01/01/2000,CAK,OH,AGL,CE,Towers with Radar,10,43,22,0,75,1,4,54,0,59,11,47,76,0,134,38,0,38,172
01/02/2000,CAK,OH,AGL,CE,Towers with Radar,14,49,47,0,110,2,5,26,0,33,16,54,73,0,143,34,0,34,177
01/03/2000,CAK,OH,AGL,CE,Towers with Radar,13,58,46,0,117,0,3,1,0,4,13,61,47,0,121,12,0,12,133
01/04/2000,CAK,OH,AGL,CE,Towers with Radar,16,56,33,1,106,4,20,0,0,24,20,76,33,1,130,2,0,2,132
01/05/2000,CAK,OH,AGL,CE,Towers with Radar,15,70,71,1,157,0,3,61,5,69,15,73,132,6,226,88,16,104,330
01/06/2000,CAK,OH,AGL,CE,Towers with Radar,19,65,68,1,153,0,4,70,4,78,19,69,138,5,231,46,0,46,277
01/07/2000,CAK,OH,AGL,CE,Towers with Radar,17,66,83,3,169,0,9,43,2,54,17,75,126,5,223,26,0,26,249
01/08/2000,CAK,OH,AGL,CE,Towers with Radar,15,62,62,2,141,0,34,138,1,173,15,96,200,3,314,170,0,170,484
01/09/2000,CAK,OH,AGL,CE,Towers with Radar,15,49,58,2,124,0,0,53,0,53,15,49,111,2,177,70,0,70,247
01/10/2000,CAK,OH,AGL,CE,Towers with Radar,16,58,57,2,133,1,4,8,0,13,17,62,65,2,146,10,0,10,156
01/11/2000,CAK,OH,AGL,CE,Towers with Radar,22,78,66,1,167,0,21,6,2,29,22,99,72,3,196,20,0,20,216
01/12/2000,CAK,OH,AGL,CE,Towers with Radar,16,75,81,2,174,0,0,153,0,153,16,75,234,2,327,138,0,138,465
01/13/2000,CAK,OH,AGL,CE,Towers with Radar,16,51,60,1,128,0,0,23,1,24,16,51,83,2,152,0,18,18,170
01/14/2000,CAK,OH,AGL,CE,Towers with Radar,16,64,71,1,152,0,0,25,3,28,16,64,96,4,180,8,56,64,244
01/15/2000,CAK,OH,AGL,CE,Towers with Radar,11,42,42,0,95,8,16,58,14,96,19,58,100,14,191,64,6,70,261
01/16/2000,CAK,OH,AGL,CE,Towers with Radar,11,38,26,0,75,4,31,0,0,35,15,69,26,0,110,20,0,20,130
01/17/2000,CAK,OH,AGL,CE,Towers with Radar,19,58,66,0,143,0,2,72,0,74,19,60,138,0,217,98,0,98,315
01/18/2000,CAK,OH,AGL,CE,Towers with Radar,20,68,65,2,155,0,8,21,20,49,20,76,86,22,204,50,50,100,304
01/19/2000,CAK,OH,AGL,CE,Towers with Radar,15,61,76,1,153,0,2,61,2,65,15,63,137,3,218,58,0,58,276
01/20/2000,CAK,OH,AGL,CE,Towers with Radar,16,58,43,1,118,3,4,0,7,14,19,62,43,8,132,0,22,22,154
01/21/2000,CAK,OH,AGL,CE,Towers with Radar,18,64,64,1,147,3,6,13,3,25,21,70,77,4,172,18,18,36,208
01/22/2000,CAK,OH,AGL,CE,Towers with Radar,14,49,49,0,112,1,45,28,15,89,15,94,77,15,201,60,12,72,273
01/23/2000,CAK,OH,AGL,CE,Towers with Radar,14,51,32,4,101,0,1,4,0,5,14,52,36,4,106,4,10,14,120
01/24/2000,CAK,OH,AGL,CE,Towers with Radar,13,56,57,0,126,0,0,83,0,83,13,56,140,0,209,96,0,96,305
01/25/2000,CAK,OH,AGL,CE,Towers with Radar,22,53,95,0,170,0,4,35,3,42,22,57,130,3,212,32,16,48,260
01/26/2000,CAK,OH,AGL,CE,Towers with Radar,17,60,65,1,143,0,0,38,1,39,17,60,103,2,182,0,0,0,182
01/27/2000,CAK,OH,AGL,CE,Towers with Radar,21,63,77,1,162,0,0,18,5,23,21,63,95,6,185,68,12,80,265
01/28/2000,CAK,OH,AGL,CE,Towers with Radar,19,68,66,1,154,0,3,79,24,106,19,71,145,25,260,66,38,104,364
01/29/2000,CAK,OH,AGL,CE,Towers with Radar,14,50,52,0,116,0,0,108,0,108,14,50,160,0,224,114,0,114,338
01/30/2000,CAK,OH,AGL,CE,Towers with Radar,14,47,8,0,69,0,0,1,0,1,14,47,9,0,70,0,0,0,70
01/31/2000,CAK,OH,AGL,CE,Towers with Radar,12,54,52,1,119,0,7,4,2,13,12,61,56,3,132,0,0,0,132
02/01/2000,CAK,OH,AGL,CE,Towers with Radar,13,52,59,1,125,5,21,0,0,26,18,73,59,1,151,14,0,14,165
02/02/2000,CAK,OH,AGL,CE,Towers with Radar,16,59,71,3,149,4,0,76,6,86,20,59,147,9,235,104,2,106,341
02/03/2000,CAK,OH,AGL,CE,Towers with Radar,13,47,48,2,110,2,20,0,2,24,15,67,48,4,134,16,18,34,168
02/04/2000,CAK,OH,AGL,CE,Towers with Radar,15,53,50,0,118,0,0,1,0,1,15,53,51,0,119,2,0,2,121
02/05/2000,CAK,OH,AGL,CE,Towers with Radar,9,35,40,1,85,6,21,45,15,87,15,56,85,16,172,8,0,8,180
02/06/2000,CAK,OH,AGL,CE,Towers with Radar,13,45,51,0,109,5,11,70,0,86,18,56,121,0,195,58,0,58,253
02/07/2000,CAK,OH,AGL,CE,Towers with Radar,19,60,78,0,157,0,0,48,0,48,19,60,126,0,205,56,0,56,261
02/08/2000,CAK,OH,AGL,CE,Towers with Radar,15,69,84,3,171,0,0,96,1,97,15,69,180,4,268,100,22,122,390
02/09/2000,CAK,OH,AGL,CE,Towers with Radar,14,65,83,3,165,0,0,60,15,75,14,65,143,18,240,58,26,84,324
02/10/2000,CAK,OH,AGL,CE,Towers with Radar,14,59,80,2,155,0,0,66,13,79,14,59,146,15,234,126,0,126,360
02/11/2000,CAK,OH,AGL,CE,Towers with Radar,15,55,63,2,135,2,11,11,5,29,17,66,74,7,164,20,0,20,184
02/12/2000,CAK,OH,AGL,CE,Towers with Radar,14,50,48,1,113,0,4,105,14,123,14,54,153,15,236,68,20,88,324
02/13/2000,CAK,OH,AGL,CE,Towers with Radar,14,39,24,0,77,0,0,2,2,4,14,39,26,2,81,2,0,2,83
02/14/2000,CAK,OH,AGL,CE,Towers with Radar,9,35,37,1,82,8,2,0,2,12,17,37,37,3,94,0,0,0,94
02/15/2000,CAK,OH,AGL,CE,Towers with Radar,16,63,87,3,169,0,0,92,10,102,16,63,179,13,271,96,34,130,401
02/16/2000,CAK,OH,AGL,CE,Towers with Radar,15,65,75,2,157,0,2,26,9,37,15,67,101,11,194,0,4,4,198
02/17/2000,CAK,OH,AGL,CE,Towers with Radar,15,71,99,4,189,0,0,140,13,153,15,71,239,17,342,84,6,90,432
02/18/2000,CAK,OH,AGL,CE,Towers with Radar,9,34,30,1,74,7,11,0,1,19,16,45,30,2,93,4,10,14,107
02/19/2000,CAK,OH,AGL,CE,Towers with Radar,10,38,30,0,78,0,30,0,0,30,10,68,30,0,108,4,0,4,112
02/20/2000,CAK,OH,AGL,CE,Towers with Radar,11,42,48,0,101,8,8,0,0,16,19,50,48,0,117,6,0,6,123
02/21/2000,CAK,OH,AGL,CE,Towers with Radar,18,62,80,0,160,0,0,133,0,133,18,62,213,0,293,104,0,104,397
02/22/2000,CAK,OH,AGL,CE,Towers with Radar,17,57,93,10,177,0,2,71,12,85,17,59,164,22,262,64,22,86,348
02/23/2000,CAK,OH,AGL,CE,Towers with Radar,14,71,82,3,170,0,7,101,19,127,14,78,183,22,297,156,10,166,463
02/24/2000,CAK,OH,AGL,CE,Towers with Radar,20,69,100,10,199,0,4,55,1,60,20,73,155,11,259,74,6,80,339
02/25/2000,CAK,OH,AGL,CE,Towers with Radar,16,64,102,3,185,0,0,109,5,114,16,64,211,8,299,160,12,172,471
02/26/2000,CAK,OH,AGL,CE,Towers with Radar,12,45,51,1,109,6,6,116,19,147,18,51,167,20,256,118,50,168,424
02/27/2000,CAK,OH,AGL,CE,Towers with Radar,11,40,35,1,87,4,13,0,34,51,15,53,35,35,138,4,38,42,180
02/28/2000,CAK,OH,AGL,CE,Towers with Radar,14,57,66,2,139,0,2,84,8,94,14,59,150,10,233,100,26,126,359
02/29/2000,CAK,OH,AGL,CE,Towers with Radar,15,69,82,3,169,0,0,135,11,146,15,69,217,14,315,104,38,142,457
03/01/2000,CAK,OH,AGL,CE,Towers with Radar,15,83,92,1,191,0,0,39,6,45,15,83,131,7,236,100,10,110,346
03/02/2000,CAK,OH,AGL,CE,Towers with Radar,16,72,83,1,172,0,0,51,17,68,16,72,134,18,240,84,10,94,334
03/03/2000,CAK,OH,AGL,CE,Towers with Radar,13,69,75,1,158,0,3,144,16,163,13,72,219,17,321,158,116,274,595
03/04/2000,CAK,OH,AGL,CE,Towers with Radar,16,53,67,0,136,0,5,204,2,211,16,58,271,2,347,216,0,216,563
03/05/2000,CAK,OH,AGL,CE,Towers with Radar,14,58,61,1,134,2,3,195,1,201,16,61,256,2,335,188,0,188,523
03/06/2000,CAK,OH,AGL,CE,Towers with Radar,15,64,81,1,161,0,1,141,0,142,15,65,222,1,303,126,0,126,429
03/07/2000,CAK,OH,AGL,CE,Towers with Radar,18,62,64,1,145,0,6,100,3,109,18,68,164,4,254,74,4,78,332
03/08/2000,CAK,OH,AGL,CE,Towers with Radar,14,75,81,1,171,0,0,103,10,113,14,75,184,11,284,82,12,94,378
03/09/2000,CAK,OH,AGL,CE,Towers with Radar,15,66,73,2,156,3,20,8,4,35,18,86,81,6,191,12,0,12,203
03/10/2000,CAK,OH,AGL,CE,Towers with Radar,15,64,75,2,156,0,0,3,31,34,15,64,78,33,190,22,8,30,220
03/11/2000,CAK,OH,AGL,CE,Towers with Radar,8,31,28,1,68,3,29,0,21,53,11,60,28,22,121,8,30,38,159
03/12/2000,CAK,OH,AGL,CE,Towers with Radar,9,42,46,1,98,6,18,31,42,97,15,60,77,43,195,22,30,52,247
03/13/2000,CAK,OH,AGL,CE,Towers with Radar,14,57,85,1,157,1,4,101,16,122,15,61,186,17,279,120,2,122,401
03/14/2000,CAK,OH,AGL,CE,Towers with Radar,13,71,84,2,170,0,3,64,27,94,13,74,148,29,264,96,14,110,374
03/15/2000,CAK,OH,AGL,CE,Towers with Radar,13,71,78,2,164,0,5,56,11,72,13,76,134,13,236,28,0,28,264
03/16/2000,CAK,OH,AGL,CE,Towers with Radar,15,70,62,2,149,0,8,0,4,12,15,78,62,6,161,0,6,6,167
03/17/2000,CAK,OH,AGL,CE,Towers with Radar,15,68,79,1,163,0,0,37,13,50,15,68,116,14,213,14,4,18,231
03/18/2000,CAK,OH,AGL,CE,Towers with Radar,17,58,70,1,146,0,2,158,20,180,17,60,228,21,326,78,0,78,404
03/19/2000,CAK,OH,AGL,CE,Towers with Radar,16,59,37,1,113,0,3,20,0,23,16,62,57,1,136,90,0,90,226
03/20/2000,CAK,OH,AGL,CE,Towers with Radar,14,57,49,0,120,6,7,0,0,13,20,64,49,0,133,14,0,14,147
03/21/2000,CAK,OH,AGL,CE,Towers with Radar,17,71,95,2,185,0,0,37,6,43,17,71,132,8,228,60,8,68,296
03/22/2000,CAK,OH,AGL,CE,Towers with Radar,17,74,129,1,221,0,6,106,18,130,17,80,235,19,351,78,52,130,481
03/23/2000,CAK,OH,AGL,CE,Towers with Radar,19,74,82,4,179,0,2,139,18,159,19,76,221,22,338,118,48,166,504
03/24/2000,CAK,OH,AGL,CE,Towers with Radar,16,65,95,6,182,0,7,124,16,147,16,72,219,22,329,122,46,168,497
03/25/2000,CAK,OH,AGL,CE,Towers with Radar,12,54,35,1,102,1,7,54,6,68,13,61,89,7,170,40,2,42,212
03/26/2000,CAK,OH,AGL,CE,Towers with Radar,12,52,57,1,122,1,2,117,4,124,13,54,174,5,246,64,4,68,314
03/27/2000,CAK,OH,AGL,CE,Towers with Radar,15,57,70,1,143,4,0,24,3,31,19,57,94,4,174,42,0,42,216
03/28/2000,CAK,OH,AGL,CE,Towers with Radar,15,64,71,1,151,3,1,31,13,48,18,65,102,14,199,50,64,114,313
03/29/2000,CAK,OH,AGL,CE,Towers with Radar,16,64,71,1,152,2,4,38,8,52,18,68,109,9,204,20,0,20,224
03/30/2000,CAK,OH,AGL,CE,Towers with Radar,14,78,96,1,189,0,0,85,18,103,14,78,181,19,292,134,22,156,448
03/31/2000,CAK,OH,AGL,CE,Towers with Radar,19,66,80,0,165,0,4,130,21,155,19,70,210,21,320,128,24,152,472
04/01/2000,CAK,OH,AGL,CE,Towers with Radar,13,62,86,0,161,2,2,170,8,182,15,64,256,8,343,144,44,188,531
04/02/2000,CAK,OH,AGL,CE,Towers with Radar,13,56,44,0,113,2,1,0,0,3,15,57,44,0,116,12,0,12,128
04/03/2000,CAK,OH,AGL,CE,Towers with Radar,14,62,64,0,140,6,0,0,0,6,20,62,64,0,146,10,0,10,156
04/04/2000,CAK,OH,AGL,CE,Towers with Radar,13,57,67,1,138,8,10,8,6,32,21,67,75,7,170,26,2,28,198
04/05/2000,CAK,OH,AGL,CE,Towers with Radar,14,64,75,1,154,5,10,84,2,101,19,74,159,3,255,46,0,46,301
04/06/2000,CAK,OH,AGL,CE,Towers with Radar,14,68,80,1,163,0,5,63,0,68,14,73,143,1,231,48,0,48,279
04/07/2000,CAK,OH,AGL,CE,Towers with Radar,15,72,85,1,173,0,20,84,11,115,15,92,169,12,288,104,12,116,404
04/08/2000,CAK,OH,AGL,CE,Towers with Radar,12,53,14,0,79,1,0,0,0,1,13,53,14,0,80,0,0,0,80
04/09/2000,CAK,OH,AGL,CE,Towers with Radar,10,44,51,0,105,1,8,42,0,51,11,52,93,0,156,16,0,16,172
04/10/2000,CAK,OH,AGL,CE,Towers with Radar,14,61,79,1,155,0,11,76,7,94,14,72,155,8,249,96,0,96,345
04/11/2000,CAK,OH,AGL,CE,Towers with Radar,13,59,69,1,142,3,11,18,23,55,16,70,87,24,197,46,24,70,267
04/12/2000,CAK,OH,AGL,CE,Towers with Radar,15,70,95,2,182,0,0,107,13,120,15,70,202,15,302,124,40,164,466
04/13/2000,CAK,OH,AGL,CE,Towers with Radar,17,68,96,18,199,0,10,129,25,164,17,78,225,43,363,150,40,190,553
04/14/2000,CAK,OH,AGL,CE,Towers with Radar,17,74,98,0,189,0,8,132,11,151,17,82,230,11,340,128,2,130,470
04/15/2000,CAK,OH,AGL,CE,Towers with Radar,15,62,74,1,152,0,10,120,9,139,15,72,194,10,291,138,0,138,429
04/16/2000,CAK,OH,AGL,CE,Towers with Radar,14,63,83,1,161,0,0,166,1,167,14,63,249,2,328,156,0,156,484
04/17/2000,CAK,OH,AGL,CE,Towers with Radar,13,54,81,0,148,0,3,0,0,3,13,57,81,0,151,16,0,16,167
04/18/2000,CAK,OH,AGL,CE,Towers with Radar,17,71,113,1,202,0,0,65,0,65,17,71,178,1,267,40,12,52,319
04/19/2000,CAK,OH,AGL,CE,Towers with Radar,13,74,127,4,218,0,0,105,8,113,13,74,232,12,331,130,22,152,483
04/20/2000,CAK,OH,AGL,CE,Towers with Radar,12,56,58,14,140,0,5,13,4,22,12,61,71,18,162,36,6,42,204
04/21/2000,CAK,OH,AGL,CE,Towers with Radar,14,61,72,2,149,0,2,25,7,34,14,63,97,9,183,84,10,94,277
04/22/2000,CAK,OH,AGL,CE,Towers with Radar,10,47,54,0,111,0,12,0,0,12,10,59,54,0,123,14,0,14,137
04/23/2000,CAK,OH,AGL,CE,Towers with Radar,9,37,44,0,90,5,28,17,0,50,14,65,61,0,140,8,0,8,148
04/24/2000,CAK,OH,AGL,CE,Towers with Radar,16,72,94,3,185,0,0,131,8,139,16,72,225,11,324,46,0,46,370
04/25/2000,CAK,OH,AGL,CE,Towers with Radar,16,70,82,2,170,0,3,126,9,138,16,73,208,11,308,126,36,162,470
04/26/2000,CAK,OH,AGL,CE,Towers with Radar,13,56,70,2,141,1,0,89,17,107,14,56,159,19,248,76,8,84,332
04/27/2000,CAK,OH,AGL,CE,Towers with Radar,15,63,86,8,172,0,10,108,9,127,15,73,194,17,299,162,58,220,519
04/28/2000,CAK,OH,AGL,CE,Towers with Radar,15,67,78,2,162,0,1,171,4,176,15,68,249,6,338,178,0,178,516
04/29/2000,CAK,OH,AGL,CE,Towers with Radar,12,52,61,0,125,2,26,63,0,91,14,78,124,0,216,94,0,94,310
04/30/2000,CAK,OH,AGL,CE,Towers with Radar,13,56,65,0,134,3,4,179,0,186,16,60,244,0,320,234,22,256,576
05/01/2000,CAK,OH,AGL,CE,Towers with Radar,10,51,66,2,129,4,16,9,0,29,14,67,75,2,158,44,0,44,202
05/02/2000,CAK,OH,AGL,CE,Towers with Radar,14,80,101,0,195,0,4,121,0,125,14,84,222,0,320,92,0,92,412
05/03/2000,CAK,OH,AGL,CE,Towers with Radar,14,79,100,3,196,0,12,189,0,201,14,91,289,3,397,128,8,136,533
05/04/2000,CAK,OH,AGL,CE,Towers with Radar,15,78,100,3,196,0,2,79,5,86,15,80,179,8,282,94,6,100,382
05/05/2000,CAK,OH,AGL,CE,Towers with Radar,14,73,94,2,183,0,0,85,35,120,14,73,179,37,303,120,38,158,461
05/06/2000,CAK,OH,AGL,CE,Towers with Radar,10,55,70,2,137,2,17,92,13,124,12,72,162,15,261,110,2,112,373
05/07/2000,CAK,OH,AGL,CE,Towers with Radar,10,51,65,2,128,4,3,41,21,69,14,54,106,23,197,98,2,100,297
05/08/2000,CAK,OH,AGL,CE,Towers with Radar,11,58,74,1,144,5,3,43,4,55,16,61,117,5,199,98,4,102,301
05/09/2000,CAK,OH,AGL,CE,Towers with Radar,15,69,72,4,160,1,4,45,3,53,16,73,117,7,213,62,0,62,275
05/10/2000,CAK,OH,AGL,CE,Towers with Radar,14,67,86,1,168,1,0,43,12,56,15,67,129,13,224,38,28,66,290
05/11/2000,CAK,OH,AGL,CE,Towers with Radar,14,67,95,2,178,0,0,124,3,127,14,67,219,5,305,108,8,116,421
05/12/2000,CAK,OH,AGL,CE,Towers with Radar,14,70,76,3,163,0,5,45,10,60,14,75,121,13,223,38,2,40,263
05/13/2000,CAK,OH,AGL,CE,Towers with Radar,9,40,52,1,102,4,23,36,6,69,13,63,88,7,171,32,16,48,219
05/14/2000,CAK,OH,AGL,CE,Towers with Radar,11,50,65,1,127,4,7,33,3,47,15,57,98,4,174,42,4,46,220
05/15/2000,CAK,OH,AGL,CE,Towers with Radar,16,74,95,1,186,0,8,109,5,122,16,82,204,6,308,82,14,96,404
05/16/2000,CAK,OH,AGL,CE,Towers with Radar,12,58,75,0,145,1,14,137,0,152,13,72,212,0,297,144,0,144,441
05/17/2000,CAK,OH,AGL,CE,Towers with Radar,14,68,88,1,171,2,9,69,2,82,16,77,157,3,253,86,0,86,339
05/18/2000,CAK,OH,AGL,CE,Towers with Radar,19,58,77,0,154,0,2,28,5,35,19,60,105,5,189,10,0,10,199
05/19/2000,CAK,OH,AGL,CE,Towers with Radar,15,76,97,2,190,0,8,26,15,49,15,84,123,17,239,76,40,116,355
05/20/2000,CAK,OH,AGL,CE,Towers with Radar,13,74,103,2,192,0,0,21,9,30,13,74,124,11,222,82,16,98,320
05/21/2000,CAK,OH,AGL,CE,Towers with Radar,14,70,99,2,185,0,0,132,10,142,14,70,231,12,327,114,96,210,537
05/22/2000,CAK,OH,AGL,CE,Towers with Radar,16,76,98,2,192,1,1,150,12,164,17,77,248,14,356,96,48,144,500
05/23/2000,CAK,OH,AGL,CE,Towers with Radar,17,64,83,2,166,0,2,0,0,2,17,66,83,2,168,10,0,10,178
05/24/2000,CAK,OH,AGL,CE,Towers with Radar,17,72,101,2,192,0,0,114,7,121,17,72,215,9,313,146,38,184,497
05/25/2000,CAK,OH,AGL,CE,Towers with Radar,12,68,108,2,190,0,0,126,15,141,12,68,234,17,331,50,2,52,383
05/26/2000,CAK,OH,AGL,CE,Towers with Radar,18,85,110,1,214,0,0,205,0,205,18,85,315,1,419,126,0,126,545
05/27/2000,CAK,OH,AGL,CE,Towers with Radar,13,58,75,0,146,0,6,36,0,42,13,64,111,0,188,114,0,114,302
05/28/2000,CAK,OH,AGL,CE,Towers with Radar,16,53,41,0,110,0,2,2,0,4,16,55,43,0,114,12,0,12,126
05/29/2000,CAK,OH,AGL,CE,Towers with Radar,16,60,80,1,157,0,3,49,0,52,16,63,129,1,209,60,0,60,269
05/30/2000,CAK,OH,AGL,CE,Towers with Radar,14,73,96,1,184,0,5,126,2,133,14,78,222,3,317,176,2,178,495
05/31/2000,CAK,OH,AGL,CE,Towers with Radar,15,80,107,3,205,0,0,117,12,129,15,80,224,15,334,102,10,112,446
06/01/2000,CAK,OH,AGL,CE,Towers with Radar,15,73,97,1,186,0,2,74,8,84,15,75,171,9,270,144,56,200,470
06/02/2000,CAK,OH,AGL,CE,Towers with Radar,16,68,68,3,155,4,12,25,4,45,20,80,93,7,200,30,10,40,240
06/03/2000,CAK,OH,AGL,CE,Towers with Radar,14,70,66,1,151,0,1,147,0,148,14,71,213,1,299,108,0,108,407
06/04/2000,CAK,OH,AGL,CE,Towers with Radar,23,65,58,1,147,0,3,97,0,100,23,68,155,1,247,74,0,74,321
06/05/2000,CAK,OH,AGL,CE,Towers with Radar,13,62,61,1,137,0,19,7,3,29,13,81,68,4,166,54,24,78,244
06/06/2000,CAK,OH,AGL,CE,Towers with Radar,13,74,76,3,166,0,0,66,10,76,13,74,142,13,242,60,22,82,324
06/07/2000,CAK,OH,AGL,CE,Towers with Radar,13,77,106,3,199,0,3,148,17,168,13,80,254,20,367,166,32,198,565
06/08/2000,CAK,OH,AGL,CE,Towers with Radar,16,78,85,2,181,0,0,105,18,123,16,78,190,20,304,88,32,120,424
06/09/2000,CAK,OH,AGL,CE,Towers with Radar,13,79,79,2,173,0,8,142,5,155,13,87,221,7,328,88,0,88,416
06/10/2000,CAK,OH,AGL,CE,Towers with Radar,10,71,52,0,133,0,2,132,0,134,10,73,184,0,267,120,0,120,387
06/11/2000,CAK,OH,AGL,CE,Towers with Radar,14,65,65,2,146,0,4,55,8,67,14,69,120,10,213,40,0,40,253
06/12/2000,CAK,OH,AGL,CE,Towers with Radar,14,69,68,0,151,11,8,6,0,25,25,77,74,0,176,0,0,0,176
06/13/2000,CAK,OH,AGL,CE,Towers with Radar,15,77,56,3,151,0,0,64,0,64,15,77,120,3,215,104,10,114,329
06/14/2000,CAK,OH,AGL,CE,Towers with Radar,13,68,67,0,148,3,1,56,0,60,16,69,123,0,208,102,0,102,310
06/15/2000,CAK,OH,AGL,CE,Towers with Radar,16,78,77,0,171,6,4,60,0,70,22,82,137,0,241,86,0,86,327
06/16/2000,CAK,OH,AGL,CE,Towers with Radar,15,70,66,2,153,0,0,60,0,60,15,70,126,2,213,62,0,62,275
06/17/2000,CAK,OH,AGL,CE,Towers with Radar,11,63,62,2,138,0,9,43,1,53,11,72,105,3,191,82,0,82,273
06/18/2000,CAK,OH,AGL,CE,Towers with Radar,14,64,37,1,116,0,0,22,0,22,14,64,59,1,138,10,0,10,148
06/19/2000,CAK,OH,AGL,CE,Towers with Radar,14,79,78,2,173,0,2,169,17,188,14,81,247,19,361,128,34,162,523
06/20/2000,CAK,OH,AGL,CE,Towers with Radar,15,68,94,0,177,0,7,63,4,74,15,75,157,4,251,88,0,88,339
06/21/2000,CAK,OH,AGL,CE,Towers with Radar,17,78,77,2,174,6,3,17,8,34,23,81,94,10,208,4,90,94,302
06/22/2000,CAK,OH,AGL,CE,Towers with Radar,14,84,86,2,186,0,0,85,14,99,14,84,171,16,285,92,28,120,405
06/23/2000,CAK,OH,AGL,CE,Towers with Radar,16,85,72,8,181,0,4,168,13,185,16,89,240,21,366,118,44,162,528
06/24/2000,CAK,OH,AGL,CE,Towers with Radar,13,61,60,1,135,1,12,226,1,240,14,73,286,2,375,286,0,286,661
06/25/2000,CAK,OH,AGL,CE,Towers with Radar,15,64,71,2,152,0,0,164,0,164,15,64,235,2,316,250,0,250,566
06/26/2000,CAK,OH,AGL,CE,Towers with Radar,19,75,85,5,184,0,0,97,0,97,19,75,182,5,281,80,0,80,361
06/27/2000,CAK,OH,AGL,CE,Towers with Radar,14,85,150,5,254,0,1,134,1,136,14,86,284,6,390,122,4,126,516
06/28/2000,CAK,OH,AGL,CE,Towers with Radar,14,93,97,4,208,0,0,137,3,140,14,93,234,7,348,162,2,164,512
06/29/2000,CAK,OH,AGL,CE,Towers with Radar,18,77,91,7,193,0,1,65,7,73,18,78,156,14,266,110,12,122,388
06/30/2000,CAK,OH,AGL,CE,Towers with Radar,18,84,85,3,190,0,6,146,10,162,18,90,231,13,352,52,28,80,432
07/01/2000,CAK,OH,AGL,CE,Towers with Radar,12,85,46,0,143,1,16,131,0,148,13,101,177,0,291,90,2,92,383
07/02/2000,CAK,OH,AGL,CE,Towers with Radar,8,45,50,2,105,5,7,80,2,94,13,52,130,4,199,74,0,74,273
07/03/2000,CAK,OH,AGL,CE,Towers with Radar,13,61,33,0,107,1,6,2,0,9,14,67,35,0,116,6,0,6,122
07/04/2000,CAK,OH,AGL,CE,Towers with Radar,13,55,24,1,93,0,3,28,0,31,13,58,52,1,124,78,0,78,202
07/05/2000,CAK,OH,AGL,CE,Towers with Radar,13,61,67,2,143,1,17,99,14,131,14,78,166,16,274,34,32,66,340
07/06/2000,CAK,OH,AGL,CE,Towers with Radar,14,73,85,3,175,0,0,121,21,142,14,73,206,24,317,80,10,90,407
07/07/2000,CAK,OH,AGL,CE,Towers with Radar,16,82,89,3,190,2,17,159,19,197,18,99,248,22,387,140,38,178,565
07/08/2000,CAK,OH,AGL,CE,Towers with Radar,11,62,45,1,119,0,6,180,1,187,11,68,225,2,306,192,12,204,510
07/09/2000,CAK,OH,AGL,CE,Towers with Radar,12,59,64,0,135,2,6,80,0,88,14,65,144,0,223,66,0,66,289
07/10/2000,CAK,OH,AGL,CE,Towers with Radar,14,71,72,1,158,0,22,0,0,22,14,93,72,1,180,40,0,40,220
07/11/2000,CAK,OH,AGL,CE,Towers with Radar,17,80,94,2,193,0,0,64,5,69,17,80,158,7,262,44,14,58,320
07/12/2000,CAK,OH,AGL,CE,Towers with Radar,13,81,87,2,183,0,3,144,2,149,13,84,231,4,332,72,8,80,412
07/13/2000,CAK,OH,AGL,CE,Towers with Radar,16,79,87,2,184,2,0,112,11,125,18,79,199,13,309,66,20,86,395
07/14/2000,CAK,OH,AGL,CE,Towers with Radar,11,58,63,1,133,0,0,34,18,52,11,58,97,19,185,38,36,74,259
07/15/2000,CAK,OH,AGL,CE,Towers with Radar,10,53,58,1,122,2,24,19,2,47,12,77,77,3,169,48,0,48,217
07/16/2000,CAK,OH,AGL,CE,Towers with Radar,13,56,84,0,153,0,5,65,0,70,13,61,149,0,223,120,0,120,343
07/17/2000,CAK,OH,AGL,CE,Towers with Radar,13,61,67,1,142,0,11,105,11,127,13,72,172,12,269,72,42,114,383
07/18/2000,CAK,OH,AGL,CE,Towers with Radar,15,79,85,2,181,1,5,133,7,146,16,84,218,9,327,80,34,114,441
07/19/2000,CAK,OH,AGL,CE,Towers with Radar,13,87,94,2,196,0,3,50,15,68,13,90,144,17,264,78,20,98,362
07/20/2000,CAK,OH,AGL,CE,Towers with Radar,13,81,96,2,192,0,0,114,7,121,13,81,210,9,313,56,22,78,391
07/21/2000,CAK,OH,AGL,CE,Towers with Radar,16,74,68,6,164,0,7,92,11,110,16,81,160,17,274,82,20,102,376
07/22/2000,CAK,OH,AGL,CE,Towers with Radar,12,71,82,2,167,0,24,140,2,166,12,95,222,4,333,155,0,155,488
07/23/2000,CAK,OH,AGL,CE,Towers with Radar,10,65,70,0,145,0,0,109,0,109,10,65,179,0,254,178,0,178,432
07/24/2000,CAK,OH,AGL,CE,Towers with Radar,15,74,79,1,169,2,2,135,2,141,17,76,214,3,310,120,0,120,430
07/25/2000,CAK,OH,AGL,CE,Towers with Radar,13,77,94,2,186,0,0,161,14,175,13,77,255,16,361,89,4,93,454
07/26/2000,CAK,OH,AGL,CE,Towers with Radar,17,84,95,2,198,2,0,92,4,98,19,84,187,6,296,86,0,86,382
07/27/2000,CAK,OH,AGL,CE,Towers with Radar,14,79,92,2,187,0,0,80,7,87,14,79,172,9,274,42,0,42,316
07/28/2000,CAK,OH,AGL,CE,Towers with Radar,18,86,96,2,202,8,0,58,4,70,26,86,154,6,272,76,0,76,348
07/29/2000,CAK,OH,AGL,CE,Towers with Radar,15,70,75,2,162,1,7,19,2,29,16,77,94,4,191,120,12,132,323
07/30/2000,CAK,OH,AGL,CE,Towers with Radar,15,67,80,2,164,3,0,89,0,92,18,67,169,2,256,72,4,76,332
07/31/2000,CAK,OH,AGL,CE,Towers with Radar,11,88,94,3,196,0,5,105,17,127,11,93,199,20,323,124,34,158,481
08/01/2000,CAK,OH,AGL,CE,Towers with Radar,17,83,98,3,201,0,8,79,11,98,17,91,177,14,299,44,46,90,389
08/02/2000,CAK,OH,AGL,CE,Towers with Radar,14,74,87,2,177,0,4,87,0,91,14,78,174,2,268,36,12,48,316
08/03/2000,CAK,OH,AGL,CE,Towers with Radar,16,82,118,4,220,0,0,93,8,101,16,82,211,12,321,138,8,146,467
08/04/2000,CAK,OH,AGL,CE,Towers with Radar,17,88,103,3,211,0,0,136,5,141,17,88,239,8,352,122,0,122,474
08/05/2000,CAK,OH,AGL,CE,Towers with Radar,19,76,68,1,164,0,5,137,9,151,19,81,205,10,315,82,2,84,399
08/06/2000,CAK,OH,AGL,CE,Towers with Radar,16,59,33,0,108,0,1,13,0,14,16,60,46,0,122,2,0,2,124
08/07/2000,CAK,OH,AGL,CE,Towers with Radar,16,72,94,1,183,4,0,68,0,72,20,72,162,1,255,88,0,88,343
08/08/2000,CAK,OH,AGL,CE,Towers with Radar,14,78,83,3,178,0,1,44,0,45,14,79,127,3,223,50,10,60,283
08/09/2000,CAK,OH,AGL,CE,Towers with Radar,15,75,90,3,183,0,0,35,7,42,15,75,125,10,225,32,26,58,283
08/10/2000,CAK,OH,AGL,CE,Towers with Radar,16,94,108,3,221,0,5,92,10,107,16,99,200,13,328,34,4,38,366
08/11/2000,CAK,OH,AGL,CE,Towers with Radar,14,97,114,3,228,0,0,132,14,146,14,97,246,17,374,108,44,152,526
08/12/2000,CAK,OH,AGL,CE,Towers with Radar,12,68,79,2,161,4,3,120,14,141,16,71,199,16,302,118,14,132,434
08/13/2000,CAK,OH,AGL,CE,Towers with Radar,16,66,96,2,180,4,0,111,0,115,20,66,207,2,295,140,0,140,435
08/14/2000,CAK,OH,AGL,CE,Towers with Radar,15,79,92,2,188,6,0,136,21,163,21,79,228,23,351,82,66,148,499
08/15/2000,CAK,OH,AGL,CE,Towers with Radar,18,83,109,3,213,4,0,144,13,161,22,83,253,16,374,154,24,178,552
08/16/2000,CAK,OH,AGL,CE,Towers with Radar,14,71,84,2,171,2,11,120,10,143,16,82,204,12,314,90,20,110,424
08/17/2000,CAK,OH,AGL,CE,Towers with Radar,16,78,92,2,188,7,20,36,30,93,23,98,128,32,281,58,50,108,389
08/18/2000,CAK,OH,AGL,CE,Towers with Radar,12,86,101,2,201,0,4,34,1,39,12,90,135,3,240,20,8,28,268
08/19/2000,CAK,OH,AGL,CE,Towers with Radar,13,66,78,2,159,0,59,109,4,172,13,125,187,6,331,108,0,108,439
08/20/2000,CAK,OH,AGL,CE,Towers with Radar,13,61,72,1,147,1,3,124,3,131,14,64,196,4,278,94,0,94,372
08/21/2000,CAK,OH,AGL,CE,Towers with Radar,14,77,90,2,183,0,14,136,8,158,14,91,226,10,341,134,12,146,487
08/22/2000,CAK,OH,AGL,CE,Towers with Radar,13,81,101,2,197,0,0,129,10,139,13,81,230,12,336,76,10,86,422
08/23/2000,CAK,OH,AGL,CE,Towers with Radar,15,101,82,0,198,0,2,27,4,33,15,103,109,4,231,48,12,60,291
08/24/2000,CAK,OH,AGL,CE,Towers with Radar,12,83,109,3,207,0,0,76,17,93,12,83,185,20,300,80,14,94,394
08/25/2000,CAK,OH,AGL,CE,Towers with Radar,14,80,94,2,190,0,12,178,35,225,14,92,272,37,415,44,38,82,497
08/26/2000,CAK,OH,AGL,CE,Towers with Radar,11,54,64,1,130,5,24,121,0,150,16,78,185,1,280,116,18,134,414
08/27/2000,CAK,OH,AGL,CE,Towers with Radar,14,69,82,2,167,0,5,26,2,33,14,74,108,4,200,46,0,46,246
08/28/2000,CAK,OH,AGL,CE,Towers with Radar,13,76,110,7,206,0,4,72,12,88,13,80,182,19,294,68,4,72,366
08/29/2000,CAK,OH,AGL,CE,Towers with Radar,16,76,88,3,183,2,12,90,16,120,18,88,178,19,303,132,10,142,445
08/30/2000,CAK,OH,AGL,CE,Towers with Radar,14,74,85,3,176,0,14,102,19,135,14,88,187,22,311,50,20,70,381
08/31/2000,CAK,OH,AGL,CE,Towers with Radar,13,92,98,5,208,0,5,107,22,134,13,97,205,27,342,100,24,124,466
09/01/2000,CAK,OH,AGL,CE,Towers with Radar,17,87,105,1,210,0,2,105,3,110,17,89,210,4,320,152,0,152,472
09/02/2000,CAK,OH,AGL,CE,Towers with Radar,12,62,61,0,135,4,9,31,0,44,16,71,92,0,179,82,0,82,261
09/03/2000,CAK,OH,AGL,CE,Towers with Radar,11,52,52,0,115,3,3,30,0,36,14,55,82,0,151,62,0,62,213
09/04/2000,CAK,OH,AGL,CE,Towers with Radar,11,57,54,1,123,4,19,0,1,24,15,76,54,2,147,52,0,52,199
09/05/2000,CAK,OH,AGL,CE,Towers with Radar,13,64,64,1,142,1,16,106,15,138,14,80,170,16,280,78,0,78,358
09/06/2000,CAK,OH,AGL,CE,Towers with Radar,14,83,90,0,187,0,0,153,0,153,14,83,243,0,340,108,0,108,448
09/07/2000,CAK,OH,AGL,CE,Towers with Radar,15,88,87,2,192,0,4,145,10,159,15,92,232,12,351,66,18,84,435
09/08/2000,CAK,OH,AGL,CE,Towers with Radar,14,92,91,2,199,0,5,128,6,139,14,97,219,8,338,156,44,200,538
09/09/2000,CAK,OH,AGL,CE,Towers with Radar,16,80,79,1,176,1,4,64,13,82,17,84,143,14,258,40,0,40,298
09/10/2000,CAK,OH,AGL,CE,Towers with Radar,11,53,57,1,122,4,0,15,4,23,15,53,72,5,145,24,0,24,169
09/11/2000,CAK,OH,AGL,CE,Towers with Radar,16,79,77,1,173,0,1,29,1,31,16,80,106,2,204,44,0,44,248
09/12/2000,CAK,OH,AGL,CE,Towers with Radar,15,67,80,0,162,0,0,13,0,13,15,67,93,0,175,22,0,22,197
09/13/2000,CAK,OH,AGL,CE,Towers with Radar,16,86,84,2,188,1,0,152,24,177,17,86,236,26,365,114,0,114,479
09/14/2000,CAK,OH,AGL,CE,Towers with Radar,16,84,94,2,196,0,0,94,19,113,16,84,188,21,309,48,10,58,367
09/15/2000,CAK,OH,AGL,CE,Towers with Radar,15,75,72,1,163,4,8,0,5,17,19,83,72,6,180,0,0,0,180
09/16/2000,CAK,OH,AGL,CE,Towers with Radar,11,54,52,1,118,4,10,40,9,63,15,64,92,10,181,68,2,70,251
09/17/2000,CAK,OH,AGL,CE,Towers with Radar,11,57,55,0,123,6,11,112,10,139,17,68,167,10,262,66,0,66,328
09/18/2000,CAK,OH,AGL,CE,Towers with Radar,14,87,84,1,186,0,6,133,4,143,14,93,217,5,329,72,0,72,401
09/19/2000,CAK,OH,AGL,CE,Towers with Radar,14,78,75,0,167,0,6,119,10,135,14,84,194,10,302,32,0,32,334
09/20/2000,CAK,OH,AGL,CE,Towers with Radar,12,72,70,0,154,0,17,88,2,107,12,89,158,2,261,44,0,44,305
09/21/2000,CAK,OH,AGL,CE,Towers with Radar,16,83,81,0,180,1,1,60,0,62,17,84,141,0,242,28,24,52,294
09/22/2000,CAK,OH,AGL,CE,Towers with Radar,14,99,101,1,215,0,0,109,1,110,14,99,210,2,325,56,0,56,381
09/23/2000,CAK,OH,AGL,CE,Towers with Radar,10,63,34,0,107,0,4,5,4,13,10,67,39,4,120,20,4,24,144
09/24/2000,CAK,OH,AGL,CE,Towers with Radar,15,64,73,0,152,0,0,35,0,35,15,64,108,0,187,132,0,132,319
09/25/2000,CAK,OH,AGL,CE,Towers with Radar,14,79,77,0,170,0,20,74,4,98,14,99,151,4,268,68,0,68,336
09/26/2000,CAK,OH,AGL,CE,Towers with Radar,15,82,81,1,179,0,0,136,8,144,15,82,217,9,323,82,0,82,405
09/27/2000,CAK,OH,AGL,CE,Towers with Radar,16,85,84,1,186,0,5,131,11,147,16,90,215,12,333,134,22,156,489
09/28/2000,CAK,OH,AGL,CE,Towers with Radar,18,85,106,1,210,0,0,146,17,163,18,85,252,18,373,66,20,86,459
09/29/2000,CAK,OH,AGL,CE,Towers with Radar,18,88,91,1,198,3,0,156,4,163,21,88,247,5,361,50,14,64,425
09/30/2000,CAK,OH,AGL,CE,Towers with Radar,13,61,60,0,134,0,23,128,0,151,13,84,188,0,285,56,0,56,341
10/01/2000,CAK,OH,AGL,CE,Towers with Radar,13,63,68,0,144,2,0,162,0,164,15,63,230,0,308,94,0,94,402
10/02/2000,CAK,OH,AGL,CE,Towers with Radar,14,69,68,0,151,1,4,78,0,83,15,73,146,0,234,64,0,64,298
10/03/2000,CAK,OH,AGL,CE,Towers with Radar,15,84,90,1,190,1,4,146,0,151,16,88,236,1,341,92,0,92,433
10/04/2000,CAK,OH,AGL,CE,Towers with Radar,13,79,78,2,172,0,6,51,0,57,13,85,129,2,229,46,12,58,287
10/05/2000,CAK,OH,AGL,CE,Towers with Radar,16,81,86,0,183,1,0,20,0,21,17,81,106,0,204,0,0,0,204
10/06/2000,CAK,OH,AGL,CE,Towers with Radar,15,96,98,2,211,0,0,5,7,12,15,96,103,9,223,18,32,50,273
10/07/2000,CAK,OH,AGL,CE,Towers with Radar,10,53,51,0,114,4,12,35,0,51,14,65,86,0,165,80,0,80,245
10/08/2000,CAK,OH,AGL,CE,Towers with Radar,12,51,39,0,102,1,4,20,0,25,13,55,59,0,127,8,0,8,135
10/09/2000,CAK,OH,AGL,CE,Towers with Radar,16,70,72,0,158,0,0,63,0,63,16,70,135,0,221,60,0,60,281
10/10/2000,CAK,OH,AGL,CE,Towers with Radar,16,74,97,0,187,0,7,70,10,87,16,81,167,10,274,50,0,50,324
10/11/2000,CAK,OH,AGL,CE,Towers with Radar,14,82,87,1,184,0,0,154,22,176,14,82,241,23,360,92,22,114,474
10/12/2000,CAK,OH,AGL,CE,Towers with Radar,14,98,99,1,212,0,4,170,8,182,14,102,269,9,394,110,4,114,508
10/13/2000,CAK,OH,AGL,CE,Towers with Radar,15,88,89,1,193,0,6,166,8,180,15,94,255,9,373,252,26,278,651
10/14/2000,CAK,OH,AGL,CE,Towers with Radar,10,72,48,3,133,0,9,105,26,140,10,81,153,29,273,108,28,136,409
10/15/2000,CAK,OH,AGL,CE,Towers with Radar,15,63,82,0,160,3,0,77,0,80,18,63,159,0,240,90,0,90,330
10/16/2000,CAK,OH,AGL,CE,Towers with Radar,15,77,78,0,170,2,4,57,0,63,17,81,135,0,233,66,0,66,299
10/17/2000,CAK,OH,AGL,CE,Towers with Radar,16,77,95,2,190,0,2,2,0,4,16,79,97,2,194,12,0,12,206
10/18/2000,CAK,OH,AGL,CE,Towers with Radar,16,106,107,2,231,0,12,41,6,59,16,118,148,8,290,44,0,44,334
10/19/2000,CAK,OH,AGL,CE,Towers with Radar,16,73,85,1,175,1,0,143,1,145,17,73,228,2,320,28,0,28,348
10/20/2000,CAK,OH,AGL,CE,Towers with Radar,16,85,87,1,189,3,0,126,5,134,19,85,213,6,323,130,20,150,473
10/21/2000,CAK,OH,AGL,CE,Towers with Radar,14,69,69,1,153,1,13,138,25,177,15,82,207,26,330,54,20,74,404
10/22/2000,CAK,OH,AGL,CE,Towers with Radar,17,65,67,2,151,0,11,119,20,150,17,76,186,22,301,88,32,120,421
10/23/2000,CAK,OH,AGL,CE,Towers with Radar,14,77,78,1,170,0,14,94,9,117,14,91,172,10,287,78,24,102,389
10/24/2000,CAK,OH,AGL,CE,Towers with Radar,13,66,66,0,145,1,21,0,0,22,14,87,66,0,167,2,0,2,169
10/25/2000,CAK,OH,AGL,CE,Towers with Radar,16,94,104,11,225,0,3,6,0,9,16,97,110,11,234,16,0,16,250
10/26/2000,CAK,OH,AGL,CE,Towers with Radar,15,84,108,3,210,0,3,61,19,83,15,87,169,22,293,114,34,148,441
10/27/2000,CAK,OH,AGL,CE,Towers with Radar,17,86,100,1,204,0,0,31,25,56,17,86,131,26,260,190,22,212,472
10/28/2000,CAK,OH,AGL,CE,Towers with Radar,12,63,63,1,139,1,10,54,4,69,13,73,117,5,208,52,2,54,262
10/29/2000,CAK,OH,AGL,CE,Towers with Radar,10,53,56,1,120,4,0,93,8,105,14,53,149,9,225,74,0,74,299
10/30/2000,CAK,OH,AGL,CE,Towers with Radar,14,82,82,0,178,0,24,143,0,167,14,106,225,0,345,228,0,228,573
10/31/2000,CAK,OH,AGL,CE,Towers with Radar,15,78,83,0,176,0,5,102,5,112,15,83,185,5,288,126,10,136,424
11/01/2000,CAK,OH,AGL,CE,Towers with Radar,15,70,80,2,167,0,0,150,4,154,15,70,230,6,321,106,8,114,435
11/02/2000,CAK,OH,AGL,CE,Towers with Radar,14,77,84,2,177,0,0,111,5,116,14,77,195,7,293,70,0,70,363
11/03/2000,CAK,OH,AGL,CE,Towers with Radar,15,91,91,1,198,0,1,62,0,63,15,92,153,1,261,58,0,58,319
11/04/2000,CAK,OH,AGL,CE,Towers with Radar,13,72,48,3,136,0,1,125,4,130,13,73,173,7,266,110,6,116,382
11/05/2000,CAK,OH,AGL,CE,Towers with Radar,16,53,45,2,116,0,2,126,7,135,16,55,171,9,251,72,0,72,323
11/06/2000,CAK,OH,AGL,CE,Towers with Radar,15,57,78,4,154,0,0,128,22,150,15,57,206,26,304,94,0,94,398
11/07/2000,CAK,OH,AGL,CE,Towers with Radar,15,82,84,0,181,0,0,22,0,22,15,82,106,0,203,24,0,24,227
11/08/2000,CAK,OH,AGL,CE,Towers with Radar,12,56,65,4,137,0,0,2,12,14,12,56,67,16,151,4,40,44,195
11/09/2000,CAK,OH,AGL,CE,Towers with Radar,15,74,61,2,152,0,0,2,3,5,15,74,63,5,157,16,8,24,181
11/10/2000,CAK,OH,AGL,CE,Towers with Radar,15,71,64,1,151,0,8,0,0,8,15,79,64,1,159,0,0,0,159
11/11/2000,CAK,OH,AGL,CE,Towers with Radar,13,71,62,0,146,0,1,89,0,90,13,72,151,0,236,120,0,120,356
11/12/2000,CAK,OH,AGL,CE,Towers with Radar,15,49,77,0,141,0,0,84,0,84,15,49,161,0,225,166,0,166,391
11/13/2000,CAK,OH,AGL,CE,Towers with Radar,15,73,75,1,164,0,12,49,1,62,15,85,124,2,226,52,2,54,280
11/14/2000,CAK,OH,AGL,CE,Towers with Radar,17,72,91,0,180,0,5,34,0,39,17,77,125,0,219,56,0,56,275
11/15/2000,CAK,OH,AGL,CE,Towers with Radar,16,68,88,1,173,0,0,75,1,76,16,68,163,2,249,96,0,96,345
11/16/2000,CAK,OH,AGL,CE,Towers with Radar,15,70,76,0,161,1,0,55,4,60,16,70,131,4,221,48,2,50,271
11/17/2000,CAK,OH,AGL,CE,Towers with Radar,13,65,42,0,120,2,0,5,2,9,15,65,47,2,129,2,8,10,139
11/18/2000,CAK,OH,AGL,CE,Towers with Radar,12,60,61,1,134,9,4,18,10,41,21,64,79,11,175,10,0,10,185
11/19/2000,CAK,OH,AGL,CE,Towers with Radar,12,51,58,1,122,4,0,108,1,113,16,51,166,2,235,116,0,116,351
11/20/2000,CAK,OH,AGL,CE,Towers with Radar,11,51,52,1,115,6,10,9,28,53,17,61,61,29,168,8,54,62,230
11/21/2000,CAK,OH,AGL,CE,Towers with Radar,13,62,63,1,139,3,14,29,18,64,16,76,92,19,203,70,52,122,325
11/22/2000,CAK,OH,AGL,CE,Towers with Radar,13,68,71,1,153,0,0,19,14,33,13,68,90,15,186,24,20,44,230
11/23/2000,CAK,OH,AGL,CE,Towers with Radar,9,39,41,0,89,5,23,13,0,41,14,62,54,0,130,18,0,18,148
11/24/2000,CAK,OH,AGL,CE,Towers with Radar,18,44,65,5,132,0,0,138,1,139,18,44,203,6,271,38,0,38,309
11/25/2000,CAK,OH,AGL,CE,Towers with Radar,10,48,49,0,107,2,12,41,0,55,12,60,90,0,162,86,0,86,248
11/26/2000,CAK,OH,AGL,CE,Towers with Radar,15,59,44,0,118,0,0,3,0,3,15,59,47,0,121,4,0,4,125
11/27/2000,CAK,OH,AGL,CE,Towers with Radar,14,64,56,0,134,2,10,0,0,12,16,74,56,0,146,4,0,4,150
11/28/2000,CAK,OH,AGL,CE,Towers with Radar,11,78,79,2,170,0,11,28,6,45,11,89,107,8,215,72,4,76,291
11/29/2000,CAK,OH,AGL,CE,Towers with Radar,14,65,68,2,149,0,0,31,0,31,14,65,99,2,180,32,0,32,212
11/30/2000,CAK,OH,AGL,CE,Towers with Radar,15,70,75,2,162,0,0,20,0,20,15,70,95,2,182,44,0,44,226
12/01/2000,CAK,OH,AGL,CE,Towers with Radar,14,74,72,3,163,0,0,10,1,11,14,74,82,4,174,66,42,108,282
12/02/2000,CAK,OH,AGL,CE,Towers with Radar,18,69,67,2,156,1,0,107,10,118,19,69,174,12,274,102,18,120,394
12/03/2000,CAK,OH,AGL,CE,Towers with Radar,14,42,55,0,111,2,0,204,0,206,16,42,259,0,317,124,0,124,441
12/04/2000,CAK,OH,AGL,CE,Towers with Radar,18,57,65,3,143,0,0,122,12,134,18,57,187,15,277,52,0,52,329
12/05/2000,CAK,OH,AGL,CE,Towers with Radar,16,61,66,6,149,1,4,0,3,8,17,65,66,9,157,0,0,0,157
12/06/2000,CAK,OH,AGL,CE,Towers with Radar,15,71,70,2,158,0,0,75,29,104,15,71,145,31,262,10,0,10,272
12/07/2000,CAK,OH,AGL,CE,Towers with Radar,14,65,60,2,141,0,2,19,0,21,14,67,79,2,162,6,0,6,168
12/08/2000,CAK,OH,AGL,CE,Towers with Radar,14,74,54,3,145,1,2,17,12,32,15,76,71,15,177,16,42,58,235
12/09/2000,CAK,OH,AGL,CE,Towers with Radar,13,66,95,0,174,1,3,154,12,170,14,69,249,12,344,178,0,178,522
12/10/2000,CAK,OH,AGL,CE,Towers with Radar,16,50,60,3,129,0,0,63,0,63,16,50,123,3,192,64,0,64,256
12/11/2000,CAK,OH,AGL,CE,Towers with Radar,13,55,60,0,128,1,2,0,0,3,14,57,60,0,131,6,0,6,137
12/12/2000,CAK,OH,AGL,CE,Towers with Radar,14,53,63,0,130,1,3,46,0,50,15,56,109,0,180,40,0,40,220
12/13/2000,CAK,OH,AGL,CE,Towers with Radar,11,65,103,2,181,1,6,76,9,92,12,71,179,11,273,40,0,40,313
12/14/2000,CAK,OH,AGL,CE,Towers with Radar,12,55,52,2,121,1,2,5,4,12,13,57,57,6,133,0,36,36,169
12/15/2000,CAK,OH,AGL,CE,Towers with Radar,17,77,70,4,168,0,3,58,10,71,17,80,128,14,239,100,0,100,339
12/16/2000,CAK,OH,AGL,CE,Towers with Radar,16,59,12,1,88,1,3,2,3,9,17,62,14,4,97,0,44,44,141
12/17/2000,CAK,OH,AGL,CE,Towers with Radar,6,25,13,0,44,8,18,0,0,26,14,43,13,0,70,0,0,0,70
12/18/2000,CAK,OH,AGL,CE,Towers with Radar,15,58,61,3,137,0,0,63,4,67,15,58,124,7,204,86,4,90,294
12/19/2000,CAK,OH,AGL,CE,Towers with Radar,15,63,58,2,138,0,3,23,3,29,15,66,81,5,167,14,18,32,199
12/20/2000,CAK,OH,AGL,CE,Towers with Radar,14,70,80,3,167,0,0,32,50,82,14,70,112,53,249,40,16,56,305
12/21/2000,CAK,OH,AGL,CE,Towers with Radar,12,57,58,2,129,0,0,11,4,15,12,57,69,6,144,18,56,74,218
12/22/2000,CAK,OH,AGL,CE,Towers with Radar,14,58,53,0,125,0,15,0,0,15,14,73,53,0,140,0,0,0,140
12/23/2000,CAK,OH,AGL,CE,Towers with Radar,11,43,41,0,95,5,18,23,0,46,16,61,64,0,141,14,0,14,155
12/24/2000,CAK,OH,AGL,CE,Towers with Radar,15,44,2,0,61,0,6,6,0,12,15,50,8,0,73,8,0,8,81
12/25/2000,CAK,OH,AGL,CE,Towers with Radar,13,42,4,0,59,0,3,3,0,6,13,45,7,0,65,0,0,0,65
12/26/2000,CAK,OH,AGL,CE,Towers with Radar,11,57,48,0,116,0,5,55,10,70,11,62,103,10,186,22,58,80,266
12/27/2000,CAK,OH,AGL,CE,Towers with Radar,20,63,21,7,111,0,3,0,7,10,20,66,21,14,121,2,36,38,159
12/28/2000,CAK,OH,AGL,CE,Towers with Radar,13,63,60,2,138,0,0,69,3,72,13,63,129,5,210,36,31,67,277
12/29/2000,CAK,OH,AGL,CE,Towers with Radar,17,60,35,5,117,0,3,38,4,45,17,63,73,9,162,50,26,76,238
12/30/2000,CAK,OH,AGL,CE,Towers with Radar,9,36,16,0,61,3,18,0,0,21,12,54,16,0,82,0,0,0,82
12/31/2000,CAK,OH,AGL,CE,Towers with Radar,7,23,22,0,52,6,15,12,0,33,13,38,34,0,85,56,0,56,141
01/01/2001,CAK,OH,AGL,CE,Towers with Radar,16,52,18,0,86,1,2,10,0,13,17,54,28,0,99,4,0,4,103
01/02/2001,CAK,OH,AGL,CE,Towers with Radar,15,58,71,3,147,0,11,105,9,125,15,69,176,12,272,60,0,60,332
01/03/2001,CAK,OH,AGL,CE,Towers with Radar,15,53,65,0,133,6,5,27,0,38,21,58,92,0,171,20,0,20,191
01/04/2001,CAK,OH,AGL,CE,Towers with Radar,14,75,80,1,170,1,3,16,9,29,15,78,96,10,199,22,10,32,231
01/05/2001,CAK,OH,AGL,CE,Towers with Radar,12,70,77,6,165,1,4,0,0,5,13,74,77,6,170,0,0,0,170
01/06/2001,CAK,OH,AGL,CE,Towers with Radar,14,53,66,3,136,2,5,95,13,115,16,58,161,16,251,124,8,132,383
01/07/2001,CAK,OH,AGL,CE,Towers with Radar,10,42,53,2,107,5,5,47,10,67,15,47,100,12,174,100,0,100,274
01/08/2001,CAK,OH,AGL,CE,Towers with Radar,13,49,61,0,123,1,5,18,0,24,14,54,79,0,147,50,0,50,197
01/09/2001,CAK,OH,AGL,CE,Towers with Radar,15,71,94,0,180,0,0,86,0,86,15,71,180,0,266,92,0,92,358
01/10/2001,CAK,OH,AGL,CE,Towers with Radar,17,56,90,4,167,0,0,148,0,148,17,56,238,4,315,68,0,68,383
01/11/2001,CAK,OH,AGL,CE,Towers with Radar,14,76,92,4,186,0,0,163,3,166,14,76,255,7,352,98,60,158,510
01/12/2001,CAK,OH,AGL,CE,Towers with Radar,18,78,98,4,198,0,0,111,8,119,18,78,209,12,317,72,20,92,409
01/13/2001,CAK,OH,AGL,CE,Towers with Radar,12,47,60,0,119,0,0,33,0,33,12,47,93,0,152,40,0,40,192
01/14/2001,CAK,OH,AGL,CE,Towers with Radar,16,46,43,2,107,1,2,62,0,65,17,48,105,2,172,74,0,74,246
01/15/2001,CAK,OH,AGL,CE,Towers with Radar,13,51,61,2,127,4,3,0,0,7,17,54,61,2,134,20,2,22,156
01/16/2001,CAK,OH,AGL,CE,Towers with Radar,15,58,62,1,136,1,2,20,16,39,16,60,82,17,175,6,98,104,279
01/17/2001,CAK,OH,AGL,CE,Towers with Radar,13,52,61,3,129,0,6,23,2,31,13,58,84,5,160,10,50,60,220
01/18/2001,CAK,OH,AGL,CE,Towers with Radar,14,58,84,4,160,0,0,137,20,157,14,58,221,24,317,158,18,176,493
01/19/2001,CAK,OH,AGL,CE,Towers with Radar,14,58,58,3,133,0,2,0,39,41,14,60,58,42,174,0,58,58,232
01/20/2001,CAK,OH,AGL,CE,Towers with Radar,16,49,29,1,95,0,4,44,19,67,16,53,73,20,162,144,8,152,314
01/21/2001,CAK,OH,AGL,CE,Towers with Radar,15,52,64,2,133,0,0,209,30,239,15,52,273,32,372,184,0,184,556
01/22/2001,CAK,OH,AGL,CE,Towers with Radar,15,52,63,0,130,0,0,75,0,75,15,52,138,0,205,114,0,114,319
01/23/2001,CAK,OH,AGL,CE,Towers with Radar,15,57,85,3,160,0,0,135,0,135,15,57,220,3,295,104,6,110,405
01/24/2001,CAK,OH,AGL,CE,Towers with Radar,14,64,76,2,156,0,9,23,5,37,14,73,99,7,193,30,8,38,231
01/25/2001,CAK,OH,AGL,CE,Towers with Radar,17,63,92,3,175,0,0,31,13,44,17,63,123,16,219,18,0,18,237
01/26/2001,CAK,OH,AGL,CE,Towers with Radar,15,66,79,2,162,0,3,88,3,94,15,69,167,5,256,130,4,134,390
01/27/2001,CAK,OH,AGL,CE,Towers with Radar,9,32,18,0,59,10,21,0,0,31,19,53,18,0,90,0,0,0,90
01/28/2001,CAK,OH,AGL,CE,Towers with Radar,16,47,58,0,121,0,3,94,0,97,16,50,152,0,218,120,0,120,338
01/29/2001,CAK,OH,AGL,CE,Towers with Radar,16,59,54,2,131,0,1,56,10,67,16,60,110,12,198,56,4,60,258
01/30/2001,CAK,OH,AGL,CE,Towers with Radar,13,48,52,2,115,6,12,0,9,27,19,60,52,11,142,6,0,6,148
01/31/2001,CAK,OH,AGL,CE,Towers with Radar,15,58,86,1,160,0,2,25,49,76,15,60,111,50,236,16,86,102,338
02/01/2001,CAK,OH,AGL,CE,Towers with Radar,16,58,86,4,164,0,0,65,16,81,16,58,151,20,245,16,14,30,275
02/02/2001,CAK,OH,AGL,CE,Towers with Radar,15,64,69,5,153,1,2,16,20,39,16,66,85,25,192,16,22,38,230
02/03/2001,CAK,OH,AGL,CE,Towers with Radar,14,52,66,3,135,2,0,211,20,233,16,52,277,23,368,148,8,156,524
02/04/2001,CAK,OH,AGL,CE,Towers with Radar,14,49,41,0,104,1,4,102,6,113,15,53,143,6,217,72,0,72,289
02/05/2001,CAK,OH,AGL,CE,Towers with Radar,11,46,54,2,113,1,15,4,0,20,12,61,58,2,133,10,0,10,143
02/06/2001,CAK,OH,AGL,CE,Towers with Radar,14,60,48,0,122,1,2,0,0,3,15,62,48,0,125,0,0,0,125
02/07/2001,CAK,OH,AGL,CE,Towers with Radar,14,65,91,3,173,0,0,128,21,149,14,65,219,24,322,170,80,250,572
02/08/2001,CAK,OH,AGL,CE,Towers with Radar,17,70,102,4,193,0,0,96,21,117,17,70,198,25,310,36,24,60,370
02/09/2001,CAK,OH,AGL,CE,Towers with Radar,12,49,47,0,108,8,26,0,0,34,20,75,47,0,142,10,0,10,152
02/10/2001,CAK,OH,AGL,CE,Towers with Radar,10,56,25,6,97,3,2,13,18,36,13,58,38,24,133,6,8,14,147
02/11/2001,CAK,OH,AGL,CE,Towers with Radar,14,55,64,2,135,1,6,149,10,166,15,61,213,12,301,220,28,248,549
02/12/2001,CAK,OH,AGL,CE,Towers with Radar,12,56,65,2,135,0,9,109,20,138,12,65,174,22,273,74,38,112,385
02/13/2001,CAK,OH,AGL,CE,Towers with Radar,15,63,91,7,176,1,2,63,25,91,16,65,154,32,267,76,80,156,423
02/14/2001,CAK,OH,AGL,CE,Towers with Radar,13,53,62,0,128,5,1,21,0,27,18,54,83,0,155,4,0,4,159
02/15/2001,CAK,OH,AGL,CE,Towers with Radar,16,74,85,3,178,0,0,45,32,77,16,74,130,35,255,42,32,74,329
02/16/2001,CAK,OH,AGL,CE,Towers with Radar,15,62,71,0,148,1,14,30,0,45,16,76,101,0,193,28,0,28,221
02/17/2001,CAK,OH,AGL,CE,Towers with Radar,8,37,44,0,89,7,27,13,0,47,15,64,57,0,136,22,0,22,158
02/18/2001,CAK,OH,AGL,CE,Towers with Radar,13,53,64,2,132,4,0,113,9,126,17,53,177,11,258,166,14,180,438
02/19/2001,CAK,OH,AGL,CE,Towers with Radar,15,64,81,1,161,0,0,106,0,106,15,64,187,1,267,84,2,86,353
02/20/2001,CAK,OH,AGL,CE,Towers with Radar,17,65,76,4,162,1,0,68,3,72,18,65,144,7,234,38,0,38,272
02/21/2001,CAK,OH,AGL,CE,Towers with Radar,17,64,77,4,162,1,0,94,10,105,18,64,171,14,267,92,0,92,359
02/22/2001,CAK,OH,AGL,CE,Towers with Radar,13,58,66,1,138,0,7,4,0,11,13,65,70,1,149,0,0,0,149
02/23/2001,CAK,OH,AGL,CE,Towers with Radar,12,58,66,3,139,0,14,66,11,91,12,72,132,14,230,54,48,102,332
02/24/2001,CAK,OH,AGL,CE,Towers with Radar,11,42,29,1,83,0,6,34,6,46,11,48,63,7,129,46,0,46,175
02/25/2001,CAK,OH,AGL,CE,Towers with Radar,16,43,26,0,85,0,2,16,0,18,16,45,42,0,103,0,0,0,103
02/26/2001,CAK,OH,AGL,CE,Towers with Radar,18,63,75,4,160,3,0,120,10,133,21,63,195,14,293,68,22,90,383
02/27/2001,CAK,OH,AGL,CE,Towers with Radar,14,61,69,4,148,0,7,64,22,93,14,68,133,26,241,38,38,76,317
02/28/2001,CAK,OH,AGL,CE,Towers with Radar,14,62,86,4,166,0,0,171,24,195,14,62,257,28,361,104,30,134,495
03/01/2001,CAK,OH,AGL,CE,Towers with Radar,14,65,71,1,151,0,3,111,13,127,14,68,182,14,278,76,20,96,374
03/02/2001,CAK,OH,AGL,CE,Towers with Radar,14,60,65,1,140,0,12,35,21,68,14,72,100,22,208,94,24,118,326
03/03/2001,CAK,OH,AGL,CE,Towers with Radar,13,68,74,1,156,0,0,140,13,153,13,68,214,14,309,236,0,236,545
03/04/2001,CAK,OH,AGL,CE,Towers with Radar,15,58,64,1,138,2,0,0,0,2,17,58,64,1,140,30,0,30,170
03/05/2001,CAK,OH,AGL,CE,Towers with Radar,14,58,31,0,103,3,24,0,0,27,17,82,31,0,130,20,0,20,150
03/06/2001,CAK,OH,AGL,CE,Towers with Radar,12,51,55,1,119,5,12,7,0,24,17,63,62,1,143,8,0,8,151
03/07/2001,CAK,OH,AGL,CE,Towers with Radar,18,73,80,1,172,4,8,65,20,97,22,81,145,21,269,44,110,154,423
03/08/2001,CAK,OH,AGL,CE,Towers with Radar,14,65,71,1,151,0,8,39,7,54,14,73,110,8,205,34,40,74,279
03/09/2001,CAK,OH,AGL,CE,Towers with Radar,14,70,58,14,156,0,0,10,9,19,14,70,68,23,175,30,26,56,231
03/10/2001,CAK,OH,AGL,CE,Towers with Radar,13,59,67,1,140,0,0,180,12,192,13,59,247,13,332,154,0,154,486
03/11/2001,CAK,OH,AGL,CE,Towers with Radar,11,47,51,0,109,4,0,36,0,40,15,47,87,0,149,104,0,104,253
03/12/2001,CAK,OH,AGL,CE,Towers with Radar,15,60,65,1,141,0,7,100,16,123,15,67,165,17,264,60,27,87,351
03/13/2001,CAK,OH,AGL,CE,Towers with Radar,12,51,55,1,119,1,9,12,13,35,13,60,67,14,154,16,0,16,170
03/14/2001,CAK,OH,AGL,CE,Towers with Radar,16,61,80,0,157,0,1,72,6,79,16,62,152,6,236,10,0,10,246
03/15/2001,CAK,OH,AGL,CE,Towers with Radar,15,68,83,1,167,0,0,99,23,122,15,68,182,24,289,50,52,102,391
03/16/2001,CAK,OH,AGL,CE,Towers with Radar,14,58,63,0,135,3,15,9,0,27,17,73,72,0,162,4,0,4,166
03/17/2001,CAK,OH,AGL,CE,Towers with Radar,7,28,27,0,62,7,15,0,0,22,14,43,27,0,84,0,0,0,84
03/18/2001,CAK,OH,AGL,CE,Towers with Radar,14,47,66,0,127,0,0,195,0,195,14,47,261,0,322,140,0,140,462
03/19/2001,CAK,OH,AGL,CE,Towers with Radar,13,56,71,1,141,0,0,126,2,128,13,56,197,3,269,86,0,86,355
03/20/2001,CAK,OH,AGL,CE,Towers with Radar,17,60,82,1,160,0,1,148,10,159,17,61,230,11,319,164,46,210,529
03/21/2001,CAK,OH,AGL,CE,Towers with Radar,14,64,91,1,170,0,4,30,10,44,14,68,121,11,214,14,18,32,246
03/22/2001,CAK,OH,AGL,CE,Towers with Radar,16,72,104,3,195,0,3,92,4,99,16,75,196,7,294,72,0,72,366
03/23/2001,CAK,OH,AGL,CE,Towers with Radar,15,59,66,1,141,2,5,73,7,87,17,64,139,8,228,66,0,66,294
03/24/2001,CAK,OH,AGL,CE,Towers with Radar,15,59,21,2,97,0,2,19,15,36,15,61,40,17,133,16,0,16,149
03/25/2001,CAK,OH,AGL,CE,Towers with Radar,17,50,45,1,113,0,10,70,23,103,17,60,115,24,216,166,46,212,428
03/26/2001,CAK,OH,AGL,CE,Towers with Radar,12,56,63,1,132,0,4,57,13,74,12,60,120,14,206,18,0,18,224
03/27/2001,CAK,OH,AGL,CE,Towers with Radar,15,54,70,1,140,2,0,65,6,73,17,54,135,7,213,60,10,70,283
03/28/2001,CAK,OH,AGL,CE,Towers with Radar,14,59,78,1,152,0,0,183,21,204,14,59,261,22,356,124,76,200,556
03/29/2001,CAK,OH,AGL,CE,Towers with Radar,13,66,79,1,159,0,0,97,14,111,13,66,176,15,270,70,0,70,340
03/30/2001,CAK,OH,AGL,CE,Towers with Radar,16,47,85,1,149,0,0,68,10,78,16,47,153,11,227,64,28,92,319
03/31/2001,CAK,OH,AGL,CE,Towers with Radar,13,52,88,2,155,0,1,87,23,111,13,53,175,25,266,102,20,122,388
04/01/2001,CAK,OH,AGL,CE,Towers with Radar,6,29,41,0,76,10,10,44,0,64,16,39,85,0,140,80,0,80,220
04/02/2001,CAK,OH,AGL,CE,Towers with Radar,14,55,77,0,146,0,2,113,0,115,14,57,190,0,261,46,8,54,315
04/03/2001,CAK,OH,AGL,CE,Towers with Radar,15,54,87,0,156,0,0,129,0,129,15,54,216,0,285,42,0,42,327
04/04/2001,CAK,OH,AGL,CE,Towers with Radar,17,57,85,2,161,1,0,129,4,134,18,57,214,6,295,44,0,44,339
04/05/2001,CAK,OH,AGL,CE,Towers with Radar,15,54,90,2,161,0,0,170,10,180,15,54,260,12,341,54,8,62,403
04/06/2001,CAK,OH,AGL,CE,Towers with Radar,14,60,76,3,153,0,6,0,19,25,14,66,76,22,178,22,108,130,308
04/07/2001,CAK,OH,AGL,CE,Towers with Radar,13,54,53,1,121,1,3,45,12,61,14,57,98,13,182,58,0,58,240
04/08/2001,CAK,OH,AGL,CE,Towers with Radar,13,42,59,3,117,5,13,52,6,76,18,55,111,9,193,70,0,70,263
04/09/2001,CAK,OH,AGL,CE,Towers with Radar,13,41,58,2,114,0,11,51,2,64,13,52,109,4,178,64,0,64,242
04/10/2001,CAK,OH,AGL,CE,Towers with Radar,15,55,76,3,149,0,2,51,11,64,15,57,127,14,213,62,0,62,275
04/11/2001,CAK,OH,AGL,CE,Towers with Radar,14,58,87,3,162,0,0,67,9,76,14,58,154,12,238,68,56,124,362
04/12/2001,CAK,OH,AGL,CE,Towers with Radar,15,57,50,1,123,0,3,14,12,29,15,60,64,13,152,22,26,48,200
04/13/2001,CAK,OH,AGL,CE,Towers with Radar,14,44,65,2,125,2,0,150,4,156,16,44,215,6,281,148,0,148,429
04/14/2001,CAK,OH,AGL,CE,Towers with Radar,12,41,57,1,111,3,7,145,1,156,15,48,202,2,267,204,0,204,471
04/15/2001,CAK,OH,AGL,CE,Towers with Radar,10,33,47,1,91,6,8,0,1,15,16,41,47,2,106,28,0,28,134
04/16/2001,CAK,OH,AGL,CE,Towers with Radar,14,51,74,2,141,0,0,28,14,42,14,51,102,16,183,80,40,120,303
04/17/2001,CAK,OH,AGL,CE,Towers with Radar,12,41,57,1,111,2,1,26,7,36,14,42,83,8,147,8,38,46,193
04/18/2001,CAK,OH,AGL,CE,Towers with Radar,15,54,75,2,146,0,2,110,20,132,15,56,185,22,278,162,10,172,450
04/19/2001,CAK,OH,AGL,CE,Towers with Radar,14,57,91,2,164,0,0,254,3,257,14,57,345,5,421,216,0,216,637
04/20/2001,CAK,OH,AGL,CE,Towers with Radar,14,54,66,11,145,0,1,10,45,56,14,55,76,56,201,12,136,148,349
04/21/2001,CAK,OH,AGL,CE,Towers with Radar,12,50,69,2,133,0,0,34,23,57,12,50,103,25,190,70,0,70,260
04/22/2001,CAK,OH,AGL,CE,Towers with Radar,15,47,60,1,123,0,4,84,11,99,15,51,144,12,222,108,0,108,330
04/23/2001,CAK,OH,AGL,CE,Towers with Radar,14,48,66,1,129,1,2,34,10,47,15,50,100,11,176,28,8,36,212
04/24/2001,CAK,OH,AGL,CE,Towers with Radar,16,54,58,1,129,0,2,65,16,83,16,56,123,17,212,96,18,114,326
04/25/2001,CAK,OH,AGL,CE,Towers with Radar,14,54,74,3,145,0,5,159,13,177,14,59,233,16,322,194,36,230,552
04/26/2001,CAK,OH,AGL,CE,Towers with Radar,15,56,76,2,149,0,8,107,16,131,15,64,183,18,280,72,16,88,368
04/27/2001,CAK,OH,AGL,CE,Towers with Radar,15,59,85,2,161,0,0,114,13,127,15,59,199,15,288,82,0,82,370
04/28/2001,CAK,OH,AGL,CE,Towers with Radar,11,37,52,0,100,1,24,117,0,142,12,61,169,0,242,102,0,102,344
04/29/2001,CAK,OH,AGL,CE,Towers with Radar,13,42,58,2,115,5,4,213,0,222,18,46,271,2,337,278,0,278,615
04/30/2001,CAK,OH,AGL,CE,Towers with Radar,14,49,57,0,120,0,2,122,0,124,14,51,179,0,244,164,0,164,408
05/01/2001,CAK,OH,AGL,CE,Towers with Radar,12,52,133,9,206,3,2,26,0,31,15,54,159,9,237,76,10,86,323
05/02/2001,CAK,OH,AGL,CE,Towers with Radar,14,59,147,7,227,3,12,47,0,62,17,71,194,7,289,102,2,104,393
05/03/2001,CAK,OH,AGL,CE,Towers with Radar,14,45,152,5,216,0,0,56,0,56,14,45,208,5,272,74,0,74,346
05/04/2001,CAK,OH,AGL,CE,Towers with Radar,13,59,147,15,234,0,13,34,4,51,13,72,181,19,285,92,10,102,387
05/05/2001,CAK,OH,AGL,CE,Towers with Radar,11,48,129,13,201,0,0,47,12,59,11,48,176,25,260,94,6,100,360
05/06/2001,CAK,OH,AGL,CE,Towers with Radar,15,48,69,2,134,0,8,122,0,130,15,56,191,2,264,82,0,82,346
05/07/2001,CAK,OH,AGL,CE,Towers with Radar,23,92,228,24,367,9,10,28,6,53,32,102,256,30,420,92,4,96,516
05/08/2001,CAK,OH,AGL,CE,Towers with Radar,24,99,245,24,392,6,5,53,0,64,30,104,298,24,456,28,10,38,494
05/09/2001,CAK,OH,AGL,CE,Towers with Radar,27,106,265,28,426,3,0,83,26,112,30,106,348,54,538,184,0,184,722
05/10/2001,CAK,OH,AGL,CE,Towers with Radar,26,107,265,28,426,0,5,109,26,140,26,112,374,54,566,112,0,112,678
05/11/2001,CAK,OH,AGL,CE,Towers with Radar,23,90,224,24,361,5,24,50,16,95,28,114,274,40,456,60,10,70,526
05/12/2001,CAK,OH,AGL,CE,Towers with Radar,19,79,196,21,315,1,19,10,13,43,20,98,206,34,358,102,0,102,460
05/13/2001,CAK,OH,AGL,CE,Towers with Radar,18,73,183,19,293,10,35,49,13,107,28,108,232,32,400,56,2,58,458
05/14/2001,CAK,OH,AGL,CE,Towers with Radar,24,92,231,8,355,4,18,97,0,119,28,110,328,8,474,102,0,102,576
05/15/2001,CAK,OH,AGL,CE,Towers with Radar,20,76,186,18,300,6,28,0,0,34,26,104,186,18,334,22,14,36,370
05/16/2001,CAK,OH,AGL,CE,Towers with Radar,25,95,196,20,336,3,69,0,0,72,28,164,196,20,408,4,6,10,418
05/17/2001,CAK,OH,AGL,CE,Towers with Radar,28,106,327,35,496,0,0,47,5,52,28,106,374,40,548,26,36,62,610
05/18/2001,CAK,OH,AGL,CE,Towers with Radar,26,101,184,27,338,8,59,0,63,130,34,160,184,90,468,16,40,56,524
05/19/2001,CAK,OH,AGL,CE,Towers with Radar,24,128,338,37,527,0,0,174,17,191,24,128,512,54,718,70,6,76,794
05/20/2001,CAK,OH,AGL,CE,Towers with Radar,36,108,389,43,576,0,0,217,11,228,36,108,606,54,804,76,0,76,880
05/21/2001,CAK,OH,AGL,CE,Towers with Radar,24,89,212,20,345,0,33,0,0,33,24,122,212,20,378,6,0,6,384
05/22/2001,CAK,OH,AGL,CE,Towers with Radar,24,91,228,16,359,8,21,6,0,35,32,112,234,16,394,10,0,10,404
05/23/2001,CAK,OH,AGL,CE,Towers with Radar,32,130,388,42,592,0,0,134,28,162,32,130,522,70,754,102,2,104,858
05/24/2001,CAK,OH,AGL,CE,Towers with Radar,30,124,336,37,527,0,0,68,41,109,30,124,404,78,636,34,48,82,718
05/25/2001,CAK,OH,AGL,CE,Towers with Radar,28,106,347,22,503,0,0,31,0,31,28,106,378,22,534,30,0,30,564
05/26/2001,CAK,OH,AGL,CE,Towers with Radar,13,54,116,15,198,7,42,0,1,50,20,96,116,16,248,98,0,98,346
05/27/2001,CAK,OH,AGL,CE,Towers with Radar,15,62,132,12,221,13,24,0,0,37,28,86,132,12,258,22,0,22,280
05/28/2001,CAK,OH,AGL,CE,Towers with Radar,26,96,254,28,404,0,0,42,8,50,26,96,296,36,454,58,2,60,514
05/29/2001,CAK,OH,AGL,CE,Towers with Radar,30,90,319,35,474,0,0,115,1,116,30,90,434,36,590,84,0,84,674
05/30/2001,CAK,OH,AGL,CE,Towers with Radar,28,138,460,50,676,0,0,256,18,274,28,138,716,68,950,54,12,66,1016
05/31/2001,CAK,OH,AGL,CE,Towers with Radar,26,126,446,36,634,0,0,248,0,248,26,126,694,36,882,98,28,126,1008
06/01/2001,CAK,OH,AGL,CE,Towers with Radar,11,37,142,19,209,2,18,29,0,49,13,55,171,19,258,28,10,38,296
06/02/2001,CAK,OH,AGL,CE,Towers with Radar,8,25,97,16,146,5,19,22,6,52,13,44,119,22,198,28,8,36,234
06/03/2001,CAK,OH,AGL,CE,Towers with Radar,9,30,116,10,165,4,29,2,0,35,13,59,118,10,200,70,0,70,270
06/04/2001,CAK,OH,AGL,CE,Towers with Radar,14,54,206,32,306,0,6,87,9,102,14,60,293,41,408,60,0,60,468
06/05/2001,CAK,OH,AGL,CE,Towers with Radar,14,46,196,30,286,0,0,134,22,156,14,46,330,52,442,126,24,150,592
06/06/2001,CAK,OH,AGL,CE,Towers with Radar,12,40,152,22,226,2,16,13,6,37,14,56,165,28,263,72,58,130,393
06/07/2001,CAK,OH,AGL,CE,Towers with Radar,12,43,244,37,336,0,0,113,5,118,12,43,357,42,454,98,18,116,570
06/08/2001,CAK,OH,AGL,CE,Towers with Radar,14,66,266,41,387,0,0,179,25,204,14,66,445,66,591,108,16,124,715
06/09/2001,CAK,OH,AGL,CE,Towers with Radar,10,58,287,41,396,0,0,208,0,208,10,58,495,41,604,90,0,90,694
06/10/2001,CAK,OH,AGL,CE,Towers with Radar,14,36,176,20,246,0,0,82,0,82,14,36,258,20,328,72,0,72,400
06/11/2001,CAK,OH,AGL,CE,Towers with Radar,11,44,167,25,247,0,7,11,0,18,11,51,178,25,265,48,0,48,313
06/12/2001,CAK,OH,AGL,CE,Towers with Radar,15,43,218,35,311,0,0,56,15,71,15,43,274,50,382,60,52,112,494
06/13/2001,CAK,OH,AGL,CE,Towers with Radar,12,44,167,27,250,2,18,77,20,117,14,62,244,47,367,50,18,68,435
06/14/2001,CAK,OH,AGL,CE,Towers with Radar,14,47,197,31,289,2,0,28,8,38,16,47,225,39,327,112,14,126,453
06/15/2001,CAK,OH,AGL,CE,Towers with Radar,11,38,151,24,224,5,0,0,23,28,16,38,151,47,252,92,4,96,348
06/16/2001,CAK,OH,AGL,CE,Towers with Radar,11,41,152,23,227,0,11,39,5,55,11,52,191,28,282,78,6,84,366
06/17/2001,CAK,OH,AGL,CE,Towers with Radar,11,43,159,21,234,2,4,64,0,70,13,47,223,21,304,44,2,46,350
06/18/2001,CAK,OH,AGL,CE,Towers with Radar,14,51,200,32,297,0,0,86,1,87,14,51,286,33,384,134,40,174,558
06/19/2001,CAK,OH,AGL,CE,Towers with Radar,13,47,176,27,263,2,13,64,15,94,15,60,240,42,357,120,0,120,477
06/20/2001,CAK,OH,AGL,CE,Towers with Radar,12,44,161,25,242,3,9,4,13,29,15,53,165,38,271,88,2,90,361
06/21/2001,CAK,OH,AGL,CE,Towers with Radar,12,47,156,28,243,4,1,0,6,11,16,48,156,34,254,20,2,22,276
06/22/2001,CAK,OH,AGL,CE,Towers with Radar,14,49,208,33,304,0,0,10,5,15,14,49,218,38,319,26,40,66,385
06/23/2001,CAK,OH,AGL,CE,Towers with Radar,12,49,191,25,277,0,0,117,0,117,12,49,308,25,394,388,6,394,788
06/24/2001,CAK,OH,AGL,CE,Towers with Radar,17,55,236,29,337,5,0,133,0,138,22,55,369,29,475,386,2,388,863
06/25/2001,CAK,OH,AGL,CE,Towers with Radar,14,51,189,25,279,2,3,103,0,108,16,54,292,25,387,93,16,109,496
06/26/2001,CAK,OH,AGL,CE,Towers with Radar,17,63,236,37,353,0,2,103,7,112,17,65,339,44,465,77,8,85,550
06/27/2001,CAK,OH,AGL,CE,Towers with Radar,15,61,234,31,341,0,0,65,0,65,15,61,299,31,406,92,6,98,504
06/28/2001,CAK,OH,AGL,CE,Towers with Radar,15,46,205,33,299,1,0,86,12,99,16,46,291,45,398,68,4,72,470
06/29/2001,CAK,OH,AGL,CE,Towers with Radar,14,54,200,32,300,1,5,71,1,78,15,59,271,33,378,84,8,92,470
06/30/2001,CAK,OH,AGL,CE,Towers with Radar,10,53,209,33,305,0,0,63,18,81,10,53,272,51,386,54,14,68,454
07/01/2001,CAK,OH,AGL,CE,Towers with Radar,7,36,83,16,142,8,4,25,8,45,15,40,108,24,187,40,0,40,227
07/02/2001,CAK,OH,AGL,CE,Towers with Radar,10,56,175,30,271,0,0,213,22,235,10,56,388,52,506,140,6,146,652
07/03/2001,CAK,OH,AGL,CE,Towers with Radar,13,57,127,23,220,0,9,66,12,87,13,66,193,35,307,134,10,144,451
07/04/2001,CAK,OH,AGL,CE,Towers with Radar,6,27,61,6,100,7,15,17,0,39,13,42,78,6,139,20,8,28,167
07/05/2001,CAK,OH,AGL,CE,Towers with Radar,10,49,117,14,190,0,5,63,2,70,10,54,180,16,260,70,18,88,348
07/06/2001,CAK,OH,AGL,CE,Towers with Radar,13,49,132,44,238,0,1,109,22,132,13,50,241,66,370,66,14,80,450
07/07/2001,CAK,OH,AGL,CE,Towers with Radar,14,40,106,10,170,0,0,54,9,63,14,40,160,19,233,44,2,46,279
07/08/2001,CAK,OH,AGL,CE,Towers with Radar,15,47,96,22,180,0,0,26,1,27,15,47,122,23,207,74,0,74,281
07/09/2001,CAK,OH,AGL,CE,Towers with Radar,14,58,130,12,214,0,6,101,0,107,14,64,231,12,321,98,10,108,429
07/10/2001,CAK,OH,AGL,CE,Towers with Radar,16,51,128,29,224,0,5,51,4,60,16,56,179,33,284,126,8,134,418
07/11/2001,CAK,OH,AGL,CE,Towers with Radar,16,72,164,14,266,0,5,91,8,104,16,77,255,22,370,148,0,148,518
07/12/2001,CAK,OH,AGL,CE,Towers with Radar,13,65,144,24,246,0,6,103,8,117,13,71,247,32,363,112,12,124,487
07/13/2001,CAK,OH,AGL,CE,Towers with Radar,16,66,159,14,255,0,3,105,14,122,16,69,264,28,377,118,40,158,535
07/14/2001,CAK,OH,AGL,CE,Towers with Radar,12,49,110,11,182,0,4,101,5,110,12,53,211,16,292,94,6,100,392
07/15/2001,CAK,OH,AGL,CE,Towers with Radar,12,57,107,12,188,0,2,101,6,109,12,59,208,18,297,98,4,102,399
07/16/2001,CAK,OH,AGL,CE,Towers with Radar,13,51,136,16,216,0,3,96,0,99,13,54,232,16,315,72,10,82,397
07/17/2001,CAK,OH,AGL,CE,Towers with Radar,12,58,101,13,184,0,2,42,0,44,12,60,143,13,228,70,2,72,300
07/18/2001,CAK,OH,AGL,CE,Towers with Radar,14,57,153,17,241,0,1,43,4,48,14,58,196,21,289,70,6,76,365
07/19/2001,CAK,OH,AGL,CE,Towers with Radar,14,55,160,29,258,0,3,30,9,42,14,58,190,38,300,52,28,80,380
07/20/2001,CAK,OH,AGL,CE,Towers with Radar,16,67,108,41,232,0,4,44,4,52,16,71,152,45,284,64,36,100,384
07/21/2001,CAK,OH,AGL,CE,Towers with Radar,15,43,102,18,178,0,1,77,0,78,15,44,179,18,256,88,36,124,380
07/22/2001,CAK,OH,AGL,CE,Towers with Radar,13,55,80,27,175,0,2,40,1,43,13,57,120,28,218,70,12,82,300
07/23/2001,CAK,OH,AGL,CE,Towers with Radar,13,57,122,20,212,0,4,33,0,37,13,61,155,20,249,52,0,52,301
07/24/2001,CAK,OH,AGL,CE,Towers with Radar,16,55,126,19,216,0,0,42,2,44,16,55,168,21,260,86,2,88,348
07/25/2001,CAK,OH,AGL,CE,Towers with Radar,15,71,102,26,214,0,1,35,4,40,15,72,137,30,254,16,6,22,276
07/26/2001,CAK,OH,AGL,CE,Towers with Radar,14,58,166,30,268,0,2,69,3,74,14,60,235,33,342,104,2,106,448
07/27/2001,CAK,OH,AGL,CE,Towers with Radar,17,66,137,30,250,0,4,151,6,161,17,70,288,36,411,76,4,80,491
07/28/2001,CAK,OH,AGL,CE,Towers with Radar,14,69,87,14,184,0,4,72,14,90,14,73,159,28,274,88,12,100,374
07/29/2001,CAK,OH,AGL,CE,Towers with Radar,12,53,106,20,191,0,1,65,5,71,12,54,171,25,262,36,8,44,306
07/30/2001,CAK,OH,AGL,CE,Towers with Radar,14,69,129,32,244,0,3,55,0,58,14,72,184,32,302,24,2,26,328
07/31/2001,CAK,OH,AGL,CE,Towers with Radar,15,64,164,55,298,0,3,92,2,97,15,67,256,57,395,102,28,130,525
08/01/2001,CAK,OH,AGL,CE,Towers with Radar,13,67,115,27,222,0,2,65,4,71,13,69,180,31,293,126,6,132,425
08/02/2001,CAK,OH,AGL,CE,Towers with Radar,14,71,107,16,208,0,1,39,3,43,14,72,146,19,251,30,14,44,295
08/03/2001,CAK,OH,AGL,CE,Towers with Radar,15,70,115,15,215,0,2,3,1,6,15,72,118,16,221,32,36,68,289
08/04/2001,CAK,OH,AGL,CE,Towers with Radar,13,64,96,19,192,0,2,90,1,93,13,66,186,20,285,41,2,43,328
08/05/2001,CAK,OH,AGL,CE,Towers with Radar,22,49,90,18,179,0,2,84,1,87,22,51,174,19,266,46,4,50,316
08/06/2001,CAK,OH,AGL,CE,Towers with Radar,16,68,176,31,291,0,1,111,1,113,16,69,287,32,404,57,4,61,465
08/07/2001,CAK,OH,AGL,CE,Towers with Radar,17,62,136,36,251,0,3,98,10,111,17,65,234,46,362,54,36,90,452
08/08/2001,CAK,OH,AGL,CE,Towers with Radar,14,67,131,25,237,0,3,51,12,66,14,70,182,37,303,58,8,66,369
08/09/2001,CAK,OH,AGL,CE,Towers with Radar,13,55,107,20,195,0,3,34,6,43,13,58,141,26,238,44,20,64,302
08/10/2001,CAK,OH,AGL,CE,Towers with Radar,14,72,133,22,241,0,7,45,5,57,14,79,178,27,298,82,24,106,404
08/11/2001,CAK,OH,AGL,CE,Towers with Radar,12,71,105,15,203,0,18,102,9,129,12,89,207,24,332,58,1,59,391
08/12/2001,CAK,OH,AGL,CE,Towers with Radar,17,52,56,19,144,0,0,23,0,23,17,52,79,19,167,15,0,15,182
08/13/2001,CAK,OH,AGL,CE,Towers with Radar,15,63,74,28,180,0,0,54,13,67,15,63,128,41,247,46,4,50,297
08/14/2001,CAK,OH,AGL,CE,Towers with Radar,16,68,135,20,239,0,1,98,16,115,16,69,233,36,354,85,2,87,441
08/15/2001,CAK,OH,AGL,CE,Towers with Radar,14,69,123,31,237,0,6,103,17,126,14,75,226,48,363,118,24,142,505
08/16/2001,CAK,OH,AGL,CE,Towers with Radar,14,59,83,31,187,0,3,26,11,40,14,62,109,42,227,6,54,60,287
08/17/2001,CAK,OH,AGL,CE,Towers with Radar,14,72,111,18,215,0,0,47,18,65,14,72,158,36,280,40,4,44,324
08/18/2001,CAK,OH,AGL,CE,Towers with Radar,11,48,87,26,172,0,0,31,19,50,11,48,118,45,222,52,10,62,284
08/19/2001,CAK,OH,AGL,CE,Towers with Radar,17,50,75,14,156,0,0,20,9,29,17,50,95,23,185,29,28,57,242
08/20/2001,CAK,OH,AGL,CE,Towers with Radar,15,72,90,18,195,0,0,18,0,18,15,72,108,18,213,10,6,16,229
08/21/2001,CAK,OH,AGL,CE,Towers with Radar,16,69,108,14,207,0,4,104,3,111,16,73,212,17,318,61,18,79,397
08/22/2001,CAK,OH,AGL,CE,Towers with Radar,16,78,108,26,228,0,2,62,7,71,16,80,170,33,299,100,39,139,438
08/23/2001,CAK,OH,AGL,CE,Towers with Radar,14,78,104,22,218,0,1,15,9,25,14,79,119,31,243,38,8,46,289
08/24/2001,CAK,OH,AGL,CE,Towers with Radar,15,79,118,22,234,0,0,51,3,54,15,79,169,25,288,43,8,51,339
08/25/2001,CAK,OH,AGL,CE,Towers with Radar,8,59,82,20,169,0,2,66,0,68,8,61,148,20,237,41,8,49,286
08/26/2001,CAK,OH,AGL,CE,Towers with Radar,16,72,77,25,190,0,0,30,1,31,16,72,107,26,221,71,0,71,292
08/27/2001,CAK,OH,AGL,CE,Towers with Radar,12,68,127,30,237,0,1,82,15,98,12,69,209,45,335,39,4,43,378
08/28/2001,CAK,OH,AGL,CE,Towers with Radar,16,73,105,42,236,0,0,51,22,73,16,73,156,64,309,64,68,132,441
08/29/2001,CAK,OH,AGL,CE,Towers with Radar,14,63,134,37,248,0,3,91,14,108,14,66,225,51,356,64,58,122,478
08/30/2001,CAK,OH,AGL,CE,Towers with Radar,14,70,127,32,243,0,1,76,10,87,14,71,203,42,330,95,24,119,449
08/31/2001,CAK,OH,AGL,CE,Towers with Radar,16,67,55,17,155,0,0,10,2,12,16,67,65,19,167,6,8,14,181
09/01/2001,CAK,OH,AGL,CE,Towers with Radar,20,57,99,21,197,0,6,75,0,81,20,63,174,21,278,65,0,65,343
09/02/2001,CAK,OH,AGL,CE,Towers with Radar,18,45,11,12,86,0,2,83,0,85,18,47,94,12,171,61,2,63,234
09/03/2001,CAK,OH,AGL,CE,Towers with Radar,18,53,38,19,128,0,2,47,2,51,18,55,85,21,179,44,8,52,231
09/04/2001,CAK,OH,AGL,CE,Towers with Radar,17,67,105,21,210,0,0,63,4,67,17,67,168,25,277,44,8,52,329
09/05/2001,CAK,OH,AGL,CE,Towers with Radar,21,73,157,18,269,0,5,92,6,103,21,78,249,24,372,121,0,121,493
09/06/2001,CAK,OH,AGL,CE,Towers with Radar,19,57,132,32,240,0,1,98,15,114,19,58,230,47,354,70,76,146,500
09/07/2001,CAK,OH,AGL,CE,Towers with Radar,21,58,91,30,200,0,0,34,9,43,21,58,125,39,243,58,18,76,319
09/08/2001,CAK,OH,AGL,CE,Towers with Radar,18,66,61,17,162,0,1,38,24,63,18,67,99,41,225,50,2,52,277
09/09/2001,CAK,OH,AGL,CE,Towers with Radar,22,47,83,17,169,0,2,53,25,80,22,49,136,42,249,80,6,86,335
09/10/2001,CAK,OH,AGL,CE,Towers with Radar,20,62,99,20,201,0,1,57,7,65,20,63,156,27,266,72,0,72,338
09/11/2001,CAK,OH,AGL,CE,Towers with Radar,4,20,27,8,59,3,6,9,20,38,7,26,36,28,97,0,0,0,97
09/12/2001,CAK,OH,AGL,CE,Towers with Radar,0,0,0,0,0,0,0,0,0,0,0,0,0,0,0,0,0,0,0
09/13/2001,CAK,OH,AGL,CE,Towers with Radar,4,34,1,4,43,0,0,0,2,2,4,34,1,6,45,0,0,0,45
09/14/2001,CAK,OH,AGL,CE,Towers with Radar,12,72,8,27,119,0,0,1,0,1,12,72,9,27,120,0,2,2,122
09/15/2001,CAK,OH,AGL,CE,Towers with Radar,12,59,55,20,146,0,0,7,10,17,12,59,62,30,163,7,8,15,178
09/16/2001,CAK,OH,AGL,CE,Towers with Radar,18,51,68,15,152,0,1,8,10,19,18,52,76,25,171,9,0,9,180
09/17/2001,CAK,OH,AGL,CE,Towers with Radar,17,71,59,20,167,0,0,16,0,16,17,71,75,20,183,15,7,22,205
09/18/2001,CAK,OH,AGL,CE,Towers with Radar,13,67,100,20,200,0,0,1,0,1,13,67,101,20,201,40,0,40,241
09/19/2001,CAK,OH,AGL,CE,Towers with Radar,14,67,84,35,200,0,0,4,0,4,14,67,88,35,204,9,22,31,235
09/20/2001,CAK,OH,AGL,CE,Towers with Radar,14,58,105,17,194,0,0,12,7,19,14,58,117,24,213,10,0,10,223
09/21/2001,CAK,OH,AGL,CE,Towers with Radar,14,52,73,20,159,0,0,7,0,7,14,52,80,20,166,21,18,39,205
09/22/2001,CAK,OH,AGL,CE,Towers with Radar,12,47,87,19,165,0,3,41,5,49,12,50,128,24,214,43,2,45,259
09/23/2001,CAK,OH,AGL,CE,Towers with Radar,12,46,86,10,154,0,0,57,1,58,12,46,143,11,212,57,8,65,277
09/24/2001,CAK,OH,AGL,CE,Towers with Radar,13,65,74,16,168,0,0,5,2,7,13,65,79,18,175,6,12,18,193
09/25/2001,CAK,OH,AGL,CE,Towers with Radar,12,51,73,15,151,0,0,12,2,14,12,51,85,17,165,10,8,18,183
09/26/2001,CAK,OH,AGL,CE,Towers with Radar,9,64,84,15,172,0,2,31,8,41,9,66,115,23,213,9,10,19,232
09/27/2001,CAK,OH,AGL,CE,Towers with Radar,13,65,111,34,223,0,0,19,11,30,13,65,130,45,253,80,2,82,335
09/28/2001,CAK,OH,AGL,CE,Towers with Radar,12,67,117,29,225,0,1,30,14,45,12,68,147,43,270,52,32,84,354
09/29/2001,CAK,OH,AGL,CE,Towers with Radar,10,49,87,21,167,0,4,63,0,67,10,53,150,21,234,75,20,95,329
09/30/2001,CAK,OH,AGL,CE,Towers with Radar,11,36,107,15,169,0,1,77,1,79,11,37,184,16,248,72,8,80,328
10/01/2001,CAK,OH,AGL,CE,Towers with Radar,13,48,106,20,187,0,2,73,0,75,13,50,179,20,262,92,2,94,356
10/02/2001,CAK,OH,AGL,CE,Towers with Radar,12,62,165,13,252,0,3,94,9,106,12,65,259,22,358,70,32,102,460
10/03/2001,CAK,OH,AGL,CE,Towers with Radar,12,63,102,17,194,0,2,58,3,63,12,65,160,20,257,11,2,13,270
10/04/2001,CAK,OH,AGL,CE,Towers with Radar,12,60,114,27,213,0,1,41,6,48,12,61,155,33,261,51,10,61,322
10/05/2001,CAK,OH,AGL,CE,Towers with Radar,11,55,86,26,178,0,2,15,4,21,11,57,101,30,199,42,0,42,241
10/06/2001,CAK,OH,AGL,CE,Towers with Radar,11,50,36,10,107,0,0,16,4,20,11,50,52,14,127,19,10,29,156
10/07/2001,CAK,OH,AGL,CE,Towers with Radar,10,54,65,8,137,0,2,42,0,44,10,56,107,8,181,30,6,36,217
10/08/2001,CAK,OH,AGL,CE,Towers with Radar,8,66,130,15,219,0,3,99,1,103,8,69,229,16,322,60,4,64,386
10/09/2001,CAK,OH,AGL,CE,Towers with Radar,9,70,166,23,268,0,0,77,3,80,9,70,243,26,348,42,26,68,416
10/10/2001,CAK,OH,AGL,CE,Towers with Radar,8,71,124,27,230,0,7,55,1,63,8,78,179,28,293,77,6,83,376
10/11/2001,CAK,OH,AGL,CE,Towers with Radar,9,78,118,23,228,0,3,29,17,49,9,81,147,40,277,52,22,74,351
10/12/2001,CAK,OH,AGL,CE,Towers with Radar,8,64,76,18,166,0,3,7,0,10,8,67,83,18,176,14,8,22,198
10/13/2001,CAK,OH,AGL,CE,Towers with Radar,14,62,100,7,183,0,0,29,1,30,14,62,129,8,213,53,6,59,272
10/14/2001,CAK,OH,AGL,CE,Towers with Radar,8,46,31,14,99,0,0,12,2,14,8,46,43,16,113,2,0,2,115
10/15/2001,CAK,OH,AGL,CE,Towers with Radar,8,67,95,8,178,0,0,68,1,69,8,67,163,9,247,15,2,17,264
10/16/2001,CAK,OH,AGL,CE,Towers with Radar,10,65,43,11,129,0,2,8,0,10,10,67,51,11,139,9,0,9,148
10/17/2001,CAK,OH,AGL,CE,Towers with Radar,10,68,77,14,169,0,1,20,9,30,10,69,97,23,199,22,2,24,223
10/18/2001,CAK,OH,AGL,CE,Towers with Radar,9,62,145,19,235,0,1,62,4,67,9,63,207,23,302,63,0,63,365
10/19/2001,CAK,OH,AGL,CE,Towers with Radar,9,62,94,30,195,0,3,58,5,66,9,65,152,35,261,32,6,38,299
10/20/2001,CAK,OH,AGL,CE,Towers with Radar,8,56,98,8,170,0,3,110,2,115,8,59,208,10,285,125,4,129,414
10/21/2001,CAK,OH,AGL,CE,Towers with Radar,10,50,74,26,160,0,0,46,1,47,10,50,120,27,207,16,0,16,223
10/22/2001,CAK,OH,AGL,CE,Towers with Radar,8,60,113,5,186,0,0,36,0,36,8,60,149,5,222,68,8,76,298
10/23/2001,CAK,OH,AGL,CE,Towers with Radar,8,67,69,16,160,0,0,9,14,23,8,67,78,30,183,9,0,9,192
10/24/2001,CAK,OH,AGL,CE,Towers with Radar,8,67,80,20,175,0,1,17,22,40,8,68,97,42,215,47,18,65,280
10/25/2001,CAK,OH,AGL,CE,Towers with Radar,10,68,48,4,130,0,0,5,2,7,10,68,53,6,137,4,0,4,141
10/26/2001,CAK,OH,AGL,CE,Towers with Radar,7,62,34,6,109,0,1,4,0,5,7,63,38,6,114,1,0,1,115
10/27/2001,CAK,OH,AGL,CE,Towers with Radar,8,54,29,13,104,0,0,8,16,24,8,54,37,29,128,23,24,47,175
10/28/2001,CAK,OH,AGL,CE,Towers with Radar,8,44,104,14,170,0,2,78,14,94,8,46,182,28,264,80,0,80,344
10/29/2001,CAK,OH,AGL,CE,Towers with Radar,8,66,107,16,197,0,4,87,0,91,8,70,194,16,288,174,0,174,462
10/30/2001,CAK,OH,AGL,CE,Towers with Radar,7,72,145,19,243,0,4,56,5,65,7,76,201,24,308,58,0,58,366
10/31/2001,CAK,OH,AGL,CE,Towers with Radar,7,67,90,15,179,0,3,70,4,77,7,70,160,19,256,74,0,74,330
11/01/2001,CAK,OH,AGL,CE,Towers with Radar,8,71,64,11,154,0,2,37,3,42,8,73,101,14,196,48,0,48,244
11/02/2001,CAK,OH,AGL,CE,Towers with Radar,8,75,41,18,142,0,0,12,6,18,8,75,53,24,160,12,4,16,176
11/03/2001,CAK,OH,AGL,CE,Towers with Radar,8,55,107,6,176,0,0,121,0,121,8,55,228,6,297,90,8,98,395
11/04/2001,CAK,OH,AGL,CE,Towers with Radar,8,48,104,18,178,0,0,86,3,89,8,48,190,21,267,112,32,144,411
11/05/2001,CAK,OH,AGL,CE,Towers with Radar,8,63,110,21,202,0,0,56,8,64,8,63,166,29,266,48,18,66,332
11/06/2001,CAK,OH,AGL,CE,Towers with Radar,9,83,102,24,218,0,0,69,18,87,9,83,171,42,305,84,96,180,485
11/07/2001,CAK,OH,AGL,CE,Towers with Radar,10,88,114,41,253,0,4,73,19,96,10,92,187,60,349,66,120,186,535
11/08/2001,CAK,OH,AGL,CE,Towers with Radar,10,82,71,27,190,0,1,37,2,40,10,83,108,29,230,38,56,94,324
11/09/2001,CAK,OH,AGL,CE,Towers with Radar,10,80,128,20,238,0,1,66,10,77,10,81,194,30,315,90,94,184,499
11/10/2001,CAK,OH,AGL,CE,Towers with Radar,11,64,37,7,119,0,0,57,1,58,11,64,94,8,177,24,0,24,201
11/11/2001,CAK,OH,AGL,CE,Towers with Radar,11,52,77,7,147,0,3,79,3,85,11,55,156,10,232,92,6,98,330
11/12/2001,CAK,OH,AGL,CE,Towers with Radar,10,71,109,13,203,0,0,68,5,73,10,71,177,18,276,118,0,118,394
11/13/2001,CAK,OH,AGL,CE,Towers with Radar,11,79,96,33,219,0,0,59,7,66,11,79,155,40,285,120,100,220,505
11/14/2001,CAK,OH,AGL,CE,Towers with Radar,11,72,104,30,217,0,4,62,14,80,11,76,166,44,297,18,70,88,385
11/15/2001,CAK,OH,AGL,CE,Towers with Radar,10,74,140,42,266,0,6,77,15,98,10,80,217,57,364,130,26,156,520
11/16/2001,CAK,OH,AGL,CE,Towers with Radar,6,73,67,35,181,0,2,21,4,27,6,75,88,39,208,67,0,67,275
11/17/2001,CAK,OH,AGL,CE,Towers with Radar,13,70,46,6,135,0,0,9,2,11,13,70,55,8,146,29,0,29,175
11/18/2001,CAK,OH,AGL,CE,Towers with Radar,11,49,88,11,159,0,3,74,1,78,11,52,162,12,237,62,0,62,299
11/19/2001,CAK,OH,AGL,CE,Towers with Radar,10,73,80,30,193,0,0,29,7,36,10,73,109,37,229,74,52,126,355
11/20/2001,CAK,OH,AGL,CE,Towers with Radar,10,74,50,20,154,0,2,54,10,66,10,76,104,30,220,0,6,6,226
11/21/2001,CAK,OH,AGL,CE,Towers with Radar,10,65,77,35,187,0,4,68,24,96,10,69,145,59,283,53,8,61,344
11/22/2001,CAK,OH,AGL,CE,Towers with Radar,7,47,17,6,77,0,0,38,1,39,7,47,55,7,116,9,2,11,127
11/23/2001,CAK,OH,AGL,CE,Towers with Radar,10,53,71,8,142,0,2,98,2,102,10,55,169,10,244,47,0,47,291
11/24/2001,CAK,OH,AGL,CE,Towers with Radar,12,55,26,7,100,0,0,30,0,30,12,55,56,7,130,43,0,43,173
11/25/2001,CAK,OH,AGL,CE,Towers with Radar,9,51,42,9,111,0,0,13,0,13,9,51,55,9,124,81,6,87,211
11/26/2001,CAK,OH,AGL,CE,Towers with Radar,10,67,106,17,200,0,1,62,16,79,10,68,168,33,279,7,6,13,292
11/27/2001,CAK,OH,AGL,CE,Towers with Radar,10,96,88,15,209,0,0,4,1,5,10,96,92,16,214,16,2,18,232
11/28/2001,CAK,OH,AGL,CE,Towers with Radar,10,83,107,11,211,0,0,10,12,22,10,83,117,23,233,23,28,51,284
11/29/2001,CAK,OH,AGL,CE,Towers with Radar,7,56,9,15,87,3,36,0,3,42,10,92,9,18,129,32,0,32,161
11/30/2001,CAK,OH,AGL,CE,Towers with Radar,10,83,77,16,186,0,3,13,1,17,10,86,90,17,203,50,0,50,253
12/01/2001,CAK,OH,AGL,CE,Towers with Radar,11,60,93,17,181,0,1,51,27,79,11,61,144,44,260,51,6,57,317
12/02/2001,CAK,OH,AGL,CE,Towers with Radar,11,55,141,13,220,0,0,96,2,98,11,55,237,15,318,102,6,108,426
12/03/2001,CAK,OH,AGL,CE,Towers with Radar,10,70,100,17,197,0,3,70,10,83,10,73,170,27,280,47,8,55,335
12/04/2001,CAK,OH,AGL,CE,Towers with Radar,11,87,100,20,218,0,2,32,32,66,11,89,132,52,284,61,26,87,371
12/05/2001,CAK,OH,AGL,CE,Towers with Radar,10,75,129,26,240,0,3,52,26,81,10,78,181,52,321,95,2,97,418
12/06/2001,CAK,OH,AGL,CE,Towers with Radar,11,80,114,35,240,0,2,13,23,38,11,82,127,58,278,13,0,13,291
12/07/2001,CAK,OH,AGL,CE,Towers with Radar,11,72,76,25,184,0,1,25,9,35,11,73,101,34,219,31,8,39,258
12/08/2001,CAK,OH,AGL,CE,Towers with Radar,15,60,50,10,135,0,0,29,28,57,15,60,79,38,192,29,10,39,231
12/09/2001,CAK,OH,AGL,CE,Towers with Radar,9,53,75,8,145,0,2,32,1,35,9,55,107,9,180,56,6,62,242
12/10/2001,CAK,OH,AGL,CE,Towers with Radar,6,58,103,7,174,0,3,58,0,61,6,61,161,7,235,100,0,100,335
12/11/2001,CAK,OH,AGL,CE,Towers with Radar,9,76,98,12,195,0,7,43,1,51,9,83,141,13,246,48,0,48,294
12/12/2001,CAK,OH,AGL,CE,Towers with Radar,10,74,115,12,211,0,4,59,5,68,10,78,174,17,279,58,0,58,337
12/13/2001,CAK,OH,AGL,CE,Towers with Radar,9,92,73,8,182,0,2,4,0,6,9,94,77,8,188,8,0,8,196
12/14/2001,CAK,OH,AGL,CE,Towers with Radar,10,73,58,14,155,0,1,7,0,8,10,74,65,14,163,12,0,12,175
12/15/2001,CAK,OH,AGL,CE,Towers with Radar,11,72,73,16,172,0,4,69,13,86,11,76,142,29,258,61,12,73,331
12/16/2001,CAK,OH,AGL,CE,Towers with Radar,9,49,74,16,148,0,0,67,1,68,9,49,141,17,216,68,0,68,284
12/17/2001,CAK,OH,AGL,CE,Towers with Radar,10,71,44,10,135,0,0,4,0,4,10,71,48,10,139,9,0,9,148
12/18/2001,CAK,OH,AGL,CE,Towers with Radar,10,73,66,13,162,0,1,40,14,55,10,74,106,27,217,9,2,11,228
12/19/2001,CAK,OH,AGL,CE,Towers with Radar,10,80,117,24,231,0,2,52,11,65,10,82,169,35,296,69,10,79,375
12/20/2001,CAK,OH,AGL,CE,Towers with Radar,10,79,62,20,171,0,0,22,14,36,10,79,84,34,207,23,0,23,230
12/21/2001,CAK,OH,AGL,CE,Towers with Radar,10,79,73,10,172,0,5,69,0,74,10,84,142,10,246,80,0,80,326
12/22/2001,CAK,OH,AGL,CE,Towers with Radar,11,70,82,15,178,0,2,107,0,109,11,72,189,15,287,93,0,93,380
12/23/2001,CAK,OH,AGL,CE,Towers with Radar,9,55,18,4,86,0,0,4,0,4,9,55,22,4,90,7,10,17,107
12/24/2001,CAK,OH,AGL,CE,Towers with Radar,10,62,14,3,89,0,0,3,1,4,10,62,17,4,93,6,2,8,101
12/25/2001,CAK,OH,AGL,CE,Towers with Radar,10,60,3,4,77,0,1,2,0,3,10,61,5,4,80,3,2,5,85
12/26/2001,CAK,OH,AGL,CE,Towers with Radar,12,70,67,10,159,0,0,21,3,24,12,70,88,13,183,25,2,27,210
12/27/2001,CAK,OH,AGL,CE,Towers with Radar,12,76,44,13,145,0,0,1,0,1,12,76,45,13,146,5,0,5,151
12/28/2001,CAK,OH,AGL,CE,Towers with Radar,10,62,30,9,111,0,0,2,7,9,10,62,32,16,120,12,0,12,132
12/29/2001,CAK,OH,AGL,CE,Towers with Radar,11,66,42,8,127,0,0,12,1,13,11,66,54,9,140,14,2,16,156
12/30/2001,CAK,OH,AGL,CE,Towers with Radar,9,46,54,7,116,0,0,43,1,44,9,46,97,8,160,26,2,28,188
12/31/2001,CAK,OH,AGL,CE,Towers with Radar,10,64,28,15,117,0,1,6,8,15,10,65,34,23,132,5,0,5,137
01/01/2002,CAK,OH,AGL,CE,Towers with Radar,10,58,17,3,88,0,1,16,1,18,10,59,33,4,106,11,6,17,123
01/02/2002,CAK,OH,AGL,CE,Towers with Radar,6,64,75,31,176,0,1,57,9,67,6,65,132,40,243,22,38,60,303
01/03/2002,CAK,OH,AGL,CE,Towers with Radar,8,60,116,14,198,0,0,56,7,63,8,60,172,21,261,103,42,145,406
01/04/2002,CAK,OH,AGL,CE,Towers with Radar,10,77,84,13,184,0,4,47,2,53,10,81,131,15,237,102,2,104,341
01/05/2002,CAK,OH,AGL,CE,Towers with Radar,9,66,81,8,164,0,0,77,0,77,9,66,158,8,241,39,6,45,286
01/06/2002,CAK,OH,AGL,CE,Towers with Radar,9,50,16,3,78,0,0,1,0,1,9,50,17,3,79,1,0,1,80
01/07/2002,CAK,OH,AGL,CE,Towers with Radar,9,82,43,12,146,0,2,9,1,12,9,84,52,13,158,13,2,15,173
01/08/2002,CAK,OH,AGL,CE,Towers with Radar,6,81,58,13,158,0,2,30,4,36,6,83,88,17,194,35,18,53,247
01/09/2002,CAK,OH,AGL,CE,Towers with Radar,6,76,62,13,157,0,2,25,3,30,6,78,87,16,187,13,12,25,212
01/10/2002,CAK,OH,AGL,CE,Towers with Radar,8,77,73,11,169,0,1,37,8,46,8,78,110,19,215,94,24,118,333
01/11/2002,CAK,OH,AGL,CE,Towers with Radar,8,76,66,62,212,0,0,10,15,25,8,76,76,77,237,7,2,9,246
01/12/2002,CAK,OH,AGL,CE,Towers with Radar,6,68,47,13,134,0,3,34,7,44,6,71,81,20,178,34,0,34,212
01/13/2002,CAK,OH,AGL,CE,Towers with Radar,9,59,45,6,119,0,0,30,16,46,9,59,75,22,165,24,68,92,257
01/14/2002,CAK,OH,AGL,CE,Towers with Radar,6,77,56,15,154,0,0,29,10,39,6,77,85,25,193,31,0,31,224
01/15/2002,CAK,OH,AGL,CE,Towers with Radar,6,78,59,1,144,0,2,4,3,9,6,80,63,4,153,6,12,18,171
01/16/2002,CAK,OH,AGL,CE,Towers with Radar,6,79,74,14,173,0,0,23,2,25,6,79,97,16,198,63,3,66,264
01/17/2002,CAK,OH,AGL,CE,Towers with Radar,6,83,46,11,146,0,0,20,5,25,6,83,66,16,171,30,22,52,223
01/18/2002,CAK,OH,AGL,CE,Towers with Radar,6,72,50,11,139,0,2,23,3,28,6,74,73,14,167,26,0,26,193
01/19/2002,CAK,OH,AGL,CE,Towers with Radar,8,66,13,4,91,0,1,5,0,6,8,67,18,4,97,6,2,8,105
01/20/2002,CAK,OH,AGL,CE,Towers with Radar,8,61,67,8,144,0,2,46,3,51,8,63,113,11,195,48,2,50,245
01/21/2002,CAK,OH,AGL,CE,Towers with Radar,6,76,42,3,127,0,1,4,0,5,6,77,46,3,132,13,0,13,145
01/22/2002,CAK,OH,AGL,CE,Towers with Radar,8,73,113,22,216,0,3,78,5,86,8,76,191,27,302,94,0,94,396
01/23/2002,CAK,OH,AGL,CE,Towers with Radar,6,79,72,10,167,0,0,0,4,4,6,79,72,14,171,7,4,11,182
01/24/2002,CAK,OH,AGL,CE,Towers with Radar,7,80,58,20,165,0,1,1,0,2,7,81,59,20,167,6,0,6,173
01/25/2002,CAK,OH,AGL,CE,Towers with Radar,6,73,95,22,196,0,2,85,13,100,6,75,180,35,296,80,14,94,390
01/26/2002,CAK,OH,AGL,CE,Towers with Radar,6,66,93,11,176,0,1,75,12,88,6,67,168,23,264,101,4,105,369
01/27/2002,CAK,OH,AGL,CE,Towers with Radar,6,66,107,10,189,0,2,81,7,90,6,68,188,17,279,58,0,58,337
01/28/2002,CAK,OH,AGL,CE,Towers with Radar,6,80,91,12,189,0,2,58,14,74,6,82,149,26,263,59,4,63,326
01/29/2002,CAK,OH,AGL,CE,Towers with Radar,6,85,67,14,172,0,0,17,2,19,6,85,84,16,191,35,0,35,226
01/30/2002,CAK,OH,AGL,CE,Towers with Radar,6,90,49,6,151,0,1,3,0,4,6,91,52,6,155,7,0,7,162
01/31/2002,CAK,OH,AGL,CE,Towers with Radar,6,70,63,8,147,0,0,3,0,3,6,70,66,8,150,13,0,13,163
02/01/2002,CAK,OH,AGL,CE,Towers with Radar,5,79,39,9,132,1,1,3,4,9,6,80,42,13,141,5,0,5,146
02/02/2002,CAK,OH,AGL,CE,Towers with Radar,6,68,115,5,194,0,5,84,9,98,6,73,199,14,292,41,0,41,333
02/03/2002,CAK,OH,AGL,CE,Towers with Radar,6,50,59,9,124,0,2,37,11,50,6,52,96,20,174,55,18,73,247
02/04/2002,CAK,OH,AGL,CE,Towers with Radar,8,74,51,21,154,0,2,0,0,2,8,76,51,21,156,5,0,5,161
02/05/2002,CAK,OH,AGL,CE,Towers with Radar,6,78,100,15,199,0,3,39,4,46,6,81,139,19,245,21,1,22,267
02/06/2002,CAK,OH,AGL,CE,Towers with Radar,6,71,124,11,212,0,2,56,8,66,6,73,180,19,278,78,4,82,360
02/07/2002,CAK,OH,AGL,CE,Towers with Radar,8,81,113,27,229,0,3,59,6,68,8,84,172,33,297,71,8,79,376
02/08/2002,CAK,OH,AGL,CE,Towers with Radar,7,76,118,11,212,0,3,36,9,48,7,79,154,20,260,39,20,59,319
02/09/2002,CAK,OH,AGL,CE,Towers with Radar,5,69,115,12,201,0,3,112,16,131,5,72,227,28,332,119,2,121,453
02/10/2002,CAK,OH,AGL,CE,Towers with Radar,8,53,66,12,139,0,3,5,14,22,8,56,71,26,161,25,0,25,186
02/11/2002,CAK,OH,AGL,CE,Towers with Radar,6,88,95,12,201,0,4,29,13,46,6,92,124,25,247,59,10,69,316
02/12/2002,CAK,OH,AGL,CE,Towers with Radar,8,87,71,17,183,0,2,16,10,28,8,89,87,27,211,18,16,34,245
02/13/2002,CAK,OH,AGL,CE,Towers with Radar,7,84,133,24,248,0,2,37,18,57,7,86,170,42,305,121,16,137,442
02/14/2002,CAK,OH,AGL,CE,Towers with Radar,7,88,113,16,224,0,6,60,7,73,7,94,173,23,297,71,20,91,388
02/15/2002,CAK,OH,AGL,CE,Towers with Radar,8,78,70,12,168,0,1,17,1,19,8,79,87,13,187,16,0,16,203
02/16/2002,CAK,OH,AGL,CE,Towers with Radar,6,65,48,3,122,0,3,18,1,22,6,68,66,4,144,67,0,67,211
02/17/2002,CAK,OH,AGL,CE,Towers with Radar,6,57,60,7,130,0,1,9,0,10,6,58,69,7,140,18,0,18,158
02/18/2002,CAK,OH,AGL,CE,Towers with Radar,8,73,129,18,228,0,0,128,0,128,8,73,257,18,356,109,10,119,475
02/19/2002,CAK,OH,AGL,CE,Towers with Radar,6,82,109,12,209,0,2,43,6,51,6,84,152,18,260,38,10,48,308
02/20/2002,CAK,OH,AGL,CE,Towers with Radar,7,87,50,13,157,0,2,3,2,7,7,89,53,15,164,9,12,21,185
02/21/2002,CAK,OH,AGL,CE,Towers with Radar,6,91,53,11,161,0,1,1,8,10,6,92,54,19,171,12,0,12,183
02/22/2002,CAK,OH,AGL,CE,Towers with Radar,6,71,61,14,152,0,1,5,6,12,6,72,66,20,164,25,0,25,189
02/23/2002,CAK,OH,AGL,CE,Towers with Radar,4,64,127,9,204,0,4,53,13,70,4,68,180,22,274,125,0,125,399
02/24/2002,CAK,OH,AGL,CE,Towers with Radar,6,65,139,14,224,0,2,87,0,89,6,67,226,14,313,136,4,140,453
02/25/2002,CAK,OH,AGL,CE,Towers with Radar,6,85,73,20,184,0,5,38,7,50,6,90,111,27,234,40,0,40,274
02/26/2002,CAK,OH,AGL,CE,Towers with Radar,4,73,54,13,144,0,1,1,3,5,4,74,55,16,149,6,24,30,179
02/27/2002,CAK,OH,AGL,CE,Towers with Radar,6,94,56,9,165,0,1,1,0,2,6,95,57,9,167,12,0,12,179
02/28/2002,CAK,OH,AGL,CE,Towers with Radar,6,70,107,24,207,0,1,24,13,38,6,71,131,37,245,63,52,115,360
03/01/2002,CAK,OH,AGL,CE,Towers with Radar,5,77,124,7,213,1,0,83,0,84,6,77,207,7,297,138,12,150,447
03/02/2002,CAK,OH,AGL,CE,Towers with Radar,7,67,44,17,135,0,1,14,2,17,7,68,58,19,152,30,0,30,182
03/03/2002,CAK,OH,AGL,CE,Towers with Radar,7,67,23,10,107,0,0,4,1,5,7,67,27,11,112,6,8,14,126
03/04/2002,CAK,OH,AGL,CE,Towers with Radar,6,87,51,6,150,0,0,9,2,11,6,87,60,8,161,7,4,11,172
03/05/2002,CAK,OH,AGL,CE,Towers with Radar,8,75,75,13,171,0,0,23,1,24,8,75,98,14,195,62,12,74,269
03/06/2002,CAK,OH,AGL,CE,Towers with Radar,8,92,83,29,212,0,1,29,4,34,8,93,112,33,246,40,2,42,288
03/07/2002,CAK,OH,AGL,CE,Towers with Radar,7,88,105,15,215,0,0,70,0,70,7,88,175,15,285,45,2,47,332
03/08/2002,CAK,OH,AGL,CE,Towers with Radar,6,80,114,19,219,0,1,34,19,54,6,81,148,38,273,43,2,45,318
03/09/2002,CAK,OH,AGL,CE,Towers with Radar,6,64,25,16,111,0,0,8,15,23,6,64,33,31,134,23,0,23,157
03/10/2002,CAK,OH,AGL,CE,Towers with Radar,10,52,32,2,96,0,0,4,1,5,10,52,36,3,101,2,2,4,105
03/11/2002,CAK,OH,AGL,CE,Towers with Radar,6,75,136,33,250,0,0,80,9,89,6,75,216,42,339,88,6,94,433
03/12/2002,CAK,OH,AGL,CE,Towers with Radar,8,72,115,16,211,0,2,48,16,66,8,74,163,32,277,37,34,71,348
03/13/2002,CAK,OH,AGL,CE,Towers with Radar,8,92,125,24,249,0,2,76,12,90,8,94,201,36,339,120,4,124,463
03/14/2002,CAK,OH,AGL,CE,Towers with Radar,6,83,125,24,238,0,0,63,11,74,6,83,188,35,312,20,4,24,336
03/15/2002,CAK,OH,AGL,CE,Towers with Radar,7,76,76,25,184,0,0,22,6,28,7,76,98,31,212,8,0,8,220
03/16/2002,CAK,OH,AGL,CE,Towers with Radar,6,74,53,3,136,0,1,38,5,44,6,75,91,8,180,63,2,65,245
03/17/2002,CAK,OH,AGL,CE,Towers with Radar,6,57,89,11,163,0,0,34,0,34,6,57,123,11,197,60,0,60,257
03/18/2002,CAK,OH,AGL,CE,Towers with Radar,8,75,64,16,163,0,0,21,0,21,8,75,85,16,184,56,0,56,240
03/19/2002,CAK,OH,AGL,CE,Towers with Radar,6,93,111,38,248,0,1,43,10,54,6,94,154,48,302,39,2,41,343
03/20/2002,CAK,OH,AGL,CE,Towers with Radar,6,85,78,15,184,0,0,9,3,12,6,85,87,18,196,19,22,41,237
03/21/2002,CAK,OH,AGL,CE,Towers with Radar,10,86,79,15,190,0,6,22,1,29,10,92,101,16,219,52,0,52,271
03/22/2002,CAK,OH,AGL,CE,Towers with Radar,8,78,77,13,176,0,0,7,4,11,8,78,84,17,187,15,20,35,222
03/23/2002,CAK,OH,AGL,CE,Towers with Radar,6,65,49,11,131,0,0,22,12,34,6,65,71,23,165,19,20,39,204
03/24/2002,CAK,OH,AGL,CE,Towers with Radar,7,64,61,3,135,0,2,8,1,11,7,66,69,4,146,29,0,29,175
03/25/2002,CAK,OH,AGL,CE,Towers with Radar,7,75,33,5,120,0,0,0,0,0,7,75,33,5,120,5,0,5,125
03/26/2002,CAK,OH,AGL,CE,Towers with Radar,7,76,37,13,133,0,0,0,0,0,7,76,37,13,133,7,0,7,140
03/27/2002,CAK,OH,AGL,CE,Towers with Radar,6,75,80,15,176,0,19,27,21,67,6,94,107,36,243,61,4,65,308
03/28/2002,CAK,OH,AGL,CE,Towers with Radar,6,88,187,34,315,0,3,81,13,97,6,91,268,47,412,122,10,132,544
03/29/2002,CAK,OH,AGL,CE,Towers with Radar,6,70,113,6,195,0,1,72,7,80,6,71,185,13,275,84,2,86,361
03/30/2002,CAK,OH,AGL,CE,Towers with Radar,6,74,95,4,179,0,0,59,0,59,6,74,154,4,238,120,0,120,358
03/31/2002,CAK,OH,AGL,CE,Towers with Radar,6,56,48,3,113,0,0,37,0,37,6,56,85,3,150,33,0,33,183
04/01/2002,CAK,OH,AGL,CE,Towers with Radar,6,87,88,12,193,0,1,36,1,38,6,88,124,13,231,16,2,18,249
04/02/2002,CAK,OH,AGL,CE,Towers with Radar,6,77,74,13,170,0,0,29,0,29,6,77,103,13,199,75,0,75,274
04/03/2002,CAK,OH,AGL,CE,Towers with Radar,7,90,72,17,186,0,0,15,6,21,7,90,87,23,207,19,38,57,264
04/04/2002,CAK,OH,AGL,CE,Towers with Radar,7,80,110,20,217,0,3,63,9,75,7,83,173,29,292,127,14,141,433
04/05/2002,CAK,OH,AGL,CE,Towers with Radar,8,89,65,7,169,0,0,28,2,30,8,89,93,9,199,77,0,77,276
04/06/2002,CAK,OH,AGL,CE,Towers with Radar,8,69,108,7,192,0,1,76,4,81,8,70,184,11,273,101,8,109,382
04/07/2002,CAK,OH,AGL,CE,Towers with Radar,8,64,132,20,224,0,1,83,0,84,8,65,215,20,308,126,10,136,444
04/08/2002,CAK,OH,AGL,CE,Towers with Radar,6,70,102,13,191,0,0,16,11,27,6,70,118,24,218,6,32,38,256
04/09/2002,CAK,OH,AGL,CE,Towers with Radar,4,90,70,11,175,0,0,7,8,15,4,90,77,19,190,28,10,38,228
04/10/2002,CAK,OH,AGL,CE,Towers with Radar,4,83,159,27,273,0,4,105,2,111,4,87,264,29,384,80,10,90,474
04/11/2002,CAK,OH,AGL,CE,Towers with Radar,4,96,147,25,272,0,2,68,11,81,4,98,215,36,353,124,4,128,481
04/12/2002,CAK,OH,AGL,CE,Towers with Radar,6,88,71,12,177,0,0,22,6,28,6,88,93,18,205,16,0,16,221
04/13/2002,CAK,OH,AGL,CE,Towers with Radar,2,42,50,9,103,4,23,5,9,41,6,65,55,18,144,0,0,0,144
04/14/2002,CAK,OH,AGL,CE,Towers with Radar,4,66,42,45,157,0,0,2,3,5,4,66,44,48,162,6,36,42,204
04/15/2002,CAK,OH,AGL,CE,Towers with Radar,4,86,141,13,244,0,2,37,3,42,4,88,178,16,286,68,6,74,360
04/16/2002,CAK,OH,AGL,CE,Towers with Radar,4,86,127,16,233,0,7,69,6,82,4,93,196,22,315,81,0,81,396
04/17/2002,CAK,OH,AGL,CE,Towers with Radar,4,99,137,27,267,0,0,57,3,60,4,99,194,30,327,57,54,111,438
04/18/2002,CAK,OH,AGL,CE,Towers with Radar,4,83,175,18,280,0,1,66,12,79,4,84,241,30,359,65,22,87,446
04/19/2002,CAK,OH,AGL,CE,Towers with Radar,4,84,67,12,167,0,0,33,0,33,4,84,100,12,200,100,2,102,302
04/20/2002,CAK,OH,AGL,CE,Towers with Radar,4,69,64,29,166,0,0,39,10,49,4,69,103,39,215,63,16,79,294
04/21/2002,CAK,OH,AGL,CE,Towers with Radar,6,66,59,13,144,0,1,14,0,15,6,67,73,13,159,22,0,22,181
04/22/2002,CAK,OH,AGL,CE,Towers with Radar,6,95,51,17,169,0,0,4,4,8,6,95,55,21,177,9,4,13,190
04/23/2002,CAK,OH,AGL,CE,Towers with Radar,4,84,124,23,235,0,0,86,16,102,4,84,210,39,337,43,24,67,404
04/24/2002,CAK,OH,AGL,CE,Towers with Radar,4,79,134,21,238,0,0,87,16,103,4,79,221,37,341,111,4,115,456
04/25/2002,CAK,OH,AGL,CE,Towers with Radar,4,76,78,27,185,0,1,25,16,42,4,77,103,43,227,16,2,18,245
04/26/2002,CAK,OH,AGL,CE,Towers with Radar,4,85,166,22,277,0,1,105,20,126,4,86,271,42,403,130,0,130,533
04/27/2002,CAK,OH,AGL,CE,Towers with Radar,5,64,100,12,181,0,0,54,4,58,5,64,154,16,239,40,0,40,279
04/28/2002,CAK,OH,AGL,CE,Towers with Radar,5,64,49,2,120,0,0,8,2,10,5,64,57,4,130,22,4,26,156
04/29/2002,CAK,OH,AGL,CE,Towers with Radar,7,76,80,11,174,0,0,14,0,14,7,76,94,11,188,36,6,42,230
04/30/2002,CAK,OH,AGL,CE,Towers with Radar,5,87,96,22,210,0,0,27,2,29,5,87,123,24,239,31,0,31,270
05/01/2002,CAK,OH,AGL,CE,Towers with Radar,4,86,100,21,211,0,1,63,4,68,4,87,163,25,279,98,8,106,385
05/02/2002,CAK,OH,AGL,CE,Towers with Radar,8,80,97,15,200,0,1,8,0,9,8,81,105,15,209,37,4,41,250
05/03/2002,CAK,OH,AGL,CE,Towers with Radar,4,84,83,30,201,0,2,58,14,74,4,86,141,44,275,10,0,10,285
05/04/2002,CAK,OH,AGL,CE,Towers with Radar,6,58,102,34,200,0,4,97,19,120,6,62,199,53,320,43,6,49,369
05/05/2002,CAK,OH,AGL,CE,Towers with Radar,6,67,121,12,206,0,1,99,20,120,6,68,220,32,326,104,10,114,440
05/06/2002,CAK,OH,AGL,CE,Towers with Radar,5,91,90,18,204,0,2,33,10,45,5,93,123,28,249,57,2,59,308
05/07/2002,CAK,OH,AGL,CE,Towers with Radar,5,88,77,20,190,0,1,5,2,8,5,89,82,22,198,9,0,9,207
05/08/2002,CAK,OH,AGL,CE,Towers with Radar,8,109,64,45,226,0,1,4,1,6,8,110,68,46,232,20,0,20,252
05/09/2002,CAK,OH,AGL,CE,Towers with Radar,4,78,51,17,150,0,1,19,9,29,4,79,70,26,179,32,0,32,211
05/10/2002,CAK,OH,AGL,CE,Towers with Radar,4,80,82,33,199,0,1,58,10,69,4,81,140,43,268,64,4,68,336
05/11/2002,CAK,OH,AGL,CE,Towers with Radar,4,74,98,13,189,0,0,94,0,94,4,74,192,13,283,55,2,57,340
05/12/2002,CAK,OH,AGL,CE,Towers with Radar,4,70,11,7,92,0,1,1,0,2,4,71,12,7,94,0,0,0,94
05/13/2002,CAK,OH,AGL,CE,Towers with Radar,4,79,59,13,155,0,1,4,0,5,4,80,63,13,160,19,0,19,179
05/14/2002,CAK,OH,AGL,CE,Towers with Radar,4,85,71,18,178,0,1,17,2,20,4,86,88,20,198,27,0,27,225
05/15/2002,CAK,OH,AGL,CE,Towers with Radar,4,92,175,21,292,0,0,111,2,113,4,92,286,23,405,116,2,118,523
05/16/2002,CAK,OH,AGL,CE,Towers with Radar,4,91,111,18,224,0,1,35,4,40,4,92,146,22,264,26,2,28,292
05/17/2002,CAK,OH,AGL,CE,Towers with Radar,4,83,79,15,181,0,0,48,8,56,4,83,127,23,237,69,0,69,306
05/18/2002,CAK,OH,AGL,CE,Towers with Radar,4,68,95,27,194,0,4,30,16,50,4,72,125,43,244,23,36,59,303
05/19/2002,CAK,OH,AGL,CE,Towers with Radar,4,66,124,18,212,0,0,46,16,62,4,66,170,34,274,86,0,86,360
05/20/2002,CAK,OH,AGL,CE,Towers with Radar,4,84,98,15,201,0,1,37,10,48,4,85,135,25,249,49,2,51,300
05/21/2002,CAK,OH,AGL,CE,Towers with Radar,4,80,145,19,248,0,0,70,10,80,4,80,215,29,328,161,0,161,489
05/22/2002,CAK,OH,AGL,CE,Towers with Radar,4,79,135,24,242,0,3,104,17,124,4,82,239,41,366,107,3,110,476
05/23/2002,CAK,OH,AGL,CE,Towers with Radar,6,76,141,26,249,0,0,91,10,101,6,76,232,36,350,82,8,90,440
05/24/2002,CAK,OH,AGL,CE,Towers with Radar,6,74,60,13,153,0,0,32,1,33,6,74,92,14,186,42,4,46,232
05/25/2002,CAK,OH,AGL,CE,Towers with Radar,5,70,81,14,170,0,1,20,1,22,5,71,101,15,192,35,4,39,231
05/26/2002,CAK,OH,AGL,CE,Towers with Radar,3,35,70,7,115,0,0,46,1,47,3,35,116,8,162,79,0,79,241
05/27/2002,CAK,OH,AGL,CE,Towers with Radar,6,68,83,21,178,0,0,61,4,65,6,68,144,25,243,39,0,39,282
05/28/2002,CAK,OH,AGL,CE,Towers with Radar,4,89,93,22,208,0,1,37,3,41,4,90,130,25,249,29,14,43,292
05/29/2002,CAK,OH,AGL,CE,Towers with Radar,4,89,102,19,214,0,1,34,5,40,4,90,136,24,254,71,2,73,327
05/30/2002,CAK,OH,AGL,CE,Towers with Radar,4,83,99,22,208,0,1,24,4,29,4,84,123,26,237,16,0,16,253
05/31/2002,CAK,OH,AGL,CE,Towers with Radar,4,87,93,25,209,0,0,30,14,44,4,87,123,39,253,22,4,26,279
06/01/2002,CAK,OH,AGL,CE,Towers with Radar,6,68,214,28,316,0,0,116,17,133,6,68,330,45,449,66,0,66,515
06/02/2002,CAK,OH,AGL,CE,Towers with Radar,6,81,188,12,287,0,0,113,0,113,6,81,301,12,400,49,4,53,453
06/03/2002,CAK,OH,AGL,CE,Towers with Radar,4,63,137,17,221,0,37,19,1,57,4,100,156,18,278,14,2,16,294
06/04/2002,CAK,OH,AGL,CE,Towers with Radar,4,69,149,18,240,0,24,27,6,57,4,93,176,24,297,48,2,50,347
06/05/2002,CAK,OH,AGL,CE,Towers with Radar,5,58,125,16,204,3,22,7,5,37,8,80,132,21,241,34,0,34,275
06/06/2002,CAK,OH,AGL,CE,Towers with Radar,5,59,102,12,178,1,24,0,0,25,6,83,102,12,203,15,2,17,220
06/07/2002,CAK,OH,AGL,CE,Towers with Radar,6,85,218,27,336,0,0,72,6,78,6,85,290,33,414,109,0,109,523
06/08/2002,CAK,OH,AGL,CE,Towers with Radar,8,78,205,26,317,0,0,151,24,175,8,78,356,50,492,81,10,91,583
06/09/2002,CAK,OH,AGL,CE,Towers with Radar,6,83,179,23,291,0,6,62,11,79,6,89,241,34,370,82,2,84,454
06/10/2002,CAK,OH,AGL,CE,Towers with Radar,6,95,233,21,355,0,0,154,0,154,6,95,387,21,509,87,0,87,596
06/11/2002,CAK,OH,AGL,CE,Towers with Radar,6,75,161,21,263,0,13,19,0,32,6,88,180,21,295,22,2,24,319
06/12/2002,CAK,OH,AGL,CE,Towers with Radar,6,64,138,18,226,0,9,8,7,24,6,73,146,25,250,36,2,38,288
06/13/2002,CAK,OH,AGL,CE,Towers with Radar,6,85,203,26,320,0,0,33,26,59,6,85,236,52,379,113,0,113,492
06/14/2002,CAK,OH,AGL,CE,Towers with Radar,6,75,137,21,239,2,40,0,5,47,8,115,137,26,286,55,2,57,343
06/15/2002,CAK,OH,AGL,CE,Towers with Radar,4,43,62,5,114,6,22,0,0,28,10,65,62,5,142,17,16,33,175
06/16/2002,CAK,OH,AGL,CE,Towers with Radar,4,49,102,6,161,2,15,0,0,17,6,64,102,6,178,30,0,30,208
06/17/2002,CAK,OH,AGL,CE,Towers with Radar,6,82,174,24,286,0,9,100,9,118,6,91,274,33,404,62,6,68,472
06/18/2002,CAK,OH,AGL,CE,Towers with Radar,8,86,215,27,336,0,0,154,0,154,8,86,369,27,490,72,2,74,564
06/19/2002,CAK,OH,AGL,CE,Towers with Radar,7,84,200,27,318,3,0,136,10,149,10,84,336,37,467,74,2,76,543
06/20/2002,CAK,OH,AGL,CE,Towers with Radar,2,56,182,17,257,0,0,99,0,99,2,56,281,17,356,115,0,115,471
06/21/2002,CAK,OH,AGL,CE,Towers with Radar,6,88,197,26,317,0,0,42,1,43,6,88,239,27,360,107,0,107,467
06/22/2002,CAK,OH,AGL,CE,Towers with Radar,6,69,167,23,265,0,0,79,24,103,6,69,246,47,368,67,22,89,457
06/23/2002,CAK,OH,AGL,CE,Towers with Radar,5,69,156,19,249,3,0,39,0,42,8,69,195,19,291,59,5,64,355
06/24/2002,CAK,OH,AGL,CE,Towers with Radar,6,76,161,22,265,1,17,51,11,80,7,93,212,33,345,124,8,132,477
06/25/2002,CAK,OH,AGL,CE,Towers with Radar,7,101,214,29,351,0,2,92,3,97,7,103,306,32,448,218,0,218,666
06/26/2002,CAK,OH,AGL,CE,Towers with Radar,6,84,169,23,282,0,4,0,0,4,6,88,169,23,286,119,0,119,405
06/27/2002,CAK,OH,AGL,CE,Towers with Radar,4,57,101,17,179,2,32,0,3,37,6,89,101,20,216,31,0,31,247
06/28/2002,CAK,OH,AGL,CE,Towers with Radar,6,89,226,28,349,0,0,154,0,154,6,89,380,28,503,112,0,112,615
06/29/2002,CAK,OH,AGL,CE,Towers with Radar,6,78,182,24,290,0,0,166,17,183,6,78,348,41,473,122,0,122,595
06/30/2002,CAK,OH,AGL,CE,Towers with Radar,5,56,156,21,238,1,0,55,26,82,6,56,211,47,320,83,8,91,411
07/01/2002,CAK,OH,AGL,CE,Towers with Radar,6,75,101,22,204,0,1,107,26,134,6,76,208,48,338,148,2,150,488
07/02/2002,CAK,OH,AGL,CE,Towers with Radar,6,94,126,27,253,0,3,232,28,263,6,97,358,55,516,140,22,162,678
07/03/2002,CAK,OH,AGL,CE,Towers with Radar,6,84,114,23,227,0,4,170,8,182,6,88,284,31,409,131,0,131,540
07/04/2002,CAK,OH,AGL,CE,Towers with Radar,4,39,53,10,106,0,34,30,1,65,4,73,83,11,171,10,8,18,189
07/05/2002,CAK,OH,AGL,CE,Towers with Radar,6,70,95,10,181,0,0,131,0,131,6,70,226,10,312,30,6,36,348
07/06/2002,CAK,OH,AGL,CE,Towers with Radar,5,59,80,11,155,1,14,128,0,143,6,73,208,11,298,91,2,93,391
07/07/2002,CAK,OH,AGL,CE,Towers with Radar,7,66,103,21,197,1,0,200,5,206,8,66,303,26,403,61,8,69,472
07/08/2002,CAK,OH,AGL,CE,Towers with Radar,7,82,116,24,229,0,0,141,8,149,7,82,257,32,378,109,6,115,493
07/09/2002,CAK,OH,AGL,CE,Towers with Radar,6,61,82,17,166,2,12,21,6,41,8,73,103,23,207,14,22,36,243
07/10/2002,CAK,OH,AGL,CE,Towers with Radar,6,87,118,24,235,0,16,197,33,246,6,103,315,57,481,53,6,59,540
07/11/2002,CAK,OH,AGL,CE,Towers with Radar,7,71,110,22,210,1,0,158,26,185,8,71,268,48,395,42,0,42,437
07/12/2002,CAK,OH,AGL,CE,Towers with Radar,6,87,120,26,239,0,0,218,31,249,6,87,338,57,488,48,28,76,564
07/13/2002,CAK,OH,AGL,CE,Towers with Radar,6,67,96,20,189,0,0,108,52,160,6,67,204,72,349,67,22,89,438
07/14/2002,CAK,OH,AGL,CE,Towers with Radar,6,65,115,24,210,0,0,115,34,149,6,65,230,58,359,171,9,180,539
07/15/2002,CAK,OH,AGL,CE,Towers with Radar,6,79,108,23,216,0,1,145,23,169,6,80,253,46,385,79,0,79,464
07/16/2002,CAK,OH,AGL,CE,Towers with Radar,5,55,75,16,151,1,23,137,31,192,6,78,212,47,343,78,2,80,423
07/17/2002,CAK,OH,AGL,CE,Towers with Radar,6,78,113,24,221,0,0,164,59,223,6,78,277,83,444,88,12,100,544
07/18/2002,CAK,OH,AGL,CE,Towers with Radar,3,65,86,19,173,0,3,34,28,65,3,68,120,47,238,3,0,3,241
07/19/2002,CAK,OH,AGL,CE,Towers with Radar,5,73,97,21,196,1,16,49,24,90,6,89,146,45,286,50,16,66,352
07/20/2002,CAK,OH,AGL,CE,Towers with Radar,6,73,118,25,222,0,0,135,21,156,6,73,253,46,378,26,6,32,410
07/21/2002,CAK,OH,AGL,CE,Towers with Radar,6,72,111,24,213,0,0,89,15,104,6,72,200,39,317,53,8,61,378
07/22/2002,CAK,OH,AGL,CE,Towers with Radar,5,68,90,19,182,1,14,53,35,103,6,82,143,54,285,48,22,70,355
07/23/2002,CAK,OH,AGL,CE,Towers with Radar,6,75,99,21,201,0,13,87,10,110,6,88,186,31,311,139,0,139,450
07/24/2002,CAK,OH,AGL,CE,Towers with Radar,6,85,113,24,228,0,2,231,10,243,6,87,344,34,471,116,0,116,587
07/25/2002,CAK,OH,AGL,CE,Towers with Radar,6,88,132,27,253,0,0,188,37,225,6,88,320,64,478,142,28,170,648
07/26/2002,CAK,OH,AGL,CE,Towers with Radar,5,68,90,19,182,2,6,72,29,109,7,74,162,48,291,46,6,52,343
07/27/2002,CAK,OH,AGL,CE,Towers with Radar,5,62,82,17,166,1,3,57,12,73,6,65,139,29,239,45,0,45,284
07/28/2002,CAK,OH,AGL,CE,Towers with Radar,4,61,80,17,162,4,0,65,4,73,8,61,145,21,235,55,0,55,290
07/29/2002,CAK,OH,AGL,CE,Towers with Radar,4,55,73,16,148,3,12,80,8,103,7,67,153,24,251,37,2,39,290
07/30/2002,CAK,OH,AGL,CE,Towers with Radar,6,79,104,13,202,1,14,78,0,93,7,93,182,13,295,162,18,180,475
07/31/2002,CAK,OH,AGL,CE,Towers with Radar,6,89,118,18,231,0,14,138,0,152,6,103,256,18,383,39,34,73,456
08/01/2002,CAK,OH,AGL,CE,Towers with Radar,2,45,97,16,160,0,0,154,0,154,2,45,251,16,314,169,0,169,483
08/02/2002,CAK,OH,AGL,CE,Towers with Radar,7,72,98,18,195,0,0,138,20,158,7,72,236,38,353,89,2,91,444
08/03/2002,CAK,OH,AGL,CE,Towers with Radar,7,64,81,15,167,2,16,190,12,220,9,80,271,27,387,55,0,55,442
08/04/2002,CAK,OH,AGL,CE,Towers with Radar,7,68,87,17,179,7,4,74,5,90,14,72,161,22,269,23,0,23,292
08/05/2002,CAK,OH,AGL,CE,Towers with Radar,7,67,85,16,175,1,27,34,1,63,8,94,119,17,238,20,0,20,258
08/06/2002,CAK,OH,AGL,CE,Towers with Radar,8,78,99,19,204,4,8,190,0,202,12,86,289,19,406,98,2,100,506
08/07/2002,CAK,OH,AGL,CE,Towers with Radar,7,85,110,20,222,0,0,154,4,158,7,85,264,24,380,71,0,71,451
08/08/2002,CAK,OH,AGL,CE,Towers with Radar,7,97,123,24,251,0,2,221,12,235,7,99,344,36,486,51,22,73,559
08/09/2002,CAK,OH,AGL,CE,Towers with Radar,6,85,117,22,230,0,0,137,46,183,6,85,254,68,413,85,0,85,498
08/10/2002,CAK,OH,AGL,CE,Towers with Radar,6,63,91,18,178,0,0,216,20,236,6,63,307,38,414,76,8,84,498
08/11/2002,CAK,OH,AGL,CE,Towers with Radar,6,73,92,18,189,0,2,153,10,165,6,75,245,28,354,88,0,88,442
08/12/2002,CAK,OH,AGL,CE,Towers with Radar,6,66,84,17,173,0,8,76,1,85,6,74,160,18,258,96,0,96,354
08/13/2002,CAK,OH,AGL,CE,Towers with Radar,6,80,120,24,230,0,0,106,22,128,6,80,226,46,358,79,10,89,447
08/14/2002,CAK,OH,AGL,CE,Towers with Radar,5,74,94,18,191,0,22,74,16,112,5,96,168,34,303,41,0,41,344
08/15/2002,CAK,OH,AGL,CE,Towers with Radar,6,89,110,22,227,0,2,88,37,127,6,91,198,59,354,89,6,95,449
08/16/2002,CAK,OH,AGL,CE,Towers with Radar,8,84,105,21,218,0,8,120,14,142,8,92,225,35,360,89,2,91,451
08/17/2002,CAK,OH,AGL,CE,Towers with Radar,6,79,102,21,208,0,0,33,41,74,6,79,135,62,282,52,6,58,340
08/18/2002,CAK,OH,AGL,CE,Towers with Radar,7,61,91,18,177,1,0,80,16,97,8,61,171,34,274,25,8,33,307
08/19/2002,CAK,OH,AGL,CE,Towers with Radar,5,57,70,13,145,1,23,31,0,55,6,80,101,13,200,12,0,12,212
08/20/2002,CAK,OH,AGL,CE,Towers with Radar,6,87,108,19,220,0,4,216,0,220,6,91,324,19,440,96,4,100,540
08/21/2002,CAK,OH,AGL,CE,Towers with Radar,6,104,131,27,268,0,0,282,16,298,6,104,413,43,566,125,0,125,691
08/22/2002,CAK,OH,AGL,CE,Towers with Radar,6,76,95,19,196,0,28,94,5,127,6,104,189,24,323,81,12,93,416
08/23/2002,CAK,OH,AGL,CE,Towers with Radar,6,64,80,16,166,0,23,43,4,70,6,87,123,20,236,21,6,27,263
08/24/2002,CAK,OH,AGL,CE,Towers with Radar,4,51,58,13,126,2,22,0,4,28,6,73,58,17,154,24,17,41,195
08/25/2002,CAK,OH,AGL,CE,Towers with Radar,8,57,105,21,191,0,0,107,6,113,8,57,212,27,304,60,0,60,364
08/26/2002,CAK,OH,AGL,CE,Towers with Radar,7,79,98,20,204,1,24,138,21,184,8,103,236,41,388,58,0,58,446
08/27/2002,CAK,OH,AGL,CE,Towers with Radar,6,91,114,23,234,0,21,207,0,228,6,112,321,23,462,40,32,72,534
08/28/2002,CAK,OH,AGL,CE,Towers with Radar,7,74,99,20,200,9,0,82,55,146,16,74,181,75,346,55,12,67,413
08/29/2002,CAK,OH,AGL,CE,Towers with Radar,7,71,98,20,196,7,0,192,34,233,14,71,290,54,429,14,0,14,443
08/30/2002,CAK,OH,AGL,CE,Towers with Radar,7,79,99,20,205,2,14,126,7,149,9,93,225,27,354,45,0,45,399
08/31/2002,CAK,OH,AGL,CE,Towers with Radar,7,68,94,19,188,1,0,103,5,109,8,68,197,24,297,53,8,61,358
09/01/2002,CAK,OH,AGL,CE,Towers with Radar,8,62,90,17,177,0,0,96,1,97,8,62,186,18,274,30,12,42,316
09/02/2002,CAK,OH,AGL,CE,Towers with Radar,10,66,97,18,191,0,0,72,13,85,10,66,169,31,276,87,0,87,363
09/03/2002,CAK,OH,AGL,CE,Towers with Radar,10,61,84,16,171,0,26,51,6,83,10,87,135,22,254,40,0,40,294
09/04/2002,CAK,OH,AGL,CE,Towers with Radar,10,79,108,20,217,0,7,186,20,213,10,86,294,40,430,82,16,98,528
09/05/2002,CAK,OH,AGL,CE,Towers with Radar,10,84,116,21,231,0,20,203,9,232,10,104,319,30,463,43,2,45,508
09/06/2002,CAK,OH,AGL,CE,Towers with Radar,14,86,119,20,239,0,19,199,11,229,14,105,318,31,468,87,6,93,561
09/07/2002,CAK,OH,AGL,CE,Towers with Radar,10,65,102,17,194,0,0,86,3,89,10,65,188,20,283,47,22,69,352
09/08/2002,CAK,OH,AGL,CE,Towers with Radar,11,62,93,16,182,1,0,99,18,118,12,62,192,34,300,13,6,19,319
09/09/2002,CAK,OH,AGL,CE,Towers with Radar,10,64,89,16,179,0,8,158,3,169,10,72,247,19,348,58,0,58,406
09/10/2002,CAK,OH,AGL,CE,Towers with Radar,10,80,111,19,220,0,6,170,16,192,10,86,281,35,412,59,0,59,471
09/11/2002,CAK,OH,AGL,CE,Towers with Radar,8,64,89,16,177,0,15,91,16,122,8,79,180,32,299,81,0,81,380
09/12/2002,CAK,OH,AGL,CE,Towers with Radar,10,71,99,13,193,0,31,144,0,175,10,102,243,13,368,46,0,46,414
09/13/2002,CAK,OH,AGL,CE,Towers with Radar,8,50,70,13,141,2,21,169,27,219,10,71,239,40,360,14,4,18,378
09/14/2002,CAK,OH,AGL,CE,Towers with Radar,9,55,77,15,156,5,4,73,34,116,14,59,150,49,272,38,4,42,314
09/15/2002,CAK,OH,AGL,CE,Towers with Radar,5,37,52,10,104,5,15,6,3,29,10,52,58,13,133,18,0,18,151
09/16/2002,CAK,OH,AGL,CE,Towers with Radar,10,75,113,17,215,0,0,130,0,130,10,75,243,17,345,54,8,62,407
09/17/2002,CAK,OH,AGL,CE,Towers with Radar,12,94,128,23,257,0,7,252,7,266,12,101,380,30,523,87,6,93,616
09/18/2002,CAK,OH,AGL,CE,Towers with Radar,10,80,129,24,243,0,0,155,6,161,10,80,284,30,404,42,2,44,448
09/19/2002,CAK,OH,AGL,CE,Towers with Radar,10,80,116,21,227,0,0,102,7,109,10,80,218,28,336,53,2,55,391
09/20/2002,CAK,OH,AGL,CE,Towers with Radar,9,65,88,10,172,0,14,78,0,92,9,79,166,10,264,26,10,36,300
09/21/2002,CAK,OH,AGL,CE,Towers with Radar,12,79,107,20,218,1,23,152,24,200,13,102,259,44,418,58,12,70,488
09/22/2002,CAK,OH,AGL,CE,Towers with Radar,9,49,82,15,155,2,0,102,23,127,11,49,184,38,282,5,40,45,327
09/23/2002,CAK,OH,AGL,CE,Towers with Radar,11,64,102,18,195,1,0,219,0,220,12,64,321,18,415,64,0,64,479
09/24/2002,CAK,OH,AGL,CE,Towers with Radar,12,73,112,20,217,0,0,237,4,241,12,73,349,24,458,41,0,41,499
09/25/2002,CAK,OH,AGL,CE,Towers with Radar,11,80,108,20,219,1,12,133,16,162,12,92,241,36,381,22,0,22,403
09/26/2002,CAK,OH,AGL,CE,Towers with Radar,13,73,122,19,227,0,0,137,0,137,13,73,259,19,364,37,2,39,403
09/27/2002,CAK,OH,AGL,CE,Towers with Radar,6,45,37,10,98,7,56,0,0,63,13,101,37,10,161,21,0,21,182
09/28/2002,CAK,OH,AGL,CE,Towers with Radar,9,65,88,2,164,7,2,138,0,147,16,67,226,2,311,53,0,53,364
09/29/2002,CAK,OH,AGL,CE,Towers with Radar,8,60,115,21,204,0,0,205,2,207,8,60,320,23,411,101,0,101,512
09/30/2002,CAK,OH,AGL,CE,Towers with Radar,10,74,101,18,203,0,3,179,3,185,10,77,280,21,388,39,0,39,427
10/01/2002,CAK,OH,AGL,CE,Towers with Radar,8,75,141,24,248,0,0,177,5,182,8,75,318,29,430,86,20,106,536
10/02/2002,CAK,OH,AGL,CE,Towers with Radar,10,76,114,17,217,0,3,37,0,40,10,79,151,17,257,24,12,36,293
10/03/2002,CAK,OH,AGL,CE,Towers with Radar,10,87,143,24,264,0,0,37,36,73,10,87,180,60,337,60,0,60,397
10/04/2002,CAK,OH,AGL,CE,Towers with Radar,6,48,72,12,138,4,30,24,5,63,10,78,96,17,201,13,2,15,216
10/05/2002,CAK,OH,AGL,CE,Towers with Radar,10,67,115,19,211,1,0,89,31,121,11,67,204,50,332,69,0,69,401
10/06/2002,CAK,OH,AGL,CE,Towers with Radar,9,60,103,17,189,1,0,191,12,204,10,60,294,29,393,79,0,79,472
10/07/2002,CAK,OH,AGL,CE,Towers with Radar,8,64,97,16,185,1,10,12,1,24,9,74,109,17,209,64,0,64,273
10/08/2002,CAK,OH,AGL,CE,Towers with Radar,8,76,121,20,225,0,0,143,33,176,8,76,264,53,401,105,6,111,512
10/09/2002,CAK,OH,AGL,CE,Towers with Radar,9,88,136,23,256,0,0,153,21,174,9,88,289,44,430,38,0,38,468
10/10/2002,CAK,OH,AGL,CE,Towers with Radar,7,84,149,25,265,0,0,181,22,203,7,84,330,47,468,120,0,120,588
10/11/2002,CAK,OH,AGL,CE,Towers with Radar,8,75,116,15,214,0,0,30,0,30,8,75,146,15,244,26,0,26,270
10/12/2002,CAK,OH,AGL,CE,Towers with Radar,8,62,72,15,157,2,2,0,10,14,10,64,72,25,171,7,2,9,180
10/13/2002,CAK,OH,AGL,CE,Towers with Radar,7,49,73,12,141,1,6,51,5,63,8,55,124,17,204,1,4,5,209
10/14/2002,CAK,OH,AGL,CE,Towers with Radar,8,72,106,14,200,0,0,176,0,176,8,72,282,14,376,52,0,52,428
10/15/2002,CAK,OH,AGL,CE,Towers with Radar,6,69,118,20,213,0,0,209,21,230,6,69,327,41,443,99,11,110,553
10/16/2002,CAK,OH,AGL,CE,Towers with Radar,7,54,79,10,150,1,11,21,0,33,8,65,100,10,183,5,0,5,188
10/17/2002,CAK,OH,AGL,CE,Towers with Radar,8,80,122,21,231,0,0,136,8,144,8,80,258,29,375,76,20,96,471
10/18/2002,CAK,OH,AGL,CE,Towers with Radar,9,81,119,22,231,1,0,123,16,140,10,81,242,38,371,39,10,49,420
10/19/2002,CAK,OH,AGL,CE,Towers with Radar,5,42,42,10,99,7,19,0,26,52,12,61,42,36,151,9,6,15,166
10/20/2002,CAK,OH,AGL,CE,Towers with Radar,8,54,106,18,186,0,0,176,25,201,8,54,282,43,387,50,2,52,439
10/21/2002,CAK,OH,AGL,CE,Towers with Radar,8,68,111,18,205,0,0,185,19,204,8,68,296,37,409,140,8,148,557
10/22/2002,CAK,OH,AGL,CE,Towers with Radar,8,78,114,19,219,0,2,220,19,241,8,80,334,38,460,88,16,104,564
10/23/2002,CAK,OH,AGL,CE,Towers with Radar,8,71,103,17,199,0,9,0,25,34,8,80,103,42,233,23,48,71,304
10/24/2002,CAK,OH,AGL,CE,Towers with Radar,8,73,107,19,207,1,11,108,46,166,9,84,215,65,373,29,26,55,428
10/25/2002,CAK,OH,AGL,CE,Towers with Radar,8,68,100,17,193,1,3,30,8,42,9,71,130,25,235,89,0,89,324
10/26/2002,CAK,OH,AGL,CE,Towers with Radar,5,43,63,10,121,4,12,10,1,27,9,55,73,11,148,44,2,46,194
10/27/2002,CAK,OH,AGL,CE,Towers with Radar,9,63,108,9,189,0,0,107,0,107,9,63,215,9,296,87,0,87,383
10/28/2002,CAK,OH,AGL,CE,Towers with Radar,7,63,93,13,176,1,18,137,0,156,8,81,230,13,332,68,0,68,400
10/29/2002,CAK,OH,AGL,CE,Towers with Radar,7,58,85,15,165,1,26,35,30,92,8,84,120,45,257,8,10,18,275
10/30/2002,CAK,OH,AGL,CE,Towers with Radar,6,51,74,12,143,2,32,13,2,49,8,83,87,14,192,11,54,65,257
10/31/2002,CAK,OH,AGL,CE,Towers with Radar,8,74,111,19,212,0,0,151,2,153,8,74,262,21,365,67,0,67,432
11/01/2002,CAK,OH,AGL,CE,Towers with Radar,8,55,70,12,145,0,5,28,39,72,8,60,98,51,217,8,4,12,229
11/02/2002,CAK,OH,AGL,CE,Towers with Radar,8,71,90,17,186,0,1,120,38,159,8,72,210,55,345,72,4,76,421
11/03/2002,CAK,OH,AGL,CE,Towers with Radar,8,68,90,16,182,0,0,144,0,144,8,68,234,16,326,58,2,60,386
11/04/2002,CAK,OH,AGL,CE,Towers with Radar,10,56,72,9,147,0,23,9,0,32,10,79,81,9,179,51,0,51,230
11/05/2002,CAK,OH,AGL,CE,Towers with Radar,10,71,90,16,187,0,18,13,8,39,10,89,103,24,226,23,4,27,253
11/06/2002,CAK,OH,AGL,CE,Towers with Radar,8,52,67,12,139,0,28,8,1,37,8,80,75,13,176,23,0,23,199
11/07/2002,CAK,OH,AGL,CE,Towers with Radar,8,89,112,21,230,0,0,147,43,190,8,89,259,64,420,26,64,90,510
11/08/2002,CAK,OH,AGL,CE,Towers with Radar,11,60,63,15,149,19,115,0,1,135,30,175,63,16,284,35,22,57,341
11/09/2002,CAK,OH,AGL,CE,Towers with Radar,9,48,61,11,129,1,22,82,0,105,10,70,143,11,234,30,0,30,264
11/10/2002,CAK,OH,AGL,CE,Towers with Radar,5,28,20,6,59,2,32,0,0,34,7,60,20,6,93,4,0,4,97
11/11/2002,CAK,OH,AGL,CE,Towers with Radar,10,72,91,10,183,0,5,108,0,113,10,77,199,10,296,37,4,41,337
11/12/2002,CAK,OH,AGL,CE,Towers with Radar,7,81,129,26,243,0,0,86,0,86,7,81,215,26,329,60,16,76,405
11/13/2002,CAK,OH,AGL,CE,Towers with Radar,16,78,145,27,266,0,0,229,10,239,16,78,374,37,505,106,0,106,611
11/14/2002,CAK,OH,AGL,CE,Towers with Radar,17,81,116,22,236,5,0,133,18,156,22,81,249,40,392,93,0,93,485
11/15/2002,CAK,OH,AGL,CE,Towers with Radar,12,68,84,15,179,9,2,49,21,81,21,70,133,36,260,34,14,48,308
11/16/2002,CAK,OH,AGL,CE,Towers with Radar,13,61,24,4,102,0,1,0,0,1,13,62,24,4,103,3,0,3,106
11/17/2002,CAK,OH,AGL,CE,Towers with Radar,5,27,25,6,63,17,14,0,0,31,22,41,25,6,94,7,0,7,101
11/18/2002,CAK,OH,AGL,CE,Towers with Radar,16,61,108,19,204,0,0,195,0,195,16,61,303,19,399,41,0,41,440
11/19/2002,CAK,OH,AGL,CE,Towers with Radar,12,70,87,17,186,0,6,73,20,99,12,76,160,37,285,34,22,56,341
11/20/2002,CAK,OH,AGL,CE,Towers with Radar,16,58,146,27,247,0,0,305,19,324,16,58,451,46,571,160,0,160,731
11/21/2002,CAK,OH,AGL,CE,Towers with Radar,10,76,99,18,203,0,0,113,51,164,10,76,212,69,367,49,8,57,424
11/22/2002,CAK,OH,AGL,CE,Towers with Radar,5,29,37,7,78,2,19,50,7,78,7,48,87,14,156,7,14,21,177
11/23/2002,CAK,OH,AGL,CE,Towers with Radar,11,57,73,13,154,4,0,163,2,169,15,57,236,15,323,60,8,68,391
11/24/2002,CAK,OH,AGL,CE,Towers with Radar,14,56,93,15,178,3,0,181,0,184,17,56,274,15,362,76,0,76,438
11/25/2002,CAK,OH,AGL,CE,Towers with Radar,9,50,62,11,132,0,0,10,2,12,9,50,72,13,144,7,26,33,177
11/26/2002,CAK,OH,AGL,CE,Towers with Radar,14,60,90,17,181,2,0,168,6,176,16,60,258,23,357,74,6,80,437
11/27/2002,CAK,OH,AGL,CE,Towers with Radar,11,60,74,13,158,5,5,31,19,60,16,65,105,32,218,23,0,23,241
11/28/2002,CAK,OH,AGL,CE,Towers with Radar,5,26,25,6,62,8,33,0,1,42,13,59,25,7,104,4,0,4,108
11/29/2002,CAK,OH,AGL,CE,Towers with Radar,8,39,49,10,106,0,20,50,4,74,8,59,99,14,180,2,0,2,182
11/30/2002,CAK,OH,AGL,CE,Towers with Radar,6,34,43,7,90,5,23,26,0,54,11,57,69,7,144,14,0,14,158
12/01/2002,CAK,OH,AGL,CE,Towers with Radar,13,64,75,14,166,0,0,87,7,94,13,64,162,21,260,26,2,28,288
12/02/2002,CAK,OH,AGL,CE,Towers with Radar,12,64,65,12,153,0,3,59,6,68,12,67,124,18,221,16,0,16,237
12/03/2002,CAK,OH,AGL,CE,Towers with Radar,14,92,93,18,217,0,2,83,30,115,14,94,176,48,332,53,1,54,386
12/04/2002,CAK,OH,AGL,CE,Towers with Radar,9,75,85,16,185,0,0,125,7,132,9,75,210,23,317,58,0,58,375
12/05/2002,CAK,OH,AGL,CE,Towers with Radar,15,79,80,15,189,0,2,32,40,74,15,81,112,55,263,27,0,27,290
12/06/2002,CAK,OH,AGL,CE,Towers with Radar,13,82,82,16,193,0,7,139,9,155,13,89,221,25,348,68,0,68,416
12/07/2002,CAK,OH,AGL,CE,Towers with Radar,11,64,71,8,154,0,0,45,0,45,11,64,116,8,199,18,0,18,217
12/08/2002,CAK,OH,AGL,CE,Towers with Radar,8,48,49,4,109,6,13,12,0,31,14,61,61,4,140,14,0,14,154
12/09/2002,CAK,OH,AGL,CE,Towers with Radar,12,76,86,7,181,0,0,154,0,154,12,76,240,7,335,72,0,72,407
12/10/2002,CAK,OH,AGL,CE,Towers with Radar,13,79,108,21,221,0,0,211,6,217,13,79,319,27,438,66,0,66,504
12/11/2002,CAK,OH,AGL,CE,Towers with Radar,10,58,59,11,138,3,19,15,2,39,13,77,74,13,177,12,0,12,189
12/12/2002,CAK,OH,AGL,CE,Towers with Radar,12,84,88,16,200,0,0,40,9,49,12,84,128,25,249,13,0,13,262
12/13/2002,CAK,OH,AGL,CE,Towers with Radar,11,67,64,13,155,0,0,0,15,15,11,67,64,28,170,8,0,8,178
12/14/2002,CAK,OH,AGL,CE,Towers with Radar,7,38,39,8,92,8,26,0,8,42,15,64,39,16,134,10,70,80,214
12/15/2002,CAK,OH,AGL,CE,Towers with Radar,12,57,71,14,154,0,0,71,6,77,12,57,142,20,231,100,0,100,331
12/16/2002,CAK,OH,AGL,CE,Towers with Radar,12,79,80,16,187,0,2,83,17,102,12,81,163,33,289,19,10,29,318
12/17/2002,CAK,OH,AGL,CE,Towers with Radar,12,75,111,22,220,0,0,116,27,143,12,75,227,49,363,82,0,82,445
12/18/2002,CAK,OH,AGL,CE,Towers with Radar,12,73,109,21,215,0,0,80,32,112,12,73,189,53,327,17,20,37,364
12/19/2002,CAK,OH,AGL,CE,Towers with Radar,12,68,69,13,162,0,8,52,15,75,12,76,121,28,237,11,4,15,252
12/20/2002,CAK,OH,AGL,CE,Towers with Radar,11,57,56,11,135,2,15,8,9,34,13,72,64,20,169,9,0,9,178
12/21/2002,CAK,OH,AGL,CE,Towers with Radar,7,38,39,8,92,5,24,19,9,57,12,62,58,17,149,9,0,9,158
12/22/2002,CAK,OH,AGL,CE,Towers with Radar,8,48,48,7,111,4,19,57,0,80,12,67,105,7,191,1,0,1,192
12/23/2002,CAK,OH,AGL,CE,Towers with Radar,11,63,63,11,148,1,5,74,1,81,12,68,137,12,229,9,0,9,238
12/24/2002,CAK,OH,AGL,CE,Towers with Radar,8,61,61,5,135,0,5,114,0,119,8,66,175,5,254,52,0,52,306
12/25/2002,CAK,OH,AGL,CE,Towers with Radar,10,54,5,2,71,0,1,0,0,1,10,55,5,2,72,4,0,4,76
12/26/2002,CAK,OH,AGL,CE,Towers with Radar,10,56,56,11,133,2,16,26,8,52,12,72,82,19,185,28,0,28,213
12/27/2002,CAK,OH,AGL,CE,Towers with Radar,10,60,60,11,141,4,5,19,4,32,14,65,79,15,173,6,0,6,179
12/28/2002,CAK,OH,AGL,CE,Towers with Radar,7,41,17,6,71,7,23,0,0,30,14,64,17,6,101,5,0,5,106
12/29/2002,CAK,OH,AGL,CE,Towers with Radar,8,42,37,8,95,6,12,0,0,18,14,54,37,8,113,0,0,0,113
12/30/2002,CAK,OH,AGL,CE,Towers with Radar,11,62,64,12,149,1,0,31,2,34,12,62,95,14,183,58,0,58,241
12/31/2002,CAK,OH,AGL,CE,Towers with Radar,10,57,57,9,133,1,7,23,0,31,11,64,80,9,164,33,0,33,197
01/01/2003,CAK,OH,AGL,CE,Towers with Radar,8,29,15,4,56,6,27,0,0,33,14,56,15,4,89,8,0,8,97
01/02/2003,CAK,OH,AGL,CE,Towers with Radar,10,62,29,5,106,6,0,0,0,6,16,62,29,5,112,11,0,11,123
01/03/2003,CAK,OH,AGL,CE,Towers with Radar,9,40,19,7,75,5,25,0,4,34,14,65,19,11,109,7,0,7,116
01/04/2003,CAK,OH,AGL,CE,Towers with Radar,11,46,49,6,112,3,23,8,0,34,14,69,57,6,146,43,0,43,189
01/05/2003,CAK,OH,AGL,CE,Towers with Radar,6,28,31,5,70,10,19,2,0,31,16,47,33,5,101,7,0,7,108
01/06/2003,CAK,OH,AGL,CE,Towers with Radar,9,39,35,6,89,9,26,0,0,35,18,65,35,6,124,5,0,5,129
01/07/2003,CAK,OH,AGL,CE,Towers with Radar,16,63,59,10,148,0,7,0,6,13,16,70,59,16,161,12,0,12,173
01/08/2003,CAK,OH,AGL,CE,Towers with Radar,18,79,97,14,208,0,0,174,10,184,18,79,271,24,392,142,0,142,534
01/09/2003,CAK,OH,AGL,CE,Towers with Radar,17,66,98,15,196,0,0,118,8,126,17,66,216,23,322,32,0,32,354
01/10/2003,CAK,OH,AGL,CE,Towers with Radar,15,54,58,9,136,3,14,10,5,32,18,68,68,14,168,24,0,24,192
01/11/2003,CAK,OH,AGL,CE,Towers with Radar,13,46,51,8,118,5,7,82,4,98,18,53,133,12,216,57,0,57,273
01/12/2003,CAK,OH,AGL,CE,Towers with Radar,18,46,74,11,149,0,0,160,25,185,18,46,234,36,334,32,0,32,366
01/13/2003,CAK,OH,AGL,CE,Towers with Radar,17,59,64,10,150,2,1,33,14,50,19,60,97,24,200,26,4,30,230
01/14/2003,CAK,OH,AGL,CE,Towers with Radar,18,62,84,13,177,0,0,21,29,50,18,62,105,42,227,77,0,77,304
01/15/2003,CAK,OH,AGL,CE,Towers with Radar,20,70,93,14,197,0,0,13,23,36,20,70,106,37,233,19,32,51,284
01/16/2003,CAK,OH,AGL,CE,Towers with Radar,19,66,87,12,184,0,0,91,27,118,19,66,178,39,302,33,0,33,335
01/17/2003,CAK,OH,AGL,CE,Towers with Radar,17,60,65,9,151,2,8,0,9,19,19,68,65,18,170,12,0,12,182
01/18/2003,CAK,OH,AGL,CE,Towers with Radar,16,57,68,9,150,0,0,88,11,99,16,57,156,20,249,28,2,30,279
01/19/2003,CAK,OH,AGL,CE,Towers with Radar,11,37,41,6,95,7,10,8,0,25,18,47,49,6,120,10,0,10,130
01/20/2003,CAK,OH,AGL,CE,Towers with Radar,18,77,83,10,188,0,17,43,0,60,18,94,126,10,248,34,0,34,282
01/21/2003,CAK,OH,AGL,CE,Towers with Radar,18,70,102,14,204,0,0,126,17,143,18,70,228,31,347,35,0,35,382
01/22/2003,CAK,OH,AGL,CE,Towers with Radar,18,61,101,14,194,0,0,46,1,47,18,61,147,15,241,51,0,51,292
01/23/2003,CAK,OH,AGL,CE,Towers with Radar,16,58,61,8,143,2,16,11,6,35,18,74,72,14,178,11,0,11,189
01/24/2003,CAK,OH,AGL,CE,Towers with Radar,15,77,81,11,184,0,7,11,27,45,15,84,92,38,229,20,10,30,259
01/25/2003,CAK,OH,AGL,CE,Towers with Radar,18,53,78,11,160,0,0,127,1,128,18,53,205,12,288,90,0,90,378
01/26/2003,CAK,OH,AGL,CE,Towers with Radar,7,23,10,3,43,11,24,0,3,38,18,47,10,6,81,3,0,3,84
01/27/2003,CAK,OH,AGL,CE,Towers with Radar,20,73,100,10,203,0,0,136,0,136,20,73,236,10,339,43,0,43,382
01/28/2003,CAK,OH,AGL,CE,Towers with Radar,16,56,59,8,139,2,6,46,8,62,18,62,105,16,201,43,0,43,244
01/29/2003,CAK,OH,AGL,CE,Towers with Radar,16,55,58,8,137,2,27,3,12,44,18,82,61,20,181,13,0,13,194
01/30/2003,CAK,OH,AGL,CE,Towers with Radar,18,89,99,14,220,0,0,117,15,132,18,89,216,29,352,0,0,0,352
01/31/2003,CAK,OH,AGL,CE,Towers with Radar,19,75,79,11,184,0,14,69,13,96,19,89,148,24,280,51,26,77,357
02/01/2003,CAK,OH,AGL,CE,Towers with Radar,8,26,6,5,45,7,29,0,4,40,15,55,6,9,85,10,0,10,95
02/02/2003,CAK,OH,AGL,CE,Towers with Radar,16,47,59,2,124,1,0,61,0,62,17,47,120,2,186,38,3,41,227
02/03/2003,CAK,OH,AGL,CE,Towers with Radar,18,57,73,8,156,0,0,47,0,47,18,57,120,8,203,48,0,48,251
02/04/2003,CAK,OH,AGL,CE,Towers with Radar,14,46,42,9,111,9,29,0,1,39,23,75,42,10,150,11,0,11,161
02/05/2003,CAK,OH,AGL,CE,Towers with Radar,21,62,75,13,171,1,0,70,7,78,22,62,145,20,249,34,6,40,289
02/06/2003,CAK,OH,AGL,CE,Towers with Radar,16,52,60,10,138,16,19,11,10,56,32,71,71,20,194,0,0,0,194
02/07/2003,CAK,OH,AGL,CE,Towers with Radar,21,69,77,13,180,0,13,19,5,37,21,82,96,18,217,40,2,42,259
02/08/2003,CAK,OH,AGL,CE,Towers with Radar,19,40,69,13,141,12,0,101,24,137,31,40,170,37,278,61,0,61,339
02/09/2003,CAK,OH,AGL,CE,Towers with Radar,17,46,60,11,134,4,0,102,34,140,21,46,162,45,274,38,0,38,312
02/10/2003,CAK,OH,AGL,CE,Towers with Radar,14,43,41,8,106,8,27,0,11,46,22,70,41,19,152,9,0,9,161
02/11/2003,CAK,OH,AGL,CE,Towers with Radar,22,69,77,13,181,3,11,37,3,54,25,80,114,16,235,19,11,30,265
02/12/2003,CAK,OH,AGL,CE,Towers with Radar,19,58,65,12,154,5,25,9,18,57,24,83,74,30,211,16,0,16,227
02/13/2003,CAK,OH,AGL,CE,Towers with Radar,27,77,91,15,210,5,0,50,38,93,32,77,141,53,303,42,0,42,345
02/14/2003,CAK,OH,AGL,CE,Towers with Radar,23,80,89,7,199,0,0,139,0,139,23,80,228,7,338,69,0,69,407
02/15/2003,CAK,OH,AGL,CE,Towers with Radar,16,50,56,2,124,1,11,77,0,89,17,61,133,2,213,20,0,20,233
02/16/2003,CAK,OH,AGL,CE,Towers with Radar,10,32,26,6,74,8,11,0,34,53,18,43,26,40,127,4,0,4,131
02/17/2003,CAK,OH,AGL,CE,Towers with Radar,17,58,22,8,105,1,2,0,0,3,18,60,22,8,108,5,0,5,113
02/18/2003,CAK,OH,AGL,CE,Towers with Radar,19,60,66,12,157,1,21,15,6,43,20,81,81,18,200,28,0,28,228
02/19/2003,CAK,OH,AGL,CE,Towers with Radar,17,69,47,8,141,1,2,0,0,3,18,71,47,8,144,9,0,9,153
02/20/2003,CAK,OH,AGL,CE,Towers with Radar,22,71,109,16,218,0,0,195,0,195,22,71,304,16,413,90,0,90,503
02/21/2003,CAK,OH,AGL,CE,Towers with Radar,17,69,99,12,197,0,0,119,0,119,17,69,218,12,316,61,12,73,389
02/22/2003,CAK,OH,AGL,CE,Towers with Radar,15,44,5,14,78,0,3,0,0,3,15,47,5,14,81,0,0,0,81
02/23/2003,CAK,OH,AGL,CE,Towers with Radar,10,26,29,4,69,6,20,0,0,26,16,46,29,4,95,10,0,10,105
02/24/2003,CAK,OH,AGL,CE,Towers with Radar,13,38,38,7,96,5,30,0,19,54,18,68,38,26,150,7,0,7,157
02/25/2003,CAK,OH,AGL,CE,Towers with Radar,19,65,110,19,213,0,0,125,15,140,19,65,235,34,353,62,0,62,415
02/26/2003,CAK,OH,AGL,CE,Towers with Radar,17,75,120,21,233,0,0,134,3,137,17,75,254,24,370,97,0,97,467
02/27/2003,CAK,OH,AGL,CE,Towers with Radar,11,66,92,16,185,0,0,112,7,119,11,66,204,23,304,74,0,74,378
02/28/2003,CAK,OH,AGL,CE,Towers with Radar,18,78,99,14,209,0,0,102,0,102,18,78,201,14,311,62,20,82,393
03/01/2003,CAK,OH,AGL,CE,Towers with Radar,9,34,30,5,78,7,18,0,0,25,16,52,30,5,103,42,0,42,145
03/02/2003,CAK,OH,AGL,CE,Towers with Radar,7,29,25,7,68,9,20,0,0,29,16,49,25,7,97,2,0,2,99
03/03/2003,CAK,OH,AGL,CE,Towers with Radar,16,64,85,14,179,0,11,124,0,135,16,75,209,14,314,81,0,81,395
03/04/2003,CAK,OH,AGL,CE,Towers with Radar,18,67,90,13,188,2,4,92,11,109,20,71,182,24,297,43,0,43,340
03/05/2003,CAK,OH,AGL,CE,Towers with Radar,11,41,39,9,100,11,27,0,4,42,22,68,39,13,142,9,0,9,151
03/06/2003,CAK,OH,AGL,CE,Towers with Radar,20,69,93,13,195,0,2,78,0,80,20,71,171,13,275,67,0,67,342
03/07/2003,CAK,OH,AGL,CE,Towers with Radar,14,73,111,16,214,0,0,3,6,9,14,73,114,22,223,50,2,52,275
03/08/2003,CAK,OH,AGL,CE,Towers with Radar,15,85,125,17,242,0,0,143,0,143,15,85,268,17,385,141,2,143,528
03/09/2003,CAK,OH,AGL,CE,Towers with Radar,11,41,55,8,115,3,19,72,13,107,14,60,127,21,222,13,0,13,235
03/10/2003,CAK,OH,AGL,CE,Towers with Radar,10,78,105,17,210,0,13,96,25,134,10,91,201,42,344,29,8,37,381
03/11/2003,CAK,OH,AGL,CE,Towers with Radar,19,67,94,14,194,0,0,133,21,154,19,67,227,35,348,59,0,59,407
03/12/2003,CAK,OH,AGL,CE,Towers with Radar,18,51,93,14,176,0,0,96,14,110,18,51,189,28,286,38,16,54,340
03/13/2003,CAK,OH,AGL,CE,Towers with Radar,14,45,57,9,125,5,26,0,6,37,19,71,57,15,162,5,6,11,173
03/14/2003,CAK,OH,AGL,CE,Towers with Radar,22,64,118,17,221,0,0,187,2,189,22,64,305,19,410,63,2,65,475
03/15/2003,CAK,OH,AGL,CE,Towers with Radar,19,59,121,19,218,0,0,235,2,237,19,59,356,21,455,105,0,105,560
03/16/2003,CAK,OH,AGL,CE,Towers with Radar,21,47,134,19,221,0,0,190,0,190,21,47,324,19,411,115,0,115,526
03/17/2003,CAK,OH,AGL,CE,Towers with Radar,21,69,106,14,210,0,0,191,0,191,21,69,297,14,401,72,0,72,473
03/18/2003,CAK,OH,AGL,CE,Towers with Radar,20,71,112,16,219,0,0,134,14,148,20,71,246,30,367,80,0,80,447
03/19/2003,CAK,OH,AGL,CE,Towers with Radar,17,56,78,12,163,3,15,57,4,79,20,71,135,16,242,14,2,16,258
03/20/2003,CAK,OH,AGL,CE,Towers with Radar,21,76,105,16,218,0,2,63,10,75,21,78,168,26,293,37,0,37,330
03/21/2003,CAK,OH,AGL,CE,Towers with Radar,20,67,93,14,194,2,6,9,2,19,22,73,102,16,213,20,2,22,235
03/22/2003,CAK,OH,AGL,CE,Towers with Radar,17,54,78,12,161,4,0,69,14,87,21,54,147,26,248,64,12,76,324
03/23/2003,CAK,OH,AGL,CE,Towers with Radar,21,54,98,11,184,1,0,158,0,159,22,54,256,11,343,19,0,19,362
03/24/2003,CAK,OH,AGL,CE,Towers with Radar,21,68,99,16,204,0,0,169,16,185,21,68,268,32,389,27,0,27,416
03/25/2003,CAK,OH,AGL,CE,Towers with Radar,20,67,93,13,193,1,40,46,16,103,21,107,139,29,296,19,16,35,331
03/26/2003,CAK,OH,AGL,CE,Towers with Radar,19,84,117,17,237,0,1,155,11,167,19,85,272,28,404,72,0,72,476
03/27/2003,CAK,OH,AGL,CE,Towers with Radar,21,78,116,17,232,0,0,161,38,199,21,78,277,55,431,30,40,70,501
03/28/2003,CAK,OH,AGL,CE,Towers with Radar,18,57,79,11,165,3,8,66,0,77,21,65,145,11,242,15,0,15,257
03/29/2003,CAK,OH,AGL,CE,Towers with Radar,10,32,37,4,83,10,19,0,0,29,20,51,37,4,112,26,0,26,138
03/30/2003,CAK,OH,AGL,CE,Towers with Radar,10,33,45,6,94,12,18,10,1,41,22,51,55,7,135,48,0,48,183
03/31/2003,CAK,OH,AGL,CE,Towers with Radar,15,50,67,10,142,7,22,24,0,53,22,72,91,10,195,4,0,4,199
04/01/2003,CAK,OH,AGL,CE,Towers with Radar,14,43,70,12,139,7,27,55,3,92,21,70,125,15,231,29,0,29,260
04/02/2003,CAK,OH,AGL,CE,Towers with Radar,20,68,115,16,219,0,0,194,0,194,20,68,309,16,413,108,0,108,521
04/03/2003,CAK,OH,AGL,CE,Towers with Radar,22,70,122,12,226,0,0,96,0,96,22,70,218,12,322,40,0,40,362
04/04/2003,CAK,OH,AGL,CE,Towers with Radar,15,46,75,12,148,5,10,3,4,22,20,56,78,16,170,24,0,24,194
04/05/2003,CAK,OH,AGL,CE,Towers with Radar,7,23,26,7,63,13,30,0,7,50,20,53,26,14,113,7,0,7,120
04/06/2003,CAK,OH,AGL,CE,Towers with Radar,17,47,88,15,167,5,0,114,1,120,22,47,202,16,287,77,0,77,364
04/07/2003,CAK,OH,AGL,CE,Towers with Radar,11,34,55,9,109,9,48,145,3,205,20,82,200,12,314,5,0,5,319
04/08/2003,CAK,OH,AGL,CE,Towers with Radar,15,45,71,13,144,8,30,0,2,40,23,75,71,15,184,9,0,9,193
04/09/2003,CAK,OH,AGL,CE,Towers with Radar,15,48,78,14,155,5,20,2,11,38,20,68,80,25,193,13,0,13,206
04/10/2003,CAK,OH,AGL,CE,Towers with Radar,21,73,133,23,250,0,0,160,10,170,21,73,293,33,420,68,0,68,488
04/11/2003,CAK,OH,AGL,CE,Towers with Radar,21,73,119,20,233,0,16,114,19,149,21,89,233,39,382,54,10,64,446
04/12/2003,CAK,OH,AGL,CE,Towers with Radar,19,49,95,17,180,3,0,189,15,207,22,49,284,32,387,57,0,57,444
04/13/2003,CAK,OH,AGL,CE,Towers with Radar,20,48,142,23,233,0,0,200,31,231,20,48,342,54,464,32,0,32,496
04/14/2003,CAK,OH,AGL,CE,Towers with Radar,21,66,127,21,235,0,0,145,2,147,21,66,272,23,382,67,0,67,449
04/15/2003,CAK,OH,AGL,CE,Towers with Radar,20,58,98,16,192,0,16,89,17,122,20,74,187,33,314,30,24,54,368
04/16/2003,CAK,OH,AGL,CE,Towers with Radar,20,69,126,22,237,0,0,123,20,143,20,69,249,42,380,39,18,57,437
04/17/2003,CAK,OH,AGL,CE,Towers with Radar,17,50,83,14,164,3,28,51,11,93,20,78,134,25,257,36,18,54,311
04/18/2003,CAK,OH,AGL,CE,Towers with Radar,17,50,83,14,164,4,11,59,12,86,21,61,142,26,250,47,26,73,323
04/19/2003,CAK,OH,AGL,CE,Towers with Radar,19,50,131,22,222,0,0,193,0,193,19,50,324,22,415,88,0,88,503
04/20/2003,CAK,OH,AGL,CE,Towers with Radar,11,31,52,5,99,10,13,27,0,50,21,44,79,5,149,10,0,10,159
04/21/2003,CAK,OH,AGL,CE,Towers with Radar,20,47,104,18,189,0,0,92,7,99,20,47,196,25,288,85,26,111,399
04/22/2003,CAK,OH,AGL,CE,Towers with Radar,19,55,93,16,183,1,24,31,7,63,20,79,124,23,246,57,20,77,323
04/23/2003,CAK,OH,AGL,CE,Towers with Radar,23,61,130,21,235,0,0,186,32,218,23,61,316,53,453,53,14,67,520
04/24/2003,CAK,OH,AGL,CE,Towers with Radar,22,63,123,21,229,0,0,138,26,164,22,63,261,47,393,27,2,29,422
04/25/2003,CAK,OH,AGL,CE,Towers with Radar,22,67,112,18,219,0,3,120,13,136,22,70,232,31,355,38,4,42,397
04/26/2003,CAK,OH,AGL,CE,Towers with Radar,20,53,98,17,188,2,0,90,31,123,22,53,188,48,311,68,0,68,379
04/27/2003,CAK,OH,AGL,CE,Towers with Radar,20,48,199,33,300,0,0,250,0,250,20,48,449,33,550,98,0,98,648
04/28/2003,CAK,OH,AGL,CE,Towers with Radar,20,67,109,14,210,0,5,191,0,196,20,72,300,14,406,116,12,128,534
04/29/2003,CAK,OH,AGL,CE,Towers with Radar,19,63,107,18,207,0,0,137,13,150,19,63,244,31,357,66,0,66,423
04/30/2003,CAK,OH,AGL,CE,Towers with Radar,20,60,99,17,196,0,11,108,8,127,20,71,207,25,323,33,0,33,356
05/01/2003,CAK,OH,AGL,CE,Towers with Radar,18,58,80,16,172,2,13,41,11,67,20,71,121,27,239,14,6,20,259
05/02/2003,CAK,OH,AGL,CE,Towers with Radar,22,71,102,16,211,1,0,18,0,19,23,71,120,16,230,40,12,52,282
05/03/2003,CAK,OH,AGL,CE,Towers with Radar,20,56,95,18,189,0,0,150,15,165,20,56,245,33,354,31,0,31,385
05/04/2003,CAK,OH,AGL,CE,Towers with Radar,19,54,115,23,211,0,0,169,9,178,19,54,284,32,389,86,0,86,475
05/05/2003,CAK,OH,AGL,CE,Towers with Radar,10,34,47,9,100,12,30,11,3,56,22,64,58,12,156,6,0,6,162
05/06/2003,CAK,OH,AGL,CE,Towers with Radar,20,78,119,23,240,0,0,162,20,182,20,78,281,43,422,62,2,64,486
05/07/2003,CAK,OH,AGL,CE,Towers with Radar,16,54,75,15,160,3,9,11,4,27,19,63,86,19,187,10,0,10,197
05/08/2003,CAK,OH,AGL,CE,Towers with Radar,22,76,112,22,232,0,0,48,15,63,22,76,160,37,295,27,0,27,322
05/09/2003,CAK,OH,AGL,CE,Towers with Radar,14,46,64,12,136,8,31,46,6,91,22,77,110,18,227,25,0,25,252
05/10/2003,CAK,OH,AGL,CE,Towers with Radar,10,34,47,6,97,13,12,18,0,43,23,46,65,6,140,42,0,42,182
05/11/2003,CAK,OH,AGL,CE,Towers with Radar,8,29,20,8,65,12,29,0,2,43,20,58,20,10,108,9,0,9,117
05/12/2003,CAK,OH,AGL,CE,Towers with Radar,15,49,63,10,137,7,17,0,0,24,22,66,63,10,161,5,0,5,166
05/13/2003,CAK,OH,AGL,CE,Towers with Radar,19,66,92,18,195,0,5,77,10,92,19,71,169,28,287,39,0,39,326
05/14/2003,CAK,OH,AGL,CE,Towers with Radar,17,76,137,26,256,0,0,239,34,273,17,76,376,60,529,71,12,83,612
05/15/2003,CAK,OH,AGL,CE,Towers with Radar,19,60,85,17,181,3,15,36,16,70,22,75,121,33,251,27,0,27,278
05/16/2003,CAK,OH,AGL,CE,Towers with Radar,20,65,100,18,203,0,0,51,0,51,20,65,151,18,254,43,2,45,299
05/17/2003,CAK,OH,AGL,CE,Towers with Radar,21,54,105,20,200,0,0,113,7,120,21,54,218,27,320,54,2,56,376
05/18/2003,CAK,OH,AGL,CE,Towers with Radar,19,58,83,8,168,1,0,47,0,48,20,58,130,8,216,52,0,52,268
05/19/2003,CAK,OH,AGL,CE,Towers with Radar,19,78,113,21,231,0,0,152,9,161,19,78,265,30,392,30,0,30,422
05/20/2003,CAK,OH,AGL,CE,Towers with Radar,18,58,82,16,174,0,14,4,10,28,18,72,86,26,202,0,0,0,202
05/21/2003,CAK,OH,AGL,CE,Towers with Radar,19,69,112,21,221,0,0,165,21,186,19,69,277,42,407,93,8,101,508
05/22/2003,CAK,OH,AGL,CE,Towers with Radar,20,88,148,28,284,0,0,218,22,240,20,88,366,50,524,73,0,73,597
05/23/2003,CAK,OH,AGL,CE,Towers with Radar,21,68,97,18,204,1,0,15,1,17,22,68,112,19,221,7,0,7,228
05/24/2003,CAK,OH,AGL,CE,Towers with Radar,20,62,88,10,180,0,1,97,0,98,20,63,185,10,278,46,0,46,324
05/25/2003,CAK,OH,AGL,CE,Towers with Radar,19,57,81,14,171,5,2,89,0,96,24,59,170,14,267,27,0,27,294
05/26/2003,CAK,OH,AGL,CE,Towers with Radar,14,41,59,11,125,6,25,38,9,78,20,66,97,20,203,41,0,41,244
05/27/2003,CAK,OH,AGL,CE,Towers with Radar,22,68,98,19,207,0,0,53,13,66,22,68,151,32,273,62,0,62,335
05/28/2003,CAK,OH,AGL,CE,Towers with Radar,22,68,140,26,256,0,0,144,3,147,22,68,284,29,403,67,0,67,470
05/29/2003,CAK,OH,AGL,CE,Towers with Radar,23,93,130,26,272,0,0,146,12,158,23,93,276,38,430,115,0,115,545
05/30/2003,CAK,OH,AGL,CE,Towers with Radar,22,85,119,23,249,0,2,124,29,155,22,87,243,52,404,78,22,100,504
05/31/2003,CAK,OH,AGL,CE,Towers with Radar,11,33,37,9,90,12,23,0,0,35,23,56,37,9,125,5,0,5,130
06/01/2003,CAK,OH,AGL,CE,Towers with Radar,18,55,79,18,170,8,124,0,5,137,26,179,79,23,307,33,0,33,340
06/02/2003,CAK,OH,AGL,CE,Towers with Radar,21,61,94,21,197,1,11,166,23,201,22,72,260,44,398,70,2,72,470
06/03/2003,CAK,OH,AGL,CE,Towers with Radar,21,61,90,20,192,2,18,0,9,29,23,79,90,29,221,29,22,51,272
06/04/2003,CAK,OH,AGL,CE,Towers with Radar,18,52,80,18,168,4,15,24,7,50,22,67,104,25,218,27,4,31,249
06/05/2003,CAK,OH,AGL,CE,Towers with Radar,24,66,118,26,234,0,0,104,33,137,24,66,222,59,371,41,20,61,432
06/06/2003,CAK,OH,AGL,CE,Towers with Radar,23,76,123,26,248,0,0,189,2,191,23,76,312,28,439,49,0,49,488
06/07/2003,CAK,OH,AGL,CE,Towers with Radar,18,51,79,16,164,4,9,131,12,156,22,60,210,28,320,45,0,45,365
06/08/2003,CAK,OH,AGL,CE,Towers with Radar,21,55,87,18,181,5,1,46,5,57,26,56,133,23,238,31,0,31,269
06/09/2003,CAK,OH,AGL,CE,Towers with Radar,22,59,93,20,194,1,10,71,3,85,23,69,164,23,279,21,0,21,300
06/10/2003,CAK,OH,AGL,CE,Towers with Radar,15,66,105,21,207,0,14,161,12,187,15,80,266,33,394,76,4,80,474
06/11/2003,CAK,OH,AGL,CE,Towers with Radar,19,49,78,16,162,5,27,34,12,78,24,76,112,28,240,33,12,45,285
06/12/2003,CAK,OH,AGL,CE,Towers with Radar,19,51,82,17,169,4,21,28,1,54,23,72,110,18,223,38,8,46,269
06/13/2003,CAK,OH,AGL,CE,Towers with Radar,24,63,101,18,206,2,18,42,0,62,26,81,143,18,268,50,0,50,318
06/14/2003,CAK,OH,AGL,CE,Towers with Radar,18,47,75,16,156,8,12,32,4,56,26,59,107,20,212,33,0,33,245
06/15/2003,CAK,OH,AGL,CE,Towers with Radar,23,59,107,21,210,0,0,178,0,178,23,59,285,21,388,78,0,78,466
06/16/2003,CAK,OH,AGL,CE,Towers with Radar,25,63,106,22,216,1,0,195,3,199,26,63,301,25,415,63,40,103,518
06/17/2003,CAK,OH,AGL,CE,Towers with Radar,19,51,81,16,167,7,13,12,0,32,26,64,93,16,199,18,0,18,217
06/18/2003,CAK,OH,AGL,CE,Towers with Radar,22,69,109,23,223,0,0,63,32,95,22,69,172,55,318,71,22,93,411
06/19/2003,CAK,OH,AGL,CE,Towers with Radar,24,71,112,24,231,0,9,75,45,129,24,80,187,69,360,17,24,41,401
06/20/2003,CAK,OH,AGL,CE,Towers with Radar,26,70,111,24,231,0,1,192,14,207,26,71,303,38,438,78,4,82,520
06/21/2003,CAK,OH,AGL,CE,Towers with Radar,22,60,100,21,203,0,0,186,10,196,22,60,286,31,399,37,22,59,458
06/22/2003,CAK,OH,AGL,CE,Towers with Radar,24,59,122,26,231,0,0,76,24,100,24,59,198,50,331,36,4,40,371
06/23/2003,CAK,OH,AGL,CE,Towers with Radar,27,76,119,26,248,0,0,261,7,268,27,76,380,33,516,70,6,76,592
06/24/2003,CAK,OH,AGL,CE,Towers with Radar,24,78,120,24,246,0,12,242,0,254,24,90,362,24,500,44,2,46,546
06/25/2003,CAK,OH,AGL,CE,Towers with Radar,27,76,130,27,260,0,0,188,1,189,27,76,318,28,449,60,12,72,521
06/26/2003,CAK,OH,AGL,CE,Towers with Radar,25,74,114,25,238,0,0,101,14,115,25,74,215,39,353,61,0,61,414
06/27/2003,CAK,OH,AGL,CE,Towers with Radar,22,86,133,29,270,0,2,196,5,203,22,88,329,34,473,81,0,81,554
06/28/2003,CAK,OH,AGL,CE,Towers with Radar,23,65,119,26,233,0,0,220,0,220,23,65,339,26,453,77,0,77,530
06/29/2003,CAK,OH,AGL,CE,Towers with Radar,19,54,84,17,174,6,8,85,16,115,25,62,169,33,289,57,18,75,364
06/30/2003,CAK,OH,AGL,CE,Towers with Radar,22,47,91,19,179,2,0,72,14,88,24,47,163,33,267,16,0,16,283
07/01/2003,CAK,OH,AGL,CE,Towers with Radar,20,65,109,21,215,0,0,85,16,101,20,65,194,37,316,44,6,50,366
07/02/2003,CAK,OH,AGL,CE,Towers with Radar,22,62,98,19,201,0,8,92,20,120,22,70,190,39,321,105,0,105,426
07/03/2003,CAK,OH,AGL,CE,Towers with Radar,24,83,136,23,266,0,0,201,24,225,24,83,337,47,491,81,0,81,572
07/04/2003,CAK,OH,AGL,CE,Towers with Radar,13,36,57,10,116,8,22,24,6,60,21,58,81,16,176,13,0,13,189
07/05/2003,CAK,OH,AGL,CE,Towers with Radar,15,41,66,12,134,9,15,19,4,47,24,56,85,16,181,28,0,28,209
07/06/2003,CAK,OH,AGL,CE,Towers with Radar,23,54,106,19,202,0,0,87,0,87,23,54,193,19,289,32,0,32,321
07/07/2003,CAK,OH,AGL,CE,Towers with Radar,16,44,69,12,141,10,29,27,0,66,26,73,96,12,207,56,0,56,263
07/08/2003,CAK,OH,AGL,CE,Towers with Radar,20,58,92,16,186,9,6,104,10,129,29,64,196,26,315,72,0,72,387
07/09/2003,CAK,OH,AGL,CE,Towers with Radar,26,72,116,20,234,0,5,40,4,49,26,77,156,24,283,98,10,108,391
07/10/2003,CAK,OH,AGL,CE,Towers with Radar,19,55,89,15,178,7,23,42,6,78,26,78,131,21,256,29,2,31,287
07/11/2003,CAK,OH,AGL,CE,Towers with Radar,26,70,115,20,231,0,9,115,11,135,26,79,230,31,366,64,26,90,456
07/12/2003,CAK,OH,AGL,CE,Towers with Radar,20,74,121,22,237,0,9,168,2,179,20,83,289,24,416,68,0,68,484
07/13/2003,CAK,OH,AGL,CE,Towers with Radar,26,59,134,20,239,0,0,238,0,238,26,59,372,20,477,104,0,104,581
07/14/2003,CAK,OH,AGL,CE,Towers with Radar,26,69,122,22,239,0,0,163,7,170,26,69,285,29,409,41,0,41,450
07/15/2003,CAK,OH,AGL,CE,Towers with Radar,26,65,114,16,221,0,0,143,0,143,26,65,257,16,364,47,0,47,411
07/16/2003,CAK,OH,AGL,CE,Towers with Radar,27,77,148,26,278,0,0,155,26,181,27,77,303,52,459,94,2,96,555
07/17/2003,CAK,OH,AGL,CE,Towers with Radar,26,82,152,27,287,0,0,216,22,238,26,82,368,49,525,149,0,149,674
07/18/2003,CAK,OH,AGL,CE,Towers with Radar,26,70,114,19,229,0,0,79,27,106,26,70,193,46,335,75,2,77,412
07/19/2003,CAK,OH,AGL,CE,Towers with Radar,25,62,111,20,218,0,0,105,2,107,25,62,216,22,325,58,0,58,383
07/20/2003,CAK,OH,AGL,CE,Towers with Radar,23,42,103,18,186,5,0,113,9,127,28,42,216,27,313,47,2,49,362
07/21/2003,CAK,OH,AGL,CE,Towers with Radar,14,35,51,10,110,10,32,0,6,48,24,67,51,16,158,10,0,10,168
07/22/2003,CAK,OH,AGL,CE,Towers with Radar,22,59,97,17,195,1,24,23,7,55,23,83,120,24,250,62,10,72,322
07/23/2003,CAK,OH,AGL,CE,Towers with Radar,20,56,92,16,184,6,23,35,9,73,26,79,127,25,257,56,8,64,321
07/24/2003,CAK,OH,AGL,CE,Towers with Radar,26,81,135,23,265,0,0,124,14,138,26,81,259,37,403,41,10,51,454
07/25/2003,CAK,OH,AGL,CE,Towers with Radar,27,70,115,20,232,1,3,197,9,210,28,73,312,29,442,52,0,52,494
07/26/2003,CAK,OH,AGL,CE,Towers with Radar,25,52,134,23,234,0,0,183,13,196,25,52,317,36,430,35,6,41,471
07/27/2003,CAK,OH,AGL,CE,Towers with Radar,19,43,82,14,158,6,0,67,3,76,25,43,149,17,234,20,0,20,254
07/28/2003,CAK,OH,AGL,CE,Towers with Radar,27,85,136,25,273,0,4,136,1,141,27,89,272,26,414,37,12,49,463
07/29/2003,CAK,OH,AGL,CE,Towers with Radar,25,71,123,21,240,0,0,198,11,209,25,71,321,32,449,70,0,70,519
07/30/2003,CAK,OH,AGL,CE,Towers with Radar,25,70,120,22,237,0,0,111,17,128,25,70,231,39,365,63,0,63,428
07/31/2003,CAK,OH,AGL,CE,Towers with Radar,26,70,110,15,221,0,0,0,0,0,26,70,110,15,221,50,0,50,271
08/01/2003,CAK,OH,AGL,CE,Towers with Radar,22,53,112,24,211,0,0,74,1,75,22,53,186,25,286,52,0,52,338
08/02/2003,CAK,OH,AGL,CE,Towers with Radar,24,71,109,17,221,4,0,83,0,87,28,71,192,17,308,48,0,48,356
08/03/2003,CAK,OH,AGL,CE,Towers with Radar,22,62,99,22,205,9,0,38,5,52,31,62,137,27,257,36,0,36,293
08/04/2003,CAK,OH,AGL,CE,Towers with Radar,19,59,88,20,186,8,15,24,4,51,27,74,112,24,237,13,0,13,250
08/05/2003,CAK,OH,AGL,CE,Towers with Radar,24,74,110,24,232,4,16,24,7,51,28,90,134,31,283,52,0,52,335
08/06/2003,CAK,OH,AGL,CE,Towers with Radar,26,77,115,26,244,0,3,67,21,91,26,80,182,47,335,80,22,102,437
08/07/2003,CAK,OH,AGL,CE,Towers with Radar,25,70,118,25,238,3,0,117,8,128,28,70,235,33,366,49,0,49,415
08/08/2003,CAK,OH,AGL,CE,Towers with Radar,26,78,128,27,259,0,0,113,21,134,26,78,241,48,393,73,0,73,466
08/09/2003,CAK,OH,AGL,CE,Towers with Radar,22,64,100,21,207,2,0,61,9,72,24,64,161,30,279,37,0,37,316
08/10/2003,CAK,OH,AGL,CE,Towers with Radar,26,59,122,26,233,3,0,107,30,140,29,59,229,56,373,28,0,28,401
08/11/2003,CAK,OH,AGL,CE,Towers with Radar,22,68,102,22,214,4,2,132,20,158,26,70,234,42,372,28,0,28,400
08/12/2003,CAK,OH,AGL,CE,Towers with Radar,27,68,141,31,267,0,0,220,11,231,27,68,361,42,498,88,6,94,592
08/13/2003,CAK,OH,AGL,CE,Towers with Radar,28,79,138,30,275,0,0,136,42,178,28,79,274,72,453,48,0,48,501
08/14/2003,CAK,OH,AGL,CE,Towers with Radar,24,70,151,33,278,0,0,237,34,271,24,70,388,67,549,67,24,91,640
08/15/2003,CAK,OH,AGL,CE,Towers with Radar,22,67,102,22,213,3,10,65,16,94,25,77,167,38,307,44,0,44,351
08/16/2003,CAK,OH,AGL,CE,Towers with Radar,17,49,74,17,157,12,18,0,6,36,29,67,74,23,193,18,6,24,217
08/17/2003,CAK,OH,AGL,CE,Towers with Radar,19,73,112,13,217,0,44,113,0,157,19,117,225,13,374,64,0,64,438
08/18/2003,CAK,OH,AGL,CE,Towers with Radar,26,74,113,18,231,4,16,144,0,164,30,90,257,18,395,65,0,65,460
08/19/2003,CAK,OH,AGL,CE,Towers with Radar,26,94,144,30,294,0,0,190,0,190,26,94,334,30,484,75,0,75,559
08/20/2003,CAK,OH,AGL,CE,Towers with Radar,26,81,124,27,258,0,10,148,0,158,26,91,272,27,416,33,0,33,449
08/21/2003,CAK,OH,AGL,CE,Towers with Radar,27,87,150,33,297,0,0,114,14,128,27,87,264,47,425,77,10,87,512
08/22/2003,CAK,OH,AGL,CE,Towers with Radar,26,75,152,32,285,0,0,92,6,98,26,75,244,38,383,55,26,81,464
08/23/2003,CAK,OH,AGL,CE,Towers with Radar,22,73,112,14,221,0,12,165,0,177,22,85,277,14,398,44,0,44,442
08/24/2003,CAK,OH,AGL,CE,Towers with Radar,26,80,120,12,238,0,21,175,0,196,26,101,295,12,434,39,0,39,473
08/25/2003,CAK,OH,AGL,CE,Towers with Radar,25,77,115,26,243,0,22,128,20,170,25,99,243,46,413,52,0,52,465
08/26/2003,CAK,OH,AGL,CE,Towers with Radar,23,66,99,21,209,2,12,74,17,105,25,78,173,38,314,18,0,18,332
08/27/2003,CAK,OH,AGL,CE,Towers with Radar,25,86,132,29,272,0,0,99,35,134,25,86,231,64,406,43,30,73,479
08/28/2003,CAK,OH,AGL,CE,Towers with Radar,27,92,137,30,286,0,4,203,10,217,27,96,340,40,503,84,0,84,587
08/29/2003,CAK,OH,AGL,CE,Towers with Radar,22,63,94,21,200,3,21,18,30,72,25,84,112,51,272,42,30,72,344
08/30/2003,CAK,OH,AGL,CE,Towers with Radar,22,63,94,18,197,5,1,81,0,87,27,64,175,18,284,55,0,55,339
08/31/2003,CAK,OH,AGL,CE,Towers with Radar,17,48,71,6,142,4,5,93,0,102,21,53,164,6,244,40,0,40,284
09/01/2003,CAK,OH,AGL,CE,Towers with Radar,14,39,43,9,105,14,28,0,1,43,28,67,43,10,148,10,0,10,158
09/02/2003,CAK,OH,AGL,CE,Towers with Radar,26,69,100,16,211,1,0,33,15,49,27,69,133,31,260,49,0,49,309
09/03/2003,CAK,OH,AGL,CE,Towers with Radar,23,61,88,15,187,5,12,51,5,73,28,73,139,20,260,32,0,32,292
09/04/2003,CAK,OH,AGL,CE,Towers with Radar,28,79,122,17,246,0,0,70,0,70,28,79,192,17,316,56,0,56,372
09/05/2003,CAK,OH,AGL,CE,Towers with Radar,27,70,103,17,217,3,13,151,27,194,30,83,254,44,411,48,0,48,459
09/06/2003,CAK,OH,AGL,CE,Towers with Radar,26,66,102,16,210,1,0,201,18,220,27,66,303,34,430,115,2,117,547
09/07/2003,CAK,OH,AGL,CE,Towers with Radar,25,76,111,19,231,0,8,189,32,229,25,84,300,51,460,70,8,78,538
09/08/2003,CAK,OH,AGL,CE,Towers with Radar,25,68,99,16,208,1,13,124,1,139,26,81,223,17,347,52,0,52,399
09/09/2003,CAK,OH,AGL,CE,Towers with Radar,27,72,114,18,231,0,0,115,14,129,27,72,229,32,360,37,0,37,397
09/10/2003,CAK,OH,AGL,CE,Towers with Radar,28,71,128,19,246,0,0,125,25,150,28,71,253,44,396,45,0,45,441
09/11/2003,CAK,OH,AGL,CE,Towers with Radar,31,64,115,17,227,1,0,196,17,214,32,64,311,34,441,42,0,42,483
09/12/2003,CAK,OH,AGL,CE,Towers with Radar,27,76,114,18,235,0,22,116,18,156,27,98,230,36,391,64,0,64,455
09/13/2003,CAK,OH,AGL,CE,Towers with Radar,24,59,89,15,187,2,0,71,9,82,26,59,160,24,269,37,0,37,306
09/14/2003,CAK,OH,AGL,CE,Towers with Radar,22,54,82,13,171,4,0,94,1,99,26,54,176,14,270,18,0,18,288
09/15/2003,CAK,OH,AGL,CE,Towers with Radar,27,70,105,17,219,0,11,38,7,56,27,81,143,24,275,49,0,49,324
09/16/2003,CAK,OH,AGL,CE,Towers with Radar,29,84,132,21,266,0,0,256,15,271,29,84,388,36,537,90,10,100,637
09/17/2003,CAK,OH,AGL,CE,Towers with Radar,28,94,148,23,293,0,0,220,12,232,28,94,368,35,525,118,8,126,651
09/18/2003,CAK,OH,AGL,CE,Towers with Radar,28,72,109,18,227,0,0,108,20,128,28,72,217,38,355,49,14,63,418
09/19/2003,CAK,OH,AGL,CE,Towers with Radar,15,38,57,9,119,15,38,1,2,56,30,76,58,11,175,12,0,12,187
09/20/2003,CAK,OH,AGL,CE,Towers with Radar,26,83,124,21,254,0,11,136,12,159,26,94,260,33,413,62,0,62,475
09/21/2003,CAK,OH,AGL,CE,Towers with Radar,26,53,120,20,219,0,0,205,1,206,26,53,325,21,425,18,2,20,445
09/22/2003,CAK,OH,AGL,CE,Towers with Radar,18,45,61,11,135,10,17,0,6,33,28,62,61,17,168,23,0,23,191
09/23/2003,CAK,OH,AGL,CE,Towers with Radar,27,77,115,19,238,0,8,151,18,177,27,85,266,37,415,53,0,53,468
09/24/2003,CAK,OH,AGL,CE,Towers with Radar,29,80,120,20,249,0,12,81,17,110,29,92,201,37,359,49,0,49,408
09/25/2003,CAK,OH,AGL,CE,Towers with Radar,31,73,115,19,238,0,0,113,20,133,31,73,228,39,371,80,22,102,473
09/26/2003,CAK,OH,AGL,CE,Towers with Radar,32,99,144,23,298,0,6,137,21,164,32,105,281,44,462,142,4,146,608
09/27/2003,CAK,OH,AGL,CE,Towers with Radar,18,45,65,11,139,13,11,22,3,49,31,56,87,14,188,19,0,19,207
09/28/2003,CAK,OH,AGL,CE,Towers with Radar,27,64,112,18,221,0,0,130,5,135,27,64,242,23,356,50,0,50,406
09/29/2003,CAK,OH,AGL,CE,Towers with Radar,26,60,98,7,191,0,0,31,0,31,26,60,129,7,222,36,0,36,258
09/30/2003,CAK,OH,AGL,CE,Towers with Radar,24,60,87,15,186,6,16,74,1,97,30,76,161,16,283,9,0,9,292
10/01/2003,CAK,OH,AGL,CE,Towers with Radar,26,75,106,19,226,0,26,62,8,96,26,101,168,27,322,48,0,48,370
10/02/2003,CAK,OH,AGL,CE,Towers with Radar,27,70,100,17,214,0,18,102,0,120,27,88,202,17,334,31,0,31,365
10/03/2003,CAK,OH,AGL,CE,Towers with Radar,28,71,103,18,220,2,0,90,6,98,30,71,193,24,318,54,40,94,412
10/04/2003,CAK,OH,AGL,CE,Towers with Radar,16,41,58,11,126,8,19,29,10,66,24,60,87,21,192,29,0,29,221
10/05/2003,CAK,OH,AGL,CE,Towers with Radar,31,64,121,20,236,0,0,207,0,207,31,64,328,20,443,53,2,55,498
10/06/2003,CAK,OH,AGL,CE,Towers with Radar,28,69,126,23,246,0,0,196,6,202,28,69,322,29,448,52,0,52,500
10/07/2003,CAK,OH,AGL,CE,Towers with Radar,26,62,120,21,229,0,0,192,11,203,26,62,312,32,432,80,20,100,532
10/08/2003,CAK,OH,AGL,CE,Towers with Radar,28,85,130,24,267,0,0,198,9,207,28,85,328,33,474,159,24,183,657
10/09/2003,CAK,OH,AGL,CE,Towers with Radar,28,85,150,26,289,0,0,237,14,251,28,85,387,40,540,187,22,209,749
10/10/2003,CAK,OH,AGL,CE,Towers with Radar,28,73,123,21,245,0,0,102,0,102,28,73,225,21,347,29,0,29,376
10/11/2003,CAK,OH,AGL,CE,Towers with Radar,22,54,114,19,209,0,0,129,0,129,22,54,243,19,338,15,0,15,353
10/12/2003,CAK,OH,AGL,CE,Towers with Radar,24,60,90,15,189,3,0,67,0,70,27,60,157,15,259,45,0,45,304
10/13/2003,CAK,OH,AGL,CE,Towers with Radar,27,63,112,16,218,0,0,195,0,195,27,63,307,16,413,50,0,50,463
10/14/2003,CAK,OH,AGL,CE,Towers with Radar,23,57,84,15,179,5,28,22,16,71,28,85,106,31,250,0,0,0,250
10/15/2003,CAK,OH,AGL,CE,Towers with Radar,20,50,74,13,157,8,25,22,12,67,28,75,96,25,224,25,10,35,259
10/16/2003,CAK,OH,AGL,CE,Towers with Radar,27,75,112,17,231,0,0,60,0,60,27,75,172,17,291,37,0,37,328
10/17/2003,CAK,OH,AGL,CE,Towers with Radar,29,67,106,18,220,4,0,79,22,105,33,67,185,40,325,25,10,35,360
10/18/2003,CAK,OH,AGL,CE,Towers with Radar,26,64,94,17,201,4,12,72,20,108,30,76,166,37,309,36,16,52,361
10/19/2003,CAK,OH,AGL,CE,Towers with Radar,25,61,90,15,191,1,2,109,42,154,26,63,199,57,345,28,16,44,389
10/20/2003,CAK,OH,AGL,CE,Towers with Radar,30,70,109,20,229,0,0,148,21,169,30,70,257,41,398,54,20,74,472
10/21/2003,CAK,OH,AGL,CE,Towers with Radar,23,55,81,14,173,5,19,40,24,88,28,74,121,38,261,14,0,14,275
10/22/2003,CAK,OH,AGL,CE,Towers with Radar,25,60,68,15,168,3,22,0,43,68,28,82,68,58,236,42,18,60,296
10/23/2003,CAK,OH,AGL,CE,Towers with Radar,26,64,94,17,201,2,17,54,22,95,28,81,148,39,296,52,32,84,380
10/24/2003,CAK,OH,AGL,CE,Towers with Radar,30,85,124,23,262,0,1,235,14,250,30,86,359,37,512,39,0,39,551
10/25/2003,CAK,OH,AGL,CE,Towers with Radar,18,44,65,11,138,11,16,17,19,63,29,60,82,30,201,22,0,22,223
10/26/2003,CAK,OH,AGL,CE,Towers with Radar,12,29,27,6,74,13,22,0,0,35,25,51,27,6,109,3,0,3,112
10/27/2003,CAK,OH,AGL,CE,Towers with Radar,28,59,102,18,207,0,0,96,5,101,28,59,198,23,308,76,6,82,390
10/28/2003,CAK,OH,AGL,CE,Towers with Radar,27,68,99,12,206,0,4,82,0,86,27,72,181,12,292,44,0,44,336
10/29/2003,CAK,OH,AGL,CE,Towers with Radar,28,80,121,21,250,0,0,119,2,121,28,80,240,23,371,91,2,93,464
10/30/2003,CAK,OH,AGL,CE,Towers with Radar,28,73,120,21,242,0,0,216,3,219,28,73,336,24,461,78,0,78,539
10/31/2003,CAK,OH,AGL,CE,Towers with Radar,23,58,82,15,178,5,9,75,2,91,28,67,157,17,269,40,0,40,309
11/01/2003,CAK,OH,AGL,CE,Towers with Radar,24,57,70,9,160,0,0,0,0,0,24,57,70,9,160,23,0,23,183
11/02/2003,CAK,OH,AGL,CE,Towers with Radar,26,53,102,16,197,0,0,105,22,127,26,53,207,38,324,57,0,57,381
11/03/2003,CAK,OH,AGL,CE,Towers with Radar,29,66,103,16,214,0,0,165,5,170,29,66,268,21,384,61,0,61,445
11/04/2003,CAK,OH,AGL,CE,Towers with Radar,28,78,132,20,258,0,0,288,7,295,28,78,420,27,553,140,0,140,693
11/05/2003,CAK,OH,AGL,CE,Towers with Radar,26,66,84,13,189,1,6,17,16,40,27,72,101,29,229,32,10,42,271
11/06/2003,CAK,OH,AGL,CE,Towers with Radar,28,79,125,19,251,0,0,76,10,86,28,79,201,29,337,21,2,23,360
11/07/2003,CAK,OH,AGL,CE,Towers with Radar,26,79,109,17,231,0,0,160,17,177,26,79,269,34,408,52,22,74,482
11/08/2003,CAK,OH,AGL,CE,Towers with Radar,23,69,88,13,193,0,2,122,8,132,23,71,210,21,325,55,0,55,380
11/09/2003,CAK,OH,AGL,CE,Towers with Radar,27,61,96,11,195,0,0,181,0,181,27,61,277,11,376,78,0,78,454
11/10/2003,CAK,OH,AGL,CE,Towers with Radar,28,71,99,15,213,0,0,145,0,145,28,71,244,15,358,76,0,76,434
11/11/2003,CAK,OH,AGL,CE,Towers with Radar,23,53,56,5,137,4,22,0,0,26,27,75,56,5,163,12,0,12,175
11/12/2003,CAK,OH,AGL,CE,Towers with Radar,26,64,84,12,186,2,5,50,8,65,28,69,134,20,251,9,0,9,260
11/13/2003,CAK,OH,AGL,CE,Towers with Radar,15,36,48,7,106,15,36,5,3,59,30,72,53,10,165,10,0,10,175
11/14/2003,CAK,OH,AGL,CE,Towers with Radar,24,57,75,11,167,4,19,84,16,123,28,76,159,27,290,14,0,14,304
11/15/2003,CAK,OH,AGL,CE,Towers with Radar,23,56,75,11,165,1,0,76,4,81,24,56,151,15,246,22,14,36,282
11/16/2003,CAK,OH,AGL,CE,Towers with Radar,25,54,79,10,168,1,0,17,0,18,26,54,96,10,186,44,0,44,230
11/17/2003,CAK,OH,AGL,CE,Towers with Radar,28,67,94,15,204,0,0,23,27,50,28,67,117,42,254,44,12,56,310
11/18/2003,CAK,OH,AGL,CE,Towers with Radar,22,53,70,11,156,6,21,29,0,56,28,74,99,11,212,25,0,25,237
11/19/2003,CAK,OH,AGL,CE,Towers with Radar,26,61,80,12,179,2,27,8,5,42,28,88,88,17,221,34,0,34,255
11/20/2003,CAK,OH,AGL,CE,Towers with Radar,29,81,121,19,250,0,0,158,33,191,29,81,279,52,441,70,20,90,531
11/21/2003,CAK,OH,AGL,CE,Towers with Radar,31,92,129,20,272,0,0,191,18,209,31,92,320,38,481,48,0,48,529
11/22/2003,CAK,OH,AGL,CE,Towers with Radar,25,64,106,14,209,0,0,179,0,179,25,64,285,14,388,50,0,50,438
11/23/2003,CAK,OH,AGL,CE,Towers with Radar,29,62,96,8,195,0,0,101,0,101,29,62,197,8,296,50,0,50,346
11/24/2003,CAK,OH,AGL,CE,Towers with Radar,15,35,47,5,102,13,31,0,0,44,28,66,47,5,146,8,0,8,154
11/25/2003,CAK,OH,AGL,CE,Towers with Radar,28,72,112,17,229,0,0,121,14,135,28,72,233,31,364,122,0,122,486
11/26/2003,CAK,OH,AGL,CE,Towers with Radar,23,65,82,12,182,0,3,161,4,168,23,68,243,16,350,39,0,39,389
11/27/2003,CAK,OH,AGL,CE,Towers with Radar,12,29,18,1,60,13,38,0,0,51,25,67,18,1,111,10,0,10,121
11/28/2003,CAK,OH,AGL,CE,Towers with Radar,12,29,14,5,60,19,31,0,9,59,31,60,14,14,119,5,0,5,124
11/29/2003,CAK,OH,AGL,CE,Towers with Radar,13,33,28,6,80,13,31,0,2,46,26,64,28,8,126,12,0,12,138
11/30/2003,CAK,OH,AGL,CE,Towers with Radar,21,52,66,7,146,2,7,55,0,64,23,59,121,7,210,21,0,21,231
12/01/2003,CAK,OH,AGL,CE,Towers with Radar,21,57,54,10,142,8,6,10,14,38,29,63,64,24,180,5,0,5,185
12/02/2003,CAK,OH,AGL,CE,Towers with Radar,28,68,92,17,205,0,0,87,35,122,28,68,179,52,327,38,0,38,365
12/03/2003,CAK,OH,AGL,CE,Towers with Radar,26,79,96,18,219,0,0,157,8,165,26,79,253,26,384,81,0,81,465
12/04/2003,CAK,OH,AGL,CE,Towers with Radar,26,80,101,19,226,0,0,89,14,103,26,80,190,33,329,54,0,54,383
12/05/2003,CAK,OH,AGL,CE,Towers with Radar,22,58,30,11,121,5,16,0,31,52,27,74,30,42,173,13,0,13,186
12/06/2003,CAK,OH,AGL,CE,Towers with Radar,26,68,66,13,173,1,11,19,1,32,27,79,85,14,205,23,0,23,228
12/07/2003,CAK,OH,AGL,CE,Towers with Radar,25,54,64,5,148,2,0,51,0,53,27,54,115,5,201,12,0,12,213
12/08/2003,CAK,OH,AGL,CE,Towers with Radar,26,69,86,11,192,0,0,92,0,92,26,69,178,11,284,33,0,33,317
12/09/2003,CAK,OH,AGL,CE,Towers with Radar,28,74,71,9,182,0,14,1,0,15,28,88,72,9,197,9,0,9,206
12/10/2003,CAK,OH,AGL,CE,Towers with Radar,30,81,78,15,204,0,5,1,8,14,30,86,79,23,218,19,0,19,237
12/11/2003,CAK,OH,AGL,CE,Towers with Radar,26,69,66,13,174,2,19,9,5,35,28,88,75,18,209,18,0,18,227
12/12/2003,CAK,OH,AGL,CE,Towers with Radar,31,79,80,15,205,2,0,34,13,49,33,79,114,28,254,10,0,10,264
12/13/2003,CAK,OH,AGL,CE,Towers with Radar,29,60,78,15,182,0,0,159,7,166,29,60,237,22,348,96,0,96,444
12/14/2003,CAK,OH,AGL,CE,Towers with Radar,12,32,19,5,68,9,21,0,3,33,21,53,19,8,101,2,0,2,103
12/15/2003,CAK,OH,AGL,CE,Towers with Radar,26,70,68,13,177,0,14,22,2,38,26,84,90,15,215,19,0,19,234
12/16/2003,CAK,OH,AGL,CE,Towers with Radar,24,81,83,16,204,0,0,47,8,55,24,81,130,24,259,20,12,32,291
12/17/2003,CAK,OH,AGL,CE,Towers with Radar,25,63,62,12,162,3,13,17,10,43,28,76,79,22,205,10,28,38,243
12/18/2003,CAK,OH,AGL,CE,Towers with Radar,26,78,77,13,194,0,13,58,8,79,26,91,135,21,273,31,0,31,304
12/19/2003,CAK,OH,AGL,CE,Towers with Radar,23,59,59,6,147,6,12,2,0,20,29,71,61,6,167,12,0,12,179
12/20/2003,CAK,OH,AGL,CE,Towers with Radar,24,64,64,3,155,0,1,73,0,74,24,65,137,3,229,32,0,32,261
12/21/2003,CAK,OH,AGL,CE,Towers with Radar,22,52,56,10,140,6,0,40,2,48,28,52,96,12,188,41,0,41,229
12/22/2003,CAK,OH,AGL,CE,Towers with Radar,28,67,92,17,204,0,0,66,19,85,28,67,158,36,289,39,18,57,346
12/23/2003,CAK,OH,AGL,CE,Towers with Radar,21,54,54,11,140,6,21,4,2,33,27,75,58,13,173,7,0,7,180
12/24/2003,CAK,OH,AGL,CE,Towers with Radar,14,35,13,4,66,11,32,0,0,43,25,67,13,4,109,9,0,9,118
12/25/2003,CAK,OH,AGL,CE,Towers with Radar,10,24,16,0,50,15,25,0,0,40,25,49,16,0,90,1,0,1,91
12/26/2003,CAK,OH,AGL,CE,Towers with Radar,25,63,63,12,163,3,16,68,1,88,28,79,131,13,251,21,0,21,272
12/27/2003,CAK,OH,AGL,CE,Towers with Radar,24,55,96,19,194,0,0,229,0,229,24,55,325,19,423,101,2,103,526
12/28/2003,CAK,OH,AGL,CE,Towers with Radar,25,64,91,17,197,0,0,220,6,226,25,64,311,23,423,56,0,56,479
12/29/2003,CAK,OH,AGL,CE,Towers with Radar,28,72,76,14,190,0,0,80,8,88,28,72,156,22,278,24,0,24,302
12/30/2003,CAK,OH,AGL,CE,Towers with Radar,20,50,50,2,122,8,22,18,0,48,28,72,68,2,170,33,52,85,255
12/31/2003,CAK,OH,AGL,CE,Towers with Radar,18,45,45,9,117,5,24,77,11,117,23,69,122,20,234,9,4,13,247
01/01/2004,CAK,OH,AGL,CE,Towers with Radar,23,60,69,8,160,0,0,113,0,113,23,60,182,8,273,37,0,37,310
01/02/2004,CAK,OH,AGL,CE,Towers with Radar,20,50,35,8,113,8,18,0,0,26,28,68,35,8,139,11,0,11,150
01/03/2004,CAK,OH,AGL,CE,Towers with Radar,22,57,62,15,156,0,0,14,6,20,22,57,76,21,176,84,0,84,260
01/04/2004,CAK,OH,AGL,CE,Towers with Radar,12,31,11,6,60,12,22,0,0,34,24,53,11,6,94,5,0,5,99
01/05/2004,CAK,OH,AGL,CE,Towers with Radar,19,45,25,4,93,7,25,0,0,32,26,70,25,4,125,13,0,13,138
01/06/2004,CAK,OH,AGL,CE,Towers with Radar,20,50,30,11,111,8,25,0,5,38,28,75,30,16,149,14,0,14,163
01/07/2004,CAK,OH,AGL,CE,Towers with Radar,31,77,66,17,191,0,2,37,19,58,31,79,103,36,249,28,0,28,277
01/08/2004,CAK,OH,AGL,CE,Towers with Radar,28,68,83,21,200,0,0,97,3,100,28,68,180,24,300,42,0,42,342
01/09/2004,CAK,OH,AGL,CE,Towers with Radar,31,61,77,20,189,0,0,86,26,112,31,61,163,46,301,47,25,72,373
01/10/2004,CAK,OH,AGL,CE,Towers with Radar,29,54,68,18,169,0,0,90,16,106,29,54,158,34,275,38,10,48,323
01/11/2004,CAK,OH,AGL,CE,Towers with Radar,31,51,66,17,165,0,0,43,8,51,31,51,109,25,216,27,0,27,243
01/12/2004,CAK,OH,AGL,CE,Towers with Radar,24,58,50,13,145,4,9,4,3,20,28,67,54,16,165,7,0,7,172
01/13/2004,CAK,OH,AGL,CE,Towers with Radar,28,69,56,15,168,2,9,0,10,21,30,78,56,25,189,12,0,12,201
01/14/2004,CAK,OH,AGL,CE,Towers with Radar,28,84,89,17,218,0,0,59,0,59,28,84,148,17,277,34,0,34,311
01/15/2004,CAK,OH,AGL,CE,Towers with Radar,28,88,79,21,216,0,0,31,28,59,28,88,110,49,275,26,18,44,319
01/16/2004,CAK,OH,AGL,CE,Towers with Radar,30,74,93,20,217,0,0,92,0,92,30,74,185,20,309,34,0,34,343
01/17/2004,CAK,OH,AGL,CE,Towers with Radar,15,34,19,8,76,12,15,0,3,30,27,49,19,11,106,8,0,8,114
01/18/2004,CAK,OH,AGL,CE,Towers with Radar,20,44,39,6,109,8,8,17,0,33,28,52,56,6,142,17,0,17,159
01/19/2004,CAK,OH,AGL,CE,Towers with Radar,26,59,52,13,150,4,5,1,3,13,30,64,53,16,163,0,0,0,163
01/20/2004,CAK,OH,AGL,CE,Towers with Radar,30,83,80,19,212,0,0,23,33,56,30,83,103,52,268,20,0,20,288
01/21/2004,CAK,OH,AGL,CE,Towers with Radar,29,82,93,23,227,0,0,62,77,139,29,82,155,100,366,34,0,34,400
01/22/2004,CAK,OH,AGL,CE,Towers with Radar,25,56,50,12,143,6,14,1,2,23,31,70,51,14,166,10,0,10,176
01/23/2004,CAK,OH,AGL,CE,Towers with Radar,28,64,57,11,160,2,18,11,0,31,30,82,68,11,191,8,0,8,199
01/24/2004,CAK,OH,AGL,CE,Towers with Radar,24,54,49,9,136,4,5,38,0,47,28,59,87,9,183,29,2,31,214
01/25/2004,CAK,OH,AGL,CE,Towers with Radar,17,39,20,8,84,11,43,0,3,57,28,82,20,11,141,4,0,4,145
01/26/2004,CAK,OH,AGL,CE,Towers with Radar,17,38,22,3,80,16,23,0,0,39,33,61,22,3,119,8,0,8,127
01/27/2004,CAK,OH,AGL,CE,Towers with Radar,22,50,33,11,116,6,25,0,9,40,28,75,33,20,156,9,0,9,165
01/28/2004,CAK,OH,AGL,CE,Towers with Radar,31,72,64,15,182,0,35,16,15,66,31,107,80,30,248,20,0,20,268
01/29/2004,CAK,OH,AGL,CE,Towers with Radar,31,78,69,17,195,0,1,39,13,53,31,79,108,30,248,23,22,45,293
01/30/2004,CAK,OH,AGL,CE,Towers with Radar,31,79,70,17,197,0,8,48,1,57,31,87,118,18,254,20,4,24,278
01/31/2004,CAK,OH,AGL,CE,Towers with Radar,26,57,54,12,149,5,0,63,0,68,31,57,117,12,217,10,0,10,227
02/01/2004,CAK,OH,AGL,CE,Towers with Radar,18,42,56,10,126,9,12,106,2,129,27,54,162,12,255,37,0,37,292
02/02/2004,CAK,OH,AGL,CE,Towers with Radar,23,52,69,12,156,8,92,5,1,106,31,144,74,13,262,30,0,30,292
02/03/2004,CAK,OH,AGL,CE,Towers with Radar,16,38,31,8,93,6,19,0,15,40,22,57,31,23,133,15,6,21,154
02/04/2004,CAK,OH,AGL,CE,Towers with Radar,31,84,111,18,244,0,2,99,2,103,31,86,210,20,347,48,12,60,407
02/05/2004,CAK,OH,AGL,CE,Towers with Radar,24,55,72,12,163,3,17,24,13,57,27,72,96,25,220,16,4,20,240
02/06/2004,CAK,OH,AGL,CE,Towers with Radar,21,48,63,10,142,8,30,7,13,58,29,78,70,23,200,21,0,21,221
02/07/2004,CAK,OH,AGL,CE,Towers with Radar,11,26,28,6,71,17,24,0,10,51,28,50,28,16,122,9,31,40,162
02/08/2004,CAK,OH,AGL,CE,Towers with Radar,27,61,80,13,181,3,2,144,37,186,30,63,224,50,367,64,0,64,431
02/09/2004,CAK,OH,AGL,CE,Towers with Radar,27,56,80,13,176,5,0,58,13,76,32,56,138,26,252,22,0,22,274
02/10/2004,CAK,OH,AGL,CE,Towers with Radar,28,63,83,13,187,3,7,47,21,78,31,70,130,34,265,24,0,24,289
02/11/2004,CAK,OH,AGL,CE,Towers with Radar,28,70,112,19,229,0,0,131,6,137,28,70,243,25,366,23,0,23,389
02/12/2004,CAK,OH,AGL,CE,Towers with Radar,31,70,92,15,208,0,0,30,14,44,31,70,122,29,252,30,0,30,282
02/13/2004,CAK,OH,AGL,CE,Towers with Radar,22,51,67,10,150,8,25,15,0,48,30,76,82,10,198,20,0,20,218
02/14/2004,CAK,OH,AGL,CE,Towers with Radar,28,63,83,12,186,0,2,102,0,104,28,65,185,12,290,55,0,55,345
02/15/2004,CAK,OH,AGL,CE,Towers with Radar,22,47,65,4,138,6,7,66,0,79,28,54,131,4,217,40,0,40,257
02/16/2004,CAK,OH,AGL,CE,Towers with Radar,30,75,101,13,219,0,7,158,0,165,30,82,259,13,384,81,0,81,465
02/17/2004,CAK,OH,AGL,CE,Towers with Radar,31,78,114,19,242,0,0,177,6,183,31,78,291,25,425,111,16,127,552
02/18/2004,CAK,OH,AGL,CE,Towers with Radar,35,81,110,18,244,0,2,123,10,135,35,83,233,28,379,102,0,102,481
02/19/2004,CAK,OH,AGL,CE,Towers with Radar,31,73,121,20,245,0,0,90,13,103,31,73,211,33,348,78,0,78,426
02/20/2004,CAK,OH,AGL,CE,Towers with Radar,29,65,88,14,196,1,6,34,4,45,30,71,122,18,241,18,0,18,259
02/21/2004,CAK,OH,AGL,CE,Towers with Radar,14,29,40,6,89,17,24,0,13,54,31,53,40,19,143,7,0,7,150
02/22/2004,CAK,OH,AGL,CE,Towers with Radar,28,57,103,17,205,0,0,102,5,107,28,57,205,22,312,66,0,66,378
02/23/2004,CAK,OH,AGL,CE,Towers with Radar,30,73,101,16,220,0,0,59,0,59,30,73,160,16,279,49,0,49,328
02/24/2004,CAK,OH,AGL,CE,Towers with Radar,20,43,58,10,131,9,17,16,10,52,29,60,74,20,183,26,0,26,209
02/25/2004,CAK,OH,AGL,CE,Towers with Radar,31,89,138,23,281,0,0,153,43,196,31,89,291,66,477,99,6,105,582
02/26/2004,CAK,OH,AGL,CE,Towers with Radar,35,66,112,18,231,0,0,84,11,95,35,66,196,29,326,62,20,82,408
02/27/2004,CAK,OH,AGL,CE,Towers with Radar,30,77,107,17,231,0,0,130,7,137,30,77,237,24,368,73,0,73,441
02/28/2004,CAK,OH,AGL,CE,Towers with Radar,27,70,127,20,244,0,0,228,0,228,27,70,355,20,472,92,0,92,564
02/29/2004,CAK,OH,AGL,CE,Towers with Radar,24,50,96,15,185,0,0,105,0,105,24,50,201,15,290,37,0,37,327
03/01/2004,CAK,OH,AGL,CE,Towers with Radar,23,51,66,9,149,7,18,4,0,29,30,69,70,9,178,15,0,15,193
03/02/2004,CAK,OH,AGL,CE,Towers with Radar,27,61,79,11,178,0,5,11,0,16,27,66,90,11,194,30,0,30,224
03/03/2004,CAK,OH,AGL,CE,Towers with Radar,32,74,118,19,243,0,0,28,5,33,32,74,146,24,276,18,16,34,310
03/04/2004,CAK,OH,AGL,CE,Towers with Radar,29,68,107,17,221,0,0,64,11,75,29,68,171,28,296,45,16,61,357
03/05/2004,CAK,OH,AGL,CE,Towers with Radar,25,55,71,11,162,7,21,18,1,47,32,76,89,12,209,9,0,9,218
03/06/2004,CAK,OH,AGL,CE,Towers with Radar,24,53,69,12,158,2,11,17,11,41,26,64,86,23,199,41,0,41,240
03/07/2004,CAK,OH,AGL,CE,Towers with Radar,17,39,50,8,114,17,7,0,2,26,34,46,50,10,140,14,0,14,154
03/08/2004,CAK,OH,AGL,CE,Towers with Radar,19,43,49,9,120,9,21,0,13,43,28,64,49,22,163,7,0,7,170
03/09/2004,CAK,OH,AGL,CE,Towers with Radar,32,72,94,15,213,0,3,64,4,71,32,75,158,19,284,32,0,32,316
03/10/2004,CAK,OH,AGL,CE,Towers with Radar,30,81,146,23,280,0,0,214,20,234,30,81,360,43,514,117,0,117,631
03/11/2004,CAK,OH,AGL,CE,Towers with Radar,30,69,100,15,214,0,0,43,22,65,30,69,143,37,279,40,14,54,333
03/12/2004,CAK,OH,AGL,CE,Towers with Radar,23,51,67,10,151,9,29,7,2,47,32,80,74,12,198,17,0,17,215
03/13/2004,CAK,OH,AGL,CE,Towers with Radar,28,61,111,16,216,0,0,139,6,145,28,61,250,22,361,42,0,42,403
03/14/2004,CAK,OH,AGL,CE,Towers with Radar,18,37,50,3,108,14,11,16,0,41,32,48,66,3,149,0,0,0,149
03/15/2004,CAK,OH,AGL,CE,Towers with Radar,30,64,138,17,249,0,0,148,0,148,30,64,286,17,397,59,0,59,456
03/16/2004,CAK,OH,AGL,CE,Towers with Radar,17,35,30,7,89,13,29,0,17,59,30,64,30,24,148,4,0,4,152
03/17/2004,CAK,OH,AGL,CE,Towers with Radar,24,51,68,8,151,5,16,7,0,28,29,67,75,8,179,12,0,12,191
03/18/2004,CAK,OH,AGL,CE,Towers with Radar,26,54,72,10,162,4,7,30,8,49,30,61,102,18,211,14,24,38,249
03/19/2004,CAK,OH,AGL,CE,Towers with Radar,30,72,136,20,258,0,0,182,2,184,30,72,318,22,442,72,8,80,522
03/20/2004,CAK,OH,AGL,CE,Towers with Radar,15,30,26,6,77,13,35,0,2,50,28,65,26,8,127,12,0,12,139
03/21/2004,CAK,OH,AGL,CE,Towers with Radar,13,27,22,4,66,15,29,0,0,44,28,56,22,4,110,7,0,7,117
03/22/2004,CAK,OH,AGL,CE,Towers with Radar,30,65,89,13,197,0,0,75,22,97,30,65,164,35,294,33,10,43,337
03/23/2004,CAK,OH,AGL,CE,Towers with Radar,32,63,121,18,234,0,0,143,19,162,32,63,264,37,396,34,12,46,442
03/24/2004,CAK,OH,AGL,CE,Towers with Radar,30,68,91,13,202,0,4,25,11,40,30,72,116,24,242,38,0,38,280
03/25/2004,CAK,OH,AGL,CE,Towers with Radar,31,66,88,13,198,2,6,52,19,79,33,72,140,32,277,45,2,47,324
03/26/2004,CAK,OH,AGL,CE,Towers with Radar,28,59,79,11,177,3,12,19,4,38,31,71,98,15,215,51,0,51,266
03/27/2004,CAK,OH,AGL,CE,Towers with Radar,31,53,99,15,198,0,0,71,1,72,31,53,170,16,270,39,0,39,309
03/28/2004,CAK,OH,AGL,CE,Towers with Radar,28,54,109,16,207,0,0,142,6,148,28,54,251,22,355,52,0,52,407
03/29/2004,CAK,OH,AGL,CE,Towers with Radar,32,82,107,16,237,0,0,93,2,95,32,82,200,18,332,172,18,190,522
03/30/2004,CAK,OH,AGL,CE,Towers with Radar,30,66,86,13,195,1,6,34,1,42,31,72,120,14,237,32,0,32,269
03/31/2004,CAK,OH,AGL,CE,Towers with Radar,29,63,82,12,186,3,17,19,3,42,32,80,101,15,228,15,10,25,253
04/01/2004,CAK,OH,AGL,CE,Towers with Radar,13,28,35,9,85,4,24,0,6,34,17,52,35,15,119,11,0,11,130
04/02/2004,CAK,OH,AGL,CE,Towers with Radar,27,64,97,17,205,3,12,20,3,38,30,76,117,20,243,17,0,17,260
04/03/2004,CAK,OH,AGL,CE,Towers with Radar,30,68,123,22,243,0,0,164,15,179,30,68,287,37,422,73,12,85,507
04/04/2004,CAK,OH,AGL,CE,Towers with Radar,11,27,35,7,80,20,28,0,9,57,31,55,35,16,137,14,0,14,151
04/05/2004,CAK,OH,AGL,CE,Towers with Radar,30,68,110,20,228,0,0,140,4,144,30,68,250,24,372,59,10,69,441
04/06/2004,CAK,OH,AGL,CE,Towers with Radar,30,61,128,22,241,0,0,149,3,152,30,61,277,25,393,82,0,82,475
04/07/2004,CAK,OH,AGL,CE,Towers with Radar,30,66,135,24,255,0,0,114,2,116,30,66,249,26,371,115,16,131,502
04/08/2004,CAK,OH,AGL,CE,Towers with Radar,30,79,118,21,248,0,1,84,2,87,30,80,202,23,335,59,0,59,394
04/09/2004,CAK,OH,AGL,CE,Towers with Radar,30,68,102,18,218,0,2,177,7,186,30,70,279,25,404,67,2,69,473
04/10/2004,CAK,OH,AGL,CE,Towers with Radar,28,54,138,25,245,0,0,130,0,130,28,54,268,25,375,81,0,81,456
04/11/2004,CAK,OH,AGL,CE,Towers with Radar,11,26,39,7,83,17,22,4,2,45,28,48,43,9,128,0,0,0,128
04/12/2004,CAK,OH,AGL,CE,Towers with Radar,26,59,88,15,188,5,12,60,0,77,31,71,148,15,265,48,0,48,313
04/13/2004,CAK,OH,AGL,CE,Towers with Radar,17,38,41,11,107,13,41,0,6,60,30,79,41,17,167,9,0,9,176
04/14/2004,CAK,OH,AGL,CE,Towers with Radar,28,80,131,24,263,0,0,47,0,47,28,80,178,24,310,58,0,58,368
04/15/2004,CAK,OH,AGL,CE,Towers with Radar,30,76,144,25,275,0,0,167,0,167,30,76,311,25,442,73,0,73,515
04/16/2004,CAK,OH,AGL,CE,Towers with Radar,30,65,117,21,233,0,0,173,15,188,30,65,290,36,421,82,0,82,503
04/17/2004,CAK,OH,AGL,CE,Towers with Radar,26,55,84,13,178,2,3,83,0,88,28,58,167,13,266,82,0,82,348
04/18/2004,CAK,OH,AGL,CE,Towers with Radar,28,52,92,16,188,0,0,73,16,89,28,52,165,32,277,14,0,14,291
04/19/2004,CAK,OH,AGL,CE,Towers with Radar,20,42,66,12,140,11,26,15,15,67,31,68,81,27,207,18,16,34,241
04/20/2004,CAK,OH,AGL,CE,Towers with Radar,30,77,120,21,248,0,0,84,27,111,30,77,204,48,359,37,0,37,396
04/21/2004,CAK,OH,AGL,CE,Towers with Radar,18,38,59,10,125,13,28,3,15,59,31,66,62,25,184,0,0,0,184
04/22/2004,CAK,OH,AGL,CE,Towers with Radar,30,71,121,22,244,0,0,19,8,27,30,71,140,30,271,40,16,56,327
04/23/2004,CAK,OH,AGL,CE,Towers with Radar,30,73,113,19,235,0,0,49,24,73,30,73,162,43,308,21,6,27,335
04/24/2004,CAK,OH,AGL,CE,Towers with Radar,29,51,122,11,213,0,0,176,0,176,29,51,298,11,389,29,0,29,418
04/25/2004,CAK,OH,AGL,CE,Towers with Radar,16,33,51,9,109,12,21,17,1,51,28,54,68,10,160,3,0,3,163
04/26/2004,CAK,OH,AGL,CE,Towers with Radar,28,60,92,14,194,1,14,97,0,112,29,74,189,14,306,22,11,33,339
04/27/2004,CAK,OH,AGL,CE,Towers with Radar,25,54,83,12,174,5,14,30,0,49,30,68,113,12,223,15,0,15,238
04/28/2004,CAK,OH,AGL,CE,Towers with Radar,30,66,126,22,244,0,0,120,5,125,30,66,246,27,369,32,6,38,407
04/29/2004,CAK,OH,AGL,CE,Towers with Radar,30,66,102,18,216,0,16,94,34,144,30,82,196,52,360,46,20,66,426
04/30/2004,CAK,OH,AGL,CE,Towers with Radar,30,70,108,20,228,0,2,46,26,74,30,72,154,46,302,13,2,15,317
05/01/2004,CAK,OH,AGL,CE,Towers with Radar,22,47,67,13,149,8,14,2,2,26,30,61,69,15,175,23,0,23,198
05/02/2004,CAK,OH,AGL,CE,Towers with Radar,16,34,32,10,92,13,29,0,3,45,29,63,32,13,137,14,0,14,151
05/03/2004,CAK,OH,AGL,CE,Towers with Radar,30,66,94,18,208,0,10,86,8,104,30,76,180,26,312,40,0,40,352
05/04/2004,CAK,OH,AGL,CE,Towers with Radar,31,67,104,19,221,0,0,155,11,166,31,67,259,30,387,51,0,51,438
05/05/2004,CAK,OH,AGL,CE,Towers with Radar,32,73,111,19,235,0,0,103,13,116,32,73,214,32,351,58,2,60,411
05/06/2004,CAK,OH,AGL,CE,Towers with Radar,33,75,123,21,252,0,0,114,7,121,33,75,237,28,373,33,6,39,412
05/07/2004,CAK,OH,AGL,CE,Towers with Radar,24,51,72,13,160,9,22,21,8,60,33,73,93,21,220,18,0,18,238
05/08/2004,CAK,OH,AGL,CE,Towers with Radar,31,52,94,17,194,0,0,106,1,107,31,52,200,18,301,100,2,102,403
05/09/2004,CAK,OH,AGL,CE,Towers with Radar,25,52,74,11,162,7,2,65,0,74,32,54,139,11,236,31,0,31,267
05/10/2004,CAK,OH,AGL,CE,Towers with Radar,27,58,83,14,182,5,15,58,9,87,32,73,141,23,269,65,0,65,334
05/11/2004,CAK,OH,AGL,CE,Towers with Radar,33,77,111,19,240,0,5,121,0,126,33,82,232,19,366,118,8,126,492
05/12/2004,CAK,OH,AGL,CE,Towers with Radar,32,66,114,20,232,0,0,90,13,103,32,66,204,33,335,49,0,49,384
05/13/2004,CAK,OH,AGL,CE,Towers with Radar,35,74,108,18,235,0,3,90,20,113,35,77,198,38,348,53,0,53,401
05/14/2004,CAK,OH,AGL,CE,Towers with Radar,31,62,90,15,198,1,2,52,29,84,32,64,142,44,282,51,0,51,333
05/15/2004,CAK,OH,AGL,CE,Towers with Radar,26,51,75,5,157,8,11,15,0,34,34,62,90,5,191,30,4,34,225
05/16/2004,CAK,OH,AGL,CE,Towers with Radar,29,51,100,17,197,0,0,124,32,156,29,51,224,49,353,79,2,81,434
05/17/2004,CAK,OH,AGL,CE,Towers with Radar,32,65,94,16,207,0,7,83,13,103,32,72,177,29,310,45,0,45,355
05/18/2004,CAK,OH,AGL,CE,Towers with Radar,27,55,80,14,176,6,13,1,8,28,33,68,81,22,204,17,0,17,221
05/19/2004,CAK,OH,AGL,CE,Towers with Radar,33,83,126,21,263,0,0,45,4,49,33,83,171,25,312,57,0,57,369
05/20/2004,CAK,OH,AGL,CE,Towers with Radar,32,64,93,16,205,0,15,41,6,62,32,79,134,22,267,22,0,22,289
05/21/2004,CAK,OH,AGL,CE,Towers with Radar,31,58,91,15,195,1,0,31,10,42,32,58,122,25,237,40,0,40,277
05/22/2004,CAK,OH,AGL,CE,Towers with Radar,31,55,97,16,199,0,0,88,9,97,31,55,185,25,296,35,0,35,331
05/23/2004,CAK,OH,AGL,CE,Towers with Radar,30,63,96,15,204,0,0,113,0,113,30,63,209,15,317,59,0,59,376
05/24/2004,CAK,OH,AGL,CE,Towers with Radar,29,59,86,10,184,3,3,51,0,57,32,62,137,10,241,23,0,23,264
05/25/2004,CAK,OH,AGL,CE,Towers with Radar,33,67,98,16,214,0,6,89,6,101,33,73,187,22,315,69,0,69,384
05/26/2004,CAK,OH,AGL,CE,Towers with Radar,32,80,116,19,247,0,8,57,15,80,32,88,173,34,327,80,0,80,407
05/27/2004,CAK,OH,AGL,CE,Towers with Radar,32,78,113,19,242,0,8,44,5,57,32,86,157,24,299,21,2,23,322
05/28/2004,CAK,OH,AGL,CE,Towers with Radar,34,75,107,18,234,0,1,69,9,79,34,76,176,27,313,48,0,48,361
05/29/2004,CAK,OH,AGL,CE,Towers with Radar,30,59,110,12,211,0,0,170,0,170,30,59,280,12,381,25,0,25,406
05/30/2004,CAK,OH,AGL,CE,Towers with Radar,27,48,85,11,171,0,0,60,0,60,27,48,145,11,231,32,0,32,263
05/31/2004,CAK,OH,AGL,CE,Towers with Radar,21,43,52,10,126,12,22,0,9,43,33,65,52,19,169,19,0,19,188
06/01/2004,CAK,OH,AGL,CE,Towers with Radar,31,54,100,16,201,2,10,38,29,79,33,64,138,45,280,22,12,34,314
06/02/2004,CAK,OH,AGL,CE,Towers with Radar,32,56,103,15,206,2,29,26,20,77,34,85,129,35,283,65,0,65,348
06/03/2004,CAK,OH,AGL,CE,Towers with Radar,37,72,152,23,284,0,0,236,6,242,37,72,388,29,526,118,0,118,644
06/04/2004,CAK,OH,AGL,CE,Towers with Radar,36,64,117,18,235,0,1,171,9,181,36,65,288,27,416,65,0,65,481
06/05/2004,CAK,OH,AGL,CE,Towers with Radar,34,57,110,17,218,7,0,46,6,59,41,57,156,23,277,52,0,52,329
06/06/2004,CAK,OH,AGL,CE,Towers with Radar,36,50,120,19,225,0,0,71,19,90,36,50,191,38,315,81,6,87,402
06/07/2004,CAK,OH,AGL,CE,Towers with Radar,34,59,109,9,211,4,8,138,0,150,38,67,247,9,361,50,0,50,411
06/08/2004,CAK,OH,AGL,CE,Towers with Radar,37,75,139,20,271,0,14,145,0,159,37,89,284,20,430,41,0,41,471
06/09/2004,CAK,OH,AGL,CE,Towers with Radar,32,56,103,16,207,7,10,58,10,85,39,66,161,26,292,23,6,29,321
06/10/2004,CAK,OH,AGL,CE,Towers with Radar,31,55,93,15,194,4,27,0,6,37,35,82,93,21,231,31,0,31,262
06/11/2004,CAK,OH,AGL,CE,Towers with Radar,29,51,93,10,183,13,21,25,0,59,42,72,118,10,242,16,0,16,258
06/12/2004,CAK,OH,AGL,CE,Towers with Radar,36,60,120,17,233,0,0,45,15,60,36,60,165,32,293,47,0,47,340
06/13/2004,CAK,OH,AGL,CE,Towers with Radar,33,47,109,10,199,4,0,60,0,64,37,47,169,10,263,42,0,42,305
06/14/2004,CAK,OH,AGL,CE,Towers with Radar,28,47,90,11,176,13,20,14,0,47,41,67,104,11,223,20,2,22,245
06/15/2004,CAK,OH,AGL,CE,Towers with Radar,39,65,124,18,246,4,9,81,14,108,43,74,205,32,354,56,2,58,412
06/16/2004,CAK,OH,AGL,CE,Towers with Radar,39,66,125,18,248,0,6,28,20,54,39,72,153,38,302,52,0,52,354
06/17/2004,CAK,OH,AGL,CE,Towers with Radar,33,55,104,15,207,7,22,34,20,83,40,77,138,35,290,30,4,34,324
06/18/2004,CAK,OH,AGL,CE,Towers with Radar,40,71,134,19,264,0,8,22,2,32,40,79,156,21,296,37,8,45,341
06/19/2004,CAK,OH,AGL,CE,Towers with Radar,34,57,108,16,215,4,2,43,9,58,38,59,151,25,273,41,0,41,314
06/20/2004,CAK,OH,AGL,CE,Towers with Radar,34,73,138,20,265,0,2,179,2,183,34,75,317,22,448,56,0,56,504
06/21/2004,CAK,OH,AGL,CE,Towers with Radar,39,53,130,20,242,0,0,140,13,153,39,53,270,33,395,15,0,15,410
06/22/2004,CAK,OH,AGL,CE,Towers with Radar,32,60,113,17,222,0,2,80,16,98,32,62,193,33,320,42,0,42,362
06/23/2004,CAK,OH,AGL,CE,Towers with Radar,34,66,155,23,278,0,0,169,4,173,34,66,324,27,451,72,2,74,525
06/24/2004,CAK,OH,AGL,CE,Towers with Radar,36,60,114,18,228,5,10,101,8,124,41,70,215,26,352,62,0,62,414
06/25/2004,CAK,OH,AGL,CE,Towers with Radar,37,62,118,18,235,4,25,6,13,48,41,87,124,31,283,52,0,52,335
06/26/2004,CAK,OH,AGL,CE,Towers with Radar,39,68,128,11,246,0,14,156,0,170,39,82,284,11,416,57,0,57,473
06/27/2004,CAK,OH,AGL,CE,Towers with Radar,38,49,167,24,278,0,0,138,2,140,38,49,305,26,418,60,0,60,478
06/28/2004,CAK,OH,AGL,CE,Towers with Radar,32,54,102,16,204,8,13,55,6,82,40,67,157,22,286,27,0,27,313
06/29/2004,CAK,OH,AGL,CE,Towers with Radar,42,79,160,21,302,0,0,192,0,192,42,79,352,21,494,64,38,102,596
06/30/2004,CAK,OH,AGL,CE,Towers with Radar,38,69,172,25,304,0,0,227,16,243,38,69,399,41,547,85,0,85,632
07/01/2004,CAK,OH,AGL,CE,Towers with Radar,39,67,112,22,240,1,12,118,3,134,40,79,230,25,374,84,0,84,458
07/02/2004,CAK,OH,AGL,CE,Towers with Radar,37,65,113,22,237,0,0,105,2,107,37,65,218,24,344,64,0,64,408
07/03/2004,CAK,OH,AGL,CE,Towers with Radar,31,54,90,17,192,5,0,93,7,105,36,54,183,24,297,52,2,54,351
07/04/2004,CAK,OH,AGL,CE,Towers with Radar,22,39,41,12,114,14,13,0,35,62,36,52,41,47,176,14,0,14,190
07/05/2004,CAK,OH,AGL,CE,Towers with Radar,36,61,103,19,219,4,0,85,0,89,40,61,188,19,308,28,0,28,336
07/06/2004,CAK,OH,AGL,CE,Towers with Radar,36,63,106,21,226,0,30,68,2,100,36,93,174,23,326,46,0,46,372
07/07/2004,CAK,OH,AGL,CE,Towers with Radar,32,54,89,17,192,5,10,20,1,36,37,64,109,18,228,38,0,38,266
07/08/2004,CAK,OH,AGL,CE,Towers with Radar,37,76,127,25,265,0,8,106,1,115,37,84,233,26,380,65,0,65,445
07/09/2004,CAK,OH,AGL,CE,Towers with Radar,37,73,137,27,274,0,0,152,17,169,37,73,289,44,443,64,0,64,507
07/10/2004,CAK,OH,AGL,CE,Towers with Radar,35,46,113,23,217,0,0,104,1,105,35,46,217,24,322,52,0,52,374
07/11/2004,CAK,OH,AGL,CE,Towers with Radar,34,51,95,18,198,1,0,77,2,80,35,51,172,20,278,42,0,42,320
07/12/2004,CAK,OH,AGL,CE,Towers with Radar,32,52,88,14,186,3,9,27,0,39,35,61,115,14,225,39,0,39,264
07/13/2004,CAK,OH,AGL,CE,Towers with Radar,30,50,85,16,181,9,14,88,4,115,39,64,173,20,296,20,0,20,316
07/14/2004,CAK,OH,AGL,CE,Towers with Radar,34,59,101,20,214,0,9,95,2,106,34,68,196,22,320,37,0,37,357
07/15/2004,CAK,OH,AGL,CE,Towers with Radar,35,57,98,18,208,4,17,103,1,125,39,74,201,19,333,26,0,26,359
07/16/2004,CAK,OH,AGL,CE,Towers with Radar,40,66,121,23,250,0,0,113,30,143,40,66,234,53,393,48,10,58,451
07/17/2004,CAK,OH,AGL,CE,Towers with Radar,25,40,48,14,127,15,5,0,8,28,40,45,48,22,155,35,0,35,190
07/18/2004,CAK,OH,AGL,CE,Towers with Radar,33,51,94,18,196,4,0,48,3,55,37,51,142,21,251,45,8,53,304
07/19/2004,CAK,OH,AGL,CE,Towers with Radar,33,55,94,18,200,8,9,74,0,91,41,64,168,18,291,0,33,33,324
07/20/2004,CAK,OH,AGL,CE,Towers with Radar,37,60,104,20,221,4,6,139,5,154,41,66,243,25,375,43,0,43,418
07/21/2004,CAK,OH,AGL,CE,Towers with Radar,37,71,124,22,254,0,0,92,0,92,37,71,216,22,346,71,0,71,417
07/22/2004,CAK,OH,AGL,CE,Towers with Radar,39,68,129,25,261,0,0,82,5,87,39,68,211,30,348,32,12,44,392
07/23/2004,CAK,OH,AGL,CE,Towers with Radar,35,65,131,24,255,0,0,93,0,93,35,65,224,24,348,52,8,60,408
07/24/2004,CAK,OH,AGL,CE,Towers with Radar,37,51,131,26,245,0,0,201,1,202,37,51,332,27,447,42,0,42,489
07/25/2004,CAK,OH,AGL,CE,Towers with Radar,36,50,109,18,213,0,0,115,0,115,36,50,224,18,328,69,0,69,397
07/26/2004,CAK,OH,AGL,CE,Towers with Radar,34,57,97,15,203,3,20,3,0,26,37,77,100,15,229,22,0,22,251
07/27/2004,CAK,OH,AGL,CE,Towers with Radar,42,73,125,24,264,0,5,54,4,63,42,78,179,28,327,28,8,36,363
07/28/2004,CAK,OH,AGL,CE,Towers with Radar,41,72,124,24,261,0,2,50,0,52,41,74,174,24,313,23,0,23,336
07/29/2004,CAK,OH,AGL,CE,Towers with Radar,41,60,139,27,267,0,0,190,19,209,41,60,329,46,476,46,0,46,522
07/30/2004,CAK,OH,AGL,CE,Towers with Radar,40,65,109,21,235,1,4,75,3,83,41,69,184,24,318,15,32,47,365
07/31/2004,CAK,OH,AGL,CE,Towers with Radar,15,24,31,7,77,9,6,0,22,37,24,30,31,29,114,31,0,31,145
08/01/2004,CAK,OH,AGL,CE,Towers with Radar,33,58,123,19,233,0,0,101,2,103,33,58,224,21,336,39,0,39,375
08/02/2004,CAK,OH,AGL,CE,Towers with Radar,37,64,110,17,228,3,0,126,24,153,40,64,236,41,381,57,0,57,438
08/03/2004,CAK,OH,AGL,CE,Towers with Radar,38,66,113,18,235,0,15,99,9,123,38,81,212,27,358,61,0,61,419
08/04/2004,CAK,OH,AGL,CE,Towers with Radar,35,69,118,18,240,0,2,28,0,30,35,71,146,18,270,61,2,63,333
08/05/2004,CAK,OH,AGL,CE,Towers with Radar,38,90,155,23,306,0,31,160,24,215,38,121,315,47,521,52,0,52,573
08/06/2004,CAK,OH,AGL,CE,Towers with Radar,43,74,127,19,263,3,15,86,13,117,46,89,213,32,380,49,0,49,429
08/07/2004,CAK,OH,AGL,CE,Towers with Radar,42,65,153,23,283,0,0,147,18,165,42,65,300,41,448,65,0,65,513
08/08/2004,CAK,OH,AGL,CE,Towers with Radar,43,78,140,18,279,0,0,145,0,145,43,78,285,18,424,71,10,81,505
08/09/2004,CAK,OH,AGL,CE,Towers with Radar,42,63,141,17,263,0,0,170,0,170,42,63,311,17,433,43,0,43,476
08/10/2004,CAK,OH,AGL,CE,Towers with Radar,38,63,114,18,233,8,0,70,22,100,46,63,184,40,333,40,0,40,373
08/11/2004,CAK,OH,AGL,CE,Towers with Radar,38,67,114,18,237,2,8,49,9,68,40,75,163,27,305,49,4,53,358
08/12/2004,CAK,OH,AGL,CE,Towers with Radar,39,75,147,20,281,0,0,118,0,118,39,75,265,20,399,34,18,52,451
08/13/2004,CAK,OH,AGL,CE,Towers with Radar,34,60,103,13,210,4,16,66,0,86,38,76,169,13,296,57,0,57,353
08/14/2004,CAK,OH,AGL,CE,Towers with Radar,37,59,110,10,216,1,0,142,0,143,38,59,252,10,359,44,0,44,403
08/15/2004,CAK,OH,AGL,CE,Towers with Radar,40,62,123,12,237,0,0,131,0,131,40,62,254,12,368,57,0,57,425
08/16/2004,CAK,OH,AGL,CE,Towers with Radar,35,59,103,13,210,6,10,105,0,121,41,69,208,13,331,46,0,46,377
08/17/2004,CAK,OH,AGL,CE,Towers with Radar,42,69,128,18,257,0,0,131,2,133,42,69,259,20,390,62,0,62,452
08/18/2004,CAK,OH,AGL,CE,Towers with Radar,33,55,96,13,197,8,19,36,2,65,41,74,132,15,262,99,0,99,361
08/19/2004,CAK,OH,AGL,CE,Towers with Radar,30,51,83,12,176,11,24,0,5,40,41,75,83,17,216,28,0,28,244
08/20/2004,CAK,OH,AGL,CE,Towers with Radar,26,43,59,10,138,14,32,0,8,54,40,75,59,18,192,18,2,20,212
08/21/2004,CAK,OH,AGL,CE,Towers with Radar,35,56,103,15,209,3,0,55,19,77,38,56,158,34,286,21,0,21,307
08/22/2004,CAK,OH,AGL,CE,Towers with Radar,37,78,136,20,271,0,11,148,11,170,37,89,284,31,441,35,0,35,476
08/23/2004,CAK,OH,AGL,CE,Towers with Radar,40,72,136,21,269,0,0,171,2,173,40,72,307,23,442,84,10,94,536
08/24/2004,CAK,OH,AGL,CE,Towers with Radar,41,72,132,20,265,0,0,90,9,99,41,72,222,29,364,45,0,45,409
08/25/2004,CAK,OH,AGL,CE,Towers with Radar,36,67,132,20,255,0,0,113,5,118,36,67,245,25,373,49,0,49,422
08/26/2004,CAK,OH,AGL,CE,Towers with Radar,37,62,109,17,225,4,8,26,12,50,41,70,135,29,275,18,2,20,295
08/27/2004,CAK,OH,AGL,CE,Towers with Radar,39,66,115,18,238,1,6,29,11,47,40,72,144,29,285,29,0,29,314
08/28/2004,CAK,OH,AGL,CE,Towers with Radar,27,46,80,13,166,10,1,31,1,43,37,47,111,14,209,19,0,19,228
08/29/2004,CAK,OH,AGL,CE,Towers with Radar,28,47,83,6,164,9,2,35,0,46,37,49,118,6,210,65,0,65,275
08/30/2004,CAK,OH,AGL,CE,Towers with Radar,34,57,99,8,198,4,21,22,0,47,38,78,121,8,245,15,0,15,260
08/31/2004,CAK,OH,AGL,CE,Towers with Radar,41,63,132,20,256,0,0,158,11,169,41,63,290,31,425,79,0,79,504
09/01/2004,CAK,OH,AGL,CE,Towers with Radar,42,78,126,17,263,0,0,180,9,189,42,78,306,26,452,86,0,86,538
09/02/2004,CAK,OH,AGL,CE,Towers with Radar,36,82,129,16,263,0,6,151,3,160,36,88,280,19,423,86,0,86,509
09/03/2004,CAK,OH,AGL,CE,Towers with Radar,39,72,112,14,237,0,20,96,8,124,39,92,208,22,361,61,0,61,422
09/04/2004,CAK,OH,AGL,CE,Towers with Radar,29,52,67,4,152,15,21,0,0,36,44,73,67,4,188,20,0,20,208
09/05/2004,CAK,OH,AGL,CE,Towers with Radar,31,49,95,12,187,0,0,107,4,111,31,49,202,16,298,41,0,41,339
09/06/2004,CAK,OH,AGL,CE,Towers with Radar,28,51,80,10,169,6,17,34,10,67,34,68,114,20,236,12,0,12,248
09/07/2004,CAK,OH,AGL,CE,Towers with Radar,36,66,102,13,217,1,10,86,17,114,37,76,188,30,331,38,0,38,369
09/08/2004,CAK,OH,AGL,CE,Towers with Radar,23,42,57,8,130,13,30,0,10,53,36,72,57,18,183,17,2,19,202
09/09/2004,CAK,OH,AGL,CE,Towers with Radar,42,75,118,15,250,6,0,26,2,34,48,75,144,17,284,46,0,46,330
09/10/2004,CAK,OH,AGL,CE,Towers with Radar,42,75,118,14,249,8,7,82,0,97,50,82,200,14,346,15,0,15,361
09/11/2004,CAK,OH,AGL,CE,Towers with Radar,40,50,114,15,219,4,0,194,8,206,44,50,308,23,425,80,0,80,505
09/12/2004,CAK,OH,AGL,CE,Towers with Radar,35,49,100,14,198,4,0,134,10,148,39,49,234,24,346,57,0,57,403
09/13/2004,CAK,OH,AGL,CE,Towers with Radar,30,55,86,9,180,9,12,56,0,77,39,67,142,9,257,9,0,9,266
09/14/2004,CAK,OH,AGL,CE,Towers with Radar,38,84,136,17,275,0,0,179,7,186,38,84,315,24,461,63,6,69,530
09/15/2004,CAK,OH,AGL,CE,Towers with Radar,40,80,132,14,266,0,0,170,0,170,40,80,302,14,436,96,12,108,544
09/16/2004,CAK,OH,AGL,CE,Towers with Radar,33,59,93,13,198,1,21,45,11,78,34,80,138,24,276,37,0,37,313
09/17/2004,CAK,OH,AGL,CE,Towers with Radar,24,43,58,8,133,17,27,0,13,57,41,70,58,21,190,14,0,14,204
09/18/2004,CAK,OH,AGL,CE,Towers with Radar,31,55,90,12,188,16,0,65,2,83,47,55,155,14,271,26,0,26,297
09/19/2004,CAK,OH,AGL,CE,Towers with Radar,39,48,117,15,219,0,0,171,0,171,39,48,288,15,390,33,0,33,423
09/20/2004,CAK,OH,AGL,CE,Towers with Radar,38,66,106,14,224,3,4,154,1,162,41,70,260,15,386,74,0,74,460
09/21/2004,CAK,OH,AGL,CE,Towers with Radar,40,88,141,19,288,0,10,210,4,224,40,98,351,23,512,99,0,99,611
09/22/2004,CAK,OH,AGL,CE,Towers with Radar,34,90,145,19,288,0,0,178,10,188,34,90,323,29,476,64,0,64,540
09/23/2004,CAK,OH,AGL,CE,Towers with Radar,43,90,144,19,296,0,0,152,8,160,43,90,296,27,456,28,0,28,484
09/24/2004,CAK,OH,AGL,CE,Towers with Radar,41,80,140,18,279,0,0,167,3,170,41,80,307,21,449,70,0,70,519
09/25/2004,CAK,OH,AGL,CE,Towers with Radar,36,60,103,13,212,0,0,73,6,79,36,60,176,19,291,29,0,29,320
09/26/2004,CAK,OH,AGL,CE,Towers with Radar,32,50,100,11,193,0,0,104,0,104,32,50,204,11,297,27,0,27,324
09/27/2004,CAK,OH,AGL,CE,Towers with Radar,40,77,123,14,254,0,27,103,0,130,40,104,226,14,384,43,0,43,427
09/28/2004,CAK,OH,AGL,CE,Towers with Radar,36,69,111,14,230,0,29,53,7,89,36,98,164,21,319,64,0,64,383
09/29/2004,CAK,OH,AGL,CE,Towers with Radar,39,71,114,14,238,0,22,103,0,125,39,93,217,14,363,17,0,17,380
09/30/2004,CAK,OH,AGL,CE,Towers with Radar,40,72,130,17,259,0,0,139,6,145,40,72,269,23,404,55,0,55,459
10/01/2004,CAK,OH,AGL,CE,Towers with Radar,42,66,132,16,256,0,3,70,1,74,42,69,202,17,330,43,4,47,377
10/02/2004,CAK,OH,AGL,CE,Towers with Radar,43,53,40,27,163,0,3,12,4,19,43,56,52,31,182,14,8,22,204
10/03/2004,CAK,OH,AGL,CE,Towers with Radar,44,42,87,11,184,0,0,56,4,60,44,42,143,15,244,101,0,101,345
10/04/2004,CAK,OH,AGL,CE,Towers with Radar,42,60,119,11,232,0,1,45,0,46,42,61,164,11,278,41,12,53,331
10/05/2004,CAK,OH,AGL,CE,Towers with Radar,44,73,111,17,245,0,2,75,7,84,44,75,186,24,329,48,2,50,379
10/06/2004,CAK,OH,AGL,CE,Towers with Radar,40,71,131,11,253,0,4,73,4,81,40,75,204,15,334,84,0,84,418
10/07/2004,CAK,OH,AGL,CE,Towers with Radar,42,75,124,15,256,0,2,70,3,75,42,77,194,18,331,78,8,86,417
10/08/2004,CAK,OH,AGL,CE,Towers with Radar,42,72,97,8,219,0,3,55,0,58,42,75,152,8,277,36,0,36,313
10/09/2004,CAK,OH,AGL,CE,Towers with Radar,40,47,79,5,171,0,1,28,1,30,40,48,107,6,201,26,0,26,227
10/10/2004,CAK,OH,AGL,CE,Towers with Radar,40,47,92,7,186,0,0,55,0,55,40,47,147,7,241,41,0,41,282
10/11/2004,CAK,OH,AGL,CE,Towers with Radar,40,60,109,14,223,0,1,60,0,61,40,61,169,14,284,33,0,33,317
10/12/2004,CAK,OH,AGL,CE,Towers with Radar,41,67,155,15,278,0,0,78,2,80,41,67,233,17,358,56,0,56,414
10/13/2004,CAK,OH,AGL,CE,Towers with Radar,41,67,100,11,219,0,0,35,2,37,41,67,135,13,256,13,0,13,269
10/14/2004,CAK,OH,AGL,CE,Towers with Radar,42,65,100,17,224,0,0,18,1,19,42,65,118,18,243,36,0,36,279
10/15/2004,CAK,OH,AGL,CE,Towers with Radar,41,74,75,10,200,0,0,14,0,14,41,74,89,10,214,32,14,46,260
10/16/2004,CAK,OH,AGL,CE,Towers with Radar,40,41,42,21,144,0,0,8,1,9,40,41,50,22,153,7,0,7,160
10/17/2004,CAK,OH,AGL,CE,Towers with Radar,37,43,72,21,173,0,0,41,0,41,37,43,113,21,214,37,0,37,251
10/18/2004,CAK,OH,AGL,CE,Towers with Radar,39,69,97,11,216,0,3,24,0,27,39,72,121,11,243,26,0,26,269
10/19/2004,CAK,OH,AGL,CE,Towers with Radar,44,78,99,12,233,0,1,3,2,6,44,79,102,14,239,66,0,66,305
10/20/2004,CAK,OH,AGL,CE,Towers with Radar,46,64,68,15,193,0,0,0,0,0,46,64,68,15,193,21,0,21,214
10/21/2004,CAK,OH,AGL,CE,Towers with Radar,43,85,142,21,291,0,0,29,3,32,43,85,171,24,323,52,0,52,375
10/22/2004,CAK,OH,AGL,CE,Towers with Radar,40,86,79,17,222,0,3,32,1,36,40,89,111,18,258,36,0,36,294
10/23/2004,CAK,OH,AGL,CE,Towers with Radar,41,54,69,21,185,0,1,35,0,36,41,55,104,21,221,32,0,32,253
10/24/2004,CAK,OH,AGL,CE,Towers with Radar,37,52,114,5,208,0,2,46,2,50,37,54,160,7,258,20,0,20,278
10/25/2004,CAK,OH,AGL,CE,Towers with Radar,43,71,98,10,222,0,2,44,2,48,43,73,142,12,270,68,40,108,378
10/26/2004,CAK,OH,AGL,CE,Towers with Radar,41,72,201,18,332,0,5,99,17,121,41,77,300,35,453,81,8,89,542
10/27/2004,CAK,OH,AGL,CE,Towers with Radar,44,66,161,17,288,0,7,76,4,87,44,73,237,21,375,38,20,58,433
10/28/2004,CAK,OH,AGL,CE,Towers with Radar,40,74,144,15,273,0,0,77,9,86,40,74,221,24,359,43,1,44,403
10/29/2004,CAK,OH,AGL,CE,Towers with Radar,41,75,56,15,187,0,1,0,0,1,41,76,56,15,188,12,0,12,200
10/30/2004,CAK,OH,AGL,CE,Towers with Radar,43,48,28,6,125,0,3,7,0,10,43,51,35,6,135,15,0,15,150
10/31/2004,CAK,OH,AGL,CE,Towers with Radar,37,44,72,9,162,0,0,43,0,43,37,44,115,9,205,23,2,25,230
11/01/2004,CAK,OH,AGL,CE,Combined TRACON& Tower with Radar,42,76,126,16,260,0,3,46,3,52,42,79,172,19,312,41,0,41,353
11/02/2004,CAK,OH,AGL,CE,Combined TRACON& Tower with Radar,44,55,96,5,200,0,0,5,3,8,44,55,101,8,208,7,0,7,215
11/03/2004,CAK,OH,AGL,CE,Combined TRACON& Tower with Radar,43,75,98,7,223,0,2,56,3,61,43,77,154,10,284,38,0,38,322
11/04/2004,CAK,OH,AGL,CE,Combined TRACON& Tower with Radar,43,58,59,5,165,0,0,5,1,6,43,58,64,6,171,12,0,12,183
11/05/2004,CAK,OH,AGL,CE,Combined TRACON& Tower with Radar,44,73,90,17,224,0,3,47,4,54,44,76,137,21,278,43,0,43,321
11/06/2004,CAK,OH,AGL,CE,Combined TRACON& Tower with Radar,42,47,133,12,234,0,8,72,1,81,42,55,205,13,315,23,0,23,338
11/07/2004,CAK,OH,AGL,CE,Combined TRACON& Tower with Radar,41,53,86,13,193,0,0,68,9,77,41,53,154,22,270,125,0,125,395
11/08/2004,CAK,OH,AGL,CE,Combined TRACON& Tower with Radar,43,67,88,19,217,0,1,44,0,45,43,68,132,19,262,32,0,32,294
11/09/2004,CAK,OH,AGL,CE,Combined TRACON& Tower with Radar,45,73,161,15,294,0,2,83,8,93,45,75,244,23,387,70,8,78,465
11/10/2004,CAK,OH,AGL,CE,Combined TRACON& Tower with Radar,43,72,151,19,285,0,2,64,3,69,43,74,215,22,354,38,0,38,392
11/11/2004,CAK,OH,AGL,CE,Combined TRACON& Tower with Radar,41,74,105,5,225,0,1,17,3,21,41,75,122,8,246,51,0,51,297
11/12/2004,CAK,OH,AGL,CE,Combined TRACON& Tower with Radar,40,62,122,10,234,0,0,31,6,37,40,62,153,16,271,101,0,101,372
11/13/2004,CAK,OH,AGL,CE,Combined TRACON& Tower with Radar,41,52,122,9,224,0,4,85,5,94,41,56,207,14,318,45,0,45,363
11/14/2004,CAK,OH,AGL,CE,Combined TRACON& Tower with Radar,42,52,111,10,215,0,4,76,0,80,42,56,187,10,295,41,0,41,336
11/15/2004,CAK,OH,AGL,CE,Combined TRACON& Tower with Radar,47,46,136,10,239,0,5,61,3,69,47,51,197,13,308,86,0,86,394
11/16/2004,CAK,OH,AGL,CE,Combined TRACON& Tower with Radar,41,70,149,14,274,0,0,36,9,45,41,70,185,23,319,86,8,94,413
11/17/2004,CAK,OH,AGL,CE,Combined TRACON& Tower with Radar,49,69,140,21,279,0,0,4,1,5,49,69,144,22,284,35,2,37,321
11/18/2004,CAK,OH,AGL,CE,Combined TRACON& Tower with Radar,48,63,71,12,194,0,0,0,0,0,48,63,71,12,194,55,0,55,249
11/19/2004,CAK,OH,AGL,CE,Combined TRACON& Tower with Radar,33,67,55,11,166,0,0,0,0,0,33,67,55,11,166,3,0,3,169
11/20/2004,CAK,OH,AGL,CE,Combined TRACON& Tower with Radar,34,56,65,10,165,0,0,15,1,16,34,56,80,11,181,13,0,13,194
11/21/2004,CAK,OH,AGL,CE,Combined TRACON& Tower with Radar,41,53,29,8,131,0,0,22,0,22,41,53,51,8,153,28,0,28,181
11/22/2004,CAK,OH,AGL,CE,Combined TRACON& Tower with Radar,41,67,129,14,251,0,0,51,8,59,41,67,180,22,310,79,0,79,389
11/23/2004,CAK,OH,AGL,CE,Combined TRACON& Tower with Radar,42,82,141,11,276,0,2,20,8,30,42,84,161,19,306,78,10,88,394
11/24/2004,CAK,OH,AGL,CE,Combined TRACON& Tower with Radar,44,73,28,14,159,0,0,0,1,1,44,73,28,15,160,17,0,17,177
11/25/2004,CAK,OH,AGL,CE,Combined TRACON& Tower with Radar,42,45,6,3,96,0,0,2,1,3,42,45,8,4,99,17,0,17,116
11/26/2004,CAK,OH,AGL,CE,Combined TRACON& Tower with Radar,40,50,99,8,197,0,2,46,0,48,40,52,145,8,245,52,0,52,297
11/27/2004,CAK,OH,AGL,CE,Combined TRACON& Tower with Radar,41,49,86,5,181,0,0,70,0,70,41,49,156,5,251,60,2,62,313
11/28/2004,CAK,OH,AGL,CE,Combined TRACON& Tower with Radar,40,51,45,12,148,0,0,7,0,7,40,51,52,12,155,39,0,39,194
11/29/2004,CAK,OH,AGL,CE,Combined TRACON& Tower with Radar,42,54,97,11,204,0,1,40,1,42,42,55,137,12,246,51,0,51,297
11/30/2004,CAK,OH,AGL,CE,Combined TRACON& Tower with Radar,44,70,107,15,236,0,0,30,0,30,44,70,137,15,266,45,0,45,311
12/01/2004,CAK,OH,AGL,CE,Combined TRACON& Tower with Radar,48,63,46,4,161,0,4,4,0,8,48,67,50,4,169,9,0,9,178
12/02/2004,CAK,OH,AGL,CE,Combined TRACON& Tower with Radar,51,64,130,14,259,0,3,63,2,68,51,67,193,16,327,68,0,68,395
12/03/2004,CAK,OH,AGL,CE,Combined TRACON& Tower with Radar,42,61,98,10,211,0,0,51,1,52,42,61,149,11,263,20,0,20,283
12/04/2004,CAK,OH,AGL,CE,Combined TRACON& Tower with Radar,46,48,59,12,165,0,0,43,1,44,46,48,102,13,209,21,0,21,230
12/05/2004,CAK,OH,AGL,CE,Combined TRACON& Tower with Radar,49,44,118,4,215,0,4,54,0,58,49,48,172,4,273,100,0,100,373
12/06/2004,CAK,OH,AGL,CE,Combined TRACON& Tower with Radar,44,51,53,11,159,0,0,2,0,2,44,51,55,11,161,9,0,9,170
12/07/2004,CAK,OH,AGL,CE,Combined TRACON& Tower with Radar,48,75,55,6,184,0,1,1,0,2,48,76,56,6,186,6,0,6,192
12/08/2004,CAK,OH,AGL,CE,Combined TRACON& Tower with Radar,51,62,171,4,288,0,3,49,2,54,51,65,220,6,342,86,0,86,428
12/09/2004,CAK,OH,AGL,CE,Combined TRACON& Tower with Radar,41,64,141,2,248,0,1,48,1,50,41,65,189,3,298,66,4,70,368
12/10/2004,CAK,OH,AGL,CE,Combined TRACON& Tower with Radar,47,60,52,0,159,0,0,0,0,0,47,60,52,0,159,16,2,18,177
12/11/2004,CAK,OH,AGL,CE,Combined TRACON& Tower with Radar,46,54,11,0,111,0,0,2,2,4,46,54,13,2,115,12,0,12,127
12/12/2004,CAK,OH,AGL,CE,Combined TRACON& Tower with Radar,42,52,12,0,106,0,0,6,1,7,42,52,18,1,113,10,0,10,123
12/13/2004,CAK,OH,AGL,CE,Combined TRACON& Tower with Radar,44,72,37,0,153,0,0,0,0,0,44,72,37,0,153,4,0,4,157
12/14/2004,CAK,OH,AGL,CE,Combined TRACON& Tower with Radar,44,58,69,2,173,0,0,13,0,13,44,58,82,2,186,10,0,10,196
12/15/2004,CAK,OH,AGL,CE,Combined TRACON& Tower with Radar,45,72,158,11,286,0,4,69,3,76,45,76,227,14,362,131,0,131,493
12/16/2004,CAK,OH,AGL,CE,Combined TRACON& Tower with Radar,41,71,136,12,260,0,0,36,9,45,41,71,172,21,305,42,0,42,347
12/17/2004,CAK,OH,AGL,CE,Combined TRACON& Tower with Radar,39,58,76,0,173,0,1,55,0,56,39,59,131,0,229,61,0,61,290
12/18/2004,CAK,OH,AGL,CE,Combined TRACON& Tower with Radar,41,59,123,0,223,0,0,66,1,67,41,59,189,1,290,99,0,99,389
12/19/2004,CAK,OH,AGL,CE,Combined TRACON& Tower with Radar,37,38,18,0,93,0,0,0,0,0,37,38,18,0,93,4,0,4,97
12/20/2004,CAK,OH,AGL,CE,Combined TRACON& Tower with Radar,40,52,34,1,127,0,0,9,1,10,40,52,43,2,137,10,0,10,147
12/21/2004,CAK,OH,AGL,CE,Combined TRACON& Tower with Radar,46,58,114,3,221,0,2,36,6,44,46,60,150,9,265,39,8,47,312
12/22/2004,CAK,OH,AGL,CE,Combined TRACON& Tower with Radar,41,39,30,0,110,0,0,0,0,0,41,39,30,0,110,10,0,10,120
12/23/2004,CAK,OH,AGL,CE,Combined TRACON& Tower with Radar,28,37,12,0,77,0,0,2,0,2,28,37,14,0,79,8,0,8,87
12/24/2004,CAK,OH,AGL,CE,Combined TRACON& Tower with Radar,30,45,26,0,101,0,0,9,1,10,30,45,35,1,111,9,0,9,120
12/25/2004,CAK,OH,AGL,CE,Combined TRACON& Tower with Radar,28,32,5,2,67,0,1,3,0,4,28,33,8,2,71,8,0,8,79
12/26/2004,CAK,OH,AGL,CE,Combined TRACON& Tower with Radar,24,31,33,0,88,0,0,9,0,9,24,31,42,0,97,17,0,17,114
12/27/2004,CAK,OH,AGL,CE,Combined TRACON& Tower with Radar,34,53,48,0,135,0,0,17,0,17,34,53,65,0,152,14,0,14,166
12/28/2004,CAK,OH,AGL,CE,Combined TRACON& Tower with Radar,43,55,57,2,157,0,0,19,8,27,43,55,76,10,184,12,26,38,222
12/29/2004,CAK,OH,AGL,CE,Combined TRACON& Tower with Radar,46,54,64,3,167,0,0,20,6,26,46,54,84,9,193,42,0,42,235
12/30/2004,CAK,OH,AGL,CE,Combined TRACON& Tower with Radar,48,52,85,0,185,0,0,13,2,15,48,52,98,2,200,34,0,34,234
12/31/2004,CAK,OH,AGL,CE,Combined TRACON& Tower with Radar,43,49,28,0,120,0,2,3,0,5,43,51,31,0,125,22,0,22,147
01/01/2005,CAK,OH,AGL,CE,Combined TRACON& Tower with Radar,39,50,86,0,175,0,0,50,1,51,39,50,136,1,226,57,0,57,283
01/02/2005,CAK,OH,AGL,CE,Combined TRACON& Tower with Radar,41,50,61,0,152,0,0,4,0,4,41,50,65,0,156,28,0,28,184
01/03/2005,CAK,OH,AGL,CE,Combined TRACON& Tower with Radar,44,57,16,0,117,0,0,0,0,0,44,57,16,0,117,5,0,5,122
01/04/2005,CAK,OH,AGL,CE,Combined TRACON& Tower with Radar,39,51,46,2,138,0,0,6,0,6,39,51,52,2,144,11,0,11,155
01/05/2005,CAK,OH,AGL,CE,Combined TRACON& Tower with Radar,28,57,20,0,105,0,0,0,0,0,28,57,20,0,105,13,0,13,118
01/06/2005,CAK,OH,AGL,CE,Combined TRACON& Tower with Radar,37,62,26,0,125,0,0,0,0,0,37,62,26,0,125,6,30,36,161
01/07/2005,CAK,OH,AGL,CE,Combined TRACON& Tower with Radar,38,52,144,5,239,0,1,46,2,49,38,53,190,7,288,75,0,75,363
01/08/2005,CAK,OH,AGL,CE,Combined TRACON& Tower with Radar,43,41,6,0,90,0,0,6,0,6,43,41,12,0,96,7,0,7,103
01/09/2005,CAK,OH,AGL,CE,Combined TRACON& Tower with Radar,47,57,68,0,172,0,0,23,18,41,47,57,91,18,213,61,2,63,276
01/10/2005,CAK,OH,AGL,CE,Combined TRACON& Tower with Radar,39,55,64,4,162,0,0,7,1,8,39,55,71,5,170,49,0,49,219
01/11/2005,CAK,OH,AGL,CE,Combined TRACON& Tower with Radar,49,58,40,0,147,0,0,0,0,0,49,58,40,0,147,12,0,12,159
01/12/2005,CAK,OH,AGL,CE,Combined TRACON& Tower with Radar,46,61,83,1,191,0,0,13,2,15,46,61,96,3,206,28,14,42,248
01/13/2005,CAK,OH,AGL,CE,Combined TRACON& Tower with Radar,41,57,44,1,143,0,2,1,0,3,41,59,45,1,146,10,0,10,156
01/14/2005,CAK,OH,AGL,CE,Combined TRACON& Tower with Radar,45,62,115,0,222,0,0,25,1,26,45,62,140,1,248,44,0,44,292
01/15/2005,CAK,OH,AGL,CE,Combined TRACON& Tower with Radar,43,35,74,0,152,0,2,71,0,73,43,37,145,0,225,56,0,56,281
01/16/2005,CAK,OH,AGL,CE,Combined TRACON& Tower with Radar,43,45,15,0,103,0,0,0,0,0,43,45,15,0,103,1,0,1,104
01/17/2005,CAK,OH,AGL,CE,Combined TRACON& Tower with Radar,43,59,56,0,158,0,0,12,1,13,43,59,68,1,171,28,0,28,199
01/18/2005,CAK,OH,AGL,CE,Combined TRACON& Tower with Radar,40,72,113,12,237,0,0,39,5,44,40,72,152,17,281,48,0,48,329
01/19/2005,CAK,OH,AGL,CE,Combined TRACON& Tower with Radar,48,54,33,0,135,0,0,3,0,3,48,54,36,0,138,8,0,8,146
01/20/2005,CAK,OH,AGL,CE,Combined TRACON& Tower with Radar,45,56,56,3,160,0,0,7,0,7,45,56,63,3,167,17,0,17,184
01/21/2005,CAK,OH,AGL,CE,Combined TRACON& Tower with Radar,41,65,139,1,246,0,1,54,6,61,41,66,193,7,307,52,0,52,359
01/22/2005,CAK,OH,AGL,CE,Combined TRACON& Tower with Radar,32,35,4,0,71,0,0,1,0,1,32,35,5,0,72,11,0,11,83
01/23/2005,CAK,OH,AGL,CE,Combined TRACON& Tower with Radar,35,38,35,0,108,0,0,11,0,11,35,38,46,0,119,12,0,12,131
01/24/2005,CAK,OH,AGL,CE,Combined TRACON& Tower with Radar,45,53,82,3,183,0,2,16,2,20,45,55,98,5,203,47,0,47,250
01/25/2005,CAK,OH,AGL,CE,Combined TRACON& Tower with Radar,47,61,64,5,177,0,1,12,9,22,47,62,76,14,199,24,24,48,247
01/26/2005,CAK,OH,AGL,CE,Combined TRACON& Tower with Radar,41,57,69,2,169,0,0,5,1,6,41,57,74,3,175,22,0,22,197
01/27/2005,CAK,OH,AGL,CE,Combined TRACON& Tower with Radar,45,62,82,8,197,0,0,41,11,52,45,62,123,19,249,35,0,35,284
01/28/2005,CAK,OH,AGL,CE,Combined TRACON& Tower with Radar,46,58,98,0,202,0,3,41,2,46,46,61,139,2,248,20,0,20,268
01/29/2005,CAK,OH,AGL,CE,Combined TRACON& Tower with Radar,33,36,109,2,180,0,2,62,4,68,33,38,171,6,248,101,0,101,349
01/30/2005,CAK,OH,AGL,CE,Combined TRACON& Tower with Radar,41,38,62,0,141,0,0,42,0,42,41,38,104,0,183,59,0,59,242
01/31/2005,CAK,OH,AGL,CE,Combined TRACON& Tower with Radar,35,60,107,0,202,0,0,37,0,37,35,60,144,0,239,76,0,76,315
02/01/2005,CAK,OH,AGL,CE,Combined TRACON& Tower with Radar,39,76,132,3,250,0,2,28,4,34,39,78,160,7,284,15,0,15,299
02/02/2005,CAK,OH,AGL,CE,Combined TRACON& Tower with Radar,37,65,96,2,200,0,0,31,0,31,37,65,127,2,231,90,0,90,321
02/03/2005,CAK,OH,AGL,CE,Combined TRACON& Tower with Radar,39,65,56,4,164,0,0,10,0,10,39,65,66,4,174,10,14,24,198
02/04/2005,CAK,OH,AGL,CE,Combined TRACON& Tower with Radar,39,61,170,1,271,0,0,71,9,80,39,61,241,10,351,119,14,133,484
02/05/2005,CAK,OH,AGL,CE,Combined TRACON& Tower with Radar,39,61,117,2,219,0,2,71,9,82,39,63,188,11,301,84,0,84,385
02/06/2005,CAK,OH,AGL,CE,Combined TRACON& Tower with Radar,38,48,85,4,175,0,3,58,0,61,38,51,143,4,236,71,0,71,307
02/07/2005,CAK,OH,AGL,CE,Combined TRACON& Tower with Radar,39,63,81,3,186,0,1,27,2,30,39,64,108,5,216,57,0,57,273
02/08/2005,CAK,OH,AGL,CE,Combined TRACON& Tower with Radar,38,63,52,0,153,0,0,0,0,0,38,63,52,0,153,13,0,13,166
02/09/2005,CAK,OH,AGL,CE,Combined TRACON& Tower with Radar,45,78,31,0,154,0,0,0,0,0,45,78,31,0,154,17,0,17,171
02/10/2005,CAK,OH,AGL,CE,Combined TRACON& Tower with Radar,41,78,44,5,168,0,1,3,9,13,41,79,47,14,181,22,14,36,217
02/11/2005,CAK,OH,AGL,CE,Combined TRACON& Tower with Radar,40,61,71,3,175,0,0,9,3,12,40,61,80,6,187,45,10,55,242
02/12/2005,CAK,OH,AGL,CE,Combined TRACON& Tower with Radar,40,52,44,0,136,0,0,57,0,57,40,52,101,0,193,0,0,0,193
02/13/2005,CAK,OH,AGL,CE,Combined TRACON& Tower with Radar,40,48,71,1,160,0,0,50,3,53,40,48,121,4,213,81,0,81,294
02/14/2005,CAK,OH,AGL,CE,Combined TRACON& Tower with Radar,40,64,29,0,133,0,1,6,0,7,40,65,35,0,140,13,0,13,153
02/15/2005,CAK,OH,AGL,CE,Combined TRACON& Tower with Radar,40,59,151,2,252,0,1,28,7,36,40,60,179,9,288,78,0,78,366
02/16/2005,CAK,OH,AGL,CE,Combined TRACON& Tower with Radar,41,60,37,1,139,0,0,0,0,0,41,60,37,1,139,13,0,13,152
02/17/2005,CAK,OH,AGL,CE,Combined TRACON& Tower with Radar,37,65,65,1,168,0,0,10,6,16,37,65,75,7,184,31,0,31,215
02/18/2005,CAK,OH,AGL,CE,Combined TRACON& Tower with Radar,40,82,61,3,186,0,1,8,3,12,40,83,69,6,198,59,10,69,267
02/19/2005,CAK,OH,AGL,CE,Combined TRACON& Tower with Radar,35,45,80,0,160,0,2,55,4,61,35,47,135,4,221,34,0,34,255
02/20/2005,CAK,OH,AGL,CE,Combined TRACON& Tower with Radar,34,41,19,0,94,0,0,3,0,3,34,41,22,0,97,4,0,4,101
02/21/2005,CAK,OH,AGL,CE,Combined TRACON& Tower with Radar,38,74,56,0,168,0,0,1,0,1,38,74,57,0,169,13,0,13,182
02/22/2005,CAK,OH,AGL,CE,Combined TRACON& Tower with Radar,42,60,112,2,216,0,2,15,2,19,42,62,127,4,235,56,0,56,291
02/23/2005,CAK,OH,AGL,CE,Combined TRACON& Tower with Radar,29,33,78,1,141,0,1,3,2,6,29,34,81,3,147,45,0,45,192
02/24/2005,CAK,OH,AGL,CE,Combined TRACON& Tower with Radar,36,54,46,1,137,0,0,2,1,3,36,54,48,2,140,8,0,8,148
02/25/2005,CAK,OH,AGL,CE,Combined TRACON& Tower with Radar,39,65,69,2,175,0,3,26,0,29,39,68,95,2,204,25,0,25,229
02/26/2005,CAK,OH,AGL,CE,Combined TRACON& Tower with Radar,38,53,107,0,198,0,2,39,2,43,38,55,146,2,241,56,0,56,297
02/27/2005,CAK,OH,AGL,CE,Combined TRACON& Tower with Radar,37,47,75,1,160,0,0,51,0,51,37,47,126,1,211,30,0,30,241
02/28/2005,CAK,OH,AGL,CE,Combined TRACON& Tower with Radar,37,69,40,0,146,0,0,2,0,2,37,69,42,0,148,5,0,5,153
03/01/2005,CAK,OH,AGL,CE,Combined TRACON& Tower with Radar,38,67,39,0,144,0,0,3,0,3,38,67,42,0,147,10,0,10,157
03/02/2005,CAK,OH,AGL,CE,Combined TRACON& Tower with Radar,40,68,55,0,163,0,0,8,0,8,40,68,63,0,171,10,0,10,181
03/03/2005,CAK,OH,AGL,CE,Combined TRACON& Tower with Radar,41,66,89,1,197,0,0,37,7,44,41,66,126,8,241,69,8,77,318
03/04/2005,CAK,OH,AGL,CE,Combined TRACON& Tower with Radar,36,65,112,2,215,0,0,39,6,45,36,65,151,8,260,36,0,36,296
03/05/2005,CAK,OH,AGL,CE,Combined TRACON& Tower with Radar,37,43,108,1,189,0,0,84,1,85,37,43,192,2,274,39,0,39,313
03/06/2005,CAK,OH,AGL,CE,Combined TRACON& Tower with Radar,34,55,48,3,140,0,0,14,7,21,34,55,62,10,161,29,0,29,190
03/07/2005,CAK,OH,AGL,CE,Combined TRACON& Tower with Radar,40,60,46,3,149,0,1,12,3,16,40,61,58,6,165,4,2,6,171
03/08/2005,CAK,OH,AGL,CE,Combined TRACON& Tower with Radar,32,74,70,3,179,0,0,6,4,10,32,74,76,7,189,16,10,26,215
03/09/2005,CAK,OH,AGL,CE,Combined TRACON& Tower with Radar,39,68,81,1,189,0,0,15,2,17,39,68,96,3,206,63,0,63,269
03/10/2005,CAK,OH,AGL,CE,Combined TRACON& Tower with Radar,43,63,96,6,208,0,2,29,5,36,43,65,125,11,244,42,12,54,298
03/11/2005,CAK,OH,AGL,CE,Combined TRACON& Tower with Radar,38,72,51,2,163,0,0,3,1,4,38,72,54,3,167,16,0,16,183
03/12/2005,CAK,OH,AGL,CE,Combined TRACON& Tower with Radar,39,64,25,0,128,0,0,0,2,2,39,64,25,2,130,13,0,13,143
03/13/2005,CAK,OH,AGL,CE,Combined TRACON& Tower with Radar,36,48,101,2,187,0,4,38,3,45,36,52,139,5,232,55,0,55,287
03/14/2005,CAK,OH,AGL,CE,Combined TRACON& Tower with Radar,38,61,133,2,234,0,1,70,1,72,38,62,203,3,306,66,0,66,372
03/15/2005,CAK,OH,AGL,CE,Combined TRACON& Tower with Radar,38,67,119,1,225,0,1,43,7,51,38,68,162,8,276,86,0,86,362
03/16/2005,CAK,OH,AGL,CE,Combined TRACON& Tower with Radar,36,61,105,2,204,0,5,57,2,64,36,66,162,4,268,102,0,102,370
03/17/2005,CAK,OH,AGL,CE,Combined TRACON& Tower with Radar,36,72,100,1,209,0,2,49,4,55,36,74,149,5,264,59,0,59,323
03/18/2005,CAK,OH,AGL,CE,Combined TRACON& Tower with Radar,38,71,133,1,243,0,0,61,3,64,38,71,194,4,307,94,0,94,401
03/19/2005,CAK,OH,AGL,CE,Combined TRACON& Tower with Radar,35,52,88,2,177,0,0,19,0,19,35,52,107,2,196,83,0,83,279
03/20/2005,CAK,OH,AGL,CE,Combined TRACON& Tower with Radar,34,51,21,0,106,0,0,0,0,0,34,51,21,0,106,7,0,7,113
03/21/2005,CAK,OH,AGL,CE,Combined TRACON& Tower with Radar,31,56,59,0,146,0,0,16,0,16,31,56,75,0,162,56,0,56,218
03/22/2005,CAK,OH,AGL,CE,Combined TRACON& Tower with Radar,36,77,181,0,294,0,3,85,3,91,36,80,266,3,385,91,2,93,478
03/23/2005,CAK,OH,AGL,CE,Combined TRACON& Tower with Radar,35,72,57,0,164,0,1,2,0,3,35,73,59,0,167,15,0,15,182
03/24/2005,CAK,OH,AGL,CE,Combined TRACON& Tower with Radar,38,80,85,1,204,0,0,2,4,6,38,80,87,5,210,12,0,12,222
03/25/2005,CAK,OH,AGL,CE,Combined TRACON& Tower with Radar,38,81,24,0,143,0,0,3,0,3,38,81,27,0,146,11,0,11,157
03/26/2005,CAK,OH,AGL,CE,Combined TRACON& Tower with Radar,37,46,83,0,166,0,0,62,0,62,37,46,145,0,228,38,0,38,266
03/27/2005,CAK,OH,AGL,CE,Combined TRACON& Tower with Radar,31,51,17,0,99,0,0,7,0,7,31,51,24,0,106,12,0,12,118
03/28/2005,CAK,OH,AGL,CE,Combined TRACON& Tower with Radar,41,53,68,2,164,0,0,4,0,4,41,53,72,2,168,17,0,17,185
03/29/2005,CAK,OH,AGL,CE,Combined TRACON& Tower with Radar,40,62,140,1,243,0,1,90,6,97,40,63,230,7,340,86,0,86,426
03/30/2005,CAK,OH,AGL,CE,Combined TRACON& Tower with Radar,42,78,115,3,238,0,2,89,0,91,42,80,204,3,329,126,0,126,455
03/31/2005,CAK,OH,AGL,CE,Combined TRACON& Tower with Radar,39,65,41,2,147,0,1,17,6,24,39,66,58,8,171,12,0,12,183
04/01/2005,CAK,OH,AGL,CE,Combined TRACON& Tower with Radar,44,61,66,0,171,0,0,47,3,50,44,61,113,3,221,24,0,24,245
04/02/2005,CAK,OH,AGL,CE,Combined TRACON& Tower with Radar,35,52,12,2,101,0,0,0,4,4,35,52,12,6,105,4,0,4,109
04/03/2005,CAK,OH,AGL,CE,Combined TRACON& Tower with Radar,44,50,39,0,133,0,0,4,0,4,44,50,43,0,137,19,0,19,156
04/04/2005,CAK,OH,AGL,CE,Combined TRACON& Tower with Radar,42,66,161,0,269,0,2,95,0,97,42,68,256,0,366,50,0,50,416
04/05/2005,CAK,OH,AGL,CE,Combined TRACON& Tower with Radar,43,63,142,0,248,0,0,70,1,71,43,63,212,1,319,69,2,71,390
04/06/2005,CAK,OH,AGL,CE,Combined TRACON& Tower with Radar,40,62,160,0,262,0,2,88,4,94,40,64,248,4,356,86,2,88,444
04/07/2005,CAK,OH,AGL,CE,Combined TRACON& Tower with Radar,39,65,89,0,193,0,0,6,0,6,39,65,95,0,199,29,0,29,228
04/08/2005,CAK,OH,AGL,CE,Combined TRACON& Tower with Radar,41,77,131,2,251,0,1,59,5,65,41,78,190,7,316,111,0,111,427
04/09/2005,CAK,OH,AGL,CE,Combined TRACON& Tower with Radar,38,51,131,3,223,0,2,111,11,124,38,53,242,14,347,109,0,109,456
04/10/2005,CAK,OH,AGL,CE,Combined TRACON& Tower with Radar,37,55,110,0,202,0,1,80,4,85,37,56,190,4,287,70,2,72,359
04/11/2005,CAK,OH,AGL,CE,Combined TRACON& Tower with Radar,40,60,143,0,243,0,1,73,3,77,40,61,216,3,320,74,0,74,394
04/12/2005,CAK,OH,AGL,CE,Combined TRACON& Tower with Radar,40,55,113,5,213,0,0,33,2,35,40,55,146,7,248,21,0,21,269
04/13/2005,CAK,OH,AGL,CE,Combined TRACON& Tower with Radar,42,58,156,0,256,0,1,57,5,63,42,59,213,5,319,65,8,73,392
04/14/2005,CAK,OH,AGL,CE,Combined TRACON& Tower with Radar,40,69,155,0,264,0,2,60,0,62,40,71,215,0,326,130,0,130,456
04/15/2005,CAK,OH,AGL,CE,Combined TRACON& Tower with Radar,38,66,91,4,199,0,0,47,0,47,38,66,138,4,246,41,0,41,287
04/16/2005,CAK,OH,AGL,CE,Combined TRACON& Tower with Radar,41,50,101,0,192,0,0,67,2,69,41,50,168,2,261,36,0,36,297
04/17/2005,CAK,OH,AGL,CE,Combined TRACON& Tower with Radar,36,55,116,0,207,0,2,71,1,74,36,57,187,1,281,68,0,68,349
04/18/2005,CAK,OH,AGL,CE,Combined TRACON& Tower with Radar,36,59,112,0,207,0,0,41,3,44,36,59,153,3,251,84,0,84,335
04/19/2005,CAK,OH,AGL,CE,Combined TRACON& Tower with Radar,40,61,142,3,246,0,3,43,6,52,40,64,185,9,298,115,0,115,413
04/20/2005,CAK,OH,AGL,CE,Combined TRACON& Tower with Radar,36,57,61,0,154,0,0,13,4,17,36,57,74,4,171,43,0,43,214
04/21/2005,CAK,OH,AGL,CE,Combined TRACON& Tower with Radar,43,64,111,0,218,0,2,84,0,86,43,66,195,0,304,92,0,92,396
04/22/2005,CAK,OH,AGL,CE,Combined TRACON& Tower with Radar,38,65,58,0,161,0,0,5,0,5,38,65,63,0,166,12,0,12,178
04/23/2005,CAK,OH,AGL,CE,Combined TRACON& Tower with Radar,41,45,8,0,94,0,0,0,0,0,41,45,8,0,94,10,0,10,104
04/24/2005,CAK,OH,AGL,CE,Combined TRACON& Tower with Radar,35,55,15,0,105,0,0,0,0,0,35,55,15,0,105,4,0,4,109
04/25/2005,CAK,OH,AGL,CE,Combined TRACON& Tower with Radar,42,78,79,1,200,0,0,19,2,21,42,78,98,3,221,24,0,24,245
04/26/2005,CAK,OH,AGL,CE,Combined TRACON& Tower with Radar,40,55,117,3,215,0,0,33,2,35,40,55,150,5,250,69,6,75,325
04/27/2005,CAK,OH,AGL,CE,Combined TRACON& Tower with Radar,36,90,173,2,301,0,1,22,5,28,36,91,195,7,329,157,0,157,486
04/28/2005,CAK,OH,AGL,CE,Combined TRACON& Tower with Radar,41,68,142,2,253,0,2,55,3,60,41,70,197,5,313,68,4,72,385
04/29/2005,CAK,OH,AGL,CE,Combined TRACON& Tower with Radar,38,84,162,6,290,0,1,41,1,43,38,85,203,7,333,24,16,40,373
04/30/2005,CAK,OH,AGL,CE,Combined TRACON& Tower with Radar,39,48,91,1,179,0,0,2,0,2,39,48,93,1,181,80,0,80,261
05/01/2005,CAK,OH,AGL,CE,Combined TRACON& Tower with Radar,38,48,91,0,177,0,0,53,1,54,38,48,144,1,231,20,0,20,251
05/02/2005,CAK,OH,AGL,CE,Combined TRACON& Tower with Radar,39,66,71,1,177,0,0,15,2,17,39,66,86,3,194,32,0,32,226
05/03/2005,CAK,OH,AGL,CE,Combined TRACON& Tower with Radar,44,74,119,1,238,0,0,59,8,67,44,74,178,9,305,95,8,103,408
05/04/2005,CAK,OH,AGL,CE,Combined TRACON& Tower with Radar,40,62,116,3,221,0,4,77,3,84,40,66,193,6,305,115,0,115,420
05/05/2005,CAK,OH,AGL,CE,Combined TRACON& Tower with Radar,40,68,147,2,257,0,1,81,9,91,40,69,228,11,348,86,0,86,434
05/06/2005,CAK,OH,AGL,CE,Combined TRACON& Tower with Radar,41,70,116,0,227,0,0,73,2,75,41,70,189,2,302,17,0,17,319
05/07/2005,CAK,OH,AGL,CE,Combined TRACON& Tower with Radar,37,51,114,0,202,0,3,95,1,99,37,54,209,1,301,51,0,51,352
05/08/2005,CAK,OH,AGL,CE,Combined TRACON& Tower with Radar,35,49,103,0,187,0,0,57,1,58,35,49,160,1,245,76,0,76,321
05/09/2005,CAK,OH,AGL,CE,Combined TRACON& Tower with Radar,40,69,141,0,250,0,1,61,2,64,40,70,202,2,314,131,0,131,445
05/10/2005,CAK,OH,AGL,CE,Combined TRACON& Tower with Radar,42,74,103,2,221,0,3,38,7,48,42,77,141,9,269,57,0,57,326
05/11/2005,CAK,OH,AGL,CE,Combined TRACON& Tower with Radar,40,78,125,0,243,0,6,63,4,73,40,84,188,4,316,62,0,62,378
05/12/2005,CAK,OH,AGL,CE,Combined TRACON& Tower with Radar,41,66,119,3,229,0,2,55,3,60,41,68,174,6,289,48,0,48,337
05/13/2005,CAK,OH,AGL,CE,Combined TRACON& Tower with Radar,42,71,105,4,222,0,0,54,4,58,42,71,159,8,280,82,0,82,362
05/14/2005,CAK,OH,AGL,CE,Combined TRACON& Tower with Radar,40,50,52,0,142,0,0,5,1,6,40,50,57,1,148,13,0,13,161
05/15/2005,CAK,OH,AGL,CE,Combined TRACON& Tower with Radar,35,51,132,3,221,0,0,55,2,57,35,51,187,5,278,78,0,78,356
05/16/2005,CAK,OH,AGL,CE,Combined TRACON& Tower with Radar,40,71,73,0,184,0,0,45,0,45,40,71,118,0,229,13,0,13,242
05/17/2005,CAK,OH,AGL,CE,Combined TRACON& Tower with Radar,41,72,112,1,226,0,5,78,7,90,41,77,190,8,316,57,0,57,373
05/18/2005,CAK,OH,AGL,CE,Combined TRACON& Tower with Radar,39,68,129,0,236,0,0,75,2,77,39,68,204,2,313,108,0,108,421
05/19/2005,CAK,OH,AGL,CE,Combined TRACON& Tower with Radar,38,59,111,1,209,0,1,44,2,47,38,60,155,3,256,105,0,105,361
05/20/2005,CAK,OH,AGL,CE,Combined TRACON& Tower with Radar,35,82,67,0,184,0,0,21,1,22,35,82,88,1,206,35,0,35,241
05/21/2005,CAK,OH,AGL,CE,Combined TRACON& Tower with Radar,41,53,80,0,174,0,13,94,3,110,41,66,174,3,284,45,0,45,329
05/22/2005,CAK,OH,AGL,CE,Combined TRACON& Tower with Radar,32,52,68,3,155,0,0,51,10,61,32,52,119,13,216,33,6,39,255
05/23/2005,CAK,OH,AGL,CE,Combined TRACON& Tower with Radar,36,57,68,0,161,0,0,1,0,1,36,57,69,0,162,7,0,7,169
05/24/2005,CAK,OH,AGL,CE,Combined TRACON& Tower with Radar,41,62,88,0,191,0,0,32,2,34,41,62,120,2,225,19,0,19,244
05/25/2005,CAK,OH,AGL,CE,Combined TRACON& Tower with Radar,42,97,122,0,261,0,2,88,0,90,42,99,210,0,351,83,0,83,434
05/26/2005,CAK,OH,AGL,CE,Combined TRACON& Tower with Radar,39,63,191,0,293,0,5,82,6,93,39,68,273,6,386,43,0,43,429
05/27/2005,CAK,OH,AGL,CE,Combined TRACON& Tower with Radar,40,72,65,1,178,0,0,35,2,37,40,72,100,3,215,71,0,71,286
05/28/2005,CAK,OH,AGL,CE,Combined TRACON& Tower with Radar,39,52,34,0,125,0,2,30,0,32,39,54,64,0,157,40,0,40,197
05/29/2005,CAK,OH,AGL,CE,Combined TRACON& Tower with Radar,35,43,76,0,154,0,4,64,2,70,35,47,140,2,224,20,0,20,244
05/30/2005,CAK,OH,AGL,CE,Combined TRACON& Tower with Radar,36,61,34,1,132,0,1,20,3,24,36,62,54,4,156,9,0,9,165
05/31/2005,CAK,OH,AGL,CE,Combined TRACON& Tower with Radar,41,69,111,5,226,0,0,72,2,74,41,69,183,7,300,96,6,102,402
06/01/2005,CAK,OH,AGL,CE,Combined TRACON& Tower with Radar,40,66,153,0,259,0,1,89,2,92,40,67,242,2,351,62,0,62,413
06/02/2005,CAK,OH,AGL,CE,Combined TRACON& Tower with Radar,39,76,127,2,244,0,2,54,6,62,39,78,181,8,306,64,4,68,374
06/03/2005,CAK,OH,AGL,CE,Combined TRACON& Tower with Radar,38,75,115,2,230,0,0,19,1,20,38,75,134,3,250,29,0,29,279
06/04/2005,CAK,OH,AGL,CE,Combined TRACON& Tower with Radar,41,56,118,0,215,0,3,77,5,85,41,59,195,5,300,69,0,69,369
06/05/2005,CAK,OH,AGL,CE,Combined TRACON& Tower with Radar,36,55,83,1,175,0,0,53,6,59,36,55,136,7,234,14,0,14,248
06/06/2005,CAK,OH,AGL,CE,Combined TRACON& Tower with Radar,43,66,72,0,181,0,0,27,0,27,43,66,99,0,208,16,0,16,224
06/07/2005,CAK,OH,AGL,CE,Combined TRACON& Tower with Radar,39,86,164,3,292,0,10,78,4,92,39,96,242,7,384,81,0,81,465
06/08/2005,CAK,OH,AGL,CE,Combined TRACON& Tower with Radar,41,72,161,3,277,0,0,57,3,60,41,72,218,6,337,50,0,50,387
06/09/2005,CAK,OH,AGL,CE,Combined TRACON& Tower with Radar,41,67,102,0,210,0,1,43,9,53,41,68,145,9,263,35,6,41,304
06/10/2005,CAK,OH,AGL,CE,Combined TRACON& Tower with Radar,36,64,90,3,193,0,0,21,4,25,36,64,111,7,218,32,0,32,250
06/11/2005,CAK,OH,AGL,CE,Combined TRACON& Tower with Radar,40,59,61,1,161,0,2,32,6,40,40,61,93,7,201,41,14,55,256
06/12/2005,CAK,OH,AGL,CE,Combined TRACON& Tower with Radar,35,48,121,2,206,0,2,41,4,47,35,50,162,6,253,23,0,23,276
06/13/2005,CAK,OH,AGL,CE,Combined TRACON& Tower with Radar,42,72,71,0,185,0,0,24,0,24,42,72,95,0,209,18,15,33,242
06/14/2005,CAK,OH,AGL,CE,Combined TRACON& Tower with Radar,40,73,62,6,181,0,0,15,6,21,40,73,77,12,202,28,2,30,232
06/15/2005,CAK,OH,AGL,CE,Combined TRACON& Tower with Radar,42,79,74,10,205,0,2,20,10,32,42,81,94,20,237,13,2,15,252
06/16/2005,CAK,OH,AGL,CE,Combined TRACON& Tower with Radar,39,73,108,5,225,0,6,27,6,39,39,79,135,11,264,38,0,38,302
06/17/2005,CAK,OH,AGL,CE,Combined TRACON& Tower with Radar,44,75,156,0,275,0,2,81,3,86,44,77,237,3,361,50,0,50,411
06/18/2005,CAK,OH,AGL,CE,Combined TRACON& Tower with Radar,39,58,166,0,263,0,5,68,1,74,39,63,234,1,337,75,0,75,412
06/19/2005,CAK,OH,AGL,CE,Combined TRACON& Tower with Radar,36,52,88,8,184,0,2,54,2,58,36,54,142,10,242,36,0,36,278
06/20/2005,CAK,OH,AGL,CE,Combined TRACON& Tower with Radar,42,70,116,0,228,0,4,59,0,63,42,74,175,0,291,28,0,28,319
06/21/2005,CAK,OH,AGL,CE,Combined TRACON& Tower with Radar,42,67,119,2,230,0,0,45,5,50,42,67,164,7,280,48,20,68,348
06/22/2005,CAK,OH,AGL,CE,Combined TRACON& Tower with Radar,42,67,151,0,260,0,1,57,4,62,42,68,208,4,322,45,1,46,368
06/23/2005,CAK,OH,AGL,CE,Combined TRACON& Tower with Radar,43,79,159,2,283,0,1,61,1,63,43,80,220,3,346,55,0,55,401
06/24/2005,CAK,OH,AGL,CE,Combined TRACON& Tower with Radar,41,71,111,0,223,0,2,52,2,56,41,73,163,2,279,45,6,51,330
06/25/2005,CAK,OH,AGL,CE,Combined TRACON& Tower with Radar,40,55,99,7,201,0,11,48,2,61,40,66,147,9,262,90,0,90,352
06/26/2005,CAK,OH,AGL,CE,Combined TRACON& Tower with Radar,33,51,93,0,177,0,12,42,4,58,33,63,135,4,235,13,0,13,248
06/27/2005,CAK,OH,AGL,CE,Combined TRACON& Tower with Radar,43,71,132,1,247,0,2,48,3,53,43,73,180,4,300,91,0,91,391
06/28/2005,CAK,OH,AGL,CE,Combined TRACON& Tower with Radar,44,84,110,0,238,0,2,33,0,35,44,86,143,0,273,32,0,32,305
06/29/2005,CAK,OH,AGL,CE,Combined TRACON& Tower with Radar,43,75,81,2,201,0,1,23,1,25,43,76,104,3,226,43,14,57,283
06/30/2005,CAK,OH,AGL,CE,Combined TRACON& Tower with Radar,42,59,119,0,220,0,0,35,2,37,42,59,154,2,257,49,10,59,316
07/01/2005,CAK,OH,AGL,CE,Combined TRACON& Tower with Radar,42,76,113,0,231,0,2,50,0,52,42,78,163,0,283,48,0,48,331
07/02/2005,CAK,OH,AGL,CE,Combined TRACON& Tower with Radar,44,54,87,0,185,0,4,64,1,69,44,58,151,1,254,80,0,80,334
07/03/2005,CAK,OH,AGL,CE,Combined TRACON& Tower with Radar,39,49,83,0,171,0,2,69,0,71,39,51,152,0,242,65,0,65,307
07/04/2005,CAK,OH,AGL,CE,Combined TRACON& Tower with Radar,43,60,43,0,146,0,0,32,0,32,43,60,75,0,178,59,0,59,237
07/05/2005,CAK,OH,AGL,CE,Combined TRACON& Tower with Radar,41,69,58,4,172,0,0,8,0,8,41,69,66,4,180,13,0,13,193
07/06/2005,CAK,OH,AGL,CE,Combined TRACON& Tower with Radar,46,72,106,4,228,0,4,31,2,37,46,76,137,6,265,46,24,70,335
07/07/2005,CAK,OH,AGL,CE,Combined TRACON& Tower with Radar,47,72,85,0,204,0,0,20,3,23,47,72,105,3,227,71,0,71,298
07/08/2005,CAK,OH,AGL,CE,Combined TRACON& Tower with Radar,44,89,130,3,266,1,3,78,7,89,45,92,208,10,355,78,4,82,437
07/09/2005,CAK,OH,AGL,CE,Combined TRACON& Tower with Radar,46,52,95,1,194,0,1,67,2,70,46,53,162,3,264,120,4,124,388
07/10/2005,CAK,OH,AGL,CE,Combined TRACON& Tower with Radar,42,53,99,0,194,0,0,65,0,65,42,53,164,0,259,69,0,69,328
07/11/2005,CAK,OH,AGL,CE,Combined TRACON& Tower with Radar,44,65,122,0,231,0,2,73,1,76,44,67,195,1,307,57,2,59,366
07/12/2005,CAK,OH,AGL,CE,Combined TRACON& Tower with Radar,41,64,96,0,201,0,0,29,0,29,41,64,125,0,230,28,0,28,258
07/13/2005,CAK,OH,AGL,CE,Combined TRACON& Tower with Radar,41,72,76,1,190,0,2,33,4,39,41,74,109,5,229,49,0,49,278
07/14/2005,CAK,OH,AGL,CE,Combined TRACON& Tower with Radar,43,72,117,0,232,0,2,21,0,23,43,74,138,0,255,74,0,74,329
07/15/2005,CAK,OH,AGL,CE,Combined TRACON& Tower with Radar,37,80,88,0,205,0,2,28,2,32,37,82,116,2,237,55,4,59,296
07/16/2005,CAK,OH,AGL,CE,Combined TRACON& Tower with Radar,41,54,66,1,162,0,0,28,0,28,41,54,94,1,190,21,0,21,211
07/17/2005,CAK,OH,AGL,CE,Combined TRACON& Tower with Radar,41,52,98,0,191,1,1,12,1,15,42,53,110,1,206,12,0,12,218
07/18/2005,CAK,OH,AGL,CE,Combined TRACON& Tower with Radar,42,57,90,2,191,0,1,14,0,15,42,58,104,2,206,20,0,20,226
07/19/2005,CAK,OH,AGL,CE,Combined TRACON& Tower with Radar,44,62,135,0,241,0,1,58,0,59,44,63,193,0,300,91,0,91,391
07/20/2005,CAK,OH,AGL,CE,Combined TRACON& Tower with Radar,48,69,147,0,264,0,4,55,4,63,48,73,202,4,327,116,4,120,447
07/21/2005,CAK,OH,AGL,CE,Combined TRACON& Tower with Radar,45,70,108,0,223,0,3,67,1,71,45,73,175,1,294,101,0,101,395
07/22/2005,CAK,OH,AGL,CE,Combined TRACON& Tower with Radar,43,75,76,2,196,0,0,53,2,55,43,75,129,4,251,13,0,13,264
07/23/2005,CAK,OH,AGL,CE,Combined TRACON& Tower with Radar,42,52,132,2,228,0,9,124,0,133,42,61,256,2,361,50,0,50,411
07/24/2005,CAK,OH,AGL,CE,Combined TRACON& Tower with Radar,37,54,103,1,195,0,2,34,0,36,37,56,137,1,231,28,0,28,259
07/25/2005,CAK,OH,AGL,CE,Combined TRACON& Tower with Radar,45,86,88,2,221,1,0,21,2,24,46,86,109,4,245,26,24,50,295
07/26/2005,CAK,OH,AGL,CE,Combined TRACON& Tower with Radar,48,78,107,3,236,0,2,40,6,48,48,80,147,9,284,14,0,14,298
07/27/2005,CAK,OH,AGL,CE,Combined TRACON& Tower with Radar,42,91,107,2,242,1,0,13,3,17,43,91,120,5,259,60,16,76,335
07/28/2005,CAK,OH,AGL,CE,Combined TRACON& Tower with Radar,41,79,109,0,229,0,2,78,11,91,41,81,187,11,320,40,0,40,360
07/29/2005,CAK,OH,AGL,CE,Combined TRACON& Tower with Radar,44,72,145,2,263,0,1,94,6,101,44,73,239,8,364,64,0,64,428
07/30/2005,CAK,OH,AGL,CE,Combined TRACON& Tower with Radar,43,54,118,0,215,0,1,100,4,105,43,55,218,4,320,47,0,47,367
07/31/2005,CAK,OH,AGL,CE,Combined TRACON& Tower with Radar,38,46,111,2,197,0,1,87,1,89,38,47,198,3,286,96,0,96,382
08/01/2005,CAK,OH,AGL,CE,Combined TRACON& Tower with Radar,44,52,118,0,214,0,2,66,0,68,44,54,184,0,282,52,2,54,336
08/02/2005,CAK,OH,AGL,CE,Combined TRACON& Tower with Radar,41,74,150,3,268,0,3,82,4,89,41,77,232,7,357,145,0,145,502
08/03/2005,CAK,OH,AGL,CE,Combined TRACON& Tower with Radar,46,72,140,0,258,0,10,74,5,89,46,82,214,5,347,103,0,103,450
08/04/2005,CAK,OH,AGL,CE,Combined TRACON& Tower with Radar,46,75,169,1,291,0,2,48,7,57,46,77,217,8,348,22,0,22,370
08/05/2005,CAK,OH,AGL,CE,Combined TRACON& Tower with Radar,49,86,82,2,219,0,1,15,0,16,49,87,97,2,235,15,0,15,250
08/06/2005,CAK,OH,AGL,CE,Combined TRACON& Tower with Radar,50,75,167,4,296,0,7,71,9,87,50,82,238,13,383,84,26,110,493
08/07/2005,CAK,OH,AGL,CE,Combined TRACON& Tower with Radar,47,76,165,10,298,0,1,67,1,69,47,77,232,11,367,88,0,88,455
08/08/2005,CAK,OH,AGL,CE,Combined TRACON& Tower with Radar,49,61,153,8,271,0,0,35,3,38,49,61,188,11,309,75,0,75,384
08/09/2005,CAK,OH,AGL,CE,Combined TRACON& Tower with Radar,48,83,115,4,250,0,3,54,5,62,48,86,169,9,312,95,0,95,407
08/10/2005,CAK,OH,AGL,CE,Combined TRACON& Tower with Radar,41,66,68,3,178,0,1,37,8,46,41,67,105,11,224,62,0,62,286
08/11/2005,CAK,OH,AGL,CE,Combined TRACON& Tower with Radar,46,73,101,3,223,0,1,33,10,44,46,74,134,13,267,22,0,22,289
08/12/2005,CAK,OH,AGL,CE,Combined TRACON& Tower with Radar,37,61,101,3,202,0,0,44,7,51,37,61,145,10,253,10,0,10,263
08/13/2005,CAK,OH,AGL,CE,Combined TRACON& Tower with Radar,43,53,56,0,152,0,2,29,4,35,43,55,85,4,187,23,0,23,210
08/14/2005,CAK,OH,AGL,CE,Combined TRACON& Tower with Radar,40,56,77,0,173,0,0,24,0,24,40,56,101,0,197,29,0,29,226
08/15/2005,CAK,OH,AGL,CE,Combined TRACON& Tower with Radar,44,87,125,0,256,0,1,50,1,52,44,88,175,1,308,35,0,35,343
08/16/2005,CAK,OH,AGL,CE,Combined TRACON& Tower with Radar,45,88,163,2,298,0,3,88,6,97,45,91,251,8,395,41,0,41,436
08/17/2005,CAK,OH,AGL,CE,Combined TRACON& Tower with Radar,46,76,151,0,273,0,4,97,4,105,46,80,248,4,378,59,0,59,437
08/18/2005,CAK,OH,AGL,CE,Combined TRACON& Tower with Radar,34,49,143,0,226,0,5,67,2,74,34,54,210,2,300,74,10,84,384
08/19/2005,CAK,OH,AGL,CE,Combined TRACON& Tower with Radar,47,86,128,0,261,0,0,25,4,29,47,86,153,4,290,86,0,86,376
08/20/2005,CAK,OH,AGL,CE,Combined TRACON& Tower with Radar,45,53,54,0,152,0,2,30,0,32,45,55,84,0,184,41,0,41,225
08/21/2005,CAK,OH,AGL,CE,Combined TRACON& Tower with Radar,43,94,101,0,238,0,4,42,0,46,43,98,143,0,284,76,0,76,360
08/22/2005,CAK,OH,AGL,CE,Combined TRACON& Tower with Radar,44,66,78,0,188,0,1,47,7,55,44,67,125,7,243,30,0,30,273
08/23/2005,CAK,OH,AGL,CE,Combined TRACON& Tower with Radar,43,71,110,3,227,0,0,53,4,57,43,71,163,7,284,83,10,93,377
08/24/2005,CAK,OH,AGL,CE,Combined TRACON& Tower with Radar,46,70,146,4,266,0,3,82,1,86,46,73,228,5,352,23,0,23,375
08/25/2005,CAK,OH,AGL,CE,Combined TRACON& Tower with Radar,40,83,104,0,227,0,3,98,11,112,40,86,202,11,339,130,0,130,469
08/26/2005,CAK,OH,AGL,CE,Combined TRACON& Tower with Radar,37,60,128,1,226,0,2,45,3,50,37,62,173,4,276,84,0,84,360
08/27/2005,CAK,OH,AGL,CE,Combined TRACON& Tower with Radar,44,59,23,0,126,0,0,1,0,1,44,59,24,0,127,19,0,19,146
08/28/2005,CAK,OH,AGL,CE,Combined TRACON& Tower with Radar,41,54,137,0,232,0,1,112,1,114,41,55,249,1,346,110,0,110,456
08/29/2005,CAK,OH,AGL,CE,Combined TRACON& Tower with Radar,43,63,116,1,223,0,2,47,0,49,43,65,163,1,272,19,0,19,291
08/30/2005,CAK,OH,AGL,CE,Combined TRACON& Tower with Radar,47,84,65,1,197,0,0,2,0,2,47,84,67,1,199,18,0,18,217
08/31/2005,CAK,OH,AGL,CE,Combined TRACON& Tower with Radar,43,89,76,1,209,0,0,6,0,6,43,89,82,1,215,18,0,18,233
09/01/2005,CAK,OH,AGL,CE,Combined TRACON& Tower with Radar,46,76,157,6,285,0,4,91,0,95,46,80,248,6,380,50,11,61,441
09/02/2005,CAK,OH,AGL,CE,Combined TRACON& Tower with Radar,45,88,112,0,245,0,6,69,4,79,45,94,181,4,324,84,0,84,408
09/03/2005,CAK,OH,AGL,CE,Combined TRACON& Tower with Radar,44,50,95,0,189,0,1,81,2,84,44,51,176,2,273,47,0,47,320
09/04/2005,CAK,OH,AGL,CE,Combined TRACON& Tower with Radar,39,47,56,1,143,0,0,53,1,54,39,47,109,2,197,56,0,56,253
09/05/2005,CAK,OH,AGL,CE,Combined TRACON& Tower with Radar,48,56,100,0,204,0,0,58,1,59,48,56,158,1,263,25,0,25,288
09/06/2005,CAK,OH,AGL,CE,Combined TRACON& Tower with Radar,45,63,127,0,235,0,0,64,3,67,45,63,191,3,302,31,0,31,333
09/07/2005,CAK,OH,AGL,CE,Combined TRACON& Tower with Radar,46,74,103,3,226,0,2,49,5,56,46,76,152,8,282,51,0,51,333
09/08/2005,CAK,OH,AGL,CE,Combined TRACON& Tower with Radar,44,77,112,0,233,0,2,47,5,54,44,79,159,5,287,103,0,103,390
09/09/2005,CAK,OH,AGL,CE,Combined TRACON& Tower with Radar,44,84,113,0,241,0,0,54,0,54,44,84,167,0,295,43,0,43,338
09/10/2005,CAK,OH,AGL,CE,Combined TRACON& Tower with Radar,47,45,120,0,212,0,2,92,8,102,47,47,212,8,314,47,0,47,361
09/11/2005,CAK,OH,AGL,CE,Combined TRACON& Tower with Radar,44,56,104,0,204,0,0,111,5,116,44,56,215,5,320,82,0,82,402
09/12/2005,CAK,OH,AGL,CE,Combined TRACON& Tower with Radar,45,70,128,0,243,0,1,59,0,60,45,71,187,0,303,75,0,75,378
09/13/2005,CAK,OH,AGL,CE,Combined TRACON& Tower with Radar,45,66,122,1,234,0,4,52,3,59,45,70,174,4,293,49,0,49,342
09/14/2005,CAK,OH,AGL,CE,Combined TRACON& Tower with Radar,42,77,126,0,245,0,1,39,0,40,42,78,165,0,285,36,0,36,321
09/15/2005,CAK,OH,AGL,CE,Combined TRACON& Tower with Radar,46,70,102,0,218,0,0,27,7,34,46,70,129,7,252,11,0,11,263
09/16/2005,CAK,OH,AGL,CE,Combined TRACON& Tower with Radar,44,78,90,0,212,0,5,18,4,27,44,83,108,4,239,22,0,22,261
09/17/2005,CAK,OH,AGL,CE,Combined TRACON& Tower with Radar,48,49,75,0,172,0,0,15,0,15,48,49,90,0,187,43,0,43,230
09/18/2005,CAK,OH,AGL,CE,Combined TRACON& Tower with Radar,46,52,115,0,213,3,0,60,1,64,49,52,175,1,277,16,0,16,293
09/19/2005,CAK,OH,AGL,CE,Combined TRACON& Tower with Radar,49,71,119,2,241,0,0,47,1,48,49,71,166,3,289,31,4,35,324
09/20/2005,CAK,OH,AGL,CE,Combined TRACON& Tower with Radar,43,85,136,11,275,0,6,61,8,75,43,91,197,19,350,112,0,112,462
09/21/2005,CAK,OH,AGL,CE,Combined TRACON& Tower with Radar,47,69,148,2,266,0,1,66,4,71,47,70,214,6,337,83,0,83,420
09/22/2005,CAK,OH,AGL,CE,Combined TRACON& Tower with Radar,45,70,128,0,243,0,2,40,3,45,45,72,168,3,288,71,0,71,359
09/23/2005,CAK,OH,AGL,CE,Combined TRACON& Tower with Radar,51,86,108,2,247,0,0,23,0,23,51,86,131,2,270,24,0,24,294
09/24/2005,CAK,OH,AGL,CE,Combined TRACON& Tower with Radar,47,51,75,0,173,0,1,60,0,61,47,52,135,0,234,117,0,117,351
09/25/2005,CAK,OH,AGL,CE,Combined TRACON& Tower with Radar,45,57,82,0,184,0,1,52,1,54,45,58,134,1,238,81,0,81,319
09/26/2005,CAK,OH,AGL,CE,Combined TRACON& Tower with Radar,48,65,82,2,197,0,4,7,1,12,48,69,89,3,209,50,0,50,259
09/27/2005,CAK,OH,AGL,CE,Combined TRACON& Tower with Radar,46,73,153,0,272,0,1,101,15,117,46,74,254,15,389,146,0,146,535
09/28/2005,CAK,OH,AGL,CE,Combined TRACON& Tower with Radar,45,71,171,5,292,0,0,75,8,83,45,71,246,13,375,157,10,167,542
09/29/2005,CAK,OH,AGL,CE,Combined TRACON& Tower with Radar,43,82,82,2,209,0,0,27,9,36,43,82,109,11,245,93,0,93,338
09/30/2005,CAK,OH,AGL,CE,Combined TRACON& Tower with Radar,46,68,163,2,279,1,1,95,12,109,47,69,258,14,388,34,0,34,422
10/01/2005,CAK,OH,AGL,CE,Combined TRACON& Tower with Radar,45,46,146,0,237,0,3,130,1,134,45,49,276,1,371,90,0,90,461
10/02/2005,CAK,OH,AGL,CE,Combined TRACON& Tower with Radar,46,52,114,0,212,0,0,83,1,84,46,52,197,1,296,53,0,53,349
10/03/2005,CAK,OH,AGL,CE,Combined TRACON& Tower with Radar,56,66,94,2,218,0,0,70,4,74,56,66,164,6,292,136,0,136,428
10/04/2005,CAK,OH,AGL,CE,Combined TRACON& Tower with Radar,49,85,140,11,285,0,1,72,8,81,49,86,212,19,366,109,4,113,479
10/05/2005,CAK,OH,AGL,CE,Combined TRACON& Tower with Radar,46,67,142,0,255,0,1,64,4,69,46,68,206,4,324,33,0,33,357
10/06/2005,CAK,OH,AGL,CE,Combined TRACON& Tower with Radar,43,78,87,0,208,0,1,29,7,37,43,79,116,7,245,50,0,50,295
10/07/2005,CAK,OH,AGL,CE,Combined TRACON& Tower with Radar,50,87,84,6,227,0,0,0,0,0,50,87,84,6,227,45,0,45,272
10/08/2005,CAK,OH,AGL,CE,Combined TRACON& Tower with Radar,54,53,54,2,163,0,0,0,0,0,54,53,54,2,163,14,0,14,177
10/09/2005,CAK,OH,AGL,CE,Combined TRACON& Tower with Radar,47,58,67,2,174,0,0,8,0,8,47,58,75,2,182,23,0,23,205
10/10/2005,CAK,OH,AGL,CE,Combined TRACON& Tower with Radar,46,65,89,0,200,0,2,11,1,14,46,67,100,1,214,14,4,18,232
10/11/2005,CAK,OH,AGL,CE,Combined TRACON& Tower with Radar,50,73,210,2,335,0,0,13,2,15,50,73,223,4,350,81,0,81,431
10/12/2005,CAK,OH,AGL,CE,Combined TRACON& Tower with Radar,45,73,166,3,287,0,0,21,2,23,45,73,187,5,310,101,2,103,413
10/13/2005,CAK,OH,AGL,CE,Combined TRACON& Tower with Radar,46,76,158,0,280,0,1,21,6,28,46,77,179,6,308,103,0,103,411
10/14/2005,CAK,OH,AGL,CE,Combined TRACON& Tower with Radar,47,64,100,3,214,0,4,52,3,59,47,68,152,6,273,54,0,54,327
10/15/2005,CAK,OH,AGL,CE,Combined TRACON& Tower with Radar,46,56,95,0,197,0,3,47,13,63,46,59,142,13,260,25,0,25,285
10/16/2005,CAK,OH,AGL,CE,Combined TRACON& Tower with Radar,45,48,98,3,194,0,0,39,7,46,45,48,137,10,240,95,0,95,335
10/17/2005,CAK,OH,AGL,CE,Combined TRACON& Tower with Radar,42,68,139,1,250,0,0,25,4,29,42,68,164,5,279,55,0,55,334
10/18/2005,CAK,OH,AGL,CE,Combined TRACON& Tower with Radar,47,68,103,3,221,0,3,41,2,46,47,71,144,5,267,74,0,74,341
10/19/2005,CAK,OH,AGL,CE,Combined TRACON& Tower with Radar,43,84,125,0,252,0,3,37,3,43,43,87,162,3,295,27,0,27,322
10/20/2005,CAK,OH,AGL,CE,Combined TRACON& Tower with Radar,48,71,122,0,241,0,1,44,7,52,48,72,166,7,293,89,0,89,382
10/21/2005,CAK,OH,AGL,CE,Combined TRACON& Tower with Radar,44,77,90,0,211,0,1,19,1,21,44,78,109,1,232,48,0,48,280
10/22/2005,CAK,OH,AGL,CE,Combined TRACON& Tower with Radar,44,53,27,1,125,0,0,3,0,3,44,53,30,1,128,29,0,29,157
10/23/2005,CAK,OH,AGL,CE,Combined TRACON& Tower with Radar,46,46,85,1,178,0,0,41,0,41,46,46,126,1,219,59,0,59,278
10/24/2005,CAK,OH,AGL,CE,Combined TRACON& Tower with Radar,50,59,51,1,161,0,0,0,0,0,50,59,51,1,161,29,0,29,190
10/25/2005,CAK,OH,AGL,CE,Combined TRACON& Tower with Radar,40,71,62,0,173,0,0,7,0,7,40,71,69,0,180,13,0,13,193
10/26/2005,CAK,OH,AGL,CE,Combined TRACON& Tower with Radar,44,77,119,0,240,0,2,24,3,29,44,79,143,3,269,28,0,28,297
10/27/2005,CAK,OH,AGL,CE,Combined TRACON& Tower with Radar,43,70,149,3,265,0,0,46,8,54,43,70,195,11,319,46,0,46,365
10/28/2005,CAK,OH,AGL,CE,Combined TRACON& Tower with Radar,46,74,100,1,221,0,0,39,1,40,46,74,139,2,261,27,0,27,288
10/29/2005,CAK,OH,AGL,CE,Combined TRACON& Tower with Radar,45,46,123,0,214,0,3,86,0,89,45,49,209,0,303,32,0,32,335
10/30/2005,CAK,OH,AGL,CE,Combined TRACON& Tower with Radar,39,50,83,0,172,0,1,80,0,81,39,51,163,0,253,118,0,118,371
10/31/2005,CAK,OH,AGL,CE,Combined TRACON& Tower with Radar,59,61,133,1,254,0,2,43,2,47,59,63,176,3,301,124,0,124,425
11/01/2005,CAK,OH,AGL,CE,Combined TRACON& Tower with Radar,52,68,92,2,214,0,3,9,2,14,52,71,101,4,228,51,8,59,287
11/02/2005,CAK,OH,AGL,CE,Combined TRACON& Tower with Radar,49,73,94,2,218,0,7,44,4,55,49,80,138,6,273,53,0,53,326
11/03/2005,CAK,OH,AGL,CE,Combined TRACON& Tower with Radar,48,66,94,2,210,0,2,47,7,56,48,68,141,9,266,40,0,40,306
11/04/2005,CAK,OH,AGL,CE,Combined TRACON& Tower with Radar,51,64,109,0,224,0,0,44,5,49,51,64,153,5,273,100,0,100,373
11/05/2005,CAK,OH,AGL,CE,Combined TRACON& Tower with Radar,54,53,80,0,187,0,1,42,5,48,54,54,122,5,235,36,0,36,271
11/06/2005,CAK,OH,AGL,CE,Combined TRACON& Tower with Radar,46,56,22,0,124,0,0,7,0,7,46,56,29,0,131,4,0,4,135
11/07/2005,CAK,OH,AGL,CE,Combined TRACON& Tower with Radar,51,65,119,0,235,0,0,65,0,65,51,65,184,0,300,46,0,46,346
11/08/2005,CAK,OH,AGL,CE,Combined TRACON& Tower with Radar,42,65,79,1,187,0,0,23,0,23,42,65,102,1,210,68,0,68,278
11/09/2005,CAK,OH,AGL,CE,Combined TRACON& Tower with Radar,47,69,54,1,171,0,1,5,1,7,47,70,59,2,178,12,0,12,190
11/10/2005,CAK,OH,AGL,CE,Combined TRACON& Tower with Radar,46,73,73,2,194,1,1,34,4,40,47,74,107,6,234,28,4,32,266
11/11/2005,CAK,OH,AGL,CE,Combined TRACON& Tower with Radar,48,75,92,0,215,0,3,105,0,108,48,78,197,0,323,42,0,42,365
11/12/2005,CAK,OH,AGL,CE,Combined TRACON& Tower with Radar,42,48,79,0,169,0,1,88,2,91,42,49,167,2,260,58,0,58,318
11/13/2005,CAK,OH,AGL,CE,Combined TRACON& Tower with Radar,42,47,44,0,133,0,0,5,0,5,42,47,49,0,138,8,0,8,146
11/14/2005,CAK,OH,AGL,CE,Combined TRACON& Tower with Radar,48,68,87,4,207,0,0,67,2,69,48,68,154,6,276,15,0,15,291
11/15/2005,CAK,OH,AGL,CE,Combined TRACON& Tower with Radar,43,67,34,0,144,0,0,5,0,5,43,67,39,0,149,12,0,12,161
11/16/2005,CAK,OH,AGL,CE,Combined TRACON& Tower with Radar,44,69,35,0,148,0,0,8,0,8,44,69,43,0,156,31,0,31,187
11/17/2005,CAK,OH,AGL,CE,Combined TRACON& Tower with Radar,49,72,86,2,209,0,0,11,4,15,49,72,97,6,224,16,0,16,240
11/18/2005,CAK,OH,AGL,CE,Combined TRACON& Tower with Radar,41,66,133,0,240,0,3,52,5,60,41,69,185,5,300,66,16,82,382
11/19/2005,CAK,OH,AGL,CE,Combined TRACON& Tower with Radar,47,52,121,0,220,0,4,70,1,75,47,56,191,1,295,91,0,91,386
11/20/2005,CAK,OH,AGL,CE,Combined TRACON& Tower with Radar,47,48,127,0,222,0,2,68,1,71,47,50,195,1,293,188,0,188,481
11/21/2005,CAK,OH,AGL,CE,Combined TRACON& Tower with Radar,47,52,103,0,202,0,0,56,1,57,47,52,159,1,259,100,0,100,359
11/22/2005,CAK,OH,AGL,CE,Combined TRACON& Tower with Radar,46,70,48,0,164,0,0,2,0,2,46,70,50,0,166,46,0,46,212
11/23/2005,CAK,OH,AGL,CE,Combined TRACON& Tower with Radar,42,67,70,2,181,0,1,22,4,27,42,68,92,6,208,20,4,24,232
11/24/2005,CAK,OH,AGL,CE,Combined TRACON& Tower with Radar,41,54,5,0,100,1,0,0,0,1,42,54,5,0,101,12,0,12,113
11/25/2005,CAK,OH,AGL,CE,Combined TRACON& Tower with Radar,43,58,64,0,165,0,0,52,0,52,43,58,116,0,217,45,0,45,262
11/26/2005,CAK,OH,AGL,CE,Combined TRACON& Tower with Radar,43,57,95,0,195,0,6,42,1,49,43,63,137,1,244,27,0,27,271
11/27/2005,CAK,OH,AGL,CE,Combined TRACON& Tower with Radar,44,58,76,0,178,0,0,59,0,59,44,58,135,0,237,101,0,101,338
11/28/2005,CAK,OH,AGL,CE,Combined TRACON& Tower with Radar,45,64,64,0,173,0,1,17,2,20,45,65,81,2,193,8,0,8,201
11/29/2005,CAK,OH,AGL,CE,Combined TRACON& Tower with Radar,48,72,69,0,189,0,0,19,5,24,48,72,88,5,213,28,0,28,241
11/30/2005,CAK,OH,AGL,CE,Combined TRACON& Tower with Radar,44,76,80,1,201,0,0,14,2,16,44,76,94,3,217,21,0,21,238
12/01/2005,CAK,OH,AGL,CE,Combined TRACON& Tower with Radar,34,71,81,2,188,0,0,24,1,25,34,71,105,3,213,25,0,25,238
12/02/2005,CAK,OH,AGL,CE,Combined TRACON& Tower with Radar,34,73,78,0,185,0,0,11,0,11,34,73,89,0,196,11,0,11,207
12/03/2005,CAK,OH,AGL,CE,Combined TRACON& Tower with Radar,34,58,110,0,202,0,7,77,2,86,34,65,187,2,288,77,0,77,365
12/04/2005,CAK,OH,AGL,CE,Combined TRACON& Tower with Radar,33,64,26,0,123,0,0,3,0,3,33,64,29,0,126,9,0,9,135
12/05/2005,CAK,OH,AGL,CE,Combined TRACON& Tower with Radar,34,67,52,0,153,0,0,8,5,13,34,67,60,5,166,13,0,13,179
12/06/2005,CAK,OH,AGL,CE,Combined TRACON& Tower with Radar,33,81,107,5,226,0,0,37,4,41,33,81,144,9,267,79,0,79,346
12/07/2005,CAK,OH,AGL,CE,Combined TRACON& Tower with Radar,30,72,95,0,197,0,1,30,0,31,30,73,125,0,228,23,0,23,251
12/08/2005,CAK,OH,AGL,CE,Combined TRACON& Tower with Radar,32,69,91,0,192,0,2,36,8,46,32,71,127,8,238,41,0,41,279
12/09/2005,CAK,OH,AGL,CE,Combined TRACON& Tower with Radar,31,75,41,1,148,0,0,5,2,7,31,75,46,3,155,12,0,12,167
12/10/2005,CAK,OH,AGL,CE,Combined TRACON& Tower with Radar,36,51,74,1,162,0,0,34,9,43,36,51,108,10,205,26,6,32,237
12/11/2005,CAK,OH,AGL,CE,Combined TRACON& Tower with Radar,32,63,19,0,114,0,1,3,0,4,32,64,22,0,118,8,0,8,126
12/12/2005,CAK,OH,AGL,CE,Combined TRACON& Tower with Radar,34,72,75,0,181,0,1,16,4,21,34,73,91,4,202,17,0,17,219
12/13/2005,CAK,OH,AGL,CE,Combined TRACON& Tower with Radar,33,68,115,0,216,0,1,43,6,50,33,69,158,6,266,59,0,59,325
12/14/2005,CAK,OH,AGL,CE,Combined TRACON& Tower with Radar,30,59,83,0,172,0,0,27,2,29,30,59,110,2,201,58,0,58,259
12/15/2005,CAK,OH,AGL,CE,Combined TRACON& Tower with Radar,39,52,29,0,120,0,1,3,0,4,39,53,32,0,124,7,0,7,131
12/16/2005,CAK,OH,AGL,CE,Combined TRACON& Tower with Radar,37,68,57,0,162,0,0,13,0,13,37,68,70,0,175,13,0,13,188
12/17/2005,CAK,OH,AGL,CE,Combined TRACON& Tower with Radar,38,56,106,0,200,0,5,83,0,88,38,61,189,0,288,74,0,74,362
12/18/2005,CAK,OH,AGL,CE,Combined TRACON& Tower with Radar,38,58,86,0,182,0,0,53,2,55,38,58,139,2,237,17,0,17,254
12/19/2005,CAK,OH,AGL,CE,Combined TRACON& Tower with Radar,40,70,66,0,176,0,4,18,0,22,40,74,84,0,198,50,0,50,248
12/20/2005,CAK,OH,AGL,CE,Combined TRACON& Tower with Radar,37,61,82,3,183,0,2,10,1,13,37,63,92,4,196,12,0,12,208
12/21/2005,CAK,OH,AGL,CE,Combined TRACON& Tower with Radar,35,71,100,3,209,0,0,7,4,11,35,71,107,7,220,79,30,109,329
12/22/2005,CAK,OH,AGL,CE,Combined TRACON& Tower with Radar,37,72,76,0,185,0,1,14,0,15,37,73,90,0,200,6,0,6,206
12/23/2005,CAK,OH,AGL,CE,Combined TRACON& Tower with Radar,40,63,93,0,196,0,1,31,2,34,40,64,124,2,230,65,0,65,295
12/24/2005,CAK,OH,AGL,CE,Combined TRACON& Tower with Radar,37,45,65,0,147,0,0,36,0,36,37,45,101,0,183,47,0,47,230
12/25/2005,CAK,OH,AGL,CE,Combined TRACON& Tower with Radar,35,34,6,0,75,0,1,1,0,2,35,35,7,0,77,6,0,6,83
12/26/2005,CAK,OH,AGL,CE,Combined TRACON& Tower with Radar,41,60,28,0,129,0,0,0,0,0,41,60,28,0,129,0,0,0,129
12/27/2005,CAK,OH,AGL,CE,Combined TRACON& Tower with Radar,41,66,65,0,172,0,0,25,2,27,41,66,90,2,199,71,0,71,270
12/28/2005,CAK,OH,AGL,CE,Combined TRACON& Tower with Radar,37,66,50,0,153,0,0,18,0,18,37,66,68,0,171,16,0,16,187
12/29/2005,CAK,OH,AGL,CE,Combined TRACON& Tower with Radar,43,74,21,0,138,0,0,6,2,8,43,74,27,2,146,13,26,39,185
12/30/2005,CAK,OH,AGL,CE,Combined TRACON& Tower with Radar,38,61,54,2,155,0,0,18,5,23,38,61,72,7,178,40,0,40,218
12/31/2005,CAK,OH,AGL,CE,Combined TRACON& Tower with Radar,39,42,11,0,92,0,0,0,0,0,39,42,11,0,92,0,0,0,92
01/01/2006,CAK,OH,AGL,CE,Combined TRACON& Tower with Radar,37,47,72,0,156,0,0,22,0,22,37,47,94,0,178,67,0,67,245
01/02/2006,CAK,OH,AGL,CE,Combined TRACON& Tower with Radar,36,46,65,0,147,0,0,0,0,0,36,46,65,0,147,12,0,12,159
01/03/2006,CAK,OH,AGL,CE,Combined TRACON& Tower with Radar,40,69,63,4,176,0,0,1,0,1,40,69,64,4,177,19,0,19,196
01/04/2006,CAK,OH,AGL,CE,Combined TRACON& Tower with Radar,33,69,91,0,193,0,0,2,0,2,33,69,93,0,195,61,0,61,256
01/05/2006,CAK,OH,AGL,CE,Combined TRACON& Tower with Radar,37,75,25,0,137,0,0,1,0,1,37,75,26,0,138,9,0,9,147
01/06/2006,CAK,OH,AGL,CE,Combined TRACON& Tower with Radar,38,74,93,6,211,0,1,20,0,21,38,75,113,6,232,27,14,41,273
01/07/2006,CAK,OH,AGL,CE,Combined TRACON& Tower with Radar,35,50,44,10,139,0,4,14,6,24,35,54,58,16,163,24,18,42,205
01/08/2006,CAK,OH,AGL,CE,Combined TRACON& Tower with Radar,37,52,88,0,177,0,2,50,9,61,37,54,138,9,238,19,0,19,257
01/09/2006,CAK,OH,AGL,CE,Combined TRACON& Tower with Radar,37,58,51,4,150,0,0,8,1,9,37,58,59,5,159,51,0,51,210
01/10/2006,CAK,OH,AGL,CE,Combined TRACON& Tower with Radar,35,49,126,4,214,0,5,53,6,64,35,54,179,10,278,9,0,9,287
01/11/2006,CAK,OH,AGL,CE,Combined TRACON& Tower with Radar,36,57,92,0,185,0,1,6,0,7,36,58,98,0,192,18,18,36,228
01/12/2006,CAK,OH,AGL,CE,Combined TRACON& Tower with Radar,39,57,176,12,284,0,1,76,9,86,39,58,252,21,370,37,2,39,409
01/13/2006,CAK,OH,AGL,CE,Combined TRACON& Tower with Radar,41,63,92,3,199,0,0,38,0,38,41,63,130,3,237,64,0,64,301
01/14/2006,CAK,OH,AGL,CE,Combined TRACON& Tower with Radar,39,43,10,1,93,0,0,2,1,3,39,43,12,2,96,12,0,12,108
01/15/2006,CAK,OH,AGL,CE,Combined TRACON& Tower with Radar,40,53,106,0,199,0,2,49,0,51,40,55,155,0,250,92,0,92,342
01/16/2006,CAK,OH,AGL,CE,Combined TRACON& Tower with Radar,40,59,132,0,231,0,0,37,0,37,40,59,169,0,268,27,0,27,295
01/17/2006,CAK,OH,AGL,CE,Combined TRACON& Tower with Radar,36,68,86,1,191,0,0,8,2,10,36,68,94,3,201,12,0,12,213
01/18/2006,CAK,OH,AGL,CE,Combined TRACON& Tower with Radar,34,63,53,0,150,0,0,5,2,7,34,63,58,2,157,27,0,27,184
01/19/2006,CAK,OH,AGL,CE,Combined TRACON& Tower with Radar,39,66,111,0,216,1,5,71,12,89,40,71,182,12,305,138,14,152,457
01/20/2006,CAK,OH,AGL,CE,Combined TRACON& Tower with Radar,39,50,88,1,178,0,2,35,3,40,39,52,123,4,218,118,0,118,336
01/21/2006,CAK,OH,AGL,CE,Combined TRACON& Tower with Radar,36,59,34,0,129,0,1,7,0,8,36,60,41,0,137,39,0,39,176
01/22/2006,CAK,OH,AGL,CE,Combined TRACON& Tower with Radar,37,45,132,0,214,0,1,61,0,62,37,46,193,0,276,102,0,102,378
01/23/2006,CAK,OH,AGL,CE,Combined TRACON& Tower with Radar,37,59,84,5,185,1,1,51,6,59,38,60,135,11,244,40,0,40,284
01/24/2006,CAK,OH,AGL,CE,Combined TRACON& Tower with Radar,35,54,73,0,162,1,2,14,8,25,36,56,87,8,187,6,0,6,193
01/25/2006,CAK,OH,AGL,CE,Combined TRACON& Tower with Radar,28,48,48,0,124,0,0,5,0,5,28,48,53,0,129,10,0,10,139
01/26/2006,CAK,OH,AGL,CE,Combined TRACON& Tower with Radar,38,65,157,0,260,2,2,64,13,81,40,67,221,13,341,112,12,124,465
01/27/2006,CAK,OH,AGL,CE,Combined TRACON& Tower with Radar,47,60,128,7,242,0,0,43,11,54,47,60,171,18,296,127,0,127,423
01/28/2006,CAK,OH,AGL,CE,Combined TRACON& Tower with Radar,48,56,151,0,255,0,3,41,2,46,48,59,192,2,301,125,0,125,426
01/29/2006,CAK,OH,AGL,CE,Combined TRACON& Tower with Radar,33,33,38,0,104,0,2,63,4,69,33,35,101,4,173,42,0,42,215
01/30/2006,CAK,OH,AGL,CE,Combined TRACON& Tower with Radar,31,59,78,0,168,0,0,25,0,25,31,59,103,0,193,18,0,18,211
01/31/2006,CAK,OH,AGL,CE,Combined TRACON& Tower with Radar,38,57,60,6,161,0,0,10,7,17,38,57,70,13,178,21,0,21,199
02/01/2006,CAK,OH,AGL,CE,Combined TRACON& Tower with Radar,39,59,111,2,211,0,0,51,7,58,39,59,162,9,269,53,0,53,322
02/02/2006,CAK,OH,AGL,CE,Combined TRACON& Tower with Radar,44,55,160,0,259,0,0,52,4,56,44,55,212,4,315,137,0,137,452
02/03/2006,CAK,OH,AGL,CE,Combined TRACON& Tower with Radar,61,13,39,0,113,0,0,5,4,9,61,13,44,4,122,26,0,26,148
02/04/2006,CAK,OH,AGL,CE,Combined TRACON& Tower with Radar,65,19,19,0,103,0,0,0,8,8,65,19,19,8,111,14,0,14,125
02/05/2006,CAK,OH,AGL,CE,Combined TRACON& Tower with Radar,68,24,43,0,135,0,0,0,0,0,68,24,43,0,135,3,0,3,138
02/06/2006,CAK,OH,AGL,CE,Combined TRACON& Tower with Radar,70,22,63,3,158,0,0,21,3,24,70,22,84,6,182,44,0,44,226
02/07/2006,CAK,OH,AGL,CE,Combined TRACON& Tower with Radar,67,24,76,2,169,0,0,5,2,7,67,24,81,4,176,45,32,77,253
02/08/2006,CAK,OH,AGL,CE,Combined TRACON& Tower with Radar,63,31,99,3,196,0,0,8,4,12,63,31,107,7,208,19,0,19,227
02/09/2006,CAK,OH,AGL,CE,Combined TRACON& Tower with Radar,74,34,90,3,201,0,2,38,6,46,74,36,128,9,247,81,0,81,328
02/10/2006,CAK,OH,AGL,CE,Combined TRACON& Tower with Radar,71,28,115,0,214,1,9,44,2,56,72,37,159,2,270,53,0,53,323
02/11/2006,CAK,OH,AGL,CE,Combined TRACON& Tower with Radar,74,31,131,0,236,0,0,10,0,10,74,31,141,0,246,79,0,79,325
02/12/2006,CAK,OH,AGL,CE,Combined TRACON& Tower with Radar,69,21,56,0,146,0,5,72,0,77,69,26,128,0,223,5,0,5,228
02/13/2006,CAK,OH,AGL,CE,Combined TRACON& Tower with Radar,67,22,37,1,127,0,0,18,0,18,67,22,55,1,145,21,0,21,166
02/14/2006,CAK,OH,AGL,CE,Combined TRACON& Tower with Radar,73,34,129,1,237,0,1,48,5,54,73,35,177,6,291,117,1,118,409
02/15/2006,CAK,OH,AGL,CE,Combined TRACON& Tower with Radar,69,27,99,1,196,0,6,45,5,56,69,33,144,6,252,110,20,130,382
02/16/2006,CAK,OH,AGL,CE,Combined TRACON& Tower with Radar,71,32,40,0,143,0,1,6,0,7,71,33,46,0,150,14,0,14,164
02/17/2006,CAK,OH,AGL,CE,Combined TRACON& Tower with Radar,74,25,85,0,184,0,0,10,2,12,74,25,95,2,196,9,0,9,205
02/18/2006,CAK,OH,AGL,CE,Combined TRACON& Tower with Radar,69,24,68,2,163,0,0,1,0,1,69,24,69,2,164,63,0,63,227
02/19/2006,CAK,OH,AGL,CE,Combined TRACON& Tower with Radar,71,17,118,0,206,0,2,48,1,51,71,19,166,1,257,146,0,146,403
02/20/2006,CAK,OH,AGL,CE,Combined TRACON& Tower with Radar,79,24,107,0,210,0,0,66,0,66,79,24,173,0,276,77,0,77,353
02/21/2006,CAK,OH,AGL,CE,Combined TRACON& Tower with Radar,72,37,103,3,215,0,2,34,6,42,72,39,137,9,257,107,0,107,364
02/22/2006,CAK,OH,AGL,CE,Combined TRACON& Tower with Radar,69,23,174,15,281,0,7,55,4,66,69,30,229,19,347,178,26,204,551
02/23/2006,CAK,OH,AGL,CE,Combined TRACON& Tower with Radar,71,25,83,4,183,1,1,31,12,45,72,26,114,16,228,39,40,79,307
02/24/2006,CAK,OH,AGL,CE,Combined TRACON& Tower with Radar,75,19,96,0,190,0,5,80,4,89,75,24,176,4,279,18,0,18,297
02/25/2006,CAK,OH,AGL,CE,Combined TRACON& Tower with Radar,71,16,20,0,107,0,2,12,0,14,71,18,32,0,121,13,0,13,134
02/26/2006,CAK,OH,AGL,CE,Combined TRACON& Tower with Radar,71,16,67,4,158,0,0,37,1,38,71,16,104,5,196,42,8,50,246
02/27/2006,CAK,OH,AGL,CE,Combined TRACON& Tower with Radar,79,31,40,0,150,0,0,2,0,2,79,31,42,0,152,8,0,8,160
02/28/2006,CAK,OH,AGL,CE,Combined TRACON& Tower with Radar,70,29,84,4,187,0,0,35,11,46,70,29,119,15,233,75,2,77,310
03/01/2006,CAK,OH,AGL,CE,Combined TRACON& Tower with Radar,70,31,123,0,224,0,0,72,2,74,70,31,195,2,298,88,22,110,408
03/02/2006,CAK,OH,AGL,CE,Combined TRACON& Tower with Radar,71,28,58,0,157,0,0,2,4,6,71,28,60,4,163,10,30,40,203
03/03/2006,CAK,OH,AGL,CE,Combined TRACON& Tower with Radar,78,21,76,1,176,0,3,19,7,29,78,24,95,8,205,10,2,12,217
03/04/2006,CAK,OH,AGL,CE,Combined TRACON& Tower with Radar,77,17,130,6,230,0,5,116,10,131,77,22,246,16,361,170,0,170,531
03/05/2006,CAK,OH,AGL,CE,Combined TRACON& Tower with Radar,71,17,154,5,247,0,9,73,12,94,71,26,227,17,341,150,10,160,501
03/06/2006,CAK,OH,AGL,CE,Combined TRACON& Tower with Radar,76,22,79,0,177,0,1,36,0,37,76,23,115,0,214,25,0,25,239
03/07/2006,CAK,OH,AGL,CE,Combined TRACON& Tower with Radar,69,24,134,3,230,0,0,79,4,83,69,24,213,7,313,69,0,69,382
03/08/2006,CAK,OH,AGL,CE,Combined TRACON& Tower with Radar,73,25,113,2,213,0,7,28,4,39,73,32,141,6,252,79,16,95,347
03/09/2006,CAK,OH,AGL,CE,Combined TRACON& Tower with Radar,74,27,86,29,216,0,2,38,4,44,74,29,124,33,260,14,0,14,274
03/10/2006,CAK,OH,AGL,CE,Combined TRACON& Tower with Radar,74,31,58,0,163,0,1,18,1,20,74,32,76,1,183,30,0,30,213
03/11/2006,CAK,OH,AGL,CE,Combined TRACON& Tower with Radar,74,24,75,0,173,0,2,29,0,31,74,26,104,0,204,65,0,65,269
03/12/2006,CAK,OH,AGL,CE,Combined TRACON& Tower with Radar,81,21,75,0,177,0,0,14,0,14,81,21,89,0,191,85,0,85,276
03/13/2006,CAK,OH,AGL,CE,Combined TRACON& Tower with Radar,77,31,34,0,142,0,0,4,0,4,77,31,38,0,146,9,0,9,155
03/14/2006,CAK,OH,AGL,CE,Combined TRACON& Tower with Radar,69,31,66,0,166,0,0,11,4,15,69,31,77,4,181,14,4,18,199
03/15/2006,CAK,OH,AGL,CE,Combined TRACON& Tower with Radar,73,23,91,3,190,0,2,23,4,29,73,25,114,7,219,33,0,33,252
03/16/2006,CAK,OH,AGL,CE,Combined TRACON& Tower with Radar,78,28,151,3,260,0,3,57,3,63,78,31,208,6,323,67,0,67,390
03/17/2006,CAK,OH,AGL,CE,Combined TRACON& Tower with Radar,78,21,107,0,206,0,2,57,3,62,78,23,164,3,268,130,0,130,398
03/18/2006,CAK,OH,AGL,CE,Combined TRACON& Tower with Radar,72,21,58,0,151,0,4,56,2,62,72,25,114,2,213,39,0,39,252
03/19/2006,CAK,OH,AGL,CE,Combined TRACON& Tower with Radar,77,17,114,0,208,0,0,74,0,74,77,17,188,0,282,103,2,105,387
03/20/2006,CAK,OH,AGL,CE,Combined TRACON& Tower with Radar,75,25,74,3,177,0,0,31,4,35,75,25,105,7,212,77,0,77,289
03/21/2006,CAK,OH,AGL,CE,Combined TRACON& Tower with Radar,70,33,97,3,203,0,1,22,10,33,70,34,119,13,236,91,2,93,329
03/22/2006,CAK,OH,AGL,CE,Combined TRACON& Tower with Radar,77,26,98,0,201,0,5,22,3,30,77,31,120,3,231,30,0,30,261
03/23/2006,CAK,OH,AGL,CE,Combined TRACON& Tower with Radar,74,31,121,0,226,0,1,0,6,7,74,32,121,6,233,190,2,192,425
03/24/2006,CAK,OH,AGL,CE,Combined TRACON& Tower with Radar,82,30,57,4,173,0,0,10,4,14,82,30,67,8,187,15,0,15,202
03/25/2006,CAK,OH,AGL,CE,Combined TRACON& Tower with Radar,71,18,17,0,106,0,0,2,0,2,71,18,19,0,108,11,0,11,119
03/26/2006,CAK,OH,AGL,CE,Combined TRACON& Tower with Radar,73,15,56,0,144,0,0,25,0,25,73,15,81,0,169,10,0,10,179
03/27/2006,CAK,OH,AGL,CE,Combined TRACON& Tower with Radar,79,29,161,0,269,0,1,87,0,88,79,30,248,0,357,160,0,160,517
03/28/2006,CAK,OH,AGL,CE,Combined TRACON& Tower with Radar,69,29,82,2,182,0,3,7,5,15,69,32,89,7,197,80,18,98,295
03/29/2006,CAK,OH,AGL,CE,Combined TRACON& Tower with Radar,73,36,145,4,258,0,2,74,4,80,73,38,219,8,338,154,8,162,500
03/30/2006,CAK,OH,AGL,CE,Combined TRACON& Tower with Radar,75,26,119,5,225,0,1,76,9,86,75,27,195,14,311,151,20,171,482
03/31/2006,CAK,OH,AGL,CE,Combined TRACON& Tower with Radar,76,22,62,0,160,0,1,17,0,18,76,23,79,0,178,11,0,11,189
04/01/2006,CAK,OH,AGL,CE,Combined TRACON& Tower with Radar,76,20,82,1,179,0,0,14,2,16,76,20,96,3,195,55,0,55,250
04/02/2006,CAK,OH,AGL,CE,Combined TRACON& Tower with Radar,79,19,93,0,191,0,0,31,2,33,79,19,124,2,224,47,0,47,271
04/03/2006,CAK,OH,AGL,CE,Combined TRACON& Tower with Radar,82,27,58,0,167,0,0,15,0,15,82,27,73,0,182,50,0,50,232
04/04/2006,CAK,OH,AGL,CE,Combined TRACON& Tower with Radar,67,23,107,14,211,0,1,18,1,20,67,24,125,15,231,63,10,73,304
04/05/2006,CAK,OH,AGL,CE,Combined TRACON& Tower with Radar,73,28,107,0,208,0,3,19,3,25,73,31,126,3,233,94,4,98,331
04/06/2006,CAK,OH,AGL,CE,Combined TRACON& Tower with Radar,72,31,126,0,229,0,1,59,6,66,72,32,185,6,295,36,16,52,347
04/07/2006,CAK,OH,AGL,CE,Combined TRACON& Tower with Radar,75,27,42,0,144,0,0,6,0,6,75,27,48,0,150,9,0,9,159
04/08/2006,CAK,OH,AGL,CE,Combined TRACON& Tower with Radar,72,14,76,0,162,0,8,43,1,52,72,22,119,1,214,106,0,106,320
04/09/2006,CAK,OH,AGL,CE,Combined TRACON& Tower with Radar,72,11,130,0,213,0,4,94,2,100,72,15,224,2,313,160,0,160,473
04/10/2006,CAK,OH,AGL,CE,Combined TRACON& Tower with Radar,78,27,173,0,278,0,3,87,0,90,78,30,260,0,368,195,0,195,563
04/11/2006,CAK,OH,AGL,CE,Combined TRACON& Tower with Radar,66,35,142,5,248,0,0,68,8,76,66,35,210,13,324,72,0,72,396
04/12/2006,CAK,OH,AGL,CE,Combined TRACON& Tower with Radar,75,28,84,0,187,0,1,27,6,34,75,29,111,6,221,27,0,27,248
04/13/2006,CAK,OH,AGL,CE,Combined TRACON& Tower with Radar,72,29,155,3,259,0,3,53,9,65,72,32,208,12,324,72,4,76,400
04/14/2006,CAK,OH,AGL,CE,Combined TRACON& Tower with Radar,77,35,77,0,189,0,4,13,0,17,77,39,90,0,206,119,0,119,325
04/15/2006,CAK,OH,AGL,CE,Combined TRACON& Tower with Radar,72,12,129,0,213,0,4,74,0,78,72,16,203,0,291,160,0,160,451
04/16/2006,CAK,OH,AGL,CE,Combined TRACON& Tower with Radar,71,17,56,0,144,0,1,21,0,22,71,18,77,0,166,16,0,16,182
04/17/2006,CAK,OH,AGL,CE,Combined TRACON& Tower with Radar,73,26,107,0,206,0,2,47,2,51,73,28,154,2,257,112,0,112,369
04/18/2006,CAK,OH,AGL,CE,Combined TRACON& Tower with Radar,69,23,132,1,225,0,6,87,8,101,69,29,219,9,326,52,0,52,378
04/19/2006,CAK,OH,AGL,CE,Combined TRACON& Tower with Radar,69,31,147,0,247,0,8,119,2,129,69,39,266,2,376,145,0,145,521
04/20/2006,CAK,OH,AGL,CE,Combined TRACON& Tower with Radar,75,23,148,4,250,0,2,87,8,97,75,25,235,12,347,111,0,111,458
04/21/2006,CAK,OH,AGL,CE,Combined TRACON& Tower with Radar,77,28,81,0,186,0,0,46,2,48,77,28,127,2,234,53,0,53,287
04/22/2006,CAK,OH,AGL,CE,Combined TRACON& Tower with Radar,72,16,76,0,164,0,0,33,0,33,72,16,109,0,197,31,0,31,228
04/23/2006,CAK,OH,AGL,CE,Combined TRACON& Tower with Radar,72,16,76,0,164,0,0,21,0,21,72,16,97,0,185,31,0,31,216
04/24/2006,CAK,OH,AGL,CE,Combined TRACON& Tower with Radar,74,27,132,0,233,0,7,44,0,51,74,34,176,0,284,80,0,80,364
04/25/2006,CAK,OH,AGL,CE,Combined TRACON& Tower with Radar,66,24,75,0,165,0,0,12,5,17,66,24,87,5,182,26,0,26,208
04/26/2006,CAK,OH,AGL,CE,Combined TRACON& Tower with Radar,69,37,125,2,233,0,1,72,4,77,69,38,197,6,310,140,0,140,450
04/27/2006,CAK,OH,AGL,CE,Combined TRACON& Tower with Radar,74,40,107,2,223,0,8,58,9,75,74,48,165,11,298,94,6,100,398
04/28/2006,CAK,OH,AGL,CE,Combined TRACON& Tower with Radar,74,36,165,0,275,0,3,85,4,92,74,39,250,4,367,139,2,141,508
04/29/2006,CAK,OH,AGL,CE,Combined TRACON& Tower with Radar,68,11,128,0,207,0,5,84,2,91,68,16,212,2,298,94,0,94,392
04/30/2006,CAK,OH,AGL,CE,Combined TRACON& Tower with Radar,60,13,112,0,185,0,0,51,2,53,60,13,163,2,238,113,0,113,351
05/01/2006,CAK,OH,AGL,CE,Combined TRACON& Tower with Radar,70,35,137,0,242,0,2,57,6,65,70,37,194,6,307,32,0,32,339
05/02/2006,CAK,OH,AGL,CE,Combined TRACON& Tower with Radar,69,27,84,0,180,0,0,26,14,40,69,27,110,14,220,49,0,49,269
05/03/2006,CAK,OH,AGL,CE,Combined TRACON& Tower with Radar,79,22,103,8,212,0,3,23,4,30,79,25,126,12,242,83,14,97,339
05/04/2006,CAK,OH,AGL,CE,Combined TRACON& Tower with Radar,76,24,80,15,195,0,3,14,7,24,76,27,94,22,219,9,0,9,228
05/05/2006,CAK,OH,AGL,CE,Combined TRACON& Tower with Radar,81,27,119,2,229,0,4,72,11,87,81,31,191,13,316,100,0,100,416
05/06/2006,CAK,OH,AGL,CE,Combined TRACON& Tower with Radar,72,8,76,0,156,0,0,47,8,55,72,8,123,8,211,20,0,20,231
05/07/2006,CAK,OH,AGL,CE,Combined TRACON& Tower with Radar,74,11,126,1,212,0,0,0,0,0,74,11,126,1,212,70,0,70,282
05/08/2006,CAK,OH,AGL,CE,Combined TRACON& Tower with Radar,77,21,96,0,194,0,2,40,0,42,77,23,136,0,236,23,0,23,259
05/09/2006,CAK,OH,AGL,CE,Combined TRACON& Tower with Radar,73,32,180,5,290,0,2,74,9,85,73,34,254,14,375,182,0,182,557
05/10/2006,CAK,OH,AGL,CE,Combined TRACON& Tower with Radar,71,21,133,11,236,0,0,45,9,54,71,21,178,20,290,83,20,103,393
05/11/2006,CAK,OH,AGL,CE,Combined TRACON& Tower with Radar,69,18,52,1,140,0,0,4,2,6,69,18,56,3,146,6,0,6,152
05/12/2006,CAK,OH,AGL,CE,Combined TRACON& Tower with Radar,78,20,77,3,178,0,0,0,6,6,78,20,77,9,184,30,0,30,214
05/13/2006,CAK,OH,AGL,CE,Combined TRACON& Tower with Radar,68,7,51,0,126,0,1,14,1,16,68,8,65,1,142,45,0,45,187
05/14/2006,CAK,OH,AGL,CE,Combined TRACON& Tower with Radar,73,14,57,0,144,0,1,15,0,16,73,15,72,0,160,11,0,11,171
05/15/2006,CAK,OH,AGL,CE,Combined TRACON& Tower with Radar,75,18,43,1,137,0,0,4,0,4,75,18,47,1,141,67,0,67,208
05/16/2006,CAK,OH,AGL,CE,Combined TRACON& Tower with Radar,72,32,107,5,216,0,0,5,7,12,72,32,112,12,228,93,0,93,321
05/17/2006,CAK,OH,AGL,CE,Combined TRACON& Tower with Radar,67,21,113,3,204,0,0,19,0,19,67,21,132,3,223,39,0,39,262
05/18/2006,CAK,OH,AGL,CE,Combined TRACON& Tower with Radar,70,27,72,4,173,0,1,19,9,29,70,28,91,13,202,31,0,31,233
05/19/2006,CAK,OH,AGL,CE,Combined TRACON& Tower with Radar,75,26,97,1,199,0,0,5,3,8,75,26,102,4,207,38,0,38,245
05/20/2006,CAK,OH,AGL,CE,Combined TRACON& Tower with Radar,69,14,127,1,211,0,4,49,2,55,69,18,176,3,266,47,0,47,313
05/21/2006,CAK,OH,AGL,CE,Combined TRACON& Tower with Radar,72,24,86,2,184,0,1,34,1,36,72,25,120,3,220,19,0,19,239
05/22/2006,CAK,OH,AGL,CE,Combined TRACON& Tower with Radar,73,12,93,1,179,1,3,46,0,50,74,15,139,1,229,43,0,43,272
05/23/2006,CAK,OH,AGL,CE,Combined TRACON& Tower with Radar,67,21,166,0,254,3,6,40,1,50,70,27,206,1,304,134,0,134,438
05/24/2006,CAK,OH,AGL,CE,Combined TRACON& Tower with Radar,73,26,198,9,306,0,4,9,2,15,73,30,207,11,321,43,2,45,366
05/25/2006,CAK,OH,AGL,CE,Combined TRACON& Tower with Radar,70,38,125,3,236,0,1,11,7,19,70,39,136,10,255,22,0,22,277
05/26/2006,CAK,OH,AGL,CE,Combined TRACON& Tower with Radar,71,29,77,0,177,0,0,0,0,0,71,29,77,0,177,16,0,16,193
05/27/2006,CAK,OH,AGL,CE,Combined TRACON& Tower with Radar,64,22,115,0,201,0,0,55,0,55,64,22,170,0,256,54,0,54,310
05/28/2006,CAK,OH,AGL,CE,Combined TRACON& Tower with Radar,65,11,96,0,172,0,2,43,0,45,65,13,139,0,217,59,0,59,276
05/29/2006,CAK,OH,AGL,CE,Combined TRACON& Tower with Radar,72,19,99,4,194,0,0,30,2,32,72,19,129,6,226,79,0,79,305
05/30/2006,CAK,OH,AGL,CE,Combined TRACON& Tower with Radar,69,21,58,0,148,0,2,16,3,21,69,23,74,3,169,127,0,127,296
05/31/2006,CAK,OH,AGL,CE,Combined TRACON& Tower with Radar,74,30,94,0,198,0,0,17,6,23,74,30,111,6,221,54,0,54,275
06/01/2006,CAK,OH,AGL,CE,Combined TRACON& Tower with Radar,60,29,93,5,187,0,0,9,10,19,60,29,102,15,206,42,0,42,248
06/02/2006,CAK,OH,AGL,CE,Combined TRACON& Tower with Radar,56,21,61,6,144,0,2,2,0,4,56,23,63,6,148,17,0,17,165
06/03/2006,CAK,OH,AGL,CE,Combined TRACON& Tower with Radar,63,19,89,0,171,0,0,16,2,18,63,19,105,2,189,31,0,31,220
06/04/2006,CAK,OH,AGL,CE,Combined TRACON& Tower with Radar,61,15,65,3,144,0,0,9,0,9,61,15,74,3,153,13,4,17,170
06/05/2006,CAK,OH,AGL,CE,Combined TRACON& Tower with Radar,76,32,148,1,257,0,0,17,1,18,76,32,165,2,275,34,1,35,310
06/06/2006,CAK,OH,AGL,CE,Combined TRACON& Tower with Radar,65,30,146,2,243,0,3,71,3,77,65,33,217,5,320,45,0,45,365
06/07/2006,CAK,OH,AGL,CE,Combined TRACON& Tower with Radar,62,35,115,2,214,0,0,28,8,36,62,35,143,10,250,67,0,67,317
06/08/2006,CAK,OH,AGL,CE,Combined TRACON& Tower with Radar,68,34,142,2,246,0,1,37,2,40,68,35,179,4,286,46,0,46,332
06/09/2006,CAK,OH,AGL,CE,Combined TRACON& Tower with Radar,67,28,125,0,220,0,1,50,0,51,67,29,175,0,271,72,0,72,343
06/10/2006,CAK,OH,AGL,CE,Combined TRACON& Tower with Radar,65,26,82,0,173,0,8,52,1,61,65,34,134,1,234,50,0,50,284
06/11/2006,CAK,OH,AGL,CE,Combined TRACON& Tower with Radar,62,14,113,0,189,0,1,56,1,58,62,15,169,1,247,44,0,44,291
06/12/2006,CAK,OH,AGL,CE,Combined TRACON& Tower with Radar,63,28,120,8,219,0,0,26,8,34,63,28,146,16,253,23,0,23,276
06/13/2006,CAK,OH,AGL,CE,Combined TRACON& Tower with Radar,54,31,122,0,207,0,2,36,6,44,54,33,158,6,251,46,0,46,297
06/14/2006,CAK,OH,AGL,CE,Combined TRACON& Tower with Radar,69,35,91,2,197,0,5,69,1,75,69,40,160,3,272,40,0,40,312
06/15/2006,CAK,OH,AGL,CE,Combined TRACON& Tower with Radar,72,29,137,0,238,0,1,64,9,74,72,30,201,9,312,57,0,57,369
06/16/2006,CAK,OH,AGL,CE,Combined TRACON& Tower with Radar,68,37,137,5,247,1,2,62,2,67,69,39,199,7,314,113,0,113,427
06/17/2006,CAK,OH,AGL,CE,Combined TRACON& Tower with Radar,65,17,77,5,164,0,1,39,7,47,65,18,116,12,211,6,0,6,217
06/18/2006,CAK,OH,AGL,CE,Combined TRACON& Tower with Radar,63,24,56,1,144,0,1,22,1,24,63,25,78,2,168,91,0,91,259
06/19/2006,CAK,OH,AGL,CE,Combined TRACON& Tower with Radar,67,36,72,2,177,0,0,9,1,10,67,36,81,3,187,19,0,19,206
06/20/2006,CAK,OH,AGL,CE,Combined TRACON& Tower with Radar,67,36,95,4,202,0,1,42,6,49,67,37,137,10,251,54,0,54,305
06/21/2006,CAK,OH,AGL,CE,Combined TRACON& Tower with Radar,65,27,100,2,194,0,0,12,3,15,65,27,112,5,209,57,7,64,273
06/22/2006,CAK,OH,AGL,CE,Combined TRACON& Tower with Radar,68,32,112,0,212,0,0,7,4,11,68,32,119,4,223,64,0,64,287
06/23/2006,CAK,OH,AGL,CE,Combined TRACON& Tower with Radar,69,32,110,0,211,0,2,7,1,10,69,34,117,1,221,70,10,80,301
06/24/2006,CAK,OH,AGL,CE,Combined TRACON& Tower with Radar,64,22,92,0,178,0,6,69,3,78,64,28,161,3,256,87,0,87,343
06/25/2006,CAK,OH,AGL,CE,Combined TRACON& Tower with Radar,65,23,87,1,176,0,1,67,2,70,65,24,154,3,246,53,0,53,299
06/26/2006,CAK,OH,AGL,CE,Combined TRACON& Tower with Radar,66,32,86,2,186,0,0,8,0,8,66,32,94,2,194,15,0,15,209
06/27/2006,CAK,OH,AGL,CE,Combined TRACON& Tower with Radar,68,31,77,2,178,0,0,13,4,17,68,31,90,6,195,13,0,13,208
06/28/2006,CAK,OH,AGL,CE,Combined TRACON& Tower with Radar,62,33,95,0,190,0,0,8,3,11,62,33,103,3,201,3,12,15,216
06/29/2006,CAK,OH,AGL,CE,Combined TRACON& Tower with Radar,71,30,129,6,236,0,0,56,4,60,71,30,185,10,296,193,0,193,489
06/30/2006,CAK,OH,AGL,CE,Combined TRACON& Tower with Radar,64,35,108,1,208,0,3,58,1,62,64,38,166,2,270,42,0,42,312
07/01/2006,CAK,OH,AGL,CE,Combined TRACON& Tower with Radar,65,18,75,3,161,0,1,61,0,62,65,19,136,3,223,34,0,34,257
07/02/2006,CAK,OH,AGL,CE,Combined TRACON& Tower with Radar,67,21,25,0,113,0,0,12,0,12,67,21,37,0,125,9,0,9,134
07/03/2006,CAK,OH,AGL,CE,Combined TRACON& Tower with Radar,58,25,60,0,143,1,0,9,0,10,59,25,69,0,153,116,0,116,269
07/04/2006,CAK,OH,AGL,CE,Combined TRACON& Tower with Radar,61,18,10,0,89,0,0,1,0,1,61,18,11,0,90,9,0,9,99
07/05/2006,CAK,OH,AGL,CE,Combined TRACON& Tower with Radar,65,29,94,1,189,0,1,89,2,92,65,30,183,3,281,120,0,120,401
07/06/2006,CAK,OH,AGL,CE,Combined TRACON& Tower with Radar,77,25,94,0,196,0,2,72,2,76,77,27,166,2,272,52,0,52,324
07/07/2006,CAK,OH,AGL,CE,Combined TRACON& Tower with Radar,69,32,110,5,216,0,1,53,2,56,69,33,163,7,272,104,6,110,382
07/08/2006,CAK,OH,AGL,CE,Combined TRACON& Tower with Radar,65,14,86,9,174,0,1,49,9,59,65,15,135,18,233,19,0,19,252
07/09/2006,CAK,OH,AGL,CE,Combined TRACON& Tower with Radar,66,12,76,0,154,0,0,23,1,24,66,12,99,1,178,13,0,13,191
07/10/2006,CAK,OH,AGL,CE,Combined TRACON& Tower with Radar,68,34,60,0,162,0,0,9,0,9,68,34,69,0,171,33,0,33,204
07/11/2006,CAK,OH,AGL,CE,Combined TRACON& Tower with Radar,69,39,58,0,166,0,0,10,0,10,69,39,68,0,176,56,0,56,232
07/12/2006,CAK,OH,AGL,CE,Combined TRACON& Tower with Radar,68,42,95,2,207,0,0,1,0,1,68,42,96,2,208,26,0,26,234
07/13/2006,CAK,OH,AGL,CE,Combined TRACON& Tower with Radar,68,27,138,4,237,0,3,45,4,52,68,30,183,8,289,77,8,85,374
07/14/2006,CAK,OH,AGL,CE,Combined TRACON& Tower with Radar,69,37,118,0,224,0,1,38,2,41,69,38,156,2,265,46,0,46,311
07/15/2006,CAK,OH,AGL,CE,Combined TRACON& Tower with Radar,67,22,90,0,179,0,0,45,3,48,67,22,135,3,227,65,0,65,292
07/16/2006,CAK,OH,AGL,CE,Combined TRACON& Tower with Radar,62,14,105,2,183,0,2,65,0,67,62,16,170,2,250,122,0,122,372
07/17/2006,CAK,OH,AGL,CE,Combined TRACON& Tower with Radar,69,32,107,0,208,0,3,37,0,40,69,35,144,0,248,110,0,110,358
07/18/2006,CAK,OH,AGL,CE,Combined TRACON& Tower with Radar,65,42,108,4,219,0,2,33,5,40,65,44,141,9,259,123,0,123,382
07/19/2006,CAK,OH,AGL,CE,Combined TRACON& Tower with Radar,68,35,115,4,222,0,6,113,1,120,68,41,228,5,342,92,0,92,434
07/20/2006,CAK,OH,AGL,CE,Combined TRACON& Tower with Radar,65,30,129,1,225,0,4,19,6,29,65,34,148,7,254,29,0,29,283
07/21/2006,CAK,OH,AGL,CE,Combined TRACON& Tower with Radar,64,33,115,4,216,0,2,28,1,31,64,35,143,5,247,41,16,57,304
07/22/2006,CAK,OH,AGL,CE,Combined TRACON& Tower with Radar,63,18,52,10,143,0,2,24,0,26,63,20,76,10,169,22,0,22,191
07/23/2006,CAK,OH,AGL,CE,Combined TRACON& Tower with Radar,68,21,140,6,235,1,5,62,0,68,69,26,202,6,303,112,2,114,417
07/24/2006,CAK,OH,AGL,CE,Combined TRACON& Tower with Radar,67,36,127,0,230,0,2,60,2,64,67,38,187,2,294,137,0,137,431
07/25/2006,CAK,OH,AGL,CE,Combined TRACON& Tower with Radar,66,25,107,11,209,0,0,42,6,48,66,25,149,17,257,61,4,65,322
07/26/2006,CAK,OH,AGL,CE,Combined TRACON& Tower with Radar,66,47,123,0,236,0,6,36,0,42,66,53,159,0,278,72,0,72,350
07/27/2006,CAK,OH,AGL,CE,Combined TRACON& Tower with Radar,62,32,131,2,227,1,1,31,5,38,63,33,162,7,265,35,0,35,300
07/28/2006,CAK,OH,AGL,CE,Combined TRACON& Tower with Radar,66,32,89,2,189,0,3,39,1,43,66,35,128,3,232,89,0,89,321
07/29/2006,CAK,OH,AGL,CE,Combined TRACON& Tower with Radar,64,19,70,0,153,0,20,34,0,54,64,39,104,0,207,99,0,99,306
07/30/2006,CAK,OH,AGL,CE,Combined TRACON& Tower with Radar,70,21,71,0,162,0,4,31,1,36,70,25,102,1,198,95,0,95,293
07/31/2006,CAK,OH,AGL,CE,Combined TRACON& Tower with Radar,68,32,86,2,188,0,0,25,0,25,68,32,111,2,213,75,0,75,288
08/01/2006,CAK,OH,AGL,CE,Combined TRACON& Tower with Radar,63,46,108,12,229,0,2,22,7,31,63,48,130,19,260,38,0,38,298
08/02/2006,CAK,OH,AGL,CE,Combined TRACON& Tower with Radar,70,35,107,0,212,0,0,20,1,21,70,35,127,1,233,30,0,30,263
08/03/2006,CAK,OH,AGL,CE,Combined TRACON& Tower with Radar,69,39,99,2,209,0,4,15,6,25,69,43,114,8,234,47,10,57,291
08/04/2006,CAK,OH,AGL,CE,Combined TRACON& Tower with Radar,73,43,201,9,326,0,2,93,1,96,73,45,294,10,422,93,14,107,529
08/05/2006,CAK,OH,AGL,CE,Combined TRACON& Tower with Radar,69,26,132,12,239,0,3,83,5,91,69,29,215,17,330,66,0,66,396
08/06/2006,CAK,OH,AGL,CE,Combined TRACON& Tower with Radar,69,34,118,3,224,0,7,130,6,143,69,41,248,9,367,115,22,137,504
08/07/2006,CAK,OH,AGL,CE,Combined TRACON& Tower with Radar,71,29,90,5,195,0,0,20,3,23,71,29,110,8,218,91,0,91,309
08/08/2006,CAK,OH,AGL,CE,Combined TRACON& Tower with Radar,67,24,143,10,244,0,0,68,5,73,67,24,211,15,317,117,0,117,434
08/09/2006,CAK,OH,AGL,CE,Combined TRACON& Tower with Radar,67,30,180,2,279,0,3,67,0,70,67,33,247,2,349,126,0,126,475
08/10/2006,CAK,OH,AGL,CE,Combined TRACON& Tower with Radar,66,30,184,1,281,0,2,39,1,42,66,32,223,2,323,152,0,152,475
08/11/2006,CAK,OH,AGL,CE,Combined TRACON& Tower with Radar,74,31,119,9,233,0,3,52,4,59,74,34,171,13,292,126,0,126,418
08/12/2006,CAK,OH,AGL,CE,Combined TRACON& Tower with Radar,64,19,96,2,181,0,4,57,2,63,64,23,153,4,244,139,0,139,383
08/13/2006,CAK,OH,AGL,CE,Combined TRACON& Tower with Radar,67,18,89,0,174,0,2,57,0,59,67,20,146,0,233,35,0,35,268
08/14/2006,CAK,OH,AGL,CE,Combined TRACON& Tower with Radar,69,26,94,0,189,0,0,19,1,20,69,26,113,1,209,8,0,8,217
08/15/2006,CAK,OH,AGL,CE,Combined TRACON& Tower with Radar,64,30,136,5,235,0,2,37,2,41,64,32,173,7,276,53,0,53,329
08/16/2006,CAK,OH,AGL,CE,Combined TRACON& Tower with Radar,69,31,143,2,245,0,1,63,9,73,69,32,206,11,318,53,12,65,383
08/17/2006,CAK,OH,AGL,CE,Combined TRACON& Tower with Radar,67,32,242,7,348,0,1,77,7,85,67,33,319,14,433,146,0,146,579
08/18/2006,CAK,OH,AGL,CE,Combined TRACON& Tower with Radar,69,28,126,1,224,0,2,12,2,16,69,30,138,3,240,37,0,37,277
08/19/2006,CAK,OH,AGL,CE,Combined TRACON& Tower with Radar,65,24,42,0,131,0,0,4,0,4,65,24,46,0,135,14,2,16,151
08/20/2006,CAK,OH,AGL,CE,Combined TRACON& Tower with Radar,65,19,82,8,174,0,0,21,0,21,65,19,103,8,195,64,11,75,270
08/21/2006,CAK,OH,AGL,CE,Combined TRACON& Tower with Radar,67,35,127,6,235,0,1,53,3,57,67,36,180,9,292,74,0,74,366
08/22/2006,CAK,OH,AGL,CE,Combined TRACON& Tower with Radar,65,51,147,9,272,0,2,24,1,27,65,53,171,10,299,140,36,176,475
08/23/2006,CAK,OH,AGL,CE,Combined TRACON& Tower with Radar,70,39,184,12,305,0,1,47,4,52,70,40,231,16,357,98,30,128,485
08/24/2006,CAK,OH,AGL,CE,Combined TRACON& Tower with Radar,64,30,151,3,248,0,0,19,4,23,64,30,170,7,271,108,0,108,379
08/25/2006,CAK,OH,AGL,CE,Combined TRACON& Tower with Radar,69,25,194,2,290,0,0,37,2,39,69,25,231,4,329,80,0,80,409
08/26/2006,CAK,OH,AGL,CE,Combined TRACON& Tower with Radar,66,19,91,0,176,0,0,15,0,15,66,19,106,0,191,36,0,36,227
08/27/2006,CAK,OH,AGL,CE,Combined TRACON& Tower with Radar,64,45,89,0,198,0,0,2,0,2,64,45,91,0,200,6,0,6,206
08/28/2006,CAK,OH,AGL,CE,Combined TRACON& Tower with Radar,66,33,58,0,157,0,0,1,1,2,66,33,59,1,159,54,0,54,213
08/29/2006,CAK,OH,AGL,CE,Combined TRACON& Tower with Radar,61,41,96,1,199,0,1,2,4,7,61,42,98,5,206,59,0,59,265
08/30/2006,CAK,OH,AGL,CE,Combined TRACON& Tower with Radar,67,32,131,7,237,0,1,16,3,20,67,33,147,10,257,81,10,91,348
08/31/2006,CAK,OH,AGL,CE,Combined TRACON& Tower with Radar,67,27,125,8,227,0,1,71,4,76,67,28,196,12,303,45,4,49,352
09/01/2006,CAK,OH,AGL,CE,Combined TRACON& Tower with Radar,65,30,72,9,176,0,1,36,4,41,65,31,108,13,217,40,14,54,271
09/02/2006,CAK,OH,AGL,CE,Combined TRACON& Tower with Radar,61,14,50,0,125,0,0,2,0,2,61,14,52,0,127,16,0,16,143
09/03/2006,CAK,OH,AGL,CE,Combined TRACON& Tower with Radar,60,19,85,0,164,0,0,18,0,18,60,19,103,0,182,59,0,59,241
09/04/2006,CAK,OH,AGL,CE,Combined TRACON& Tower with Radar,62,14,95,0,171,0,1,34,0,35,62,15,129,0,206,130,0,130,336
09/05/2006,CAK,OH,AGL,CE,Combined TRACON& Tower with Radar,62,34,95,0,191,0,1,15,2,18,62,35,110,2,209,30,0,30,239
09/06/2006,CAK,OH,AGL,CE,Combined TRACON& Tower with Radar,58,31,100,13,202,0,0,46,4,50,58,31,146,17,252,39,10,49,301
09/07/2006,CAK,OH,AGL,CE,Combined TRACON& Tower with Radar,61,50,147,4,262,0,3,44,7,54,61,53,191,11,316,40,0,40,356
09/08/2006,CAK,OH,AGL,CE,Combined TRACON& Tower with Radar,65,42,86,4,197,0,6,35,3,44,65,48,121,7,241,61,0,61,302
09/09/2006,CAK,OH,AGL,CE,Combined TRACON& Tower with Radar,65,24,103,1,193,0,2,25,9,36,65,26,128,10,229,21,0,21,250
09/10/2006,CAK,OH,AGL,CE,Combined TRACON& Tower with Radar,59,22,74,3,158,0,1,15,2,18,59,23,89,5,176,25,0,25,201
09/11/2006,CAK,OH,AGL,CE,Combined TRACON& Tower with Radar,61,36,78,0,175,0,0,26,0,26,61,36,104,0,201,72,0,72,273
09/12/2006,CAK,OH,AGL,CE,Combined TRACON& Tower with Radar,60,29,104,0,193,0,0,0,0,0,60,29,104,0,193,16,0,16,209
09/13/2006,CAK,OH,AGL,CE,Combined TRACON& Tower with Radar,59,27,96,0,182,0,0,1,0,1,59,27,97,0,183,35,0,35,218
09/14/2006,CAK,OH,AGL,CE,Combined TRACON& Tower with Radar,56,41,95,0,192,0,1,2,3,6,56,42,97,3,198,15,0,15,213
09/15/2006,CAK,OH,AGL,CE,Combined TRACON& Tower with Radar,58,37,111,4,210,0,0,20,3,23,58,37,131,7,233,11,2,13,246
09/16/2006,CAK,OH,AGL,CE,Combined TRACON& Tower with Radar,63,34,67,1,165,0,0,10,5,15,63,34,77,6,180,8,0,8,188
09/17/2006,CAK,OH,AGL,CE,Combined TRACON& Tower with Radar,61,17,75,0,153,0,0,27,1,28,61,17,102,1,181,151,0,151,332
09/18/2006,CAK,OH,AGL,CE,Combined TRACON& Tower with Radar,65,39,67,0,171,0,0,8,1,9,65,39,75,1,180,17,0,17,197
09/19/2006,CAK,OH,AGL,CE,Combined TRACON& Tower with Radar,60,34,185,4,283,0,1,21,5,27,60,35,206,9,310,69,0,69,379
09/20/2006,CAK,OH,AGL,CE,Combined TRACON& Tower with Radar,59,52,134,11,256,0,1,19,3,23,59,53,153,14,279,42,0,42,321
09/21/2006,CAK,OH,AGL,CE,Combined TRACON& Tower with Radar,58,38,157,4,257,0,4,44,11,59,58,42,201,15,316,184,0,184,500
09/22/2006,CAK,OH,AGL,CE,Combined TRACON& Tower with Radar,62,32,107,0,201,0,1,9,5,15,62,33,116,5,216,94,0,94,310
09/23/2006,CAK,OH,AGL,CE,Combined TRACON& Tower with Radar,62,18,17,0,97,0,0,1,2,3,62,18,18,2,100,8,0,8,108
09/24/2006,CAK,OH,AGL,CE,Combined TRACON& Tower with Radar,61,22,67,0,150,0,0,10,0,10,61,22,77,0,160,56,0,56,216
09/25/2006,CAK,OH,AGL,CE,Combined TRACON& Tower with Radar,63,31,138,2,234,0,1,17,1,19,63,32,155,3,253,132,0,132,385
09/26/2006,CAK,OH,AGL,CE,Combined TRACON& Tower with Radar,63,51,139,6,259,0,2,26,4,32,63,53,165,10,291,130,0,130,421
09/27/2006,CAK,OH,AGL,CE,Combined TRACON& Tower with Radar,60,40,124,0,224,0,1,28,4,33,60,41,152,4,257,81,0,81,338
09/28/2006,CAK,OH,AGL,CE,Combined TRACON& Tower with Radar,59,36,94,2,191,0,9,11,0,20,59,45,105,2,211,41,0,41,252
09/29/2006,CAK,OH,AGL,CE,Combined TRACON& Tower with Radar,64,33,155,0,252,0,0,51,1,52,64,33,206,1,304,51,0,51,355
09/30/2006,CAK,OH,AGL,CE,Combined TRACON& Tower with Radar,59,27,40,0,126,0,0,4,1,5,59,27,44,1,131,6,0,6,137
10/01/2006,CAK,OH,AGL,CE,Combined TRACON& Tower with Radar,61,22,137,0,220,3,5,105,2,115,64,27,242,2,335,160,0,160,495
10/02/2006,CAK,OH,AGL,CE,Combined TRACON& Tower with Radar,62,36,75,0,173,0,0,16,0,16,62,36,91,0,189,54,0,54,243
10/03/2006,CAK,OH,AGL,CE,Combined TRACON& Tower with Radar,61,35,120,1,217,0,0,24,3,27,61,35,144,4,244,129,0,129,373
10/04/2006,CAK,OH,AGL,CE,Combined TRACON& Tower with Radar,65,54,99,3,221,0,2,9,5,16,65,56,108,8,237,30,11,41,278
10/05/2006,CAK,OH,AGL,CE,Combined TRACON& Tower with Radar,61,33,127,2,223,0,0,25,8,33,61,33,152,10,256,125,6,131,387
10/06/2006,CAK,OH,AGL,CE,Combined TRACON& Tower with Radar,61,37,118,1,217,0,4,57,4,65,61,41,175,5,282,52,0,52,334
10/07/2006,CAK,OH,AGL,CE,Combined TRACON& Tower with Radar,67,23,89,0,179,0,1,83,0,84,67,24,172,0,263,68,0,68,331
10/08/2006,CAK,OH,AGL,CE,Combined TRACON& Tower with Radar,64,23,135,0,222,0,2,42,0,44,64,25,177,0,266,133,0,133,399
10/09/2006,CAK,OH,AGL,CE,Combined TRACON& Tower with Radar,61,25,164,0,250,0,2,56,0,58,61,27,220,0,308,198,0,198,506
10/10/2006,CAK,OH,AGL,CE,Combined TRACON& Tower with Radar,63,42,139,2,246,0,1,43,3,47,63,43,182,5,293,127,0,127,420
10/11/2006,CAK,OH,AGL,CE,Combined TRACON& Tower with Radar,60,41,58,1,160,0,0,2,0,2,60,41,60,1,162,14,2,16,178
10/12/2006,CAK,OH,AGL,CE,Combined TRACON& Tower with Radar,56,34,74,0,164,0,0,7,2,9,56,34,81,2,173,8,0,8,181
10/13/2006,CAK,OH,AGL,CE,Combined TRACON& Tower with Radar,62,38,69,2,171,0,1,8,1,10,62,39,77,3,181,36,8,44,225
10/14/2006,CAK,OH,AGL,CE,Combined TRACON& Tower with Radar,62,21,47,0,130,0,1,13,10,24,62,22,60,10,154,24,0,24,178
10/15/2006,CAK,OH,AGL,CE,Combined TRACON& Tower with Radar,63,24,129,0,216,0,2,33,3,38,63,26,162,3,254,60,0,60,314
10/16/2006,CAK,OH,AGL,CE,Combined TRACON& Tower with Radar,59,37,115,0,211,0,1,17,1,19,59,38,132,1,230,75,0,75,305
10/17/2006,CAK,OH,AGL,CE,Combined TRACON& Tower with Radar,60,35,37,2,134,0,0,0,0,0,60,35,37,2,134,9,0,9,143
10/18/2006,CAK,OH,AGL,CE,Combined TRACON& Tower with Radar,60,39,104,2,205,0,1,4,1,6,60,40,108,3,211,63,2,65,276
10/19/2006,CAK,OH,AGL,CE,Combined TRACON& Tower with Radar,60,38,55,0,153,0,0,0,1,1,60,38,55,1,154,17,0,17,171
10/20/2006,CAK,OH,AGL,CE,Combined TRACON& Tower with Radar,57,32,88,1,178,0,1,6,1,8,57,33,94,2,186,64,0,64,250
10/21/2006,CAK,OH,AGL,CE,Combined TRACON& Tower with Radar,64,16,104,0,184,0,0,46,0,46,64,16,150,0,230,72,0,72,302
10/22/2006,CAK,OH,AGL,CE,Combined TRACON& Tower with Radar,60,22,35,0,117,0,0,5,1,6,60,22,40,1,123,17,0,17,140
10/23/2006,CAK,OH,AGL,CE,Combined TRACON& Tower with Radar,62,26,61,0,149,0,0,5,0,5,62,26,66,0,154,11,0,11,165
10/24/2006,CAK,OH,AGL,CE,Combined TRACON& Tower with Radar,60,27,63,4,154,0,0,5,8,13,60,27,68,12,167,37,0,37,204
10/25/2006,CAK,OH,AGL,CE,Combined TRACON& Tower with Radar,60,41,133,2,236,0,0,34,2,36,60,41,167,4,272,126,0,126,398
10/26/2006,CAK,OH,AGL,CE,Combined TRACON& Tower with Radar,56,31,149,0,236,0,1,43,5,49,56,32,192,5,285,82,14,96,381
10/27/2006,CAK,OH,AGL,CE,Combined TRACON& Tower with Radar,57,38,50,2,147,0,2,0,0,2,57,40,50,2,149,9,0,9,158
10/28/2006,CAK,OH,AGL,CE,Combined TRACON& Tower with Radar,60,19,15,0,94,0,0,7,0,7,60,19,22,0,101,6,0,6,107
10/29/2006,CAK,OH,AGL,CE,Combined TRACON& Tower with Radar,64,17,41,2,124,0,1,16,1,18,64,18,57,3,142,7,0,7,149
10/30/2006,CAK,OH,AGL,CE,Combined TRACON& Tower with Radar,63,29,160,8,260,0,0,45,1,46,63,29,205,9,306,163,16,179,485
10/31/2006,CAK,OH,AGL,CE,Combined TRACON& Tower with Radar,61,30,78,2,171,0,0,6,2,8,61,30,84,4,179,46,0,46,225
11/01/2006,CAK,OH,AGL,CE,Combined TRACON& Tower with Radar,64,32,136,0,232,0,1,38,3,42,64,33,174,3,274,82,0,82,356
11/02/2006,CAK,OH,AGL,CE,Combined TRACON& Tower with Radar,60,29,108,0,197,0,2,14,2,18,60,31,122,2,215,46,28,74,289
11/03/2006,CAK,OH,AGL,CE,Combined TRACON& Tower with Radar,66,27,85,1,179,0,1,21,9,31,66,28,106,10,210,54,0,54,264
11/04/2006,CAK,OH,AGL,CE,Combined TRACON& Tower with Radar,67,20,96,0,183,0,1,38,4,43,67,21,134,4,226,105,0,105,331
11/05/2006,CAK,OH,AGL,CE,Combined TRACON& Tower with Radar,60,15,146,2,223,0,0,37,2,39,60,15,183,4,262,154,2,156,418
11/06/2006,CAK,OH,AGL,CE,Combined TRACON& Tower with Radar,65,29,116,0,210,0,1,25,0,26,65,30,141,0,236,145,0,145,381
11/07/2006,CAK,OH,AGL,CE,Combined TRACON& Tower with Radar,62,26,76,3,167,0,0,6,4,10,62,26,82,7,177,27,0,27,204
11/08/2006,CAK,OH,AGL,CE,Combined TRACON& Tower with Radar,57,47,85,4,193,0,1,4,5,10,57,48,89,9,203,23,20,43,246
11/09/2006,CAK,OH,AGL,CE,Combined TRACON& Tower with Radar,65,40,156,1,262,0,1,32,6,39,65,41,188,7,301,0,0,0,301
11/10/2006,CAK,OH,AGL,CE,Combined TRACON& Tower with Radar,64,34,162,0,260,0,1,57,1,59,64,35,219,1,319,98,0,98,417
11/11/2006,CAK,OH,AGL,CE,Combined TRACON& Tower with Radar,64,19,37,0,120,0,0,1,1,2,64,19,38,1,122,21,0,21,143
11/12/2006,CAK,OH,AGL,CE,Combined TRACON& Tower with Radar,58,19,36,1,114,0,0,9,0,9,58,19,45,1,123,33,0,33,156
11/13/2006,CAK,OH,AGL,CE,Combined TRACON& Tower with Radar,60,27,76,0,163,0,0,1,0,1,60,27,77,0,164,64,30,94,258
11/14/2006,CAK,OH,AGL,CE,Combined TRACON& Tower with Radar,59,38,124,2,223,0,0,15,8,23,59,38,139,10,246,102,0,102,348
11/15/2006,CAK,OH,AGL,CE,Combined TRACON& Tower with Radar,57,30,101,5,193,0,3,18,6,27,57,33,119,11,220,45,22,67,287
11/16/2006,CAK,OH,AGL,CE,Combined TRACON& Tower with Radar,57,42,99,5,203,1,4,13,2,20,58,46,112,7,223,101,0,101,324
11/17/2006,CAK,OH,AGL,CE,Combined TRACON& Tower with Radar,64,45,91,4,204,0,0,18,3,21,64,45,109,7,225,60,6,66,291
11/18/2006,CAK,OH,AGL,CE,Combined TRACON& Tower with Radar,61,25,102,1,189,0,0,38,6,44,61,25,140,7,233,43,0,43,276
11/19/2006,CAK,OH,AGL,CE,Combined TRACON& Tower with Radar,60,18,16,0,94,1,1,4,3,9,61,19,20,3,103,4,0,4,107
11/20/2006,CAK,OH,AGL,CE,Combined TRACON& Tower with Radar,60,35,78,0,173,0,0,27,1,28,60,35,105,1,201,38,0,38,239
11/21/2006,CAK,OH,AGL,CE,Combined TRACON& Tower with Radar,59,27,129,2,217,0,1,33,3,37,59,28,162,5,254,75,0,75,329
11/22/2006,CAK,OH,AGL,CE,Combined TRACON& Tower with Radar,58,39,127,3,227,0,1,59,7,67,58,40,186,10,294,118,0,118,412
11/23/2006,CAK,OH,AGL,CE,Combined TRACON& Tower with Radar,52,16,30,0,98,0,0,20,1,21,52,16,50,1,119,42,0,42,161
11/24/2006,CAK,OH,AGL,CE,Combined TRACON& Tower with Radar,49,26,81,0,156,0,0,37,0,37,49,26,118,0,193,51,0,51,244
11/25/2006,CAK,OH,AGL,CE,Combined TRACON& Tower with Radar,61,17,134,0,212,0,1,32,0,33,61,18,166,0,245,94,0,94,339
11/26/2006,CAK,OH,AGL,CE,Combined TRACON& Tower with Radar,63,22,114,0,199,0,1,31,1,33,63,23,145,1,232,74,0,74,306
11/27/2006,CAK,OH,AGL,CE,Combined TRACON& Tower with Radar,64,25,90,7,186,0,1,18,1,20,64,26,108,8,206,110,8,118,324
11/28/2006,CAK,OH,AGL,CE,Combined TRACON& Tower with Radar,63,24,137,7,231,0,1,15,9,25,63,25,152,16,256,124,2,126,382
11/29/2006,CAK,OH,AGL,CE,Combined TRACON& Tower with Radar,62,38,123,5,228,0,0,4,4,8,62,38,127,9,236,136,0,136,372
11/30/2006,CAK,OH,AGL,CE,Combined TRACON& Tower with Radar,62,33,71,0,166,0,0,0,0,0,62,33,71,0,166,30,0,30,196
12/01/2006,CAK,OH,AGL,CE,Combined TRACON& Tower with Radar,47,33,31,0,111,0,1,1,0,2,47,34,32,0,113,16,0,16,129
12/02/2006,CAK,OH,AGL,CE,Combined TRACON& Tower with Radar,59,22,77,1,159,0,2,12,2,16,59,24,89,3,175,54,0,54,229
12/03/2006,CAK,OH,AGL,CE,Combined TRACON& Tower with Radar,65,17,128,0,210,0,0,21,1,22,65,17,149,1,232,161,4,165,397
12/04/2006,CAK,OH,AGL,CE,Combined TRACON& Tower with Radar,60,35,62,0,157,0,1,9,0,10,60,36,71,0,167,19,0,19,186
12/05/2006,CAK,OH,AGL,CE,Combined TRACON& Tower with Radar,64,29,72,3,168,1,1,16,9,27,65,30,88,12,195,65,0,65,260
12/06/2006,CAK,OH,AGL,CE,Combined TRACON& Tower with Radar,62,34,108,1,205,0,1,14,10,25,62,35,122,11,230,97,0,97,327
12/07/2006,CAK,OH,AGL,CE,Combined TRACON& Tower with Radar,52,35,39,2,128,0,3,2,0,5,52,38,41,2,133,8,0,8,141
12/08/2006,CAK,OH,AGL,CE,Combined TRACON& Tower with Radar,62,29,65,0,156,0,0,16,3,19,62,29,81,3,175,19,18,37,212
12/09/2006,CAK,OH,AGL,CE,Combined TRACON& Tower with Radar,58,23,125,4,210,0,2,38,6,46,58,25,163,10,256,111,0,111,367
12/10/2006,CAK,OH,AGL,CE,Combined TRACON& Tower with Radar,64,23,134,0,221,0,0,30,1,31,64,23,164,1,252,29,0,29,281
12/11/2006,CAK,OH,AGL,CE,Combined TRACON& Tower with Radar,61,38,127,3,229,0,1,28,4,33,61,39,155,7,262,109,0,109,371
12/12/2006,CAK,OH,AGL,CE,Combined TRACON& Tower with Radar,60,35,83,5,183,0,1,15,9,25,60,36,98,14,208,54,0,54,262
12/13/2006,CAK,OH,AGL,CE,Combined TRACON& Tower with Radar,59,32,107,4,202,0,1,12,9,22,59,33,119,13,224,20,0,20,244
12/14/2006,CAK,OH,AGL,CE,Combined TRACON& Tower with Radar,58,35,75,1,169,0,2,18,8,28,58,37,93,9,197,7,0,7,204
12/15/2006,CAK,OH,AGL,CE,Combined TRACON& Tower with Radar,57,36,69,0,162,0,1,9,5,15,57,37,78,5,177,25,0,25,202
12/16/2006,CAK,OH,AGL,CE,Combined TRACON& Tower with Radar,61,20,127,0,208,0,4,46,0,50,61,24,173,0,258,74,0,74,332
12/17/2006,CAK,OH,AGL,CE,Combined TRACON& Tower with Radar,62,20,66,1,149,0,0,9,0,9,62,20,75,1,158,71,0,71,229
12/18/2006,CAK,OH,AGL,CE,Combined TRACON& Tower with Radar,59,35,42,0,136,0,1,28,0,29,59,36,70,0,165,19,0,19,184
12/19/2006,CAK,OH,AGL,CE,Combined TRACON& Tower with Radar,57,38,107,0,202,0,1,16,8,25,57,39,123,8,227,19,0,19,246
12/20/2006,CAK,OH,AGL,CE,Combined TRACON& Tower with Radar,57,31,142,0,230,0,2,27,6,35,57,33,169,6,265,54,2,56,321
12/21/2006,CAK,OH,AGL,CE,Combined TRACON& Tower with Radar,55,38,52,2,147,0,0,6,3,9,55,38,58,5,156,13,0,13,169
12/22/2006,CAK,OH,AGL,CE,Combined TRACON& Tower with Radar,52,28,27,3,110,0,0,1,1,2,52,28,28,4,112,5,0,5,117
12/23/2006,CAK,OH,AGL,CE,Combined TRACON& Tower with Radar,61,26,41,0,128,0,1,5,1,7,61,27,46,1,135,25,0,25,160
12/24/2006,CAK,OH,AGL,CE,Combined TRACON& Tower with Radar,54,21,22,0,97,0,0,8,0,8,54,21,30,0,105,38,0,38,143
12/25/2006,CAK,OH,AGL,CE,Combined TRACON& Tower with Radar,52,7,5,0,64,0,1,2,0,3,52,8,7,0,67,3,0,3,70
12/26/2006,CAK,OH,AGL,CE,Combined TRACON& Tower with Radar,56,26,15,2,99,0,0,0,1,1,56,26,15,3,100,4,0,4,104
12/27/2006,CAK,OH,AGL,CE,Combined TRACON& Tower with Radar,59,33,72,0,164,0,0,21,1,22,59,33,93,1,186,100,2,102,288
12/28/2006,CAK,OH,AGL,CE,Combined TRACON& Tower with Radar,60,34,81,1,176,1,0,25,3,29,61,34,106,4,205,20,10,30,235
12/29/2006,CAK,OH,AGL,CE,Combined TRACON& Tower with Radar,58,29,120,0,207,0,5,37,0,42,58,34,157,0,249,100,0,100,349
12/30/2006,CAK,OH,AGL,CE,Combined TRACON& Tower with Radar,60,19,144,0,223,0,0,37,0,37,60,19,181,0,260,57,0,57,317
12/31/2006,CAK,OH,AGL,CE,Combined TRACON& Tower with Radar,54,10,45,0,109,0,0,2,0,2,54,10,47,0,111,90,0,90,201
01/01/2007,CAK,OH,AGL,CE,Combined TRACON& Tower with Radar,48,22,8,0,78,0,0,0,0,0,48,22,8,0,78,3,0,3,81
01/02/2007,CAK,OH,AGL,CE,Combined TRACON& Tower with Radar,61,35,65,0,161,0,0,21,0,21,61,35,86,0,182,27,0,27,209
01/03/2007,CAK,OH,AGL,CE,Combined TRACON& Tower with Radar,60,40,101,3,204,0,1,17,7,25,60,41,118,10,229,99,0,99,328
01/04/2007,CAK,OH,AGL,CE,Combined TRACON& Tower with Radar,58,32,112,11,213,0,2,18,4,24,58,34,130,15,237,85,0,85,322
01/05/2007,CAK,OH,AGL,CE,Combined TRACON& Tower with Radar,53,30,55,2,140,0,0,1,0,1,53,30,56,2,141,6,0,6,147
01/06/2007,CAK,OH,AGL,CE,Combined TRACON& Tower with Radar,60,26,52,0,138,2,3,10,0,15,62,29,62,0,153,31,0,31,184
01/07/2007,CAK,OH,AGL,CE,Combined TRACON& Tower with Radar,56,21,46,0,123,0,0,23,0,23,56,21,69,0,146,34,0,34,180
01/08/2007,CAK,OH,AGL,CE,Combined TRACON& Tower with Radar,58,30,30,0,118,0,1,1,0,2,58,31,31,0,120,7,0,7,127
01/09/2007,CAK,OH,AGL,CE,Combined TRACON& Tower with Radar,54,33,44,3,134,0,4,9,4,17,54,37,53,7,151,6,0,6,157
01/10/2007,CAK,OH,AGL,CE,Combined TRACON& Tower with Radar,59,35,101,3,198,0,8,27,5,40,59,43,128,8,238,48,0,48,286
01/11/2007,CAK,OH,AGL,CE,Combined TRACON& Tower with Radar,55,35,87,5,182,0,4,13,5,22,55,39,100,10,204,41,0,41,245
01/12/2007,CAK,OH,AGL,CE,Combined TRACON& Tower with Radar,56,39,68,0,163,0,0,6,0,6,56,39,74,0,169,11,0,11,180
01/13/2007,CAK,OH,AGL,CE,Combined TRACON& Tower with Radar,59,31,21,0,111,0,0,0,0,0,59,31,21,0,111,13,0,13,124
01/14/2007,CAK,OH,AGL,CE,Combined TRACON& Tower with Radar,54,22,17,0,93,0,0,1,0,1,54,22,18,0,94,3,0,3,97
01/15/2007,CAK,OH,AGL,CE,Combined TRACON& Tower with Radar,53,32,33,0,118,0,0,2,0,2,53,32,35,0,120,4,0,4,124
01/16/2007,CAK,OH,AGL,CE,Combined TRACON& Tower with Radar,55,40,40,0,135,0,0,7,0,7,55,40,47,0,142,9,0,9,151
01/17/2007,CAK,OH,AGL,CE,Combined TRACON& Tower with Radar,56,36,117,2,211,1,0,32,3,36,57,36,149,5,247,91,0,91,338
01/18/2007,CAK,OH,AGL,CE,Combined TRACON& Tower with Radar,54,35,107,2,198,0,0,13,7,20,54,35,120,9,218,48,0,48,266
01/19/2007,CAK,OH,AGL,CE,Combined TRACON& Tower with Radar,56,31,69,0,156,0,0,4,0,4,56,31,73,0,160,9,0,9,169
01/20/2007,CAK,OH,AGL,CE,Combined TRACON& Tower with Radar,57,28,48,3,136,0,0,14,2,16,57,28,62,5,152,8,0,8,160
01/21/2007,CAK,OH,AGL,CE,Combined TRACON& Tower with Radar,57,27,38,1,123,0,0,2,2,4,57,27,40,3,127,24,0,24,151
01/22/2007,CAK,OH,AGL,CE,Combined TRACON& Tower with Radar,55,45,36,0,136,0,0,1,0,1,55,45,37,0,137,7,0,7,144
01/23/2007,CAK,OH,AGL,CE,Combined TRACON& Tower with Radar,59,36,59,1,155,0,0,5,4,9,59,36,64,5,164,12,0,12,176
01/24/2007,CAK,OH,AGL,CE,Combined TRACON& Tower with Radar,54,33,49,0,136,0,0,0,0,0,54,33,49,0,136,10,0,10,146
01/25/2007,CAK,OH,AGL,CE,Combined TRACON& Tower with Radar,55,43,58,0,156,0,0,0,0,0,55,43,58,0,156,4,0,4,160
01/26/2007,CAK,OH,AGL,CE,Combined TRACON& Tower with Radar,58,40,48,0,146,0,1,11,0,12,58,41,59,0,158,11,0,11,169
01/27/2007,CAK,OH,AGL,CE,Combined TRACON& Tower with Radar,56,21,41,0,118,0,0,6,0,6,56,21,47,0,124,28,0,28,152
01/28/2007,CAK,OH,AGL,CE,Combined TRACON& Tower with Radar,53,29,36,0,118,0,0,1,0,1,53,29,37,0,119,26,0,26,145
01/29/2007,CAK,OH,AGL,CE,Combined TRACON& Tower with Radar,55,40,74,0,169,0,0,0,0,0,55,40,74,0,169,22,0,22,191
01/30/2007,CAK,OH,AGL,CE,Combined TRACON& Tower with Radar,57,35,26,0,118,0,0,0,0,0,57,35,26,0,118,2,0,2,120
01/31/2007,CAK,OH,AGL,CE,Combined TRACON& Tower with Radar,55,36,62,0,153,0,0,18,1,19,55,36,80,1,172,10,0,10,182
02/01/2007,CAK,OH,AGL,CE,Combined TRACON& Tower with Radar,53,38,77,0,168,0,0,9,0,9,53,38,86,0,177,42,0,42,219
02/02/2007,CAK,OH,AGL,CE,Combined TRACON& Tower with Radar,60,37,56,0,153,0,0,4,0,4,60,37,60,0,157,27,0,27,184
02/03/2007,CAK,OH,AGL,CE,Combined TRACON& Tower with Radar,52,26,13,0,91,0,0,23,1,24,52,26,36,1,115,11,0,11,126
02/04/2007,CAK,OH,AGL,CE,Combined TRACON& Tower with Radar,55,25,22,0,102,0,1,8,1,10,55,26,30,1,112,18,0,18,130
02/05/2007,CAK,OH,AGL,CE,Combined TRACON& Tower with Radar,55,36,60,0,151,0,1,7,0,8,55,37,67,0,159,15,12,27,186
02/06/2007,CAK,OH,AGL,CE,Combined TRACON& Tower with Radar,49,30,62,2,143,0,0,3,1,4,49,30,65,3,147,9,0,9,156
02/07/2007,CAK,OH,AGL,CE,Combined TRACON& Tower with Radar,54,46,84,0,184,0,0,8,0,8,54,46,92,0,192,21,0,21,213
02/08/2007,CAK,OH,AGL,CE,Combined TRACON& Tower with Radar,55,39,99,1,194,0,1,16,4,21,55,40,115,5,215,62,0,62,277
02/09/2007,CAK,OH,AGL,CE,Combined TRACON& Tower with Radar,56,38,93,0,187,0,0,12,2,14,56,38,105,2,201,58,0,58,259
02/10/2007,CAK,OH,AGL,CE,Combined TRACON& Tower with Radar,55,27,71,5,158,0,0,18,8,26,55,27,89,13,184,91,0,91,275
02/11/2007,CAK,OH,AGL,CE,Combined TRACON& Tower with Radar,57,20,61,2,140,0,0,11,7,18,57,20,72,9,158,66,0,66,224
02/12/2007,CAK,OH,AGL,CE,Combined TRACON& Tower with Radar,52,41,51,0,144,0,2,2,1,5,52,43,53,1,149,23,0,23,172
02/13/2007,CAK,OH,AGL,CE,Combined TRACON& Tower with Radar,35,24,25,0,84,0,0,0,0,0,35,24,25,0,84,7,0,7,91
02/14/2007,CAK,OH,AGL,CE,Combined TRACON& Tower with Radar,39,34,9,0,82,0,0,1,0,1,39,34,10,0,83,4,0,4,87
02/15/2007,CAK,OH,AGL,CE,Combined TRACON& Tower with Radar,56,42,75,2,175,0,3,8,1,12,56,45,83,3,187,16,0,16,203
02/16/2007,CAK,OH,AGL,CE,Combined TRACON& Tower with Radar,59,35,63,8,165,0,0,10,6,16,59,35,73,14,181,64,0,64,245
02/17/2007,CAK,OH,AGL,CE,Combined TRACON& Tower with Radar,60,18,24,0,102,0,0,0,0,0,60,18,24,0,102,24,0,24,126
02/18/2007,CAK,OH,AGL,CE,Combined TRACON& Tower with Radar,65,19,24,2,110,0,0,1,0,1,65,19,25,2,111,2,0,2,113
02/19/2007,CAK,OH,AGL,CE,Combined TRACON& Tower with Radar,62,30,91,0,183,0,1,19,1,21,62,31,110,1,204,107,0,107,311
02/20/2007,CAK,OH,AGL,CE,Combined TRACON& Tower with Radar,61,40,66,0,167,0,1,6,1,8,61,41,72,1,175,18,0,18,193
02/21/2007,CAK,OH,AGL,CE,Combined TRACON& Tower with Radar,61,30,116,10,217,0,0,14,4,18,61,30,130,14,235,114,28,142,377
02/22/2007,CAK,OH,AGL,CE,Combined TRACON& Tower with Radar,65,27,38,0,130,7,4,5,0,16,72,31,43,0,146,21,0,21,167
02/23/2007,CAK,OH,AGL,CE,Combined TRACON& Tower with Radar,60,30,160,2,252,0,0,47,3,50,60,30,207,5,302,78,13,91,393
02/24/2007,CAK,OH,AGL,CE,Combined TRACON& Tower with Radar,59,21,132,0,212,0,2,75,0,77,59,23,207,0,289,110,0,110,399
02/25/2007,CAK,OH,AGL,CE,Combined TRACON& Tower with Radar,55,19,18,0,92,0,0,2,0,2,55,19,20,0,94,2,0,2,96
02/26/2007,CAK,OH,AGL,CE,Combined TRACON& Tower with Radar,66,33,53,1,153,0,0,5,1,6,66,33,58,2,159,11,0,11,170
02/27/2007,CAK,OH,AGL,CE,Combined TRACON& Tower with Radar,63,34,84,3,184,0,1,4,3,8,63,35,88,6,192,56,0,56,248
02/28/2007,CAK,OH,AGL,CE,Combined TRACON& Tower with Radar,59,26,134,7,226,0,2,26,5,33,59,28,160,12,259,130,0,130,389
03/01/2007,CAK,OH,AGL,CE,Combined TRACON& Tower with Radar,59,28,55,0,142,0,0,9,0,9,59,28,64,0,151,21,0,21,172
03/02/2007,CAK,OH,AGL,CE,Combined TRACON& Tower with Radar,51,30,37,6,124,0,1,5,7,13,51,31,42,13,137,11,0,11,148
03/03/2007,CAK,OH,AGL,CE,Combined TRACON& Tower with Radar,52,27,31,1,111,0,2,6,1,9,52,29,37,2,120,20,0,20,140
03/04/2007,CAK,OH,AGL,CE,Combined TRACON& Tower with Radar,59,21,25,0,105,0,0,6,0,6,59,21,31,0,111,4,0,4,115
03/05/2007,CAK,OH,AGL,CE,Combined TRACON& Tower with Radar,58,40,57,2,157,0,0,9,0,9,58,40,66,2,166,55,12,67,233
03/06/2007,CAK,OH,AGL,CE,Combined TRACON& Tower with Radar,51,37,141,0,229,0,0,54,1,55,51,37,195,1,284,91,0,91,375
03/07/2007,CAK,OH,AGL,CE,Combined TRACON& Tower with Radar,50,31,67,1,149,0,1,43,4,48,50,32,110,5,197,101,0,101,298
03/08/2007,CAK,OH,AGL,CE,Combined TRACON& Tower with Radar,56,36,138,0,230,0,2,56,6,64,56,38,194,6,294,122,2,124,418
03/09/2007,CAK,OH,AGL,CE,Combined TRACON& Tower with Radar,49,30,142,0,221,1,11,60,2,74,50,41,202,2,295,130,0,130,425
03/10/2007,CAK,OH,AGL,CE,Combined TRACON& Tower with Radar,51,24,73,2,150,0,0,7,1,8,51,24,80,3,158,21,0,21,179
03/11/2007,CAK,OH,AGL,CE,Combined TRACON& Tower with Radar,57,19,157,0,233,0,8,96,0,104,57,27,253,0,337,151,0,151,488
03/12/2007,CAK,OH,AGL,CE,Combined TRACON& Tower with Radar,56,38,116,0,210,1,2,41,1,45,57,40,157,1,255,128,0,128,383
03/13/2007,CAK,OH,AGL,CE,Combined TRACON& Tower with Radar,56,34,143,0,233,0,4,45,4,53,56,38,188,4,286,127,12,139,425
03/14/2007,CAK,OH,AGL,CE,Combined TRACON& Tower with Radar,54,46,99,3,202,0,0,7,1,8,54,46,106,4,210,19,4,23,233
03/15/2007,CAK,OH,AGL,CE,Combined TRACON& Tower with Radar,58,35,67,0,160,0,0,40,6,46,58,35,107,6,206,59,0,59,265
03/16/2007,CAK,OH,AGL,CE,Combined TRACON& Tower with Radar,49,42,57,0,148,0,0,4,0,4,49,42,61,0,152,8,0,8,160
03/17/2007,CAK,OH,AGL,CE,Combined TRACON& Tower with Radar,47,19,33,5,104,0,0,10,8,18,47,19,43,13,122,37,0,37,159
03/18/2007,CAK,OH,AGL,CE,Combined TRACON& Tower with Radar,51,18,100,5,174,0,1,25,5,31,51,19,125,10,205,51,0,51,256
03/19/2007,CAK,OH,AGL,CE,Combined TRACON& Tower with Radar,57,22,43,0,122,0,0,0,0,0,57,22,43,0,122,8,0,8,130
03/20/2007,CAK,OH,AGL,CE,Combined TRACON& Tower with Radar,53,29,140,0,222,0,4,65,5,74,53,33,205,5,296,138,0,138,434
03/21/2007,CAK,OH,AGL,CE,Combined TRACON& Tower with Radar,50,30,99,0,179,0,1,22,3,26,50,31,121,3,205,71,0,71,276
03/22/2007,CAK,OH,AGL,CE,Combined TRACON& Tower with Radar,53,35,37,0,125,0,1,2,0,3,53,36,39,0,128,5,0,5,133
03/23/2007,CAK,OH,AGL,CE,Combined TRACON& Tower with Radar,56,36,67,1,160,0,0,14,0,14,56,36,81,1,174,110,0,110,284
03/24/2007,CAK,OH,AGL,CE,Combined TRACON& Tower with Radar,52,20,22,0,94,0,0,1,1,2,52,20,23,1,96,23,0,23,119
03/25/2007,CAK,OH,AGL,CE,Combined TRACON& Tower with Radar,57,22,146,0,225,0,0,47,1,48,57,22,193,1,273,226,0,226,499
03/26/2007,CAK,OH,AGL,CE,Combined TRACON& Tower with Radar,56,35,86,0,177,0,2,9,1,12,56,37,95,1,189,43,0,43,232
03/27/2007,CAK,OH,AGL,CE,Combined TRACON& Tower with Radar,54,36,78,1,169,0,5,9,3,17,54,41,87,4,186,75,0,75,261
03/28/2007,CAK,OH,AGL,CE,Combined TRACON& Tower with Radar,52,39,152,0,243,0,1,37,0,38,52,40,189,0,281,81,0,81,362
03/29/2007,CAK,OH,AGL,CE,Combined TRACON& Tower with Radar,57,34,131,7,229,0,3,59,6,68,57,37,190,13,297,86,0,86,383
03/30/2007,CAK,OH,AGL,CE,Combined TRACON& Tower with Radar,56,32,181,1,270,0,2,58,7,67,56,34,239,8,337,35,0,35,372
03/31/2007,CAK,OH,AGL,CE,Combined TRACON& Tower with Radar,51,24,127,3,205,0,0,34,0,34,51,24,161,3,239,111,0,111,350
04/01/2007,CAK,OH,AGL,CE,Combined TRACON& Tower with Radar,59,19,80,0,158,0,1,6,1,8,59,20,86,1,166,11,0,11,177
04/02/2007,CAK,OH,AGL,CE,Combined TRACON& Tower with Radar,53,37,86,0,176,0,1,16,2,19,53,38,102,2,195,89,0,89,284
04/03/2007,CAK,OH,AGL,CE,Combined TRACON& Tower with Radar,54,41,133,4,232,0,1,35,7,43,54,42,168,11,275,112,0,112,387
04/04/2007,CAK,OH,AGL,CE,Combined TRACON& Tower with Radar,52,33,23,1,109,0,1,1,1,3,52,34,24,2,112,9,0,9,121
04/05/2007,CAK,OH,AGL,CE,Combined TRACON& Tower with Radar,59,39,34,0,132,0,0,1,1,2,59,39,35,1,134,50,74,124,258
04/06/2007,CAK,OH,AGL,CE,Combined TRACON& Tower with Radar,55,32,29,1,117,0,2,3,3,8,55,34,32,4,125,24,0,24,149
04/07/2007,CAK,OH,AGL,CE,Combined TRACON& Tower with Radar,54,25,25,0,104,0,0,1,0,1,54,25,26,0,105,17,0,17,122
04/08/2007,CAK,OH,AGL,CE,Combined TRACON& Tower with Radar,57,21,14,0,92,0,0,1,0,1,57,21,15,0,93,4,0,4,97
04/09/2007,CAK,OH,AGL,CE,Combined TRACON& Tower with Radar,53,40,140,0,233,2,3,28,0,33,55,43,168,0,266,91,0,91,357
04/10/2007,CAK,OH,AGL,CE,Combined TRACON& Tower with Radar,56,40,140,2,238,3,6,33,9,51,59,46,173,11,289,181,0,181,470
04/11/2007,CAK,OH,AGL,CE,Combined TRACON& Tower with Radar,51,42,43,0,136,0,0,8,0,8,51,42,51,0,144,11,0,11,155
04/12/2007,CAK,OH,AGL,CE,Combined TRACON& Tower with Radar,56,41,50,0,147,0,0,3,0,3,56,41,53,0,150,10,0,10,160
04/13/2007,CAK,OH,AGL,CE,Combined TRACON& Tower with Radar,59,39,83,0,181,0,2,27,0,29,59,41,110,0,210,24,0,24,234
04/14/2007,CAK,OH,AGL,CE,Combined TRACON& Tower with Radar,53,26,85,3,167,0,1,31,3,35,53,27,116,6,202,68,0,68,270
04/15/2007,CAK,OH,AGL,CE,Combined TRACON& Tower with Radar,59,23,24,0,106,0,0,3,0,3,59,23,27,0,109,6,0,6,115
04/16/2007,CAK,OH,AGL,CE,Combined TRACON& Tower with Radar,54,27,63,0,144,0,1,1,0,2,54,28,64,0,146,16,0,16,162
04/17/2007,CAK,OH,AGL,CE,Combined TRACON& Tower with Radar,58,39,125,0,222,0,5,36,5,46,58,44,161,5,268,22,0,22,290
04/18/2007,CAK,OH,AGL,CE,Combined TRACON& Tower with Radar,57,27,107,4,195,0,4,45,8,57,57,31,152,12,252,22,36,58,310
04/19/2007,CAK,OH,AGL,CE,Combined TRACON& Tower with Radar,59,31,162,4,256,0,6,55,4,65,59,37,217,8,321,97,0,97,418
04/20/2007,CAK,OH,AGL,CE,Combined TRACON& Tower with Radar,58,32,177,3,270,0,4,80,1,85,58,36,257,4,355,47,18,65,420
04/21/2007,CAK,OH,AGL,CE,Combined TRACON& Tower with Radar,58,14,224,0,296,0,7,138,3,148,58,21,362,3,444,175,10,185,629
04/22/2007,CAK,OH,AGL,CE,Combined TRACON& Tower with Radar,61,14,249,0,324,1,2,283,1,287,62,16,532,1,611,144,0,144,755
04/23/2007,CAK,OH,AGL,CE,Combined TRACON& Tower with Radar,57,24,57,0,138,0,1,6,0,7,57,25,63,0,145,27,0,27,172
04/24/2007,CAK,OH,AGL,CE,Combined TRACON& Tower with Radar,54,36,230,0,320,0,1,52,8,61,54,37,282,8,381,182,0,182,563
04/25/2007,CAK,OH,AGL,CE,Combined TRACON& Tower with Radar,54,26,70,0,150,0,1,0,0,1,54,27,70,0,151,15,0,15,166
04/26/2007,CAK,OH,AGL,CE,Combined TRACON& Tower with Radar,54,37,52,2,145,0,2,7,0,9,54,39,59,2,154,7,0,7,161
04/27/2007,CAK,OH,AGL,CE,Combined TRACON& Tower with Radar,57,27,84,2,170,0,0,10,3,13,57,27,94,5,183,32,0,32,215
04/28/2007,CAK,OH,AGL,CE,Combined TRACON& Tower with Radar,61,13,66,1,141,0,0,6,0,6,61,13,72,1,147,15,0,15,162
04/29/2007,CAK,OH,AGL,CE,Combined TRACON& Tower with Radar,60,16,152,0,228,0,1,56,1,58,60,17,208,1,286,185,0,185,471
04/30/2007,CAK,OH,AGL,CE,Combined TRACON& Tower with Radar,59,25,106,0,190,0,3,54,2,59,59,28,160,2,249,59,0,59,308
05/01/2007,CAK,OH,AGL,CE,Combined TRACON& Tower with Radar,56,32,93,14,195,0,0,16,3,19,56,32,109,17,214,25,0,25,239
05/02/2007,CAK,OH,AGL,CE,Combined TRACON& Tower with Radar,62,25,125,2,214,0,1,52,7,60,62,26,177,9,274,32,8,40,314
05/03/2007,CAK,OH,AGL,CE,Combined TRACON& Tower with Radar,58,26,128,2,214,0,1,45,9,55,58,27,173,11,269,66,0,66,335
05/04/2007,CAK,OH,AGL,CE,Combined TRACON& Tower with Radar,58,27,103,4,192,0,2,37,6,45,58,29,140,10,237,66,12,78,315
05/05/2007,CAK,OH,AGL,CE,Combined TRACON& Tower with Radar,56,14,196,1,267,0,1,41,4,46,56,15,237,5,313,130,2,132,445
05/06/2007,CAK,OH,AGL,CE,Combined TRACON& Tower with Radar,59,12,156,6,233,0,1,42,3,46,59,13,198,9,279,131,0,131,410
05/07/2007,CAK,OH,AGL,CE,Combined TRACON& Tower with Radar,58,22,89,0,169,0,1,16,0,17,58,23,105,0,186,10,0,10,196
05/08/2007,CAK,OH,AGL,CE,Combined TRACON& Tower with Radar,57,31,87,2,177,1,2,55,6,64,58,33,142,8,241,98,0,98,339
05/09/2007,CAK,OH,AGL,CE,Combined TRACON& Tower with Radar,59,38,148,2,247,0,1,46,4,51,59,39,194,6,298,66,14,80,378
05/10/2007,CAK,OH,AGL,CE,Combined TRACON& Tower with Radar,68,35,145,3,251,0,2,37,4,43,68,37,182,7,294,115,28,143,437
05/11/2007,CAK,OH,AGL,CE,Combined TRACON& Tower with Radar,55,29,73,0,157,0,0,28,5,33,55,29,101,5,190,103,0,103,293
05/12/2007,CAK,OH,AGL,CE,Combined TRACON& Tower with Radar,54,17,108,0,179,0,0,31,1,32,54,17,139,1,211,119,0,119,330
05/13/2007,CAK,OH,AGL,CE,Combined TRACON& Tower with Radar,59,20,140,0,219,0,0,56,1,57,59,20,196,1,276,87,0,87,363
05/14/2007,CAK,OH,AGL,CE,Combined TRACON& Tower with Radar,57,29,130,0,216,0,0,16,2,18,57,29,146,2,234,27,0,27,261
05/15/2007,CAK,OH,AGL,CE,Combined TRACON& Tower with Radar,55,29,76,3,163,0,1,19,3,23,55,30,95,6,186,76,0,76,262
05/16/2007,CAK,OH,AGL,CE,Combined TRACON& Tower with Radar,58,24,151,0,233,0,0,9,3,12,58,24,160,3,245,78,2,80,325
05/17/2007,CAK,OH,AGL,CE,Combined TRACON& Tower with Radar,62,30,184,8,284,0,3,24,10,37,62,33,208,18,321,140,0,140,461
05/18/2007,CAK,OH,AGL,CE,Combined TRACON& Tower with Radar,60,27,234,1,322,0,1,56,5,62,60,28,290,6,384,137,0,137,521
05/19/2007,CAK,OH,AGL,CE,Combined TRACON& Tower with Radar,57,11,88,0,156,0,1,34,3,38,57,12,122,3,194,118,0,118,312
05/20/2007,CAK,OH,AGL,CE,Combined TRACON& Tower with Radar,58,9,78,0,145,0,0,21,2,23,58,9,99,2,168,79,0,79,247
05/21/2007,CAK,OH,AGL,CE,Combined TRACON& Tower with Radar,58,24,99,0,181,0,1,37,1,39,58,25,136,1,220,129,0,129,349
05/22/2007,CAK,OH,AGL,CE,Combined TRACON& Tower with Radar,58,22,143,5,228,0,1,33,10,44,58,23,176,15,272,134,2,136,408
05/23/2007,CAK,OH,AGL,CE,Combined TRACON& Tower with Radar,60,29,193,4,286,0,2,33,10,45,60,31,226,14,331,156,14,170,501
05/24/2007,CAK,OH,AGL,CE,Combined TRACON& Tower with Radar,57,23,191,12,283,0,1,31,4,36,57,24,222,16,319,131,0,131,450
05/25/2007,CAK,OH,AGL,CE,Combined TRACON& Tower with Radar,59,27,92,10,188,0,2,28,5,35,59,29,120,15,223,7,0,7,230
05/26/2007,CAK,OH,AGL,CE,Combined TRACON& Tower with Radar,50,11,23,0,84,0,2,7,1,10,50,13,30,1,94,18,0,18,112
05/27/2007,CAK,OH,AGL,CE,Combined TRACON& Tower with Radar,48,11,33,0,92,0,1,8,2,11,48,12,41,2,103,28,0,28,131
05/28/2007,CAK,OH,AGL,CE,Combined TRACON& Tower with Radar,55,15,136,10,216,0,2,33,2,37,55,17,169,12,253,121,6,127,380
05/29/2007,CAK,OH,AGL,CE,Combined TRACON& Tower with Radar,56,28,132,8,224,0,1,34,9,44,56,29,166,17,268,103,0,103,371
05/30/2007,CAK,OH,AGL,CE,Combined TRACON& Tower with Radar,62,35,152,1,250,0,1,36,5,42,62,36,188,6,292,174,10,184,476
05/31/2007,CAK,OH,AGL,CE,Combined TRACON& Tower with Radar,59,33,130,2,224,0,0,28,5,33,59,33,158,7,257,58,6,64,321
06/01/2007,CAK,OH,AGL,CE,Combined TRACON& Tower with Radar,58,39,67,2,166,0,0,17,3,20,58,39,84,5,186,65,0,65,251
06/02/2007,CAK,OH,AGL,CE,Combined TRACON& Tower with Radar,58,25,130,0,213,0,1,25,2,28,58,26,155,2,241,147,0,147,388
06/03/2007,CAK,OH,AGL,CE,Combined TRACON& Tower with Radar,58,20,33,0,111,0,0,14,0,14,58,20,47,0,125,20,0,20,145
06/04/2007,CAK,OH,AGL,CE,Combined TRACON& Tower with Radar,57,26,75,0,158,0,1,5,0,6,57,27,80,0,164,32,0,32,196
06/05/2007,CAK,OH,AGL,CE,Combined TRACON& Tower with Radar,58,24,93,7,182,2,3,8,3,16,60,27,101,10,198,30,6,36,234
06/06/2007,CAK,OH,AGL,CE,Combined TRACON& Tower with Radar,59,36,154,0,249,0,6,46,1,53,59,42,200,1,302,86,12,98,400
06/07/2007,CAK,OH,AGL,CE,Combined TRACON& Tower with Radar,55,33,149,0,237,0,3,48,1,52,55,36,197,1,289,69,0,69,358
06/08/2007,CAK,OH,AGL,CE,Combined TRACON& Tower with Radar,54,25,64,0,143,0,0,16,0,16,54,25,80,0,159,11,0,11,170
06/09/2007,CAK,OH,AGL,CE,Combined TRACON& Tower with Radar,57,24,89,0,170,0,2,66,4,72,57,26,155,4,242,134,0,134,376
06/10/2007,CAK,OH,AGL,CE,Combined TRACON& Tower with Radar,60,21,123,0,204,0,2,55,1,58,60,23,178,1,262,66,0,66,328
06/11/2007,CAK,OH,AGL,CE,Combined TRACON& Tower with Radar,56,35,143,0,234,0,2,50,3,55,56,37,193,3,289,125,4,129,418
06/12/2007,CAK,OH,AGL,CE,Combined TRACON& Tower with Radar,58,25,140,2,225,4,4,86,2,96,62,29,226,4,321,140,0,140,461
06/13/2007,CAK,OH,AGL,CE,Combined TRACON& Tower with Radar,61,30,146,0,237,0,0,42,0,42,61,30,188,0,279,43,0,43,322
06/14/2007,CAK,OH,AGL,CE,Combined TRACON& Tower with Radar,59,41,129,0,229,0,0,49,2,51,59,41,178,2,280,27,0,27,307
06/15/2007,CAK,OH,AGL,CE,Combined TRACON& Tower with Radar,64,39,139,2,244,0,0,62,0,62,64,39,201,2,306,73,0,73,379
06/16/2007,CAK,OH,AGL,CE,Combined TRACON& Tower with Radar,57,17,126,0,200,0,2,59,1,62,57,19,185,1,262,102,0,102,364
06/17/2007,CAK,OH,AGL,CE,Combined TRACON& Tower with Radar,61,19,74,0,154,0,0,28,2,30,61,19,102,2,184,170,0,170,354
06/18/2007,CAK,OH,AGL,CE,Combined TRACON& Tower with Radar,61,26,117,0,204,0,1,24,1,26,61,27,141,1,230,95,0,95,325
06/19/2007,CAK,OH,AGL,CE,Combined TRACON& Tower with Radar,60,21,58,0,139,0,7,10,0,17,60,28,68,0,156,35,0,35,191
06/20/2007,CAK,OH,AGL,CE,Combined TRACON& Tower with Radar,56,81,156,0,293,0,2,41,1,44,56,83,197,1,337,57,0,57,394
06/21/2007,CAK,OH,AGL,CE,Combined TRACON& Tower with Radar,56,30,200,0,286,0,2,31,2,35,56,32,231,2,321,21,0,21,342
06/22/2007,CAK,OH,AGL,CE,Combined TRACON& Tower with Radar,61,24,175,0,260,0,0,59,1,60,61,24,234,1,320,199,0,199,519
06/23/2007,CAK,OH,AGL,CE,Combined TRACON& Tower with Radar,57,23,133,2,215,0,6,67,3,76,57,29,200,5,291,94,0,94,385
06/24/2007,CAK,OH,AGL,CE,Combined TRACON& Tower with Radar,56,22,73,4,155,0,1,23,1,25,56,23,96,5,180,72,10,82,262
06/25/2007,CAK,OH,AGL,CE,Combined TRACON& Tower with Radar,61,30,105,0,196,0,1,15,0,16,61,31,120,0,212,62,0,62,274
06/26/2007,CAK,OH,AGL,CE,Combined TRACON& Tower with Radar,61,35,138,1,235,0,0,31,4,35,61,35,169,5,270,81,0,81,351
06/27/2007,CAK,OH,AGL,CE,Combined TRACON& Tower with Radar,52,36,79,0,167,0,0,8,2,10,52,36,87,2,177,39,0,39,216
06/28/2007,CAK,OH,AGL,CE,Combined TRACON& Tower with Radar,55,40,99,8,202,3,7,24,4,38,58,47,123,12,240,23,54,77,317
06/29/2007,CAK,OH,AGL,CE,Combined TRACON& Tower with Radar,62,40,139,3,244,0,1,58,3,62,62,41,197,6,306,125,0,125,431
06/30/2007,CAK,OH,AGL,CE,Combined TRACON& Tower with Radar,55,26,110,0,191,0,1,56,2,59,55,27,166,2,250,146,0,146,396
07/01/2007,CAK,OH,AGL,CE,Combined TRACON& Tower with Radar,57,16,78,2,153,0,0,43,0,43,57,16,121,2,196,50,0,50,246
07/02/2007,CAK,OH,AGL,CE,Combined TRACON& Tower with Radar,61,22,138,0,221,0,0,62,0,62,61,22,200,0,283,99,0,99,382
07/03/2007,CAK,OH,AGL,CE,Combined TRACON& Tower with Radar,52,28,106,2,188,0,1,69,5,75,52,29,175,7,263,118,0,118,381
07/04/2007,CAK,OH,AGL,CE,Combined TRACON& Tower with Radar,44,20,65,0,129,0,0,10,0,10,44,20,75,0,139,72,0,72,211
07/05/2007,CAK,OH,AGL,CE,Combined TRACON& Tower with Radar,56,22,89,0,167,0,0,10,0,10,56,22,99,0,177,107,0,107,284
07/06/2007,CAK,OH,AGL,CE,Combined TRACON& Tower with Radar,62,24,97,3,186,0,1,47,2,50,62,25,144,5,236,99,6,105,341
07/07/2007,CAK,OH,AGL,CE,Combined TRACON& Tower with Radar,53,21,114,0,188,0,2,41,2,45,53,23,155,2,233,164,0,164,397
07/08/2007,CAK,OH,AGL,CE,Combined TRACON& Tower with Radar,63,17,83,0,163,0,2,28,4,34,63,19,111,4,197,111,0,111,308
07/09/2007,CAK,OH,AGL,CE,Combined TRACON& Tower with Radar,65,28,64,4,161,0,1,16,5,22,65,29,80,9,183,58,8,66,249
07/10/2007,CAK,OH,AGL,CE,Combined TRACON& Tower with Radar,57,32,68,6,163,0,0,8,5,13,57,32,76,11,176,8,0,8,184
07/11/2007,CAK,OH,AGL,CE,Combined TRACON& Tower with Radar,68,25,87,0,180,0,0,19,2,21,68,25,106,2,201,27,4,31,232
07/12/2007,CAK,OH,AGL,CE,Combined TRACON& Tower with Radar,67,23,111,4,205,0,0,19,11,30,67,23,130,15,235,63,10,73,308
07/13/2007,CAK,OH,AGL,CE,Combined TRACON& Tower with Radar,66,31,135,0,232,0,13,69,6,88,66,44,204,6,320,91,10,101,421
07/14/2007,CAK,OH,AGL,CE,Combined TRACON& Tower with Radar,57,13,94,0,164,0,9,121,5,135,57,22,215,5,299,82,0,82,381
07/15/2007,CAK,OH,AGL,CE,Combined TRACON& Tower with Radar,61,14,88,3,166,0,1,62,3,66,61,15,150,6,232,33,0,33,265
07/16/2007,CAK,OH,AGL,CE,Combined TRACON& Tower with Radar,66,25,131,0,222,4,8,31,1,44,70,33,162,1,266,89,0,89,355
07/17/2007,CAK,OH,AGL,CE,Combined TRACON& Tower with Radar,63,26,85,2,176,0,5,23,5,33,63,31,108,7,209,21,0,21,230
07/18/2007,CAK,OH,AGL,CE,Combined TRACON& Tower with Radar,64,33,88,5,190,0,5,27,3,35,64,38,115,8,225,42,0,42,267
07/19/2007,CAK,OH,AGL,CE,Combined TRACON& Tower with Radar,59,27,65,3,154,0,2,12,5,19,59,29,77,8,173,32,0,32,205
07/20/2007,CAK,OH,AGL,CE,Combined TRACON& Tower with Radar,66,38,100,4,208,0,2,70,3,75,66,40,170,7,283,52,2,54,337
07/21/2007,CAK,OH,AGL,CE,Combined TRACON& Tower with Radar,59,17,84,0,160,0,5,100,0,105,59,22,184,0,265,116,0,116,381
07/22/2007,CAK,OH,AGL,CE,Combined TRACON& Tower with Radar,64,18,73,0,155,0,0,73,1,74,64,18,146,1,229,48,0,48,277
07/23/2007,CAK,OH,AGL,CE,Combined TRACON& Tower with Radar,61,14,116,7,198,0,4,53,4,61,61,18,169,11,259,32,4,36,295
07/24/2007,CAK,OH,AGL,CE,Combined TRACON& Tower with Radar,66,28,71,1,166,0,0,52,8,60,66,28,123,9,226,17,0,17,243
07/25/2007,CAK,OH,AGL,CE,Combined TRACON& Tower with Radar,65,25,107,0,197,2,11,52,4,69,67,36,159,4,266,78,0,78,344
07/26/2007,CAK,OH,AGL,CE,Combined TRACON& Tower with Radar,68,38,92,10,208,0,1,37,9,47,68,39,129,19,255,42,2,44,299
07/27/2007,CAK,OH,AGL,CE,Combined TRACON& Tower with Radar,61,29,68,1,159,0,0,9,2,11,61,29,77,3,170,15,6,21,191
07/28/2007,CAK,OH,AGL,CE,Combined TRACON& Tower with Radar,63,17,61,1,142,0,5,14,4,23,63,22,75,5,165,36,0,36,201
07/29/2007,CAK,OH,AGL,CE,Combined TRACON& Tower with Radar,59,16,144,0,219,0,2,54,2,58,59,18,198,2,277,86,0,86,363
07/30/2007,CAK,OH,AGL,CE,Combined TRACON& Tower with Radar,66,36,114,0,216,1,1,42,2,46,67,37,156,2,262,70,0,70,332
07/31/2007,CAK,OH,AGL,CE,Combined TRACON& Tower with Radar,67,47,180,1,295,0,6,114,5,125,67,53,294,6,420,121,2,123,543
08/01/2007,CAK,OH,AGL,CE,Combined TRACON& Tower with Radar,66,41,182,8,297,1,6,65,10,82,67,47,247,18,379,46,2,48,427
08/02/2007,CAK,OH,AGL,CE,Combined TRACON& Tower with Radar,69,32,108,0,209,0,1,58,10,69,69,33,166,10,278,58,4,62,340
08/03/2007,CAK,OH,AGL,CE,Combined TRACON& Tower with Radar,67,37,162,19,285,0,4,97,4,105,67,41,259,23,390,24,0,24,414
08/04/2007,CAK,OH,AGL,CE,Combined TRACON& Tower with Radar,61,37,230,17,345,0,5,249,7,261,61,42,479,24,606,33,32,65,671
08/05/2007,CAK,OH,AGL,CE,Combined TRACON& Tower with Radar,60,67,81,2,210,0,0,51,0,51,60,67,132,2,261,39,0,39,300
08/06/2007,CAK,OH,AGL,CE,Combined TRACON& Tower with Radar,66,19,99,8,192,0,0,7,4,11,66,19,106,12,203,88,0,88,291
08/07/2007,CAK,OH,AGL,CE,Combined TRACON& Tower with Radar,68,29,59,1,157,0,0,17,4,21,68,29,76,5,178,22,0,22,200
08/08/2007,CAK,OH,AGL,CE,Combined TRACON& Tower with Radar,67,38,113,0,218,0,1,33,0,34,67,39,146,0,252,79,0,79,331
08/09/2007,CAK,OH,AGL,CE,Combined TRACON& Tower with Radar,63,26,68,1,158,0,0,3,2,5,63,26,71,3,163,40,0,40,203
08/10/2007,CAK,OH,AGL,CE,Combined TRACON& Tower with Radar,68,26,97,3,194,0,2,41,2,45,68,28,138,5,239,18,0,18,257
08/11/2007,CAK,OH,AGL,CE,Combined TRACON& Tower with Radar,67,12,127,0,206,0,3,75,4,82,67,15,202,4,288,86,0,86,374
08/12/2007,CAK,OH,AGL,CE,Combined TRACON& Tower with Radar,68,9,93,2,172,0,3,53,0,56,68,12,146,2,228,55,0,55,283
08/13/2007,CAK,OH,AGL,CE,Combined TRACON& Tower with Radar,68,18,136,2,224,0,1,42,6,49,68,19,178,8,273,56,2,58,331
08/14/2007,CAK,OH,AGL,CE,Combined TRACON& Tower with Radar,61,34,131,4,230,0,0,45,7,52,61,34,176,11,282,77,14,91,373
08/15/2007,CAK,OH,AGL,CE,Combined TRACON& Tower with Radar,67,33,113,6,219,0,0,33,5,38,67,33,146,11,257,79,16,95,352
08/16/2007,CAK,OH,AGL,CE,Combined TRACON& Tower with Radar,65,37,110,11,223,0,0,40,9,49,65,37,150,20,272,87,0,87,359
08/17/2007,CAK,OH,AGL,CE,Combined TRACON& Tower with Radar,60,28,110,3,201,0,0,37,7,44,60,28,147,10,245,63,0,63,308
08/18/2007,CAK,OH,AGL,CE,Combined TRACON& Tower with Radar,72,17,109,11,209,0,2,57,2,61,72,19,166,13,270,130,12,142,412
08/19/2007,CAK,OH,AGL,CE,Combined TRACON& Tower with Radar,69,10,29,0,108,0,0,5,0,5,69,10,34,0,113,7,0,7,120
08/20/2007,CAK,OH,AGL,CE,Combined TRACON& Tower with Radar,68,32,35,1,136,0,0,0,0,0,68,32,35,1,136,4,0,4,140
08/21/2007,CAK,OH,AGL,CE,Combined TRACON& Tower with Radar,58,42,68,1,169,0,0,9,4,13,58,42,77,5,182,19,0,19,201
08/22/2007,CAK,OH,AGL,CE,Combined TRACON& Tower with Radar,63,34,73,0,170,0,0,14,1,15,63,34,87,1,185,14,2,16,201
08/23/2007,CAK,OH,AGL,CE,Combined TRACON& Tower with Radar,66,32,127,4,229,0,1,21,9,31,66,33,148,13,260,46,10,56,316
08/24/2007,CAK,OH,AGL,CE,Combined TRACON& Tower with Radar,71,29,110,3,213,0,0,37,7,44,71,29,147,10,257,55,0,55,312
08/25/2007,CAK,OH,AGL,CE,Combined TRACON& Tower with Radar,70,15,69,1,155,0,2,24,0,26,70,17,93,1,181,101,0,101,282
08/26/2007,CAK,OH,AGL,CE,Combined TRACON& Tower with Radar,65,9,104,1,179,0,4,78,0,82,65,13,182,1,261,86,0,86,347
08/27/2007,CAK,OH,AGL,CE,Combined TRACON& Tower with Radar,65,24,144,2,235,0,4,53,0,57,65,28,197,2,292,126,0,126,418
08/28/2007,CAK,OH,AGL,CE,Combined TRACON& Tower with Radar,62,33,148,4,247,0,2,48,14,64,62,35,196,18,311,128,3,131,442
08/29/2007,CAK,OH,AGL,CE,Combined TRACON& Tower with Radar,66,25,103,3,197,0,0,38,15,53,66,25,141,18,250,148,0,148,398
08/30/2007,CAK,OH,AGL,CE,Combined TRACON& Tower with Radar,62,27,127,2,218,0,1,26,6,33,62,28,153,8,251,160,0,160,411
08/31/2007,CAK,OH,AGL,CE,Combined TRACON& Tower with Radar,76,28,117,0,221,0,1,50,3,54,76,29,167,3,275,16,4,20,295
09/01/2007,CAK,OH,AGL,CE,Combined TRACON& Tower with Radar,62,10,64,0,136,0,0,46,3,49,62,10,110,3,185,58,0,58,243
09/02/2007,CAK,OH,AGL,CE,Combined TRACON& Tower with Radar,52,6,90,0,148,0,3,64,1,68,52,9,154,1,216,45,0,45,261
09/03/2007,CAK,OH,AGL,CE,Combined TRACON& Tower with Radar,62,15,156,3,236,0,1,42,1,44,62,16,198,4,280,113,0,113,393
09/04/2007,CAK,OH,AGL,CE,Combined TRACON& Tower with Radar,64,26,121,6,217,0,0,36,4,40,64,26,157,10,257,26,0,26,283
09/05/2007,CAK,OH,AGL,CE,Combined TRACON& Tower with Radar,63,29,135,3,230,1,12,85,4,102,64,41,220,7,332,173,0,173,505
09/06/2007,CAK,OH,AGL,CE,Combined TRACON& Tower with Radar,66,35,147,5,253,2,6,57,7,72,68,41,204,12,325,60,0,60,385
09/07/2007,CAK,OH,AGL,CE,Combined TRACON& Tower with Radar,64,22,113,6,205,0,1,29,8,38,64,23,142,14,243,50,0,50,293
09/08/2007,CAK,OH,AGL,CE,Combined TRACON& Tower with Radar,60,21,32,3,116,0,2,7,10,19,60,23,39,13,135,10,0,10,145
09/09/2007,CAK,OH,AGL,CE,Combined TRACON& Tower with Radar,63,10,30,1,104,0,0,1,1,2,63,10,31,2,106,12,0,12,118
09/10/2007,CAK,OH,AGL,CE,Combined TRACON& Tower with Radar,63,21,138,0,222,0,1,42,0,43,63,22,180,0,265,129,0,129,394
09/11/2007,CAK,OH,AGL,CE,Combined TRACON& Tower with Radar,63,28,84,4,179,0,0,18,8,26,63,28,102,12,205,48,0,48,253
09/12/2007,CAK,OH,AGL,CE,Combined TRACON& Tower with Radar,64,33,138,1,236,1,1,55,6,63,65,34,193,7,299,50,0,50,349
09/13/2007,CAK,OH,AGL,CE,Combined TRACON& Tower with Radar,62,31,119,4,216,0,3,70,10,83,62,34,189,14,299,123,0,123,422
09/14/2007,CAK,OH,AGL,CE,Combined TRACON& Tower with Radar,63,28,84,4,179,0,0,46,3,49,63,28,130,7,228,27,0,27,255
09/15/2007,CAK,OH,AGL,CE,Combined TRACON& Tower with Radar,58,13,100,0,171,0,0,45,0,45,58,13,145,0,216,34,0,34,250
09/16/2007,CAK,OH,AGL,CE,Combined TRACON& Tower with Radar,61,19,138,0,218,0,2,55,1,58,61,21,193,1,276,100,0,100,376
09/17/2007,CAK,OH,AGL,CE,Combined TRACON& Tower with Radar,65,24,149,0,238,0,0,56,3,59,65,24,205,3,297,145,0,145,442
09/18/2007,CAK,OH,AGL,CE,Combined TRACON& Tower with Radar,65,31,88,3,187,0,1,56,8,65,65,32,144,11,252,53,0,53,305
09/19/2007,CAK,OH,AGL,CE,Combined TRACON& Tower with Radar,64,34,146,1,245,0,1,71,5,77,64,35,217,6,322,94,0,94,416
09/20/2007,CAK,OH,AGL,CE,Combined TRACON& Tower with Radar,67,23,118,3,211,0,0,49,11,60,67,23,167,14,271,133,0,133,404
09/21/2007,CAK,OH,AGL,CE,Combined TRACON& Tower with Radar,65,27,118,13,223,0,1,45,9,55,65,28,163,22,278,105,0,105,383
09/22/2007,CAK,OH,AGL,CE,Combined TRACON& Tower with Radar,55,10,91,5,161,0,2,46,2,50,55,12,137,7,211,104,12,116,327
09/23/2007,CAK,OH,AGL,CE,Combined TRACON& Tower with Radar,60,16,134,0,210,0,3,71,1,75,60,19,205,1,285,137,0,137,422
09/24/2007,CAK,OH,AGL,CE,Combined TRACON& Tower with Radar,59,23,132,1,215,0,1,69,0,70,59,24,201,1,285,107,0,107,392
09/25/2007,CAK,OH,AGL,CE,Combined TRACON& Tower with Radar,67,59,156,6,288,0,3,30,10,43,67,62,186,16,331,99,2,101,432
09/26/2007,CAK,OH,AGL,CE,Combined TRACON& Tower with Radar,64,40,95,5,204,0,0,14,6,20,64,40,109,11,224,48,8,56,280
09/27/2007,CAK,OH,AGL,CE,Combined TRACON& Tower with Radar,61,33,61,1,156,0,2,3,4,9,61,35,64,5,165,60,0,60,225
09/28/2007,CAK,OH,AGL,CE,Combined TRACON& Tower with Radar,69,30,168,2,269,0,13,67,10,90,69,43,235,12,359,108,0,108,467
09/29/2007,CAK,OH,AGL,CE,Combined TRACON& Tower with Radar,56,20,192,0,268,2,25,104,0,131,58,45,296,0,399,180,0,180,579
09/30/2007,CAK,OH,AGL,CE,Combined TRACON& Tower with Radar,64,14,118,2,198,3,5,103,0,111,67,19,221,2,309,157,0,157,466
10/01/2007,CAK,OH,AGL,CE,Combined TRACON& Tower with Radar,64,27,68,2,161,0,1,19,3,23,64,28,87,5,184,15,2,17,201
10/02/2007,CAK,OH,AGL,CE,Combined TRACON& Tower with Radar,67,27,125,2,221,0,6,33,6,45,67,33,158,8,266,134,14,148,414
10/03/2007,CAK,OH,AGL,CE,Combined TRACON& Tower with Radar,68,40,124,5,237,0,9,59,10,78,68,49,183,15,315,11,0,11,326
10/04/2007,CAK,OH,AGL,CE,Combined TRACON& Tower with Radar,63,34,124,8,229,3,22,71,11,107,66,56,195,19,336,155,12,167,503
10/05/2007,CAK,OH,AGL,CE,Combined TRACON& Tower with Radar,63,26,169,0,258,2,5,87,0,94,65,31,256,0,352,177,0,177,529
10/06/2007,CAK,OH,AGL,CE,Combined TRACON& Tower with Radar,57,8,96,0,161,4,3,92,1,100,61,11,188,1,261,139,0,139,400
10/07/2007,CAK,OH,AGL,CE,Combined TRACON& Tower with Radar,64,13,149,0,226,6,8,127,1,142,70,21,276,1,368,117,0,117,485
10/08/2007,CAK,OH,AGL,CE,Combined TRACON& Tower with Radar,65,17,106,1,189,0,4,78,0,82,65,21,184,1,271,106,0,106,377
10/09/2007,CAK,OH,AGL,CE,Combined TRACON& Tower with Radar,64,34,101,0,199,5,14,39,8,66,69,48,140,8,265,95,0,95,360
10/10/2007,CAK,OH,AGL,CE,Combined TRACON& Tower with Radar,63,33,121,0,217,4,12,69,5,90,67,45,190,5,307,136,0,136,443
10/11/2007,CAK,OH,AGL,CE,Combined TRACON& Tower with Radar,50,32,187,1,270,4,9,58,4,75,54,41,245,5,345,159,0,159,504
10/12/2007,CAK,OH,AGL,CE,Combined TRACON& Tower with Radar,67,34,82,3,186,7,11,33,5,56,74,45,115,8,242,93,1,94,336
10/13/2007,CAK,OH,AGL,CE,Combined TRACON& Tower with Radar,62,12,47,0,121,1,0,38,0,39,63,12,85,0,160,68,0,68,228
10/14/2007,CAK,OH,AGL,CE,Combined TRACON& Tower with Radar,64,10,122,2,198,2,3,78,1,84,66,13,200,3,282,73,0,73,355
10/15/2007,CAK,OH,AGL,CE,Combined TRACON& Tower with Radar,66,19,136,1,222,7,6,93,5,111,73,25,229,6,333,107,0,107,440
10/16/2007,CAK,OH,AGL,CE,Combined TRACON& Tower with Radar,70,23,126,0,219,2,9,36,8,55,72,32,162,8,274,137,0,137,411
10/17/2007,CAK,OH,AGL,CE,Combined TRACON& Tower with Radar,68,36,125,24,253,8,7,43,2,60,76,43,168,26,313,134,0,134,447
10/18/2007,CAK,OH,AGL,CE,Combined TRACON& Tower with Radar,64,30,101,1,196,1,16,28,7,52,65,46,129,8,248,112,0,112,360
10/19/2007,CAK,OH,AGL,CE,Combined TRACON& Tower with Radar,62,31,54,0,147,2,11,25,4,42,64,42,79,4,189,12,0,12,201
10/20/2007,CAK,OH,AGL,CE,Combined TRACON& Tower with Radar,63,15,85,4,167,4,14,45,13,76,67,29,130,17,243,20,1,21,264
10/21/2007,CAK,OH,AGL,CE,Combined TRACON& Tower with Radar,62,13,95,0,170,0,0,63,6,69,62,13,158,6,239,52,0,52,291
10/22/2007,CAK,OH,AGL,CE,Combined TRACON& Tower with Radar,60,27,153,3,243,1,9,76,0,86,61,36,229,3,329,131,0,131,460
10/23/2007,CAK,OH,AGL,CE,Combined TRACON& Tower with Radar,63,33,138,0,234,0,4,12,1,17,63,37,150,1,251,124,4,128,379
10/24/2007,CAK,OH,AGL,CE,Combined TRACON& Tower with Radar,60,33,131,2,226,0,2,42,10,54,60,35,173,12,280,155,0,155,435
10/25/2007,CAK,OH,AGL,CE,Combined TRACON& Tower with Radar,65,30,200,1,296,1,6,75,12,94,66,36,275,13,390,173,0,173,563
10/26/2007,CAK,OH,AGL,CE,Combined TRACON& Tower with Radar,65,31,98,3,197,2,3,14,2,21,67,34,112,5,218,97,0,97,315
10/27/2007,CAK,OH,AGL,CE,Combined TRACON& Tower with Radar,58,26,42,1,127,0,6,12,1,19,58,32,54,2,146,29,0,29,175
10/28/2007,CAK,OH,AGL,CE,Combined TRACON& Tower with Radar,62,13,92,0,167,0,0,57,0,57,62,13,149,0,224,62,0,62,286
10/29/2007,CAK,OH,AGL,CE,Combined TRACON& Tower with Radar,65,29,118,2,214,9,17,78,1,105,74,46,196,3,319,115,1,116,435
10/30/2007,CAK,OH,AGL,CE,Combined TRACON& Tower with Radar,67,32,213,1,313,10,11,90,10,121,77,43,303,11,434,98,0,98,532
10/31/2007,CAK,OH,AGL,CE,Combined TRACON& Tower with Radar,65,26,135,1,227,0,2,49,6,57,65,28,184,7,284,145,0,145,429
11/01/2007,CAK,OH,AGL,CE,Combined TRACON& Tower with Radar,63,28,118,0,209,0,6,66,14,86,63,34,184,14,295,0,0,0,295
11/02/2007,CAK,OH,AGL,CE,Combined TRACON& Tower with Radar,63,29,114,3,209,0,0,52,2,54,63,29,166,5,263,82,0,82,345
11/03/2007,CAK,OH,AGL,CE,Combined TRACON& Tower with Radar,61,7,137,7,212,0,2,71,8,81,61,9,208,15,293,138,0,138,431
11/04/2007,CAK,OH,AGL,CE,Combined TRACON& Tower with Radar,55,18,73,2,148,0,3,35,3,41,55,21,108,5,189,90,0,90,279
11/05/2007,CAK,OH,AGL,CE,Combined TRACON& Tower with Radar,59,24,83,0,166,0,0,6,2,8,59,24,89,2,174,15,0,15,189
11/06/2007,CAK,OH,AGL,CE,Combined TRACON& Tower with Radar,66,31,71,3,171,0,1,9,2,12,66,32,80,5,183,20,0,20,203
11/07/2007,CAK,OH,AGL,CE,Combined TRACON& Tower with Radar,64,32,124,5,225,0,1,52,6,59,64,33,176,11,284,147,10,157,441
11/08/2007,CAK,OH,AGL,CE,Combined TRACON& Tower with Radar,65,31,131,0,227,0,4,52,6,62,65,35,183,6,289,110,0,110,399
11/09/2007,CAK,OH,AGL,CE,Combined TRACON& Tower with Radar,61,34,93,0,188,0,2,28,3,33,61,36,121,3,221,33,0,33,254
11/10/2007,CAK,OH,AGL,CE,Combined TRACON& Tower with Radar,65,17,144,0,226,0,0,24,2,26,65,17,168,2,252,60,0,60,312
11/11/2007,CAK,OH,AGL,CE,Combined TRACON& Tower with Radar,66,9,40,2,117,0,0,9,1,10,66,9,49,3,127,20,0,20,147
11/12/2007,CAK,OH,AGL,CE,Combined TRACON& Tower with Radar,64,18,57,0,139,0,0,1,0,1,64,18,58,0,140,56,0,56,196
11/13/2007,CAK,OH,AGL,CE,Combined TRACON& Tower with Radar,66,30,131,12,239,0,1,47,4,52,66,31,178,16,291,84,22,106,397
11/14/2007,CAK,OH,AGL,CE,Combined TRACON& Tower with Radar,62,46,69,2,179,0,0,13,6,19,62,46,82,8,198,27,0,27,225
11/15/2007,CAK,OH,AGL,CE,Combined TRACON& Tower with Radar,62,33,52,1,148,0,0,6,2,8,62,33,58,3,156,18,0,18,174
11/16/2007,CAK,OH,AGL,CE,Combined TRACON& Tower with Radar,66,38,85,0,189,0,1,30,6,37,66,39,115,6,226,37,0,37,263
11/17/2007,CAK,OH,AGL,CE,Combined TRACON& Tower with Radar,64,21,41,0,126,3,4,23,1,31,67,25,64,1,157,4,0,4,161
11/18/2007,CAK,OH,AGL,CE,Combined TRACON& Tower with Radar,61,15,44,2,122,0,5,20,1,26,61,20,64,3,148,62,0,62,210
11/19/2007,CAK,OH,AGL,CE,Combined TRACON& Tower with Radar,63,27,122,4,216,0,1,40,3,44,63,28,162,7,260,101,6,107,367
11/20/2007,CAK,OH,AGL,CE,Combined TRACON& Tower with Radar,61,38,105,3,207,4,1,17,0,22,65,39,122,3,229,33,0,33,262
11/21/2007,CAK,OH,AGL,CE,Combined TRACON& Tower with Radar,61,29,54,0,144,0,0,12,3,15,61,29,66,3,159,76,0,76,235
11/22/2007,CAK,OH,AGL,CE,Combined TRACON& Tower with Radar,54,14,18,1,87,0,0,3,0,3,54,14,21,1,90,5,0,5,95
11/23/2007,CAK,OH,AGL,CE,Combined TRACON& Tower with Radar,55,26,58,0,139,0,0,24,0,24,55,26,82,0,163,64,0,64,227
11/24/2007,CAK,OH,AGL,CE,Combined TRACON& Tower with Radar,56,18,111,0,185,0,2,51,0,53,56,20,162,0,238,111,0,111,349
11/25/2007,CAK,OH,AGL,CE,Combined TRACON& Tower with Radar,57,16,109,0,182,0,0,60,0,60,57,16,169,0,242,125,0,125,367
11/26/2007,CAK,OH,AGL,CE,Combined TRACON& Tower with Radar,59,28,31,0,118,0,0,0,0,0,59,28,31,0,118,12,0,12,130
11/27/2007,CAK,OH,AGL,CE,Combined TRACON& Tower with Radar,61,33,51,5,150,0,0,7,4,11,61,33,58,9,161,12,0,12,173
11/28/2007,CAK,OH,AGL,CE,Combined TRACON& Tower with Radar,66,32,142,4,244,0,0,65,9,74,66,32,207,13,318,101,0,101,419
11/29/2007,CAK,OH,AGL,CE,Combined TRACON& Tower with Radar,59,32,54,2,147,0,1,11,6,18,59,33,65,8,165,98,2,100,265
11/30/2007,CAK,OH,AGL,CE,Combined TRACON& Tower with Radar,56,40,118,1,215,0,1,20,4,25,56,41,138,5,240,48,0,48,288
12/01/2007,CAK,OH,AGL,CE,Combined TRACON& Tower with Radar,60,11,64,3,138,0,2,39,0,41,60,13,103,3,179,79,0,79,258
12/02/2007,CAK,OH,AGL,CE,Combined TRACON& Tower with Radar,54,12,20,0,86,0,0,0,0,0,54,12,20,0,86,0,0,0,86
12/03/2007,CAK,OH,AGL,CE,Combined TRACON& Tower with Radar,62,20,37,0,119,0,0,2,0,2,62,20,39,0,121,1,0,1,122
12/04/2007,CAK,OH,AGL,CE,Combined TRACON& Tower with Radar,63,22,59,5,149,0,0,3,3,6,63,22,62,8,155,8,0,8,163
12/05/2007,CAK,OH,AGL,CE,Combined TRACON& Tower with Radar,56,29,52,0,137,0,8,12,0,20,56,37,64,0,157,5,0,5,162
12/06/2007,CAK,OH,AGL,CE,Combined TRACON& Tower with Radar,60,45,117,14,236,0,0,49,6,55,60,45,166,20,291,183,0,183,474
12/07/2007,CAK,OH,AGL,CE,Combined TRACON& Tower with Radar,58,32,26,0,116,0,0,0,0,0,58,32,26,0,116,2,0,2,118
12/08/2007,CAK,OH,AGL,CE,Combined TRACON& Tower with Radar,68,13,92,0,173,0,0,38,2,40,68,13,130,2,213,38,0,38,251
12/09/2007,CAK,OH,AGL,CE,Combined TRACON& Tower with Radar,54,14,15,0,83,0,0,1,1,2,54,14,16,1,85,6,0,6,91
12/10/2007,CAK,OH,AGL,CE,Combined TRACON& Tower with Radar,50,29,39,1,119,0,0,1,0,1,50,29,40,1,120,26,0,26,146
12/11/2007,CAK,OH,AGL,CE,Combined TRACON& Tower with Radar,62,30,38,2,132,0,0,1,0,1,62,30,39,2,133,12,0,12,145
12/12/2007,CAK,OH,AGL,CE,Combined TRACON& Tower with Radar,61,30,149,0,240,0,2,34,8,44,61,32,183,8,284,134,20,154,438
12/13/2007,CAK,OH,AGL,CE,Combined TRACON& Tower with Radar,57,22,28,0,107,0,1,4,0,5,57,23,32,0,112,5,0,5,117
12/14/2007,CAK,OH,AGL,CE,Combined TRACON& Tower with Radar,63,30,73,5,171,0,1,44,3,48,63,31,117,8,219,91,22,113,332
12/15/2007,CAK,OH,AGL,CE,Combined TRACON& Tower with Radar,62,7,14,0,83,0,0,22,0,22,62,7,36,0,105,72,0,72,177
12/16/2007,CAK,OH,AGL,CE,Combined TRACON& Tower with Radar,45,4,11,0,60,0,1,0,0,1,45,5,11,0,61,15,0,15,76
12/17/2007,CAK,OH,AGL,CE,Combined TRACON& Tower with Radar,64,15,48,2,129,0,4,10,2,16,64,19,58,4,145,19,2,21,166
12/18/2007,CAK,OH,AGL,CE,Combined TRACON& Tower with Radar,67,29,166,5,267,0,0,63,6,69,67,29,229,11,336,84,4,88,424
12/19/2007,CAK,OH,AGL,CE,Combined TRACON& Tower with Radar,62,30,69,5,166,0,2,7,6,15,62,32,76,11,181,56,2,58,239
12/20/2007,CAK,OH,AGL,CE,Combined TRACON& Tower with Radar,60,33,113,1,207,0,2,40,6,48,60,35,153,7,255,10,0,10,265
12/21/2007,CAK,OH,AGL,CE,Combined TRACON& Tower with Radar,65,30,67,3,165,0,1,25,5,31,65,31,92,8,196,52,6,58,254
12/22/2007,CAK,OH,AGL,CE,Combined TRACON& Tower with Radar,55,20,83,0,158,0,0,38,2,40,55,20,121,2,198,64,0,64,262
12/23/2007,CAK,OH,AGL,CE,Combined TRACON& Tower with Radar,52,14,2,0,68,0,1,1,0,2,52,15,3,0,70,7,0,7,77
12/24/2007,CAK,OH,AGL,CE,Combined TRACON& Tower with Radar,57,10,16,0,83,0,0,8,0,8,57,10,24,0,91,12,0,12,103
12/25/2007,CAK,OH,AGL,CE,Combined TRACON& Tower with Radar,51,8,23,0,82,0,0,21,0,21,51,8,44,0,103,4,0,4,107
12/26/2007,CAK,OH,AGL,CE,Combined TRACON& Tower with Radar,59,9,63,3,134,0,0,34,6,40,59,9,97,9,174,94,0,94,268
12/27/2007,CAK,OH,AGL,CE,Combined TRACON& Tower with Radar,66,15,47,0,128,0,0,0,0,0,66,15,47,0,128,9,0,9,137
12/28/2007,CAK,OH,AGL,CE,Combined TRACON& Tower with Radar,62,22,44,3,131,0,0,11,5,16,62,22,55,8,147,0,0,0,147
12/29/2007,CAK,OH,AGL,CE,Combined TRACON& Tower with Radar,67,10,35,0,112,0,0,25,0,25,67,10,60,0,137,41,0,41,178
12/30/2007,CAK,OH,AGL,CE,Combined TRACON& Tower with Radar,60,11,87,0,158,0,0,23,0,23,60,11,110,0,181,40,0,40,221
12/31/2007,CAK,OH,AGL,CE,Combined TRACON& Tower with Radar,54,12,44,0,110,0,0,2,1,3,54,12,46,1,113,28,0,28,141
01/01/2008,CAK,OH,AGL,CE,Combined TRACON& Tower with Radar,54,12,18,0,84,0,0,2,0,2,54,12,20,0,86,6,0,6,92
01/02/2008,CAK,OH,AGL,CE,Combined TRACON& Tower with Radar,61,17,56,2,136,0,0,9,6,15,61,17,65,8,151,21,0,21,172
01/03/2008,CAK,OH,AGL,CE,Combined TRACON& Tower with Radar,69,27,42,1,139,0,0,8,5,13,69,27,50,6,152,15,0,15,167
01/04/2008,CAK,OH,AGL,CE,Combined TRACON& Tower with Radar,64,25,106,3,198,0,1,39,3,43,64,26,145,6,241,51,0,51,292
01/05/2008,CAK,OH,AGL,CE,Combined TRACON& Tower with Radar,58,7,84,4,153,0,0,0,1,1,58,7,84,5,154,48,0,48,202
01/06/2008,CAK,OH,AGL,CE,Combined TRACON& Tower with Radar,70,7,35,0,112,0,1,1,2,4,70,8,36,2,116,8,0,8,124
01/07/2008,CAK,OH,AGL,CE,Combined TRACON& Tower with Radar,56,14,85,4,159,0,2,11,2,15,56,16,96,6,174,93,0,93,267
01/08/2008,CAK,OH,AGL,CE,Combined TRACON& Tower with Radar,63,17,76,5,161,0,1,14,13,28,63,18,90,18,189,66,20,86,275
01/09/2008,CAK,OH,AGL,CE,Combined TRACON& Tower with Radar,55,21,63,5,144,0,3,24,3,30,55,24,87,8,174,17,0,17,191
01/10/2008,CAK,OH,AGL,CE,Combined TRACON& Tower with Radar,71,17,229,6,323,0,3,53,13,69,71,20,282,19,392,94,0,94,486
01/11/2008,CAK,OH,AGL,CE,Combined TRACON& Tower with Radar,67,14,52,2,135,0,0,5,4,9,67,14,57,6,144,6,0,6,150
01/12/2008,CAK,OH,AGL,CE,Combined TRACON& Tower with Radar,60,7,122,2,191,0,0,95,2,97,60,7,217,4,288,142,0,142,430
01/13/2008,CAK,OH,AGL,CE,Combined TRACON& Tower with Radar,64,4,33,2,103,0,0,23,2,25,64,4,56,4,128,29,0,29,157
01/14/2008,CAK,OH,AGL,CE,Combined TRACON& Tower with Radar,62,17,46,0,125,0,0,3,1,4,62,17,49,1,129,7,0,7,136
01/15/2008,CAK,OH,AGL,CE,Combined TRACON& Tower with Radar,65,24,52,0,141,0,0,3,0,3,65,24,55,0,144,5,0,5,149
01/16/2008,CAK,OH,AGL,CE,Combined TRACON& Tower with Radar,63,19,139,4,225,0,14,173,5,192,63,33,312,9,417,160,14,174,591
01/17/2008,CAK,OH,AGL,CE,Combined TRACON& Tower with Radar,69,45,51,0,165,0,37,14,0,51,69,82,65,0,216,10,0,10,226
01/18/2008,CAK,OH,AGL,CE,Combined TRACON& Tower with Radar,67,22,77,3,169,1,1,52,0,54,68,23,129,3,223,56,0,56,279
01/19/2008,CAK,OH,AGL,CE,Combined TRACON& Tower with Radar,49,9,77,0,135,4,2,65,0,71,53,11,142,0,206,6,0,6,212
01/20/2008,CAK,OH,AGL,CE,Combined TRACON& Tower with Radar,65,5,40,0,110,4,5,8,0,17,69,10,48,0,127,26,0,26,153
01/21/2008,CAK,OH,AGL,CE,Combined TRACON& Tower with Radar,67,14,72,0,153,1,9,36,0,46,68,23,108,0,199,81,0,81,280
01/22/2008,CAK,OH,AGL,CE,Combined TRACON& Tower with Radar,53,20,32,0,105,3,0,2,0,5,56,20,34,0,110,9,32,41,151
01/23/2008,CAK,OH,AGL,CE,Combined TRACON& Tower with Radar,62,21,74,0,157,0,1,49,2,52,62,22,123,2,209,72,0,72,281
01/24/2008,CAK,OH,AGL,CE,Combined TRACON& Tower with Radar,63,30,43,0,136,1,27,9,0,37,64,57,52,0,173,31,0,31,204
01/25/2008,CAK,OH,AGL,CE,Combined TRACON& Tower with Radar,69,18,115,0,202,0,2,93,3,98,69,20,208,3,300,193,8,201,501
01/26/2008,CAK,OH,AGL,CE,Combined TRACON& Tower with Radar,57,10,55,0,122,0,0,32,0,32,57,10,87,0,154,63,1,64,218
01/27/2008,CAK,OH,AGL,CE,Combined TRACON& Tower with Radar,63,5,14,0,82,3,0,1,0,4,66,5,15,0,86,4,0,4,90
01/28/2008,CAK,OH,AGL,CE,Combined TRACON& Tower with Radar,64,10,77,0,151,0,0,50,2,52,64,10,127,2,203,38,0,38,241
01/29/2008,CAK,OH,AGL,CE,Combined TRACON& Tower with Radar,61,25,33,0,119,0,0,1,2,3,61,25,34,2,122,21,0,21,143
01/30/2008,CAK,OH,AGL,CE,Combined TRACON& Tower with Radar,67,14,45,5,131,0,0,11,4,15,67,14,56,9,146,15,0,15,161
01/31/2008,CAK,OH,AGL,CE,Combined TRACON& Tower with Radar,60,24,91,18,193,0,13,69,4,86,60,37,160,22,279,132,4,136,415
02/01/2008,CAK,OH,AGL,CE,Combined TRACON& Tower with Radar,63,14,20,0,97,0,1,1,3,5,63,15,21,3,102,3,0,3,105
02/02/2008,CAK,OH,AGL,CE,Combined TRACON& Tower with Radar,61,10,26,20,117,0,0,3,9,12,61,10,29,29,129,5,0,5,134
02/03/2008,CAK,OH,AGL,CE,Combined TRACON& Tower with Radar,61,8,23,1,93,20,17,8,0,45,81,25,31,1,138,43,0,43,181
02/04/2008,CAK,OH,AGL,CE,Combined TRACON& Tower with Radar,42,10,40,0,92,0,0,3,1,4,42,10,43,1,96,14,0,14,110
02/05/2008,CAK,OH,AGL,CE,Combined TRACON& Tower with Radar,64,22,42,0,128,0,0,4,0,4,64,22,46,0,132,8,0,8,140
02/06/2008,CAK,OH,AGL,CE,Combined TRACON& Tower with Radar,61,32,60,0,153,0,1,3,0,4,61,33,63,0,157,15,0,15,172
02/07/2008,CAK,OH,AGL,CE,Combined TRACON& Tower with Radar,67,26,72,8,173,0,0,1,6,7,67,26,73,14,180,16,20,36,216
02/08/2008,CAK,OH,AGL,CE,Combined TRACON& Tower with Radar,66,25,105,1,197,8,8,60,0,76,74,33,165,1,273,102,0,102,375
02/09/2008,CAK,OH,AGL,CE,Combined TRACON& Tower with Radar,47,12,28,0,87,11,8,7,0,26,58,20,35,0,113,18,0,18,131
02/10/2008,CAK,OH,AGL,CE,Combined TRACON& Tower with Radar,59,11,17,0,87,0,0,0,0,0,59,11,17,0,87,5,0,5,92
02/11/2008,CAK,OH,AGL,CE,Combined TRACON& Tower with Radar,63,27,90,0,180,0,0,15,0,15,63,27,105,0,195,70,0,70,265
02/12/2008,CAK,OH,AGL,CE,Combined TRACON& Tower with Radar,49,20,32,0,101,0,0,0,0,0,49,20,32,0,101,9,0,9,110
02/13/2008,CAK,OH,AGL,CE,Combined TRACON& Tower with Radar,67,23,41,4,135,0,1,5,4,10,67,24,46,8,145,16,30,46,191
02/14/2008,CAK,OH,AGL,CE,Combined TRACON& Tower with Radar,68,28,226,3,325,0,6,39,5,50,68,34,265,8,375,124,2,126,501
02/15/2008,CAK,OH,AGL,CE,Combined TRACON& Tower with Radar,65,28,66,0,159,0,1,15,1,17,65,29,81,1,176,19,0,19,195
02/16/2008,CAK,OH,AGL,CE,Combined TRACON& Tower with Radar,62,11,125,0,198,0,5,64,2,71,62,16,189,2,269,141,2,143,412
02/17/2008,CAK,OH,AGL,CE,Combined TRACON& Tower with Radar,59,9,31,0,99,0,1,2,0,3,59,10,33,0,102,28,0,28,130
02/18/2008,CAK,OH,AGL,CE,Combined TRACON& Tower with Radar,61,12,40,0,113,0,0,6,1,7,61,12,46,1,120,9,0,9,129
02/19/2008,CAK,OH,AGL,CE,Combined TRACON& Tower with Radar,70,22,79,11,182,0,0,11,4,15,70,22,90,15,197,19,38,57,254
02/20/2008,CAK,OH,AGL,CE,Combined TRACON& Tower with Radar,67,24,82,30,203,0,1,1,4,6,67,25,83,34,209,7,30,37,246
02/21/2008,CAK,OH,AGL,CE,Combined TRACON& Tower with Radar,61,24,82,6,173,0,1,39,5,45,61,25,121,11,218,51,0,51,269
02/22/2008,CAK,OH,AGL,CE,Combined TRACON& Tower with Radar,56,31,30,0,117,0,1,2,0,3,56,32,32,0,120,10,0,10,130
02/23/2008,CAK,OH,AGL,CE,Combined TRACON& Tower with Radar,62,18,72,0,152,0,1,45,2,48,62,19,117,2,200,125,0,125,325
02/24/2008,CAK,OH,AGL,CE,Combined TRACON& Tower with Radar,62,5,82,0,149,0,0,66,0,66,62,5,148,0,215,108,0,108,323
02/25/2008,CAK,OH,AGL,CE,Combined TRACON& Tower with Radar,64,24,60,2,150,0,3,10,0,13,64,27,70,2,163,29,4,33,196
02/26/2008,CAK,OH,AGL,CE,Combined TRACON& Tower with Radar,64,20,28,0,112,0,0,0,0,0,64,20,28,0,112,5,0,5,117
02/27/2008,CAK,OH,AGL,CE,Combined TRACON& Tower with Radar,68,22,43,2,135,0,0,2,2,4,68,22,45,4,139,6,4,10,149
02/28/2008,CAK,OH,AGL,CE,Combined TRACON& Tower with Radar,67,22,91,3,183,0,0,24,6,30,67,22,115,9,213,79,30,109,322
02/29/2008,CAK,OH,AGL,CE,Combined TRACON& Tower with Radar,66,20,37,0,123,0,0,2,0,2,66,20,39,0,125,3,0,3,128
03/01/2008,CAK,OH,AGL,CE,Combined TRACON& Tower with Radar,65,7,18,0,90,0,2,3,2,7,65,9,21,2,97,10,0,10,107
03/02/2008,CAK,OH,AGL,CE,Combined TRACON& Tower with Radar,67,4,104,0,175,0,0,56,1,57,67,4,160,1,232,137,0,137,369
03/03/2008,CAK,OH,AGL,CE,Combined TRACON& Tower with Radar,61,12,60,2,135,0,2,21,3,26,61,14,81,5,161,66,0,66,227
03/04/2008,CAK,OH,AGL,CE,Combined TRACON& Tower with Radar,67,17,21,0,105,0,0,0,0,0,67,17,21,0,105,6,0,6,111
03/05/2008,CAK,OH,AGL,CE,Combined TRACON& Tower with Radar,70,25,58,4,157,0,0,2,7,9,70,25,60,11,166,16,26,42,208
03/06/2008,CAK,OH,AGL,CE,Combined TRACON& Tower with Radar,65,14,89,6,174,0,0,23,10,33,65,14,112,16,207,40,0,40,247
03/07/2008,CAK,OH,AGL,CE,Combined TRACON& Tower with Radar,48,18,36,0,102,0,1,2,1,4,48,19,38,1,106,21,0,21,127
03/08/2008,CAK,OH,AGL,CE,Combined TRACON& Tower with Radar,22,6,5,0,33,0,0,0,0,0,22,6,5,0,33,9,0,9,42
03/09/2008,CAK,OH,AGL,CE,Combined TRACON& Tower with Radar,60,8,57,1,126,0,1,20,2,23,60,9,77,3,149,54,0,54,203
03/10/2008,CAK,OH,AGL,CE,Combined TRACON& Tower with Radar,66,23,75,0,164,0,0,7,1,8,66,23,82,1,172,27,0,27,199
03/11/2008,CAK,OH,AGL,CE,Combined TRACON& Tower with Radar,68,28,67,4,167,0,0,12,4,16,68,28,79,8,183,36,2,38,221
03/12/2008,CAK,OH,AGL,CE,Combined TRACON& Tower with Radar,70,25,93,1,189,0,1,28,10,39,70,26,121,11,228,66,0,66,294
03/13/2008,CAK,OH,AGL,CE,Combined TRACON& Tower with Radar,67,23,85,3,178,0,4,19,9,32,67,27,104,12,210,114,1,115,325
03/14/2008,CAK,OH,AGL,CE,Combined TRACON& Tower with Radar,60,23,73,1,157,0,3,5,1,9,60,26,78,2,166,16,0,16,182
03/15/2008,CAK,OH,AGL,CE,Combined TRACON& Tower with Radar,54,12,59,0,125,0,0,2,1,3,54,12,61,1,128,14,0,14,142
03/16/2008,CAK,OH,AGL,CE,Combined TRACON& Tower with Radar,65,7,82,0,154,0,0,26,1,27,65,7,108,1,181,59,0,59,240
03/17/2008,CAK,OH,AGL,CE,Combined TRACON& Tower with Radar,66,18,131,1,216,0,2,63,12,77,66,20,194,13,293,113,10,123,416
03/18/2008,CAK,OH,AGL,CE,Combined TRACON& Tower with Radar,70,29,59,2,160,0,1,5,4,10,70,30,64,6,170,36,0,36,206
03/19/2008,CAK,OH,AGL,CE,Combined TRACON& Tower with Radar,65,22,48,0,135,0,0,5,0,5,65,22,53,0,140,6,0,6,146
03/20/2008,CAK,OH,AGL,CE,Combined TRACON& Tower with Radar,70,29,82,5,186,0,2,30,15,47,70,31,112,20,233,89,8,97,330
03/21/2008,CAK,OH,AGL,CE,Combined TRACON& Tower with Radar,64,10,105,0,179,0,2,35,2,39,64,12,140,2,218,68,4,72,290
03/22/2008,CAK,OH,AGL,CE,Combined TRACON& Tower with Radar,60,5,35,0,100,0,1,8,0,9,60,6,43,0,109,7,0,7,116
03/23/2008,CAK,OH,AGL,CE,Combined TRACON& Tower with Radar,63,7,28,0,98,0,1,24,0,25,63,8,52,0,123,29,0,29,152
03/24/2008,CAK,OH,AGL,CE,Combined TRACON& Tower with Radar,65,13,84,2,164,0,8,28,0,36,65,21,112,2,200,41,0,41,241
03/25/2008,CAK,OH,AGL,CE,Combined TRACON& Tower with Radar,65,26,94,2,187,0,1,33,6,40,65,27,127,8,227,72,0,72,299
03/26/2008,CAK,OH,AGL,CE,Combined TRACON& Tower with Radar,69,21,167,8,265,0,0,76,9,85,69,21,243,17,350,163,0,163,513
03/27/2008,CAK,OH,AGL,CE,Combined TRACON& Tower with Radar,64,18,86,18,186,0,0,16,5,21,64,18,102,23,207,62,20,82,289
03/28/2008,CAK,OH,AGL,CE,Combined TRACON& Tower with Radar,69,25,62,2,158,0,1,9,5,15,69,26,71,7,173,85,2,87,260
03/29/2008,CAK,OH,AGL,CE,Combined TRACON& Tower with Radar,59,15,134,0,208,0,3,74,0,77,59,18,208,0,285,160,0,160,445
03/30/2008,CAK,OH,AGL,CE,Combined TRACON& Tower with Radar,65,4,53,0,122,0,0,21,1,22,65,4,74,1,144,21,0,21,165
03/31/2008,CAK,OH,AGL,CE,Combined TRACON& Tower with Radar,63,20,75,2,160,0,0,9,5,14,63,20,84,7,174,45,0,45,219
04/01/2008,CAK,OH,AGL,CE,Combined TRACON& Tower with Radar,66,20,31,3,120,9,5,10,6,30,75,25,41,9,150,10,10,20,170
04/02/2008,CAK,OH,AGL,CE,Combined TRACON& Tower with Radar,67,20,144,1,232,4,10,120,3,137,71,30,264,4,369,214,0,214,583
04/03/2008,CAK,OH,AGL,CE,Combined TRACON& Tower with Radar,65,21,105,2,193,6,8,47,3,64,71,29,152,5,257,113,0,113,370
04/04/2008,CAK,OH,AGL,CE,Combined TRACON& Tower with Radar,68,22,70,0,160,1,1,8,0,10,69,23,78,0,170,57,0,57,227
04/05/2008,CAK,OH,AGL,CE,Combined TRACON& Tower with Radar,66,9,146,0,221,1,4,91,1,97,67,13,237,1,318,100,0,100,418
04/06/2008,CAK,OH,AGL,CE,Combined TRACON& Tower with Radar,66,4,138,0,208,1,10,115,1,127,67,14,253,1,335,174,0,174,509
04/07/2008,CAK,OH,AGL,CE,Combined TRACON& Tower with Radar,67,13,91,4,175,3,10,41,0,54,70,23,132,4,229,69,0,69,298
04/08/2008,CAK,OH,AGL,CE,Combined TRACON& Tower with Radar,68,14,137,0,219,3,9,93,11,116,71,23,230,11,335,143,0,143,478
04/09/2008,CAK,OH,AGL,CE,Combined TRACON& Tower with Radar,65,14,100,10,189,4,8,37,4,53,69,22,137,14,242,61,14,75,317
04/10/2008,CAK,OH,AGL,CE,Combined TRACON& Tower with Radar,65,17,140,3,225,0,12,70,8,90,65,29,210,11,315,131,0,131,446
04/11/2008,CAK,OH,AGL,CE,Combined TRACON& Tower with Radar,60,14,41,4,119,7,7,10,1,25,67,21,51,5,144,13,2,15,159
04/12/2008,CAK,OH,AGL,CE,Combined TRACON& Tower with Radar,60,11,26,0,97,0,0,21,0,21,60,11,47,0,118,28,0,28,146
04/13/2008,CAK,OH,AGL,CE,Combined TRACON& Tower with Radar,58,9,22,0,89,0,0,2,1,3,58,9,24,1,92,7,0,7,99
04/14/2008,CAK,OH,AGL,CE,Combined TRACON& Tower with Radar,63,21,119,1,204,0,0,36,4,40,63,21,155,5,244,121,0,121,365
04/15/2008,CAK,OH,AGL,CE,Combined TRACON& Tower with Radar,65,26,173,3,267,0,3,74,8,85,65,29,247,11,352,151,0,151,503
04/16/2008,CAK,OH,AGL,CE,Combined TRACON& Tower with Radar,64,18,172,12,266,0,2,56,8,66,64,20,228,20,332,138,16,154,486
04/17/2008,CAK,OH,AGL,CE,Combined TRACON& Tower with Radar,68,24,190,9,291,0,14,107,8,129,68,38,297,17,420,159,2,161,581
04/18/2008,CAK,OH,AGL,CE,Combined TRACON& Tower with Radar,70,18,183,4,275,5,14,147,5,171,75,32,330,9,446,163,0,163,609
04/19/2008,CAK,OH,AGL,CE,Combined TRACON& Tower with Radar,59,11,90,0,160,5,10,71,1,87,64,21,161,1,247,170,0,170,417
04/20/2008,CAK,OH,AGL,CE,Combined TRACON& Tower with Radar,62,10,95,1,168,4,7,13,1,25,66,17,108,2,193,61,0,61,254
04/21/2008,CAK,OH,AGL,CE,Combined TRACON& Tower with Radar,66,16,106,0,188,0,1,17,0,18,66,17,123,0,206,94,0,94,300
04/22/2008,CAK,OH,AGL,CE,Combined TRACON& Tower with Radar,60,24,165,8,257,0,2,83,10,95,60,26,248,18,352,120,4,124,476
04/23/2008,CAK,OH,AGL,CE,Combined TRACON& Tower with Radar,62,27,134,0,223,0,8,86,9,103,62,35,220,9,326,70,0,70,396
04/24/2008,CAK,OH,AGL,CE,Combined TRACON& Tower with Radar,62,17,136,1,216,0,17,107,4,128,62,34,243,5,344,114,0,114,458
04/25/2008,CAK,OH,AGL,CE,Combined TRACON& Tower with Radar,60,24,99,5,188,1,8,57,2,68,61,32,156,7,256,24,0,24,280
04/26/2008,CAK,OH,AGL,CE,Combined TRACON& Tower with Radar,55,14,52,0,121,0,7,42,0,49,55,21,94,0,170,26,0,26,196
04/27/2008,CAK,OH,AGL,CE,Combined TRACON& Tower with Radar,60,6,146,1,213,0,11,138,5,154,60,17,284,6,367,80,0,80,447
04/28/2008,CAK,OH,AGL,CE,Combined TRACON& Tower with Radar,59,21,44,8,132,0,0,2,0,2,59,21,46,8,134,11,0,11,145
04/29/2008,CAK,OH,AGL,CE,Combined TRACON& Tower with Radar,63,24,90,2,179,0,7,48,4,59,63,31,138,6,238,83,0,83,321
04/30/2008,CAK,OH,AGL,CE,Combined TRACON& Tower with Radar,65,22,93,4,184,0,0,67,8,75,65,22,160,12,259,49,0,49,308
05/01/2008,CAK,OH,AGL,CE,Combined TRACON& Tower with Radar,56,26,130,4,216,0,1,29,6,36,56,27,159,10,252,63,0,63,315
05/02/2008,CAK,OH,AGL,CE,Combined TRACON& Tower with Radar,55,23,62,13,153,11,3,15,5,34,66,26,77,18,187,28,44,72,259
05/03/2008,CAK,OH,AGL,CE,Combined TRACON& Tower with Radar,57,5,16,0,78,0,2,1,0,3,57,7,17,0,81,6,0,6,87
05/04/2008,CAK,OH,AGL,CE,Combined TRACON& Tower with Radar,54,13,75,6,148,7,4,80,3,94,61,17,155,9,242,134,5,139,381
05/05/2008,CAK,OH,AGL,CE,Combined TRACON& Tower with Radar,62,17,85,0,164,0,3,48,0,51,62,20,133,0,215,38,0,38,253
05/06/2008,CAK,OH,AGL,CE,Combined TRACON& Tower with Radar,64,18,104,1,187,0,0,37,0,37,64,18,141,1,224,42,0,42,266
05/07/2008,CAK,OH,AGL,CE,Combined TRACON& Tower with Radar,61,17,69,2,149,0,2,16,4,22,61,19,85,6,171,40,0,40,211
05/08/2008,CAK,OH,AGL,CE,Combined TRACON& Tower with Radar,62,24,103,4,193,0,0,1,4,5,62,24,104,8,198,81,0,81,279
05/09/2008,CAK,OH,AGL,CE,Combined TRACON& Tower with Radar,61,26,87,1,175,0,15,48,3,66,61,41,135,4,241,68,0,68,309
05/10/2008,CAK,OH,AGL,CE,Combined TRACON& Tower with Radar,58,9,136,0,203,1,1,120,1,123,59,10,256,1,326,100,0,100,426
05/11/2008,CAK,OH,AGL,CE,Combined TRACON& Tower with Radar,54,7,20,0,81,5,0,0,0,5,59,7,20,0,86,8,0,8,94
05/12/2008,CAK,OH,AGL,CE,Combined TRACON& Tower with Radar,62,22,61,0,145,1,4,19,2,26,63,26,80,2,171,24,0,24,195
05/13/2008,CAK,OH,AGL,CE,Combined TRACON& Tower with Radar,61,30,151,4,246,0,12,67,6,85,61,42,218,10,331,134,0,134,465
05/14/2008,CAK,OH,AGL,CE,Combined TRACON& Tower with Radar,61,23,58,0,142,0,1,10,0,11,61,24,68,0,153,10,1,11,164
05/15/2008,CAK,OH,AGL,CE,Combined TRACON& Tower with Radar,62,26,147,3,238,0,0,45,8,53,62,26,192,11,291,124,0,124,415
05/16/2008,CAK,OH,AGL,CE,Combined TRACON& Tower with Radar,60,24,85,3,172,0,1,20,1,22,60,25,105,4,194,102,0,102,296
05/17/2008,CAK,OH,AGL,CE,Combined TRACON& Tower with Radar,58,9,69,1,137,0,0,20,6,26,58,9,89,7,163,19,2,21,184
05/18/2008,CAK,OH,AGL,CE,Combined TRACON& Tower with Radar,56,13,31,2,102,0,1,9,1,11,56,14,40,3,113,3,0,3,116
05/19/2008,CAK,OH,AGL,CE,Combined TRACON& Tower with Radar,59,17,79,2,157,0,0,23,3,26,59,17,102,5,183,26,0,26,209
05/20/2008,CAK,OH,AGL,CE,Combined TRACON& Tower with Radar,58,19,120,3,200,0,1,41,5,47,58,20,161,8,247,85,0,85,332
05/21/2008,CAK,OH,AGL,CE,Combined TRACON& Tower with Radar,63,34,86,3,186,0,0,17,4,21,63,34,103,7,207,63,2,65,272
05/22/2008,CAK,OH,AGL,CE,Combined TRACON& Tower with Radar,60,30,118,10,218,0,0,24,12,36,60,30,142,22,254,50,0,50,304
05/23/2008,CAK,OH,AGL,CE,Combined TRACON& Tower with Radar,62,28,115,8,213,0,3,70,8,81,62,31,185,16,294,75,8,83,377
05/24/2008,CAK,OH,AGL,CE,Combined TRACON& Tower with Radar,49,16,121,0,186,0,1,58,1,60,49,17,179,1,246,64,0,64,310
05/25/2008,CAK,OH,AGL,CE,Combined TRACON& Tower with Radar,47,11,96,1,155,0,4,62,1,67,47,15,158,2,222,34,0,34,256
05/26/2008,CAK,OH,AGL,CE,Combined TRACON& Tower with Radar,61,17,46,0,124,0,1,16,3,20,61,18,62,3,144,57,4,61,205
05/27/2008,CAK,OH,AGL,CE,Combined TRACON& Tower with Radar,63,30,64,9,166,0,0,4,11,15,63,30,68,20,181,34,0,34,215
05/28/2008,CAK,OH,AGL,CE,Combined TRACON& Tower with Radar,62,41,99,2,204,0,4,45,9,58,62,45,144,11,262,112,12,124,386
05/29/2008,CAK,OH,AGL,CE,Combined TRACON& Tower with Radar,63,28,156,3,250,0,4,80,10,94,63,32,236,13,344,79,0,79,423
05/30/2008,CAK,OH,AGL,CE,Combined TRACON& Tower with Radar,59,34,105,1,199,0,2,56,6,64,59,36,161,7,263,29,0,29,292
05/31/2008,CAK,OH,AGL,CE,Combined TRACON& Tower with Radar,57,6,39,0,102,0,0,17,0,17,57,6,56,0,119,53,0,53,172
06/01/2008,CAK,OH,AGL,CE,Combined TRACON& Tower with Radar,58,14,107,4,183,0,5,42,2,49,58,19,149,6,232,69,13,82,314
06/02/2008,CAK,OH,AGL,CE,Combined TRACON& Tower with Radar,62,20,111,2,195,0,1,71,2,74,62,21,182,4,269,86,0,86,355
06/03/2008,CAK,OH,AGL,CE,Combined TRACON& Tower with Radar,62,19,34,0,115,0,0,2,2,4,62,19,36,2,119,10,0,10,129
06/04/2008,CAK,OH,AGL,CE,Combined TRACON& Tower with Radar,62,33,63,2,160,0,0,8,1,9,62,33,71,3,169,43,0,43,212
06/05/2008,CAK,OH,AGL,CE,Combined TRACON& Tower with Radar,64,31,123,2,220,0,2,50,4,56,64,33,173,6,276,101,0,101,377
06/06/2008,CAK,OH,AGL,CE,Combined TRACON& Tower with Radar,62,25,87,13,187,1,0,38,4,43,63,25,125,17,230,67,8,75,305
06/07/2008,CAK,OH,AGL,CE,Combined TRACON& Tower with Radar,61,15,69,0,145,0,2,38,7,47,61,17,107,7,192,95,0,95,287
06/08/2008,CAK,OH,AGL,CE,Combined TRACON& Tower with Radar,67,13,118,0,198,0,4,18,4,26,67,17,136,4,224,23,0,23,247
06/09/2008,CAK,OH,AGL,CE,Combined TRACON& Tower with Radar,63,22,94,0,179,0,1,45,2,48,63,23,139,2,227,60,0,60,287
06/10/2008,CAK,OH,AGL,CE,Combined TRACON& Tower with Radar,66,32,57,0,155,0,2,16,0,18,66,34,73,0,173,48,0,48,221
06/11/2008,CAK,OH,AGL,CE,Combined TRACON& Tower with Radar,64,16,118,0,198,0,1,73,1,75,64,17,191,1,273,111,0,111,384
06/12/2008,CAK,OH,AGL,CE,Combined TRACON& Tower with Radar,66,26,167,0,259,0,4,53,1,58,66,30,220,1,317,100,0,100,417
06/13/2008,CAK,OH,AGL,CE,Combined TRACON& Tower with Radar,65,23,84,0,172,0,0,30,0,30,65,23,114,0,202,29,0,29,231
06/14/2008,CAK,OH,AGL,CE,Combined TRACON& Tower with Radar,61,14,29,0,104,0,1,23,1,25,61,15,52,1,129,24,0,24,153
06/15/2008,CAK,OH,AGL,CE,Combined TRACON& Tower with Radar,67,18,114,0,199,0,2,81,1,84,67,20,195,1,283,40,0,40,323
06/16/2008,CAK,OH,AGL,CE,Combined TRACON& Tower with Radar,61,23,85,0,169,0,3,23,3,29,61,26,108,3,198,19,0,19,217
06/17/2008,CAK,OH,AGL,CE,Combined TRACON& Tower with Radar,70,24,89,0,183,7,6,40,1,54,77,30,129,1,237,40,0,40,277
06/18/2008,CAK,OH,AGL,CE,Combined TRACON& Tower with Radar,71,23,108,1,203,0,23,49,0,72,71,46,157,1,275,77,0,77,352
06/19/2008,CAK,OH,AGL,CE,Combined TRACON& Tower with Radar,65,13,107,0,185,3,3,83,0,89,68,16,190,0,274,94,0,94,368
06/20/2008,CAK,OH,AGL,CE,Combined TRACON& Tower with Radar,67,18,93,2,180,0,3,54,3,60,67,21,147,5,240,118,0,118,358
06/21/2008,CAK,OH,AGL,CE,Combined TRACON& Tower with Radar,62,11,60,3,136,0,7,24,1,32,62,18,84,4,168,54,0,54,222
06/22/2008,CAK,OH,AGL,CE,Combined TRACON& Tower with Radar,61,18,70,0,149,0,2,23,2,27,61,20,93,2,176,29,0,29,205
06/23/2008,CAK,OH,AGL,CE,Combined TRACON& Tower with Radar,63,22,53,1,139,0,0,23,3,26,63,22,76,4,165,17,8,25,190
06/24/2008,CAK,OH,AGL,CE,Combined TRACON& Tower with Radar,68,30,140,2,240,0,2,58,4,64,68,32,198,6,304,62,0,62,366
06/25/2008,CAK,OH,AGL,CE,Combined TRACON& Tower with Radar,65,20,98,0,183,0,1,48,2,51,65,21,146,2,234,52,0,52,286
06/26/2008,CAK,OH,AGL,CE,Combined TRACON& Tower with Radar,67,23,96,3,189,0,0,21,2,23,67,23,117,5,212,29,0,29,241
06/27/2008,CAK,OH,AGL,CE,Combined TRACON& Tower with Radar,69,26,83,0,178,0,1,22,1,24,69,27,105,1,202,25,0,25,227
06/28/2008,CAK,OH,AGL,CE,Combined TRACON& Tower with Radar,63,10,25,0,98,0,1,6,0,7,63,11,31,0,105,25,0,25,130
06/29/2008,CAK,OH,AGL,CE,Combined TRACON& Tower with Radar,63,7,74,0,144,0,0,13,0,13,63,7,87,0,157,21,0,21,178
06/30/2008,CAK,OH,AGL,CE,Combined TRACON& Tower with Radar,71,13,59,0,143,0,2,9,1,12,71,15,68,1,155,62,0,62,217
07/01/2008,CAK,OH,AGL,CE,Combined TRACON& Tower with Radar,64,16,148,6,234,0,1,73,8,82,64,17,221,14,316,126,0,126,442
07/02/2008,CAK,OH,AGL,CE,Combined TRACON& Tower with Radar,65,14,98,5,182,0,0,54,8,62,65,14,152,13,244,35,0,35,279
07/03/2008,CAK,OH,AGL,CE,Combined TRACON& Tower with Radar,66,13,46,5,130,0,0,7,6,13,66,13,53,11,143,126,10,136,279
07/04/2008,CAK,OH,AGL,CE,Combined TRACON& Tower with Radar,51,8,52,0,111,0,0,22,0,22,51,8,74,0,133,35,0,35,168
07/05/2008,CAK,OH,AGL,CE,Combined TRACON& Tower with Radar,58,4,57,0,119,0,2,42,1,45,58,6,99,1,164,62,0,62,226
07/06/2008,CAK,OH,AGL,CE,Combined TRACON& Tower with Radar,61,9,99,0,169,0,0,61,0,61,61,9,160,0,230,37,0,37,267
07/07/2008,CAK,OH,AGL,CE,Combined TRACON& Tower with Radar,73,20,77,4,174,0,1,26,9,36,73,21,103,13,210,106,0,106,316
07/08/2008,CAK,OH,AGL,CE,Combined TRACON& Tower with Radar,64,18,61,3,146,0,0,22,5,27,64,18,83,8,173,50,0,50,223
07/09/2008,CAK,OH,AGL,CE,Combined TRACON& Tower with Radar,65,15,94,0,174,0,1,19,0,20,65,16,113,0,194,17,0,17,211
07/10/2008,CAK,OH,AGL,CE,Combined TRACON& Tower with Radar,61,16,98,8,183,0,0,60,6,66,61,16,158,14,249,130,2,132,381
07/11/2008,CAK,OH,AGL,CE,Combined TRACON& Tower with Radar,68,12,121,2,203,0,0,55,4,59,68,12,176,6,262,110,0,110,372
07/12/2008,CAK,OH,AGL,CE,Combined TRACON& Tower with Radar,67,10,79,23,179,0,1,52,4,57,67,11,131,27,236,45,24,69,305
07/13/2008,CAK,OH,AGL,CE,Combined TRACON& Tower with Radar,57,8,50,2,117,0,0,20,2,22,57,8,70,4,139,43,0,43,182
07/14/2008,CAK,OH,AGL,CE,Combined TRACON& Tower with Radar,68,10,114,3,195,0,0,50,6,56,68,10,164,9,251,183,0,183,434
07/15/2008,CAK,OH,AGL,CE,Combined TRACON& Tower with Radar,65,12,139,4,220,0,1,52,3,56,65,13,191,7,276,137,0,137,413
07/16/2008,CAK,OH,AGL,CE,Combined TRACON& Tower with Radar,68,17,149,5,239,0,15,59,7,81,68,32,208,12,320,141,0,141,461
07/17/2008,CAK,OH,AGL,CE,Combined TRACON& Tower with Radar,68,16,83,1,168,0,9,52,7,68,68,25,135,8,236,117,0,117,353
07/18/2008,CAK,OH,AGL,CE,Combined TRACON& Tower with Radar,66,16,136,2,220,0,6,58,6,70,66,22,194,8,290,112,24,136,426
07/19/2008,CAK,OH,AGL,CE,Combined TRACON& Tower with Radar,63,4,62,0,129,0,4,38,2,44,63,8,100,2,173,45,16,61,234
07/20/2008,CAK,OH,AGL,CE,Combined TRACON& Tower with Radar,67,4,32,0,103,0,0,16,0,16,67,4,48,0,119,3,0,3,122
07/21/2008,CAK,OH,AGL,CE,Combined TRACON& Tower with Radar,65,14,110,4,193,0,2,17,6,25,65,16,127,10,218,110,0,110,328
07/22/2008,CAK,OH,AGL,CE,Combined TRACON& Tower with Radar,64,15,123,7,209,0,3,33,7,43,64,18,156,14,252,74,0,74,326
07/23/2008,CAK,OH,AGL,CE,Combined TRACON& Tower with Radar,64,18,114,14,210,0,1,16,9,26,64,19,130,23,236,113,1,114,350
07/24/2008,CAK,OH,AGL,CE,Combined TRACON& Tower with Radar,64,16,125,1,206,0,1,64,9,74,64,17,189,10,280,103,7,110,390
07/25/2008,CAK,OH,AGL,CE,Combined TRACON& Tower with Radar,66,22,197,2,287,0,2,77,10,89,66,24,274,12,376,115,0,115,491
07/26/2008,CAK,OH,AGL,CE,Combined TRACON& Tower with Radar,63,6,93,0,162,0,1,42,1,44,63,7,135,1,206,186,8,194,400
07/27/2008,CAK,OH,AGL,CE,Combined TRACON& Tower with Radar,63,7,133,1,204,0,8,63,1,72,63,15,196,2,276,144,0,144,420
07/28/2008,CAK,OH,AGL,CE,Combined TRACON& Tower with Radar,64,16,121,12,213,0,0,32,0,32,64,16,153,12,245,107,0,107,352
07/29/2008,CAK,OH,AGL,CE,Combined TRACON& Tower with Radar,67,31,109,10,217,0,0,44,6,50,67,31,153,16,267,89,5,94,361
07/30/2008,CAK,OH,AGL,CE,Combined TRACON& Tower with Radar,67,19,104,7,197,0,2,15,4,21,67,21,119,11,218,106,4,110,328
07/31/2008,CAK,OH,AGL,CE,Combined TRACON& Tower with Radar,60,20,180,3,263,0,4,48,11,63,60,24,228,14,326,91,0,91,417
08/01/2008,CAK,OH,AGL,CE,Combined TRACON& Tower with Radar,72,25,199,8,304,0,0,68,10,78,72,25,267,18,382,27,0,27,409
08/02/2008,CAK,OH,AGL,CE,Combined TRACON& Tower with Radar,63,26,168,25,282,0,2,216,9,227,63,28,384,34,509,113,0,113,622
08/03/2008,CAK,OH,AGL,CE,Combined TRACON& Tower with Radar,69,19,155,5,248,0,1,223,5,229,69,20,378,10,477,146,16,162,639
08/04/2008,CAK,OH,AGL,CE,Combined TRACON& Tower with Radar,66,19,122,6,213,0,1,53,8,62,66,20,175,14,275,42,0,42,317
08/05/2008,CAK,OH,AGL,CE,Combined TRACON& Tower with Radar,68,16,138,2,224,0,0,29,6,35,68,16,167,8,259,39,0,39,298
08/06/2008,CAK,OH,AGL,CE,Combined TRACON& Tower with Radar,65,15,148,2,230,0,0,70,6,76,65,15,218,8,306,140,0,140,446
08/07/2008,CAK,OH,AGL,CE,Combined TRACON& Tower with Radar,68,15,114,2,199,0,2,70,10,82,68,17,184,12,281,59,4,63,344
08/08/2008,CAK,OH,AGL,CE,Combined TRACON& Tower with Radar,70,18,109,6,203,0,2,49,9,60,70,20,158,15,263,51,0,51,314
08/09/2008,CAK,OH,AGL,CE,Combined TRACON& Tower with Radar,69,8,109,0,186,0,0,73,1,74,69,8,182,1,260,98,0,98,358
08/10/2008,CAK,OH,AGL,CE,Combined TRACON& Tower with Radar,64,5,72,0,141,0,0,25,1,26,64,5,97,1,167,44,0,44,211
08/11/2008,CAK,OH,AGL,CE,Combined TRACON& Tower with Radar,62,26,142,19,249,0,0,35,10,45,62,26,177,29,294,71,0,71,365
08/12/2008,CAK,OH,AGL,CE,Combined TRACON& Tower with Radar,68,18,159,7,252,0,2,76,5,83,68,20,235,12,335,33,0,33,368
08/13/2008,CAK,OH,AGL,CE,Combined TRACON& Tower with Radar,69,17,141,11,238,0,3,65,14,82,69,20,206,25,320,46,4,50,370
08/14/2008,CAK,OH,AGL,CE,Combined TRACON& Tower with Radar,66,12,104,9,191,0,0,61,14,75,66,12,165,23,266,113,0,113,379
08/15/2008,CAK,OH,AGL,CE,Combined TRACON& Tower with Radar,70,15,164,11,260,0,3,72,8,83,70,18,236,19,343,127,0,127,470
08/16/2008,CAK,OH,AGL,CE,Combined TRACON& Tower with Radar,64,12,157,7,240,0,2,97,8,107,64,14,254,15,347,51,10,61,408
08/17/2008,CAK,OH,AGL,CE,Combined TRACON& Tower with Radar,66,3,177,0,246,0,6,157,1,164,66,9,334,1,410,140,0,140,550
08/18/2008,CAK,OH,AGL,CE,Combined TRACON& Tower with Radar,65,14,98,1,178,0,0,49,10,59,65,14,147,11,237,62,0,62,299
08/19/2008,CAK,OH,AGL,CE,Combined TRACON& Tower with Radar,68,18,126,3,215,0,2,67,6,75,68,20,193,9,290,93,2,95,385
08/20/2008,CAK,OH,AGL,CE,Combined TRACON& Tower with Radar,68,21,145,2,236,0,0,82,2,84,68,21,227,4,320,64,17,81,401
08/21/2008,CAK,OH,AGL,CE,Combined TRACON& Tower with Radar,67,14,219,0,300,0,0,80,4,84,67,14,299,4,384,186,0,186,570
08/22/2008,CAK,OH,AGL,CE,Combined TRACON& Tower with Radar,64,18,148,12,242,0,2,57,3,62,64,20,205,15,304,135,0,135,439
08/23/2008,CAK,OH,AGL,CE,Combined TRACON& Tower with Radar,58,7,83,0,148,0,1,66,0,67,58,8,149,0,215,40,2,42,257
08/24/2008,CAK,OH,AGL,CE,Combined TRACON& Tower with Radar,66,3,52,0,121,0,0,39,1,40,66,3,91,1,161,21,0,21,182
08/25/2008,CAK,OH,AGL,CE,Combined TRACON& Tower with Radar,67,11,96,0,174,0,0,44,0,44,67,11,140,0,218,29,0,29,247
08/26/2008,CAK,OH,AGL,CE,Combined TRACON& Tower with Radar,64,16,115,3,198,0,3,49,3,55,64,19,164,6,253,44,0,44,297
08/27/2008,CAK,OH,AGL,CE,Combined TRACON& Tower with Radar,66,22,91,1,180,0,0,14,1,15,66,22,105,2,195,23,0,23,218
08/28/2008,CAK,OH,AGL,CE,Combined TRACON& Tower with Radar,66,23,69,0,158,0,0,15,0,15,66,23,84,0,173,22,0,22,195
08/29/2008,CAK,OH,AGL,CE,Combined TRACON& Tower with Radar,69,12,107,2,190,0,0,46,3,49,69,12,153,5,239,72,0,72,311
08/30/2008,CAK,OH,AGL,CE,Combined TRACON& Tower with Radar,53,13,108,0,174,0,1,87,3,91,53,14,195,3,265,51,0,51,316
08/31/2008,CAK,OH,AGL,CE,Combined TRACON& Tower with Radar,46,2,139,5,192,0,1,74,4,79,46,3,213,9,271,19,0,19,290
09/01/2008,CAK,OH,AGL,CE,Combined TRACON& Tower with Radar,64,2,116,9,191,0,0,88,1,89,64,2,204,10,280,109,0,109,389
09/02/2008,CAK,OH,AGL,CE,Combined TRACON& Tower with Radar,67,10,132,7,216,0,3,75,5,83,67,13,207,12,299,117,0,117,416
09/03/2008,CAK,OH,AGL,CE,Combined TRACON& Tower with Radar,66,7,131,12,216,0,0,66,3,69,66,7,197,15,285,72,0,72,357
09/04/2008,CAK,OH,AGL,CE,Combined TRACON& Tower with Radar,64,14,142,0,220,0,4,70,4,78,64,18,212,4,298,132,0,132,430
09/05/2008,CAK,OH,AGL,CE,Combined TRACON& Tower with Radar,66,13,66,0,145,0,1,13,1,15,66,14,79,1,160,24,0,24,184
09/06/2008,CAK,OH,AGL,CE,Combined TRACON& Tower with Radar,48,12,84,0,144,0,1,28,1,30,48,13,112,1,174,46,0,46,220
09/07/2008,CAK,OH,AGL,CE,Combined TRACON& Tower with Radar,65,4,92,0,161,0,0,47,0,47,65,4,139,0,208,21,0,21,229
09/08/2008,CAK,OH,AGL,CE,Combined TRACON& Tower with Radar,63,11,118,5,197,0,0,49,0,49,63,11,167,5,246,75,0,75,321
09/09/2008,CAK,OH,AGL,CE,Combined TRACON& Tower with Radar,63,15,115,4,197,0,1,15,4,20,63,16,130,8,217,58,2,60,277
09/10/2008,CAK,OH,AGL,CE,Combined TRACON& Tower with Radar,65,17,193,2,277,0,4,107,2,113,65,21,300,4,390,122,0,122,512
09/11/2008,CAK,OH,AGL,CE,Combined TRACON& Tower with Radar,67,13,110,5,195,0,1,56,6,63,67,14,166,11,258,115,2,117,375
09/12/2008,CAK,OH,AGL,CE,Combined TRACON& Tower with Radar,61,14,52,1,128,0,0,2,1,3,61,14,54,2,131,6,0,6,137
09/13/2008,CAK,OH,AGL,CE,Combined TRACON& Tower with Radar,51,6,26,0,83,0,0,4,0,4,51,6,30,0,87,12,0,12,99
09/14/2008,CAK,OH,AGL,CE,Combined TRACON& Tower with Radar,64,19,209,7,299,0,2,54,4,60,64,21,263,11,359,133,0,133,492
09/15/2008,CAK,OH,AGL,CE,Combined TRACON& Tower with Radar,59,17,117,6,199,0,1,27,4,32,59,18,144,10,231,78,2,80,311
09/16/2008,CAK,OH,AGL,CE,Combined TRACON& Tower with Radar,62,15,65,0,142,0,1,16,0,17,62,16,81,0,159,44,0,44,203
09/17/2008,CAK,OH,AGL,CE,Combined TRACON& Tower with Radar,64,25,149,2,240,0,3,68,3,74,64,28,217,5,314,145,0,145,459
09/18/2008,CAK,OH,AGL,CE,Combined TRACON& Tower with Radar,64,16,171,1,252,0,3,100,9,112,64,19,271,10,364,115,2,117,481
09/19/2008,CAK,OH,AGL,CE,Combined TRACON& Tower with Radar,69,13,116,4,202,0,0,69,3,72,69,13,185,7,274,24,0,24,298
09/20/2008,CAK,OH,AGL,CE,Combined TRACON& Tower with Radar,54,4,105,0,163,0,0,73,0,73,54,4,178,0,236,101,0,101,337
09/21/2008,CAK,OH,AGL,CE,Combined TRACON& Tower with Radar,66,7,77,0,150,0,0,62,0,62,66,7,139,0,212,70,4,74,286
09/22/2008,CAK,OH,AGL,CE,Combined TRACON& Tower with Radar,60,18,81,0,159,0,1,23,1,25,60,19,104,1,184,82,0,82,266
09/23/2008,CAK,OH,AGL,CE,Combined TRACON& Tower with Radar,63,15,89,0,167,0,0,37,2,39,63,15,126,2,206,73,0,73,279
09/24/2008,CAK,OH,AGL,CE,Combined TRACON& Tower with Radar,66,11,104,2,183,0,1,47,5,53,66,12,151,7,236,38,0,38,274
09/25/2008,CAK,OH,AGL,CE,Combined TRACON& Tower with Radar,63,24,106,2,195,0,2,37,7,46,63,26,143,9,241,108,2,110,351
09/26/2008,CAK,OH,AGL,CE,Combined TRACON& Tower with Radar,65,13,90,0,168,0,1,29,0,30,65,14,119,0,198,115,0,115,313
09/27/2008,CAK,OH,AGL,CE,Combined TRACON& Tower with Radar,9,21,60,5,95,0,0,9,0,9,9,21,69,5,104,70,0,70,174
09/28/2008,CAK,OH,AGL,CE,Combined TRACON& Tower with Radar,69,6,110,0,185,0,0,19,0,19,69,6,129,0,204,129,0,129,333
09/29/2008,CAK,OH,AGL,CE,Combined TRACON& Tower with Radar,64,10,117,3,194,0,2,24,2,28,64,12,141,5,222,112,0,112,334
09/30/2008,CAK,OH,AGL,CE,Combined TRACON& Tower with Radar,65,11,86,8,170,0,1,16,2,19,65,12,102,10,189,28,8,36,225
10/01/2008,CAK,OH,AGL,CE,Combined TRACON& Tower with Radar,64,23,75,7,169,0,0,7,4,11,64,23,82,11,180,49,2,51,231
10/02/2008,CAK,OH,AGL,CE,Combined TRACON& Tower with Radar,63,21,86,8,178,0,0,28,5,33,63,21,114,13,211,64,2,66,277
10/03/2008,CAK,OH,AGL,CE,Combined TRACON& Tower with Radar,63,12,89,1,165,0,0,23,4,27,63,12,112,5,192,95,0,95,287
10/04/2008,CAK,OH,AGL,CE,Combined TRACON& Tower with Radar,51,7,93,0,151,0,0,45,2,47,51,7,138,2,198,41,8,49,247
10/05/2008,CAK,OH,AGL,CE,Combined TRACON& Tower with Radar,60,7,123,0,190,0,0,78,0,78,60,7,201,0,268,79,0,79,347
10/06/2008,CAK,OH,AGL,CE,Combined TRACON& Tower with Radar,66,8,79,2,155,0,0,24,3,27,66,8,103,5,182,98,0,98,280
10/07/2008,CAK,OH,AGL,CE,Combined TRACON& Tower with Radar,63,10,185,5,263,0,3,57,6,66,63,13,242,11,329,87,0,87,416
10/08/2008,CAK,OH,AGL,CE,Combined TRACON& Tower with Radar,60,10,59,3,132,0,0,2,0,2,60,10,61,3,134,23,0,23,157
10/09/2008,CAK,OH,AGL,CE,Combined TRACON& Tower with Radar,67,11,146,9,233,0,2,46,17,65,67,13,192,26,298,129,0,129,427
10/10/2008,CAK,OH,AGL,CE,Combined TRACON& Tower with Radar,62,13,93,8,176,0,5,50,4,59,62,18,143,12,235,138,2,140,375
10/11/2008,CAK,OH,AGL,CE,Combined TRACON& Tower with Radar,52,8,63,2,125,0,2,43,1,46,52,10,106,3,171,130,0,130,301
10/12/2008,CAK,OH,AGL,CE,Combined TRACON& Tower with Radar,62,7,103,0,172,0,5,61,3,69,62,12,164,3,241,80,0,80,321
10/13/2008,CAK,OH,AGL,CE,Combined TRACON& Tower with Radar,63,8,96,0,167,0,1,53,0,54,63,9,149,0,221,22,0,22,243
10/14/2008,CAK,OH,AGL,CE,Combined TRACON& Tower with Radar,65,14,111,3,193,0,9,38,4,51,65,23,149,7,244,45,0,45,289
10/15/2008,CAK,OH,AGL,CE,Combined TRACON& Tower with Radar,64,14,62,6,146,0,1,6,9,16,64,15,68,15,162,11,13,24,186
10/16/2008,CAK,OH,AGL,CE,Combined TRACON& Tower with Radar,64,11,71,2,148,0,2,15,2,19,64,13,86,4,167,72,2,74,241
10/17/2008,CAK,OH,AGL,CE,Combined TRACON& Tower with Radar,64,14,107,0,185,0,5,35,2,42,64,19,142,2,227,44,0,44,271
10/18/2008,CAK,OH,AGL,CE,Combined TRACON& Tower with Radar,50,5,92,1,148,0,1,28,2,31,50,6,120,3,179,101,0,101,280
10/19/2008,CAK,OH,AGL,CE,Combined TRACON& Tower with Radar,63,4,105,0,172,0,1,60,0,61,63,5,165,0,233,50,0,50,283
10/20/2008,CAK,OH,AGL,CE,Combined TRACON& Tower with Radar,69,9,73,2,153,0,1,44,1,46,69,10,117,3,199,28,0,28,227
10/21/2008,CAK,OH,AGL,CE,Combined TRACON& Tower with Radar,6,18,65,0,89,0,1,4,2,7,6,19,69,2,96,50,0,50,146
10/22/2008,CAK,OH,AGL,CE,Combined TRACON& Tower with Radar,64,17,119,7,207,0,2,54,6,62,64,19,173,13,269,147,0,147,416
10/23/2008,CAK,OH,AGL,CE,Combined TRACON& Tower with Radar,55,15,108,2,180,0,2,47,5,54,55,17,155,7,234,127,0,127,361
10/24/2008,CAK,OH,AGL,CE,Combined TRACON& Tower with Radar,50,16,57,1,124,0,4,17,3,24,50,20,74,4,148,95,0,95,243
10/25/2008,CAK,OH,AGL,CE,Combined TRACON& Tower with Radar,53,8,61,0,122,0,1,18,4,23,53,9,79,4,145,48,0,48,193
10/26/2008,CAK,OH,AGL,CE,Combined TRACON& Tower with Radar,60,4,29,4,97,0,3,6,4,13,60,7,35,8,110,14,0,14,124
10/27/2008,CAK,OH,AGL,CE,Combined TRACON& Tower with Radar,64,13,39,5,121,0,0,3,1,4,64,13,42,6,125,16,0,16,141
10/28/2008,CAK,OH,AGL,CE,Combined TRACON& Tower with Radar,60,20,38,0,118,0,3,3,1,7,60,23,41,1,125,5,0,5,130
10/29/2008,CAK,OH,AGL,CE,Combined TRACON& Tower with Radar,67,12,45,2,126,0,6,10,2,18,67,18,55,4,144,9,0,9,153
10/30/2008,CAK,OH,AGL,CE,Combined TRACON& Tower with Radar,62,12,108,7,189,0,6,56,7,69,62,18,164,14,258,75,10,85,343
10/31/2008,CAK,OH,AGL,CE,Combined TRACON& Tower with Radar,62,13,106,0,181,0,5,54,6,65,62,18,160,6,246,128,0,128,374
11/01/2008,CAK,OH,AGL,CE,Combined TRACON& Tower with Radar,52,11,130,2,195,0,13,75,2,90,52,24,205,4,285,160,0,160,445
11/02/2008,CAK,OH,AGL,CE,Combined TRACON& Tower with Radar,66,14,96,2,178,0,3,49,0,52,66,17,145,2,230,125,0,125,355
11/03/2008,CAK,OH,AGL,CE,Combined TRACON& Tower with Radar,64,7,63,2,136,0,0,16,0,16,64,7,79,2,152,94,0,94,246
11/04/2008,CAK,OH,AGL,CE,Combined TRACON& Tower with Radar,66,9,98,26,199,0,1,33,13,47,66,10,131,39,246,70,0,70,316
11/05/2008,CAK,OH,AGL,CE,Combined TRACON& Tower with Radar,65,9,154,39,267,0,0,82,10,92,65,9,236,49,359,155,0,155,514
11/06/2008,CAK,OH,AGL,CE,Combined TRACON& Tower with Radar,66,6,102,2,176,0,0,40,9,49,66,6,142,11,225,30,0,30,255
11/07/2008,CAK,OH,AGL,CE,Combined TRACON& Tower with Radar,67,11,49,2,129,0,1,11,2,14,67,12,60,4,143,33,0,33,176
11/08/2008,CAK,OH,AGL,CE,Combined TRACON& Tower with Radar,61,10,64,10,145,0,4,18,3,25,61,14,82,13,170,88,10,98,268
11/09/2008,CAK,OH,AGL,CE,Combined TRACON& Tower with Radar,64,6,38,0,108,0,4,4,0,8,64,10,42,0,116,16,0,16,132
11/10/2008,CAK,OH,AGL,CE,Combined TRACON& Tower with Radar,68,6,84,0,158,0,0,11,1,12,68,6,95,1,170,24,0,24,194
11/11/2008,CAK,OH,AGL,CE,Combined TRACON& Tower with Radar,66,5,98,0,169,0,1,23,2,26,66,6,121,2,195,19,0,19,214
11/12/2008,CAK,OH,AGL,CE,Combined TRACON& Tower with Radar,64,10,86,14,174,0,3,22,8,33,64,13,108,22,207,44,8,52,259
11/13/2008,CAK,OH,AGL,CE,Combined TRACON& Tower with Radar,61,17,82,1,161,0,1,5,5,11,61,18,87,6,172,79,10,89,261
11/14/2008,CAK,OH,AGL,CE,Combined TRACON& Tower with Radar,63,6,66,0,135,0,1,16,0,17,63,7,82,0,152,102,0,102,254
11/15/2008,CAK,OH,AGL,CE,Combined TRACON& Tower with Radar,67,6,2,0,75,0,0,0,0,0,67,6,2,0,75,11,0,11,86
11/16/2008,CAK,OH,AGL,CE,Combined TRACON& Tower with Radar,66,7,17,0,90,0,6,0,0,6,66,13,17,0,96,7,0,7,103
11/17/2008,CAK,OH,AGL,CE,Combined TRACON& Tower with Radar,67,10,37,0,114,0,4,0,0,4,67,14,37,0,118,16,0,16,134
11/18/2008,CAK,OH,AGL,CE,Combined TRACON& Tower with Radar,66,16,50,1,133,0,2,5,2,9,66,18,55,3,142,13,0,13,155
11/19/2008,CAK,OH,AGL,CE,Combined TRACON& Tower with Radar,65,6,78,8,157,0,2,30,12,44,65,8,108,20,201,32,0,32,233
11/20/2008,CAK,OH,AGL,CE,Combined TRACON& Tower with Radar,66,8,45,0,119,0,0,1,0,1,66,8,46,0,120,9,0,9,129
11/21/2008,CAK,OH,AGL,CE,Combined TRACON& Tower with Radar,66,8,45,0,119,0,0,1,0,1,66,8,46,0,120,13,2,15,135
11/22/2008,CAK,OH,AGL,CE,Combined TRACON& Tower with Radar,61,10,66,0,137,0,1,15,0,16,61,11,81,0,153,49,0,49,202
11/23/2008,CAK,OH,AGL,CE,Combined TRACON& Tower with Radar,65,9,133,0,207,0,5,73,1,79,65,14,206,1,286,121,0,121,407
11/24/2008,CAK,OH,AGL,CE,Combined TRACON& Tower with Radar,66,6,30,4,106,0,0,1,0,1,66,6,31,4,107,8,24,32,139
11/25/2008,CAK,OH,AGL,CE,Combined TRACON& Tower with Radar,67,12,28,0,107,0,0,0,0,0,67,12,28,0,107,5,0,5,112
11/26/2008,CAK,OH,AGL,CE,Combined TRACON& Tower with Radar,72,9,41,1,123,0,1,9,2,12,72,10,50,3,135,43,0,43,178
11/27/2008,CAK,OH,AGL,CE,Combined TRACON& Tower with Radar,49,10,43,0,102,0,3,23,1,27,49,13,66,1,129,12,0,12,141
11/28/2008,CAK,OH,AGL,CE,Combined TRACON& Tower with Radar,57,6,49,0,112,0,1,16,0,17,57,7,65,0,129,45,0,45,174
11/29/2008,CAK,OH,AGL,CE,Combined TRACON& Tower with Radar,64,6,87,0,157,0,2,60,0,62,64,8,147,0,219,114,0,114,333
11/30/2008,CAK,OH,AGL,CE,Combined TRACON& Tower with Radar,62,16,20,0,98,0,0,3,0,3,62,16,23,0,101,7,0,7,108
12/01/2008,CAK,OH,AGL,CE,Combined TRACON& Tower with Radar,65,17,47,0,129,0,3,0,0,3,65,20,47,0,132,5,0,5,137
12/02/2008,CAK,OH,AGL,CE,Combined TRACON& Tower with Radar,73,11,83,1,168,0,3,13,3,19,73,14,96,4,187,37,0,37,224
12/03/2008,CAK,OH,AGL,CE,Combined TRACON& Tower with Radar,68,12,87,4,171,0,3,28,5,36,68,15,115,9,207,87,0,87,294
12/04/2008,CAK,OH,AGL,CE,Combined TRACON& Tower with Radar,64,8,79,1,152,0,0,15,2,17,64,8,94,3,169,42,0,42,211
12/05/2008,CAK,OH,AGL,CE,Combined TRACON& Tower with Radar,63,10,51,2,126,0,3,3,2,8,63,13,54,4,134,33,44,77,211
12/06/2008,CAK,OH,AGL,CE,Combined TRACON& Tower with Radar,59,7,26,0,92,0,1,5,0,6,59,8,31,0,98,5,0,5,103
12/07/2008,CAK,OH,AGL,CE,Combined TRACON& Tower with Radar,65,8,31,0,104,0,3,9,2,14,65,11,40,2,118,9,2,11,129
12/08/2008,CAK,OH,AGL,CE,Combined TRACON& Tower with Radar,69,10,69,3,151,0,0,26,5,31,69,10,95,8,182,19,0,19,201
12/09/2008,CAK,OH,AGL,CE,Combined TRACON& Tower with Radar,63,11,26,4,104,0,4,1,0,5,63,15,27,4,109,9,0,9,118
12/10/2008,CAK,OH,AGL,CE,Combined TRACON& Tower with Radar,57,14,27,0,98,0,3,1,5,9,57,17,28,5,107,9,0,9,116
12/11/2008,CAK,OH,AGL,CE,Combined TRACON& Tower with Radar,64,16,53,4,137,0,1,5,5,11,64,17,58,9,148,47,0,47,195
12/12/2008,CAK,OH,AGL,CE,Combined TRACON& Tower with Radar,69,10,49,1,129,0,0,1,4,5,69,10,50,5,134,12,0,12,146
12/13/2008,CAK,OH,AGL,CE,Combined TRACON& Tower with Radar,57,9,94,2,162,0,9,68,4,81,57,18,162,6,243,39,0,39,282
12/14/2008,CAK,OH,AGL,CE,Combined TRACON& Tower with Radar,64,7,16,2,89,0,0,2,0,2,64,7,18,2,91,2,0,2,93
12/15/2008,CAK,OH,AGL,CE,Combined TRACON& Tower with Radar,66,6,50,0,122,0,0,3,0,3,66,6,53,0,125,18,0,18,143
12/16/2008,CAK,OH,AGL,CE,Combined TRACON& Tower with Radar,62,6,61,10,139,0,2,16,8,26,62,8,77,18,165,66,0,66,231
12/17/2008,CAK,OH,AGL,CE,Combined TRACON& Tower with Radar,57,15,30,0,102,0,1,0,0,1,57,16,30,0,103,6,0,6,109
12/18/2008,CAK,OH,AGL,CE,Combined TRACON& Tower with Radar,63,17,64,3,147,0,1,1,5,7,63,18,65,8,154,14,1,15,169
12/19/2008,CAK,OH,AGL,CE,Combined TRACON& Tower with Radar,48,9,17,0,74,0,6,0,0,6,48,15,17,0,80,6,0,6,86
12/20/2008,CAK,OH,AGL,CE,Combined TRACON& Tower with Radar,55,15,30,0,100,0,2,3,0,5,55,17,33,0,105,37,0,37,142
12/21/2008,CAK,OH,AGL,CE,Combined TRACON& Tower with Radar,62,8,13,0,83,0,0,5,1,6,62,8,18,1,89,3,0,3,92
12/22/2008,CAK,OH,AGL,CE,Combined TRACON& Tower with Radar,64,15,22,0,101,0,0,6,0,6,64,15,28,0,107,2,0,2,109
12/23/2008,CAK,OH,AGL,CE,Combined TRACON& Tower with Radar,61,13,39,0,113,0,2,12,4,18,61,15,51,4,131,14,0,14,145
12/24/2008,CAK,OH,AGL,CE,Combined TRACON& Tower with Radar,57,11,4,0,72,0,3,0,0,3,57,14,4,0,75,8,0,8,83
12/25/2008,CAK,OH,AGL,CE,Combined TRACON& Tower with Radar,58,5,11,0,74,0,1,4,0,5,58,6,15,0,79,16,0,16,95
12/26/2008,CAK,OH,AGL,CE,Combined TRACON& Tower with Radar,59,6,48,0,113,0,1,12,0,13,59,7,60,0,126,18,0,18,144
12/27/2008,CAK,OH,AGL,CE,Combined TRACON& Tower with Radar,56,9,41,0,106,0,1,4,0,5,56,10,45,0,111,8,0,8,119
12/28/2008,CAK,OH,AGL,CE,Combined TRACON& Tower with Radar,65,6,12,0,83,0,0,2,0,2,65,6,14,0,85,6,0,6,91
12/29/2008,CAK,OH,AGL,CE,Combined TRACON& Tower with Radar,65,12,66,0,143,0,2,41,0,43,65,14,107,0,186,42,0,42,228
12/30/2008,CAK,OH,AGL,CE,Combined TRACON& Tower with Radar,63,9,123,12,207,0,2,50,3,55,63,11,173,15,262,120,0,120,382
12/31/2008,CAK,OH,AGL,CE,Combined TRACON& Tower with Radar,52,7,21,0,80,0,3,0,0,3,52,10,21,0,83,11,0,11,94
01/01/2009,CAK,OH,AGL,CE,Combined TRACON& Tower with Radar,52,7,88,0,147,0,3,18,1,22,52,10,106,1,169,92,0,92,261
01/02/2009,CAK,OH,AGL,CE,Combined TRACON& Tower with Radar,59,8,50,0,117,0,0,16,0,16,59,8,66,0,133,65,0,65,198
01/03/2009,CAK,OH,AGL,CE,Combined TRACON& Tower with Radar,59,9,79,1,148,0,4,55,2,61,59,13,134,3,209,41,0,41,250
01/04/2009,CAK,OH,AGL,CE,Combined TRACON& Tower with Radar,52,11,11,0,74,0,0,0,0,0,52,11,11,0,74,11,0,11,85
01/05/2009,CAK,OH,AGL,CE,Combined TRACON& Tower with Radar,64,9,108,0,181,0,1,40,0,41,64,10,148,0,222,102,0,102,324
01/06/2009,CAK,OH,AGL,CE,Combined TRACON& Tower with Radar,56,9,49,2,116,0,0,7,0,7,56,9,56,2,123,23,38,61,184
01/07/2009,CAK,OH,AGL,CE,Combined TRACON& Tower with Radar,60,13,29,0,102,0,0,1,0,1,60,13,30,0,103,2,0,2,105
01/08/2009,CAK,OH,AGL,CE,Combined TRACON& Tower with Radar,65,9,27,1,102,0,2,0,2,4,65,11,27,3,106,2,4,6,112
01/09/2009,CAK,OH,AGL,CE,Combined TRACON& Tower with Radar,55,17,38,2,112,0,1,8,0,9,55,18,46,2,121,6,0,6,127
01/10/2009,CAK,OH,AGL,CE,Combined TRACON& Tower with Radar,38,6,8,0,52,0,0,0,0,0,38,6,8,0,52,0,0,0,52
01/11/2009,CAK,OH,AGL,CE,Combined TRACON& Tower with Radar,65,12,45,3,125,0,1,12,0,13,65,13,57,3,138,9,0,9,147
01/12/2009,CAK,OH,AGL,CE,Combined TRACON& Tower with Radar,65,14,109,3,191,0,1,12,0,13,65,15,121,3,204,40,0,40,244
01/13/2009,CAK,OH,AGL,CE,Combined TRACON& Tower with Radar,58,13,57,0,128,0,0,1,0,1,58,13,58,0,129,55,0,55,184
01/14/2009,CAK,OH,AGL,CE,Combined TRACON& Tower with Radar,59,17,16,0,92,0,0,1,0,1,59,17,17,0,93,5,0,5,98
01/15/2009,CAK,OH,AGL,CE,Combined TRACON& Tower with Radar,65,24,46,1,136,0,0,3,0,3,65,24,49,1,139,3,0,3,142
01/16/2009,CAK,OH,AGL,CE,Combined TRACON& Tower with Radar,63,19,49,4,135,0,6,86,3,95,63,25,135,7,230,6,0,6,236
01/17/2009,CAK,OH,AGL,CE,Combined TRACON& Tower with Radar,69,25,47,0,141,0,2,8,0,10,69,27,55,0,151,17,0,17,168
01/18/2009,CAK,OH,AGL,CE,Combined TRACON& Tower with Radar,67,21,34,3,125,0,0,29,0,29,67,21,63,3,154,6,2,8,162
01/19/2009,CAK,OH,AGL,CE,Combined TRACON& Tower with Radar,49,15,19,0,83,0,0,9,0,9,49,15,28,0,92,8,0,8,100
01/20/2009,CAK,OH,AGL,CE,Combined TRACON& Tower with Radar,65,5,15,8,93,0,1,7,0,8,65,6,22,8,101,40,58,98,199
01/21/2009,CAK,OH,AGL,CE,Combined TRACON& Tower with Radar,70,12,67,7,156,0,1,29,3,33,70,13,96,10,189,104,6,110,299
01/22/2009,CAK,OH,AGL,CE,Combined TRACON& Tower with Radar,66,8,92,0,166,0,0,36,9,45,66,8,128,9,211,68,0,68,279
01/23/2009,CAK,OH,AGL,CE,Combined TRACON& Tower with Radar,64,13,89,3,169,0,0,25,3,28,64,13,114,6,197,25,2,27,224
01/24/2009,CAK,OH,AGL,CE,Combined TRACON& Tower with Radar,50,12,76,14,152,0,3,9,0,12,50,15,85,14,164,71,0,71,235
01/25/2009,CAK,OH,AGL,CE,Combined TRACON& Tower with Radar,62,14,36,0,112,0,0,18,0,18,62,14,54,0,130,2,0,2,132
01/26/2009,CAK,OH,AGL,CE,Combined TRACON& Tower with Radar,62,8,80,0,150,0,2,17,1,20,62,10,97,1,170,98,0,98,268
01/27/2009,CAK,OH,AGL,CE,Combined TRACON& Tower with Radar,59,13,64,2,138,0,6,13,4,23,59,19,77,6,161,49,0,49,210
01/28/2009,CAK,OH,AGL,CE,Combined TRACON& Tower with Radar,44,7,22,0,73,0,1,0,0,1,44,8,22,0,74,2,0,2,76
01/29/2009,CAK,OH,AGL,CE,Combined TRACON& Tower with Radar,68,5,28,0,101,0,3,0,0,3,68,8,28,0,104,3,0,3,107
01/30/2009,CAK,OH,AGL,CE,Combined TRACON& Tower with Radar,66,13,28,0,107,0,5,1,0,6,66,18,29,0,113,5,0,5,118
01/31/2009,CAK,OH,AGL,CE,Combined TRACON& Tower with Radar,53,5,31,0,89,0,1,23,0,24,53,6,54,0,113,27,0,27,140
02/01/2009,CAK,OH,AGL,CE,Combined TRACON& Tower with Radar,64,2,83,0,149,0,8,38,0,46,64,10,121,0,195,35,0,35,230
02/02/2009,CAK,OH,AGL,CE,Combined TRACON& Tower with Radar,65,9,64,0,138,0,2,26,0,28,65,11,90,0,166,20,0,20,186
02/03/2009,CAK,OH,AGL,CE,Combined TRACON& Tower with Radar,55,6,51,6,118,0,1,9,5,15,55,7,60,11,133,15,0,15,148
02/04/2009,CAK,OH,AGL,CE,Combined TRACON& Tower with Radar,63,14,19,0,96,0,1,0,4,5,63,15,19,4,101,11,1,12,113
02/05/2009,CAK,OH,AGL,CE,Combined TRACON& Tower with Radar,63,15,65,11,154,0,3,21,9,33,63,18,86,20,187,71,0,71,258
02/06/2009,CAK,OH,AGL,CE,Combined TRACON& Tower with Radar,66,10,115,0,191,0,2,51,1,54,66,12,166,1,245,92,0,92,337
02/07/2009,CAK,OH,AGL,CE,Combined TRACON& Tower with Radar,47,8,16,4,75,0,1,3,3,7,47,9,19,7,82,40,0,40,122
02/08/2009,CAK,OH,AGL,CE,Combined TRACON& Tower with Radar,61,6,85,1,153,0,2,25,2,29,61,8,110,3,182,57,0,57,239
02/09/2009,CAK,OH,AGL,CE,Combined TRACON& Tower with Radar,63,5,84,1,153,0,2,27,0,29,63,7,111,1,182,42,0,42,224
02/10/2009,CAK,OH,AGL,CE,Combined TRACON& Tower with Radar,59,15,41,5,120,0,0,6,6,12,59,15,47,11,132,13,2,15,147
02/11/2009,CAK,OH,AGL,CE,Combined TRACON& Tower with Radar,60,9,37,0,106,0,2,4,0,6,60,11,41,0,112,4,0,4,116
02/12/2009,CAK,OH,AGL,CE,Combined TRACON& Tower with Radar,69,18,31,5,123,0,90,0,5,95,69,108,31,10,218,11,0,11,229
02/13/2009,CAK,OH,AGL,CE,Combined TRACON& Tower with Radar,63,12,77,1,153,0,3,27,0,30,63,15,104,1,183,84,0,84,267
02/14/2009,CAK,OH,AGL,CE,Combined TRACON& Tower with Radar,53,12,12,2,79,0,2,3,0,5,53,14,15,2,84,4,0,4,88
02/15/2009,CAK,OH,AGL,CE,Combined TRACON& Tower with Radar,61,5,35,5,106,0,2,7,11,20,61,7,42,16,126,9,0,9,135
02/16/2009,CAK,OH,AGL,CE,Combined TRACON& Tower with Radar,64,4,53,0,121,0,0,5,0,5,64,4,58,0,126,20,0,20,146
02/17/2009,CAK,OH,AGL,CE,Combined TRACON& Tower with Radar,64,3,109,7,183,0,2,43,6,51,64,5,152,13,234,106,30,136,370
02/18/2009,CAK,OH,AGL,CE,Combined TRACON& Tower with Radar,63,11,49,0,123,0,0,0,0,0,63,11,49,0,123,2,0,2,125
02/19/2009,CAK,OH,AGL,CE,Combined TRACON& Tower with Radar,67,9,27,0,103,0,0,0,0,0,67,9,27,0,103,15,0,15,118
02/20/2009,CAK,OH,AGL,CE,Combined TRACON& Tower with Radar,62,12,31,6,111,0,0,7,3,10,62,12,38,9,121,13,0,13,134
02/21/2009,CAK,OH,AGL,CE,Combined TRACON& Tower with Radar,50,9,45,0,104,0,2,15,0,17,50,11,60,0,121,15,0,15,136
02/22/2009,CAK,OH,AGL,CE,Combined TRACON& Tower with Radar,58,16,20,0,94,0,0,1,0,1,58,16,21,0,95,0,0,0,95
02/23/2009,CAK,OH,AGL,CE,Combined TRACON& Tower with Radar,65,6,40,0,111,0,0,11,0,11,65,6,51,0,122,5,0,5,127
02/24/2009,CAK,OH,AGL,CE,Combined TRACON& Tower with Radar,64,11,56,4,135,0,2,28,6,36,64,13,84,10,171,14,0,14,185
02/25/2009,CAK,OH,AGL,CE,Combined TRACON& Tower with Radar,64,6,148,2,220,0,2,68,8,78,64,8,216,10,298,82,0,82,380
02/26/2009,CAK,OH,AGL,CE,Combined TRACON& Tower with Radar,62,21,71,13,167,0,2,3,10,15,62,23,74,23,182,160,6,166,348
02/27/2009,CAK,OH,AGL,CE,Combined TRACON& Tower with Radar,59,10,19,0,88,0,1,0,0,1,59,11,19,0,89,6,0,6,95
02/28/2009,CAK,OH,AGL,CE,Combined TRACON& Tower with Radar,56,7,76,0,139,0,4,39,0,43,56,11,115,0,182,43,0,43,225
03/01/2009,CAK,OH,AGL,CE,Combined TRACON& Tower with Radar,45,5,63,0,113,0,6,28,0,34,45,11,91,0,147,20,2,22,169
03/02/2009,CAK,OH,AGL,CE,Combined TRACON& Tower with Radar,59,6,39,2,106,0,0,5,5,10,59,6,44,7,116,13,0,13,129
03/03/2009,CAK,OH,AGL,CE,Combined TRACON& Tower with Radar,64,10,81,2,157,0,4,21,8,33,64,14,102,10,190,99,0,99,289
03/04/2009,CAK,OH,AGL,CE,Combined TRACON& Tower with Radar,64,23,119,1,207,0,2,60,7,69,64,25,179,8,276,150,0,150,426
03/05/2009,CAK,OH,AGL,CE,Combined TRACON& Tower with Radar,65,6,148,0,219,0,6,32,9,47,65,12,180,9,266,75,0,75,341
03/06/2009,CAK,OH,AGL,CE,Combined TRACON& Tower with Radar,64,6,37,0,107,0,0,11,0,11,64,6,48,0,118,53,0,53,171
03/07/2009,CAK,OH,AGL,CE,Combined TRACON& Tower with Radar,56,15,84,13,168,0,10,19,2,31,56,25,103,15,199,75,0,75,274
03/08/2009,CAK,OH,AGL,CE,Combined TRACON& Tower with Radar,66,2,28,0,96,0,2,0,0,2,66,4,28,0,98,7,0,7,105
03/09/2009,CAK,OH,AGL,CE,Combined TRACON& Tower with Radar,64,6,66,0,136,0,2,19,1,22,64,8,85,1,158,92,0,92,250
03/10/2009,CAK,OH,AGL,CE,Combined TRACON& Tower with Radar,64,52,77,0,193,0,1,40,2,43,64,53,117,2,236,46,0,46,282
03/11/2009,CAK,OH,AGL,CE,Combined TRACON& Tower with Radar,66,14,63,18,161,0,0,4,8,12,66,14,67,26,173,82,0,82,255
03/12/2009,CAK,OH,AGL,CE,Combined TRACON& Tower with Radar,68,6,119,6,199,0,4,51,5,60,68,10,170,11,259,101,0,101,360
03/13/2009,CAK,OH,AGL,CE,Combined TRACON& Tower with Radar,63,9,115,2,189,0,3,62,1,66,63,12,177,3,255,91,0,91,346
03/14/2009,CAK,OH,AGL,CE,Combined TRACON& Tower with Radar,61,7,134,17,219,0,1,75,6,82,61,8,209,23,301,90,10,100,401
03/15/2009,CAK,OH,AGL,CE,Combined TRACON& Tower with Radar,67,4,152,16,239,0,0,62,4,66,67,4,214,20,305,136,0,136,441
03/16/2009,CAK,OH,AGL,CE,Combined TRACON& Tower with Radar,63,3,103,2,171,0,3,54,0,57,63,6,157,2,228,101,0,101,329
03/17/2009,CAK,OH,AGL,CE,Combined TRACON& Tower with Radar,79,7,139,3,228,0,2,80,6,88,79,9,219,9,316,136,1,137,453
03/18/2009,CAK,OH,AGL,CE,Combined TRACON& Tower with Radar,62,11,55,6,134,0,6,24,5,35,62,17,79,11,169,127,0,127,296
03/19/2009,CAK,OH,AGL,CE,Combined TRACON& Tower with Radar,63,9,102,2,176,0,6,5,4,15,63,15,107,6,191,57,0,57,248
03/20/2009,CAK,OH,AGL,CE,Combined TRACON& Tower with Radar,13,3,119,4,139,0,0,1,0,1,13,3,120,4,140,127,0,127,267
03/21/2009,CAK,OH,AGL,CE,Combined TRACON& Tower with Radar,55,9,94,0,158,0,0,50,2,52,55,9,144,2,210,62,0,62,272
03/22/2009,CAK,OH,AGL,CE,Combined TRACON& Tower with Radar,63,4,103,0,170,0,0,69,0,69,63,4,172,0,239,87,2,89,328
03/23/2009,CAK,OH,AGL,CE,Combined TRACON& Tower with Radar,65,9,87,0,161,0,0,37,2,39,65,9,124,2,200,96,0,96,296
03/24/2009,CAK,OH,AGL,CE,Combined TRACON& Tower with Radar,61,19,57,0,137,0,1,27,6,34,61,20,84,6,171,34,2,36,207
03/25/2009,CAK,OH,AGL,CE,Combined TRACON& Tower with Radar,65,14,41,2,122,0,0,0,0,0,65,14,41,2,122,14,6,20,142
03/26/2009,CAK,OH,AGL,CE,Combined TRACON& Tower with Radar,60,14,61,0,135,0,3,1,1,5,60,17,62,1,140,35,0,35,175
03/27/2009,CAK,OH,AGL,CE,Combined TRACON& Tower with Radar,69,7,108,3,187,0,8,46,5,59,69,15,154,8,246,116,0,116,362
03/28/2009,CAK,OH,AGL,CE,Combined TRACON& Tower with Radar,57,4,135,6,202,0,2,46,2,50,57,6,181,8,252,72,0,72,324
03/29/2009,CAK,OH,AGL,CE,Combined TRACON& Tower with Radar,62,3,18,0,83,0,1,4,0,5,62,4,22,0,88,9,0,9,97
03/30/2009,CAK,OH,AGL,CE,Combined TRACON& Tower with Radar,66,7,41,1,115,0,1,15,1,17,66,8,56,2,132,15,0,15,147
03/31/2009,CAK,OH,AGL,CE,Combined TRACON& Tower with Radar,63,6,126,3,198,0,1,41,5,47,63,7,167,8,245,57,2,59,304
04/01/2009,CAK,OH,AGL,CE,Combined TRACON& Tower with Radar,65,8,93,3,169,0,1,29,10,40,65,9,122,13,209,130,3,133,342
04/02/2009,CAK,OH,AGL,CE,Combined TRACON& Tower with Radar,61,8,159,0,228,0,3,46,4,53,61,11,205,4,281,128,0,128,409
04/03/2009,CAK,OH,AGL,CE,Combined TRACON& Tower with Radar,70,9,34,2,115,0,0,0,1,1,70,9,34,3,116,21,0,21,137
04/04/2009,CAK,OH,AGL,CE,Combined TRACON& Tower with Radar,52,8,39,7,106,0,3,15,4,22,52,11,54,11,128,21,0,21,149
04/05/2009,CAK,OH,AGL,CE,Combined TRACON& Tower with Radar,61,3,91,0,155,0,0,52,1,53,61,3,143,1,208,43,0,43,251
04/06/2009,CAK,OH,AGL,CE,Combined TRACON& Tower with Radar,67,3,12,0,82,0,0,0,0,0,67,3,12,0,82,0,0,0,82
04/07/2009,CAK,OH,AGL,CE,Combined TRACON& Tower with Radar,60,9,44,0,113,0,0,0,0,0,60,9,44,0,113,4,4,8,121
04/08/2009,CAK,OH,AGL,CE,Combined TRACON& Tower with Radar,66,11,91,2,170,0,2,41,5,48,66,13,132,7,218,109,0,109,327
04/09/2009,CAK,OH,AGL,CE,Combined TRACON& Tower with Radar,66,10,161,10,247,0,3,71,7,81,66,13,232,17,328,115,0,115,443
04/10/2009,CAK,OH,AGL,CE,Combined TRACON& Tower with Radar,63,1,57,2,123,0,1,5,2,8,63,2,62,4,131,32,0,32,163
04/11/2009,CAK,OH,AGL,CE,Combined TRACON& Tower with Radar,61,6,77,0,144,0,4,38,0,42,61,10,115,0,186,51,0,51,237
04/12/2009,CAK,OH,AGL,CE,Combined TRACON& Tower with Radar,67,2,35,1,105,0,5,27,0,32,67,7,62,1,137,10,0,10,147
04/13/2009,CAK,OH,AGL,CE,Combined TRACON& Tower with Radar,65,2,52,2,121,0,2,21,1,24,65,4,73,3,145,64,0,64,209
04/14/2009,CAK,OH,AGL,CE,Combined TRACON& Tower with Radar,60,4,99,0,163,0,0,2,0,2,60,4,101,0,165,57,0,57,222
04/15/2009,CAK,OH,AGL,CE,Combined TRACON& Tower with Radar,63,8,110,2,183,0,0,2,0,2,63,8,112,2,185,158,0,158,343
04/16/2009,CAK,OH,AGL,CE,Combined TRACON& Tower with Radar,70,5,139,0,214,0,9,67,5,81,70,14,206,5,295,151,0,151,446
04/17/2009,CAK,OH,AGL,CE,Combined TRACON& Tower with Radar,69,7,80,2,158,0,2,52,6,60,69,9,132,8,218,44,0,44,262
04/18/2009,CAK,OH,AGL,CE,Combined TRACON& Tower with Radar,58,5,96,0,159,0,3,63,1,67,58,8,159,1,226,34,0,34,260
04/19/2009,CAK,OH,AGL,CE,Combined TRACON& Tower with Radar,66,4,55,0,125,0,2,20,0,22,66,6,75,0,147,18,0,18,165
04/20/2009,CAK,OH,AGL,CE,Combined TRACON& Tower with Radar,63,2,29,0,94,0,0,0,0,0,63,2,29,0,94,46,0,46,140
04/21/2009,CAK,OH,AGL,CE,Combined TRACON& Tower with Radar,66,6,71,8,151,0,1,7,6,14,66,7,78,14,165,107,0,107,272
04/22/2009,CAK,OH,AGL,CE,Combined TRACON& Tower with Radar,62,8,57,0,127,0,3,4,2,9,62,11,61,2,136,58,0,58,194
04/23/2009,CAK,OH,AGL,CE,Combined TRACON& Tower with Radar,65,9,108,2,184,0,6,78,8,92,65,15,186,10,276,135,0,135,411
04/24/2009,CAK,OH,AGL,CE,Combined TRACON& Tower with Radar,68,2,72,0,142,0,3,35,2,40,68,5,107,2,182,59,0,59,241
04/25/2009,CAK,OH,AGL,CE,Combined TRACON& Tower with Radar,57,2,36,0,95,0,3,18,0,21,57,5,54,0,116,36,0,36,152
04/26/2009,CAK,OH,AGL,CE,Combined TRACON& Tower with Radar,61,3,143,2,209,0,2,61,2,65,61,5,204,4,274,93,0,93,367
04/27/2009,CAK,OH,AGL,CE,Combined TRACON& Tower with Radar,73,3,109,1,186,0,7,39,2,48,73,10,148,3,234,167,6,173,407
04/28/2009,CAK,OH,AGL,CE,Combined TRACON& Tower with Radar,61,5,52,4,122,0,0,16,3,19,61,5,68,7,141,74,0,74,215
04/29/2009,CAK,OH,AGL,CE,Combined TRACON& Tower with Radar,68,6,110,7,191,0,6,30,2,38,68,12,140,9,229,114,0,114,343
04/30/2009,CAK,OH,AGL,CE,Combined TRACON& Tower with Radar,71,10,76,4,161,0,4,20,6,30,71,14,96,10,191,43,0,43,234
05/01/2009,CAK,OH,AGL,CE,Combined TRACON& Tower with Radar,65,4,53,5,127,0,2,4,0,6,65,6,57,5,133,16,2,18,151
05/02/2009,CAK,OH,AGL,CE,Combined TRACON& Tower with Radar,54,8,43,9,114,0,2,61,11,74,54,10,104,20,188,0,0,0,188
05/03/2009,CAK,OH,AGL,CE,Combined TRACON& Tower with Radar,60,0,90,5,155,0,0,48,10,58,60,0,138,15,213,60,0,60,273
05/04/2009,CAK,OH,AGL,CE,Combined TRACON& Tower with Radar,64,7,100,2,173,0,0,47,2,49,64,7,147,4,222,83,0,83,305
05/05/2009,CAK,OH,AGL,CE,Combined TRACON& Tower with Radar,68,4,132,18,222,0,3,56,10,69,68,7,188,28,291,63,4,67,358
05/06/2009,CAK,OH,AGL,CE,Combined TRACON& Tower with Radar,65,7,54,4,130,0,2,0,4,6,65,9,54,8,136,7,2,9,145
05/07/2009,CAK,OH,AGL,CE,Combined TRACON& Tower with Radar,71,3,102,5,181,0,11,25,8,44,71,14,127,13,225,35,0,35,260
05/08/2009,CAK,OH,AGL,CE,Combined TRACON& Tower with Radar,68,7,52,3,130,0,0,19,6,25,68,7,71,9,155,21,0,21,176
05/09/2009,CAK,OH,AGL,CE,Combined TRACON& Tower with Radar,52,9,26,0,87,0,0,5,0,5,52,9,31,0,92,6,0,6,98
05/10/2009,CAK,OH,AGL,CE,Combined TRACON& Tower with Radar,67,5,32,0,104,0,0,16,1,17,67,5,48,1,121,60,0,60,181
05/11/2009,CAK,OH,AGL,CE,Combined TRACON& Tower with Radar,61,8,75,1,145,0,12,30,2,44,61,20,105,3,189,69,0,69,258
05/12/2009,CAK,OH,AGL,CE,Combined TRACON& Tower with Radar,67,7,112,11,197,0,6,57,7,70,67,13,169,18,267,93,14,107,374
05/13/2009,CAK,OH,AGL,CE,Combined TRACON& Tower with Radar,67,10,66,8,151,0,0,25,7,32,67,10,91,15,183,19,0,19,202
05/14/2009,CAK,OH,AGL,CE,Combined TRACON& Tower with Radar,70,7,70,3,150,0,1,12,4,17,70,8,82,7,167,67,0,67,234
05/15/2009,CAK,OH,AGL,CE,Combined TRACON& Tower with Radar,65,3,106,7,181,0,1,37,0,38,65,4,143,7,219,31,0,31,250
05/16/2009,CAK,OH,AGL,CE,Combined TRACON& Tower with Radar,53,0,32,0,85,0,1,10,3,14,53,1,42,3,99,25,0,25,124
05/17/2009,CAK,OH,AGL,CE,Combined TRACON& Tower with Radar,66,5,103,2,176,0,3,50,4,57,66,8,153,6,233,88,0,88,321
05/18/2009,CAK,OH,AGL,CE,Combined TRACON& Tower with Radar,65,2,78,0,145,0,2,49,0,51,65,4,127,0,196,77,0,77,273
05/19/2009,CAK,OH,AGL,CE,Combined TRACON& Tower with Radar,64,6,127,2,199,0,2,61,3,66,64,8,188,5,265,56,0,56,321
05/20/2009,CAK,OH,AGL,CE,Combined TRACON& Tower with Radar,67,5,95,4,171,0,5,52,6,63,67,10,147,10,234,168,0,168,402
05/21/2009,CAK,OH,AGL,CE,Combined TRACON& Tower with Radar,67,6,70,5,148,0,6,43,4,53,67,12,113,9,201,99,0,99,300
05/22/2009,CAK,OH,AGL,CE,Combined TRACON& Tower with Radar,66,20,123,3,212,0,2,60,2,64,66,22,183,5,276,52,0,52,328
05/23/2009,CAK,OH,AGL,CE,Combined TRACON& Tower with Radar,52,3,87,0,142,0,4,55,0,59,52,7,142,0,201,69,0,69,270
05/24/2009,CAK,OH,AGL,CE,Combined TRACON& Tower with Radar,53,1,59,0,113,0,6,36,0,42,53,7,95,0,155,22,0,22,177
05/25/2009,CAK,OH,AGL,CE,Combined TRACON& Tower with Radar,63,2,55,1,121,0,0,29,2,31,63,2,84,3,152,23,8,31,183
05/26/2009,CAK,OH,AGL,CE,Combined TRACON& Tower with Radar,67,6,70,6,149,0,3,12,4,19,67,9,82,10,168,44,0,44,212
05/27/2009,CAK,OH,AGL,CE,Combined TRACON& Tower with Radar,69,9,58,0,136,0,3,5,0,8,69,12,63,0,144,26,0,26,170
05/28/2009,CAK,OH,AGL,CE,Combined TRACON& Tower with Radar,65,9,43,0,117,0,1,2,2,5,65,10,45,2,122,26,0,26,148
05/29/2009,CAK,OH,AGL,CE,Combined TRACON& Tower with Radar,77,3,76,16,172,0,2,17,3,22,77,5,93,19,194,27,22,49,243
05/30/2009,CAK,OH,AGL,CE,Combined TRACON& Tower with Radar,58,8,57,1,124,0,1,44,1,46,58,9,101,2,170,36,0,36,206
05/31/2009,CAK,OH,AGL,CE,Combined TRACON& Tower with Radar,65,1,73,1,140,0,4,59,0,63,65,5,132,1,203,59,0,59,262
06/01/2009,CAK,OH,AGL,CE,Combined TRACON& Tower with Radar,67,7,60,0,134,0,1,34,0,35,67,8,94,0,169,48,0,48,217
06/02/2009,CAK,OH,AGL,CE,Combined TRACON& Tower with Radar,70,14,89,0,173,0,3,2,1,6,70,17,91,1,179,41,0,41,220
06/03/2009,CAK,OH,AGL,CE,Combined TRACON& Tower with Radar,69,5,60,1,135,0,1,4,3,8,69,6,64,4,143,26,3,29,172
06/04/2009,CAK,OH,AGL,CE,Combined TRACON& Tower with Radar,63,5,97,3,168,0,4,48,5,57,63,9,145,8,225,53,0,53,278
06/05/2009,CAK,OH,AGL,CE,Combined TRACON& Tower with Radar,68,7,107,1,183,0,6,51,1,58,68,13,158,2,241,42,0,42,283
06/06/2009,CAK,OH,AGL,CE,Combined TRACON& Tower with Radar,61,1,61,0,123,0,4,66,1,71,61,5,127,1,194,46,0,46,240
06/07/2009,CAK,OH,AGL,CE,Combined TRACON& Tower with Radar,65,1,47,0,113,0,0,36,0,36,65,1,83,0,149,10,0,10,159
06/08/2009,CAK,OH,AGL,CE,Combined TRACON& Tower with Radar,67,13,57,0,137,0,1,15,3,19,67,14,72,3,156,38,0,38,194
06/09/2009,CAK,OH,AGL,CE,Combined TRACON& Tower with Radar,65,11,68,2,146,0,3,22,3,28,65,14,90,5,174,104,0,104,278
06/10/2009,CAK,OH,AGL,CE,Combined TRACON& Tower with Radar,69,8,87,2,166,0,5,20,3,28,69,13,107,5,194,84,0,84,278
06/11/2009,CAK,OH,AGL,CE,Combined TRACON& Tower with Radar,71,6,77,0,154,0,2,0,0,2,71,8,77,0,156,22,0,22,178
06/12/2009,CAK,OH,AGL,CE,Combined TRACON& Tower with Radar,65,8,41,0,114,0,5,32,5,42,65,13,73,5,156,58,0,58,214
06/13/2009,CAK,OH,AGL,CE,Combined TRACON& Tower with Radar,63,6,70,6,145,0,2,48,7,57,63,8,118,13,202,43,0,43,245
06/14/2009,CAK,OH,AGL,CE,Combined TRACON& Tower with Radar,64,7,81,0,152,0,0,61,1,62,64,7,142,1,214,54,0,54,268
06/15/2009,CAK,OH,AGL,CE,Combined TRACON& Tower with Radar,69,8,76,1,154,0,2,38,0,40,69,10,114,1,194,116,0,116,310
06/16/2009,CAK,OH,AGL,CE,Combined TRACON& Tower with Radar,67,8,85,2,162,0,6,48,7,61,67,14,133,9,223,96,6,102,325
06/17/2009,CAK,OH,AGL,CE,Combined TRACON& Tower with Radar,68,8,39,1,116,0,3,3,1,7,68,11,42,2,123,24,0,24,147
06/18/2009,CAK,OH,AGL,CE,Combined TRACON& Tower with Radar,70,1,122,2,195,0,8,31,2,41,70,9,153,4,236,65,1,66,302
06/19/2009,CAK,OH,AGL,CE,Combined TRACON& Tower with Radar,66,7,34,12,119,0,2,11,1,14,66,9,45,13,133,22,22,44,177
06/20/2009,CAK,OH,AGL,CE,Combined TRACON& Tower with Radar,60,3,33,0,96,0,2,9,0,11,60,5,42,0,107,15,0,15,122
06/21/2009,CAK,OH,AGL,CE,Combined TRACON& Tower with Radar,64,2,81,8,155,0,1,51,0,52,64,3,132,8,207,99,4,103,310
06/22/2009,CAK,OH,AGL,CE,Combined TRACON& Tower with Radar,67,3,97,2,169,0,3,32,2,37,67,6,129,4,206,84,0,84,290
06/23/2009,CAK,OH,AGL,CE,Combined TRACON& Tower with Radar,63,10,114,0,187,0,5,62,0,67,63,15,176,0,254,53,0,53,307
06/24/2009,CAK,OH,AGL,CE,Combined TRACON& Tower with Radar,67,16,111,3,197,0,1,52,1,54,67,17,163,4,251,69,0,69,320
06/25/2009,CAK,OH,AGL,CE,Combined TRACON& Tower with Radar,67,12,84,0,163,0,3,36,1,40,67,15,120,1,203,74,0,74,277
06/26/2009,CAK,OH,AGL,CE,Combined TRACON& Tower with Radar,63,3,75,3,144,0,0,29,0,29,63,3,104,3,173,81,0,81,254
06/27/2009,CAK,OH,AGL,CE,Combined TRACON& Tower with Radar,62,3,85,1,151,0,0,51,3,54,62,3,136,4,205,45,0,45,250
06/28/2009,CAK,OH,AGL,CE,Combined TRACON& Tower with Radar,63,4,58,0,125,0,1,17,0,18,63,5,75,0,143,44,0,44,187
06/29/2009,CAK,OH,AGL,CE,Combined TRACON& Tower with Radar,54,5,38,0,97,0,0,23,0,23,54,5,61,0,120,60,0,60,180
06/30/2009,CAK,OH,AGL,CE,Combined TRACON& Tower with Radar,53,5,66,0,124,0,0,20,3,23,53,5,86,3,147,61,0,61,208
07/01/2009,CAK,OH,AGL,CE,Combined TRACON& Tower with Radar,8,1,42,5,56,0,1,3,1,5,8,2,45,6,61,70,0,70,131
07/02/2009,CAK,OH,AGL,CE,Combined TRACON& Tower with Radar,64,3,103,4,174,0,0,13,8,21,64,3,116,12,195,34,0,34,229
07/03/2009,CAK,OH,AGL,CE,Combined TRACON& Tower with Radar,64,6,63,0,133,0,1,20,0,21,64,7,83,0,154,51,0,51,205
07/04/2009,CAK,OH,AGL,CE,Combined TRACON& Tower with Radar,52,0,41,0,93,0,4,33,0,37,52,4,74,0,130,19,0,19,149
07/05/2009,CAK,OH,AGL,CE,Combined TRACON& Tower with Radar,65,2,77,0,144,0,1,49,0,50,65,3,126,0,194,62,0,62,256
07/06/2009,CAK,OH,AGL,CE,Combined TRACON& Tower with Radar,62,5,81,2,150,0,0,41,4,45,62,5,122,6,195,65,0,65,260
07/07/2009,CAK,OH,AGL,CE,Combined TRACON& Tower with Radar,68,8,89,8,173,0,3,33,6,42,68,11,122,14,215,25,6,31,246
07/08/2009,CAK,OH,AGL,CE,Combined TRACON& Tower with Radar,70,8,155,2,235,0,1,53,9,63,70,9,208,11,298,91,0,91,389
07/09/2009,CAK,OH,AGL,CE,Combined TRACON& Tower with Radar,68,6,116,4,194,0,4,61,5,70,68,10,177,9,264,177,2,179,443
07/10/2009,CAK,OH,AGL,CE,Combined TRACON& Tower with Radar,67,10,80,1,158,0,0,58,1,59,67,10,138,2,217,63,1,64,281
07/11/2009,CAK,OH,AGL,CE,Combined TRACON& Tower with Radar,63,3,32,8,106,0,1,5,7,13,63,4,37,15,119,20,4,24,143
07/12/2009,CAK,OH,AGL,CE,Combined TRACON& Tower with Radar,63,3,73,4,143,0,2,47,2,51,63,5,120,6,194,25,0,25,219
07/13/2009,CAK,OH,AGL,CE,Combined TRACON& Tower with Radar,68,5,80,7,160,0,1,48,0,49,68,6,128,7,209,27,8,35,244
07/14/2009,CAK,OH,AGL,CE,Combined TRACON& Tower with Radar,66,10,116,13,205,0,0,53,9,62,66,10,169,22,267,93,8,101,368
07/15/2009,CAK,OH,AGL,CE,Combined TRACON& Tower with Radar,67,10,124,6,207,0,1,32,4,37,67,11,156,10,244,104,0,104,348
07/16/2009,CAK,OH,AGL,CE,Combined TRACON& Tower with Radar,67,7,98,1,173,0,0,51,2,53,67,7,149,3,226,87,20,107,333
07/17/2009,CAK,OH,AGL,CE,Combined TRACON& Tower with Radar,69,8,100,4,181,0,0,29,3,32,69,8,129,7,213,105,0,105,318
07/18/2009,CAK,OH,AGL,CE,Combined TRACON& Tower with Radar,62,11,80,0,153,0,3,28,0,31,62,14,108,0,184,89,0,89,273
07/19/2009,CAK,OH,AGL,CE,Combined TRACON& Tower with Radar,63,5,67,0,135,0,0,28,0,28,63,5,95,0,163,57,0,57,220
07/20/2009,CAK,OH,AGL,CE,Combined TRACON& Tower with Radar,66,9,76,6,157,0,0,44,1,45,66,9,120,7,202,77,0,77,279
07/21/2009,CAK,OH,AGL,CE,Combined TRACON& Tower with Radar,65,10,48,0,123,0,0,12,0,12,65,10,60,0,135,7,0,7,142
07/22/2009,CAK,OH,AGL,CE,Combined TRACON& Tower with Radar,63,7,90,1,161,0,0,24,2,26,63,7,114,3,187,79,0,79,266
07/23/2009,CAK,OH,AGL,CE,Combined TRACON& Tower with Radar,68,15,64,2,149,0,0,5,1,6,68,15,69,3,155,16,0,16,171
07/24/2009,CAK,OH,AGL,CE,Combined TRACON& Tower with Radar,68,9,106,3,186,0,0,59,7,66,68,9,165,10,252,96,8,104,356
07/25/2009,CAK,OH,AGL,CE,Combined TRACON& Tower with Radar,63,2,27,0,92,0,1,19,2,22,63,3,46,2,114,7,0,7,121
07/26/2009,CAK,OH,AGL,CE,Combined TRACON& Tower with Radar,63,8,52,0,123,0,0,14,1,15,63,8,66,1,138,13,0,13,151
07/27/2009,CAK,OH,AGL,CE,Combined TRACON& Tower with Radar,69,5,71,0,145,0,0,50,1,51,69,5,121,1,196,67,0,67,263
07/28/2009,CAK,OH,AGL,CE,Combined TRACON& Tower with Radar,65,15,83,0,163,0,1,59,3,63,65,16,142,3,226,116,0,116,342
07/29/2009,CAK,OH,AGL,CE,Combined TRACON& Tower with Radar,62,12,59,0,133,0,0,2,0,2,62,12,61,0,135,6,0,6,141
07/30/2009,CAK,OH,AGL,CE,Combined TRACON& Tower with Radar,69,16,67,0,152,0,4,15,5,24,69,20,82,5,176,9,0,9,185
07/31/2009,CAK,OH,AGL,CE,Combined TRACON& Tower with Radar,60,13,68,10,151,0,2,29,6,37,60,15,97,16,188,26,4,30,218
08/01/2009,CAK,OH,AGL,CE,Combined TRACON& Tower with Radar,62,7,115,0,184,0,2,61,1,64,62,9,176,1,248,61,0,61,309
08/02/2009,CAK,OH,AGL,CE,Combined TRACON& Tower with Radar,68,7,68,0,143,0,0,22,1,23,68,7,90,1,166,75,0,75,241
08/03/2009,CAK,OH,AGL,CE,Combined TRACON& Tower with Radar,63,24,109,0,196,0,1,82,0,83,63,25,191,0,279,108,0,108,387
08/04/2009,CAK,OH,AGL,CE,Combined TRACON& Tower with Radar,68,15,68,10,161,0,2,20,8,30,68,17,88,18,191,45,1,46,237
08/05/2009,CAK,OH,AGL,CE,Combined TRACON& Tower with Radar,66,15,100,2,183,0,5,45,8,58,66,20,145,10,241,59,0,59,300
08/06/2009,CAK,OH,AGL,CE,Combined TRACON& Tower with Radar,64,11,102,1,178,0,5,56,5,66,64,16,158,6,244,54,2,56,300
08/07/2009,CAK,OH,AGL,CE,Combined TRACON& Tower with Radar,67,29,84,3,183,0,0,65,5,70,67,29,149,8,253,137,0,137,390
08/08/2009,CAK,OH,AGL,CE,Combined TRACON& Tower with Radar,65,22,88,23,198,0,2,25,6,33,65,24,113,29,231,8,0,8,239
08/09/2009,CAK,OH,AGL,CE,Combined TRACON& Tower with Radar,67,61,75,6,209,0,0,23,5,28,67,61,98,11,237,17,0,17,254
08/10/2009,CAK,OH,AGL,CE,Combined TRACON& Tower with Radar,60,12,48,18,138,0,0,17,0,17,60,12,65,18,155,21,10,31,186
08/11/2009,CAK,OH,AGL,CE,Combined TRACON& Tower with Radar,61,5,50,0,116,0,1,11,2,14,61,6,61,2,130,5,0,5,135
08/12/2009,CAK,OH,AGL,CE,Combined TRACON& Tower with Radar,66,6,118,3,193,0,2,36,5,43,66,8,154,8,236,68,0,68,304
08/13/2009,CAK,OH,AGL,CE,Combined TRACON& Tower with Radar,65,17,99,0,181,0,0,44,2,46,65,17,143,2,227,30,8,38,265
08/14/2009,CAK,OH,AGL,CE,Combined TRACON& Tower with Radar,69,10,101,3,183,0,4,41,0,45,69,14,142,3,228,124,0,124,352
08/15/2009,CAK,OH,AGL,CE,Combined TRACON& Tower with Radar,69,1,45,2,117,0,0,35,4,39,69,1,80,6,156,84,0,84,240
08/16/2009,CAK,OH,AGL,CE,Combined TRACON& Tower with Radar,66,9,76,1,152,0,0,55,0,55,66,9,131,1,207,36,0,36,243
08/17/2009,CAK,OH,AGL,CE,Combined TRACON& Tower with Radar,64,3,43,0,110,0,0,21,0,21,64,3,64,0,131,7,0,7,138
08/18/2009,CAK,OH,AGL,CE,Combined TRACON& Tower with Radar,59,2,44,0,105,0,0,7,0,7,59,2,51,0,112,19,0,19,131
08/19/2009,CAK,OH,AGL,CE,Combined TRACON& Tower with Radar,69,5,73,1,148,0,3,23,2,28,69,8,96,3,176,56,0,56,232
08/20/2009,CAK,OH,AGL,CE,Combined TRACON& Tower with Radar,65,7,31,0,103,0,0,3,0,3,65,7,34,0,106,8,0,8,114
08/21/2009,CAK,OH,AGL,CE,Combined TRACON& Tower with Radar,71,2,45,1,119,0,8,20,0,28,71,10,65,1,147,82,0,82,229
08/22/2009,CAK,OH,AGL,CE,Combined TRACON& Tower with Radar,62,5,63,3,133,0,1,32,1,34,62,6,95,4,167,71,0,71,238
08/23/2009,CAK,OH,AGL,CE,Combined TRACON& Tower with Radar,66,4,106,0,176,0,0,24,0,24,66,4,130,0,200,60,0,60,260
08/24/2009,CAK,OH,AGL,CE,Combined TRACON& Tower with Radar,62,4,52,3,121,0,0,48,3,51,62,4,100,6,172,58,0,58,230
08/25/2009,CAK,OH,AGL,CE,Combined TRACON& Tower with Radar,63,5,108,0,176,0,3,72,0,75,63,8,180,0,251,68,0,68,319
08/26/2009,CAK,OH,AGL,CE,Combined TRACON& Tower with Radar,68,9,84,0,161,0,0,33,0,33,68,9,117,0,194,29,0,29,223
08/27/2009,CAK,OH,AGL,CE,Combined TRACON& Tower with Radar,66,1,84,1,152,0,3,7,2,12,66,4,91,3,164,59,0,59,223
08/28/2009,CAK,OH,AGL,CE,Combined TRACON& Tower with Radar,63,7,30,4,104,0,1,5,2,8,63,8,35,6,112,7,0,7,119
08/29/2009,CAK,OH,AGL,CE,Combined TRACON& Tower with Radar,60,4,51,0,115,0,4,29,0,33,60,8,80,0,148,12,0,12,160
08/30/2009,CAK,OH,AGL,CE,Combined TRACON& Tower with Radar,57,2,87,0,146,0,3,21,0,24,57,5,108,0,170,28,0,28,198
08/31/2009,CAK,OH,AGL,CE,Combined TRACON& Tower with Radar,58,2,51,0,111,0,0,45,2,47,58,2,96,2,158,21,0,21,179
09/01/2009,CAK,OH,AGL,CE,Combined TRACON& Tower with Radar,62,2,85,1,150,0,6,62,7,75,62,8,147,8,225,13,0,13,238
09/02/2009,CAK,OH,AGL,CE,Combined TRACON& Tower with Radar,64,3,106,3,176,0,6,55,5,66,64,9,161,8,242,111,0,111,353
09/03/2009,CAK,OH,AGL,CE,Combined TRACON& Tower with Radar,70,3,111,4,188,0,3,67,4,74,70,6,178,8,262,91,0,91,353
09/04/2009,CAK,OH,AGL,CE,Combined TRACON& Tower with Radar,65,5,78,0,148,0,2,50,3,55,65,7,128,3,203,63,0,63,266
09/05/2009,CAK,OH,AGL,CE,Combined TRACON& Tower with Radar,49,7,92,0,148,0,0,60,0,60,49,7,152,0,208,42,0,42,250
09/06/2009,CAK,OH,AGL,CE,Combined TRACON& Tower with Radar,46,2,66,0,114,0,1,64,0,65,46,3,130,0,179,34,0,34,213
09/07/2009,CAK,OH,AGL,CE,Combined TRACON& Tower with Radar,59,4,23,0,86,0,0,5,0,5,59,4,28,0,91,3,0,3,94
09/08/2009,CAK,OH,AGL,CE,Combined TRACON& Tower with Radar,64,5,49,6,124,0,1,2,9,12,64,6,51,15,136,21,1,22,158
09/09/2009,CAK,OH,AGL,CE,Combined TRACON& Tower with Radar,63,4,83,4,154,0,1,18,8,27,63,5,101,12,181,86,0,86,267
09/10/2009,CAK,OH,AGL,CE,Combined TRACON& Tower with Radar,62,10,93,0,165,0,0,37,7,44,62,10,130,7,209,44,0,44,253
09/11/2009,CAK,OH,AGL,CE,Combined TRACON& Tower with Radar,60,9,83,2,154,0,3,38,2,43,60,12,121,4,197,42,6,48,245
09/12/2009,CAK,OH,AGL,CE,Combined TRACON& Tower with Radar,63,7,62,4,136,0,0,46,4,50,63,7,108,8,186,75,0,75,261
09/13/2009,CAK,OH,AGL,CE,Combined TRACON& Tower with Radar,64,7,79,0,150,0,0,49,2,51,64,7,128,2,201,33,0,33,234
09/14/2009,CAK,OH,AGL,CE,Combined TRACON& Tower with Radar,51,5,69,0,125,0,1,25,1,27,51,6,94,1,152,79,0,79,231
09/15/2009,CAK,OH,AGL,CE,Combined TRACON& Tower with Radar,63,12,121,2,198,0,0,34,3,37,63,12,155,5,235,143,0,143,378
09/16/2009,CAK,OH,AGL,CE,Combined TRACON& Tower with Radar,48,5,109,1,163,0,0,41,2,43,48,5,150,3,206,141,0,141,347
09/17/2009,CAK,OH,AGL,CE,Combined TRACON& Tower with Radar,64,4,153,0,221,0,4,40,7,51,64,8,193,7,272,34,40,74,346
09/18/2009,CAK,OH,AGL,CE,Combined TRACON& Tower with Radar,68,6,103,0,177,0,1,42,3,46,68,7,145,3,223,60,0,60,283
09/19/2009,CAK,OH,AGL,CE,Combined TRACON& Tower with Radar,54,4,86,2,146,0,2,48,4,54,54,6,134,6,200,49,0,49,249
09/20/2009,CAK,OH,AGL,CE,Combined TRACON& Tower with Radar,61,8,65,4,138,0,0,36,5,41,61,8,101,9,179,23,0,23,202
09/21/2009,CAK,OH,AGL,CE,Combined TRACON& Tower with Radar,66,14,44,1,125,0,0,8,1,9,66,14,52,2,134,16,0,16,150
09/22/2009,CAK,OH,AGL,CE,Combined TRACON& Tower with Radar,62,10,69,0,141,0,1,2,2,5,62,11,71,2,146,133,0,133,279
09/23/2009,CAK,OH,AGL,CE,Combined TRACON& Tower with Radar,67,15,82,12,176,0,2,5,2,9,67,17,87,14,185,105,0,105,290
09/24/2009,CAK,OH,AGL,CE,Combined TRACON& Tower with Radar,63,7,88,3,161,0,1,11,3,15,63,8,99,6,176,73,0,73,249
09/25/2009,CAK,OH,AGL,CE,Combined TRACON& Tower with Radar,63,7,86,1,157,0,0,25,3,28,63,7,111,4,185,46,24,70,255
09/26/2009,CAK,OH,AGL,CE,Combined TRACON& Tower with Radar,56,5,22,1,84,0,0,0,0,0,56,5,22,1,84,57,0,57,141
09/27/2009,CAK,OH,AGL,CE,Combined TRACON& Tower with Radar,63,6,78,0,147,0,0,16,0,16,63,6,94,0,163,82,0,82,245
09/28/2009,CAK,OH,AGL,CE,Combined TRACON& Tower with Radar,61,8,15,0,84,0,0,1,3,4,61,8,16,3,88,22,0,22,110
09/29/2009,CAK,OH,AGL,CE,Combined TRACON& Tower with Radar,65,8,33,0,106,0,0,5,1,6,65,8,38,1,112,29,0,29,141
09/30/2009,CAK,OH,AGL,CE,Combined TRACON& Tower with Radar,48,5,71,0,124,0,1,4,3,8,48,6,75,3,132,5,0,5,137
10/01/2009,CAK,OH,AGL,CE,Combined TRACON& Tower with Radar,65,9,128,3,205,0,2,58,4,64,65,11,186,7,269,26,12,38,307
10/02/2009,CAK,OH,AGL,CE,Combined TRACON& Tower with Radar,67,7,79,0,153,0,1,14,2,17,67,8,93,2,170,62,0,62,232
10/03/2009,CAK,OH,AGL,CE,Combined TRACON& Tower with Radar,57,6,78,0,141,0,0,43,0,43,57,6,121,0,184,94,0,94,278
10/04/2009,CAK,OH,AGL,CE,Combined TRACON& Tower with Radar,64,5,65,0,134,0,6,18,0,24,64,11,83,0,158,8,0,8,166
10/05/2009,CAK,OH,AGL,CE,Combined TRACON& Tower with Radar,66,7,126,3,202,0,1,58,2,61,66,8,184,5,263,118,0,118,381
10/06/2009,CAK,OH,AGL,CE,Combined TRACON& Tower with Radar,64,3,72,1,140,0,2,22,8,32,64,5,94,9,172,19,0,19,191
10/07/2009,CAK,OH,AGL,CE,Combined TRACON& Tower with Radar,65,0,104,3,172,0,0,5,2,7,65,0,109,5,179,151,0,151,330
10/08/2009,CAK,OH,AGL,CE,Combined TRACON& Tower with Radar,53,7,69,1,130,0,1,28,7,36,53,8,97,8,166,76,6,82,248
10/09/2009,CAK,OH,AGL,CE,Combined TRACON& Tower with Radar,49,9,34,2,94,0,0,0,0,0,49,9,34,2,94,13,6,19,113
10/10/2009,CAK,OH,AGL,CE,Combined TRACON& Tower with Radar,54,4,100,0,158,0,2,44,3,49,54,6,144,3,207,80,0,80,287
10/11/2009,CAK,OH,AGL,CE,Combined TRACON& Tower with Radar,68,3,104,0,175,0,0,62,0,62,68,3,166,0,237,113,0,113,350
10/12/2009,CAK,OH,AGL,CE,Combined TRACON& Tower with Radar,64,6,105,0,175,0,1,38,1,40,64,7,143,1,215,16,0,16,231
10/13/2009,CAK,OH,AGL,CE,Combined TRACON& Tower with Radar,97,7,65,10,179,0,2,29,4,35,97,9,94,14,214,62,0,62,276
10/14/2009,CAK,OH,AGL,CE,Combined TRACON& Tower with Radar,63,1,58,2,124,0,0,15,7,22,63,1,73,9,146,9,0,9,155
10/15/2009,CAK,OH,AGL,CE,Combined TRACON& Tower with Radar,63,2,43,0,108,0,0,0,0,0,63,2,43,0,108,55,10,65,173
10/16/2009,CAK,OH,AGL,CE,Combined TRACON& Tower with Radar,67,3,32,0,102,0,0,1,0,1,67,3,33,0,103,5,0,5,108
10/17/2009,CAK,OH,AGL,CE,Combined TRACON& Tower with Radar,60,4,19,1,84,0,0,10,5,15,60,4,29,6,99,4,0,4,103
10/18/2009,CAK,OH,AGL,CE,Combined TRACON& Tower with Radar,60,6,77,2,145,0,1,58,4,63,60,7,135,6,208,59,0,59,267
10/19/2009,CAK,OH,AGL,CE,Combined TRACON& Tower with Radar,74,11,93,1,179,0,1,37,1,39,74,12,130,2,218,102,0,102,320
10/20/2009,CAK,OH,AGL,CE,Combined TRACON& Tower with Radar,66,3,140,2,211,0,0,63,5,68,66,3,203,7,279,164,0,164,443
10/21/2009,CAK,OH,AGL,CE,Combined TRACON& Tower with Radar,64,12,125,7,208,0,3,53,2,58,64,15,178,9,266,125,0,125,391
10/22/2009,CAK,OH,AGL,CE,Combined TRACON& Tower with Radar,64,8,148,4,224,0,0,56,6,62,64,8,204,10,286,173,4,177,463
10/23/2009,CAK,OH,AGL,CE,Combined TRACON& Tower with Radar,60,8,40,0,108,0,0,3,0,3,60,8,43,0,111,4,0,4,115
10/24/2009,CAK,OH,AGL,CE,Combined TRACON& Tower with Radar,59,5,43,0,107,0,0,5,0,5,59,5,48,0,112,16,0,16,128
10/25/2009,CAK,OH,AGL,CE,Combined TRACON& Tower with Radar,53,0,112,3,168,0,0,61,1,62,53,0,173,4,230,39,7,46,276
10/26/2009,CAK,OH,AGL,CE,Combined TRACON& Tower with Radar,65,4,89,0,158,0,1,58,2,61,65,5,147,2,219,89,0,89,308
10/27/2009,CAK,OH,AGL,CE,Combined TRACON& Tower with Radar,63,7,131,7,208,0,1,44,7,52,63,8,175,14,260,160,0,160,420
10/28/2009,CAK,OH,AGL,CE,Combined TRACON& Tower with Radar,60,9,68,5,142,0,0,0,4,4,60,9,68,9,146,65,0,65,211
10/29/2009,CAK,OH,AGL,CE,Combined TRACON& Tower with Radar,66,14,83,6,169,0,3,15,8,26,66,17,98,14,195,57,0,57,252
10/30/2009,CAK,OH,AGL,CE,Combined TRACON& Tower with Radar,61,8,54,0,123,0,0,18,2,20,61,8,72,2,143,87,0,87,230
10/31/2009,CAK,OH,AGL,CE,Combined TRACON& Tower with Radar,50,11,11,2,74,0,1,4,0,5,50,12,15,2,79,10,0,10,89
11/01/2009,CAK,OH,AGL,CE,Combined TRACON& Tower with Radar,59,1,97,0,157,0,1,51,0,52,59,2,148,0,209,25,2,27,236
11/02/2009,CAK,OH,AGL,CE,Combined TRACON& Tower with Radar,65,10,113,6,194,0,1,66,1,68,65,11,179,7,262,137,5,142,404
11/03/2009,CAK,OH,AGL,CE,Combined TRACON& Tower with Radar,65,19,87,0,171,0,2,22,6,30,65,21,109,6,201,122,0,122,323
11/04/2009,CAK,OH,AGL,CE,Combined TRACON& Tower with Radar,72,10,50,1,133,0,0,4,3,7,72,10,54,4,140,9,0,9,149
11/05/2009,CAK,OH,AGL,CE,Combined TRACON& Tower with Radar,64,14,60,0,138,0,2,8,5,15,64,16,68,5,153,34,0,34,187
11/06/2009,CAK,OH,AGL,CE,Combined TRACON& Tower with Radar,68,18,134,4,224,0,3,72,5,80,68,21,206,9,304,72,0,72,376
11/07/2009,CAK,OH,AGL,CE,Combined TRACON& Tower with Radar,60,3,64,0,127,0,2,34,0,36,60,5,98,0,163,25,8,33,196
11/08/2009,CAK,OH,AGL,CE,Combined TRACON& Tower with Radar,71,4,114,1,190,0,2,69,0,71,71,6,183,1,261,135,0,135,396
11/09/2009,CAK,OH,AGL,CE,Combined TRACON& Tower with Radar,68,11,85,2,166,0,3,34,2,39,68,14,119,4,205,101,0,101,306
11/10/2009,CAK,OH,AGL,CE,Combined TRACON& Tower with Radar,62,10,87,5,164,0,2,24,10,36,62,12,111,15,200,125,0,125,325
11/11/2009,CAK,OH,AGL,CE,Combined TRACON& Tower with Radar,66,15,152,0,233,0,2,47,1,50,66,17,199,1,283,99,0,99,382
11/12/2009,CAK,OH,AGL,CE,Combined TRACON& Tower with Radar,70,14,110,0,194,0,3,51,8,62,70,17,161,8,256,52,2,54,310
11/13/2009,CAK,OH,AGL,CE,Combined TRACON& Tower with Radar,64,24,124,0,212,0,5,37,2,44,64,29,161,2,256,40,0,40,296
11/14/2009,CAK,OH,AGL,CE,Combined TRACON& Tower with Radar,62,5,138,8,213,0,3,46,8,57,62,8,184,16,270,21,0,21,291
11/15/2009,CAK,OH,AGL,CE,Combined TRACON& Tower with Radar,54,8,121,2,185,0,1,31,7,39,54,9,152,9,224,76,0,76,300
11/16/2009,CAK,OH,AGL,CE,Combined TRACON& Tower with Radar,56,32,75,0,163,0,1,22,0,23,56,33,97,0,186,10,0,10,196
11/17/2009,CAK,OH,AGL,CE,Combined TRACON& Tower with Radar,65,19,54,3,141,0,6,21,3,30,65,25,75,6,171,22,0,22,193
11/18/2009,CAK,OH,AGL,CE,Combined TRACON& Tower with Radar,67,60,97,3,227,0,1,21,13,35,67,61,118,16,262,14,0,14,276
11/19/2009,CAK,OH,AGL,CE,Combined TRACON& Tower with Radar,62,24,79,5,170,0,0,3,6,9,62,24,82,11,179,30,0,30,209
11/20/2009,CAK,OH,AGL,CE,Combined TRACON& Tower with Radar,67,19,74,1,161,0,0,10,1,11,67,19,84,2,172,6,0,6,178
11/21/2009,CAK,OH,AGL,CE,Combined TRACON& Tower with Radar,54,13,48,0,115,0,4,22,0,26,54,17,70,0,141,12,0,12,153
11/22/2009,CAK,OH,AGL,CE,Combined TRACON& Tower with Radar,64,13,140,0,217,0,3,60,1,64,64,16,200,1,281,51,0,51,332
11/23/2009,CAK,OH,AGL,CE,Combined TRACON& Tower with Radar,69,22,46,0,137,0,1,18,4,23,69,23,64,4,160,22,0,22,182
11/24/2009,CAK,OH,AGL,CE,Combined TRACON& Tower with Radar,63,20,63,4,150,0,1,6,6,13,63,21,69,10,163,38,0,38,201
11/25/2009,CAK,OH,AGL,CE,Combined TRACON& Tower with Radar,65,25,51,2,143,0,0,3,3,6,65,25,54,5,149,14,0,14,163
11/26/2009,CAK,OH,AGL,CE,Combined TRACON& Tower with Radar,47,16,3,0,66,0,0,4,0,4,47,16,7,0,70,13,0,13,83
11/27/2009,CAK,OH,AGL,CE,Combined TRACON& Tower with Radar,52,14,14,0,80,0,1,4,0,5,52,15,18,0,85,2,0,2,87
11/28/2009,CAK,OH,AGL,CE,Combined TRACON& Tower with Radar,60,11,62,0,133,0,3,49,0,52,60,14,111,0,185,79,0,79,264
11/29/2009,CAK,OH,AGL,CE,Combined TRACON& Tower with Radar,69,10,49,0,128,0,4,27,0,31,69,14,76,0,159,64,0,64,223
11/30/2009,CAK,OH,AGL,CE,Combined TRACON& Tower with Radar,51,8,47,0,106,0,0,18,2,20,51,8,65,2,126,105,0,105,231
12/01/2009,CAK,OH,AGL,CE,Combined TRACON& Tower with Radar,68,19,73,3,163,0,2,30,9,41,68,21,103,12,204,34,10,44,248
12/02/2009,CAK,OH,AGL,CE,Combined TRACON& Tower with Radar,69,19,43,1,132,0,0,17,3,20,69,19,60,4,152,42,0,42,194
12/03/2009,CAK,OH,AGL,CE,Combined TRACON& Tower with Radar,69,11,36,3,119,0,3,4,3,10,69,14,40,6,129,8,0,8,137
12/04/2009,CAK,OH,AGL,CE,Combined TRACON& Tower with Radar,69,21,148,0,238,0,1,51,0,52,69,22,199,0,290,111,0,111,401
12/05/2009,CAK,OH,AGL,CE,Combined TRACON& Tower with Radar,52,2,73,0,127,0,1,39,3,43,52,3,112,3,170,83,0,83,253
12/06/2009,CAK,OH,AGL,CE,Combined TRACON& Tower with Radar,63,13,88,2,166,0,0,50,0,50,63,13,138,2,216,47,0,47,263
12/07/2009,CAK,OH,AGL,CE,Combined TRACON& Tower with Radar,55,7,40,2,104,0,0,2,4,6,55,7,42,6,110,3,0,3,113
12/08/2009,CAK,OH,AGL,CE,Combined TRACON& Tower with Radar,62,17,78,2,159,0,1,15,0,16,62,18,93,2,175,25,0,25,200
12/09/2009,CAK,OH,AGL,CE,Combined TRACON& Tower with Radar,62,22,26,0,110,0,0,1,0,1,62,22,27,0,111,10,0,10,121
12/10/2009,CAK,OH,AGL,CE,Combined TRACON& Tower with Radar,63,19,33,1,116,0,0,3,4,7,63,19,36,5,123,7,0,7,130
12/11/2009,CAK,OH,AGL,CE,Combined TRACON& Tower with Radar,72,18,54,0,144,0,0,26,0,26,72,18,80,0,170,18,0,18,188
12/12/2009,CAK,OH,AGL,CE,Combined TRACON& Tower with Radar,56,3,130,1,190,0,2,50,5,57,56,5,180,6,247,40,0,40,287
12/13/2009,CAK,OH,AGL,CE,Combined TRACON& Tower with Radar,61,13,21,0,95,0,0,0,0,0,61,13,21,0,95,19,0,19,114
12/14/2009,CAK,OH,AGL,CE,Combined TRACON& Tower with Radar,69,11,61,0,141,0,0,12,0,12,69,11,73,0,153,8,0,8,161
12/15/2009,CAK,OH,AGL,CE,Combined TRACON& Tower with Radar,65,16,25,0,106,0,0,0,1,1,65,16,25,1,107,6,0,6,113
12/16/2009,CAK,OH,AGL,CE,Combined TRACON& Tower with Radar,49,11,43,2,105,0,1,14,2,17,49,12,57,4,122,17,0,17,139
12/17/2009,CAK,OH,AGL,CE,Combined TRACON& Tower with Radar,58,16,105,0,179,0,2,32,1,35,58,18,137,1,214,98,0,98,312
12/18/2009,CAK,OH,AGL,CE,Combined TRACON& Tower with Radar,55,18,74,0,147,0,0,27,2,29,55,18,101,2,176,45,0,45,221
12/19/2009,CAK,OH,AGL,CE,Combined TRACON& Tower with Radar,47,10,12,0,69,0,0,0,0,0,47,10,12,0,69,8,0,8,77
12/20/2009,CAK,OH,AGL,CE,Combined TRACON& Tower with Radar,63,7,38,0,108,0,0,10,2,12,63,7,48,2,120,19,0,19,139
12/21/2009,CAK,OH,AGL,CE,Combined TRACON& Tower with Radar,58,22,21,1,102,0,0,5,4,9,58,22,26,5,111,54,0,54,165
12/22/2009,CAK,OH,AGL,CE,Combined TRACON& Tower with Radar,55,17,27,0,99,0,0,2,0,2,55,17,29,0,101,28,0,28,129
12/23/2009,CAK,OH,AGL,CE,Combined TRACON& Tower with Radar,59,16,68,1,144,0,4,32,3,39,59,20,100,4,183,61,0,61,244
12/24/2009,CAK,OH,AGL,CE,Combined TRACON& Tower with Radar,50,8,25,0,83,0,1,10,0,11,50,9,35,0,94,4,6,10,104
12/25/2009,CAK,OH,AGL,CE,Combined TRACON& Tower with Radar,52,9,2,0,63,0,0,0,0,0,52,9,2,0,63,10,0,10,73
12/26/2009,CAK,OH,AGL,CE,Combined TRACON& Tower with Radar,51,3,33,0,87,0,0,15,1,16,51,3,48,1,103,6,0,6,109
12/27/2009,CAK,OH,AGL,CE,Combined TRACON& Tower with Radar,47,12,37,0,96,0,0,9,1,10,47,12,46,1,106,66,0,66,172
12/28/2009,CAK,OH,AGL,CE,Combined TRACON& Tower with Radar,44,16,7,0,67,0,0,0,0,0,44,16,7,0,67,0,0,0,67
12/29/2009,CAK,OH,AGL,CE,Combined TRACON& Tower with Radar,56,18,22,5,101,0,0,3,0,3,56,18,25,5,104,0,0,0,104
12/30/2009,CAK,OH,AGL,CE,Combined TRACON& Tower with Radar,61,24,70,3,158,0,3,30,5,38,61,27,100,8,196,61,0,61,257
12/31/2009,CAK,OH,AGL,CE,Combined TRACON& Tower with Radar,40,11,3,0,54,0,0,0,0,0,40,11,3,0,54,5,0,5,59
01/01/2010,CAK,OH,AGL,CE,Combined TRACON& Tower with Radar,44,14,5,0,63,0,0,0,0,0,44,14,5,0,63,7,0,7,70
01/02/2010,CAK,OH,AGL,CE,Combined TRACON& Tower with Radar,49,6,9,0,64,0,0,0,0,0,49,6,9,0,64,1,0,1,65
01/03/2010,CAK,OH,AGL,CE,Combined TRACON& Tower with Radar,56,17,49,0,122,0,1,2,0,3,56,18,51,0,125,6,0,6,131
01/04/2010,CAK,OH,AGL,CE,Combined TRACON& Tower with Radar,57,16,10,0,83,0,0,0,0,0,57,16,10,0,83,3,0,3,86
01/05/2010,CAK,OH,AGL,CE,Combined TRACON& Tower with Radar,68,19,21,0,108,0,0,0,2,2,68,19,21,2,110,10,54,64,174
01/06/2010,CAK,OH,AGL,CE,Combined TRACON& Tower with Radar,66,16,22,0,104,0,0,0,0,0,66,16,22,0,104,8,0,8,112
01/07/2010,CAK,OH,AGL,CE,Combined TRACON& Tower with Radar,53,15,16,0,84,0,0,0,0,0,53,15,16,0,84,7,0,7,91
01/08/2010,CAK,OH,AGL,CE,Combined TRACON& Tower with Radar,63,15,13,0,91,0,0,0,0,0,63,15,13,0,91,4,0,4,95
01/09/2010,CAK,OH,AGL,CE,Combined TRACON& Tower with Radar,53,9,47,2,111,0,0,5,0,5,53,9,52,2,116,57,0,57,173
01/10/2010,CAK,OH,AGL,CE,Combined TRACON& Tower with Radar,65,9,49,0,123,0,0,19,0,19,65,9,68,0,142,39,0,39,181
01/11/2010,CAK,OH,AGL,CE,Combined TRACON& Tower with Radar,65,16,16,0,97,0,0,1,0,1,65,16,17,0,98,0,0,0,98
01/12/2010,CAK,OH,AGL,CE,Combined TRACON& Tower with Radar,61,20,29,2,112,0,0,0,1,1,61,20,29,3,113,5,0,5,118
01/13/2010,CAK,OH,AGL,CE,Combined TRACON& Tower with Radar,64,13,74,9,160,0,2,20,6,28,64,15,94,15,188,31,0,31,219
01/14/2010,CAK,OH,AGL,CE,Combined TRACON& Tower with Radar,56,11,92,8,167,0,5,53,6,64,56,16,145,14,231,68,0,68,299
01/15/2010,CAK,OH,AGL,CE,Combined TRACON& Tower with Radar,66,23,22,0,111,0,0,1,2,3,66,23,23,2,114,8,0,8,122
01/16/2010,CAK,OH,AGL,CE,Combined TRACON& Tower with Radar,54,14,32,0,100,0,0,4,0,4,54,14,36,0,104,16,0,16,120
01/17/2010,CAK,OH,AGL,CE,Combined TRACON& Tower with Radar,57,8,33,0,98,0,0,0,0,0,57,8,33,0,98,8,0,8,106
01/18/2010,CAK,OH,AGL,CE,Combined TRACON& Tower with Radar,65,13,31,0,109,0,1,1,0,2,65,14,32,0,111,2,0,2,113
01/19/2010,CAK,OH,AGL,CE,Combined TRACON& Tower with Radar,49,8,34,1,92,0,1,0,3,4,49,9,34,4,96,0,0,0,96
01/20/2010,CAK,OH,AGL,CE,Combined TRACON& Tower with Radar,66,12,70,9,157,0,3,18,7,28,66,15,88,16,185,46,14,60,245
01/21/2010,CAK,OH,AGL,CE,Combined TRACON& Tower with Radar,65,7,87,4,163,0,0,34,13,47,65,7,121,17,210,61,0,61,271
01/22/2010,CAK,OH,AGL,CE,Combined TRACON& Tower with Radar,64,12,25,1,102,0,0,0,0,0,64,12,25,1,102,4,0,4,106
01/23/2010,CAK,OH,AGL,CE,Combined TRACON& Tower with Radar,61,14,152,10,237,0,1,39,10,50,61,15,191,20,287,96,0,96,383
01/24/2010,CAK,OH,AGL,CE,Combined TRACON& Tower with Radar,57,6,19,1,83,0,0,1,1,2,57,6,20,2,85,17,0,17,102
01/25/2010,CAK,OH,AGL,CE,Combined TRACON& Tower with Radar,52,6,22,1,81,0,0,0,2,2,52,6,22,3,83,4,0,4,87
01/26/2010,CAK,OH,AGL,CE,Combined TRACON& Tower with Radar,70,16,33,8,127,0,0,2,10,12,70,16,35,18,139,14,12,26,165
01/27/2010,CAK,OH,AGL,CE,Combined TRACON& Tower with Radar,63,13,63,2,141,0,2,15,4,21,63,15,78,6,162,5,0,5,167
01/28/2010,CAK,OH,AGL,CE,Combined TRACON& Tower with Radar,65,19,29,0,113,0,0,1,4,5,65,19,30,4,118,5,26,31,149
01/29/2010,CAK,OH,AGL,CE,Combined TRACON& Tower with Radar,66,15,112,6,199,0,0,46,2,48,66,15,158,8,247,111,0,111,358
01/30/2010,CAK,OH,AGL,CE,Combined TRACON& Tower with Radar,49,8,72,0,129,0,7,20,0,27,49,15,92,0,156,83,0,83,239
01/31/2010,CAK,OH,AGL,CE,Combined TRACON& Tower with Radar,54,8,58,2,122,0,0,37,0,37,54,8,95,2,159,18,0,18,177
02/01/2010,CAK,OH,AGL,CE,Combined TRACON& Tower with Radar,65,23,73,0,161,0,3,39,0,42,65,26,112,0,203,27,0,27,230
02/02/2010,CAK,OH,AGL,CE,Combined TRACON& Tower with Radar,61,16,41,2,120,0,0,4,6,10,61,16,45,8,130,25,0,25,155
02/03/2010,CAK,OH,AGL,CE,Combined TRACON& Tower with Radar,66,22,37,2,127,0,1,1,2,4,66,23,38,4,131,3,10,13,144
02/04/2010,CAK,OH,AGL,CE,Combined TRACON& Tower with Radar,62,16,82,15,175,0,0,50,6,56,62,16,132,21,231,140,0,140,371
02/05/2010,CAK,OH,AGL,CE,Combined TRACON& Tower with Radar,68,14,20,0,102,0,0,1,0,1,68,14,21,0,103,11,0,11,114
02/06/2010,CAK,OH,AGL,CE,Combined TRACON& Tower with Radar,51,9,2,0,62,0,0,1,0,1,51,9,3,0,63,5,0,5,68
02/07/2010,CAK,OH,AGL,CE,Combined TRACON& Tower with Radar,49,2,33,0,84,0,0,12,1,13,49,2,45,1,97,6,0,6,103
02/08/2010,CAK,OH,AGL,CE,Combined TRACON& Tower with Radar,66,18,46,0,130,0,0,17,1,18,66,18,63,1,148,6,0,6,154
02/09/2010,CAK,OH,AGL,CE,Combined TRACON& Tower with Radar,55,16,29,0,100,0,0,0,0,0,55,16,29,0,100,8,0,8,108
02/10/2010,CAK,OH,AGL,CE,Combined TRACON& Tower with Radar,55,12,7,0,74,0,0,0,0,0,55,12,7,0,74,6,0,6,80
02/11/2010,CAK,OH,AGL,CE,Combined TRACON& Tower with Radar,66,12,36,9,123,0,0,12,10,22,66,12,48,19,145,3,0,3,148
02/12/2010,CAK,OH,AGL,CE,Combined TRACON& Tower with Radar,60,16,33,7,116,0,0,16,4,20,60,16,49,11,136,56,0,56,192
02/13/2010,CAK,OH,AGL,CE,Combined TRACON& Tower with Radar,49,10,8,0,67,0,0,0,0,0,49,10,8,0,67,6,0,6,73
02/14/2010,CAK,OH,AGL,CE,Combined TRACON& Tower with Radar,64,13,15,0,92,0,0,2,0,2,64,13,17,0,94,7,0,7,101
02/15/2010,CAK,OH,AGL,CE,Combined TRACON& Tower with Radar,61,10,47,0,118,0,0,18,1,19,61,10,65,1,137,24,0,24,161
02/16/2010,CAK,OH,AGL,CE,Combined TRACON& Tower with Radar,61,13,27,0,101,0,0,0,0,0,61,13,27,0,101,3,0,3,104
02/17/2010,CAK,OH,AGL,CE,Combined TRACON& Tower with Radar,66,18,39,0,123,0,3,3,0,6,66,21,42,0,129,5,28,33,162
02/18/2010,CAK,OH,AGL,CE,Combined TRACON& Tower with Radar,67,16,44,0,127,0,1,4,0,5,67,17,48,0,132,18,0,18,150
02/19/2010,CAK,OH,AGL,CE,Combined TRACON& Tower with Radar,67,16,70,1,154,0,1,37,4,42,67,17,107,5,196,89,0,89,285
02/20/2010,CAK,OH,AGL,CE,Combined TRACON& Tower with Radar,55,14,67,0,136,0,3,39,2,44,55,17,106,2,180,45,2,47,227
02/21/2010,CAK,OH,AGL,CE,Combined TRACON& Tower with Radar,65,5,59,0,129,0,0,26,0,26,65,5,85,0,155,21,0,21,176
02/22/2010,CAK,OH,AGL,CE,Combined TRACON& Tower with Radar,56,14,31,0,101,0,0,0,0,0,56,14,31,0,101,8,0,8,109
02/23/2010,CAK,OH,AGL,CE,Combined TRACON& Tower with Radar,63,19,45,0,127,0,0,4,0,4,63,19,49,0,131,13,0,13,144
02/24/2010,CAK,OH,AGL,CE,Combined TRACON& Tower with Radar,62,14,38,4,118,0,0,0,0,0,62,14,38,4,118,3,0,3,121
02/25/2010,CAK,OH,AGL,CE,Combined TRACON& Tower with Radar,49,19,34,0,102,0,0,2,0,2,49,19,36,0,104,18,0,18,122
02/26/2010,CAK,OH,AGL,CE,Combined TRACON& Tower with Radar,65,16,21,2,104,0,0,0,0,0,65,16,21,2,104,10,0,10,114
02/27/2010,CAK,OH,AGL,CE,Combined TRACON& Tower with Radar,67,11,9,0,87,0,0,0,0,0,67,11,9,0,87,2,0,2,89
02/28/2010,CAK,OH,AGL,CE,Combined TRACON& Tower with Radar,54,6,12,0,72,0,0,1,0,1,54,6,13,0,73,2,0,2,75
03/01/2010,CAK,OH,AGL,CE,Combined TRACON& Tower with Radar,65,10,57,0,132,0,1,20,1,22,65,11,77,1,154,48,0,48,202
03/02/2010,CAK,OH,AGL,CE,Combined TRACON& Tower with Radar,58,14,32,1,105,0,0,10,3,13,58,14,42,4,118,5,0,5,123
03/03/2010,CAK,OH,AGL,CE,Combined TRACON& Tower with Radar,65,21,94,5,185,0,2,21,5,28,65,23,115,10,213,86,0,86,299
03/04/2010,CAK,OH,AGL,CE,Combined TRACON& Tower with Radar,63,17,144,0,224,0,7,63,7,77,63,24,207,7,301,75,0,75,376
03/05/2010,CAK,OH,AGL,CE,Combined TRACON& Tower with Radar,66,16,140,0,222,0,0,47,0,47,66,16,187,0,269,185,0,185,454
03/06/2010,CAK,OH,AGL,CE,Combined TRACON& Tower with Radar,57,10,130,1,198,0,3,44,4,51,57,13,174,5,249,113,0,113,362
03/07/2010,CAK,OH,AGL,CE,Combined TRACON& Tower with Radar,59,13,108,0,180,0,0,83,0,83,59,13,191,0,263,111,0,111,374
03/08/2010,CAK,OH,AGL,CE,Combined TRACON& Tower with Radar,61,30,123,0,214,0,0,70,1,71,61,30,193,1,285,132,0,132,417
03/09/2010,CAK,OH,AGL,CE,Combined TRACON& Tower with Radar,59,19,103,4,185,0,1,35,2,38,59,20,138,6,223,99,12,111,334
03/10/2010,CAK,OH,AGL,CE,Combined TRACON& Tower with Radar,62,14,102,10,188,0,1,11,7,19,62,15,113,17,207,77,0,77,284
03/11/2010,CAK,OH,AGL,CE,Combined TRACON& Tower with Radar,60,21,74,1,156,0,0,33,7,40,60,21,107,8,196,86,6,92,288
03/12/2010,CAK,OH,AGL,CE,Combined TRACON& Tower with Radar,59,15,77,0,151,0,0,15,1,16,59,15,92,1,167,126,0,126,293
03/13/2010,CAK,OH,AGL,CE,Combined TRACON& Tower with Radar,61,12,15,0,88,0,0,0,0,0,61,12,15,0,88,11,0,11,99
03/14/2010,CAK,OH,AGL,CE,Combined TRACON& Tower with Radar,52,11,46,0,109,0,0,1,0,1,52,11,47,0,110,40,0,40,150
03/15/2010,CAK,OH,AGL,CE,Combined TRACON& Tower with Radar,61,24,52,0,137,0,0,3,1,4,61,24,55,1,141,9,0,9,150
03/16/2010,CAK,OH,AGL,CE,Combined TRACON& Tower with Radar,60,19,151,2,232,0,2,75,5,82,60,21,226,7,314,95,12,107,421
03/17/2010,CAK,OH,AGL,CE,Combined TRACON& Tower with Radar,53,17,134,1,205,0,4,49,1,54,53,21,183,2,259,112,0,112,371
03/18/2010,CAK,OH,AGL,CE,Combined TRACON& Tower with Radar,64,16,169,0,249,0,1,82,5,88,64,17,251,5,337,127,2,129,466
03/19/2010,CAK,OH,AGL,CE,Combined TRACON& Tower with Radar,61,16,162,2,241,0,1,61,3,65,61,17,223,5,306,85,4,89,395
03/20/2010,CAK,OH,AGL,CE,Combined TRACON& Tower with Radar,53,10,135,0,198,0,3,51,2,56,53,13,186,2,254,137,0,137,391
03/21/2010,CAK,OH,AGL,CE,Combined TRACON& Tower with Radar,50,9,89,0,148,0,0,31,6,37,50,9,120,6,185,68,0,68,253
03/22/2010,CAK,OH,AGL,CE,Combined TRACON& Tower with Radar,49,15,34,0,98,0,0,0,0,0,49,15,34,0,98,6,0,6,104
03/23/2010,CAK,OH,AGL,CE,Combined TRACON& Tower with Radar,59,22,36,0,117,0,1,1,0,2,59,23,37,0,119,8,0,8,127
03/24/2010,CAK,OH,AGL,CE,Combined TRACON& Tower with Radar,55,14,143,17,229,0,0,57,5,62,55,14,200,22,291,114,6,120,411
03/25/2010,CAK,OH,AGL,CE,Combined TRACON& Tower with Radar,62,18,68,1,149,0,0,12,0,12,62,18,80,1,161,25,0,25,186
03/26/2010,CAK,OH,AGL,CE,Combined TRACON& Tower with Radar,66,12,114,2,194,0,2,38,2,42,66,14,152,4,236,116,0,116,352
03/27/2010,CAK,OH,AGL,CE,Combined TRACON& Tower with Radar,54,13,110,0,177,0,3,77,0,80,54,16,187,0,257,117,0,117,374
03/28/2010,CAK,OH,AGL,CE,Combined TRACON& Tower with Radar,63,6,35,0,104,0,0,1,0,1,63,6,36,0,105,34,0,34,139
03/29/2010,CAK,OH,AGL,CE,Combined TRACON& Tower with Radar,52,14,16,0,82,0,0,1,0,1,52,14,17,0,83,12,0,12,95
03/30/2010,CAK,OH,AGL,CE,Combined TRACON& Tower with Radar,60,26,51,4,141,0,0,12,7,19,60,26,63,11,160,25,0,25,185
03/31/2010,CAK,OH,AGL,CE,Combined TRACON& Tower with Radar,54,11,87,3,155,0,0,32,5,37,54,11,119,8,192,17,0,17,209
04/01/2010,CAK,OH,AGL,CE,Combined TRACON& Tower with Radar,63,13,107,1,184,0,3,32,3,38,63,16,139,4,222,98,0,98,320
04/02/2010,CAK,OH,AGL,CE,Combined TRACON& Tower with Radar,65,11,115,3,194,0,0,48,3,51,65,11,163,6,245,75,4,79,324
04/03/2010,CAK,OH,AGL,CE,Combined TRACON& Tower with Radar,55,5,53,0,113,0,3,20,0,23,55,8,73,0,136,14,0,14,150
04/04/2010,CAK,OH,AGL,CE,Combined TRACON& Tower with Radar,53,4,24,1,82,0,1,14,0,15,53,5,38,1,97,16,0,16,113
04/05/2010,CAK,OH,AGL,CE,Combined TRACON& Tower with Radar,67,22,80,0,169,0,1,18,0,19,67,23,98,0,188,19,0,19,207
04/06/2010,CAK,OH,AGL,CE,Combined TRACON& Tower with Radar,60,17,54,6,137,0,1,25,2,28,60,18,79,8,165,34,3,37,202
04/07/2010,CAK,OH,AGL,CE,Combined TRACON& Tower with Radar,62,20,117,1,200,0,0,10,8,18,62,20,127,9,218,62,0,62,280
04/08/2010,CAK,OH,AGL,CE,Combined TRACON& Tower with Radar,59,27,48,0,134,0,0,1,1,2,59,27,49,1,136,63,0,63,199
04/09/2010,CAK,OH,AGL,CE,Combined TRACON& Tower with Radar,64,33,51,0,148,0,0,10,1,11,64,33,61,1,159,32,2,34,193
04/10/2010,CAK,OH,AGL,CE,Combined TRACON& Tower with Radar,48,15,77,0,140,0,5,62,1,68,48,20,139,1,208,18,0,18,226
04/11/2010,CAK,OH,AGL,CE,Combined TRACON& Tower with Radar,63,13,110,0,186,0,2,79,1,82,63,15,189,1,268,53,0,53,321
04/12/2010,CAK,OH,AGL,CE,Combined TRACON& Tower with Radar,49,13,122,2,186,0,0,41,2,43,49,13,163,4,229,105,16,121,350
04/13/2010,CAK,OH,AGL,CE,Combined TRACON& Tower with Radar,58,21,119,2,200,0,2,12,0,14,58,23,131,2,214,90,0,90,304
04/14/2010,CAK,OH,AGL,CE,Combined TRACON& Tower with Radar,63,31,108,5,207,0,3,57,5,65,63,34,165,10,272,129,0,129,401
04/15/2010,CAK,OH,AGL,CE,Combined TRACON& Tower with Radar,61,18,80,0,159,0,1,30,7,38,61,19,110,7,197,61,14,75,272
04/16/2010,CAK,OH,AGL,CE,Combined TRACON& Tower with Radar,67,22,48,10,147,0,1,8,2,11,67,23,56,12,158,24,13,37,195
04/17/2010,CAK,OH,AGL,CE,Combined TRACON& Tower with Radar,49,10,25,0,84,0,2,10,0,12,49,12,35,0,96,13,0,13,109
04/18/2010,CAK,OH,AGL,CE,Combined TRACON& Tower with Radar,50,12,41,1,104,0,0,13,0,13,50,12,54,1,117,27,0,27,144
04/19/2010,CAK,OH,AGL,CE,Combined TRACON& Tower with Radar,56,11,83,3,153,0,0,30,2,32,56,11,113,5,185,36,0,36,221
04/20/2010,CAK,OH,AGL,CE,Combined TRACON& Tower with Radar,67,10,143,4,224,0,1,46,5,52,67,11,189,9,276,30,0,30,306
04/21/2010,CAK,OH,AGL,CE,Combined TRACON& Tower with Radar,69,14,125,7,215,0,7,48,8,63,69,21,173,15,278,121,0,121,399
04/22/2010,CAK,OH,AGL,CE,Combined TRACON& Tower with Radar,68,15,124,6,213,0,1,51,10,62,68,16,175,16,275,95,0,95,370
04/23/2010,CAK,OH,AGL,CE,Combined TRACON& Tower with Radar,69,18,111,0,198,0,1,39,2,42,69,19,150,2,240,49,0,49,289
04/24/2010,CAK,OH,AGL,CE,Combined TRACON& Tower with Radar,52,9,37,0,98,0,1,11,0,12,52,10,48,0,110,11,0,11,121
04/25/2010,CAK,OH,AGL,CE,Combined TRACON& Tower with Radar,71,9,46,0,126,0,0,2,1,3,71,9,48,1,129,41,0,41,170
04/26/2010,CAK,OH,AGL,CE,Combined TRACON& Tower with Radar,60,8,46,0,114,0,0,0,1,1,60,8,46,1,115,10,0,10,125
04/27/2010,CAK,OH,AGL,CE,Combined TRACON& Tower with Radar,63,20,94,8,185,0,2,41,3,46,63,22,135,11,231,73,0,73,304
04/28/2010,CAK,OH,AGL,CE,Combined TRACON& Tower with Radar,57,12,95,1,165,0,1,33,7,41,57,13,128,8,206,82,0,82,288
04/29/2010,CAK,OH,AGL,CE,Combined TRACON& Tower with Radar,61,18,134,3,216,0,5,63,8,76,61,23,197,11,292,65,0,65,357
04/30/2010,CAK,OH,AGL,CE,Combined TRACON& Tower with Radar,67,17,80,2,166,0,2,36,6,44,67,19,116,8,210,27,0,27,237
05/01/2010,CAK,OH,AGL,CE,Combined TRACON& Tower with Radar,51,10,43,5,109,0,4,19,3,26,51,14,62,8,135,46,0,46,181
05/02/2010,CAK,OH,AGL,CE,Combined TRACON& Tower with Radar,54,7,32,1,94,0,0,2,0,2,54,7,34,1,96,9,0,9,105
05/03/2010,CAK,OH,AGL,CE,Combined TRACON& Tower with Radar,52,22,66,0,140,0,0,21,2,23,52,22,87,2,163,20,0,20,183
05/04/2010,CAK,OH,AGL,CE,Combined TRACON& Tower with Radar,66,16,138,2,222,0,2,49,4,55,66,18,187,6,277,73,0,73,350
05/05/2010,CAK,OH,AGL,CE,Combined TRACON& Tower with Radar,70,18,81,7,176,0,2,29,7,38,70,20,110,14,214,38,0,38,252
05/06/2010,CAK,OH,AGL,CE,Combined TRACON& Tower with Radar,70,19,106,5,200,0,3,40,7,50,70,22,146,12,250,57,0,57,307
05/07/2010,CAK,OH,AGL,CE,Combined TRACON& Tower with Radar,63,30,77,0,170,0,2,26,3,31,63,32,103,3,201,26,0,26,227
05/08/2010,CAK,OH,AGL,CE,Combined TRACON& Tower with Radar,66,11,19,0,96,0,0,2,0,2,66,11,21,0,98,5,0,5,103
05/09/2010,CAK,OH,AGL,CE,Combined TRACON& Tower with Radar,56,15,54,0,125,0,2,24,0,26,56,17,78,0,151,22,0,22,173
05/10/2010,CAK,OH,AGL,CE,Combined TRACON& Tower with Radar,63,24,132,0,219,0,6,57,3,66,63,30,189,3,285,70,0,70,355
05/11/2010,CAK,OH,AGL,CE,Combined TRACON& Tower with Radar,55,11,32,0,98,0,1,0,1,2,55,12,32,1,100,0,2,2,102
05/12/2010,CAK,OH,AGL,CE,Combined TRACON& Tower with Radar,68,18,88,2,176,0,1,0,2,3,68,19,88,4,179,21,0,21,200
05/13/2010,CAK,OH,AGL,CE,Combined TRACON& Tower with Radar,66,23,55,0,144,0,0,5,4,9,66,23,60,4,153,4,0,4,157
05/14/2010,CAK,OH,AGL,CE,Combined TRACON& Tower with Radar,72,22,105,3,202,0,4,14,6,24,72,26,119,9,226,2,32,34,260
05/15/2010,CAK,OH,AGL,CE,Combined TRACON& Tower with Radar,59,7,100,2,168,0,5,82,7,94,59,12,182,9,262,30,0,30,292
05/16/2010,CAK,OH,AGL,CE,Combined TRACON& Tower with Radar,66,8,110,0,184,0,2,62,0,64,66,10,172,0,248,92,0,92,340
05/17/2010,CAK,OH,AGL,CE,Combined TRACON& Tower with Radar,67,20,52,0,139,0,0,0,0,0,67,20,52,0,139,0,0,0,139
05/18/2010,CAK,OH,AGL,CE,Combined TRACON& Tower with Radar,69,24,55,0,148,0,0,0,0,0,69,24,55,0,148,5,0,5,153
05/19/2010,CAK,OH,AGL,CE,Combined TRACON& Tower with Radar,70,14,134,10,228,0,2,30,3,35,70,16,164,13,263,80,3,83,346
05/20/2010,CAK,OH,AGL,CE,Combined TRACON& Tower with Radar,68,21,138,11,238,0,0,62,8,70,68,21,200,19,308,60,0,60,368
05/21/2010,CAK,OH,AGL,CE,Combined TRACON& Tower with Radar,67,20,67,0,154,0,0,19,5,24,67,20,86,5,178,4,0,4,182
05/22/2010,CAK,OH,AGL,CE,Combined TRACON& Tower with Radar,53,7,17,0,77,0,0,2,5,7,53,7,19,5,84,6,34,40,124
05/23/2010,CAK,OH,AGL,CE,Combined TRACON& Tower with Radar,69,15,71,2,157,0,10,28,2,40,69,25,99,4,197,22,0,22,219
05/24/2010,CAK,OH,AGL,CE,Combined TRACON& Tower with Radar,70,15,67,3,155,0,3,27,1,31,70,18,94,4,186,0,0,0,186
05/25/2010,CAK,OH,AGL,CE,Combined TRACON& Tower with Radar,68,23,111,0,202,0,4,55,4,63,68,27,166,4,265,41,0,41,306
05/26/2010,CAK,OH,AGL,CE,Combined TRACON& Tower with Radar,63,32,93,2,190,0,2,35,6,43,63,34,128,8,233,25,0,25,258
05/27/2010,CAK,OH,AGL,CE,Combined TRACON& Tower with Radar,67,22,111,3,203,0,7,40,4,51,67,29,151,7,254,46,0,46,300
05/28/2010,CAK,OH,AGL,CE,Combined TRACON& Tower with Radar,64,30,91,2,187,0,2,28,0,30,64,32,119,2,217,10,0,10,227
05/29/2010,CAK,OH,AGL,CE,Combined TRACON& Tower with Radar,52,15,67,0,134,0,4,63,0,67,52,19,130,0,201,56,0,56,257
05/30/2010,CAK,OH,AGL,CE,Combined TRACON& Tower with Radar,57,11,51,0,119,0,1,56,0,57,57,12,107,0,176,16,0,16,192
05/31/2010,CAK,OH,AGL,CE,Combined TRACON& Tower with Radar,55,9,39,1,104,0,1,14,3,18,55,10,53,4,122,7,0,7,129
06/01/2010,CAK,OH,AGL,CE,Combined TRACON& Tower with Radar,75,21,86,3,185,0,1,22,5,28,75,22,108,8,213,108,0,108,321
06/02/2010,CAK,OH,AGL,CE,Combined TRACON& Tower with Radar,68,18,48,5,139,0,0,12,2,14,68,18,60,7,153,16,0,16,169
06/03/2010,CAK,OH,AGL,CE,Combined TRACON& Tower with Radar,71,26,72,4,173,0,2,17,3,22,71,28,89,7,195,5,0,5,200
06/04/2010,CAK,OH,AGL,CE,Combined TRACON& Tower with Radar,71,26,72,4,173,0,2,17,3,22,71,28,89,7,195,6,0,6,201
06/05/2010,CAK,OH,AGL,CE,Combined TRACON& Tower with Radar,55,12,20,0,87,0,0,5,3,8,55,12,25,3,95,9,4,13,108
06/06/2010,CAK,OH,AGL,CE,Combined TRACON& Tower with Radar,66,23,40,3,132,0,0,12,12,24,66,23,52,15,156,3,0,3,159
06/07/2010,CAK,OH,AGL,CE,Combined TRACON& Tower with Radar,68,19,99,8,194,0,9,36,10,55,68,28,135,18,249,21,2,23,272
06/08/2010,CAK,OH,AGL,CE,Combined TRACON& Tower with Radar,69,24,102,11,206,0,1,38,15,54,69,25,140,26,260,34,2,36,296
06/09/2010,CAK,OH,AGL,CE,Combined TRACON& Tower with Radar,70,30,52,1,153,0,0,2,6,8,70,30,54,7,161,12,0,12,173
06/10/2010,CAK,OH,AGL,CE,Combined TRACON& Tower with Radar,71,38,138,5,252,0,2,57,16,75,71,40,195,21,327,50,1,51,378
06/11/2010,CAK,OH,AGL,CE,Combined TRACON& Tower with Radar,72,27,65,3,167,0,0,44,10,54,72,27,109,13,221,52,1,53,274
06/12/2010,CAK,OH,AGL,CE,Combined TRACON& Tower with Radar,54,15,59,10,138,0,2,13,13,28,54,17,72,23,166,26,5,31,197
06/13/2010,CAK,OH,AGL,CE,Combined TRACON& Tower with Radar,71,12,48,5,136,0,5,3,4,12,71,17,51,9,148,16,0,16,164
06/14/2010,CAK,OH,AGL,CE,Combined TRACON& Tower with Radar,55,15,40,5,115,0,0,9,6,15,55,15,49,11,130,4,0,4,134
06/15/2010,CAK,OH,AGL,CE,Combined TRACON& Tower with Radar,63,24,75,2,164,0,1,12,6,19,63,25,87,8,183,17,0,17,200
06/16/2010,CAK,OH,AGL,CE,Combined TRACON& Tower with Radar,70,26,76,15,187,0,0,18,9,27,70,26,94,24,214,88,0,88,302
06/17/2010,CAK,OH,AGL,CE,Combined TRACON& Tower with Radar,64,26,99,9,198,0,2,43,16,61,64,28,142,25,259,15,2,17,276
06/18/2010,CAK,OH,AGL,CE,Combined TRACON& Tower with Radar,71,25,141,4,241,0,9,60,9,78,71,34,201,13,319,144,2,146,465
06/19/2010,CAK,OH,AGL,CE,Combined TRACON& Tower with Radar,56,21,55,2,134,0,3,30,6,39,56,24,85,8,173,17,0,17,190
06/20/2010,CAK,OH,AGL,CE,Combined TRACON& Tower with Radar,70,11,56,5,142,0,1,55,0,56,70,12,111,5,198,16,0,16,214
06/21/2010,CAK,OH,AGL,CE,Combined TRACON& Tower with Radar,71,24,66,1,162,0,6,44,4,54,71,30,110,5,216,80,0,80,296
06/22/2010,CAK,OH,AGL,CE,Combined TRACON& Tower with Radar,66,19,61,3,149,0,0,20,8,28,66,19,81,11,177,23,0,23,200
06/23/2010,CAK,OH,AGL,CE,Combined TRACON& Tower with Radar,64,29,77,2,172,0,2,22,7,31,64,31,99,9,203,14,1,15,218
06/24/2010,CAK,OH,AGL,CE,Combined TRACON& Tower with Radar,64,26,76,3,169,0,0,7,7,14,64,26,83,10,183,9,0,9,192
06/25/2010,CAK,OH,AGL,CE,Combined TRACON& Tower with Radar,70,27,92,2,191,0,3,63,6,72,70,30,155,8,263,63,2,65,328
06/26/2010,CAK,OH,AGL,CE,Combined TRACON& Tower with Radar,51,18,67,0,136,0,2,29,0,31,51,20,96,0,167,43,0,43,210
06/27/2010,CAK,OH,AGL,CE,Combined TRACON& Tower with Radar,65,18,49,0,132,0,2,19,0,21,65,20,68,0,153,14,0,14,167
06/28/2010,CAK,OH,AGL,CE,Combined TRACON& Tower with Radar,65,60,56,0,181,0,3,10,0,13,65,63,66,0,194,13,0,13,207
06/29/2010,CAK,OH,AGL,CE,Combined TRACON& Tower with Radar,65,29,91,6,191,0,2,46,8,56,65,31,137,14,247,34,0,34,281
06/30/2010,CAK,OH,AGL,CE,Combined TRACON& Tower with Radar,60,17,117,2,196,0,2,34,6,42,60,19,151,8,238,71,0,71,309
07/01/2010,CAK,OH,AGL,CE,Combined TRACON& Tower with Radar,66,27,98,10,201,0,6,62,7,75,66,33,160,17,276,36,0,36,312
07/02/2010,CAK,OH,AGL,CE,Combined TRACON& Tower with Radar,76,24,85,0,185,0,0,62,4,66,76,24,147,4,251,21,0,21,272
07/03/2010,CAK,OH,AGL,CE,Combined TRACON& Tower with Radar,55,5,109,0,169,0,4,83,0,87,55,9,192,0,256,32,0,32,288
07/04/2010,CAK,OH,AGL,CE,Combined TRACON& Tower with Radar,58,2,33,0,93,0,3,36,1,40,58,5,69,1,133,6,0,6,139
07/05/2010,CAK,OH,AGL,CE,Combined TRACON& Tower with Radar,57,10,55,1,123,0,3,36,5,44,57,13,91,6,167,10,0,10,177
07/06/2010,CAK,OH,AGL,CE,Combined TRACON& Tower with Radar,66,21,81,5,173,0,4,40,9,53,66,25,121,14,226,5,0,5,231
07/07/2010,CAK,OH,AGL,CE,Combined TRACON& Tower with Radar,58,16,72,11,157,0,1,43,4,48,58,17,115,15,205,106,0,106,311
07/08/2010,CAK,OH,AGL,CE,Combined TRACON& Tower with Radar,69,26,71,16,182,0,3,25,10,38,69,29,96,26,220,54,4,58,278
07/09/2010,CAK,OH,AGL,CE,Combined TRACON& Tower with Radar,68,22,40,0,130,0,0,1,1,2,68,22,41,1,132,0,0,0,132
07/10/2010,CAK,OH,AGL,CE,Combined TRACON& Tower with Radar,61,10,70,1,142,0,4,58,3,65,61,14,128,4,207,39,0,39,246
07/11/2010,CAK,OH,AGL,CE,Combined TRACON& Tower with Radar,50,13,78,2,143,0,1,44,1,46,50,14,122,3,189,2,0,2,191
07/12/2010,CAK,OH,AGL,CE,Combined TRACON& Tower with Radar,57,21,63,0,141,0,2,6,1,9,57,23,69,1,150,9,0,9,159
07/13/2010,CAK,OH,AGL,CE,Combined TRACON& Tower with Radar,66,26,75,2,169,0,0,8,0,8,66,26,83,2,177,40,0,40,217
07/14/2010,CAK,OH,AGL,CE,Combined TRACON& Tower with Radar,54,20,91,10,175,0,2,38,10,50,54,22,129,20,225,51,2,53,278
07/15/2010,CAK,OH,AGL,CE,Combined TRACON& Tower with Radar,70,26,94,5,195,0,0,41,6,47,70,26,135,11,242,81,0,81,323
07/16/2010,CAK,OH,AGL,CE,Combined TRACON& Tower with Radar,64,24,64,1,153,0,0,23,3,26,64,24,87,4,179,15,0,15,194
07/17/2010,CAK,OH,AGL,CE,Combined TRACON& Tower with Radar,62,10,89,3,164,0,4,40,9,53,62,14,129,12,217,24,0,24,241
07/18/2010,CAK,OH,AGL,CE,Combined TRACON& Tower with Radar,61,14,87,1,163,0,2,43,5,50,61,16,130,6,213,19,0,19,232
07/19/2010,CAK,OH,AGL,CE,Combined TRACON& Tower with Radar,54,19,64,2,139,0,0,14,0,14,54,19,78,2,153,49,0,49,202
07/20/2010,CAK,OH,AGL,CE,Combined TRACON& Tower with Radar,69,21,59,0,149,0,0,8,2,10,69,21,67,2,159,24,0,24,183
07/21/2010,CAK,OH,AGL,CE,Combined TRACON& Tower with Radar,65,31,56,3,155,0,1,12,2,15,65,32,68,5,170,15,0,15,185
07/22/2010,CAK,OH,AGL,CE,Combined TRACON& Tower with Radar,69,31,92,1,193,0,1,41,5,47,69,32,133,6,240,66,0,66,306
07/23/2010,CAK,OH,AGL,CE,Combined TRACON& Tower with Radar,62,27,51,0,140,0,3,26,1,30,62,30,77,1,170,70,0,70,240
07/24/2010,CAK,OH,AGL,CE,Combined TRACON& Tower with Radar,58,16,59,3,136,0,2,18,0,20,58,18,77,3,156,23,0,23,179
07/25/2010,CAK,OH,AGL,CE,Combined TRACON& Tower with Radar,64,15,67,0,146,0,0,13,0,13,64,15,80,0,159,11,0,11,170
07/26/2010,CAK,OH,AGL,CE,Combined TRACON& Tower with Radar,54,13,81,0,148,0,3,58,2,63,54,16,139,2,211,14,0,14,225
07/27/2010,CAK,OH,AGL,CE,Combined TRACON& Tower with Radar,65,26,88,2,181,0,1,53,5,59,65,27,141,7,240,135,0,135,375
07/28/2010,CAK,OH,AGL,CE,Combined TRACON& Tower with Radar,65,24,91,2,182,0,2,22,10,34,65,26,113,12,216,54,0,54,270
07/29/2010,CAK,OH,AGL,CE,Combined TRACON& Tower with Radar,66,26,98,4,194,0,1,42,8,51,66,27,140,12,245,27,0,27,272
07/30/2010,CAK,OH,AGL,CE,Combined TRACON& Tower with Radar,69,16,43,0,128,0,2,70,0,72,69,18,113,0,200,16,0,16,216
07/31/2010,CAK,OH,AGL,CE,Combined TRACON& Tower with Radar,46,15,84,0,145,0,7,47,2,56,46,22,131,2,201,98,0,98,299
08/01/2010,CAK,OH,AGL,CE,Combined TRACON& Tower with Radar,62,33,98,6,199,0,4,51,2,57,62,37,149,8,256,35,0,35,291
08/02/2010,CAK,OH,AGL,CE,Combined TRACON& Tower with Radar,67,28,84,2,181,0,0,40,2,42,67,28,124,4,223,68,0,68,291
08/03/2010,CAK,OH,AGL,CE,Combined TRACON& Tower with Radar,69,19,75,10,173,0,1,12,11,24,69,20,87,21,197,70,0,70,267
08/04/2010,CAK,OH,AGL,CE,Combined TRACON& Tower with Radar,65,28,95,3,191,0,0,6,7,13,65,28,101,10,204,25,0,25,229
08/05/2010,CAK,OH,AGL,CE,Combined TRACON& Tower with Radar,68,29,98,3,198,0,2,35,5,42,68,31,133,8,240,31,0,31,271
08/06/2010,CAK,OH,AGL,CE,Combined TRACON& Tower with Radar,54,42,106,7,209,0,1,52,8,61,54,43,158,15,270,24,0,24,294
08/07/2010,CAK,OH,AGL,CE,Combined TRACON& Tower with Radar,62,33,74,2,171,0,3,57,6,66,62,36,131,8,237,30,0,30,267
08/08/2010,CAK,OH,AGL,CE,Combined TRACON& Tower with Radar,68,57,106,0,231,0,2,61,2,65,68,59,167,2,296,66,0,66,362
08/09/2010,CAK,OH,AGL,CE,Combined TRACON& Tower with Radar,60,25,88,0,173,0,0,27,1,28,60,25,115,1,201,89,0,89,290
08/10/2010,CAK,OH,AGL,CE,Combined TRACON& Tower with Radar,67,24,62,3,156,0,1,32,5,38,67,25,94,8,194,28,0,28,222
08/11/2010,CAK,OH,AGL,CE,Combined TRACON& Tower with Radar,69,24,57,4,154,0,2,27,8,37,69,26,84,12,191,12,0,12,203
08/12/2010,CAK,OH,AGL,CE,Combined TRACON& Tower with Radar,58,21,65,10,154,0,0,15,6,21,58,21,80,16,175,6,0,6,181
08/13/2010,CAK,OH,AGL,CE,Combined TRACON& Tower with Radar,66,29,96,2,193,0,1,55,8,64,66,30,151,10,257,50,0,50,307
08/14/2010,CAK,OH,AGL,CE,Combined TRACON& Tower with Radar,55,16,58,3,132,0,3,41,8,52,55,19,99,11,184,25,0,25,209
08/15/2010,CAK,OH,AGL,CE,Combined TRACON& Tower with Radar,49,15,42,9,115,0,1,8,2,11,49,16,50,11,126,0,0,0,126
08/16/2010,CAK,OH,AGL,CE,Combined TRACON& Tower with Radar,67,17,131,0,215,0,4,55,2,61,67,21,186,2,276,40,0,40,316
08/17/2010,CAK,OH,AGL,CE,Combined TRACON& Tower with Radar,55,24,94,1,174,0,4,55,7,66,55,28,149,8,240,29,0,29,269
08/18/2010,CAK,OH,AGL,CE,Combined TRACON& Tower with Radar,67,34,77,3,181,0,5,41,5,51,67,39,118,8,232,61,0,61,293
08/19/2010,CAK,OH,AGL,CE,Combined TRACON& Tower with Radar,68,33,86,2,189,0,4,41,4,49,68,37,127,6,238,56,0,56,294
08/20/2010,CAK,OH,AGL,CE,Combined TRACON& Tower with Radar,63,26,86,3,178,0,2,46,2,50,63,28,132,5,228,79,0,79,307
08/21/2010,CAK,OH,AGL,CE,Combined TRACON& Tower with Radar,58,12,80,0,150,0,7,49,2,58,58,19,129,2,208,51,0,51,259
08/22/2010,CAK,OH,AGL,CE,Combined TRACON& Tower with Radar,60,15,53,3,131,0,1,10,0,11,60,16,63,3,142,8,0,8,150
08/23/2010,CAK,OH,AGL,CE,Combined TRACON& Tower with Radar,69,32,71,0,172,0,0,13,1,14,69,32,84,1,186,10,0,10,196
08/24/2010,CAK,OH,AGL,CE,Combined TRACON& Tower with Radar,69,35,64,4,172,0,4,11,7,22,69,39,75,11,194,16,0,16,210
08/25/2010,CAK,OH,AGL,CE,Combined TRACON& Tower with Radar,56,18,85,3,162,0,4,12,3,19,56,22,97,6,181,81,0,81,262
08/26/2010,CAK,OH,AGL,CE,Combined TRACON& Tower with Radar,70,30,68,5,173,0,2,33,16,51,70,32,101,21,224,4,0,4,228
08/27/2010,CAK,OH,AGL,CE,Combined TRACON& Tower with Radar,66,26,97,1,190,0,5,73,2,80,66,31,170,3,270,70,0,70,340
08/28/2010,CAK,OH,AGL,CE,Combined TRACON& Tower with Radar,52,14,78,2,146,0,1,64,1,66,52,15,142,3,212,59,0,59,271
08/29/2010,CAK,OH,AGL,CE,Combined TRACON& Tower with Radar,63,14,70,3,150,0,2,44,0,46,63,16,114,3,196,34,0,34,230
08/30/2010,CAK,OH,AGL,CE,Combined TRACON& Tower with Radar,57,25,52,0,134,0,2,31,7,40,57,27,83,7,174,33,16,49,223
08/31/2010,CAK,OH,AGL,CE,Combined TRACON& Tower with Radar,73,25,105,4,207,0,6,35,14,55,73,31,140,18,262,88,4,92,354
09/01/2010,CAK,OH,AGL,CE,Combined TRACON& Tower with Radar,58,24,119,1,202,0,7,39,6,52,58,31,158,7,254,68,2,70,324
09/02/2010,CAK,OH,AGL,CE,Combined TRACON& Tower with Radar,67,23,99,0,189,0,4,26,0,30,67,27,125,0,219,44,0,44,263
09/03/2010,CAK,OH,AGL,CE,Combined TRACON& Tower with Radar,67,29,44,2,142,0,4,12,1,17,67,33,56,3,159,15,0,15,174
09/04/2010,CAK,OH,AGL,CE,Combined TRACON& Tower with Radar,49,14,24,0,87,0,0,10,0,10,49,14,34,0,97,11,0,11,108
09/05/2010,CAK,OH,AGL,CE,Combined TRACON& Tower with Radar,52,4,57,4,117,0,2,42,1,45,52,6,99,5,162,27,0,27,189
09/06/2010,CAK,OH,AGL,CE,Combined TRACON& Tower with Radar,56,6,45,0,107,0,0,26,0,26,56,6,71,0,133,25,0,25,158
09/07/2010,CAK,OH,AGL,CE,Combined TRACON& Tower with Radar,72,19,39,0,130,0,0,11,3,14,72,19,50,3,144,10,0,10,154
09/08/2010,CAK,OH,AGL,CE,Combined TRACON& Tower with Radar,66,23,73,2,164,0,0,15,6,21,66,23,88,8,185,40,0,40,225
09/09/2010,CAK,OH,AGL,CE,Combined TRACON& Tower with Radar,66,29,73,1,169,0,3,32,6,41,66,32,105,7,210,29,0,29,239
09/10/2010,CAK,OH,AGL,CE,Combined TRACON& Tower with Radar,64,29,87,4,184,0,3,30,8,41,64,32,117,12,225,18,0,18,243
09/11/2010,CAK,OH,AGL,CE,Combined TRACON& Tower with Radar,48,16,45,9,118,0,7,32,11,50,48,23,77,20,168,6,0,6,174
09/12/2010,CAK,OH,AGL,CE,Combined TRACON& Tower with Radar,41,18,121,5,185,0,3,24,7,34,41,21,145,12,219,54,2,56,275
09/13/2010,CAK,OH,AGL,CE,Combined TRACON& Tower with Radar,60,22,93,2,177,0,7,44,2,53,60,29,137,4,230,102,0,102,332
09/14/2010,CAK,OH,AGL,CE,Combined TRACON& Tower with Radar,62,32,102,3,199,0,4,46,4,54,62,36,148,7,253,70,0,70,323
09/15/2010,CAK,OH,AGL,CE,Combined TRACON& Tower with Radar,62,23,101,3,189,0,0,61,7,68,62,23,162,10,257,159,0,159,416
09/16/2010,CAK,OH,AGL,CE,Combined TRACON& Tower with Radar,48,20,46,6,120,0,0,0,3,3,48,20,46,9,123,10,48,58,181
09/17/2010,CAK,OH,AGL,CE,Combined TRACON& Tower with Radar,66,18,129,3,216,0,1,56,10,67,66,19,185,13,283,86,0,86,369
09/18/2010,CAK,OH,AGL,CE,Combined TRACON& Tower with Radar,51,21,110,0,182,0,6,59,3,68,51,27,169,3,250,85,0,85,335
09/19/2010,CAK,OH,AGL,CE,Combined TRACON& Tower with Radar,54,16,73,1,144,0,1,25,0,26,54,17,98,1,170,53,0,53,223
09/20/2010,CAK,OH,AGL,CE,Combined TRACON& Tower with Radar,67,20,109,11,207,0,2,24,11,37,67,22,133,22,244,45,4,49,293
09/21/2010,CAK,OH,AGL,CE,Combined TRACON& Tower with Radar,60,27,115,1,203,0,3,58,5,66,60,30,173,6,269,90,0,90,359
09/22/2010,CAK,OH,AGL,CE,Combined TRACON& Tower with Radar,49,21,111,16,197,0,5,17,11,33,49,26,128,27,230,72,0,72,302
09/23/2010,CAK,OH,AGL,CE,Combined TRACON& Tower with Radar,65,31,100,10,206,0,1,38,8,47,65,32,138,18,253,108,0,108,361
09/24/2010,CAK,OH,AGL,CE,Combined TRACON& Tower with Radar,63,28,61,2,154,0,4,8,10,22,63,32,69,12,176,16,0,16,192
09/25/2010,CAK,OH,AGL,CE,Combined TRACON& Tower with Radar,48,19,67,0,134,0,6,27,1,34,48,25,94,1,168,20,0,20,188
09/26/2010,CAK,OH,AGL,CE,Combined TRACON& Tower with Radar,61,15,87,0,163,0,0,49,0,49,61,15,136,0,212,47,0,47,259
09/27/2010,CAK,OH,AGL,CE,Combined TRACON& Tower with Radar,66,28,99,4,197,0,0,2,8,10,66,28,101,12,207,21,2,23,230
09/28/2010,CAK,OH,AGL,CE,Combined TRACON& Tower with Radar,59,28,40,4,131,0,0,0,1,1,59,28,40,5,132,7,6,13,145
09/29/2010,CAK,OH,AGL,CE,Combined TRACON& Tower with Radar,54,31,104,4,193,0,1,35,7,43,54,32,139,11,236,91,0,91,327
09/30/2010,CAK,OH,AGL,CE,Combined TRACON& Tower with Radar,50,41,108,2,201,0,5,30,6,41,50,46,138,8,242,86,0,86,328
10/01/2010,CAK,OH,AGL,CE,Combined TRACON& Tower with Radar,62,23,91,3,179,0,2,50,4,56,62,25,141,7,235,109,0,109,344
10/02/2010,CAK,OH,AGL,CE,Combined TRACON& Tower with Radar,49,20,57,0,126,0,0,22,4,26,49,20,79,4,152,37,0,37,189
10/03/2010,CAK,OH,AGL,CE,Combined TRACON& Tower with Radar,57,14,47,0,118,0,0,2,0,2,57,14,49,0,120,5,0,5,125
10/04/2010,CAK,OH,AGL,CE,Combined TRACON& Tower with Radar,60,27,62,2,151,0,0,11,0,11,60,27,73,2,162,27,0,27,189
10/05/2010,CAK,OH,AGL,CE,Combined TRACON& Tower with Radar,62,24,65,0,151,0,0,2,4,6,62,24,67,4,157,34,0,34,191
10/06/2010,CAK,OH,AGL,CE,Combined TRACON& Tower with Radar,60,24,64,7,155,0,0,22,10,32,60,24,86,17,187,48,2,50,237
10/07/2010,CAK,OH,AGL,CE,Combined TRACON& Tower with Radar,64,38,90,3,195,0,1,46,7,54,64,39,136,10,249,114,0,114,363
10/08/2010,CAK,OH,AGL,CE,Combined TRACON& Tower with Radar,61,35,96,3,195,0,3,71,0,74,61,38,167,3,269,78,13,91,360
10/09/2010,CAK,OH,AGL,CE,Combined TRACON& Tower with Radar,52,13,102,1,168,0,11,60,2,73,52,24,162,3,241,130,0,130,371
10/10/2010,CAK,OH,AGL,CE,Combined TRACON& Tower with Radar,59,14,86,0,159,0,1,57,1,59,59,15,143,1,218,107,0,107,325
10/11/2010,CAK,OH,AGL,CE,Combined TRACON& Tower with Radar,63,17,71,1,152,0,2,31,3,36,63,19,102,4,188,7,0,7,195
10/12/2010,CAK,OH,AGL,CE,Combined TRACON& Tower with Radar,62,28,88,2,180,0,0,31,5,36,62,28,119,7,216,38,0,38,254
10/13/2010,CAK,OH,AGL,CE,Combined TRACON& Tower with Radar,59,29,107,6,201,0,1,49,5,55,59,30,156,11,256,116,0,116,372
10/14/2010,CAK,OH,AGL,CE,Combined TRACON& Tower with Radar,62,21,96,1,180,0,0,13,6,19,62,21,109,7,199,83,0,83,282
10/15/2010,CAK,OH,AGL,CE,Combined TRACON& Tower with Radar,66,24,72,4,166,0,1,20,5,26,66,25,92,9,192,69,0,69,261
10/16/2010,CAK,OH,AGL,CE,Combined TRACON& Tower with Radar,52,11,77,4,144,0,3,58,7,68,52,14,135,11,212,30,0,30,242
10/17/2010,CAK,OH,AGL,CE,Combined TRACON& Tower with Radar,60,11,60,4,135,0,1,43,1,45,60,12,103,5,180,12,0,12,192
10/18/2010,CAK,OH,AGL,CE,Combined TRACON& Tower with Radar,61,19,78,0,158,0,1,30,3,34,61,20,108,3,192,34,0,34,226
10/19/2010,CAK,OH,AGL,CE,Combined TRACON& Tower with Radar,52,15,107,1,175,0,0,35,1,36,52,15,142,2,211,42,0,42,253
10/20/2010,CAK,OH,AGL,CE,Combined TRACON& Tower with Radar,61,31,68,6,166,0,2,18,6,26,61,33,86,12,192,30,0,30,222
10/21/2010,CAK,OH,AGL,CE,Combined TRACON& Tower with Radar,60,23,102,10,195,0,1,21,7,29,60,24,123,17,224,37,0,37,261
10/22/2010,CAK,OH,AGL,CE,Combined TRACON& Tower with Radar,62,27,101,0,190,0,1,41,1,43,62,28,142,1,233,78,0,78,311
10/23/2010,CAK,OH,AGL,CE,Combined TRACON& Tower with Radar,50,15,68,0,133,0,2,27,3,32,50,17,95,3,165,26,0,26,191
10/24/2010,CAK,OH,AGL,CE,Combined TRACON& Tower with Radar,60,12,54,0,126,0,4,39,3,46,60,16,93,3,172,31,0,31,203
10/25/2010,CAK,OH,AGL,CE,Combined TRACON& Tower with Radar,60,29,80,0,169,0,0,28,1,29,60,29,108,1,198,9,0,9,207
10/26/2010,CAK,OH,AGL,CE,Combined TRACON& Tower with Radar,54,22,28,0,104,0,0,2,2,4,54,22,30,2,108,12,6,18,126
10/27/2010,CAK,OH,AGL,CE,Combined TRACON& Tower with Radar,54,29,52,14,149,0,2,5,7,14,54,31,57,21,163,30,3,33,196
10/28/2010,CAK,OH,AGL,CE,Combined TRACON& Tower with Radar,58,23,53,21,155,0,1,9,6,16,58,24,62,27,171,14,10,24,195
10/29/2010,CAK,OH,AGL,CE,Combined TRACON& Tower with Radar,64,24,115,5,208,0,3,47,10,60,64,27,162,15,268,47,20,67,335
10/30/2010,CAK,OH,AGL,CE,Combined TRACON& Tower with Radar,51,13,77,0,141,0,3,32,1,36,51,16,109,1,177,31,0,31,208
10/31/2010,CAK,OH,AGL,CE,Combined TRACON& Tower with Radar,49,6,57,1,113,0,3,25,2,30,49,9,82,3,143,25,0,25,168
11/01/2010,CAK,OH,AGL,CE,Combined TRACON& Tower with Radar,28,52,59,1,140,0,1,24,3,28,28,53,83,4,168,31,0,31,199
11/02/2010,CAK,OH,AGL,CE,Combined TRACON& Tower with Radar,28,50,74,2,154,0,0,61,8,69,28,50,135,10,223,105,0,105,328
11/03/2010,CAK,OH,AGL,CE,Combined TRACON& Tower with Radar,26,58,74,5,163,0,3,57,5,65,26,61,131,10,228,143,0,143,371
11/04/2010,CAK,OH,AGL,CE,Combined TRACON& Tower with Radar,26,49,45,5,125,0,2,14,5,21,26,51,59,10,146,36,2,38,184
11/05/2010,CAK,OH,AGL,CE,Combined TRACON& Tower with Radar,27,52,32,1,112,0,0,0,3,3,27,52,32,4,115,7,0,7,122
11/06/2010,CAK,OH,AGL,CE,Combined TRACON& Tower with Radar,25,37,16,0,78,0,0,6,0,6,25,37,22,0,84,15,0,15,99
11/07/2010,CAK,OH,AGL,CE,Combined TRACON& Tower with Radar,27,47,43,0,117,0,1,38,0,39,27,48,81,0,156,31,6,37,193
11/08/2010,CAK,OH,AGL,CE,Combined TRACON& Tower with Radar,30,53,57,2,142,0,0,37,4,41,30,53,94,6,183,116,20,136,319
11/09/2010,CAK,OH,AGL,CE,Combined TRACON& Tower with Radar,27,51,79,1,158,0,1,27,5,33,27,52,106,6,191,124,2,126,317
11/10/2010,CAK,OH,AGL,CE,Combined TRACON& Tower with Radar,28,49,82,6,165,0,0,41,2,43,28,49,123,8,208,94,10,104,312
11/11/2010,CAK,OH,AGL,CE,Combined TRACON& Tower with Radar,28,54,51,1,134,0,1,32,7,40,28,55,83,8,174,58,0,58,232
11/12/2010,CAK,OH,AGL,CE,Combined TRACON& Tower with Radar,29,54,62,3,148,0,1,33,6,40,29,55,95,9,188,100,0,100,288
11/13/2010,CAK,OH,AGL,CE,Combined TRACON& Tower with Radar,29,34,43,0,106,0,1,47,0,48,29,35,90,0,154,27,0,27,181
11/14/2010,CAK,OH,AGL,CE,Combined TRACON& Tower with Radar,26,45,45,2,118,0,0,8,0,8,26,45,53,2,126,18,0,18,144
11/15/2010,CAK,OH,AGL,CE,Combined TRACON& Tower with Radar,29,52,50,0,131,0,0,22,0,22,29,52,72,0,153,15,0,15,168
11/16/2010,CAK,OH,AGL,CE,Combined TRACON& Tower with Radar,27,52,56,0,135,0,2,5,2,9,27,54,61,2,144,18,0,18,162
11/17/2010,CAK,OH,AGL,CE,Combined TRACON& Tower with Radar,28,52,32,7,119,0,0,8,5,13,28,52,40,12,132,11,0,11,143
11/18/2010,CAK,OH,AGL,CE,Combined TRACON& Tower with Radar,29,55,43,0,127,0,0,3,2,5,29,55,46,2,132,25,0,25,157
11/19/2010,CAK,OH,AGL,CE,Combined TRACON& Tower with Radar,23,48,48,0,119,0,0,29,2,31,23,48,77,2,150,58,0,58,208
11/20/2010,CAK,OH,AGL,CE,Combined TRACON& Tower with Radar,27,37,35,0,99,0,0,9,2,11,27,37,44,2,110,57,14,71,181
11/21/2010,CAK,OH,AGL,CE,Combined TRACON& Tower with Radar,29,44,39,1,113,0,1,32,4,37,29,45,71,5,150,91,0,91,241
11/22/2010,CAK,OH,AGL,CE,Combined TRACON& Tower with Radar,29,55,23,0,107,0,2,6,0,8,29,57,29,0,115,21,4,25,140
11/23/2010,CAK,OH,AGL,CE,Combined TRACON& Tower with Radar,32,60,38,3,133,0,2,10,5,17,32,62,48,8,150,30,20,50,200
11/24/2010,CAK,OH,AGL,CE,Combined TRACON& Tower with Radar,31,53,34,1,119,0,2,19,3,24,31,55,53,4,143,30,0,30,173
11/25/2010,CAK,OH,AGL,CE,Combined TRACON& Tower with Radar,22,41,5,0,68,0,0,0,0,0,22,41,5,0,68,6,0,6,74
11/26/2010,CAK,OH,AGL,CE,Combined TRACON& Tower with Radar,31,40,15,0,86,0,3,16,0,19,31,43,31,0,105,34,0,34,139
11/27/2010,CAK,OH,AGL,CE,Combined TRACON& Tower with Radar,28,42,30,0,100,0,0,3,0,3,28,42,33,0,103,71,0,71,174
11/28/2010,CAK,OH,AGL,CE,Combined TRACON& Tower with Radar,30,56,47,0,133,0,0,65,0,65,30,56,112,0,198,91,0,91,289
11/29/2010,CAK,OH,AGL,CE,Combined TRACON& Tower with Radar,30,50,64,4,148,0,0,39,0,39,30,50,103,4,187,68,0,68,255
11/30/2010,CAK,OH,AGL,CE,Combined TRACON& Tower with Radar,28,54,37,0,119,0,0,0,0,0,28,54,37,0,119,7,0,7,126
12/01/2010,CAK,OH,AGL,CE,Combined TRACON& Tower with Radar,31,55,17,2,105,0,0,0,0,0,31,55,17,2,105,10,10,20,125
12/02/2010,CAK,OH,AGL,CE,Combined TRACON& Tower with Radar,25,60,49,4,138,0,2,7,6,15,25,62,56,10,153,45,0,45,198
12/03/2010,CAK,OH,AGL,CE,Combined TRACON& Tower with Radar,24,54,42,3,123,0,0,6,3,9,24,54,48,6,132,38,1,39,171
12/04/2010,CAK,OH,AGL,CE,Combined TRACON& Tower with Radar,26,33,21,1,81,0,0,11,3,14,26,33,32,4,95,75,4,79,174
12/05/2010,CAK,OH,AGL,CE,Combined TRACON& Tower with Radar,24,45,15,0,84,0,0,0,0,0,24,45,15,0,84,1,0,1,85
12/06/2010,CAK,OH,AGL,CE,Combined TRACON& Tower with Radar,26,53,26,0,105,0,0,3,0,3,26,53,29,0,108,13,4,17,125
12/07/2010,CAK,OH,AGL,CE,Combined TRACON& Tower with Radar,20,55,36,1,112,0,0,0,3,3,20,55,36,4,115,13,0,13,128
12/08/2010,CAK,OH,AGL,CE,Combined TRACON& Tower with Radar,26,56,37,4,123,0,0,4,6,10,26,56,41,10,133,10,6,16,149
12/09/2010,CAK,OH,AGL,CE,Combined TRACON& Tower with Radar,25,63,62,7,157,0,0,21,3,24,25,63,83,10,181,45,2,47,228
12/10/2010,CAK,OH,AGL,CE,Combined TRACON& Tower with Radar,28,56,51,0,135,0,0,13,4,17,28,56,64,4,152,29,0,29,181
12/11/2010,CAK,OH,AGL,CE,Combined TRACON& Tower with Radar,27,37,29,3,96,0,0,26,3,29,27,37,55,6,125,87,0,87,212
12/12/2010,CAK,OH,AGL,CE,Combined TRACON& Tower with Radar,24,43,9,0,76,0,0,0,0,0,24,43,9,0,76,3,0,3,79
12/13/2010,CAK,OH,AGL,CE,Combined TRACON& Tower with Radar,24,59,30,0,113,0,0,0,0,0,24,59,30,0,113,14,0,14,127
12/14/2010,CAK,OH,AGL,CE,Combined TRACON& Tower with Radar,21,58,37,0,116,0,0,0,8,8,21,58,37,8,124,9,0,9,133
12/15/2010,CAK,OH,AGL,CE,Combined TRACON& Tower with Radar,24,53,35,1,113,0,0,6,8,14,24,53,41,9,127,17,0,17,144
12/16/2010,CAK,OH,AGL,CE,Combined TRACON& Tower with Radar,26,49,58,3,136,0,0,22,6,28,26,49,80,9,164,25,0,25,189
12/17/2010,CAK,OH,AGL,CE,Combined TRACON& Tower with Radar,26,59,27,0,112,0,0,3,0,3,26,59,30,0,115,26,4,30,145
12/18/2010,CAK,OH,AGL,CE,Combined TRACON& Tower with Radar,26,36,41,0,103,0,0,30,2,32,26,36,71,2,135,48,4,52,187
12/19/2010,CAK,OH,AGL,CE,Combined TRACON& Tower with Radar,26,42,22,0,90,0,0,17,2,19,26,42,39,2,109,29,0,29,138
12/20/2010,CAK,OH,AGL,CE,Combined TRACON& Tower with Radar,25,52,37,0,114,0,1,14,0,15,25,53,51,0,129,16,32,48,177
12/21/2010,CAK,OH,AGL,CE,Combined TRACON& Tower with Radar,30,54,24,1,109,0,3,25,5,33,30,57,49,6,142,57,0,57,199
12/22/2010,CAK,OH,AGL,CE,Combined TRACON& Tower with Radar,28,53,17,0,98,0,1,1,0,2,28,54,18,0,100,45,0,45,145
12/23/2010,CAK,OH,AGL,CE,Combined TRACON& Tower with Radar,28,57,12,0,97,0,0,5,0,5,28,57,17,0,102,7,0,7,109
12/24/2010,CAK,OH,AGL,CE,Combined TRACON& Tower with Radar,25,42,8,0,75,0,0,2,0,2,25,42,10,0,77,18,0,18,95
12/25/2010,CAK,OH,AGL,CE,Combined TRACON& Tower with Radar,22,37,2,0,61,0,0,0,0,0,22,37,2,0,61,2,0,2,63
12/26/2010,CAK,OH,AGL,CE,Combined TRACON& Tower with Radar,24,49,12,0,85,0,0,0,3,3,24,49,12,3,88,4,0,4,92
12/27/2010,CAK,OH,AGL,CE,Combined TRACON& Tower with Radar,27,53,23,0,103,0,0,0,0,0,27,53,23,0,103,4,0,4,107
12/28/2010,CAK,OH,AGL,CE,Combined TRACON& Tower with Radar,28,62,28,2,120,0,4,14,9,27,28,66,42,11,147,3,3,6,153
12/29/2010,CAK,OH,AGL,CE,Combined TRACON& Tower with Radar,29,56,49,2,136,0,2,33,6,41,29,58,82,8,177,39,0,39,216
12/30/2010,CAK,OH,AGL,CE,Combined TRACON& Tower with Radar,27,53,18,0,98,0,0,0,0,0,27,53,18,0,98,0,0,0,98
12/31/2010,CAK,OH,AGL,CE,Combined TRACON& Tower with Radar,28,38,22,0,88,0,1,24,0,25,28,39,46,0,113,33,0,33,146
01/01/2011,CAK,OH,AGL,CE,Combined TRACON& Tower with Radar,22,34,5,0,61,0,0,0,0,0,22,34,5,0,61,2,0,2,63
01/02/2011,CAK,OH,AGL,CE,Combined TRACON& Tower with Radar,25,51,19,0,95,0,0,15,0,15,25,51,34,0,110,12,0,12,122
01/03/2011,CAK,OH,AGL,CE,Combined TRACON& Tower with Radar,26,59,39,0,124,0,0,19,0,19,26,59,58,0,143,54,0,54,197
01/04/2011,CAK,OH,AGL,CE,Combined TRACON& Tower with Radar,27,49,23,1,100,0,2,7,7,16,27,51,30,8,116,68,29,97,213
01/05/2011,CAK,OH,AGL,CE,Combined TRACON& Tower with Radar,23,51,38,2,114,0,3,34,8,45,23,54,72,10,159,54,10,64,223
01/06/2011,CAK,OH,AGL,CE,Combined TRACON& Tower with Radar,30,47,30,0,107,0,0,0,0,0,30,47,30,0,107,8,0,8,115
01/07/2011,CAK,OH,AGL,CE,Combined TRACON& Tower with Radar,28,52,31,0,111,0,1,20,3,24,28,53,51,3,135,42,0,42,177
01/08/2011,CAK,OH,AGL,CE,Combined TRACON& Tower with Radar,29,50,21,0,100,0,0,3,2,5,29,50,24,2,105,3,0,3,108
01/09/2011,CAK,OH,AGL,CE,Combined TRACON& Tower with Radar,23,48,48,0,119,0,0,29,2,31,23,48,77,2,150,67,0,67,217
01/10/2011,CAK,OH,AGL,CE,Combined TRACON& Tower with Radar,27,37,35,0,99,0,0,9,2,11,27,37,44,2,110,44,0,44,154
01/11/2011,CAK,OH,AGL,CE,Combined TRACON& Tower with Radar,29,44,39,1,113,0,1,32,4,37,29,45,71,5,150,21,0,21,171
01/12/2011,CAK,OH,AGL,CE,Combined TRACON& Tower with Radar,20,41,22,0,83,0,0,2,0,2,20,41,24,0,85,4,0,4,89
01/13/2011,CAK,OH,AGL,CE,Combined TRACON& Tower with Radar,32,64,52,2,150,0,2,15,7,24,32,66,67,9,174,17,0,17,191
01/14/2011,CAK,OH,AGL,CE,Combined TRACON& Tower with Radar,30,56,28,0,114,0,0,5,2,7,30,56,33,2,121,37,0,37,158
01/15/2011,CAK,OH,AGL,CE,Combined TRACON& Tower with Radar,27,36,5,0,68,0,0,0,2,2,27,36,5,2,70,7,0,7,77
01/16/2011,CAK,OH,AGL,CE,Combined TRACON& Tower with Radar,29,39,15,0,83,0,1,22,0,23,29,40,37,0,106,63,0,63,169
01/17/2011,CAK,OH,AGL,CE,Combined TRACON& Tower with Radar,27,55,53,0,135,0,2,33,0,35,27,57,86,0,170,38,0,38,208
01/18/2011,CAK,OH,AGL,CE,Combined TRACON& Tower with Radar,24,51,29,0,104,0,0,0,0,0,24,51,29,0,104,4,0,4,108
01/19/2011,CAK,OH,AGL,CE,Combined TRACON& Tower with Radar,27,59,24,0,110,0,0,0,1,1,27,59,24,1,111,7,0,7,118
01/20/2011,CAK,OH,AGL,CE,Combined TRACON& Tower with Radar,28,54,36,1,119,0,0,1,1,2,28,54,37,2,121,9,0,9,130
01/21/2011,CAK,OH,AGL,CE,Combined TRACON& Tower with Radar,30,49,22,0,101,0,0,4,4,8,30,49,26,4,109,17,0,17,126
01/22/2011,CAK,OH,AGL,CE,Combined TRACON& Tower with Radar,26,35,28,0,89,0,1,11,5,17,26,36,39,5,106,13,0,13,119
01/23/2011,CAK,OH,AGL,CE,Combined TRACON& Tower with Radar,26,45,36,0,107,0,0,25,6,31,26,45,61,6,138,42,0,42,180
01/24/2011,CAK,OH,AGL,CE,Combined TRACON& Tower with Radar,30,47,29,0,106,0,0,2,0,2,30,47,31,0,108,12,0,12,120
01/25/2011,CAK,OH,AGL,CE,Combined TRACON& Tower with Radar,25,51,34,6,116,0,2,4,6,12,25,53,38,12,128,7,6,13,141
01/26/2011,CAK,OH,AGL,CE,Combined TRACON& Tower with Radar,21,50,36,0,107,0,0,0,0,0,21,50,36,0,107,17,0,17,124
01/27/2011,CAK,OH,AGL,CE,Combined TRACON& Tower with Radar,31,54,27,3,115,0,1,1,3,5,31,55,28,6,120,6,0,6,126
01/28/2011,CAK,OH,AGL,CE,Combined TRACON& Tower with Radar,29,47,24,0,100,0,2,1,6,9,29,49,25,6,109,27,48,75,184
01/29/2011,CAK,OH,AGL,CE,Combined TRACON& Tower with Radar,26,37,6,0,69,0,0,3,0,3,26,37,9,0,72,7,0,7,79
01/30/2011,CAK,OH,AGL,CE,Combined TRACON& Tower with Radar,26,44,21,0,91,0,0,8,0,8,26,44,29,0,99,2,0,2,101
01/31/2011,CAK,OH,AGL,CE,Combined TRACON& Tower with Radar,25,51,58,3,137,0,2,40,1,43,25,53,98,4,180,81,1,82,262
02/01/2011,CAK,OH,AGL,CE,Combined TRACON& Tower with Radar,10,32,8,0,50,0,0,0,0,0,10,32,8,0,50,3,0,3,53
02/02/2011,CAK,OH,AGL,CE,Combined TRACON& Tower with Radar,22,31,3,0,56,0,0,0,0,0,22,31,3,0,56,2,0,2,58
02/03/2011,CAK,OH,AGL,CE,Combined TRACON& Tower with Radar,30,46,40,1,117,0,1,17,11,29,30,47,57,12,146,27,12,39,185
02/04/2011,CAK,OH,AGL,CE,Combined TRACON& Tower with Radar,29,49,37,2,117,0,1,29,6,36,29,50,66,8,153,42,0,42,195
02/05/2011,CAK,OH,AGL,CE,Combined TRACON& Tower with Radar,25,35,9,0,69,0,1,1,0,2,25,36,10,0,71,8,0,8,79
02/06/2011,CAK,OH,AGL,CE,Combined TRACON& Tower with Radar,25,47,9,0,81,0,1,0,2,3,25,48,9,2,84,4,0,4,88
02/07/2011,CAK,OH,AGL,CE,Combined TRACON& Tower with Radar,24,48,39,0,111,0,0,0,0,0,24,48,39,0,111,2,0,2,113
02/08/2011,CAK,OH,AGL,CE,Combined TRACON& Tower with Radar,24,55,26,3,108,0,1,9,9,19,24,56,35,12,127,24,0,24,151
02/09/2011,CAK,OH,AGL,CE,Combined TRACON& Tower with Radar,25,53,35,15,128,0,2,16,10,28,25,55,51,25,156,53,16,69,225
02/10/2011,CAK,OH,AGL,CE,Combined TRACON& Tower with Radar,29,59,39,11,138,0,1,36,6,43,29,60,75,17,181,53,30,83,264
02/11/2011,CAK,OH,AGL,CE,Combined TRACON& Tower with Radar,31,49,34,0,114,0,0,30,1,31,31,49,64,1,145,39,0,39,184
02/12/2011,CAK,OH,AGL,CE,Combined TRACON& Tower with Radar,26,36,11,0,73,0,0,2,0,2,26,36,13,0,75,39,1,40,115
02/13/2011,CAK,OH,AGL,CE,Combined TRACON& Tower with Radar,25,43,23,0,91,0,0,15,0,15,25,43,38,0,106,13,3,16,122
02/14/2011,CAK,OH,AGL,CE,Combined TRACON& Tower with Radar,26,49,31,1,107,0,0,2,1,3,26,49,33,2,110,30,0,30,140
02/15/2011,CAK,OH,AGL,CE,Combined TRACON& Tower with Radar,26,45,60,4,135,0,1,39,4,44,26,46,99,8,179,80,0,80,259
02/16/2011,CAK,OH,AGL,CE,Combined TRACON& Tower with Radar,28,56,58,6,148,0,2,21,4,27,28,58,79,10,175,70,14,84,259
02/17/2011,CAK,OH,AGL,CE,Combined TRACON& Tower with Radar,29,53,48,3,133,0,2,10,9,21,29,55,58,12,154,50,26,76,230
02/18/2011,CAK,OH,AGL,CE,Combined TRACON& Tower with Radar,28,48,19,0,95,0,3,8,0,11,28,51,27,0,106,6,0,6,112
02/19/2011,CAK,OH,AGL,CE,Combined TRACON& Tower with Radar,23,38,25,0,86,0,0,2,0,2,23,38,27,0,88,14,0,14,102
02/20/2011,CAK,OH,AGL,CE,Combined TRACON& Tower with Radar,26,34,23,0,83,0,0,20,0,20,26,34,43,0,103,9,0,9,112
02/21/2011,CAK,OH,AGL,CE,Combined TRACON& Tower with Radar,27,43,23,0,93,0,0,0,0,0,27,43,23,0,93,1,0,1,94
02/22/2011,CAK,OH,AGL,CE,Combined TRACON& Tower with Radar,32,51,45,2,130,0,2,7,6,15,32,53,52,8,145,64,0,64,209
02/23/2011,CAK,OH,AGL,CE,Combined TRACON& Tower with Radar,31,45,55,1,132,0,0,24,7,31,31,45,79,8,163,80,0,80,243
02/24/2011,CAK,OH,AGL,CE,Combined TRACON& Tower with Radar,31,48,26,14,119,0,0,0,4,4,31,48,26,18,123,14,12,26,149
02/25/2011,CAK,OH,AGL,CE,Combined TRACON& Tower with Radar,31,42,26,1,100,0,0,0,3,3,31,42,26,4,103,4,0,4,107
02/26/2011,CAK,OH,AGL,CE,Combined TRACON& Tower with Radar,22,40,30,0,92,0,2,28,3,33,22,42,58,3,125,13,0,13,138
02/27/2011,CAK,OH,AGL,CE,Combined TRACON& Tower with Radar,24,44,22,0,90,0,1,6,0,7,24,45,28,0,97,11,0,11,108
02/28/2011,CAK,OH,AGL,CE,Combined TRACON& Tower with Radar,29,46,32,1,108,0,0,0,1,1,29,46,32,2,109,5,0,5,114
03/01/2011,CAK,OH,AGL,CE,Combined TRACON& Tower with Radar,32,45,55,1,133,0,2,39,7,48,32,47,94,8,181,72,22,94,275
03/02/2011,CAK,OH,AGL,CE,Combined TRACON& Tower with Radar,28,46,36,3,113,0,2,24,8,34,28,48,60,11,147,103,0,103,250
03/03/2011,CAK,OH,AGL,CE,Combined TRACON& Tower with Radar,29,47,36,0,112,0,0,34,8,42,29,47,70,8,154,30,12,42,196
03/04/2011,CAK,OH,AGL,CE,Combined TRACON& Tower with Radar,32,49,26,3,110,0,0,8,1,9,32,49,34,4,119,11,0,11,130
03/05/2011,CAK,OH,AGL,CE,Combined TRACON& Tower with Radar,22,38,11,0,71,0,0,0,0,0,22,38,11,0,71,5,0,5,76
03/06/2011,CAK,OH,AGL,CE,Combined TRACON& Tower with Radar,21,44,17,0,82,0,0,0,0,0,21,44,17,0,82,0,0,0,82
03/07/2011,CAK,OH,AGL,CE,Combined TRACON& Tower with Radar,28,48,47,0,123,0,1,28,0,29,28,49,75,0,152,94,0,94,246
03/08/2011,CAK,OH,AGL,CE,Combined TRACON& Tower with Radar,30,53,48,0,131,0,1,32,12,45,30,54,80,12,176,71,6,77,253
03/09/2011,CAK,OH,AGL,CE,Combined TRACON& Tower with Radar,29,42,30,2,103,0,0,0,0,0,29,42,30,2,103,5,0,5,108
03/10/2011,CAK,OH,AGL,CE,Combined TRACON& Tower with Radar,28,49,36,0,113,0,0,0,0,0,28,49,36,0,113,20,0,20,133
03/11/2011,CAK,OH,AGL,CE,Combined TRACON& Tower with Radar,35,54,20,0,109,0,0,6,2,8,35,54,26,2,117,27,0,27,144
03/12/2011,CAK,OH,AGL,CE,Combined TRACON& Tower with Radar,23,37,27,10,97,0,0,16,2,18,23,37,43,12,115,35,8,43,158
03/13/2011,CAK,OH,AGL,CE,Combined TRACON& Tower with Radar,30,44,27,0,101,0,0,12,0,12,30,44,39,0,113,27,2,29,142
03/14/2011,CAK,OH,AGL,CE,Combined TRACON& Tower with Radar,29,52,59,1,141,0,0,32,3,35,29,52,91,4,176,60,4,64,240
03/15/2011,CAK,OH,AGL,CE,Combined TRACON& Tower with Radar,30,53,45,2,130,0,1,10,5,16,30,54,55,7,146,18,0,18,164
03/16/2011,CAK,OH,AGL,CE,Combined TRACON& Tower with Radar,30,58,56,5,149,0,0,3,1,4,30,58,59,6,153,7,10,17,170
03/17/2011,CAK,OH,AGL,CE,Combined TRACON& Tower with Radar,27,50,63,1,141,0,2,36,1,39,27,52,99,2,180,74,0,74,254
03/18/2011,CAK,OH,AGL,CE,Combined TRACON& Tower with Radar,27,59,37,1,124,0,1,29,3,33,27,60,66,4,157,74,0,74,231
03/19/2011,CAK,OH,AGL,CE,Combined TRACON& Tower with Radar,25,42,45,0,112,0,0,36,2,38,25,42,81,2,150,75,0,75,225
03/20/2011,CAK,OH,AGL,CE,Combined TRACON& Tower with Radar,27,46,60,3,136,0,1,38,3,42,27,47,98,6,178,71,6,77,255
03/21/2011,CAK,OH,AGL,CE,Combined TRACON& Tower with Radar,30,56,28,0,114,0,0,4,0,4,30,56,32,0,118,4,0,4,122
03/22/2011,CAK,OH,AGL,CE,Combined TRACON& Tower with Radar,30,45,58,0,133,0,1,10,2,13,30,46,68,2,146,14,0,14,160
03/23/2011,CAK,OH,AGL,CE,Combined TRACON& Tower with Radar,32,49,22,2,105,0,1,0,0,1,32,50,22,2,106,13,0,13,119
03/24/2011,CAK,OH,AGL,CE,Combined TRACON& Tower with Radar,31,54,39,0,124,0,0,13,2,15,31,54,52,2,139,76,0,76,215
03/25/2011,CAK,OH,AGL,CE,Combined TRACON& Tower with Radar,30,46,53,2,131,0,1,19,8,28,30,47,72,10,159,32,0,32,191
03/26/2011,CAK,OH,AGL,CE,Combined TRACON& Tower with Radar,21,42,41,1,105,0,0,29,1,30,21,42,70,2,135,74,0,74,209
03/27/2011,CAK,OH,AGL,CE,Combined TRACON& Tower with Radar,30,47,38,2,117,0,0,24,0,24,30,47,62,2,141,42,0,42,183
03/28/2011,CAK,OH,AGL,CE,Combined TRACON& Tower with Radar,32,61,44,1,138,0,3,29,0,32,32,64,73,1,170,56,0,56,226
03/29/2011,CAK,OH,AGL,CE,Combined TRACON& Tower with Radar,31,48,57,2,138,0,4,31,4,39,31,52,88,6,177,56,0,56,233
03/30/2011,CAK,OH,AGL,CE,Combined TRACON& Tower with Radar,30,46,44,1,121,0,0,14,0,14,30,46,58,1,135,21,0,21,156
03/31/2011,CAK,OH,AGL,CE,Combined TRACON& Tower with Radar,30,57,40,0,127,0,0,2,2,4,30,57,42,2,131,9,2,11,142
04/01/2011,CAK,OH,AGL,CE,Combined TRACON& Tower with Radar,30,54,39,2,125,0,1,27,5,33,30,55,66,7,158,24,0,24,182
04/02/2011,CAK,OH,AGL,CE,Combined TRACON& Tower with Radar,27,46,12,0,85,0,0,3,0,3,27,46,15,0,88,5,0,5,93
04/03/2011,CAK,OH,AGL,CE,Combined TRACON& Tower with Radar,30,46,39,0,115,0,0,13,1,14,30,46,52,1,129,1,0,1,130
04/04/2011,CAK,OH,AGL,CE,Combined TRACON& Tower with Radar,33,46,10,0,89,0,0,2,0,2,33,46,12,0,91,3,0,3,94
04/05/2011,CAK,OH,AGL,CE,Combined TRACON& Tower with Radar,32,57,32,2,123,0,0,14,8,22,32,57,46,10,145,28,20,48,193
04/06/2011,CAK,OH,AGL,CE,Combined TRACON& Tower with Radar,31,53,64,0,148,0,3,27,6,36,31,56,91,6,184,100,0,100,284
04/07/2011,CAK,OH,AGL,CE,Combined TRACON& Tower with Radar,34,46,67,9,156,0,1,31,1,33,34,47,98,10,189,109,54,163,352
04/08/2011,CAK,OH,AGL,CE,Combined TRACON& Tower with Radar,33,47,36,1,117,0,0,0,2,2,33,47,36,3,119,27,0,27,146
04/09/2011,CAK,OH,AGL,CE,Combined TRACON& Tower with Radar,26,37,58,0,121,0,0,5,1,6,26,37,63,1,127,38,0,38,165
04/10/2011,CAK,OH,AGL,CE,Combined TRACON& Tower with Radar,32,39,28,0,99,0,0,18,0,18,32,39,46,0,117,11,0,11,128
04/11/2011,CAK,OH,AGL,CE,Combined TRACON& Tower with Radar,30,52,26,2,110,0,0,1,2,3,30,52,27,4,113,7,0,7,120
04/12/2011,CAK,OH,AGL,CE,Combined TRACON& Tower with Radar,35,44,54,7,140,0,0,14,7,21,35,44,68,14,161,88,8,96,257
04/13/2011,CAK,OH,AGL,CE,Combined TRACON& Tower with Radar,33,52,54,1,140,0,1,63,8,72,33,53,117,9,212,167,2,169,381
04/14/2011,CAK,OH,AGL,CE,Combined TRACON& Tower with Radar,33,51,57,1,142,0,1,78,7,86,33,52,135,8,228,142,2,144,372
04/15/2011,CAK,OH,AGL,CE,Combined TRACON& Tower with Radar,32,48,40,1,121,0,1,19,5,25,32,49,59,6,146,28,0,28,174
04/16/2011,CAK,OH,AGL,CE,Combined TRACON& Tower with Radar,27,39,10,0,76,0,0,2,0,2,27,39,12,0,78,7,0,7,85
04/17/2011,CAK,OH,AGL,CE,Combined TRACON& Tower with Radar,30,46,18,0,94,0,0,2,0,2,30,46,20,0,96,2,0,2,98
04/18/2011,CAK,OH,AGL,CE,Combined TRACON& Tower with Radar,34,48,41,0,123,0,0,19,2,21,34,48,60,2,144,53,0,53,197
04/19/2011,CAK,OH,AGL,CE,Combined TRACON& Tower with Radar,34,43,26,0,103,0,0,0,0,0,34,43,26,0,103,18,0,18,121
04/20/2011,CAK,OH,AGL,CE,Combined TRACON& Tower with Radar,33,49,30,1,113,0,3,3,3,9,33,52,33,4,122,7,0,7,129
04/21/2011,CAK,OH,AGL,CE,Combined TRACON& Tower with Radar,34,53,51,4,142,0,1,48,13,62,34,54,99,17,204,23,8,31,235
04/22/2011,CAK,OH,AGL,CE,Combined TRACON& Tower with Radar,31,48,32,0,111,0,2,4,0,6,31,50,36,0,117,118,2,120,237
04/23/2011,CAK,OH,AGL,CE,Combined TRACON& Tower with Radar,29,43,35,0,107,0,0,10,0,10,29,43,45,0,117,79,0,79,196
04/24/2011,CAK,OH,AGL,CE,Combined TRACON& Tower with Radar,32,49,7,0,88,0,0,0,0,0,32,49,7,0,88,4,0,4,92
04/25/2011,CAK,OH,AGL,CE,Combined TRACON& Tower with Radar,31,51,39,0,121,0,2,2,0,4,31,53,41,0,125,29,0,29,154
04/26/2011,CAK,OH,AGL,CE,Combined TRACON& Tower with Radar,34,48,31,2,115,0,0,7,7,14,34,48,38,9,129,16,12,28,157
04/27/2011,CAK,OH,AGL,CE,Combined TRACON& Tower with Radar,30,58,29,4,121,0,1,1,4,6,30,59,30,8,127,11,4,15,142
04/28/2011,CAK,OH,AGL,CE,Combined TRACON& Tower with Radar,35,47,18,2,102,0,0,2,6,8,35,47,20,8,110,14,10,24,134
04/29/2011,CAK,OH,AGL,CE,Combined TRACON& Tower with Radar,34,55,42,0,131,0,0,24,0,24,34,55,66,0,155,73,0,73,228
04/30/2011,CAK,OH,AGL,CE,Combined TRACON& Tower with Radar,30,37,43,2,112,0,4,66,4,74,30,41,109,6,186,140,0,140,326
05/01/2011,CAK,OH,AGL,CE,Combined TRACON& Tower with Radar,34,44,20,0,98,0,0,10,2,12,34,44,30,2,110,67,4,71,181
05/02/2011,CAK,OH,AGL,CE,Combined TRACON& Tower with Radar,38,48,44,0,130,0,0,9,0,9,38,48,53,0,139,21,0,21,160
05/03/2011,CAK,OH,AGL,CE,Combined TRACON& Tower with Radar,35,48,42,0,125,0,0,0,0,0,35,48,42,0,125,6,0,6,131
05/04/2011,CAK,OH,AGL,CE,Combined TRACON& Tower with Radar,35,42,43,3,123,0,0,5,5,10,35,42,48,8,133,19,0,19,152
05/05/2011,CAK,OH,AGL,CE,Combined TRACON& Tower with Radar,38,50,52,1,141,0,3,68,9,80,38,53,120,10,221,151,2,153,374
05/06/2011,CAK,OH,AGL,CE,Combined TRACON& Tower with Radar,37,51,44,3,135,0,1,20,1,22,37,52,64,4,157,38,0,38,195
05/07/2011,CAK,OH,AGL,CE,Combined TRACON& Tower with Radar,31,39,19,1,90,0,2,9,0,11,31,41,28,1,101,14,0,14,115
05/08/2011,CAK,OH,AGL,CE,Combined TRACON& Tower with Radar,36,38,31,0,105,0,2,21,1,24,36,40,52,1,129,49,0,49,178
05/09/2011,CAK,OH,AGL,CE,Combined TRACON& Tower with Radar,36,52,56,0,144,0,1,50,4,55,36,53,106,4,199,52,2,54,253
05/10/2011,CAK,OH,AGL,CE,Combined TRACON& Tower with Radar,38,43,50,7,138,0,1,19,5,25,38,44,69,12,163,34,0,34,197
05/11/2011,CAK,OH,AGL,CE,Combined TRACON& Tower with Radar,38,44,72,2,156,0,1,58,7,66,38,45,130,9,222,167,3,170,392
05/12/2011,CAK,OH,AGL,CE,Combined TRACON& Tower with Radar,38,41,49,0,128,0,0,4,2,6,38,41,53,2,134,9,1,10,144
05/13/2011,CAK,OH,AGL,CE,Combined TRACON& Tower with Radar,39,50,42,0,131,0,1,12,3,16,39,51,54,3,147,16,6,22,169
05/14/2011,CAK,OH,AGL,CE,Combined TRACON& Tower with Radar,38,38,9,1,86,0,0,0,4,4,38,38,9,5,90,6,0,6,96
05/15/2011,CAK,OH,AGL,CE,Combined TRACON& Tower with Radar,35,41,19,0,95,0,0,0,0,0,35,41,19,0,95,3,0,3,98
05/16/2011,CAK,OH,AGL,CE,Combined TRACON& Tower with Radar,35,42,47,0,124,0,0,1,0,1,35,42,48,0,125,18,0,18,143
05/17/2011,CAK,OH,AGL,CE,Combined TRACON& Tower with Radar,34,54,49,0,137,0,0,0,0,0,34,54,49,0,137,15,0,15,152
05/18/2011,CAK,OH,AGL,CE,Combined TRACON& Tower with Radar,36,55,39,1,131,0,0,0,0,0,36,55,39,1,131,11,2,13,144
05/19/2011,CAK,OH,AGL,CE,Combined TRACON& Tower with Radar,37,46,60,3,146,0,0,13,10,23,37,46,73,13,169,86,0,86,255
05/20/2011,CAK,OH,AGL,CE,Combined TRACON& Tower with Radar,35,53,36,1,125,0,2,38,1,41,35,55,74,2,166,90,0,90,256
05/21/2011,CAK,OH,AGL,CE,Combined TRACON& Tower with Radar,28,43,38,0,109,0,1,36,2,39,28,44,74,2,148,37,0,37,185
05/22/2011,CAK,OH,AGL,CE,Combined TRACON& Tower with Radar,34,35,33,0,102,0,2,29,0,31,34,37,62,0,133,12,0,12,145
05/23/2011,CAK,OH,AGL,CE,Combined TRACON& Tower with Radar,35,41,33,0,109,0,1,11,0,12,35,42,44,0,121,8,0,8,129
05/24/2011,CAK,OH,AGL,CE,Combined TRACON& Tower with Radar,37,43,43,1,124,0,0,10,5,15,37,43,53,6,139,54,8,62,201
05/25/2011,CAK,OH,AGL,CE,Combined TRACON& Tower with Radar,37,42,51,3,133,0,0,10,5,15,37,42,61,8,148,25,0,25,173
05/26/2011,CAK,OH,AGL,CE,Combined TRACON& Tower with Radar,33,51,38,2,124,0,1,8,2,11,33,52,46,4,135,30,2,32,167
05/27/2011,CAK,OH,AGL,CE,Combined TRACON& Tower with Radar,39,50,70,0,159,0,0,4,0,4,39,50,74,0,163,74,0,74,237
05/28/2011,CAK,OH,AGL,CE,Combined TRACON& Tower with Radar,30,42,46,0,118,0,3,29,0,32,30,45,75,0,150,31,0,31,181
05/29/2011,CAK,OH,AGL,CE,Combined TRACON& Tower with Radar,27,39,21,0,87,0,0,24,0,24,27,39,45,0,111,8,0,8,119
05/30/2011,CAK,OH,AGL,CE,Combined TRACON& Tower with Radar,38,45,31,0,114,0,3,28,0,31,38,48,59,0,145,39,0,39,184
05/31/2011,CAK,OH,AGL,CE,Combined TRACON& Tower with Radar,36,52,36,4,128,0,0,33,8,41,36,52,69,12,169,89,6,95,264
06/01/2011,CAK,OH,AGL,CE,Combined TRACON& Tower with Radar,32,50,33,1,116,0,4,21,9,34,32,54,54,10,150,54,2,56,206
06/02/2011,CAK,OH,AGL,CE,Combined TRACON& Tower with Radar,40,52,45,2,139,0,2,43,6,51,40,54,88,8,190,47,2,49,239
06/03/2011,CAK,OH,AGL,CE,Combined TRACON& Tower with Radar,34,54,44,1,133,0,0,47,3,50,34,54,91,4,183,82,0,82,265
06/04/2011,CAK,OH,AGL,CE,Combined TRACON& Tower with Radar,33,35,30,1,99,0,2,22,5,29,33,37,52,6,128,25,2,27,155
06/05/2011,CAK,OH,AGL,CE,Combined TRACON& Tower with Radar,35,40,32,0,107,0,5,40,0,45,35,45,72,0,152,69,0,69,221
06/06/2011,CAK,OH,AGL,CE,Combined TRACON& Tower with Radar,38,54,49,4,145,0,1,26,0,27,38,55,75,4,172,49,0,49,221
06/07/2011,CAK,OH,AGL,CE,Combined TRACON& Tower with Radar,36,59,64,5,164,0,2,15,5,22,36,61,79,10,186,112,4,116,302
06/08/2011,CAK,OH,AGL,CE,Combined TRACON& Tower with Radar,35,56,42,0,133,0,3,25,6,34,35,59,67,6,167,83,2,85,252
06/09/2011,CAK,OH,AGL,CE,Combined TRACON& Tower with Radar,33,48,45,0,126,0,0,9,6,15,33,48,54,6,141,28,0,28,169
06/10/2011,CAK,OH,AGL,CE,Combined TRACON& Tower with Radar,41,46,49,8,144,0,3,14,1,18,41,49,63,9,162,22,0,22,184
06/11/2011,CAK,OH,AGL,CE,Combined TRACON& Tower with Radar,33,40,21,0,94,0,0,21,4,25,33,40,42,4,119,20,10,30,149
06/12/2011,CAK,OH,AGL,CE,Combined TRACON& Tower with Radar,34,41,40,2,117,0,3,6,4,13,34,44,46,6,130,23,0,23,153
06/13/2011,CAK,OH,AGL,CE,Combined TRACON& Tower with Radar,39,49,66,1,155,0,0,33,14,47,39,49,99,15,202,28,0,28,230
06/14/2011,CAK,OH,AGL,CE,Combined TRACON& Tower with Radar,39,56,67,0,162,0,5,36,7,48,39,61,103,7,210,67,6,73,283
06/15/2011,CAK,OH,AGL,CE,Combined TRACON& Tower with Radar,36,47,56,1,140,0,1,32,4,37,36,48,88,5,177,31,0,31,208
06/16/2011,CAK,OH,AGL,CE,Combined TRACON& Tower with Radar,41,51,64,2,158,0,2,6,6,14,41,53,70,8,172,15,10,25,197
06/17/2011,CAK,OH,AGL,CE,Combined TRACON& Tower with Radar,35,53,43,2,133,0,2,14,4,20,35,55,57,6,153,74,4,78,231
06/18/2011,CAK,OH,AGL,CE,Combined TRACON& Tower with Radar,30,46,25,0,101,0,2,40,4,46,30,48,65,4,147,73,0,73,220
06/19/2011,CAK,OH,AGL,CE,Combined TRACON& Tower with Radar,39,37,10,0,86,0,1,11,0,12,39,38,21,0,98,8,0,8,106
06/20/2011,CAK,OH,AGL,CE,Combined TRACON& Tower with Radar,38,46,33,2,119,0,0,3,2,5,38,46,36,4,124,15,0,15,139
06/21/2011,CAK,OH,AGL,CE,Combined TRACON& Tower with Radar,43,35,44,0,122,0,1,7,0,8,43,36,51,0,130,50,12,62,192
06/22/2011,CAK,OH,AGL,CE,Combined TRACON& Tower with Radar,33,48,38,6,125,0,0,9,5,14,33,48,47,11,139,24,0,24,163
06/23/2011,CAK,OH,AGL,CE,Combined TRACON& Tower with Radar,37,44,38,0,119,0,1,0,1,2,37,45,38,1,121,68,0,68,189
06/24/2011,CAK,OH,AGL,CE,Combined TRACON& Tower with Radar,39,50,51,8,148,0,0,0,2,2,39,50,51,10,150,55,50,105,255
06/25/2011,CAK,OH,AGL,CE,Combined TRACON& Tower with Radar,31,47,43,0,121,0,5,35,2,42,31,52,78,2,163,25,0,25,188
06/26/2011,CAK,OH,AGL,CE,Combined TRACON& Tower with Radar,34,45,40,5,124,0,2,47,0,49,34,47,87,5,173,52,6,58,231
06/27/2011,CAK,OH,AGL,CE,Combined TRACON& Tower with Radar,42,51,32,2,127,0,10,37,6,53,42,61,69,8,180,35,0,35,215
06/28/2011,CAK,OH,AGL,CE,Combined TRACON& Tower with Radar,36,54,53,0,143,0,1,33,2,36,36,55,86,2,179,24,0,24,203
06/29/2011,CAK,OH,AGL,CE,Combined TRACON& Tower with Radar,39,50,66,1,156,0,0,53,3,56,39,50,119,4,212,62,4,66,278
06/30/2011,CAK,OH,AGL,CE,Combined TRACON& Tower with Radar,37,47,61,3,148,0,0,50,7,57,37,47,111,10,205,67,0,67,272
07/01/2011,CAK,OH,AGL,CE,Combined TRACON& Tower with Radar,42,49,47,0,138,0,2,42,0,44,42,51,89,0,182,91,6,97,279
07/02/2011,CAK,OH,AGL,CE,Combined TRACON& Tower with Radar,29,42,23,0,94,0,2,6,0,8,29,44,29,0,102,6,0,6,108
07/03/2011,CAK,OH,AGL,CE,Combined TRACON& Tower with Radar,35,34,19,0,88,0,4,21,0,25,35,38,40,0,113,16,0,16,129
07/04/2011,CAK,OH,AGL,CE,Combined TRACON& Tower with Radar,35,44,17,0,96,0,1,12,0,13,35,45,29,0,109,10,0,10,119
07/05/2011,CAK,OH,AGL,CE,Combined TRACON& Tower with Radar,39,44,23,8,114,0,3,30,6,39,39,47,53,14,153,71,0,71,224
07/06/2011,CAK,OH,AGL,CE,Combined TRACON& Tower with Radar,38,46,28,0,112,0,1,23,4,28,38,47,51,4,140,34,0,34,174
07/07/2011,CAK,OH,AGL,CE,Combined TRACON& Tower with Radar,37,48,44,6,135,0,3,32,6,41,37,51,76,12,176,64,24,88,264
07/08/2011,CAK,OH,AGL,CE,Combined TRACON& Tower with Radar,34,55,50,2,141,0,5,5,4,14,34,60,55,6,155,9,6,15,170
07/09/2011,CAK,OH,AGL,CE,Combined TRACON& Tower with Radar,33,43,39,2,117,0,1,46,4,51,33,44,85,6,168,89,2,91,259
07/10/2011,CAK,OH,AGL,CE,Combined TRACON& Tower with Radar,33,43,36,0,112,0,8,52,2,62,33,51,88,2,174,64,4,68,242
07/11/2011,CAK,OH,AGL,CE,Combined TRACON& Tower with Radar,41,42,44,0,127,0,0,17,0,17,41,42,61,0,144,36,0,36,180
07/12/2011,CAK,OH,AGL,CE,Combined TRACON& Tower with Radar,36,47,56,3,142,0,1,35,11,47,36,48,91,14,189,173,0,173,362
07/13/2011,CAK,OH,AGL,CE,Combined TRACON& Tower with Radar,36,50,60,4,150,0,0,34,10,44,36,50,94,14,194,145,6,151,345
07/14/2011,CAK,OH,AGL,CE,Combined TRACON& Tower with Radar,39,46,53,3,141,0,5,48,9,62,39,51,101,12,203,110,0,110,313
07/15/2011,CAK,OH,AGL,CE,Combined TRACON& Tower with Radar,36,44,46,0,126,0,9,61,6,76,36,53,107,6,202,36,0,36,238
07/16/2011,CAK,OH,AGL,CE,Combined TRACON& Tower with Radar,32,41,31,0,104,0,5,30,0,35,32,46,61,0,139,49,0,49,188
07/17/2011,CAK,OH,AGL,CE,Combined TRACON& Tower with Radar,34,40,43,0,117,0,2,26,1,29,34,42,69,1,146,108,1,109,255
07/18/2011,CAK,OH,AGL,CE,Combined TRACON& Tower with Radar,41,52,32,0,125,0,1,19,4,24,41,53,51,4,149,106,1,107,256
07/19/2011,CAK,OH,AGL,CE,Combined TRACON& Tower with Radar,24,29,36,0,89,0,0,17,3,20,24,29,53,3,109,61,10,71,180
07/20/2011,CAK,OH,AGL,CE,Combined TRACON& Tower with Radar,37,44,65,1,147,0,3,23,3,29,37,47,88,4,176,52,0,52,228
07/21/2011,CAK,OH,AGL,CE,Combined TRACON& Tower with Radar,37,48,52,1,138,0,1,42,6,49,37,49,94,7,187,43,0,43,230
07/22/2011,CAK,OH,AGL,CE,Combined TRACON& Tower with Radar,40,44,30,3,117,0,1,25,5,31,40,45,55,8,148,27,0,27,175
07/23/2011,CAK,OH,AGL,CE,Combined TRACON& Tower with Radar,30,43,20,0,93,0,2,9,0,11,30,45,29,0,104,11,0,11,115
07/24/2011,CAK,OH,AGL,CE,Combined TRACON& Tower with Radar,35,51,31,2,119,0,1,11,0,12,35,52,42,2,131,13,0,13,144
07/25/2011,CAK,OH,AGL,CE,Combined TRACON& Tower with Radar,35,49,41,3,128,0,4,23,2,29,35,53,64,5,157,115,0,115,272
07/26/2011,CAK,OH,AGL,CE,Combined TRACON& Tower with Radar,39,43,58,12,152,0,3,45,9,57,39,46,103,21,209,126,26,152,361
07/27/2011,CAK,OH,AGL,CE,Combined TRACON& Tower with Radar,39,45,39,2,125,0,2,42,11,55,39,47,81,13,180,104,0,104,284
07/28/2011,CAK,OH,AGL,CE,Combined TRACON& Tower with Radar,37,53,42,0,132,0,5,15,6,26,37,58,57,6,158,37,0,37,195
07/29/2011,CAK,OH,AGL,CE,Combined TRACON& Tower with Radar,34,53,22,0,109,0,0,13,4,17,34,53,35,4,126,73,0,73,199
07/30/2011,CAK,OH,AGL,CE,Combined TRACON& Tower with Radar,30,43,43,0,116,0,2,38,0,40,30,45,81,0,156,61,0,61,217
07/31/2011,CAK,OH,AGL,CE,Combined TRACON& Tower with Radar,34,53,51,0,138,0,2,63,0,65,34,55,114,0,203,46,0,46,249
08/01/2011,CAK,OH,AGL,CE,Combined TRACON& Tower with Radar,38,60,38,0,136,0,0,19,4,23,38,60,57,4,159,62,0,62,221
08/02/2011,CAK,OH,AGL,CE,Combined TRACON& Tower with Radar,41,59,58,0,158,0,2,37,4,43,41,61,95,4,201,40,4,44,245
08/03/2011,CAK,OH,AGL,CE,Combined TRACON& Tower with Radar,37,53,39,2,131,0,0,0,0,0,37,53,39,2,131,12,10,22,153
08/04/2011,CAK,OH,AGL,CE,Combined TRACON& Tower with Radar,41,52,70,6,169,0,0,41,4,45,41,52,111,10,214,120,0,120,334
08/05/2011,CAK,OH,AGL,CE,Combined TRACON& Tower with Radar,38,62,50,2,152,0,2,34,2,38,38,64,84,4,190,59,4,63,253
08/06/2011,CAK,OH,AGL,CE,Combined TRACON& Tower with Radar,31,52,36,4,123,0,4,16,0,20,31,56,52,4,143,28,0,28,171
08/07/2011,CAK,OH,AGL,CE,Combined TRACON& Tower with Radar,36,82,57,3,178,0,1,9,0,10,36,83,66,3,188,35,0,35,223
08/08/2011,CAK,OH,AGL,CE,Combined TRACON& Tower with Radar,37,48,39,2,126,0,0,18,4,22,37,48,57,6,148,19,20,39,187
08/09/2011,CAK,OH,AGL,CE,Combined TRACON& Tower with Radar,40,48,34,0,122,0,0,8,4,12,40,48,42,4,134,11,0,11,145
08/10/2011,CAK,OH,AGL,CE,Combined TRACON& Tower with Radar,38,46,38,1,123,0,2,28,5,35,38,48,66,6,158,12,0,12,170
08/11/2011,CAK,OH,AGL,CE,Combined TRACON& Tower with Radar,39,46,46,1,132,0,1,48,10,59,39,47,94,11,191,92,4,96,287
08/12/2011,CAK,OH,AGL,CE,Combined TRACON& Tower with Radar,40,50,44,5,139,0,1,68,5,74,40,51,112,10,213,97,5,102,315
08/13/2011,CAK,OH,AGL,CE,Combined TRACON& Tower with Radar,33,37,18,1,89,0,3,50,8,61,33,40,68,9,150,91,6,97,247
08/14/2011,CAK,OH,AGL,CE,Combined TRACON& Tower with Radar,35,36,15,0,86,0,0,0,0,0,35,36,15,0,86,5,0,5,91
08/15/2011,CAK,OH,AGL,CE,Combined TRACON& Tower with Radar,40,46,28,0,114,0,1,3,1,5,40,47,31,1,119,8,0,8,127
08/16/2011,CAK,OH,AGL,CE,Combined TRACON& Tower with Radar,36,48,59,1,144,0,4,44,13,61,36,52,103,14,205,41,0,41,246
08/17/2011,CAK,OH,AGL,CE,Combined TRACON& Tower with Radar,36,43,42,1,122,0,1,39,9,49,36,44,81,10,171,9,6,15,186
08/18/2011,CAK,OH,AGL,CE,Combined TRACON& Tower with Radar,37,40,57,1,135,0,0,33,7,40,37,40,90,8,175,33,2,35,210
08/19/2011,CAK,OH,AGL,CE,Combined TRACON& Tower with Radar,38,45,59,2,144,0,1,20,3,24,38,46,79,5,168,73,2,75,243
08/20/2011,CAK,OH,AGL,CE,Combined TRACON& Tower with Radar,36,32,32,0,100,0,2,13,0,15,36,34,45,0,115,17,0,17,132
08/21/2011,CAK,OH,AGL,CE,Combined TRACON& Tower with Radar,33,38,29,1,101,0,2,5,2,9,33,40,34,3,110,32,0,32,142
08/22/2011,CAK,OH,AGL,CE,Combined TRACON& Tower with Radar,40,48,33,0,121,0,3,39,0,42,40,51,72,0,163,46,0,46,209
08/23/2011,CAK,OH,AGL,CE,Combined TRACON& Tower with Radar,34,49,45,0,128,0,2,39,5,46,34,51,84,5,174,73,39,112,286
08/24/2011,CAK,OH,AGL,CE,Combined TRACON& Tower with Radar,35,48,37,3,123,0,1,14,1,16,35,49,51,4,139,26,0,26,165
08/25/2011,CAK,OH,AGL,CE,Combined TRACON& Tower with Radar,35,44,43,1,123,0,3,13,3,19,35,47,56,4,142,70,12,82,224
08/26/2011,CAK,OH,AGL,CE,Combined TRACON& Tower with Radar,37,43,50,0,130,0,1,50,0,51,37,44,100,0,181,86,12,98,279
08/27/2011,CAK,OH,AGL,CE,Combined TRACON& Tower with Radar,30,35,46,7,118,0,2,68,1,71,30,37,114,8,189,64,18,82,271
08/28/2011,CAK,OH,AGL,CE,Combined TRACON& Tower with Radar,25,31,26,0,82,0,1,6,0,7,25,32,32,0,89,8,0,8,97
08/29/2011,CAK,OH,AGL,CE,Combined TRACON& Tower with Radar,36,44,47,2,129,0,1,45,4,50,36,45,92,6,179,49,0,49,228
08/30/2011,CAK,OH,AGL,CE,Combined TRACON& Tower with Radar,36,54,45,3,138,0,2,52,5,59,36,56,97,8,197,42,6,48,245
08/31/2011,CAK,OH,AGL,CE,Combined TRACON& Tower with Radar,37,52,48,2,139,0,0,35,6,41,37,52,83,8,180,84,12,96,276
09/01/2011,CAK,OH,AGL,CE,Combined TRACON& Tower with Radar,39,37,50,1,127,0,0,25,3,28,39,37,75,4,155,38,0,38,193
09/02/2011,CAK,OH,AGL,CE,Combined TRACON& Tower with Radar,38,44,39,5,126,0,1,19,4,24,38,45,58,9,150,51,0,51,201
09/03/2011,CAK,OH,AGL,CE,Combined TRACON& Tower with Radar,36,39,17,0,92,0,3,16,4,23,36,42,33,4,115,23,0,23,138
09/04/2011,CAK,OH,AGL,CE,Combined TRACON& Tower with Radar,33,33,11,1,78,0,0,3,0,3,33,33,14,1,81,13,0,13,94
09/05/2011,CAK,OH,AGL,CE,Combined TRACON& Tower with Radar,38,35,29,0,102,0,0,10,0,10,38,35,39,0,112,30,0,30,142
09/06/2011,CAK,OH,AGL,CE,Combined TRACON& Tower with Radar,39,36,64,4,143,0,2,11,4,17,39,38,75,8,160,12,20,32,192
09/07/2011,CAK,OH,AGL,CE,Combined TRACON& Tower with Radar,40,35,48,2,125,0,0,7,0,7,40,35,55,2,132,16,4,20,152
09/08/2011,CAK,OH,AGL,CE,Combined TRACON& Tower with Radar,43,52,52,0,147,0,0,5,0,5,43,52,57,0,152,27,0,27,179
09/09/2011,CAK,OH,AGL,CE,Combined TRACON& Tower with Radar,44,42,49,1,136,0,0,9,0,9,44,42,58,1,145,38,0,38,183
09/10/2011,CAK,OH,AGL,CE,Combined TRACON& Tower with Radar,39,29,32,1,101,0,0,11,1,12,39,29,43,2,113,36,0,36,149
09/11/2011,CAK,OH,AGL,CE,Combined TRACON& Tower with Radar,42,27,39,2,110,0,4,32,0,36,42,31,71,2,146,88,0,88,234
09/12/2011,CAK,OH,AGL,CE,Combined TRACON& Tower with Radar,41,42,38,0,121,0,0,34,0,34,41,42,72,0,155,43,0,43,198
09/13/2011,CAK,OH,AGL,CE,Combined TRACON& Tower with Radar,38,43,52,0,133,0,2,18,4,24,38,45,70,4,157,62,26,88,245
09/14/2011,CAK,OH,AGL,CE,Combined TRACON& Tower with Radar,40,43,64,0,147,0,4,13,2,19,40,47,77,2,166,45,0,45,211
09/15/2011,CAK,OH,AGL,CE,Combined TRACON& Tower with Radar,40,52,49,3,144,0,0,17,3,20,40,52,66,6,164,11,0,11,175
09/16/2011,CAK,OH,AGL,CE,Combined TRACON& Tower with Radar,43,41,47,0,131,0,1,40,0,41,43,42,87,0,172,48,0,48,220
09/17/2011,CAK,OH,AGL,CE,Combined TRACON& Tower with Radar,38,35,46,0,119,0,2,49,0,51,38,37,95,0,170,90,0,90,260
09/18/2011,CAK,OH,AGL,CE,Combined TRACON& Tower with Radar,46,33,40,0,119,0,3,53,0,56,46,36,93,0,175,94,0,94,269
09/19/2011,CAK,OH,AGL,CE,Combined TRACON& Tower with Radar,37,49,41,0,127,0,0,0,0,0,37,49,41,0,127,6,0,6,133
09/20/2011,CAK,OH,AGL,CE,Combined TRACON& Tower with Radar,38,43,64,0,145,0,0,32,6,38,38,43,96,6,183,68,0,68,251
09/21/2011,CAK,OH,AGL,CE,Combined TRACON& Tower with Radar,42,38,49,9,138,0,0,14,1,15,42,38,63,10,153,49,0,49,202
09/22/2011,CAK,OH,AGL,CE,Combined TRACON& Tower with Radar,40,42,52,12,146,0,3,40,5,48,40,45,92,17,194,74,6,80,274
09/23/2011,CAK,OH,AGL,CE,Combined TRACON& Tower with Radar,46,38,43,0,127,0,0,0,0,0,46,38,43,0,127,14,0,14,141
09/24/2011,CAK,OH,AGL,CE,Combined TRACON& Tower with Radar,37,32,36,4,109,0,3,10,0,13,37,35,46,4,122,21,0,21,143
09/25/2011,CAK,OH,AGL,CE,Combined TRACON& Tower with Radar,47,37,33,0,117,0,1,24,0,25,47,38,57,0,142,20,0,20,162
09/26/2011,CAK,OH,AGL,CE,Combined TRACON& Tower with Radar,39,48,38,1,126,0,1,3,1,5,39,49,41,2,131,10,0,10,141
09/27/2011,CAK,OH,AGL,CE,Combined TRACON& Tower with Radar,37,48,44,3,132,0,3,20,5,28,37,51,64,8,160,35,0,35,195
09/28/2011,CAK,OH,AGL,CE,Combined TRACON& Tower with Radar,40,44,42,4,130,0,3,14,2,19,40,47,56,6,149,59,0,59,208
09/29/2011,CAK,OH,AGL,CE,Combined TRACON& Tower with Radar,39,45,49,2,135,0,0,7,2,9,39,45,56,4,144,92,0,92,236
09/30/2011,CAK,OH,AGL,CE,Combined TRACON& Tower with Radar,43,43,41,2,129,0,0,1,0,1,43,43,42,2,130,12,0,12,142
10/01/2011,CAK,OH,AGL,CE,Combined TRACON& Tower with Radar,37,32,13,0,82,0,0,0,0,0,37,32,13,0,82,9,0,9,91
10/02/2011,CAK,OH,AGL,CE,Combined TRACON& Tower with Radar,43,31,31,0,105,0,0,16,0,16,43,31,47,0,121,54,0,54,175
10/03/2011,CAK,OH,AGL,CE,Combined TRACON& Tower with Radar,39,47,50,0,136,0,0,0,0,0,39,47,50,0,136,45,0,45,181
10/04/2011,CAK,OH,AGL,CE,Combined TRACON& Tower with Radar,40,37,56,11,144,0,0,24,3,27,40,37,80,14,171,114,9,123,294
10/05/2011,CAK,OH,AGL,CE,Combined TRACON& Tower with Radar,39,36,59,1,135,0,1,60,1,62,39,37,119,2,197,74,4,78,275
10/06/2011,CAK,OH,AGL,CE,Combined TRACON& Tower with Radar,42,36,44,3,125,0,2,33,9,44,42,38,77,12,169,88,0,88,257
10/07/2011,CAK,OH,AGL,CE,Combined TRACON& Tower with Radar,42,43,61,1,147,0,3,48,1,52,42,46,109,2,199,121,0,121,320
10/08/2011,CAK,OH,AGL,CE,Combined TRACON& Tower with Radar,40,32,25,0,97,0,2,46,0,48,40,34,71,0,145,68,0,68,213
10/09/2011,CAK,OH,AGL,CE,Combined TRACON& Tower with Radar,44,31,34,1,110,0,2,63,0,65,44,33,97,1,175,49,0,49,224
10/10/2011,CAK,OH,AGL,CE,Combined TRACON& Tower with Radar,44,37,34,0,115,0,0,36,0,36,44,37,70,0,151,87,0,87,238
10/11/2011,CAK,OH,AGL,CE,Combined TRACON& Tower with Radar,42,37,47,2,128,0,4,41,2,47,42,41,88,4,175,106,0,106,281
10/12/2011,CAK,OH,AGL,CE,Combined TRACON& Tower with Radar,39,38,54,4,135,0,0,0,0,0,39,38,54,4,135,10,0,10,145
10/13/2011,CAK,OH,AGL,CE,Combined TRACON& Tower with Radar,42,41,58,3,144,0,0,12,3,15,42,41,70,6,159,39,14,53,212
10/14/2011,CAK,OH,AGL,CE,Combined TRACON& Tower with Radar,40,43,32,4,119,0,1,7,4,12,40,44,39,8,131,17,12,29,160
10/15/2011,CAK,OH,AGL,CE,Combined TRACON& Tower with Radar,39,24,20,0,83,0,1,1,1,3,39,25,21,1,86,9,0,9,95
10/16/2011,CAK,OH,AGL,CE,Combined TRACON& Tower with Radar,40,31,19,5,95,0,0,7,1,8,40,31,26,6,103,12,0,12,115
10/17/2011,CAK,OH,AGL,CE,Combined TRACON& Tower with Radar,42,38,31,0,111,0,3,15,0,18,42,41,46,0,129,13,0,13,142
10/18/2011,CAK,OH,AGL,CE,Combined TRACON& Tower with Radar,40,34,48,0,122,0,2,33,3,38,40,36,81,3,160,82,2,84,244
10/19/2011,CAK,OH,AGL,CE,Combined TRACON& Tower with Radar,43,42,42,1,128,0,0,0,0,0,43,42,42,1,128,14,0,14,142
10/20/2011,CAK,OH,AGL,CE,Combined TRACON& Tower with Radar,45,42,33,0,120,0,0,0,1,1,45,42,33,1,121,13,0,13,134
10/21/2011,CAK,OH,AGL,CE,Combined TRACON& Tower with Radar,42,36,60,0,138,0,0,6,0,6,42,36,66,0,144,14,0,14,158
10/22/2011,CAK,OH,AGL,CE,Combined TRACON& Tower with Radar,40,31,52,0,123,0,1,71,0,72,40,32,123,0,195,119,0,119,314
10/23/2011,CAK,OH,AGL,CE,Combined TRACON& Tower with Radar,42,34,33,0,109,0,4,70,0,74,42,38,103,0,183,44,0,44,227
10/24/2011,CAK,OH,AGL,CE,Combined TRACON& Tower with Radar,42,40,42,0,124,0,2,12,0,14,42,42,54,0,138,45,0,45,183
10/25/2011,CAK,OH,AGL,CE,Combined TRACON& Tower with Radar,38,47,41,0,126,0,3,42,0,45,38,50,83,0,171,161,0,161,332
10/26/2011,CAK,OH,AGL,CE,Combined TRACON& Tower with Radar,41,38,46,0,125,0,0,10,0,10,41,38,56,0,135,29,0,29,164
10/27/2011,CAK,OH,AGL,CE,Combined TRACON& Tower with Radar,40,36,40,0,116,0,0,2,0,2,40,36,42,0,118,11,0,11,129
10/28/2011,CAK,OH,AGL,CE,Combined TRACON& Tower with Radar,46,40,55,1,142,0,1,23,1,25,46,41,78,2,167,63,0,63,230
10/29/2011,CAK,OH,AGL,CE,Combined TRACON& Tower with Radar,39,32,33,2,106,0,4,14,1,19,39,36,47,3,125,31,0,31,156
10/30/2011,CAK,OH,AGL,CE,Combined TRACON& Tower with Radar,43,32,22,1,98,0,2,40,0,42,43,34,62,1,140,38,0,38,178
10/31/2011,CAK,OH,AGL,CE,Combined TRACON& Tower with Radar,42,36,36,3,117,0,4,21,0,25,42,40,57,3,142,43,0,43,185
11/01/2011,CAK,OH,AGL,CE,Combined TRACON& Tower with Radar,39,32,40,1,112,0,1,64,3,68,39,33,104,4,180,205,0,205,385
11/02/2011,CAK,OH,AGL,CE,Combined TRACON& Tower with Radar,41,34,48,0,123,0,2,31,2,35,41,36,79,2,158,125,0,125,283
11/03/2011,CAK,OH,AGL,CE,Combined TRACON& Tower with Radar,42,35,38,0,115,0,2,27,0,29,42,37,65,0,144,47,0,47,191
11/04/2011,CAK,OH,AGL,CE,Combined TRACON& Tower with Radar,42,40,52,1,135,0,0,28,0,28,42,40,80,1,163,38,0,38,201
11/05/2011,CAK,OH,AGL,CE,Combined TRACON& Tower with Radar,37,25,26,0,88,0,1,53,2,56,37,26,79,2,144,82,0,82,226
11/06/2011,CAK,OH,AGL,CE,Combined TRACON& Tower with Radar,41,33,38,1,113,0,1,38,0,39,41,34,76,1,152,49,0,49,201
11/07/2011,CAK,OH,AGL,CE,Combined TRACON& Tower with Radar,42,32,50,2,126,0,4,22,0,26,42,36,72,2,152,68,0,68,220
11/08/2011,CAK,OH,AGL,CE,Combined TRACON& Tower with Radar,40,49,35,2,126,0,2,30,1,33,40,51,65,3,159,65,0,65,224
11/09/2011,CAK,OH,AGL,CE,Combined TRACON& Tower with Radar,40,43,42,0,125,0,0,9,4,13,40,43,51,4,138,28,2,30,168
11/10/2011,CAK,OH,AGL,CE,Combined TRACON& Tower with Radar,41,42,66,1,150,0,0,15,1,16,41,42,81,2,166,37,0,37,203
11/11/2011,CAK,OH,AGL,CE,Combined TRACON& Tower with Radar,48,33,39,0,120,0,0,8,2,10,48,33,47,2,130,63,0,63,193
11/12/2011,CAK,OH,AGL,CE,Combined TRACON& Tower with Radar,41,28,26,0,95,0,1,33,0,34,41,29,59,0,129,12,0,12,141
11/13/2011,CAK,OH,AGL,CE,Combined TRACON& Tower with Radar,43,29,26,0,98,0,0,5,0,5,43,29,31,0,103,5,0,5,108
11/14/2011,CAK,OH,AGL,CE,Combined TRACON& Tower with Radar,43,35,27,0,105,0,0,3,0,3,43,35,30,0,108,2,0,2,110
11/15/2011,CAK,OH,AGL,CE,Combined TRACON& Tower with Radar,41,38,65,3,147,0,0,8,3,11,41,38,73,6,158,40,4,44,202
11/16/2011,CAK,OH,AGL,CE,Combined TRACON& Tower with Radar,41,48,42,2,133,0,1,11,4,16,41,49,53,6,149,10,0,10,159
11/17/2011,CAK,OH,AGL,CE,Combined TRACON& Tower with Radar,43,44,41,6,134,0,3,12,5,20,43,47,53,11,154,61,10,71,225
11/18/2011,CAK,OH,AGL,CE,Combined TRACON& Tower with Radar,45,44,42,2,133,0,1,27,0,28,45,45,69,2,161,111,0,111,272
11/19/2011,CAK,OH,AGL,CE,Combined TRACON& Tower with Radar,36,27,26,7,96,0,2,26,6,34,36,29,52,13,130,62,14,76,206
11/20/2011,CAK,OH,AGL,CE,Combined TRACON& Tower with Radar,44,29,52,3,128,0,0,12,0,12,44,29,64,3,140,86,0,86,226
11/21/2011,CAK,OH,AGL,CE,Combined TRACON& Tower with Radar,44,30,31,5,110,0,0,4,0,4,44,30,35,5,114,45,0,45,159
11/22/2011,CAK,OH,AGL,CE,Combined TRACON& Tower with Radar,46,39,37,0,122,0,0,0,0,0,46,39,37,0,122,3,0,3,125
11/23/2011,CAK,OH,AGL,CE,Combined TRACON& Tower with Radar,49,41,40,0,130,0,1,3,2,6,49,42,43,2,136,16,8,24,160
11/24/2011,CAK,OH,AGL,CE,Combined TRACON& Tower with Radar,33,33,15,0,81,0,0,3,1,4,33,33,18,1,85,30,0,30,115
11/25/2011,CAK,OH,AGL,CE,Combined TRACON& Tower with Radar,46,29,21,0,96,0,1,32,0,33,46,30,53,0,129,64,0,64,193
11/26/2011,CAK,OH,AGL,CE,Combined TRACON& Tower with Radar,39,43,22,0,104,0,3,50,0,53,39,46,72,0,157,116,0,116,273
11/27/2011,CAK,OH,AGL,CE,Combined TRACON& Tower with Radar,47,43,25,0,115,0,0,0,0,0,47,43,25,0,115,6,0,6,121
11/28/2011,CAK,OH,AGL,CE,Combined TRACON& Tower with Radar,43,36,39,0,118,0,0,0,0,0,43,36,39,0,118,21,0,21,139
11/29/2011,CAK,OH,AGL,CE,Combined TRACON& Tower with Radar,42,36,48,0,126,0,0,0,0,0,42,36,48,0,126,17,0,17,143
11/30/2011,CAK,OH,AGL,CE,Combined TRACON& Tower with Radar,40,34,36,0,110,0,0,6,2,8,40,34,42,2,118,5,20,25,143
12/01/2011,CAK,OH,AGL,CE,Combined TRACON& Tower with Radar,44,34,64,2,144,0,0,32,2,34,44,34,96,4,178,119,0,119,297
12/02/2011,CAK,OH,AGL,CE,Combined TRACON& Tower with Radar,45,37,33,0,115,0,3,14,2,19,45,40,47,2,134,23,0,23,157
12/03/2011,CAK,OH,AGL,CE,Combined TRACON& Tower with Radar,40,26,49,0,115,0,0,58,0,58,40,26,107,0,173,48,0,48,221
12/04/2011,CAK,OH,AGL,CE,Combined TRACON& Tower with Radar,42,30,29,2,103,0,0,3,2,5,42,30,32,4,108,8,0,8,116
12/05/2011,CAK,OH,AGL,CE,Combined TRACON& Tower with Radar,43,36,34,1,114,0,0,0,0,0,43,36,34,1,114,10,8,18,132
12/06/2011,CAK,OH,AGL,CE,Combined TRACON& Tower with Radar,40,46,37,1,124,0,0,0,1,1,40,46,37,2,125,27,6,33,158
12/07/2011,CAK,OH,AGL,CE,Combined TRACON& Tower with Radar,40,37,28,0,105,0,0,0,0,0,40,37,28,0,105,23,0,23,128
12/08/2011,CAK,OH,AGL,CE,Combined TRACON& Tower with Radar,47,34,52,1,134,0,0,33,3,36,47,34,85,4,170,58,4,62,232
12/09/2011,CAK,OH,AGL,CE,Combined TRACON& Tower with Radar,43,38,35,0,116,0,0,18,0,18,43,38,53,0,134,39,0,39,173
12/10/2011,CAK,OH,AGL,CE,Combined TRACON& Tower with Radar,42,32,31,2,107,0,1,57,3,61,42,33,88,5,168,68,2,70,238
12/11/2011,CAK,OH,AGL,CE,Combined TRACON& Tower with Radar,46,32,33,1,112,0,0,57,1,58,46,32,90,2,170,19,0,19,189
12/12/2011,CAK,OH,AGL,CE,Combined TRACON& Tower with Radar,43,36,48,2,129,0,0,49,3,52,43,36,97,5,181,161,7,168,349
12/13/2011,CAK,OH,AGL,CE,Combined TRACON& Tower with Radar,40,41,66,0,147,0,2,39,1,42,40,43,105,1,189,126,0,126,315
12/14/2011,CAK,OH,AGL,CE,Combined TRACON& Tower with Radar,40,39,39,4,122,0,0,1,0,1,40,39,40,4,123,12,0,12,135
12/15/2011,CAK,OH,AGL,CE,Combined TRACON& Tower with Radar,46,39,53,0,138,0,0,1,0,1,46,39,54,0,139,9,0,9,148
12/16/2011,CAK,OH,AGL,CE,Combined TRACON& Tower with Radar,46,40,36,0,122,0,1,33,0,34,46,41,69,0,156,59,0,59,215
12/17/2011,CAK,OH,AGL,CE,Combined TRACON& Tower with Radar,41,30,11,0,82,0,0,1,0,1,41,30,12,0,83,12,0,12,95
12/18/2011,CAK,OH,AGL,CE,Combined TRACON& Tower with Radar,47,24,25,0,96,0,1,24,0,25,47,25,49,0,121,71,0,71,192
12/19/2011,CAK,OH,AGL,CE,Combined TRACON& Tower with Radar,45,30,16,0,91,0,0,10,0,10,45,30,26,0,101,9,0,9,110
12/20/2011,CAK,OH,AGL,CE,Combined TRACON& Tower with Radar,47,42,19,0,108,0,0,0,0,0,47,42,19,0,108,16,0,16,124
12/21/2011,CAK,OH,AGL,CE,Combined TRACON& Tower with Radar,43,49,30,2,124,0,0,3,0,3,43,49,33,2,127,15,10,25,152
12/22/2011,CAK,OH,AGL,CE,Combined TRACON& Tower with Radar,45,38,38,0,121,0,0,1,0,1,45,38,39,0,122,14,0,14,136
12/23/2011,CAK,OH,AGL,CE,Combined TRACON& Tower with Radar,46,38,19,0,103,0,0,4,0,4,46,38,23,0,107,11,0,11,118
12/24/2011,CAK,OH,AGL,CE,Combined TRACON& Tower with Radar,39,21,21,0,81,0,0,9,0,9,39,21,30,0,90,16,2,18,108
12/25/2011,CAK,OH,AGL,CE,Combined TRACON& Tower with Radar,40,27,3,0,70,0,0,3,0,3,40,27,6,0,73,6,0,6,79
12/26/2011,CAK,OH,AGL,CE,Combined TRACON& Tower with Radar,49,38,26,0,113,0,0,48,0,48,49,38,74,0,161,63,0,63,224
12/27/2011,CAK,OH,AGL,CE,Combined TRACON& Tower with Radar,45,30,26,2,103,0,0,0,0,0,45,30,26,2,103,7,0,7,110
12/28/2011,CAK,OH,AGL,CE,Combined TRACON& Tower with Radar,49,42,20,0,111,0,1,15,0,16,49,43,35,0,127,15,2,17,144
12/29/2011,CAK,OH,AGL,CE,Combined TRACON& Tower with Radar,45,42,15,1,103,0,2,10,3,15,45,44,25,4,118,15,0,15,133
12/30/2011,CAK,OH,AGL,CE,Combined TRACON& Tower with Radar,43,37,13,1,94,0,0,19,1,20,43,37,32,2,114,12,0,12,126
12/31/2011,CAK,OH,AGL,CE,Combined TRACON& Tower with Radar,41,30,9,0,80,0,0,0,0,0,41,30,9,0,80,15,0,15,95
01/01/2012,CAK,OH,AGL,CE,Combined TRACON& Tower with Radar,39,33,6,0,78,0,0,0,0,0,39,33,6,0,78,2,0,2,80
01/02/2012,CAK,OH,AGL,CE,Combined TRACON& Tower with Radar,47,28,18,0,93,0,0,1,0,1,47,28,19,0,94,4,0,4,98
01/03/2012,CAK,OH,AGL,CE,Combined TRACON& Tower with Radar,47,31,14,0,92,0,0,3,4,7,47,31,17,4,99,4,0,4,103
01/04/2012,CAK,OH,AGL,CE,Combined TRACON& Tower with Radar,44,40,34,1,119,0,1,10,1,12,44,41,44,2,131,42,0,42,173
01/05/2012,CAK,OH,AGL,CE,Combined TRACON& Tower with Radar,44,34,57,0,135,0,2,24,0,26,44,36,81,0,161,70,0,70,231
01/06/2012,CAK,OH,AGL,CE,Combined TRACON& Tower with Radar,44,32,26,1,103,0,5,37,3,45,44,37,63,4,148,72,0,72,220
01/07/2012,CAK,OH,AGL,CE,Combined TRACON& Tower with Radar,39,28,29,1,97,0,1,54,1,56,39,29,83,2,153,61,0,61,214
01/08/2012,CAK,OH,AGL,CE,Combined TRACON& Tower with Radar,44,34,18,5,101,0,1,36,0,37,44,35,54,5,138,38,10,48,186
01/09/2012,CAK,OH,AGL,CE,Combined TRACON& Tower with Radar,46,34,29,2,111,0,1,30,0,31,46,35,59,2,142,18,0,18,160
01/10/2012,CAK,OH,AGL,CE,Combined TRACON& Tower with Radar,38,37,65,2,142,0,1,49,2,52,38,38,114,4,194,77,2,79,273
01/11/2012,CAK,OH,AGL,CE,Combined TRACON& Tower with Radar,40,37,39,3,119,0,0,9,3,12,40,37,48,6,131,10,8,18,149
01/12/2012,CAK,OH,AGL,CE,Combined TRACON& Tower with Radar,45,39,33,4,121,0,0,0,0,0,45,39,33,4,121,22,0,22,143
01/13/2012,CAK,OH,AGL,CE,Combined TRACON& Tower with Radar,43,32,12,0,87,0,0,0,0,0,43,32,12,0,87,5,0,5,92
01/14/2012,CAK,OH,AGL,CE,Combined TRACON& Tower with Radar,41,33,18,0,92,0,2,2,0,4,41,35,20,0,96,7,0,7,103
01/15/2012,CAK,OH,AGL,CE,Combined TRACON& Tower with Radar,43,28,37,0,108,0,0,17,0,17,43,28,54,0,125,7,0,7,132
01/16/2012,CAK,OH,AGL,CE,Combined TRACON& Tower with Radar,44,34,20,0,98,0,0,3,0,3,44,34,23,0,101,5,0,5,106
01/17/2012,CAK,OH,AGL,CE,Combined TRACON& Tower with Radar,41,33,44,1,119,0,2,38,1,41,41,35,82,2,160,5,0,5,165
01/18/2012,CAK,OH,AGL,CE,Combined TRACON& Tower with Radar,41,34,57,2,134,0,2,13,3,18,41,36,70,5,152,60,8,68,220
01/19/2012,CAK,OH,AGL,CE,Combined TRACON& Tower with Radar,44,42,31,0,117,0,0,0,0,0,44,42,31,0,117,7,0,7,124
01/20/2012,CAK,OH,AGL,CE,Combined TRACON& Tower with Radar,41,30,30,0,101,0,1,36,2,39,41,31,66,2,140,54,2,56,196
01/21/2012,CAK,OH,AGL,CE,Combined TRACON& Tower with Radar,35,35,9,0,79,0,0,4,0,4,35,35,13,0,83,21,0,21,104
01/22/2012,CAK,OH,AGL,CE,Combined TRACON& Tower with Radar,47,31,30,2,110,0,0,26,0,26,47,31,56,2,136,67,0,67,203
01/23/2012,CAK,OH,AGL,CE,Combined TRACON& Tower with Radar,46,30,23,2,101,0,0,0,0,0,46,30,23,2,101,2,0,2,103
01/24/2012,CAK,OH,AGL,CE,Combined TRACON& Tower with Radar,42,38,38,2,120,0,0,2,4,6,42,38,40,6,126,4,71,75,201
01/25/2012,CAK,OH,AGL,CE,Combined TRACON& Tower with Radar,39,41,49,2,131,0,0,4,3,7,39,41,53,5,138,83,2,85,223
01/26/2012,CAK,OH,AGL,CE,Combined TRACON& Tower with Radar,46,35,35,2,118,0,0,0,0,0,46,35,35,2,118,5,0,5,123
01/27/2012,CAK,OH,AGL,CE,Combined TRACON& Tower with Radar,44,37,19,2,102,0,0,4,0,4,44,37,23,2,106,8,0,8,114
01/28/2012,CAK,OH,AGL,CE,Combined TRACON& Tower with Radar,40,28,12,0,80,0,0,0,0,0,40,28,12,0,80,8,0,8,88
01/29/2012,CAK,OH,AGL,CE,Combined TRACON& Tower with Radar,44,31,13,0,88,0,1,3,2,6,44,32,16,2,94,9,0,9,103
01/30/2012,CAK,OH,AGL,CE,Combined TRACON& Tower with Radar,44,32,31,0,107,0,0,27,2,29,44,32,58,2,136,57,2,59,195
01/31/2012,CAK,OH,AGL,CE,Combined TRACON& Tower with Radar,38,41,25,1,105,0,0,21,3,24,38,41,46,4,129,19,0,19,148
02/01/2012,CAK,OH,AGL,CE,Combined TRACON& Tower with Radar,40,39,61,0,140,0,0,23,0,23,40,39,84,0,163,122,0,122,285
02/02/2012,CAK,OH,AGL,CE,Combined TRACON& Tower with Radar,43,32,32,2,109,0,0,4,0,4,43,32,36,2,113,10,0,10,123
02/03/2012,CAK,OH,AGL,CE,Combined TRACON& Tower with Radar,44,31,48,0,123,0,1,60,0,61,44,32,108,0,184,96,0,96,280
02/04/2012,CAK,OH,AGL,CE,Combined TRACON& Tower with Radar,41,32,7,0,80,0,0,0,0,0,41,32,7,0,80,11,0,11,91
02/05/2012,CAK,OH,AGL,CE,Combined TRACON& Tower with Radar,42,29,30,2,103,0,2,44,2,48,42,31,74,4,151,48,0,48,199
02/06/2012,CAK,OH,AGL,CE,Combined TRACON& Tower with Radar,45,32,23,0,100,0,1,20,0,21,45,33,43,0,121,70,0,70,191
02/07/2012,CAK,OH,AGL,CE,Combined TRACON& Tower with Radar,41,28,51,5,125,0,0,1,2,3,41,28,52,7,128,7,0,7,135
02/08/2012,CAK,OH,AGL,CE,Combined TRACON& Tower with Radar,41,31,26,3,101,0,0,1,0,1,41,31,27,3,102,11,10,21,123
02/09/2012,CAK,OH,AGL,CE,Combined TRACON& Tower with Radar,44,33,48,4,129,0,5,54,2,61,44,38,102,6,190,52,0,52,242
02/10/2012,CAK,OH,AGL,CE,Combined TRACON& Tower with Radar,44,27,29,0,100,0,0,3,2,5,44,27,32,2,105,16,0,16,121
02/11/2012,CAK,OH,AGL,CE,Combined TRACON& Tower with Radar,42,33,10,0,85,0,0,0,0,0,42,33,10,0,85,7,0,7,92
02/12/2012,CAK,OH,AGL,CE,Combined TRACON& Tower with Radar,46,29,15,0,90,0,0,0,0,0,46,29,15,0,90,2,0,2,92
02/13/2012,CAK,OH,AGL,CE,Combined TRACON& Tower with Radar,44,33,32,1,110,0,0,50,1,51,44,33,82,2,161,102,0,102,263
02/14/2012,CAK,OH,AGL,CE,Combined TRACON& Tower with Radar,44,29,37,0,110,0,0,0,0,0,44,29,37,0,110,17,0,17,127
02/15/2012,CAK,OH,AGL,CE,Combined TRACON& Tower with Radar,44,37,53,3,137,0,2,23,3,28,44,39,76,6,165,71,8,79,244
02/16/2012,CAK,OH,AGL,CE,Combined TRACON& Tower with Radar,43,39,62,4,148,0,0,0,0,0,43,39,62,4,148,21,0,21,169
02/17/2012,CAK,OH,AGL,CE,Combined TRACON& Tower with Radar,44,36,51,0,131,0,2,25,0,27,44,38,76,0,158,35,0,35,193
02/18/2012,CAK,OH,AGL,CE,Combined TRACON& Tower with Radar,40,34,16,0,90,0,0,37,4,41,40,34,53,4,131,28,0,28,159
02/19/2012,CAK,OH,AGL,CE,Combined TRACON& Tower with Radar,43,28,24,0,95,0,0,46,0,46,43,28,70,0,141,77,0,77,218
02/20/2012,CAK,OH,AGL,CE,Combined TRACON& Tower with Radar,46,32,45,0,123,0,2,55,0,57,46,34,100,0,180,111,0,111,291
02/21/2012,CAK,OH,AGL,CE,Combined TRACON& Tower with Radar,46,34,33,1,114,0,0,7,2,9,46,34,40,3,123,3,0,3,126
02/22/2012,CAK,OH,AGL,CE,Combined TRACON& Tower with Radar,43,32,41,2,118,0,5,28,2,35,43,37,69,4,153,96,6,102,255
02/23/2012,CAK,OH,AGL,CE,Combined TRACON& Tower with Radar,44,36,33,3,116,0,0,13,1,14,44,36,46,4,130,29,0,29,159
02/24/2012,CAK,OH,AGL,CE,Combined TRACON& Tower with Radar,41,36,13,1,91,0,0,1,1,2,41,36,14,2,93,6,0,6,99
02/25/2012,CAK,OH,AGL,CE,Combined TRACON& Tower with Radar,39,30,15,0,84,0,0,0,0,0,39,30,15,0,84,8,0,8,92
02/26/2012,CAK,OH,AGL,CE,Combined TRACON& Tower with Radar,43,33,33,0,109,0,0,35,0,35,43,33,68,0,144,106,0,106,250
02/27/2012,CAK,OH,AGL,CE,Combined TRACON& Tower with Radar,43,35,29,1,108,0,4,12,1,17,43,39,41,2,125,6,0,6,131
02/28/2012,CAK,OH,AGL,CE,Combined TRACON& Tower with Radar,45,39,34,5,123,0,1,38,3,42,45,40,72,8,165,53,2,55,220
02/29/2012,CAK,OH,AGL,CE,Combined TRACON& Tower with Radar,39,39,18,0,96,0,1,0,0,1,39,40,18,0,97,0,0,0,97
03/01/2012,CAK,OH,AGL,CE,Combined TRACON& Tower with Radar,42,40,43,0,125,0,0,2,2,4,42,40,45,2,129,4,0,4,133
03/02/2012,CAK,OH,AGL,CE,Combined TRACON& Tower with Radar,43,59,32,0,134,0,0,18,0,18,43,59,50,0,152,45,0,45,197
03/03/2012,CAK,OH,AGL,CE,Combined TRACON& Tower with Radar,41,27,12,0,80,0,1,0,2,3,41,28,12,2,83,8,0,8,91
03/04/2012,CAK,OH,AGL,CE,Combined TRACON& Tower with Radar,43,35,12,2,92,0,0,0,2,2,43,35,12,4,94,2,0,2,96
03/05/2012,CAK,OH,AGL,CE,Combined TRACON& Tower with Radar,45,37,22,1,105,0,0,1,1,2,45,37,23,2,107,10,14,24,131
03/06/2012,CAK,OH,AGL,CE,Combined TRACON& Tower with Radar,45,49,49,1,144,0,2,24,3,29,45,51,73,4,173,46,2,48,221
03/07/2012,CAK,OH,AGL,CE,Combined TRACON& Tower with Radar,45,40,32,0,117,0,3,17,0,20,45,43,49,0,137,20,0,20,157
03/08/2012,CAK,OH,AGL,CE,Combined TRACON& Tower with Radar,45,46,44,0,135,0,0,0,0,0,45,46,44,0,135,12,0,12,147
03/09/2012,CAK,OH,AGL,CE,Combined TRACON& Tower with Radar,46,45,30,1,122,0,0,8,1,9,46,45,38,2,131,38,0,38,169
03/10/2012,CAK,OH,AGL,CE,Combined TRACON& Tower with Radar,40,28,34,0,102,0,1,66,2,69,40,29,100,2,171,168,0,168,339
03/11/2012,CAK,OH,AGL,CE,Combined TRACON& Tower with Radar,40,33,45,0,118,0,2,59,0,61,40,35,104,0,179,65,0,65,244
03/12/2012,CAK,OH,AGL,CE,Combined TRACON& Tower with Radar,44,41,41,0,126,0,1,7,1,9,44,42,48,1,135,42,0,42,177
03/13/2012,CAK,OH,AGL,CE,Combined TRACON& Tower with Radar,45,43,58,2,148,0,2,25,6,33,45,45,83,8,181,84,7,91,272
03/14/2012,CAK,OH,AGL,CE,Combined TRACON& Tower with Radar,44,43,50,0,137,0,1,56,0,57,44,44,106,0,194,133,0,133,327
03/15/2012,CAK,OH,AGL,CE,Combined TRACON& Tower with Radar,44,43,42,2,131,0,1,15,0,16,44,44,57,2,147,30,0,30,177
03/16/2012,CAK,OH,AGL,CE,Combined TRACON& Tower with Radar,46,41,52,1,140,0,0,21,0,21,46,41,73,1,161,51,0,51,212
03/17/2012,CAK,OH,AGL,CE,Combined TRACON& Tower with Radar,38,24,33,0,95,0,5,46,0,51,38,29,79,0,146,44,0,44,190
03/18/2012,CAK,OH,AGL,CE,Combined TRACON& Tower with Radar,39,30,12,1,82,0,2,11,0,13,39,32,23,1,95,9,0,9,104
03/19/2012,CAK,OH,AGL,CE,Combined TRACON& Tower with Radar,45,39,35,0,119,0,0,22,0,22,45,39,57,0,141,29,0,29,170
03/20/2012,CAK,OH,AGL,CE,Combined TRACON& Tower with Radar,42,34,47,0,123,0,3,41,4,48,42,37,88,4,171,67,0,67,238
03/21/2012,CAK,OH,AGL,CE,Combined TRACON& Tower with Radar,39,39,48,1,127,0,1,58,1,60,39,40,106,2,187,74,0,74,261
03/22/2012,CAK,OH,AGL,CE,Combined TRACON& Tower with Radar,46,41,34,0,121,0,0,40,2,42,46,41,74,2,163,112,1,113,276
03/23/2012,CAK,OH,AGL,CE,Combined TRACON& Tower with Radar,44,37,25,0,106,0,0,11,2,13,44,37,36,2,119,6,0,6,125
03/24/2012,CAK,OH,AGL,CE,Combined TRACON& Tower with Radar,38,31,41,2,112,0,2,7,0,9,38,33,48,2,121,35,0,35,156
03/25/2012,CAK,OH,AGL,CE,Combined TRACON& Tower with Radar,39,33,27,0,99,0,0,3,0,3,39,33,30,0,102,4,0,4,106
03/26/2012,CAK,OH,AGL,CE,Combined TRACON& Tower with Radar,44,40,36,1,121,0,0,23,1,24,44,40,59,2,145,62,0,62,207
03/27/2012,CAK,OH,AGL,CE,Combined TRACON& Tower with Radar,47,40,64,0,151,0,0,70,2,72,47,40,134,2,223,218,6,224,447
03/28/2012,CAK,OH,AGL,CE,Combined TRACON& Tower with Radar,44,35,30,0,109,0,2,10,2,14,44,37,40,2,123,3,0,3,126
03/29/2012,CAK,OH,AGL,CE,Combined TRACON& Tower with Radar,44,48,51,0,143,0,2,48,0,50,44,50,99,0,193,161,6,167,360
03/30/2012,CAK,OH,AGL,CE,Combined TRACON& Tower with Radar,47,45,31,0,123,0,0,27,2,29,47,45,58,2,152,71,0,71,223
03/31/2012,CAK,OH,AGL,CE,Combined TRACON& Tower with Radar,35,27,31,0,93,0,0,8,0,8,35,27,39,0,101,25,0,25,126
04/01/2012,CAK,OH,AGL,CE,Combined TRACON& Tower with Radar,39,35,16,0,90,0,2,18,0,20,39,37,34,0,110,26,0,26,136
04/02/2012,CAK,OH,AGL,CE,Combined TRACON& Tower with Radar,41,40,54,0,135,0,1,63,0,64,41,41,117,0,199,121,0,121,320
04/03/2012,CAK,OH,AGL,CE,Combined TRACON& Tower with Radar,39,48,44,0,131,0,1,55,2,58,39,49,99,2,189,125,0,125,314
04/04/2012,CAK,OH,AGL,CE,Combined TRACON& Tower with Radar,46,42,55,2,145,0,2,40,2,44,46,44,95,4,189,122,0,122,311
04/05/2012,CAK,OH,AGL,CE,Combined TRACON& Tower with Radar,47,44,56,2,149,0,0,45,8,53,47,44,101,10,202,161,2,163,365
04/06/2012,CAK,OH,AGL,CE,Combined TRACON& Tower with Radar,45,37,41,0,123,0,1,43,4,48,45,38,84,4,171,58,10,68,239
04/07/2012,CAK,OH,AGL,CE,Combined TRACON& Tower with Radar,31,27,15,0,73,0,3,65,0,68,31,30,80,0,141,135,0,135,276
04/08/2012,CAK,OH,AGL,CE,Combined TRACON& Tower with Radar,40,26,15,0,81,0,0,3,0,3,40,26,18,0,84,4,0,4,88
04/09/2012,CAK,OH,AGL,CE,Combined TRACON& Tower with Radar,41,41,34,0,116,0,0,23,0,23,41,41,57,0,139,48,0,48,187
04/10/2012,CAK,OH,AGL,CE,Combined TRACON& Tower with Radar,47,48,37,1,133,0,1,5,4,10,47,49,42,5,143,19,0,19,162
04/11/2012,CAK,OH,AGL,CE,Combined TRACON& Tower with Radar,46,39,50,1,136,0,1,2,1,4,46,40,52,2,140,14,0,14,154
04/12/2012,CAK,OH,AGL,CE,Combined TRACON& Tower with Radar,48,43,60,1,152,0,3,65,1,69,48,46,125,2,221,98,0,98,319
04/13/2012,CAK,OH,AGL,CE,Combined TRACON& Tower with Radar,46,35,36,0,117,0,3,68,0,71,46,38,104,0,188,111,0,111,299
04/14/2012,CAK,OH,AGL,CE,Combined TRACON& Tower with Radar,38,26,29,0,93,0,1,16,0,17,38,27,45,0,110,25,0,25,135
04/15/2012,CAK,OH,AGL,CE,Combined TRACON& Tower with Radar,46,29,20,0,95,0,4,11,1,16,46,33,31,1,111,11,0,11,122
04/16/2012,CAK,OH,AGL,CE,Combined TRACON& Tower with Radar,46,34,36,0,116,0,0,1,1,2,46,34,37,1,118,2,0,2,120
04/17/2012,CAK,OH,AGL,CE,Combined TRACON& Tower with Radar,43,43,44,0,130,0,0,45,4,49,43,43,89,4,179,92,2,94,273
04/18/2012,CAK,OH,AGL,CE,Combined TRACON& Tower with Radar,46,37,71,3,157,0,3,34,1,38,46,40,105,4,195,126,6,132,327
04/19/2012,CAK,OH,AGL,CE,Combined TRACON& Tower with Radar,44,46,63,2,155,0,2,37,7,46,44,48,100,9,201,55,2,57,258
04/20/2012,CAK,OH,AGL,CE,Combined TRACON& Tower with Radar,45,36,38,1,120,0,2,23,0,25,45,38,61,1,145,67,0,67,212
04/21/2012,CAK,OH,AGL,CE,Combined TRACON& Tower with Radar,39,26,12,0,77,0,0,0,0,0,39,26,12,0,77,8,0,8,85
04/22/2012,CAK,OH,AGL,CE,Combined TRACON& Tower with Radar,45,22,19,12,98,0,0,3,0,3,45,22,22,12,101,4,36,40,141
04/23/2012,CAK,OH,AGL,CE,Combined TRACON& Tower with Radar,49,41,21,0,111,0,1,4,0,5,49,42,25,0,116,3,0,3,119
04/24/2012,CAK,OH,AGL,CE,Combined TRACON& Tower with Radar,48,49,34,3,134,0,0,3,3,6,48,49,37,6,140,13,0,13,153
04/25/2012,CAK,OH,AGL,CE,Combined TRACON& Tower with Radar,46,41,72,1,160,0,0,51,1,52,46,41,123,2,212,128,4,132,344
04/26/2012,CAK,OH,AGL,CE,Combined TRACON& Tower with Radar,45,44,42,0,131,0,0,2,0,2,45,44,44,0,133,13,0,13,146
04/27/2012,CAK,OH,AGL,CE,Combined TRACON& Tower with Radar,45,44,63,0,152,0,4,42,4,50,45,48,105,4,202,49,0,49,251
04/28/2012,CAK,OH,AGL,CE,Combined TRACON& Tower with Radar,39,30,20,0,89,0,0,9,0,9,39,30,29,0,98,16,0,16,114
04/29/2012,CAK,OH,AGL,CE,Combined TRACON& Tower with Radar,44,31,58,0,133,0,1,75,0,76,44,32,133,0,209,76,0,76,285
04/30/2012,CAK,OH,AGL,CE,Combined TRACON& Tower with Radar,48,43,23,0,114,0,0,13,2,15,48,43,36,2,129,20,0,20,149
05/01/2012,CAK,OH,AGL,CE,Combined TRACON& Tower with Radar,46,42,34,2,124,0,0,14,0,14,46,42,48,2,138,66,0,66,204
05/02/2012,CAK,OH,AGL,CE,Combined TRACON& Tower with Radar,46,40,34,1,121,0,0,25,1,26,46,40,59,2,147,70,0,70,217
05/03/2012,CAK,OH,AGL,CE,Combined TRACON& Tower with Radar,44,40,47,2,133,0,0,31,0,31,44,40,78,2,164,69,0,69,233
05/04/2012,CAK,OH,AGL,CE,Combined TRACON& Tower with Radar,44,44,36,2,126,0,0,12,0,12,44,44,48,2,138,67,1,68,206
05/05/2012,CAK,OH,AGL,CE,Combined TRACON& Tower with Radar,38,32,38,5,113,0,2,23,1,26,38,34,61,6,139,56,0,56,195
05/06/2012,CAK,OH,AGL,CE,Combined TRACON& Tower with Radar,41,31,41,3,116,0,1,39,1,41,41,32,80,4,157,35,0,35,192
05/07/2012,CAK,OH,AGL,CE,Combined TRACON& Tower with Radar,45,40,36,0,121,0,0,3,0,3,45,40,39,0,124,8,0,8,132
05/08/2012,CAK,OH,AGL,CE,Combined TRACON& Tower with Radar,45,42,55,2,144,0,0,0,0,0,45,42,55,2,144,9,0,9,153
05/09/2012,CAK,OH,AGL,CE,Combined TRACON& Tower with Radar,43,42,36,2,123,0,3,22,0,25,43,45,58,2,148,16,0,16,164
05/10/2012,CAK,OH,AGL,CE,Combined TRACON& Tower with Radar,45,41,67,3,156,0,3,21,3,27,45,44,88,6,183,61,0,61,244
05/11/2012,CAK,OH,AGL,CE,Combined TRACON& Tower with Radar,44,41,44,4,133,0,6,44,1,51,44,47,88,5,184,35,0,35,219
05/12/2012,CAK,OH,AGL,CE,Combined TRACON& Tower with Radar,37,31,22,0,90,0,4,69,0,73,37,35,91,0,163,86,0,86,249
05/13/2012,CAK,OH,AGL,CE,Combined TRACON& Tower with Radar,43,28,21,0,92,0,2,20,1,23,43,30,41,1,115,21,0,21,136
05/14/2012,CAK,OH,AGL,CE,Combined TRACON& Tower with Radar,43,41,43,0,127,0,0,31,1,32,43,41,74,1,159,35,0,35,194
05/15/2012,CAK,OH,AGL,CE,Combined TRACON& Tower with Radar,47,44,50,3,144,0,0,46,3,49,47,44,96,6,193,83,0,83,276
05/16/2012,CAK,OH,AGL,CE,Combined TRACON& Tower with Radar,44,43,71,1,159,0,2,7,1,10,44,45,78,2,169,45,0,45,214
05/17/2012,CAK,OH,AGL,CE,Combined TRACON& Tower with Radar,45,51,72,2,170,0,1,45,0,46,45,52,117,2,216,44,6,50,266
05/18/2012,CAK,OH,AGL,CE,Combined TRACON& Tower with Radar,43,38,28,0,109,0,5,33,0,38,43,43,61,0,147,93,0,93,240
05/19/2012,CAK,OH,AGL,CE,Combined TRACON& Tower with Radar,42,25,26,0,93,0,4,37,0,41,42,29,63,0,134,27,0,27,161
05/20/2012,CAK,OH,AGL,CE,Combined TRACON& Tower with Radar,44,25,36,0,105,0,2,62,0,64,44,27,98,0,169,51,2,53,222
05/21/2012,CAK,OH,AGL,CE,Combined TRACON& Tower with Radar,44,36,29,2,111,0,0,34,2,36,44,36,63,4,147,52,0,52,199
05/22/2012,CAK,OH,AGL,CE,Combined TRACON& Tower with Radar,44,38,73,6,161,0,0,15,4,19,44,38,88,10,180,86,15,101,281
05/23/2012,CAK,OH,AGL,CE,Combined TRACON& Tower with Radar,46,41,60,0,147,0,1,37,2,40,46,42,97,2,187,71,0,71,258
05/24/2012,CAK,OH,AGL,CE,Combined TRACON& Tower with Radar,43,48,64,7,162,0,0,33,1,34,43,48,97,8,196,57,0,57,253
05/25/2012,CAK,OH,AGL,CE,Combined TRACON& Tower with Radar,45,47,54,1,147,0,4,24,4,32,45,51,78,5,179,36,0,36,215
05/26/2012,CAK,OH,AGL,CE,Combined TRACON& Tower with Radar,39,34,20,0,93,0,2,52,1,55,39,36,72,1,148,73,0,73,221
05/27/2012,CAK,OH,AGL,CE,Combined TRACON& Tower with Radar,46,27,21,0,94,0,2,26,0,28,46,29,47,0,122,30,0,30,152
05/28/2012,CAK,OH,AGL,CE,Combined TRACON& Tower with Radar,44,36,21,0,101,0,1,16,0,17,44,37,37,0,118,21,0,21,139
05/29/2012,CAK,OH,AGL,CE,Combined TRACON& Tower with Radar,40,35,33,0,108,0,0,9,0,9,40,35,42,0,117,8,0,8,125
05/30/2012,CAK,OH,AGL,CE,Combined TRACON& Tower with Radar,48,38,54,4,144,0,1,39,0,40,48,39,93,4,184,64,0,64,248
05/31/2012,CAK,OH,AGL,CE,Combined TRACON& Tower with Radar,44,43,65,2,154,0,3,32,2,37,44,46,97,4,191,24,0,24,215
06/01/2012,CAK,OH,AGL,CE,Combined TRACON& Tower with Radar,44,38,22,0,104,0,1,0,0,1,44,39,22,0,105,13,0,13,118
06/02/2012,CAK,OH,AGL,CE,Combined TRACON& Tower with Radar,43,27,27,0,97,0,4,8,7,19,43,31,35,7,116,12,0,12,128
06/03/2012,CAK,OH,AGL,CE,Combined TRACON& Tower with Radar,44,36,28,0,108,0,1,24,4,29,44,37,52,4,137,8,0,8,145
06/04/2012,CAK,OH,AGL,CE,Combined TRACON& Tower with Radar,46,39,55,0,140,0,0,42,4,46,46,39,97,4,186,99,18,117,303
06/05/2012,CAK,OH,AGL,CE,Combined TRACON& Tower with Radar,48,49,50,3,150,0,1,18,5,24,48,50,68,8,174,37,4,41,215
06/06/2012,CAK,OH,AGL,CE,Combined TRACON& Tower with Radar,46,37,59,0,142,0,1,46,6,53,46,38,105,6,195,49,0,49,244
06/07/2012,CAK,OH,AGL,CE,Combined TRACON& Tower with Radar,50,48,58,2,158,0,2,35,5,42,50,50,93,7,200,61,0,61,261
06/08/2012,CAK,OH,AGL,CE,Combined TRACON& Tower with Radar,44,38,31,2,115,0,3,43,2,48,44,41,74,4,163,30,10,40,203
06/09/2012,CAK,OH,AGL,CE,Combined TRACON& Tower with Radar,46,29,26,0,101,0,3,28,8,39,46,32,54,8,140,59,0,59,199
06/10/2012,CAK,OH,AGL,CE,Combined TRACON& Tower with Radar,45,31,41,1,118,0,4,35,3,42,45,35,76,4,160,37,0,37,197
06/11/2012,CAK,OH,AGL,CE,Combined TRACON& Tower with Radar,48,46,51,0,145,0,5,12,1,18,48,51,63,1,163,21,0,21,184
06/12/2012,CAK,OH,AGL,CE,Combined TRACON& Tower with Radar,46,44,47,1,138,0,0,20,3,23,46,44,67,4,161,30,0,30,191
06/13/2012,CAK,OH,AGL,CE,Combined TRACON& Tower with Radar,43,36,64,1,144,0,3,39,5,47,43,39,103,6,191,30,0,30,221
06/14/2012,CAK,OH,AGL,CE,Combined TRACON& Tower with Radar,46,48,51,2,147,0,0,40,2,42,46,48,91,4,189,40,0,40,229
06/15/2012,CAK,OH,AGL,CE,Combined TRACON& Tower with Radar,45,36,45,0,126,0,2,32,5,39,45,38,77,5,165,45,0,45,210
06/16/2012,CAK,OH,AGL,CE,Combined TRACON& Tower with Radar,45,30,37,1,113,0,2,39,2,43,45,32,76,3,156,33,0,33,189
06/17/2012,CAK,OH,AGL,CE,Combined TRACON& Tower with Radar,45,29,19,0,93,0,0,4,0,4,45,29,23,0,97,4,0,4,101
06/18/2012,CAK,OH,AGL,CE,Combined TRACON& Tower with Radar,47,40,31,0,118,0,0,7,0,7,47,40,38,0,125,4,0,4,129
06/19/2012,CAK,OH,AGL,CE,Combined TRACON& Tower with Radar,46,49,49,1,145,0,0,28,0,28,46,49,77,1,173,25,0,25,198
06/20/2012,CAK,OH,AGL,CE,Combined TRACON& Tower with Radar,45,36,44,1,126,0,2,43,4,49,45,38,87,5,175,85,0,85,260
06/21/2012,CAK,OH,AGL,CE,Combined TRACON& Tower with Radar,46,42,43,0,131,0,0,29,4,33,46,42,72,4,164,82,0,82,246
06/22/2012,CAK,OH,AGL,CE,Combined TRACON& Tower with Radar,45,38,48,0,131,0,1,49,0,50,45,39,97,0,181,98,0,98,279
06/23/2012,CAK,OH,AGL,CE,Combined TRACON& Tower with Radar,47,31,26,0,104,0,1,53,2,56,47,32,79,2,160,36,0,36,196
06/24/2012,CAK,OH,AGL,CE,Combined TRACON& Tower with Radar,44,37,31,0,112,0,3,28,0,31,44,40,59,0,143,12,0,12,155
06/25/2012,CAK,OH,AGL,CE,Combined TRACON& Tower with Radar,48,40,37,0,125,0,5,21,0,26,48,45,58,0,151,19,0,19,170
06/26/2012,CAK,OH,AGL,CE,Combined TRACON& Tower with Radar,49,50,57,2,158,0,5,45,6,56,49,55,102,8,214,112,0,112,326
06/27/2012,CAK,OH,AGL,CE,Combined TRACON& Tower with Radar,45,45,47,2,139,0,3,51,0,54,45,48,98,2,193,67,0,67,260
06/28/2012,CAK,OH,AGL,CE,Combined TRACON& Tower with Radar,46,41,49,2,138,0,2,26,5,33,46,43,75,7,171,102,1,103,274
06/29/2012,CAK,OH,AGL,CE,Combined TRACON& Tower with Radar,46,53,50,0,149,0,0,25,2,27,46,53,75,2,176,35,0,35,211
06/30/2012,CAK,OH,AGL,CE,Combined TRACON& Tower with Radar,42,32,19,0,93,0,5,13,0,18,42,37,32,0,111,36,0,36,147
07/01/2012,CAK,OH,AGL,CE,Combined TRACON& Tower with Radar,46,33,18,0,97,0,0,22,0,22,46,33,40,0,119,27,0,27,146
07/02/2012,CAK,OH,AGL,CE,Combined TRACON& Tower with Radar,46,28,37,4,115,0,1,37,3,41,46,29,74,7,156,71,0,71,227
07/03/2012,CAK,OH,AGL,CE,Combined TRACON& Tower with Radar,42,44,31,1,118,0,0,22,3,25,42,44,53,4,143,83,12,95,238
07/04/2012,CAK,OH,AGL,CE,Combined TRACON& Tower with Radar,46,37,8,1,92,0,3,8,0,11,46,40,16,1,103,21,0,21,124
07/05/2012,CAK,OH,AGL,CE,Combined TRACON& Tower with Radar,48,31,17,5,101,0,0,15,1,16,48,31,32,6,117,28,0,28,145
07/06/2012,CAK,OH,AGL,CE,Combined TRACON& Tower with Radar,51,36,30,4,121,0,3,17,5,25,51,39,47,9,146,11,2,13,159
07/07/2012,CAK,OH,AGL,CE,Combined TRACON& Tower with Radar,46,41,12,0,99,0,3,37,0,40,46,44,49,0,139,25,0,25,164
07/08/2012,CAK,OH,AGL,CE,Combined TRACON& Tower with Radar,47,36,29,0,112,0,2,20,0,22,47,38,49,0,134,15,0,15,149
07/09/2012,CAK,OH,AGL,CE,Combined TRACON& Tower with Radar,43,41,56,1,141,0,1,58,1,60,43,42,114,2,201,99,0,99,300
07/10/2012,CAK,OH,AGL,CE,Combined TRACON& Tower with Radar,45,40,50,4,139,0,4,54,4,62,45,44,104,8,201,95,0,95,296
07/11/2012,CAK,OH,AGL,CE,Combined TRACON& Tower with Radar,50,42,33,1,126,0,0,43,1,44,50,42,76,2,170,65,0,65,235
07/12/2012,CAK,OH,AGL,CE,Combined TRACON& Tower with Radar,45,47,56,0,148,0,0,21,2,23,45,47,77,2,171,26,0,26,197
07/13/2012,CAK,OH,AGL,CE,Combined TRACON& Tower with Radar,43,42,42,1,128,0,1,30,3,34,43,43,72,4,162,42,0,42,204
07/14/2012,CAK,OH,AGL,CE,Combined TRACON& Tower with Radar,42,31,23,0,96,0,2,8,2,12,42,33,31,2,108,45,0,45,153
07/15/2012,CAK,OH,AGL,CE,Combined TRACON& Tower with Radar,48,42,48,0,138,0,2,15,0,17,48,44,63,0,155,82,0,82,237
07/16/2012,CAK,OH,AGL,CE,Combined TRACON& Tower with Radar,44,38,38,1,121,0,0,24,3,27,44,38,62,4,148,40,0,40,188
07/17/2012,CAK,OH,AGL,CE,Combined TRACON& Tower with Radar,48,45,55,2,150,0,0,27,4,31,48,45,82,6,181,24,0,24,205
07/18/2012,CAK,OH,AGL,CE,Combined TRACON& Tower with Radar,40,44,36,1,121,0,0,13,1,14,40,44,49,2,135,53,0,53,188
07/19/2012,CAK,OH,AGL,CE,Combined TRACON& Tower with Radar,50,47,54,0,151,0,0,9,2,11,50,47,63,2,162,20,0,20,182
07/20/2012,CAK,OH,AGL,CE,Combined TRACON& Tower with Radar,47,55,66,0,168,0,1,2,0,3,47,56,68,0,171,27,0,27,198
07/21/2012,CAK,OH,AGL,CE,Combined TRACON& Tower with Radar,41,33,29,0,103,0,3,22,0,25,41,36,51,0,128,92,0,92,220
07/22/2012,CAK,OH,AGL,CE,Combined TRACON& Tower with Radar,47,35,43,2,127,0,1,52,0,53,47,36,95,2,180,90,0,90,270
07/23/2012,CAK,OH,AGL,CE,Combined TRACON& Tower with Radar,44,45,38,0,127,0,1,19,0,20,44,46,57,0,147,94,0,94,241
07/24/2012,CAK,OH,AGL,CE,Combined TRACON& Tower with Radar,48,47,43,0,138,0,0,12,6,18,48,47,55,6,156,19,2,21,177
07/25/2012,CAK,OH,AGL,CE,Combined TRACON& Tower with Radar,49,49,62,2,162,0,3,61,2,66,49,52,123,4,228,48,0,48,276
07/26/2012,CAK,OH,AGL,CE,Combined TRACON& Tower with Radar,50,32,21,0,103,0,2,14,2,18,50,34,35,2,121,28,0,28,149
07/27/2012,CAK,OH,AGL,CE,Combined TRACON& Tower with Radar,44,46,51,5,146,0,2,27,3,32,44,48,78,8,178,23,2,25,203
07/28/2012,CAK,OH,AGL,CE,Combined TRACON& Tower with Radar,44,34,31,2,111,0,2,13,0,15,44,36,44,2,126,22,1,23,149
07/29/2012,CAK,OH,AGL,CE,Combined TRACON& Tower with Radar,43,42,57,2,144,0,3,51,1,55,43,45,108,3,199,109,8,117,316
07/30/2012,CAK,OH,AGL,CE,Combined TRACON& Tower with Radar,44,44,33,2,123,0,0,28,0,28,44,44,61,2,151,27,0,27,178
07/31/2012,CAK,OH,AGL,CE,Combined TRACON& Tower with Radar,47,60,58,2,167,0,1,44,3,48,47,61,102,5,215,48,0,48,263
08/01/2012,CAK,OH,AGL,CE,Combined TRACON& Tower with Radar,49,50,40,5,144,0,2,22,3,27,49,52,62,8,171,45,0,45,216
08/02/2012,CAK,OH,AGL,CE,Combined TRACON& Tower with Radar,48,53,74,4,179,0,7,42,2,51,48,60,116,6,230,124,0,124,354
08/03/2012,CAK,OH,AGL,CE,Combined TRACON& Tower with Radar,46,46,81,5,178,0,2,45,0,47,46,48,126,5,225,38,0,38,263
08/04/2012,CAK,OH,AGL,CE,Combined TRACON& Tower with Radar,48,42,29,4,123,0,2,37,3,42,48,44,66,7,165,92,22,114,279
08/05/2012,CAK,OH,AGL,CE,Combined TRACON& Tower with Radar,43,84,50,1,178,0,0,13,1,14,43,84,63,2,192,18,0,18,210
08/06/2012,CAK,OH,AGL,CE,Combined TRACON& Tower with Radar,48,41,61,3,153,0,0,43,4,47,48,41,104,7,200,37,0,37,237
08/07/2012,CAK,OH,AGL,CE,Combined TRACON& Tower with Radar,46,42,34,2,124,0,3,55,4,62,46,45,89,6,186,101,0,101,287
08/08/2012,CAK,OH,AGL,CE,Combined TRACON& Tower with Radar,44,51,31,3,129,0,4,40,3,47,44,55,71,6,176,131,0,131,307
08/09/2012,CAK,OH,AGL,CE,Combined TRACON& Tower with Radar,36,46,51,0,133,0,0,8,0,8,36,46,59,0,141,85,0,85,226
08/10/2012,CAK,OH,AGL,CE,Combined TRACON& Tower with Radar,48,45,28,0,121,0,1,3,0,4,48,46,31,0,125,24,0,24,149
08/11/2012,CAK,OH,AGL,CE,Combined TRACON& Tower with Radar,37,31,21,2,91,0,0,4,2,6,37,31,25,4,97,6,0,6,103
08/12/2012,CAK,OH,AGL,CE,Combined TRACON& Tower with Radar,43,25,21,0,89,0,2,48,3,53,43,27,69,3,142,13,0,13,155
08/13/2012,CAK,OH,AGL,CE,Combined TRACON& Tower with Radar,42,39,40,0,121,0,5,36,0,41,42,44,76,0,162,32,2,34,196
08/14/2012,CAK,OH,AGL,CE,Combined TRACON& Tower with Radar,39,44,45,2,130,0,3,9,0,12,39,47,54,2,142,55,0,55,197
08/15/2012,CAK,OH,AGL,CE,Combined TRACON& Tower with Radar,42,35,61,9,147,0,1,49,4,54,42,36,110,13,201,145,0,145,346
08/16/2012,CAK,OH,AGL,CE,Combined TRACON& Tower with Radar,43,43,40,3,129,0,1,31,2,34,43,44,71,5,163,82,0,82,245
08/17/2012,CAK,OH,AGL,CE,Combined TRACON& Tower with Radar,40,37,35,1,113,0,2,17,2,21,40,39,52,3,134,21,0,21,155
08/18/2012,CAK,OH,AGL,CE,Combined TRACON& Tower with Radar,39,38,27,0,104,0,2,70,0,72,39,40,97,0,176,55,1,56,232
08/19/2012,CAK,OH,AGL,CE,Combined TRACON& Tower with Radar,43,27,22,0,92,0,2,33,0,35,43,29,55,0,127,15,0,15,142
08/20/2012,CAK,OH,AGL,CE,Combined TRACON& Tower with Radar,42,49,29,0,120,0,1,24,2,27,42,50,53,2,147,22,0,22,169
08/21/2012,CAK,OH,AGL,CE,Combined TRACON& Tower with Radar,39,54,31,1,125,0,2,13,2,17,39,56,44,3,142,87,0,87,229
08/22/2012,CAK,OH,AGL,CE,Combined TRACON& Tower with Radar,38,48,43,6,135,0,0,37,0,37,38,48,80,6,172,102,7,109,281
08/23/2012,CAK,OH,AGL,CE,Combined TRACON& Tower with Radar,42,49,56,5,152,0,0,33,3,36,42,49,89,8,188,57,4,61,249
08/24/2012,CAK,OH,AGL,CE,Combined TRACON& Tower with Radar,40,37,32,5,114,0,2,42,3,47,40,39,74,8,161,28,0,28,189
08/25/2012,CAK,OH,AGL,CE,Combined TRACON& Tower with Radar,41,31,22,19,113,0,1,41,3,45,41,32,63,22,158,42,26,68,226
08/26/2012,CAK,OH,AGL,CE,Combined TRACON& Tower with Radar,44,27,36,0,107,0,2,36,0,38,44,29,72,0,145,27,0,27,172
08/27/2012,CAK,OH,AGL,CE,Combined TRACON& Tower with Radar,38,39,28,0,105,0,0,15,0,15,38,39,43,0,120,72,0,72,192
08/28/2012,CAK,OH,AGL,CE,Combined TRACON& Tower with Radar,39,45,45,2,131,0,2,17,0,19,39,47,62,2,150,87,0,87,237
08/29/2012,CAK,OH,AGL,CE,Combined TRACON& Tower with Radar,43,47,52,6,148,0,4,58,6,68,43,51,110,12,216,123,4,127,343
08/30/2012,CAK,OH,AGL,CE,Combined TRACON& Tower with Radar,42,43,62,0,147,0,1,42,0,43,42,44,104,0,190,42,0,42,232
08/31/2012,CAK,OH,AGL,CE,Combined TRACON& Tower with Radar,42,45,36,0,123,0,4,26,0,30,42,49,62,0,153,16,0,16,169
09/01/2012,CAK,OH,AGL,CE,Combined TRACON& Tower with Radar,42,25,13,0,80,0,3,25,0,28,42,28,38,0,108,61,0,61,169
09/02/2012,CAK,OH,AGL,CE,Combined TRACON& Tower with Radar,41,19,15,0,75,0,0,6,0,6,41,19,21,0,81,8,0,8,89
09/03/2012,CAK,OH,AGL,CE,Combined TRACON& Tower with Radar,41,37,22,0,100,0,1,9,0,10,41,38,31,0,110,47,0,47,157
09/04/2012,CAK,OH,AGL,CE,Combined TRACON& Tower with Radar,42,38,43,0,123,0,0,0,0,0,42,38,43,0,123,15,0,15,138
09/05/2012,CAK,OH,AGL,CE,Combined TRACON& Tower with Radar,40,47,52,1,140,0,0,28,4,32,40,47,80,5,172,35,1,36,208
09/06/2012,CAK,OH,AGL,CE,Combined TRACON& Tower with Radar,43,50,49,2,144,0,0,16,0,16,43,50,65,2,160,61,0,61,221
09/07/2012,CAK,OH,AGL,CE,Combined TRACON& Tower with Radar,43,46,44,0,133,0,3,23,0,26,43,49,67,0,159,20,0,20,179
09/08/2012,CAK,OH,AGL,CE,Combined TRACON& Tower with Radar,41,29,9,0,79,0,0,4,2,6,41,29,13,2,85,1,1,2,87
09/09/2012,CAK,OH,AGL,CE,Combined TRACON& Tower with Radar,43,34,38,2,117,0,1,58,2,61,43,35,96,4,178,97,2,99,277
09/10/2012,CAK,OH,AGL,CE,Combined TRACON& Tower with Radar,41,44,60,0,145,0,0,36,0,36,41,44,96,0,181,91,0,91,272
09/11/2012,CAK,OH,AGL,CE,Combined TRACON& Tower with Radar,41,41,44,0,126,0,0,52,2,54,41,41,96,2,180,33,0,33,213
09/12/2012,CAK,OH,AGL,CE,Combined TRACON& Tower with Radar,39,45,45,3,132,0,0,31,3,34,39,45,76,6,166,38,0,38,204
09/13/2012,CAK,OH,AGL,CE,Combined TRACON& Tower with Radar,41,47,59,3,150,0,0,39,6,45,41,47,98,9,195,115,2,117,312
09/14/2012,CAK,OH,AGL,CE,Combined TRACON& Tower with Radar,39,48,44,0,131,0,0,16,3,19,39,48,60,3,150,123,0,123,273
09/15/2012,CAK,OH,AGL,CE,Combined TRACON& Tower with Radar,40,30,27,15,112,0,4,53,1,58,40,34,80,16,170,39,10,49,219
09/16/2012,CAK,OH,AGL,CE,Combined TRACON& Tower with Radar,45,30,29,2,106,0,3,42,0,45,45,33,71,2,151,112,0,112,263
09/17/2012,CAK,OH,AGL,CE,Combined TRACON& Tower with Radar,40,49,49,0,138,0,2,35,0,37,40,51,84,0,175,44,0,44,219
09/18/2012,CAK,OH,AGL,CE,Combined TRACON& Tower with Radar,37,44,43,0,124,0,0,1,0,1,37,44,44,0,125,47,0,47,172
09/19/2012,CAK,OH,AGL,CE,Combined TRACON& Tower with Radar,41,38,64,1,144,0,0,52,0,52,41,38,116,1,196,37,0,37,233
09/20/2012,CAK,OH,AGL,CE,Combined TRACON& Tower with Radar,40,40,40,1,121,0,0,42,3,45,40,40,82,4,166,117,0,117,283
09/21/2012,CAK,OH,AGL,CE,Combined TRACON& Tower with Radar,42,39,43,0,124,0,2,25,0,27,42,41,68,0,151,45,1,46,197
09/22/2012,CAK,OH,AGL,CE,Combined TRACON& Tower with Radar,44,27,13,0,84,0,2,1,0,3,44,29,14,0,87,15,0,15,102
09/23/2012,CAK,OH,AGL,CE,Combined TRACON& Tower with Radar,46,27,39,4,116,0,3,29,4,36,46,30,68,8,152,60,9,69,221
09/24/2012,CAK,OH,AGL,CE,Combined TRACON& Tower with Radar,39,43,45,0,127,0,3,19,0,22,39,46,64,0,149,44,2,46,195
09/25/2012,CAK,OH,AGL,CE,Combined TRACON& Tower with Radar,38,43,43,7,131,0,1,8,0,9,38,44,51,7,140,87,0,87,227
09/26/2012,CAK,OH,AGL,CE,Combined TRACON& Tower with Radar,42,37,44,4,127,0,0,0,0,0,42,37,44,4,127,11,0,11,138
09/27/2012,CAK,OH,AGL,CE,Combined TRACON& Tower with Radar,40,49,76,3,168,0,0,1,0,1,40,49,77,3,169,91,4,95,264
09/28/2012,CAK,OH,AGL,CE,Combined TRACON& Tower with Radar,39,44,50,0,133,0,2,27,2,31,39,46,77,2,164,64,0,64,228
09/29/2012,CAK,OH,AGL,CE,Combined TRACON& Tower with Radar,39,33,31,0,103,0,3,53,6,62,39,36,84,6,165,105,0,105,270
09/30/2012,CAK,OH,AGL,CE,Combined TRACON& Tower with Radar,40,35,41,0,116,0,2,25,0,27,40,37,66,0,143,28,0,28,171
10/01/2012,CAK,OH,AGL,CE,Combined TRACON& Tower with Radar,43,48,34,0,125,0,0,36,0,36,43,48,70,0,161,53,0,53,214
10/02/2012,CAK,OH,AGL,CE,Combined TRACON& Tower with Radar,44,38,88,4,174,0,0,0,0,0,44,38,88,4,174,76,0,76,250
10/03/2012,CAK,OH,AGL,CE,Combined TRACON& Tower with Radar,43,42,53,3,141,0,0,35,1,36,43,42,88,4,177,62,0,62,239
10/04/2012,CAK,OH,AGL,CE,Combined TRACON& Tower with Radar,43,46,57,5,151,0,0,32,6,38,43,46,89,11,189,180,0,180,369
10/05/2012,CAK,OH,AGL,CE,Combined TRACON& Tower with Radar,44,49,35,0,128,0,1,15,0,16,44,50,50,0,144,52,0,52,196
10/06/2012,CAK,OH,AGL,CE,Combined TRACON& Tower with Radar,40,24,22,0,86,0,1,3,0,4,40,25,25,0,90,10,6,16,106
10/07/2012,CAK,OH,AGL,CE,Combined TRACON& Tower with Radar,42,35,34,1,112,0,4,21,1,26,42,39,55,2,138,46,0,46,184
10/08/2012,CAK,OH,AGL,CE,Combined TRACON& Tower with Radar,43,33,48,0,124,0,0,39,0,39,43,33,87,0,163,56,0,56,219
10/09/2012,CAK,OH,AGL,CE,Combined TRACON& Tower with Radar,46,48,51,4,149,0,1,52,2,55,46,49,103,6,204,115,0,115,319
10/10/2012,CAK,OH,AGL,CE,Combined TRACON& Tower with Radar,40,45,44,0,129,0,0,11,2,13,40,45,55,2,142,22,0,22,164
10/11/2012,CAK,OH,AGL,CE,Combined TRACON& Tower with Radar,42,49,63,0,154,0,0,20,2,22,42,49,83,2,176,85,2,87,263
10/12/2012,CAK,OH,AGL,CE,Combined TRACON& Tower with Radar,43,42,43,2,130,0,0,55,2,57,43,42,98,4,187,123,0,123,310
10/13/2012,CAK,OH,AGL,CE,Combined TRACON& Tower with Radar,39,31,35,0,105,0,2,35,0,37,39,33,70,0,142,41,0,41,183
10/14/2012,CAK,OH,AGL,CE,Combined TRACON& Tower with Radar,43,41,30,0,114,0,0,5,0,5,43,41,35,0,119,14,0,14,133
10/15/2012,CAK,OH,AGL,CE,Combined TRACON& Tower with Radar,40,45,48,0,133,0,1,10,0,11,40,46,58,0,144,24,0,24,168
10/16/2012,CAK,OH,AGL,CE,Combined TRACON& Tower with Radar,43,44,45,0,132,0,3,51,6,60,43,47,96,6,192,190,1,191,383
10/17/2012,CAK,OH,AGL,CE,Combined TRACON& Tower with Radar,42,43,52,2,139,0,0,50,4,54,42,43,102,6,193,79,0,79,272
10/18/2012,CAK,OH,AGL,CE,Combined TRACON& Tower with Radar,41,42,46,0,129,0,1,12,0,13,41,43,58,0,142,49,0,49,191
10/19/2012,CAK,OH,AGL,CE,Combined TRACON& Tower with Radar,46,44,48,4,142,0,0,26,4,30,46,44,74,8,172,81,0,81,253
10/20/2012,CAK,OH,AGL,CE,Combined TRACON& Tower with Radar,38,29,43,0,110,0,2,8,0,10,38,31,51,0,120,49,0,49,169
10/21/2012,CAK,OH,AGL,CE,Combined TRACON& Tower with Radar,43,33,18,2,96,0,1,60,0,61,43,34,78,2,157,125,0,125,282
10/22/2012,CAK,OH,AGL,CE,Combined TRACON& Tower with Radar,43,42,40,1,126,0,0,28,2,30,43,42,68,3,156,121,0,121,277
10/23/2012,CAK,OH,AGL,CE,Combined TRACON& Tower with Radar,42,48,45,1,136,0,1,9,1,11,42,49,54,2,147,22,2,24,171
10/24/2012,CAK,OH,AGL,CE,Combined TRACON& Tower with Radar,39,40,56,2,137,0,0,36,0,36,39,40,92,2,173,17,0,17,190
10/25/2012,CAK,OH,AGL,CE,Combined TRACON& Tower with Radar,42,49,42,2,135,0,1,26,12,39,42,50,68,14,174,26,14,40,214
10/26/2012,CAK,OH,AGL,CE,Combined TRACON& Tower with Radar,41,40,37,1,119,0,0,7,1,8,41,40,44,2,127,13,0,13,140
10/27/2012,CAK,OH,AGL,CE,Combined TRACON& Tower with Radar,39,38,25,11,113,0,0,0,0,0,39,38,25,11,113,14,0,14,127
10/28/2012,CAK,OH,AGL,CE,Combined TRACON& Tower with Radar,42,34,28,0,104,0,0,0,0,0,42,34,28,0,104,7,0,7,111
10/29/2012,CAK,OH,AGL,CE,Combined TRACON& Tower with Radar,32,45,31,0,108,0,0,0,0,0,32,45,31,0,108,9,0,9,117
10/30/2012,CAK,OH,AGL,CE,Combined TRACON& Tower with Radar,33,37,10,0,80,0,0,0,0,0,33,37,10,0,80,10,0,10,90
10/31/2012,CAK,OH,AGL,CE,Combined TRACON& Tower with Radar,37,48,25,2,112,0,0,1,0,1,37,48,26,2,113,7,0,7,120
11/01/2012,CAK,OH,AGL,CE,Combined TRACON& Tower with Radar,40,44,28,0,112,0,0,8,1,9,40,44,36,1,121,6,0,6,127
11/02/2012,CAK,OH,AGL,CE,Combined TRACON& Tower with Radar,41,40,38,0,119,0,1,13,2,16,41,41,51,2,135,14,0,14,149
11/03/2012,CAK,OH,AGL,CE,Combined TRACON& Tower with Radar,40,27,36,6,109,0,1,9,0,10,40,28,45,6,119,11,0,11,130
11/04/2012,CAK,OH,AGL,CE,Combined TRACON& Tower with Radar,45,36,25,0,106,0,2,30,0,32,45,38,55,0,138,61,0,61,199
11/05/2012,CAK,OH,AGL,CE,Combined TRACON& Tower with Radar,44,44,45,1,134,0,0,10,2,12,44,44,55,3,146,39,0,39,185
11/06/2012,CAK,OH,AGL,CE,Combined TRACON& Tower with Radar,46,49,46,2,143,0,1,53,3,57,46,50,99,5,200,78,0,78,278
11/07/2012,CAK,OH,AGL,CE,Combined TRACON& Tower with Radar,40,42,55,3,140,0,0,23,9,32,40,42,78,12,172,46,8,54,226
11/08/2012,CAK,OH,AGL,CE,Combined TRACON& Tower with Radar,45,47,71,0,163,0,0,56,4,60,45,47,127,4,223,87,0,87,310
11/09/2012,CAK,OH,AGL,CE,Combined TRACON& Tower with Radar,48,39,49,2,138,0,2,30,0,32,48,41,79,2,170,30,2,32,202
11/10/2012,CAK,OH,AGL,CE,Combined TRACON& Tower with Radar,43,23,15,2,83,0,2,47,0,49,43,25,62,2,132,124,0,124,256
11/11/2012,CAK,OH,AGL,CE,Combined TRACON& Tower with Radar,45,27,23,0,95,0,3,16,0,19,45,30,39,0,114,86,10,96,210
11/12/2012,CAK,OH,AGL,CE,Combined TRACON& Tower with Radar,46,39,32,1,118,0,2,0,0,2,46,41,32,1,120,9,0,9,129
11/13/2012,CAK,OH,AGL,CE,Combined TRACON& Tower with Radar,44,41,61,0,146,0,0,34,0,34,44,41,95,0,180,70,0,70,250
11/14/2012,CAK,OH,AGL,CE,Combined TRACON& Tower with Radar,43,41,53,1,138,0,3,31,0,34,43,44,84,1,172,109,0,109,281
11/15/2012,CAK,OH,AGL,CE,Combined TRACON& Tower with Radar,45,43,70,3,161,0,0,39,1,40,45,43,109,4,201,140,0,140,341
11/16/2012,CAK,OH,AGL,CE,Combined TRACON& Tower with Radar,51,42,53,0,146,0,1,38,2,41,51,43,91,2,187,59,0,59,246
11/17/2012,CAK,OH,AGL,CE,Combined TRACON& Tower with Radar,47,24,32,2,105,0,2,52,1,55,47,26,84,3,160,56,4,60,220
11/18/2012,CAK,OH,AGL,CE,Combined TRACON& Tower with Radar,50,28,32,1,111,0,2,53,9,64,50,30,85,10,175,62,0,62,237
11/19/2012,CAK,OH,AGL,CE,Combined TRACON& Tower with Radar,44,36,41,2,123,0,1,41,0,42,44,37,82,2,165,72,0,72,237
11/20/2012,CAK,OH,AGL,CE,Combined TRACON& Tower with Radar,51,46,28,9,134,0,7,33,9,49,51,53,61,18,183,109,0,109,292
11/21/2012,CAK,OH,AGL,CE,Combined TRACON& Tower with Radar,52,38,39,0,129,0,1,47,2,50,52,39,86,2,179,98,0,98,277
11/22/2012,CAK,OH,AGL,CE,Combined TRACON& Tower with Radar,34,29,4,0,67,0,3,8,0,11,34,32,12,0,78,12,0,12,90
11/23/2012,CAK,OH,AGL,CE,Combined TRACON& Tower with Radar,38,25,4,0,67,0,0,1,0,1,38,25,5,0,68,3,0,3,71
11/24/2012,CAK,OH,AGL,CE,Combined TRACON& Tower with Radar,47,29,15,0,91,0,0,0,0,0,47,29,15,0,91,4,0,4,95
11/25/2012,CAK,OH,AGL,CE,Combined TRACON& Tower with Radar,48,33,43,0,124,0,0,10,0,10,48,33,53,0,134,13,0,13,147
11/26/2012,CAK,OH,AGL,CE,Combined TRACON& Tower with Radar,50,47,42,1,140,0,1,24,2,27,50,48,66,3,167,145,0,145,312
11/27/2012,CAK,OH,AGL,CE,Combined TRACON& Tower with Radar,47,38,29,4,118,0,1,23,0,24,47,39,52,4,142,67,0,67,209
11/28/2012,CAK,OH,AGL,CE,Combined TRACON& Tower with Radar,43,41,45,1,130,0,0,24,0,24,43,41,69,1,154,96,0,96,250
11/29/2012,CAK,OH,AGL,CE,Combined TRACON& Tower with Radar,43,41,55,4,143,0,2,27,2,31,43,43,82,6,174,48,0,48,222
11/30/2012,CAK,OH,AGL,CE,Combined TRACON& Tower with Radar,42,36,45,4,127,0,2,39,1,42,42,38,84,5,169,61,0,61,230
12/01/2012,CAK,OH,AGL,CE,Combined TRACON& Tower with Radar,40,29,21,0,90,0,2,36,0,38,40,31,57,0,128,14,0,14,142
12/02/2012,CAK,OH,AGL,CE,Combined TRACON& Tower with Radar,43,28,26,1,98,0,0,0,0,0,43,28,26,1,98,8,0,8,106
12/03/2012,CAK,OH,AGL,CE,Combined TRACON& Tower with Radar,43,38,57,0,138,0,0,0,0,0,43,38,57,0,138,22,0,22,160
12/04/2012,CAK,OH,AGL,CE,Combined TRACON& Tower with Radar,42,33,46,1,122,0,2,5,1,8,42,35,51,2,130,37,0,37,167
12/05/2012,CAK,OH,AGL,CE,Combined TRACON& Tower with Radar,42,36,57,2,137,0,0,26,0,26,42,36,83,2,163,61,0,61,224
12/06/2012,CAK,OH,AGL,CE,Combined TRACON& Tower with Radar,48,42,70,1,161,0,5,61,4,70,48,47,131,5,231,109,4,113,344
12/07/2012,CAK,OH,AGL,CE,Combined TRACON& Tower with Radar,42,43,43,0,128,0,0,2,0,2,42,43,45,0,130,10,0,10,140
12/08/2012,CAK,OH,AGL,CE,Combined TRACON& Tower with Radar,42,32,24,0,98,0,0,0,0,0,42,32,24,0,98,25,0,25,123
12/09/2012,CAK,OH,AGL,CE,Combined TRACON& Tower with Radar,47,36,12,0,95,0,0,1,0,1,47,36,13,0,96,7,0,7,103
12/10/2012,CAK,OH,AGL,CE,Combined TRACON& Tower with Radar,44,34,23,0,101,0,0,0,0,0,44,34,23,0,101,1,0,1,102
12/11/2012,CAK,OH,AGL,CE,Combined TRACON& Tower with Radar,43,43,44,1,131,0,2,14,3,19,43,45,58,4,150,11,0,11,161
12/12/2012,CAK,OH,AGL,CE,Combined TRACON& Tower with Radar,42,37,69,0,148,0,1,52,0,53,42,38,121,0,201,106,0,106,307
12/13/2012,CAK,OH,AGL,CE,Combined TRACON& Tower with Radar,43,40,55,0,138,0,0,60,2,62,43,40,115,2,200,92,0,92,292
12/14/2012,CAK,OH,AGL,CE,Combined TRACON& Tower with Radar,41,37,47,3,128,0,0,52,2,54,41,37,99,5,182,90,0,90,272
12/15/2012,CAK,OH,AGL,CE,Combined TRACON& Tower with Radar,40,29,19,0,88,0,0,31,0,31,40,29,50,0,119,48,4,52,171
12/16/2012,CAK,OH,AGL,CE,Combined TRACON& Tower with Radar,44,28,29,0,101,0,0,4,0,4,44,28,33,0,105,66,0,66,171
12/17/2012,CAK,OH,AGL,CE,Combined TRACON& Tower with Radar,47,35,42,0,124,0,0,6,0,6,47,35,48,0,130,13,24,37,167
12/18/2012,CAK,OH,AGL,CE,Combined TRACON& Tower with Radar,44,44,51,2,141,0,0,12,1,13,44,44,63,3,154,12,1,13,167
12/19/2012,CAK,OH,AGL,CE,Combined TRACON& Tower with Radar,42,41,43,0,126,0,0,8,0,8,42,41,51,0,134,34,0,34,168
12/20/2012,CAK,OH,AGL,CE,Combined TRACON& Tower with Radar,41,39,26,0,106,0,0,0,0,0,41,39,26,0,106,11,0,11,117
12/21/2012,CAK,OH,AGL,CE,Combined TRACON& Tower with Radar,45,33,10,0,88,0,0,0,0,0,45,33,10,0,88,11,0,11,99
12/22/2012,CAK,OH,AGL,CE,Combined TRACON& Tower with Radar,46,32,23,0,101,0,0,3,0,3,46,32,26,0,104,9,0,9,113
12/23/2012,CAK,OH,AGL,CE,Combined TRACON& Tower with Radar,43,27,24,0,94,0,1,31,0,32,43,28,55,0,126,74,0,74,200
12/24/2012,CAK,OH,AGL,CE,Combined TRACON& Tower with Radar,42,20,11,0,73,0,0,7,0,7,42,20,18,0,80,8,0,8,88
12/25/2012,CAK,OH,AGL,CE,Combined TRACON& Tower with Radar,39,25,5,0,69,0,0,1,0,1,39,25,6,0,70,2,0,2,72
12/26/2012,CAK,OH,AGL,CE,Combined TRACON& Tower with Radar,22,11,12,0,45,0,0,0,0,0,22,11,12,0,45,3,0,3,48
12/27/2012,CAK,OH,AGL,CE,Combined TRACON& Tower with Radar,46,42,17,0,105,0,0,1,0,1,46,42,18,0,106,7,12,19,125
12/28/2012,CAK,OH,AGL,CE,Combined TRACON& Tower with Radar,42,33,24,0,99,0,1,15,2,18,42,34,39,2,117,45,28,73,190
12/29/2012,CAK,OH,AGL,CE,Combined TRACON& Tower with Radar,41,27,15,0,83,0,0,0,0,0,41,27,15,0,83,23,0,23,106
12/30/2012,CAK,OH,AGL,CE,Combined TRACON& Tower with Radar,43,30,13,0,86,0,0,0,0,0,43,30,13,0,86,3,0,3,89
12/31/2012,CAK,OH,AGL,CE,Combined TRACON& Tower with Radar,43,26,12,0,81,0,0,16,0,16,43,26,28,0,97,11,0,11,108
01/01/2013,CAK,OH,AGL,CE,Combined TRACON& Tower with Radar,38,22,7,0,67,0,4,2,0,6,38,26,9,0,73,14,0,14,87
01/02/2013,CAK,OH,AGL,CE,Combined TRACON& Tower with Radar,48,38,21,1,108,0,2,11,1,14,48,40,32,2,122,30,0,30,152
01/03/2013,CAK,OH,AGL,CE,Combined TRACON& Tower with Radar,43,38,28,0,109,0,1,20,0,21,43,39,48,0,130,68,0,68,198
01/04/2013,CAK,OH,AGL,CE,Combined TRACON& Tower with Radar,43,44,20,1,108,0,1,3,3,7,43,45,23,4,115,6,0,6,121
01/05/2013,CAK,OH,AGL,CE,Combined TRACON& Tower with Radar,44,23,30,1,98,0,1,28,3,32,44,24,58,4,130,55,0,55,185
01/06/2013,CAK,OH,AGL,CE,Combined TRACON& Tower with Radar,43,33,16,1,93,0,0,11,3,14,43,33,27,4,107,26,8,34,141
01/07/2013,CAK,OH,AGL,CE,Combined TRACON& Tower with Radar,44,43,35,0,122,0,1,21,2,24,44,44,56,2,146,34,16,50,196
01/08/2013,CAK,OH,AGL,CE,Combined TRACON& Tower with Radar,41,35,36,3,115,0,1,47,15,63,41,36,83,18,178,65,0,65,243
01/09/2013,CAK,OH,AGL,CE,Combined TRACON& Tower with Radar,42,35,39,0,116,0,0,7,3,10,42,35,46,3,126,9,0,9,135
01/10/2013,CAK,OH,AGL,CE,Combined TRACON& Tower with Radar,40,42,56,1,139,0,3,32,3,38,40,45,88,4,177,67,0,67,244
01/11/2013,CAK,OH,AGL,CE,Combined TRACON& Tower with Radar,42,37,18,0,97,0,0,1,0,1,42,37,19,0,98,7,0,7,105
01/12/2013,CAK,OH,AGL,CE,Combined TRACON& Tower with Radar,38,24,27,0,89,0,1,15,0,16,38,25,42,0,105,12,0,12,117
01/13/2013,CAK,OH,AGL,CE,Combined TRACON& Tower with Radar,39,31,17,0,87,0,0,2,0,2,39,31,19,0,89,21,0,21,110
01/14/2013,CAK,OH,AGL,CE,Combined TRACON& Tower with Radar,41,31,33,3,108,0,1,6,3,10,41,32,39,6,118,8,0,8,126
01/15/2013,CAK,OH,AGL,CE,Combined TRACON& Tower with Radar,41,33,44,0,118,0,4,15,2,21,41,37,59,2,139,27,2,29,168
01/16/2013,CAK,OH,AGL,CE,Combined TRACON& Tower with Radar,36,40,37,4,117,0,0,14,4,18,36,40,51,8,135,17,10,27,162
01/17/2013,CAK,OH,AGL,CE,Combined TRACON& Tower with Radar,36,40,39,0,115,0,1,16,0,17,36,41,55,0,132,24,0,24,156
01/18/2013,CAK,OH,AGL,CE,Combined TRACON& Tower with Radar,39,42,20,5,106,0,1,17,1,19,39,43,37,6,125,55,4,59,184
01/19/2013,CAK,OH,AGL,CE,Combined TRACON& Tower with Radar,34,26,14,0,74,0,0,8,0,8,34,26,22,0,82,24,0,24,106
01/20/2013,CAK,OH,AGL,CE,Combined TRACON& Tower with Radar,37,20,10,0,67,0,0,2,0,2,37,20,12,0,69,6,0,6,75
01/21/2013,CAK,OH,AGL,CE,Combined TRACON& Tower with Radar,37,29,17,0,83,0,2,7,0,9,37,31,24,0,92,7,0,7,99
01/22/2013,CAK,OH,AGL,CE,Combined TRACON& Tower with Radar,42,34,29,1,106,0,0,2,1,3,42,34,31,2,109,13,0,13,122
01/23/2013,CAK,OH,AGL,CE,Combined TRACON& Tower with Radar,40,38,27,2,107,0,1,8,1,10,40,39,35,3,117,5,0,5,122
01/24/2013,CAK,OH,AGL,CE,Combined TRACON& Tower with Radar,42,44,16,1,103,0,0,8,3,11,42,44,24,4,114,94,0,94,208
01/25/2013,CAK,OH,AGL,CE,Combined TRACON& Tower with Radar,39,46,14,0,99,0,1,1,0,2,39,47,15,0,101,35,0,35,136
01/26/2013,CAK,OH,AGL,CE,Combined TRACON& Tower with Radar,37,24,10,0,71,0,0,1,0,1,37,24,11,0,72,5,0,5,77
01/27/2013,CAK,OH,AGL,CE,Combined TRACON& Tower with Radar,42,36,30,0,108,0,1,46,0,47,42,37,76,0,155,90,0,90,245
01/28/2013,CAK,OH,AGL,CE,Combined TRACON& Tower with Radar,42,31,27,0,100,0,0,0,0,0,42,31,27,0,100,2,0,2,102
01/29/2013,CAK,OH,AGL,CE,Combined TRACON& Tower with Radar,41,42,36,2,121,0,0,4,4,8,41,42,40,6,129,14,4,18,147
01/30/2013,CAK,OH,AGL,CE,Combined TRACON& Tower with Radar,38,39,29,0,106,0,0,2,0,2,38,39,31,0,108,12,0,12,120
01/31/2013,CAK,OH,AGL,CE,Combined TRACON& Tower with Radar,46,45,29,3,123,0,0,0,0,0,46,45,29,3,123,10,0,10,133
02/01/2013,CAK,OH,AGL,CE,Combined TRACON& Tower with Radar,42,35,17,1,95,0,5,8,4,17,42,40,25,5,112,13,0,13,125
02/02/2013,CAK,OH,AGL,CE,Combined TRACON& Tower with Radar,36,28,10,0,74,0,0,0,0,0,36,28,10,0,74,5,0,5,79
02/03/2013,CAK,OH,AGL,CE,Combined TRACON& Tower with Radar,43,28,9,0,80,0,0,4,1,5,43,28,13,1,85,7,0,7,92
02/04/2013,CAK,OH,AGL,CE,Combined TRACON& Tower with Radar,40,41,23,1,105,0,0,0,1,1,40,41,23,2,106,6,0,6,112
02/05/2013,CAK,OH,AGL,CE,Combined TRACON& Tower with Radar,43,42,64,1,150,0,0,2,1,3,43,42,66,2,153,6,0,6,159
02/06/2013,CAK,OH,AGL,CE,Combined TRACON& Tower with Radar,42,43,41,1,127,0,3,34,6,43,42,46,75,7,170,121,40,161,331
02/07/2013,CAK,OH,AGL,CE,Combined TRACON& Tower with Radar,42,41,59,4,146,0,5,30,6,41,42,46,89,10,187,86,0,86,273
02/08/2013,CAK,OH,AGL,CE,Combined TRACON& Tower with Radar,38,45,29,0,112,0,0,3,0,3,38,45,32,0,115,5,0,5,120
02/09/2013,CAK,OH,AGL,CE,Combined TRACON& Tower with Radar,34,20,27,0,81,0,0,21,0,21,34,20,48,0,102,38,4,42,144
02/10/2013,CAK,OH,AGL,CE,Combined TRACON& Tower with Radar,41,28,43,0,112,0,2,54,2,58,41,30,97,2,170,48,0,48,218
02/11/2013,CAK,OH,AGL,CE,Combined TRACON& Tower with Radar,43,33,13,0,89,0,0,2,0,2,43,33,15,0,91,3,0,3,94
02/12/2013,CAK,OH,AGL,CE,Combined TRACON& Tower with Radar,41,36,44,2,123,0,0,24,6,30,41,36,68,8,153,42,0,42,195
02/13/2013,CAK,OH,AGL,CE,Combined TRACON& Tower with Radar,42,37,34,5,118,0,2,30,7,39,42,39,64,12,157,100,0,100,257
02/14/2013,CAK,OH,AGL,CE,Combined TRACON& Tower with Radar,40,39,45,1,125,0,0,0,2,2,40,39,45,3,127,4,0,4,131
02/15/2013,CAK,OH,AGL,CE,Combined TRACON& Tower with Radar,44,36,38,0,118,0,0,7,0,7,44,36,45,0,125,35,0,35,160
02/16/2013,CAK,OH,AGL,CE,Combined TRACON& Tower with Radar,37,23,15,2,77,0,0,6,0,6,37,23,21,2,83,28,0,28,111
02/17/2013,CAK,OH,AGL,CE,Combined TRACON& Tower with Radar,43,26,24,0,93,0,0,2,0,2,43,26,26,0,95,28,0,28,123
02/18/2013,CAK,OH,AGL,CE,Combined TRACON& Tower with Radar,44,46,29,0,119,0,3,27,0,30,44,49,56,0,149,80,0,80,229
02/19/2013,CAK,OH,AGL,CE,Combined TRACON& Tower with Radar,44,38,25,0,107,0,0,1,0,1,44,38,26,0,108,4,0,4,112
02/20/2013,CAK,OH,AGL,CE,Combined TRACON& Tower with Radar,44,34,39,0,117,0,1,0,0,1,44,35,39,0,118,52,0,52,170
02/21/2013,CAK,OH,AGL,CE,Combined TRACON& Tower with Radar,43,43,52,1,139,0,2,14,4,20,43,45,66,5,159,59,0,59,218
02/22/2013,CAK,OH,AGL,CE,Combined TRACON& Tower with Radar,43,32,29,0,104,0,0,1,0,1,43,32,30,0,105,9,0,9,114
02/23/2013,CAK,OH,AGL,CE,Combined TRACON& Tower with Radar,39,35,21,2,97,0,0,16,0,16,39,35,37,2,113,35,0,35,148
02/24/2013,CAK,OH,AGL,CE,Combined TRACON& Tower with Radar,42,30,35,0,107,0,0,20,0,20,42,30,55,0,127,44,0,44,171
02/25/2013,CAK,OH,AGL,CE,Combined TRACON& Tower with Radar,44,36,51,0,131,0,1,56,5,62,44,37,107,5,193,132,10,142,335
02/26/2013,CAK,OH,AGL,CE,Combined TRACON& Tower with Radar,42,44,27,1,114,0,0,1,2,3,42,44,28,3,117,9,0,9,126
02/27/2013,CAK,OH,AGL,CE,Combined TRACON& Tower with Radar,44,45,25,0,114,0,0,2,0,2,44,45,27,0,116,4,20,24,140
02/28/2013,CAK,OH,AGL,CE,Combined TRACON& Tower with Radar,42,42,45,0,129,0,0,0,0,0,42,42,45,0,129,12,0,12,141
03/01/2013,CAK,OH,AGL,CE,Combined TRACON& Tower with Radar,45,37,30,0,112,0,0,2,1,3,45,37,32,1,115,2,0,2,117
03/02/2013,CAK,OH,AGL,CE,Combined TRACON& Tower with Radar,40,32,8,0,80,0,0,0,0,0,40,32,8,0,80,5,0,5,85
03/03/2013,CAK,OH,AGL,CE,Combined TRACON& Tower with Radar,43,30,10,0,83,0,0,0,0,0,43,30,10,0,83,1,0,1,84
03/04/2013,CAK,OH,AGL,CE,Combined TRACON& Tower with Radar,45,36,47,0,128,0,1,34,0,35,45,37,81,0,163,97,0,97,260
03/05/2013,CAK,OH,AGL,CE,Combined TRACON& Tower with Radar,43,36,40,1,120,0,0,19,10,29,43,36,59,11,149,30,6,36,185
03/06/2013,CAK,OH,AGL,CE,Combined TRACON& Tower with Radar,43,39,27,1,110,0,0,6,1,7,43,39,33,2,117,21,0,21,138
03/07/2013,CAK,OH,AGL,CE,Combined TRACON& Tower with Radar,44,36,35,0,115,0,0,7,2,9,44,36,42,2,124,3,0,3,127
03/08/2013,CAK,OH,AGL,CE,Combined TRACON& Tower with Radar,41,46,43,2,132,0,0,16,6,22,41,46,59,8,154,73,0,73,227
03/09/2013,CAK,OH,AGL,CE,Combined TRACON& Tower with Radar,45,30,44,2,121,0,1,45,8,54,45,31,89,10,175,230,12,242,417
03/10/2013,CAK,OH,AGL,CE,Combined TRACON& Tower with Radar,42,30,17,3,92,0,2,18,5,25,42,32,35,8,117,99,13,112,229
03/11/2013,CAK,OH,AGL,CE,Combined TRACON& Tower with Radar,44,38,25,1,108,0,0,10,5,15,44,38,35,6,123,8,0,8,131
03/12/2013,CAK,OH,AGL,CE,Combined TRACON& Tower with Radar,48,40,32,4,124,0,0,7,8,15,48,40,39,12,139,13,10,23,162
03/13/2013,CAK,OH,AGL,CE,Combined TRACON& Tower with Radar,48,48,30,1,127,0,0,2,5,7,48,48,32,6,134,8,0,8,142
03/14/2013,CAK,OH,AGL,CE,Combined TRACON& Tower with Radar,48,43,35,4,130,0,0,44,6,50,48,43,79,10,180,116,2,118,298
03/15/2013,CAK,OH,AGL,CE,Combined TRACON& Tower with Radar,46,35,30,3,114,0,1,14,5,20,46,36,44,8,134,73,0,73,207
03/16/2013,CAK,OH,AGL,CE,Combined TRACON& Tower with Radar,44,35,14,0,93,0,0,0,0,0,44,35,14,0,93,16,0,16,109
03/17/2013,CAK,OH,AGL,CE,Combined TRACON& Tower with Radar,42,26,29,0,97,0,0,21,0,21,42,26,50,0,118,23,0,23,141
03/18/2013,CAK,OH,AGL,CE,Combined TRACON& Tower with Radar,40,39,6,0,85,0,0,1,0,1,40,39,7,0,86,5,0,5,91
03/19/2013,CAK,OH,AGL,CE,Combined TRACON& Tower with Radar,50,49,28,2,129,0,0,0,6,6,50,49,28,8,135,12,0,12,147
03/20/2013,CAK,OH,AGL,CE,Combined TRACON& Tower with Radar,46,46,25,5,122,0,3,13,3,19,46,49,38,8,141,23,2,25,166
03/21/2013,CAK,OH,AGL,CE,Combined TRACON& Tower with Radar,46,44,33,2,125,0,0,2,0,2,46,44,35,2,127,26,8,34,161
03/22/2013,CAK,OH,AGL,CE,Combined TRACON& Tower with Radar,44,40,51,0,135,0,1,14,0,15,44,41,65,0,150,60,0,60,210
03/23/2013,CAK,OH,AGL,CE,Combined TRACON& Tower with Radar,41,28,33,0,102,0,0,47,0,47,41,28,80,0,149,57,0,57,206
03/24/2013,CAK,OH,AGL,CE,Combined TRACON& Tower with Radar,43,31,14,0,88,0,0,15,0,15,43,31,29,0,103,26,4,30,133
03/25/2013,CAK,OH,AGL,CE,Combined TRACON& Tower with Radar,45,32,9,0,86,0,0,0,0,0,45,32,9,0,86,4,0,4,90
03/26/2013,CAK,OH,AGL,CE,Combined TRACON& Tower with Radar,48,42,23,4,117,0,0,0,8,8,48,42,23,12,125,19,20,39,164
03/27/2013,CAK,OH,AGL,CE,Combined TRACON& Tower with Radar,44,45,50,4,143,0,0,15,4,19,44,45,65,8,162,24,2,26,188
03/28/2013,CAK,OH,AGL,CE,Combined TRACON& Tower with Radar,48,42,42,5,137,0,2,17,2,21,48,44,59,7,158,107,0,107,265
03/29/2013,CAK,OH,AGL,CE,Combined TRACON& Tower with Radar,46,38,31,2,117,0,0,45,0,45,46,38,76,2,162,59,0,59,221
03/30/2013,CAK,OH,AGL,CE,Combined TRACON& Tower with Radar,42,26,29,0,97,0,3,40,0,43,42,29,69,0,140,31,4,35,175
03/31/2013,CAK,OH,AGL,CE,Combined TRACON& Tower with Radar,42,31,12,0,85,0,0,5,0,5,42,31,17,0,90,11,0,11,101
04/01/2013,CAK,OH,AGL,CE,Combined TRACON& Tower with Radar,46,40,33,0,119,0,1,14,0,15,46,41,47,0,134,24,0,24,158
04/02/2013,CAK,OH,AGL,CE,Combined TRACON& Tower with Radar,48,35,23,1,107,0,0,28,7,35,48,35,51,8,142,99,2,101,243
04/03/2013,CAK,OH,AGL,CE,Combined TRACON& Tower with Radar,47,40,42,5,134,0,0,29,3,32,47,40,71,8,166,191,0,191,357
04/04/2013,CAK,OH,AGL,CE,Combined TRACON& Tower with Radar,50,36,44,3,133,0,1,33,1,35,50,37,77,4,168,65,18,83,251
04/05/2013,CAK,OH,AGL,CE,Combined TRACON& Tower with Radar,49,47,59,2,157,0,1,33,4,38,49,48,92,6,195,143,8,151,346
04/06/2013,CAK,OH,AGL,CE,Combined TRACON& Tower with Radar,42,30,36,14,122,0,7,36,13,56,42,37,72,27,178,66,44,110,288
04/07/2013,CAK,OH,AGL,CE,Combined TRACON& Tower with Radar,46,30,31,2,109,0,0,8,4,12,46,30,39,6,121,39,2,41,162
04/08/2013,CAK,OH,AGL,CE,Combined TRACON& Tower with Radar,46,43,34,1,124,0,0,16,5,21,46,43,50,6,145,59,0,59,204
04/09/2013,CAK,OH,AGL,CE,Combined TRACON& Tower with Radar,42,43,55,2,142,0,2,27,6,35,42,45,82,8,177,110,0,110,287
04/10/2013,CAK,OH,AGL,CE,Combined TRACON& Tower with Radar,48,39,26,1,114,0,0,11,3,14,48,39,37,4,128,20,0,20,148
04/11/2013,CAK,OH,AGL,CE,Combined TRACON& Tower with Radar,49,52,43,0,144,0,0,0,0,0,49,52,43,0,144,13,0,13,157
04/12/2013,CAK,OH,AGL,CE,Combined TRACON& Tower with Radar,45,46,36,1,128,0,0,1,1,2,45,46,37,2,130,20,0,20,150
04/13/2013,CAK,OH,AGL,CE,Combined TRACON& Tower with Radar,39,28,22,0,89,0,0,20,0,20,39,28,42,0,109,40,0,40,149
04/14/2013,CAK,OH,AGL,CE,Combined TRACON& Tower with Radar,41,32,36,0,109,0,1,48,0,49,41,33,84,0,158,159,0,159,317
04/15/2013,CAK,OH,AGL,CE,Combined TRACON& Tower with Radar,40,49,59,0,148,0,1,32,0,33,40,50,91,0,181,172,0,172,353
04/16/2013,CAK,OH,AGL,CE,Combined TRACON& Tower with Radar,42,42,48,0,132,0,0,2,2,4,42,42,50,2,136,45,0,45,181
04/17/2013,CAK,OH,AGL,CE,Combined TRACON& Tower with Radar,41,46,63,4,154,0,1,32,6,39,41,47,95,10,193,72,0,72,265
04/18/2013,CAK,OH,AGL,CE,Combined TRACON& Tower with Radar,42,34,36,3,115,0,1,7,3,11,42,35,43,6,126,29,0,29,155
04/19/2013,CAK,OH,AGL,CE,Combined TRACON& Tower with Radar,42,38,24,0,104,0,0,0,0,0,42,38,24,0,104,5,0,5,109
04/20/2013,CAK,OH,AGL,CE,Combined TRACON& Tower with Radar,35,30,21,1,87,0,0,22,3,25,35,30,43,4,112,27,2,29,141
04/21/2013,CAK,OH,AGL,CE,Combined TRACON& Tower with Radar,40,34,36,0,110,0,1,69,0,70,40,35,105,0,180,133,0,133,313
04/22/2013,CAK,OH,AGL,CE,Combined TRACON& Tower with Radar,42,38,36,2,118,0,3,59,0,62,42,41,95,2,180,160,0,160,340
04/23/2013,CAK,OH,AGL,CE,Combined TRACON& Tower with Radar,40,36,57,2,135,0,1,34,4,39,40,37,91,6,174,69,0,69,243
04/24/2013,CAK,OH,AGL,CE,Combined TRACON& Tower with Radar,41,44,28,0,113,0,0,0,0,0,41,44,28,0,113,14,2,16,129
04/25/2013,CAK,OH,AGL,CE,Combined TRACON& Tower with Radar,41,46,47,1,135,0,3,21,5,29,41,49,68,6,164,40,0,40,204
04/26/2013,CAK,OH,AGL,CE,Combined TRACON& Tower with Radar,40,39,40,0,119,0,2,58,0,60,40,41,98,0,179,114,0,114,293
04/27/2013,CAK,OH,AGL,CE,Combined TRACON& Tower with Radar,35,32,36,0,103,0,4,59,0,63,35,36,95,0,166,152,0,152,318
04/28/2013,CAK,OH,AGL,CE,Combined TRACON& Tower with Radar,39,27,46,0,112,0,0,3,0,3,39,27,49,0,115,44,0,44,159
04/29/2013,CAK,OH,AGL,CE,Combined TRACON& Tower with Radar,41,38,47,0,126,0,1,7,0,8,41,39,54,0,134,29,0,29,163
04/30/2013,CAK,OH,AGL,CE,Combined TRACON& Tower with Radar,40,46,47,0,133,0,3,57,2,62,40,49,104,2,195,152,6,158,353
05/01/2013,CAK,OH,AGL,CE,Combined TRACON& Tower with Radar,44,37,55,1,137,0,2,54,1,57,44,39,109,2,194,85,0,85,279
05/02/2013,CAK,OH,AGL,CE,Combined TRACON& Tower with Radar,44,41,41,6,132,0,1,54,3,58,44,42,95,9,190,121,4,125,315
05/03/2013,CAK,OH,AGL,CE,Combined TRACON& Tower with Radar,44,34,26,0,104,0,2,27,0,29,44,36,53,0,133,55,1,56,189
05/04/2013,CAK,OH,AGL,CE,Combined TRACON& Tower with Radar,35,31,29,2,97,0,1,30,8,39,35,32,59,10,136,50,6,56,192
05/05/2013,CAK,OH,AGL,CE,Combined TRACON& Tower with Radar,43,28,18,5,94,0,3,37,5,45,43,31,55,10,139,38,0,38,177
05/06/2013,CAK,OH,AGL,CE,Combined TRACON& Tower with Radar,44,38,38,1,121,0,1,47,1,49,44,39,85,2,170,25,4,29,199
05/07/2013,CAK,OH,AGL,CE,Combined TRACON& Tower with Radar,45,47,46,4,142,0,0,32,8,40,45,47,78,12,182,51,0,51,233
05/08/2013,CAK,OH,AGL,CE,Combined TRACON& Tower with Radar,46,40,52,16,154,0,0,20,11,31,46,40,72,27,185,95,0,95,280
05/09/2013,CAK,OH,AGL,CE,Combined TRACON& Tower with Radar,39,50,43,5,137,0,0,40,3,43,39,50,83,8,180,84,4,88,268
05/10/2013,CAK,OH,AGL,CE,Combined TRACON& Tower with Radar,45,44,30,2,121,0,0,9,2,11,45,44,39,4,132,46,0,46,178
05/11/2013,CAK,OH,AGL,CE,Combined TRACON& Tower with Radar,34,28,22,1,85,0,0,0,0,0,34,28,22,1,85,7,0,7,92
05/12/2013,CAK,OH,AGL,CE,Combined TRACON& Tower with Radar,42,32,15,0,89,0,0,5,0,5,42,32,20,0,94,4,0,4,98
05/13/2013,CAK,OH,AGL,CE,Combined TRACON& Tower with Radar,42,39,43,4,128,0,2,40,0,42,42,41,83,4,170,93,0,93,263
05/14/2013,CAK,OH,AGL,CE,Combined TRACON& Tower with Radar,43,47,50,3,143,0,0,38,2,40,43,47,88,5,183,104,0,104,287
05/15/2013,CAK,OH,AGL,CE,Combined TRACON& Tower with Radar,46,48,30,1,125,0,2,15,1,18,46,50,45,2,143,12,28,40,183
05/16/2013,CAK,OH,AGL,CE,Combined TRACON& Tower with Radar,44,45,53,0,142,0,1,53,8,62,44,46,106,8,204,168,2,170,374
05/17/2013,CAK,OH,AGL,CE,Combined TRACON& Tower with Radar,43,43,59,1,146,0,2,24,1,27,43,45,83,2,173,64,0,64,237
05/18/2013,CAK,OH,AGL,CE,Combined TRACON& Tower with Radar,37,30,30,0,97,0,2,31,0,33,37,32,61,0,130,37,0,37,167
05/19/2013,CAK,OH,AGL,CE,Combined TRACON& Tower with Radar,45,31,42,0,118,0,3,44,0,47,45,34,86,0,165,116,0,116,281
05/20/2013,CAK,OH,AGL,CE,Combined TRACON& Tower with Radar,41,33,63,0,137,0,2,31,0,33,41,35,94,0,170,106,0,106,276
05/21/2013,CAK,OH,AGL,CE,Combined TRACON& Tower with Radar,45,46,52,4,147,0,0,16,7,23,45,46,68,11,170,101,8,109,279
05/22/2013,CAK,OH,AGL,CE,Combined TRACON& Tower with Radar,37,49,33,1,120,0,1,10,3,14,37,50,43,4,134,26,0,26,160
05/23/2013,CAK,OH,AGL,CE,Combined TRACON& Tower with Radar,42,39,33,4,118,0,0,4,5,9,42,39,37,9,127,25,18,43,170
05/24/2013,CAK,OH,AGL,CE,Combined TRACON& Tower with Radar,45,47,40,1,133,0,0,19,0,19,45,47,59,1,152,35,0,35,187
05/25/2013,CAK,OH,AGL,CE,Combined TRACON& Tower with Radar,34,28,25,2,89,0,1,38,0,39,34,29,63,2,128,94,0,94,222
05/26/2013,CAK,OH,AGL,CE,Combined TRACON& Tower with Radar,39,25,29,0,93,0,2,46,0,48,39,27,75,0,141,112,0,112,253
05/27/2013,CAK,OH,AGL,CE,Combined TRACON& Tower with Radar,44,36,27,0,107,0,3,35,0,38,44,39,62,0,145,14,0,14,159
05/28/2013,CAK,OH,AGL,CE,Combined TRACON& Tower with Radar,43,43,39,0,125,0,0,17,2,19,43,43,56,2,144,102,1,103,247
05/29/2013,CAK,OH,AGL,CE,Combined TRACON& Tower with Radar,45,48,58,0,151,0,0,35,4,39,45,48,93,4,190,49,0,49,239
05/30/2013,CAK,OH,AGL,CE,Combined TRACON& Tower with Radar,43,43,62,1,149,0,0,67,1,68,43,43,129,2,217,63,0,63,280
05/31/2013,CAK,OH,AGL,CE,Combined TRACON& Tower with Radar,49,46,35,0,130,0,1,32,0,33,49,47,67,0,163,23,0,23,186
06/01/2013,CAK,OH,AGL,CE,Combined TRACON& Tower with Radar,33,31,16,1,81,0,4,15,5,24,33,35,31,6,105,25,0,25,130
06/02/2013,CAK,OH,AGL,CE,Combined TRACON& Tower with Radar,37,33,14,4,88,0,2,12,4,18,37,35,26,8,106,5,4,9,115
06/03/2013,CAK,OH,AGL,CE,Combined TRACON& Tower with Radar,44,49,49,0,142,0,0,28,0,28,44,49,77,0,170,21,0,21,191
06/04/2013,CAK,OH,AGL,CE,Combined TRACON& Tower with Radar,42,57,66,2,167,0,0,50,8,58,42,57,116,10,225,67,0,67,292
06/05/2013,CAK,OH,AGL,CE,Combined TRACON& Tower with Radar,44,47,55,3,149,0,0,29,7,36,44,47,84,10,185,20,0,20,205
06/06/2013,CAK,OH,AGL,CE,Combined TRACON& Tower with Radar,43,70,45,2,160,0,0,0,0,0,43,70,45,2,160,15,0,15,175
06/07/2013,CAK,OH,AGL,CE,Combined TRACON& Tower with Radar,43,42,42,2,129,0,0,9,0,9,43,42,51,2,138,62,52,114,252
06/08/2013,CAK,OH,AGL,CE,Combined TRACON& Tower with Radar,39,32,46,0,117,0,0,25,4,29,39,32,71,4,146,64,0,64,210
06/09/2013,CAK,OH,AGL,CE,Combined TRACON& Tower with Radar,42,32,40,0,114,0,0,59,0,59,42,32,99,0,173,89,0,89,262
06/10/2013,CAK,OH,AGL,CE,Combined TRACON& Tower with Radar,44,44,36,0,124,0,1,5,0,6,44,45,41,0,130,77,0,77,207
06/11/2013,CAK,OH,AGL,CE,Combined TRACON& Tower with Radar,42,51,50,6,149,0,1,34,18,53,42,52,84,24,202,58,0,58,260
06/12/2013,CAK,OH,AGL,CE,Combined TRACON& Tower with Radar,45,47,61,3,156,0,0,24,5,29,45,47,85,8,185,73,4,77,262
06/13/2013,CAK,OH,AGL,CE,Combined TRACON& Tower with Radar,33,46,44,1,124,0,0,4,1,5,33,46,48,2,129,13,28,41,170
06/14/2013,CAK,OH,AGL,CE,Combined TRACON& Tower with Radar,44,42,54,5,145,0,2,30,7,39,44,44,84,12,184,61,21,82,266
06/15/2013,CAK,OH,AGL,CE,Combined TRACON& Tower with Radar,42,38,29,0,109,0,1,45,0,46,42,39,74,0,155,105,0,105,260
06/16/2013,CAK,OH,AGL,CE,Combined TRACON& Tower with Radar,41,32,27,0,100,0,0,13,0,13,41,32,40,0,113,74,0,74,187
06/17/2013,CAK,OH,AGL,CE,Combined TRACON& Tower with Radar,40,40,29,2,111,0,0,17,2,19,40,40,46,4,130,45,0,45,175
06/18/2013,CAK,OH,AGL,CE,Combined TRACON& Tower with Radar,43,49,57,11,160,0,1,17,7,25,43,50,74,18,185,105,0,105,290
06/19/2013,CAK,OH,AGL,CE,Combined TRACON& Tower with Radar,49,55,46,5,155,0,0,52,7,59,49,55,98,12,214,89,4,93,307
06/20/2013,CAK,OH,AGL,CE,Combined TRACON& Tower with Radar,43,48,52,6,149,0,3,58,7,68,43,51,110,13,217,140,2,142,359
06/21/2013,CAK,OH,AGL,CE,Combined TRACON& Tower with Radar,44,35,40,4,123,0,2,42,3,47,44,37,82,7,170,125,8,133,303
06/22/2013,CAK,OH,AGL,CE,Combined TRACON& Tower with Radar,46,39,28,0,113,0,1,21,0,22,46,40,49,0,135,27,20,47,182
06/23/2013,CAK,OH,AGL,CE,Combined TRACON& Tower with Radar,42,33,21,0,96,0,1,46,0,47,42,34,67,0,143,95,0,95,238
06/24/2013,CAK,OH,AGL,CE,Combined TRACON& Tower with Radar,41,45,28,0,114,0,0,45,0,45,41,45,73,0,159,31,0,31,190
06/25/2013,CAK,OH,AGL,CE,Combined TRACON& Tower with Radar,46,49,41,3,139,0,0,23,3,26,46,49,64,6,165,17,0,17,182
06/26/2013,CAK,OH,AGL,CE,Combined TRACON& Tower with Radar,48,47,55,0,150,0,0,18,0,18,48,47,73,0,168,63,0,63,231
06/27/2013,CAK,OH,AGL,CE,Combined TRACON& Tower with Radar,42,46,46,0,134,0,0,4,0,4,42,46,50,0,138,64,0,64,202
06/28/2013,CAK,OH,AGL,CE,Combined TRACON& Tower with Radar,46,43,38,0,127,0,0,10,2,12,46,43,48,2,139,21,0,21,160
06/29/2013,CAK,OH,AGL,CE,Combined TRACON& Tower with Radar,41,37,48,0,126,0,1,47,0,48,41,38,95,0,174,154,0,154,328
06/30/2013,CAK,OH,AGL,CE,Combined TRACON& Tower with Radar,45,35,51,3,134,0,3,10,1,14,45,38,61,4,148,52,0,52,200
07/01/2013,CAK,OH,AGL,CE,Combined TRACON& Tower with Radar,42,38,27,4,111,0,5,2,1,8,42,43,29,5,119,20,0,20,139
07/02/2013,CAK,OH,AGL,CE,Combined TRACON& Tower with Radar,42,34,31,1,108,0,0,25,1,26,42,34,56,2,134,38,0,38,172
07/03/2013,CAK,OH,AGL,CE,Combined TRACON& Tower with Radar,48,42,23,7,120,0,0,28,9,37,48,42,51,16,157,77,0,77,234
07/04/2013,CAK,OH,AGL,CE,Combined TRACON& Tower with Radar,44,38,16,2,100,0,0,1,0,1,44,38,17,2,101,27,0,27,128
07/05/2013,CAK,OH,AGL,CE,Combined TRACON& Tower with Radar,40,33,25,0,98,0,0,4,0,4,40,33,29,0,102,21,0,21,123
07/06/2013,CAK,OH,AGL,CE,Combined TRACON& Tower with Radar,41,32,30,0,103,0,4,11,0,15,41,36,41,0,118,49,0,49,167
07/07/2013,CAK,OH,AGL,CE,Combined TRACON& Tower with Radar,42,39,38,0,119,0,0,30,1,31,42,39,68,1,150,8,0,8,158
07/08/2013,CAK,OH,AGL,CE,Combined TRACON& Tower with Radar,44,45,31,0,120,0,0,23,0,23,44,45,54,0,143,112,0,112,255
07/09/2013,CAK,OH,AGL,CE,Combined TRACON& Tower with Radar,45,51,46,0,142,0,0,8,0,8,45,51,54,0,150,18,0,18,168
07/10/2013,CAK,OH,AGL,CE,Combined TRACON& Tower with Radar,44,35,30,2,111,0,0,9,2,11,44,35,39,4,122,61,0,61,183
07/11/2013,CAK,OH,AGL,CE,Combined TRACON& Tower with Radar,39,47,65,0,151,0,1,58,2,61,39,48,123,2,212,181,20,201,413
07/12/2013,CAK,OH,AGL,CE,Combined TRACON& Tower with Radar,43,49,48,0,140,0,5,53,0,58,43,54,101,0,198,90,0,90,288
07/13/2013,CAK,OH,AGL,CE,Combined TRACON& Tower with Radar,42,37,38,5,122,0,2,33,3,38,42,39,71,8,160,107,6,113,273
07/14/2013,CAK,OH,AGL,CE,Combined TRACON& Tower with Radar,40,32,33,0,105,0,3,29,0,32,40,35,62,0,137,68,0,68,205
07/15/2013,CAK,OH,AGL,CE,Combined TRACON& Tower with Radar,46,42,47,0,135,0,3,61,4,68,46,45,108,4,203,139,23,162,365
07/16/2013,CAK,OH,AGL,CE,Combined TRACON& Tower with Radar,44,48,48,0,140,0,0,44,6,50,44,48,92,6,190,148,0,148,338
07/17/2013,CAK,OH,AGL,CE,Combined TRACON& Tower with Radar,41,44,64,3,152,0,0,32,1,33,41,44,96,4,185,96,0,96,281
07/18/2013,CAK,OH,AGL,CE,Combined TRACON& Tower with Radar,46,51,51,2,150,0,1,35,5,41,46,52,86,7,191,37,10,47,238
07/19/2013,CAK,OH,AGL,CE,Combined TRACON& Tower with Radar,43,44,58,0,145,0,3,41,0,44,43,47,99,0,189,69,6,75,264
07/20/2013,CAK,OH,AGL,CE,Combined TRACON& Tower with Radar,44,34,28,2,108,0,2,4,0,6,44,36,32,2,114,47,0,47,161
07/21/2013,CAK,OH,AGL,CE,Combined TRACON& Tower with Radar,39,36,34,2,111,0,1,16,0,17,39,37,50,2,128,34,0,34,162
07/22/2013,CAK,OH,AGL,CE,Combined TRACON& Tower with Radar,42,47,36,0,125,0,0,14,0,14,42,47,50,0,139,37,0,37,176
07/23/2013,CAK,OH,AGL,CE,Combined TRACON& Tower with Radar,45,47,39,0,131,0,0,3,0,3,45,47,42,0,134,28,0,28,162
07/24/2013,CAK,OH,AGL,CE,Combined TRACON& Tower with Radar,45,39,70,3,157,0,1,46,3,50,45,40,116,6,207,93,0,93,300
07/25/2013,CAK,OH,AGL,CE,Combined TRACON& Tower with Radar,46,42,66,2,156,0,0,58,6,64,46,42,124,8,220,62,2,64,284
07/26/2013,CAK,OH,AGL,CE,Combined TRACON& Tower with Radar,44,45,59,2,150,0,3,67,0,70,44,48,126,2,220,117,0,117,337
07/27/2013,CAK,OH,AGL,CE,Combined TRACON& Tower with Radar,40,34,16,0,90,0,2,8,0,10,40,36,24,0,100,15,0,15,115
07/28/2013,CAK,OH,AGL,CE,Combined TRACON& Tower with Radar,34,43,17,0,94,0,1,57,1,59,34,44,74,1,153,90,0,90,243
07/29/2013,CAK,OH,AGL,CE,Combined TRACON& Tower with Radar,45,59,41,3,148,0,2,31,1,34,45,61,72,4,182,63,0,63,245
07/30/2013,CAK,OH,AGL,CE,Combined TRACON& Tower with Radar,47,50,64,1,162,0,6,46,0,52,47,56,110,1,214,87,0,87,301
07/31/2013,CAK,OH,AGL,CE,Combined TRACON& Tower with Radar,46,47,59,9,161,0,2,26,4,32,46,49,85,13,193,50,8,58,251
08/01/2013,CAK,OH,AGL,CE,Combined TRACON& Tower with Radar,44,50,54,0,148,0,0,25,2,27,44,50,79,2,175,36,4,40,215
08/02/2013,CAK,OH,AGL,CE,Combined TRACON& Tower with Radar,44,50,50,1,145,0,4,29,1,34,44,54,79,2,179,66,0,66,245
08/03/2013,CAK,OH,AGL,CE,Combined TRACON& Tower with Radar,48,61,41,7,157,0,2,30,0,32,48,63,71,7,189,43,0,43,232
08/04/2013,CAK,OH,AGL,CE,Combined TRACON& Tower with Radar,42,76,69,4,191,0,1,37,2,40,42,77,106,6,231,53,0,53,284
08/05/2013,CAK,OH,AGL,CE,Combined TRACON& Tower with Radar,44,40,53,1,138,0,0,41,3,44,44,40,94,4,182,52,0,52,234
08/06/2013,CAK,OH,AGL,CE,Combined TRACON& Tower with Radar,46,40,50,1,137,0,2,41,1,44,46,42,91,2,181,85,2,87,268
08/07/2013,CAK,OH,AGL,CE,Combined TRACON& Tower with Radar,46,48,34,4,132,0,2,15,4,21,46,50,49,8,153,60,8,68,221
08/08/2013,CAK,OH,AGL,CE,Combined TRACON& Tower with Radar,37,53,35,3,128,0,0,0,3,3,37,53,35,6,131,45,0,45,176
08/09/2013,CAK,OH,AGL,CE,Combined TRACON& Tower with Radar,45,47,50,1,143,0,2,30,1,33,45,49,80,2,176,100,10,110,286
08/10/2013,CAK,OH,AGL,CE,Combined TRACON& Tower with Radar,39,35,34,4,112,0,3,51,4,58,39,38,85,8,170,84,0,84,254
08/11/2013,CAK,OH,AGL,CE,Combined TRACON& Tower with Radar,38,36,46,0,120,0,3,43,4,50,38,39,89,4,170,129,20,149,319
08/12/2013,CAK,OH,AGL,CE,Combined TRACON& Tower with Radar,45,38,51,0,134,0,0,28,0,28,45,38,79,0,162,20,0,20,182
08/13/2013,CAK,OH,AGL,CE,Combined TRACON& Tower with Radar,45,54,50,1,150,0,0,23,1,24,45,54,73,2,174,31,0,31,205
08/14/2013,CAK,OH,AGL,CE,Combined TRACON& Tower with Radar,44,42,61,3,150,0,0,35,5,40,44,42,96,8,190,67,16,83,273
08/15/2013,CAK,OH,AGL,CE,Combined TRACON& Tower with Radar,44,52,71,0,167,0,0,59,2,61,44,52,130,2,228,109,0,109,337
08/16/2013,CAK,OH,AGL,CE,Combined TRACON& Tower with Radar,47,51,43,1,142,0,5,51,3,59,47,56,94,4,201,126,2,128,329
08/17/2013,CAK,OH,AGL,CE,Combined TRACON& Tower with Radar,35,39,31,6,111,0,1,42,0,43,35,40,73,6,154,66,0,66,220
08/18/2013,CAK,OH,AGL,CE,Combined TRACON& Tower with Radar,43,37,36,7,123,0,5,41,0,46,43,42,77,7,169,33,0,33,202
08/19/2013,CAK,OH,AGL,CE,Combined TRACON& Tower with Radar,41,42,48,7,138,0,2,12,0,14,41,44,60,7,152,34,4,38,190
08/20/2013,CAK,OH,AGL,CE,Combined TRACON& Tower with Radar,44,48,44,1,137,0,1,48,5,54,44,49,92,6,191,142,2,144,335
08/21/2013,CAK,OH,AGL,CE,Combined TRACON& Tower with Radar,44,41,47,2,134,0,0,38,4,42,44,41,85,6,176,60,0,60,236
08/22/2013,CAK,OH,AGL,CE,Combined TRACON& Tower with Radar,43,41,48,1,133,0,2,22,1,25,43,43,70,2,158,104,0,104,262
08/23/2013,CAK,OH,AGL,CE,Combined TRACON& Tower with Radar,47,50,60,0,157,0,3,58,4,65,47,53,118,4,222,104,0,104,326
08/24/2013,CAK,OH,AGL,CE,Combined TRACON& Tower with Radar,35,29,31,2,97,0,1,40,0,41,35,30,71,2,138,94,0,94,232
08/25/2013,CAK,OH,AGL,CE,Combined TRACON& Tower with Radar,41,32,32,2,107,0,4,34,0,38,41,36,66,2,145,89,0,89,234
08/26/2013,CAK,OH,AGL,CE,Combined TRACON& Tower with Radar,44,43,42,0,129,0,6,38,2,46,44,49,80,2,175,73,0,73,248
08/27/2013,CAK,OH,AGL,CE,Combined TRACON& Tower with Radar,44,45,50,0,139,0,5,14,0,19,44,50,64,0,158,57,0,57,215
08/28/2013,CAK,OH,AGL,CE,Combined TRACON& Tower with Radar,45,50,65,1,161,0,0,8,6,14,45,50,73,7,175,96,5,101,276
08/29/2013,CAK,OH,AGL,CE,Combined TRACON& Tower with Radar,47,54,51,1,153,0,0,22,7,29,47,54,73,8,182,61,6,67,249
08/30/2013,CAK,OH,AGL,CE,Combined TRACON& Tower with Radar,45,52,41,1,139,0,5,41,0,46,45,57,82,1,185,130,0,130,315
08/31/2013,CAK,OH,AGL,CE,Combined TRACON& Tower with Radar,34,28,22,0,84,0,1,20,0,21,34,29,42,0,105,45,4,49,154
09/01/2013,CAK,OH,AGL,CE,Combined TRACON& Tower with Radar,33,21,29,0,83,0,0,9,0,9,33,21,38,0,92,49,2,51,143
09/02/2013,CAK,OH,AGL,CE,Combined TRACON& Tower with Radar,45,34,40,0,119,0,0,7,0,7,45,34,47,0,126,52,0,52,178
09/03/2013,CAK,OH,AGL,CE,Combined TRACON& Tower with Radar,43,48,46,1,138,0,0,37,7,44,43,48,83,8,182,151,10,161,343
09/04/2013,CAK,OH,AGL,CE,Combined TRACON& Tower with Radar,44,41,45,9,139,0,3,44,5,52,44,44,89,14,191,104,6,110,301
09/05/2013,CAK,OH,AGL,CE,Combined TRACON& Tower with Radar,42,56,56,2,156,0,3,38,12,53,42,59,94,14,209,77,40,117,326
09/06/2013,CAK,OH,AGL,CE,Combined TRACON& Tower with Radar,46,41,50,4,141,0,8,66,4,78,46,49,116,8,219,119,4,123,342
09/07/2013,CAK,OH,AGL,CE,Combined TRACON& Tower with Radar,34,25,30,0,89,0,2,30,0,32,34,27,60,0,121,113,0,113,234
09/08/2013,CAK,OH,AGL,CE,Combined TRACON& Tower with Radar,42,33,44,0,119,0,5,17,0,22,42,38,61,0,141,103,4,107,248
09/09/2013,CAK,OH,AGL,CE,Combined TRACON& Tower with Radar,42,38,24,0,104,0,0,33,0,33,42,38,57,0,137,75,0,75,212
09/10/2013,CAK,OH,AGL,CE,Combined TRACON& Tower with Radar,42,43,43,2,130,0,0,34,5,39,42,43,77,7,169,54,18,72,241
09/11/2013,CAK,OH,AGL,CE,Combined TRACON& Tower with Radar,41,44,43,4,132,0,0,30,6,36,41,44,73,10,168,133,1,134,302
09/12/2013,CAK,OH,AGL,CE,Combined TRACON& Tower with Radar,40,52,54,1,147,0,1,7,1,9,40,53,61,2,156,28,4,32,188
09/13/2013,CAK,OH,AGL,CE,Combined TRACON& Tower with Radar,48,56,62,2,168,0,1,12,3,16,48,57,74,5,184,119,0,119,303
09/14/2013,CAK,OH,AGL,CE,Combined TRACON& Tower with Radar,33,26,36,3,98,0,5,48,9,62,33,31,84,12,160,64,0,64,224
09/15/2013,CAK,OH,AGL,CE,Combined TRACON& Tower with Radar,41,37,28,3,109,0,1,46,5,52,41,38,74,8,161,120,2,122,283
09/16/2013,CAK,OH,AGL,CE,Combined TRACON& Tower with Radar,40,41,66,2,149,0,0,22,0,22,40,41,88,2,171,120,0,120,291
09/17/2013,CAK,OH,AGL,CE,Combined TRACON& Tower with Radar,42,41,62,6,151,0,2,44,3,49,42,43,106,9,200,6,0,6,206
09/18/2013,CAK,OH,AGL,CE,Combined TRACON& Tower with Radar,41,50,67,5,163,0,1,41,13,55,41,51,108,18,218,43,24,67,285
09/19/2013,CAK,OH,AGL,CE,Combined TRACON& Tower with Radar,43,42,57,2,144,0,0,11,6,17,43,42,68,8,161,28,0,28,189
09/20/2013,CAK,OH,AGL,CE,Combined TRACON& Tower with Radar,46,48,56,4,154,0,4,7,4,15,46,52,63,8,169,41,0,41,210
09/21/2013,CAK,OH,AGL,CE,Combined TRACON& Tower with Radar,36,25,35,0,96,0,0,1,0,1,36,25,36,0,97,42,2,44,141
09/22/2013,CAK,OH,AGL,CE,Combined TRACON& Tower with Radar,41,33,33,0,107,0,3,35,0,38,41,36,68,0,145,91,0,91,236
09/23/2013,CAK,OH,AGL,CE,Combined TRACON& Tower with Radar,42,42,60,2,146,0,1,32,6,39,42,43,92,8,185,16,0,16,201
09/24/2013,CAK,OH,AGL,CE,Combined TRACON& Tower with Radar,44,55,56,8,163,0,5,37,4,46,44,60,93,12,209,75,0,75,284
09/25/2013,CAK,OH,AGL,CE,Combined TRACON& Tower with Radar,40,53,59,4,156,0,6,38,8,52,40,59,97,12,208,110,8,118,326
09/26/2013,CAK,OH,AGL,CE,Combined TRACON& Tower with Radar,42,57,59,5,163,0,2,80,5,87,42,59,139,10,250,126,12,138,388
09/27/2013,CAK,OH,AGL,CE,Combined TRACON& Tower with Radar,43,56,29,0,128,0,2,38,2,42,43,58,67,2,170,73,22,95,265
09/28/2013,CAK,OH,AGL,CE,Combined TRACON& Tower with Radar,32,28,27,0,87,0,1,28,0,29,32,29,55,0,116,43,0,43,159
09/29/2013,CAK,OH,AGL,CE,Combined TRACON& Tower with Radar,37,33,32,0,102,0,1,15,0,16,37,34,47,0,118,28,0,28,146
09/30/2013,CAK,OH,AGL,CE,Combined TRACON& Tower with Radar,40,40,40,0,120,0,0,2,0,2,40,40,42,0,122,14,0,14,136
10/01/2013,CAK,OH,AGL,CE,Combined TRACON& Tower with Radar,40,40,65,0,145,0,1,23,2,26,40,41,88,2,171,36,0,36,207
10/02/2013,CAK,OH,AGL,CE,Combined TRACON& Tower with Radar,40,55,47,0,142,0,0,20,2,22,40,55,67,2,164,115,4,119,283
10/03/2013,CAK,OH,AGL,CE,Combined TRACON& Tower with Radar,37,50,26,0,113,0,0,5,0,5,37,50,31,0,118,32,0,32,150
10/04/2013,CAK,OH,AGL,CE,Combined TRACON& Tower with Radar,38,45,35,0,118,0,2,19,0,21,38,47,54,0,139,130,0,130,269
10/05/2013,CAK,OH,AGL,CE,Combined TRACON& Tower with Radar,34,28,10,0,72,0,0,10,0,10,34,28,20,0,82,27,0,27,109
10/06/2013,CAK,OH,AGL,CE,Combined TRACON& Tower with Radar,38,34,22,3,97,0,4,2,1,7,38,38,24,4,104,6,0,6,110
10/07/2013,CAK,OH,AGL,CE,Combined TRACON& Tower with Radar,39,45,29,0,113,0,0,9,0,9,39,45,38,0,122,19,0,19,141
10/08/2013,CAK,OH,AGL,CE,Combined TRACON& Tower with Radar,38,46,48,0,132,0,0,49,0,49,38,46,97,0,181,101,4,105,286
10/09/2013,CAK,OH,AGL,CE,Combined TRACON& Tower with Radar,40,58,55,0,153,0,5,38,0,43,40,63,93,0,196,77,0,77,273
10/10/2013,CAK,OH,AGL,CE,Combined TRACON& Tower with Radar,38,40,47,2,127,0,3,28,0,31,38,43,75,2,158,126,0,126,284
10/11/2013,CAK,OH,AGL,CE,Combined TRACON& Tower with Radar,35,47,49,0,131,0,2,30,0,32,35,49,79,0,163,37,0,37,200
10/12/2013,CAK,OH,AGL,CE,Combined TRACON& Tower with Radar,31,30,47,0,108,0,6,37,0,43,31,36,84,0,151,36,0,36,187
10/13/2013,CAK,OH,AGL,CE,Combined TRACON& Tower with Radar,41,29,22,0,92,0,1,28,0,29,41,30,50,0,121,22,0,22,143
10/14/2013,CAK,OH,AGL,CE,Combined TRACON& Tower with Radar,38,37,33,0,108,0,1,36,0,37,38,38,69,0,145,74,0,74,219
10/15/2013,CAK,OH,AGL,CE,Combined TRACON& Tower with Radar,39,51,51,0,141,0,0,0,0,0,39,51,51,0,141,56,0,56,197
10/16/2013,CAK,OH,AGL,CE,Combined TRACON& Tower with Radar,40,52,45,0,137,0,0,0,0,0,40,52,45,0,137,54,0,54,191
10/17/2013,CAK,OH,AGL,CE,Combined TRACON& Tower with Radar,38,49,37,0,124,0,0,18,0,18,38,49,55,0,142,98,0,98,240
10/18/2013,CAK,OH,AGL,CE,Combined TRACON& Tower with Radar,42,46,38,0,126,0,4,41,0,45,42,50,79,0,171,64,0,64,235
10/19/2013,CAK,OH,AGL,CE,Combined TRACON& Tower with Radar,32,35,18,0,85,0,0,7,0,7,32,35,25,0,92,37,0,37,129
10/20/2013,CAK,OH,AGL,CE,Combined TRACON& Tower with Radar,40,37,29,0,106,0,2,21,0,23,40,39,50,0,129,24,0,24,153
10/21/2013,CAK,OH,AGL,CE,Combined TRACON& Tower with Radar,38,41,26,0,105,0,2,26,2,30,38,43,52,2,135,91,2,93,228
10/22/2013,CAK,OH,AGL,CE,Combined TRACON& Tower with Radar,36,46,52,5,139,0,6,46,9,61,36,52,98,14,200,136,8,144,344
10/23/2013,CAK,OH,AGL,CE,Combined TRACON& Tower with Radar,38,45,44,0,127,0,1,3,4,8,38,46,47,4,135,95,0,95,230
10/24/2013,CAK,OH,AGL,CE,Combined TRACON& Tower with Radar,38,44,48,6,136,0,0,19,6,25,38,44,67,12,161,45,2,47,208
10/25/2013,CAK,OH,AGL,CE,Combined TRACON& Tower with Radar,38,47,38,4,127,0,2,18,2,22,38,49,56,6,149,76,26,102,251
10/26/2013,CAK,OH,AGL,CE,Combined TRACON& Tower with Radar,31,30,17,2,80,0,0,8,0,8,31,30,25,2,88,57,0,57,145
10/27/2013,CAK,OH,AGL,CE,Combined TRACON& Tower with Radar,36,40,27,2,105,0,2,29,0,31,36,42,56,2,136,62,0,62,198
10/28/2013,CAK,OH,AGL,CE,Combined TRACON& Tower with Radar,40,35,48,0,123,0,0,53,0,53,40,35,101,0,176,132,12,144,320
10/29/2013,CAK,OH,AGL,CE,Combined TRACON& Tower with Radar,43,50,62,9,164,0,2,34,9,45,43,52,96,18,209,112,6,118,327
10/30/2013,CAK,OH,AGL,CE,Combined TRACON& Tower with Radar,39,53,45,8,145,0,3,34,10,47,39,56,79,18,192,72,0,72,264
10/31/2013,CAK,OH,AGL,CE,Combined TRACON& Tower with Radar,43,40,34,6,123,0,2,2,2,6,43,42,36,8,129,7,22,29,158
11/01/2013,CAK,OH,AGL,CE,Combined TRACON& Tower with Radar,40,44,31,4,119,0,0,1,6,7,40,44,32,10,126,5,0,5,131
11/02/2013,CAK,OH,AGL,CE,Combined TRACON& Tower with Radar,27,29,26,0,82,0,1,1,0,2,27,30,27,0,84,26,0,26,110
11/03/2013,CAK,OH,AGL,CE,Combined TRACON& Tower with Radar,36,32,38,0,106,0,1,35,0,36,36,33,73,0,142,76,0,76,218
11/04/2013,CAK,OH,AGL,CE,Combined TRACON& Tower with Radar,35,40,54,1,130,0,0,42,1,43,35,40,96,2,173,125,0,125,298
11/05/2013,CAK,OH,AGL,CE,Combined TRACON& Tower with Radar,39,41,59,7,146,0,0,43,5,48,39,41,102,12,194,105,8,113,307
11/06/2013,CAK,OH,AGL,CE,Combined TRACON& Tower with Radar,38,50,43,7,138,0,0,12,5,17,38,50,55,12,155,17,128,145,300
11/07/2013,CAK,OH,AGL,CE,Combined TRACON& Tower with Radar,36,44,41,4,125,0,2,6,4,12,36,46,47,8,137,11,52,63,200
11/08/2013,CAK,OH,AGL,CE,Combined TRACON& Tower with Radar,41,43,71,0,155,0,0,46,0,46,41,43,117,0,201,103,6,109,310
11/09/2013,CAK,OH,AGL,CE,Combined TRACON& Tower with Radar,33,26,16,0,75,0,1,15,0,16,33,27,31,0,91,11,0,11,102
11/10/2013,CAK,OH,AGL,CE,Combined TRACON& Tower with Radar,36,35,13,0,84,0,0,15,0,15,36,35,28,0,99,52,0,52,151
11/11/2013,CAK,OH,AGL,CE,Combined TRACON& Tower with Radar,36,40,27,0,103,0,0,6,0,6,36,40,33,0,109,6,0,6,115
11/12/2013,CAK,OH,AGL,CE,Combined TRACON& Tower with Radar,36,41,29,0,106,0,0,4,0,4,36,41,33,0,110,4,0,4,114
11/13/2013,CAK,OH,AGL,CE,Combined TRACON& Tower with Radar,36,55,63,3,157,0,0,43,1,44,36,55,106,4,201,132,8,140,341
11/14/2013,CAK,OH,AGL,CE,Combined TRACON& Tower with Radar,35,52,62,1,150,0,0,23,1,24,35,52,85,2,174,115,48,163,337
11/15/2013,CAK,OH,AGL,CE,Combined TRACON& Tower with Radar,39,43,68,1,151,0,4,42,4,50,39,47,110,5,201,151,4,155,356
11/16/2013,CAK,OH,AGL,CE,Combined TRACON& Tower with Radar,34,28,48,0,110,0,0,40,0,40,34,28,88,0,150,110,0,110,260
11/17/2013,CAK,OH,AGL,CE,Combined TRACON& Tower with Radar,37,29,18,3,87,0,0,0,2,2,37,29,18,5,89,2,22,24,113
11/18/2013,CAK,OH,AGL,CE,Combined TRACON& Tower with Radar,36,37,25,0,98,0,0,9,4,13,36,37,34,4,111,15,2,17,128
11/19/2013,CAK,OH,AGL,CE,Combined TRACON& Tower with Radar,36,36,50,14,136,0,0,25,5,30,36,36,75,19,166,45,6,51,217
11/20/2013,CAK,OH,AGL,CE,Combined TRACON& Tower with Radar,35,39,73,5,152,0,3,40,12,55,35,42,113,17,207,71,0,71,278
11/21/2013,CAK,OH,AGL,CE,Combined TRACON& Tower with Radar,35,40,59,5,139,0,0,11,10,21,35,40,70,15,160,62,26,88,248
11/22/2013,CAK,OH,AGL,CE,Combined TRACON& Tower with Radar,49,48,41,0,138,0,2,0,0,2,49,50,41,0,140,52,0,52,192
11/23/2013,CAK,OH,AGL,CE,Combined TRACON& Tower with Radar,32,32,37,0,101,0,0,10,0,10,32,32,47,0,111,53,0,53,164
11/24/2013,CAK,OH,AGL,CE,Combined TRACON& Tower with Radar,36,31,25,1,93,0,0,1,4,5,36,31,26,5,98,4,0,4,102
11/25/2013,CAK,OH,AGL,CE,Combined TRACON& Tower with Radar,35,35,54,0,124,0,1,37,1,39,35,36,91,1,163,66,28,94,257
11/26/2013,CAK,OH,AGL,CE,Combined TRACON& Tower with Radar,47,37,21,0,105,0,0,0,0,0,47,37,21,0,105,29,22,51,156
11/27/2013,CAK,OH,AGL,CE,Combined TRACON& Tower with Radar,52,44,18,0,114,0,0,0,2,2,52,44,18,2,116,23,14,37,153
11/28/2013,CAK,OH,AGL,CE,Combined TRACON& Tower with Radar,24,34,5,0,63,0,1,7,0,8,24,35,12,0,71,18,0,18,89
11/29/2013,CAK,OH,AGL,CE,Combined TRACON& Tower with Radar,32,21,11,2,66,0,1,39,0,40,32,22,50,2,106,21,0,21,127
11/30/2013,CAK,OH,AGL,CE,Combined TRACON& Tower with Radar,46,40,25,0,111,0,1,49,2,52,46,41,74,2,163,48,0,48,211
12/01/2013,CAK,OH,AGL,CE,Combined TRACON& Tower with Radar,50,35,38,0,123,0,0,24,0,24,50,35,62,0,147,39,0,39,186
12/02/2013,CAK,OH,AGL,CE,Combined TRACON& Tower with Radar,48,40,22,0,110,0,1,5,0,6,48,41,27,0,116,38,14,52,168
12/03/2013,CAK,OH,AGL,CE,Combined TRACON& Tower with Radar,38,44,52,3,137,0,0,22,7,29,38,44,74,10,166,81,6,87,253
12/04/2013,CAK,OH,AGL,CE,Combined TRACON& Tower with Radar,36,47,55,5,143,0,0,33,4,37,36,47,88,9,180,138,6,144,324
12/05/2013,CAK,OH,AGL,CE,Combined TRACON& Tower with Radar,34,51,38,4,127,0,1,12,0,13,34,52,50,4,140,101,0,101,241
12/06/2013,CAK,OH,AGL,CE,Combined TRACON& Tower with Radar,39,42,30,0,111,0,1,0,0,1,39,43,30,0,112,48,0,48,160
12/07/2013,CAK,OH,AGL,CE,Combined TRACON& Tower with Radar,31,25,31,3,90,0,0,30,1,31,31,25,61,4,121,51,12,63,184
12/08/2013,CAK,OH,AGL,CE,Combined TRACON& Tower with Radar,35,28,33,0,96,0,0,12,0,12,35,28,45,0,108,26,0,26,134
12/09/2013,CAK,OH,AGL,CE,Combined TRACON& Tower with Radar,36,34,29,0,99,0,0,2,0,2,36,34,31,0,101,1,0,1,102
12/10/2013,CAK,OH,AGL,CE,Combined TRACON& Tower with Radar,36,41,38,3,118,0,0,11,5,16,36,41,49,8,134,93,2,95,229
12/11/2013,CAK,OH,AGL,CE,Combined TRACON& Tower with Radar,36,51,44,2,133,0,1,2,10,13,36,52,46,12,146,39,24,63,209
12/12/2013,CAK,OH,AGL,CE,Combined TRACON& Tower with Radar,36,49,58,8,151,0,0,26,6,32,36,49,84,14,183,29,0,29,212
12/13/2013,CAK,OH,AGL,CE,Combined TRACON& Tower with Radar,38,48,46,0,132,0,0,52,4,56,38,48,98,4,188,62,0,62,250
12/14/2013,CAK,OH,AGL,CE,Combined TRACON& Tower with Radar,33,23,6,0,62,0,0,0,0,0,33,23,6,0,62,9,0,9,71
12/15/2013,CAK,OH,AGL,CE,Combined TRACON& Tower with Radar,36,35,10,0,81,0,0,0,0,0,36,35,10,0,81,6,0,6,87
12/16/2013,CAK,OH,AGL,CE,Combined TRACON& Tower with Radar,37,42,34,3,116,0,0,26,1,27,37,42,60,4,143,62,0,62,205
12/17/2013,CAK,OH,AGL,CE,Combined TRACON& Tower with Radar,35,51,39,1,126,0,0,3,3,6,35,51,42,4,132,36,0,36,168
12/18/2013,CAK,OH,AGL,CE,Combined TRACON& Tower with Radar,37,44,52,4,137,0,0,13,5,18,37,44,65,9,155,23,4,27,182
12/19/2013,CAK,OH,AGL,CE,Combined TRACON& Tower with Radar,36,39,49,7,131,0,0,27,6,33,36,39,76,13,164,28,4,32,196
12/20/2013,CAK,OH,AGL,CE,Combined TRACON& Tower with Radar,46,38,21,5,110,0,0,4,1,5,46,38,25,6,115,20,0,20,135
12/21/2013,CAK,OH,AGL,CE,Combined TRACON& Tower with Radar,42,39,30,0,111,0,0,0,0,0,42,39,30,0,111,23,0,23,134
12/22/2013,CAK,OH,AGL,CE,Combined TRACON& Tower with Radar,34,32,14,0,80,0,0,2,0,2,34,32,16,0,82,9,0,9,91
12/23/2013,CAK,OH,AGL,CE,Combined TRACON& Tower with Radar,34,44,14,0,92,0,0,15,0,15,34,44,29,0,107,80,0,80,187
12/24/2013,CAK,OH,AGL,CE,Combined TRACON& Tower with Radar,30,26,16,0,72,0,0,4,0,4,30,26,20,0,76,13,0,13,89
12/25/2013,CAK,OH,AGL,CE,Combined TRACON& Tower with Radar,30,21,1,0,52,0,1,3,0,4,30,22,4,0,56,17,0,17,73
12/26/2013,CAK,OH,AGL,CE,Combined TRACON& Tower with Radar,46,34,19,0,99,0,0,7,2,9,46,34,26,2,108,3,0,3,111
12/27/2013,CAK,OH,AGL,CE,Combined TRACON& Tower with Radar,46,41,24,4,115,0,0,34,4,38,46,41,58,8,153,110,2,112,265
12/28/2013,CAK,OH,AGL,CE,Combined TRACON& Tower with Radar,41,30,29,0,100,0,0,51,0,51,41,30,80,0,151,87,2,89,240
12/29/2013,CAK,OH,AGL,CE,Combined TRACON& Tower with Radar,35,40,20,2,97,0,0,0,0,0,35,40,20,2,97,105,0,105,202
12/30/2013,CAK,OH,AGL,CE,Combined TRACON& Tower with Radar,34,29,14,1,78,0,0,8,1,9,34,29,22,2,87,9,0,9,96
12/31/2013,CAK,OH,AGL,CE,Combined TRACON& Tower with Radar,32,35,6,0,73,0,0,4,0,4,32,35,10,0,77,11,0,11,88
01/01/2014,CAK,OH,AGL,CE,Combined TRACON& Tower with Radar,31,28,4,0,63,0,0,5,0,5,31,28,9,0,68,2,0,2,70
01/02/2014,CAK,OH,AGL,CE,Combined TRACON& Tower with Radar,35,30,6,0,71,0,0,0,0,0,35,30,6,0,71,7,0,7,78
01/03/2014,CAK,OH,AGL,CE,Combined TRACON& Tower with Radar,36,44,15,1,96,0,1,14,3,18,36,45,29,4,114,66,27,93,207
01/04/2014,CAK,OH,AGL,CE,Combined TRACON& Tower with Radar,32,33,23,0,88,0,0,12,0,12,32,33,35,0,100,18,0,18,118
01/05/2014,CAK,OH,AGL,CE,Combined TRACON& Tower with Radar,34,27,22,0,83,0,0,10,0,10,34,27,32,0,93,11,0,11,104
01/06/2014,CAK,OH,AGL,CE,Combined TRACON& Tower with Radar,33,27,10,0,70,0,1,0,0,1,33,28,10,0,71,13,0,13,84
01/07/2014,CAK,OH,AGL,CE,Combined TRACON& Tower with Radar,34,33,22,2,91,0,2,1,0,3,34,35,23,2,94,11,0,11,105
01/08/2014,CAK,OH,AGL,CE,Combined TRACON& Tower with Radar,35,44,33,3,115,0,1,12,3,16,35,45,45,6,131,50,0,50,181
01/09/2014,CAK,OH,AGL,CE,Combined TRACON& Tower with Radar,37,38,34,8,117,0,0,23,4,27,37,38,57,12,144,59,20,79,223
01/10/2014,CAK,OH,AGL,CE,Combined TRACON& Tower with Radar,22,30,10,4,66,0,0,0,0,0,22,30,10,4,66,18,0,18,84
01/11/2014,CAK,OH,AGL,CE,Combined TRACON& Tower with Radar,29,22,21,2,74,0,0,0,0,0,29,22,21,2,74,0,0,0,74
01/12/2014,CAK,OH,AGL,CE,Combined TRACON& Tower with Radar,32,28,20,0,80,0,0,17,0,17,32,28,37,0,97,72,0,72,169
01/13/2014,CAK,OH,AGL,CE,Combined TRACON& Tower with Radar,36,37,26,0,99,0,0,2,0,2,36,37,28,0,101,47,0,47,148
01/14/2014,CAK,OH,AGL,CE,Combined TRACON& Tower with Radar,36,32,43,5,116,0,2,12,1,15,36,34,55,6,131,43,0,43,174
01/15/2014,CAK,OH,AGL,CE,Combined TRACON& Tower with Radar,36,50,34,2,122,0,0,11,6,17,36,50,45,8,139,86,0,86,225
01/16/2014,CAK,OH,AGL,CE,Combined TRACON& Tower with Radar,36,40,24,3,103,0,0,12,1,13,36,40,36,4,116,78,0,78,194
01/17/2014,CAK,OH,AGL,CE,Combined TRACON& Tower with Radar,39,40,34,2,115,0,2,4,0,6,39,42,38,2,121,49,0,49,170
01/18/2014,CAK,OH,AGL,CE,Combined TRACON& Tower with Radar,31,23,13,2,69,0,0,14,0,14,31,23,27,2,83,62,0,62,145
01/19/2014,CAK,OH,AGL,CE,Combined TRACON& Tower with Radar,32,28,17,0,77,0,0,4,0,4,32,28,21,0,81,38,0,38,119
01/20/2014,CAK,OH,AGL,CE,Combined TRACON& Tower with Radar,36,33,29,0,98,0,0,7,0,7,36,33,36,0,105,48,0,48,153
01/21/2014,CAK,OH,AGL,CE,Combined TRACON& Tower with Radar,33,38,34,4,109,0,0,7,2,9,33,38,41,6,118,76,2,78,196
01/22/2014,CAK,OH,AGL,CE,Combined TRACON& Tower with Radar,36,43,49,0,128,0,2,8,2,12,36,45,57,2,140,15,0,15,155
01/23/2014,CAK,OH,AGL,CE,Combined TRACON& Tower with Radar,35,44,22,1,102,0,0,2,2,4,35,44,24,3,106,84,4,88,194
01/24/2014,CAK,OH,AGL,CE,Combined TRACON& Tower with Radar,35,41,30,1,107,0,0,7,3,10,35,41,37,4,117,40,18,58,175
01/25/2014,CAK,OH,AGL,CE,Combined TRACON& Tower with Radar,32,30,4,0,66,0,0,0,0,0,32,30,4,0,66,13,0,13,79
01/26/2014,CAK,OH,AGL,CE,Combined TRACON& Tower with Radar,32,24,17,0,73,0,0,2,2,4,32,24,19,2,77,10,0,10,87
01/27/2014,CAK,OH,AGL,CE,Combined TRACON& Tower with Radar,36,30,14,0,80,0,0,0,2,2,36,30,14,2,82,27,0,27,109
01/28/2014,CAK,OH,AGL,CE,Combined TRACON& Tower with Radar,26,33,33,2,94,0,2,13,0,15,26,35,46,2,109,24,0,24,133
01/29/2014,CAK,OH,AGL,CE,Combined TRACON& Tower with Radar,24,41,27,0,92,0,1,9,0,10,24,42,36,0,102,5,20,25,127
01/30/2014,CAK,OH,AGL,CE,Combined TRACON& Tower with Radar,30,30,32,2,94,0,1,23,7,31,30,31,55,9,125,37,0,37,162
01/31/2014,CAK,OH,AGL,CE,Combined TRACON& Tower with Radar,36,42,34,0,112,0,0,22,2,24,36,42,56,2,136,88,0,88,224
02/01/2014,CAK,OH,AGL,CE,Combined TRACON& Tower with Radar,31,23,26,0,80,0,0,2,0,2,31,23,28,0,82,48,2,50,132
02/02/2014,CAK,OH,AGL,CE,Combined TRACON& Tower with Radar,30,25,10,0,65,0,0,0,0,0,30,25,10,0,65,12,0,12,77
02/03/2014,CAK,OH,AGL,CE,Combined TRACON& Tower with Radar,32,37,39,0,108,0,2,32,0,34,32,39,71,0,142,91,0,91,233
02/04/2014,CAK,OH,AGL,CE,Combined TRACON& Tower with Radar,33,38,40,2,113,0,1,28,4,33,33,39,68,6,146,99,0,99,245
02/05/2014,CAK,OH,AGL,CE,Combined TRACON& Tower with Radar,31,43,10,0,84,0,0,0,0,0,31,43,10,0,84,6,0,6,90
02/06/2014,CAK,OH,AGL,CE,Combined TRACON& Tower with Radar,34,46,33,5,118,0,2,20,10,32,34,48,53,15,150,7,0,7,157
02/07/2014,CAK,OH,AGL,CE,Combined TRACON& Tower with Radar,37,42,42,1,122,0,1,23,4,28,37,43,65,5,150,23,2,25,175
02/08/2014,CAK,OH,AGL,CE,Combined TRACON& Tower with Radar,32,23,15,1,71,0,0,18,5,23,32,23,33,6,94,62,20,82,176
02/09/2014,CAK,OH,AGL,CE,Combined TRACON& Tower with Radar,33,22,13,0,68,0,0,0,0,0,33,22,13,0,68,13,8,21,89
02/10/2014,CAK,OH,AGL,CE,Combined TRACON& Tower with Radar,37,41,34,1,113,0,6,10,1,17,37,47,44,2,130,38,3,41,171
02/11/2014,CAK,OH,AGL,CE,Combined TRACON& Tower with Radar,31,45,58,0,134,0,2,13,2,17,31,47,71,2,151,40,0,40,191
02/12/2014,CAK,OH,AGL,CE,Combined TRACON& Tower with Radar,18,34,39,2,93,0,1,47,4,52,18,35,86,6,145,46,0,46,191
02/13/2014,CAK,OH,AGL,CE,Combined TRACON& Tower with Radar,19,28,43,5,95,0,2,43,1,46,19,30,86,6,141,141,4,145,286
02/14/2014,CAK,OH,AGL,CE,Combined TRACON& Tower with Radar,38,27,34,0,99,0,0,0,0,0,38,27,34,0,99,35,0,35,134
02/15/2014,CAK,OH,AGL,CE,Combined TRACON& Tower with Radar,29,28,20,0,77,0,0,13,0,13,29,28,33,0,90,53,0,53,143
02/16/2014,CAK,OH,AGL,CE,Combined TRACON& Tower with Radar,33,20,15,0,68,0,0,1,0,1,33,20,16,0,69,7,0,7,76
02/17/2014,CAK,OH,AGL,CE,Combined TRACON& Tower with Radar,36,38,28,0,102,0,0,15,0,15,36,38,43,0,117,49,2,51,168
02/18/2014,CAK,OH,AGL,CE,Combined TRACON& Tower with Radar,38,42,36,0,116,0,3,26,2,31,38,45,62,2,147,86,0,86,233
02/19/2014,CAK,OH,AGL,CE,Combined TRACON& Tower with Radar,38,45,33,1,117,0,5,40,1,46,38,50,73,2,163,100,14,114,277
02/20/2014,CAK,OH,AGL,CE,Combined TRACON& Tower with Radar,38,41,32,1,112,0,0,16,3,19,38,41,48,4,131,50,0,50,181
02/21/2014,CAK,OH,AGL,CE,Combined TRACON& Tower with Radar,38,34,24,1,97,0,0,4,9,13,38,34,28,10,110,29,8,37,147
02/22/2014,CAK,OH,AGL,CE,Combined TRACON& Tower with Radar,31,24,28,0,83,0,0,28,0,28,31,24,56,0,111,72,0,72,183
02/23/2014,CAK,OH,AGL,CE,Combined TRACON& Tower with Radar,37,28,24,0,89,0,2,28,0,30,37,30,52,0,119,87,0,87,206
02/24/2014,CAK,OH,AGL,CE,Combined TRACON& Tower with Radar,35,38,39,0,112,0,0,9,0,9,35,38,48,0,121,54,0,54,175
02/25/2014,CAK,OH,AGL,CE,Combined TRACON& Tower with Radar,37,40,42,2,121,0,1,4,0,5,37,41,46,2,126,30,0,30,156
02/26/2014,CAK,OH,AGL,CE,Combined TRACON& Tower with Radar,39,37,44,4,124,0,2,11,8,21,39,39,55,12,145,82,0,82,227
02/27/2014,CAK,OH,AGL,CE,Combined TRACON& Tower with Radar,37,42,39,5,123,0,2,2,3,7,37,44,41,8,130,36,2,38,168
02/28/2014,CAK,OH,AGL,CE,Combined TRACON& Tower with Radar,38,34,40,2,114,0,1,55,0,56,38,35,95,2,170,112,6,118,288
03/01/2014,CAK,OH,AGL,CE,Combined TRACON& Tower with Radar,32,27,34,1,94,0,0,32,1,33,32,27,66,2,127,76,0,76,203
03/02/2014,CAK,OH,AGL,CE,Combined TRACON& Tower with Radar,32,33,15,0,80,0,0,0,0,0,32,33,15,0,80,10,0,10,90
03/03/2014,CAK,OH,AGL,CE,Combined TRACON& Tower with Radar,38,35,15,0,88,0,0,10,0,10,38,35,25,0,98,64,0,64,162
03/04/2014,CAK,OH,AGL,CE,Combined TRACON& Tower with Radar,38,34,46,1,119,0,0,34,3,37,38,34,80,4,156,90,0,90,246
03/05/2014,CAK,OH,AGL,CE,Combined TRACON& Tower with Radar,38,40,39,2,119,0,1,25,6,32,38,41,64,8,151,159,0,159,310
03/06/2014,CAK,OH,AGL,CE,Combined TRACON& Tower with Radar,38,45,50,3,136,0,0,27,6,33,38,45,77,9,169,83,66,149,318
03/07/2014,CAK,OH,AGL,CE,Combined TRACON& Tower with Radar,40,36,51,10,137,0,4,40,2,46,40,40,91,12,183,95,4,99,282
03/08/2014,CAK,OH,AGL,CE,Combined TRACON& Tower with Radar,43,33,28,0,104,0,0,3,0,3,43,33,31,0,107,27,0,27,134
03/09/2014,CAK,OH,AGL,CE,Combined TRACON& Tower with Radar,37,32,21,3,93,0,0,36,2,38,37,32,57,5,131,43,0,43,174
03/10/2014,CAK,OH,AGL,CE,Combined TRACON& Tower with Radar,42,38,25,4,109,0,1,17,2,20,42,39,42,6,129,52,0,52,181
03/11/2014,CAK,OH,AGL,CE,Combined TRACON& Tower with Radar,39,51,69,3,162,0,6,36,10,52,39,57,105,13,214,27,0,27,241
03/12/2014,CAK,OH,AGL,CE,Combined TRACON& Tower with Radar,41,39,8,0,88,0,0,0,0,0,41,39,8,0,88,43,2,45,133
03/13/2014,CAK,OH,AGL,CE,Combined TRACON& Tower with Radar,38,47,38,4,127,0,2,11,4,17,38,49,49,8,144,26,0,26,170
03/14/2014,CAK,OH,AGL,CE,Combined TRACON& Tower with Radar,42,39,25,3,109,0,0,10,4,14,42,39,35,7,123,19,0,19,142
03/15/2014,CAK,OH,AGL,CE,Combined TRACON& Tower with Radar,37,33,28,0,98,0,1,11,1,13,37,34,39,1,111,32,0,32,143
03/16/2014,CAK,OH,AGL,CE,Combined TRACON& Tower with Radar,36,38,25,1,100,0,1,6,3,10,36,39,31,4,110,31,0,31,141
03/17/2014,CAK,OH,AGL,CE,Combined TRACON& Tower with Radar,40,37,52,0,129,0,1,28,2,31,40,38,80,2,160,76,2,78,238
03/18/2014,CAK,OH,AGL,CE,Combined TRACON& Tower with Radar,39,43,49,2,133,0,3,48,8,59,39,46,97,10,192,128,0,128,320
03/19/2014,CAK,OH,AGL,CE,Combined TRACON& Tower with Radar,42,41,50,5,138,0,0,2,1,3,42,41,52,6,141,92,0,92,233
03/20/2014,CAK,OH,AGL,CE,Combined TRACON& Tower with Radar,39,42,47,3,131,0,1,11,9,21,39,43,58,12,152,29,0,29,181
03/21/2014,CAK,OH,AGL,CE,Combined TRACON& Tower with Radar,41,41,34,6,122,0,0,17,2,19,41,41,51,8,141,57,0,57,198
03/22/2014,CAK,OH,AGL,CE,Combined TRACON& Tower with Radar,40,27,25,0,92,0,0,14,0,14,40,27,39,0,106,73,0,73,179
03/23/2014,CAK,OH,AGL,CE,Combined TRACON& Tower with Radar,36,41,26,0,103,0,0,8,0,8,36,41,34,0,111,117,0,117,228
03/24/2014,CAK,OH,AGL,CE,Combined TRACON& Tower with Radar,40,46,27,2,115,0,0,34,2,36,40,46,61,4,151,110,0,110,261
03/25/2014,CAK,OH,AGL,CE,Combined TRACON& Tower with Radar,40,35,19,1,95,0,3,10,3,16,40,38,29,4,111,40,0,40,151
03/26/2014,CAK,OH,AGL,CE,Combined TRACON& Tower with Radar,40,44,36,3,123,0,1,33,5,39,40,45,69,8,162,101,4,105,267
03/27/2014,CAK,OH,AGL,CE,Combined TRACON& Tower with Radar,37,40,29,3,109,0,3,11,5,19,37,43,40,8,128,10,0,10,138
03/28/2014,CAK,OH,AGL,CE,Combined TRACON& Tower with Radar,39,39,15,3,96,0,0,2,1,3,39,39,17,4,99,15,0,15,114
03/29/2014,CAK,OH,AGL,CE,Combined TRACON& Tower with Radar,36,32,10,0,78,0,0,0,0,0,36,32,10,0,78,13,0,13,91
03/30/2014,CAK,OH,AGL,CE,Combined TRACON& Tower with Radar,37,35,27,0,99,0,1,20,0,21,37,36,47,0,120,22,0,22,142
03/31/2014,CAK,OH,AGL,CE,Combined TRACON& Tower with Radar,40,41,44,2,127,0,1,60,0,61,40,42,104,2,188,123,0,123,311
04/01/2014,CAK,OH,AGL,CE,Combined TRACON& Tower with Radar,40,42,52,3,137,0,1,11,19,31,40,43,63,22,168,29,0,29,197
04/02/2014,CAK,OH,AGL,CE,Combined TRACON& Tower with Radar,40,41,43,7,131,0,1,35,13,49,40,42,78,20,180,75,2,77,257
04/03/2014,CAK,OH,AGL,CE,Combined TRACON& Tower with Radar,40,46,42,1,129,0,0,7,0,7,40,46,49,1,136,29,0,29,165
04/04/2014,CAK,OH,AGL,CE,Combined TRACON& Tower with Radar,38,40,24,3,105,0,0,0,0,0,38,40,24,3,105,30,0,30,135
04/05/2014,CAK,OH,AGL,CE,Combined TRACON& Tower with Radar,40,27,17,2,86,0,0,21,2,23,40,27,38,4,109,29,0,29,138
04/06/2014,CAK,OH,AGL,CE,Combined TRACON& Tower with Radar,38,36,32,9,115,0,1,68,4,73,38,37,100,13,188,88,61,149,337
04/07/2014,CAK,OH,AGL,CE,Combined TRACON& Tower with Radar,35,42,37,2,116,0,1,7,2,10,35,43,44,4,126,32,0,32,158
04/08/2014,CAK,OH,AGL,CE,Combined TRACON& Tower with Radar,34,47,62,6,149,0,0,8,5,13,34,47,70,11,162,53,0,53,215
04/09/2014,CAK,OH,AGL,CE,Combined TRACON& Tower with Radar,34,41,47,2,124,0,1,31,14,46,34,42,78,16,170,128,10,138,308
04/10/2014,CAK,OH,AGL,CE,Combined TRACON& Tower with Radar,34,54,49,1,138,0,1,8,8,17,34,55,57,9,155,16,0,16,171
04/11/2014,CAK,OH,AGL,CE,Combined TRACON& Tower with Radar,36,47,56,0,139,0,0,16,2,18,36,47,72,2,157,61,2,63,220
04/12/2014,CAK,OH,AGL,CE,Combined TRACON& Tower with Radar,30,27,49,3,109,0,2,47,3,52,30,29,96,6,161,100,70,170,331
04/13/2014,CAK,OH,AGL,CE,Combined TRACON& Tower with Radar,34,37,22,0,93,0,1,12,2,15,34,38,34,2,108,69,0,69,177
04/14/2014,CAK,OH,AGL,CE,Combined TRACON& Tower with Radar,32,41,22,0,95,0,1,1,0,2,32,42,23,0,97,27,0,27,124
04/15/2014,CAK,OH,AGL,CE,Combined TRACON& Tower with Radar,32,49,34,0,115,0,0,2,4,6,32,49,36,4,121,10,0,10,131
04/16/2014,CAK,OH,AGL,CE,Combined TRACON& Tower with Radar,38,43,77,2,160,0,4,49,6,59,38,47,126,8,219,196,6,202,421
04/17/2014,CAK,OH,AGL,CE,Combined TRACON& Tower with Radar,41,48,64,1,154,0,3,56,3,62,41,51,120,4,216,94,0,94,310
04/18/2014,CAK,OH,AGL,CE,Combined TRACON& Tower with Radar,36,37,42,3,118,0,5,47,3,55,36,42,89,6,173,124,8,132,305
04/19/2014,CAK,OH,AGL,CE,Combined TRACON& Tower with Radar,31,21,50,1,103,0,1,50,0,51,31,22,100,1,154,90,3,93,247
04/20/2014,CAK,OH,AGL,CE,Combined TRACON& Tower with Radar,37,26,19,8,90,0,5,13,0,18,37,31,32,8,108,120,0,120,228
04/21/2014,CAK,OH,AGL,CE,Combined TRACON& Tower with Radar,38,38,46,1,123,0,1,38,1,40,38,39,84,2,163,89,0,89,252
04/22/2014,CAK,OH,AGL,CE,Combined TRACON& Tower with Radar,37,52,64,0,153,0,0,8,0,8,37,52,72,0,161,51,0,51,212
04/23/2014,CAK,OH,AGL,CE,Combined TRACON& Tower with Radar,34,43,50,7,134,0,1,14,18,33,34,44,64,25,167,105,0,105,272
04/24/2014,CAK,OH,AGL,CE,Combined TRACON& Tower with Radar,32,40,60,4,136,0,4,57,8,69,32,44,117,12,205,131,8,139,344
04/25/2014,CAK,OH,AGL,CE,Combined TRACON& Tower with Radar,34,55,39,1,129,0,0,4,1,5,34,55,43,2,134,43,0,43,177
04/26/2014,CAK,OH,AGL,CE,Combined TRACON& Tower with Radar,30,30,31,1,92,0,3,20,0,23,30,33,51,1,115,35,0,35,150
04/27/2014,CAK,OH,AGL,CE,Combined TRACON& Tower with Radar,34,39,49,4,126,0,3,45,0,48,34,42,94,4,174,127,10,137,311
04/28/2014,CAK,OH,AGL,CE,Combined TRACON& Tower with Radar,34,47,33,0,114,0,0,11,0,11,34,47,44,0,125,33,0,33,158
04/29/2014,CAK,OH,AGL,CE,Combined TRACON& Tower with Radar,34,40,46,4,124,0,0,1,6,7,34,40,47,10,131,16,8,24,155
04/30/2014,CAK,OH,AGL,CE,Combined TRACON& Tower with Radar,34,50,42,2,128,0,0,2,0,2,34,50,44,2,130,56,6,62,192
05/01/2014,CAK,OH,AGL,CE,Combined TRACON& Tower with Radar,36,65,52,6,159,0,4,23,2,29,36,69,75,8,188,44,0,44,232
05/02/2014,CAK,OH,AGL,CE,Combined TRACON& Tower with Radar,34,45,45,3,127,0,1,22,5,28,34,46,67,8,155,58,2,60,215
05/03/2014,CAK,OH,AGL,CE,Combined TRACON& Tower with Radar,30,25,22,0,77,0,0,6,0,6,30,25,28,0,83,28,0,28,111
05/04/2014,CAK,OH,AGL,CE,Combined TRACON& Tower with Radar,36,32,37,0,105,0,1,21,0,22,36,33,58,0,127,22,0,22,149
05/05/2014,CAK,OH,AGL,CE,Combined TRACON& Tower with Radar,34,41,37,0,112,0,0,47,2,49,34,41,84,2,161,69,10,79,240
05/06/2014,CAK,OH,AGL,CE,Combined TRACON& Tower with Radar,34,53,56,6,149,0,1,47,9,57,34,54,103,15,206,128,4,132,338
05/07/2014,CAK,OH,AGL,CE,Combined TRACON& Tower with Radar,34,42,51,11,138,0,2,31,1,34,34,44,82,12,172,94,0,94,266
05/08/2014,CAK,OH,AGL,CE,Combined TRACON& Tower with Radar,34,54,65,5,158,0,1,41,8,50,34,55,106,13,208,65,0,65,273
05/09/2014,CAK,OH,AGL,CE,Combined TRACON& Tower with Radar,34,55,48,1,138,0,1,9,3,13,34,56,57,4,151,43,4,47,198
05/10/2014,CAK,OH,AGL,CE,Combined TRACON& Tower with Radar,26,38,32,1,97,0,0,19,0,19,26,38,51,1,116,54,2,56,172
05/11/2014,CAK,OH,AGL,CE,Combined TRACON& Tower with Radar,35,36,20,0,91,0,1,13,0,14,35,37,33,0,105,24,2,26,131
05/12/2014,CAK,OH,AGL,CE,Combined TRACON& Tower with Radar,34,34,29,7,104,0,0,7,0,7,34,34,36,7,111,11,0,11,122
05/13/2014,CAK,OH,AGL,CE,Combined TRACON& Tower with Radar,38,47,53,6,144,0,1,29,5,35,38,48,82,11,179,47,2,49,228
05/14/2014,CAK,OH,AGL,CE,Combined TRACON& Tower with Radar,35,47,28,1,111,0,0,3,1,4,35,47,31,2,115,65,2,67,182
05/15/2014,CAK,OH,AGL,CE,Combined TRACON& Tower with Radar,37,55,34,3,129,0,0,1,5,6,37,55,35,8,135,26,0,26,161
05/16/2014,CAK,OH,AGL,CE,Combined TRACON& Tower with Radar,36,46,55,2,139,0,1,32,0,33,36,47,87,2,172,102,9,111,283
05/17/2014,CAK,OH,AGL,CE,Combined TRACON& Tower with Radar,30,32,40,1,103,0,0,4,1,5,30,32,44,2,108,63,14,77,185
05/18/2014,CAK,OH,AGL,CE,Combined TRACON& Tower with Radar,38,33,37,1,109,0,3,65,3,71,38,36,102,4,180,101,0,101,281
05/19/2014,CAK,OH,AGL,CE,Combined TRACON& Tower with Radar,36,37,48,0,121,0,7,47,2,56,36,44,95,2,177,95,8,103,280
05/20/2014,CAK,OH,AGL,CE,Combined TRACON& Tower with Radar,32,49,61,0,142,0,3,26,2,31,32,52,87,2,173,93,0,93,266
05/21/2014,CAK,OH,AGL,CE,Combined TRACON& Tower with Radar,38,53,26,4,121,0,0,9,2,11,38,53,35,6,132,9,0,9,141
05/22/2014,CAK,OH,AGL,CE,Combined TRACON& Tower with Radar,36,50,63,8,157,0,2,36,4,42,36,52,99,12,199,82,6,88,287
05/23/2014,CAK,OH,AGL,CE,Combined TRACON& Tower with Radar,38,62,54,0,154,0,7,27,0,34,38,69,81,0,188,85,0,85,273
05/24/2014,CAK,OH,AGL,CE,Combined TRACON& Tower with Radar,31,26,40,0,97,0,2,27,0,29,31,28,67,0,126,67,0,67,193
05/25/2014,CAK,OH,AGL,CE,Combined TRACON& Tower with Radar,34,30,22,2,88,0,4,34,0,38,34,34,56,2,126,99,2,101,227
05/26/2014,CAK,OH,AGL,CE,Combined TRACON& Tower with Radar,36,41,16,5,98,0,2,43,0,45,36,43,59,5,143,54,4,58,201
05/27/2014,CAK,OH,AGL,CE,Combined TRACON& Tower with Radar,34,42,41,10,127,0,2,27,2,31,34,44,68,12,158,13,0,13,171
05/28/2014,CAK,OH,AGL,CE,Combined TRACON& Tower with Radar,37,44,42,3,126,0,1,2,3,6,37,45,44,6,132,41,24,65,197
05/29/2014,CAK,OH,AGL,CE,Combined TRACON& Tower with Radar,37,48,59,13,157,0,1,50,2,53,37,49,109,15,210,110,2,112,322
05/30/2014,CAK,OH,AGL,CE,Combined TRACON& Tower with Radar,36,40,38,5,119,0,5,42,1,48,36,45,80,6,167,57,0,57,224
05/31/2014,CAK,OH,AGL,CE,Combined TRACON& Tower with Radar,30,28,37,3,98,0,2,40,1,43,30,30,77,4,141,59,0,59,200
06/01/2014,CAK,OH,AGL,CE,Combined TRACON& Tower with Radar,36,29,23,4,92,0,2,33,7,42,36,31,56,11,134,71,98,169,303
06/02/2014,CAK,OH,AGL,CE,Combined TRACON& Tower with Radar,38,37,45,4,124,0,0,20,9,29,38,37,65,13,153,64,13,77,230
06/03/2014,CAK,OH,AGL,CE,Combined TRACON& Tower with Radar,37,46,57,0,140,0,0,21,4,25,37,46,78,4,165,42,0,42,207
06/04/2014,CAK,OH,AGL,CE,Combined TRACON& Tower with Radar,37,46,45,3,131,0,4,29,5,38,37,50,74,8,169,37,0,37,206
06/05/2014,CAK,OH,AGL,CE,Combined TRACON& Tower with Radar,35,58,90,4,187,0,1,38,3,42,35,59,128,7,229,83,0,83,312
06/06/2014,CAK,OH,AGL,CE,Combined TRACON& Tower with Radar,34,51,44,1,130,0,4,34,4,42,34,55,78,5,172,45,4,49,221
06/07/2014,CAK,OH,AGL,CE,Combined TRACON& Tower with Radar,36,28,40,2,106,0,2,37,6,45,36,30,77,8,151,81,0,81,232
06/08/2014,CAK,OH,AGL,CE,Combined TRACON& Tower with Radar,37,26,32,0,95,0,0,7,0,7,37,26,39,0,102,16,0,16,118
06/09/2014,CAK,OH,AGL,CE,Combined TRACON& Tower with Radar,37,43,47,7,134,0,0,37,7,44,37,43,84,14,178,41,14,55,233
06/10/2014,CAK,OH,AGL,CE,Combined TRACON& Tower with Radar,37,40,58,2,137,0,3,9,8,20,37,43,67,10,157,61,0,61,218
06/11/2014,CAK,OH,AGL,CE,Combined TRACON& Tower with Radar,40,48,55,2,145,0,2,6,2,10,40,50,61,4,155,117,0,117,272
06/12/2014,CAK,OH,AGL,CE,Combined TRACON& Tower with Radar,38,44,53,0,135,0,0,11,11,22,38,44,64,11,157,15,0,15,172
06/13/2014,CAK,OH,AGL,CE,Combined TRACON& Tower with Radar,36,43,47,11,137,0,3,22,4,29,36,46,69,15,166,80,17,97,263
06/14/2014,CAK,OH,AGL,CE,Combined TRACON& Tower with Radar,35,28,37,1,101,0,2,34,0,36,35,30,71,1,137,47,0,47,184
06/15/2014,CAK,OH,AGL,CE,Combined TRACON& Tower with Radar,39,36,40,4,119,0,2,38,0,40,39,38,78,4,159,152,0,152,311
06/16/2014,CAK,OH,AGL,CE,Combined TRACON& Tower with Radar,38,41,36,1,116,0,4,16,0,20,38,45,52,1,136,48,0,48,184
06/17/2014,CAK,OH,AGL,CE,Combined TRACON& Tower with Radar,44,30,50,1,125,0,0,13,0,13,44,30,63,1,138,38,0,38,176
06/18/2014,CAK,OH,AGL,CE,Combined TRACON& Tower with Radar,40,39,59,1,139,0,1,9,9,19,40,40,68,10,158,54,8,62,220
06/19/2014,CAK,OH,AGL,CE,Combined TRACON& Tower with Radar,41,45,68,0,154,0,0,15,0,15,41,45,83,0,169,52,0,52,221
06/20/2014,CAK,OH,AGL,CE,Combined TRACON& Tower with Radar,45,49,40,0,134,0,0,31,0,31,45,49,71,0,165,77,3,80,245
06/21/2014,CAK,OH,AGL,CE,Combined TRACON& Tower with Radar,37,30,65,3,135,0,0,11,0,11,37,30,76,3,146,80,0,80,226
06/22/2014,CAK,OH,AGL,CE,Combined TRACON& Tower with Radar,38,36,34,0,108,0,2,28,0,30,38,38,62,0,138,33,0,33,171
06/23/2014,CAK,OH,AGL,CE,Combined TRACON& Tower with Radar,40,38,39,0,117,0,0,23,0,23,40,38,62,0,140,50,0,50,190
06/24/2014,CAK,OH,AGL,CE,Combined TRACON& Tower with Radar,40,43,34,3,120,0,2,17,3,22,40,45,51,6,142,35,0,35,177
06/25/2014,CAK,OH,AGL,CE,Combined TRACON& Tower with Radar,39,38,35,2,114,0,0,11,12,23,39,38,46,14,137,22,0,22,159
06/26/2014,CAK,OH,AGL,CE,Combined TRACON& Tower with Radar,43,40,54,3,140,0,3,24,3,30,43,43,78,6,170,79,4,83,253
06/27/2014,CAK,OH,AGL,CE,Combined TRACON& Tower with Radar,42,43,51,0,136,0,3,48,2,53,42,46,99,2,189,91,0,91,280
06/28/2014,CAK,OH,AGL,CE,Combined TRACON& Tower with Radar,37,30,31,0,98,0,2,31,0,33,37,32,62,0,131,77,8,85,216
06/29/2014,CAK,OH,AGL,CE,Combined TRACON& Tower with Radar,38,29,17,0,84,0,1,4,0,5,38,30,21,0,89,21,4,25,114
06/30/2014,CAK,OH,AGL,CE,Combined TRACON& Tower with Radar,40,44,47,0,131,0,0,26,0,26,40,44,73,0,157,58,0,58,215
07/01/2014,CAK,OH,AGL,CE,Combined TRACON& Tower with Radar,37,34,39,3,113,0,0,19,9,28,37,34,58,12,141,66,8,74,215
07/02/2014,CAK,OH,AGL,CE,Combined TRACON& Tower with Radar,36,46,39,3,124,0,0,28,5,33,36,46,67,8,157,36,0,36,193
07/03/2014,CAK,OH,AGL,CE,Combined TRACON& Tower with Radar,38,42,38,1,119,0,1,18,1,20,38,43,56,2,139,72,0,72,211
07/04/2014,CAK,OH,AGL,CE,Combined TRACON& Tower with Radar,35,33,24,0,92,0,1,34,0,35,35,34,58,0,127,65,0,65,192
07/05/2014,CAK,OH,AGL,CE,Combined TRACON& Tower with Radar,35,30,26,2,93,0,2,52,0,54,35,32,78,2,147,53,0,53,200
07/06/2014,CAK,OH,AGL,CE,Combined TRACON& Tower with Radar,40,35,49,2,126,0,2,38,0,40,40,37,87,2,166,175,2,177,343
07/07/2014,CAK,OH,AGL,CE,Combined TRACON& Tower with Radar,37,51,37,0,125,0,0,6,2,8,37,51,43,2,133,69,0,69,202
07/08/2014,CAK,OH,AGL,CE,Combined TRACON& Tower with Radar,36,51,32,1,120,0,0,1,3,4,36,51,33,4,124,38,0,38,162
07/09/2014,CAK,OH,AGL,CE,Combined TRACON& Tower with Radar,41,41,57,1,140,0,1,22,11,34,41,42,79,12,174,142,0,142,316
07/10/2014,CAK,OH,AGL,CE,Combined TRACON& Tower with Radar,37,54,72,3,166,0,1,59,8,68,37,55,131,11,234,106,8,114,348
07/11/2014,CAK,OH,AGL,CE,Combined TRACON& Tower with Radar,40,52,50,2,144,0,2,41,2,45,40,54,91,4,189,80,0,80,269
07/12/2014,CAK,OH,AGL,CE,Combined TRACON& Tower with Radar,36,36,34,15,121,0,1,51,1,53,36,37,85,16,174,67,18,85,259
07/13/2014,CAK,OH,AGL,CE,Combined TRACON& Tower with Radar,38,34,29,0,101,0,0,10,0,10,38,34,39,0,111,25,0,25,136
07/14/2014,CAK,OH,AGL,CE,Combined TRACON& Tower with Radar,37,32,48,4,121,0,1,19,0,20,37,33,67,4,141,98,0,98,239
07/15/2014,CAK,OH,AGL,CE,Combined TRACON& Tower with Radar,37,57,46,7,147,0,0,25,8,33,37,57,71,15,180,87,12,99,279
07/16/2014,CAK,OH,AGL,CE,Combined TRACON& Tower with Radar,39,37,48,2,126,0,0,43,8,51,39,37,91,10,177,101,0,101,278
07/17/2014,CAK,OH,AGL,CE,Combined TRACON& Tower with Radar,38,44,59,3,144,0,0,38,6,44,38,44,97,9,188,86,0,86,274
07/18/2014,CAK,OH,AGL,CE,Combined TRACON& Tower with Radar,38,50,54,1,143,0,3,39,5,47,38,53,93,6,190,106,8,114,304
07/19/2014,CAK,OH,AGL,CE,Combined TRACON& Tower with Radar,36,29,37,4,106,0,0,1,0,1,36,29,38,4,107,29,0,29,136
07/20/2014,CAK,OH,AGL,CE,Combined TRACON& Tower with Radar,40,36,33,5,114,0,2,30,0,32,40,38,63,5,146,94,0,94,240
07/21/2014,CAK,OH,AGL,CE,Combined TRACON& Tower with Radar,37,35,36,2,110,0,3,43,2,48,37,38,79,4,158,123,0,123,281
07/22/2014,CAK,OH,AGL,CE,Combined TRACON& Tower with Radar,38,43,54,3,138,0,0,41,3,44,38,43,95,6,182,126,0,126,308
07/23/2014,CAK,OH,AGL,CE,Combined TRACON& Tower with Radar,37,40,34,7,118,0,0,9,4,13,37,40,43,11,131,76,4,80,211
07/24/2014,CAK,OH,AGL,CE,Combined TRACON& Tower with Radar,37,45,48,0,130,0,0,54,12,66,37,45,102,12,196,83,0,83,279
07/25/2014,CAK,OH,AGL,CE,Combined TRACON& Tower with Radar,39,45,35,1,120,0,2,34,1,37,39,47,69,2,157,96,0,96,253
07/26/2014,CAK,OH,AGL,CE,Combined TRACON& Tower with Radar,36,25,29,0,90,0,3,35,0,38,36,28,64,0,128,89,0,89,217
07/27/2014,CAK,OH,AGL,CE,Combined TRACON& Tower with Radar,40,31,11,0,82,0,0,0,0,0,40,31,11,0,82,85,0,85,167
07/28/2014,CAK,OH,AGL,CE,Combined TRACON& Tower with Radar,38,49,34,2,123,0,0,14,0,14,38,49,48,2,137,37,0,37,174
07/29/2014,CAK,OH,AGL,CE,Combined TRACON& Tower with Radar,38,59,51,6,154,0,0,38,8,46,38,59,89,14,200,119,0,119,319
07/30/2014,CAK,OH,AGL,CE,Combined TRACON& Tower with Radar,40,57,49,2,148,0,1,32,0,33,40,58,81,2,181,97,0,97,278
07/31/2014,CAK,OH,AGL,CE,Combined TRACON& Tower with Radar,38,49,74,1,162,0,3,25,1,29,38,52,99,2,191,87,2,89,280
08/01/2014,CAK,OH,AGL,CE,Combined TRACON& Tower with Radar,39,59,66,0,164,0,1,37,2,40,39,60,103,2,204,101,0,101,305
08/02/2014,CAK,OH,AGL,CE,Combined TRACON& Tower with Radar,41,51,55,2,149,0,1,13,0,14,41,52,68,2,163,31,0,31,194
08/03/2014,CAK,OH,AGL,CE,Combined TRACON& Tower with Radar,42,42,53,3,140,0,1,23,0,24,42,43,76,3,164,119,0,119,283
08/04/2014,CAK,OH,AGL,CE,Combined TRACON& Tower with Radar,37,35,36,2,110,0,3,43,2,48,37,38,79,4,158,108,0,108,266
08/05/2014,CAK,OH,AGL,CE,Combined TRACON& Tower with Radar,37,40,55,1,133,0,0,26,3,29,37,40,81,4,162,48,0,48,210
08/06/2014,CAK,OH,AGL,CE,Combined TRACON& Tower with Radar,38,37,61,2,138,0,0,29,4,33,38,37,90,6,171,161,0,161,332
08/07/2014,CAK,OH,AGL,CE,Combined TRACON& Tower with Radar,37,46,50,2,135,0,0,69,5,74,37,46,119,7,209,83,0,83,292
08/08/2014,CAK,OH,AGL,CE,Combined TRACON& Tower with Radar,37,46,43,1,127,0,2,35,5,42,37,48,78,6,169,79,0,79,248
08/09/2014,CAK,OH,AGL,CE,Combined TRACON& Tower with Radar,35,32,35,0,102,0,1,46,0,47,35,33,81,0,149,66,0,66,215
08/10/2014,CAK,OH,AGL,CE,Combined TRACON& Tower with Radar,34,36,28,1,99,0,1,41,0,42,34,37,69,1,141,64,2,66,207
08/11/2014,CAK,OH,AGL,CE,Combined TRACON& Tower with Radar,32,41,28,0,101,0,0,2,0,2,32,41,30,0,103,25,0,25,128
08/12/2014,CAK,OH,AGL,CE,Combined TRACON& Tower with Radar,33,45,35,0,113,0,0,10,2,12,33,45,45,2,125,23,0,23,148
08/13/2014,CAK,OH,AGL,CE,Combined TRACON& Tower with Radar,33,54,80,1,168,0,0,24,6,30,33,54,104,7,198,81,14,95,293
08/14/2014,CAK,OH,AGL,CE,Combined TRACON& Tower with Radar,32,44,61,4,141,0,1,23,12,36,32,45,84,16,177,85,10,95,272
08/15/2014,CAK,OH,AGL,CE,Combined TRACON& Tower with Radar,32,41,45,6,124,0,3,52,1,56,32,44,97,7,180,126,14,140,320
08/16/2014,CAK,OH,AGL,CE,Combined TRACON& Tower with Radar,27,28,34,6,95,0,3,42,6,51,27,31,76,12,146,43,0,43,189
08/17/2014,CAK,OH,AGL,CE,Combined TRACON& Tower with Radar,31,33,33,0,97,0,1,17,2,20,31,34,50,2,117,38,0,38,155
08/18/2014,CAK,OH,AGL,CE,Combined TRACON& Tower with Radar,32,51,42,2,127,0,1,38,0,39,32,52,80,2,166,89,0,89,255
08/19/2014,CAK,OH,AGL,CE,Combined TRACON& Tower with Radar,30,52,54,2,138,0,1,69,4,74,30,53,123,6,212,115,0,115,327
08/20/2014,CAK,OH,AGL,CE,Combined TRACON& Tower with Radar,33,46,53,2,134,0,0,11,8,19,33,46,64,10,153,82,4,86,239
08/21/2014,CAK,OH,AGL,CE,Combined TRACON& Tower with Radar,31,51,55,1,138,0,4,11,1,16,31,55,66,2,154,55,0,55,209
08/22/2014,CAK,OH,AGL,CE,Combined TRACON& Tower with Radar,33,49,57,2,141,0,3,2,0,5,33,52,59,2,146,44,4,48,194
08/23/2014,CAK,OH,AGL,CE,Combined TRACON& Tower with Radar,26,28,50,2,106,0,1,31,0,32,26,29,81,2,138,38,1,39,177
08/24/2014,CAK,OH,AGL,CE,Combined TRACON& Tower with Radar,30,37,22,2,91,0,1,29,0,30,30,38,51,2,121,56,0,56,177
08/25/2014,CAK,OH,AGL,CE,Combined TRACON& Tower with Radar,33,46,45,2,126,0,1,41,0,42,33,47,86,2,168,117,0,117,285
08/26/2014,CAK,OH,AGL,CE,Combined TRACON& Tower with Radar,34,57,40,1,132,0,3,19,7,29,34,60,59,8,161,51,0,51,212
08/27/2014,CAK,OH,AGL,CE,Combined TRACON& Tower with Radar,32,47,48,4,131,0,0,21,6,27,32,47,69,10,158,109,8,117,275
08/28/2014,CAK,OH,AGL,CE,Combined TRACON& Tower with Radar,32,51,67,4,154,0,0,59,4,63,32,51,126,8,217,163,0,163,380
08/29/2014,CAK,OH,AGL,CE,Combined TRACON& Tower with Radar,31,59,49,2,141,0,2,35,2,39,31,61,84,4,180,63,2,65,245
08/30/2014,CAK,OH,AGL,CE,Combined TRACON& Tower with Radar,26,30,28,4,88,0,3,20,0,23,26,33,48,4,111,61,0,61,172
08/31/2014,CAK,OH,AGL,CE,Combined TRACON& Tower with Radar,28,22,18,0,68,0,0,4,0,4,28,22,22,0,72,84,0,84,156
09/01/2014,CAK,OH,AGL,CE,Combined TRACON& Tower with Radar,32,32,36,0,100,0,2,6,0,8,32,34,42,0,108,29,0,29,137
09/02/2014,CAK,OH,AGL,CE,Combined TRACON& Tower with Radar,27,41,34,2,104,0,0,8,8,16,27,41,42,10,120,37,0,37,157
09/03/2014,CAK,OH,AGL,CE,Combined TRACON& Tower with Radar,31,41,51,2,125,0,0,29,4,33,31,41,80,6,158,99,0,99,257
09/04/2014,CAK,OH,AGL,CE,Combined TRACON& Tower with Radar,32,38,68,3,141,0,2,45,3,50,32,40,113,6,191,109,0,109,300
09/05/2014,CAK,OH,AGL,CE,Combined TRACON& Tower with Radar,33,46,53,2,134,0,3,18,1,22,33,49,71,3,156,131,8,139,295
09/06/2014,CAK,OH,AGL,CE,Combined TRACON& Tower with Radar,27,29,43,0,99,0,0,3,0,3,27,29,46,0,102,24,0,24,126
09/07/2014,CAK,OH,AGL,CE,Combined TRACON& Tower with Radar,30,32,43,0,105,0,2,38,0,40,30,34,81,0,145,66,0,66,211
09/08/2014,CAK,OH,AGL,CE,Combined TRACON& Tower with Radar,32,45,52,0,129,0,0,34,0,34,32,45,86,0,163,26,0,26,189
09/09/2014,CAK,OH,AGL,CE,Combined TRACON& Tower with Radar,32,42,54,5,133,0,0,23,7,30,32,42,77,12,163,18,0,18,181
09/10/2014,CAK,OH,AGL,CE,Combined TRACON& Tower with Radar,32,46,44,0,122,0,0,19,0,19,32,46,63,0,141,17,0,17,158
09/11/2014,CAK,OH,AGL,CE,Combined TRACON& Tower with Radar,32,54,68,15,169,0,1,0,1,2,32,55,68,16,171,26,0,26,197
09/12/2014,CAK,OH,AGL,CE,Combined TRACON& Tower with Radar,32,50,43,3,128,0,0,18,1,19,32,50,61,4,147,77,0,77,224
09/13/2014,CAK,OH,AGL,CE,Combined TRACON& Tower with Radar,26,25,47,2,100,0,2,24,0,26,26,27,71,2,126,80,0,80,206
09/14/2014,CAK,OH,AGL,CE,Combined TRACON& Tower with Radar,30,41,40,0,111,0,3,45,0,48,30,44,85,0,159,103,0,103,262
09/15/2014,CAK,OH,AGL,CE,Combined TRACON& Tower with Radar,32,40,46,0,118,0,3,38,0,41,32,43,84,0,159,57,0,57,216
09/16/2014,CAK,OH,AGL,CE,Combined TRACON& Tower with Radar,32,46,63,14,155,0,0,35,4,39,32,46,98,18,194,62,11,73,267
09/17/2014,CAK,OH,AGL,CE,Combined TRACON& Tower with Radar,32,44,76,1,153,0,0,43,5,48,32,44,119,6,201,105,0,105,306
09/18/2014,CAK,OH,AGL,CE,Combined TRACON& Tower with Radar,32,43,58,3,136,0,2,45,4,51,32,45,103,7,187,67,54,121,308
09/19/2014,CAK,OH,AGL,CE,Combined TRACON& Tower with Radar,34,49,51,0,134,0,3,47,2,52,34,52,98,2,186,63,0,63,249
09/20/2014,CAK,OH,AGL,CE,Combined TRACON& Tower with Radar,25,29,32,0,86,0,1,23,6,30,25,30,55,6,116,64,10,74,190
09/21/2014,CAK,OH,AGL,CE,Combined TRACON& Tower with Radar,32,36,23,1,92,0,0,3,3,6,32,36,26,4,98,30,0,30,128
09/22/2014,CAK,OH,AGL,CE,Combined TRACON& Tower with Radar,32,39,45,2,118,0,0,28,2,30,32,39,73,4,148,50,2,52,200
09/23/2014,CAK,OH,AGL,CE,Combined TRACON& Tower with Radar,31,45,59,6,141,0,1,32,5,38,31,46,91,11,179,118,26,144,323
09/24/2014,CAK,OH,AGL,CE,Combined TRACON& Tower with Radar,32,45,47,1,125,0,4,40,12,56,32,49,87,13,181,35,12,47,228
09/25/2014,CAK,OH,AGL,CE,Combined TRACON& Tower with Radar,32,42,80,3,157,0,3,45,5,53,32,45,125,8,210,162,2,164,374
09/26/2014,CAK,OH,AGL,CE,Combined TRACON& Tower with Radar,34,45,56,1,136,0,5,33,1,39,34,50,89,2,175,51,0,51,226
09/27/2014,CAK,OH,AGL,CE,Combined TRACON& Tower with Radar,28,25,27,4,84,0,2,36,10,48,28,27,63,14,132,32,40,72,204
09/28/2014,CAK,OH,AGL,CE,Combined TRACON& Tower with Radar,29,24,45,4,102,0,4,49,4,57,29,28,94,8,159,63,29,92,251
09/29/2014,CAK,OH,AGL,CE,Combined TRACON& Tower with Radar,32,50,48,0,130,0,2,25,0,27,32,52,73,0,157,68,10,78,235
09/30/2014,CAK,OH,AGL,CE,Combined TRACON& Tower with Radar,32,40,59,4,135,0,0,3,2,5,32,40,62,6,140,26,6,32,172
10/01/2014,CAK,OH,AGL,CE,Combined TRACON& Tower with Radar,33,57,72,5,167,0,0,13,5,18,33,57,85,10,185,88,0,88,273
10/02/2014,CAK,OH,AGL,CE,Combined TRACON& Tower with Radar,33,61,47,4,145,0,3,42,9,54,33,64,89,13,199,89,2,91,290
10/03/2014,CAK,OH,AGL,CE,Combined TRACON& Tower with Radar,33,54,25,5,117,0,0,4,0,4,33,54,29,5,121,29,0,29,150
10/04/2014,CAK,OH,AGL,CE,Combined TRACON& Tower with Radar,28,24,24,0,76,0,0,0,0,0,28,24,24,0,76,23,0,23,99
10/05/2014,CAK,OH,AGL,CE,Combined TRACON& Tower with Radar,31,35,37,0,103,0,4,26,0,30,31,39,63,0,133,79,0,79,212
10/06/2014,CAK,OH,AGL,CE,Combined TRACON& Tower with Radar,30,50,35,0,115,0,0,5,0,5,30,50,40,0,120,31,0,31,151
10/07/2014,CAK,OH,AGL,CE,Combined TRACON& Tower with Radar,32,47,46,3,128,0,2,10,5,17,32,49,56,8,145,56,0,56,201
10/08/2014,CAK,OH,AGL,CE,Combined TRACON& Tower with Radar,31,42,33,2,108,0,2,14,4,20,31,44,47,6,128,51,0,51,179
10/09/2014,CAK,OH,AGL,CE,Combined TRACON& Tower with Radar,29,47,56,6,138,0,1,36,3,40,29,48,92,9,178,27,0,27,205
10/10/2014,CAK,OH,AGL,CE,Combined TRACON& Tower with Radar,33,46,51,0,130,0,2,21,0,23,33,48,72,0,153,66,0,66,219
10/11/2014,CAK,OH,AGL,CE,Combined TRACON& Tower with Radar,28,35,43,0,106,0,3,16,0,19,28,38,59,0,125,103,0,103,228
10/12/2014,CAK,OH,AGL,CE,Combined TRACON& Tower with Radar,31,37,39,0,107,0,1,32,0,33,31,38,71,0,140,85,0,85,225
10/13/2014,CAK,OH,AGL,CE,Combined TRACON& Tower with Radar,32,45,45,0,122,0,0,6,0,6,32,45,51,0,128,85,0,85,213
10/14/2014,CAK,OH,AGL,CE,Combined TRACON& Tower with Radar,32,52,44,1,129,0,0,4,4,8,32,52,48,5,137,35,0,35,172
10/15/2014,CAK,OH,AGL,CE,Combined TRACON& Tower with Radar,34,54,53,5,146,0,0,11,5,16,34,54,64,10,162,53,10,63,225
10/16/2014,CAK,OH,AGL,CE,Combined TRACON& Tower with Radar,31,56,47,0,134,0,2,2,0,4,31,58,49,0,138,14,0,14,152
10/17/2014,CAK,OH,AGL,CE,Combined TRACON& Tower with Radar,33,51,52,1,137,0,6,12,0,18,33,57,64,1,155,42,0,42,197
10/18/2014,CAK,OH,AGL,CE,Combined TRACON& Tower with Radar,26,30,35,1,92,0,0,0,0,0,26,30,35,1,92,69,0,69,161
10/19/2014,CAK,OH,AGL,CE,Combined TRACON& Tower with Radar,31,37,35,0,103,0,2,31,0,33,31,39,66,0,136,131,10,141,277
10/20/2014,CAK,OH,AGL,CE,Combined TRACON& Tower with Radar,30,48,38,2,118,0,1,26,0,27,30,49,64,2,145,51,0,51,196
10/21/2014,CAK,OH,AGL,CE,Combined TRACON& Tower with Radar,32,55,47,2,136,0,0,2,0,2,32,55,49,2,138,25,0,25,163
10/22/2014,CAK,OH,AGL,CE,Combined TRACON& Tower with Radar,31,46,58,1,136,0,0,9,2,11,31,46,67,3,147,143,0,143,290
10/23/2014,CAK,OH,AGL,CE,Combined TRACON& Tower with Radar,33,51,73,2,159,0,3,26,5,34,33,54,99,7,193,103,0,103,296
10/24/2014,CAK,OH,AGL,CE,Combined TRACON& Tower with Radar,32,43,53,5,133,0,5,41,5,51,32,48,94,10,184,86,8,94,278
10/25/2014,CAK,OH,AGL,CE,Combined TRACON& Tower with Radar,26,28,54,0,108,0,2,30,0,32,26,30,84,0,140,66,0,66,206
10/26/2014,CAK,OH,AGL,CE,Combined TRACON& Tower with Radar,30,34,34,0,98,0,1,41,0,42,30,35,75,0,140,119,12,131,271
10/27/2014,CAK,OH,AGL,CE,Combined TRACON& Tower with Radar,34,48,37,1,120,0,3,25,1,29,34,51,62,2,149,104,0,104,253
10/28/2014,CAK,OH,AGL,CE,Combined TRACON& Tower with Radar,32,43,52,2,129,0,1,12,4,17,32,44,64,6,146,45,0,45,191
10/29/2014,CAK,OH,AGL,CE,Combined TRACON& Tower with Radar,30,53,46,1,130,0,4,35,9,48,30,57,81,10,178,154,0,154,332
10/30/2014,CAK,OH,AGL,CE,Combined TRACON& Tower with Radar,33,53,66,4,156,0,1,23,2,26,33,54,89,6,182,88,0,88,270
10/31/2014,CAK,OH,AGL,CE,Combined TRACON& Tower with Radar,32,34,26,2,94,0,3,13,0,16,32,37,39,2,110,34,0,34,144
11/01/2014,CAK,OH,AGL,CE,Combined TRACON& Tower with Radar,27,37,10,0,74,0,0,0,0,0,27,37,10,0,74,15,0,15,89
11/02/2014,CAK,OH,AGL,CE,Combined TRACON& Tower with Radar,38,34,35,0,107,0,0,41,0,41,38,34,76,0,148,46,0,46,194
11/03/2014,CAK,OH,AGL,CE,Combined TRACON& Tower with Radar,36,49,40,1,126,0,1,31,1,33,36,50,71,2,159,77,0,77,236
11/04/2014,CAK,OH,AGL,CE,Combined TRACON& Tower with Radar,34,49,54,3,140,0,0,13,1,14,34,49,67,4,154,71,0,71,225
11/05/2014,CAK,OH,AGL,CE,Combined TRACON& Tower with Radar,34,49,42,3,128,0,0,39,3,42,34,49,81,6,170,121,0,121,291
11/06/2014,CAK,OH,AGL,CE,Combined TRACON& Tower with Radar,36,49,58,4,147,0,1,1,0,2,36,50,59,4,149,63,0,63,212
11/07/2014,CAK,OH,AGL,CE,Combined TRACON& Tower with Radar,36,60,35,2,133,0,1,16,0,17,36,61,51,2,150,62,2,64,214
11/08/2014,CAK,OH,AGL,CE,Combined TRACON& Tower with Radar,33,28,17,0,78,0,0,10,0,10,33,28,27,0,88,47,0,47,135
11/09/2014,CAK,OH,AGL,CE,Combined TRACON& Tower with Radar,39,27,33,0,99,0,2,23,0,25,39,29,56,0,124,71,0,71,195
11/10/2014,CAK,OH,AGL,CE,Combined TRACON& Tower with Radar,38,43,44,0,125,0,3,64,0,67,38,46,108,0,192,124,4,128,320
11/11/2014,CAK,OH,AGL,CE,Combined TRACON& Tower with Radar,36,56,42,0,134,0,9,14,0,23,36,65,56,0,157,40,0,40,197
11/12/2014,CAK,OH,AGL,CE,Combined TRACON& Tower with Radar,36,52,48,1,137,0,1,14,3,18,36,53,62,4,155,108,0,108,263
11/13/2014,CAK,OH,AGL,CE,Combined TRACON& Tower with Radar,31,38,20,6,95,0,0,3,1,4,31,38,23,7,99,27,0,27,126
11/14/2014,CAK,OH,AGL,CE,Combined TRACON& Tower with Radar,35,51,46,12,144,0,2,7,2,11,35,53,53,14,155,32,0,32,187
11/15/2014,CAK,OH,AGL,CE,Combined TRACON& Tower with Radar,32,31,27,5,95,0,1,26,1,28,32,32,53,6,123,68,2,70,193
11/16/2014,CAK,OH,AGL,CE,Combined TRACON& Tower with Radar,37,32,38,19,126,0,0,4,1,5,37,32,42,20,131,27,2,29,160
11/17/2014,CAK,OH,AGL,CE,Combined TRACON& Tower with Radar,41,35,21,0,97,0,0,0,0,0,41,35,21,0,97,47,0,47,144
11/18/2014,CAK,OH,AGL,CE,Combined TRACON& Tower with Radar,44,48,25,1,118,0,2,6,5,13,44,50,31,6,131,28,0,28,159
11/19/2014,CAK,OH,AGL,CE,Combined TRACON& Tower with Radar,38,51,55,0,144,0,3,3,0,6,38,54,58,0,150,74,0,74,224
11/20/2014,CAK,OH,AGL,CE,Combined TRACON& Tower with Radar,38,50,49,3,140,0,1,12,5,18,38,51,61,8,158,25,0,25,183
11/21/2014,CAK,OH,AGL,CE,Combined TRACON& Tower with Radar,38,54,39,1,132,0,2,37,1,40,38,56,76,2,172,100,0,100,272
11/22/2014,CAK,OH,AGL,CE,Combined TRACON& Tower with Radar,32,31,8,0,71,0,0,3,0,3,32,31,11,0,74,19,0,19,93
11/23/2014,CAK,OH,AGL,CE,Combined TRACON& Tower with Radar,36,33,33,0,102,0,0,21,0,21,36,33,54,0,123,42,0,42,165
11/24/2014,CAK,OH,AGL,CE,Combined TRACON& Tower with Radar,39,36,15,0,90,0,0,0,0,0,39,36,15,0,90,34,0,34,124
11/25/2014,CAK,OH,AGL,CE,Combined TRACON& Tower with Radar,42,50,53,3,148,0,1,11,7,19,42,51,64,10,167,27,0,27,194
11/26/2014,CAK,OH,AGL,CE,Combined TRACON& Tower with Radar,42,48,37,2,129,0,2,25,0,27,42,50,62,2,156,72,0,72,228
11/27/2014,CAK,OH,AGL,CE,Combined TRACON& Tower with Radar,26,33,3,0,62,0,0,0,0,0,26,33,3,0,62,17,0,17,79
11/28/2014,CAK,OH,AGL,CE,Combined TRACON& Tower with Radar,33,29,16,0,78,0,2,21,0,23,33,31,37,0,101,52,0,52,153
11/29/2014,CAK,OH,AGL,CE,Combined TRACON& Tower with Radar,32,35,22,0,89,0,0,27,0,27,32,35,49,0,116,63,0,63,179
11/30/2014,CAK,OH,AGL,CE,Combined TRACON& Tower with Radar,44,29,37,0,110,0,0,6,0,6,44,29,43,0,116,39,0,39,155
12/01/2014,CAK,OH,AGL,CE,Combined TRACON& Tower with Radar,43,45,25,0,113,0,2,8,0,10,43,47,33,0,123,47,0,47,170
12/02/2014,CAK,OH,AGL,CE,Combined TRACON& Tower with Radar,37,52,29,3,121,0,0,0,1,1,37,52,29,4,122,21,0,21,143
12/03/2014,CAK,OH,AGL,CE,Combined TRACON& Tower with Radar,40,51,38,2,131,0,0,12,7,19,40,51,50,9,150,36,4,40,190
12/04/2014,CAK,OH,AGL,CE,Combined TRACON& Tower with Radar,42,44,54,3,143,0,1,42,7,50,42,45,96,10,193,113,0,113,306
12/05/2014,CAK,OH,AGL,CE,Combined TRACON& Tower with Radar,40,48,37,0,125,0,0,0,0,0,40,48,37,0,125,42,0,42,167
12/06/2014,CAK,OH,AGL,CE,Combined TRACON& Tower with Radar,32,36,18,0,86,0,0,4,0,4,32,36,22,0,90,34,0,34,124
12/07/2014,CAK,OH,AGL,CE,Combined TRACON& Tower with Radar,38,41,71,0,150,0,0,59,0,59,38,41,130,0,209,122,0,122,331
12/08/2014,CAK,OH,AGL,CE,Combined TRACON& Tower with Radar,39,43,53,2,137,0,1,26,1,28,39,44,79,3,165,85,0,85,250
12/09/2014,CAK,OH,AGL,CE,Combined TRACON& Tower with Radar,37,60,51,0,148,0,0,4,1,5,37,60,55,1,153,42,0,42,195
12/10/2014,CAK,OH,AGL,CE,Combined TRACON& Tower with Radar,38,49,38,0,125,0,0,2,0,2,38,49,40,0,127,16,10,26,153
12/11/2014,CAK,OH,AGL,CE,Combined TRACON& Tower with Radar,42,47,72,6,167,0,0,12,6,18,42,47,84,12,185,41,0,41,226
12/12/2014,CAK,OH,AGL,CE,Combined TRACON& Tower with Radar,39,59,46,1,145,0,1,0,0,1,39,60,46,1,146,38,0,38,184
12/13/2014,CAK,OH,AGL,CE,Combined TRACON& Tower with Radar,32,34,11,0,77,0,0,0,0,0,32,34,11,0,77,19,0,19,96
12/14/2014,CAK,OH,AGL,CE,Combined TRACON& Tower with Radar,37,39,34,2,112,0,0,0,0,0,37,39,34,2,112,42,0,42,154
12/15/2014,CAK,OH,AGL,CE,Combined TRACON& Tower with Radar,37,41,75,4,157,0,0,18,2,20,37,41,93,6,177,57,0,57,234
12/16/2014,CAK,OH,AGL,CE,Combined TRACON& Tower with Radar,39,48,82,5,174,0,0,1,1,2,39,48,83,6,176,61,0,61,237
12/17/2014,CAK,OH,AGL,CE,Combined TRACON& Tower with Radar,39,37,34,0,110,0,0,4,1,5,39,37,38,1,115,7,0,7,122
12/18/2014,CAK,OH,AGL,CE,Combined TRACON& Tower with Radar,42,40,37,4,123,0,0,5,2,7,42,40,42,6,130,11,0,11,141
12/19/2014,CAK,OH,AGL,CE,Combined TRACON& Tower with Radar,40,50,28,1,119,0,0,4,1,5,40,50,32,2,124,27,0,27,151
12/20/2014,CAK,OH,AGL,CE,Combined TRACON& Tower with Radar,33,31,44,0,108,0,0,24,0,24,33,31,68,0,132,56,0,56,188
12/21/2014,CAK,OH,AGL,CE,Combined TRACON& Tower with Radar,37,33,23,0,93,0,0,14,2,16,37,33,37,2,109,85,0,85,194
12/22/2014,CAK,OH,AGL,CE,Combined TRACON& Tower with Radar,37,42,42,4,125,0,1,34,0,35,37,43,76,4,160,103,0,103,263
12/23/2014,CAK,OH,AGL,CE,Combined TRACON& Tower with Radar,34,33,35,8,110,0,0,1,0,1,34,33,36,8,111,63,16,79,190
12/24/2014,CAK,OH,AGL,CE,Combined TRACON& Tower with Radar,35,27,10,0,72,0,0,0,0,0,35,27,10,0,72,16,0,16,88
12/25/2014,CAK,OH,AGL,CE,Combined TRACON& Tower with Radar,31,17,3,0,51,0,0,0,0,0,31,17,3,0,51,3,0,3,54
12/26/2014,CAK,OH,AGL,CE,Combined TRACON& Tower with Radar,36,41,35,1,113,0,3,29,1,33,36,44,64,2,146,37,0,37,183
12/27/2014,CAK,OH,AGL,CE,Combined TRACON& Tower with Radar,30,34,43,0,107,0,1,16,0,17,30,35,59,0,124,27,0,27,151
12/28/2014,CAK,OH,AGL,CE,Combined TRACON& Tower with Radar,38,32,25,2,97,0,0,4,0,4,38,32,29,2,101,15,0,15,116
12/29/2014,CAK,OH,AGL,CE,Combined TRACON& Tower with Radar,38,30,14,4,86,0,0,19,2,21,38,30,33,6,107,47,2,49,156
12/30/2014,CAK,OH,AGL,CE,Combined TRACON& Tower with Radar,38,39,22,3,102,0,0,21,3,24,38,39,43,6,126,15,0,15,141
12/31/2014,CAK,OH,AGL,CE,Combined TRACON& Tower with Radar,32,26,17,5,80,0,2,14,1,17,32,28,31,6,97,41,0,41,138
01/01/2015,CAK,OH,AGL,CE,Combined TRACON& Tower with Radar,31,21,8,0,60,0,0,3,0,3,31,21,11,0,63,2,0,2,65
01/02/2015,CAK,OH,AGL,CE,Combined TRACON& Tower with Radar,38,32,34,0,104,0,3,29,0,32,38,35,63,0,136,36,0,36,172
01/03/2015,CAK,OH,AGL,CE,Combined TRACON& Tower with Radar,31,30,17,0,78,0,1,0,0,1,31,31,17,0,79,8,0,8,87
01/04/2015,CAK,OH,AGL,CE,Combined TRACON& Tower with Radar,38,31,20,0,89,0,0,0,0,0,38,31,20,0,89,13,0,13,102
01/05/2015,CAK,OH,AGL,CE,Combined TRACON& Tower with Radar,40,40,12,0,92,0,2,7,0,9,40,42,19,0,101,23,0,23,124
01/06/2015,CAK,OH,AGL,CE,Combined TRACON& Tower with Radar,39,36,29,0,104,0,0,7,2,9,39,36,36,2,113,13,0,13,126
01/07/2015,CAK,OH,AGL,CE,Combined TRACON& Tower with Radar,41,39,25,1,106,0,0,1,1,2,41,39,26,2,108,6,0,6,114
01/08/2015,CAK,OH,AGL,CE,Combined TRACON& Tower with Radar,40,40,34,0,114,0,1,7,0,8,40,41,41,0,122,29,0,29,151
01/09/2015,CAK,OH,AGL,CE,Combined TRACON& Tower with Radar,37,55,22,0,114,0,0,1,0,1,37,55,23,0,115,27,0,27,142
01/10/2015,CAK,OH,AGL,CE,Combined TRACON& Tower with Radar,28,25,18,0,71,0,0,17,0,17,28,25,35,0,88,27,0,27,115
01/11/2015,CAK,OH,AGL,CE,Combined TRACON& Tower with Radar,31,30,24,0,85,0,0,21,0,21,31,30,45,0,106,41,14,55,161
01/12/2015,CAK,OH,AGL,CE,Combined TRACON& Tower with Radar,38,36,16,0,90,0,0,0,0,0,38,36,16,0,90,9,0,9,99
01/13/2015,CAK,OH,AGL,CE,Combined TRACON& Tower with Radar,34,43,48,2,127,0,1,15,12,28,34,44,63,14,155,23,2,25,180
01/14/2015,CAK,OH,AGL,CE,Combined TRACON& Tower with Radar,42,32,47,4,125,0,3,14,4,21,42,35,61,8,146,73,3,76,222
01/15/2015,CAK,OH,AGL,CE,Combined TRACON& Tower with Radar,40,44,45,2,131,0,0,11,2,13,40,44,56,4,144,31,8,39,183
01/16/2015,CAK,OH,AGL,CE,Combined TRACON& Tower with Radar,42,39,35,3,119,0,1,9,1,11,42,40,44,4,130,53,2,55,185
01/17/2015,CAK,OH,AGL,CE,Combined TRACON& Tower with Radar,29,24,21,0,74,0,0,13,0,13,29,24,34,0,87,63,0,63,150
01/18/2015,CAK,OH,AGL,CE,Combined TRACON& Tower with Radar,31,20,14,0,65,0,0,0,0,0,31,20,14,0,65,20,0,20,85
01/19/2015,CAK,OH,AGL,CE,Combined TRACON& Tower with Radar,40,30,34,0,104,0,0,18,0,18,40,30,52,0,122,37,0,37,159
01/20/2015,CAK,OH,AGL,CE,Combined TRACON& Tower with Radar,40,39,41,0,120,0,0,0,0,0,40,39,41,0,120,14,0,14,134
01/21/2015,CAK,OH,AGL,CE,Combined TRACON& Tower with Radar,40,44,15,0,99,0,0,0,0,0,40,44,15,0,99,10,0,10,109
01/22/2015,CAK,OH,AGL,CE,Combined TRACON& Tower with Radar,39,34,38,1,112,0,1,2,1,4,39,35,40,2,116,7,22,29,145
01/23/2015,CAK,OH,AGL,CE,Combined TRACON& Tower with Radar,38,42,31,1,112,0,0,20,1,21,38,42,51,2,133,28,10,38,171
01/24/2015,CAK,OH,AGL,CE,Combined TRACON& Tower with Radar,30,22,24,0,76,0,0,1,0,1,30,22,25,0,77,7,0,7,84
01/25/2015,CAK,OH,AGL,CE,Combined TRACON& Tower with Radar,33,18,14,0,65,0,0,0,0,0,33,18,14,0,65,7,0,7,72
01/26/2015,CAK,OH,AGL,CE,Combined TRACON& Tower with Radar,35,31,16,0,82,0,0,0,0,0,35,31,16,0,82,7,0,7,89
01/27/2015,CAK,OH,AGL,CE,Combined TRACON& Tower with Radar,38,35,19,5,97,0,0,1,11,12,38,35,20,16,109,23,0,23,132
01/28/2015,CAK,OH,AGL,CE,Combined TRACON& Tower with Radar,42,44,71,6,163,0,0,28,4,32,42,44,99,10,195,128,0,128,323
01/29/2015,CAK,OH,AGL,CE,Combined TRACON& Tower with Radar,42,37,17,1,97,0,0,7,1,8,42,37,24,2,105,9,0,9,114
01/30/2015,CAK,OH,AGL,CE,Combined TRACON& Tower with Radar,39,41,23,3,106,0,0,5,1,6,39,41,28,4,112,29,0,29,141
01/31/2015,CAK,OH,AGL,CE,Combined TRACON& Tower with Radar,30,24,36,4,94,0,0,28,2,30,30,24,64,6,124,19,0,19,143
02/01/2015,CAK,OH,AGL,CE,Combined TRACON& Tower with Radar,27,16,8,0,51,0,0,0,0,0,27,16,8,0,51,6,0,6,57
02/02/2015,CAK,OH,AGL,CE,Combined TRACON& Tower with Radar,34,33,21,0,88,0,0,0,0,0,34,33,21,0,88,12,0,12,100
02/03/2015,CAK,OH,AGL,CE,Combined TRACON& Tower with Radar,41,38,54,2,135,0,0,11,4,15,41,38,65,6,150,32,6,38,188
02/04/2015,CAK,OH,AGL,CE,Combined TRACON& Tower with Radar,40,35,56,3,134,0,0,6,1,7,40,35,62,4,141,31,0,31,172
02/05/2015,CAK,OH,AGL,CE,Combined TRACON& Tower with Radar,38,45,40,4,127,0,0,9,4,13,38,45,49,8,140,44,2,46,186
02/06/2015,CAK,OH,AGL,CE,Combined TRACON& Tower with Radar,42,40,34,2,118,0,0,18,4,22,42,40,52,6,140,55,8,63,203
02/07/2015,CAK,OH,AGL,CE,Combined TRACON& Tower with Radar,29,21,28,4,82,0,0,18,12,30,29,21,46,16,112,41,2,43,155
02/08/2015,CAK,OH,AGL,CE,Combined TRACON& Tower with Radar,30,23,24,3,80,0,0,6,7,13,30,23,30,10,93,29,4,33,126
02/09/2015,CAK,OH,AGL,CE,Combined TRACON& Tower with Radar,38,30,30,0,98,0,0,7,2,9,38,30,37,2,107,44,0,44,151
02/10/2015,CAK,OH,AGL,CE,Combined TRACON& Tower with Radar,40,40,32,2,114,0,0,9,6,15,40,40,41,8,129,65,0,65,194
02/11/2015,CAK,OH,AGL,CE,Combined TRACON& Tower with Radar,40,38,41,2,121,0,0,21,0,21,40,38,62,2,142,56,0,56,198
02/12/2015,CAK,OH,AGL,CE,Combined TRACON& Tower with Radar,38,45,32,1,116,0,2,0,5,7,38,47,32,6,123,6,0,6,129
02/13/2015,CAK,OH,AGL,CE,Combined TRACON& Tower with Radar,38,43,68,0,149,0,3,21,0,24,38,46,89,0,173,44,2,46,219
02/14/2015,CAK,OH,AGL,CE,Combined TRACON& Tower with Radar,28,23,5,0,56,0,0,0,0,0,28,23,5,0,56,11,0,11,67
02/15/2015,CAK,OH,AGL,CE,Combined TRACON& Tower with Radar,25,26,17,0,68,0,0,0,0,0,25,26,17,0,68,9,0,9,77
02/16/2015,CAK,OH,AGL,CE,Combined TRACON& Tower with Radar,37,32,33,0,102,0,0,9,0,9,37,32,42,0,111,68,0,68,179
02/17/2015,CAK,OH,AGL,CE,Combined TRACON& Tower with Radar,38,35,49,1,123,0,0,16,1,17,38,35,65,2,140,50,0,50,190
02/18/2015,CAK,OH,AGL,CE,Combined TRACON& Tower with Radar,38,55,13,1,107,0,0,0,1,1,38,55,13,2,108,8,0,8,116
02/19/2015,CAK,OH,AGL,CE,Combined TRACON& Tower with Radar,37,45,41,0,123,0,0,0,0,0,37,45,41,0,123,5,0,5,128
02/20/2015,CAK,OH,AGL,CE,Combined TRACON& Tower with Radar,38,51,25,1,115,0,0,4,2,6,38,51,29,3,121,25,0,25,146
02/21/2015,CAK,OH,AGL,CE,Combined TRACON& Tower with Radar,17,31,6,0,54,0,0,0,0,0,17,31,6,0,54,7,0,7,61
02/22/2015,CAK,OH,AGL,CE,Combined TRACON& Tower with Radar,31,31,27,0,89,0,0,2,1,3,31,31,29,1,92,6,0,6,98
02/23/2015,CAK,OH,AGL,CE,Combined TRACON& Tower with Radar,37,40,49,6,132,0,1,24,0,25,37,41,73,6,157,30,0,30,187
02/24/2015,CAK,OH,AGL,CE,Combined TRACON& Tower with Radar,38,39,55,3,135,0,1,12,4,17,38,40,67,7,152,25,0,25,177
02/25/2015,CAK,OH,AGL,CE,Combined TRACON& Tower with Radar,33,44,49,5,131,0,2,22,5,29,33,46,71,10,160,60,0,60,220
02/26/2015,CAK,OH,AGL,CE,Combined TRACON& Tower with Radar,35,40,31,0,106,0,0,0,0,0,35,40,31,0,106,6,0,6,112
02/27/2015,CAK,OH,AGL,CE,Combined TRACON& Tower with Radar,38,46,49,4,137,0,1,17,0,18,38,47,66,4,155,31,0,31,186
02/28/2015,CAK,OH,AGL,CE,Combined TRACON& Tower with Radar,26,29,40,1,96,0,0,25,2,27,26,29,65,3,123,26,0,26,149
03/01/2015,CAK,OH,AGL,CE,Combined TRACON& Tower with Radar,25,28,14,0,67,0,0,0,0,0,25,28,14,0,67,4,0,4,71
03/02/2015,CAK,OH,AGL,CE,Combined TRACON& Tower with Radar,38,40,38,0,116,0,0,14,3,17,38,40,52,3,133,67,0,67,200
03/03/2015,CAK,OH,AGL,CE,Combined TRACON& Tower with Radar,34,34,36,0,104,0,1,0,0,1,34,35,36,0,105,5,0,5,110
03/04/2015,CAK,OH,AGL,CE,Combined TRACON& Tower with Radar,36,46,46,0,128,0,1,3,4,8,36,47,49,4,136,9,0,9,145
03/05/2015,CAK,OH,AGL,CE,Combined TRACON& Tower with Radar,34,47,64,2,147,0,0,13,1,14,34,47,77,3,161,35,0,35,196
03/06/2015,CAK,OH,AGL,CE,Combined TRACON& Tower with Radar,38,40,51,0,129,0,0,22,0,22,38,40,73,0,151,67,0,67,218
03/07/2015,CAK,OH,AGL,CE,Combined TRACON& Tower with Radar,34,29,22,1,86,0,1,11,4,16,34,30,33,5,102,20,0,20,122
03/08/2015,CAK,OH,AGL,CE,Combined TRACON& Tower with Radar,41,41,47,3,132,0,0,21,4,25,41,41,68,7,157,40,0,40,197
03/09/2015,CAK,OH,AGL,CE,Combined TRACON& Tower with Radar,41,44,41,2,128,0,0,26,2,28,41,44,67,4,156,78,0,78,234
03/10/2015,CAK,OH,AGL,CE,Combined TRACON& Tower with Radar,33,33,48,0,114,0,0,3,0,3,33,33,51,0,117,30,0,30,147
03/11/2015,CAK,OH,AGL,CE,Combined TRACON& Tower with Radar,37,40,73,2,152,0,1,16,5,22,37,41,89,7,174,80,0,80,254
03/12/2015,CAK,OH,AGL,CE,Combined TRACON& Tower with Radar,43,39,75,4,161,0,3,42,7,52,43,42,117,11,213,76,0,76,289
03/13/2015,CAK,OH,AGL,CE,Combined TRACON& Tower with Radar,41,38,52,2,133,0,0,6,6,12,41,38,58,8,145,26,0,26,171
03/14/2015,CAK,OH,AGL,CE,Combined TRACON& Tower with Radar,35,32,25,0,92,0,0,2,0,2,35,32,27,0,94,13,0,13,107
03/15/2015,CAK,OH,AGL,CE,Combined TRACON& Tower with Radar,40,35,40,2,117,0,0,14,0,14,40,35,54,2,131,36,0,36,167
03/16/2015,CAK,OH,AGL,CE,Combined TRACON& Tower with Radar,43,43,47,2,135,0,1,9,0,10,43,44,56,2,145,22,0,22,167
03/17/2015,CAK,OH,AGL,CE,Combined TRACON& Tower with Radar,42,44,28,3,117,0,1,7,3,11,42,45,35,6,128,17,0,17,145
03/18/2015,CAK,OH,AGL,CE,Combined TRACON& Tower with Radar,42,45,49,6,142,0,1,19,4,24,42,46,68,10,166,22,0,22,188
03/19/2015,CAK,OH,AGL,CE,Combined TRACON& Tower with Radar,42,44,72,7,165,0,2,27,7,36,42,46,99,14,201,98,38,136,337
03/20/2015,CAK,OH,AGL,CE,Combined TRACON& Tower with Radar,41,42,25,1,109,0,0,9,1,10,41,42,34,2,119,38,32,70,189
03/21/2015,CAK,OH,AGL,CE,Combined TRACON& Tower with Radar,36,25,20,1,82,0,3,8,4,15,36,28,28,5,97,29,0,29,126
03/22/2015,CAK,OH,AGL,CE,Combined TRACON& Tower with Radar,42,37,46,1,126,0,0,35,2,37,42,37,81,3,163,65,0,65,228
03/23/2015,CAK,OH,AGL,CE,Combined TRACON& Tower with Radar,43,44,35,1,123,0,0,3,3,6,43,44,38,4,129,27,0,27,156
03/24/2015,CAK,OH,AGL,CE,Combined TRACON& Tower with Radar,43,40,59,3,145,0,2,30,3,35,43,42,89,6,180,71,1,72,252
03/25/2015,CAK,OH,AGL,CE,Combined TRACON& Tower with Radar,41,54,30,3,128,0,1,0,2,3,41,55,30,5,131,11,6,17,148
03/26/2015,CAK,OH,AGL,CE,Combined TRACON& Tower with Radar,43,43,36,0,122,0,1,2,0,3,43,44,38,0,125,6,0,6,131
03/27/2015,CAK,OH,AGL,CE,Combined TRACON& Tower with Radar,42,45,24,1,112,0,0,2,3,5,42,45,26,4,117,9,0,9,126
03/28/2015,CAK,OH,AGL,CE,Combined TRACON& Tower with Radar,36,36,21,0,93,0,0,21,0,21,36,36,42,0,114,25,0,25,139
03/29/2015,CAK,OH,AGL,CE,Combined TRACON& Tower with Radar,40,33,35,1,109,0,0,31,0,31,40,33,66,1,140,59,0,59,199
03/30/2015,CAK,OH,AGL,CE,Combined TRACON& Tower with Radar,45,41,47,2,135,0,2,17,0,19,45,43,64,2,154,43,0,43,197
03/31/2015,CAK,OH,AGL,CE,Combined TRACON& Tower with Radar,41,39,44,3,127,0,2,12,1,15,41,41,56,4,142,22,0,22,164
04/01/2015,CAK,OH,AGL,CE,Combined TRACON& Tower with Radar,42,42,55,5,144,0,0,30,12,42,42,42,85,17,186,54,0,54,240
04/02/2015,CAK,OH,AGL,CE,Combined TRACON& Tower with Radar,42,45,25,4,116,0,0,5,2,7,42,45,30,6,123,7,0,7,130
04/03/2015,CAK,OH,AGL,CE,Combined TRACON& Tower with Radar,43,36,42,2,123,0,0,1,0,1,43,36,43,2,124,56,0,56,180
04/04/2015,CAK,OH,AGL,CE,Combined TRACON& Tower with Radar,34,26,29,0,89,0,0,26,0,26,34,26,55,0,115,54,0,54,169
04/05/2015,CAK,OH,AGL,CE,Combined TRACON& Tower with Radar,42,27,15,0,84,0,0,7,0,7,42,27,22,0,91,19,0,19,110
04/06/2015,CAK,OH,AGL,CE,Combined TRACON& Tower with Radar,43,48,44,1,136,0,0,26,1,27,43,48,70,2,163,28,8,36,199
04/07/2015,CAK,OH,AGL,CE,Combined TRACON& Tower with Radar,41,39,43,0,123,0,0,0,0,0,41,39,43,0,123,15,0,15,138
04/08/2015,CAK,OH,AGL,CE,Combined TRACON& Tower with Radar,35,44,39,0,118,0,0,8,4,12,35,44,47,4,130,6,0,6,136
04/09/2015,CAK,OH,AGL,CE,Combined TRACON& Tower with Radar,38,46,29,0,113,0,2,1,0,3,38,48,30,0,116,9,0,9,125
04/10/2015,CAK,OH,AGL,CE,Combined TRACON& Tower with Radar,36,44,32,5,117,0,1,3,7,11,36,45,35,12,128,15,6,21,149
04/11/2015,CAK,OH,AGL,CE,Combined TRACON& Tower with Radar,30,30,69,2,131,0,1,48,10,59,30,31,117,12,190,109,72,181,371
04/12/2015,CAK,OH,AGL,CE,Combined TRACON& Tower with Radar,39,30,39,3,111,0,1,47,5,53,39,31,86,8,164,48,5,53,217
04/13/2015,CAK,OH,AGL,CE,Combined TRACON& Tower with Radar,35,44,40,2,121,0,2,18,0,20,35,46,58,2,141,44,0,44,185
04/14/2015,CAK,OH,AGL,CE,Combined TRACON& Tower with Radar,37,44,63,4,148,0,0,33,2,35,37,44,96,6,183,44,0,44,227
04/15/2015,CAK,OH,AGL,CE,Combined TRACON& Tower with Radar,38,45,50,2,135,0,1,32,4,37,38,46,82,6,172,66,0,66,238
04/16/2015,CAK,OH,AGL,CE,Combined TRACON& Tower with Radar,37,50,61,3,151,0,0,9,2,11,37,50,70,5,162,56,0,56,218
04/17/2015,CAK,OH,AGL,CE,Combined TRACON& Tower with Radar,37,45,45,2,129,0,0,19,2,21,37,45,64,4,150,39,0,39,189
04/18/2015,CAK,OH,AGL,CE,Combined TRACON& Tower with Radar,27,36,51,0,114,0,0,42,2,44,27,36,93,2,158,64,1,65,223
04/19/2015,CAK,OH,AGL,CE,Combined TRACON& Tower with Radar,38,28,14,0,80,0,0,2,6,8,38,28,16,6,88,24,0,24,112
04/20/2015,CAK,OH,AGL,CE,Combined TRACON& Tower with Radar,32,36,26,0,94,0,0,3,0,3,32,36,29,0,97,5,0,5,102
04/21/2015,CAK,OH,AGL,CE,Combined TRACON& Tower with Radar,34,40,32,10,116,0,2,10,4,16,34,42,42,14,132,35,0,35,167
04/22/2015,CAK,OH,AGL,CE,Combined TRACON& Tower with Radar,36,38,37,3,114,0,0,6,5,11,36,38,43,8,125,17,0,17,142
04/23/2015,CAK,OH,AGL,CE,Combined TRACON& Tower with Radar,36,48,49,6,139,0,0,18,6,24,36,48,67,12,163,10,0,10,173
04/24/2015,CAK,OH,AGL,CE,Combined TRACON& Tower with Radar,34,40,64,9,147,0,1,33,4,38,34,41,97,13,185,78,0,78,263
04/25/2015,CAK,OH,AGL,CE,Combined TRACON& Tower with Radar,29,27,33,0,89,0,0,27,0,27,29,27,60,0,116,48,0,48,164
04/26/2015,CAK,OH,AGL,CE,Combined TRACON& Tower with Radar,38,37,51,1,127,0,0,40,1,41,38,37,91,2,168,93,0,93,261
04/27/2015,CAK,OH,AGL,CE,Combined TRACON& Tower with Radar,35,43,35,4,117,0,1,12,6,19,35,44,47,10,136,16,0,16,152
04/28/2015,CAK,OH,AGL,CE,Combined TRACON& Tower with Radar,37,47,53,1,138,0,1,59,5,65,37,48,112,6,203,130,0,130,333
04/29/2015,CAK,OH,AGL,CE,Combined TRACON& Tower with Radar,36,48,71,2,157,0,1,40,3,44,36,49,111,5,201,70,0,70,271
04/30/2015,CAK,OH,AGL,CE,Combined TRACON& Tower with Radar,37,48,54,11,150,0,4,13,3,20,37,52,67,14,170,28,24,52,222
05/01/2015,CAK,OH,AGL,CE,Combined TRACON& Tower with Radar,35,45,75,2,157,0,1,34,5,40,35,46,109,7,197,54,0,54,251
05/02/2015,CAK,OH,AGL,CE,Combined TRACON& Tower with Radar,28,24,38,3,93,0,0,26,15,41,28,24,64,18,134,23,6,29,163
05/03/2015,CAK,OH,AGL,CE,Combined TRACON& Tower with Radar,38,27,39,0,104,0,2,31,5,38,38,29,70,5,142,25,0,25,167
05/04/2015,CAK,OH,AGL,CE,Combined TRACON& Tower with Radar,40,37,36,0,113,0,1,16,0,17,40,38,52,0,130,29,0,29,159
05/05/2015,CAK,OH,AGL,CE,Combined TRACON& Tower with Radar,36,47,68,0,151,0,1,6,0,7,36,48,74,0,158,26,0,26,184
05/06/2015,CAK,OH,AGL,CE,Combined TRACON& Tower with Radar,36,38,52,7,133,0,2,16,9,27,36,40,68,16,160,47,14,61,221
05/07/2015,CAK,OH,AGL,CE,Combined TRACON& Tower with Radar,36,49,77,3,165,0,2,34,7,43,36,51,111,10,208,53,12,65,273
05/08/2015,CAK,OH,AGL,CE,Combined TRACON& Tower with Radar,36,38,42,3,119,0,0,24,1,25,36,38,66,4,144,37,6,43,187
05/09/2015,CAK,OH,AGL,CE,Combined TRACON& Tower with Radar,27,32,28,0,87,0,0,30,0,30,27,32,58,0,117,26,0,26,143
05/10/2015,CAK,OH,AGL,CE,Combined TRACON& Tower with Radar,35,33,20,0,88,0,0,12,0,12,35,33,32,0,100,32,0,32,132
05/11/2015,CAK,OH,AGL,CE,Combined TRACON& Tower with Radar,41,38,33,7,119,0,1,18,0,19,41,39,51,7,138,24,24,48,186
05/12/2015,CAK,OH,AGL,CE,Combined TRACON& Tower with Radar,40,44,38,5,127,0,1,15,4,20,40,45,53,9,147,6,0,6,153
05/13/2015,CAK,OH,AGL,CE,Combined TRACON& Tower with Radar,37,49,67,2,155,0,0,26,7,33,37,49,93,9,188,61,0,61,249
05/14/2015,CAK,OH,AGL,CE,Combined TRACON& Tower with Radar,39,43,77,5,164,0,0,27,1,28,39,43,104,6,192,77,0,77,269
05/15/2015,CAK,OH,AGL,CE,Combined TRACON& Tower with Radar,37,34,29,5,105,0,0,15,1,16,37,34,44,6,121,21,0,21,142
05/16/2015,CAK,OH,AGL,CE,Combined TRACON& Tower with Radar,29,31,30,3,93,0,0,16,0,16,29,31,46,3,109,23,0,23,132
05/17/2015,CAK,OH,AGL,CE,Combined TRACON& Tower with Radar,37,31,43,2,113,0,0,11,2,13,37,31,54,4,126,39,0,39,165
05/18/2015,CAK,OH,AGL,CE,Combined TRACON& Tower with Radar,37,43,34,4,118,0,0,21,2,23,37,43,55,6,141,50,0,50,191
05/19/2015,CAK,OH,AGL,CE,Combined TRACON& Tower with Radar,38,40,56,2,136,0,0,18,6,24,38,40,74,8,160,32,0,32,192
05/20/2015,CAK,OH,AGL,CE,Combined TRACON& Tower with Radar,41,41,61,3,146,0,0,26,1,27,41,41,87,4,173,42,0,42,215
05/21/2015,CAK,OH,AGL,CE,Combined TRACON& Tower with Radar,46,45,78,5,174,0,1,24,2,27,46,46,102,7,201,54,0,54,255
05/22/2015,CAK,OH,AGL,CE,Combined TRACON& Tower with Radar,37,40,44,2,123,0,0,45,0,45,37,40,89,2,168,50,0,50,218
05/23/2015,CAK,OH,AGL,CE,Combined TRACON& Tower with Radar,32,29,37,0,98,0,0,27,0,27,32,29,64,0,125,63,0,63,188
05/24/2015,CAK,OH,AGL,CE,Combined TRACON& Tower with Radar,36,23,25,0,84,0,0,29,3,32,36,23,54,3,116,35,0,35,151
05/25/2015,CAK,OH,AGL,CE,Combined TRACON& Tower with Radar,39,39,20,0,98,0,1,1,2,4,39,40,21,2,102,18,0,18,120
05/26/2015,CAK,OH,AGL,CE,Combined TRACON& Tower with Radar,33,44,72,2,151,0,0,17,2,19,33,44,89,4,170,56,0,56,226
05/27/2015,CAK,OH,AGL,CE,Combined TRACON& Tower with Radar,37,42,58,1,138,0,1,16,5,22,37,43,74,6,160,27,2,29,189
05/28/2015,CAK,OH,AGL,CE,Combined TRACON& Tower with Radar,43,52,90,2,187,0,2,25,6,33,43,54,115,8,220,49,7,56,276
05/29/2015,CAK,OH,AGL,CE,Combined TRACON& Tower with Radar,38,45,62,1,146,0,2,24,4,30,38,47,86,5,176,40,0,40,216
05/30/2015,CAK,OH,AGL,CE,Combined TRACON& Tower with Radar,34,36,15,1,86,0,0,14,3,17,34,36,29,4,103,32,0,32,135
05/31/2015,CAK,OH,AGL,CE,Combined TRACON& Tower with Radar,39,30,31,0,100,0,0,1,0,1,39,30,32,0,101,12,0,12,113
06/01/2015,CAK,OH,AGL,CE,Combined TRACON& Tower with Radar,41,40,56,8,145,0,0,8,0,8,41,40,64,8,153,40,0,40,193
06/02/2015,CAK,OH,AGL,CE,Combined TRACON& Tower with Radar,37,48,78,3,166,0,0,26,4,30,37,48,104,7,196,43,0,43,239
06/03/2015,CAK,OH,AGL,CE,Combined TRACON& Tower with Radar,41,44,81,1,167,0,2,35,8,45,41,46,116,9,212,46,0,46,258
06/04/2015,CAK,OH,AGL,CE,Combined TRACON& Tower with Radar,43,50,70,2,165,0,0,27,5,32,43,50,97,7,197,32,0,32,229
06/05/2015,CAK,OH,AGL,CE,Combined TRACON& Tower with Radar,37,38,50,0,125,0,0,28,8,36,37,38,78,8,161,33,0,33,194
06/06/2015,CAK,OH,AGL,CE,Combined TRACON& Tower with Radar,36,30,33,5,104,0,0,23,6,29,36,30,56,11,133,25,40,65,198
06/07/2015,CAK,OH,AGL,CE,Combined TRACON& Tower with Radar,44,30,42,1,117,0,0,29,3,32,44,30,71,4,149,44,10,54,203
06/08/2015,CAK,OH,AGL,CE,Combined TRACON& Tower with Radar,41,47,27,1,116,0,0,0,1,1,41,47,27,2,117,23,0,23,140
06/09/2015,CAK,OH,AGL,CE,Combined TRACON& Tower with Radar,38,40,71,4,153,0,0,22,6,28,38,40,93,10,181,89,0,89,270
06/10/2015,CAK,OH,AGL,CE,Combined TRACON& Tower with Radar,44,39,59,0,142,0,1,14,5,20,44,40,73,5,162,74,0,74,236
06/11/2015,CAK,OH,AGL,CE,Combined TRACON& Tower with Radar,47,38,81,1,167,0,0,30,3,33,47,38,111,4,200,33,0,33,233
06/12/2015,CAK,OH,AGL,CE,Combined TRACON& Tower with Radar,39,45,43,3,130,0,0,15,3,18,39,45,58,6,148,9,0,9,157
06/13/2015,CAK,OH,AGL,CE,Combined TRACON& Tower with Radar,38,34,31,0,103,0,0,7,0,7,38,34,38,0,110,38,0,38,148
06/14/2015,CAK,OH,AGL,CE,Combined TRACON& Tower with Radar,39,37,35,0,111,0,0,9,0,9,39,37,44,0,120,35,0,35,155
06/15/2015,CAK,OH,AGL,CE,Combined TRACON& Tower with Radar,45,35,36,0,116,0,0,3,0,3,45,35,39,0,119,40,0,40,159
06/16/2015,CAK,OH,AGL,CE,Combined TRACON& Tower with Radar,42,40,51,0,133,0,0,23,3,26,42,40,74,3,159,62,2,64,223
06/17/2015,CAK,OH,AGL,CE,Combined TRACON& Tower with Radar,41,39,65,7,152,0,0,28,2,30,41,39,93,9,182,70,4,74,256
06/18/2015,CAK,OH,AGL,CE,Combined TRACON& Tower with Radar,43,40,49,2,134,0,0,3,1,4,43,40,52,3,138,14,0,14,152
06/19/2015,CAK,OH,AGL,CE,Combined TRACON& Tower with Radar,36,43,62,2,143,0,4,5,1,10,36,47,67,3,153,26,0,26,179
06/20/2015,CAK,OH,AGL,CE,Combined TRACON& Tower with Radar,36,34,42,0,112,0,0,2,0,2,36,34,44,0,114,39,0,39,153
06/21/2015,CAK,OH,AGL,CE,Combined TRACON& Tower with Radar,40,35,20,0,95,0,0,7,0,7,40,35,27,0,102,27,0,27,129
06/22/2015,CAK,OH,AGL,CE,Combined TRACON& Tower with Radar,38,46,53,0,137,0,0,29,0,29,38,46,82,0,166,76,0,76,242
06/23/2015,CAK,OH,AGL,CE,Combined TRACON& Tower with Radar,36,36,58,4,134,0,2,22,8,32,36,38,80,12,166,103,0,103,269
06/24/2015,CAK,OH,AGL,CE,Combined TRACON& Tower with Radar,41,42,41,1,125,0,3,35,5,43,41,45,76,6,168,47,0,47,215
06/25/2015,CAK,OH,AGL,CE,Combined TRACON& Tower with Radar,47,49,55,3,154,0,0,8,1,9,47,49,63,4,163,12,0,12,175
06/26/2015,CAK,OH,AGL,CE,Combined TRACON& Tower with Radar,36,43,59,0,138,0,0,40,0,40,36,43,99,0,178,32,0,32,210
06/27/2015,CAK,OH,AGL,CE,Combined TRACON& Tower with Radar,38,36,20,0,94,0,0,0,0,0,38,36,20,0,94,12,0,12,106
06/28/2015,CAK,OH,AGL,CE,Combined TRACON& Tower with Radar,41,30,39,0,110,0,0,3,0,3,41,30,42,0,113,73,0,73,186
06/29/2015,CAK,OH,AGL,CE,Combined TRACON& Tower with Radar,39,43,48,1,131,0,5,15,3,23,39,48,63,4,154,43,0,43,197
06/30/2015,CAK,OH,AGL,CE,Combined TRACON& Tower with Radar,38,42,55,4,139,0,3,1,2,6,38,45,56,6,145,18,2,20,165
07/01/2015,CAK,OH,AGL,CE,Combined TRACON& Tower with Radar,36,44,50,6,136,0,0,21,6,27,36,44,71,12,163,70,10,80,243
07/02/2015,CAK,OH,AGL,CE,Combined TRACON& Tower with Radar,40,48,57,3,148,0,0,23,4,27,40,48,80,7,175,28,18,46,221
07/03/2015,CAK,OH,AGL,CE,Combined TRACON& Tower with Radar,33,33,35,0,101,0,0,27,0,27,33,33,62,0,128,23,0,23,151
07/04/2015,CAK,OH,AGL,CE,Combined TRACON& Tower with Radar,35,24,29,0,88,0,1,18,0,19,35,25,47,0,107,31,0,31,138
07/05/2015,CAK,OH,AGL,CE,Combined TRACON& Tower with Radar,42,33,36,0,111,0,1,29,2,32,42,34,65,2,143,50,0,50,193
07/06/2015,CAK,OH,AGL,CE,Combined TRACON& Tower with Radar,36,44,45,2,127,0,3,22,1,26,36,47,67,3,153,41,0,41,194
07/07/2015,CAK,OH,AGL,CE,Combined TRACON& Tower with Radar,33,42,41,1,117,0,3,4,1,8,33,45,45,2,125,20,0,20,145
07/08/2015,CAK,OH,AGL,CE,Combined TRACON& Tower with Radar,37,59,37,6,139,0,0,8,2,10,37,59,45,8,149,32,2,34,183
07/09/2015,CAK,OH,AGL,CE,Combined TRACON& Tower with Radar,37,52,47,8,144,0,0,0,0,0,37,52,47,8,144,20,0,20,164
07/10/2015,CAK,OH,AGL,CE,Combined TRACON& Tower with Radar,35,42,74,6,157,0,1,24,5,30,35,43,98,11,187,73,4,77,264
07/11/2015,CAK,OH,AGL,CE,Combined TRACON& Tower with Radar,37,27,40,0,104,0,1,46,0,47,37,28,86,0,151,61,0,61,212
07/12/2015,CAK,OH,AGL,CE,Combined TRACON& Tower with Radar,38,32,37,0,107,0,0,13,0,13,38,32,50,0,120,26,0,26,146
07/13/2015,CAK,OH,AGL,CE,Combined TRACON& Tower with Radar,33,48,55,4,140,0,1,31,1,33,33,49,86,5,173,68,2,70,243
07/14/2015,CAK,OH,AGL,CE,Combined TRACON& Tower with Radar,31,52,41,0,124,0,0,3,0,3,31,52,44,0,127,31,0,31,158
07/15/2015,CAK,OH,AGL,CE,Combined TRACON& Tower with Radar,37,46,80,7,170,0,1,16,9,26,37,47,96,16,196,88,0,88,284
07/16/2015,CAK,OH,AGL,CE,Combined TRACON& Tower with Radar,39,55,89,0,183,0,0,59,2,61,39,55,148,2,244,42,0,42,286
07/17/2015,CAK,OH,AGL,CE,Combined TRACON& Tower with Radar,33,46,43,0,122,0,0,8,0,8,33,46,51,0,130,26,0,26,156
07/18/2015,CAK,OH,AGL,CE,Combined TRACON& Tower with Radar,31,27,34,0,92,0,3,41,0,44,31,30,75,0,136,44,0,44,180
07/19/2015,CAK,OH,AGL,CE,Combined TRACON& Tower with Radar,40,44,55,0,139,0,1,22,0,23,40,45,77,0,162,54,0,54,216
07/20/2015,CAK,OH,AGL,CE,Combined TRACON& Tower with Radar,35,46,46,2,129,0,1,28,0,29,35,47,74,2,158,49,0,49,207
07/21/2015,CAK,OH,AGL,CE,Combined TRACON& Tower with Radar,33,52,54,6,145,0,6,18,4,28,33,58,72,10,173,37,0,37,210
07/22/2015,CAK,OH,AGL,CE,Combined TRACON& Tower with Radar,35,41,53,0,129,0,3,40,2,45,35,44,93,2,174,64,0,64,238
07/23/2015,CAK,OH,AGL,CE,Combined TRACON& Tower with Radar,40,41,70,4,155,0,0,41,8,49,40,41,111,12,204,98,8,106,310
07/24/2015,CAK,OH,AGL,CE,Combined TRACON& Tower with Radar,35,38,59,0,132,0,1,36,2,39,35,39,95,2,171,62,0,62,233
07/25/2015,CAK,OH,AGL,CE,Combined TRACON& Tower with Radar,37,33,33,0,103,0,2,38,0,40,37,35,71,0,143,33,0,33,176
07/26/2015,CAK,OH,AGL,CE,Combined TRACON& Tower with Radar,43,32,26,0,101,0,0,10,0,10,43,32,36,0,111,59,10,69,180
07/27/2015,CAK,OH,AGL,CE,Combined TRACON& Tower with Radar,35,48,54,0,137,0,2,43,0,45,35,50,97,0,182,121,0,121,303
07/28/2015,CAK,OH,AGL,CE,Combined TRACON& Tower with Radar,38,46,59,5,148,0,1,38,1,40,38,47,97,6,188,103,3,106,294
07/29/2015,CAK,OH,AGL,CE,Combined TRACON& Tower with Radar,38,45,59,0,142,0,3,24,2,29,38,48,83,2,171,75,0,75,246
07/30/2015,CAK,OH,AGL,CE,Combined TRACON& Tower with Radar,37,38,64,7,146,0,2,31,7,40,37,40,95,14,186,38,0,38,224
07/31/2015,CAK,OH,AGL,CE,Combined TRACON& Tower with Radar,34,41,52,3,130,0,0,33,4,37,34,41,85,7,167,38,2,40,207
08/01/2015,CAK,OH,AGL,CE,Combined TRACON& Tower with Radar,31,28,42,0,101,0,1,34,0,35,31,29,76,0,136,44,0,44,180
08/02/2015,CAK,OH,AGL,CE,Combined TRACON& Tower with Radar,45,33,21,0,99,0,0,18,0,18,45,33,39,0,117,15,0,15,132
08/03/2015,CAK,OH,AGL,CE,Combined TRACON& Tower with Radar,33,50,46,0,129,0,0,22,0,22,33,50,68,0,151,33,0,33,184
08/04/2015,CAK,OH,AGL,CE,Combined TRACON& Tower with Radar,32,56,77,1,166,0,0,30,1,31,32,56,107,2,197,82,0,82,279
08/05/2015,CAK,OH,AGL,CE,Combined TRACON& Tower with Radar,40,48,63,0,151,0,0,41,0,41,40,48,104,0,192,54,0,54,246
08/06/2015,CAK,OH,AGL,CE,Combined TRACON& Tower with Radar,39,62,69,2,172,0,0,22,4,26,39,62,91,6,198,62,0,62,260
08/07/2015,CAK,OH,AGL,CE,Combined TRACON& Tower with Radar,37,59,68,0,164,0,0,24,2,26,37,59,92,2,190,59,2,61,251
08/08/2015,CAK,OH,AGL,CE,Combined TRACON& Tower with Radar,37,32,61,0,130,0,0,24,0,24,37,32,85,0,154,36,0,36,190
08/09/2015,CAK,OH,AGL,CE,Combined TRACON& Tower with Radar,36,88,80,2,206,0,0,26,4,30,36,88,106,6,236,67,0,67,303
08/10/2015,CAK,OH,AGL,CE,Combined TRACON& Tower with Radar,37,52,48,4,141,0,0,11,3,14,37,52,59,7,155,18,0,18,173
08/11/2015,CAK,OH,AGL,CE,Combined TRACON& Tower with Radar,33,44,63,0,140,0,1,13,0,14,33,45,76,0,154,35,0,35,189
08/12/2015,CAK,OH,AGL,CE,Combined TRACON& Tower with Radar,43,41,67,0,151,0,2,18,0,20,43,43,85,0,171,41,0,41,212
08/13/2015,CAK,OH,AGL,CE,Combined TRACON& Tower with Radar,34,50,58,0,142,0,1,29,1,31,34,51,87,1,173,36,0,36,209
08/14/2015,CAK,OH,AGL,CE,Combined TRACON& Tower with Radar,35,40,50,0,125,0,3,30,2,35,35,43,80,2,160,33,0,33,193
08/15/2015,CAK,OH,AGL,CE,Combined TRACON& Tower with Radar,30,31,40,0,101,0,0,29,2,31,30,31,69,2,132,11,0,11,143
08/16/2015,CAK,OH,AGL,CE,Combined TRACON& Tower with Radar,31,38,46,0,115,0,0,49,0,49,31,38,95,0,164,69,0,69,233
08/17/2015,CAK,OH,AGL,CE,Combined TRACON& Tower with Radar,31,50,39,1,121,0,3,23,0,26,31,53,62,1,147,43,6,49,196
08/18/2015,CAK,OH,AGL,CE,Combined TRACON& Tower with Radar,35,45,65,5,150,0,1,32,0,33,35,46,97,5,183,86,0,86,269
08/19/2015,CAK,OH,AGL,CE,Combined TRACON& Tower with Radar,37,42,56,1,136,0,1,13,1,15,37,43,69,2,151,57,0,57,208
08/20/2015,CAK,OH,AGL,CE,Combined TRACON& Tower with Radar,39,43,42,0,124,0,4,11,2,17,39,47,53,2,141,21,0,21,162
08/21/2015,CAK,OH,AGL,CE,Combined TRACON& Tower with Radar,37,50,59,2,148,0,0,35,5,40,37,50,94,7,188,51,0,51,239
08/22/2015,CAK,OH,AGL,CE,Combined TRACON& Tower with Radar,28,24,35,0,87,0,0,36,2,38,28,24,71,2,125,60,2,62,187
08/23/2015,CAK,OH,AGL,CE,Combined TRACON& Tower with Radar,41,30,55,1,127,0,1,42,4,47,41,31,97,5,174,65,0,65,239
08/24/2015,CAK,OH,AGL,CE,Combined TRACON& Tower with Radar,39,39,48,1,127,0,2,12,1,15,39,41,60,2,142,39,0,39,181
08/25/2015,CAK,OH,AGL,CE,Combined TRACON& Tower with Radar,36,35,50,4,125,0,0,22,2,24,36,35,72,6,149,30,2,32,181
08/26/2015,CAK,OH,AGL,CE,Combined TRACON& Tower with Radar,36,49,63,1,149,0,0,23,2,25,36,49,86,3,174,56,4,60,234
08/27/2015,CAK,OH,AGL,CE,Combined TRACON& Tower with Radar,40,42,69,2,153,0,1,11,2,14,40,43,80,4,167,48,0,48,215
08/28/2015,CAK,OH,AGL,CE,Combined TRACON& Tower with Radar,36,41,55,10,142,0,0,38,2,40,36,41,93,12,182,64,0,64,246
08/29/2015,CAK,OH,AGL,CE,Combined TRACON& Tower with Radar,28,27,19,2,76,0,1,30,0,31,28,28,49,2,107,59,0,59,166
08/30/2015,CAK,OH,AGL,CE,Combined TRACON& Tower with Radar,39,26,37,2,104,0,0,9,2,11,39,26,46,4,115,19,0,19,134
08/31/2015,CAK,OH,AGL,CE,Combined TRACON& Tower with Radar,35,41,41,0,117,0,1,22,0,23,35,42,63,0,140,93,0,93,233
09/01/2015,CAK,OH,AGL,CE,Combined TRACON& Tower with Radar,36,40,58,0,134,0,0,9,4,13,36,40,67,4,147,38,0,38,185
09/02/2015,CAK,OH,AGL,CE,Combined TRACON& Tower with Radar,35,41,51,8,135,0,3,24,2,29,35,44,75,10,164,42,0,42,206
09/03/2015,CAK,OH,AGL,CE,Combined TRACON& Tower with Radar,42,42,59,4,147,0,0,11,3,14,42,42,70,7,161,19,0,19,180
09/04/2015,CAK,OH,AGL,CE,Combined TRACON& Tower with Radar,38,41,45,7,131,0,0,13,6,19,38,41,58,13,150,39,0,39,189
09/05/2015,CAK,OH,AGL,CE,Combined TRACON& Tower with Radar,30,26,29,0,85,0,0,27,2,29,30,26,56,2,114,56,0,56,170
09/06/2015,CAK,OH,AGL,CE,Combined TRACON& Tower with Radar,33,26,25,0,84,0,0,30,0,30,33,26,55,0,114,28,0,28,142
09/07/2015,CAK,OH,AGL,CE,Combined TRACON& Tower with Radar,33,35,35,0,103,0,0,13,0,13,33,35,48,0,116,35,0,35,151
09/08/2015,CAK,OH,AGL,CE,Combined TRACON& Tower with Radar,34,36,52,2,124,0,1,20,6,27,34,37,72,8,151,14,0,14,165
09/09/2015,CAK,OH,AGL,CE,Combined TRACON& Tower with Radar,34,46,49,2,131,0,0,21,2,23,34,46,70,4,154,38,0,38,192
09/10/2015,CAK,OH,AGL,CE,Combined TRACON& Tower with Radar,35,38,50,1,124,0,1,19,3,23,35,39,69,4,147,34,0,34,181
09/11/2015,CAK,OH,AGL,CE,Combined TRACON& Tower with Radar,36,44,57,4,141,0,0,26,0,26,36,44,83,4,167,51,0,51,218
09/12/2015,CAK,OH,AGL,CE,Combined TRACON& Tower with Radar,22,26,20,1,69,0,0,3,1,4,22,26,23,2,73,12,0,12,85
09/13/2015,CAK,OH,AGL,CE,Combined TRACON& Tower with Radar,39,25,36,0,100,0,1,17,0,18,39,26,53,0,118,38,0,38,156
09/14/2015,CAK,OH,AGL,CE,Combined TRACON& Tower with Radar,34,37,45,2,118,0,0,47,0,47,34,37,92,2,165,73,0,73,238
09/15/2015,CAK,OH,AGL,CE,Combined TRACON& Tower with Radar,32,41,61,5,139,0,4,33,5,42,32,45,94,10,181,32,0,32,213
09/16/2015,CAK,OH,AGL,CE,Combined TRACON& Tower with Radar,36,47,53,3,139,0,1,42,1,44,36,48,95,4,183,106,0,106,289
09/17/2015,CAK,OH,AGL,CE,Combined TRACON& Tower with Radar,36,44,65,9,154,0,5,42,2,49,36,49,107,11,203,30,0,30,233
09/18/2015,CAK,OH,AGL,CE,Combined TRACON& Tower with Radar,38,40,51,9,138,0,2,29,5,36,38,42,80,14,174,62,0,62,236
09/19/2015,CAK,OH,AGL,CE,Combined TRACON& Tower with Radar,30,27,14,5,76,0,0,3,5,8,30,27,17,10,84,21,0,21,105
09/20/2015,CAK,OH,AGL,CE,Combined TRACON& Tower with Radar,38,23,34,2,97,0,0,30,3,33,38,23,64,5,130,38,0,38,168
09/21/2015,CAK,OH,AGL,CE,Combined TRACON& Tower with Radar,36,41,51,4,132,0,1,40,6,47,36,42,91,10,179,112,0,112,291
09/22/2015,CAK,OH,AGL,CE,Combined TRACON& Tower with Radar,36,27,63,5,131,0,1,42,6,49,36,28,105,11,180,39,0,39,219
09/23/2015,CAK,OH,AGL,CE,Combined TRACON& Tower with Radar,33,51,59,1,144,0,5,45,6,56,33,56,104,7,200,92,0,92,292
09/24/2015,CAK,OH,AGL,CE,Combined TRACON& Tower with Radar,36,53,79,7,175,0,2,35,9,46,36,55,114,16,221,52,0,52,273
09/25/2015,CAK,OH,AGL,CE,Combined TRACON& Tower with Radar,36,40,40,4,120,0,1,29,4,34,36,41,69,8,154,90,0,90,244
09/26/2015,CAK,OH,AGL,CE,Combined TRACON& Tower with Radar,25,33,35,2,95,0,0,24,0,24,25,33,59,2,119,58,0,58,177
09/27/2015,CAK,OH,AGL,CE,Combined TRACON& Tower with Radar,39,23,40,0,102,0,0,16,0,16,39,23,56,0,118,28,0,28,146
09/28/2015,CAK,OH,AGL,CE,Combined TRACON& Tower with Radar,34,34,54,2,124,0,0,12,0,12,34,34,66,2,136,70,0,70,206
09/29/2015,CAK,OH,AGL,CE,Combined TRACON& Tower with Radar,36,38,44,11,129,0,0,0,1,1,36,38,44,12,130,23,2,25,155
09/30/2015,CAK,OH,AGL,CE,Combined TRACON& Tower with Radar,34,42,48,11,135,0,0,0,3,3,34,42,48,14,138,56,0,56,194
10/01/2015,CAK,OH,AGL,CE,Combined TRACON& Tower with Radar,39,50,54,1,144,0,3,4,5,12,39,53,58,6,156,27,0,27,183
10/02/2015,CAK,OH,AGL,CE,Combined TRACON& Tower with Radar,34,48,42,0,124,0,3,15,0,18,34,51,57,0,142,43,0,43,185
10/03/2015,CAK,OH,AGL,CE,Combined TRACON& Tower with Radar,27,36,11,0,74,0,0,0,0,0,27,36,11,0,74,7,0,7,81
10/04/2015,CAK,OH,AGL,CE,Combined TRACON& Tower with Radar,39,27,44,0,110,0,2,19,0,21,39,29,63,0,131,36,0,36,167
10/05/2015,CAK,OH,AGL,CE,Combined TRACON& Tower with Radar,38,35,53,0,126,0,2,40,2,44,38,37,93,2,170,58,20,78,248
10/06/2015,CAK,OH,AGL,CE,Combined TRACON& Tower with Radar,39,50,65,4,158,0,1,26,4,31,39,51,91,8,189,120,0,120,309
10/07/2015,CAK,OH,AGL,CE,Combined TRACON& Tower with Radar,35,50,59,2,146,0,0,16,4,20,35,50,75,6,166,53,0,53,219
10/08/2015,CAK,OH,AGL,CE,Combined TRACON& Tower with Radar,38,48,46,1,133,0,1,20,3,24,38,49,66,4,157,49,0,49,206
10/09/2015,CAK,OH,AGL,CE,Combined TRACON& Tower with Radar,36,43,44,0,123,0,0,5,0,5,36,43,49,0,128,25,0,25,153
10/10/2015,CAK,OH,AGL,CE,Combined TRACON& Tower with Radar,27,28,57,0,112,0,2,29,2,33,27,30,86,2,145,39,0,39,184
10/11/2015,CAK,OH,AGL,CE,Combined TRACON& Tower with Radar,41,21,64,0,126,0,0,47,0,47,41,21,111,0,173,68,0,68,241
10/12/2015,CAK,OH,AGL,CE,Combined TRACON& Tower with Radar,38,43,50,2,133,0,3,17,0,20,38,46,67,2,153,47,0,47,200
10/13/2015,CAK,OH,AGL,CE,Combined TRACON& Tower with Radar,36,45,54,3,138,0,1,20,3,24,36,46,74,6,162,47,0,47,209
10/14/2015,CAK,OH,AGL,CE,Combined TRACON& Tower with Radar,35,50,59,2,146,0,0,23,1,24,35,50,82,3,170,107,0,107,277
10/15/2015,CAK,OH,AGL,CE,Combined TRACON& Tower with Radar,38,50,50,3,141,0,2,18,1,21,38,52,68,4,162,46,0,46,208
10/16/2015,CAK,OH,AGL,CE,Combined TRACON& Tower with Radar,39,42,43,2,126,0,0,14,4,18,39,42,57,6,144,55,10,65,209
10/17/2015,CAK,OH,AGL,CE,Combined TRACON& Tower with Radar,28,26,21,5,80,0,0,13,7,20,28,26,34,12,100,12,26,38,138
10/18/2015,CAK,OH,AGL,CE,Combined TRACON& Tower with Radar,36,28,38,1,103,0,1,18,1,20,36,29,56,2,123,15,0,15,138
10/19/2015,CAK,OH,AGL,CE,Combined TRACON& Tower with Radar,37,35,47,0,119,0,1,22,2,25,37,36,69,2,144,78,0,78,222
10/20/2015,CAK,OH,AGL,CE,Combined TRACON& Tower with Radar,36,36,46,0,118,0,1,23,0,24,36,37,69,0,142,68,0,68,210
10/21/2015,CAK,OH,AGL,CE,Combined TRACON& Tower with Radar,38,38,75,4,155,0,0,38,2,40,38,38,113,6,195,112,6,118,313
10/22/2015,CAK,OH,AGL,CE,Combined TRACON& Tower with Radar,37,49,48,2,136,0,2,21,6,29,37,51,69,8,165,60,6,66,231
10/23/2015,CAK,OH,AGL,CE,Combined TRACON& Tower with Radar,37,39,57,6,139,0,1,26,2,29,37,40,83,8,168,84,0,84,252
10/24/2015,CAK,OH,AGL,CE,Combined TRACON& Tower with Radar,26,33,28,0,87,0,0,9,0,9,26,33,37,0,96,36,0,36,132
10/25/2015,CAK,OH,AGL,CE,Combined TRACON& Tower with Radar,37,32,37,1,107,0,1,21,2,24,37,33,58,3,131,111,0,111,242
10/26/2015,CAK,OH,AGL,CE,Combined TRACON& Tower with Radar,37,54,70,2,163,0,3,45,0,48,37,57,115,2,211,126,0,126,337
10/27/2015,CAK,OH,AGL,CE,Combined TRACON& Tower with Radar,33,52,65,0,150,0,1,15,0,16,33,53,80,0,166,74,0,74,240
10/28/2015,CAK,OH,AGL,CE,Combined TRACON& Tower with Radar,37,52,23,0,112,0,0,0,0,0,37,52,23,0,112,10,0,10,122
10/29/2015,CAK,OH,AGL,CE,Combined TRACON& Tower with Radar,36,57,47,0,140,0,2,6,0,8,36,59,53,0,148,18,0,18,166
10/30/2015,CAK,OH,AGL,CE,Combined TRACON& Tower with Radar,36,49,40,0,125,0,1,12,0,13,36,50,52,0,138,31,0,31,169
10/31/2015,CAK,OH,AGL,CE,Combined TRACON& Tower with Radar,21,35,35,2,93,0,0,21,0,21,21,35,56,2,114,47,0,47,161
11/01/2015,CAK,OH,AGL,CE,Combined TRACON& Tower with Radar,33,30,43,0,106,0,2,21,0,23,33,32,64,0,129,79,0,79,208
11/02/2015,CAK,OH,AGL,CE,Combined TRACON& Tower with Radar,30,52,51,0,133,0,3,32,2,37,30,55,83,2,170,99,0,99,269
11/03/2015,CAK,OH,AGL,CE,Combined TRACON& Tower with Radar,28,55,69,2,154,0,3,39,2,44,28,58,108,4,198,171,0,171,369
11/04/2015,CAK,OH,AGL,CE,Combined TRACON& Tower with Radar,32,48,45,0,125,0,1,44,3,48,32,49,89,3,173,150,0,150,323
11/05/2015,CAK,OH,AGL,CE,Combined TRACON& Tower with Radar,32,65,71,2,170,0,1,20,2,23,32,66,91,4,193,58,2,60,253
11/06/2015,CAK,OH,AGL,CE,Combined TRACON& Tower with Radar,34,58,41,1,134,0,1,0,1,2,34,59,41,2,136,54,0,54,190
11/07/2015,CAK,OH,AGL,CE,Combined TRACON& Tower with Radar,26,39,40,4,109,0,2,23,5,30,26,41,63,9,139,35,0,35,174
11/08/2015,CAK,OH,AGL,CE,Combined TRACON& Tower with Radar,31,41,44,2,118,0,2,41,0,43,31,43,85,2,161,73,0,73,234
11/09/2015,CAK,OH,AGL,CE,Combined TRACON& Tower with Radar,28,53,47,1,129,0,3,37,1,41,28,56,84,2,170,120,0,120,290
11/10/2015,CAK,OH,AGL,CE,Combined TRACON& Tower with Radar,29,49,57,2,137,0,0,0,0,0,29,49,57,2,137,15,0,15,152
11/11/2015,CAK,OH,AGL,CE,Combined TRACON& Tower with Radar,28,49,46,2,125,0,4,19,0,23,28,53,65,2,148,27,0,27,175
11/12/2015,CAK,OH,AGL,CE,Combined TRACON& Tower with Radar,32,46,36,0,114,0,0,0,0,0,32,46,36,0,114,7,0,7,121
11/13/2015,CAK,OH,AGL,CE,Combined TRACON& Tower with Radar,30,49,31,1,111,0,0,10,1,11,30,49,41,2,122,38,0,38,160
11/14/2015,CAK,OH,AGL,CE,Combined TRACON& Tower with Radar,23,28,45,0,96,0,0,30,0,30,23,28,75,0,126,76,0,76,202
11/15/2015,CAK,OH,AGL,CE,Combined TRACON& Tower with Radar,35,34,44,0,113,0,0,34,0,34,35,34,78,0,147,51,0,51,198
11/16/2015,CAK,OH,AGL,CE,Combined TRACON& Tower with Radar,31,59,48,0,138,0,0,33,0,33,31,59,81,0,171,71,0,71,242
11/17/2015,CAK,OH,AGL,CE,Combined TRACON& Tower with Radar,30,58,55,2,145,0,0,18,2,20,30,58,73,4,165,46,0,46,211
11/18/2015,CAK,OH,AGL,CE,Combined TRACON& Tower with Radar,31,53,26,0,110,0,0,2,0,2,31,53,28,0,112,13,0,13,125
11/19/2015,CAK,OH,AGL,CE,Combined TRACON& Tower with Radar,36,54,45,1,136,0,0,6,4,10,36,54,51,5,146,13,0,13,159
11/20/2015,CAK,OH,AGL,CE,Combined TRACON& Tower with Radar,32,51,81,0,164,0,2,24,0,26,32,53,105,0,190,55,0,55,245
11/21/2015,CAK,OH,AGL,CE,Combined TRACON& Tower with Radar,25,33,29,0,87,0,0,22,0,22,25,33,51,0,109,58,0,58,167
11/22/2015,CAK,OH,AGL,CE,Combined TRACON& Tower with Radar,31,34,25,0,90,0,0,10,2,12,31,34,35,2,102,32,0,32,134
11/23/2015,CAK,OH,AGL,CE,Combined TRACON& Tower with Radar,29,49,20,0,98,0,1,20,3,24,29,50,40,3,122,66,0,66,188
11/24/2015,CAK,OH,AGL,CE,Combined TRACON& Tower with Radar,35,59,52,1,147,0,0,29,1,30,35,59,81,2,177,59,2,61,238
11/25/2015,CAK,OH,AGL,CE,Combined TRACON& Tower with Radar,33,60,49,3,145,0,2,45,6,53,33,62,94,9,198,101,0,101,299
11/26/2015,CAK,OH,AGL,CE,Combined TRACON& Tower with Radar,22,34,13,0,69,0,1,14,0,15,22,35,27,0,84,12,0,12,96
11/27/2015,CAK,OH,AGL,CE,Combined TRACON& Tower with Radar,29,33,23,0,85,0,2,0,0,2,29,35,23,0,87,20,0,20,107
11/28/2015,CAK,OH,AGL,CE,Combined TRACON& Tower with Radar,31,45,28,0,104,0,0,0,0,0,31,45,28,0,104,13,0,13,117
11/29/2015,CAK,OH,AGL,CE,Combined TRACON& Tower with Radar,36,42,37,0,115,0,2,20,0,22,36,44,57,0,137,43,0,43,180
11/30/2015,CAK,OH,AGL,CE,Combined TRACON& Tower with Radar,35,54,37,4,130,0,5,18,6,29,35,59,55,10,159,39,0,39,198
12/01/2015,CAK,OH,AGL,CE,Combined TRACON& Tower with Radar,30,66,34,0,130,0,0,0,0,0,30,66,34,0,130,16,0,16,146
12/02/2015,CAK,OH,AGL,CE,Combined TRACON& Tower with Radar,31,51,41,0,123,0,2,3,4,9,31,53,44,4,132,46,12,58,190
12/03/2015,CAK,OH,AGL,CE,Combined TRACON& Tower with Radar,34,55,25,0,114,0,0,2,6,8,34,55,27,6,122,13,0,13,135
12/04/2015,CAK,OH,AGL,CE,Combined TRACON& Tower with Radar,32,50,40,0,122,0,0,9,0,9,32,50,49,0,131,23,0,23,154
12/05/2015,CAK,OH,AGL,CE,Combined TRACON& Tower with Radar,21,28,26,0,75,0,0,3,0,3,21,28,29,0,78,40,0,40,118
12/06/2015,CAK,OH,AGL,CE,Combined TRACON& Tower with Radar,37,41,61,0,139,0,0,57,0,57,37,41,118,0,196,74,0,74,270
12/07/2015,CAK,OH,AGL,CE,Combined TRACON& Tower with Radar,30,45,66,2,143,0,2,29,0,31,30,47,95,2,174,73,0,73,247
12/08/2015,CAK,OH,AGL,CE,Combined TRACON& Tower with Radar,27,61,68,2,158,0,2,11,2,15,27,63,79,4,173,81,0,81,254
12/09/2015,CAK,OH,AGL,CE,Combined TRACON& Tower with Radar,32,62,58,3,155,0,0,34,3,37,32,62,92,6,192,58,0,58,250
12/10/2015,CAK,OH,AGL,CE,Combined TRACON& Tower with Radar,39,67,62,2,170,0,1,3,2,6,39,68,65,4,176,63,0,63,239
12/11/2015,CAK,OH,AGL,CE,Combined TRACON& Tower with Radar,32,52,62,3,149,0,2,26,1,29,32,54,88,4,178,147,0,147,325
12/12/2015,CAK,OH,AGL,CE,Combined TRACON& Tower with Radar,26,28,31,1,86,0,0,6,0,6,26,28,37,1,92,19,0,19,111
12/13/2015,CAK,OH,AGL,CE,Combined TRACON& Tower with Radar,35,30,39,0,104,0,0,32,0,32,35,30,71,0,136,77,0,77,213
12/14/2015,CAK,OH,AGL,CE,Combined TRACON& Tower with Radar,31,57,26,0,114,0,0,6,0,6,31,57,32,0,120,24,0,24,144
12/15/2015,CAK,OH,AGL,CE,Combined TRACON& Tower with Radar,26,52,56,2,136,0,0,4,4,8,26,52,60,6,144,49,0,49,193
12/16/2015,CAK,OH,AGL,CE,Combined TRACON& Tower with Radar,32,53,46,1,132,0,0,25,0,25,32,53,71,1,157,64,0,64,221
12/17/2015,CAK,OH,AGL,CE,Combined TRACON& Tower with Radar,34,53,71,2,160,0,2,17,2,21,34,55,88,4,181,34,2,36,217
12/18/2015,CAK,OH,AGL,CE,Combined TRACON& Tower with Radar,34,59,44,3,140,0,0,9,0,9,34,59,53,3,149,40,0,40,189
12/19/2015,CAK,OH,AGL,CE,Combined TRACON& Tower with Radar,28,36,29,0,93,0,0,13,0,13,28,36,42,0,106,37,0,37,143
12/20/2015,CAK,OH,AGL,CE,Combined TRACON& Tower with Radar,39,29,30,3,101,0,0,28,3,31,39,29,58,6,132,39,0,39,171
12/21/2015,CAK,OH,AGL,CE,Combined TRACON& Tower with Radar,27,43,22,0,92,0,0,1,0,1,27,43,23,0,93,11,0,11,104
12/22/2015,CAK,OH,AGL,CE,Combined TRACON& Tower with Radar,30,59,46,6,141,0,0,11,3,14,30,59,57,9,155,56,0,56,211
12/23/2015,CAK,OH,AGL,CE,Combined TRACON& Tower with Radar,34,52,32,0,118,0,0,12,0,12,34,52,44,0,130,43,0,43,173
12/24/2015,CAK,OH,AGL,CE,Combined TRACON& Tower with Radar,25,31,24,0,80,0,0,14,0,14,25,31,38,0,94,26,0,26,120
12/25/2015,CAK,OH,AGL,CE,Combined TRACON& Tower with Radar,28,26,2,0,56,0,1,2,0,3,28,27,4,0,59,7,0,7,66
12/26/2015,CAK,OH,AGL,CE,Combined TRACON& Tower with Radar,25,30,30,0,85,0,0,2,0,2,25,30,32,0,87,12,0,12,99
12/27/2015,CAK,OH,AGL,CE,Combined TRACON& Tower with Radar,35,29,15,0,79,0,0,0,0,0,35,29,15,0,79,17,0,17,96
12/28/2015,CAK,OH,AGL,CE,Combined TRACON& Tower with Radar,32,46,10,0,88,0,0,1,0,1,32,46,11,0,89,12,0,12,101
12/29/2015,CAK,OH,AGL,CE,Combined TRACON& Tower with Radar,32,47,28,0,107,0,0,3,0,3,32,47,31,0,110,28,4,32,142
12/30/2015,CAK,OH,AGL,CE,Combined TRACON& Tower with Radar,25,51,25,0,101,0,0,5,4,9,25,51,30,4,110,25,0,25,135
12/31/2015,CAK,OH,AGL,CE,Combined TRACON& Tower with Radar,29,36,1,0,66,0,0,1,0,1,29,36,2,0,67,12,0,12,79
01/01/2016,CAK,OH,AGL,CE,Combined TRACON& Tower with Radar,28,25,4,0,57,0,0,2,0,2,28,25,6,0,59,16,0,16,75
01/02/2016,CAK,OH,AGL,CE,Combined TRACON& Tower with Radar,23,32,18,0,73,0,0,9,0,9,23,32,27,0,82,44,0,44,126
01/03/2016,CAK,OH,AGL,CE,Combined TRACON& Tower with Radar,36,42,21,0,99,0,0,3,0,3,36,42,24,0,102,26,0,26,128
01/04/2016,CAK,OH,AGL,CE,Combined TRACON& Tower with Radar,31,58,11,0,100,0,0,2,0,2,31,58,13,0,102,23,0,23,125
01/05/2016,CAK,OH,AGL,CE,Combined TRACON& Tower with Radar,29,51,43,2,125,0,2,25,0,27,29,53,68,2,152,46,0,46,198
01/06/2016,CAK,OH,AGL,CE,Combined TRACON& Tower with Radar,31,44,45,0,120,0,3,33,0,36,31,47,78,0,156,69,0,69,225
01/07/2016,CAK,OH,AGL,CE,Combined TRACON& Tower with Radar,31,49,58,5,143,0,0,37,5,42,31,49,95,10,185,65,0,65,250
01/08/2016,CAK,OH,AGL,CE,Combined TRACON& Tower with Radar,31,52,28,0,111,0,0,5,0,5,31,52,33,0,116,28,0,28,144
01/09/2016,CAK,OH,AGL,CE,Combined TRACON& Tower with Radar,25,29,29,0,83,0,0,1,0,1,25,29,30,0,84,29,0,29,113
01/10/2016,CAK,OH,AGL,CE,Combined TRACON& Tower with Radar,35,33,14,0,82,0,0,0,0,0,35,33,14,0,82,2,0,2,84
01/11/2016,CAK,OH,AGL,CE,Combined TRACON& Tower with Radar,28,47,34,0,109,0,1,10,2,13,28,48,44,2,122,20,0,20,142
01/12/2016,CAK,OH,AGL,CE,Combined TRACON& Tower with Radar,31,49,20,0,100,0,0,0,0,0,31,49,20,0,100,4,0,4,104
01/13/2016,CAK,OH,AGL,CE,Combined TRACON& Tower with Radar,28,54,34,4,120,0,0,12,4,16,28,54,46,8,136,38,18,56,192
01/14/2016,CAK,OH,AGL,CE,Combined TRACON& Tower with Radar,33,61,44,1,139,0,2,18,3,23,33,63,62,4,162,68,4,72,234
01/15/2016,CAK,OH,AGL,CE,Combined TRACON& Tower with Radar,34,51,39,0,124,0,0,9,0,9,34,51,48,0,133,43,0,43,176
01/16/2016,CAK,OH,AGL,CE,Combined TRACON& Tower with Radar,23,26,6,0,55,0,0,0,4,4,23,26,6,4,59,10,0,10,69
01/17/2016,CAK,OH,AGL,CE,Combined TRACON& Tower with Radar,30,26,11,0,67,0,0,3,0,3,30,26,14,0,70,0,0,0,70
01/18/2016,CAK,OH,AGL,CE,Combined TRACON& Tower with Radar,28,55,14,0,97,0,0,0,0,0,28,55,14,0,97,6,0,6,103
01/19/2016,CAK,OH,AGL,CE,Combined TRACON& Tower with Radar,30,48,29,0,107,0,0,5,0,5,30,48,34,0,112,76,0,76,188
01/20/2016,CAK,OH,AGL,CE,Combined TRACON& Tower with Radar,29,46,21,0,96,0,0,1,0,1,29,46,22,0,97,7,0,7,104
01/21/2016,CAK,OH,AGL,CE,Combined TRACON& Tower with Radar,32,55,49,2,138,0,0,16,2,18,32,55,65,4,156,69,0,69,225
01/22/2016,CAK,OH,AGL,CE,Combined TRACON& Tower with Radar,26,37,28,1,92,0,0,9,1,10,26,37,37,2,102,40,0,40,142
01/23/2016,CAK,OH,AGL,CE,Combined TRACON& Tower with Radar,26,17,11,4,58,0,1,5,8,14,26,18,16,12,72,37,8,45,117
01/24/2016,CAK,OH,AGL,CE,Combined TRACON& Tower with Radar,30,28,40,3,101,0,0,27,3,30,30,28,67,6,131,84,0,84,215
01/25/2016,CAK,OH,AGL,CE,Combined TRACON& Tower with Radar,28,54,39,0,121,0,0,10,0,10,28,54,49,0,131,30,0,30,161
01/26/2016,CAK,OH,AGL,CE,Combined TRACON& Tower with Radar,28,57,34,0,119,0,3,0,4,7,28,60,34,4,126,7,0,7,133
01/27/2016,CAK,OH,AGL,CE,Combined TRACON& Tower with Radar,30,50,35,0,115,0,0,4,0,4,30,50,39,0,119,21,0,21,140
01/28/2016,CAK,OH,AGL,CE,Combined TRACON& Tower with Radar,30,56,30,2,118,0,0,6,2,8,30,56,36,4,126,20,12,32,158
01/29/2016,CAK,OH,AGL,CE,Combined TRACON& Tower with Radar,31,53,27,0,111,0,0,5,0,5,31,53,32,0,116,20,0,20,136
01/30/2016,CAK,OH,AGL,CE,Combined TRACON& Tower with Radar,25,28,35,0,88,0,0,28,0,28,25,28,63,0,116,87,0,87,203
01/31/2016,CAK,OH,AGL,CE,Combined TRACON& Tower with Radar,31,33,28,0,92,0,0,3,0,3,31,33,31,0,95,35,0,35,130
02/01/2016,CAK,OH,AGL,CE,Combined TRACON& Tower with Radar,27,45,45,0,117,0,2,19,0,21,27,47,64,0,138,80,0,80,218
02/02/2016,CAK,OH,AGL,CE,Combined TRACON& Tower with Radar,28,49,43,2,122,0,2,16,2,20,28,51,59,4,142,59,1,60,202
02/03/2016,CAK,OH,AGL,CE,Combined TRACON& Tower with Radar,29,47,18,1,95,0,1,0,1,2,29,48,18,2,97,20,0,20,117
02/04/2016,CAK,OH,AGL,CE,Combined TRACON& Tower with Radar,32,58,28,1,119,0,0,5,3,8,32,58,33,4,127,32,0,32,159
02/05/2016,CAK,OH,AGL,CE,Combined TRACON& Tower with Radar,30,49,51,4,134,0,0,37,4,41,30,49,88,8,175,100,16,116,291
02/06/2016,CAK,OH,AGL,CE,Combined TRACON& Tower with Radar,27,30,49,1,107,0,0,39,1,40,27,30,88,2,147,73,0,73,220
02/07/2016,CAK,OH,AGL,CE,Combined TRACON& Tower with Radar,27,33,40,0,100,0,0,34,0,34,27,33,74,0,134,90,0,90,224
02/08/2016,CAK,OH,AGL,CE,Combined TRACON& Tower with Radar,30,50,26,0,106,0,0,0,0,0,30,50,26,0,106,9,0,9,115
02/09/2016,CAK,OH,AGL,CE,Combined TRACON& Tower with Radar,28,56,39,2,125,0,0,0,0,0,28,56,39,2,125,11,0,11,136
02/10/2016,CAK,OH,AGL,CE,Combined TRACON& Tower with Radar,30,54,24,0,108,0,0,0,0,0,30,54,24,0,108,7,0,7,115
02/11/2016,CAK,OH,AGL,CE,Combined TRACON& Tower with Radar,32,56,29,2,119,0,1,3,2,6,32,57,32,4,125,15,0,15,140
02/12/2016,CAK,OH,AGL,CE,Combined TRACON& Tower with Radar,29,48,46,1,124,0,0,7,0,7,29,48,53,1,131,29,0,29,160
02/13/2016,CAK,OH,AGL,CE,Combined TRACON& Tower with Radar,23,28,6,1,58,0,0,0,0,0,23,28,6,1,58,9,0,9,67
02/14/2016,CAK,OH,AGL,CE,Combined TRACON& Tower with Radar,31,31,39,0,101,0,1,11,0,12,31,32,50,0,113,15,0,15,128
02/15/2016,CAK,OH,AGL,CE,Combined TRACON& Tower with Radar,29,28,24,0,81,0,0,0,0,0,29,28,24,0,81,4,0,4,85
02/16/2016,CAK,OH,AGL,CE,Combined TRACON& Tower with Radar,28,48,25,0,101,0,0,0,0,0,28,48,25,0,101,9,0,9,110
02/17/2016,CAK,OH,AGL,CE,Combined TRACON& Tower with Radar,31,52,14,0,97,0,0,0,0,0,31,52,14,0,97,12,14,26,123
02/18/2016,CAK,OH,AGL,CE,Combined TRACON& Tower with Radar,32,51,50,1,134,0,2,19,1,22,32,53,69,2,156,79,0,79,235
02/19/2016,CAK,OH,AGL,CE,Combined TRACON& Tower with Radar,32,49,28,4,113,0,2,1,1,4,32,51,29,5,117,26,0,26,143
02/20/2016,CAK,OH,AGL,CE,Combined TRACON& Tower with Radar,25,28,32,2,87,0,0,15,1,16,25,28,47,3,103,52,0,52,155
02/21/2016,CAK,OH,AGL,CE,Combined TRACON& Tower with Radar,31,32,39,0,102,0,0,28,0,28,31,32,67,0,130,65,0,65,195
02/22/2016,CAK,OH,AGL,CE,Combined TRACON& Tower with Radar,32,48,47,0,127,0,2,8,0,10,32,50,55,0,137,38,0,38,175
02/23/2016,CAK,OH,AGL,CE,Combined TRACON& Tower with Radar,27,50,42,1,120,0,1,19,3,23,27,51,61,4,143,45,4,49,192
02/24/2016,CAK,OH,AGL,CE,Combined TRACON& Tower with Radar,28,44,35,0,107,0,0,0,0,0,28,44,35,0,107,22,0,22,129
02/25/2016,CAK,OH,AGL,CE,Combined TRACON& Tower with Radar,31,52,24,0,107,0,0,0,0,0,31,52,24,0,107,12,0,12,119
02/26/2016,CAK,OH,AGL,CE,Combined TRACON& Tower with Radar,34,50,28,3,115,0,0,8,1,9,34,50,36,4,124,35,0,35,159
02/27/2016,CAK,OH,AGL,CE,Combined TRACON& Tower with Radar,25,31,46,0,102,0,0,23,0,23,25,31,69,0,125,54,0,54,179
02/28/2016,CAK,OH,AGL,CE,Combined TRACON& Tower with Radar,31,35,16,0,82,0,0,1,0,1,31,35,17,0,83,27,0,27,110
02/29/2016,CAK,OH,AGL,CE,Combined TRACON& Tower with Radar,30,54,17,0,101,0,2,8,2,12,30,56,25,2,113,22,0,22,135
03/01/2016,CAK,OH,AGL,CE,Combined TRACON& Tower with Radar,29,52,37,3,121,0,0,4,3,7,29,52,41,6,128,24,0,24,152
03/02/2016,CAK,OH,AGL,CE,Combined TRACON& Tower with Radar,29,54,30,3,116,0,1,0,2,3,29,55,30,5,119,20,10,30,149
03/03/2016,CAK,OH,AGL,CE,Combined TRACON& Tower with Radar,32,73,41,0,146,0,0,7,3,10,32,73,48,3,156,15,0,15,171
03/04/2016,CAK,OH,AGL,CE,Combined TRACON& Tower with Radar,30,52,40,2,124,0,1,9,2,12,30,53,49,4,136,22,0,22,158
03/05/2016,CAK,OH,AGL,CE,Combined TRACON& Tower with Radar,27,36,13,0,76,0,1,2,0,3,27,37,15,0,79,14,0,14,93
03/06/2016,CAK,OH,AGL,CE,Combined TRACON& Tower with Radar,31,39,25,0,95,0,0,8,0,8,31,39,33,0,103,36,2,38,141
03/07/2016,CAK,OH,AGL,CE,Combined TRACON& Tower with Radar,30,50,36,3,119,0,1,30,1,32,30,51,66,4,151,75,0,75,226
03/08/2016,CAK,OH,AGL,CE,Combined TRACON& Tower with Radar,28,56,56,5,145,0,0,21,5,26,28,56,77,10,171,56,0,56,227
03/09/2016,CAK,OH,AGL,CE,Combined TRACON& Tower with Radar,27,57,27,4,115,0,1,19,7,27,27,58,46,11,142,44,0,44,186
03/10/2016,CAK,OH,AGL,CE,Combined TRACON& Tower with Radar,34,59,68,3,164,0,0,0,0,0,34,59,68,3,164,25,0,25,189
03/11/2016,CAK,OH,AGL,CE,Combined TRACON& Tower with Radar,30,47,77,2,156,0,0,23,10,33,30,47,100,12,189,97,0,97,286
03/12/2016,CAK,OH,AGL,CE,Combined TRACON& Tower with Radar,30,33,49,5,117,0,1,42,3,46,30,34,91,8,163,94,0,94,257
03/13/2016,CAK,OH,AGL,CE,Combined TRACON& Tower with Radar,35,32,35,0,102,0,0,0,0,0,35,32,35,0,102,23,0,23,125
03/14/2016,CAK,OH,AGL,CE,Combined TRACON& Tower with Radar,34,49,28,0,111,0,0,2,0,2,34,49,30,0,113,13,0,13,126
03/15/2016,CAK,OH,AGL,CE,Combined TRACON& Tower with Radar,29,51,56,3,139,0,0,5,1,6,29,51,61,4,145,42,0,42,187
03/16/2016,CAK,OH,AGL,CE,Combined TRACON& Tower with Radar,30,47,33,1,111,0,1,4,1,6,30,48,37,2,117,11,0,11,128
03/17/2016,CAK,OH,AGL,CE,Combined TRACON& Tower with Radar,29,59,33,6,127,0,0,14,2,16,29,59,47,8,143,13,0,13,156
03/18/2016,CAK,OH,AGL,CE,Combined TRACON& Tower with Radar,31,54,34,4,123,0,0,15,2,17,31,54,49,6,140,62,2,64,204
03/19/2016,CAK,OH,AGL,CE,Combined TRACON& Tower with Radar,28,35,21,1,85,0,1,44,1,46,28,36,65,2,131,73,0,73,204
03/20/2016,CAK,OH,AGL,CE,Combined TRACON& Tower with Radar,32,32,11,0,75,0,0,0,0,0,32,32,11,0,75,22,0,22,97
03/21/2016,CAK,OH,AGL,CE,Combined TRACON& Tower with Radar,31,49,36,2,118,0,0,14,0,14,31,49,50,2,132,34,0,34,166
03/22/2016,CAK,OH,AGL,CE,Combined TRACON& Tower with Radar,25,46,17,2,90,0,3,10,4,17,25,49,27,6,107,37,2,39,146
03/23/2016,CAK,OH,AGL,CE,Combined TRACON& Tower with Radar,31,53,39,1,124,0,0,10,1,11,31,53,49,2,135,32,0,32,167
03/24/2016,CAK,OH,AGL,CE,Combined TRACON& Tower with Radar,28,49,31,2,110,0,0,3,2,5,28,49,34,4,115,24,0,24,139
03/25/2016,CAK,OH,AGL,CE,Combined TRACON& Tower with Radar,32,45,36,0,113,0,0,9,0,9,32,45,45,0,122,28,0,28,150
03/26/2016,CAK,OH,AGL,CE,Combined TRACON& Tower with Radar,29,28,42,0,99,0,0,35,0,35,29,28,77,0,134,52,0,52,186
03/27/2016,CAK,OH,AGL,CE,Combined TRACON& Tower with Radar,33,37,18,0,88,0,0,18,0,18,33,37,36,0,106,28,0,28,134
03/28/2016,CAK,OH,AGL,CE,Combined TRACON& Tower with Radar,32,55,11,2,100,0,0,0,2,2,32,55,11,4,102,5,0,5,107
03/29/2016,CAK,OH,AGL,CE,Combined TRACON& Tower with Radar,25,55,52,2,134,0,1,33,4,38,25,56,85,6,172,92,0,92,264
03/30/2016,CAK,OH,AGL,CE,Combined TRACON& Tower with Radar,30,48,49,5,132,0,1,25,0,26,30,49,74,5,158,79,0,79,237
03/31/2016,CAK,OH,AGL,CE,Combined TRACON& Tower with Radar,33,56,32,0,121,0,3,1,0,4,33,59,33,0,125,16,0,16,141
04/01/2016,CAK,OH,AGL,CE,Combined TRACON& Tower with Radar,29,57,47,3,136,0,0,10,3,13,29,57,57,6,149,52,0,52,201
04/02/2016,CAK,OH,AGL,CE,Combined TRACON& Tower with Radar,28,32,14,0,74,0,0,1,0,1,28,32,15,0,75,9,0,9,84
04/03/2016,CAK,OH,AGL,CE,Combined TRACON& Tower with Radar,36,32,21,2,91,0,0,8,0,8,36,32,29,2,99,6,0,6,105
04/04/2016,CAK,OH,AGL,CE,Combined TRACON& Tower with Radar,33,50,16,0,99,0,0,0,0,0,33,50,16,0,99,5,0,5,104
04/05/2016,CAK,OH,AGL,CE,Combined TRACON& Tower with Radar,29,54,42,0,125,0,0,50,3,53,29,54,92,3,178,127,0,127,305
04/06/2016,CAK,OH,AGL,CE,Combined TRACON& Tower with Radar,30,57,38,2,127,0,0,4,4,8,30,57,42,6,135,17,0,17,152
04/07/2016,CAK,OH,AGL,CE,Combined TRACON& Tower with Radar,31,58,30,0,119,0,0,1,0,1,31,58,31,0,120,74,0,74,194
04/08/2016,CAK,OH,AGL,CE,Combined TRACON& Tower with Radar,34,48,33,0,115,0,3,12,2,17,34,51,45,2,132,49,0,49,181
04/09/2016,CAK,OH,AGL,CE,Combined TRACON& Tower with Radar,32,33,9,0,74,0,0,0,0,0,32,33,9,0,74,16,0,16,90
04/10/2016,CAK,OH,AGL,CE,Combined TRACON& Tower with Radar,38,35,23,0,96,0,0,13,5,18,38,35,36,5,114,38,0,38,152
04/11/2016,CAK,OH,AGL,CE,Combined TRACON& Tower with Radar,31,53,31,0,115,0,0,0,0,0,31,53,31,0,115,7,2,9,124
04/12/2016,CAK,OH,AGL,CE,Combined TRACON& Tower with Radar,20,51,66,1,138,0,1,38,0,39,20,52,104,1,177,81,0,81,258
04/13/2016,CAK,OH,AGL,CE,Combined TRACON& Tower with Radar,21,59,87,1,168,0,1,47,4,52,21,60,134,5,220,126,10,136,356
04/14/2016,CAK,OH,AGL,CE,Combined TRACON& Tower with Radar,24,61,44,3,132,0,2,24,7,33,24,63,68,10,165,44,0,44,209
04/15/2016,CAK,OH,AGL,CE,Combined TRACON& Tower with Radar,24,73,75,0,172,0,0,52,2,54,24,73,127,2,226,172,0,172,398
04/16/2016,CAK,OH,AGL,CE,Combined TRACON& Tower with Radar,16,46,38,2,102,0,0,44,2,46,16,46,82,4,148,91,0,91,239
04/17/2016,CAK,OH,AGL,CE,Combined TRACON& Tower with Radar,25,38,44,0,107,0,0,44,0,44,25,38,88,0,151,24,0,24,175
04/18/2016,CAK,OH,AGL,CE,Combined TRACON& Tower with Radar,26,54,63,0,143,0,2,47,2,51,26,56,110,2,194,87,0,87,281
04/19/2016,CAK,OH,AGL,CE,Combined TRACON& Tower with Radar,22,53,58,2,135,0,0,23,1,24,22,53,81,3,159,46,0,46,205
04/20/2016,CAK,OH,AGL,CE,Combined TRACON& Tower with Radar,22,54,52,2,130,0,0,34,5,39,22,54,86,7,169,72,2,74,243
04/21/2016,CAK,OH,AGL,CE,Combined TRACON& Tower with Radar,24,61,31,0,116,0,4,11,0,15,24,65,42,0,131,38,0,38,169
04/22/2016,CAK,OH,AGL,CE,Combined TRACON& Tower with Radar,24,60,81,4,169,0,0,2,0,2,24,60,83,4,171,75,4,79,250
04/23/2016,CAK,OH,AGL,CE,Combined TRACON& Tower with Radar,17,38,46,1,102,0,0,9,1,10,17,38,55,2,112,45,0,45,157
04/24/2016,CAK,OH,AGL,CE,Combined TRACON& Tower with Radar,26,38,44,0,108,0,0,56,0,56,26,38,100,0,164,89,0,89,253
04/25/2016,CAK,OH,AGL,CE,Combined TRACON& Tower with Radar,24,45,45,0,114,0,0,25,0,25,24,45,70,0,139,35,0,35,174
04/26/2016,CAK,OH,AGL,CE,Combined TRACON& Tower with Radar,23,56,54,2,135,0,1,5,0,6,23,57,59,2,141,25,6,31,172
04/27/2016,CAK,OH,AGL,CE,Combined TRACON& Tower with Radar,21,58,62,2,143,0,0,28,0,28,21,58,90,2,171,110,0,110,281
04/28/2016,CAK,OH,AGL,CE,Combined TRACON& Tower with Radar,26,62,37,2,127,0,0,4,0,4,26,62,41,2,131,28,0,28,159
04/29/2016,CAK,OH,AGL,CE,Combined TRACON& Tower with Radar,23,61,62,0,146,0,0,3,0,3,23,61,65,0,149,59,0,59,208
04/30/2016,CAK,OH,AGL,CE,Combined TRACON& Tower with Radar,15,33,39,0,87,0,0,9,2,11,15,33,48,2,98,31,0,31,129
05/01/2016,CAK,OH,AGL,CE,Combined TRACON& Tower with Radar,24,37,36,0,97,0,0,5,0,5,24,37,41,0,102,32,0,32,134
05/02/2016,CAK,OH,AGL,CE,Combined TRACON& Tower with Radar,20,51,36,0,107,0,0,4,0,4,20,51,40,0,111,29,0,29,140
05/03/2016,CAK,OH,AGL,CE,Combined TRACON& Tower with Radar,20,56,73,9,158,0,1,24,6,31,20,57,97,15,189,112,0,112,301
05/04/2016,CAK,OH,AGL,CE,Combined TRACON& Tower with Radar,18,63,59,0,140,0,0,9,0,9,18,63,68,0,149,27,0,27,176
05/05/2016,CAK,OH,AGL,CE,Combined TRACON& Tower with Radar,21,57,60,0,138,0,0,6,0,6,21,57,66,0,144,47,0,47,191
05/06/2016,CAK,OH,AGL,CE,Combined TRACON& Tower with Radar,22,57,56,2,137,0,3,30,2,35,22,60,86,4,172,45,0,45,217
05/07/2016,CAK,OH,AGL,CE,Combined TRACON& Tower with Radar,17,27,37,0,81,0,1,16,0,17,17,28,53,0,98,43,0,43,141
05/08/2016,CAK,OH,AGL,CE,Combined TRACON& Tower with Radar,22,47,24,0,93,0,0,13,0,13,22,47,37,0,106,34,0,34,140
05/09/2016,CAK,OH,AGL,CE,Combined TRACON& Tower with Radar,24,53,59,0,136,0,0,18,0,18,24,53,77,0,154,69,0,69,223
05/10/2016,CAK,OH,AGL,CE,Combined TRACON& Tower with Radar,19,61,39,8,127,0,0,15,2,17,19,61,54,10,144,24,0,24,168
05/11/2016,CAK,OH,AGL,CE,Combined TRACON& Tower with Radar,23,53,60,3,139,0,0,8,3,11,23,53,68,6,150,50,2,52,202
05/12/2016,CAK,OH,AGL,CE,Combined TRACON& Tower with Radar,25,55,66,5,151,0,0,18,4,22,25,55,84,9,173,76,0,76,249
05/13/2016,CAK,OH,AGL,CE,Combined TRACON& Tower with Radar,26,53,49,3,131,0,2,11,7,20,26,55,60,10,151,27,2,29,180
05/14/2016,CAK,OH,AGL,CE,Combined TRACON& Tower with Radar,16,29,12,0,57,0,0,0,0,0,16,29,12,0,57,6,0,6,63
05/15/2016,CAK,OH,AGL,CE,Combined TRACON& Tower with Radar,22,43,24,0,89,0,0,18,0,18,22,43,42,0,107,8,0,8,115
05/16/2016,CAK,OH,AGL,CE,Combined TRACON& Tower with Radar,24,49,63,1,137,0,1,49,2,52,24,50,112,3,189,130,0,130,319
05/17/2016,CAK,OH,AGL,CE,Combined TRACON& Tower with Radar,20,59,79,0,158,0,0,11,0,11,20,59,90,0,169,61,0,61,230
05/18/2016,CAK,OH,AGL,CE,Combined TRACON& Tower with Radar,20,63,53,1,137,0,0,44,5,49,20,63,97,6,186,74,0,74,260
05/19/2016,CAK,OH,AGL,CE,Combined TRACON& Tower with Radar,28,66,61,1,156,0,2,27,1,30,28,68,88,2,186,107,0,107,293
05/20/2016,CAK,OH,AGL,CE,Combined TRACON& Tower with Radar,24,53,50,2,129,0,0,33,0,33,24,53,83,2,162,75,0,75,237
05/21/2016,CAK,OH,AGL,CE,Combined TRACON& Tower with Radar,16,40,19,0,75,0,0,0,0,0,16,40,19,0,75,16,0,16,91
05/22/2016,CAK,OH,AGL,CE,Combined TRACON& Tower with Radar,30,53,47,0,130,0,0,32,0,32,30,53,79,0,162,90,0,90,252
05/23/2016,CAK,OH,AGL,CE,Combined TRACON& Tower with Radar,24,52,44,0,120,0,1,30,0,31,24,53,74,0,151,100,0,100,251
05/24/2016,CAK,OH,AGL,CE,Combined TRACON& Tower with Radar,19,64,61,1,145,0,0,46,1,47,19,64,107,2,192,81,8,89,281
05/25/2016,CAK,OH,AGL,CE,Combined TRACON& Tower with Radar,22,58,63,2,145,0,4,34,4,42,22,62,97,6,187,73,0,73,260
05/26/2016,CAK,OH,AGL,CE,Combined TRACON& Tower with Radar,29,62,59,3,153,0,2,13,8,23,29,64,72,11,176,45,0,45,221
05/27/2016,CAK,OH,AGL,CE,Combined TRACON& Tower with Radar,25,57,38,0,120,0,0,32,0,32,25,57,70,0,152,57,0,57,209
05/28/2016,CAK,OH,AGL,CE,Combined TRACON& Tower with Radar,21,26,25,0,72,0,0,32,0,32,21,26,57,0,104,58,0,58,162
05/29/2016,CAK,OH,AGL,CE,Combined TRACON& Tower with Radar,24,31,23,1,79,0,0,20,0,20,24,31,43,1,99,23,0,23,122
05/30/2016,CAK,OH,AGL,CE,Combined TRACON& Tower with Radar,24,45,27,1,97,0,1,20,3,24,24,46,47,4,121,26,0,26,147
05/31/2016,CAK,OH,AGL,CE,Combined TRACON& Tower with Radar,19,53,37,2,111,0,0,32,0,32,19,53,69,2,143,20,0,20,163
06/01/2016,CAK,OH,AGL,CE,Combined TRACON& Tower with Radar,22,56,40,2,120,0,3,32,3,38,22,59,72,5,158,70,0,70,228
06/02/2016,CAK,OH,AGL,CE,Combined TRACON& Tower with Radar,26,63,64,1,154,0,3,25,2,30,26,66,89,3,184,39,0,39,223
06/03/2016,CAK,OH,AGL,CE,Combined TRACON& Tower with Radar,24,55,51,0,130,0,0,58,2,60,24,55,109,2,190,84,0,84,274
06/04/2016,CAK,OH,AGL,CE,Combined TRACON& Tower with Radar,24,32,52,0,108,0,0,21,0,21,24,32,73,0,129,70,0,70,199
06/05/2016,CAK,OH,AGL,CE,Combined TRACON& Tower with Radar,29,38,23,0,90,0,0,5,0,5,29,38,28,0,95,15,0,15,110
06/06/2016,CAK,OH,AGL,CE,Combined TRACON& Tower with Radar,19,53,36,0,108,0,2,12,0,14,19,55,48,0,122,36,0,36,158
06/07/2016,CAK,OH,AGL,CE,Combined TRACON& Tower with Radar,25,62,51,2,140,0,3,27,0,30,25,65,78,2,170,26,0,26,196
06/08/2016,CAK,OH,AGL,CE,Combined TRACON& Tower with Radar,25,59,42,3,129,0,0,12,2,14,25,59,54,5,143,59,4,63,206
06/09/2016,CAK,OH,AGL,CE,Combined TRACON& Tower with Radar,27,58,62,3,150,0,0,58,0,58,27,58,120,3,208,68,0,68,276
06/10/2016,CAK,OH,AGL,CE,Combined TRACON& Tower with Radar,24,55,34,3,116,0,2,29,2,33,24,57,63,5,149,28,2,30,179
06/11/2016,CAK,OH,AGL,CE,Combined TRACON& Tower with Radar,24,33,16,2,75,0,0,5,4,9,24,33,21,6,84,5,0,5,89
06/12/2016,CAK,OH,AGL,CE,Combined TRACON& Tower with Radar,24,48,24,2,98,0,1,22,6,29,24,49,46,8,127,55,4,59,186
06/13/2016,CAK,OH,AGL,CE,Combined TRACON& Tower with Radar,25,59,54,1,139,0,0,44,3,47,25,59,98,4,186,43,0,43,229
06/14/2016,CAK,OH,AGL,CE,Combined TRACON& Tower with Radar,20,57,51,1,129,0,1,42,2,45,20,58,93,3,174,66,0,66,240
06/15/2016,CAK,OH,AGL,CE,Combined TRACON& Tower with Radar,26,54,46,2,128,0,0,17,2,19,26,54,63,4,147,21,0,21,168
06/16/2016,CAK,OH,AGL,CE,Combined TRACON& Tower with Radar,28,50,31,0,109,0,0,1,0,1,28,50,32,0,110,4,0,4,114
06/17/2016,CAK,OH,AGL,CE,Combined TRACON& Tower with Radar,23,52,65,2,142,0,1,44,3,48,23,53,109,5,190,61,0,61,251
06/18/2016,CAK,OH,AGL,CE,Combined TRACON& Tower with Radar,25,36,31,0,92,0,0,28,0,28,25,36,59,0,120,29,0,29,149
06/19/2016,CAK,OH,AGL,CE,Combined TRACON& Tower with Radar,26,37,23,0,86,0,0,21,2,23,26,37,44,2,109,25,0,25,134
06/20/2016,CAK,OH,AGL,CE,Combined TRACON& Tower with Radar,24,67,44,0,135,0,1,18,0,19,24,68,62,0,154,48,0,48,202
06/21/2016,CAK,OH,AGL,CE,Combined TRACON& Tower with Radar,20,51,62,6,139,0,1,26,2,29,20,52,88,8,168,80,0,80,248
06/22/2016,CAK,OH,AGL,CE,Combined TRACON& Tower with Radar,21,48,50,9,128,0,1,20,5,26,21,49,70,14,154,24,6,30,184
06/23/2016,CAK,OH,AGL,CE,Combined TRACON& Tower with Radar,26,52,51,5,134,0,0,2,1,3,26,52,53,6,137,9,20,29,166
06/24/2016,CAK,OH,AGL,CE,Combined TRACON& Tower with Radar,23,57,52,3,135,0,0,33,3,36,23,57,85,6,171,57,2,59,230
06/25/2016,CAK,OH,AGL,CE,Combined TRACON& Tower with Radar,26,30,42,0,98,0,0,32,0,32,26,30,74,0,130,52,0,52,182
06/26/2016,CAK,OH,AGL,CE,Combined TRACON& Tower with Radar,26,44,33,1,104,0,2,32,1,35,26,46,65,2,139,90,0,90,229
06/27/2016,CAK,OH,AGL,CE,Combined TRACON& Tower with Radar,23,58,41,0,122,0,2,20,4,26,23,60,61,4,148,15,0,15,163
06/28/2016,CAK,OH,AGL,CE,Combined TRACON& Tower with Radar,23,54,60,3,140,0,0,20,7,27,23,54,80,10,167,47,0,47,214
06/29/2016,CAK,OH,AGL,CE,Combined TRACON& Tower with Radar,26,58,62,4,150,0,1,37,2,40,26,59,99,6,190,84,0,84,274
06/30/2016,CAK,OH,AGL,CE,Combined TRACON& Tower with Radar,27,55,65,5,152,0,1,34,4,39,27,56,99,9,191,101,0,101,292
07/01/2016,CAK,OH,AGL,CE,Combined TRACON& Tower with Radar,29,50,27,0,106,0,0,16,0,16,29,50,43,0,122,16,0,16,138
07/02/2016,CAK,OH,AGL,CE,Combined TRACON& Tower with Radar,27,33,32,2,94,0,1,32,0,33,27,34,64,2,127,47,0,47,174
07/03/2016,CAK,OH,AGL,CE,Combined TRACON& Tower with Radar,23,56,29,0,108,0,0,28,0,28,23,56,57,0,136,48,0,48,184
07/04/2016,CAK,OH,AGL,CE,Combined TRACON& Tower with Radar,21,36,16,0,73,0,1,8,0,9,21,37,24,0,82,18,0,18,100
07/05/2016,CAK,OH,AGL,CE,Combined TRACON& Tower with Radar,25,55,43,2,125,0,2,28,0,30,25,57,71,2,155,30,0,30,185
07/06/2016,CAK,OH,AGL,CE,Combined TRACON& Tower with Radar,23,49,37,2,111,0,0,22,4,26,23,49,59,6,137,51,0,51,188
07/07/2016,CAK,OH,AGL,CE,Combined TRACON& Tower with Radar,30,52,39,1,122,0,0,7,1,8,30,52,46,2,130,27,0,27,157
07/08/2016,CAK,OH,AGL,CE,Combined TRACON& Tower with Radar,25,47,44,7,123,0,2,7,2,11,25,49,51,9,134,35,0,35,169
07/09/2016,CAK,OH,AGL,CE,Combined TRACON& Tower with Radar,26,31,29,5,91,0,0,20,1,21,26,31,49,6,112,40,0,40,152
07/10/2016,CAK,OH,AGL,CE,Combined TRACON& Tower with Radar,28,31,51,2,112,0,0,33,0,33,28,31,84,2,145,62,0,62,207
07/11/2016,CAK,OH,AGL,CE,Combined TRACON& Tower with Radar,25,52,50,0,127,0,1,42,0,43,25,53,92,0,170,68,0,68,238
07/12/2016,CAK,OH,AGL,CE,Combined TRACON& Tower with Radar,24,46,43,6,119,0,3,39,9,51,24,49,82,15,170,76,0,76,246
07/13/2016,CAK,OH,AGL,CE,Combined TRACON& Tower with Radar,23,57,61,1,142,0,0,8,2,10,23,57,69,3,152,55,0,55,207
07/14/2016,CAK,OH,AGL,CE,Combined TRACON& Tower with Radar,28,51,62,4,145,0,1,15,2,18,28,52,77,6,163,48,4,52,215
07/15/2016,CAK,OH,AGL,CE,Combined TRACON& Tower with Radar,25,58,36,2,121,0,1,26,1,28,25,59,62,3,149,54,0,54,203
07/16/2016,CAK,OH,AGL,CE,Combined TRACON& Tower with Radar,28,41,36,2,107,0,2,35,6,43,28,43,71,8,150,40,0,40,190
07/17/2016,CAK,OH,AGL,CE,Combined TRACON& Tower with Radar,27,45,50,6,128,0,0,17,3,20,27,45,67,9,148,28,0,28,176
07/18/2016,CAK,OH,AGL,CE,Combined TRACON& Tower with Radar,27,59,46,4,136,0,2,8,10,20,27,61,54,14,156,10,0,10,166
07/19/2016,CAK,OH,AGL,CE,Combined TRACON& Tower with Radar,23,67,70,10,170,0,0,13,14,27,23,67,83,24,197,13,0,13,210
07/20/2016,CAK,OH,AGL,CE,Combined TRACON& Tower with Radar,24,70,59,1,154,0,0,17,5,22,24,70,76,6,176,19,0,19,195
07/21/2016,CAK,OH,AGL,CE,Combined TRACON& Tower with Radar,24,70,70,9,173,0,0,16,10,26,24,70,86,19,199,18,0,18,217
07/22/2016,CAK,OH,AGL,CE,Combined TRACON& Tower with Radar,28,52,44,3,127,0,0,17,5,22,28,52,61,8,149,23,0,23,172
07/23/2016,CAK,OH,AGL,CE,Combined TRACON& Tower with Radar,27,36,41,4,108,0,6,40,3,49,27,42,81,7,157,76,0,76,233
07/24/2016,CAK,OH,AGL,CE,Combined TRACON& Tower with Radar,31,42,39,4,116,0,1,16,3,20,31,43,55,7,136,37,0,37,173
07/25/2016,CAK,OH,AGL,CE,Combined TRACON& Tower with Radar,26,61,48,2,137,0,4,22,6,32,26,65,70,8,169,37,0,37,206
07/26/2016,CAK,OH,AGL,CE,Combined TRACON& Tower with Radar,22,58,75,2,157,0,2,53,2,57,22,60,128,4,214,91,58,149,363
07/27/2016,CAK,OH,AGL,CE,Combined TRACON& Tower with Radar,25,45,71,4,145,0,1,38,5,44,25,46,109,9,189,91,32,123,312
07/28/2016,CAK,OH,AGL,CE,Combined TRACON& Tower with Radar,27,50,61,2,140,0,2,30,5,37,27,52,91,7,177,79,48,127,304
07/29/2016,CAK,OH,AGL,CE,Combined TRACON& Tower with Radar,27,51,27,7,112,0,1,5,5,11,27,52,32,12,123,15,4,19,142
07/30/2016,CAK,OH,AGL,CE,Combined TRACON& Tower with Radar,26,30,24,1,81,0,0,1,2,3,26,30,25,3,84,9,0,9,93
07/31/2016,CAK,OH,AGL,CE,Combined TRACON& Tower with Radar,28,32,35,1,96,0,1,15,3,19,28,33,50,4,115,45,0,45,160
08/01/2016,CAK,OH,AGL,CE,Combined TRACON& Tower with Radar,27,48,55,1,131,0,2,41,1,44,27,50,96,2,175,65,0,65,240
08/02/2016,CAK,OH,AGL,CE,Combined TRACON& Tower with Radar,22,52,62,1,137,0,2,46,3,51,22,54,108,4,188,29,2,31,219
08/03/2016,CAK,OH,AGL,CE,Combined TRACON& Tower with Radar,25,61,71,4,161,0,0,36,2,38,25,61,107,6,199,59,10,69,268
08/04/2016,CAK,OH,AGL,CE,Combined TRACON& Tower with Radar,27,72,59,0,158,0,0,15,4,19,27,72,74,4,177,46,0,46,223
08/05/2016,CAK,OH,AGL,CE,Combined TRACON& Tower with Radar,26,67,57,3,153,0,2,35,1,38,26,69,92,4,191,68,0,68,259
08/06/2016,CAK,OH,AGL,CE,Combined TRACON& Tower with Radar,27,45,59,1,132,0,0,31,0,31,27,45,90,1,163,53,0,53,216
08/07/2016,CAK,OH,AGL,CE,Combined TRACON& Tower with Radar,31,43,64,0,138,0,0,39,0,39,31,43,103,0,177,43,0,43,220
08/08/2016,CAK,OH,AGL,CE,Combined TRACON& Tower with Radar,24,65,60,2,151,0,2,40,1,43,24,67,100,3,194,60,0,60,254
08/09/2016,CAK,OH,AGL,CE,Combined TRACON& Tower with Radar,20,47,81,8,156,0,1,19,1,21,20,48,100,9,177,41,0,41,218
08/10/2016,CAK,OH,AGL,CE,Combined TRACON& Tower with Radar,22,55,44,1,122,0,1,9,1,11,22,56,53,2,133,17,0,17,150
08/11/2016,CAK,OH,AGL,CE,Combined TRACON& Tower with Radar,29,57,45,2,133,0,0,4,6,10,29,57,49,8,143,17,0,17,160
08/12/2016,CAK,OH,AGL,CE,Combined TRACON& Tower with Radar,27,56,61,0,144,0,0,18,2,20,27,56,79,2,164,11,0,11,175
08/13/2016,CAK,OH,AGL,CE,Combined TRACON& Tower with Radar,25,25,33,0,83,0,0,23,0,23,25,25,56,0,106,25,6,31,137
08/14/2016,CAK,OH,AGL,CE,Combined TRACON& Tower with Radar,30,35,40,0,105,0,0,0,0,0,30,35,40,0,105,8,0,8,113
08/15/2016,CAK,OH,AGL,CE,Combined TRACON& Tower with Radar,27,46,34,2,109,0,0,8,0,8,27,46,42,2,117,8,0,8,125
08/16/2016,CAK,OH,AGL,CE,Combined TRACON& Tower with Radar,22,45,37,0,104,0,0,6,0,6,22,45,43,0,110,10,0,10,120
08/17/2016,CAK,OH,AGL,CE,Combined TRACON& Tower with Radar,24,56,65,2,147,0,0,15,0,15,24,56,80,2,162,35,0,35,197
08/18/2016,CAK,OH,AGL,CE,Combined TRACON& Tower with Radar,32,63,61,4,160,0,6,34,5,45,32,69,95,9,205,80,2,82,287
08/19/2016,CAK,OH,AGL,CE,Combined TRACON& Tower with Radar,27,58,45,2,132,0,5,32,4,41,27,63,77,6,173,73,0,73,246
08/20/2016,CAK,OH,AGL,CE,Combined TRACON& Tower with Radar,21,32,27,0,80,0,3,28,0,31,21,35,55,0,111,104,0,104,215
08/21/2016,CAK,OH,AGL,CE,Combined TRACON& Tower with Radar,28,30,21,0,79,0,1,21,0,22,28,31,42,0,101,27,0,27,128
08/22/2016,CAK,OH,AGL,CE,Combined TRACON& Tower with Radar,28,51,57,2,138,0,3,46,0,49,28,54,103,2,187,109,0,109,296
08/23/2016,CAK,OH,AGL,CE,Combined TRACON& Tower with Radar,21,52,67,2,142,0,7,33,9,49,21,59,100,11,191,103,0,103,294
08/24/2016,CAK,OH,AGL,CE,Combined TRACON& Tower with Radar,23,58,65,1,147,0,8,29,5,42,23,66,94,6,189,99,0,99,288
08/25/2016,CAK,OH,AGL,CE,Combined TRACON& Tower with Radar,29,52,42,0,123,0,1,6,2,9,29,53,48,2,132,58,20,78,210
08/26/2016,CAK,OH,AGL,CE,Combined TRACON& Tower with Radar,30,54,45,4,133,0,1,33,3,37,30,55,78,7,170,21,0,21,191
08/27/2016,CAK,OH,AGL,CE,Combined TRACON& Tower with Radar,19,31,35,0,85,0,4,37,0,41,19,35,72,0,126,44,0,44,170
08/28/2016,CAK,OH,AGL,CE,Combined TRACON& Tower with Radar,28,34,32,0,94,0,2,28,0,30,28,36,60,0,124,48,0,48,172
08/29/2016,CAK,OH,AGL,CE,Combined TRACON& Tower with Radar,29,50,51,1,131,0,5,30,3,38,29,55,81,4,169,32,0,32,201
08/30/2016,CAK,OH,AGL,CE,Combined TRACON& Tower with Radar,25,49,76,4,154,0,3,43,2,48,25,52,119,6,202,73,0,73,275
08/31/2016,CAK,OH,AGL,CE,Combined TRACON& Tower with Radar,24,52,46,0,122,0,3,21,4,28,24,55,67,4,150,28,0,28,178
09/01/2016,CAK,OH,AGL,CE,Combined TRACON& Tower with Radar,26,51,77,5,159,0,0,19,2,21,26,51,96,7,180,46,0,46,226
09/02/2016,CAK,OH,AGL,CE,Combined TRACON& Tower with Radar,30,50,40,3,123,0,2,29,2,33,30,52,69,5,156,50,0,50,206
09/03/2016,CAK,OH,AGL,CE,Combined TRACON& Tower with Radar,18,38,31,0,87,0,2,38,0,40,18,40,69,0,127,25,0,25,152
09/04/2016,CAK,OH,AGL,CE,Combined TRACON& Tower with Radar,24,25,24,0,73,0,2,28,0,30,24,27,52,0,103,52,0,52,155
09/05/2016,CAK,OH,AGL,CE,Combined TRACON& Tower with Radar,26,27,30,2,85,0,2,29,0,31,26,29,59,2,116,12,0,12,128
09/06/2016,CAK,OH,AGL,CE,Combined TRACON& Tower with Radar,22,44,39,0,105,0,0,36,0,36,22,44,75,0,141,47,0,47,188
09/07/2016,CAK,OH,AGL,CE,Combined TRACON& Tower with Radar,22,53,50,4,129,0,1,22,13,36,22,54,72,17,165,66,0,66,231
09/08/2016,CAK,OH,AGL,CE,Combined TRACON& Tower with Radar,28,47,40,0,115,0,2,12,4,18,28,49,52,4,133,23,0,23,156
09/09/2016,CAK,OH,AGL,CE,Combined TRACON& Tower with Radar,27,60,87,0,174,0,3,12,0,15,27,63,99,0,189,59,0,59,248
09/10/2016,CAK,OH,AGL,CE,Combined TRACON& Tower with Radar,20,30,10,3,63,0,1,6,6,13,20,31,16,9,76,9,0,9,85
09/11/2016,CAK,OH,AGL,CE,Combined TRACON& Tower with Radar,31,46,41,2,120,0,1,20,7,28,31,47,61,9,148,27,0,27,175
09/12/2016,CAK,OH,AGL,CE,Combined TRACON& Tower with Radar,28,48,74,0,150,0,8,53,2,63,28,56,127,2,213,120,0,120,333
09/13/2016,CAK,OH,AGL,CE,Combined TRACON& Tower with Radar,23,48,60,3,134,0,3,37,3,43,23,51,97,6,177,49,0,49,226
09/14/2016,CAK,OH,AGL,CE,Combined TRACON& Tower with Radar,24,52,51,3,130,0,0,9,1,10,24,52,60,4,140,32,2,34,174
09/15/2016,CAK,OH,AGL,CE,Combined TRACON& Tower with Radar,32,51,49,3,135,0,6,17,5,28,32,57,66,8,163,27,0,27,190
09/16/2016,CAK,OH,AGL,CE,Combined TRACON& Tower with Radar,30,49,59,6,144,0,5,31,2,38,30,54,90,8,182,29,4,33,215
09/17/2016,CAK,OH,AGL,CE,Combined TRACON& Tower with Radar,22,34,26,0,82,0,0,0,0,0,22,34,26,0,82,10,0,10,92
09/18/2016,CAK,OH,AGL,CE,Combined TRACON& Tower with Radar,27,44,52,0,123,0,0,6,0,6,27,44,58,0,129,35,0,35,164
09/19/2016,CAK,OH,AGL,CE,Combined TRACON& Tower with Radar,28,59,69,0,156,0,6,19,0,25,28,65,88,0,181,29,0,29,210
09/20/2016,CAK,OH,AGL,CE,Combined TRACON& Tower with Radar,22,59,56,1,138,0,3,36,1,40,22,62,92,2,178,61,0,61,239
09/21/2016,CAK,OH,AGL,CE,Combined TRACON& Tower with Radar,24,56,52,4,136,0,3,37,4,44,24,59,89,8,180,60,0,60,240
09/22/2016,CAK,OH,AGL,CE,Combined TRACON& Tower with Radar,29,59,63,6,157,0,3,36,4,43,29,62,99,10,200,116,0,116,316
09/23/2016,CAK,OH,AGL,CE,Combined TRACON& Tower with Radar,34,48,44,1,127,0,4,22,1,27,34,52,66,2,154,23,0,23,177
09/24/2016,CAK,OH,AGL,CE,Combined TRACON& Tower with Radar,23,35,50,0,108,0,1,28,0,29,23,36,78,0,137,75,0,75,212
09/25/2016,CAK,OH,AGL,CE,Combined TRACON& Tower with Radar,30,37,31,0,98,0,1,35,0,36,30,38,66,0,134,42,0,42,176
09/26/2016,CAK,OH,AGL,CE,Combined TRACON& Tower with Radar,28,49,36,0,113,0,1,15,0,16,28,50,51,0,129,48,0,48,177
09/27/2016,CAK,OH,AGL,CE,Combined TRACON& Tower with Radar,21,50,40,2,113,0,1,18,2,21,21,51,58,4,134,61,0,61,195
09/28/2016,CAK,OH,AGL,CE,Combined TRACON& Tower with Radar,25,61,51,0,137,0,1,14,0,15,25,62,65,0,152,62,0,62,214
09/29/2016,CAK,OH,AGL,CE,Combined TRACON& Tower with Radar,28,56,40,0,124,0,0,0,0,0,28,56,40,0,124,15,0,15,139
09/30/2016,CAK,OH,AGL,CE,Combined TRACON& Tower with Radar,29,59,18,0,106,0,1,0,0,1,29,60,18,0,107,6,0,6,113
10/01/2016,CAK,OH,AGL,CE,Combined TRACON& Tower with Radar,21,35,16,0,72,0,0,12,4,16,21,35,28,4,88,9,0,9,97
10/02/2016,CAK,OH,AGL,CE,Combined TRACON& Tower with Radar,27,42,22,0,91,0,1,15,0,16,27,43,37,0,107,24,0,24,131
10/03/2016,CAK,OH,AGL,CE,Combined TRACON& Tower with Radar,30,50,70,0,150,0,2,9,0,11,30,52,79,0,161,49,0,49,210
10/04/2016,CAK,OH,AGL,CE,Combined TRACON& Tower with Radar,24,51,72,0,147,0,4,31,6,41,24,55,103,6,188,60,0,60,248
10/05/2016,CAK,OH,AGL,CE,Combined TRACON& Tower with Radar,25,56,64,2,147,0,2,32,5,39,25,58,96,7,186,105,0,105,291
10/06/2016,CAK,OH,AGL,CE,Combined TRACON& Tower with Radar,23,55,58,5,141,0,0,46,1,47,23,55,104,6,188,55,0,55,243
10/07/2016,CAK,OH,AGL,CE,Combined TRACON& Tower with Radar,24,69,62,2,157,0,4,43,4,51,24,73,105,6,208,85,0,85,293
10/08/2016,CAK,OH,AGL,CE,Combined TRACON& Tower with Radar,18,32,41,0,91,0,0,25,0,25,18,32,66,0,116,33,0,33,149
10/09/2016,CAK,OH,AGL,CE,Combined TRACON& Tower with Radar,26,40,25,0,91,0,3,29,0,32,26,43,54,0,123,17,0,17,140
10/10/2016,CAK,OH,AGL,CE,Combined TRACON& Tower with Radar,26,53,54,0,133,0,2,40,0,42,26,55,94,0,175,84,0,84,259
10/11/2016,CAK,OH,AGL,CE,Combined TRACON& Tower with Radar,22,71,61,4,158,0,3,35,4,42,22,74,96,8,200,68,12,80,280
10/12/2016,CAK,OH,AGL,CE,Combined TRACON& Tower with Radar,21,64,49,0,134,0,1,36,4,41,21,65,85,4,175,89,0,89,264
10/13/2016,CAK,OH,AGL,CE,Combined TRACON& Tower with Radar,26,75,67,4,172,0,1,9,2,12,26,76,76,6,184,57,0,57,241
10/14/2016,CAK,OH,AGL,CE,Combined TRACON& Tower with Radar,26,72,52,0,150,0,0,26,0,26,26,72,78,0,176,80,0,80,256
10/15/2016,CAK,OH,AGL,CE,Combined TRACON& Tower with Radar,20,37,43,0,100,0,0,34,0,34,20,37,77,0,134,61,0,61,195
10/16/2016,CAK,OH,AGL,CE,Combined TRACON& Tower with Radar,26,43,54,0,123,0,0,16,0,16,26,43,70,0,139,45,0,45,184
10/17/2016,CAK,OH,AGL,CE,Combined TRACON& Tower with Radar,26,58,48,3,135,0,1,17,0,18,26,59,65,3,153,36,0,36,189
10/18/2016,CAK,OH,AGL,CE,Combined TRACON& Tower with Radar,22,64,42,2,130,0,1,5,4,10,22,65,47,6,140,8,0,8,148
10/19/2016,CAK,OH,AGL,CE,Combined TRACON& Tower with Radar,22,68,49,0,139,0,1,29,5,35,22,69,78,5,174,13,0,13,187
10/20/2016,CAK,OH,AGL,CE,Combined TRACON& Tower with Radar,25,81,47,0,153,0,0,0,0,0,25,81,47,0,153,21,0,21,174
10/21/2016,CAK,OH,AGL,CE,Combined TRACON& Tower with Radar,26,72,31,2,131,0,0,1,0,1,26,72,32,2,132,10,0,10,142
10/22/2016,CAK,OH,AGL,CE,Combined TRACON& Tower with Radar,20,41,27,5,93,0,0,20,10,30,20,41,47,15,123,45,0,45,168
10/23/2016,CAK,OH,AGL,CE,Combined TRACON& Tower with Radar,25,45,49,3,122,0,0,35,5,40,25,45,84,8,162,60,2,62,224
10/24/2016,CAK,OH,AGL,CE,Combined TRACON& Tower with Radar,25,52,49,0,126,0,0,11,0,11,25,52,60,0,137,28,0,28,165
10/25/2016,CAK,OH,AGL,CE,Combined TRACON& Tower with Radar,25,53,47,2,127,0,1,40,2,43,25,54,87,4,170,103,0,103,273
10/26/2016,CAK,OH,AGL,CE,Combined TRACON& Tower with Radar,22,59,59,1,141,0,2,20,9,31,22,61,79,10,172,13,8,21,193
10/27/2016,CAK,OH,AGL,CE,Combined TRACON& Tower with Radar,26,63,37,1,127,0,0,1,0,1,26,63,38,1,128,7,0,7,135
10/28/2016,CAK,OH,AGL,CE,Combined TRACON& Tower with Radar,24,59,52,2,137,0,1,43,3,47,24,60,95,5,184,66,0,66,250
10/29/2016,CAK,OH,AGL,CE,Combined TRACON& Tower with Radar,18,36,48,2,104,0,2,17,0,19,18,38,65,2,123,73,0,73,196
10/30/2016,CAK,OH,AGL,CE,Combined TRACON& Tower with Radar,24,38,21,2,85,0,0,2,0,2,24,38,23,2,87,16,0,16,103
10/31/2016,CAK,OH,AGL,CE,Combined TRACON& Tower with Radar,28,52,45,0,125,0,3,31,2,36,28,55,76,2,161,40,0,40,201
11/01/2016,CAK,OH,AGL,CE,Combined TRACON& Tower with Radar,26,61,64,0,151,0,1,42,0,43,26,62,106,0,194,64,0,64,258
11/02/2016,CAK,OH,AGL,CE,Combined TRACON& Tower with Radar,21,65,65,2,153,0,0,43,6,49,21,65,108,8,202,87,0,87,289
11/03/2016,CAK,OH,AGL,CE,Combined TRACON& Tower with Radar,28,67,57,7,159,0,0,1,5,6,28,67,58,12,165,34,20,54,219
11/04/2016,CAK,OH,AGL,CE,Combined TRACON& Tower with Radar,30,51,55,1,137,0,0,45,1,46,30,51,100,2,183,119,0,119,302
11/05/2016,CAK,OH,AGL,CE,Combined TRACON& Tower with Radar,18,36,48,7,109,0,2,41,5,48,18,38,89,12,157,72,0,72,229
11/06/2016,CAK,OH,AGL,CE,Combined TRACON& Tower with Radar,26,41,36,1,104,0,3,29,3,35,26,44,65,4,139,63,0,63,202
11/07/2016,CAK,OH,AGL,CE,Combined TRACON& Tower with Radar,26,51,49,0,126,0,1,41,0,42,26,52,90,0,168,65,0,65,233
11/08/2016,CAK,OH,AGL,CE,Combined TRACON& Tower with Radar,22,52,50,1,125,0,0,19,1,20,22,52,69,2,145,35,0,35,180
11/09/2016,CAK,OH,AGL,CE,Combined TRACON& Tower with Radar,22,69,55,3,149,0,0,7,1,8,22,69,62,4,157,30,0,30,187
11/10/2016,CAK,OH,AGL,CE,Combined TRACON& Tower with Radar,32,59,64,3,158,0,2,33,3,38,32,61,97,6,196,56,2,58,254
11/11/2016,CAK,OH,AGL,CE,Combined TRACON& Tower with Radar,34,51,37,0,122,0,1,10,0,11,34,52,47,0,133,4,0,4,137
11/12/2016,CAK,OH,AGL,CE,Combined TRACON& Tower with Radar,23,37,53,0,113,0,1,40,0,41,23,38,93,0,154,62,2,64,218
11/13/2016,CAK,OH,AGL,CE,Combined TRACON& Tower with Radar,32,39,42,0,113,0,3,38,2,43,32,42,80,2,156,61,0,61,217
11/14/2016,CAK,OH,AGL,CE,Combined TRACON& Tower with Radar,31,59,47,0,137,0,4,40,0,44,31,63,87,0,181,55,0,55,236
11/15/2016,CAK,OH,AGL,CE,Combined TRACON& Tower with Radar,30,48,44,1,123,0,5,39,3,47,30,53,83,4,170,86,0,86,256
11/16/2016,CAK,OH,AGL,CE,Combined TRACON& Tower with Radar,29,54,56,4,143,0,2,0,1,3,29,56,56,5,146,28,0,28,174
11/17/2016,CAK,OH,AGL,CE,Combined TRACON& Tower with Radar,36,63,70,2,171,0,1,46,2,49,36,64,116,4,220,104,0,104,324
11/18/2016,CAK,OH,AGL,CE,Combined TRACON& Tower with Radar,32,59,47,0,138,0,0,33,0,33,32,59,80,0,171,55,0,55,226
11/19/2016,CAK,OH,AGL,CE,Combined TRACON& Tower with Radar,27,35,13,0,75,0,0,0,0,0,27,35,13,0,75,4,0,4,79
11/20/2016,CAK,OH,AGL,CE,Combined TRACON& Tower with Radar,35,34,6,0,75,0,0,0,0,0,35,34,6,0,75,0,0,0,75
11/21/2016,CAK,OH,AGL,CE,Combined TRACON& Tower with Radar,28,55,25,0,108,0,0,10,2,12,28,55,35,2,120,16,2,18,138
11/22/2016,CAK,OH,AGL,CE,Combined TRACON& Tower with Radar,34,52,44,2,132,0,2,39,6,47,34,54,83,8,179,100,0,100,279
11/23/2016,CAK,OH,AGL,CE,Combined TRACON& Tower with Radar,28,69,22,0,119,0,0,6,2,8,28,69,28,2,127,50,0,50,177
11/24/2016,CAK,OH,AGL,CE,Combined TRACON& Tower with Radar,22,39,9,0,70,0,0,0,4,4,22,39,9,4,74,21,0,21,95
11/25/2016,CAK,OH,AGL,CE,Combined TRACON& Tower with Radar,29,35,14,0,78,0,0,3,0,3,29,35,17,0,81,4,0,4,85
11/26/2016,CAK,OH,AGL,CE,Combined TRACON& Tower with Radar,31,44,18,0,93,0,0,7,0,7,31,44,25,0,100,12,0,12,112
11/27/2016,CAK,OH,AGL,CE,Combined TRACON& Tower with Radar,35,45,45,0,125,0,0,28,0,28,35,45,73,0,153,36,0,36,189
11/28/2016,CAK,OH,AGL,CE,Combined TRACON& Tower with Radar,28,59,32,2,121,0,1,17,0,18,28,60,49,2,139,29,0,29,168
11/29/2016,CAK,OH,AGL,CE,Combined TRACON& Tower with Radar,35,71,55,5,166,0,0,13,1,14,35,71,68,6,180,60,0,60,240
11/30/2016,CAK,OH,AGL,CE,Combined TRACON& Tower with Radar,36,59,32,2,129,0,1,0,2,3,36,60,32,4,132,8,0,8,140
12/01/2016,CAK,OH,AGL,CE,Combined TRACON& Tower with Radar,34,59,37,5,135,0,2,7,3,12,34,61,44,8,147,19,0,19,166
12/02/2016,CAK,OH,AGL,CE,Combined TRACON& Tower with Radar,32,60,36,0,128,0,0,10,0,10,32,60,46,0,138,33,0,33,171
12/03/2016,CAK,OH,AGL,CE,Combined TRACON& Tower with Radar,21,29,15,0,65,0,0,2,0,2,21,29,17,0,67,4,0,4,71
12/04/2016,CAK,OH,AGL,CE,Combined TRACON& Tower with Radar,31,31,40,0,102,0,1,25,4,30,31,32,65,4,132,35,0,35,167
12/05/2016,CAK,OH,AGL,CE,Combined TRACON& Tower with Radar,30,64,48,0,142,0,2,11,0,13,30,66,59,0,155,34,0,34,189
12/06/2016,CAK,OH,AGL,CE,Combined TRACON& Tower with Radar,31,59,29,0,119,0,1,0,0,1,31,60,29,0,120,13,0,13,133
12/07/2016,CAK,OH,AGL,CE,Combined TRACON& Tower with Radar,33,74,62,2,171,0,2,34,6,42,33,76,96,8,213,70,0,70,283
12/08/2016,CAK,OH,AGL,CE,Combined TRACON& Tower with Radar,34,60,50,3,147,0,0,0,3,3,34,60,50,6,150,12,0,12,162
12/09/2016,CAK,OH,AGL,CE,Combined TRACON& Tower with Radar,34,52,23,1,110,0,0,1,3,4,34,52,24,4,114,6,0,6,120
12/10/2016,CAK,OH,AGL,CE,Combined TRACON& Tower with Radar,21,38,29,0,88,0,0,9,0,9,21,38,38,0,97,27,0,27,124
12/11/2016,CAK,OH,AGL,CE,Combined TRACON& Tower with Radar,36,33,33,0,102,0,0,0,0,0,36,33,33,0,102,12,0,12,114
12/12/2016,CAK,OH,AGL,CE,Combined TRACON& Tower with Radar,29,53,20,2,104,0,0,3,0,3,29,53,23,2,107,0,0,0,107
12/13/2016,CAK,OH,AGL,CE,Combined TRACON& Tower with Radar,30,55,52,0,137,0,0,0,0,0,30,55,52,0,137,3,6,9,146
12/14/2016,CAK,OH,AGL,CE,Combined TRACON& Tower with Radar,33,68,53,7,161,0,0,22,5,27,33,68,75,12,188,49,6,55,243
12/15/2016,CAK,OH,AGL,CE,Combined TRACON& Tower with Radar,32,69,25,1,127,0,0,1,1,2,32,69,26,2,129,19,0,19,148
12/16/2016,CAK,OH,AGL,CE,Combined TRACON& Tower with Radar,31,52,40,5,128,0,0,15,1,16,31,52,55,6,144,13,0,13,157
12/17/2016,CAK,OH,AGL,CE,Combined TRACON& Tower with Radar,18,21,4,0,43,0,0,0,0,0,18,21,4,0,43,5,0,5,48
12/18/2016,CAK,OH,AGL,CE,Combined TRACON& Tower with Radar,30,41,10,0,81,0,0,0,0,0,30,41,10,0,81,7,0,7,88
12/19/2016,CAK,OH,AGL,CE,Combined TRACON& Tower with Radar,33,52,56,2,143,0,2,10,0,12,33,54,66,2,155,23,0,23,178
12/20/2016,CAK,OH,AGL,CE,Combined TRACON& Tower with Radar,32,60,56,0,148,0,1,16,8,25,32,61,72,8,173,45,0,45,218
12/21/2016,CAK,OH,AGL,CE,Combined TRACON& Tower with Radar,31,63,46,4,144,0,0,25,6,31,31,63,71,10,175,56,0,56,231
12/22/2016,CAK,OH,AGL,CE,Combined TRACON& Tower with Radar,36,60,18,3,117,0,1,20,5,26,36,61,38,8,143,15,0,15,158
12/23/2016,CAK,OH,AGL,CE,Combined TRACON& Tower with Radar,31,50,26,0,107,0,0,23,0,23,31,50,49,0,130,50,0,50,180
12/24/2016,CAK,OH,AGL,CE,Combined TRACON& Tower with Radar,25,38,5,0,68,0,0,0,0,0,25,38,5,0,68,11,0,11,79
12/25/2016,CAK,OH,AGL,CE,Combined TRACON& Tower with Radar,22,23,5,0,50,0,0,0,0,0,22,23,5,0,50,2,0,2,52
12/26/2016,CAK,OH,AGL,CE,Combined TRACON& Tower with Radar,34,40,17,0,91,0,0,0,0,0,34,40,17,0,91,3,0,3,94
12/27/2016,CAK,OH,AGL,CE,Combined TRACON& Tower with Radar,38,32,35,0,105,0,1,14,2,17,38,33,49,2,122,31,0,31,153
12/28/2016,CAK,OH,AGL,CE,Combined TRACON& Tower with Radar,36,48,28,3,115,0,0,28,5,33,36,48,56,8,148,38,0,38,186
12/29/2016,CAK,OH,AGL,CE,Combined TRACON& Tower with Radar,37,43,5,2,87,0,0,1,6,7,37,43,6,8,94,32,0,32,126
12/30/2016,CAK,OH,AGL,CE,Combined TRACON& Tower with Radar,34,35,11,0,80,0,0,1,0,1,34,35,12,0,81,7,0,7,88
12/31/2016,CAK,OH,AGL,CE,Combined TRACON& Tower with Radar,25,31,8,0,64,0,0,0,0,0,25,31,8,0,64,62,0,62,126
01/01/2017,CAK,OH,AGL,CE,Combined TRACON& Tower with Radar,27,28,29,0,84,0,0,24,0,24,27,28,53,0,108,28,0,28,136
01/02/2017,CAK,OH,AGL,CE,Combined TRACON& Tower with Radar,34,28,18,2,82,0,0,0,0,0,34,28,18,2,82,9,0,9,91
01/03/2017,CAK,OH,AGL,CE,Combined TRACON& Tower with Radar,32,36,18,0,86,0,0,0,0,0,32,36,18,0,86,7,0,7,93
01/04/2017,CAK,OH,AGL,CE,Combined TRACON& Tower with Radar,27,52,21,2,102,0,0,2,2,4,27,52,23,4,106,10,0,10,116
01/05/2017,CAK,OH,AGL,CE,Combined TRACON& Tower with Radar,36,56,20,0,112,0,0,2,0,2,36,56,22,0,114,12,0,12,126
01/06/2017,CAK,OH,AGL,CE,Combined TRACON& Tower with Radar,22,55,25,1,103,0,0,10,1,11,22,55,35,2,114,11,10,21,135
01/07/2017,CAK,OH,AGL,CE,Combined TRACON& Tower with Radar,18,33,9,2,62,0,0,14,0,14,18,33,23,2,76,16,0,16,92
01/08/2017,CAK,OH,AGL,CE,Combined TRACON& Tower with Radar,32,33,13,2,80,0,0,3,0,3,32,33,16,2,83,4,0,4,87
01/09/2017,CAK,OH,AGL,CE,Combined TRACON& Tower with Radar,30,56,27,2,115,0,2,18,2,22,30,58,45,4,137,34,1,35,172
01/10/2017,CAK,OH,AGL,CE,Combined TRACON& Tower with Radar,31,51,18,0,100,0,0,0,0,0,31,51,18,0,100,10,0,10,110
01/11/2017,CAK,OH,AGL,CE,Combined TRACON& Tower with Radar,32,52,33,0,117,0,0,6,1,7,32,52,39,1,124,22,0,22,146
01/12/2017,CAK,OH,AGL,CE,Combined TRACON& Tower with Radar,36,54,26,0,116,0,0,0,0,0,36,54,26,0,116,5,0,5,121
01/13/2017,CAK,OH,AGL,CE,Combined TRACON& Tower with Radar,32,53,42,1,128,0,3,32,7,42,32,56,74,8,170,59,0,59,229
01/14/2017,CAK,OH,AGL,CE,Combined TRACON& Tower with Radar,22,31,19,0,72,0,1,22,0,23,22,32,41,0,95,57,0,57,152
01/15/2017,CAK,OH,AGL,CE,Combined TRACON& Tower with Radar,31,32,49,0,112,0,0,33,0,33,31,32,82,0,145,69,0,69,214
01/16/2017,CAK,OH,AGL,CE,Combined TRACON& Tower with Radar,31,52,35,0,118,0,0,8,0,8,31,52,43,0,126,13,0,13,139
01/17/2017,CAK,OH,AGL,CE,Combined TRACON& Tower with Radar,31,55,26,2,114,0,0,2,2,4,31,55,28,4,118,25,0,25,143
01/18/2017,CAK,OH,AGL,CE,Combined TRACON& Tower with Radar,30,55,17,0,102,0,0,0,0,0,30,55,17,0,102,9,0,9,111
01/19/2017,CAK,OH,AGL,CE,Combined TRACON& Tower with Radar,36,50,64,5,155,0,0,1,5,6,36,50,65,10,161,55,20,75,236
01/20/2017,CAK,OH,AGL,CE,Combined TRACON& Tower with Radar,32,43,17,0,92,0,0,2,0,2,32,43,19,0,94,5,0,5,99
01/21/2017,CAK,OH,AGL,CE,Combined TRACON& Tower with Radar,22,27,48,0,97,0,0,34,4,38,22,27,82,4,135,56,0,56,191
01/22/2017,CAK,OH,AGL,CE,Combined TRACON& Tower with Radar,33,34,35,1,103,0,0,27,1,28,33,34,62,2,131,40,4,44,175
01/23/2017,CAK,OH,AGL,CE,Combined TRACON& Tower with Radar,33,44,19,0,96,0,0,2,0,2,33,44,21,0,98,5,0,5,103
01/24/2017,CAK,OH,AGL,CE,Combined TRACON& Tower with Radar,30,47,17,2,96,0,0,0,0,0,30,47,17,2,96,7,0,7,103
01/25/2017,CAK,OH,AGL,CE,Combined TRACON& Tower with Radar,32,52,49,2,135,0,0,14,4,18,32,52,63,6,153,35,0,35,188
01/26/2017,CAK,OH,AGL,CE,Combined TRACON& Tower with Radar,35,53,20,0,108,0,0,0,0,0,35,53,20,0,108,6,0,6,114
01/27/2017,CAK,OH,AGL,CE,Combined TRACON& Tower with Radar,32,50,18,5,105,0,1,1,0,2,32,51,19,5,107,18,0,18,125
01/28/2017,CAK,OH,AGL,CE,Combined TRACON& Tower with Radar,22,25,12,0,59,0,0,2,4,6,22,25,14,4,65,19,0,19,84
01/29/2017,CAK,OH,AGL,CE,Combined TRACON& Tower with Radar,34,33,20,0,87,0,0,5,0,5,34,33,25,0,92,5,18,23,115
01/30/2017,CAK,OH,AGL,CE,Combined TRACON& Tower with Radar,31,44,32,0,107,0,0,4,0,4,31,44,36,0,111,5,0,5,116
01/31/2017,CAK,OH,AGL,CE,Combined TRACON& Tower with Radar,30,54,30,0,114,0,0,0,0,0,30,54,30,0,114,3,0,3,117
02/01/2017,CAK,OH,AGL,CE,Combined TRACON& Tower with Radar,32,54,25,2,113,0,0,8,6,14,32,54,33,8,127,38,10,48,175
02/02/2017,CAK,OH,AGL,CE,Combined TRACON& Tower with Radar,36,59,38,4,137,0,3,37,7,47,36,62,75,11,184,80,0,80,264
02/03/2017,CAK,OH,AGL,CE,Combined TRACON& Tower with Radar,32,44,35,3,114,0,0,24,0,24,32,44,59,3,138,37,0,37,175
02/04/2017,CAK,OH,AGL,CE,Combined TRACON& Tower with Radar,24,27,33,0,84,0,0,37,0,37,24,27,70,0,121,46,0,46,167
02/05/2017,CAK,OH,AGL,CE,Combined TRACON& Tower with Radar,34,30,26,0,90,0,0,15,0,15,34,30,41,0,105,32,0,32,137
02/06/2017,CAK,OH,AGL,CE,Combined TRACON& Tower with Radar,28,47,31,1,107,0,1,23,0,24,28,48,54,1,131,45,0,45,176
02/07/2017,CAK,OH,AGL,CE,Combined TRACON& Tower with Radar,30,52,30,4,116,0,0,3,2,5,30,52,33,6,121,7,8,15,136
02/08/2017,CAK,OH,AGL,CE,Combined TRACON& Tower with Radar,34,51,37,1,123,0,0,2,1,3,34,51,39,2,126,2,0,2,128
02/09/2017,CAK,OH,AGL,CE,Combined TRACON& Tower with Radar,35,45,27,0,107,0,0,1,2,3,35,45,28,2,110,2,0,2,112
02/10/2017,CAK,OH,AGL,CE,Combined TRACON& Tower with Radar,33,58,56,1,148,0,0,29,1,30,33,58,85,2,178,39,0,39,217
02/11/2017,CAK,OH,AGL,CE,Combined TRACON& Tower with Radar,22,32,44,1,99,0,0,34,1,35,22,32,78,2,134,69,0,69,203
02/12/2017,CAK,OH,AGL,CE,Combined TRACON& Tower with Radar,36,44,13,0,93,0,2,0,0,2,36,46,13,0,95,15,0,15,110
02/13/2017,CAK,OH,AGL,CE,Combined TRACON& Tower with Radar,30,42,33,0,105,0,1,24,0,25,30,43,57,0,130,32,0,32,162
02/14/2017,CAK,OH,AGL,CE,Combined TRACON& Tower with Radar,31,51,35,1,118,0,1,18,7,26,31,52,53,8,144,29,0,29,173
02/15/2017,CAK,OH,AGL,CE,Combined TRACON& Tower with Radar,31,45,24,1,101,0,0,2,3,5,31,45,26,4,106,8,0,8,114
02/16/2017,CAK,OH,AGL,CE,Combined TRACON& Tower with Radar,30,51,45,2,128,0,0,3,4,7,30,51,48,6,135,16,0,16,151
02/17/2017,CAK,OH,AGL,CE,Combined TRACON& Tower with Radar,27,44,55,1,127,0,0,31,3,34,27,44,86,4,161,76,0,76,237
02/18/2017,CAK,OH,AGL,CE,Combined TRACON& Tower with Radar,26,28,46,0,100,0,0,26,0,26,26,28,72,0,126,64,0,64,190
02/19/2017,CAK,OH,AGL,CE,Combined TRACON& Tower with Radar,23,31,41,0,95,0,1,42,2,45,23,32,83,2,140,111,0,111,251
02/20/2017,CAK,OH,AGL,CE,Combined TRACON& Tower with Radar,29,48,55,0,132,0,0,45,0,45,29,48,100,0,177,91,0,91,268
02/21/2017,CAK,OH,AGL,CE,Combined TRACON& Tower with Radar,28,51,53,16,148,0,2,26,2,30,28,53,79,18,178,82,16,98,276
02/22/2017,CAK,OH,AGL,CE,Combined TRACON& Tower with Radar,28,48,63,2,141,0,0,4,4,8,28,48,67,6,149,58,0,58,207
02/23/2017,CAK,OH,AGL,CE,Combined TRACON& Tower with Radar,28,58,75,7,168,0,1,15,9,25,28,59,90,16,193,80,10,90,283
02/24/2017,CAK,OH,AGL,CE,Combined TRACON& Tower with Radar,28,61,40,5,134,0,1,15,5,21,28,62,55,10,155,22,12,34,189
02/25/2017,CAK,OH,AGL,CE,Combined TRACON& Tower with Radar,22,37,23,0,82,0,0,0,0,0,22,37,23,0,82,16,0,16,98
02/26/2017,CAK,OH,AGL,CE,Combined TRACON& Tower with Radar,27,40,44,0,111,0,2,31,0,33,27,42,75,0,144,45,0,45,189
02/27/2017,CAK,OH,AGL,CE,Combined TRACON& Tower with Radar,29,46,44,0,119,0,0,24,0,24,29,46,68,0,143,29,0,29,172
02/28/2017,CAK,OH,AGL,CE,Combined TRACON& Tower with Radar,28,59,34,1,122,0,0,12,5,17,28,59,46,6,139,27,0,27,166
03/01/2017,CAK,OH,AGL,CE,Combined TRACON& Tower with Radar,28,49,17,0,94,0,0,0,0,0,28,49,17,0,94,1,0,1,95
03/02/2017,CAK,OH,AGL,CE,Combined TRACON& Tower with Radar,30,63,50,2,145,0,1,8,6,15,30,64,58,8,160,14,0,14,174
03/03/2017,CAK,OH,AGL,CE,Combined TRACON& Tower with Radar,26,56,26,3,111,0,0,10,1,11,26,56,36,4,122,25,8,33,155
03/04/2017,CAK,OH,AGL,CE,Combined TRACON& Tower with Radar,26,36,41,0,103,0,0,41,0,41,26,36,82,0,144,87,0,87,231
03/05/2017,CAK,OH,AGL,CE,Combined TRACON& Tower with Radar,27,44,38,1,110,0,2,31,0,33,27,46,69,1,143,53,0,53,196
03/06/2017,CAK,OH,AGL,CE,Combined TRACON& Tower with Radar,29,48,28,0,105,0,0,8,3,11,29,48,36,3,116,28,0,28,144
03/07/2017,CAK,OH,AGL,CE,Combined TRACON& Tower with Radar,28,64,26,0,118,0,0,0,0,0,28,64,26,0,118,20,0,20,138
03/08/2017,CAK,OH,AGL,CE,Combined TRACON& Tower with Radar,30,56,25,0,111,0,0,4,11,15,30,56,29,11,126,3,0,3,129
03/09/2017,CAK,OH,AGL,CE,Combined TRACON& Tower with Radar,27,62,52,6,147,0,1,38,11,50,27,63,90,17,197,111,2,113,310
03/10/2017,CAK,OH,AGL,CE,Combined TRACON& Tower with Radar,31,54,29,0,114,0,0,2,0,2,31,54,31,0,116,12,0,12,128
03/11/2017,CAK,OH,AGL,CE,Combined TRACON& Tower with Radar,25,34,30,0,89,0,0,20,0,20,25,34,50,0,109,54,3,57,166
03/12/2017,CAK,OH,AGL,CE,Combined TRACON& Tower with Radar,24,39,47,0,110,0,0,19,0,19,24,39,66,0,129,50,0,50,179
03/13/2017,CAK,OH,AGL,CE,Combined TRACON& Tower with Radar,29,48,54,0,131,0,0,18,2,20,29,48,72,2,151,30,0,30,181
03/14/2017,CAK,OH,AGL,CE,Combined TRACON& Tower with Radar,33,41,26,0,100,0,0,0,0,0,33,41,26,0,100,13,0,13,113
03/15/2017,CAK,OH,AGL,CE,Combined TRACON& Tower with Radar,32,53,23,2,110,0,1,2,8,11,32,54,25,10,121,6,10,16,137
03/16/2017,CAK,OH,AGL,CE,Combined TRACON& Tower with Radar,28,59,53,2,142,0,2,18,10,30,28,61,71,12,172,30,0,30,202
03/17/2017,CAK,OH,AGL,CE,Combined TRACON& Tower with Radar,32,49,29,2,112,0,0,26,1,27,32,49,55,3,139,45,0,45,184
03/18/2017,CAK,OH,AGL,CE,Combined TRACON& Tower with Radar,26,40,14,0,80,0,0,0,0,0,26,40,14,0,80,11,0,11,91
03/19/2017,CAK,OH,AGL,CE,Combined TRACON& Tower with Radar,27,38,20,0,85,0,0,2,0,2,27,38,22,0,87,30,0,30,117
03/20/2017,CAK,OH,AGL,CE,Combined TRACON& Tower with Radar,31,46,49,0,126,0,1,26,2,29,31,47,75,2,155,24,0,24,179
03/21/2017,CAK,OH,AGL,CE,Combined TRACON& Tower with Radar,29,50,62,11,152,0,1,26,9,36,29,51,88,20,188,66,0,66,254
03/22/2017,CAK,OH,AGL,CE,Combined TRACON& Tower with Radar,31,57,47,3,138,0,0,25,3,28,31,57,72,6,166,145,14,159,325
03/23/2017,CAK,OH,AGL,CE,Combined TRACON& Tower with Radar,30,56,68,6,160,0,3,57,7,67,30,59,125,13,227,114,2,116,343
03/24/2017,CAK,OH,AGL,CE,Combined TRACON& Tower with Radar,30,52,19,2,103,0,0,10,0,10,30,52,29,2,113,15,0,15,128
03/25/2017,CAK,OH,AGL,CE,Combined TRACON& Tower with Radar,26,45,46,4,121,0,0,42,2,44,26,45,88,6,165,32,0,32,197
03/26/2017,CAK,OH,AGL,CE,Combined TRACON& Tower with Radar,25,43,27,0,95,0,0,13,0,13,25,43,40,0,108,142,0,142,250
03/27/2017,CAK,OH,AGL,CE,Combined TRACON& Tower with Radar,31,50,25,6,112,0,0,20,2,22,31,50,45,8,134,37,0,37,171
03/28/2017,CAK,OH,AGL,CE,Combined TRACON& Tower with Radar,32,57,33,12,134,0,0,1,3,4,32,57,34,15,138,11,0,11,149
03/29/2017,CAK,OH,AGL,CE,Combined TRACON& Tower with Radar,31,61,65,0,157,0,0,43,0,43,31,61,108,0,200,88,0,88,288
03/30/2017,CAK,OH,AGL,CE,Combined TRACON& Tower with Radar,29,61,27,1,118,0,1,8,3,12,29,62,35,4,130,11,0,11,141
03/31/2017,CAK,OH,AGL,CE,Combined TRACON& Tower with Radar,30,61,27,0,118,0,0,0,0,0,30,61,27,0,118,9,0,9,127
04/01/2017,CAK,OH,AGL,CE,Combined TRACON& Tower with Radar,25,41,21,0,87,0,0,2,0,2,25,41,23,0,89,32,0,32,121
04/02/2017,CAK,OH,AGL,CE,Combined TRACON& Tower with Radar,27,39,50,0,116,0,0,46,0,46,27,39,96,0,162,98,0,98,260
04/03/2017,CAK,OH,AGL,CE,Combined TRACON& Tower with Radar,32,52,50,2,136,0,0,19,0,19,32,52,69,2,155,56,0,56,211
04/04/2017,CAK,OH,AGL,CE,Combined TRACON& Tower with Radar,32,60,31,2,125,0,0,2,2,4,32,60,33,4,129,5,0,5,134
04/05/2017,CAK,OH,AGL,CE,Combined TRACON& Tower with Radar,21,56,57,7,141,0,0,21,7,28,21,56,78,14,169,50,2,52,221
04/06/2017,CAK,OH,AGL,CE,Combined TRACON& Tower with Radar,24,69,53,2,148,0,1,5,0,6,24,70,58,2,154,39,0,39,193
04/07/2017,CAK,OH,AGL,CE,Combined TRACON& Tower with Radar,26,67,31,3,127,0,0,5,1,6,26,67,36,4,133,13,0,13,146
04/08/2017,CAK,OH,AGL,CE,Combined TRACON& Tower with Radar,24,44,47,3,118,0,2,42,7,51,24,46,89,10,169,79,12,91,260
04/09/2017,CAK,OH,AGL,CE,Combined TRACON& Tower with Radar,27,47,40,2,116,0,0,37,4,41,27,47,77,6,157,92,0,92,249
04/10/2017,CAK,OH,AGL,CE,Combined TRACON& Tower with Radar,33,45,35,2,115,0,3,10,8,21,33,48,45,10,136,21,0,21,157
04/11/2017,CAK,OH,AGL,CE,Combined TRACON& Tower with Radar,30,58,48,4,140,0,0,5,0,5,30,58,53,4,145,54,0,54,199
04/12/2017,CAK,OH,AGL,CE,Combined TRACON& Tower with Radar,30,55,92,3,180,0,2,63,5,70,30,57,155,8,250,156,0,156,406
04/13/2017,CAK,OH,AGL,CE,Combined TRACON& Tower with Radar,29,62,59,7,157,0,1,45,11,57,29,63,104,18,214,35,0,35,249
04/14/2017,CAK,OH,AGL,CE,Combined TRACON& Tower with Radar,31,45,43,3,122,0,2,55,5,62,31,47,98,8,184,80,0,80,264
04/15/2017,CAK,OH,AGL,CE,Combined TRACON& Tower with Radar,21,33,31,0,85,0,0,24,0,24,21,33,55,0,109,52,0,52,161
04/16/2017,CAK,OH,AGL,CE,Combined TRACON& Tower with Radar,26,39,10,0,75,0,0,3,0,3,26,39,13,0,78,9,0,9,87
04/17/2017,CAK,OH,AGL,CE,Combined TRACON& Tower with Radar,30,56,75,3,164,0,1,65,3,69,30,57,140,6,233,143,0,143,376
04/18/2017,CAK,OH,AGL,CE,Combined TRACON& Tower with Radar,29,59,62,6,156,0,1,36,4,41,29,60,98,10,197,75,2,77,274
04/19/2017,CAK,OH,AGL,CE,Combined TRACON& Tower with Radar,28,51,45,4,128,0,0,8,4,12,28,51,53,8,140,31,4,35,175
04/20/2017,CAK,OH,AGL,CE,Combined TRACON& Tower with Radar,16,32,23,4,75,0,0,2,4,6,16,32,25,8,81,28,0,28,109
04/21/2017,CAK,OH,AGL,CE,Combined TRACON& Tower with Radar,31,63,70,3,167,0,3,37,5,45,31,66,107,8,212,126,0,126,338
04/22/2017,CAK,OH,AGL,CE,Combined TRACON& Tower with Radar,24,42,37,0,103,0,0,36,0,36,24,42,73,0,139,109,0,109,248
04/23/2017,CAK,OH,AGL,CE,Combined TRACON& Tower with Radar,29,40,36,0,105,0,0,38,0,38,29,40,74,0,143,36,0,36,179
04/24/2017,CAK,OH,AGL,CE,Combined TRACON& Tower with Radar,28,47,54,6,135,0,1,38,1,40,28,48,92,7,175,42,4,46,221
04/25/2017,CAK,OH,AGL,CE,Combined TRACON& Tower with Radar,32,60,65,5,162,0,1,34,3,38,32,61,99,8,200,73,0,73,273
04/26/2017,CAK,OH,AGL,CE,Combined TRACON& Tower with Radar,29,55,66,3,153,0,1,55,3,59,29,56,121,6,212,129,12,141,353
04/27/2017,CAK,OH,AGL,CE,Combined TRACON& Tower with Radar,32,58,50,4,144,0,2,15,4,21,32,60,65,8,165,29,4,33,198
04/28/2017,CAK,OH,AGL,CE,Combined TRACON& Tower with Radar,31,53,74,2,160,0,3,59,0,62,31,56,133,2,222,148,0,148,370
04/29/2017,CAK,OH,AGL,CE,Combined TRACON& Tower with Radar,24,37,32,0,93,0,0,0,0,0,24,37,32,0,93,24,0,24,117
04/30/2017,CAK,OH,AGL,CE,Combined TRACON& Tower with Radar,27,44,25,0,96,0,1,21,0,22,27,45,46,0,118,27,0,27,145
05/01/2017,CAK,OH,AGL,CE,Combined TRACON& Tower with Radar,30,44,21,0,95,0,0,5,0,5,30,44,26,0,100,6,0,6,106
05/02/2017,CAK,OH,AGL,CE,Combined TRACON& Tower with Radar,32,60,21,3,116,0,0,5,7,12,32,60,26,10,128,14,2,16,144
05/03/2017,CAK,OH,AGL,CE,Combined TRACON& Tower with Radar,29,63,69,5,166,0,2,48,3,53,29,65,117,8,219,76,10,86,305
05/04/2017,CAK,OH,AGL,CE,Combined TRACON& Tower with Radar,32,48,35,1,116,0,0,7,5,12,32,48,42,6,128,31,0,31,159
05/05/2017,CAK,OH,AGL,CE,Combined TRACON& Tower with Radar,32,54,21,7,114,0,0,0,0,0,32,54,21,7,114,22,6,28,142
05/06/2017,CAK,OH,AGL,CE,Combined TRACON& Tower with Radar,21,41,5,0,67,0,0,0,0,0,21,41,5,0,67,16,0,16,83
05/07/2017,CAK,OH,AGL,CE,Combined TRACON& Tower with Radar,34,39,29,1,103,0,1,22,0,23,34,40,51,1,126,46,0,46,172
05/08/2017,CAK,OH,AGL,CE,Combined TRACON& Tower with Radar,33,49,41,1,124,0,3,42,3,48,33,52,83,4,172,75,0,75,247
05/09/2017,CAK,OH,AGL,CE,Combined TRACON& Tower with Radar,34,50,51,2,137,0,1,53,5,59,34,51,104,7,196,132,0,132,328
05/10/2017,CAK,OH,AGL,CE,Combined TRACON& Tower with Radar,33,42,71,5,151,0,3,59,9,71,33,45,130,14,222,88,2,90,312
05/11/2017,CAK,OH,AGL,CE,Combined TRACON& Tower with Radar,33,49,60,8,150,0,1,14,9,24,33,50,74,17,174,32,0,32,206
05/12/2017,CAK,OH,AGL,CE,Combined TRACON& Tower with Radar,32,55,83,2,172,0,0,7,3,10,32,55,90,5,182,56,0,56,238
05/13/2017,CAK,OH,AGL,CE,Combined TRACON& Tower with Radar,21,25,52,0,98,0,0,26,2,28,21,25,78,2,126,52,0,52,178
05/14/2017,CAK,OH,AGL,CE,Combined TRACON& Tower with Radar,32,31,38,0,101,0,0,26,0,26,32,31,64,0,127,48,0,48,175
05/15/2017,CAK,OH,AGL,CE,Combined TRACON& Tower with Radar,39,55,75,1,170,0,0,60,2,62,39,55,135,3,232,109,0,109,341
05/16/2017,CAK,OH,AGL,CE,Combined TRACON& Tower with Radar,34,52,64,7,157,0,2,54,8,64,34,54,118,15,221,78,0,78,299
05/17/2017,CAK,OH,AGL,CE,Combined TRACON& Tower with Radar,34,49,44,8,135,0,13,21,7,41,34,62,65,15,176,19,0,19,195
05/18/2017,CAK,OH,AGL,CE,Combined TRACON& Tower with Radar,37,53,39,1,130,0,0,5,6,11,37,53,44,7,141,22,1,23,164
05/19/2017,CAK,OH,AGL,CE,Combined TRACON& Tower with Radar,37,56,61,1,155,0,0,18,1,19,37,56,79,2,174,33,0,33,207
05/20/2017,CAK,OH,AGL,CE,Combined TRACON& Tower with Radar,21,36,57,1,115,0,0,9,5,14,21,36,66,6,129,42,36,78,207
05/21/2017,CAK,OH,AGL,CE,Combined TRACON& Tower with Radar,32,42,35,0,109,0,0,1,0,1,32,42,36,0,110,21,0,21,131
05/22/2017,CAK,OH,AGL,CE,Combined TRACON& Tower with Radar,36,45,73,11,165,0,1,48,0,49,36,46,121,11,214,70,8,78,292
05/23/2017,CAK,OH,AGL,CE,Combined TRACON& Tower with Radar,35,45,80,2,162,0,0,40,2,42,35,45,120,4,204,98,0,98,302
05/24/2017,CAK,OH,AGL,CE,Combined TRACON& Tower with Radar,30,57,45,2,134,0,0,13,0,13,30,57,58,2,147,36,0,36,183
05/25/2017,CAK,OH,AGL,CE,Combined TRACON& Tower with Radar,37,52,46,2,137,0,0,2,0,2,37,52,48,2,139,17,0,17,156
05/26/2017,CAK,OH,AGL,CE,Combined TRACON& Tower with Radar,34,52,44,0,130,0,2,10,2,14,34,54,54,2,144,66,0,66,210
05/27/2017,CAK,OH,AGL,CE,Combined TRACON& Tower with Radar,23,30,40,0,93,0,1,20,0,21,23,31,60,0,114,85,0,85,199
05/28/2017,CAK,OH,AGL,CE,Combined TRACON& Tower with Radar,32,27,7,0,66,0,0,12,0,12,32,27,19,0,78,29,0,29,107
05/29/2017,CAK,OH,AGL,CE,Combined TRACON& Tower with Radar,33,40,29,0,102,0,7,22,2,31,33,47,51,2,133,16,0,16,149
05/30/2017,CAK,OH,AGL,CE,Combined TRACON& Tower with Radar,34,47,47,1,129,0,0,37,3,40,34,47,84,4,169,72,0,72,241
05/31/2017,CAK,OH,AGL,CE,Combined TRACON& Tower with Radar,34,48,43,6,131,0,1,29,6,36,34,49,72,12,167,42,0,42,209
06/01/2017,CAK,OH,AGL,CE,Combined TRACON& Tower with Radar,38,56,83,5,182,0,2,52,5,59,38,58,135,10,241,89,0,89,330
06/02/2017,CAK,OH,AGL,CE,Combined TRACON& Tower with Radar,30,57,55,0,142,0,0,54,4,58,30,57,109,4,200,51,0,51,251
06/03/2017,CAK,OH,AGL,CE,Combined TRACON& Tower with Radar,20,40,36,7,103,0,1,44,4,49,20,41,80,11,152,44,0,44,196
06/04/2017,CAK,OH,AGL,CE,Combined TRACON& Tower with Radar,22,39,24,0,85,0,0,15,5,20,22,39,39,5,105,31,0,31,136
06/05/2017,CAK,OH,AGL,CE,Combined TRACON& Tower with Radar,28,46,54,17,145,0,1,14,3,18,28,47,68,20,163,49,12,61,224
06/06/2017,CAK,OH,AGL,CE,Combined TRACON& Tower with Radar,21,59,51,8,139,0,0,11,9,20,21,59,62,17,159,40,0,40,199
06/07/2017,CAK,OH,AGL,CE,Combined TRACON& Tower with Radar,25,50,55,7,137,0,0,16,7,23,25,50,71,14,160,31,2,33,193
06/08/2017,CAK,OH,AGL,CE,Combined TRACON& Tower with Radar,25,56,90,6,177,0,1,56,6,63,25,57,146,12,240,86,0,86,326
06/09/2017,CAK,OH,AGL,CE,Combined TRACON& Tower with Radar,24,63,70,6,163,0,1,32,10,43,24,64,102,16,206,55,0,55,261
06/10/2017,CAK,OH,AGL,CE,Combined TRACON& Tower with Radar,18,38,44,13,113,0,2,35,16,53,18,40,79,29,166,78,0,78,244
06/11/2017,CAK,OH,AGL,CE,Combined TRACON& Tower with Radar,22,39,34,3,98,0,1,32,1,34,22,40,66,4,132,48,2,50,182
06/12/2017,CAK,OH,AGL,CE,Combined TRACON& Tower with Radar,25,55,46,5,131,0,1,26,2,29,25,56,72,7,160,40,0,40,200
06/13/2017,CAK,OH,AGL,CE,Combined TRACON& Tower with Radar,25,59,38,7,129,0,1,21,5,27,25,60,59,12,156,49,0,49,205
06/14/2017,CAK,OH,AGL,CE,Combined TRACON& Tower with Radar,30,58,52,3,143,0,0,31,8,39,30,58,83,11,182,95,0,95,277
06/15/2017,CAK,OH,AGL,CE,Combined TRACON& Tower with Radar,23,51,54,4,132,0,2,21,10,33,23,53,75,14,165,61,2,63,228
06/16/2017,CAK,OH,AGL,CE,Combined TRACON& Tower with Radar,25,67,62,19,173,0,0,43,7,50,25,67,105,26,223,113,10,123,346
06/17/2017,CAK,OH,AGL,CE,Combined TRACON& Tower with Radar,15,42,57,0,114,0,0,36,0,36,15,42,93,0,150,57,0,57,207
06/18/2017,CAK,OH,AGL,CE,Combined TRACON& Tower with Radar,24,45,26,0,95,0,0,7,0,7,24,45,33,0,102,12,0,12,114
06/19/2017,CAK,OH,AGL,CE,Combined TRACON& Tower with Radar,23,43,31,0,97,0,0,23,0,23,23,43,54,0,120,37,0,37,157
06/20/2017,CAK,OH,AGL,CE,Combined TRACON& Tower with Radar,25,65,64,2,156,0,1,37,7,45,25,66,101,9,201,80,6,86,287
06/21/2017,CAK,OH,AGL,CE,Combined TRACON& Tower with Radar,23,58,70,2,153,0,2,47,10,59,23,60,117,12,212,70,10,80,292
06/22/2017,CAK,OH,AGL,CE,Combined TRACON& Tower with Radar,31,57,64,4,156,0,2,29,6,37,31,59,93,10,193,29,0,29,222
06/23/2017,CAK,OH,AGL,CE,Combined TRACON& Tower with Radar,27,58,21,0,106,0,0,1,4,5,27,58,22,4,111,10,0,10,121
06/24/2017,CAK,OH,AGL,CE,Combined TRACON& Tower with Radar,16,38,36,0,90,0,4,19,0,23,16,42,55,0,113,44,0,44,157
06/25/2017,CAK,OH,AGL,CE,Combined TRACON& Tower with Radar,20,48,43,0,111,0,0,18,0,18,20,48,61,0,129,18,0,18,147
06/26/2017,CAK,OH,AGL,CE,Combined TRACON& Tower with Radar,26,49,38,4,117,0,0,25,1,26,26,49,63,5,143,21,0,21,164
06/27/2017,CAK,OH,AGL,CE,Combined TRACON& Tower with Radar,23,61,56,9,149,0,0,32,1,33,23,61,88,10,182,77,4,81,263
06/28/2017,CAK,OH,AGL,CE,Combined TRACON& Tower with Radar,23,61,72,4,160,0,0,55,6,61,23,61,127,10,221,78,17,95,316
06/29/2017,CAK,OH,AGL,CE,Combined TRACON& Tower with Radar,21,69,53,4,147,0,2,11,3,16,21,71,64,7,163,25,0,25,188
06/30/2017,CAK,OH,AGL,CE,Combined TRACON& Tower with Radar,26,55,47,0,128,0,1,12,0,13,26,56,59,0,141,25,0,25,166
07/01/2017,CAK,OH,AGL,CE,Combined TRACON& Tower with Radar,15,45,29,0,89,0,0,14,2,16,15,45,43,2,105,54,0,54,159
07/02/2017,CAK,OH,AGL,CE,Combined TRACON& Tower with Radar,21,29,39,0,89,0,0,38,2,40,21,29,77,2,129,44,0,44,173
07/03/2017,CAK,OH,AGL,CE,Combined TRACON& Tower with Radar,24,28,23,0,75,0,0,21,4,25,24,28,44,4,100,32,0,32,132
07/04/2017,CAK,OH,AGL,CE,Combined TRACON& Tower with Radar,21,40,17,1,79,0,0,17,1,18,21,40,34,2,97,10,0,10,107
07/05/2017,CAK,OH,AGL,CE,Combined TRACON& Tower with Radar,22,53,43,7,125,0,0,27,11,38,22,53,70,18,163,34,0,34,197
07/06/2017,CAK,OH,AGL,CE,Combined TRACON& Tower with Radar,23,50,42,3,118,0,0,34,6,40,23,50,76,9,158,147,10,157,315
07/07/2017,CAK,OH,AGL,CE,Combined TRACON& Tower with Radar,25,46,31,0,102,0,0,8,0,8,25,46,39,0,110,18,0,18,128
07/08/2017,CAK,OH,AGL,CE,Combined TRACON& Tower with Radar,16,38,59,0,113,0,0,31,0,31,16,38,90,0,144,73,0,73,217
07/09/2017,CAK,OH,AGL,CE,Combined TRACON& Tower with Radar,22,52,43,0,117,0,5,35,0,40,22,57,78,0,157,63,0,63,220
07/10/2017,CAK,OH,AGL,CE,Combined TRACON& Tower with Radar,25,42,37,0,104,0,0,2,0,2,25,42,39,0,106,6,0,6,112
07/11/2017,CAK,OH,AGL,CE,Combined TRACON& Tower with Radar,25,56,48,0,129,0,3,5,0,8,25,59,53,0,137,32,0,32,169
07/12/2017,CAK,OH,AGL,CE,Combined TRACON& Tower with Radar,28,45,52,8,133,0,1,27,7,35,28,46,79,15,168,79,4,83,251
07/13/2017,CAK,OH,AGL,CE,Combined TRACON& Tower with Radar,25,61,42,0,128,0,0,0,0,0,25,61,42,0,128,9,8,17,145
07/14/2017,CAK,OH,AGL,CE,Combined TRACON& Tower with Radar,25,50,71,5,151,0,0,31,7,38,25,50,102,12,189,87,0,87,276
07/15/2017,CAK,OH,AGL,CE,Combined TRACON& Tower with Radar,17,36,50,7,110,0,0,44,5,49,17,36,94,12,159,87,2,89,248
07/16/2017,CAK,OH,AGL,CE,Combined TRACON& Tower with Radar,23,38,38,3,102,0,2,37,4,43,23,40,75,7,145,62,0,62,207
07/17/2017,CAK,OH,AGL,CE,Combined TRACON& Tower with Radar,28,49,36,0,113,0,5,33,0,38,28,54,69,0,151,42,0,42,193
07/18/2017,CAK,OH,AGL,CE,Combined TRACON& Tower with Radar,27,57,57,2,143,0,3,64,2,69,27,60,121,4,212,67,0,67,279
07/19/2017,CAK,OH,AGL,CE,Combined TRACON& Tower with Radar,23,62,44,19,148,0,0,31,4,35,23,62,75,23,183,55,20,75,258
07/20/2017,CAK,OH,AGL,CE,Combined TRACON& Tower with Radar,23,61,68,1,153,0,2,22,1,25,23,63,90,2,178,68,0,68,246
07/21/2017,CAK,OH,AGL,CE,Combined TRACON& Tower with Radar,25,60,60,1,146,0,0,28,1,29,25,60,88,2,175,62,0,62,237
07/22/2017,CAK,OH,AGL,CE,Combined TRACON& Tower with Radar,17,49,11,0,77,0,1,0,2,3,17,50,11,2,80,15,0,15,95
07/23/2017,CAK,OH,AGL,CE,Combined TRACON& Tower with Radar,21,44,31,0,96,0,2,14,1,17,21,46,45,1,113,18,0,18,131
07/24/2017,CAK,OH,AGL,CE,Combined TRACON& Tower with Radar,28,50,50,7,135,0,1,8,5,14,28,51,58,12,149,45,0,45,194
07/25/2017,CAK,OH,AGL,CE,Combined TRACON& Tower with Radar,24,55,51,2,132,0,0,18,3,21,24,55,69,5,153,31,0,31,184
07/26/2017,CAK,OH,AGL,CE,Combined TRACON& Tower with Radar,25,49,90,3,167,0,0,54,1,55,25,49,144,4,222,82,0,82,304
07/27/2017,CAK,OH,AGL,CE,Combined TRACON& Tower with Radar,24,51,51,3,129,0,0,19,4,23,24,51,70,7,152,60,0,60,212
07/28/2017,CAK,OH,AGL,CE,Combined TRACON& Tower with Radar,26,50,56,1,133,0,1,10,1,12,26,51,66,2,145,15,0,15,160
07/29/2017,CAK,OH,AGL,CE,Combined TRACON& Tower with Radar,27,36,25,0,88,0,4,23,2,29,27,40,48,2,117,37,0,37,154
07/30/2017,CAK,OH,AGL,CE,Combined TRACON& Tower with Radar,22,42,36,1,101,0,4,32,1,37,22,46,68,2,138,17,4,21,159
07/31/2017,CAK,OH,AGL,CE,Combined TRACON& Tower with Radar,25,59,55,0,139,0,6,37,2,45,25,65,92,2,184,80,0,80,264
08/01/2017,CAK,OH,AGL,CE,Combined TRACON& Tower with Radar,23,70,71,1,165,0,2,58,3,63,23,72,129,4,228,110,0,110,338
08/02/2017,CAK,OH,AGL,CE,Combined TRACON& Tower with Radar,18,60,56,3,137,0,3,37,3,43,18,63,93,6,180,68,2,70,250
08/03/2017,CAK,OH,AGL,CE,Combined TRACON& Tower with Radar,28,67,72,4,171,0,6,22,5,33,28,73,94,9,204,28,0,28,232
08/04/2017,CAK,OH,AGL,CE,Combined TRACON& Tower with Radar,25,78,87,1,191,0,0,3,0,3,25,78,90,1,194,18,0,18,212
08/05/2017,CAK,OH,AGL,CE,Combined TRACON& Tower with Radar,21,60,80,0,161,0,0,19,0,19,21,60,99,0,180,71,0,71,251
08/06/2017,CAK,OH,AGL,CE,Combined TRACON& Tower with Radar,21,100,110,0,231,0,0,34,0,34,21,100,144,0,265,65,0,65,330
08/07/2017,CAK,OH,AGL,CE,Combined TRACON& Tower with Radar,28,55,41,2,126,0,0,15,4,19,28,55,56,6,145,32,0,32,177
08/08/2017,CAK,OH,AGL,CE,Combined TRACON& Tower with Radar,23,54,57,3,137,0,1,50,2,53,23,55,107,5,190,76,0,76,266
08/09/2017,CAK,OH,AGL,CE,Combined TRACON& Tower with Radar,24,55,49,2,130,0,3,53,3,59,24,58,102,5,189,97,6,103,292
08/10/2017,CAK,OH,AGL,CE,Combined TRACON& Tower with Radar,24,54,56,10,144,0,1,20,8,29,24,55,76,18,173,35,4,39,212
08/11/2017,CAK,OH,AGL,CE,Combined TRACON& Tower with Radar,26,57,47,0,130,0,0,11,2,13,26,57,58,2,143,16,0,16,159
08/12/2017,CAK,OH,AGL,CE,Combined TRACON& Tower with Radar,14,33,67,5,119,0,1,38,9,48,14,34,105,14,167,65,0,65,232
08/13/2017,CAK,OH,AGL,CE,Combined TRACON& Tower with Radar,32,47,60,1,140,0,3,62,5,70,32,50,122,6,210,42,0,42,252
08/14/2017,CAK,OH,AGL,CE,Combined TRACON& Tower with Radar,25,50,57,2,134,0,3,54,4,61,25,53,111,6,195,68,0,68,263
08/15/2017,CAK,OH,AGL,CE,Combined TRACON& Tower with Radar,23,58,68,3,152,0,1,55,4,60,23,59,123,7,212,88,0,88,300
08/16/2017,CAK,OH,AGL,CE,Combined TRACON& Tower with Radar,24,50,40,2,116,0,2,44,3,49,24,52,84,5,165,50,16,66,231
08/17/2017,CAK,OH,AGL,CE,Combined TRACON& Tower with Radar,22,53,30,0,105,0,3,10,0,13,22,56,40,0,118,22,0,22,140
08/18/2017,CAK,OH,AGL,CE,Combined TRACON& Tower with Radar,26,48,63,5,142,0,0,23,1,24,26,48,86,6,166,74,10,84,250
08/19/2017,CAK,OH,AGL,CE,Combined TRACON& Tower with Radar,16,36,36,0,88,0,0,15,0,15,16,36,51,0,103,27,0,27,130
08/20/2017,CAK,OH,AGL,CE,Combined TRACON& Tower with Radar,18,43,55,0,116,0,1,46,4,51,18,44,101,4,167,54,0,54,221
08/21/2017,CAK,OH,AGL,CE,Combined TRACON& Tower with Radar,26,51,41,2,120,0,1,36,0,37,26,52,77,2,157,58,0,58,215
08/22/2017,CAK,OH,AGL,CE,Combined TRACON& Tower with Radar,24,65,40,6,135,0,0,9,8,17,24,65,49,14,152,20,4,24,176
08/23/2017,CAK,OH,AGL,CE,Combined TRACON& Tower with Radar,21,48,65,4,138,0,2,35,4,41,21,50,100,8,179,70,0,70,249
08/24/2017,CAK,OH,AGL,CE,Combined TRACON& Tower with Radar,22,46,55,7,130,0,1,26,9,36,22,47,81,16,166,52,4,56,222
08/25/2017,CAK,OH,AGL,CE,Combined TRACON& Tower with Radar,24,59,65,6,154,0,2,42,2,46,24,61,107,8,200,70,0,70,270
08/26/2017,CAK,OH,AGL,CE,Combined TRACON& Tower with Radar,19,35,30,0,84,0,1,28,0,29,19,36,58,0,113,40,2,42,155
08/27/2017,CAK,OH,AGL,CE,Combined TRACON& Tower with Radar,21,40,27,0,88,0,4,35,0,39,21,44,62,0,127,75,0,75,202
08/28/2017,CAK,OH,AGL,CE,Combined TRACON& Tower with Radar,26,44,56,2,128,0,1,26,0,27,26,45,82,2,155,78,0,78,233
08/29/2017,CAK,OH,AGL,CE,Combined TRACON& Tower with Radar,22,57,61,0,140,0,0,12,2,14,22,57,73,2,154,40,0,40,194
08/30/2017,CAK,OH,AGL,CE,Combined TRACON& Tower with Radar,22,61,72,4,159,0,3,21,0,24,22,64,93,4,183,48,0,48,231
08/31/2017,CAK,OH,AGL,CE,Combined TRACON& Tower with Radar,22,56,50,4,132,0,0,12,0,12,22,56,62,4,144,35,4,39,183
09/01/2017,CAK,OH,AGL,CE,Combined TRACON& Tower with Radar,28,54,32,0,114,0,3,11,2,16,28,57,43,2,130,45,0,45,175
09/02/2017,CAK,OH,AGL,CE,Combined TRACON& Tower with Radar,22,35,24,0,81,0,0,4,0,4,22,35,28,0,85,21,1,22,107
09/03/2017,CAK,OH,AGL,CE,Combined TRACON& Tower with Radar,18,37,41,0,96,0,1,26,0,27,18,38,67,0,123,92,0,92,215
09/04/2017,CAK,OH,AGL,CE,Combined TRACON& Tower with Radar,22,35,23,2,82,0,2,14,0,16,22,37,37,2,98,21,0,21,119
09/05/2017,CAK,OH,AGL,CE,Combined TRACON& Tower with Radar,21,46,42,0,109,0,0,11,0,11,21,46,53,0,120,30,0,30,150
09/06/2017,CAK,OH,AGL,CE,Combined TRACON& Tower with Radar,19,55,72,16,162,0,2,25,1,28,19,57,97,17,190,47,0,47,237
09/07/2017,CAK,OH,AGL,CE,Combined TRACON& Tower with Radar,19,49,68,0,136,0,0,12,0,12,19,49,80,0,148,19,0,19,167
09/08/2017,CAK,OH,AGL,CE,Combined TRACON& Tower with Radar,19,60,68,0,147,0,2,23,3,28,19,62,91,3,175,56,12,68,243
09/09/2017,CAK,OH,AGL,CE,Combined TRACON& Tower with Radar,14,38,33,0,85,0,2,32,0,34,14,40,65,0,119,31,2,33,152
09/10/2017,CAK,OH,AGL,CE,Combined TRACON& Tower with Radar,20,44,41,0,105,0,14,30,0,44,20,58,71,0,149,58,0,58,207
09/11/2017,CAK,OH,AGL,CE,Combined TRACON& Tower with Radar,13,39,48,0,100,0,2,34,2,38,13,41,82,2,138,49,0,49,187
09/12/2017,CAK,OH,AGL,CE,Combined TRACON& Tower with Radar,20,49,76,1,146,0,2,34,1,37,20,51,110,2,183,73,0,73,256
09/13/2017,CAK,OH,AGL,CE,Combined TRACON& Tower with Radar,14,54,67,0,135,0,0,25,7,32,14,54,92,7,167,37,0,37,204
09/14/2017,CAK,OH,AGL,CE,Combined TRACON& Tower with Radar,17,57,58,3,135,0,0,9,7,16,17,57,67,10,151,54,0,54,205
09/15/2017,CAK,OH,AGL,CE,Combined TRACON& Tower with Radar,20,46,29,2,97,0,2,24,0,26,20,48,53,2,123,32,0,32,155
09/16/2017,CAK,OH,AGL,CE,Combined TRACON& Tower with Radar,19,38,54,0,111,0,0,29,1,30,19,38,83,1,141,33,0,33,174
09/17/2017,CAK,OH,AGL,CE,Combined TRACON& Tower with Radar,20,47,41,0,108,0,0,33,0,33,20,47,74,0,141,36,0,36,177
09/18/2017,CAK,OH,AGL,CE,Combined TRACON& Tower with Radar,24,61,57,0,142,0,6,25,0,31,24,67,82,0,173,47,0,47,220
09/19/2017,CAK,OH,AGL,CE,Combined TRACON& Tower with Radar,17,57,46,1,121,0,4,30,9,43,17,61,76,10,164,76,10,86,250
09/20/2017,CAK,OH,AGL,CE,Combined TRACON& Tower with Radar,15,55,63,2,135,0,1,25,2,28,15,56,88,4,163,58,0,58,221
09/21/2017,CAK,OH,AGL,CE,Combined TRACON& Tower with Radar,21,58,66,5,150,0,3,27,2,32,21,61,93,7,182,62,0,62,244
09/22/2017,CAK,OH,AGL,CE,Combined TRACON& Tower with Radar,24,57,44,6,131,0,2,36,8,46,24,59,80,14,177,83,4,87,264
09/23/2017,CAK,OH,AGL,CE,Combined TRACON& Tower with Radar,17,36,27,4,84,0,0,27,10,37,17,36,54,14,121,49,0,49,170
09/24/2017,CAK,OH,AGL,CE,Combined TRACON& Tower with Radar,17,27,42,1,87,0,0,31,3,34,17,27,73,4,121,79,0,79,200
09/25/2017,CAK,OH,AGL,CE,Combined TRACON& Tower with Radar,25,42,35,0,102,0,0,18,0,18,25,42,53,0,120,88,0,88,208
09/26/2017,CAK,OH,AGL,CE,Combined TRACON& Tower with Radar,21,48,46,23,138,0,4,38,3,45,21,52,84,26,183,96,46,142,325
09/27/2017,CAK,OH,AGL,CE,Combined TRACON& Tower with Radar,15,51,67,4,137,0,1,20,6,27,15,52,87,10,164,49,0,49,213
09/28/2017,CAK,OH,AGL,CE,Combined TRACON& Tower with Radar,19,63,59,0,141,0,1,40,0,41,19,64,99,0,182,46,14,60,242
09/29/2017,CAK,OH,AGL,CE,Combined TRACON& Tower with Radar,24,51,52,0,127,0,5,15,0,20,24,56,67,0,147,62,0,62,209
09/30/2017,CAK,OH,AGL,CE,Combined TRACON& Tower with Radar,17,42,29,0,88,0,0,21,0,21,17,42,50,0,109,44,0,44,153
10/01/2017,CAK,OH,AGL,CE,Combined TRACON& Tower with Radar,19,40,45,0,104,0,0,39,0,39,19,40,84,0,143,79,0,79,222
10/02/2017,CAK,OH,AGL,CE,Combined TRACON& Tower with Radar,21,46,50,0,117,0,0,22,0,22,21,46,72,0,139,50,0,50,189
10/03/2017,CAK,OH,AGL,CE,Combined TRACON& Tower with Radar,16,50,54,2,122,0,1,33,4,38,16,51,87,6,160,56,0,56,216
10/04/2017,CAK,OH,AGL,CE,Combined TRACON& Tower with Radar,16,56,54,5,131,0,3,37,5,45,16,59,91,10,176,66,0,66,242
10/05/2017,CAK,OH,AGL,CE,Combined TRACON& Tower with Radar,18,59,42,4,123,0,0,6,2,8,18,59,48,6,131,18,0,18,149
10/06/2017,CAK,OH,AGL,CE,Combined TRACON& Tower with Radar,23,69,50,1,143,0,0,2,0,2,23,69,52,1,145,48,0,48,193
10/07/2017,CAK,OH,AGL,CE,Combined TRACON& Tower with Radar,19,35,23,0,77,0,0,21,0,21,19,35,44,0,98,20,0,20,118
10/08/2017,CAK,OH,AGL,CE,Combined TRACON& Tower with Radar,16,50,51,0,117,0,4,7,0,11,16,54,58,0,128,42,0,42,170
10/09/2017,CAK,OH,AGL,CE,Combined TRACON& Tower with Radar,21,52,27,0,100,0,0,0,4,4,21,52,27,4,104,23,0,23,127
10/10/2017,CAK,OH,AGL,CE,Combined TRACON& Tower with Radar,14,55,39,4,112,0,2,22,2,26,14,57,61,6,138,39,0,39,177
10/11/2017,CAK,OH,AGL,CE,Combined TRACON& Tower with Radar,12,60,45,0,117,0,0,2,0,2,12,60,47,0,119,16,0,16,135
10/12/2017,CAK,OH,AGL,CE,Combined TRACON& Tower with Radar,18,63,58,8,147,0,1,7,2,10,18,64,65,10,157,82,4,86,243
10/13/2017,CAK,OH,AGL,CE,Combined TRACON& Tower with Radar,20,59,69,1,149,0,1,17,0,18,20,60,86,1,167,82,2,84,251
10/14/2017,CAK,OH,AGL,CE,Combined TRACON& Tower with Radar,17,35,27,7,86,0,2,35,7,44,17,37,62,14,130,93,0,93,223
10/15/2017,CAK,OH,AGL,CE,Combined TRACON& Tower with Radar,17,50,25,2,94,0,1,1,4,6,17,51,26,6,100,7,0,7,107
10/16/2017,CAK,OH,AGL,CE,Combined TRACON& Tower with Radar,20,52,59,14,145,0,0,35,0,35,20,52,94,14,180,54,0,54,234
10/17/2017,CAK,OH,AGL,CE,Combined TRACON& Tower with Radar,13,59,55,5,132,0,1,47,5,53,13,60,102,10,185,68,0,68,253
10/18/2017,CAK,OH,AGL,CE,Combined TRACON& Tower with Radar,13,58,59,16,146,0,1,49,8,58,13,59,108,24,204,127,16,143,347
10/19/2017,CAK,OH,AGL,CE,Combined TRACON& Tower with Radar,16,70,84,3,173,0,5,41,3,49,16,75,125,6,222,57,0,57,279
10/20/2017,CAK,OH,AGL,CE,Combined TRACON& Tower with Radar,21,55,55,1,132,0,7,36,3,46,21,62,91,4,178,73,0,73,251
10/21/2017,CAK,OH,AGL,CE,Combined TRACON& Tower with Radar,17,37,39,0,93,0,2,35,0,37,17,39,74,0,130,58,0,58,188
10/22/2017,CAK,OH,AGL,CE,Combined TRACON& Tower with Radar,17,53,55,0,125,0,2,69,0,71,17,55,124,0,196,74,0,74,270
10/23/2017,CAK,OH,AGL,CE,Combined TRACON& Tower with Radar,19,56,55,0,130,0,1,8,0,9,19,57,63,0,139,19,0,19,158
10/24/2017,CAK,OH,AGL,CE,Combined TRACON& Tower with Radar,16,62,26,1,105,0,0,0,1,1,16,62,26,2,106,16,0,16,122
10/25/2017,CAK,OH,AGL,CE,Combined TRACON& Tower with Radar,14,69,44,0,127,0,0,10,0,10,14,69,54,0,137,51,4,55,192
10/26/2017,CAK,OH,AGL,CE,Combined TRACON& Tower with Radar,16,67,62,2,147,0,0,51,2,53,16,67,113,4,200,127,0,127,327
10/27/2017,CAK,OH,AGL,CE,Combined TRACON& Tower with Radar,21,59,36,1,117,0,0,22,1,23,21,59,58,2,140,47,0,47,187
10/28/2017,CAK,OH,AGL,CE,Combined TRACON& Tower with Radar,17,43,9,0,69,0,0,0,0,0,17,43,9,0,69,10,0,10,79
10/29/2017,CAK,OH,AGL,CE,Combined TRACON& Tower with Radar,19,49,28,1,97,0,1,2,0,3,19,50,30,1,100,14,0,14,114
10/30/2017,CAK,OH,AGL,CE,Combined TRACON& Tower with Radar,19,52,27,3,101,0,3,16,4,23,19,55,43,7,124,19,0,19,143
10/31/2017,CAK,OH,AGL,CE,Combined TRACON& Tower with Radar,13,47,50,0,110,0,0,22,4,26,13,47,72,4,136,110,0,110,246
11/01/2017,CAK,OH,AGL,CE,Combined TRACON& Tower with Radar,13,60,38,0,111,0,0,4,0,4,13,60,42,0,115,20,0,20,135
11/02/2017,CAK,OH,AGL,CE,Combined TRACON& Tower with Radar,19,62,45,2,128,0,1,18,6,25,19,63,63,8,153,45,10,55,208
11/03/2017,CAK,OH,AGL,CE,Combined TRACON& Tower with Radar,20,64,75,5,164,0,3,17,0,20,20,67,92,5,184,53,8,61,245
11/04/2017,CAK,OH,AGL,CE,Combined TRACON& Tower with Radar,9,28,14,0,51,0,0,10,0,10,9,28,24,0,61,51,2,53,114
11/05/2017,CAK,OH,AGL,CE,Combined TRACON& Tower with Radar,18,52,22,0,92,0,0,0,0,0,18,52,22,0,92,9,0,9,101
11/06/2017,CAK,OH,AGL,CE,Combined TRACON& Tower with Radar,21,57,55,5,138,0,0,9,3,12,21,57,64,8,150,17,0,17,167
11/07/2017,CAK,OH,AGL,CE,Combined TRACON& Tower with Radar,14,61,36,5,116,0,2,10,6,18,14,63,46,11,134,27,2,29,163
11/08/2017,CAK,OH,AGL,CE,Combined TRACON& Tower with Radar,14,62,74,2,152,0,0,53,3,56,14,62,127,5,208,80,0,80,288
11/09/2017,CAK,OH,AGL,CE,Combined TRACON& Tower with Radar,19,58,64,2,143,0,3,30,6,39,19,61,94,8,182,42,2,44,226
11/10/2017,CAK,OH,AGL,CE,Combined TRACON& Tower with Radar,16,56,28,0,100,0,0,12,0,12,16,56,40,0,112,19,0,19,131
11/11/2017,CAK,OH,AGL,CE,Combined TRACON& Tower with Radar,13,39,43,0,95,0,0,38,2,40,13,39,81,2,135,101,0,101,236
11/12/2017,CAK,OH,AGL,CE,Combined TRACON& Tower with Radar,17,43,27,0,87,0,0,28,0,28,17,43,55,0,115,22,0,22,137
11/13/2017,CAK,OH,AGL,CE,Combined TRACON& Tower with Radar,15,68,34,0,117,0,2,2,0,4,15,70,36,0,121,10,0,10,131
11/14/2017,CAK,OH,AGL,CE,Combined TRACON& Tower with Radar,23,57,77,7,164,0,0,35,11,46,23,57,112,18,210,136,0,136,346
11/15/2017,CAK,OH,AGL,CE,Combined TRACON& Tower with Radar,22,60,60,4,146,0,0,14,4,18,22,60,74,8,164,38,2,40,204
11/16/2017,CAK,OH,AGL,CE,Combined TRACON& Tower with Radar,20,52,26,2,100,0,0,3,1,4,20,52,29,3,104,8,0,8,112
11/17/2017,CAK,OH,AGL,CE,Combined TRACON& Tower with Radar,17,66,90,4,177,0,1,46,4,51,17,67,136,8,228,97,0,97,325
11/18/2017,CAK,OH,AGL,CE,Combined TRACON& Tower with Radar,13,42,9,0,64,0,0,0,0,0,13,42,9,0,64,13,0,13,77
11/19/2017,CAK,OH,AGL,CE,Combined TRACON& Tower with Radar,19,41,15,1,76,0,0,0,1,1,19,41,15,2,77,7,0,7,84
11/20/2017,CAK,OH,AGL,CE,Combined TRACON& Tower with Radar,14,54,49,1,118,0,0,38,4,42,14,54,87,5,160,47,0,47,207
11/21/2017,CAK,OH,AGL,CE,Combined TRACON& Tower with Radar,18,69,25,6,118,0,2,11,3,16,18,71,36,9,134,31,0,31,165
11/22/2017,CAK,OH,AGL,CE,Combined TRACON& Tower with Radar,19,61,31,2,113,0,1,18,4,23,19,62,49,6,136,25,0,25,161
11/23/2017,CAK,OH,AGL,CE,Combined TRACON& Tower with Radar,13,40,15,0,68,0,0,14,0,14,13,40,29,0,82,8,0,8,90
11/24/2017,CAK,OH,AGL,CE,Combined TRACON& Tower with Radar,17,36,33,0,86,0,1,43,0,44,17,37,76,0,130,31,0,31,161
11/25/2017,CAK,OH,AGL,CE,Combined TRACON& Tower with Radar,18,47,11,0,76,0,0,9,0,9,18,47,20,0,85,23,0,23,108
11/26/2017,CAK,OH,AGL,CE,Combined TRACON& Tower with Radar,18,50,41,0,109,0,0,29,2,31,18,50,70,2,140,71,0,71,211
11/27/2017,CAK,OH,AGL,CE,Combined TRACON& Tower with Radar,19,54,56,6,135,0,3,43,4,50,19,57,99,10,185,68,4,72,257
11/28/2017,CAK,OH,AGL,CE,Combined TRACON& Tower with Radar,13,52,60,2,127,0,1,43,6,50,13,53,103,8,177,95,0,95,272
11/29/2017,CAK,OH,AGL,CE,Combined TRACON& Tower with Radar,16,56,60,5,137,0,2,48,10,60,16,58,108,15,197,70,0,70,267
11/30/2017,CAK,OH,AGL,CE,Combined TRACON& Tower with Radar,17,61,54,4,136,0,0,9,4,13,17,61,63,8,149,38,8,46,195
12/01/2017,CAK,OH,AGL,CE,Combined TRACON& Tower with Radar,17,55,58,0,130,0,1,50,2,53,17,56,108,2,183,111,0,111,294
12/02/2017,CAK,OH,AGL,CE,Combined TRACON& Tower with Radar,11,36,47,0,94,0,4,56,0,60,11,40,103,0,154,72,0,72,226
12/03/2017,CAK,OH,AGL,CE,Combined TRACON& Tower with Radar,17,43,42,0,102,0,1,36,0,37,17,44,78,0,139,39,0,39,178
12/04/2017,CAK,OH,AGL,CE,Combined TRACON& Tower with Radar,16,47,47,0,110,0,1,32,0,33,16,48,79,0,143,27,0,27,170
12/05/2017,CAK,OH,AGL,CE,Combined TRACON& Tower with Radar,13,63,43,1,120,0,2,0,3,5,13,65,43,4,125,18,0,18,143
12/06/2017,CAK,OH,AGL,CE,Combined TRACON& Tower with Radar,12,66,39,1,118,0,1,4,1,6,12,67,43,2,124,35,2,37,161
12/07/2017,CAK,OH,AGL,CE,Combined TRACON& Tower with Radar,18,56,73,1,148,0,0,18,7,25,18,56,91,8,173,60,0,60,233
12/08/2017,CAK,OH,AGL,CE,Combined TRACON& Tower with Radar,13,59,70,3,145,0,2,35,5,42,13,61,105,8,187,74,6,80,267
12/09/2017,CAK,OH,AGL,CE,Combined TRACON& Tower with Radar,15,37,23,0,75,0,0,17,0,17,15,37,40,0,92,45,0,45,137
12/10/2017,CAK,OH,AGL,CE,Combined TRACON& Tower with Radar,17,42,29,0,88,0,0,2,0,2,17,42,31,0,90,15,0,15,105
12/11/2017,CAK,OH,AGL,CE,Combined TRACON& Tower with Radar,16,59,43,0,118,0,0,11,2,13,16,59,54,2,131,24,0,24,155
12/12/2017,CAK,OH,AGL,CE,Combined TRACON& Tower with Radar,13,57,23,1,94,0,0,1,3,4,13,57,24,4,98,25,0,25,123
12/13/2017,CAK,OH,AGL,CE,Combined TRACON& Tower with Radar,15,62,23,0,100,0,0,9,0,9,15,62,32,0,109,24,0,24,133
12/14/2017,CAK,OH,AGL,CE,Combined TRACON& Tower with Radar,18,50,31,3,102,0,0,8,5,13,18,50,39,8,115,3,0,3,118
12/15/2017,CAK,OH,AGL,CE,Combined TRACON& Tower with Radar,18,58,62,0,138,0,1,27,2,30,18,59,89,2,168,39,0,39,207
12/16/2017,CAK,OH,AGL,CE,Combined TRACON& Tower with Radar,12,40,22,0,74,0,1,25,0,26,12,41,47,0,100,43,0,43,143
12/17/2017,CAK,OH,AGL,CE,Combined TRACON& Tower with Radar,13,37,30,0,80,0,0,25,0,25,13,37,55,0,105,32,0,32,137
12/18/2017,CAK,OH,AGL,CE,Combined TRACON& Tower with Radar,16,51,35,0,102,0,0,0,0,0,16,51,35,0,102,14,0,14,116
12/19/2017,CAK,OH,AGL,CE,Combined TRACON& Tower with Radar,13,52,73,2,140,0,0,14,8,22,13,52,87,10,162,33,6,39,201
12/20/2017,CAK,OH,AGL,CE,Combined TRACON& Tower with Radar,15,58,55,2,130,0,5,29,6,40,15,63,84,8,170,47,6,53,223
12/21/2017,CAK,OH,AGL,CE,Combined TRACON& Tower with Radar,20,49,56,3,128,0,0,41,3,44,20,49,97,6,172,82,0,82,254
12/22/2017,CAK,OH,AGL,CE,Combined TRACON& Tower with Radar,15,49,28,0,92,0,0,0,0,0,15,49,28,0,92,14,0,14,106
12/23/2017,CAK,OH,AGL,CE,Combined TRACON& Tower with Radar,15,35,7,0,57,0,0,0,0,0,15,35,7,0,57,11,0,11,68
12/24/2017,CAK,OH,AGL,CE,Combined TRACON& Tower with Radar,16,32,16,0,64,0,0,8,0,8,16,32,24,0,72,9,0,9,81
12/25/2017,CAK,OH,AGL,CE,Combined TRACON& Tower with Radar,16,35,5,0,56,0,0,0,0,0,16,35,5,0,56,0,0,0,56
12/26/2017,CAK,OH,AGL,CE,Combined TRACON& Tower with Radar,18,49,44,4,115,0,0,10,2,12,18,49,54,6,127,14,4,18,145
12/27/2017,CAK,OH,AGL,CE,Combined TRACON& Tower with Radar,16,55,40,3,114,0,3,18,3,24,16,58,58,6,138,32,0,32,170
12/28/2017,CAK,OH,AGL,CE,Combined TRACON& Tower with Radar,17,45,26,4,92,0,2,16,5,23,17,47,42,9,115,30,0,30,145
12/29/2017,CAK,OH,AGL,CE,Combined TRACON& Tower with Radar,17,55,26,0,98,0,0,1,0,1,17,55,27,0,99,14,0,14,113
12/30/2017,CAK,OH,AGL,CE,Combined TRACON& Tower with Radar,19,44,11,0,74,0,0,0,0,0,19,44,11,0,74,10,0,10,84
12/31/2017,CAK,OH,AGL,CE,Combined TRACON& Tower with Radar,17,40,21,0,78,0,0,13,0,13,17,40,34,0,91,14,0,14,105
01/01/2018,CAK,OH,AGL,CE,Combined TRACON& Tower with Radar,13,38,11,0,62,0,0,0,0,0,13,38,11,0,62,2,0,2,64
01/02/2018,CAK,OH,AGL,CE,Combined TRACON& Tower with Radar,20,48,29,3,100,0,0,3,3,6,20,48,32,6,106,9,0,9,115
01/03/2018,CAK,OH,AGL,CE,Combined TRACON& Tower with Radar,14,42,25,3,84,0,0,11,7,18,14,42,36,10,102,26,4,30,132
01/04/2018,CAK,OH,AGL,CE,Combined TRACON& Tower with Radar,21,54,20,0,95,0,0,0,0,0,21,54,20,0,95,13,0,13,108
01/05/2018,CAK,OH,AGL,CE,Combined TRACON& Tower with Radar,16,44,21,0,81,0,0,5,0,5,16,44,26,0,86,20,0,20,106
01/06/2018,CAK,OH,AGL,CE,Combined TRACON& Tower with Radar,14,31,20,0,65,0,1,7,0,8,14,32,27,0,73,21,0,21,94
01/07/2018,CAK,OH,AGL,CE,Combined TRACON& Tower with Radar,20,30,13,0,63,0,0,12,0,12,20,30,25,0,75,12,0,12,87
01/08/2018,CAK,OH,AGL,CE,Combined TRACON& Tower with Radar,21,38,12,0,71,0,0,0,0,0,21,38,12,0,71,1,0,1,72
01/09/2018,CAK,OH,AGL,CE,Combined TRACON& Tower with Radar,22,47,19,0,88,0,0,0,0,0,22,47,19,0,88,11,0,11,99
01/10/2018,CAK,OH,AGL,CE,Combined TRACON& Tower with Radar,18,47,33,1,99,0,0,3,1,4,18,47,36,2,103,13,0,13,116
01/11/2018,CAK,OH,AGL,CE,Combined TRACON& Tower with Radar,19,51,34,7,111,0,0,5,3,8,19,51,39,10,119,15,0,15,134
01/12/2018,CAK,OH,AGL,CE,Combined TRACON& Tower with Radar,21,44,23,0,88,0,0,0,0,0,21,44,23,0,88,10,0,10,98
01/13/2018,CAK,OH,AGL,CE,Combined TRACON& Tower with Radar,14,35,8,0,57,0,1,0,0,1,14,36,8,0,58,13,0,13,71
01/14/2018,CAK,OH,AGL,CE,Combined TRACON& Tower with Radar,17,33,25,0,75,0,0,13,0,13,17,33,38,0,88,0,0,0,88
01/15/2018,CAK,OH,AGL,CE,Combined TRACON& Tower with Radar,17,49,25,0,91,0,0,0,0,0,17,49,25,0,91,2,0,2,93
01/16/2018,CAK,OH,AGL,CE,Combined TRACON& Tower with Radar,19,54,25,1,99,0,0,5,3,8,19,54,30,4,107,19,0,19,126
01/17/2018,CAK,OH,AGL,CE,Combined TRACON& Tower with Radar,14,46,32,2,94,0,0,7,3,10,14,46,39,5,104,29,0,29,133
01/18/2018,CAK,OH,AGL,CE,Combined TRACON& Tower with Radar,18,60,64,0,142,0,1,9,4,14,18,61,73,4,156,36,0,36,192
01/19/2018,CAK,OH,AGL,CE,Combined TRACON& Tower with Radar,17,61,48,4,130,0,1,23,8,32,17,62,71,12,162,47,0,47,209
01/20/2018,CAK,OH,AGL,CE,Combined TRACON& Tower with Radar,14,37,40,0,91,0,0,26,0,26,14,37,66,0,117,50,0,50,167
01/21/2018,CAK,OH,AGL,CE,Combined TRACON& Tower with Radar,20,40,12,0,72,0,0,0,0,0,20,40,12,0,72,2,0,2,74
01/22/2018,CAK,OH,AGL,CE,Combined TRACON& Tower with Radar,18,47,32,0,97,0,0,8,0,8,18,47,40,0,105,12,0,12,117
01/23/2018,CAK,OH,AGL,CE,Combined TRACON& Tower with Radar,22,59,28,12,121,0,0,1,2,3,22,59,29,14,124,28,0,28,152
01/24/2018,CAK,OH,AGL,CE,Combined TRACON& Tower with Radar,17,64,25,1,107,0,0,5,7,12,17,64,30,8,119,21,24,45,164
01/25/2018,CAK,OH,AGL,CE,Combined TRACON& Tower with Radar,19,54,45,3,121,0,0,27,9,36,19,54,72,12,157,79,8,87,244
01/26/2018,CAK,OH,AGL,CE,Combined TRACON& Tower with Radar,18,46,54,3,121,0,0,49,0,49,18,46,103,3,170,66,0,66,236
01/27/2018,CAK,OH,AGL,CE,Combined TRACON& Tower with Radar,16,31,11,0,58,0,3,2,1,6,16,34,13,1,64,16,0,16,80
01/28/2018,CAK,OH,AGL,CE,Combined TRACON& Tower with Radar,20,38,52,0,110,0,0,42,0,42,20,38,94,0,152,91,0,91,243
01/29/2018,CAK,OH,AGL,CE,Combined TRACON& Tower with Radar,18,41,37,1,97,0,0,9,3,12,18,41,46,4,109,19,0,19,128
01/30/2018,CAK,OH,AGL,CE,Combined TRACON& Tower with Radar,20,60,31,2,113,0,0,6,2,8,20,60,37,4,121,13,0,13,134
01/31/2018,CAK,OH,AGL,CE,Combined TRACON& Tower with Radar,18,58,28,2,106,0,2,6,12,20,18,60,34,14,126,18,0,18,144
02/01/2018,CAK,OH,AGL,CE,Combined TRACON& Tower with Radar,19,49,45,6,119,0,1,14,4,19,19,50,59,10,138,24,2,26,164
02/02/2018,CAK,OH,AGL,CE,Combined TRACON& Tower with Radar,19,46,20,0,85,0,0,2,0,2,19,46,22,0,87,14,0,14,101
02/03/2018,CAK,OH,AGL,CE,Combined TRACON& Tower with Radar,13,31,40,0,84,0,0,21,0,21,13,31,61,0,105,63,0,63,168
02/04/2018,CAK,OH,AGL,CE,Combined TRACON& Tower with Radar,17,26,6,0,49,0,0,0,0,0,17,26,6,0,49,2,0,2,51
02/05/2018,CAK,OH,AGL,CE,Combined TRACON& Tower with Radar,17,50,45,0,112,0,0,23,0,23,17,50,68,0,135,82,0,82,217
02/06/2018,CAK,OH,AGL,CE,Combined TRACON& Tower with Radar,21,54,36,3,114,0,0,15,7,22,21,54,51,10,136,53,0,53,189
02/07/2018,CAK,OH,AGL,CE,Combined TRACON& Tower with Radar,17,52,10,0,79,0,0,0,0,0,17,52,10,0,79,7,0,7,86
02/08/2018,CAK,OH,AGL,CE,Combined TRACON& Tower with Radar,21,56,48,3,128,0,0,8,5,13,21,56,56,8,141,27,0,27,168
02/09/2018,CAK,OH,AGL,CE,Combined TRACON& Tower with Radar,16,43,31,0,90,0,2,18,0,20,16,45,49,0,110,48,0,48,158
02/10/2018,CAK,OH,AGL,CE,Combined TRACON& Tower with Radar,13,28,24,1,66,0,0,3,1,4,13,28,27,2,70,54,0,54,124
02/11/2018,CAK,OH,AGL,CE,Combined TRACON& Tower with Radar,18,30,11,0,59,0,0,0,0,0,18,30,11,0,59,1,0,1,60
02/12/2018,CAK,OH,AGL,CE,Combined TRACON& Tower with Radar,17,47,58,2,124,0,0,33,0,33,17,47,91,2,157,60,0,60,217
02/13/2018,CAK,OH,AGL,CE,Combined TRACON& Tower with Radar,20,62,56,7,145,0,2,34,7,43,20,64,90,14,188,60,0,60,248
02/14/2018,CAK,OH,AGL,CE,Combined TRACON& Tower with Radar,18,54,41,2,115,0,1,2,0,3,18,55,43,2,118,27,6,33,151
02/15/2018,CAK,OH,AGL,CE,Combined TRACON& Tower with Radar,25,72,60,2,159,0,0,1,0,1,25,72,61,2,160,40,8,48,208
02/16/2018,CAK,OH,AGL,CE,Combined TRACON& Tower with Radar,18,64,26,0,108,0,0,0,0,0,18,64,26,0,108,11,0,11,119
02/17/2018,CAK,OH,AGL,CE,Combined TRACON& Tower with Radar,13,26,21,0,60,0,1,19,0,20,13,27,40,0,80,28,0,28,108
02/18/2018,CAK,OH,AGL,CE,Combined TRACON& Tower with Radar,19,38,45,0,102,0,2,33,0,35,19,40,78,0,137,33,10,43,180
02/19/2018,CAK,OH,AGL,CE,Combined TRACON& Tower with Radar,18,44,31,0,93,0,0,1,1,2,18,44,32,1,95,7,0,7,102
02/20/2018,CAK,OH,AGL,CE,Combined TRACON& Tower with Radar,20,55,27,6,108,0,6,18,3,27,20,61,45,9,135,15,2,17,152
02/21/2018,CAK,OH,AGL,CE,Combined TRACON& Tower with Radar,18,54,36,4,112,0,1,3,0,4,18,55,39,4,116,8,0,8,124
02/22/2018,CAK,OH,AGL,CE,Combined TRACON& Tower with Radar,22,54,40,2,118,0,0,2,4,6,22,54,42,6,124,12,6,18,142
02/23/2018,CAK,OH,AGL,CE,Combined TRACON& Tower with Radar,18,63,8,4,93,0,0,0,0,0,18,63,8,4,93,14,0,14,107
02/24/2018,CAK,OH,AGL,CE,Combined TRACON& Tower with Radar,13,41,21,2,77,0,0,0,0,0,13,41,21,2,77,12,0,12,89
02/25/2018,CAK,OH,AGL,CE,Combined TRACON& Tower with Radar,18,31,29,1,79,0,0,15,1,16,18,31,44,2,95,15,0,15,110
02/26/2018,CAK,OH,AGL,CE,Combined TRACON& Tower with Radar,20,43,91,7,161,0,0,48,3,51,20,43,139,10,212,94,4,98,310
02/27/2018,CAK,OH,AGL,CE,Combined TRACON& Tower with Radar,20,65,71,6,162,0,0,48,5,53,20,65,119,11,215,142,12,154,369
02/28/2018,CAK,OH,AGL,CE,Combined TRACON& Tower with Radar,18,61,52,14,145,0,1,19,7,27,18,62,71,21,172,41,10,51,223
03/01/2018,CAK,OH,AGL,CE,Combined TRACON& Tower with Radar,17,52,33,0,102,0,0,1,0,1,17,52,34,0,103,3,0,3,106
03/02/2018,CAK,OH,AGL,CE,Combined TRACON& Tower with Radar,18,55,19,1,93,0,0,0,1,1,18,55,19,2,94,6,0,6,100
03/03/2018,CAK,OH,AGL,CE,Combined TRACON& Tower with Radar,12,36,56,0,104,0,0,37,0,37,12,36,93,0,141,110,0,110,251
03/04/2018,CAK,OH,AGL,CE,Combined TRACON& Tower with Radar,18,38,42,0,98,0,0,41,0,41,18,38,83,0,139,115,0,115,254
03/05/2018,CAK,OH,AGL,CE,Combined TRACON& Tower with Radar,16,55,48,0,119,0,0,37,2,39,16,55,85,2,158,54,0,54,212
03/06/2018,CAK,OH,AGL,CE,Combined TRACON& Tower with Radar,18,58,44,5,125,0,1,17,7,25,18,59,61,12,150,69,0,69,219
03/07/2018,CAK,OH,AGL,CE,Combined TRACON& Tower with Radar,15,54,31,1,101,0,1,4,1,6,15,55,35,2,107,6,0,6,113
03/08/2018,CAK,OH,AGL,CE,Combined TRACON& Tower with Radar,18,55,49,10,132,0,0,8,2,10,18,55,57,12,142,20,0,20,162
03/09/2018,CAK,OH,AGL,CE,Combined TRACON& Tower with Radar,16,51,25,2,94,0,0,2,4,6,16,51,27,6,100,9,4,13,113
03/10/2018,CAK,OH,AGL,CE,Combined TRACON& Tower with Radar,12,33,53,7,105,0,0,23,9,32,12,33,76,16,137,58,14,72,209
03/11/2018,CAK,OH,AGL,CE,Combined TRACON& Tower with Radar,18,38,38,0,94,0,2,34,4,40,18,40,72,4,134,54,0,54,188
03/12/2018,CAK,OH,AGL,CE,Combined TRACON& Tower with Radar,16,44,53,15,128,0,1,17,1,19,16,45,70,16,147,16,6,22,169
03/13/2018,CAK,OH,AGL,CE,Combined TRACON& Tower with Radar,18,59,33,0,110,0,0,1,0,1,18,59,34,0,111,6,0,6,117
03/14/2018,CAK,OH,AGL,CE,Combined TRACON& Tower with Radar,16,61,22,6,105,0,0,7,2,9,16,61,29,8,114,12,14,26,140
03/15/2018,CAK,OH,AGL,CE,Combined TRACON& Tower with Radar,19,65,51,3,138,0,0,9,7,16,19,65,60,10,154,25,0,25,179
03/16/2018,CAK,OH,AGL,CE,Combined TRACON& Tower with Radar,17,54,40,1,112,0,1,24,2,27,17,55,64,3,139,55,16,71,210
03/17/2018,CAK,OH,AGL,CE,Combined TRACON& Tower with Radar,12,41,27,0,80,0,3,22,1,26,12,44,49,1,106,42,1,43,149
03/18/2018,CAK,OH,AGL,CE,Combined TRACON& Tower with Radar,17,37,40,0,94,0,0,59,2,61,17,37,99,2,155,60,0,60,215
03/19/2018,CAK,OH,AGL,CE,Combined TRACON& Tower with Radar,14,51,38,0,103,0,0,38,0,38,14,51,76,0,141,35,0,35,176
03/20/2018,CAK,OH,AGL,CE,Combined TRACON& Tower with Radar,20,60,31,4,115,0,4,4,4,12,20,64,35,8,127,27,4,31,158
03/21/2018,CAK,OH,AGL,CE,Combined TRACON& Tower with Radar,16,49,19,6,90,0,0,14,10,24,16,49,33,16,114,67,6,73,187
03/22/2018,CAK,OH,AGL,CE,Combined TRACON& Tower with Radar,18,58,65,8,149,0,1,31,8,40,18,59,96,16,189,82,6,88,277
03/23/2018,CAK,OH,AGL,CE,Combined TRACON& Tower with Radar,17,58,44,4,123,0,1,36,4,41,17,59,80,8,164,80,0,80,244
03/24/2018,CAK,OH,AGL,CE,Combined TRACON& Tower with Radar,12,39,36,0,87,0,0,20,0,20,12,39,56,0,107,32,0,32,139
03/25/2018,CAK,OH,AGL,CE,Combined TRACON& Tower with Radar,18,46,37,0,101,0,1,25,0,26,18,47,62,0,127,20,0,20,147
03/26/2018,CAK,OH,AGL,CE,Combined TRACON& Tower with Radar,17,50,41,0,108,0,0,27,0,27,17,50,68,0,135,25,0,25,160
03/27/2018,CAK,OH,AGL,CE,Combined TRACON& Tower with Radar,19,63,29,0,111,0,0,0,0,0,19,63,29,0,111,3,0,3,114
03/28/2018,CAK,OH,AGL,CE,Combined TRACON& Tower with Radar,16,56,37,0,109,0,0,0,0,0,16,56,37,0,109,17,0,17,126
03/29/2018,CAK,OH,AGL,CE,Combined TRACON& Tower with Radar,19,59,25,0,103,0,0,0,0,0,19,59,25,0,103,7,0,7,110
03/30/2018,CAK,OH,AGL,CE,Combined TRACON& Tower with Radar,17,49,24,5,95,0,0,18,1,19,17,49,42,6,114,27,12,39,153
03/31/2018,CAK,OH,AGL,CE,Combined TRACON& Tower with Radar,14,30,33,0,77,0,0,25,0,25,14,30,58,0,102,36,0,36,138
04/01/2018,CAK,OH,AGL,CE,Combined TRACON& Tower with Radar,20,41,23,0,84,0,0,12,0,12,20,41,35,0,96,8,0,8,104
04/02/2018,CAK,OH,AGL,CE,Combined TRACON& Tower with Radar,15,54,64,0,133,0,0,39,0,39,15,54,103,0,172,65,0,65,237
04/03/2018,CAK,OH,AGL,CE,Combined TRACON& Tower with Radar,33,50,31,0,114,0,0,0,0,0,33,50,31,0,114,8,0,8,122
04/04/2018,CAK,OH,AGL,CE,Combined TRACON& Tower with Radar,26,43,17,3,89,0,0,2,1,3,26,43,19,4,92,9,18,27,119
04/05/2018,CAK,OH,AGL,CE,Combined TRACON& Tower with Radar,28,50,70,6,154,0,0,31,8,39,28,50,101,14,193,60,2,62,255
04/06/2018,CAK,OH,AGL,CE,Combined TRACON& Tower with Radar,26,52,24,1,103,0,0,5,3,8,26,52,29,4,111,19,0,19,130
04/07/2018,CAK,OH,AGL,CE,Combined TRACON& Tower with Radar,20,33,46,8,107,0,0,30,18,48,20,33,76,26,155,46,8,54,209
04/08/2018,CAK,OH,AGL,CE,Combined TRACON& Tower with Radar,27,36,38,0,101,0,0,42,0,42,27,36,80,0,143,68,0,68,211
04/09/2018,CAK,OH,AGL,CE,Combined TRACON& Tower with Radar,27,38,39,0,104,0,0,8,0,8,27,38,47,0,112,28,16,44,156
04/10/2018,CAK,OH,AGL,CE,Combined TRACON& Tower with Radar,27,49,71,3,150,0,1,41,9,51,27,50,112,12,201,125,0,125,326
04/11/2018,CAK,OH,AGL,CE,Combined TRACON& Tower with Radar,28,53,58,8,147,0,0,25,6,31,28,53,83,14,178,66,10,76,254
04/12/2018,CAK,OH,AGL,CE,Combined TRACON& Tower with Radar,22,52,43,3,120,0,0,4,3,7,22,52,47,6,127,3,0,3,130
04/13/2018,CAK,OH,AGL,CE,Combined TRACON& Tower with Radar,24,48,26,3,101,0,2,13,3,18,24,50,39,6,119,20,0,20,139
04/14/2018,CAK,OH,AGL,CE,Combined TRACON& Tower with Radar,18,39,20,0,77,0,1,12,0,13,18,40,32,0,90,27,0,27,117
04/15/2018,CAK,OH,AGL,CE,Combined TRACON& Tower with Radar,22,30,15,0,67,0,0,0,0,0,22,30,15,0,67,1,0,1,68
04/16/2018,CAK,OH,AGL,CE,Combined TRACON& Tower with Radar,24,42,22,0,88,0,1,2,1,4,24,43,24,1,92,2,0,2,94
04/17/2018,CAK,OH,AGL,CE,Combined TRACON& Tower with Radar,24,50,24,0,98,0,0,2,0,2,24,50,26,0,100,8,0,8,108
04/18/2018,CAK,OH,AGL,CE,Combined TRACON& Tower with Radar,22,50,76,4,152,0,0,47,4,51,22,50,123,8,203,54,0,54,257
04/19/2018,CAK,OH,AGL,CE,Combined TRACON& Tower with Radar,24,44,46,0,114,0,0,10,0,10,24,44,56,0,124,26,0,26,150
04/20/2018,CAK,OH,AGL,CE,Combined TRACON& Tower with Radar,24,50,70,0,144,0,1,48,0,49,24,51,118,0,193,108,0,108,301
04/21/2018,CAK,OH,AGL,CE,Combined TRACON& Tower with Radar,18,39,44,0,101,0,2,48,1,51,18,41,92,1,152,106,0,106,258
04/22/2018,CAK,OH,AGL,CE,Combined TRACON& Tower with Radar,21,37,65,0,123,0,0,51,0,51,21,37,116,0,174,56,0,56,230
04/23/2018,CAK,OH,AGL,CE,Combined TRACON& Tower with Radar,25,43,51,2,121,0,3,25,0,28,25,46,76,2,149,59,0,59,208
04/24/2018,CAK,OH,AGL,CE,Combined TRACON& Tower with Radar,24,61,49,2,136,0,3,0,0,3,24,64,49,2,139,52,0,52,191
04/25/2018,CAK,OH,AGL,CE,Combined TRACON& Tower with Radar,22,56,40,0,118,0,0,2,0,2,22,56,42,0,120,15,0,15,135
04/26/2018,CAK,OH,AGL,CE,Combined TRACON& Tower with Radar,23,52,77,6,158,0,1,46,11,58,23,53,123,17,216,115,0,115,331
04/27/2018,CAK,OH,AGL,CE,Combined TRACON& Tower with Radar,24,51,46,2,123,0,4,29,5,38,24,55,75,7,161,65,0,65,226
04/28/2018,CAK,OH,AGL,CE,Combined TRACON& Tower with Radar,20,33,9,1,63,0,0,6,1,7,20,33,15,2,70,6,0,6,76
04/29/2018,CAK,OH,AGL,CE,Combined TRACON& Tower with Radar,24,37,43,0,104,0,1,42,0,43,24,38,85,0,147,91,0,91,238
04/30/2018,CAK,OH,AGL,CE,Combined TRACON& Tower with Radar,22,46,53,6,127,0,0,47,0,47,22,46,100,6,174,96,0,96,270
05/01/2018,CAK,OH,AGL,CE,Combined TRACON& Tower with Radar,22,50,48,8,128,0,0,33,6,39,22,50,81,14,167,60,0,60,227
05/02/2018,CAK,OH,AGL,CE,Combined TRACON& Tower with Radar,19,55,35,6,115,0,2,19,8,29,19,57,54,14,144,31,0,31,175
05/03/2018,CAK,OH,AGL,CE,Combined TRACON& Tower with Radar,23,58,43,10,134,0,0,7,4,11,23,58,50,14,145,11,0,11,156
05/04/2018,CAK,OH,AGL,CE,Combined TRACON& Tower with Radar,23,61,31,0,115,0,0,4,0,4,23,61,35,0,119,8,0,8,127
05/05/2018,CAK,OH,AGL,CE,Combined TRACON& Tower with Radar,18,40,49,1,108,0,0,34,3,37,18,40,83,4,145,91,0,91,236
05/06/2018,CAK,OH,AGL,CE,Combined TRACON& Tower with Radar,20,36,42,4,102,0,2,29,0,31,20,38,71,4,133,39,0,39,172
05/07/2018,CAK,OH,AGL,CE,Combined TRACON& Tower with Radar,18,50,45,1,114,0,0,30,2,32,18,50,75,3,146,84,0,84,230
05/08/2018,CAK,OH,AGL,CE,Combined TRACON& Tower with Radar,18,59,67,7,151,0,2,52,5,59,18,61,119,12,210,141,0,141,351
05/09/2018,CAK,OH,AGL,CE,Combined TRACON& Tower with Radar,20,46,79,3,148,0,0,34,5,39,20,46,113,8,187,64,0,64,251
05/10/2018,CAK,OH,AGL,CE,Combined TRACON& Tower with Radar,18,58,54,4,134,0,2,25,10,37,18,60,79,14,171,47,0,47,218
05/11/2018,CAK,OH,AGL,CE,Combined TRACON& Tower with Radar,24,52,52,3,131,0,3,29,1,33,24,55,81,4,164,58,0,58,222
05/12/2018,CAK,OH,AGL,CE,Combined TRACON& Tower with Radar,18,31,20,0,69,0,2,9,0,11,18,33,29,0,80,15,0,15,95
05/13/2018,CAK,OH,AGL,CE,Combined TRACON& Tower with Radar,22,36,15,0,73,0,0,1,4,5,22,36,16,4,78,2,0,2,80
05/14/2018,CAK,OH,AGL,CE,Combined TRACON& Tower with Radar,19,52,42,3,116,0,0,17,5,22,19,52,59,8,138,37,0,37,175
05/15/2018,CAK,OH,AGL,CE,Combined TRACON& Tower with Radar,16,49,45,3,113,0,0,6,7,13,16,49,51,10,126,23,0,23,149
05/16/2018,CAK,OH,AGL,CE,Combined TRACON& Tower with Radar,19,59,49,8,135,0,0,26,2,28,19,59,75,10,163,62,0,62,225
05/17/2018,CAK,OH,AGL,CE,Combined TRACON& Tower with Radar,17,53,59,4,133,0,0,41,4,45,17,53,100,8,178,73,2,75,253
05/18/2018,CAK,OH,AGL,CE,Combined TRACON& Tower with Radar,24,49,21,1,95,0,0,13,4,17,24,49,34,5,112,22,0,22,134
05/19/2018,CAK,OH,AGL,CE,Combined TRACON& Tower with Radar,18,39,20,1,78,0,3,1,3,7,18,42,21,4,85,32,10,42,127
05/20/2018,CAK,OH,AGL,CE,Combined TRACON& Tower with Radar,19,44,47,3,113,0,0,12,1,13,19,44,59,4,126,19,0,19,145
05/21/2018,CAK,OH,AGL,CE,Combined TRACON& Tower with Radar,22,37,46,2,107,0,0,24,4,28,22,37,70,6,135,33,0,33,168
05/22/2018,CAK,OH,AGL,CE,Combined TRACON& Tower with Radar,21,39,36,0,96,0,0,12,0,12,21,39,48,0,108,21,0,21,129
05/23/2018,CAK,OH,AGL,CE,Combined TRACON& Tower with Radar,18,53,55,20,146,0,3,30,8,41,18,56,85,28,187,111,0,111,298
05/24/2018,CAK,OH,AGL,CE,Combined TRACON& Tower with Radar,20,52,70,5,147,0,3,46,5,54,20,55,116,10,201,106,0,106,307
05/25/2018,CAK,OH,AGL,CE,Combined TRACON& Tower with Radar,20,49,47,5,121,0,8,48,2,58,20,57,95,7,179,78,0,78,257
05/26/2018,CAK,OH,AGL,CE,Combined TRACON& Tower with Radar,22,34,35,0,91,0,0,22,1,23,22,34,57,1,114,36,0,36,150
05/27/2018,CAK,OH,AGL,CE,Combined TRACON& Tower with Radar,18,33,36,0,87,0,0,20,0,20,18,33,56,0,107,18,0,18,125
05/28/2018,CAK,OH,AGL,CE,Combined TRACON& Tower with Radar,22,35,24,1,82,0,0,30,2,32,22,35,54,3,114,2,0,2,116
05/29/2018,CAK,OH,AGL,CE,Combined TRACON& Tower with Radar,24,45,63,11,143,0,3,45,8,56,24,48,108,19,199,87,10,97,296
05/30/2018,CAK,OH,AGL,CE,Combined TRACON& Tower with Radar,20,47,42,3,112,0,3,11,3,17,20,50,53,6,129,40,2,42,171
05/31/2018,CAK,OH,AGL,CE,Combined TRACON& Tower with Radar,19,48,51,1,119,0,0,5,5,10,19,48,56,6,129,27,6,33,162
06/01/2018,CAK,OH,AGL,CE,Combined TRACON& Tower with Radar,21,50,49,6,126,0,0,15,14,29,21,50,64,20,155,26,0,26,181
06/02/2018,CAK,OH,AGL,CE,Combined TRACON& Tower with Radar,20,38,43,2,103,0,0,15,6,21,20,38,58,8,124,38,10,48,172
06/03/2018,CAK,OH,AGL,CE,Combined TRACON& Tower with Radar,20,31,35,0,86,0,2,19,4,25,20,33,54,4,111,13,0,13,124
06/04/2018,CAK,OH,AGL,CE,Combined TRACON& Tower with Radar,22,46,54,4,126,0,1,22,2,25,22,47,76,6,151,44,0,44,195
06/05/2018,CAK,OH,AGL,CE,Combined TRACON& Tower with Radar,20,53,70,3,146,0,0,18,3,21,20,53,88,6,167,34,0,34,201
06/06/2018,CAK,OH,AGL,CE,Combined TRACON& Tower with Radar,20,55,64,1,140,0,1,40,5,46,20,56,104,6,186,122,0,122,308
06/07/2018,CAK,OH,AGL,CE,Combined TRACON& Tower with Radar,22,56,71,5,154,0,2,42,5,49,22,58,113,10,203,72,4,76,279
06/08/2018,CAK,OH,AGL,CE,Combined TRACON& Tower with Radar,22,57,40,2,121,0,0,19,0,19,22,57,59,2,140,54,0,54,194
06/09/2018,CAK,OH,AGL,CE,Combined TRACON& Tower with Radar,16,37,22,0,75,0,0,14,0,14,16,37,36,0,89,38,0,38,127
06/10/2018,CAK,OH,AGL,CE,Combined TRACON& Tower with Radar,26,36,27,0,89,0,0,4,0,4,26,36,31,0,93,5,0,5,98
06/11/2018,CAK,OH,AGL,CE,Combined TRACON& Tower with Radar,21,53,54,7,135,0,0,14,2,16,21,53,68,9,151,40,0,40,191
06/12/2018,CAK,OH,AGL,CE,Combined TRACON& Tower with Radar,24,55,52,3,134,0,2,19,12,33,24,57,71,15,167,38,0,38,205
06/13/2018,CAK,OH,AGL,CE,Combined TRACON& Tower with Radar,25,54,41,11,131,0,0,5,4,9,25,54,46,15,140,24,0,24,164
06/14/2018,CAK,OH,AGL,CE,Combined TRACON& Tower with Radar,23,53,75,4,155,0,7,58,6,71,23,60,133,10,226,67,0,67,293
06/15/2018,CAK,OH,AGL,CE,Combined TRACON& Tower with Radar,19,45,74,3,141,0,1,62,3,66,19,46,136,6,207,102,0,102,309
06/16/2018,CAK,OH,AGL,CE,Combined TRACON& Tower with Radar,18,36,31,0,85,0,0,38,0,38,18,36,69,0,123,38,0,38,161
06/17/2018,CAK,OH,AGL,CE,Combined TRACON& Tower with Radar,19,28,35,2,84,0,0,29,2,31,19,28,64,4,115,22,0,22,137
06/18/2018,CAK,OH,AGL,CE,Combined TRACON& Tower with Radar,19,35,38,14,106,0,3,26,0,29,19,38,64,14,135,34,10,44,179
06/19/2018,CAK,OH,AGL,CE,Combined TRACON& Tower with Radar,19,49,58,2,128,0,2,11,0,13,19,51,69,2,141,28,0,28,169
06/20/2018,CAK,OH,AGL,CE,Combined TRACON& Tower with Radar,22,72,56,4,154,0,0,5,6,11,22,72,61,10,165,64,0,64,229
06/21/2018,CAK,OH,AGL,CE,Combined TRACON& Tower with Radar,22,50,72,10,154,0,0,44,4,48,22,50,116,14,202,76,0,76,278
06/22/2018,CAK,OH,AGL,CE,Combined TRACON& Tower with Radar,24,57,27,0,108,0,0,0,0,0,24,57,27,0,108,20,0,20,128
06/23/2018,CAK,OH,AGL,CE,Combined TRACON& Tower with Radar,23,39,26,0,88,0,1,2,0,3,23,40,28,0,91,35,0,35,126
06/24/2018,CAK,OH,AGL,CE,Combined TRACON& Tower with Radar,22,42,54,0,118,0,0,16,5,21,22,42,70,5,139,14,0,14,153
06/25/2018,CAK,OH,AGL,CE,Combined TRACON& Tower with Radar,21,42,54,2,119,0,0,57,6,63,21,42,111,8,182,127,0,127,309
06/26/2018,CAK,OH,AGL,CE,Combined TRACON& Tower with Radar,27,59,56,8,150,0,3,28,16,47,27,62,84,24,197,36,14,50,247
06/27/2018,CAK,OH,AGL,CE,Combined TRACON& Tower with Radar,22,63,31,2,118,0,0,16,0,16,22,63,47,2,134,9,0,9,143
06/28/2018,CAK,OH,AGL,CE,Combined TRACON& Tower with Radar,22,60,73,9,164,0,2,43,8,53,22,62,116,17,217,149,10,159,376
06/29/2018,CAK,OH,AGL,CE,Combined TRACON& Tower with Radar,23,50,46,5,124,0,0,43,4,47,23,50,89,9,171,48,0,48,219
06/30/2018,CAK,OH,AGL,CE,Combined TRACON& Tower with Radar,21,41,29,2,93,0,0,31,2,33,21,41,60,4,126,49,0,49,175
07/01/2018,CAK,OH,AGL,CE,Combined TRACON& Tower with Radar,22,37,41,1,101,0,0,24,2,26,22,37,65,3,127,18,0,18,145
07/02/2018,CAK,OH,AGL,CE,Combined TRACON& Tower with Radar,20,44,30,1,95,0,0,6,1,7,20,44,36,2,102,10,0,10,112
07/03/2018,CAK,OH,AGL,CE,Combined TRACON& Tower with Radar,18,48,23,0,89,0,0,15,2,17,18,48,38,2,106,23,0,23,129
07/04/2018,CAK,OH,AGL,CE,Combined TRACON& Tower with Radar,17,38,17,0,72,0,1,8,0,9,17,39,25,0,81,14,0,14,95
07/05/2018,CAK,OH,AGL,CE,Combined TRACON& Tower with Radar,19,55,37,0,111,0,1,14,0,15,19,56,51,0,126,10,0,10,136
07/06/2018,CAK,OH,AGL,CE,Combined TRACON& Tower with Radar,19,46,48,2,115,0,2,44,2,48,19,48,92,4,163,121,0,121,284
07/07/2018,CAK,OH,AGL,CE,Combined TRACON& Tower with Radar,21,31,32,0,84,0,2,33,0,35,21,33,65,0,119,23,0,23,142
07/08/2018,CAK,OH,AGL,CE,Combined TRACON& Tower with Radar,20,35,65,2,122,0,0,60,2,62,20,35,125,4,184,46,0,46,230
07/09/2018,CAK,OH,AGL,CE,Combined TRACON& Tower with Radar,19,41,53,9,122,0,2,49,9,60,19,43,102,18,182,23,0,23,205
07/10/2018,CAK,OH,AGL,CE,Combined TRACON& Tower with Radar,21,56,53,8,138,0,3,30,9,42,21,59,83,17,180,43,0,43,223
07/11/2018,CAK,OH,AGL,CE,Combined TRACON& Tower with Radar,22,60,81,5,168,0,0,61,8,69,22,60,142,13,237,66,16,82,319
07/12/2018,CAK,OH,AGL,CE,Combined TRACON& Tower with Radar,18,55,71,6,150,0,2,39,16,57,18,57,110,22,207,91,0,91,298
07/13/2018,CAK,OH,AGL,CE,Combined TRACON& Tower with Radar,25,57,51,1,134,0,1,30,8,39,25,58,81,9,173,43,0,43,216
07/14/2018,CAK,OH,AGL,CE,Combined TRACON& Tower with Radar,17,29,39,0,85,0,3,42,2,47,17,32,81,2,132,42,0,42,174
07/15/2018,CAK,OH,AGL,CE,Combined TRACON& Tower with Radar,21,42,41,0,104,0,1,24,0,25,21,43,65,0,129,30,0,30,159
07/16/2018,CAK,OH,AGL,CE,Combined TRACON& Tower with Radar,19,44,45,0,108,0,0,18,0,18,19,44,63,0,126,19,0,19,145
07/17/2018,CAK,OH,AGL,CE,Combined TRACON& Tower with Radar,22,75,79,9,185,0,5,20,7,32,22,80,99,16,217,86,0,86,303
07/18/2018,CAK,OH,AGL,CE,Combined TRACON& Tower with Radar,20,53,52,3,128,0,2,66,10,78,20,55,118,13,206,54,2,56,262
07/19/2018,CAK,OH,AGL,CE,Combined TRACON& Tower with Radar,22,59,74,1,156,0,6,59,5,70,22,65,133,6,226,58,0,58,284
07/20/2018,CAK,OH,AGL,CE,Combined TRACON& Tower with Radar,19,50,33,2,104,0,0,14,2,16,19,50,47,4,120,29,0,29,149
07/21/2018,CAK,OH,AGL,CE,Combined TRACON& Tower with Radar,17,39,31,0,87,0,1,6,0,7,17,40,37,0,94,54,0,54,148
07/22/2018,CAK,OH,AGL,CE,Combined TRACON& Tower with Radar,23,40,46,4,113,0,0,17,4,21,23,40,63,8,134,9,0,9,143
07/23/2018,CAK,OH,AGL,CE,Combined TRACON& Tower with Radar,17,42,54,1,114,0,0,8,1,9,17,42,62,2,123,24,0,24,147
07/24/2018,CAK,OH,AGL,CE,Combined TRACON& Tower with Radar,23,58,46,1,128,0,0,10,1,11,23,58,56,2,139,14,4,18,157
07/25/2018,CAK,OH,AGL,CE,Combined TRACON& Tower with Radar,21,61,48,5,135,0,1,18,6,25,21,62,66,11,160,42,0,42,202
07/26/2018,CAK,OH,AGL,CE,Combined TRACON& Tower with Radar,20,60,73,8,161,0,0,27,3,30,20,60,100,11,191,55,20,75,266
07/27/2018,CAK,OH,AGL,CE,Combined TRACON& Tower with Radar,20,51,75,2,148,0,0,34,2,36,20,51,109,4,184,42,0,42,226
07/28/2018,CAK,OH,AGL,CE,Combined TRACON& Tower with Radar,17,37,61,3,118,0,1,43,0,44,17,38,104,3,162,42,0,42,204
07/29/2018,CAK,OH,AGL,CE,Combined TRACON& Tower with Radar,21,37,35,0,93,0,0,25,4,29,21,37,60,4,122,13,8,21,143
07/30/2018,CAK,OH,AGL,CE,Combined TRACON& Tower with Radar,21,67,65,2,155,0,2,29,1,32,21,69,94,3,187,47,0,47,234
07/31/2018,CAK,OH,AGL,CE,Combined TRACON& Tower with Radar,18,67,51,0,136,0,0,15,0,15,18,67,66,0,151,22,0,22,173
08/01/2018,CAK,OH,AGL,CE,Combined TRACON& Tower with Radar,24,64,63,3,154,0,0,12,1,13,24,64,75,4,167,48,0,48,215
08/02/2018,CAK,OH,AGL,CE,Combined TRACON& Tower with Radar,19,73,88,2,182,0,0,41,1,42,19,73,129,3,224,89,0,89,313
08/03/2018,CAK,OH,AGL,CE,Combined TRACON& Tower with Radar,23,61,75,1,160,0,7,47,3,57,23,68,122,4,217,64,0,64,281
08/04/2018,CAK,OH,AGL,CE,Combined TRACON& Tower with Radar,16,49,60,0,125,0,2,39,0,41,16,51,99,0,166,45,0,45,211
08/05/2018,CAK,OH,AGL,CE,Combined TRACON& Tower with Radar,20,81,70,4,175,0,0,35,0,35,20,81,105,4,210,24,6,30,240
08/06/2018,CAK,OH,AGL,CE,Combined TRACON& Tower with Radar,19,53,65,1,138,0,5,28,7,40,19,58,93,8,178,50,2,52,230
08/07/2018,CAK,OH,AGL,CE,Combined TRACON& Tower with Radar,23,51,45,2,121,0,2,20,10,32,23,53,65,12,153,25,4,29,182
08/08/2018,CAK,OH,AGL,CE,Combined TRACON& Tower with Radar,19,61,61,1,142,0,0,8,2,10,19,61,69,3,152,30,0,30,182
08/09/2018,CAK,OH,AGL,CE,Combined TRACON& Tower with Radar,20,61,68,9,158,0,3,30,8,41,20,64,98,17,199,80,0,80,279
08/10/2018,CAK,OH,AGL,CE,Combined TRACON& Tower with Radar,20,53,48,2,123,0,2,15,2,19,20,55,63,4,142,52,0,52,194
08/11/2018,CAK,OH,AGL,CE,Combined TRACON& Tower with Radar,17,25,55,0,97,0,0,55,5,60,17,25,110,5,157,50,0,50,207
08/12/2018,CAK,OH,AGL,CE,Combined TRACON& Tower with Radar,22,36,49,0,107,0,0,53,1,54,22,36,102,1,161,54,0,54,215
08/13/2018,CAK,OH,AGL,CE,Combined TRACON& Tower with Radar,20,45,42,2,109,0,3,31,7,41,20,48,73,9,150,28,10,38,188
08/14/2018,CAK,OH,AGL,CE,Combined TRACON& Tower with Radar,20,55,50,1,126,0,3,42,9,54,20,58,92,10,180,63,0,63,243
08/15/2018,CAK,OH,AGL,CE,Combined TRACON& Tower with Radar,20,54,55,5,134,0,3,47,3,53,20,57,102,8,187,43,0,43,230
08/16/2018,CAK,OH,AGL,CE,Combined TRACON& Tower with Radar,19,56,38,0,113,0,2,6,3,11,19,58,44,3,124,16,0,16,140
08/17/2018,CAK,OH,AGL,CE,Combined TRACON& Tower with Radar,20,57,29,0,106,0,2,4,2,8,20,59,33,2,114,17,0,17,131
08/18/2018,CAK,OH,AGL,CE,Combined TRACON& Tower with Radar,16,40,26,2,84,0,0,2,2,4,16,40,28,4,88,16,0,16,104
08/19/2018,CAK,OH,AGL,CE,Combined TRACON& Tower with Radar,19,46,29,0,94,0,3,46,0,49,19,49,75,0,143,23,0,23,166
08/20/2018,CAK,OH,AGL,CE,Combined TRACON& Tower with Radar,19,45,58,7,129,0,2,34,7,43,19,47,92,14,172,33,0,33,205
08/21/2018,CAK,OH,AGL,CE,Combined TRACON& Tower with Radar,17,56,23,4,100,0,2,7,6,15,17,58,30,10,115,13,6,19,134
08/22/2018,CAK,OH,AGL,CE,Combined TRACON& Tower with Radar,18,63,73,14,168,0,0,28,4,32,18,63,101,18,200,77,0,77,277
08/23/2018,CAK,OH,AGL,CE,Combined TRACON& Tower with Radar,18,61,62,4,145,0,4,50,16,70,18,65,112,20,215,61,2,63,278
08/24/2018,CAK,OH,AGL,CE,Combined TRACON& Tower with Radar,18,60,74,1,153,0,3,38,5,46,18,63,112,6,199,96,0,96,295
08/25/2018,CAK,OH,AGL,CE,Combined TRACON& Tower with Radar,10,44,23,1,78,0,0,16,0,16,10,44,39,1,94,43,2,45,139
08/26/2018,CAK,OH,AGL,CE,Combined TRACON& Tower with Radar,16,41,65,0,122,0,0,12,8,20,16,41,77,8,142,50,0,50,192
08/27/2018,CAK,OH,AGL,CE,Combined TRACON& Tower with Radar,15,52,58,2,127,0,0,27,5,32,15,52,85,7,159,36,0,36,195
08/28/2018,CAK,OH,AGL,CE,Combined TRACON& Tower with Radar,19,66,47,2,134,0,1,26,8,35,19,67,73,10,169,41,0,41,210
08/29/2018,CAK,OH,AGL,CE,Combined TRACON& Tower with Radar,16,63,52,4,135,0,1,23,1,25,16,64,75,5,160,26,2,28,188
08/30/2018,CAK,OH,AGL,CE,Combined TRACON& Tower with Radar,18,69,66,7,160,0,0,22,7,29,18,69,88,14,189,84,0,84,273
08/31/2018,CAK,OH,AGL,CE,Combined TRACON& Tower with Radar,21,57,44,2,124,0,3,39,7,49,21,60,83,9,173,85,0,85,258
09/01/2018,CAK,OH,AGL,CE,Combined TRACON& Tower with Radar,10,46,15,0,71,0,1,21,0,22,10,47,36,0,93,30,0,30,123
09/02/2018,CAK,OH,AGL,CE,Combined TRACON& Tower with Radar,12,25,20,1,58,0,3,21,7,31,12,28,41,8,89,19,0,19,108
09/03/2018,CAK,OH,AGL,CE,Combined TRACON& Tower with Radar,16,32,36,0,84,0,0,16,4,20,16,32,52,4,104,4,0,4,108
09/04/2018,CAK,OH,AGL,CE,Combined TRACON& Tower with Radar,16,63,66,17,162,0,7,33,6,46,16,70,99,23,208,33,15,48,256
09/05/2018,CAK,OH,AGL,CE,Combined TRACON& Tower with Radar,18,66,42,4,130,0,8,31,10,49,18,74,73,14,179,44,4,48,227
09/06/2018,CAK,OH,AGL,CE,Combined TRACON& Tower with Radar,13,62,44,0,119,0,2,17,5,24,13,64,61,5,143,9,0,9,152
09/07/2018,CAK,OH,AGL,CE,Combined TRACON& Tower with Radar,17,65,51,7,140,0,2,34,6,42,17,67,85,13,182,41,0,41,223
09/08/2018,CAK,OH,AGL,CE,Combined TRACON& Tower with Radar,12,45,22,0,79,0,0,3,0,3,12,45,25,0,82,14,0,14,96
09/09/2018,CAK,OH,AGL,CE,Combined TRACON& Tower with Radar,15,44,19,2,80,0,0,0,0,0,15,44,19,2,80,0,0,0,80
09/10/2018,CAK,OH,AGL,CE,Combined TRACON& Tower with Radar,17,57,39,1,114,0,0,1,0,1,17,57,40,1,115,3,0,3,118
09/11/2018,CAK,OH,AGL,CE,Combined TRACON& Tower with Radar,13,80,55,6,154,0,2,14,2,18,13,82,69,8,172,38,6,44,216
09/12/2018,CAK,OH,AGL,CE,Combined TRACON& Tower with Radar,16,71,74,6,167,0,20,38,3,61,16,91,112,9,228,63,0,63,291
09/13/2018,CAK,OH,AGL,CE,Combined TRACON& Tower with Radar,17,84,71,3,175,0,0,15,5,20,17,84,86,8,195,23,0,23,218
09/14/2018,CAK,OH,AGL,CE,Combined TRACON& Tower with Radar,18,77,59,5,159,0,9,40,1,50,18,86,99,6,209,74,0,74,283
09/15/2018,CAK,OH,AGL,CE,Combined TRACON& Tower with Radar,9,48,39,0,96,0,9,25,1,35,9,57,64,1,131,50,0,50,181
09/16/2018,CAK,OH,AGL,CE,Combined TRACON& Tower with Radar,17,41,47,1,106,0,7,32,0,39,17,48,79,1,145,105,0,105,250
09/17/2018,CAK,OH,AGL,CE,Combined TRACON& Tower with Radar,18,55,37,0,110,0,0,2,4,6,18,55,39,4,116,10,0,10,126
09/18/2018,CAK,OH,AGL,CE,Combined TRACON& Tower with Radar,15,62,64,5,146,0,6,23,5,34,15,68,87,10,180,62,45,107,287
09/19/2018,CAK,OH,AGL,CE,Combined TRACON& Tower with Radar,15,59,67,8,149,0,10,28,6,44,15,69,95,14,193,81,0,81,274
09/20/2018,CAK,OH,AGL,CE,Combined TRACON& Tower with Radar,16,68,39,3,126,0,6,22,2,30,16,74,61,5,156,31,0,31,187
09/21/2018,CAK,OH,AGL,CE,Combined TRACON& Tower with Radar,21,57,28,1,107,0,7,11,1,19,21,64,39,2,126,31,0,31,157
09/22/2018,CAK,OH,AGL,CE,Combined TRACON& Tower with Radar,17,49,26,2,94,0,4,18,2,24,17,53,44,4,118,61,0,61,179
09/23/2018,CAK,OH,AGL,CE,Combined TRACON& Tower with Radar,16,39,48,2,105,0,6,38,0,44,16,45,86,2,149,65,0,65,214
09/24/2018,CAK,OH,AGL,CE,Combined TRACON& Tower with Radar,16,76,27,3,122,0,0,3,0,3,16,76,30,3,125,13,0,13,138
09/25/2018,CAK,OH,AGL,CE,Combined TRACON& Tower with Radar,16,67,22,0,105,0,0,0,0,0,16,67,22,0,105,15,0,15,120
09/26/2018,CAK,OH,AGL,CE,Combined TRACON& Tower with Radar,16,80,44,5,145,0,4,4,5,13,16,84,48,10,158,29,0,29,187
09/27/2018,CAK,OH,AGL,CE,Combined TRACON& Tower with Radar,18,81,61,2,162,0,13,21,6,40,18,94,82,8,202,93,0,93,295
09/28/2018,CAK,OH,AGL,CE,Combined TRACON& Tower with Radar,18,67,52,1,138,0,12,41,3,56,18,79,93,4,194,103,0,103,297
09/29/2018,CAK,OH,AGL,CE,Combined TRACON& Tower with Radar,10,38,40,0,88,0,6,37,0,43,10,44,77,0,131,89,0,89,220
09/30/2018,CAK,OH,AGL,CE,Combined TRACON& Tower with Radar,16,48,47,0,111,0,8,28,0,36,16,56,75,0,147,26,0,26,173
10/01/2018,CAK,OH,AGL,CE,Combined TRACON& Tower with Radar,16,54,34,3,107,0,9,15,3,27,16,63,49,6,134,42,6,48,182
10/02/2018,CAK,OH,AGL,CE,Combined TRACON& Tower with Radar,15,59,40,3,117,0,4,5,7,16,15,63,45,10,133,18,12,30,163
10/03/2018,CAK,OH,AGL,CE,Combined TRACON& Tower with Radar,16,75,59,5,155,0,5,14,7,26,16,80,73,12,181,74,16,90,271
10/04/2018,CAK,OH,AGL,CE,Combined TRACON& Tower with Radar,16,66,35,2,119,0,1,0,2,3,16,67,35,4,122,10,0,10,132
10/05/2018,CAK,OH,AGL,CE,Combined TRACON& Tower with Radar,17,70,48,0,135,0,1,5,0,6,17,71,53,0,141,28,0,28,169
10/06/2018,CAK,OH,AGL,CE,Combined TRACON& Tower with Radar,16,39,20,0,75,0,1,6,0,7,16,40,26,0,82,15,0,15,97
10/07/2018,CAK,OH,AGL,CE,Combined TRACON& Tower with Radar,15,47,47,0,109,0,0,23,0,23,15,47,70,0,132,8,0,8,140
10/08/2018,CAK,OH,AGL,CE,Combined TRACON& Tower with Radar,18,46,36,0,100,0,17,17,2,36,18,63,53,2,136,26,0,26,162
10/09/2018,CAK,OH,AGL,CE,Combined TRACON& Tower with Radar,14,70,49,4,137,0,12,15,9,36,14,82,64,13,173,24,0,24,197
10/10/2018,CAK,OH,AGL,CE,Combined TRACON& Tower with Radar,14,73,44,4,135,0,4,23,6,33,14,77,67,10,168,36,2,38,206
10/11/2018,CAK,OH,AGL,CE,Combined TRACON& Tower with Radar,13,77,57,3,150,0,0,6,3,9,13,77,63,6,159,20,0,20,179
10/12/2018,CAK,OH,AGL,CE,Combined TRACON& Tower with Radar,18,80,44,3,145,0,6,24,3,33,18,86,68,6,178,53,0,53,231
10/13/2018,CAK,OH,AGL,CE,Combined TRACON& Tower with Radar,19,39,24,0,82,0,0,6,0,6,19,39,30,0,88,16,0,16,104
10/14/2018,CAK,OH,AGL,CE,Combined TRACON& Tower with Radar,15,46,60,0,121,0,0,41,2,43,15,46,101,2,164,21,0,21,185
10/15/2018,CAK,OH,AGL,CE,Combined TRACON& Tower with Radar,16,59,20,0,95,0,0,1,0,1,16,59,21,0,96,10,0,10,106
10/16/2018,CAK,OH,AGL,CE,Combined TRACON& Tower with Radar,17,97,39,1,154,0,14,31,1,46,17,111,70,2,200,72,0,72,272
10/17/2018,CAK,OH,AGL,CE,Combined TRACON& Tower with Radar,14,71,38,5,128,0,1,23,6,30,14,72,61,11,158,33,0,33,191
10/18/2018,CAK,OH,AGL,CE,Combined TRACON& Tower with Radar,17,76,48,6,147,0,9,33,6,48,17,85,81,12,195,76,0,76,271
10/19/2018,CAK,OH,AGL,CE,Combined TRACON& Tower with Radar,18,68,46,0,132,0,8,15,1,24,18,76,61,1,156,42,0,42,198
10/20/2018,CAK,OH,AGL,CE,Combined TRACON& Tower with Radar,17,35,17,0,69,0,0,2,0,2,17,35,19,0,71,16,0,16,87
10/21/2018,CAK,OH,AGL,CE,Combined TRACON& Tower with Radar,15,38,37,1,91,0,2,10,0,12,15,40,47,1,103,29,0,29,132
10/22/2018,CAK,OH,AGL,CE,Combined TRACON& Tower with Radar,16,61,46,1,124,0,15,31,1,47,16,76,77,2,171,85,0,85,256
10/23/2018,CAK,OH,AGL,CE,Combined TRACON& Tower with Radar,15,67,33,4,119,0,3,16,2,21,15,70,49,6,140,29,0,29,169
10/24/2018,CAK,OH,AGL,CE,Combined TRACON& Tower with Radar,15,67,27,10,119,0,4,7,9,20,15,71,34,19,139,26,30,56,195
10/25/2018,CAK,OH,AGL,CE,Combined TRACON& Tower with Radar,16,83,47,5,151,0,9,31,2,42,16,92,78,7,193,43,0,43,236
10/26/2018,CAK,OH,AGL,CE,Combined TRACON& Tower with Radar,15,74,26,1,116,0,7,16,1,24,15,81,42,2,140,40,0,40,180
10/27/2018,CAK,OH,AGL,CE,Combined TRACON& Tower with Radar,16,33,17,1,67,0,0,0,0,0,16,33,17,1,67,6,0,6,73
10/28/2018,CAK,OH,AGL,CE,Combined TRACON& Tower with Radar,17,46,31,0,94,0,0,1,1,2,17,46,32,1,96,6,0,6,102
10/29/2018,CAK,OH,AGL,CE,Combined TRACON& Tower with Radar,16,51,29,2,98,0,0,4,0,4,16,51,33,2,102,12,0,12,114
10/30/2018,CAK,OH,AGL,CE,Combined TRACON& Tower with Radar,16,80,58,6,160,0,23,30,5,58,16,103,88,11,218,136,0,136,354
10/31/2018,CAK,OH,AGL,CE,Combined TRACON& Tower with Radar,13,75,32,0,120,0,0,1,0,1,13,75,33,0,121,12,2,14,135
11/01/2018,CAK,OH,AGL,CE,Combined TRACON& Tower with Radar,22,70,43,0,135,0,0,0,0,0,22,70,43,0,135,6,0,6,141
11/02/2018,CAK,OH,AGL,CE,Combined TRACON& Tower with Radar,19,67,34,0,120,0,3,3,0,6,19,70,37,0,126,21,0,21,147
11/03/2018,CAK,OH,AGL,CE,Combined TRACON& Tower with Radar,15,37,20,0,72,0,3,17,0,20,15,40,37,0,92,27,0,27,119
11/04/2018,CAK,OH,AGL,CE,Combined TRACON& Tower with Radar,17,46,50,2,115,0,3,32,0,35,17,49,82,2,150,48,0,48,198
11/05/2018,CAK,OH,AGL,CE,Combined TRACON& Tower with Radar,17,62,35,0,114,0,5,18,0,23,17,67,53,0,137,31,10,41,178
11/06/2018,CAK,OH,AGL,CE,Combined TRACON& Tower with Radar,14,59,31,2,106,0,0,4,6,10,14,59,35,8,116,3,0,3,119
11/07/2018,CAK,OH,AGL,CE,Combined TRACON& Tower with Radar,17,69,38,9,133,0,7,15,3,25,17,76,53,12,158,43,4,47,205
11/08/2018,CAK,OH,AGL,CE,Combined TRACON& Tower with Radar,17,81,50,4,152,0,7,23,3,33,17,88,73,7,185,49,6,55,240
11/09/2018,CAK,OH,AGL,CE,Combined TRACON& Tower with Radar,17,72,30,0,119,0,0,0,0,0,17,72,30,0,119,24,0,24,143
11/10/2018,CAK,OH,AGL,CE,Combined TRACON& Tower with Radar,18,33,11,0,62,0,0,6,0,6,18,33,17,0,68,12,0,12,80
11/11/2018,CAK,OH,AGL,CE,Combined TRACON& Tower with Radar,18,54,54,1,127,0,6,39,0,45,18,60,93,1,172,29,0,29,201
11/12/2018,CAK,OH,AGL,CE,Combined TRACON& Tower with Radar,19,61,55,0,135,0,1,32,0,33,19,62,87,0,168,11,0,11,179
11/13/2018,CAK,OH,AGL,CE,Combined TRACON& Tower with Radar,19,65,35,2,121,0,2,1,8,11,19,67,36,10,132,4,8,12,144
11/14/2018,CAK,OH,AGL,CE,Combined TRACON& Tower with Radar,20,84,51,3,158,0,22,27,5,54,20,106,78,8,212,129,0,129,341
11/15/2018,CAK,OH,AGL,CE,Combined TRACON& Tower with Radar,18,64,22,0,104,0,2,0,0,2,18,66,22,0,106,12,0,12,118
11/16/2018,CAK,OH,AGL,CE,Combined TRACON& Tower with Radar,18,75,33,0,126,0,0,0,0,0,18,75,33,0,126,17,0,17,143
11/17/2018,CAK,OH,AGL,CE,Combined TRACON& Tower with Radar,18,33,26,0,77,0,0,8,7,15,18,33,34,7,92,18,0,18,110
11/18/2018,CAK,OH,AGL,CE,Combined TRACON& Tower with Radar,16,43,19,1,79,0,0,1,0,1,16,43,20,1,80,2,0,2,82
11/19/2018,CAK,OH,AGL,CE,Combined TRACON& Tower with Radar,16,63,23,0,102,0,0,0,0,0,16,63,23,0,102,0,0,0,102
11/20/2018,CAK,OH,AGL,CE,Combined TRACON& Tower with Radar,18,68,33,4,123,0,0,2,6,8,18,68,35,10,131,7,2,9,140
11/21/2018,CAK,OH,AGL,CE,Combined TRACON& Tower with Radar,20,62,29,1,112,0,0,1,0,1,20,62,30,1,113,18,14,32,145
11/22/2018,CAK,OH,AGL,CE,Combined TRACON& Tower with Radar,10,36,16,0,62,0,2,4,0,6,10,38,20,0,68,24,0,24,92
11/23/2018,CAK,OH,AGL,CE,Combined TRACON& Tower with Radar,22,51,41,0,114,0,1,50,2,53,22,52,91,2,167,26,0,26,193
11/24/2018,CAK,OH,AGL,CE,Combined TRACON& Tower with Radar,21,40,24,0,85,0,2,0,0,2,21,42,24,0,87,9,0,9,96
11/25/2018,CAK,OH,AGL,CE,Combined TRACON& Tower with Radar,21,51,60,0,132,0,2,9,2,13,21,53,69,2,145,16,0,16,161
11/26/2018,CAK,OH,AGL,CE,Combined TRACON& Tower with Radar,17,47,15,0,79,0,0,0,0,0,17,47,15,0,79,0,0,0,79
11/27/2018,CAK,OH,AGL,CE,Combined TRACON& Tower with Radar,12,66,30,1,109,0,0,5,5,10,12,66,35,6,119,6,0,6,125
11/28/2018,CAK,OH,AGL,CE,Combined TRACON& Tower with Radar,10,60,24,0,94,0,0,4,7,11,10,60,28,7,105,11,0,11,116
11/29/2018,CAK,OH,AGL,CE,Combined TRACON& Tower with Radar,16,73,45,2,136,0,2,7,4,13,16,75,52,6,149,29,3,32,181
11/30/2018,CAK,OH,AGL,CE,Combined TRACON& Tower with Radar,19,68,24,0,111,0,0,0,0,0,19,68,24,0,111,6,0,6,117
12/01/2018,CAK,OH,AGL,CE,Combined TRACON& Tower with Radar,16,44,16,0,76,0,0,0,0,0,16,44,16,0,76,8,0,8,84
12/02/2018,CAK,OH,AGL,CE,Combined TRACON& Tower with Radar,16,48,31,0,95,0,2,22,1,25,16,50,53,1,120,81,0,81,201
12/03/2018,CAK,OH,AGL,CE,Combined TRACON& Tower with Radar,17,54,45,0,116,0,0,0,0,0,17,54,45,0,116,25,0,25,141
12/04/2018,CAK,OH,AGL,CE,Combined TRACON& Tower with Radar,12,64,43,2,121,0,0,2,12,14,12,64,45,14,135,25,0,25,160
12/05/2018,CAK,OH,AGL,CE,Combined TRACON& Tower with Radar,15,60,25,1,101,0,0,2,0,2,15,60,27,1,103,6,0,6,109
12/06/2018,CAK,OH,AGL,CE,Combined TRACON& Tower with Radar,16,75,37,2,130,0,2,2,0,4,16,77,39,2,134,36,2,38,172
12/07/2018,CAK,OH,AGL,CE,Combined TRACON& Tower with Radar,16,71,30,3,120,0,22,15,6,43,16,93,45,9,163,152,0,152,315
12/08/2018,CAK,OH,AGL,CE,Combined TRACON& Tower with Radar,13,42,30,1,86,0,15,28,3,46,13,57,58,4,132,90,0,90,222
12/09/2018,CAK,OH,AGL,CE,Combined TRACON& Tower with Radar,10,52,39,0,101,0,8,20,0,28,10,60,59,0,129,53,0,53,182
12/10/2018,CAK,OH,AGL,CE,Combined TRACON& Tower with Radar,15,52,26,1,94,0,1,0,3,4,15,53,26,4,98,6,0,6,104
12/11/2018,CAK,OH,AGL,CE,Combined TRACON& Tower with Radar,16,95,36,1,148,0,9,12,2,23,16,104,48,3,171,56,0,56,227
12/12/2018,CAK,OH,AGL,CE,Combined TRACON& Tower with Radar,12,79,41,3,135,0,2,29,2,33,12,81,70,5,168,59,2,61,229
12/13/2018,CAK,OH,AGL,CE,Combined TRACON& Tower with Radar,16,84,44,6,150,0,11,21,6,38,16,95,65,12,188,63,2,65,253
12/14/2018,CAK,OH,AGL,CE,Combined TRACON& Tower with Radar,20,86,23,3,132,0,9,24,3,36,20,95,47,6,168,86,18,104,272
12/15/2018,CAK,OH,AGL,CE,Combined TRACON& Tower with Radar,16,45,20,0,81,0,0,6,0,6,16,45,26,0,87,29,0,29,116
12/16/2018,CAK,OH,AGL,CE,Combined TRACON& Tower with Radar,21,38,47,0,106,0,0,1,0,1,21,38,48,0,107,18,0,18,125
12/17/2018,CAK,OH,AGL,CE,Combined TRACON& Tower with Radar,13,69,38,2,122,0,2,13,2,17,13,71,51,4,139,47,0,47,186
12/18/2018,CAK,OH,AGL,CE,Combined TRACON& Tower with Radar,11,87,66,5,169,0,8,37,7,52,11,95,103,12,221,79,0,79,300
12/19/2018,CAK,OH,AGL,CE,Combined TRACON& Tower with Radar,14,68,58,2,142,0,9,40,6,55,14,77,98,8,197,66,0,66,263
12/20/2018,CAK,OH,AGL,CE,Combined TRACON& Tower with Radar,23,72,58,2,155,0,5,31,4,40,23,77,89,6,195,0,0,0,195
12/21/2018,CAK,OH,AGL,CE,Combined TRACON& Tower with Radar,18,56,26,2,102,0,0,0,0,0,18,56,26,2,102,0,0,0,102
12/22/2018,CAK,OH,AGL,CE,Combined TRACON& Tower with Radar,16,36,15,0,67,0,0,1,0,1,16,36,16,0,68,0,0,0,68
12/23/2018,CAK,OH,AGL,CE,Combined TRACON& Tower with Radar,18,26,24,0,68,0,0,5,0,5,18,26,29,0,73,0,0,0,73
12/24/2018,CAK,OH,AGL,CE,Combined TRACON& Tower with Radar,17,36,2,2,57,0,0,0,0,0,17,36,2,2,57,0,0,0,57
12/25/2018,CAK,OH,AGL,CE,Combined TRACON& Tower with Radar,14,27,9,0,50,0,0,10,0,10,14,27,19,0,60,0,0,0,60
12/26/2018,CAK,OH,AGL,CE,Combined TRACON& Tower with Radar,20,47,72,1,140,0,0,32,3,35,20,47,104,4,175,0,0,0,175
12/27/2018,CAK,OH,AGL,CE,Combined TRACON& Tower with Radar,19,42,47,4,112,0,2,20,6,28,19,44,67,10,140,0,0,0,140
12/28/2018,CAK,OH,AGL,CE,Combined TRACON& Tower with Radar,25,57,14,2,98,0,0,0,0,0,25,57,14,2,98,0,0,0,98
12/29/2018,CAK,OH,AGL,CE,Combined TRACON& Tower with Radar,16,30,17,0,63,0,0,3,0,3,16,30,20,0,66,0,0,0,66
12/30/2018,CAK,OH,AGL,CE,Combined TRACON& Tower with Radar,18,41,34,0,93,0,1,35,0,36,18,42,69,0,129,0,0,0,129
12/31/2018,CAK,OH,AGL,CE,Combined TRACON& Tower with Radar,14,26,10,0,50,0,1,0,0,1,14,27,10,0,51,0,0,0,51
01/01/2019,CAK,OH,AGL,CE,Combined TRACON& Tower with Radar,16,34,13,0,63,0,0,0,0,0,16,34,13,0,63,0,0,0,63
01/02/2019,CAK,OH,AGL,CE,Combined TRACON& Tower with Radar,18,42,19,1,80,0,1,0,1,2,18,43,19,2,82,11,10,21,103
01/03/2019,CAK,OH,AGL,CE,Combined TRACON& Tower with Radar,18,62,26,4,110,0,0,14,8,22,18,62,40,12,132,17,0,17,149
01/04/2019,CAK,OH,AGL,CE,Combined TRACON& Tower with Radar,20,59,41,1,121,0,12,35,1,48,20,71,76,2,169,46,0,46,215
01/05/2019,CAK,OH,AGL,CE,Combined TRACON& Tower with Radar,16,38,45,0,99,0,10,30,0,40,16,48,75,0,139,53,0,53,192
01/06/2019,CAK,OH,AGL,CE,Combined TRACON& Tower with Radar,18,32,38,2,90,0,5,27,0,32,18,37,65,2,122,30,0,30,152
01/07/2019,CAK,OH,AGL,CE,Combined TRACON& Tower with Radar,18,43,25,0,86,0,2,3,0,5,18,45,28,0,91,22,0,22,113
01/08/2019,CAK,OH,AGL,CE,Combined TRACON& Tower with Radar,18,58,22,2,100,0,1,1,4,6,18,59,23,6,106,23,0,23,129
01/09/2019,CAK,OH,AGL,CE,Combined TRACON& Tower with Radar,18,41,19,0,78,0,1,0,2,3,18,42,19,2,81,13,0,13,94
01/10/2019,CAK,OH,AGL,CE,Combined TRACON& Tower with Radar,18,52,35,2,107,0,0,4,4,8,18,52,39,6,115,9,0,9,124
01/11/2019,CAK,OH,AGL,CE,Combined TRACON& Tower with Radar,18,65,44,0,127,0,3,23,5,31,18,68,67,5,158,44,0,44,202
01/12/2019,CAK,OH,AGL,CE,Combined TRACON& Tower with Radar,12,31,11,1,55,0,1,12,0,13,12,32,23,1,68,17,0,17,85
01/13/2019,CAK,OH,AGL,CE,Combined TRACON& Tower with Radar,18,32,15,1,66,0,0,6,0,6,18,32,21,1,72,2,0,2,74
01/14/2019,CAK,OH,AGL,CE,Combined TRACON& Tower with Radar,19,47,28,2,96,0,4,2,0,6,19,51,30,2,102,17,0,17,119
01/15/2019,CAK,OH,AGL,CE,Combined TRACON& Tower with Radar,15,65,25,0,105,0,0,0,0,0,15,65,25,0,105,17,0,17,122
01/16/2019,CAK,OH,AGL,CE,Combined TRACON& Tower with Radar,14,54,19,3,90,0,0,2,5,7,14,54,21,8,97,4,0,4,101
01/17/2019,CAK,OH,AGL,CE,Combined TRACON& Tower with Radar,18,64,19,2,103,0,2,3,3,8,18,66,22,5,111,13,0,13,124
01/18/2019,CAK,OH,AGL,CE,Combined TRACON& Tower with Radar,18,58,16,0,92,0,0,1,0,1,18,58,17,0,93,4,0,4,97
01/19/2019,CAK,OH,AGL,CE,Combined TRACON& Tower with Radar,8,16,7,0,31,0,0,0,0,0,8,16,7,0,31,3,0,3,34
01/20/2019,CAK,OH,AGL,CE,Combined TRACON& Tower with Radar,11,24,10,0,45,0,0,0,0,0,11,24,10,0,45,0,0,0,45
01/21/2019,CAK,OH,AGL,CE,Combined TRACON& Tower with Radar,17,49,23,0,89,0,0,1,0,1,17,49,24,0,90,3,0,3,93
01/22/2019,CAK,OH,AGL,CE,Combined TRACON& Tower with Radar,17,58,31,5,111,0,15,17,5,37,17,73,48,10,148,31,14,45,193
01/23/2019,CAK,OH,AGL,CE,Combined TRACON& Tower with Radar,19,49,26,0,94,0,0,5,0,5,19,49,31,0,99,10,0,10,109
01/24/2019,CAK,OH,AGL,CE,Combined TRACON& Tower with Radar,16,51,34,1,102,0,0,3,6,9,16,51,37,7,111,10,0,10,121
01/25/2019,CAK,OH,AGL,CE,Combined TRACON& Tower with Radar,22,61,26,0,109,0,2,7,0,9,22,63,33,0,118,15,0,15,133
01/26/2019,CAK,OH,AGL,CE,Combined TRACON& Tower with Radar,13,30,5,0,48,0,0,0,0,0,13,30,5,0,48,2,0,2,50
01/27/2019,CAK,OH,AGL,CE,Combined TRACON& Tower with Radar,22,31,19,0,72,0,0,5,0,5,22,31,24,0,77,38,0,38,115
01/28/2019,CAK,OH,AGL,CE,Combined TRACON& Tower with Radar,18,59,28,1,106,0,3,12,3,18,18,62,40,4,124,39,0,39,163
01/29/2019,CAK,OH,AGL,CE,Combined TRACON& Tower with Radar,14,56,29,1,100,0,0,0,1,1,14,56,29,2,101,9,0,9,110
01/30/2019,CAK,OH,AGL,CE,Combined TRACON& Tower with Radar,14,53,24,0,91,0,0,0,0,0,14,53,24,0,91,13,0,13,104
01/31/2019,CAK,OH,AGL,CE,Combined TRACON& Tower with Radar,17,43,25,3,88,0,4,2,5,11,17,47,27,8,99,12,0,12,111
02/01/2019,CAK,OH,AGL,CE,Combined TRACON& Tower with Radar,19,67,19,0,105,0,15,2,0,17,19,82,21,0,122,30,0,30,152
02/02/2019,CAK,OH,AGL,CE,Combined TRACON& Tower with Radar,12,66,26,0,104,0,12,19,0,31,12,78,45,0,135,107,0,107,242
02/03/2019,CAK,OH,AGL,CE,Combined TRACON& Tower with Radar,16,43,40,0,99,0,3,28,2,33,16,46,68,2,132,66,0,66,198
02/04/2019,CAK,OH,AGL,CE,Combined TRACON& Tower with Radar,17,66,47,3,133,0,8,25,1,34,17,74,72,4,167,36,0,36,203
02/05/2019,CAK,OH,AGL,CE,Combined TRACON& Tower with Radar,15,68,19,5,107,0,0,2,0,2,15,68,21,5,109,31,2,33,142
02/06/2019,CAK,OH,AGL,CE,Combined TRACON& Tower with Radar,13,55,32,1,101,0,0,0,0,0,13,55,32,1,101,12,0,12,113
02/07/2019,CAK,OH,AGL,CE,Combined TRACON& Tower with Radar,20,60,20,6,106,0,0,0,0,0,20,60,20,6,106,8,2,10,116
02/08/2019,CAK,OH,AGL,CE,Combined TRACON& Tower with Radar,20,48,23,0,91,0,0,1,3,4,20,48,24,3,95,6,0,6,101
02/09/2019,CAK,OH,AGL,CE,Combined TRACON& Tower with Radar,11,37,22,3,73,0,8,20,15,43,11,45,42,18,116,47,0,47,163
02/10/2019,CAK,OH,AGL,CE,Combined TRACON& Tower with Radar,21,25,27,0,73,0,5,7,0,12,21,30,34,0,85,17,0,17,102
02/11/2019,CAK,OH,AGL,CE,Combined TRACON& Tower with Radar,18,52,15,0,85,0,0,0,0,0,18,52,15,0,85,1,0,1,86
02/12/2019,CAK,OH,AGL,CE,Combined TRACON& Tower with Radar,12,51,30,0,93,0,0,0,0,0,12,51,30,0,93,18,0,18,111
02/13/2019,CAK,OH,AGL,CE,Combined TRACON& Tower with Radar,14,58,21,3,96,0,1,2,3,6,14,59,23,6,102,8,0,8,110
02/14/2019,CAK,OH,AGL,CE,Combined TRACON& Tower with Radar,18,75,37,7,137,0,15,16,1,32,18,90,53,8,169,49,0,49,218
02/15/2019,CAK,OH,AGL,CE,Combined TRACON& Tower with Radar,20,50,33,0,103,0,0,3,0,3,20,50,36,0,106,10,0,10,116
02/16/2019,CAK,OH,AGL,CE,Combined TRACON& Tower with Radar,14,25,11,0,50,0,1,10,0,11,14,26,21,0,61,10,0,10,71
02/17/2019,CAK,OH,AGL,CE,Combined TRACON& Tower with Radar,15,31,21,0,67,0,2,10,0,12,15,33,31,0,79,26,0,26,105
02/18/2019,CAK,OH,AGL,CE,Combined TRACON& Tower with Radar,19,46,22,0,87,0,0,0,1,1,19,46,22,1,88,12,0,12,100
02/19/2019,CAK,OH,AGL,CE,Combined TRACON& Tower with Radar,18,76,38,10,142,0,25,20,6,51,18,101,58,16,193,122,0,122,315
02/20/2019,CAK,OH,AGL,CE,Combined TRACON& Tower with Radar,17,50,14,0,81,0,0,0,0,0,17,50,14,0,81,11,0,11,92
02/21/2019,CAK,OH,AGL,CE,Combined TRACON& Tower with Radar,16,66,60,8,150,0,18,27,6,51,16,84,87,14,201,63,0,63,264
02/22/2019,CAK,OH,AGL,CE,Combined TRACON& Tower with Radar,17,71,43,2,133,0,21,33,0,54,17,92,76,2,187,70,0,70,257
02/23/2019,CAK,OH,AGL,CE,Combined TRACON& Tower with Radar,14,35,25,0,74,0,6,10,0,16,14,41,35,0,90,27,0,27,117
02/24/2019,CAK,OH,AGL,CE,Combined TRACON& Tower with Radar,11,35,13,0,59,0,0,0,0,0,11,35,13,0,59,0,0,0,59
02/25/2019,CAK,OH,AGL,CE,Combined TRACON& Tower with Radar,17,40,30,3,90,0,3,9,1,13,17,43,39,4,103,19,0,19,122
02/26/2019,CAK,OH,AGL,CE,Combined TRACON& Tower with Radar,20,66,31,4,121,0,4,7,2,13,20,70,38,6,134,36,0,36,170
02/27/2019,CAK,OH,AGL,CE,Combined TRACON& Tower with Radar,18,71,37,2,128,0,13,6,6,25,18,84,43,8,153,24,0,24,177
02/28/2019,CAK,OH,AGL,CE,Combined TRACON& Tower with Radar,20,75,32,3,130,0,30,27,5,62,20,105,59,8,192,62,0,62,254
03/01/2019,CAK,OH,AGL,CE,Combined TRACON& Tower with Radar,17,59,42,0,118,0,23,24,0,47,17,82,66,0,165,74,0,74,239
03/02/2019,CAK,OH,AGL,CE,Combined TRACON& Tower with Radar,16,34,24,0,74,0,18,18,0,36,16,52,42,0,110,27,0,27,137
03/03/2019,CAK,OH,AGL,CE,Combined TRACON& Tower with Radar,17,36,8,0,61,0,0,0,2,2,17,36,8,2,63,0,0,0,63
03/04/2019,CAK,OH,AGL,CE,Combined TRACON& Tower with Radar,19,45,26,0,90,0,10,11,0,21,19,55,37,0,111,31,0,31,142
03/05/2019,CAK,OH,AGL,CE,Combined TRACON& Tower with Radar,19,53,20,2,94,0,0,2,3,5,19,53,22,5,99,7,2,9,108
03/06/2019,CAK,OH,AGL,CE,Combined TRACON& Tower with Radar,18,53,26,2,99,0,0,2,4,6,18,53,28,6,105,6,0,6,111
03/07/2019,CAK,OH,AGL,CE,Combined TRACON& Tower with Radar,19,72,41,2,134,0,14,8,0,22,19,86,49,2,156,33,18,51,207
03/08/2019,CAK,OH,AGL,CE,Combined TRACON& Tower with Radar,19,73,37,1,130,0,20,30,1,51,19,93,67,2,181,55,0,55,236
03/09/2019,CAK,OH,AGL,CE,Combined TRACON& Tower with Radar,16,35,29,2,82,0,4,18,4,26,16,39,47,6,108,38,0,38,146
03/10/2019,CAK,OH,AGL,CE,Combined TRACON& Tower with Radar,20,29,24,0,73,0,0,0,0,0,20,29,24,0,73,3,4,7,80
03/11/2019,CAK,OH,AGL,CE,Combined TRACON& Tower with Radar,19,64,50,1,134,0,7,29,1,37,19,71,79,2,171,47,6,53,224
03/12/2019,CAK,OH,AGL,CE,Combined TRACON& Tower with Radar,20,70,45,6,141,0,17,30,5,52,20,87,75,11,193,89,0,89,282
03/13/2019,CAK,OH,AGL,CE,Combined TRACON& Tower with Radar,19,78,42,3,142,0,17,18,3,38,19,95,60,6,180,120,0,120,300
03/14/2019,CAK,OH,AGL,CE,Combined TRACON& Tower with Radar,19,48,33,6,106,0,0,1,0,1,19,48,34,6,107,4,0,4,111
03/15/2019,CAK,OH,AGL,CE,Combined TRACON& Tower with Radar,19,57,18,0,94,0,1,1,0,2,19,58,19,0,96,10,0,10,106
03/16/2019,CAK,OH,AGL,CE,Combined TRACON& Tower with Radar,14,34,24,0,72,0,0,11,0,11,14,34,35,0,83,23,0,23,106
03/17/2019,CAK,OH,AGL,CE,Combined TRACON& Tower with Radar,18,49,44,2,113,0,3,27,0,30,18,52,71,2,143,30,0,30,173
03/18/2019,CAK,OH,AGL,CE,Combined TRACON& Tower with Radar,21,59,41,3,124,0,0,22,3,25,21,59,63,6,149,36,0,36,185
03/19/2019,CAK,OH,AGL,CE,Combined TRACON& Tower with Radar,18,67,44,6,135,0,16,22,5,43,18,83,66,11,178,142,2,144,322
03/20/2019,CAK,OH,AGL,CE,Combined TRACON& Tower with Radar,15,41,27,5,88,0,5,22,1,28,15,46,49,6,116,23,0,23,139
03/21/2019,CAK,OH,AGL,CE,Combined TRACON& Tower with Radar,16,82,31,3,132,0,0,7,7,14,16,82,38,10,146,17,6,23,169
03/22/2019,CAK,OH,AGL,CE,Combined TRACON& Tower with Radar,23,49,22,0,94,0,0,0,0,0,23,49,22,0,94,7,0,7,101
03/23/2019,CAK,OH,AGL,CE,Combined TRACON& Tower with Radar,15,36,31,1,83,0,8,19,3,30,15,44,50,4,113,52,0,52,165
03/24/2019,CAK,OH,AGL,CE,Combined TRACON& Tower with Radar,21,37,43,0,101,0,0,19,0,19,21,37,62,0,120,26,0,26,146
03/25/2019,CAK,OH,AGL,CE,Combined TRACON& Tower with Radar,18,53,34,0,105,0,9,13,0,22,18,62,47,0,127,68,0,68,195
03/26/2019,CAK,OH,AGL,CE,Combined TRACON& Tower with Radar,20,46,59,8,133,0,14,37,8,59,20,60,96,16,192,77,4,81,273
03/27/2019,CAK,OH,AGL,CE,Combined TRACON& Tower with Radar,18,63,60,6,147,0,13,54,2,69,18,76,114,8,216,76,8,84,300
03/28/2019,CAK,OH,AGL,CE,Combined TRACON& Tower with Radar,18,56,38,4,116,0,3,9,6,18,18,59,47,10,134,21,0,21,155
03/29/2019,CAK,OH,AGL,CE,Combined TRACON& Tower with Radar,18,61,31,12,122,0,0,1,0,1,18,61,32,12,123,6,0,6,129
03/30/2019,CAK,OH,AGL,CE,Combined TRACON& Tower with Radar,15,39,12,0,66,0,0,3,3,6,15,39,15,3,72,9,0,9,81
03/31/2019,CAK,OH,AGL,CE,Combined TRACON& Tower with Radar,19,38,11,0,68,0,0,2,0,2,19,38,13,0,70,3,0,3,73
04/01/2019,CAK,OH,AGL,CE,Combined TRACON& Tower with Radar,21,52,41,5,119,0,26,28,1,55,21,78,69,6,174,125,2,127,301
04/02/2019,CAK,OH,AGL,CE,Combined TRACON& Tower with Radar,21,66,39,4,130,0,15,24,4,43,21,81,63,8,173,29,0,29,202
04/03/2019,CAK,OH,AGL,CE,Combined TRACON& Tower with Radar,22,59,34,2,117,0,5,8,4,17,22,64,42,6,134,16,0,16,150
04/04/2019,CAK,OH,AGL,CE,Combined TRACON& Tower with Radar,20,61,43,2,126,0,12,10,2,24,20,73,53,4,150,40,0,40,190
04/05/2019,CAK,OH,AGL,CE,Combined TRACON& Tower with Radar,20,68,38,3,129,0,4,2,0,6,20,72,40,3,135,40,0,40,175
04/06/2019,CAK,OH,AGL,CE,Combined TRACON& Tower with Radar,16,40,51,0,107,0,16,25,1,42,16,56,76,1,149,76,0,76,225
04/07/2019,CAK,OH,AGL,CE,Combined TRACON& Tower with Radar,22,37,38,0,97,0,3,22,3,28,22,40,60,3,125,35,0,35,160
04/08/2019,CAK,OH,AGL,CE,Combined TRACON& Tower with Radar,19,52,43,1,115,0,11,11,1,23,19,63,54,2,138,55,0,55,193
04/09/2019,CAK,OH,AGL,CE,Combined TRACON& Tower with Radar,23,53,43,1,120,0,19,13,1,33,23,72,56,2,153,82,0,82,235
04/10/2019,CAK,OH,AGL,CE,Combined TRACON& Tower with Radar,20,60,52,4,136,0,35,23,1,59,20,95,75,5,195,120,0,120,315
04/11/2019,CAK,OH,AGL,CE,Combined TRACON& Tower with Radar,18,65,45,7,135,0,5,17,5,27,18,70,62,12,162,39,0,39,201
04/12/2019,CAK,OH,AGL,CE,Combined TRACON& Tower with Radar,20,51,21,1,93,0,1,3,3,7,20,52,24,4,100,9,0,9,109
04/13/2019,CAK,OH,AGL,CE,Combined TRACON& Tower with Radar,14,33,70,0,117,0,15,48,0,63,14,48,118,0,180,74,0,74,254
04/14/2019,CAK,OH,AGL,CE,Combined TRACON& Tower with Radar,22,25,21,0,68,0,0,2,0,2,22,25,23,0,70,6,0,6,76
04/15/2019,CAK,OH,AGL,CE,Combined TRACON& Tower with Radar,19,48,24,0,91,0,0,4,0,4,19,48,28,0,95,15,0,15,110
04/16/2019,CAK,OH,AGL,CE,Combined TRACON& Tower with Radar,21,80,44,4,149,0,15,22,4,41,21,95,66,8,190,67,0,67,257
04/17/2019,CAK,OH,AGL,CE,Combined TRACON& Tower with Radar,22,70,52,3,147,0,23,28,5,56,22,93,80,8,203,77,0,77,280
04/18/2019,CAK,OH,AGL,CE,Combined TRACON& Tower with Radar,19,54,40,4,117,0,6,15,6,27,19,60,55,10,144,21,0,21,165
04/19/2019,CAK,OH,AGL,CE,Combined TRACON& Tower with Radar,20,51,21,1,93,0,0,0,1,1,20,51,21,2,94,13,0,13,107
04/20/2019,CAK,OH,AGL,CE,Combined TRACON& Tower with Radar,16,34,32,0,82,0,0,9,0,9,16,34,41,0,91,22,0,22,113
04/21/2019,CAK,OH,AGL,CE,Combined TRACON& Tower with Radar,22,25,23,0,70,0,0,5,0,5,22,25,28,0,75,6,0,6,81
04/22/2019,CAK,OH,AGL,CE,Combined TRACON& Tower with Radar,19,75,57,0,151,0,26,53,0,79,19,101,110,0,230,88,0,88,318
04/23/2019,CAK,OH,AGL,CE,Combined TRACON& Tower with Radar,24,57,38,13,132,0,3,9,9,21,24,60,47,22,153,24,22,46,199
04/24/2019,CAK,OH,AGL,CE,Combined TRACON& Tower with Radar,22,70,57,5,154,0,11,31,3,45,22,81,88,8,199,66,0,66,265
04/25/2019,CAK,OH,AGL,CE,Combined TRACON& Tower with Radar,20,70,40,4,134,0,10,4,2,16,20,80,44,6,150,39,0,39,189
04/26/2019,CAK,OH,AGL,CE,Combined TRACON& Tower with Radar,21,46,30,0,97,0,0,1,0,1,21,46,31,0,98,4,0,4,102
04/27/2019,CAK,OH,AGL,CE,Combined TRACON& Tower with Radar,18,31,33,0,82,0,1,17,1,19,18,32,50,1,101,14,8,22,123
04/28/2019,CAK,OH,AGL,CE,Combined TRACON& Tower with Radar,24,33,39,0,96,0,4,22,1,27,24,37,61,1,123,30,0,30,153
04/29/2019,CAK,OH,AGL,CE,Combined TRACON& Tower with Radar,24,53,30,0,107,0,7,20,3,30,24,60,50,3,137,25,0,25,162
04/30/2019,CAK,OH,AGL,CE,Combined TRACON& Tower with Radar,22,63,37,4,126,0,0,5,6,11,22,63,42,10,137,21,12,33,170
05/01/2019,CAK,OH,AGL,CE,Combined TRACON& Tower with Radar,21,49,35,3,108,0,5,15,3,23,21,54,50,6,131,21,0,21,152
05/02/2019,CAK,OH,AGL,CE,Combined TRACON& Tower with Radar,19,61,37,2,119,0,13,6,0,19,19,74,43,2,138,47,28,75,213
05/03/2019,CAK,OH,AGL,CE,Combined TRACON& Tower with Radar,13,56,42,0,111,0,0,1,0,1,13,56,43,0,112,21,0,21,133
05/04/2019,CAK,OH,AGL,CE,Combined TRACON& Tower with Radar,14,35,36,0,85,0,0,3,0,3,14,35,39,0,88,26,0,26,114
05/05/2019,CAK,OH,AGL,CE,Combined TRACON& Tower with Radar,15,39,50,2,106,0,12,22,0,34,15,51,72,2,140,60,0,60,200
05/06/2019,CAK,OH,AGL,CE,Combined TRACON& Tower with Radar,15,63,64,0,142,0,3,51,2,56,15,66,115,2,198,68,0,68,266
05/07/2019,CAK,OH,AGL,CE,Combined TRACON& Tower with Radar,13,59,45,4,121,0,13,14,8,35,13,72,59,12,156,37,0,37,193
05/08/2019,CAK,OH,AGL,CE,Combined TRACON& Tower with Radar,18,45,63,0,126,0,22,28,2,52,18,67,91,2,178,52,0,52,230
05/09/2019,CAK,OH,AGL,CE,Combined TRACON& Tower with Radar,19,50,35,2,106,0,2,4,2,8,19,52,39,4,114,8,0,8,122
05/10/2019,CAK,OH,AGL,CE,Combined TRACON& Tower with Radar,16,64,24,4,108,0,0,1,0,1,16,64,25,4,109,14,0,14,123
05/11/2019,CAK,OH,AGL,CE,Combined TRACON& Tower with Radar,12,52,50,1,115,0,4,47,0,51,12,56,97,1,166,56,0,56,222
05/12/2019,CAK,OH,AGL,CE,Combined TRACON& Tower with Radar,14,39,21,4,78,0,0,0,0,0,14,39,21,4,78,9,0,9,87
05/13/2019,CAK,OH,AGL,CE,Combined TRACON& Tower with Radar,16,45,34,0,95,0,1,0,0,1,16,46,34,0,96,7,0,7,103
05/14/2019,CAK,OH,AGL,CE,Combined TRACON& Tower with Radar,14,68,66,7,155,0,11,20,2,33,14,79,86,9,188,76,0,76,264
05/15/2019,CAK,OH,AGL,CE,Combined TRACON& Tower with Radar,16,71,56,3,146,0,12,42,7,61,16,83,98,10,207,90,17,107,314
05/16/2019,CAK,OH,AGL,CE,Combined TRACON& Tower with Radar,16,69,71,2,158,0,12,31,4,47,16,81,102,6,205,57,20,77,282
05/17/2019,CAK,OH,AGL,CE,Combined TRACON& Tower with Radar,19,67,49,0,135,0,0,2,0,2,19,67,51,0,137,25,2,27,164
05/18/2019,CAK,OH,AGL,CE,Combined TRACON& Tower with Radar,13,31,40,2,86,0,8,29,7,44,13,39,69,9,130,48,0,48,178
05/19/2019,CAK,OH,AGL,CE,Combined TRACON& Tower with Radar,14,35,19,3,71,0,2,7,4,13,14,37,26,7,84,8,4,12,96
05/20/2019,CAK,OH,AGL,CE,Combined TRACON& Tower with Radar,18,42,70,1,131,0,2,14,3,19,18,44,84,4,150,34,0,34,184
05/21/2019,CAK,OH,AGL,CE,Combined TRACON& Tower with Radar,16,84,59,4,163,0,30,30,2,62,16,114,89,6,225,133,0,133,358
05/22/2019,CAK,OH,AGL,CE,Combined TRACON& Tower with Radar,17,64,48,2,131,0,4,13,4,21,17,68,61,6,152,27,0,27,179
05/23/2019,CAK,OH,AGL,CE,Combined TRACON& Tower with Radar,17,60,51,8,136,0,4,12,2,18,17,64,63,10,154,65,2,67,221
05/24/2019,CAK,OH,AGL,CE,Combined TRACON& Tower with Radar,17,67,52,0,136,0,10,40,1,51,17,77,92,1,187,56,0,56,243
05/25/2019,CAK,OH,AGL,CE,Combined TRACON& Tower with Radar,13,31,30,0,74,0,5,21,0,26,13,36,51,0,100,21,0,21,121
05/26/2019,CAK,OH,AGL,CE,Combined TRACON& Tower with Radar,12,25,15,2,54,0,0,6,2,8,12,25,21,4,62,0,0,0,62
05/27/2019,CAK,OH,AGL,CE,Combined TRACON& Tower with Radar,16,44,41,0,101,0,3,29,0,32,16,47,70,0,133,49,0,49,182
05/28/2019,CAK,OH,AGL,CE,Combined TRACON& Tower with Radar,14,58,34,1,107,0,2,5,1,8,14,60,39,2,115,18,4,22,137
05/29/2019,CAK,OH,AGL,CE,Combined TRACON& Tower with Radar,18,61,27,2,108,0,5,4,4,13,18,66,31,6,121,14,0,14,135
05/30/2019,CAK,OH,AGL,CE,Combined TRACON& Tower with Radar,17,53,35,2,107,0,1,5,0,6,17,54,40,2,113,8,0,8,121
05/31/2019,CAK,OH,AGL,CE,Combined TRACON& Tower with Radar,16,80,55,3,154,0,14,30,2,46,16,94,85,5,200,55,0,55,255
06/01/2019,CAK,OH,AGL,CE,Combined TRACON& Tower with Radar,12,40,24,2,78,0,1,9,2,12,12,41,33,4,90,36,0,36,126
06/02/2019,CAK,OH,AGL,CE,Combined TRACON& Tower with Radar,14,40,37,0,91,0,0,13,0,13,14,40,50,0,104,30,0,30,134
06/03/2019,CAK,OH,AGL,CE,Combined TRACON& Tower with Radar,17,56,53,2,128,0,23,38,2,63,17,79,91,4,191,82,0,82,273
06/04/2019,CAK,OH,AGL,CE,Combined TRACON& Tower with Radar,20,51,41,2,114,0,12,19,4,35,20,63,60,6,149,79,14,93,242
06/05/2019,CAK,OH,AGL,CE,Combined TRACON& Tower with Radar,16,64,42,1,123,0,0,2,1,3,16,64,44,2,126,7,0,7,133
06/06/2019,CAK,OH,AGL,CE,Combined TRACON& Tower with Radar,17,69,40,1,127,0,3,5,3,11,17,72,45,4,138,16,0,16,154
06/07/2019,CAK,OH,AGL,CE,Combined TRACON& Tower with Radar,16,71,45,4,136,0,12,14,1,27,16,83,59,5,163,40,0,40,203
06/08/2019,CAK,OH,AGL,CE,Combined TRACON& Tower with Radar,10,43,31,0,84,0,2,37,0,39,10,45,68,0,123,47,0,47,170
06/09/2019,CAK,OH,AGL,CE,Combined TRACON& Tower with Radar,16,46,38,0,100,0,1,10,2,13,16,47,48,2,113,24,0,24,137
06/10/2019,CAK,OH,AGL,CE,Combined TRACON& Tower with Radar,16,61,30,0,107,0,0,1,0,1,16,61,31,0,108,6,0,6,114
06/11/2019,CAK,OH,AGL,CE,Combined TRACON& Tower with Radar,17,72,48,1,138,0,16,24,2,42,17,88,72,3,180,61,0,61,241
06/12/2019,CAK,OH,AGL,CE,Combined TRACON& Tower with Radar,14,63,43,4,124,0,9,17,1,27,14,72,60,5,151,37,1,38,189
06/13/2019,CAK,OH,AGL,CE,Combined TRACON& Tower with Radar,14,66,27,0,107,0,0,0,0,0,14,66,27,0,107,10,0,10,117
06/14/2019,CAK,OH,AGL,CE,Combined TRACON& Tower with Radar,15,72,52,1,140,0,8,32,1,41,15,80,84,2,181,49,0,49,230
06/15/2019,CAK,OH,AGL,CE,Combined TRACON& Tower with Radar,13,33,11,0,57,0,1,12,0,13,13,34,23,0,70,18,0,18,88
06/16/2019,CAK,OH,AGL,CE,Combined TRACON& Tower with Radar,15,36,22,0,73,0,0,2,0,2,15,36,24,0,75,8,0,8,83
06/17/2019,CAK,OH,AGL,CE,Combined TRACON& Tower with Radar,15,57,26,2,100,0,0,5,0,5,15,57,31,2,105,13,0,13,118
06/18/2019,CAK,OH,AGL,CE,Combined TRACON& Tower with Radar,17,76,27,3,123,0,2,2,1,5,17,78,29,4,128,36,4,40,168
06/19/2019,CAK,OH,AGL,CE,Combined TRACON& Tower with Radar,15,77,50,1,143,0,1,10,1,12,15,78,60,2,155,47,0,47,202
06/20/2019,CAK,OH,AGL,CE,Combined TRACON& Tower with Radar,16,64,35,0,115,0,0,4,0,4,16,64,39,0,119,6,0,6,125
06/21/2019,CAK,OH,AGL,CE,Combined TRACON& Tower with Radar,15,68,53,3,139,0,22,46,2,70,15,90,99,5,209,113,2,115,324
06/22/2019,CAK,OH,AGL,CE,Combined TRACON& Tower with Radar,13,32,49,2,96,0,3,34,2,39,13,35,83,4,135,37,0,37,172
06/23/2019,CAK,OH,AGL,CE,Combined TRACON& Tower with Radar,15,40,50,0,105,0,2,26,0,28,15,42,76,0,133,47,0,47,180
06/24/2019,CAK,OH,AGL,CE,Combined TRACON& Tower with Radar,15,59,28,0,102,0,9,16,1,26,15,68,44,1,128,29,0,29,157
06/25/2019,CAK,OH,AGL,CE,Combined TRACON& Tower with Radar,17,68,56,0,141,0,7,30,3,40,17,75,86,3,181,82,0,82,263
06/26/2019,CAK,OH,AGL,CE,Combined TRACON& Tower with Radar,19,60,47,3,129,0,13,36,5,54,19,73,83,8,183,65,0,65,248
06/27/2019,CAK,OH,AGL,CE,Combined TRACON& Tower with Radar,22,71,51,1,145,0,9,21,1,31,22,80,72,2,176,93,0,93,269
06/28/2019,CAK,OH,AGL,CE,Combined TRACON& Tower with Radar,13,65,45,0,123,0,4,15,2,21,13,69,60,2,144,14,0,14,158
06/29/2019,CAK,OH,AGL,CE,Combined TRACON& Tower with Radar,16,38,31,0,85,0,0,23,0,23,16,38,54,0,108,36,0,36,144
06/30/2019,CAK,OH,AGL,CE,Combined TRACON& Tower with Radar,14,38,30,0,82,0,5,20,1,26,14,43,50,1,108,51,0,51,159
07/01/2019,CAK,OH,AGL,CE,Combined TRACON& Tower with Radar,15,57,56,0,128,0,12,40,2,54,15,69,96,2,182,17,0,17,199
07/02/2019,CAK,OH,AGL,CE,Combined TRACON& Tower with Radar,15,65,37,1,118,0,6,17,1,24,15,71,54,2,142,24,0,24,166
07/03/2019,CAK,OH,AGL,CE,Combined TRACON& Tower with Radar,15,57,32,0,104,0,1,14,0,15,15,58,46,0,119,27,0,27,146
07/04/2019,CAK,OH,AGL,CE,Combined TRACON& Tower with Radar,12,39,12,0,63,0,0,8,0,8,12,39,20,0,71,12,0,12,83
07/05/2019,CAK,OH,AGL,CE,Combined TRACON& Tower with Radar,13,48,21,0,82,0,5,8,0,13,13,53,29,0,95,26,0,26,121
07/06/2019,CAK,OH,AGL,CE,Combined TRACON& Tower with Radar,12,34,30,2,78,0,5,23,0,28,12,39,53,2,106,33,0,33,139
07/07/2019,CAK,OH,AGL,CE,Combined TRACON& Tower with Radar,17,38,31,0,86,0,0,13,0,13,17,38,44,0,99,12,0,12,111
07/08/2019,CAK,OH,AGL,CE,Combined TRACON& Tower with Radar,18,70,54,0,142,0,13,38,2,53,18,83,92,2,195,47,0,47,242
07/09/2019,CAK,OH,AGL,CE,Combined TRACON& Tower with Radar,16,73,59,6,154,0,17,36,3,56,16,90,95,9,210,61,0,61,271
07/10/2019,CAK,OH,AGL,CE,Combined TRACON& Tower with Radar,14,60,49,5,128,0,23,38,2,63,14,83,87,7,191,86,0,86,277
07/11/2019,CAK,OH,AGL,CE,Combined TRACON& Tower with Radar,14,63,45,0,122,0,13,15,2,30,14,76,60,2,152,21,0,21,173
07/12/2019,CAK,OH,AGL,CE,Combined TRACON& Tower with Radar,14,74,41,1,130,0,7,22,0,29,14,81,63,1,159,35,0,35,194
07/13/2019,CAK,OH,AGL,CE,Combined TRACON& Tower with Radar,12,50,56,0,118,0,9,47,3,59,12,59,103,3,177,75,0,75,252
07/14/2019,CAK,OH,AGL,CE,Combined TRACON& Tower with Radar,13,46,57,0,116,0,7,30,1,38,13,53,87,1,154,60,0,60,214
07/15/2019,CAK,OH,AGL,CE,Combined TRACON& Tower with Radar,16,74,47,0,137,0,14,24,0,38,16,88,71,0,175,30,0,30,205
07/16/2019,CAK,OH,AGL,CE,Combined TRACON& Tower with Radar,17,64,44,4,129,0,5,20,2,27,17,69,64,6,156,45,0,45,201
07/17/2019,CAK,OH,AGL,CE,Combined TRACON& Tower with Radar,17,60,30,0,107,0,2,1,4,7,17,62,31,4,114,27,0,27,141
07/18/2019,CAK,OH,AGL,CE,Combined TRACON& Tower with Radar,15,68,56,1,140,0,20,10,3,33,15,88,66,4,173,76,8,84,257
07/19/2019,CAK,OH,AGL,CE,Combined TRACON& Tower with Radar,18,68,48,1,135,0,7,12,1,20,18,75,60,2,155,59,0,59,214
07/20/2019,CAK,OH,AGL,CE,Combined TRACON& Tower with Radar,15,37,40,0,92,0,0,19,0,19,15,37,59,0,111,24,0,24,135
07/21/2019,CAK,OH,AGL,CE,Combined TRACON& Tower with Radar,13,40,34,0,87,0,0,11,0,11,13,40,45,0,98,23,0,23,121
07/22/2019,CAK,OH,AGL,CE,Combined TRACON& Tower with Radar,15,50,40,0,105,0,5,7,0,12,15,55,47,0,117,16,0,16,133
07/23/2019,CAK,OH,AGL,CE,Combined TRACON& Tower with Radar,16,54,80,5,155,0,18,27,1,46,16,72,107,6,201,53,0,53,254
07/24/2019,CAK,OH,AGL,CE,Combined TRACON& Tower with Radar,16,54,41,1,112,0,7,19,6,32,16,61,60,7,144,59,0,59,203
07/25/2019,CAK,OH,AGL,CE,Combined TRACON& Tower with Radar,14,58,48,1,121,0,19,32,1,52,14,77,80,2,173,30,0,30,203
07/26/2019,CAK,OH,AGL,CE,Combined TRACON& Tower with Radar,14,64,44,1,123,0,12,34,2,48,14,76,78,3,171,61,0,61,232
07/27/2019,CAK,OH,AGL,CE,Combined TRACON& Tower with Radar,12,37,45,2,96,0,3,31,0,34,12,40,76,2,130,59,0,59,189
07/28/2019,CAK,OH,AGL,CE,Combined TRACON& Tower with Radar,23,38,46,0,107,0,8,32,0,40,23,46,78,0,147,70,0,70,217
07/29/2019,CAK,OH,AGL,CE,Combined TRACON& Tower with Radar,15,50,38,0,103,0,7,15,4,26,15,57,53,4,129,26,0,26,155
07/30/2019,CAK,OH,AGL,CE,Combined TRACON& Tower with Radar,14,64,54,1,133,0,1,11,1,13,14,65,65,2,146,14,0,14,160
07/31/2019,CAK,OH,AGL,CE,Combined TRACON& Tower with Radar,17,63,50,5,135,0,2,17,7,26,17,65,67,12,161,31,0,31,192
08/01/2019,CAK,OH,AGL,CE,Combined TRACON& Tower with Radar,14,65,72,0,151,0,8,40,0,48,14,73,112,0,199,56,0,56,255
08/02/2019,CAK,OH,AGL,CE,Combined TRACON& Tower with Radar,20,84,61,1,166,0,17,25,1,43,20,101,86,2,209,71,0,71,280
08/03/2019,CAK,OH,AGL,CE,Combined TRACON& Tower with Radar,12,68,50,1,131,0,11,24,0,35,12,79,74,1,166,158,0,158,324
08/04/2019,CAK,OH,AGL,CE,Combined TRACON& Tower with Radar,16,59,72,0,147,0,2,28,0,30,16,61,100,0,177,86,0,86,263
08/05/2019,CAK,OH,AGL,CE,Combined TRACON& Tower with Radar,14,49,27,1,91,0,6,9,1,16,14,55,36,2,107,22,0,22,129
08/06/2019,CAK,OH,AGL,CE,Combined TRACON& Tower with Radar,20,57,30,0,107,0,7,18,2,27,20,64,48,2,134,18,0,18,152
08/07/2019,CAK,OH,AGL,CE,Combined TRACON& Tower with Radar,15,58,31,1,105,0,0,4,1,5,15,58,35,2,110,6,0,6,116
08/08/2019,CAK,OH,AGL,CE,Combined TRACON& Tower with Radar,17,55,62,2,136,0,9,16,10,35,17,64,78,12,171,52,0,52,223
08/09/2019,CAK,OH,AGL,CE,Combined TRACON& Tower with Radar,14,66,43,0,123,0,18,45,1,64,14,84,88,1,187,73,0,73,260
08/10/2019,CAK,OH,AGL,CE,Combined TRACON& Tower with Radar,14,48,65,0,127,0,0,52,0,52,14,48,117,0,179,59,0,59,238
08/11/2019,CAK,OH,AGL,CE,Combined TRACON& Tower with Radar,14,45,59,1,119,0,5,53,1,59,14,50,112,2,178,52,2,54,232
08/12/2019,CAK,OH,AGL,CE,Combined TRACON& Tower with Radar,14,72,45,1,132,0,7,26,2,35,14,79,71,3,167,12,8,20,187
08/13/2019,CAK,OH,AGL,CE,Combined TRACON& Tower with Radar,14,82,37,1,134,0,0,2,1,3,14,82,39,2,137,32,0,32,169
08/14/2019,CAK,OH,AGL,CE,Combined TRACON& Tower with Radar,16,83,59,2,160,0,15,18,7,40,16,98,77,9,200,102,0,102,302
08/15/2019,CAK,OH,AGL,CE,Combined TRACON& Tower with Radar,14,76,40,3,133,0,4,27,3,34,14,80,67,6,167,63,0,63,230
08/16/2019,CAK,OH,AGL,CE,Combined TRACON& Tower with Radar,14,66,35,3,118,0,9,17,8,34,14,75,52,11,152,31,0,31,183
08/17/2019,CAK,OH,AGL,CE,Combined TRACON& Tower with Radar,11,34,33,2,80,0,2,13,1,16,11,36,46,3,96,40,0,40,136
08/18/2019,CAK,OH,AGL,CE,Combined TRACON& Tower with Radar,14,43,42,0,99,0,1,21,3,25,14,44,63,3,124,37,0,37,161
08/19/2019,CAK,OH,AGL,CE,Combined TRACON& Tower with Radar,12,54,35,1,102,0,8,30,0,38,12,62,65,1,140,25,0,25,165
08/20/2019,CAK,OH,AGL,CE,Combined TRACON& Tower with Radar,14,61,34,6,115,0,4,11,6,21,14,65,45,12,136,24,0,24,160
08/21/2019,CAK,OH,AGL,CE,Combined TRACON& Tower with Radar,14,63,43,4,124,0,6,11,2,19,14,69,54,6,143,20,0,20,163
08/22/2019,CAK,OH,AGL,CE,Combined TRACON& Tower with Radar,13,68,72,5,158,0,1,6,3,10,13,69,78,8,168,30,0,30,198
08/23/2019,CAK,OH,AGL,CE,Combined TRACON& Tower with Radar,16,61,45,1,123,0,5,17,3,25,16,66,62,4,148,32,0,32,180
08/24/2019,CAK,OH,AGL,CE,Combined TRACON& Tower with Radar,13,34,31,2,80,0,4,36,2,42,13,38,67,4,122,53,0,53,175
08/25/2019,CAK,OH,AGL,CE,Combined TRACON& Tower with Radar,14,36,34,0,84,0,0,34,0,34,14,36,68,0,118,16,0,16,134
08/26/2019,CAK,OH,AGL,CE,Combined TRACON& Tower with Radar,18,54,57,0,129,0,3,13,0,16,18,57,70,0,145,12,0,12,157
08/27/2019,CAK,OH,AGL,CE,Combined TRACON& Tower with Radar,21,66,63,2,152,0,0,0,0,0,21,66,63,2,152,21,0,21,173
08/28/2019,CAK,OH,AGL,CE,Combined TRACON& Tower with Radar,19,63,50,5,137,0,9,29,11,49,19,72,79,16,186,23,6,29,215
08/29/2019,CAK,OH,AGL,CE,Combined TRACON& Tower with Radar,14,56,53,6,129,0,8,30,3,41,14,64,83,9,170,13,0,13,183
08/30/2019,CAK,OH,AGL,CE,Combined TRACON& Tower with Radar,18,64,39,0,121,0,8,25,3,36,18,72,64,3,157,53,2,55,212
08/31/2019,CAK,OH,AGL,CE,Combined TRACON& Tower with Radar,19,33,37,0,89,0,2,17,0,19,19,35,54,0,108,17,0,17,125
09/01/2019,CAK,OH,AGL,CE,Combined TRACON& Tower with Radar,11,25,16,0,52,0,0,4,0,4,11,25,20,0,56,2,0,2,58
09/02/2019,CAK,OH,AGL,CE,Combined TRACON& Tower with Radar,12,29,39,0,80,0,0,11,4,15,12,29,50,4,95,28,0,28,123
09/03/2019,CAK,OH,AGL,CE,Combined TRACON& Tower with Radar,14,67,65,1,147,0,11,36,6,53,14,78,101,7,200,84,0,84,284
09/04/2019,CAK,OH,AGL,CE,Combined TRACON& Tower with Radar,14,54,46,2,116,0,5,13,7,25,14,59,59,9,141,23,2,25,166
09/05/2019,CAK,OH,AGL,CE,Combined TRACON& Tower with Radar,19,65,57,3,144,0,9,33,9,51,19,74,90,12,195,56,0,56,251
09/06/2019,CAK,OH,AGL,CE,Combined TRACON& Tower with Radar,19,59,39,1,118,0,6,18,3,27,19,65,57,4,145,11,0,11,156
09/07/2019,CAK,OH,AGL,CE,Combined TRACON& Tower with Radar,17,39,31,0,87,0,2,16,1,19,17,41,47,1,106,6,0,6,112
09/08/2019,CAK,OH,AGL,CE,Combined TRACON& Tower with Radar,16,44,38,1,99,0,2,12,1,15,16,46,50,2,114,52,0,52,166
09/09/2019,CAK,OH,AGL,CE,Combined TRACON& Tower with Radar,19,61,39,2,121,0,11,30,0,41,19,72,69,2,162,43,0,43,205
09/10/2019,CAK,OH,AGL,CE,Combined TRACON& Tower with Radar,16,75,50,5,146,0,14,24,10,48,16,89,74,15,194,61,6,67,261
09/11/2019,CAK,OH,AGL,CE,Combined TRACON& Tower with Radar,17,58,48,1,124,0,6,8,6,20,17,64,56,7,144,11,4,15,159
09/12/2019,CAK,OH,AGL,CE,Combined TRACON& Tower with Radar,17,61,47,5,130,0,4,11,13,28,17,65,58,18,158,19,0,19,177
09/13/2019,CAK,OH,AGL,CE,Combined TRACON& Tower with Radar,18,57,44,0,119,0,3,10,2,15,18,60,54,2,134,24,0,24,158
09/14/2019,CAK,OH,AGL,CE,Combined TRACON& Tower with Radar,12,38,34,0,84,0,7,17,0,24,12,45,51,0,108,9,0,9,117
09/15/2019,CAK,OH,AGL,CE,Combined TRACON& Tower with Radar,18,44,37,0,99,0,2,17,0,19,18,46,54,0,118,37,1,38,156
09/16/2019,CAK,OH,AGL,CE,Combined TRACON& Tower with Radar,16,60,40,0,116,0,12,21,0,33,16,72,61,0,149,50,0,50,199
09/17/2019,CAK,OH,AGL,CE,Combined TRACON& Tower with Radar,16,66,33,4,119,0,11,12,4,27,16,77,45,8,146,70,0,70,216
09/18/2019,CAK,OH,AGL,CE,Combined TRACON& Tower with Radar,14,68,56,0,138,0,11,36,0,47,14,79,92,0,185,77,0,77,262
09/19/2019,CAK,OH,AGL,CE,Combined TRACON& Tower with Radar,16,65,57,5,143,0,10,33,3,46,16,75,90,8,189,66,10,76,265
09/20/2019,CAK,OH,AGL,CE,Combined TRACON& Tower with Radar,17,63,42,1,123,0,9,35,1,45,17,72,77,2,168,39,0,39,207
09/21/2019,CAK,OH,AGL,CE,Combined TRACON& Tower with Radar,13,42,39,0,94,0,4,32,0,36,13,46,71,0,130,28,0,28,158
09/22/2019,CAK,OH,AGL,CE,Combined TRACON& Tower with Radar,7,7,5,0,19,0,1,5,0,6,7,8,10,0,25,12,0,12,37
09/23/2019,CAK,OH,AGL,CE,Combined TRACON& Tower with Radar,16,57,37,0,110,0,0,11,0,11,16,57,48,0,121,8,0,8,129
09/24/2019,CAK,OH,AGL,CE,Combined TRACON& Tower with Radar,14,68,41,1,124,0,9,40,9,58,14,77,81,10,182,50,0,50,232
09/25/2019,CAK,OH,AGL,CE,Combined TRACON& Tower with Radar,15,48,43,1,107,0,12,28,9,49,15,60,71,10,156,49,0,49,205
09/26/2019,CAK,OH,AGL,CE,Combined TRACON& Tower with Radar,22,65,37,0,124,0,14,42,3,59,22,79,79,3,183,59,0,59,242
09/27/2019,CAK,OH,AGL,CE,Combined TRACON& Tower with Radar,19,54,26,0,99,0,21,43,3,67,19,75,69,3,166,57,0,57,223
09/28/2019,CAK,OH,AGL,CE,Combined TRACON& Tower with Radar,15,37,28,0,80,0,5,22,0,27,15,42,50,0,107,14,0,14,121
09/29/2019,CAK,OH,AGL,CE,Combined TRACON& Tower with Radar,16,42,34,0,92,0,1,20,0,21,16,43,54,0,113,24,0,24,137
09/30/2019,CAK,OH,AGL,CE,Combined TRACON& Tower with Radar,16,55,35,0,106,0,6,22,2,30,16,61,57,2,136,40,0,40,176
10/01/2019,CAK,OH,AGL,CE,Towers with Radar,16,54,41,2,113,0,14,30,6,50,16,68,71,8,163,30,0,30,193
10/02/2019,CAK,OH,AGL,CE,Towers with Radar,17,55,43,2,117,0,5,27,9,41,17,60,70,11,158,40,12,52,210
10/03/2019,CAK,OH,AGL,CE,Towers with Radar,18,72,47,0,137,0,4,10,1,15,18,76,57,1,152,5,0,5,157
10/04/2019,CAK,OH,AGL,CE,Towers with Radar,20,77,27,2,126,0,12,21,0,33,20,89,48,2,159,47,0,47,206
10/05/2019,CAK,OH,AGL,CE,Towers with Radar,15,29,28,0,72,0,10,42,0,52,15,39,70,0,124,59,0,59,183
10/06/2019,CAK,OH,AGL,CE,Towers with Radar,17,40,29,0,86,0,3,8,0,11,17,43,37,0,97,17,0,17,114
10/07/2019,CAK,OH,AGL,CE,Towers with Radar,16,61,35,0,112,0,4,38,0,42,16,65,73,0,154,55,0,55,209
10/08/2019,CAK,OH,AGL,CE,Towers with Radar,15,59,33,1,108,0,12,35,7,54,15,71,68,8,162,48,0,48,210
10/09/2019,CAK,OH,AGL,CE,Towers with Radar,14,54,45,0,113,0,10,66,10,86,14,64,111,10,199,35,0,35,234
10/10/2019,CAK,OH,AGL,CE,Towers with Radar,17,61,33,0,111,0,2,41,6,49,17,63,74,6,160,14,0,14,174
10/11/2019,CAK,OH,AGL,CE,Towers with Radar,19,49,34,0,102,0,4,34,3,41,19,53,68,3,143,34,0,34,177
10/12/2019,CAK,OH,AGL,CE,Towers with Radar,13,35,25,0,73,0,0,21,0,21,13,35,46,0,94,13,0,13,107
10/13/2019,CAK,OH,AGL,CE,Towers with Radar,16,36,38,0,90,0,3,24,1,28,16,39,62,1,118,37,0,37,155
10/14/2019,CAK,OH,AGL,CE,Towers with Radar,17,44,35,0,96,0,14,26,2,42,17,58,61,2,138,95,0,95,233
10/15/2019,CAK,OH,AGL,CE,Towers with Radar,15,61,48,0,124,0,9,45,1,55,15,70,93,1,179,85,0,85,264
10/16/2019,CAK,OH,AGL,CE,Towers with Radar,14,61,39,0,114,0,0,2,2,4,14,61,41,2,118,11,0,11,129
10/17/2019,CAK,OH,AGL,CE,Towers with Radar,16,58,47,0,121,0,3,23,4,30,16,61,70,4,151,13,0,13,164
10/18/2019,CAK,OH,AGL,CE,Towers with Radar,18,56,39,1,114,0,5,28,2,35,18,61,67,3,149,30,0,30,179
10/19/2019,CAK,OH,AGL,CE,Towers with Radar,15,33,23,0,71,0,6,50,0,56,15,39,73,0,127,51,0,51,178
10/20/2019,CAK,OH,AGL,CE,Towers with Radar,17,44,21,0,82,0,6,58,1,65,17,50,79,1,147,52,0,52,199
10/21/2019,CAK,OH,AGL,CE,Towers with Radar,23,50,24,0,97,0,6,18,1,25,23,56,42,1,122,38,0,38,160
10/22/2019,CAK,OH,AGL,CE,Towers with Radar,15,56,26,2,99,0,5,7,4,16,15,61,33,6,115,10,0,10,125
10/23/2019,CAK,OH,AGL,CE,Towers with Radar,18,51,43,4,116,0,12,12,4,28,18,63,55,8,144,38,0,38,182
10/24/2019,CAK,OH,AGL,CE,Towers with Radar,20,59,41,1,121,0,14,32,7,53,20,73,73,8,174,32,0,32,206
10/25/2019,CAK,OH,AGL,CE,Towers with Radar,26,61,22,0,109,0,6,29,2,37,26,67,51,2,146,9,0,9,155
10/26/2019,CAK,OH,AGL,CE,Towers with Radar,14,33,39,0,86,0,0,8,0,8,14,33,47,0,94,8,0,8,102
10/27/2019,CAK,OH,AGL,CE,Towers with Radar,21,30,28,0,79,0,2,1,0,3,21,32,29,0,82,0,0,0,82
10/28/2019,CAK,OH,AGL,CE,Towers with Radar,20,66,31,1,118,0,13,51,1,65,20,79,82,2,183,55,0,55,238
10/29/2019,CAK,OH,AGL,CE,Towers with Radar,16,76,44,1,137,0,8,24,6,38,16,84,68,7,175,32,0,32,207
10/30/2019,CAK,OH,AGL,CE,Towers with Radar,14,77,35,0,126,0,0,2,0,2,14,77,37,0,128,19,0,19,147
10/31/2019,CAK,OH,AGL,CE,Towers with Radar,17,49,19,0,85,0,0,0,0,0,17,49,19,0,85,5,0,5,90
11/01/2019,CAK,OH,AGL,CE,Towers with Radar,19,59,23,0,101,0,14,18,6,38,19,73,41,6,139,29,0,29,168
11/02/2019,CAK,OH,AGL,CE,Towers with Radar,14,35,18,0,67,0,6,29,0,35,14,41,47,0,102,28,0,28,130
11/03/2019,CAK,OH,AGL,CE,Towers with Radar,20,44,35,0,99,0,4,29,4,37,20,48,64,4,136,32,0,32,168
11/04/2019,CAK,OH,AGL,CE,Towers with Radar,18,48,34,0,100,0,7,31,1,39,18,55,65,1,139,32,0,32,171
11/05/2019,CAK,OH,AGL,CE,Towers with Radar,15,58,21,0,94,0,8,24,2,34,15,66,45,2,128,20,0,20,148
11/06/2019,CAK,OH,AGL,CE,Towers with Radar,18,57,44,0,119,0,20,53,2,75,18,77,97,2,194,51,0,51,245
11/07/2019,CAK,OH,AGL,CE,Towers with Radar,17,71,29,0,117,0,0,1,0,1,17,71,30,0,118,7,0,7,125
11/08/2019,CAK,OH,AGL,CE,Towers with Radar,17,53,38,0,108,0,9,24,0,33,17,62,62,0,141,47,0,47,188
11/09/2019,CAK,OH,AGL,CE,Towers with Radar,13,43,23,2,81,0,4,23,1,28,13,47,46,3,109,33,18,51,160
11/10/2019,CAK,OH,AGL,CE,Towers with Radar,16,43,32,0,91,0,7,39,0,46,16,50,71,0,137,32,0,32,169
11/11/2019,CAK,OH,AGL,CE,Towers with Radar,16,45,27,0,88,0,0,2,0,2,16,45,29,0,90,4,0,4,94
11/12/2019,CAK,OH,AGL,CE,Towers with Radar,14,61,35,0,110,0,0,3,2,5,14,61,38,2,115,6,0,6,121
11/13/2019,CAK,OH,AGL,CE,Towers with Radar,14,69,45,0,128,0,15,23,7,45,14,84,68,7,173,30,0,30,203
11/14/2019,CAK,OH,AGL,CE,Towers with Radar,18,85,47,2,152,0,20,16,7,43,18,105,63,9,195,46,0,46,241
11/15/2019,CAK,OH,AGL,CE,Towers with Radar,17,62,17,0,96,0,7,27,4,38,17,69,44,4,134,20,0,20,154
11/16/2019,CAK,OH,AGL,CE,Towers with Radar,16,43,24,0,83,0,1,18,2,21,16,44,42,2,104,16,0,16,120
11/17/2019,CAK,OH,AGL,CE,Towers with Radar,20,46,42,3,111,0,4,43,0,47,20,50,85,3,158,36,0,36,194
11/18/2019,CAK,OH,AGL,CE,Towers with Radar,17,62,42,0,121,0,26,24,0,50,17,88,66,0,171,65,0,65,236
11/19/2019,CAK,OH,AGL,CE,Towers with Radar,22,55,33,2,112,0,0,1,2,3,22,55,34,4,115,3,6,9,124
11/20/2019,CAK,OH,AGL,CE,Towers with Radar,21,70,32,2,125,0,12,14,4,30,21,82,46,6,155,45,6,51,206
11/21/2019,CAK,OH,AGL,CE,Towers with Radar,24,70,32,4,130,0,8,3,6,17,24,78,35,10,147,49,0,49,196
11/22/2019,CAK,OH,AGL,CE,Towers with Radar,27,57,25,14,123,0,4,21,0,25,27,61,46,14,148,46,10,56,204
11/23/2019,CAK,OH,AGL,CE,Towers with Radar,18,35,24,0,77,0,6,33,0,39,18,41,57,0,116,38,0,38,154
11/24/2019,CAK,OH,AGL,CE,Towers with Radar,19,39,23,0,81,0,1,6,0,7,19,40,29,0,88,14,16,30,118
11/25/2019,CAK,OH,AGL,CE,Towers with Radar,20,51,33,0,104,0,12,32,0,44,20,63,65,0,148,46,0,46,194
11/26/2019,CAK,OH,AGL,CE,Towers with Radar,22,66,44,2,134,0,13,48,6,67,22,79,92,8,201,67,0,67,268
11/27/2019,CAK,OH,AGL,CE,Towers with Radar,24,49,15,0,88,0,3,2,0,5,24,52,17,0,93,5,0,5,98
11/28/2019,CAK,OH,AGL,CE,Towers with Radar,14,31,6,0,51,0,2,2,0,4,14,33,8,0,55,4,0,4,59
11/29/2019,CAK,OH,AGL,CE,Towers with Radar,20,43,24,0,87,0,2,4,0,6,20,45,28,0,93,12,0,12,105
11/30/2019,CAK,OH,AGL,CE,Towers with Radar,21,34,18,0,73,0,0,6,0,6,21,34,24,0,79,11,0,11,90
12/01/2019,CAK,OH,AGL,CE,Towers with Radar,23,23,25,0,71,0,0,4,0,4,23,23,29,0,75,2,0,2,77
12/02/2019,CAK,OH,AGL,CE,Towers with Radar,21,52,33,0,106,0,0,0,0,0,21,52,33,0,106,5,0,5,111
12/03/2019,CAK,OH,AGL,CE,Towers with Radar,19,61,37,0,117,0,0,3,0,3,19,61,40,0,120,7,0,7,127
12/04/2019,CAK,OH,AGL,CE,Towers with Radar,21,56,33,0,110,0,0,3,0,3,21,56,36,0,113,9,0,9,122
12/05/2019,CAK,OH,AGL,CE,Towers with Radar,22,72,37,0,131,0,14,28,2,44,22,86,65,2,175,49,0,49,224
12/06/2019,CAK,OH,AGL,CE,Towers with Radar,23,62,38,0,123,0,2,13,0,15,23,64,51,0,138,15,0,15,153
12/07/2019,CAK,OH,AGL,CE,Towers with Radar,20,44,40,0,104,0,14,41,1,56,20,58,81,1,160,86,0,86,246
12/08/2019,CAK,OH,AGL,CE,Towers with Radar,23,31,14,0,68,0,6,12,3,21,23,37,26,3,89,27,0,27,116
12/09/2019,CAK,OH,AGL,CE,Towers with Radar,19,46,27,0,92,0,0,0,0,0,19,46,27,0,92,4,0,4,96
12/10/2019,CAK,OH,AGL,CE,Towers with Radar,13,50,23,0,86,0,1,0,0,1,13,51,23,0,87,6,0,6,93
12/11/2019,CAK,OH,AGL,CE,Towers with Radar,19,55,38,0,112,0,4,9,0,13,19,59,47,0,125,20,0,20,145
12/12/2019,CAK,OH,AGL,CE,Towers with Radar,21,84,50,3,158,0,20,21,5,46,21,104,71,8,204,47,0,47,251
12/13/2019,CAK,OH,AGL,CE,Towers with Radar,24,57,39,0,120,0,11,25,4,40,24,68,64,4,160,28,0,28,188
12/14/2019,CAK,OH,AGL,CE,Towers with Radar,19,39,9,0,67,0,0,0,0,0,19,39,9,0,67,10,0,10,77
12/15/2019,CAK,OH,AGL,CE,Towers with Radar,21,33,21,0,75,0,0,7,0,7,21,33,28,0,82,14,0,14,96
12/16/2019,CAK,OH,AGL,CE,Towers with Radar,21,54,29,0,104,0,5,15,0,20,21,59,44,0,124,18,0,18,142
12/17/2019,CAK,OH,AGL,CE,Towers with Radar,15,67,23,1,106,0,1,0,1,2,15,68,23,2,108,6,0,6,114
12/18/2019,CAK,OH,AGL,CE,Towers with Radar,16,60,25,0,101,0,2,9,0,11,16,62,34,0,112,5,0,5,117
12/19/2019,CAK,OH,AGL,CE,Towers with Radar,19,72,54,0,145,0,8,55,4,67,19,80,109,4,212,29,0,29,241
12/20/2019,CAK,OH,AGL,CE,Towers with Radar,17,75,41,0,133,0,5,40,4,49,17,80,81,4,182,44,0,44,226
12/21/2019,CAK,OH,AGL,CE,Towers with Radar,18,44,27,0,89,0,9,34,0,43,18,53,61,0,132,61,0,61,193
12/22/2019,CAK,OH,AGL,CE,Towers with Radar,15,38,23,0,76,0,7,44,4,55,15,45,67,4,131,30,0,30,161
12/23/2019,CAK,OH,AGL,CE,Towers with Radar,16,55,26,0,97,0,5,23,0,28,16,60,49,0,125,28,0,28,153
12/24/2019,CAK,OH,AGL,CE,Towers with Radar,5,15,13,0,33,0,0,0,0,0,5,15,13,0,33,1,0,1,34
12/25/2019,CAK,OH,AGL,CE,Towers with Radar,18,33,6,0,57,0,0,8,0,8,18,33,14,0,65,0,0,0,65
12/26/2019,CAK,OH,AGL,CE,Towers with Radar,17,37,30,0,84,0,1,21,0,22,17,38,51,0,106,3,0,3,109
12/27/2019,CAK,OH,AGL,CE,Towers with Radar,19,50,37,2,108,0,1,8,0,9,19,51,45,2,117,19,0,19,136
12/28/2019,CAK,OH,AGL,CE,Towers with Radar,19,43,36,0,98,0,0,27,0,27,19,43,63,0,125,37,0,37,162
12/29/2019,CAK,OH,AGL,CE,Towers with Radar,16,39,12,0,67,0,0,0,0,0,16,39,12,0,67,4,0,4,71
12/30/2019,CAK,OH,AGL,CE,Towers with Radar,18,49,9,0,76,0,1,7,0,8,18,50,16,0,84,6,0,6,90
12/31/2019,CAK,OH,AGL,CE,Towers with Radar,19,50,7,0,76,0,0,1,0,1,19,50,8,0,77,16,0,16,93
01/01/2020,CAK,OH,AGL,CE,Towers with Radar,18,32,17,0,67,0,0,12,0,12,18,32,29,0,79,10,0,10,89
01/02/2020,CAK,OH,AGL,CE,Towers with Radar,20,53,20,0,93,0,4,14,0,18,20,57,34,0,111,12,0,12,123
01/03/2020,CAK,OH,AGL,CE,Towers with Radar,18,55,10,0,83,0,0,0,0,0,18,55,10,0,83,5,0,5,88
01/04/2020,CAK,OH,AGL,CE,Towers with Radar,12,34,9,0,55,0,0,0,0,0,12,34,9,0,55,4,0,4,59
01/05/2020,CAK,OH,AGL,CE,Towers with Radar,20,38,26,0,84,0,0,5,0,5,20,38,31,0,89,5,0,5,94
01/06/2020,CAK,OH,AGL,CE,Towers with Radar,19,67,38,0,124,0,3,29,0,32,19,70,67,0,156,45,0,45,201
01/07/2020,CAK,OH,AGL,CE,Towers with Radar,21,56,32,0,109,0,19,35,9,63,21,75,67,9,172,70,0,70,242
01/08/2020,CAK,OH,AGL,CE,Towers with Radar,22,54,35,0,111,0,2,7,2,11,22,56,42,2,122,31,0,31,153
01/09/2020,CAK,OH,AGL,CE,Towers with Radar,21,52,46,5,124,0,3,24,1,28,21,55,70,6,152,74,0,74,226
01/10/2020,CAK,OH,AGL,CE,Towers with Radar,21,45,15,2,83,0,2,3,0,5,21,47,18,2,88,9,0,9,97
01/11/2020,CAK,OH,AGL,CE,Towers with Radar,20,24,7,0,51,0,2,2,2,6,20,26,9,2,57,8,0,8,65
01/12/2020,CAK,OH,AGL,CE,Towers with Radar,25,28,26,0,79,0,4,10,0,14,25,32,36,0,93,30,0,30,123
01/13/2020,CAK,OH,AGL,CE,Towers with Radar,22,54,29,1,106,0,13,18,1,32,22,67,47,2,138,15,0,15,153
01/14/2020,CAK,OH,AGL,CE,Towers with Radar,18,62,58,3,141,0,6,17,5,28,18,68,75,8,169,28,8,36,205
01/15/2020,CAK,OH,AGL,CE,Towers with Radar,23,48,42,5,118,0,4,12,2,18,23,52,54,7,136,14,2,16,152
01/16/2020,CAK,OH,AGL,CE,Towers with Radar,26,49,31,3,109,0,0,2,5,7,26,49,33,8,116,12,0,12,128
01/17/2020,CAK,OH,AGL,CE,Towers with Radar,25,49,33,1,108,0,19,16,2,37,25,68,49,3,145,53,4,57,202
01/18/2020,CAK,OH,AGL,CE,Towers with Radar,21,19,4,0,44,0,0,0,0,0,21,19,4,0,44,2,0,2,46
01/19/2020,CAK,OH,AGL,CE,Towers with Radar,17,25,18,0,60,0,0,0,0,0,17,25,18,0,60,0,0,0,60
01/20/2020,CAK,OH,AGL,CE,Towers with Radar,24,41,22,0,87,0,0,1,0,1,24,41,23,0,88,0,0,0,88
01/21/2020,CAK,OH,AGL,CE,Towers with Radar,20,62,42,4,128,0,10,20,4,34,20,72,62,8,162,59,2,61,223
01/22/2020,CAK,OH,AGL,CE,Towers with Radar,19,74,36,0,129,0,19,38,0,57,19,93,74,0,186,103,0,103,289
01/23/2020,CAK,OH,AGL,CE,Towers with Radar,22,64,56,4,146,0,13,27,2,42,22,77,83,6,188,69,2,71,259
01/24/2020,CAK,OH,AGL,CE,Towers with Radar,25,56,35,0,116,0,2,0,0,2,25,58,35,0,118,21,0,21,139
01/25/2020,CAK,OH,AGL,CE,Towers with Radar,22,29,9,0,60,0,0,0,0,0,22,29,9,0,60,7,0,7,67
01/26/2020,CAK,OH,AGL,CE,Towers with Radar,27,26,7,0,60,0,0,0,0,0,27,26,7,0,60,0,0,0,60
01/27/2020,CAK,OH,AGL,CE,Towers with Radar,20,47,38,0,105,0,0,1,0,1,20,47,39,0,106,6,0,6,112
01/28/2020,CAK,OH,AGL,CE,Towers with Radar,18,56,26,0,100,0,0,0,0,0,18,56,26,0,100,4,0,4,104
01/29/2020,CAK,OH,AGL,CE,Towers with Radar,20,69,24,1,114,0,4,10,3,17,20,73,34,4,131,15,2,17,148
01/30/2020,CAK,OH,AGL,CE,Towers with Radar,25,58,38,4,125,0,11,20,5,36,25,69,58,9,161,37,0,37,198
01/31/2020,CAK,OH,AGL,CE,Towers with Radar,22,60,29,0,111,0,4,15,0,19,22,64,44,0,130,44,0,44,174
02/01/2020,CAK,OH,AGL,CE,Towers with Radar,21,28,16,0,65,0,0,6,0,6,21,28,22,0,71,13,0,13,84
02/02/2020,CAK,OH,AGL,CE,Towers with Radar,24,26,27,0,77,0,0,7,0,7,24,26,34,0,84,8,0,8,92
02/03/2020,CAK,OH,AGL,CE,Towers with Radar,23,56,53,2,134,0,16,31,3,50,23,72,84,5,184,37,0,37,221
02/04/2020,CAK,OH,AGL,CE,Towers with Radar,19,58,20,6,103,0,0,2,0,2,19,58,22,6,105,11,2,13,118
02/05/2020,CAK,OH,AGL,CE,Towers with Radar,23,54,30,1,108,0,10,7,1,18,23,64,37,2,126,8,0,8,134
02/06/2020,CAK,OH,AGL,CE,Towers with Radar,21,46,17,0,84,0,0,0,0,0,21,46,17,0,84,6,0,6,90
02/07/2020,CAK,OH,AGL,CE,Towers with Radar,29,51,25,0,105,0,0,2,0,2,29,51,27,0,107,21,0,21,128
02/08/2020,CAK,OH,AGL,CE,Towers with Radar,23,24,10,0,57,0,1,1,0,2,23,25,11,0,59,7,0,7,66
02/09/2020,CAK,OH,AGL,CE,Towers with Radar,23,27,13,0,63,0,0,4,0,4,23,27,17,0,67,10,0,10,77
02/10/2020,CAK,OH,AGL,CE,Towers with Radar,20,52,26,0,98,0,0,0,0,0,20,52,26,0,98,6,0,6,104
02/11/2020,CAK,OH,AGL,CE,Towers with Radar,18,55,30,1,104,0,10,20,5,35,18,65,50,6,139,22,0,22,161
02/12/2020,CAK,OH,AGL,CE,Towers with Radar,25,51,44,0,120,0,12,16,2,30,25,63,60,2,150,29,0,29,179
02/13/2020,CAK,OH,AGL,CE,Towers with Radar,25,53,28,0,106,0,0,1,0,1,25,53,29,0,107,4,0,4,111
02/14/2020,CAK,OH,AGL,CE,Towers with Radar,22,50,26,0,98,0,19,20,0,39,22,69,46,0,137,27,0,27,164
02/15/2020,CAK,OH,AGL,CE,Towers with Radar,23,23,41,0,87,0,2,42,0,44,23,25,83,0,131,31,0,31,162
02/16/2020,CAK,OH,AGL,CE,Towers with Radar,23,34,28,0,85,0,5,13,0,18,23,39,41,0,103,22,0,22,125
02/17/2020,CAK,OH,AGL,CE,Towers with Radar,25,51,27,0,103,0,7,19,0,26,25,58,46,0,129,23,0,23,152
02/18/2020,CAK,OH,AGL,CE,Towers with Radar,25,62,34,0,121,0,3,6,4,13,25,65,40,4,134,13,8,21,155
02/19/2020,CAK,OH,AGL,CE,Towers with Radar,27,68,42,0,137,0,25,20,0,45,27,93,62,0,182,82,0,82,264
02/20/2020,CAK,OH,AGL,CE,Towers with Radar,22,56,30,6,114,0,7,9,7,23,22,63,39,13,137,56,2,58,195
02/21/2020,CAK,OH,AGL,CE,Towers with Radar,29,66,35,0,130,0,24,24,3,51,29,90,59,3,181,41,0,41,222
02/22/2020,CAK,OH,AGL,CE,Towers with Radar,23,24,31,0,78,0,6,34,0,40,23,30,65,0,118,28,0,28,146
02/23/2020,CAK,OH,AGL,CE,Towers with Radar,24,29,42,0,95,0,7,44,0,51,24,36,86,0,146,38,0,38,184
02/24/2020,CAK,OH,AGL,CE,Towers with Radar,25,52,34,0,111,0,11,13,0,24,25,63,47,0,135,23,0,23,158
02/25/2020,CAK,OH,AGL,CE,Towers with Radar,27,68,34,0,129,0,0,4,2,6,27,68,38,2,135,39,0,39,174
02/26/2020,CAK,OH,AGL,CE,Towers with Radar,29,64,19,0,112,0,0,0,0,0,29,64,19,0,112,1,0,1,113
02/27/2020,CAK,OH,AGL,CE,Towers with Radar,23,46,28,1,98,0,0,0,3,3,23,46,28,4,101,6,0,6,107
02/28/2020,CAK,OH,AGL,CE,Towers with Radar,26,58,29,2,115,0,2,7,2,11,26,60,36,4,126,15,2,17,143
02/29/2020,CAK,OH,AGL,CE,Towers with Radar,24,28,19,0,71,0,0,24,0,24,24,28,43,0,95,10,0,10,105
03/01/2020,CAK,OH,AGL,CE,Towers with Radar,25,36,35,0,96,0,8,29,0,37,25,44,64,0,133,73,0,73,206
03/02/2020,CAK,OH,AGL,CE,Towers with Radar,28,56,30,0,114,0,0,2,0,2,28,56,32,0,116,14,0,14,130
03/03/2020,CAK,OH,AGL,CE,Towers with Radar,28,37,17,0,82,0,0,0,2,2,28,37,17,2,84,8,0,8,92
03/04/2020,CAK,OH,AGL,CE,Towers with Radar,27,41,22,4,94,0,7,14,3,24,27,48,36,7,118,29,0,29,147
03/05/2020,CAK,OH,AGL,CE,Towers with Radar,33,51,40,5,129,0,34,41,5,80,33,85,81,10,209,70,4,74,283
03/06/2020,CAK,OH,AGL,CE,Towers with Radar,31,52,6,0,89,0,0,0,0,0,31,52,6,0,89,6,0,6,95
03/07/2020,CAK,OH,AGL,CE,Towers with Radar,32,28,25,0,85,0,14,45,0,59,32,42,70,0,144,49,0,49,193
03/08/2020,CAK,OH,AGL,CE,Towers with Radar,31,32,26,0,89,0,14,36,1,51,31,46,62,1,140,42,0,42,182
03/09/2020,CAK,OH,AGL,CE,Towers with Radar,32,36,27,5,100,0,6,14,1,21,32,42,41,6,121,22,0,22,143
03/10/2020,CAK,OH,AGL,CE,Towers with Radar,31,57,22,0,110,0,0,0,0,0,31,57,22,0,110,6,0,6,116
03/11/2020,CAK,OH,AGL,CE,Towers with Radar,29,48,34,1,112,0,0,1,1,2,29,48,35,2,114,13,0,13,127
03/12/2020,CAK,OH,AGL,CE,Towers with Radar,30,48,31,1,110,0,2,14,9,25,30,50,45,10,135,35,0,35,170
03/13/2020,CAK,OH,AGL,CE,Towers with Radar,28,43,27,2,100,0,1,10,4,15,28,44,37,6,115,9,0,9,124
03/14/2020,CAK,OH,AGL,CE,Towers with Radar,30,19,25,0,74,0,2,26,0,28,30,21,51,0,102,26,0,26,128
03/15/2020,CAK,OH,AGL,CE,Towers with Radar,29,27,25,0,81,0,0,21,0,21,29,27,46,0,102,34,0,34,136
03/16/2020,CAK,OH,AGL,CE,Towers with Radar,30,43,36,1,110,0,0,19,1,20,30,43,55,2,130,10,0,10,140
03/17/2020,CAK,OH,AGL,CE,Towers with Radar,27,51,18,2,98,0,0,4,10,14,27,51,22,12,112,2,4,6,118
03/18/2020,CAK,OH,AGL,CE,Towers with Radar,30,50,38,5,123,0,0,21,1,22,30,50,59,6,145,33,0,33,178
03/19/2020,CAK,OH,AGL,CE,Towers with Radar,29,41,18,7,95,0,0,0,3,3,29,41,18,10,98,4,4,8,106
03/20/2020,CAK,OH,AGL,CE,Towers with Radar,28,48,11,1,88,0,2,3,5,10,28,50,14,6,98,10,0,10,108
03/21/2020,CAK,OH,AGL,CE,Towers with Radar,28,15,13,0,56,0,0,14,0,14,28,15,27,0,70,32,0,32,102
03/22/2020,CAK,OH,AGL,CE,Towers with Radar,25,18,24,0,67,0,2,36,0,38,25,20,60,0,105,42,0,42,147
03/23/2020,CAK,OH,AGL,CE,Towers with Radar,23,28,10,0,61,0,0,0,0,0,23,28,10,0,61,0,0,0,61
03/24/2020,CAK,OH,AGL,CE,Towers with Radar,28,39,7,0,74,0,0,7,0,7,28,39,14,0,81,8,0,8,89
03/25/2020,CAK,OH,AGL,CE,Towers with Radar,23,35,11,0,69,0,0,23,0,23,23,35,34,0,92,10,0,10,102
03/26/2020,CAK,OH,AGL,CE,Towers with Radar,21,35,15,0,71,0,3,18,0,21,21,38,33,0,92,20,0,20,112
03/27/2020,CAK,OH,AGL,CE,Towers with Radar,20,32,21,0,73,0,0,5,0,5,20,32,26,0,78,30,0,30,108
03/28/2020,CAK,OH,AGL,CE,Towers with Radar,22,9,3,0,34,0,0,0,0,0,22,9,3,0,34,0,0,0,34
03/29/2020,CAK,OH,AGL,CE,Towers with Radar,20,9,10,0,39,0,0,1,0,1,20,9,11,0,40,0,0,0,40
03/30/2020,CAK,OH,AGL,CE,Towers with Radar,16,22,6,0,44,0,0,5,0,5,16,22,11,0,49,0,0,0,49
03/31/2020,CAK,OH,AGL,CE,Towers with Radar,21,28,15,0,64,0,0,5,0,5,21,28,20,0,69,4,0,4,73
04/01/2020,CAK,OH,AGL,CE,Towers with Radar,21,17,16,0,54,0,0,3,0,3,21,17,19,0,57,4,0,4,61
04/02/2020,CAK,OH,AGL,CE,Towers with Radar,20,15,24,0,59,0,1,49,2,52,20,16,73,2,111,10,0,10,121
04/03/2020,CAK,OH,AGL,CE,Towers with Radar,20,26,9,0,55,0,0,26,0,26,20,26,35,0,81,18,0,18,99
04/04/2020,CAK,OH,AGL,CE,Towers with Radar,20,8,11,0,39,0,0,43,0,43,20,8,54,0,82,7,0,7,89
04/05/2020,CAK,OH,AGL,CE,Towers with Radar,18,3,7,0,28,0,0,2,0,2,18,3,9,0,30,0,0,0,30
04/06/2020,CAK,OH,AGL,CE,Towers with Radar,15,11,11,0,37,0,0,32,0,32,15,11,43,0,69,16,0,16,85
04/07/2020,CAK,OH,AGL,CE,Towers with Radar,13,19,7,0,39,0,0,4,0,4,13,19,11,0,43,0,0,0,43
04/08/2020,CAK,OH,AGL,CE,Towers with Radar,12,18,29,0,59,0,0,27,0,27,12,18,56,0,86,20,0,20,106
04/09/2020,CAK,OH,AGL,CE,Towers with Radar,11,18,7,0,36,0,0,2,0,2,11,18,9,0,38,0,0,0,38
04/10/2020,CAK,OH,AGL,CE,Towers with Radar,9,8,7,0,24,0,0,5,0,5,9,8,12,0,29,0,0,0,29
04/11/2020,CAK,OH,AGL,CE,Towers with Radar,10,7,47,0,64,0,1,54,0,55,10,8,101,0,119,52,0,52,171
04/12/2020,CAK,OH,AGL,CE,Towers with Radar,10,3,7,0,20,0,0,14,0,14,10,3,21,0,34,6,0,6,40
04/13/2020,CAK,OH,AGL,CE,Towers with Radar,11,12,0,0,23,0,2,0,0,2,11,14,0,0,25,0,0,0,25
04/14/2020,CAK,OH,AGL,CE,Towers with Radar,11,21,30,0,62,0,0,35,0,35,11,21,65,0,97,31,0,31,128
04/15/2020,CAK,OH,AGL,CE,Towers with Radar,10,17,31,0,58,0,0,17,0,17,10,17,48,0,75,34,0,34,109
04/16/2020,CAK,OH,AGL,CE,Towers with Radar,10,19,18,1,48,0,0,16,1,17,10,19,34,2,65,28,0,28,93
04/17/2020,CAK,OH,AGL,CE,Towers with Radar,11,24,5,0,40,0,0,1,0,1,11,24,6,0,41,0,0,0,41
04/18/2020,CAK,OH,AGL,CE,Towers with Radar,10,11,26,0,47,0,0,19,0,19,10,11,45,0,66,10,0,10,76
04/19/2020,CAK,OH,AGL,CE,Towers with Radar,10,1,5,0,16,0,0,15,2,17,10,1,20,2,33,0,0,0,33
04/20/2020,CAK,OH,AGL,CE,Towers with Radar,8,15,29,0,52,0,2,55,0,57,8,17,84,0,109,30,0,30,139
04/21/2020,CAK,OH,AGL,CE,Towers with Radar,13,21,14,1,49,0,0,2,1,3,13,21,16,2,52,2,0,2,54
04/22/2020,CAK,OH,AGL,CE,Towers with Radar,8,20,26,1,55,0,2,33,1,36,8,22,59,2,91,14,0,14,105
04/23/2020,CAK,OH,AGL,CE,Towers with Radar,10,12,12,0,34,0,0,11,0,11,10,12,23,0,45,10,0,10,55
04/24/2020,CAK,OH,AGL,CE,Towers with Radar,10,26,28,0,64,0,0,20,0,20,10,26,48,0,84,32,0,32,116
04/25/2020,CAK,OH,AGL,CE,Towers with Radar,8,15,24,0,47,0,0,36,0,36,8,15,60,0,83,34,0,34,117
04/26/2020,CAK,OH,AGL,CE,Towers with Radar,12,7,12,0,31,0,0,0,0,0,12,7,12,0,31,0,0,0,31
04/27/2020,CAK,OH,AGL,CE,Towers with Radar,10,18,15,1,44,0,3,24,1,28,10,21,39,2,72,18,0,18,90
04/28/2020,CAK,OH,AGL,CE,Towers with Radar,10,12,27,1,50,0,1,14,1,16,10,13,41,2,66,26,0,26,92
04/29/2020,CAK,OH,AGL,CE,Towers with Radar,9,22,16,0,47,0,0,1,2,3,9,22,17,2,50,2,0,2,52
04/30/2020,CAK,OH,AGL,CE,Towers with Radar,12,15,15,2,44,0,4,0,0,4,12,19,15,2,48,4,0,4,52
05/01/2020,CAK,OH,AGL,CE,Towers with Radar,10,23,25,0,58,0,0,10,0,10,10,23,35,0,68,4,0,4,72
05/02/2020,CAK,OH,AGL,CE,Towers with Radar,11,6,36,0,53,0,0,49,0,49,11,6,85,0,102,40,0,40,142
05/03/2020,CAK,OH,AGL,CE,Towers with Radar,12,5,24,0,41,0,0,23,2,25,12,5,47,2,66,20,0,20,86
05/04/2020,CAK,OH,AGL,CE,Towers with Radar,12,17,18,0,47,0,0,34,0,34,12,17,52,0,81,30,0,30,111
05/05/2020,CAK,OH,AGL,CE,Towers with Radar,10,20,21,1,52,0,0,17,1,18,10,20,38,2,70,16,0,16,86
05/06/2020,CAK,OH,AGL,CE,Towers with Radar,14,19,24,1,58,0,2,18,1,21,14,21,42,2,79,24,0,24,103
05/07/2020,CAK,OH,AGL,CE,Towers with Radar,8,13,35,0,56,0,0,20,2,22,8,13,55,2,78,10,0,10,88
05/08/2020,CAK,OH,AGL,CE,Towers with Radar,11,22,23,0,56,0,1,9,0,10,11,23,32,0,66,16,0,16,82
05/09/2020,CAK,OH,AGL,CE,Towers with Radar,6,12,20,0,38,0,2,11,0,13,6,14,31,0,51,14,0,14,65
05/10/2020,CAK,OH,AGL,CE,Towers with Radar,8,2,9,0,19,0,0,11,0,11,8,2,20,0,30,7,0,7,37
05/11/2020,CAK,OH,AGL,CE,Towers with Radar,8,13,20,0,41,0,0,3,0,3,8,13,23,0,44,16,0,16,60
05/12/2020,CAK,OH,AGL,CE,Towers with Radar,5,19,19,2,45,0,1,40,3,44,5,20,59,5,89,4,0,4,93
05/13/2020,CAK,OH,AGL,CE,Towers with Radar,6,22,51,0,79,0,1,69,2,72,6,23,120,2,151,60,0,60,211
05/14/2020,CAK,OH,AGL,CE,Towers with Radar,6,11,11,2,30,0,0,0,2,2,6,11,11,4,32,0,0,0,32
05/15/2020,CAK,OH,AGL,CE,Towers with Radar,6,19,10,0,35,0,2,3,0,5,6,21,13,0,40,2,0,2,42
05/16/2020,CAK,OH,AGL,CE,Towers with Radar,5,9,33,0,47,0,0,39,0,39,5,9,72,0,86,16,0,16,102
05/17/2020,CAK,OH,AGL,CE,Towers with Radar,7,5,15,0,27,0,0,15,2,17,7,5,30,2,44,6,0,6,50
05/18/2020,CAK,OH,AGL,CE,Towers with Radar,6,15,19,4,44,0,2,4,0,6,6,17,23,4,50,6,0,6,56
05/19/2020,CAK,OH,AGL,CE,Towers with Radar,4,10,6,2,22,0,1,5,8,14,4,11,11,10,36,0,0,0,36
05/20/2020,CAK,OH,AGL,CE,Towers with Radar,6,28,46,2,82,0,1,39,7,47,6,29,85,9,129,52,0,52,181
05/21/2020,CAK,OH,AGL,CE,Towers with Radar,6,21,67,7,101,0,0,34,11,45,6,21,101,18,146,41,8,49,195
05/22/2020,CAK,OH,AGL,CE,Towers with Radar,7,36,26,6,75,0,0,3,0,3,7,36,29,6,78,4,0,4,82
05/23/2020,CAK,OH,AGL,CE,Towers with Radar,4,9,26,4,43,0,0,25,1,26,4,9,51,5,69,18,0,18,87
05/24/2020,CAK,OH,AGL,CE,Towers with Radar,7,3,27,0,37,0,0,36,8,44,7,3,63,8,81,18,0,18,99
05/25/2020,CAK,OH,AGL,CE,Towers with Radar,7,5,13,0,25,0,0,17,0,17,7,5,30,0,42,38,0,38,80
05/26/2020,CAK,OH,AGL,CE,Towers with Radar,4,23,31,0,58,0,6,45,8,59,4,29,76,8,117,31,0,31,148
05/27/2020,CAK,OH,AGL,CE,Towers with Radar,6,32,33,17,88,0,3,26,4,33,6,35,59,21,121,36,10,46,167
05/28/2020,CAK,OH,AGL,CE,Towers with Radar,6,19,21,0,46,0,0,4,3,7,6,19,25,3,53,16,0,16,69
05/29/2020,CAK,OH,AGL,CE,Towers with Radar,6,30,30,2,68,0,0,4,2,6,6,30,34,4,74,56,0,56,130
05/30/2020,CAK,OH,AGL,CE,Towers with Radar,4,5,27,0,36,0,1,23,1,25,4,6,50,1,61,16,0,16,77
05/31/2020,CAK,OH,AGL,CE,Towers with Radar,8,12,34,0,54,0,0,23,0,23,8,12,57,0,77,20,0,20,97
06/01/2020,CAK,OH,AGL,CE,Combined TRACON& Tower with Radar,6,18,45,0,69,0,0,55,4,59,6,18,100,4,128,52,0,52,180
06/02/2020,CAK,OH,AGL,CE,Combined TRACON& Tower with Radar,5,17,39,2,63,0,0,49,2,51,5,17,88,4,114,76,0,76,190
06/03/2020,CAK,OH,AGL,CE,Combined TRACON& Tower with Radar,7,23,26,2,58,0,1,14,8,23,7,24,40,10,81,53,0,53,134
06/04/2020,CAK,OH,AGL,CE,Combined TRACON& Tower with Radar,6,27,30,1,64,0,0,5,7,12,6,27,35,8,76,8,4,12,88
06/05/2020,CAK,OH,AGL,CE,Combined TRACON& Tower with Radar,6,29,32,1,68,0,4,16,1,21,6,33,48,2,89,32,0,32,121
06/06/2020,CAK,OH,AGL,CE,Combined TRACON& Tower with Radar,5,21,29,0,55,0,2,53,0,55,5,23,82,0,110,54,0,54,164
06/07/2020,CAK,OH,AGL,CE,Combined TRACON& Tower with Radar,6,3,50,0,59,0,2,68,0,70,6,5,118,0,129,72,0,72,201
06/08/2020,CAK,OH,AGL,CE,Combined TRACON& Tower with Radar,6,30,41,10,87,0,6,65,0,71,6,36,106,10,158,78,0,78,236
06/09/2020,CAK,OH,AGL,CE,Combined TRACON& Tower with Radar,5,39,32,0,76,0,12,32,4,48,5,51,64,4,124,47,0,47,171
06/10/2020,CAK,OH,AGL,CE,Combined TRACON& Tower with Radar,10,19,32,1,62,0,0,9,1,10,10,19,41,2,72,10,0,10,82
06/11/2020,CAK,OH,AGL,CE,Combined TRACON& Tower with Radar,8,25,35,0,68,0,3,29,10,42,8,28,64,10,110,46,0,46,156
06/12/2020,CAK,OH,AGL,CE,Combined TRACON& Tower with Radar,11,30,46,0,87,0,15,45,1,61,11,45,91,1,148,32,0,32,180
06/13/2020,CAK,OH,AGL,CE,Combined TRACON& Tower with Radar,4,7,31,0,42,0,4,34,0,38,4,11,65,0,80,42,0,42,122
06/14/2020,CAK,OH,AGL,CE,Combined TRACON& Tower with Radar,8,13,40,0,61,0,2,29,1,32,8,15,69,1,93,16,0,16,109
06/15/2020,CAK,OH,AGL,CE,Combined TRACON& Tower with Radar,8,19,37,0,64,0,11,46,0,57,8,30,83,0,121,40,0,40,161
06/16/2020,CAK,OH,AGL,CE,Combined TRACON& Tower with Radar,4,40,27,0,71,0,9,42,2,53,4,49,69,2,124,52,0,52,176
06/17/2020,CAK,OH,AGL,CE,Combined TRACON& Tower with Radar,9,37,47,2,95,0,1,47,2,50,9,38,94,4,145,38,2,40,185
06/18/2020,CAK,OH,AGL,CE,Combined TRACON& Tower with Radar,10,39,30,3,82,0,2,19,8,29,10,41,49,11,111,30,0,30,141
06/19/2020,CAK,OH,AGL,CE,Combined TRACON& Tower with Radar,8,34,39,0,81,0,2,6,0,8,8,36,45,0,89,32,0,32,121
06/20/2020,CAK,OH,AGL,CE,Combined TRACON& Tower with Radar,4,9,42,2,57,0,2,41,6,49,4,11,83,8,106,38,2,40,146
06/21/2020,CAK,OH,AGL,CE,Combined TRACON& Tower with Radar,13,10,20,0,43,0,0,22,1,23,13,10,42,1,66,12,0,12,78
06/22/2020,CAK,OH,AGL,CE,Combined TRACON& Tower with Radar,6,21,31,0,58,0,0,2,8,10,6,21,33,8,68,32,2,34,102
06/23/2020,CAK,OH,AGL,CE,Combined TRACON& Tower with Radar,4,25,16,6,51,0,0,2,6,8,4,25,18,12,59,32,4,36,95
06/24/2020,CAK,OH,AGL,CE,Combined TRACON& Tower with Radar,7,40,42,0,89,0,6,43,10,59,7,46,85,10,148,48,0,48,196
06/25/2020,CAK,OH,AGL,CE,Combined TRACON& Tower with Radar,8,26,22,4,60,0,8,32,9,49,8,34,54,13,109,20,3,23,132
06/26/2020,CAK,OH,AGL,CE,Combined TRACON& Tower with Radar,8,31,36,1,76,0,4,28,1,33,8,35,64,2,109,58,0,58,167
06/27/2020,CAK,OH,AGL,CE,Combined TRACON& Tower with Radar,4,7,11,0,22,0,0,4,1,5,4,7,15,1,27,2,0,2,29
06/28/2020,CAK,OH,AGL,CE,Combined TRACON& Tower with Radar,9,13,39,1,62,0,0,33,3,36,9,13,72,4,98,34,0,34,132
06/29/2020,CAK,OH,AGL,CE,Combined TRACON& Tower with Radar,5,31,29,0,65,0,20,37,1,58,5,51,66,1,123,66,0,66,189
06/30/2020,CAK,OH,AGL,CE,Combined TRACON& Tower with Radar,5,32,31,1,69,0,10,44,5,59,5,42,75,6,128,46,0,46,174
07/01/2020,CAK,OH,AGL,CE,Towers with Radar,9,39,45,0,93,0,18,28,0,46,9,57,73,0,139,66,0,66,205
07/02/2020,CAK,OH,AGL,CE,Towers with Radar,8,23,60,0,91,0,13,56,1,70,8,36,116,1,161,86,0,86,247
07/03/2020,CAK,OH,AGL,CE,Towers with Radar,10,6,19,0,35,0,2,44,1,47,10,8,63,1,82,18,0,18,100
07/04/2020,CAK,OH,AGL,CE,Towers with Radar,10,4,12,0,26,0,0,17,3,20,10,4,29,3,46,10,0,10,56
07/05/2020,CAK,OH,AGL,CE,Towers with Radar,9,10,26,0,45,0,0,31,0,31,9,10,57,0,76,12,0,12,88
07/06/2020,CAK,OH,AGL,CE,Towers with Radar,9,30,28,0,67,0,5,38,2,45,9,35,66,2,112,38,0,38,150
07/07/2020,CAK,OH,AGL,CE,Towers with Radar,18,31,28,0,77,0,8,11,0,19,18,39,39,0,96,36,0,36,132
07/08/2020,CAK,OH,AGL,CE,Towers with Radar,12,30,35,0,77,0,19,22,0,41,12,49,57,0,118,28,0,28,146
07/09/2020,CAK,OH,AGL,CE,Towers with Radar,18,31,29,0,78,0,21,37,2,60,18,52,66,2,138,60,0,60,198
07/10/2020,CAK,OH,AGL,CE,Towers with Radar,17,28,15,0,60,0,1,13,0,14,17,29,28,0,74,18,0,18,92
07/11/2020,CAK,OH,AGL,CE,Towers with Radar,17,25,32,0,74,0,0,15,0,15,17,25,47,0,89,16,0,16,105
07/12/2020,CAK,OH,AGL,CE,Towers with Radar,19,10,30,0,59,0,1,26,2,29,19,11,56,2,88,31,0,31,119
07/13/2020,CAK,OH,AGL,CE,Towers with Radar,17,32,33,0,82,0,11,37,0,48,17,43,70,0,130,52,0,52,182
07/14/2020,CAK,OH,AGL,CE,Towers with Radar,14,37,30,0,81,0,18,44,0,62,14,55,74,0,143,90,0,90,233
07/15/2020,CAK,OH,AGL,CE,Towers with Radar,13,30,59,0,102,0,20,42,0,62,13,50,101,0,164,76,0,76,240
07/16/2020,CAK,OH,AGL,CE,Towers with Radar,18,29,28,0,75,0,0,19,0,19,18,29,47,0,94,12,0,12,106
07/17/2020,CAK,OH,AGL,CE,Towers with Radar,18,31,34,0,83,0,16,38,0,54,18,47,72,0,137,48,0,48,185
07/18/2020,CAK,OH,AGL,CE,Towers with Radar,16,3,34,0,53,0,2,54,1,57,16,5,88,1,110,59,0,59,169
07/19/2020,CAK,OH,AGL,CE,Towers with Radar,19,5,33,0,57,0,3,22,1,26,19,8,55,1,83,17,0,17,100
07/20/2020,CAK,OH,AGL,CE,Towers with Radar,18,29,28,0,75,0,24,29,0,53,18,53,57,0,128,62,0,62,190
07/21/2020,CAK,OH,AGL,CE,Towers with Radar,11,37,28,1,77,0,22,18,0,40,11,59,46,1,117,72,0,72,189
07/22/2020,CAK,OH,AGL,CE,Towers with Radar,15,29,34,1,79,0,0,7,0,7,15,29,41,1,86,32,0,32,118
07/23/2020,CAK,OH,AGL,CE,Towers with Radar,19,25,33,0,77,0,5,7,0,12,19,30,40,0,89,36,0,36,125
07/24/2020,CAK,OH,AGL,CE,Towers with Radar,21,32,47,0,100,0,16,57,0,73,21,48,104,0,173,110,0,110,283
07/25/2020,CAK,OH,AGL,CE,Towers with Radar,16,25,40,0,81,0,8,36,0,44,16,33,76,0,125,62,0,62,187
07/26/2020,CAK,OH,AGL,CE,Towers with Radar,18,13,36,0,67,0,9,46,0,55,18,22,82,0,122,110,0,110,232
07/27/2020,CAK,OH,AGL,CE,Towers with Radar,16,24,21,0,61,0,2,4,0,6,16,26,25,0,67,12,0,12,79
07/28/2020,CAK,OH,AGL,CE,Towers with Radar,14,24,56,0,94,0,34,39,2,75,14,58,95,2,169,86,0,86,255
07/29/2020,CAK,OH,AGL,CE,Towers with Radar,12,25,47,1,85,0,24,41,6,71,12,49,88,7,156,95,0,95,251
07/30/2020,CAK,OH,AGL,CE,Towers with Radar,19,33,39,0,91,0,23,30,0,53,19,56,69,0,144,124,0,124,268
07/31/2020,CAK,OH,AGL,CE,Towers with Radar,18,42,53,0,113,0,22,42,1,65,18,64,95,1,178,204,0,204,382
08/01/2020,CAK,OH,AGL,CE,Towers with Radar,22,15,30,0,67,0,0,8,0,8,22,15,38,0,75,26,0,26,101
08/02/2020,CAK,OH,AGL,CE,Towers with Radar,19,7,23,0,49,0,0,1,0,1,19,7,24,0,50,6,0,6,56
08/03/2020,CAK,OH,AGL,CE,Towers with Radar,18,7,37,0,62,0,0,24,0,24,18,7,61,0,86,44,0,44,130
08/04/2020,CAK,OH,AGL,CE,Towers with Radar,10,18,24,0,52,0,2,11,0,13,10,20,35,0,65,16,0,16,81
08/05/2020,CAK,OH,AGL,CE,Towers with Radar,13,29,76,0,118,0,8,59,0,67,13,37,135,0,185,82,0,82,267
08/06/2020,CAK,OH,AGL,CE,Towers with Radar,23,28,39,1,91,0,3,41,3,47,23,31,80,4,138,34,0,34,172
08/07/2020,CAK,OH,AGL,CE,Towers with Radar,19,27,60,8,114,1,6,68,2,77,20,33,128,10,191,70,8,78,269
08/08/2020,CAK,OH,AGL,CE,Towers with Radar,19,20,49,0,88,0,6,73,2,81,19,26,122,2,169,86,0,86,255
08/09/2020,CAK,OH,AGL,CE,Towers with Radar,19,11,51,0,81,0,8,68,1,77,19,19,119,1,158,180,0,180,338
08/10/2020,CAK,OH,AGL,CE,Towers with Radar,19,15,53,0,87,0,0,48,1,49,19,15,101,1,136,70,0,70,206
08/11/2020,CAK,OH,AGL,CE,Towers with Radar,12,25,51,0,88,0,0,52,0,52,12,25,103,0,140,54,0,54,194
08/12/2020,CAK,OH,AGL,CE,Towers with Radar,12,29,36,0,77,0,0,24,0,24,12,29,60,0,101,52,0,52,153
08/13/2020,CAK,OH,AGL,CE,Towers with Radar,21,62,51,0,134,0,7,43,2,52,21,69,94,2,186,66,0,66,252
08/14/2020,CAK,OH,AGL,CE,Towers with Radar,19,44,39,0,102,0,18,35,1,54,19,62,74,1,156,66,0,66,222
08/15/2020,CAK,OH,AGL,CE,Towers with Radar,16,22,41,0,79,0,6,24,0,30,16,28,65,0,109,84,0,84,193
08/16/2020,CAK,OH,AGL,CE,Towers with Radar,18,6,27,0,51,0,2,21,0,23,18,8,48,0,74,34,0,34,108
08/17/2020,CAK,OH,AGL,CE,Towers with Radar,21,14,24,0,59,0,0,25,0,25,21,14,49,0,84,22,0,22,106
08/18/2020,CAK,OH,AGL,CE,Towers with Radar,14,23,38,0,75,0,1,44,0,45,14,24,82,0,120,52,0,52,172
08/19/2020,CAK,OH,AGL,CE,Towers with Radar,12,31,35,0,78,0,6,61,0,67,12,37,96,0,145,58,0,58,203
08/20/2020,CAK,OH,AGL,CE,Towers with Radar,16,38,57,2,113,0,17,70,0,87,16,55,127,2,200,58,0,58,258
08/21/2020,CAK,OH,AGL,CE,Towers with Radar,15,36,41,0,92,0,7,56,0,63,15,43,97,0,155,82,0,82,237
08/22/2020,CAK,OH,AGL,CE,Towers with Radar,17,33,39,0,89,0,17,66,4,87,17,50,105,4,176,54,0,54,230
08/23/2020,CAK,OH,AGL,CE,Towers with Radar,18,10,41,0,69,0,2,30,0,32,18,12,71,0,101,26,0,26,127
08/24/2020,CAK,OH,AGL,CE,Towers with Radar,18,21,49,0,88,0,2,24,0,26,18,23,73,0,114,36,0,36,150
08/25/2020,CAK,OH,AGL,CE,Towers with Radar,13,21,54,0,88,0,0,49,0,49,13,21,103,0,137,96,0,96,233
08/26/2020,CAK,OH,AGL,CE,Towers with Radar,16,21,43,0,80,0,0,30,0,30,16,21,73,0,110,48,0,48,158
08/27/2020,CAK,OH,AGL,CE,Towers with Radar,16,29,34,0,79,0,1,14,2,17,16,30,48,2,96,22,0,22,118
08/28/2020,CAK,OH,AGL,CE,Towers with Radar,21,20,24,0,65,0,0,1,0,1,21,20,25,0,66,0,0,0,66
08/29/2020,CAK,OH,AGL,CE,Towers with Radar,16,23,26,0,65,0,0,8,0,8,16,23,34,0,73,14,0,14,87
08/30/2020,CAK,OH,AGL,CE,Towers with Radar,17,23,50,0,90,0,11,42,0,53,17,34,92,0,143,62,0,62,205
08/31/2020,CAK,OH,AGL,CE,Towers with Radar,16,22,38,0,76,0,0,46,1,47,16,22,84,1,123,44,0,44,167
09/01/2020,CAK,OH,AGL,CE,Towers with Radar,10,41,46,0,97,0,16,17,0,33,10,57,63,0,130,46,0,46,176
09/02/2020,CAK,OH,AGL,CE,Towers with Radar,16,46,60,0,122,0,2,12,0,14,16,48,72,0,136,54,0,54,190
09/03/2020,CAK,OH,AGL,CE,Towers with Radar,16,25,38,0,79,0,16,22,0,38,16,41,60,0,117,46,0,46,163
09/04/2020,CAK,OH,AGL,CE,Towers with Radar,16,47,42,2,107,0,15,48,0,63,16,62,90,2,170,40,0,40,210
09/05/2020,CAK,OH,AGL,CE,Towers with Radar,15,10,28,0,53,0,7,52,0,59,15,17,80,0,112,52,0,52,164
09/06/2020,CAK,OH,AGL,CE,Towers with Radar,14,8,36,0,58,0,0,48,0,48,14,8,84,0,106,52,0,52,158
09/07/2020,CAK,OH,AGL,CE,Towers with Radar,14,9,21,0,44,0,0,2,0,2,14,9,23,0,46,0,0,0,46
09/08/2020,CAK,OH,AGL,CE,Towers with Radar,12,21,35,13,81,0,21,38,0,59,12,42,73,13,140,72,16,88,228
09/09/2020,CAK,OH,AGL,CE,Towers with Radar,15,31,36,0,82,0,16,34,2,52,15,47,70,2,134,78,0,78,212
09/10/2020,CAK,OH,AGL,CE,Towers with Radar,14,37,40,3,94,0,0,5,1,6,14,37,45,4,100,20,0,20,120
09/11/2020,CAK,OH,AGL,CE,Towers with Radar,14,35,59,1,109,0,3,28,0,31,14,38,87,1,140,30,0,30,170
09/12/2020,CAK,OH,AGL,CE,Towers with Radar,14,17,23,0,54,0,8,31,0,39,14,25,54,0,93,20,0,20,113
09/13/2020,CAK,OH,AGL,CE,Towers with Radar,14,11,36,0,61,0,4,20,1,25,14,15,56,1,86,34,0,34,120
09/14/2020,CAK,OH,AGL,CE,Towers with Radar,14,33,31,0,78,0,11,43,1,55,14,44,74,1,133,52,0,52,185
09/15/2020,CAK,OH,AGL,CE,Towers with Radar,16,27,26,0,69,0,16,29,0,45,16,43,55,0,114,46,0,46,160
09/16/2020,CAK,OH,AGL,CE,Towers with Radar,14,36,42,0,92,0,25,47,2,74,14,61,89,2,166,60,0,60,226
09/17/2020,CAK,OH,AGL,CE,Towers with Radar,15,39,39,0,93,0,7,17,4,28,15,46,56,4,121,44,0,44,165
09/18/2020,CAK,OH,AGL,CE,Towers with Radar,14,21,43,6,84,0,11,22,0,33,14,32,65,6,117,36,30,66,183
09/19/2020,CAK,OH,AGL,CE,Towers with Radar,14,12,27,0,53,0,11,43,3,57,14,23,70,3,110,42,0,42,152
09/20/2020,CAK,OH,AGL,CE,Towers with Radar,16,10,36,1,63,0,2,52,7,61,16,12,88,8,124,50,0,50,174
09/21/2020,CAK,OH,AGL,CE,Towers with Radar,14,22,34,0,70,0,15,38,0,53,14,37,72,0,123,70,0,70,193
09/22/2020,CAK,OH,AGL,CE,Towers with Radar,13,29,29,0,71,0,13,42,0,55,13,42,71,0,126,50,0,50,176
09/23/2020,CAK,OH,AGL,CE,Towers with Radar,14,29,58,0,101,0,16,46,0,62,14,45,104,0,163,78,0,78,241
09/24/2020,CAK,OH,AGL,CE,Towers with Radar,15,40,42,0,97,0,4,37,0,41,15,44,79,0,138,38,0,38,176
09/25/2020,CAK,OH,AGL,CE,Towers with Radar,14,28,36,0,78,0,6,47,4,57,14,34,83,4,135,86,0,86,221
09/26/2020,CAK,OH,AGL,CE,Towers with Radar,13,15,41,0,69,0,2,45,0,47,13,17,86,0,116,42,0,42,158
09/27/2020,CAK,OH,AGL,CE,Towers with Radar,15,15,50,0,80,0,6,27,0,33,15,21,77,0,113,70,0,70,183
09/28/2020,CAK,OH,AGL,CE,Towers with Radar,14,24,31,2,71,0,0,5,0,5,14,24,36,2,76,16,4,20,96
09/29/2020,CAK,OH,AGL,CE,Towers with Radar,13,23,27,0,63,0,0,10,0,10,13,23,37,0,73,14,0,14,87
09/30/2020,CAK,OH,AGL,CE,Towers with Radar,16,36,38,0,90,0,0,11,0,11,16,36,49,0,101,6,0,6,107
10/01/2020,CAK,OH,AGL,CE,Towers with Radar,21,31,40,2,94,0,3,40,0,43,21,34,80,2,137,36,0,36,173
10/02/2020,CAK,OH,AGL,CE,Towers with Radar,16,41,52,0,109,0,4,41,0,45,16,45,93,0,154,76,0,76,230
10/03/2020,CAK,OH,AGL,CE,Towers with Radar,12,18,33,0,63,0,4,41,0,45,12,22,74,0,108,34,0,34,142
10/04/2020,CAK,OH,AGL,CE,Towers with Radar,19,8,35,0,62,0,0,16,0,16,19,8,51,0,78,26,0,26,104
10/05/2020,CAK,OH,AGL,CE,Towers with Radar,16,21,36,0,73,0,19,32,0,51,16,40,68,0,124,52,0,52,176
10/06/2020,CAK,OH,AGL,CE,Towers with Radar,13,23,40,0,76,0,6,20,0,26,13,29,60,0,102,26,0,26,128
10/07/2020,CAK,OH,AGL,CE,Towers with Radar,14,34,34,0,82,0,5,18,0,23,14,39,52,0,105,28,0,28,133
10/08/2020,CAK,OH,AGL,CE,Towers with Radar,17,45,60,4,126,0,16,40,0,56,17,61,100,4,182,115,0,115,297
10/09/2020,CAK,OH,AGL,CE,Towers with Radar,18,35,48,0,101,0,5,42,0,47,18,40,90,0,148,54,0,54,202
10/10/2020,CAK,OH,AGL,CE,Towers with Radar,13,15,21,0,49,0,0,17,0,17,13,15,38,0,66,40,0,40,106
10/11/2020,CAK,OH,AGL,CE,Towers with Radar,18,7,34,0,59,0,0,11,0,11,18,7,45,0,70,12,0,12,82
10/12/2020,CAK,OH,AGL,CE,Towers with Radar,16,39,36,0,91,0,4,8,0,12,16,43,44,0,103,8,0,8,111
10/13/2020,CAK,OH,AGL,CE,Towers with Radar,11,28,38,0,77,0,23,55,2,80,11,51,93,2,157,134,0,134,291
10/14/2020,CAK,OH,AGL,CE,Towers with Radar,12,50,46,0,108,0,18,48,0,66,12,68,94,0,174,89,0,89,263
10/15/2020,CAK,OH,AGL,CE,Towers with Radar,18,33,36,0,87,0,1,11,0,12,18,34,47,0,99,14,0,14,113
10/16/2020,CAK,OH,AGL,CE,Towers with Radar,16,31,54,0,101,0,12,41,1,54,16,43,95,1,155,62,0,62,217
10/17/2020,CAK,OH,AGL,CE,Towers with Radar,12,21,33,0,66,0,9,46,2,57,12,30,79,2,123,62,0,62,185
10/18/2020,CAK,OH,AGL,CE,Towers with Radar,20,11,28,0,59,0,0,10,2,12,20,11,38,2,71,8,0,8,79
10/19/2020,CAK,OH,AGL,CE,Towers with Radar,16,19,20,0,55,0,0,0,0,0,16,19,20,0,55,2,0,2,57
10/20/2020,CAK,OH,AGL,CE,Towers with Radar,13,41,27,0,81,0,0,0,0,0,13,41,27,0,81,44,0,44,125
10/21/2020,CAK,OH,AGL,CE,Towers with Radar,12,49,32,0,93,0,2,4,0,6,12,51,36,0,99,8,0,8,107
10/22/2020,CAK,OH,AGL,CE,Towers with Radar,18,36,28,0,82,0,8,45,0,53,18,44,73,0,135,54,0,54,189
10/23/2020,CAK,OH,AGL,CE,Towers with Radar,21,31,26,0,78,0,3,19,0,22,21,34,45,0,100,20,0,20,120
10/24/2020,CAK,OH,AGL,CE,Towers with Radar,13,19,16,0,48,0,0,8,0,8,13,19,24,0,56,10,0,10,66
10/25/2020,CAK,OH,AGL,CE,Towers with Radar,22,12,29,0,63,0,8,41,0,49,22,20,70,0,112,32,0,32,144
10/26/2020,CAK,OH,AGL,CE,Towers with Radar,17,21,43,2,83,0,0,0,0,0,17,21,43,2,83,22,0,22,105
10/27/2020,CAK,OH,AGL,CE,Towers with Radar,12,32,26,0,70,0,0,2,2,4,12,32,28,2,74,12,0,12,86
10/28/2020,CAK,OH,AGL,CE,Towers with Radar,14,41,42,0,97,0,1,9,0,10,14,42,51,0,107,46,0,46,153
10/29/2020,CAK,OH,AGL,CE,Towers with Radar,18,36,24,0,78,0,0,0,0,0,18,36,24,0,78,4,0,4,82
10/30/2020,CAK,OH,AGL,CE,Towers with Radar,18,35,36,0,89,0,0,3,0,3,18,35,39,0,92,6,0,6,98
10/31/2020,CAK,OH,AGL,CE,Towers with Radar,11,15,43,0,69,0,3,76,0,79,11,18,119,0,148,46,0,46,194
11/01/2020,CAK,OH,AGL,CE,Towers with Radar,15,9,12,0,36,0,0,0,0,0,15,9,12,0,36,0,0,0,36
11/02/2020,CAK,OH,AGL,CE,Towers with Radar,16,24,28,0,68,0,2,14,0,16,16,26,42,0,84,16,0,16,100
11/03/2020,CAK,OH,AGL,CE,Towers with Radar,11,28,21,4,64,0,16,32,0,48,11,44,53,4,112,82,0,82,194
11/04/2020,CAK,OH,AGL,CE,Towers with Radar,9,46,37,0,92,0,12,30,2,44,9,58,67,2,136,56,0,56,192
11/05/2020,CAK,OH,AGL,CE,Towers with Radar,14,41,56,10,121,0,20,57,3,80,14,61,113,13,201,128,10,138,339
11/06/2020,CAK,OH,AGL,CE,Towers with Radar,18,44,28,0,90,0,24,48,0,72,18,68,76,0,162,80,0,80,242
11/07/2020,CAK,OH,AGL,CE,Towers with Radar,12,20,26,0,58,0,5,67,0,72,12,25,93,0,130,18,0,18,148
11/08/2020,CAK,OH,AGL,CE,Towers with Radar,19,15,31,0,65,0,12,46,0,58,19,27,77,0,123,30,0,30,153
11/09/2020,CAK,OH,AGL,CE,Towers with Radar,15,27,22,0,64,0,34,24,0,58,15,61,46,0,122,112,0,112,234
11/10/2020,CAK,OH,AGL,CE,Towers with Radar,10,36,37,1,84,0,10,41,3,54,10,46,78,4,138,60,0,60,198
11/11/2020,CAK,OH,AGL,CE,Towers with Radar,9,36,38,0,83,0,1,14,0,15,9,37,52,0,98,22,0,22,120
11/12/2020,CAK,OH,AGL,CE,Towers with Radar,14,43,38,2,97,0,5,43,4,52,14,48,81,6,149,62,0,62,211
11/13/2020,CAK,OH,AGL,CE,Towers with Radar,15,48,41,1,105,0,7,29,1,37,15,55,70,2,142,62,0,62,204
11/14/2020,CAK,OH,AGL,CE,Towers with Radar,12,17,36,0,65,0,11,38,0,49,12,28,74,0,114,64,0,64,178
11/15/2020,CAK,OH,AGL,CE,Towers with Radar,14,6,6,0,26,0,0,0,0,0,14,6,6,0,26,0,0,0,26
11/16/2020,CAK,OH,AGL,CE,Towers with Radar,14,23,20,0,57,0,4,11,0,15,14,27,31,0,72,10,0,10,82
11/17/2020,CAK,OH,AGL,CE,Towers with Radar,11,21,8,2,42,0,0,2,0,2,11,21,10,2,44,4,0,4,48
11/18/2020,CAK,OH,AGL,CE,Towers with Radar,13,42,42,0,97,0,13,37,0,50,13,55,79,0,147,64,0,64,211
11/19/2020,CAK,OH,AGL,CE,Towers with Radar,15,34,19,0,68,0,0,7,2,9,15,34,26,2,77,0,0,0,77
11/20/2020,CAK,OH,AGL,CE,Towers with Radar,16,36,28,0,80,0,0,27,3,30,16,36,55,3,110,22,0,22,132
11/21/2020,CAK,OH,AGL,CE,Towers with Radar,18,23,19,0,60,0,2,2,0,4,18,25,21,0,64,14,0,14,78
11/22/2020,CAK,OH,AGL,CE,Towers with Radar,19,12,20,0,51,0,0,0,0,0,19,12,20,0,51,8,0,8,59
11/23/2020,CAK,OH,AGL,CE,Towers with Radar,14,25,19,0,58,0,4,8,1,13,14,29,27,1,71,14,0,14,85
11/24/2020,CAK,OH,AGL,CE,Towers with Radar,17,49,47,0,113,0,8,36,0,44,17,57,83,0,157,42,0,42,199
11/25/2020,CAK,OH,AGL,CE,Towers with Radar,17,34,17,0,68,0,0,0,0,0,17,34,17,0,68,4,0,4,72
11/26/2020,CAK,OH,AGL,CE,Towers with Radar,3,12,10,0,25,0,0,0,2,2,3,12,10,2,27,4,0,4,31
11/27/2020,CAK,OH,AGL,CE,Towers with Radar,15,20,29,0,64,0,0,21,2,23,15,20,50,2,87,16,0,16,103
11/28/2020,CAK,OH,AGL,CE,Towers with Radar,16,15,38,0,69,0,3,55,1,59,16,18,93,1,128,18,0,18,146
11/29/2020,CAK,OH,AGL,CE,Towers with Radar,16,28,42,0,86,0,4,36,0,40,16,32,78,0,126,22,0,22,148
11/30/2020,CAK,OH,AGL,CE,Towers with Radar,16,20,15,0,51,0,0,0,0,0,16,20,15,0,51,2,0,2,53
12/01/2020,CAK,OH,AGL,CE,Towers with Radar,16,40,10,0,66,0,0,0,0,0,16,40,10,0,66,0,0,0,66
12/02/2020,CAK,OH,AGL,CE,Towers with Radar,9,59,16,0,84,0,6,25,2,33,9,65,41,2,117,60,0,60,177
12/03/2020,CAK,OH,AGL,CE,Towers with Radar,16,53,37,1,107,0,3,30,1,34,16,56,67,2,141,50,0,50,191
12/04/2020,CAK,OH,AGL,CE,Towers with Radar,12,35,29,1,77,0,4,31,1,36,12,39,60,2,113,66,0,66,179
12/05/2020,CAK,OH,AGL,CE,Towers with Radar,10,11,3,0,24,0,0,3,4,7,10,11,6,4,31,0,0,0,31
12/06/2020,CAK,OH,AGL,CE,Towers with Radar,17,12,15,0,44,0,0,2,0,2,17,12,17,0,46,0,0,0,46
12/07/2020,CAK,OH,AGL,CE,Towers with Radar,10,24,22,0,56,0,0,0,0,0,10,24,22,0,56,0,0,0,56
12/08/2020,CAK,OH,AGL,CE,Towers with Radar,12,32,23,0,67,0,0,27,0,27,12,32,50,0,94,8,0,8,102
12/09/2020,CAK,OH,AGL,CE,Towers with Radar,12,29,41,0,82,0,0,6,0,6,12,29,47,0,88,31,0,31,119
12/10/2020,CAK,OH,AGL,CE,Towers with Radar,18,44,30,1,93,0,5,41,4,50,18,49,71,5,143,62,0,62,205
12/11/2020,CAK,OH,AGL,CE,Towers with Radar,12,42,27,0,81,0,13,34,2,49,12,55,61,2,130,60,0,60,190
12/12/2020,CAK,OH,AGL,CE,Towers with Radar,11,13,16,0,40,0,1,1,0,2,11,14,17,0,42,6,0,6,48
12/13/2020,CAK,OH,AGL,CE,Towers with Radar,19,17,7,0,43,0,0,2,0,2,19,17,9,0,45,10,0,10,55
12/14/2020,CAK,OH,AGL,CE,Towers with Radar,12,25,21,0,58,0,0,5,0,5,12,25,26,0,63,6,0,6,69
12/15/2020,CAK,OH,AGL,CE,Towers with Radar,11,33,30,0,74,0,3,35,0,38,11,36,65,0,112,24,0,24,136
12/16/2020,CAK,OH,AGL,CE,Towers with Radar,12,21,10,0,43,0,0,1,0,1,12,21,11,0,44,0,0,0,44
12/17/2020,CAK,OH,AGL,CE,Towers with Radar,17,41,17,0,75,0,0,2,0,2,17,41,19,0,77,0,0,0,77
12/18/2020,CAK,OH,AGL,CE,Towers with Radar,16,36,17,0,69,0,0,2,0,2,16,36,19,0,71,0,0,0,71
12/19/2020,CAK,OH,AGL,CE,Towers with Radar,12,30,38,2,82,0,9,25,0,34,12,39,63,2,116,16,0,16,132
12/20/2020,CAK,OH,AGL,CE,Towers with Radar,14,14,12,0,40,0,0,0,0,0,14,14,12,0,40,0,0,0,40
12/21/2020,CAK,OH,AGL,CE,Towers with Radar,14,25,19,0,58,0,0,1,0,1,14,25,20,0,59,0,0,0,59
12/22/2020,CAK,OH,AGL,CE,Towers with Radar,16,38,31,0,85,0,0,5,0,5,16,38,36,0,90,8,0,8,98
12/23/2020,CAK,OH,AGL,CE,Towers with Radar,12,48,43,0,103,0,1,32,1,34,12,49,75,1,137,14,0,14,151
12/24/2020,CAK,OH,AGL,CE,Towers with Radar,12,23,10,0,45,0,0,0,0,0,12,23,10,0,45,2,0,2,47
12/25/2020,CAK,OH,AGL,CE,Towers with Radar,8,12,1,0,21,0,0,0,0,0,8,12,1,0,21,0,0,0,21
12/26/2020,CAK,OH,AGL,CE,Towers with Radar,16,17,29,0,62,0,0,3,0,3,16,17,32,0,65,0,0,0,65
12/27/2020,CAK,OH,AGL,CE,Towers with Radar,15,9,21,0,45,0,0,18,0,18,15,9,39,0,63,20,0,20,83
12/28/2020,CAK,OH,AGL,CE,Towers with Radar,15,19,21,0,55,0,2,0,0,2,15,21,21,0,57,0,0,0,57
12/29/2020,CAK,OH,AGL,CE,Towers with Radar,14,24,28,0,66,0,3,43,2,48,14,27,71,2,114,20,0,20,134
12/30/2020,CAK,OH,AGL,CE,Towers with Radar,16,35,30,0,81,0,0,4,0,4,16,35,34,0,85,20,0,20,105
12/31/2020,CAK,OH,AGL,CE,Towers with Radar,11,15,10,0,36,0,0,2,0,2,11,15,12,0,38,2,0,2,40
01/01/2021,CAK,OH,AGL,CE,Towers with Radar,14,8,5,0,27,0,0,0,0,0,14,8,5,0,27,0,0,0,27
01/02/2021,CAK,OH,AGL,CE,Towers with Radar,13,15,31,0,59,0,0,0,0,0,13,15,31,0,59,0,0,0,59
01/03/2021,CAK,OH,AGL,CE,Towers with Radar,15,10,17,0,42,0,0,0,0,0,15,10,17,0,42,0,0,0,42
01/04/2021,CAK,OH,AGL,CE,Towers with Radar,12,28,19,0,59,0,0,5,0,5,12,28,24,0,64,0,0,0,64
01/05/2021,CAK,OH,AGL,CE,Towers with Radar,16,27,20,0,63,0,0,1,0,1,16,27,21,0,64,4,0,4,68
01/06/2021,CAK,OH,AGL,CE,Towers with Radar,18,28,15,0,61,0,0,2,0,2,18,28,17,0,63,0,0,0,63
01/07/2021,CAK,OH,AGL,CE,Towers with Radar,14,22,23,2,61,0,4,6,0,10,14,26,29,2,71,8,0,8,79
01/08/2021,CAK,OH,AGL,CE,Towers with Radar,14,17,19,0,50,0,0,1,0,1,14,17,20,0,51,6,0,6,57
01/09/2021,CAK,OH,AGL,CE,Towers with Radar,12,32,35,0,79,0,10,56,1,67,12,42,91,1,146,112,0,112,258
01/10/2021,CAK,OH,AGL,CE,Towers with Radar,14,16,27,0,57,0,6,29,0,35,14,22,56,0,92,26,0,26,118
01/11/2021,CAK,OH,AGL,CE,Towers with Radar,13,23,23,0,59,0,2,1,0,3,13,25,24,0,62,14,0,14,76
01/12/2021,CAK,OH,AGL,CE,Towers with Radar,12,20,22,0,54,0,0,1,0,1,12,20,23,0,55,2,0,2,57
01/13/2021,CAK,OH,AGL,CE,Towers with Radar,13,53,23,2,91,0,17,57,5,79,13,70,80,7,170,78,0,78,248
01/14/2021,CAK,OH,AGL,CE,Towers with Radar,15,41,31,2,89,0,14,35,7,56,15,55,66,9,145,38,0,38,183
01/15/2021,CAK,OH,AGL,CE,Towers with Radar,12,30,16,0,58,0,0,0,0,0,12,30,16,0,58,0,0,0,58
01/16/2021,CAK,OH,AGL,CE,Towers with Radar,12,22,7,0,41,0,0,0,0,0,12,22,7,0,41,0,0,0,41
01/17/2021,CAK,OH,AGL,CE,Towers with Radar,14,9,19,0,42,0,0,0,0,0,14,9,19,0,42,0,0,0,42
01/18/2021,CAK,OH,AGL,CE,Towers with Radar,12,15,16,0,43,0,0,0,0,0,12,15,16,0,43,0,0,0,43
01/19/2021,CAK,OH,AGL,CE,Towers with Radar,13,32,15,1,61,0,14,21,3,38,13,46,36,4,99,68,0,68,167
01/20/2021,CAK,OH,AGL,CE,Towers with Radar,12,29,17,0,58,0,9,17,4,30,12,38,34,4,88,66,0,66,154
01/21/2021,CAK,OH,AGL,CE,Towers with Radar,14,23,31,3,71,0,4,27,3,34,14,27,58,6,105,0,0,0,105
01/22/2021,CAK,OH,AGL,CE,Towers with Radar,13,37,26,0,76,0,0,4,0,4,13,37,30,0,80,20,0,20,100
01/23/2021,CAK,OH,AGL,CE,Towers with Radar,12,15,24,0,51,0,3,45,0,48,12,18,69,0,99,46,0,46,145
01/24/2021,CAK,OH,AGL,CE,Towers with Radar,14,15,35,0,64,0,2,21,0,23,14,17,56,0,87,22,0,22,109
01/25/2021,CAK,OH,AGL,CE,Towers with Radar,11,27,20,0,58,0,2,5,0,7,11,29,25,0,65,20,0,20,85
01/26/2021,CAK,OH,AGL,CE,Towers with Radar,13,23,10,0,46,0,0,0,0,0,13,23,10,0,46,0,0,0,46
01/27/2021,CAK,OH,AGL,CE,Towers with Radar,12,31,24,0,67,0,1,2,0,3,12,32,26,0,70,16,0,16,86
01/28/2021,CAK,OH,AGL,CE,Towers with Radar,12,27,28,1,68,0,0,3,0,3,12,27,31,1,71,2,0,2,73
01/29/2021,CAK,OH,AGL,CE,Towers with Radar,11,25,23,2,61,0,8,16,0,24,11,33,39,2,85,8,0,8,93
01/30/2021,CAK,OH,AGL,CE,Towers with Radar,14,23,35,0,72,0,8,29,0,37,14,31,64,0,109,54,0,54,163
01/31/2021,CAK,OH,AGL,CE,Towers with Radar,14,12,5,0,31,0,0,0,0,0,14,12,5,0,31,0,0,0,31
02/01/2021,CAK,OH,AGL,CE,Towers with Radar,12,26,15,0,53,0,0,0,0,0,12,26,15,0,53,6,0,6,59
02/02/2021,CAK,OH,AGL,CE,Towers with Radar,12,33,16,1,62,0,2,5,1,8,12,35,21,2,70,2,0,2,72
02/03/2021,CAK,OH,AGL,CE,Towers with Radar,12,35,23,0,70,0,2,5,2,9,12,37,28,2,79,0,0,0,79
02/04/2021,CAK,OH,AGL,CE,Towers with Radar,14,35,29,2,80,0,15,20,4,39,14,50,49,6,119,34,0,34,153
02/05/2021,CAK,OH,AGL,CE,Towers with Radar,13,30,14,0,57,0,0,4,1,5,13,30,18,1,62,0,0,0,62
02/06/2021,CAK,OH,AGL,CE,Towers with Radar,12,8,37,0,57,0,10,36,0,46,12,18,73,0,103,58,0,58,161
02/07/2021,CAK,OH,AGL,CE,Towers with Radar,14,16,18,0,48,0,2,10,0,12,14,18,28,0,60,0,0,0,60
02/08/2021,CAK,OH,AGL,CE,Towers with Radar,13,42,25,0,80,0,0,11,0,11,13,42,36,0,91,2,0,2,93
02/09/2021,CAK,OH,AGL,CE,Towers with Radar,12,39,13,0,64,0,6,2,2,10,12,45,15,2,74,12,0,12,86
02/10/2021,CAK,OH,AGL,CE,Towers with Radar,11,55,26,2,94,0,5,15,0,20,11,60,41,2,114,0,0,0,114
02/11/2021,CAK,OH,AGL,CE,Towers with Radar,14,54,19,5,92,0,5,5,4,14,14,59,24,9,106,4,4,8,114
02/12/2021,CAK,OH,AGL,CE,Towers with Radar,16,40,41,0,97,0,12,14,0,26,16,52,55,0,123,40,0,40,163
02/13/2021,CAK,OH,AGL,CE,Towers with Radar,11,19,12,0,42,0,2,1,0,3,11,21,13,0,45,4,0,4,49
02/14/2021,CAK,OH,AGL,CE,Towers with Radar,15,14,20,6,55,0,4,11,0,15,15,18,31,6,70,42,2,44,114
02/15/2021,CAK,OH,AGL,CE,Towers with Radar,10,32,9,0,51,0,0,0,0,0,10,32,9,0,51,0,0,0,51
02/16/2021,CAK,OH,AGL,CE,Towers with Radar,11,29,15,0,55,0,0,0,0,0,11,29,15,0,55,0,0,0,55
02/17/2021,CAK,OH,AGL,CE,Towers with Radar,11,38,21,2,72,0,12,18,2,32,11,50,39,4,104,55,0,55,159
02/18/2021,CAK,OH,AGL,CE,Towers with Radar,13,41,12,0,66,0,0,0,0,0,13,41,12,0,66,0,0,0,66
02/19/2021,CAK,OH,AGL,CE,Towers with Radar,13,52,13,0,78,0,0,0,0,0,13,52,13,0,78,0,0,0,78
02/20/2021,CAK,OH,AGL,CE,Towers with Radar,12,31,29,0,72,0,6,2,0,8,12,37,31,0,80,10,0,10,90
02/21/2021,CAK,OH,AGL,CE,Towers with Radar,14,26,37,0,77,0,2,30,1,33,14,28,67,1,110,14,0,14,124
02/22/2021,CAK,OH,AGL,CE,Towers with Radar,12,37,14,0,63,0,0,0,0,0,12,37,14,0,63,0,0,0,63
02/23/2021,CAK,OH,AGL,CE,Towers with Radar,14,43,31,4,92,0,2,15,4,21,14,45,46,8,113,2,0,2,115
02/24/2021,CAK,OH,AGL,CE,Towers with Radar,10,45,21,2,78,0,0,5,3,8,10,45,26,5,86,4,0,4,90
02/25/2021,CAK,OH,AGL,CE,Towers with Radar,14,55,52,2,123,0,25,27,4,56,14,80,79,6,179,28,8,36,215
02/26/2021,CAK,OH,AGL,CE,Towers with Radar,13,48,43,0,104,0,15,45,1,61,13,63,88,1,165,23,0,23,188
02/27/2021,CAK,OH,AGL,CE,Towers with Radar,12,35,14,0,61,0,2,7,0,9,12,37,21,0,70,0,0,0,70
02/28/2021,CAK,OH,AGL,CE,Towers with Radar,14,8,38,0,60,0,0,0,0,0,14,8,38,0,60,0,0,0,60
03/01/2021,CAK,OH,AGL,CE,Towers with Radar,13,45,14,0,72,0,4,5,0,9,13,49,19,0,81,0,0,0,81
03/02/2021,CAK,OH,AGL,CE,Towers with Radar,13,71,33,0,117,0,34,44,0,78,13,105,77,0,195,6,0,6,201
03/03/2021,CAK,OH,AGL,CE,Towers with Radar,10,57,57,0,124,0,18,42,1,61,10,75,99,1,185,0,0,0,185
03/04/2021,CAK,OH,AGL,CE,Towers with Radar,20,37,20,0,77,0,4,2,5,11,20,41,22,5,88,10,0,10,98
03/05/2021,CAK,OH,AGL,CE,Towers with Radar,16,43,30,0,89,0,17,29,0,46,16,60,59,0,135,59,0,59,194
03/06/2021,CAK,OH,AGL,CE,Towers with Radar,14,17,28,0,59,0,26,57,0,83,14,43,85,0,142,34,0,34,176
03/07/2021,CAK,OH,AGL,CE,Towers with Radar,19,13,40,0,72,0,12,52,0,64,19,25,92,0,136,44,0,44,180
03/08/2021,CAK,OH,AGL,CE,Towers with Radar,17,41,42,0,100,0,19,25,2,46,17,60,67,2,146,44,0,44,190
03/09/2021,CAK,OH,AGL,CE,Towers with Radar,14,41,34,0,89,0,19,41,7,67,14,60,75,7,156,18,0,18,174
03/10/2021,CAK,OH,AGL,CE,Towers with Radar,16,55,26,2,99,0,10,15,0,25,16,65,41,2,124,8,0,8,132
03/11/2021,CAK,OH,AGL,CE,Towers with Radar,21,34,21,0,76,0,1,0,0,1,21,35,21,0,77,5,0,5,82
03/12/2021,CAK,OH,AGL,CE,Towers with Radar,24,48,27,0,99,0,15,34,0,49,24,63,61,0,148,9,0,9,157
03/13/2021,CAK,OH,AGL,CE,Towers with Radar,16,31,38,0,85,0,14,34,0,48,16,45,72,0,133,34,0,34,167
03/14/2021,CAK,OH,AGL,CE,Towers with Radar,21,18,20,0,59,0,2,21,0,23,21,20,41,0,82,20,0,20,102
03/15/2021,CAK,OH,AGL,CE,Towers with Radar,22,23,17,0,62,0,7,16,0,23,22,30,33,0,85,12,0,12,97
03/16/2021,CAK,OH,AGL,CE,Towers with Radar,14,52,36,0,102,0,2,9,0,11,14,54,45,0,113,8,0,8,121
03/17/2021,CAK,OH,AGL,CE,Towers with Radar,16,41,51,0,108,0,19,52,0,71,16,60,103,0,179,78,16,94,273
03/18/2021,CAK,OH,AGL,CE,Towers with Radar,19,39,24,0,82,0,0,0,0,0,19,39,24,0,82,0,0,0,82
03/19/2021,CAK,OH,AGL,CE,Towers with Radar,24,49,19,0,92,0,15,13,2,30,24,64,32,2,122,10,0,10,132
03/20/2021,CAK,OH,AGL,CE,Towers with Radar,16,24,41,0,81,0,13,52,0,65,16,37,93,0,146,42,0,42,188
03/21/2021,CAK,OH,AGL,CE,Towers with Radar,21,17,42,0,80,0,8,50,0,58,21,25,92,0,138,8,0,8,146
03/22/2021,CAK,OH,AGL,CE,Towers with Radar,22,34,32,0,88,0,13,36,0,49,22,47,68,0,137,10,0,10,147
03/23/2021,CAK,OH,AGL,CE,Towers with Radar,18,44,41,2,105,0,18,40,0,58,18,62,81,2,163,34,0,34,197
03/24/2021,CAK,OH,AGL,CE,Towers with Radar,13,45,30,0,88,0,1,13,2,16,13,46,43,2,104,4,0,4,108
03/25/2021,CAK,OH,AGL,CE,Towers with Radar,24,38,35,0,97,0,5,24,0,29,24,43,59,0,126,10,0,10,136
03/26/2021,CAK,OH,AGL,CE,Towers with Radar,23,36,21,0,80,0,0,6,0,6,23,36,27,0,86,0,0,0,86
03/27/2021,CAK,OH,AGL,CE,Towers with Radar,17,18,52,0,87,0,11,45,0,56,17,29,97,0,143,6,0,6,149
03/28/2021,CAK,OH,AGL,CE,Towers with Radar,21,10,17,0,48,0,0,1,0,1,21,10,18,0,49,0,0,0,49
03/29/2021,CAK,OH,AGL,CE,Towers with Radar,20,35,21,0,76,0,17,26,2,45,20,52,47,2,121,52,0,52,173
03/30/2021,CAK,OH,AGL,CE,Towers with Radar,14,48,21,1,84,0,4,19,4,27,14,52,40,5,111,0,0,0,111
03/31/2021,CAK,OH,AGL,CE,Towers with Radar,14,71,24,0,109,0,5,4,0,9,14,76,28,0,118,12,0,12,130
04/01/2021,CAK,OH,AGL,CE,Towers with Radar,20,56,30,1,107,0,1,1,0,2,20,57,31,1,109,2,0,2,111
04/02/2021,CAK,OH,AGL,CE,Towers with Radar,22,35,24,0,81,0,5,32,0,37,22,40,56,0,118,24,0,24,142
04/03/2021,CAK,OH,AGL,CE,Towers with Radar,17,23,27,0,67,0,6,21,1,28,17,29,48,1,95,8,0,8,103
04/04/2021,CAK,OH,AGL,CE,Towers with Radar,25,12,16,0,53,0,0,18,1,19,25,12,34,1,72,18,0,18,90
04/05/2021,CAK,OH,AGL,CE,Towers with Radar,26,52,41,0,119,0,11,29,4,44,26,63,70,4,163,0,0,0,163
04/06/2021,CAK,OH,AGL,CE,Towers with Radar,16,43,37,2,98,0,5,32,2,39,16,48,69,4,137,0,0,0,137
04/07/2021,CAK,OH,AGL,CE,Towers with Radar,16,37,43,2,98,0,16,50,2,68,16,53,93,4,166,24,0,24,190
04/08/2021,CAK,OH,AGL,CE,Towers with Radar,23,43,29,0,95,0,8,18,0,26,23,51,47,0,121,10,0,10,131
04/09/2021,CAK,OH,AGL,CE,Towers with Radar,25,53,27,0,105,0,7,32,6,45,25,60,59,6,150,32,0,32,182
04/10/2021,CAK,OH,AGL,CE,Towers with Radar,21,28,38,0,87,0,2,36,2,40,21,30,74,2,127,10,0,10,137
04/11/2021,CAK,OH,AGL,CE,Towers with Radar,23,11,23,0,57,0,2,5,0,7,23,13,28,0,64,0,0,0,64
04/12/2021,CAK,OH,AGL,CE,Towers with Radar,24,55,26,0,105,0,2,3,0,5,24,57,29,0,110,2,0,2,112
04/13/2021,CAK,OH,AGL,CE,Towers with Radar,19,36,44,0,99,0,21,37,4,62,19,57,81,4,161,66,0,66,227
04/14/2021,CAK,OH,AGL,CE,Towers with Radar,17,35,38,0,90,0,10,27,2,39,17,45,65,2,129,4,0,4,133
04/15/2021,CAK,OH,AGL,CE,Towers with Radar,21,33,42,0,96,0,2,11,2,15,21,35,53,2,111,0,0,0,111
04/16/2021,CAK,OH,AGL,CE,Towers with Radar,21,38,40,0,99,0,0,7,0,7,21,38,47,0,106,18,0,18,124
04/17/2021,CAK,OH,AGL,CE,Towers with Radar,16,22,55,0,93,0,4,15,0,19,16,26,70,0,112,29,0,29,141
04/18/2021,CAK,OH,AGL,CE,Towers with Radar,23,16,44,0,83,0,4,29,0,33,23,20,73,0,116,12,0,12,128
04/19/2021,CAK,OH,AGL,CE,Towers with Radar,21,37,30,0,88,0,11,15,0,26,21,48,45,0,114,4,0,4,118
04/20/2021,CAK,OH,AGL,CE,Towers with Radar,18,40,25,0,83,0,13,21,3,37,18,53,46,3,120,4,0,4,124
04/21/2021,CAK,OH,AGL,CE,Towers with Radar,17,33,52,0,102,0,2,1,2,5,17,35,53,2,107,12,8,20,127
04/22/2021,CAK,OH,AGL,CE,Towers with Radar,23,47,53,0,123,0,10,12,1,23,23,57,65,1,146,36,0,36,182
04/23/2021,CAK,OH,AGL,CE,Towers with Radar,19,44,41,0,104,0,3,30,0,33,19,47,71,0,137,46,0,46,183
04/24/2021,CAK,OH,AGL,CE,Towers with Radar,15,27,21,2,65,0,1,32,2,35,15,28,53,4,100,6,0,6,106
04/25/2021,CAK,OH,AGL,CE,Towers with Radar,23,15,33,0,71,0,0,2,0,2,23,15,35,0,73,0,0,0,73
04/26/2021,CAK,OH,AGL,CE,Towers with Radar,21,42,50,0,113,0,19,32,1,52,21,61,82,1,165,28,0,28,193
04/27/2021,CAK,OH,AGL,CE,Towers with Radar,17,35,35,0,87,0,16,25,4,45,17,51,60,4,132,34,0,34,166
04/28/2021,CAK,OH,AGL,CE,Towers with Radar,18,48,27,1,94,0,16,5,1,22,18,64,32,2,116,2,0,2,118
04/29/2021,CAK,OH,AGL,CE,Towers with Radar,23,51,26,0,100,0,0,0,0,0,23,51,26,0,100,4,0,4,104
04/30/2021,CAK,OH,AGL,CE,Towers with Radar,21,37,31,0,89,0,0,5,1,6,21,37,36,1,95,8,0,8,103
05/01/2021,CAK,OH,AGL,CE,Towers with Radar,15,31,28,0,74,0,11,43,1,55,15,42,71,1,129,26,0,26,155
05/02/2021,CAK,OH,AGL,CE,Towers with Radar,24,13,25,0,62,0,0,17,0,17,24,13,42,0,79,10,0,10,89
05/03/2021,CAK,OH,AGL,CE,Towers with Radar,21,38,29,0,88,0,0,0,0,0,21,38,29,0,88,14,0,14,102
05/04/2021,CAK,OH,AGL,CE,Towers with Radar,18,44,33,0,95,0,0,0,0,0,18,44,33,0,95,10,0,10,105
05/05/2021,CAK,OH,AGL,CE,Towers with Radar,18,46,33,0,97,0,0,3,2,5,18,46,36,2,102,4,0,4,106
05/06/2021,CAK,OH,AGL,CE,Towers with Radar,23,41,42,0,106,0,16,52,0,68,23,57,94,0,174,4,0,4,178
05/07/2021,CAK,OH,AGL,CE,Towers with Radar,20,42,29,1,92,0,3,15,0,18,20,45,44,1,110,4,0,4,114
05/08/2021,CAK,OH,AGL,CE,Towers with Radar,25,30,29,0,84,0,14,32,1,47,25,44,61,1,131,16,0,16,147
05/09/2021,CAK,OH,AGL,CE,Towers with Radar,29,12,21,0,62,0,0,1,0,1,29,12,22,0,63,0,0,0,63
05/10/2021,CAK,OH,AGL,CE,Towers with Radar,22,37,40,0,99,0,17,38,0,55,22,54,78,0,154,36,0,36,190
05/11/2021,CAK,OH,AGL,CE,Towers with Radar,22,39,49,2,112,0,15,41,0,56,22,54,90,2,168,32,0,32,200
05/12/2021,CAK,OH,AGL,CE,Towers with Radar,20,47,49,0,116,0,26,61,7,94,20,73,110,7,210,26,0,26,236
05/13/2021,CAK,OH,AGL,CE,Towers with Radar,28,48,41,3,120,0,15,51,6,72,28,63,92,9,192,74,4,78,270
05/14/2021,CAK,OH,AGL,CE,Towers with Radar,21,34,48,1,104,0,11,64,3,78,21,45,112,4,182,29,0,29,211
05/15/2021,CAK,OH,AGL,CE,Towers with Radar,19,24,26,0,69,0,8,45,14,67,19,32,71,14,136,24,6,30,166
05/16/2021,CAK,OH,AGL,CE,Towers with Radar,23,16,40,0,79,0,11,56,1,68,23,27,96,1,147,22,0,22,169
05/17/2021,CAK,OH,AGL,CE,Towers with Radar,19,27,40,0,86,0,13,46,1,60,19,40,86,1,146,47,0,47,193
05/18/2021,CAK,OH,AGL,CE,Towers with Radar,22,38,55,0,115,0,21,49,4,74,22,59,104,4,189,8,2,10,199
05/19/2021,CAK,OH,AGL,CE,Towers with Radar,20,43,59,0,122,0,31,42,0,73,20,74,101,0,195,56,0,56,251
05/20/2021,CAK,OH,AGL,CE,Towers with Radar,24,30,42,0,96,0,15,33,3,51,24,45,75,3,147,18,0,18,165
05/21/2021,CAK,OH,AGL,CE,Towers with Radar,21,49,39,8,117,0,28,24,0,52,21,77,63,8,169,52,0,52,221
05/22/2021,CAK,OH,AGL,CE,Towers with Radar,19,11,28,0,58,0,6,29,0,35,19,17,57,0,93,34,0,34,127
05/23/2021,CAK,OH,AGL,CE,Towers with Radar,22,13,38,0,73,0,0,24,0,24,22,13,62,0,97,14,0,14,111
05/24/2021,CAK,OH,AGL,CE,Towers with Radar,21,30,32,0,83,0,17,21,2,40,21,47,53,2,123,12,0,12,135
05/25/2021,CAK,OH,AGL,CE,Towers with Radar,25,26,53,0,104,0,12,23,4,39,25,38,76,4,143,10,1,11,154
05/26/2021,CAK,OH,AGL,CE,Towers with Radar,20,35,28,0,83,0,5,6,0,11,20,40,34,0,94,2,0,2,96
05/27/2021,CAK,OH,AGL,CE,Towers with Radar,22,34,49,2,107,0,17,36,2,55,22,51,85,4,162,86,0,86,248
05/28/2021,CAK,OH,AGL,CE,Towers with Radar,20,40,38,0,98,0,0,0,0,0,20,40,38,0,98,0,0,0,98
05/29/2021,CAK,OH,AGL,CE,Towers with Radar,19,25,5,0,49,0,0,0,0,0,19,25,5,0,49,0,0,0,49
05/30/2021,CAK,OH,AGL,CE,Towers with Radar,20,23,41,0,84,0,8,23,1,32,20,31,64,1,116,29,0,29,145
05/31/2021,CAK,OH,AGL,CE,Towers with Radar,18,20,30,0,68,0,0,36,2,38,18,20,66,2,106,35,0,35,141
06/01/2021,CAK,OH,AGL,CE,Towers with Radar,19,30,36,0,85,0,10,44,0,54,19,40,80,0,139,14,0,14,153
06/02/2021,CAK,OH,AGL,CE,Towers with Radar,19,40,42,0,101,0,8,6,0,14,19,48,48,0,115,6,0,6,121
06/03/2021,CAK,OH,AGL,CE,Towers with Radar,22,34,44,0,100,0,0,1,0,1,22,34,45,0,101,2,0,2,103
06/04/2021,CAK,OH,AGL,CE,Towers with Radar,17,35,31,5,88,0,17,29,1,47,17,52,60,6,135,15,0,15,150
06/05/2021,CAK,OH,AGL,CE,Towers with Radar,17,19,38,0,74,0,4,52,2,58,17,23,90,2,132,29,0,29,161
06/06/2021,CAK,OH,AGL,CE,Towers with Radar,21,10,34,2,67,0,4,36,3,43,21,14,70,5,110,0,0,0,110
06/07/2021,CAK,OH,AGL,CE,Towers with Radar,15,26,45,2,88,0,1,17,0,18,15,27,62,2,106,10,0,10,116
06/08/2021,CAK,OH,AGL,CE,Towers with Radar,18,40,48,0,106,0,2,4,0,6,18,42,52,0,112,20,0,20,132
06/09/2021,CAK,OH,AGL,CE,Towers with Radar,18,51,47,0,116,0,5,14,0,19,18,56,61,0,135,6,0,6,141
06/10/2021,CAK,OH,AGL,CE,Towers with Radar,18,28,35,1,82,0,6,11,3,20,18,34,46,4,102,4,0,4,106
06/11/2021,CAK,OH,AGL,CE,Towers with Radar,17,37,51,0,105,0,11,13,0,24,17,48,64,0,129,22,0,22,151
06/12/2021,CAK,OH,AGL,CE,Towers with Radar,15,26,30,0,71,0,10,26,0,36,15,36,56,0,107,50,0,50,157
06/13/2021,CAK,OH,AGL,CE,Towers with Radar,16,14,30,0,60,0,4,14,4,22,16,18,44,4,82,30,0,30,112
06/14/2021,CAK,OH,AGL,CE,Towers with Radar,19,26,40,0,85,0,15,14,0,29,19,41,54,0,114,26,0,26,140
06/15/2021,CAK,OH,AGL,CE,Towers with Radar,20,34,57,0,111,0,9,34,4,47,20,43,91,4,158,57,0,57,215
06/16/2021,CAK,OH,AGL,CE,Towers with Radar,19,26,40,0,85,0,20,51,1,72,19,46,91,1,157,14,0,14,171
06/17/2021,CAK,OH,AGL,CE,Towers with Radar,19,35,60,0,114,0,7,49,2,58,19,42,109,2,172,4,0,4,176
06/18/2021,CAK,OH,AGL,CE,Towers with Radar,17,38,40,0,95,0,4,9,0,13,17,42,49,0,108,0,0,0,108
06/19/2021,CAK,OH,AGL,CE,Towers with Radar,13,15,24,0,52,0,4,12,0,16,13,19,36,0,68,4,0,4,72
06/20/2021,CAK,OH,AGL,CE,Towers with Radar,17,9,26,0,52,0,2,19,0,21,17,11,45,0,73,6,0,6,79
06/21/2021,CAK,OH,AGL,CE,Towers with Radar,16,28,30,0,74,0,1,12,2,15,16,29,42,2,89,14,0,14,103
06/22/2021,CAK,OH,AGL,CE,Towers with Radar,15,26,64,0,105,0,29,43,4,76,15,55,107,4,181,76,0,76,257
06/23/2021,CAK,OH,AGL,CE,Towers with Radar,17,34,53,2,106,0,29,60,3,92,17,63,113,5,198,64,0,64,262
06/24/2021,CAK,OH,AGL,CE,Towers with Radar,17,34,48,2,101,0,19,34,0,53,17,53,82,2,154,26,0,26,180
06/25/2021,CAK,OH,AGL,CE,Towers with Radar,17,20,40,4,81,0,12,32,0,44,17,32,72,4,125,2,0,2,127
06/26/2021,CAK,OH,AGL,CE,Towers with Radar,16,24,19,3,62,0,4,14,3,21,16,28,33,6,83,0,0,0,83
06/27/2021,CAK,OH,AGL,CE,Towers with Radar,20,17,46,2,85,0,4,29,0,33,20,21,75,2,118,30,0,30,148
06/28/2021,CAK,OH,AGL,CE,Towers with Radar,16,34,38,0,88,0,11,31,0,42,16,45,69,0,130,6,0,6,136
06/29/2021,CAK,OH,AGL,CE,Towers with Radar,18,36,33,2,89,0,11,34,0,45,18,47,67,2,134,6,0,6,140
06/30/2021,CAK,OH,AGL,CE,Towers with Radar,20,33,29,0,82,0,6,4,0,10,20,39,33,0,92,0,0,0,92
07/01/2021,CAK,OH,AGL,CE,Towers with Radar,19,30,26,0,75,0,8,11,0,19,19,38,37,0,94,28,0,28,122
07/02/2021,CAK,OH,AGL,CE,Towers with Radar,17,30,42,0,89,0,7,30,0,37,17,37,72,0,126,34,0,34,160
07/03/2021,CAK,OH,AGL,CE,Towers with Radar,15,12,34,0,61,0,17,41,0,58,15,29,75,0,119,6,0,6,125
07/04/2021,CAK,OH,AGL,CE,Towers with Radar,15,6,21,0,42,0,0,19,0,19,15,6,40,0,61,8,0,8,69
07/05/2021,CAK,OH,AGL,CE,Towers with Radar,20,24,34,0,78,0,0,39,0,39,20,24,73,0,117,30,0,30,147
07/06/2021,CAK,OH,AGL,CE,Towers with Radar,16,26,37,0,79,0,15,35,0,50,16,41,72,0,129,10,0,10,139
07/07/2021,CAK,OH,AGL,CE,Towers with Radar,18,37,46,0,101,0,8,20,2,30,18,45,66,2,131,38,0,38,169
07/08/2021,CAK,OH,AGL,CE,Towers with Radar,19,28,33,0,80,0,4,3,0,7,19,32,36,0,87,6,4,10,97
07/09/2021,CAK,OH,AGL,CE,Towers with Radar,20,38,41,6,105,0,6,7,0,13,20,44,48,6,118,4,6,10,128
07/10/2021,CAK,OH,AGL,CE,Towers with Radar,19,23,32,1,75,0,9,47,1,57,19,32,79,2,132,4,0,4,136
07/11/2021,CAK,OH,AGL,CE,Towers with Radar,19,9,15,2,45,0,0,3,0,3,19,9,18,2,48,0,0,0,48
07/12/2021,CAK,OH,AGL,CE,Towers with Radar,20,31,31,1,83,0,0,5,3,8,20,31,36,4,91,0,0,0,91
07/13/2021,CAK,OH,AGL,CE,Towers with Radar,17,56,26,0,99,0,2,3,2,7,17,58,29,2,106,30,0,30,136
07/14/2021,CAK,OH,AGL,CE,Towers with Radar,15,49,51,0,115,0,8,15,0,23,15,57,66,0,138,14,0,14,152
07/15/2021,CAK,OH,AGL,CE,Towers with Radar,23,46,49,0,118,0,5,31,1,37,23,51,80,1,155,23,0,23,178
07/16/2021,CAK,OH,AGL,CE,Towers with Radar,19,39,25,0,83,0,4,5,2,11,19,43,30,2,94,2,0,2,96
07/17/2021,CAK,OH,AGL,CE,Towers with Radar,17,15,26,0,58,0,0,1,0,1,17,15,27,0,59,0,0,0,59
07/18/2021,CAK,OH,AGL,CE,Towers with Radar,20,26,53,0,99,0,12,47,0,59,20,38,100,0,158,26,0,26,184
07/19/2021,CAK,OH,AGL,CE,Towers with Radar,19,36,70,0,125,0,23,41,4,68,19,59,111,4,193,22,0,22,215
07/20/2021,CAK,OH,AGL,CE,Towers with Radar,28,44,57,0,129,0,6,31,0,37,28,50,88,0,166,20,0,20,186
07/21/2021,CAK,OH,AGL,CE,Towers with Radar,18,66,76,5,165,0,8,30,2,40,18,74,106,7,205,135,0,135,340
07/22/2021,CAK,OH,AGL,CE,Towers with Radar,24,42,55,0,121,0,13,50,6,69,24,55,105,6,190,40,0,40,230
07/23/2021,CAK,OH,AGL,CE,Towers with Radar,20,40,59,0,119,0,25,31,14,70,20,65,90,14,189,0,0,0,189
07/24/2021,CAK,OH,AGL,CE,Towers with Radar,16,31,49,0,96,0,2,50,6,58,16,33,99,6,154,0,0,0,154
07/25/2021,CAK,OH,AGL,CE,Towers with Radar,22,18,39,0,79,0,0,20,0,20,22,18,59,0,99,30,0,30,129
07/26/2021,CAK,OH,AGL,CE,Towers with Radar,16,26,46,0,88,0,14,34,0,48,16,40,80,0,136,52,0,52,188
07/27/2021,CAK,OH,AGL,CE,Towers with Radar,17,26,41,2,86,0,10,49,6,65,17,36,90,8,151,8,0,8,159
07/28/2021,CAK,OH,AGL,CE,Towers with Radar,17,43,41,11,112,0,7,32,5,44,17,50,73,16,156,38,0,38,194
07/29/2021,CAK,OH,AGL,CE,Towers with Radar,21,36,49,0,106,0,1,20,0,21,21,37,69,0,127,18,0,18,145
07/30/2021,CAK,OH,AGL,CE,Towers with Radar,18,20,58,0,96,0,7,27,3,37,18,27,85,3,133,10,0,10,143
07/31/2021,CAK,OH,AGL,CE,Towers with Radar,17,33,42,0,92,0,11,67,1,79,17,44,109,1,171,14,0,14,185
08/01/2021,CAK,OH,AGL,CE,Towers with Radar,23,10,38,0,71,0,2,19,0,21,23,12,57,0,92,0,0,0,92
08/02/2021,CAK,OH,AGL,CE,Towers with Radar,17,30,42,2,91,0,8,37,0,45,17,38,79,2,136,20,0,20,156
08/03/2021,CAK,OH,AGL,CE,Towers with Radar,16,32,62,1,111,0,8,40,5,53,16,40,102,6,164,28,0,28,192
08/04/2021,CAK,OH,AGL,CE,Towers with Radar,17,49,46,0,112,0,31,41,0,72,17,80,87,0,184,58,0,58,242
08/05/2021,CAK,OH,AGL,CE,Towers with Radar,20,63,63,1,147,0,5,39,1,45,20,68,102,2,192,0,0,0,192
08/06/2021,CAK,OH,AGL,CE,Towers with Radar,19,58,62,0,139,0,8,30,0,38,19,66,92,0,177,36,0,36,213
08/07/2021,CAK,OH,AGL,CE,Towers with Radar,19,53,51,0,123,0,4,18,0,22,19,57,69,0,145,0,0,0,145
08/08/2021,CAK,OH,AGL,CE,Towers with Radar,20,58,86,0,164,0,0,34,0,34,20,58,120,0,198,6,0,6,204
08/09/2021,CAK,OH,AGL,CE,Towers with Radar,20,64,39,0,123,0,10,15,0,25,20,74,54,0,148,0,0,0,148
08/10/2021,CAK,OH,AGL,CE,Towers with Radar,14,50,36,0,100,0,4,5,0,9,14,54,41,0,109,28,0,28,137
08/11/2021,CAK,OH,AGL,CE,Towers with Radar,18,37,40,2,97,0,1,10,2,13,18,38,50,4,110,4,0,4,114
08/12/2021,CAK,OH,AGL,CE,Towers with Radar,23,36,38,3,100,0,2,17,5,24,23,38,55,8,124,0,0,0,124
08/13/2021,CAK,OH,AGL,CE,Towers with Radar,22,40,26,4,92,0,9,13,2,24,22,49,39,6,116,0,0,0,116
08/14/2021,CAK,OH,AGL,CE,Towers with Radar,20,21,35,0,76,0,9,28,0,37,20,30,63,0,113,0,0,0,113
08/15/2021,CAK,OH,AGL,CE,Towers with Radar,21,24,39,4,88,0,9,44,0,53,21,33,83,4,141,0,0,0,141
08/16/2021,CAK,OH,AGL,CE,Towers with Radar,14,61,36,4,115,0,0,4,0,4,14,61,40,4,119,0,0,0,119
08/17/2021,CAK,OH,AGL,CE,Towers with Radar,21,38,32,0,91,0,2,0,0,2,21,40,32,0,93,0,2,2,95
08/18/2021,CAK,OH,AGL,CE,Towers with Radar,19,52,33,2,106,0,0,1,0,1,19,52,34,2,107,0,0,0,107
08/19/2021,CAK,OH,AGL,CE,Towers with Radar,22,57,41,4,124,0,7,40,5,52,22,64,81,9,176,24,0,24,200
08/20/2021,CAK,OH,AGL,CE,Towers with Radar,20,53,52,4,129,0,16,55,2,73,20,69,107,6,202,26,0,26,228
08/21/2021,CAK,OH,AGL,CE,Towers with Radar,18,15,43,0,76,0,8,46,0,54,18,23,89,0,130,12,0,12,142
08/22/2021,CAK,OH,AGL,CE,Towers with Radar,21,22,22,0,65,0,3,21,0,24,21,25,43,0,89,0,0,0,89
08/23/2021,CAK,OH,AGL,CE,Towers with Radar,20,47,36,3,106,0,9,18,1,28,20,56,54,4,134,6,0,6,140
08/24/2021,CAK,OH,AGL,CE,Towers with Radar,19,53,40,3,115,0,15,40,3,58,19,68,80,6,173,16,0,16,189
08/25/2021,CAK,OH,AGL,CE,Towers with Radar,18,47,27,0,92,0,0,11,0,11,18,47,38,0,103,0,0,0,103
08/26/2021,CAK,OH,AGL,CE,Towers with Radar,20,37,39,2,98,0,4,20,4,28,20,41,59,6,126,0,0,0,126
08/27/2021,CAK,OH,AGL,CE,Towers with Radar,19,37,30,0,86,0,4,24,2,30,19,41,54,2,116,0,0,0,116
08/28/2021,CAK,OH,AGL,CE,Towers with Radar,17,18,35,0,70,0,0,32,0,32,17,18,67,0,102,12,0,12,114
08/29/2021,CAK,OH,AGL,CE,Towers with Radar,19,15,33,0,67,0,0,29,0,29,19,15,62,0,96,16,0,16,112
08/30/2021,CAK,OH,AGL,CE,Towers with Radar,19,52,49,0,120,0,8,12,0,20,19,60,61,0,140,4,0,4,144
08/31/2021,CAK,OH,AGL,CE,Towers with Radar,16,39,52,5,112,0,11,32,1,44,16,50,84,6,156,8,0,8,164
09/01/2021,CAK,OH,AGL,CE,Towers with Radar,15,43,41,2,101,0,6,19,6,31,15,49,60,8,132,10,0,10,142
09/02/2021,CAK,OH,AGL,CE,Towers with Radar,22,50,36,1,109,0,9,40,0,49,22,59,76,1,158,48,0,48,206
09/03/2021,CAK,OH,AGL,CE,Towers with Radar,21,49,46,11,127,0,7,51,3,61,21,56,97,14,188,8,0,8,196
09/04/2021,CAK,OH,AGL,CE,Towers with Radar,26,13,31,0,70,0,1,41,0,42,26,14,72,0,112,0,0,0,112
09/05/2021,CAK,OH,AGL,CE,Towers with Radar,28,14,33,0,75,0,4,6,0,10,28,18,39,0,85,4,0,4,89
09/06/2021,CAK,OH,AGL,CE,Towers with Radar,21,10,43,0,74,0,0,40,0,40,21,10,83,0,114,2,0,2,116
09/07/2021,CAK,OH,AGL,CE,Towers with Radar,16,35,43,6,100,0,8,36,9,53,16,43,79,15,153,14,0,14,167
09/08/2021,CAK,OH,AGL,CE,Towers with Radar,19,55,46,1,121,0,13,21,1,35,19,68,67,2,156,42,0,42,198
09/09/2021,CAK,OH,AGL,CE,Towers with Radar,22,46,41,2,111,0,9,17,9,35,22,55,58,11,146,31,0,31,177
09/10/2021,CAK,OH,AGL,CE,Towers with Radar,23,48,52,4,127,0,7,31,8,46,23,55,83,12,173,22,0,22,195
09/11/2021,CAK,OH,AGL,CE,Towers with Radar,22,14,33,1,70,0,2,58,5,65,22,16,91,6,135,0,0,0,135
09/12/2021,CAK,OH,AGL,CE,Towers with Radar,18,17,42,0,77,0,4,27,1,32,18,21,69,1,109,14,0,14,123
09/13/2021,CAK,OH,AGL,CE,Towers with Radar,20,22,51,0,93,0,11,20,1,32,20,33,71,1,125,37,0,37,162
09/14/2021,CAK,OH,AGL,CE,Towers with Radar,13,28,25,2,68,0,3,17,9,29,13,31,42,11,97,2,0,2,99
09/15/2021,CAK,OH,AGL,CE,Towers with Radar,16,43,39,2,100,0,2,5,4,11,16,45,44,6,111,8,0,8,119
09/16/2021,CAK,OH,AGL,CE,Towers with Radar,28,32,61,2,123,0,9,37,5,51,28,41,98,7,174,24,0,24,198
09/17/2021,CAK,OH,AGL,CE,Towers with Radar,27,35,30,0,92,0,14,24,0,38,27,49,54,0,130,0,0,0,130
09/18/2021,CAK,OH,AGL,CE,Towers with Radar,22,16,34,0,72,0,10,36,0,46,22,26,70,0,118,0,0,0,118
09/19/2021,CAK,OH,AGL,CE,Towers with Radar,24,17,39,0,80,0,9,40,0,49,24,26,79,0,129,26,0,26,155
09/20/2021,CAK,OH,AGL,CE,Towers with Radar,19,23,44,0,86,0,4,18,0,22,19,27,62,0,108,2,0,2,110
09/21/2021,CAK,OH,AGL,CE,Towers with Radar,17,47,25,2,91,0,0,0,0,0,17,47,25,2,91,4,0,4,95
09/22/2021,CAK,OH,AGL,CE,Towers with Radar,17,37,28,1,83,0,0,0,0,0,17,37,28,1,83,0,0,0,83
09/23/2021,CAK,OH,AGL,CE,Towers with Radar,24,49,50,2,125,0,4,6,2,12,24,53,56,4,137,4,0,4,141
09/24/2021,CAK,OH,AGL,CE,Towers with Radar,26,35,60,3,124,0,22,52,2,76,26,57,112,5,200,36,0,36,236
09/25/2021,CAK,OH,AGL,CE,Towers with Radar,23,38,41,0,102,0,5,26,0,31,23,43,67,0,133,62,0,62,195
09/26/2021,CAK,OH,AGL,CE,Towers with Radar,22,30,45,0,97,0,7,44,0,51,22,37,89,0,148,52,0,52,200
09/27/2021,CAK,OH,AGL,CE,Towers with Radar,19,35,30,0,84,0,8,31,1,40,19,43,61,1,124,34,0,34,158
09/28/2021,CAK,OH,AGL,CE,Towers with Radar,19,68,37,0,124,0,15,25,0,40,19,83,62,0,164,42,0,42,206
09/29/2021,CAK,OH,AGL,CE,Towers with Radar,20,41,39,1,101,0,16,63,1,80,20,57,102,2,181,44,0,44,225
09/30/2021,CAK,OH,AGL,CE,Towers with Radar,26,44,55,0,125,0,22,52,0,74,26,66,107,0,199,32,0,32,231
10/01/2021,CAK,OH,AGL,CE,Towers with Radar,24,42,31,0,97,0,3,40,0,43,24,45,71,0,140,0,0,0,140
10/02/2021,CAK,OH,AGL,CE,Towers with Radar,19,17,30,0,66,0,4,25,0,29,19,21,55,0,95,0,0,0,95
10/03/2021,CAK,OH,AGL,CE,Towers with Radar,18,15,30,0,63,0,0,0,0,0,18,15,30,0,63,0,0,0,63
10/04/2021,CAK,OH,AGL,CE,Towers with Radar,20,51,37,2,110,0,4,3,2,9,20,55,40,4,119,4,0,4,123
10/05/2021,CAK,OH,AGL,CE,Towers with Radar,15,37,50,0,102,0,0,12,0,12,15,37,62,0,114,12,0,12,126
10/06/2021,CAK,OH,AGL,CE,Towers with Radar,16,62,42,1,121,0,6,14,1,21,16,68,56,2,142,30,0,30,172
10/07/2021,CAK,OH,AGL,CE,Towers with Radar,20,58,56,0,134,0,8,29,0,37,20,66,85,0,171,4,0,4,175
10/08/2021,CAK,OH,AGL,CE,Towers with Radar,14,62,38,6,120,0,3,25,0,28,14,65,63,6,148,0,0,0,148
10/09/2021,CAK,OH,AGL,CE,Towers with Radar,14,37,23,0,74,0,0,7,0,7,14,37,30,0,81,12,0,12,93
10/10/2021,CAK,OH,AGL,CE,Towers with Radar,25,20,43,0,88,0,0,36,0,36,25,20,79,0,124,8,0,8,132
10/11/2021,CAK,OH,AGL,CE,Towers with Radar,17,48,49,0,114,0,20,65,0,85,17,68,114,0,199,24,0,24,223
10/12/2021,CAK,OH,AGL,CE,Towers with Radar,15,47,60,3,125,0,9,39,6,54,15,56,99,9,179,28,0,28,207
10/13/2021,CAK,OH,AGL,CE,Towers with Radar,13,53,64,2,132,0,15,43,6,64,13,68,107,8,196,14,0,14,210
10/14/2021,CAK,OH,AGL,CE,Towers with Radar,25,59,56,2,142,0,6,49,10,65,25,65,105,12,207,34,0,34,241
10/15/2021,CAK,OH,AGL,CE,Towers with Radar,18,51,42,0,111,0,1,11,0,12,18,52,53,0,123,0,0,0,123
10/16/2021,CAK,OH,AGL,CE,Towers with Radar,11,18,9,2,40,0,0,1,0,1,11,18,10,2,41,0,0,0,41
10/17/2021,CAK,OH,AGL,CE,Towers with Radar,20,21,50,0,91,0,1,34,0,35,20,22,84,0,126,0,0,0,126
10/18/2021,CAK,OH,AGL,CE,Towers with Radar,19,40,38,1,98,0,10,18,1,29,19,50,56,2,127,20,0,20,147
10/19/2021,CAK,OH,AGL,CE,Towers with Radar,12,41,62,2,117,0,7,49,8,64,12,48,111,10,181,14,0,14,195
10/20/2021,CAK,OH,AGL,CE,Towers with Radar,14,32,47,1,94,0,8,53,3,64,14,40,100,4,158,18,0,18,176
10/21/2021,CAK,OH,AGL,CE,Towers with Radar,23,37,41,0,101,0,4,3,0,7,23,41,44,0,108,0,0,0,108
10/22/2021,CAK,OH,AGL,CE,Towers with Radar,17,68,50,1,136,0,0,3,4,7,17,68,53,5,143,0,0,0,143
10/23/2021,CAK,OH,AGL,CE,Towers with Radar,16,29,30,1,76,0,14,23,2,39,16,43,53,3,115,0,0,0,115
10/24/2021,CAK,OH,AGL,CE,Towers with Radar,23,30,35,0,88,0,0,5,0,5,23,30,40,0,93,0,0,0,93
10/25/2021,CAK,OH,AGL,CE,Towers with Radar,14,50,32,4,100,0,4,17,0,21,14,54,49,4,121,0,0,0,121
10/26/2021,CAK,OH,AGL,CE,Towers with Radar,12,39,31,0,82,0,0,2,2,4,12,39,33,2,86,24,0,24,110
10/27/2021,CAK,OH,AGL,CE,Towers with Radar,16,67,47,2,132,0,0,1,4,5,16,67,48,6,137,2,10,12,149
10/28/2021,CAK,OH,AGL,CE,Towers with Radar,25,56,32,1,114,0,12,22,5,39,25,68,54,6,153,30,0,30,183
10/29/2021,CAK,OH,AGL,CE,Towers with Radar,20,68,32,2,122,0,0,1,0,1,20,68,33,2,123,0,0,0,123
10/30/2021,CAK,OH,AGL,CE,Towers with Radar,16,22,27,0,65,0,0,0,0,0,16,22,27,0,65,0,0,0,65
10/31/2021,CAK,OH,AGL,CE,Towers with Radar,17,29,43,0,89,0,2,9,0,11,17,31,52,0,100,0,0,0,100
11/01/2021,CAK,OH,AGL,CE,Towers with Radar,14,44,41,0,99,0,6,37,0,43,14,50,78,0,142,16,0,16,158
11/02/2021,CAK,OH,AGL,CE,Towers with Radar,8,42,43,2,95,0,16,22,3,41,8,58,65,5,136,24,0,24,160
11/03/2021,CAK,OH,AGL,CE,Towers with Radar,11,50,37,5,103,0,14,42,3,59,11,64,79,8,162,50,0,50,212
11/04/2021,CAK,OH,AGL,CE,Towers with Radar,22,63,29,0,114,0,7,36,2,45,22,70,65,2,159,26,0,26,185
11/05/2021,CAK,OH,AGL,CE,Towers with Radar,16,63,39,0,118,0,3,36,4,43,16,66,75,4,161,2,0,2,163
11/06/2021,CAK,OH,AGL,CE,Towers with Radar,10,27,25,1,63,0,9,71,18,98,10,36,96,19,161,20,0,20,181
11/07/2021,CAK,OH,AGL,CE,Towers with Radar,21,23,37,0,81,0,6,54,0,60,21,29,91,0,141,14,0,14,155
11/08/2021,CAK,OH,AGL,CE,Towers with Radar,16,45,42,0,103,0,18,28,0,46,16,63,70,0,149,18,0,18,167
11/09/2021,CAK,OH,AGL,CE,Towers with Radar,12,43,32,3,90,0,9,38,7,54,12,52,70,10,144,66,0,66,210
11/10/2021,CAK,OH,AGL,CE,Towers with Radar,12,52,76,1,141,0,9,40,9,58,12,61,116,10,199,26,0,26,225
11/11/2021,CAK,OH,AGL,CE,Towers with Radar,20,49,33,0,102,0,4,15,0,19,20,53,48,0,121,0,0,0,121
11/12/2021,CAK,OH,AGL,CE,Towers with Radar,16,44,36,0,96,0,2,19,0,21,16,46,55,0,117,0,0,0,117
11/13/2021,CAK,OH,AGL,CE,Towers with Radar,12,19,21,0,52,0,0,2,0,2,12,19,23,0,54,2,0,2,56
11/14/2021,CAK,OH,AGL,CE,Towers with Radar,18,13,16,0,47,0,0,0,0,0,18,13,16,0,47,0,0,0,47
11/15/2021,CAK,OH,AGL,CE,Towers with Radar,15,39,21,0,75,0,10,14,0,24,15,49,35,0,99,48,0,48,147
11/16/2021,CAK,OH,AGL,CE,Towers with Radar,9,67,48,1,125,0,8,46,5,59,9,75,94,6,184,12,0,12,196
11/17/2021,CAK,OH,AGL,CE,Towers with Radar,13,64,46,3,126,0,0,12,5,17,13,64,58,8,143,4,0,4,147
11/18/2021,CAK,OH,AGL,CE,Towers with Radar,19,61,26,0,106,0,4,11,6,21,19,65,37,6,127,6,0,6,133
11/19/2021,CAK,OH,AGL,CE,Towers with Radar,17,80,38,0,135,0,9,39,6,54,17,89,77,6,189,6,0,6,195
11/20/2021,CAK,OH,AGL,CE,Towers with Radar,11,38,36,0,85,0,10,31,0,41,11,48,67,0,126,22,0,22,148
11/21/2021,CAK,OH,AGL,CE,Towers with Radar,17,21,19,0,57,0,0,3,0,3,17,21,22,0,60,0,0,0,60
11/22/2021,CAK,OH,AGL,CE,Towers with Radar,16,53,40,0,109,0,7,31,0,38,16,60,71,0,147,4,0,4,151
11/23/2021,CAK,OH,AGL,CE,Towers with Radar,15,61,54,0,130,0,16,32,2,50,15,77,86,2,180,32,0,32,212
11/24/2021,CAK,OH,AGL,CE,Towers with Radar,17,41,31,0,89,0,4,37,0,41,17,45,68,0,130,0,0,0,130
11/25/2021,CAK,OH,AGL,CE,Towers with Radar,10,22,4,0,36,0,0,0,0,0,10,22,4,0,36,0,0,0,36
11/26/2021,CAK,OH,AGL,CE,Towers with Radar,12,23,16,0,51,0,0,2,0,2,12,23,18,0,53,1,0,1,54
11/27/2021,CAK,OH,AGL,CE,Towers with Radar,14,34,30,0,78,0,0,24,0,24,14,34,54,0,102,2,0,2,104
11/28/2021,CAK,OH,AGL,CE,Towers with Radar,19,19,31,0,69,0,0,0,0,0,19,19,31,0,69,0,0,0,69
11/29/2021,CAK,OH,AGL,CE,Towers with Radar,15,47,18,0,80,0,6,19,2,27,15,53,37,2,107,10,0,10,117
11/30/2021,CAK,OH,AGL,CE,Towers with Radar,13,52,28,7,100,0,7,13,3,23,13,59,41,10,123,14,2,16,139
12/01/2021,CAK,OH,AGL,CE,Towers with Radar,12,52,40,0,104,0,4,12,1,17,12,56,52,1,121,20,0,20,141
12/02/2021,CAK,OH,AGL,CE,Towers with Radar,19,44,36,3,102,0,0,14,5,19,19,44,50,8,121,0,0,0,121
12/03/2021,CAK,OH,AGL,CE,Towers with Radar,17,56,38,3,114,0,6,5,1,12,17,62,43,4,126,27,0,27,153
12/04/2021,CAK,OH,AGL,CE,Towers with Radar,15,29,46,1,91,0,5,30,1,36,15,34,76,2,127,29,0,29,156
12/05/2021,CAK,OH,AGL,CE,Towers with Radar,18,24,29,0,71,0,4,16,0,20,18,28,45,0,91,24,0,24,115
12/06/2021,CAK,OH,AGL,CE,Towers with Radar,14,29,21,0,64,0,0,0,0,0,14,29,21,0,64,4,0,4,68
12/07/2021,CAK,OH,AGL,CE,Towers with Radar,10,53,42,2,107,0,12,24,10,46,10,65,66,12,153,42,0,42,195
12/08/2021,CAK,OH,AGL,CE,Towers with Radar,12,38,33,0,83,0,0,4,4,8,12,38,37,4,91,14,0,14,105
12/09/2021,CAK,OH,AGL,CE,Towers with Radar,18,77,53,1,149,0,13,37,8,58,18,90,90,9,207,14,0,14,221
12/10/2021,CAK,OH,AGL,CE,Towers with Radar,17,55,42,2,116,0,4,25,0,29,17,59,67,2,145,13,0,13,158
12/11/2021,CAK,OH,AGL,CE,Towers with Radar,17,20,6,0,43,0,0,0,0,0,17,20,6,0,43,0,0,0,43
12/12/2021,CAK,OH,AGL,CE,Towers with Radar,18,23,31,0,72,0,7,33,0,40,18,30,64,0,112,42,0,42,154
12/13/2021,CAK,OH,AGL,CE,Towers with Radar,14,50,47,0,111,0,19,37,2,58,14,69,84,2,169,84,0,84,253
12/14/2021,CAK,OH,AGL,CE,Towers with Radar,11,52,48,3,114,0,4,44,11,59,11,56,92,14,173,48,0,48,221
12/15/2021,CAK,OH,AGL,CE,Towers with Radar,13,42,35,0,90,0,14,14,4,32,13,56,49,4,122,24,0,24,146
12/16/2021,CAK,OH,AGL,CE,Towers with Radar,16,51,39,0,106,0,0,2,0,2,16,51,41,0,108,0,0,0,108
12/17/2021,CAK,OH,AGL,CE,Towers with Radar,16,46,36,4,102,0,4,26,4,34,16,50,62,8,136,24,0,24,160
12/18/2021,CAK,OH,AGL,CE,Towers with Radar,15,25,17,0,57,0,0,0,0,0,15,25,17,0,57,0,0,0,57
12/19/2021,CAK,OH,AGL,CE,Towers with Radar,21,29,29,0,79,0,4,9,0,13,21,33,38,0,92,50,0,50,142
12/20/2021,CAK,OH,AGL,CE,Towers with Radar,16,40,28,1,85,0,5,32,1,38,16,45,60,2,123,36,0,36,159
12/21/2021,CAK,OH,AGL,CE,Towers with Radar,12,44,18,1,75,0,4,34,3,41,12,48,52,4,116,20,0,20,136
12/22/2021,CAK,OH,AGL,CE,Towers with Radar,18,40,29,0,87,0,0,21,4,25,18,40,50,4,112,0,0,0,112
12/23/2021,CAK,OH,AGL,CE,Towers with Radar,18,53,24,1,96,0,5,17,1,23,18,58,41,2,119,6,0,6,125
12/24/2021,CAK,OH,AGL,CE,Towers with Radar,14,21,8,0,43,0,0,14,0,14,14,21,22,0,57,2,0,2,59
12/25/2021,CAK,OH,AGL,CE,Towers with Radar,11,18,10,0,39,0,0,0,0,0,11,18,10,0,39,0,0,0,39
12/26/2021,CAK,OH,AGL,CE,Towers with Radar,18,18,47,0,83,0,0,12,0,12,18,18,59,0,95,30,0,30,125
12/27/2021,CAK,OH,AGL,CE,Towers with Radar,15,22,19,0,56,0,0,0,0,0,15,22,19,0,56,0,0,0,56
12/28/2021,CAK,OH,AGL,CE,Towers with Radar,17,41,17,0,75,0,0,6,0,6,17,41,23,0,81,0,0,0,81
12/29/2021,CAK,OH,AGL,CE,Towers with Radar,21,30,29,2,82,0,0,0,0,0,21,30,29,2,82,24,1,25,107
12/30/2021,CAK,OH,AGL,CE,Towers with Radar,14,33,12,0,59,0,0,0,0,0,14,33,12,0,59,2,0,2,61
12/31/2021,CAK,OH,AGL,CE,Towers with Radar,13,17,26,0,56,0,0,6,0,6,13,17,32,0,62,0,0,0,62
01/01/2022,CAK,OH,AGL,CE,Towers with Radar,9,11,6,0,26,0,0,0,0,0,9,11,6,0,26,0,0,0,26
01/02/2022,CAK,OH,AGL,CE,Towers with Radar,18,13,24,0,55,0,0,0,0,0,18,13,24,0,55,0,0,0,55
01/03/2022,CAK,OH,AGL,CE,Towers with Radar,13,41,22,0,76,0,5,2,0,7,13,46,24,0,83,24,0,24,107
01/04/2022,CAK,OH,AGL,CE,Towers with Radar,28,49,34,5,116,0,0,54,3,57,28,49,88,8,173,24,2,26,199
01/05/2022,CAK,OH,AGL,CE,Towers with Radar,16,41,18,1,76,0,0,1,3,4,16,41,19,4,80,2,0,2,82
01/06/2022,CAK,OH,AGL,CE,Towers with Radar,15,51,23,0,89,0,4,9,0,13,15,55,32,0,102,18,0,18,120
01/07/2022,CAK,OH,AGL,CE,Towers with Radar,13,55,26,0,94,0,0,6,4,10,13,55,32,4,104,4,0,4,108
01/08/2022,CAK,OH,AGL,CE,Towers with Radar,14,26,31,0,71,0,6,32,0,38,14,32,63,0,109,16,0,16,125
01/09/2022,CAK,OH,AGL,CE,Towers with Radar,12,15,5,0,32,0,1,0,0,1,12,16,5,0,33,0,0,0,33
01/10/2022,CAK,OH,AGL,CE,Towers with Radar,14,34,29,3,80,0,2,7,2,11,14,36,36,5,91,0,0,0,91
01/11/2022,CAK,OH,AGL,CE,Towers with Radar,11,33,40,3,87,0,4,16,6,26,11,37,56,9,113,28,0,28,141
01/12/2022,CAK,OH,AGL,CE,Towers with Radar,10,61,35,1,107,0,0,28,3,31,10,61,63,4,138,0,0,0,138
01/13/2022,CAK,OH,AGL,CE,Towers with Radar,15,58,43,0,116,0,4,20,6,30,15,62,63,6,146,14,0,14,160
01/14/2022,CAK,OH,AGL,CE,Towers with Radar,14,53,20,0,87,0,0,4,0,4,14,53,24,0,91,0,0,0,91
01/15/2022,CAK,OH,AGL,CE,Towers with Radar,13,27,36,0,76,0,0,39,0,39,13,27,75,0,115,38,0,38,153
01/16/2022,CAK,OH,AGL,CE,Towers with Radar,6,20,24,0,50,0,0,25,0,25,6,20,49,0,75,36,0,36,111
01/17/2022,CAK,OH,AGL,CE,Towers with Radar,11,27,17,0,55,0,0,0,0,0,11,27,17,0,55,0,0,0,55
01/18/2022,CAK,OH,AGL,CE,Towers with Radar,10,58,25,2,95,0,0,13,1,14,10,58,38,3,109,20,0,20,129
01/19/2022,CAK,OH,AGL,CE,Towers with Radar,10,61,26,1,98,0,3,1,1,5,10,64,27,2,103,4,0,4,107
01/20/2022,CAK,OH,AGL,CE,Towers with Radar,15,51,22,1,89,0,0,8,1,9,15,51,30,2,98,0,0,0,98
01/21/2022,CAK,OH,AGL,CE,Towers with Radar,14,65,25,0,104,0,7,18,2,27,14,72,43,2,131,21,0,21,152
01/22/2022,CAK,OH,AGL,CE,Towers with Radar,12,32,21,1,66,0,6,26,7,39,12,38,47,8,105,10,0,10,115
01/23/2022,CAK,OH,AGL,CE,Towers with Radar,15,18,14,0,47,0,0,0,0,0,15,18,14,0,47,0,0,0,47
01/24/2022,CAK,OH,AGL,CE,Towers with Radar,13,35,27,0,75,0,0,0,0,0,13,35,27,0,75,4,0,4,79
01/25/2022,CAK,OH,AGL,CE,Towers with Radar,22,49,41,1,113,0,12,12,7,31,22,61,53,8,144,38,0,38,182
01/26/2022,CAK,OH,AGL,CE,Towers with Radar,11,63,21,3,98,0,6,14,9,29,11,69,35,12,127,62,0,62,189
01/27/2022,CAK,OH,AGL,CE,Towers with Radar,16,50,37,1,104,0,3,11,4,18,16,53,48,5,122,0,0,0,122
01/28/2022,CAK,OH,AGL,CE,Towers with Radar,17,54,27,0,98,0,0,1,2,3,17,54,28,2,101,0,0,0,101
01/29/2022,CAK,OH,AGL,CE,Towers with Radar,14,25,14,0,53,0,12,23,0,35,14,37,37,0,88,30,0,30,118
01/30/2022,CAK,OH,AGL,CE,Towers with Radar,19,27,22,0,68,0,4,10,1,15,19,31,32,1,83,28,0,28,111
01/31/2022,CAK,OH,AGL,CE,Towers with Radar,15,32,44,0,91,0,17,44,6,67,15,49,88,6,158,70,0,70,228
02/01/2022,CAK,OH,AGL,CE,Towers with Radar,10,67,56,4,137,0,11,32,10,53,10,78,88,14,190,19,0,19,209
02/02/2022,CAK,OH,AGL,CE,Towers with Radar,9,42,24,0,75,0,0,1,4,5,9,42,25,4,80,0,0,0,80
02/03/2022,CAK,OH,AGL,CE,Towers with Radar,5,13,4,0,22,0,0,0,0,0,5,13,4,0,22,0,0,0,22
02/04/2022,CAK,OH,AGL,CE,Towers with Radar,7,39,33,0,79,0,0,0,0,0,7,39,33,0,79,0,0,0,79
02/05/2022,CAK,OH,AGL,CE,Towers with Radar,14,23,24,0,61,0,0,7,0,7,14,23,31,0,68,0,0,0,68
02/06/2022,CAK,OH,AGL,CE,Towers with Radar,14,31,26,0,71,0,4,27,0,31,14,35,53,0,102,36,0,36,138
02/07/2022,CAK,OH,AGL,CE,Towers with Radar,11,65,38,1,115,0,11,17,2,30,11,76,55,3,145,12,0,12,157
02/08/2022,CAK,OH,AGL,CE,Towers with Radar,11,50,44,5,110,0,1,11,7,19,11,51,55,12,129,48,4,52,181
02/09/2022,CAK,OH,AGL,CE,Towers with Radar,11,76,38,4,129,0,14,10,6,30,11,90,48,10,159,16,0,16,175
02/10/2022,CAK,OH,AGL,CE,Towers with Radar,14,55,33,0,102,0,4,13,6,23,14,59,46,6,125,6,0,6,131
02/11/2022,CAK,OH,AGL,CE,Towers with Radar,17,55,19,2,93,0,0,6,4,10,17,55,25,6,103,0,0,0,103
02/12/2022,CAK,OH,AGL,CE,Towers with Radar,16,22,9,0,47,0,6,5,10,21,16,28,14,10,68,32,6,38,106
02/13/2022,CAK,OH,AGL,CE,Towers with Radar,17,16,20,0,53,0,0,2,0,2,17,16,22,0,55,1,0,1,56
02/14/2022,CAK,OH,AGL,CE,Towers with Radar,17,49,24,1,91,0,11,18,1,30,17,60,42,2,121,12,0,12,133
02/15/2022,CAK,OH,AGL,CE,Towers with Radar,13,66,31,0,110,0,23,43,6,72,13,89,74,6,182,41,0,41,223
02/16/2022,CAK,OH,AGL,CE,Towers with Radar,13,48,33,0,94,0,1,4,4,9,13,49,37,4,103,0,0,0,103
02/17/2022,CAK,OH,AGL,CE,Towers with Radar,17,53,26,0,96,0,0,0,0,0,17,53,26,0,96,0,0,0,96
02/18/2022,CAK,OH,AGL,CE,Towers with Radar,15,39,37,0,91,0,0,12,2,14,15,39,49,2,105,22,0,22,127
02/19/2022,CAK,OH,AGL,CE,Towers with Radar,21,23,15,0,59,0,0,3,0,3,21,23,18,0,62,0,0,0,62
02/20/2022,CAK,OH,AGL,CE,Towers with Radar,18,28,23,0,69,0,6,29,0,35,18,34,52,0,104,20,0,20,124
02/21/2022,CAK,OH,AGL,CE,Towers with Radar,18,56,48,0,122,0,24,44,0,68,18,80,92,0,190,40,2,42,232
02/22/2022,CAK,OH,AGL,CE,Towers with Radar,13,48,26,0,87,0,2,0,0,2,13,50,26,0,89,0,0,0,89
02/23/2022,CAK,OH,AGL,CE,Towers with Radar,14,52,28,0,94,0,0,2,4,6,14,52,30,4,100,0,0,0,100
02/24/2022,CAK,OH,AGL,CE,Towers with Radar,14,71,35,0,120,0,12,31,2,45,14,83,66,2,165,16,0,16,181
02/25/2022,CAK,OH,AGL,CE,Towers with Radar,18,38,21,2,79,0,0,0,0,0,18,38,21,2,79,0,0,0,79
02/26/2022,CAK,OH,AGL,CE,Towers with Radar,22,24,20,0,66,0,5,10,4,19,22,29,30,4,85,52,0,52,137
02/27/2022,CAK,OH,AGL,CE,Towers with Radar,18,16,28,0,62,0,0,26,0,26,18,16,54,0,88,0,0,0,88
02/28/2022,CAK,OH,AGL,CE,Towers with Radar,20,50,44,1,115,0,24,31,1,56,20,74,75,2,171,30,0,30,201
03/01/2022,CAK,OH,AGL,CE,Towers with Radar,20,57,26,1,104,0,7,9,3,19,20,64,35,4,123,10,0,10,133
03/02/2022,CAK,OH,AGL,CE,Towers with Radar,26,70,58,2,156,0,18,28,8,54,26,88,86,10,210,16,0,16,226
03/03/2022,CAK,OH,AGL,CE,Towers with Radar,27,52,31,2,112,0,15,17,5,37,27,67,48,7,149,34,0,34,183
03/04/2022,CAK,OH,AGL,CE,Towers with Radar,20,53,38,1,112,0,15,30,7,52,20,68,68,8,164,32,0,32,196
03/05/2022,CAK,OH,AGL,CE,Towers with Radar,20,41,37,0,98,0,10,48,0,58,20,51,85,0,156,35,0,35,191
03/06/2022,CAK,OH,AGL,CE,Towers with Radar,19,15,31,0,65,0,0,3,0,3,19,15,34,0,68,0,0,0,68
03/07/2022,CAK,OH,AGL,CE,Towers with Radar,23,30,30,0,83,0,2,0,0,2,23,32,30,0,85,0,0,0,85
03/08/2022,CAK,OH,AGL,CE,Towers with Radar,10,56,38,10,114,0,35,30,6,71,10,91,68,16,185,82,0,82,267
03/09/2022,CAK,OH,AGL,CE,Towers with Radar,16,59,34,1,110,0,20,9,5,34,16,79,43,6,144,58,0,58,202
03/10/2022,CAK,OH,AGL,CE,Towers with Radar,18,85,50,6,159,0,26,39,6,71,18,111,89,12,230,89,0,89,319
03/11/2022,CAK,OH,AGL,CE,Towers with Radar,21,57,35,6,119,0,14,30,3,47,21,71,65,9,166,38,0,38,204
03/12/2022,CAK,OH,AGL,CE,Towers with Radar,17,26,17,1,61,0,0,0,2,2,17,26,17,3,63,0,0,0,63
03/13/2022,CAK,OH,AGL,CE,Towers with Radar,19,20,25,0,64,0,0,10,2,12,19,20,35,2,76,0,0,0,76
03/14/2022,CAK,OH,AGL,CE,Towers with Radar,22,40,32,0,94,0,9,36,0,45,22,49,68,0,139,54,0,54,193
03/15/2022,CAK,OH,AGL,CE,Towers with Radar,11,57,39,2,109,0,18,38,2,58,11,75,77,4,167,36,0,36,203
03/16/2022,CAK,OH,AGL,CE,Towers with Radar,19,52,54,7,132,0,22,79,6,107,19,74,133,13,239,22,26,48,287
03/17/2022,CAK,OH,AGL,CE,Towers with Radar,19,48,44,0,111,0,15,41,1,57,19,63,85,1,168,40,0,40,208
03/18/2022,CAK,OH,AGL,CE,Towers with Radar,19,54,30,1,104,0,16,29,1,46,19,70,59,2,150,0,0,0,150
03/19/2022,CAK,OH,AGL,CE,Towers with Radar,21,33,27,0,81,0,0,0,0,0,21,33,27,0,81,0,0,0,81
03/20/2022,CAK,OH,AGL,CE,Towers with Radar,19,21,24,0,64,0,4,14,0,18,19,25,38,0,82,20,0,20,102
03/21/2022,CAK,OH,AGL,CE,Towers with Radar,21,52,40,2,115,0,23,63,0,86,21,75,103,2,201,26,0,26,227
03/22/2022,CAK,OH,AGL,CE,Towers with Radar,6,54,31,4,95,0,10,23,4,37,6,64,54,8,132,12,0,12,144
03/23/2022,CAK,OH,AGL,CE,Towers with Radar,15,52,17,0,84,0,0,0,0,0,15,52,17,0,84,1,0,1,85
03/24/2022,CAK,OH,AGL,CE,Towers with Radar,18,72,45,2,137,0,11,18,8,37,18,83,63,10,174,3,0,3,177
03/25/2022,CAK,OH,AGL,CE,Towers with Radar,21,47,31,0,99,0,0,6,4,10,21,47,37,4,109,1,0,1,110
03/26/2022,CAK,OH,AGL,CE,Towers with Radar,22,28,15,0,65,0,0,0,0,0,22,28,15,0,65,1,0,1,66
03/27/2022,CAK,OH,AGL,CE,Towers with Radar,18,26,21,0,65,0,0,2,0,2,18,26,23,0,67,0,0,0,67
03/28/2022,CAK,OH,AGL,CE,Towers with Radar,20,33,21,1,75,0,9,6,2,17,20,42,27,3,92,24,0,24,116
03/29/2022,CAK,OH,AGL,CE,Towers with Radar,8,48,37,0,93,0,13,52,6,71,8,61,89,6,164,16,0,16,180
03/30/2022,CAK,OH,AGL,CE,Towers with Radar,21,41,31,0,93,0,2,17,6,25,21,43,48,6,118,22,0,22,140
03/31/2022,CAK,OH,AGL,CE,Towers with Radar,18,46,23,1,88,0,0,1,4,5,18,46,24,5,93,0,0,0,93
04/01/2022,CAK,OH,AGL,CE,Towers with Radar,21,32,26,1,80,0,0,7,2,9,21,32,33,3,89,2,0,2,91
04/02/2022,CAK,OH,AGL,CE,Towers with Radar,16,24,35,2,77,0,6,47,0,53,16,30,82,2,130,16,0,16,146
04/03/2022,CAK,OH,AGL,CE,Towers with Radar,13,29,30,0,72,0,0,3,0,3,13,29,33,0,75,2,0,2,77
04/04/2022,CAK,OH,AGL,CE,Towers with Radar,14,38,22,0,74,0,4,7,0,11,14,42,29,0,85,0,0,0,85
04/05/2022,CAK,OH,AGL,CE,Towers with Radar,6,60,38,0,104,0,10,26,4,40,6,70,64,4,144,12,0,12,156
04/06/2022,CAK,OH,AGL,CE,Towers with Radar,12,76,77,1,166,0,0,7,1,8,12,76,84,2,174,13,2,15,189
04/07/2022,CAK,OH,AGL,CE,Towers with Radar,16,52,52,0,120,0,6,23,0,29,16,58,75,0,149,22,0,22,171
04/08/2022,CAK,OH,AGL,CE,Towers with Radar,22,77,41,0,140,0,0,9,2,11,22,77,50,2,151,0,12,12,163
04/09/2022,CAK,OH,AGL,CE,Towers with Radar,20,30,11,0,61,0,0,0,2,2,20,30,11,2,63,0,8,8,71
04/10/2022,CAK,OH,AGL,CE,Towers with Radar,17,20,47,1,85,0,10,38,3,51,17,30,85,4,136,15,0,15,151
04/11/2022,CAK,OH,AGL,CE,Towers with Radar,21,33,22,0,76,0,0,5,0,5,21,33,27,0,81,2,0,2,83
04/12/2022,CAK,OH,AGL,CE,Towers with Radar,10,56,54,2,122,0,24,48,6,78,10,80,102,8,200,46,0,46,246
04/13/2022,CAK,OH,AGL,CE,Towers with Radar,13,55,33,0,101,0,2,14,2,18,13,57,47,2,119,8,0,8,127
04/14/2022,CAK,OH,AGL,CE,Towers with Radar,19,38,45,3,105,0,0,16,5,21,19,38,61,8,126,4,0,4,130
04/15/2022,CAK,OH,AGL,CE,Towers with Radar,21,19,31,1,72,0,2,14,3,19,21,21,45,4,91,16,0,16,107
04/16/2022,CAK,OH,AGL,CE,Towers with Radar,20,12,25,0,57,0,0,9,0,9,20,12,34,0,66,0,0,0,66
04/17/2022,CAK,OH,AGL,CE,Towers with Radar,17,16,20,0,53,0,0,19,0,19,17,16,39,0,72,0,0,0,72
04/18/2022,CAK,OH,AGL,CE,Towers with Radar,20,43,31,0,94,0,1,2,0,3,20,44,33,0,97,0,0,0,97
04/19/2022,CAK,OH,AGL,CE,Towers with Radar,12,37,28,1,78,0,0,0,1,1,12,37,28,2,79,0,0,0,79
04/20/2022,CAK,OH,AGL,CE,Towers with Radar,12,71,73,0,156,0,21,54,12,87,12,92,127,12,243,24,12,36,279
04/21/2022,CAK,OH,AGL,CE,Towers with Radar,22,43,46,2,113,0,2,6,6,14,22,45,52,8,127,0,0,0,127
04/22/2022,CAK,OH,AGL,CE,Towers with Radar,17,48,53,0,118,0,31,49,4,84,17,79,102,4,202,66,0,66,268
04/23/2022,CAK,OH,AGL,CE,Towers with Radar,12,30,35,0,77,0,18,45,0,63,12,48,80,0,140,12,0,12,152
04/24/2022,CAK,OH,AGL,CE,Towers with Radar,20,23,29,0,72,0,1,31,0,32,20,24,60,0,104,12,0,12,116
04/25/2022,CAK,OH,AGL,CE,Towers with Radar,17,41,34,6,98,0,5,8,3,16,17,46,42,9,114,10,0,10,124
04/26/2022,CAK,OH,AGL,CE,Towers with Radar,8,58,32,4,102,0,12,24,2,38,8,70,56,6,140,22,0,22,162
04/27/2022,CAK,OH,AGL,CE,Towers with Radar,11,49,44,0,104,0,9,16,8,33,11,58,60,8,137,24,0,24,161
04/28/2022,CAK,OH,AGL,CE,Towers with Radar,20,50,48,1,119,0,28,31,3,62,20,78,79,4,181,4,0,4,185
04/29/2022,CAK,OH,AGL,CE,Towers with Radar,18,59,48,0,125,0,13,51,0,64,18,72,99,0,189,30,0,30,219
04/30/2022,CAK,OH,AGL,CE,Towers with Radar,13,38,37,0,88,0,18,41,0,59,13,56,78,0,147,56,0,56,203
05/01/2022,CAK,OH,AGL,CE,Towers with Radar,19,21,24,0,64,0,0,6,0,6,19,21,30,0,70,24,0,24,94
05/02/2022,CAK,OH,AGL,CE,Towers with Radar,16,51,42,1,110,0,19,27,0,46,16,70,69,1,156,22,0,22,178
05/03/2022,CAK,OH,AGL,CE,Towers with Radar,9,44,27,0,80,0,3,12,1,16,9,47,39,1,96,6,0,6,102
05/04/2022,CAK,OH,AGL,CE,Towers with Radar,15,71,44,1,131,0,1,1,0,2,15,72,45,1,133,0,0,0,133
05/05/2022,CAK,OH,AGL,CE,Towers with Radar,16,65,56,0,137,0,15,34,0,49,16,80,90,0,186,6,0,6,192
05/06/2022,CAK,OH,AGL,CE,Towers with Radar,13,45,34,0,92,0,0,0,0,0,13,45,34,0,92,0,0,0,92
05/07/2022,CAK,OH,AGL,CE,Towers with Radar,18,25,24,0,67,0,2,6,0,8,18,27,30,0,75,18,0,18,93
05/08/2022,CAK,OH,AGL,CE,Towers with Radar,21,20,22,0,63,0,6,32,0,38,21,26,54,0,101,24,0,24,125
05/09/2022,CAK,OH,AGL,CE,Towers with Radar,14,44,40,0,98,0,8,37,0,45,14,52,77,0,143,0,0,0,143
05/10/2022,CAK,OH,AGL,CE,Towers with Radar,9,69,47,2,127,0,8,42,4,54,9,77,89,6,181,14,0,14,195
05/11/2022,CAK,OH,AGL,CE,Towers with Radar,11,59,49,0,119,0,7,62,6,75,11,66,111,6,194,34,0,34,228
05/12/2022,CAK,OH,AGL,CE,Towers with Radar,18,48,32,4,102,0,8,54,5,67,18,56,86,9,169,4,0,4,173
05/13/2022,CAK,OH,AGL,CE,Towers with Radar,14,67,34,0,115,0,5,35,4,44,14,72,69,4,159,6,0,6,165
05/14/2022,CAK,OH,AGL,CE,Towers with Radar,15,26,27,0,68,0,0,13,0,13,15,26,40,0,81,12,0,12,93
05/15/2022,CAK,OH,AGL,CE,Towers with Radar,12,28,41,0,81,0,3,28,0,31,12,31,69,0,112,16,0,16,128
05/16/2022,CAK,OH,AGL,CE,Towers with Radar,18,54,33,0,105,0,2,14,0,16,18,56,47,0,121,14,0,14,135
05/17/2022,CAK,OH,AGL,CE,Towers with Radar,7,62,59,2,130,0,19,42,4,65,7,81,101,6,195,32,0,32,227
05/18/2022,CAK,OH,AGL,CE,Towers with Radar,12,69,33,0,114,0,14,26,0,40,12,83,59,0,154,10,0,10,164
05/19/2022,CAK,OH,AGL,CE,Towers with Radar,20,62,38,1,121,0,12,22,10,44,20,74,60,11,165,18,0,18,183
05/20/2022,CAK,OH,AGL,CE,Towers with Radar,13,45,38,1,97,0,2,5,1,8,13,47,43,2,105,0,0,0,105
05/21/2022,CAK,OH,AGL,CE,Towers with Radar,13,23,21,0,57,0,0,25,0,25,13,23,46,0,82,0,0,0,82
05/22/2022,CAK,OH,AGL,CE,Towers with Radar,19,25,32,0,76,0,2,9,0,11,19,27,41,0,87,0,0,0,87
05/23/2022,CAK,OH,AGL,CE,Towers with Radar,11,52,41,0,104,0,10,48,0,58,11,62,89,0,162,6,0,6,168
05/24/2022,CAK,OH,AGL,CE,Towers with Radar,8,58,34,3,103,0,21,41,3,65,8,79,75,6,168,38,0,38,206
05/25/2022,CAK,OH,AGL,CE,Towers with Radar,11,67,42,5,125,0,10,40,13,63,11,77,82,18,188,6,0,6,194
05/26/2022,CAK,OH,AGL,CE,Towers with Radar,19,54,40,0,113,0,1,8,0,9,19,55,48,0,122,10,0,10,132
05/27/2022,CAK,OH,AGL,CE,Towers with Radar,13,41,27,0,81,0,1,0,0,1,13,42,27,0,82,0,0,0,82
05/28/2022,CAK,OH,AGL,CE,Towers with Radar,18,23,23,0,64,0,9,24,0,33,18,32,47,0,97,30,0,30,127
05/29/2022,CAK,OH,AGL,CE,Towers with Radar,21,24,21,0,66,0,9,30,0,39,21,33,51,0,105,10,0,10,115
05/30/2022,CAK,OH,AGL,CE,Towers with Radar,14,20,29,0,63,0,1,29,0,30,14,21,58,0,93,28,0,28,121
05/31/2022,CAK,OH,AGL,CE,Towers with Radar,9,49,39,2,99,0,14,27,3,44,9,63,66,5,143,2,0,2,145
06/01/2022,CAK,OH,AGL,CE,Towers with Radar,11,48,40,2,101,0,5,29,3,37,11,53,69,5,138,8,0,8,146
06/02/2022,CAK,OH,AGL,CE,Towers with Radar,21,77,32,1,131,0,8,7,0,15,21,85,39,1,146,26,0,26,172
06/03/2022,CAK,OH,AGL,CE,Towers with Radar,19,49,46,4,118,0,16,48,2,66,19,65,94,6,184,12,0,12,196
06/04/2022,CAK,OH,AGL,CE,Towers with Radar,17,23,41,0,81,0,6,63,0,69,17,29,104,0,150,1,0,1,151
06/05/2022,CAK,OH,AGL,CE,Towers with Radar,18,26,41,0,85,0,3,30,0,33,18,29,71,0,118,20,0,20,138
06/06/2022,CAK,OH,AGL,CE,Towers with Radar,19,34,40,0,93,0,2,23,1,26,19,36,63,1,119,2,0,2,121
06/07/2022,CAK,OH,AGL,CE,Towers with Radar,11,54,45,1,111,0,0,1,0,1,11,54,46,1,112,2,0,2,114
06/08/2022,CAK,OH,AGL,CE,Towers with Radar,15,61,37,0,113,0,10,33,2,45,15,71,70,2,158,8,0,8,166
06/09/2022,CAK,OH,AGL,CE,Towers with Radar,22,42,48,2,114,0,4,19,6,29,22,46,67,8,143,28,0,28,171
06/10/2022,CAK,OH,AGL,CE,Towers with Radar,18,52,51,3,124,0,10,45,7,62,18,62,96,10,186,8,2,10,196
06/11/2022,CAK,OH,AGL,CE,Towers with Radar,17,34,34,4,89,0,4,36,0,40,17,38,70,4,129,24,0,24,153
06/12/2022,CAK,OH,AGL,CE,Towers with Radar,22,21,22,1,66,0,2,7,2,11,22,23,29,3,77,10,8,18,95
06/13/2022,CAK,OH,AGL,CE,Towers with Radar,19,41,38,1,99,0,4,21,1,26,19,45,59,2,125,10,0,10,135
06/14/2022,CAK,OH,AGL,CE,Towers with Radar,10,62,42,0,114,0,8,15,4,27,10,70,57,4,141,6,0,6,147
06/15/2022,CAK,OH,AGL,CE,Towers with Radar,17,53,35,2,107,0,2,30,6,38,17,55,65,8,145,8,0,8,153
06/16/2022,CAK,OH,AGL,CE,Towers with Radar,17,47,28,0,92,1,7,19,0,27,18,54,47,0,119,5,0,5,124
06/17/2022,CAK,OH,AGL,CE,Towers with Radar,18,43,32,0,93,0,11,27,0,38,18,54,59,0,131,2,0,2,133
06/18/2022,CAK,OH,AGL,CE,Towers with Radar,21,23,24,0,68,0,11,20,0,31,21,34,44,0,99,12,0,12,111
06/19/2022,CAK,OH,AGL,CE,Towers with Radar,18,27,28,0,73,0,4,52,0,56,18,31,80,0,129,6,0,6,135
06/20/2022,CAK,OH,AGL,CE,Towers with Radar,21,29,40,0,90,0,2,25,0,27,21,31,65,0,117,14,0,14,131
06/21/2022,CAK,OH,AGL,CE,Towers with Radar,13,58,41,0,112,0,20,20,0,40,13,78,61,0,152,6,0,6,158
06/22/2022,CAK,OH,AGL,CE,Towers with Radar,16,56,48,1,121,0,2,37,7,46,16,58,85,8,167,16,0,16,183
06/23/2022,CAK,OH,AGL,CE,Towers with Radar,20,52,47,2,121,0,20,38,9,67,20,72,85,11,188,28,0,28,216
06/24/2022,CAK,OH,AGL,CE,Towers with Radar,20,60,47,2,129,0,20,59,9,88,20,80,106,11,217,42,0,42,259
06/25/2022,CAK,OH,AGL,CE,Towers with Radar,21,19,50,0,90,0,11,47,0,58,21,30,97,0,148,46,0,46,194
06/26/2022,CAK,OH,AGL,CE,Towers with Radar,20,26,23,0,69,0,1,12,0,13,20,27,35,0,82,2,0,2,84
06/27/2022,CAK,OH,AGL,CE,Towers with Radar,17,47,43,1,108,0,5,34,1,40,17,52,77,2,148,10,0,10,158
06/28/2022,CAK,OH,AGL,CE,Towers with Radar,11,57,45,1,114,0,20,38,7,65,11,77,83,8,179,26,4,30,209
06/29/2022,CAK,OH,AGL,CE,Towers with Radar,17,53,43,3,116,0,12,42,3,57,17,65,85,6,173,40,0,40,213
06/30/2022,CAK,OH,AGL,CE,Towers with Radar,19,39,43,1,102,0,17,41,5,63,19,56,84,6,165,22,0,22,187
07/01/2022,CAK,OH,AGL,CE,Towers with Radar,15,34,35,0,84,0,4,34,2,40,15,38,69,2,124,22,0,22,146
07/02/2022,CAK,OH,AGL,CE,Towers with Radar,13,13,48,0,74,0,2,20,0,22,13,15,68,0,96,28,0,28,124
07/03/2022,CAK,OH,AGL,CE,Towers with Radar,22,11,26,0,59,0,7,33,0,40,22,18,59,0,99,0,0,0,99
07/04/2022,CAK,OH,AGL,CE,Towers with Radar,15,18,14,0,47,0,5,19,0,24,15,23,33,0,71,6,0,6,77
07/05/2022,CAK,OH,AGL,CE,Towers with Radar,14,40,19,0,73,0,1,9,0,10,14,41,28,0,83,4,0,4,87
07/06/2022,CAK,OH,AGL,CE,Towers with Radar,16,39,18,0,73,0,2,8,0,10,16,41,26,0,83,20,0,20,103
07/07/2022,CAK,OH,AGL,CE,Towers with Radar,24,71,45,2,142,0,6,40,7,53,24,77,85,9,195,10,0,10,205
07/08/2022,CAK,OH,AGL,CE,Towers with Radar,15,49,38,0,102,0,14,63,0,77,15,63,101,0,179,32,0,32,211
07/09/2022,CAK,OH,AGL,CE,Towers with Radar,17,24,42,0,83,0,8,37,0,45,17,32,79,0,128,34,0,34,162
07/10/2022,CAK,OH,AGL,CE,Towers with Radar,23,28,35,0,86,0,3,46,0,49,23,31,81,0,135,22,0,22,157
07/11/2022,CAK,OH,AGL,CE,Towers with Radar,18,38,32,1,89,0,6,28,0,34,18,44,60,1,123,33,0,33,156
07/12/2022,CAK,OH,AGL,CE,Towers with Radar,10,36,22,1,69,0,3,26,6,35,10,39,48,7,104,30,0,30,134
07/13/2022,CAK,OH,AGL,CE,Towers with Radar,15,39,34,2,90,0,9,26,2,37,15,48,60,4,127,4,0,4,131
07/14/2022,CAK,OH,AGL,CE,Towers with Radar,20,51,48,3,122,0,13,18,13,44,20,64,66,16,166,22,0,22,188
07/15/2022,CAK,OH,AGL,CE,Towers with Radar,15,48,48,2,113,0,13,43,3,59,15,61,91,5,172,42,0,42,214
07/16/2022,CAK,OH,AGL,CE,Towers with Radar,15,28,35,2,80,0,0,7,0,7,15,28,42,2,87,2,0,2,89
07/17/2022,CAK,OH,AGL,CE,Towers with Radar,22,17,34,0,73,0,0,6,0,6,22,17,40,0,79,0,0,0,79
07/18/2022,CAK,OH,AGL,CE,Towers with Radar,13,49,29,0,91,0,6,14,2,22,13,55,43,2,113,20,0,20,133
07/19/2022,CAK,OH,AGL,CE,Towers with Radar,10,43,46,2,101,0,14,39,12,65,10,57,85,14,166,10,0,10,176
07/20/2022,CAK,OH,AGL,CE,Towers with Radar,17,53,43,2,115,0,6,26,4,36,17,59,69,6,151,0,0,0,151
07/21/2022,CAK,OH,AGL,CE,Towers with Radar,20,40,43,2,105,0,5,31,6,42,20,45,74,8,147,12,0,12,159
07/22/2022,CAK,OH,AGL,CE,Towers with Radar,17,42,34,0,93,0,5,37,6,48,17,47,71,6,141,14,0,14,155
07/23/2022,CAK,OH,AGL,CE,Towers with Radar,18,27,26,0,71,0,3,11,2,16,18,30,37,2,87,28,0,28,115
07/24/2022,CAK,OH,AGL,CE,Towers with Radar,21,20,28,0,69,0,0,10,2,12,21,20,38,2,81,0,0,0,81
07/25/2022,CAK,OH,AGL,CE,Towers with Radar,15,46,45,0,106,0,4,30,0,34,15,50,75,0,140,22,0,22,162
07/26/2022,CAK,OH,AGL,CE,Towers with Radar,9,49,52,9,119,0,5,23,8,36,9,54,75,17,155,14,0,14,169
07/27/2022,CAK,OH,AGL,CE,Towers with Radar,17,43,38,0,98,0,0,1,0,1,17,43,39,0,99,0,1,1,100
07/28/2022,CAK,OH,AGL,CE,Towers with Radar,19,39,47,1,106,0,11,28,5,44,19,50,75,6,150,8,0,8,158
07/29/2022,CAK,OH,AGL,CE,Towers with Radar,16,39,32,0,87,0,10,42,0,52,16,49,74,0,139,0,0,0,139
07/30/2022,CAK,OH,AGL,CE,Towers with Radar,14,15,28,0,57,0,4,43,0,47,14,19,71,0,104,20,0,20,124
07/31/2022,CAK,OH,AGL,CE,Towers with Radar,21,18,26,0,65,0,0,20,0,20,21,18,46,0,85,0,0,0,85
08/01/2022,CAK,OH,AGL,CE,Towers with Radar,19,22,37,0,78,0,0,6,0,6,19,22,43,0,84,0,0,0,84
08/02/2022,CAK,OH,AGL,CE,Towers with Radar,10,39,47,2,98,0,8,28,4,40,10,47,75,6,138,6,0,6,144
08/03/2022,CAK,OH,AGL,CE,Towers with Radar,16,35,49,2,102,0,21,28,6,55,16,56,77,8,157,32,0,32,189
08/04/2022,CAK,OH,AGL,CE,Towers with Radar,18,55,31,0,104,0,0,8,2,10,18,55,39,2,114,0,0,0,114
08/05/2022,CAK,OH,AGL,CE,Towers with Radar,17,59,49,2,127,0,0,21,0,21,17,59,70,2,148,20,0,20,168
08/06/2022,CAK,OH,AGL,CE,Towers with Radar,13,50,39,0,102,0,1,6,0,7,13,51,45,0,109,0,0,0,109
08/07/2022,CAK,OH,AGL,CE,Towers with Radar,22,35,39,0,96,0,0,9,2,11,22,35,48,2,107,0,0,0,107
08/08/2022,CAK,OH,AGL,CE,Towers with Radar,16,60,43,3,122,0,2,9,2,13,16,62,52,5,135,0,0,0,135
08/09/2022,CAK,OH,AGL,CE,Towers with Radar,8,56,50,3,117,0,0,2,1,3,8,56,52,4,120,22,0,22,142
08/10/2022,CAK,OH,AGL,CE,Towers with Radar,14,49,48,0,111,0,16,30,0,46,14,65,78,0,157,38,0,38,195
08/11/2022,CAK,OH,AGL,CE,Towers with Radar,23,65,63,2,153,0,13,42,4,59,23,78,105,6,212,22,0,22,234
08/12/2022,CAK,OH,AGL,CE,Towers with Radar,17,46,42,2,107,0,9,59,2,70,17,55,101,4,177,0,0,0,177
08/13/2022,CAK,OH,AGL,CE,Towers with Radar,16,19,25,0,60,0,0,42,0,42,16,19,67,0,102,6,0,6,108
08/14/2022,CAK,OH,AGL,CE,Towers with Radar,20,11,38,1,70,0,2,8,1,11,20,13,46,2,81,0,0,0,81
08/15/2022,CAK,OH,AGL,CE,Towers with Radar,17,36,48,0,101,0,7,20,0,27,17,43,68,0,128,4,0,4,132
08/16/2022,CAK,OH,AGL,CE,Towers with Radar,8,49,31,0,88,0,0,17,0,17,8,49,48,0,105,2,0,2,107
08/17/2022,CAK,OH,AGL,CE,Towers with Radar,10,55,40,1,106,0,13,23,4,40,10,68,63,5,146,12,0,12,158
08/18/2022,CAK,OH,AGL,CE,Towers with Radar,17,52,28,1,98,0,5,24,7,36,17,57,52,8,134,0,0,0,134
08/19/2022,CAK,OH,AGL,CE,Towers with Radar,17,52,43,2,114,0,6,54,3,63,17,58,97,5,177,34,0,34,211
08/20/2022,CAK,OH,AGL,CE,Towers with Radar,12,18,35,0,65,0,3,27,2,32,12,21,62,2,97,42,0,42,139
08/21/2022,CAK,OH,AGL,CE,Towers with Radar,15,18,35,0,68,0,0,0,0,0,15,18,35,0,68,0,0,0,68
08/22/2022,CAK,OH,AGL,CE,Towers with Radar,13,37,24,0,74,0,1,9,0,10,13,38,33,0,84,0,0,0,84
08/23/2022,CAK,OH,AGL,CE,Towers with Radar,9,44,31,5,89,0,6,28,1,35,9,50,59,6,124,12,0,12,136
08/24/2022,CAK,OH,AGL,CE,Towers with Radar,11,52,53,0,116,0,7,66,6,79,11,59,119,6,195,48,0,48,243
08/25/2022,CAK,OH,AGL,CE,Towers with Radar,16,49,37,0,102,0,8,59,2,69,16,57,96,2,171,20,0,20,191
08/26/2022,CAK,OH,AGL,CE,Towers with Radar,15,35,35,0,85,0,6,20,0,26,15,41,55,0,111,14,0,14,125
08/27/2022,CAK,OH,AGL,CE,Towers with Radar,18,30,36,0,84,0,2,43,0,45,18,32,79,0,129,12,0,12,141
08/28/2022,CAK,OH,AGL,CE,Towers with Radar,16,20,38,0,74,0,0,43,0,43,16,20,81,0,117,28,0,28,145
08/29/2022,CAK,OH,AGL,CE,Towers with Radar,12,44,44,0,100,0,0,17,0,17,12,44,61,0,117,12,0,12,129
08/30/2022,CAK,OH,AGL,CE,Towers with Radar,7,45,51,6,109,0,3,12,0,15,7,48,63,6,124,28,0,28,152
08/31/2022,CAK,OH,AGL,CE,Towers with Radar,13,51,40,0,104,0,5,44,6,55,13,56,84,6,159,36,0,36,195
09/01/2022,CAK,OH,AGL,CE,Towers with Radar,18,60,52,2,132,0,8,50,3,61,18,68,102,5,193,38,0,38,231
09/02/2022,CAK,OH,AGL,CE,Towers with Radar,12,53,29,4,98,0,18,45,3,66,12,71,74,7,164,44,0,44,208
09/03/2022,CAK,OH,AGL,CE,Towers with Radar,14,23,25,0,62,0,0,17,0,17,14,23,42,0,79,0,0,0,79
09/04/2022,CAK,OH,AGL,CE,Towers with Radar,16,14,14,0,44,0,0,3,0,3,16,14,17,0,47,0,0,0,47
09/05/2022,CAK,OH,AGL,CE,Towers with Radar,12,15,22,0,49,0,0,1,0,1,12,15,23,0,50,0,0,0,50
09/06/2022,CAK,OH,AGL,CE,Towers with Radar,6,58,49,2,115,0,2,0,1,3,6,60,49,3,118,0,8,8,126
09/07/2022,CAK,OH,AGL,CE,Towers with Radar,9,51,54,0,114,0,4,23,0,27,9,55,77,0,141,4,0,4,145
09/08/2022,CAK,OH,AGL,CE,Towers with Radar,21,58,41,3,123,0,11,43,11,65,21,69,84,14,188,18,4,22,210
09/09/2022,CAK,OH,AGL,CE,Towers with Radar,18,46,45,1,110,0,8,57,3,68,18,54,102,4,178,0,0,0,178
09/10/2022,CAK,OH,AGL,CE,Towers with Radar,14,21,28,0,63,0,6,48,18,72,14,27,76,18,135,8,0,8,143
09/11/2022,CAK,OH,AGL,CE,Towers with Radar,20,21,50,1,92,0,0,0,0,0,20,21,50,1,92,0,0,0,92
09/12/2022,CAK,OH,AGL,CE,Towers with Radar,16,33,62,2,113,0,4,23,0,27,16,37,85,2,140,30,0,30,170
09/13/2022,CAK,OH,AGL,CE,Towers with Radar,9,58,54,2,123,0,2,14,2,18,9,60,68,4,141,10,0,10,151
09/14/2022,CAK,OH,AGL,CE,Towers with Radar,8,41,53,1,103,0,2,20,5,27,8,43,73,6,130,2,0,2,132
09/15/2022,CAK,OH,AGL,CE,Towers with Radar,20,56,62,0,138,0,6,51,4,61,20,62,113,4,199,42,0,42,241
09/16/2022,CAK,OH,AGL,CE,Towers with Radar,19,66,40,0,125,0,5,65,6,76,19,71,105,6,201,6,0,6,207
09/17/2022,CAK,OH,AGL,CE,Towers with Radar,12,32,28,0,72,0,4,42,0,46,12,36,70,0,118,12,0,12,130
09/18/2022,CAK,OH,AGL,CE,Towers with Radar,23,29,37,0,89,0,9,30,0,39,23,38,67,0,128,10,0,10,138
09/19/2022,CAK,OH,AGL,CE,Towers with Radar,16,35,43,0,94,0,3,13,0,16,16,38,56,0,110,16,0,16,126
09/20/2022,CAK,OH,AGL,CE,Towers with Radar,6,41,29,3,79,0,8,39,7,54,6,49,68,10,133,16,0,16,149
09/21/2022,CAK,OH,AGL,CE,Towers with Radar,9,40,39,2,90,0,2,30,3,35,9,42,69,5,125,26,0,26,151
09/22/2022,CAK,OH,AGL,CE,Towers with Radar,20,38,43,0,101,0,0,13,5,18,20,38,56,5,119,0,0,0,119
09/23/2022,CAK,OH,AGL,CE,Towers with Radar,21,47,42,0,110,0,7,35,1,43,21,54,77,1,153,14,0,14,167
09/24/2022,CAK,OH,AGL,CE,Towers with Radar,13,23,19,0,55,0,3,47,0,50,13,26,66,0,105,14,0,14,119
09/25/2022,CAK,OH,AGL,CE,Towers with Radar,20,21,28,0,69,0,0,10,0,10,20,21,38,0,79,6,0,6,85
09/26/2022,CAK,OH,AGL,CE,Towers with Radar,17,27,36,0,80,0,0,10,0,10,17,27,46,0,90,0,0,0,90
09/27/2022,CAK,OH,AGL,CE,Towers with Radar,7,33,40,1,81,0,0,4,1,5,7,33,44,2,86,0,0,0,86
09/28/2022,CAK,OH,AGL,CE,Towers with Radar,8,56,62,0,126,0,0,3,1,4,8,56,65,1,130,0,0,0,130
09/29/2022,CAK,OH,AGL,CE,Towers with Radar,19,62,44,2,127,0,6,40,2,48,19,68,84,4,175,28,0,28,203
09/30/2022,CAK,OH,AGL,CE,Towers with Radar,13,45,31,0,89,0,10,39,0,49,13,55,70,0,138,0,0,0,138
10/01/2022,CAK,OH,AGL,CE,Towers with Radar,9,21,24,0,54,0,1,12,0,13,9,22,36,0,67,0,0,0,67
10/02/2022,CAK,OH,AGL,CE,Towers with Radar,22,12,37,0,71,0,1,16,0,17,22,13,53,0,88,8,0,8,96
10/03/2022,CAK,OH,AGL,CE,Towers with Radar,24,37,50,2,113,0,6,56,0,62,24,43,106,2,175,14,0,14,189
10/04/2022,CAK,OH,AGL,CE,Towers with Radar,6,44,47,0,97,0,6,29,5,40,6,50,76,5,137,4,0,4,141
10/05/2022,CAK,OH,AGL,CE,Towers with Radar,8,57,43,1,109,0,10,42,2,54,8,67,85,3,163,12,0,12,175
10/06/2022,CAK,OH,AGL,CE,Towers with Radar,22,61,46,0,129,0,13,32,10,55,22,74,78,10,184,6,0,6,190
10/07/2022,CAK,OH,AGL,CE,Towers with Radar,15,65,56,2,138,0,0,16,0,16,15,65,72,2,154,0,0,0,154
10/08/2022,CAK,OH,AGL,CE,Towers with Radar,8,23,24,0,55,0,3,39,0,42,8,26,63,0,97,0,0,0,97
10/09/2022,CAK,OH,AGL,CE,Towers with Radar,21,22,40,0,83,0,12,36,0,48,21,34,76,0,131,2,0,2,133
10/10/2022,CAK,OH,AGL,CE,Towers with Radar,12,24,52,0,88,0,5,36,0,41,12,29,88,0,129,0,0,0,129
10/11/2022,CAK,OH,AGL,CE,Towers with Radar,10,39,75,2,126,0,4,51,5,60,10,43,126,7,186,6,0,6,192
10/12/2022,CAK,OH,AGL,CE,Towers with Radar,14,33,45,2,94,0,8,23,3,34,14,41,68,5,128,6,0,6,134
10/13/2022,CAK,OH,AGL,CE,Towers with Radar,24,35,31,5,95,0,2,14,6,22,24,37,45,11,117,0,0,0,117
10/14/2022,CAK,OH,AGL,CE,Towers with Radar,15,41,37,0,93,0,3,25,2,30,15,44,62,2,123,20,0,20,143
10/15/2022,CAK,OH,AGL,CE,Towers with Radar,8,10,30,0,48,0,1,31,0,32,8,11,61,0,80,38,0,38,118
10/16/2022,CAK,OH,AGL,CE,Towers with Radar,22,28,37,2,89,0,0,28,0,28,22,28,65,2,117,0,0,0,117
10/17/2022,CAK,OH,AGL,CE,Towers with Radar,14,34,27,0,75,0,0,20,0,20,14,34,47,0,95,14,0,14,109
10/18/2022,CAK,OH,AGL,CE,Towers with Radar,6,37,31,0,74,0,0,3,5,8,6,37,34,5,82,8,0,8,90
10/19/2022,CAK,OH,AGL,CE,Towers with Radar,6,36,26,0,68,0,0,1,6,7,6,36,27,6,75,2,0,2,77
10/20/2022,CAK,OH,AGL,CE,Towers with Radar,22,51,47,1,121,0,4,35,13,52,22,55,82,14,173,30,0,30,203
10/21/2022,CAK,OH,AGL,CE,Towers with Radar,15,43,45,0,103,0,12,45,6,63,15,55,90,6,166,20,0,20,186
10/22/2022,CAK,OH,AGL,CE,Towers with Radar,8,46,26,2,82,0,4,44,0,48,8,50,70,2,130,18,0,18,148
10/23/2022,CAK,OH,AGL,CE,Towers with Radar,20,29,40,0,89,0,8,54,0,62,20,37,94,0,151,16,0,16,167
10/24/2022,CAK,OH,AGL,CE,Towers with Radar,15,44,34,0,93,0,6,35,0,41,15,50,69,0,134,6,0,6,140
10/25/2022,CAK,OH,AGL,CE,Towers with Radar,6,43,44,9,102,0,3,45,7,55,6,46,89,16,157,16,0,16,173
10/26/2022,CAK,OH,AGL,CE,Towers with Radar,10,46,18,0,74,0,0,0,0,0,10,46,18,0,74,4,0,4,78
10/27/2022,CAK,OH,AGL,CE,Towers with Radar,23,69,60,0,152,0,13,48,0,61,23,82,108,0,213,52,0,52,265
10/28/2022,CAK,OH,AGL,CE,Towers with Radar,14,63,39,0,116,0,9,39,2,50,14,72,78,2,166,16,0,16,182
10/29/2022,CAK,OH,AGL,CE,Towers with Radar,6,22,16,0,44,0,2,35,0,37,6,24,51,0,81,8,0,8,89
10/30/2022,CAK,OH,AGL,CE,Towers with Radar,21,17,19,0,57,0,2,30,0,32,21,19,49,0,89,12,0,12,101
10/31/2022,CAK,OH,AGL,CE,Towers with Radar,19,53,31,0,103,0,0,1,0,1,19,53,32,0,104,2,0,2,106
11/01/2022,CAK,OH,AGL,CE,Towers with Radar,5,48,27,3,83,0,0,2,2,4,5,48,29,5,87,16,0,16,103
11/02/2022,CAK,OH,AGL,CE,Towers with Radar,10,57,44,2,113,0,4,29,3,36,10,61,73,5,149,58,0,58,207
11/03/2022,CAK,OH,AGL,CE,Towers with Radar,22,45,39,0,106,0,4,29,4,37,22,49,68,4,143,4,0,4,147
11/04/2022,CAK,OH,AGL,CE,Towers with Radar,16,30,43,2,91,0,5,43,5,53,16,35,86,7,144,0,0,0,144
11/05/2022,CAK,OH,AGL,CE,Towers with Radar,12,16,17,4,49,0,2,4,1,7,12,18,21,5,56,0,0,0,56
11/06/2022,CAK,OH,AGL,CE,Towers with Radar,20,20,38,2,80,0,0,27,0,27,20,20,65,2,107,0,0,0,107
11/07/2022,CAK,OH,AGL,CE,Towers with Radar,20,49,40,0,109,0,16,50,0,66,20,65,90,0,175,10,0,10,185
11/08/2022,CAK,OH,AGL,CE,Towers with Radar,6,48,51,0,105,0,13,29,8,50,6,61,80,8,155,16,0,16,171
11/09/2022,CAK,OH,AGL,CE,Towers with Radar,14,39,68,1,122,0,9,56,9,74,14,48,124,10,196,20,0,20,216
11/10/2022,CAK,OH,AGL,CE,Towers with Radar,20,55,51,0,126,0,7,42,1,50,20,62,93,1,176,22,0,22,198
11/11/2022,CAK,OH,AGL,CE,Towers with Radar,22,30,30,0,82,0,0,0,0,0,22,30,30,0,82,0,0,0,82
11/12/2022,CAK,OH,AGL,CE,Towers with Radar,7,19,18,0,44,0,0,0,0,0,7,19,18,0,44,0,0,0,44
11/13/2022,CAK,OH,AGL,CE,Towers with Radar,24,21,36,0,81,0,0,15,0,15,24,21,51,0,96,6,0,6,102
11/14/2022,CAK,OH,AGL,CE,Towers with Radar,19,36,38,2,95,0,4,26,2,32,19,40,64,4,127,2,0,2,129
11/15/2022,CAK,OH,AGL,CE,Towers with Radar,6,36,26,0,68,0,2,21,7,30,6,38,47,7,98,0,0,0,98
11/16/2022,CAK,OH,AGL,CE,Towers with Radar,10,38,23,0,71,0,0,5,0,5,10,38,28,0,76,0,0,0,76
11/17/2022,CAK,OH,AGL,CE,Towers with Radar,23,40,35,1,99,0,0,6,3,9,23,40,41,4,108,6,0,6,114
11/18/2022,CAK,OH,AGL,CE,Towers with Radar,15,43,25,0,83,0,0,0,0,0,15,43,25,0,83,0,0,0,83
11/19/2022,CAK,OH,AGL,CE,Towers with Radar,9,19,21,0,49,0,0,11,10,21,9,19,32,10,70,10,0,10,80
11/20/2022,CAK,OH,AGL,CE,Towers with Radar,24,13,19,1,57,0,4,15,0,19,24,17,34,1,76,8,0,8,84
11/21/2022,CAK,OH,AGL,CE,Towers with Radar,20,30,26,2,78,0,0,20,0,20,20,30,46,2,98,10,0,10,108
11/22/2022,CAK,OH,AGL,CE,Towers with Radar,22,68,32,1,123,0,4,38,6,48,22,72,70,7,171,28,0,28,199
11/23/2022,CAK,OH,AGL,CE,Towers with Radar,17,35,40,0,92,0,7,55,0,62,17,42,95,0,154,34,0,34,188
11/24/2022,CAK,OH,AGL,CE,Towers with Radar,6,14,5,0,25,0,0,17,0,17,6,14,22,0,42,4,0,4,46
11/25/2022,CAK,OH,AGL,CE,Towers with Radar,15,28,13,0,56,0,0,7,0,7,15,28,20,0,63,6,0,6,69
11/26/2022,CAK,OH,AGL,CE,Towers with Radar,17,22,31,0,70,0,0,31,0,31,17,22,62,0,101,6,0,6,107
11/27/2022,CAK,OH,AGL,CE,Towers with Radar,19,19,32,0,70,0,0,0,2,2,19,19,32,2,72,0,0,0,72
11/28/2022,CAK,OH,AGL,CE,Towers with Radar,16,27,38,0,81,0,0,2,0,2,16,27,40,0,83,0,0,0,83
11/29/2022,CAK,OH,AGL,CE,Towers with Radar,10,50,47,1,108,0,2,20,5,27,10,52,67,6,135,4,0,4,139
11/30/2022,CAK,OH,AGL,CE,Towers with Radar,8,28,15,2,53,0,1,2,3,6,8,29,17,5,59,0,0,0,59
12/01/2022,CAK,OH,AGL,CE,Towers with Radar,19,61,29,1,110,0,1,25,8,34,19,62,54,9,144,0,0,0,144
12/02/2022,CAK,OH,AGL,CE,Towers with Radar,19,46,35,0,100,0,4,23,4,31,19,50,58,4,131,2,0,2,133
12/03/2022,CAK,OH,AGL,CE,Towers with Radar,7,21,16,0,44,0,0,3,0,3,7,21,19,0,47,0,0,0,47
12/04/2022,CAK,OH,AGL,CE,Towers with Radar,22,29,33,0,84,1,3,34,0,38,23,32,67,0,122,10,0,10,132
12/05/2022,CAK,OH,AGL,CE,Towers with Radar,22,42,36,0,100,0,9,37,0,46,22,51,73,0,146,22,0,22,168
12/06/2022,CAK,OH,AGL,CE,Towers with Radar,4,22,40,0,66,0,0,0,0,0,4,22,40,0,66,0,0,0,66
12/07/2022,CAK,OH,AGL,CE,Towers with Radar,7,19,22,0,48,0,0,0,0,0,7,19,22,0,48,0,0,0,48
12/08/2022,CAK,OH,AGL,CE,Towers with Radar,26,45,44,3,118,0,0,0,7,7,26,45,44,10,125,0,0,0,125
12/09/2022,CAK,OH,AGL,CE,Towers with Radar,18,44,31,2,95,0,0,49,0,49,18,44,80,2,144,24,0,24,168
12/10/2022,CAK,OH,AGL,CE,Towers with Radar,10,15,16,0,41,0,0,0,0,0,10,15,16,0,41,0,0,0,41
12/11/2022,CAK,OH,AGL,CE,Towers with Radar,20,19,20,0,59,0,2,4,1,7,20,21,24,1,66,0,0,0,66
12/12/2022,CAK,OH,AGL,CE,Towers with Radar,22,27,35,0,84,0,2,4,1,7,22,29,39,1,91,6,0,6,97
12/13/2022,CAK,OH,AGL,CE,Towers with Radar,7,63,43,1,114,0,3,45,9,57,7,66,88,10,171,20,0,20,191
12/14/2022,CAK,OH,AGL,CE,Towers with Radar,9,53,39,2,103,0,1,34,0,35,9,54,73,2,138,10,0,10,148
12/15/2022,CAK,OH,AGL,CE,Towers with Radar,20,40,23,0,83,0,0,1,0,1,20,40,24,0,84,0,0,0,84
12/16/2022,CAK,OH,AGL,CE,Towers with Radar,23,39,38,1,101,0,0,15,1,16,23,39,53,2,117,12,0,12,129
12/17/2022,CAK,OH,AGL,CE,Towers with Radar,10,13,12,0,35,0,0,6,0,6,10,13,18,0,41,0,0,0,41
12/18/2022,CAK,OH,AGL,CE,Towers with Radar,16,14,25,0,55,0,0,0,0,0,16,14,25,0,55,0,0,0,55
12/19/2022,CAK,OH,AGL,CE,Towers with Radar,22,24,31,0,77,0,0,4,0,4,22,24,35,0,81,24,0,24,105
12/20/2022,CAK,OH,AGL,CE,Towers with Radar,15,50,39,0,104,0,6,35,8,49,15,56,74,8,153,22,0,22,175
12/21/2022,CAK,OH,AGL,CE,Towers with Radar,12,69,39,1,121,0,1,33,3,37,12,70,72,4,158,18,0,18,176
12/22/2022,CAK,OH,AGL,CE,Towers with Radar,25,33,27,0,85,0,0,1,0,1,25,33,28,0,86,0,0,0,86
12/23/2022,CAK,OH,AGL,CE,Towers with Radar,0,4,9,0,13,0,0,0,0,0,0,4,9,0,13,0,0,0,13
12/24/2022,CAK,OH,AGL,CE,Towers with Radar,7,13,11,0,31,0,0,0,0,0,7,13,11,0,31,0,0,0,31
12/25/2022,CAK,OH,AGL,CE,Towers with Radar,15,19,1,0,35,0,0,0,0,0,15,19,1,0,35,0,0,0,35
12/26/2022,CAK,OH,AGL,CE,Towers with Radar,22,14,30,0,66,0,0,6,0,6,22,14,36,0,72,0,0,0,72
12/27/2022,CAK,OH,AGL,CE,Towers with Radar,21,24,36,0,81,0,0,1,0,1,21,24,37,0,82,0,0,0,82
12/28/2022,CAK,OH,AGL,CE,Towers with Radar,10,27,30,2,69,0,1,28,0,29,10,28,58,2,98,12,0,12,110
12/29/2022,CAK,OH,AGL,CE,Towers with Radar,22,31,25,0,78,0,1,12,0,13,22,32,37,0,91,10,0,10,101
12/30/2022,CAK,OH,AGL,CE,Towers with Radar,18,21,20,0,59,0,1,17,0,18,18,22,37,0,77,0,0,0,77
12/31/2022,CAK,OH,AGL,CE,Towers with Radar,8,12,4,0,24,0,0,0,0,0,8,12,4,0,24,0,0,0,24
01/01/2023,CAK,OH,AGL,CE,Towers with Radar,13,12,18,0,43,0,0,0,0,0,13,12,18,0,43,0,0,0,43
01/02/2023,CAK,OH,AGL,CE,Towers with Radar,12,4,20,0,36,0,0,0,0,0,12,4,20,0,36,0,0,0,36
01/03/2023,CAK,OH,AGL,CE,Towers with Radar,15,30,36,4,85,0,0,0,2,2,15,30,36,6,87,0,0,0,87
01/04/2023,CAK,OH,AGL,CE,Towers with Radar,10,40,49,0,99,0,1,0,4,5,10,41,49,4,104,0,0,0,104
01/05/2023,CAK,OH,AGL,CE,Towers with Radar,24,43,31,0,98,0,0,29,10,39,24,43,60,10,137,16,0,16,153
01/06/2023,CAK,OH,AGL,CE,Towers with Radar,19,19,17,4,59,0,0,1,2,3,19,19,18,6,62,0,0,0,62
01/07/2023,CAK,OH,AGL,CE,Towers with Radar,7,17,26,0,50,0,0,2,0,2,7,17,28,0,52,0,0,0,52
01/08/2023,CAK,OH,AGL,CE,Towers with Radar,22,21,12,0,55,0,2,22,0,24,22,23,34,0,79,4,0,4,83
01/09/2023,CAK,OH,AGL,CE,Towers with Radar,20,40,28,0,88,0,0,13,2,15,20,40,41,2,103,8,0,8,111
01/10/2023,CAK,OH,AGL,CE,Towers with Radar,6,36,51,2,95,0,2,30,4,36,6,38,81,6,131,12,0,12,143
01/11/2023,CAK,OH,AGL,CE,Towers with Radar,8,47,41,0,96,0,4,36,2,42,8,51,77,2,138,6,0,6,144
01/12/2023,CAK,OH,AGL,CE,Towers with Radar,22,28,14,0,64,0,0,0,0,0,22,28,14,0,64,0,0,0,64
01/13/2023,CAK,OH,AGL,CE,Towers with Radar,24,34,17,0,75,0,0,0,0,0,24,34,17,0,75,8,0,8,83
01/14/2023,CAK,OH,AGL,CE,Towers with Radar,7,16,26,0,49,0,0,13,0,13,7,16,39,0,62,4,0,4,66
01/15/2023,CAK,OH,AGL,CE,Towers with Radar,24,12,35,0,71,0,4,45,0,49,24,16,80,0,120,0,0,0,120
01/16/2023,CAK,OH,AGL,CE,Towers with Radar,19,30,27,0,76,0,3,36,0,39,19,33,63,0,115,38,0,38,153
01/17/2023,CAK,OH,AGL,CE,Towers with Radar,8,44,23,0,75,0,0,2,0,2,8,44,25,0,77,4,0,4,81
01/18/2023,CAK,OH,AGL,CE,Towers with Radar,10,44,28,0,82,0,0,1,6,7,10,44,29,6,89,0,0,0,89
01/19/2023,CAK,OH,AGL,CE,Towers with Radar,23,34,31,1,89,0,0,7,5,12,23,34,38,6,101,0,0,0,101
01/20/2023,CAK,OH,AGL,CE,Towers with Radar,18,24,26,0,68,0,0,1,0,1,18,24,27,0,69,0,0,0,69
01/21/2023,CAK,OH,AGL,CE,Towers with Radar,8,23,33,0,64,0,0,7,0,7,8,23,40,0,71,38,0,38,109
01/22/2023,CAK,OH,AGL,CE,Towers with Radar,22,11,14,0,47,0,0,2,0,2,22,11,16,0,49,0,0,0,49
01/23/2023,CAK,OH,AGL,CE,Towers with Radar,20,28,17,0,65,0,0,0,0,0,20,28,17,0,65,0,0,0,65
01/24/2023,CAK,OH,AGL,CE,Towers with Radar,6,43,26,1,76,0,3,3,1,7,6,46,29,2,83,0,0,0,83
01/25/2023,CAK,OH,AGL,CE,Towers with Radar,9,37,13,0,59,0,0,0,0,0,9,37,13,0,59,0,0,0,59
01/26/2023,CAK,OH,AGL,CE,Towers with Radar,27,40,15,0,82,0,1,0,0,1,27,41,15,0,83,0,0,0,83
01/27/2023,CAK,OH,AGL,CE,Towers with Radar,18,50,18,0,86,0,0,18,2,20,18,50,36,2,106,0,0,0,106
01/28/2023,CAK,OH,AGL,CE,Towers with Radar,8,24,15,0,47,0,4,51,2,57,8,28,66,2,104,0,0,0,104
01/29/2023,CAK,OH,AGL,CE,Towers with Radar,26,23,12,0,61,0,0,0,0,0,26,23,12,0,61,0,0,0,61
01/30/2023,CAK,OH,AGL,CE,Towers with Radar,20,30,23,0,73,0,0,0,0,0,20,30,23,0,73,0,0,0,73
01/31/2023,CAK,OH,AGL,CE,Towers with Radar,7,54,32,1,94,0,2,25,9,36,7,56,57,10,130,0,0,0,130
02/01/2023,CAK,OH,AGL,CE,Towers with Radar,10,42,34,3,89,0,15,29,4,48,10,57,63,7,137,28,0,28,165
02/02/2023,CAK,OH,AGL,CE,Towers with Radar,25,43,36,5,109,0,3,24,9,36,25,46,60,14,145,16,0,16,161
02/03/2023,CAK,OH,AGL,CE,Towers with Radar,22,30,26,0,78,0,4,4,8,16,22,34,30,8,94,10,0,10,104
02/04/2023,CAK,OH,AGL,CE,Towers with Radar,10,27,25,2,64,0,3,21,0,24,10,30,46,2,88,0,0,0,88
02/05/2023,CAK,OH,AGL,CE,Towers with Radar,27,15,18,0,60,0,2,8,0,10,27,17,26,0,70,8,0,8,78
02/06/2023,CAK,OH,AGL,CE,Towers with Radar,17,28,26,1,72,0,0,5,2,7,17,28,31,3,79,10,0,10,89
02/07/2023,CAK,OH,AGL,CE,Towers with Radar,15,38,26,2,81,0,4,0,7,11,15,42,26,9,92,0,0,0,92
02/08/2023,CAK,OH,AGL,CE,Towers with Radar,10,45,37,8,100,0,4,39,6,49,10,49,76,14,149,34,10,44,193
02/09/2023,CAK,OH,AGL,CE,Towers with Radar,27,43,33,0,103,0,0,0,0,0,27,43,33,0,103,0,0,0,103
02/10/2023,CAK,OH,AGL,CE,Towers with Radar,23,31,25,0,79,0,4,2,2,8,23,35,27,2,87,12,0,12,99
02/11/2023,CAK,OH,AGL,CE,Towers with Radar,10,16,41,1,68,0,5,68,3,76,10,21,109,4,144,10,0,10,154
02/12/2023,CAK,OH,AGL,CE,Towers with Radar,24,12,17,0,53,0,2,45,0,47,24,14,62,0,100,20,0,20,120
02/13/2023,CAK,OH,AGL,CE,Towers with Radar,24,31,28,5,88,0,8,21,3,32,24,39,49,8,120,16,0,16,136
02/14/2023,CAK,OH,AGL,CE,Towers with Radar,10,41,29,2,82,0,21,32,10,63,10,62,61,12,145,14,2,16,161
02/15/2023,CAK,OH,AGL,CE,Towers with Radar,13,33,29,0,75,0,2,6,7,15,13,35,35,7,90,0,0,0,90
02/16/2023,CAK,OH,AGL,CE,Towers with Radar,22,33,33,5,93,0,3,6,0,9,22,36,39,5,102,12,0,12,114
02/17/2023,CAK,OH,AGL,CE,Towers with Radar,25,37,18,0,80,0,1,2,0,3,25,38,20,0,83,0,0,0,83
02/18/2023,CAK,OH,AGL,CE,Towers with Radar,11,17,22,0,50,0,1,27,4,32,11,18,49,4,82,20,0,20,102
02/19/2023,CAK,OH,AGL,CE,Towers with Radar,22,16,21,0,59,0,2,11,0,13,22,18,32,0,72,0,0,0,72
02/20/2023,CAK,OH,AGL,CE,Towers with Radar,29,31,43,0,103,0,18,31,0,49,29,49,74,0,152,20,0,20,172
02/21/2023,CAK,OH,AGL,CE,Towers with Radar,13,38,36,0,87,0,2,14,6,22,13,40,50,6,109,0,0,0,109
02/22/2023,CAK,OH,AGL,CE,Towers with Radar,12,29,37,0,78,0,0,1,0,1,12,29,38,0,79,0,0,0,79
02/23/2023,CAK,OH,AGL,CE,Towers with Radar,23,29,29,0,81,0,2,0,11,13,23,31,29,11,94,0,0,0,94
02/24/2023,CAK,OH,AGL,CE,Towers with Radar,27,30,39,0,96,0,13,42,6,61,27,43,81,6,157,22,0,22,179
02/25/2023,CAK,OH,AGL,CE,Towers with Radar,12,25,36,0,73,0,0,40,0,40,12,25,76,0,113,38,0,38,151
02/26/2023,CAK,OH,AGL,CE,Towers with Radar,23,21,32,0,76,0,2,30,0,32,23,23,62,0,108,18,0,18,126
02/27/2023,CAK,OH,AGL,CE,Towers with Radar,24,35,18,0,77,0,0,2,0,2,24,35,20,0,79,6,0,6,85
02/28/2023,CAK,OH,AGL,CE,Towers with Radar,10,46,53,1,110,0,9,21,13,43,10,55,74,14,153,12,0,12,165
03/01/2023,CAK,OH,AGL,CE,Towers with Radar,18,53,47,2,120,0,4,24,4,32,18,57,71,6,152,8,0,8,160
03/02/2023,CAK,OH,AGL,CE,Towers with Radar,21,60,53,0,134,0,2,22,4,28,21,62,75,4,162,18,0,18,180
03/03/2023,CAK,OH,AGL,CE,Towers with Radar,22,41,32,0,95,0,0,1,0,1,22,41,33,0,96,0,0,0,96
03/04/2023,CAK,OH,AGL,CE,Towers with Radar,14,21,14,0,49,0,6,19,0,25,14,27,33,0,74,24,0,24,98
03/05/2023,CAK,OH,AGL,CE,Towers with Radar,21,29,32,0,82,0,6,30,0,36,21,35,62,0,118,18,0,18,136
03/06/2023,CAK,OH,AGL,CE,Towers with Radar,27,57,36,3,123,0,12,22,1,35,27,69,58,4,158,24,0,24,182
03/07/2023,CAK,OH,AGL,CE,Towers with Radar,8,57,33,1,99,0,2,19,7,28,8,59,52,8,127,18,0,18,145
03/08/2023,CAK,OH,AGL,CE,Towers with Radar,17,64,40,2,123,0,24,32,4,60,17,88,72,6,183,8,0,8,191
03/09/2023,CAK,OH,AGL,CE,Towers with Radar,23,52,50,0,125,0,15,56,4,75,23,67,106,4,200,8,0,8,208
03/10/2023,CAK,OH,AGL,CE,Towers with Radar,25,35,14,0,74,0,0,0,0,0,25,35,14,0,74,0,0,0,74
03/11/2023,CAK,OH,AGL,CE,Towers with Radar,13,16,17,0,46,0,4,4,0,8,13,20,21,0,54,30,0,30,84
03/12/2023,CAK,OH,AGL,CE,Towers with Radar,24,14,27,0,65,0,0,4,0,4,24,14,31,0,69,12,0,12,81
03/13/2023,CAK,OH,AGL,CE,Towers with Radar,26,38,23,0,87,0,0,0,0,0,26,38,23,0,87,0,0,0,87
03/14/2023,CAK,OH,AGL,CE,Towers with Radar,8,31,15,0,54,0,0,0,0,0,8,31,15,0,54,0,0,0,54
03/15/2023,CAK,OH,AGL,CE,Towers with Radar,17,55,67,0,139,0,10,60,4,74,17,65,127,4,213,64,0,64,277
03/16/2023,CAK,OH,AGL,CE,Towers with Radar,24,55,32,1,112,0,6,35,10,51,24,61,67,11,163,0,0,0,163
03/17/2023,CAK,OH,AGL,CE,Towers with Radar,27,41,27,0,95,0,0,0,0,0,27,41,27,0,95,0,0,0,95
03/18/2023,CAK,OH,AGL,CE,Towers with Radar,18,19,10,0,47,0,0,6,3,9,18,19,16,3,56,0,0,0,56
03/19/2023,CAK,OH,AGL,CE,Towers with Radar,23,17,47,0,87,0,0,16,4,20,23,17,63,4,107,0,0,0,107
03/20/2023,CAK,OH,AGL,CE,Towers with Radar,24,58,39,0,121,0,7,47,0,54,24,65,86,0,175,22,0,22,197
03/21/2023,CAK,OH,AGL,CE,Towers with Radar,11,56,34,2,103,0,10,40,0,50,11,66,74,2,153,12,0,12,165
03/22/2023,CAK,OH,AGL,CE,Towers with Radar,17,35,17,1,70,0,3,10,3,16,17,38,27,4,86,2,0,2,88
03/23/2023,CAK,OH,AGL,CE,Towers with Radar,23,40,37,1,101,0,0,0,0,0,23,40,37,1,101,0,0,0,101
03/24/2023,CAK,OH,AGL,CE,Towers with Radar,24,55,34,0,113,0,8,22,2,32,24,63,56,2,145,18,0,18,163
03/25/2023,CAK,OH,AGL,CE,Towers with Radar,15,20,11,1,47,0,0,0,0,0,15,20,11,1,47,0,0,0,47
03/26/2023,CAK,OH,AGL,CE,Towers with Radar,22,25,33,0,80,0,2,52,0,54,22,27,85,0,134,8,0,8,142
03/27/2023,CAK,OH,AGL,CE,Towers with Radar,24,43,31,0,98,0,0,4,4,8,24,43,35,4,106,2,0,2,108
03/28/2023,CAK,OH,AGL,CE,Towers with Radar,13,44,36,0,93,0,10,21,2,33,13,54,57,2,126,18,0,18,144
03/29/2023,CAK,OH,AGL,CE,Towers with Radar,17,36,34,0,87,0,3,7,2,12,17,39,41,2,99,4,0,4,103
03/30/2023,CAK,OH,AGL,CE,Towers with Radar,24,41,40,1,106,0,19,46,9,74,24,60,86,10,180,18,0,18,198
03/31/2023,CAK,OH,AGL,CE,Towers with Radar,22,39,23,2,86,0,0,0,0,0,22,39,23,2,86,0,0,0,86
04/01/2023,CAK,OH,AGL,CE,Towers with Radar,16,10,7,0,33,0,0,3,2,5,16,10,10,2,38,0,0,0,38
04/02/2023,CAK,OH,AGL,CE,Towers with Radar,23,22,30,0,75,0,11,41,0,52,23,33,71,0,127,72,0,72,199
04/03/2023,CAK,OH,AGL,CE,Towers with Radar,24,50,33,0,107,0,12,27,0,39,24,62,60,0,146,0,0,0,146
04/04/2023,CAK,OH,AGL,CE,Towers with Radar,9,62,42,0,113,0,5,21,6,32,9,67,63,6,145,32,2,34,179
04/05/2023,CAK,OH,AGL,CE,Towers with Radar,18,42,22,0,82,0,5,5,0,10,18,47,27,0,92,10,0,10,102
04/06/2023,CAK,OH,AGL,CE,Towers with Radar,24,79,39,3,145,0,9,33,5,47,24,88,72,8,192,12,0,12,204
04/07/2023,CAK,OH,AGL,CE,Towers with Radar,26,33,32,0,91,0,7,34,0,41,26,40,66,0,132,22,0,22,154
04/08/2023,CAK,OH,AGL,CE,Towers with Radar,17,16,22,0,55,0,7,32,0,39,17,23,54,0,94,0,0,0,94
04/09/2023,CAK,OH,AGL,CE,Towers with Radar,23,14,23,0,60,0,0,16,0,16,23,14,39,0,76,0,0,0,76
04/10/2023,CAK,OH,AGL,CE,Towers with Radar,28,48,37,0,113,0,3,55,2,60,28,51,92,2,173,0,0,0,173
04/11/2023,CAK,OH,AGL,CE,Towers with Radar,14,42,47,0,103,0,7,35,4,46,14,49,82,4,149,22,0,22,171
04/12/2023,CAK,OH,AGL,CE,Towers with Radar,16,40,33,0,89,0,7,55,8,70,16,47,88,8,159,32,10,42,201
04/13/2023,CAK,OH,AGL,CE,Towers with Radar,24,59,43,2,128,0,22,53,6,81,24,81,96,8,209,20,0,20,229
04/14/2023,CAK,OH,AGL,CE,Towers with Radar,24,50,30,2,106,0,7,46,2,55,24,57,76,4,161,22,0,22,183
04/15/2023,CAK,OH,AGL,CE,Towers with Radar,15,22,33,0,70,0,0,30,12,42,15,22,63,12,112,18,12,30,142
04/16/2023,CAK,OH,AGL,CE,Towers with Radar,24,18,32,2,76,0,2,15,2,19,24,20,47,4,95,4,2,6,101
04/17/2023,CAK,OH,AGL,CE,Towers with Radar,25,29,23,0,77,0,0,0,0,0,25,29,23,0,77,0,0,0,77
04/18/2023,CAK,OH,AGL,CE,Towers with Radar,9,34,39,0,82,0,0,16,6,22,9,34,55,6,104,0,0,0,104
04/19/2023,CAK,OH,AGL,CE,Towers with Radar,20,34,52,1,107,0,6,62,4,72,20,40,114,5,179,30,26,56,235
04/20/2023,CAK,OH,AGL,CE,Towers with Radar,22,58,41,1,122,0,7,47,6,60,22,65,88,7,182,0,0,0,182
04/21/2023,CAK,OH,AGL,CE,Towers with Radar,24,40,26,0,90,0,2,7,2,11,24,42,33,2,101,10,0,10,111
04/22/2023,CAK,OH,AGL,CE,Towers with Radar,17,11,28,0,56,0,0,2,0,2,17,11,30,0,58,0,0,0,58
04/23/2023,CAK,OH,AGL,CE,Towers with Radar,26,19,31,0,76,0,1,22,0,23,26,20,53,0,99,0,0,0,99
04/24/2023,CAK,OH,AGL,CE,Towers with Radar,22,28,30,0,80,0,6,4,0,10,22,34,34,0,90,34,0,34,124
04/25/2023,CAK,OH,AGL,CE,Towers with Radar,14,51,41,4,110,0,11,25,6,42,14,62,66,10,152,12,10,22,174
04/26/2023,CAK,OH,AGL,CE,Towers with Radar,16,56,43,0,115,0,15,16,4,35,16,71,59,4,150,32,0,32,182
04/27/2023,CAK,OH,AGL,CE,Towers with Radar,23,54,41,1,119,0,9,33,6,48,23,63,74,7,167,12,14,26,193
04/28/2023,CAK,OH,AGL,CE,Towers with Radar,25,32,30,0,87,0,0,0,0,0,25,32,30,0,87,0,0,0,87
04/29/2023,CAK,OH,AGL,CE,Towers with Radar,13,19,21,0,53,0,0,7,0,7,13,19,28,0,60,6,0,6,66
04/30/2023,CAK,OH,AGL,CE,Towers with Radar,21,19,25,0,65,0,0,1,0,1,21,19,26,0,66,4,0,4,70
05/01/2023,CAK,OH,AGL,CE,Towers with Radar,28,31,27,0,86,0,0,0,0,0,28,31,27,0,86,0,0,0,86
05/02/2023,CAK,OH,AGL,CE,Towers with Radar,10,38,31,0,79,0,0,2,0,2,10,38,33,0,81,0,0,0,81
05/03/2023,CAK,OH,AGL,CE,Towers with Radar,19,37,48,2,106,0,0,0,0,0,19,37,48,2,106,0,0,0,106
05/04/2023,CAK,OH,AGL,CE,Towers with Radar,22,54,65,0,141,0,15,43,0,58,22,69,108,0,199,38,0,38,237
05/05/2023,CAK,OH,AGL,CE,Towers with Radar,27,38,58,0,123,0,5,55,0,60,27,43,113,0,183,22,0,22,205
05/06/2023,CAK,OH,AGL,CE,Towers with Radar,18,19,20,0,57,0,0,64,0,64,18,19,84,0,121,20,0,20,141
05/07/2023,CAK,OH,AGL,CE,Towers with Radar,26,19,35,0,80,0,0,7,0,7,26,19,42,0,87,18,0,18,105
05/08/2023,CAK,OH,AGL,CE,Towers with Radar,28,58,36,2,124,0,2,20,2,24,28,60,56,4,148,6,0,6,154
05/09/2023,CAK,OH,AGL,CE,Towers with Radar,11,47,51,0,109,0,5,33,11,49,11,52,84,11,158,18,40,58,216
05/10/2023,CAK,OH,AGL,CE,Towers with Radar,20,52,44,0,116,0,10,37,11,58,20,62,81,11,174,24,0,24,198
05/11/2023,CAK,OH,AGL,CE,Towers with Radar,22,37,35,1,95,0,12,29,3,44,22,49,64,4,139,56,0,56,195
05/12/2023,CAK,OH,AGL,CE,Towers with Radar,24,49,44,2,119,0,4,48,2,54,24,53,92,4,173,0,0,0,173
05/13/2023,CAK,OH,AGL,CE,Towers with Radar,14,27,21,0,62,0,0,14,0,14,14,27,35,0,76,24,0,24,100
05/14/2023,CAK,OH,AGL,CE,Towers with Radar,23,19,25,0,67,0,1,21,0,22,23,20,46,0,89,18,0,18,107
05/15/2023,CAK,OH,AGL,CE,Towers with Radar,25,45,49,0,119,0,3,59,2,64,25,48,108,2,183,18,0,18,201
05/16/2023,CAK,OH,AGL,CE,Towers with Radar,8,44,34,1,87,0,4,36,9,49,8,48,70,10,136,20,28,48,184
05/17/2023,CAK,OH,AGL,CE,Towers with Radar,16,59,38,0,113,0,5,39,6,50,16,64,77,6,163,0,40,40,203
05/18/2023,CAK,OH,AGL,CE,Towers with Radar,25,41,44,0,110,0,2,39,8,49,25,43,83,8,159,12,6,18,177
05/19/2023,CAK,OH,AGL,CE,Towers with Radar,25,37,29,2,93,0,2,19,0,21,25,39,48,2,114,12,0,12,126
05/20/2023,CAK,OH,AGL,CE,Towers with Radar,14,17,33,0,64,0,0,7,0,7,14,17,40,0,71,8,0,8,79
05/21/2023,CAK,OH,AGL,CE,Towers with Radar,30,24,49,0,103,0,1,48,0,49,30,25,97,0,152,20,0,20,172
05/22/2023,CAK,OH,AGL,CE,Towers with Radar,22,46,58,1,127,0,11,37,3,51,22,57,95,4,178,26,0,26,204
05/23/2023,CAK,OH,AGL,CE,Towers with Radar,12,39,23,3,77,0,4,28,1,33,12,43,51,4,110,26,0,26,136
05/24/2023,CAK,OH,AGL,CE,Towers with Radar,16,31,53,0,100,0,2,38,12,52,16,33,91,12,152,24,2,26,178
05/25/2023,CAK,OH,AGL,CE,Towers with Radar,27,33,42,1,103,0,9,36,1,46,27,42,78,2,149,32,0,32,181
05/26/2023,CAK,OH,AGL,CE,Towers with Radar,20,34,60,0,114,0,6,45,0,51,20,40,105,0,165,46,0,46,211
05/27/2023,CAK,OH,AGL,CE,Towers with Radar,17,20,12,0,49,0,3,31,0,34,17,23,43,0,83,0,0,0,83
05/28/2023,CAK,OH,AGL,CE,Towers with Radar,27,14,10,0,51,0,0,16,0,16,27,14,26,0,67,20,0,20,87
05/29/2023,CAK,OH,AGL,CE,Towers with Radar,22,16,23,0,61,0,0,21,0,21,22,16,44,0,82,14,0,14,96
05/30/2023,CAK,OH,AGL,CE,Towers with Radar,13,37,48,0,98,0,9,41,2,52,13,46,89,2,150,18,0,18,168
05/31/2023,CAK,OH,AGL,CE,Towers with Radar,19,58,39,2,118,0,12,30,4,46,19,70,69,6,164,10,0,10,174
06/01/2023,CAK,OH,AGL,CE,Towers with Radar,30,66,36,3,135,0,10,50,0,60,30,76,86,3,195,24,0,24,219
06/02/2023,CAK,OH,AGL,CE,Towers with Radar,23,46,33,0,102,0,10,26,0,36,23,56,59,0,138,12,0,12,150
06/03/2023,CAK,OH,AGL,CE,Towers with Radar,16,17,11,0,44,0,3,32,4,39,16,20,43,4,83,0,0,0,83
06/04/2023,CAK,OH,AGL,CE,Towers with Radar,34,20,36,0,90,0,4,31,6,41,34,24,67,6,131,18,0,18,149
06/05/2023,CAK,OH,AGL,CE,Towers with Radar,23,45,46,0,114,0,8,30,8,46,23,53,76,8,160,6,0,6,166
06/06/2023,CAK,OH,AGL,CE,Towers with Radar,13,46,59,0,118,0,9,24,7,40,13,55,83,7,158,12,0,12,170
06/07/2023,CAK,OH,AGL,CE,Towers with Radar,15,55,61,0,131,0,12,35,14,61,15,67,96,14,192,48,0,48,240
06/08/2023,CAK,OH,AGL,CE,Towers with Radar,35,57,45,4,141,0,8,38,9,55,35,65,83,13,196,10,0,10,206
06/09/2023,CAK,OH,AGL,CE,Towers with Radar,19,48,36,1,104,0,8,32,19,59,19,56,68,20,163,14,0,14,177
06/10/2023,CAK,OH,AGL,CE,Towers with Radar,20,23,25,0,68,0,1,34,7,42,20,24,59,7,110,0,0,0,110
06/11/2023,CAK,OH,AGL,CE,Towers with Radar,30,18,25,0,73,0,5,10,4,19,30,23,35,4,92,8,0,8,100
06/12/2023,CAK,OH,AGL,CE,Towers with Radar,20,46,35,0,101,0,0,2,6,8,20,46,37,6,109,0,0,0,109
06/13/2023,CAK,OH,AGL,CE,Towers with Radar,17,39,32,0,88,0,1,10,2,13,17,40,42,2,101,0,0,0,101
06/14/2023,CAK,OH,AGL,CE,Towers with Radar,15,53,46,2,116,0,0,19,14,33,15,53,65,16,149,0,0,0,149
06/15/2023,CAK,OH,AGL,CE,Towers with Radar,29,56,35,0,120,0,5,28,8,41,29,61,63,8,161,0,0,0,161
06/16/2023,CAK,OH,AGL,CE,Towers with Radar,22,35,28,0,85,0,2,8,0,10,22,37,36,0,95,0,0,0,95
06/17/2023,CAK,OH,AGL,CE,Towers with Radar,18,22,25,0,65,0,10,30,0,40,18,32,55,0,105,4,0,4,109
06/18/2023,CAK,OH,AGL,CE,Towers with Radar,30,12,27,0,69,0,4,41,0,45,30,16,68,0,114,6,0,6,120
06/19/2023,CAK,OH,AGL,CE,Towers with Radar,20,37,32,0,89,0,1,38,0,39,20,38,70,0,128,8,0,8,136
06/20/2023,CAK,OH,AGL,CE,Towers with Radar,17,48,47,0,112,0,7,38,0,45,17,55,85,0,157,8,0,8,165
06/21/2023,CAK,OH,AGL,CE,Towers with Radar,14,70,51,10,145,0,7,34,6,47,14,77,85,16,192,14,0,14,206
06/22/2023,CAK,OH,AGL,CE,Towers with Radar,30,86,44,0,160,0,8,8,2,18,30,94,52,2,178,0,0,0,178
06/23/2023,CAK,OH,AGL,CE,Towers with Radar,20,69,45,0,134,0,0,1,2,3,20,69,46,2,137,26,0,26,163
06/24/2023,CAK,OH,AGL,CE,Towers with Radar,19,19,37,2,77,0,0,6,1,7,19,19,43,3,84,6,0,6,90
06/25/2023,CAK,OH,AGL,CE,Towers with Radar,31,14,18,0,63,0,4,17,0,21,31,18,35,0,84,2,0,2,86
06/26/2023,CAK,OH,AGL,CE,Towers with Radar,23,41,30,2,96,0,1,11,0,12,23,42,41,2,108,4,0,4,112
06/27/2023,CAK,OH,AGL,CE,Towers with Radar,16,60,38,2,116,0,0,0,0,0,16,60,38,2,116,0,0,0,116
06/28/2023,CAK,OH,AGL,CE,Towers with Radar,17,38,34,0,89,0,0,0,0,0,17,38,34,0,89,0,0,0,89
06/29/2023,CAK,OH,AGL,CE,Towers with Radar,35,47,52,3,137,0,0,0,0,0,35,47,52,3,137,0,0,0,137
06/30/2023,CAK,OH,AGL,CE,Towers with Radar,20,58,56,0,134,0,8,29,0,37,20,66,85,0,171,26,0,26,197
07/01/2023,CAK,OH,AGL,CE,Towers with Radar,18,15,24,0,57,0,1,10,0,11,18,16,34,0,68,24,0,24,92
07/02/2023,CAK,OH,AGL,CE,Towers with Radar,34,8,18,0,60,0,0,1,0,1,34,8,19,0,61,0,0,0,61
07/03/2023,CAK,OH,AGL,CE,Towers with Radar,18,19,29,0,66,0,3,12,0,15,18,22,41,0,81,10,0,10,91
07/04/2023,CAK,OH,AGL,CE,Towers with Radar,13,8,19,0,40,0,1,28,0,29,13,9,47,0,69,18,0,18,87
07/05/2023,CAK,OH,AGL,CE,Towers with Radar,14,55,25,1,95,0,19,51,3,73,14,74,76,4,168,40,0,40,208
07/06/2023,CAK,OH,AGL,CE,Towers with Radar,38,39,37,2,116,0,6,44,6,56,38,45,81,8,172,28,0,28,200
07/07/2023,CAK,OH,AGL,CE,Towers with Radar,19,49,38,0,106,0,2,25,2,29,19,51,63,2,135,34,0,34,169
07/08/2023,CAK,OH,AGL,CE,Towers with Radar,19,23,22,0,64,0,6,29,0,35,19,29,51,0,99,6,0,6,105
07/09/2023,CAK,OH,AGL,CE,Towers with Radar,35,20,34,0,89,0,0,14,0,14,35,20,48,0,103,15,0,15,118
07/10/2023,CAK,OH,AGL,CE,Towers with Radar,20,56,19,0,95,0,27,32,1,60,20,83,51,1,155,51,0,51,206
07/11/2023,CAK,OH,AGL,CE,Towers with Radar,17,59,31,0,107,0,7,41,0,48,17,66,72,0,155,16,0,16,171
07/12/2023,CAK,OH,AGL,CE,Towers with Radar,16,35,24,0,75,0,2,21,6,29,16,37,45,6,104,8,0,8,112
07/13/2023,CAK,OH,AGL,CE,Towers with Radar,33,45,65,0,143,0,9,34,4,47,33,54,99,4,190,30,0,30,220
07/14/2023,CAK,OH,AGL,CE,Towers with Radar,22,55,24,0,101,0,11,53,4,68,22,66,77,4,169,36,0,36,205
07/15/2023,CAK,OH,AGL,CE,Towers with Radar,18,22,17,0,57,0,4,16,0,20,18,26,33,0,77,16,0,16,93
07/16/2023,CAK,OH,AGL,CE,Towers with Radar,34,16,55,0,105,0,8,14,2,24,34,24,69,2,129,28,0,28,157
07/17/2023,CAK,OH,AGL,CE,Towers with Radar,23,41,36,0,100,0,0,6,0,6,23,41,42,0,106,6,0,6,112
07/18/2023,CAK,OH,AGL,CE,Towers with Radar,19,43,36,0,98,0,13,16,4,33,19,56,52,4,131,42,0,42,173
07/19/2023,CAK,OH,AGL,CE,Towers with Radar,15,39,55,0,109,0,11,32,2,45,15,50,87,2,154,38,0,38,192
07/20/2023,CAK,OH,AGL,CE,Towers with Radar,35,47,28,0,110,0,4,25,4,33,35,51,53,4,143,0,0,0,143
07/21/2023,CAK,OH,AGL,CE,Towers with Radar,20,44,36,3,103,0,4,18,0,22,20,48,54,3,125,18,0,18,143
07/22/2023,CAK,OH,AGL,CE,Towers with Radar,19,19,20,1,59,0,2,46,0,48,19,21,66,1,107,24,0,24,131
07/23/2023,CAK,OH,AGL,CE,Towers with Radar,32,19,27,0,78,0,1,22,3,26,32,20,49,3,104,42,0,42,146
07/24/2023,CAK,OH,AGL,CE,Towers with Radar,22,48,34,0,104,0,11,33,0,44,22,59,67,0,148,14,0,14,162
07/25/2023,CAK,OH,AGL,CE,Towers with Radar,17,44,46,1,108,0,5,28,5,38,17,49,74,6,146,50,4,54,200
07/26/2023,CAK,OH,AGL,CE,Towers with Radar,15,33,32,0,80,0,8,21,2,31,15,41,53,2,111,0,0,0,111
07/27/2023,CAK,OH,AGL,CE,Towers with Radar,37,64,41,0,142,0,5,21,10,36,37,69,62,10,178,0,8,8,186
07/28/2023,CAK,OH,AGL,CE,Towers with Radar,20,37,41,0,98,0,10,19,2,31,20,47,60,2,129,20,0,20,149
07/29/2023,CAK,OH,AGL,CE,Towers with Radar,14,20,32,0,66,0,0,9,0,9,14,20,41,0,75,4,0,4,79
07/30/2023,CAK,OH,AGL,CE,Towers with Radar,37,10,35,0,82,0,1,26,1,28,37,11,61,1,110,36,0,36,146
07/31/2023,CAK,OH,AGL,CE,Towers with Radar,24,43,29,0,96,0,9,37,0,46,24,52,66,0,142,10,0,10,152
08/01/2023,CAK,OH,AGL,CE,Towers with Radar,17,37,41,4,99,0,4,43,6,53,17,41,84,10,152,8,2,10,162
08/02/2023,CAK,OH,AGL,CE,Towers with Radar,16,43,26,2,87,0,1,35,13,49,16,44,61,15,136,6,28,34,170
08/03/2023,CAK,OH,AGL,CE,Towers with Radar,35,46,50,0,131,0,4,42,8,54,35,50,92,8,185,6,30,36,221
08/04/2023,CAK,OH,AGL,CE,Towers with Radar,21,56,56,3,136,0,4,38,2,44,21,60,94,5,180,22,10,32,212
08/05/2023,CAK,OH,AGL,CE,Towers with Radar,17,34,65,0,116,0,4,22,2,28,17,38,87,2,144,0,0,0,144
08/06/2023,CAK,OH,AGL,CE,Towers with Radar,32,26,51,0,109,0,0,18,0,18,32,26,69,0,127,12,0,12,139
08/07/2023,CAK,OH,AGL,CE,Towers with Radar,20,23,17,0,60,0,0,0,0,0,20,23,17,0,60,4,0,4,64
08/08/2023,CAK,OH,AGL,CE,Towers with Radar,14,31,33,0,78,0,3,31,2,36,14,34,64,2,114,0,0,0,114
08/09/2023,CAK,OH,AGL,CE,Towers with Radar,17,34,48,0,99,0,5,46,5,56,17,39,94,5,155,18,0,18,173
08/10/2023,CAK,OH,AGL,CE,Towers with Radar,35,48,37,0,120,0,2,22,0,24,35,50,59,0,144,0,0,0,144
08/11/2023,CAK,OH,AGL,CE,Towers with Radar,23,30,40,0,93,0,2,32,2,36,23,32,72,2,129,52,0,52,181
08/12/2023,CAK,OH,AGL,CE,Towers with Radar,17,13,18,0,48,0,0,9,0,9,17,13,27,0,57,4,0,4,61
08/13/2023,CAK,OH,AGL,CE,Towers with Radar,34,16,29,0,79,0,3,38,1,42,34,19,67,1,121,40,0,40,161
08/14/2023,CAK,OH,AGL,CE,Towers with Radar,21,38,28,0,87,0,4,9,1,14,21,42,37,1,101,0,0,0,101
08/15/2023,CAK,OH,AGL,CE,Towers with Radar,16,30,22,3,71,0,0,4,1,5,16,30,26,4,76,0,20,20,96
08/16/2023,CAK,OH,AGL,CE,Towers with Radar,17,41,66,1,125,0,4,20,4,28,17,45,86,5,153,0,0,0,153
08/17/2023,CAK,OH,AGL,CE,Towers with Radar,35,45,40,0,120,0,3,22,7,32,35,48,62,7,152,10,0,10,162
08/18/2023,CAK,OH,AGL,CE,Towers with Radar,23,29,40,1,93,0,1,30,4,35,23,30,70,5,128,4,0,4,132
08/19/2023,CAK,OH,AGL,CE,Towers with Radar,16,15,13,0,44,0,0,36,1,37,16,15,49,1,81,0,0,0,81
08/20/2023,CAK,OH,AGL,CE,Towers with Radar,30,15,35,0,80,0,2,36,1,39,30,17,71,1,119,0,0,0,119
08/21/2023,CAK,OH,AGL,CE,Towers with Radar,22,26,38,0,86,0,5,22,1,28,22,31,60,1,114,22,0,22,136
08/22/2023,CAK,OH,AGL,CE,Towers with Radar,8,29,42,0,79,0,8,34,1,43,8,37,76,1,122,24,16,40,162
08/23/2023,CAK,OH,AGL,CE,Towers with Radar,19,38,58,1,116,0,2,31,0,33,19,40,89,1,149,12,0,12,161
08/24/2023,CAK,OH,AGL,CE,Towers with Radar,34,25,35,0,94,0,0,9,0,9,34,25,44,0,103,4,0,4,107
08/25/2023,CAK,OH,AGL,CE,Towers with Radar,22,42,60,5,129,0,0,3,0,3,22,42,63,5,132,0,0,0,132
08/26/2023,CAK,OH,AGL,CE,Towers with Radar,16,13,27,4,60,0,2,21,0,23,16,15,48,4,83,34,0,34,117
08/27/2023,CAK,OH,AGL,CE,Towers with Radar,30,18,34,0,82,0,0,22,0,22,30,18,56,0,104,20,0,20,124
08/28/2023,CAK,OH,AGL,CE,Towers with Radar,19,36,39,0,94,0,0,36,0,36,19,36,75,0,130,6,0,6,136
08/29/2023,CAK,OH,AGL,CE,Towers with Radar,9,51,47,8,115,0,11,43,11,65,9,62,90,19,180,92,1,93,273
08/30/2023,CAK,OH,AGL,CE,Towers with Radar,18,42,61,2,123,0,0,11,2,13,18,42,72,4,136,0,0,0,136
08/31/2023,CAK,OH,AGL,CE,Towers with Radar,36,46,44,2,128,0,11,34,6,51,36,57,78,8,179,2,15,17,196
