01/01/2000,CGF,OH,AGL,CE,Federal Contract Tower,0,3,9,0,12,0,26,88,0,114,0,29,97,0,126,20,0,20,146
01/02/2000,CGF,OH,AGL,CE,Federal Contract Tower,0,8,18,0,26,0,5,14,0,19,0,13,32,0,45,4,0,4,49
01/03/2000,CGF,OH,AGL,CE,Federal Contract Tower,0,9,27,0,36,0,0,26,0,26,0,9,53,0,62,0,0,0,62
01/04/2000,CGF,OH,AGL,CE,Federal Contract Tower,0,10,27,0,37,0,0,17,0,17,0,10,44,0,54,0,0,0,54
01/05/2000,CGF,OH,AGL,CE,Federal Contract Tower,0,14,36,0,50,0,1,51,2,54,0,15,87,2,104,28,0,28,132
01/06/2000,CGF,OH,AGL,CE,Federal Contract Tower,0,10,49,0,59,0,0,71,0,71,0,10,120,0,130,44,0,44,174
01/07/2000,CGF,OH,AGL,CE,Federal Contract Tower,0,11,33,0,44,0,5,40,0,45,0,16,73,0,89,8,0,8,97
01/08/2000,CGF,OH,AGL,CE,Federal Contract Tower,0,5,12,0,17,0,12,94,0,106,0,17,106,0,123,48,0,48,171
01/09/2000,CGF,OH,AGL,CE,Federal Contract Tower,0,6,16,0,22,0,22,50,0,72,0,28,66,0,94,38,0,38,132
01/10/2000,CGF,OH,AGL,CE,Federal Contract Tower,0,12,36,0,48,0,10,12,0,22,0,22,48,0,70,0,0,0,70
01/11/2000,CGF,OH,AGL,CE,Federal Contract Tower,0,20,66,0,86,0,9,25,0,34,0,29,91,0,120,0,0,0,120
01/12/2000,CGF,OH,AGL,CE,Federal Contract Tower,0,14,48,0,62,0,5,106,0,111,0,19,154,0,173,58,0,58,231
01/13/2000,CGF,OH,AGL,CE,Federal Contract Tower,0,11,35,0,46,0,3,5,0,8,0,14,40,0,54,0,0,0,54
01/14/2000,CGF,OH,AGL,CE,Federal Contract Tower,0,10,34,0,44,0,6,31,0,37,0,16,65,0,81,2,0,2,83
01/15/2000,CGF,OH,AGL,CE,Federal Contract Tower,0,4,14,0,18,0,6,73,0,79,0,10,87,0,97,32,0,32,129
01/16/2000,CGF,OH,AGL,CE,Federal Contract Tower,0,7,26,0,33,0,21,15,0,36,0,28,41,0,69,22,0,22,91
01/17/2000,CGF,OH,AGL,CE,Federal Contract Tower,0,12,38,0,50,0,0,84,0,84,0,12,122,0,134,20,0,20,154
01/18/2000,CGF,OH,AGL,CE,Federal Contract Tower,0,11,39,0,50,0,0,34,0,34,0,11,73,0,84,6,0,6,90
01/19/2000,CGF,OH,AGL,CE,Federal Contract Tower,0,16,53,0,69,0,7,43,0,50,0,23,96,0,119,16,0,16,135
01/20/2000,CGF,OH,AGL,CE,Federal Contract Tower,0,8,28,0,36,0,7,9,0,16,0,15,37,0,52,0,0,0,52
01/21/2000,CGF,OH,AGL,CE,Federal Contract Tower,0,9,39,0,48,0,0,11,0,11,0,9,50,0,59,0,0,0,59
01/22/2000,CGF,OH,AGL,CE,Federal Contract Tower,0,5,16,0,21,0,1,36,0,37,0,6,52,0,58,24,0,24,82
01/23/2000,CGF,OH,AGL,CE,Federal Contract Tower,0,8,27,0,35,0,12,1,0,13,0,20,28,0,48,0,0,0,48
01/24/2000,CGF,OH,AGL,CE,Federal Contract Tower,0,9,31,0,40,0,9,41,0,50,0,18,72,0,90,12,0,12,102
01/25/2000,CGF,OH,AGL,CE,Federal Contract Tower,0,12,38,0,50,0,1,24,4,29,0,13,62,4,79,18,0,18,97
01/26/2000,CGF,OH,AGL,CE,Federal Contract Tower,0,17,47,0,64,0,8,0,0,8,0,25,47,0,72,0,0,0,72
01/27/2000,CGF,OH,AGL,CE,Federal Contract Tower,0,14,47,0,61,0,1,8,0,9,0,15,55,0,70,0,0,0,70
01/28/2000,CGF,OH,AGL,CE,Federal Contract Tower,0,20,67,0,87,0,5,23,0,28,0,25,90,0,115,10,0,10,125
01/29/2000,CGF,OH,AGL,CE,Federal Contract Tower,0,7,23,0,30,0,10,71,0,81,0,17,94,0,111,34,0,34,145
01/30/2000,CGF,OH,AGL,CE,Federal Contract Tower,0,6,11,0,17,0,21,0,0,21,0,27,11,0,38,0,0,0,38
01/31/2000,CGF,OH,AGL,CE,Federal Contract Tower,0,11,37,0,48,0,6,13,0,19,0,17,50,0,67,0,0,0,67
02/01/2000,CGF,OH,AGL,CE,Federal Contract Tower,0,10,32,0,42,0,0,1,0,1,0,10,33,0,43,0,0,0,43
02/02/2000,CGF,OH,AGL,CE,Federal Contract Tower,0,17,54,0,71,0,0,74,0,74,0,17,128,0,145,10,0,10,155
02/03/2000,CGF,OH,AGL,CE,Federal Contract Tower,0,18,53,0,71,0,0,9,0,9,0,18,62,0,80,0,0,0,80
02/04/2000,CGF,OH,AGL,CE,Federal Contract Tower,0,12,40,0,52,0,0,2,0,2,0,12,42,0,54,0,0,0,54
02/05/2000,CGF,OH,AGL,CE,Federal Contract Tower,0,6,16,0,22,0,19,48,0,67,0,25,64,0,89,0,0,0,89
02/06/2000,CGF,OH,AGL,CE,Federal Contract Tower,0,9,25,0,34,0,21,87,0,108,0,30,112,0,142,56,0,56,198
02/07/2000,CGF,OH,AGL,CE,Federal Contract Tower,0,14,44,0,58,0,0,46,0,46,0,14,90,0,104,18,0,18,122
02/08/2000,CGF,OH,AGL,CE,Federal Contract Tower,0,18,54,0,72,0,1,122,0,123,0,19,176,0,195,44,0,44,239
02/09/2000,CGF,OH,AGL,CE,Federal Contract Tower,0,18,54,0,72,0,7,68,0,75,0,25,122,0,147,16,0,16,163
02/10/2000,CGF,OH,AGL,CE,Federal Contract Tower,0,16,57,0,73,0,0,60,0,60,0,16,117,0,133,16,0,16,149
02/11/2000,CGF,OH,AGL,CE,Federal Contract Tower,0,15,42,0,57,0,2,19,0,21,0,17,61,0,78,0,0,0,78
02/12/2000,CGF,OH,AGL,CE,Federal Contract Tower,0,9,25,0,34,0,2,90,0,92,0,11,115,0,126,72,0,72,198
02/13/2000,CGF,OH,AGL,CE,Federal Contract Tower,0,10,27,0,37,0,7,0,0,7,0,17,27,0,44,6,0,6,50
02/14/2000,CGF,OH,AGL,CE,Federal Contract Tower,0,8,23,0,31,0,0,0,0,0,0,8,23,0,31,0,0,0,31
02/15/2000,CGF,OH,AGL,CE,Federal Contract Tower,0,16,58,0,74,0,0,52,2,54,0,16,110,2,128,18,0,18,146
02/16/2000,CGF,OH,AGL,CE,Federal Contract Tower,0,15,50,0,65,0,0,37,0,37,0,15,87,0,102,0,0,0,102
02/17/2000,CGF,OH,AGL,CE,Federal Contract Tower,0,17,49,0,66,0,10,77,0,87,0,27,126,0,153,20,0,20,173
02/18/2000,CGF,OH,AGL,CE,Federal Contract Tower,0,7,21,0,28,0,0,0,0,0,0,7,21,0,28,0,0,0,28
02/19/2000,CGF,OH,AGL,CE,Federal Contract Tower,0,6,19,0,25,0,10,7,0,17,0,16,26,0,42,0,0,0,42
02/20/2000,CGF,OH,AGL,CE,Federal Contract Tower,0,5,18,0,23,0,18,5,0,23,0,23,23,0,46,0,0,0,46
02/21/2000,CGF,OH,AGL,CE,Federal Contract Tower,0,15,48,0,63,0,16,112,0,128,0,31,160,0,191,66,0,66,257
02/22/2000,CGF,OH,AGL,CE,Federal Contract Tower,0,22,68,0,90,0,4,77,0,81,0,26,145,0,171,36,0,36,207
02/23/2000,CGF,OH,AGL,CE,Federal Contract Tower,0,20,64,0,84,0,13,114,0,127,0,33,178,0,211,38,0,38,249
02/24/2000,CGF,OH,AGL,CE,Federal Contract Tower,0,16,49,0,65,0,3,22,0,25,0,19,71,0,90,0,0,0,90
02/25/2000,CGF,OH,AGL,CE,Federal Contract Tower,0,17,55,0,72,0,9,61,0,70,0,26,116,0,142,36,0,36,178
02/26/2000,CGF,OH,AGL,CE,Federal Contract Tower,0,9,30,0,39,0,16,75,0,91,0,25,105,0,130,12,0,12,142
02/27/2000,CGF,OH,AGL,CE,Federal Contract Tower,0,10,32,0,42,0,10,13,0,23,0,20,45,0,65,4,0,4,69
02/28/2000,CGF,OH,AGL,CE,Federal Contract Tower,0,18,58,0,76,0,18,108,0,126,0,36,166,0,202,36,0,36,238
02/29/2000,CGF,OH,AGL,CE,Federal Contract Tower,0,12,39,0,51,0,4,127,0,131,0,16,166,0,182,30,0,30,212
03/01/2000,CGF,OH,AGL,CE,Federal Contract Tower,0,17,57,0,74,0,4,48,0,52,0,21,105,0,126,4,0,4,130
03/02/2000,CGF,OH,AGL,CE,Federal Contract Tower,0,13,43,0,56,0,1,35,0,36,0,14,78,0,92,2,0,2,94
03/03/2000,CGF,OH,AGL,CE,Federal Contract Tower,0,14,46,0,60,0,4,119,0,123,0,18,165,0,183,76,0,76,259
03/04/2000,CGF,OH,AGL,CE,Federal Contract Tower,0,10,30,0,40,0,4,127,0,131,0,14,157,0,171,102,0,102,273
03/05/2000,CGF,OH,AGL,CE,Federal Contract Tower,0,9,29,0,38,0,14,130,0,144,0,23,159,0,182,26,0,26,208
03/06/2000,CGF,OH,AGL,CE,Federal Contract Tower,0,13,44,0,57,0,6,115,0,121,0,19,159,0,178,88,0,88,266
03/07/2000,CGF,OH,AGL,CE,Federal Contract Tower,0,15,47,0,62,0,11,110,0,121,0,26,157,0,183,36,0,36,219
03/08/2000,CGF,OH,AGL,CE,Federal Contract Tower,0,18,69,0,87,0,0,74,0,74,0,18,143,0,161,54,0,54,215
03/09/2000,CGF,OH,AGL,CE,Federal Contract Tower,0,18,59,0,77,0,3,23,0,26,0,21,82,0,103,0,0,0,103
03/10/2000,CGF,OH,AGL,CE,Federal Contract Tower,0,19,61,0,80,0,0,26,0,26,0,19,87,0,106,2,0,2,108
03/11/2000,CGF,OH,AGL,CE,Federal Contract Tower,0,6,19,0,25,0,3,19,0,22,0,9,38,0,47,0,0,0,47
03/12/2000,CGF,OH,AGL,CE,Federal Contract Tower,0,11,35,0,46,0,8,59,0,67,0,19,94,0,113,4,0,4,117
03/13/2000,CGF,OH,AGL,CE,Federal Contract Tower,0,15,48,0,63,0,16,40,0,56,0,31,88,0,119,32,0,32,151
03/14/2000,CGF,OH,AGL,CE,Federal Contract Tower,0,18,61,0,79,0,24,87,0,111,0,42,148,0,190,56,0,56,246
03/15/2000,CGF,OH,AGL,CE,Federal Contract Tower,0,20,67,0,87,0,11,67,0,78,0,31,134,0,165,24,0,24,189
03/16/2000,CGF,OH,AGL,CE,Federal Contract Tower,0,15,55,0,70,0,0,7,0,7,0,15,62,0,77,0,0,0,77
03/17/2000,CGF,OH,AGL,CE,Federal Contract Tower,0,13,48,0,61,0,10,64,0,74,0,23,112,0,135,0,0,0,135
03/18/2000,CGF,OH,AGL,CE,Federal Contract Tower,0,12,42,0,54,0,14,65,0,79,0,26,107,0,133,50,0,50,183
03/19/2000,CGF,OH,AGL,CE,Federal Contract Tower,0,12,42,0,54,0,8,15,0,23,0,20,57,0,77,0,0,0,77
03/20/2000,CGF,OH,AGL,CE,Federal Contract Tower,0,13,46,0,59,0,3,31,0,34,0,16,77,0,93,0,0,0,93
03/21/2000,CGF,OH,AGL,CE,Federal Contract Tower,0,16,56,0,72,0,4,70,0,74,0,20,126,0,146,70,0,70,216
03/22/2000,CGF,OH,AGL,CE,Federal Contract Tower,0,10,51,0,61,0,0,63,0,63,0,10,114,0,124,30,0,30,154
03/23/2000,CGF,OH,AGL,CE,Federal Contract Tower,0,16,58,0,74,0,1,89,0,90,0,17,147,0,164,36,0,36,200
03/24/2000,CGF,OH,AGL,CE,Federal Contract Tower,0,12,52,0,64,0,0,141,0,141,0,12,193,0,205,44,0,44,249
03/25/2000,CGF,OH,AGL,CE,Federal Contract Tower,0,10,36,0,46,0,14,52,0,66,0,24,88,0,112,14,0,14,126
03/26/2000,CGF,OH,AGL,CE,Federal Contract Tower,0,8,28,0,36,0,10,103,0,113,0,18,131,0,149,20,0,20,169
03/27/2000,CGF,OH,AGL,CE,Federal Contract Tower,0,14,52,0,66,0,15,26,0,41,0,29,78,0,107,0,0,0,107
03/28/2000,CGF,OH,AGL,CE,Federal Contract Tower,0,16,58,0,74,0,19,56,0,75,0,35,114,0,149,2,0,2,151
03/29/2000,CGF,OH,AGL,CE,Federal Contract Tower,0,18,63,0,81,0,12,70,0,82,0,30,133,0,163,8,0,8,171
03/30/2000,CGF,OH,AGL,CE,Federal Contract Tower,0,15,53,0,68,0,11,77,0,88,0,26,130,0,156,36,0,36,192
03/31/2000,CGF,OH,AGL,CE,Federal Contract Tower,0,12,44,0,56,0,20,91,0,111,0,32,135,0,167,26,0,26,193
04/01/2000,CGF,OH,AGL,CE,Federal Contract Tower,0,12,38,0,50,0,25,59,0,84,0,37,97,0,134,56,0,56,190
04/02/2000,CGF,OH,AGL,CE,Federal Contract Tower,0,14,40,0,54,0,18,0,0,18,0,32,40,0,72,0,0,0,72
04/03/2000,CGF,OH,AGL,CE,Federal Contract Tower,0,19,58,0,77,0,6,0,0,6,0,25,58,0,83,0,0,0,83
04/04/2000,CGF,OH,AGL,CE,Federal Contract Tower,0,10,42,0,52,0,0,28,0,28,0,10,70,0,80,0,0,0,80
04/05/2000,CGF,OH,AGL,CE,Federal Contract Tower,0,14,42,0,56,0,11,114,0,125,0,25,156,0,181,22,0,22,203
04/06/2000,CGF,OH,AGL,CE,Federal Contract Tower,0,17,51,0,68,0,3,55,0,58,0,20,106,0,126,6,0,6,132
04/07/2000,CGF,OH,AGL,CE,Federal Contract Tower,0,13,38,0,51,0,4,49,0,53,0,17,87,0,104,24,0,24,128
04/08/2000,CGF,OH,AGL,CE,Federal Contract Tower,0,9,17,0,26,0,0,0,0,0,0,9,17,0,26,0,0,0,26
04/09/2000,CGF,OH,AGL,CE,Federal Contract Tower,0,11,35,0,46,0,0,19,0,19,0,11,54,0,65,22,0,22,87
04/10/2000,CGF,OH,AGL,CE,Federal Contract Tower,0,9,45,0,54,0,0,87,0,87,0,9,132,0,141,30,0,30,171
04/11/2000,CGF,OH,AGL,CE,Federal Contract Tower,0,16,50,0,66,0,6,17,0,23,0,22,67,0,89,14,0,14,103
04/12/2000,CGF,OH,AGL,CE,Federal Contract Tower,0,19,60,0,79,0,3,93,0,96,0,22,153,0,175,44,0,44,219
04/13/2000,CGF,OH,AGL,CE,Federal Contract Tower,0,22,69,0,91,0,3,123,1,127,0,25,192,1,218,46,0,46,264
04/14/2000,CGF,OH,AGL,CE,Federal Contract Tower,0,11,40,0,51,0,0,204,2,206,0,11,244,2,257,50,0,50,307
04/15/2000,CGF,OH,AGL,CE,Federal Contract Tower,0,9,28,0,37,0,8,104,0,112,0,17,132,0,149,26,0,26,175
04/16/2000,CGF,OH,AGL,CE,Federal Contract Tower,0,16,49,0,65,0,0,35,0,35,0,16,84,0,100,20,0,20,120
04/17/2000,CGF,OH,AGL,CE,Federal Contract Tower,0,20,62,0,82,0,4,6,0,10,0,24,68,0,92,22,0,22,114
04/18/2000,CGF,OH,AGL,CE,Federal Contract Tower,0,21,76,0,97,0,0,7,0,7,0,21,83,0,104,0,0,0,104
04/19/2000,CGF,OH,AGL,CE,Federal Contract Tower,0,22,70,0,92,0,11,35,0,46,0,33,105,0,138,60,0,60,198
04/20/2000,CGF,OH,AGL,CE,Federal Contract Tower,0,6,35,0,41,0,0,28,0,28,0,6,63,0,69,0,0,0,69
04/21/2000,CGF,OH,AGL,CE,Federal Contract Tower,0,8,27,0,35,0,9,18,0,27,0,17,45,0,62,20,0,20,82
04/22/2000,CGF,OH,AGL,CE,Federal Contract Tower,0,5,17,0,22,0,0,2,0,2,0,5,19,0,24,0,0,0,24
04/23/2000,CGF,OH,AGL,CE,Federal Contract Tower,0,6,22,0,28,0,16,27,0,43,0,22,49,0,71,56,0,56,127
04/24/2000,CGF,OH,AGL,CE,Federal Contract Tower,0,18,58,0,76,0,5,127,0,132,0,23,185,0,208,60,0,60,268
04/25/2000,CGF,OH,AGL,CE,Federal Contract Tower,0,20,67,0,87,0,0,79,0,79,0,20,146,0,166,48,0,48,214
04/26/2000,CGF,OH,AGL,CE,Federal Contract Tower,0,17,57,0,74,0,12,103,0,115,0,29,160,0,189,58,0,58,247
04/27/2000,CGF,OH,AGL,CE,Federal Contract Tower,0,21,68,0,89,0,7,109,0,116,0,28,177,0,205,60,0,60,265
04/28/2000,CGF,OH,AGL,CE,Federal Contract Tower,0,13,43,0,56,0,15,148,0,163,0,28,191,0,219,54,0,54,273
04/29/2000,CGF,OH,AGL,CE,Federal Contract Tower,0,6,22,0,28,0,8,119,0,127,0,14,141,0,155,44,0,44,199
04/30/2000,CGF,OH,AGL,CE,Federal Contract Tower,0,11,38,0,49,0,25,94,0,119,0,36,132,0,168,0,0,0,168
05/01/2000,CGF,OH,AGL,CE,Federal Contract Tower,0,15,49,0,64,0,16,129,1,146,0,31,178,1,210,92,2,94,304
05/02/2000,CGF,OH,AGL,CE,Federal Contract Tower,0,25,79,0,104,0,9,79,0,88,0,34,158,0,192,62,0,62,254
05/03/2000,CGF,OH,AGL,CE,Federal Contract Tower,0,24,78,0,102,0,22,107,0,129,0,46,185,0,231,86,0,86,317
05/04/2000,CGF,OH,AGL,CE,Federal Contract Tower,0,25,80,0,105,0,0,58,0,58,0,25,138,0,163,56,0,56,219
05/05/2000,CGF,OH,AGL,CE,Federal Contract Tower,0,15,49,0,64,0,15,25,0,40,0,30,74,0,104,26,0,26,130
05/06/2000,CGF,OH,AGL,CE,Federal Contract Tower,0,8,26,0,34,0,17,110,0,127,0,25,136,0,161,64,0,64,225
05/07/2000,CGF,OH,AGL,CE,Federal Contract Tower,0,14,42,0,56,0,17,57,0,74,0,31,99,0,130,44,0,44,174
05/08/2000,CGF,OH,AGL,CE,Federal Contract Tower,0,14,44,0,58,0,22,59,0,81,0,36,103,0,139,40,0,40,179
05/09/2000,CGF,OH,AGL,CE,Federal Contract Tower,0,21,68,0,89,0,18,85,0,103,0,39,153,0,192,94,0,94,286
05/10/2000,CGF,OH,AGL,CE,Federal Contract Tower,0,21,67,0,88,0,14,93,0,107,0,35,160,0,195,120,0,120,315
05/11/2000,CGF,OH,AGL,CE,Federal Contract Tower,0,18,56,0,74,0,15,97,0,112,0,33,153,0,186,74,0,74,260
05/12/2000,CGF,OH,AGL,CE,Federal Contract Tower,0,9,62,0,71,0,0,20,0,20,0,9,82,0,91,0,0,0,91
05/13/2000,CGF,OH,AGL,CE,Federal Contract Tower,0,7,22,0,29,0,18,89,0,107,0,25,111,0,136,100,0,100,236
05/14/2000,CGF,OH,AGL,CE,Federal Contract Tower,0,10,30,0,40,0,19,153,0,172,0,29,183,0,212,32,0,32,244
05/15/2000,CGF,OH,AGL,CE,Federal Contract Tower,0,15,49,0,64,0,10,74,0,84,0,25,123,0,148,30,0,30,178
05/16/2000,CGF,OH,AGL,CE,Federal Contract Tower,0,21,71,0,92,0,6,73,0,79,0,27,144,0,171,34,0,34,205
05/17/2000,CGF,OH,AGL,CE,Federal Contract Tower,0,22,73,0,95,0,17,29,0,46,0,39,102,0,141,20,0,20,161
05/18/2000,CGF,OH,AGL,CE,Federal Contract Tower,0,12,43,0,55,0,2,28,0,30,0,14,71,0,85,0,0,0,85
05/19/2000,CGF,OH,AGL,CE,Federal Contract Tower,0,17,58,0,75,0,5,112,0,117,0,22,170,0,192,172,0,172,364
05/20/2000,CGF,OH,AGL,CE,Federal Contract Tower,0,8,30,0,38,0,31,93,0,124,0,39,123,0,162,48,0,48,210
05/21/2000,CGF,OH,AGL,CE,Federal Contract Tower,0,18,62,0,80,0,7,24,0,31,0,25,86,0,111,0,0,0,111
05/22/2000,CGF,OH,AGL,CE,Federal Contract Tower,0,13,45,0,58,0,11,55,0,66,0,24,100,0,124,38,0,38,162
05/23/2000,CGF,OH,AGL,CE,Federal Contract Tower,0,19,66,0,85,0,18,109,0,127,0,37,175,0,212,70,0,70,282
05/24/2000,CGF,OH,AGL,CE,Federal Contract Tower,0,23,78,0,101,0,5,64,0,69,0,28,142,0,170,16,0,16,186
05/25/2000,CGF,OH,AGL,CE,Federal Contract Tower,0,16,57,0,73,0,22,42,0,64,0,38,99,0,137,36,0,36,173
05/26/2000,CGF,OH,AGL,CE,Federal Contract Tower,0,20,66,0,86,0,18,24,0,42,0,38,90,0,128,110,0,110,238
05/27/2000,CGF,OH,AGL,CE,Federal Contract Tower,0,9,30,0,39,0,13,13,0,26,0,22,43,0,65,0,0,0,65
05/28/2000,CGF,OH,AGL,CE,Federal Contract Tower,0,5,19,0,24,0,19,43,1,63,0,24,62,1,87,10,0,10,97
05/29/2000,CGF,OH,AGL,CE,Federal Contract Tower,0,10,34,0,44,0,28,64,2,94,0,38,98,2,138,20,0,20,158
05/30/2000,CGF,OH,AGL,CE,Federal Contract Tower,0,14,50,0,64,0,29,150,0,179,0,43,200,0,243,80,0,80,323
05/31/2000,CGF,OH,AGL,CE,Federal Contract Tower,0,17,57,0,74,0,27,103,0,130,0,44,160,0,204,100,0,100,304
06/01/2000,CGF,OH,AGL,CE,Federal Contract Tower,0,25,72,0,97,0,4,33,0,37,0,29,105,0,134,16,0,16,150
06/02/2000,CGF,OH,AGL,CE,Federal Contract Tower,0,21,62,0,83,0,17,56,0,73,0,38,118,0,156,24,0,24,180
06/03/2000,CGF,OH,AGL,CE,Federal Contract Tower,0,12,33,0,45,0,9,58,0,67,0,21,91,0,112,14,0,14,126
06/04/2000,CGF,OH,AGL,CE,Federal Contract Tower,0,11,30,0,41,0,11,87,0,98,0,22,117,0,139,38,0,38,177
06/05/2000,CGF,OH,AGL,CE,Federal Contract Tower,0,16,46,0,62,0,3,39,0,42,0,19,85,0,104,0,0,0,104
06/06/2000,CGF,OH,AGL,CE,Federal Contract Tower,0,17,50,0,67,0,7,34,0,41,0,24,84,0,108,2,0,2,110
06/07/2000,CGF,OH,AGL,CE,Federal Contract Tower,0,23,65,0,88,0,15,98,0,113,0,38,163,0,201,70,0,70,271
06/08/2000,CGF,OH,AGL,CE,Federal Contract Tower,0,17,59,0,76,0,0,98,0,98,0,17,157,0,174,42,0,42,216
06/09/2000,CGF,OH,AGL,CE,Federal Contract Tower,0,18,50,0,68,0,11,82,0,93,0,29,132,0,161,44,0,44,205
06/10/2000,CGF,OH,AGL,CE,Federal Contract Tower,0,11,30,0,41,0,10,118,0,128,0,21,148,0,169,62,0,62,231
06/11/2000,CGF,OH,AGL,CE,Federal Contract Tower,0,14,38,0,52,0,6,82,0,88,0,20,120,0,140,4,0,4,144
06/12/2000,CGF,OH,AGL,CE,Federal Contract Tower,0,8,45,0,53,0,0,16,0,16,0,8,61,0,69,0,0,0,69
06/13/2000,CGF,OH,AGL,CE,Federal Contract Tower,0,14,62,0,76,0,0,35,0,35,0,14,97,0,111,24,0,24,135
06/14/2000,CGF,OH,AGL,CE,Federal Contract Tower,0,17,62,0,79,0,0,78,0,78,0,17,140,0,157,34,0,34,191
06/15/2000,CGF,OH,AGL,CE,Federal Contract Tower,0,19,74,0,93,0,0,86,0,86,0,19,160,0,179,0,0,0,179
06/16/2000,CGF,OH,AGL,CE,Federal Contract Tower,0,14,49,0,63,0,0,68,0,68,0,14,117,0,131,2,0,2,133
06/17/2000,CGF,OH,AGL,CE,Federal Contract Tower,0,11,35,0,46,0,2,142,0,144,0,13,177,0,190,20,0,20,210
06/18/2000,CGF,OH,AGL,CE,Federal Contract Tower,0,11,34,0,45,0,18,48,0,66,0,29,82,0,111,0,0,0,111
06/19/2000,CGF,OH,AGL,CE,Federal Contract Tower,0,16,50,0,66,0,15,152,0,167,0,31,202,0,233,62,0,62,295
06/20/2000,CGF,OH,AGL,CE,Federal Contract Tower,0,16,51,0,67,0,0,132,0,132,0,16,183,0,199,40,0,40,239
06/21/2000,CGF,OH,AGL,CE,Federal Contract Tower,0,18,57,0,75,0,11,64,0,75,0,29,121,0,150,14,0,14,164
06/22/2000,CGF,OH,AGL,CE,Federal Contract Tower,0,19,60,0,79,0,13,118,0,131,0,32,178,0,210,4,0,4,214
06/23/2000,CGF,OH,AGL,CE,Federal Contract Tower,0,17,54,0,71,0,9,154,0,163,0,26,208,0,234,78,0,78,312
06/24/2000,CGF,OH,AGL,CE,Federal Contract Tower,0,8,24,0,32,0,10,91,0,101,0,18,115,0,133,18,0,18,151
06/25/2000,CGF,OH,AGL,CE,Federal Contract Tower,0,16,48,0,64,0,16,73,0,89,0,32,121,0,153,30,0,30,183
06/26/2000,CGF,OH,AGL,CE,Federal Contract Tower,0,20,60,0,80,0,30,108,0,138,0,50,168,0,218,124,0,124,342
06/27/2000,CGF,OH,AGL,CE,Federal Contract Tower,0,21,64,0,85,0,14,129,0,143,0,35,193,0,228,180,0,180,408
06/28/2000,CGF,OH,AGL,CE,Federal Contract Tower,0,20,65,0,85,0,0,184,0,184,0,20,249,0,269,118,0,118,387
06/29/2000,CGF,OH,AGL,CE,Federal Contract Tower,0,21,65,0,86,0,15,101,0,116,0,36,166,0,202,94,0,94,296
06/30/2000,CGF,OH,AGL,CE,Federal Contract Tower,0,32,97,0,129,0,15,168,0,183,0,47,265,0,312,160,0,160,472
07/01/2000,CGF,OH,AGL,CE,Federal Contract Tower,0,25,50,0,75,0,3,221,0,224,0,28,271,0,299,122,0,122,421
07/02/2000,CGF,OH,AGL,CE,Federal Contract Tower,0,16,31,0,47,0,11,194,0,205,0,27,225,0,252,92,0,92,344
07/03/2000,CGF,OH,AGL,CE,Federal Contract Tower,0,12,24,0,36,0,1,30,0,31,0,13,54,0,67,14,0,14,81
07/04/2000,CGF,OH,AGL,CE,Federal Contract Tower,0,10,18,0,28,0,9,90,0,99,0,19,108,0,127,64,0,64,191
07/05/2000,CGF,OH,AGL,CE,Federal Contract Tower,0,23,47,0,70,0,11,169,0,180,0,34,216,0,250,122,0,122,372
07/06/2000,CGF,OH,AGL,CE,Federal Contract Tower,0,24,49,0,73,0,7,127,0,134,0,31,176,0,207,88,0,88,295
07/07/2000,CGF,OH,AGL,CE,Federal Contract Tower,0,20,39,0,59,0,8,127,0,135,0,28,166,0,194,42,0,42,236
07/08/2000,CGF,OH,AGL,CE,Federal Contract Tower,0,8,22,0,30,0,0,133,0,133,0,8,155,0,163,30,0,30,193
07/09/2000,CGF,OH,AGL,CE,Federal Contract Tower,0,19,38,0,57,0,15,87,0,102,0,34,125,0,159,10,0,10,169
07/10/2000,CGF,OH,AGL,CE,Federal Contract Tower,0,29,61,0,90,0,0,80,0,80,0,29,141,0,170,30,0,30,200
07/11/2000,CGF,OH,AGL,CE,Federal Contract Tower,0,28,57,0,85,0,0,97,0,97,0,28,154,0,182,38,0,38,220
07/12/2000,CGF,OH,AGL,CE,Federal Contract Tower,0,32,66,0,98,0,0,134,0,134,0,32,200,0,232,108,0,108,340
07/13/2000,CGF,OH,AGL,CE,Federal Contract Tower,0,26,53,0,79,0,15,131,0,146,0,41,184,0,225,90,0,90,315
07/14/2000,CGF,OH,AGL,CE,Federal Contract Tower,0,28,60,0,88,0,0,31,0,31,0,28,91,0,119,24,0,24,143
07/15/2000,CGF,OH,AGL,CE,Federal Contract Tower,0,17,32,0,49,0,12,119,0,131,0,29,151,0,180,52,0,52,232
07/16/2000,CGF,OH,AGL,CE,Federal Contract Tower,0,24,47,0,71,0,17,76,0,93,0,41,123,0,164,26,0,26,190
07/17/2000,CGF,OH,AGL,CE,Federal Contract Tower,0,23,49,0,72,0,0,168,0,168,0,23,217,0,240,66,0,66,306
07/18/2000,CGF,OH,AGL,CE,Federal Contract Tower,0,31,63,0,94,0,13,111,0,124,0,44,174,0,218,100,0,100,318
07/19/2000,CGF,OH,AGL,CE,Federal Contract Tower,0,31,71,0,102,0,0,131,0,131,0,31,202,0,233,102,0,102,335
07/20/2000,CGF,OH,AGL,CE,Federal Contract Tower,0,27,73,0,100,0,0,136,0,136,0,27,209,0,236,74,0,74,310
07/21/2000,CGF,OH,AGL,CE,Federal Contract Tower,0,21,48,0,69,0,0,64,0,64,0,21,112,0,133,34,0,34,167
07/22/2000,CGF,OH,AGL,CE,Federal Contract Tower,0,16,34,0,50,0,13,132,0,145,0,29,166,0,195,24,0,24,219
07/23/2000,CGF,OH,AGL,CE,Federal Contract Tower,0,22,46,0,68,0,30,152,0,182,0,52,198,0,250,50,0,50,300
07/24/2000,CGF,OH,AGL,CE,Federal Contract Tower,0,24,50,0,74,0,18,137,0,155,0,42,187,0,229,40,0,40,269
07/25/2000,CGF,OH,AGL,CE,Federal Contract Tower,0,21,45,0,66,0,4,147,0,151,0,25,192,0,217,40,0,40,257
07/26/2000,CGF,OH,AGL,CE,Federal Contract Tower,0,32,67,0,99,0,11,87,0,98,0,43,154,0,197,70,0,70,267
07/27/2000,CGF,OH,AGL,CE,Federal Contract Tower,0,36,75,0,111,0,13,59,0,72,0,49,134,0,183,18,0,18,201
07/28/2000,CGF,OH,AGL,CE,Federal Contract Tower,0,19,49,0,68,0,0,52,0,52,0,19,101,0,120,40,0,40,160
07/29/2000,CGF,OH,AGL,CE,Federal Contract Tower,0,13,28,0,41,0,20,31,0,51,0,33,59,0,92,30,0,30,122
07/30/2000,CGF,OH,AGL,CE,Federal Contract Tower,0,17,37,0,54,0,8,54,0,62,0,25,91,0,116,20,0,20,136
07/31/2000,CGF,OH,AGL,CE,Federal Contract Tower,0,25,53,0,78,0,5,71,0,76,0,30,124,0,154,10,0,10,164
08/01/2000,CGF,OH,AGL,CE,Federal Contract Tower,0,24,70,0,94,0,1,86,0,87,0,25,156,0,181,12,0,12,193
08/02/2000,CGF,OH,AGL,CE,Federal Contract Tower,0,20,56,0,76,0,16,70,0,86,0,36,126,0,162,66,0,66,228
08/03/2000,CGF,OH,AGL,CE,Federal Contract Tower,0,20,61,0,81,0,0,36,0,36,0,20,97,0,117,10,0,10,127
08/04/2000,CGF,OH,AGL,CE,Federal Contract Tower,0,13,37,0,50,0,7,140,0,147,0,20,177,0,197,90,0,90,287
08/05/2000,CGF,OH,AGL,CE,Federal Contract Tower,0,9,23,0,32,0,16,139,0,155,0,25,162,0,187,96,0,96,283
08/06/2000,CGF,OH,AGL,CE,Federal Contract Tower,0,15,40,0,55,0,11,0,0,11,0,26,40,0,66,0,0,0,66
08/07/2000,CGF,OH,AGL,CE,Federal Contract Tower,0,24,68,0,92,0,5,77,0,82,0,29,145,0,174,10,0,10,184
08/08/2000,CGF,OH,AGL,CE,Federal Contract Tower,0,22,64,0,86,0,26,100,0,126,0,48,164,0,212,64,0,64,276
08/09/2000,CGF,OH,AGL,CE,Federal Contract Tower,0,17,49,0,66,0,8,30,0,38,0,25,79,0,104,8,0,8,112
08/10/2000,CGF,OH,AGL,CE,Federal Contract Tower,0,20,56,0,76,0,8,138,4,150,0,28,194,4,226,76,0,76,302
08/11/2000,CGF,OH,AGL,CE,Federal Contract Tower,0,23,66,0,89,0,7,81,0,88,0,30,147,0,177,106,0,106,283
08/12/2000,CGF,OH,AGL,CE,Federal Contract Tower,0,12,33,0,45,0,16,148,1,165,0,28,181,1,210,72,0,72,282
08/13/2000,CGF,OH,AGL,CE,Federal Contract Tower,0,12,34,0,46,0,16,122,0,138,0,28,156,0,184,64,0,64,248
08/14/2000,CGF,OH,AGL,CE,Federal Contract Tower,0,14,40,0,54,0,13,113,0,126,0,27,153,0,180,46,0,46,226
08/15/2000,CGF,OH,AGL,CE,Federal Contract Tower,0,17,54,0,71,0,6,92,2,100,0,23,146,2,171,38,0,38,209
08/16/2000,CGF,OH,AGL,CE,Federal Contract Tower,0,20,61,0,81,0,16,147,0,163,0,36,208,0,244,22,0,22,266
08/17/2000,CGF,OH,AGL,CE,Federal Contract Tower,0,23,69,0,92,0,3,68,0,71,0,26,137,0,163,30,0,30,193
08/18/2000,CGF,OH,AGL,CE,Federal Contract Tower,0,17,53,0,70,0,7,105,0,112,0,24,158,0,182,20,0,20,202
08/19/2000,CGF,OH,AGL,CE,Federal Contract Tower,0,10,31,0,41,0,16,151,0,167,0,26,182,0,208,44,0,44,252
08/20/2000,CGF,OH,AGL,CE,Federal Contract Tower,0,6,19,0,25,0,17,125,0,142,0,23,144,0,167,20,0,20,187
08/21/2000,CGF,OH,AGL,CE,Federal Contract Tower,0,21,64,0,85,0,17,119,0,136,0,38,183,0,221,54,0,54,275
08/22/2000,CGF,OH,AGL,CE,Federal Contract Tower,0,21,63,0,84,0,3,112,2,117,0,24,175,2,201,42,0,42,243
08/23/2000,CGF,OH,AGL,CE,Federal Contract Tower,0,18,55,0,73,0,17,80,0,97,0,35,135,0,170,40,0,40,210
08/24/2000,CGF,OH,AGL,CE,Federal Contract Tower,0,22,75,0,97,0,0,163,0,163,0,22,238,0,260,38,0,38,298
08/25/2000,CGF,OH,AGL,CE,Federal Contract Tower,0,18,54,0,72,0,14,141,0,155,0,32,195,0,227,118,0,118,345
08/26/2000,CGF,OH,AGL,CE,Federal Contract Tower,0,5,18,0,23,0,10,95,0,105,0,15,113,0,128,56,0,56,184
08/27/2000,CGF,OH,AGL,CE,Federal Contract Tower,0,14,42,0,56,0,23,4,0,27,0,37,46,0,83,18,0,18,101
08/28/2000,CGF,OH,AGL,CE,Federal Contract Tower,0,24,73,0,97,0,1,71,0,72,0,25,144,0,169,46,0,46,215
08/29/2000,CGF,OH,AGL,CE,Federal Contract Tower,0,21,62,0,83,0,3,103,0,106,0,24,165,0,189,46,0,46,235
08/30/2000,CGF,OH,AGL,CE,Federal Contract Tower,0,19,59,0,78,0,28,88,0,116,0,47,147,0,194,148,0,148,342
08/31/2000,CGF,OH,AGL,CE,Federal Contract Tower,0,25,75,0,100,0,16,126,2,144,0,41,201,2,244,86,0,86,330
09/01/2000,CGF,OH,AGL,CE,Federal Contract Tower,0,23,63,0,86,0,7,142,0,149,0,30,205,0,235,112,0,112,347
09/02/2000,CGF,OH,AGL,CE,Federal Contract Tower,0,20,56,0,76,0,3,27,0,30,0,23,83,0,106,0,0,0,106
09/03/2000,CGF,OH,AGL,CE,Federal Contract Tower,0,14,39,0,53,0,13,88,0,101,0,27,127,0,154,20,0,20,174
09/04/2000,CGF,OH,AGL,CE,Federal Contract Tower,0,16,42,0,58,0,0,17,0,17,0,16,59,0,75,0,0,0,75
09/05/2000,CGF,OH,AGL,CE,Federal Contract Tower,0,20,55,0,75,0,5,114,4,123,0,25,169,4,198,34,0,34,232
09/06/2000,CGF,OH,AGL,CE,Federal Contract Tower,0,20,54,0,74,0,7,128,0,135,0,27,182,0,209,52,0,52,261
09/07/2000,CGF,OH,AGL,CE,Federal Contract Tower,0,20,54,0,74,0,1,167,0,168,0,21,221,0,242,52,0,52,294
09/08/2000,CGF,OH,AGL,CE,Federal Contract Tower,0,20,53,0,73,0,11,96,0,107,0,31,149,0,180,88,0,88,268
09/09/2000,CGF,OH,AGL,CE,Federal Contract Tower,0,10,26,0,36,0,4,83,0,87,0,14,109,0,123,68,0,68,191
09/10/2000,CGF,OH,AGL,CE,Federal Contract Tower,0,11,34,0,45,0,0,64,4,68,0,11,98,4,113,32,0,32,145
09/11/2000,CGF,OH,AGL,CE,Federal Contract Tower,0,18,53,0,71,0,0,55,0,55,0,18,108,0,126,30,0,30,156
09/12/2000,CGF,OH,AGL,CE,Federal Contract Tower,0,24,67,0,91,0,20,87,0,107,0,44,154,0,198,40,0,40,238
09/13/2000,CGF,OH,AGL,CE,Federal Contract Tower,0,23,69,0,92,0,0,178,0,178,0,23,247,0,270,100,0,100,370
09/14/2000,CGF,OH,AGL,CE,Federal Contract Tower,0,21,62,0,83,0,8,83,0,91,0,29,145,0,174,46,4,50,224
09/15/2000,CGF,OH,AGL,CE,Federal Contract Tower,0,18,54,0,72,0,8,74,0,82,0,26,128,0,154,8,0,8,162
09/16/2000,CGF,OH,AGL,CE,Federal Contract Tower,0,10,32,0,42,0,8,70,0,78,0,18,102,0,120,16,0,16,136
09/17/2000,CGF,OH,AGL,CE,Federal Contract Tower,0,7,21,0,28,0,17,155,0,172,0,24,176,0,200,22,0,22,222
09/18/2000,CGF,OH,AGL,CE,Federal Contract Tower,0,17,51,0,68,0,11,131,0,142,0,28,182,0,210,84,0,84,294
09/19/2000,CGF,OH,AGL,CE,Federal Contract Tower,0,19,56,0,75,0,20,156,0,176,0,39,212,0,251,20,0,20,271
09/20/2000,CGF,OH,AGL,CE,Federal Contract Tower,0,16,46,0,62,0,6,68,0,74,0,22,114,0,136,0,0,0,136
09/21/2000,CGF,OH,AGL,CE,Federal Contract Tower,0,12,39,0,51,0,0,0,0,0,0,12,39,0,51,26,0,26,77
09/22/2000,CGF,OH,AGL,CE,Federal Contract Tower,0,13,38,0,51,0,8,107,0,115,0,21,145,0,166,24,0,24,190
09/23/2000,CGF,OH,AGL,CE,Federal Contract Tower,0,8,23,0,31,0,13,146,0,159,0,21,169,0,190,52,0,52,242
09/24/2000,CGF,OH,AGL,CE,Federal Contract Tower,0,13,37,0,50,0,10,18,0,28,0,23,55,0,78,14,0,14,92
09/25/2000,CGF,OH,AGL,CE,Federal Contract Tower,0,15,44,0,59,0,11,99,0,110,0,26,143,0,169,18,0,18,187
09/26/2000,CGF,OH,AGL,CE,Federal Contract Tower,0,18,54,0,72,0,7,135,0,142,0,25,189,0,214,76,0,76,290
09/27/2000,CGF,OH,AGL,CE,Federal Contract Tower,0,18,51,0,69,0,4,127,0,131,0,22,178,0,200,76,0,76,276
09/28/2000,CGF,OH,AGL,CE,Federal Contract Tower,0,22,64,0,86,0,1,130,2,133,0,23,194,2,219,66,0,66,285
09/29/2000,CGF,OH,AGL,CE,Federal Contract Tower,0,18,52,0,70,0,7,135,0,142,0,25,187,0,212,90,0,90,302
09/30/2000,CGF,OH,AGL,CE,Federal Contract Tower,0,9,26,0,35,0,1,180,0,181,0,10,206,0,216,92,0,92,308
10/01/2000,CGF,OH,AGL,CE,Federal Contract Tower,0,8,19,0,27,0,26,134,0,160,0,34,153,0,187,28,0,28,215
10/02/2000,CGF,OH,AGL,CE,Federal Contract Tower,0,18,49,0,67,0,0,92,0,92,0,18,141,0,159,16,0,16,175
10/03/2000,CGF,OH,AGL,CE,Federal Contract Tower,0,18,42,0,60,0,9,82,0,91,0,27,124,0,151,10,0,10,161
10/04/2000,CGF,OH,AGL,CE,Federal Contract Tower,0,27,65,0,92,0,14,40,0,54,0,41,105,0,146,0,0,0,146
10/05/2000,CGF,OH,AGL,CE,Federal Contract Tower,0,26,63,0,89,0,2,12,0,14,0,28,75,0,103,0,0,0,103
10/06/2000,CGF,OH,AGL,CE,Federal Contract Tower,0,28,67,0,95,0,2,44,0,46,0,30,111,0,141,0,0,0,141
10/07/2000,CGF,OH,AGL,CE,Federal Contract Tower,0,14,31,0,45,0,10,24,0,34,0,24,55,0,79,0,0,0,79
10/08/2000,CGF,OH,AGL,CE,Federal Contract Tower,0,14,24,0,38,0,0,0,0,0,0,14,24,0,38,0,0,0,38
10/09/2000,CGF,OH,AGL,CE,Federal Contract Tower,0,24,56,0,80,0,15,28,0,43,0,39,84,0,123,20,0,20,143
10/10/2000,CGF,OH,AGL,CE,Federal Contract Tower,0,11,25,0,36,0,16,108,0,124,0,27,133,0,160,14,0,14,174
10/11/2000,CGF,OH,AGL,CE,Federal Contract Tower,0,27,64,0,91,0,8,126,0,134,0,35,190,0,225,72,0,72,297
10/12/2000,CGF,OH,AGL,CE,Federal Contract Tower,0,23,56,0,79,0,18,156,0,174,0,41,212,0,253,94,0,94,347
10/13/2000,CGF,OH,AGL,CE,Federal Contract Tower,0,22,53,0,75,0,5,154,0,159,0,27,207,0,234,36,0,36,270
10/14/2000,CGF,OH,AGL,CE,Federal Contract Tower,0,9,19,0,28,0,27,134,0,161,0,36,153,0,189,60,0,60,249
10/15/2000,CGF,OH,AGL,CE,Federal Contract Tower,0,16,43,0,59,0,0,29,0,29,0,16,72,0,88,0,0,0,88
10/16/2000,CGF,OH,AGL,CE,Federal Contract Tower,0,21,54,0,75,0,1,53,0,54,0,22,107,0,129,0,0,0,129
10/17/2000,CGF,OH,AGL,CE,Federal Contract Tower,0,19,58,0,77,0,0,29,0,29,0,19,87,0,106,0,0,0,106
10/18/2000,CGF,OH,AGL,CE,Federal Contract Tower,0,22,61,0,83,0,0,67,0,67,0,22,128,0,150,46,0,46,196
10/19/2000,CGF,OH,AGL,CE,Federal Contract Tower,0,24,61,0,85,0,21,103,0,124,0,45,164,0,209,48,0,48,257
10/20/2000,CGF,OH,AGL,CE,Federal Contract Tower,0,22,55,0,77,0,12,95,0,107,0,34,150,0,184,56,0,56,240
10/21/2000,CGF,OH,AGL,CE,Federal Contract Tower,0,10,26,0,36,0,13,135,0,148,0,23,161,0,184,60,0,60,244
10/22/2000,CGF,OH,AGL,CE,Federal Contract Tower,0,19,47,0,66,0,16,84,0,100,0,35,131,0,166,16,0,16,182
10/23/2000,CGF,OH,AGL,CE,Federal Contract Tower,0,19,61,0,80,0,0,99,0,99,0,19,160,0,179,26,0,26,205
10/24/2000,CGF,OH,AGL,CE,Federal Contract Tower,0,12,55,0,67,0,0,10,0,10,0,12,65,0,77,0,0,0,77
10/25/2000,CGF,OH,AGL,CE,Federal Contract Tower,0,22,74,0,96,0,0,36,0,36,0,22,110,0,132,0,0,0,132
10/26/2000,CGF,OH,AGL,CE,Federal Contract Tower,0,21,53,0,74,0,7,93,0,100,0,28,146,0,174,92,0,92,266
10/27/2000,CGF,OH,AGL,CE,Federal Contract Tower,0,25,62,0,87,0,34,69,0,103,0,59,131,0,190,22,0,22,212
10/28/2000,CGF,OH,AGL,CE,Federal Contract Tower,0,6,16,0,22,0,11,91,0,102,0,17,107,0,124,84,0,84,208
10/29/2000,CGF,OH,AGL,CE,Federal Contract Tower,0,13,32,0,45,0,1,130,0,131,0,14,162,0,176,102,0,102,278
10/30/2000,CGF,OH,AGL,CE,Federal Contract Tower,0,15,38,0,53,0,10,154,0,164,0,25,192,0,217,86,0,86,303
10/31/2000,CGF,OH,AGL,CE,Federal Contract Tower,0,19,49,0,68,0,20,149,0,169,0,39,198,0,237,68,0,68,305
11/01/2000,CGF,OH,AGL,CE,Federal Contract Tower,0,27,65,0,92,0,0,136,0,136,0,27,201,0,228,52,0,52,280
11/02/2000,CGF,OH,AGL,CE,Federal Contract Tower,0,21,51,0,72,0,21,96,0,117,0,42,147,0,189,90,0,90,279
11/03/2000,CGF,OH,AGL,CE,Federal Contract Tower,0,25,61,0,86,0,20,63,0,83,0,45,124,0,169,34,0,34,203
11/04/2000,CGF,OH,AGL,CE,Federal Contract Tower,0,13,31,0,44,0,14,99,0,113,0,27,130,0,157,88,0,88,245
11/05/2000,CGF,OH,AGL,CE,Federal Contract Tower,0,12,30,0,42,0,17,108,0,125,0,29,138,0,167,104,0,104,271
11/06/2000,CGF,OH,AGL,CE,Federal Contract Tower,0,22,55,0,77,0,10,111,0,121,0,32,166,0,198,28,0,28,226
11/07/2000,CGF,OH,AGL,CE,Federal Contract Tower,0,18,43,0,61,0,7,23,0,30,0,25,66,0,91,0,0,0,91
11/08/2000,CGF,OH,AGL,CE,Federal Contract Tower,0,20,53,0,73,0,0,5,0,5,0,20,58,0,78,0,0,0,78
11/09/2000,CGF,OH,AGL,CE,Federal Contract Tower,0,22,54,0,76,0,14,49,0,63,0,36,103,0,139,0,0,0,139
11/10/2000,CGF,OH,AGL,CE,Federal Contract Tower,0,25,60,0,85,0,11,5,0,16,0,36,65,0,101,4,0,4,105
11/11/2000,CGF,OH,AGL,CE,Federal Contract Tower,0,10,22,0,32,0,7,77,0,84,0,17,99,0,116,68,0,68,184
11/12/2000,CGF,OH,AGL,CE,Federal Contract Tower,0,16,38,0,54,0,23,176,0,199,0,39,214,0,253,84,0,84,337
11/13/2000,CGF,OH,AGL,CE,Federal Contract Tower,0,22,55,0,77,0,1,72,0,73,0,23,127,0,150,32,0,32,182
11/14/2000,CGF,OH,AGL,CE,Federal Contract Tower,0,23,57,0,80,0,10,56,0,66,0,33,113,0,146,2,0,2,148
11/15/2000,CGF,OH,AGL,CE,Federal Contract Tower,0,31,76,0,107,0,5,65,0,70,0,36,141,0,177,52,0,52,229
11/16/2000,CGF,OH,AGL,CE,Federal Contract Tower,0,24,61,0,85,0,4,59,0,63,0,28,120,0,148,28,0,28,176
11/17/2000,CGF,OH,AGL,CE,Federal Contract Tower,0,14,41,0,55,0,0,9,0,9,0,14,50,0,64,0,0,0,64
11/18/2000,CGF,OH,AGL,CE,Federal Contract Tower,0,7,20,0,27,0,4,39,2,45,0,11,59,2,72,52,0,52,124
11/19/2000,CGF,OH,AGL,CE,Federal Contract Tower,0,13,34,0,47,0,5,69,0,74,0,18,103,0,121,82,0,82,203
11/20/2000,CGF,OH,AGL,CE,Federal Contract Tower,0,17,43,0,60,0,4,20,0,24,0,21,63,0,84,0,0,0,84
11/21/2000,CGF,OH,AGL,CE,Federal Contract Tower,0,23,58,0,81,0,2,11,0,13,0,25,69,0,94,0,0,0,94
11/22/2000,CGF,OH,AGL,CE,Federal Contract Tower,0,3,31,0,34,0,0,15,0,15,0,3,46,0,49,0,0,0,49
11/23/2000,CGF,OH,AGL,CE,Federal Contract Tower,0,5,15,0,20,0,10,35,0,45,0,15,50,0,65,36,0,36,101
11/24/2000,CGF,OH,AGL,CE,Federal Contract Tower,0,7,19,0,26,0,13,117,0,130,0,20,136,0,156,58,0,58,214
11/25/2000,CGF,OH,AGL,CE,Federal Contract Tower,0,8,21,0,29,0,10,34,0,44,0,18,55,0,73,18,6,24,97
11/26/2000,CGF,OH,AGL,CE,Federal Contract Tower,0,20,51,0,71,0,17,2,0,19,0,37,53,0,90,0,0,0,90
11/27/2000,CGF,OH,AGL,CE,Federal Contract Tower,0,21,55,0,76,0,6,7,0,13,0,27,62,0,89,0,0,0,89
11/28/2000,CGF,OH,AGL,CE,Federal Contract Tower,0,21,54,0,75,0,9,11,0,20,0,30,65,0,95,0,0,0,95
11/29/2000,CGF,OH,AGL,CE,Federal Contract Tower,0,21,56,0,77,0,9,27,0,36,0,30,83,0,113,52,0,52,165
11/30/2000,CGF,OH,AGL,CE,Federal Contract Tower,0,25,63,0,88,0,16,57,0,73,0,41,120,0,161,100,0,100,261
12/01/2000,CGF,OH,AGL,CE,Federal Contract Tower,0,16,32,0,48,0,6,24,0,30,0,22,56,0,78,12,0,12,90
12/02/2000,CGF,OH,AGL,CE,Federal Contract Tower,0,11,24,0,35,0,0,78,0,78,0,11,102,0,113,86,0,86,199
12/03/2000,CGF,OH,AGL,CE,Federal Contract Tower,0,17,32,0,49,0,10,109,0,119,0,27,141,0,168,100,0,100,268
12/04/2000,CGF,OH,AGL,CE,Federal Contract Tower,0,25,49,0,74,0,9,112,0,121,0,34,161,0,195,52,0,52,247
12/05/2000,CGF,OH,AGL,CE,Federal Contract Tower,0,14,49,0,63,0,0,18,0,18,0,14,67,0,81,0,0,0,81
12/06/2000,CGF,OH,AGL,CE,Federal Contract Tower,0,17,38,0,55,0,0,59,0,59,0,17,97,0,114,32,0,32,146
12/07/2000,CGF,OH,AGL,CE,Federal Contract Tower,0,15,36,0,51,0,0,4,0,4,0,15,40,0,55,0,0,0,55
12/08/2000,CGF,OH,AGL,CE,Federal Contract Tower,0,13,38,0,51,0,0,16,0,16,0,13,54,0,67,0,0,0,67
12/09/2000,CGF,OH,AGL,CE,Federal Contract Tower,0,12,24,0,36,0,21,105,0,126,0,33,129,0,162,52,0,52,214
12/10/2000,CGF,OH,AGL,CE,Federal Contract Tower,0,12,24,0,36,0,2,120,0,122,0,14,144,0,158,42,0,42,200
12/11/2000,CGF,OH,AGL,CE,Federal Contract Tower,0,24,47,0,71,0,2,7,0,9,0,26,54,0,80,0,0,0,80
12/12/2000,CGF,OH,AGL,CE,Federal Contract Tower,0,22,43,0,65,0,5,13,0,18,0,27,56,0,83,0,0,0,83
12/13/2000,CGF,OH,AGL,CE,Federal Contract Tower,0,23,50,0,73,0,0,45,0,45,0,23,95,0,118,20,0,20,138
12/14/2000,CGF,OH,AGL,CE,Federal Contract Tower,0,17,44,0,61,0,0,17,0,17,0,17,61,0,78,0,0,0,78
12/15/2000,CGF,OH,AGL,CE,Federal Contract Tower,0,28,58,0,86,0,23,48,0,71,0,51,106,0,157,48,0,48,205
12/16/2000,CGF,OH,AGL,CE,Federal Contract Tower,0,10,22,0,32,0,1,4,0,5,0,11,26,0,37,0,0,0,37
12/17/2000,CGF,OH,AGL,CE,Federal Contract Tower,0,7,16,0,23,0,0,0,0,0,0,7,16,0,23,0,0,0,23
12/18/2000,CGF,OH,AGL,CE,Federal Contract Tower,0,24,51,0,75,0,2,58,0,60,0,26,109,0,135,28,0,28,163
12/19/2000,CGF,OH,AGL,CE,Federal Contract Tower,0,27,57,0,84,0,2,16,0,18,0,29,73,0,102,0,0,0,102
12/20/2000,CGF,OH,AGL,CE,Federal Contract Tower,0,24,50,0,74,0,11,33,0,44,0,35,83,0,118,16,0,16,134
12/21/2000,CGF,OH,AGL,CE,Federal Contract Tower,0,22,45,0,67,0,11,16,0,27,0,33,61,0,94,0,0,0,94
12/22/2000,CGF,OH,AGL,CE,Federal Contract Tower,0,17,35,0,52,0,20,18,0,38,0,37,53,0,90,16,0,16,106
12/23/2000,CGF,OH,AGL,CE,Federal Contract Tower,0,11,25,0,36,0,10,49,0,59,0,21,74,0,95,48,0,48,143
12/24/2000,CGF,OH,AGL,CE,Federal Contract Tower,0,4,5,0,9,0,6,0,0,6,0,10,5,0,15,0,0,0,15
12/25/2000,CGF,OH,AGL,CE,Federal Contract Tower,0,6,10,0,16,0,12,0,0,12,0,18,10,0,28,0,0,0,28
12/26/2000,CGF,OH,AGL,CE,Federal Contract Tower,0,14,33,0,47,0,0,91,2,93,0,14,124,2,140,0,0,0,140
12/27/2000,CGF,OH,AGL,CE,Federal Contract Tower,0,7,14,0,21,0,3,0,0,3,0,10,14,0,24,0,0,0,24
12/28/2000,CGF,OH,AGL,CE,Federal Contract Tower,0,11,25,0,36,0,9,9,0,18,0,20,34,0,54,0,0,0,54
12/29/2000,CGF,OH,AGL,CE,Federal Contract Tower,0,12,27,0,39,0,17,12,0,29,0,29,39,0,68,8,0,8,76
12/30/2000,CGF,OH,AGL,CE,Federal Contract Tower,0,6,15,0,21,0,7,25,0,32,0,13,40,0,53,0,0,0,53
12/31/2000,CGF,OH,AGL,CE,Federal Contract Tower,0,4,9,0,13,0,5,5,0,10,0,9,14,0,23,4,0,4,27
01/01/2001,CGF,OH,AGL,CE,Federal Contract Tower,0,9,18,0,27,0,10,4,0,14,0,19,22,0,41,0,0,0,41
01/02/2001,CGF,OH,AGL,CE,Federal Contract Tower,0,20,41,0,61,0,11,49,0,60,0,31,90,0,121,32,0,32,153
01/03/2001,CGF,OH,AGL,CE,Federal Contract Tower,0,20,42,0,62,0,14,34,2,50,0,34,76,2,112,2,0,2,114
01/04/2001,CGF,OH,AGL,CE,Federal Contract Tower,0,16,32,0,48,0,15,31,0,46,0,31,63,0,94,0,0,0,94
01/05/2001,CGF,OH,AGL,CE,Federal Contract Tower,0,15,24,0,39,0,11,0,0,11,0,26,24,0,50,0,0,0,50
01/06/2001,CGF,OH,AGL,CE,Federal Contract Tower,0,11,23,0,34,0,2,56,0,58,0,13,79,0,92,6,0,6,98
01/07/2001,CGF,OH,AGL,CE,Federal Contract Tower,0,11,22,0,33,0,9,59,0,68,0,20,81,0,101,52,0,52,153
01/08/2001,CGF,OH,AGL,CE,Federal Contract Tower,0,13,43,0,56,0,0,10,0,10,0,13,53,0,66,0,0,0,66
01/09/2001,CGF,OH,AGL,CE,Federal Contract Tower,0,21,43,0,64,0,5,38,0,43,0,26,81,0,107,0,0,0,107
01/10/2001,CGF,OH,AGL,CE,Federal Contract Tower,0,23,48,0,71,0,9,74,0,83,0,32,122,0,154,52,0,52,206
01/11/2001,CGF,OH,AGL,CE,Federal Contract Tower,0,9,18,0,27,0,27,147,0,174,0,36,165,0,201,48,0,48,249
01/12/2001,CGF,OH,AGL,CE,Federal Contract Tower,0,19,38,0,57,0,7,59,0,66,0,26,97,0,123,72,0,72,195
01/13/2001,CGF,OH,AGL,CE,Federal Contract Tower,0,7,21,0,28,0,0,0,0,0,0,7,21,0,28,0,0,0,28
01/14/2001,CGF,OH,AGL,CE,Federal Contract Tower,0,16,34,0,50,0,1,60,0,61,0,17,94,0,111,72,0,72,183
01/15/2001,CGF,OH,AGL,CE,Federal Contract Tower,0,17,40,0,57,0,0,12,0,12,0,17,52,0,69,2,0,2,71
01/16/2001,CGF,OH,AGL,CE,Federal Contract Tower,0,21,43,0,64,0,0,11,0,11,0,21,54,0,75,0,0,0,75
01/17/2001,CGF,OH,AGL,CE,Federal Contract Tower,0,26,59,0,85,0,7,18,0,25,0,33,77,0,110,8,0,8,118
01/18/2001,CGF,OH,AGL,CE,Federal Contract Tower,0,26,59,0,85,0,26,75,0,101,0,52,134,0,186,36,0,36,222
01/19/2001,CGF,OH,AGL,CE,Federal Contract Tower,0,20,46,0,66,0,8,9,0,17,0,28,55,0,83,0,0,0,83
01/20/2001,CGF,OH,AGL,CE,Federal Contract Tower,0,13,17,0,30,0,13,0,0,13,0,26,17,0,43,0,0,0,43
01/21/2001,CGF,OH,AGL,CE,Federal Contract Tower,0,16,36,0,52,0,27,81,2,110,0,43,117,2,162,138,0,138,300
01/22/2001,CGF,OH,AGL,CE,Federal Contract Tower,0,19,44,0,63,0,12,62,0,74,0,31,106,0,137,26,0,26,163
01/23/2001,CGF,OH,AGL,CE,Federal Contract Tower,0,29,63,0,92,0,22,118,0,140,0,51,181,0,232,44,0,44,276
01/24/2001,CGF,OH,AGL,CE,Federal Contract Tower,0,21,48,0,69,0,0,3,0,3,0,21,51,0,72,0,0,0,72
01/25/2001,CGF,OH,AGL,CE,Federal Contract Tower,0,31,69,0,100,0,3,51,0,54,0,34,120,0,154,0,0,0,154
01/26/2001,CGF,OH,AGL,CE,Federal Contract Tower,0,18,40,0,58,0,12,44,0,56,0,30,84,0,114,18,0,18,132
01/27/2001,CGF,OH,AGL,CE,Federal Contract Tower,0,6,13,0,19,0,19,14,0,33,0,25,27,0,52,6,0,6,58
01/28/2001,CGF,OH,AGL,CE,Federal Contract Tower,0,10,23,0,33,0,34,59,0,93,0,44,82,0,126,74,0,74,200
01/29/2001,CGF,OH,AGL,CE,Federal Contract Tower,0,18,40,0,58,0,27,23,0,50,0,45,63,0,108,6,0,6,114
01/30/2001,CGF,OH,AGL,CE,Federal Contract Tower,0,25,56,0,81,0,7,45,0,52,0,32,101,0,133,10,0,10,143
01/31/2001,CGF,OH,AGL,CE,Federal Contract Tower,0,21,47,0,68,0,12,49,0,61,0,33,96,0,129,18,0,18,147
02/01/2001,CGF,OH,AGL,CE,Federal Contract Tower,0,20,45,0,65,0,17,55,0,72,0,37,100,0,137,44,0,44,181
02/02/2001,CGF,OH,AGL,CE,Federal Contract Tower,0,18,41,0,59,0,14,15,0,29,0,32,56,0,88,0,0,0,88
02/03/2001,CGF,OH,AGL,CE,Federal Contract Tower,0,7,16,0,23,0,3,84,0,87,0,10,100,0,110,64,0,64,174
02/04/2001,CGF,OH,AGL,CE,Federal Contract Tower,0,11,24,0,35,0,18,49,0,67,0,29,73,0,102,112,0,112,214
02/05/2001,CGF,OH,AGL,CE,Federal Contract Tower,0,17,37,0,54,0,9,5,0,14,0,26,42,0,68,0,0,0,68
02/06/2001,CGF,OH,AGL,CE,Federal Contract Tower,0,18,35,0,53,0,2,0,0,2,0,20,35,0,55,0,0,0,55
02/07/2001,CGF,OH,AGL,CE,Federal Contract Tower,0,31,70,0,101,0,12,109,0,121,0,43,179,0,222,78,0,78,300
02/08/2001,CGF,OH,AGL,CE,Federal Contract Tower,0,22,50,0,72,0,16,78,0,94,0,38,128,0,166,44,0,44,210
02/09/2001,CGF,OH,AGL,CE,Federal Contract Tower,0,14,31,0,45,0,8,25,0,33,0,22,56,0,78,0,0,0,78
02/10/2001,CGF,OH,AGL,CE,Federal Contract Tower,0,10,22,0,32,0,13,52,0,65,0,23,74,0,97,10,0,10,107
02/11/2001,CGF,OH,AGL,CE,Federal Contract Tower,0,12,28,0,40,0,17,103,0,120,0,29,131,0,160,86,4,90,250
02/12/2001,CGF,OH,AGL,CE,Federal Contract Tower,0,18,42,0,60,0,14,67,0,81,0,32,109,0,141,64,0,64,205
02/13/2001,CGF,OH,AGL,CE,Federal Contract Tower,0,23,52,0,75,0,12,88,0,100,0,35,140,0,175,84,0,84,259
02/14/2001,CGF,OH,AGL,CE,Federal Contract Tower,0,17,42,0,59,0,0,0,0,0,0,17,42,0,59,0,0,0,59
02/15/2001,CGF,OH,AGL,CE,Federal Contract Tower,0,24,58,0,82,0,0,79,0,79,0,24,137,0,161,40,0,40,201
02/16/2001,CGF,OH,AGL,CE,Federal Contract Tower,0,20,48,0,68,0,3,49,0,52,0,23,97,0,120,22,0,22,142
02/17/2001,CGF,OH,AGL,CE,Federal Contract Tower,0,7,18,0,25,0,14,41,0,55,0,21,59,0,80,0,0,0,80
02/18/2001,CGF,OH,AGL,CE,Federal Contract Tower,0,10,24,0,34,0,14,82,0,96,0,24,106,0,130,80,0,80,210
02/19/2001,CGF,OH,AGL,CE,Federal Contract Tower,0,17,42,0,59,0,15,57,0,72,0,32,99,0,131,42,0,42,173
02/20/2001,CGF,OH,AGL,CE,Federal Contract Tower,0,18,66,0,84,0,0,91,0,91,0,18,157,0,175,30,0,30,205
02/21/2001,CGF,OH,AGL,CE,Federal Contract Tower,0,23,56,0,79,0,19,82,0,101,0,42,138,0,180,52,0,52,232
02/22/2001,CGF,OH,AGL,CE,Federal Contract Tower,0,18,45,0,63,0,1,26,0,27,0,19,71,0,90,0,0,0,90
02/23/2001,CGF,OH,AGL,CE,Federal Contract Tower,0,19,46,0,65,0,9,66,0,75,0,28,112,0,140,32,0,32,172
02/24/2001,CGF,OH,AGL,CE,Federal Contract Tower,0,7,18,0,25,0,16,20,0,36,0,23,38,0,61,0,0,0,61
02/25/2001,CGF,OH,AGL,CE,Federal Contract Tower,0,9,17,0,26,0,22,0,0,22,0,31,17,0,48,0,0,0,48
02/26/2001,CGF,OH,AGL,CE,Federal Contract Tower,0,17,40,0,57,0,5,70,0,75,0,22,110,0,132,50,0,50,182
02/27/2001,CGF,OH,AGL,CE,Federal Contract Tower,0,22,53,0,75,0,28,75,0,103,0,50,128,0,178,50,0,50,228
02/28/2001,CGF,OH,AGL,CE,Federal Contract Tower,0,20,49,0,69,0,12,127,0,139,0,32,176,0,208,20,0,20,228
03/01/2001,CGF,OH,AGL,CE,Federal Contract Tower,0,16,34,0,50,0,6,73,0,79,0,22,107,0,129,46,0,46,175
03/02/2001,CGF,OH,AGL,CE,Federal Contract Tower,0,23,52,0,75,0,2,49,0,51,0,25,101,0,126,20,0,20,146
03/03/2001,CGF,OH,AGL,CE,Federal Contract Tower,0,13,28,0,41,0,10,85,0,95,0,23,113,0,136,82,0,82,218
03/04/2001,CGF,OH,AGL,CE,Federal Contract Tower,0,13,29,0,42,0,18,52,0,70,0,31,81,0,112,34,0,34,146
03/05/2001,CGF,OH,AGL,CE,Federal Contract Tower,0,16,34,0,50,0,2,11,0,13,0,18,45,0,63,0,0,0,63
03/06/2001,CGF,OH,AGL,CE,Federal Contract Tower,0,16,35,0,51,0,10,3,0,13,0,26,38,0,64,0,0,0,64
03/07/2001,CGF,OH,AGL,CE,Federal Contract Tower,0,23,51,0,74,0,15,57,0,72,0,38,108,0,146,2,0,2,148
03/08/2001,CGF,OH,AGL,CE,Federal Contract Tower,0,21,49,0,70,0,0,40,0,40,0,21,89,0,110,18,0,18,128
03/09/2001,CGF,OH,AGL,CE,Federal Contract Tower,0,19,40,0,59,0,5,34,0,39,0,24,74,0,98,24,0,24,122
03/10/2001,CGF,OH,AGL,CE,Federal Contract Tower,0,16,36,0,52,0,14,118,0,132,0,30,154,0,184,108,0,108,292
03/11/2001,CGF,OH,AGL,CE,Federal Contract Tower,0,12,27,0,39,0,12,38,0,50,0,24,65,0,89,66,0,66,155
03/12/2001,CGF,OH,AGL,CE,Federal Contract Tower,0,15,34,0,49,0,19,94,0,113,0,34,128,0,162,58,0,58,220
03/13/2001,CGF,OH,AGL,CE,Federal Contract Tower,0,23,52,0,75,0,3,47,0,50,0,26,99,0,125,2,0,2,127
03/14/2001,CGF,OH,AGL,CE,Federal Contract Tower,0,23,49,0,72,0,20,61,0,81,0,43,110,0,153,38,0,38,191
03/15/2001,CGF,OH,AGL,CE,Federal Contract Tower,0,16,34,0,50,0,5,70,0,75,0,21,104,0,125,92,0,92,217
03/16/2001,CGF,OH,AGL,CE,Federal Contract Tower,0,23,50,0,73,0,0,8,0,8,0,23,58,0,81,0,0,0,81
03/17/2001,CGF,OH,AGL,CE,Federal Contract Tower,0,7,8,0,15,0,6,0,0,6,0,13,8,0,21,0,0,0,21
03/18/2001,CGF,OH,AGL,CE,Federal Contract Tower,0,13,27,0,40,0,18,116,0,134,0,31,143,0,174,80,0,80,254
03/19/2001,CGF,OH,AGL,CE,Federal Contract Tower,0,19,44,0,63,0,11,93,0,104,0,30,137,0,167,56,8,64,231
03/20/2001,CGF,OH,AGL,CE,Federal Contract Tower,0,20,47,0,67,0,10,97,2,109,0,30,144,2,176,114,0,114,290
03/21/2001,CGF,OH,AGL,CE,Federal Contract Tower,0,17,48,0,65,0,0,56,0,56,0,17,104,0,121,16,0,16,137
03/22/2001,CGF,OH,AGL,CE,Federal Contract Tower,0,20,48,0,68,0,31,51,0,82,0,51,99,0,150,92,10,102,252
03/23/2001,CGF,OH,AGL,CE,Federal Contract Tower,0,17,39,0,56,0,16,125,0,141,0,33,164,0,197,60,0,60,257
03/24/2001,CGF,OH,AGL,CE,Federal Contract Tower,0,7,18,0,25,0,12,23,0,35,0,19,41,0,60,14,0,14,74
03/25/2001,CGF,OH,AGL,CE,Federal Contract Tower,0,16,39,0,55,0,9,7,0,16,0,25,46,0,71,6,0,6,77
03/26/2001,CGF,OH,AGL,CE,Federal Contract Tower,0,15,37,0,52,0,24,59,2,85,0,39,96,2,137,34,0,34,171
03/27/2001,CGF,OH,AGL,CE,Federal Contract Tower,0,17,40,0,57,0,4,105,0,109,0,21,145,0,166,12,0,12,178
03/28/2001,CGF,OH,AGL,CE,Federal Contract Tower,0,23,54,0,77,0,11,98,0,109,0,34,152,0,186,8,0,8,194
03/29/2001,CGF,OH,AGL,CE,Federal Contract Tower,0,20,48,0,68,0,8,70,0,78,0,28,118,0,146,82,0,82,228
03/30/2001,CGF,OH,AGL,CE,Federal Contract Tower,0,18,43,0,61,0,1,2,0,3,0,19,45,0,64,0,0,0,64
03/31/2001,CGF,OH,AGL,CE,Federal Contract Tower,0,11,28,0,39,0,11,59,0,70,0,22,87,0,109,32,0,32,141
04/01/2001,CGF,OH,AGL,CE,Federal Contract Tower,0,13,28,0,41,0,13,8,0,21,0,26,36,0,62,0,0,0,62
04/02/2001,CGF,OH,AGL,CE,Federal Contract Tower,0,18,38,0,56,0,6,146,0,152,0,24,184,0,208,72,2,74,282
04/03/2001,CGF,OH,AGL,CE,Federal Contract Tower,0,18,38,0,56,0,1,35,0,36,0,19,73,0,92,36,0,36,128
04/04/2001,CGF,OH,AGL,CE,Federal Contract Tower,0,30,63,0,93,0,14,100,0,114,0,44,163,0,207,72,0,72,279
04/05/2001,CGF,OH,AGL,CE,Federal Contract Tower,0,29,62,0,91,0,0,127,0,127,0,29,189,0,218,22,0,22,240
04/06/2001,CGF,OH,AGL,CE,Federal Contract Tower,0,22,47,0,69,0,0,3,0,3,0,22,50,0,72,0,0,0,72
04/07/2001,CGF,OH,AGL,CE,Federal Contract Tower,0,15,32,0,47,0,7,101,0,108,0,22,133,0,155,112,0,112,267
04/08/2001,CGF,OH,AGL,CE,Federal Contract Tower,0,10,21,0,31,0,11,98,0,109,0,21,119,0,140,38,0,38,178
04/09/2001,CGF,OH,AGL,CE,Federal Contract Tower,0,18,37,0,55,0,12,47,0,59,0,30,84,0,114,0,0,0,114
04/10/2001,CGF,OH,AGL,CE,Federal Contract Tower,0,18,37,0,55,0,4,67,0,71,0,22,104,0,126,46,0,46,172
04/11/2001,CGF,OH,AGL,CE,Federal Contract Tower,0,27,57,0,84,0,1,43,0,44,0,28,100,0,128,72,0,72,200
04/12/2001,CGF,OH,AGL,CE,Federal Contract Tower,0,24,50,0,74,0,16,3,0,19,0,40,53,0,93,0,0,0,93
04/13/2001,CGF,OH,AGL,CE,Federal Contract Tower,0,16,34,0,50,0,24,79,0,103,0,40,113,0,153,94,0,94,247
04/14/2001,CGF,OH,AGL,CE,Federal Contract Tower,0,12,25,0,37,0,8,112,0,120,0,20,137,0,157,42,0,42,199
04/15/2001,CGF,OH,AGL,CE,Federal Contract Tower,0,9,11,0,20,0,9,0,0,9,0,18,11,0,29,0,0,0,29
04/16/2001,CGF,OH,AGL,CE,Federal Contract Tower,0,19,44,0,63,0,4,28,0,32,0,23,72,0,95,0,0,0,95
04/17/2001,CGF,OH,AGL,CE,Federal Contract Tower,0,16,35,0,51,0,3,34,0,37,0,19,69,0,88,2,0,2,90
04/18/2001,CGF,OH,AGL,CE,Federal Contract Tower,0,28,62,0,90,0,8,102,0,110,0,36,164,0,200,60,0,60,260
04/19/2001,CGF,OH,AGL,CE,Federal Contract Tower,0,30,72,0,102,0,0,108,2,110,0,30,180,2,212,80,0,80,292
04/20/2001,CGF,OH,AGL,CE,Federal Contract Tower,0,24,53,0,77,0,4,34,2,40,0,28,87,2,117,8,0,8,125
04/21/2001,CGF,OH,AGL,CE,Federal Contract Tower,0,15,33,0,48,0,37,20,0,57,0,52,53,0,105,0,0,0,105
04/22/2001,CGF,OH,AGL,CE,Federal Contract Tower,0,14,31,0,45,0,15,67,0,82,0,29,98,0,127,16,0,16,143
04/23/2001,CGF,OH,AGL,CE,Federal Contract Tower,0,18,42,0,60,0,16,77,0,93,0,34,119,0,153,8,0,8,161
04/24/2001,CGF,OH,AGL,CE,Federal Contract Tower,0,27,59,0,86,0,2,59,0,61,0,29,118,0,147,28,0,28,175
04/25/2001,CGF,OH,AGL,CE,Federal Contract Tower,0,23,59,0,82,0,0,117,0,117,0,23,176,0,199,92,0,92,291
04/26/2001,CGF,OH,AGL,CE,Federal Contract Tower,0,22,48,0,70,0,14,126,4,144,0,36,174,4,214,100,0,100,314
04/27/2001,CGF,OH,AGL,CE,Federal Contract Tower,0,18,42,0,60,0,21,77,0,98,0,39,119,0,158,18,0,18,176
04/28/2001,CGF,OH,AGL,CE,Federal Contract Tower,0,6,14,0,20,0,28,152,0,180,0,34,166,0,200,110,0,110,310
04/29/2001,CGF,OH,AGL,CE,Federal Contract Tower,0,16,36,0,52,0,11,114,0,125,0,27,150,0,177,98,0,98,275
04/30/2001,CGF,OH,AGL,CE,Federal Contract Tower,0,17,38,0,55,0,2,115,0,117,0,19,153,0,172,114,0,114,286
05/01/2001,CGF,OH,AGL,CE,Federal Contract Tower,0,25,54,0,79,0,6,124,1,131,0,31,178,1,210,92,2,94,304
05/02/2001,CGF,OH,AGL,CE,Federal Contract Tower,0,24,51,0,75,0,10,107,0,117,0,34,158,0,192,62,0,62,254
05/03/2001,CGF,OH,AGL,CE,Federal Contract Tower,0,33,72,0,105,0,13,113,0,126,0,46,185,0,231,86,0,86,317
05/04/2001,CGF,OH,AGL,CE,Federal Contract Tower,0,17,38,0,55,0,8,100,0,108,0,25,138,0,163,56,0,56,219
05/05/2001,CGF,OH,AGL,CE,Federal Contract Tower,0,10,21,0,31,0,20,53,0,73,0,30,74,0,104,26,0,26,130
05/06/2001,CGF,OH,AGL,CE,Federal Contract Tower,0,13,29,0,42,0,12,107,0,119,0,25,136,0,161,64,0,64,225
05/07/2001,CGF,OH,AGL,CE,Federal Contract Tower,0,17,38,0,55,0,14,61,0,75,0,31,99,0,130,44,0,44,174
05/08/2001,CGF,OH,AGL,CE,Federal Contract Tower,0,21,47,0,68,0,15,56,0,71,0,36,103,0,139,40,0,40,179
05/09/2001,CGF,OH,AGL,CE,Federal Contract Tower,0,24,51,0,75,0,15,102,0,117,0,39,153,0,192,94,0,94,286
05/10/2001,CGF,OH,AGL,CE,Federal Contract Tower,0,21,46,0,67,0,14,114,0,128,0,35,160,0,195,120,0,120,315
05/11/2001,CGF,OH,AGL,CE,Federal Contract Tower,0,25,54,0,79,0,8,99,0,107,0,33,153,0,186,74,0,74,260
05/12/2001,CGF,OH,AGL,CE,Federal Contract Tower,0,9,26,0,35,0,0,56,0,56,0,9,82,0,91,0,0,0,91
05/13/2001,CGF,OH,AGL,CE,Federal Contract Tower,0,13,26,0,39,0,12,85,0,97,0,25,111,0,136,100,0,100,236
05/14/2001,CGF,OH,AGL,CE,Federal Contract Tower,0,25,53,0,78,0,4,130,0,134,0,29,183,0,212,32,0,32,244
05/15/2001,CGF,OH,AGL,CE,Federal Contract Tower,0,19,44,0,63,0,6,79,0,85,0,25,123,0,148,30,0,30,178
05/16/2001,CGF,OH,AGL,CE,Federal Contract Tower,0,27,67,0,94,0,0,77,0,77,0,27,144,0,171,34,0,34,205
05/17/2001,CGF,OH,AGL,CE,Federal Contract Tower,0,27,63,0,90,0,12,39,0,51,0,39,102,0,141,20,0,20,161
05/18/2001,CGF,OH,AGL,CE,Federal Contract Tower,0,14,52,0,66,0,0,19,0,19,0,14,71,0,85,0,0,0,85
05/19/2001,CGF,OH,AGL,CE,Federal Contract Tower,0,8,20,0,28,0,14,150,0,164,0,22,170,0,192,172,0,172,364
05/20/2001,CGF,OH,AGL,CE,Federal Contract Tower,0,13,32,0,45,0,26,91,0,117,0,39,123,0,162,48,0,48,210
05/21/2001,CGF,OH,AGL,CE,Federal Contract Tower,0,18,41,0,59,0,7,45,0,52,0,25,86,0,111,0,0,0,111
05/22/2001,CGF,OH,AGL,CE,Federal Contract Tower,0,22,51,0,73,0,2,49,0,51,0,24,100,0,124,38,0,38,162
05/23/2001,CGF,OH,AGL,CE,Federal Contract Tower,0,23,54,0,77,0,14,121,0,135,0,37,175,0,212,70,0,70,282
05/24/2001,CGF,OH,AGL,CE,Federal Contract Tower,0,24,56,0,80,0,4,86,0,90,0,28,142,0,170,16,0,16,186
05/25/2001,CGF,OH,AGL,CE,Federal Contract Tower,0,24,57,0,81,0,14,42,0,56,0,38,99,0,137,36,0,36,173
05/26/2001,CGF,OH,AGL,CE,Federal Contract Tower,0,11,27,0,38,0,27,63,0,90,0,38,90,0,128,110,0,110,238
05/27/2001,CGF,OH,AGL,CE,Federal Contract Tower,0,8,18,0,26,0,14,25,0,39,0,22,43,0,65,0,0,0,65
05/28/2001,CGF,OH,AGL,CE,Federal Contract Tower,0,15,35,0,50,0,9,27,1,37,0,24,62,1,87,10,0,10,97
05/29/2001,CGF,OH,AGL,CE,Federal Contract Tower,0,26,61,0,87,0,12,37,2,51,0,38,98,2,138,20,0,20,158
05/30/2001,CGF,OH,AGL,CE,Federal Contract Tower,0,24,56,0,80,0,19,144,0,163,0,43,200,0,243,80,0,80,323
05/31/2001,CGF,OH,AGL,CE,Federal Contract Tower,0,24,54,0,78,0,20,106,0,126,0,44,160,0,204,100,0,100,304
06/01/2001,CGF,OH,AGL,CE,Federal Contract Tower,0,20,42,0,62,0,5,27,0,32,0,25,69,0,94,0,0,0,94
06/02/2001,CGF,OH,AGL,CE,Federal Contract Tower,0,9,19,0,28,0,9,27,0,36,0,18,46,0,64,20,0,20,84
06/03/2001,CGF,OH,AGL,CE,Federal Contract Tower,0,18,39,0,57,0,13,34,0,47,0,31,73,0,104,36,0,36,140
06/04/2001,CGF,OH,AGL,CE,Federal Contract Tower,0,23,50,0,73,0,4,53,0,57,0,27,103,0,130,38,0,38,168
06/05/2001,CGF,OH,AGL,CE,Federal Contract Tower,0,21,50,0,71,0,0,117,0,117,0,21,167,0,188,64,0,64,252
06/06/2001,CGF,OH,AGL,CE,Federal Contract Tower,0,27,56,0,83,0,12,72,0,84,0,39,128,0,167,44,0,44,211
06/07/2001,CGF,OH,AGL,CE,Federal Contract Tower,0,33,72,0,105,0,13,93,0,106,0,46,165,0,211,100,0,100,311
06/08/2001,CGF,OH,AGL,CE,Federal Contract Tower,0,26,55,0,81,0,23,100,0,123,0,49,155,0,204,76,0,76,280
06/09/2001,CGF,OH,AGL,CE,Federal Contract Tower,0,13,27,0,40,0,19,108,0,127,0,32,135,0,167,110,0,110,277
06/10/2001,CGF,OH,AGL,CE,Federal Contract Tower,0,20,43,0,63,0,26,96,0,122,0,46,139,0,185,96,0,96,281
06/11/2001,CGF,OH,AGL,CE,Federal Contract Tower,0,18,38,0,56,0,14,87,2,103,0,32,125,2,159,52,0,52,211
06/12/2001,CGF,OH,AGL,CE,Federal Contract Tower,0,23,50,0,73,0,22,104,0,126,0,45,154,0,199,56,0,56,255
06/13/2001,CGF,OH,AGL,CE,Federal Contract Tower,0,21,44,0,65,0,4,119,0,123,0,25,163,0,188,68,0,68,256
06/14/2001,CGF,OH,AGL,CE,Federal Contract Tower,0,24,50,0,74,0,2,124,2,128,0,26,174,2,202,100,0,100,302
06/15/2001,CGF,OH,AGL,CE,Federal Contract Tower,0,29,63,0,92,0,5,77,0,82,0,34,140,0,174,58,0,58,232
06/16/2001,CGF,OH,AGL,CE,Federal Contract Tower,0,11,27,0,38,0,10,93,0,103,0,21,120,0,141,74,0,74,215
06/17/2001,CGF,OH,AGL,CE,Federal Contract Tower,0,21,46,0,67,0,9,70,0,79,0,30,116,0,146,68,0,68,214
06/18/2001,CGF,OH,AGL,CE,Federal Contract Tower,0,22,51,0,73,0,0,86,0,86,0,22,137,0,159,70,0,70,229
06/19/2001,CGF,OH,AGL,CE,Federal Contract Tower,0,20,44,0,64,0,8,91,0,99,0,28,135,0,163,82,0,82,245
06/20/2001,CGF,OH,AGL,CE,Federal Contract Tower,0,20,44,0,64,0,17,101,0,118,0,37,145,0,182,50,0,50,232
06/21/2001,CGF,OH,AGL,CE,Federal Contract Tower,0,28,62,0,90,0,2,65,0,67,0,30,127,0,157,32,0,32,189
06/22/2001,CGF,OH,AGL,CE,Federal Contract Tower,0,21,49,0,70,0,0,60,0,60,0,21,109,0,130,48,0,48,178
06/23/2001,CGF,OH,AGL,CE,Federal Contract Tower,0,10,22,0,32,0,14,93,0,107,0,24,115,0,139,116,0,116,255
06/24/2001,CGF,OH,AGL,CE,Federal Contract Tower,0,26,59,0,85,0,22,151,0,173,0,48,210,0,258,134,0,134,392
06/25/2001,CGF,OH,AGL,CE,Federal Contract Tower,0,24,53,0,77,0,9,123,0,132,0,33,176,0,209,152,0,152,361
06/26/2001,CGF,OH,AGL,CE,Federal Contract Tower,0,21,48,0,69,0,14,136,0,150,0,35,184,0,219,116,0,116,335
06/27/2001,CGF,OH,AGL,CE,Federal Contract Tower,0,25,56,0,81,0,9,132,0,141,0,34,188,0,222,54,0,54,276
06/28/2001,CGF,OH,AGL,CE,Federal Contract Tower,0,36,79,0,115,0,14,150,0,164,0,50,229,0,279,136,0,136,415
06/29/2001,CGF,OH,AGL,CE,Federal Contract Tower,0,32,73,0,105,0,18,135,0,153,0,50,208,0,258,40,0,40,298
06/30/2001,CGF,OH,AGL,CE,Federal Contract Tower,0,16,38,0,54,0,24,87,0,111,0,40,125,0,165,28,0,28,193
07/01/2001,CGF,OH,AGL,CE,Federal Contract Tower,0,18,33,0,51,0,4,109,0,113,0,22,142,0,164,74,0,74,238
07/02/2001,CGF,OH,AGL,CE,Federal Contract Tower,0,19,35,0,54,0,2,136,0,138,0,21,171,0,192,112,0,112,304
07/03/2001,CGF,OH,AGL,CE,Federal Contract Tower,0,26,49,0,75,0,2,102,0,104,0,28,151,0,179,80,0,80,259
07/04/2001,CGF,OH,AGL,CE,Federal Contract Tower,0,11,21,0,32,0,11,53,0,64,0,22,74,0,96,30,0,30,126
07/05/2001,CGF,OH,AGL,CE,Federal Contract Tower,0,18,33,0,51,0,9,126,0,135,0,27,159,0,186,62,0,62,248
07/06/2001,CGF,OH,AGL,CE,Federal Contract Tower,0,22,41,0,63,0,14,159,0,173,0,36,200,0,236,54,0,54,290
07/07/2001,CGF,OH,AGL,CE,Federal Contract Tower,0,11,20,0,31,0,21,83,0,104,0,32,103,0,135,32,0,32,167
07/08/2001,CGF,OH,AGL,CE,Federal Contract Tower,0,18,34,0,52,0,10,70,0,80,0,28,104,0,132,70,0,70,202
07/09/2001,CGF,OH,AGL,CE,Federal Contract Tower,0,23,44,0,67,0,8,101,0,109,0,31,145,0,176,44,0,44,220
07/10/2001,CGF,OH,AGL,CE,Federal Contract Tower,0,20,38,0,58,0,18,84,0,102,0,38,122,0,160,66,0,66,226
07/11/2001,CGF,OH,AGL,CE,Federal Contract Tower,0,28,52,0,80,0,3,93,0,96,0,31,145,0,176,44,0,44,220
07/12/2001,CGF,OH,AGL,CE,Federal Contract Tower,0,29,55,0,84,0,17,159,0,176,0,46,214,0,260,78,0,78,338
07/13/2001,CGF,OH,AGL,CE,Federal Contract Tower,0,25,46,0,71,0,12,114,0,126,0,37,160,0,197,76,0,76,273
07/14/2001,CGF,OH,AGL,CE,Federal Contract Tower,0,12,22,0,34,0,22,128,0,150,0,34,150,0,184,104,0,104,288
07/15/2001,CGF,OH,AGL,CE,Federal Contract Tower,0,18,32,0,50,0,22,126,0,148,0,40,158,0,198,120,0,120,318
07/16/2001,CGF,OH,AGL,CE,Federal Contract Tower,0,25,46,0,71,0,16,106,2,124,0,41,152,2,195,58,0,58,253
07/17/2001,CGF,OH,AGL,CE,Federal Contract Tower,0,19,36,0,55,0,37,61,0,98,0,56,97,0,153,82,0,82,235
07/18/2001,CGF,OH,AGL,CE,Federal Contract Tower,0,28,51,0,79,0,15,55,0,70,0,43,106,0,149,14,0,14,163
07/19/2001,CGF,OH,AGL,CE,Federal Contract Tower,0,31,64,0,95,0,0,27,0,27,0,31,91,0,122,26,0,26,148
07/20/2001,CGF,OH,AGL,CE,Federal Contract Tower,0,27,54,0,81,0,12,70,2,84,0,39,124,2,165,92,0,92,257
07/21/2001,CGF,OH,AGL,CE,Federal Contract Tower,0,19,39,0,58,0,17,144,0,161,0,36,183,0,219,62,0,62,281
07/22/2001,CGF,OH,AGL,CE,Federal Contract Tower,0,22,45,0,67,0,15,84,0,99,0,37,129,0,166,60,0,60,226
07/23/2001,CGF,OH,AGL,CE,Federal Contract Tower,0,17,33,0,50,0,25,59,0,84,0,42,92,0,134,46,0,46,180
07/24/2001,CGF,OH,AGL,CE,Federal Contract Tower,0,21,42,0,63,0,3,46,0,49,0,24,88,0,112,50,0,50,162
07/25/2001,CGF,OH,AGL,CE,Federal Contract Tower,0,23,54,0,77,0,0,62,0,62,0,23,116,0,139,48,0,48,187
07/26/2001,CGF,OH,AGL,CE,Federal Contract Tower,0,32,63,0,95,0,17,117,0,134,0,49,180,0,229,62,0,62,291
07/27/2001,CGF,OH,AGL,CE,Federal Contract Tower,0,30,59,0,89,0,14,150,0,164,0,44,209,0,253,110,0,110,363
07/28/2001,CGF,OH,AGL,CE,Federal Contract Tower,0,14,29,0,43,0,13,68,0,81,0,27,97,0,124,42,0,42,166
07/29/2001,CGF,OH,AGL,CE,Federal Contract Tower,0,17,34,0,51,0,19,48,0,67,0,36,82,0,118,52,0,52,170
07/30/2001,CGF,OH,AGL,CE,Federal Contract Tower,0,23,46,0,69,0,26,105,0,131,0,49,151,0,200,72,0,72,272
07/31/2001,CGF,OH,AGL,CE,Federal Contract Tower,0,26,52,0,78,0,11,75,0,86,0,37,127,0,164,52,0,52,216
08/01/2001,CGF,OH,AGL,CE,Federal Contract Tower,0,22,46,0,68,0,5,94,0,99,0,27,140,0,167,34,0,34,201
08/02/2001,CGF,OH,AGL,CE,Federal Contract Tower,0,21,43,0,64,0,12,84,0,96,0,33,127,0,160,8,0,8,168
08/03/2001,CGF,OH,AGL,CE,Federal Contract Tower,0,26,56,0,82,0,13,56,1,70,0,39,112,1,152,40,0,40,192
08/04/2001,CGF,OH,AGL,CE,Federal Contract Tower,0,11,24,0,35,0,25,109,1,135,0,36,133,1,170,86,0,86,256
08/05/2001,CGF,OH,AGL,CE,Federal Contract Tower,0,17,35,0,52,0,18,90,0,108,0,35,125,0,160,82,0,82,242
08/06/2001,CGF,OH,AGL,CE,Federal Contract Tower,0,22,48,0,70,0,26,124,0,150,0,48,172,0,220,82,0,82,302
08/07/2001,CGF,OH,AGL,CE,Federal Contract Tower,0,21,44,0,65,0,20,149,0,169,0,41,193,0,234,56,0,56,290
08/08/2001,CGF,OH,AGL,CE,Federal Contract Tower,0,15,51,0,66,0,0,73,0,73,0,15,124,0,139,26,0,26,165
08/09/2001,CGF,OH,AGL,CE,Federal Contract Tower,0,25,54,0,79,0,20,30,0,50,0,45,84,0,129,20,0,20,149
08/10/2001,CGF,OH,AGL,CE,Federal Contract Tower,0,27,59,0,86,0,5,114,0,119,0,32,173,0,205,58,0,58,263
08/11/2001,CGF,OH,AGL,CE,Federal Contract Tower,0,10,20,0,30,0,27,126,0,153,0,37,146,0,183,92,0,92,275
08/12/2001,CGF,OH,AGL,CE,Federal Contract Tower,0,17,35,0,52,0,17,45,0,62,0,34,80,0,114,84,0,84,198
08/13/2001,CGF,OH,AGL,CE,Federal Contract Tower,0,18,37,0,55,0,13,45,0,58,0,31,82,0,113,62,0,62,175
08/14/2001,CGF,OH,AGL,CE,Federal Contract Tower,0,16,40,0,56,0,0,151,2,153,0,16,191,2,209,86,0,86,295
08/15/2001,CGF,OH,AGL,CE,Federal Contract Tower,0,20,43,0,63,0,11,111,0,122,0,31,154,0,185,68,0,68,253
08/16/2001,CGF,OH,AGL,CE,Federal Contract Tower,0,19,44,0,63,0,4,37,0,41,0,23,81,0,104,14,0,14,118
08/17/2001,CGF,OH,AGL,CE,Federal Contract Tower,0,18,42,0,60,0,0,79,0,79,0,18,121,0,139,0,0,0,139
08/18/2001,CGF,OH,AGL,CE,Federal Contract Tower,0,10,23,0,33,0,13,79,0,92,0,23,102,0,125,58,0,58,183
08/19/2001,CGF,OH,AGL,CE,Federal Contract Tower,0,16,37,0,53,0,21,64,0,85,0,37,101,0,138,34,0,34,172
08/20/2001,CGF,OH,AGL,CE,Federal Contract Tower,0,19,45,0,64,0,0,44,0,44,0,19,89,0,108,12,0,12,120
08/21/2001,CGF,OH,AGL,CE,Federal Contract Tower,0,19,43,0,62,0,2,122,0,124,0,21,165,0,186,68,0,68,254
08/22/2001,CGF,OH,AGL,CE,Federal Contract Tower,0,28,62,0,90,0,9,55,0,64,0,37,117,0,154,54,0,54,208
08/23/2001,CGF,OH,AGL,CE,Federal Contract Tower,0,26,58,0,84,0,17,24,0,41,0,43,82,0,125,0,0,0,125
08/24/2001,CGF,OH,AGL,CE,Federal Contract Tower,0,20,44,0,64,0,1,64,0,65,0,21,108,0,129,24,0,24,153
08/25/2001,CGF,OH,AGL,CE,Federal Contract Tower,0,9,22,0,31,0,15,98,0,113,0,24,120,0,144,156,0,156,300
08/26/2001,CGF,OH,AGL,CE,Federal Contract Tower,0,12,29,0,41,0,15,47,0,62,0,27,76,0,103,30,0,30,133
08/27/2001,CGF,OH,AGL,CE,Federal Contract Tower,0,18,41,0,59,0,2,109,0,111,0,20,150,0,170,54,0,54,224
08/28/2001,CGF,OH,AGL,CE,Federal Contract Tower,0,21,46,0,67,0,7,68,0,75,0,28,114,0,142,68,0,68,210
08/29/2001,CGF,OH,AGL,CE,Federal Contract Tower,0,25,57,0,82,0,6,198,0,204,0,31,255,0,286,204,0,204,490
08/30/2001,CGF,OH,AGL,CE,Federal Contract Tower,0,29,64,0,93,0,28,154,0,182,0,57,218,0,275,64,16,80,355
08/31/2001,CGF,OH,AGL,CE,Federal Contract Tower,0,21,46,0,67,0,10,21,0,31,0,31,67,0,98,24,0,24,122
09/01/2001,CGF,OH,AGL,CE,Federal Contract Tower,0,21,40,0,61,0,9,135,0,144,0,30,175,0,205,118,2,120,325
09/02/2001,CGF,OH,AGL,CE,Federal Contract Tower,0,14,24,0,38,0,5,119,6,130,0,19,143,6,168,62,0,62,230
09/03/2001,CGF,OH,AGL,CE,Federal Contract Tower,0,18,34,0,52,0,11,134,0,145,0,29,168,0,197,88,0,88,285
09/04/2001,CGF,OH,AGL,CE,Federal Contract Tower,0,24,44,0,68,0,3,100,0,103,0,27,144,0,171,124,0,124,295
09/05/2001,CGF,OH,AGL,CE,Federal Contract Tower,0,21,40,0,61,0,22,93,0,115,0,43,133,0,176,92,0,92,268
09/06/2001,CGF,OH,AGL,CE,Federal Contract Tower,0,20,37,0,57,0,6,109,0,115,0,26,146,0,172,86,0,86,258
09/07/2001,CGF,OH,AGL,CE,Federal Contract Tower,0,14,26,0,40,0,16,71,0,87,0,30,97,0,127,42,0,42,169
09/08/2001,CGF,OH,AGL,CE,Federal Contract Tower,0,16,29,0,45,0,0,53,2,55,0,16,82,2,100,42,0,42,142
09/09/2001,CGF,OH,AGL,CE,Federal Contract Tower,0,13,24,0,37,0,3,109,3,115,0,16,133,3,152,34,0,34,186
09/10/2001,CGF,OH,AGL,CE,Federal Contract Tower,0,23,42,0,65,0,17,94,0,111,0,40,136,0,176,56,0,56,232
09/11/2001,CGF,OH,AGL,CE,Federal Contract Tower,0,7,11,0,18,0,3,24,0,27,0,10,35,0,45,0,0,0,45
09/12/2001,CGF,OH,AGL,CE,Federal Contract Tower,0,0,0,0,0,0,0,0,0,0,0,0,0,0,0,0,0,0,0
09/13/2001,CGF,OH,AGL,CE,Federal Contract Tower,0,2,1,0,3,0,2,0,0,2,0,4,1,0,5,0,0,0,5
09/14/2001,CGF,OH,AGL,CE,Federal Contract Tower,0,5,6,0,11,0,5,0,0,5,0,10,6,0,16,0,0,0,16
09/15/2001,CGF,OH,AGL,CE,Federal Contract Tower,0,14,16,0,30,0,15,0,0,15,0,29,16,0,45,0,0,0,45
09/16/2001,CGF,OH,AGL,CE,Federal Contract Tower,0,12,22,0,34,0,4,0,0,4,0,16,22,0,38,0,0,0,38
09/17/2001,CGF,OH,AGL,CE,Federal Contract Tower,0,18,38,0,56,0,0,17,0,17,0,18,55,0,73,0,0,0,73
09/18/2001,CGF,OH,AGL,CE,Federal Contract Tower,0,29,53,0,82,0,6,23,0,29,0,35,76,0,111,0,0,0,111
09/19/2001,CGF,OH,AGL,CE,Federal Contract Tower,0,20,43,0,63,0,0,3,0,3,0,20,46,0,66,0,0,0,66
09/20/2001,CGF,OH,AGL,CE,Federal Contract Tower,0,28,56,0,84,0,1,5,0,6,0,29,61,0,90,0,0,0,90
09/21/2001,CGF,OH,AGL,CE,Federal Contract Tower,0,25,50,0,75,0,0,1,0,1,0,25,51,0,76,0,0,0,76
09/22/2001,CGF,OH,AGL,CE,Federal Contract Tower,0,16,33,0,49,0,24,29,0,53,0,40,62,0,102,8,0,8,110
09/23/2001,CGF,OH,AGL,CE,Federal Contract Tower,0,23,50,0,73,0,0,3,0,3,0,23,53,0,76,0,0,0,76
09/24/2001,CGF,OH,AGL,CE,Federal Contract Tower,0,26,50,0,76,0,2,0,0,2,0,28,50,0,78,0,0,0,78
09/25/2001,CGF,OH,AGL,CE,Federal Contract Tower,0,18,37,0,55,0,5,6,0,11,0,23,43,0,66,0,0,0,66
09/26/2001,CGF,OH,AGL,CE,Federal Contract Tower,0,17,35,0,52,0,15,27,0,42,0,32,62,0,94,0,0,0,94
09/27/2001,CGF,OH,AGL,CE,Federal Contract Tower,0,23,47,0,70,0,0,29,0,29,0,23,76,0,99,0,0,0,99
09/28/2001,CGF,OH,AGL,CE,Federal Contract Tower,0,24,48,0,72,0,2,19,0,21,0,26,67,0,93,34,0,34,127
09/29/2001,CGF,OH,AGL,CE,Federal Contract Tower,0,17,35,0,52,0,19,21,0,40,0,36,56,0,92,0,0,0,92
09/30/2001,CGF,OH,AGL,CE,Federal Contract Tower,0,24,48,0,72,0,3,26,0,29,0,27,74,0,101,30,0,30,131
10/01/2001,CGF,OH,AGL,CE,Federal Contract Tower,0,30,50,0,80,0,9,23,0,32,0,39,73,0,112,16,0,16,128
10/02/2001,CGF,OH,AGL,CE,Federal Contract Tower,0,22,37,0,59,0,10,15,0,25,0,32,52,0,84,18,0,18,102
10/03/2001,CGF,OH,AGL,CE,Federal Contract Tower,0,31,52,0,83,0,0,15,0,15,0,31,67,0,98,8,0,8,106
10/04/2001,CGF,OH,AGL,CE,Federal Contract Tower,0,38,64,0,102,0,2,18,0,20,0,40,82,0,122,0,0,0,122
10/05/2001,CGF,OH,AGL,CE,Federal Contract Tower,0,23,51,0,74,0,0,16,0,16,0,23,67,0,90,0,0,0,90
10/06/2001,CGF,OH,AGL,CE,Federal Contract Tower,0,13,22,0,35,0,14,10,0,24,0,27,32,0,59,22,0,22,81
10/07/2001,CGF,OH,AGL,CE,Federal Contract Tower,0,17,26,0,43,0,11,0,0,11,0,28,26,0,54,2,0,2,56
10/08/2001,CGF,OH,AGL,CE,Federal Contract Tower,0,35,59,0,94,0,5,16,0,21,0,40,75,0,115,10,2,12,127
10/09/2001,CGF,OH,AGL,CE,Federal Contract Tower,0,32,56,0,88,0,13,1,0,14,0,45,57,0,102,33,0,33,135
10/10/2001,CGF,OH,AGL,CE,Federal Contract Tower,0,28,54,0,82,0,0,23,0,23,0,28,77,0,105,38,0,38,143
10/11/2001,CGF,OH,AGL,CE,Federal Contract Tower,0,34,70,0,104,0,0,21,0,21,0,34,91,0,125,38,0,38,163
10/12/2001,CGF,OH,AGL,CE,Federal Contract Tower,0,31,54,0,85,0,0,7,0,7,0,31,61,0,92,0,0,0,92
10/13/2001,CGF,OH,AGL,CE,Federal Contract Tower,0,20,33,0,53,0,14,19,0,33,0,34,52,0,86,40,0,40,126
10/14/2001,CGF,OH,AGL,CE,Federal Contract Tower,0,18,31,0,49,0,1,14,0,15,0,19,45,0,64,0,0,0,64
10/15/2001,CGF,OH,AGL,CE,Federal Contract Tower,0,21,35,0,56,0,15,8,0,23,0,36,43,0,79,0,0,0,79
10/16/2001,CGF,OH,AGL,CE,Federal Contract Tower,0,23,39,0,62,0,8,0,0,8,0,31,39,0,70,0,0,0,70
10/17/2001,CGF,OH,AGL,CE,Federal Contract Tower,0,37,67,0,104,0,22,10,2,34,0,59,77,2,138,0,0,0,138
10/18/2001,CGF,OH,AGL,CE,Federal Contract Tower,0,32,58,0,90,0,10,80,0,90,0,42,138,0,180,70,0,70,250
10/19/2001,CGF,OH,AGL,CE,Federal Contract Tower,0,25,44,0,69,0,15,38,0,53,0,40,82,0,122,34,0,34,156
10/20/2001,CGF,OH,AGL,CE,Federal Contract Tower,0,17,31,0,48,0,23,82,0,105,0,40,113,0,153,96,0,96,249
10/21/2001,CGF,OH,AGL,CE,Federal Contract Tower,0,20,37,0,57,0,6,27,0,33,0,26,64,0,90,0,0,0,90
10/22/2001,CGF,OH,AGL,CE,Federal Contract Tower,0,23,42,0,65,0,11,39,0,50,0,34,81,0,115,38,0,38,153
10/23/2001,CGF,OH,AGL,CE,Federal Contract Tower,0,24,44,0,68,0,2,20,0,22,0,26,64,0,90,0,0,0,90
10/24/2001,CGF,OH,AGL,CE,Federal Contract Tower,0,30,53,0,83,0,4,50,0,54,0,34,103,0,137,62,0,62,199
10/25/2001,CGF,OH,AGL,CE,Federal Contract Tower,0,28,41,0,69,0,20,0,0,20,0,48,41,0,89,0,0,0,89
10/26/2001,CGF,OH,AGL,CE,Federal Contract Tower,0,18,31,0,49,0,9,0,0,9,0,27,31,0,58,0,0,0,58
10/27/2001,CGF,OH,AGL,CE,Federal Contract Tower,0,10,20,0,30,0,19,2,0,21,0,29,22,0,51,0,0,0,51
10/28/2001,CGF,OH,AGL,CE,Federal Contract Tower,0,17,31,0,48,0,21,47,0,68,0,38,78,0,116,46,0,46,162
10/29/2001,CGF,OH,AGL,CE,Federal Contract Tower,0,19,35,0,54,0,8,65,0,73,0,27,100,0,127,72,0,72,199
10/30/2001,CGF,OH,AGL,CE,Federal Contract Tower,0,28,50,0,78,0,16,69,2,87,0,44,119,2,165,76,0,76,241
10/31/2001,CGF,OH,AGL,CE,Federal Contract Tower,0,22,40,0,62,0,12,60,0,72,0,34,100,0,134,72,0,72,206
11/01/2001,CGF,OH,AGL,CE,Federal Contract Tower,0,29,43,0,72,0,6,55,0,61,0,35,98,0,133,52,0,52,185
11/02/2001,CGF,OH,AGL,CE,Federal Contract Tower,0,25,36,0,61,0,16,2,0,18,0,41,38,0,79,6,6,12,91
11/03/2001,CGF,OH,AGL,CE,Federal Contract Tower,0,19,27,0,46,0,9,99,0,108,0,28,126,0,154,72,0,72,226
11/04/2001,CGF,OH,AGL,CE,Federal Contract Tower,0,25,38,0,63,0,13,63,0,76,0,38,101,0,139,62,0,62,201
11/05/2001,CGF,OH,AGL,CE,Federal Contract Tower,0,25,37,0,62,0,18,60,0,78,0,43,97,0,140,76,0,76,216
11/06/2001,CGF,OH,AGL,CE,Federal Contract Tower,0,29,52,0,81,0,0,60,2,62,0,29,112,2,143,92,0,92,235
11/07/2001,CGF,OH,AGL,CE,Federal Contract Tower,0,32,48,0,80,0,5,47,0,52,0,37,95,0,132,48,0,48,180
11/08/2001,CGF,OH,AGL,CE,Federal Contract Tower,0,30,44,0,74,0,19,23,0,42,0,49,67,0,116,16,0,16,132
11/09/2001,CGF,OH,AGL,CE,Federal Contract Tower,0,35,52,0,87,0,2,50,0,52,0,37,102,0,139,20,0,20,159
11/10/2001,CGF,OH,AGL,CE,Federal Contract Tower,0,16,23,0,39,0,20,66,0,86,0,36,89,0,125,70,0,70,195
11/11/2001,CGF,OH,AGL,CE,Federal Contract Tower,0,18,26,0,44,0,10,36,0,46,0,28,62,0,90,66,0,66,156
11/12/2001,CGF,OH,AGL,CE,Federal Contract Tower,0,27,41,0,68,0,5,57,0,62,0,32,98,0,130,72,0,72,202
11/13/2001,CGF,OH,AGL,CE,Federal Contract Tower,0,36,55,0,91,0,1,65,0,66,0,37,120,0,157,58,0,58,215
11/14/2001,CGF,OH,AGL,CE,Federal Contract Tower,0,34,52,0,86,0,0,56,0,56,0,34,108,0,142,44,0,44,186
11/15/2001,CGF,OH,AGL,CE,Federal Contract Tower,0,30,45,0,75,0,23,52,0,75,0,53,97,0,150,76,0,76,226
11/16/2001,CGF,OH,AGL,CE,Federal Contract Tower,0,26,41,0,67,0,0,11,0,11,0,26,52,0,78,20,0,20,98
11/17/2001,CGF,OH,AGL,CE,Federal Contract Tower,0,23,37,0,60,0,17,23,0,40,0,40,60,0,100,44,0,44,144
11/18/2001,CGF,OH,AGL,CE,Federal Contract Tower,0,26,42,0,68,0,28,74,0,102,0,54,116,0,170,106,0,106,276
11/19/2001,CGF,OH,AGL,CE,Federal Contract Tower,0,32,49,0,81,0,0,12,0,12,0,32,61,0,93,0,0,0,93
11/20/2001,CGF,OH,AGL,CE,Federal Contract Tower,0,31,49,0,80,0,25,11,0,36,0,56,60,0,116,0,0,0,116
11/21/2001,CGF,OH,AGL,CE,Federal Contract Tower,0,34,54,0,88,0,19,73,0,92,0,53,127,0,180,80,0,80,260
11/22/2001,CGF,OH,AGL,CE,Federal Contract Tower,0,9,16,0,25,0,13,53,0,66,0,22,69,0,91,66,0,66,157
11/23/2001,CGF,OH,AGL,CE,Federal Contract Tower,0,16,26,0,42,0,21,113,0,134,0,37,139,0,176,64,0,64,240
11/24/2001,CGF,OH,AGL,CE,Federal Contract Tower,0,17,28,0,45,0,23,35,0,58,0,40,63,0,103,56,0,56,159
11/25/2001,CGF,OH,AGL,CE,Federal Contract Tower,0,27,42,0,69,0,17,14,0,31,0,44,56,0,100,0,0,0,100
11/26/2001,CGF,OH,AGL,CE,Federal Contract Tower,0,30,48,0,78,0,4,56,0,60,0,34,104,0,138,38,0,38,176
11/27/2001,CGF,OH,AGL,CE,Federal Contract Tower,0,29,46,0,75,0,2,18,0,20,0,31,64,0,95,0,0,0,95
11/28/2001,CGF,OH,AGL,CE,Federal Contract Tower,0,23,52,0,75,0,0,11,0,11,0,23,63,0,86,0,0,0,86
11/29/2001,CGF,OH,AGL,CE,Federal Contract Tower,0,28,47,0,75,0,0,6,0,6,0,28,53,0,81,0,0,0,81
11/30/2001,CGF,OH,AGL,CE,Federal Contract Tower,0,31,48,0,79,0,11,19,0,30,0,42,67,0,109,24,0,24,133
12/01/2001,CGF,OH,AGL,CE,Federal Contract Tower,0,20,25,0,45,0,20,33,0,53,0,40,58,0,98,42,0,42,140
12/02/2001,CGF,OH,AGL,CE,Federal Contract Tower,0,30,36,0,66,0,16,98,0,114,0,46,134,0,180,82,0,82,262
12/03/2001,CGF,OH,AGL,CE,Federal Contract Tower,0,18,30,0,48,0,0,111,0,111,0,18,141,0,159,36,0,36,195
12/04/2001,CGF,OH,AGL,CE,Federal Contract Tower,0,40,48,0,88,0,3,54,0,57,0,43,102,0,145,24,0,24,169
12/05/2001,CGF,OH,AGL,CE,Federal Contract Tower,0,38,47,0,85,0,9,77,0,86,0,47,124,0,171,44,0,44,215
12/06/2001,CGF,OH,AGL,CE,Federal Contract Tower,0,29,35,0,64,0,12,31,0,43,0,41,66,0,107,40,0,40,147
12/07/2001,CGF,OH,AGL,CE,Federal Contract Tower,0,32,45,0,77,0,0,61,0,61,0,32,106,0,138,88,0,88,226
12/08/2001,CGF,OH,AGL,CE,Federal Contract Tower,0,16,18,0,34,0,10,65,0,75,0,26,83,0,109,60,0,60,169
12/09/2001,CGF,OH,AGL,CE,Federal Contract Tower,0,24,28,0,52,0,20,43,0,63,0,44,71,0,115,38,0,38,153
12/10/2001,CGF,OH,AGL,CE,Federal Contract Tower,0,40,48,0,88,0,7,73,0,80,0,47,121,0,168,44,0,44,212
12/11/2001,CGF,OH,AGL,CE,Federal Contract Tower,0,36,44,0,80,0,9,57,0,66,0,45,101,0,146,12,0,12,158
12/12/2001,CGF,OH,AGL,CE,Federal Contract Tower,0,37,49,0,86,0,0,46,0,46,0,37,95,0,132,6,0,6,138
12/13/2001,CGF,OH,AGL,CE,Federal Contract Tower,0,29,44,0,73,0,0,30,0,30,0,29,74,0,103,0,0,0,103
12/14/2001,CGF,OH,AGL,CE,Federal Contract Tower,0,25,32,0,57,0,1,13,0,14,0,26,45,0,71,0,0,0,71
12/15/2001,CGF,OH,AGL,CE,Federal Contract Tower,0,18,23,0,41,0,11,66,0,77,0,29,89,0,118,54,0,54,172
12/16/2001,CGF,OH,AGL,CE,Federal Contract Tower,0,23,30,0,53,0,14,50,0,64,0,37,80,0,117,72,0,72,189
12/17/2001,CGF,OH,AGL,CE,Federal Contract Tower,0,31,34,0,65,0,6,0,0,6,0,37,34,0,71,0,0,0,71
12/18/2001,CGF,OH,AGL,CE,Federal Contract Tower,0,38,49,0,87,0,0,31,0,31,0,38,80,0,118,0,0,0,118
12/19/2001,CGF,OH,AGL,CE,Federal Contract Tower,0,30,39,0,69,0,19,63,0,82,0,49,102,0,151,22,0,22,173
12/20/2001,CGF,OH,AGL,CE,Federal Contract Tower,0,27,36,0,63,0,19,14,0,33,0,46,50,0,96,0,0,0,96
12/21/2001,CGF,OH,AGL,CE,Federal Contract Tower,0,30,38,0,68,0,22,81,0,103,0,52,119,0,171,22,0,22,193
12/22/2001,CGF,OH,AGL,CE,Federal Contract Tower,0,19,24,0,43,0,21,71,0,92,0,40,95,0,135,26,0,26,161
12/23/2001,CGF,OH,AGL,CE,Federal Contract Tower,0,15,18,0,33,0,11,0,0,11,0,26,18,0,44,0,0,0,44
12/24/2001,CGF,OH,AGL,CE,Federal Contract Tower,0,7,6,0,13,0,12,0,0,12,0,19,6,0,25,0,0,0,25
12/25/2001,CGF,OH,AGL,CE,Federal Contract Tower,0,6,9,0,15,0,7,3,0,10,0,13,12,0,25,4,0,4,29
12/26/2001,CGF,OH,AGL,CE,Federal Contract Tower,0,21,27,0,48,0,5,39,0,44,0,26,66,0,92,6,0,6,98
12/27/2001,CGF,OH,AGL,CE,Federal Contract Tower,0,14,18,0,32,0,3,5,0,8,0,17,23,0,40,0,0,0,40
12/28/2001,CGF,OH,AGL,CE,Federal Contract Tower,0,14,18,0,32,0,3,15,0,18,0,17,33,0,50,0,0,0,50
12/29/2001,CGF,OH,AGL,CE,Federal Contract Tower,0,11,19,0,30,0,0,4,0,4,0,11,23,0,34,0,0,0,34
12/30/2001,CGF,OH,AGL,CE,Federal Contract Tower,0,13,18,0,31,0,18,18,0,36,0,31,36,0,67,0,0,0,67
12/31/2001,CGF,OH,AGL,CE,Federal Contract Tower,0,12,16,0,28,0,5,6,0,11,0,17,22,0,39,0,0,0,39
01/01/2002,CGF,OH,AGL,CE,Federal Contract Tower,0,19,25,0,44,0,21,0,0,21,0,40,25,0,65,0,0,0,65
01/02/2002,CGF,OH,AGL,CE,Federal Contract Tower,0,15,20,0,35,0,11,28,0,39,0,26,48,0,74,4,0,4,78
01/03/2002,CGF,OH,AGL,CE,Federal Contract Tower,0,27,35,0,62,0,13,55,0,68,0,40,90,0,130,36,0,36,166
01/04/2002,CGF,OH,AGL,CE,Federal Contract Tower,0,20,25,0,45,0,11,62,0,73,0,31,87,0,118,16,0,16,134
01/05/2002,CGF,OH,AGL,CE,Federal Contract Tower,0,17,22,0,39,0,12,83,0,95,0,29,105,0,134,42,0,42,176
01/06/2002,CGF,OH,AGL,CE,Federal Contract Tower,0,13,13,0,26,0,3,0,0,3,0,16,13,0,29,0,0,0,29
01/07/2002,CGF,OH,AGL,CE,Federal Contract Tower,0,20,27,0,47,0,11,8,0,19,0,31,35,0,66,0,0,0,66
01/08/2002,CGF,OH,AGL,CE,Federal Contract Tower,0,26,34,0,60,0,13,35,0,48,0,39,69,0,108,0,0,0,108
01/09/2002,CGF,OH,AGL,CE,Federal Contract Tower,0,19,25,0,44,0,7,49,0,56,0,26,74,0,100,14,0,14,114
01/10/2002,CGF,OH,AGL,CE,Federal Contract Tower,0,20,28,0,48,0,4,33,0,37,0,24,61,0,85,62,0,62,147
01/11/2002,CGF,OH,AGL,CE,Federal Contract Tower,0,23,32,0,55,0,5,32,0,37,0,28,64,0,92,0,0,0,92
01/12/2002,CGF,OH,AGL,CE,Federal Contract Tower,0,13,19,0,32,0,16,74,0,90,0,29,93,0,122,60,0,60,182
01/13/2002,CGF,OH,AGL,CE,Federal Contract Tower,0,20,28,0,48,0,22,35,0,57,0,42,63,0,105,12,0,12,117
01/14/2002,CGF,OH,AGL,CE,Federal Contract Tower,0,26,35,0,61,0,11,54,0,65,0,37,89,0,126,24,0,24,150
01/15/2002,CGF,OH,AGL,CE,Federal Contract Tower,0,30,42,0,72,0,10,10,0,20,0,40,52,0,92,0,0,0,92
01/16/2002,CGF,OH,AGL,CE,Federal Contract Tower,0,31,43,1,75,0,1,45,1,47,0,32,88,2,122,24,0,24,146
01/17/2002,CGF,OH,AGL,CE,Federal Contract Tower,0,30,42,0,72,0,9,39,0,48,0,39,81,0,120,0,0,0,120
01/18/2002,CGF,OH,AGL,CE,Federal Contract Tower,0,32,44,0,76,0,8,62,2,72,0,40,106,2,148,16,0,16,164
01/19/2002,CGF,OH,AGL,CE,Federal Contract Tower,0,17,24,0,41,0,17,28,0,45,0,34,52,0,86,72,0,72,158
01/20/2002,CGF,OH,AGL,CE,Federal Contract Tower,0,16,23,0,39,0,7,83,0,90,0,23,106,0,129,80,0,80,209
01/21/2002,CGF,OH,AGL,CE,Federal Contract Tower,0,25,37,0,62,0,0,23,0,23,0,25,60,0,85,0,0,0,85
01/22/2002,CGF,OH,AGL,CE,Federal Contract Tower,0,22,41,0,63,0,0,116,2,118,0,22,157,2,181,38,0,38,219
01/23/2002,CGF,OH,AGL,CE,Federal Contract Tower,0,30,48,0,78,0,0,39,0,39,0,30,87,0,117,26,0,26,143
01/24/2002,CGF,OH,AGL,CE,Federal Contract Tower,0,28,40,0,68,0,1,1,0,2,0,29,41,0,70,0,0,0,70
01/25/2002,CGF,OH,AGL,CE,Federal Contract Tower,0,27,39,0,66,0,10,60,0,70,0,37,99,0,136,46,0,46,182
01/26/2002,CGF,OH,AGL,CE,Federal Contract Tower,0,16,22,0,38,0,18,87,0,105,0,34,109,0,143,52,0,52,195
01/27/2002,CGF,OH,AGL,CE,Federal Contract Tower,0,24,34,0,58,0,16,79,0,95,0,40,113,0,153,42,0,42,195
01/28/2002,CGF,OH,AGL,CE,Federal Contract Tower,0,24,39,0,63,0,0,103,0,103,0,24,142,0,166,44,0,44,210
01/29/2002,CGF,OH,AGL,CE,Federal Contract Tower,0,29,41,0,70,0,2,28,0,30,0,31,69,0,100,0,0,0,100
01/30/2002,CGF,OH,AGL,CE,Federal Contract Tower,0,19,28,0,47,0,1,0,0,1,0,20,28,0,48,0,0,0,48
01/31/2002,CGF,OH,AGL,CE,Federal Contract Tower,0,25,28,0,53,0,7,0,0,7,0,32,28,0,60,0,0,0,60
02/01/2002,CGF,OH,AGL,CE,Federal Contract Tower,0,17,24,0,41,0,12,20,0,32,0,29,44,0,73,0,0,0,73
02/02/2002,CGF,OH,AGL,CE,Federal Contract Tower,0,11,14,0,25,0,7,68,0,75,0,18,82,0,100,28,0,28,128
02/03/2002,CGF,OH,AGL,CE,Federal Contract Tower,0,12,16,0,28,0,14,67,0,81,0,26,83,0,109,58,0,58,167
02/04/2002,CGF,OH,AGL,CE,Federal Contract Tower,0,18,35,0,53,0,0,9,0,9,0,18,44,0,62,0,0,0,62
02/05/2002,CGF,OH,AGL,CE,Federal Contract Tower,0,28,40,0,68,0,5,52,0,57,0,33,92,0,125,30,0,30,155
02/06/2002,CGF,OH,AGL,CE,Federal Contract Tower,0,41,60,0,101,0,16,46,0,62,0,57,106,0,163,8,0,8,171
02/07/2002,CGF,OH,AGL,CE,Federal Contract Tower,0,27,40,0,67,0,14,72,0,86,0,41,112,0,153,92,0,92,245
02/08/2002,CGF,OH,AGL,CE,Federal Contract Tower,0,20,29,0,49,0,26,69,0,95,0,46,98,0,144,60,0,60,204
02/09/2002,CGF,OH,AGL,CE,Federal Contract Tower,0,15,22,0,37,0,6,131,0,137,0,21,153,0,174,82,0,82,256
02/10/2002,CGF,OH,AGL,CE,Federal Contract Tower,0,17,23,0,40,0,11,21,0,32,0,28,44,0,72,0,0,0,72
02/11/2002,CGF,OH,AGL,CE,Federal Contract Tower,0,19,26,0,45,0,8,28,2,38,0,27,54,2,83,16,0,16,99
02/12/2002,CGF,OH,AGL,CE,Federal Contract Tower,0,22,38,0,60,0,0,32,0,32,0,22,70,0,92,18,0,18,110
02/13/2002,CGF,OH,AGL,CE,Federal Contract Tower,0,27,40,0,67,0,2,53,2,57,0,29,93,2,124,60,0,60,184
02/14/2002,CGF,OH,AGL,CE,Federal Contract Tower,0,28,45,0,73,0,0,53,0,53,0,28,98,0,126,70,0,70,196
02/15/2002,CGF,OH,AGL,CE,Federal Contract Tower,0,21,32,0,53,0,2,19,0,21,0,23,51,0,74,12,0,12,86
02/16/2002,CGF,OH,AGL,CE,Federal Contract Tower,0,13,21,0,34,0,1,14,0,15,0,14,35,0,49,10,0,10,59
02/17/2002,CGF,OH,AGL,CE,Federal Contract Tower,0,13,20,0,33,0,4,2,0,6,0,17,22,0,39,0,0,0,39
02/18/2002,CGF,OH,AGL,CE,Federal Contract Tower,0,25,42,0,67,0,0,68,0,68,0,25,110,0,135,30,0,30,165
02/19/2002,CGF,OH,AGL,CE,Federal Contract Tower,0,38,57,0,95,0,10,47,0,57,0,48,104,0,152,54,0,54,206
02/20/2002,CGF,OH,AGL,CE,Federal Contract Tower,0,31,47,0,78,0,16,9,0,25,0,47,56,0,103,22,0,22,125
02/21/2002,CGF,OH,AGL,CE,Federal Contract Tower,0,25,39,0,64,0,0,17,0,17,0,25,56,0,81,0,0,0,81
02/22/2002,CGF,OH,AGL,CE,Federal Contract Tower,0,24,38,0,62,0,10,35,0,45,0,34,73,0,107,0,0,0,107
02/23/2002,CGF,OH,AGL,CE,Federal Contract Tower,0,16,25,0,41,0,29,94,0,123,0,45,119,0,164,122,0,122,286
02/24/2002,CGF,OH,AGL,CE,Federal Contract Tower,0,24,36,0,60,0,12,66,0,78,0,36,102,0,138,20,0,20,158
02/25/2002,CGF,OH,AGL,CE,Federal Contract Tower,0,25,38,0,63,0,5,14,0,19,0,30,52,0,82,0,0,0,82
02/26/2002,CGF,OH,AGL,CE,Federal Contract Tower,0,26,39,0,65,0,7,88,0,95,0,33,127,0,160,102,0,102,262
02/27/2002,CGF,OH,AGL,CE,Federal Contract Tower,0,22,41,0,63,0,0,12,0,12,0,22,53,0,75,0,0,0,75
02/28/2002,CGF,OH,AGL,CE,Federal Contract Tower,0,33,51,0,84,0,3,57,0,60,0,36,108,0,144,26,0,26,170
03/01/2002,CGF,OH,AGL,CE,Federal Contract Tower,0,35,45,0,80,0,3,72,0,75,0,38,117,0,155,60,0,60,215
03/02/2002,CGF,OH,AGL,CE,Federal Contract Tower,0,8,11,0,19,0,0,39,0,39,0,8,50,0,58,32,0,32,90
03/03/2002,CGF,OH,AGL,CE,Federal Contract Tower,0,16,11,0,27,0,9,0,0,9,0,25,11,0,36,0,0,0,36
03/04/2002,CGF,OH,AGL,CE,Federal Contract Tower,0,22,27,0,49,0,22,10,0,32,0,44,37,0,81,0,0,0,81
03/05/2002,CGF,OH,AGL,CE,Federal Contract Tower,0,21,33,0,54,0,0,18,0,18,0,21,51,0,72,8,0,8,80
03/06/2002,CGF,OH,AGL,CE,Federal Contract Tower,0,32,41,0,73,0,12,63,0,75,0,44,104,0,148,44,0,44,192
03/07/2002,CGF,OH,AGL,CE,Federal Contract Tower,0,35,44,0,79,0,1,35,0,36,0,36,79,0,115,26,0,26,141
03/08/2002,CGF,OH,AGL,CE,Federal Contract Tower,0,30,38,0,68,0,1,42,0,43,0,31,80,0,111,26,0,26,137
03/09/2002,CGF,OH,AGL,CE,Federal Contract Tower,0,12,16,0,28,0,0,2,0,2,0,12,18,0,30,2,0,2,32
03/10/2002,CGF,OH,AGL,CE,Federal Contract Tower,0,18,15,0,33,0,16,0,0,16,0,34,15,0,49,0,0,0,49
03/11/2002,CGF,OH,AGL,CE,Federal Contract Tower,0,39,49,0,88,0,13,70,0,83,0,52,119,0,171,64,0,64,235
03/12/2002,CGF,OH,AGL,CE,Federal Contract Tower,0,30,38,0,68,0,18,25,2,45,0,48,63,2,113,40,0,40,153
03/13/2002,CGF,OH,AGL,CE,Federal Contract Tower,0,36,45,0,81,0,6,109,0,115,0,42,154,0,196,52,0,52,248
03/14/2002,CGF,OH,AGL,CE,Federal Contract Tower,0,33,43,0,76,0,16,85,0,101,0,49,128,0,177,42,0,42,219
03/15/2002,CGF,OH,AGL,CE,Federal Contract Tower,0,29,37,0,66,0,0,50,0,50,0,29,87,0,116,30,0,30,146
03/16/2002,CGF,OH,AGL,CE,Federal Contract Tower,0,18,25,0,43,0,4,51,0,55,0,22,76,0,98,62,0,62,160
03/17/2002,CGF,OH,AGL,CE,Federal Contract Tower,0,25,33,0,58,0,9,60,0,69,0,34,93,0,127,30,0,30,157
03/18/2002,CGF,OH,AGL,CE,Federal Contract Tower,0,26,34,0,60,0,8,25,0,33,0,34,59,0,93,0,0,0,93
03/19/2002,CGF,OH,AGL,CE,Federal Contract Tower,0,26,34,0,60,0,14,65,0,79,0,40,99,0,139,68,0,68,207
03/20/2002,CGF,OH,AGL,CE,Federal Contract Tower,0,26,41,0,67,0,0,13,0,13,0,26,54,0,80,0,0,0,80
03/21/2002,CGF,OH,AGL,CE,Federal Contract Tower,0,22,30,0,52,0,14,12,0,26,0,36,42,0,78,0,0,0,78
03/22/2002,CGF,OH,AGL,CE,Federal Contract Tower,0,13,19,0,32,0,5,15,0,20,0,18,34,0,52,0,0,0,52
03/23/2002,CGF,OH,AGL,CE,Federal Contract Tower,0,17,23,0,40,0,4,33,0,37,0,21,56,0,77,2,0,2,79
03/24/2002,CGF,OH,AGL,CE,Federal Contract Tower,0,16,23,0,39,0,1,26,0,27,0,17,49,0,66,38,0,38,104
03/25/2002,CGF,OH,AGL,CE,Federal Contract Tower,0,11,12,0,23,0,8,0,0,8,0,19,12,0,31,0,0,0,31
03/26/2002,CGF,OH,AGL,CE,Federal Contract Tower,0,10,18,0,28,0,0,4,0,4,0,10,22,0,32,0,0,0,32
03/27/2002,CGF,OH,AGL,CE,Federal Contract Tower,0,34,45,0,79,0,18,59,0,77,0,52,104,0,156,62,0,62,218
03/28/2002,CGF,OH,AGL,CE,Federal Contract Tower,0,34,46,0,80,0,7,82,0,89,0,41,128,0,169,106,0,106,275
03/29/2002,CGF,OH,AGL,CE,Federal Contract Tower,0,19,27,0,46,0,7,42,0,49,0,26,69,0,95,14,0,14,109
03/30/2002,CGF,OH,AGL,CE,Federal Contract Tower,0,24,33,0,57,0,5,67,0,72,0,29,100,0,129,88,0,88,217
03/31/2002,CGF,OH,AGL,CE,Federal Contract Tower,0,21,28,0,49,0,11,19,0,30,0,32,47,0,79,22,0,22,101
04/01/2002,CGF,OH,AGL,CE,Federal Contract Tower,0,30,38,0,68,0,11,21,0,32,0,41,59,0,100,42,0,42,142
04/02/2002,CGF,OH,AGL,CE,Federal Contract Tower,0,28,36,0,64,0,18,18,0,36,0,46,54,0,100,20,0,20,120
04/03/2002,CGF,OH,AGL,CE,Federal Contract Tower,0,25,32,0,57,0,3,40,0,43,0,28,72,0,100,0,0,0,100
04/04/2002,CGF,OH,AGL,CE,Federal Contract Tower,0,21,28,0,49,0,7,58,0,65,0,28,86,0,114,76,0,76,190
04/05/2002,CGF,OH,AGL,CE,Federal Contract Tower,0,19,32,0,51,0,0,15,0,15,0,19,47,0,66,0,0,0,66
04/06/2002,CGF,OH,AGL,CE,Federal Contract Tower,0,32,26,0,58,0,10,88,0,98,0,42,114,0,156,84,0,84,240
04/07/2002,CGF,OH,AGL,CE,Federal Contract Tower,0,40,41,0,81,0,1,110,0,111,0,41,151,0,192,104,0,104,296
04/08/2002,CGF,OH,AGL,CE,Federal Contract Tower,0,27,34,0,61,0,5,102,0,107,0,32,136,0,168,6,0,6,174
04/09/2002,CGF,OH,AGL,CE,Federal Contract Tower,0,33,42,0,75,0,0,9,0,9,0,33,51,0,84,84,0,84,168
04/10/2002,CGF,OH,AGL,CE,Federal Contract Tower,0,42,49,0,91,0,3,143,0,146,0,45,192,0,237,116,0,116,353
04/11/2002,CGF,OH,AGL,CE,Federal Contract Tower,0,28,47,0,75,0,16,126,0,142,0,44,173,0,217,116,0,116,333
04/12/2002,CGF,OH,AGL,CE,Federal Contract Tower,0,28,34,0,62,0,8,46,4,58,0,36,80,4,120,22,0,22,142
04/13/2002,CGF,OH,AGL,CE,Federal Contract Tower,0,22,24,0,46,0,11,0,0,11,0,33,24,0,57,0,0,0,57
04/14/2002,CGF,OH,AGL,CE,Federal Contract Tower,0,34,23,0,57,0,2,19,0,21,0,36,42,0,78,10,0,10,88
04/15/2002,CGF,OH,AGL,CE,Federal Contract Tower,0,35,36,0,71,0,5,33,0,38,0,40,69,0,109,60,0,60,169
04/16/2002,CGF,OH,AGL,CE,Federal Contract Tower,0,35,41,0,76,0,5,59,0,64,0,40,100,0,140,114,0,114,254
04/17/2002,CGF,OH,AGL,CE,Federal Contract Tower,0,36,42,0,78,0,11,83,0,94,0,47,125,0,172,72,0,72,244
04/18/2002,CGF,OH,AGL,CE,Federal Contract Tower,0,38,44,0,82,0,9,94,0,103,0,47,138,0,185,116,0,116,301
04/19/2002,CGF,OH,AGL,CE,Federal Contract Tower,0,24,35,0,59,0,13,49,0,62,0,37,84,0,121,54,0,54,175
04/20/2002,CGF,OH,AGL,CE,Federal Contract Tower,0,22,32,0,54,0,15,46,0,61,0,37,78,0,115,115,0,115,230
04/21/2002,CGF,OH,AGL,CE,Federal Contract Tower,0,21,26,0,47,0,12,46,0,58,0,33,72,0,105,38,0,38,143
04/22/2002,CGF,OH,AGL,CE,Federal Contract Tower,0,24,30,0,54,0,10,8,0,18,0,34,38,0,72,24,0,24,96
04/23/2002,CGF,OH,AGL,CE,Federal Contract Tower,0,35,33,0,68,0,8,71,0,79,0,43,104,0,147,106,0,106,253
04/24/2002,CGF,OH,AGL,CE,Federal Contract Tower,0,41,49,0,90,0,7,94,0,101,0,48,143,0,191,74,0,74,265
04/25/2002,CGF,OH,AGL,CE,Federal Contract Tower,0,38,37,0,75,0,9,45,0,54,0,47,82,0,129,18,0,18,147
04/26/2002,CGF,OH,AGL,CE,Federal Contract Tower,0,30,41,0,71,0,0,112,0,112,0,30,153,0,183,138,0,138,321
04/27/2002,CGF,OH,AGL,CE,Federal Contract Tower,0,18,21,0,39,0,9,83,0,92,0,27,104,0,131,54,0,54,185
04/28/2002,CGF,OH,AGL,CE,Federal Contract Tower,0,25,18,0,43,0,9,24,0,33,0,34,42,0,76,0,0,0,76
04/29/2002,CGF,OH,AGL,CE,Federal Contract Tower,0,35,43,0,78,0,0,27,0,27,0,35,70,0,105,52,0,52,157
04/30/2002,CGF,OH,AGL,CE,Federal Contract Tower,0,30,36,0,66,0,4,64,0,68,0,34,100,0,134,84,0,84,218
05/01/2002,CGF,OH,AGL,CE,Federal Contract Tower,0,35,51,0,86,0,7,99,0,106,0,42,150,0,192,68,0,68,260
05/02/2002,CGF,OH,AGL,CE,Federal Contract Tower,0,40,58,0,98,0,4,53,0,57,0,44,111,0,155,32,0,32,187
05/03/2002,CGF,OH,AGL,CE,Federal Contract Tower,0,32,43,0,75,0,6,104,0,110,0,38,147,0,185,98,0,98,283
05/04/2002,CGF,OH,AGL,CE,Federal Contract Tower,0,14,20,0,34,0,13,122,0,135,0,27,142,0,169,98,0,98,267
05/05/2002,CGF,OH,AGL,CE,Federal Contract Tower,0,32,44,0,76,0,3,117,2,122,0,35,161,2,198,90,0,90,288
05/06/2002,CGF,OH,AGL,CE,Federal Contract Tower,0,30,47,0,77,0,7,57,0,64,0,37,104,0,141,42,0,42,183
05/07/2002,CGF,OH,AGL,CE,Federal Contract Tower,0,44,48,0,92,0,0,14,0,14,0,44,62,0,106,2,0,2,108
05/08/2002,CGF,OH,AGL,CE,Federal Contract Tower,0,41,47,0,88,0,6,65,0,71,0,47,112,0,159,40,0,40,199
05/09/2002,CGF,OH,AGL,CE,Federal Contract Tower,0,29,41,0,70,0,20,44,0,64,0,49,85,0,134,14,0,14,148
05/10/2002,CGF,OH,AGL,CE,Federal Contract Tower,0,36,50,0,86,0,21,70,0,91,0,57,120,0,177,28,0,28,205
05/11/2002,CGF,OH,AGL,CE,Federal Contract Tower,0,27,37,0,64,0,13,93,0,106,0,40,130,0,170,86,0,86,256
05/12/2002,CGF,OH,AGL,CE,Federal Contract Tower,0,20,27,0,47,0,11,23,0,34,0,31,50,0,81,6,0,6,87
05/13/2002,CGF,OH,AGL,CE,Federal Contract Tower,0,23,22,0,45,0,0,7,0,7,0,23,29,0,52,0,0,0,52
05/14/2002,CGF,OH,AGL,CE,Federal Contract Tower,0,44,59,0,103,0,7,48,0,55,0,51,107,0,158,38,0,38,196
05/15/2002,CGF,OH,AGL,CE,Federal Contract Tower,0,54,54,0,108,0,18,146,0,164,0,72,200,0,272,114,0,114,386
05/16/2002,CGF,OH,AGL,CE,Federal Contract Tower,0,44,65,0,109,0,9,50,0,59,0,53,115,0,168,56,0,56,224
05/17/2002,CGF,OH,AGL,CE,Federal Contract Tower,0,42,57,0,99,0,25,71,0,96,0,67,128,0,195,62,0,62,257
05/18/2002,CGF,OH,AGL,CE,Federal Contract Tower,0,17,24,0,41,0,7,48,0,55,0,24,72,0,96,52,0,52,148
05/19/2002,CGF,OH,AGL,CE,Federal Contract Tower,0,19,27,0,46,0,17,87,0,104,0,36,114,0,150,96,0,96,246
05/20/2002,CGF,OH,AGL,CE,Federal Contract Tower,0,29,35,0,64,0,21,53,0,74,0,50,88,0,138,82,0,82,220
05/21/2002,CGF,OH,AGL,CE,Federal Contract Tower,0,28,48,0,76,0,10,113,2,125,0,38,161,2,201,112,0,112,313
05/22/2002,CGF,OH,AGL,CE,Federal Contract Tower,0,35,58,0,93,0,14,94,0,108,0,49,152,0,201,90,0,90,291
05/23/2002,CGF,OH,AGL,CE,Federal Contract Tower,0,36,41,0,77,0,16,74,2,92,0,52,115,2,169,36,0,36,205
05/24/2002,CGF,OH,AGL,CE,Federal Contract Tower,0,38,51,0,89,0,34,33,0,67,0,72,84,0,156,12,0,12,168
05/25/2002,CGF,OH,AGL,CE,Federal Contract Tower,0,12,11,0,23,0,5,70,0,75,0,17,81,0,98,58,0,58,156
05/26/2002,CGF,OH,AGL,CE,Federal Contract Tower,0,20,28,0,48,0,7,87,0,94,0,27,115,0,142,78,0,78,220
05/27/2002,CGF,OH,AGL,CE,Federal Contract Tower,0,34,34,0,68,0,16,82,2,100,0,50,116,2,168,36,0,36,204
05/28/2002,CGF,OH,AGL,CE,Federal Contract Tower,0,27,40,0,67,0,23,49,0,72,0,50,89,0,139,76,0,76,215
05/29/2002,CGF,OH,AGL,CE,Federal Contract Tower,0,37,61,0,98,0,4,86,0,90,0,41,147,0,188,60,0,60,248
05/30/2002,CGF,OH,AGL,CE,Federal Contract Tower,0,27,48,0,75,0,18,60,0,78,0,45,108,0,153,32,0,32,185
05/31/2002,CGF,OH,AGL,CE,Federal Contract Tower,0,30,35,0,65,0,25,81,0,106,0,55,116,0,171,10,0,10,181
06/01/2002,CGF,OH,AGL,CE,Federal Contract Tower,0,19,23,0,42,0,11,121,0,132,0,30,144,0,174,56,0,56,230
06/02/2002,CGF,OH,AGL,CE,Federal Contract Tower,0,29,37,0,66,0,27,95,0,122,0,56,132,0,188,78,0,78,266
06/03/2002,CGF,OH,AGL,CE,Federal Contract Tower,0,31,55,0,86,0,20,87,0,107,0,51,142,0,193,40,0,40,233
06/04/2002,CGF,OH,AGL,CE,Federal Contract Tower,0,44,49,0,93,0,7,27,0,34,0,51,76,0,127,16,0,16,143
06/05/2002,CGF,OH,AGL,CE,Federal Contract Tower,0,23,46,0,69,0,7,48,0,55,0,30,94,0,124,44,0,44,168
06/06/2002,CGF,OH,AGL,CE,Federal Contract Tower,0,45,54,0,99,0,3,33,0,36,0,48,87,0,135,4,0,4,139
06/07/2002,CGF,OH,AGL,CE,Federal Contract Tower,0,43,67,0,110,0,12,91,0,103,0,55,158,0,213,104,0,104,317
06/08/2002,CGF,OH,AGL,CE,Federal Contract Tower,0,35,22,0,57,0,25,124,0,149,0,60,146,0,206,120,0,120,326
06/09/2002,CGF,OH,AGL,CE,Federal Contract Tower,0,28,37,0,65,0,17,81,0,98,0,45,118,0,163,104,0,104,267
06/10/2002,CGF,OH,AGL,CE,Federal Contract Tower,0,36,47,0,83,0,10,67,0,77,0,46,114,0,160,86,0,86,246
06/11/2002,CGF,OH,AGL,CE,Federal Contract Tower,0,40,55,0,95,0,7,42,0,49,0,47,97,0,144,36,0,36,180
06/12/2002,CGF,OH,AGL,CE,Federal Contract Tower,0,48,64,0,112,0,6,67,2,75,0,54,131,2,187,58,0,58,245
06/13/2002,CGF,OH,AGL,CE,Federal Contract Tower,0,28,78,0,106,0,16,18,0,34,0,44,96,0,140,18,0,18,158
06/14/2002,CGF,OH,AGL,CE,Federal Contract Tower,0,27,45,0,72,0,13,43,0,56,0,40,88,0,128,0,0,0,128
06/15/2002,CGF,OH,AGL,CE,Federal Contract Tower,0,32,32,0,64,0,18,26,0,44,0,50,58,0,108,0,0,0,108
06/16/2002,CGF,OH,AGL,CE,Federal Contract Tower,0,29,23,0,52,0,8,44,0,52,0,37,67,0,104,36,0,36,140
06/17/2002,CGF,OH,AGL,CE,Federal Contract Tower,0,26,44,0,70,0,8,92,0,100,0,34,136,0,170,66,0,66,236
06/18/2002,CGF,OH,AGL,CE,Federal Contract Tower,0,33,65,0,98,0,6,135,0,141,0,39,200,0,239,68,0,68,307
06/19/2002,CGF,OH,AGL,CE,Federal Contract Tower,0,33,45,0,78,0,15,122,0,137,0,48,167,0,215,108,0,108,323
06/20/2002,CGF,OH,AGL,CE,Federal Contract Tower,0,30,39,0,69,0,7,69,0,76,0,37,108,0,145,82,0,82,227
06/21/2002,CGF,OH,AGL,CE,Federal Contract Tower,0,22,50,0,72,0,10,43,0,53,0,32,93,0,125,56,0,56,181
06/22/2002,CGF,OH,AGL,CE,Federal Contract Tower,0,26,16,0,42,0,5,83,2,90,0,31,99,2,132,30,0,30,162
06/23/2002,CGF,OH,AGL,CE,Federal Contract Tower,0,40,34,0,74,0,11,81,0,92,0,51,115,0,166,66,0,66,232
06/24/2002,CGF,OH,AGL,CE,Federal Contract Tower,0,27,24,0,51,0,6,112,0,118,0,33,136,0,169,76,0,76,245
06/25/2002,CGF,OH,AGL,CE,Federal Contract Tower,0,41,50,0,91,0,14,84,0,98,0,55,134,0,189,90,0,90,279
06/26/2002,CGF,OH,AGL,CE,Federal Contract Tower,0,43,35,0,78,0,4,80,0,84,0,47,115,0,162,80,0,80,242
06/27/2002,CGF,OH,AGL,CE,Federal Contract Tower,0,31,42,0,73,0,2,187,0,189,0,33,229,0,262,92,0,92,354
06/28/2002,CGF,OH,AGL,CE,Federal Contract Tower,0,39,52,0,91,0,17,133,0,150,0,56,185,0,241,118,0,118,359
06/29/2002,CGF,OH,AGL,CE,Federal Contract Tower,0,25,34,0,59,0,13,124,0,137,0,38,158,0,196,128,0,128,324
06/30/2002,CGF,OH,AGL,CE,Federal Contract Tower,0,24,34,0,58,0,26,68,0,94,0,50,102,0,152,72,0,72,224
07/01/2002,CGF,OH,AGL,CE,Federal Contract Tower,0,30,41,0,71,0,16,85,0,101,0,46,126,0,172,82,0,82,254
07/02/2002,CGF,OH,AGL,CE,Federal Contract Tower,0,42,37,0,79,0,11,96,0,107,0,53,133,0,186,82,0,82,268
07/03/2002,CGF,OH,AGL,CE,Federal Contract Tower,0,49,53,0,102,0,16,95,0,111,0,65,148,0,213,156,0,156,369
07/04/2002,CGF,OH,AGL,CE,Federal Contract Tower,0,22,18,0,40,0,1,93,0,94,0,23,111,0,134,52,0,52,186
07/05/2002,CGF,OH,AGL,CE,Federal Contract Tower,0,35,23,0,58,0,6,110,0,116,0,41,133,0,174,78,0,78,252
07/06/2002,CGF,OH,AGL,CE,Federal Contract Tower,0,29,20,0,49,0,25,107,0,132,0,54,127,0,181,82,0,82,263
07/07/2002,CGF,OH,AGL,CE,Federal Contract Tower,0,33,44,0,77,0,9,109,0,118,0,42,153,0,195,62,0,62,257
07/08/2002,CGF,OH,AGL,CE,Federal Contract Tower,0,33,40,0,73,0,1,88,0,89,0,34,128,0,162,88,0,88,250
07/09/2002,CGF,OH,AGL,CE,Federal Contract Tower,0,26,45,0,71,0,10,58,0,68,0,36,103,0,139,64,0,64,203
07/10/2002,CGF,OH,AGL,CE,Federal Contract Tower,0,35,57,0,92,0,19,128,0,147,0,54,185,0,239,140,0,140,379
07/11/2002,CGF,OH,AGL,CE,Federal Contract Tower,0,36,59,0,95,0,6,108,0,114,0,42,167,0,209,134,0,134,343
07/12/2002,CGF,OH,AGL,CE,Federal Contract Tower,0,44,81,0,125,0,23,140,0,163,0,67,221,0,288,188,0,188,476
07/13/2002,CGF,OH,AGL,CE,Federal Contract Tower,0,19,27,0,46,0,12,219,0,231,0,31,246,0,277,238,0,238,515
07/14/2002,CGF,OH,AGL,CE,Federal Contract Tower,0,39,65,0,104,0,14,149,0,163,0,53,214,0,267,172,0,172,439
07/15/2002,CGF,OH,AGL,CE,Federal Contract Tower,0,26,53,0,79,0,18,115,0,133,0,44,168,0,212,60,0,60,272
07/16/2002,CGF,OH,AGL,CE,Federal Contract Tower,0,26,36,0,62,0,17,159,0,176,0,43,195,0,238,144,0,144,382
07/17/2002,CGF,OH,AGL,CE,Federal Contract Tower,0,29,57,0,86,0,36,128,4,168,0,65,185,4,254,104,0,104,358
07/18/2002,CGF,OH,AGL,CE,Federal Contract Tower,0,38,55,0,93,0,14,59,0,73,0,52,114,0,166,54,0,54,220
07/19/2002,CGF,OH,AGL,CE,Federal Contract Tower,0,44,58,0,102,0,16,39,0,55,0,60,97,0,157,42,0,42,199
07/20/2002,CGF,OH,AGL,CE,Federal Contract Tower,0,18,41,0,59,0,13,102,0,115,0,31,143,0,174,106,0,106,280
07/21/2002,CGF,OH,AGL,CE,Federal Contract Tower,0,31,43,0,74,0,8,70,0,78,0,39,113,0,152,86,0,86,238
07/22/2002,CGF,OH,AGL,CE,Federal Contract Tower,0,26,37,0,63,0,12,46,0,58,0,38,83,0,121,0,0,0,121
07/23/2002,CGF,OH,AGL,CE,Federal Contract Tower,0,20,47,0,67,0,17,53,0,70,0,37,100,0,137,46,0,46,183
07/24/2002,CGF,OH,AGL,CE,Federal Contract Tower,0,31,40,0,71,0,21,96,0,117,0,52,136,0,188,94,0,94,282
07/25/2002,CGF,OH,AGL,CE,Federal Contract Tower,0,29,51,0,80,0,14,94,0,108,0,43,145,0,188,80,0,80,268
07/26/2002,CGF,OH,AGL,CE,Federal Contract Tower,0,38,34,0,72,0,13,17,0,30,0,51,51,0,102,66,0,66,168
07/27/2002,CGF,OH,AGL,CE,Federal Contract Tower,0,23,33,0,56,0,6,79,0,85,0,29,112,0,141,108,0,108,249
07/28/2002,CGF,OH,AGL,CE,Federal Contract Tower,0,39,24,0,63,0,1,72,0,73,0,40,96,0,136,88,0,88,224
07/29/2002,CGF,OH,AGL,CE,Federal Contract Tower,0,23,33,0,56,0,20,55,0,75,0,43,88,0,131,50,0,50,181
07/30/2002,CGF,OH,AGL,CE,Federal Contract Tower,0,27,37,0,64,0,5,91,0,96,0,32,128,0,160,68,0,68,228
07/31/2002,CGF,OH,AGL,CE,Federal Contract Tower,0,29,35,0,64,0,9,110,0,119,0,38,145,0,183,154,0,154,337
08/01/2002,CGF,OH,AGL,CE,Federal Contract Tower,0,26,34,0,60,0,11,117,0,128,0,37,151,0,188,78,0,78,266
08/02/2002,CGF,OH,AGL,CE,Federal Contract Tower,0,30,31,0,61,0,0,98,2,100,0,30,129,2,161,72,0,72,233
08/03/2002,CGF,OH,AGL,CE,Federal Contract Tower,0,26,12,0,38,0,4,120,0,124,0,30,132,0,162,90,0,90,252
08/04/2002,CGF,OH,AGL,CE,Federal Contract Tower,0,26,32,0,58,0,13,52,0,65,0,39,84,0,123,54,0,54,177
08/05/2002,CGF,OH,AGL,CE,Federal Contract Tower,0,26,42,0,68,0,7,56,0,63,0,33,98,0,131,58,0,58,189
08/06/2002,CGF,OH,AGL,CE,Federal Contract Tower,0,24,69,0,93,0,0,133,0,133,0,24,202,0,226,84,0,84,310
08/07/2002,CGF,OH,AGL,CE,Federal Contract Tower,0,35,52,0,87,0,7,89,0,96,0,42,141,0,183,78,0,78,261
08/08/2002,CGF,OH,AGL,CE,Federal Contract Tower,0,38,58,0,96,0,5,84,0,89,0,43,142,0,185,90,0,90,275
08/09/2002,CGF,OH,AGL,CE,Federal Contract Tower,0,27,37,0,64,0,11,93,0,104,0,38,130,0,168,72,0,72,240
08/10/2002,CGF,OH,AGL,CE,Federal Contract Tower,0,27,36,0,63,0,10,82,0,92,0,37,118,0,155,68,0,68,223
08/11/2002,CGF,OH,AGL,CE,Federal Contract Tower,0,35,32,0,67,0,5,59,0,64,0,40,91,0,131,54,0,54,185
08/12/2002,CGF,OH,AGL,CE,Federal Contract Tower,0,19,38,0,57,0,5,41,0,46,0,24,79,0,103,56,0,56,159
08/13/2002,CGF,OH,AGL,CE,Federal Contract Tower,0,21,29,0,50,0,9,62,0,71,0,30,91,0,121,48,0,48,169
08/14/2002,CGF,OH,AGL,CE,Federal Contract Tower,0,21,35,0,56,0,8,35,0,43,0,29,70,0,99,34,0,34,133
08/15/2002,CGF,OH,AGL,CE,Federal Contract Tower,0,50,57,0,107,0,1,74,0,75,0,51,131,0,182,80,0,80,262
08/16/2002,CGF,OH,AGL,CE,Federal Contract Tower,0,22,40,0,62,0,18,70,0,88,0,40,110,0,150,32,0,32,182
08/17/2002,CGF,OH,AGL,CE,Federal Contract Tower,0,18,26,0,44,0,8,97,0,105,0,26,123,0,149,90,0,90,239
08/18/2002,CGF,OH,AGL,CE,Federal Contract Tower,0,30,31,0,61,0,10,95,0,105,0,40,126,0,166,82,0,82,248
08/19/2002,CGF,OH,AGL,CE,Federal Contract Tower,0,16,35,0,51,0,2,28,0,30,0,18,63,0,81,14,0,14,95
08/20/2002,CGF,OH,AGL,CE,Federal Contract Tower,0,33,40,0,73,0,19,92,2,113,0,52,132,2,186,72,0,72,258
08/21/2002,CGF,OH,AGL,CE,Federal Contract Tower,0,31,57,0,88,0,5,101,0,106,0,36,158,0,194,92,0,92,286
08/22/2002,CGF,OH,AGL,CE,Federal Contract Tower,0,30,46,0,76,0,6,69,0,75,0,36,115,0,151,40,0,40,191
08/23/2002,CGF,OH,AGL,CE,Federal Contract Tower,0,22,31,0,53,0,8,28,0,36,0,30,59,0,89,0,0,0,89
08/24/2002,CGF,OH,AGL,CE,Federal Contract Tower,0,23,19,0,42,0,4,26,0,30,0,27,45,0,72,6,0,6,78
08/25/2002,CGF,OH,AGL,CE,Federal Contract Tower,0,24,31,0,55,0,11,91,0,102,0,35,122,0,157,116,0,116,273
08/26/2002,CGF,OH,AGL,CE,Federal Contract Tower,0,29,31,0,60,0,2,84,0,86,0,31,115,0,146,118,0,118,264
08/27/2002,CGF,OH,AGL,CE,Federal Contract Tower,0,26,37,0,63,0,12,58,0,70,0,38,95,0,133,54,0,54,187
08/28/2002,CGF,OH,AGL,CE,Federal Contract Tower,0,42,26,0,68,0,0,113,0,113,0,42,139,0,181,80,0,80,261
08/29/2002,CGF,OH,AGL,CE,Federal Contract Tower,0,57,45,0,102,0,4,121,0,125,0,61,166,0,227,174,0,174,401
08/30/2002,CGF,OH,AGL,CE,Federal Contract Tower,0,35,44,0,79,0,17,136,4,157,0,52,180,4,236,134,0,134,370
08/31/2002,CGF,OH,AGL,CE,Federal Contract Tower,0,20,40,0,60,0,5,127,0,132,0,25,167,0,192,118,0,118,310
09/01/2002,CGF,OH,AGL,CE,Federal Contract Tower,0,26,28,0,54,0,15,82,0,97,0,41,110,0,151,106,0,106,257
09/02/2002,CGF,OH,AGL,CE,Federal Contract Tower,0,36,42,0,78,0,10,52,0,62,0,46,94,0,140,90,0,90,230
09/03/2002,CGF,OH,AGL,CE,Federal Contract Tower,0,31,48,0,79,0,6,46,4,56,0,37,94,4,135,90,0,90,225
09/04/2002,CGF,OH,AGL,CE,Federal Contract Tower,0,29,30,0,59,0,5,134,0,139,0,34,164,0,198,88,0,88,286
09/05/2002,CGF,OH,AGL,CE,Federal Contract Tower,0,29,52,0,81,0,8,108,0,116,0,37,160,0,197,80,0,80,277
09/06/2002,CGF,OH,AGL,CE,Federal Contract Tower,0,21,43,0,64,0,19,95,0,114,0,40,138,0,178,82,0,82,260
09/07/2002,CGF,OH,AGL,CE,Federal Contract Tower,0,20,27,0,47,0,21,101,0,122,0,41,128,0,169,106,0,106,275
09/08/2002,CGF,OH,AGL,CE,Federal Contract Tower,0,27,23,0,50,0,21,110,0,131,0,48,133,0,181,96,0,96,277
09/09/2002,CGF,OH,AGL,CE,Federal Contract Tower,0,37,53,0,90,0,3,58,0,61,0,40,111,0,151,48,0,48,199
09/10/2002,CGF,OH,AGL,CE,Federal Contract Tower,0,29,26,0,55,0,0,81,0,81,0,29,107,0,136,108,0,108,244
09/11/2002,CGF,OH,AGL,CE,Federal Contract Tower,0,34,25,0,59,0,0,64,0,64,0,34,89,0,123,14,0,14,137
09/12/2002,CGF,OH,AGL,CE,Federal Contract Tower,0,41,57,0,98,0,4,79,0,83,0,45,136,0,181,98,0,98,279
09/13/2002,CGF,OH,AGL,CE,Federal Contract Tower,0,32,41,0,73,0,3,72,0,75,0,35,113,0,148,100,0,100,248
09/14/2002,CGF,OH,AGL,CE,Federal Contract Tower,0,26,21,0,47,0,14,51,0,65,0,40,72,0,112,32,0,32,144
09/15/2002,CGF,OH,AGL,CE,Federal Contract Tower,0,23,26,0,49,0,3,32,0,35,0,26,58,0,84,44,0,44,128
09/16/2002,CGF,OH,AGL,CE,Federal Contract Tower,0,15,35,0,50,0,7,62,0,69,0,22,97,0,119,100,0,100,219
09/17/2002,CGF,OH,AGL,CE,Federal Contract Tower,0,25,51,0,76,0,7,91,0,98,0,32,142,0,174,88,2,90,264
09/18/2002,CGF,OH,AGL,CE,Federal Contract Tower,0,29,59,0,88,0,17,79,0,96,0,46,138,0,184,110,0,110,294
09/19/2002,CGF,OH,AGL,CE,Federal Contract Tower,0,30,56,0,86,0,14,71,0,85,0,44,127,0,171,78,0,78,249
09/20/2002,CGF,OH,AGL,CE,Federal Contract Tower,0,38,54,0,92,0,4,62,0,66,0,42,116,0,158,72,0,72,230
09/21/2002,CGF,OH,AGL,CE,Federal Contract Tower,0,11,37,0,48,0,16,74,0,90,0,27,111,0,138,44,0,44,182
09/22/2002,CGF,OH,AGL,CE,Federal Contract Tower,0,18,42,0,60,0,2,56,0,58,0,20,98,0,118,62,0,62,180
09/23/2002,CGF,OH,AGL,CE,Federal Contract Tower,0,39,38,0,77,0,17,83,0,100,0,56,121,0,177,118,0,118,295
09/24/2002,CGF,OH,AGL,CE,Federal Contract Tower,0,26,51,0,77,0,7,82,0,89,0,33,133,0,166,98,0,98,264
09/25/2002,CGF,OH,AGL,CE,Federal Contract Tower,0,39,59,0,98,0,14,67,0,81,0,53,126,0,179,96,0,96,275
09/26/2002,CGF,OH,AGL,CE,Federal Contract Tower,0,35,55,0,90,0,6,57,0,63,0,41,112,0,153,60,0,60,213
09/27/2002,CGF,OH,AGL,CE,Federal Contract Tower,0,24,35,0,59,0,4,8,0,12,0,28,43,0,71,0,0,0,71
09/28/2002,CGF,OH,AGL,CE,Federal Contract Tower,0,20,24,0,44,0,16,74,0,90,0,36,98,0,134,86,0,86,220
09/29/2002,CGF,OH,AGL,CE,Federal Contract Tower,0,31,38,0,69,0,6,71,0,77,0,37,109,0,146,124,0,124,270
09/30/2002,CGF,OH,AGL,CE,Federal Contract Tower,0,43,47,0,90,0,7,107,0,114,0,50,154,0,204,126,0,126,330
10/01/2002,CGF,OH,AGL,CE,Federal Contract Tower,0,24,0,0,24,0,12,135,0,147,0,36,135,0,171,84,0,84,255
10/02/2002,CGF,OH,AGL,CE,Federal Contract Tower,0,43,0,0,43,0,0,95,0,95,0,43,95,0,138,36,0,36,174
10/03/2002,CGF,OH,AGL,CE,Federal Contract Tower,0,41,0,0,41,0,0,55,0,55,0,41,55,0,96,14,0,14,110
10/04/2002,CGF,OH,AGL,CE,Federal Contract Tower,0,49,0,0,49,0,0,67,0,67,0,49,67,0,116,20,0,20,136
10/05/2002,CGF,OH,AGL,CE,Federal Contract Tower,0,28,0,0,28,0,10,81,0,91,0,38,81,0,119,56,0,56,175
10/06/2002,CGF,OH,AGL,CE,Federal Contract Tower,0,44,0,0,44,0,0,95,0,95,0,44,95,0,139,66,0,66,205
10/07/2002,CGF,OH,AGL,CE,Federal Contract Tower,0,35,0,0,35,0,0,83,2,85,0,35,83,2,120,32,0,32,152
10/08/2002,CGF,OH,AGL,CE,Federal Contract Tower,0,50,0,0,50,0,1,152,0,153,0,51,152,0,203,122,0,122,325
10/09/2002,CGF,OH,AGL,CE,Federal Contract Tower,0,44,0,0,44,0,0,80,0,80,0,44,80,0,124,72,0,72,196
10/10/2002,CGF,OH,AGL,CE,Federal Contract Tower,0,33,0,0,33,0,0,126,0,126,0,33,126,0,159,46,0,46,205
10/11/2002,CGF,OH,AGL,CE,Federal Contract Tower,0,44,0,0,44,0,0,110,0,110,0,44,110,0,154,78,0,78,232
10/12/2002,CGF,OH,AGL,CE,Federal Contract Tower,0,33,0,0,33,0,11,37,0,48,0,44,37,0,81,0,0,0,81
10/13/2002,CGF,OH,AGL,CE,Federal Contract Tower,0,37,0,0,37,0,2,47,0,49,0,39,47,0,86,12,0,12,98
10/14/2002,CGF,OH,AGL,CE,Federal Contract Tower,0,29,0,0,29,0,0,133,0,133,0,29,133,0,162,88,0,88,250
10/15/2002,CGF,OH,AGL,CE,Federal Contract Tower,0,35,0,0,35,0,0,86,0,86,0,35,86,0,121,32,0,32,153
10/16/2002,CGF,OH,AGL,CE,Federal Contract Tower,0,35,0,0,35,0,0,57,0,57,0,35,57,0,92,2,0,2,94
10/17/2002,CGF,OH,AGL,CE,Federal Contract Tower,0,47,0,0,47,0,0,124,0,124,0,47,124,0,171,16,0,16,187
10/18/2002,CGF,OH,AGL,CE,Federal Contract Tower,0,37,0,0,37,0,0,109,0,109,0,37,109,0,146,34,0,34,180
10/19/2002,CGF,OH,AGL,CE,Federal Contract Tower,0,35,0,0,35,0,0,65,0,65,0,35,65,0,100,14,0,14,114
10/20/2002,CGF,OH,AGL,CE,Federal Contract Tower,0,39,0,0,39,0,0,141,0,141,0,39,141,0,180,120,0,120,300
10/21/2002,CGF,OH,AGL,CE,Federal Contract Tower,0,43,0,0,43,0,5,142,0,147,0,48,142,0,190,64,0,64,254
10/22/2002,CGF,OH,AGL,CE,Federal Contract Tower,0,43,0,0,43,0,0,147,2,149,0,43,147,2,192,86,0,86,278
10/23/2002,CGF,OH,AGL,CE,Federal Contract Tower,0,23,0,0,23,0,0,69,0,69,0,23,69,0,92,0,0,0,92
10/24/2002,CGF,OH,AGL,CE,Federal Contract Tower,0,47,0,0,47,0,0,122,0,122,0,47,122,0,169,20,0,20,189
10/25/2002,CGF,OH,AGL,CE,Federal Contract Tower,0,61,0,0,61,0,0,101,0,101,0,61,101,0,162,0,0,0,162
10/26/2002,CGF,OH,AGL,CE,Federal Contract Tower,0,28,0,0,28,0,0,25,0,25,0,28,25,0,53,0,0,0,53
10/27/2002,CGF,OH,AGL,CE,Federal Contract Tower,0,40,0,0,40,0,0,119,0,119,0,40,119,0,159,56,0,56,215
10/28/2002,CGF,OH,AGL,CE,Federal Contract Tower,0,47,0,0,47,0,0,113,0,113,0,47,113,0,160,36,0,36,196
10/29/2002,CGF,OH,AGL,CE,Federal Contract Tower,0,46,0,0,46,0,0,78,0,78,0,46,78,0,124,18,0,18,142
10/30/2002,CGF,OH,AGL,CE,Federal Contract Tower,0,28,0,0,28,0,0,122,0,122,0,28,122,0,150,34,0,34,184
10/31/2002,CGF,OH,AGL,CE,Federal Contract Tower,0,40,0,0,40,0,0,110,0,110,0,40,110,0,150,82,0,82,232
11/01/2002,CGF,OH,AGL,CE,Federal Contract Tower,0,30,42,0,72,0,3,33,0,36,0,33,75,0,108,2,0,2,110
11/02/2002,CGF,OH,AGL,CE,Federal Contract Tower,0,17,16,0,33,0,10,42,0,52,0,27,58,0,85,12,0,12,97
11/03/2002,CGF,OH,AGL,CE,Federal Contract Tower,0,29,26,0,55,0,2,97,0,99,0,31,123,0,154,86,0,86,240
11/04/2002,CGF,OH,AGL,CE,Federal Contract Tower,0,23,47,0,70,0,14,46,0,60,0,37,93,0,130,28,0,28,158
11/05/2002,CGF,OH,AGL,CE,Federal Contract Tower,0,27,46,0,73,0,6,52,0,58,0,33,98,0,131,36,0,36,167
11/06/2002,CGF,OH,AGL,CE,Federal Contract Tower,0,34,63,0,97,0,3,19,0,22,0,37,82,0,119,20,0,20,139
11/07/2002,CGF,OH,AGL,CE,Federal Contract Tower,0,38,59,1,98,0,9,95,1,105,0,47,154,2,203,50,0,50,253
11/08/2002,CGF,OH,AGL,CE,Federal Contract Tower,0,32,45,0,77,0,15,64,0,79,0,47,109,0,156,32,0,32,188
11/09/2002,CGF,OH,AGL,CE,Federal Contract Tower,0,11,17,0,28,0,20,50,0,70,0,31,67,0,98,38,0,38,136
11/10/2002,CGF,OH,AGL,CE,Federal Contract Tower,0,18,28,0,46,0,8,8,0,16,0,26,36,0,62,24,0,24,86
11/11/2002,CGF,OH,AGL,CE,Federal Contract Tower,0,31,47,0,78,0,13,72,0,85,0,44,119,0,163,40,0,40,203
11/12/2002,CGF,OH,AGL,CE,Federal Contract Tower,0,27,54,0,81,0,3,10,0,13,0,30,64,0,94,0,0,0,94
11/13/2002,CGF,OH,AGL,CE,Federal Contract Tower,0,29,63,0,92,0,14,70,0,84,0,43,133,0,176,56,0,56,232
11/14/2002,CGF,OH,AGL,CE,Federal Contract Tower,0,40,55,0,95,0,16,72,0,88,0,56,127,0,183,12,0,12,195
11/15/2002,CGF,OH,AGL,CE,Federal Contract Tower,0,41,43,0,84,0,0,2,0,2,0,41,45,0,86,0,0,0,86
11/16/2002,CGF,OH,AGL,CE,Federal Contract Tower,0,23,4,0,27,0,5,4,0,9,0,28,8,0,36,0,0,0,36
11/17/2002,CGF,OH,AGL,CE,Federal Contract Tower,0,31,22,0,53,0,1,3,0,4,0,32,25,0,57,0,0,0,57
11/18/2002,CGF,OH,AGL,CE,Federal Contract Tower,0,40,29,0,69,0,3,89,0,92,0,43,118,0,161,60,0,60,221
11/19/2002,CGF,OH,AGL,CE,Federal Contract Tower,0,36,48,0,84,0,7,23,0,30,0,43,71,0,114,24,0,24,138
11/20/2002,CGF,OH,AGL,CE,Federal Contract Tower,0,29,61,0,90,0,11,103,0,114,0,40,164,0,204,64,0,64,268
11/21/2002,CGF,OH,AGL,CE,Federal Contract Tower,0,35,41,0,76,0,9,45,0,54,0,44,86,0,130,60,0,60,190
11/22/2002,CGF,OH,AGL,CE,Federal Contract Tower,0,35,40,0,75,0,0,16,0,16,0,35,56,0,91,4,0,4,95
11/23/2002,CGF,OH,AGL,CE,Federal Contract Tower,0,41,40,0,81,0,0,51,0,51,0,41,91,0,132,54,0,54,186
11/24/2002,CGF,OH,AGL,CE,Federal Contract Tower,0,28,29,0,57,0,11,53,0,64,0,39,82,0,121,46,0,46,167
11/25/2002,CGF,OH,AGL,CE,Federal Contract Tower,0,30,41,0,71,0,13,27,0,40,0,43,68,0,111,16,0,16,127
11/26/2002,CGF,OH,AGL,CE,Federal Contract Tower,0,36,72,0,108,0,0,27,0,27,0,36,99,0,135,12,0,12,147
11/27/2002,CGF,OH,AGL,CE,Federal Contract Tower,0,33,45,0,78,0,18,26,0,44,0,51,71,0,122,42,0,42,164
11/28/2002,CGF,OH,AGL,CE,Federal Contract Tower,0,22,9,0,31,0,10,49,0,59,0,32,58,0,90,36,0,36,126
11/29/2002,CGF,OH,AGL,CE,Federal Contract Tower,0,21,12,0,33,0,14,17,0,31,0,35,29,0,64,4,0,4,68
11/30/2002,CGF,OH,AGL,CE,Federal Contract Tower,0,16,15,0,31,0,2,20,0,22,0,18,35,0,53,10,0,10,63
12/01/2002,CGF,OH,AGL,CE,Federal Contract Tower,0,33,30,0,63,0,6,18,0,24,0,39,48,0,87,24,0,24,111
12/02/2002,CGF,OH,AGL,CE,Federal Contract Tower,0,12,41,0,53,0,1,3,0,4,0,13,44,0,57,2,0,2,59
12/03/2002,CGF,OH,AGL,CE,Federal Contract Tower,0,23,44,0,67,0,1,7,0,8,0,24,51,0,75,2,0,2,77
12/04/2002,CGF,OH,AGL,CE,Federal Contract Tower,0,37,52,0,89,0,4,21,0,25,0,41,73,0,114,4,0,4,118
12/05/2002,CGF,OH,AGL,CE,Federal Contract Tower,0,39,32,0,71,0,17,55,2,74,0,56,87,2,145,30,0,30,175
12/06/2002,CGF,OH,AGL,CE,Federal Contract Tower,0,29,46,0,75,0,8,60,0,68,0,37,106,0,143,14,0,14,157
12/07/2002,CGF,OH,AGL,CE,Federal Contract Tower,0,17,18,0,35,0,2,81,0,83,0,19,99,0,118,56,0,56,174
12/08/2002,CGF,OH,AGL,CE,Federal Contract Tower,0,24,16,0,40,0,6,12,0,18,0,30,28,0,58,0,0,0,58
12/09/2002,CGF,OH,AGL,CE,Federal Contract Tower,0,31,35,0,66,0,4,78,0,82,0,35,113,0,148,30,0,30,178
12/10/2002,CGF,OH,AGL,CE,Federal Contract Tower,0,41,48,0,89,0,5,85,0,90,0,46,133,0,179,64,0,64,243
12/11/2002,CGF,OH,AGL,CE,Federal Contract Tower,0,25,38,0,63,0,0,24,0,24,0,25,62,0,87,20,0,20,107
12/12/2002,CGF,OH,AGL,CE,Federal Contract Tower,0,44,51,0,95,0,0,54,0,54,0,44,105,0,149,58,0,58,207
12/13/2002,CGF,OH,AGL,CE,Federal Contract Tower,0,30,34,0,64,0,0,15,0,15,0,30,49,0,79,0,0,0,79
12/14/2002,CGF,OH,AGL,CE,Federal Contract Tower,0,15,17,0,32,0,4,0,0,4,0,19,17,0,36,0,0,0,36
12/15/2002,CGF,OH,AGL,CE,Federal Contract Tower,0,23,27,0,50,0,11,59,0,70,0,34,86,0,120,30,0,30,150
12/16/2002,CGF,OH,AGL,CE,Federal Contract Tower,0,25,33,0,58,0,22,38,0,60,0,47,71,0,118,22,0,22,140
12/17/2002,CGF,OH,AGL,CE,Federal Contract Tower,0,28,43,0,71,0,13,70,0,83,0,41,113,0,154,66,0,66,220
12/18/2002,CGF,OH,AGL,CE,Federal Contract Tower,0,36,45,0,81,0,15,44,0,59,0,51,89,0,140,0,0,0,140
12/19/2002,CGF,OH,AGL,CE,Federal Contract Tower,0,26,54,0,80,0,16,54,0,70,0,42,108,0,150,24,0,24,174
12/20/2002,CGF,OH,AGL,CE,Federal Contract Tower,0,33,39,0,72,0,18,45,0,63,0,51,84,0,135,6,0,6,141
12/21/2002,CGF,OH,AGL,CE,Federal Contract Tower,0,24,27,0,51,0,12,9,0,21,0,36,36,0,72,0,8,8,80
12/22/2002,CGF,OH,AGL,CE,Federal Contract Tower,0,23,9,0,32,0,8,29,0,37,0,31,38,0,69,28,0,28,97
12/23/2002,CGF,OH,AGL,CE,Federal Contract Tower,0,28,24,0,52,0,12,37,0,49,0,40,61,0,101,4,0,4,105
12/24/2002,CGF,OH,AGL,CE,Federal Contract Tower,0,18,13,0,31,0,4,49,0,53,0,22,62,0,84,30,0,30,114
12/25/2002,CGF,OH,AGL,CE,Federal Contract Tower,0,10,0,0,10,0,0,0,0,0,0,10,0,0,10,0,0,0,10
12/26/2002,CGF,OH,AGL,CE,Federal Contract Tower,0,25,25,0,50,0,11,39,0,50,0,36,64,0,100,0,0,0,100
12/27/2002,CGF,OH,AGL,CE,Federal Contract Tower,0,32,29,0,61,0,1,30,0,31,0,33,59,0,92,2,0,2,94
12/28/2002,CGF,OH,AGL,CE,Federal Contract Tower,0,15,16,0,31,0,2,5,0,7,0,17,21,0,38,0,0,0,38
12/29/2002,CGF,OH,AGL,CE,Federal Contract Tower,0,19,12,0,31,0,10,0,0,10,0,29,12,0,41,0,0,0,41
12/30/2002,CGF,OH,AGL,CE,Federal Contract Tower,0,18,21,0,39,0,8,5,0,13,0,26,26,0,52,6,0,6,58
12/31/2002,CGF,OH,AGL,CE,Federal Contract Tower,0,10,10,0,20,0,2,8,0,10,0,12,18,0,30,0,0,0,30
01/01/2003,CGF,OH,AGL,CE,Federal Contract Tower,0,20,3,0,23,0,0,3,0,3,0,20,6,0,26,0,0,0,26
01/02/2003,CGF,OH,AGL,CE,Federal Contract Tower,0,4,10,0,14,0,0,7,0,7,0,4,17,0,21,0,0,0,21
01/03/2003,CGF,OH,AGL,CE,Federal Contract Tower,0,15,13,0,28,0,2,3,0,5,0,17,16,0,33,0,0,0,33
01/04/2003,CGF,OH,AGL,CE,Federal Contract Tower,0,19,17,0,36,0,7,5,0,12,0,26,22,0,48,0,0,0,48
01/05/2003,CGF,OH,AGL,CE,Federal Contract Tower,0,25,21,0,46,0,12,0,0,12,0,37,21,0,58,0,0,0,58
01/06/2003,CGF,OH,AGL,CE,Federal Contract Tower,0,8,21,0,29,0,0,2,0,2,0,8,23,0,31,0,0,0,31
01/07/2003,CGF,OH,AGL,CE,Federal Contract Tower,0,27,32,0,59,0,6,27,0,33,0,33,59,0,92,2,0,2,94
01/08/2003,CGF,OH,AGL,CE,Federal Contract Tower,0,24,13,0,37,0,8,55,0,63,0,32,68,0,100,70,0,70,170
01/09/2003,CGF,OH,AGL,CE,Federal Contract Tower,0,23,25,0,48,0,8,57,0,65,0,31,82,0,113,90,0,90,203
01/10/2003,CGF,OH,AGL,CE,Federal Contract Tower,0,8,8,0,16,0,5,29,0,34,0,13,37,0,50,0,0,0,50
01/11/2003,CGF,OH,AGL,CE,Federal Contract Tower,0,14,6,0,20,0,4,27,0,31,0,18,33,0,51,22,0,22,73
01/12/2003,CGF,OH,AGL,CE,Federal Contract Tower,0,21,20,0,41,0,5,67,0,72,0,26,87,0,113,88,0,88,201
01/13/2003,CGF,OH,AGL,CE,Federal Contract Tower,0,20,26,0,46,0,0,24,0,24,0,20,50,0,70,16,0,16,86
01/14/2003,CGF,OH,AGL,CE,Federal Contract Tower,0,17,30,0,47,0,2,28,0,30,0,19,58,0,77,42,0,42,119
01/15/2003,CGF,OH,AGL,CE,Federal Contract Tower,0,40,46,0,86,0,6,32,0,38,0,46,78,0,124,2,0,2,126
01/16/2003,CGF,OH,AGL,CE,Federal Contract Tower,0,38,24,0,62,0,14,39,0,53,0,52,63,0,115,24,0,24,139
01/17/2003,CGF,OH,AGL,CE,Federal Contract Tower,0,19,35,0,54,0,4,14,0,18,0,23,49,0,72,4,0,4,76
01/18/2003,CGF,OH,AGL,CE,Federal Contract Tower,0,16,23,0,39,0,15,41,0,56,0,31,64,0,95,54,0,54,149
01/19/2003,CGF,OH,AGL,CE,Federal Contract Tower,0,27,9,0,36,0,8,6,0,14,0,35,15,0,50,0,0,0,50
01/20/2003,CGF,OH,AGL,CE,Federal Contract Tower,0,26,27,0,53,0,12,4,0,16,0,38,31,0,69,8,0,8,77
01/21/2003,CGF,OH,AGL,CE,Federal Contract Tower,0,32,32,0,64,0,7,35,0,42,0,39,67,0,106,14,0,14,120
01/22/2003,CGF,OH,AGL,CE,Federal Contract Tower,0,23,51,0,74,0,3,44,0,47,0,26,95,0,121,0,0,0,121
01/23/2003,CGF,OH,AGL,CE,Federal Contract Tower,0,30,40,0,70,0,10,6,0,16,0,40,46,0,86,2,0,2,88
01/24/2003,CGF,OH,AGL,CE,Federal Contract Tower,0,19,17,0,36,0,2,29,0,31,0,21,46,0,67,14,0,14,81
01/25/2003,CGF,OH,AGL,CE,Federal Contract Tower,0,16,14,0,30,0,11,72,0,83,0,27,86,0,113,34,0,34,147
01/26/2003,CGF,OH,AGL,CE,Federal Contract Tower,0,9,6,0,15,0,9,1,0,10,0,18,7,0,25,0,0,0,25
01/27/2003,CGF,OH,AGL,CE,Federal Contract Tower,0,27,27,0,54,0,10,28,0,38,0,37,55,0,92,2,0,2,94
01/28/2003,CGF,OH,AGL,CE,Federal Contract Tower,0,31,32,0,63,0,9,24,0,33,0,40,56,0,96,4,0,4,100
01/29/2003,CGF,OH,AGL,CE,Federal Contract Tower,0,29,30,0,59,0,14,17,0,31,0,43,47,0,90,4,0,4,94
01/30/2003,CGF,OH,AGL,CE,Federal Contract Tower,0,29,30,0,59,0,4,63,0,67,0,33,93,0,126,72,0,72,198
01/31/2003,CGF,OH,AGL,CE,Federal Contract Tower,0,27,29,0,56,0,9,41,0,50,0,36,70,0,106,36,0,36,142
02/01/2003,CGF,OH,AGL,CE,Federal Contract Tower,0,12,5,0,17,0,0,4,0,4,0,12,9,0,21,4,0,4,25
02/02/2003,CGF,OH,AGL,CE,Federal Contract Tower,0,29,26,0,55,0,22,54,0,76,0,51,80,0,131,32,0,32,163
02/03/2003,CGF,OH,AGL,CE,Federal Contract Tower,0,27,33,0,60,0,17,38,0,55,0,44,71,0,115,40,0,40,155
02/04/2003,CGF,OH,AGL,CE,Federal Contract Tower,0,14,25,0,39,0,0,17,0,17,0,14,42,0,56,0,0,0,56
02/05/2003,CGF,OH,AGL,CE,Federal Contract Tower,0,30,42,0,72,0,6,33,0,39,0,36,75,0,111,4,0,4,115
02/06/2003,CGF,OH,AGL,CE,Federal Contract Tower,0,27,31,0,58,0,0,48,0,48,0,27,79,0,106,4,0,4,110
02/07/2003,CGF,OH,AGL,CE,Federal Contract Tower,0,15,28,0,43,0,13,56,0,69,0,28,84,0,112,36,0,36,148
02/08/2003,CGF,OH,AGL,CE,Federal Contract Tower,0,12,12,0,24,0,18,79,0,97,0,30,91,0,121,52,0,52,173
02/09/2003,CGF,OH,AGL,CE,Federal Contract Tower,0,37,17,0,54,0,6,41,0,47,0,43,58,0,101,28,0,28,129
02/10/2003,CGF,OH,AGL,CE,Federal Contract Tower,0,16,26,0,42,0,1,1,0,2,0,17,27,0,44,0,0,0,44
02/11/2003,CGF,OH,AGL,CE,Federal Contract Tower,0,21,31,0,52,0,31,0,0,31,0,52,31,0,83,10,0,10,93
02/12/2003,CGF,OH,AGL,CE,Federal Contract Tower,0,14,16,0,30,0,16,0,0,16,0,30,16,0,46,4,0,4,50
02/13/2003,CGF,OH,AGL,CE,Federal Contract Tower,0,11,31,0,42,0,1,15,0,16,0,12,46,0,58,2,0,2,60
02/14/2003,CGF,OH,AGL,CE,Federal Contract Tower,0,21,32,0,53,0,11,33,0,44,0,32,65,0,97,46,0,46,143
02/15/2003,CGF,OH,AGL,CE,Federal Contract Tower,0,17,18,0,35,0,16,44,2,62,0,33,62,2,97,34,0,34,131
02/16/2003,CGF,OH,AGL,CE,Federal Contract Tower,0,12,19,0,31,0,15,30,0,45,0,27,49,0,76,26,0,26,102
02/17/2003,CGF,OH,AGL,CE,Federal Contract Tower,0,6,13,0,19,0,0,6,0,6,0,6,19,0,25,0,0,0,25
02/18/2003,CGF,OH,AGL,CE,Federal Contract Tower,0,16,28,0,44,0,1,18,0,19,0,17,46,0,63,6,0,6,69
02/19/2003,CGF,OH,AGL,CE,Federal Contract Tower,0,25,37,0,62,0,7,19,0,26,0,32,56,0,88,2,0,2,90
02/20/2003,CGF,OH,AGL,CE,Federal Contract Tower,0,21,30,0,51,0,0,139,0,139,0,21,169,0,190,62,0,62,252
02/21/2003,CGF,OH,AGL,CE,Federal Contract Tower,0,26,56,0,82,0,8,77,0,85,0,34,133,0,167,58,0,58,225
02/22/2003,CGF,OH,AGL,CE,Federal Contract Tower,0,8,8,0,16,0,4,0,0,4,0,12,8,0,20,0,0,0,20
02/23/2003,CGF,OH,AGL,CE,Federal Contract Tower,0,4,17,0,21,0,0,0,0,0,0,4,17,0,21,0,0,0,21
02/24/2003,CGF,OH,AGL,CE,Federal Contract Tower,0,18,28,0,46,0,0,8,0,8,0,18,36,0,54,0,0,0,54
02/25/2003,CGF,OH,AGL,CE,Federal Contract Tower,0,19,56,0,75,0,11,69,3,83,0,30,125,3,158,66,0,66,224
02/26/2003,CGF,OH,AGL,CE,Federal Contract Tower,0,32,47,0,79,0,10,63,2,75,0,42,110,2,154,40,0,40,194
02/27/2003,CGF,OH,AGL,CE,Federal Contract Tower,0,24,35,0,59,0,2,69,0,71,0,26,104,0,130,82,0,82,212
02/28/2003,CGF,OH,AGL,CE,Federal Contract Tower,0,16,14,0,30,0,0,0,0,0,0,16,14,0,30,0,0,0,30
03/01/2003,CGF,OH,AGL,CE,Federal Contract Tower,0,17,8,0,25,0,5,24,0,29,0,22,32,0,54,26,0,26,80
03/02/2003,CGF,OH,AGL,CE,Federal Contract Tower,0,4,7,0,11,0,0,2,0,2,0,4,9,0,13,0,0,0,13
03/03/2003,CGF,OH,AGL,CE,Federal Contract Tower,0,20,44,0,64,0,10,55,0,65,0,30,99,0,129,38,0,38,167
03/04/2003,CGF,OH,AGL,CE,Federal Contract Tower,0,23,38,0,61,0,18,47,0,65,0,41,85,0,126,48,0,48,174
03/05/2003,CGF,OH,AGL,CE,Federal Contract Tower,0,22,31,0,53,0,0,12,0,12,0,22,43,0,65,2,0,2,67
03/06/2003,CGF,OH,AGL,CE,Federal Contract Tower,0,14,26,0,40,0,6,29,0,35,0,20,55,0,75,10,0,10,85
03/07/2003,CGF,OH,AGL,CE,Federal Contract Tower,0,29,31,0,60,0,17,80,0,97,0,46,111,0,157,82,0,82,239
03/08/2003,CGF,OH,AGL,CE,Federal Contract Tower,0,17,17,0,34,0,16,67,2,85,0,33,84,2,119,18,0,18,137
03/09/2003,CGF,OH,AGL,CE,Federal Contract Tower,0,23,18,0,41,0,4,46,0,50,0,27,64,0,91,14,0,14,105
03/10/2003,CGF,OH,AGL,CE,Federal Contract Tower,0,14,31,0,45,0,8,54,0,62,0,22,85,0,107,38,0,38,145
03/11/2003,CGF,OH,AGL,CE,Federal Contract Tower,0,26,37,0,63,0,16,72,0,88,0,42,109,0,151,56,0,56,207
03/12/2003,CGF,OH,AGL,CE,Federal Contract Tower,0,30,44,0,74,0,7,70,0,77,0,37,114,0,151,58,0,58,209
03/13/2003,CGF,OH,AGL,CE,Federal Contract Tower,0,19,28,0,47,0,18,6,0,24,0,37,34,0,71,0,0,0,71
03/14/2003,CGF,OH,AGL,CE,Federal Contract Tower,0,31,44,0,75,0,17,66,4,87,0,48,110,4,162,76,0,76,238
03/15/2003,CGF,OH,AGL,CE,Federal Contract Tower,0,25,28,0,53,0,10,114,0,124,0,35,142,0,177,128,0,128,305
03/16/2003,CGF,OH,AGL,CE,Federal Contract Tower,0,28,28,0,56,0,3,64,0,67,0,31,92,0,123,48,0,48,171
03/17/2003,CGF,OH,AGL,CE,Federal Contract Tower,0,20,17,0,37,0,5,84,0,89,0,25,101,0,126,66,0,66,192
03/18/2003,CGF,OH,AGL,CE,Federal Contract Tower,0,21,37,0,58,0,31,28,0,59,0,52,65,0,117,56,0,56,173
03/19/2003,CGF,OH,AGL,CE,Federal Contract Tower,0,27,36,0,63,0,11,30,0,41,0,38,66,0,104,26,0,26,130
03/20/2003,CGF,OH,AGL,CE,Federal Contract Tower,0,20,29,0,49,0,14,36,0,50,0,34,65,0,99,26,0,26,125
03/21/2003,CGF,OH,AGL,CE,Federal Contract Tower,0,20,30,0,50,0,13,22,0,35,0,33,52,0,85,4,0,4,89
03/22/2003,CGF,OH,AGL,CE,Federal Contract Tower,0,15,23,0,38,0,11,17,0,28,0,26,40,0,66,24,0,24,90
03/23/2003,CGF,OH,AGL,CE,Federal Contract Tower,0,17,27,0,44,0,2,60,0,62,0,19,87,0,106,66,0,66,172
03/24/2003,CGF,OH,AGL,CE,Federal Contract Tower,0,26,48,0,74,0,6,110,0,116,0,32,158,0,190,64,0,64,254
03/25/2003,CGF,OH,AGL,CE,Federal Contract Tower,0,21,28,0,49,0,19,65,0,84,0,40,93,0,133,40,0,40,173
03/26/2003,CGF,OH,AGL,CE,Federal Contract Tower,0,26,44,0,70,0,18,80,0,98,0,44,124,0,168,122,0,122,290
03/27/2003,CGF,OH,AGL,CE,Federal Contract Tower,0,20,40,0,60,0,12,54,0,66,0,32,94,0,126,96,0,96,222
03/28/2003,CGF,OH,AGL,CE,Federal Contract Tower,0,17,26,0,43,0,9,22,0,31,0,26,48,0,74,12,0,12,86
03/29/2003,CGF,OH,AGL,CE,Federal Contract Tower,0,13,20,0,33,0,3,23,0,26,0,16,43,0,59,22,0,22,81
03/30/2003,CGF,OH,AGL,CE,Federal Contract Tower,0,28,24,0,52,0,15,38,0,53,0,43,62,0,105,50,0,50,155
03/31/2003,CGF,OH,AGL,CE,Federal Contract Tower,0,24,34,0,58,0,13,27,2,42,0,37,61,2,100,6,0,6,106
04/01/2003,CGF,OH,AGL,CE,Federal Contract Tower,0,22,34,0,56,0,14,66,0,80,0,36,100,0,136,48,0,48,184
04/02/2003,CGF,OH,AGL,CE,Federal Contract Tower,0,23,43,0,66,0,12,64,0,76,0,35,107,0,142,60,0,60,202
04/03/2003,CGF,OH,AGL,CE,Federal Contract Tower,0,29,45,0,74,0,5,40,0,45,0,34,85,0,119,66,0,66,185
04/04/2003,CGF,OH,AGL,CE,Federal Contract Tower,0,11,27,0,38,0,2,20,0,22,0,13,47,0,60,22,0,22,82
04/05/2003,CGF,OH,AGL,CE,Federal Contract Tower,0,16,13,0,29,0,2,5,3,10,0,18,18,3,39,0,0,0,39
04/06/2003,CGF,OH,AGL,CE,Federal Contract Tower,0,23,26,0,49,0,2,59,0,61,0,25,85,0,110,40,0,40,150
04/07/2003,CGF,OH,AGL,CE,Federal Contract Tower,0,19,20,0,39,0,4,1,0,5,0,23,21,0,44,0,0,0,44
04/08/2003,CGF,OH,AGL,CE,Federal Contract Tower,0,18,21,0,39,0,0,0,0,0,0,18,21,0,39,0,0,0,39
04/09/2003,CGF,OH,AGL,CE,Federal Contract Tower,0,21,34,0,55,0,9,18,0,27,0,30,52,0,82,0,0,0,82
04/10/2003,CGF,OH,AGL,CE,Federal Contract Tower,0,38,54,0,92,0,2,49,0,51,0,40,103,0,143,64,6,70,213
04/11/2003,CGF,OH,AGL,CE,Federal Contract Tower,0,26,48,0,74,0,2,80,0,82,0,28,128,0,156,86,0,86,242
04/12/2003,CGF,OH,AGL,CE,Federal Contract Tower,0,10,23,0,33,0,24,77,0,101,0,34,100,0,134,36,0,36,170
04/13/2003,CGF,OH,AGL,CE,Federal Contract Tower,0,19,34,2,55,0,2,129,2,133,0,21,163,4,188,60,0,60,248
04/14/2003,CGF,OH,AGL,CE,Federal Contract Tower,0,25,33,0,58,0,17,67,0,84,0,42,100,0,142,72,0,72,214
04/15/2003,CGF,OH,AGL,CE,Federal Contract Tower,0,34,53,0,87,0,0,56,0,56,0,34,109,0,143,36,0,36,179
04/16/2003,CGF,OH,AGL,CE,Federal Contract Tower,0,24,35,0,59,0,10,68,0,78,0,34,103,0,137,42,0,42,179
04/17/2003,CGF,OH,AGL,CE,Federal Contract Tower,0,24,35,0,59,0,5,35,0,40,0,29,70,0,99,32,0,32,131
04/18/2003,CGF,OH,AGL,CE,Federal Contract Tower,0,21,23,0,44,0,3,42,0,45,0,24,65,0,89,20,0,20,109
04/19/2003,CGF,OH,AGL,CE,Federal Contract Tower,0,17,24,0,41,0,20,110,0,130,0,37,134,0,171,116,0,116,287
04/20/2003,CGF,OH,AGL,CE,Federal Contract Tower,0,28,10,0,38,0,8,9,0,17,0,36,19,0,55,20,0,20,75
04/21/2003,CGF,OH,AGL,CE,Federal Contract Tower,0,25,45,0,70,0,20,35,0,55,0,45,80,0,125,32,0,32,157
04/22/2003,CGF,OH,AGL,CE,Federal Contract Tower,0,33,34,0,67,0,2,29,0,31,0,35,63,0,98,2,0,2,100
04/23/2003,CGF,OH,AGL,CE,Federal Contract Tower,0,26,31,0,57,0,15,76,2,93,0,41,107,2,150,78,0,78,228
04/24/2003,CGF,OH,AGL,CE,Federal Contract Tower,0,24,31,0,55,0,6,107,0,113,0,30,138,0,168,76,0,76,244
04/25/2003,CGF,OH,AGL,CE,Federal Contract Tower,0,28,39,0,67,0,7,56,0,63,0,35,95,0,130,100,0,100,230
04/26/2003,CGF,OH,AGL,CE,Federal Contract Tower,0,14,21,0,35,0,10,66,0,76,0,24,87,0,111,58,0,58,169
04/27/2003,CGF,OH,AGL,CE,Federal Contract Tower,0,20,27,0,47,0,24,91,0,115,0,44,118,0,162,80,0,80,242
04/28/2003,CGF,OH,AGL,CE,Federal Contract Tower,0,22,33,0,55,0,17,98,0,115,0,39,131,0,170,18,0,18,188
04/29/2003,CGF,OH,AGL,CE,Federal Contract Tower,0,19,38,0,57,0,6,72,0,78,0,25,110,0,135,108,0,108,243
04/30/2003,CGF,OH,AGL,CE,Federal Contract Tower,0,27,43,0,70,0,5,46,0,51,0,32,89,0,121,42,0,42,163
05/01/2003,CGF,OH,AGL,CE,Federal Contract Tower,0,27,44,0,71,0,12,30,0,42,0,39,74,0,113,14,0,14,127
05/02/2003,CGF,OH,AGL,CE,Federal Contract Tower,0,20,44,0,64,0,0,1,0,1,0,20,45,0,65,16,0,16,81
05/03/2003,CGF,OH,AGL,CE,Federal Contract Tower,0,10,32,0,42,0,7,66,0,73,0,17,98,0,115,112,0,112,227
05/04/2003,CGF,OH,AGL,CE,Federal Contract Tower,0,19,34,0,53,0,4,99,0,103,0,23,133,0,156,108,0,108,264
05/05/2003,CGF,OH,AGL,CE,Federal Contract Tower,0,22,22,0,44,0,11,4,0,15,0,33,26,0,59,0,0,0,59
05/06/2003,CGF,OH,AGL,CE,Federal Contract Tower,0,28,55,0,83,0,19,35,0,54,0,47,90,0,137,16,0,16,153
05/07/2003,CGF,OH,AGL,CE,Federal Contract Tower,0,19,37,0,56,0,10,12,0,22,0,29,49,0,78,0,0,0,78
05/08/2003,CGF,OH,AGL,CE,Federal Contract Tower,0,30,55,0,85,0,9,26,0,35,0,39,81,0,120,0,0,0,120
05/09/2003,CGF,OH,AGL,CE,Federal Contract Tower,0,23,42,0,65,0,15,61,0,76,0,38,103,0,141,42,0,42,183
05/10/2003,CGF,OH,AGL,CE,Federal Contract Tower,0,13,17,0,30,0,2,29,0,31,0,15,46,0,61,30,0,30,91
05/11/2003,CGF,OH,AGL,CE,Federal Contract Tower,0,17,27,0,44,0,17,3,0,20,0,34,30,0,64,0,0,0,64
05/12/2003,CGF,OH,AGL,CE,Federal Contract Tower,0,21,24,0,45,0,2,6,0,8,0,23,30,0,53,0,0,0,53
05/13/2003,CGF,OH,AGL,CE,Federal Contract Tower,0,20,40,0,60,0,16,44,0,60,0,36,84,0,120,34,0,34,154
05/14/2003,CGF,OH,AGL,CE,Federal Contract Tower,0,43,57,0,100,0,9,91,0,100,0,52,148,0,200,102,0,102,302
05/15/2003,CGF,OH,AGL,CE,Federal Contract Tower,0,34,63,0,97,0,11,52,2,65,0,45,115,2,162,60,0,60,222
05/16/2003,CGF,OH,AGL,CE,Federal Contract Tower,0,18,75,0,93,0,11,30,0,41,0,29,105,0,134,30,0,30,164
05/17/2003,CGF,OH,AGL,CE,Federal Contract Tower,0,14,34,0,48,0,12,97,0,109,0,26,131,0,157,54,0,54,211
05/18/2003,CGF,OH,AGL,CE,Federal Contract Tower,0,26,46,0,72,0,16,73,0,89,0,42,119,0,161,128,0,128,289
05/19/2003,CGF,OH,AGL,CE,Federal Contract Tower,0,22,43,0,65,0,11,97,0,108,0,33,140,0,173,84,0,84,257
05/20/2003,CGF,OH,AGL,CE,Federal Contract Tower,0,15,28,0,43,0,2,8,0,10,0,17,36,0,53,4,0,4,57
05/21/2003,CGF,OH,AGL,CE,Federal Contract Tower,0,25,44,0,69,0,6,67,0,73,0,31,111,0,142,96,0,96,238
05/22/2003,CGF,OH,AGL,CE,Federal Contract Tower,0,28,48,0,76,0,28,103,0,131,0,56,151,0,207,70,0,70,277
05/23/2003,CGF,OH,AGL,CE,Federal Contract Tower,0,23,46,0,69,0,6,43,0,49,0,29,89,0,118,38,0,38,156
05/24/2003,CGF,OH,AGL,CE,Federal Contract Tower,0,10,22,0,32,0,6,56,0,62,0,16,78,0,94,28,0,28,122
05/25/2003,CGF,OH,AGL,CE,Federal Contract Tower,0,14,25,0,39,0,17,84,0,101,0,31,109,0,140,80,0,80,220
05/26/2003,CGF,OH,AGL,CE,Federal Contract Tower,0,33,23,0,56,0,4,70,0,74,0,37,93,0,130,76,0,76,206
05/27/2003,CGF,OH,AGL,CE,Federal Contract Tower,0,14,37,0,51,0,0,5,0,5,0,14,42,0,56,14,0,14,70
05/28/2003,CGF,OH,AGL,CE,Federal Contract Tower,0,19,61,0,80,0,10,87,0,97,0,29,148,0,177,48,0,48,225
05/29/2003,CGF,OH,AGL,CE,Federal Contract Tower,0,22,43,0,65,0,11,72,0,83,0,33,115,0,148,74,0,74,222
05/30/2003,CGF,OH,AGL,CE,Federal Contract Tower,0,25,41,0,66,0,12,82,0,94,0,37,123,0,160,130,0,130,290
05/31/2003,CGF,OH,AGL,CE,Federal Contract Tower,0,8,16,0,24,0,0,0,0,0,0,8,16,0,24,0,0,0,24
06/01/2003,CGF,OH,AGL,CE,Federal Contract Tower,0,31,34,0,65,0,8,70,0,78,0,39,104,0,143,108,0,108,251
06/02/2003,CGF,OH,AGL,CE,Federal Contract Tower,0,14,41,0,55,0,9,66,0,75,0,23,107,0,130,76,0,76,206
06/03/2003,CGF,OH,AGL,CE,Federal Contract Tower,0,29,51,0,80,0,10,15,0,25,0,39,66,0,105,8,0,8,113
06/04/2003,CGF,OH,AGL,CE,Federal Contract Tower,0,29,65,0,94,0,0,5,0,5,0,29,70,0,99,0,0,0,99
06/05/2003,CGF,OH,AGL,CE,Federal Contract Tower,0,29,61,0,90,0,2,7,0,9,0,31,68,0,99,0,0,0,99
06/06/2003,CGF,OH,AGL,CE,Federal Contract Tower,0,24,39,0,63,0,9,117,0,126,0,33,156,0,189,144,0,144,333
06/07/2003,CGF,OH,AGL,CE,Federal Contract Tower,0,25,22,0,47,0,4,91,0,95,0,29,113,0,142,116,0,116,258
06/08/2003,CGF,OH,AGL,CE,Federal Contract Tower,0,23,13,0,36,0,11,36,0,47,0,34,49,0,83,46,0,46,129
06/09/2003,CGF,OH,AGL,CE,Federal Contract Tower,0,29,40,0,69,0,14,35,0,49,0,43,75,0,118,30,0,30,148
06/10/2003,CGF,OH,AGL,CE,Federal Contract Tower,0,20,40,0,60,0,23,34,0,57,0,43,74,0,117,80,0,80,197
06/11/2003,CGF,OH,AGL,CE,Federal Contract Tower,0,32,39,0,71,0,14,55,0,69,0,46,94,0,140,24,0,24,164
06/12/2003,CGF,OH,AGL,CE,Federal Contract Tower,0,26,37,0,63,0,2,29,0,31,0,28,66,0,94,6,0,6,100
06/13/2003,CGF,OH,AGL,CE,Federal Contract Tower,0,16,35,0,51,0,14,23,0,37,0,30,58,0,88,58,0,58,146
06/14/2003,CGF,OH,AGL,CE,Federal Contract Tower,0,16,18,0,34,0,10,49,0,59,0,26,67,0,93,36,0,36,129
06/15/2003,CGF,OH,AGL,CE,Federal Contract Tower,0,24,16,0,40,0,34,84,0,118,0,58,100,0,158,94,0,94,252
06/16/2003,CGF,OH,AGL,CE,Federal Contract Tower,0,27,43,0,70,0,9,90,0,99,0,36,133,0,169,88,0,88,257
06/17/2003,CGF,OH,AGL,CE,Federal Contract Tower,0,22,35,0,57,0,13,58,11,82,0,35,93,11,139,22,0,22,161
06/18/2003,CGF,OH,AGL,CE,Federal Contract Tower,0,24,66,0,90,0,25,33,2,60,0,49,99,2,150,50,0,50,200
06/19/2003,CGF,OH,AGL,CE,Federal Contract Tower,0,28,42,0,70,0,1,44,0,45,0,29,86,0,115,62,0,62,177
06/20/2003,CGF,OH,AGL,CE,Federal Contract Tower,0,17,40,0,57,0,17,54,0,71,0,34,94,0,128,104,0,104,232
06/21/2003,CGF,OH,AGL,CE,Federal Contract Tower,0,25,25,0,50,0,11,85,0,96,0,36,110,0,146,154,0,154,300
06/22/2003,CGF,OH,AGL,CE,Federal Contract Tower,0,34,34,0,68,0,14,108,0,122,0,48,142,0,190,128,0,128,318
06/23/2003,CGF,OH,AGL,CE,Federal Contract Tower,0,22,33,0,55,0,11,115,0,126,0,33,148,0,181,172,0,172,353
06/24/2003,CGF,OH,AGL,CE,Federal Contract Tower,0,29,50,0,79,0,16,87,0,103,0,45,137,0,182,178,0,178,360
06/25/2003,CGF,OH,AGL,CE,Federal Contract Tower,0,32,51,0,83,0,2,91,0,93,0,34,142,0,176,182,0,182,358
06/26/2003,CGF,OH,AGL,CE,Federal Contract Tower,0,25,38,0,63,0,6,35,0,41,0,31,73,0,104,66,0,66,170
06/27/2003,CGF,OH,AGL,CE,Federal Contract Tower,0,28,47,0,75,0,6,71,0,77,0,34,118,0,152,96,0,96,248
06/28/2003,CGF,OH,AGL,CE,Federal Contract Tower,0,25,21,0,46,0,8,121,0,129,0,33,142,0,175,152,0,152,327
06/29/2003,CGF,OH,AGL,CE,Federal Contract Tower,0,21,20,0,41,0,9,101,0,110,0,30,121,0,151,86,0,86,237
06/30/2003,CGF,OH,AGL,CE,Federal Contract Tower,0,25,45,0,70,0,19,106,0,125,0,44,151,0,195,218,0,218,413
07/01/2003,CGF,OH,AGL,CE,Federal Contract Tower,0,31,43,0,74,0,3,66,0,69,0,34,109,0,143,162,0,162,305
07/02/2003,CGF,OH,AGL,CE,Federal Contract Tower,0,30,63,0,93,0,26,63,0,89,0,56,126,0,182,302,0,302,484
07/03/2003,CGF,OH,AGL,CE,Federal Contract Tower,0,23,43,0,66,0,10,90,0,100,0,33,133,0,166,174,0,174,340
07/04/2003,CGF,OH,AGL,CE,Federal Contract Tower,0,17,25,0,42,0,6,73,0,79,0,23,98,0,121,64,0,64,185
07/05/2003,CGF,OH,AGL,CE,Federal Contract Tower,0,15,30,0,45,0,11,67,0,78,0,26,97,0,123,126,0,126,249
07/06/2003,CGF,OH,AGL,CE,Federal Contract Tower,0,23,43,0,66,0,21,68,0,89,0,44,111,0,155,90,0,90,245
07/07/2003,CGF,OH,AGL,CE,Federal Contract Tower,0,31,41,0,72,0,13,67,0,80,0,44,108,0,152,96,0,96,248
07/08/2003,CGF,OH,AGL,CE,Federal Contract Tower,0,15,24,0,39,0,6,68,0,74,0,21,92,0,113,116,0,116,229
07/09/2003,CGF,OH,AGL,CE,Federal Contract Tower,0,17,35,0,52,0,9,18,0,27,0,26,53,0,79,116,0,116,195
07/10/2003,CGF,OH,AGL,CE,Federal Contract Tower,0,28,51,0,79,0,3,7,0,10,0,31,58,0,89,98,0,98,187
07/11/2003,CGF,OH,AGL,CE,Federal Contract Tower,0,27,36,0,63,0,10,369,0,379,0,37,405,0,442,36,0,36,478
07/12/2003,CGF,OH,AGL,CE,Federal Contract Tower,0,22,24,0,46,0,10,70,0,80,0,32,94,0,126,84,0,84,210
07/13/2003,CGF,OH,AGL,CE,Federal Contract Tower,0,30,28,0,58,0,13,128,0,141,0,43,156,0,199,120,0,120,319
07/14/2003,CGF,OH,AGL,CE,Federal Contract Tower,0,24,23,0,47,0,18,130,0,148,0,42,153,0,195,148,0,148,343
07/15/2003,CGF,OH,AGL,CE,Federal Contract Tower,0,34,34,0,68,0,25,40,0,65,0,59,74,0,133,48,0,48,181
07/16/2003,CGF,OH,AGL,CE,Federal Contract Tower,0,18,46,0,64,0,18,86,0,104,0,36,132,0,168,74,0,74,242
07/17/2003,CGF,OH,AGL,CE,Federal Contract Tower,0,32,37,0,69,0,33,105,0,138,0,65,142,0,207,146,0,146,353
07/18/2003,CGF,OH,AGL,CE,Federal Contract Tower,0,31,40,0,71,0,6,74,0,80,0,37,114,0,151,54,0,54,205
07/19/2003,CGF,OH,AGL,CE,Federal Contract Tower,0,22,23,0,45,0,6,97,6,109,0,28,120,6,154,118,0,118,272
07/20/2003,CGF,OH,AGL,CE,Federal Contract Tower,0,32,18,0,50,0,8,67,2,77,0,40,85,2,127,80,0,80,207
07/21/2003,CGF,OH,AGL,CE,Federal Contract Tower,0,32,30,0,62,0,3,14,0,17,0,35,44,0,79,0,0,0,79
07/22/2003,CGF,OH,AGL,CE,Federal Contract Tower,0,29,40,0,69,0,3,14,2,19,0,32,54,2,88,0,0,0,88
07/23/2003,CGF,OH,AGL,CE,Federal Contract Tower,0,25,34,0,59,0,3,47,0,50,0,28,81,0,109,150,0,150,259
07/24/2003,CGF,OH,AGL,CE,Federal Contract Tower,0,26,51,0,77,0,4,106,0,110,0,30,157,0,187,170,0,170,357
07/25/2003,CGF,OH,AGL,CE,Federal Contract Tower,0,28,41,0,69,0,27,68,0,95,0,55,109,0,164,154,0,154,318
07/26/2003,CGF,OH,AGL,CE,Federal Contract Tower,0,27,15,0,42,0,8,89,0,97,0,35,104,0,139,86,0,86,225
07/27/2003,CGF,OH,AGL,CE,Federal Contract Tower,0,18,25,0,43,0,7,29,0,36,0,25,54,0,79,34,0,34,113
07/28/2003,CGF,OH,AGL,CE,Federal Contract Tower,0,27,23,0,50,0,14,88,0,102,0,41,111,0,152,66,0,66,218
07/29/2003,CGF,OH,AGL,CE,Federal Contract Tower,0,36,41,0,77,0,1,54,0,55,0,37,95,0,132,120,0,120,252
07/30/2003,CGF,OH,AGL,CE,Federal Contract Tower,0,23,45,0,68,0,10,92,0,102,0,33,137,0,170,120,0,120,290
07/31/2003,CGF,OH,AGL,CE,Federal Contract Tower,0,21,47,0,68,0,0,41,0,41,0,21,88,0,109,106,0,106,215
08/01/2003,CGF,OH,AGL,CE,Federal Contract Tower,0,38,31,0,69,0,8,39,0,47,0,46,70,0,116,118,0,118,234
08/02/2003,CGF,OH,AGL,CE,Federal Contract Tower,0,22,24,0,46,0,3,50,0,53,0,25,74,0,99,86,0,86,185
08/03/2003,CGF,OH,AGL,CE,Federal Contract Tower,0,17,32,0,49,0,10,37,0,47,0,27,69,0,96,36,0,36,132
08/04/2003,CGF,OH,AGL,CE,Federal Contract Tower,0,12,16,0,28,0,6,74,0,80,0,18,90,0,108,70,0,70,178
08/05/2003,CGF,OH,AGL,CE,Federal Contract Tower,0,29,31,0,60,0,13,94,0,107,0,42,125,0,167,62,0,62,229
08/06/2003,CGF,OH,AGL,CE,Federal Contract Tower,0,33,35,0,68,0,8,61,0,69,0,41,96,0,137,94,0,94,231
08/07/2003,CGF,OH,AGL,CE,Federal Contract Tower,0,31,41,0,72,0,11,85,0,96,0,42,126,0,168,118,0,118,286
08/08/2003,CGF,OH,AGL,CE,Federal Contract Tower,0,22,41,0,63,0,7,44,2,53,0,29,85,2,116,36,0,36,152
08/09/2003,CGF,OH,AGL,CE,Federal Contract Tower,0,17,33,0,50,0,12,22,0,34,0,29,55,0,84,26,0,26,110
08/10/2003,CGF,OH,AGL,CE,Federal Contract Tower,0,28,32,0,60,0,7,65,0,72,0,35,97,0,132,46,0,46,178
08/11/2003,CGF,OH,AGL,CE,Federal Contract Tower,0,25,38,0,63,0,8,86,0,94,0,33,124,0,157,72,0,72,229
08/12/2003,CGF,OH,AGL,CE,Federal Contract Tower,0,27,54,0,81,0,5,74,2,81,0,32,128,2,162,112,0,112,274
08/13/2003,CGF,OH,AGL,CE,Federal Contract Tower,0,37,55,0,92,0,30,82,0,112,0,67,137,0,204,106,0,106,310
08/14/2003,CGF,OH,AGL,CE,Federal Contract Tower,0,28,35,0,63,0,7,57,0,64,0,35,92,0,127,86,0,86,213
08/15/2003,CGF,OH,AGL,CE,Federal Contract Tower,0,26,27,0,53,0,13,31,0,44,0,39,58,0,97,62,0,62,159
08/16/2003,CGF,OH,AGL,CE,Federal Contract Tower,0,28,24,0,52,0,15,13,0,28,0,43,37,0,80,2,0,2,82
08/17/2003,CGF,OH,AGL,CE,Federal Contract Tower,0,38,35,0,73,0,26,69,0,95,0,64,104,0,168,44,0,44,212
08/18/2003,CGF,OH,AGL,CE,Federal Contract Tower,0,29,42,0,71,0,5,81,0,86,0,34,123,0,157,80,0,80,237
08/19/2003,CGF,OH,AGL,CE,Federal Contract Tower,0,36,51,0,87,0,10,122,0,132,0,46,173,0,219,122,0,122,341
08/20/2003,CGF,OH,AGL,CE,Federal Contract Tower,0,26,55,0,81,0,4,89,0,93,0,30,144,0,174,132,0,132,306
08/21/2003,CGF,OH,AGL,CE,Federal Contract Tower,0,25,51,0,76,0,8,46,0,54,0,33,97,0,130,114,0,114,244
08/22/2003,CGF,OH,AGL,CE,Federal Contract Tower,0,22,23,0,45,0,15,111,0,126,0,37,134,0,171,130,0,130,301
08/23/2003,CGF,OH,AGL,CE,Federal Contract Tower,0,14,30,0,44,0,5,65,0,70,0,19,95,0,114,100,0,100,214
08/24/2003,CGF,OH,AGL,CE,Federal Contract Tower,0,32,26,0,58,0,19,74,0,93,0,51,100,0,151,94,0,94,245
08/25/2003,CGF,OH,AGL,CE,Federal Contract Tower,0,17,40,0,57,0,0,111,2,113,0,17,151,2,170,112,0,112,282
08/26/2003,CGF,OH,AGL,CE,Federal Contract Tower,0,31,40,0,71,0,8,69,0,77,0,39,109,0,148,70,0,70,218
08/27/2003,CGF,OH,AGL,CE,Federal Contract Tower,0,34,40,0,74,0,11,87,2,100,0,45,127,2,174,142,0,142,316
08/28/2003,CGF,OH,AGL,CE,Federal Contract Tower,0,34,50,0,84,0,20,73,0,93,0,54,123,0,177,150,0,150,327
08/29/2003,CGF,OH,AGL,CE,Federal Contract Tower,0,32,40,0,72,0,4,40,0,44,0,36,80,0,116,58,0,58,174
08/30/2003,CGF,OH,AGL,CE,Federal Contract Tower,0,14,30,0,44,0,28,47,0,75,0,42,77,0,119,56,0,56,175
08/31/2003,CGF,OH,AGL,CE,Federal Contract Tower,0,26,27,0,53,0,30,62,0,92,0,56,89,0,145,138,0,138,283
09/01/2003,CGF,OH,AGL,CE,Federal Contract Tower,0,22,16,0,38,0,1,0,2,3,0,23,16,2,41,0,0,0,41
09/02/2003,CGF,OH,AGL,CE,Federal Contract Tower,0,25,23,0,48,0,25,48,0,73,0,50,71,0,121,26,0,26,147
09/03/2003,CGF,OH,AGL,CE,Federal Contract Tower,0,33,36,0,69,0,12,95,0,107,0,45,131,0,176,130,0,130,306
09/04/2003,CGF,OH,AGL,CE,Federal Contract Tower,0,32,40,0,72,0,13,36,0,49,0,45,76,0,121,44,0,44,165
09/05/2003,CGF,OH,AGL,CE,Federal Contract Tower,0,34,36,0,70,0,14,43,0,57,0,48,79,0,127,60,0,60,187
09/06/2003,CGF,OH,AGL,CE,Federal Contract Tower,0,16,39,0,55,0,8,101,0,109,0,24,140,0,164,98,0,98,262
09/07/2003,CGF,OH,AGL,CE,Federal Contract Tower,0,29,43,0,72,0,8,91,0,99,0,37,134,0,171,56,0,56,227
09/08/2003,CGF,OH,AGL,CE,Federal Contract Tower,0,19,30,0,49,0,17,50,0,67,0,36,80,0,116,40,0,40,156
09/09/2003,CGF,OH,AGL,CE,Federal Contract Tower,0,50,40,0,90,0,3,88,0,91,0,53,128,0,181,106,0,106,287
09/10/2003,CGF,OH,AGL,CE,Federal Contract Tower,0,42,63,0,105,0,2,121,0,123,0,44,184,0,228,96,0,96,324
09/11/2003,CGF,OH,AGL,CE,Federal Contract Tower,0,39,51,0,90,0,18,116,0,134,0,57,167,0,224,82,0,82,306
09/12/2003,CGF,OH,AGL,CE,Federal Contract Tower,0,29,49,0,78,0,15,72,0,87,0,44,121,0,165,86,0,86,251
09/13/2003,CGF,OH,AGL,CE,Federal Contract Tower,0,16,25,0,41,0,18,93,0,111,0,34,118,0,152,72,0,72,224
09/14/2003,CGF,OH,AGL,CE,Federal Contract Tower,0,28,40,0,68,0,33,52,0,85,0,61,92,0,153,56,0,56,209
09/15/2003,CGF,OH,AGL,CE,Federal Contract Tower,0,32,50,0,82,0,0,1,0,1,0,32,51,0,83,10,0,10,93
09/16/2003,CGF,OH,AGL,CE,Federal Contract Tower,0,35,24,0,59,0,9,95,2,106,0,44,119,2,165,100,0,100,265
09/17/2003,CGF,OH,AGL,CE,Federal Contract Tower,0,53,42,0,95,0,4,133,0,137,0,57,175,0,232,120,0,120,352
09/18/2003,CGF,OH,AGL,CE,Federal Contract Tower,0,33,49,0,82,0,1,86,0,87,0,34,135,0,169,62,0,62,231
09/19/2003,CGF,OH,AGL,CE,Federal Contract Tower,0,19,37,0,56,0,4,7,0,11,0,23,44,0,67,2,0,2,69
09/20/2003,CGF,OH,AGL,CE,Federal Contract Tower,0,16,22,0,38,0,20,86,0,106,0,36,108,0,144,92,0,92,236
09/21/2003,CGF,OH,AGL,CE,Federal Contract Tower,0,23,35,0,58,0,3,112,0,115,0,26,147,0,173,118,0,118,291
09/22/2003,CGF,OH,AGL,CE,Federal Contract Tower,0,22,38,0,60,0,12,16,0,28,0,34,54,0,88,0,0,0,88
09/23/2003,CGF,OH,AGL,CE,Federal Contract Tower,0,28,53,0,81,0,14,33,0,47,0,42,86,0,128,44,0,44,172
09/24/2003,CGF,OH,AGL,CE,Federal Contract Tower,0,22,56,0,78,0,8,58,0,66,0,30,114,0,144,38,0,38,182
09/25/2003,CGF,OH,AGL,CE,Federal Contract Tower,0,35,47,0,82,0,10,90,0,100,0,45,137,0,182,82,0,82,264
09/26/2003,CGF,OH,AGL,CE,Federal Contract Tower,0,24,41,0,65,0,0,79,0,79,0,24,120,0,144,44,0,44,188
09/27/2003,CGF,OH,AGL,CE,Federal Contract Tower,0,22,13,0,35,0,4,46,0,50,0,26,59,0,85,34,0,34,119
09/28/2003,CGF,OH,AGL,CE,Federal Contract Tower,0,29,30,0,59,0,2,70,0,72,0,31,100,0,131,72,0,72,203
09/29/2003,CGF,OH,AGL,CE,Federal Contract Tower,0,22,38,0,60,0,8,15,0,23,0,30,53,0,83,8,0,8,91
09/30/2003,CGF,OH,AGL,CE,Federal Contract Tower,0,23,47,0,70,0,11,35,0,46,0,34,82,0,116,22,0,22,138
10/01/2003,CGF,OH,AGL,CE,Federal Contract Tower,0,21,38,0,59,0,0,58,0,58,0,21,96,0,117,68,0,68,185
10/02/2003,CGF,OH,AGL,CE,Federal Contract Tower,0,37,55,0,92,0,2,64,0,66,0,39,119,0,158,16,0,16,174
10/03/2003,CGF,OH,AGL,CE,Federal Contract Tower,0,23,34,0,57,0,5,52,0,57,0,28,86,0,114,14,0,14,128
10/04/2003,CGF,OH,AGL,CE,Federal Contract Tower,0,12,18,0,30,0,23,12,0,35,0,35,30,0,65,0,0,0,65
10/05/2003,CGF,OH,AGL,CE,Federal Contract Tower,0,19,27,0,46,0,12,64,0,76,0,31,91,0,122,94,0,94,216
10/06/2003,CGF,OH,AGL,CE,Federal Contract Tower,0,17,24,0,41,0,2,67,0,69,0,19,91,0,110,84,0,84,194
10/07/2003,CGF,OH,AGL,CE,Federal Contract Tower,0,27,39,0,66,0,8,65,0,73,0,35,104,0,139,112,0,112,251
10/08/2003,CGF,OH,AGL,CE,Federal Contract Tower,0,29,43,0,72,0,18,77,0,95,0,47,120,0,167,98,0,98,265
10/09/2003,CGF,OH,AGL,CE,Federal Contract Tower,0,32,48,0,80,0,13,103,0,116,0,45,151,0,196,128,0,128,324
10/10/2003,CGF,OH,AGL,CE,Federal Contract Tower,0,34,51,0,85,0,5,115,0,120,0,39,166,0,205,100,0,100,305
10/11/2003,CGF,OH,AGL,CE,Federal Contract Tower,0,12,18,0,30,0,3,131,0,134,0,15,149,0,164,68,0,68,232
10/12/2003,CGF,OH,AGL,CE,Federal Contract Tower,0,15,22,0,37,0,7,50,0,57,0,22,72,0,94,52,0,52,146
10/13/2003,CGF,OH,AGL,CE,Federal Contract Tower,0,23,35,0,58,0,3,86,0,89,0,26,121,0,147,46,0,46,193
10/14/2003,CGF,OH,AGL,CE,Federal Contract Tower,0,25,38,0,63,0,5,28,0,33,0,30,66,0,96,10,0,10,106
10/15/2003,CGF,OH,AGL,CE,Federal Contract Tower,0,35,59,0,94,0,0,24,0,24,0,35,83,0,118,4,0,4,122
10/16/2003,CGF,OH,AGL,CE,Federal Contract Tower,0,41,61,0,102,0,16,79,0,95,0,57,140,0,197,76,0,76,273
10/17/2003,CGF,OH,AGL,CE,Federal Contract Tower,0,31,48,0,79,0,10,125,0,135,0,41,173,0,214,86,0,86,300
10/18/2003,CGF,OH,AGL,CE,Federal Contract Tower,0,15,25,0,40,0,8,78,0,86,0,23,103,0,126,58,0,58,184
10/19/2003,CGF,OH,AGL,CE,Federal Contract Tower,0,18,30,0,48,0,14,68,0,82,0,32,98,0,130,84,0,84,214
10/20/2003,CGF,OH,AGL,CE,Federal Contract Tower,0,23,36,0,59,0,8,58,0,66,0,31,94,0,125,58,0,58,183
10/21/2003,CGF,OH,AGL,CE,Federal Contract Tower,0,28,45,0,73,0,15,32,0,47,0,43,77,0,120,22,0,22,142
10/22/2003,CGF,OH,AGL,CE,Federal Contract Tower,0,22,34,0,56,0,6,30,0,36,0,28,64,0,92,8,0,8,100
10/23/2003,CGF,OH,AGL,CE,Federal Contract Tower,0,32,66,0,98,0,0,46,0,46,0,32,112,0,144,52,0,52,196
10/24/2003,CGF,OH,AGL,CE,Federal Contract Tower,0,29,46,0,75,0,10,101,0,111,0,39,147,0,186,116,0,116,302
10/25/2003,CGF,OH,AGL,CE,Federal Contract Tower,0,10,17,0,27,0,14,52,0,66,0,24,69,0,93,38,0,38,131
10/26/2003,CGF,OH,AGL,CE,Federal Contract Tower,0,25,40,0,65,0,8,12,0,20,0,33,52,0,85,0,0,0,85
10/27/2003,CGF,OH,AGL,CE,Federal Contract Tower,0,23,36,0,59,0,7,22,0,29,0,30,58,0,88,22,0,22,110
10/28/2003,CGF,OH,AGL,CE,Federal Contract Tower,0,31,49,0,80,0,11,48,0,59,0,42,97,0,139,6,0,6,145
10/29/2003,CGF,OH,AGL,CE,Federal Contract Tower,0,31,48,0,79,0,8,67,0,75,0,39,115,0,154,62,0,62,216
10/30/2003,CGF,OH,AGL,CE,Federal Contract Tower,0,33,52,0,85,0,3,73,0,76,0,36,125,0,161,50,0,50,211
10/31/2003,CGF,OH,AGL,CE,Federal Contract Tower,0,20,31,0,51,0,1,68,0,69,0,21,99,0,120,48,0,48,168
11/01/2003,CGF,OH,AGL,CE,Federal Contract Tower,0,20,25,0,45,0,8,5,0,13,0,28,30,0,58,0,0,0,58
11/02/2003,CGF,OH,AGL,CE,Federal Contract Tower,0,27,33,0,60,0,18,56,0,74,0,45,89,0,134,36,0,36,170
11/03/2003,CGF,OH,AGL,CE,Federal Contract Tower,0,24,31,0,55,0,0,45,0,45,0,24,76,0,100,52,0,52,152
11/04/2003,CGF,OH,AGL,CE,Federal Contract Tower,0,28,36,0,64,0,4,99,0,103,0,32,135,0,167,72,0,72,239
11/05/2003,CGF,OH,AGL,CE,Federal Contract Tower,0,27,35,0,62,0,5,21,0,26,0,32,56,0,88,0,0,0,88
11/06/2003,CGF,OH,AGL,CE,Federal Contract Tower,0,28,36,0,64,0,20,33,0,53,0,48,69,0,117,92,0,92,209
11/07/2003,CGF,OH,AGL,CE,Federal Contract Tower,0,19,41,0,60,0,0,82,0,82,0,19,123,0,142,124,0,124,266
11/08/2003,CGF,OH,AGL,CE,Federal Contract Tower,0,23,28,0,51,0,12,47,0,59,0,35,75,0,110,104,0,104,214
11/09/2003,CGF,OH,AGL,CE,Federal Contract Tower,0,23,29,0,52,0,21,92,0,113,0,44,121,0,165,76,0,76,241
11/10/2003,CGF,OH,AGL,CE,Federal Contract Tower,0,31,40,0,71,0,3,77,0,80,0,34,117,0,151,78,0,78,229
11/11/2003,CGF,OH,AGL,CE,Federal Contract Tower,0,18,33,0,51,0,0,33,0,33,0,18,66,0,84,18,0,18,102
11/12/2003,CGF,OH,AGL,CE,Federal Contract Tower,0,36,51,0,87,0,0,54,0,54,0,36,105,0,141,64,0,64,205
11/13/2003,CGF,OH,AGL,CE,Federal Contract Tower,0,12,15,0,27,0,0,5,0,5,0,12,20,0,32,2,0,2,34
11/14/2003,CGF,OH,AGL,CE,Federal Contract Tower,0,33,41,0,74,0,0,56,0,56,0,33,97,0,130,8,0,8,138
11/15/2003,CGF,OH,AGL,CE,Federal Contract Tower,0,9,14,0,23,0,0,46,0,46,0,9,60,0,69,44,0,44,113
11/16/2003,CGF,OH,AGL,CE,Federal Contract Tower,0,22,28,0,50,0,18,9,0,27,0,40,37,0,77,0,0,0,77
11/17/2003,CGF,OH,AGL,CE,Federal Contract Tower,0,24,30,0,54,0,4,43,0,47,0,28,73,0,101,64,0,64,165
11/18/2003,CGF,OH,AGL,CE,Federal Contract Tower,0,31,42,0,73,0,5,15,0,20,0,36,57,0,93,10,0,10,103
11/19/2003,CGF,OH,AGL,CE,Federal Contract Tower,0,28,38,0,66,0,1,15,0,16,0,29,53,0,82,10,0,10,92
11/20/2003,CGF,OH,AGL,CE,Federal Contract Tower,0,42,55,0,97,0,3,75,0,78,0,45,130,0,175,94,0,94,269
11/21/2003,CGF,OH,AGL,CE,Federal Contract Tower,0,33,45,0,78,0,15,66,0,81,0,48,111,0,159,158,0,158,317
11/22/2003,CGF,OH,AGL,CE,Federal Contract Tower,0,21,28,0,49,0,6,90,0,96,0,27,118,0,145,106,0,106,251
11/23/2003,CGF,OH,AGL,CE,Federal Contract Tower,0,21,28,0,49,0,6,62,0,68,0,27,90,0,117,42,0,42,159
11/24/2003,CGF,OH,AGL,CE,Federal Contract Tower,0,20,27,0,47,0,5,11,0,16,0,25,38,0,63,0,0,0,63
11/25/2003,CGF,OH,AGL,CE,Federal Contract Tower,0,32,47,0,79,0,0,86,0,86,0,32,133,0,165,32,0,32,197
11/26/2003,CGF,OH,AGL,CE,Federal Contract Tower,0,31,42,0,73,0,18,52,0,70,0,49,94,0,143,130,0,130,273
11/27/2003,CGF,OH,AGL,CE,Federal Contract Tower,0,10,15,0,25,0,5,2,0,7,0,15,17,0,32,0,0,0,32
11/28/2003,CGF,OH,AGL,CE,Federal Contract Tower,0,15,10,0,25,0,10,0,0,10,0,25,10,0,35,0,0,0,35
11/29/2003,CGF,OH,AGL,CE,Federal Contract Tower,0,22,29,0,51,0,15,24,0,39,0,37,53,0,90,4,0,4,94
11/30/2003,CGF,OH,AGL,CE,Federal Contract Tower,0,26,35,0,61,0,13,43,0,56,0,39,78,0,117,44,0,44,161
12/01/2003,CGF,OH,AGL,CE,Federal Contract Tower,0,22,29,0,51,0,8,37,0,45,0,30,66,0,96,0,0,0,96
12/02/2003,CGF,OH,AGL,CE,Federal Contract Tower,0,26,34,0,60,0,2,36,0,38,0,28,70,0,98,14,0,14,112
12/03/2003,CGF,OH,AGL,CE,Federal Contract Tower,0,36,47,0,83,0,26,70,0,96,0,62,117,0,179,80,0,80,259
12/04/2003,CGF,OH,AGL,CE,Federal Contract Tower,0,33,43,0,76,0,7,46,0,53,0,40,89,0,129,112,0,112,241
12/05/2003,CGF,OH,AGL,CE,Federal Contract Tower,0,19,26,0,45,0,0,1,0,1,0,19,27,0,46,0,0,0,46
12/06/2003,CGF,OH,AGL,CE,Federal Contract Tower,0,16,21,0,37,0,1,50,0,51,0,17,71,0,88,36,0,36,124
12/07/2003,CGF,OH,AGL,CE,Federal Contract Tower,0,21,27,0,48,0,8,62,0,70,0,29,89,0,118,18,0,18,136
12/08/2003,CGF,OH,AGL,CE,Federal Contract Tower,0,26,34,0,60,0,6,49,0,55,0,32,83,0,115,52,0,52,167
12/09/2003,CGF,OH,AGL,CE,Federal Contract Tower,0,34,44,0,78,0,7,20,0,27,0,41,64,0,105,0,0,0,105
12/10/2003,CGF,OH,AGL,CE,Federal Contract Tower,0,31,39,0,70,0,2,27,0,29,0,33,66,0,99,30,0,30,129
12/11/2003,CGF,OH,AGL,CE,Federal Contract Tower,0,38,46,0,84,0,13,0,0,13,0,51,46,0,97,4,0,4,101
12/12/2003,CGF,OH,AGL,CE,Federal Contract Tower,0,21,34,0,55,0,0,11,0,11,0,21,45,0,66,0,0,0,66
12/13/2003,CGF,OH,AGL,CE,Federal Contract Tower,0,19,24,0,43,0,6,55,0,61,0,25,79,0,104,100,0,100,204
12/14/2003,CGF,OH,AGL,CE,Federal Contract Tower,0,7,9,0,16,0,0,1,0,1,0,7,10,0,17,0,0,0,17
12/15/2003,CGF,OH,AGL,CE,Federal Contract Tower,0,30,38,0,68,0,8,20,0,28,0,38,58,0,96,14,0,14,110
12/16/2003,CGF,OH,AGL,CE,Federal Contract Tower,0,32,41,0,73,0,11,26,0,37,0,43,67,0,110,0,0,0,110
12/17/2003,CGF,OH,AGL,CE,Federal Contract Tower,0,16,29,0,45,0,0,25,0,25,0,16,54,0,70,0,0,0,70
12/18/2003,CGF,OH,AGL,CE,Federal Contract Tower,0,7,25,0,32,0,0,14,0,14,0,7,39,0,46,0,0,0,46
12/19/2003,CGF,OH,AGL,CE,Federal Contract Tower,0,16,23,0,39,0,10,9,0,19,0,26,32,0,58,0,0,0,58
12/20/2003,CGF,OH,AGL,CE,Federal Contract Tower,0,7,11,0,18,0,7,12,0,19,0,14,23,0,37,4,0,4,41
12/21/2003,CGF,OH,AGL,CE,Federal Contract Tower,0,21,29,0,50,0,19,50,0,69,0,40,79,0,119,0,0,0,119
12/22/2003,CGF,OH,AGL,CE,Federal Contract Tower,0,17,28,0,45,0,0,78,0,78,0,17,106,0,123,68,0,68,191
12/23/2003,CGF,OH,AGL,CE,Federal Contract Tower,0,14,20,0,34,0,13,22,0,35,0,27,42,0,69,22,0,22,91
12/24/2003,CGF,OH,AGL,CE,Federal Contract Tower,0,7,8,0,15,0,3,0,0,3,0,10,8,0,18,0,0,0,18
12/25/2003,CGF,OH,AGL,CE,Federal Contract Tower,0,2,3,0,5,0,1,0,0,1,0,3,3,0,6,0,0,0,6
12/26/2003,CGF,OH,AGL,CE,Federal Contract Tower,0,22,30,0,52,0,12,26,0,38,0,34,56,0,90,24,0,24,114
12/27/2003,CGF,OH,AGL,CE,Federal Contract Tower,0,17,23,0,40,0,22,54,0,76,0,39,77,0,116,106,0,106,222
12/28/2003,CGF,OH,AGL,CE,Federal Contract Tower,0,16,23,0,39,0,13,53,0,66,0,29,76,0,105,56,0,56,161
12/29/2003,CGF,OH,AGL,CE,Federal Contract Tower,0,18,24,0,42,0,4,39,0,43,0,22,63,0,85,14,0,14,99
12/30/2003,CGF,OH,AGL,CE,Federal Contract Tower,0,16,23,0,39,0,20,27,0,47,0,36,50,0,86,0,0,0,86
12/31/2003,CGF,OH,AGL,CE,Federal Contract Tower,0,12,18,0,30,0,12,43,0,55,0,24,61,0,85,16,0,16,101
01/01/2004,CGF,OH,AGL,CE,Federal Contract Tower,0,9,14,0,23,0,11,29,0,40,0,20,43,0,63,20,0,20,83
01/02/2004,CGF,OH,AGL,CE,Federal Contract Tower,0,8,13,0,21,0,9,0,0,9,0,17,13,0,30,0,0,0,30
01/03/2004,CGF,OH,AGL,CE,Federal Contract Tower,0,18,29,0,47,0,17,12,0,29,0,35,41,0,76,36,0,36,112
01/04/2004,CGF,OH,AGL,CE,Federal Contract Tower,0,13,17,0,30,0,4,0,0,4,0,17,17,0,34,0,0,0,34
01/05/2004,CGF,OH,AGL,CE,Federal Contract Tower,0,14,24,0,38,0,9,1,0,10,0,23,25,0,48,0,0,0,48
01/06/2004,CGF,OH,AGL,CE,Federal Contract Tower,0,13,20,0,33,0,0,22,0,22,0,13,42,0,55,4,0,4,59
01/07/2004,CGF,OH,AGL,CE,Federal Contract Tower,0,19,31,0,50,0,2,2,0,4,0,21,33,0,54,0,0,0,54
01/08/2004,CGF,OH,AGL,CE,Federal Contract Tower,0,16,26,0,42,0,7,31,0,38,0,23,57,0,80,32,0,32,112
01/09/2004,CGF,OH,AGL,CE,Federal Contract Tower,0,16,27,0,43,0,5,42,0,47,0,21,69,0,90,16,0,16,106
01/10/2004,CGF,OH,AGL,CE,Federal Contract Tower,0,11,17,0,28,0,9,54,0,63,0,20,71,0,91,116,0,116,207
01/11/2004,CGF,OH,AGL,CE,Federal Contract Tower,0,15,25,0,40,0,7,25,0,32,0,22,50,0,72,10,0,10,82
01/12/2004,CGF,OH,AGL,CE,Federal Contract Tower,0,15,24,0,39,0,3,13,0,16,0,18,37,0,55,0,0,0,55
01/13/2004,CGF,OH,AGL,CE,Federal Contract Tower,0,12,29,0,41,0,0,24,0,24,0,12,53,0,65,0,0,0,65
01/14/2004,CGF,OH,AGL,CE,Federal Contract Tower,0,18,31,0,49,0,4,30,0,34,0,22,61,0,83,16,0,16,99
01/15/2004,CGF,OH,AGL,CE,Federal Contract Tower,0,12,19,0,31,0,0,0,0,0,0,12,19,0,31,0,0,0,31
01/16/2004,CGF,OH,AGL,CE,Federal Contract Tower,0,12,28,0,40,0,0,15,0,15,0,12,43,0,55,0,0,0,55
01/17/2004,CGF,OH,AGL,CE,Federal Contract Tower,0,6,13,0,19,0,0,5,0,5,0,6,18,0,24,0,0,0,24
01/18/2004,CGF,OH,AGL,CE,Federal Contract Tower,0,4,8,0,12,0,2,11,0,13,0,6,19,0,25,0,0,0,25
01/19/2004,CGF,OH,AGL,CE,Federal Contract Tower,0,5,13,0,18,0,0,2,0,2,0,5,15,0,20,0,0,0,20
01/20/2004,CGF,OH,AGL,CE,Federal Contract Tower,0,18,32,0,50,0,5,27,0,32,0,23,59,0,82,4,0,4,86
01/21/2004,CGF,OH,AGL,CE,Federal Contract Tower,0,15,28,0,43,0,18,58,0,76,0,33,86,0,119,20,0,20,139
01/22/2004,CGF,OH,AGL,CE,Federal Contract Tower,0,10,22,0,32,0,0,8,0,8,0,10,30,0,40,0,0,0,40
01/23/2004,CGF,OH,AGL,CE,Federal Contract Tower,0,4,16,0,20,0,0,9,0,9,0,4,25,0,29,0,0,0,29
01/24/2004,CGF,OH,AGL,CE,Federal Contract Tower,0,5,11,0,16,0,6,5,0,11,0,11,16,0,27,0,0,0,27
01/25/2004,CGF,OH,AGL,CE,Federal Contract Tower,0,8,20,0,28,0,0,36,0,36,0,8,56,0,64,0,0,0,64
01/26/2004,CGF,OH,AGL,CE,Federal Contract Tower,0,3,14,0,17,0,0,5,0,5,0,3,19,0,22,0,0,0,22
01/27/2004,CGF,OH,AGL,CE,Federal Contract Tower,0,7,30,0,37,0,0,9,0,9,0,7,39,0,46,0,0,0,46
01/28/2004,CGF,OH,AGL,CE,Federal Contract Tower,0,15,27,0,42,0,0,32,0,32,0,15,59,0,74,0,0,0,74
01/29/2004,CGF,OH,AGL,CE,Federal Contract Tower,0,8,27,0,35,0,0,16,0,16,0,8,43,0,51,0,0,0,51
01/30/2004,CGF,OH,AGL,CE,Federal Contract Tower,0,9,23,0,32,0,0,19,0,19,0,9,42,0,51,4,0,4,55
01/31/2004,CGF,OH,AGL,CE,Federal Contract Tower,0,10,20,0,30,0,5,24,0,29,0,15,44,0,59,32,0,32,91
02/01/2004,CGF,OH,AGL,CE,Federal Contract Tower,0,17,23,0,40,0,0,47,0,47,0,17,70,0,87,40,0,40,127
02/02/2004,CGF,OH,AGL,CE,Federal Contract Tower,0,20,27,0,47,0,1,46,0,47,0,21,73,0,94,32,0,32,126
02/03/2004,CGF,OH,AGL,CE,Federal Contract Tower,0,16,22,0,38,0,4,6,0,10,0,20,28,0,48,0,0,0,48
02/04/2004,CGF,OH,AGL,CE,Federal Contract Tower,0,24,33,0,57,0,3,73,0,76,0,27,106,0,133,72,0,72,205
02/05/2004,CGF,OH,AGL,CE,Federal Contract Tower,0,15,20,0,35,0,10,51,0,61,0,25,71,0,96,22,0,22,118
02/06/2004,CGF,OH,AGL,CE,Federal Contract Tower,0,20,32,0,52,0,0,3,0,3,0,20,35,0,55,10,0,10,65
02/07/2004,CGF,OH,AGL,CE,Federal Contract Tower,0,7,8,0,15,0,2,9,0,11,0,9,17,0,26,0,0,0,26
02/08/2004,CGF,OH,AGL,CE,Federal Contract Tower,0,16,22,0,38,0,11,79,0,90,0,27,101,0,128,62,0,62,190
02/09/2004,CGF,OH,AGL,CE,Federal Contract Tower,0,15,20,0,35,0,6,36,0,42,0,21,56,0,77,18,0,18,95
02/10/2004,CGF,OH,AGL,CE,Federal Contract Tower,0,25,35,0,60,0,1,2,0,3,0,26,37,0,63,20,0,20,83
02/11/2004,CGF,OH,AGL,CE,Federal Contract Tower,0,23,32,0,55,0,5,92,0,97,0,28,124,0,152,60,0,60,212
02/12/2004,CGF,OH,AGL,CE,Federal Contract Tower,0,31,45,0,76,0,5,51,0,56,0,36,96,0,132,30,0,30,162
02/13/2004,CGF,OH,AGL,CE,Federal Contract Tower,0,20,27,0,47,0,6,45,0,51,0,26,72,0,98,48,0,48,146
02/14/2004,CGF,OH,AGL,CE,Federal Contract Tower,0,16,23,0,39,0,21,40,0,61,0,37,63,0,100,74,0,74,174
02/15/2004,CGF,OH,AGL,CE,Federal Contract Tower,0,18,26,0,44,0,8,29,0,37,0,26,55,0,81,26,0,26,107
02/16/2004,CGF,OH,AGL,CE,Federal Contract Tower,0,19,29,0,48,0,6,61,0,67,0,25,90,0,115,52,0,52,167
02/17/2004,CGF,OH,AGL,CE,Federal Contract Tower,0,19,29,0,48,0,6,47,0,53,0,25,76,0,101,46,0,46,147
02/18/2004,CGF,OH,AGL,CE,Federal Contract Tower,0,32,49,0,81,0,3,65,0,68,0,35,114,0,149,102,0,102,251
02/19/2004,CGF,OH,AGL,CE,Federal Contract Tower,0,26,38,0,64,0,0,88,0,88,0,26,126,0,152,86,0,86,238
02/20/2004,CGF,OH,AGL,CE,Federal Contract Tower,0,19,30,0,49,0,3,72,0,75,0,22,102,0,124,20,0,20,144
02/21/2004,CGF,OH,AGL,CE,Federal Contract Tower,0,8,13,0,21,0,10,0,0,10,0,18,13,0,31,0,0,0,31
02/22/2004,CGF,OH,AGL,CE,Federal Contract Tower,0,18,27,0,45,0,9,50,0,59,0,27,77,0,104,98,0,98,202
02/23/2004,CGF,OH,AGL,CE,Federal Contract Tower,0,17,25,0,42,0,9,51,0,60,0,26,76,0,102,42,0,42,144
02/24/2004,CGF,OH,AGL,CE,Federal Contract Tower,0,24,37,0,61,0,3,10,2,15,0,27,47,2,76,0,0,0,76
02/25/2004,CGF,OH,AGL,CE,Federal Contract Tower,0,23,35,0,58,0,6,52,0,58,0,29,87,0,116,66,0,66,182
02/26/2004,CGF,OH,AGL,CE,Federal Contract Tower,0,28,43,0,71,0,2,85,2,89,0,30,128,2,160,68,0,68,228
02/27/2004,CGF,OH,AGL,CE,Federal Contract Tower,0,23,38,0,61,0,0,136,0,136,0,23,174,0,197,88,0,88,285
02/28/2004,CGF,OH,AGL,CE,Federal Contract Tower,0,16,24,0,40,0,3,150,0,153,0,19,174,0,193,134,0,134,327
02/29/2004,CGF,OH,AGL,CE,Federal Contract Tower,0,21,33,0,54,0,9,112,0,121,0,30,145,0,175,120,0,120,295
03/01/2004,CGF,OH,AGL,CE,Federal Contract Tower,0,18,32,0,50,0,2,36,0,38,0,20,68,0,88,34,0,34,122
03/02/2004,CGF,OH,AGL,CE,Federal Contract Tower,0,22,38,0,60,0,13,27,0,40,0,35,65,0,100,34,0,34,134
03/03/2004,CGF,OH,AGL,CE,Federal Contract Tower,0,22,50,0,72,0,0,54,0,54,0,22,104,0,126,56,0,56,182
03/04/2004,CGF,OH,AGL,CE,Federal Contract Tower,0,25,43,0,68,0,4,8,0,12,0,29,51,0,80,0,0,0,80
03/05/2004,CGF,OH,AGL,CE,Federal Contract Tower,0,16,29,0,45,0,22,11,0,33,0,38,40,0,78,0,0,0,78
03/06/2004,CGF,OH,AGL,CE,Federal Contract Tower,0,12,21,0,33,0,11,45,0,56,0,23,66,0,89,48,0,48,137
03/07/2004,CGF,OH,AGL,CE,Federal Contract Tower,0,12,21,0,33,0,19,28,0,47,0,31,49,0,80,28,0,28,108
03/08/2004,CGF,OH,AGL,CE,Federal Contract Tower,0,11,19,0,30,0,4,2,0,6,0,15,21,0,36,8,0,8,44
03/09/2004,CGF,OH,AGL,CE,Federal Contract Tower,0,22,40,0,62,0,11,47,0,58,0,33,87,0,120,36,0,36,156
03/10/2004,CGF,OH,AGL,CE,Federal Contract Tower,0,26,60,0,86,0,0,100,0,100,0,26,160,0,186,100,0,100,286
03/11/2004,CGF,OH,AGL,CE,Federal Contract Tower,0,19,54,0,73,0,0,25,0,25,0,19,79,0,98,46,0,46,144
03/12/2004,CGF,OH,AGL,CE,Federal Contract Tower,0,15,27,0,42,0,0,3,0,3,0,15,30,0,45,0,0,0,45
03/13/2004,CGF,OH,AGL,CE,Federal Contract Tower,0,3,19,0,22,0,0,113,0,113,0,3,132,0,135,94,0,94,229
03/14/2004,CGF,OH,AGL,CE,Federal Contract Tower,0,11,19,0,30,0,4,35,0,39,0,15,54,0,69,6,0,6,75
03/15/2004,CGF,OH,AGL,CE,Federal Contract Tower,0,16,31,0,47,0,7,50,0,57,0,23,81,0,104,78,0,78,182
03/16/2004,CGF,OH,AGL,CE,Federal Contract Tower,0,0,6,0,6,0,0,5,0,5,0,0,11,0,11,0,0,0,11
03/17/2004,CGF,OH,AGL,CE,Federal Contract Tower,0,19,35,0,54,0,0,35,0,35,0,19,70,0,89,20,0,20,109
03/18/2004,CGF,OH,AGL,CE,Federal Contract Tower,0,17,33,0,50,0,4,18,0,22,0,21,51,0,72,20,0,20,92
03/19/2004,CGF,OH,AGL,CE,Federal Contract Tower,0,22,42,0,64,0,8,82,0,90,0,30,124,0,154,116,0,116,270
03/20/2004,CGF,OH,AGL,CE,Federal Contract Tower,0,9,18,0,27,0,2,36,0,38,0,11,54,0,65,38,0,38,103
03/21/2004,CGF,OH,AGL,CE,Federal Contract Tower,0,9,19,0,28,0,15,14,0,29,0,24,33,0,57,14,0,14,71
03/22/2004,CGF,OH,AGL,CE,Federal Contract Tower,0,21,39,0,60,0,3,40,0,43,0,24,79,0,103,56,0,56,159
03/23/2004,CGF,OH,AGL,CE,Federal Contract Tower,0,19,36,0,55,0,10,59,0,69,0,29,95,0,124,66,0,66,190
03/24/2004,CGF,OH,AGL,CE,Federal Contract Tower,0,21,39,0,60,0,6,47,0,53,0,27,86,0,113,24,0,24,137
03/25/2004,CGF,OH,AGL,CE,Federal Contract Tower,0,17,32,0,49,0,7,50,0,57,0,24,82,0,106,30,0,30,136
03/26/2004,CGF,OH,AGL,CE,Federal Contract Tower,0,24,45,0,69,0,3,28,0,31,0,27,73,0,100,4,0,4,104
03/27/2004,CGF,OH,AGL,CE,Federal Contract Tower,0,12,24,0,36,0,9,23,0,32,0,21,47,0,68,22,0,22,90
03/28/2004,CGF,OH,AGL,CE,Federal Contract Tower,0,17,33,0,50,0,22,79,0,101,0,39,112,0,151,114,0,114,265
03/29/2004,CGF,OH,AGL,CE,Federal Contract Tower,0,20,37,0,57,0,2,55,0,57,0,22,92,0,114,30,0,30,144
03/30/2004,CGF,OH,AGL,CE,Federal Contract Tower,0,16,31,0,47,0,0,0,0,0,0,16,31,0,47,0,0,0,47
03/31/2004,CGF,OH,AGL,CE,Federal Contract Tower,0,6,19,0,25,0,0,4,0,4,0,6,23,0,29,0,0,0,29
04/01/2004,CGF,OH,AGL,CE,Federal Contract Tower,0,16,26,0,42,0,0,4,0,4,0,16,30,0,46,0,0,0,46
04/02/2004,CGF,OH,AGL,CE,Federal Contract Tower,0,8,20,0,28,0,0,8,0,8,0,8,28,0,36,0,0,0,36
04/03/2004,CGF,OH,AGL,CE,Federal Contract Tower,0,22,28,0,50,0,4,85,0,89,0,26,113,0,139,126,0,126,265
04/04/2004,CGF,OH,AGL,CE,Federal Contract Tower,0,14,19,0,33,0,11,1,0,12,0,25,20,0,45,0,0,0,45
04/05/2004,CGF,OH,AGL,CE,Federal Contract Tower,0,25,34,0,59,0,7,81,0,88,0,32,115,0,147,80,0,80,227
04/06/2004,CGF,OH,AGL,CE,Federal Contract Tower,0,27,35,0,62,0,5,49,0,54,0,32,84,0,116,44,0,44,160
04/07/2004,CGF,OH,AGL,CE,Federal Contract Tower,0,21,42,0,63,0,0,49,0,49,0,21,91,0,112,26,0,26,138
04/08/2004,CGF,OH,AGL,CE,Federal Contract Tower,0,24,32,0,56,0,10,89,0,99,0,34,121,0,155,20,0,20,175
04/09/2004,CGF,OH,AGL,CE,Federal Contract Tower,0,23,30,0,53,0,10,122,0,132,0,33,152,0,185,148,0,148,333
04/10/2004,CGF,OH,AGL,CE,Federal Contract Tower,0,16,21,0,37,0,14,103,0,117,0,30,124,0,154,94,0,94,248
04/11/2004,CGF,OH,AGL,CE,Federal Contract Tower,0,18,24,0,42,0,25,56,0,81,0,43,80,0,123,122,0,122,245
04/12/2004,CGF,OH,AGL,CE,Federal Contract Tower,0,17,21,0,38,0,7,73,0,80,0,24,94,0,118,56,0,56,174
04/13/2004,CGF,OH,AGL,CE,Federal Contract Tower,0,18,25,0,43,0,0,1,0,1,0,18,26,0,44,0,0,0,44
04/14/2004,CGF,OH,AGL,CE,Federal Contract Tower,0,29,38,0,67,0,9,57,0,66,0,38,95,0,133,20,0,20,153
04/15/2004,CGF,OH,AGL,CE,Federal Contract Tower,0,19,27,0,46,0,5,117,0,122,0,24,144,0,168,102,0,102,270
04/16/2004,CGF,OH,AGL,CE,Federal Contract Tower,0,26,36,0,62,0,2,112,0,114,0,28,148,0,176,80,0,80,256
04/17/2004,CGF,OH,AGL,CE,Federal Contract Tower,0,17,25,0,42,0,3,77,0,80,0,20,102,0,122,108,0,108,230
04/18/2004,CGF,OH,AGL,CE,Federal Contract Tower,0,21,31,0,52,0,16,58,0,74,0,37,89,0,126,50,0,50,176
04/19/2004,CGF,OH,AGL,CE,Federal Contract Tower,0,25,35,0,60,0,31,24,2,57,0,56,59,2,117,0,0,0,117
04/20/2004,CGF,OH,AGL,CE,Federal Contract Tower,0,31,43,0,74,0,1,90,0,91,0,32,133,0,165,104,0,104,269
04/21/2004,CGF,OH,AGL,CE,Federal Contract Tower,0,31,43,0,74,0,1,15,0,16,0,32,58,0,90,10,0,10,100
04/22/2004,CGF,OH,AGL,CE,Federal Contract Tower,0,34,48,0,82,0,22,76,2,100,0,56,124,2,182,24,0,24,206
04/23/2004,CGF,OH,AGL,CE,Federal Contract Tower,0,29,41,0,70,0,11,46,0,57,0,40,87,0,127,50,0,50,177
04/24/2004,CGF,OH,AGL,CE,Federal Contract Tower,0,19,27,0,46,0,16,152,0,168,0,35,179,0,214,94,0,94,308
04/25/2004,CGF,OH,AGL,CE,Federal Contract Tower,0,18,25,0,43,0,21,28,0,49,0,39,53,0,92,34,0,34,126
04/26/2004,CGF,OH,AGL,CE,Federal Contract Tower,0,31,43,0,74,0,12,64,0,76,0,43,107,0,150,62,0,62,212
04/27/2004,CGF,OH,AGL,CE,Federal Contract Tower,0,21,30,0,51,0,12,36,0,48,0,33,66,0,99,10,0,10,109
04/28/2004,CGF,OH,AGL,CE,Federal Contract Tower,0,25,37,0,62,0,0,65,0,65,0,25,102,0,127,64,0,64,191
04/29/2004,CGF,OH,AGL,CE,Federal Contract Tower,0,30,43,0,73,0,10,95,2,107,0,40,138,2,180,24,0,24,204
04/30/2004,CGF,OH,AGL,CE,Federal Contract Tower,0,26,37,0,63,0,11,40,0,51,0,37,77,0,114,8,0,8,122
05/01/2004,CGF,OH,AGL,CE,Federal Contract Tower,0,12,17,0,29,0,1,22,0,23,0,13,39,0,52,24,0,24,76
05/02/2004,CGF,OH,AGL,CE,Federal Contract Tower,0,15,22,0,37,0,1,7,0,8,0,16,29,0,45,0,0,0,45
05/03/2004,CGF,OH,AGL,CE,Federal Contract Tower,0,28,43,0,71,0,4,115,0,119,0,32,158,0,190,74,0,74,264
05/04/2004,CGF,OH,AGL,CE,Federal Contract Tower,0,24,36,0,60,0,9,118,0,127,0,33,154,0,187,114,0,114,301
05/05/2004,CGF,OH,AGL,CE,Federal Contract Tower,0,37,58,0,95,0,11,107,2,120,0,48,165,2,215,124,0,124,339
05/06/2004,CGF,OH,AGL,CE,Federal Contract Tower,0,31,52,0,83,0,0,83,0,83,0,31,135,0,166,124,0,124,290
05/07/2004,CGF,OH,AGL,CE,Federal Contract Tower,0,23,42,0,65,0,0,43,0,43,0,23,85,0,108,8,0,8,116
05/08/2004,CGF,OH,AGL,CE,Federal Contract Tower,0,14,21,0,35,0,7,92,0,99,0,21,113,0,134,110,0,110,244
05/09/2004,CGF,OH,AGL,CE,Federal Contract Tower,0,21,31,0,52,0,16,75,0,91,0,37,106,0,143,66,0,66,209
05/10/2004,CGF,OH,AGL,CE,Federal Contract Tower,0,30,46,0,76,0,6,98,2,106,0,36,144,2,182,104,0,104,286
05/11/2004,CGF,OH,AGL,CE,Federal Contract Tower,0,25,39,0,64,0,1,85,0,86,0,26,124,0,150,124,0,124,274
05/12/2004,CGF,OH,AGL,CE,Federal Contract Tower,0,27,42,0,69,0,10,104,0,114,0,37,146,0,183,148,0,148,331
05/13/2004,CGF,OH,AGL,CE,Federal Contract Tower,0,26,42,0,68,0,8,57,0,65,0,34,99,0,133,76,0,76,209
05/14/2004,CGF,OH,AGL,CE,Federal Contract Tower,0,25,39,0,64,0,5,54,0,59,0,30,93,0,123,88,0,88,211
05/15/2004,CGF,OH,AGL,CE,Federal Contract Tower,0,19,30,0,49,0,5,2,0,7,0,24,32,0,56,0,0,0,56
05/16/2004,CGF,OH,AGL,CE,Federal Contract Tower,0,21,33,0,54,0,4,71,0,75,0,25,104,0,129,122,0,122,251
05/17/2004,CGF,OH,AGL,CE,Federal Contract Tower,0,26,41,0,67,0,14,55,0,69,0,40,96,0,136,100,0,100,236
05/18/2004,CGF,OH,AGL,CE,Federal Contract Tower,0,27,43,0,70,0,21,52,0,73,0,48,95,0,143,38,0,38,181
05/19/2004,CGF,OH,AGL,CE,Federal Contract Tower,0,35,55,0,90,0,7,70,0,77,0,42,125,0,167,84,0,84,251
05/20/2004,CGF,OH,AGL,CE,Federal Contract Tower,0,29,47,0,76,0,2,89,4,95,0,31,136,4,171,68,0,68,239
05/21/2004,CGF,OH,AGL,CE,Federal Contract Tower,0,30,48,0,78,0,10,9,0,19,0,40,57,0,97,8,0,8,105
05/22/2004,CGF,OH,AGL,CE,Federal Contract Tower,0,14,23,0,37,0,27,41,0,68,0,41,64,0,105,88,0,88,193
05/23/2004,CGF,OH,AGL,CE,Federal Contract Tower,0,19,32,0,51,0,21,34,0,55,0,40,66,0,106,72,0,72,178
05/24/2004,CGF,OH,AGL,CE,Federal Contract Tower,0,21,33,0,54,0,12,35,2,49,0,33,68,2,103,14,0,14,117
05/25/2004,CGF,OH,AGL,CE,Federal Contract Tower,0,21,34,0,55,0,19,80,0,99,0,40,114,0,154,48,0,48,202
05/26/2004,CGF,OH,AGL,CE,Federal Contract Tower,0,28,45,0,73,0,3,53,0,56,0,31,98,0,129,118,0,118,247
05/27/2004,CGF,OH,AGL,CE,Federal Contract Tower,0,33,54,0,87,0,3,30,0,33,0,36,84,0,120,64,0,64,184
05/28/2004,CGF,OH,AGL,CE,Federal Contract Tower,0,22,37,0,59,0,20,66,0,86,0,42,103,0,145,54,0,54,199
05/29/2004,CGF,OH,AGL,CE,Federal Contract Tower,0,15,26,0,41,0,12,103,0,115,0,27,129,0,156,104,0,104,260
05/30/2004,CGF,OH,AGL,CE,Federal Contract Tower,0,11,18,0,29,0,6,79,0,85,0,17,97,0,114,16,0,16,130
05/31/2004,CGF,OH,AGL,CE,Federal Contract Tower,0,14,16,0,30,0,17,0,0,17,0,31,16,0,47,6,0,6,53
06/01/2004,CGF,OH,AGL,CE,Federal Contract Tower,0,25,42,0,67,0,9,76,0,85,0,34,118,0,152,32,0,32,184
06/02/2004,CGF,OH,AGL,CE,Federal Contract Tower,0,32,57,0,89,0,17,76,0,93,0,49,133,0,182,120,0,120,302
06/03/2004,CGF,OH,AGL,CE,Federal Contract Tower,0,32,55,0,87,0,10,81,0,91,0,42,136,0,178,72,0,72,250
06/04/2004,CGF,OH,AGL,CE,Federal Contract Tower,0,30,52,0,82,0,4,67,0,71,0,34,119,0,153,100,0,100,253
06/05/2004,CGF,OH,AGL,CE,Federal Contract Tower,0,13,21,0,34,0,2,73,0,75,0,15,94,0,109,146,0,146,255
06/06/2004,CGF,OH,AGL,CE,Federal Contract Tower,0,22,37,0,59,0,19,58,0,77,0,41,95,0,136,72,0,72,208
06/07/2004,CGF,OH,AGL,CE,Federal Contract Tower,0,30,51,0,81,0,0,110,0,110,0,30,161,0,191,72,0,72,263
06/08/2004,CGF,OH,AGL,CE,Federal Contract Tower,0,22,39,0,61,0,20,95,0,115,0,42,134,0,176,96,0,96,272
06/09/2004,CGF,OH,AGL,CE,Federal Contract Tower,0,29,51,0,80,0,0,80,4,84,0,29,131,4,164,52,0,52,216
06/10/2004,CGF,OH,AGL,CE,Federal Contract Tower,0,28,43,0,71,0,9,0,0,9,0,37,43,0,80,0,0,0,80
06/11/2004,CGF,OH,AGL,CE,Federal Contract Tower,0,28,48,0,76,0,7,0,0,7,0,35,48,0,83,2,0,2,85
06/12/2004,CGF,OH,AGL,CE,Federal Contract Tower,0,14,25,0,39,0,3,114,0,117,0,17,139,0,156,92,0,92,248
06/13/2004,CGF,OH,AGL,CE,Federal Contract Tower,0,16,28,0,44,0,13,42,0,55,0,29,70,0,99,38,0,38,137
06/14/2004,CGF,OH,AGL,CE,Federal Contract Tower,0,23,41,0,64,0,12,34,0,46,0,35,75,0,110,58,0,58,168
06/15/2004,CGF,OH,AGL,CE,Federal Contract Tower,0,21,36,0,57,0,22,90,0,112,0,43,126,0,169,80,0,80,249
06/16/2004,CGF,OH,AGL,CE,Federal Contract Tower,0,29,53,0,82,0,2,71,0,73,0,31,124,0,155,94,0,94,249
06/17/2004,CGF,OH,AGL,CE,Federal Contract Tower,0,19,35,0,54,0,21,69,0,90,0,40,104,0,144,80,0,80,224
06/18/2004,CGF,OH,AGL,CE,Federal Contract Tower,0,28,65,0,93,0,0,37,2,39,0,28,102,2,132,22,0,22,154
06/19/2004,CGF,OH,AGL,CE,Federal Contract Tower,0,11,20,0,31,0,9,86,0,95,0,20,106,0,126,110,0,110,236
06/20/2004,CGF,OH,AGL,CE,Federal Contract Tower,0,25,45,0,70,0,25,145,0,170,0,50,190,0,240,172,0,172,412
06/21/2004,CGF,OH,AGL,CE,Federal Contract Tower,0,20,37,0,57,0,17,76,0,93,0,37,113,0,150,44,0,44,194
06/22/2004,CGF,OH,AGL,CE,Federal Contract Tower,0,20,36,0,56,0,24,76,0,100,0,44,112,0,156,24,0,24,180
06/23/2004,CGF,OH,AGL,CE,Federal Contract Tower,0,23,43,0,66,0,12,134,12,158,0,35,177,12,224,114,0,114,338
06/24/2004,CGF,OH,AGL,CE,Federal Contract Tower,0,24,49,0,73,0,0,39,0,39,0,24,88,0,112,90,0,90,202
06/25/2004,CGF,OH,AGL,CE,Federal Contract Tower,0,14,27,0,41,0,21,158,0,179,0,35,185,0,220,170,0,170,390
06/26/2004,CGF,OH,AGL,CE,Federal Contract Tower,0,21,40,0,61,0,9,99,0,108,0,30,139,0,169,104,0,104,273
06/27/2004,CGF,OH,AGL,CE,Federal Contract Tower,0,14,27,0,41,0,29,138,0,167,0,43,165,0,208,80,0,80,288
06/28/2004,CGF,OH,AGL,CE,Federal Contract Tower,0,22,42,0,64,0,5,64,0,69,0,27,106,0,133,50,0,50,183
06/29/2004,CGF,OH,AGL,CE,Federal Contract Tower,0,37,67,0,104,0,3,125,0,128,0,40,192,0,232,130,0,130,362
06/30/2004,CGF,OH,AGL,CE,Federal Contract Tower,0,32,59,0,91,0,23,143,0,166,0,55,202,0,257,122,0,122,379
07/01/2004,CGF,OH,AGL,CE,Federal Contract Tower,0,34,62,0,96,0,9,106,0,115,0,43,168,0,211,66,0,66,277
07/02/2004,CGF,OH,AGL,CE,Federal Contract Tower,0,21,40,0,61,0,23,121,1,145,0,44,161,1,206,112,0,112,318
07/03/2004,CGF,OH,AGL,CE,Federal Contract Tower,0,10,19,0,29,0,9,90,0,99,0,19,109,0,128,122,0,122,250
07/04/2004,CGF,OH,AGL,CE,Federal Contract Tower,0,7,12,0,19,0,20,18,0,38,0,27,30,0,57,12,0,12,69
07/05/2004,CGF,OH,AGL,CE,Federal Contract Tower,0,20,36,0,56,0,17,61,0,78,0,37,97,0,134,56,0,56,190
07/06/2004,CGF,OH,AGL,CE,Federal Contract Tower,0,19,35,0,54,0,12,68,0,80,0,31,103,0,134,50,0,50,184
07/07/2004,CGF,OH,AGL,CE,Federal Contract Tower,0,27,50,0,77,0,10,37,0,47,0,37,87,0,124,68,0,68,192
07/08/2004,CGF,OH,AGL,CE,Federal Contract Tower,0,29,54,0,83,0,1,128,0,129,0,30,182,0,212,80,0,80,292
07/09/2004,CGF,OH,AGL,CE,Federal Contract Tower,0,25,47,0,72,0,9,109,0,118,0,34,156,0,190,50,0,50,240
07/10/2004,CGF,OH,AGL,CE,Federal Contract Tower,0,14,24,0,38,0,17,86,0,103,0,31,110,0,141,124,0,124,265
07/11/2004,CGF,OH,AGL,CE,Federal Contract Tower,0,16,28,0,44,0,15,129,0,144,0,31,157,0,188,112,0,112,300
07/12/2004,CGF,OH,AGL,CE,Federal Contract Tower,0,21,40,0,61,0,0,23,0,23,0,21,63,0,84,12,0,12,96
07/13/2004,CGF,OH,AGL,CE,Federal Contract Tower,0,22,40,0,62,0,2,41,0,43,0,24,81,0,105,50,0,50,155
07/14/2004,CGF,OH,AGL,CE,Federal Contract Tower,0,22,41,0,63,0,8,27,0,35,0,30,68,0,98,24,0,24,122
07/15/2004,CGF,OH,AGL,CE,Federal Contract Tower,0,24,44,0,68,0,9,87,0,96,0,33,131,0,164,116,0,116,280
07/16/2004,CGF,OH,AGL,CE,Federal Contract Tower,0,23,41,0,64,0,24,161,0,185,0,47,202,0,249,140,0,140,389
07/17/2004,CGF,OH,AGL,CE,Federal Contract Tower,0,12,21,0,33,0,8,19,0,27,0,20,40,0,60,0,0,0,60
07/18/2004,CGF,OH,AGL,CE,Federal Contract Tower,0,13,27,0,40,0,15,59,0,74,0,28,86,0,114,38,0,38,152
07/19/2004,CGF,OH,AGL,CE,Federal Contract Tower,0,23,46,0,69,0,27,66,0,93,0,50,112,0,162,42,0,42,204
07/20/2004,CGF,OH,AGL,CE,Federal Contract Tower,0,18,35,0,53,0,12,87,0,99,0,30,122,0,152,90,0,90,242
07/21/2004,CGF,OH,AGL,CE,Federal Contract Tower,0,16,33,0,49,0,11,91,0,102,0,27,124,0,151,86,0,86,237
07/22/2004,CGF,OH,AGL,CE,Federal Contract Tower,0,27,54,0,81,0,12,46,0,58,0,39,100,0,139,56,0,56,195
07/23/2004,CGF,OH,AGL,CE,Federal Contract Tower,0,21,42,0,63,0,1,94,0,95,0,22,136,0,158,70,0,70,228
07/24/2004,CGF,OH,AGL,CE,Federal Contract Tower,0,13,27,0,40,0,1,113,0,114,0,14,140,0,154,96,0,96,250
07/25/2004,CGF,OH,AGL,CE,Federal Contract Tower,0,19,38,0,57,0,3,89,0,92,0,22,127,0,149,104,0,104,253
07/26/2004,CGF,OH,AGL,CE,Federal Contract Tower,0,25,49,0,74,0,3,41,0,44,0,28,90,0,118,0,0,0,118
07/27/2004,CGF,OH,AGL,CE,Federal Contract Tower,0,21,49,0,70,0,0,9,0,9,0,21,58,0,79,20,0,20,99
07/28/2004,CGF,OH,AGL,CE,Federal Contract Tower,0,23,46,0,69,0,6,56,0,62,0,29,102,0,131,40,0,40,171
07/29/2004,CGF,OH,AGL,CE,Federal Contract Tower,0,24,47,0,71,0,13,87,0,100,0,37,134,0,171,84,0,84,255
07/30/2004,CGF,OH,AGL,CE,Federal Contract Tower,0,18,36,0,54,0,10,52,4,66,0,28,88,4,120,14,0,14,134
07/31/2004,CGF,OH,AGL,CE,Federal Contract Tower,0,13,26,0,39,0,6,57,0,63,0,19,83,0,102,60,0,60,162
08/01/2004,CGF,OH,AGL,CE,Federal Contract Tower,0,16,25,0,41,0,14,105,0,119,0,30,130,0,160,126,0,126,286
08/02/2004,CGF,OH,AGL,CE,Federal Contract Tower,0,19,30,0,49,0,22,85,0,107,0,41,115,0,156,92,0,92,248
08/03/2004,CGF,OH,AGL,CE,Federal Contract Tower,0,25,38,0,63,0,7,95,0,102,0,32,133,0,165,62,0,62,227
08/04/2004,CGF,OH,AGL,CE,Federal Contract Tower,0,23,38,0,61,0,0,39,0,39,0,23,77,0,100,12,0,12,112
08/05/2004,CGF,OH,AGL,CE,Federal Contract Tower,0,22,35,0,57,0,8,95,0,103,0,30,130,0,160,118,0,118,278
08/06/2004,CGF,OH,AGL,CE,Federal Contract Tower,0,20,32,0,52,0,13,111,0,124,0,33,143,0,176,60,0,60,236
08/07/2004,CGF,OH,AGL,CE,Federal Contract Tower,0,17,27,0,44,0,2,120,0,122,0,19,147,0,166,94,0,94,260
08/08/2004,CGF,OH,AGL,CE,Federal Contract Tower,0,14,20,0,34,0,9,98,0,107,0,23,118,0,141,98,0,98,239
08/09/2004,CGF,OH,AGL,CE,Federal Contract Tower,0,22,33,0,55,0,10,91,0,101,0,32,124,0,156,88,0,88,244
08/10/2004,CGF,OH,AGL,CE,Federal Contract Tower,0,22,39,0,61,0,0,48,0,48,0,22,87,0,109,44,0,44,153
08/11/2004,CGF,OH,AGL,CE,Federal Contract Tower,0,23,37,0,60,0,9,63,0,72,0,32,100,0,132,20,0,20,152
08/12/2004,CGF,OH,AGL,CE,Federal Contract Tower,0,23,36,0,59,0,1,89,0,90,0,24,125,0,149,58,0,58,207
08/13/2004,CGF,OH,AGL,CE,Federal Contract Tower,0,35,56,0,91,0,12,68,0,80,0,47,124,0,171,68,0,68,239
08/14/2004,CGF,OH,AGL,CE,Federal Contract Tower,0,18,27,0,45,0,19,82,0,101,0,37,109,0,146,78,0,78,224
08/15/2004,CGF,OH,AGL,CE,Federal Contract Tower,0,19,30,0,49,0,8,87,0,95,0,27,117,0,144,90,0,90,234
08/16/2004,CGF,OH,AGL,CE,Federal Contract Tower,0,19,30,0,49,0,14,84,0,98,0,33,114,0,147,72,0,72,219
08/17/2004,CGF,OH,AGL,CE,Federal Contract Tower,0,21,32,0,53,0,6,67,0,73,0,27,99,0,126,68,0,68,194
08/18/2004,CGF,OH,AGL,CE,Federal Contract Tower,0,24,40,0,64,0,6,46,0,52,0,30,86,0,116,26,0,26,142
08/19/2004,CGF,OH,AGL,CE,Federal Contract Tower,0,26,46,0,72,0,0,32,0,32,0,26,78,0,104,24,0,24,128
08/20/2004,CGF,OH,AGL,CE,Federal Contract Tower,0,18,33,0,51,0,0,42,0,42,0,18,75,0,93,32,0,32,125
08/21/2004,CGF,OH,AGL,CE,Federal Contract Tower,0,13,23,0,36,0,0,90,0,90,0,13,113,0,126,90,0,90,216
08/22/2004,CGF,OH,AGL,CE,Federal Contract Tower,0,21,34,0,55,0,11,131,0,142,0,32,165,0,197,128,0,128,325
08/23/2004,CGF,OH,AGL,CE,Federal Contract Tower,0,21,34,0,55,0,13,95,0,108,0,34,129,0,163,124,0,124,287
08/24/2004,CGF,OH,AGL,CE,Federal Contract Tower,0,25,42,0,67,0,16,65,0,81,0,41,107,0,148,100,0,100,248
08/25/2004,CGF,OH,AGL,CE,Federal Contract Tower,0,31,50,0,81,0,18,73,4,95,0,49,123,4,176,46,0,46,222
08/26/2004,CGF,OH,AGL,CE,Federal Contract Tower,0,34,57,0,91,0,1,35,0,36,0,35,92,0,127,0,0,0,127
08/27/2004,CGF,OH,AGL,CE,Federal Contract Tower,0,19,32,0,51,0,12,40,0,52,0,31,72,0,103,48,0,48,151
08/28/2004,CGF,OH,AGL,CE,Federal Contract Tower,0,11,20,0,31,0,11,49,0,60,0,22,69,0,91,28,0,28,119
08/29/2004,CGF,OH,AGL,CE,Federal Contract Tower,0,19,32,0,51,0,8,11,0,19,0,27,43,0,70,20,0,20,90
08/30/2004,CGF,OH,AGL,CE,Federal Contract Tower,0,22,36,0,58,0,1,32,0,33,0,23,68,0,91,0,0,0,91
08/31/2004,CGF,OH,AGL,CE,Federal Contract Tower,0,27,45,0,72,0,4,171,0,175,0,31,216,0,247,156,0,156,403
09/01/2004,CGF,OH,AGL,CE,Federal Contract Tower,0,21,37,0,58,0,23,59,0,82,0,44,96,0,140,74,0,74,214
09/02/2004,CGF,OH,AGL,CE,Federal Contract Tower,0,26,46,0,72,0,21,101,0,122,0,47,147,0,194,78,0,78,272
09/03/2004,CGF,OH,AGL,CE,Federal Contract Tower,0,21,46,0,67,0,0,86,4,90,0,21,132,4,157,60,0,60,217
09/04/2004,CGF,OH,AGL,CE,Federal Contract Tower,0,8,14,0,22,0,4,21,9,34,0,12,35,9,56,12,0,12,68
09/05/2004,CGF,OH,AGL,CE,Federal Contract Tower,0,13,22,0,35,0,5,54,0,59,0,18,76,0,94,56,0,56,150
09/06/2004,CGF,OH,AGL,CE,Federal Contract Tower,0,19,33,0,52,0,27,59,0,86,0,46,92,0,138,66,0,66,204
09/07/2004,CGF,OH,AGL,CE,Federal Contract Tower,0,27,53,0,80,0,0,52,0,52,0,27,105,0,132,18,0,18,150
09/08/2004,CGF,OH,AGL,CE,Federal Contract Tower,0,17,37,0,54,0,0,9,0,9,0,17,46,0,63,0,0,0,63
09/09/2004,CGF,OH,AGL,CE,Federal Contract Tower,0,24,42,0,66,0,14,23,0,37,0,38,65,0,103,0,0,0,103
09/10/2004,CGF,OH,AGL,CE,Federal Contract Tower,0,27,47,0,74,0,4,94,0,98,0,31,141,0,172,116,0,116,288
09/11/2004,CGF,OH,AGL,CE,Federal Contract Tower,0,19,34,0,53,0,14,77,0,91,0,33,111,0,144,72,0,72,216
09/12/2004,CGF,OH,AGL,CE,Federal Contract Tower,0,15,26,0,41,0,3,83,0,86,0,18,109,0,127,88,0,88,215
09/13/2004,CGF,OH,AGL,CE,Federal Contract Tower,0,26,44,0,70,0,3,82,0,85,0,29,126,0,155,90,0,90,245
09/14/2004,CGF,OH,AGL,CE,Federal Contract Tower,0,22,44,0,66,0,0,80,0,80,0,22,124,0,146,72,0,72,218
09/15/2004,CGF,OH,AGL,CE,Federal Contract Tower,0,29,50,0,79,0,10,75,0,85,0,39,125,0,164,106,0,106,270
09/16/2004,CGF,OH,AGL,CE,Federal Contract Tower,0,36,62,0,98,0,20,45,0,65,0,56,107,0,163,28,0,28,191
09/17/2004,CGF,OH,AGL,CE,Federal Contract Tower,0,15,29,0,44,0,7,5,0,12,0,22,34,0,56,6,0,6,62
09/18/2004,CGF,OH,AGL,CE,Federal Contract Tower,0,18,35,0,53,0,16,64,0,80,0,34,99,0,133,42,0,42,175
09/19/2004,CGF,OH,AGL,CE,Federal Contract Tower,0,21,39,0,60,0,14,59,0,73,0,35,98,0,133,52,0,52,185
09/20/2004,CGF,OH,AGL,CE,Federal Contract Tower,0,23,42,0,65,0,21,73,0,94,0,44,115,0,159,84,0,84,243
09/21/2004,CGF,OH,AGL,CE,Federal Contract Tower,0,18,35,0,53,0,5,91,0,96,0,23,126,0,149,84,0,84,233
09/22/2004,CGF,OH,AGL,CE,Federal Contract Tower,0,28,52,0,80,0,22,52,0,74,0,50,104,0,154,82,0,82,236
09/23/2004,CGF,OH,AGL,CE,Federal Contract Tower,0,23,43,0,66,0,14,64,0,78,0,37,107,0,144,18,0,18,162
09/24/2004,CGF,OH,AGL,CE,Federal Contract Tower,0,26,48,0,74,0,4,100,0,104,0,30,148,0,178,74,0,74,252
09/25/2004,CGF,OH,AGL,CE,Federal Contract Tower,0,15,28,0,43,0,18,40,0,58,0,33,68,0,101,54,0,54,155
09/26/2004,CGF,OH,AGL,CE,Federal Contract Tower,0,23,42,0,65,0,9,61,0,70,0,32,103,0,135,52,0,52,187
09/27/2004,CGF,OH,AGL,CE,Federal Contract Tower,0,16,30,0,46,0,10,107,0,117,0,26,137,0,163,70,0,70,233
09/28/2004,CGF,OH,AGL,CE,Federal Contract Tower,0,23,43,0,66,0,4,70,0,74,0,27,113,0,140,62,0,62,202
09/29/2004,CGF,OH,AGL,CE,Federal Contract Tower,0,29,53,0,82,0,10,56,0,66,0,39,109,0,148,56,0,56,204
09/30/2004,CGF,OH,AGL,CE,Federal Contract Tower,0,22,41,0,63,0,10,95,0,105,0,32,136,0,168,66,0,66,234
10/01/2004,CGF,OH,AGL,CE,Federal Contract Tower,0,23,48,0,71,0,22,50,0,72,0,45,98,0,143,46,0,46,189
10/02/2004,CGF,OH,AGL,CE,Federal Contract Tower,0,15,30,0,45,0,3,62,0,65,0,18,92,0,110,46,0,46,156
10/03/2004,CGF,OH,AGL,CE,Federal Contract Tower,0,14,36,0,50,0,7,114,0,121,0,21,150,0,171,102,0,102,273
10/04/2004,CGF,OH,AGL,CE,Federal Contract Tower,0,16,52,0,68,0,7,71,0,78,0,23,123,0,146,62,0,62,208
10/05/2004,CGF,OH,AGL,CE,Federal Contract Tower,0,18,47,0,65,0,14,80,0,94,0,32,127,0,159,54,0,54,213
10/06/2004,CGF,OH,AGL,CE,Federal Contract Tower,0,21,44,0,65,0,7,65,0,72,0,28,109,0,137,64,0,64,201
10/07/2004,CGF,OH,AGL,CE,Federal Contract Tower,0,20,45,0,65,0,15,59,0,74,0,35,104,0,139,86,0,86,225
10/08/2004,CGF,OH,AGL,CE,Federal Contract Tower,0,24,36,0,60,0,9,57,0,66,0,33,93,0,126,44,0,44,170
10/09/2004,CGF,OH,AGL,CE,Federal Contract Tower,0,12,28,0,40,0,7,51,0,58,0,19,79,0,98,66,0,66,164
10/10/2004,CGF,OH,AGL,CE,Federal Contract Tower,0,26,19,0,45,0,13,32,0,45,0,39,51,0,90,34,0,34,124
10/11/2004,CGF,OH,AGL,CE,Federal Contract Tower,0,24,43,0,67,0,3,72,0,75,0,27,115,0,142,48,0,48,190
10/12/2004,CGF,OH,AGL,CE,Federal Contract Tower,0,23,47,0,70,0,5,78,0,83,0,28,125,0,153,46,0,46,199
10/13/2004,CGF,OH,AGL,CE,Federal Contract Tower,0,21,48,0,69,0,15,45,0,60,0,36,93,0,129,56,0,56,185
10/14/2004,CGF,OH,AGL,CE,Federal Contract Tower,0,28,45,0,73,0,1,16,0,17,0,29,61,0,90,66,0,66,156
10/15/2004,CGF,OH,AGL,CE,Federal Contract Tower,0,26,58,0,84,0,15,42,0,57,0,41,100,0,141,22,0,22,163
10/16/2004,CGF,OH,AGL,CE,Federal Contract Tower,0,10,19,0,29,0,9,10,0,19,0,19,29,0,48,2,0,2,50
10/17/2004,CGF,OH,AGL,CE,Federal Contract Tower,0,17,20,0,37,0,9,18,0,27,0,26,38,0,64,6,0,6,70
10/18/2004,CGF,OH,AGL,CE,Federal Contract Tower,0,16,32,0,48,0,3,40,0,43,0,19,72,0,91,18,0,18,109
10/19/2004,CGF,OH,AGL,CE,Federal Contract Tower,0,20,49,0,69,0,0,0,0,0,0,20,49,0,69,0,0,0,69
10/20/2004,CGF,OH,AGL,CE,Federal Contract Tower,0,31,50,0,81,0,0,3,0,3,0,31,53,0,84,0,0,0,84
10/21/2004,CGF,OH,AGL,CE,Federal Contract Tower,0,30,53,0,83,0,5,11,0,16,0,35,64,0,99,14,0,14,113
10/22/2004,CGF,OH,AGL,CE,Federal Contract Tower,0,24,52,0,76,0,9,55,0,64,0,33,107,0,140,88,0,88,228
10/23/2004,CGF,OH,AGL,CE,Federal Contract Tower,0,11,20,0,31,0,4,47,0,51,0,15,67,0,82,12,0,12,94
10/24/2004,CGF,OH,AGL,CE,Federal Contract Tower,0,27,30,0,57,0,15,53,0,68,0,42,83,0,125,70,0,70,195
10/25/2004,CGF,OH,AGL,CE,Federal Contract Tower,0,22,30,0,52,0,7,57,0,64,0,29,87,0,116,34,0,34,150
10/26/2004,CGF,OH,AGL,CE,Federal Contract Tower,0,23,54,0,77,0,11,89,0,100,0,34,143,0,177,42,0,42,219
10/27/2004,CGF,OH,AGL,CE,Federal Contract Tower,0,25,58,0,83,0,0,64,0,64,0,25,122,0,147,50,0,50,197
10/28/2004,CGF,OH,AGL,CE,Federal Contract Tower,0,25,48,0,73,0,6,46,0,52,0,31,94,0,125,60,0,60,185
10/29/2004,CGF,OH,AGL,CE,Federal Contract Tower,0,12,36,0,48,0,2,14,0,16,0,14,50,0,64,18,0,18,82
10/30/2004,CGF,OH,AGL,CE,Federal Contract Tower,0,17,7,0,24,0,12,31,0,43,0,29,38,0,67,30,0,30,97
10/31/2004,CGF,OH,AGL,CE,Federal Contract Tower,0,15,22,0,37,0,10,29,0,39,0,25,51,0,76,28,0,28,104
11/01/2004,CGF,OH,AGL,CE,Federal Contract Tower,0,20,32,0,52,0,14,37,0,51,0,34,69,0,103,50,0,50,153
11/02/2004,CGF,OH,AGL,CE,Federal Contract Tower,0,15,28,0,43,0,1,16,0,17,0,16,44,0,60,0,0,0,60
11/03/2004,CGF,OH,AGL,CE,Federal Contract Tower,0,23,43,0,66,0,0,77,0,77,0,23,120,0,143,50,0,50,193
11/04/2004,CGF,OH,AGL,CE,Federal Contract Tower,0,18,34,0,52,0,5,9,0,14,0,23,43,0,66,0,0,0,66
11/05/2004,CGF,OH,AGL,CE,Federal Contract Tower,0,16,39,0,55,0,7,37,0,44,0,23,76,0,99,32,0,32,131
11/06/2004,CGF,OH,AGL,CE,Federal Contract Tower,0,22,29,0,51,0,14,81,0,95,0,36,110,0,146,116,0,116,262
11/07/2004,CGF,OH,AGL,CE,Federal Contract Tower,0,31,22,0,53,0,10,75,0,85,0,41,97,0,138,54,0,54,192
11/08/2004,CGF,OH,AGL,CE,Federal Contract Tower,0,15,34,0,49,0,29,35,0,64,0,44,69,0,113,12,0,12,125
11/09/2004,CGF,OH,AGL,CE,Federal Contract Tower,0,19,64,0,83,0,19,58,0,77,0,38,122,0,160,34,0,34,194
11/10/2004,CGF,OH,AGL,CE,Federal Contract Tower,0,26,50,0,76,0,19,85,0,104,0,45,135,0,180,28,0,28,208
11/11/2004,CGF,OH,AGL,CE,Federal Contract Tower,0,24,40,0,64,0,8,27,0,35,0,32,67,0,99,36,0,36,135
11/12/2004,CGF,OH,AGL,CE,Federal Contract Tower,0,11,34,0,45,0,5,24,0,29,0,16,58,0,74,24,0,24,98
11/13/2004,CGF,OH,AGL,CE,Federal Contract Tower,0,8,39,0,47,0,6,62,0,68,0,14,101,0,115,92,0,92,207
11/14/2004,CGF,OH,AGL,CE,Federal Contract Tower,0,21,25,0,46,0,9,72,0,81,0,30,97,0,127,70,0,70,197
11/15/2004,CGF,OH,AGL,CE,Federal Contract Tower,0,24,29,0,53,0,9,55,0,64,0,33,84,0,117,46,0,46,163
11/16/2004,CGF,OH,AGL,CE,Federal Contract Tower,0,30,51,0,81,0,9,64,0,73,0,39,115,0,154,20,0,20,174
11/17/2004,CGF,OH,AGL,CE,Federal Contract Tower,0,28,55,0,83,0,2,18,0,20,0,30,73,0,103,0,0,0,103
11/18/2004,CGF,OH,AGL,CE,Federal Contract Tower,0,12,26,0,38,0,0,4,0,4,0,12,30,0,42,0,0,0,42
11/19/2004,CGF,OH,AGL,CE,Federal Contract Tower,0,22,54,0,76,0,0,5,0,5,0,22,59,0,81,0,0,0,81
11/20/2004,CGF,OH,AGL,CE,Federal Contract Tower,0,13,22,0,35,0,4,8,0,12,0,17,30,0,47,0,0,0,47
11/21/2004,CGF,OH,AGL,CE,Federal Contract Tower,0,14,23,0,37,0,0,70,0,70,0,14,93,0,107,52,0,52,159
11/22/2004,CGF,OH,AGL,CE,Federal Contract Tower,0,22,42,0,64,0,16,46,0,62,0,38,88,0,126,26,0,26,152
11/23/2004,CGF,OH,AGL,CE,Federal Contract Tower,0,19,35,0,54,0,2,33,0,35,0,21,68,0,89,42,0,42,131
11/24/2004,CGF,OH,AGL,CE,Federal Contract Tower,0,20,22,0,42,0,0,0,0,0,0,20,22,0,42,0,0,0,42
11/25/2004,CGF,OH,AGL,CE,Federal Contract Tower,0,13,9,0,22,0,4,16,0,20,0,17,25,0,42,26,0,26,68
11/26/2004,CGF,OH,AGL,CE,Federal Contract Tower,0,17,18,0,35,0,8,52,0,60,0,25,70,0,95,70,0,70,165
11/27/2004,CGF,OH,AGL,CE,Federal Contract Tower,0,35,18,0,53,0,3,61,0,64,0,38,79,0,117,86,0,86,203
11/28/2004,CGF,OH,AGL,CE,Federal Contract Tower,0,20,19,0,39,0,7,3,0,10,0,27,22,0,49,0,0,0,49
11/29/2004,CGF,OH,AGL,CE,Federal Contract Tower,0,10,38,0,48,0,0,56,0,56,0,10,94,0,104,48,0,48,152
11/30/2004,CGF,OH,AGL,CE,Federal Contract Tower,0,17,27,0,44,0,4,19,0,23,0,21,46,0,67,16,0,16,83
12/01/2004,CGF,OH,AGL,CE,Federal Contract Tower,0,16,28,0,44,0,6,35,0,41,0,22,63,0,85,4,0,4,89
12/02/2004,CGF,OH,AGL,CE,Federal Contract Tower,0,20,40,0,60,0,9,69,0,78,0,29,109,0,138,70,0,70,208
12/03/2004,CGF,OH,AGL,CE,Federal Contract Tower,0,15,32,0,47,0,13,61,0,74,0,28,93,0,121,32,0,32,153
12/04/2004,CGF,OH,AGL,CE,Federal Contract Tower,0,14,12,0,26,0,16,59,0,75,0,30,71,0,101,36,0,36,137
12/05/2004,CGF,OH,AGL,CE,Federal Contract Tower,0,35,18,0,53,0,8,86,0,94,0,43,104,0,147,112,0,112,259
12/06/2004,CGF,OH,AGL,CE,Federal Contract Tower,0,21,33,0,54,0,0,0,0,0,0,21,33,0,54,0,0,0,54
12/07/2004,CGF,OH,AGL,CE,Federal Contract Tower,0,14,22,0,36,0,1,1,0,2,0,15,23,0,38,0,0,0,38
12/08/2004,CGF,OH,AGL,CE,Federal Contract Tower,0,21,60,0,81,0,6,38,0,44,0,27,98,0,125,44,0,44,169
12/09/2004,CGF,OH,AGL,CE,Federal Contract Tower,0,30,54,0,84,0,14,76,0,90,0,44,130,0,174,52,0,52,226
12/10/2004,CGF,OH,AGL,CE,Federal Contract Tower,0,18,42,0,60,0,0,6,0,6,0,18,48,0,66,0,0,0,66
12/11/2004,CGF,OH,AGL,CE,Federal Contract Tower,0,11,25,0,36,0,1,5,0,6,0,12,30,0,42,4,0,4,46
12/12/2004,CGF,OH,AGL,CE,Federal Contract Tower,0,6,15,0,21,0,6,24,0,30,0,12,39,0,51,10,0,10,61
12/13/2004,CGF,OH,AGL,CE,Federal Contract Tower,0,3,15,0,18,0,0,4,0,4,0,3,19,0,22,0,0,0,22
12/14/2004,CGF,OH,AGL,CE,Federal Contract Tower,0,0,28,0,28,0,0,21,0,21,0,0,49,0,49,0,0,0,49
12/15/2004,CGF,OH,AGL,CE,Federal Contract Tower,0,22,54,0,76,0,4,59,0,63,0,26,113,0,139,18,0,18,157
12/16/2004,CGF,OH,AGL,CE,Federal Contract Tower,0,21,33,0,54,0,6,52,0,58,0,27,85,0,112,28,0,28,140
12/17/2004,CGF,OH,AGL,CE,Federal Contract Tower,0,26,46,0,72,0,8,63,0,71,0,34,109,0,143,62,0,62,205
12/18/2004,CGF,OH,AGL,CE,Federal Contract Tower,0,23,22,0,45,0,13,57,0,70,0,36,79,0,115,54,0,54,169
12/19/2004,CGF,OH,AGL,CE,Federal Contract Tower,0,0,2,0,2,0,0,0,0,0,0,0,2,0,2,0,0,0,2
12/20/2004,CGF,OH,AGL,CE,Federal Contract Tower,0,10,24,0,34,0,0,15,0,15,0,10,39,0,49,8,0,8,57
12/21/2004,CGF,OH,AGL,CE,Federal Contract Tower,0,12,33,0,45,0,14,32,0,46,0,26,65,0,91,2,0,2,93
12/22/2004,CGF,OH,AGL,CE,Federal Contract Tower,0,3,11,0,14,0,0,2,0,2,0,3,13,0,16,0,0,0,16
12/23/2004,CGF,OH,AGL,CE,Federal Contract Tower,0,0,2,0,2,0,0,4,0,4,0,0,6,0,6,0,0,0,6
12/24/2004,CGF,OH,AGL,CE,Federal Contract Tower,0,0,6,0,6,0,12,16,0,28,0,12,22,0,34,0,0,0,34
12/25/2004,CGF,OH,AGL,CE,Federal Contract Tower,0,1,10,0,11,0,0,4,0,4,0,1,14,0,15,6,0,6,21
12/26/2004,CGF,OH,AGL,CE,Federal Contract Tower,0,1,12,0,13,0,0,3,0,3,0,1,15,0,16,6,0,6,22
12/27/2004,CGF,OH,AGL,CE,Federal Contract Tower,0,12,13,0,25,0,7,29,0,36,0,19,42,0,61,32,0,32,93
12/28/2004,CGF,OH,AGL,CE,Federal Contract Tower,0,8,7,0,15,0,3,24,0,27,0,11,31,0,42,4,0,4,46
12/29/2004,CGF,OH,AGL,CE,Federal Contract Tower,0,5,11,0,16,0,17,34,0,51,0,22,45,0,67,4,0,4,71
12/30/2004,CGF,OH,AGL,CE,Federal Contract Tower,0,15,8,0,23,0,10,46,0,56,0,25,54,0,79,58,0,58,137
12/31/2004,CGF,OH,AGL,CE,Federal Contract Tower,0,5,7,0,12,0,11,24,0,35,0,16,31,0,47,4,0,4,51
01/01/2005,CGF,OH,AGL,CE,Federal Contract Tower,0,16,12,0,28,0,11,96,0,107,0,27,108,0,135,72,0,72,207
01/02/2005,CGF,OH,AGL,CE,Federal Contract Tower,0,15,15,0,30,0,3,37,0,40,0,18,52,0,70,28,0,28,98
01/03/2005,CGF,OH,AGL,CE,Federal Contract Tower,0,6,11,0,17,0,0,8,0,8,0,6,19,0,25,0,0,0,25
01/04/2005,CGF,OH,AGL,CE,Federal Contract Tower,0,3,19,0,22,0,0,0,0,0,0,3,19,0,22,0,0,0,22
01/05/2005,CGF,OH,AGL,CE,Federal Contract Tower,0,1,15,0,16,0,1,1,0,2,0,2,16,0,18,0,0,0,18
01/06/2005,CGF,OH,AGL,CE,Federal Contract Tower,0,10,12,0,22,0,2,9,0,11,0,12,21,0,33,0,0,0,33
01/07/2005,CGF,OH,AGL,CE,Federal Contract Tower,0,16,19,0,35,0,6,62,0,68,0,22,81,0,103,36,0,36,139
01/08/2005,CGF,OH,AGL,CE,Federal Contract Tower,0,6,5,0,11,0,0,4,0,4,0,6,9,0,15,0,0,0,15
01/09/2005,CGF,OH,AGL,CE,Federal Contract Tower,0,12,14,0,26,0,3,54,0,57,0,15,68,0,83,40,0,40,123
01/10/2005,CGF,OH,AGL,CE,Federal Contract Tower,0,18,34,0,52,0,19,52,0,71,0,37,86,0,123,28,0,28,151
01/11/2005,CGF,OH,AGL,CE,Federal Contract Tower,0,7,22,0,29,0,5,4,0,9,0,12,26,0,38,0,0,0,38
01/12/2005,CGF,OH,AGL,CE,Federal Contract Tower,0,13,32,0,45,0,14,18,0,32,0,27,50,0,77,28,0,28,105
01/13/2005,CGF,OH,AGL,CE,Federal Contract Tower,0,18,24,0,42,0,12,13,0,25,0,30,37,0,67,0,0,0,67
01/14/2005,CGF,OH,AGL,CE,Federal Contract Tower,0,14,34,0,48,0,3,47,0,50,0,17,81,0,98,24,0,24,122
01/15/2005,CGF,OH,AGL,CE,Federal Contract Tower,0,8,14,0,22,0,3,80,0,83,0,11,94,0,105,32,0,32,137
01/16/2005,CGF,OH,AGL,CE,Federal Contract Tower,0,0,11,0,11,0,0,0,0,0,0,0,11,0,11,0,0,0,11
01/17/2005,CGF,OH,AGL,CE,Federal Contract Tower,0,12,17,0,29,0,0,0,0,0,0,12,17,0,29,0,0,0,29
01/18/2005,CGF,OH,AGL,CE,Federal Contract Tower,0,10,41,0,51,0,6,51,2,59,0,16,92,2,110,20,0,20,130
01/19/2005,CGF,OH,AGL,CE,Federal Contract Tower,0,4,20,0,24,0,6,0,0,6,0,10,20,0,30,2,0,2,32
01/20/2005,CGF,OH,AGL,CE,Federal Contract Tower,0,6,29,0,35,0,7,14,0,21,0,13,43,0,56,10,0,10,66
01/21/2005,CGF,OH,AGL,CE,Federal Contract Tower,0,22,30,0,52,0,7,67,0,74,0,29,97,0,126,30,0,30,156
01/22/2005,CGF,OH,AGL,CE,Federal Contract Tower,0,1,1,0,2,0,0,0,0,0,0,1,1,0,2,0,0,0,2
01/23/2005,CGF,OH,AGL,CE,Federal Contract Tower,0,2,10,0,12,0,1,19,0,20,0,3,29,0,32,0,0,0,32
01/24/2005,CGF,OH,AGL,CE,Federal Contract Tower,0,16,18,0,34,0,9,30,0,39,0,25,48,0,73,0,0,0,73
01/25/2005,CGF,OH,AGL,CE,Federal Contract Tower,0,22,22,0,44,0,6,32,1,39,0,28,54,1,83,0,0,0,83
01/26/2005,CGF,OH,AGL,CE,Federal Contract Tower,0,10,38,0,48,0,0,0,0,0,0,10,38,0,48,2,0,2,50
01/27/2005,CGF,OH,AGL,CE,Federal Contract Tower,0,17,42,0,59,0,11,35,0,46,0,28,77,0,105,22,0,22,127
01/28/2005,CGF,OH,AGL,CE,Federal Contract Tower,0,7,22,0,29,0,10,54,0,64,0,17,76,0,93,32,0,32,125
01/29/2005,CGF,OH,AGL,CE,Federal Contract Tower,0,15,15,0,30,0,2,77,0,79,0,17,92,0,109,72,0,72,181
01/30/2005,CGF,OH,AGL,CE,Federal Contract Tower,0,11,18,0,29,0,5,67,0,72,0,16,85,0,101,30,0,30,131
01/31/2005,CGF,OH,AGL,CE,Federal Contract Tower,0,14,32,0,46,0,5,51,0,56,0,19,83,0,102,64,0,64,166
02/01/2005,CGF,OH,AGL,CE,Federal Contract Tower,0,17,33,0,50,0,6,17,0,23,0,23,50,0,73,8,0,8,81
02/02/2005,CGF,OH,AGL,CE,Federal Contract Tower,0,11,37,0,48,0,4,20,0,24,0,15,57,0,72,22,0,22,94
02/03/2005,CGF,OH,AGL,CE,Federal Contract Tower,0,21,30,0,51,0,0,1,0,1,0,21,31,0,52,0,0,0,52
02/04/2005,CGF,OH,AGL,CE,Federal Contract Tower,0,17,34,0,51,0,19,44,0,63,0,36,78,0,114,38,0,38,152
02/05/2005,CGF,OH,AGL,CE,Federal Contract Tower,0,17,27,0,44,0,9,60,0,69,0,26,87,0,113,36,0,36,149
02/06/2005,CGF,OH,AGL,CE,Federal Contract Tower,0,13,16,0,29,0,5,63,0,68,0,18,79,0,97,52,0,52,149
02/07/2005,CGF,OH,AGL,CE,Federal Contract Tower,0,14,19,0,33,0,5,60,0,65,0,19,79,0,98,20,0,20,118
02/08/2005,CGF,OH,AGL,CE,Federal Contract Tower,0,6,14,0,20,0,1,1,0,2,0,7,15,0,22,0,0,0,22
02/09/2005,CGF,OH,AGL,CE,Federal Contract Tower,0,5,23,0,28,0,0,0,0,0,0,5,23,0,28,0,0,0,28
02/10/2005,CGF,OH,AGL,CE,Federal Contract Tower,0,5,21,0,26,0,0,15,0,15,0,5,36,0,41,0,0,0,41
02/11/2005,CGF,OH,AGL,CE,Federal Contract Tower,0,19,28,0,47,0,0,24,2,26,0,19,52,2,73,2,0,2,75
02/12/2005,CGF,OH,AGL,CE,Federal Contract Tower,0,9,16,0,25,0,3,59,0,62,0,12,75,0,87,22,0,22,109
02/13/2005,CGF,OH,AGL,CE,Federal Contract Tower,0,12,15,0,27,0,16,96,0,112,0,28,111,0,139,46,0,46,185
02/14/2005,CGF,OH,AGL,CE,Federal Contract Tower,0,11,25,0,36,0,10,22,0,32,0,21,47,0,68,0,0,0,68
02/15/2005,CGF,OH,AGL,CE,Federal Contract Tower,0,7,35,0,42,0,22,58,0,80,0,29,93,0,122,36,0,36,158
02/16/2005,CGF,OH,AGL,CE,Federal Contract Tower,0,7,30,0,37,0,1,8,0,9,0,8,38,0,46,0,0,0,46
02/17/2005,CGF,OH,AGL,CE,Federal Contract Tower,0,9,32,0,41,0,7,28,0,35,0,16,60,0,76,6,0,6,82
02/18/2005,CGF,OH,AGL,CE,Federal Contract Tower,0,7,22,0,29,0,2,28,0,30,0,9,50,0,59,0,0,0,59
02/19/2005,CGF,OH,AGL,CE,Federal Contract Tower,0,19,26,0,45,0,9,53,0,62,0,28,79,0,107,44,0,44,151
02/20/2005,CGF,OH,AGL,CE,Federal Contract Tower,0,6,5,0,11,0,0,1,0,1,0,6,6,0,12,0,0,0,12
02/21/2005,CGF,OH,AGL,CE,Federal Contract Tower,0,7,23,0,30,0,3,34,0,37,0,10,57,0,67,4,0,4,71
02/22/2005,CGF,OH,AGL,CE,Federal Contract Tower,0,7,27,0,34,0,3,11,0,14,0,10,38,0,48,0,0,0,48
02/23/2005,CGF,OH,AGL,CE,Federal Contract Tower,0,9,46,0,55,0,2,77,0,79,0,11,123,0,134,104,0,104,238
02/24/2005,CGF,OH,AGL,CE,Federal Contract Tower,0,11,36,0,47,0,9,43,0,52,0,20,79,0,99,34,0,34,133
02/25/2005,CGF,OH,AGL,CE,Federal Contract Tower,0,12,30,0,42,0,2,42,0,44,0,14,72,0,86,54,0,54,140
02/26/2005,CGF,OH,AGL,CE,Federal Contract Tower,0,10,20,0,30,0,10,40,0,50,0,20,60,0,80,34,0,34,114
02/27/2005,CGF,OH,AGL,CE,Federal Contract Tower,0,22,15,0,37,0,2,90,0,92,0,24,105,0,129,78,0,78,207
02/28/2005,CGF,OH,AGL,CE,Federal Contract Tower,0,12,27,0,39,0,6,10,0,16,0,18,37,0,55,10,0,10,65
03/01/2005,CGF,OH,AGL,CE,Federal Contract Tower,0,4,9,0,13,0,0,3,0,3,0,4,12,0,16,0,0,0,16
03/02/2005,CGF,OH,AGL,CE,Federal Contract Tower,0,1,31,0,32,0,0,0,0,0,0,1,31,0,32,0,0,0,32
03/03/2005,CGF,OH,AGL,CE,Federal Contract Tower,0,5,52,0,57,0,4,25,0,29,0,9,77,0,86,36,0,36,122
03/04/2005,CGF,OH,AGL,CE,Federal Contract Tower,0,18,36,0,54,0,17,74,0,91,0,35,110,0,145,82,0,82,227
03/05/2005,CGF,OH,AGL,CE,Federal Contract Tower,0,11,10,0,21,0,7,70,0,77,0,18,80,0,98,64,0,64,162
03/06/2005,CGF,OH,AGL,CE,Federal Contract Tower,0,14,23,0,37,0,3,24,0,27,0,17,47,0,64,2,0,2,66
03/07/2005,CGF,OH,AGL,CE,Federal Contract Tower,0,16,28,0,44,0,5,10,2,17,0,21,38,2,61,16,0,16,77
03/08/2005,CGF,OH,AGL,CE,Federal Contract Tower,0,4,28,0,32,0,0,8,0,8,0,4,36,0,40,0,0,0,40
03/09/2005,CGF,OH,AGL,CE,Federal Contract Tower,0,9,24,0,33,0,9,27,0,36,0,18,51,0,69,0,0,0,69
03/10/2005,CGF,OH,AGL,CE,Federal Contract Tower,0,10,34,0,44,0,9,34,0,43,0,19,68,0,87,36,0,36,123
03/11/2005,CGF,OH,AGL,CE,Federal Contract Tower,0,5,21,0,26,0,10,2,0,12,0,15,23,0,38,8,0,8,46
03/12/2005,CGF,OH,AGL,CE,Federal Contract Tower,0,3,4,0,7,0,10,2,0,12,0,13,6,0,19,0,0,0,19
03/13/2005,CGF,OH,AGL,CE,Federal Contract Tower,0,13,12,0,25,0,8,35,0,43,0,21,47,0,68,36,0,36,104
03/14/2005,CGF,OH,AGL,CE,Federal Contract Tower,0,18,21,0,39,0,16,43,0,59,0,34,64,0,98,16,0,16,114
03/15/2005,CGF,OH,AGL,CE,Federal Contract Tower,0,20,37,0,57,0,6,54,0,60,0,26,91,0,117,32,0,32,149
03/16/2005,CGF,OH,AGL,CE,Federal Contract Tower,0,15,23,0,38,0,15,71,0,86,0,30,94,0,124,82,0,82,206
03/17/2005,CGF,OH,AGL,CE,Federal Contract Tower,0,22,26,0,48,0,13,28,0,41,0,35,54,0,89,32,0,32,121
03/18/2005,CGF,OH,AGL,CE,Federal Contract Tower,0,19,41,0,60,0,9,24,0,33,0,28,65,0,93,64,0,64,157
03/19/2005,CGF,OH,AGL,CE,Federal Contract Tower,0,5,21,0,26,0,9,39,0,48,0,14,60,0,74,62,0,62,136
03/20/2005,CGF,OH,AGL,CE,Federal Contract Tower,0,5,8,0,13,0,0,0,0,0,0,5,8,0,13,0,0,0,13
03/21/2005,CGF,OH,AGL,CE,Federal Contract Tower,0,4,28,0,32,0,14,21,0,35,0,18,49,0,67,0,0,0,67
03/22/2005,CGF,OH,AGL,CE,Federal Contract Tower,0,16,33,0,49,0,4,96,0,100,0,20,129,0,149,84,0,84,233
03/23/2005,CGF,OH,AGL,CE,Federal Contract Tower,0,7,28,0,35,0,0,16,0,16,0,7,44,0,51,0,0,0,51
03/24/2005,CGF,OH,AGL,CE,Federal Contract Tower,0,14,41,0,55,0,3,17,0,20,0,17,58,0,75,0,0,0,75
03/25/2005,CGF,OH,AGL,CE,Federal Contract Tower,0,8,31,0,39,0,6,28,0,34,0,14,59,0,73,26,0,26,99
03/26/2005,CGF,OH,AGL,CE,Federal Contract Tower,0,14,26,0,40,0,4,89,0,93,0,18,115,0,133,104,0,104,237
03/27/2005,CGF,OH,AGL,CE,Federal Contract Tower,0,6,8,0,14,0,0,53,0,53,0,6,61,0,67,48,0,48,115
03/28/2005,CGF,OH,AGL,CE,Federal Contract Tower,0,10,19,0,29,0,11,18,0,29,0,21,37,0,58,0,0,0,58
03/29/2005,CGF,OH,AGL,CE,Federal Contract Tower,0,21,24,0,45,0,7,60,0,67,0,28,84,0,112,72,0,72,184
03/30/2005,CGF,OH,AGL,CE,Federal Contract Tower,0,18,35,0,53,0,13,121,0,134,0,31,156,0,187,118,0,118,305
03/31/2005,CGF,OH,AGL,CE,Federal Contract Tower,0,10,29,0,39,0,5,38,0,43,0,15,67,0,82,22,0,22,104
04/01/2005,CGF,OH,AGL,CE,Federal Contract Tower,0,18,24,0,42,0,9,56,0,65,0,27,80,0,107,94,0,94,201
04/02/2005,CGF,OH,AGL,CE,Federal Contract Tower,0,2,3,0,5,0,0,1,0,1,0,2,4,0,6,0,0,0,6
04/03/2005,CGF,OH,AGL,CE,Federal Contract Tower,0,15,14,0,29,0,3,26,0,29,0,18,40,0,58,32,0,32,90
04/04/2005,CGF,OH,AGL,CE,Federal Contract Tower,0,18,32,0,50,0,13,56,0,69,0,31,88,0,119,48,0,48,167
04/05/2005,CGF,OH,AGL,CE,Federal Contract Tower,0,15,38,0,53,0,1,73,0,74,0,16,111,0,127,46,0,46,173
04/06/2005,CGF,OH,AGL,CE,Federal Contract Tower,0,24,32,0,56,0,2,113,0,115,0,26,145,0,171,108,0,108,279
04/07/2005,CGF,OH,AGL,CE,Federal Contract Tower,0,11,31,0,42,0,5,45,0,50,0,16,76,0,92,16,0,16,108
04/08/2005,CGF,OH,AGL,CE,Federal Contract Tower,0,15,48,0,63,0,5,72,0,77,0,20,120,0,140,130,0,130,270
04/09/2005,CGF,OH,AGL,CE,Federal Contract Tower,0,17,16,0,33,0,0,104,0,104,0,17,120,0,137,146,0,146,283
04/10/2005,CGF,OH,AGL,CE,Federal Contract Tower,0,27,24,0,51,0,10,122,0,132,0,37,146,0,183,138,0,138,321
04/11/2005,CGF,OH,AGL,CE,Federal Contract Tower,0,17,37,0,54,0,11,53,0,64,0,28,90,0,118,68,0,68,186
04/12/2005,CGF,OH,AGL,CE,Federal Contract Tower,0,14,35,0,49,0,17,42,0,59,0,31,77,0,108,46,0,46,154
04/13/2005,CGF,OH,AGL,CE,Federal Contract Tower,0,21,37,0,58,0,9,82,8,99,0,30,119,8,157,98,0,98,255
04/14/2005,CGF,OH,AGL,CE,Federal Contract Tower,0,19,34,0,53,0,24,106,0,130,0,43,140,0,183,78,0,78,261
04/15/2005,CGF,OH,AGL,CE,Federal Contract Tower,0,20,34,0,54,0,18,73,14,105,0,38,107,14,159,114,0,114,273
04/16/2005,CGF,OH,AGL,CE,Federal Contract Tower,0,12,17,0,29,0,8,114,0,122,0,20,131,0,151,134,0,134,285
04/17/2005,CGF,OH,AGL,CE,Federal Contract Tower,0,16,22,0,38,0,6,86,0,92,0,22,108,0,130,112,0,112,242
04/18/2005,CGF,OH,AGL,CE,Federal Contract Tower,0,14,34,0,48,0,1,54,0,55,0,15,88,0,103,78,0,78,181
04/19/2005,CGF,OH,AGL,CE,Federal Contract Tower,0,21,31,0,52,0,16,46,0,62,0,37,77,0,114,78,0,78,192
04/20/2005,CGF,OH,AGL,CE,Federal Contract Tower,0,8,30,0,38,0,4,49,0,53,0,12,79,0,91,58,0,58,149
04/21/2005,CGF,OH,AGL,CE,Federal Contract Tower,0,8,37,0,45,0,30,95,0,125,0,38,132,0,170,92,0,92,262
04/22/2005,CGF,OH,AGL,CE,Federal Contract Tower,0,11,33,0,44,0,11,58,0,69,0,22,91,0,113,30,0,30,143
04/23/2005,CGF,OH,AGL,CE,Federal Contract Tower,0,2,7,0,9,0,0,0,0,0,0,2,7,0,9,0,0,0,9
04/24/2005,CGF,OH,AGL,CE,Federal Contract Tower,0,0,8,0,8,0,0,0,0,0,0,0,8,0,8,0,0,0,8
04/25/2005,CGF,OH,AGL,CE,Federal Contract Tower,0,18,32,0,50,0,9,13,0,22,0,27,45,0,72,12,0,12,84
04/26/2005,CGF,OH,AGL,CE,Federal Contract Tower,0,12,29,0,41,0,12,31,0,43,0,24,60,0,84,46,0,46,130
04/27/2005,CGF,OH,AGL,CE,Federal Contract Tower,0,23,45,0,68,0,4,37,0,41,0,27,82,0,109,50,0,50,159
04/28/2005,CGF,OH,AGL,CE,Federal Contract Tower,0,23,42,0,65,0,5,60,0,65,0,28,102,0,130,66,0,66,196
04/29/2005,CGF,OH,AGL,CE,Federal Contract Tower,0,4,52,0,56,0,16,37,0,53,0,20,89,0,109,42,0,42,151
04/30/2005,CGF,OH,AGL,CE,Federal Contract Tower,0,6,26,0,32,0,5,4,0,9,0,11,30,0,41,0,0,0,41
05/01/2005,CGF,OH,AGL,CE,Federal Contract Tower,0,10,25,0,35,0,4,78,0,82,0,14,103,0,117,98,0,98,215
05/02/2005,CGF,OH,AGL,CE,Federal Contract Tower,0,10,38,0,48,0,4,23,0,27,0,14,61,0,75,48,0,48,123
05/03/2005,CGF,OH,AGL,CE,Federal Contract Tower,0,19,34,0,53,0,2,28,0,30,0,21,62,0,83,40,0,40,123
05/04/2005,CGF,OH,AGL,CE,Federal Contract Tower,0,17,48,0,65,0,13,102,0,115,0,30,150,0,180,104,0,104,284
05/05/2005,CGF,OH,AGL,CE,Federal Contract Tower,0,15,43,0,58,0,13,63,0,76,0,28,106,0,134,76,0,76,210
05/06/2005,CGF,OH,AGL,CE,Federal Contract Tower,0,10,33,0,43,0,12,112,2,126,0,22,145,2,169,92,0,92,261
05/07/2005,CGF,OH,AGL,CE,Federal Contract Tower,0,6,13,0,19,0,14,100,0,114,0,20,113,0,133,82,0,82,215
05/08/2005,CGF,OH,AGL,CE,Federal Contract Tower,0,14,10,0,24,0,9,100,0,109,0,23,110,0,133,106,0,106,239
05/09/2005,CGF,OH,AGL,CE,Federal Contract Tower,0,14,36,0,50,0,5,81,0,86,0,19,117,0,136,104,0,104,240
05/10/2005,CGF,OH,AGL,CE,Federal Contract Tower,0,18,43,0,61,0,14,29,0,43,0,32,72,0,104,68,0,68,172
05/11/2005,CGF,OH,AGL,CE,Federal Contract Tower,0,15,32,0,47,0,19,51,0,70,0,34,83,0,117,66,0,66,183
05/12/2005,CGF,OH,AGL,CE,Federal Contract Tower,0,17,46,0,63,0,10,65,0,75,0,27,111,0,138,112,0,112,250
05/13/2005,CGF,OH,AGL,CE,Federal Contract Tower,0,16,37,0,53,0,8,43,0,51,0,24,80,0,104,64,0,64,168
05/14/2005,CGF,OH,AGL,CE,Federal Contract Tower,0,5,23,0,28,0,9,46,0,55,0,14,69,0,83,36,0,36,119
05/15/2005,CGF,OH,AGL,CE,Federal Contract Tower,0,18,20,0,38,0,21,90,0,111,0,39,110,0,149,80,0,80,229
05/16/2005,CGF,OH,AGL,CE,Federal Contract Tower,0,26,36,0,62,0,6,53,0,59,0,32,89,0,121,76,0,76,197
05/17/2005,CGF,OH,AGL,CE,Federal Contract Tower,0,22,44,0,66,0,13,52,0,65,0,35,96,0,131,104,0,104,235
05/18/2005,CGF,OH,AGL,CE,Federal Contract Tower,0,21,37,0,58,0,10,95,0,105,0,31,132,0,163,64,0,64,227
05/19/2005,CGF,OH,AGL,CE,Federal Contract Tower,0,20,53,0,73,0,10,63,0,73,0,30,116,0,146,88,0,88,234
05/20/2005,CGF,OH,AGL,CE,Federal Contract Tower,0,20,45,0,65,0,6,62,0,68,0,26,107,0,133,68,0,68,201
05/21/2005,CGF,OH,AGL,CE,Federal Contract Tower,0,20,15,0,35,0,12,138,0,150,0,32,153,0,185,112,0,112,297
05/22/2005,CGF,OH,AGL,CE,Federal Contract Tower,0,31,30,0,61,0,8,109,0,117,0,39,139,0,178,62,0,62,240
05/23/2005,CGF,OH,AGL,CE,Federal Contract Tower,0,18,24,0,42,0,8,4,0,12,0,26,28,0,54,0,0,0,54
05/24/2005,CGF,OH,AGL,CE,Federal Contract Tower,0,14,29,0,43,0,3,7,0,10,0,17,36,0,53,4,0,4,57
05/25/2005,CGF,OH,AGL,CE,Federal Contract Tower,0,13,39,0,52,0,7,86,0,93,0,20,125,0,145,86,0,86,231
05/26/2005,CGF,OH,AGL,CE,Federal Contract Tower,0,19,31,0,50,0,3,83,0,86,0,22,114,0,136,58,0,58,194
05/27/2005,CGF,OH,AGL,CE,Federal Contract Tower,0,17,33,0,50,0,9,63,0,72,0,26,96,0,122,60,0,60,182
05/28/2005,CGF,OH,AGL,CE,Federal Contract Tower,0,14,12,0,26,0,9,102,0,111,0,23,114,0,137,58,0,58,195
05/29/2005,CGF,OH,AGL,CE,Federal Contract Tower,0,16,18,0,34,0,10,71,0,81,0,26,89,0,115,98,0,98,213
05/30/2005,CGF,OH,AGL,CE,Federal Contract Tower,0,11,19,0,30,0,27,65,0,92,0,38,84,0,122,86,0,86,208
05/31/2005,CGF,OH,AGL,CE,Federal Contract Tower,0,16,37,0,53,0,7,83,0,90,0,23,120,0,143,82,0,82,225
06/01/2005,CGF,OH,AGL,CE,Federal Contract Tower,0,26,37,0,63,0,8,86,0,94,0,34,123,0,157,90,0,90,247
06/02/2005,CGF,OH,AGL,CE,Federal Contract Tower,0,6,33,0,39,0,10,87,0,97,0,16,120,0,136,48,0,48,184
06/03/2005,CGF,OH,AGL,CE,Federal Contract Tower,0,16,26,0,42,0,6,58,0,64,0,22,84,0,106,94,0,94,200
06/04/2005,CGF,OH,AGL,CE,Federal Contract Tower,0,11,27,0,38,0,9,89,0,98,0,20,116,0,136,64,0,64,200
06/05/2005,CGF,OH,AGL,CE,Federal Contract Tower,0,15,28,0,43,0,5,68,0,73,0,20,96,0,116,76,0,76,192
06/06/2005,CGF,OH,AGL,CE,Federal Contract Tower,0,5,57,0,62,0,11,50,0,61,0,16,107,0,123,94,0,94,217
06/07/2005,CGF,OH,AGL,CE,Federal Contract Tower,0,19,44,0,63,0,2,103,0,105,0,21,147,0,168,98,0,98,266
06/08/2005,CGF,OH,AGL,CE,Federal Contract Tower,0,7,54,0,61,0,9,44,0,53,0,16,98,0,114,34,0,34,148
06/09/2005,CGF,OH,AGL,CE,Federal Contract Tower,0,12,49,0,61,0,24,47,0,71,0,36,96,0,132,66,0,66,198
06/10/2005,CGF,OH,AGL,CE,Federal Contract Tower,0,18,36,0,54,0,10,58,0,68,0,28,94,0,122,72,0,72,194
06/11/2005,CGF,OH,AGL,CE,Federal Contract Tower,0,10,23,0,33,0,11,63,0,74,0,21,86,0,107,56,0,56,163
06/12/2005,CGF,OH,AGL,CE,Federal Contract Tower,0,19,25,0,44,0,9,53,0,62,0,28,78,0,106,54,0,54,160
06/13/2005,CGF,OH,AGL,CE,Federal Contract Tower,0,21,50,0,71,0,1,75,0,76,0,22,125,0,147,70,0,70,217
06/14/2005,CGF,OH,AGL,CE,Federal Contract Tower,0,18,33,0,51,0,8,78,0,86,0,26,111,0,137,68,0,68,205
06/15/2005,CGF,OH,AGL,CE,Federal Contract Tower,0,13,34,0,47,0,21,67,0,88,0,34,101,0,135,58,0,58,193
06/16/2005,CGF,OH,AGL,CE,Federal Contract Tower,0,19,46,0,65,0,15,58,0,73,0,34,104,0,138,10,0,10,148
06/17/2005,CGF,OH,AGL,CE,Federal Contract Tower,0,21,70,0,91,0,9,72,0,81,0,30,142,0,172,90,0,90,262
06/18/2005,CGF,OH,AGL,CE,Federal Contract Tower,0,11,32,0,43,0,4,69,0,73,0,15,101,0,116,60,0,60,176
06/19/2005,CGF,OH,AGL,CE,Federal Contract Tower,0,22,33,0,55,0,4,92,0,96,0,26,125,0,151,106,0,106,257
06/20/2005,CGF,OH,AGL,CE,Federal Contract Tower,0,21,36,0,57,0,9,125,0,134,0,30,161,0,191,126,0,126,317
06/21/2005,CGF,OH,AGL,CE,Federal Contract Tower,0,11,48,0,59,0,15,93,0,108,0,26,141,0,167,106,0,106,273
06/22/2005,CGF,OH,AGL,CE,Federal Contract Tower,0,14,54,0,68,0,12,76,0,88,0,26,130,0,156,118,0,118,274
06/23/2005,CGF,OH,AGL,CE,Federal Contract Tower,0,18,62,0,80,0,10,100,0,110,0,28,162,0,190,94,0,94,284
06/24/2005,CGF,OH,AGL,CE,Federal Contract Tower,0,14,50,0,64,0,18,49,0,67,0,32,99,0,131,114,0,114,245
06/25/2005,CGF,OH,AGL,CE,Federal Contract Tower,0,14,41,0,55,0,13,96,0,109,0,27,137,0,164,124,0,124,288
06/26/2005,CGF,OH,AGL,CE,Federal Contract Tower,0,19,44,0,63,0,8,102,0,110,0,27,146,0,173,66,0,66,239
06/27/2005,CGF,OH,AGL,CE,Federal Contract Tower,0,20,37,0,57,0,3,40,0,43,0,23,77,0,100,60,0,60,160
06/28/2005,CGF,OH,AGL,CE,Federal Contract Tower,0,10,42,0,52,0,22,66,0,88,0,32,108,0,140,88,0,88,228
06/29/2005,CGF,OH,AGL,CE,Federal Contract Tower,0,20,47,0,67,0,11,74,0,85,0,31,121,0,152,118,0,118,270
06/30/2005,CGF,OH,AGL,CE,Federal Contract Tower,0,13,43,0,56,0,2,56,0,58,0,15,99,0,114,26,0,26,140
07/01/2005,CGF,OH,AGL,CE,Federal Contract Tower,0,18,22,0,40,0,15,72,0,87,0,33,94,0,127,108,0,108,235
07/02/2005,CGF,OH,AGL,CE,Federal Contract Tower,0,14,24,0,38,0,7,80,0,87,0,21,104,0,125,82,0,82,207
07/03/2005,CGF,OH,AGL,CE,Federal Contract Tower,0,13,16,0,29,0,10,91,0,101,0,23,107,0,130,56,0,56,186
07/04/2005,CGF,OH,AGL,CE,Federal Contract Tower,0,13,11,0,24,0,7,82,0,89,0,20,93,0,113,68,0,68,181
07/05/2005,CGF,OH,AGL,CE,Federal Contract Tower,0,16,42,0,58,0,5,50,0,55,0,21,92,0,113,26,0,26,139
07/06/2005,CGF,OH,AGL,CE,Federal Contract Tower,0,23,37,0,60,0,3,66,0,69,0,26,103,0,129,68,0,68,197
07/07/2005,CGF,OH,AGL,CE,Federal Contract Tower,0,13,38,0,51,0,5,95,0,100,0,18,133,0,151,94,0,94,245
07/08/2005,CGF,OH,AGL,CE,Federal Contract Tower,0,21,24,0,45,0,20,109,0,129,0,41,133,0,174,98,0,98,272
07/09/2005,CGF,OH,AGL,CE,Federal Contract Tower,0,9,22,0,31,0,6,113,2,121,0,15,135,2,152,96,0,96,248
07/10/2005,CGF,OH,AGL,CE,Federal Contract Tower,0,20,10,0,30,0,3,134,0,137,0,23,144,0,167,144,0,144,311
07/11/2005,CGF,OH,AGL,CE,Federal Contract Tower,0,18,42,0,60,0,12,123,0,135,0,30,165,0,195,84,0,84,279
07/12/2005,CGF,OH,AGL,CE,Federal Contract Tower,0,16,32,0,48,0,9,68,0,77,0,25,100,0,125,80,0,80,205
07/13/2005,CGF,OH,AGL,CE,Federal Contract Tower,0,29,37,0,66,0,9,58,0,67,0,38,95,0,133,24,0,24,157
07/14/2005,CGF,OH,AGL,CE,Federal Contract Tower,0,18,40,0,58,0,5,53,0,58,0,23,93,0,116,40,0,40,156
07/15/2005,CGF,OH,AGL,CE,Federal Contract Tower,0,23,31,0,54,0,11,22,0,33,0,34,53,0,87,40,0,40,127
07/16/2005,CGF,OH,AGL,CE,Federal Contract Tower,0,10,36,0,46,0,12,43,0,55,0,22,79,0,101,16,0,16,117
07/17/2005,CGF,OH,AGL,CE,Federal Contract Tower,0,23,27,0,50,0,8,15,0,23,0,31,42,0,73,6,0,6,79
07/18/2005,CGF,OH,AGL,CE,Federal Contract Tower,0,12,38,0,50,0,5,48,0,53,0,17,86,0,103,16,0,16,119
07/19/2005,CGF,OH,AGL,CE,Federal Contract Tower,0,26,29,0,55,0,5,45,0,50,0,31,74,0,105,54,0,54,159
07/20/2005,CGF,OH,AGL,CE,Federal Contract Tower,0,16,45,0,61,0,3,75,0,78,0,19,120,0,139,100,0,100,239
07/21/2005,CGF,OH,AGL,CE,Federal Contract Tower,0,17,41,0,58,0,5,51,0,56,0,22,92,0,114,62,0,62,176
07/22/2005,CGF,OH,AGL,CE,Federal Contract Tower,0,19,28,0,47,0,15,89,0,104,0,34,117,0,151,108,0,108,259
07/23/2005,CGF,OH,AGL,CE,Federal Contract Tower,0,11,22,0,33,0,13,96,0,109,0,24,118,0,142,76,0,76,218
07/24/2005,CGF,OH,AGL,CE,Federal Contract Tower,0,32,22,0,54,0,16,32,0,48,0,48,54,0,102,20,0,20,122
07/25/2005,CGF,OH,AGL,CE,Federal Contract Tower,0,20,55,0,75,0,5,42,0,47,0,25,97,0,122,52,0,52,174
07/26/2005,CGF,OH,AGL,CE,Federal Contract Tower,0,15,22,0,37,0,2,56,2,60,0,17,78,2,97,26,0,26,123
07/27/2005,CGF,OH,AGL,CE,Federal Contract Tower,0,27,32,0,59,0,4,21,0,25,0,31,53,0,84,26,0,26,110
07/28/2005,CGF,OH,AGL,CE,Federal Contract Tower,0,27,43,0,70,0,14,81,0,95,0,41,124,0,165,64,0,64,229
07/29/2005,CGF,OH,AGL,CE,Federal Contract Tower,0,27,40,0,67,0,7,87,0,94,0,34,127,0,161,108,0,108,269
07/30/2005,CGF,OH,AGL,CE,Federal Contract Tower,0,10,20,0,30,0,15,102,0,117,0,25,122,0,147,84,0,84,231
07/31/2005,CGF,OH,AGL,CE,Federal Contract Tower,0,20,22,0,42,0,15,69,0,84,0,35,91,0,126,48,0,48,174
08/01/2005,CGF,OH,AGL,CE,Federal Contract Tower,0,20,26,0,46,0,6,80,0,86,0,26,106,0,132,46,0,46,178
08/02/2005,CGF,OH,AGL,CE,Federal Contract Tower,0,18,38,0,56,0,5,85,0,90,0,23,123,0,146,88,0,88,234
08/03/2005,CGF,OH,AGL,CE,Federal Contract Tower,0,18,41,0,59,0,11,82,0,93,0,29,123,0,152,74,0,74,226
08/04/2005,CGF,OH,AGL,CE,Federal Contract Tower,0,16,46,0,62,0,1,44,4,49,0,17,90,4,111,60,0,60,171
08/05/2005,CGF,OH,AGL,CE,Federal Contract Tower,0,28,24,0,52,0,16,49,0,65,0,44,73,0,117,72,0,72,189
08/06/2005,CGF,OH,AGL,CE,Federal Contract Tower,0,22,25,0,47,0,6,96,0,102,0,28,121,0,149,80,0,80,229
08/07/2005,CGF,OH,AGL,CE,Federal Contract Tower,0,25,17,0,42,0,16,53,0,69,0,41,70,0,111,34,0,34,145
08/08/2005,CGF,OH,AGL,CE,Federal Contract Tower,0,20,28,0,48,0,10,71,0,81,0,30,99,0,129,86,0,86,215
08/09/2005,CGF,OH,AGL,CE,Federal Contract Tower,0,28,19,0,47,0,0,78,2,80,0,28,97,2,127,72,0,72,199
08/10/2005,CGF,OH,AGL,CE,Federal Contract Tower,0,17,37,0,54,0,2,84,0,86,0,19,121,0,140,58,0,58,198
08/11/2005,CGF,OH,AGL,CE,Federal Contract Tower,0,20,55,0,75,0,12,69,0,81,0,32,124,0,156,74,0,74,230
08/12/2005,CGF,OH,AGL,CE,Federal Contract Tower,0,13,41,0,54,0,20,77,0,97,0,33,118,0,151,60,0,60,211
08/13/2005,CGF,OH,AGL,CE,Federal Contract Tower,0,10,20,0,30,0,2,82,0,84,0,12,102,0,114,82,0,82,196
08/14/2005,CGF,OH,AGL,CE,Federal Contract Tower,0,18,13,0,31,0,7,15,0,22,0,25,28,0,53,4,0,4,57
08/15/2005,CGF,OH,AGL,CE,Federal Contract Tower,0,18,13,0,31,0,19,102,0,121,0,37,115,0,152,40,0,40,192
08/16/2005,CGF,OH,AGL,CE,Federal Contract Tower,0,9,37,0,46,0,18,64,0,82,0,27,101,0,128,80,0,80,208
08/17/2005,CGF,OH,AGL,CE,Federal Contract Tower,0,20,45,0,65,0,17,77,0,94,0,37,122,0,159,94,0,94,253
08/18/2005,CGF,OH,AGL,CE,Federal Contract Tower,0,27,37,0,64,0,7,81,0,88,0,34,118,0,152,94,0,94,246
08/19/2005,CGF,OH,AGL,CE,Federal Contract Tower,0,12,51,0,63,0,13,51,0,64,0,25,102,0,127,62,0,62,189
08/20/2005,CGF,OH,AGL,CE,Federal Contract Tower,0,15,26,0,41,0,5,61,0,66,0,20,87,0,107,60,0,60,167
08/21/2005,CGF,OH,AGL,CE,Federal Contract Tower,0,18,20,0,38,0,11,74,0,85,0,29,94,0,123,94,0,94,217
08/22/2005,CGF,OH,AGL,CE,Federal Contract Tower,0,17,28,0,45,0,1,53,0,54,0,18,81,0,99,74,0,74,173
08/23/2005,CGF,OH,AGL,CE,Federal Contract Tower,0,10,31,0,41,0,23,50,0,73,0,33,81,0,114,88,0,88,202
08/24/2005,CGF,OH,AGL,CE,Federal Contract Tower,0,14,56,0,70,0,13,59,0,72,0,27,115,0,142,118,0,118,260
08/25/2005,CGF,OH,AGL,CE,Federal Contract Tower,0,13,41,0,54,0,10,103,0,113,0,23,144,0,167,72,0,72,239
08/26/2005,CGF,OH,AGL,CE,Federal Contract Tower,0,23,32,0,55,0,10,87,0,97,0,33,119,0,152,76,0,76,228
08/27/2005,CGF,OH,AGL,CE,Federal Contract Tower,0,11,19,0,30,0,2,4,0,6,0,13,23,0,36,0,0,0,36
08/28/2005,CGF,OH,AGL,CE,Federal Contract Tower,0,10,24,0,34,0,13,98,0,111,0,23,122,0,145,96,0,96,241
08/29/2005,CGF,OH,AGL,CE,Federal Contract Tower,0,11,26,0,37,0,5,68,0,73,0,16,94,0,110,96,0,96,206
08/30/2005,CGF,OH,AGL,CE,Federal Contract Tower,0,12,25,0,37,0,0,3,0,3,0,12,28,0,40,0,0,0,40
08/31/2005,CGF,OH,AGL,CE,Federal Contract Tower,0,10,26,0,36,0,3,22,0,25,0,13,48,0,61,26,0,26,87
09/01/2005,CGF,OH,AGL,CE,Federal Contract Tower,0,17,34,0,51,0,7,108,0,115,0,24,142,0,166,98,0,98,264
09/02/2005,CGF,OH,AGL,CE,Federal Contract Tower,0,22,44,0,66,0,27,102,0,129,0,49,146,0,195,76,0,76,271
09/03/2005,CGF,OH,AGL,CE,Federal Contract Tower,0,8,32,0,40,0,5,58,4,67,0,13,90,4,107,102,0,102,209
09/04/2005,CGF,OH,AGL,CE,Federal Contract Tower,0,12,21,0,33,0,7,91,0,98,0,19,112,0,131,102,0,102,233
09/05/2005,CGF,OH,AGL,CE,Federal Contract Tower,0,20,27,0,47,0,21,49,0,70,0,41,76,0,117,84,0,84,201
09/06/2005,CGF,OH,AGL,CE,Federal Contract Tower,0,15,30,0,45,0,8,55,0,63,0,23,85,0,108,54,0,54,162
09/07/2005,CGF,OH,AGL,CE,Federal Contract Tower,0,11,46,0,57,0,12,57,0,69,0,23,103,0,126,56,0,56,182
09/08/2005,CGF,OH,AGL,CE,Federal Contract Tower,0,11,35,0,46,0,7,81,0,88,0,18,116,0,134,94,0,94,228
09/09/2005,CGF,OH,AGL,CE,Federal Contract Tower,0,23,32,0,55,0,6,78,0,84,0,29,110,0,139,96,0,96,235
09/10/2005,CGF,OH,AGL,CE,Federal Contract Tower,0,9,13,0,22,0,8,88,0,96,0,17,101,0,118,96,0,96,214
09/11/2005,CGF,OH,AGL,CE,Federal Contract Tower,0,19,22,0,41,0,10,74,0,84,0,29,96,0,125,94,0,94,219
09/12/2005,CGF,OH,AGL,CE,Federal Contract Tower,0,10,39,0,49,0,5,79,0,84,0,15,118,0,133,40,0,40,173
09/13/2005,CGF,OH,AGL,CE,Federal Contract Tower,0,20,39,0,59,0,18,61,0,79,0,38,100,0,138,80,0,80,218
09/14/2005,CGF,OH,AGL,CE,Federal Contract Tower,0,25,51,0,76,0,5,27,0,32,0,30,78,0,108,48,0,48,156
09/15/2005,CGF,OH,AGL,CE,Federal Contract Tower,0,26,51,0,77,0,1,59,0,60,0,27,110,0,137,72,0,72,209
09/16/2005,CGF,OH,AGL,CE,Federal Contract Tower,0,23,42,0,65,0,7,16,0,23,0,30,58,0,88,8,0,8,96
09/17/2005,CGF,OH,AGL,CE,Federal Contract Tower,0,9,16,0,25,0,6,44,0,50,0,15,60,0,75,32,0,32,107
09/18/2005,CGF,OH,AGL,CE,Federal Contract Tower,0,13,35,0,48,0,6,60,0,66,0,19,95,0,114,84,0,84,198
09/19/2005,CGF,OH,AGL,CE,Federal Contract Tower,0,12,23,0,35,0,10,15,0,25,0,22,38,0,60,64,0,64,124
09/20/2005,CGF,OH,AGL,CE,Federal Contract Tower,0,16,31,0,47,0,21,63,0,84,0,37,94,0,131,70,0,70,201
09/21/2005,CGF,OH,AGL,CE,Federal Contract Tower,0,15,37,0,52,0,18,52,0,70,0,33,89,0,122,64,0,64,186
09/22/2005,CGF,OH,AGL,CE,Federal Contract Tower,0,19,56,0,75,0,16,27,0,43,0,35,83,0,118,44,0,44,162
09/23/2005,CGF,OH,AGL,CE,Federal Contract Tower,0,12,32,0,44,0,6,51,0,57,0,18,83,0,101,36,0,36,137
09/24/2005,CGF,OH,AGL,CE,Federal Contract Tower,0,11,17,0,28,0,11,93,0,104,0,22,110,0,132,72,0,72,204
09/25/2005,CGF,OH,AGL,CE,Federal Contract Tower,0,13,37,0,50,0,16,46,0,62,0,29,83,0,112,32,0,32,144
09/26/2005,CGF,OH,AGL,CE,Federal Contract Tower,0,8,29,0,37,0,4,1,0,5,0,12,30,0,42,0,0,0,42
09/27/2005,CGF,OH,AGL,CE,Federal Contract Tower,0,16,54,0,70,0,12,54,0,66,0,28,108,0,136,98,0,98,234
09/28/2005,CGF,OH,AGL,CE,Federal Contract Tower,0,8,31,0,39,0,7,91,0,98,0,15,122,0,137,94,0,94,231
09/29/2005,CGF,OH,AGL,CE,Federal Contract Tower,0,10,32,0,42,0,5,31,0,36,0,15,63,0,78,30,0,30,108
09/30/2005,CGF,OH,AGL,CE,Federal Contract Tower,0,18,32,0,50,0,2,73,0,75,0,20,105,0,125,74,0,74,199
10/01/2005,CGF,OH,AGL,CE,Federal Contract Tower,0,8,23,0,31,0,5,93,0,98,0,13,116,0,129,64,0,64,193
10/02/2005,CGF,OH,AGL,CE,Federal Contract Tower,0,15,18,0,33,0,4,77,0,81,0,19,95,0,114,72,0,72,186
10/03/2005,CGF,OH,AGL,CE,Federal Contract Tower,0,12,35,0,47,0,8,52,0,60,0,20,87,0,107,64,0,64,171
10/04/2005,CGF,OH,AGL,CE,Federal Contract Tower,0,10,26,0,36,0,12,64,0,76,0,22,90,0,112,74,0,74,186
10/05/2005,CGF,OH,AGL,CE,Federal Contract Tower,0,19,40,0,59,0,27,84,0,111,0,46,124,0,170,78,0,78,248
10/06/2005,CGF,OH,AGL,CE,Federal Contract Tower,0,20,35,0,55,0,15,64,2,81,0,35,99,2,136,68,0,68,204
10/07/2005,CGF,OH,AGL,CE,Federal Contract Tower,0,6,28,0,34,0,6,17,0,23,0,12,45,0,57,0,0,0,57
10/08/2005,CGF,OH,AGL,CE,Federal Contract Tower,0,16,11,0,27,0,0,10,0,10,0,16,21,0,37,0,0,0,37
10/09/2005,CGF,OH,AGL,CE,Federal Contract Tower,0,22,35,0,57,0,2,25,0,27,0,24,60,0,84,8,0,8,92
10/10/2005,CGF,OH,AGL,CE,Federal Contract Tower,0,20,23,0,43,0,6,51,0,57,0,26,74,0,100,52,0,52,152
10/11/2005,CGF,OH,AGL,CE,Federal Contract Tower,0,28,39,0,67,0,7,1,0,8,0,35,40,0,75,2,0,2,77
10/12/2005,CGF,OH,AGL,CE,Federal Contract Tower,0,16,51,1,68,0,3,37,1,41,0,19,88,2,109,50,0,50,159
10/13/2005,CGF,OH,AGL,CE,Federal Contract Tower,0,18,43,0,61,0,7,60,0,67,0,25,103,0,128,58,0,58,186
10/14/2005,CGF,OH,AGL,CE,Federal Contract Tower,0,27,30,0,57,0,1,60,0,61,0,28,90,0,118,56,0,56,174
10/15/2005,CGF,OH,AGL,CE,Federal Contract Tower,0,16,20,0,36,0,1,60,0,61,0,17,80,0,97,44,0,44,141
10/16/2005,CGF,OH,AGL,CE,Federal Contract Tower,0,10,26,0,36,0,12,52,0,64,0,22,78,0,100,34,0,34,134
10/17/2005,CGF,OH,AGL,CE,Federal Contract Tower,0,17,34,0,51,0,24,73,0,97,0,41,107,0,148,56,0,56,204
10/18/2005,CGF,OH,AGL,CE,Federal Contract Tower,0,10,39,0,49,0,16,56,0,72,0,26,95,0,121,62,0,62,183
10/19/2005,CGF,OH,AGL,CE,Federal Contract Tower,0,11,29,0,40,0,9,54,0,63,0,20,83,0,103,30,0,30,133
10/20/2005,CGF,OH,AGL,CE,Federal Contract Tower,0,19,40,0,59,0,13,69,0,82,0,32,109,0,141,86,0,86,227
10/21/2005,CGF,OH,AGL,CE,Federal Contract Tower,0,14,34,0,48,0,8,45,0,53,0,22,79,0,101,42,0,42,143
10/22/2005,CGF,OH,AGL,CE,Federal Contract Tower,0,7,18,0,25,0,6,19,0,25,0,13,37,0,50,0,0,0,50
10/23/2005,CGF,OH,AGL,CE,Federal Contract Tower,0,17,20,0,37,0,13,81,0,94,0,30,101,0,131,78,0,78,209
10/24/2005,CGF,OH,AGL,CE,Federal Contract Tower,0,10,23,0,33,0,5,18,0,23,0,15,41,0,56,0,0,0,56
10/25/2005,CGF,OH,AGL,CE,Federal Contract Tower,0,18,35,0,53,0,2,19,0,21,0,20,54,0,74,0,0,0,74
10/26/2005,CGF,OH,AGL,CE,Federal Contract Tower,0,20,52,0,72,0,16,43,0,59,0,36,95,0,131,20,0,20,151
10/27/2005,CGF,OH,AGL,CE,Federal Contract Tower,0,9,43,0,52,0,6,58,0,64,0,15,101,0,116,44,0,44,160
10/28/2005,CGF,OH,AGL,CE,Federal Contract Tower,0,16,40,0,56,0,18,54,0,72,0,34,94,0,128,20,0,20,148
10/29/2005,CGF,OH,AGL,CE,Federal Contract Tower,0,13,15,0,28,0,6,97,0,103,0,19,112,0,131,84,0,84,215
10/30/2005,CGF,OH,AGL,CE,Federal Contract Tower,0,19,26,0,45,0,8,102,0,110,0,27,128,0,155,92,0,92,247
10/31/2005,CGF,OH,AGL,CE,Federal Contract Tower,0,8,20,0,28,0,8,68,0,76,0,16,88,0,104,76,0,76,180
11/01/2005,CGF,OH,AGL,CE,Federal Contract Tower,0,9,25,0,34,0,10,35,0,45,0,19,60,0,79,36,0,36,115
11/02/2005,CGF,OH,AGL,CE,Federal Contract Tower,0,14,36,0,50,0,14,68,0,82,0,28,104,0,132,68,0,68,200
11/03/2005,CGF,OH,AGL,CE,Federal Contract Tower,0,10,33,0,43,0,16,51,0,67,0,26,84,0,110,54,0,54,164
11/04/2005,CGF,OH,AGL,CE,Federal Contract Tower,0,17,22,0,39,0,16,67,0,83,0,33,89,0,122,22,0,22,144
11/05/2005,CGF,OH,AGL,CE,Federal Contract Tower,0,12,8,0,20,0,5,52,0,57,0,17,60,0,77,70,0,70,147
11/06/2005,CGF,OH,AGL,CE,Federal Contract Tower,0,16,19,0,35,0,3,4,0,7,0,19,23,0,42,0,0,0,42
11/07/2005,CGF,OH,AGL,CE,Federal Contract Tower,0,15,25,0,40,0,5,111,0,116,0,20,136,0,156,84,0,84,240
11/08/2005,CGF,OH,AGL,CE,Federal Contract Tower,0,8,40,0,48,0,5,76,0,81,0,13,116,0,129,68,0,68,197
11/09/2005,CGF,OH,AGL,CE,Federal Contract Tower,0,20,42,0,62,0,8,22,0,30,0,28,64,0,92,22,0,22,114
11/10/2005,CGF,OH,AGL,CE,Federal Contract Tower,0,14,36,0,50,0,16,34,0,50,0,30,70,0,100,0,0,0,100
11/11/2005,CGF,OH,AGL,CE,Federal Contract Tower,0,17,34,0,51,0,19,102,0,121,0,36,136,0,172,54,0,54,226
11/12/2005,CGF,OH,AGL,CE,Federal Contract Tower,0,3,15,0,18,0,17,74,0,91,0,20,89,0,109,58,0,58,167
11/13/2005,CGF,OH,AGL,CE,Federal Contract Tower,0,13,20,0,33,0,0,17,0,17,0,13,37,0,50,12,0,12,62
11/14/2005,CGF,OH,AGL,CE,Federal Contract Tower,0,9,32,0,41,0,8,64,0,72,0,17,96,0,113,66,0,66,179
11/15/2005,CGF,OH,AGL,CE,Federal Contract Tower,0,11,34,1,46,0,14,25,1,40,0,25,59,2,86,0,0,0,86
11/16/2005,CGF,OH,AGL,CE,Federal Contract Tower,0,22,33,0,55,0,7,17,0,24,0,29,50,0,79,0,0,0,79
11/17/2005,CGF,OH,AGL,CE,Federal Contract Tower,0,4,38,0,42,0,0,0,0,0,0,4,38,0,42,0,0,0,42
11/18/2005,CGF,OH,AGL,CE,Federal Contract Tower,0,19,27,0,46,0,15,62,0,77,0,34,89,0,123,6,0,6,129
11/19/2005,CGF,OH,AGL,CE,Federal Contract Tower,0,16,17,0,33,0,9,62,0,71,0,25,79,0,104,56,0,56,160
11/20/2005,CGF,OH,AGL,CE,Federal Contract Tower,0,9,18,0,27,0,3,68,0,71,0,12,86,0,98,62,0,62,160
11/21/2005,CGF,OH,AGL,CE,Federal Contract Tower,0,12,34,0,46,0,6,43,0,49,0,18,77,0,95,44,0,44,139
11/22/2005,CGF,OH,AGL,CE,Federal Contract Tower,0,13,31,0,44,0,0,18,0,18,0,13,49,0,62,0,0,0,62
11/23/2005,CGF,OH,AGL,CE,Federal Contract Tower,0,14,31,0,45,0,0,14,0,14,0,14,45,0,59,4,0,4,63
11/24/2005,CGF,OH,AGL,CE,Federal Contract Tower,0,0,0,0,0,0,0,0,0,0,0,0,0,0,0,0,0,0,0
11/25/2005,CGF,OH,AGL,CE,Federal Contract Tower,0,3,6,0,9,0,26,17,0,43,0,29,23,0,52,4,0,4,56
11/26/2005,CGF,OH,AGL,CE,Federal Contract Tower,0,3,13,0,16,0,16,18,0,34,0,19,31,0,50,2,0,2,52
11/27/2005,CGF,OH,AGL,CE,Federal Contract Tower,0,12,30,0,42,0,1,60,0,61,0,13,90,0,103,84,0,84,187
11/28/2005,CGF,OH,AGL,CE,Federal Contract Tower,0,14,38,0,52,0,15,48,0,63,0,29,86,0,115,26,0,26,141
11/29/2005,CGF,OH,AGL,CE,Federal Contract Tower,0,6,40,0,46,0,5,72,0,77,0,11,112,0,123,38,0,38,161
11/30/2005,CGF,OH,AGL,CE,Federal Contract Tower,0,8,42,0,50,0,4,35,0,39,0,12,77,0,89,24,0,24,113
12/01/2005,CGF,OH,AGL,CE,Federal Contract Tower,0,8,20,0,28,0,4,45,0,49,0,12,65,0,77,40,0,40,117
12/02/2005,CGF,OH,AGL,CE,Federal Contract Tower,0,1,21,0,22,0,0,0,0,0,0,1,21,0,22,0,0,0,22
12/03/2005,CGF,OH,AGL,CE,Federal Contract Tower,0,6,9,0,15,0,1,5,0,6,0,7,14,0,21,0,0,0,21
12/04/2005,CGF,OH,AGL,CE,Federal Contract Tower,0,3,10,0,13,0,7,1,0,8,0,10,11,0,21,0,0,0,21
12/05/2005,CGF,OH,AGL,CE,Federal Contract Tower,0,5,32,0,37,0,0,29,0,29,0,5,61,0,66,0,0,0,66
12/06/2005,CGF,OH,AGL,CE,Federal Contract Tower,0,6,54,0,60,0,8,79,0,87,0,14,133,0,147,36,0,36,183
12/07/2005,CGF,OH,AGL,CE,Federal Contract Tower,0,1,34,0,35,0,6,5,0,11,0,7,39,0,46,6,0,6,52
12/08/2005,CGF,OH,AGL,CE,Federal Contract Tower,0,10,31,0,41,0,14,15,0,29,0,24,46,0,70,2,0,2,72
12/09/2005,CGF,OH,AGL,CE,Federal Contract Tower,0,0,29,0,29,0,4,6,0,10,0,4,35,0,39,0,0,0,39
12/10/2005,CGF,OH,AGL,CE,Federal Contract Tower,0,2,20,0,22,0,6,29,0,35,0,8,49,0,57,0,0,0,57
12/11/2005,CGF,OH,AGL,CE,Federal Contract Tower,0,1,25,0,26,0,2,0,0,2,0,3,25,0,28,0,0,0,28
12/12/2005,CGF,OH,AGL,CE,Federal Contract Tower,0,5,32,0,37,0,0,10,0,10,0,5,42,0,47,10,0,10,57
12/13/2005,CGF,OH,AGL,CE,Federal Contract Tower,0,9,50,0,59,0,1,37,0,38,0,10,87,0,97,52,0,52,149
12/14/2005,CGF,OH,AGL,CE,Federal Contract Tower,0,13,41,0,54,0,9,19,0,28,0,22,60,0,82,8,0,8,90
12/15/2005,CGF,OH,AGL,CE,Federal Contract Tower,0,8,24,0,32,0,1,0,0,1,0,9,24,0,33,0,0,0,33
12/16/2005,CGF,OH,AGL,CE,Federal Contract Tower,0,6,16,0,22,0,3,13,0,16,0,9,29,0,38,10,0,10,48
12/17/2005,CGF,OH,AGL,CE,Federal Contract Tower,0,5,13,0,18,0,4,24,0,28,0,9,37,0,46,8,0,8,54
12/18/2005,CGF,OH,AGL,CE,Federal Contract Tower,0,6,15,0,21,0,14,37,0,51,0,20,52,0,72,30,0,30,102
12/19/2005,CGF,OH,AGL,CE,Federal Contract Tower,0,4,27,0,31,0,21,22,0,43,0,25,49,0,74,0,0,0,74
12/20/2005,CGF,OH,AGL,CE,Federal Contract Tower,0,5,34,0,39,0,4,18,0,22,0,9,52,0,61,0,0,0,61
12/21/2005,CGF,OH,AGL,CE,Federal Contract Tower,0,8,37,0,45,0,8,54,0,62,0,16,91,0,107,0,0,0,107
12/22/2005,CGF,OH,AGL,CE,Federal Contract Tower,0,4,32,0,36,0,4,42,0,46,0,8,74,0,82,12,0,12,94
12/23/2005,CGF,OH,AGL,CE,Federal Contract Tower,0,5,15,0,20,0,4,37,0,41,0,9,52,0,61,2,0,2,63
12/24/2005,CGF,OH,AGL,CE,Federal Contract Tower,0,9,4,0,13,0,0,71,0,71,0,9,75,0,84,66,0,66,150
12/25/2005,CGF,OH,AGL,CE,Federal Contract Tower,0,7,3,0,10,0,2,0,0,2,0,9,3,0,12,0,0,0,12
12/26/2005,CGF,OH,AGL,CE,Federal Contract Tower,0,6,12,0,18,0,5,1,0,6,0,11,13,0,24,0,0,0,24
12/27/2005,CGF,OH,AGL,CE,Federal Contract Tower,0,8,30,0,38,0,14,31,0,45,0,22,61,0,83,32,0,32,115
12/28/2005,CGF,OH,AGL,CE,Federal Contract Tower,0,18,16,0,34,0,2,58,0,60,0,20,74,0,94,26,0,26,120
12/29/2005,CGF,OH,AGL,CE,Federal Contract Tower,0,7,6,0,13,0,0,0,0,0,0,7,6,0,13,0,0,0,13
12/30/2005,CGF,OH,AGL,CE,Federal Contract Tower,0,5,11,0,16,0,2,8,0,10,0,7,19,0,26,4,0,4,30
12/31/2005,CGF,OH,AGL,CE,Federal Contract Tower,0,2,3,0,5,0,4,39,0,43,0,6,42,0,48,4,0,4,52
01/01/2006,CGF,OH,AGL,CE,Federal Contract Tower,0,5,12,0,17,0,0,62,0,62,0,5,74,0,79,32,0,32,111
01/02/2006,CGF,OH,AGL,CE,Federal Contract Tower,0,6,12,0,18,0,11,8,0,19,0,17,20,0,37,0,0,0,37
01/03/2006,CGF,OH,AGL,CE,Federal Contract Tower,0,6,25,0,31,0,3,4,0,7,0,9,29,0,38,0,0,0,38
01/04/2006,CGF,OH,AGL,CE,Federal Contract Tower,0,7,24,0,31,0,0,12,0,12,0,7,36,0,43,0,0,0,43
01/05/2006,CGF,OH,AGL,CE,Federal Contract Tower,0,2,11,0,13,0,1,28,0,29,0,3,39,0,42,0,0,0,42
01/06/2006,CGF,OH,AGL,CE,Federal Contract Tower,0,1,20,0,21,0,4,19,0,23,0,5,39,0,44,0,0,0,44
01/07/2006,CGF,OH,AGL,CE,Federal Contract Tower,0,4,6,0,10,0,0,18,0,18,0,4,24,0,28,0,0,0,28
01/08/2006,CGF,OH,AGL,CE,Federal Contract Tower,0,8,15,0,23,0,25,39,0,64,0,33,54,0,87,56,0,56,143
01/09/2006,CGF,OH,AGL,CE,Federal Contract Tower,0,6,24,0,30,0,4,24,0,28,0,10,48,0,58,2,0,2,60
01/10/2006,CGF,OH,AGL,CE,Federal Contract Tower,0,8,29,0,37,0,2,46,0,48,0,10,75,0,85,64,0,64,149
01/11/2006,CGF,OH,AGL,CE,Federal Contract Tower,0,7,36,0,43,0,8,49,0,57,0,15,85,0,100,18,0,18,118
01/12/2006,CGF,OH,AGL,CE,Federal Contract Tower,0,15,39,0,54,0,24,109,2,135,0,39,148,2,189,82,0,82,271
01/13/2006,CGF,OH,AGL,CE,Federal Contract Tower,0,14,34,0,48,0,6,81,0,87,0,20,115,0,135,64,0,64,199
01/14/2006,CGF,OH,AGL,CE,Federal Contract Tower,0,1,9,0,10,0,6,13,0,19,0,7,22,0,29,0,0,0,29
01/15/2006,CGF,OH,AGL,CE,Federal Contract Tower,0,9,7,0,16,0,0,42,0,42,0,9,49,0,58,52,0,52,110
01/16/2006,CGF,OH,AGL,CE,Federal Contract Tower,0,9,29,0,38,0,11,59,0,70,0,20,88,0,108,36,0,36,144
01/17/2006,CGF,OH,AGL,CE,Federal Contract Tower,0,6,29,0,35,0,2,4,0,6,0,8,33,0,41,8,0,8,49
01/18/2006,CGF,OH,AGL,CE,Federal Contract Tower,0,3,20,0,23,0,1,25,0,26,0,4,45,0,49,0,0,0,49
01/19/2006,CGF,OH,AGL,CE,Federal Contract Tower,0,14,28,0,42,0,3,76,0,79,0,17,104,0,121,64,0,64,185
01/20/2006,CGF,OH,AGL,CE,Federal Contract Tower,0,13,28,0,41,0,17,58,0,75,0,30,86,0,116,32,0,32,148
01/21/2006,CGF,OH,AGL,CE,Federal Contract Tower,0,7,6,0,13,0,16,34,0,50,0,23,40,0,63,26,0,26,89
01/22/2006,CGF,OH,AGL,CE,Federal Contract Tower,0,6,20,0,26,0,7,89,0,96,0,13,109,0,122,66,0,66,188
01/23/2006,CGF,OH,AGL,CE,Federal Contract Tower,0,6,31,0,37,0,4,28,0,32,0,10,59,0,69,46,0,46,115
01/24/2006,CGF,OH,AGL,CE,Federal Contract Tower,0,5,29,0,34,0,4,19,0,23,0,9,48,0,57,20,0,20,77
01/25/2006,CGF,OH,AGL,CE,Federal Contract Tower,0,2,35,0,37,0,1,38,0,39,0,3,73,0,76,16,0,16,92
01/26/2006,CGF,OH,AGL,CE,Federal Contract Tower,0,5,40,0,45,0,13,90,0,103,0,18,130,0,148,52,0,52,200
01/27/2006,CGF,OH,AGL,CE,Federal Contract Tower,0,7,30,0,37,0,15,99,0,114,0,22,129,0,151,74,0,74,225
01/28/2006,CGF,OH,AGL,CE,Federal Contract Tower,0,9,6,0,15,0,27,111,0,138,0,36,117,0,153,100,0,100,253
01/29/2006,CGF,OH,AGL,CE,Federal Contract Tower,0,11,15,0,26,0,9,38,0,47,0,20,53,0,73,12,0,12,85
01/30/2006,CGF,OH,AGL,CE,Federal Contract Tower,0,6,36,0,42,0,4,43,0,47,0,10,79,0,89,58,0,58,147
01/31/2006,CGF,OH,AGL,CE,Federal Contract Tower,0,7,37,0,44,0,3,33,0,36,0,10,70,0,80,8,0,8,88
02/01/2006,CGF,OH,AGL,CE,Federal Contract Tower,0,10,23,0,33,0,13,60,0,73,0,23,83,0,106,60,0,60,166
02/02/2006,CGF,OH,AGL,CE,Federal Contract Tower,0,11,34,0,45,0,4,41,0,45,0,15,75,0,90,42,0,42,132
02/03/2006,CGF,OH,AGL,CE,Federal Contract Tower,0,7,28,0,35,0,0,12,0,12,0,7,40,0,47,0,0,0,47
02/04/2006,CGF,OH,AGL,CE,Federal Contract Tower,0,4,6,0,10,0,0,0,0,0,0,4,6,0,10,0,0,0,10
02/05/2006,CGF,OH,AGL,CE,Federal Contract Tower,0,3,9,0,12,0,1,0,0,1,0,4,9,0,13,0,0,0,13
02/06/2006,CGF,OH,AGL,CE,Federal Contract Tower,0,6,21,0,27,0,5,6,0,11,0,11,27,0,38,4,0,4,42
02/07/2006,CGF,OH,AGL,CE,Federal Contract Tower,0,11,32,0,43,0,0,31,0,31,0,11,63,0,74,12,0,12,86
02/08/2006,CGF,OH,AGL,CE,Federal Contract Tower,0,10,30,0,40,0,2,14,0,16,0,12,44,0,56,0,0,0,56
02/09/2006,CGF,OH,AGL,CE,Federal Contract Tower,0,17,18,0,35,0,8,30,0,38,0,25,48,0,73,22,0,22,95
02/10/2006,CGF,OH,AGL,CE,Federal Contract Tower,0,8,29,0,37,0,15,44,0,59,0,23,73,0,96,4,0,4,100
02/11/2006,CGF,OH,AGL,CE,Federal Contract Tower,0,0,13,0,13,0,14,66,0,80,0,14,79,0,93,48,0,48,141
02/12/2006,CGF,OH,AGL,CE,Federal Contract Tower,0,5,10,0,15,0,6,24,0,30,0,11,34,0,45,0,0,0,45
02/13/2006,CGF,OH,AGL,CE,Federal Contract Tower,0,6,17,0,23,0,2,13,0,15,0,8,30,0,38,10,0,10,48
02/14/2006,CGF,OH,AGL,CE,Federal Contract Tower,0,15,29,0,44,0,16,65,0,81,0,31,94,0,125,58,0,58,183
02/15/2006,CGF,OH,AGL,CE,Federal Contract Tower,0,14,36,0,50,0,4,78,0,82,0,18,114,0,132,80,0,80,212
02/16/2006,CGF,OH,AGL,CE,Federal Contract Tower,0,12,30,0,42,0,10,42,0,52,0,22,72,0,94,22,0,22,116
02/17/2006,CGF,OH,AGL,CE,Federal Contract Tower,0,11,12,0,23,0,12,36,0,48,0,23,48,0,71,14,0,14,85
02/18/2006,CGF,OH,AGL,CE,Federal Contract Tower,0,6,11,0,17,0,7,34,0,41,0,13,45,0,58,32,0,32,90
02/19/2006,CGF,OH,AGL,CE,Federal Contract Tower,0,10,18,0,28,0,9,73,0,82,0,19,91,0,110,56,0,56,166
02/20/2006,CGF,OH,AGL,CE,Federal Contract Tower,0,13,24,0,37,0,6,67,0,73,0,19,91,0,110,74,0,74,184
02/21/2006,CGF,OH,AGL,CE,Federal Contract Tower,0,16,32,0,48,0,10,63,0,73,0,26,95,0,121,52,0,52,173
02/22/2006,CGF,OH,AGL,CE,Federal Contract Tower,0,22,36,0,58,0,8,76,0,84,0,30,112,0,142,56,0,56,198
02/23/2006,CGF,OH,AGL,CE,Federal Contract Tower,0,24,37,0,61,0,8,63,0,71,0,32,100,0,132,50,0,50,182
02/24/2006,CGF,OH,AGL,CE,Federal Contract Tower,0,5,31,0,36,0,11,65,0,76,0,16,96,0,112,60,0,60,172
02/25/2006,CGF,OH,AGL,CE,Federal Contract Tower,0,6,11,0,17,0,5,29,0,34,0,11,40,0,51,4,0,4,55
02/26/2006,CGF,OH,AGL,CE,Federal Contract Tower,0,6,19,0,25,0,0,55,0,55,0,6,74,0,80,50,0,50,130
02/27/2006,CGF,OH,AGL,CE,Federal Contract Tower,0,5,23,0,28,0,16,18,0,34,0,21,41,0,62,0,0,0,62
02/28/2006,CGF,OH,AGL,CE,Federal Contract Tower,0,9,27,0,36,0,7,23,0,30,0,16,50,0,66,78,0,78,144
03/01/2006,CGF,OH,AGL,CE,Federal Contract Tower,0,10,39,0,49,0,16,53,4,73,0,26,92,4,122,78,0,78,200
03/02/2006,CGF,OH,AGL,CE,Federal Contract Tower,0,4,20,0,24,0,4,32,0,36,0,8,52,0,60,0,0,0,60
03/03/2006,CGF,OH,AGL,CE,Federal Contract Tower,0,11,29,0,40,0,5,46,0,51,0,16,75,0,91,50,0,50,141
03/04/2006,CGF,OH,AGL,CE,Federal Contract Tower,0,12,12,0,24,0,1,67,0,68,0,13,79,0,92,60,0,60,152
03/05/2006,CGF,OH,AGL,CE,Federal Contract Tower,0,10,22,0,32,0,3,133,0,136,0,13,155,0,168,84,0,84,252
03/06/2006,CGF,OH,AGL,CE,Federal Contract Tower,0,5,23,0,28,0,16,61,0,77,0,21,84,0,105,60,0,60,165
03/07/2006,CGF,OH,AGL,CE,Federal Contract Tower,0,16,35,0,51,0,18,70,0,88,0,34,105,0,139,94,0,94,233
03/08/2006,CGF,OH,AGL,CE,Federal Contract Tower,0,21,28,0,49,0,8,52,0,60,0,29,80,0,109,42,0,42,151
03/09/2006,CGF,OH,AGL,CE,Federal Contract Tower,0,6,33,0,39,0,13,44,0,57,0,19,77,0,96,18,0,18,114
03/10/2006,CGF,OH,AGL,CE,Federal Contract Tower,0,19,18,0,37,0,8,2,0,10,0,27,20,0,47,2,0,2,49
03/11/2006,CGF,OH,AGL,CE,Federal Contract Tower,0,7,14,0,21,0,16,30,0,46,0,23,44,0,67,34,0,34,101
03/12/2006,CGF,OH,AGL,CE,Federal Contract Tower,0,16,10,0,26,0,0,0,0,0,0,16,10,0,26,0,0,0,26
03/13/2006,CGF,OH,AGL,CE,Federal Contract Tower,0,14,14,0,28,0,6,22,0,28,0,20,36,0,56,0,0,0,56
03/14/2006,CGF,OH,AGL,CE,Federal Contract Tower,0,14,26,0,40,0,0,40,0,40,0,14,66,0,80,0,0,0,80
03/15/2006,CGF,OH,AGL,CE,Federal Contract Tower,0,11,39,0,50,0,25,58,0,83,0,36,97,0,133,12,0,12,145
03/16/2006,CGF,OH,AGL,CE,Federal Contract Tower,0,7,41,0,48,0,11,71,0,82,0,18,112,0,130,70,0,70,200
03/17/2006,CGF,OH,AGL,CE,Federal Contract Tower,0,12,41,0,53,0,12,45,0,57,0,24,86,0,110,60,0,60,170
03/18/2006,CGF,OH,AGL,CE,Federal Contract Tower,0,11,26,0,37,0,13,40,0,53,0,24,66,0,90,24,0,24,114
03/19/2006,CGF,OH,AGL,CE,Federal Contract Tower,0,8,22,0,30,0,1,54,0,55,0,9,76,0,85,28,0,28,113
03/20/2006,CGF,OH,AGL,CE,Federal Contract Tower,0,7,28,0,35,0,8,75,0,83,0,15,103,0,118,60,0,60,178
03/21/2006,CGF,OH,AGL,CE,Federal Contract Tower,0,19,29,0,48,0,26,63,0,89,0,45,92,0,137,66,0,66,203
03/22/2006,CGF,OH,AGL,CE,Federal Contract Tower,0,23,26,0,49,0,15,60,0,75,0,38,86,0,124,32,0,32,156
03/23/2006,CGF,OH,AGL,CE,Federal Contract Tower,0,14,19,0,33,0,8,57,0,65,0,22,76,0,98,72,0,72,170
03/24/2006,CGF,OH,AGL,CE,Federal Contract Tower,0,10,30,0,40,0,9,69,0,78,0,19,99,0,118,80,0,80,198
03/25/2006,CGF,OH,AGL,CE,Federal Contract Tower,0,3,10,0,13,0,0,0,0,0,0,3,10,0,13,0,0,0,13
03/26/2006,CGF,OH,AGL,CE,Federal Contract Tower,0,5,21,0,26,0,3,89,0,92,0,8,110,0,118,52,0,52,170
03/27/2006,CGF,OH,AGL,CE,Federal Contract Tower,0,13,27,0,40,0,23,109,0,132,0,36,136,0,172,86,0,86,258
03/28/2006,CGF,OH,AGL,CE,Federal Contract Tower,0,13,20,0,33,0,14,57,0,71,0,27,77,0,104,76,0,76,180
03/29/2006,CGF,OH,AGL,CE,Federal Contract Tower,0,20,30,0,50,0,26,96,0,122,0,46,126,0,172,86,0,86,258
03/30/2006,CGF,OH,AGL,CE,Federal Contract Tower,0,14,34,0,48,0,10,76,2,88,0,24,110,2,136,82,0,82,218
03/31/2006,CGF,OH,AGL,CE,Federal Contract Tower,0,8,25,0,33,0,16,53,0,69,0,24,78,0,102,40,0,40,142
04/01/2006,CGF,OH,AGL,CE,Federal Contract Tower,0,11,20,0,31,0,8,54,0,62,0,19,74,0,93,24,0,24,117
04/02/2006,CGF,OH,AGL,CE,Federal Contract Tower,0,15,21,0,36,0,5,37,0,42,0,20,58,0,78,62,0,62,140
04/03/2006,CGF,OH,AGL,CE,Federal Contract Tower,0,9,30,0,39,0,28,30,0,58,0,37,60,0,97,10,0,10,107
04/04/2006,CGF,OH,AGL,CE,Federal Contract Tower,0,26,18,0,44,0,7,59,4,70,0,33,77,4,114,38,0,38,152
04/05/2006,CGF,OH,AGL,CE,Federal Contract Tower,0,16,40,0,56,0,6,36,0,42,0,22,76,0,98,36,0,36,134
04/06/2006,CGF,OH,AGL,CE,Federal Contract Tower,0,7,29,0,36,0,9,65,0,74,0,16,94,0,110,44,0,44,154
04/07/2006,CGF,OH,AGL,CE,Federal Contract Tower,0,5,12,0,17,0,1,11,0,12,0,6,23,0,29,0,0,0,29
04/08/2006,CGF,OH,AGL,CE,Federal Contract Tower,0,10,13,0,23,0,14,44,0,58,0,24,57,0,81,70,0,70,151
04/09/2006,CGF,OH,AGL,CE,Federal Contract Tower,0,12,29,0,41,0,3,110,0,113,0,15,139,0,154,82,0,82,236
04/10/2006,CGF,OH,AGL,CE,Federal Contract Tower,0,16,24,0,40,0,14,84,0,98,0,30,108,0,138,70,0,70,208
04/11/2006,CGF,OH,AGL,CE,Federal Contract Tower,0,19,25,0,44,0,24,122,0,146,0,43,147,0,190,68,0,68,258
04/12/2006,CGF,OH,AGL,CE,Federal Contract Tower,0,20,29,0,49,0,18,49,0,67,0,38,78,0,116,36,0,36,152
04/13/2006,CGF,OH,AGL,CE,Federal Contract Tower,0,20,31,0,51,0,6,82,2,90,0,26,113,2,141,88,0,88,229
04/14/2006,CGF,OH,AGL,CE,Federal Contract Tower,0,8,23,0,31,0,14,62,0,76,0,22,85,0,107,48,0,48,155
04/15/2006,CGF,OH,AGL,CE,Federal Contract Tower,0,15,24,0,39,0,11,104,0,115,0,26,128,0,154,86,0,86,240
04/16/2006,CGF,OH,AGL,CE,Federal Contract Tower,0,7,8,0,15,0,0,59,0,59,0,7,67,0,74,64,0,64,138
04/17/2006,CGF,OH,AGL,CE,Federal Contract Tower,0,10,30,0,40,0,6,73,0,79,0,16,103,0,119,48,0,48,167
04/18/2006,CGF,OH,AGL,CE,Federal Contract Tower,0,11,36,0,47,0,28,80,0,108,0,39,116,0,155,82,0,82,237
04/19/2006,CGF,OH,AGL,CE,Federal Contract Tower,0,15,32,0,47,0,5,77,0,82,0,20,109,0,129,80,0,80,209
04/20/2006,CGF,OH,AGL,CE,Federal Contract Tower,0,19,41,0,60,0,17,84,0,101,0,36,125,0,161,86,0,86,247
04/21/2006,CGF,OH,AGL,CE,Federal Contract Tower,0,9,32,0,41,0,7,34,0,41,0,16,66,0,82,58,0,58,140
04/22/2006,CGF,OH,AGL,CE,Federal Contract Tower,0,6,16,0,22,0,14,42,0,56,0,20,58,0,78,32,0,32,110
04/23/2006,CGF,OH,AGL,CE,Federal Contract Tower,0,8,29,0,37,0,10,30,0,40,0,18,59,0,77,38,0,38,115
04/24/2006,CGF,OH,AGL,CE,Federal Contract Tower,0,16,40,0,56,0,7,69,0,76,0,23,109,0,132,52,0,52,184
04/25/2006,CGF,OH,AGL,CE,Federal Contract Tower,0,15,39,0,54,0,11,36,0,47,0,26,75,0,101,38,0,38,139
04/26/2006,CGF,OH,AGL,CE,Federal Contract Tower,0,13,32,0,45,0,6,68,0,74,0,19,100,0,119,118,0,118,237
04/27/2006,CGF,OH,AGL,CE,Federal Contract Tower,0,13,47,0,60,0,2,82,0,84,0,15,129,0,144,76,0,76,220
04/28/2006,CGF,OH,AGL,CE,Federal Contract Tower,0,10,32,0,42,0,1,87,0,88,0,11,119,0,130,92,0,92,222
04/29/2006,CGF,OH,AGL,CE,Federal Contract Tower,0,8,23,0,31,0,3,60,0,63,0,11,83,0,94,52,0,52,146
04/30/2006,CGF,OH,AGL,CE,Federal Contract Tower,0,7,8,0,15,0,13,40,0,53,0,20,48,0,68,36,0,36,104
05/01/2006,CGF,OH,AGL,CE,Federal Contract Tower,0,19,43,0,62,0,8,39,0,47,0,27,82,0,109,80,0,80,189
05/02/2006,CGF,OH,AGL,CE,Federal Contract Tower,0,11,32,0,43,0,10,41,0,51,0,21,73,0,94,60,0,60,154
05/03/2006,CGF,OH,AGL,CE,Federal Contract Tower,0,21,56,0,77,0,10,65,0,75,0,31,121,0,152,58,0,58,210
05/04/2006,CGF,OH,AGL,CE,Federal Contract Tower,0,9,44,0,53,0,20,68,0,88,0,29,112,0,141,84,0,84,225
05/05/2006,CGF,OH,AGL,CE,Federal Contract Tower,0,11,38,0,49,0,3,67,0,70,0,14,105,0,119,96,0,96,215
05/06/2006,CGF,OH,AGL,CE,Federal Contract Tower,0,11,24,0,35,0,20,66,0,86,0,31,90,0,121,66,0,66,187
05/07/2006,CGF,OH,AGL,CE,Federal Contract Tower,0,13,15,0,28,0,7,95,0,102,0,20,110,0,130,62,0,62,192
05/08/2006,CGF,OH,AGL,CE,Federal Contract Tower,0,10,31,0,41,0,25,64,0,89,0,35,95,0,130,62,0,62,192
05/09/2006,CGF,OH,AGL,CE,Federal Contract Tower,0,24,33,0,57,0,8,71,0,79,0,32,104,0,136,74,0,74,210
05/10/2006,CGF,OH,AGL,CE,Federal Contract Tower,0,21,34,0,55,0,16,88,0,104,0,37,122,0,159,64,0,64,223
05/11/2006,CGF,OH,AGL,CE,Federal Contract Tower,0,22,37,0,59,0,7,25,0,32,0,29,62,0,91,22,0,22,113
05/12/2006,CGF,OH,AGL,CE,Federal Contract Tower,0,16,24,0,40,0,12,37,0,49,0,28,61,0,89,38,0,38,127
05/13/2006,CGF,OH,AGL,CE,Federal Contract Tower,0,8,20,0,28,0,9,69,0,78,0,17,89,0,106,58,0,58,164
05/14/2006,CGF,OH,AGL,CE,Federal Contract Tower,0,11,14,0,25,0,2,22,0,24,0,13,36,0,49,22,0,22,71
05/15/2006,CGF,OH,AGL,CE,Federal Contract Tower,0,12,31,0,43,0,0,1,0,1,0,12,32,0,44,0,0,0,44
05/16/2006,CGF,OH,AGL,CE,Federal Contract Tower,0,4,23,0,27,0,2,35,0,37,0,6,58,0,64,0,0,0,64
05/17/2006,CGF,OH,AGL,CE,Federal Contract Tower,0,6,41,0,47,0,11,33,0,44,0,17,74,0,91,60,0,60,151
05/18/2006,CGF,OH,AGL,CE,Federal Contract Tower,0,12,40,2,54,0,20,23,0,43,0,32,63,2,97,54,0,54,151
05/19/2006,CGF,OH,AGL,CE,Federal Contract Tower,0,9,38,0,47,0,2,6,0,8,0,11,44,0,55,0,0,0,55
05/20/2006,CGF,OH,AGL,CE,Federal Contract Tower,0,21,21,0,42,0,27,85,0,112,0,48,106,0,154,80,0,80,234
05/21/2006,CGF,OH,AGL,CE,Federal Contract Tower,0,18,18,0,36,0,16,26,0,42,0,34,44,0,78,26,0,26,104
05/22/2006,CGF,OH,AGL,CE,Federal Contract Tower,0,3,32,0,35,0,24,46,0,70,0,27,78,0,105,34,0,34,139
05/23/2006,CGF,OH,AGL,CE,Federal Contract Tower,0,4,55,0,59,0,28,53,0,81,0,32,108,0,140,52,0,52,192
05/24/2006,CGF,OH,AGL,CE,Federal Contract Tower,0,17,50,0,67,0,8,100,0,108,0,25,150,0,175,84,0,84,259
05/25/2006,CGF,OH,AGL,CE,Federal Contract Tower,0,10,24,0,34,0,12,57,4,73,0,22,81,4,107,38,0,38,145
05/26/2006,CGF,OH,AGL,CE,Federal Contract Tower,0,11,31,0,42,0,0,13,0,13,0,11,44,0,55,0,0,0,55
05/27/2006,CGF,OH,AGL,CE,Federal Contract Tower,0,14,32,0,46,0,8,85,0,93,0,22,117,0,139,84,0,84,223
05/28/2006,CGF,OH,AGL,CE,Federal Contract Tower,0,8,12,0,20,0,8,92,0,100,0,16,104,0,120,80,0,80,200
05/29/2006,CGF,OH,AGL,CE,Federal Contract Tower,0,17,11,0,28,0,19,43,2,64,0,36,54,2,92,40,0,40,132
05/30/2006,CGF,OH,AGL,CE,Federal Contract Tower,0,14,39,0,53,0,7,75,0,82,0,21,114,0,135,70,0,70,205
05/31/2006,CGF,OH,AGL,CE,Federal Contract Tower,0,12,34,0,46,0,19,61,0,80,0,31,95,0,126,64,0,64,190
06/01/2006,CGF,OH,AGL,CE,Federal Contract Tower,0,12,32,0,44,0,8,28,2,38,0,20,60,2,82,8,0,8,90
06/02/2006,CGF,OH,AGL,CE,Federal Contract Tower,0,13,33,0,46,0,1,6,0,7,0,14,39,0,53,8,0,8,61
06/03/2006,CGF,OH,AGL,CE,Federal Contract Tower,0,13,28,0,41,0,3,10,0,13,0,16,38,0,54,20,0,20,74
06/04/2006,CGF,OH,AGL,CE,Federal Contract Tower,0,9,22,0,31,0,6,52,0,58,0,15,74,0,89,46,0,46,135
06/05/2006,CGF,OH,AGL,CE,Federal Contract Tower,0,17,44,0,61,0,2,91,0,93,0,19,135,0,154,78,0,78,232
06/06/2006,CGF,OH,AGL,CE,Federal Contract Tower,0,20,40,0,60,0,17,55,0,72,0,37,95,0,132,62,0,62,194
06/07/2006,CGF,OH,AGL,CE,Federal Contract Tower,0,23,30,0,53,0,4,56,0,60,0,27,86,0,113,56,0,56,169
06/08/2006,CGF,OH,AGL,CE,Federal Contract Tower,0,17,50,0,67,0,2,79,0,81,0,19,129,0,148,64,0,64,212
06/09/2006,CGF,OH,AGL,CE,Federal Contract Tower,0,15,40,0,55,0,17,58,0,75,0,32,98,0,130,54,0,54,184
06/10/2006,CGF,OH,AGL,CE,Federal Contract Tower,0,5,15,0,20,0,6,88,0,94,0,11,103,0,114,58,0,58,172
06/11/2006,CGF,OH,AGL,CE,Federal Contract Tower,0,23,22,0,45,0,4,92,0,96,0,27,114,0,141,70,0,70,211
06/12/2006,CGF,OH,AGL,CE,Federal Contract Tower,0,9,31,0,40,0,17,22,0,39,0,26,53,0,79,62,0,62,141
06/13/2006,CGF,OH,AGL,CE,Federal Contract Tower,0,17,44,0,61,0,19,52,0,71,0,36,96,0,132,42,0,42,174
06/14/2006,CGF,OH,AGL,CE,Federal Contract Tower,0,13,45,0,58,0,0,75,1,76,0,13,120,1,134,52,0,52,186
06/15/2006,CGF,OH,AGL,CE,Federal Contract Tower,0,20,48,0,68,0,29,75,0,104,0,49,123,0,172,98,0,98,270
06/16/2006,CGF,OH,AGL,CE,Federal Contract Tower,0,10,41,0,51,0,31,92,0,123,0,41,133,0,174,92,0,92,266
06/17/2006,CGF,OH,AGL,CE,Federal Contract Tower,0,17,22,0,39,0,10,79,0,89,0,27,101,0,128,84,0,84,212
06/18/2006,CGF,OH,AGL,CE,Federal Contract Tower,0,17,15,0,32,0,9,55,0,64,0,26,70,0,96,42,0,42,138
06/19/2006,CGF,OH,AGL,CE,Federal Contract Tower,0,23,34,0,57,0,4,32,0,36,0,27,66,0,93,44,0,44,137
06/20/2006,CGF,OH,AGL,CE,Federal Contract Tower,0,17,40,0,57,0,3,80,4,87,0,20,120,4,144,110,0,110,254
06/21/2006,CGF,OH,AGL,CE,Federal Contract Tower,0,22,35,0,57,0,4,32,0,36,0,26,67,0,93,24,0,24,117
06/22/2006,CGF,OH,AGL,CE,Federal Contract Tower,0,25,35,0,60,0,9,56,0,65,0,34,91,0,125,122,0,122,247
06/23/2006,CGF,OH,AGL,CE,Federal Contract Tower,0,17,64,0,81,0,5,31,0,36,0,22,95,0,117,24,0,24,141
06/24/2006,CGF,OH,AGL,CE,Federal Contract Tower,0,10,38,0,48,0,18,109,0,127,0,28,147,0,175,82,0,82,257
06/25/2006,CGF,OH,AGL,CE,Federal Contract Tower,0,29,30,0,59,0,8,83,0,91,0,37,113,0,150,66,0,66,216
06/26/2006,CGF,OH,AGL,CE,Federal Contract Tower,0,24,37,0,61,0,0,9,0,9,0,24,46,0,70,2,0,2,72
06/27/2006,CGF,OH,AGL,CE,Federal Contract Tower,0,10,58,0,68,0,7,37,0,44,0,17,95,0,112,80,0,80,192
06/28/2006,CGF,OH,AGL,CE,Federal Contract Tower,0,22,53,0,75,0,7,51,0,58,0,29,104,0,133,58,0,58,191
06/29/2006,CGF,OH,AGL,CE,Federal Contract Tower,0,18,45,0,63,0,15,62,0,77,0,33,107,0,140,54,0,54,194
06/30/2006,CGF,OH,AGL,CE,Federal Contract Tower,0,14,39,0,53,0,16,68,0,84,0,30,107,0,137,50,0,50,187
07/01/2006,CGF,OH,AGL,CE,Federal Contract Tower,0,16,30,0,46,0,3,76,0,79,0,19,106,0,125,48,0,48,173
07/02/2006,CGF,OH,AGL,CE,Federal Contract Tower,0,23,11,0,34,0,4,73,0,77,0,27,84,0,111,28,0,28,139
07/03/2006,CGF,OH,AGL,CE,Federal Contract Tower,0,2,14,0,16,0,16,10,0,26,0,18,24,0,42,42,0,42,84
07/04/2006,CGF,OH,AGL,CE,Federal Contract Tower,0,9,7,0,16,0,10,31,0,41,0,19,38,0,57,24,0,24,81
07/05/2006,CGF,OH,AGL,CE,Federal Contract Tower,0,16,25,0,41,0,0,83,10,93,0,16,108,10,134,52,0,52,186
07/06/2006,CGF,OH,AGL,CE,Federal Contract Tower,0,19,25,0,44,0,7,78,0,85,0,26,103,0,129,42,0,42,171
07/07/2006,CGF,OH,AGL,CE,Federal Contract Tower,0,12,26,0,38,0,11,83,0,94,0,23,109,0,132,78,0,78,210
07/08/2006,CGF,OH,AGL,CE,Federal Contract Tower,0,12,17,0,29,0,12,109,0,121,0,24,126,0,150,72,0,72,222
07/09/2006,CGF,OH,AGL,CE,Federal Contract Tower,0,10,21,0,31,0,19,89,0,108,0,29,110,0,139,48,0,48,187
07/10/2006,CGF,OH,AGL,CE,Federal Contract Tower,0,5,35,0,40,0,0,32,0,32,0,5,67,0,72,14,0,14,86
07/11/2006,CGF,OH,AGL,CE,Federal Contract Tower,0,18,49,0,67,0,11,9,0,20,0,29,58,0,87,72,0,72,159
07/12/2006,CGF,OH,AGL,CE,Federal Contract Tower,0,33,35,0,68,0,4,8,0,12,0,37,43,0,80,8,0,8,88
07/13/2006,CGF,OH,AGL,CE,Federal Contract Tower,0,28,50,0,78,0,8,77,0,85,0,36,127,0,163,54,0,54,217
07/14/2006,CGF,OH,AGL,CE,Federal Contract Tower,0,16,42,0,58,0,6,54,0,60,0,22,96,0,118,72,0,72,190
07/15/2006,CGF,OH,AGL,CE,Federal Contract Tower,0,7,23,0,30,0,0,70,0,70,0,7,93,0,100,34,0,34,134
07/16/2006,CGF,OH,AGL,CE,Federal Contract Tower,0,11,35,0,46,0,6,117,0,123,0,17,152,0,169,68,0,68,237
07/17/2006,CGF,OH,AGL,CE,Federal Contract Tower,0,5,43,0,48,0,28,81,0,109,0,33,124,0,157,72,0,72,229
07/18/2006,CGF,OH,AGL,CE,Federal Contract Tower,0,15,38,0,53,0,14,52,0,66,0,29,90,0,119,78,0,78,197
07/19/2006,CGF,OH,AGL,CE,Federal Contract Tower,0,11,38,0,49,0,18,84,0,102,0,29,122,0,151,92,0,92,243
07/20/2006,CGF,OH,AGL,CE,Federal Contract Tower,0,22,41,0,63,0,6,70,0,76,0,28,111,0,139,64,0,64,203
07/21/2006,CGF,OH,AGL,CE,Federal Contract Tower,0,22,36,0,58,0,1,33,2,36,0,23,69,2,94,26,0,26,120
07/22/2006,CGF,OH,AGL,CE,Federal Contract Tower,0,9,22,0,31,0,5,34,0,39,0,14,56,0,70,14,0,14,84
07/23/2006,CGF,OH,AGL,CE,Federal Contract Tower,0,16,36,0,52,0,5,114,2,121,0,21,150,2,173,72,0,72,245
07/24/2006,CGF,OH,AGL,CE,Federal Contract Tower,0,9,21,0,30,0,25,99,0,124,0,34,120,0,154,80,0,80,234
07/25/2006,CGF,OH,AGL,CE,Federal Contract Tower,0,20,52,0,72,0,25,30,0,55,0,45,82,0,127,70,0,70,197
07/26/2006,CGF,OH,AGL,CE,Federal Contract Tower,0,10,48,0,58,0,22,59,0,81,0,32,107,0,139,72,0,72,211
07/27/2006,CGF,OH,AGL,CE,Federal Contract Tower,0,15,30,0,45,0,5,35,0,40,0,20,65,0,85,30,0,30,115
07/28/2006,CGF,OH,AGL,CE,Federal Contract Tower,0,16,30,0,46,0,9,59,2,70,0,25,89,2,116,18,0,18,134
07/29/2006,CGF,OH,AGL,CE,Federal Contract Tower,0,14,29,0,43,0,2,85,0,87,0,16,114,0,130,46,0,46,176
07/30/2006,CGF,OH,AGL,CE,Federal Contract Tower,0,17,25,0,42,0,2,64,0,66,0,19,89,0,108,48,0,48,156
07/31/2006,CGF,OH,AGL,CE,Federal Contract Tower,0,13,23,0,36,0,20,74,4,98,0,33,97,4,134,64,0,64,198
08/01/2006,CGF,OH,AGL,CE,Federal Contract Tower,0,20,51,0,71,0,5,30,0,35,0,25,81,0,106,66,0,66,172
08/02/2006,CGF,OH,AGL,CE,Federal Contract Tower,0,19,29,0,48,0,19,49,0,68,0,38,78,0,116,24,0,24,140
08/03/2006,CGF,OH,AGL,CE,Federal Contract Tower,0,15,29,0,44,0,23,13,0,36,0,38,42,0,80,36,0,36,116
08/04/2006,CGF,OH,AGL,CE,Federal Contract Tower,0,11,21,0,32,0,18,87,0,105,0,29,108,0,137,48,0,48,185
08/05/2006,CGF,OH,AGL,CE,Federal Contract Tower,0,5,19,0,24,0,16,86,0,102,0,21,105,0,126,50,0,50,176
08/06/2006,CGF,OH,AGL,CE,Federal Contract Tower,0,22,30,0,52,0,7,72,0,79,0,29,102,0,131,88,0,88,219
08/07/2006,CGF,OH,AGL,CE,Federal Contract Tower,0,7,24,0,31,0,19,122,0,141,0,26,146,0,172,54,0,54,226
08/08/2006,CGF,OH,AGL,CE,Federal Contract Tower,0,21,33,0,54,0,17,101,0,118,0,38,134,0,172,102,0,102,274
08/09/2006,CGF,OH,AGL,CE,Federal Contract Tower,0,22,35,0,57,0,10,78,0,88,0,32,113,0,145,88,0,88,233
08/10/2006,CGF,OH,AGL,CE,Federal Contract Tower,0,14,35,0,49,0,31,38,0,69,0,45,73,0,118,54,0,54,172
08/11/2006,CGF,OH,AGL,CE,Federal Contract Tower,0,13,26,0,39,0,12,74,0,86,0,25,100,0,125,74,0,74,199
08/12/2006,CGF,OH,AGL,CE,Federal Contract Tower,0,12,12,0,24,0,9,84,0,93,0,21,96,0,117,42,0,42,159
08/13/2006,CGF,OH,AGL,CE,Federal Contract Tower,0,20,18,0,38,0,3,101,0,104,0,23,119,0,142,48,0,48,190
08/14/2006,CGF,OH,AGL,CE,Federal Contract Tower,0,18,30,0,48,0,16,47,0,63,0,34,77,0,111,42,0,42,153
08/15/2006,CGF,OH,AGL,CE,Federal Contract Tower,0,20,40,0,60,0,22,91,4,117,0,42,131,4,177,88,0,88,265
08/16/2006,CGF,OH,AGL,CE,Federal Contract Tower,0,21,33,0,54,0,6,108,0,114,0,27,141,0,168,74,0,74,242
08/17/2006,CGF,OH,AGL,CE,Federal Contract Tower,0,17,57,0,74,0,15,81,0,96,0,32,138,0,170,70,0,70,240
08/18/2006,CGF,OH,AGL,CE,Federal Contract Tower,0,19,42,0,61,0,18,73,0,91,0,37,115,0,152,82,0,82,234
08/19/2006,CGF,OH,AGL,CE,Federal Contract Tower,0,4,25,0,29,0,0,2,0,2,0,4,27,0,31,0,0,0,31
08/20/2006,CGF,OH,AGL,CE,Federal Contract Tower,0,14,28,0,42,0,8,39,0,47,0,22,67,0,89,34,0,34,123
08/21/2006,CGF,OH,AGL,CE,Federal Contract Tower,0,20,38,0,58,0,19,67,0,86,0,39,105,0,144,42,0,42,186
08/22/2006,CGF,OH,AGL,CE,Federal Contract Tower,0,12,25,0,37,0,27,55,0,82,0,39,80,0,119,54,0,54,173
08/23/2006,CGF,OH,AGL,CE,Federal Contract Tower,0,13,31,0,44,0,20,57,0,77,0,33,88,0,121,60,0,60,181
08/24/2006,CGF,OH,AGL,CE,Federal Contract Tower,0,5,39,0,44,0,15,45,0,60,0,20,84,0,104,62,0,62,166
08/25/2006,CGF,OH,AGL,CE,Federal Contract Tower,0,12,30,0,42,0,8,34,0,42,0,20,64,0,84,36,0,36,120
08/26/2006,CGF,OH,AGL,CE,Federal Contract Tower,0,13,24,0,37,0,11,57,0,68,0,24,81,0,105,52,0,52,157
08/27/2006,CGF,OH,AGL,CE,Federal Contract Tower,0,13,5,0,18,0,0,0,0,0,0,13,5,0,18,0,0,0,18
08/28/2006,CGF,OH,AGL,CE,Federal Contract Tower,0,10,39,0,49,0,4,14,0,18,0,14,53,0,67,0,0,0,67
08/29/2006,CGF,OH,AGL,CE,Federal Contract Tower,0,13,38,0,51,0,3,17,0,20,0,16,55,0,71,22,0,22,93
08/30/2006,CGF,OH,AGL,CE,Federal Contract Tower,0,25,57,0,82,0,10,34,0,44,0,35,91,0,126,84,0,84,210
08/31/2006,CGF,OH,AGL,CE,Federal Contract Tower,0,20,56,0,76,0,21,53,0,74,0,41,109,0,150,74,0,74,224
09/01/2006,CGF,OH,AGL,CE,Federal Contract Tower,0,13,26,0,39,0,8,75,4,87,0,21,101,4,126,74,0,74,200
09/02/2006,CGF,OH,AGL,CE,Federal Contract Tower,0,22,4,0,26,0,13,15,2,30,0,35,19,2,56,14,0,14,70
09/03/2006,CGF,OH,AGL,CE,Federal Contract Tower,0,18,19,0,37,0,2,45,0,47,0,20,64,0,84,14,0,14,98
09/04/2006,CGF,OH,AGL,CE,Federal Contract Tower,0,13,21,0,34,0,18,50,9,77,0,31,71,9,111,54,0,54,165
09/05/2006,CGF,OH,AGL,CE,Federal Contract Tower,0,10,32,0,42,0,25,41,0,66,0,35,73,0,108,34,0,34,142
09/06/2006,CGF,OH,AGL,CE,Federal Contract Tower,0,18,27,0,45,0,18,70,0,88,0,36,97,0,133,52,0,52,185
09/07/2006,CGF,OH,AGL,CE,Federal Contract Tower,0,17,23,0,40,0,37,58,2,97,0,54,81,2,137,64,0,64,201
09/08/2006,CGF,OH,AGL,CE,Federal Contract Tower,0,19,41,0,60,0,6,76,0,82,0,25,117,0,142,56,0,56,198
09/09/2006,CGF,OH,AGL,CE,Federal Contract Tower,0,17,10,0,27,0,16,51,2,69,0,33,61,2,96,72,0,72,168
09/10/2006,CGF,OH,AGL,CE,Federal Contract Tower,0,20,13,0,33,0,6,32,0,38,0,26,45,0,71,48,0,48,119
09/11/2006,CGF,OH,AGL,CE,Federal Contract Tower,0,12,26,0,38,0,43,36,0,79,0,55,62,0,117,26,0,26,143
09/12/2006,CGF,OH,AGL,CE,Federal Contract Tower,0,23,34,0,57,0,0,2,0,2,0,23,36,0,59,0,0,0,59
09/13/2006,CGF,OH,AGL,CE,Federal Contract Tower,0,14,32,0,46,0,3,0,0,3,0,17,32,0,49,14,0,14,63
09/14/2006,CGF,OH,AGL,CE,Federal Contract Tower,0,16,29,0,45,0,16,7,0,23,0,32,36,0,68,20,0,20,88
09/15/2006,CGF,OH,AGL,CE,Federal Contract Tower,0,15,42,0,57,0,30,27,0,57,0,45,69,0,114,66,0,66,180
09/16/2006,CGF,OH,AGL,CE,Federal Contract Tower,0,10,18,0,28,0,18,26,0,44,0,28,44,0,72,24,0,24,96
09/17/2006,CGF,OH,AGL,CE,Federal Contract Tower,0,14,38,0,52,0,15,81,0,96,0,29,119,0,148,74,0,74,222
09/18/2006,CGF,OH,AGL,CE,Federal Contract Tower,0,15,20,0,35,0,15,15,10,40,0,30,35,10,75,10,0,10,85
09/19/2006,CGF,OH,AGL,CE,Federal Contract Tower,0,23,41,0,64,0,52,39,0,91,0,75,80,0,155,28,0,28,183
09/20/2006,CGF,OH,AGL,CE,Federal Contract Tower,0,17,36,0,53,0,12,48,0,60,0,29,84,0,113,28,0,28,141
09/21/2006,CGF,OH,AGL,CE,Federal Contract Tower,0,10,50,0,60,0,26,69,0,95,0,36,119,0,155,112,0,112,267
09/22/2006,CGF,OH,AGL,CE,Federal Contract Tower,0,18,34,0,52,0,29,28,0,57,0,47,62,0,109,46,0,46,155
09/23/2006,CGF,OH,AGL,CE,Federal Contract Tower,0,11,7,0,18,0,12,3,0,15,0,23,10,0,33,2,0,2,35
09/24/2006,CGF,OH,AGL,CE,Federal Contract Tower,0,7,19,0,26,0,9,30,0,39,0,16,49,0,65,28,0,28,93
09/25/2006,CGF,OH,AGL,CE,Federal Contract Tower,0,15,20,0,35,0,25,46,0,71,0,40,66,0,106,60,0,60,166
09/26/2006,CGF,OH,AGL,CE,Federal Contract Tower,0,12,43,0,55,0,18,74,9,101,0,30,117,9,156,40,0,40,196
09/27/2006,CGF,OH,AGL,CE,Federal Contract Tower,0,11,32,0,43,0,13,39,0,52,0,24,71,0,95,36,0,36,131
09/28/2006,CGF,OH,AGL,CE,Federal Contract Tower,0,19,38,0,57,0,11,3,0,14,0,30,41,0,71,0,0,0,71
09/29/2006,CGF,OH,AGL,CE,Federal Contract Tower,0,7,21,0,28,0,8,25,0,33,0,15,46,0,61,78,0,78,139
09/30/2006,CGF,OH,AGL,CE,Federal Contract Tower,0,8,15,0,23,0,15,29,0,44,0,23,44,0,67,34,0,34,101
10/01/2006,CGF,OH,AGL,CE,Federal Contract Tower,0,17,24,0,41,0,1,85,0,86,0,18,109,0,127,84,0,84,211
10/02/2006,CGF,OH,AGL,CE,Federal Contract Tower,0,5,34,0,39,0,11,20,0,31,0,16,54,0,70,30,0,30,100
10/03/2006,CGF,OH,AGL,CE,Federal Contract Tower,0,19,37,0,56,0,11,12,0,23,0,30,49,0,79,10,0,10,89
10/04/2006,CGF,OH,AGL,CE,Federal Contract Tower,0,19,45,0,64,0,8,11,0,19,0,27,56,0,83,0,0,0,83
10/05/2006,CGF,OH,AGL,CE,Federal Contract Tower,0,15,35,0,50,0,26,79,0,105,0,41,114,0,155,68,0,68,223
10/06/2006,CGF,OH,AGL,CE,Federal Contract Tower,0,10,24,0,34,0,35,42,0,77,0,45,66,0,111,46,0,46,157
10/07/2006,CGF,OH,AGL,CE,Federal Contract Tower,0,6,25,0,31,0,15,100,0,115,0,21,125,0,146,88,0,88,234
10/08/2006,CGF,OH,AGL,CE,Federal Contract Tower,0,13,27,0,40,0,11,65,0,76,0,24,92,0,116,38,0,38,154
10/09/2006,CGF,OH,AGL,CE,Federal Contract Tower,0,8,32,0,40,0,30,54,0,84,0,38,86,0,124,58,0,58,182
10/10/2006,CGF,OH,AGL,CE,Federal Contract Tower,0,24,48,0,72,0,17,43,0,60,0,41,91,0,132,40,0,40,172
10/11/2006,CGF,OH,AGL,CE,Federal Contract Tower,0,18,28,0,46,0,0,24,0,24,0,18,52,0,70,12,0,12,82
10/12/2006,CGF,OH,AGL,CE,Federal Contract Tower,0,9,44,0,53,0,9,21,0,30,0,18,65,0,83,4,0,4,87
10/13/2006,CGF,OH,AGL,CE,Federal Contract Tower,0,11,27,0,38,0,3,35,0,38,0,14,62,0,76,6,0,6,82
10/14/2006,CGF,OH,AGL,CE,Federal Contract Tower,0,5,6,0,11,0,16,24,0,40,0,21,30,0,51,8,0,8,59
10/15/2006,CGF,OH,AGL,CE,Federal Contract Tower,0,10,23,0,33,0,2,76,0,78,0,12,99,0,111,80,0,80,191
10/16/2006,CGF,OH,AGL,CE,Federal Contract Tower,0,22,29,0,51,0,24,27,0,51,0,46,56,0,102,66,0,66,168
10/17/2006,CGF,OH,AGL,CE,Federal Contract Tower,0,19,28,0,47,0,2,2,0,4,0,21,30,0,51,0,0,0,51
10/18/2006,CGF,OH,AGL,CE,Federal Contract Tower,0,11,36,0,47,0,20,11,0,31,0,31,47,0,78,26,0,26,104
10/19/2006,CGF,OH,AGL,CE,Federal Contract Tower,0,20,46,0,66,0,19,1,0,20,0,39,47,0,86,0,0,0,86
10/20/2006,CGF,OH,AGL,CE,Federal Contract Tower,0,11,19,0,30,0,20,21,0,41,0,31,40,0,71,16,0,16,87
10/21/2006,CGF,OH,AGL,CE,Federal Contract Tower,0,7,32,0,39,0,10,82,0,92,0,17,114,0,131,122,0,122,253
10/22/2006,CGF,OH,AGL,CE,Federal Contract Tower,0,18,23,0,41,0,9,9,0,18,0,27,32,0,59,0,0,0,59
10/23/2006,CGF,OH,AGL,CE,Federal Contract Tower,0,9,21,0,30,0,1,0,0,1,0,10,21,0,31,0,0,0,31
10/24/2006,CGF,OH,AGL,CE,Federal Contract Tower,0,15,19,0,34,0,6,12,0,18,0,21,31,0,52,2,0,2,54
10/25/2006,CGF,OH,AGL,CE,Federal Contract Tower,0,19,36,0,55,0,24,27,0,51,0,43,63,0,106,20,0,20,126
10/26/2006,CGF,OH,AGL,CE,Federal Contract Tower,0,39,46,0,85,0,44,66,0,110,0,83,112,0,195,52,0,52,247
10/27/2006,CGF,OH,AGL,CE,Federal Contract Tower,0,11,45,0,56,0,11,10,0,21,0,22,55,0,77,0,0,0,77
10/28/2006,CGF,OH,AGL,CE,Federal Contract Tower,0,6,3,0,9,0,0,0,0,0,0,6,3,0,9,0,0,0,9
10/29/2006,CGF,OH,AGL,CE,Federal Contract Tower,0,10,19,0,29,0,12,14,0,26,0,22,33,0,55,16,0,16,71
10/30/2006,CGF,OH,AGL,CE,Federal Contract Tower,0,10,25,0,35,0,8,72,0,80,0,18,97,0,115,74,0,74,189
10/31/2006,CGF,OH,AGL,CE,Federal Contract Tower,0,11,37,0,48,0,8,0,0,8,0,19,37,0,56,4,0,4,60
11/01/2006,CGF,OH,AGL,CE,Federal Contract Tower,0,19,46,0,65,0,12,53,0,65,0,31,99,0,130,40,0,40,170
11/02/2006,CGF,OH,AGL,CE,Federal Contract Tower,0,19,40,0,59,0,20,11,0,31,0,39,51,0,90,22,0,22,112
11/03/2006,CGF,OH,AGL,CE,Federal Contract Tower,0,11,40,0,51,0,35,23,0,58,0,46,63,0,109,0,0,0,109
11/04/2006,CGF,OH,AGL,CE,Federal Contract Tower,0,11,33,0,44,0,7,65,0,72,0,18,98,0,116,48,0,48,164
11/05/2006,CGF,OH,AGL,CE,Federal Contract Tower,0,30,32,0,62,0,9,64,0,73,0,39,96,0,135,40,0,40,175
11/06/2006,CGF,OH,AGL,CE,Federal Contract Tower,0,17,26,0,43,0,17,64,0,81,0,34,90,0,124,78,0,78,202
11/07/2006,CGF,OH,AGL,CE,Federal Contract Tower,0,16,28,0,44,0,4,25,2,31,0,20,53,2,75,14,0,14,89
11/08/2006,CGF,OH,AGL,CE,Federal Contract Tower,0,8,34,0,42,0,3,0,0,3,0,11,34,0,45,0,0,0,45
11/09/2006,CGF,OH,AGL,CE,Federal Contract Tower,0,20,30,0,50,0,20,40,0,60,0,40,70,0,110,32,0,32,142
11/10/2006,CGF,OH,AGL,CE,Federal Contract Tower,0,15,23,0,38,0,22,78,0,100,0,37,101,0,138,66,0,66,204
11/11/2006,CGF,OH,AGL,CE,Federal Contract Tower,0,6,11,0,17,0,0,0,0,0,0,6,11,0,17,0,0,0,17
11/12/2006,CGF,OH,AGL,CE,Federal Contract Tower,0,15,16,0,31,0,13,24,0,37,0,28,40,0,68,34,0,34,102
11/13/2006,CGF,OH,AGL,CE,Federal Contract Tower,0,6,23,0,29,0,1,1,0,2,0,7,24,0,31,0,0,0,31
11/14/2006,CGF,OH,AGL,CE,Federal Contract Tower,0,14,30,0,44,0,8,44,0,52,0,22,74,0,96,32,0,32,128
11/15/2006,CGF,OH,AGL,CE,Federal Contract Tower,0,17,28,0,45,0,26,20,0,46,0,43,48,0,91,40,0,40,131
11/16/2006,CGF,OH,AGL,CE,Federal Contract Tower,0,8,39,0,47,0,1,6,0,7,0,9,45,0,54,18,0,18,72
11/17/2006,CGF,OH,AGL,CE,Federal Contract Tower,0,23,29,0,52,0,14,18,0,32,0,37,47,0,84,6,0,6,90
11/18/2006,CGF,OH,AGL,CE,Federal Contract Tower,0,15,27,0,42,0,15,23,0,38,0,30,50,0,80,30,0,30,110
11/19/2006,CGF,OH,AGL,CE,Federal Contract Tower,0,11,13,0,24,0,0,1,0,1,0,11,14,0,25,0,0,0,25
11/20/2006,CGF,OH,AGL,CE,Federal Contract Tower,0,11,31,0,42,0,17,26,0,43,0,28,57,0,85,40,0,40,125
11/21/2006,CGF,OH,AGL,CE,Federal Contract Tower,0,13,36,0,49,0,24,55,0,79,0,37,91,0,128,66,0,66,194
11/22/2006,CGF,OH,AGL,CE,Federal Contract Tower,0,16,42,0,58,0,17,99,0,116,0,33,141,0,174,58,0,58,232
11/23/2006,CGF,OH,AGL,CE,Federal Contract Tower,0,11,7,0,18,0,18,34,0,52,0,29,41,0,70,16,0,16,86
11/24/2006,CGF,OH,AGL,CE,Federal Contract Tower,0,21,15,0,36,0,10,72,0,82,0,31,87,0,118,32,0,32,150
11/25/2006,CGF,OH,AGL,CE,Federal Contract Tower,0,12,21,0,33,0,17,116,0,133,0,29,137,0,166,40,0,40,206
11/26/2006,CGF,OH,AGL,CE,Federal Contract Tower,0,22,31,0,53,0,14,59,0,73,0,36,90,0,126,30,0,30,156
11/27/2006,CGF,OH,AGL,CE,Federal Contract Tower,0,8,24,0,32,0,16,37,0,53,0,24,61,0,85,42,0,42,127
11/28/2006,CGF,OH,AGL,CE,Federal Contract Tower,0,16,33,0,49,0,14,39,0,53,0,30,72,0,102,38,0,38,140
11/29/2006,CGF,OH,AGL,CE,Federal Contract Tower,0,21,35,0,56,0,18,44,0,62,0,39,79,0,118,38,0,38,156
11/30/2006,CGF,OH,AGL,CE,Federal Contract Tower,0,9,25,0,34,0,6,8,0,14,0,15,33,0,48,2,0,2,50
12/01/2006,CGF,OH,AGL,CE,Federal Contract Tower,0,5,7,0,12,0,5,0,0,5,0,10,7,0,17,0,0,0,17
12/02/2006,CGF,OH,AGL,CE,Federal Contract Tower,0,8,12,0,20,0,16,32,0,48,0,24,44,0,68,20,0,20,88
12/03/2006,CGF,OH,AGL,CE,Federal Contract Tower,0,7,15,0,22,0,14,23,0,37,0,21,38,0,59,16,0,16,75
12/04/2006,CGF,OH,AGL,CE,Federal Contract Tower,0,8,19,0,27,0,20,16,0,36,0,28,35,0,63,0,0,0,63
12/05/2006,CGF,OH,AGL,CE,Federal Contract Tower,0,5,23,0,28,0,9,2,0,11,0,14,25,0,39,6,0,6,45
12/06/2006,CGF,OH,AGL,CE,Federal Contract Tower,0,12,29,0,41,0,10,51,0,61,0,22,80,0,102,20,0,20,122
12/07/2006,CGF,OH,AGL,CE,Federal Contract Tower,0,2,25,0,27,0,3,7,0,10,0,5,32,0,37,0,0,0,37
12/08/2006,CGF,OH,AGL,CE,Federal Contract Tower,0,14,21,0,35,0,10,10,0,20,0,24,31,0,55,2,0,2,57
12/09/2006,CGF,OH,AGL,CE,Federal Contract Tower,0,12,13,0,25,0,11,50,0,61,0,23,63,0,86,10,0,10,96
12/10/2006,CGF,OH,AGL,CE,Federal Contract Tower,0,18,27,0,45,0,6,59,0,65,0,24,86,0,110,44,0,44,154
12/11/2006,CGF,OH,AGL,CE,Federal Contract Tower,0,10,30,0,40,0,22,29,0,51,0,32,59,0,91,36,0,36,127
12/12/2006,CGF,OH,AGL,CE,Federal Contract Tower,0,12,43,0,55,0,15,49,0,64,0,27,92,0,119,42,0,42,161
12/13/2006,CGF,OH,AGL,CE,Federal Contract Tower,0,10,38,0,48,0,4,32,0,36,0,14,70,0,84,16,0,16,100
12/14/2006,CGF,OH,AGL,CE,Federal Contract Tower,0,11,35,0,46,0,32,58,0,90,0,43,93,0,136,34,0,34,170
12/15/2006,CGF,OH,AGL,CE,Federal Contract Tower,0,26,30,0,56,0,15,17,0,32,0,41,47,0,88,8,0,8,96
12/16/2006,CGF,OH,AGL,CE,Federal Contract Tower,0,11,17,0,28,0,5,56,0,61,0,16,73,0,89,26,0,26,115
12/17/2006,CGF,OH,AGL,CE,Federal Contract Tower,0,13,13,0,26,0,2,28,0,30,0,15,41,0,56,30,0,30,86
12/18/2006,CGF,OH,AGL,CE,Federal Contract Tower,0,13,18,0,31,0,6,46,0,52,0,19,64,0,83,48,0,48,131
12/19/2006,CGF,OH,AGL,CE,Federal Contract Tower,0,12,31,0,43,0,23,57,0,80,0,35,88,0,123,62,0,62,185
12/20/2006,CGF,OH,AGL,CE,Federal Contract Tower,0,20,29,0,49,0,11,72,0,83,0,31,101,0,132,68,2,70,202
12/21/2006,CGF,OH,AGL,CE,Federal Contract Tower,0,6,19,0,25,0,12,15,0,27,0,18,34,0,52,0,0,0,52
12/22/2006,CGF,OH,AGL,CE,Federal Contract Tower,0,7,11,0,18,0,0,0,0,0,0,7,11,0,18,0,0,0,18
12/23/2006,CGF,OH,AGL,CE,Federal Contract Tower,0,15,5,0,20,0,3,32,0,35,0,18,37,0,55,12,0,12,67
12/24/2006,CGF,OH,AGL,CE,Federal Contract Tower,0,6,13,0,19,0,15,22,0,37,0,21,35,0,56,16,0,16,72
12/25/2006,CGF,OH,AGL,CE,Federal Contract Tower,0,6,3,0,9,0,10,4,0,14,0,16,7,0,23,0,0,0,23
12/26/2006,CGF,OH,AGL,CE,Federal Contract Tower,0,6,18,0,24,0,9,5,0,14,0,15,23,0,38,0,0,0,38
12/27/2006,CGF,OH,AGL,CE,Federal Contract Tower,0,14,10,0,24,0,24,34,0,58,0,38,44,0,82,32,0,32,114
12/28/2006,CGF,OH,AGL,CE,Federal Contract Tower,0,17,15,0,32,0,10,48,0,58,0,27,63,0,90,44,0,44,134
12/29/2006,CGF,OH,AGL,CE,Federal Contract Tower,0,7,22,0,29,0,20,71,2,93,0,27,93,2,122,74,0,74,196
12/30/2006,CGF,OH,AGL,CE,Federal Contract Tower,0,4,12,0,16,0,0,44,0,44,0,4,56,0,60,28,0,28,88
12/31/2006,CGF,OH,AGL,CE,Federal Contract Tower,0,7,5,0,12,0,15,0,0,15,0,22,5,0,27,0,0,0,27
01/01/2007,CGF,OH,AGL,CE,Federal Contract Tower,0,6,5,0,11,0,4,2,0,6,0,10,7,0,17,0,0,0,17
01/02/2007,CGF,OH,AGL,CE,Federal Contract Tower,0,8,14,0,22,0,27,62,0,89,0,35,76,0,111,50,0,50,161
01/03/2007,CGF,OH,AGL,CE,Federal Contract Tower,0,9,17,0,26,0,30,51,0,81,0,39,68,0,107,50,0,50,157
01/04/2007,CGF,OH,AGL,CE,Federal Contract Tower,0,17,17,0,34,0,22,68,2,92,0,39,85,2,126,66,0,66,192
01/05/2007,CGF,OH,AGL,CE,Federal Contract Tower,0,10,8,0,18,0,1,15,0,16,0,11,23,0,34,0,0,0,34
01/06/2007,CGF,OH,AGL,CE,Federal Contract Tower,0,7,20,0,27,0,3,4,2,9,0,10,24,2,36,0,0,0,36
01/07/2007,CGF,OH,AGL,CE,Federal Contract Tower,0,7,18,0,25,0,1,24,0,25,0,8,42,0,50,10,0,10,60
01/08/2007,CGF,OH,AGL,CE,Federal Contract Tower,0,5,9,0,14,0,4,2,0,6,0,9,11,0,20,0,0,0,20
01/09/2007,CGF,OH,AGL,CE,Federal Contract Tower,0,14,30,0,44,0,16,40,0,56,0,30,70,0,100,26,0,26,126
01/10/2007,CGF,OH,AGL,CE,Federal Contract Tower,0,6,30,0,36,0,4,47,0,51,0,10,77,0,87,24,0,24,111
01/11/2007,CGF,OH,AGL,CE,Federal Contract Tower,0,19,24,0,43,0,24,50,0,74,0,43,74,0,117,30,0,30,147
01/12/2007,CGF,OH,AGL,CE,Federal Contract Tower,0,4,22,0,26,0,39,52,0,91,0,43,74,0,117,30,0,30,147
01/13/2007,CGF,OH,AGL,CE,Federal Contract Tower,0,8,2,0,10,0,0,0,0,0,0,8,2,0,10,0,0,0,10
01/14/2007,CGF,OH,AGL,CE,Federal Contract Tower,0,7,10,0,17,0,0,0,0,0,0,7,10,0,17,0,0,0,17
01/15/2007,CGF,OH,AGL,CE,Federal Contract Tower,0,3,12,0,15,0,0,3,0,3,0,3,15,0,18,0,0,0,18
01/16/2007,CGF,OH,AGL,CE,Federal Contract Tower,0,7,17,0,24,0,8,0,0,8,0,15,17,0,32,0,0,0,32
01/17/2007,CGF,OH,AGL,CE,Federal Contract Tower,0,18,28,0,46,0,8,62,0,70,0,26,90,0,116,38,0,38,154
01/18/2007,CGF,OH,AGL,CE,Federal Contract Tower,0,11,27,0,38,0,12,50,0,62,0,23,77,0,100,22,0,22,122
01/19/2007,CGF,OH,AGL,CE,Federal Contract Tower,0,1,14,0,15,0,2,5,0,7,0,3,19,0,22,0,0,0,22
01/20/2007,CGF,OH,AGL,CE,Federal Contract Tower,0,5,17,0,22,0,2,19,0,21,0,7,36,0,43,12,0,12,55
01/21/2007,CGF,OH,AGL,CE,Federal Contract Tower,0,8,10,0,18,0,14,12,0,26,0,22,22,0,44,22,0,22,66
01/22/2007,CGF,OH,AGL,CE,Federal Contract Tower,0,4,10,0,14,0,0,0,0,0,0,4,10,0,14,0,0,0,14
01/23/2007,CGF,OH,AGL,CE,Federal Contract Tower,0,10,29,0,39,0,24,7,0,31,0,34,36,0,70,0,0,0,70
01/24/2007,CGF,OH,AGL,CE,Federal Contract Tower,0,5,37,0,42,0,2,2,0,4,0,7,39,0,46,0,0,0,46
01/25/2007,CGF,OH,AGL,CE,Federal Contract Tower,0,3,28,0,31,0,0,0,0,0,0,3,28,0,31,0,0,0,31
01/26/2007,CGF,OH,AGL,CE,Federal Contract Tower,0,5,25,0,30,0,7,15,0,22,0,12,40,0,52,0,0,0,52
01/27/2007,CGF,OH,AGL,CE,Federal Contract Tower,0,14,5,0,19,0,6,3,0,9,0,20,8,0,28,6,0,6,34
01/28/2007,CGF,OH,AGL,CE,Federal Contract Tower,0,7,14,0,21,0,9,5,0,14,0,16,19,0,35,6,0,6,41
01/29/2007,CGF,OH,AGL,CE,Federal Contract Tower,0,13,18,0,31,0,11,14,0,25,0,24,32,0,56,8,0,8,64
01/30/2007,CGF,OH,AGL,CE,Federal Contract Tower,0,5,23,0,28,0,0,2,0,2,0,5,25,0,30,0,0,0,30
01/31/2007,CGF,OH,AGL,CE,Federal Contract Tower,0,6,29,0,35,0,17,53,0,70,0,23,82,0,105,48,0,48,153
02/01/2007,CGF,OH,AGL,CE,Federal Contract Tower,0,5,19,0,24,0,10,17,0,27,0,15,36,0,51,12,0,12,63
02/02/2007,CGF,OH,AGL,CE,Federal Contract Tower,0,7,11,0,18,0,1,12,0,13,0,8,23,0,31,14,0,14,45
02/03/2007,CGF,OH,AGL,CE,Federal Contract Tower,0,8,9,0,17,0,13,24,0,37,0,21,33,0,54,8,0,8,62
02/04/2007,CGF,OH,AGL,CE,Federal Contract Tower,0,7,21,0,28,0,24,14,0,38,0,31,35,0,66,26,0,26,92
02/05/2007,CGF,OH,AGL,CE,Federal Contract Tower,0,8,30,0,38,0,2,0,0,2,0,10,30,0,40,0,0,0,40
02/06/2007,CGF,OH,AGL,CE,Federal Contract Tower,0,8,29,0,37,0,26,10,0,36,0,34,39,0,73,24,0,24,97
02/07/2007,CGF,OH,AGL,CE,Federal Contract Tower,0,13,18,0,31,0,13,48,0,61,0,26,66,0,92,26,0,26,118
02/08/2007,CGF,OH,AGL,CE,Federal Contract Tower,0,16,25,0,41,0,16,12,0,28,0,32,37,0,69,58,0,58,127
02/09/2007,CGF,OH,AGL,CE,Federal Contract Tower,0,10,21,0,31,0,14,37,0,51,0,24,58,0,82,18,0,18,100
02/10/2007,CGF,OH,AGL,CE,Federal Contract Tower,0,15,22,0,37,0,0,0,0,0,0,15,22,0,37,0,0,0,37
02/11/2007,CGF,OH,AGL,CE,Federal Contract Tower,0,11,12,0,23,0,14,31,0,45,0,25,43,0,68,22,0,22,90
02/12/2007,CGF,OH,AGL,CE,Federal Contract Tower,0,6,19,0,25,0,7,0,0,7,0,13,19,0,32,0,0,0,32
02/13/2007,CGF,OH,AGL,CE,Federal Contract Tower,0,0,6,0,6,0,0,0,0,0,0,0,6,0,6,0,0,0,6
02/14/2007,CGF,OH,AGL,CE,Federal Contract Tower,0,1,5,0,6,0,0,0,0,0,0,1,5,0,6,0,0,0,6
02/15/2007,CGF,OH,AGL,CE,Federal Contract Tower,0,10,27,0,37,0,22,2,0,24,0,32,29,0,61,4,0,4,65
02/16/2007,CGF,OH,AGL,CE,Federal Contract Tower,0,8,9,0,17,0,31,9,0,40,0,39,18,0,57,14,0,14,71
02/17/2007,CGF,OH,AGL,CE,Federal Contract Tower,0,2,6,0,8,0,0,0,0,0,0,2,6,0,8,0,0,0,8
02/18/2007,CGF,OH,AGL,CE,Federal Contract Tower,0,6,5,0,11,0,6,7,0,13,0,12,12,0,24,0,0,0,24
02/19/2007,CGF,OH,AGL,CE,Federal Contract Tower,0,17,17,0,34,0,23,13,0,36,0,40,30,0,70,24,0,24,94
02/20/2007,CGF,OH,AGL,CE,Federal Contract Tower,0,13,28,0,41,0,1,17,0,18,0,14,45,0,59,20,0,20,79
02/21/2007,CGF,OH,AGL,CE,Federal Contract Tower,0,13,23,0,36,0,20,18,0,38,0,33,41,0,74,44,0,44,118
02/22/2007,CGF,OH,AGL,CE,Federal Contract Tower,0,15,18,0,33,0,13,17,0,30,0,28,35,0,63,0,0,0,63
02/23/2007,CGF,OH,AGL,CE,Federal Contract Tower,0,12,22,0,34,0,19,20,0,39,0,31,42,0,73,20,0,20,93
02/24/2007,CGF,OH,AGL,CE,Federal Contract Tower,0,3,24,0,27,0,4,80,0,84,0,7,104,0,111,74,0,74,185
02/25/2007,CGF,OH,AGL,CE,Federal Contract Tower,0,5,11,0,16,0,1,8,0,9,0,6,19,0,25,0,0,0,25
02/26/2007,CGF,OH,AGL,CE,Federal Contract Tower,0,5,31,0,36,0,21,5,0,26,0,26,36,0,62,6,0,6,68
02/27/2007,CGF,OH,AGL,CE,Federal Contract Tower,0,7,26,0,33,0,15,14,0,29,0,22,40,0,62,0,0,0,62
02/28/2007,CGF,OH,AGL,CE,Federal Contract Tower,0,22,29,0,51,0,7,10,0,17,0,29,39,0,68,0,0,0,68
03/01/2007,CGF,OH,AGL,CE,Federal Contract Tower,0,8,14,0,22,0,13,11,0,24,0,21,25,0,46,0,0,0,46
03/02/2007,CGF,OH,AGL,CE,Federal Contract Tower,0,10,14,0,24,0,2,26,0,28,0,12,40,0,52,32,0,32,84
03/03/2007,CGF,OH,AGL,CE,Federal Contract Tower,0,12,5,0,17,0,11,44,0,55,0,23,49,0,72,28,0,28,100
03/04/2007,CGF,OH,AGL,CE,Federal Contract Tower,0,9,10,0,19,0,5,1,2,8,0,14,11,2,27,0,0,0,27
03/05/2007,CGF,OH,AGL,CE,Federal Contract Tower,0,16,17,0,33,0,20,6,0,26,0,36,23,0,59,14,0,14,73
03/06/2007,CGF,OH,AGL,CE,Federal Contract Tower,0,12,22,0,34,0,8,20,0,28,0,20,42,0,62,22,0,22,84
03/07/2007,CGF,OH,AGL,CE,Federal Contract Tower,0,7,28,0,35,0,21,41,0,62,0,28,69,0,97,38,0,38,135
03/08/2007,CGF,OH,AGL,CE,Federal Contract Tower,0,10,37,0,47,0,21,54,0,75,0,31,91,0,122,54,0,54,176
03/09/2007,CGF,OH,AGL,CE,Federal Contract Tower,0,8,24,0,32,0,26,60,2,88,0,34,84,2,120,58,0,58,178
03/10/2007,CGF,OH,AGL,CE,Federal Contract Tower,0,5,18,0,23,0,9,10,0,19,0,14,28,0,42,0,0,0,42
03/11/2007,CGF,OH,AGL,CE,Federal Contract Tower,0,5,17,0,22,0,6,98,0,104,0,11,115,0,126,88,0,88,214
03/12/2007,CGF,OH,AGL,CE,Federal Contract Tower,0,14,26,0,40,0,32,54,0,86,0,46,80,0,126,52,0,52,178
03/13/2007,CGF,OH,AGL,CE,Federal Contract Tower,0,12,37,0,49,0,10,52,0,62,0,22,89,0,111,56,0,56,167
03/14/2007,CGF,OH,AGL,CE,Federal Contract Tower,0,14,33,0,47,0,22,11,0,33,0,36,44,0,80,6,0,6,86
03/15/2007,CGF,OH,AGL,CE,Federal Contract Tower,0,14,22,0,36,0,9,41,2,52,0,23,63,2,88,34,0,34,122
03/16/2007,CGF,OH,AGL,CE,Federal Contract Tower,0,12,24,0,36,0,16,9,0,25,0,28,33,0,61,0,0,0,61
03/17/2007,CGF,OH,AGL,CE,Federal Contract Tower,0,15,24,0,39,0,0,10,0,10,0,15,34,0,49,16,0,16,65
03/18/2007,CGF,OH,AGL,CE,Federal Contract Tower,0,11,22,0,33,0,2,37,0,39,0,13,59,0,72,14,0,14,86
03/19/2007,CGF,OH,AGL,CE,Federal Contract Tower,0,11,25,0,36,0,9,17,0,26,0,20,42,0,62,0,0,0,62
03/20/2007,CGF,OH,AGL,CE,Federal Contract Tower,0,11,34,0,45,0,12,30,0,42,0,23,64,0,87,32,0,32,119
03/21/2007,CGF,OH,AGL,CE,Federal Contract Tower,0,8,37,0,45,0,29,22,0,51,0,37,59,0,96,22,2,24,120
03/22/2007,CGF,OH,AGL,CE,Federal Contract Tower,0,8,19,0,27,0,7,16,0,23,0,15,35,0,50,10,0,10,60
03/23/2007,CGF,OH,AGL,CE,Federal Contract Tower,0,5,29,0,34,0,16,49,0,65,0,21,78,0,99,38,0,38,137
03/24/2007,CGF,OH,AGL,CE,Federal Contract Tower,0,2,19,0,21,0,0,1,0,1,0,2,20,0,22,0,0,0,22
03/25/2007,CGF,OH,AGL,CE,Federal Contract Tower,0,9,13,0,22,0,11,76,0,87,0,20,89,0,109,78,0,78,187
03/26/2007,CGF,OH,AGL,CE,Federal Contract Tower,0,6,29,0,35,0,3,45,0,48,0,9,74,0,83,40,0,40,123
03/27/2007,CGF,OH,AGL,CE,Federal Contract Tower,0,9,20,0,29,0,14,63,2,79,0,23,83,2,108,68,0,68,176
03/28/2007,CGF,OH,AGL,CE,Federal Contract Tower,0,11,37,0,48,0,9,12,0,21,0,20,49,0,69,6,0,6,75
03/29/2007,CGF,OH,AGL,CE,Federal Contract Tower,0,9,28,0,37,0,8,64,0,72,0,17,92,0,109,44,0,44,153
03/30/2007,CGF,OH,AGL,CE,Federal Contract Tower,0,9,32,0,41,0,16,80,6,102,0,25,112,6,143,64,0,64,207
03/31/2007,CGF,OH,AGL,CE,Federal Contract Tower,0,9,17,0,26,0,8,58,0,66,0,17,75,0,92,50,0,50,142
04/01/2007,CGF,OH,AGL,CE,Federal Contract Tower,0,14,11,0,25,0,14,17,0,31,0,28,28,0,56,42,0,42,98
04/02/2007,CGF,OH,AGL,CE,Federal Contract Tower,0,9,24,0,33,0,8,54,0,62,0,17,78,0,95,64,0,64,159
04/03/2007,CGF,OH,AGL,CE,Federal Contract Tower,0,17,40,0,57,0,15,46,0,61,0,32,86,0,118,62,0,62,180
04/04/2007,CGF,OH,AGL,CE,Federal Contract Tower,0,16,22,0,38,0,10,1,0,11,0,26,23,0,49,0,0,0,49
04/05/2007,CGF,OH,AGL,CE,Federal Contract Tower,0,10,22,0,32,0,4,1,0,5,0,14,23,0,37,0,0,0,37
04/06/2007,CGF,OH,AGL,CE,Federal Contract Tower,0,3,19,0,22,0,2,5,0,7,0,5,24,0,29,0,0,0,29
04/07/2007,CGF,OH,AGL,CE,Federal Contract Tower,0,6,20,0,26,0,0,2,0,2,0,6,22,0,28,0,0,0,28
04/08/2007,CGF,OH,AGL,CE,Federal Contract Tower,0,1,5,0,6,0,0,1,0,1,0,1,6,0,7,0,0,0,7
04/09/2007,CGF,OH,AGL,CE,Federal Contract Tower,0,5,18,0,23,0,1,9,0,10,0,6,27,0,33,8,0,8,41
04/10/2007,CGF,OH,AGL,CE,Federal Contract Tower,0,10,25,0,35,0,7,48,0,55,0,17,73,0,90,44,0,44,134
04/11/2007,CGF,OH,AGL,CE,Federal Contract Tower,0,5,32,0,37,0,26,8,0,34,0,31,40,0,71,6,0,6,77
04/12/2007,CGF,OH,AGL,CE,Federal Contract Tower,0,5,36,0,41,0,14,6,0,20,0,19,42,0,61,22,0,22,83
04/13/2007,CGF,OH,AGL,CE,Federal Contract Tower,0,13,22,0,35,0,19,44,0,63,0,32,66,0,98,10,0,10,108
04/14/2007,CGF,OH,AGL,CE,Federal Contract Tower,0,4,19,0,23,0,2,64,0,66,0,6,83,0,89,68,0,68,157
04/15/2007,CGF,OH,AGL,CE,Federal Contract Tower,0,3,17,0,20,0,15,21,0,36,0,18,38,0,56,32,0,32,88
04/16/2007,CGF,OH,AGL,CE,Federal Contract Tower,0,6,20,0,26,0,6,6,0,12,0,12,26,0,38,0,0,0,38
04/17/2007,CGF,OH,AGL,CE,Federal Contract Tower,0,13,27,0,40,0,8,46,0,54,0,21,73,0,94,66,0,66,160
04/18/2007,CGF,OH,AGL,CE,Federal Contract Tower,0,13,33,0,46,0,10,64,0,74,0,23,97,0,120,48,0,48,168
04/19/2007,CGF,OH,AGL,CE,Federal Contract Tower,0,14,35,0,49,0,20,50,0,70,0,34,85,0,119,24,0,24,143
04/20/2007,CGF,OH,AGL,CE,Federal Contract Tower,0,10,35,0,45,0,18,73,0,91,0,28,108,0,136,76,0,76,212
04/21/2007,CGF,OH,AGL,CE,Federal Contract Tower,0,11,23,0,34,0,38,141,2,181,0,49,164,2,215,114,0,114,329
04/22/2007,CGF,OH,AGL,CE,Federal Contract Tower,0,13,20,0,33,0,26,117,0,143,0,39,137,0,176,86,0,86,262
04/23/2007,CGF,OH,AGL,CE,Federal Contract Tower,0,13,21,0,34,0,29,44,0,73,0,42,65,0,107,46,0,46,153
04/24/2007,CGF,OH,AGL,CE,Federal Contract Tower,0,10,39,0,49,0,14,44,0,58,0,24,83,0,107,96,0,96,203
04/25/2007,CGF,OH,AGL,CE,Federal Contract Tower,0,10,37,0,47,0,14,15,0,29,0,24,52,0,76,12,0,12,88
04/26/2007,CGF,OH,AGL,CE,Federal Contract Tower,0,8,24,0,32,0,22,19,0,41,0,30,43,0,73,16,0,16,89
04/27/2007,CGF,OH,AGL,CE,Federal Contract Tower,0,11,39,0,50,0,21,22,2,45,0,32,61,2,95,12,0,12,107
04/28/2007,CGF,OH,AGL,CE,Federal Contract Tower,0,12,27,0,39,0,9,47,0,56,0,21,74,0,95,20,0,20,115
04/29/2007,CGF,OH,AGL,CE,Federal Contract Tower,0,13,20,0,33,0,27,104,0,131,0,40,124,0,164,104,0,104,268
04/30/2007,CGF,OH,AGL,CE,Federal Contract Tower,0,7,23,0,30,0,23,79,0,102,0,30,102,0,132,68,0,68,200
05/01/2007,CGF,OH,AGL,CE,Federal Contract Tower,0,18,20,0,38,0,13,39,0,52,0,31,59,0,90,58,0,58,148
05/02/2007,CGF,OH,AGL,CE,Federal Contract Tower,0,14,35,0,49,0,9,86,0,95,0,23,121,0,144,88,0,88,232
05/03/2007,CGF,OH,AGL,CE,Federal Contract Tower,0,16,48,0,64,0,24,82,2,108,0,40,130,2,172,86,0,86,258
05/04/2007,CGF,OH,AGL,CE,Federal Contract Tower,0,8,23,0,31,0,24,55,0,79,0,32,78,0,110,60,0,60,170
05/05/2007,CGF,OH,AGL,CE,Federal Contract Tower,0,4,21,0,25,0,5,45,0,50,0,9,66,0,75,40,0,40,115
05/06/2007,CGF,OH,AGL,CE,Federal Contract Tower,0,13,21,0,34,0,31,74,0,105,0,44,95,0,139,94,0,94,233
05/07/2007,CGF,OH,AGL,CE,Federal Contract Tower,0,10,40,0,50,0,23,77,0,100,0,33,117,0,150,62,0,62,212
05/08/2007,CGF,OH,AGL,CE,Federal Contract Tower,0,16,30,0,46,0,29,79,0,108,0,45,109,0,154,92,0,92,246
05/09/2007,CGF,OH,AGL,CE,Federal Contract Tower,0,20,30,0,50,0,29,66,0,95,0,49,96,0,145,94,0,94,239
05/10/2007,CGF,OH,AGL,CE,Federal Contract Tower,0,13,46,0,59,0,15,42,0,57,0,28,88,0,116,88,0,88,204
05/11/2007,CGF,OH,AGL,CE,Federal Contract Tower,0,16,34,0,50,0,37,57,0,94,0,53,91,0,144,84,0,84,228
05/12/2007,CGF,OH,AGL,CE,Federal Contract Tower,0,9,10,0,19,0,12,61,0,73,0,21,71,0,92,48,0,48,140
05/13/2007,CGF,OH,AGL,CE,Federal Contract Tower,0,15,18,0,33,0,4,77,0,81,0,19,95,0,114,68,0,68,182
05/14/2007,CGF,OH,AGL,CE,Federal Contract Tower,0,8,16,0,24,0,34,86,0,120,0,42,102,0,144,80,0,80,224
05/15/2007,CGF,OH,AGL,CE,Federal Contract Tower,0,4,20,0,24,0,11,56,0,67,0,15,76,0,91,60,0,60,151
05/16/2007,CGF,OH,AGL,CE,Federal Contract Tower,0,12,43,0,55,0,0,5,0,5,0,12,48,0,60,4,0,4,64
05/17/2007,CGF,OH,AGL,CE,Federal Contract Tower,0,9,41,0,50,0,29,43,0,72,0,38,84,0,122,88,0,88,210
05/18/2007,CGF,OH,AGL,CE,Federal Contract Tower,0,8,33,0,41,0,16,68,0,84,0,24,101,0,125,88,0,88,213
05/19/2007,CGF,OH,AGL,CE,Federal Contract Tower,0,11,26,0,37,0,2,48,0,50,0,13,74,0,87,60,0,60,147
05/20/2007,CGF,OH,AGL,CE,Federal Contract Tower,0,14,16,0,30,0,3,18,0,21,0,17,34,0,51,2,0,2,53
05/21/2007,CGF,OH,AGL,CE,Federal Contract Tower,0,23,16,0,39,0,9,45,0,54,0,32,61,0,93,46,0,46,139
05/22/2007,CGF,OH,AGL,CE,Federal Contract Tower,0,19,35,0,54,0,26,74,0,100,0,45,109,0,154,80,0,80,234
05/23/2007,CGF,OH,AGL,CE,Federal Contract Tower,0,16,35,0,51,0,15,64,0,79,0,31,99,0,130,98,0,98,228
05/24/2007,CGF,OH,AGL,CE,Federal Contract Tower,0,21,44,0,65,0,26,68,0,94,0,47,112,0,159,76,0,76,235
05/25/2007,CGF,OH,AGL,CE,Federal Contract Tower,0,8,17,0,25,0,25,55,0,80,0,33,72,0,105,40,0,40,145
05/26/2007,CGF,OH,AGL,CE,Federal Contract Tower,0,12,27,0,39,0,11,1,0,12,0,23,28,0,51,0,0,0,51
05/27/2007,CGF,OH,AGL,CE,Federal Contract Tower,0,6,7,0,13,0,20,5,0,25,0,26,12,0,38,6,0,6,44
05/28/2007,CGF,OH,AGL,CE,Federal Contract Tower,0,14,12,0,26,0,6,73,4,83,0,20,85,4,109,48,0,48,157
05/29/2007,CGF,OH,AGL,CE,Federal Contract Tower,0,5,30,0,35,0,24,76,0,100,0,29,106,0,135,88,0,88,223
05/30/2007,CGF,OH,AGL,CE,Federal Contract Tower,0,7,38,0,45,0,11,64,0,75,0,18,102,0,120,60,0,60,180
05/31/2007,CGF,OH,AGL,CE,Federal Contract Tower,0,5,33,0,38,0,35,51,0,86,0,40,84,0,124,70,0,70,194
06/01/2007,CGF,OH,AGL,CE,Federal Contract Tower,0,19,27,0,46,0,11,55,0,66,0,30,82,0,112,42,0,42,154
06/02/2007,CGF,OH,AGL,CE,Federal Contract Tower,0,8,23,0,31,0,12,103,0,115,0,20,126,0,146,72,0,72,218
06/03/2007,CGF,OH,AGL,CE,Federal Contract Tower,0,6,13,0,19,0,14,15,0,29,0,20,28,0,48,12,0,12,60
06/04/2007,CGF,OH,AGL,CE,Federal Contract Tower,0,14,28,0,42,0,17,18,0,35,0,31,46,0,77,38,0,38,115
06/05/2007,CGF,OH,AGL,CE,Federal Contract Tower,0,8,43,0,51,0,16,37,0,53,0,24,80,0,104,28,0,28,132
06/06/2007,CGF,OH,AGL,CE,Federal Contract Tower,0,14,44,0,58,0,16,81,0,97,0,30,125,0,155,108,0,108,263
06/07/2007,CGF,OH,AGL,CE,Federal Contract Tower,0,11,35,0,46,0,23,39,0,62,0,34,74,0,108,56,0,56,164
06/08/2007,CGF,OH,AGL,CE,Federal Contract Tower,0,16,24,0,40,0,16,52,0,68,0,32,76,0,108,32,0,32,140
06/09/2007,CGF,OH,AGL,CE,Federal Contract Tower,0,14,17,0,31,0,14,111,0,125,0,28,128,0,156,76,0,76,232
06/10/2007,CGF,OH,AGL,CE,Federal Contract Tower,0,26,14,0,40,0,4,104,0,108,0,30,118,0,148,80,0,80,228
06/11/2007,CGF,OH,AGL,CE,Federal Contract Tower,0,7,34,0,41,0,10,81,0,91,0,17,115,0,132,64,0,64,196
06/12/2007,CGF,OH,AGL,CE,Federal Contract Tower,0,15,49,0,64,0,16,73,0,89,0,31,122,0,153,48,0,48,201
06/13/2007,CGF,OH,AGL,CE,Federal Contract Tower,0,18,51,0,69,0,27,83,0,110,0,45,134,0,179,78,0,78,257
06/14/2007,CGF,OH,AGL,CE,Federal Contract Tower,0,26,22,0,48,0,12,57,0,69,0,38,79,0,117,60,0,60,177
06/15/2007,CGF,OH,AGL,CE,Federal Contract Tower,0,10,36,0,46,0,21,83,0,104,0,31,119,0,150,96,0,96,246
06/16/2007,CGF,OH,AGL,CE,Federal Contract Tower,0,13,21,0,34,0,12,90,0,102,0,25,111,0,136,78,0,78,214
06/17/2007,CGF,OH,AGL,CE,Federal Contract Tower,0,13,16,0,29,0,15,86,0,101,0,28,102,0,130,84,0,84,214
06/18/2007,CGF,OH,AGL,CE,Federal Contract Tower,0,13,24,0,37,0,40,59,0,99,0,53,83,0,136,68,0,68,204
06/19/2007,CGF,OH,AGL,CE,Federal Contract Tower,0,10,29,0,39,0,15,25,0,40,0,25,54,0,79,24,0,24,103
06/20/2007,CGF,OH,AGL,CE,Federal Contract Tower,0,17,58,0,75,0,14,80,0,94,0,31,138,0,169,68,0,68,237
06/21/2007,CGF,OH,AGL,CE,Federal Contract Tower,0,18,39,0,57,0,10,43,0,53,0,28,82,0,110,82,0,82,192
06/22/2007,CGF,OH,AGL,CE,Federal Contract Tower,0,16,54,0,70,0,10,90,0,100,0,26,144,0,170,122,0,122,292
06/23/2007,CGF,OH,AGL,CE,Federal Contract Tower,0,25,31,0,56,0,9,94,0,103,0,34,125,0,159,114,0,114,273
06/24/2007,CGF,OH,AGL,CE,Federal Contract Tower,0,20,39,0,59,0,6,97,0,103,0,26,136,0,162,140,0,140,302
06/25/2007,CGF,OH,AGL,CE,Federal Contract Tower,0,13,28,0,41,0,21,51,0,72,0,34,79,0,113,62,0,62,175
06/26/2007,CGF,OH,AGL,CE,Federal Contract Tower,0,11,45,0,56,0,35,81,0,116,0,46,126,0,172,80,0,80,252
06/27/2007,CGF,OH,AGL,CE,Federal Contract Tower,0,16,55,0,71,0,26,63,0,89,0,42,118,0,160,42,0,42,202
06/28/2007,CGF,OH,AGL,CE,Federal Contract Tower,0,17,41,0,58,0,29,33,0,62,0,46,74,0,120,54,0,54,174
06/29/2007,CGF,OH,AGL,CE,Federal Contract Tower,0,21,21,0,42,0,9,67,0,76,0,30,88,0,118,76,0,76,194
06/30/2007,CGF,OH,AGL,CE,Federal Contract Tower,0,18,12,0,30,0,11,91,0,102,0,29,103,0,132,88,0,88,220
07/01/2007,CGF,OH,AGL,CE,Federal Contract Tower,0,8,26,0,34,0,10,87,0,97,0,18,113,0,131,68,0,68,199
07/02/2007,CGF,OH,AGL,CE,Federal Contract Tower,0,10,11,0,21,0,18,63,0,81,0,28,74,0,102,82,0,82,184
07/03/2007,CGF,OH,AGL,CE,Federal Contract Tower,0,11,26,0,37,0,23,79,0,102,0,34,105,0,139,74,0,74,213
07/04/2007,CGF,OH,AGL,CE,Federal Contract Tower,0,8,8,0,16,0,20,59,0,79,0,28,67,0,95,56,0,56,151
07/05/2007,CGF,OH,AGL,CE,Federal Contract Tower,0,8,17,0,25,0,2,67,0,69,0,10,84,0,94,52,0,52,146
07/06/2007,CGF,OH,AGL,CE,Federal Contract Tower,0,7,13,0,20,0,34,52,0,86,0,41,65,0,106,52,0,52,158
07/07/2007,CGF,OH,AGL,CE,Federal Contract Tower,0,17,14,0,31,0,23,90,0,113,0,40,104,0,144,102,0,102,246
07/08/2007,CGF,OH,AGL,CE,Federal Contract Tower,0,14,23,0,37,0,4,77,0,81,0,18,100,0,118,86,0,86,204
07/09/2007,CGF,OH,AGL,CE,Federal Contract Tower,0,9,22,0,31,0,22,45,0,67,0,31,67,0,98,86,0,86,184
07/10/2007,CGF,OH,AGL,CE,Federal Contract Tower,0,8,32,0,40,0,12,18,0,30,0,20,50,0,70,14,0,14,84
07/11/2007,CGF,OH,AGL,CE,Federal Contract Tower,0,11,36,0,47,0,26,55,0,81,0,37,91,0,128,46,0,46,174
07/12/2007,CGF,OH,AGL,CE,Federal Contract Tower,0,10,39,0,49,0,9,81,0,90,0,19,120,0,139,94,0,94,233
07/13/2007,CGF,OH,AGL,CE,Federal Contract Tower,0,14,18,0,32,0,12,103,0,115,0,26,121,0,147,114,0,114,261
07/14/2007,CGF,OH,AGL,CE,Federal Contract Tower,0,6,11,0,17,0,11,50,0,61,0,17,61,0,78,28,0,28,106
07/15/2007,CGF,OH,AGL,CE,Federal Contract Tower,0,17,18,0,35,0,17,85,0,102,0,34,103,0,137,76,0,76,213
07/16/2007,CGF,OH,AGL,CE,Federal Contract Tower,0,5,40,0,45,0,21,51,0,72,0,26,91,0,117,80,0,80,197
07/17/2007,CGF,OH,AGL,CE,Federal Contract Tower,0,11,29,0,40,0,2,14,0,16,0,13,43,0,56,20,0,20,76
07/18/2007,CGF,OH,AGL,CE,Federal Contract Tower,0,13,33,2,48,0,13,48,0,61,0,26,81,2,109,58,0,58,167
07/19/2007,CGF,OH,AGL,CE,Federal Contract Tower,0,14,41,0,55,0,12,5,0,17,0,26,46,0,72,0,0,0,72
07/20/2007,CGF,OH,AGL,CE,Federal Contract Tower,0,18,47,0,65,0,25,39,4,68,0,43,86,4,133,54,0,54,187
07/21/2007,CGF,OH,AGL,CE,Federal Contract Tower,0,17,20,0,37,0,9,69,0,78,0,26,89,0,115,114,0,114,229
07/22/2007,CGF,OH,AGL,CE,Federal Contract Tower,0,14,23,0,37,0,26,58,0,84,0,40,81,0,121,36,0,36,157
07/23/2007,CGF,OH,AGL,CE,Federal Contract Tower,0,20,17,0,37,0,8,43,0,51,0,28,60,0,88,78,0,78,166
07/24/2007,CGF,OH,AGL,CE,Federal Contract Tower,0,15,20,0,35,0,12,26,0,38,0,27,46,0,73,30,0,30,103
07/25/2007,CGF,OH,AGL,CE,Federal Contract Tower,0,12,40,0,52,0,17,49,0,66,0,29,89,0,118,48,0,48,166
07/26/2007,CGF,OH,AGL,CE,Federal Contract Tower,0,15,35,0,50,0,10,60,2,72,0,25,95,2,122,46,0,46,168
07/27/2007,CGF,OH,AGL,CE,Federal Contract Tower,0,14,26,0,40,0,14,37,0,51,0,28,63,0,91,56,0,56,147
07/28/2007,CGF,OH,AGL,CE,Federal Contract Tower,0,5,13,0,18,0,4,8,0,12,0,9,21,0,30,0,0,0,30
07/29/2007,CGF,OH,AGL,CE,Federal Contract Tower,0,11,24,0,35,0,11,45,0,56,0,22,69,0,91,54,0,54,145
07/30/2007,CGF,OH,AGL,CE,Federal Contract Tower,0,6,40,0,46,0,16,83,0,99,0,22,123,0,145,80,0,80,225
07/31/2007,CGF,OH,AGL,CE,Federal Contract Tower,0,8,32,0,40,0,19,90,0,109,0,27,122,0,149,52,0,52,201
08/01/2007,CGF,OH,AGL,CE,Federal Contract Tower,0,10,21,0,31,0,19,61,0,80,0,29,82,0,111,88,0,88,199
08/02/2007,CGF,OH,AGL,CE,Federal Contract Tower,0,20,17,0,37,0,15,42,0,57,0,35,59,0,94,32,0,32,126
08/03/2007,CGF,OH,AGL,CE,Federal Contract Tower,0,6,29,0,35,0,15,42,0,57,0,21,71,0,92,40,0,40,132
08/04/2007,CGF,OH,AGL,CE,Federal Contract Tower,0,6,18,0,24,0,26,75,0,101,0,32,93,0,125,36,0,36,161
08/05/2007,CGF,OH,AGL,CE,Federal Contract Tower,0,13,24,0,37,0,9,21,0,30,0,22,45,0,67,2,0,2,69
08/06/2007,CGF,OH,AGL,CE,Federal Contract Tower,0,12,28,0,40,0,5,12,0,17,0,17,40,0,57,18,0,18,75
08/07/2007,CGF,OH,AGL,CE,Federal Contract Tower,0,9,28,0,37,0,13,17,0,30,0,22,45,0,67,2,0,2,69
08/08/2007,CGF,OH,AGL,CE,Federal Contract Tower,0,22,30,0,52,0,15,62,0,77,0,37,92,0,129,48,0,48,177
08/09/2007,CGF,OH,AGL,CE,Federal Contract Tower,0,13,28,0,41,0,10,22,0,32,0,23,50,0,73,12,0,12,85
08/10/2007,CGF,OH,AGL,CE,Federal Contract Tower,0,18,34,0,52,0,16,75,0,91,0,34,109,0,143,58,0,58,201
08/11/2007,CGF,OH,AGL,CE,Federal Contract Tower,0,14,17,0,31,0,23,80,0,103,0,37,97,0,134,48,0,48,182
08/12/2007,CGF,OH,AGL,CE,Federal Contract Tower,0,22,24,0,46,0,18,80,0,98,0,40,104,0,144,66,0,66,210
08/13/2007,CGF,OH,AGL,CE,Federal Contract Tower,0,11,32,0,43,0,12,72,0,84,0,23,104,0,127,66,0,66,193
08/14/2007,CGF,OH,AGL,CE,Federal Contract Tower,0,6,48,0,54,0,21,71,0,92,0,27,119,0,146,86,0,86,232
08/15/2007,CGF,OH,AGL,CE,Federal Contract Tower,0,14,31,0,45,0,37,58,0,95,0,51,89,0,140,48,0,48,188
08/16/2007,CGF,OH,AGL,CE,Federal Contract Tower,0,10,37,0,47,0,25,64,0,89,0,35,101,0,136,46,0,46,182
08/17/2007,CGF,OH,AGL,CE,Federal Contract Tower,0,16,36,0,52,0,6,73,0,79,0,22,109,0,131,48,0,48,179
08/18/2007,CGF,OH,AGL,CE,Federal Contract Tower,0,10,23,0,33,0,27,100,0,127,0,37,123,0,160,44,0,44,204
08/19/2007,CGF,OH,AGL,CE,Federal Contract Tower,0,13,14,0,27,0,0,5,0,5,0,13,19,0,32,0,0,0,32
08/20/2007,CGF,OH,AGL,CE,Federal Contract Tower,0,10,32,0,42,0,1,5,0,6,0,11,37,0,48,0,0,0,48
08/21/2007,CGF,OH,AGL,CE,Federal Contract Tower,0,24,37,0,61,0,1,6,0,7,0,25,43,0,68,0,0,0,68
08/22/2007,CGF,OH,AGL,CE,Federal Contract Tower,0,13,29,0,42,0,22,23,0,45,0,35,52,0,87,16,0,16,103
08/23/2007,CGF,OH,AGL,CE,Federal Contract Tower,0,14,26,0,40,0,12,44,0,56,0,26,70,0,96,28,0,28,124
08/24/2007,CGF,OH,AGL,CE,Federal Contract Tower,0,12,28,0,40,0,30,49,0,79,0,42,77,0,119,48,0,48,167
08/25/2007,CGF,OH,AGL,CE,Federal Contract Tower,0,17,11,4,32,0,28,34,0,62,0,45,45,4,94,32,0,32,126
08/26/2007,CGF,OH,AGL,CE,Federal Contract Tower,0,23,22,0,45,0,17,95,0,112,0,40,117,0,157,70,0,70,227
08/27/2007,CGF,OH,AGL,CE,Federal Contract Tower,0,9,34,0,43,0,24,88,0,112,0,33,122,0,155,128,0,128,283
08/28/2007,CGF,OH,AGL,CE,Federal Contract Tower,0,17,26,0,43,0,16,63,0,79,0,33,89,0,122,66,0,66,188
08/29/2007,CGF,OH,AGL,CE,Federal Contract Tower,0,10,35,0,45,0,34,97,0,131,0,44,132,0,176,68,0,68,244
08/30/2007,CGF,OH,AGL,CE,Federal Contract Tower,0,6,41,0,47,0,9,21,0,30,0,15,62,0,77,20,0,20,97
08/31/2007,CGF,OH,AGL,CE,Federal Contract Tower,0,10,53,0,63,0,18,85,6,109,0,28,138,6,172,80,4,84,256
09/01/2007,CGF,OH,AGL,CE,Federal Contract Tower,0,6,25,0,31,0,20,68,4,92,0,26,93,4,123,58,0,58,181
09/02/2007,CGF,OH,AGL,CE,Federal Contract Tower,0,10,30,0,40,0,30,81,4,115,0,40,111,4,155,48,0,48,203
09/03/2007,CGF,OH,AGL,CE,Federal Contract Tower,0,14,23,0,37,0,9,54,0,63,0,23,77,0,100,58,0,58,158
09/04/2007,CGF,OH,AGL,CE,Federal Contract Tower,0,17,33,0,50,0,7,61,0,68,0,24,94,0,118,122,0,122,240
09/05/2007,CGF,OH,AGL,CE,Federal Contract Tower,0,5,48,0,53,0,17,70,0,87,0,22,118,0,140,74,0,74,214
09/06/2007,CGF,OH,AGL,CE,Federal Contract Tower,0,13,55,0,68,0,13,71,0,84,0,26,126,0,152,30,0,30,182
09/07/2007,CGF,OH,AGL,CE,Federal Contract Tower,0,15,29,0,44,0,16,48,0,64,0,31,77,0,108,64,0,64,172
09/08/2007,CGF,OH,AGL,CE,Federal Contract Tower,0,6,27,0,33,0,3,41,0,44,0,9,68,0,77,48,0,48,125
09/09/2007,CGF,OH,AGL,CE,Federal Contract Tower,0,7,26,0,33,0,2,27,0,29,0,9,53,0,62,8,0,8,70
09/10/2007,CGF,OH,AGL,CE,Federal Contract Tower,0,19,29,0,48,0,26,55,0,81,0,45,84,0,129,74,0,74,203
09/11/2007,CGF,OH,AGL,CE,Federal Contract Tower,0,9,30,0,39,0,20,41,0,61,0,29,71,0,100,12,0,12,112
09/12/2007,CGF,OH,AGL,CE,Federal Contract Tower,0,10,29,0,39,0,6,81,0,87,0,16,110,0,126,68,0,68,194
09/13/2007,CGF,OH,AGL,CE,Federal Contract Tower,0,2,34,0,36,0,23,79,0,102,0,25,113,0,138,52,0,52,190
09/14/2007,CGF,OH,AGL,CE,Federal Contract Tower,0,12,32,0,44,0,31,60,0,91,0,43,92,0,135,26,0,26,161
09/15/2007,CGF,OH,AGL,CE,Federal Contract Tower,0,1,7,0,8,0,5,50,0,55,0,6,57,0,63,32,0,32,95
09/16/2007,CGF,OH,AGL,CE,Federal Contract Tower,0,13,15,0,28,0,17,96,0,113,0,30,111,0,141,72,0,72,213
09/17/2007,CGF,OH,AGL,CE,Federal Contract Tower,0,17,35,0,52,0,20,74,2,96,0,37,109,2,148,68,0,68,216
09/18/2007,CGF,OH,AGL,CE,Federal Contract Tower,0,22,42,0,64,0,18,59,0,77,0,40,101,0,141,44,0,44,185
09/19/2007,CGF,OH,AGL,CE,Federal Contract Tower,0,14,47,0,61,0,21,69,0,90,0,35,116,0,151,88,0,88,239
09/20/2007,CGF,OH,AGL,CE,Federal Contract Tower,0,16,37,0,53,0,14,48,0,62,0,30,85,0,115,36,0,36,151
09/21/2007,CGF,OH,AGL,CE,Federal Contract Tower,0,5,33,0,38,0,36,64,2,102,0,41,97,2,140,44,0,44,184
09/22/2007,CGF,OH,AGL,CE,Federal Contract Tower,0,3,25,0,28,0,19,80,0,99,0,22,105,0,127,46,0,46,173
09/23/2007,CGF,OH,AGL,CE,Federal Contract Tower,0,20,34,0,54,0,16,72,0,88,0,36,106,0,142,56,0,56,198
09/24/2007,CGF,OH,AGL,CE,Federal Contract Tower,0,18,23,0,41,0,13,69,11,93,0,31,92,11,134,54,0,54,188
09/25/2007,CGF,OH,AGL,CE,Federal Contract Tower,0,6,26,0,32,0,33,43,0,76,0,39,69,0,108,52,0,52,160
09/26/2007,CGF,OH,AGL,CE,Federal Contract Tower,0,15,24,0,39,0,22,10,0,32,0,37,34,0,71,8,0,8,79
09/27/2007,CGF,OH,AGL,CE,Federal Contract Tower,0,29,41,0,70,0,12,7,0,19,0,41,48,0,89,22,0,22,111
09/28/2007,CGF,OH,AGL,CE,Federal Contract Tower,0,15,25,0,40,0,33,51,0,84,0,48,76,0,124,22,0,22,146
09/29/2007,CGF,OH,AGL,CE,Federal Contract Tower,0,7,13,0,20,0,8,68,0,76,0,15,81,0,96,66,0,66,162
09/30/2007,CGF,OH,AGL,CE,Federal Contract Tower,0,13,29,0,42,0,15,58,0,73,0,28,87,0,115,58,0,58,173
10/01/2007,CGF,OH,AGL,CE,Federal Contract Tower,0,13,37,0,50,0,3,14,0,17,0,16,51,0,67,40,0,40,107
10/02/2007,CGF,OH,AGL,CE,Federal Contract Tower,0,14,40,0,54,0,13,61,2,76,0,27,101,2,130,58,0,58,188
10/03/2007,CGF,OH,AGL,CE,Federal Contract Tower,0,18,34,0,52,0,38,49,0,87,0,56,83,0,139,38,0,38,177
10/04/2007,CGF,OH,AGL,CE,Federal Contract Tower,0,16,40,0,56,0,9,86,4,99,0,25,126,4,155,70,0,70,225
10/05/2007,CGF,OH,AGL,CE,Federal Contract Tower,0,15,27,0,42,0,4,63,0,67,0,19,90,0,109,52,0,52,161
10/06/2007,CGF,OH,AGL,CE,Federal Contract Tower,0,9,13,0,22,0,9,50,0,59,0,18,63,0,81,48,0,48,129
10/07/2007,CGF,OH,AGL,CE,Federal Contract Tower,0,10,13,0,23,0,18,52,0,70,0,28,65,0,93,46,0,46,139
10/08/2007,CGF,OH,AGL,CE,Federal Contract Tower,0,17,30,0,47,0,29,55,0,84,0,46,85,0,131,42,0,42,173
10/09/2007,CGF,OH,AGL,CE,Federal Contract Tower,0,12,51,0,63,0,12,43,0,55,0,24,94,0,118,50,0,50,168
10/10/2007,CGF,OH,AGL,CE,Federal Contract Tower,0,8,25,0,33,0,35,24,0,59,0,43,49,0,92,0,0,0,92
10/11/2007,CGF,OH,AGL,CE,Federal Contract Tower,0,10,22,0,32,0,19,38,0,57,0,29,60,0,89,26,0,26,115
10/12/2007,CGF,OH,AGL,CE,Federal Contract Tower,0,11,24,0,35,0,17,53,0,70,0,28,77,0,105,42,0,42,147
10/13/2007,CGF,OH,AGL,CE,Federal Contract Tower,0,8,28,0,36,0,3,49,0,52,0,11,77,0,88,60,0,60,148
10/14/2007,CGF,OH,AGL,CE,Federal Contract Tower,0,17,22,0,39,0,8,51,0,59,0,25,73,0,98,44,0,44,142
10/15/2007,CGF,OH,AGL,CE,Federal Contract Tower,0,4,22,0,26,0,15,34,0,49,0,19,56,0,75,6,0,6,81
10/16/2007,CGF,OH,AGL,CE,Federal Contract Tower,0,14,22,0,36,0,18,24,2,44,0,32,46,2,80,6,0,6,86
10/17/2007,CGF,OH,AGL,CE,Federal Contract Tower,0,17,33,0,50,0,22,43,0,65,0,39,76,0,115,54,0,54,169
10/18/2007,CGF,OH,AGL,CE,Federal Contract Tower,0,21,34,0,55,0,7,24,0,31,0,28,58,0,86,10,0,10,96
10/19/2007,CGF,OH,AGL,CE,Federal Contract Tower,0,12,29,0,41,0,18,33,0,51,0,30,62,0,92,32,0,32,124
10/20/2007,CGF,OH,AGL,CE,Federal Contract Tower,0,5,12,0,17,0,6,63,0,69,0,11,75,0,86,36,0,36,122
10/21/2007,CGF,OH,AGL,CE,Federal Contract Tower,0,17,18,0,35,0,7,65,2,74,0,24,83,2,109,20,0,20,129
10/22/2007,CGF,OH,AGL,CE,Federal Contract Tower,0,22,41,0,63,0,30,59,0,89,0,52,100,0,152,18,0,18,170
10/23/2007,CGF,OH,AGL,CE,Federal Contract Tower,0,12,52,0,64,0,11,0,0,11,0,23,52,0,75,14,0,14,89
10/24/2007,CGF,OH,AGL,CE,Federal Contract Tower,0,18,43,0,61,0,4,38,0,42,0,22,81,0,103,54,0,54,157
10/25/2007,CGF,OH,AGL,CE,Federal Contract Tower,0,20,26,0,46,0,8,51,0,59,0,28,77,0,105,62,0,62,167
10/26/2007,CGF,OH,AGL,CE,Federal Contract Tower,0,10,36,0,46,0,1,38,0,39,0,11,74,0,85,28,0,28,113
10/27/2007,CGF,OH,AGL,CE,Federal Contract Tower,0,5,8,0,13,0,2,20,0,22,0,7,28,0,35,30,0,30,65
10/28/2007,CGF,OH,AGL,CE,Federal Contract Tower,0,15,20,0,35,0,4,74,0,78,0,19,94,0,113,60,0,60,173
10/29/2007,CGF,OH,AGL,CE,Federal Contract Tower,0,18,35,0,53,0,15,55,0,70,0,33,90,0,123,34,0,34,157
10/30/2007,CGF,OH,AGL,CE,Federal Contract Tower,0,11,41,0,52,0,15,59,0,74,0,26,100,0,126,58,0,58,184
10/31/2007,CGF,OH,AGL,CE,Federal Contract Tower,0,18,34,0,52,0,17,50,0,67,0,35,84,0,119,74,0,74,193
11/01/2007,CGF,OH,AGL,CE,Federal Contract Tower,0,15,30,0,45,0,31,36,0,67,0,46,66,0,112,62,0,62,174
11/02/2007,CGF,OH,AGL,CE,Federal Contract Tower,0,17,38,0,55,0,12,60,0,72,0,29,98,0,127,62,0,62,189
11/03/2007,CGF,OH,AGL,CE,Federal Contract Tower,0,12,15,0,27,0,15,71,0,86,0,27,86,0,113,96,0,96,209
11/04/2007,CGF,OH,AGL,CE,Federal Contract Tower,0,6,40,0,46,0,14,47,0,61,0,20,87,0,107,62,0,62,169
11/05/2007,CGF,OH,AGL,CE,Federal Contract Tower,0,27,32,0,59,0,5,9,0,14,0,32,41,0,73,4,0,4,77
11/06/2007,CGF,OH,AGL,CE,Federal Contract Tower,0,14,38,0,52,0,1,6,0,7,0,15,44,0,59,0,0,0,59
11/07/2007,CGF,OH,AGL,CE,Federal Contract Tower,0,9,30,0,39,0,16,26,0,42,0,25,56,0,81,32,0,32,113
11/08/2007,CGF,OH,AGL,CE,Federal Contract Tower,0,10,27,0,37,0,30,29,0,59,0,40,56,0,96,66,0,66,162
11/09/2007,CGF,OH,AGL,CE,Federal Contract Tower,0,18,27,0,45,0,22,59,0,81,0,40,86,0,126,38,0,38,164
11/10/2007,CGF,OH,AGL,CE,Federal Contract Tower,0,14,13,0,27,0,2,52,0,54,0,16,65,0,81,66,0,66,147
11/11/2007,CGF,OH,AGL,CE,Federal Contract Tower,0,13,28,0,41,0,8,27,0,35,0,21,55,0,76,38,0,38,114
11/12/2007,CGF,OH,AGL,CE,Federal Contract Tower,0,14,28,0,42,0,8,2,0,10,0,22,30,0,52,4,0,4,56
11/13/2007,CGF,OH,AGL,CE,Federal Contract Tower,0,17,36,0,53,0,11,69,0,80,0,28,105,0,133,62,0,62,195
11/14/2007,CGF,OH,AGL,CE,Federal Contract Tower,0,11,33,0,44,0,10,44,0,54,0,21,77,0,98,24,0,24,122
11/15/2007,CGF,OH,AGL,CE,Federal Contract Tower,0,12,25,0,37,0,6,7,0,13,0,18,32,0,50,0,0,0,50
11/16/2007,CGF,OH,AGL,CE,Federal Contract Tower,0,8,22,0,30,0,23,23,2,48,0,31,45,2,78,46,0,46,124
11/17/2007,CGF,OH,AGL,CE,Federal Contract Tower,0,7,25,0,32,0,6,23,0,29,0,13,48,0,61,26,0,26,87
11/18/2007,CGF,OH,AGL,CE,Federal Contract Tower,0,11,17,0,28,0,13,70,0,83,0,24,87,0,111,82,0,82,193
11/19/2007,CGF,OH,AGL,CE,Federal Contract Tower,0,14,51,0,65,0,17,31,0,48,0,31,82,0,113,46,6,52,165
11/20/2007,CGF,OH,AGL,CE,Federal Contract Tower,0,10,34,0,44,0,0,5,0,5,0,10,39,0,49,6,0,6,55
11/21/2007,CGF,OH,AGL,CE,Federal Contract Tower,0,17,27,0,44,0,8,14,0,22,0,25,41,0,66,10,0,10,76
11/22/2007,CGF,OH,AGL,CE,Federal Contract Tower,0,10,2,0,12,0,8,0,0,8,0,18,2,0,20,0,0,0,20
11/23/2007,CGF,OH,AGL,CE,Federal Contract Tower,0,5,9,0,14,0,13,18,0,31,0,18,27,0,45,24,0,24,69
11/24/2007,CGF,OH,AGL,CE,Federal Contract Tower,0,10,11,0,21,0,16,55,0,71,0,26,66,0,92,46,0,46,138
11/25/2007,CGF,OH,AGL,CE,Federal Contract Tower,0,16,26,0,42,0,3,84,2,89,0,19,110,2,131,84,0,84,215
11/26/2007,CGF,OH,AGL,CE,Federal Contract Tower,0,6,36,0,42,0,1,0,0,1,0,7,36,0,43,0,0,0,43
11/27/2007,CGF,OH,AGL,CE,Federal Contract Tower,0,14,26,0,40,0,10,18,0,28,0,24,44,0,68,20,0,20,88
11/28/2007,CGF,OH,AGL,CE,Federal Contract Tower,0,19,45,0,64,0,9,55,0,64,0,28,100,0,128,48,0,48,176
11/29/2007,CGF,OH,AGL,CE,Federal Contract Tower,0,11,13,0,24,0,19,38,0,57,0,30,51,0,81,20,0,20,101
11/30/2007,CGF,OH,AGL,CE,Federal Contract Tower,0,13,25,0,38,0,17,37,0,54,0,30,62,0,92,12,0,12,104
12/01/2007,CGF,OH,AGL,CE,Federal Contract Tower,0,4,20,0,24,0,5,54,0,59,0,9,74,0,83,42,0,42,125
12/02/2007,CGF,OH,AGL,CE,Federal Contract Tower,0,4,9,0,13,0,0,0,0,0,0,4,9,0,13,0,0,0,13
12/03/2007,CGF,OH,AGL,CE,Federal Contract Tower,0,6,28,0,34,0,0,4,0,4,0,6,32,0,38,0,0,0,38
12/04/2007,CGF,OH,AGL,CE,Federal Contract Tower,0,8,29,0,37,0,6,7,0,13,0,14,36,0,50,0,0,0,50
12/05/2007,CGF,OH,AGL,CE,Federal Contract Tower,0,2,21,0,23,0,7,1,0,8,0,9,22,0,31,0,0,0,31
12/06/2007,CGF,OH,AGL,CE,Federal Contract Tower,0,11,38,0,49,0,20,34,0,54,0,31,72,0,103,42,0,42,145
12/07/2007,CGF,OH,AGL,CE,Federal Contract Tower,0,5,23,0,28,0,14,37,0,51,0,19,60,0,79,48,0,48,127
12/08/2007,CGF,OH,AGL,CE,Federal Contract Tower,0,9,14,0,23,0,12,38,0,50,0,21,52,0,73,56,0,56,129
12/09/2007,CGF,OH,AGL,CE,Federal Contract Tower,0,7,11,0,18,0,0,4,0,4,0,7,15,0,22,0,0,0,22
12/10/2007,CGF,OH,AGL,CE,Federal Contract Tower,0,10,19,0,29,0,7,4,0,11,0,17,23,0,40,0,0,0,40
12/11/2007,CGF,OH,AGL,CE,Federal Contract Tower,0,6,26,0,32,0,4,0,0,4,0,10,26,0,36,0,0,0,36
12/12/2007,CGF,OH,AGL,CE,Federal Contract Tower,0,9,26,0,35,0,12,50,0,62,0,21,76,0,97,64,0,64,161
12/13/2007,CGF,OH,AGL,CE,Federal Contract Tower,0,8,20,0,28,0,1,6,0,7,0,9,26,0,35,0,0,0,35
12/14/2007,CGF,OH,AGL,CE,Federal Contract Tower,0,9,39,0,48,0,21,29,0,50,0,30,68,0,98,28,0,28,126
12/15/2007,CGF,OH,AGL,CE,Federal Contract Tower,0,0,14,0,14,0,10,22,0,32,0,10,36,0,46,30,0,30,76
12/16/2007,CGF,OH,AGL,CE,Federal Contract Tower,0,0,2,0,2,0,0,0,0,0,0,0,2,0,2,0,0,0,2
12/17/2007,CGF,OH,AGL,CE,Federal Contract Tower,0,15,24,0,39,0,9,6,0,15,0,24,30,0,54,0,0,0,54
12/18/2007,CGF,OH,AGL,CE,Federal Contract Tower,0,13,29,0,42,0,13,51,0,64,0,26,80,0,106,46,0,46,152
12/19/2007,CGF,OH,AGL,CE,Federal Contract Tower,0,11,27,0,38,0,8,9,0,17,0,19,36,0,55,18,0,18,73
12/20/2007,CGF,OH,AGL,CE,Federal Contract Tower,0,10,39,0,49,0,13,41,0,54,0,23,80,0,103,52,0,52,155
12/21/2007,CGF,OH,AGL,CE,Federal Contract Tower,0,13,22,0,35,0,28,72,0,100,0,41,94,0,135,52,0,52,187
12/22/2007,CGF,OH,AGL,CE,Federal Contract Tower,0,8,10,0,18,0,16,30,0,46,0,24,40,0,64,50,0,50,114
12/23/2007,CGF,OH,AGL,CE,Federal Contract Tower,0,8,4,0,12,0,6,2,0,8,0,14,6,0,20,0,0,0,20
12/24/2007,CGF,OH,AGL,CE,Federal Contract Tower,0,3,4,0,7,0,4,0,0,4,0,7,4,0,11,0,0,0,11
12/25/2007,CGF,OH,AGL,CE,Federal Contract Tower,0,5,2,0,7,0,15,6,0,21,0,20,8,0,28,0,0,0,28
12/26/2007,CGF,OH,AGL,CE,Federal Contract Tower,0,15,22,0,37,0,8,48,0,56,0,23,70,0,93,54,0,54,147
12/27/2007,CGF,OH,AGL,CE,Federal Contract Tower,0,11,13,0,24,0,4,2,0,6,0,15,15,0,30,0,0,0,30
12/28/2007,CGF,OH,AGL,CE,Federal Contract Tower,0,10,9,0,19,0,17,37,0,54,0,27,46,0,73,30,0,30,103
12/29/2007,CGF,OH,AGL,CE,Federal Contract Tower,0,10,1,0,11,0,12,24,0,36,0,22,25,0,47,36,0,36,83
12/30/2007,CGF,OH,AGL,CE,Federal Contract Tower,0,12,9,0,21,0,8,67,0,75,0,20,76,0,96,64,0,64,160
12/31/2007,CGF,OH,AGL,CE,Federal Contract Tower,0,3,8,0,11,0,2,37,0,39,0,5,45,0,50,50,0,50,100
01/01/2008,CGF,OH,AGL,CE,Federal Contract Tower,0,1,4,0,5,0,0,0,0,0,0,1,4,0,5,0,0,0,5
01/02/2008,CGF,OH,AGL,CE,Federal Contract Tower,0,5,8,0,13,0,17,3,0,20,0,22,11,0,33,0,0,0,33
01/03/2008,CGF,OH,AGL,CE,Federal Contract Tower,0,3,10,0,13,0,14,14,0,28,0,17,24,0,41,2,0,2,43
01/04/2008,CGF,OH,AGL,CE,Federal Contract Tower,0,10,8,0,18,0,19,58,0,77,0,29,66,0,95,18,0,18,113
01/05/2008,CGF,OH,AGL,CE,Federal Contract Tower,0,6,13,0,19,0,7,11,0,18,0,13,24,0,37,0,0,0,37
01/06/2008,CGF,OH,AGL,CE,Federal Contract Tower,0,16,27,0,43,0,15,8,0,23,0,31,35,0,66,18,0,18,84
01/07/2008,CGF,OH,AGL,CE,Federal Contract Tower,0,7,10,0,17,0,12,39,0,51,0,19,49,0,68,38,0,38,106
01/08/2008,CGF,OH,AGL,CE,Federal Contract Tower,0,7,21,0,28,0,6,35,0,41,0,13,56,0,69,14,0,14,83
01/09/2008,CGF,OH,AGL,CE,Federal Contract Tower,0,2,31,0,33,0,17,13,0,30,0,19,44,0,63,10,0,10,73
01/10/2008,CGF,OH,AGL,CE,Federal Contract Tower,0,17,30,0,47,0,10,9,0,19,0,27,39,0,66,8,0,8,74
01/11/2008,CGF,OH,AGL,CE,Federal Contract Tower,0,9,22,0,31,0,5,24,0,29,0,14,46,0,60,24,0,24,84
01/12/2008,CGF,OH,AGL,CE,Federal Contract Tower,0,4,9,0,13,0,15,44,0,59,0,19,53,0,72,40,0,40,112
01/13/2008,CGF,OH,AGL,CE,Federal Contract Tower,0,4,11,0,15,0,0,16,0,16,0,4,27,0,31,8,0,8,39
01/14/2008,CGF,OH,AGL,CE,Federal Contract Tower,0,11,22,0,33,0,10,16,0,26,0,21,38,0,59,0,0,0,59
01/15/2008,CGF,OH,AGL,CE,Federal Contract Tower,0,9,22,0,31,0,0,8,0,8,0,9,30,0,39,0,0,0,39
01/16/2008,CGF,OH,AGL,CE,Federal Contract Tower,0,18,27,0,45,0,13,56,0,69,0,31,83,0,114,32,0,32,146
01/17/2008,CGF,OH,AGL,CE,Federal Contract Tower,0,17,29,0,46,0,0,4,0,4,0,17,33,0,50,0,0,0,50
01/18/2008,CGF,OH,AGL,CE,Federal Contract Tower,0,11,27,0,38,0,7,20,0,27,0,18,47,0,65,28,0,28,93
01/19/2008,CGF,OH,AGL,CE,Federal Contract Tower,0,6,7,0,13,0,0,8,0,8,0,6,15,0,21,0,0,0,21
01/20/2008,CGF,OH,AGL,CE,Federal Contract Tower,0,6,5,0,11,0,0,2,0,2,0,6,7,0,13,0,0,0,13
01/21/2008,CGF,OH,AGL,CE,Federal Contract Tower,0,10,19,0,29,0,8,46,0,54,0,18,65,0,83,50,0,50,133
01/22/2008,CGF,OH,AGL,CE,Federal Contract Tower,0,9,15,0,24,0,4,0,0,4,0,13,15,0,28,0,0,0,28
01/23/2008,CGF,OH,AGL,CE,Federal Contract Tower,0,12,18,0,30,0,15,42,0,57,0,27,60,0,87,30,0,30,117
01/24/2008,CGF,OH,AGL,CE,Federal Contract Tower,0,11,5,0,16,0,6,0,0,6,0,17,5,0,22,0,0,0,22
01/25/2008,CGF,OH,AGL,CE,Federal Contract Tower,0,6,23,0,29,0,0,21,0,21,0,6,44,0,50,16,0,16,66
01/26/2008,CGF,OH,AGL,CE,Federal Contract Tower,0,4,6,0,10,0,6,6,2,14,0,10,12,2,24,16,0,16,40
01/27/2008,CGF,OH,AGL,CE,Federal Contract Tower,0,7,10,0,17,0,2,0,0,2,0,9,10,0,19,0,0,0,19
01/28/2008,CGF,OH,AGL,CE,Federal Contract Tower,0,7,22,0,29,0,25,63,0,88,0,32,85,0,117,48,0,48,165
01/29/2008,CGF,OH,AGL,CE,Federal Contract Tower,0,8,24,0,32,0,4,2,0,6,0,12,26,0,38,8,0,8,46
01/30/2008,CGF,OH,AGL,CE,Federal Contract Tower,0,7,37,0,44,0,3,5,0,8,0,10,42,0,52,0,0,0,52
01/31/2008,CGF,OH,AGL,CE,Federal Contract Tower,0,14,28,0,42,0,37,16,0,53,0,51,44,0,95,32,0,32,127
02/01/2008,CGF,OH,AGL,CE,Federal Contract Tower,0,11,16,0,27,0,1,0,0,1,0,12,16,0,28,0,0,0,28
02/02/2008,CGF,OH,AGL,CE,Federal Contract Tower,0,5,6,0,11,0,2,3,0,5,0,7,9,0,16,0,0,0,16
02/03/2008,CGF,OH,AGL,CE,Federal Contract Tower,0,7,14,0,21,0,10,1,0,11,0,17,15,0,32,0,0,0,32
02/04/2008,CGF,OH,AGL,CE,Federal Contract Tower,0,9,25,0,34,0,6,16,0,22,0,15,41,0,56,0,0,0,56
02/05/2008,CGF,OH,AGL,CE,Federal Contract Tower,0,8,25,0,33,0,0,0,0,0,0,8,25,0,33,0,0,0,33
02/06/2008,CGF,OH,AGL,CE,Federal Contract Tower,0,1,24,0,25,0,0,0,0,0,0,1,24,0,25,0,0,0,25
02/07/2008,CGF,OH,AGL,CE,Federal Contract Tower,0,12,39,0,51,0,7,20,0,27,0,19,59,0,78,0,0,0,78
02/08/2008,CGF,OH,AGL,CE,Federal Contract Tower,0,9,17,0,26,0,9,6,0,15,0,18,23,0,41,0,0,0,41
02/09/2008,CGF,OH,AGL,CE,Federal Contract Tower,0,2,15,0,17,0,2,7,0,9,0,4,22,0,26,0,0,0,26
02/10/2008,CGF,OH,AGL,CE,Federal Contract Tower,0,0,9,0,9,0,0,0,0,0,0,0,9,0,9,0,0,0,9
02/11/2008,CGF,OH,AGL,CE,Federal Contract Tower,0,5,23,0,28,0,8,12,0,20,0,13,35,0,48,6,0,6,54
02/12/2008,CGF,OH,AGL,CE,Federal Contract Tower,0,1,6,0,7,0,0,0,0,0,0,1,6,0,7,0,0,0,7
02/13/2008,CGF,OH,AGL,CE,Federal Contract Tower,0,4,24,0,28,0,0,7,0,7,0,4,31,0,35,0,0,0,35
02/14/2008,CGF,OH,AGL,CE,Federal Contract Tower,0,10,35,0,45,0,34,42,0,76,0,44,77,0,121,24,0,24,145
02/15/2008,CGF,OH,AGL,CE,Federal Contract Tower,0,2,20,0,22,0,24,8,0,32,0,26,28,0,54,0,0,0,54
02/16/2008,CGF,OH,AGL,CE,Federal Contract Tower,0,2,14,0,16,0,14,40,0,54,0,16,54,0,70,24,0,24,94
02/17/2008,CGF,OH,AGL,CE,Federal Contract Tower,0,7,8,0,15,0,8,3,0,11,0,15,11,0,26,4,0,4,30
02/18/2008,CGF,OH,AGL,CE,Federal Contract Tower,0,12,12,0,24,0,12,20,0,32,0,24,32,0,56,0,0,0,56
02/19/2008,CGF,OH,AGL,CE,Federal Contract Tower,0,5,23,0,28,0,14,2,0,16,0,19,25,0,44,8,0,8,52
02/20/2008,CGF,OH,AGL,CE,Federal Contract Tower,0,11,19,0,30,0,12,0,0,12,0,23,19,0,42,4,0,4,46
02/21/2008,CGF,OH,AGL,CE,Federal Contract Tower,0,14,27,0,41,0,10,53,0,63,0,24,80,0,104,24,0,24,128
02/22/2008,CGF,OH,AGL,CE,Federal Contract Tower,0,0,17,0,17,0,4,1,0,5,0,4,18,0,22,0,0,0,22
02/23/2008,CGF,OH,AGL,CE,Federal Contract Tower,0,5,16,0,21,0,4,24,0,28,0,9,40,0,49,14,0,14,63
02/24/2008,CGF,OH,AGL,CE,Federal Contract Tower,0,6,27,0,33,0,10,48,0,58,0,16,75,0,91,16,0,16,107
02/25/2008,CGF,OH,AGL,CE,Federal Contract Tower,0,15,18,0,33,0,18,26,0,44,0,33,44,0,77,24,0,24,101
02/26/2008,CGF,OH,AGL,CE,Federal Contract Tower,0,2,19,0,21,0,0,0,0,0,0,2,19,0,21,0,0,0,21
02/27/2008,CGF,OH,AGL,CE,Federal Contract Tower,0,6,33,0,39,0,4,0,0,4,0,10,33,0,43,0,0,0,43
02/28/2008,CGF,OH,AGL,CE,Federal Contract Tower,0,4,32,0,36,0,24,34,0,58,0,28,66,0,94,38,0,38,132
02/29/2008,CGF,OH,AGL,CE,Federal Contract Tower,0,5,18,0,23,0,2,15,0,17,0,7,33,0,40,0,0,0,40
03/01/2008,CGF,OH,AGL,CE,Federal Contract Tower,0,0,8,0,8,0,7,21,0,28,0,7,29,0,36,6,0,6,42
03/02/2008,CGF,OH,AGL,CE,Federal Contract Tower,0,1,14,0,15,0,14,21,0,35,0,15,35,0,50,6,0,6,56
03/03/2008,CGF,OH,AGL,CE,Federal Contract Tower,0,3,23,0,26,0,13,15,0,28,0,16,38,0,54,18,0,18,72
03/04/2008,CGF,OH,AGL,CE,Federal Contract Tower,0,0,9,0,9,0,0,0,0,0,0,0,9,0,9,0,0,0,9
03/05/2008,CGF,OH,AGL,CE,Federal Contract Tower,0,4,14,0,18,0,8,0,0,8,0,12,14,0,26,0,0,0,26
03/06/2008,CGF,OH,AGL,CE,Federal Contract Tower,0,4,25,0,29,0,14,28,0,42,0,18,53,0,71,18,0,18,89
03/07/2008,CGF,OH,AGL,CE,Federal Contract Tower,0,0,5,0,5,0,8,1,0,9,0,8,6,0,14,0,0,0,14
03/08/2008,CGF,OH,AGL,CE,Federal Contract Tower,0,0,1,0,1,0,0,0,0,0,0,0,1,0,1,0,0,0,1
03/09/2008,CGF,OH,AGL,CE,Federal Contract Tower,0,3,9,0,12,0,6,10,0,16,0,9,19,0,28,2,0,2,30
03/10/2008,CGF,OH,AGL,CE,Federal Contract Tower,0,2,16,0,18,0,16,19,0,35,0,18,35,0,53,6,0,6,59
03/11/2008,CGF,OH,AGL,CE,Federal Contract Tower,0,7,23,0,30,0,11,16,0,27,0,18,39,0,57,12,0,12,69
03/12/2008,CGF,OH,AGL,CE,Federal Contract Tower,0,1,22,0,23,0,20,28,3,51,0,21,50,3,74,30,0,30,104
03/13/2008,CGF,OH,AGL,CE,Federal Contract Tower,0,3,20,0,23,0,26,5,0,31,0,29,25,0,54,0,0,0,54
03/14/2008,CGF,OH,AGL,CE,Federal Contract Tower,0,4,31,0,35,0,4,5,0,9,0,8,36,0,44,8,0,8,52
03/15/2008,CGF,OH,AGL,CE,Federal Contract Tower,0,4,13,0,17,0,12,19,0,31,0,16,32,0,48,10,0,10,58
03/16/2008,CGF,OH,AGL,CE,Federal Contract Tower,0,6,18,0,24,0,20,38,0,58,0,26,56,0,82,18,0,18,100
03/17/2008,CGF,OH,AGL,CE,Federal Contract Tower,0,5,18,0,23,0,14,51,4,69,0,19,69,4,92,50,0,50,142
03/18/2008,CGF,OH,AGL,CE,Federal Contract Tower,0,4,18,0,22,0,4,0,0,4,0,8,18,0,26,0,0,0,26
03/19/2008,CGF,OH,AGL,CE,Federal Contract Tower,0,8,21,0,29,0,0,0,0,0,0,8,21,0,29,0,0,0,29
03/20/2008,CGF,OH,AGL,CE,Federal Contract Tower,0,11,25,0,36,0,22,26,0,48,0,33,51,0,84,22,0,22,106
03/21/2008,CGF,OH,AGL,CE,Federal Contract Tower,0,7,13,0,20,0,24,26,0,50,0,31,39,0,70,20,0,20,90
03/22/2008,CGF,OH,AGL,CE,Federal Contract Tower,0,4,11,0,15,0,12,10,0,22,0,16,21,0,37,18,0,18,55
03/23/2008,CGF,OH,AGL,CE,Federal Contract Tower,0,5,12,0,17,0,12,35,0,47,0,17,47,0,64,22,0,22,86
03/24/2008,CGF,OH,AGL,CE,Federal Contract Tower,0,7,32,0,39,0,15,28,0,43,0,22,60,0,82,22,0,22,104
03/25/2008,CGF,OH,AGL,CE,Federal Contract Tower,0,10,17,0,27,0,2,12,0,14,0,12,29,0,41,6,0,6,47
03/26/2008,CGF,OH,AGL,CE,Federal Contract Tower,0,6,28,0,34,0,12,60,2,74,0,18,88,2,108,36,0,36,144
03/27/2008,CGF,OH,AGL,CE,Federal Contract Tower,0,15,17,0,32,0,19,36,0,55,0,34,53,0,87,20,0,20,107
03/28/2008,CGF,OH,AGL,CE,Federal Contract Tower,0,7,20,0,27,0,24,26,0,50,0,31,46,0,77,26,0,26,103
03/29/2008,CGF,OH,AGL,CE,Federal Contract Tower,0,14,19,0,33,0,9,69,0,78,0,23,88,0,111,76,0,76,187
03/30/2008,CGF,OH,AGL,CE,Federal Contract Tower,0,10,30,0,40,0,17,22,0,39,0,27,52,0,79,24,0,24,103
03/31/2008,CGF,OH,AGL,CE,Federal Contract Tower,0,9,18,0,27,0,26,17,0,43,0,35,35,0,70,16,0,16,86
04/01/2008,CGF,OH,AGL,CE,Federal Contract Tower,0,8,28,0,36,0,8,0,0,8,0,16,28,0,44,2,0,2,46
04/02/2008,CGF,OH,AGL,CE,Federal Contract Tower,0,16,39,0,55,0,6,75,0,81,0,22,114,0,136,96,0,96,232
04/03/2008,CGF,OH,AGL,CE,Federal Contract Tower,0,11,16,0,27,0,9,32,0,41,0,20,48,0,68,25,0,25,93
04/04/2008,CGF,OH,AGL,CE,Federal Contract Tower,0,11,13,0,24,0,0,2,0,2,0,11,15,0,26,0,0,0,26
04/05/2008,CGF,OH,AGL,CE,Federal Contract Tower,0,7,23,0,30,0,2,61,0,63,0,9,84,0,93,50,0,50,143
04/06/2008,CGF,OH,AGL,CE,Federal Contract Tower,0,7,13,0,20,0,0,102,0,102,0,7,115,0,122,58,0,58,180
04/07/2008,CGF,OH,AGL,CE,Federal Contract Tower,0,9,47,0,56,0,5,16,0,21,0,14,63,0,77,42,0,42,119
04/08/2008,CGF,OH,AGL,CE,Federal Contract Tower,0,5,35,0,40,0,8,29,0,37,0,13,64,0,77,42,0,42,119
04/09/2008,CGF,OH,AGL,CE,Federal Contract Tower,0,4,24,0,28,0,20,24,0,44,0,24,48,0,72,20,0,20,92
04/10/2008,CGF,OH,AGL,CE,Federal Contract Tower,0,5,30,0,35,0,8,53,0,61,0,13,83,0,96,20,0,20,116
04/11/2008,CGF,OH,AGL,CE,Federal Contract Tower,0,7,35,0,42,0,18,13,0,31,0,25,48,0,73,20,0,20,93
04/12/2008,CGF,OH,AGL,CE,Federal Contract Tower,0,1,20,0,21,0,16,18,0,34,0,17,38,0,55,18,0,18,73
04/13/2008,CGF,OH,AGL,CE,Federal Contract Tower,0,4,19,0,23,0,0,7,0,7,0,4,26,0,30,0,0,0,30
04/14/2008,CGF,OH,AGL,CE,Federal Contract Tower,0,7,26,0,33,0,19,30,0,49,0,26,56,0,82,38,0,38,120
04/15/2008,CGF,OH,AGL,CE,Federal Contract Tower,0,11,29,0,40,0,5,39,0,44,0,16,68,0,84,12,0,12,96
04/16/2008,CGF,OH,AGL,CE,Federal Contract Tower,0,15,23,0,38,0,39,76,0,115,0,54,99,0,153,44,0,44,197
04/17/2008,CGF,OH,AGL,CE,Federal Contract Tower,0,6,37,0,43,0,26,75,0,101,0,32,112,0,144,68,0,68,212
04/18/2008,CGF,OH,AGL,CE,Federal Contract Tower,0,15,21,0,36,0,2,60,0,62,0,17,81,0,98,62,0,62,160
04/19/2008,CGF,OH,AGL,CE,Federal Contract Tower,0,6,22,0,28,0,10,33,0,43,0,16,55,0,71,42,0,42,113
04/20/2008,CGF,OH,AGL,CE,Federal Contract Tower,0,14,32,0,46,0,4,12,0,16,0,18,44,0,62,16,0,16,78
04/21/2008,CGF,OH,AGL,CE,Federal Contract Tower,0,10,26,0,36,0,12,57,0,69,0,22,83,0,105,36,0,36,141
04/22/2008,CGF,OH,AGL,CE,Federal Contract Tower,0,3,24,0,27,0,20,55,0,75,0,23,79,0,102,44,0,44,146
04/23/2008,CGF,OH,AGL,CE,Federal Contract Tower,0,7,39,0,46,0,9,45,0,54,0,16,84,0,100,24,0,24,124
04/24/2008,CGF,OH,AGL,CE,Federal Contract Tower,0,5,24,0,29,0,20,77,2,99,0,25,101,2,128,50,0,50,178
04/25/2008,CGF,OH,AGL,CE,Federal Contract Tower,0,10,26,0,36,0,18,45,0,63,0,28,71,0,99,36,0,36,135
04/26/2008,CGF,OH,AGL,CE,Federal Contract Tower,0,5,14,0,19,0,0,42,0,42,0,5,56,0,61,34,0,34,95
04/27/2008,CGF,OH,AGL,CE,Federal Contract Tower,0,3,25,0,28,0,14,59,0,73,0,17,84,0,101,64,0,64,165
04/28/2008,CGF,OH,AGL,CE,Federal Contract Tower,0,5,45,0,50,0,1,4,0,5,0,6,49,0,55,0,0,0,55
04/29/2008,CGF,OH,AGL,CE,Federal Contract Tower,0,5,35,0,40,0,4,15,0,19,0,9,50,0,59,12,0,12,71
04/30/2008,CGF,OH,AGL,CE,Federal Contract Tower,0,9,44,0,53,0,8,48,0,56,0,17,92,0,109,30,0,30,139
05/01/2008,CGF,OH,AGL,CE,Federal Contract Tower,0,8,37,0,45,0,27,71,0,98,0,35,108,0,143,98,0,98,241
05/02/2008,CGF,OH,AGL,CE,Federal Contract Tower,0,5,21,0,26,0,10,41,0,51,0,15,62,0,77,20,0,20,97
05/03/2008,CGF,OH,AGL,CE,Federal Contract Tower,0,5,6,0,11,0,2,6,0,8,0,7,12,0,19,12,0,12,31
05/04/2008,CGF,OH,AGL,CE,Federal Contract Tower,0,4,13,0,17,0,22,73,6,101,0,26,86,6,118,78,0,78,196
05/05/2008,CGF,OH,AGL,CE,Federal Contract Tower,0,12,23,0,35,0,15,72,0,87,0,27,95,0,122,80,0,80,202
05/06/2008,CGF,OH,AGL,CE,Federal Contract Tower,0,9,14,0,23,0,6,43,0,49,0,15,57,0,72,40,0,40,112
05/07/2008,CGF,OH,AGL,CE,Federal Contract Tower,0,15,28,0,43,0,15,22,0,37,0,30,50,0,80,16,0,16,96
05/08/2008,CGF,OH,AGL,CE,Federal Contract Tower,0,8,32,0,40,0,21,62,0,83,0,29,94,0,123,40,0,40,163
05/09/2008,CGF,OH,AGL,CE,Federal Contract Tower,0,23,33,0,56,0,34,68,0,102,0,57,101,0,158,80,0,80,238
05/10/2008,CGF,OH,AGL,CE,Federal Contract Tower,0,2,27,0,29,0,12,56,0,68,0,14,83,0,97,50,0,50,147
05/11/2008,CGF,OH,AGL,CE,Federal Contract Tower,0,6,12,0,18,0,18,15,0,33,0,24,27,0,51,12,0,12,63
05/12/2008,CGF,OH,AGL,CE,Federal Contract Tower,0,8,29,0,37,0,4,1,0,5,0,12,30,0,42,0,0,0,42
05/13/2008,CGF,OH,AGL,CE,Federal Contract Tower,0,7,43,0,50,0,6,61,0,67,0,13,104,0,117,86,0,86,203
05/14/2008,CGF,OH,AGL,CE,Federal Contract Tower,0,20,37,0,57,0,4,20,0,24,0,24,57,0,81,4,0,4,85
05/15/2008,CGF,OH,AGL,CE,Federal Contract Tower,0,9,30,0,39,0,7,39,0,46,0,16,69,0,85,52,0,52,137
05/16/2008,CGF,OH,AGL,CE,Federal Contract Tower,0,6,29,0,35,0,18,60,0,78,0,24,89,0,113,58,0,58,171
05/17/2008,CGF,OH,AGL,CE,Federal Contract Tower,0,4,12,0,16,0,23,37,4,64,0,27,49,4,80,44,0,44,124
05/18/2008,CGF,OH,AGL,CE,Federal Contract Tower,0,11,9,0,20,0,0,24,0,24,0,11,33,0,44,54,0,54,98
05/19/2008,CGF,OH,AGL,CE,Federal Contract Tower,0,2,21,0,23,0,8,35,0,43,0,10,56,0,66,36,0,36,102
05/20/2008,CGF,OH,AGL,CE,Federal Contract Tower,0,6,38,0,44,0,7,63,0,70,0,13,101,0,114,60,8,68,182
05/21/2008,CGF,OH,AGL,CE,Federal Contract Tower,0,9,37,0,46,0,4,24,0,28,0,13,61,0,74,30,0,30,104
05/22/2008,CGF,OH,AGL,CE,Federal Contract Tower,0,9,36,0,45,0,24,26,0,50,0,33,62,0,95,40,0,40,135
05/23/2008,CGF,OH,AGL,CE,Federal Contract Tower,0,5,15,0,20,0,22,94,6,122,0,27,109,6,142,58,0,58,200
05/24/2008,CGF,OH,AGL,CE,Federal Contract Tower,0,3,17,0,20,0,43,82,0,125,0,46,99,0,145,90,0,90,235
05/25/2008,CGF,OH,AGL,CE,Federal Contract Tower,0,6,14,0,20,0,11,80,0,91,0,17,94,0,111,80,0,80,191
05/26/2008,CGF,OH,AGL,CE,Federal Contract Tower,0,13,11,0,24,0,14,46,18,78,0,27,57,18,102,66,0,66,168
05/27/2008,CGF,OH,AGL,CE,Federal Contract Tower,0,6,47,0,53,0,7,12,0,19,0,13,59,0,72,26,0,26,98
05/28/2008,CGF,OH,AGL,CE,Federal Contract Tower,0,7,29,0,36,0,14,75,0,89,0,21,104,0,125,82,0,82,207
05/29/2008,CGF,OH,AGL,CE,Federal Contract Tower,0,4,33,0,37,0,27,52,0,79,0,31,85,0,116,76,0,76,192
05/30/2008,CGF,OH,AGL,CE,Federal Contract Tower,0,9,26,0,35,0,24,68,0,92,0,33,94,0,127,74,8,82,209
05/31/2008,CGF,OH,AGL,CE,Federal Contract Tower,0,5,14,0,19,0,8,58,0,66,0,13,72,0,85,70,0,70,155
06/01/2008,CGF,OH,AGL,CE,Federal Contract Tower,0,11,16,0,27,0,23,96,0,119,0,34,112,0,146,74,0,74,220
06/02/2008,CGF,OH,AGL,CE,Federal Contract Tower,0,18,20,0,38,0,9,53,0,62,0,27,73,0,100,66,0,66,166
06/03/2008,CGF,OH,AGL,CE,Federal Contract Tower,0,15,26,0,41,0,12,25,0,37,0,27,51,0,78,56,0,56,134
06/04/2008,CGF,OH,AGL,CE,Federal Contract Tower,0,9,40,4,53,0,6,31,0,37,0,15,71,4,90,42,0,42,132
06/05/2008,CGF,OH,AGL,CE,Federal Contract Tower,0,2,34,0,36,0,4,15,0,19,0,6,49,0,55,50,0,50,105
06/06/2008,CGF,OH,AGL,CE,Federal Contract Tower,0,13,34,0,47,0,4,41,0,45,0,17,75,0,92,40,0,40,132
06/07/2008,CGF,OH,AGL,CE,Federal Contract Tower,0,4,20,0,24,0,7,61,2,70,0,11,81,2,94,42,4,46,140
06/08/2008,CGF,OH,AGL,CE,Federal Contract Tower,0,5,17,0,22,0,14,62,0,76,0,19,79,0,98,38,0,38,136
06/09/2008,CGF,OH,AGL,CE,Federal Contract Tower,0,4,28,0,32,0,9,21,0,30,0,13,49,0,62,40,0,40,102
06/10/2008,CGF,OH,AGL,CE,Federal Contract Tower,0,9,20,0,29,0,0,5,0,5,0,9,25,0,34,16,0,16,50
06/11/2008,CGF,OH,AGL,CE,Federal Contract Tower,0,6,40,0,46,0,3,47,0,50,0,9,87,0,96,62,0,62,158
06/12/2008,CGF,OH,AGL,CE,Federal Contract Tower,0,18,33,0,51,0,24,53,0,77,0,42,86,0,128,60,0,60,188
06/13/2008,CGF,OH,AGL,CE,Federal Contract Tower,0,11,29,0,40,0,5,26,0,31,0,16,55,0,71,42,0,42,113
06/14/2008,CGF,OH,AGL,CE,Federal Contract Tower,0,14,13,0,27,0,21,53,0,74,0,35,66,0,101,48,0,48,149
06/15/2008,CGF,OH,AGL,CE,Federal Contract Tower,0,9,20,0,29,0,16,86,0,102,0,25,106,0,131,56,0,56,187
06/16/2008,CGF,OH,AGL,CE,Federal Contract Tower,0,9,36,0,45,0,19,40,16,75,0,28,76,16,120,32,0,32,152
06/17/2008,CGF,OH,AGL,CE,Federal Contract Tower,0,14,37,0,51,0,4,23,0,27,0,18,60,0,78,48,0,48,126
06/18/2008,CGF,OH,AGL,CE,Federal Contract Tower,0,8,48,0,56,0,1,24,0,25,0,9,72,0,81,26,0,26,107
06/19/2008,CGF,OH,AGL,CE,Federal Contract Tower,0,22,27,0,49,0,18,51,0,69,0,40,78,0,118,48,0,48,166
06/20/2008,CGF,OH,AGL,CE,Federal Contract Tower,0,8,35,0,43,0,9,51,0,60,0,17,86,0,103,58,0,58,161
06/21/2008,CGF,OH,AGL,CE,Federal Contract Tower,0,3,21,0,24,0,4,37,0,41,0,7,58,0,65,40,0,40,105
06/22/2008,CGF,OH,AGL,CE,Federal Contract Tower,0,11,19,0,30,0,15,65,0,80,0,26,84,0,110,48,0,48,158
06/23/2008,CGF,OH,AGL,CE,Federal Contract Tower,0,14,21,0,35,0,24,51,0,75,0,38,72,0,110,60,0,60,170
06/24/2008,CGF,OH,AGL,CE,Federal Contract Tower,0,12,38,0,50,0,18,67,2,87,0,30,105,2,137,76,0,76,213
06/25/2008,CGF,OH,AGL,CE,Federal Contract Tower,0,20,35,0,55,0,0,28,0,28,0,20,63,0,83,62,0,62,145
06/26/2008,CGF,OH,AGL,CE,Federal Contract Tower,0,19,34,0,53,0,8,54,0,62,0,27,88,0,115,62,0,62,177
06/27/2008,CGF,OH,AGL,CE,Federal Contract Tower,0,8,30,0,38,0,10,27,0,37,0,18,57,0,75,46,0,46,121
06/28/2008,CGF,OH,AGL,CE,Federal Contract Tower,0,4,17,0,21,0,17,17,0,34,0,21,34,0,55,28,0,28,83
06/29/2008,CGF,OH,AGL,CE,Federal Contract Tower,0,7,15,0,22,0,7,56,0,63,0,14,71,0,85,44,0,44,129
06/30/2008,CGF,OH,AGL,CE,Federal Contract Tower,0,8,31,0,39,0,17,22,0,39,0,25,53,0,78,24,0,24,102
07/01/2008,CGF,OH,AGL,CE,Federal Contract Tower,0,16,43,0,59,0,18,101,0,119,0,34,144,0,178,116,0,116,294
07/02/2008,CGF,OH,AGL,CE,Federal Contract Tower,0,4,28,0,32,0,0,48,0,48,0,4,76,0,80,66,0,66,146
07/03/2008,CGF,OH,AGL,CE,Federal Contract Tower,0,7,16,0,23,0,0,12,0,12,0,7,28,0,35,22,0,22,57
07/04/2008,CGF,OH,AGL,CE,Federal Contract Tower,0,3,5,0,8,0,3,33,0,36,0,6,38,0,44,58,0,58,102
07/05/2008,CGF,OH,AGL,CE,Federal Contract Tower,0,6,7,0,13,0,0,62,0,62,0,6,69,0,75,52,0,52,127
07/06/2008,CGF,OH,AGL,CE,Federal Contract Tower,0,9,20,0,29,0,2,53,0,55,0,11,73,0,84,32,0,32,116
07/07/2008,CGF,OH,AGL,CE,Federal Contract Tower,0,19,34,0,53,0,33,66,0,99,0,52,100,0,152,68,0,68,220
07/08/2008,CGF,OH,AGL,CE,Federal Contract Tower,0,11,31,0,42,0,12,32,0,44,0,23,63,0,86,44,0,44,130
07/09/2008,CGF,OH,AGL,CE,Federal Contract Tower,0,13,22,0,35,0,2,48,0,50,0,15,70,0,85,36,0,36,121
07/10/2008,CGF,OH,AGL,CE,Federal Contract Tower,0,9,31,0,40,0,4,66,2,72,0,13,97,2,112,50,0,50,162
07/11/2008,CGF,OH,AGL,CE,Federal Contract Tower,0,17,32,0,49,0,0,46,0,46,0,17,78,0,95,60,0,60,155
07/12/2008,CGF,OH,AGL,CE,Federal Contract Tower,0,15,17,0,32,0,4,15,0,19,0,19,32,0,51,32,0,32,83
07/13/2008,CGF,OH,AGL,CE,Federal Contract Tower,0,12,26,0,38,0,4,65,0,69,0,16,91,0,107,48,0,48,155
07/14/2008,CGF,OH,AGL,CE,Federal Contract Tower,0,16,25,0,41,0,6,84,0,90,0,22,109,0,131,52,0,52,183
07/15/2008,CGF,OH,AGL,CE,Federal Contract Tower,0,10,38,0,48,0,12,106,0,118,0,22,144,0,166,76,0,76,242
07/16/2008,CGF,OH,AGL,CE,Federal Contract Tower,0,6,24,0,30,0,6,51,0,57,0,12,75,0,87,60,2,62,149
07/17/2008,CGF,OH,AGL,CE,Federal Contract Tower,0,8,32,0,40,0,2,69,0,71,0,10,101,0,111,66,0,66,177
07/18/2008,CGF,OH,AGL,CE,Federal Contract Tower,0,3,28,0,31,0,8,75,0,83,0,11,103,0,114,62,0,62,176
07/19/2008,CGF,OH,AGL,CE,Federal Contract Tower,0,6,11,0,17,0,0,38,0,38,0,6,49,0,55,58,0,58,113
07/20/2008,CGF,OH,AGL,CE,Federal Contract Tower,0,8,24,0,32,0,6,24,0,30,0,14,48,0,62,10,0,10,72
07/21/2008,CGF,OH,AGL,CE,Federal Contract Tower,0,9,19,0,28,0,16,11,0,27,0,25,30,0,55,8,0,8,63
07/22/2008,CGF,OH,AGL,CE,Federal Contract Tower,0,5,48,0,53,0,16,32,0,48,0,21,80,0,101,38,0,38,139
07/23/2008,CGF,OH,AGL,CE,Federal Contract Tower,0,6,24,0,30,0,2,11,0,13,0,8,35,0,43,24,0,24,67
07/24/2008,CGF,OH,AGL,CE,Federal Contract Tower,0,8,31,0,39,0,0,73,0,73,0,8,104,0,112,66,0,66,178
07/25/2008,CGF,OH,AGL,CE,Federal Contract Tower,0,18,33,0,51,0,0,56,0,56,0,18,89,0,107,48,0,48,155
07/26/2008,CGF,OH,AGL,CE,Federal Contract Tower,0,4,11,0,15,0,0,33,0,33,0,4,44,0,48,46,0,46,94
07/27/2008,CGF,OH,AGL,CE,Federal Contract Tower,0,11,25,0,36,0,0,49,0,49,0,11,74,0,85,48,0,48,133
07/28/2008,CGF,OH,AGL,CE,Federal Contract Tower,0,9,20,0,29,0,10,58,0,68,0,19,78,0,97,48,0,48,145
07/29/2008,CGF,OH,AGL,CE,Federal Contract Tower,0,7,13,0,20,0,0,48,8,56,0,7,61,8,76,40,12,52,128
07/30/2008,CGF,OH,AGL,CE,Federal Contract Tower,0,14,36,0,50,0,8,49,0,57,0,22,85,0,107,54,0,54,161
07/31/2008,CGF,OH,AGL,CE,Federal Contract Tower,0,12,35,0,47,0,4,42,0,46,0,16,77,0,93,60,0,60,153
08/01/2008,CGF,OH,AGL,CE,Federal Contract Tower,0,2,32,0,34,0,7,69,0,76,0,9,101,0,110,68,0,68,178
08/02/2008,CGF,OH,AGL,CE,Federal Contract Tower,0,5,20,0,25,0,0,66,0,66,0,5,86,0,91,54,0,54,145
08/03/2008,CGF,OH,AGL,CE,Federal Contract Tower,0,8,25,0,33,0,14,54,0,68,0,22,79,0,101,48,0,48,149
08/04/2008,CGF,OH,AGL,CE,Federal Contract Tower,0,10,33,0,43,0,11,49,0,60,0,21,82,0,103,54,0,54,157
08/05/2008,CGF,OH,AGL,CE,Federal Contract Tower,0,4,16,0,20,0,4,53,0,57,0,8,69,0,77,64,0,64,141
08/06/2008,CGF,OH,AGL,CE,Federal Contract Tower,0,11,34,0,45,0,14,57,2,73,0,25,91,2,118,68,0,68,186
08/07/2008,CGF,OH,AGL,CE,Federal Contract Tower,0,14,37,0,51,0,20,42,0,62,0,34,79,0,113,52,0,52,165
08/08/2008,CGF,OH,AGL,CE,Federal Contract Tower,0,5,12,0,17,0,10,44,0,54,0,15,56,0,71,46,0,46,117
08/09/2008,CGF,OH,AGL,CE,Federal Contract Tower,0,9,7,0,16,0,2,55,0,57,0,11,62,0,73,50,0,50,123
08/10/2008,CGF,OH,AGL,CE,Federal Contract Tower,0,7,9,0,16,0,0,33,0,33,0,7,42,0,49,26,0,26,75
08/11/2008,CGF,OH,AGL,CE,Federal Contract Tower,0,5,28,0,33,0,6,47,0,53,0,11,75,0,86,48,0,48,134
08/12/2008,CGF,OH,AGL,CE,Federal Contract Tower,0,6,27,0,33,0,2,63,0,65,0,8,90,0,98,36,0,36,134
08/13/2008,CGF,OH,AGL,CE,Federal Contract Tower,0,0,0,0,0,0,0,0,0,0,0,0,0,0,0,0,0,0,0
08/14/2008,CGF,OH,AGL,CE,Federal Contract Tower,0,8,40,0,48,0,18,45,0,63,0,26,85,0,111,60,0,60,171
08/15/2008,CGF,OH,AGL,CE,Federal Contract Tower,0,7,30,0,37,0,14,55,0,69,0,21,85,0,106,52,0,52,158
08/16/2008,CGF,OH,AGL,CE,Federal Contract Tower,0,5,20,0,25,0,6,72,0,78,0,11,92,0,103,56,0,56,159
08/17/2008,CGF,OH,AGL,CE,Federal Contract Tower,0,8,14,0,22,0,12,65,0,77,0,20,79,0,99,62,0,62,161
08/18/2008,CGF,OH,AGL,CE,Federal Contract Tower,0,10,25,0,35,0,18,33,0,51,0,28,58,0,86,54,0,54,140
08/19/2008,CGF,OH,AGL,CE,Federal Contract Tower,0,18,41,0,59,0,2,25,0,27,0,20,66,0,86,22,0,22,108
08/20/2008,CGF,OH,AGL,CE,Federal Contract Tower,0,0,0,0,0,0,0,0,0,0,0,0,0,0,0,0,0,0,0
08/21/2008,CGF,OH,AGL,CE,Federal Contract Tower,0,13,30,0,43,0,0,43,0,43,0,13,73,0,86,30,0,30,116
08/22/2008,CGF,OH,AGL,CE,Federal Contract Tower,0,4,20,0,24,0,10,38,0,48,0,14,58,0,72,16,0,16,88
08/23/2008,CGF,OH,AGL,CE,Federal Contract Tower,0,5,11,0,16,0,4,75,0,79,0,9,86,0,95,46,0,46,141
08/24/2008,CGF,OH,AGL,CE,Federal Contract Tower,0,3,19,0,22,0,6,48,0,54,0,9,67,0,76,42,0,42,118
08/25/2008,CGF,OH,AGL,CE,Federal Contract Tower,0,9,21,0,30,0,0,46,0,46,0,9,67,0,76,64,0,64,140
08/26/2008,CGF,OH,AGL,CE,Federal Contract Tower,0,10,42,0,52,0,8,66,0,74,0,18,108,0,126,54,0,54,180
08/27/2008,CGF,OH,AGL,CE,Federal Contract Tower,0,14,36,0,50,0,4,46,0,50,0,18,82,0,100,36,0,36,136
08/28/2008,CGF,OH,AGL,CE,Federal Contract Tower,0,13,50,0,63,0,2,31,0,33,0,15,81,0,96,28,0,28,124
08/29/2008,CGF,OH,AGL,CE,Federal Contract Tower,0,12,37,0,49,0,11,44,0,55,0,23,81,0,104,36,0,36,140
08/30/2008,CGF,OH,AGL,CE,Federal Contract Tower,0,3,29,0,32,0,13,71,0,84,0,16,100,0,116,56,0,56,172
08/31/2008,CGF,OH,AGL,CE,Federal Contract Tower,0,6,11,0,17,0,10,80,0,90,0,16,91,0,107,68,0,68,175
09/01/2008,CGF,OH,AGL,CE,Federal Contract Tower,0,13,21,0,34,0,2,60,0,62,0,15,81,0,96,30,0,30,126
09/02/2008,CGF,OH,AGL,CE,Federal Contract Tower,0,13,31,0,44,0,5,59,0,64,0,18,90,0,108,80,0,80,188
09/03/2008,CGF,OH,AGL,CE,Federal Contract Tower,0,11,37,0,48,0,2,60,0,62,0,13,97,0,110,50,0,50,160
09/04/2008,CGF,OH,AGL,CE,Federal Contract Tower,0,12,28,0,40,0,12,75,2,89,0,24,103,2,129,56,0,56,185
09/05/2008,CGF,OH,AGL,CE,Federal Contract Tower,0,9,33,0,42,0,4,3,0,7,0,13,36,0,49,0,0,0,49
09/06/2008,CGF,OH,AGL,CE,Federal Contract Tower,0,9,18,0,27,0,2,31,3,36,0,11,49,3,63,48,0,48,111
09/07/2008,CGF,OH,AGL,CE,Federal Contract Tower,0,1,13,0,14,0,0,61,0,61,0,1,74,0,75,62,0,62,137
09/08/2008,CGF,OH,AGL,CE,Federal Contract Tower,0,8,27,0,35,0,0,43,0,43,0,8,70,0,78,64,0,64,142
09/09/2008,CGF,OH,AGL,CE,Federal Contract Tower,0,9,42,0,51,0,0,32,0,32,0,9,74,0,83,46,0,46,129
09/10/2008,CGF,OH,AGL,CE,Federal Contract Tower,0,14,35,0,49,0,13,67,0,80,0,27,102,0,129,58,0,58,187
09/11/2008,CGF,OH,AGL,CE,Federal Contract Tower,0,9,47,0,56,0,20,97,0,117,0,29,144,0,173,62,0,62,235
09/12/2008,CGF,OH,AGL,CE,Federal Contract Tower,0,8,26,0,34,0,0,0,0,0,0,8,26,0,34,0,0,0,34
09/13/2008,CGF,OH,AGL,CE,Federal Contract Tower,0,7,23,0,30,0,6,0,0,6,0,13,23,0,36,0,0,0,36
09/14/2008,CGF,OH,AGL,CE,Federal Contract Tower,0,15,26,0,41,0,0,37,0,37,0,15,63,0,78,36,0,36,114
09/15/2008,CGF,OH,AGL,CE,Federal Contract Tower,0,21,27,0,48,0,0,19,0,19,0,21,46,0,67,32,0,32,99
09/16/2008,CGF,OH,AGL,CE,Federal Contract Tower,0,22,44,0,66,0,0,35,0,35,0,22,79,0,101,66,0,66,167
09/17/2008,CGF,OH,AGL,CE,Federal Contract Tower,0,17,42,0,59,0,16,83,0,99,0,33,125,0,158,84,0,84,242
09/18/2008,CGF,OH,AGL,CE,Federal Contract Tower,0,13,49,0,62,0,14,82,2,98,0,27,131,2,160,82,0,82,242
09/19/2008,CGF,OH,AGL,CE,Federal Contract Tower,0,18,32,0,50,0,8,103,0,111,0,26,135,0,161,58,0,58,219
09/20/2008,CGF,OH,AGL,CE,Federal Contract Tower,0,6,12,0,18,0,22,87,0,109,0,28,99,0,127,42,0,42,169
09/21/2008,CGF,OH,AGL,CE,Federal Contract Tower,0,9,31,0,40,0,16,80,0,96,0,25,111,0,136,54,0,54,190
09/22/2008,CGF,OH,AGL,CE,Federal Contract Tower,0,5,27,0,32,0,12,66,0,78,0,17,93,0,110,56,0,56,166
09/23/2008,CGF,OH,AGL,CE,Federal Contract Tower,0,16,30,0,46,0,0,41,0,41,0,16,71,0,87,50,0,50,137
09/24/2008,CGF,OH,AGL,CE,Federal Contract Tower,0,10,30,0,40,0,14,69,0,83,0,24,99,0,123,56,0,56,179
09/25/2008,CGF,OH,AGL,CE,Federal Contract Tower,0,11,22,0,33,0,7,74,0,81,0,18,96,0,114,50,0,50,164
09/26/2008,CGF,OH,AGL,CE,Federal Contract Tower,0,16,43,0,59,0,11,44,0,55,0,27,87,0,114,42,0,42,156
09/27/2008,CGF,OH,AGL,CE,Federal Contract Tower,0,8,14,0,22,0,8,65,0,73,0,16,79,0,95,20,0,20,115
09/28/2008,CGF,OH,AGL,CE,Federal Contract Tower,0,14,26,0,40,0,0,10,0,10,0,14,36,0,50,14,0,14,64
09/29/2008,CGF,OH,AGL,CE,Federal Contract Tower,0,4,28,0,32,0,6,48,0,54,0,10,76,0,86,44,0,44,130
09/30/2008,CGF,OH,AGL,CE,Federal Contract Tower,0,12,29,0,41,0,0,11,0,11,0,12,40,0,52,26,0,26,78
10/01/2008,CGF,OH,AGL,CE,Federal Contract Tower,0,10,24,0,34,0,10,20,0,30,0,20,44,0,64,18,0,18,82
10/02/2008,CGF,OH,AGL,CE,Federal Contract Tower,0,8,23,0,31,0,12,17,0,29,0,20,40,0,60,24,0,24,84
10/03/2008,CGF,OH,AGL,CE,Federal Contract Tower,0,14,28,0,42,0,0,74,0,74,0,14,102,0,116,42,0,42,158
10/04/2008,CGF,OH,AGL,CE,Federal Contract Tower,0,1,17,0,18,0,4,104,2,110,0,5,121,2,128,66,0,66,194
10/05/2008,CGF,OH,AGL,CE,Federal Contract Tower,0,10,21,0,31,0,2,53,0,55,0,12,74,0,86,58,0,58,144
10/06/2008,CGF,OH,AGL,CE,Federal Contract Tower,0,9,13,0,22,0,2,42,0,44,0,11,55,0,66,32,0,32,98
10/07/2008,CGF,OH,AGL,CE,Federal Contract Tower,0,9,29,0,38,0,12,62,0,74,0,21,91,0,112,38,0,38,150
10/08/2008,CGF,OH,AGL,CE,Federal Contract Tower,0,6,21,0,27,0,0,0,0,0,0,6,21,0,27,0,0,0,27
10/09/2008,CGF,OH,AGL,CE,Federal Contract Tower,0,6,17,0,23,0,10,44,0,54,0,16,61,0,77,50,0,50,127
10/10/2008,CGF,OH,AGL,CE,Federal Contract Tower,0,10,25,0,35,0,10,103,0,113,0,20,128,0,148,54,0,54,202
10/11/2008,CGF,OH,AGL,CE,Federal Contract Tower,0,5,14,0,19,0,18,98,0,116,0,23,112,0,135,42,0,42,177
10/12/2008,CGF,OH,AGL,CE,Federal Contract Tower,0,10,24,0,34,0,11,100,0,111,0,21,124,0,145,68,0,68,213
10/13/2008,CGF,OH,AGL,CE,Federal Contract Tower,0,10,36,0,46,0,12,55,0,67,0,22,91,0,113,48,0,48,161
10/14/2008,CGF,OH,AGL,CE,Federal Contract Tower,0,12,23,0,35,0,5,41,0,46,0,17,64,0,81,34,0,34,115
10/15/2008,CGF,OH,AGL,CE,Federal Contract Tower,0,13,28,0,41,0,2,23,0,25,0,15,51,0,66,6,0,6,72
10/16/2008,CGF,OH,AGL,CE,Federal Contract Tower,0,10,50,0,60,0,2,19,0,21,0,12,69,0,81,10,0,10,91
10/17/2008,CGF,OH,AGL,CE,Federal Contract Tower,0,10,46,0,56,0,10,64,0,74,0,20,110,0,130,36,0,36,166
10/18/2008,CGF,OH,AGL,CE,Federal Contract Tower,0,6,9,0,15,0,12,85,0,97,0,18,94,0,112,36,0,36,148
10/19/2008,CGF,OH,AGL,CE,Federal Contract Tower,0,16,39,0,55,0,22,90,0,112,0,38,129,0,167,40,0,40,207
10/20/2008,CGF,OH,AGL,CE,Federal Contract Tower,0,3,21,0,24,0,6,33,0,39,0,9,54,0,63,40,0,40,103
10/21/2008,CGF,OH,AGL,CE,Federal Contract Tower,0,4,32,0,36,0,6,39,0,45,0,10,71,0,81,0,0,0,81
10/22/2008,CGF,OH,AGL,CE,Federal Contract Tower,0,14,37,0,51,0,8,75,0,83,0,22,112,0,134,60,0,60,194
10/23/2008,CGF,OH,AGL,CE,Federal Contract Tower,0,21,50,0,71,0,12,51,0,63,0,33,101,0,134,46,0,46,180
10/24/2008,CGF,OH,AGL,CE,Federal Contract Tower,0,11,27,0,38,0,12,18,1,31,0,23,45,1,69,34,0,34,103
10/25/2008,CGF,OH,AGL,CE,Federal Contract Tower,0,16,9,0,25,0,14,40,0,54,0,30,49,0,79,24,0,24,103
10/26/2008,CGF,OH,AGL,CE,Federal Contract Tower,0,10,27,0,37,0,22,41,0,63,0,32,68,0,100,20,0,20,120
10/27/2008,CGF,OH,AGL,CE,Federal Contract Tower,0,6,20,0,26,0,14,7,0,21,0,20,27,0,47,6,0,6,53
10/28/2008,CGF,OH,AGL,CE,Federal Contract Tower,0,7,27,0,34,0,8,4,0,12,0,15,31,0,46,0,0,0,46
10/29/2008,CGF,OH,AGL,CE,Federal Contract Tower,0,15,33,0,48,0,0,12,0,12,0,15,45,0,60,0,0,0,60
10/30/2008,CGF,OH,AGL,CE,Federal Contract Tower,0,9,43,0,52,0,12,62,0,74,0,21,105,0,126,72,0,72,198
10/31/2008,CGF,OH,AGL,CE,Federal Contract Tower,0,3,23,0,26,0,10,57,0,67,0,13,80,0,93,34,0,34,127
11/01/2008,CGF,OH,AGL,CE,Federal Contract Tower,0,6,21,0,27,0,0,46,0,46,0,6,67,0,73,32,0,32,105
11/02/2008,CGF,OH,AGL,CE,Federal Contract Tower,0,15,19,0,34,0,10,53,0,63,0,25,72,0,97,32,0,32,129
11/03/2008,CGF,OH,AGL,CE,Federal Contract Tower,0,6,27,0,33,0,2,4,0,6,0,8,31,0,39,2,0,2,41
11/04/2008,CGF,OH,AGL,CE,Federal Contract Tower,0,14,31,0,45,0,2,52,0,54,0,16,83,0,99,68,0,68,167
11/05/2008,CGF,OH,AGL,CE,Federal Contract Tower,0,0,0,0,0,0,0,2,0,2,0,0,2,0,2,0,0,0,2
11/06/2008,CGF,OH,AGL,CE,Federal Contract Tower,0,15,44,0,59,0,10,47,0,57,0,25,91,0,116,14,36,50,166
11/07/2008,CGF,OH,AGL,CE,Federal Contract Tower,0,11,41,0,52,0,2,24,0,26,0,13,65,0,78,32,0,32,110
11/08/2008,CGF,OH,AGL,CE,Federal Contract Tower,0,6,11,0,17,0,8,25,0,33,0,14,36,0,50,22,0,22,72
11/09/2008,CGF,OH,AGL,CE,Federal Contract Tower,0,3,8,0,11,0,8,0,0,8,0,11,8,0,19,0,0,0,19
11/10/2008,CGF,OH,AGL,CE,Federal Contract Tower,0,8,26,0,34,0,14,24,0,38,0,22,50,0,72,0,0,0,72
11/11/2008,CGF,OH,AGL,CE,Federal Contract Tower,0,8,21,0,29,0,6,34,0,40,0,14,55,0,69,34,0,34,103
11/12/2008,CGF,OH,AGL,CE,Federal Contract Tower,0,7,36,0,43,0,6,57,0,63,0,13,93,0,106,32,0,32,138
11/13/2008,CGF,OH,AGL,CE,Federal Contract Tower,0,14,39,0,53,0,2,25,0,27,0,16,64,0,80,12,0,12,92
11/14/2008,CGF,OH,AGL,CE,Federal Contract Tower,0,12,34,0,46,0,6,20,0,26,0,18,54,0,72,46,0,46,118
11/15/2008,CGF,OH,AGL,CE,Federal Contract Tower,0,6,18,0,24,0,0,0,0,0,0,6,18,0,24,0,0,0,24
11/16/2008,CGF,OH,AGL,CE,Federal Contract Tower,0,2,22,0,24,0,4,0,0,4,0,6,22,0,28,0,0,0,28
11/17/2008,CGF,OH,AGL,CE,Federal Contract Tower,0,6,27,0,33,0,4,0,0,4,0,10,27,0,37,0,0,0,37
11/18/2008,CGF,OH,AGL,CE,Federal Contract Tower,0,9,26,0,35,0,18,1,0,19,0,27,27,0,54,0,0,0,54
11/19/2008,CGF,OH,AGL,CE,Federal Contract Tower,0,13,23,0,36,0,4,29,0,33,0,17,52,0,69,40,0,40,109
11/20/2008,CGF,OH,AGL,CE,Federal Contract Tower,0,7,23,0,30,0,0,23,0,23,0,7,46,0,53,4,0,4,57
11/21/2008,CGF,OH,AGL,CE,Federal Contract Tower,0,2,12,0,14,0,0,2,0,2,0,2,14,0,16,10,0,10,26
11/22/2008,CGF,OH,AGL,CE,Federal Contract Tower,0,7,12,0,19,0,4,29,0,33,0,11,41,0,52,10,0,10,62
11/23/2008,CGF,OH,AGL,CE,Federal Contract Tower,0,9,15,0,24,0,0,62,0,62,0,9,77,0,86,48,0,48,134
11/24/2008,CGF,OH,AGL,CE,Federal Contract Tower,0,11,10,0,21,0,10,0,0,10,0,21,10,0,31,0,0,0,31
11/25/2008,CGF,OH,AGL,CE,Federal Contract Tower,0,3,14,0,17,0,2,0,0,2,0,5,14,0,19,0,0,0,19
11/26/2008,CGF,OH,AGL,CE,Federal Contract Tower,0,13,19,0,32,0,8,17,4,29,0,21,36,4,61,20,0,20,81
11/27/2008,CGF,OH,AGL,CE,Federal Contract Tower,0,5,5,0,10,0,0,40,0,40,0,5,45,0,50,16,0,16,66
11/28/2008,CGF,OH,AGL,CE,Federal Contract Tower,0,1,5,0,6,0,6,51,0,57,0,7,56,0,63,60,0,60,123
11/29/2008,CGF,OH,AGL,CE,Federal Contract Tower,0,6,18,0,24,0,8,51,0,59,0,14,69,0,83,24,0,24,107
11/30/2008,CGF,OH,AGL,CE,Federal Contract Tower,0,19,15,0,34,0,0,13,0,13,0,19,28,0,47,0,0,0,47
12/01/2008,CGF,OH,AGL,CE,Federal Contract Tower,0,6,29,0,35,0,2,6,0,8,0,8,35,0,43,0,0,0,43
12/02/2008,CGF,OH,AGL,CE,Federal Contract Tower,0,4,22,0,26,0,12,36,0,48,0,16,58,0,74,18,0,18,92
12/03/2008,CGF,OH,AGL,CE,Federal Contract Tower,0,8,25,0,33,0,16,29,0,45,0,24,54,0,78,18,0,18,96
12/04/2008,CGF,OH,AGL,CE,Federal Contract Tower,0,11,26,0,37,0,12,37,0,49,0,23,63,0,86,0,0,0,86
12/05/2008,CGF,OH,AGL,CE,Federal Contract Tower,0,6,15,0,21,0,14,22,0,36,0,20,37,0,57,0,0,0,57
12/06/2008,CGF,OH,AGL,CE,Federal Contract Tower,0,2,27,0,29,0,0,14,0,14,0,2,41,0,43,0,0,0,43
12/07/2008,CGF,OH,AGL,CE,Federal Contract Tower,0,3,12,0,15,0,4,3,0,7,0,7,15,0,22,0,0,0,22
12/08/2008,CGF,OH,AGL,CE,Federal Contract Tower,0,5,31,0,36,0,10,5,0,15,0,15,36,0,51,18,0,18,69
12/09/2008,CGF,OH,AGL,CE,Federal Contract Tower,0,2,22,0,24,0,1,0,0,1,0,3,22,0,25,0,0,0,25
12/10/2008,CGF,OH,AGL,CE,Federal Contract Tower,0,5,22,0,27,0,12,31,0,43,0,17,53,0,70,12,0,12,82
12/11/2008,CGF,OH,AGL,CE,Federal Contract Tower,0,12,15,0,27,0,4,57,0,61,0,16,72,0,88,0,0,0,88
12/12/2008,CGF,OH,AGL,CE,Federal Contract Tower,0,9,11,0,20,0,8,30,0,38,0,17,41,0,58,6,0,6,64
12/13/2008,CGF,OH,AGL,CE,Federal Contract Tower,0,8,9,0,17,0,0,56,0,56,0,8,65,0,73,30,0,30,103
12/14/2008,CGF,OH,AGL,CE,Federal Contract Tower,0,6,11,0,17,0,0,5,0,5,0,6,16,0,22,0,0,0,22
12/15/2008,CGF,OH,AGL,CE,Federal Contract Tower,0,4,13,0,17,0,6,0,0,6,0,10,13,0,23,0,0,0,23
12/16/2008,CGF,OH,AGL,CE,Federal Contract Tower,0,10,24,0,34,0,2,19,0,21,0,12,43,0,55,14,0,14,69
12/17/2008,CGF,OH,AGL,CE,Federal Contract Tower,0,6,18,0,24,0,8,4,0,12,0,14,22,0,36,0,0,0,36
12/18/2008,CGF,OH,AGL,CE,Federal Contract Tower,0,7,21,0,28,0,18,10,0,28,0,25,31,0,56,0,0,0,56
12/19/2008,CGF,OH,AGL,CE,Federal Contract Tower,0,2,9,0,11,0,0,0,0,0,0,2,9,0,11,0,0,0,11
12/20/2008,CGF,OH,AGL,CE,Federal Contract Tower,0,4,16,0,20,0,10,15,0,25,0,14,31,0,45,0,0,0,45
12/21/2008,CGF,OH,AGL,CE,Federal Contract Tower,0,3,3,0,6,0,2,0,0,2,0,5,3,0,8,0,0,0,8
12/22/2008,CGF,OH,AGL,CE,Federal Contract Tower,0,5,6,0,11,0,6,0,0,6,0,11,6,0,17,0,0,0,17
12/23/2008,CGF,OH,AGL,CE,Federal Contract Tower,0,3,10,0,13,0,4,0,0,4,0,7,10,0,17,0,0,0,17
12/24/2008,CGF,OH,AGL,CE,Federal Contract Tower,0,11,4,0,15,0,0,0,0,0,0,11,4,0,15,0,0,0,15
12/25/2008,CGF,OH,AGL,CE,Federal Contract Tower,0,4,0,0,4,0,6,0,0,6,0,10,0,0,10,0,0,0,10
12/26/2008,CGF,OH,AGL,CE,Federal Contract Tower,0,7,12,0,19,0,2,39,0,41,0,9,51,0,60,16,0,16,76
12/27/2008,CGF,OH,AGL,CE,Federal Contract Tower,0,11,9,0,20,0,0,23,0,23,0,11,32,0,43,6,0,6,49
12/28/2008,CGF,OH,AGL,CE,Federal Contract Tower,0,9,8,0,17,0,6,21,0,27,0,15,29,0,44,0,0,0,44
12/29/2008,CGF,OH,AGL,CE,Federal Contract Tower,0,12,12,0,24,0,4,26,0,30,0,16,38,0,54,14,0,14,68
12/30/2008,CGF,OH,AGL,CE,Federal Contract Tower,0,5,8,0,13,0,12,48,0,60,0,17,56,0,73,40,0,40,113
12/31/2008,CGF,OH,AGL,CE,Federal Contract Tower,0,0,4,0,4,0,0,6,0,6,0,0,10,0,10,0,0,0,10
01/01/2009,CGF,OH,AGL,CE,Federal Contract Tower,0,2,2,0,4,0,6,39,0,45,0,8,41,0,49,40,0,40,89
01/02/2009,CGF,OH,AGL,CE,Federal Contract Tower,0,7,6,0,13,0,10,40,0,50,0,17,46,0,63,18,0,18,81
01/03/2009,CGF,OH,AGL,CE,Federal Contract Tower,0,7,14,0,21,0,0,67,0,67,0,7,81,0,88,50,0,50,138
01/04/2009,CGF,OH,AGL,CE,Federal Contract Tower,0,8,12,0,20,0,8,21,0,29,0,16,33,0,49,10,0,10,59
01/05/2009,CGF,OH,AGL,CE,Federal Contract Tower,0,8,20,0,28,0,10,45,0,55,0,18,65,0,83,28,0,28,111
01/06/2009,CGF,OH,AGL,CE,Federal Contract Tower,0,3,12,0,15,0,0,0,0,0,0,3,12,0,15,0,0,0,15
01/07/2009,CGF,OH,AGL,CE,Federal Contract Tower,0,5,13,0,18,0,0,0,0,0,0,5,13,0,18,0,0,0,18
01/08/2009,CGF,OH,AGL,CE,Federal Contract Tower,0,6,6,0,12,0,4,7,0,11,0,10,13,0,23,0,0,0,23
01/09/2009,CGF,OH,AGL,CE,Federal Contract Tower,0,4,19,0,23,0,4,5,0,9,0,8,24,0,32,0,0,0,32
01/10/2009,CGF,OH,AGL,CE,Federal Contract Tower,0,0,8,0,8,0,4,0,0,4,0,4,8,0,12,0,0,0,12
01/11/2009,CGF,OH,AGL,CE,Federal Contract Tower,0,1,10,0,11,0,0,0,0,0,0,1,10,0,11,0,0,0,11
01/12/2009,CGF,OH,AGL,CE,Federal Contract Tower,0,3,19,0,22,0,2,0,0,2,0,5,19,0,24,10,0,10,34
01/13/2009,CGF,OH,AGL,CE,Federal Contract Tower,0,0,14,0,14,0,8,0,0,8,0,8,14,0,22,0,0,0,22
01/14/2009,CGF,OH,AGL,CE,Federal Contract Tower,0,2,20,0,22,0,0,0,0,0,0,2,20,0,22,0,0,0,22
01/15/2009,CGF,OH,AGL,CE,Federal Contract Tower,0,14,30,0,44,0,6,2,0,8,0,20,32,0,52,20,0,20,72
01/16/2009,CGF,OH,AGL,CE,Federal Contract Tower,0,11,19,0,30,0,14,12,0,26,0,25,31,0,56,14,0,14,70
01/17/2009,CGF,OH,AGL,CE,Federal Contract Tower,0,4,3,0,7,0,10,0,0,10,0,14,3,0,17,0,0,0,17
01/18/2009,CGF,OH,AGL,CE,Federal Contract Tower,0,4,5,0,9,0,0,0,0,0,0,4,5,0,9,0,0,0,9
01/19/2009,CGF,OH,AGL,CE,Federal Contract Tower,0,4,15,0,19,0,0,0,0,0,0,4,15,0,19,0,0,0,19
01/20/2009,CGF,OH,AGL,CE,Federal Contract Tower,0,7,18,0,25,0,6,9,0,15,0,13,27,0,40,2,0,2,42
01/21/2009,CGF,OH,AGL,CE,Federal Contract Tower,0,12,26,0,38,0,10,27,0,37,0,22,53,0,75,8,0,8,83
01/22/2009,CGF,OH,AGL,CE,Federal Contract Tower,0,9,31,0,40,0,18,46,4,68,0,27,77,4,108,24,0,24,132
01/23/2009,CGF,OH,AGL,CE,Federal Contract Tower,0,6,27,0,33,0,4,40,0,44,0,10,67,0,77,50,0,50,127
01/24/2009,CGF,OH,AGL,CE,Federal Contract Tower,0,3,13,0,16,0,14,34,0,48,0,17,47,0,64,8,0,8,72
01/25/2009,CGF,OH,AGL,CE,Federal Contract Tower,0,2,16,0,18,0,4,24,0,28,0,6,40,0,46,8,0,8,54
01/26/2009,CGF,OH,AGL,CE,Federal Contract Tower,0,9,12,0,21,0,0,30,0,30,0,9,42,0,51,26,0,26,77
01/27/2009,CGF,OH,AGL,CE,Federal Contract Tower,0,16,36,0,52,0,0,19,0,19,0,16,55,0,71,0,0,0,71
01/28/2009,CGF,OH,AGL,CE,Federal Contract Tower,0,1,15,0,16,0,2,0,0,2,0,3,15,0,18,0,0,0,18
01/29/2009,CGF,OH,AGL,CE,Federal Contract Tower,0,4,19,0,23,0,22,14,0,36,0,26,33,0,59,0,0,0,59
01/30/2009,CGF,OH,AGL,CE,Federal Contract Tower,0,10,9,0,19,0,2,11,0,13,0,12,20,0,32,0,0,0,32
01/31/2009,CGF,OH,AGL,CE,Federal Contract Tower,0,9,10,0,19,0,21,55,0,76,0,30,65,0,95,34,0,34,129
02/01/2009,CGF,OH,AGL,CE,Federal Contract Tower,0,4,13,0,17,0,18,54,0,72,0,22,67,0,89,38,0,38,127
02/02/2009,CGF,OH,AGL,CE,Federal Contract Tower,0,6,24,0,30,0,2,27,0,29,0,8,51,0,59,32,0,32,91
02/03/2009,CGF,OH,AGL,CE,Federal Contract Tower,0,1,11,0,12,0,0,11,0,11,0,1,22,0,23,0,0,0,23
02/04/2009,CGF,OH,AGL,CE,Federal Contract Tower,0,2,17,0,19,0,0,1,0,1,0,2,18,0,20,0,0,0,20
02/05/2009,CGF,OH,AGL,CE,Federal Contract Tower,0,7,26,0,33,0,22,42,0,64,0,29,68,0,97,34,0,34,131
02/06/2009,CGF,OH,AGL,CE,Federal Contract Tower,0,2,22,0,24,0,4,52,0,56,0,6,74,0,80,32,0,32,112
02/07/2009,CGF,OH,AGL,CE,Federal Contract Tower,0,6,17,0,23,0,16,41,0,57,0,22,58,0,80,0,0,0,80
02/08/2009,CGF,OH,AGL,CE,Federal Contract Tower,0,7,15,0,22,0,6,40,0,46,0,13,55,0,68,28,0,28,96
02/09/2009,CGF,OH,AGL,CE,Federal Contract Tower,0,9,20,0,29,0,0,22,0,22,0,9,42,0,51,14,0,14,65
02/10/2009,CGF,OH,AGL,CE,Federal Contract Tower,0,7,29,0,36,0,0,20,0,20,0,7,49,0,56,20,0,20,76
02/11/2009,CGF,OH,AGL,CE,Federal Contract Tower,0,7,11,0,18,0,10,2,0,12,0,17,13,0,30,14,0,14,44
02/12/2009,CGF,OH,AGL,CE,Federal Contract Tower,0,14,18,0,32,0,20,0,0,20,0,34,18,0,52,0,0,0,52
02/13/2009,CGF,OH,AGL,CE,Federal Contract Tower,0,6,14,0,20,0,18,2,0,20,0,24,16,0,40,0,0,0,40
02/14/2009,CGF,OH,AGL,CE,Federal Contract Tower,0,4,4,0,8,0,0,2,0,2,0,4,6,0,10,0,0,0,10
02/15/2009,CGF,OH,AGL,CE,Federal Contract Tower,0,9,9,0,18,0,0,25,0,25,0,9,34,0,43,0,0,0,43
02/16/2009,CGF,OH,AGL,CE,Federal Contract Tower,0,14,20,0,34,0,16,29,0,45,0,30,49,0,79,20,0,20,99
02/17/2009,CGF,OH,AGL,CE,Federal Contract Tower,0,5,19,0,24,0,0,38,0,38,0,5,57,0,62,30,0,30,92
02/18/2009,CGF,OH,AGL,CE,Federal Contract Tower,0,6,12,0,18,0,0,0,0,0,0,6,12,0,18,0,0,0,18
02/19/2009,CGF,OH,AGL,CE,Federal Contract Tower,0,1,13,0,14,0,0,0,0,0,0,1,13,0,14,0,0,0,14
02/20/2009,CGF,OH,AGL,CE,Federal Contract Tower,0,3,16,0,19,0,12,11,0,23,0,15,27,0,42,0,0,0,42
02/21/2009,CGF,OH,AGL,CE,Federal Contract Tower,0,8,6,0,14,0,20,36,0,56,0,28,42,0,70,10,0,10,80
02/22/2009,CGF,OH,AGL,CE,Federal Contract Tower,0,9,6,0,15,0,0,0,0,0,0,9,6,0,15,0,0,0,15
02/23/2009,CGF,OH,AGL,CE,Federal Contract Tower,0,2,10,0,12,0,6,22,0,28,0,8,32,0,40,0,0,0,40
02/24/2009,CGF,OH,AGL,CE,Federal Contract Tower,0,4,26,0,30,0,4,71,0,75,0,8,97,0,105,42,0,42,147
02/25/2009,CGF,OH,AGL,CE,Federal Contract Tower,0,7,34,0,41,0,2,58,0,60,0,9,92,0,101,72,0,72,173
02/26/2009,CGF,OH,AGL,CE,Federal Contract Tower,0,5,17,0,22,0,0,12,0,12,0,5,29,0,34,0,0,0,34
02/27/2009,CGF,OH,AGL,CE,Federal Contract Tower,0,13,18,0,31,0,12,0,0,12,0,25,18,0,43,0,0,0,43
02/28/2009,CGF,OH,AGL,CE,Federal Contract Tower,0,7,5,0,12,0,14,64,0,78,0,21,69,0,90,84,0,84,174
03/01/2009,CGF,OH,AGL,CE,Federal Contract Tower,0,8,3,0,11,0,6,29,0,35,0,14,32,0,46,28,0,28,74
03/02/2009,CGF,OH,AGL,CE,Federal Contract Tower,0,4,20,0,24,0,10,27,0,37,0,14,47,0,61,28,0,28,89
03/03/2009,CGF,OH,AGL,CE,Federal Contract Tower,0,9,25,0,34,0,12,49,0,61,0,21,74,0,95,42,0,42,137
03/04/2009,CGF,OH,AGL,CE,Federal Contract Tower,0,5,36,0,41,0,0,45,0,45,0,5,81,0,86,18,0,18,104
03/05/2009,CGF,OH,AGL,CE,Federal Contract Tower,0,8,19,0,27,0,0,45,0,45,0,8,64,0,72,26,0,26,98
03/06/2009,CGF,OH,AGL,CE,Federal Contract Tower,0,13,13,0,26,0,10,31,0,41,0,23,44,0,67,6,0,6,73
03/07/2009,CGF,OH,AGL,CE,Federal Contract Tower,0,5,12,0,17,0,10,22,0,32,0,15,34,0,49,36,0,36,85
03/08/2009,CGF,OH,AGL,CE,Federal Contract Tower,0,5,8,0,13,0,6,2,0,8,0,11,10,0,21,4,0,4,25
03/09/2009,CGF,OH,AGL,CE,Federal Contract Tower,0,2,13,0,15,0,6,26,0,32,0,8,39,0,47,26,0,26,73
03/10/2009,CGF,OH,AGL,CE,Federal Contract Tower,0,5,11,0,16,0,11,9,0,20,0,16,20,0,36,0,0,0,36
03/11/2009,CGF,OH,AGL,CE,Federal Contract Tower,0,3,21,0,24,0,11,22,0,33,0,14,43,0,57,0,0,0,57
03/12/2009,CGF,OH,AGL,CE,Federal Contract Tower,0,11,19,0,30,0,22,51,0,73,0,33,70,0,103,34,0,34,137
03/13/2009,CGF,OH,AGL,CE,Federal Contract Tower,0,4,18,0,22,0,0,65,0,65,0,4,83,0,87,54,0,54,141
03/14/2009,CGF,OH,AGL,CE,Federal Contract Tower,0,5,24,0,29,0,8,51,0,59,0,13,75,0,88,42,0,42,130
03/15/2009,CGF,OH,AGL,CE,Federal Contract Tower,0,2,8,0,10,0,0,59,0,59,0,2,67,0,69,34,0,34,103
03/16/2009,CGF,OH,AGL,CE,Federal Contract Tower,0,0,13,0,13,0,16,37,0,53,0,16,50,0,66,40,0,40,106
03/17/2009,CGF,OH,AGL,CE,Federal Contract Tower,0,4,5,0,9,0,4,49,0,53,0,8,54,0,62,46,0,46,108
03/18/2009,CGF,OH,AGL,CE,Federal Contract Tower,0,4,32,0,36,0,0,22,2,24,0,4,54,2,60,12,0,12,72
03/19/2009,CGF,OH,AGL,CE,Federal Contract Tower,0,5,19,0,24,0,12,54,0,66,0,17,73,0,90,28,0,28,118
03/20/2009,CGF,OH,AGL,CE,Federal Contract Tower,0,6,19,0,25,0,0,52,0,52,0,6,71,0,77,30,0,30,107
03/21/2009,CGF,OH,AGL,CE,Federal Contract Tower,0,11,10,0,21,0,12,72,4,88,0,23,82,4,109,52,0,52,161
03/22/2009,CGF,OH,AGL,CE,Federal Contract Tower,0,4,16,0,20,0,22,73,0,95,0,26,89,0,115,60,0,60,175
03/23/2009,CGF,OH,AGL,CE,Federal Contract Tower,0,7,21,0,28,0,24,72,0,96,0,31,93,0,124,44,0,44,168
03/24/2009,CGF,OH,AGL,CE,Federal Contract Tower,0,7,26,0,33,0,2,29,0,31,0,9,55,0,64,16,0,16,80
03/25/2009,CGF,OH,AGL,CE,Federal Contract Tower,0,7,20,0,27,0,10,10,0,20,0,17,30,0,47,0,0,0,47
03/26/2009,CGF,OH,AGL,CE,Federal Contract Tower,0,11,15,0,26,0,0,4,0,4,0,11,19,0,30,2,0,2,32
03/27/2009,CGF,OH,AGL,CE,Federal Contract Tower,0,8,20,0,28,0,0,42,0,42,0,8,62,0,70,34,0,34,104
03/28/2009,CGF,OH,AGL,CE,Federal Contract Tower,0,5,25,0,30,0,8,36,0,44,0,13,61,0,74,26,0,26,100
03/29/2009,CGF,OH,AGL,CE,Federal Contract Tower,0,5,9,0,14,0,2,10,0,12,0,7,19,0,26,0,0,0,26
03/30/2009,CGF,OH,AGL,CE,Federal Contract Tower,0,6,17,0,23,0,10,32,0,42,0,16,49,0,65,24,0,24,89
03/31/2009,CGF,OH,AGL,CE,Federal Contract Tower,0,4,18,0,22,0,8,47,0,55,0,12,65,0,77,22,0,22,99
04/01/2009,CGF,OH,AGL,CE,Federal Contract Tower,0,9,17,0,26,0,12,54,0,66,0,21,71,0,92,34,0,34,126
04/02/2009,CGF,OH,AGL,CE,Federal Contract Tower,0,0,18,0,18,0,10,60,0,70,0,10,78,0,88,38,0,38,126
04/03/2009,CGF,OH,AGL,CE,Federal Contract Tower,0,5,18,0,23,0,4,4,0,8,0,9,22,0,31,0,0,0,31
04/04/2009,CGF,OH,AGL,CE,Federal Contract Tower,0,5,10,0,15,0,6,23,0,29,0,11,33,0,44,0,0,0,44
04/05/2009,CGF,OH,AGL,CE,Federal Contract Tower,0,7,20,0,27,0,20,75,0,95,0,27,95,0,122,56,0,56,178
04/06/2009,CGF,OH,AGL,CE,Federal Contract Tower,0,2,10,0,12,0,0,0,0,0,0,2,10,0,12,0,0,0,12
04/07/2009,CGF,OH,AGL,CE,Federal Contract Tower,0,2,11,0,13,0,6,0,0,6,0,8,11,0,19,0,0,0,19
04/08/2009,CGF,OH,AGL,CE,Federal Contract Tower,0,8,28,0,36,0,6,46,0,52,0,14,74,0,88,36,0,36,124
04/09/2009,CGF,OH,AGL,CE,Federal Contract Tower,0,10,33,0,43,0,12,60,0,72,0,22,93,0,115,58,0,58,173
04/10/2009,CGF,OH,AGL,CE,Federal Contract Tower,0,10,10,0,20,0,0,24,0,24,0,10,34,0,44,10,0,10,54
04/11/2009,CGF,OH,AGL,CE,Federal Contract Tower,0,2,13,0,15,0,10,56,0,66,0,12,69,0,81,46,0,46,127
04/12/2009,CGF,OH,AGL,CE,Federal Contract Tower,0,8,7,0,15,0,4,42,0,46,0,12,49,0,61,24,0,24,85
04/13/2009,CGF,OH,AGL,CE,Federal Contract Tower,0,5,17,0,22,0,8,48,0,56,0,13,65,0,78,20,0,20,98
04/14/2009,CGF,OH,AGL,CE,Federal Contract Tower,0,7,21,0,28,0,14,24,0,38,0,21,45,0,66,24,0,24,90
04/15/2009,CGF,OH,AGL,CE,Federal Contract Tower,0,5,27,0,32,0,0,7,0,7,0,5,34,0,39,6,0,6,45
04/16/2009,CGF,OH,AGL,CE,Federal Contract Tower,0,7,23,0,30,0,6,66,0,72,0,13,89,0,102,56,0,56,158
04/17/2009,CGF,OH,AGL,CE,Federal Contract Tower,0,7,20,0,27,0,14,62,0,76,0,21,82,0,103,56,0,56,159
04/18/2009,CGF,OH,AGL,CE,Federal Contract Tower,0,4,20,0,24,0,5,71,0,76,0,9,91,0,100,22,0,22,122
04/19/2009,CGF,OH,AGL,CE,Federal Contract Tower,0,18,16,0,34,0,4,33,0,37,0,22,49,0,71,26,0,26,97
04/20/2009,CGF,OH,AGL,CE,Federal Contract Tower,0,3,12,0,15,0,0,0,0,0,0,3,12,0,15,0,0,0,15
04/21/2009,CGF,OH,AGL,CE,Federal Contract Tower,0,12,21,0,33,0,14,13,0,27,0,26,34,0,60,0,0,0,60
04/22/2009,CGF,OH,AGL,CE,Federal Contract Tower,0,9,34,0,43,0,18,29,0,47,0,27,63,0,90,10,0,10,100
04/23/2009,CGF,OH,AGL,CE,Federal Contract Tower,0,9,34,0,43,0,4,56,0,60,0,13,90,0,103,46,0,46,149
04/24/2009,CGF,OH,AGL,CE,Federal Contract Tower,0,3,24,0,27,0,6,34,0,40,0,9,58,0,67,28,0,28,95
04/25/2009,CGF,OH,AGL,CE,Federal Contract Tower,0,4,11,0,15,0,16,38,0,54,0,20,49,0,69,0,0,0,69
04/26/2009,CGF,OH,AGL,CE,Federal Contract Tower,0,12,19,0,31,0,16,44,0,60,0,28,63,0,91,14,0,14,105
04/27/2009,CGF,OH,AGL,CE,Federal Contract Tower,0,7,21,0,28,0,0,32,0,32,0,7,53,0,60,10,0,10,70
04/28/2009,CGF,OH,AGL,CE,Federal Contract Tower,0,6,34,0,40,0,0,0,0,0,0,6,34,0,40,0,0,0,40
04/29/2009,CGF,OH,AGL,CE,Federal Contract Tower,0,0,0,0,0,0,0,0,0,0,0,0,0,0,0,0,0,0,0
04/30/2009,CGF,OH,AGL,CE,Federal Contract Tower,0,5,33,0,38,0,0,19,0,19,0,5,52,0,57,22,0,22,79
05/01/2009,CGF,OH,AGL,CE,Federal Contract Tower,0,4,17,0,21,0,0,32,0,32,0,4,49,0,53,30,0,30,83
05/02/2009,CGF,OH,AGL,CE,Federal Contract Tower,0,2,6,0,8,0,0,62,0,62,0,2,68,0,70,52,0,52,122
05/03/2009,CGF,OH,AGL,CE,Federal Contract Tower,0,6,13,0,19,0,11,79,0,90,0,17,92,0,109,26,0,26,135
05/04/2009,CGF,OH,AGL,CE,Federal Contract Tower,0,6,17,0,23,0,20,42,0,62,0,26,59,0,85,22,0,22,107
05/05/2009,CGF,OH,AGL,CE,Federal Contract Tower,0,13,27,0,40,0,0,65,1,66,0,13,92,1,106,40,0,40,146
05/06/2009,CGF,OH,AGL,CE,Federal Contract Tower,0,13,19,0,32,0,4,19,1,24,0,17,38,1,56,10,0,10,66
05/07/2009,CGF,OH,AGL,CE,Federal Contract Tower,0,7,27,0,34,0,8,36,2,46,0,15,63,2,80,36,0,36,116
05/08/2009,CGF,OH,AGL,CE,Federal Contract Tower,0,10,22,0,32,0,0,55,0,55,0,10,77,0,87,32,0,32,119
05/09/2009,CGF,OH,AGL,CE,Federal Contract Tower,0,6,12,0,18,0,0,16,0,16,0,6,28,0,34,4,0,4,38
05/10/2009,CGF,OH,AGL,CE,Federal Contract Tower,0,13,18,0,31,0,2,33,0,35,0,15,51,0,66,16,0,16,82
05/11/2009,CGF,OH,AGL,CE,Federal Contract Tower,0,1,17,0,18,0,8,50,0,58,0,9,67,0,76,48,0,48,124
05/12/2009,CGF,OH,AGL,CE,Federal Contract Tower,0,5,29,0,34,0,18,37,0,55,0,23,66,0,89,68,0,68,157
05/13/2009,CGF,OH,AGL,CE,Federal Contract Tower,0,12,22,0,34,0,0,56,0,56,0,12,78,0,90,28,0,28,118
05/14/2009,CGF,OH,AGL,CE,Federal Contract Tower,0,5,16,0,21,0,0,56,0,56,0,5,72,0,77,60,0,60,137
05/15/2009,CGF,OH,AGL,CE,Federal Contract Tower,0,6,27,0,33,0,0,56,0,56,0,6,83,0,89,68,0,68,157
05/16/2009,CGF,OH,AGL,CE,Federal Contract Tower,0,7,8,2,17,0,0,26,0,26,0,7,34,2,43,22,0,22,65
05/17/2009,CGF,OH,AGL,CE,Federal Contract Tower,0,9,25,0,34,0,0,55,0,55,0,9,80,0,89,42,0,42,131
05/18/2009,CGF,OH,AGL,CE,Federal Contract Tower,0,8,24,0,32,0,10,44,0,54,0,18,68,0,86,24,0,24,110
05/19/2009,CGF,OH,AGL,CE,Federal Contract Tower,0,11,20,0,31,0,16,47,0,63,0,27,67,0,94,34,0,34,128
05/20/2009,CGF,OH,AGL,CE,Federal Contract Tower,0,13,36,0,49,0,0,69,0,69,0,13,105,0,118,72,0,72,190
05/21/2009,CGF,OH,AGL,CE,Federal Contract Tower,0,8,18,0,26,0,3,58,4,65,0,11,76,4,91,34,0,34,125
05/22/2009,CGF,OH,AGL,CE,Federal Contract Tower,0,7,16,0,23,0,12,77,0,89,0,19,93,0,112,38,0,38,150
05/23/2009,CGF,OH,AGL,CE,Federal Contract Tower,0,11,9,0,20,0,0,68,0,68,0,11,77,0,88,44,0,44,132
05/24/2009,CGF,OH,AGL,CE,Federal Contract Tower,0,16,11,0,27,0,0,52,0,52,0,16,63,0,79,48,0,48,127
05/25/2009,CGF,OH,AGL,CE,Federal Contract Tower,0,13,8,0,21,0,1,42,0,43,0,14,50,0,64,52,0,52,116
05/26/2009,CGF,OH,AGL,CE,Federal Contract Tower,0,6,14,0,20,0,8,38,0,46,0,14,52,0,66,24,0,24,90
05/27/2009,CGF,OH,AGL,CE,Federal Contract Tower,0,3,17,0,20,0,4,30,0,34,0,7,47,0,54,26,0,26,80
05/28/2009,CGF,OH,AGL,CE,Federal Contract Tower,0,8,25,0,33,0,4,27,0,31,0,12,52,0,64,0,0,0,64
05/29/2009,CGF,OH,AGL,CE,Federal Contract Tower,0,7,25,0,32,0,0,32,0,32,0,7,57,0,64,46,0,46,110
05/30/2009,CGF,OH,AGL,CE,Federal Contract Tower,0,3,20,0,23,0,0,55,0,55,0,3,75,0,78,56,0,56,134
05/31/2009,CGF,OH,AGL,CE,Federal Contract Tower,0,4,17,0,21,0,0,65,0,65,0,4,82,0,86,42,0,42,128
06/01/2009,CGF,OH,AGL,CE,Federal Contract Tower,0,9,19,0,28,0,0,46,0,46,0,9,65,0,74,24,0,24,98
06/02/2009,CGF,OH,AGL,CE,Federal Contract Tower,0,15,18,0,33,0,0,12,8,20,0,15,30,8,53,0,0,0,53
06/03/2009,CGF,OH,AGL,CE,Federal Contract Tower,0,8,23,0,31,0,0,5,0,5,0,8,28,0,36,0,0,0,36
06/04/2009,CGF,OH,AGL,CE,Federal Contract Tower,0,12,13,0,25,0,2,61,0,63,0,14,74,0,88,60,0,60,148
06/05/2009,CGF,OH,AGL,CE,Federal Contract Tower,0,11,23,0,34,0,6,85,0,91,0,17,108,0,125,50,0,50,175
06/06/2009,CGF,OH,AGL,CE,Federal Contract Tower,0,10,12,0,22,0,4,90,0,94,0,14,102,0,116,44,0,44,160
06/07/2009,CGF,OH,AGL,CE,Federal Contract Tower,0,14,31,0,45,0,2,63,0,65,0,16,94,0,110,50,0,50,160
06/08/2009,CGF,OH,AGL,CE,Federal Contract Tower,0,0,0,0,0,0,0,0,0,0,0,0,0,0,0,0,0,0,0
06/09/2009,CGF,OH,AGL,CE,Federal Contract Tower,0,0,0,0,0,0,0,1,0,1,0,0,1,0,1,0,0,0,1
06/10/2009,CGF,OH,AGL,CE,Federal Contract Tower,0,7,27,0,34,0,4,79,0,83,0,11,106,0,117,32,0,32,149
06/11/2009,CGF,OH,AGL,CE,Federal Contract Tower,0,6,30,0,36,0,2,5,0,7,0,8,35,0,43,0,0,0,43
06/12/2009,CGF,OH,AGL,CE,Federal Contract Tower,0,1,35,0,36,0,2,38,0,40,0,3,73,0,76,36,0,36,112
06/13/2009,CGF,OH,AGL,CE,Federal Contract Tower,0,2,14,0,16,0,5,60,0,65,0,7,74,0,81,56,0,56,137
06/14/2009,CGF,OH,AGL,CE,Federal Contract Tower,0,5,31,0,36,0,0,78,0,78,0,5,109,0,114,52,0,52,166
06/15/2009,CGF,OH,AGL,CE,Federal Contract Tower,0,5,33,0,38,0,0,38,0,38,0,5,71,0,76,90,0,90,166
06/16/2009,CGF,OH,AGL,CE,Federal Contract Tower,0,6,19,0,25,0,0,43,0,43,0,6,62,0,68,32,0,32,100
06/17/2009,CGF,OH,AGL,CE,Federal Contract Tower,0,12,26,0,38,0,2,10,0,12,0,14,36,0,50,0,0,0,50
06/18/2009,CGF,OH,AGL,CE,Federal Contract Tower,0,8,30,0,38,0,12,17,0,29,0,20,47,0,67,6,0,6,73
06/19/2009,CGF,OH,AGL,CE,Federal Contract Tower,0,6,19,0,25,0,4,30,0,34,0,10,49,0,59,10,0,10,69
06/20/2009,CGF,OH,AGL,CE,Federal Contract Tower,0,7,11,0,18,0,0,32,0,32,0,7,43,0,50,18,0,18,68
06/21/2009,CGF,OH,AGL,CE,Federal Contract Tower,0,12,18,0,30,0,10,59,0,69,0,22,77,0,99,24,0,24,123
06/22/2009,CGF,OH,AGL,CE,Federal Contract Tower,0,15,36,0,51,0,0,49,0,49,0,15,85,0,100,28,0,28,128
06/23/2009,CGF,OH,AGL,CE,Federal Contract Tower,0,12,30,0,42,0,0,46,0,46,0,12,76,0,88,54,0,54,142
06/24/2009,CGF,OH,AGL,CE,Federal Contract Tower,0,10,16,0,26,0,0,71,0,71,0,10,87,0,97,44,0,44,141
06/25/2009,CGF,OH,AGL,CE,Federal Contract Tower,0,5,27,0,32,0,0,41,0,41,0,5,68,0,73,30,0,30,103
06/26/2009,CGF,OH,AGL,CE,Federal Contract Tower,0,5,34,0,39,0,6,35,0,41,0,11,69,0,80,20,0,20,100
06/27/2009,CGF,OH,AGL,CE,Federal Contract Tower,0,3,13,0,16,0,6,79,0,85,0,9,92,0,101,56,0,56,157
06/28/2009,CGF,OH,AGL,CE,Federal Contract Tower,0,6,11,0,17,0,0,31,0,31,0,6,42,0,48,62,0,62,110
06/29/2009,CGF,OH,AGL,CE,Federal Contract Tower,0,4,37,0,41,0,0,66,0,66,0,4,103,0,107,52,0,52,159
06/30/2009,CGF,OH,AGL,CE,Federal Contract Tower,0,2,17,0,19,0,0,4,0,4,0,2,21,0,23,0,0,0,23
07/01/2009,CGF,OH,AGL,CE,Federal Contract Tower,0,10,26,0,36,0,10,44,0,54,0,20,70,0,90,12,0,12,102
07/02/2009,CGF,OH,AGL,CE,Federal Contract Tower,0,7,13,0,20,0,0,10,0,10,0,7,23,0,30,0,0,0,30
07/03/2009,CGF,OH,AGL,CE,Federal Contract Tower,0,10,19,0,29,0,2,23,0,25,0,12,42,0,54,38,0,38,92
07/04/2009,CGF,OH,AGL,CE,Federal Contract Tower,0,5,1,0,6,0,2,51,0,53,0,7,52,0,59,22,0,22,81
07/05/2009,CGF,OH,AGL,CE,Federal Contract Tower,0,17,5,0,22,0,2,59,0,61,0,19,64,0,83,46,0,46,129
07/06/2009,CGF,OH,AGL,CE,Federal Contract Tower,0,8,25,0,33,0,0,34,0,34,0,8,59,0,67,18,0,18,85
07/07/2009,CGF,OH,AGL,CE,Federal Contract Tower,0,5,18,0,23,0,0,40,0,40,0,5,58,0,63,38,0,38,101
07/08/2009,CGF,OH,AGL,CE,Federal Contract Tower,0,6,16,0,22,0,6,59,0,65,0,12,75,0,87,32,0,32,119
07/09/2009,CGF,OH,AGL,CE,Federal Contract Tower,0,3,29,0,32,0,0,68,0,68,0,3,97,0,100,40,0,40,140
07/10/2009,CGF,OH,AGL,CE,Federal Contract Tower,0,10,18,0,28,0,6,50,0,56,0,16,68,0,84,36,0,36,120
07/11/2009,CGF,OH,AGL,CE,Federal Contract Tower,0,8,11,0,19,0,10,12,0,22,0,18,23,0,41,32,0,32,73
07/12/2009,CGF,OH,AGL,CE,Federal Contract Tower,0,2,13,0,15,0,2,71,0,73,0,4,84,0,88,22,0,22,110
07/13/2009,CGF,OH,AGL,CE,Federal Contract Tower,0,7,14,0,21,0,2,51,0,53,0,9,65,0,74,22,0,22,96
07/14/2009,CGF,OH,AGL,CE,Federal Contract Tower,0,4,24,0,28,0,0,58,0,58,0,4,82,0,86,62,0,62,148
07/15/2009,CGF,OH,AGL,CE,Federal Contract Tower,0,4,15,0,19,0,4,60,0,64,0,8,75,0,83,44,0,44,127
07/16/2009,CGF,OH,AGL,CE,Federal Contract Tower,0,3,33,0,36,0,14,54,0,68,0,17,87,0,104,26,0,26,130
07/17/2009,CGF,OH,AGL,CE,Federal Contract Tower,0,6,18,0,24,0,0,38,0,38,0,6,56,0,62,40,0,40,102
07/18/2009,CGF,OH,AGL,CE,Federal Contract Tower,0,8,15,0,23,0,6,53,0,59,0,14,68,0,82,34,0,34,116
07/19/2009,CGF,OH,AGL,CE,Federal Contract Tower,0,10,17,0,27,0,7,65,0,72,0,17,82,0,99,38,0,38,137
07/20/2009,CGF,OH,AGL,CE,Federal Contract Tower,0,14,16,0,30,0,0,44,0,44,0,14,60,0,74,38,0,38,112
07/21/2009,CGF,OH,AGL,CE,Federal Contract Tower,0,12,23,0,35,0,0,31,0,31,0,12,54,0,66,20,0,20,86
07/22/2009,CGF,OH,AGL,CE,Federal Contract Tower,0,13,36,0,49,0,4,40,0,44,0,17,76,0,93,54,0,54,147
07/23/2009,CGF,OH,AGL,CE,Federal Contract Tower,0,11,36,0,47,0,2,2,0,4,0,13,38,0,51,0,0,0,51
07/24/2009,CGF,OH,AGL,CE,Federal Contract Tower,0,14,25,0,39,0,4,49,0,53,0,18,74,0,92,32,0,32,124
07/25/2009,CGF,OH,AGL,CE,Federal Contract Tower,0,6,11,0,17,0,2,17,0,19,0,8,28,0,36,20,0,20,56
07/26/2009,CGF,OH,AGL,CE,Federal Contract Tower,0,11,16,0,27,0,0,59,0,59,0,11,75,0,86,34,0,34,120
07/27/2009,CGF,OH,AGL,CE,Federal Contract Tower,0,4,22,0,26,0,0,59,0,59,0,4,81,0,85,50,0,50,135
07/28/2009,CGF,OH,AGL,CE,Federal Contract Tower,0,10,26,0,36,0,0,45,0,45,0,10,71,0,81,34,0,34,115
07/29/2009,CGF,OH,AGL,CE,Federal Contract Tower,0,9,26,0,35,0,0,25,0,25,0,9,51,0,60,0,0,0,60
07/30/2009,CGF,OH,AGL,CE,Federal Contract Tower,0,5,21,0,26,0,0,40,0,40,0,5,61,0,66,44,0,44,110
07/31/2009,CGF,OH,AGL,CE,Federal Contract Tower,0,6,22,0,28,0,0,43,0,43,0,6,65,0,71,32,0,32,103
08/01/2009,CGF,OH,AGL,CE,Federal Contract Tower,0,10,17,0,27,0,0,65,0,65,0,10,82,0,92,44,0,44,136
08/02/2009,CGF,OH,AGL,CE,Federal Contract Tower,0,6,26,0,32,0,2,59,0,61,0,8,85,0,93,26,0,26,119
08/03/2009,CGF,OH,AGL,CE,Federal Contract Tower,0,6,23,0,29,0,0,40,0,40,0,6,63,0,69,50,0,50,119
08/04/2009,CGF,OH,AGL,CE,Federal Contract Tower,0,9,17,0,26,0,0,24,0,24,0,9,41,0,50,80,0,80,130
08/05/2009,CGF,OH,AGL,CE,Federal Contract Tower,0,5,22,0,27,0,0,61,0,61,0,5,83,0,88,62,0,62,150
08/06/2009,CGF,OH,AGL,CE,Federal Contract Tower,0,10,28,0,38,0,0,57,0,57,0,10,85,0,95,64,0,64,159
08/07/2009,CGF,OH,AGL,CE,Federal Contract Tower,0,11,28,0,39,0,0,63,0,63,0,11,91,0,102,42,0,42,144
08/08/2009,CGF,OH,AGL,CE,Federal Contract Tower,0,5,10,0,15,0,2,28,0,30,0,7,38,0,45,46,0,46,91
08/09/2009,CGF,OH,AGL,CE,Federal Contract Tower,0,5,13,0,18,0,1,36,0,37,0,6,49,0,55,34,0,34,89
08/10/2009,CGF,OH,AGL,CE,Federal Contract Tower,0,3,17,0,20,0,0,39,0,39,0,3,56,0,59,26,0,26,85
08/11/2009,CGF,OH,AGL,CE,Federal Contract Tower,0,4,28,0,32,0,2,53,0,55,0,6,81,0,87,32,0,32,119
08/12/2009,CGF,OH,AGL,CE,Federal Contract Tower,0,15,20,0,35,0,0,47,0,47,0,15,67,0,82,70,0,70,152
08/13/2009,CGF,OH,AGL,CE,Federal Contract Tower,0,16,20,0,36,0,0,47,0,47,0,16,67,0,83,44,0,44,127
08/14/2009,CGF,OH,AGL,CE,Federal Contract Tower,0,10,22,0,32,0,0,45,0,45,0,10,67,0,77,72,0,72,149
08/15/2009,CGF,OH,AGL,CE,Federal Contract Tower,0,9,11,0,20,0,2,61,0,63,0,11,72,0,83,52,0,52,135
08/16/2009,CGF,OH,AGL,CE,Federal Contract Tower,0,12,10,0,22,0,0,56,0,56,0,12,66,0,78,30,0,30,108
08/17/2009,CGF,OH,AGL,CE,Federal Contract Tower,0,15,23,0,38,0,2,25,0,27,0,17,48,0,65,32,0,32,97
08/18/2009,CGF,OH,AGL,CE,Federal Contract Tower,0,7,9,0,16,0,1,38,0,39,0,8,47,0,55,56,0,56,111
08/19/2009,CGF,OH,AGL,CE,Federal Contract Tower,0,10,16,0,26,0,0,57,0,57,0,10,73,0,83,96,0,96,179
08/20/2009,CGF,OH,AGL,CE,Federal Contract Tower,0,10,21,0,31,0,0,29,0,29,0,10,50,0,60,20,0,20,80
08/21/2009,CGF,OH,AGL,CE,Federal Contract Tower,0,19,18,0,37,0,0,30,0,30,0,19,48,0,67,14,0,14,81
08/22/2009,CGF,OH,AGL,CE,Federal Contract Tower,0,15,21,0,36,0,0,23,0,23,0,15,44,0,59,16,0,16,75
08/23/2009,CGF,OH,AGL,CE,Federal Contract Tower,0,7,19,0,26,0,0,18,0,18,0,7,37,0,44,6,0,6,50
08/24/2009,CGF,OH,AGL,CE,Federal Contract Tower,0,8,20,0,28,0,3,58,0,61,0,11,78,0,89,64,0,64,153
08/25/2009,CGF,OH,AGL,CE,Federal Contract Tower,0,11,26,0,37,0,0,58,0,58,0,11,84,0,95,78,0,78,173
08/26/2009,CGF,OH,AGL,CE,Federal Contract Tower,0,8,31,0,39,0,0,26,0,26,0,8,57,0,65,16,0,16,81
08/27/2009,CGF,OH,AGL,CE,Federal Contract Tower,0,7,31,0,38,0,0,29,0,29,0,7,60,0,67,0,0,0,67
08/28/2009,CGF,OH,AGL,CE,Federal Contract Tower,0,7,18,0,25,0,0,8,0,8,0,7,26,0,33,0,0,0,33
08/29/2009,CGF,OH,AGL,CE,Federal Contract Tower,0,2,17,0,19,0,0,30,0,30,0,2,47,0,49,26,0,26,75
08/30/2009,CGF,OH,AGL,CE,Federal Contract Tower,0,6,20,0,26,0,0,32,0,32,0,6,52,0,58,32,0,32,90
08/31/2009,CGF,OH,AGL,CE,Federal Contract Tower,0,6,17,0,23,0,4,80,0,84,0,10,97,0,107,56,0,56,163
09/01/2009,CGF,OH,AGL,CE,Federal Contract Tower,0,12,29,0,41,0,0,72,0,72,0,12,101,0,113,44,0,44,157
09/02/2009,CGF,OH,AGL,CE,Federal Contract Tower,0,14,28,0,42,0,0,78,0,78,0,14,106,0,120,86,0,86,206
09/03/2009,CGF,OH,AGL,CE,Federal Contract Tower,0,11,31,0,42,0,0,76,0,76,0,11,107,0,118,78,0,78,196
09/04/2009,CGF,OH,AGL,CE,Federal Contract Tower,0,7,32,0,39,0,1,68,0,69,0,8,100,0,108,64,4,68,176
09/05/2009,CGF,OH,AGL,CE,Federal Contract Tower,0,9,26,0,35,0,4,56,0,60,0,13,82,0,95,38,0,38,133
09/06/2009,CGF,OH,AGL,CE,Federal Contract Tower,0,7,23,0,30,0,2,58,0,60,0,9,81,0,90,16,0,16,106
09/07/2009,CGF,OH,AGL,CE,Federal Contract Tower,0,10,31,0,41,0,4,25,0,29,0,14,56,0,70,26,0,26,96
09/08/2009,CGF,OH,AGL,CE,Federal Contract Tower,0,8,27,0,35,0,0,46,0,46,0,8,73,0,81,52,0,52,133
09/09/2009,CGF,OH,AGL,CE,Federal Contract Tower,0,5,14,1,20,0,0,41,0,41,0,5,55,1,61,64,0,64,125
09/10/2009,CGF,OH,AGL,CE,Federal Contract Tower,0,4,35,0,39,0,0,67,0,67,0,4,102,0,106,86,0,86,192
09/11/2009,CGF,OH,AGL,CE,Federal Contract Tower,0,11,36,0,47,0,0,55,0,55,0,11,91,0,102,64,0,64,166
09/12/2009,CGF,OH,AGL,CE,Federal Contract Tower,0,6,25,0,31,0,0,41,0,41,0,6,66,0,72,14,0,14,86
09/13/2009,CGF,OH,AGL,CE,Federal Contract Tower,0,7,17,0,24,0,0,38,0,38,0,7,55,0,62,36,0,36,98
09/14/2009,CGF,OH,AGL,CE,Federal Contract Tower,0,8,46,0,54,0,0,32,0,32,0,8,78,0,86,42,0,42,128
09/15/2009,CGF,OH,AGL,CE,Federal Contract Tower,0,7,34,0,41,0,4,49,0,53,0,11,83,0,94,78,0,78,172
09/16/2009,CGF,OH,AGL,CE,Federal Contract Tower,0,6,34,0,40,0,8,71,0,79,0,14,105,0,119,48,0,48,167
09/17/2009,CGF,OH,AGL,CE,Federal Contract Tower,0,13,28,0,41,0,0,72,0,72,0,13,100,0,113,52,0,52,165
09/18/2009,CGF,OH,AGL,CE,Federal Contract Tower,0,12,35,0,47,0,0,62,0,62,0,12,97,0,109,42,0,42,151
09/19/2009,CGF,OH,AGL,CE,Federal Contract Tower,0,6,13,0,19,0,2,86,0,88,0,8,99,0,107,82,0,82,189
09/20/2009,CGF,OH,AGL,CE,Federal Contract Tower,0,11,19,0,30,0,0,39,0,39,0,11,58,0,69,24,0,24,93
09/21/2009,CGF,OH,AGL,CE,Federal Contract Tower,0,7,24,0,31,0,0,2,0,2,0,7,26,0,33,18,0,18,51
09/22/2009,CGF,OH,AGL,CE,Federal Contract Tower,0,10,27,0,37,0,0,29,0,29,0,10,56,0,66,50,0,50,116
09/23/2009,CGF,OH,AGL,CE,Federal Contract Tower,0,8,41,0,49,0,2,45,0,47,0,10,86,0,96,48,0,48,144
09/24/2009,CGF,OH,AGL,CE,Federal Contract Tower,0,10,29,0,39,0,0,53,0,53,0,10,82,0,92,52,0,52,144
09/25/2009,CGF,OH,AGL,CE,Federal Contract Tower,0,8,28,0,36,0,0,53,0,53,0,8,81,0,89,50,0,50,139
09/26/2009,CGF,OH,AGL,CE,Federal Contract Tower,0,2,16,0,18,0,0,2,0,2,0,2,18,0,20,0,0,0,20
09/27/2009,CGF,OH,AGL,CE,Federal Contract Tower,0,7,20,0,27,0,0,36,0,36,0,7,56,0,63,6,0,6,69
09/28/2009,CGF,OH,AGL,CE,Federal Contract Tower,0,6,19,0,25,0,0,0,0,0,0,6,19,0,25,0,0,0,25
09/29/2009,CGF,OH,AGL,CE,Federal Contract Tower,0,8,18,0,26,0,0,0,0,0,0,8,18,0,26,0,0,0,26
09/30/2009,CGF,OH,AGL,CE,Federal Contract Tower,0,4,21,0,25,0,2,29,0,31,0,6,50,0,56,22,0,22,78
10/01/2009,CGF,OH,AGL,CE,Federal Contract Tower,0,18,23,0,41,0,0,69,0,69,0,18,92,0,110,50,0,50,160
10/02/2009,CGF,OH,AGL,CE,Federal Contract Tower,0,8,29,0,37,0,0,4,0,4,0,8,33,0,41,0,0,0,41
10/03/2009,CGF,OH,AGL,CE,Federal Contract Tower,0,7,7,0,14,0,0,43,0,43,0,7,50,0,57,30,0,30,87
10/04/2009,CGF,OH,AGL,CE,Federal Contract Tower,0,10,26,0,36,0,0,47,0,47,0,10,73,0,83,24,0,24,107
10/05/2009,CGF,OH,AGL,CE,Federal Contract Tower,0,9,29,0,38,0,0,34,0,34,0,9,63,0,72,10,0,10,82
10/06/2009,CGF,OH,AGL,CE,Federal Contract Tower,0,12,22,0,34,0,0,24,0,24,0,12,46,0,58,16,0,16,74
10/07/2009,CGF,OH,AGL,CE,Federal Contract Tower,0,19,20,0,39,0,2,30,0,32,0,21,50,0,71,0,0,0,71
10/08/2009,CGF,OH,AGL,CE,Federal Contract Tower,0,6,34,0,40,0,0,56,0,56,0,6,90,0,96,56,0,56,152
10/09/2009,CGF,OH,AGL,CE,Federal Contract Tower,0,12,29,0,41,0,0,0,0,0,0,12,29,0,41,0,0,0,41
10/10/2009,CGF,OH,AGL,CE,Federal Contract Tower,0,3,18,0,21,0,2,74,0,76,0,5,92,0,97,94,0,94,191
10/11/2009,CGF,OH,AGL,CE,Federal Contract Tower,0,8,15,0,23,0,2,73,0,75,0,10,88,0,98,56,0,56,154
10/12/2009,CGF,OH,AGL,CE,Federal Contract Tower,0,13,38,0,51,0,0,38,0,38,0,13,76,0,89,36,0,36,125
10/13/2009,CGF,OH,AGL,CE,Federal Contract Tower,0,10,21,0,31,0,2,14,0,16,0,12,35,0,47,14,0,14,61
10/14/2009,CGF,OH,AGL,CE,Federal Contract Tower,0,7,25,0,32,0,0,55,0,55,0,7,80,0,87,38,0,38,125
10/15/2009,CGF,OH,AGL,CE,Federal Contract Tower,0,9,36,0,45,0,0,5,0,5,0,9,41,0,50,6,0,6,56
10/16/2009,CGF,OH,AGL,CE,Federal Contract Tower,0,9,23,0,32,0,0,17,0,17,0,9,40,0,49,12,0,12,61
10/17/2009,CGF,OH,AGL,CE,Federal Contract Tower,0,4,16,0,20,0,0,33,0,33,0,4,49,0,53,26,0,26,79
10/18/2009,CGF,OH,AGL,CE,Federal Contract Tower,0,16,26,0,42,0,0,60,0,60,0,16,86,0,102,58,0,58,160
10/19/2009,CGF,OH,AGL,CE,Federal Contract Tower,0,12,29,0,41,0,0,50,0,50,0,12,79,0,91,42,0,42,133
10/20/2009,CGF,OH,AGL,CE,Federal Contract Tower,0,13,28,0,41,0,0,40,0,40,0,13,68,0,81,10,0,10,91
10/21/2009,CGF,OH,AGL,CE,Federal Contract Tower,0,12,26,0,38,0,2,55,0,57,0,14,81,0,95,44,0,44,139
10/22/2009,CGF,OH,AGL,CE,Federal Contract Tower,0,17,33,0,50,0,4,43,0,47,0,21,76,0,97,42,0,42,139
10/23/2009,CGF,OH,AGL,CE,Federal Contract Tower,0,21,18,0,39,0,15,0,0,15,0,36,18,0,54,0,0,0,54
10/24/2009,CGF,OH,AGL,CE,Federal Contract Tower,0,6,15,0,21,0,4,26,0,30,0,10,41,0,51,26,0,26,77
10/25/2009,CGF,OH,AGL,CE,Federal Contract Tower,0,5,18,0,23,0,3,72,0,75,0,8,90,0,98,76,0,76,174
10/26/2009,CGF,OH,AGL,CE,Federal Contract Tower,0,15,23,0,38,0,0,42,0,42,0,15,65,0,80,30,0,30,110
10/27/2009,CGF,OH,AGL,CE,Federal Contract Tower,0,3,22,1,26,0,1,57,1,59,0,4,79,2,85,30,0,30,115
10/28/2009,CGF,OH,AGL,CE,Federal Contract Tower,0,9,16,0,25,0,0,2,0,2,0,9,18,0,27,0,0,0,27
10/29/2009,CGF,OH,AGL,CE,Federal Contract Tower,0,8,34,0,42,0,2,63,0,65,0,10,97,0,107,40,0,40,147
10/30/2009,CGF,OH,AGL,CE,Federal Contract Tower,0,8,16,0,24,0,0,40,0,40,0,8,56,0,64,32,0,32,96
10/31/2009,CGF,OH,AGL,CE,Federal Contract Tower,0,9,12,0,21,0,0,17,0,17,0,9,29,0,38,12,0,12,50
11/01/2009,CGF,OH,AGL,CE,Federal Contract Tower,0,15,14,0,29,0,0,47,0,47,0,15,61,0,76,18,0,18,94
11/02/2009,CGF,OH,AGL,CE,Federal Contract Tower,0,6,8,0,14,0,0,44,0,44,0,6,52,0,58,48,0,48,106
11/03/2009,CGF,OH,AGL,CE,Federal Contract Tower,0,8,27,0,35,0,0,34,0,34,0,8,61,0,69,16,0,16,85
11/04/2009,CGF,OH,AGL,CE,Federal Contract Tower,0,0,18,0,18,0,0,19,0,19,0,0,37,0,37,26,0,26,63
11/05/2009,CGF,OH,AGL,CE,Federal Contract Tower,0,4,25,0,29,0,0,17,0,17,0,4,42,0,46,0,0,0,46
11/06/2009,CGF,OH,AGL,CE,Federal Contract Tower,0,4,25,0,29,0,0,58,0,58,0,4,83,0,87,40,0,40,127
11/07/2009,CGF,OH,AGL,CE,Federal Contract Tower,0,9,13,0,22,0,2,65,0,67,0,11,78,0,89,32,0,32,121
11/08/2009,CGF,OH,AGL,CE,Federal Contract Tower,0,6,28,0,34,0,0,67,0,67,0,6,95,0,101,42,0,42,143
11/09/2009,CGF,OH,AGL,CE,Federal Contract Tower,0,12,21,0,33,0,0,43,0,43,0,12,64,0,76,36,0,36,112
11/10/2009,CGF,OH,AGL,CE,Federal Contract Tower,0,13,25,0,38,0,1,39,0,40,0,14,64,0,78,30,0,30,108
11/11/2009,CGF,OH,AGL,CE,Federal Contract Tower,0,15,21,0,36,0,2,63,0,65,0,17,84,0,101,34,0,34,135
11/12/2009,CGF,OH,AGL,CE,Federal Contract Tower,0,4,28,0,32,0,0,63,0,63,0,4,91,0,95,20,0,20,115
11/13/2009,CGF,OH,AGL,CE,Federal Contract Tower,0,14,21,0,35,0,0,52,0,52,0,14,73,0,87,24,0,24,111
11/14/2009,CGF,OH,AGL,CE,Federal Contract Tower,0,10,11,0,21,0,2,68,0,70,0,12,79,0,91,38,0,38,129
11/15/2009,CGF,OH,AGL,CE,Federal Contract Tower,0,13,15,0,28,0,0,43,0,43,0,13,58,0,71,26,0,26,97
11/16/2009,CGF,OH,AGL,CE,Federal Contract Tower,0,13,13,0,26,0,0,33,0,33,0,13,46,0,59,16,0,16,75
11/17/2009,CGF,OH,AGL,CE,Federal Contract Tower,0,12,28,0,40,0,0,40,0,40,0,12,68,0,80,38,0,38,118
11/18/2009,CGF,OH,AGL,CE,Federal Contract Tower,0,8,20,0,28,0,0,33,0,33,0,8,53,0,61,14,0,14,75
11/19/2009,CGF,OH,AGL,CE,Federal Contract Tower,0,11,27,0,38,0,0,0,0,0,0,11,27,0,38,0,0,0,38
11/20/2009,CGF,OH,AGL,CE,Federal Contract Tower,0,6,30,0,36,0,2,39,0,41,0,8,69,0,77,30,0,30,107
11/21/2009,CGF,OH,AGL,CE,Federal Contract Tower,0,6,27,0,33,0,0,1,0,1,0,6,28,0,34,0,0,0,34
11/22/2009,CGF,OH,AGL,CE,Federal Contract Tower,0,7,18,0,25,0,0,58,0,58,0,7,76,0,83,34,0,34,117
11/23/2009,CGF,OH,AGL,CE,Federal Contract Tower,0,10,37,0,47,0,2,31,0,33,0,12,68,0,80,22,0,22,102
11/24/2009,CGF,OH,AGL,CE,Federal Contract Tower,0,16,32,0,48,0,0,17,0,17,0,16,49,0,65,12,0,12,77
11/25/2009,CGF,OH,AGL,CE,Federal Contract Tower,0,21,28,0,49,0,0,17,0,17,0,21,45,0,66,28,0,28,94
11/26/2009,CGF,OH,AGL,CE,Federal Contract Tower,0,3,3,0,6,0,0,4,0,4,0,3,7,0,10,4,0,4,14
11/27/2009,CGF,OH,AGL,CE,Federal Contract Tower,0,9,3,0,12,0,4,4,0,8,0,13,7,0,20,0,0,0,20
11/28/2009,CGF,OH,AGL,CE,Federal Contract Tower,0,15,18,0,33,0,0,53,0,53,0,15,71,0,86,68,0,68,154
11/29/2009,CGF,OH,AGL,CE,Federal Contract Tower,0,16,31,0,47,0,2,45,0,47,0,18,76,0,94,16,0,16,110
11/30/2009,CGF,OH,AGL,CE,Federal Contract Tower,0,16,14,0,30,0,0,14,0,14,0,16,28,0,44,0,0,0,44
12/01/2009,CGF,OH,AGL,CE,Federal Contract Tower,0,12,23,0,35,0,0,37,0,37,0,12,60,0,72,36,0,36,108
12/02/2009,CGF,OH,AGL,CE,Federal Contract Tower,0,7,15,0,22,0,0,17,0,17,0,7,32,0,39,12,0,12,51
12/03/2009,CGF,OH,AGL,CE,Federal Contract Tower,0,8,15,0,23,0,0,0,0,0,0,8,15,0,23,0,0,0,23
12/04/2009,CGF,OH,AGL,CE,Federal Contract Tower,0,7,27,0,34,0,0,33,0,33,0,7,60,0,67,32,0,32,99
12/05/2009,CGF,OH,AGL,CE,Federal Contract Tower,0,5,9,0,14,0,0,29,0,29,0,5,38,0,43,28,0,28,71
12/06/2009,CGF,OH,AGL,CE,Federal Contract Tower,0,6,25,0,31,0,0,44,0,44,0,6,69,0,75,56,0,56,131
12/07/2009,CGF,OH,AGL,CE,Federal Contract Tower,0,11,30,0,41,0,0,2,0,2,0,11,32,0,43,0,0,0,43
12/08/2009,CGF,OH,AGL,CE,Federal Contract Tower,0,4,21,0,25,0,0,26,0,26,0,4,47,0,51,20,0,20,71
12/09/2009,CGF,OH,AGL,CE,Federal Contract Tower,0,5,15,0,20,0,0,0,0,0,0,5,15,0,20,0,0,0,20
12/10/2009,CGF,OH,AGL,CE,Federal Contract Tower,0,2,15,0,17,0,0,0,0,0,0,2,15,0,17,0,0,0,17
12/11/2009,CGF,OH,AGL,CE,Federal Contract Tower,0,8,23,0,31,0,0,5,0,5,0,8,28,0,36,16,0,16,52
12/12/2009,CGF,OH,AGL,CE,Federal Contract Tower,0,6,9,0,15,0,0,52,0,52,0,6,61,0,67,40,0,40,107
12/13/2009,CGF,OH,AGL,CE,Federal Contract Tower,0,5,11,0,16,0,0,0,0,0,0,5,11,0,16,0,0,0,16
12/14/2009,CGF,OH,AGL,CE,Federal Contract Tower,0,9,37,0,46,0,4,4,0,8,0,13,41,0,54,6,0,6,60
12/15/2009,CGF,OH,AGL,CE,Federal Contract Tower,0,10,17,0,27,0,0,10,0,10,0,10,27,0,37,0,0,0,37
12/16/2009,CGF,OH,AGL,CE,Federal Contract Tower,0,6,25,0,31,0,0,15,0,15,0,6,40,0,46,6,0,6,52
12/17/2009,CGF,OH,AGL,CE,Federal Contract Tower,0,6,39,0,45,0,0,38,0,38,0,6,77,0,83,32,0,32,115
12/18/2009,CGF,OH,AGL,CE,Federal Contract Tower,0,8,32,0,40,0,0,28,0,28,0,8,60,0,68,14,0,14,82
12/19/2009,CGF,OH,AGL,CE,Federal Contract Tower,0,7,20,0,27,0,0,0,0,0,0,7,20,0,27,0,0,0,27
12/20/2009,CGF,OH,AGL,CE,Federal Contract Tower,0,6,9,0,15,0,6,33,0,39,0,12,42,0,54,24,0,24,78
12/21/2009,CGF,OH,AGL,CE,Federal Contract Tower,0,7,12,0,19,0,0,2,0,2,0,7,14,0,21,0,0,0,21
12/22/2009,CGF,OH,AGL,CE,Federal Contract Tower,0,4,12,0,16,0,1,5,0,6,0,5,17,0,22,4,0,4,26
12/23/2009,CGF,OH,AGL,CE,Federal Contract Tower,0,4,17,0,21,0,0,38,0,38,0,4,55,0,59,12,0,12,71
12/24/2009,CGF,OH,AGL,CE,Federal Contract Tower,0,4,7,0,11,0,2,21,0,23,0,6,28,0,34,6,0,6,40
12/25/2009,CGF,OH,AGL,CE,Federal Contract Tower,0,0,0,0,0,0,0,0,0,0,0,0,0,0,0,0,0,0,0
12/26/2009,CGF,OH,AGL,CE,Federal Contract Tower,0,7,11,0,18,0,4,36,0,40,0,11,47,0,58,36,0,36,94
12/27/2009,CGF,OH,AGL,CE,Federal Contract Tower,0,13,17,0,30,0,2,0,0,2,0,15,17,0,32,0,0,0,32
12/28/2009,CGF,OH,AGL,CE,Federal Contract Tower,0,5,9,0,14,0,0,0,0,0,0,5,9,0,14,0,0,0,14
12/29/2009,CGF,OH,AGL,CE,Federal Contract Tower,0,0,7,0,7,0,0,7,0,7,0,0,14,0,14,4,0,4,18
12/30/2009,CGF,OH,AGL,CE,Federal Contract Tower,0,5,13,0,18,0,0,22,0,22,0,5,35,0,40,18,0,18,58
12/31/2009,CGF,OH,AGL,CE,Federal Contract Tower,0,5,3,0,8,0,0,0,0,0,0,5,3,0,8,0,0,0,8
01/01/2010,CGF,OH,AGL,CE,Federal Contract Tower,0,4,3,0,7,0,0,0,0,0,0,4,3,0,7,0,0,0,7
01/02/2010,CGF,OH,AGL,CE,Federal Contract Tower,0,1,2,0,3,0,0,0,0,0,0,1,2,0,3,0,0,0,3
01/03/2010,CGF,OH,AGL,CE,Federal Contract Tower,0,9,13,0,22,0,0,0,0,0,0,9,13,0,22,0,0,0,22
01/04/2010,CGF,OH,AGL,CE,Federal Contract Tower,0,5,12,0,17,0,0,0,0,0,0,5,12,0,17,0,0,0,17
01/05/2010,CGF,OH,AGL,CE,Federal Contract Tower,0,5,10,0,15,0,0,0,0,0,0,5,10,0,15,0,0,0,15
01/06/2010,CGF,OH,AGL,CE,Federal Contract Tower,0,2,7,0,9,0,0,0,0,0,0,2,7,0,9,0,0,0,9
01/07/2010,CGF,OH,AGL,CE,Federal Contract Tower,0,4,17,0,21,0,0,0,0,0,0,4,17,0,21,0,0,0,21
01/08/2010,CGF,OH,AGL,CE,Federal Contract Tower,0,1,11,0,12,0,1,0,0,1,0,2,11,0,13,0,0,0,13
01/09/2010,CGF,OH,AGL,CE,Federal Contract Tower,0,2,7,0,9,0,0,16,0,16,0,2,23,0,25,10,0,10,35
01/10/2010,CGF,OH,AGL,CE,Federal Contract Tower,0,13,19,0,32,0,0,43,0,43,0,13,62,0,75,42,0,42,117
01/11/2010,CGF,OH,AGL,CE,Federal Contract Tower,0,5,9,0,14,0,0,0,0,0,0,5,9,0,14,0,0,0,14
01/12/2010,CGF,OH,AGL,CE,Federal Contract Tower,0,3,19,0,22,0,0,4,0,4,0,3,23,0,26,18,0,18,44
01/13/2010,CGF,OH,AGL,CE,Federal Contract Tower,0,5,18,0,23,0,0,46,0,46,0,5,64,0,69,12,0,12,81
01/14/2010,CGF,OH,AGL,CE,Federal Contract Tower,0,3,18,0,21,0,2,57,0,59,0,5,75,0,80,22,0,22,102
01/15/2010,CGF,OH,AGL,CE,Federal Contract Tower,0,5,16,0,21,0,0,0,0,0,0,5,16,0,21,0,0,0,21
01/16/2010,CGF,OH,AGL,CE,Federal Contract Tower,0,2,13,0,15,0,0,0,0,0,0,2,13,0,15,0,0,0,15
01/17/2010,CGF,OH,AGL,CE,Federal Contract Tower,0,3,12,0,15,0,0,0,0,0,0,3,12,0,15,0,0,0,15
01/18/2010,CGF,OH,AGL,CE,Federal Contract Tower,0,1,27,0,28,0,0,0,0,0,0,1,27,0,28,0,0,0,28
01/19/2010,CGF,OH,AGL,CE,Federal Contract Tower,0,7,10,0,17,0,2,2,0,4,0,9,12,0,21,0,0,0,21
01/20/2010,CGF,OH,AGL,CE,Federal Contract Tower,0,9,26,0,35,0,0,28,0,28,0,9,54,0,63,32,0,32,95
01/21/2010,CGF,OH,AGL,CE,Federal Contract Tower,0,11,28,0,39,0,2,61,0,63,0,13,89,0,102,60,0,60,162
01/22/2010,CGF,OH,AGL,CE,Federal Contract Tower,0,8,9,0,17,0,0,9,0,9,0,8,18,0,26,0,0,0,26
01/23/2010,CGF,OH,AGL,CE,Federal Contract Tower,0,8,17,0,25,0,0,45,0,45,0,8,62,0,70,32,0,32,102
01/24/2010,CGF,OH,AGL,CE,Federal Contract Tower,0,7,13,0,20,0,0,1,0,1,0,7,14,0,21,0,0,0,21
01/25/2010,CGF,OH,AGL,CE,Federal Contract Tower,0,2,20,0,22,0,0,2,0,2,0,2,22,0,24,0,0,0,24
01/26/2010,CGF,OH,AGL,CE,Federal Contract Tower,0,3,21,0,24,0,0,1,0,1,0,3,22,0,25,0,0,0,25
01/27/2010,CGF,OH,AGL,CE,Federal Contract Tower,0,5,30,0,35,0,0,25,0,25,0,5,55,0,60,18,0,18,78
01/28/2010,CGF,OH,AGL,CE,Federal Contract Tower,0,1,23,0,24,0,0,0,0,0,0,1,23,0,24,0,0,0,24
01/29/2010,CGF,OH,AGL,CE,Federal Contract Tower,0,5,27,0,32,0,0,40,0,40,0,5,67,0,72,0,0,0,72
01/30/2010,CGF,OH,AGL,CE,Federal Contract Tower,0,3,15,0,18,0,0,32,0,32,0,3,47,0,50,8,0,8,58
01/31/2010,CGF,OH,AGL,CE,Federal Contract Tower,0,8,12,0,20,0,0,28,0,28,0,8,40,0,48,16,0,16,64
02/01/2010,CGF,OH,AGL,CE,Federal Contract Tower,0,0,15,0,15,0,2,19,0,21,0,2,34,0,36,8,0,8,44
02/02/2010,CGF,OH,AGL,CE,Federal Contract Tower,0,4,18,0,22,0,1,9,0,10,0,5,27,0,32,14,0,14,46
02/03/2010,CGF,OH,AGL,CE,Federal Contract Tower,0,3,16,0,19,0,2,0,0,2,0,5,16,0,21,0,0,0,21
02/04/2010,CGF,OH,AGL,CE,Federal Contract Tower,0,4,19,0,23,0,0,66,0,66,0,4,85,0,89,62,0,62,151
02/05/2010,CGF,OH,AGL,CE,Federal Contract Tower,0,7,9,0,16,0,0,8,0,8,0,7,17,0,24,0,0,0,24
02/06/2010,CGF,OH,AGL,CE,Federal Contract Tower,0,2,2,0,4,0,0,1,0,1,0,2,3,0,5,0,0,0,5
02/07/2010,CGF,OH,AGL,CE,Federal Contract Tower,0,6,13,0,19,0,0,21,0,21,0,6,34,0,40,22,0,22,62
02/08/2010,CGF,OH,AGL,CE,Federal Contract Tower,0,2,23,0,25,0,0,33,0,33,0,2,56,0,58,14,0,14,72
02/09/2010,CGF,OH,AGL,CE,Federal Contract Tower,0,4,8,0,12,0,0,0,0,0,0,4,8,0,12,0,0,0,12
02/10/2010,CGF,OH,AGL,CE,Federal Contract Tower,0,3,14,0,17,0,0,0,0,0,0,3,14,0,17,0,0,0,17
02/11/2010,CGF,OH,AGL,CE,Federal Contract Tower,0,9,19,0,28,0,0,0,0,0,0,9,19,0,28,0,0,0,28
02/12/2010,CGF,OH,AGL,CE,Federal Contract Tower,0,1,22,0,23,0,0,10,0,10,0,1,32,0,33,18,0,18,51
02/13/2010,CGF,OH,AGL,CE,Federal Contract Tower,0,4,9,0,13,0,0,0,0,0,0,4,9,0,13,0,0,0,13
02/14/2010,CGF,OH,AGL,CE,Federal Contract Tower,0,1,12,0,13,0,0,7,0,7,0,1,19,0,20,10,0,10,30
02/15/2010,CGF,OH,AGL,CE,Federal Contract Tower,0,7,26,0,33,0,0,26,0,26,0,7,52,0,59,26,0,26,85
02/16/2010,CGF,OH,AGL,CE,Federal Contract Tower,0,5,18,0,23,0,0,0,0,0,0,5,18,0,23,0,0,0,23
02/17/2010,CGF,OH,AGL,CE,Federal Contract Tower,0,2,15,0,17,0,2,3,0,5,0,4,18,0,22,0,0,0,22
02/18/2010,CGF,OH,AGL,CE,Federal Contract Tower,0,3,16,0,19,0,2,22,0,24,0,5,38,0,43,46,0,46,89
02/19/2010,CGF,OH,AGL,CE,Federal Contract Tower,0,14,15,0,29,0,0,55,0,55,0,14,70,0,84,56,0,56,140
02/20/2010,CGF,OH,AGL,CE,Federal Contract Tower,0,0,14,0,14,0,0,72,0,72,0,0,86,0,86,114,0,114,200
02/21/2010,CGF,OH,AGL,CE,Federal Contract Tower,0,6,19,0,25,0,4,66,0,70,0,10,85,0,95,144,0,144,239
02/22/2010,CGF,OH,AGL,CE,Federal Contract Tower,0,8,16,0,24,0,2,3,0,5,0,10,19,0,29,0,0,0,29
02/23/2010,CGF,OH,AGL,CE,Federal Contract Tower,0,7,23,0,30,0,5,0,0,5,0,12,23,0,35,0,0,0,35
02/24/2010,CGF,OH,AGL,CE,Federal Contract Tower,0,7,37,0,44,0,0,0,0,0,0,7,37,0,44,0,0,0,44
02/25/2010,CGF,OH,AGL,CE,Federal Contract Tower,0,4,20,0,24,0,0,0,0,0,0,4,20,0,24,0,0,0,24
02/26/2010,CGF,OH,AGL,CE,Federal Contract Tower,0,2,11,0,13,0,0,0,0,0,0,2,11,0,13,0,0,0,13
02/27/2010,CGF,OH,AGL,CE,Federal Contract Tower,0,4,4,0,8,0,0,0,0,0,0,4,4,0,8,0,0,0,8
02/28/2010,CGF,OH,AGL,CE,Federal Contract Tower,0,4,19,0,23,0,0,0,0,0,0,4,19,0,23,0,0,0,23
03/01/2010,CGF,OH,AGL,CE,Federal Contract Tower,0,6,14,0,20,0,0,5,0,5,0,6,19,0,25,6,0,6,31
03/02/2010,CGF,OH,AGL,CE,Federal Contract Tower,0,1,25,0,26,0,0,0,0,0,0,1,25,0,26,0,0,0,26
03/03/2010,CGF,OH,AGL,CE,Federal Contract Tower,0,4,34,0,38,0,0,26,0,26,0,4,60,0,64,34,0,34,98
03/04/2010,CGF,OH,AGL,CE,Federal Contract Tower,0,5,40,0,45,0,0,67,0,67,0,5,107,0,112,56,0,56,168
03/05/2010,CGF,OH,AGL,CE,Federal Contract Tower,0,1,29,0,30,0,0,51,0,51,0,1,80,0,81,52,0,52,133
03/06/2010,CGF,OH,AGL,CE,Federal Contract Tower,0,2,19,0,21,0,0,90,0,90,0,2,109,0,111,96,0,96,207
03/07/2010,CGF,OH,AGL,CE,Federal Contract Tower,0,2,14,0,16,0,0,70,0,70,0,2,84,0,86,86,0,86,172
03/08/2010,CGF,OH,AGL,CE,Federal Contract Tower,0,9,14,0,23,0,0,52,0,52,0,9,66,0,75,76,0,76,151
03/09/2010,CGF,OH,AGL,CE,Federal Contract Tower,0,7,22,0,29,0,0,38,0,38,0,7,60,0,67,48,0,48,115
03/10/2010,CGF,OH,AGL,CE,Federal Contract Tower,0,5,29,0,34,0,0,39,0,39,0,5,68,0,73,50,0,50,123
03/11/2010,CGF,OH,AGL,CE,Federal Contract Tower,0,6,22,0,28,0,0,41,0,41,0,6,63,0,69,36,0,36,105
03/12/2010,CGF,OH,AGL,CE,Federal Contract Tower,0,15,26,0,41,0,0,26,0,26,0,15,52,0,67,30,0,30,97
03/13/2010,CGF,OH,AGL,CE,Federal Contract Tower,0,4,4,0,8,0,0,0,0,0,0,4,4,0,8,0,0,0,8
03/14/2010,CGF,OH,AGL,CE,Federal Contract Tower,0,12,21,0,33,0,0,0,0,0,0,12,21,0,33,0,0,0,33
03/15/2010,CGF,OH,AGL,CE,Federal Contract Tower,0,5,15,0,20,0,0,0,0,0,0,5,15,0,20,0,0,0,20
03/16/2010,CGF,OH,AGL,CE,Federal Contract Tower,0,5,45,0,50,0,1,65,0,66,0,6,110,0,116,68,0,68,184
03/17/2010,CGF,OH,AGL,CE,Federal Contract Tower,0,6,28,0,34,0,0,61,0,61,0,6,89,0,95,118,0,118,213
03/18/2010,CGF,OH,AGL,CE,Federal Contract Tower,0,14,35,0,49,0,2,70,0,72,0,16,105,0,121,94,0,94,215
03/19/2010,CGF,OH,AGL,CE,Federal Contract Tower,0,10,24,0,34,0,0,58,0,58,0,10,82,0,92,114,0,114,206
03/20/2010,CGF,OH,AGL,CE,Federal Contract Tower,0,6,14,0,20,0,0,74,0,74,0,6,88,0,94,56,0,56,150
03/21/2010,CGF,OH,AGL,CE,Federal Contract Tower,0,1,10,0,11,0,0,42,0,42,0,1,52,0,53,48,0,48,101
03/22/2010,CGF,OH,AGL,CE,Federal Contract Tower,0,5,13,0,18,0,0,0,0,0,0,5,13,0,18,0,0,0,18
03/23/2010,CGF,OH,AGL,CE,Federal Contract Tower,0,8,18,0,26,0,0,2,0,2,0,8,20,0,28,18,0,18,46
03/24/2010,CGF,OH,AGL,CE,Federal Contract Tower,0,7,23,0,30,0,0,73,0,73,0,7,96,0,103,92,0,92,195
03/25/2010,CGF,OH,AGL,CE,Federal Contract Tower,0,4,18,0,22,0,0,4,0,4,0,4,22,0,26,10,0,10,36
03/26/2010,CGF,OH,AGL,CE,Federal Contract Tower,0,15,22,0,37,0,0,32,0,32,0,15,54,0,69,30,0,30,99
03/27/2010,CGF,OH,AGL,CE,Federal Contract Tower,0,10,17,0,27,0,0,76,0,76,0,10,93,0,103,108,0,108,211
03/28/2010,CGF,OH,AGL,CE,Federal Contract Tower,0,8,7,0,15,0,0,14,0,14,0,8,21,0,29,26,0,26,55
03/29/2010,CGF,OH,AGL,CE,Federal Contract Tower,0,8,20,0,28,0,0,13,0,13,0,8,33,0,41,12,0,12,53
03/30/2010,CGF,OH,AGL,CE,Federal Contract Tower,0,8,42,0,50,0,4,60,0,64,0,12,102,0,114,100,0,100,214
03/31/2010,CGF,OH,AGL,CE,Federal Contract Tower,0,9,20,0,29,0,0,70,0,70,0,9,90,0,99,114,0,114,213
04/01/2010,CGF,OH,AGL,CE,Federal Contract Tower,0,10,14,0,24,0,2,74,0,76,0,12,88,0,100,54,0,54,154
04/02/2010,CGF,OH,AGL,CE,Federal Contract Tower,0,8,22,0,30,0,0,87,0,87,0,8,109,0,117,98,0,98,215
04/03/2010,CGF,OH,AGL,CE,Federal Contract Tower,0,2,13,0,15,0,0,46,0,46,0,2,59,0,61,38,0,38,99
04/04/2010,CGF,OH,AGL,CE,Federal Contract Tower,0,10,15,0,25,0,0,30,0,30,0,10,45,0,55,60,0,60,115
04/05/2010,CGF,OH,AGL,CE,Federal Contract Tower,0,12,32,0,44,0,0,54,0,54,0,12,86,0,98,50,0,50,148
04/06/2010,CGF,OH,AGL,CE,Federal Contract Tower,0,11,30,0,41,0,0,56,0,56,0,11,86,0,97,68,0,68,165
04/07/2010,CGF,OH,AGL,CE,Federal Contract Tower,0,3,14,0,17,0,0,33,0,33,0,3,47,0,50,22,0,22,72
04/08/2010,CGF,OH,AGL,CE,Federal Contract Tower,0,8,23,0,31,0,0,5,0,5,0,8,28,0,36,0,0,0,36
04/09/2010,CGF,OH,AGL,CE,Federal Contract Tower,0,17,29,0,46,0,0,25,0,25,0,17,54,0,71,6,0,6,77
04/10/2010,CGF,OH,AGL,CE,Federal Contract Tower,0,4,18,0,22,0,0,92,0,92,0,4,110,0,114,110,0,110,224
04/11/2010,CGF,OH,AGL,CE,Federal Contract Tower,0,11,19,0,30,0,0,63,0,63,0,11,82,0,93,76,0,76,169
04/12/2010,CGF,OH,AGL,CE,Federal Contract Tower,0,4,28,0,32,0,4,62,0,66,0,8,90,0,98,50,0,50,148
04/13/2010,CGF,OH,AGL,CE,Federal Contract Tower,0,6,34,0,40,0,0,55,0,55,0,6,89,0,95,70,0,70,165
04/14/2010,CGF,OH,AGL,CE,Federal Contract Tower,0,16,22,0,38,0,0,74,0,74,0,16,96,0,112,58,0,58,170
04/15/2010,CGF,OH,AGL,CE,Federal Contract Tower,0,9,30,0,39,0,2,60,0,62,0,11,90,0,101,72,0,72,173
04/16/2010,CGF,OH,AGL,CE,Federal Contract Tower,0,17,13,0,30,0,0,10,0,10,0,17,23,0,40,8,0,8,48
04/17/2010,CGF,OH,AGL,CE,Federal Contract Tower,0,2,9,0,11,0,0,18,0,18,0,2,27,0,29,24,0,24,53
04/18/2010,CGF,OH,AGL,CE,Federal Contract Tower,0,6,27,0,33,0,0,26,0,26,0,6,53,0,59,58,0,58,117
04/19/2010,CGF,OH,AGL,CE,Federal Contract Tower,0,11,22,0,33,0,0,60,0,60,0,11,82,0,93,124,0,124,217
04/20/2010,CGF,OH,AGL,CE,Federal Contract Tower,0,12,27,0,39,0,0,74,0,74,0,12,101,0,113,84,0,84,197
04/21/2010,CGF,OH,AGL,CE,Federal Contract Tower,0,4,17,0,21,0,0,63,0,63,0,4,80,0,84,30,0,30,114
04/22/2010,CGF,OH,AGL,CE,Federal Contract Tower,0,4,27,0,31,0,0,73,0,73,0,4,100,0,104,106,0,106,210
04/23/2010,CGF,OH,AGL,CE,Federal Contract Tower,0,12,42,0,54,0,0,94,0,94,0,12,136,0,148,62,0,62,210
04/24/2010,CGF,OH,AGL,CE,Federal Contract Tower,0,5,19,0,24,0,2,47,0,49,0,7,66,0,73,24,0,24,97
04/25/2010,CGF,OH,AGL,CE,Federal Contract Tower,0,7,25,0,32,0,0,15,0,15,0,7,40,0,47,36,0,36,83
04/26/2010,CGF,OH,AGL,CE,Federal Contract Tower,0,4,16,0,20,0,0,0,0,0,0,4,16,0,20,8,0,8,28
04/27/2010,CGF,OH,AGL,CE,Federal Contract Tower,0,8,35,0,43,0,0,48,0,48,0,8,83,0,91,28,0,28,119
04/28/2010,CGF,OH,AGL,CE,Federal Contract Tower,0,8,41,0,49,0,0,79,0,79,0,8,120,0,128,68,0,68,196
04/29/2010,CGF,OH,AGL,CE,Federal Contract Tower,0,8,33,0,41,0,2,78,0,80,0,10,111,0,121,98,0,98,219
04/30/2010,CGF,OH,AGL,CE,Federal Contract Tower,0,14,26,0,40,0,2,82,0,84,0,16,108,0,124,46,0,46,170
05/01/2010,CGF,OH,AGL,CE,Federal Contract Tower,0,8,12,0,20,0,0,49,0,49,0,8,61,0,69,64,0,64,133
05/02/2010,CGF,OH,AGL,CE,Federal Contract Tower,0,10,21,0,31,0,4,21,0,25,0,14,42,0,56,20,0,20,76
05/03/2010,CGF,OH,AGL,CE,Federal Contract Tower,0,5,19,0,24,0,0,62,0,62,0,5,81,0,86,56,0,56,142
05/04/2010,CGF,OH,AGL,CE,Federal Contract Tower,0,3,26,0,29,0,0,76,0,76,0,3,102,0,105,90,0,90,195
05/05/2010,CGF,OH,AGL,CE,Federal Contract Tower,0,10,25,0,35,0,2,47,0,49,0,12,72,0,84,32,0,32,116
05/06/2010,CGF,OH,AGL,CE,Federal Contract Tower,0,9,19,0,28,0,0,69,0,69,0,9,88,0,97,98,0,98,195
05/07/2010,CGF,OH,AGL,CE,Federal Contract Tower,0,6,48,0,54,0,0,26,0,26,0,6,74,0,80,70,0,70,150
05/08/2010,CGF,OH,AGL,CE,Federal Contract Tower,0,4,3,0,7,0,0,0,0,0,0,4,3,0,7,0,0,0,7
05/09/2010,CGF,OH,AGL,CE,Federal Contract Tower,0,8,16,0,24,0,2,44,0,46,0,10,60,0,70,36,0,36,106
05/10/2010,CGF,OH,AGL,CE,Federal Contract Tower,0,12,33,0,45,0,0,67,0,67,0,12,100,0,112,96,0,96,208
05/11/2010,CGF,OH,AGL,CE,Federal Contract Tower,0,1,19,0,20,0,0,2,0,2,0,1,21,0,22,0,0,0,22
05/12/2010,CGF,OH,AGL,CE,Federal Contract Tower,0,8,38,0,46,0,0,22,0,22,0,8,60,0,68,76,0,76,144
05/13/2010,CGF,OH,AGL,CE,Federal Contract Tower,0,8,24,0,32,0,0,12,0,12,0,8,36,0,44,24,0,24,68
05/14/2010,CGF,OH,AGL,CE,Federal Contract Tower,0,13,54,0,67,0,0,50,0,50,0,13,104,0,117,44,0,44,161
05/15/2010,CGF,OH,AGL,CE,Federal Contract Tower,0,9,23,0,32,0,0,87,0,87,0,9,110,0,119,96,0,96,215
05/16/2010,CGF,OH,AGL,CE,Federal Contract Tower,0,10,24,0,34,0,2,90,0,92,0,12,114,0,126,146,0,146,272
05/17/2010,CGF,OH,AGL,CE,Federal Contract Tower,0,13,42,0,55,0,6,10,0,16,0,19,52,0,71,0,0,0,71
05/18/2010,CGF,OH,AGL,CE,Federal Contract Tower,0,7,40,0,47,0,0,0,0,0,0,7,40,0,47,0,0,0,47
05/19/2010,CGF,OH,AGL,CE,Federal Contract Tower,0,6,25,0,31,0,2,76,0,78,0,8,101,0,109,122,0,122,231
05/20/2010,CGF,OH,AGL,CE,Federal Contract Tower,0,15,34,0,49,0,0,103,0,103,0,15,137,0,152,106,0,106,258
05/21/2010,CGF,OH,AGL,CE,Federal Contract Tower,0,3,32,0,35,0,0,38,0,38,0,3,70,0,73,36,0,36,109
05/22/2010,CGF,OH,AGL,CE,Federal Contract Tower,0,5,22,0,27,0,0,12,0,12,0,5,34,0,39,42,0,42,81
05/23/2010,CGF,OH,AGL,CE,Federal Contract Tower,0,10,16,0,26,0,0,89,0,89,0,10,105,0,115,132,0,132,247
05/24/2010,CGF,OH,AGL,CE,Federal Contract Tower,0,4,30,0,34,0,0,86,0,86,0,4,116,0,120,122,0,122,242
05/25/2010,CGF,OH,AGL,CE,Federal Contract Tower,0,7,24,0,31,0,2,63,0,65,0,9,87,0,96,92,0,92,188
05/26/2010,CGF,OH,AGL,CE,Federal Contract Tower,0,7,17,0,24,0,0,65,0,65,0,7,82,0,89,132,0,132,221
05/27/2010,CGF,OH,AGL,CE,Federal Contract Tower,0,15,23,0,38,0,0,79,0,79,0,15,102,0,117,104,0,104,221
05/28/2010,CGF,OH,AGL,CE,Federal Contract Tower,0,12,32,0,44,0,0,63,0,63,0,12,95,0,107,60,0,60,167
05/29/2010,CGF,OH,AGL,CE,Federal Contract Tower,0,6,8,0,14,0,0,64,0,64,0,6,72,0,78,78,0,78,156
05/30/2010,CGF,OH,AGL,CE,Federal Contract Tower,0,7,19,0,26,0,0,89,0,89,0,7,108,0,115,106,0,106,221
05/31/2010,CGF,OH,AGL,CE,Federal Contract Tower,0,12,6,0,18,0,0,12,0,12,0,12,18,0,30,16,0,16,46
06/01/2010,CGF,OH,AGL,CE,Federal Contract Tower,0,5,34,0,39,0,0,41,0,41,0,5,75,0,80,112,0,112,192
06/02/2010,CGF,OH,AGL,CE,Federal Contract Tower,0,4,28,0,32,0,0,41,0,41,0,4,69,0,73,68,0,68,141
06/03/2010,CGF,OH,AGL,CE,Federal Contract Tower,0,9,41,0,50,0,0,57,0,57,0,9,98,0,107,74,0,74,181
06/04/2010,CGF,OH,AGL,CE,Federal Contract Tower,0,18,29,0,47,0,0,42,0,42,0,18,71,0,89,72,0,72,161
06/05/2010,CGF,OH,AGL,CE,Federal Contract Tower,0,13,20,0,33,0,0,46,0,46,0,13,66,0,79,64,0,64,143
06/06/2010,CGF,OH,AGL,CE,Federal Contract Tower,0,17,22,0,39,0,0,10,0,10,0,17,32,0,49,14,0,14,63
06/07/2010,CGF,OH,AGL,CE,Federal Contract Tower,0,5,33,0,38,0,0,38,0,38,0,5,71,0,76,130,0,130,206
06/08/2010,CGF,OH,AGL,CE,Federal Contract Tower,0,12,40,0,52,0,0,62,0,62,0,12,102,0,114,92,0,92,206
06/09/2010,CGF,OH,AGL,CE,Federal Contract Tower,0,7,33,0,40,0,0,14,0,14,0,7,47,0,54,10,0,10,64
06/10/2010,CGF,OH,AGL,CE,Federal Contract Tower,0,16,59,0,75,0,0,79,0,79,0,16,138,0,154,122,0,122,276
06/11/2010,CGF,OH,AGL,CE,Federal Contract Tower,0,16,29,0,45,0,0,65,0,65,0,16,94,0,110,88,0,88,198
06/12/2010,CGF,OH,AGL,CE,Federal Contract Tower,0,7,19,0,26,0,0,29,0,29,0,7,48,0,55,76,0,76,131
06/13/2010,CGF,OH,AGL,CE,Federal Contract Tower,0,8,18,0,26,0,0,9,0,9,0,8,27,0,35,0,0,0,35
06/14/2010,CGF,OH,AGL,CE,Federal Contract Tower,0,3,28,0,31,0,0,44,0,44,0,3,72,0,75,100,0,100,175
06/15/2010,CGF,OH,AGL,CE,Federal Contract Tower,0,14,25,0,39,0,0,43,0,43,0,14,68,0,82,94,0,94,176
06/16/2010,CGF,OH,AGL,CE,Federal Contract Tower,0,8,15,0,23,0,0,42,0,42,0,8,57,0,65,40,0,40,105
06/17/2010,CGF,OH,AGL,CE,Federal Contract Tower,0,3,30,0,33,0,0,71,0,71,0,3,101,0,104,68,0,68,172
06/18/2010,CGF,OH,AGL,CE,Federal Contract Tower,0,8,45,0,53,0,0,63,0,63,0,8,108,0,116,146,0,146,262
06/19/2010,CGF,OH,AGL,CE,Federal Contract Tower,0,12,15,0,27,0,0,44,0,44,0,12,59,0,71,80,0,80,151
06/20/2010,CGF,OH,AGL,CE,Federal Contract Tower,0,3,10,0,13,0,0,53,0,53,0,3,63,0,66,72,0,72,138
06/21/2010,CGF,OH,AGL,CE,Federal Contract Tower,0,10,29,0,39,0,0,65,0,65,0,10,94,0,104,124,0,124,228
06/22/2010,CGF,OH,AGL,CE,Federal Contract Tower,0,15,29,0,44,0,7,54,0,61,0,22,83,0,105,92,0,92,197
06/23/2010,CGF,OH,AGL,CE,Federal Contract Tower,0,1,18,0,19,0,2,23,0,25,0,3,41,0,44,36,0,36,80
06/24/2010,CGF,OH,AGL,CE,Federal Contract Tower,0,4,16,0,20,0,0,34,0,34,0,4,50,0,54,94,0,94,148
06/25/2010,CGF,OH,AGL,CE,Federal Contract Tower,0,10,30,0,40,0,0,88,0,88,0,10,118,0,128,80,0,80,208
06/26/2010,CGF,OH,AGL,CE,Federal Contract Tower,0,8,5,0,13,0,0,59,0,59,0,8,64,0,72,96,0,96,168
06/27/2010,CGF,OH,AGL,CE,Federal Contract Tower,0,9,16,0,25,0,1,42,0,43,0,10,58,0,68,66,0,66,134
06/28/2010,CGF,OH,AGL,CE,Federal Contract Tower,0,8,24,0,32,0,0,22,0,22,0,8,46,0,54,36,0,36,90
06/29/2010,CGF,OH,AGL,CE,Federal Contract Tower,0,10,18,0,28,0,0,72,0,72,0,10,90,0,100,122,0,122,222
06/30/2010,CGF,OH,AGL,CE,Federal Contract Tower,0,8,23,0,31,0,0,88,0,88,0,8,111,0,119,142,0,142,261
07/01/2010,CGF,OH,AGL,CE,Federal Contract Tower,0,9,25,0,34,0,0,71,0,71,0,9,96,0,105,124,0,124,229
07/02/2010,CGF,OH,AGL,CE,Federal Contract Tower,0,4,24,0,28,0,0,77,0,77,0,4,101,0,105,86,0,86,191
07/03/2010,CGF,OH,AGL,CE,Federal Contract Tower,0,10,19,0,29,0,0,79,0,79,0,10,98,0,108,70,0,70,178
07/04/2010,CGF,OH,AGL,CE,Federal Contract Tower,0,10,8,0,18,0,0,50,0,50,0,10,58,0,68,44,0,44,112
07/05/2010,CGF,OH,AGL,CE,Federal Contract Tower,0,14,10,0,24,0,0,46,0,46,0,14,56,0,70,66,0,66,136
07/06/2010,CGF,OH,AGL,CE,Federal Contract Tower,0,5,28,0,33,0,0,45,0,45,0,5,73,0,78,80,0,80,158
07/07/2010,CGF,OH,AGL,CE,Federal Contract Tower,0,5,35,0,40,0,2,47,0,49,0,7,82,0,89,72,0,72,161
07/08/2010,CGF,OH,AGL,CE,Federal Contract Tower,0,8,19,0,27,0,0,47,0,47,0,8,66,0,74,102,0,102,176
07/09/2010,CGF,OH,AGL,CE,Federal Contract Tower,0,6,15,0,21,0,0,8,0,8,0,6,23,0,29,0,0,0,29
07/10/2010,CGF,OH,AGL,CE,Federal Contract Tower,0,4,17,0,21,0,0,86,0,86,0,4,103,0,107,100,0,100,207
07/11/2010,CGF,OH,AGL,CE,Federal Contract Tower,0,4,13,0,17,0,0,72,0,72,0,4,85,0,89,76,0,76,165
07/12/2010,CGF,OH,AGL,CE,Federal Contract Tower,0,1,22,0,23,0,0,39,0,39,0,1,61,0,62,38,0,38,100
07/13/2010,CGF,OH,AGL,CE,Federal Contract Tower,0,5,22,0,27,0,0,13,0,13,0,5,35,0,40,48,0,48,88
07/14/2010,CGF,OH,AGL,CE,Federal Contract Tower,0,9,44,0,53,0,0,41,0,41,0,9,85,0,94,44,0,44,138
07/15/2010,CGF,OH,AGL,CE,Federal Contract Tower,0,6,22,0,28,0,0,57,0,57,0,6,79,0,85,80,0,80,165
07/16/2010,CGF,OH,AGL,CE,Federal Contract Tower,0,17,19,0,36,0,2,63,0,65,0,19,82,0,101,106,0,106,207
07/17/2010,CGF,OH,AGL,CE,Federal Contract Tower,0,7,18,0,25,0,0,85,0,85,0,7,103,0,110,78,0,78,188
07/18/2010,CGF,OH,AGL,CE,Federal Contract Tower,0,13,7,0,20,0,0,70,0,70,0,13,77,0,90,98,0,98,188
07/19/2010,CGF,OH,AGL,CE,Federal Contract Tower,0,6,24,0,30,0,0,5,0,5,0,6,29,0,35,24,0,24,59
07/20/2010,CGF,OH,AGL,CE,Federal Contract Tower,0,7,27,0,34,0,0,43,0,43,0,7,70,0,77,86,0,86,163
07/21/2010,CGF,OH,AGL,CE,Federal Contract Tower,0,13,29,0,42,0,0,50,0,50,0,13,79,0,92,50,0,50,142
07/22/2010,CGF,OH,AGL,CE,Federal Contract Tower,0,7,40,0,47,0,0,66,0,66,0,7,106,0,113,124,0,124,237
07/23/2010,CGF,OH,AGL,CE,Federal Contract Tower,0,13,24,0,37,0,0,31,0,31,0,13,55,0,68,38,0,38,106
07/24/2010,CGF,OH,AGL,CE,Federal Contract Tower,0,7,10,0,17,0,0,28,0,28,0,7,38,0,45,18,0,18,63
07/25/2010,CGF,OH,AGL,CE,Federal Contract Tower,0,7,13,0,20,0,0,37,0,37,0,7,50,0,57,86,0,86,143
07/26/2010,CGF,OH,AGL,CE,Federal Contract Tower,0,5,37,0,42,0,0,74,0,74,0,5,111,0,116,90,0,90,206
07/27/2010,CGF,OH,AGL,CE,Federal Contract Tower,0,6,34,0,40,0,0,56,0,56,0,6,90,0,96,136,0,136,232
07/28/2010,CGF,OH,AGL,CE,Federal Contract Tower,0,7,23,0,30,0,2,32,0,34,0,9,55,0,64,38,0,38,102
07/29/2010,CGF,OH,AGL,CE,Federal Contract Tower,0,8,23,0,31,0,0,40,0,40,0,8,63,0,71,70,0,70,141
07/30/2010,CGF,OH,AGL,CE,Federal Contract Tower,0,9,27,0,36,0,0,75,0,75,0,9,102,0,111,120,0,120,231
07/31/2010,CGF,OH,AGL,CE,Federal Contract Tower,0,5,7,0,12,0,0,61,0,61,0,5,68,0,73,104,0,104,177
08/01/2010,CGF,OH,AGL,CE,Federal Contract Tower,0,12,14,0,26,0,2,81,0,83,0,14,95,0,109,132,0,132,241
08/02/2010,CGF,OH,AGL,CE,Federal Contract Tower,0,14,18,0,32,0,0,77,0,77,0,14,95,0,109,78,0,78,187
08/03/2010,CGF,OH,AGL,CE,Federal Contract Tower,0,9,37,0,46,0,0,32,0,32,0,9,69,0,78,66,0,66,144
08/04/2010,CGF,OH,AGL,CE,Federal Contract Tower,0,6,12,0,18,0,0,28,0,28,0,6,40,0,46,52,0,52,98
08/05/2010,CGF,OH,AGL,CE,Federal Contract Tower,0,13,20,0,33,0,0,42,0,42,0,13,62,0,75,44,0,44,119
08/06/2010,CGF,OH,AGL,CE,Federal Contract Tower,0,12,23,0,35,0,0,40,0,40,0,12,63,0,75,112,0,112,187
08/07/2010,CGF,OH,AGL,CE,Federal Contract Tower,0,5,21,0,26,0,0,66,0,66,0,5,87,0,92,40,0,40,132
08/08/2010,CGF,OH,AGL,CE,Federal Contract Tower,0,10,29,0,39,0,0,73,0,73,0,10,102,0,112,104,0,104,216
08/09/2010,CGF,OH,AGL,CE,Federal Contract Tower,0,9,29,0,38,0,0,67,0,67,0,9,96,0,105,78,0,78,183
08/10/2010,CGF,OH,AGL,CE,Federal Contract Tower,0,0,0,0,0,0,0,0,0,0,0,0,0,0,0,0,0,0,0
08/11/2010,CGF,OH,AGL,CE,Federal Contract Tower,0,7,19,0,26,0,0,30,0,30,0,7,49,0,56,47,0,47,103
08/12/2010,CGF,OH,AGL,CE,Federal Contract Tower,0,24,23,0,47,0,0,16,0,16,0,24,39,0,63,4,0,4,67
08/13/2010,CGF,OH,AGL,CE,Federal Contract Tower,0,13,22,0,35,0,0,42,0,42,0,13,64,0,77,58,0,58,135
08/14/2010,CGF,OH,AGL,CE,Federal Contract Tower,0,10,16,0,26,0,0,40,0,40,0,10,56,0,66,46,0,46,112
08/15/2010,CGF,OH,AGL,CE,Federal Contract Tower,0,9,17,0,26,0,0,29,0,29,0,9,46,0,55,60,0,60,115
08/16/2010,CGF,OH,AGL,CE,Federal Contract Tower,0,17,14,0,31,0,0,51,0,51,0,17,65,0,82,80,0,80,162
08/17/2010,CGF,OH,AGL,CE,Federal Contract Tower,0,0,0,0,0,0,0,0,0,0,0,0,0,0,0,0,0,0,0
08/18/2010,CGF,OH,AGL,CE,Federal Contract Tower,0,13,31,0,44,0,0,62,0,62,0,13,93,0,106,46,0,46,152
08/19/2010,CGF,OH,AGL,CE,Federal Contract Tower,0,15,42,0,57,0,4,68,0,72,0,19,110,0,129,80,0,80,209
08/20/2010,CGF,OH,AGL,CE,Federal Contract Tower,0,6,20,0,26,0,0,68,0,68,0,6,88,0,94,100,0,100,194
08/21/2010,CGF,OH,AGL,CE,Federal Contract Tower,0,2,16,0,18,0,0,23,0,23,0,2,39,0,41,60,0,60,101
08/22/2010,CGF,OH,AGL,CE,Federal Contract Tower,0,10,25,0,35,0,0,23,0,23,0,10,48,0,58,62,0,62,120
08/23/2010,CGF,OH,AGL,CE,Federal Contract Tower,0,10,14,0,24,0,0,18,0,18,0,10,32,0,42,26,0,26,68
08/24/2010,CGF,OH,AGL,CE,Federal Contract Tower,0,0,0,0,0,0,0,0,0,0,0,0,0,0,0,0,0,0,0
08/25/2010,CGF,OH,AGL,CE,Federal Contract Tower,0,7,20,0,27,0,0,61,0,61,0,7,81,0,88,92,0,92,180
08/26/2010,CGF,OH,AGL,CE,Federal Contract Tower,0,14,28,0,42,0,0,67,0,67,0,14,95,0,109,92,0,92,201
08/27/2010,CGF,OH,AGL,CE,Federal Contract Tower,0,7,28,0,35,0,0,65,0,65,0,7,93,0,100,70,0,70,170
08/28/2010,CGF,OH,AGL,CE,Federal Contract Tower,0,5,10,0,15,0,0,108,0,108,0,5,118,0,123,98,0,98,221
08/29/2010,CGF,OH,AGL,CE,Federal Contract Tower,0,10,16,0,26,0,0,103,0,103,0,10,119,0,129,118,0,118,247
08/30/2010,CGF,OH,AGL,CE,Federal Contract Tower,0,6,26,0,32,0,0,61,0,61,0,6,87,0,93,66,0,66,159
08/31/2010,CGF,OH,AGL,CE,Federal Contract Tower,0,8,31,0,39,0,0,65,0,65,0,8,96,0,104,70,0,70,174
09/01/2010,CGF,OH,AGL,CE,Federal Contract Tower,0,15,21,0,36,0,0,88,0,88,0,15,109,0,124,82,0,82,206
09/02/2010,CGF,OH,AGL,CE,Federal Contract Tower,0,22,38,0,60,0,0,56,2,58,0,22,94,2,118,74,0,74,192
09/03/2010,CGF,OH,AGL,CE,Federal Contract Tower,0,20,26,0,46,0,1,39,0,40,0,21,65,0,86,34,0,34,120
09/04/2010,CGF,OH,AGL,CE,Federal Contract Tower,0,14,18,0,32,0,1,4,0,5,0,15,22,0,37,0,0,0,37
09/05/2010,CGF,OH,AGL,CE,Federal Contract Tower,0,16,15,0,31,0,1,73,0,74,0,17,88,0,105,56,0,56,161
09/06/2010,CGF,OH,AGL,CE,Federal Contract Tower,0,19,33,0,52,0,0,55,0,55,0,19,88,0,107,64,0,64,171
09/07/2010,CGF,OH,AGL,CE,Federal Contract Tower,0,9,23,0,32,0,0,43,0,43,0,9,66,0,75,36,0,36,111
09/08/2010,CGF,OH,AGL,CE,Federal Contract Tower,0,14,32,0,46,0,0,36,0,36,0,14,68,0,82,20,0,20,102
09/09/2010,CGF,OH,AGL,CE,Federal Contract Tower,0,7,40,0,47,0,0,46,0,46,0,7,86,0,93,48,0,48,141
09/10/2010,CGF,OH,AGL,CE,Federal Contract Tower,0,12,33,0,45,0,0,72,0,72,0,12,105,0,117,106,0,106,223
09/11/2010,CGF,OH,AGL,CE,Federal Contract Tower,0,4,27,0,31,0,2,60,0,62,0,6,87,0,93,22,0,22,115
09/12/2010,CGF,OH,AGL,CE,Federal Contract Tower,0,17,22,0,39,0,0,45,0,45,0,17,67,0,84,92,0,92,176
09/13/2010,CGF,OH,AGL,CE,Federal Contract Tower,0,14,19,0,33,0,3,50,0,53,0,17,69,0,86,106,0,106,192
09/14/2010,CGF,OH,AGL,CE,Federal Contract Tower,0,0,0,0,0,0,0,0,0,0,0,0,0,0,0,0,0,0,0
09/15/2010,CGF,OH,AGL,CE,Federal Contract Tower,0,5,34,0,39,0,0,71,0,71,0,5,105,0,110,100,0,100,210
09/16/2010,CGF,OH,AGL,CE,Federal Contract Tower,0,12,23,0,35,0,0,3,0,3,0,12,26,0,38,0,0,0,38
09/17/2010,CGF,OH,AGL,CE,Federal Contract Tower,0,8,45,0,53,0,0,54,0,54,0,8,99,0,107,90,0,90,197
09/18/2010,CGF,OH,AGL,CE,Federal Contract Tower,0,6,6,0,12,0,2,61,0,63,0,8,67,0,75,66,0,66,141
09/19/2010,CGF,OH,AGL,CE,Federal Contract Tower,0,7,24,0,31,0,0,17,0,17,0,7,41,0,48,42,0,42,90
09/20/2010,CGF,OH,AGL,CE,Federal Contract Tower,0,13,32,0,45,0,0,54,0,54,0,13,86,0,99,64,0,64,163
09/21/2010,CGF,OH,AGL,CE,Federal Contract Tower,0,8,30,0,38,0,0,50,0,50,0,8,80,0,88,52,0,52,140
09/22/2010,CGF,OH,AGL,CE,Federal Contract Tower,0,12,25,0,37,0,0,29,0,29,0,12,54,0,66,76,0,76,142
09/23/2010,CGF,OH,AGL,CE,Federal Contract Tower,0,11,36,0,47,0,0,56,0,56,0,11,92,0,103,84,0,84,187
09/24/2010,CGF,OH,AGL,CE,Federal Contract Tower,0,12,20,0,32,0,0,19,0,19,0,12,39,0,51,42,0,42,93
09/25/2010,CGF,OH,AGL,CE,Federal Contract Tower,0,10,12,0,22,0,0,41,0,41,0,10,53,0,63,54,0,54,117
09/26/2010,CGF,OH,AGL,CE,Federal Contract Tower,0,10,12,0,22,0,4,44,0,48,0,14,56,0,70,94,0,94,164
09/27/2010,CGF,OH,AGL,CE,Federal Contract Tower,0,11,33,0,44,0,0,14,0,14,0,11,47,0,58,8,0,8,66
09/28/2010,CGF,OH,AGL,CE,Federal Contract Tower,0,14,29,0,43,0,0,0,0,0,0,14,29,0,43,0,0,0,43
09/29/2010,CGF,OH,AGL,CE,Federal Contract Tower,0,11,28,0,39,0,0,86,0,86,0,11,114,0,125,88,0,88,213
09/30/2010,CGF,OH,AGL,CE,Federal Contract Tower,0,10,12,0,22,0,0,60,0,60,0,10,72,0,82,58,0,58,140
10/01/2010,CGF,OH,AGL,CE,Federal Contract Tower,0,7,31,0,38,0,0,60,0,60,0,7,91,0,98,98,0,98,196
10/02/2010,CGF,OH,AGL,CE,Federal Contract Tower,0,8,12,0,20,0,0,36,0,36,0,8,48,0,56,52,0,52,108
10/03/2010,CGF,OH,AGL,CE,Federal Contract Tower,0,4,17,0,21,0,4,39,0,43,0,8,56,0,64,112,0,112,176
10/04/2010,CGF,OH,AGL,CE,Federal Contract Tower,0,8,33,0,41,0,0,32,0,32,0,8,65,0,73,72,0,72,145
10/05/2010,CGF,OH,AGL,CE,Federal Contract Tower,0,15,21,0,36,0,0,2,0,2,0,15,23,0,38,0,0,0,38
10/06/2010,CGF,OH,AGL,CE,Federal Contract Tower,0,10,42,0,52,0,2,31,0,33,0,12,73,0,85,54,0,54,139
10/07/2010,CGF,OH,AGL,CE,Federal Contract Tower,0,10,24,0,34,0,1,67,0,68,0,11,91,0,102,68,0,68,170
10/08/2010,CGF,OH,AGL,CE,Federal Contract Tower,0,12,22,0,34,0,0,79,0,79,0,12,101,0,113,62,0,62,175
10/09/2010,CGF,OH,AGL,CE,Federal Contract Tower,0,4,28,0,32,0,0,81,0,81,0,4,109,0,113,108,0,108,221
10/10/2010,CGF,OH,AGL,CE,Federal Contract Tower,0,8,22,0,30,0,0,73,0,73,0,8,95,0,103,100,0,100,203
10/11/2010,CGF,OH,AGL,CE,Federal Contract Tower,0,7,27,0,34,0,2,46,0,48,0,9,73,0,82,44,0,44,126
10/12/2010,CGF,OH,AGL,CE,Federal Contract Tower,0,2,20,0,22,0,0,44,0,44,0,2,64,0,66,92,0,92,158
10/13/2010,CGF,OH,AGL,CE,Federal Contract Tower,0,2,26,0,28,0,0,69,0,69,0,2,95,0,97,82,0,82,179
10/14/2010,CGF,OH,AGL,CE,Federal Contract Tower,0,6,35,0,41,0,0,20,0,20,0,6,55,0,61,36,0,36,97
10/15/2010,CGF,OH,AGL,CE,Federal Contract Tower,0,11,28,0,39,0,0,39,0,39,0,11,67,0,78,38,0,38,116
10/16/2010,CGF,OH,AGL,CE,Federal Contract Tower,0,2,29,0,31,0,0,80,0,80,0,2,109,0,111,116,0,116,227
10/17/2010,CGF,OH,AGL,CE,Federal Contract Tower,0,10,22,0,32,0,0,36,0,36,0,10,58,0,68,60,0,60,128
10/18/2010,CGF,OH,AGL,CE,Federal Contract Tower,0,14,30,0,44,0,0,25,0,25,0,14,55,0,69,12,0,12,81
10/19/2010,CGF,OH,AGL,CE,Federal Contract Tower,0,6,20,0,26,0,0,38,0,38,0,6,58,0,64,70,0,70,134
10/20/2010,CGF,OH,AGL,CE,Federal Contract Tower,0,7,25,0,32,0,0,51,0,51,0,7,76,0,83,50,0,50,133
10/21/2010,CGF,OH,AGL,CE,Federal Contract Tower,0,10,21,0,31,0,2,40,0,42,0,12,61,0,73,68,0,68,141
10/22/2010,CGF,OH,AGL,CE,Federal Contract Tower,0,14,24,0,38,0,0,63,0,63,0,14,87,0,101,46,0,46,147
10/23/2010,CGF,OH,AGL,CE,Federal Contract Tower,0,5,16,0,21,0,0,53,0,53,0,5,69,0,74,56,0,56,130
10/24/2010,CGF,OH,AGL,CE,Federal Contract Tower,0,14,26,0,40,0,0,51,0,51,0,14,77,0,91,76,0,76,167
10/25/2010,CGF,OH,AGL,CE,Federal Contract Tower,0,8,18,0,26,0,0,44,0,44,0,8,62,0,70,38,0,38,108
10/26/2010,CGF,OH,AGL,CE,Federal Contract Tower,0,2,12,0,14,0,0,0,0,0,0,2,12,0,14,20,0,20,34
10/27/2010,CGF,OH,AGL,CE,Federal Contract Tower,0,13,30,0,43,0,0,23,0,23,0,13,53,0,66,22,0,22,88
10/28/2010,CGF,OH,AGL,CE,Federal Contract Tower,0,8,37,0,45,0,0,31,0,31,0,8,68,0,76,14,0,14,90
10/29/2010,CGF,OH,AGL,CE,Federal Contract Tower,0,17,32,0,49,0,0,58,0,58,0,17,90,0,107,34,0,34,141
10/30/2010,CGF,OH,AGL,CE,Federal Contract Tower,0,4,21,0,25,0,0,66,0,66,0,4,87,0,91,62,0,62,153
10/31/2010,CGF,OH,AGL,CE,Federal Contract Tower,0,9,22,0,31,0,2,25,0,27,0,11,47,0,58,68,0,68,126
11/01/2010,CGF,OH,AGL,CE,Federal Contract Tower,0,11,29,0,40,0,0,80,0,80,0,11,109,0,120,88,0,88,208
11/02/2010,CGF,OH,AGL,CE,Federal Contract Tower,0,9,22,0,31,0,0,54,0,54,0,9,76,0,85,40,0,40,125
11/03/2010,CGF,OH,AGL,CE,Federal Contract Tower,0,14,21,0,35,0,0,53,0,53,0,14,74,0,88,82,0,82,170
11/04/2010,CGF,OH,AGL,CE,Federal Contract Tower,0,16,35,0,51,0,0,22,0,22,0,16,57,0,73,38,0,38,111
11/05/2010,CGF,OH,AGL,CE,Federal Contract Tower,0,13,11,0,24,0,0,4,0,4,0,13,15,0,28,14,0,14,42
11/06/2010,CGF,OH,AGL,CE,Federal Contract Tower,0,4,3,0,7,0,0,0,0,0,0,4,3,0,7,0,0,0,7
11/07/2010,CGF,OH,AGL,CE,Federal Contract Tower,0,9,25,0,34,0,0,39,0,39,0,9,64,0,73,90,0,90,163
11/08/2010,CGF,OH,AGL,CE,Federal Contract Tower,0,12,24,0,36,0,0,50,0,50,0,12,74,0,86,70,0,70,156
11/09/2010,CGF,OH,AGL,CE,Federal Contract Tower,0,10,29,0,39,0,2,70,0,72,0,12,99,0,111,92,0,92,203
11/10/2010,CGF,OH,AGL,CE,Federal Contract Tower,0,10,29,0,39,0,0,55,0,55,0,10,84,0,94,80,0,80,174
11/11/2010,CGF,OH,AGL,CE,Federal Contract Tower,0,4,26,0,30,0,9,67,0,76,0,13,93,0,106,62,0,62,168
11/12/2010,CGF,OH,AGL,CE,Federal Contract Tower,0,9,18,0,27,0,0,57,0,57,0,9,75,0,84,72,0,72,156
11/13/2010,CGF,OH,AGL,CE,Federal Contract Tower,0,6,11,0,17,0,0,82,0,82,0,6,93,0,99,120,0,120,219
11/14/2010,CGF,OH,AGL,CE,Federal Contract Tower,0,7,17,0,24,0,0,14,0,14,0,7,31,0,38,40,0,40,78
11/15/2010,CGF,OH,AGL,CE,Federal Contract Tower,0,6,24,0,30,0,0,47,0,47,0,6,71,0,77,48,0,48,125
11/16/2010,CGF,OH,AGL,CE,Federal Contract Tower,0,15,18,0,33,0,2,12,0,14,0,17,30,0,47,50,0,50,97
11/17/2010,CGF,OH,AGL,CE,Federal Contract Tower,0,20,17,0,37,0,2,6,0,8,0,22,23,0,45,0,0,0,45
11/18/2010,CGF,OH,AGL,CE,Federal Contract Tower,0,8,29,0,37,0,0,11,0,11,0,8,40,0,48,0,0,0,48
11/19/2010,CGF,OH,AGL,CE,Federal Contract Tower,0,7,25,0,32,0,2,77,0,79,0,9,102,0,111,56,0,56,167
11/20/2010,CGF,OH,AGL,CE,Federal Contract Tower,0,10,24,0,34,0,0,54,0,54,0,10,78,0,88,120,0,120,208
11/21/2010,CGF,OH,AGL,CE,Federal Contract Tower,0,6,22,0,28,0,0,43,0,43,0,6,65,0,71,72,0,72,143
11/22/2010,CGF,OH,AGL,CE,Federal Contract Tower,0,7,15,0,22,0,0,8,0,8,0,7,23,0,30,0,0,0,30
11/23/2010,CGF,OH,AGL,CE,Federal Contract Tower,0,14,24,0,38,0,0,12,0,12,0,14,36,0,50,0,0,0,50
11/24/2010,CGF,OH,AGL,CE,Federal Contract Tower,0,9,22,0,31,0,0,49,0,49,0,9,71,0,80,6,0,6,86
11/25/2010,CGF,OH,AGL,CE,Federal Contract Tower,0,5,1,0,6,0,0,0,0,0,0,5,1,0,6,0,0,0,6
11/26/2010,CGF,OH,AGL,CE,Federal Contract Tower,0,6,5,0,11,0,0,29,0,29,0,6,34,0,40,42,0,42,82
11/27/2010,CGF,OH,AGL,CE,Federal Contract Tower,0,17,11,0,28,0,0,13,0,13,0,17,24,0,41,28,0,28,69
11/28/2010,CGF,OH,AGL,CE,Federal Contract Tower,0,15,38,0,53,0,0,76,0,76,0,15,114,0,129,100,0,100,229
11/29/2010,CGF,OH,AGL,CE,Federal Contract Tower,0,11,26,0,37,0,0,67,0,67,0,11,93,0,104,54,0,54,158
11/30/2010,CGF,OH,AGL,CE,Federal Contract Tower,0,8,19,0,27,0,0,0,0,0,0,8,19,0,27,0,0,0,27
12/01/2010,CGF,OH,AGL,CE,Federal Contract Tower,0,5,9,0,14,0,0,0,0,0,0,5,9,0,14,0,0,0,14
12/02/2010,CGF,OH,AGL,CE,Federal Contract Tower,0,7,16,0,23,0,0,13,0,13,0,7,29,0,36,8,0,8,44
12/03/2010,CGF,OH,AGL,CE,Federal Contract Tower,0,5,21,0,26,0,0,2,0,2,0,5,23,0,28,0,0,0,28
12/04/2010,CGF,OH,AGL,CE,Federal Contract Tower,0,4,10,0,14,0,0,40,0,40,0,4,50,0,54,24,0,24,78
12/05/2010,CGF,OH,AGL,CE,Federal Contract Tower,0,9,8,0,17,0,0,1,0,1,0,9,9,0,18,0,0,0,18
12/06/2010,CGF,OH,AGL,CE,Federal Contract Tower,0,5,17,0,22,0,0,0,0,0,0,5,17,0,22,0,0,0,22
12/07/2010,CGF,OH,AGL,CE,Federal Contract Tower,0,3,10,0,13,0,0,0,0,0,0,3,10,0,13,0,0,0,13
12/08/2010,CGF,OH,AGL,CE,Federal Contract Tower,0,1,19,0,20,0,0,0,0,0,0,1,19,0,20,0,0,0,20
12/09/2010,CGF,OH,AGL,CE,Federal Contract Tower,0,7,28,0,35,0,0,24,0,24,0,7,52,0,59,78,0,78,137
12/10/2010,CGF,OH,AGL,CE,Federal Contract Tower,0,6,17,0,23,0,0,4,0,4,0,6,21,0,27,0,0,0,27
12/11/2010,CGF,OH,AGL,CE,Federal Contract Tower,0,9,9,0,18,0,0,63,0,63,0,9,72,0,81,60,0,60,141
12/12/2010,CGF,OH,AGL,CE,Federal Contract Tower,0,5,9,0,14,0,0,0,0,0,0,5,9,0,14,0,0,0,14
12/13/2010,CGF,OH,AGL,CE,Federal Contract Tower,0,2,9,0,11,0,0,0,0,0,0,2,9,0,11,0,0,0,11
12/14/2010,CGF,OH,AGL,CE,Federal Contract Tower,0,3,12,0,15,0,0,0,0,0,0,3,12,0,15,0,0,0,15
12/15/2010,CGF,OH,AGL,CE,Federal Contract Tower,0,8,14,0,22,0,0,13,0,13,0,8,27,0,35,46,0,46,81
12/16/2010,CGF,OH,AGL,CE,Federal Contract Tower,0,5,16,0,21,0,0,44,0,44,0,5,60,0,65,38,0,38,103
12/17/2010,CGF,OH,AGL,CE,Federal Contract Tower,0,6,32,0,38,0,0,5,0,5,0,6,37,0,43,36,0,36,79
12/18/2010,CGF,OH,AGL,CE,Federal Contract Tower,0,3,13,0,16,0,0,57,0,57,0,3,70,0,73,42,0,42,115
12/19/2010,CGF,OH,AGL,CE,Federal Contract Tower,0,4,9,0,13,0,0,20,0,20,0,4,29,0,33,6,0,6,39
12/20/2010,CGF,OH,AGL,CE,Federal Contract Tower,0,4,18,0,22,0,0,0,0,0,0,4,18,0,22,0,0,0,22
12/21/2010,CGF,OH,AGL,CE,Federal Contract Tower,0,5,15,0,20,0,0,14,0,14,0,5,29,0,34,34,0,34,68
12/22/2010,CGF,OH,AGL,CE,Federal Contract Tower,0,6,9,0,15,0,0,2,0,2,0,6,11,0,17,0,0,0,17
12/23/2010,CGF,OH,AGL,CE,Federal Contract Tower,0,9,9,0,18,0,0,3,0,3,0,9,12,0,21,14,0,14,35
12/24/2010,CGF,OH,AGL,CE,Federal Contract Tower,0,5,8,0,13,0,0,8,0,8,0,5,16,0,21,28,0,28,49
12/25/2010,CGF,OH,AGL,CE,Federal Contract Tower,0,7,1,0,8,0,0,0,0,0,0,7,1,0,8,0,0,0,8
12/26/2010,CGF,OH,AGL,CE,Federal Contract Tower,0,7,12,0,19,0,0,8,0,8,0,7,20,0,27,42,0,42,69
12/27/2010,CGF,OH,AGL,CE,Federal Contract Tower,0,10,16,0,26,0,0,0,0,0,0,10,16,0,26,0,0,0,26
12/28/2010,CGF,OH,AGL,CE,Federal Contract Tower,0,13,7,0,20,0,0,24,0,24,0,13,31,0,44,14,0,14,58
12/29/2010,CGF,OH,AGL,CE,Federal Contract Tower,0,1,10,0,11,0,0,53,0,53,0,1,63,0,64,38,0,38,102
12/30/2010,CGF,OH,AGL,CE,Federal Contract Tower,0,6,9,0,15,0,0,8,0,8,0,6,17,0,23,22,0,22,45
12/31/2010,CGF,OH,AGL,CE,Federal Contract Tower,0,5,10,0,15,0,2,22,0,24,0,7,32,0,39,54,0,54,93
01/01/2011,CGF,OH,AGL,CE,Federal Contract Tower,0,6,10,0,16,0,0,0,0,0,0,6,10,0,16,0,0,0,16
01/02/2011,CGF,OH,AGL,CE,Federal Contract Tower,0,12,14,0,26,0,2,30,0,32,0,14,44,0,58,22,0,22,80
01/03/2011,CGF,OH,AGL,CE,Federal Contract Tower,0,11,12,0,23,0,0,47,0,47,0,11,59,0,70,0,0,0,70
01/04/2011,CGF,OH,AGL,CE,Federal Contract Tower,0,9,8,0,17,0,0,27,0,27,0,9,35,0,44,18,0,18,62
01/05/2011,CGF,OH,AGL,CE,Federal Contract Tower,0,6,7,0,13,0,0,27,0,27,0,6,34,0,40,52,0,52,92
01/06/2011,CGF,OH,AGL,CE,Federal Contract Tower,0,7,11,0,18,0,0,0,0,0,0,7,11,0,18,0,0,0,18
01/07/2011,CGF,OH,AGL,CE,Federal Contract Tower,0,10,17,0,27,0,0,8,0,8,0,10,25,0,35,0,0,0,35
01/08/2011,CGF,OH,AGL,CE,Federal Contract Tower,0,7,10,0,17,0,0,1,0,1,0,7,11,0,18,0,0,0,18
01/09/2011,CGF,OH,AGL,CE,Federal Contract Tower,0,5,14,0,19,0,0,26,0,26,0,5,40,0,45,14,0,14,59
01/10/2011,CGF,OH,AGL,CE,Federal Contract Tower,0,8,17,0,25,0,0,10,0,10,0,8,27,0,35,0,0,0,35
01/11/2011,CGF,OH,AGL,CE,Federal Contract Tower,0,7,15,0,22,0,0,3,0,3,0,7,18,0,25,0,0,0,25
01/12/2011,CGF,OH,AGL,CE,Federal Contract Tower,0,5,13,0,18,0,0,0,0,0,0,5,13,0,18,0,0,0,18
01/13/2011,CGF,OH,AGL,CE,Federal Contract Tower,0,10,17,0,27,0,0,8,0,8,0,10,25,0,35,20,0,20,55
01/14/2011,CGF,OH,AGL,CE,Federal Contract Tower,0,5,26,0,31,0,0,2,0,2,0,5,28,0,33,0,0,0,33
01/15/2011,CGF,OH,AGL,CE,Federal Contract Tower,0,6,6,0,12,0,0,0,0,0,0,6,6,0,12,0,0,0,12
01/16/2011,CGF,OH,AGL,CE,Federal Contract Tower,0,8,17,0,25,0,2,13,0,15,0,10,30,0,40,12,0,12,52
01/17/2011,CGF,OH,AGL,CE,Federal Contract Tower,0,7,23,0,30,0,0,29,0,29,0,7,52,0,59,18,0,18,77
01/18/2011,CGF,OH,AGL,CE,Federal Contract Tower,0,0,18,0,18,0,0,2,0,2,0,0,20,0,20,2,0,2,22
01/19/2011,CGF,OH,AGL,CE,Federal Contract Tower,0,4,16,0,20,0,0,0,0,0,0,4,16,0,20,0,0,0,20
01/20/2011,CGF,OH,AGL,CE,Federal Contract Tower,0,8,20,0,28,0,0,2,0,2,0,8,22,0,30,0,0,0,30
01/21/2011,CGF,OH,AGL,CE,Federal Contract Tower,0,3,19,0,22,0,0,0,0,0,0,3,19,0,22,0,0,0,22
01/22/2011,CGF,OH,AGL,CE,Federal Contract Tower,0,1,9,0,10,0,0,25,0,25,0,1,34,0,35,34,0,34,69
01/23/2011,CGF,OH,AGL,CE,Federal Contract Tower,0,5,16,0,21,0,0,7,0,7,0,5,23,0,28,0,0,0,28
01/24/2011,CGF,OH,AGL,CE,Federal Contract Tower,0,1,12,0,13,0,0,0,0,0,0,1,12,0,13,0,0,0,13
01/25/2011,CGF,OH,AGL,CE,Federal Contract Tower,0,6,20,0,26,0,0,1,0,1,0,6,21,0,27,0,0,0,27
01/26/2011,CGF,OH,AGL,CE,Federal Contract Tower,0,8,22,0,30,0,0,0,0,0,0,8,22,0,30,0,0,0,30
01/27/2011,CGF,OH,AGL,CE,Federal Contract Tower,0,7,22,0,29,0,0,3,0,3,0,7,25,0,32,8,0,8,40
01/28/2011,CGF,OH,AGL,CE,Federal Contract Tower,0,5,28,0,33,0,0,0,0,0,0,5,28,0,33,0,0,0,33
01/29/2011,CGF,OH,AGL,CE,Federal Contract Tower,0,1,8,0,9,0,0,0,0,0,0,1,8,0,9,0,0,0,9
01/30/2011,CGF,OH,AGL,CE,Federal Contract Tower,0,6,11,0,17,0,0,27,0,27,0,6,38,0,44,34,0,34,78
01/31/2011,CGF,OH,AGL,CE,Federal Contract Tower,0,7,25,0,32,0,0,22,0,22,0,7,47,0,54,14,0,14,68
02/01/2011,CGF,OH,AGL,CE,Federal Contract Tower,0,7,5,0,12,0,0,0,0,0,0,7,5,0,12,0,0,0,12
02/02/2011,CGF,OH,AGL,CE,Federal Contract Tower,0,0,4,0,4,0,0,0,0,0,0,0,4,0,4,0,0,0,4
02/03/2011,CGF,OH,AGL,CE,Federal Contract Tower,0,5,12,0,17,0,0,25,0,25,0,5,37,0,42,6,0,6,48
02/04/2011,CGF,OH,AGL,CE,Federal Contract Tower,0,11,20,0,31,0,0,38,0,38,0,11,58,0,69,56,0,56,125
02/05/2011,CGF,OH,AGL,CE,Federal Contract Tower,0,1,9,0,10,0,0,12,0,12,0,1,21,0,22,24,0,24,46
02/06/2011,CGF,OH,AGL,CE,Federal Contract Tower,0,9,6,0,15,0,0,8,0,8,0,9,14,0,23,34,0,34,57
02/07/2011,CGF,OH,AGL,CE,Federal Contract Tower,0,7,16,0,23,0,0,0,0,0,0,7,16,0,23,0,0,0,23
02/08/2011,CGF,OH,AGL,CE,Federal Contract Tower,0,5,17,0,22,0,0,9,0,9,0,5,26,0,31,12,0,12,43
02/09/2011,CGF,OH,AGL,CE,Federal Contract Tower,0,12,17,0,29,0,0,16,0,16,0,12,33,0,45,6,0,6,51
02/10/2011,CGF,OH,AGL,CE,Federal Contract Tower,0,6,27,0,33,0,1,26,0,27,0,7,53,0,60,42,0,42,102
02/11/2011,CGF,OH,AGL,CE,Federal Contract Tower,0,9,21,0,30,0,0,18,0,18,0,9,39,0,48,10,0,10,58
02/12/2011,CGF,OH,AGL,CE,Federal Contract Tower,0,4,5,0,9,0,0,22,0,22,0,4,27,0,31,48,0,48,79
02/13/2011,CGF,OH,AGL,CE,Federal Contract Tower,0,13,6,0,19,0,0,20,0,20,0,13,26,0,39,0,0,0,39
02/14/2011,CGF,OH,AGL,CE,Federal Contract Tower,0,4,10,0,14,0,0,0,0,0,0,4,10,0,14,0,0,0,14
02/15/2011,CGF,OH,AGL,CE,Federal Contract Tower,0,9,30,0,39,0,0,54,0,54,0,9,84,0,93,40,0,40,133
02/16/2011,CGF,OH,AGL,CE,Federal Contract Tower,0,5,29,0,34,0,0,44,0,44,0,5,73,0,78,34,0,34,112
02/17/2011,CGF,OH,AGL,CE,Federal Contract Tower,0,13,26,0,39,0,0,29,0,29,0,13,55,0,68,34,0,34,102
02/18/2011,CGF,OH,AGL,CE,Federal Contract Tower,0,8,23,0,31,0,0,8,0,8,0,8,31,0,39,4,0,4,43
02/19/2011,CGF,OH,AGL,CE,Federal Contract Tower,0,5,8,0,13,0,0,33,0,33,0,5,41,0,46,24,0,24,70
02/20/2011,CGF,OH,AGL,CE,Federal Contract Tower,0,2,24,0,26,0,0,37,0,37,0,2,61,0,63,24,0,24,87
02/21/2011,CGF,OH,AGL,CE,Federal Contract Tower,0,6,6,0,12,0,0,0,0,0,0,6,6,0,12,0,0,0,12
02/22/2011,CGF,OH,AGL,CE,Federal Contract Tower,0,6,28,0,34,0,0,10,0,10,0,6,38,0,44,0,0,0,44
02/23/2011,CGF,OH,AGL,CE,Federal Contract Tower,0,8,29,0,37,0,0,15,0,15,0,8,44,0,52,14,0,14,66
02/24/2011,CGF,OH,AGL,CE,Federal Contract Tower,0,1,33,0,34,0,0,0,0,0,0,1,33,0,34,0,0,0,34
02/25/2011,CGF,OH,AGL,CE,Federal Contract Tower,0,5,14,0,19,0,0,1,0,1,0,5,15,0,20,0,0,0,20
02/26/2011,CGF,OH,AGL,CE,Federal Contract Tower,0,9,6,0,15,0,0,13,0,13,0,9,19,0,28,36,0,36,64
02/27/2011,CGF,OH,AGL,CE,Federal Contract Tower,0,7,11,0,18,0,0,33,0,33,0,7,44,0,51,48,0,48,99
02/28/2011,CGF,OH,AGL,CE,Federal Contract Tower,0,19,18,0,37,0,0,0,0,0,0,19,18,0,37,2,0,2,39
03/01/2011,CGF,OH,AGL,CE,Federal Contract Tower,0,3,34,0,37,0,0,51,0,51,0,3,85,0,88,40,0,40,128
03/02/2011,CGF,OH,AGL,CE,Federal Contract Tower,0,4,13,0,17,0,0,36,0,36,0,4,49,0,53,18,0,18,71
03/03/2011,CGF,OH,AGL,CE,Federal Contract Tower,0,7,32,0,39,0,0,45,0,45,0,7,77,0,84,46,0,46,130
03/04/2011,CGF,OH,AGL,CE,Federal Contract Tower,0,4,17,0,21,0,0,2,0,2,0,4,19,0,23,0,0,0,23
03/05/2011,CGF,OH,AGL,CE,Federal Contract Tower,0,3,2,0,5,0,0,2,0,2,0,3,4,0,7,0,0,0,7
03/06/2011,CGF,OH,AGL,CE,Federal Contract Tower,0,4,12,0,16,0,0,0,0,0,0,4,12,0,16,0,0,0,16
03/07/2011,CGF,OH,AGL,CE,Federal Contract Tower,0,9,15,0,24,0,0,46,0,46,0,9,61,0,70,104,0,104,174
03/08/2011,CGF,OH,AGL,CE,Federal Contract Tower,0,5,26,0,31,0,0,43,0,43,0,5,69,0,74,78,0,78,152
03/09/2011,CGF,OH,AGL,CE,Federal Contract Tower,0,11,8,0,19,0,0,0,0,0,0,11,8,0,19,0,0,0,19
03/10/2011,CGF,OH,AGL,CE,Federal Contract Tower,0,10,15,0,25,0,0,0,0,0,0,10,15,0,25,0,0,0,25
03/11/2011,CGF,OH,AGL,CE,Federal Contract Tower,0,4,9,0,13,0,0,2,0,2,0,4,11,0,15,2,0,2,17
03/12/2011,CGF,OH,AGL,CE,Federal Contract Tower,0,14,6,0,20,0,0,13,0,13,0,14,19,0,33,12,0,12,45
03/13/2011,CGF,OH,AGL,CE,Federal Contract Tower,0,6,11,0,17,0,0,10,0,10,0,6,21,0,27,0,0,0,27
03/14/2011,CGF,OH,AGL,CE,Federal Contract Tower,0,4,11,0,15,0,0,23,0,23,0,4,34,0,38,44,0,44,82
03/15/2011,CGF,OH,AGL,CE,Federal Contract Tower,0,7,17,0,24,0,0,28,0,28,0,7,45,0,52,36,0,36,88
03/16/2011,CGF,OH,AGL,CE,Federal Contract Tower,0,15,16,0,31,0,0,11,0,11,0,15,27,0,42,14,0,14,56
03/17/2011,CGF,OH,AGL,CE,Federal Contract Tower,0,8,19,0,27,0,2,55,0,57,0,10,74,0,84,50,0,50,134
03/18/2011,CGF,OH,AGL,CE,Federal Contract Tower,0,7,11,0,18,0,0,46,0,46,0,7,57,0,64,46,0,46,110
03/19/2011,CGF,OH,AGL,CE,Federal Contract Tower,0,9,17,0,26,0,2,55,0,57,0,11,72,0,83,30,0,30,113
03/20/2011,CGF,OH,AGL,CE,Federal Contract Tower,0,8,8,0,16,0,0,55,0,55,0,8,63,0,71,48,0,48,119
03/21/2011,CGF,OH,AGL,CE,Federal Contract Tower,0,5,13,0,18,0,0,5,0,5,0,5,18,0,23,0,0,0,23
03/22/2011,CGF,OH,AGL,CE,Federal Contract Tower,0,5,19,0,24,0,0,6,0,6,0,5,25,0,30,2,0,2,32
03/23/2011,CGF,OH,AGL,CE,Federal Contract Tower,0,7,16,0,23,0,0,0,0,0,0,7,16,0,23,0,0,0,23
03/24/2011,CGF,OH,AGL,CE,Federal Contract Tower,0,6,14,0,20,0,0,44,0,44,0,6,58,0,64,48,0,48,112
03/25/2011,CGF,OH,AGL,CE,Federal Contract Tower,0,6,16,0,22,0,0,64,1,65,0,6,80,1,87,104,4,108,195
03/26/2011,CGF,OH,AGL,CE,Federal Contract Tower,0,3,18,0,21,0,0,61,0,61,0,3,79,0,82,86,0,86,168
03/27/2011,CGF,OH,AGL,CE,Federal Contract Tower,0,7,13,0,20,0,0,35,0,35,0,7,48,0,55,30,0,30,85
03/28/2011,CGF,OH,AGL,CE,Federal Contract Tower,0,8,15,0,23,0,0,35,0,35,0,8,50,0,58,44,0,44,102
03/29/2011,CGF,OH,AGL,CE,Federal Contract Tower,0,12,26,0,38,0,4,50,0,54,0,16,76,0,92,80,0,80,172
03/30/2011,CGF,OH,AGL,CE,Federal Contract Tower,0,7,14,0,21,0,0,26,0,26,0,7,40,0,47,54,0,54,101
03/31/2011,CGF,OH,AGL,CE,Federal Contract Tower,0,5,19,0,24,0,0,0,0,0,0,5,19,0,24,18,0,18,42
04/01/2011,CGF,OH,AGL,CE,Federal Contract Tower,0,1,10,0,11,0,0,39,0,39,0,1,49,0,50,74,0,74,124
04/02/2011,CGF,OH,AGL,CE,Federal Contract Tower,0,4,21,0,25,0,0,40,0,40,0,4,61,0,65,56,0,56,121
04/03/2011,CGF,OH,AGL,CE,Federal Contract Tower,0,10,32,0,42,0,0,35,0,35,0,10,67,0,77,52,0,52,129
04/04/2011,CGF,OH,AGL,CE,Federal Contract Tower,0,6,11,0,17,0,0,0,0,0,0,6,11,0,17,0,0,0,17
04/05/2011,CGF,OH,AGL,CE,Federal Contract Tower,0,4,14,0,18,0,0,18,0,18,0,4,32,0,36,22,0,22,58
04/06/2011,CGF,OH,AGL,CE,Federal Contract Tower,0,7,24,0,31,0,0,3,0,3,0,7,27,0,34,0,0,0,34
04/07/2011,CGF,OH,AGL,CE,Federal Contract Tower,0,8,17,0,25,0,0,47,0,47,0,8,64,0,72,108,0,108,180
04/08/2011,CGF,OH,AGL,CE,Federal Contract Tower,0,10,21,0,31,0,0,14,0,14,0,10,35,0,45,32,0,32,77
04/09/2011,CGF,OH,AGL,CE,Federal Contract Tower,0,10,23,0,33,0,0,50,0,50,0,10,73,0,83,84,0,84,167
04/10/2011,CGF,OH,AGL,CE,Federal Contract Tower,0,15,25,0,40,0,0,38,0,38,0,15,63,0,78,30,0,30,108
04/11/2011,CGF,OH,AGL,CE,Federal Contract Tower,0,5,16,0,21,0,0,1,0,1,0,5,17,0,22,0,0,0,22
04/12/2011,CGF,OH,AGL,CE,Federal Contract Tower,0,6,27,0,33,0,0,0,0,0,0,6,27,0,33,0,0,0,33
04/13/2011,CGF,OH,AGL,CE,Federal Contract Tower,0,2,36,0,38,0,0,47,0,47,0,2,83,0,85,72,0,72,157
04/14/2011,CGF,OH,AGL,CE,Federal Contract Tower,0,4,20,0,24,0,0,57,0,57,0,4,77,0,81,66,0,66,147
04/15/2011,CGF,OH,AGL,CE,Federal Contract Tower,0,10,28,0,38,0,0,41,0,41,0,10,69,0,79,48,0,48,127
04/16/2011,CGF,OH,AGL,CE,Federal Contract Tower,0,4,2,0,6,0,0,0,0,0,0,4,2,0,6,0,0,0,6
04/17/2011,CGF,OH,AGL,CE,Federal Contract Tower,0,14,9,0,23,0,0,4,0,4,0,14,13,0,27,0,0,0,27
04/18/2011,CGF,OH,AGL,CE,Federal Contract Tower,0,12,20,0,32,0,0,6,0,6,0,12,26,0,38,0,0,0,38
04/19/2011,CGF,OH,AGL,CE,Federal Contract Tower,0,14,19,0,33,0,0,0,0,0,0,14,19,0,33,0,0,0,33
04/20/2011,CGF,OH,AGL,CE,Federal Contract Tower,0,5,31,0,36,0,2,4,0,6,0,7,35,0,42,12,0,12,54
04/21/2011,CGF,OH,AGL,CE,Federal Contract Tower,0,13,23,0,36,0,0,39,0,39,0,13,62,0,75,72,0,72,147
04/22/2011,CGF,OH,AGL,CE,Federal Contract Tower,0,8,14,0,22,0,0,6,0,6,0,8,20,0,28,26,0,26,54
04/23/2011,CGF,OH,AGL,CE,Federal Contract Tower,0,2,12,0,14,0,0,45,0,45,0,2,57,0,59,40,0,40,99
04/24/2011,CGF,OH,AGL,CE,Federal Contract Tower,0,9,5,0,14,0,0,3,0,3,0,9,8,0,17,0,0,0,17
04/25/2011,CGF,OH,AGL,CE,Federal Contract Tower,0,11,27,0,38,0,0,0,0,0,0,11,27,0,38,0,0,0,38
04/26/2011,CGF,OH,AGL,CE,Federal Contract Tower,0,9,25,0,34,0,0,4,0,4,0,9,29,0,38,12,0,12,50
04/27/2011,CGF,OH,AGL,CE,Federal Contract Tower,0,7,28,0,35,0,0,17,0,17,0,7,45,0,52,0,0,0,52
04/28/2011,CGF,OH,AGL,CE,Federal Contract Tower,0,6,26,0,32,0,0,5,0,5,0,6,31,0,37,0,0,0,37
04/29/2011,CGF,OH,AGL,CE,Federal Contract Tower,0,12,18,0,30,0,0,24,0,24,0,12,42,0,54,20,0,20,74
04/30/2011,CGF,OH,AGL,CE,Federal Contract Tower,0,9,15,0,24,0,0,100,0,100,0,9,115,0,124,110,0,110,234
05/01/2011,CGF,OH,AGL,CE,Federal Contract Tower,0,4,9,0,13,0,0,40,0,40,0,4,49,0,53,36,0,36,89
05/02/2011,CGF,OH,AGL,CE,Federal Contract Tower,0,6,31,0,37,0,0,35,0,35,0,6,66,0,72,24,0,24,96
05/03/2011,CGF,OH,AGL,CE,Federal Contract Tower,0,2,24,0,26,0,0,0,0,0,0,2,24,0,26,0,0,0,26
05/04/2011,CGF,OH,AGL,CE,Federal Contract Tower,0,13,51,0,64,0,0,44,0,44,0,13,95,0,108,48,0,48,156
05/05/2011,CGF,OH,AGL,CE,Federal Contract Tower,0,11,28,0,39,0,0,67,0,67,0,11,95,0,106,98,0,98,204
05/06/2011,CGF,OH,AGL,CE,Federal Contract Tower,0,7,28,0,35,0,0,38,0,38,0,7,66,0,73,42,0,42,115
05/07/2011,CGF,OH,AGL,CE,Federal Contract Tower,0,5,23,0,28,0,0,35,0,35,0,5,58,0,63,44,0,44,107
05/08/2011,CGF,OH,AGL,CE,Federal Contract Tower,0,8,26,0,34,0,0,45,0,45,0,8,71,0,79,42,0,42,121
05/09/2011,CGF,OH,AGL,CE,Federal Contract Tower,0,13,38,0,51,0,0,48,0,48,0,13,86,0,99,130,0,130,229
05/10/2011,CGF,OH,AGL,CE,Federal Contract Tower,0,7,35,0,42,0,0,42,0,42,0,7,77,0,84,34,0,34,118
05/11/2011,CGF,OH,AGL,CE,Federal Contract Tower,0,14,13,0,27,0,0,52,0,52,0,14,65,0,79,74,0,74,153
05/12/2011,CGF,OH,AGL,CE,Federal Contract Tower,0,8,29,0,37,0,0,26,0,26,0,8,55,0,63,48,0,48,111
05/13/2011,CGF,OH,AGL,CE,Federal Contract Tower,0,5,33,0,38,0,0,18,0,18,0,5,51,0,56,24,0,24,80
05/14/2011,CGF,OH,AGL,CE,Federal Contract Tower,0,8,19,0,27,0,0,3,0,3,0,8,22,0,30,0,0,0,30
05/15/2011,CGF,OH,AGL,CE,Federal Contract Tower,0,6,10,0,16,0,0,0,0,0,0,6,10,0,16,0,0,0,16
05/16/2011,CGF,OH,AGL,CE,Federal Contract Tower,0,5,20,0,25,0,0,0,0,0,0,5,20,0,25,0,0,0,25
05/17/2011,CGF,OH,AGL,CE,Federal Contract Tower,0,18,35,0,53,0,0,0,0,0,0,18,35,0,53,0,0,0,53
05/18/2011,CGF,OH,AGL,CE,Federal Contract Tower,0,13,26,0,39,0,0,15,0,15,0,13,41,0,54,24,0,24,78
05/19/2011,CGF,OH,AGL,CE,Federal Contract Tower,0,7,27,0,34,0,0,26,0,26,0,7,53,0,60,24,0,24,84
05/20/2011,CGF,OH,AGL,CE,Federal Contract Tower,0,14,40,0,54,0,0,62,0,62,0,14,102,0,116,104,0,104,220
05/21/2011,CGF,OH,AGL,CE,Federal Contract Tower,0,6,18,0,24,0,0,67,0,67,0,6,85,0,91,68,0,68,159
05/22/2011,CGF,OH,AGL,CE,Federal Contract Tower,0,13,15,0,28,0,0,45,0,45,0,13,60,0,73,56,0,56,129
05/23/2011,CGF,OH,AGL,CE,Federal Contract Tower,0,5,12,0,17,0,0,3,0,3,0,5,15,0,20,4,0,4,24
05/24/2011,CGF,OH,AGL,CE,Federal Contract Tower,0,8,18,0,26,0,0,42,0,42,0,8,60,0,68,64,0,64,132
05/25/2011,CGF,OH,AGL,CE,Federal Contract Tower,0,16,16,0,32,0,0,42,0,42,0,16,58,0,74,44,0,44,118
05/26/2011,CGF,OH,AGL,CE,Federal Contract Tower,0,8,19,0,27,0,0,20,0,20,0,8,39,0,47,66,0,66,113
05/27/2011,CGF,OH,AGL,CE,Federal Contract Tower,0,13,27,0,40,0,0,2,0,2,0,13,29,0,42,0,0,0,42
05/28/2011,CGF,OH,AGL,CE,Federal Contract Tower,0,2,16,0,18,0,0,50,0,50,0,2,66,0,68,56,0,56,124
05/29/2011,CGF,OH,AGL,CE,Federal Contract Tower,0,2,15,0,17,0,0,33,0,33,0,2,48,0,50,28,0,28,78
05/30/2011,CGF,OH,AGL,CE,Federal Contract Tower,0,6,16,0,22,0,0,63,0,63,0,6,79,0,85,52,0,52,137
05/31/2011,CGF,OH,AGL,CE,Federal Contract Tower,0,16,35,0,51,0,1,54,0,55,0,17,89,0,106,40,0,40,146
06/01/2011,CGF,OH,AGL,CE,Federal Contract Tower,0,9,26,0,35,0,0,23,0,23,0,9,49,0,58,18,0,18,76
06/02/2011,CGF,OH,AGL,CE,Federal Contract Tower,0,5,25,0,30,0,0,53,0,53,0,5,78,0,83,50,0,50,133
06/03/2011,CGF,OH,AGL,CE,Federal Contract Tower,0,10,27,0,37,0,0,62,0,62,0,10,89,0,99,72,0,72,171
06/04/2011,CGF,OH,AGL,CE,Federal Contract Tower,0,4,12,0,16,0,2,31,0,33,0,6,43,0,49,52,0,52,101
06/05/2011,CGF,OH,AGL,CE,Federal Contract Tower,0,6,22,0,28,0,0,63,0,63,0,6,85,0,91,60,0,60,151
06/06/2011,CGF,OH,AGL,CE,Federal Contract Tower,0,5,21,0,26,0,0,47,0,47,0,5,68,0,73,46,0,46,119
06/07/2011,CGF,OH,AGL,CE,Federal Contract Tower,0,8,12,0,20,0,0,19,0,19,0,8,31,0,39,34,0,34,73
06/08/2011,CGF,OH,AGL,CE,Federal Contract Tower,0,7,28,0,35,0,0,29,0,29,0,7,57,0,64,44,0,44,108
06/09/2011,CGF,OH,AGL,CE,Federal Contract Tower,0,13,32,0,45,0,0,36,0,36,0,13,68,0,81,52,0,52,133
06/10/2011,CGF,OH,AGL,CE,Federal Contract Tower,0,9,26,0,35,0,0,14,0,14,0,9,40,0,49,30,0,30,79
06/11/2011,CGF,OH,AGL,CE,Federal Contract Tower,0,5,8,0,13,0,0,29,0,29,0,5,37,0,42,40,0,40,82
06/12/2011,CGF,OH,AGL,CE,Federal Contract Tower,0,14,29,0,43,0,0,6,0,6,0,14,35,0,49,6,0,6,55
06/13/2011,CGF,OH,AGL,CE,Federal Contract Tower,0,10,23,0,33,0,0,60,0,60,0,10,83,0,93,50,0,50,143
06/14/2011,CGF,OH,AGL,CE,Federal Contract Tower,0,17,29,0,46,0,0,48,0,48,0,17,77,0,94,60,0,60,154
06/15/2011,CGF,OH,AGL,CE,Federal Contract Tower,0,9,31,0,40,0,0,61,0,61,0,9,92,0,101,76,0,76,177
06/16/2011,CGF,OH,AGL,CE,Federal Contract Tower,0,10,26,0,36,0,0,17,0,17,0,10,43,0,53,0,0,0,53
06/17/2011,CGF,OH,AGL,CE,Federal Contract Tower,0,16,25,0,41,0,0,43,0,43,0,16,68,0,84,56,0,56,140
06/18/2011,CGF,OH,AGL,CE,Federal Contract Tower,0,8,12,0,20,0,0,57,0,57,0,8,69,0,77,60,0,60,137
06/19/2011,CGF,OH,AGL,CE,Federal Contract Tower,0,7,26,0,33,0,0,22,0,22,0,7,48,0,55,26,0,26,81
06/20/2011,CGF,OH,AGL,CE,Federal Contract Tower,0,5,20,0,25,0,0,30,0,30,0,5,50,0,55,50,0,50,105
06/21/2011,CGF,OH,AGL,CE,Federal Contract Tower,0,7,28,0,35,0,0,21,0,21,0,7,49,0,56,34,0,34,90
06/22/2011,CGF,OH,AGL,CE,Federal Contract Tower,0,7,18,0,25,0,0,36,0,36,0,7,54,0,61,32,0,32,93
06/23/2011,CGF,OH,AGL,CE,Federal Contract Tower,0,16,32,0,48,0,0,28,0,28,0,16,60,0,76,32,0,32,108
06/24/2011,CGF,OH,AGL,CE,Federal Contract Tower,0,7,25,0,32,0,0,2,0,2,0,7,27,0,34,2,0,2,36
06/25/2011,CGF,OH,AGL,CE,Federal Contract Tower,0,7,21,0,28,0,0,57,0,57,0,7,78,0,85,86,0,86,171
06/26/2011,CGF,OH,AGL,CE,Federal Contract Tower,0,8,14,0,22,0,0,82,0,82,0,8,96,0,104,68,0,68,172
06/27/2011,CGF,OH,AGL,CE,Federal Contract Tower,0,2,17,2,21,0,0,60,4,64,0,2,77,6,85,78,0,78,163
06/28/2011,CGF,OH,AGL,CE,Federal Contract Tower,0,6,14,0,20,0,0,36,0,36,0,6,50,0,56,72,0,72,128
06/29/2011,CGF,OH,AGL,CE,Federal Contract Tower,0,10,18,0,28,0,0,59,0,59,0,10,77,0,87,56,0,56,143
06/30/2011,CGF,OH,AGL,CE,Federal Contract Tower,0,14,37,0,51,0,0,52,0,52,0,14,89,0,103,52,0,52,155
07/01/2011,CGF,OH,AGL,CE,Federal Contract Tower,0,6,21,0,27,0,0,67,0,67,0,6,88,0,94,56,0,56,150
07/02/2011,CGF,OH,AGL,CE,Federal Contract Tower,0,4,13,0,17,0,0,31,0,31,0,4,44,0,48,72,0,72,120
07/03/2011,CGF,OH,AGL,CE,Federal Contract Tower,0,10,12,0,22,0,0,54,0,54,0,10,66,0,76,56,0,56,132
07/04/2011,CGF,OH,AGL,CE,Federal Contract Tower,0,12,5,0,17,0,0,42,0,42,0,12,47,0,59,40,0,40,99
07/05/2011,CGF,OH,AGL,CE,Federal Contract Tower,0,8,32,0,40,0,0,44,0,44,0,8,76,0,84,130,0,130,214
07/06/2011,CGF,OH,AGL,CE,Federal Contract Tower,0,3,20,0,23,0,0,62,0,62,0,3,82,0,85,76,0,76,161
07/07/2011,CGF,OH,AGL,CE,Federal Contract Tower,0,9,36,0,45,0,0,46,0,46,0,9,82,0,91,90,0,90,181
07/08/2011,CGF,OH,AGL,CE,Federal Contract Tower,0,8,27,0,35,0,0,59,0,59,0,8,86,0,94,120,0,120,214
07/09/2011,CGF,OH,AGL,CE,Federal Contract Tower,0,7,17,0,24,0,0,79,0,79,0,7,96,0,103,116,0,116,219
07/10/2011,CGF,OH,AGL,CE,Federal Contract Tower,0,9,11,0,20,0,0,70,0,70,0,9,81,0,90,122,0,122,212
07/11/2011,CGF,OH,AGL,CE,Federal Contract Tower,0,8,14,0,22,0,0,20,0,20,0,8,34,0,42,22,0,22,64
07/12/2011,CGF,OH,AGL,CE,Federal Contract Tower,0,11,24,0,35,0,2,47,0,49,0,13,71,0,84,64,0,64,148
07/13/2011,CGF,OH,AGL,CE,Federal Contract Tower,0,7,20,0,27,0,0,51,0,51,0,7,71,0,78,64,0,64,142
07/14/2011,CGF,OH,AGL,CE,Federal Contract Tower,0,8,36,0,44,0,0,66,0,66,0,8,102,0,110,82,0,82,192
07/15/2011,CGF,OH,AGL,CE,Federal Contract Tower,0,4,10,0,14,0,0,40,0,40,0,4,50,0,54,96,0,96,150
07/16/2011,CGF,OH,AGL,CE,Federal Contract Tower,0,2,17,0,19,0,0,38,0,38,0,2,55,0,57,100,0,100,157
07/17/2011,CGF,OH,AGL,CE,Federal Contract Tower,0,6,23,0,29,0,0,57,0,57,0,6,80,0,86,48,0,48,134
07/18/2011,CGF,OH,AGL,CE,Federal Contract Tower,0,15,21,0,36,0,0,39,0,39,0,15,60,0,75,40,0,40,115
07/19/2011,CGF,OH,AGL,CE,Federal Contract Tower,0,8,30,0,38,0,0,47,0,47,0,8,77,0,85,48,0,48,133
07/20/2011,CGF,OH,AGL,CE,Federal Contract Tower,0,15,26,0,41,0,0,50,0,50,0,15,76,0,91,58,0,58,149
07/21/2011,CGF,OH,AGL,CE,Federal Contract Tower,0,8,40,0,48,0,0,60,0,60,0,8,100,0,108,52,0,52,160
07/22/2011,CGF,OH,AGL,CE,Federal Contract Tower,0,12,38,0,50,0,1,44,1,46,0,13,82,1,96,40,0,40,136
07/23/2011,CGF,OH,AGL,CE,Federal Contract Tower,0,14,14,0,28,0,0,46,0,46,0,14,60,0,74,76,0,76,150
07/24/2011,CGF,OH,AGL,CE,Federal Contract Tower,0,6,20,0,26,0,0,32,0,32,0,6,52,0,58,68,0,68,126
07/25/2011,CGF,OH,AGL,CE,Federal Contract Tower,0,7,26,0,33,0,0,49,0,49,0,7,75,0,82,90,0,90,172
07/26/2011,CGF,OH,AGL,CE,Federal Contract Tower,0,6,42,0,48,0,0,53,0,53,0,6,95,0,101,58,0,58,159
07/27/2011,CGF,OH,AGL,CE,Federal Contract Tower,0,12,30,0,42,0,0,63,0,63,0,12,93,0,105,76,0,76,181
07/28/2011,CGF,OH,AGL,CE,Federal Contract Tower,0,7,31,0,38,0,0,41,0,41,0,7,72,0,79,42,0,42,121
07/29/2011,CGF,OH,AGL,CE,Federal Contract Tower,0,5,21,0,26,0,0,21,0,21,0,5,42,0,47,42,0,42,89
07/30/2011,CGF,OH,AGL,CE,Federal Contract Tower,0,10,21,0,31,0,0,53,0,53,0,10,74,0,84,108,0,108,192
07/31/2011,CGF,OH,AGL,CE,Federal Contract Tower,0,15,19,0,34,0,0,46,0,46,0,15,65,0,80,64,0,64,144
08/01/2011,CGF,OH,AGL,CE,Federal Contract Tower,0,6,26,0,32,0,0,25,0,25,0,6,51,0,57,38,0,38,95
08/02/2011,CGF,OH,AGL,CE,Federal Contract Tower,0,7,25,0,32,0,0,40,0,40,0,7,65,0,72,44,0,44,116
08/03/2011,CGF,OH,AGL,CE,Federal Contract Tower,0,6,22,0,28,0,0,0,0,0,0,6,22,0,28,0,0,0,28
08/04/2011,CGF,OH,AGL,CE,Federal Contract Tower,0,15,26,0,41,0,2,53,0,55,0,17,79,0,96,70,0,70,166
08/05/2011,CGF,OH,AGL,CE,Federal Contract Tower,0,21,27,0,48,0,0,61,0,61,0,21,88,0,109,64,0,64,173
08/06/2011,CGF,OH,AGL,CE,Federal Contract Tower,0,6,9,0,15,0,0,43,0,43,0,6,52,0,58,54,0,54,112
08/07/2011,CGF,OH,AGL,CE,Federal Contract Tower,0,6,19,0,25,0,0,19,0,19,0,6,38,0,44,26,0,26,70
08/08/2011,CGF,OH,AGL,CE,Federal Contract Tower,0,7,27,0,34,0,0,23,0,23,0,7,50,0,57,28,0,28,85
08/09/2011,CGF,OH,AGL,CE,Federal Contract Tower,0,12,34,0,46,0,0,8,0,8,0,12,42,0,54,8,0,8,62
08/10/2011,CGF,OH,AGL,CE,Federal Contract Tower,0,17,26,0,43,0,3,36,0,39,0,20,62,0,82,42,0,42,124
08/11/2011,CGF,OH,AGL,CE,Federal Contract Tower,0,9,26,0,35,0,0,64,0,64,0,9,90,0,99,64,0,64,163
08/12/2011,CGF,OH,AGL,CE,Federal Contract Tower,0,13,35,0,48,0,0,66,0,66,0,13,101,0,114,80,0,80,194
08/13/2011,CGF,OH,AGL,CE,Federal Contract Tower,0,9,17,0,26,0,0,34,0,34,0,9,51,0,60,42,0,42,102
08/14/2011,CGF,OH,AGL,CE,Federal Contract Tower,0,6,18,0,24,0,0,0,0,0,0,6,18,0,24,0,0,0,24
08/15/2011,CGF,OH,AGL,CE,Federal Contract Tower,0,5,31,0,36,0,0,33,0,33,0,5,64,0,69,36,0,36,105
08/16/2011,CGF,OH,AGL,CE,Federal Contract Tower,0,13,38,0,51,0,0,60,0,60,0,13,98,0,111,38,0,38,149
08/17/2011,CGF,OH,AGL,CE,Federal Contract Tower,0,6,37,0,43,0,0,73,0,73,0,6,110,0,116,38,0,38,154
08/18/2011,CGF,OH,AGL,CE,Federal Contract Tower,0,9,26,0,35,0,0,49,0,49,0,9,75,0,84,36,0,36,120
08/19/2011,CGF,OH,AGL,CE,Federal Contract Tower,0,12,27,0,39,0,0,52,0,52,0,12,79,0,91,50,0,50,141
08/20/2011,CGF,OH,AGL,CE,Federal Contract Tower,0,5,22,0,27,0,0,46,0,46,0,5,68,0,73,42,0,42,115
08/21/2011,CGF,OH,AGL,CE,Federal Contract Tower,0,10,11,0,21,0,0,7,0,7,0,10,18,0,28,38,0,38,66
08/22/2011,CGF,OH,AGL,CE,Federal Contract Tower,0,16,31,0,47,0,0,39,0,39,0,16,70,0,86,78,0,78,164
08/23/2011,CGF,OH,AGL,CE,Federal Contract Tower,0,8,18,0,26,0,0,19,0,19,0,8,37,0,45,0,0,0,45
08/24/2011,CGF,OH,AGL,CE,Federal Contract Tower,0,5,29,0,34,0,0,15,0,15,0,5,44,0,49,24,0,24,73
08/25/2011,CGF,OH,AGL,CE,Federal Contract Tower,0,14,26,0,40,0,0,45,0,45,0,14,71,0,85,26,0,26,111
08/26/2011,CGF,OH,AGL,CE,Federal Contract Tower,0,9,21,0,30,0,0,58,0,58,0,9,79,0,88,114,0,114,202
08/27/2011,CGF,OH,AGL,CE,Federal Contract Tower,0,7,23,0,30,0,0,81,0,81,0,7,104,0,111,112,0,112,223
08/28/2011,CGF,OH,AGL,CE,Federal Contract Tower,0,10,11,0,21,0,2,31,0,33,0,12,42,0,54,14,0,14,68
08/29/2011,CGF,OH,AGL,CE,Federal Contract Tower,0,14,35,0,49,0,0,40,0,40,0,14,75,0,89,62,0,62,151
08/30/2011,CGF,OH,AGL,CE,Federal Contract Tower,0,8,39,0,47,0,0,51,0,51,0,8,90,0,98,90,0,90,188
08/31/2011,CGF,OH,AGL,CE,Federal Contract Tower,0,4,29,0,33,0,0,55,0,55,0,4,84,0,88,74,0,74,162
09/01/2011,CGF,OH,AGL,CE,Federal Contract Tower,0,11,29,0,40,0,0,42,0,42,0,11,71,0,82,70,2,72,154
09/02/2011,CGF,OH,AGL,CE,Federal Contract Tower,0,20,40,0,60,0,6,64,0,70,0,26,104,0,130,72,0,72,202
09/03/2011,CGF,OH,AGL,CE,Federal Contract Tower,0,7,25,0,32,0,2,43,0,45,0,9,68,0,77,56,0,56,133
09/04/2011,CGF,OH,AGL,CE,Federal Contract Tower,0,6,15,0,21,0,3,16,0,19,0,9,31,0,40,18,0,18,58
09/05/2011,CGF,OH,AGL,CE,Federal Contract Tower,0,17,31,0,48,0,4,22,0,26,0,21,53,0,74,62,0,62,136
09/06/2011,CGF,OH,AGL,CE,Federal Contract Tower,0,10,20,0,30,0,1,26,0,27,0,11,46,0,57,22,0,22,79
09/07/2011,CGF,OH,AGL,CE,Federal Contract Tower,0,7,30,0,37,0,0,2,0,2,0,7,32,0,39,0,0,0,39
09/08/2011,CGF,OH,AGL,CE,Federal Contract Tower,0,8,32,0,40,0,0,5,0,5,0,8,37,0,45,0,0,0,45
09/09/2011,CGF,OH,AGL,CE,Federal Contract Tower,0,9,22,0,31,0,0,0,0,0,0,9,22,0,31,0,0,0,31
09/10/2011,CGF,OH,AGL,CE,Federal Contract Tower,0,7,21,0,28,0,0,15,0,15,0,7,36,0,43,22,0,22,65
09/11/2011,CGF,OH,AGL,CE,Federal Contract Tower,0,9,21,0,30,0,0,22,0,22,0,9,43,0,52,16,0,16,68
09/12/2011,CGF,OH,AGL,CE,Federal Contract Tower,0,7,29,0,36,0,0,28,0,28,0,7,57,0,64,52,0,52,116
09/13/2011,CGF,OH,AGL,CE,Federal Contract Tower,0,4,34,0,38,0,0,22,0,22,0,4,56,0,60,38,0,38,98
09/14/2011,CGF,OH,AGL,CE,Federal Contract Tower,0,2,37,0,39,0,0,45,0,45,0,2,82,0,84,62,0,62,146
09/15/2011,CGF,OH,AGL,CE,Federal Contract Tower,0,6,27,0,33,0,0,7,0,7,0,6,34,0,40,24,0,24,64
09/16/2011,CGF,OH,AGL,CE,Federal Contract Tower,0,9,31,0,40,0,0,49,0,49,0,9,80,0,89,60,0,60,149
09/17/2011,CGF,OH,AGL,CE,Federal Contract Tower,0,10,24,0,34,0,1,57,0,58,0,11,81,0,92,56,0,56,148
09/18/2011,CGF,OH,AGL,CE,Federal Contract Tower,0,11,32,0,43,0,0,46,0,46,0,11,78,0,89,26,0,26,115
09/19/2011,CGF,OH,AGL,CE,Federal Contract Tower,0,6,30,0,36,0,0,5,0,5,0,6,35,0,41,40,0,40,81
09/20/2011,CGF,OH,AGL,CE,Federal Contract Tower,0,3,25,0,28,0,0,10,0,10,0,3,35,0,38,10,0,10,48
09/21/2011,CGF,OH,AGL,CE,Federal Contract Tower,0,2,35,0,37,0,0,7,0,7,0,2,42,0,44,4,0,4,48
09/22/2011,CGF,OH,AGL,CE,Federal Contract Tower,0,11,37,0,48,0,0,49,0,49,0,11,86,0,97,38,0,38,135
09/23/2011,CGF,OH,AGL,CE,Federal Contract Tower,0,8,41,0,49,0,0,4,0,4,0,8,45,0,53,26,0,26,79
09/24/2011,CGF,OH,AGL,CE,Federal Contract Tower,0,9,20,0,29,0,0,31,0,31,0,9,51,0,60,82,0,82,142
09/25/2011,CGF,OH,AGL,CE,Federal Contract Tower,0,15,26,0,41,0,0,57,0,57,0,15,83,0,98,56,0,56,154
09/26/2011,CGF,OH,AGL,CE,Federal Contract Tower,0,15,17,0,32,0,0,18,0,18,0,15,35,0,50,42,0,42,92
09/27/2011,CGF,OH,AGL,CE,Federal Contract Tower,0,9,26,0,35,0,0,40,0,40,0,9,66,0,75,66,0,66,141
09/28/2011,CGF,OH,AGL,CE,Federal Contract Tower,0,6,20,0,26,0,0,27,0,27,0,6,47,0,53,60,0,60,113
09/29/2011,CGF,OH,AGL,CE,Federal Contract Tower,0,6,33,0,39,0,0,21,0,21,0,6,54,0,60,44,0,44,104
09/30/2011,CGF,OH,AGL,CE,Federal Contract Tower,0,9,31,0,40,0,0,1,0,1,0,9,32,0,41,0,0,0,41
10/01/2011,CGF,OH,AGL,CE,Federal Contract Tower,0,1,9,0,10,0,0,3,0,3,0,1,12,0,13,0,0,0,13
10/02/2011,CGF,OH,AGL,CE,Federal Contract Tower,0,9,19,0,28,0,0,9,0,9,0,9,28,0,37,12,0,12,49
10/03/2011,CGF,OH,AGL,CE,Federal Contract Tower,0,10,17,0,27,0,0,0,0,0,0,10,17,0,27,0,0,0,27
10/04/2011,CGF,OH,AGL,CE,Federal Contract Tower,0,7,25,0,32,0,0,47,0,47,0,7,72,0,79,64,0,64,143
10/05/2011,CGF,OH,AGL,CE,Federal Contract Tower,0,4,33,0,37,0,0,50,0,50,0,4,83,0,87,48,0,48,135
10/06/2011,CGF,OH,AGL,CE,Federal Contract Tower,0,6,35,0,41,0,0,53,0,53,0,6,88,0,94,48,0,48,142
10/07/2011,CGF,OH,AGL,CE,Federal Contract Tower,0,11,28,0,39,0,0,62,0,62,0,11,90,0,101,70,0,70,171
10/08/2011,CGF,OH,AGL,CE,Federal Contract Tower,0,11,21,0,32,0,0,63,0,63,0,11,84,0,95,50,0,50,145
10/09/2011,CGF,OH,AGL,CE,Federal Contract Tower,0,10,22,0,32,0,2,63,0,65,0,12,85,0,97,76,0,76,173
10/10/2011,CGF,OH,AGL,CE,Federal Contract Tower,0,5,30,0,35,0,0,46,0,46,0,5,76,0,81,40,0,40,121
10/11/2011,CGF,OH,AGL,CE,Federal Contract Tower,0,4,20,0,24,0,0,34,0,34,0,4,54,0,58,38,0,38,96
10/12/2011,CGF,OH,AGL,CE,Federal Contract Tower,0,8,19,0,27,0,0,0,0,0,0,8,19,0,27,0,0,0,27
10/13/2011,CGF,OH,AGL,CE,Federal Contract Tower,0,15,41,0,56,0,0,27,0,27,0,15,68,0,83,18,0,18,101
10/14/2011,CGF,OH,AGL,CE,Federal Contract Tower,0,10,29,0,39,0,0,33,0,33,0,10,62,0,72,45,0,45,117
10/15/2011,CGF,OH,AGL,CE,Federal Contract Tower,0,2,4,0,6,0,0,1,0,1,0,2,5,0,7,0,0,0,7
10/16/2011,CGF,OH,AGL,CE,Federal Contract Tower,0,10,12,0,22,0,0,12,0,12,0,10,24,0,34,14,0,14,48
10/17/2011,CGF,OH,AGL,CE,Federal Contract Tower,0,14,29,0,43,0,0,49,0,49,0,14,78,0,92,36,0,36,128
10/18/2011,CGF,OH,AGL,CE,Federal Contract Tower,0,5,19,0,24,0,0,22,0,22,0,5,41,0,46,70,0,70,116
10/19/2011,CGF,OH,AGL,CE,Federal Contract Tower,0,3,15,0,18,0,0,6,0,6,0,3,21,0,24,0,0,0,24
10/20/2011,CGF,OH,AGL,CE,Federal Contract Tower,0,10,26,0,36,0,0,1,0,1,0,10,27,0,37,0,0,0,37
10/21/2011,CGF,OH,AGL,CE,Federal Contract Tower,0,6,24,0,30,0,0,4,0,4,0,6,28,0,34,10,0,10,44
10/22/2011,CGF,OH,AGL,CE,Federal Contract Tower,0,8,14,0,22,0,0,60,0,60,0,8,74,0,82,74,0,74,156
10/23/2011,CGF,OH,AGL,CE,Federal Contract Tower,0,8,24,0,32,0,0,35,0,35,0,8,59,0,67,28,0,28,95
10/24/2011,CGF,OH,AGL,CE,Federal Contract Tower,0,15,27,0,42,0,0,22,0,22,0,15,49,0,64,22,0,22,86
10/25/2011,CGF,OH,AGL,CE,Federal Contract Tower,0,13,24,0,37,0,0,54,0,54,0,13,78,0,91,40,0,40,131
10/26/2011,CGF,OH,AGL,CE,Federal Contract Tower,0,5,28,0,33,0,0,6,0,6,0,5,34,0,39,0,0,0,39
10/27/2011,CGF,OH,AGL,CE,Federal Contract Tower,0,6,20,0,26,0,0,4,0,4,0,6,24,0,30,6,0,6,36
10/28/2011,CGF,OH,AGL,CE,Federal Contract Tower,0,19,27,0,46,0,0,62,0,62,0,19,89,0,108,60,0,60,168
10/29/2011,CGF,OH,AGL,CE,Federal Contract Tower,0,4,14,0,18,0,0,47,0,47,0,4,61,0,65,32,0,32,97
10/30/2011,CGF,OH,AGL,CE,Federal Contract Tower,0,2,19,0,21,0,0,47,0,47,0,2,66,0,68,42,0,42,110
10/31/2011,CGF,OH,AGL,CE,Federal Contract Tower,0,10,17,0,27,0,0,17,0,17,0,10,34,0,44,40,0,40,84
11/01/2011,CGF,OH,AGL,CE,Federal Contract Tower,0,16,29,0,45,0,0,60,0,60,0,16,89,0,105,72,0,72,177
11/02/2011,CGF,OH,AGL,CE,Federal Contract Tower,0,5,47,0,52,0,0,64,0,64,0,5,111,0,116,56,0,56,172
11/03/2011,CGF,OH,AGL,CE,Federal Contract Tower,0,3,23,0,26,0,0,46,0,46,0,3,69,0,72,38,0,38,110
11/04/2011,CGF,OH,AGL,CE,Federal Contract Tower,0,5,28,0,33,0,0,59,0,59,0,5,87,0,92,80,0,80,172
11/05/2011,CGF,OH,AGL,CE,Federal Contract Tower,0,5,16,0,21,0,0,72,0,72,0,5,88,0,93,52,0,52,145
11/06/2011,CGF,OH,AGL,CE,Federal Contract Tower,0,1,16,0,17,0,0,59,0,59,0,1,75,0,76,60,0,60,136
11/07/2011,CGF,OH,AGL,CE,Federal Contract Tower,0,2,36,0,38,0,0,43,0,43,0,2,79,0,81,96,0,96,177
11/08/2011,CGF,OH,AGL,CE,Federal Contract Tower,0,0,5,0,5,0,0,6,0,6,0,0,11,0,11,0,0,0,11
11/09/2011,CGF,OH,AGL,CE,Federal Contract Tower,0,8,33,0,41,0,0,42,0,42,0,8,75,0,83,36,0,36,119
11/10/2011,CGF,OH,AGL,CE,Federal Contract Tower,0,9,44,0,53,0,0,44,0,44,0,9,88,0,97,36,0,36,133
11/11/2011,CGF,OH,AGL,CE,Federal Contract Tower,0,11,24,0,35,0,0,22,0,22,0,11,46,0,57,50,0,50,107
11/12/2011,CGF,OH,AGL,CE,Federal Contract Tower,0,5,23,0,28,0,0,82,0,82,0,5,105,0,110,56,0,56,166
11/13/2011,CGF,OH,AGL,CE,Federal Contract Tower,0,10,14,0,24,0,0,4,0,4,0,10,18,0,28,8,0,8,36
11/14/2011,CGF,OH,AGL,CE,Federal Contract Tower,0,8,24,0,32,0,0,4,0,4,0,8,28,0,36,24,0,24,60
11/15/2011,CGF,OH,AGL,CE,Federal Contract Tower,0,7,25,0,32,0,0,5,0,5,0,7,30,0,37,18,0,18,55
11/16/2011,CGF,OH,AGL,CE,Federal Contract Tower,0,13,41,0,54,0,0,36,0,36,0,13,77,0,90,50,0,50,140
11/17/2011,CGF,OH,AGL,CE,Federal Contract Tower,0,7,31,0,38,0,1,29,0,30,0,8,60,0,68,32,0,32,100
11/18/2011,CGF,OH,AGL,CE,Federal Contract Tower,0,11,28,0,39,0,0,46,0,46,0,11,74,0,85,64,0,64,149
11/19/2011,CGF,OH,AGL,CE,Federal Contract Tower,0,11,13,0,24,0,0,42,0,42,0,11,55,0,66,58,0,58,124
11/20/2011,CGF,OH,AGL,CE,Federal Contract Tower,0,5,18,0,23,0,4,2,0,6,0,9,20,0,29,6,0,6,35
11/21/2011,CGF,OH,AGL,CE,Federal Contract Tower,0,14,16,0,30,0,0,36,0,36,0,14,52,0,66,94,0,94,160
11/22/2011,CGF,OH,AGL,CE,Federal Contract Tower,0,9,24,0,33,0,0,3,0,3,0,9,27,0,36,68,0,68,104
11/23/2011,CGF,OH,AGL,CE,Federal Contract Tower,0,21,22,0,43,0,0,12,0,12,0,21,34,0,55,18,0,18,73
11/24/2011,CGF,OH,AGL,CE,Federal Contract Tower,0,7,8,0,15,0,0,10,0,10,0,7,18,0,25,54,0,54,79
11/25/2011,CGF,OH,AGL,CE,Federal Contract Tower,0,9,13,0,22,0,0,58,0,58,0,9,71,0,80,72,0,72,152
11/26/2011,CGF,OH,AGL,CE,Federal Contract Tower,0,18,10,0,28,0,0,56,0,56,0,18,66,0,84,54,0,54,138
11/27/2011,CGF,OH,AGL,CE,Federal Contract Tower,0,11,18,0,29,0,0,0,0,0,0,11,18,0,29,0,0,0,29
11/28/2011,CGF,OH,AGL,CE,Federal Contract Tower,0,12,21,0,33,0,0,0,0,0,0,12,21,0,33,0,0,0,33
11/29/2011,CGF,OH,AGL,CE,Federal Contract Tower,0,15,13,0,28,0,0,6,0,6,0,15,19,0,34,0,0,0,34
11/30/2011,CGF,OH,AGL,CE,Federal Contract Tower,0,16,26,0,42,0,0,20,0,20,0,16,46,0,62,60,0,60,122
12/01/2011,CGF,OH,AGL,CE,Federal Contract Tower,0,6,20,0,26,0,0,40,0,40,0,6,60,0,66,64,0,64,130
12/02/2011,CGF,OH,AGL,CE,Federal Contract Tower,0,4,17,0,21,0,0,34,0,34,0,4,51,0,55,22,0,22,77
12/03/2011,CGF,OH,AGL,CE,Federal Contract Tower,0,4,16,0,20,0,0,80,0,80,0,4,96,0,100,90,0,90,190
12/04/2011,CGF,OH,AGL,CE,Federal Contract Tower,0,14,7,0,21,0,0,9,0,9,0,14,16,0,30,0,0,0,30
12/05/2011,CGF,OH,AGL,CE,Federal Contract Tower,0,8,20,0,28,0,0,0,0,0,0,8,20,0,28,0,0,0,28
12/06/2011,CGF,OH,AGL,CE,Federal Contract Tower,0,3,23,0,26,0,0,0,0,0,0,3,23,0,26,0,0,0,26
12/07/2011,CGF,OH,AGL,CE,Federal Contract Tower,0,8,15,0,23,0,0,9,0,9,0,8,24,0,32,0,0,0,32
12/08/2011,CGF,OH,AGL,CE,Federal Contract Tower,0,5,42,0,47,0,0,54,0,54,0,5,96,0,101,90,0,90,191
12/09/2011,CGF,OH,AGL,CE,Federal Contract Tower,0,7,20,0,27,0,0,10,0,10,0,7,30,0,37,6,0,6,43
12/10/2011,CGF,OH,AGL,CE,Federal Contract Tower,0,11,12,0,23,0,0,40,0,40,0,11,52,0,63,64,0,64,127
12/11/2011,CGF,OH,AGL,CE,Federal Contract Tower,0,7,21,0,28,0,0,62,0,62,0,7,83,0,90,62,0,62,152
12/12/2011,CGF,OH,AGL,CE,Federal Contract Tower,0,7,21,0,28,0,0,66,0,66,0,7,87,0,94,60,0,60,154
12/13/2011,CGF,OH,AGL,CE,Federal Contract Tower,0,10,30,0,40,0,0,39,0,39,0,10,69,0,79,54,0,54,133
12/14/2011,CGF,OH,AGL,CE,Federal Contract Tower,0,7,20,0,27,0,0,16,0,16,0,7,36,0,43,0,0,0,43
12/15/2011,CGF,OH,AGL,CE,Federal Contract Tower,0,17,20,0,37,0,0,1,0,1,0,17,21,0,38,0,0,0,38
12/16/2011,CGF,OH,AGL,CE,Federal Contract Tower,0,14,18,0,32,0,0,36,0,36,0,14,54,0,68,50,0,50,118
12/17/2011,CGF,OH,AGL,CE,Federal Contract Tower,0,8,12,0,20,0,0,9,0,9,0,8,21,0,29,18,0,18,47
12/18/2011,CGF,OH,AGL,CE,Federal Contract Tower,0,7,12,0,19,0,0,11,0,11,0,7,23,0,30,0,0,0,30
12/19/2011,CGF,OH,AGL,CE,Federal Contract Tower,0,9,21,0,30,0,0,26,0,26,0,9,47,0,56,32,0,32,88
12/20/2011,CGF,OH,AGL,CE,Federal Contract Tower,0,5,20,0,25,0,0,4,0,4,0,5,24,0,29,18,0,18,47
12/21/2011,CGF,OH,AGL,CE,Federal Contract Tower,0,2,16,0,18,0,0,10,0,10,0,2,26,0,28,18,0,18,46
12/22/2011,CGF,OH,AGL,CE,Federal Contract Tower,0,4,10,0,14,0,0,8,0,8,0,4,18,0,22,74,0,74,96
12/23/2011,CGF,OH,AGL,CE,Federal Contract Tower,0,8,9,0,17,0,0,5,0,5,0,8,14,0,22,6,0,6,28
12/24/2011,CGF,OH,AGL,CE,Federal Contract Tower,0,4,11,0,15,0,0,25,0,25,0,4,36,0,40,26,0,26,66
12/25/2011,CGF,OH,AGL,CE,Federal Contract Tower,0,6,1,0,7,0,0,6,0,6,0,6,7,0,13,2,0,2,15
12/26/2011,CGF,OH,AGL,CE,Federal Contract Tower,0,17,10,0,27,0,0,58,0,58,0,17,68,0,85,32,0,32,117
12/27/2011,CGF,OH,AGL,CE,Federal Contract Tower,0,3,11,0,14,0,0,0,0,0,0,3,11,0,14,0,0,0,14
12/28/2011,CGF,OH,AGL,CE,Federal Contract Tower,0,3,12,0,15,0,0,6,0,6,0,3,18,0,21,0,0,0,21
12/29/2011,CGF,OH,AGL,CE,Federal Contract Tower,0,3,11,0,14,0,0,23,0,23,0,3,34,0,37,24,0,24,61
12/30/2011,CGF,OH,AGL,CE,Federal Contract Tower,0,6,7,0,13,0,0,25,0,25,0,6,32,0,38,34,0,34,72
12/31/2011,CGF,OH,AGL,CE,Federal Contract Tower,0,3,6,0,9,0,0,1,0,1,0,3,7,0,10,0,0,0,10
01/01/2012,CGF,OH,AGL,CE,Federal Contract Tower,0,6,4,0,10,0,0,1,0,1,0,6,5,0,11,0,0,0,11
01/02/2012,CGF,OH,AGL,CE,Federal Contract Tower,0,9,10,0,19,0,0,0,0,0,0,9,10,0,19,0,0,0,19
01/03/2012,CGF,OH,AGL,CE,Federal Contract Tower,0,4,12,0,16,0,0,0,0,0,0,4,12,0,16,0,0,0,16
01/04/2012,CGF,OH,AGL,CE,Federal Contract Tower,0,2,11,0,13,0,0,13,0,13,0,2,24,0,26,0,0,0,26
01/05/2012,CGF,OH,AGL,CE,Federal Contract Tower,0,6,16,0,22,0,0,41,0,41,0,6,57,0,63,42,0,42,105
01/06/2012,CGF,OH,AGL,CE,Federal Contract Tower,0,10,20,0,30,0,4,62,0,66,0,14,82,0,96,46,0,46,142
01/07/2012,CGF,OH,AGL,CE,Federal Contract Tower,0,5,17,0,22,0,0,63,0,63,0,5,80,0,85,38,0,38,123
01/08/2012,CGF,OH,AGL,CE,Federal Contract Tower,0,5,19,0,24,0,0,37,0,37,0,5,56,0,61,50,0,50,111
01/09/2012,CGF,OH,AGL,CE,Federal Contract Tower,0,2,27,0,29,0,0,46,0,46,0,2,73,0,75,74,0,74,149
01/10/2012,CGF,OH,AGL,CE,Federal Contract Tower,0,5,25,0,30,0,0,60,0,60,0,5,85,0,90,78,0,78,168
01/11/2012,CGF,OH,AGL,CE,Federal Contract Tower,0,10,18,0,28,0,0,13,0,13,0,10,31,0,41,26,0,26,67
01/12/2012,CGF,OH,AGL,CE,Federal Contract Tower,0,2,15,0,17,0,0,0,0,0,0,2,15,0,17,0,0,0,17
01/13/2012,CGF,OH,AGL,CE,Federal Contract Tower,0,6,9,0,15,0,0,0,0,0,0,6,9,0,15,0,0,0,15
01/14/2012,CGF,OH,AGL,CE,Federal Contract Tower,0,4,6,0,10,0,0,0,0,0,0,4,6,0,10,4,0,4,14
01/15/2012,CGF,OH,AGL,CE,Federal Contract Tower,0,3,10,0,13,0,0,32,0,32,0,3,42,0,45,28,0,28,73
01/16/2012,CGF,OH,AGL,CE,Federal Contract Tower,0,8,13,0,21,0,0,12,0,12,0,8,25,0,33,6,0,6,39
01/17/2012,CGF,OH,AGL,CE,Federal Contract Tower,0,7,14,0,21,0,0,19,0,19,0,7,33,0,40,2,0,2,42
01/18/2012,CGF,OH,AGL,CE,Federal Contract Tower,0,10,18,0,28,0,0,2,0,2,0,10,20,0,30,0,0,0,30
01/19/2012,CGF,OH,AGL,CE,Federal Contract Tower,0,1,14,0,15,0,0,0,0,0,0,1,14,0,15,0,0,0,15
01/20/2012,CGF,OH,AGL,CE,Federal Contract Tower,0,5,18,0,23,0,0,20,0,20,0,5,38,0,43,8,0,8,51
01/21/2012,CGF,OH,AGL,CE,Federal Contract Tower,0,3,7,0,10,0,0,26,0,26,0,3,33,0,36,64,0,64,100
01/22/2012,CGF,OH,AGL,CE,Federal Contract Tower,0,4,15,0,19,0,2,33,0,35,0,6,48,0,54,50,0,50,104
01/23/2012,CGF,OH,AGL,CE,Federal Contract Tower,0,4,19,0,23,0,0,0,0,0,0,4,19,0,23,0,0,0,23
01/24/2012,CGF,OH,AGL,CE,Federal Contract Tower,0,6,27,0,33,0,0,0,0,0,0,6,27,0,33,0,0,0,33
01/25/2012,CGF,OH,AGL,CE,Federal Contract Tower,0,6,27,0,33,0,0,7,0,7,0,6,34,0,40,34,0,34,74
01/26/2012,CGF,OH,AGL,CE,Federal Contract Tower,0,9,15,0,24,0,0,0,0,0,0,9,15,0,24,0,0,0,24
01/27/2012,CGF,OH,AGL,CE,Federal Contract Tower,0,4,18,0,22,0,0,2,0,2,0,4,20,0,24,24,0,24,48
01/28/2012,CGF,OH,AGL,CE,Federal Contract Tower,0,2,10,0,12,0,0,1,0,1,0,2,11,0,13,0,0,0,13
01/29/2012,CGF,OH,AGL,CE,Federal Contract Tower,0,5,7,0,12,0,0,7,0,7,0,5,14,0,19,22,0,22,41
01/30/2012,CGF,OH,AGL,CE,Federal Contract Tower,0,2,12,0,14,0,0,11,0,11,0,2,23,0,25,0,0,0,25
01/31/2012,CGF,OH,AGL,CE,Federal Contract Tower,0,3,21,0,24,0,0,19,0,19,0,3,40,0,43,22,0,22,65
02/01/2012,CGF,OH,AGL,CE,Federal Contract Tower,0,5,27,0,32,0,0,43,0,43,0,5,70,0,75,4,0,4,79
02/02/2012,CGF,OH,AGL,CE,Federal Contract Tower,0,8,26,0,34,0,0,13,0,13,0,8,39,0,47,6,0,6,53
02/03/2012,CGF,OH,AGL,CE,Federal Contract Tower,0,4,21,0,25,0,0,49,0,49,0,4,70,0,74,92,0,92,166
02/04/2012,CGF,OH,AGL,CE,Federal Contract Tower,0,6,4,0,10,0,0,21,0,21,0,6,25,0,31,22,0,22,53
02/05/2012,CGF,OH,AGL,CE,Federal Contract Tower,0,5,17,0,22,0,0,54,0,54,0,5,71,0,76,28,0,28,104
02/06/2012,CGF,OH,AGL,CE,Federal Contract Tower,0,6,30,0,36,0,0,39,0,39,0,6,69,0,75,36,0,36,111
02/07/2012,CGF,OH,AGL,CE,Federal Contract Tower,0,1,13,0,14,0,0,3,0,3,0,1,16,0,17,6,0,6,23
02/08/2012,CGF,OH,AGL,CE,Federal Contract Tower,0,6,20,0,26,0,0,0,0,0,0,6,20,0,26,0,0,0,26
02/09/2012,CGF,OH,AGL,CE,Federal Contract Tower,0,11,36,0,47,0,0,61,0,61,0,11,97,0,108,54,0,54,162
02/10/2012,CGF,OH,AGL,CE,Federal Contract Tower,0,15,16,0,31,0,0,5,0,5,0,15,21,0,36,4,0,4,40
02/11/2012,CGF,OH,AGL,CE,Federal Contract Tower,0,1,4,0,5,0,0,0,0,0,0,1,4,0,5,0,0,0,5
02/12/2012,CGF,OH,AGL,CE,Federal Contract Tower,0,9,5,0,14,0,0,0,0,0,0,9,5,0,14,0,0,0,14
02/13/2012,CGF,OH,AGL,CE,Federal Contract Tower,0,9,13,0,22,0,0,46,0,46,0,9,59,0,68,36,0,36,104
02/14/2012,CGF,OH,AGL,CE,Federal Contract Tower,0,2,12,0,14,0,0,0,0,0,0,2,12,0,14,0,0,0,14
02/15/2012,CGF,OH,AGL,CE,Federal Contract Tower,0,4,28,0,32,0,0,14,0,14,0,4,42,0,46,4,0,4,50
02/16/2012,CGF,OH,AGL,CE,Federal Contract Tower,0,24,36,0,60,0,0,0,0,0,0,24,36,0,60,0,0,0,60
02/17/2012,CGF,OH,AGL,CE,Federal Contract Tower,0,4,18,0,22,0,0,42,0,42,0,4,60,0,64,50,0,50,114
02/18/2012,CGF,OH,AGL,CE,Federal Contract Tower,0,6,8,0,14,0,0,24,0,24,0,6,32,0,38,14,0,14,52
02/19/2012,CGF,OH,AGL,CE,Federal Contract Tower,0,7,21,0,28,0,0,43,0,43,0,7,64,0,71,38,0,38,109
02/20/2012,CGF,OH,AGL,CE,Federal Contract Tower,0,7,29,5,41,0,0,69,0,69,0,7,98,5,110,60,0,60,170
02/21/2012,CGF,OH,AGL,CE,Federal Contract Tower,0,10,20,0,30,0,0,1,0,1,0,10,21,0,31,18,0,18,49
02/22/2012,CGF,OH,AGL,CE,Federal Contract Tower,0,4,15,0,19,0,0,27,0,27,0,4,42,0,46,46,0,46,92
02/23/2012,CGF,OH,AGL,CE,Federal Contract Tower,0,14,23,0,37,0,0,8,0,8,0,14,31,0,45,20,0,20,65
02/24/2012,CGF,OH,AGL,CE,Federal Contract Tower,0,10,25,0,35,0,0,0,0,0,0,10,25,0,35,0,0,0,35
02/25/2012,CGF,OH,AGL,CE,Federal Contract Tower,0,2,5,0,7,0,0,0,0,0,0,2,5,0,7,0,0,0,7
02/26/2012,CGF,OH,AGL,CE,Federal Contract Tower,0,6,31,0,37,0,0,49,0,49,0,6,80,0,86,48,0,48,134
02/27/2012,CGF,OH,AGL,CE,Federal Contract Tower,0,3,19,0,22,0,0,30,0,30,0,3,49,0,52,14,0,14,66
02/28/2012,CGF,OH,AGL,CE,Federal Contract Tower,0,16,29,0,45,0,0,45,0,45,0,16,74,0,90,58,0,58,148
02/29/2012,CGF,OH,AGL,CE,Federal Contract Tower,0,4,27,0,31,0,0,9,0,9,0,4,36,0,40,10,0,10,50
03/01/2012,CGF,OH,AGL,CE,Federal Contract Tower,0,5,15,0,20,0,4,35,0,39,0,9,50,0,59,58,0,58,117
03/02/2012,CGF,OH,AGL,CE,Federal Contract Tower,0,9,22,0,31,0,0,14,0,14,0,9,36,0,45,14,0,14,59
03/03/2012,CGF,OH,AGL,CE,Federal Contract Tower,0,7,8,0,15,0,0,0,0,0,0,7,8,0,15,0,0,0,15
03/04/2012,CGF,OH,AGL,CE,Federal Contract Tower,0,7,9,0,16,0,0,0,0,0,0,7,9,0,16,0,0,0,16
03/05/2012,CGF,OH,AGL,CE,Federal Contract Tower,0,11,22,0,33,0,0,10,0,10,0,11,32,0,43,14,0,14,57
03/06/2012,CGF,OH,AGL,CE,Federal Contract Tower,0,5,24,0,29,0,0,37,0,37,0,5,61,0,66,18,0,18,84
03/07/2012,CGF,OH,AGL,CE,Federal Contract Tower,0,7,12,0,19,0,0,32,0,32,0,7,44,0,51,50,0,50,101
03/08/2012,CGF,OH,AGL,CE,Federal Contract Tower,0,11,17,0,28,0,0,0,0,0,0,11,17,0,28,0,0,0,28
03/09/2012,CGF,OH,AGL,CE,Federal Contract Tower,0,4,17,0,21,0,0,8,0,8,0,4,25,0,29,6,0,6,35
03/10/2012,CGF,OH,AGL,CE,Federal Contract Tower,0,5,19,0,24,0,0,87,0,87,0,5,106,0,111,86,0,86,197
03/11/2012,CGF,OH,AGL,CE,Federal Contract Tower,0,9,16,0,25,0,1,57,0,58,0,10,73,0,83,54,0,54,137
03/12/2012,CGF,OH,AGL,CE,Federal Contract Tower,0,13,13,0,26,0,0,1,0,1,0,13,14,0,27,0,0,0,27
03/13/2012,CGF,OH,AGL,CE,Federal Contract Tower,0,14,21,0,35,0,0,29,0,29,0,14,50,0,64,28,0,28,92
03/14/2012,CGF,OH,AGL,CE,Federal Contract Tower,0,7,29,0,36,0,0,61,0,61,0,7,90,0,97,78,0,78,175
03/15/2012,CGF,OH,AGL,CE,Federal Contract Tower,0,11,19,0,30,0,2,5,0,7,0,13,24,0,37,20,0,20,57
03/16/2012,CGF,OH,AGL,CE,Federal Contract Tower,0,9,19,0,28,0,0,44,0,44,0,9,63,0,72,42,0,42,114
03/17/2012,CGF,OH,AGL,CE,Federal Contract Tower,0,3,20,0,23,0,0,63,0,63,0,3,83,0,86,66,0,66,152
03/18/2012,CGF,OH,AGL,CE,Federal Contract Tower,0,6,4,0,10,0,0,12,0,12,0,6,16,0,22,36,0,36,58
03/19/2012,CGF,OH,AGL,CE,Federal Contract Tower,0,7,22,0,29,0,0,37,0,37,0,7,59,0,66,50,0,50,116
03/20/2012,CGF,OH,AGL,CE,Federal Contract Tower,0,12,11,0,23,0,0,42,0,42,0,12,53,0,65,60,0,60,125
03/21/2012,CGF,OH,AGL,CE,Federal Contract Tower,0,7,30,0,37,0,0,57,0,57,0,7,87,0,94,48,0,48,142
03/22/2012,CGF,OH,AGL,CE,Federal Contract Tower,0,11,28,0,39,0,0,63,0,63,0,11,91,0,102,56,0,56,158
03/23/2012,CGF,OH,AGL,CE,Federal Contract Tower,0,6,30,0,36,0,0,45,0,45,0,6,75,0,81,72,0,72,153
03/24/2012,CGF,OH,AGL,CE,Federal Contract Tower,0,13,11,0,24,0,0,22,0,22,0,13,33,0,46,54,0,54,100
03/25/2012,CGF,OH,AGL,CE,Federal Contract Tower,0,3,17,0,20,0,0,5,0,5,0,3,22,0,25,20,0,20,45
03/26/2012,CGF,OH,AGL,CE,Federal Contract Tower,0,13,29,0,42,0,0,25,0,25,0,13,54,0,67,44,0,44,111
03/27/2012,CGF,OH,AGL,CE,Federal Contract Tower,0,5,18,0,23,0,0,40,0,40,0,5,58,0,63,38,0,38,101
03/28/2012,CGF,OH,AGL,CE,Federal Contract Tower,0,10,20,0,30,0,0,21,0,21,0,10,41,0,51,28,0,28,79
03/29/2012,CGF,OH,AGL,CE,Federal Contract Tower,0,6,24,0,30,0,2,32,0,34,0,8,56,0,64,20,0,20,84
03/30/2012,CGF,OH,AGL,CE,Federal Contract Tower,0,16,17,0,33,0,0,25,0,25,0,16,42,0,58,6,0,6,64
03/31/2012,CGF,OH,AGL,CE,Federal Contract Tower,0,3,17,0,20,0,0,8,0,8,0,3,25,0,28,30,0,30,58
04/01/2012,CGF,OH,AGL,CE,Federal Contract Tower,0,7,19,0,26,0,0,48,0,48,0,7,67,0,74,80,0,80,154
04/02/2012,CGF,OH,AGL,CE,Federal Contract Tower,0,8,17,0,25,0,0,26,0,26,0,8,43,0,51,48,0,48,99
04/03/2012,CGF,OH,AGL,CE,Federal Contract Tower,0,5,24,0,29,0,0,21,0,21,0,5,45,0,50,44,0,44,94
04/04/2012,CGF,OH,AGL,CE,Federal Contract Tower,0,13,27,0,40,0,0,47,0,47,0,13,74,0,87,50,0,50,137
04/05/2012,CGF,OH,AGL,CE,Federal Contract Tower,0,11,28,0,39,0,0,30,0,30,0,11,58,0,69,46,0,46,115
04/06/2012,CGF,OH,AGL,CE,Federal Contract Tower,0,11,19,0,30,0,0,67,0,67,0,11,86,0,97,92,0,92,189
04/07/2012,CGF,OH,AGL,CE,Federal Contract Tower,0,5,15,0,20,0,0,80,0,80,0,5,95,0,100,64,0,64,164
04/08/2012,CGF,OH,AGL,CE,Federal Contract Tower,0,12,13,0,25,0,0,32,0,32,0,12,45,0,57,46,0,46,103
04/09/2012,CGF,OH,AGL,CE,Federal Contract Tower,0,13,17,0,30,0,0,32,0,32,0,13,49,0,62,34,0,34,96
04/10/2012,CGF,OH,AGL,CE,Federal Contract Tower,0,15,15,0,30,0,0,0,0,0,0,15,15,0,30,0,0,0,30
04/11/2012,CGF,OH,AGL,CE,Federal Contract Tower,0,10,21,0,31,0,0,15,0,15,0,10,36,0,46,10,0,10,56
04/12/2012,CGF,OH,AGL,CE,Federal Contract Tower,0,13,15,0,28,0,0,50,0,50,0,13,65,0,78,68,0,68,146
04/13/2012,CGF,OH,AGL,CE,Federal Contract Tower,0,12,20,0,32,0,0,63,0,63,0,12,83,0,95,48,0,48,143
04/14/2012,CGF,OH,AGL,CE,Federal Contract Tower,0,4,14,0,18,0,0,20,0,20,0,4,34,0,38,28,0,28,66
04/15/2012,CGF,OH,AGL,CE,Federal Contract Tower,0,13,19,0,32,0,0,33,0,33,0,13,52,0,65,44,0,44,109
04/16/2012,CGF,OH,AGL,CE,Federal Contract Tower,0,8,16,0,24,0,0,2,0,2,0,8,18,0,26,0,0,0,26
04/17/2012,CGF,OH,AGL,CE,Federal Contract Tower,0,11,24,0,35,0,0,37,0,37,0,11,61,0,72,50,0,50,122
04/18/2012,CGF,OH,AGL,CE,Federal Contract Tower,0,9,43,0,52,0,0,24,0,24,0,9,67,0,76,44,0,44,120
04/19/2012,CGF,OH,AGL,CE,Federal Contract Tower,0,7,26,0,33,0,0,57,0,57,0,7,83,0,90,50,0,50,140
04/20/2012,CGF,OH,AGL,CE,Federal Contract Tower,0,11,18,0,29,0,0,35,0,35,0,11,53,0,64,32,0,32,96
04/21/2012,CGF,OH,AGL,CE,Federal Contract Tower,0,3,19,0,22,0,0,0,0,0,0,3,19,0,22,0,0,0,22
04/22/2012,CGF,OH,AGL,CE,Federal Contract Tower,0,8,12,0,20,0,0,10,0,10,0,8,22,0,30,14,0,14,44
04/23/2012,CGF,OH,AGL,CE,Federal Contract Tower,0,3,8,0,11,0,0,4,0,4,0,3,12,0,15,2,0,2,17
04/24/2012,CGF,OH,AGL,CE,Federal Contract Tower,0,11,24,0,35,0,0,6,0,6,0,11,30,0,41,6,0,6,47
04/25/2012,CGF,OH,AGL,CE,Federal Contract Tower,0,7,26,0,33,0,0,47,0,47,0,7,73,0,80,58,0,58,138
04/26/2012,CGF,OH,AGL,CE,Federal Contract Tower,0,6,39,0,45,0,1,3,0,4,0,7,42,0,49,0,0,0,49
04/27/2012,CGF,OH,AGL,CE,Federal Contract Tower,0,2,21,0,23,0,0,49,0,49,0,2,70,0,72,48,0,48,120
04/28/2012,CGF,OH,AGL,CE,Federal Contract Tower,0,3,18,0,21,0,0,30,0,30,0,3,48,0,51,36,0,36,87
04/29/2012,CGF,OH,AGL,CE,Federal Contract Tower,0,5,24,0,29,0,0,75,0,75,0,5,99,0,104,74,0,74,178
04/30/2012,CGF,OH,AGL,CE,Federal Contract Tower,0,16,20,0,36,0,0,15,0,15,0,16,35,0,51,4,0,4,55
05/01/2012,CGF,OH,AGL,CE,Federal Contract Tower,0,7,26,0,33,0,2,14,0,16,0,9,40,0,49,16,0,16,65
05/02/2012,CGF,OH,AGL,CE,Federal Contract Tower,0,10,15,0,25,0,0,30,0,30,0,10,45,0,55,50,0,50,105
05/03/2012,CGF,OH,AGL,CE,Federal Contract Tower,0,10,27,0,37,0,0,52,0,52,0,10,79,0,89,62,0,62,151
05/04/2012,CGF,OH,AGL,CE,Federal Contract Tower,0,7,19,0,26,0,0,46,0,46,0,7,65,0,72,42,0,42,114
05/05/2012,CGF,OH,AGL,CE,Federal Contract Tower,0,4,16,0,20,0,0,43,0,43,0,4,59,0,63,52,0,52,115
05/06/2012,CGF,OH,AGL,CE,Federal Contract Tower,0,6,17,0,23,0,0,62,0,62,0,6,79,0,85,62,0,62,147
05/07/2012,CGF,OH,AGL,CE,Federal Contract Tower,0,14,26,0,40,0,0,35,0,35,0,14,61,0,75,62,0,62,137
05/08/2012,CGF,OH,AGL,CE,Federal Contract Tower,0,20,28,0,48,0,0,14,0,14,0,20,42,0,62,42,0,42,104
05/09/2012,CGF,OH,AGL,CE,Federal Contract Tower,0,10,21,0,31,0,0,34,0,34,0,10,55,0,65,64,0,64,129
05/10/2012,CGF,OH,AGL,CE,Federal Contract Tower,0,10,27,0,37,0,3,47,0,50,0,13,74,0,87,50,0,50,137
05/11/2012,CGF,OH,AGL,CE,Federal Contract Tower,0,5,24,0,29,0,0,69,0,69,0,5,93,0,98,84,0,84,182
05/12/2012,CGF,OH,AGL,CE,Federal Contract Tower,0,7,17,0,24,0,0,49,0,49,0,7,66,0,73,46,0,46,119
05/13/2012,CGF,OH,AGL,CE,Federal Contract Tower,0,8,17,0,25,0,0,31,0,31,0,8,48,0,56,28,0,28,84
05/14/2012,CGF,OH,AGL,CE,Federal Contract Tower,0,14,14,0,28,0,0,44,0,44,0,14,58,0,72,44,0,44,116
05/15/2012,CGF,OH,AGL,CE,Federal Contract Tower,0,6,28,0,34,0,0,41,0,41,0,6,69,0,75,48,0,48,123
05/16/2012,CGF,OH,AGL,CE,Federal Contract Tower,0,7,30,0,37,0,0,19,0,19,0,7,49,0,56,56,0,56,112
05/17/2012,CGF,OH,AGL,CE,Federal Contract Tower,0,14,17,0,31,0,0,56,0,56,0,14,73,0,87,76,0,76,163
05/18/2012,CGF,OH,AGL,CE,Federal Contract Tower,0,11,22,0,33,0,0,57,0,57,0,11,79,0,90,54,0,54,144
05/19/2012,CGF,OH,AGL,CE,Federal Contract Tower,0,12,15,0,27,0,0,60,0,60,0,12,75,0,87,72,0,72,159
05/20/2012,CGF,OH,AGL,CE,Federal Contract Tower,0,10,14,0,24,0,0,44,0,44,0,10,58,0,68,48,0,48,116
05/21/2012,CGF,OH,AGL,CE,Federal Contract Tower,0,7,38,0,45,0,0,42,0,42,0,7,80,0,87,62,0,62,149
05/22/2012,CGF,OH,AGL,CE,Federal Contract Tower,0,4,28,0,32,0,0,3,0,3,0,4,31,0,35,0,0,0,35
05/23/2012,CGF,OH,AGL,CE,Federal Contract Tower,0,11,36,0,47,0,0,47,0,47,0,11,83,0,94,52,0,52,146
05/24/2012,CGF,OH,AGL,CE,Federal Contract Tower,0,13,24,0,37,0,2,57,0,59,0,15,81,0,96,46,0,46,142
05/25/2012,CGF,OH,AGL,CE,Federal Contract Tower,0,7,25,0,32,0,0,41,0,41,0,7,66,0,73,54,0,54,127
05/26/2012,CGF,OH,AGL,CE,Federal Contract Tower,0,0,10,0,10,0,1,69,0,70,0,1,79,0,80,54,0,54,134
05/27/2012,CGF,OH,AGL,CE,Federal Contract Tower,0,3,17,0,20,0,0,25,0,25,0,3,42,0,45,8,0,8,53
05/28/2012,CGF,OH,AGL,CE,Federal Contract Tower,0,3,9,0,12,0,0,16,0,16,0,3,25,0,28,30,0,30,58
05/29/2012,CGF,OH,AGL,CE,Federal Contract Tower,0,4,18,0,22,0,0,29,0,29,0,4,47,0,51,66,0,66,117
05/30/2012,CGF,OH,AGL,CE,Federal Contract Tower,0,8,24,0,32,0,0,53,0,53,0,8,77,0,85,76,0,76,161
05/31/2012,CGF,OH,AGL,CE,Federal Contract Tower,0,7,34,0,41,0,0,47,0,47,0,7,81,0,88,72,0,72,160
06/01/2012,CGF,OH,AGL,CE,Federal Contract Tower,0,15,20,0,35,0,1,3,0,4,0,16,23,0,39,0,0,0,39
06/02/2012,CGF,OH,AGL,CE,Federal Contract Tower,0,4,16,0,20,0,0,33,0,33,0,4,49,0,53,36,0,36,89
06/03/2012,CGF,OH,AGL,CE,Federal Contract Tower,0,5,19,0,24,0,0,30,0,30,0,5,49,0,54,30,0,30,84
06/04/2012,CGF,OH,AGL,CE,Federal Contract Tower,0,7,30,0,37,0,0,27,0,27,0,7,57,0,64,52,0,52,116
06/05/2012,CGF,OH,AGL,CE,Federal Contract Tower,0,5,38,0,43,0,0,38,0,38,0,5,76,0,81,62,0,62,143
06/06/2012,CGF,OH,AGL,CE,Federal Contract Tower,0,6,21,0,27,0,0,47,0,47,0,6,68,0,74,42,0,42,116
06/07/2012,CGF,OH,AGL,CE,Federal Contract Tower,0,12,35,0,47,0,0,50,0,50,0,12,85,0,97,26,0,26,123
06/08/2012,CGF,OH,AGL,CE,Federal Contract Tower,0,9,44,0,53,0,0,58,0,58,0,9,102,0,111,52,0,52,163
06/09/2012,CGF,OH,AGL,CE,Federal Contract Tower,0,3,13,0,16,0,0,59,0,59,0,3,72,0,75,46,0,46,121
06/10/2012,CGF,OH,AGL,CE,Federal Contract Tower,0,7,11,0,18,0,0,57,0,57,0,7,68,0,75,50,0,50,125
06/11/2012,CGF,OH,AGL,CE,Federal Contract Tower,0,12,25,0,37,0,0,39,0,39,0,12,64,0,76,50,0,50,126
06/12/2012,CGF,OH,AGL,CE,Federal Contract Tower,0,14,30,0,44,0,0,35,0,35,0,14,65,0,79,60,0,60,139
06/13/2012,CGF,OH,AGL,CE,Federal Contract Tower,0,14,28,0,42,0,0,37,0,37,0,14,65,0,79,44,0,44,123
06/14/2012,CGF,OH,AGL,CE,Federal Contract Tower,0,20,37,0,57,0,0,34,0,34,0,20,71,0,91,20,0,20,111
06/15/2012,CGF,OH,AGL,CE,Federal Contract Tower,0,10,28,0,38,0,2,37,0,39,0,12,65,0,77,44,0,44,121
06/16/2012,CGF,OH,AGL,CE,Federal Contract Tower,0,8,22,0,30,0,0,70,0,70,0,8,92,0,100,80,0,80,180
06/17/2012,CGF,OH,AGL,CE,Federal Contract Tower,0,12,23,0,35,0,0,10,0,10,0,12,33,0,45,12,0,12,57
06/18/2012,CGF,OH,AGL,CE,Federal Contract Tower,0,16,19,0,35,0,0,35,0,35,0,16,54,0,70,28,0,28,98
06/19/2012,CGF,OH,AGL,CE,Federal Contract Tower,0,4,25,0,29,0,0,41,0,41,0,4,66,0,70,30,0,30,100
06/20/2012,CGF,OH,AGL,CE,Federal Contract Tower,0,8,14,0,22,0,0,20,68,88,0,8,34,68,110,76,0,76,186
06/21/2012,CGF,OH,AGL,CE,Federal Contract Tower,0,7,18,0,25,0,0,26,0,26,0,7,44,0,51,84,0,84,135
06/22/2012,CGF,OH,AGL,CE,Federal Contract Tower,0,5,26,0,31,0,0,45,0,45,0,5,71,0,76,58,0,58,134
06/23/2012,CGF,OH,AGL,CE,Federal Contract Tower,0,2,22,0,24,0,0,65,0,65,0,2,87,0,89,70,0,70,159
06/24/2012,CGF,OH,AGL,CE,Federal Contract Tower,0,7,15,0,22,0,0,47,0,47,0,7,62,0,69,56,0,56,125
06/25/2012,CGF,OH,AGL,CE,Federal Contract Tower,0,5,24,0,29,0,0,24,0,24,0,5,48,0,53,4,0,4,57
06/26/2012,CGF,OH,AGL,CE,Federal Contract Tower,0,14,21,0,35,0,6,44,0,50,0,20,65,0,85,30,0,30,115
06/27/2012,CGF,OH,AGL,CE,Federal Contract Tower,0,13,22,0,35,0,0,50,0,50,0,13,72,0,85,30,0,30,115
06/28/2012,CGF,OH,AGL,CE,Federal Contract Tower,0,27,28,0,55,0,0,34,0,34,0,27,62,0,89,56,0,56,145
06/29/2012,CGF,OH,AGL,CE,Federal Contract Tower,0,9,19,0,28,0,0,46,0,46,0,9,65,0,74,40,0,40,114
06/30/2012,CGF,OH,AGL,CE,Federal Contract Tower,0,9,8,0,17,0,0,32,0,32,0,9,40,0,49,58,0,58,107
07/01/2012,CGF,OH,AGL,CE,Federal Contract Tower,0,7,10,0,17,0,0,43,0,43,0,7,53,0,60,58,0,58,118
07/02/2012,CGF,OH,AGL,CE,Federal Contract Tower,0,5,18,0,23,0,0,35,0,35,0,5,53,0,58,40,0,40,98
07/03/2012,CGF,OH,AGL,CE,Federal Contract Tower,0,10,17,0,27,0,0,5,0,5,0,10,22,0,32,0,0,0,32
07/04/2012,CGF,OH,AGL,CE,Federal Contract Tower,0,6,7,0,13,0,0,19,0,19,0,6,26,0,32,26,0,26,58
07/05/2012,CGF,OH,AGL,CE,Federal Contract Tower,0,27,15,0,42,0,0,2,0,2,0,27,17,0,44,6,0,6,50
07/06/2012,CGF,OH,AGL,CE,Federal Contract Tower,0,9,32,0,41,0,0,28,0,28,0,9,60,0,69,78,0,78,147
07/07/2012,CGF,OH,AGL,CE,Federal Contract Tower,0,6,12,0,18,0,0,23,0,23,0,6,35,0,41,36,0,36,77
07/08/2012,CGF,OH,AGL,CE,Federal Contract Tower,0,14,21,0,35,0,0,43,0,43,0,14,64,0,78,44,0,44,122
07/09/2012,CGF,OH,AGL,CE,Federal Contract Tower,0,6,28,0,34,0,0,60,0,60,0,6,88,0,94,70,0,70,164
07/10/2012,CGF,OH,AGL,CE,Federal Contract Tower,0,14,34,0,48,0,0,24,0,24,0,14,58,0,72,36,0,36,108
07/11/2012,CGF,OH,AGL,CE,Federal Contract Tower,0,8,22,0,30,0,0,42,0,42,0,8,64,0,72,34,0,34,106
07/12/2012,CGF,OH,AGL,CE,Federal Contract Tower,0,13,17,0,30,0,0,53,0,53,0,13,70,0,83,40,0,40,123
07/13/2012,CGF,OH,AGL,CE,Federal Contract Tower,0,13,26,0,39,0,0,36,0,36,0,13,62,0,75,56,0,56,131
07/14/2012,CGF,OH,AGL,CE,Federal Contract Tower,0,7,18,0,25,0,1,12,0,13,0,8,30,0,38,32,0,32,70
07/15/2012,CGF,OH,AGL,CE,Federal Contract Tower,0,8,10,0,18,0,0,13,0,13,0,8,23,0,31,30,0,30,61
07/16/2012,CGF,OH,AGL,CE,Federal Contract Tower,0,7,23,0,30,0,0,38,0,38,0,7,61,0,68,62,0,62,130
07/17/2012,CGF,OH,AGL,CE,Federal Contract Tower,0,10,23,0,33,0,0,42,0,42,0,10,65,0,75,62,0,62,137
07/18/2012,CGF,OH,AGL,CE,Federal Contract Tower,0,13,25,0,38,0,0,22,0,22,0,13,47,0,60,30,0,30,90
07/19/2012,CGF,OH,AGL,CE,Federal Contract Tower,0,8,23,0,31,0,0,12,0,12,0,8,35,0,43,32,0,32,75
07/20/2012,CGF,OH,AGL,CE,Federal Contract Tower,0,11,26,0,37,0,0,15,0,15,0,11,41,0,52,0,0,0,52
07/21/2012,CGF,OH,AGL,CE,Federal Contract Tower,0,7,14,0,21,0,2,55,0,57,0,9,69,0,78,58,0,58,136
07/22/2012,CGF,OH,AGL,CE,Federal Contract Tower,0,9,15,0,24,0,0,52,0,52,0,9,67,0,76,32,0,32,108
07/23/2012,CGF,OH,AGL,CE,Federal Contract Tower,0,9,30,0,39,0,0,30,0,30,0,9,60,0,69,48,0,48,117
07/24/2012,CGF,OH,AGL,CE,Federal Contract Tower,0,9,21,0,30,0,0,43,0,43,0,9,64,0,73,90,0,90,163
07/25/2012,CGF,OH,AGL,CE,Federal Contract Tower,0,14,24,0,38,0,0,53,0,53,0,14,77,0,91,54,0,54,145
07/26/2012,CGF,OH,AGL,CE,Federal Contract Tower,2,5,25,0,32,0,0,15,0,15,2,5,40,0,47,36,0,36,83
07/27/2012,CGF,OH,AGL,CE,Federal Contract Tower,0,10,20,0,30,0,0,7,0,7,0,10,27,0,37,22,0,22,59
07/28/2012,CGF,OH,AGL,CE,Federal Contract Tower,0,0,15,0,15,0,0,27,0,27,0,0,42,0,42,18,0,18,60
07/29/2012,CGF,OH,AGL,CE,Federal Contract Tower,0,12,15,0,27,0,0,49,0,49,0,12,64,0,76,98,0,98,174
07/30/2012,CGF,OH,AGL,CE,Federal Contract Tower,0,5,20,0,25,0,0,35,0,35,0,5,55,0,60,50,0,50,110
07/31/2012,CGF,OH,AGL,CE,Federal Contract Tower,0,0,17,0,17,0,0,33,0,33,0,0,50,0,50,28,0,28,78
08/01/2012,CGF,OH,AGL,CE,Federal Contract Tower,0,6,14,0,20,0,0,34,0,34,0,6,48,0,54,74,0,74,128
08/02/2012,CGF,OH,AGL,CE,Federal Contract Tower,0,4,30,0,34,0,0,49,0,49,0,4,79,0,83,42,0,42,125
08/03/2012,CGF,OH,AGL,CE,Federal Contract Tower,0,7,25,0,32,0,0,37,0,37,0,7,62,0,69,28,0,28,97
08/04/2012,CGF,OH,AGL,CE,Federal Contract Tower,0,12,14,0,26,0,0,33,0,33,0,12,47,0,59,10,0,10,69
08/05/2012,CGF,OH,AGL,CE,Federal Contract Tower,0,15,17,0,32,0,0,29,0,29,0,15,46,0,61,46,0,46,107
08/06/2012,CGF,OH,AGL,CE,Federal Contract Tower,0,13,23,0,36,0,0,58,0,58,0,13,81,0,94,78,0,78,172
08/07/2012,CGF,OH,AGL,CE,Federal Contract Tower,0,6,25,0,31,0,0,54,0,54,0,6,79,0,85,66,0,66,151
08/08/2012,CGF,OH,AGL,CE,Federal Contract Tower,0,14,16,0,30,0,0,54,2,56,0,14,70,2,86,72,0,72,158
08/09/2012,CGF,OH,AGL,CE,Federal Contract Tower,0,17,32,0,49,0,0,24,0,24,0,17,56,0,73,20,0,20,93
08/10/2012,CGF,OH,AGL,CE,Federal Contract Tower,0,3,19,0,22,0,2,11,0,13,0,5,30,0,35,20,0,20,55
08/11/2012,CGF,OH,AGL,CE,Federal Contract Tower,0,12,6,0,18,0,0,16,0,16,0,12,22,0,34,10,0,10,44
08/12/2012,CGF,OH,AGL,CE,Federal Contract Tower,0,13,22,0,35,0,0,62,0,62,0,13,84,0,97,56,0,56,153
08/13/2012,CGF,OH,AGL,CE,Federal Contract Tower,0,5,31,0,36,0,0,24,0,24,0,5,55,0,60,54,0,54,114
08/14/2012,CGF,OH,AGL,CE,Federal Contract Tower,0,14,24,0,38,0,0,5,0,5,0,14,29,0,43,48,0,48,91
08/15/2012,CGF,OH,AGL,CE,Federal Contract Tower,0,2,29,0,31,0,0,54,0,54,0,2,83,0,85,80,0,80,165
08/16/2012,CGF,OH,AGL,CE,Federal Contract Tower,0,7,23,0,30,0,0,38,0,38,0,7,61,0,68,48,0,48,116
08/17/2012,CGF,OH,AGL,CE,Federal Contract Tower,0,8,19,0,27,0,0,32,0,32,0,8,51,0,59,60,0,60,119
08/18/2012,CGF,OH,AGL,CE,Federal Contract Tower,0,8,14,0,22,0,0,51,0,51,0,8,65,0,73,46,0,46,119
08/19/2012,CGF,OH,AGL,CE,Federal Contract Tower,0,10,22,0,32,0,0,45,0,45,0,10,67,0,77,40,0,40,117
08/20/2012,CGF,OH,AGL,CE,Federal Contract Tower,0,4,18,0,22,0,0,17,0,17,0,4,35,0,39,52,0,52,91
08/21/2012,CGF,OH,AGL,CE,Federal Contract Tower,0,14,25,0,39,0,2,30,0,32,0,16,55,0,71,70,0,70,141
08/22/2012,CGF,OH,AGL,CE,Federal Contract Tower,0,6,35,0,41,0,0,47,0,47,0,6,82,0,88,94,0,94,182
08/23/2012,CGF,OH,AGL,CE,Federal Contract Tower,0,8,13,0,21,0,0,41,0,41,0,8,54,0,62,64,0,64,126
08/24/2012,CGF,OH,AGL,CE,Federal Contract Tower,0,8,13,0,21,0,0,48,0,48,0,8,61,0,69,64,0,64,133
08/25/2012,CGF,OH,AGL,CE,Federal Contract Tower,0,7,9,0,16,0,0,50,0,50,0,7,59,0,66,52,0,52,118
08/26/2012,CGF,OH,AGL,CE,Federal Contract Tower,0,8,20,0,28,0,0,49,0,49,0,8,69,0,77,62,0,62,139
08/27/2012,CGF,OH,AGL,CE,Federal Contract Tower,0,8,19,0,27,0,0,9,0,9,0,8,28,0,36,20,0,20,56
08/28/2012,CGF,OH,AGL,CE,Federal Contract Tower,0,9,25,0,34,0,0,45,0,45,0,9,70,0,79,80,0,80,159
08/29/2012,CGF,OH,AGL,CE,Federal Contract Tower,0,15,23,0,38,0,0,75,0,75,0,15,98,0,113,108,0,108,221
08/30/2012,CGF,OH,AGL,CE,Federal Contract Tower,0,12,32,0,44,0,0,62,0,62,0,12,94,0,106,90,0,90,196
08/31/2012,CGF,OH,AGL,CE,Federal Contract Tower,0,18,38,0,56,0,0,58,0,58,0,18,96,0,114,26,0,26,140
09/01/2012,CGF,OH,AGL,CE,Federal Contract Tower,0,5,19,0,24,0,0,67,0,67,0,5,86,0,91,66,0,66,157
09/02/2012,CGF,OH,AGL,CE,Federal Contract Tower,0,9,8,0,17,0,0,15,0,15,0,9,23,0,32,22,0,22,54
09/03/2012,CGF,OH,AGL,CE,Federal Contract Tower,0,9,21,0,30,0,4,28,0,32,0,13,49,0,62,44,0,44,106
09/04/2012,CGF,OH,AGL,CE,Federal Contract Tower,0,4,18,0,22,0,0,11,0,11,0,4,29,0,33,24,0,24,57
09/05/2012,CGF,OH,AGL,CE,Federal Contract Tower,0,7,31,0,38,0,0,36,0,36,0,7,67,0,74,58,0,58,132
09/06/2012,CGF,OH,AGL,CE,Federal Contract Tower,0,16,27,0,43,0,0,37,0,37,0,16,64,0,80,44,0,44,124
09/07/2012,CGF,OH,AGL,CE,Federal Contract Tower,0,8,20,0,28,0,0,41,0,41,0,8,61,0,69,62,0,62,131
09/08/2012,CGF,OH,AGL,CE,Federal Contract Tower,0,10,7,0,17,0,0,9,0,9,0,10,16,0,26,6,0,6,32
09/09/2012,CGF,OH,AGL,CE,Federal Contract Tower,0,7,13,0,20,0,0,34,0,34,0,7,47,0,54,38,0,38,92
09/10/2012,CGF,OH,AGL,CE,Federal Contract Tower,0,13,25,0,38,0,0,37,0,37,0,13,62,0,75,76,0,76,151
09/11/2012,CGF,OH,AGL,CE,Federal Contract Tower,0,11,26,0,37,0,0,41,0,41,0,11,67,0,78,32,0,32,110
09/12/2012,CGF,OH,AGL,CE,Federal Contract Tower,0,6,24,0,30,0,0,61,0,61,0,6,85,0,91,58,0,58,149
09/13/2012,CGF,OH,AGL,CE,Federal Contract Tower,0,8,31,0,39,0,0,43,0,43,0,8,74,0,82,62,0,62,144
09/14/2012,CGF,OH,AGL,CE,Federal Contract Tower,0,10,27,0,37,0,0,10,0,10,0,10,37,0,47,16,0,16,63
09/15/2012,CGF,OH,AGL,CE,Federal Contract Tower,0,6,21,0,27,0,0,68,0,68,0,6,89,0,95,72,0,72,167
09/16/2012,CGF,OH,AGL,CE,Federal Contract Tower,0,8,15,0,23,0,0,89,0,89,0,8,104,0,112,76,0,76,188
09/17/2012,CGF,OH,AGL,CE,Federal Contract Tower,0,6,28,0,34,0,2,39,0,41,0,8,67,0,75,32,0,32,107
09/18/2012,CGF,OH,AGL,CE,Federal Contract Tower,0,8,18,0,26,0,0,2,0,2,0,8,20,0,28,0,0,0,28
09/19/2012,CGF,OH,AGL,CE,Federal Contract Tower,0,22,32,0,54,0,0,40,0,40,0,22,72,0,94,44,0,44,138
09/20/2012,CGF,OH,AGL,CE,Federal Contract Tower,0,12,24,0,36,0,0,24,0,24,0,12,48,0,60,52,0,52,112
09/21/2012,CGF,OH,AGL,CE,Federal Contract Tower,0,14,26,0,40,0,0,30,0,30,0,14,56,0,70,30,0,30,100
09/22/2012,CGF,OH,AGL,CE,Federal Contract Tower,0,8,12,0,20,0,0,5,0,5,0,8,17,0,25,8,0,8,33
09/23/2012,CGF,OH,AGL,CE,Federal Contract Tower,0,13,15,0,28,0,0,35,0,35,0,13,50,0,63,62,0,62,125
09/24/2012,CGF,OH,AGL,CE,Federal Contract Tower,0,6,32,0,38,0,0,36,0,36,0,6,68,0,74,58,0,58,132
09/25/2012,CGF,OH,AGL,CE,Federal Contract Tower,0,11,29,0,40,0,0,31,0,31,0,11,60,0,71,26,0,26,97
09/26/2012,CGF,OH,AGL,CE,Federal Contract Tower,0,10,21,0,31,0,0,0,0,0,0,10,21,0,31,0,0,0,31
09/27/2012,CGF,OH,AGL,CE,Federal Contract Tower,0,15,36,0,51,0,0,43,0,43,0,15,79,0,94,62,0,62,156
09/28/2012,CGF,OH,AGL,CE,Federal Contract Tower,0,6,14,0,20,0,0,44,0,44,0,6,58,0,64,54,0,54,118
09/29/2012,CGF,OH,AGL,CE,Federal Contract Tower,0,11,9,0,20,0,0,65,0,65,0,11,74,0,85,76,0,76,161
09/30/2012,CGF,OH,AGL,CE,Federal Contract Tower,0,15,6,0,21,0,0,41,0,41,0,15,47,0,62,52,0,52,114
10/01/2012,CGF,OH,AGL,CE,Federal Contract Tower,0,15,14,0,29,0,0,44,0,44,0,15,58,0,73,78,0,78,151
10/02/2012,CGF,OH,AGL,CE,Federal Contract Tower,0,6,23,0,29,0,0,1,0,1,0,6,24,0,30,0,0,0,30
10/03/2012,CGF,OH,AGL,CE,Federal Contract Tower,0,3,21,0,24,0,0,36,0,36,0,3,57,0,60,20,0,20,80
10/04/2012,CGF,OH,AGL,CE,Federal Contract Tower,0,8,37,0,45,0,0,53,0,53,0,8,90,0,98,54,0,54,152
10/05/2012,CGF,OH,AGL,CE,Federal Contract Tower,0,13,30,0,43,0,0,4,0,4,0,13,34,0,47,0,0,0,47
10/06/2012,CGF,OH,AGL,CE,Federal Contract Tower,0,3,13,0,16,0,0,33,0,33,0,3,46,0,49,46,0,46,95
10/07/2012,CGF,OH,AGL,CE,Federal Contract Tower,0,17,18,0,35,0,0,0,0,0,0,17,18,0,35,0,0,0,35
10/08/2012,CGF,OH,AGL,CE,Federal Contract Tower,0,9,20,0,29,0,0,9,0,9,0,9,29,0,38,10,0,10,48
10/09/2012,CGF,OH,AGL,CE,Federal Contract Tower,0,13,22,0,35,0,0,52,0,52,0,13,74,0,87,72,0,72,159
10/10/2012,CGF,OH,AGL,CE,Federal Contract Tower,0,15,30,0,45,0,0,13,0,13,0,15,43,0,58,16,0,16,74
10/11/2012,CGF,OH,AGL,CE,Federal Contract Tower,0,11,36,0,47,0,0,47,0,47,0,11,83,0,94,54,0,54,148
10/12/2012,CGF,OH,AGL,CE,Federal Contract Tower,0,7,35,0,42,0,0,51,0,51,0,7,86,0,93,54,0,54,147
10/13/2012,CGF,OH,AGL,CE,Federal Contract Tower,0,10,15,0,25,0,0,39,0,39,0,10,54,0,64,44,0,44,108
10/14/2012,CGF,OH,AGL,CE,Federal Contract Tower,0,7,17,0,24,0,0,9,0,9,0,7,26,0,33,16,0,16,49
10/15/2012,CGF,OH,AGL,CE,Federal Contract Tower,0,7,15,0,22,0,0,4,0,4,0,7,19,0,26,16,0,16,42
10/16/2012,CGF,OH,AGL,CE,Federal Contract Tower,0,10,24,0,34,0,0,63,0,63,0,10,87,0,97,44,0,44,141
10/17/2012,CGF,OH,AGL,CE,Federal Contract Tower,0,13,24,0,37,0,0,41,0,41,0,13,65,0,78,68,0,68,146
10/18/2012,CGF,OH,AGL,CE,Federal Contract Tower,0,15,20,0,35,0,0,13,0,13,0,15,33,0,48,10,0,10,58
10/19/2012,CGF,OH,AGL,CE,Federal Contract Tower,0,12,22,0,34,0,2,37,0,39,0,14,59,0,73,56,0,56,129
10/20/2012,CGF,OH,AGL,CE,Federal Contract Tower,0,1,10,0,11,0,0,26,0,26,0,1,36,0,37,16,0,16,53
10/21/2012,CGF,OH,AGL,CE,Federal Contract Tower,0,4,14,0,18,0,3,55,0,58,0,7,69,0,76,46,0,46,122
10/22/2012,CGF,OH,AGL,CE,Federal Contract Tower,0,13,30,0,43,0,0,48,0,48,0,13,78,0,91,36,0,36,127
10/23/2012,CGF,OH,AGL,CE,Federal Contract Tower,0,11,9,0,20,0,0,2,0,2,0,11,11,0,22,0,0,0,22
10/24/2012,CGF,OH,AGL,CE,Federal Contract Tower,0,13,24,0,37,0,0,53,0,53,0,13,77,0,90,74,0,74,164
10/25/2012,CGF,OH,AGL,CE,Federal Contract Tower,0,20,32,0,52,0,0,35,0,35,0,20,67,0,87,48,0,48,135
10/26/2012,CGF,OH,AGL,CE,Federal Contract Tower,0,13,23,0,36,0,0,1,0,1,0,13,24,0,37,0,0,0,37
10/27/2012,CGF,OH,AGL,CE,Federal Contract Tower,0,6,14,0,20,0,0,2,0,2,0,6,16,0,22,0,0,0,22
10/28/2012,CGF,OH,AGL,CE,Federal Contract Tower,0,16,13,0,29,0,0,0,0,0,0,16,13,0,29,0,0,0,29
10/29/2012,CGF,OH,AGL,CE,Federal Contract Tower,0,4,7,0,11,0,0,0,0,0,0,4,7,0,11,0,0,0,11
10/30/2012,CGF,OH,AGL,CE,Federal Contract Tower,0,0,2,0,2,0,0,0,0,0,0,0,2,0,2,0,0,0,2
10/31/2012,CGF,OH,AGL,CE,Federal Contract Tower,0,1,5,1,7,0,0,0,0,0,0,1,5,1,7,0,0,0,7
11/01/2012,CGF,OH,AGL,CE,Federal Contract Tower,0,6,20,0,26,0,0,2,2,4,0,6,22,2,30,0,0,0,30
11/02/2012,CGF,OH,AGL,CE,Federal Contract Tower,0,11,20,0,31,0,0,14,0,14,0,11,34,0,45,22,0,22,67
11/03/2012,CGF,OH,AGL,CE,Federal Contract Tower,0,5,7,0,12,0,0,20,2,22,0,5,27,2,34,24,0,24,58
11/04/2012,CGF,OH,AGL,CE,Federal Contract Tower,0,7,19,0,26,0,0,20,0,20,0,7,39,0,46,24,0,24,70
11/05/2012,CGF,OH,AGL,CE,Federal Contract Tower,0,4,34,0,38,0,0,15,0,15,0,4,49,0,53,18,0,18,71
11/06/2012,CGF,OH,AGL,CE,Federal Contract Tower,0,10,30,0,40,0,0,35,0,35,0,10,65,0,75,26,0,26,101
11/07/2012,CGF,OH,AGL,CE,Federal Contract Tower,0,18,15,0,33,0,0,30,0,30,0,18,45,0,63,30,0,30,93
11/08/2012,CGF,OH,AGL,CE,Federal Contract Tower,0,10,27,0,37,0,0,21,0,21,0,10,48,0,58,32,0,32,90
11/09/2012,CGF,OH,AGL,CE,Federal Contract Tower,0,10,31,0,41,0,0,33,0,33,0,10,64,0,74,90,0,90,164
11/10/2012,CGF,OH,AGL,CE,Federal Contract Tower,0,4,10,0,14,0,0,51,0,51,0,4,61,0,65,54,0,54,119
11/11/2012,CGF,OH,AGL,CE,Federal Contract Tower,0,6,12,0,18,0,0,34,0,34,0,6,46,0,52,66,0,66,118
11/12/2012,CGF,OH,AGL,CE,Federal Contract Tower,0,13,16,0,29,0,0,1,0,1,0,13,17,0,30,0,0,0,30
11/13/2012,CGF,OH,AGL,CE,Federal Contract Tower,0,3,31,0,34,0,0,3,0,3,0,3,34,0,37,0,0,0,37
11/14/2012,CGF,OH,AGL,CE,Federal Contract Tower,0,9,26,0,35,0,0,25,0,25,0,9,51,0,60,24,0,24,84
11/15/2012,CGF,OH,AGL,CE,Federal Contract Tower,0,3,20,0,23,0,0,38,0,38,0,3,58,0,61,42,0,42,103
11/16/2012,CGF,OH,AGL,CE,Federal Contract Tower,0,8,27,0,35,0,0,50,0,50,0,8,77,0,85,60,0,60,145
11/17/2012,CGF,OH,AGL,CE,Federal Contract Tower,0,4,33,0,37,0,0,52,2,54,0,4,85,2,91,66,0,66,157
11/18/2012,CGF,OH,AGL,CE,Federal Contract Tower,0,8,14,0,22,0,0,55,0,55,0,8,69,0,77,48,0,48,125
11/19/2012,CGF,OH,AGL,CE,Federal Contract Tower,0,21,20,0,41,0,0,48,0,48,0,21,68,0,89,68,0,68,157
11/20/2012,CGF,OH,AGL,CE,Federal Contract Tower,0,18,14,0,32,0,0,29,0,29,0,18,43,0,61,52,0,52,113
11/21/2012,CGF,OH,AGL,CE,Federal Contract Tower,0,10,32,0,42,0,0,45,0,45,0,10,77,0,87,50,0,50,137
11/22/2012,CGF,OH,AGL,CE,Federal Contract Tower,0,5,9,0,14,0,0,26,0,26,0,5,35,0,40,4,0,4,44
11/23/2012,CGF,OH,AGL,CE,Federal Contract Tower,0,10,9,0,19,0,0,12,0,12,0,10,21,0,31,28,0,28,59
11/24/2012,CGF,OH,AGL,CE,Federal Contract Tower,0,8,7,0,15,0,0,3,0,3,0,8,10,0,18,0,0,0,18
11/25/2012,CGF,OH,AGL,CE,Federal Contract Tower,0,11,19,0,30,0,0,23,0,23,0,11,42,0,53,10,0,10,63
11/26/2012,CGF,OH,AGL,CE,Federal Contract Tower,0,20,19,0,39,0,0,20,0,20,0,20,39,0,59,40,0,40,99
11/27/2012,CGF,OH,AGL,CE,Federal Contract Tower,0,9,22,0,31,0,0,10,0,10,0,9,32,0,41,18,0,18,59
11/28/2012,CGF,OH,AGL,CE,Federal Contract Tower,0,8,28,0,36,0,0,9,0,9,0,8,37,0,45,16,0,16,61
11/29/2012,CGF,OH,AGL,CE,Federal Contract Tower,0,18,36,0,54,0,0,48,0,48,0,18,84,0,102,72,0,72,174
11/30/2012,CGF,OH,AGL,CE,Federal Contract Tower,0,8,21,0,29,0,0,30,0,30,0,8,51,0,59,22,0,22,81
12/01/2012,CGF,OH,AGL,CE,Federal Contract Tower,0,5,15,0,20,0,0,31,0,31,0,5,46,0,51,38,0,38,89
12/02/2012,CGF,OH,AGL,CE,Federal Contract Tower,0,10,9,0,19,0,0,0,0,0,0,10,9,0,19,0,0,0,19
12/03/2012,CGF,OH,AGL,CE,Federal Contract Tower,0,17,33,0,50,0,0,2,0,2,0,17,35,0,52,10,0,10,62
12/04/2012,CGF,OH,AGL,CE,Federal Contract Tower,0,15,27,0,42,0,0,5,0,5,0,15,32,0,47,10,0,10,57
12/05/2012,CGF,OH,AGL,CE,Federal Contract Tower,0,5,30,0,35,0,0,27,0,27,0,5,57,0,62,30,0,30,92
12/06/2012,CGF,OH,AGL,CE,Federal Contract Tower,0,8,21,0,29,0,0,51,0,51,0,8,72,0,80,38,0,38,118
12/07/2012,CGF,OH,AGL,CE,Federal Contract Tower,0,7,30,0,37,0,0,2,0,2,0,7,32,0,39,0,0,0,39
12/08/2012,CGF,OH,AGL,CE,Federal Contract Tower,0,2,18,0,20,0,0,0,0,0,0,2,18,0,20,0,0,0,20
12/09/2012,CGF,OH,AGL,CE,Federal Contract Tower,0,5,23,0,28,0,0,14,0,14,0,5,37,0,42,20,0,20,62
12/10/2012,CGF,OH,AGL,CE,Federal Contract Tower,0,17,18,0,35,0,0,0,0,0,0,17,18,0,35,0,0,0,35
12/11/2012,CGF,OH,AGL,CE,Federal Contract Tower,0,10,17,0,27,0,0,5,0,5,0,10,22,0,32,22,0,22,54
12/12/2012,CGF,OH,AGL,CE,Federal Contract Tower,0,9,30,0,39,0,0,28,0,28,0,9,58,0,67,38,0,38,105
12/13/2012,CGF,OH,AGL,CE,Federal Contract Tower,0,9,30,0,39,0,0,47,0,47,0,9,77,0,86,36,0,36,122
12/14/2012,CGF,OH,AGL,CE,Federal Contract Tower,0,19,27,0,46,0,0,69,0,69,0,19,96,0,115,66,0,66,181
12/15/2012,CGF,OH,AGL,CE,Federal Contract Tower,0,4,13,0,17,0,0,29,0,29,0,4,42,0,46,56,0,56,102
12/16/2012,CGF,OH,AGL,CE,Federal Contract Tower,0,2,21,0,23,0,0,14,0,14,0,2,35,0,37,22,0,22,59
12/17/2012,CGF,OH,AGL,CE,Federal Contract Tower,0,6,31,0,37,0,0,3,0,3,0,6,34,0,40,26,0,26,66
12/18/2012,CGF,OH,AGL,CE,Federal Contract Tower,0,11,15,0,26,0,0,10,0,10,0,11,25,0,36,22,0,22,58
12/19/2012,CGF,OH,AGL,CE,Federal Contract Tower,0,10,29,0,39,0,0,4,0,4,0,10,33,0,43,0,0,0,43
12/20/2012,CGF,OH,AGL,CE,Federal Contract Tower,0,12,8,0,20,0,0,4,0,4,0,12,12,0,24,0,0,0,24
12/21/2012,CGF,OH,AGL,CE,Federal Contract Tower,0,5,7,0,12,0,0,0,0,0,0,5,7,0,12,0,0,0,12
12/22/2012,CGF,OH,AGL,CE,Federal Contract Tower,0,14,12,0,26,0,0,0,0,0,0,14,12,0,26,0,0,0,26
12/23/2012,CGF,OH,AGL,CE,Federal Contract Tower,0,6,9,0,15,0,0,12,0,12,0,6,21,0,27,6,0,6,33
12/24/2012,CGF,OH,AGL,CE,Federal Contract Tower,0,4,5,0,9,0,0,6,0,6,0,4,11,0,15,0,0,0,15
12/25/2012,CGF,OH,AGL,CE,Federal Contract Tower,0,7,5,0,12,0,0,3,0,3,0,7,8,0,15,0,0,0,15
12/26/2012,CGF,OH,AGL,CE,Federal Contract Tower,0,5,4,0,9,0,0,0,0,0,0,5,4,0,9,0,0,0,9
12/27/2012,CGF,OH,AGL,CE,Federal Contract Tower,0,9,11,0,20,0,0,5,0,5,0,9,16,0,25,18,0,18,43
12/28/2012,CGF,OH,AGL,CE,Federal Contract Tower,0,7,11,0,18,0,0,16,0,16,0,7,27,0,34,32,0,32,66
12/29/2012,CGF,OH,AGL,CE,Federal Contract Tower,0,2,0,0,2,0,0,0,0,0,0,2,0,0,2,0,0,0,2
12/30/2012,CGF,OH,AGL,CE,Federal Contract Tower,0,4,10,0,14,0,0,2,0,2,0,4,12,0,16,0,0,0,16
12/31/2012,CGF,OH,AGL,CE,Federal Contract Tower,0,3,7,0,10,0,0,3,0,3,0,3,10,0,13,8,0,8,21
01/01/2013,CGF,OH,AGL,CE,Federal Contract Tower,0,3,4,0,7,0,0,0,0,0,0,3,4,0,7,4,0,4,11
01/02/2013,CGF,OH,AGL,CE,Federal Contract Tower,0,10,5,0,15,0,0,2,0,2,0,10,7,0,17,0,0,0,17
01/03/2013,CGF,OH,AGL,CE,Federal Contract Tower,0,4,7,0,11,0,0,5,0,5,0,4,12,0,16,2,0,2,18
01/04/2013,CGF,OH,AGL,CE,Federal Contract Tower,0,8,12,0,20,0,0,12,0,12,0,8,24,0,32,0,0,0,32
01/05/2013,CGF,OH,AGL,CE,Federal Contract Tower,0,6,11,0,17,0,0,32,0,32,0,6,43,0,49,20,0,20,69
01/06/2013,CGF,OH,AGL,CE,Federal Contract Tower,0,13,8,0,21,0,0,3,0,3,0,13,11,0,24,16,0,16,40
01/07/2013,CGF,OH,AGL,CE,Federal Contract Tower,0,9,17,0,26,0,0,16,0,16,0,9,33,0,42,16,0,16,58
01/08/2013,CGF,OH,AGL,CE,Federal Contract Tower,0,9,18,0,27,0,0,15,0,15,0,9,33,0,42,20,0,20,62
01/09/2013,CGF,OH,AGL,CE,Federal Contract Tower,0,17,17,0,34,0,0,11,0,11,0,17,28,0,45,36,0,36,81
01/10/2013,CGF,OH,AGL,CE,Federal Contract Tower,0,1,22,0,23,0,0,26,0,26,0,1,48,0,49,38,0,38,87
01/11/2013,CGF,OH,AGL,CE,Federal Contract Tower,0,6,21,0,27,0,0,0,0,0,0,6,21,0,27,0,0,0,27
01/12/2013,CGF,OH,AGL,CE,Federal Contract Tower,0,6,14,0,20,0,0,42,0,42,0,6,56,0,62,68,0,68,130
01/13/2013,CGF,OH,AGL,CE,Federal Contract Tower,0,9,10,0,19,0,0,0,0,0,0,9,10,0,19,0,0,0,19
01/14/2013,CGF,OH,AGL,CE,Federal Contract Tower,0,8,8,0,16,0,0,12,0,12,0,8,20,0,28,52,0,52,80
01/15/2013,CGF,OH,AGL,CE,Federal Contract Tower,0,8,18,0,26,0,0,23,0,23,0,8,41,0,49,40,0,40,89
01/16/2013,CGF,OH,AGL,CE,Federal Contract Tower,0,6,11,0,17,0,0,16,0,16,0,6,27,0,33,32,0,32,65
01/17/2013,CGF,OH,AGL,CE,Federal Contract Tower,0,8,20,0,28,0,0,9,0,9,0,8,29,0,37,18,0,18,55
01/18/2013,CGF,OH,AGL,CE,Federal Contract Tower,0,8,25,0,33,0,0,24,0,24,0,8,49,0,57,36,0,36,93
01/19/2013,CGF,OH,AGL,CE,Federal Contract Tower,0,7,7,0,14,0,0,10,0,10,0,7,17,0,24,0,0,0,24
01/20/2013,CGF,OH,AGL,CE,Federal Contract Tower,0,12,11,0,23,0,0,0,0,0,0,12,11,0,23,0,0,0,23
01/21/2013,CGF,OH,AGL,CE,Federal Contract Tower,0,8,19,0,27,0,0,4,0,4,0,8,23,0,31,0,0,0,31
01/22/2013,CGF,OH,AGL,CE,Federal Contract Tower,0,8,19,0,27,0,0,0,0,0,0,8,19,0,27,0,0,0,27
01/23/2013,CGF,OH,AGL,CE,Federal Contract Tower,0,7,16,0,23,0,0,1,0,1,0,7,17,0,24,0,0,0,24
01/24/2013,CGF,OH,AGL,CE,Federal Contract Tower,0,5,21,0,26,0,0,11,0,11,0,5,32,0,37,0,0,0,37
01/25/2013,CGF,OH,AGL,CE,Federal Contract Tower,0,13,16,0,29,0,0,0,0,0,0,13,16,0,29,0,0,0,29
01/26/2013,CGF,OH,AGL,CE,Federal Contract Tower,0,3,11,0,14,0,0,0,0,0,0,3,11,0,14,0,0,0,14
01/27/2013,CGF,OH,AGL,CE,Federal Contract Tower,0,2,6,0,8,0,0,25,0,25,0,2,31,0,33,0,0,0,33
01/28/2013,CGF,OH,AGL,CE,Federal Contract Tower,0,9,11,0,20,0,0,0,0,0,0,9,11,0,20,0,0,0,20
01/29/2013,CGF,OH,AGL,CE,Federal Contract Tower,0,8,22,0,30,0,0,0,0,0,0,8,22,0,30,0,0,0,30
01/30/2013,CGF,OH,AGL,CE,Federal Contract Tower,0,9,18,0,27,0,0,1,0,1,0,9,19,0,28,6,0,6,34
01/31/2013,CGF,OH,AGL,CE,Federal Contract Tower,0,4,10,0,14,0,0,0,0,0,0,4,10,0,14,0,0,0,14
02/01/2013,CGF,OH,AGL,CE,Federal Contract Tower,0,2,14,0,16,0,0,0,0,0,0,2,14,0,16,0,0,0,16
02/02/2013,CGF,OH,AGL,CE,Federal Contract Tower,0,7,1,0,8,0,0,0,0,0,0,7,1,0,8,0,0,0,8
02/03/2013,CGF,OH,AGL,CE,Federal Contract Tower,0,4,5,0,9,0,0,1,0,1,0,4,6,0,10,0,0,0,10
02/04/2013,CGF,OH,AGL,CE,Federal Contract Tower,0,6,9,0,15,0,0,0,0,0,0,6,9,0,15,0,0,0,15
02/05/2013,CGF,OH,AGL,CE,Federal Contract Tower,0,4,11,0,15,0,0,0,0,0,0,4,11,0,15,0,0,0,15
02/06/2013,CGF,OH,AGL,CE,Federal Contract Tower,0,7,18,0,25,0,0,33,0,33,0,7,51,0,58,24,0,24,82
02/07/2013,CGF,OH,AGL,CE,Federal Contract Tower,0,9,19,2,30,0,0,19,0,19,0,9,38,2,49,16,0,16,65
02/08/2013,CGF,OH,AGL,CE,Federal Contract Tower,0,9,17,0,26,0,0,0,0,0,0,9,17,0,26,4,0,4,30
02/09/2013,CGF,OH,AGL,CE,Federal Contract Tower,0,5,12,0,17,0,0,30,0,30,0,5,42,0,47,62,0,62,109
02/10/2013,CGF,OH,AGL,CE,Federal Contract Tower,0,7,12,0,19,0,0,43,0,43,0,7,55,0,62,48,0,48,110
02/11/2013,CGF,OH,AGL,CE,Federal Contract Tower,0,7,7,0,14,0,0,2,0,2,0,7,9,0,16,0,0,0,16
02/12/2013,CGF,OH,AGL,CE,Federal Contract Tower,0,4,36,0,40,0,0,6,0,6,0,4,42,0,46,4,0,4,50
02/13/2013,CGF,OH,AGL,CE,Federal Contract Tower,0,13,24,0,37,0,0,29,0,29,0,13,53,0,66,64,0,64,130
02/14/2013,CGF,OH,AGL,CE,Federal Contract Tower,0,9,29,0,38,0,0,4,0,4,0,9,33,0,42,0,0,0,42
02/15/2013,CGF,OH,AGL,CE,Federal Contract Tower,0,6,6,0,12,0,0,1,0,1,0,6,7,0,13,2,0,2,15
02/16/2013,CGF,OH,AGL,CE,Federal Contract Tower,0,5,7,0,12,0,0,27,0,27,0,5,34,0,39,44,0,44,83
02/17/2013,CGF,OH,AGL,CE,Federal Contract Tower,0,4,10,0,14,0,0,11,0,11,0,4,21,0,25,28,0,28,53
02/18/2013,CGF,OH,AGL,CE,Federal Contract Tower,0,15,19,0,34,0,0,22,0,22,0,15,41,0,56,28,0,28,84
02/19/2013,CGF,OH,AGL,CE,Federal Contract Tower,0,14,16,0,30,0,0,0,0,0,0,14,16,0,30,0,0,0,30
02/20/2013,CGF,OH,AGL,CE,Federal Contract Tower,0,13,23,0,36,0,0,1,0,1,0,13,24,0,37,0,0,0,37
02/21/2013,CGF,OH,AGL,CE,Federal Contract Tower,0,6,26,0,32,0,0,6,0,6,0,6,32,0,38,46,0,46,84
02/22/2013,CGF,OH,AGL,CE,Federal Contract Tower,0,4,13,0,17,0,0,1,0,1,0,4,14,0,18,0,0,0,18
02/23/2013,CGF,OH,AGL,CE,Federal Contract Tower,0,5,18,0,23,0,0,25,0,25,0,5,43,0,48,22,0,22,70
02/24/2013,CGF,OH,AGL,CE,Federal Contract Tower,0,3,19,0,22,0,0,15,0,15,0,3,34,0,37,34,0,34,71
02/25/2013,CGF,OH,AGL,CE,Federal Contract Tower,0,15,46,0,61,0,0,56,0,56,0,15,102,0,117,70,0,70,187
02/26/2013,CGF,OH,AGL,CE,Federal Contract Tower,0,5,21,0,26,0,0,4,0,4,0,5,25,0,30,0,0,0,30
02/27/2013,CGF,OH,AGL,CE,Federal Contract Tower,0,6,27,0,33,0,0,2,0,2,0,6,29,0,35,0,0,0,35
02/28/2013,CGF,OH,AGL,CE,Federal Contract Tower,0,4,27,0,31,0,0,0,0,0,0,4,27,0,31,0,0,0,31
03/01/2013,CGF,OH,AGL,CE,Federal Contract Tower,0,8,27,0,35,0,0,0,0,0,0,8,27,0,35,0,0,0,35
03/02/2013,CGF,OH,AGL,CE,Federal Contract Tower,0,1,9,0,10,0,0,1,0,1,0,1,10,0,11,14,0,14,25
03/03/2013,CGF,OH,AGL,CE,Federal Contract Tower,0,8,10,0,18,0,0,0,0,0,0,8,10,0,18,0,0,0,18
03/04/2013,CGF,OH,AGL,CE,Federal Contract Tower,0,7,17,0,24,0,0,28,0,28,0,7,45,0,52,30,0,30,82
03/05/2013,CGF,OH,AGL,CE,Federal Contract Tower,0,5,25,0,30,0,0,19,0,19,0,5,44,0,49,38,0,38,87
03/06/2013,CGF,OH,AGL,CE,Federal Contract Tower,0,9,14,0,23,0,0,4,0,4,0,9,18,0,27,40,0,40,67
03/07/2013,CGF,OH,AGL,CE,Federal Contract Tower,0,5,20,0,25,0,0,0,0,0,0,5,20,0,25,0,0,0,25
03/08/2013,CGF,OH,AGL,CE,Federal Contract Tower,0,8,24,0,32,0,2,8,0,10,0,10,32,0,42,24,0,24,66
03/09/2013,CGF,OH,AGL,CE,Federal Contract Tower,0,5,16,0,21,0,0,71,0,71,0,5,87,0,92,82,0,82,174
03/10/2013,CGF,OH,AGL,CE,Federal Contract Tower,0,9,20,0,29,0,0,13,0,13,0,9,33,0,42,16,0,16,58
03/11/2013,CGF,OH,AGL,CE,Federal Contract Tower,0,6,16,0,22,0,0,2,0,2,0,6,18,0,24,0,0,0,24
03/12/2013,CGF,OH,AGL,CE,Federal Contract Tower,0,8,19,0,27,0,0,3,0,3,0,8,22,0,30,2,0,2,32
03/13/2013,CGF,OH,AGL,CE,Federal Contract Tower,0,13,12,0,25,0,0,2,0,2,0,13,14,0,27,10,0,10,37
03/14/2013,CGF,OH,AGL,CE,Federal Contract Tower,0,8,22,0,30,0,0,31,0,31,0,8,53,0,61,56,0,56,117
03/15/2013,CGF,OH,AGL,CE,Federal Contract Tower,0,12,24,0,36,0,0,16,0,16,0,12,40,0,52,22,0,22,74
03/16/2013,CGF,OH,AGL,CE,Federal Contract Tower,0,6,13,0,19,0,0,0,0,0,0,6,13,0,19,0,0,0,19
03/17/2013,CGF,OH,AGL,CE,Federal Contract Tower,0,9,24,0,33,0,0,28,0,28,0,9,52,0,61,50,0,50,111
03/18/2013,CGF,OH,AGL,CE,Federal Contract Tower,0,7,12,0,19,0,0,0,0,0,0,7,12,0,19,0,0,0,19
03/19/2013,CGF,OH,AGL,CE,Federal Contract Tower,0,11,18,0,29,0,0,0,0,0,0,11,18,0,29,0,0,0,29
03/20/2013,CGF,OH,AGL,CE,Federal Contract Tower,0,10,15,0,25,0,0,4,0,4,0,10,19,0,29,6,0,6,35
03/21/2013,CGF,OH,AGL,CE,Federal Contract Tower,0,10,11,0,21,0,0,1,0,1,0,10,12,0,22,0,0,0,22
03/22/2013,CGF,OH,AGL,CE,Federal Contract Tower,0,9,14,0,23,0,0,3,0,3,0,9,17,0,26,0,0,0,26
03/23/2013,CGF,OH,AGL,CE,Federal Contract Tower,0,12,20,0,32,0,0,70,0,70,0,12,90,0,102,90,0,90,192
03/24/2013,CGF,OH,AGL,CE,Federal Contract Tower,0,17,8,0,25,0,0,8,0,8,0,17,16,0,33,8,0,8,41
03/25/2013,CGF,OH,AGL,CE,Federal Contract Tower,0,7,8,0,15,0,0,0,0,0,0,7,8,0,15,0,0,0,15
03/26/2013,CGF,OH,AGL,CE,Federal Contract Tower,0,13,11,0,24,0,0,2,0,2,0,13,13,0,26,0,0,0,26
03/27/2013,CGF,OH,AGL,CE,Federal Contract Tower,0,10,29,0,39,0,0,6,0,6,0,10,35,0,45,0,0,0,45
03/28/2013,CGF,OH,AGL,CE,Federal Contract Tower,0,14,24,0,38,0,0,15,0,15,0,14,39,0,53,8,0,8,61
03/29/2013,CGF,OH,AGL,CE,Federal Contract Tower,0,8,15,0,23,0,0,49,0,49,0,8,64,0,72,30,0,30,102
03/30/2013,CGF,OH,AGL,CE,Federal Contract Tower,0,9,13,0,22,0,0,73,0,73,0,9,86,0,95,44,0,44,139
03/31/2013,CGF,OH,AGL,CE,Federal Contract Tower,0,9,5,0,14,0,0,0,0,0,0,9,5,0,14,6,0,6,20
04/01/2013,CGF,OH,AGL,CE,Federal Contract Tower,0,10,19,0,29,0,0,2,0,2,0,10,21,0,31,2,0,2,33
04/02/2013,CGF,OH,AGL,CE,Federal Contract Tower,0,9,21,0,30,0,0,12,0,12,0,9,33,0,42,0,0,0,42
04/03/2013,CGF,OH,AGL,CE,Federal Contract Tower,0,14,22,0,36,0,0,15,0,15,0,14,37,0,51,0,0,0,51
04/04/2013,CGF,OH,AGL,CE,Federal Contract Tower,0,13,27,0,40,0,0,63,0,63,0,13,90,0,103,46,0,46,149
04/05/2013,CGF,OH,AGL,CE,Federal Contract Tower,0,6,24,0,30,0,0,20,0,20,0,6,44,0,50,18,0,18,68
04/06/2013,CGF,OH,AGL,CE,Federal Contract Tower,0,12,13,0,25,0,0,46,0,46,0,12,59,0,71,16,0,16,87
04/07/2013,CGF,OH,AGL,CE,Federal Contract Tower,0,8,16,0,24,0,0,7,0,7,0,8,23,0,31,2,0,2,33
04/08/2013,CGF,OH,AGL,CE,Federal Contract Tower,0,4,23,0,27,0,0,9,0,9,0,4,32,0,36,0,0,0,36
04/09/2013,CGF,OH,AGL,CE,Federal Contract Tower,0,17,21,0,38,0,0,16,0,16,0,17,37,0,54,28,0,28,82
04/10/2013,CGF,OH,AGL,CE,Federal Contract Tower,0,9,25,0,34,0,0,2,0,2,0,9,27,0,36,10,0,10,46
04/11/2013,CGF,OH,AGL,CE,Federal Contract Tower,0,9,16,0,25,0,0,0,0,0,0,9,16,0,25,0,0,0,25
04/12/2013,CGF,OH,AGL,CE,Federal Contract Tower,0,17,22,0,39,0,0,1,0,1,0,17,23,0,40,18,0,18,58
04/13/2013,CGF,OH,AGL,CE,Federal Contract Tower,0,10,8,0,18,0,4,1,0,5,0,14,9,0,23,0,0,0,23
04/14/2013,CGF,OH,AGL,CE,Federal Contract Tower,0,20,5,0,25,0,0,60,0,60,0,20,65,0,85,90,0,90,175
04/15/2013,CGF,OH,AGL,CE,Federal Contract Tower,0,15,17,0,32,0,1,37,0,38,0,16,54,0,70,46,0,46,116
04/16/2013,CGF,OH,AGL,CE,Federal Contract Tower,0,17,12,0,29,0,0,1,0,1,0,17,13,0,30,0,0,0,30
04/17/2013,CGF,OH,AGL,CE,Federal Contract Tower,0,9,21,0,30,0,0,29,0,29,0,9,50,0,59,24,0,24,83
04/18/2013,CGF,OH,AGL,CE,Federal Contract Tower,0,9,18,0,27,0,0,5,0,5,0,9,23,0,32,2,0,2,34
04/19/2013,CGF,OH,AGL,CE,Federal Contract Tower,0,3,5,0,8,0,0,2,0,2,0,3,7,0,10,18,0,18,28
04/20/2013,CGF,OH,AGL,CE,Federal Contract Tower,0,4,7,0,11,0,0,3,0,3,0,4,10,0,14,12,0,12,26
04/21/2013,CGF,OH,AGL,CE,Federal Contract Tower,0,7,18,0,25,0,0,54,0,54,0,7,72,0,79,48,0,48,127
04/22/2013,CGF,OH,AGL,CE,Federal Contract Tower,0,14,19,0,33,0,0,44,0,44,0,14,63,0,77,60,0,60,137
04/23/2013,CGF,OH,AGL,CE,Federal Contract Tower,0,5,16,0,21,0,0,24,0,24,0,5,40,0,45,20,0,20,65
04/24/2013,CGF,OH,AGL,CE,Federal Contract Tower,0,12,20,0,32,0,0,0,0,0,0,12,20,0,32,0,0,0,32
04/25/2013,CGF,OH,AGL,CE,Federal Contract Tower,0,10,21,0,31,0,0,24,0,24,0,10,45,0,55,28,0,28,83
04/26/2013,CGF,OH,AGL,CE,Federal Contract Tower,0,7,25,0,32,0,0,54,0,54,0,7,79,0,86,38,0,38,124
04/27/2013,CGF,OH,AGL,CE,Federal Contract Tower,0,7,14,0,21,0,3,58,0,61,0,10,72,0,82,62,0,62,144
04/28/2013,CGF,OH,AGL,CE,Federal Contract Tower,0,8,17,0,25,0,0,1,0,1,0,8,18,0,26,8,0,8,34
04/29/2013,CGF,OH,AGL,CE,Federal Contract Tower,0,15,17,0,32,0,2,1,0,3,0,17,18,0,35,12,0,12,47
04/30/2013,CGF,OH,AGL,CE,Federal Contract Tower,0,7,19,0,26,0,0,26,0,26,0,7,45,0,52,50,0,50,102
05/01/2013,CGF,OH,AGL,CE,Federal Contract Tower,0,7,22,0,29,0,0,49,0,49,0,7,71,0,78,44,0,44,122
05/02/2013,CGF,OH,AGL,CE,Federal Contract Tower,0,13,26,0,39,0,0,50,0,50,0,13,76,0,89,48,0,48,137
05/03/2013,CGF,OH,AGL,CE,Federal Contract Tower,0,9,22,0,31,0,0,54,0,54,0,9,76,0,85,42,0,42,127
05/04/2013,CGF,OH,AGL,CE,Federal Contract Tower,0,5,11,0,16,0,0,43,0,43,0,5,54,0,59,26,0,26,85
05/05/2013,CGF,OH,AGL,CE,Federal Contract Tower,0,12,13,0,25,0,0,44,0,44,0,12,57,0,69,20,0,20,89
05/06/2013,CGF,OH,AGL,CE,Federal Contract Tower,0,8,29,0,37,0,0,30,0,30,0,8,59,0,67,16,0,16,83
05/07/2013,CGF,OH,AGL,CE,Federal Contract Tower,0,12,13,0,25,0,0,27,0,27,0,12,40,0,52,32,0,32,84
05/08/2013,CGF,OH,AGL,CE,Federal Contract Tower,0,7,27,0,34,0,0,25,0,25,0,7,52,0,59,26,0,26,85
05/09/2013,CGF,OH,AGL,CE,Federal Contract Tower,0,13,38,0,51,0,0,46,0,46,0,13,84,0,97,44,0,44,141
05/10/2013,CGF,OH,AGL,CE,Federal Contract Tower,0,10,24,0,34,0,0,4,0,4,0,10,28,0,38,8,0,8,46
05/11/2013,CGF,OH,AGL,CE,Federal Contract Tower,0,4,18,0,22,0,0,0,0,0,0,4,18,0,22,0,0,0,22
05/12/2013,CGF,OH,AGL,CE,Federal Contract Tower,0,7,8,0,15,0,0,0,0,0,0,7,8,0,15,0,0,0,15
05/13/2013,CGF,OH,AGL,CE,Federal Contract Tower,0,19,19,0,38,0,0,21,0,21,0,19,40,0,59,20,0,20,79
05/14/2013,CGF,OH,AGL,CE,Federal Contract Tower,0,15,23,0,38,0,0,30,0,30,0,15,53,0,68,18,0,18,86
05/15/2013,CGF,OH,AGL,CE,Federal Contract Tower,0,15,24,0,39,0,0,12,0,12,0,15,36,0,51,20,0,20,71
05/16/2013,CGF,OH,AGL,CE,Federal Contract Tower,0,5,22,0,27,0,0,55,0,55,0,5,77,0,82,44,0,44,126
05/17/2013,CGF,OH,AGL,CE,Federal Contract Tower,0,6,25,0,31,0,0,57,0,57,0,6,82,0,88,58,0,58,146
05/18/2013,CGF,OH,AGL,CE,Federal Contract Tower,0,7,14,0,21,0,0,48,0,48,0,7,62,0,69,66,0,66,135
05/19/2013,CGF,OH,AGL,CE,Federal Contract Tower,0,11,19,0,30,0,0,32,0,32,0,11,51,0,62,42,0,42,104
05/20/2013,CGF,OH,AGL,CE,Federal Contract Tower,0,9,15,0,24,0,0,41,0,41,0,9,56,0,65,40,0,40,105
05/21/2013,CGF,OH,AGL,CE,Federal Contract Tower,0,11,18,0,29,0,0,11,0,11,0,11,29,0,40,4,0,4,44
05/22/2013,CGF,OH,AGL,CE,Federal Contract Tower,0,9,21,0,30,0,0,15,0,15,0,9,36,0,45,40,0,40,85
05/23/2013,CGF,OH,AGL,CE,Federal Contract Tower,0,12,24,0,36,0,0,5,0,5,0,12,29,0,41,0,0,0,41
05/24/2013,CGF,OH,AGL,CE,Federal Contract Tower,0,11,24,0,35,0,0,26,0,26,0,11,50,0,61,30,0,30,91
05/25/2013,CGF,OH,AGL,CE,Federal Contract Tower,0,2,7,0,9,0,0,58,0,58,0,2,65,0,67,46,0,46,113
05/26/2013,CGF,OH,AGL,CE,Federal Contract Tower,0,2,15,0,17,0,1,77,0,78,0,3,92,0,95,54,0,54,149
05/27/2013,CGF,OH,AGL,CE,Federal Contract Tower,0,7,10,0,17,0,0,41,0,41,0,7,51,0,58,48,0,48,106
05/28/2013,CGF,OH,AGL,CE,Federal Contract Tower,0,21,15,0,36,0,2,7,0,9,0,23,22,0,45,4,0,4,49
05/29/2013,CGF,OH,AGL,CE,Federal Contract Tower,0,11,21,0,32,0,0,18,2,20,0,11,39,2,52,30,2,32,84
05/30/2013,CGF,OH,AGL,CE,Federal Contract Tower,0,13,22,0,35,0,0,43,0,43,0,13,65,0,78,34,0,34,112
05/31/2013,CGF,OH,AGL,CE,Federal Contract Tower,0,12,22,0,34,0,0,19,0,19,0,12,41,0,53,16,0,16,69
06/01/2013,CGF,OH,AGL,CE,Federal Contract Tower,0,9,20,0,29,0,0,30,0,30,0,9,50,0,59,24,0,24,83
06/02/2013,CGF,OH,AGL,CE,Federal Contract Tower,0,9,18,0,27,0,0,47,0,47,0,9,65,0,74,52,0,52,126
06/03/2013,CGF,OH,AGL,CE,Federal Contract Tower,0,11,28,0,39,0,0,34,0,34,0,11,62,0,73,50,0,50,123
06/04/2013,CGF,OH,AGL,CE,Federal Contract Tower,0,24,47,0,71,0,0,63,0,63,0,24,110,0,134,42,0,42,176
06/05/2013,CGF,OH,AGL,CE,Federal Contract Tower,0,16,22,0,38,0,0,55,0,55,0,16,77,0,93,30,0,30,123
06/06/2013,CGF,OH,AGL,CE,Federal Contract Tower,0,6,28,0,34,0,0,0,0,0,0,6,28,0,34,0,0,0,34
06/07/2013,CGF,OH,AGL,CE,Federal Contract Tower,0,15,29,0,44,0,0,0,0,0,0,15,29,0,44,0,0,0,44
06/08/2013,CGF,OH,AGL,CE,Federal Contract Tower,0,4,15,0,19,0,0,46,0,46,0,4,61,0,65,22,0,22,87
06/09/2013,CGF,OH,AGL,CE,Federal Contract Tower,0,6,18,0,24,0,0,57,0,57,0,6,75,0,81,64,0,64,145
06/10/2013,CGF,OH,AGL,CE,Federal Contract Tower,0,9,18,0,27,0,0,0,0,0,0,9,18,0,27,0,0,0,27
06/11/2013,CGF,OH,AGL,CE,Federal Contract Tower,0,13,24,0,37,0,0,15,1,16,0,13,39,1,53,40,6,46,99
06/12/2013,CGF,OH,AGL,CE,Federal Contract Tower,0,17,22,0,39,0,0,22,0,22,0,17,44,0,61,26,0,26,87
06/13/2013,CGF,OH,AGL,CE,Federal Contract Tower,0,6,16,0,22,0,0,9,0,9,0,6,25,0,31,4,0,4,35
06/14/2013,CGF,OH,AGL,CE,Federal Contract Tower,0,12,52,0,64,0,0,27,0,27,0,12,79,0,91,50,0,50,141
06/15/2013,CGF,OH,AGL,CE,Federal Contract Tower,0,8,18,0,26,0,0,68,0,68,0,8,86,0,94,44,0,44,138
06/16/2013,CGF,OH,AGL,CE,Federal Contract Tower,0,8,13,0,21,0,0,18,0,18,0,8,31,0,39,16,0,16,55
06/17/2013,CGF,OH,AGL,CE,Federal Contract Tower,0,7,14,0,21,0,0,35,0,35,0,7,49,0,56,50,0,50,106
06/18/2013,CGF,OH,AGL,CE,Federal Contract Tower,0,21,11,0,32,0,0,22,0,22,0,21,33,0,54,34,0,34,88
06/19/2013,CGF,OH,AGL,CE,Federal Contract Tower,0,10,21,0,31,0,0,54,0,54,0,10,75,0,85,50,0,50,135
06/20/2013,CGF,OH,AGL,CE,Federal Contract Tower,0,14,18,0,32,0,2,42,0,44,0,16,60,0,76,24,0,24,100
06/21/2013,CGF,OH,AGL,CE,Federal Contract Tower,0,13,28,0,41,0,0,57,0,57,0,13,85,0,98,52,0,52,150
06/22/2013,CGF,OH,AGL,CE,Federal Contract Tower,0,7,8,0,15,0,0,59,0,59,0,7,67,0,74,48,0,48,122
06/23/2013,CGF,OH,AGL,CE,Federal Contract Tower,0,9,12,0,21,0,0,61,0,61,0,9,73,0,82,62,0,62,144
06/24/2013,CGF,OH,AGL,CE,Federal Contract Tower,0,12,29,0,41,0,0,44,0,44,0,12,73,0,85,68,0,68,153
06/25/2013,CGF,OH,AGL,CE,Federal Contract Tower,0,5,19,0,24,0,0,6,0,6,0,5,25,0,30,0,0,0,30
06/26/2013,CGF,OH,AGL,CE,Federal Contract Tower,0,7,20,0,27,0,0,14,0,14,0,7,34,0,41,56,0,56,97
06/27/2013,CGF,OH,AGL,CE,Federal Contract Tower,0,11,37,0,48,0,0,12,0,12,0,11,49,0,60,18,0,18,78
06/28/2013,CGF,OH,AGL,CE,Federal Contract Tower,0,14,18,0,32,0,0,20,0,20,0,14,38,0,52,50,0,50,102
06/29/2013,CGF,OH,AGL,CE,Federal Contract Tower,0,11,12,0,23,0,0,17,0,17,0,11,29,0,40,18,0,18,58
06/30/2013,CGF,OH,AGL,CE,Federal Contract Tower,0,8,15,0,23,0,1,32,0,33,0,9,47,0,56,58,0,58,114
07/01/2013,CGF,OH,AGL,CE,Federal Contract Tower,0,8,17,0,25,0,0,0,0,0,0,8,17,0,25,0,0,0,25
07/02/2013,CGF,OH,AGL,CE,Federal Contract Tower,0,5,20,0,25,0,0,38,0,38,0,5,58,0,63,74,0,74,137
07/03/2013,CGF,OH,AGL,CE,Federal Contract Tower,0,9,29,0,38,0,0,31,0,31,0,9,60,0,69,22,0,22,91
07/04/2013,CGF,OH,AGL,CE,Federal Contract Tower,0,3,9,0,12,0,0,7,0,7,0,3,16,0,19,18,0,18,37
07/05/2013,CGF,OH,AGL,CE,Federal Contract Tower,0,4,12,0,16,0,0,21,0,21,0,4,33,0,37,32,0,32,69
07/06/2013,CGF,OH,AGL,CE,Federal Contract Tower,0,6,17,0,23,0,0,25,0,25,0,6,42,0,48,26,0,26,74
07/07/2013,CGF,OH,AGL,CE,Federal Contract Tower,0,13,23,0,36,0,0,29,0,29,0,13,52,0,65,50,0,50,115
07/08/2013,CGF,OH,AGL,CE,Federal Contract Tower,0,13,26,0,39,0,0,34,0,34,0,13,60,0,73,36,0,36,109
07/09/2013,CGF,OH,AGL,CE,Federal Contract Tower,0,6,33,0,39,0,0,15,0,15,0,6,48,0,54,28,0,28,82
07/10/2013,CGF,OH,AGL,CE,Federal Contract Tower,0,2,22,0,24,0,0,2,0,2,0,2,24,0,26,16,0,16,42
07/11/2013,CGF,OH,AGL,CE,Federal Contract Tower,0,11,19,0,30,0,0,45,0,45,0,11,64,0,75,76,0,76,151
07/12/2013,CGF,OH,AGL,CE,Federal Contract Tower,0,6,33,0,39,0,0,50,0,50,0,6,83,0,89,62,0,62,151
07/13/2013,CGF,OH,AGL,CE,Federal Contract Tower,0,10,8,0,18,0,0,59,0,59,0,10,67,0,77,68,0,68,145
07/14/2013,CGF,OH,AGL,CE,Federal Contract Tower,0,13,12,0,25,0,0,38,0,38,0,13,50,0,63,44,0,44,107
07/15/2013,CGF,OH,AGL,CE,Federal Contract Tower,0,8,19,0,27,0,0,38,0,38,0,8,57,0,65,36,0,36,101
07/16/2013,CGF,OH,AGL,CE,Federal Contract Tower,0,6,24,0,30,0,0,37,0,37,0,6,61,0,67,72,0,72,139
07/17/2013,CGF,OH,AGL,CE,Federal Contract Tower,0,9,18,0,27,0,0,41,0,41,0,9,59,0,68,30,0,30,98
07/18/2013,CGF,OH,AGL,CE,Federal Contract Tower,0,6,31,0,37,0,0,41,0,41,0,6,72,0,78,46,0,46,124
07/19/2013,CGF,OH,AGL,CE,Federal Contract Tower,0,7,32,0,39,0,0,32,0,32,0,7,64,0,71,16,0,16,87
07/20/2013,CGF,OH,AGL,CE,Federal Contract Tower,0,7,15,0,22,0,0,13,0,13,0,7,28,0,35,18,0,18,53
07/21/2013,CGF,OH,AGL,CE,Federal Contract Tower,0,4,29,0,33,0,0,48,0,48,0,4,77,0,81,30,0,30,111
07/22/2013,CGF,OH,AGL,CE,Federal Contract Tower,0,15,19,0,34,0,0,1,0,1,0,15,20,0,35,0,0,0,35
07/23/2013,CGF,OH,AGL,CE,Federal Contract Tower,0,11,18,0,29,0,0,12,0,12,0,11,30,0,41,34,0,34,75
07/24/2013,CGF,OH,AGL,CE,Federal Contract Tower,0,15,26,0,41,0,0,49,0,49,0,15,75,0,90,32,0,32,122
07/25/2013,CGF,OH,AGL,CE,Federal Contract Tower,0,5,31,0,36,0,0,46,0,46,0,5,77,0,82,80,0,80,162
07/26/2013,CGF,OH,AGL,CE,Federal Contract Tower,0,12,21,0,33,0,0,55,0,55,0,12,76,0,88,62,0,62,150
07/27/2013,CGF,OH,AGL,CE,Federal Contract Tower,0,6,7,0,13,0,0,19,0,19,0,6,26,0,32,30,0,30,62
07/28/2013,CGF,OH,AGL,CE,Federal Contract Tower,0,7,16,0,23,0,0,35,0,35,0,7,51,0,58,38,0,38,96
07/29/2013,CGF,OH,AGL,CE,Federal Contract Tower,0,5,21,0,26,0,0,25,0,25,0,5,46,0,51,34,0,34,85
07/30/2013,CGF,OH,AGL,CE,Federal Contract Tower,0,17,23,0,40,0,1,71,0,72,0,18,94,0,112,92,0,92,204
07/31/2013,CGF,OH,AGL,CE,Federal Contract Tower,0,7,27,0,34,0,0,31,0,31,0,7,58,0,65,42,0,42,107
08/01/2013,CGF,OH,AGL,CE,Federal Contract Tower,0,7,31,0,38,0,0,25,0,25,0,7,56,0,63,52,0,52,115
08/02/2013,CGF,OH,AGL,CE,Federal Contract Tower,0,13,25,0,38,0,0,46,0,46,0,13,71,0,84,54,0,54,138
08/03/2013,CGF,OH,AGL,CE,Federal Contract Tower,0,6,9,0,15,0,0,49,0,49,0,6,58,0,64,72,0,72,136
08/04/2013,CGF,OH,AGL,CE,Federal Contract Tower,0,4,15,0,19,0,0,47,0,47,0,4,62,0,66,72,0,72,138
08/05/2013,CGF,OH,AGL,CE,Federal Contract Tower,0,9,19,0,28,0,0,44,0,44,0,9,63,0,72,66,0,66,138
08/06/2013,CGF,OH,AGL,CE,Federal Contract Tower,0,11,24,0,35,0,0,56,0,56,0,11,80,0,91,110,0,110,201
08/07/2013,CGF,OH,AGL,CE,Federal Contract Tower,0,12,16,0,28,0,0,7,0,7,0,12,23,0,35,14,0,14,49
08/08/2013,CGF,OH,AGL,CE,Federal Contract Tower,0,12,34,0,46,0,0,1,0,1,0,12,35,0,47,14,0,14,61
08/09/2013,CGF,OH,AGL,CE,Federal Contract Tower,0,12,24,0,36,0,1,27,0,28,0,13,51,0,64,58,0,58,122
08/10/2013,CGF,OH,AGL,CE,Federal Contract Tower,0,7,15,0,22,0,0,57,0,57,0,7,72,0,79,92,0,92,171
08/11/2013,CGF,OH,AGL,CE,Federal Contract Tower,0,10,10,0,20,0,0,60,0,60,0,10,70,0,80,52,0,52,132
08/12/2013,CGF,OH,AGL,CE,Federal Contract Tower,0,6,22,0,28,0,0,29,0,29,0,6,51,0,57,44,0,44,101
08/13/2013,CGF,OH,AGL,CE,Federal Contract Tower,0,15,27,0,42,0,0,37,0,37,0,15,64,0,79,34,0,34,113
08/14/2013,CGF,OH,AGL,CE,Federal Contract Tower,0,5,26,0,31,0,0,29,0,29,0,5,55,0,60,40,0,40,100
08/15/2013,CGF,OH,AGL,CE,Federal Contract Tower,0,11,32,0,43,0,0,50,0,50,0,11,82,0,93,34,0,34,127
08/16/2013,CGF,OH,AGL,CE,Federal Contract Tower,0,6,12,0,18,0,0,33,0,33,0,6,45,0,51,50,0,50,101
08/17/2013,CGF,OH,AGL,CE,Federal Contract Tower,0,8,10,0,18,0,2,38,0,40,0,10,48,0,58,36,0,36,94
08/18/2013,CGF,OH,AGL,CE,Federal Contract Tower,0,21,30,0,51,0,2,41,0,43,0,23,71,0,94,86,0,86,180
08/19/2013,CGF,OH,AGL,CE,Federal Contract Tower,0,12,29,0,41,0,0,27,0,27,0,12,56,0,68,32,0,32,100
08/20/2013,CGF,OH,AGL,CE,Federal Contract Tower,0,13,33,0,46,0,0,55,0,55,0,13,88,0,101,62,0,62,163
08/21/2013,CGF,OH,AGL,CE,Federal Contract Tower,0,1,14,0,15,0,0,36,0,36,0,1,50,0,51,44,0,44,95
08/22/2013,CGF,OH,AGL,CE,Federal Contract Tower,0,7,31,0,38,0,0,25,0,25,0,7,56,0,63,38,0,38,101
08/23/2013,CGF,OH,AGL,CE,Federal Contract Tower,0,10,16,0,26,0,0,37,0,37,0,10,53,0,63,14,0,14,77
08/24/2013,CGF,OH,AGL,CE,Federal Contract Tower,0,3,13,0,16,0,0,39,0,39,0,3,52,0,55,24,0,24,79
08/25/2013,CGF,OH,AGL,CE,Federal Contract Tower,0,7,16,0,23,0,0,66,0,66,0,7,82,0,89,62,0,62,151
08/26/2013,CGF,OH,AGL,CE,Federal Contract Tower,0,9,23,0,32,0,0,36,0,36,0,9,59,0,68,52,0,52,120
08/27/2013,CGF,OH,AGL,CE,Federal Contract Tower,0,8,24,0,32,0,0,10,0,10,0,8,34,0,42,30,0,30,72
08/28/2013,CGF,OH,AGL,CE,Federal Contract Tower,0,8,44,0,52,0,0,2,0,2,0,8,46,0,54,18,0,18,72
08/29/2013,CGF,OH,AGL,CE,Federal Contract Tower,0,8,26,0,34,0,0,36,0,36,0,8,62,0,70,48,0,48,118
08/30/2013,CGF,OH,AGL,CE,Federal Contract Tower,0,12,26,0,38,0,0,33,0,33,0,12,59,0,71,24,0,24,95
08/31/2013,CGF,OH,AGL,CE,Federal Contract Tower,0,9,20,0,29,0,0,22,0,22,0,9,42,0,51,14,0,14,65
09/01/2013,CGF,OH,AGL,CE,Federal Contract Tower,0,6,10,0,16,0,0,22,0,22,0,6,32,0,38,0,0,0,38
09/02/2013,CGF,OH,AGL,CE,Federal Contract Tower,0,19,17,0,36,0,0,11,0,11,0,19,28,0,47,0,0,0,47
09/03/2013,CGF,OH,AGL,CE,Federal Contract Tower,0,10,23,0,33,0,0,19,0,19,0,10,42,0,52,66,0,66,118
09/04/2013,CGF,OH,AGL,CE,Federal Contract Tower,0,14,30,0,44,0,0,48,0,48,0,14,78,0,92,26,0,26,118
09/05/2013,CGF,OH,AGL,CE,Federal Contract Tower,0,11,19,0,30,0,0,32,0,32,0,11,51,0,62,28,0,28,90
09/06/2013,CGF,OH,AGL,CE,Federal Contract Tower,0,7,35,0,42,0,1,49,2,52,0,8,84,2,94,22,0,22,116
09/07/2013,CGF,OH,AGL,CE,Federal Contract Tower,0,4,29,0,33,0,2,54,0,56,0,6,83,0,89,44,0,44,133
09/08/2013,CGF,OH,AGL,CE,Federal Contract Tower,0,7,20,0,27,0,0,12,0,12,0,7,32,0,39,16,0,16,55
09/09/2013,CGF,OH,AGL,CE,Federal Contract Tower,0,9,32,0,41,0,0,24,0,24,0,9,56,0,65,42,0,42,107
09/10/2013,CGF,OH,AGL,CE,Federal Contract Tower,0,6,49,0,55,0,0,19,0,19,0,6,68,0,74,52,0,52,126
09/11/2013,CGF,OH,AGL,CE,Federal Contract Tower,0,19,21,0,40,0,1,38,0,39,0,20,59,0,79,38,0,38,117
09/12/2013,CGF,OH,AGL,CE,Federal Contract Tower,0,9,37,0,46,0,0,6,0,6,0,9,43,0,52,14,0,14,66
09/13/2013,CGF,OH,AGL,CE,Federal Contract Tower,0,11,29,0,40,0,1,14,0,15,0,12,43,0,55,10,0,10,65
09/14/2013,CGF,OH,AGL,CE,Federal Contract Tower,0,4,14,0,18,0,0,64,0,64,0,4,78,0,82,80,0,80,162
09/15/2013,CGF,OH,AGL,CE,Federal Contract Tower,0,7,18,0,25,0,0,40,0,40,0,7,58,0,65,54,0,54,119
09/16/2013,CGF,OH,AGL,CE,Federal Contract Tower,0,10,18,0,28,0,0,8,0,8,0,10,26,0,36,2,0,2,38
09/17/2013,CGF,OH,AGL,CE,Federal Contract Tower,0,15,30,0,45,0,0,64,0,64,0,15,94,0,109,72,0,72,181
09/18/2013,CGF,OH,AGL,CE,Federal Contract Tower,0,7,25,0,32,0,0,52,0,52,0,7,77,0,84,32,0,32,116
09/19/2013,CGF,OH,AGL,CE,Federal Contract Tower,0,8,27,0,35,0,0,25,0,25,0,8,52,0,60,50,0,50,110
09/20/2013,CGF,OH,AGL,CE,Federal Contract Tower,0,9,35,0,44,0,1,3,0,4,0,10,38,0,48,0,0,0,48
09/21/2013,CGF,OH,AGL,CE,Federal Contract Tower,0,10,13,0,23,0,0,9,0,9,0,10,22,0,32,24,0,24,56
09/22/2013,CGF,OH,AGL,CE,Federal Contract Tower,0,10,21,0,31,0,0,44,0,44,0,10,65,0,75,64,0,64,139
09/23/2013,CGF,OH,AGL,CE,Federal Contract Tower,0,8,12,0,20,0,2,32,0,34,0,10,44,0,54,96,0,96,150
09/24/2013,CGF,OH,AGL,CE,Federal Contract Tower,0,12,42,0,54,0,0,57,0,57,0,12,99,0,111,80,0,80,191
09/25/2013,CGF,OH,AGL,CE,Federal Contract Tower,0,6,20,0,26,0,0,18,0,18,0,6,38,0,44,14,0,14,58
09/26/2013,CGF,OH,AGL,CE,Federal Contract Tower,0,10,19,0,29,0,0,51,0,51,0,10,70,0,80,68,0,68,148
09/27/2013,CGF,OH,AGL,CE,Federal Contract Tower,0,8,35,0,43,0,0,41,0,41,0,8,76,0,84,28,0,28,112
09/28/2013,CGF,OH,AGL,CE,Federal Contract Tower,0,5,26,0,31,0,0,61,0,61,0,5,87,0,92,110,0,110,202
09/29/2013,CGF,OH,AGL,CE,Federal Contract Tower,0,7,17,0,24,0,0,27,0,27,0,7,44,0,51,64,0,64,115
09/30/2013,CGF,OH,AGL,CE,Federal Contract Tower,0,15,22,0,37,0,0,1,0,1,0,15,23,0,38,14,0,14,52
10/01/2013,CGF,OH,AGL,CE,Federal Contract Tower,0,13,33,0,46,0,0,35,0,35,0,13,68,0,81,60,0,60,141
10/02/2013,CGF,OH,AGL,CE,Federal Contract Tower,0,11,39,0,50,0,0,55,0,55,0,11,94,0,105,48,0,48,153
10/03/2013,CGF,OH,AGL,CE,Federal Contract Tower,0,8,21,0,29,0,0,25,0,25,0,8,46,0,54,38,0,38,92
10/04/2013,CGF,OH,AGL,CE,Federal Contract Tower,0,22,40,0,62,0,0,38,0,38,0,22,78,0,100,14,0,14,114
10/05/2013,CGF,OH,AGL,CE,Federal Contract Tower,0,4,16,0,20,0,0,23,0,23,0,4,39,0,43,32,0,32,75
10/06/2013,CGF,OH,AGL,CE,Federal Contract Tower,0,5,25,0,30,0,0,2,0,2,0,5,27,0,32,0,0,0,32
10/07/2013,CGF,OH,AGL,CE,Federal Contract Tower,0,7,20,0,27,0,0,10,0,10,0,7,30,0,37,0,0,0,37
10/08/2013,CGF,OH,AGL,CE,Federal Contract Tower,0,17,39,0,56,0,0,56,0,56,0,17,95,0,112,58,0,58,170
10/09/2013,CGF,OH,AGL,CE,Federal Contract Tower,0,18,18,0,36,0,0,43,0,43,0,18,61,0,79,70,0,70,149
10/10/2013,CGF,OH,AGL,CE,Federal Contract Tower,0,11,36,0,47,0,0,32,0,32,0,11,68,0,79,18,0,18,97
10/11/2013,CGF,OH,AGL,CE,Federal Contract Tower,0,4,25,0,29,0,0,49,0,49,0,4,74,0,78,50,0,50,128
10/12/2013,CGF,OH,AGL,CE,Federal Contract Tower,0,4,11,0,15,0,0,62,0,62,0,4,73,0,77,32,0,32,109
10/13/2013,CGF,OH,AGL,CE,Federal Contract Tower,0,6,12,0,18,0,0,13,0,13,0,6,25,0,31,46,0,46,77
10/14/2013,CGF,OH,AGL,CE,Federal Contract Tower,0,7,23,0,30,0,0,39,0,39,0,7,62,0,69,46,0,46,115
10/15/2013,CGF,OH,AGL,CE,Federal Contract Tower,0,9,37,0,46,0,0,0,0,0,0,9,37,0,46,0,0,0,46
10/16/2013,CGF,OH,AGL,CE,Federal Contract Tower,0,7,22,0,29,0,0,1,0,1,0,7,23,0,30,0,0,0,30
10/17/2013,CGF,OH,AGL,CE,Federal Contract Tower,0,11,27,0,38,0,0,26,0,26,0,11,53,0,64,18,0,18,82
10/18/2013,CGF,OH,AGL,CE,Federal Contract Tower,0,17,32,0,49,0,0,35,0,35,0,17,67,0,84,44,0,44,128
10/19/2013,CGF,OH,AGL,CE,Federal Contract Tower,0,13,10,0,23,0,0,2,0,2,0,13,12,0,25,4,0,4,29
10/20/2013,CGF,OH,AGL,CE,Federal Contract Tower,0,18,28,0,46,0,0,29,0,29,0,18,57,0,75,18,0,18,93
10/21/2013,CGF,OH,AGL,CE,Federal Contract Tower,0,12,29,0,41,0,0,12,0,12,0,12,41,0,53,2,0,2,55
10/22/2013,CGF,OH,AGL,CE,Federal Contract Tower,0,19,20,0,39,0,0,26,0,26,0,19,46,0,65,28,0,28,93
10/23/2013,CGF,OH,AGL,CE,Federal Contract Tower,0,5,16,0,21,0,0,8,0,8,0,5,24,0,29,6,0,6,35
10/24/2013,CGF,OH,AGL,CE,Federal Contract Tower,0,12,26,0,38,0,0,0,0,0,0,12,26,0,38,2,0,2,40
10/25/2013,CGF,OH,AGL,CE,Federal Contract Tower,0,12,23,0,35,0,0,7,0,7,0,12,30,0,42,0,0,0,42
10/26/2013,CGF,OH,AGL,CE,Federal Contract Tower,0,4,13,0,17,0,0,2,0,2,0,4,15,0,19,20,0,20,39
10/27/2013,CGF,OH,AGL,CE,Federal Contract Tower,0,10,31,0,41,0,0,57,0,57,0,10,88,0,98,98,0,98,196
10/28/2013,CGF,OH,AGL,CE,Federal Contract Tower,0,6,27,0,33,0,0,29,0,29,0,6,56,0,62,24,0,24,86
10/29/2013,CGF,OH,AGL,CE,Federal Contract Tower,0,10,25,0,35,0,0,47,0,47,0,10,72,0,82,54,0,54,136
10/30/2013,CGF,OH,AGL,CE,Federal Contract Tower,0,8,29,0,37,0,0,44,0,44,0,8,73,0,81,78,0,78,159
10/31/2013,CGF,OH,AGL,CE,Federal Contract Tower,0,11,18,0,29,0,0,4,0,4,0,11,22,0,33,0,0,0,33
11/01/2013,CGF,OH,AGL,CE,Federal Contract Tower,0,11,24,0,35,0,0,18,0,18,0,11,42,0,53,8,0,8,61
11/02/2013,CGF,OH,AGL,CE,Federal Contract Tower,0,2,8,0,10,0,0,0,0,0,0,2,8,0,10,0,0,0,10
11/03/2013,CGF,OH,AGL,CE,Federal Contract Tower,0,10,26,0,36,0,0,44,0,44,0,10,70,0,80,26,0,26,106
11/04/2013,CGF,OH,AGL,CE,Federal Contract Tower,0,11,30,0,41,0,0,35,0,35,0,11,65,0,76,56,0,56,132
11/05/2013,CGF,OH,AGL,CE,Federal Contract Tower,0,14,45,0,59,0,0,31,0,31,0,14,76,0,90,32,0,32,122
11/06/2013,CGF,OH,AGL,CE,Federal Contract Tower,0,8,28,0,36,0,0,6,0,6,0,8,34,0,42,0,0,0,42
11/07/2013,CGF,OH,AGL,CE,Federal Contract Tower,0,7,22,0,29,0,0,1,0,1,0,7,23,0,30,0,0,0,30
11/08/2013,CGF,OH,AGL,CE,Federal Contract Tower,0,11,34,0,45,0,0,29,0,29,0,11,63,0,74,16,0,16,90
11/09/2013,CGF,OH,AGL,CE,Federal Contract Tower,0,12,9,0,21,0,0,20,0,20,0,12,29,0,41,24,0,24,65
11/10/2013,CGF,OH,AGL,CE,Federal Contract Tower,0,5,15,0,20,0,0,1,0,1,0,5,16,0,21,0,0,0,21
11/11/2013,CGF,OH,AGL,CE,Federal Contract Tower,0,15,22,0,37,0,0,7,0,7,0,15,29,0,44,20,0,20,64
11/12/2013,CGF,OH,AGL,CE,Federal Contract Tower,0,8,14,0,22,0,0,2,0,2,0,8,16,0,24,0,0,0,24
11/13/2013,CGF,OH,AGL,CE,Federal Contract Tower,0,11,27,0,38,0,0,22,0,22,0,11,49,0,60,38,0,38,98
11/14/2013,CGF,OH,AGL,CE,Federal Contract Tower,0,9,29,0,38,0,0,10,0,10,0,9,39,0,48,0,0,0,48
11/15/2013,CGF,OH,AGL,CE,Federal Contract Tower,0,8,31,0,39,0,0,35,0,35,0,8,66,0,74,26,0,26,100
11/16/2013,CGF,OH,AGL,CE,Federal Contract Tower,0,4,12,0,16,0,0,48,0,48,0,4,60,0,64,42,0,42,106
11/17/2013,CGF,OH,AGL,CE,Federal Contract Tower,0,7,5,0,12,0,0,0,0,0,0,7,5,0,12,0,0,0,12
11/18/2013,CGF,OH,AGL,CE,Federal Contract Tower,0,12,21,0,33,0,0,0,0,0,0,12,21,0,33,0,0,0,33
11/19/2013,CGF,OH,AGL,CE,Federal Contract Tower,0,13,25,0,38,0,0,21,0,21,0,13,46,0,59,18,0,18,77
11/20/2013,CGF,OH,AGL,CE,Federal Contract Tower,0,15,19,0,34,0,0,51,0,51,0,15,70,0,85,40,0,40,125
11/21/2013,CGF,OH,AGL,CE,Federal Contract Tower,0,11,26,0,37,0,0,1,0,1,0,11,27,0,38,0,0,0,38
11/22/2013,CGF,OH,AGL,CE,Federal Contract Tower,0,2,18,0,20,0,0,0,0,0,0,2,18,0,20,0,0,0,20
11/23/2013,CGF,OH,AGL,CE,Federal Contract Tower,0,2,9,0,11,0,0,2,0,2,0,2,11,0,13,2,0,2,15
11/24/2013,CGF,OH,AGL,CE,Federal Contract Tower,0,2,12,0,14,0,0,1,0,1,0,2,13,0,15,0,0,0,15
11/25/2013,CGF,OH,AGL,CE,Federal Contract Tower,0,6,28,0,34,0,0,3,0,3,0,6,31,0,37,0,0,0,37
11/26/2013,CGF,OH,AGL,CE,Federal Contract Tower,0,19,33,0,52,0,0,3,0,3,0,19,36,0,55,0,0,0,55
11/27/2013,CGF,OH,AGL,CE,Federal Contract Tower,0,7,8,0,15,0,0,0,0,0,0,7,8,0,15,0,0,0,15
11/28/2013,CGF,OH,AGL,CE,Federal Contract Tower,0,1,6,0,7,0,0,0,0,0,0,1,6,0,7,0,0,0,7
11/29/2013,CGF,OH,AGL,CE,Federal Contract Tower,0,10,18,0,28,0,0,11,0,11,0,10,29,0,39,0,0,0,39
11/30/2013,CGF,OH,AGL,CE,Federal Contract Tower,0,6,11,0,17,0,0,37,0,37,0,6,48,0,54,12,0,12,66
12/01/2013,CGF,OH,AGL,CE,Federal Contract Tower,0,19,29,0,48,0,0,25,0,25,0,19,54,0,73,40,0,40,113
12/02/2013,CGF,OH,AGL,CE,Federal Contract Tower,0,9,16,0,25,0,0,2,0,2,0,9,18,0,27,4,0,4,31
12/03/2013,CGF,OH,AGL,CE,Federal Contract Tower,0,10,26,0,36,0,0,32,0,32,0,10,58,0,68,14,0,14,82
12/04/2013,CGF,OH,AGL,CE,Federal Contract Tower,0,9,37,0,46,0,0,24,0,24,0,9,61,0,70,0,0,0,70
12/05/2013,CGF,OH,AGL,CE,Federal Contract Tower,0,14,28,0,42,0,0,3,0,3,0,14,31,0,45,0,0,0,45
12/06/2013,CGF,OH,AGL,CE,Federal Contract Tower,0,3,25,0,28,0,0,1,0,1,0,3,26,0,29,0,0,0,29
12/07/2013,CGF,OH,AGL,CE,Federal Contract Tower,0,4,9,0,13,0,0,7,0,7,0,4,16,0,20,6,0,6,26
12/08/2013,CGF,OH,AGL,CE,Federal Contract Tower,0,8,5,0,13,0,0,27,0,27,0,8,32,0,40,30,0,30,70
12/09/2013,CGF,OH,AGL,CE,Federal Contract Tower,0,15,15,0,30,0,0,5,0,5,0,15,20,0,35,0,0,0,35
12/10/2013,CGF,OH,AGL,CE,Federal Contract Tower,0,12,29,0,41,0,0,15,0,15,0,12,44,0,56,10,0,10,66
12/11/2013,CGF,OH,AGL,CE,Federal Contract Tower,0,12,22,0,34,0,0,0,0,0,0,12,22,0,34,0,0,0,34
12/12/2013,CGF,OH,AGL,CE,Federal Contract Tower,0,3,38,0,41,0,2,8,0,10,0,5,46,0,51,20,0,20,71
12/13/2013,CGF,OH,AGL,CE,Federal Contract Tower,0,16,29,0,45,0,0,32,0,32,0,16,61,0,77,32,0,32,109
12/14/2013,CGF,OH,AGL,CE,Federal Contract Tower,0,1,4,0,5,0,0,0,0,0,0,1,4,0,5,0,0,0,5
12/15/2013,CGF,OH,AGL,CE,Federal Contract Tower,0,12,15,0,27,0,0,0,0,0,0,12,15,0,27,0,0,0,27
12/16/2013,CGF,OH,AGL,CE,Federal Contract Tower,0,8,23,0,31,0,0,8,0,8,0,8,31,0,39,0,0,0,39
12/17/2013,CGF,OH,AGL,CE,Federal Contract Tower,0,12,19,0,31,0,0,1,0,1,0,12,20,0,32,0,0,0,32
12/18/2013,CGF,OH,AGL,CE,Federal Contract Tower,0,12,21,0,33,0,0,8,0,8,0,12,29,0,41,22,0,22,63
12/19/2013,CGF,OH,AGL,CE,Federal Contract Tower,0,6,19,0,25,0,0,42,0,42,0,6,61,0,67,48,0,48,115
12/20/2013,CGF,OH,AGL,CE,Federal Contract Tower,0,8,20,0,28,0,0,0,0,0,0,8,20,0,28,0,0,0,28
12/21/2013,CGF,OH,AGL,CE,Federal Contract Tower,0,5,15,0,20,0,0,0,0,0,0,5,15,0,20,0,0,0,20
12/22/2013,CGF,OH,AGL,CE,Federal Contract Tower,0,2,9,0,11,0,0,10,0,10,0,2,19,0,21,0,0,0,21
12/23/2013,CGF,OH,AGL,CE,Federal Contract Tower,0,8,10,0,18,0,0,0,0,0,0,8,10,0,18,20,0,20,38
12/24/2013,CGF,OH,AGL,CE,Federal Contract Tower,0,7,3,0,10,0,0,0,0,0,0,7,3,0,10,0,0,0,10
12/25/2013,CGF,OH,AGL,CE,Federal Contract Tower,0,6,4,0,10,0,0,6,0,6,0,6,10,0,16,0,0,0,16
12/26/2013,CGF,OH,AGL,CE,Federal Contract Tower,0,8,12,0,20,0,0,0,0,0,0,8,12,0,20,0,0,0,20
12/27/2013,CGF,OH,AGL,CE,Federal Contract Tower,0,15,24,0,39,0,0,32,0,32,0,15,56,0,71,24,0,24,95
12/28/2013,CGF,OH,AGL,CE,Federal Contract Tower,0,8,33,0,41,0,0,78,0,78,0,8,111,0,119,92,0,92,211
12/29/2013,CGF,OH,AGL,CE,Federal Contract Tower,0,4,7,0,11,0,0,12,0,12,0,4,19,0,23,10,0,10,33
12/30/2013,CGF,OH,AGL,CE,Federal Contract Tower,0,4,8,0,12,0,0,1,0,1,0,4,9,0,13,0,0,0,13
12/31/2013,CGF,OH,AGL,CE,Federal Contract Tower,0,2,9,0,11,0,0,0,0,0,0,2,9,0,11,0,0,0,11
01/01/2014,CGF,OH,AGL,CE,Federal Contract Tower,0,6,2,0,8,0,0,0,0,0,0,6,2,0,8,0,0,0,8
01/02/2014,CGF,OH,AGL,CE,Federal Contract Tower,0,1,5,0,6,0,0,0,0,0,0,1,5,0,6,0,0,0,6
01/03/2014,CGF,OH,AGL,CE,Federal Contract Tower,0,6,15,0,21,0,0,3,0,3,0,6,18,0,24,18,0,18,42
01/04/2014,CGF,OH,AGL,CE,Federal Contract Tower,0,8,8,0,16,0,0,10,0,10,0,8,18,0,26,12,0,12,38
01/05/2014,CGF,OH,AGL,CE,Federal Contract Tower,0,12,5,0,17,0,2,5,0,7,0,14,10,0,24,24,0,24,48
01/06/2014,CGF,OH,AGL,CE,Federal Contract Tower,0,6,21,0,27,0,0,0,0,0,0,6,21,0,27,0,0,0,27
01/07/2014,CGF,OH,AGL,CE,Federal Contract Tower,0,12,4,0,16,0,0,0,0,0,0,12,4,0,16,0,0,0,16
01/08/2014,CGF,OH,AGL,CE,Federal Contract Tower,0,17,9,0,26,0,2,2,0,4,0,19,11,0,30,0,0,0,30
01/09/2014,CGF,OH,AGL,CE,Federal Contract Tower,0,10,13,0,23,0,0,17,0,17,0,10,30,0,40,14,0,14,54
01/10/2014,CGF,OH,AGL,CE,Federal Contract Tower,0,4,18,0,22,0,0,0,0,0,0,4,18,0,22,0,0,0,22
01/11/2014,CGF,OH,AGL,CE,Federal Contract Tower,0,1,10,0,11,0,0,0,0,0,0,1,10,0,11,10,0,10,21
01/12/2014,CGF,OH,AGL,CE,Federal Contract Tower,0,8,18,0,26,0,0,24,0,24,0,8,42,0,50,20,0,20,70
01/13/2014,CGF,OH,AGL,CE,Federal Contract Tower,0,5,12,0,17,0,0,8,0,8,0,5,20,0,25,16,0,16,41
01/14/2014,CGF,OH,AGL,CE,Federal Contract Tower,0,20,14,0,34,0,4,8,0,12,0,24,22,0,46,8,0,8,54
01/15/2014,CGF,OH,AGL,CE,Federal Contract Tower,0,6,9,0,15,0,0,13,0,13,0,6,22,0,28,8,0,8,36
01/16/2014,CGF,OH,AGL,CE,Federal Contract Tower,0,15,9,0,24,0,0,3,0,3,0,15,12,0,27,0,0,0,27
01/17/2014,CGF,OH,AGL,CE,Federal Contract Tower,0,13,25,0,38,0,0,14,0,14,0,13,39,0,52,14,0,14,66
01/18/2014,CGF,OH,AGL,CE,Federal Contract Tower,0,6,10,0,16,0,0,33,0,33,0,6,43,0,49,46,0,46,95
01/19/2014,CGF,OH,AGL,CE,Federal Contract Tower,0,5,6,2,13,0,0,0,0,0,0,5,6,2,13,0,0,0,13
01/20/2014,CGF,OH,AGL,CE,Federal Contract Tower,0,9,11,0,20,0,0,0,0,0,0,9,11,0,20,14,0,14,34
01/21/2014,CGF,OH,AGL,CE,Federal Contract Tower,0,7,19,0,26,0,0,4,0,4,0,7,23,0,30,0,0,0,30
01/22/2014,CGF,OH,AGL,CE,Federal Contract Tower,0,7,15,0,22,0,0,1,0,1,0,7,16,0,23,0,0,0,23
01/23/2014,CGF,OH,AGL,CE,Federal Contract Tower,0,10,23,0,33,0,0,0,0,0,0,10,23,0,33,0,0,0,33
01/24/2014,CGF,OH,AGL,CE,Federal Contract Tower,0,7,17,0,24,0,0,4,0,4,0,7,21,0,28,32,0,32,60
01/25/2014,CGF,OH,AGL,CE,Federal Contract Tower,0,2,3,0,5,0,0,0,0,0,0,2,3,0,5,0,0,0,5
01/26/2014,CGF,OH,AGL,CE,Federal Contract Tower,0,5,11,0,16,0,0,2,0,2,0,5,13,0,18,0,0,0,18
01/27/2014,CGF,OH,AGL,CE,Federal Contract Tower,0,5,17,0,22,0,0,6,0,6,0,5,23,0,28,0,0,0,28
01/28/2014,CGF,OH,AGL,CE,Federal Contract Tower,0,11,10,0,21,0,0,8,0,8,0,11,18,0,29,12,0,12,41
01/29/2014,CGF,OH,AGL,CE,Federal Contract Tower,0,9,14,0,23,0,0,6,0,6,0,9,20,0,29,8,0,8,37
01/30/2014,CGF,OH,AGL,CE,Federal Contract Tower,0,1,15,0,16,0,0,13,0,13,0,1,28,0,29,18,0,18,47
01/31/2014,CGF,OH,AGL,CE,Federal Contract Tower,0,9,12,0,21,0,0,3,0,3,0,9,15,0,24,12,0,12,36
02/01/2014,CGF,OH,AGL,CE,Federal Contract Tower,0,4,6,0,10,0,0,0,0,0,0,4,6,0,10,0,0,0,10
02/02/2014,CGF,OH,AGL,CE,Federal Contract Tower,0,1,5,0,6,0,0,0,0,0,0,1,5,0,6,0,0,0,6
02/03/2014,CGF,OH,AGL,CE,Federal Contract Tower,0,4,16,0,20,0,0,34,0,34,0,4,50,0,54,48,0,48,102
02/04/2014,CGF,OH,AGL,CE,Federal Contract Tower,0,7,12,0,19,0,0,16,0,16,0,7,28,0,35,22,0,22,57
02/05/2014,CGF,OH,AGL,CE,Federal Contract Tower,0,0,7,0,7,0,0,0,0,0,0,0,7,0,7,0,0,0,7
02/06/2014,CGF,OH,AGL,CE,Federal Contract Tower,0,14,12,0,26,0,0,0,0,0,0,14,12,0,26,0,0,0,26
02/07/2014,CGF,OH,AGL,CE,Federal Contract Tower,0,5,10,0,15,0,0,10,0,10,0,5,20,0,25,38,0,38,63
02/08/2014,CGF,OH,AGL,CE,Federal Contract Tower,0,1,14,0,15,0,0,10,0,10,0,1,24,0,25,18,0,18,43
02/09/2014,CGF,OH,AGL,CE,Federal Contract Tower,0,6,6,0,12,0,0,0,0,0,0,6,6,0,12,0,0,0,12
02/10/2014,CGF,OH,AGL,CE,Federal Contract Tower,0,7,22,0,29,0,0,13,0,13,0,7,35,0,42,20,0,20,62
02/11/2014,CGF,OH,AGL,CE,Federal Contract Tower,0,12,11,0,23,0,0,6,0,6,0,12,17,0,29,6,0,6,35
02/12/2014,CGF,OH,AGL,CE,Federal Contract Tower,0,13,20,0,33,0,0,33,0,33,0,13,53,0,66,26,0,26,92
02/13/2014,CGF,OH,AGL,CE,Federal Contract Tower,0,13,27,0,40,0,0,32,0,32,0,13,59,0,72,20,0,20,92
02/14/2014,CGF,OH,AGL,CE,Federal Contract Tower,0,9,16,0,25,0,0,2,0,2,0,9,18,0,27,0,0,0,27
02/15/2014,CGF,OH,AGL,CE,Federal Contract Tower,0,5,11,0,16,0,0,8,0,8,0,5,19,0,24,0,0,0,24
02/16/2014,CGF,OH,AGL,CE,Federal Contract Tower,0,4,6,0,10,0,0,3,0,3,0,4,9,0,13,20,0,20,33
02/17/2014,CGF,OH,AGL,CE,Federal Contract Tower,0,7,21,0,28,0,2,4,0,6,0,9,25,0,34,18,0,18,52
02/18/2014,CGF,OH,AGL,CE,Federal Contract Tower,0,7,24,0,31,0,0,8,0,8,0,7,32,0,39,20,0,20,59
02/19/2014,CGF,OH,AGL,CE,Federal Contract Tower,0,9,26,0,35,0,0,17,0,17,0,9,43,0,52,0,0,0,52
02/20/2014,CGF,OH,AGL,CE,Federal Contract Tower,0,5,13,0,18,0,0,0,0,0,0,5,13,0,18,0,0,0,18
02/21/2014,CGF,OH,AGL,CE,Federal Contract Tower,0,5,14,0,19,0,0,3,0,3,0,5,17,0,22,4,0,4,26
02/22/2014,CGF,OH,AGL,CE,Federal Contract Tower,0,7,8,0,15,0,0,28,0,28,0,7,36,0,43,28,0,28,71
02/23/2014,CGF,OH,AGL,CE,Federal Contract Tower,0,6,13,0,19,0,0,33,0,33,0,6,46,0,52,40,0,40,92
02/24/2014,CGF,OH,AGL,CE,Federal Contract Tower,0,9,26,0,35,0,0,3,0,3,0,9,29,0,38,0,0,0,38
02/25/2014,CGF,OH,AGL,CE,Federal Contract Tower,0,11,29,0,40,0,0,10,0,10,0,11,39,0,50,4,0,4,54
02/26/2014,CGF,OH,AGL,CE,Federal Contract Tower,0,8,37,0,45,0,0,15,0,15,0,8,52,0,60,26,0,26,86
02/27/2014,CGF,OH,AGL,CE,Federal Contract Tower,0,4,10,0,14,0,0,1,0,1,0,4,11,0,15,0,0,0,15
02/28/2014,CGF,OH,AGL,CE,Federal Contract Tower,0,8,25,0,33,0,0,39,0,39,0,8,64,0,72,56,0,56,128
03/01/2014,CGF,OH,AGL,CE,Federal Contract Tower,0,3,17,0,20,0,0,52,0,52,0,3,69,0,72,70,0,70,142
03/02/2014,CGF,OH,AGL,CE,Federal Contract Tower,0,3,8,0,11,0,0,0,0,0,0,3,8,0,11,0,0,0,11
03/03/2014,CGF,OH,AGL,CE,Federal Contract Tower,0,2,11,0,13,0,0,15,0,15,0,2,26,0,28,40,0,40,68
03/04/2014,CGF,OH,AGL,CE,Federal Contract Tower,0,6,11,0,17,0,0,7,0,7,0,6,18,0,24,42,0,42,66
03/05/2014,CGF,OH,AGL,CE,Federal Contract Tower,0,6,14,0,20,0,0,20,0,20,0,6,34,0,40,54,0,54,94
03/06/2014,CGF,OH,AGL,CE,Federal Contract Tower,0,11,19,0,30,0,0,32,0,32,0,11,51,0,62,60,0,60,122
03/07/2014,CGF,OH,AGL,CE,Federal Contract Tower,0,3,15,0,18,0,0,45,0,45,0,3,60,0,63,44,0,44,107
03/08/2014,CGF,OH,AGL,CE,Federal Contract Tower,0,2,7,0,9,0,0,0,0,0,0,2,7,0,9,0,0,0,9
03/09/2014,CGF,OH,AGL,CE,Federal Contract Tower,0,13,16,0,29,0,0,47,0,47,0,13,63,0,76,78,0,78,154
03/10/2014,CGF,OH,AGL,CE,Federal Contract Tower,0,7,19,0,26,0,0,19,0,19,0,7,38,0,45,26,0,26,71
03/11/2014,CGF,OH,AGL,CE,Federal Contract Tower,0,7,25,0,32,0,0,19,0,19,0,7,44,0,51,20,0,20,71
03/12/2014,CGF,OH,AGL,CE,Federal Contract Tower,0,0,5,0,5,0,0,0,0,0,0,0,5,0,5,0,0,0,5
03/13/2014,CGF,OH,AGL,CE,Federal Contract Tower,0,6,17,0,23,0,0,13,0,13,0,6,30,0,36,18,0,18,54
03/14/2014,CGF,OH,AGL,CE,Federal Contract Tower,0,7,29,0,36,0,0,20,0,20,0,7,49,0,56,8,0,8,64
03/15/2014,CGF,OH,AGL,CE,Federal Contract Tower,0,1,8,0,9,0,0,16,0,16,0,1,24,0,25,20,0,20,45
03/16/2014,CGF,OH,AGL,CE,Federal Contract Tower,0,2,26,0,28,0,0,27,0,27,0,2,53,0,55,64,0,64,119
03/17/2014,CGF,OH,AGL,CE,Federal Contract Tower,0,10,13,0,23,0,0,31,0,31,0,10,44,0,54,36,0,36,90
03/18/2014,CGF,OH,AGL,CE,Federal Contract Tower,0,8,26,0,34,0,0,40,0,40,0,8,66,0,74,52,0,52,126
03/19/2014,CGF,OH,AGL,CE,Federal Contract Tower,0,4,16,0,20,0,0,0,0,0,0,4,16,0,20,0,0,0,20
03/20/2014,CGF,OH,AGL,CE,Federal Contract Tower,0,18,17,0,35,0,0,4,0,4,0,18,21,0,39,0,0,0,39
03/21/2014,CGF,OH,AGL,CE,Federal Contract Tower,0,12,14,0,26,0,0,40,0,40,0,12,54,0,66,74,0,74,140
03/22/2014,CGF,OH,AGL,CE,Federal Contract Tower,0,2,6,0,8,0,0,13,0,13,0,2,19,0,21,28,0,28,49
03/23/2014,CGF,OH,AGL,CE,Federal Contract Tower,0,3,12,0,15,0,0,18,0,18,0,3,30,0,33,48,0,48,81
03/24/2014,CGF,OH,AGL,CE,Federal Contract Tower,0,6,19,0,25,0,0,26,0,26,0,6,45,0,51,30,0,30,81
03/25/2014,CGF,OH,AGL,CE,Federal Contract Tower,0,7,4,0,11,0,0,2,0,2,0,7,6,0,13,0,0,0,13
03/26/2014,CGF,OH,AGL,CE,Federal Contract Tower,0,6,21,0,27,0,0,26,0,26,0,6,47,0,53,44,0,44,97
03/27/2014,CGF,OH,AGL,CE,Federal Contract Tower,0,10,26,0,36,0,2,11,0,13,0,12,37,0,49,10,0,10,59
03/28/2014,CGF,OH,AGL,CE,Federal Contract Tower,0,7,16,0,23,0,0,2,0,2,0,7,18,0,25,2,0,2,27
03/29/2014,CGF,OH,AGL,CE,Federal Contract Tower,0,5,8,0,13,0,0,4,0,4,0,5,12,0,17,24,0,24,41
03/30/2014,CGF,OH,AGL,CE,Federal Contract Tower,0,12,14,0,26,0,44,2,0,46,0,56,16,0,72,84,0,84,156
03/31/2014,CGF,OH,AGL,CE,Federal Contract Tower,0,4,19,0,23,0,0,56,0,56,0,4,75,0,79,34,0,34,113
04/01/2014,CGF,OH,AGL,CE,Federal Contract Tower,0,13,26,0,39,0,2,11,0,13,0,15,37,0,52,0,0,0,52
04/02/2014,CGF,OH,AGL,CE,Federal Contract Tower,0,13,38,0,51,0,0,34,0,34,0,13,72,0,85,36,0,36,121
04/03/2014,CGF,OH,AGL,CE,Federal Contract Tower,0,8,17,0,25,0,0,8,0,8,0,8,25,0,33,0,0,0,33
04/04/2014,CGF,OH,AGL,CE,Federal Contract Tower,0,10,14,0,24,0,0,0,0,0,0,10,14,0,24,0,0,0,24
04/05/2014,CGF,OH,AGL,CE,Federal Contract Tower,0,3,6,0,9,0,0,4,0,4,0,3,10,0,13,6,0,6,19
04/06/2014,CGF,OH,AGL,CE,Federal Contract Tower,0,6,14,0,20,0,0,73,0,73,0,6,87,0,93,54,0,54,147
04/07/2014,CGF,OH,AGL,CE,Federal Contract Tower,0,11,17,0,28,0,0,9,0,9,0,11,26,0,37,26,0,26,63
04/08/2014,CGF,OH,AGL,CE,Federal Contract Tower,0,14,26,0,40,0,2,30,0,32,0,16,56,0,72,44,0,44,116
04/09/2014,CGF,OH,AGL,CE,Federal Contract Tower,0,6,29,0,35,0,0,57,0,57,0,6,86,0,92,76,0,76,168
04/10/2014,CGF,OH,AGL,CE,Federal Contract Tower,0,12,17,0,29,0,0,16,0,16,0,12,33,0,45,8,0,8,53
04/11/2014,CGF,OH,AGL,CE,Federal Contract Tower,0,13,31,0,44,0,0,38,0,38,0,13,69,0,82,36,0,36,118
04/12/2014,CGF,OH,AGL,CE,Federal Contract Tower,0,5,10,0,15,0,0,61,0,61,0,5,71,0,76,48,0,48,124
04/13/2014,CGF,OH,AGL,CE,Federal Contract Tower,0,11,12,0,23,0,1,30,0,31,0,12,42,0,54,42,0,42,96
04/14/2014,CGF,OH,AGL,CE,Federal Contract Tower,0,8,15,0,23,0,0,6,0,6,0,8,21,0,29,0,0,0,29
04/15/2014,CGF,OH,AGL,CE,Federal Contract Tower,0,5,17,0,22,0,0,3,0,3,0,5,20,0,25,0,0,0,25
04/16/2014,CGF,OH,AGL,CE,Federal Contract Tower,0,12,21,0,33,0,2,53,0,55,0,14,74,0,88,70,0,70,158
04/17/2014,CGF,OH,AGL,CE,Federal Contract Tower,0,10,28,0,38,0,0,33,0,33,0,10,61,0,71,20,0,20,91
04/18/2014,CGF,OH,AGL,CE,Federal Contract Tower,0,11,9,0,20,0,0,54,6,60,0,11,63,6,80,60,0,60,140
04/19/2014,CGF,OH,AGL,CE,Federal Contract Tower,0,7,12,0,19,0,0,63,0,63,0,7,75,0,82,74,0,74,156
04/20/2014,CGF,OH,AGL,CE,Federal Contract Tower,0,4,12,0,16,0,0,46,0,46,0,4,58,0,62,56,0,56,118
04/21/2014,CGF,OH,AGL,CE,Federal Contract Tower,0,7,42,0,49,0,0,49,0,49,0,7,91,0,98,16,0,16,114
04/22/2014,CGF,OH,AGL,CE,Federal Contract Tower,0,13,13,0,26,0,0,7,0,7,0,13,20,0,33,10,0,10,43
04/23/2014,CGF,OH,AGL,CE,Federal Contract Tower,0,9,24,0,33,0,0,37,0,37,0,9,61,0,70,46,0,46,116
04/24/2014,CGF,OH,AGL,CE,Federal Contract Tower,0,12,31,0,43,0,0,70,0,70,0,12,101,0,113,42,0,42,155
04/25/2014,CGF,OH,AGL,CE,Federal Contract Tower,0,17,24,0,41,0,0,1,0,1,0,17,25,0,42,0,0,0,42
04/26/2014,CGF,OH,AGL,CE,Federal Contract Tower,0,7,11,0,18,0,0,48,0,48,0,7,59,0,66,44,0,44,110
04/27/2014,CGF,OH,AGL,CE,Federal Contract Tower,0,7,16,0,23,0,0,37,0,37,0,7,53,0,60,62,0,62,122
04/28/2014,CGF,OH,AGL,CE,Federal Contract Tower,0,7,20,0,27,0,0,1,0,1,0,7,21,0,28,0,0,0,28
04/29/2014,CGF,OH,AGL,CE,Federal Contract Tower,0,9,17,0,26,0,2,0,0,2,0,11,17,0,28,0,0,0,28
04/30/2014,CGF,OH,AGL,CE,Federal Contract Tower,0,9,22,0,31,0,0,0,0,0,0,9,22,0,31,0,0,0,31
05/01/2014,CGF,OH,AGL,CE,Federal Contract Tower,0,16,22,0,38,0,0,7,0,7,0,16,29,0,45,18,0,18,63
05/02/2014,CGF,OH,AGL,CE,Federal Contract Tower,0,13,27,0,40,0,0,20,0,20,0,13,47,0,60,0,0,0,60
05/03/2014,CGF,OH,AGL,CE,Federal Contract Tower,0,11,18,0,29,0,0,24,0,24,0,11,42,0,53,46,0,46,99
05/04/2014,CGF,OH,AGL,CE,Federal Contract Tower,0,14,25,0,39,0,0,47,0,47,0,14,72,0,86,36,0,36,122
05/05/2014,CGF,OH,AGL,CE,Federal Contract Tower,0,21,19,0,40,0,0,25,0,25,0,21,44,0,65,8,0,8,73
05/06/2014,CGF,OH,AGL,CE,Federal Contract Tower,0,19,32,0,51,0,0,55,0,55,0,19,87,0,106,36,0,36,142
05/07/2014,CGF,OH,AGL,CE,Federal Contract Tower,0,5,32,0,37,0,0,19,0,19,0,5,51,0,56,38,0,38,94
05/08/2014,CGF,OH,AGL,CE,Federal Contract Tower,0,12,26,0,38,0,0,25,0,25,0,12,51,0,63,56,0,56,119
05/09/2014,CGF,OH,AGL,CE,Federal Contract Tower,0,11,28,0,39,0,0,12,0,12,0,11,40,0,51,22,0,22,73
05/10/2014,CGF,OH,AGL,CE,Federal Contract Tower,0,4,13,0,17,0,0,37,0,37,0,4,50,0,54,22,0,22,76
05/11/2014,CGF,OH,AGL,CE,Federal Contract Tower,0,10,19,0,29,0,0,32,0,32,0,10,51,0,61,24,0,24,85
05/12/2014,CGF,OH,AGL,CE,Federal Contract Tower,0,18,20,0,38,0,0,1,0,1,0,18,21,0,39,0,0,0,39
05/13/2014,CGF,OH,AGL,CE,Federal Contract Tower,0,5,12,0,17,0,0,19,0,19,0,5,31,0,36,0,0,0,36
05/14/2014,CGF,OH,AGL,CE,Federal Contract Tower,0,11,18,0,29,0,0,0,0,0,0,11,18,0,29,0,0,0,29
05/15/2014,CGF,OH,AGL,CE,Federal Contract Tower,0,11,24,0,35,0,0,4,0,4,0,11,28,0,39,0,0,0,39
05/16/2014,CGF,OH,AGL,CE,Federal Contract Tower,0,15,42,0,57,0,0,17,0,17,0,15,59,0,74,26,0,26,100
05/17/2014,CGF,OH,AGL,CE,Federal Contract Tower,0,13,9,0,22,0,0,16,0,16,0,13,25,0,38,20,0,20,58
05/18/2014,CGF,OH,AGL,CE,Federal Contract Tower,0,21,22,0,43,0,0,59,0,59,0,21,81,0,102,66,0,66,168
05/19/2014,CGF,OH,AGL,CE,Federal Contract Tower,0,10,25,0,35,0,0,54,0,54,0,10,79,0,89,10,0,10,99
05/20/2014,CGF,OH,AGL,CE,Federal Contract Tower,0,13,40,0,53,0,0,29,0,29,0,13,69,0,82,30,0,30,112
05/21/2014,CGF,OH,AGL,CE,Federal Contract Tower,0,8,17,0,25,0,0,28,0,28,0,8,45,0,53,8,0,8,61
05/22/2014,CGF,OH,AGL,CE,Federal Contract Tower,0,6,27,0,33,0,0,27,0,27,0,6,54,0,60,28,0,28,88
05/23/2014,CGF,OH,AGL,CE,Federal Contract Tower,0,9,35,0,44,0,0,14,0,14,0,9,49,0,58,8,0,8,66
05/24/2014,CGF,OH,AGL,CE,Federal Contract Tower,0,8,13,0,21,0,0,52,0,52,0,8,65,0,73,46,0,46,119
05/25/2014,CGF,OH,AGL,CE,Federal Contract Tower,0,8,17,0,25,0,8,49,0,57,0,16,66,0,82,60,0,60,142
05/26/2014,CGF,OH,AGL,CE,Federal Contract Tower,0,12,16,0,28,0,0,55,0,55,0,12,71,0,83,72,0,72,155
05/27/2014,CGF,OH,AGL,CE,Federal Contract Tower,0,22,21,0,43,0,0,30,0,30,0,22,51,0,73,34,0,34,107
05/28/2014,CGF,OH,AGL,CE,Federal Contract Tower,0,17,20,0,37,0,0,0,2,2,0,17,20,2,39,6,0,6,45
05/29/2014,CGF,OH,AGL,CE,Federal Contract Tower,0,20,21,0,41,0,0,38,0,38,0,20,59,0,79,16,0,16,95
05/30/2014,CGF,OH,AGL,CE,Federal Contract Tower,0,8,17,0,25,0,0,41,0,41,0,8,58,0,66,26,0,26,92
05/31/2014,CGF,OH,AGL,CE,Federal Contract Tower,0,5,20,0,25,0,0,72,0,72,0,5,92,0,97,50,0,50,147
06/01/2014,CGF,OH,AGL,CE,Federal Contract Tower,0,15,10,0,25,0,0,59,0,59,0,15,69,0,84,46,0,46,130
06/02/2014,CGF,OH,AGL,CE,Federal Contract Tower,0,14,46,0,60,0,0,20,0,20,0,14,66,0,80,2,0,2,82
06/03/2014,CGF,OH,AGL,CE,Federal Contract Tower,0,12,28,0,40,0,0,32,0,32,0,12,60,0,72,30,0,30,102
06/04/2014,CGF,OH,AGL,CE,Federal Contract Tower,0,17,34,0,51,0,0,28,0,28,0,17,62,0,79,8,0,8,87
06/05/2014,CGF,OH,AGL,CE,Federal Contract Tower,0,11,30,0,41,0,0,55,0,55,0,11,85,0,96,50,0,50,146
06/06/2014,CGF,OH,AGL,CE,Federal Contract Tower,0,6,22,0,28,0,1,58,0,59,0,7,80,0,87,14,0,14,101
06/07/2014,CGF,OH,AGL,CE,Federal Contract Tower,0,7,35,0,42,0,0,85,0,85,0,7,120,0,127,62,0,62,189
06/08/2014,CGF,OH,AGL,CE,Federal Contract Tower,0,3,14,0,17,0,0,9,0,9,0,3,23,0,26,16,0,16,42
06/09/2014,CGF,OH,AGL,CE,Federal Contract Tower,0,22,16,0,38,0,0,39,0,39,0,22,55,0,77,16,0,16,93
06/10/2014,CGF,OH,AGL,CE,Federal Contract Tower,0,15,37,0,52,0,0,29,0,29,0,15,66,0,81,34,0,34,115
06/11/2014,CGF,OH,AGL,CE,Federal Contract Tower,0,9,24,0,33,0,0,15,0,15,0,9,39,0,48,30,0,30,78
06/12/2014,CGF,OH,AGL,CE,Federal Contract Tower,0,7,19,0,26,0,0,8,0,8,0,7,27,0,34,6,0,6,40
06/13/2014,CGF,OH,AGL,CE,Federal Contract Tower,0,7,22,0,29,0,0,11,0,11,0,7,33,0,40,14,0,14,54
06/14/2014,CGF,OH,AGL,CE,Federal Contract Tower,0,7,14,0,21,0,0,63,0,63,0,7,77,0,84,42,0,42,126
06/15/2014,CGF,OH,AGL,CE,Federal Contract Tower,0,11,19,0,30,0,0,53,0,53,0,11,72,0,83,24,0,24,107
06/16/2014,CGF,OH,AGL,CE,Federal Contract Tower,0,11,25,0,36,0,0,25,0,25,0,11,50,0,61,32,0,32,93
06/17/2014,CGF,OH,AGL,CE,Federal Contract Tower,0,16,32,0,48,0,0,19,0,19,0,16,51,0,67,4,0,4,71
06/18/2014,CGF,OH,AGL,CE,Federal Contract Tower,0,9,20,0,29,0,0,21,0,21,0,9,41,0,50,28,0,28,78
06/19/2014,CGF,OH,AGL,CE,Federal Contract Tower,0,16,26,0,42,0,0,28,0,28,0,16,54,0,70,12,0,12,82
06/20/2014,CGF,OH,AGL,CE,Federal Contract Tower,0,16,28,0,44,0,0,32,0,32,0,16,60,0,76,38,0,38,114
06/21/2014,CGF,OH,AGL,CE,Federal Contract Tower,0,7,24,0,31,0,0,64,0,64,0,7,88,0,95,70,0,70,165
06/22/2014,CGF,OH,AGL,CE,Federal Contract Tower,0,4,19,0,23,0,0,85,0,85,0,4,104,0,108,88,0,88,196
06/23/2014,CGF,OH,AGL,CE,Federal Contract Tower,0,13,16,0,29,0,0,32,0,32,0,13,48,0,61,14,0,14,75
06/24/2014,CGF,OH,AGL,CE,Federal Contract Tower,0,14,30,0,44,0,0,25,0,25,0,14,55,0,69,18,0,18,87
06/25/2014,CGF,OH,AGL,CE,Federal Contract Tower,0,10,31,0,41,0,0,10,0,10,0,10,41,0,51,0,0,0,51
06/26/2014,CGF,OH,AGL,CE,Federal Contract Tower,0,10,29,0,39,0,0,34,0,34,0,10,63,0,73,30,0,30,103
06/27/2014,CGF,OH,AGL,CE,Federal Contract Tower,0,6,35,0,41,0,0,73,0,73,0,6,108,0,114,102,0,102,216
06/28/2014,CGF,OH,AGL,CE,Federal Contract Tower,0,5,10,0,15,0,0,49,0,49,0,5,59,0,64,14,0,14,78
06/29/2014,CGF,OH,AGL,CE,Federal Contract Tower,0,11,14,0,25,0,0,17,0,17,0,11,31,0,42,26,0,26,68
06/30/2014,CGF,OH,AGL,CE,Federal Contract Tower,0,9,31,0,40,0,0,24,0,24,0,9,55,0,64,42,0,42,106
07/01/2014,CGF,OH,AGL,CE,Federal Contract Tower,0,14,21,0,35,0,0,19,0,19,0,14,40,0,54,38,0,38,92
07/02/2014,CGF,OH,AGL,CE,Federal Contract Tower,0,12,10,0,22,0,0,45,0,45,0,12,55,0,67,20,0,20,87
07/03/2014,CGF,OH,AGL,CE,Federal Contract Tower,0,8,19,0,27,0,0,41,0,41,0,8,60,0,68,42,0,42,110
07/04/2014,CGF,OH,AGL,CE,Federal Contract Tower,0,6,13,0,19,0,0,62,0,62,0,6,75,0,81,42,0,42,123
07/05/2014,CGF,OH,AGL,CE,Federal Contract Tower,0,11,10,0,21,0,0,59,0,59,0,11,69,0,80,64,0,64,144
07/06/2014,CGF,OH,AGL,CE,Federal Contract Tower,0,11,25,0,36,0,0,46,0,46,0,11,71,0,82,46,0,46,128
07/07/2014,CGF,OH,AGL,CE,Federal Contract Tower,0,17,18,0,35,0,0,19,0,19,0,17,37,0,54,14,0,14,68
07/08/2014,CGF,OH,AGL,CE,Federal Contract Tower,0,13,15,0,28,0,0,3,0,3,0,13,18,0,31,0,0,0,31
07/09/2014,CGF,OH,AGL,CE,Federal Contract Tower,0,11,25,0,36,0,0,36,0,36,0,11,61,0,72,38,0,38,110
07/10/2014,CGF,OH,AGL,CE,Federal Contract Tower,0,11,30,0,41,0,0,44,0,44,0,11,74,0,85,32,2,34,119
07/11/2014,CGF,OH,AGL,CE,Federal Contract Tower,0,9,28,0,37,0,0,57,0,57,0,9,85,0,94,36,0,36,130
07/12/2014,CGF,OH,AGL,CE,Federal Contract Tower,0,11,14,0,25,0,0,49,0,49,0,11,63,0,74,66,0,66,140
07/13/2014,CGF,OH,AGL,CE,Federal Contract Tower,0,10,15,0,25,0,0,6,0,6,0,10,21,0,31,46,0,46,77
07/14/2014,CGF,OH,AGL,CE,Federal Contract Tower,0,6,35,0,41,0,0,17,0,17,0,6,52,0,58,40,0,40,98
07/15/2014,CGF,OH,AGL,CE,Federal Contract Tower,0,8,25,0,33,0,0,26,0,26,0,8,51,0,59,20,0,20,79
07/16/2014,CGF,OH,AGL,CE,Federal Contract Tower,0,11,21,0,32,0,0,25,0,25,0,11,46,0,57,60,0,60,117
07/17/2014,CGF,OH,AGL,CE,Federal Contract Tower,0,6,23,0,29,0,0,45,0,45,0,6,68,0,74,54,0,54,128
07/18/2014,CGF,OH,AGL,CE,Federal Contract Tower,0,2,36,0,38,0,0,44,0,44,0,2,80,0,82,50,0,50,132
07/19/2014,CGF,OH,AGL,CE,Federal Contract Tower,0,3,18,0,21,0,2,0,0,2,0,5,18,0,23,0,0,0,23
07/20/2014,CGF,OH,AGL,CE,Federal Contract Tower,0,7,19,0,26,0,0,53,0,53,0,7,72,0,79,132,0,132,211
07/21/2014,CGF,OH,AGL,CE,Federal Contract Tower,0,10,18,0,28,0,0,28,0,28,0,10,46,0,56,18,0,18,74
07/22/2014,CGF,OH,AGL,CE,Federal Contract Tower,0,8,16,0,24,0,0,29,0,29,0,8,45,0,53,68,0,68,121
07/23/2014,CGF,OH,AGL,CE,Federal Contract Tower,0,13,23,0,36,0,0,9,0,9,0,13,32,0,45,10,0,10,55
07/24/2014,CGF,OH,AGL,CE,Federal Contract Tower,0,9,28,0,37,0,0,43,0,43,0,9,71,0,80,42,0,42,122
07/25/2014,CGF,OH,AGL,CE,Federal Contract Tower,0,14,34,0,48,0,0,51,0,51,0,14,85,0,99,28,0,28,127
07/26/2014,CGF,OH,AGL,CE,Federal Contract Tower,0,5,11,0,16,0,0,64,0,64,0,5,75,0,80,58,0,58,138
07/27/2014,CGF,OH,AGL,CE,Federal Contract Tower,0,10,21,0,31,0,0,19,0,19,0,10,40,0,50,18,0,18,68
07/28/2014,CGF,OH,AGL,CE,Federal Contract Tower,0,10,27,0,37,0,0,5,0,5,0,10,32,0,42,0,0,0,42
07/29/2014,CGF,OH,AGL,CE,Federal Contract Tower,0,12,36,0,48,0,0,41,0,41,0,12,77,0,89,74,0,74,163
07/30/2014,CGF,OH,AGL,CE,Federal Contract Tower,0,15,16,0,31,0,0,16,0,16,0,15,32,0,47,54,0,54,101
07/31/2014,CGF,OH,AGL,CE,Federal Contract Tower,0,10,46,0,56,0,0,54,0,54,0,10,100,0,110,140,0,140,250
08/01/2014,CGF,OH,AGL,CE,Federal Contract Tower,0,12,31,0,43,0,0,44,0,44,0,12,75,0,87,58,0,58,145
08/02/2014,CGF,OH,AGL,CE,Federal Contract Tower,0,6,7,0,13,0,0,18,0,18,0,6,25,0,31,32,0,32,63
08/03/2014,CGF,OH,AGL,CE,Federal Contract Tower,0,9,40,0,49,0,0,75,0,75,0,9,115,0,124,118,0,118,242
08/04/2014,CGF,OH,AGL,CE,Federal Contract Tower,0,9,26,0,35,0,0,63,0,63,0,9,89,0,98,62,0,62,160
08/05/2014,CGF,OH,AGL,CE,Federal Contract Tower,0,11,8,0,19,0,0,19,0,19,0,11,27,0,38,24,0,24,62
08/06/2014,CGF,OH,AGL,CE,Federal Contract Tower,0,10,16,0,26,0,0,31,0,31,0,10,47,0,57,62,0,62,119
08/07/2014,CGF,OH,AGL,CE,Federal Contract Tower,0,13,17,0,30,0,2,58,0,60,0,15,75,0,90,88,0,88,178
08/08/2014,CGF,OH,AGL,CE,Federal Contract Tower,0,14,28,0,42,0,0,49,0,49,0,14,77,0,91,42,0,42,133
08/09/2014,CGF,OH,AGL,CE,Federal Contract Tower,0,2,10,0,12,0,1,54,0,55,0,3,64,0,67,54,0,54,121
08/10/2014,CGF,OH,AGL,CE,Federal Contract Tower,0,14,22,0,36,0,0,46,0,46,0,14,68,0,82,46,0,46,128
08/11/2014,CGF,OH,AGL,CE,Federal Contract Tower,0,16,18,0,34,0,0,2,0,2,0,16,20,0,36,18,0,18,54
08/12/2014,CGF,OH,AGL,CE,Federal Contract Tower,0,14,23,0,37,0,0,12,0,12,0,14,35,0,49,42,0,42,91
08/13/2014,CGF,OH,AGL,CE,Federal Contract Tower,0,18,20,0,38,0,1,22,0,23,0,19,42,0,61,22,0,22,83
08/14/2014,CGF,OH,AGL,CE,Federal Contract Tower,0,8,16,0,24,0,0,41,0,41,0,8,57,0,65,34,2,36,101
08/15/2014,CGF,OH,AGL,CE,Federal Contract Tower,0,8,21,0,29,0,0,50,0,50,0,8,71,0,79,52,0,52,131
08/16/2014,CGF,OH,AGL,CE,Federal Contract Tower,0,4,8,0,12,0,0,49,0,49,0,4,57,0,61,62,0,62,123
08/17/2014,CGF,OH,AGL,CE,Federal Contract Tower,0,7,25,0,32,0,0,28,0,28,0,7,53,0,60,8,0,8,68
08/18/2014,CGF,OH,AGL,CE,Federal Contract Tower,0,12,15,0,27,0,0,37,0,37,0,12,52,0,64,46,0,46,110
08/19/2014,CGF,OH,AGL,CE,Federal Contract Tower,0,6,16,0,22,0,0,55,0,55,0,6,71,0,77,48,0,48,125
08/20/2014,CGF,OH,AGL,CE,Federal Contract Tower,0,12,10,0,22,0,0,18,0,18,0,12,28,0,40,34,0,34,74
08/21/2014,CGF,OH,AGL,CE,Federal Contract Tower,0,7,41,0,48,0,0,31,0,31,0,7,72,0,79,58,0,58,137
08/22/2014,CGF,OH,AGL,CE,Federal Contract Tower,0,8,19,0,27,0,0,13,0,13,0,8,32,0,40,16,0,16,56
08/23/2014,CGF,OH,AGL,CE,Federal Contract Tower,0,8,20,0,28,0,0,51,0,51,0,8,71,0,79,42,0,42,121
08/24/2014,CGF,OH,AGL,CE,Federal Contract Tower,0,12,14,0,26,0,0,33,0,33,0,12,47,0,59,78,0,78,137
08/25/2014,CGF,OH,AGL,CE,Federal Contract Tower,0,10,17,0,27,0,0,41,0,41,0,10,58,0,68,84,0,84,152
08/26/2014,CGF,OH,AGL,CE,Federal Contract Tower,0,12,12,0,24,0,0,25,0,25,0,12,37,0,49,44,0,44,93
08/27/2014,CGF,OH,AGL,CE,Federal Contract Tower,0,17,29,0,46,0,0,26,0,26,0,17,55,0,72,36,0,36,108
08/28/2014,CGF,OH,AGL,CE,Federal Contract Tower,0,18,26,0,44,0,0,45,0,45,0,18,71,0,89,54,0,54,143
08/29/2014,CGF,OH,AGL,CE,Federal Contract Tower,0,10,39,0,49,0,2,66,0,68,0,12,105,0,117,72,0,72,189
08/30/2014,CGF,OH,AGL,CE,Federal Contract Tower,0,7,24,0,31,0,4,35,0,39,0,11,59,0,70,32,0,32,102
08/31/2014,CGF,OH,AGL,CE,Federal Contract Tower,0,6,13,0,19,0,0,6,0,6,0,6,19,0,25,34,0,34,59
09/01/2014,CGF,OH,AGL,CE,Federal Contract Tower,0,10,20,0,30,0,0,25,0,25,0,10,45,0,55,64,0,64,119
09/02/2014,CGF,OH,AGL,CE,Federal Contract Tower,0,7,19,0,26,0,0,9,0,9,0,7,28,0,35,24,0,24,59
09/03/2014,CGF,OH,AGL,CE,Federal Contract Tower,0,10,19,0,29,0,0,49,0,49,0,10,68,0,78,68,0,68,146
09/04/2014,CGF,OH,AGL,CE,Federal Contract Tower,0,11,36,0,47,0,0,52,0,52,0,11,88,0,99,54,0,54,153
09/05/2014,CGF,OH,AGL,CE,Federal Contract Tower,0,5,28,0,33,0,0,35,0,35,0,5,63,0,68,30,0,30,98
09/06/2014,CGF,OH,AGL,CE,Federal Contract Tower,0,11,17,0,28,0,0,7,0,7,0,11,24,0,35,12,0,12,47
09/07/2014,CGF,OH,AGL,CE,Federal Contract Tower,0,10,22,0,32,0,0,38,0,38,0,10,60,0,70,46,0,46,116
09/08/2014,CGF,OH,AGL,CE,Federal Contract Tower,0,7,22,0,29,0,0,46,0,46,0,7,68,0,75,12,0,12,87
09/09/2014,CGF,OH,AGL,CE,Federal Contract Tower,0,11,13,0,24,0,0,30,0,30,0,11,43,0,54,36,0,36,90
09/10/2014,CGF,OH,AGL,CE,Federal Contract Tower,0,15,19,0,34,0,0,12,0,12,0,15,31,0,46,0,0,0,46
09/11/2014,CGF,OH,AGL,CE,Federal Contract Tower,0,14,41,0,55,0,0,2,0,2,0,14,43,0,57,8,0,8,65
09/12/2014,CGF,OH,AGL,CE,Federal Contract Tower,0,11,28,0,39,0,0,28,0,28,0,11,56,0,67,32,0,32,99
09/13/2014,CGF,OH,AGL,CE,Federal Contract Tower,0,6,10,0,16,0,0,13,0,13,0,6,23,0,29,14,0,14,43
09/14/2014,CGF,OH,AGL,CE,Federal Contract Tower,0,6,9,0,15,0,2,47,0,49,0,8,56,0,64,74,0,74,138
09/15/2014,CGF,OH,AGL,CE,Federal Contract Tower,0,14,19,0,33,0,0,26,0,26,0,14,45,0,59,32,0,32,91
09/16/2014,CGF,OH,AGL,CE,Federal Contract Tower,0,17,30,0,47,0,0,41,0,41,0,17,71,0,88,28,0,28,116
09/17/2014,CGF,OH,AGL,CE,Federal Contract Tower,0,8,25,0,33,0,2,46,0,48,0,10,71,0,81,50,0,50,131
09/18/2014,CGF,OH,AGL,CE,Federal Contract Tower,0,8,25,0,33,0,0,43,0,43,0,8,68,0,76,42,0,42,118
09/19/2014,CGF,OH,AGL,CE,Federal Contract Tower,0,14,38,0,52,0,0,50,0,50,0,14,88,0,102,36,0,36,138
09/20/2014,CGF,OH,AGL,CE,Federal Contract Tower,0,6,10,0,16,0,0,35,0,35,0,6,45,0,51,16,0,16,67
09/21/2014,CGF,OH,AGL,CE,Federal Contract Tower,0,21,20,0,41,0,0,10,0,10,0,21,30,0,51,2,0,2,53
09/22/2014,CGF,OH,AGL,CE,Federal Contract Tower,0,13,20,0,33,0,0,16,0,16,0,13,36,0,49,6,0,6,55
09/23/2014,CGF,OH,AGL,CE,Federal Contract Tower,0,15,38,0,53,0,0,44,0,44,0,15,82,0,97,50,0,50,147
09/24/2014,CGF,OH,AGL,CE,Federal Contract Tower,0,21,28,0,49,0,0,34,0,34,0,21,62,0,83,2,0,2,85
09/25/2014,CGF,OH,AGL,CE,Federal Contract Tower,0,5,33,0,38,0,0,51,0,51,0,5,84,0,89,44,0,44,133
09/26/2014,CGF,OH,AGL,CE,Federal Contract Tower,0,7,39,0,46,0,0,33,0,33,0,7,72,0,79,58,0,58,137
09/27/2014,CGF,OH,AGL,CE,Federal Contract Tower,0,5,10,0,15,0,0,58,0,58,0,5,68,0,73,46,0,46,119
09/28/2014,CGF,OH,AGL,CE,Federal Contract Tower,0,9,22,0,31,0,2,37,0,39,0,11,59,0,70,50,0,50,120
09/29/2014,CGF,OH,AGL,CE,Federal Contract Tower,0,14,15,0,29,0,0,48,0,48,0,14,63,0,77,26,0,26,103
09/30/2014,CGF,OH,AGL,CE,Federal Contract Tower,0,11,20,0,31,0,0,0,0,0,0,11,20,0,31,0,0,0,31
10/01/2014,CGF,OH,AGL,CE,Federal Contract Tower,0,11,19,0,30,0,0,22,0,22,0,11,41,0,52,20,0,20,72
10/02/2014,CGF,OH,AGL,CE,Federal Contract Tower,0,15,33,0,48,0,0,26,0,26,0,15,59,0,74,28,0,28,102
10/03/2014,CGF,OH,AGL,CE,Federal Contract Tower,0,12,16,0,28,0,0,2,0,2,0,12,18,0,30,0,0,0,30
10/04/2014,CGF,OH,AGL,CE,Federal Contract Tower,0,5,10,0,15,0,0,8,0,8,0,5,18,0,23,16,0,16,39
10/05/2014,CGF,OH,AGL,CE,Federal Contract Tower,0,11,26,0,37,0,0,34,0,34,0,11,60,0,71,38,0,38,109
10/06/2014,CGF,OH,AGL,CE,Federal Contract Tower,0,6,21,0,27,0,1,15,0,16,0,7,36,0,43,4,0,4,47
10/07/2014,CGF,OH,AGL,CE,Federal Contract Tower,0,12,20,0,32,0,0,14,0,14,0,12,34,0,46,48,0,48,94
10/08/2014,CGF,OH,AGL,CE,Federal Contract Tower,0,8,19,0,27,0,0,11,0,11,0,8,30,0,38,0,0,0,38
10/09/2014,CGF,OH,AGL,CE,Federal Contract Tower,0,20,20,0,40,0,0,30,0,30,0,20,50,0,70,26,0,26,96
10/10/2014,CGF,OH,AGL,CE,Federal Contract Tower,0,16,35,0,51,0,0,40,0,40,0,16,75,0,91,46,0,46,137
10/11/2014,CGF,OH,AGL,CE,Federal Contract Tower,0,6,20,0,26,0,0,45,0,45,0,6,65,0,71,58,0,58,129
10/12/2014,CGF,OH,AGL,CE,Federal Contract Tower,0,9,19,0,28,0,0,46,0,46,0,9,65,0,74,18,0,18,92
10/13/2014,CGF,OH,AGL,CE,Federal Contract Tower,0,10,25,0,35,0,0,6,0,6,0,10,31,0,41,16,0,16,57
10/14/2014,CGF,OH,AGL,CE,Federal Contract Tower,0,13,8,0,21,0,0,8,0,8,0,13,16,0,29,0,0,0,29
10/15/2014,CGF,OH,AGL,CE,Federal Contract Tower,0,7,27,0,34,0,0,21,0,21,0,7,48,0,55,24,0,24,79
10/16/2014,CGF,OH,AGL,CE,Federal Contract Tower,0,15,30,0,45,0,0,9,0,9,0,15,39,0,54,22,0,22,76
10/17/2014,CGF,OH,AGL,CE,Federal Contract Tower,0,13,36,0,49,0,0,14,0,14,0,13,50,0,63,6,0,6,69
10/18/2014,CGF,OH,AGL,CE,Federal Contract Tower,0,7,10,0,17,0,0,3,0,3,0,7,13,0,20,4,0,4,24
10/19/2014,CGF,OH,AGL,CE,Federal Contract Tower,0,10,28,0,38,0,0,47,0,47,0,10,75,0,85,44,0,44,129
10/20/2014,CGF,OH,AGL,CE,Federal Contract Tower,0,11,36,0,47,0,0,7,0,7,0,11,43,0,54,0,0,0,54
10/21/2014,CGF,OH,AGL,CE,Federal Contract Tower,0,11,12,0,23,0,0,0,0,0,0,11,12,0,23,0,0,0,23
10/22/2014,CGF,OH,AGL,CE,Federal Contract Tower,0,6,27,0,33,0,0,12,0,12,0,6,39,0,45,26,0,26,71
10/23/2014,CGF,OH,AGL,CE,Federal Contract Tower,0,6,18,0,24,0,0,29,0,29,0,6,47,0,53,22,0,22,75
10/24/2014,CGF,OH,AGL,CE,Federal Contract Tower,0,8,17,0,25,0,0,41,0,41,0,8,58,0,66,32,0,32,98
10/25/2014,CGF,OH,AGL,CE,Federal Contract Tower,0,9,14,0,23,0,0,22,0,22,0,9,36,0,45,10,0,10,55
10/26/2014,CGF,OH,AGL,CE,Federal Contract Tower,0,11,14,0,25,0,0,41,0,41,0,11,55,0,66,100,0,100,166
10/27/2014,CGF,OH,AGL,CE,Federal Contract Tower,0,13,20,0,33,0,0,27,0,27,0,13,47,0,60,6,0,6,66
10/28/2014,CGF,OH,AGL,CE,Federal Contract Tower,0,16,14,0,30,0,0,12,0,12,0,16,26,0,42,0,0,0,42
10/29/2014,CGF,OH,AGL,CE,Federal Contract Tower,0,16,15,0,31,0,0,29,0,29,0,16,44,0,60,16,0,16,76
10/30/2014,CGF,OH,AGL,CE,Federal Contract Tower,0,15,20,0,35,0,0,23,0,23,0,15,43,0,58,12,0,12,70
10/31/2014,CGF,OH,AGL,CE,Federal Contract Tower,0,13,9,0,22,0,0,8,0,8,0,13,17,0,30,22,0,22,52
11/01/2014,CGF,OH,AGL,CE,Federal Contract Tower,0,9,8,0,17,0,0,0,0,0,0,9,8,0,17,0,0,0,17
11/02/2014,CGF,OH,AGL,CE,Federal Contract Tower,0,10,7,0,17,0,0,25,0,25,0,10,32,0,42,42,0,42,84
11/03/2014,CGF,OH,AGL,CE,Federal Contract Tower,0,9,17,0,26,0,0,31,0,31,0,9,48,0,57,20,0,20,77
11/04/2014,CGF,OH,AGL,CE,Federal Contract Tower,0,11,17,0,28,0,0,7,0,7,0,11,24,0,35,0,0,0,35
11/05/2014,CGF,OH,AGL,CE,Federal Contract Tower,0,10,32,0,42,0,0,43,0,43,0,10,75,0,85,16,0,16,101
11/06/2014,CGF,OH,AGL,CE,Federal Contract Tower,0,14,19,0,33,0,0,2,0,2,0,14,21,0,35,0,0,0,35
11/07/2014,CGF,OH,AGL,CE,Federal Contract Tower,0,7,24,0,31,0,0,2,0,2,0,7,26,0,33,0,0,0,33
11/08/2014,CGF,OH,AGL,CE,Federal Contract Tower,0,5,12,0,17,0,0,10,0,10,0,5,22,0,27,20,0,20,47
11/09/2014,CGF,OH,AGL,CE,Federal Contract Tower,0,12,23,0,35,0,0,40,0,40,0,12,63,0,75,44,0,44,119
11/10/2014,CGF,OH,AGL,CE,Federal Contract Tower,0,13,17,0,30,0,0,53,0,53,0,13,70,0,83,58,0,58,141
11/11/2014,CGF,OH,AGL,CE,Federal Contract Tower,0,9,14,0,23,0,0,17,0,17,0,9,31,0,40,20,0,20,60
11/12/2014,CGF,OH,AGL,CE,Federal Contract Tower,0,18,25,0,43,0,0,13,0,13,0,18,38,0,56,10,0,10,66
11/13/2014,CGF,OH,AGL,CE,Federal Contract Tower,0,7,21,0,28,0,0,1,0,1,0,7,22,0,29,0,0,0,29
11/14/2014,CGF,OH,AGL,CE,Federal Contract Tower,0,9,7,0,16,0,0,0,0,0,0,9,7,0,16,0,0,0,16
11/15/2014,CGF,OH,AGL,CE,Federal Contract Tower,0,1,12,0,13,0,0,21,0,21,0,1,33,0,34,62,0,62,96
11/16/2014,CGF,OH,AGL,CE,Federal Contract Tower,0,6,19,0,25,0,0,25,0,25,0,6,44,0,50,48,0,48,98
11/17/2014,CGF,OH,AGL,CE,Federal Contract Tower,0,7,16,0,23,0,0,0,0,0,0,7,16,0,23,8,0,8,31
11/18/2014,CGF,OH,AGL,CE,Federal Contract Tower,0,8,14,0,22,0,0,5,0,5,0,8,19,0,27,18,0,18,45
11/19/2014,CGF,OH,AGL,CE,Federal Contract Tower,0,3,22,0,25,0,0,2,0,2,0,3,24,0,27,18,0,18,45
11/20/2014,CGF,OH,AGL,CE,Federal Contract Tower,0,6,26,0,32,0,0,2,0,2,0,6,28,0,34,22,0,22,56
11/21/2014,CGF,OH,AGL,CE,Federal Contract Tower,0,14,30,0,44,0,0,12,0,12,0,14,42,0,56,12,0,12,68
11/22/2014,CGF,OH,AGL,CE,Federal Contract Tower,0,4,7,0,11,0,0,2,0,2,0,4,9,0,13,0,0,0,13
11/23/2014,CGF,OH,AGL,CE,Federal Contract Tower,0,4,13,0,17,0,0,31,0,31,0,4,44,0,48,10,0,10,58
11/24/2014,CGF,OH,AGL,CE,Federal Contract Tower,0,13,7,0,20,0,0,5,0,5,0,13,12,0,25,0,0,0,25
11/25/2014,CGF,OH,AGL,CE,Federal Contract Tower,0,11,20,0,31,0,0,2,0,2,0,11,22,0,33,14,0,14,47
11/26/2014,CGF,OH,AGL,CE,Federal Contract Tower,0,19,11,0,30,0,0,29,0,29,0,19,40,0,59,36,0,36,95
11/27/2014,CGF,OH,AGL,CE,Federal Contract Tower,0,2,1,0,3,0,0,0,0,0,0,2,1,0,3,0,0,0,3
11/28/2014,CGF,OH,AGL,CE,Federal Contract Tower,0,5,9,0,14,0,0,19,0,19,0,5,28,0,33,24,0,24,57
11/29/2014,CGF,OH,AGL,CE,Federal Contract Tower,0,19,8,0,27,0,0,13,0,13,0,19,21,0,40,0,0,0,40
11/30/2014,CGF,OH,AGL,CE,Federal Contract Tower,0,11,18,0,29,0,0,12,0,12,0,11,30,0,41,0,0,0,41
12/01/2014,CGF,OH,AGL,CE,Federal Contract Tower,0,14,9,0,23,0,0,7,0,7,0,14,16,0,30,14,0,14,44
12/02/2014,CGF,OH,AGL,CE,Federal Contract Tower,0,14,18,0,32,0,0,8,0,8,0,14,26,0,40,26,0,26,66
12/03/2014,CGF,OH,AGL,CE,Federal Contract Tower,0,15,19,0,34,0,0,6,0,6,0,15,25,0,40,8,0,8,48
12/04/2014,CGF,OH,AGL,CE,Federal Contract Tower,0,9,14,0,23,0,0,33,0,33,0,9,47,0,56,34,0,34,90
12/05/2014,CGF,OH,AGL,CE,Federal Contract Tower,0,4,17,0,21,0,0,4,0,4,0,4,21,0,25,0,0,0,25
12/06/2014,CGF,OH,AGL,CE,Federal Contract Tower,0,6,7,0,13,0,0,2,0,2,0,6,9,0,15,0,0,0,15
12/07/2014,CGF,OH,AGL,CE,Federal Contract Tower,0,8,20,0,28,0,1,69,0,70,0,9,89,0,98,108,0,108,206
12/08/2014,CGF,OH,AGL,CE,Federal Contract Tower,0,8,24,0,32,0,1,6,0,7,0,9,30,0,39,0,0,0,39
12/09/2014,CGF,OH,AGL,CE,Federal Contract Tower,0,18,16,0,34,0,0,2,0,2,0,18,18,0,36,0,0,0,36
12/10/2014,CGF,OH,AGL,CE,Federal Contract Tower,0,14,16,0,30,0,0,2,0,2,0,14,18,0,32,4,0,4,36
12/11/2014,CGF,OH,AGL,CE,Federal Contract Tower,0,14,14,0,28,0,0,2,0,2,0,14,16,0,30,6,0,6,36
12/12/2014,CGF,OH,AGL,CE,Federal Contract Tower,0,14,20,0,34,0,0,4,0,4,0,14,24,0,38,0,0,0,38
12/13/2014,CGF,OH,AGL,CE,Federal Contract Tower,0,5,5,0,10,0,0,0,0,0,0,5,5,0,10,0,0,0,10
12/14/2014,CGF,OH,AGL,CE,Federal Contract Tower,0,5,9,1,15,0,0,0,0,0,0,5,9,1,15,0,0,0,15
12/15/2014,CGF,OH,AGL,CE,Federal Contract Tower,0,9,17,0,26,0,0,24,2,26,0,9,41,2,52,44,0,44,96
12/16/2014,CGF,OH,AGL,CE,Federal Contract Tower,0,11,16,0,27,0,0,0,0,0,0,11,16,0,27,0,0,0,27
12/17/2014,CGF,OH,AGL,CE,Federal Contract Tower,0,9,15,0,24,0,0,0,0,0,0,9,15,0,24,0,0,0,24
12/18/2014,CGF,OH,AGL,CE,Federal Contract Tower,0,2,23,0,25,0,0,4,0,4,0,2,27,0,29,14,0,14,43
12/19/2014,CGF,OH,AGL,CE,Federal Contract Tower,0,21,24,0,45,0,0,21,0,21,0,21,45,0,66,30,0,30,96
12/20/2014,CGF,OH,AGL,CE,Federal Contract Tower,0,6,18,0,24,0,0,26,0,26,0,6,44,0,50,74,0,74,124
12/21/2014,CGF,OH,AGL,CE,Federal Contract Tower,0,10,17,0,27,0,0,43,0,43,0,10,60,0,70,104,0,104,174
12/22/2014,CGF,OH,AGL,CE,Federal Contract Tower,0,12,16,0,28,0,0,42,0,42,0,12,58,0,70,36,0,36,106
12/23/2014,CGF,OH,AGL,CE,Federal Contract Tower,0,19,17,0,36,0,0,7,0,7,0,19,24,0,43,4,0,4,47
12/24/2014,CGF,OH,AGL,CE,Federal Contract Tower,0,7,7,0,14,0,4,0,0,4,0,11,7,0,18,0,0,0,18
12/25/2014,CGF,OH,AGL,CE,Federal Contract Tower,0,10,1,0,11,0,0,1,0,1,0,10,2,0,12,4,0,4,16
12/26/2014,CGF,OH,AGL,CE,Federal Contract Tower,0,17,15,0,32,0,0,51,0,51,0,17,66,0,83,42,0,42,125
12/27/2014,CGF,OH,AGL,CE,Federal Contract Tower,0,23,22,0,45,0,0,34,0,34,0,23,56,0,79,12,0,12,91
12/28/2014,CGF,OH,AGL,CE,Federal Contract Tower,0,14,6,0,20,0,0,0,0,0,0,14,6,0,20,0,0,0,20
12/29/2014,CGF,OH,AGL,CE,Federal Contract Tower,0,10,9,0,19,0,0,20,0,20,0,10,29,0,39,6,0,6,45
12/30/2014,CGF,OH,AGL,CE,Federal Contract Tower,0,16,10,0,26,0,0,26,0,26,0,16,36,0,52,36,0,36,88
12/31/2014,CGF,OH,AGL,CE,Federal Contract Tower,0,3,8,0,11,0,0,17,0,17,0,3,25,0,28,40,0,40,68
01/01/2015,CGF,OH,AGL,CE,Federal Contract Tower,0,7,8,0,15,0,0,2,0,2,0,7,10,0,17,0,0,0,17
01/02/2015,CGF,OH,AGL,CE,Federal Contract Tower,0,19,13,0,32,0,0,30,0,30,0,19,43,0,62,26,0,26,88
01/03/2015,CGF,OH,AGL,CE,Federal Contract Tower,0,6,7,0,13,0,0,0,0,0,0,6,7,0,13,0,0,0,13
01/04/2015,CGF,OH,AGL,CE,Federal Contract Tower,0,12,5,0,17,0,1,0,0,1,0,13,5,0,18,0,0,0,18
01/05/2015,CGF,OH,AGL,CE,Federal Contract Tower,0,10,13,0,23,0,0,0,0,0,0,10,13,0,23,0,0,0,23
01/06/2015,CGF,OH,AGL,CE,Federal Contract Tower,0,11,14,0,25,0,0,1,0,1,0,11,15,0,26,0,0,0,26
01/07/2015,CGF,OH,AGL,CE,Federal Contract Tower,0,3,14,0,17,0,0,0,0,0,0,3,14,0,17,4,0,4,21
01/08/2015,CGF,OH,AGL,CE,Federal Contract Tower,0,10,21,0,31,0,0,0,0,0,0,10,21,0,31,0,0,0,31
01/09/2015,CGF,OH,AGL,CE,Federal Contract Tower,0,9,10,0,19,0,0,0,0,0,0,9,10,0,19,2,0,2,21
01/10/2015,CGF,OH,AGL,CE,Federal Contract Tower,0,7,7,0,14,0,0,6,0,6,0,7,13,0,20,8,0,8,28
01/11/2015,CGF,OH,AGL,CE,Federal Contract Tower,0,8,12,0,20,0,0,34,0,34,0,8,46,0,54,32,0,32,86
01/12/2015,CGF,OH,AGL,CE,Federal Contract Tower,0,5,19,0,24,0,0,0,0,0,0,5,19,0,24,0,0,0,24
01/13/2015,CGF,OH,AGL,CE,Federal Contract Tower,0,10,34,0,44,0,0,9,0,9,0,10,43,0,53,2,0,2,55
01/14/2015,CGF,OH,AGL,CE,Federal Contract Tower,0,6,33,0,39,0,0,4,0,4,0,6,37,0,43,4,0,4,47
01/15/2015,CGF,OH,AGL,CE,Federal Contract Tower,0,11,23,0,34,0,0,16,0,16,0,11,39,0,50,30,0,30,80
01/16/2015,CGF,OH,AGL,CE,Federal Contract Tower,0,6,21,0,27,0,0,2,0,2,0,6,23,0,29,0,0,0,29
01/17/2015,CGF,OH,AGL,CE,Federal Contract Tower,0,6,10,0,16,0,0,8,0,8,0,6,18,0,24,36,0,36,60
01/18/2015,CGF,OH,AGL,CE,Federal Contract Tower,0,4,5,0,9,0,0,2,0,2,0,4,7,0,11,8,0,8,19
01/19/2015,CGF,OH,AGL,CE,Federal Contract Tower,0,12,31,0,43,0,0,2,0,2,0,12,33,0,45,14,0,14,59
01/20/2015,CGF,OH,AGL,CE,Federal Contract Tower,0,8,19,0,27,0,0,0,0,0,0,8,19,0,27,2,0,2,29
01/21/2015,CGF,OH,AGL,CE,Federal Contract Tower,0,5,11,0,16,0,0,0,0,0,0,5,11,0,16,0,0,0,16
01/22/2015,CGF,OH,AGL,CE,Federal Contract Tower,0,10,11,0,21,0,0,0,0,0,0,10,11,0,21,2,0,2,23
01/23/2015,CGF,OH,AGL,CE,Federal Contract Tower,0,6,17,0,23,0,0,24,0,24,0,6,41,0,47,90,0,90,137
01/24/2015,CGF,OH,AGL,CE,Federal Contract Tower,0,4,7,0,11,0,0,0,0,0,0,4,7,0,11,0,0,0,11
01/25/2015,CGF,OH,AGL,CE,Federal Contract Tower,0,6,6,0,12,0,0,0,0,0,0,6,6,0,12,0,0,0,12
01/26/2015,CGF,OH,AGL,CE,Federal Contract Tower,0,17,21,0,38,0,0,0,0,0,0,17,21,0,38,0,0,0,38
01/27/2015,CGF,OH,AGL,CE,Federal Contract Tower,0,10,14,0,24,0,0,1,0,1,0,10,15,0,25,0,0,0,25
01/28/2015,CGF,OH,AGL,CE,Federal Contract Tower,0,12,30,0,42,0,0,28,0,28,0,12,58,0,70,28,0,28,98
01/29/2015,CGF,OH,AGL,CE,Federal Contract Tower,0,8,19,0,27,0,0,0,0,0,0,8,19,0,27,0,0,0,27
01/30/2015,CGF,OH,AGL,CE,Federal Contract Tower,0,5,23,0,28,0,0,7,0,7,0,5,30,0,35,4,0,4,39
01/31/2015,CGF,OH,AGL,CE,Federal Contract Tower,0,6,11,0,17,0,0,42,0,42,0,6,53,0,59,76,0,76,135
02/01/2015,CGF,OH,AGL,CE,Federal Contract Tower,0,0,3,0,3,0,0,0,0,0,0,0,3,0,3,0,0,0,3
02/02/2015,CGF,OH,AGL,CE,Federal Contract Tower,0,7,9,0,16,0,0,0,0,0,0,7,9,0,16,0,0,0,16
02/03/2015,CGF,OH,AGL,CE,Federal Contract Tower,0,18,6,0,24,0,0,2,0,2,0,18,8,0,26,12,0,12,38
02/04/2015,CGF,OH,AGL,CE,Federal Contract Tower,0,5,10,0,15,0,0,2,0,2,0,5,12,0,17,0,0,0,17
02/05/2015,CGF,OH,AGL,CE,Federal Contract Tower,0,7,25,0,32,0,2,0,0,2,0,9,25,0,34,8,0,8,42
02/06/2015,CGF,OH,AGL,CE,Federal Contract Tower,0,8,11,0,19,0,0,8,0,8,0,8,19,0,27,14,0,14,41
02/07/2015,CGF,OH,AGL,CE,Federal Contract Tower,0,3,13,0,16,0,0,14,0,14,0,3,27,0,30,36,0,36,66
02/08/2015,CGF,OH,AGL,CE,Federal Contract Tower,0,4,14,0,18,0,0,8,0,8,0,4,22,0,26,8,0,8,34
02/09/2015,CGF,OH,AGL,CE,Federal Contract Tower,0,9,7,0,16,0,0,0,0,0,0,9,7,0,16,0,0,0,16
02/10/2015,CGF,OH,AGL,CE,Federal Contract Tower,0,16,36,0,52,0,0,10,0,10,0,16,46,0,62,4,0,4,66
02/11/2015,CGF,OH,AGL,CE,Federal Contract Tower,0,11,21,0,32,0,0,3,0,3,0,11,24,0,35,0,0,0,35
02/12/2015,CGF,OH,AGL,CE,Federal Contract Tower,0,13,18,0,31,0,0,1,0,1,0,13,19,0,32,0,0,0,32
02/13/2015,CGF,OH,AGL,CE,Federal Contract Tower,0,9,21,0,30,0,1,14,0,15,0,10,35,0,45,0,0,0,45
02/14/2015,CGF,OH,AGL,CE,Federal Contract Tower,0,3,1,0,4,0,0,0,0,0,0,3,1,0,4,0,0,0,4
02/15/2015,CGF,OH,AGL,CE,Federal Contract Tower,0,12,8,0,20,0,0,2,0,2,0,12,10,0,22,0,0,0,22
02/16/2015,CGF,OH,AGL,CE,Federal Contract Tower,0,11,14,0,25,0,0,2,0,2,0,11,16,0,27,0,0,0,27
02/17/2015,CGF,OH,AGL,CE,Federal Contract Tower,0,9,9,0,18,0,0,8,0,8,0,9,17,0,26,0,0,0,26
02/18/2015,CGF,OH,AGL,CE,Federal Contract Tower,0,7,22,0,29,0,0,0,0,0,0,7,22,0,29,0,0,0,29
02/19/2015,CGF,OH,AGL,CE,Federal Contract Tower,0,12,8,0,20,0,0,2,0,2,0,12,10,0,22,2,0,2,24
02/20/2015,CGF,OH,AGL,CE,Federal Contract Tower,0,8,13,0,21,0,0,11,0,11,0,8,24,0,32,10,0,10,42
02/21/2015,CGF,OH,AGL,CE,Federal Contract Tower,0,1,9,0,10,0,0,0,0,0,0,1,9,0,10,0,0,0,10
02/22/2015,CGF,OH,AGL,CE,Federal Contract Tower,0,4,12,0,16,0,0,4,0,4,0,4,16,0,20,40,0,40,60
02/23/2015,CGF,OH,AGL,CE,Federal Contract Tower,0,9,18,0,27,0,0,1,0,1,0,9,19,0,28,16,0,16,44
02/24/2015,CGF,OH,AGL,CE,Federal Contract Tower,0,8,22,0,30,0,1,7,0,8,0,9,29,0,38,2,0,2,40
02/25/2015,CGF,OH,AGL,CE,Federal Contract Tower,0,10,31,0,41,0,2,14,0,16,0,12,45,0,57,26,0,26,83
02/26/2015,CGF,OH,AGL,CE,Federal Contract Tower,0,7,10,0,17,0,0,1,0,1,0,7,11,0,18,0,0,0,18
02/27/2015,CGF,OH,AGL,CE,Federal Contract Tower,0,7,23,0,30,0,0,14,0,14,0,7,37,0,44,24,0,24,68
02/28/2015,CGF,OH,AGL,CE,Federal Contract Tower,0,0,18,0,18,0,0,37,0,37,0,0,55,0,55,74,0,74,129
03/01/2015,CGF,OH,AGL,CE,Federal Contract Tower,0,2,6,0,8,0,0,0,0,0,0,2,6,0,8,0,0,0,8
03/02/2015,CGF,OH,AGL,CE,Federal Contract Tower,0,8,13,0,21,0,0,14,0,14,0,8,27,0,35,22,0,22,57
03/03/2015,CGF,OH,AGL,CE,Federal Contract Tower,0,8,17,0,25,0,0,0,0,0,0,8,17,0,25,0,0,0,25
03/04/2015,CGF,OH,AGL,CE,Federal Contract Tower,0,12,23,0,35,0,0,0,0,0,0,12,23,0,35,14,0,14,49
03/05/2015,CGF,OH,AGL,CE,Federal Contract Tower,0,10,9,0,19,0,0,12,0,12,0,10,21,0,31,44,0,44,75
03/06/2015,CGF,OH,AGL,CE,Federal Contract Tower,0,8,17,0,25,0,0,21,0,21,0,8,38,0,46,20,0,20,66
03/07/2015,CGF,OH,AGL,CE,Federal Contract Tower,0,4,7,0,11,0,0,7,0,7,0,4,14,0,18,12,0,12,30
03/08/2015,CGF,OH,AGL,CE,Federal Contract Tower,0,8,21,0,29,0,0,46,0,46,0,8,67,0,75,64,0,64,139
03/09/2015,CGF,OH,AGL,CE,Federal Contract Tower,0,6,18,0,24,0,0,26,0,26,0,6,44,0,50,30,0,30,80
03/10/2015,CGF,OH,AGL,CE,Federal Contract Tower,0,10,21,0,31,0,0,3,0,3,0,10,24,0,34,28,0,28,62
03/11/2015,CGF,OH,AGL,CE,Federal Contract Tower,0,10,18,0,28,0,0,19,0,19,0,10,37,0,47,14,0,14,61
03/12/2015,CGF,OH,AGL,CE,Federal Contract Tower,0,10,18,0,28,0,0,42,0,42,0,10,60,0,70,82,0,82,152
03/13/2015,CGF,OH,AGL,CE,Federal Contract Tower,0,6,9,0,15,0,0,15,0,15,0,6,24,0,30,26,0,26,56
03/14/2015,CGF,OH,AGL,CE,Federal Contract Tower,0,11,15,0,26,0,0,0,0,0,0,11,15,0,26,0,0,0,26
03/15/2015,CGF,OH,AGL,CE,Federal Contract Tower,0,8,17,0,25,0,0,15,0,15,0,8,32,0,40,40,0,40,80
03/16/2015,CGF,OH,AGL,CE,Federal Contract Tower,0,18,11,0,29,0,0,24,0,24,0,18,35,0,53,24,0,24,77
03/17/2015,CGF,OH,AGL,CE,Federal Contract Tower,0,9,9,0,18,0,0,0,0,0,0,9,9,0,18,18,0,18,36
03/18/2015,CGF,OH,AGL,CE,Federal Contract Tower,0,10,11,0,21,0,0,9,0,9,0,10,20,0,30,8,0,8,38
03/19/2015,CGF,OH,AGL,CE,Federal Contract Tower,0,5,17,0,22,0,0,19,0,19,0,5,36,0,41,44,0,44,85
03/20/2015,CGF,OH,AGL,CE,Federal Contract Tower,0,2,13,0,15,0,0,19,0,19,0,2,32,0,34,62,0,62,96
03/21/2015,CGF,OH,AGL,CE,Federal Contract Tower,0,9,11,0,20,0,0,18,0,18,0,9,29,0,38,18,0,18,56
03/22/2015,CGF,OH,AGL,CE,Federal Contract Tower,0,5,12,0,17,0,0,39,0,39,0,5,51,0,56,34,0,34,90
03/23/2015,CGF,OH,AGL,CE,Federal Contract Tower,0,11,11,0,22,0,0,10,0,10,0,11,21,0,32,28,0,28,60
03/24/2015,CGF,OH,AGL,CE,Federal Contract Tower,0,9,18,0,27,0,0,38,0,38,0,9,56,0,65,68,0,68,133
03/25/2015,CGF,OH,AGL,CE,Federal Contract Tower,0,6,24,0,30,0,0,0,0,0,0,6,24,0,30,0,0,0,30
03/26/2015,CGF,OH,AGL,CE,Federal Contract Tower,0,6,17,0,23,0,0,0,0,0,0,6,17,0,23,0,0,0,23
03/27/2015,CGF,OH,AGL,CE,Federal Contract Tower,0,7,21,0,28,0,0,1,0,1,0,7,22,0,29,0,0,0,29
03/28/2015,CGF,OH,AGL,CE,Federal Contract Tower,0,11,15,0,26,0,0,28,0,28,0,11,43,0,54,16,0,16,70
03/29/2015,CGF,OH,AGL,CE,Federal Contract Tower,0,14,16,0,30,0,0,44,0,44,0,14,60,0,74,26,0,26,100
03/30/2015,CGF,OH,AGL,CE,Federal Contract Tower,0,13,14,0,27,0,0,17,0,17,0,13,31,0,44,8,0,8,52
03/31/2015,CGF,OH,AGL,CE,Federal Contract Tower,0,12,10,0,22,0,0,10,0,10,0,12,20,0,32,0,0,0,32
04/01/2015,CGF,OH,AGL,CE,Federal Contract Tower,0,6,27,0,33,0,0,60,0,60,0,6,87,0,93,92,0,92,185
04/02/2015,CGF,OH,AGL,CE,Federal Contract Tower,0,11,21,0,32,0,0,6,0,6,0,11,27,0,38,0,0,0,38
04/03/2015,CGF,OH,AGL,CE,Federal Contract Tower,0,13,9,0,22,0,0,4,0,4,0,13,13,0,26,0,0,0,26
04/04/2015,CGF,OH,AGL,CE,Federal Contract Tower,0,0,9,0,9,0,0,28,0,28,0,0,37,0,37,26,0,26,63
04/05/2015,CGF,OH,AGL,CE,Federal Contract Tower,0,5,7,0,12,0,0,7,0,7,0,5,14,0,19,12,0,12,31
04/06/2015,CGF,OH,AGL,CE,Federal Contract Tower,0,11,21,0,32,0,0,16,0,16,0,11,37,0,48,46,0,46,94
04/07/2015,CGF,OH,AGL,CE,Federal Contract Tower,0,7,9,0,16,0,0,0,0,0,0,7,9,0,16,0,0,0,16
04/08/2015,CGF,OH,AGL,CE,Federal Contract Tower,0,7,16,0,23,0,0,0,0,0,0,7,16,0,23,0,0,0,23
04/09/2015,CGF,OH,AGL,CE,Federal Contract Tower,0,5,15,0,20,0,0,0,0,0,0,5,15,0,20,0,0,0,20
04/10/2015,CGF,OH,AGL,CE,Federal Contract Tower,0,14,29,0,43,0,0,2,0,2,0,14,31,0,45,12,0,12,57
04/11/2015,CGF,OH,AGL,CE,Federal Contract Tower,0,8,21,0,29,0,0,40,0,40,0,8,61,0,69,16,0,16,85
04/12/2015,CGF,OH,AGL,CE,Federal Contract Tower,0,12,25,0,37,0,0,78,0,78,0,12,103,0,115,40,0,40,155
04/13/2015,CGF,OH,AGL,CE,Federal Contract Tower,0,7,23,0,30,0,0,3,0,3,0,7,26,0,33,0,0,0,33
04/14/2015,CGF,OH,AGL,CE,Federal Contract Tower,0,8,21,0,29,0,0,37,0,37,0,8,58,0,66,34,0,34,100
04/15/2015,CGF,OH,AGL,CE,Federal Contract Tower,0,9,43,0,52,0,0,44,0,44,0,9,87,0,96,64,0,64,160
04/16/2015,CGF,OH,AGL,CE,Federal Contract Tower,0,11,29,0,40,0,0,3,0,3,0,11,32,0,43,0,0,0,43
04/17/2015,CGF,OH,AGL,CE,Federal Contract Tower,0,5,30,0,35,0,0,18,0,18,0,5,48,0,53,0,0,0,53
04/18/2015,CGF,OH,AGL,CE,Federal Contract Tower,0,3,12,0,15,0,0,74,0,74,0,3,86,0,89,44,0,44,133
04/19/2015,CGF,OH,AGL,CE,Federal Contract Tower,0,2,22,0,24,0,0,9,0,9,0,2,31,0,33,8,0,8,41
04/20/2015,CGF,OH,AGL,CE,Federal Contract Tower,0,11,17,0,28,0,0,1,0,1,0,11,18,0,29,0,0,0,29
04/21/2015,CGF,OH,AGL,CE,Federal Contract Tower,0,12,11,0,23,0,0,8,0,8,0,12,19,0,31,6,0,6,37
04/22/2015,CGF,OH,AGL,CE,Federal Contract Tower,0,14,18,0,32,0,0,2,0,2,0,14,20,0,34,0,0,0,34
04/23/2015,CGF,OH,AGL,CE,Federal Contract Tower,0,18,17,0,35,0,0,0,0,0,0,18,17,0,35,0,0,0,35
04/24/2015,CGF,OH,AGL,CE,Federal Contract Tower,0,5,18,0,23,0,0,33,0,33,0,5,51,0,56,40,0,40,96
04/25/2015,CGF,OH,AGL,CE,Federal Contract Tower,0,4,10,0,14,0,0,38,0,38,0,4,48,0,52,10,0,10,62
04/26/2015,CGF,OH,AGL,CE,Federal Contract Tower,0,7,11,0,18,0,0,49,0,49,0,7,60,0,67,28,0,28,95
04/27/2015,CGF,OH,AGL,CE,Federal Contract Tower,0,11,18,0,29,0,0,1,0,1,0,11,19,0,30,0,0,0,30
04/28/2015,CGF,OH,AGL,CE,Federal Contract Tower,0,8,25,0,33,0,0,44,0,44,0,8,69,0,77,60,0,60,137
04/29/2015,CGF,OH,AGL,CE,Federal Contract Tower,0,5,26,0,31,0,0,63,0,63,0,5,89,0,94,62,0,62,156
04/30/2015,CGF,OH,AGL,CE,Federal Contract Tower,0,20,20,0,40,0,0,2,0,2,0,20,22,0,42,0,0,0,42
05/01/2015,CGF,OH,AGL,CE,Federal Contract Tower,0,13,27,0,40,0,0,56,0,56,0,13,83,0,96,56,0,56,152
05/02/2015,CGF,OH,AGL,CE,Federal Contract Tower,0,11,23,0,34,0,0,73,0,73,0,11,96,0,107,22,0,22,129
05/03/2015,CGF,OH,AGL,CE,Federal Contract Tower,0,19,19,0,38,0,0,53,0,53,0,19,72,0,91,28,0,28,119
05/04/2015,CGF,OH,AGL,CE,Federal Contract Tower,0,9,32,0,41,0,0,23,0,23,0,9,55,0,64,8,0,8,72
05/05/2015,CGF,OH,AGL,CE,Federal Contract Tower,0,7,18,0,25,0,0,0,0,0,0,7,18,0,25,0,0,0,25
05/06/2015,CGF,OH,AGL,CE,Federal Contract Tower,0,11,33,0,44,0,0,34,1,35,0,11,67,1,79,46,0,46,125
05/07/2015,CGF,OH,AGL,CE,Federal Contract Tower,0,14,34,0,48,0,0,66,0,66,0,14,100,0,114,40,0,40,154
05/08/2015,CGF,OH,AGL,CE,Federal Contract Tower,0,12,41,0,53,0,0,43,0,43,0,12,84,0,96,28,0,28,124
05/09/2015,CGF,OH,AGL,CE,Federal Contract Tower,0,3,12,0,15,0,0,42,0,42,0,3,54,0,57,44,0,44,101
05/10/2015,CGF,OH,AGL,CE,Federal Contract Tower,0,8,12,0,20,0,0,3,0,3,0,8,15,0,23,12,0,12,35
05/11/2015,CGF,OH,AGL,CE,Federal Contract Tower,0,11,30,0,41,0,0,25,0,25,0,11,55,0,66,4,0,4,70
05/12/2015,CGF,OH,AGL,CE,Federal Contract Tower,0,14,33,0,47,0,0,13,0,13,0,14,46,0,60,4,0,4,64
05/13/2015,CGF,OH,AGL,CE,Federal Contract Tower,0,10,36,0,46,0,0,22,0,22,0,10,58,0,68,28,0,28,96
05/14/2015,CGF,OH,AGL,CE,Federal Contract Tower,0,11,25,0,36,0,0,31,0,31,0,11,56,0,67,52,0,52,119
05/15/2015,CGF,OH,AGL,CE,Federal Contract Tower,0,9,24,0,33,0,0,24,0,24,0,9,48,0,57,10,0,10,67
05/16/2015,CGF,OH,AGL,CE,Federal Contract Tower,0,5,19,0,24,0,0,15,0,15,0,5,34,0,39,0,0,0,39
05/17/2015,CGF,OH,AGL,CE,Federal Contract Tower,0,4,31,0,35,0,0,21,0,21,0,4,52,0,56,26,0,26,82
05/18/2015,CGF,OH,AGL,CE,Federal Contract Tower,0,9,20,0,29,0,0,24,0,24,0,9,44,0,53,26,0,26,79
05/19/2015,CGF,OH,AGL,CE,Federal Contract Tower,0,19,32,0,51,0,4,47,0,51,0,23,79,0,102,44,0,44,146
05/20/2015,CGF,OH,AGL,CE,Federal Contract Tower,0,4,28,0,32,0,0,35,0,35,0,4,63,0,67,40,0,40,107
05/21/2015,CGF,OH,AGL,CE,Federal Contract Tower,0,7,18,0,25,0,0,36,0,36,0,7,54,0,61,14,0,14,75
05/22/2015,CGF,OH,AGL,CE,Federal Contract Tower,0,8,18,2,28,0,0,31,0,31,0,8,49,2,59,44,0,44,103
05/23/2015,CGF,OH,AGL,CE,Federal Contract Tower,0,3,19,0,22,0,0,53,0,53,0,3,72,0,75,62,0,62,137
05/24/2015,CGF,OH,AGL,CE,Federal Contract Tower,0,1,14,0,15,0,0,34,0,34,0,1,48,0,49,24,0,24,73
05/25/2015,CGF,OH,AGL,CE,Federal Contract Tower,0,19,7,0,26,0,0,13,0,13,0,19,20,0,39,22,0,22,61
05/26/2015,CGF,OH,AGL,CE,Federal Contract Tower,0,10,18,0,28,0,0,17,0,17,0,10,35,0,45,10,0,10,55
05/27/2015,CGF,OH,AGL,CE,Federal Contract Tower,0,4,25,0,29,0,0,5,0,5,0,4,30,0,34,0,0,0,34
05/28/2015,CGF,OH,AGL,CE,Federal Contract Tower,0,10,31,0,41,0,0,45,0,45,0,10,76,0,86,42,0,42,128
05/29/2015,CGF,OH,AGL,CE,Federal Contract Tower,0,13,15,0,28,0,0,41,0,41,0,13,56,0,69,18,0,18,87
05/30/2015,CGF,OH,AGL,CE,Federal Contract Tower,0,9,11,0,20,0,0,24,0,24,0,9,35,0,44,18,0,18,62
05/31/2015,CGF,OH,AGL,CE,Federal Contract Tower,0,11,10,0,21,0,0,0,0,0,0,11,10,0,21,0,0,0,21
06/01/2015,CGF,OH,AGL,CE,Federal Contract Tower,0,8,22,0,30,0,0,13,0,13,0,8,35,0,43,30,0,30,73
06/02/2015,CGF,OH,AGL,CE,Federal Contract Tower,0,6,35,0,41,0,0,29,0,29,0,6,64,0,70,38,0,38,108
06/03/2015,CGF,OH,AGL,CE,Federal Contract Tower,0,19,34,0,53,0,0,44,0,44,0,19,78,0,97,32,0,32,129
06/04/2015,CGF,OH,AGL,CE,Federal Contract Tower,0,4,39,0,43,0,0,43,0,43,0,4,82,0,86,44,0,44,130
06/05/2015,CGF,OH,AGL,CE,Federal Contract Tower,0,8,37,0,45,0,0,34,0,34,0,8,71,0,79,54,0,54,133
06/06/2015,CGF,OH,AGL,CE,Federal Contract Tower,0,3,11,0,14,0,0,42,0,42,0,3,53,0,56,46,0,46,102
06/07/2015,CGF,OH,AGL,CE,Federal Contract Tower,0,3,11,0,14,0,0,30,0,30,0,3,41,0,44,52,0,52,96
06/08/2015,CGF,OH,AGL,CE,Federal Contract Tower,0,12,32,0,44,0,0,14,0,14,0,12,46,0,58,18,0,18,76
06/09/2015,CGF,OH,AGL,CE,Federal Contract Tower,0,12,23,0,35,0,0,22,0,22,0,12,45,0,57,34,0,34,91
06/10/2015,CGF,OH,AGL,CE,Federal Contract Tower,0,18,17,0,35,0,0,20,0,20,0,18,37,0,55,14,0,14,69
06/11/2015,CGF,OH,AGL,CE,Federal Contract Tower,0,13,38,0,51,0,0,42,0,42,0,13,80,0,93,60,0,60,153
06/12/2015,CGF,OH,AGL,CE,Federal Contract Tower,0,16,18,0,34,0,0,15,0,15,0,16,33,0,49,8,0,8,57
06/13/2015,CGF,OH,AGL,CE,Federal Contract Tower,0,6,14,0,20,0,0,14,0,14,0,6,28,0,34,4,0,4,38
06/14/2015,CGF,OH,AGL,CE,Federal Contract Tower,0,2,20,0,22,0,0,34,0,34,0,2,54,0,56,34,0,34,90
06/15/2015,CGF,OH,AGL,CE,Federal Contract Tower,0,7,22,0,29,0,0,3,0,3,0,7,25,0,32,0,0,0,32
06/16/2015,CGF,OH,AGL,CE,Federal Contract Tower,0,17,20,0,37,0,0,19,0,19,0,17,39,0,56,16,0,16,72
06/17/2015,CGF,OH,AGL,CE,Federal Contract Tower,0,17,13,0,30,0,0,41,0,41,0,17,54,0,71,54,0,54,125
06/18/2015,CGF,OH,AGL,CE,Federal Contract Tower,0,14,36,0,50,0,0,9,0,9,0,14,45,0,59,18,0,18,77
06/19/2015,CGF,OH,AGL,CE,Federal Contract Tower,0,13,24,0,37,0,0,8,0,8,0,13,32,0,45,16,0,16,61
06/20/2015,CGF,OH,AGL,CE,Federal Contract Tower,0,6,19,0,25,0,0,28,0,28,0,6,47,0,53,34,0,34,87
06/21/2015,CGF,OH,AGL,CE,Federal Contract Tower,0,6,21,0,27,0,0,6,0,6,0,6,27,0,33,24,0,24,57
06/22/2015,CGF,OH,AGL,CE,Federal Contract Tower,0,16,22,0,38,0,0,28,0,28,0,16,50,0,66,42,0,42,108
06/23/2015,CGF,OH,AGL,CE,Federal Contract Tower,0,13,21,0,34,0,0,31,0,31,0,13,52,0,65,4,0,4,69
06/24/2015,CGF,OH,AGL,CE,Federal Contract Tower,0,12,21,0,33,0,0,47,0,47,0,12,68,0,80,80,0,80,160
06/25/2015,CGF,OH,AGL,CE,Federal Contract Tower,0,12,31,0,43,0,0,17,0,17,0,12,48,0,60,12,0,12,72
06/26/2015,CGF,OH,AGL,CE,Federal Contract Tower,0,11,13,0,24,0,0,33,0,33,0,11,46,0,57,46,0,46,103
06/27/2015,CGF,OH,AGL,CE,Federal Contract Tower,0,5,15,0,20,0,0,0,0,0,0,5,15,0,20,0,0,0,20
06/28/2015,CGF,OH,AGL,CE,Federal Contract Tower,0,8,14,0,22,0,0,6,0,6,0,8,20,0,28,0,0,0,28
06/29/2015,CGF,OH,AGL,CE,Federal Contract Tower,0,16,16,0,32,0,0,35,0,35,0,16,51,0,67,2,0,2,69
06/30/2015,CGF,OH,AGL,CE,Federal Contract Tower,0,15,36,0,51,0,0,4,0,4,0,15,40,0,55,4,0,4,59
07/01/2015,CGF,OH,AGL,CE,Federal Contract Tower,0,11,29,0,40,0,0,28,0,28,0,11,57,0,68,94,0,94,162
07/02/2015,CGF,OH,AGL,CE,Federal Contract Tower,0,7,25,0,32,0,0,66,0,66,0,7,91,0,98,134,0,134,232
07/03/2015,CGF,OH,AGL,CE,Federal Contract Tower,0,10,16,0,26,0,0,52,0,52,0,10,68,0,78,66,0,66,144
07/04/2015,CGF,OH,AGL,CE,Federal Contract Tower,0,7,11,0,18,0,0,28,0,28,0,7,39,0,46,32,0,32,78
07/05/2015,CGF,OH,AGL,CE,Federal Contract Tower,0,7,30,0,37,0,0,33,0,33,0,7,63,0,70,28,0,28,98
07/06/2015,CGF,OH,AGL,CE,Federal Contract Tower,0,12,14,0,26,0,1,45,0,46,0,13,59,0,72,88,0,88,160
07/07/2015,CGF,OH,AGL,CE,Federal Contract Tower,0,12,17,0,29,0,0,19,0,19,0,12,36,0,48,20,0,20,68
07/08/2015,CGF,OH,AGL,CE,Federal Contract Tower,0,16,37,0,53,0,1,29,0,30,0,17,66,0,83,70,0,70,153
07/09/2015,CGF,OH,AGL,CE,Federal Contract Tower,0,7,26,0,33,0,0,1,0,1,0,7,27,0,34,4,0,4,38
07/10/2015,CGF,OH,AGL,CE,Federal Contract Tower,0,13,17,0,30,0,0,52,0,52,0,13,69,0,82,44,0,44,126
07/11/2015,CGF,OH,AGL,CE,Federal Contract Tower,0,8,9,0,17,0,0,60,0,60,0,8,69,0,77,136,0,136,213
07/12/2015,CGF,OH,AGL,CE,Federal Contract Tower,0,12,20,0,32,0,0,46,0,46,0,12,66,0,78,70,0,70,148
07/13/2015,CGF,OH,AGL,CE,Federal Contract Tower,0,15,20,0,35,0,0,42,0,42,0,15,62,0,77,14,0,14,91
07/14/2015,CGF,OH,AGL,CE,Federal Contract Tower,0,6,15,0,21,0,0,26,0,26,0,6,41,0,47,40,0,40,87
07/15/2015,CGF,OH,AGL,CE,Federal Contract Tower,0,14,33,0,47,0,0,60,0,60,0,14,93,0,107,60,0,60,167
07/16/2015,CGF,OH,AGL,CE,Federal Contract Tower,0,11,31,0,42,0,0,84,0,84,0,11,115,0,126,48,0,48,174
07/17/2015,CGF,OH,AGL,CE,Federal Contract Tower,0,6,19,0,25,0,0,31,0,31,0,6,50,0,56,30,0,30,86
07/18/2015,CGF,OH,AGL,CE,Federal Contract Tower,0,7,12,0,19,0,0,32,1,33,0,7,44,1,52,44,0,44,96
07/19/2015,CGF,OH,AGL,CE,Federal Contract Tower,0,9,21,0,30,0,0,20,0,20,0,9,41,0,50,2,0,2,52
07/20/2015,CGF,OH,AGL,CE,Federal Contract Tower,0,7,19,0,26,0,0,42,0,42,0,7,61,0,68,50,0,50,118
07/21/2015,CGF,OH,AGL,CE,Federal Contract Tower,0,19,29,0,48,0,0,52,0,52,0,19,81,0,100,18,0,18,118
07/22/2015,CGF,OH,AGL,CE,Federal Contract Tower,0,17,23,0,40,0,0,42,0,42,0,17,65,0,82,14,0,14,96
07/23/2015,CGF,OH,AGL,CE,Federal Contract Tower,0,14,27,0,41,0,0,48,0,48,0,14,75,0,89,54,0,54,143
07/24/2015,CGF,OH,AGL,CE,Federal Contract Tower,0,10,15,0,25,0,0,56,0,56,0,10,71,0,81,84,0,84,165
07/25/2015,CGF,OH,AGL,CE,Federal Contract Tower,0,10,8,0,18,0,0,64,0,64,0,10,72,0,82,28,0,28,110
07/26/2015,CGF,OH,AGL,CE,Federal Contract Tower,0,17,24,0,41,0,0,47,0,47,0,17,71,0,88,102,0,102,190
07/27/2015,CGF,OH,AGL,CE,Federal Contract Tower,0,9,12,0,21,0,0,32,0,32,0,9,44,0,53,26,0,26,79
07/28/2015,CGF,OH,AGL,CE,Federal Contract Tower,0,7,31,0,38,0,0,69,0,69,0,7,100,0,107,82,0,82,189
07/29/2015,CGF,OH,AGL,CE,Federal Contract Tower,0,6,25,0,31,0,0,48,0,48,0,6,73,0,79,70,0,70,149
07/30/2015,CGF,OH,AGL,CE,Federal Contract Tower,0,10,21,0,31,0,0,43,0,43,0,10,64,0,74,38,0,38,112
07/31/2015,CGF,OH,AGL,CE,Federal Contract Tower,0,8,22,0,30,0,0,44,0,44,0,8,66,0,74,64,0,64,138
08/01/2015,CGF,OH,AGL,CE,Federal Contract Tower,0,6,19,0,25,0,0,64,0,64,0,6,83,0,89,64,0,64,153
08/02/2015,CGF,OH,AGL,CE,Federal Contract Tower,0,7,14,0,21,0,0,46,0,46,0,7,60,0,67,34,0,34,101
08/03/2015,CGF,OH,AGL,CE,Federal Contract Tower,0,7,17,0,24,0,0,17,0,17,0,7,34,0,41,32,0,32,73
08/04/2015,CGF,OH,AGL,CE,Federal Contract Tower,0,18,29,0,47,0,0,40,0,40,0,18,69,0,87,48,0,48,135
08/05/2015,CGF,OH,AGL,CE,Federal Contract Tower,0,14,24,0,38,0,0,28,0,28,0,14,52,0,66,28,0,28,94
08/06/2015,CGF,OH,AGL,CE,Federal Contract Tower,0,7,25,0,32,0,0,43,0,43,0,7,68,0,75,68,0,68,143
08/07/2015,CGF,OH,AGL,CE,Federal Contract Tower,0,12,25,0,37,0,0,39,0,39,0,12,64,0,76,64,0,64,140
08/08/2015,CGF,OH,AGL,CE,Federal Contract Tower,0,8,21,0,29,0,0,55,0,55,0,8,76,0,84,50,0,50,134
08/09/2015,CGF,OH,AGL,CE,Federal Contract Tower,0,10,12,0,22,0,0,44,0,44,0,10,56,0,66,42,0,42,108
08/10/2015,CGF,OH,AGL,CE,Federal Contract Tower,0,19,30,0,49,0,0,23,0,23,0,19,53,0,72,30,0,30,102
08/11/2015,CGF,OH,AGL,CE,Federal Contract Tower,0,8,21,0,29,0,0,13,0,13,0,8,34,0,42,42,0,42,84
08/12/2015,CGF,OH,AGL,CE,Federal Contract Tower,0,11,28,0,39,0,0,42,2,44,0,11,70,2,83,48,0,48,131
08/13/2015,CGF,OH,AGL,CE,Federal Contract Tower,0,13,34,0,47,0,0,78,0,78,0,13,112,0,125,64,0,64,189
08/14/2015,CGF,OH,AGL,CE,Federal Contract Tower,0,14,21,0,35,0,0,62,0,62,0,14,83,0,97,84,0,84,181
08/15/2015,CGF,OH,AGL,CE,Federal Contract Tower,0,10,16,0,26,0,0,32,0,32,0,10,48,0,58,14,0,14,72
08/16/2015,CGF,OH,AGL,CE,Federal Contract Tower,0,6,17,0,23,0,0,40,0,40,0,6,57,0,63,52,0,52,115
08/17/2015,CGF,OH,AGL,CE,Federal Contract Tower,0,19,22,0,41,0,0,28,0,28,0,19,50,0,69,18,0,18,87
08/18/2015,CGF,OH,AGL,CE,Federal Contract Tower,0,12,25,0,37,0,0,12,0,12,0,12,37,0,49,34,0,34,83
08/19/2015,CGF,OH,AGL,CE,Federal Contract Tower,0,12,22,0,34,0,0,27,0,27,0,12,49,0,61,24,0,24,85
08/20/2015,CGF,OH,AGL,CE,Federal Contract Tower,0,18,23,1,42,0,0,28,0,28,0,18,51,1,70,14,0,14,84
08/21/2015,CGF,OH,AGL,CE,Federal Contract Tower,0,14,33,0,47,0,0,46,0,46,0,14,79,0,93,50,0,50,143
08/22/2015,CGF,OH,AGL,CE,Federal Contract Tower,0,8,17,0,25,0,0,55,0,55,0,8,72,0,80,22,0,22,102
08/23/2015,CGF,OH,AGL,CE,Federal Contract Tower,0,15,15,0,30,0,0,45,0,45,0,15,60,0,75,22,0,22,97
08/24/2015,CGF,OH,AGL,CE,Federal Contract Tower,0,13,28,0,41,0,0,14,0,14,0,13,42,0,55,10,0,10,65
08/25/2015,CGF,OH,AGL,CE,Federal Contract Tower,0,10,37,0,47,0,0,10,0,10,0,10,47,0,57,16,0,16,73
08/26/2015,CGF,OH,AGL,CE,Federal Contract Tower,0,11,32,0,43,0,0,12,0,12,0,11,44,0,55,38,0,38,93
08/27/2015,CGF,OH,AGL,CE,Federal Contract Tower,0,9,27,0,36,0,0,35,0,35,0,9,62,0,71,48,0,48,119
08/28/2015,CGF,OH,AGL,CE,Federal Contract Tower,0,9,34,0,43,0,0,41,0,41,0,9,75,0,84,62,0,62,146
08/29/2015,CGF,OH,AGL,CE,Federal Contract Tower,0,9,19,0,28,0,0,68,0,68,0,9,87,0,96,58,0,58,154
08/30/2015,CGF,OH,AGL,CE,Federal Contract Tower,0,12,20,0,32,0,0,18,0,18,0,12,38,0,50,28,0,28,78
08/31/2015,CGF,OH,AGL,CE,Federal Contract Tower,0,13,16,0,29,0,0,20,0,20,0,13,36,0,49,40,0,40,89
09/01/2015,CGF,OH,AGL,CE,Federal Contract Tower,0,18,35,0,53,0,0,40,0,40,0,18,75,0,93,56,0,56,149
09/02/2015,CGF,OH,AGL,CE,Federal Contract Tower,0,14,16,0,30,0,0,45,0,45,0,14,61,0,75,62,0,62,137
09/03/2015,CGF,OH,AGL,CE,Federal Contract Tower,0,7,18,4,29,0,0,44,8,52,0,7,62,12,81,56,0,56,137
09/04/2015,CGF,OH,AGL,CE,Federal Contract Tower,0,5,22,1,28,0,0,36,0,36,0,5,58,1,64,50,0,50,114
09/05/2015,CGF,OH,AGL,CE,Federal Contract Tower,0,6,12,0,18,0,0,61,0,61,0,6,73,0,79,80,0,80,159
09/06/2015,CGF,OH,AGL,CE,Federal Contract Tower,0,1,16,0,17,0,0,44,0,44,0,1,60,0,61,20,0,20,81
09/07/2015,CGF,OH,AGL,CE,Federal Contract Tower,0,12,16,0,28,0,2,45,0,47,0,14,61,0,75,63,0,63,138
09/08/2015,CGF,OH,AGL,CE,Federal Contract Tower,0,18,19,0,37,0,0,41,0,41,0,18,60,0,78,28,0,28,106
09/09/2015,CGF,OH,AGL,CE,Federal Contract Tower,0,15,31,0,46,0,0,33,0,33,0,15,64,0,79,48,0,48,127
09/10/2015,CGF,OH,AGL,CE,Federal Contract Tower,0,8,27,0,35,0,0,46,0,46,0,8,73,0,81,32,0,32,113
09/11/2015,CGF,OH,AGL,CE,Federal Contract Tower,0,12,25,0,37,0,0,28,0,28,0,12,53,0,65,0,0,0,65
09/12/2015,CGF,OH,AGL,CE,Federal Contract Tower,0,6,14,0,20,0,0,0,0,0,0,6,14,0,20,0,0,0,20
09/13/2015,CGF,OH,AGL,CE,Federal Contract Tower,0,11,23,0,34,0,0,19,0,19,0,11,42,0,53,14,0,14,67
09/14/2015,CGF,OH,AGL,CE,Federal Contract Tower,0,10,27,0,37,0,0,55,0,55,0,10,82,0,92,46,0,46,138
09/15/2015,CGF,OH,AGL,CE,Federal Contract Tower,0,13,25,0,38,0,0,44,0,44,0,13,69,0,82,32,0,32,114
09/16/2015,CGF,OH,AGL,CE,Federal Contract Tower,0,15,30,0,45,0,0,49,0,49,0,15,79,0,94,68,0,68,162
09/17/2015,CGF,OH,AGL,CE,Federal Contract Tower,0,14,25,0,39,0,0,57,0,57,0,14,82,0,96,28,0,28,124
09/18/2015,CGF,OH,AGL,CE,Federal Contract Tower,0,11,30,0,41,0,0,48,2,50,0,11,78,2,91,36,2,38,129
09/19/2015,CGF,OH,AGL,CE,Federal Contract Tower,0,7,8,0,15,0,0,18,0,18,0,7,26,0,33,20,0,20,53
09/20/2015,CGF,OH,AGL,CE,Federal Contract Tower,0,8,19,0,27,0,0,61,0,61,0,8,80,0,88,28,0,28,116
09/21/2015,CGF,OH,AGL,CE,Federal Contract Tower,0,9,13,0,22,0,0,42,0,42,0,9,55,0,64,28,0,28,92
09/22/2015,CGF,OH,AGL,CE,Federal Contract Tower,0,11,32,0,43,0,0,38,0,38,0,11,70,0,81,40,0,40,121
09/23/2015,CGF,OH,AGL,CE,Federal Contract Tower,0,9,18,0,27,0,2,44,0,46,0,11,62,0,73,48,0,48,121
09/24/2015,CGF,OH,AGL,CE,Federal Contract Tower,0,19,33,0,52,0,0,48,0,48,0,19,81,0,100,46,0,46,146
09/25/2015,CGF,OH,AGL,CE,Federal Contract Tower,0,13,34,0,47,0,0,40,0,40,0,13,74,0,87,16,0,16,103
09/26/2015,CGF,OH,AGL,CE,Federal Contract Tower,0,2,11,0,13,0,0,38,0,38,0,2,49,0,51,30,0,30,81
09/27/2015,CGF,OH,AGL,CE,Federal Contract Tower,0,12,21,0,33,0,0,47,0,47,0,12,68,0,80,52,0,52,132
09/28/2015,CGF,OH,AGL,CE,Federal Contract Tower,0,16,15,0,31,0,0,15,0,15,0,16,30,0,46,54,0,54,100
09/29/2015,CGF,OH,AGL,CE,Federal Contract Tower,0,20,23,0,43,0,0,1,0,1,0,20,24,0,44,0,0,0,44
09/30/2015,CGF,OH,AGL,CE,Federal Contract Tower,0,17,18,0,35,0,0,6,0,6,0,17,24,0,41,16,0,16,57
10/01/2015,CGF,OH,AGL,CE,Federal Contract Tower,0,12,26,0,38,0,0,5,0,5,0,12,31,0,43,10,0,10,53
10/02/2015,CGF,OH,AGL,CE,Federal Contract Tower,0,10,13,0,23,0,0,5,0,5,0,10,18,0,28,6,0,6,34
10/03/2015,CGF,OH,AGL,CE,Federal Contract Tower,0,6,8,0,14,0,0,0,0,0,0,6,8,0,14,0,0,0,14
10/04/2015,CGF,OH,AGL,CE,Federal Contract Tower,0,13,16,0,29,0,0,41,0,41,0,13,57,0,70,40,0,40,110
10/05/2015,CGF,OH,AGL,CE,Federal Contract Tower,0,19,15,0,34,0,2,42,0,44,0,21,57,0,78,78,0,78,156
10/06/2015,CGF,OH,AGL,CE,Federal Contract Tower,0,14,26,0,40,0,0,17,0,17,0,14,43,0,57,18,0,18,75
10/07/2015,CGF,OH,AGL,CE,Federal Contract Tower,0,13,15,0,28,0,0,19,0,19,0,13,34,0,47,18,0,18,65
10/08/2015,CGF,OH,AGL,CE,Federal Contract Tower,0,13,22,0,35,0,0,33,0,33,0,13,55,0,68,46,0,46,114
10/09/2015,CGF,OH,AGL,CE,Federal Contract Tower,0,14,25,0,39,0,0,5,0,5,0,14,30,0,44,0,0,0,44
10/10/2015,CGF,OH,AGL,CE,Federal Contract Tower,0,10,9,0,19,0,0,53,0,53,0,10,62,0,72,38,0,38,110
10/11/2015,CGF,OH,AGL,CE,Federal Contract Tower,0,6,6,0,12,0,0,33,0,33,0,6,39,0,45,20,0,20,65
10/12/2015,CGF,OH,AGL,CE,Federal Contract Tower,0,10,13,0,23,0,0,22,0,22,0,10,35,0,45,18,0,18,63
10/13/2015,CGF,OH,AGL,CE,Federal Contract Tower,0,15,16,0,31,0,0,10,0,10,0,15,26,0,41,0,0,0,41
10/14/2015,CGF,OH,AGL,CE,Federal Contract Tower,0,15,16,0,31,0,0,4,0,4,0,15,20,0,35,22,0,22,57
10/15/2015,CGF,OH,AGL,CE,Federal Contract Tower,0,12,27,0,39,0,0,29,0,29,0,12,56,0,68,40,0,40,108
10/16/2015,CGF,OH,AGL,CE,Federal Contract Tower,0,12,17,0,29,0,0,12,0,12,0,12,29,0,41,20,0,20,61
10/17/2015,CGF,OH,AGL,CE,Federal Contract Tower,0,8,4,0,12,0,0,15,0,15,0,8,19,0,27,0,0,0,27
10/18/2015,CGF,OH,AGL,CE,Federal Contract Tower,0,13,16,0,29,0,0,16,0,16,0,13,32,0,45,12,0,12,57
10/19/2015,CGF,OH,AGL,CE,Federal Contract Tower,0,14,20,0,34,0,0,42,0,42,0,14,62,0,76,10,0,10,86
10/20/2015,CGF,OH,AGL,CE,Federal Contract Tower,0,5,17,0,22,0,0,22,0,22,0,5,39,0,44,0,0,0,44
10/21/2015,CGF,OH,AGL,CE,Federal Contract Tower,0,21,27,0,48,0,0,30,0,30,0,21,57,0,78,44,0,44,122
10/22/2015,CGF,OH,AGL,CE,Federal Contract Tower,0,11,17,0,28,0,0,31,0,31,0,11,48,0,59,54,0,54,113
10/23/2015,CGF,OH,AGL,CE,Federal Contract Tower,0,14,35,0,49,0,0,70,0,70,0,14,105,0,119,74,0,74,193
10/24/2015,CGF,OH,AGL,CE,Federal Contract Tower,0,5,15,0,20,0,0,25,0,25,0,5,40,0,45,24,0,24,69
10/25/2015,CGF,OH,AGL,CE,Federal Contract Tower,0,19,17,0,36,0,0,38,0,38,0,19,55,0,74,22,0,22,96
10/26/2015,CGF,OH,AGL,CE,Federal Contract Tower,0,18,17,0,35,0,0,53,0,53,0,18,70,0,88,32,0,32,120
10/27/2015,CGF,OH,AGL,CE,Federal Contract Tower,0,16,28,0,44,0,1,27,0,28,0,17,55,0,72,18,0,18,90
10/28/2015,CGF,OH,AGL,CE,Federal Contract Tower,0,16,19,0,35,0,0,0,0,0,0,16,19,0,35,0,0,0,35
10/29/2015,CGF,OH,AGL,CE,Federal Contract Tower,0,11,20,0,31,0,0,10,0,10,0,11,30,0,41,10,0,10,51
10/30/2015,CGF,OH,AGL,CE,Federal Contract Tower,0,15,20,0,35,0,0,24,0,24,0,15,44,0,59,36,0,36,95
10/31/2015,CGF,OH,AGL,CE,Federal Contract Tower,0,5,8,0,13,0,0,34,0,34,0,5,42,0,47,24,0,24,71
11/01/2015,CGF,OH,AGL,CE,Federal Contract Tower,0,7,12,0,19,0,0,18,0,18,0,7,30,0,37,14,0,14,51
11/02/2015,CGF,OH,AGL,CE,Federal Contract Tower,0,19,15,0,34,0,0,47,0,47,0,19,62,0,81,34,0,34,115
11/03/2015,CGF,OH,AGL,CE,Federal Contract Tower,0,12,27,0,39,0,0,49,0,49,0,12,76,0,88,48,0,48,136
11/04/2015,CGF,OH,AGL,CE,Federal Contract Tower,0,17,18,0,35,0,0,45,0,45,0,17,63,0,80,40,0,40,120
11/05/2015,CGF,OH,AGL,CE,Federal Contract Tower,0,22,35,0,57,0,0,52,0,52,0,22,87,0,109,48,0,48,157
11/06/2015,CGF,OH,AGL,CE,Federal Contract Tower,0,10,21,0,31,0,0,8,0,8,0,10,29,0,39,6,0,6,45
11/07/2015,CGF,OH,AGL,CE,Federal Contract Tower,0,9,6,0,15,0,0,38,0,38,0,9,44,0,53,14,0,14,67
11/08/2015,CGF,OH,AGL,CE,Federal Contract Tower,0,13,12,0,25,0,0,61,0,61,0,13,73,0,86,90,0,90,176
11/09/2015,CGF,OH,AGL,CE,Federal Contract Tower,0,8,31,0,39,0,0,37,0,37,0,8,68,0,76,34,0,34,110
11/10/2015,CGF,OH,AGL,CE,Federal Contract Tower,0,9,20,0,29,0,0,0,0,0,0,9,20,0,29,0,0,0,29
11/11/2015,CGF,OH,AGL,CE,Federal Contract Tower,0,17,19,0,36,0,0,35,0,35,0,17,54,0,71,54,0,54,125
11/12/2015,CGF,OH,AGL,CE,Federal Contract Tower,0,11,22,0,33,0,0,0,0,0,0,11,22,0,33,0,0,0,33
11/13/2015,CGF,OH,AGL,CE,Federal Contract Tower,0,8,19,0,27,0,0,3,0,3,0,8,22,0,30,10,0,10,40
11/14/2015,CGF,OH,AGL,CE,Federal Contract Tower,0,9,11,0,20,0,0,23,0,23,0,9,34,0,43,42,0,42,85
11/15/2015,CGF,OH,AGL,CE,Federal Contract Tower,0,3,10,0,13,0,0,46,0,46,0,3,56,0,59,34,0,34,93
11/16/2015,CGF,OH,AGL,CE,Federal Contract Tower,0,10,26,0,36,0,0,39,0,39,0,10,65,0,75,42,0,42,117
11/17/2015,CGF,OH,AGL,CE,Federal Contract Tower,0,11,20,0,31,0,0,23,0,23,0,11,43,0,54,24,0,24,78
11/18/2015,CGF,OH,AGL,CE,Federal Contract Tower,0,2,20,0,22,0,0,2,0,2,0,2,22,0,24,2,0,2,26
11/19/2015,CGF,OH,AGL,CE,Federal Contract Tower,0,6,15,0,21,0,0,9,0,9,0,6,24,0,30,8,0,8,38
11/20/2015,CGF,OH,AGL,CE,Federal Contract Tower,0,15,21,0,36,0,0,31,0,31,0,15,52,0,67,22,0,22,89
11/21/2015,CGF,OH,AGL,CE,Federal Contract Tower,0,8,8,0,16,0,0,19,0,19,0,8,27,0,35,22,0,22,57
11/22/2015,CGF,OH,AGL,CE,Federal Contract Tower,0,13,11,0,24,0,0,0,0,0,0,13,11,0,24,0,0,0,24
11/23/2015,CGF,OH,AGL,CE,Federal Contract Tower,0,10,22,0,32,0,3,9,0,12,0,13,31,0,44,0,0,0,44
11/24/2015,CGF,OH,AGL,CE,Federal Contract Tower,0,11,26,0,37,0,0,40,0,40,0,11,66,0,77,42,0,42,119
11/25/2015,CGF,OH,AGL,CE,Federal Contract Tower,0,14,31,0,45,0,0,34,0,34,0,14,65,0,79,24,0,24,103
11/26/2015,CGF,OH,AGL,CE,Federal Contract Tower,0,4,6,0,10,0,0,1,0,1,0,4,7,0,11,0,0,0,11
11/27/2015,CGF,OH,AGL,CE,Federal Contract Tower,0,22,7,0,29,0,0,3,0,3,0,22,10,0,32,0,0,0,32
11/28/2015,CGF,OH,AGL,CE,Federal Contract Tower,0,10,8,0,18,0,0,0,0,0,0,10,8,0,18,0,0,0,18
11/29/2015,CGF,OH,AGL,CE,Federal Contract Tower,0,13,23,0,36,0,0,43,0,43,0,13,66,0,79,38,0,38,117
11/30/2015,CGF,OH,AGL,CE,Federal Contract Tower,0,17,13,0,30,0,0,34,0,34,0,17,47,0,64,30,0,30,94
12/01/2015,CGF,OH,AGL,CE,Federal Contract Tower,0,14,11,0,25,0,0,0,0,0,0,14,11,0,25,0,0,0,25
12/02/2015,CGF,OH,AGL,CE,Federal Contract Tower,0,12,20,0,32,0,0,15,0,15,0,12,35,0,47,30,0,30,77
12/03/2015,CGF,OH,AGL,CE,Federal Contract Tower,0,6,18,0,24,0,0,0,0,0,0,6,18,0,24,0,0,0,24
12/04/2015,CGF,OH,AGL,CE,Federal Contract Tower,0,10,13,0,23,0,0,0,0,0,0,10,13,0,23,16,0,16,39
12/05/2015,CGF,OH,AGL,CE,Federal Contract Tower,0,7,3,0,10,0,0,6,0,6,0,7,9,0,16,10,0,10,26
12/06/2015,CGF,OH,AGL,CE,Federal Contract Tower,0,5,14,0,19,0,2,44,0,46,0,7,58,0,65,70,0,70,135
12/07/2015,CGF,OH,AGL,CE,Federal Contract Tower,0,13,16,0,29,0,0,21,0,21,0,13,37,0,50,32,0,32,82
12/08/2015,CGF,OH,AGL,CE,Federal Contract Tower,0,13,19,0,32,0,0,11,0,11,0,13,30,0,43,20,0,20,63
12/09/2015,CGF,OH,AGL,CE,Federal Contract Tower,0,18,18,0,36,0,0,14,0,14,0,18,32,0,50,12,0,12,62
12/10/2015,CGF,OH,AGL,CE,Federal Contract Tower,0,12,27,0,39,0,0,10,0,10,0,12,37,0,49,24,0,24,73
12/11/2015,CGF,OH,AGL,CE,Federal Contract Tower,0,23,11,0,34,0,0,18,0,18,0,23,29,0,52,26,0,26,78
12/12/2015,CGF,OH,AGL,CE,Federal Contract Tower,0,7,17,0,24,0,0,13,0,13,0,7,30,0,37,18,0,18,55
12/13/2015,CGF,OH,AGL,CE,Federal Contract Tower,0,3,11,0,14,0,0,25,0,25,0,3,36,0,39,38,0,38,77
12/14/2015,CGF,OH,AGL,CE,Federal Contract Tower,0,10,11,0,21,0,0,2,0,2,0,10,13,0,23,0,0,0,23
12/15/2015,CGF,OH,AGL,CE,Federal Contract Tower,0,24,19,0,43,0,0,11,0,11,0,24,30,0,54,22,0,22,76
12/16/2015,CGF,OH,AGL,CE,Federal Contract Tower,0,11,10,0,21,0,0,14,0,14,0,11,24,0,35,2,0,2,37
12/17/2015,CGF,OH,AGL,CE,Federal Contract Tower,0,13,20,0,33,0,0,16,0,16,0,13,36,0,49,0,0,0,49
12/18/2015,CGF,OH,AGL,CE,Federal Contract Tower,0,13,8,0,21,0,0,14,0,14,0,13,22,0,35,16,0,16,51
12/19/2015,CGF,OH,AGL,CE,Federal Contract Tower,0,11,5,0,16,0,0,0,0,0,0,11,5,0,16,0,0,0,16
12/20/2015,CGF,OH,AGL,CE,Federal Contract Tower,0,2,12,0,14,0,0,20,0,20,0,2,32,0,34,22,0,22,56
12/21/2015,CGF,OH,AGL,CE,Federal Contract Tower,0,10,14,0,24,0,0,2,0,2,0,10,16,0,26,0,0,0,26
12/22/2015,CGF,OH,AGL,CE,Federal Contract Tower,0,24,23,0,47,0,0,24,0,24,0,24,47,0,71,94,0,94,165
12/23/2015,CGF,OH,AGL,CE,Federal Contract Tower,0,11,7,0,18,0,0,15,0,15,0,11,22,0,33,8,0,8,41
12/24/2015,CGF,OH,AGL,CE,Federal Contract Tower,0,3,8,0,11,0,0,28,0,28,0,3,36,0,39,16,0,16,55
12/25/2015,CGF,OH,AGL,CE,Federal Contract Tower,0,9,1,0,10,0,0,13,0,13,0,9,14,0,23,0,0,0,23
12/26/2015,CGF,OH,AGL,CE,Federal Contract Tower,0,14,8,0,22,0,0,1,0,1,0,14,9,0,23,0,0,0,23
12/27/2015,CGF,OH,AGL,CE,Federal Contract Tower,0,12,18,0,30,0,0,0,0,0,0,12,18,0,30,0,0,0,30
12/28/2015,CGF,OH,AGL,CE,Federal Contract Tower,0,13,8,0,21,0,0,0,0,0,0,13,8,0,21,0,0,0,21
12/29/2015,CGF,OH,AGL,CE,Federal Contract Tower,0,7,5,0,12,0,0,0,0,0,0,7,5,0,12,8,0,8,20
12/30/2015,CGF,OH,AGL,CE,Federal Contract Tower,0,6,6,0,12,0,0,11,0,11,0,6,17,0,23,24,0,24,47
12/31/2015,CGF,OH,AGL,CE,Federal Contract Tower,0,7,5,0,12,0,0,4,0,4,0,7,9,0,16,4,0,4,20
01/01/2016,CGF,OH,AGL,CE,Federal Contract Tower,0,5,4,0,9,0,0,9,0,9,0,5,13,0,18,0,0,0,18
01/02/2016,CGF,OH,AGL,CE,Federal Contract Tower,0,15,14,0,29,0,0,2,0,2,0,15,16,0,31,10,0,10,41
01/03/2016,CGF,OH,AGL,CE,Federal Contract Tower,0,10,5,0,15,0,0,0,0,0,0,10,5,0,15,0,0,0,15
01/04/2016,CGF,OH,AGL,CE,Federal Contract Tower,0,12,4,0,16,0,4,0,0,4,0,16,4,0,20,18,0,18,38
01/05/2016,CGF,OH,AGL,CE,Federal Contract Tower,0,14,6,0,20,0,0,50,0,50,0,14,56,0,70,60,0,60,130
01/06/2016,CGF,OH,AGL,CE,Federal Contract Tower,0,4,12,0,16,0,0,32,0,32,0,4,44,0,48,32,0,32,80
01/07/2016,CGF,OH,AGL,CE,Federal Contract Tower,0,17,10,0,27,0,0,54,0,54,0,17,64,0,81,74,0,74,155
01/08/2016,CGF,OH,AGL,CE,Federal Contract Tower,0,12,9,0,21,0,0,7,0,7,0,12,16,0,28,4,0,4,32
01/09/2016,CGF,OH,AGL,CE,Federal Contract Tower,0,6,7,0,13,0,0,7,0,7,0,6,14,0,20,22,0,22,42
01/10/2016,CGF,OH,AGL,CE,Federal Contract Tower,0,9,4,0,13,0,0,0,0,0,0,9,4,0,13,0,0,0,13
01/11/2016,CGF,OH,AGL,CE,Federal Contract Tower,0,10,16,0,26,0,1,1,0,2,0,11,17,0,28,2,0,2,30
01/12/2016,CGF,OH,AGL,CE,Federal Contract Tower,0,6,4,0,10,0,2,0,0,2,0,8,4,0,12,0,0,0,12
01/13/2016,CGF,OH,AGL,CE,Federal Contract Tower,0,13,4,0,17,0,0,3,0,3,0,13,7,0,20,0,0,0,20
01/14/2016,CGF,OH,AGL,CE,Federal Contract Tower,0,12,11,0,23,0,0,9,0,9,0,12,20,0,32,10,0,10,42
01/15/2016,CGF,OH,AGL,CE,Federal Contract Tower,0,10,25,0,35,0,0,14,0,14,0,10,39,0,49,8,0,8,57
01/16/2016,CGF,OH,AGL,CE,Federal Contract Tower,0,7,4,0,11,0,0,4,0,4,0,7,8,0,15,0,0,0,15
01/17/2016,CGF,OH,AGL,CE,Federal Contract Tower,0,6,7,0,13,0,0,0,0,0,0,6,7,0,13,0,0,0,13
01/18/2016,CGF,OH,AGL,CE,Federal Contract Tower,0,6,9,0,15,0,0,0,0,0,0,6,9,0,15,0,0,0,15
01/19/2016,CGF,OH,AGL,CE,Federal Contract Tower,0,3,17,0,20,0,0,0,0,0,0,3,17,0,20,0,0,0,20
01/20/2016,CGF,OH,AGL,CE,Federal Contract Tower,0,7,11,0,18,0,0,0,0,0,0,7,11,0,18,0,0,0,18
01/21/2016,CGF,OH,AGL,CE,Federal Contract Tower,0,10,12,0,22,0,0,0,0,0,0,10,12,0,22,0,0,0,22
01/22/2016,CGF,OH,AGL,CE,Federal Contract Tower,0,9,14,0,23,0,0,6,0,6,0,9,20,0,29,22,0,22,51
01/23/2016,CGF,OH,AGL,CE,Federal Contract Tower,0,2,10,0,12,0,0,3,0,3,0,2,13,0,15,0,0,0,15
01/24/2016,CGF,OH,AGL,CE,Federal Contract Tower,0,6,18,0,24,0,0,51,0,51,0,6,69,0,75,62,0,62,137
01/25/2016,CGF,OH,AGL,CE,Federal Contract Tower,0,3,12,0,15,0,0,17,0,17,0,3,29,0,32,6,0,6,38
01/26/2016,CGF,OH,AGL,CE,Federal Contract Tower,0,9,24,0,33,0,0,1,0,1,0,9,25,0,34,0,0,0,34
01/27/2016,CGF,OH,AGL,CE,Federal Contract Tower,0,10,7,0,17,0,0,12,0,12,0,10,19,0,29,12,0,12,41
01/28/2016,CGF,OH,AGL,CE,Federal Contract Tower,0,10,23,0,33,0,0,8,0,8,0,10,31,0,41,0,0,0,41
01/29/2016,CGF,OH,AGL,CE,Federal Contract Tower,0,13,11,0,24,0,0,7,0,7,0,13,18,0,31,0,0,0,31
01/30/2016,CGF,OH,AGL,CE,Federal Contract Tower,0,8,8,0,16,0,0,23,0,23,0,8,31,0,39,20,0,20,59
01/31/2016,CGF,OH,AGL,CE,Federal Contract Tower,0,6,15,0,21,0,0,8,0,8,0,6,23,0,29,16,0,16,45
02/01/2016,CGF,OH,AGL,CE,Federal Contract Tower,0,9,9,0,18,0,0,8,0,8,0,9,17,0,26,0,0,0,26
02/02/2016,CGF,OH,AGL,CE,Federal Contract Tower,0,13,7,0,20,0,0,10,0,10,0,13,17,0,30,0,0,0,30
02/03/2016,CGF,OH,AGL,CE,Federal Contract Tower,0,13,17,0,30,0,0,9,0,9,0,13,26,0,39,6,0,6,45
02/04/2016,CGF,OH,AGL,CE,Federal Contract Tower,0,11,28,0,39,0,0,0,0,0,0,11,28,0,39,0,0,0,39
02/05/2016,CGF,OH,AGL,CE,Federal Contract Tower,0,10,14,0,24,0,0,21,0,21,0,10,35,0,45,8,0,8,53
02/06/2016,CGF,OH,AGL,CE,Federal Contract Tower,0,4,21,0,25,0,0,50,0,50,0,4,71,0,75,42,0,42,117
02/07/2016,CGF,OH,AGL,CE,Federal Contract Tower,0,11,13,0,24,0,0,52,0,52,0,11,65,0,76,44,0,44,120
02/08/2016,CGF,OH,AGL,CE,Federal Contract Tower,0,8,9,0,17,0,0,0,0,0,0,8,9,0,17,0,0,0,17
02/09/2016,CGF,OH,AGL,CE,Federal Contract Tower,0,9,16,0,25,0,0,2,0,2,0,9,18,0,27,0,0,0,27
02/10/2016,CGF,OH,AGL,CE,Federal Contract Tower,0,9,13,0,22,0,0,0,0,0,0,9,13,0,22,0,0,0,22
02/11/2016,CGF,OH,AGL,CE,Federal Contract Tower,0,7,27,0,34,0,0,0,0,0,0,7,27,0,34,0,0,0,34
02/12/2016,CGF,OH,AGL,CE,Federal Contract Tower,0,16,11,0,27,0,0,1,0,1,0,16,12,0,28,0,0,0,28
02/13/2016,CGF,OH,AGL,CE,Federal Contract Tower,0,2,2,0,4,0,0,0,0,0,0,2,2,0,4,0,0,0,4
02/14/2016,CGF,OH,AGL,CE,Federal Contract Tower,0,9,6,0,15,0,0,8,0,8,0,9,14,0,23,12,0,12,35
02/15/2016,CGF,OH,AGL,CE,Federal Contract Tower,0,11,12,0,23,0,0,0,0,0,0,11,12,0,23,0,0,0,23
02/16/2016,CGF,OH,AGL,CE,Federal Contract Tower,0,7,14,0,21,0,0,0,0,0,0,7,14,0,21,0,0,0,21
02/17/2016,CGF,OH,AGL,CE,Federal Contract Tower,0,5,14,0,19,0,0,0,0,0,0,5,14,0,19,0,0,0,19
02/18/2016,CGF,OH,AGL,CE,Federal Contract Tower,0,7,28,0,35,0,0,26,0,26,0,7,54,0,61,12,0,12,73
02/19/2016,CGF,OH,AGL,CE,Federal Contract Tower,0,12,13,0,25,0,0,1,0,1,0,12,14,0,26,0,0,0,26
02/20/2016,CGF,OH,AGL,CE,Federal Contract Tower,0,0,0,0,0,0,0,0,0,0,0,0,0,0,0,0,0,0,0
02/21/2016,CGF,OH,AGL,CE,Federal Contract Tower,0,2,3,0,5,0,1,7,0,8,0,3,10,0,13,0,0,0,13
02/22/2016,CGF,OH,AGL,CE,Federal Contract Tower,0,15,20,0,35,0,0,34,0,34,0,15,54,0,69,30,0,30,99
02/23/2016,CGF,OH,AGL,CE,Federal Contract Tower,0,10,18,0,28,0,0,40,0,40,0,10,58,0,68,46,0,46,114
02/24/2016,CGF,OH,AGL,CE,Federal Contract Tower,0,16,32,0,48,0,0,1,0,1,0,16,33,0,49,0,0,0,49
02/25/2016,CGF,OH,AGL,CE,Federal Contract Tower,0,11,14,0,25,0,0,0,0,0,0,11,14,0,25,0,0,0,25
02/26/2016,CGF,OH,AGL,CE,Federal Contract Tower,0,18,24,0,42,0,0,26,0,26,0,18,50,0,68,30,0,30,98
02/27/2016,CGF,OH,AGL,CE,Federal Contract Tower,0,0,0,0,0,0,0,0,0,0,0,0,0,0,0,0,0,0,0
02/28/2016,CGF,OH,AGL,CE,Federal Contract Tower,0,0,0,0,0,0,2,0,0,2,0,2,0,0,2,0,0,0,2
02/29/2016,CGF,OH,AGL,CE,Federal Contract Tower,0,11,15,0,26,0,0,5,0,5,0,11,20,0,31,12,0,12,43
03/01/2016,CGF,OH,AGL,CE,Federal Contract Tower,0,8,12,0,20,0,0,16,0,16,0,8,28,0,36,26,0,26,62
03/02/2016,CGF,OH,AGL,CE,Federal Contract Tower,0,7,18,0,25,0,0,3,0,3,0,7,21,0,28,0,0,0,28
03/03/2016,CGF,OH,AGL,CE,Federal Contract Tower,0,7,16,0,23,0,0,10,0,10,0,7,26,0,33,8,0,8,41
03/04/2016,CGF,OH,AGL,CE,Federal Contract Tower,0,15,25,0,40,0,0,14,0,14,0,15,39,0,54,6,0,6,60
03/05/2016,CGF,OH,AGL,CE,Federal Contract Tower,0,0,0,0,0,0,0,0,0,0,0,0,0,0,0,0,0,0,0
03/06/2016,CGF,OH,AGL,CE,Federal Contract Tower,0,2,3,0,5,0,0,2,0,2,0,2,5,0,7,10,0,10,17
03/07/2016,CGF,OH,AGL,CE,Federal Contract Tower,0,8,27,0,35,0,0,22,0,22,0,8,49,0,57,24,0,24,81
03/08/2016,CGF,OH,AGL,CE,Federal Contract Tower,0,9,24,0,33,0,0,30,0,30,0,9,54,0,63,30,0,30,93
03/09/2016,CGF,OH,AGL,CE,Federal Contract Tower,0,5,13,0,18,0,0,18,0,18,0,5,31,0,36,14,0,14,50
03/10/2016,CGF,OH,AGL,CE,Federal Contract Tower,0,11,12,0,23,0,0,0,0,0,0,11,12,0,23,0,0,0,23
03/11/2016,CGF,OH,AGL,CE,Federal Contract Tower,0,10,24,0,34,0,0,6,0,6,0,10,30,0,40,8,0,8,48
03/12/2016,CGF,OH,AGL,CE,Federal Contract Tower,0,14,18,0,32,0,0,64,0,64,0,14,82,0,96,58,0,58,154
03/13/2016,CGF,OH,AGL,CE,Federal Contract Tower,0,9,12,0,21,0,0,0,0,0,0,9,12,0,21,0,0,0,21
03/14/2016,CGF,OH,AGL,CE,Federal Contract Tower,0,13,12,0,25,0,0,2,0,2,0,13,14,0,27,0,0,0,27
03/15/2016,CGF,OH,AGL,CE,Federal Contract Tower,0,4,11,0,15,0,0,0,0,0,0,4,11,0,15,0,0,0,15
03/16/2016,CGF,OH,AGL,CE,Federal Contract Tower,0,10,16,0,26,0,0,5,0,5,0,10,21,0,31,0,0,0,31
03/17/2016,CGF,OH,AGL,CE,Federal Contract Tower,0,17,21,0,38,0,0,12,0,12,0,17,33,0,50,14,0,14,64
03/18/2016,CGF,OH,AGL,CE,Federal Contract Tower,0,10,13,0,23,0,0,41,0,41,0,10,54,0,64,34,0,34,98
03/19/2016,CGF,OH,AGL,CE,Federal Contract Tower,0,3,5,0,8,0,0,1,0,1,0,3,6,0,9,0,0,0,9
03/20/2016,CGF,OH,AGL,CE,Federal Contract Tower,0,3,3,0,6,0,0,8,0,8,0,3,11,0,14,22,0,22,36
03/21/2016,CGF,OH,AGL,CE,Federal Contract Tower,0,17,7,0,24,0,0,13,0,13,0,17,20,0,37,8,0,8,45
03/22/2016,CGF,OH,AGL,CE,Federal Contract Tower,0,8,12,0,20,0,1,1,0,2,0,9,13,0,22,0,0,0,22
03/23/2016,CGF,OH,AGL,CE,Federal Contract Tower,0,7,13,0,20,0,0,24,0,24,0,7,37,0,44,34,0,34,78
03/24/2016,CGF,OH,AGL,CE,Federal Contract Tower,0,10,11,0,21,0,2,6,0,8,0,12,17,0,29,6,0,6,35
03/25/2016,CGF,OH,AGL,CE,Federal Contract Tower,0,8,15,0,23,0,0,5,0,5,0,8,20,0,28,30,0,30,58
03/26/2016,CGF,OH,AGL,CE,Federal Contract Tower,0,9,17,0,26,0,0,40,0,40,0,9,57,0,66,38,0,38,104
03/27/2016,CGF,OH,AGL,CE,Federal Contract Tower,0,13,6,0,19,0,0,14,0,14,0,13,20,0,33,0,0,0,33
03/28/2016,CGF,OH,AGL,CE,Federal Contract Tower,0,10,8,0,18,0,0,0,0,0,0,10,8,0,18,0,0,0,18
03/29/2016,CGF,OH,AGL,CE,Federal Contract Tower,0,8,22,0,30,0,0,24,0,24,0,8,46,0,54,6,0,6,60
03/30/2016,CGF,OH,AGL,CE,Federal Contract Tower,0,8,20,0,28,0,0,26,0,26,0,8,46,0,54,20,0,20,74
03/31/2016,CGF,OH,AGL,CE,Federal Contract Tower,0,12,10,0,22,0,0,0,0,0,0,12,10,0,22,0,0,0,22
04/01/2016,CGF,OH,AGL,CE,Federal Contract Tower,0,15,13,0,28,0,0,6,0,6,0,15,19,0,34,2,0,2,36
04/02/2016,CGF,OH,AGL,CE,Federal Contract Tower,0,0,0,0,0,0,0,0,0,0,0,0,0,0,0,0,0,0,0
04/03/2016,CGF,OH,AGL,CE,Federal Contract Tower,0,4,2,0,6,0,0,2,0,2,0,4,4,0,8,0,0,0,8
04/04/2016,CGF,OH,AGL,CE,Federal Contract Tower,0,14,14,0,28,0,0,0,0,0,0,14,14,0,28,0,0,0,28
04/05/2016,CGF,OH,AGL,CE,Federal Contract Tower,0,14,29,0,43,0,0,32,0,32,0,14,61,0,75,14,0,14,89
04/06/2016,CGF,OH,AGL,CE,Federal Contract Tower,0,12,17,0,29,0,0,2,0,2,0,12,19,0,31,0,0,0,31
04/07/2016,CGF,OH,AGL,CE,Federal Contract Tower,0,10,16,0,26,0,0,0,0,0,0,10,16,0,26,0,0,0,26
04/08/2016,CGF,OH,AGL,CE,Federal Contract Tower,0,16,16,0,32,0,0,7,0,7,0,16,23,0,39,52,0,52,91
04/09/2016,CGF,OH,AGL,CE,Federal Contract Tower,0,3,3,0,6,0,0,4,0,4,0,3,7,0,10,10,0,10,20
04/10/2016,CGF,OH,AGL,CE,Federal Contract Tower,0,9,4,0,13,0,0,5,0,5,0,9,9,0,18,0,0,0,18
04/11/2016,CGF,OH,AGL,CE,Federal Contract Tower,0,10,9,0,19,0,0,0,0,0,0,10,9,0,19,0,0,0,19
04/12/2016,CGF,OH,AGL,CE,Federal Contract Tower,0,9,25,0,34,0,0,21,0,21,0,9,46,0,55,8,0,8,63
04/13/2016,CGF,OH,AGL,CE,Federal Contract Tower,0,30,16,0,46,0,1,17,0,18,0,31,33,0,64,24,0,24,88
04/14/2016,CGF,OH,AGL,CE,Federal Contract Tower,0,8,21,0,29,0,0,34,0,34,0,8,55,0,63,22,0,22,85
04/15/2016,CGF,OH,AGL,CE,Federal Contract Tower,0,12,20,0,32,0,0,55,0,55,0,12,75,0,87,36,0,36,123
04/16/2016,CGF,OH,AGL,CE,Federal Contract Tower,0,0,0,0,0,0,0,0,0,0,0,0,0,0,0,0,0,0,0
04/17/2016,CGF,OH,AGL,CE,Federal Contract Tower,0,3,6,0,9,0,0,10,0,10,0,3,16,0,19,6,0,6,25
04/18/2016,CGF,OH,AGL,CE,Federal Contract Tower,0,6,17,0,23,0,0,27,0,27,0,6,44,0,50,24,0,24,74
04/19/2016,CGF,OH,AGL,CE,Federal Contract Tower,0,19,32,0,51,0,1,22,0,23,0,20,54,0,74,0,0,0,74
04/20/2016,CGF,OH,AGL,CE,Federal Contract Tower,0,20,18,0,38,0,1,42,0,43,0,21,60,0,81,74,0,74,155
04/21/2016,CGF,OH,AGL,CE,Federal Contract Tower,0,13,21,0,34,0,0,12,0,12,0,13,33,0,46,28,0,28,74
04/22/2016,CGF,OH,AGL,CE,Federal Contract Tower,0,13,30,0,43,0,0,12,0,12,0,13,42,0,55,12,0,12,67
04/23/2016,CGF,OH,AGL,CE,Federal Contract Tower,0,16,17,0,33,0,0,11,0,11,0,16,28,0,44,0,0,0,44
04/24/2016,CGF,OH,AGL,CE,Federal Contract Tower,0,9,25,0,34,0,0,53,0,53,0,9,78,0,87,30,0,30,117
04/25/2016,CGF,OH,AGL,CE,Federal Contract Tower,0,15,11,0,26,0,0,33,0,33,0,15,44,0,59,46,0,46,105
04/26/2016,CGF,OH,AGL,CE,Federal Contract Tower,0,12,17,0,29,0,0,2,0,2,0,12,19,0,31,0,0,0,31
04/27/2016,CGF,OH,AGL,CE,Federal Contract Tower,0,8,16,0,24,0,0,23,0,23,0,8,39,0,47,30,0,30,77
04/28/2016,CGF,OH,AGL,CE,Federal Contract Tower,0,13,17,0,30,0,0,0,0,0,0,13,17,0,30,0,0,0,30
04/29/2016,CGF,OH,AGL,CE,Federal Contract Tower,0,21,20,0,41,0,0,3,0,3,0,21,23,0,44,0,0,0,44
04/30/2016,CGF,OH,AGL,CE,Federal Contract Tower,0,1,0,0,1,0,0,0,0,0,0,1,0,0,1,0,0,0,1
05/01/2016,CGF,OH,AGL,CE,Federal Contract Tower,0,5,10,0,15,0,0,0,0,0,0,5,10,0,15,0,0,0,15
05/02/2016,CGF,OH,AGL,CE,Federal Contract Tower,0,23,15,0,38,0,0,0,0,0,0,23,15,0,38,14,0,14,52
05/03/2016,CGF,OH,AGL,CE,Federal Contract Tower,0,15,26,0,41,0,0,21,0,21,0,15,47,0,62,44,0,44,106
05/04/2016,CGF,OH,AGL,CE,Federal Contract Tower,0,25,23,0,48,0,0,16,0,16,0,25,39,0,64,40,0,40,104
05/05/2016,CGF,OH,AGL,CE,Federal Contract Tower,0,27,29,0,56,0,0,5,0,5,0,27,34,0,61,12,0,12,73
05/06/2016,CGF,OH,AGL,CE,Federal Contract Tower,0,17,17,0,34,0,0,40,0,40,0,17,57,0,74,56,0,56,130
05/07/2016,CGF,OH,AGL,CE,Federal Contract Tower,0,0,0,0,0,0,0,0,0,0,0,0,0,0,0,0,0,0,0
05/08/2016,CGF,OH,AGL,CE,Federal Contract Tower,0,9,2,0,11,0,0,9,0,9,0,9,11,0,20,6,0,6,26
05/09/2016,CGF,OH,AGL,CE,Federal Contract Tower,0,26,32,0,58,0,0,14,0,14,0,26,46,0,72,0,0,0,72
05/10/2016,CGF,OH,AGL,CE,Federal Contract Tower,0,13,32,0,45,0,0,16,0,16,0,13,48,0,61,12,0,12,73
05/11/2016,CGF,OH,AGL,CE,Federal Contract Tower,0,17,20,0,37,0,0,10,0,10,0,17,30,0,47,28,0,28,75
05/12/2016,CGF,OH,AGL,CE,Federal Contract Tower,0,18,18,0,36,0,0,8,0,8,0,18,26,0,44,40,0,40,84
05/13/2016,CGF,OH,AGL,CE,Federal Contract Tower,0,14,30,0,44,0,0,26,0,26,0,14,56,0,70,26,0,26,96
05/14/2016,CGF,OH,AGL,CE,Federal Contract Tower,0,5,8,0,13,0,0,0,0,0,0,5,8,0,13,0,0,0,13
05/15/2016,CGF,OH,AGL,CE,Federal Contract Tower,0,1,1,0,2,0,0,2,0,2,0,1,3,0,4,8,0,8,12
05/16/2016,CGF,OH,AGL,CE,Federal Contract Tower,0,17,24,0,41,0,0,21,0,21,0,17,45,0,62,34,0,34,96
05/17/2016,CGF,OH,AGL,CE,Federal Contract Tower,0,7,23,0,30,0,0,3,0,3,0,7,26,0,33,14,0,14,47
05/18/2016,CGF,OH,AGL,CE,Federal Contract Tower,0,16,17,0,33,0,0,31,0,31,0,16,48,0,64,26,0,26,90
05/19/2016,CGF,OH,AGL,CE,Federal Contract Tower,0,19,29,0,48,0,0,47,0,47,0,19,76,0,95,32,0,32,127
05/20/2016,CGF,OH,AGL,CE,Federal Contract Tower,0,26,37,0,63,0,0,38,0,38,0,26,75,0,101,4,0,4,105
05/21/2016,CGF,OH,AGL,CE,Federal Contract Tower,0,0,0,0,0,0,0,0,0,0,0,0,0,0,0,0,0,0,0
05/22/2016,CGF,OH,AGL,CE,Federal Contract Tower,0,8,25,0,33,0,0,29,0,29,0,8,54,0,62,12,0,12,74
05/23/2016,CGF,OH,AGL,CE,Federal Contract Tower,0,14,20,0,34,0,2,35,0,37,0,16,55,0,71,32,0,32,103
05/24/2016,CGF,OH,AGL,CE,Federal Contract Tower,0,11,17,0,28,0,0,37,0,37,0,11,54,0,65,24,0,24,89
05/25/2016,CGF,OH,AGL,CE,Federal Contract Tower,0,14,29,0,43,0,0,41,0,41,0,14,70,0,84,36,0,36,120
05/26/2016,CGF,OH,AGL,CE,Federal Contract Tower,0,15,39,0,54,0,0,28,0,28,0,15,67,0,82,34,0,34,116
05/27/2016,CGF,OH,AGL,CE,Federal Contract Tower,0,10,33,0,43,0,0,41,0,41,0,10,74,0,84,68,0,68,152
05/28/2016,CGF,OH,AGL,CE,Federal Contract Tower,0,8,10,0,18,0,0,29,0,29,0,8,39,0,47,26,0,26,73
05/29/2016,CGF,OH,AGL,CE,Federal Contract Tower,0,11,2,0,13,0,0,30,0,30,0,11,32,0,43,20,0,20,63
05/30/2016,CGF,OH,AGL,CE,Federal Contract Tower,0,15,10,0,25,0,0,52,0,52,0,15,62,0,77,50,0,50,127
05/31/2016,CGF,OH,AGL,CE,Federal Contract Tower,0,10,26,0,36,0,0,19,0,19,0,10,45,0,55,6,0,6,61
06/01/2016,CGF,OH,AGL,CE,Federal Contract Tower,0,7,17,0,24,0,0,17,0,17,0,7,34,0,41,20,0,20,61
06/02/2016,CGF,OH,AGL,CE,Federal Contract Tower,0,6,10,0,16,0,0,24,0,24,0,6,34,0,40,6,0,6,46
06/03/2016,CGF,OH,AGL,CE,Federal Contract Tower,0,7,14,0,21,0,0,37,0,37,0,7,51,0,58,44,0,44,102
06/04/2016,CGF,OH,AGL,CE,Federal Contract Tower,0,0,0,0,0,0,0,0,0,0,0,0,0,0,0,0,0,0,0
06/05/2016,CGF,OH,AGL,CE,Federal Contract Tower,0,5,4,0,9,0,1,3,0,4,0,6,7,0,13,0,0,0,13
06/06/2016,CGF,OH,AGL,CE,Federal Contract Tower,0,9,27,0,36,0,0,18,0,18,0,9,45,0,54,16,0,16,70
06/07/2016,CGF,OH,AGL,CE,Federal Contract Tower,0,11,10,0,21,0,0,8,0,8,0,11,18,0,29,6,0,6,35
06/08/2016,CGF,OH,AGL,CE,Federal Contract Tower,0,20,18,0,38,0,0,25,0,25,0,20,43,0,63,36,0,36,99
06/09/2016,CGF,OH,AGL,CE,Federal Contract Tower,0,18,19,0,37,0,0,52,0,52,0,18,71,0,89,12,0,12,101
06/10/2016,CGF,OH,AGL,CE,Federal Contract Tower,0,12,19,0,31,0,0,42,0,42,0,12,61,0,73,56,0,56,129
06/11/2016,CGF,OH,AGL,CE,Federal Contract Tower,0,4,8,0,12,0,0,8,0,8,0,4,16,0,20,2,0,2,22
06/12/2016,CGF,OH,AGL,CE,Federal Contract Tower,0,11,18,0,29,0,0,26,0,26,0,11,44,0,55,2,0,2,57
06/13/2016,CGF,OH,AGL,CE,Federal Contract Tower,0,13,26,0,39,0,0,35,0,35,0,13,61,0,74,46,0,46,120
06/14/2016,CGF,OH,AGL,CE,Federal Contract Tower,0,22,24,0,46,0,0,21,0,21,0,22,45,0,67,10,0,10,77
06/15/2016,CGF,OH,AGL,CE,Federal Contract Tower,0,24,21,0,45,0,3,17,0,20,0,27,38,0,65,10,0,10,75
06/16/2016,CGF,OH,AGL,CE,Federal Contract Tower,0,13,21,0,34,0,0,1,0,1,0,13,22,0,35,0,0,0,35
06/17/2016,CGF,OH,AGL,CE,Federal Contract Tower,0,20,27,0,47,0,0,44,0,44,0,20,71,0,91,42,0,42,133
06/18/2016,CGF,OH,AGL,CE,Federal Contract Tower,0,11,20,0,31,0,1,48,0,49,0,12,68,0,80,18,0,18,98
06/19/2016,CGF,OH,AGL,CE,Federal Contract Tower,0,9,15,0,24,0,0,25,0,25,0,9,40,0,49,6,0,6,55
06/20/2016,CGF,OH,AGL,CE,Federal Contract Tower,0,14,21,0,35,0,0,19,0,19,0,14,40,0,54,10,0,10,64
06/21/2016,CGF,OH,AGL,CE,Federal Contract Tower,0,17,18,0,35,0,0,30,0,30,0,17,48,0,65,20,0,20,85
06/22/2016,CGF,OH,AGL,CE,Federal Contract Tower,0,8,24,0,32,0,0,48,0,48,0,8,72,0,80,20,0,20,100
06/23/2016,CGF,OH,AGL,CE,Federal Contract Tower,0,13,14,0,27,0,0,2,0,2,0,13,16,0,29,6,0,6,35
06/24/2016,CGF,OH,AGL,CE,Federal Contract Tower,0,13,28,0,41,0,0,58,0,58,0,13,86,0,99,16,0,16,115
06/25/2016,CGF,OH,AGL,CE,Federal Contract Tower,0,20,22,0,42,0,0,35,0,35,0,20,57,0,77,32,0,32,109
06/26/2016,CGF,OH,AGL,CE,Federal Contract Tower,0,3,26,0,29,0,0,28,0,28,0,3,54,0,57,2,0,2,59
06/27/2016,CGF,OH,AGL,CE,Federal Contract Tower,0,23,19,0,42,0,0,15,0,15,0,23,34,0,57,4,0,4,61
06/28/2016,CGF,OH,AGL,CE,Federal Contract Tower,0,24,29,0,53,0,0,17,0,17,0,24,46,0,70,12,0,12,82
06/29/2016,CGF,OH,AGL,CE,Federal Contract Tower,0,15,18,0,33,0,0,32,0,32,0,15,50,0,65,20,0,20,85
06/30/2016,CGF,OH,AGL,CE,Federal Contract Tower,0,14,36,0,50,0,0,35,0,35,0,14,71,0,85,0,0,0,85
07/01/2016,CGF,OH,AGL,CE,Federal Contract Tower,0,12,29,0,41,0,0,26,0,26,0,12,55,0,67,18,0,18,85
07/02/2016,CGF,OH,AGL,CE,Federal Contract Tower,0,4,12,0,16,0,0,18,0,18,0,4,30,0,34,0,0,0,34
07/03/2016,CGF,OH,AGL,CE,Federal Contract Tower,0,7,5,0,12,0,0,19,0,19,0,7,24,0,31,36,0,36,67
07/04/2016,CGF,OH,AGL,CE,Federal Contract Tower,0,16,7,0,23,0,0,29,0,29,0,16,36,0,52,4,0,4,56
07/05/2016,CGF,OH,AGL,CE,Federal Contract Tower,0,19,13,0,32,0,0,12,0,12,0,19,25,0,44,18,0,18,62
07/06/2016,CGF,OH,AGL,CE,Federal Contract Tower,0,7,13,0,20,0,0,18,0,18,0,7,31,0,38,22,0,22,60
07/07/2016,CGF,OH,AGL,CE,Federal Contract Tower,0,10,20,0,30,0,0,54,0,54,0,10,74,0,84,54,0,54,138
07/08/2016,CGF,OH,AGL,CE,Federal Contract Tower,0,6,13,0,19,0,0,28,0,28,0,6,41,0,47,20,0,20,67
07/09/2016,CGF,OH,AGL,CE,Federal Contract Tower,0,17,14,0,31,0,0,21,0,21,0,17,35,0,52,2,0,2,54
07/10/2016,CGF,OH,AGL,CE,Federal Contract Tower,0,7,15,0,22,0,0,36,0,36,0,7,51,0,58,22,0,22,80
07/11/2016,CGF,OH,AGL,CE,Federal Contract Tower,0,14,28,0,42,0,0,38,0,38,0,14,66,0,80,8,0,8,88
07/12/2016,CGF,OH,AGL,CE,Federal Contract Tower,0,12,35,0,47,0,0,30,0,30,0,12,65,0,77,24,0,24,101
07/13/2016,CGF,OH,AGL,CE,Federal Contract Tower,0,15,25,0,40,0,0,37,0,37,0,15,62,0,77,23,0,23,100
07/14/2016,CGF,OH,AGL,CE,Federal Contract Tower,0,6,38,0,44,0,2,40,0,42,0,8,78,0,86,24,0,24,110
07/15/2016,CGF,OH,AGL,CE,Federal Contract Tower,0,11,39,0,50,0,2,56,0,58,0,13,95,0,108,62,0,62,170
07/16/2016,CGF,OH,AGL,CE,Federal Contract Tower,0,11,23,0,34,0,0,28,0,28,0,11,51,0,62,10,20,30,92
07/17/2016,CGF,OH,AGL,CE,Federal Contract Tower,0,29,58,0,87,0,0,47,0,47,0,29,105,0,134,20,0,20,154
07/18/2016,CGF,OH,AGL,CE,Federal Contract Tower,0,46,50,0,96,0,0,25,0,25,0,46,75,0,121,0,0,0,121
07/19/2016,CGF,OH,AGL,CE,Federal Contract Tower,0,26,71,0,97,0,26,14,0,40,0,52,85,0,137,0,0,0,137
07/20/2016,CGF,OH,AGL,CE,Federal Contract Tower,0,47,87,0,134,0,10,36,0,46,0,57,123,0,180,4,0,4,184
07/21/2016,CGF,OH,AGL,CE,Federal Contract Tower,0,48,83,0,131,0,6,31,0,37,0,54,114,0,168,4,0,4,172
07/22/2016,CGF,OH,AGL,CE,Federal Contract Tower,0,42,51,0,93,0,7,16,0,23,0,49,67,0,116,16,0,16,132
07/23/2016,CGF,OH,AGL,CE,Federal Contract Tower,0,8,17,0,25,0,1,46,0,47,0,9,63,0,72,50,0,50,122
07/24/2016,CGF,OH,AGL,CE,Federal Contract Tower,0,6,21,0,27,0,0,24,0,24,0,6,45,0,51,10,0,10,61
07/25/2016,CGF,OH,AGL,CE,Federal Contract Tower,0,15,33,1,49,0,0,25,0,25,0,15,58,1,74,14,0,14,88
07/26/2016,CGF,OH,AGL,CE,Federal Contract Tower,0,11,16,0,27,0,0,31,0,31,0,11,47,0,58,10,0,10,68
07/27/2016,CGF,OH,AGL,CE,Federal Contract Tower,0,9,38,0,47,0,3,17,0,20,0,12,55,0,67,56,0,56,123
07/28/2016,CGF,OH,AGL,CE,Federal Contract Tower,0,15,32,0,47,0,0,22,0,22,0,15,54,0,69,66,0,66,135
07/29/2016,CGF,OH,AGL,CE,Federal Contract Tower,0,8,38,0,46,0,0,19,0,19,0,8,57,0,65,14,0,14,79
07/30/2016,CGF,OH,AGL,CE,Federal Contract Tower,0,16,21,0,37,0,0,16,0,16,0,16,37,0,53,20,0,20,73
07/31/2016,CGF,OH,AGL,CE,Federal Contract Tower,0,8,32,0,40,0,0,38,0,38,0,8,70,0,78,34,0,34,112
08/01/2016,CGF,OH,AGL,CE,Federal Contract Tower,0,14,28,0,42,0,0,33,0,33,0,14,61,0,75,30,0,30,105
08/02/2016,CGF,OH,AGL,CE,Federal Contract Tower,0,12,23,0,35,0,0,40,0,40,0,12,63,0,75,22,0,22,97
08/03/2016,CGF,OH,AGL,CE,Federal Contract Tower,0,13,19,0,32,0,0,22,0,22,0,13,41,0,54,20,0,20,74
08/04/2016,CGF,OH,AGL,CE,Federal Contract Tower,0,5,25,0,30,0,0,16,0,16,0,5,41,0,46,10,0,10,56
08/05/2016,CGF,OH,AGL,CE,Federal Contract Tower,0,12,22,0,34,0,0,32,0,32,0,12,54,0,66,10,0,10,76
08/06/2016,CGF,OH,AGL,CE,Federal Contract Tower,0,7,6,0,13,0,0,42,0,42,0,7,48,0,55,18,0,18,73
08/07/2016,CGF,OH,AGL,CE,Federal Contract Tower,0,11,18,0,29,0,0,44,0,44,0,11,62,0,73,22,0,22,95
08/08/2016,CGF,OH,AGL,CE,Federal Contract Tower,0,16,28,0,44,0,0,31,0,31,0,16,59,0,75,10,0,10,85
08/09/2016,CGF,OH,AGL,CE,Federal Contract Tower,0,7,28,0,35,0,0,35,0,35,0,7,63,0,70,20,0,20,90
08/10/2016,CGF,OH,AGL,CE,Federal Contract Tower,0,6,22,0,28,0,0,17,0,17,0,6,39,0,45,22,0,22,67
08/11/2016,CGF,OH,AGL,CE,Federal Contract Tower,0,22,23,0,45,0,0,34,0,34,0,22,57,0,79,26,0,26,105
08/12/2016,CGF,OH,AGL,CE,Federal Contract Tower,0,16,24,0,40,0,0,18,0,18,0,16,42,0,58,34,0,34,92
08/13/2016,CGF,OH,AGL,CE,Federal Contract Tower,0,10,13,0,23,0,0,11,0,11,0,10,24,0,34,0,0,0,34
08/14/2016,CGF,OH,AGL,CE,Federal Contract Tower,0,10,18,0,28,0,0,1,0,1,0,10,19,0,29,4,0,4,33
08/15/2016,CGF,OH,AGL,CE,Federal Contract Tower,0,19,30,0,49,0,0,7,0,7,0,19,37,0,56,16,0,16,72
08/16/2016,CGF,OH,AGL,CE,Federal Contract Tower,0,15,17,0,32,0,0,3,0,3,0,15,20,0,35,0,0,0,35
08/17/2016,CGF,OH,AGL,CE,Federal Contract Tower,0,20,16,0,36,0,0,27,0,27,0,20,43,0,63,30,0,30,93
08/18/2016,CGF,OH,AGL,CE,Federal Contract Tower,0,9,26,0,35,0,0,36,0,36,0,9,62,0,71,36,0,36,107
08/19/2016,CGF,OH,AGL,CE,Federal Contract Tower,0,11,22,0,33,0,0,22,0,22,0,11,44,0,55,30,0,30,85
08/20/2016,CGF,OH,AGL,CE,Federal Contract Tower,0,12,11,0,23,0,0,22,0,22,0,12,33,0,45,22,0,22,67
08/21/2016,CGF,OH,AGL,CE,Federal Contract Tower,0,17,12,0,29,0,0,21,0,21,0,17,33,0,50,14,0,14,64
08/22/2016,CGF,OH,AGL,CE,Federal Contract Tower,0,17,29,0,46,0,0,24,0,24,0,17,53,0,70,2,0,2,72
08/23/2016,CGF,OH,AGL,CE,Federal Contract Tower,0,10,25,0,35,0,0,32,0,32,0,10,57,0,67,12,0,12,79
08/24/2016,CGF,OH,AGL,CE,Federal Contract Tower,0,17,14,0,31,0,0,32,0,32,0,17,46,0,63,12,0,12,75
08/25/2016,CGF,OH,AGL,CE,Federal Contract Tower,0,12,30,0,42,0,0,15,0,15,0,12,45,0,57,32,0,32,89
08/26/2016,CGF,OH,AGL,CE,Federal Contract Tower,0,12,20,0,32,0,0,45,0,45,0,12,65,0,77,54,0,54,131
08/27/2016,CGF,OH,AGL,CE,Federal Contract Tower,0,4,16,0,20,0,0,20,0,20,0,4,36,0,40,44,0,44,84
08/28/2016,CGF,OH,AGL,CE,Federal Contract Tower,0,20,18,0,38,0,1,24,0,25,0,21,42,0,63,30,0,30,93
08/29/2016,CGF,OH,AGL,CE,Federal Contract Tower,0,9,9,0,18,0,0,28,0,28,0,9,37,0,46,30,0,30,76
08/30/2016,CGF,OH,AGL,CE,Federal Contract Tower,0,9,19,0,28,0,0,29,0,29,0,9,48,0,57,28,0,28,85
08/31/2016,CGF,OH,AGL,CE,Federal Contract Tower,0,6,31,0,37,0,0,10,0,10,0,6,41,0,47,10,0,10,57
09/01/2016,CGF,OH,AGL,CE,Federal Contract Tower,0,14,41,0,55,0,0,25,0,25,0,14,66,0,80,8,0,8,88
09/02/2016,CGF,OH,AGL,CE,Federal Contract Tower,0,18,18,0,36,0,0,32,0,32,0,18,50,0,68,44,0,44,112
09/03/2016,CGF,OH,AGL,CE,Federal Contract Tower,0,9,18,0,27,0,0,25,0,25,0,9,43,0,52,24,0,24,76
09/04/2016,CGF,OH,AGL,CE,Federal Contract Tower,0,10,16,0,26,0,0,34,0,34,0,10,50,0,60,46,0,46,106
09/05/2016,CGF,OH,AGL,CE,Federal Contract Tower,0,11,17,0,28,0,0,40,0,40,0,11,57,0,68,10,0,10,78
09/06/2016,CGF,OH,AGL,CE,Federal Contract Tower,0,13,18,0,31,0,0,41,0,41,0,13,59,0,72,30,0,30,102
09/07/2016,CGF,OH,AGL,CE,Federal Contract Tower,0,16,28,0,44,0,0,30,0,30,0,16,58,0,74,82,0,82,156
09/08/2016,CGF,OH,AGL,CE,Federal Contract Tower,0,16,26,0,42,0,0,7,0,7,0,16,33,0,49,12,0,12,61
09/09/2016,CGF,OH,AGL,CE,Federal Contract Tower,0,11,22,0,33,0,0,21,0,21,0,11,43,0,54,46,0,46,100
09/10/2016,CGF,OH,AGL,CE,Federal Contract Tower,0,4,7,0,11,0,0,0,0,0,0,4,7,0,11,0,0,0,11
09/11/2016,CGF,OH,AGL,CE,Federal Contract Tower,0,11,26,0,37,0,0,47,0,47,0,11,73,0,84,62,0,62,146
09/12/2016,CGF,OH,AGL,CE,Federal Contract Tower,0,8,20,0,28,0,0,35,0,35,0,8,55,0,63,30,0,30,93
09/13/2016,CGF,OH,AGL,CE,Federal Contract Tower,0,9,29,0,38,0,0,42,0,42,0,9,71,0,80,42,0,42,122
09/14/2016,CGF,OH,AGL,CE,Federal Contract Tower,0,9,25,0,34,0,0,4,0,4,0,9,29,0,38,0,0,0,38
09/15/2016,CGF,OH,AGL,CE,Federal Contract Tower,0,18,38,0,56,0,0,24,0,24,0,18,62,0,80,18,0,18,98
09/16/2016,CGF,OH,AGL,CE,Federal Contract Tower,0,21,42,0,63,0,0,38,0,38,0,21,80,0,101,36,0,36,137
09/17/2016,CGF,OH,AGL,CE,Federal Contract Tower,0,0,14,0,14,0,0,0,0,0,0,0,14,0,14,0,0,0,14
09/18/2016,CGF,OH,AGL,CE,Federal Contract Tower,0,11,33,0,44,0,0,21,0,21,0,11,54,0,65,60,0,60,125
09/19/2016,CGF,OH,AGL,CE,Federal Contract Tower,0,19,28,0,47,0,0,30,0,30,0,19,58,0,77,54,0,54,131
09/20/2016,CGF,OH,AGL,CE,Federal Contract Tower,0,19,26,0,45,0,0,29,0,29,0,19,55,0,74,0,20,20,94
09/21/2016,CGF,OH,AGL,CE,Federal Contract Tower,0,16,27,0,43,0,0,45,0,45,0,16,72,0,88,60,0,60,148
09/22/2016,CGF,OH,AGL,CE,Federal Contract Tower,0,19,29,0,48,0,1,24,0,25,0,20,53,0,73,0,0,0,73
09/23/2016,CGF,OH,AGL,CE,Federal Contract Tower,0,22,17,0,39,0,0,37,0,37,0,22,54,0,76,24,0,24,100
09/24/2016,CGF,OH,AGL,CE,Federal Contract Tower,0,17,11,0,28,0,0,29,0,29,0,17,40,0,57,38,0,38,95
09/25/2016,CGF,OH,AGL,CE,Federal Contract Tower,0,19,30,0,49,0,0,30,0,30,0,19,60,0,79,30,0,30,109
09/26/2016,CGF,OH,AGL,CE,Federal Contract Tower,0,10,13,0,23,0,0,4,0,4,0,10,17,0,27,8,0,8,35
09/27/2016,CGF,OH,AGL,CE,Federal Contract Tower,0,14,21,0,35,0,2,20,0,22,0,16,41,0,57,4,0,4,61
09/28/2016,CGF,OH,AGL,CE,Federal Contract Tower,0,7,21,0,28,0,0,10,0,10,0,7,31,0,38,2,0,2,40
09/29/2016,CGF,OH,AGL,CE,Federal Contract Tower,0,19,22,0,41,0,0,8,0,8,0,19,30,0,49,0,0,0,49
09/30/2016,CGF,OH,AGL,CE,Federal Contract Tower,0,9,19,0,28,0,0,10,0,10,0,9,29,0,38,12,0,12,50
10/01/2016,CGF,OH,AGL,CE,Federal Contract Tower,0,4,13,0,17,0,0,7,0,7,0,4,20,0,24,0,0,0,24
10/02/2016,CGF,OH,AGL,CE,Federal Contract Tower,0,5,25,0,30,0,0,5,0,5,0,5,30,0,35,22,0,22,57
10/03/2016,CGF,OH,AGL,CE,Federal Contract Tower,0,10,19,0,29,0,0,28,0,28,0,10,47,0,57,50,0,50,107
10/04/2016,CGF,OH,AGL,CE,Federal Contract Tower,0,4,27,0,31,0,0,21,0,21,0,4,48,0,52,38,0,38,90
10/05/2016,CGF,OH,AGL,CE,Federal Contract Tower,0,8,20,0,28,0,0,35,0,35,0,8,55,0,63,12,0,12,75
10/06/2016,CGF,OH,AGL,CE,Federal Contract Tower,0,12,26,0,38,0,4,30,0,34,0,16,56,0,72,24,0,24,96
10/07/2016,CGF,OH,AGL,CE,Federal Contract Tower,0,16,20,0,36,0,2,39,0,41,0,18,59,0,77,4,0,4,81
10/08/2016,CGF,OH,AGL,CE,Federal Contract Tower,0,6,9,0,15,0,0,25,0,25,0,6,34,0,40,50,0,50,90
10/09/2016,CGF,OH,AGL,CE,Federal Contract Tower,0,5,19,0,24,0,0,25,0,25,0,5,44,0,49,34,0,34,83
10/10/2016,CGF,OH,AGL,CE,Federal Contract Tower,0,12,15,0,27,0,4,28,0,32,0,16,43,0,59,54,0,54,113
10/11/2016,CGF,OH,AGL,CE,Federal Contract Tower,0,15,30,2,47,0,0,23,0,23,0,15,53,2,70,26,0,26,96
10/12/2016,CGF,OH,AGL,CE,Federal Contract Tower,0,10,19,0,29,0,0,31,0,31,0,10,50,0,60,28,0,28,88
10/13/2016,CGF,OH,AGL,CE,Federal Contract Tower,0,11,30,0,41,0,0,6,0,6,0,11,36,0,47,12,0,12,59
10/14/2016,CGF,OH,AGL,CE,Federal Contract Tower,0,12,31,0,43,0,0,33,0,33,0,12,64,0,76,0,0,0,76
10/15/2016,CGF,OH,AGL,CE,Federal Contract Tower,0,7,6,0,13,0,0,47,0,47,0,7,53,0,60,16,0,16,76
10/16/2016,CGF,OH,AGL,CE,Federal Contract Tower,0,5,28,0,33,0,0,18,0,18,0,5,46,0,51,0,0,0,51
10/17/2016,CGF,OH,AGL,CE,Federal Contract Tower,0,13,35,0,48,0,0,18,0,18,0,13,53,0,66,6,0,6,72
10/19/2016,CGF,OH,AGL,CE,Federal Contract Tower,0,12,17,0,29,0,0,28,0,28,0,12,45,0,57,28,0,28,85
10/20/2016,CGF,OH,AGL,CE,Federal Contract Tower,0,10,30,0,40,0,0,3,0,3,0,10,33,0,43,4,0,4,47
10/21/2016,CGF,OH,AGL,CE,Federal Contract Tower,0,3,12,0,15,0,0,0,0,0,0,3,12,0,15,0,0,0,15
10/22/2016,CGF,OH,AGL,CE,Federal Contract Tower,0,2,15,0,17,0,0,4,0,4,0,2,19,0,21,0,0,0,21
10/23/2016,CGF,OH,AGL,CE,Federal Contract Tower,0,11,11,0,22,0,0,29,0,29,0,11,40,0,51,14,0,14,65
10/24/2016,CGF,OH,AGL,CE,Federal Contract Tower,0,14,21,0,35,0,0,5,0,5,0,14,26,0,40,20,0,20,60
10/25/2016,CGF,OH,AGL,CE,Federal Contract Tower,0,20,25,0,45,0,0,24,0,24,0,20,49,0,69,54,0,54,123
10/26/2016,CGF,OH,AGL,CE,Federal Contract Tower,0,26,31,0,57,0,4,14,0,18,0,30,45,0,75,20,0,20,95
10/27/2016,CGF,OH,AGL,CE,Federal Contract Tower,0,23,34,0,57,0,0,1,0,1,0,23,35,0,58,0,0,0,58
10/28/2016,CGF,OH,AGL,CE,Federal Contract Tower,0,13,34,0,47,0,0,31,0,31,0,13,65,0,78,28,0,28,106
10/29/2016,CGF,OH,AGL,CE,Federal Contract Tower,0,7,10,0,17,0,0,21,0,21,0,7,31,0,38,12,0,12,50
10/30/2016,CGF,OH,AGL,CE,Federal Contract Tower,0,14,16,0,30,0,0,0,0,0,0,14,16,0,30,0,0,0,30
10/31/2016,CGF,OH,AGL,CE,Federal Contract Tower,0,22,19,0,41,0,0,15,0,15,0,22,34,0,56,34,0,34,90
11/01/2016,CGF,OH,AGL,CE,Federal Contract Tower,0,24,24,0,48,0,0,20,0,20,0,24,44,0,68,0,0,0,68
11/02/2016,CGF,OH,AGL,CE,Federal Contract Tower,0,31,46,0,77,0,0,45,0,45,0,31,91,0,122,24,0,24,146
11/03/2016,CGF,OH,AGL,CE,Federal Contract Tower,0,21,28,0,49,0,0,5,0,5,0,21,33,0,54,4,0,4,58
11/04/2016,CGF,OH,AGL,CE,Federal Contract Tower,0,7,25,0,32,0,0,24,0,24,0,7,49,0,56,0,0,0,56
11/05/2016,CGF,OH,AGL,CE,Federal Contract Tower,0,5,10,0,15,0,0,47,0,47,0,5,57,0,62,44,0,44,106
11/06/2016,CGF,OH,AGL,CE,Federal Contract Tower,0,7,11,0,18,0,0,51,0,51,0,7,62,0,69,44,0,44,113
11/07/2016,CGF,OH,AGL,CE,Federal Contract Tower,0,13,13,0,26,0,0,26,0,26,0,13,39,0,52,30,0,30,82
11/08/2016,CGF,OH,AGL,CE,Federal Contract Tower,0,8,11,0,19,0,2,6,0,8,0,10,17,0,27,0,0,0,27
11/09/2016,CGF,OH,AGL,CE,Federal Contract Tower,0,10,25,0,35,0,0,8,0,8,0,10,33,0,43,8,0,8,51
11/10/2016,CGF,OH,AGL,CE,Federal Contract Tower,0,13,20,0,33,0,1,16,0,17,0,14,36,0,50,0,0,0,50
11/11/2016,CGF,OH,AGL,CE,Federal Contract Tower,0,10,15,0,25,0,0,9,0,9,0,10,24,0,34,0,0,0,34
11/12/2016,CGF,OH,AGL,CE,Federal Contract Tower,0,1,8,0,9,0,0,27,0,27,0,1,35,0,36,40,0,40,76
11/13/2016,CGF,OH,AGL,CE,Federal Contract Tower,0,10,10,0,20,0,0,49,0,49,0,10,59,0,69,46,0,46,115
11/14/2016,CGF,OH,AGL,CE,Federal Contract Tower,0,10,14,0,24,0,0,33,0,33,0,10,47,0,57,12,0,12,69
11/15/2016,CGF,OH,AGL,CE,Federal Contract Tower,0,16,26,0,42,0,0,19,0,19,0,16,45,0,61,12,0,12,73
11/16/2016,CGF,OH,AGL,CE,Federal Contract Tower,0,9,30,0,39,0,0,2,0,2,0,9,32,0,41,0,0,0,41
11/17/2016,CGF,OH,AGL,CE,Federal Contract Tower,0,8,23,0,31,0,0,18,0,18,0,8,41,0,49,24,0,24,73
11/18/2016,CGF,OH,AGL,CE,Federal Contract Tower,0,10,12,0,22,0,0,20,0,20,0,10,32,0,42,16,0,16,58
11/19/2016,CGF,OH,AGL,CE,Federal Contract Tower,0,4,10,0,14,0,0,0,0,0,0,4,10,0,14,0,0,0,14
11/20/2016,CGF,OH,AGL,CE,Federal Contract Tower,0,4,5,0,9,0,0,5,0,5,0,4,10,0,14,0,0,0,14
11/21/2016,CGF,OH,AGL,CE,Federal Contract Tower,0,12,16,0,28,0,0,2,0,2,0,12,18,0,30,0,0,0,30
11/22/2016,CGF,OH,AGL,CE,Federal Contract Tower,0,20,40,0,60,0,0,25,0,25,0,20,65,0,85,40,0,40,125
11/23/2016,CGF,OH,AGL,CE,Federal Contract Tower,0,23,14,0,37,0,0,16,0,16,0,23,30,0,53,28,0,28,81
11/24/2016,CGF,OH,AGL,CE,Federal Contract Tower,0,4,8,0,12,0,0,0,0,0,0,4,8,0,12,0,0,0,12
11/25/2016,CGF,OH,AGL,CE,Federal Contract Tower,0,4,4,0,8,0,0,4,0,4,0,4,8,0,12,22,0,22,34
11/26/2016,CGF,OH,AGL,CE,Federal Contract Tower,0,17,12,0,29,0,0,2,0,2,0,17,14,0,31,18,0,18,49
11/27/2016,CGF,OH,AGL,CE,Federal Contract Tower,0,17,23,0,40,0,0,56,0,56,0,17,79,0,96,64,0,64,160
11/28/2016,CGF,OH,AGL,CE,Federal Contract Tower,0,15,22,0,37,0,0,6,0,6,0,15,28,0,43,0,0,0,43
11/29/2016,CGF,OH,AGL,CE,Federal Contract Tower,0,8,8,0,16,0,0,24,0,24,0,8,32,0,40,18,0,18,58
11/30/2016,CGF,OH,AGL,CE,Federal Contract Tower,0,8,17,0,25,0,0,0,0,0,0,8,17,0,25,2,0,2,27
12/01/2016,CGF,OH,AGL,CE,Federal Contract Tower,0,13,20,0,33,0,0,2,0,2,0,13,22,0,35,0,0,0,35
12/02/2016,CGF,OH,AGL,CE,Federal Contract Tower,0,12,17,0,29,0,0,4,0,4,0,12,21,0,33,26,0,26,59
12/03/2016,CGF,OH,AGL,CE,Federal Contract Tower,0,2,9,0,11,0,0,1,0,1,0,2,10,0,12,6,0,6,18
12/04/2016,CGF,OH,AGL,CE,Federal Contract Tower,0,5,9,0,14,0,0,26,0,26,0,5,35,0,40,56,0,56,96
12/05/2016,CGF,OH,AGL,CE,Federal Contract Tower,0,14,23,0,37,0,0,9,0,9,0,14,32,0,46,20,0,20,66
12/06/2016,CGF,OH,AGL,CE,Federal Contract Tower,0,6,22,0,28,0,0,5,0,5,0,6,27,0,33,8,0,8,41
12/07/2016,CGF,OH,AGL,CE,Federal Contract Tower,0,11,31,0,42,0,0,29,0,29,0,11,60,0,71,4,0,4,75
12/08/2016,CGF,OH,AGL,CE,Federal Contract Tower,0,16,15,0,31,0,0,0,0,0,0,16,15,0,31,0,0,0,31
12/09/2016,CGF,OH,AGL,CE,Federal Contract Tower,0,5,12,2,19,0,0,0,0,0,0,5,12,2,19,0,0,0,19
12/10/2016,CGF,OH,AGL,CE,Federal Contract Tower,0,4,10,0,14,0,0,0,0,0,0,4,10,0,14,0,0,0,14
12/11/2016,CGF,OH,AGL,CE,Federal Contract Tower,0,3,6,0,9,0,0,1,0,1,0,3,7,0,10,6,0,6,16
12/12/2016,CGF,OH,AGL,CE,Federal Contract Tower,0,13,20,0,33,0,0,1,0,1,0,13,21,0,34,0,0,0,34
12/13/2016,CGF,OH,AGL,CE,Federal Contract Tower,0,9,34,0,43,0,0,2,0,2,0,9,36,0,45,8,0,8,53
12/14/2016,CGF,OH,AGL,CE,Federal Contract Tower,0,9,15,0,24,0,0,3,0,3,0,9,18,0,27,0,0,0,27
12/15/2016,CGF,OH,AGL,CE,Federal Contract Tower,0,8,9,0,17,0,0,0,0,0,0,8,9,0,17,0,0,0,17
12/16/2016,CGF,OH,AGL,CE,Federal Contract Tower,0,18,11,0,29,0,0,9,0,9,0,18,20,0,38,14,0,14,52
12/17/2016,CGF,OH,AGL,CE,Federal Contract Tower,0,5,12,0,17,0,0,0,0,0,0,5,12,0,17,0,0,0,17
12/18/2016,CGF,OH,AGL,CE,Federal Contract Tower,0,9,5,0,14,0,0,0,0,0,0,9,5,0,14,0,0,0,14
12/19/2016,CGF,OH,AGL,CE,Federal Contract Tower,0,12,18,0,30,0,0,15,0,15,0,12,33,0,45,4,0,4,49
12/20/2016,CGF,OH,AGL,CE,Federal Contract Tower,0,18,15,0,33,0,0,12,0,12,0,18,27,0,45,12,0,12,57
12/21/2016,CGF,OH,AGL,CE,Federal Contract Tower,0,10,15,0,25,0,0,15,0,15,0,10,30,0,40,36,0,36,76
12/22/2016,CGF,OH,AGL,CE,Federal Contract Tower,0,19,10,0,29,0,0,7,0,7,0,19,17,0,36,0,0,0,36
12/23/2016,CGF,OH,AGL,CE,Federal Contract Tower,0,7,17,0,24,0,0,31,0,31,0,7,48,0,55,20,0,20,75
12/24/2016,CGF,OH,AGL,CE,Federal Contract Tower,0,8,2,0,10,0,0,0,0,0,0,8,2,0,10,2,0,2,12
12/25/2016,CGF,OH,AGL,CE,Federal Contract Tower,0,5,6,0,11,0,0,0,0,0,0,5,6,0,11,0,0,0,11
12/26/2016,CGF,OH,AGL,CE,Federal Contract Tower,0,18,12,0,30,0,0,0,0,0,0,18,12,0,30,0,0,0,30
12/27/2016,CGF,OH,AGL,CE,Federal Contract Tower,0,13,15,0,28,0,0,6,0,6,0,13,21,0,34,2,0,2,36
12/28/2016,CGF,OH,AGL,CE,Federal Contract Tower,0,4,18,0,22,0,0,23,0,23,0,4,41,0,45,30,0,30,75
12/29/2016,CGF,OH,AGL,CE,Federal Contract Tower,0,3,9,0,12,0,0,0,0,0,0,3,9,0,12,0,0,0,12
12/30/2016,CGF,OH,AGL,CE,Federal Contract Tower,0,4,5,0,9,0,0,0,0,0,0,4,5,0,9,0,0,0,9
12/31/2016,CGF,OH,AGL,CE,Federal Contract Tower,0,6,1,0,7,0,1,2,0,3,0,7,3,0,10,2,0,2,12
01/01/2017,CGF,OH,AGL,CE,Federal Contract Tower,0,9,5,0,14,0,0,33,0,33,0,9,38,0,47,48,0,48,95
01/02/2017,CGF,OH,AGL,CE,Federal Contract Tower,0,17,5,0,22,0,0,2,0,2,0,17,7,0,24,18,0,18,42
01/03/2017,CGF,OH,AGL,CE,Federal Contract Tower,0,13,7,0,20,0,0,0,0,0,0,13,7,0,20,0,0,0,20
01/04/2017,CGF,OH,AGL,CE,Federal Contract Tower,0,13,10,0,23,0,0,1,0,1,0,13,11,0,24,0,0,0,24
01/05/2017,CGF,OH,AGL,CE,Federal Contract Tower,0,9,4,0,13,0,0,0,0,0,0,9,4,0,13,10,0,10,23
01/06/2017,CGF,OH,AGL,CE,Federal Contract Tower,0,13,16,0,29,0,0,8,0,8,0,13,24,0,37,4,0,4,41
01/07/2017,CGF,OH,AGL,CE,Federal Contract Tower,0,4,7,0,11,0,0,6,0,6,0,4,13,0,17,0,0,0,17
01/08/2017,CGF,OH,AGL,CE,Federal Contract Tower,0,9,5,0,14,0,0,0,0,0,0,9,5,0,14,0,0,0,14
01/09/2017,CGF,OH,AGL,CE,Federal Contract Tower,0,15,11,0,26,0,0,7,0,7,0,15,18,0,33,0,0,0,33
01/10/2017,CGF,OH,AGL,CE,Federal Contract Tower,0,2,4,0,6,0,0,0,0,0,0,2,4,0,6,0,0,0,6
01/11/2017,CGF,OH,AGL,CE,Federal Contract Tower,0,14,12,0,26,0,0,17,0,17,0,14,29,0,43,28,0,28,71
01/12/2017,CGF,OH,AGL,CE,Federal Contract Tower,0,2,6,0,8,0,0,0,0,0,0,2,6,0,8,0,0,0,8
01/13/2017,CGF,OH,AGL,CE,Federal Contract Tower,0,7,13,0,20,0,0,26,0,26,0,7,39,0,46,8,0,8,54
01/14/2017,CGF,OH,AGL,CE,Federal Contract Tower,0,3,9,0,12,0,0,25,0,25,0,3,34,0,37,18,0,18,55
01/15/2017,CGF,OH,AGL,CE,Federal Contract Tower,0,4,9,0,13,0,0,45,0,45,0,4,54,0,58,56,0,56,114
01/16/2017,CGF,OH,AGL,CE,Federal Contract Tower,0,15,4,0,19,0,0,16,0,16,0,15,20,0,35,46,0,46,81
01/17/2017,CGF,OH,AGL,CE,Federal Contract Tower,0,7,15,0,22,0,0,0,0,0,0,7,15,0,22,0,0,0,22
01/18/2017,CGF,OH,AGL,CE,Federal Contract Tower,0,5,17,0,22,0,0,0,0,0,0,5,17,0,22,0,0,0,22
01/19/2017,CGF,OH,AGL,CE,Federal Contract Tower,0,12,27,0,39,0,0,7,0,7,0,12,34,0,46,0,0,0,46
01/20/2017,CGF,OH,AGL,CE,Federal Contract Tower,0,5,19,0,24,0,0,0,0,0,0,5,19,0,24,0,0,0,24
01/21/2017,CGF,OH,AGL,CE,Federal Contract Tower,0,12,21,0,33,0,0,45,0,45,0,12,66,0,78,34,0,34,112
01/22/2017,CGF,OH,AGL,CE,Federal Contract Tower,0,15,13,0,28,0,0,31,0,31,0,15,44,0,59,84,0,84,143
01/23/2017,CGF,OH,AGL,CE,Federal Contract Tower,0,17,19,0,36,0,0,5,0,5,0,17,24,0,41,0,0,0,41
01/24/2017,CGF,OH,AGL,CE,Federal Contract Tower,0,5,11,0,16,0,0,0,0,0,0,5,11,0,16,0,0,0,16
01/25/2017,CGF,OH,AGL,CE,Federal Contract Tower,0,2,17,0,19,0,0,5,0,5,0,2,22,0,24,0,0,0,24
01/26/2017,CGF,OH,AGL,CE,Federal Contract Tower,0,11,27,0,38,0,0,0,0,0,0,11,27,0,38,0,0,0,38
01/27/2017,CGF,OH,AGL,CE,Federal Contract Tower,0,9,21,0,30,0,0,0,0,0,0,9,21,0,30,0,0,0,30
01/28/2017,CGF,OH,AGL,CE,Federal Contract Tower,0,4,15,0,19,0,0,8,0,8,0,4,23,0,27,30,0,30,57
01/29/2017,CGF,OH,AGL,CE,Federal Contract Tower,0,4,14,0,18,0,0,0,0,0,0,4,14,0,18,2,0,2,20
01/30/2017,CGF,OH,AGL,CE,Federal Contract Tower,0,17,14,0,31,0,0,19,0,19,0,17,33,0,50,36,0,36,86
01/31/2017,CGF,OH,AGL,CE,Federal Contract Tower,0,1,11,0,12,0,0,0,0,0,0,1,11,0,12,0,0,0,12
02/01/2017,CGF,OH,AGL,CE,Federal Contract Tower,0,9,18,0,27,0,0,7,0,7,0,9,25,0,34,12,0,12,46
02/02/2017,CGF,OH,AGL,CE,Federal Contract Tower,0,8,22,0,30,0,0,0,0,0,0,8,22,0,30,0,0,0,30
02/03/2017,CGF,OH,AGL,CE,Federal Contract Tower,0,8,13,0,21,0,0,7,0,7,0,8,20,0,28,10,0,10,38
02/04/2017,CGF,OH,AGL,CE,Federal Contract Tower,0,5,12,0,17,0,0,47,0,47,0,5,59,0,64,24,0,24,88
02/05/2017,CGF,OH,AGL,CE,Federal Contract Tower,0,5,8,0,13,0,0,9,0,9,0,5,17,0,22,18,0,18,40
02/06/2017,CGF,OH,AGL,CE,Federal Contract Tower,0,9,26,0,35,0,0,46,0,46,0,9,72,0,81,44,0,44,125
02/07/2017,CGF,OH,AGL,CE,Federal Contract Tower,0,6,11,0,17,0,0,3,0,3,0,6,14,0,20,0,0,0,20
02/08/2017,CGF,OH,AGL,CE,Federal Contract Tower,0,5,21,0,26,0,0,9,0,9,0,5,30,0,35,10,0,10,45
02/09/2017,CGF,OH,AGL,CE,Federal Contract Tower,0,6,11,0,17,0,0,6,0,6,0,6,17,0,23,0,0,0,23
02/10/2017,CGF,OH,AGL,CE,Federal Contract Tower,0,21,15,0,36,0,0,10,0,10,0,21,25,0,46,14,0,14,60
02/11/2017,CGF,OH,AGL,CE,Federal Contract Tower,0,5,5,0,10,0,0,19,0,19,0,5,24,0,29,38,0,38,67
02/12/2017,CGF,OH,AGL,CE,Federal Contract Tower,0,3,10,0,13,0,0,0,0,0,0,3,10,0,13,0,0,0,13
02/13/2017,CGF,OH,AGL,CE,Federal Contract Tower,0,17,8,0,25,0,0,15,0,15,0,17,23,0,40,56,0,56,96
02/14/2017,CGF,OH,AGL,CE,Federal Contract Tower,0,6,20,0,26,0,0,12,0,12,0,6,32,0,38,30,0,30,68
02/15/2017,CGF,OH,AGL,CE,Federal Contract Tower,0,8,21,0,29,0,0,1,0,1,0,8,22,0,30,2,0,2,32
02/16/2017,CGF,OH,AGL,CE,Federal Contract Tower,0,12,23,0,35,0,0,4,0,4,0,12,27,0,39,0,0,0,39
02/17/2017,CGF,OH,AGL,CE,Federal Contract Tower,0,13,18,0,31,0,0,26,0,26,0,13,44,0,57,30,0,30,87
02/18/2017,CGF,OH,AGL,CE,Federal Contract Tower,0,13,14,0,27,0,0,37,0,37,0,13,51,0,64,44,0,44,108
02/19/2017,CGF,OH,AGL,CE,Federal Contract Tower,0,10,15,0,25,0,0,50,0,50,0,10,65,0,75,70,0,70,145
02/20/2017,CGF,OH,AGL,CE,Federal Contract Tower,0,17,35,0,52,0,0,44,0,44,0,17,79,0,96,72,0,72,168
02/21/2017,CGF,OH,AGL,CE,Federal Contract Tower,0,11,25,0,36,0,0,17,0,17,0,11,42,0,53,60,0,60,113
02/22/2017,CGF,OH,AGL,CE,Federal Contract Tower,0,13,16,0,29,0,0,15,0,15,0,13,31,0,44,34,0,34,78
02/23/2017,CGF,OH,AGL,CE,Federal Contract Tower,0,10,16,0,26,0,0,12,0,12,0,10,28,0,38,30,0,30,68
02/24/2017,CGF,OH,AGL,CE,Federal Contract Tower,0,22,15,0,37,0,0,13,0,13,0,22,28,0,50,2,0,2,52
02/25/2017,CGF,OH,AGL,CE,Federal Contract Tower,0,9,8,0,17,0,0,2,0,2,0,9,10,0,19,26,0,26,45
02/26/2017,CGF,OH,AGL,CE,Federal Contract Tower,0,5,16,0,21,0,0,26,0,26,0,5,42,0,47,32,0,32,79
02/27/2017,CGF,OH,AGL,CE,Federal Contract Tower,0,8,18,0,26,0,0,23,0,23,0,8,41,0,49,72,0,72,121
02/28/2017,CGF,OH,AGL,CE,Federal Contract Tower,0,10,26,0,36,0,2,10,0,12,0,12,36,0,48,44,0,44,92
03/01/2017,CGF,OH,AGL,CE,Federal Contract Tower,0,13,7,0,20,0,0,1,0,1,0,13,8,0,21,4,0,4,25
03/02/2017,CGF,OH,AGL,CE,Federal Contract Tower,0,15,30,0,45,0,0,22,0,22,0,15,52,0,67,46,0,46,113
03/03/2017,CGF,OH,AGL,CE,Federal Contract Tower,0,6,11,0,17,0,0,14,0,14,0,6,25,0,31,0,0,0,31
03/04/2017,CGF,OH,AGL,CE,Federal Contract Tower,0,4,15,0,19,0,0,32,0,32,0,4,47,0,51,30,0,30,81
03/05/2017,CGF,OH,AGL,CE,Federal Contract Tower,0,12,19,0,31,0,0,41,0,41,0,12,60,0,72,38,0,38,110
03/06/2017,CGF,OH,AGL,CE,Federal Contract Tower,0,15,13,0,28,0,0,12,0,12,0,15,25,0,40,0,0,0,40
03/07/2017,CGF,OH,AGL,CE,Federal Contract Tower,0,11,13,0,24,0,0,0,0,0,0,11,13,0,24,0,0,0,24
03/08/2017,CGF,OH,AGL,CE,Federal Contract Tower,0,4,15,0,19,0,0,1,0,1,0,4,16,0,20,0,0,0,20
03/09/2017,CGF,OH,AGL,CE,Federal Contract Tower,0,14,10,0,24,0,0,12,0,12,0,14,22,0,36,30,0,30,66
03/10/2017,CGF,OH,AGL,CE,Federal Contract Tower,0,11,10,0,21,0,0,6,0,6,0,11,16,0,27,2,0,2,29
03/11/2017,CGF,OH,AGL,CE,Federal Contract Tower,0,12,16,0,28,0,0,11,0,11,0,12,27,0,39,22,0,22,61
03/12/2017,CGF,OH,AGL,CE,Federal Contract Tower,0,14,9,0,23,0,0,22,0,22,0,14,31,0,45,54,0,54,99
03/13/2017,CGF,OH,AGL,CE,Federal Contract Tower,0,16,12,0,28,0,0,5,0,5,0,16,17,0,33,24,0,24,57
03/14/2017,CGF,OH,AGL,CE,Federal Contract Tower,0,4,7,0,11,0,0,0,0,0,0,4,7,0,11,0,0,0,11
03/15/2017,CGF,OH,AGL,CE,Federal Contract Tower,0,7,4,0,11,0,0,2,0,2,0,7,6,0,13,0,0,0,13
03/16/2017,CGF,OH,AGL,CE,Federal Contract Tower,0,9,12,0,21,0,0,12,0,12,0,9,24,0,33,10,0,10,43
03/17/2017,CGF,OH,AGL,CE,Federal Contract Tower,0,10,21,0,31,0,0,10,0,10,0,10,31,0,41,18,0,18,59
03/18/2017,CGF,OH,AGL,CE,Federal Contract Tower,0,8,7,0,15,0,0,0,0,0,0,8,7,0,15,0,0,0,15
03/19/2017,CGF,OH,AGL,CE,Federal Contract Tower,0,3,12,0,15,0,0,0,0,0,0,3,12,0,15,0,0,0,15
03/20/2017,CGF,OH,AGL,CE,Federal Contract Tower,0,11,21,0,32,0,0,14,0,14,0,11,35,0,46,46,0,46,92
03/21/2017,CGF,OH,AGL,CE,Federal Contract Tower,0,11,18,0,29,0,0,17,0,17,0,11,35,0,46,20,0,20,66
03/22/2017,CGF,OH,AGL,CE,Federal Contract Tower,0,4,17,0,21,0,0,17,0,17,0,4,34,0,38,22,0,22,60
03/23/2017,CGF,OH,AGL,CE,Federal Contract Tower,0,3,26,0,29,0,0,29,0,29,0,3,55,0,58,14,0,14,72
03/24/2017,CGF,OH,AGL,CE,Federal Contract Tower,0,11,16,0,27,0,0,6,0,6,0,11,22,0,33,0,0,0,33
03/25/2017,CGF,OH,AGL,CE,Federal Contract Tower,0,6,9,0,15,0,0,19,0,19,0,6,28,0,34,56,0,56,90
03/26/2017,CGF,OH,AGL,CE,Federal Contract Tower,0,3,13,0,16,0,0,18,0,18,0,3,31,0,34,8,0,8,42
03/27/2017,CGF,OH,AGL,CE,Federal Contract Tower,0,12,15,0,27,0,0,2,0,2,0,12,17,0,29,0,0,0,29
03/28/2017,CGF,OH,AGL,CE,Federal Contract Tower,0,25,10,0,35,0,0,0,0,0,0,25,10,0,35,0,0,0,35
03/29/2017,CGF,OH,AGL,CE,Federal Contract Tower,0,14,14,0,28,0,0,44,0,44,0,14,58,0,72,68,0,68,140
03/30/2017,CGF,OH,AGL,CE,Federal Contract Tower,0,10,14,0,24,0,0,8,0,8,0,10,22,0,32,0,0,0,32
03/31/2017,CGF,OH,AGL,CE,Federal Contract Tower,0,12,8,0,20,0,0,0,0,0,0,12,8,0,20,0,0,0,20
04/01/2017,CGF,OH,AGL,CE,Federal Contract Tower,0,19,11,0,30,0,0,10,0,10,0,19,21,0,40,0,0,0,40
04/02/2017,CGF,OH,AGL,CE,Federal Contract Tower,0,13,36,0,49,0,0,83,0,83,0,13,119,0,132,102,0,102,234
04/03/2017,CGF,OH,AGL,CE,Federal Contract Tower,0,17,16,0,33,0,0,8,0,8,0,17,24,0,41,0,0,0,41
04/04/2017,CGF,OH,AGL,CE,Federal Contract Tower,0,7,17,0,24,0,0,5,0,5,0,7,22,0,29,0,0,0,29
04/05/2017,CGF,OH,AGL,CE,Federal Contract Tower,0,9,9,0,18,0,0,16,0,16,0,9,25,0,34,34,0,34,68
04/06/2017,CGF,OH,AGL,CE,Federal Contract Tower,0,22,21,0,43,0,0,1,0,1,0,22,22,0,44,0,0,0,44
04/07/2017,CGF,OH,AGL,CE,Federal Contract Tower,0,12,13,0,25,0,0,0,0,0,0,12,13,0,25,0,0,0,25
04/08/2017,CGF,OH,AGL,CE,Federal Contract Tower,0,12,14,0,26,0,0,57,0,57,0,12,71,0,83,32,0,32,115
04/09/2017,CGF,OH,AGL,CE,Federal Contract Tower,0,16,13,0,29,0,0,29,0,29,0,16,42,0,58,18,0,18,76
04/10/2017,CGF,OH,AGL,CE,Federal Contract Tower,0,9,22,0,31,0,0,10,0,10,0,9,32,0,41,0,0,0,41
04/11/2017,CGF,OH,AGL,CE,Federal Contract Tower,0,11,10,2,23,0,0,5,0,5,0,11,15,2,28,14,0,14,42
04/12/2017,CGF,OH,AGL,CE,Federal Contract Tower,0,15,23,0,38,0,1,25,0,26,0,16,48,0,64,52,0,52,116
04/13/2017,CGF,OH,AGL,CE,Federal Contract Tower,0,13,21,0,34,0,0,39,0,39,0,13,60,0,73,44,0,44,117
04/14/2017,CGF,OH,AGL,CE,Federal Contract Tower,0,6,15,0,21,0,6,37,0,43,0,12,52,0,64,28,0,28,92
04/15/2017,CGF,OH,AGL,CE,Federal Contract Tower,0,8,14,0,22,0,0,8,0,8,0,8,22,0,30,4,0,4,34
04/16/2017,CGF,OH,AGL,CE,Federal Contract Tower,0,5,11,0,16,0,0,2,0,2,0,5,13,0,18,0,0,0,18
04/17/2017,CGF,OH,AGL,CE,Federal Contract Tower,0,9,21,0,30,0,2,34,0,36,0,11,55,0,66,28,0,28,94
04/18/2017,CGF,OH,AGL,CE,Federal Contract Tower,0,13,26,0,39,0,0,49,0,49,0,13,75,0,88,22,0,22,110
04/19/2017,CGF,OH,AGL,CE,Federal Contract Tower,0,24,20,0,44,0,0,7,0,7,0,24,27,0,51,48,0,48,99
04/20/2017,CGF,OH,AGL,CE,Federal Contract Tower,0,16,24,0,40,0,2,13,0,15,0,18,37,0,55,26,0,26,81
04/21/2017,CGF,OH,AGL,CE,Federal Contract Tower,0,8,17,0,25,0,3,31,0,34,0,11,48,0,59,22,0,22,81
04/22/2017,CGF,OH,AGL,CE,Federal Contract Tower,0,10,25,0,35,0,0,30,0,30,0,10,55,0,65,8,0,8,73
04/23/2017,CGF,OH,AGL,CE,Federal Contract Tower,0,8,17,0,25,0,0,67,0,67,0,8,84,0,92,38,0,38,130
04/24/2017,CGF,OH,AGL,CE,Federal Contract Tower,0,16,18,0,34,0,1,35,0,36,0,17,53,0,70,48,0,48,118
04/25/2017,CGF,OH,AGL,CE,Federal Contract Tower,0,11,27,0,38,0,2,24,0,26,0,13,51,0,64,26,0,26,90
04/26/2017,CGF,OH,AGL,CE,Federal Contract Tower,0,12,32,0,44,0,0,41,0,41,0,12,73,0,85,44,0,44,129
04/27/2017,CGF,OH,AGL,CE,Federal Contract Tower,0,7,28,0,35,0,0,3,0,3,0,7,31,0,38,16,0,16,54
04/28/2017,CGF,OH,AGL,CE,Federal Contract Tower,0,17,20,0,37,0,0,51,0,51,0,17,71,0,88,22,0,22,110
04/29/2017,CGF,OH,AGL,CE,Federal Contract Tower,0,11,19,0,30,0,0,2,0,2,0,11,21,0,32,0,0,0,32
04/30/2017,CGF,OH,AGL,CE,Federal Contract Tower,0,24,9,0,33,0,0,34,0,34,0,24,43,0,67,24,0,24,91
05/01/2017,CGF,OH,AGL,CE,Federal Contract Tower,0,22,17,0,39,0,0,10,0,10,0,22,27,0,49,6,0,6,55
05/02/2017,CGF,OH,AGL,CE,Federal Contract Tower,0,10,14,0,24,0,0,2,0,2,0,10,16,0,26,0,0,0,26
05/03/2017,CGF,OH,AGL,CE,Federal Contract Tower,0,17,41,0,58,0,0,32,0,32,0,17,73,0,90,42,0,42,132
05/04/2017,CGF,OH,AGL,CE,Federal Contract Tower,0,17,29,0,46,0,0,1,0,1,0,17,30,0,47,0,0,0,47
05/05/2017,CGF,OH,AGL,CE,Federal Contract Tower,0,8,13,0,21,0,0,0,0,0,0,8,13,0,21,0,0,0,21
05/06/2017,CGF,OH,AGL,CE,Federal Contract Tower,0,12,5,0,17,0,0,0,0,0,0,12,5,0,17,0,0,0,17
05/07/2017,CGF,OH,AGL,CE,Federal Contract Tower,0,10,18,0,28,0,0,46,0,46,0,10,64,0,74,20,0,20,94
05/08/2017,CGF,OH,AGL,CE,Federal Contract Tower,0,14,23,0,37,0,0,37,0,37,0,14,60,0,74,30,0,30,104
05/09/2017,CGF,OH,AGL,CE,Federal Contract Tower,0,23,34,0,57,0,0,60,0,60,0,23,94,0,117,66,0,66,183
05/10/2017,CGF,OH,AGL,CE,Federal Contract Tower,0,20,35,0,55,0,0,36,0,36,0,20,71,0,91,18,0,18,109
05/11/2017,CGF,OH,AGL,CE,Federal Contract Tower,0,14,26,0,40,0,0,26,0,26,0,14,52,0,66,30,0,30,96
05/12/2017,CGF,OH,AGL,CE,Federal Contract Tower,0,14,40,0,54,0,2,3,0,5,0,16,43,0,59,0,0,0,59
05/13/2017,CGF,OH,AGL,CE,Federal Contract Tower,0,10,11,0,21,0,0,30,0,30,0,10,41,0,51,16,0,16,67
05/14/2017,CGF,OH,AGL,CE,Federal Contract Tower,0,9,9,0,18,0,0,17,0,17,0,9,26,0,35,10,0,10,45
05/15/2017,CGF,OH,AGL,CE,Federal Contract Tower,0,15,31,0,46,0,0,56,2,58,0,15,87,2,104,26,0,26,130
05/16/2017,CGF,OH,AGL,CE,Federal Contract Tower,0,10,29,0,39,0,0,44,0,44,0,10,73,0,83,42,0,42,125
05/17/2017,CGF,OH,AGL,CE,Federal Contract Tower,0,6,31,0,37,0,0,36,0,36,0,6,67,0,73,4,0,4,77
05/18/2017,CGF,OH,AGL,CE,Federal Contract Tower,0,11,25,0,36,0,0,7,0,7,0,11,32,0,43,8,0,8,51
05/19/2017,CGF,OH,AGL,CE,Federal Contract Tower,0,14,43,0,57,0,0,13,0,13,0,14,56,0,70,14,0,14,84
05/20/2017,CGF,OH,AGL,CE,Federal Contract Tower,0,22,13,0,35,0,4,10,0,14,0,26,23,0,49,10,0,10,59
05/21/2017,CGF,OH,AGL,CE,Federal Contract Tower,0,15,9,0,24,0,0,4,0,4,0,15,13,0,28,10,0,10,38
05/22/2017,CGF,OH,AGL,CE,Federal Contract Tower,0,14,36,0,50,0,2,27,0,29,0,16,63,0,79,44,0,44,123
05/23/2017,CGF,OH,AGL,CE,Federal Contract Tower,0,12,38,0,50,0,0,44,0,44,0,12,82,0,94,26,0,26,120
05/24/2017,CGF,OH,AGL,CE,Federal Contract Tower,0,11,34,0,45,0,0,12,0,12,0,11,46,0,57,0,0,0,57
05/25/2017,CGF,OH,AGL,CE,Federal Contract Tower,0,13,26,0,39,0,0,0,0,0,0,13,26,0,39,0,0,0,39
05/26/2017,CGF,OH,AGL,CE,Federal Contract Tower,0,13,24,0,37,0,8,14,0,22,0,21,38,0,59,0,0,0,59
05/27/2017,CGF,OH,AGL,CE,Federal Contract Tower,0,10,19,0,29,0,0,37,0,37,0,10,56,0,66,48,0,48,114
05/28/2017,CGF,OH,AGL,CE,Federal Contract Tower,0,9,8,0,17,0,2,14,0,16,0,11,22,0,33,34,0,34,67
05/29/2017,CGF,OH,AGL,CE,Federal Contract Tower,0,13,19,0,32,0,0,45,0,45,0,13,64,0,77,44,0,44,121
05/30/2017,CGF,OH,AGL,CE,Federal Contract Tower,0,12,24,0,36,0,0,44,0,44,0,12,68,0,80,44,0,44,124
05/31/2017,CGF,OH,AGL,CE,Federal Contract Tower,0,4,17,0,21,0,0,36,0,36,0,4,53,0,57,12,0,12,69
06/01/2017,CGF,OH,AGL,CE,Federal Contract Tower,0,0,0,0,0,0,0,0,0,0,0,0,0,0,0,0,0,0,0
06/02/2017,CGF,OH,AGL,CE,Federal Contract Tower,0,0,0,0,0,0,0,0,0,0,0,0,0,0,0,0,0,0,0
06/03/2017,CGF,OH,AGL,CE,Federal Contract Tower,0,0,0,0,0,0,0,0,0,0,0,0,0,0,0,4,0,4,4
06/04/2017,CGF,OH,AGL,CE,Federal Contract Tower,0,0,0,0,0,0,0,0,0,0,0,0,0,0,0,0,0,0,0
06/05/2017,CGF,OH,AGL,CE,Federal Contract Tower,0,0,0,0,0,0,0,0,0,0,0,0,0,0,0,0,0,0,0
06/06/2017,CGF,OH,AGL,CE,Federal Contract Tower,0,0,0,0,0,0,0,0,0,0,0,0,0,0,0,0,0,0,0
06/07/2017,CGF,OH,AGL,CE,Federal Contract Tower,0,0,0,0,0,0,0,0,0,0,0,0,0,0,0,0,0,0,0
06/08/2017,CGF,OH,AGL,CE,Federal Contract Tower,0,0,0,0,0,0,0,0,0,0,0,0,0,0,0,0,0,0,0
06/09/2017,CGF,OH,AGL,CE,Federal Contract Tower,0,0,0,0,0,0,35,45,0,80,0,35,45,0,80,0,0,0,80
06/10/2017,CGF,OH,AGL,CE,Federal Contract Tower,0,0,0,0,0,0,0,0,0,0,0,0,0,0,0,0,0,0,0
06/11/2017,CGF,OH,AGL,CE,Federal Contract Tower,0,0,0,0,0,0,0,0,0,0,0,0,0,0,0,0,0,0,0
06/12/2017,CGF,OH,AGL,CE,Federal Contract Tower,0,0,0,0,0,0,0,2,0,2,0,0,2,0,2,0,0,0,2
06/13/2017,CGF,OH,AGL,CE,Federal Contract Tower,0,0,0,0,0,0,0,0,0,0,0,0,0,0,0,0,0,0,0
06/14/2017,CGF,OH,AGL,CE,Federal Contract Tower,0,0,0,0,0,0,0,0,4,4,0,0,0,4,4,0,0,0,4
06/15/2017,CGF,OH,AGL,CE,Federal Contract Tower,0,0,0,0,0,0,0,0,0,0,0,0,0,0,0,0,0,0,0
06/16/2017,CGF,OH,AGL,CE,Federal Contract Tower,0,0,0,0,0,0,0,0,0,0,0,0,0,0,0,0,0,0,0
06/17/2017,CGF,OH,AGL,CE,Federal Contract Tower,0,0,0,0,0,0,0,0,0,0,0,0,0,0,0,0,0,0,0
06/18/2017,CGF,OH,AGL,CE,Federal Contract Tower,0,0,0,0,0,0,0,0,0,0,0,0,0,0,0,0,0,0,0
06/19/2017,CGF,OH,AGL,CE,Federal Contract Tower,0,0,0,0,0,0,0,0,0,0,0,0,0,0,0,0,0,0,0
06/20/2017,CGF,OH,AGL,CE,Federal Contract Tower,0,0,0,0,0,0,0,2,0,2,0,0,2,0,2,8,0,8,10
06/21/2017,CGF,OH,AGL,CE,Federal Contract Tower,0,0,0,0,0,0,0,0,0,0,0,0,0,0,0,0,0,0,0
06/22/2017,CGF,OH,AGL,CE,Federal Contract Tower,0,0,0,0,0,0,0,0,0,0,0,0,0,0,0,0,0,0,0
06/23/2017,CGF,OH,AGL,CE,Federal Contract Tower,0,0,0,0,0,0,0,0,0,0,0,0,0,0,0,0,0,0,0
06/24/2017,CGF,OH,AGL,CE,Federal Contract Tower,0,0,0,0,0,0,0,0,0,0,0,0,0,0,0,0,0,0,0
06/25/2017,CGF,OH,AGL,CE,Federal Contract Tower,0,0,0,0,0,0,0,0,0,0,0,0,0,0,0,0,0,0,0
06/26/2017,CGF,OH,AGL,CE,Federal Contract Tower,0,0,0,0,0,0,0,0,0,0,0,0,0,0,0,0,0,0,0
06/27/2017,CGF,OH,AGL,CE,Federal Contract Tower,0,0,0,0,0,0,0,0,0,0,0,0,0,0,0,0,0,0,0
06/28/2017,CGF,OH,AGL,CE,Federal Contract Tower,0,0,0,0,0,0,2,3,0,5,0,2,3,0,5,0,0,0,5
06/29/2017,CGF,OH,AGL,CE,Federal Contract Tower,0,0,0,0,0,0,0,0,0,0,0,0,0,0,0,0,0,0,0
06/30/2017,CGF,OH,AGL,CE,Federal Contract Tower,0,0,1,0,1,0,0,0,0,0,0,0,1,0,1,0,0,0,1
07/01/2017,CGF,OH,AGL,CE,Federal Contract Tower,0,3,2,0,5,0,0,0,0,0,0,3,2,0,5,0,0,0,5
07/02/2017,CGF,OH,AGL,CE,Federal Contract Tower,0,2,2,0,4,0,0,13,0,13,0,2,15,0,17,4,0,4,21
07/03/2017,CGF,OH,AGL,CE,Federal Contract Tower,0,2,6,0,8,0,0,9,0,9,0,2,15,0,17,34,0,34,51
07/04/2017,CGF,OH,AGL,CE,Federal Contract Tower,0,3,0,0,3,0,0,12,0,12,0,3,12,0,15,26,0,26,41
07/05/2017,CGF,OH,AGL,CE,Federal Contract Tower,0,1,3,0,4,0,0,10,0,10,0,1,13,0,14,10,0,10,24
07/06/2017,CGF,OH,AGL,CE,Federal Contract Tower,0,5,9,0,14,0,2,3,0,5,0,7,12,0,19,0,0,0,19
07/07/2017,CGF,OH,AGL,CE,Federal Contract Tower,0,0,0,0,0,0,0,0,0,0,0,0,0,0,0,0,0,0,0
07/08/2017,CGF,OH,AGL,CE,Federal Contract Tower,0,0,0,0,0,0,0,0,0,0,0,0,0,0,0,0,0,0,0
07/09/2017,CGF,OH,AGL,CE,Federal Contract Tower,0,0,0,0,0,0,0,0,0,0,0,0,0,0,0,0,0,0,0
07/10/2017,CGF,OH,AGL,CE,Federal Contract Tower,0,0,0,0,0,0,0,0,0,0,0,0,0,0,0,0,0,0,0
07/11/2017,CGF,OH,AGL,CE,Federal Contract Tower,0,0,0,0,0,0,0,0,0,0,0,0,0,0,0,0,0,0,0
07/12/2017,CGF,OH,AGL,CE,Federal Contract Tower,0,0,0,0,0,0,0,0,0,0,0,0,0,0,0,0,0,0,0
07/13/2017,CGF,OH,AGL,CE,Federal Contract Tower,0,0,0,0,0,0,0,0,0,0,0,0,0,0,0,0,0,0,0
07/14/2017,CGF,OH,AGL,CE,Federal Contract Tower,0,0,0,0,0,0,0,0,0,0,0,0,0,0,0,0,0,0,0
07/15/2017,CGF,OH,AGL,CE,Federal Contract Tower,0,3,2,0,5,0,0,21,0,21,0,3,23,0,26,2,0,2,28
07/16/2017,CGF,OH,AGL,CE,Federal Contract Tower,0,5,10,0,15,0,0,19,0,19,0,5,29,0,34,0,0,0,34
07/17/2017,CGF,OH,AGL,CE,Federal Contract Tower,0,0,0,0,0,0,0,0,0,0,0,0,0,0,0,0,0,0,0
07/18/2017,CGF,OH,AGL,CE,Federal Contract Tower,0,0,0,0,0,0,0,0,0,0,0,0,0,0,0,0,0,0,0
07/19/2017,CGF,OH,AGL,CE,Federal Contract Tower,0,0,0,0,0,0,0,1,0,1,0,0,1,0,1,0,0,0,1
07/20/2017,CGF,OH,AGL,CE,Federal Contract Tower,0,0,0,0,0,0,0,0,0,0,0,0,0,0,0,0,0,0,0
07/21/2017,CGF,OH,AGL,CE,Federal Contract Tower,0,0,1,0,1,0,0,0,0,0,0,0,1,0,1,0,0,0,1
07/22/2017,CGF,OH,AGL,CE,Federal Contract Tower,0,1,6,0,7,0,0,3,0,3,0,1,9,0,10,0,0,0,10
07/23/2017,CGF,OH,AGL,CE,Federal Contract Tower,0,9,3,0,12,0,0,3,0,3,0,9,6,0,15,2,0,2,17
07/24/2017,CGF,OH,AGL,CE,Federal Contract Tower,0,2,6,0,8,0,0,2,0,2,0,2,8,0,10,0,0,0,10
07/25/2017,CGF,OH,AGL,CE,Federal Contract Tower,0,0,0,0,0,0,0,0,0,0,0,0,0,0,0,0,0,0,0
07/26/2017,CGF,OH,AGL,CE,Federal Contract Tower,0,0,0,0,0,0,0,0,0,0,0,0,0,0,0,0,0,0,0
07/27/2017,CGF,OH,AGL,CE,Federal Contract Tower,0,4,7,0,11,0,0,5,0,5,0,4,12,0,16,0,0,0,16
07/28/2017,CGF,OH,AGL,CE,Federal Contract Tower,0,0,0,0,0,0,0,2,0,2,0,0,2,0,2,0,0,0,2
07/29/2017,CGF,OH,AGL,CE,Federal Contract Tower,0,1,1,0,2,0,0,3,0,3,0,1,4,0,5,0,0,0,5
07/30/2017,CGF,OH,AGL,CE,Federal Contract Tower,0,2,3,0,5,0,0,27,0,27,0,2,30,0,32,14,0,14,46
07/31/2017,CGF,OH,AGL,CE,Federal Contract Tower,0,0,0,0,0,0,0,0,0,0,0,0,0,0,0,0,0,0,0
08/01/2017,CGF,OH,AGL,CE,Federal Contract Tower,0,0,0,0,0,0,4,2,0,6,0,4,2,0,6,0,0,0,6
08/02/2017,CGF,OH,AGL,CE,Federal Contract Tower,0,0,0,0,0,0,0,2,0,2,0,0,2,0,2,0,0,0,2
08/03/2017,CGF,OH,AGL,CE,Federal Contract Tower,0,13,18,0,31,0,0,21,0,21,0,13,39,0,52,8,0,8,60
08/04/2017,CGF,OH,AGL,CE,Federal Contract Tower,0,8,11,0,19,0,0,5,0,5,0,8,16,0,24,0,0,0,24
08/05/2017,CGF,OH,AGL,CE,Federal Contract Tower,0,7,9,0,16,0,0,15,0,15,0,7,24,0,31,0,0,0,31
08/06/2017,CGF,OH,AGL,CE,Federal Contract Tower,0,8,19,0,27,0,0,22,0,22,0,8,41,0,49,14,0,14,63
08/07/2017,CGF,OH,AGL,CE,Federal Contract Tower,0,11,18,0,29,0,0,7,0,7,0,11,25,0,36,8,0,8,44
08/08/2017,CGF,OH,AGL,CE,Federal Contract Tower,0,11,19,0,30,0,0,44,0,44,0,11,63,0,74,28,0,28,102
08/09/2017,CGF,OH,AGL,CE,Federal Contract Tower,0,13,16,0,29,0,8,35,0,43,0,21,51,0,72,40,0,40,112
08/10/2017,CGF,OH,AGL,CE,Federal Contract Tower,0,8,23,0,31,0,0,16,0,16,0,8,39,0,47,0,0,0,47
08/11/2017,CGF,OH,AGL,CE,Federal Contract Tower,0,10,15,0,25,0,0,13,0,13,0,10,28,0,38,16,0,16,54
08/12/2017,CGF,OH,AGL,CE,Federal Contract Tower,0,7,16,0,23,0,0,17,0,17,0,7,33,0,40,28,0,28,68
08/13/2017,CGF,OH,AGL,CE,Federal Contract Tower,0,13,17,0,30,0,0,45,0,45,0,13,62,0,75,36,0,36,111
08/14/2017,CGF,OH,AGL,CE,Federal Contract Tower,0,9,14,0,23,0,0,27,0,27,0,9,41,0,50,16,0,16,66
08/15/2017,CGF,OH,AGL,CE,Federal Contract Tower,0,8,26,0,34,0,0,11,0,11,0,8,37,0,45,22,0,22,67
08/16/2017,CGF,OH,AGL,CE,Federal Contract Tower,0,21,16,0,37,0,0,28,0,28,0,21,44,0,65,32,0,32,97
08/17/2017,CGF,OH,AGL,CE,Federal Contract Tower,0,17,16,0,33,0,0,10,0,10,0,17,26,0,43,18,0,18,61
08/18/2017,CGF,OH,AGL,CE,Federal Contract Tower,0,21,21,0,42,0,0,28,0,28,0,21,49,0,70,10,0,10,80
08/19/2017,CGF,OH,AGL,CE,Federal Contract Tower,0,0,0,0,0,0,0,0,0,0,0,0,0,0,0,0,0,0,0
08/20/2017,CGF,OH,AGL,CE,Federal Contract Tower,0,0,1,0,1,0,2,15,0,17,0,2,16,0,18,16,0,16,34
08/21/2017,CGF,OH,AGL,CE,Federal Contract Tower,0,7,22,0,29,0,0,20,0,20,0,7,42,0,49,2,0,2,51
08/22/2017,CGF,OH,AGL,CE,Federal Contract Tower,0,18,12,0,30,0,0,7,0,7,0,18,19,0,37,6,0,6,43
08/23/2017,CGF,OH,AGL,CE,Federal Contract Tower,0,14,20,0,34,0,0,19,0,19,0,14,39,0,53,28,0,28,81
08/24/2017,CGF,OH,AGL,CE,Federal Contract Tower,0,25,12,0,37,0,0,5,0,5,0,25,17,0,42,0,0,0,42
08/25/2017,CGF,OH,AGL,CE,Federal Contract Tower,0,12,16,0,28,0,1,19,0,20,0,13,35,0,48,26,0,26,74
08/26/2017,CGF,OH,AGL,CE,Federal Contract Tower,0,12,8,0,20,0,2,47,0,49,0,14,55,0,69,52,0,52,121
08/27/2017,CGF,OH,AGL,CE,Federal Contract Tower,0,10,12,0,22,0,0,27,0,27,0,10,39,0,49,40,0,40,89
08/28/2017,CGF,OH,AGL,CE,Federal Contract Tower,0,12,21,0,33,0,0,13,0,13,0,12,34,0,46,0,0,0,46
08/29/2017,CGF,OH,AGL,CE,Federal Contract Tower,0,4,19,2,25,0,0,16,0,16,0,4,35,2,41,30,0,30,71
08/30/2017,CGF,OH,AGL,CE,Federal Contract Tower,0,19,23,0,42,0,4,33,0,37,0,23,56,0,79,22,0,22,101
08/31/2017,CGF,OH,AGL,CE,Federal Contract Tower,0,12,17,0,29,0,0,39,0,39,0,12,56,0,68,18,0,18,86
09/01/2017,CGF,OH,AGL,CE,Federal Contract Tower,0,13,12,0,25,0,2,34,0,36,0,15,46,0,61,12,0,12,73
09/02/2017,CGF,OH,AGL,CE,Federal Contract Tower,0,12,16,0,28,0,0,15,0,15,0,12,31,0,43,16,0,16,59
09/03/2017,CGF,OH,AGL,CE,Federal Contract Tower,0,4,15,0,19,0,0,26,0,26,0,4,41,0,45,10,0,10,55
09/04/2017,CGF,OH,AGL,CE,Federal Contract Tower,0,10,19,0,29,0,0,34,0,34,0,10,53,0,63,4,0,4,67
09/05/2017,CGF,OH,AGL,CE,Federal Contract Tower,0,14,30,0,44,0,0,22,0,22,0,14,52,0,66,10,0,10,76
09/06/2017,CGF,OH,AGL,CE,Federal Contract Tower,0,24,28,0,52,0,0,15,0,15,0,24,43,0,67,40,0,40,107
09/07/2017,CGF,OH,AGL,CE,Federal Contract Tower,0,6,32,0,38,0,2,0,0,2,0,8,32,0,40,0,0,0,40
09/08/2017,CGF,OH,AGL,CE,Federal Contract Tower,0,22,20,0,42,0,0,36,0,36,0,22,56,0,78,22,0,22,100
09/09/2017,CGF,OH,AGL,CE,Federal Contract Tower,0,5,15,0,20,0,0,38,0,38,0,5,53,0,58,50,0,50,108
09/10/2017,CGF,OH,AGL,CE,Federal Contract Tower,0,3,22,0,25,0,2,44,12,58,0,5,66,12,83,14,0,14,97
09/11/2017,CGF,OH,AGL,CE,Federal Contract Tower,0,14,17,0,31,0,0,21,0,21,0,14,38,0,52,6,0,6,58
09/12/2017,CGF,OH,AGL,CE,Federal Contract Tower,0,12,24,0,36,0,0,20,0,20,0,12,44,0,56,18,0,18,74
09/13/2017,CGF,OH,AGL,CE,Federal Contract Tower,0,11,27,3,41,0,0,10,0,10,0,11,37,3,51,16,0,16,67
09/14/2017,CGF,OH,AGL,CE,Federal Contract Tower,0,18,25,0,43,0,0,12,0,12,0,18,37,0,55,12,0,12,67
09/15/2017,CGF,OH,AGL,CE,Federal Contract Tower,0,10,22,0,32,0,0,32,0,32,0,10,54,0,64,22,0,22,86
09/16/2017,CGF,OH,AGL,CE,Federal Contract Tower,0,10,10,0,20,0,4,41,0,45,0,14,51,0,65,8,0,8,73
09/17/2017,CGF,OH,AGL,CE,Federal Contract Tower,0,11,22,0,33,0,0,52,0,52,0,11,74,0,85,10,0,10,95
09/18/2017,CGF,OH,AGL,CE,Federal Contract Tower,0,12,22,0,34,0,0,34,0,34,0,12,56,0,68,16,0,16,84
09/19/2017,CGF,OH,AGL,CE,Federal Contract Tower,0,16,18,0,34,0,0,31,0,31,0,16,49,0,65,22,0,22,87
09/20/2017,CGF,OH,AGL,CE,Federal Contract Tower,0,12,17,0,29,0,4,25,0,29,0,16,42,0,58,24,0,24,82
09/21/2017,CGF,OH,AGL,CE,Federal Contract Tower,0,17,16,0,33,0,0,23,0,23,0,17,39,0,56,4,0,4,60
09/22/2017,CGF,OH,AGL,CE,Federal Contract Tower,0,14,26,0,40,0,2,38,0,40,0,16,64,0,80,30,0,30,110
09/23/2017,CGF,OH,AGL,CE,Federal Contract Tower,0,4,9,0,13,0,2,37,0,39,0,6,46,0,52,16,0,16,68
09/24/2017,CGF,OH,AGL,CE,Federal Contract Tower,0,16,8,0,24,0,6,39,0,45,0,22,47,0,69,36,20,56,125
09/25/2017,CGF,OH,AGL,CE,Federal Contract Tower,0,24,18,0,42,0,0,22,0,22,0,24,40,0,64,22,0,22,86
09/26/2017,CGF,OH,AGL,CE,Federal Contract Tower,0,27,13,0,40,0,0,27,0,27,0,27,40,0,67,18,0,18,85
09/27/2017,CGF,OH,AGL,CE,Federal Contract Tower,0,30,23,0,53,0,0,26,0,26,0,30,49,0,79,24,0,24,103
09/28/2017,CGF,OH,AGL,CE,Federal Contract Tower,0,24,21,0,45,0,62,21,0,83,0,86,42,0,128,14,0,14,142
09/29/2017,CGF,OH,AGL,CE,Federal Contract Tower,0,12,13,0,25,0,0,8,0,8,0,12,21,0,33,4,0,4,37
09/30/2017,CGF,OH,AGL,CE,Federal Contract Tower,0,15,20,0,35,0,0,22,0,22,0,15,42,0,57,36,0,36,93
10/01/2017,CGF,OH,AGL,CE,Federal Contract Tower,0,12,23,0,35,0,2,53,0,55,0,14,76,0,90,30,0,30,120
10/02/2017,CGF,OH,AGL,CE,Federal Contract Tower,0,20,17,0,37,0,0,30,0,30,0,20,47,0,67,16,0,16,83
10/03/2017,CGF,OH,AGL,CE,Federal Contract Tower,0,7,15,0,22,0,0,31,0,31,0,7,46,0,53,8,0,8,61
10/04/2017,CGF,OH,AGL,CE,Federal Contract Tower,0,15,28,0,43,0,0,11,0,11,0,15,39,0,54,0,0,0,54
10/05/2017,CGF,OH,AGL,CE,Federal Contract Tower,0,10,28,0,38,0,0,17,0,17,0,10,45,0,55,0,0,0,55
10/06/2017,CGF,OH,AGL,CE,Federal Contract Tower,0,20,23,0,43,0,0,1,0,1,0,20,24,0,44,0,0,0,44
10/07/2017,CGF,OH,AGL,CE,Federal Contract Tower,0,10,13,0,23,0,0,28,0,28,0,10,41,0,51,8,0,8,59
10/08/2017,CGF,OH,AGL,CE,Federal Contract Tower,0,13,33,0,46,0,0,30,0,30,0,13,63,0,76,56,0,56,132
10/09/2017,CGF,OH,AGL,CE,Federal Contract Tower,0,12,10,0,22,0,0,1,0,1,0,12,11,0,23,0,0,0,23
10/10/2017,CGF,OH,AGL,CE,Federal Contract Tower,0,15,5,0,20,0,0,11,0,11,0,15,16,0,31,28,0,28,59
10/11/2017,CGF,OH,AGL,CE,Federal Contract Tower,0,17,15,0,32,0,0,3,0,3,0,17,18,0,35,0,0,0,35
10/12/2017,CGF,OH,AGL,CE,Federal Contract Tower,0,18,19,0,37,0,4,1,0,5,0,22,20,0,42,0,0,0,42
10/13/2017,CGF,OH,AGL,CE,Federal Contract Tower,0,18,25,1,44,0,2,31,1,34,0,20,56,2,78,58,0,58,136
10/14/2017,CGF,OH,AGL,CE,Federal Contract Tower,0,3,14,0,17,0,0,47,2,49,0,3,61,2,66,6,0,6,72
10/15/2017,CGF,OH,AGL,CE,Federal Contract Tower,0,13,18,0,31,0,0,0,0,0,0,13,18,0,31,0,0,0,31
10/16/2017,CGF,OH,AGL,CE,Federal Contract Tower,0,12,23,0,35,0,0,20,0,20,0,12,43,0,55,28,0,28,83
10/17/2017,CGF,OH,AGL,CE,Federal Contract Tower,0,10,30,0,40,0,0,25,0,25,0,10,55,0,65,12,0,12,77
10/18/2017,CGF,OH,AGL,CE,Federal Contract Tower,0,26,11,0,37,0,2,33,0,35,0,28,44,0,72,34,0,34,106
10/19/2017,CGF,OH,AGL,CE,Federal Contract Tower,0,16,23,0,39,0,0,33,0,33,0,16,56,0,72,16,0,16,88
10/20/2017,CGF,OH,AGL,CE,Federal Contract Tower,0,16,17,0,33,0,0,24,0,24,0,16,41,0,57,26,0,26,83
10/21/2017,CGF,OH,AGL,CE,Federal Contract Tower,0,11,10,0,21,0,1,47,0,48,0,12,57,0,69,14,0,14,83
10/22/2017,CGF,OH,AGL,CE,Federal Contract Tower,0,10,20,0,30,0,0,46,0,46,0,10,66,0,76,50,0,50,126
10/23/2017,CGF,OH,AGL,CE,Federal Contract Tower,0,13,17,0,30,0,0,10,0,10,0,13,27,0,40,2,0,2,42
10/24/2017,CGF,OH,AGL,CE,Federal Contract Tower,0,13,12,0,25,0,0,5,0,5,0,13,17,0,30,12,0,12,42
10/25/2017,CGF,OH,AGL,CE,Federal Contract Tower,0,20,18,0,38,0,0,11,0,11,0,20,29,0,49,14,0,14,63
10/26/2017,CGF,OH,AGL,CE,Federal Contract Tower,0,14,26,0,40,0,0,23,0,23,0,14,49,0,63,34,0,34,97
10/27/2017,CGF,OH,AGL,CE,Federal Contract Tower,0,9,22,0,31,0,0,23,0,23,0,9,45,0,54,0,0,0,54
10/28/2017,CGF,OH,AGL,CE,Federal Contract Tower,0,15,5,0,20,0,0,4,0,4,0,15,9,0,24,0,0,0,24
10/29/2017,CGF,OH,AGL,CE,Federal Contract Tower,0,6,18,0,24,0,6,1,0,7,0,12,19,0,31,0,0,0,31
10/30/2017,CGF,OH,AGL,CE,Federal Contract Tower,0,11,24,0,35,0,0,2,0,2,0,11,26,0,37,0,0,0,37
10/31/2017,CGF,OH,AGL,CE,Federal Contract Tower,0,16,16,0,32,0,0,23,0,23,0,16,39,0,55,14,0,14,69
11/01/2017,CGF,OH,AGL,CE,Federal Contract Tower,0,9,21,0,30,0,2,9,0,11,0,11,30,0,41,46,0,46,87
11/02/2017,CGF,OH,AGL,CE,Federal Contract Tower,0,8,26,0,34,0,0,7,0,7,0,8,33,0,41,16,0,16,57
11/03/2017,CGF,OH,AGL,CE,Federal Contract Tower,0,8,31,0,39,0,0,5,0,5,0,8,36,0,44,8,0,8,52
11/04/2017,CGF,OH,AGL,CE,Federal Contract Tower,0,25,14,0,39,0,2,24,0,26,0,27,38,0,65,0,0,0,65
11/05/2017,CGF,OH,AGL,CE,Federal Contract Tower,0,7,9,0,16,0,0,0,0,0,0,7,9,0,16,0,0,0,16
11/06/2017,CGF,OH,AGL,CE,Federal Contract Tower,0,22,32,0,54,0,0,0,0,0,0,22,32,0,54,0,0,0,54
11/07/2017,CGF,OH,AGL,CE,Federal Contract Tower,0,15,23,0,38,0,0,8,0,8,0,15,31,0,46,36,0,36,82
11/08/2017,CGF,OH,AGL,CE,Federal Contract Tower,0,16,19,2,37,0,0,44,0,44,0,16,63,2,81,20,0,20,101
11/09/2017,CGF,OH,AGL,CE,Federal Contract Tower,0,18,16,0,34,0,0,20,0,20,0,18,36,0,54,0,0,0,54
11/10/2017,CGF,OH,AGL,CE,Federal Contract Tower,0,16,20,0,36,0,2,5,0,7,0,18,25,0,43,0,0,0,43
11/11/2017,CGF,OH,AGL,CE,Federal Contract Tower,0,4,8,0,12,0,0,45,0,45,0,4,53,0,57,12,0,12,69
11/12/2017,CGF,OH,AGL,CE,Federal Contract Tower,0,12,15,0,27,0,0,22,0,22,0,12,37,0,49,26,0,26,75
11/13/2017,CGF,OH,AGL,CE,Federal Contract Tower,0,16,19,0,35,0,0,7,0,7,0,16,26,0,42,44,0,44,86
11/14/2017,CGF,OH,AGL,CE,Federal Contract Tower,0,14,25,0,39,0,0,28,0,28,0,14,53,0,67,58,0,58,125
11/15/2017,CGF,OH,AGL,CE,Federal Contract Tower,0,21,28,0,49,0,3,15,0,18,0,24,43,0,67,12,0,12,79
11/16/2017,CGF,OH,AGL,CE,Federal Contract Tower,0,22,29,0,51,0,0,12,0,12,0,22,41,0,63,32,0,32,95
11/17/2017,CGF,OH,AGL,CE,Federal Contract Tower,0,14,26,0,40,0,0,33,0,33,0,14,59,0,73,26,0,26,99
11/18/2017,CGF,OH,AGL,CE,Federal Contract Tower,0,4,7,0,11,0,0,0,0,0,0,4,7,0,11,0,0,0,11
11/19/2017,CGF,OH,AGL,CE,Federal Contract Tower,0,11,9,0,20,0,0,0,0,0,0,11,9,0,20,0,0,0,20
11/20/2017,CGF,OH,AGL,CE,Federal Contract Tower,0,30,42,0,72,0,13,50,0,63,0,43,92,0,135,28,0,28,163
11/21/2017,CGF,OH,AGL,CE,Federal Contract Tower,0,37,33,0,70,0,11,19,0,30,0,48,52,0,100,4,0,4,104
11/22/2017,CGF,OH,AGL,CE,Federal Contract Tower,0,14,18,0,32,0,0,5,0,5,0,14,23,0,37,0,0,0,37
11/23/2017,CGF,OH,AGL,CE,Federal Contract Tower,0,9,3,0,12,0,0,9,0,9,0,9,12,0,21,0,0,0,21
11/24/2017,CGF,OH,AGL,CE,Federal Contract Tower,0,4,9,0,13,0,0,34,0,34,0,4,43,0,47,8,0,8,55
11/25/2017,CGF,OH,AGL,CE,Federal Contract Tower,0,19,13,0,32,0,0,12,0,12,0,19,25,0,44,4,0,4,48
11/26/2017,CGF,OH,AGL,CE,Federal Contract Tower,0,13,22,0,35,0,0,44,0,44,0,13,66,0,79,12,0,12,91
11/27/2017,CGF,OH,AGL,CE,Federal Contract Tower,0,19,17,0,36,0,0,34,0,34,0,19,51,0,70,36,0,36,106
11/28/2017,CGF,OH,AGL,CE,Federal Contract Tower,0,25,10,0,35,0,0,18,0,18,0,25,28,0,53,0,0,0,53
11/29/2017,CGF,OH,AGL,CE,Federal Contract Tower,0,22,21,0,43,0,0,30,0,30,0,22,51,0,73,8,0,8,81
11/30/2017,CGF,OH,AGL,CE,Federal Contract Tower,0,11,13,0,24,0,0,4,0,4,0,11,17,0,28,0,0,0,28
12/01/2017,CGF,OH,AGL,CE,Federal Contract Tower,0,6,23,0,29,0,4,37,0,41,0,10,60,0,70,0,0,0,70
12/02/2017,CGF,OH,AGL,CE,Federal Contract Tower,0,6,10,0,16,0,0,33,0,33,0,6,43,0,49,8,0,8,57
12/03/2017,CGF,OH,AGL,CE,Federal Contract Tower,0,5,10,0,15,0,0,53,0,53,0,5,63,0,68,8,0,8,76
12/04/2017,CGF,OH,AGL,CE,Federal Contract Tower,0,13,25,0,38,0,6,14,0,20,0,19,39,0,58,0,0,0,58
12/05/2017,CGF,OH,AGL,CE,Federal Contract Tower,0,12,15,0,27,0,4,1,0,5,0,16,16,0,32,0,0,0,32
12/06/2017,CGF,OH,AGL,CE,Federal Contract Tower,0,25,22,0,47,0,2,3,0,5,0,27,25,0,52,0,0,0,52
12/07/2017,CGF,OH,AGL,CE,Federal Contract Tower,0,22,20,0,42,0,0,6,0,6,0,22,26,0,48,0,0,0,48
12/08/2017,CGF,OH,AGL,CE,Federal Contract Tower,0,16,18,0,34,0,0,29,0,29,0,16,47,0,63,12,0,12,75
12/09/2017,CGF,OH,AGL,CE,Federal Contract Tower,0,8,6,0,14,0,0,11,0,11,0,8,17,0,25,0,0,0,25
12/10/2017,CGF,OH,AGL,CE,Federal Contract Tower,0,9,11,0,20,0,0,0,0,0,0,9,11,0,20,0,0,0,20
12/11/2017,CGF,OH,AGL,CE,Federal Contract Tower,0,14,20,0,34,0,0,1,0,1,0,14,21,0,35,0,0,0,35
12/12/2017,CGF,OH,AGL,CE,Federal Contract Tower,0,7,7,0,14,0,0,0,0,0,0,7,7,0,14,0,0,0,14
12/13/2017,CGF,OH,AGL,CE,Federal Contract Tower,0,12,14,0,26,0,0,0,0,0,0,12,14,0,26,0,0,0,26
12/14/2017,CGF,OH,AGL,CE,Federal Contract Tower,0,19,26,0,45,0,2,2,0,4,0,21,28,0,49,6,0,6,55
12/15/2017,CGF,OH,AGL,CE,Federal Contract Tower,0,16,30,0,46,0,0,1,0,1,0,16,31,0,47,0,0,0,47
12/16/2017,CGF,OH,AGL,CE,Federal Contract Tower,0,7,15,0,22,0,0,4,0,4,0,7,19,0,26,0,0,0,26
12/17/2017,CGF,OH,AGL,CE,Federal Contract Tower,0,7,16,0,23,0,0,10,0,10,0,7,26,0,33,0,0,0,33
12/18/2017,CGF,OH,AGL,CE,Federal Contract Tower,0,19,23,0,42,0,0,0,0,0,0,19,23,0,42,4,0,4,46
12/19/2017,CGF,OH,AGL,CE,Federal Contract Tower,0,18,10,0,28,0,0,9,0,9,0,18,19,0,37,18,0,18,55
12/20/2017,CGF,OH,AGL,CE,Federal Contract Tower,0,9,9,0,18,0,0,28,0,28,0,9,37,0,46,0,0,0,46
12/21/2017,CGF,OH,AGL,CE,Federal Contract Tower,0,11,32,0,43,0,0,17,0,17,0,11,49,0,60,10,0,10,70
12/22/2017,CGF,OH,AGL,CE,Federal Contract Tower,0,7,10,0,17,0,0,0,0,0,0,7,10,0,17,0,0,0,17
12/23/2017,CGF,OH,AGL,CE,Federal Contract Tower,0,6,5,0,11,0,0,0,0,0,0,6,5,0,11,0,0,0,11
12/24/2017,CGF,OH,AGL,CE,Federal Contract Tower,0,3,1,0,4,0,0,1,0,1,0,3,2,0,5,0,0,0,5
12/25/2017,CGF,OH,AGL,CE,Federal Contract Tower,0,11,1,0,12,0,4,2,0,6,0,15,3,0,18,0,0,0,18
12/26/2017,CGF,OH,AGL,CE,Federal Contract Tower,0,10,16,0,26,0,0,3,0,3,0,10,19,0,29,2,0,2,31
12/27/2017,CGF,OH,AGL,CE,Federal Contract Tower,0,7,16,0,23,0,0,0,0,0,0,7,16,0,23,0,0,0,23
12/28/2017,CGF,OH,AGL,CE,Federal Contract Tower,0,9,14,0,23,0,3,6,0,9,0,12,20,0,32,18,0,18,50
12/29/2017,CGF,OH,AGL,CE,Federal Contract Tower,0,10,6,0,16,0,0,1,0,1,0,10,7,0,17,0,0,0,17
12/30/2017,CGF,OH,AGL,CE,Federal Contract Tower,0,4,3,0,7,0,0,0,0,0,0,4,3,0,7,0,0,0,7
12/31/2017,CGF,OH,AGL,CE,Federal Contract Tower,0,8,3,0,11,0,0,5,0,5,0,8,8,0,16,6,0,6,22
01/01/2018,CGF,OH,AGL,CE,Federal Contract Tower,0,10,8,0,18,0,2,4,0,6,0,12,12,0,24,0,0,0,24
01/02/2018,CGF,OH,AGL,CE,Federal Contract Tower,0,13,16,0,29,0,0,7,0,7,0,13,23,0,36,0,0,0,36
01/03/2018,CGF,OH,AGL,CE,Federal Contract Tower,0,9,11,0,20,0,0,10,0,10,0,9,21,0,30,34,0,34,64
01/04/2018,CGF,OH,AGL,CE,Federal Contract Tower,0,5,4,0,9,0,0,0,0,0,0,5,4,0,9,0,0,0,9
01/05/2018,CGF,OH,AGL,CE,Federal Contract Tower,0,5,6,0,11,0,0,0,0,0,0,5,6,0,11,0,0,0,11
01/06/2018,CGF,OH,AGL,CE,Federal Contract Tower,0,3,3,0,6,0,0,0,0,0,0,3,3,0,6,0,0,0,6
01/07/2018,CGF,OH,AGL,CE,Federal Contract Tower,0,14,7,0,21,0,0,10,0,10,0,14,17,0,31,0,0,0,31
01/08/2018,CGF,OH,AGL,CE,Federal Contract Tower,0,4,7,0,11,0,0,0,0,0,0,4,7,0,11,0,0,0,11
01/09/2018,CGF,OH,AGL,CE,Federal Contract Tower,0,9,14,0,23,0,0,0,0,0,0,9,14,0,23,0,0,0,23
01/10/2018,CGF,OH,AGL,CE,Federal Contract Tower,0,9,8,0,17,0,0,6,0,6,0,9,14,0,23,0,0,0,23
01/11/2018,CGF,OH,AGL,CE,Federal Contract Tower,0,14,12,0,26,0,0,4,0,4,0,14,16,0,30,0,0,0,30
01/12/2018,CGF,OH,AGL,CE,Federal Contract Tower,0,7,2,0,9,0,0,0,0,0,0,7,2,0,9,0,0,0,9
01/13/2018,CGF,OH,AGL,CE,Federal Contract Tower,0,2,3,0,5,0,0,1,0,1,0,2,4,0,6,0,0,0,6
01/14/2018,CGF,OH,AGL,CE,Federal Contract Tower,0,7,19,0,26,0,0,17,0,17,0,7,36,0,43,48,0,48,91
01/15/2018,CGF,OH,AGL,CE,Federal Contract Tower,0,18,9,0,27,0,0,4,0,4,0,18,13,0,31,2,0,2,33
01/16/2018,CGF,OH,AGL,CE,Federal Contract Tower,0,6,15,0,21,0,0,2,0,2,0,6,17,0,23,0,0,0,23
01/17/2018,CGF,OH,AGL,CE,Federal Contract Tower,0,20,15,0,35,0,0,13,0,13,0,20,28,0,48,0,0,0,48
01/18/2018,CGF,OH,AGL,CE,Federal Contract Tower,0,10,8,0,18,0,0,15,0,15,0,10,23,0,33,0,0,0,33
01/19/2018,CGF,OH,AGL,CE,Federal Contract Tower,0,14,19,0,33,0,2,22,0,24,0,16,41,0,57,22,0,22,79
01/20/2018,CGF,OH,AGL,CE,Federal Contract Tower,0,7,18,0,25,0,0,25,0,25,0,7,43,0,50,22,0,22,72
01/21/2018,CGF,OH,AGL,CE,Federal Contract Tower,0,5,13,0,18,0,0,0,0,0,0,5,13,0,18,0,0,0,18
01/22/2018,CGF,OH,AGL,CE,Federal Contract Tower,0,8,10,0,18,0,0,13,0,13,0,8,23,0,31,16,0,16,47
01/23/2018,CGF,OH,AGL,CE,Federal Contract Tower,0,6,14,0,20,0,0,2,0,2,0,6,16,0,22,0,0,0,22
01/24/2018,CGF,OH,AGL,CE,Federal Contract Tower,0,8,13,0,21,0,0,0,0,0,0,8,13,0,21,0,0,0,21
01/25/2018,CGF,OH,AGL,CE,Federal Contract Tower,0,10,33,0,43,0,0,10,0,10,0,10,43,0,53,0,0,0,53
01/26/2018,CGF,OH,AGL,CE,Federal Contract Tower,0,12,22,0,34,0,2,34,0,36,0,14,56,0,70,6,0,6,76
01/27/2018,CGF,OH,AGL,CE,Federal Contract Tower,0,8,4,0,12,0,2,1,0,3,0,10,5,0,15,0,0,0,15
01/28/2018,CGF,OH,AGL,CE,Federal Contract Tower,0,4,19,0,23,0,0,49,0,49,0,4,68,0,72,24,0,24,96
01/29/2018,CGF,OH,AGL,CE,Federal Contract Tower,0,2,17,0,19,0,0,0,0,0,0,2,17,0,19,0,0,0,19
01/30/2018,CGF,OH,AGL,CE,Federal Contract Tower,0,9,5,0,14,0,0,2,0,2,0,9,7,0,16,8,0,8,24
01/31/2018,CGF,OH,AGL,CE,Federal Contract Tower,0,8,16,0,24,0,10,0,0,10,0,18,16,0,34,0,0,0,34
02/01/2018,CGF,OH,AGL,CE,Federal Contract Tower,0,15,17,0,32,0,2,10,0,12,0,17,27,0,44,0,0,0,44
02/02/2018,CGF,OH,AGL,CE,Federal Contract Tower,0,16,7,0,23,0,0,2,0,2,0,16,9,0,25,0,0,0,25
02/03/2018,CGF,OH,AGL,CE,Federal Contract Tower,0,4,4,0,8,0,0,11,0,11,0,4,15,0,19,0,0,0,19
02/04/2018,CGF,OH,AGL,CE,Federal Contract Tower,0,5,5,0,10,0,1,0,0,1,0,6,5,0,11,0,0,0,11
02/05/2018,CGF,OH,AGL,CE,Federal Contract Tower,0,11,15,0,26,0,0,9,0,9,0,11,24,0,35,6,0,6,41
02/06/2018,CGF,OH,AGL,CE,Federal Contract Tower,0,7,8,0,15,0,0,9,0,9,0,7,17,0,24,4,0,4,28
02/07/2018,CGF,OH,AGL,CE,Federal Contract Tower,0,2,10,0,12,0,2,0,0,2,0,4,10,0,14,0,0,0,14
02/08/2018,CGF,OH,AGL,CE,Federal Contract Tower,0,14,14,0,28,0,12,11,0,23,0,26,25,0,51,28,0,28,79
02/09/2018,CGF,OH,AGL,CE,Federal Contract Tower,0,13,10,0,23,0,8,3,0,11,0,21,13,0,34,2,0,2,36
02/10/2018,CGF,OH,AGL,CE,Federal Contract Tower,0,1,4,0,5,0,0,0,0,0,0,1,4,0,5,0,0,0,5
02/11/2018,CGF,OH,AGL,CE,Federal Contract Tower,0,4,7,0,11,0,0,0,0,0,0,4,7,0,11,0,0,0,11
02/12/2018,CGF,OH,AGL,CE,Federal Contract Tower,0,13,22,0,35,0,0,28,0,28,0,13,50,0,63,34,0,34,97
02/13/2018,CGF,OH,AGL,CE,Federal Contract Tower,0,8,18,0,26,0,0,28,0,28,0,8,46,0,54,8,0,8,62
02/14/2018,CGF,OH,AGL,CE,Federal Contract Tower,0,7,16,0,23,0,0,16,0,16,0,7,32,0,39,4,0,4,43
02/15/2018,CGF,OH,AGL,CE,Federal Contract Tower,0,7,27,0,34,0,0,2,0,2,0,7,29,0,36,0,0,0,36
02/16/2018,CGF,OH,AGL,CE,Federal Contract Tower,0,12,15,0,27,0,12,0,0,12,0,24,15,0,39,4,0,4,43
02/17/2018,CGF,OH,AGL,CE,Federal Contract Tower,0,8,5,0,13,0,0,23,0,23,0,8,28,0,36,0,0,0,36
02/18/2018,CGF,OH,AGL,CE,Federal Contract Tower,0,7,29,0,36,0,0,32,0,32,0,7,61,0,68,46,0,46,114
02/19/2018,CGF,OH,AGL,CE,Federal Contract Tower,0,15,12,0,27,0,1,0,0,1,0,16,12,0,28,0,0,0,28
02/20/2018,CGF,OH,AGL,CE,Federal Contract Tower,0,15,16,0,31,0,0,2,0,2,0,15,18,0,33,0,0,0,33
02/21/2018,CGF,OH,AGL,CE,Federal Contract Tower,0,15,13,0,28,0,2,0,0,2,0,17,13,0,30,0,0,0,30
02/22/2018,CGF,OH,AGL,CE,Federal Contract Tower,0,9,12,0,21,0,0,3,0,3,0,9,15,0,24,0,0,0,24
02/23/2018,CGF,OH,AGL,CE,Federal Contract Tower,0,11,21,0,32,0,0,0,0,0,0,11,21,0,32,0,0,0,32
02/24/2018,CGF,OH,AGL,CE,Federal Contract Tower,0,13,10,0,23,0,2,3,0,5,0,15,13,0,28,0,0,0,28
02/25/2018,CGF,OH,AGL,CE,Federal Contract Tower,0,6,7,0,13,0,0,10,0,10,0,6,17,0,23,50,0,50,73
02/26/2018,CGF,OH,AGL,CE,Federal Contract Tower,0,14,21,0,35,0,0,41,0,41,0,14,62,0,76,22,0,22,98
02/27/2018,CGF,OH,AGL,CE,Federal Contract Tower,0,12,22,0,34,0,7,48,0,55,0,19,70,0,89,78,0,78,167
02/28/2018,CGF,OH,AGL,CE,Federal Contract Tower,0,15,13,0,28,0,0,8,0,8,0,15,21,0,36,0,0,0,36
03/01/2018,CGF,OH,AGL,CE,Federal Contract Tower,0,4,12,0,16,0,0,0,0,0,0,4,12,0,16,0,0,0,16
03/02/2018,CGF,OH,AGL,CE,Federal Contract Tower,0,3,16,0,19,0,0,4,0,4,0,3,20,0,23,0,0,0,23
03/03/2018,CGF,OH,AGL,CE,Federal Contract Tower,0,19,2,0,21,0,6,21,0,27,0,25,23,0,48,22,0,22,70
03/04/2018,CGF,OH,AGL,CE,Federal Contract Tower,0,20,8,0,28,0,0,57,0,57,0,20,65,0,85,40,0,40,125
03/05/2018,CGF,OH,AGL,CE,Federal Contract Tower,0,12,15,0,27,0,0,31,0,31,0,12,46,0,58,32,0,32,90
03/06/2018,CGF,OH,AGL,CE,Federal Contract Tower,0,13,18,0,31,0,0,15,0,15,0,13,33,0,46,20,0,20,66
03/07/2018,CGF,OH,AGL,CE,Federal Contract Tower,0,4,12,0,16,0,0,2,0,2,0,4,14,0,18,0,0,0,18
03/08/2018,CGF,OH,AGL,CE,Federal Contract Tower,0,4,11,0,15,0,0,0,0,0,0,4,11,0,15,0,0,0,15
03/09/2018,CGF,OH,AGL,CE,Federal Contract Tower,0,11,14,0,25,0,0,1,0,1,0,11,15,0,26,0,0,0,26
03/10/2018,CGF,OH,AGL,CE,Federal Contract Tower,0,7,13,0,20,0,2,31,0,33,0,9,44,0,53,72,0,72,125
03/11/2018,CGF,OH,AGL,CE,Federal Contract Tower,0,7,26,0,33,0,3,30,0,33,0,10,56,0,66,46,0,46,112
03/12/2018,CGF,OH,AGL,CE,Federal Contract Tower,0,15,13,0,28,0,0,8,0,8,0,15,21,0,36,18,0,18,54
03/13/2018,CGF,OH,AGL,CE,Federal Contract Tower,0,12,15,0,27,0,2,2,0,4,0,14,17,0,31,0,0,0,31
03/14/2018,CGF,OH,AGL,CE,Federal Contract Tower,0,12,15,0,27,0,0,5,0,5,0,12,20,0,32,14,0,14,46
03/15/2018,CGF,OH,AGL,CE,Federal Contract Tower,0,14,23,0,37,0,0,9,0,9,0,14,32,0,46,22,0,22,68
03/16/2018,CGF,OH,AGL,CE,Federal Contract Tower,0,19,14,0,33,0,0,16,0,16,0,19,30,0,49,0,0,0,49
03/17/2018,CGF,OH,AGL,CE,Federal Contract Tower,0,5,8,0,13,0,14,17,0,31,0,19,25,0,44,60,0,60,104
03/18/2018,CGF,OH,AGL,CE,Federal Contract Tower,0,13,19,0,32,0,0,50,0,50,0,13,69,0,82,32,0,32,114
03/19/2018,CGF,OH,AGL,CE,Federal Contract Tower,0,17,24,0,41,0,4,28,0,32,0,21,52,0,73,18,0,18,91
03/20/2018,CGF,OH,AGL,CE,Federal Contract Tower,0,11,22,0,33,0,0,18,0,18,0,11,40,0,51,14,0,14,65
03/21/2018,CGF,OH,AGL,CE,Federal Contract Tower,0,12,13,0,25,0,0,5,0,5,0,12,18,0,30,6,0,6,36
03/22/2018,CGF,OH,AGL,CE,Federal Contract Tower,0,11,24,0,35,0,6,15,0,21,0,17,39,0,56,0,0,0,56
03/23/2018,CGF,OH,AGL,CE,Federal Contract Tower,0,21,18,0,39,0,0,20,0,20,0,21,38,0,59,18,0,18,77
03/24/2018,CGF,OH,AGL,CE,Federal Contract Tower,0,10,16,0,26,0,0,16,0,16,0,10,32,0,42,12,0,12,54
03/25/2018,CGF,OH,AGL,CE,Federal Contract Tower,0,4,10,0,14,0,1,17,0,18,0,5,27,0,32,2,0,2,34
03/26/2018,CGF,OH,AGL,CE,Federal Contract Tower,0,15,13,0,28,0,4,11,0,15,0,19,24,0,43,10,0,10,53
03/27/2018,CGF,OH,AGL,CE,Federal Contract Tower,0,14,14,0,28,0,0,1,0,1,0,14,15,0,29,0,0,0,29
03/28/2018,CGF,OH,AGL,CE,Federal Contract Tower,0,10,8,0,18,0,0,0,0,0,0,10,8,0,18,0,0,0,18
03/29/2018,CGF,OH,AGL,CE,Federal Contract Tower,0,6,6,0,12,0,0,0,0,0,0,6,6,0,12,0,0,0,12
03/30/2018,CGF,OH,AGL,CE,Federal Contract Tower,0,9,16,0,25,0,0,10,0,10,0,9,26,0,35,18,0,18,53
03/31/2018,CGF,OH,AGL,CE,Federal Contract Tower,0,7,9,0,16,0,0,10,0,10,0,7,19,0,26,14,0,14,40
04/01/2018,CGF,OH,AGL,CE,Federal Contract Tower,0,5,8,0,13,0,0,14,0,14,0,5,22,0,27,18,0,18,45
04/02/2018,CGF,OH,AGL,CE,Federal Contract Tower,0,18,26,0,44,0,2,30,0,32,0,20,56,0,76,36,0,36,112
04/03/2018,CGF,OH,AGL,CE,Federal Contract Tower,0,11,16,0,27,0,0,0,0,0,0,11,16,0,27,0,0,0,27
04/04/2018,CGF,OH,AGL,CE,Federal Contract Tower,0,9,11,0,20,0,1,0,0,1,0,10,11,0,21,8,0,8,29
04/05/2018,CGF,OH,AGL,CE,Federal Contract Tower,0,12,19,0,31,0,1,12,0,13,0,13,31,0,44,16,0,16,60
04/06/2018,CGF,OH,AGL,CE,Federal Contract Tower,0,8,13,0,21,0,0,6,0,6,0,8,19,0,27,12,0,12,39
04/07/2018,CGF,OH,AGL,CE,Federal Contract Tower,0,9,10,0,19,0,2,42,0,44,0,11,52,0,63,80,0,80,143
04/08/2018,CGF,OH,AGL,CE,Federal Contract Tower,0,7,21,0,28,0,4,30,0,34,0,11,51,0,62,22,0,22,84
04/09/2018,CGF,OH,AGL,CE,Federal Contract Tower,0,13,15,0,28,0,0,7,0,7,0,13,22,0,35,6,0,6,41
04/10/2018,CGF,OH,AGL,CE,Federal Contract Tower,0,9,8,0,17,0,1,16,0,17,0,10,24,0,34,18,0,18,52
04/11/2018,CGF,OH,AGL,CE,Federal Contract Tower,0,13,5,0,18,0,0,15,0,15,0,13,20,0,33,68,0,68,101
04/12/2018,CGF,OH,AGL,CE,Federal Contract Tower,0,8,23,0,31,0,2,4,0,6,0,10,27,0,37,0,0,0,37
04/13/2018,CGF,OH,AGL,CE,Federal Contract Tower,0,8,16,0,24,0,0,19,0,19,0,8,35,0,43,14,0,14,57
04/14/2018,CGF,OH,AGL,CE,Federal Contract Tower,0,7,7,0,14,0,0,22,0,22,0,7,29,0,36,78,0,78,114
04/15/2018,CGF,OH,AGL,CE,Federal Contract Tower,0,11,15,0,26,0,0,0,0,0,0,11,15,0,26,0,0,0,26
04/16/2018,CGF,OH,AGL,CE,Federal Contract Tower,0,10,15,0,25,0,0,1,0,1,0,10,16,0,26,2,0,2,28
04/17/2018,CGF,OH,AGL,CE,Federal Contract Tower,0,15,18,0,33,0,0,0,0,0,0,15,18,0,33,0,0,0,33
04/18/2018,CGF,OH,AGL,CE,Federal Contract Tower,0,5,23,0,28,0,2,14,0,16,0,7,37,0,44,36,0,36,80
04/19/2018,CGF,OH,AGL,CE,Federal Contract Tower,0,13,20,0,33,0,0,16,0,16,0,13,36,0,49,8,0,8,57
04/20/2018,CGF,OH,AGL,CE,Federal Contract Tower,0,19,32,0,51,0,0,55,0,55,0,19,87,0,106,98,0,98,204
04/21/2018,CGF,OH,AGL,CE,Federal Contract Tower,0,0,0,0,0,0,0,0,0,0,0,0,0,0,0,0,0,0,0
04/22/2018,CGF,OH,AGL,CE,Federal Contract Tower,0,0,0,0,0,0,0,2,0,2,0,0,2,0,2,0,0,0,2
04/23/2018,CGF,OH,AGL,CE,Federal Contract Tower,0,12,6,0,18,0,0,21,0,21,0,12,27,0,39,10,0,10,49
04/24/2018,CGF,OH,AGL,CE,Federal Contract Tower,0,16,11,0,27,0,0,6,0,6,0,16,17,0,33,0,0,0,33
04/25/2018,CGF,OH,AGL,CE,Federal Contract Tower,0,5,21,0,26,0,0,0,0,0,0,5,21,0,26,0,0,0,26
04/26/2018,CGF,OH,AGL,CE,Federal Contract Tower,0,6,24,0,30,0,0,33,0,33,0,6,57,0,63,8,0,8,71
04/27/2018,CGF,OH,AGL,CE,Federal Contract Tower,0,7,17,0,24,0,2,13,0,15,0,9,30,0,39,6,0,6,45
04/28/2018,CGF,OH,AGL,CE,Federal Contract Tower,0,11,5,0,16,0,0,2,0,2,0,11,7,0,18,0,0,0,18
04/29/2018,CGF,OH,AGL,CE,Federal Contract Tower,0,6,12,0,18,0,0,33,0,33,0,6,45,0,51,0,0,0,51
04/30/2018,CGF,OH,AGL,CE,Federal Contract Tower,0,13,7,0,20,0,0,55,0,55,0,13,62,0,75,24,0,24,99
05/01/2018,CGF,OH,AGL,CE,Federal Contract Tower,0,10,8,0,18,0,0,44,0,44,0,10,52,0,62,78,0,78,140
05/02/2018,CGF,OH,AGL,CE,Federal Contract Tower,0,13,17,0,30,0,0,8,0,8,0,13,25,0,38,0,0,0,38
05/03/2018,CGF,OH,AGL,CE,Federal Contract Tower,0,9,10,0,19,0,0,2,0,2,0,9,12,0,21,8,0,8,29
05/04/2018,CGF,OH,AGL,CE,Federal Contract Tower,0,16,12,0,28,0,0,0,0,0,0,16,12,0,28,0,0,0,28
05/05/2018,CGF,OH,AGL,CE,Federal Contract Tower,0,5,15,0,20,0,0,26,0,26,0,5,41,0,46,10,0,10,56
05/06/2018,CGF,OH,AGL,CE,Federal Contract Tower,0,14,22,0,36,0,0,34,0,34,0,14,56,0,70,0,0,0,70
05/07/2018,CGF,OH,AGL,CE,Federal Contract Tower,0,18,12,0,30,0,0,39,0,39,0,18,51,0,69,36,0,36,105
05/08/2018,CGF,OH,AGL,CE,Federal Contract Tower,0,14,13,0,27,0,0,32,0,32,0,14,45,0,59,32,0,32,91
05/09/2018,CGF,OH,AGL,CE,Federal Contract Tower,0,9,14,0,23,0,0,17,0,17,0,9,31,0,40,2,0,2,42
05/11/2018,CGF,OH,AGL,CE,Federal Contract Tower,0,18,14,0,32,0,0,22,0,22,0,18,36,0,54,26,0,26,80
05/12/2018,CGF,OH,AGL,CE,Federal Contract Tower,0,5,6,0,11,0,0,3,0,3,0,5,9,0,14,0,0,0,14
05/13/2018,CGF,OH,AGL,CE,Federal Contract Tower,0,7,4,0,11,0,0,0,0,0,0,7,4,0,11,0,0,0,11
05/14/2018,CGF,OH,AGL,CE,Federal Contract Tower,0,9,14,0,23,0,0,10,0,10,0,9,24,0,33,2,0,2,35
05/15/2018,CGF,OH,AGL,CE,Federal Contract Tower,0,4,14,0,18,0,3,5,0,8,0,7,19,0,26,0,0,0,26
05/16/2018,CGF,OH,AGL,CE,Federal Contract Tower,0,18,15,0,33,0,0,57,0,57,0,18,72,0,90,54,0,54,144
05/17/2018,CGF,OH,AGL,CE,Federal Contract Tower,0,13,12,0,25,0,0,56,0,56,0,13,68,0,81,18,0,18,99
05/18/2018,CGF,OH,AGL,CE,Federal Contract Tower,0,14,8,0,22,0,0,13,0,13,0,14,21,0,35,2,0,2,37
05/19/2018,CGF,OH,AGL,CE,Federal Contract Tower,0,5,4,0,9,0,0,1,0,1,0,5,5,0,10,0,0,0,10
05/20/2018,CGF,OH,AGL,CE,Federal Contract Tower,0,6,11,0,17,0,0,5,0,5,0,6,16,0,22,0,0,0,22
05/21/2018,CGF,OH,AGL,CE,Federal Contract Tower,0,12,14,0,26,0,0,31,0,31,0,12,45,0,57,22,0,22,79
05/22/2018,CGF,OH,AGL,CE,Federal Contract Tower,0,13,20,0,33,0,1,4,0,5,0,14,24,0,38,0,0,0,38
05/23/2018,CGF,OH,AGL,CE,Federal Contract Tower,0,10,22,0,32,0,10,30,0,40,0,20,52,0,72,16,0,16,88
05/24/2018,CGF,OH,AGL,CE,Federal Contract Tower,0,17,23,0,40,0,0,58,0,58,0,17,81,0,98,42,0,42,140
05/25/2018,CGF,OH,AGL,CE,Federal Contract Tower,0,15,20,0,35,0,0,42,0,42,0,15,62,0,77,22,0,22,99
05/26/2018,CGF,OH,AGL,CE,Federal Contract Tower,0,5,6,0,11,0,5,15,0,20,0,10,21,0,31,8,0,8,39
05/27/2018,CGF,OH,AGL,CE,Federal Contract Tower,0,4,6,0,10,0,0,11,0,11,0,4,17,0,21,0,0,0,21
05/28/2018,CGF,OH,AGL,CE,Federal Contract Tower,0,12,12,0,24,0,0,16,0,16,0,12,28,0,40,30,0,30,70
05/29/2018,CGF,OH,AGL,CE,Federal Contract Tower,0,13,4,0,17,0,0,30,0,30,0,13,34,0,47,14,0,14,61
05/30/2018,CGF,OH,AGL,CE,Federal Contract Tower,0,19,9,0,28,0,0,12,0,12,0,19,21,0,40,2,0,2,42
05/31/2018,CGF,OH,AGL,CE,Federal Contract Tower,0,14,5,0,19,0,4,12,0,16,0,18,17,0,35,34,0,34,69
06/01/2018,CGF,OH,AGL,CE,Federal Contract Tower,0,11,13,0,24,0,0,10,0,10,0,11,23,0,34,24,0,24,58
06/02/2018,CGF,OH,AGL,CE,Federal Contract Tower,0,0,0,0,0,0,0,0,0,0,0,0,0,0,0,0,0,0,0
06/03/2018,CGF,OH,AGL,CE,Federal Contract Tower,0,0,2,0,2,0,0,0,0,0,0,0,2,0,2,0,0,0,2
06/04/2018,CGF,OH,AGL,CE,Federal Contract Tower,0,18,19,0,37,0,0,14,0,14,0,18,33,0,51,0,0,0,51
06/05/2018,CGF,OH,AGL,CE,Federal Contract Tower,0,8,23,0,31,0,0,18,0,18,0,8,41,0,49,20,0,20,69
06/06/2018,CGF,OH,AGL,CE,Federal Contract Tower,0,15,26,0,41,0,0,51,0,51,0,15,77,0,92,0,0,0,92
06/07/2018,CGF,OH,AGL,CE,Federal Contract Tower,0,14,18,0,32,0,0,36,0,36,0,14,54,0,68,2,0,2,70
06/08/2018,CGF,OH,AGL,CE,Federal Contract Tower,0,12,5,0,17,0,1,9,0,10,0,13,14,0,27,0,0,0,27
06/09/2018,CGF,OH,AGL,CE,Federal Contract Tower,0,7,7,0,14,0,0,8,0,8,0,7,15,0,22,6,0,6,28
06/10/2018,CGF,OH,AGL,CE,Federal Contract Tower,0,14,9,0,23,0,4,1,0,5,0,18,10,0,28,0,0,0,28
06/11/2018,CGF,OH,AGL,CE,Federal Contract Tower,0,10,10,0,20,0,3,20,0,23,0,13,30,0,43,12,0,12,55
06/12/2018,CGF,OH,AGL,CE,Federal Contract Tower,0,10,16,0,26,0,0,14,0,14,0,10,30,0,40,24,0,24,64
06/13/2018,CGF,OH,AGL,CE,Federal Contract Tower,0,8,14,0,22,0,0,4,0,4,0,8,18,0,26,2,0,2,28
06/14/2018,CGF,OH,AGL,CE,Federal Contract Tower,0,14,26,0,40,0,0,48,0,48,0,14,74,0,88,36,0,36,124
06/15/2018,CGF,OH,AGL,CE,Federal Contract Tower,0,7,22,0,29,0,2,40,0,42,0,9,62,0,71,36,4,40,111
06/16/2018,CGF,OH,AGL,CE,Federal Contract Tower,0,6,10,0,16,0,0,14,0,14,0,6,24,0,30,0,0,0,30
06/17/2018,CGF,OH,AGL,CE,Federal Contract Tower,0,8,15,0,23,0,0,22,0,22,0,8,37,0,45,10,4,14,59
06/18/2018,CGF,OH,AGL,CE,Federal Contract Tower,0,10,13,0,23,0,4,15,0,19,0,14,28,0,42,8,0,8,50
06/19/2018,CGF,OH,AGL,CE,Federal Contract Tower,0,8,21,0,29,0,0,25,0,25,0,8,46,0,54,52,0,52,106
06/20/2018,CGF,OH,AGL,CE,Federal Contract Tower,0,14,21,0,35,0,0,10,0,10,0,14,31,0,45,26,0,26,71
06/21/2018,CGF,OH,AGL,CE,Federal Contract Tower,0,12,19,0,31,0,0,44,0,44,0,12,63,0,75,24,0,24,99
06/22/2018,CGF,OH,AGL,CE,Federal Contract Tower,0,11,19,0,30,0,2,2,0,4,0,13,21,0,34,0,0,0,34
06/23/2018,CGF,OH,AGL,CE,Federal Contract Tower,0,4,8,0,12,0,0,7,0,7,0,4,15,0,19,0,0,0,19
06/24/2018,CGF,OH,AGL,CE,Federal Contract Tower,0,11,20,0,31,0,6,20,0,26,0,17,40,0,57,22,0,22,79
06/25/2018,CGF,OH,AGL,CE,Federal Contract Tower,0,15,20,0,35,0,0,32,0,32,0,15,52,0,67,26,0,26,93
06/26/2018,CGF,OH,AGL,CE,Federal Contract Tower,0,9,10,0,19,0,2,30,0,32,0,11,40,0,51,14,0,14,65
06/27/2018,CGF,OH,AGL,CE,Federal Contract Tower,0,18,14,0,32,0,0,3,0,3,0,18,17,0,35,0,0,0,35
06/28/2018,CGF,OH,AGL,CE,Federal Contract Tower,0,14,11,0,25,0,1,17,0,18,0,15,28,0,43,16,0,16,59
06/29/2018,CGF,OH,AGL,CE,Federal Contract Tower,0,10,26,0,36,0,0,20,0,20,0,10,46,0,56,0,0,0,56
06/30/2018,CGF,OH,AGL,CE,Federal Contract Tower,0,9,12,0,21,0,0,18,0,18,0,9,30,0,39,10,0,10,49
07/01/2018,CGF,OH,AGL,CE,Federal Contract Tower,0,9,20,0,29,0,2,27,0,29,0,11,47,0,58,2,0,2,60
07/02/2018,CGF,OH,AGL,CE,Federal Contract Tower,0,6,8,0,14,0,2,20,0,22,0,8,28,0,36,12,0,12,48
07/03/2018,CGF,OH,AGL,CE,Federal Contract Tower,0,10,6,0,16,0,2,14,0,16,0,12,20,0,32,10,0,10,42
07/04/2018,CGF,OH,AGL,CE,Federal Contract Tower,0,6,5,0,11,0,0,31,0,31,0,6,36,0,42,48,0,48,90
07/05/2018,CGF,OH,AGL,CE,Federal Contract Tower,0,16,16,0,32,0,0,15,0,15,0,16,31,0,47,16,0,16,63
07/06/2018,CGF,OH,AGL,CE,Federal Contract Tower,0,13,9,0,22,0,0,41,0,41,0,13,50,0,63,8,0,8,71
07/07/2018,CGF,OH,AGL,CE,Federal Contract Tower,0,0,0,0,0,0,4,0,0,4,0,4,0,0,4,0,0,0,4
07/08/2018,CGF,OH,AGL,CE,Federal Contract Tower,0,0,0,0,0,0,0,0,0,0,0,0,0,0,0,0,0,0,0
07/09/2018,CGF,OH,AGL,CE,Federal Contract Tower,0,11,8,0,19,0,3,28,0,31,0,14,36,0,50,10,6,16,66
07/10/2018,CGF,OH,AGL,CE,Federal Contract Tower,0,10,13,0,23,0,9,29,0,38,0,19,42,0,61,8,0,8,69
07/11/2018,CGF,OH,AGL,CE,Federal Contract Tower,0,6,10,0,16,0,0,29,0,29,0,6,39,0,45,22,0,22,67
07/12/2018,CGF,OH,AGL,CE,Federal Contract Tower,0,8,17,0,25,0,3,32,0,35,0,11,49,0,60,6,0,6,66
07/13/2018,CGF,OH,AGL,CE,Federal Contract Tower,0,4,18,0,22,0,0,12,0,12,0,4,30,0,34,0,0,0,34
07/14/2018,CGF,OH,AGL,CE,Federal Contract Tower,0,8,8,0,16,0,0,44,0,44,0,8,52,0,60,6,0,6,66
07/15/2018,CGF,OH,AGL,CE,Federal Contract Tower,0,8,12,0,20,0,2,44,0,46,0,10,56,0,66,42,0,42,108
07/16/2018,CGF,OH,AGL,CE,Federal Contract Tower,0,8,11,0,19,0,2,11,0,13,0,10,22,0,32,0,0,0,32
07/17/2018,CGF,OH,AGL,CE,Federal Contract Tower,0,12,18,0,30,0,0,29,0,29,0,12,47,0,59,16,0,16,75
07/18/2018,CGF,OH,AGL,CE,Federal Contract Tower,0,9,24,0,33,0,2,42,2,46,0,11,66,2,79,18,0,18,97
07/19/2018,CGF,OH,AGL,CE,Federal Contract Tower,0,2,8,0,10,0,4,46,0,50,0,6,54,0,60,46,0,46,106
07/20/2018,CGF,OH,AGL,CE,Federal Contract Tower,0,9,7,0,16,0,0,19,0,19,0,9,26,0,35,8,0,8,43
07/21/2018,CGF,OH,AGL,CE,Federal Contract Tower,0,2,5,0,7,0,0,18,0,18,0,2,23,0,25,2,0,2,27
07/22/2018,CGF,OH,AGL,CE,Federal Contract Tower,0,2,6,0,8,0,0,13,0,13,0,2,19,0,21,8,0,8,29
07/23/2018,CGF,OH,AGL,CE,Federal Contract Tower,0,13,12,0,25,0,0,18,4,22,0,13,30,4,47,26,0,26,73
07/24/2018,CGF,OH,AGL,CE,Federal Contract Tower,0,7,4,0,11,0,0,8,0,8,0,7,12,0,19,0,0,0,19
07/25/2018,CGF,OH,AGL,CE,Federal Contract Tower,0,2,17,0,19,0,0,37,2,39,0,2,54,2,58,10,4,14,72
07/26/2018,CGF,OH,AGL,CE,Federal Contract Tower,0,7,24,0,31,0,0,26,0,26,0,7,50,0,57,10,0,10,67
07/27/2018,CGF,OH,AGL,CE,Federal Contract Tower,0,11,15,0,26,0,0,26,0,26,0,11,41,0,52,16,0,16,68
07/28/2018,CGF,OH,AGL,CE,Federal Contract Tower,0,9,17,0,26,0,0,28,0,28,0,9,45,0,54,14,0,14,68
07/29/2018,CGF,OH,AGL,CE,Federal Contract Tower,0,6,14,0,20,0,2,46,0,48,0,8,60,0,68,2,0,2,70
07/30/2018,CGF,OH,AGL,CE,Federal Contract Tower,0,7,10,0,17,0,0,21,0,21,0,7,31,0,38,24,0,24,62
07/31/2018,CGF,OH,AGL,CE,Federal Contract Tower,0,1,10,0,11,0,0,23,0,23,0,1,33,0,34,54,0,54,88
08/01/2018,CGF,OH,AGL,CE,Federal Contract Tower,0,5,11,0,16,0,0,19,0,19,0,5,30,0,35,34,0,34,69
08/02/2018,CGF,OH,AGL,CE,Federal Contract Tower,0,3,11,0,14,0,0,43,0,43,0,3,54,0,57,10,0,10,67
08/03/2018,CGF,OH,AGL,CE,Federal Contract Tower,0,9,16,0,25,0,0,31,0,31,0,9,47,0,56,0,0,0,56
08/04/2018,CGF,OH,AGL,CE,Federal Contract Tower,0,4,7,0,11,0,1,41,0,42,0,5,48,0,53,4,0,4,57
08/05/2018,CGF,OH,AGL,CE,Federal Contract Tower,0,9,11,0,20,0,1,40,0,41,0,10,51,0,61,22,0,22,83
08/06/2018,CGF,OH,AGL,CE,Federal Contract Tower,0,11,17,0,28,0,10,41,0,51,0,21,58,0,79,42,0,42,121
08/07/2018,CGF,OH,AGL,CE,Federal Contract Tower,0,15,18,0,33,0,0,12,0,12,0,15,30,0,45,2,0,2,47
08/08/2018,CGF,OH,AGL,CE,Federal Contract Tower,0,5,15,0,20,0,0,13,0,13,0,5,28,0,33,30,0,30,63
08/09/2018,CGF,OH,AGL,CE,Federal Contract Tower,0,9,10,0,19,0,0,15,0,15,0,9,25,0,34,34,0,34,68
08/10/2018,CGF,OH,AGL,CE,Federal Contract Tower,0,2,27,0,29,0,0,32,0,32,0,2,59,0,61,16,0,16,77
08/11/2018,CGF,OH,AGL,CE,Federal Contract Tower,0,3,6,0,9,0,0,41,0,41,0,3,47,0,50,2,0,2,52
08/12/2018,CGF,OH,AGL,CE,Federal Contract Tower,0,5,11,0,16,0,2,29,0,31,0,7,40,0,47,10,0,10,57
08/13/2018,CGF,OH,AGL,CE,Federal Contract Tower,0,5,16,0,21,0,0,31,0,31,0,5,47,0,52,16,0,16,68
08/14/2018,CGF,OH,AGL,CE,Federal Contract Tower,0,6,14,0,20,0,7,56,0,63,0,13,70,0,83,76,0,76,159
08/15/2018,CGF,OH,AGL,CE,Federal Contract Tower,0,11,11,0,22,0,3,26,0,29,0,14,37,0,51,36,0,36,87
08/16/2018,CGF,OH,AGL,CE,Federal Contract Tower,0,5,8,0,13,0,0,12,0,12,0,5,20,0,25,0,0,0,25
08/17/2018,CGF,OH,AGL,CE,Federal Contract Tower,0,2,18,0,20,0,0,16,0,16,0,2,34,0,36,22,0,22,58
08/18/2018,CGF,OH,AGL,CE,Federal Contract Tower,0,2,11,0,13,0,0,36,0,36,0,2,47,0,49,40,0,40,89
08/19/2018,CGF,OH,AGL,CE,Federal Contract Tower,0,1,13,0,14,0,0,33,0,33,0,1,46,0,47,26,0,26,73
08/20/2018,CGF,OH,AGL,CE,Federal Contract Tower,0,4,17,0,21,0,0,32,0,32,0,4,49,0,53,2,0,2,55
08/21/2018,CGF,OH,AGL,CE,Federal Contract Tower,0,4,7,0,11,0,4,9,0,13,0,8,16,0,24,14,0,14,38
08/22/2018,CGF,OH,AGL,CE,Federal Contract Tower,0,12,15,0,27,0,0,10,0,10,0,12,25,0,37,0,0,0,37
08/23/2018,CGF,OH,AGL,CE,Federal Contract Tower,0,8,19,0,27,0,10,54,0,64,0,18,73,0,91,72,0,72,163
08/24/2018,CGF,OH,AGL,CE,Federal Contract Tower,0,15,13,0,28,0,0,42,0,42,0,15,55,0,70,0,0,0,70
08/25/2018,CGF,OH,AGL,CE,Federal Contract Tower,0,2,4,0,6,0,0,20,0,20,0,2,24,0,26,44,0,44,70
08/26/2018,CGF,OH,AGL,CE,Federal Contract Tower,0,6,17,0,23,0,2,19,0,21,0,8,36,0,44,2,0,2,46
08/27/2018,CGF,OH,AGL,CE,Federal Contract Tower,0,11,25,0,36,0,2,19,0,21,0,13,44,0,57,48,0,48,105
08/28/2018,CGF,OH,AGL,CE,Federal Contract Tower,0,4,9,0,13,0,2,60,0,62,0,6,69,0,75,116,0,116,191
08/29/2018,CGF,OH,AGL,CE,Federal Contract Tower,0,14,16,0,30,0,2,24,0,26,0,16,40,0,56,32,0,32,88
08/30/2018,CGF,OH,AGL,CE,Federal Contract Tower,0,3,29,0,32,0,3,29,0,32,0,6,58,0,64,62,0,62,126
08/31/2018,CGF,OH,AGL,CE,Federal Contract Tower,0,5,12,0,17,0,7,57,0,64,0,12,69,0,81,64,0,64,145
09/01/2018,CGF,OH,AGL,CE,Federal Contract Tower,0,7,7,0,14,0,1,50,0,51,0,8,57,0,65,84,0,84,149
09/02/2018,CGF,OH,AGL,CE,Federal Contract Tower,0,7,11,0,18,0,5,56,0,61,0,12,67,0,79,4,0,4,83
09/03/2018,CGF,OH,AGL,CE,Federal Contract Tower,0,11,16,0,27,0,5,23,0,28,0,16,39,0,55,4,0,4,59
09/04/2018,CGF,OH,AGL,CE,Federal Contract Tower,0,7,15,0,22,0,2,20,2,24,0,9,35,2,46,108,0,108,154
09/05/2018,CGF,OH,AGL,CE,Federal Contract Tower,0,4,22,0,26,0,4,22,0,26,0,8,44,0,52,68,0,68,120
09/06/2018,CGF,OH,AGL,CE,Federal Contract Tower,0,3,17,0,20,0,1,16,0,17,0,4,33,0,37,38,0,38,75
09/07/2018,CGF,OH,AGL,CE,Federal Contract Tower,0,2,20,0,22,0,0,17,0,17,0,2,37,0,39,40,0,40,79
09/08/2018,CGF,OH,AGL,CE,Federal Contract Tower,0,0,9,0,9,0,0,9,0,9,0,0,18,0,18,20,0,20,38
09/09/2018,CGF,OH,AGL,CE,Federal Contract Tower,0,0,15,0,15,0,0,0,0,0,0,0,15,0,15,0,0,0,15
09/10/2018,CGF,OH,AGL,CE,Federal Contract Tower,0,4,4,0,8,0,4,2,0,6,0,8,6,0,14,0,0,0,14
09/11/2018,CGF,OH,AGL,CE,Federal Contract Tower,0,6,7,0,13,0,0,6,0,6,0,6,13,0,19,20,0,20,39
09/12/2018,CGF,OH,AGL,CE,Federal Contract Tower,0,9,18,0,27,0,0,17,0,17,0,9,35,0,44,4,0,4,48
09/13/2018,CGF,OH,AGL,CE,Federal Contract Tower,0,2,19,0,21,0,0,14,0,14,0,2,33,0,35,36,0,36,71
09/14/2018,CGF,OH,AGL,CE,Federal Contract Tower,0,3,12,0,15,0,2,23,0,25,0,5,35,0,40,18,0,18,58
09/15/2018,CGF,OH,AGL,CE,Federal Contract Tower,0,0,0,0,0,0,0,0,0,0,0,0,0,0,0,0,0,0,0
09/16/2018,CGF,OH,AGL,CE,Federal Contract Tower,0,1,2,0,3,0,0,7,0,7,0,1,9,0,10,40,0,40,50
09/17/2018,CGF,OH,AGL,CE,Federal Contract Tower,0,11,13,0,24,0,0,17,2,19,0,11,30,2,43,26,0,26,69
09/18/2018,CGF,OH,AGL,CE,Federal Contract Tower,0,13,14,0,27,0,0,12,0,12,0,13,26,0,39,14,0,14,53
09/19/2018,CGF,OH,AGL,CE,Federal Contract Tower,0,12,23,0,35,0,0,24,0,24,0,12,47,0,59,10,0,10,69
09/20/2018,CGF,OH,AGL,CE,Federal Contract Tower,0,8,9,0,17,0,2,18,0,20,0,10,27,0,37,8,0,8,45
09/21/2018,CGF,OH,AGL,CE,Federal Contract Tower,0,15,12,0,27,0,0,18,0,18,0,15,30,0,45,2,0,2,47
09/22/2018,CGF,OH,AGL,CE,Federal Contract Tower,0,11,14,0,25,0,0,10,0,10,0,11,24,0,35,0,0,0,35
09/23/2018,CGF,OH,AGL,CE,Federal Contract Tower,0,13,18,0,31,0,0,34,0,34,0,13,52,0,65,28,0,28,93
09/24/2018,CGF,OH,AGL,CE,Federal Contract Tower,0,4,15,0,19,0,0,11,0,11,0,4,26,0,30,4,0,4,34
09/25/2018,CGF,OH,AGL,CE,Federal Contract Tower,0,6,11,0,17,0,0,1,0,1,0,6,12,0,18,0,0,0,18
09/26/2018,CGF,OH,AGL,CE,Federal Contract Tower,0,4,15,0,19,0,2,8,0,10,0,6,23,0,29,14,0,14,43
09/27/2018,CGF,OH,AGL,CE,Federal Contract Tower,0,12,17,0,29,0,1,18,0,19,0,13,35,0,48,36,0,36,84
09/28/2018,CGF,OH,AGL,CE,Federal Contract Tower,0,10,26,0,36,0,0,54,0,54,0,10,80,0,90,50,0,50,140
09/29/2018,CGF,OH,AGL,CE,Federal Contract Tower,0,6,10,0,16,0,0,21,0,21,0,6,31,0,37,42,0,42,79
09/30/2018,CGF,OH,AGL,CE,Federal Contract Tower,0,25,18,0,43,0,0,36,0,36,0,25,54,0,79,42,0,42,121
10/01/2018,CGF,OH,AGL,CE,Federal Contract Tower,0,13,8,0,21,0,0,21,0,21,0,13,29,0,42,30,0,30,72
10/02/2018,CGF,OH,AGL,CE,Federal Contract Tower,0,14,9,0,23,0,0,7,0,7,0,14,16,0,30,0,0,0,30
10/03/2018,CGF,OH,AGL,CE,Federal Contract Tower,0,20,16,0,36,0,2,19,0,21,0,22,35,0,57,6,0,6,63
10/04/2018,CGF,OH,AGL,CE,Federal Contract Tower,0,14,22,0,36,0,0,0,0,0,0,14,22,0,36,0,0,0,36
10/05/2018,CGF,OH,AGL,CE,Federal Contract Tower,0,10,24,0,34,0,14,16,0,30,0,24,40,0,64,26,0,26,90
10/06/2018,CGF,OH,AGL,CE,Federal Contract Tower,0,4,3,0,7,0,4,4,0,8,0,8,7,0,15,0,0,0,15
10/07/2018,CGF,OH,AGL,CE,Federal Contract Tower,0,5,5,0,10,0,0,0,0,0,0,5,5,0,10,0,0,0,10
10/08/2018,CGF,OH,AGL,CE,Federal Contract Tower,0,22,25,0,47,0,0,21,0,21,0,22,46,0,68,12,0,12,80
10/09/2018,CGF,OH,AGL,CE,Federal Contract Tower,0,15,11,0,26,0,0,39,0,39,0,15,50,0,65,20,0,20,85
10/10/2018,CGF,OH,AGL,CE,Federal Contract Tower,0,15,25,0,40,0,0,23,0,23,0,15,48,0,63,18,0,18,81
10/11/2018,CGF,OH,AGL,CE,Federal Contract Tower,0,16,37,0,53,0,10,8,0,18,0,26,45,0,71,0,0,0,71
10/12/2018,CGF,OH,AGL,CE,Federal Contract Tower,0,22,34,0,56,0,0,6,0,6,0,22,40,0,62,12,0,12,74
10/13/2018,CGF,OH,AGL,CE,Federal Contract Tower,0,17,8,0,25,0,0,7,0,7,0,17,15,0,32,0,0,0,32
10/14/2018,CGF,OH,AGL,CE,Federal Contract Tower,0,17,28,0,45,0,0,48,0,48,0,17,76,0,93,42,0,42,135
10/15/2018,CGF,OH,AGL,CE,Federal Contract Tower,0,10,15,0,25,0,0,0,0,0,0,10,15,0,25,0,0,0,25
10/16/2018,CGF,OH,AGL,CE,Federal Contract Tower,0,8,27,0,35,0,0,31,0,31,0,8,58,0,66,36,0,36,102
10/17/2018,CGF,OH,AGL,CE,Federal Contract Tower,0,7,27,0,34,0,8,15,0,23,0,15,42,0,57,22,0,22,79
10/18/2018,CGF,OH,AGL,CE,Federal Contract Tower,0,23,23,0,46,0,14,38,0,52,0,37,61,0,98,106,0,106,204
10/19/2018,CGF,OH,AGL,CE,Federal Contract Tower,0,12,24,0,36,0,4,30,0,34,0,16,54,0,70,16,0,16,86
10/20/2018,CGF,OH,AGL,CE,Federal Contract Tower,0,2,12,0,14,0,0,7,0,7,0,2,19,0,21,20,0,20,41
10/21/2018,CGF,OH,AGL,CE,Federal Contract Tower,0,10,26,0,36,0,0,15,0,15,0,10,41,0,51,14,0,14,65
10/22/2018,CGF,OH,AGL,CE,Federal Contract Tower,0,20,17,0,37,0,6,25,0,31,0,26,42,0,68,32,0,32,100
10/23/2018,CGF,OH,AGL,CE,Federal Contract Tower,0,9,23,0,32,0,12,14,0,26,0,21,37,0,58,26,0,26,84
10/24/2018,CGF,OH,AGL,CE,Federal Contract Tower,0,14,19,0,33,0,2,14,0,16,0,16,33,0,49,16,0,16,65
10/25/2018,CGF,OH,AGL,CE,Federal Contract Tower,0,15,26,0,41,0,2,27,0,29,0,17,53,0,70,22,0,22,92
10/26/2018,CGF,OH,AGL,CE,Federal Contract Tower,0,7,16,0,23,0,0,12,0,12,0,7,28,0,35,0,0,0,35
10/27/2018,CGF,OH,AGL,CE,Federal Contract Tower,0,10,1,0,11,0,0,0,0,0,0,10,1,0,11,0,0,0,11
10/28/2018,CGF,OH,AGL,CE,Federal Contract Tower,0,9,8,0,17,0,4,5,0,9,0,13,13,0,26,10,0,10,36
10/29/2018,CGF,OH,AGL,CE,Federal Contract Tower,0,13,22,0,35,0,2,5,0,7,0,15,27,0,42,8,0,8,50
10/30/2018,CGF,OH,AGL,CE,Federal Contract Tower,0,12,12,0,24,0,40,40,2,82,0,52,52,2,106,22,0,22,128
10/31/2018,CGF,OH,AGL,CE,Federal Contract Tower,0,13,18,0,31,0,0,0,0,0,0,13,18,0,31,0,0,0,31
11/01/2018,CGF,OH,AGL,CE,Federal Contract Tower,0,7,16,0,23,0,0,1,0,1,0,7,17,0,24,0,0,0,24
11/02/2018,CGF,OH,AGL,CE,Federal Contract Tower,0,9,12,0,21,0,0,4,0,4,0,9,16,0,25,10,0,10,35
11/03/2018,CGF,OH,AGL,CE,Federal Contract Tower,0,8,7,0,15,0,0,10,0,10,0,8,17,0,25,0,0,0,25
11/04/2018,CGF,OH,AGL,CE,Federal Contract Tower,0,14,14,0,28,0,0,31,0,31,0,14,45,0,59,40,0,40,99
11/05/2018,CGF,OH,AGL,CE,Federal Contract Tower,0,16,18,0,34,0,6,12,0,18,0,22,30,0,52,0,0,0,52
11/06/2018,CGF,OH,AGL,CE,Federal Contract Tower,0,12,12,0,24,0,0,3,0,3,0,12,15,0,27,0,0,0,27
11/07/2018,CGF,OH,AGL,CE,Federal Contract Tower,0,16,17,0,33,0,0,22,0,22,0,16,39,0,55,28,0,28,83
11/08/2018,CGF,OH,AGL,CE,Federal Contract Tower,0,15,16,0,31,0,0,21,0,21,0,15,37,0,52,56,0,56,108
11/09/2018,CGF,OH,AGL,CE,Federal Contract Tower,0,6,23,0,29,0,0,0,0,0,0,6,23,0,29,0,0,0,29
11/10/2018,CGF,OH,AGL,CE,Federal Contract Tower,0,9,8,0,17,0,0,3,0,3,0,9,11,0,20,0,0,0,20
11/11/2018,CGF,OH,AGL,CE,Federal Contract Tower,0,16,19,0,35,0,0,65,0,65,0,16,84,0,100,54,0,54,154
11/12/2018,CGF,OH,AGL,CE,Federal Contract Tower,0,9,23,0,32,0,0,24,0,24,0,9,47,0,56,42,0,42,98
11/13/2018,CGF,OH,AGL,CE,Federal Contract Tower,0,8,12,0,20,0,0,0,0,0,0,8,12,0,20,12,0,12,32
11/14/2018,CGF,OH,AGL,CE,Federal Contract Tower,0,19,15,0,34,0,2,31,0,33,0,21,46,0,67,36,0,36,103
11/15/2018,CGF,OH,AGL,CE,Federal Contract Tower,0,6,9,0,15,0,0,0,0,0,0,6,9,0,15,0,0,0,15
11/16/2018,CGF,OH,AGL,CE,Federal Contract Tower,0,17,14,0,31,0,0,0,0,0,0,17,14,0,31,0,0,0,31
11/17/2018,CGF,OH,AGL,CE,Federal Contract Tower,0,6,5,0,11,0,2,8,0,10,0,8,13,0,21,0,0,0,21
11/18/2018,CGF,OH,AGL,CE,Federal Contract Tower,0,11,9,0,20,0,0,6,0,6,0,11,15,0,26,40,0,40,66
11/19/2018,CGF,OH,AGL,CE,Federal Contract Tower,0,12,16,2,30,0,6,15,0,21,0,18,31,2,51,40,0,40,91
11/20/2018,CGF,OH,AGL,CE,Federal Contract Tower,0,8,24,0,32,0,0,3,0,3,0,8,27,0,35,10,0,10,45
11/21/2018,CGF,OH,AGL,CE,Federal Contract Tower,0,13,7,0,20,0,4,5,0,9,0,17,12,0,29,2,0,2,31
11/22/2018,CGF,OH,AGL,CE,Federal Contract Tower,0,15,3,0,18,0,3,14,0,17,0,18,17,0,35,12,0,12,47
11/23/2018,CGF,OH,AGL,CE,Federal Contract Tower,0,9,15,0,24,0,2,44,0,46,0,11,59,0,70,26,0,26,96
11/24/2018,CGF,OH,AGL,CE,Federal Contract Tower,0,24,10,0,34,0,2,0,0,2,0,26,10,0,36,0,0,0,36
11/25/2018,CGF,OH,AGL,CE,Federal Contract Tower,0,12,22,0,34,0,0,27,0,27,0,12,49,0,61,34,0,34,95
11/26/2018,CGF,OH,AGL,CE,Federal Contract Tower,0,12,16,0,28,0,0,0,0,0,0,12,16,0,28,0,0,0,28
11/27/2018,CGF,OH,AGL,CE,Federal Contract Tower,0,9,14,0,23,0,0,1,0,1,0,9,15,0,24,0,0,0,24
11/28/2018,CGF,OH,AGL,CE,Federal Contract Tower,0,16,21,0,37,0,0,0,0,0,0,16,21,0,37,0,0,0,37
11/29/2018,CGF,OH,AGL,CE,Federal Contract Tower,0,10,18,0,28,0,0,16,0,16,0,10,34,0,44,40,0,40,84
11/30/2018,CGF,OH,AGL,CE,Federal Contract Tower,0,9,9,0,18,0,0,0,0,0,0,9,9,0,18,0,0,0,18
12/01/2018,CGF,OH,AGL,CE,Federal Contract Tower,0,11,6,0,17,0,5,0,0,5,0,16,6,0,22,0,0,0,22
12/02/2018,CGF,OH,AGL,CE,Federal Contract Tower,0,8,18,0,26,0,0,46,0,46,0,8,64,0,72,36,0,36,108
12/03/2018,CGF,OH,AGL,CE,Federal Contract Tower,0,13,21,0,34,0,0,0,0,0,0,13,21,0,34,0,0,0,34
12/04/2018,CGF,OH,AGL,CE,Federal Contract Tower,0,7,19,0,26,0,0,3,0,3,0,7,22,0,29,0,0,0,29
12/05/2018,CGF,OH,AGL,CE,Federal Contract Tower,0,9,20,0,29,0,0,3,0,3,0,9,23,0,32,2,0,2,34
12/06/2018,CGF,OH,AGL,CE,Federal Contract Tower,0,10,22,0,32,0,0,1,0,1,0,10,23,0,33,0,0,0,33
12/07/2018,CGF,OH,AGL,CE,Federal Contract Tower,0,12,6,0,18,0,0,7,0,7,0,12,13,0,25,4,0,4,29
12/08/2018,CGF,OH,AGL,CE,Federal Contract Tower,0,11,8,0,19,0,0,16,0,16,0,11,24,0,35,10,0,10,45
12/09/2018,CGF,OH,AGL,CE,Federal Contract Tower,0,6,5,0,11,0,0,46,0,46,0,6,51,0,57,16,0,16,73
12/10/2018,CGF,OH,AGL,CE,Federal Contract Tower,0,12,18,0,30,0,2,14,0,16,0,14,32,0,46,20,0,20,66
12/11/2018,CGF,OH,AGL,CE,Federal Contract Tower,0,9,26,0,35,0,0,8,0,8,0,9,34,0,43,22,0,22,65
12/12/2018,CGF,OH,AGL,CE,Federal Contract Tower,0,7,20,0,27,0,0,11,0,11,0,7,31,0,38,20,0,20,58
12/13/2018,CGF,OH,AGL,CE,Federal Contract Tower,0,7,30,0,37,0,4,35,0,39,0,11,65,0,76,104,0,104,180
12/14/2018,CGF,OH,AGL,CE,Federal Contract Tower,0,10,16,0,26,0,2,24,0,26,0,12,40,0,52,6,0,6,58
12/15/2018,CGF,OH,AGL,CE,Federal Contract Tower,0,6,5,0,11,0,0,5,0,5,0,6,10,0,16,2,0,2,18
12/16/2018,CGF,OH,AGL,CE,Federal Contract Tower,0,7,9,0,16,0,0,29,0,29,0,7,38,0,45,32,0,32,77
12/17/2018,CGF,OH,AGL,CE,Federal Contract Tower,0,7,16,0,23,0,0,4,0,4,0,7,20,0,27,0,0,0,27
12/18/2018,CGF,OH,AGL,CE,Federal Contract Tower,0,16,17,0,33,0,0,22,0,22,0,16,39,0,55,8,0,8,63
12/19/2018,CGF,OH,AGL,CE,Federal Contract Tower,0,10,21,0,31,0,13,33,0,46,0,23,54,0,77,68,0,68,145
12/20/2018,CGF,OH,AGL,CE,Federal Contract Tower,0,10,20,0,30,0,0,18,0,18,0,10,38,0,48,6,0,6,54
12/21/2018,CGF,OH,AGL,CE,Federal Contract Tower,0,13,9,0,22,0,0,0,0,0,0,13,9,0,22,0,0,0,22
12/22/2018,CGF,OH,AGL,CE,Federal Contract Tower,0,15,12,0,27,0,0,4,0,4,0,15,16,0,31,10,0,10,41
12/23/2018,CGF,OH,AGL,CE,Federal Contract Tower,0,9,4,0,13,0,2,10,0,12,0,11,14,0,25,24,0,24,49
12/24/2018,CGF,OH,AGL,CE,Federal Contract Tower,0,16,2,0,18,0,1,9,0,10,0,17,11,0,28,4,0,4,32
12/25/2018,CGF,OH,AGL,CE,Federal Contract Tower,0,8,0,0,8,0,0,4,0,4,0,8,4,0,12,0,0,0,12
12/26/2018,CGF,OH,AGL,CE,Federal Contract Tower,0,17,6,0,23,0,0,39,0,39,0,17,45,0,62,58,0,58,120
12/27/2018,CGF,OH,AGL,CE,Federal Contract Tower,0,15,16,0,31,0,2,17,0,19,0,17,33,0,50,14,0,14,64
12/28/2018,CGF,OH,AGL,CE,Federal Contract Tower,0,11,10,0,21,0,0,2,0,2,0,11,12,0,23,0,0,0,23
12/29/2018,CGF,OH,AGL,CE,Federal Contract Tower,0,9,5,0,14,0,2,0,0,2,0,11,5,0,16,10,0,10,26
12/31/2018,CGF,OH,AGL,CE,Federal Contract Tower,0,7,0,0,7,0,0,7,0,7,0,7,7,0,14,8,0,8,22
01/01/2019,CGF,OH,AGL,CE,Federal Contract Tower,0,11,6,0,17,0,0,0,0,0,0,11,6,0,17,0,0,0,17
01/02/2019,CGF,OH,AGL,CE,Federal Contract Tower,0,8,14,0,22,0,0,2,0,2,0,8,16,0,24,10,0,10,34
01/03/2019,CGF,OH,AGL,CE,Federal Contract Tower,0,9,19,0,28,0,0,13,0,13,0,9,32,0,41,16,0,16,57
01/04/2019,CGF,OH,AGL,CE,Federal Contract Tower,0,6,15,0,21,0,2,46,0,48,0,8,61,0,69,68,0,68,137
01/05/2019,CGF,OH,AGL,CE,Federal Contract Tower,0,3,16,0,19,0,0,22,0,22,0,3,38,0,41,36,0,36,77
01/06/2019,CGF,OH,AGL,CE,Federal Contract Tower,0,17,14,0,31,0,0,28,0,28,0,17,42,0,59,22,0,22,81
01/07/2019,CGF,OH,AGL,CE,Federal Contract Tower,0,16,6,0,22,0,2,3,0,5,0,18,9,0,27,10,0,10,37
01/08/2019,CGF,OH,AGL,CE,Federal Contract Tower,0,6,8,0,14,0,0,3,0,3,0,6,11,0,17,16,0,16,33
01/09/2019,CGF,OH,AGL,CE,Federal Contract Tower,0,5,10,0,15,0,0,0,0,0,0,5,10,0,15,0,0,0,15
01/10/2019,CGF,OH,AGL,CE,Federal Contract Tower,0,8,18,0,26,0,0,4,0,4,0,8,22,0,30,16,0,16,46
01/11/2019,CGF,OH,AGL,CE,Federal Contract Tower,0,10,9,0,19,0,4,11,0,15,0,14,20,0,34,20,0,20,54
01/12/2019,CGF,OH,AGL,CE,Federal Contract Tower,0,5,3,0,8,0,0,5,0,5,0,5,8,0,13,0,0,0,13
01/13/2019,CGF,OH,AGL,CE,Federal Contract Tower,0,14,14,0,28,0,0,21,0,21,0,14,35,0,49,8,0,8,57
01/14/2019,CGF,OH,AGL,CE,Federal Contract Tower,0,14,10,0,24,0,2,6,0,8,0,16,16,0,32,6,0,6,38
01/15/2019,CGF,OH,AGL,CE,Federal Contract Tower,0,14,16,0,30,0,0,0,0,0,0,14,16,0,30,0,0,0,30
01/16/2019,CGF,OH,AGL,CE,Federal Contract Tower,0,6,14,0,20,0,0,0,0,0,0,6,14,0,20,0,0,0,20
01/17/2019,CGF,OH,AGL,CE,Federal Contract Tower,0,12,17,0,29,0,0,4,0,4,0,12,21,0,33,0,0,0,33
01/18/2019,CGF,OH,AGL,CE,Federal Contract Tower,0,13,10,0,23,0,0,0,0,0,0,13,10,0,23,0,0,0,23
01/19/2019,CGF,OH,AGL,CE,Federal Contract Tower,0,0,2,0,2,0,0,0,0,0,0,0,2,0,2,0,0,0,2
01/20/2019,CGF,OH,AGL,CE,Federal Contract Tower,0,0,4,0,4,0,0,0,0,0,0,0,4,0,4,0,0,0,4
01/21/2019,CGF,OH,AGL,CE,Federal Contract Tower,0,6,12,0,18,0,0,1,0,1,0,6,13,0,19,0,0,0,19
01/22/2019,CGF,OH,AGL,CE,Federal Contract Tower,0,5,8,0,13,0,0,6,0,6,0,5,14,0,19,14,0,14,33
01/23/2019,CGF,OH,AGL,CE,Federal Contract Tower,0,8,7,0,15,0,0,0,0,0,0,8,7,0,15,0,0,0,15
01/24/2019,CGF,OH,AGL,CE,Federal Contract Tower,0,5,23,0,28,0,0,6,0,6,0,5,29,0,34,12,0,12,46
01/25/2019,CGF,OH,AGL,CE,Federal Contract Tower,0,9,19,0,28,0,0,4,0,4,0,9,23,0,32,6,0,6,38
01/26/2019,CGF,OH,AGL,CE,Federal Contract Tower,0,13,3,0,16,0,0,2,0,2,0,13,5,0,18,6,0,6,24
01/27/2019,CGF,OH,AGL,CE,Federal Contract Tower,0,10,5,0,15,0,0,5,0,5,0,10,10,0,20,4,0,4,24
01/28/2019,CGF,OH,AGL,CE,Federal Contract Tower,0,5,9,0,14,0,0,0,0,0,0,5,9,0,14,0,0,0,14
01/29/2019,CGF,OH,AGL,CE,Federal Contract Tower,0,3,5,0,8,0,0,1,0,1,0,3,6,0,9,0,0,0,9
01/30/2019,CGF,OH,AGL,CE,Federal Contract Tower,0,3,11,0,14,0,0,1,1,2,0,3,12,1,16,0,0,0,16
01/31/2019,CGF,OH,AGL,CE,Federal Contract Tower,0,8,9,0,17,0,0,11,0,11,0,8,20,0,28,20,0,20,48
02/01/2019,CGF,OH,AGL,CE,Federal Contract Tower,0,9,5,0,14,0,0,8,0,8,0,9,13,0,22,28,0,28,50
02/02/2019,CGF,OH,AGL,CE,Federal Contract Tower,0,4,8,0,12,0,0,24,0,24,0,4,32,0,36,32,0,32,68
02/03/2019,CGF,OH,AGL,CE,Federal Contract Tower,0,5,11,0,16,0,2,30,0,32,0,7,41,0,48,14,0,14,62
02/04/2019,CGF,OH,AGL,CE,Federal Contract Tower,0,11,14,0,25,0,0,14,0,14,0,11,28,0,39,22,0,22,61
02/05/2019,CGF,OH,AGL,CE,Federal Contract Tower,0,16,17,0,33,0,0,1,0,1,0,16,18,0,34,8,0,8,42
02/06/2019,CGF,OH,AGL,CE,Federal Contract Tower,0,3,8,0,11,0,0,2,0,2,0,3,10,0,13,4,0,4,17
02/07/2019,CGF,OH,AGL,CE,Federal Contract Tower,0,13,18,0,31,0,5,1,0,6,0,18,19,0,37,6,0,6,43
02/08/2019,CGF,OH,AGL,CE,Federal Contract Tower,0,14,11,0,25,0,2,5,0,7,0,16,16,0,32,0,0,0,32
02/09/2019,CGF,OH,AGL,CE,Federal Contract Tower,0,3,8,0,11,0,2,13,0,15,0,5,21,0,26,0,0,0,26
02/10/2019,CGF,OH,AGL,CE,Federal Contract Tower,0,12,6,0,18,0,0,5,0,5,0,12,11,0,23,22,0,22,45
02/11/2019,CGF,OH,AGL,CE,Federal Contract Tower,0,7,19,0,26,0,0,0,0,0,0,7,19,0,26,0,0,0,26
02/12/2019,CGF,OH,AGL,CE,Federal Contract Tower,0,7,23,0,30,0,0,0,0,0,0,7,23,0,30,0,0,0,30
02/13/2019,CGF,OH,AGL,CE,Federal Contract Tower,0,9,20,0,29,0,2,2,0,4,0,11,22,0,33,12,0,12,45
02/14/2019,CGF,OH,AGL,CE,Federal Contract Tower,0,11,18,0,29,0,0,25,0,25,0,11,43,0,54,2,0,2,56
02/15/2019,CGF,OH,AGL,CE,Federal Contract Tower,0,8,19,0,27,0,0,3,0,3,0,8,22,0,30,4,0,4,34
02/16/2019,CGF,OH,AGL,CE,Federal Contract Tower,0,7,4,0,11,0,0,4,0,4,0,7,8,0,15,0,0,0,15
02/17/2019,CGF,OH,AGL,CE,Federal Contract Tower,0,7,9,0,16,0,0,12,0,12,0,7,21,0,28,28,0,28,56
02/18/2019,CGF,OH,AGL,CE,Federal Contract Tower,0,4,18,0,22,0,0,0,0,0,0,4,18,0,22,0,4,4,26
02/19/2019,CGF,OH,AGL,CE,Federal Contract Tower,0,12,28,0,40,0,0,21,0,21,0,12,49,0,61,44,0,44,105
02/20/2019,CGF,OH,AGL,CE,Federal Contract Tower,0,6,6,0,12,0,0,1,0,1,0,6,7,0,13,0,0,0,13
02/21/2019,CGF,OH,AGL,CE,Federal Contract Tower,0,9,22,0,31,0,2,9,0,11,0,11,31,0,42,24,0,24,66
02/22/2019,CGF,OH,AGL,CE,Federal Contract Tower,0,9,13,0,22,0,3,14,0,17,0,12,27,0,39,10,0,10,49
02/23/2019,CGF,OH,AGL,CE,Federal Contract Tower,0,3,5,0,8,0,2,11,0,13,0,5,16,0,21,28,0,28,49
02/24/2019,CGF,OH,AGL,CE,Federal Contract Tower,0,4,8,0,12,0,0,0,0,0,0,4,8,0,12,0,0,0,12
02/25/2019,CGF,OH,AGL,CE,Federal Contract Tower,0,7,19,0,26,0,0,5,0,5,0,7,24,0,31,0,0,0,31
02/26/2019,CGF,OH,AGL,CE,Federal Contract Tower,0,11,24,0,35,0,0,9,0,9,0,11,33,0,44,10,0,10,54
02/27/2019,CGF,OH,AGL,CE,Federal Contract Tower,0,15,23,0,38,0,3,8,0,11,0,18,31,0,49,27,0,27,76
02/28/2019,CGF,OH,AGL,CE,Federal Contract Tower,0,6,21,0,27,0,2,16,0,18,0,8,37,0,45,32,0,32,77
03/01/2019,CGF,OH,AGL,CE,Federal Contract Tower,0,17,17,0,34,0,2,12,0,14,0,19,29,0,48,29,0,29,77
03/02/2019,CGF,OH,AGL,CE,Federal Contract Tower,0,12,14,0,26,0,0,10,0,10,0,12,24,0,36,12,0,12,48
03/03/2019,CGF,OH,AGL,CE,Federal Contract Tower,0,8,8,0,16,0,1,2,0,3,0,9,10,0,19,24,0,24,43
03/04/2019,CGF,OH,AGL,CE,Federal Contract Tower,0,9,15,0,24,0,0,3,0,3,0,9,18,0,27,0,0,0,27
03/05/2019,CGF,OH,AGL,CE,Federal Contract Tower,0,14,18,1,33,0,0,1,1,2,0,14,19,2,35,0,0,0,35
03/06/2019,CGF,OH,AGL,CE,Federal Contract Tower,0,23,18,0,41,0,0,5,0,5,0,23,23,0,46,2,0,2,48
03/07/2019,CGF,OH,AGL,CE,Federal Contract Tower,0,16,27,0,43,0,3,17,0,20,0,19,44,0,63,40,0,40,103
03/08/2019,CGF,OH,AGL,CE,Federal Contract Tower,0,11,17,0,28,0,7,9,0,16,0,18,26,0,44,28,0,28,72
03/09/2019,CGF,OH,AGL,CE,Federal Contract Tower,0,4,12,0,16,0,0,60,0,60,0,4,72,0,76,62,0,62,138
03/10/2019,CGF,OH,AGL,CE,Federal Contract Tower,0,6,10,0,16,0,4,2,0,6,0,10,12,0,22,2,0,2,24
03/11/2019,CGF,OH,AGL,CE,Federal Contract Tower,0,4,18,0,22,0,1,16,0,17,0,5,34,0,39,34,0,34,73
03/12/2019,CGF,OH,AGL,CE,Federal Contract Tower,0,4,20,0,24,0,0,21,0,21,0,4,41,0,45,22,0,22,67
03/13/2019,CGF,OH,AGL,CE,Federal Contract Tower,0,5,23,0,28,0,3,11,0,14,0,8,34,0,42,24,0,24,66
03/14/2019,CGF,OH,AGL,CE,Federal Contract Tower,0,3,23,0,26,0,0,10,0,10,0,3,33,0,36,0,0,0,36
03/15/2019,CGF,OH,AGL,CE,Federal Contract Tower,0,14,21,0,35,0,0,11,0,11,0,14,32,0,46,10,0,10,56
03/16/2019,CGF,OH,AGL,CE,Federal Contract Tower,0,22,10,0,32,0,0,17,0,17,0,22,27,0,49,20,0,20,69
03/17/2019,CGF,OH,AGL,CE,Federal Contract Tower,0,6,13,0,19,0,0,40,0,40,0,6,53,0,59,62,0,62,121
03/18/2019,CGF,OH,AGL,CE,Federal Contract Tower,0,3,13,0,16,0,0,6,0,6,0,3,19,0,22,54,0,54,76
03/19/2019,CGF,OH,AGL,CE,Federal Contract Tower,0,11,21,0,32,0,0,18,0,18,0,11,39,0,50,14,0,14,64
03/20/2019,CGF,OH,AGL,CE,Federal Contract Tower,0,3,21,0,24,0,0,17,0,17,0,3,38,0,41,28,0,28,69
03/21/2019,CGF,OH,AGL,CE,Federal Contract Tower,0,7,18,0,25,0,0,3,0,3,0,7,21,0,28,0,0,0,28
03/22/2019,CGF,OH,AGL,CE,Federal Contract Tower,0,6,12,0,18,0,0,2,0,2,0,6,14,0,20,0,0,0,20
03/23/2019,CGF,OH,AGL,CE,Federal Contract Tower,0,9,18,0,27,0,6,24,0,30,0,15,42,0,57,34,0,34,91
03/24/2019,CGF,OH,AGL,CE,Federal Contract Tower,0,11,12,0,23,0,0,35,0,35,0,11,47,0,58,40,0,40,98
03/25/2019,CGF,OH,AGL,CE,Federal Contract Tower,0,7,18,0,25,0,0,14,0,14,0,7,32,0,39,40,0,40,79
03/26/2019,CGF,OH,AGL,CE,Federal Contract Tower,0,11,10,0,21,0,4,34,0,38,0,15,44,0,59,80,0,80,139
03/27/2019,CGF,OH,AGL,CE,Federal Contract Tower,0,9,14,0,23,0,0,37,0,37,0,9,51,0,60,36,0,36,96
03/28/2019,CGF,OH,AGL,CE,Federal Contract Tower,0,12,12,0,24,0,0,10,0,10,0,12,22,0,34,14,0,14,48
03/29/2019,CGF,OH,AGL,CE,Federal Contract Tower,0,6,23,0,29,0,0,0,0,0,0,6,23,0,29,0,0,0,29
03/30/2019,CGF,OH,AGL,CE,Federal Contract Tower,0,9,12,0,21,0,0,0,0,0,0,9,12,0,21,0,0,0,21
03/31/2019,CGF,OH,AGL,CE,Federal Contract Tower,0,15,18,0,33,0,3,0,0,3,0,18,18,0,36,0,0,0,36
04/01/2019,CGF,OH,AGL,CE,Federal Contract Tower,0,9,9,0,18,0,0,35,24,59,0,9,44,24,77,36,0,36,113
04/02/2019,CGF,OH,AGL,CE,Federal Contract Tower,0,13,21,0,34,0,0,23,0,23,0,13,44,0,57,4,0,4,61
04/03/2019,CGF,OH,AGL,CE,Federal Contract Tower,0,18,21,0,39,0,0,10,0,10,0,18,31,0,49,10,0,10,59
04/05/2019,CGF,OH,AGL,CE,Federal Contract Tower,0,12,17,0,29,0,1,2,0,3,0,13,19,0,32,12,0,12,44
04/06/2019,CGF,OH,AGL,CE,Federal Contract Tower,0,5,12,0,17,0,0,43,0,43,0,5,55,0,60,62,0,62,122
04/07/2019,CGF,OH,AGL,CE,Federal Contract Tower,0,9,12,0,21,0,0,18,0,18,0,9,30,0,39,74,0,74,113
04/08/2019,CGF,OH,AGL,CE,Federal Contract Tower,0,5,19,0,24,0,0,20,0,20,0,5,39,0,44,22,0,22,66
04/09/2019,CGF,OH,AGL,CE,Federal Contract Tower,0,7,33,0,40,0,0,10,0,10,0,7,43,0,50,14,0,14,64
04/10/2019,CGF,OH,AGL,CE,Federal Contract Tower,0,14,26,0,40,0,0,3,0,3,0,14,29,0,43,2,0,2,45
04/11/2019,CGF,OH,AGL,CE,Federal Contract Tower,0,14,26,0,40,0,0,26,0,26,0,14,52,0,66,12,0,12,78
04/12/2019,CGF,OH,AGL,CE,Federal Contract Tower,0,13,18,0,31,0,0,7,0,7,0,13,25,0,38,2,0,2,40
04/13/2019,CGF,OH,AGL,CE,Federal Contract Tower,0,4,19,0,23,0,4,25,0,29,0,8,44,0,52,10,0,10,62
04/14/2019,CGF,OH,AGL,CE,Federal Contract Tower,0,6,17,0,23,0,3,0,0,3,0,9,17,0,26,8,0,8,34
04/15/2019,CGF,OH,AGL,CE,Federal Contract Tower,0,9,11,0,20,0,2,4,0,6,0,11,15,0,26,10,0,10,36
04/16/2019,CGF,OH,AGL,CE,Federal Contract Tower,0,11,10,0,21,0,0,15,0,15,0,11,25,0,36,48,0,48,84
04/17/2019,CGF,OH,AGL,CE,Federal Contract Tower,0,16,38,0,54,0,0,26,0,26,0,16,64,0,80,26,0,26,106
04/18/2019,CGF,OH,AGL,CE,Federal Contract Tower,0,16,28,0,44,0,3,6,0,9,0,19,34,0,53,10,0,10,63
04/19/2019,CGF,OH,AGL,CE,Federal Contract Tower,0,4,8,0,12,0,0,0,0,0,0,4,8,0,12,0,0,0,12
04/20/2019,CGF,OH,AGL,CE,Federal Contract Tower,0,9,16,0,25,0,0,0,0,0,0,9,16,0,25,0,0,0,25
04/21/2019,CGF,OH,AGL,CE,Federal Contract Tower,0,14,15,0,29,0,3,4,0,7,0,17,19,0,36,10,0,10,46
04/22/2019,CGF,OH,AGL,CE,Federal Contract Tower,0,22,23,0,45,0,2,34,0,36,0,24,57,0,81,38,0,38,119
04/23/2019,CGF,OH,AGL,CE,Federal Contract Tower,0,15,14,0,29,0,0,10,0,10,0,15,24,0,39,24,0,24,63
04/24/2019,CGF,OH,AGL,CE,Federal Contract Tower,0,9,18,0,27,0,4,34,0,38,0,13,52,0,65,36,0,36,101
04/25/2019,CGF,OH,AGL,CE,Federal Contract Tower,0,26,17,0,43,0,0,5,0,5,0,26,22,0,48,0,0,0,48
04/26/2019,CGF,OH,AGL,CE,Federal Contract Tower,0,13,17,0,30,0,0,6,0,6,0,13,23,0,36,0,0,0,36
04/27/2019,CGF,OH,AGL,CE,Federal Contract Tower,0,4,8,0,12,0,0,21,0,21,0,4,29,0,33,12,0,12,45
04/28/2019,CGF,OH,AGL,CE,Federal Contract Tower,0,6,24,0,30,0,6,11,0,17,0,12,35,0,47,28,0,28,75
04/29/2019,CGF,OH,AGL,CE,Federal Contract Tower,0,8,11,0,19,0,0,5,0,5,0,8,16,0,24,6,0,6,30
04/30/2019,CGF,OH,AGL,CE,Federal Contract Tower,0,13,20,0,33,0,0,2,0,2,0,13,22,0,35,0,0,0,35
05/01/2019,CGF,OH,AGL,CE,Federal Contract Tower,0,22,16,0,38,0,1,10,0,11,0,23,26,0,49,0,0,0,49
05/02/2019,CGF,OH,AGL,CE,Federal Contract Tower,0,15,20,0,35,0,1,3,0,4,0,16,23,0,39,22,0,22,61
05/03/2019,CGF,OH,AGL,CE,Federal Contract Tower,0,8,7,0,15,0,0,0,0,0,0,8,7,0,15,0,0,0,15
05/04/2019,CGF,OH,AGL,CE,Federal Contract Tower,0,5,7,0,12,0,0,0,0,0,0,5,7,0,12,0,0,0,12
05/05/2019,CGF,OH,AGL,CE,Federal Contract Tower,0,13,9,0,22,0,2,25,0,27,0,15,34,0,49,14,0,14,63
05/06/2019,CGF,OH,AGL,CE,Federal Contract Tower,0,15,23,0,38,0,6,44,0,50,0,21,67,0,88,50,0,50,138
05/07/2019,CGF,OH,AGL,CE,Federal Contract Tower,0,8,10,0,18,0,4,8,0,12,0,12,18,0,30,32,0,32,62
05/08/2019,CGF,OH,AGL,CE,Federal Contract Tower,0,17,29,0,46,0,0,32,0,32,0,17,61,0,78,70,0,70,148
05/09/2019,CGF,OH,AGL,CE,Federal Contract Tower,0,16,29,0,45,0,0,8,0,8,0,16,37,0,53,42,0,42,95
05/10/2019,CGF,OH,AGL,CE,Federal Contract Tower,0,11,27,0,38,0,0,0,0,0,0,11,27,0,38,12,0,12,50
05/11/2019,CGF,OH,AGL,CE,Federal Contract Tower,0,9,14,0,23,0,0,48,0,48,0,9,62,0,71,2,0,2,73
05/12/2019,CGF,OH,AGL,CE,Federal Contract Tower,0,17,15,0,32,0,0,0,0,0,0,17,15,0,32,0,0,0,32
05/13/2019,CGF,OH,AGL,CE,Federal Contract Tower,0,14,14,0,28,0,0,1,0,1,0,14,15,0,29,0,0,0,29
05/14/2019,CGF,OH,AGL,CE,Federal Contract Tower,0,17,27,0,44,0,2,27,0,29,0,19,54,0,73,24,0,24,97
05/15/2019,CGF,OH,AGL,CE,Federal Contract Tower,0,14,15,0,29,0,2,34,0,36,0,16,49,0,65,14,0,14,79
05/16/2019,CGF,OH,AGL,CE,Federal Contract Tower,0,17,33,0,50,0,0,24,0,24,0,17,57,0,74,106,0,106,180
05/17/2019,CGF,OH,AGL,CE,Federal Contract Tower,0,22,29,0,51,0,0,9,0,9,0,22,38,0,60,24,0,24,84
05/18/2019,CGF,OH,AGL,CE,Federal Contract Tower,0,0,0,0,0,0,0,0,0,0,0,0,0,0,0,0,0,0,0
05/19/2019,CGF,OH,AGL,CE,Federal Contract Tower,0,1,6,0,7,0,0,4,0,4,0,1,10,0,11,8,0,8,19
05/20/2019,CGF,OH,AGL,CE,Federal Contract Tower,0,9,26,0,35,0,0,12,0,12,0,9,38,0,47,10,0,10,57
05/21/2019,CGF,OH,AGL,CE,Federal Contract Tower,0,14,17,0,31,0,2,18,0,20,0,16,35,0,51,24,0,24,75
05/22/2019,CGF,OH,AGL,CE,Federal Contract Tower,0,16,22,0,38,0,0,13,0,13,0,16,35,0,51,14,0,14,65
05/23/2019,CGF,OH,AGL,CE,Federal Contract Tower,0,18,26,0,44,0,0,3,0,3,0,18,29,0,47,4,0,4,51
05/24/2019,CGF,OH,AGL,CE,Federal Contract Tower,0,19,26,0,45,0,0,30,0,30,0,19,56,0,75,46,0,46,121
05/25/2019,CGF,OH,AGL,CE,Federal Contract Tower,0,2,4,0,6,0,0,9,0,9,0,2,13,0,15,0,0,0,15
05/26/2019,CGF,OH,AGL,CE,Federal Contract Tower,0,8,4,0,12,0,0,9,0,9,0,8,13,0,21,20,0,20,41
05/27/2019,CGF,OH,AGL,CE,Federal Contract Tower,0,11,11,0,22,0,0,27,0,27,0,11,38,0,49,24,0,24,73
05/28/2019,CGF,OH,AGL,CE,Federal Contract Tower,0,8,14,0,22,0,0,14,0,14,0,8,28,0,36,20,0,20,56
05/29/2019,CGF,OH,AGL,CE,Federal Contract Tower,0,12,7,0,19,0,10,14,0,24,0,22,21,0,43,12,0,12,55
05/30/2019,CGF,OH,AGL,CE,Federal Contract Tower,0,7,14,0,21,0,0,11,0,11,0,7,25,0,32,22,0,22,54
05/31/2019,CGF,OH,AGL,CE,Federal Contract Tower,0,12,20,0,32,0,1,40,0,41,0,13,60,0,73,36,0,36,109
06/01/2019,CGF,OH,AGL,CE,Federal Contract Tower,0,3,8,0,11,0,4,11,0,15,0,7,19,0,26,18,0,18,44
06/02/2019,CGF,OH,AGL,CE,Federal Contract Tower,0,12,14,0,26,0,0,16,0,16,0,12,30,0,42,28,0,28,70
06/03/2019,CGF,OH,AGL,CE,Federal Contract Tower,0,8,20,0,28,0,0,30,0,30,0,8,50,0,58,26,0,26,84
06/04/2019,CGF,OH,AGL,CE,Federal Contract Tower,0,5,23,0,28,0,0,43,0,43,0,5,66,0,71,40,0,40,111
06/05/2019,CGF,OH,AGL,CE,Federal Contract Tower,0,8,14,0,22,0,0,1,0,1,0,8,15,0,23,36,0,36,59
06/06/2019,CGF,OH,AGL,CE,Federal Contract Tower,0,20,30,0,50,0,0,7,0,7,0,20,37,0,57,0,0,0,57
06/07/2019,CGF,OH,AGL,CE,Federal Contract Tower,0,15,12,0,27,0,0,22,0,22,0,15,34,0,49,14,0,14,63
06/08/2019,CGF,OH,AGL,CE,Federal Contract Tower,0,9,8,0,17,0,0,25,0,25,0,9,33,0,42,2,0,2,44
06/09/2019,CGF,OH,AGL,CE,Federal Contract Tower,0,23,13,0,36,0,0,7,0,7,0,23,20,0,43,2,0,2,45
06/10/2019,CGF,OH,AGL,CE,Federal Contract Tower,0,8,20,0,28,0,0,0,0,0,0,8,20,0,28,0,0,0,28
06/11/2019,CGF,OH,AGL,CE,Federal Contract Tower,0,10,22,0,32,0,2,54,0,56,0,12,76,0,88,58,0,58,146
06/12/2019,CGF,OH,AGL,CE,Federal Contract Tower,0,13,15,0,28,0,1,29,0,30,0,14,44,0,58,52,0,52,110
06/13/2019,CGF,OH,AGL,CE,Federal Contract Tower,0,18,18,0,36,0,2,17,0,19,0,20,35,0,55,30,0,30,85
06/14/2019,CGF,OH,AGL,CE,Federal Contract Tower,0,14,30,0,44,0,0,26,0,26,0,14,56,0,70,22,0,22,92
06/15/2019,CGF,OH,AGL,CE,Federal Contract Tower,0,7,6,0,13,0,0,1,0,1,0,7,7,0,14,6,0,6,20
06/16/2019,CGF,OH,AGL,CE,Federal Contract Tower,0,10,12,0,22,0,0,0,0,0,0,10,12,0,22,0,0,0,22
06/17/2019,CGF,OH,AGL,CE,Federal Contract Tower,0,16,15,0,31,0,0,4,0,4,0,16,19,0,35,6,0,6,41
06/18/2019,CGF,OH,AGL,CE,Federal Contract Tower,0,19,26,0,45,0,0,34,0,34,0,19,60,0,79,38,0,38,117
06/19/2019,CGF,OH,AGL,CE,Federal Contract Tower,0,14,26,0,40,0,0,37,0,37,0,14,63,0,77,56,0,56,133
06/20/2019,CGF,OH,AGL,CE,Federal Contract Tower,0,14,29,0,43,0,0,0,0,0,0,14,29,0,43,0,0,0,43
06/22/2019,CGF,OH,AGL,CE,Federal Contract Tower,0,9,8,0,17,0,0,34,0,34,0,9,42,0,51,38,0,38,89
06/23/2019,CGF,OH,AGL,CE,Federal Contract Tower,0,19,29,0,48,0,0,51,0,51,0,19,80,0,99,46,0,46,145
06/24/2019,CGF,OH,AGL,CE,Federal Contract Tower,0,20,24,0,44,0,0,17,0,17,0,20,41,0,61,20,0,20,81
06/25/2019,CGF,OH,AGL,CE,Federal Contract Tower,0,16,23,0,39,0,3,28,0,31,0,19,51,0,70,36,0,36,106
06/26/2019,CGF,OH,AGL,CE,Federal Contract Tower,0,12,22,0,34,0,0,33,0,33,0,12,55,0,67,34,0,34,101
06/28/2019,CGF,OH,AGL,CE,Federal Contract Tower,0,20,21,0,41,0,0,23,0,23,0,20,44,0,64,40,0,40,104
06/29/2019,CGF,OH,AGL,CE,Federal Contract Tower,0,3,13,0,16,0,0,9,0,9,0,3,22,0,25,26,0,26,51
06/30/2019,CGF,OH,AGL,CE,Federal Contract Tower,0,9,9,0,18,0,0,45,0,45,0,9,54,0,63,4,0,4,67
07/01/2019,CGF,OH,AGL,CE,Federal Contract Tower,0,2,12,0,14,0,0,21,0,21,0,2,33,0,35,22,0,22,57
07/02/2019,CGF,OH,AGL,CE,Federal Contract Tower,0,2,10,0,12,0,0,28,0,28,0,2,38,0,40,6,0,6,46
07/03/2019,CGF,OH,AGL,CE,Federal Contract Tower,0,12,18,0,30,0,0,29,0,29,0,12,47,0,59,30,0,30,89
07/04/2019,CGF,OH,AGL,CE,Federal Contract Tower,0,4,6,0,10,0,0,12,0,12,0,4,18,0,22,46,0,46,68
07/05/2019,CGF,OH,AGL,CE,Federal Contract Tower,0,4,9,0,13,0,0,12,0,12,0,4,21,0,25,10,0,10,35
07/06/2019,CGF,OH,AGL,CE,Federal Contract Tower,0,8,7,0,15,0,0,17,0,17,0,8,24,0,32,10,0,10,42
07/07/2019,CGF,OH,AGL,CE,Federal Contract Tower,0,12,23,0,35,0,0,14,0,14,0,12,37,0,49,24,0,24,73
07/08/2019,CGF,OH,AGL,CE,Federal Contract Tower,0,9,21,0,30,0,0,25,0,25,0,9,46,0,55,38,0,38,93
07/09/2019,CGF,OH,AGL,CE,Federal Contract Tower,0,8,17,0,25,0,0,47,0,47,0,8,64,0,72,38,0,38,110
07/10/2019,CGF,OH,AGL,CE,Federal Contract Tower,0,22,31,0,53,0,0,25,0,25,0,22,56,0,78,58,0,58,136
07/12/2019,CGF,OH,AGL,CE,Federal Contract Tower,0,8,21,0,29,0,0,12,0,12,0,8,33,0,41,6,0,6,47
07/13/2019,CGF,OH,AGL,CE,Federal Contract Tower,0,9,9,0,18,0,0,17,0,17,0,9,26,0,35,0,0,0,35
07/14/2019,CGF,OH,AGL,CE,Federal Contract Tower,0,23,12,0,35,0,6,33,0,39,0,29,45,0,74,16,0,16,90
07/15/2019,CGF,OH,AGL,CE,Federal Contract Tower,0,12,26,0,38,0,0,31,0,31,0,12,57,0,69,36,0,36,105
07/16/2019,CGF,OH,AGL,CE,Federal Contract Tower,0,20,25,0,45,0,0,22,0,22,0,20,47,0,67,40,0,40,107
07/17/2019,CGF,OH,AGL,CE,Federal Contract Tower,0,20,16,0,36,0,0,12,0,12,0,20,28,0,48,44,0,44,92
07/18/2019,CGF,OH,AGL,CE,Federal Contract Tower,0,18,18,0,36,0,2,17,0,19,0,20,35,0,55,31,0,31,86
07/19/2019,CGF,OH,AGL,CE,Federal Contract Tower,7,13,11,0,31,0,0,12,0,12,7,13,23,0,43,32,0,32,75
07/20/2019,CGF,OH,AGL,CE,Federal Contract Tower,0,13,6,0,19,0,2,15,0,17,0,15,21,0,36,8,0,8,44
07/21/2019,CGF,OH,AGL,CE,Federal Contract Tower,0,6,14,0,20,0,0,9,0,9,0,6,23,0,29,46,0,46,75
07/22/2019,CGF,OH,AGL,CE,Federal Contract Tower,0,5,28,0,33,0,0,12,0,12,0,5,40,0,45,32,0,32,77
07/23/2019,CGF,OH,AGL,CE,Federal Contract Tower,0,12,24,0,36,0,0,33,0,33,0,12,57,0,69,14,0,14,83
07/24/2019,CGF,OH,AGL,CE,Federal Contract Tower,0,8,9,0,17,0,0,35,0,35,0,8,44,0,52,72,0,72,124
07/25/2019,CGF,OH,AGL,CE,Federal Contract Tower,0,7,25,0,32,0,0,34,0,34,0,7,59,0,66,22,0,22,88
07/26/2019,CGF,OH,AGL,CE,Federal Contract Tower,0,6,13,0,19,0,0,21,0,21,0,6,34,0,40,28,0,28,68
07/27/2019,CGF,OH,AGL,CE,Federal Contract Tower,0,2,18,0,20,0,0,47,0,47,0,2,65,0,67,32,0,32,99
07/28/2019,CGF,OH,AGL,CE,Federal Contract Tower,0,7,29,0,36,0,0,33,0,33,0,7,62,0,69,48,0,48,117
07/29/2019,CGF,OH,AGL,CE,Federal Contract Tower,0,13,13,0,26,0,0,25,0,25,0,13,38,0,51,4,0,4,55
07/30/2019,CGF,OH,AGL,CE,Federal Contract Tower,0,7,17,0,24,0,0,12,0,12,0,7,29,0,36,18,0,18,54
07/31/2019,CGF,OH,AGL,CE,Federal Contract Tower,0,8,21,0,29,0,0,9,0,9,0,8,30,0,38,16,0,16,54
08/01/2019,CGF,OH,AGL,CE,Federal Contract Tower,0,10,33,0,43,0,0,37,0,37,0,10,70,0,80,54,0,54,134
08/02/2019,CGF,OH,AGL,CE,Federal Contract Tower,0,14,23,0,37,0,0,41,0,41,0,14,64,0,78,56,0,56,134
08/03/2019,CGF,OH,AGL,CE,Federal Contract Tower,0,8,9,0,17,0,0,25,0,25,0,8,34,0,42,38,0,38,80
08/04/2019,CGF,OH,AGL,CE,Federal Contract Tower,0,7,15,0,22,0,0,29,0,29,0,7,44,0,51,2,0,2,53
08/05/2019,CGF,OH,AGL,CE,Federal Contract Tower,0,11,20,0,31,0,0,22,0,22,0,11,42,0,53,22,0,22,75
08/06/2019,CGF,OH,AGL,CE,Federal Contract Tower,0,10,18,0,28,0,0,12,0,12,0,10,30,0,40,26,0,26,66
08/07/2019,CGF,OH,AGL,CE,Federal Contract Tower,0,15,24,0,39,0,0,12,0,12,0,15,36,0,51,36,0,36,87
08/08/2019,CGF,OH,AGL,CE,Federal Contract Tower,0,23,25,0,48,0,0,25,0,25,0,23,50,0,73,22,0,22,95
08/09/2019,CGF,OH,AGL,CE,Federal Contract Tower,0,8,36,0,44,0,0,33,0,33,0,8,69,0,77,6,0,6,83
08/10/2019,CGF,OH,AGL,CE,Federal Contract Tower,0,11,20,0,31,0,2,45,0,47,0,13,65,0,78,18,0,18,96
08/11/2019,CGF,OH,AGL,CE,Federal Contract Tower,0,8,13,0,21,0,0,24,0,24,0,8,37,0,45,4,0,4,49
08/12/2019,CGF,OH,AGL,CE,Federal Contract Tower,0,15,41,0,56,0,0,25,0,25,0,15,66,0,81,60,0,60,141
08/13/2019,CGF,OH,AGL,CE,Federal Contract Tower,0,13,21,0,34,0,0,16,0,16,0,13,37,0,50,22,0,22,72
08/14/2019,CGF,OH,AGL,CE,Federal Contract Tower,0,16,27,0,43,0,0,28,0,28,0,16,55,0,71,56,0,56,127
08/15/2019,CGF,OH,AGL,CE,Federal Contract Tower,0,25,16,0,41,0,0,18,0,18,0,25,34,0,59,8,0,8,67
08/16/2019,CGF,OH,AGL,CE,Federal Contract Tower,0,10,25,0,35,0,0,15,0,15,0,10,40,0,50,24,0,24,74
08/17/2019,CGF,OH,AGL,CE,Federal Contract Tower,0,8,17,0,25,0,0,20,0,20,0,8,37,0,45,58,0,58,103
08/18/2019,CGF,OH,AGL,CE,Federal Contract Tower,0,10,7,0,17,0,0,12,0,12,0,10,19,0,29,18,0,18,47
08/19/2019,CGF,OH,AGL,CE,Federal Contract Tower,0,11,12,0,23,0,0,41,0,41,0,11,53,0,64,32,0,32,96
08/20/2019,CGF,OH,AGL,CE,Federal Contract Tower,0,11,14,0,25,0,0,24,0,24,0,11,38,0,49,24,0,24,73
08/21/2019,CGF,OH,AGL,CE,Federal Contract Tower,0,15,24,0,39,0,0,24,0,24,0,15,48,0,63,10,0,10,73
08/22/2019,CGF,OH,AGL,CE,Federal Contract Tower,0,15,31,0,46,0,0,13,0,13,0,15,44,0,59,14,0,14,73
08/23/2019,CGF,OH,AGL,CE,Federal Contract Tower,0,10,16,0,26,0,0,19,0,19,0,10,35,0,45,14,0,14,59
08/24/2019,CGF,OH,AGL,CE,Federal Contract Tower,0,13,15,0,28,0,0,32,0,32,0,13,47,0,60,38,0,38,98
08/25/2019,CGF,OH,AGL,CE,Federal Contract Tower,0,8,22,0,30,0,0,40,0,40,0,8,62,0,70,55,0,55,125
08/26/2019,CGF,OH,AGL,CE,Federal Contract Tower,0,14,12,0,26,0,0,12,4,16,0,14,24,4,42,10,0,10,52
08/27/2019,CGF,OH,AGL,CE,Federal Contract Tower,0,21,23,0,44,0,0,3,0,3,0,21,26,0,47,0,0,0,47
08/28/2019,CGF,OH,AGL,CE,Federal Contract Tower,0,27,15,0,42,0,0,44,0,44,0,27,59,0,86,8,0,8,94
08/29/2019,CGF,OH,AGL,CE,Federal Contract Tower,0,22,32,0,54,0,0,22,0,22,0,22,54,0,76,11,0,11,87
08/30/2019,CGF,OH,AGL,CE,Federal Contract Tower,0,6,31,0,37,0,0,11,0,11,0,6,42,0,48,20,0,20,68
08/31/2019,CGF,OH,AGL,CE,Federal Contract Tower,0,20,25,0,45,0,2,23,0,25,0,22,48,0,70,51,0,51,121
09/01/2019,CGF,OH,AGL,CE,Federal Contract Tower,0,14,16,0,30,0,0,9,0,9,0,14,25,0,39,14,0,14,53
09/02/2019,CGF,OH,AGL,CE,Federal Contract Tower,0,23,19,0,42,0,0,13,0,13,0,23,32,0,55,30,0,30,85
09/03/2019,CGF,OH,AGL,CE,Federal Contract Tower,0,9,15,0,24,0,0,26,0,26,0,9,41,0,50,30,0,30,80
09/04/2019,CGF,OH,AGL,CE,Federal Contract Tower,0,20,24,0,44,0,0,31,0,31,0,20,55,0,75,80,0,80,155
09/05/2019,CGF,OH,AGL,CE,Federal Contract Tower,0,18,30,0,48,0,0,23,2,25,0,18,53,2,73,26,4,30,103
09/06/2019,CGF,OH,AGL,CE,Federal Contract Tower,0,10,14,0,24,0,0,14,0,14,0,10,28,0,38,33,0,33,71
09/07/2019,CGF,OH,AGL,CE,Federal Contract Tower,0,3,12,0,15,0,0,9,0,9,0,3,21,0,24,8,0,8,32
09/08/2019,CGF,OH,AGL,CE,Federal Contract Tower,0,13,23,0,36,0,0,27,0,27,0,13,50,0,63,34,0,34,97
09/09/2019,CGF,OH,AGL,CE,Federal Contract Tower,0,9,30,0,39,0,0,19,0,19,0,9,49,0,58,6,0,6,64
09/10/2019,CGF,OH,AGL,CE,Federal Contract Tower,0,5,25,0,30,0,0,17,0,17,0,5,42,0,47,2,0,2,49
09/11/2019,CGF,OH,AGL,CE,Federal Contract Tower,0,12,29,0,41,0,0,14,0,14,0,12,43,0,55,4,0,4,59
09/12/2019,CGF,OH,AGL,CE,Federal Contract Tower,0,14,29,0,43,0,0,0,0,0,0,14,29,0,43,0,0,0,43
09/13/2019,CGF,OH,AGL,CE,Federal Contract Tower,0,15,29,0,44,0,0,12,0,12,0,15,41,0,56,2,0,2,58
09/14/2019,CGF,OH,AGL,CE,Federal Contract Tower,0,10,3,0,13,0,0,20,0,20,0,10,23,0,33,14,0,14,47
09/15/2019,CGF,OH,AGL,CE,Federal Contract Tower,0,13,17,1,31,0,0,22,0,22,0,13,39,1,53,38,0,38,91
09/16/2019,CGF,OH,AGL,CE,Federal Contract Tower,0,11,16,0,27,0,1,7,0,8,0,12,23,0,35,2,0,2,37
09/17/2019,CGF,OH,AGL,CE,Federal Contract Tower,0,14,22,0,36,0,0,19,0,19,0,14,41,0,55,33,0,33,88
09/18/2019,CGF,OH,AGL,CE,Federal Contract Tower,0,31,27,0,58,0,0,32,0,32,0,31,59,0,90,28,0,28,118
09/19/2019,CGF,OH,AGL,CE,Federal Contract Tower,0,11,42,0,53,0,0,27,0,27,0,11,69,0,80,24,0,24,104
09/20/2019,CGF,OH,AGL,CE,Federal Contract Tower,0,14,17,0,31,0,0,31,0,31,0,14,48,0,62,13,0,13,75
09/21/2019,CGF,OH,AGL,CE,Federal Contract Tower,0,9,6,0,15,0,0,33,0,33,0,9,39,0,48,43,0,43,91
09/22/2019,CGF,OH,AGL,CE,Federal Contract Tower,0,13,26,0,39,0,0,16,0,16,0,13,42,0,55,12,0,12,67
09/23/2019,CGF,OH,AGL,CE,Federal Contract Tower,0,17,24,0,41,0,0,9,0,9,0,17,33,0,50,0,0,0,50
09/24/2019,CGF,OH,AGL,CE,Federal Contract Tower,0,12,30,0,42,0,0,18,0,18,0,12,48,0,60,0,0,0,60
09/25/2019,CGF,OH,AGL,CE,Federal Contract Tower,0,23,25,0,48,0,0,22,0,22,0,23,47,0,70,28,0,28,98
09/26/2019,CGF,OH,AGL,CE,Federal Contract Tower,0,18,26,0,44,0,0,12,0,12,0,18,38,0,56,2,0,2,58
09/27/2019,CGF,OH,AGL,CE,Federal Contract Tower,0,16,25,0,41,0,0,38,0,38,0,16,63,0,79,6,0,6,85
09/28/2019,CGF,OH,AGL,CE,Federal Contract Tower,0,13,14,0,27,0,0,6,0,6,0,13,20,0,33,0,0,0,33
09/29/2019,CGF,OH,AGL,CE,Federal Contract Tower,0,12,24,0,36,0,0,14,0,14,0,12,38,0,50,14,0,14,64
09/30/2019,CGF,OH,AGL,CE,Federal Contract Tower,0,14,18,0,32,0,0,17,0,17,0,14,35,0,49,20,0,20,69
10/01/2019,CGF,OH,AGL,CE,Federal Contract Tower,0,15,25,0,40,0,0,17,0,17,0,15,42,0,57,6,0,6,63
10/02/2019,CGF,OH,AGL,CE,Federal Contract Tower,0,18,22,0,40,0,0,11,0,11,0,18,33,0,51,6,0,6,57
10/03/2019,CGF,OH,AGL,CE,Federal Contract Tower,0,26,23,0,49,0,0,12,0,12,0,26,35,0,61,0,0,0,61
10/04/2019,CGF,OH,AGL,CE,Federal Contract Tower,0,19,31,0,50,0,0,5,0,5,0,19,36,0,55,20,0,20,75
10/05/2019,CGF,OH,AGL,CE,Federal Contract Tower,0,8,9,0,17,0,0,32,0,32,0,8,41,0,49,26,0,26,75
10/06/2019,CGF,OH,AGL,CE,Federal Contract Tower,0,16,15,0,31,0,0,3,0,3,0,16,18,0,34,12,0,12,46
10/07/2019,CGF,OH,AGL,CE,Federal Contract Tower,0,12,24,0,36,0,0,5,0,5,0,12,29,0,41,10,0,10,51
10/08/2019,CGF,OH,AGL,CE,Federal Contract Tower,0,16,23,0,39,0,0,18,0,18,0,16,41,0,57,18,0,18,75
10/09/2019,CGF,OH,AGL,CE,Federal Contract Tower,0,10,25,0,35,0,0,27,0,27,0,10,52,0,62,30,0,30,92
10/10/2019,CGF,OH,AGL,CE,Federal Contract Tower,0,10,37,0,47,0,0,45,0,45,0,10,82,0,92,94,0,94,186
10/11/2019,CGF,OH,AGL,CE,Federal Contract Tower,0,16,21,0,37,0,0,24,0,24,0,16,45,0,61,28,0,28,89
10/12/2019,CGF,OH,AGL,CE,Federal Contract Tower,0,8,9,0,17,0,0,14,0,14,0,8,23,0,31,8,0,8,39
10/13/2019,CGF,OH,AGL,CE,Federal Contract Tower,0,13,14,0,27,0,0,28,0,28,0,13,42,0,55,10,0,10,65
10/14/2019,CGF,OH,AGL,CE,Federal Contract Tower,0,9,16,0,25,0,0,11,0,11,0,9,27,0,36,10,0,10,46
10/15/2019,CGF,OH,AGL,CE,Federal Contract Tower,0,13,19,0,32,0,0,11,0,11,0,13,30,0,43,0,0,0,43
10/16/2019,CGF,OH,AGL,CE,Federal Contract Tower,0,20,18,0,38,0,0,0,0,0,0,20,18,0,38,6,0,6,44
10/17/2019,CGF,OH,AGL,CE,Federal Contract Tower,0,17,28,0,45,0,0,0,0,0,0,17,28,0,45,0,0,0,45
10/18/2019,CGF,OH,AGL,CE,Federal Contract Tower,0,18,25,0,43,0,0,26,0,26,0,18,51,0,69,22,0,22,91
10/19/2019,CGF,OH,AGL,CE,Federal Contract Tower,0,13,13,0,26,0,0,28,0,28,0,13,41,0,54,0,0,0,54
10/20/2019,CGF,OH,AGL,CE,Federal Contract Tower,0,19,23,0,42,0,0,25,0,25,0,19,48,0,67,18,0,18,85
10/21/2019,CGF,OH,AGL,CE,Federal Contract Tower,0,6,11,0,17,0,0,8,0,8,0,6,19,0,25,0,0,0,25
10/22/2019,CGF,OH,AGL,CE,Federal Contract Tower,0,12,6,0,18,0,0,0,0,0,0,12,6,0,18,0,0,0,18
10/23/2019,CGF,OH,AGL,CE,Federal Contract Tower,0,10,17,0,27,0,0,3,0,3,0,10,20,0,30,2,0,2,32
10/24/2019,CGF,OH,AGL,CE,Federal Contract Tower,0,17,30,0,47,0,0,7,0,7,0,17,37,0,54,4,0,4,58
10/25/2019,CGF,OH,AGL,CE,Federal Contract Tower,0,13,10,0,23,0,0,18,0,18,0,13,28,0,41,34,0,34,75
10/26/2019,CGF,OH,AGL,CE,Federal Contract Tower,0,7,8,0,15,0,0,5,0,5,0,7,13,0,20,24,0,24,44
10/27/2019,CGF,OH,AGL,CE,Federal Contract Tower,0,16,3,0,19,0,0,2,0,2,0,16,5,0,21,0,0,0,21
10/28/2019,CGF,OH,AGL,CE,Federal Contract Tower,0,11,21,0,32,0,0,23,0,23,0,11,44,0,55,18,0,18,73
10/29/2019,CGF,OH,AGL,CE,Federal Contract Tower,0,9,35,0,44,0,0,5,0,5,0,9,40,0,49,0,0,0,49
10/30/2019,CGF,OH,AGL,CE,Federal Contract Tower,0,17,21,0,38,0,0,0,0,0,0,17,21,0,38,0,0,0,38
10/31/2019,CGF,OH,AGL,CE,Federal Contract Tower,0,12,11,0,23,0,0,0,0,0,0,12,11,0,23,0,0,0,23
11/01/2019,CGF,OH,AGL,CE,Federal Contract Tower,0,16,22,1,39,0,0,3,0,3,0,16,25,1,42,4,0,4,46
11/02/2019,CGF,OH,AGL,CE,Federal Contract Tower,0,6,15,0,21,0,0,18,0,18,0,6,33,0,39,10,0,10,49
11/03/2019,CGF,OH,AGL,CE,Federal Contract Tower,0,13,8,0,21,0,0,12,0,12,0,13,20,0,33,2,0,2,35
11/04/2019,CGF,OH,AGL,CE,Federal Contract Tower,0,10,12,0,22,0,0,14,0,14,0,10,26,0,36,20,0,20,56
11/05/2019,CGF,OH,AGL,CE,Federal Contract Tower,0,16,23,0,39,0,0,17,0,17,0,16,40,0,56,14,0,14,70
11/06/2019,CGF,OH,AGL,CE,Federal Contract Tower,0,13,32,0,45,0,0,22,0,22,0,13,54,0,67,12,0,12,79
11/07/2019,CGF,OH,AGL,CE,Federal Contract Tower,0,13,18,0,31,0,0,0,0,0,0,13,18,0,31,0,0,0,31
11/08/2019,CGF,OH,AGL,CE,Federal Contract Tower,0,14,19,0,33,0,0,6,0,6,0,14,25,0,39,8,0,8,47
11/09/2019,CGF,OH,AGL,CE,Federal Contract Tower,0,21,9,0,30,0,0,11,0,11,0,21,20,0,41,14,0,14,55
11/10/2019,CGF,OH,AGL,CE,Federal Contract Tower,0,25,14,0,39,0,0,24,0,24,0,25,38,0,63,18,0,18,81
11/11/2019,CGF,OH,AGL,CE,Federal Contract Tower,0,5,10,0,15,0,0,0,0,0,0,5,10,0,15,0,0,0,15
11/12/2019,CGF,OH,AGL,CE,Federal Contract Tower,0,4,6,0,10,0,0,1,0,1,0,4,7,0,11,0,0,0,11
11/13/2019,CGF,OH,AGL,CE,Federal Contract Tower,0,8,13,0,21,0,0,5,0,5,0,8,18,0,26,8,0,8,34
11/14/2019,CGF,OH,AGL,CE,Federal Contract Tower,0,7,15,0,22,0,0,14,0,14,0,7,29,0,36,12,0,12,48
11/15/2019,CGF,OH,AGL,CE,Federal Contract Tower,0,15,14,0,29,0,0,10,0,10,0,15,24,0,39,18,0,18,57
11/16/2019,CGF,OH,AGL,CE,Federal Contract Tower,0,7,16,0,23,0,0,32,0,32,0,7,48,0,55,14,0,14,69
11/17/2019,CGF,OH,AGL,CE,Federal Contract Tower,0,10,20,0,30,0,0,24,0,24,0,10,44,0,54,36,0,36,90
11/18/2019,CGF,OH,AGL,CE,Federal Contract Tower,0,13,29,0,42,0,0,10,0,10,0,13,39,0,52,6,0,6,58
11/19/2019,CGF,OH,AGL,CE,Federal Contract Tower,0,13,18,0,31,0,0,0,0,0,0,13,18,0,31,0,0,0,31
11/20/2019,CGF,OH,AGL,CE,Federal Contract Tower,0,14,22,0,36,0,0,14,0,14,0,14,36,0,50,6,0,6,56
11/21/2019,CGF,OH,AGL,CE,Federal Contract Tower,0,22,23,0,45,0,4,1,0,5,0,26,24,0,50,0,0,0,50
11/22/2019,CGF,OH,AGL,CE,Federal Contract Tower,0,6,17,0,23,0,0,6,0,6,0,6,23,0,29,0,0,0,29
11/23/2019,CGF,OH,AGL,CE,Federal Contract Tower,0,15,10,0,25,0,0,20,0,20,0,15,30,0,45,0,0,0,45
11/24/2019,CGF,OH,AGL,CE,Federal Contract Tower,0,10,17,0,27,0,0,21,0,21,0,10,38,0,48,32,0,32,80
11/25/2019,CGF,OH,AGL,CE,Federal Contract Tower,0,10,15,0,25,0,0,17,0,17,0,10,32,0,42,10,0,10,52
11/26/2019,CGF,OH,AGL,CE,Federal Contract Tower,0,16,28,0,44,0,0,26,0,26,0,16,54,0,70,30,0,30,100
11/27/2019,CGF,OH,AGL,CE,Federal Contract Tower,0,11,9,0,20,0,0,1,0,1,0,11,10,0,21,0,0,0,21
11/28/2019,CGF,OH,AGL,CE,Federal Contract Tower,0,8,2,0,10,0,0,1,0,1,0,8,3,0,11,0,0,0,11
11/29/2019,CGF,OH,AGL,CE,Federal Contract Tower,0,8,12,0,20,0,0,6,0,6,0,8,18,0,26,12,0,12,38
11/30/2019,CGF,OH,AGL,CE,Federal Contract Tower,0,27,9,0,36,0,0,17,0,17,0,27,26,0,53,0,0,0,53
12/01/2019,CGF,OH,AGL,CE,Federal Contract Tower,0,15,12,0,27,0,0,9,0,9,0,15,21,0,36,28,0,28,64
12/02/2019,CGF,OH,AGL,CE,Federal Contract Tower,0,21,21,0,42,0,0,0,0,0,0,21,21,0,42,0,0,0,42
12/03/2019,CGF,OH,AGL,CE,Federal Contract Tower,0,14,18,0,32,0,0,0,0,0,0,14,18,0,32,0,0,0,32
12/04/2019,CGF,OH,AGL,CE,Federal Contract Tower,0,14,22,0,36,0,0,0,0,0,0,14,22,0,36,0,0,0,36
12/05/2019,CGF,OH,AGL,CE,Federal Contract Tower,0,19,39,0,58,0,0,5,0,5,0,19,44,0,63,0,0,0,63
12/06/2019,CGF,OH,AGL,CE,Federal Contract Tower,0,7,29,0,36,0,0,13,0,13,0,7,42,0,49,10,0,10,59
12/07/2019,CGF,OH,AGL,CE,Federal Contract Tower,0,5,20,0,25,0,0,33,0,33,0,5,53,0,58,34,0,34,92
12/08/2019,CGF,OH,AGL,CE,Federal Contract Tower,0,12,13,0,25,0,2,28,0,30,0,14,41,0,55,16,0,16,71
12/09/2019,CGF,OH,AGL,CE,Federal Contract Tower,0,17,12,0,29,0,0,2,0,2,0,17,14,0,31,4,0,4,35
12/10/2019,CGF,OH,AGL,CE,Federal Contract Tower,0,14,22,0,36,0,0,3,0,3,0,14,25,0,39,4,0,4,43
12/11/2019,CGF,OH,AGL,CE,Federal Contract Tower,0,12,21,0,33,0,0,9,0,9,0,12,30,0,42,6,0,6,48
12/12/2019,CGF,OH,AGL,CE,Federal Contract Tower,0,13,24,0,37,0,0,20,0,20,0,13,44,0,57,16,0,16,73
12/13/2019,CGF,OH,AGL,CE,Federal Contract Tower,0,14,17,0,31,0,0,10,0,10,0,14,27,0,41,18,0,18,59
12/14/2019,CGF,OH,AGL,CE,Federal Contract Tower,0,4,9,0,13,0,0,0,0,0,0,4,9,0,13,0,0,0,13
12/15/2019,CGF,OH,AGL,CE,Federal Contract Tower,0,19,17,0,36,0,0,9,0,9,0,19,26,0,45,4,0,4,49
12/16/2019,CGF,OH,AGL,CE,Federal Contract Tower,0,8,5,0,13,0,0,11,0,11,0,8,16,0,24,8,0,8,32
12/17/2019,CGF,OH,AGL,CE,Federal Contract Tower,0,13,11,0,24,0,0,0,0,0,0,13,11,0,24,0,0,0,24
12/18/2019,CGF,OH,AGL,CE,Federal Contract Tower,0,13,16,0,29,0,0,6,0,6,0,13,22,0,35,6,0,6,41
12/19/2019,CGF,OH,AGL,CE,Federal Contract Tower,0,19,21,0,40,0,0,17,0,17,0,19,38,0,57,3,0,3,60
12/20/2019,CGF,OH,AGL,CE,Federal Contract Tower,0,19,23,0,42,0,0,9,0,9,0,19,32,0,51,16,0,16,67
12/21/2019,CGF,OH,AGL,CE,Federal Contract Tower,0,9,23,0,32,0,0,29,0,29,0,9,52,0,61,32,0,32,93
12/22/2019,CGF,OH,AGL,CE,Federal Contract Tower,0,11,9,0,20,0,0,28,0,28,0,11,37,0,48,34,0,34,82
12/23/2019,CGF,OH,AGL,CE,Federal Contract Tower,0,18,12,0,30,0,0,15,0,15,0,18,27,0,45,20,0,20,65
12/24/2019,CGF,OH,AGL,CE,Federal Contract Tower,0,11,7,0,18,0,0,4,0,4,0,11,11,0,22,0,0,0,22
12/25/2019,CGF,OH,AGL,CE,Federal Contract Tower,0,15,4,0,19,0,0,9,0,9,0,15,13,0,28,10,0,10,38
12/26/2019,CGF,OH,AGL,CE,Federal Contract Tower,0,16,19,0,35,0,0,21,0,21,0,16,40,0,56,24,0,24,80
12/27/2019,CGF,OH,AGL,CE,Federal Contract Tower,0,17,22,0,39,0,0,3,0,3,0,17,25,0,42,6,0,6,48
12/28/2019,CGF,OH,AGL,CE,Federal Contract Tower,0,11,13,0,24,0,0,18,0,18,0,11,31,0,42,20,0,20,62
12/29/2019,CGF,OH,AGL,CE,Federal Contract Tower,0,9,4,0,13,0,0,5,0,5,0,9,9,0,18,0,0,0,18
12/30/2019,CGF,OH,AGL,CE,Federal Contract Tower,0,6,7,0,13,0,0,1,0,1,0,6,8,0,14,0,0,0,14
12/31/2019,CGF,OH,AGL,CE,Federal Contract Tower,0,2,1,0,3,0,0,0,0,0,0,2,1,0,3,0,0,0,3
01/01/2020,CGF,OH,AGL,CE,Federal Contract Tower,0,4,4,0,8,0,0,17,0,17,0,4,21,0,25,18,0,18,43
01/02/2020,CGF,OH,AGL,CE,Federal Contract Tower,0,8,10,0,18,0,0,4,0,4,0,8,14,0,22,4,0,4,26
01/03/2020,CGF,OH,AGL,CE,Federal Contract Tower,0,11,8,0,19,0,0,0,0,0,0,11,8,0,19,0,0,0,19
01/04/2020,CGF,OH,AGL,CE,Federal Contract Tower,0,3,8,0,11,0,0,0,0,0,0,3,8,0,11,0,0,0,11
01/05/2020,CGF,OH,AGL,CE,Federal Contract Tower,0,17,15,0,32,0,0,6,0,6,0,17,21,0,38,22,0,22,60
01/06/2020,CGF,OH,AGL,CE,Federal Contract Tower,0,13,20,0,33,0,0,20,0,20,0,13,40,0,53,14,0,14,67
01/07/2020,CGF,OH,AGL,CE,Federal Contract Tower,0,12,20,0,32,0,0,31,0,31,0,12,51,0,63,12,0,12,75
01/08/2020,CGF,OH,AGL,CE,Federal Contract Tower,0,14,11,0,25,0,0,8,0,8,0,14,19,0,33,0,0,0,33
01/09/2020,CGF,OH,AGL,CE,Federal Contract Tower,0,4,25,0,29,0,0,7,0,7,0,4,32,0,36,0,0,0,36
01/10/2020,CGF,OH,AGL,CE,Federal Contract Tower,0,9,16,0,25,0,0,0,0,0,0,9,16,0,25,0,0,0,25
01/11/2020,CGF,OH,AGL,CE,Federal Contract Tower,0,6,3,0,9,0,0,0,0,0,0,6,3,0,9,0,0,0,9
01/12/2020,CGF,OH,AGL,CE,Federal Contract Tower,0,14,14,0,28,0,0,5,0,5,0,14,19,0,33,8,0,8,41
01/13/2020,CGF,OH,AGL,CE,Federal Contract Tower,0,11,13,0,24,0,0,1,0,1,0,11,14,0,25,0,0,0,25
01/14/2020,CGF,OH,AGL,CE,Federal Contract Tower,0,11,17,0,28,0,0,5,0,5,0,11,22,0,33,0,0,0,33
01/15/2020,CGF,OH,AGL,CE,Federal Contract Tower,0,6,13,0,19,0,0,15,0,15,0,6,28,0,34,12,0,12,46
01/16/2020,CGF,OH,AGL,CE,Federal Contract Tower,0,8,9,0,17,0,0,0,0,0,0,8,9,0,17,2,0,2,19
01/17/2020,CGF,OH,AGL,CE,Federal Contract Tower,0,14,6,0,20,0,0,13,0,13,0,14,19,0,33,20,0,20,53
01/18/2020,CGF,OH,AGL,CE,Federal Contract Tower,0,4,3,0,7,0,0,0,0,0,0,4,3,0,7,0,0,0,7
01/19/2020,CGF,OH,AGL,CE,Federal Contract Tower,0,6,4,0,10,0,0,0,0,0,0,6,4,0,10,0,0,0,10
01/20/2020,CGF,OH,AGL,CE,Federal Contract Tower,0,6,23,0,29,0,0,0,0,0,0,6,23,0,29,0,0,0,29
01/21/2020,CGF,OH,AGL,CE,Federal Contract Tower,0,6,17,0,23,0,0,3,0,3,0,6,20,0,26,4,0,4,30
01/22/2020,CGF,OH,AGL,CE,Federal Contract Tower,0,5,14,0,19,0,0,15,0,15,0,5,29,0,34,14,0,14,48
01/23/2020,CGF,OH,AGL,CE,Federal Contract Tower,0,11,26,0,37,0,0,25,0,25,0,11,51,0,62,18,0,18,80
01/24/2020,CGF,OH,AGL,CE,Federal Contract Tower,0,14,17,0,31,0,0,3,0,3,0,14,20,0,34,0,0,0,34
01/25/2020,CGF,OH,AGL,CE,Federal Contract Tower,0,4,9,0,13,0,0,2,0,2,0,4,11,0,15,0,0,0,15
01/26/2020,CGF,OH,AGL,CE,Federal Contract Tower,0,11,16,0,27,0,0,4,0,4,0,11,20,0,31,0,0,0,31
01/27/2020,CGF,OH,AGL,CE,Federal Contract Tower,0,13,12,0,25,0,0,0,0,0,0,13,12,0,25,0,0,0,25
01/28/2020,CGF,OH,AGL,CE,Federal Contract Tower,0,20,5,0,25,0,0,0,0,0,0,20,5,0,25,0,0,0,25
01/29/2020,CGF,OH,AGL,CE,Federal Contract Tower,0,12,11,0,23,0,0,10,0,10,0,12,21,0,33,34,0,34,67
01/30/2020,CGF,OH,AGL,CE,Federal Contract Tower,0,16,17,2,35,0,0,6,0,6,0,16,23,2,41,10,0,10,51
01/31/2020,CGF,OH,AGL,CE,Federal Contract Tower,0,14,11,0,25,0,0,7,0,7,0,14,18,0,32,6,0,6,38
02/01/2020,CGF,OH,AGL,CE,Federal Contract Tower,0,9,6,0,15,0,0,9,0,9,0,9,15,0,24,12,0,12,36
02/02/2020,CGF,OH,AGL,CE,Federal Contract Tower,0,8,4,0,12,0,0,7,0,7,0,8,11,0,19,2,0,2,21
02/03/2020,CGF,OH,AGL,CE,Federal Contract Tower,0,13,15,0,28,0,0,25,0,25,0,13,40,0,53,5,0,5,58
02/04/2020,CGF,OH,AGL,CE,Federal Contract Tower,0,14,14,0,28,0,0,2,0,2,0,14,16,0,30,0,0,0,30
02/05/2020,CGF,OH,AGL,CE,Federal Contract Tower,0,11,17,0,28,0,0,18,0,18,0,11,35,0,46,28,0,28,74
02/06/2020,CGF,OH,AGL,CE,Federal Contract Tower,0,9,11,0,20,0,0,0,0,0,0,9,11,0,20,0,0,0,20
02/07/2020,CGF,OH,AGL,CE,Federal Contract Tower,0,12,5,0,17,0,0,0,0,0,0,12,5,0,17,0,0,0,17
02/08/2020,CGF,OH,AGL,CE,Federal Contract Tower,0,5,5,0,10,0,0,5,0,5,0,5,10,0,15,12,0,12,27
02/09/2020,CGF,OH,AGL,CE,Federal Contract Tower,0,6,8,0,14,0,0,7,0,7,0,6,15,0,21,2,0,2,23
02/10/2020,CGF,OH,AGL,CE,Federal Contract Tower,0,8,23,0,31,0,0,0,0,0,0,8,23,0,31,0,0,0,31
02/11/2020,CGF,OH,AGL,CE,Federal Contract Tower,0,18,20,0,38,0,0,6,0,6,0,18,26,0,44,40,0,40,84
02/12/2020,CGF,OH,AGL,CE,Federal Contract Tower,0,9,22,0,31,0,0,29,0,29,0,9,51,0,60,16,0,16,76
02/13/2020,CGF,OH,AGL,CE,Federal Contract Tower,0,3,17,0,20,0,0,0,0,0,0,3,17,0,20,0,0,0,20
02/14/2020,CGF,OH,AGL,CE,Federal Contract Tower,0,12,14,0,26,0,2,10,0,12,0,14,24,0,38,6,0,6,44
02/15/2020,CGF,OH,AGL,CE,Federal Contract Tower,0,10,9,0,19,0,0,9,0,9,0,10,18,0,28,4,0,4,32
02/16/2020,CGF,OH,AGL,CE,Federal Contract Tower,0,10,17,0,27,0,0,21,0,21,0,10,38,0,48,12,0,12,60
02/17/2020,CGF,OH,AGL,CE,Federal Contract Tower,0,6,21,0,27,0,0,18,0,18,0,6,39,0,45,14,0,14,59
02/18/2020,CGF,OH,AGL,CE,Federal Contract Tower,0,11,10,0,21,0,0,1,0,1,0,11,11,0,22,0,0,0,22
02/19/2020,CGF,OH,AGL,CE,Federal Contract Tower,0,7,15,0,22,0,0,26,0,26,0,7,41,0,48,10,0,10,58
02/20/2020,CGF,OH,AGL,CE,Federal Contract Tower,0,19,25,0,44,0,0,10,0,10,0,19,35,0,54,99,0,99,153
02/21/2020,CGF,OH,AGL,CE,Federal Contract Tower,0,11,9,0,20,0,0,31,0,31,0,11,40,0,51,18,0,18,69
02/22/2020,CGF,OH,AGL,CE,Federal Contract Tower,0,9,5,0,14,0,0,33,0,33,0,9,38,0,47,0,0,0,47
02/23/2020,CGF,OH,AGL,CE,Federal Contract Tower,0,5,8,0,13,0,0,35,0,35,0,5,43,0,48,12,0,12,60
02/24/2020,CGF,OH,AGL,CE,Federal Contract Tower,0,8,21,0,29,0,0,14,0,14,0,8,35,0,43,11,0,11,54
02/25/2020,CGF,OH,AGL,CE,Federal Contract Tower,0,7,8,0,15,0,0,0,0,0,0,7,8,0,15,0,0,0,15
02/26/2020,CGF,OH,AGL,CE,Federal Contract Tower,0,8,13,0,21,0,0,0,0,0,0,8,13,0,21,0,0,0,21
02/27/2020,CGF,OH,AGL,CE,Federal Contract Tower,0,4,6,0,10,0,0,1,0,1,0,4,7,0,11,0,0,0,11
02/28/2020,CGF,OH,AGL,CE,Federal Contract Tower,0,9,6,0,15,0,0,0,0,0,0,9,6,0,15,24,0,24,39
02/29/2020,CGF,OH,AGL,CE,Federal Contract Tower,0,7,5,0,12,0,0,2,0,2,0,7,7,0,14,0,0,0,14
03/01/2020,CGF,OH,AGL,CE,Federal Contract Tower,0,14,11,0,25,0,0,26,0,26,0,14,37,0,51,6,0,6,57
03/02/2020,CGF,OH,AGL,CE,Federal Contract Tower,0,10,12,0,22,0,0,0,0,0,0,10,12,0,22,0,0,0,22
03/03/2020,CGF,OH,AGL,CE,Federal Contract Tower,0,17,18,0,35,0,0,6,0,6,0,17,24,0,41,0,0,0,41
03/04/2020,CGF,OH,AGL,CE,Federal Contract Tower,0,11,12,0,23,0,0,5,0,5,0,11,17,0,28,6,0,6,34
03/05/2020,CGF,OH,AGL,CE,Federal Contract Tower,6,17,0,0,23,0,0,30,0,30,6,17,30,0,53,12,0,12,65
03/06/2020,CGF,OH,AGL,CE,Federal Contract Tower,0,12,16,0,28,0,0,0,0,0,0,12,16,0,28,0,0,0,28
03/07/2020,CGF,OH,AGL,CE,Federal Contract Tower,0,6,15,0,21,0,0,48,0,48,0,6,63,0,69,38,0,38,107
03/08/2020,CGF,OH,AGL,CE,Federal Contract Tower,0,7,12,0,19,0,0,44,0,44,0,7,56,0,63,29,0,29,92
03/09/2020,CGF,OH,AGL,CE,Federal Contract Tower,0,8,14,0,22,0,0,9,0,9,0,8,23,0,31,28,0,28,59
03/10/2020,CGF,OH,AGL,CE,Federal Contract Tower,0,15,32,0,47,0,0,2,0,2,0,15,34,0,49,0,0,0,49
03/11/2020,CGF,OH,AGL,CE,Federal Contract Tower,0,4,16,0,20,0,0,18,0,18,0,4,34,0,38,18,0,18,56
03/12/2020,CGF,OH,AGL,CE,Federal Contract Tower,0,12,22,0,34,0,0,19,0,19,0,12,41,0,53,10,0,10,63
03/13/2020,CGF,OH,AGL,CE,Federal Contract Tower,0,14,16,0,30,0,0,5,0,5,0,14,21,0,35,10,0,10,45
03/14/2020,CGF,OH,AGL,CE,Federal Contract Tower,0,10,11,0,21,0,0,25,0,25,0,10,36,0,46,58,0,58,104
03/15/2020,CGF,OH,AGL,CE,Federal Contract Tower,0,6,14,0,20,0,0,17,0,17,0,6,31,0,37,2,0,2,39
03/16/2020,CGF,OH,AGL,CE,Federal Contract Tower,0,11,5,0,16,0,0,13,0,13,0,11,18,0,29,8,0,8,37
03/17/2020,CGF,OH,AGL,CE,Federal Contract Tower,0,6,7,0,13,0,0,3,0,3,0,6,10,0,16,0,0,0,16
03/18/2020,CGF,OH,AGL,CE,Federal Contract Tower,0,11,9,0,20,0,0,7,0,7,0,11,16,0,27,0,0,0,27
03/19/2020,CGF,OH,AGL,CE,Federal Contract Tower,0,9,19,0,28,0,0,1,0,1,0,9,20,0,29,6,0,6,35
03/20/2020,CGF,OH,AGL,CE,Federal Contract Tower,0,6,1,0,7,0,0,1,0,1,0,6,2,0,8,0,0,0,8
03/21/2020,CGF,OH,AGL,CE,Federal Contract Tower,0,18,2,0,20,0,0,2,0,2,0,18,4,0,22,0,0,0,22
03/22/2020,CGF,OH,AGL,CE,Federal Contract Tower,0,16,15,0,31,0,0,19,0,19,0,16,34,0,50,16,0,16,66
03/23/2020,CGF,OH,AGL,CE,Federal Contract Tower,0,12,0,0,12,0,0,0,0,0,0,12,0,0,12,0,0,0,12
03/24/2020,CGF,OH,AGL,CE,Federal Contract Tower,0,11,1,0,12,0,0,1,0,1,0,11,2,0,13,0,0,0,13
03/25/2020,CGF,OH,AGL,CE,Federal Contract Tower,0,17,5,0,22,0,0,10,0,10,0,17,15,0,32,0,0,0,32
03/26/2020,CGF,OH,AGL,CE,Federal Contract Tower,0,7,2,0,9,0,0,6,0,6,0,7,8,0,15,0,0,0,15
03/27/2020,CGF,OH,AGL,CE,Federal Contract Tower,0,5,0,0,5,0,0,2,0,2,0,5,2,0,7,8,0,8,15
03/28/2020,CGF,OH,AGL,CE,Federal Contract Tower,0,9,0,0,9,0,0,0,0,0,0,9,0,0,9,0,0,0,9
03/29/2020,CGF,OH,AGL,CE,Federal Contract Tower,0,11,5,0,16,0,0,4,0,4,0,11,9,0,20,0,0,0,20
03/30/2020,CGF,OH,AGL,CE,Federal Contract Tower,0,21,5,0,26,0,0,0,0,0,0,21,5,0,26,0,0,0,26
03/31/2020,CGF,OH,AGL,CE,Federal Contract Tower,0,7,2,0,9,0,0,0,0,0,0,7,2,0,9,0,0,0,9
04/01/2020,CGF,OH,AGL,CE,Federal Contract Tower,0,9,0,0,9,0,0,4,0,4,0,9,4,0,13,0,0,0,13
04/02/2020,CGF,OH,AGL,CE,Federal Contract Tower,0,13,3,0,16,0,0,15,0,15,0,13,18,0,31,0,0,0,31
04/03/2020,CGF,OH,AGL,CE,Federal Contract Tower,0,11,3,0,14,0,0,14,0,14,0,11,17,0,28,12,0,12,40
04/04/2020,CGF,OH,AGL,CE,Federal Contract Tower,0,13,7,0,20,0,0,38,0,38,0,13,45,0,58,48,0,48,106
04/05/2020,CGF,OH,AGL,CE,Federal Contract Tower,0,14,0,0,14,0,0,5,0,5,0,14,5,0,19,0,0,0,19
04/06/2020,CGF,OH,AGL,CE,Federal Contract Tower,0,6,6,0,12,0,0,18,0,18,0,6,24,0,30,10,0,10,40
04/07/2020,CGF,OH,AGL,CE,Federal Contract Tower,0,6,2,0,8,0,0,3,0,3,0,6,5,0,11,0,0,0,11
04/08/2020,CGF,OH,AGL,CE,Federal Contract Tower,0,8,6,0,14,0,0,3,0,3,0,8,9,0,17,0,0,0,17
04/09/2020,CGF,OH,AGL,CE,Federal Contract Tower,0,11,0,0,11,0,0,2,0,2,0,11,2,0,13,2,0,2,15
04/10/2020,CGF,OH,AGL,CE,Federal Contract Tower,0,12,1,0,13,0,0,2,0,2,0,12,3,0,15,0,0,0,15
04/11/2020,CGF,OH,AGL,CE,Federal Contract Tower,0,10,1,0,11,0,0,19,0,19,0,10,20,0,30,8,0,8,38
04/12/2020,CGF,OH,AGL,CE,Federal Contract Tower,0,6,0,0,6,0,0,2,0,2,0,6,2,0,8,0,0,0,8
04/13/2020,CGF,OH,AGL,CE,Federal Contract Tower,0,13,0,0,13,0,0,0,0,0,0,13,0,0,13,0,0,0,13
04/14/2020,CGF,OH,AGL,CE,Federal Contract Tower,0,4,3,0,7,0,0,10,0,10,0,4,13,0,17,26,0,26,43
04/15/2020,CGF,OH,AGL,CE,Federal Contract Tower,0,8,7,0,15,0,0,4,0,4,0,8,11,0,19,0,0,0,19
04/16/2020,CGF,OH,AGL,CE,Federal Contract Tower,0,6,2,0,8,0,0,0,0,0,0,6,2,0,8,0,0,0,8
04/17/2020,CGF,OH,AGL,CE,Federal Contract Tower,0,3,0,0,3,0,0,0,0,0,0,3,0,0,3,0,0,0,3
04/18/2020,CGF,OH,AGL,CE,Federal Contract Tower,0,10,6,0,16,0,0,3,0,3,0,10,9,0,19,30,0,30,49
04/19/2020,CGF,OH,AGL,CE,Federal Contract Tower,0,5,3,0,8,0,0,3,0,3,0,5,6,0,11,12,0,12,23
04/20/2020,CGF,OH,AGL,CE,Federal Contract Tower,0,6,11,0,17,0,2,19,0,21,0,8,30,0,38,20,0,20,58
04/21/2020,CGF,OH,AGL,CE,Federal Contract Tower,0,8,5,0,13,0,0,0,0,0,0,8,5,0,13,0,0,0,13
04/22/2020,CGF,OH,AGL,CE,Federal Contract Tower,0,10,4,0,14,0,0,13,0,13,0,10,17,0,27,0,0,0,27
04/23/2020,CGF,OH,AGL,CE,Federal Contract Tower,0,5,0,0,5,0,0,3,0,3,0,5,3,0,8,0,0,0,8
04/24/2020,CGF,OH,AGL,CE,Federal Contract Tower,0,10,9,0,19,0,4,0,0,4,0,14,9,0,23,0,0,0,23
04/25/2020,CGF,OH,AGL,CE,Federal Contract Tower,0,8,6,0,14,0,0,21,0,21,0,8,27,0,35,12,0,12,47
04/26/2020,CGF,OH,AGL,CE,Federal Contract Tower,0,5,2,0,7,0,0,0,0,0,0,5,2,0,7,0,0,0,7
04/27/2020,CGF,OH,AGL,CE,Federal Contract Tower,0,4,6,0,10,0,0,9,0,9,0,4,15,0,19,0,0,0,19
04/28/2020,CGF,OH,AGL,CE,Federal Contract Tower,0,8,3,0,11,0,0,3,0,3,0,8,6,0,14,6,0,6,20
04/29/2020,CGF,OH,AGL,CE,Federal Contract Tower,0,10,7,0,17,0,0,3,0,3,0,10,10,0,20,4,0,4,24
04/30/2020,CGF,OH,AGL,CE,Federal Contract Tower,0,9,3,0,12,0,0,1,0,1,0,9,4,0,13,0,0,0,13
05/01/2020,CGF,OH,AGL,CE,Federal Contract Tower,0,8,4,0,12,0,0,1,0,1,0,8,5,0,13,2,0,2,15
05/02/2020,CGF,OH,AGL,CE,Federal Contract Tower,0,8,5,0,13,0,0,5,0,5,0,8,10,0,18,0,0,0,18
05/03/2020,CGF,OH,AGL,CE,Federal Contract Tower,0,5,4,0,9,0,0,26,0,26,0,5,30,0,35,40,0,40,75
05/04/2020,CGF,OH,AGL,CE,Federal Contract Tower,0,11,4,0,15,0,0,12,2,14,0,11,16,2,29,28,0,28,57
05/05/2020,CGF,OH,AGL,CE,Federal Contract Tower,0,5,6,0,11,0,0,10,0,10,0,5,16,0,21,36,0,36,57
05/06/2020,CGF,OH,AGL,CE,Federal Contract Tower,0,9,2,0,11,0,12,3,0,15,0,21,5,0,26,9,0,9,35
05/07/2020,CGF,OH,AGL,CE,Federal Contract Tower,0,16,9,0,25,0,0,8,0,8,0,16,17,0,33,0,0,0,33
05/08/2020,CGF,OH,AGL,CE,Federal Contract Tower,0,18,1,0,19,0,0,2,0,2,0,18,3,0,21,0,0,0,21
05/09/2020,CGF,OH,AGL,CE,Federal Contract Tower,0,18,0,0,18,0,0,8,0,8,0,18,8,0,26,0,0,0,26
05/10/2020,CGF,OH,AGL,CE,Federal Contract Tower,0,9,2,0,11,0,0,5,0,5,0,9,7,0,16,2,0,2,18
05/11/2020,CGF,OH,AGL,CE,Federal Contract Tower,0,17,9,0,26,0,0,0,0,0,0,17,9,0,26,0,0,0,26
05/12/2020,CGF,OH,AGL,CE,Federal Contract Tower,0,25,5,0,30,0,0,17,0,17,0,25,22,0,47,30,0,30,77
05/13/2020,CGF,OH,AGL,CE,Federal Contract Tower,0,17,2,0,19,0,0,35,0,35,0,17,37,0,54,8,0,8,62
05/14/2020,CGF,OH,AGL,CE,Federal Contract Tower,0,20,4,0,24,0,0,3,0,3,0,20,7,0,27,0,0,0,27
05/15/2020,CGF,OH,AGL,CE,Federal Contract Tower,0,16,3,0,19,0,0,2,0,2,0,16,5,0,21,0,0,0,21
05/16/2020,CGF,OH,AGL,CE,Federal Contract Tower,0,17,5,0,22,0,1,21,0,22,0,18,26,0,44,16,0,16,60
05/17/2020,CGF,OH,AGL,CE,Federal Contract Tower,0,7,10,0,17,0,0,6,0,6,0,7,16,0,23,0,0,0,23
05/18/2020,CGF,OH,AGL,CE,Federal Contract Tower,0,16,10,0,26,0,0,0,0,0,0,16,10,0,26,0,0,0,26
05/19/2020,CGF,OH,AGL,CE,Federal Contract Tower,0,15,7,0,22,0,0,6,0,6,0,15,13,0,28,2,0,2,30
05/20/2020,CGF,OH,AGL,CE,Federal Contract Tower,0,14,4,0,18,0,0,16,0,16,0,14,20,0,34,26,0,26,60
05/21/2020,CGF,OH,AGL,CE,Federal Contract Tower,0,12,11,0,23,0,0,18,0,18,0,12,29,0,41,6,0,6,47
05/22/2020,CGF,OH,AGL,CE,Federal Contract Tower,0,12,19,0,31,0,0,0,0,0,0,12,19,0,31,0,0,0,31
05/23/2020,CGF,OH,AGL,CE,Federal Contract Tower,0,12,19,0,31,0,0,11,0,11,0,12,30,0,42,40,0,40,82
05/24/2020,CGF,OH,AGL,CE,Federal Contract Tower,0,21,4,0,25,0,0,15,0,15,0,21,19,0,40,38,0,38,78
05/25/2020,CGF,OH,AGL,CE,Federal Contract Tower,0,15,10,0,25,0,0,18,0,18,0,15,28,0,43,36,0,36,79
05/26/2020,CGF,OH,AGL,CE,Federal Contract Tower,0,10,14,0,24,0,0,21,0,21,0,10,35,0,45,22,0,22,67
05/27/2020,CGF,OH,AGL,CE,Federal Contract Tower,0,20,26,0,46,0,0,13,0,13,0,20,39,0,59,0,0,0,59
05/28/2020,CGF,OH,AGL,CE,Federal Contract Tower,0,23,30,0,53,0,0,6,0,6,0,23,36,0,59,4,0,4,63
05/29/2020,CGF,OH,AGL,CE,Federal Contract Tower,0,18,11,0,29,0,0,1,0,1,0,18,12,0,30,14,0,14,44
05/30/2020,CGF,OH,AGL,CE,Federal Contract Tower,0,14,8,0,22,0,0,13,0,13,0,14,21,0,35,24,0,24,59
05/31/2020,CGF,OH,AGL,CE,Federal Contract Tower,0,10,7,0,17,0,1,27,0,28,0,11,34,0,45,12,0,12,57
06/01/2020,CGF,OH,AGL,CE,Federal Contract Tower,0,8,11,0,19,0,0,26,0,26,0,8,37,0,45,80,0,80,125
06/02/2020,CGF,OH,AGL,CE,Federal Contract Tower,0,18,16,0,34,0,0,15,0,15,0,18,31,0,49,12,0,12,61
06/03/2020,CGF,OH,AGL,CE,Federal Contract Tower,0,20,5,0,25,0,0,9,0,9,0,20,14,0,34,6,0,6,40
06/04/2020,CGF,OH,AGL,CE,Federal Contract Tower,0,17,4,0,21,0,0,1,0,1,0,17,5,0,22,0,0,0,22
06/05/2020,CGF,OH,AGL,CE,Federal Contract Tower,0,19,13,0,32,0,0,8,0,8,0,19,21,0,40,6,0,6,46
06/06/2020,CGF,OH,AGL,CE,Federal Contract Tower,0,10,12,0,22,0,0,17,0,17,0,10,29,0,39,30,0,30,69
06/07/2020,CGF,OH,AGL,CE,Federal Contract Tower,0,9,4,0,13,0,0,32,0,32,0,9,36,0,45,2,0,2,47
06/08/2020,CGF,OH,AGL,CE,Federal Contract Tower,0,13,8,0,21,0,0,25,0,25,0,13,33,0,46,41,0,41,87
06/09/2020,CGF,OH,AGL,CE,Federal Contract Tower,0,11,11,0,22,0,0,24,0,24,0,11,35,0,46,20,0,20,66
06/10/2020,CGF,OH,AGL,CE,Federal Contract Tower,0,15,1,0,16,0,0,7,0,7,0,15,8,0,23,0,0,0,23
06/11/2020,CGF,OH,AGL,CE,Federal Contract Tower,0,18,14,0,32,0,0,14,0,14,0,18,28,0,46,10,0,10,56
06/12/2020,CGF,OH,AGL,CE,Federal Contract Tower,0,13,5,0,18,0,1,31,0,32,0,14,36,0,50,20,0,20,70
06/13/2020,CGF,OH,AGL,CE,Federal Contract Tower,0,19,12,0,31,0,0,13,0,13,0,19,25,0,44,8,0,8,52
06/14/2020,CGF,OH,AGL,CE,Federal Contract Tower,0,13,8,0,21,0,0,7,0,7,0,13,15,0,28,16,0,16,44
06/15/2020,CGF,OH,AGL,CE,Federal Contract Tower,0,18,19,0,37,0,0,22,0,22,0,18,41,0,59,0,0,0,59
06/16/2020,CGF,OH,AGL,CE,Federal Contract Tower,0,17,9,0,26,0,0,14,0,14,0,17,23,0,40,10,0,10,50
06/17/2020,CGF,OH,AGL,CE,Federal Contract Tower,0,14,34,0,48,0,0,32,0,32,0,14,66,0,80,38,0,38,118
06/18/2020,CGF,OH,AGL,CE,Federal Contract Tower,0,8,13,0,21,0,0,10,0,10,0,8,23,0,31,8,0,8,39
06/19/2020,CGF,OH,AGL,CE,Federal Contract Tower,0,13,8,0,21,0,0,15,0,15,0,13,23,0,36,46,0,46,82
06/20/2020,CGF,OH,AGL,CE,Federal Contract Tower,0,17,6,0,23,0,1,30,0,31,0,18,36,0,54,42,0,42,96
06/21/2020,CGF,OH,AGL,CE,Federal Contract Tower,0,13,12,0,25,0,0,12,0,12,0,13,24,0,37,42,0,42,79
06/22/2020,CGF,OH,AGL,CE,Federal Contract Tower,0,16,20,0,36,0,0,6,0,6,0,16,26,0,42,10,0,10,52
06/23/2020,CGF,OH,AGL,CE,Federal Contract Tower,0,20,14,0,34,0,0,0,0,0,0,20,14,0,34,26,0,26,60
06/24/2020,CGF,OH,AGL,CE,Federal Contract Tower,0,18,22,0,40,0,0,15,0,15,0,18,37,0,55,26,0,26,81
06/25/2020,CGF,OH,AGL,CE,Federal Contract Tower,0,18,21,0,39,0,0,22,0,22,0,18,43,0,61,46,0,46,107
06/26/2020,CGF,OH,AGL,CE,Federal Contract Tower,0,21,11,0,32,0,0,30,0,30,0,21,41,0,62,45,0,45,107
06/27/2020,CGF,OH,AGL,CE,Federal Contract Tower,0,22,3,0,25,0,0,11,0,11,0,22,14,0,36,16,0,16,52
06/28/2020,CGF,OH,AGL,CE,Federal Contract Tower,0,15,6,0,21,0,0,27,0,27,0,15,33,0,48,16,0,16,64
06/29/2020,CGF,OH,AGL,CE,Federal Contract Tower,0,14,9,0,23,0,4,32,0,36,0,18,41,0,59,68,0,68,127
06/30/2020,CGF,OH,AGL,CE,Federal Contract Tower,0,8,11,0,19,0,2,31,0,33,0,10,42,0,52,74,0,74,126
07/01/2020,CGF,OH,AGL,CE,Federal Contract Tower,0,18,12,0,30,0,0,10,0,10,0,18,22,0,40,36,0,36,76
07/02/2020,CGF,OH,AGL,CE,Federal Contract Tower,0,15,10,0,25,0,0,36,0,36,0,15,46,0,61,92,0,92,153
07/03/2020,CGF,OH,AGL,CE,Federal Contract Tower,0,16,10,0,26,0,0,33,0,33,0,16,43,0,59,66,0,66,125
07/04/2020,CGF,OH,AGL,CE,Federal Contract Tower,0,9,2,0,11,0,0,15,0,15,0,9,17,0,26,0,0,0,26
07/05/2020,CGF,OH,AGL,CE,Federal Contract Tower,0,21,11,0,32,0,1,24,0,25,0,22,35,0,57,34,0,34,91
07/06/2020,CGF,OH,AGL,CE,Federal Contract Tower,0,14,14,0,28,0,0,35,0,35,0,14,49,0,63,120,0,120,183
07/07/2020,CGF,OH,AGL,CE,Federal Contract Tower,0,9,12,0,21,0,0,21,0,21,0,9,33,0,42,0,0,0,42
07/08/2020,CGF,OH,AGL,CE,Federal Contract Tower,0,20,9,0,29,0,4,20,0,24,0,24,29,0,53,52,0,52,105
07/09/2020,CGF,OH,AGL,CE,Federal Contract Tower,0,17,21,0,38,0,0,15,0,15,0,17,36,0,53,68,0,68,121
07/10/2020,CGF,OH,AGL,CE,Federal Contract Tower,0,8,3,0,11,0,0,9,0,9,0,8,12,0,20,76,0,76,96
07/11/2020,CGF,OH,AGL,CE,Federal Contract Tower,0,11,5,0,16,0,0,6,0,6,0,11,11,0,22,0,0,0,22
07/12/2020,CGF,OH,AGL,CE,Federal Contract Tower,0,15,2,0,17,0,2,27,0,29,0,17,29,0,46,34,0,34,80
07/13/2020,CGF,OH,AGL,CE,Federal Contract Tower,0,17,14,0,31,0,3,32,0,35,0,20,46,0,66,28,0,28,94
07/14/2020,CGF,OH,AGL,CE,Federal Contract Tower,0,18,22,0,40,0,0,26,0,26,0,18,48,0,66,36,0,36,102
07/15/2020,CGF,OH,AGL,CE,Federal Contract Tower,0,8,17,0,25,0,0,19,4,23,0,8,36,4,48,0,0,0,48
07/16/2020,CGF,OH,AGL,CE,Federal Contract Tower,0,15,12,0,27,0,0,16,0,16,0,15,28,0,43,16,0,16,59
07/17/2020,CGF,OH,AGL,CE,Federal Contract Tower,0,13,11,0,24,0,0,22,0,22,0,13,33,0,46,32,0,32,78
07/18/2020,CGF,OH,AGL,CE,Federal Contract Tower,0,8,6,0,14,0,0,43,0,43,0,8,49,0,57,28,0,28,85
07/19/2020,CGF,OH,AGL,CE,Federal Contract Tower,0,6,6,0,12,0,0,16,0,16,0,6,22,0,28,18,0,18,46
07/20/2020,CGF,OH,AGL,CE,Federal Contract Tower,0,12,18,0,30,0,0,22,0,22,0,12,40,0,52,56,0,56,108
07/21/2020,CGF,OH,AGL,CE,Federal Contract Tower,0,15,28,0,43,0,0,42,0,42,0,15,70,0,85,76,0,76,161
07/22/2020,CGF,OH,AGL,CE,Federal Contract Tower,0,18,6,0,24,0,0,12,0,12,0,18,18,0,36,0,0,0,36
07/23/2020,CGF,OH,AGL,CE,Federal Contract Tower,0,18,17,0,35,0,0,12,0,12,0,18,29,0,47,58,0,58,105
07/24/2020,CGF,OH,AGL,CE,Federal Contract Tower,0,12,14,0,26,0,0,31,0,31,0,12,45,0,57,10,0,10,67
07/25/2020,CGF,OH,AGL,CE,Federal Contract Tower,0,13,20,0,33,0,0,42,0,42,0,13,62,0,75,26,0,26,101
07/26/2020,CGF,OH,AGL,CE,Federal Contract Tower,0,13,11,0,24,0,0,33,0,33,0,13,44,0,57,60,0,60,117
07/27/2020,CGF,OH,AGL,CE,Federal Contract Tower,0,19,20,0,39,0,0,7,0,7,0,19,27,0,46,22,0,22,68
07/28/2020,CGF,OH,AGL,CE,Federal Contract Tower,0,22,15,0,37,0,2,28,0,30,0,24,43,0,67,60,0,60,127
07/29/2020,CGF,OH,AGL,CE,Federal Contract Tower,0,9,22,0,31,0,0,21,0,21,0,9,43,0,52,29,0,29,81
07/30/2020,CGF,OH,AGL,CE,Federal Contract Tower,0,18,18,0,36,0,0,21,0,21,0,18,39,0,57,104,0,104,161
07/31/2020,CGF,OH,AGL,CE,Federal Contract Tower,0,18,26,0,44,0,0,22,0,22,0,18,48,0,66,28,0,28,94
08/01/2020,CGF,OH,AGL,CE,Federal Contract Tower,0,11,10,0,21,0,0,21,0,21,0,11,31,0,42,84,0,84,126
08/02/2020,CGF,OH,AGL,CE,Federal Contract Tower,0,15,13,0,28,0,0,0,0,0,0,15,13,0,28,0,0,0,28
08/03/2020,CGF,OH,AGL,CE,Federal Contract Tower,0,22,8,0,30,0,0,18,0,18,0,22,26,0,48,66,0,66,114
08/04/2020,CGF,OH,AGL,CE,Federal Contract Tower,0,14,12,0,26,0,0,18,0,18,0,14,30,0,44,38,0,38,82
08/05/2020,CGF,OH,AGL,CE,Federal Contract Tower,0,13,22,0,35,0,0,23,0,23,0,13,45,0,58,28,0,28,86
08/06/2020,CGF,OH,AGL,CE,Federal Contract Tower,0,8,12,0,20,0,0,9,0,9,0,8,21,0,29,18,0,18,47
08/07/2020,CGF,OH,AGL,CE,Federal Contract Tower,0,16,7,0,23,0,14,40,0,54,0,30,47,0,77,36,0,36,113
08/08/2020,CGF,OH,AGL,CE,Federal Contract Tower,0,8,8,0,16,0,0,29,0,29,0,8,37,0,45,60,0,60,105
08/09/2020,CGF,OH,AGL,CE,Federal Contract Tower,0,16,16,0,32,0,0,29,0,29,0,16,45,0,61,56,0,56,117
08/10/2020,CGF,OH,AGL,CE,Federal Contract Tower,0,12,13,0,25,0,0,36,0,36,0,12,49,0,61,62,0,62,123
08/11/2020,CGF,OH,AGL,CE,Federal Contract Tower,0,16,15,0,31,0,0,7,0,7,0,16,22,0,38,124,0,124,162
08/12/2020,CGF,OH,AGL,CE,Federal Contract Tower,0,17,26,0,43,0,0,17,0,17,0,17,43,0,60,16,0,16,76
08/13/2020,CGF,OH,AGL,CE,Federal Contract Tower,0,21,8,0,29,0,2,27,0,29,0,23,35,0,58,60,0,60,118
08/14/2020,CGF,OH,AGL,CE,Federal Contract Tower,0,9,12,0,21,0,2,21,0,23,0,11,33,0,44,14,0,14,58
08/15/2020,CGF,OH,AGL,CE,Federal Contract Tower,0,16,6,0,22,0,0,17,0,17,0,16,23,0,39,14,0,14,53
08/16/2020,CGF,OH,AGL,CE,Federal Contract Tower,0,14,4,0,18,0,0,19,0,19,0,14,23,0,37,18,0,18,55
08/17/2020,CGF,OH,AGL,CE,Federal Contract Tower,0,15,22,0,37,0,0,16,0,16,0,15,38,0,53,2,0,2,55
08/18/2020,CGF,OH,AGL,CE,Federal Contract Tower,0,8,11,0,19,0,0,26,0,26,0,8,37,0,45,52,0,52,97
08/19/2020,CGF,OH,AGL,CE,Federal Contract Tower,0,11,31,0,42,0,0,20,0,20,0,11,51,0,62,66,0,66,128
08/20/2020,CGF,OH,AGL,CE,Federal Contract Tower,0,16,22,0,38,0,0,45,0,45,0,16,67,0,83,60,0,60,143
08/21/2020,CGF,OH,AGL,CE,Federal Contract Tower,0,18,23,0,41,0,0,23,0,23,0,18,46,0,64,72,0,72,136
08/22/2020,CGF,OH,AGL,CE,Federal Contract Tower,0,12,7,0,19,0,0,39,0,39,0,12,46,0,58,80,0,80,138
08/23/2020,CGF,OH,AGL,CE,Federal Contract Tower,0,13,13,0,26,0,6,31,0,37,0,19,44,0,63,58,0,58,121
08/24/2020,CGF,OH,AGL,CE,Federal Contract Tower,0,12,11,0,23,0,0,5,0,5,0,12,16,0,28,0,0,0,28
08/25/2020,CGF,OH,AGL,CE,Federal Contract Tower,0,13,11,0,24,0,0,0,0,0,0,13,11,0,24,58,0,58,82
08/26/2020,CGF,OH,AGL,CE,Federal Contract Tower,0,13,24,0,37,0,2,22,0,24,0,15,46,0,61,12,0,12,73
08/27/2020,CGF,OH,AGL,CE,Federal Contract Tower,0,18,17,0,35,0,3,24,0,27,0,21,41,0,62,20,0,20,82
08/28/2020,CGF,OH,AGL,CE,Federal Contract Tower,0,7,14,0,21,0,4,0,0,4,0,11,14,0,25,0,0,0,25
08/29/2020,CGF,OH,AGL,CE,Federal Contract Tower,0,14,5,0,19,0,0,8,0,8,0,14,13,0,27,14,0,14,41
08/30/2020,CGF,OH,AGL,CE,Federal Contract Tower,0,12,20,0,32,0,0,50,0,50,0,12,70,0,82,48,0,48,130
08/31/2020,CGF,OH,AGL,CE,Federal Contract Tower,0,9,17,0,26,0,2,25,0,27,0,11,42,0,53,44,0,44,97
09/01/2020,CGF,OH,AGL,CE,Federal Contract Tower,0,15,19,0,34,0,0,19,0,19,0,15,38,0,53,48,0,48,101
09/02/2020,CGF,OH,AGL,CE,Federal Contract Tower,0,9,25,0,34,0,0,1,0,1,0,9,26,0,35,0,0,0,35
09/03/2020,CGF,OH,AGL,CE,Federal Contract Tower,0,10,15,0,25,0,0,20,0,20,0,10,35,0,45,6,0,6,51
09/04/2020,CGF,OH,AGL,CE,Federal Contract Tower,0,19,10,0,29,0,8,23,0,31,0,27,33,0,60,12,0,12,72
09/05/2020,CGF,OH,AGL,CE,Federal Contract Tower,0,11,15,0,26,0,2,31,0,33,0,13,46,0,59,48,0,48,107
09/06/2020,CGF,OH,AGL,CE,Federal Contract Tower,0,11,5,0,16,0,0,31,0,31,0,11,36,0,47,34,0,34,81
09/07/2020,CGF,OH,AGL,CE,Federal Contract Tower,0,12,17,0,29,0,0,4,0,4,0,12,21,0,33,0,0,0,33
09/08/2020,CGF,OH,AGL,CE,Federal Contract Tower,0,21,14,0,35,0,0,17,0,17,0,21,31,0,52,16,0,16,68
09/09/2020,CGF,OH,AGL,CE,Federal Contract Tower,0,4,28,0,32,0,0,20,0,20,0,4,48,0,52,20,0,20,72
09/10/2020,CGF,OH,AGL,CE,Federal Contract Tower,0,9,8,0,17,0,0,0,0,0,0,9,8,0,17,0,0,0,17
09/11/2020,CGF,OH,AGL,CE,Federal Contract Tower,0,10,18,0,28,0,0,21,0,21,0,10,39,0,49,54,0,54,103
09/12/2020,CGF,OH,AGL,CE,Federal Contract Tower,0,12,18,0,30,0,0,31,0,31,0,12,49,0,61,66,0,66,127
09/13/2020,CGF,OH,AGL,CE,Federal Contract Tower,0,22,12,0,34,0,0,13,0,13,0,22,25,0,47,42,0,42,89
09/14/2020,CGF,OH,AGL,CE,Federal Contract Tower,0,12,11,0,23,0,0,29,0,29,0,12,40,0,52,46,0,46,98
09/15/2020,CGF,OH,AGL,CE,Federal Contract Tower,0,22,27,0,49,0,0,52,0,52,0,22,79,0,101,48,0,48,149
09/16/2020,CGF,OH,AGL,CE,Federal Contract Tower,0,15,28,0,43,0,0,39,0,39,0,15,67,0,82,48,0,48,130
09/17/2020,CGF,OH,AGL,CE,Federal Contract Tower,0,13,19,0,32,0,0,30,0,30,0,13,49,0,62,50,0,50,112
09/18/2020,CGF,OH,AGL,CE,Federal Contract Tower,0,19,13,0,32,0,0,32,0,32,0,19,45,0,64,16,0,16,80
09/19/2020,CGF,OH,AGL,CE,Federal Contract Tower,0,14,17,0,31,0,4,62,0,66,0,18,79,0,97,32,0,32,129
09/20/2020,CGF,OH,AGL,CE,Federal Contract Tower,0,20,17,0,37,0,0,24,0,24,0,20,41,0,61,16,0,16,77
09/21/2020,CGF,OH,AGL,CE,Federal Contract Tower,0,16,16,0,32,0,0,19,0,19,0,16,35,0,51,66,0,66,117
09/22/2020,CGF,OH,AGL,CE,Federal Contract Tower,0,14,15,0,29,0,0,22,0,22,0,14,37,0,51,40,0,40,91
09/23/2020,CGF,OH,AGL,CE,Federal Contract Tower,0,19,22,0,41,0,6,33,0,39,0,25,55,0,80,14,0,14,94
09/24/2020,CGF,OH,AGL,CE,Federal Contract Tower,0,21,19,0,40,0,0,12,0,12,0,21,31,0,52,52,0,52,104
09/25/2020,CGF,OH,AGL,CE,Federal Contract Tower,0,24,16,0,40,0,0,39,0,39,0,24,55,0,79,58,0,58,137
09/26/2020,CGF,OH,AGL,CE,Federal Contract Tower,0,15,12,0,27,0,4,23,0,27,0,19,35,0,54,6,0,6,60
09/27/2020,CGF,OH,AGL,CE,Federal Contract Tower,0,23,21,0,44,0,0,16,0,16,0,23,37,0,60,12,0,12,72
09/28/2020,CGF,OH,AGL,CE,Federal Contract Tower,0,12,16,0,28,0,0,9,0,9,0,12,25,0,37,14,0,14,51
09/29/2020,CGF,OH,AGL,CE,Federal Contract Tower,0,12,13,0,25,0,0,10,0,10,0,12,23,0,35,22,0,22,57
09/30/2020,CGF,OH,AGL,CE,Federal Contract Tower,0,20,24,0,44,0,0,7,0,7,0,20,31,0,51,0,0,0,51
10/01/2020,CGF,OH,AGL,CE,Federal Contract Tower,0,21,20,0,41,0,0,12,0,12,0,21,32,0,53,8,0,8,61
10/02/2020,CGF,OH,AGL,CE,Federal Contract Tower,0,13,16,0,29,0,0,10,0,10,0,13,26,0,39,21,0,21,60
10/03/2020,CGF,OH,AGL,CE,Federal Contract Tower,0,19,7,0,26,0,0,29,0,29,0,19,36,0,55,56,0,56,111
10/04/2020,CGF,OH,AGL,CE,Federal Contract Tower,0,16,11,0,27,0,6,5,0,11,0,22,16,0,38,2,0,2,40
10/05/2020,CGF,OH,AGL,CE,Federal Contract Tower,0,16,8,0,24,0,0,13,0,13,0,16,21,0,37,28,0,28,65
10/06/2020,CGF,OH,AGL,CE,Federal Contract Tower,0,10,18,0,28,0,0,13,0,13,0,10,31,0,41,2,0,2,43
10/07/2020,CGF,OH,AGL,CE,Federal Contract Tower,0,14,14,0,28,0,0,11,0,11,0,14,25,0,39,8,0,8,47
10/08/2020,CGF,OH,AGL,CE,Federal Contract Tower,0,20,16,0,36,0,2,33,0,35,0,22,49,0,71,74,0,74,145
10/09/2020,CGF,OH,AGL,CE,Federal Contract Tower,0,15,17,0,32,0,0,34,0,34,0,15,51,0,66,52,0,52,118
10/10/2020,CGF,OH,AGL,CE,Federal Contract Tower,0,10,5,0,15,0,2,24,2,28,0,12,29,2,43,6,0,6,49
10/11/2020,CGF,OH,AGL,CE,Federal Contract Tower,0,12,19,0,31,0,0,21,0,21,0,12,40,0,52,10,0,10,62
10/12/2020,CGF,OH,AGL,CE,Federal Contract Tower,0,29,8,0,37,0,2,4,0,6,0,31,12,0,43,20,0,20,63
10/13/2020,CGF,OH,AGL,CE,Federal Contract Tower,0,26,13,0,39,0,0,31,0,31,0,26,44,0,70,72,0,72,142
10/14/2020,CGF,OH,AGL,CE,Federal Contract Tower,0,16,11,0,27,0,2,42,0,44,0,18,53,0,71,92,0,92,163
10/15/2020,CGF,OH,AGL,CE,Federal Contract Tower,0,15,25,0,40,0,0,3,0,3,0,15,28,0,43,4,0,4,47
10/16/2020,CGF,OH,AGL,CE,Federal Contract Tower,0,17,20,0,37,0,2,30,0,32,0,19,50,0,69,62,0,62,131
10/17/2020,CGF,OH,AGL,CE,Federal Contract Tower,0,9,15,0,24,0,0,42,0,42,0,9,57,0,66,74,0,74,140
10/18/2020,CGF,OH,AGL,CE,Federal Contract Tower,0,26,15,0,41,0,0,6,0,6,0,26,21,0,47,0,0,0,47
10/19/2020,CGF,OH,AGL,CE,Federal Contract Tower,0,16,8,0,24,0,0,0,0,0,0,16,8,0,24,0,0,0,24
10/20/2020,CGF,OH,AGL,CE,Federal Contract Tower,0,16,15,0,31,0,0,0,0,0,0,16,15,0,31,0,0,0,31
10/21/2020,CGF,OH,AGL,CE,Federal Contract Tower,0,25,31,0,56,0,0,2,0,2,0,25,33,0,58,4,0,4,62
10/22/2020,CGF,OH,AGL,CE,Federal Contract Tower,0,14,17,0,31,0,0,40,0,40,0,14,57,0,71,46,0,46,117
10/23/2020,CGF,OH,AGL,CE,Federal Contract Tower,0,14,11,0,25,0,0,18,0,18,0,14,29,0,43,18,0,18,61
10/24/2020,CGF,OH,AGL,CE,Federal Contract Tower,0,15,7,0,22,0,0,8,0,8,0,15,15,0,30,14,0,14,44
10/25/2020,CGF,OH,AGL,CE,Federal Contract Tower,0,14,28,0,42,0,2,27,0,29,0,16,55,0,71,66,0,66,137
10/26/2020,CGF,OH,AGL,CE,Federal Contract Tower,0,20,15,0,35,0,0,0,0,0,0,20,15,0,35,0,0,0,35
10/27/2020,CGF,OH,AGL,CE,Federal Contract Tower,0,16,15,0,31,0,0,3,0,3,0,16,18,0,34,28,0,28,62
10/28/2020,CGF,OH,AGL,CE,Federal Contract Tower,0,12,25,0,37,0,0,18,0,18,0,12,43,0,55,10,0,10,65
10/29/2020,CGF,OH,AGL,CE,Federal Contract Tower,0,13,16,0,29,0,0,0,0,0,0,13,16,0,29,0,0,0,29
10/30/2020,CGF,OH,AGL,CE,Federal Contract Tower,0,18,11,0,29,0,0,8,0,8,0,18,19,0,37,14,0,14,51
10/31/2020,CGF,OH,AGL,CE,Federal Contract Tower,0,6,11,0,17,0,0,33,0,33,0,6,44,0,50,26,0,26,76
11/01/2020,CGF,OH,AGL,CE,Federal Contract Tower,0,10,8,0,18,0,0,0,0,0,0,10,8,0,18,0,0,0,18
11/02/2020,CGF,OH,AGL,CE,Federal Contract Tower,0,16,7,0,23,0,0,3,0,3,0,16,10,0,26,12,0,12,38
11/03/2020,CGF,OH,AGL,CE,Federal Contract Tower,0,9,11,0,20,0,0,32,0,32,0,9,43,0,52,94,0,94,146
11/04/2020,CGF,OH,AGL,CE,Federal Contract Tower,0,14,7,0,21,0,0,27,0,27,0,14,34,0,48,12,0,12,60
11/05/2020,CGF,OH,AGL,CE,Federal Contract Tower,0,12,14,0,26,0,0,22,4,26,0,12,36,4,52,34,0,34,86
11/06/2020,CGF,OH,AGL,CE,Federal Contract Tower,0,15,11,0,26,0,9,41,0,50,0,24,52,0,76,100,0,100,176
11/07/2020,CGF,OH,AGL,CE,Federal Contract Tower,0,14,11,0,25,0,9,35,0,44,0,23,46,0,69,84,0,84,153
11/08/2020,CGF,OH,AGL,CE,Federal Contract Tower,0,14,13,0,27,0,4,72,0,76,0,18,85,0,103,30,0,30,133
11/09/2020,CGF,OH,AGL,CE,Federal Contract Tower,0,18,3,0,21,0,2,19,0,21,0,20,22,0,42,56,0,56,98
11/10/2020,CGF,OH,AGL,CE,Federal Contract Tower,0,15,4,0,19,0,2,21,0,23,0,17,25,0,42,75,0,75,117
11/11/2020,CGF,OH,AGL,CE,Federal Contract Tower,0,13,7,0,20,0,0,13,0,13,0,13,20,0,33,96,0,96,129
11/12/2020,CGF,OH,AGL,CE,Federal Contract Tower,0,19,15,0,34,0,0,24,0,24,0,19,39,0,58,58,0,58,116
11/13/2020,CGF,OH,AGL,CE,Federal Contract Tower,0,15,13,0,28,0,0,9,0,9,0,15,22,0,37,14,0,14,51
11/14/2020,CGF,OH,AGL,CE,Federal Contract Tower,0,16,20,0,36,0,0,49,0,49,0,16,69,0,85,92,0,92,177
11/15/2020,CGF,OH,AGL,CE,Federal Contract Tower,0,10,2,0,12,0,0,0,0,0,0,10,2,0,12,0,0,0,12
11/16/2020,CGF,OH,AGL,CE,Federal Contract Tower,0,14,6,0,20,0,3,8,0,11,0,17,14,0,31,22,0,22,53
11/17/2020,CGF,OH,AGL,CE,Federal Contract Tower,0,8,11,0,19,0,0,0,0,0,0,8,11,0,19,0,0,0,19
11/18/2020,CGF,OH,AGL,CE,Federal Contract Tower,0,15,19,0,34,0,2,18,0,20,0,17,37,0,54,92,0,92,146
11/19/2020,CGF,OH,AGL,CE,Federal Contract Tower,0,28,13,0,41,0,0,5,0,5,0,28,18,0,46,0,0,0,46
11/20/2020,CGF,OH,AGL,CE,Federal Contract Tower,0,23,17,0,40,0,0,10,0,10,0,23,27,0,50,44,0,44,94
11/21/2020,CGF,OH,AGL,CE,Federal Contract Tower,0,17,25,0,42,0,0,18,0,18,0,17,43,0,60,60,0,60,120
11/22/2020,CGF,OH,AGL,CE,Federal Contract Tower,0,10,2,0,12,0,0,0,0,0,0,10,2,0,12,0,0,0,12
11/23/2020,CGF,OH,AGL,CE,Federal Contract Tower,0,16,6,0,22,0,0,9,0,9,0,16,15,0,31,16,0,16,47
11/24/2020,CGF,OH,AGL,CE,Federal Contract Tower,0,12,18,0,30,0,6,24,0,30,0,18,42,0,60,46,0,46,106
11/25/2020,CGF,OH,AGL,CE,Federal Contract Tower,0,5,9,0,14,0,0,3,0,3,0,5,12,0,17,20,0,20,37
11/26/2020,CGF,OH,AGL,CE,Federal Contract Tower,0,5,2,0,7,0,0,0,0,0,0,5,2,0,7,0,0,0,7
11/27/2020,CGF,OH,AGL,CE,Federal Contract Tower,0,5,6,0,11,0,0,5,0,5,0,5,11,0,16,84,0,84,100
11/28/2020,CGF,OH,AGL,CE,Federal Contract Tower,0,15,9,0,24,0,0,46,0,46,0,15,55,0,70,58,0,58,128
11/29/2020,CGF,OH,AGL,CE,Federal Contract Tower,0,20,19,0,39,0,0,44,0,44,0,20,63,0,83,70,0,70,153
12/01/2020,CGF,OH,AGL,CE,Federal Contract Tower,0,0,0,0,0,0,0,0,0,0,0,0,0,0,0,0,0,0,0
12/02/2020,CGF,OH,AGL,CE,Federal Contract Tower,0,11,9,0,20,0,8,5,0,13,0,19,14,0,33,0,0,0,33
12/03/2020,CGF,OH,AGL,CE,Federal Contract Tower,0,8,9,0,17,0,0,16,0,16,0,8,25,0,33,8,0,8,41
12/04/2020,CGF,OH,AGL,CE,Federal Contract Tower,0,15,12,0,27,0,0,16,0,16,0,15,28,0,43,12,0,12,55
12/05/2020,CGF,OH,AGL,CE,Federal Contract Tower,0,16,2,0,18,0,0,2,0,2,0,16,4,0,20,50,0,50,70
12/06/2020,CGF,OH,AGL,CE,Federal Contract Tower,0,18,7,0,25,0,0,13,0,13,0,18,20,0,38,94,0,94,132
12/07/2020,CGF,OH,AGL,CE,Federal Contract Tower,0,19,2,0,21,0,0,3,0,3,0,19,5,0,24,6,0,6,30
12/08/2020,CGF,OH,AGL,CE,Federal Contract Tower,0,8,10,0,18,0,1,19,0,20,0,9,29,0,38,50,0,50,88
12/09/2020,CGF,OH,AGL,CE,Federal Contract Tower,0,13,14,0,27,0,3,0,0,3,0,16,14,0,30,10,0,10,40
12/10/2020,CGF,OH,AGL,CE,Federal Contract Tower,0,14,16,0,30,0,0,27,0,27,0,14,43,0,57,46,0,46,103
12/11/2020,CGF,OH,AGL,CE,Federal Contract Tower,0,13,16,0,29,0,0,57,0,57,0,13,73,0,86,52,0,52,138
12/12/2020,CGF,OH,AGL,CE,Federal Contract Tower,0,8,5,0,13,0,0,3,0,3,0,8,8,0,16,0,0,0,16
12/13/2020,CGF,OH,AGL,CE,Federal Contract Tower,0,19,9,0,28,0,0,8,0,8,0,19,17,0,36,44,0,44,80
12/14/2020,CGF,OH,AGL,CE,Federal Contract Tower,0,16,10,0,26,0,0,4,0,4,0,16,14,0,30,10,0,10,40
12/15/2020,CGF,OH,AGL,CE,Federal Contract Tower,0,16,17,0,33,0,2,20,0,22,0,18,37,0,55,32,0,32,87
12/16/2020,CGF,OH,AGL,CE,Federal Contract Tower,0,9,6,0,15,0,0,3,0,3,0,9,9,0,18,12,0,12,30
12/17/2020,CGF,OH,AGL,CE,Federal Contract Tower,0,12,11,0,23,0,0,3,0,3,0,12,14,0,26,44,0,44,70
12/18/2020,CGF,OH,AGL,CE,Federal Contract Tower,0,12,18,0,30,0,0,2,0,2,0,12,20,0,32,50,0,50,82
12/19/2020,CGF,OH,AGL,CE,Federal Contract Tower,0,20,16,0,36,0,0,26,0,26,0,20,42,0,62,24,0,24,86
12/20/2020,CGF,OH,AGL,CE,Federal Contract Tower,0,8,5,0,13,0,0,0,0,0,0,8,5,0,13,0,0,0,13
12/21/2020,CGF,OH,AGL,CE,Federal Contract Tower,0,6,13,0,19,0,0,0,0,0,0,6,13,0,19,14,0,14,33
12/22/2020,CGF,OH,AGL,CE,Federal Contract Tower,0,15,15,0,30,0,4,6,0,10,0,19,21,0,40,22,0,22,62
12/23/2020,CGF,OH,AGL,CE,Federal Contract Tower,0,20,14,0,34,0,2,18,0,20,0,22,32,0,54,10,0,10,64
12/24/2020,CGF,OH,AGL,CE,Federal Contract Tower,0,10,3,0,13,0,0,0,0,0,0,10,3,0,13,0,0,0,13
12/26/2020,CGF,OH,AGL,CE,Federal Contract Tower,0,21,11,0,32,0,0,0,0,0,0,21,11,0,32,0,0,0,32
12/27/2020,CGF,OH,AGL,CE,Federal Contract Tower,0,16,13,0,29,0,0,7,0,7,0,16,20,0,36,0,0,0,36
12/28/2020,CGF,OH,AGL,CE,Federal Contract Tower,0,17,17,0,34,0,4,0,0,4,0,21,17,0,38,0,0,0,38
12/29/2020,CGF,OH,AGL,CE,Federal Contract Tower,0,13,13,0,26,0,0,31,0,31,0,13,44,0,57,44,0,44,101
12/30/2020,CGF,OH,AGL,CE,Federal Contract Tower,0,9,3,0,12,0,0,2,0,2,0,9,5,0,14,0,0,0,14
12/31/2020,CGF,OH,AGL,CE,Federal Contract Tower,0,11,11,0,22,0,0,12,0,12,0,11,23,0,34,32,0,32,66
01/01/2021,CGF,OH,AGL,CE,Federal Contract Tower,0,8,1,0,9,0,0,2,0,2,0,8,3,0,11,2,0,2,13
01/02/2021,CGF,OH,AGL,CE,Federal Contract Tower,0,16,4,0,20,0,0,0,0,0,0,16,4,0,20,0,0,0,20
01/03/2021,CGF,OH,AGL,CE,Federal Contract Tower,0,15,15,0,30,0,0,0,0,0,0,15,15,0,30,2,0,2,32
01/04/2021,CGF,OH,AGL,CE,Federal Contract Tower,0,21,10,0,31,0,0,0,0,0,0,21,10,0,31,0,0,0,31
01/05/2021,CGF,OH,AGL,CE,Federal Contract Tower,0,9,7,0,16,0,0,7,0,7,0,9,14,0,23,8,0,8,31
01/06/2021,CGF,OH,AGL,CE,Federal Contract Tower,0,11,3,0,14,0,0,9,0,9,0,11,12,0,23,16,0,16,39
01/07/2021,CGF,OH,AGL,CE,Federal Contract Tower,0,9,3,0,12,0,0,3,0,3,0,9,6,0,15,56,4,60,75
01/08/2021,CGF,OH,AGL,CE,Federal Contract Tower,0,15,7,0,22,0,0,6,0,6,0,15,13,0,28,0,0,0,28
01/09/2021,CGF,OH,AGL,CE,Federal Contract Tower,0,14,11,0,25,0,0,49,0,49,0,14,60,0,74,32,0,32,106
01/10/2021,CGF,OH,AGL,CE,Federal Contract Tower,0,16,11,0,27,0,0,26,0,26,0,16,37,0,53,48,0,48,101
01/11/2021,CGF,OH,AGL,CE,Federal Contract Tower,0,15,10,0,25,0,0,1,0,1,0,15,11,0,26,0,0,0,26
01/12/2021,CGF,OH,AGL,CE,Federal Contract Tower,0,20,7,0,27,0,0,6,0,6,0,20,13,0,33,12,0,12,45
01/13/2021,CGF,OH,AGL,CE,Federal Contract Tower,0,11,11,0,22,0,2,30,0,32,0,13,41,0,54,42,0,42,96
01/14/2021,CGF,OH,AGL,CE,Federal Contract Tower,0,15,8,0,23,0,2,24,0,26,0,17,32,0,49,8,0,8,57
01/15/2021,CGF,OH,AGL,CE,Federal Contract Tower,0,14,10,0,24,0,0,0,0,0,0,14,10,0,24,0,0,0,24
01/16/2021,CGF,OH,AGL,CE,Federal Contract Tower,0,14,0,0,14,0,0,1,0,1,0,14,1,0,15,6,0,6,21
01/17/2021,CGF,OH,AGL,CE,Federal Contract Tower,0,14,8,0,22,0,0,0,0,0,0,14,8,0,22,0,0,0,22
01/18/2021,CGF,OH,AGL,CE,Federal Contract Tower,0,7,16,0,23,0,0,0,0,0,0,7,16,0,23,0,0,0,23
01/19/2021,CGF,OH,AGL,CE,Federal Contract Tower,0,9,21,0,30,0,0,2,0,2,0,9,23,0,32,42,0,42,74
01/20/2021,CGF,OH,AGL,CE,Federal Contract Tower,0,14,13,0,27,0,3,9,0,12,0,17,22,0,39,44,0,44,83
01/21/2021,CGF,OH,AGL,CE,Federal Contract Tower,0,6,17,0,23,0,8,15,0,23,0,14,32,0,46,8,0,8,54
01/22/2021,CGF,OH,AGL,CE,Federal Contract Tower,0,14,12,0,26,0,0,2,0,2,0,14,14,0,28,6,0,6,34
01/23/2021,CGF,OH,AGL,CE,Federal Contract Tower,0,8,10,0,18,0,4,14,0,18,0,12,24,0,36,20,0,20,56
01/24/2021,CGF,OH,AGL,CE,Federal Contract Tower,0,13,5,0,18,0,0,8,0,8,0,13,13,0,26,28,0,28,54
01/25/2021,CGF,OH,AGL,CE,Federal Contract Tower,0,14,5,0,19,0,0,3,0,3,0,14,8,0,22,42,0,42,64
01/26/2021,CGF,OH,AGL,CE,Federal Contract Tower,0,14,2,0,16,0,0,0,0,0,0,14,2,0,16,0,0,0,16
01/27/2021,CGF,OH,AGL,CE,Federal Contract Tower,0,15,8,0,23,0,0,6,0,6,0,15,14,0,29,20,0,20,49
01/28/2021,CGF,OH,AGL,CE,Federal Contract Tower,0,13,3,0,16,0,2,4,0,6,0,15,7,0,22,20,0,20,42
01/29/2021,CGF,OH,AGL,CE,Federal Contract Tower,0,18,5,0,23,0,0,14,0,14,0,18,19,0,37,46,0,46,83
01/30/2021,CGF,OH,AGL,CE,Federal Contract Tower,0,10,11,0,21,0,0,18,0,18,0,10,29,0,39,42,0,42,81
01/31/2021,CGF,OH,AGL,CE,Federal Contract Tower,0,7,4,0,11,0,0,0,0,0,0,7,4,0,11,0,0,0,11
02/01/2021,CGF,OH,AGL,CE,Federal Contract Tower,0,8,3,0,11,0,0,0,0,0,0,8,3,0,11,0,0,0,11
02/02/2021,CGF,OH,AGL,CE,Federal Contract Tower,0,16,2,0,18,0,0,5,0,5,0,16,7,0,23,6,0,6,29
02/03/2021,CGF,OH,AGL,CE,Federal Contract Tower,0,16,7,0,23,0,0,0,0,0,0,16,7,0,23,0,0,0,23
02/04/2021,CGF,OH,AGL,CE,Federal Contract Tower,0,16,11,0,27,0,2,21,1,24,0,18,32,1,51,26,0,26,77
02/05/2021,CGF,OH,AGL,CE,Federal Contract Tower,0,15,5,0,20,0,0,0,0,0,0,15,5,0,20,0,0,0,20
02/06/2021,CGF,OH,AGL,CE,Federal Contract Tower,0,13,2,0,15,0,0,12,0,12,0,13,14,0,27,24,0,24,51
02/07/2021,CGF,OH,AGL,CE,Federal Contract Tower,0,4,11,0,15,0,0,1,0,1,0,4,12,0,16,0,0,0,16
02/08/2021,CGF,OH,AGL,CE,Federal Contract Tower,0,13,9,0,22,0,0,2,0,2,0,13,11,0,24,38,0,38,62
02/09/2021,CGF,OH,AGL,CE,Federal Contract Tower,0,9,8,0,17,0,0,0,0,0,0,9,8,0,17,10,0,10,27
02/10/2021,CGF,OH,AGL,CE,Federal Contract Tower,0,18,19,0,37,0,0,9,0,9,0,18,28,0,46,60,0,60,106
02/11/2021,CGF,OH,AGL,CE,Federal Contract Tower,0,16,10,0,26,0,0,7,0,7,0,16,17,0,33,0,0,0,33
02/12/2021,CGF,OH,AGL,CE,Federal Contract Tower,0,12,9,0,21,0,0,17,0,17,0,12,26,0,38,38,0,38,76
02/13/2021,CGF,OH,AGL,CE,Federal Contract Tower,0,7,9,0,16,0,0,8,0,8,0,7,17,0,24,26,0,26,50
02/14/2021,CGF,OH,AGL,CE,Federal Contract Tower,0,14,2,0,16,0,1,6,0,7,0,15,8,0,23,62,0,62,85
02/15/2021,CGF,OH,AGL,CE,Federal Contract Tower,0,8,2,0,10,0,0,0,0,0,0,8,2,0,10,0,0,0,10
02/16/2021,CGF,OH,AGL,CE,Federal Contract Tower,0,9,6,0,15,0,0,0,0,0,0,9,6,0,15,0,0,0,15
02/17/2021,CGF,OH,AGL,CE,Federal Contract Tower,0,7,18,0,25,0,3,24,0,27,0,10,42,0,52,46,0,46,98
02/18/2021,CGF,OH,AGL,CE,Federal Contract Tower,0,11,6,0,17,0,0,0,0,0,0,11,6,0,17,0,0,0,17
02/19/2021,CGF,OH,AGL,CE,Federal Contract Tower,0,11,6,0,17,0,0,0,0,0,0,11,6,0,17,0,0,0,17
02/20/2021,CGF,OH,AGL,CE,Federal Contract Tower,0,9,15,0,24,0,0,0,0,0,0,9,15,0,24,0,0,0,24
02/21/2021,CGF,OH,AGL,CE,Federal Contract Tower,0,15,7,0,22,0,2,20,0,22,0,17,27,0,44,16,0,16,60
02/22/2021,CGF,OH,AGL,CE,Federal Contract Tower,0,11,6,0,17,0,0,0,0,0,0,11,6,0,17,0,0,0,17
02/23/2021,CGF,OH,AGL,CE,Federal Contract Tower,0,6,3,0,9,0,0,10,0,10,0,6,13,0,19,4,0,4,23
02/24/2021,CGF,OH,AGL,CE,Federal Contract Tower,0,15,18,0,33,0,1,13,0,14,0,16,31,0,47,4,0,4,51
02/25/2021,CGF,OH,AGL,CE,Federal Contract Tower,0,11,10,0,21,0,0,29,0,29,0,11,39,0,50,34,0,34,84
02/26/2021,CGF,OH,AGL,CE,Federal Contract Tower,0,19,15,0,34,0,0,30,0,30,0,19,45,0,64,20,0,20,84
02/27/2021,CGF,OH,AGL,CE,Federal Contract Tower,0,29,9,0,38,0,0,12,0,12,0,29,21,0,50,12,0,12,62
02/28/2021,CGF,OH,AGL,CE,Federal Contract Tower,0,24,17,0,41,0,0,4,0,4,0,24,21,0,45,6,0,6,51
03/01/2021,CGF,OH,AGL,CE,Federal Contract Tower,0,18,11,0,29,0,0,6,0,6,0,18,17,0,35,0,0,0,35
03/02/2021,CGF,OH,AGL,CE,Federal Contract Tower,0,16,7,0,23,0,0,37,0,37,0,16,44,0,60,58,0,58,118
03/03/2021,CGF,OH,AGL,CE,Federal Contract Tower,0,15,7,0,22,0,0,36,0,36,0,15,43,0,58,42,0,42,100
03/04/2021,CGF,OH,AGL,CE,Federal Contract Tower,0,19,17,0,36,0,0,0,0,0,0,19,17,0,36,0,0,0,36
03/05/2021,CGF,OH,AGL,CE,Federal Contract Tower,0,23,7,0,30,0,0,28,0,28,0,23,35,0,58,14,0,14,72
03/06/2021,CGF,OH,AGL,CE,Federal Contract Tower,0,13,12,0,25,0,0,24,0,24,0,13,36,0,49,8,0,8,57
03/07/2021,CGF,OH,AGL,CE,Federal Contract Tower,0,20,6,0,26,0,0,44,0,44,0,20,50,0,70,40,0,40,110
03/08/2021,CGF,OH,AGL,CE,Federal Contract Tower,0,21,18,0,39,0,0,12,0,12,0,21,30,0,51,20,0,20,71
03/09/2021,CGF,OH,AGL,CE,Federal Contract Tower,0,16,8,0,24,0,0,31,0,31,0,16,39,0,55,88,0,88,143
03/10/2021,CGF,OH,AGL,CE,Federal Contract Tower,0,11,17,0,28,0,0,16,0,16,0,11,33,0,44,0,0,0,44
03/11/2021,CGF,OH,AGL,CE,Federal Contract Tower,0,16,18,0,34,0,4,12,0,16,0,20,30,0,50,2,0,2,52
03/12/2021,CGF,OH,AGL,CE,Federal Contract Tower,0,24,11,0,35,0,0,23,0,23,0,24,34,0,58,22,0,22,80
03/13/2021,CGF,OH,AGL,CE,Federal Contract Tower,0,20,14,0,34,0,0,41,0,41,0,20,55,0,75,44,0,44,119
03/14/2021,CGF,OH,AGL,CE,Federal Contract Tower,0,18,13,0,31,0,0,37,0,37,0,18,50,0,68,24,0,24,92
03/15/2021,CGF,OH,AGL,CE,Federal Contract Tower,0,8,17,0,25,0,4,21,0,25,0,12,38,0,50,26,0,26,76
03/16/2021,CGF,OH,AGL,CE,Federal Contract Tower,0,14,15,0,29,0,0,10,0,10,0,14,25,0,39,70,0,70,109
03/17/2021,CGF,OH,AGL,CE,Federal Contract Tower,0,15,23,0,38,0,0,36,0,36,0,15,59,0,74,68,0,68,142
03/18/2021,CGF,OH,AGL,CE,Federal Contract Tower,0,18,7,0,25,0,0,2,0,2,0,18,9,0,27,4,0,4,31
03/19/2021,CGF,OH,AGL,CE,Federal Contract Tower,0,24,22,0,46,0,4,26,0,30,0,28,48,0,76,40,0,40,116
03/20/2021,CGF,OH,AGL,CE,Federal Contract Tower,0,18,5,0,23,0,3,57,0,60,0,21,62,0,83,64,0,64,147
03/21/2021,CGF,OH,AGL,CE,Federal Contract Tower,0,14,12,0,26,0,1,42,0,43,0,15,54,0,69,78,0,78,147
03/22/2021,CGF,OH,AGL,CE,Federal Contract Tower,0,21,6,0,27,0,4,35,0,39,0,25,41,0,66,68,0,68,134
03/23/2021,CGF,OH,AGL,CE,Federal Contract Tower,0,20,9,0,29,0,0,28,0,28,0,20,37,0,57,14,0,14,71
03/24/2021,CGF,OH,AGL,CE,Federal Contract Tower,0,16,10,0,26,0,0,9,0,9,0,16,19,0,35,10,0,10,45
03/25/2021,CGF,OH,AGL,CE,Federal Contract Tower,0,19,17,0,36,0,0,11,0,11,0,19,28,0,47,48,0,48,95
03/26/2021,CGF,OH,AGL,CE,Federal Contract Tower,0,20,9,0,29,0,4,2,0,6,0,24,11,0,35,0,0,0,35
03/27/2021,CGF,OH,AGL,CE,Federal Contract Tower,0,19,13,0,32,0,0,22,0,22,0,19,35,0,54,50,0,50,104
03/28/2021,CGF,OH,AGL,CE,Federal Contract Tower,0,30,20,0,50,0,0,0,0,0,0,30,20,0,50,0,0,0,50
03/29/2021,CGF,OH,AGL,CE,Federal Contract Tower,0,18,8,0,26,0,5,37,0,42,0,23,45,0,68,40,0,40,108
03/30/2021,CGF,OH,AGL,CE,Federal Contract Tower,0,12,18,0,30,0,0,6,0,6,0,12,24,0,36,8,0,8,44
03/31/2021,CGF,OH,AGL,CE,Federal Contract Tower,0,20,22,0,42,0,0,14,0,14,0,20,36,0,56,28,0,28,84
04/01/2021,CGF,OH,AGL,CE,Federal Contract Tower,0,12,16,0,28,0,0,0,0,0,0,12,16,0,28,0,0,0,28
04/02/2021,CGF,OH,AGL,CE,Federal Contract Tower,0,13,18,0,31,0,1,27,0,28,0,14,45,0,59,62,0,62,121
04/03/2021,CGF,OH,AGL,CE,Federal Contract Tower,0,14,11,0,25,0,0,20,0,20,0,14,31,0,45,12,0,12,57
04/04/2021,CGF,OH,AGL,CE,Federal Contract Tower,0,14,16,0,30,0,2,50,0,52,0,16,66,0,82,112,0,112,194
04/05/2021,CGF,OH,AGL,CE,Federal Contract Tower,0,29,13,0,42,0,2,9,0,11,0,31,22,0,53,12,0,12,65
04/06/2021,CGF,OH,AGL,CE,Federal Contract Tower,0,17,11,0,28,0,0,39,0,39,0,17,50,0,67,68,0,68,135
04/07/2021,CGF,OH,AGL,CE,Federal Contract Tower,0,16,20,0,36,0,0,36,0,36,0,16,56,0,72,52,0,52,124
04/08/2021,CGF,OH,AGL,CE,Federal Contract Tower,0,15,10,0,25,0,0,17,0,17,0,15,27,0,42,6,0,6,48
04/09/2021,CGF,OH,AGL,CE,Federal Contract Tower,0,6,16,0,22,0,0,32,0,32,0,6,48,0,54,26,0,26,80
04/10/2021,CGF,OH,AGL,CE,Federal Contract Tower,0,18,3,0,21,0,0,20,0,20,0,18,23,0,41,6,0,6,47
04/11/2021,CGF,OH,AGL,CE,Federal Contract Tower,0,10,8,0,18,0,0,20,0,20,0,10,28,0,38,28,0,28,66
04/12/2021,CGF,OH,AGL,CE,Federal Contract Tower,0,24,11,0,35,0,0,9,0,9,0,24,20,0,44,14,0,14,58
04/13/2021,CGF,OH,AGL,CE,Federal Contract Tower,0,20,14,0,34,0,3,33,0,36,0,23,47,0,70,52,0,52,122
04/14/2021,CGF,OH,AGL,CE,Federal Contract Tower,0,12,14,0,26,0,0,15,0,15,0,12,29,0,41,64,0,64,105
04/15/2021,CGF,OH,AGL,CE,Federal Contract Tower,0,22,16,0,38,0,1,2,0,3,0,23,18,0,41,0,0,0,41
04/16/2021,CGF,OH,AGL,CE,Federal Contract Tower,0,11,18,0,29,0,0,1,0,1,0,11,19,0,30,2,0,2,32
04/17/2021,CGF,OH,AGL,CE,Federal Contract Tower,0,9,14,0,23,0,0,11,0,11,0,9,25,0,34,14,0,14,48
04/18/2021,CGF,OH,AGL,CE,Federal Contract Tower,0,12,21,0,33,0,5,29,0,34,0,17,50,0,67,16,0,16,83
04/19/2021,CGF,OH,AGL,CE,Federal Contract Tower,0,14,12,0,26,0,7,23,0,30,0,21,35,0,56,20,0,20,76
04/20/2021,CGF,OH,AGL,CE,Federal Contract Tower,0,14,9,0,23,0,0,2,0,2,0,14,11,0,25,12,0,12,37
04/21/2021,CGF,OH,AGL,CE,Federal Contract Tower,0,17,1,0,18,0,0,2,0,2,0,17,3,0,20,0,0,0,20
04/22/2021,CGF,OH,AGL,CE,Federal Contract Tower,0,15,13,0,28,0,0,11,0,11,0,15,24,0,39,12,0,12,51
04/23/2021,CGF,OH,AGL,CE,Federal Contract Tower,0,11,11,0,22,0,0,26,0,26,0,11,37,0,48,20,0,20,68
04/24/2021,CGF,OH,AGL,CE,Federal Contract Tower,0,11,3,0,14,0,2,22,0,24,0,13,25,0,38,20,0,20,58
04/25/2021,CGF,OH,AGL,CE,Federal Contract Tower,0,12,12,0,24,0,0,8,0,8,0,12,20,0,32,18,0,18,50
04/26/2021,CGF,OH,AGL,CE,Federal Contract Tower,0,14,27,0,41,0,4,20,0,24,0,18,47,0,65,24,0,24,89
04/27/2021,CGF,OH,AGL,CE,Federal Contract Tower,0,12,21,0,33,0,0,26,0,26,0,12,47,0,59,40,0,40,99
04/28/2021,CGF,OH,AGL,CE,Federal Contract Tower,0,12,19,0,31,0,2,14,0,16,0,14,33,0,47,20,0,20,67
04/29/2021,CGF,OH,AGL,CE,Federal Contract Tower,0,14,22,0,36,0,0,0,0,0,0,14,22,0,36,0,0,0,36
04/30/2021,CGF,OH,AGL,CE,Federal Contract Tower,0,25,12,0,37,0,0,10,0,10,0,25,22,0,47,32,0,32,79
05/01/2021,CGF,OH,AGL,CE,Federal Contract Tower,0,15,18,0,33,0,0,29,0,29,0,15,47,0,62,100,0,100,162
05/02/2021,CGF,OH,AGL,CE,Federal Contract Tower,0,24,15,0,39,0,1,39,0,40,0,25,54,0,79,48,0,48,127
05/03/2021,CGF,OH,AGL,CE,Federal Contract Tower,0,34,7,0,41,0,0,0,0,0,0,34,7,0,41,0,0,0,41
05/04/2021,CGF,OH,AGL,CE,Federal Contract Tower,0,17,17,0,34,0,0,4,0,4,0,17,21,0,38,10,0,10,48
05/05/2021,CGF,OH,AGL,CE,Federal Contract Tower,0,26,20,0,46,0,0,0,0,0,0,26,20,0,46,4,0,4,50
05/06/2021,CGF,OH,AGL,CE,Federal Contract Tower,0,20,21,0,41,0,6,35,0,41,0,26,56,0,82,50,0,50,132
05/07/2021,CGF,OH,AGL,CE,Federal Contract Tower,0,11,13,0,24,0,0,22,0,22,0,11,35,0,46,48,0,48,94
05/08/2021,CGF,OH,AGL,CE,Federal Contract Tower,0,21,13,0,34,0,0,13,0,13,0,21,26,0,47,20,0,20,67
05/09/2021,CGF,OH,AGL,CE,Federal Contract Tower,0,16,14,0,30,0,0,0,0,0,0,16,14,0,30,0,0,0,30
05/10/2021,CGF,OH,AGL,CE,Federal Contract Tower,0,20,21,0,41,0,0,17,0,17,0,20,38,0,58,22,0,22,80
05/11/2021,CGF,OH,AGL,CE,Federal Contract Tower,0,20,8,0,28,0,2,12,0,14,0,22,20,0,42,10,0,10,52
05/12/2021,CGF,OH,AGL,CE,Federal Contract Tower,0,14,15,0,29,0,2,33,0,35,0,16,48,0,64,66,0,66,130
05/13/2021,CGF,OH,AGL,CE,Federal Contract Tower,0,26,26,0,52,0,0,30,0,30,0,26,56,0,82,28,0,28,110
05/14/2021,CGF,OH,AGL,CE,Federal Contract Tower,0,16,25,0,41,0,0,43,0,43,0,16,68,0,84,86,0,86,170
05/15/2021,CGF,OH,AGL,CE,Federal Contract Tower,0,23,12,0,35,0,0,43,0,43,0,23,55,0,78,16,0,16,94
05/16/2021,CGF,OH,AGL,CE,Federal Contract Tower,0,17,14,0,31,0,0,19,0,19,0,17,33,0,50,42,0,42,92
05/17/2021,CGF,OH,AGL,CE,Federal Contract Tower,0,19,10,0,29,0,3,25,0,28,0,22,35,0,57,42,0,42,99
05/18/2021,CGF,OH,AGL,CE,Federal Contract Tower,0,28,21,0,49,0,0,29,0,29,0,28,50,0,78,34,0,34,112
05/19/2021,CGF,OH,AGL,CE,Federal Contract Tower,0,22,31,0,53,0,3,35,0,38,0,25,66,0,91,46,0,46,137
05/20/2021,CGF,OH,AGL,CE,Federal Contract Tower,0,18,20,0,38,0,1,29,0,30,0,19,49,0,68,82,0,82,150
05/21/2021,CGF,OH,AGL,CE,Federal Contract Tower,0,13,16,0,29,0,2,28,0,30,0,15,44,0,59,60,0,60,119
05/22/2021,CGF,OH,AGL,CE,Federal Contract Tower,0,11,13,0,24,0,0,25,0,25,0,11,38,0,49,18,0,18,67
05/23/2021,CGF,OH,AGL,CE,Federal Contract Tower,0,21,9,0,30,0,2,12,0,14,0,23,21,0,44,10,0,10,54
05/24/2021,CGF,OH,AGL,CE,Federal Contract Tower,0,23,10,0,33,0,0,15,0,15,0,23,25,0,48,28,0,28,76
05/25/2021,CGF,OH,AGL,CE,Federal Contract Tower,0,13,19,0,32,0,2,17,0,19,0,15,36,0,51,32,0,32,83
05/26/2021,CGF,OH,AGL,CE,Federal Contract Tower,0,12,10,0,22,0,2,6,0,8,0,14,16,0,30,6,0,6,36
05/27/2021,CGF,OH,AGL,CE,Federal Contract Tower,0,16,15,0,31,0,2,19,0,21,0,18,34,0,52,16,0,16,68
05/28/2021,CGF,OH,AGL,CE,Federal Contract Tower,0,9,13,0,22,0,0,0,0,0,0,9,13,0,22,0,0,0,22
05/29/2021,CGF,OH,AGL,CE,Federal Contract Tower,0,15,12,0,27,0,0,2,0,2,0,15,14,0,29,0,0,0,29
05/30/2021,CGF,OH,AGL,CE,Federal Contract Tower,0,18,11,0,29,0,0,24,0,24,0,18,35,0,53,36,0,36,89
05/31/2021,CGF,OH,AGL,CE,Federal Contract Tower,0,19,12,0,31,0,0,35,2,37,0,19,47,2,68,38,0,38,106
06/01/2021,CGF,OH,AGL,CE,Federal Contract Tower,0,19,19,0,38,0,0,24,0,24,0,19,43,0,62,64,0,64,126
06/02/2021,CGF,OH,AGL,CE,Federal Contract Tower,0,15,17,0,32,0,0,12,0,12,0,15,29,0,44,54,0,54,98
06/03/2021,CGF,OH,AGL,CE,Federal Contract Tower,0,12,20,0,32,0,1,10,0,11,0,13,30,0,43,20,0,20,63
06/04/2021,CGF,OH,AGL,CE,Federal Contract Tower,0,18,19,0,37,0,4,11,0,15,0,22,30,0,52,4,0,4,56
06/05/2021,CGF,OH,AGL,CE,Federal Contract Tower,0,18,10,0,28,0,0,27,0,27,0,18,37,0,55,8,0,8,63
06/06/2021,CGF,OH,AGL,CE,Federal Contract Tower,0,23,32,0,55,0,1,51,0,52,0,24,83,0,107,56,0,56,163
06/07/2021,CGF,OH,AGL,CE,Federal Contract Tower,0,17,11,0,28,0,0,15,0,15,0,17,26,0,43,76,0,76,119
06/08/2021,CGF,OH,AGL,CE,Federal Contract Tower,0,24,22,0,46,0,0,19,0,19,0,24,41,0,65,0,0,0,65
06/09/2021,CGF,OH,AGL,CE,Federal Contract Tower,0,23,13,0,36,0,3,11,0,14,0,26,24,0,50,40,0,40,90
06/10/2021,CGF,OH,AGL,CE,Federal Contract Tower,0,19,20,0,39,0,0,14,0,14,0,19,34,0,53,26,0,26,79
06/11/2021,CGF,OH,AGL,CE,Federal Contract Tower,0,22,17,0,39,0,1,8,0,9,0,23,25,0,48,44,0,44,92
06/12/2021,CGF,OH,AGL,CE,Federal Contract Tower,0,21,10,0,31,0,1,17,0,18,0,22,27,0,49,18,0,18,67
06/13/2021,CGF,OH,AGL,CE,Federal Contract Tower,0,12,24,0,36,0,0,23,0,23,0,12,47,0,59,30,0,30,89
06/14/2021,CGF,OH,AGL,CE,Federal Contract Tower,0,13,13,0,26,0,0,4,0,4,0,13,17,0,30,20,0,20,50
06/15/2021,CGF,OH,AGL,CE,Federal Contract Tower,0,8,14,0,22,0,0,10,0,10,0,8,24,0,32,22,0,22,54
06/16/2021,CGF,OH,AGL,CE,Federal Contract Tower,0,13,27,0,40,0,2,22,0,24,0,15,49,0,64,60,0,60,124
06/17/2021,CGF,OH,AGL,CE,Federal Contract Tower,0,18,14,0,32,0,1,36,0,37,0,19,50,0,69,68,0,68,137
06/18/2021,CGF,OH,AGL,CE,Federal Contract Tower,0,24,7,0,31,0,0,1,0,1,0,24,8,0,32,0,0,0,32
06/19/2021,CGF,OH,AGL,CE,Federal Contract Tower,0,22,3,0,25,0,2,9,0,11,0,24,12,0,36,8,0,8,44
06/20/2021,CGF,OH,AGL,CE,Federal Contract Tower,0,20,9,0,29,0,0,15,0,15,0,20,24,0,44,14,0,14,58
06/21/2021,CGF,OH,AGL,CE,Federal Contract Tower,0,14,23,0,37,0,0,4,0,4,0,14,27,0,41,24,0,24,65
06/22/2021,CGF,OH,AGL,CE,Federal Contract Tower,0,36,16,0,52,0,0,42,0,42,0,36,58,0,94,48,0,48,142
06/23/2021,CGF,OH,AGL,CE,Federal Contract Tower,0,22,21,0,43,0,0,52,0,52,0,22,73,0,95,30,0,30,125
06/24/2021,CGF,OH,AGL,CE,Federal Contract Tower,0,17,15,0,32,0,3,35,0,38,0,20,50,0,70,34,0,34,104
06/25/2021,CGF,OH,AGL,CE,Federal Contract Tower,0,11,18,0,29,0,2,16,0,18,0,13,34,0,47,10,0,10,57
06/26/2021,CGF,OH,AGL,CE,Federal Contract Tower,0,10,8,0,18,0,2,9,0,11,0,12,17,0,29,0,0,0,29
06/27/2021,CGF,OH,AGL,CE,Federal Contract Tower,0,23,21,0,44,0,2,9,0,11,0,25,30,0,55,20,0,20,75
06/28/2021,CGF,OH,AGL,CE,Federal Contract Tower,0,19,21,0,40,0,0,10,0,10,0,19,31,0,50,34,0,34,84
06/29/2021,CGF,OH,AGL,CE,Federal Contract Tower,0,13,19,0,32,0,0,13,0,13,0,13,32,0,45,18,0,18,63
06/30/2021,CGF,OH,AGL,CE,Federal Contract Tower,0,18,14,0,32,0,0,6,0,6,0,18,20,0,38,16,0,16,54
07/01/2021,CGF,OH,AGL,CE,Federal Contract Tower,0,14,25,0,39,0,0,3,0,3,0,14,28,0,42,18,0,18,60
07/02/2021,CGF,OH,AGL,CE,Federal Contract Tower,0,19,23,0,42,0,0,9,0,9,0,19,32,0,51,4,0,4,55
07/03/2021,CGF,OH,AGL,CE,Federal Contract Tower,0,16,11,0,27,0,0,14,0,14,0,16,25,0,41,44,0,44,85
07/04/2021,CGF,OH,AGL,CE,Federal Contract Tower,0,6,2,0,8,0,0,14,0,14,0,6,16,0,22,0,0,0,22
07/05/2021,CGF,OH,AGL,CE,Federal Contract Tower,0,14,21,0,35,0,0,14,0,14,0,14,35,0,49,30,0,30,79
07/06/2021,CGF,OH,AGL,CE,Federal Contract Tower,0,19,10,0,29,0,0,15,0,15,0,19,25,0,44,26,0,26,70
07/07/2021,CGF,OH,AGL,CE,Federal Contract Tower,0,12,15,0,27,0,12,4,0,16,0,24,19,0,43,12,0,12,55
07/08/2021,CGF,OH,AGL,CE,Federal Contract Tower,0,6,10,0,16,0,0,9,0,9,0,6,19,0,25,18,0,18,43
07/09/2021,CGF,OH,AGL,CE,Federal Contract Tower,0,13,15,0,28,0,0,16,0,16,0,13,31,0,44,28,0,28,72
07/10/2021,CGF,OH,AGL,CE,Federal Contract Tower,0,12,18,0,30,0,0,38,0,38,0,12,56,0,68,72,0,72,140
07/11/2021,CGF,OH,AGL,CE,Federal Contract Tower,0,22,8,0,30,0,0,3,0,3,0,22,11,0,33,0,0,0,33
07/12/2021,CGF,OH,AGL,CE,Federal Contract Tower,0,10,10,0,20,0,0,0,0,0,0,10,10,0,20,0,0,0,20
07/13/2021,CGF,OH,AGL,CE,Federal Contract Tower,0,26,25,0,51,0,0,11,0,11,0,26,36,0,62,40,0,40,102
07/14/2021,CGF,OH,AGL,CE,Federal Contract Tower,0,34,27,0,61,0,0,18,0,18,0,34,45,0,79,20,0,20,99
07/15/2021,CGF,OH,AGL,CE,Federal Contract Tower,0,19,32,0,51,0,2,11,0,13,0,21,43,0,64,46,0,46,110
07/16/2021,CGF,OH,AGL,CE,Federal Contract Tower,0,24,27,0,51,0,2,3,0,5,0,26,30,0,56,20,0,20,76
07/17/2021,CGF,OH,AGL,CE,Federal Contract Tower,0,9,12,0,21,0,0,0,0,0,0,9,12,0,21,2,0,2,23
07/18/2021,CGF,OH,AGL,CE,Federal Contract Tower,0,19,30,0,49,0,4,38,0,42,0,23,68,0,91,66,0,66,157
07/19/2021,CGF,OH,AGL,CE,Federal Contract Tower,0,23,17,0,40,0,0,20,0,20,0,23,37,0,60,58,0,58,118
07/20/2021,CGF,OH,AGL,CE,Federal Contract Tower,0,25,22,0,47,0,0,17,0,17,0,25,39,0,64,22,0,22,86
07/21/2021,CGF,OH,AGL,CE,Federal Contract Tower,0,17,20,0,37,0,2,21,0,23,0,19,41,0,60,14,0,14,74
07/22/2021,CGF,OH,AGL,CE,Federal Contract Tower,0,13,14,0,27,0,0,21,0,21,0,13,35,0,48,10,0,10,58
07/23/2021,CGF,OH,AGL,CE,Federal Contract Tower,0,19,30,0,49,0,0,17,0,17,0,19,47,0,66,52,0,52,118
07/24/2021,CGF,OH,AGL,CE,Federal Contract Tower,0,4,17,0,21,0,2,2,0,4,0,6,19,0,25,2,0,2,27
07/25/2021,CGF,OH,AGL,CE,Federal Contract Tower,0,7,24,0,31,0,0,15,0,15,0,7,39,0,46,16,0,16,62
07/26/2021,CGF,OH,AGL,CE,Federal Contract Tower,0,12,15,0,27,0,0,15,0,15,0,12,30,0,42,34,0,34,76
07/27/2021,CGF,OH,AGL,CE,Federal Contract Tower,0,14,23,0,37,0,0,18,2,20,0,14,41,2,57,18,0,18,75
07/28/2021,CGF,OH,AGL,CE,Federal Contract Tower,0,19,29,0,48,0,0,15,0,15,0,19,44,0,63,22,0,22,85
07/29/2021,CGF,OH,AGL,CE,Federal Contract Tower,0,17,28,0,45,0,0,4,0,4,0,17,32,0,49,0,0,0,49
07/30/2021,CGF,OH,AGL,CE,Federal Contract Tower,0,17,34,0,51,0,0,14,0,14,0,17,48,0,65,10,0,10,75
07/31/2021,CGF,OH,AGL,CE,Federal Contract Tower,0,12,17,0,29,0,0,27,0,27,0,12,44,0,56,26,0,26,82
08/01/2021,CGF,OH,AGL,CE,Federal Contract Tower,0,16,10,0,26,0,0,4,0,4,0,16,14,0,30,0,0,0,30
08/02/2021,CGF,OH,AGL,CE,Federal Contract Tower,0,20,13,0,33,0,6,20,0,26,0,26,33,0,59,18,0,18,77
08/03/2021,CGF,OH,AGL,CE,Federal Contract Tower,0,16,8,0,24,0,0,31,0,31,0,16,39,0,55,30,0,30,85
08/04/2021,CGF,OH,AGL,CE,Federal Contract Tower,0,20,16,0,36,0,0,18,0,18,0,20,34,0,54,46,0,46,100
08/05/2021,CGF,OH,AGL,CE,Federal Contract Tower,0,29,23,0,52,0,2,14,0,16,0,31,37,0,68,12,0,12,80
08/06/2021,CGF,OH,AGL,CE,Federal Contract Tower,0,19,27,0,46,0,0,29,2,31,0,19,56,2,77,22,0,22,99
08/07/2021,CGF,OH,AGL,CE,Federal Contract Tower,0,7,10,0,17,0,0,8,0,8,0,7,18,0,25,12,0,12,37
08/08/2021,CGF,OH,AGL,CE,Federal Contract Tower,0,9,25,0,34,0,0,14,0,14,0,9,39,0,48,42,0,42,90
08/09/2021,CGF,OH,AGL,CE,Federal Contract Tower,0,18,15,0,33,0,0,21,0,21,0,18,36,0,54,4,0,4,58
08/10/2021,CGF,OH,AGL,CE,Federal Contract Tower,0,10,16,2,28,0,0,12,0,12,0,10,28,2,40,20,0,20,60
08/11/2021,CGF,OH,AGL,CE,Federal Contract Tower,0,30,10,0,40,0,0,6,0,6,0,30,16,0,46,4,0,4,50
08/12/2021,CGF,OH,AGL,CE,Federal Contract Tower,0,31,16,0,47,0,0,6,0,6,0,31,22,0,53,18,0,18,71
08/13/2021,CGF,OH,AGL,CE,Federal Contract Tower,0,14,13,0,27,0,0,14,0,14,0,14,27,0,41,8,0,8,49
08/14/2021,CGF,OH,AGL,CE,Federal Contract Tower,0,9,19,0,28,0,2,24,0,26,0,11,43,0,54,30,0,30,84
08/15/2021,CGF,OH,AGL,CE,Federal Contract Tower,0,21,22,0,43,0,2,26,0,28,0,23,48,0,71,14,0,14,85
08/16/2021,CGF,OH,AGL,CE,Federal Contract Tower,0,14,21,0,35,0,0,2,0,2,0,14,23,0,37,0,0,0,37
08/17/2021,CGF,OH,AGL,CE,Federal Contract Tower,0,12,19,0,31,0,2,0,0,2,0,14,19,0,33,0,0,0,33
08/18/2021,CGF,OH,AGL,CE,Federal Contract Tower,0,19,31,0,50,0,0,2,0,2,0,19,33,0,52,6,0,6,58
08/19/2021,CGF,OH,AGL,CE,Federal Contract Tower,0,20,22,0,42,0,0,17,0,17,0,20,39,0,59,30,0,30,89
08/20/2021,CGF,OH,AGL,CE,Federal Contract Tower,0,17,21,0,38,0,0,30,0,30,0,17,51,0,68,50,0,50,118
08/21/2021,CGF,OH,AGL,CE,Federal Contract Tower,0,10,21,0,31,0,0,21,0,21,0,10,42,0,52,30,0,30,82
08/22/2021,CGF,OH,AGL,CE,Federal Contract Tower,0,9,14,0,23,0,0,18,0,18,0,9,32,0,41,8,0,8,49
08/23/2021,CGF,OH,AGL,CE,Federal Contract Tower,0,17,22,0,39,0,0,10,0,10,0,17,32,0,49,12,0,12,61
08/24/2021,CGF,OH,AGL,CE,Federal Contract Tower,0,30,18,0,48,0,0,24,0,24,0,30,42,0,72,6,0,6,78
08/25/2021,CGF,OH,AGL,CE,Federal Contract Tower,0,18,19,0,37,0,0,9,0,9,0,18,28,0,46,28,0,28,74
08/26/2021,CGF,OH,AGL,CE,Federal Contract Tower,0,19,26,0,45,0,0,18,0,18,0,19,44,0,63,44,0,44,107
08/27/2021,CGF,OH,AGL,CE,Federal Contract Tower,0,14,23,0,37,0,0,11,0,11,0,14,34,0,48,26,0,26,74
08/28/2021,CGF,OH,AGL,CE,Federal Contract Tower,0,13,13,0,26,0,0,6,0,6,0,13,19,0,32,22,0,22,54
08/29/2021,CGF,OH,AGL,CE,Federal Contract Tower,0,16,18,0,34,0,0,16,0,16,0,16,34,0,50,2,0,2,52
08/30/2021,CGF,OH,AGL,CE,Federal Contract Tower,0,18,8,0,26,0,0,6,0,6,0,18,14,0,32,6,0,6,38
08/31/2021,CGF,OH,AGL,CE,Federal Contract Tower,0,17,12,0,29,0,0,25,0,25,0,17,37,0,54,82,0,82,136
09/01/2021,CGF,OH,AGL,CE,Federal Contract Tower,0,26,13,0,39,0,0,19,0,19,0,26,32,0,58,42,0,42,100
09/02/2021,CGF,OH,AGL,CE,Federal Contract Tower,0,24,15,0,39,0,0,38,0,38,0,24,53,0,77,94,0,94,171
09/03/2021,CGF,OH,AGL,CE,Federal Contract Tower,0,22,37,0,59,0,3,41,0,44,0,25,78,0,103,126,0,126,229
09/04/2021,CGF,OH,AGL,CE,Federal Contract Tower,0,15,18,0,33,0,0,21,0,21,0,15,39,0,54,26,0,26,80
09/05/2021,CGF,OH,AGL,CE,Federal Contract Tower,0,11,18,0,29,0,3,22,0,25,0,14,40,0,54,32,0,32,86
09/06/2021,CGF,OH,AGL,CE,Federal Contract Tower,0,14,19,0,33,0,6,23,0,29,0,20,42,0,62,20,0,20,82
09/07/2021,CGF,OH,AGL,CE,Federal Contract Tower,0,16,20,0,36,0,0,21,0,21,0,16,41,0,57,6,0,6,63
09/08/2021,CGF,OH,AGL,CE,Federal Contract Tower,0,14,14,0,28,0,0,13,0,13,0,14,27,0,41,28,0,28,69
09/09/2021,CGF,OH,AGL,CE,Federal Contract Tower,0,10,14,0,24,0,0,10,0,10,0,10,24,0,34,0,0,0,34
09/10/2021,CGF,OH,AGL,CE,Federal Contract Tower,0,11,22,0,33,0,0,24,0,24,0,11,46,0,57,52,0,52,109
09/11/2021,CGF,OH,AGL,CE,Federal Contract Tower,0,6,8,0,14,0,0,18,0,18,0,6,26,0,32,16,0,16,48
09/12/2021,CGF,OH,AGL,CE,Federal Contract Tower,0,16,13,0,29,0,2,15,0,17,0,18,28,0,46,20,0,20,66
09/13/2021,CGF,OH,AGL,CE,Federal Contract Tower,0,16,27,0,43,0,2,16,0,18,0,18,43,0,61,36,0,36,97
09/14/2021,CGF,OH,AGL,CE,Federal Contract Tower,0,18,12,0,30,0,0,19,0,19,0,18,31,0,49,48,0,48,97
09/15/2021,CGF,OH,AGL,CE,Federal Contract Tower,0,15,9,0,24,0,1,11,0,12,0,16,20,0,36,24,0,24,60
09/16/2021,CGF,OH,AGL,CE,Federal Contract Tower,0,17,25,0,42,0,0,29,0,29,0,17,54,0,71,20,0,20,91
09/17/2021,CGF,OH,AGL,CE,Federal Contract Tower,0,13,13,0,26,0,0,24,0,24,0,13,37,0,50,22,0,22,72
09/18/2021,CGF,OH,AGL,CE,Federal Contract Tower,0,18,11,0,29,0,0,19,0,19,0,18,30,0,48,16,0,16,64
09/19/2021,CGF,OH,AGL,CE,Federal Contract Tower,0,18,20,0,38,0,1,28,0,29,0,19,48,0,67,26,0,26,93
09/20/2021,CGF,OH,AGL,CE,Federal Contract Tower,0,17,30,0,47,0,3,24,0,27,0,20,54,0,74,48,0,48,122
09/21/2021,CGF,OH,AGL,CE,Federal Contract Tower,0,17,19,0,36,0,3,7,0,10,0,20,26,0,46,0,0,0,46
09/22/2021,CGF,OH,AGL,CE,Federal Contract Tower,0,11,23,0,34,0,0,0,0,0,0,11,23,0,34,0,0,0,34
09/23/2021,CGF,OH,AGL,CE,Federal Contract Tower,0,21,18,0,39,0,0,0,0,0,0,21,18,0,39,0,0,0,39
09/24/2021,CGF,OH,AGL,CE,Federal Contract Tower,0,22,29,0,51,0,1,39,0,40,0,23,68,0,91,24,0,24,115
09/25/2021,CGF,OH,AGL,CE,Federal Contract Tower,0,11,9,0,20,0,0,8,0,8,0,11,17,0,28,8,0,8,36
09/26/2021,CGF,OH,AGL,CE,Federal Contract Tower,0,15,19,0,34,0,0,27,0,27,0,15,46,0,61,50,0,50,111
09/27/2021,CGF,OH,AGL,CE,Federal Contract Tower,0,26,30,0,56,0,2,31,0,33,0,28,61,0,89,20,0,20,109
09/28/2021,CGF,OH,AGL,CE,Federal Contract Tower,0,18,23,0,41,0,0,15,0,15,0,18,38,0,56,48,0,48,104
09/29/2021,CGF,OH,AGL,CE,Federal Contract Tower,0,15,15,0,30,0,2,13,0,15,0,17,28,0,45,16,0,16,61
09/30/2021,CGF,OH,AGL,CE,Federal Contract Tower,0,25,15,0,40,0,2,21,0,23,0,27,36,0,63,32,0,32,95
10/01/2021,CGF,OH,AGL,CE,Federal Contract Tower,0,24,27,0,51,0,0,20,0,20,0,24,47,0,71,40,0,40,111
10/02/2021,CGF,OH,AGL,CE,Federal Contract Tower,0,24,15,0,39,0,0,32,0,32,0,24,47,0,71,26,0,26,97
10/03/2021,CGF,OH,AGL,CE,Federal Contract Tower,0,23,19,0,42,0,0,1,0,1,0,23,20,0,43,0,0,0,43
10/04/2021,CGF,OH,AGL,CE,Federal Contract Tower,0,21,29,0,50,0,0,0,0,0,0,21,29,0,50,0,0,0,50
10/05/2021,CGF,OH,AGL,CE,Federal Contract Tower,0,13,21,0,34,0,0,1,0,1,0,13,22,0,35,0,0,0,35
10/06/2021,CGF,OH,AGL,CE,Federal Contract Tower,0,20,25,0,45,0,0,21,0,21,0,20,46,0,66,78,0,78,144
10/07/2021,CGF,OH,AGL,CE,Federal Contract Tower,0,13,18,0,31,0,0,7,0,7,0,13,25,0,38,20,0,20,58
10/08/2021,CGF,OH,AGL,CE,Federal Contract Tower,0,16,23,0,39,0,0,1,0,1,0,16,24,0,40,0,0,0,40
10/09/2021,CGF,OH,AGL,CE,Federal Contract Tower,0,13,7,0,20,0,0,17,0,17,0,13,24,0,37,14,0,14,51
10/10/2021,CGF,OH,AGL,CE,Federal Contract Tower,0,14,15,0,29,0,0,8,1,9,0,14,23,1,38,12,0,12,50
10/11/2021,CGF,OH,AGL,CE,Federal Contract Tower,0,14,8,0,22,0,0,16,0,16,0,14,24,0,38,24,0,24,62
10/12/2021,CGF,OH,AGL,CE,Federal Contract Tower,0,17,24,0,41,0,0,15,0,15,0,17,39,0,56,18,0,18,74
10/13/2021,CGF,OH,AGL,CE,Federal Contract Tower,0,14,23,0,37,0,0,21,0,21,0,14,44,0,58,30,0,30,88
10/14/2021,CGF,OH,AGL,CE,Federal Contract Tower,0,34,21,0,55,0,0,23,0,23,0,34,44,0,78,20,0,20,98
10/15/2021,CGF,OH,AGL,CE,Federal Contract Tower,0,18,12,0,30,0,0,8,0,8,0,18,20,0,38,10,0,10,48
10/16/2021,CGF,OH,AGL,CE,Federal Contract Tower,0,9,15,0,24,0,0,2,0,2,0,9,17,0,26,0,0,0,26
10/17/2021,CGF,OH,AGL,CE,Federal Contract Tower,0,20,19,0,39,0,0,4,0,4,0,20,23,0,43,0,0,0,43
10/18/2021,CGF,OH,AGL,CE,Federal Contract Tower,0,15,26,0,41,0,0,15,0,15,0,15,41,0,56,2,0,2,58
10/19/2021,CGF,OH,AGL,CE,Federal Contract Tower,0,13,27,0,40,0,0,21,0,21,0,13,48,0,61,42,0,42,103
10/20/2021,CGF,OH,AGL,CE,Federal Contract Tower,0,24,27,0,51,0,0,34,0,34,0,24,61,0,85,34,0,34,119
10/21/2021,CGF,OH,AGL,CE,Federal Contract Tower,0,20,20,0,40,0,0,6,0,6,0,20,26,0,46,10,0,10,56
10/22/2021,CGF,OH,AGL,CE,Federal Contract Tower,0,15,15,0,30,0,0,9,0,9,0,15,24,0,39,0,0,0,39
10/23/2021,CGF,OH,AGL,CE,Federal Contract Tower,0,18,11,0,29,0,1,7,0,8,0,19,18,0,37,14,0,14,51
10/24/2021,CGF,OH,AGL,CE,Federal Contract Tower,0,18,25,0,43,0,0,12,0,12,0,18,37,0,55,0,0,0,55
10/25/2021,CGF,OH,AGL,CE,Federal Contract Tower,0,17,4,0,21,0,0,4,0,4,0,17,8,0,25,2,0,2,27
10/26/2021,CGF,OH,AGL,CE,Federal Contract Tower,0,14,8,0,22,0,0,0,0,0,0,14,8,0,22,0,0,0,22
10/27/2021,CGF,OH,AGL,CE,Federal Contract Tower,0,18,31,0,49,0,0,0,0,0,0,18,31,0,49,0,0,0,49
10/28/2021,CGF,OH,AGL,CE,Federal Contract Tower,0,20,23,0,43,0,0,22,0,22,0,20,45,0,65,14,0,14,79
10/29/2021,CGF,OH,AGL,CE,Federal Contract Tower,0,25,15,0,40,0,0,1,0,1,0,25,16,0,41,0,0,0,41
10/30/2021,CGF,OH,AGL,CE,Federal Contract Tower,0,14,12,0,26,0,1,12,0,13,0,15,24,0,39,24,0,24,63
10/31/2021,CGF,OH,AGL,CE,Federal Contract Tower,0,10,17,0,27,0,0,8,0,8,0,10,25,0,35,2,0,2,37
11/01/2021,CGF,OH,AGL,CE,Federal Contract Tower,0,13,16,0,29,0,0,12,0,12,0,13,28,0,41,0,0,0,41
11/02/2021,CGF,OH,AGL,CE,Federal Contract Tower,0,13,22,0,35,0,1,5,0,6,0,14,27,0,41,0,0,0,41
11/03/2021,CGF,OH,AGL,CE,Federal Contract Tower,0,14,18,0,32,0,6,17,0,23,0,20,35,0,55,46,0,46,101
11/04/2021,CGF,OH,AGL,CE,Federal Contract Tower,0,12,15,0,27,0,0,8,0,8,0,12,23,0,35,6,0,6,41
11/05/2021,CGF,OH,AGL,CE,Federal Contract Tower,0,15,30,0,45,0,0,46,0,46,0,15,76,0,91,14,12,26,117
11/06/2021,CGF,OH,AGL,CE,Federal Contract Tower,0,10,17,0,27,0,0,34,0,34,0,10,51,0,61,84,0,84,145
11/07/2021,CGF,OH,AGL,CE,Federal Contract Tower,0,18,19,0,37,0,0,48,0,48,0,18,67,0,85,0,0,0,85
11/08/2021,CGF,OH,AGL,CE,Federal Contract Tower,0,11,20,0,31,0,0,31,0,31,0,11,51,0,62,42,0,42,104
11/09/2021,CGF,OH,AGL,CE,Federal Contract Tower,0,7,23,0,30,0,0,27,0,27,0,7,50,0,57,32,0,32,89
11/10/2021,CGF,OH,AGL,CE,Federal Contract Tower,0,19,22,0,41,0,0,20,0,20,0,19,42,0,61,42,0,42,103
11/11/2021,CGF,OH,AGL,CE,Federal Contract Tower,0,26,28,0,54,0,0,7,0,7,0,26,35,0,61,38,0,38,99
11/12/2021,CGF,OH,AGL,CE,Federal Contract Tower,0,22,7,0,29,0,6,2,0,8,0,28,9,0,37,0,0,0,37
11/13/2021,CGF,OH,AGL,CE,Federal Contract Tower,0,12,8,0,20,0,0,2,0,2,0,12,10,0,22,0,0,0,22
11/14/2021,CGF,OH,AGL,CE,Federal Contract Tower,0,6,8,0,14,0,0,2,0,2,0,6,10,0,16,14,0,14,30
11/15/2021,CGF,OH,AGL,CE,Federal Contract Tower,0,15,13,0,28,0,0,2,0,2,0,15,15,0,30,0,0,0,30
11/16/2021,CGF,OH,AGL,CE,Federal Contract Tower,0,15,25,0,40,0,0,10,1,11,0,15,35,1,51,46,0,46,97
11/17/2021,CGF,OH,AGL,CE,Federal Contract Tower,0,31,20,0,51,0,0,3,0,3,0,31,23,0,54,6,0,6,60
11/18/2021,CGF,OH,AGL,CE,Federal Contract Tower,0,28,30,0,58,0,0,6,0,6,0,28,36,0,64,0,0,0,64
11/19/2021,CGF,OH,AGL,CE,Federal Contract Tower,0,16,20,0,36,0,0,10,0,10,0,16,30,0,46,24,0,24,70
11/21/2021,CGF,OH,AGL,CE,Federal Contract Tower,0,10,12,0,22,0,0,3,0,3,0,10,15,0,25,0,0,0,25
11/22/2021,CGF,OH,AGL,CE,Federal Contract Tower,0,9,18,0,27,0,0,4,0,4,0,9,22,0,31,18,0,18,49
11/23/2021,CGF,OH,AGL,CE,Federal Contract Tower,0,26,20,0,46,0,0,39,0,39,0,26,59,0,85,44,0,44,129
11/24/2021,CGF,OH,AGL,CE,Federal Contract Tower,0,16,23,0,39,0,0,36,0,36,0,16,59,0,75,12,0,12,87
11/25/2021,CGF,OH,AGL,CE,Federal Contract Tower,0,4,5,0,9,0,0,0,0,0,0,4,5,0,9,0,0,0,9
11/26/2021,CGF,OH,AGL,CE,Federal Contract Tower,0,11,6,0,17,0,0,1,0,1,0,11,7,0,18,0,0,0,18
11/27/2021,CGF,OH,AGL,CE,Federal Contract Tower,0,10,26,0,36,0,0,19,0,19,0,10,45,0,55,24,0,24,79
11/28/2021,CGF,OH,AGL,CE,Federal Contract Tower,0,18,20,0,38,0,0,0,0,0,0,18,20,0,38,0,0,0,38
11/29/2021,CGF,OH,AGL,CE,Federal Contract Tower,0,24,26,0,50,0,0,13,0,13,0,24,39,0,63,34,0,34,97
11/30/2021,CGF,OH,AGL,CE,Federal Contract Tower,0,10,21,0,31,0,0,7,0,7,0,10,28,0,38,20,0,20,58
12/01/2021,CGF,OH,AGL,CE,Federal Contract Tower,0,13,12,0,25,0,0,22,0,22,0,13,34,0,47,26,0,26,73
12/02/2021,CGF,OH,AGL,CE,Federal Contract Tower,0,6,21,0,27,0,0,4,0,4,0,6,25,0,31,0,0,0,31
12/03/2021,CGF,OH,AGL,CE,Federal Contract Tower,0,14,16,0,30,0,0,1,0,1,0,14,17,0,31,0,0,0,31
12/04/2021,CGF,OH,AGL,CE,Federal Contract Tower,0,7,7,0,14,0,0,5,0,5,0,7,12,0,19,2,0,2,21
12/05/2021,CGF,OH,AGL,CE,Federal Contract Tower,0,21,10,0,31,0,0,9,0,9,0,21,19,0,40,4,0,4,44
12/06/2021,CGF,OH,AGL,CE,Federal Contract Tower,0,15,10,0,25,0,0,0,0,0,0,15,10,0,25,0,0,0,25
12/07/2021,CGF,OH,AGL,CE,Federal Contract Tower,0,17,18,0,35,0,0,10,0,10,0,17,28,0,45,14,0,14,59
12/08/2021,CGF,OH,AGL,CE,Federal Contract Tower,0,18,18,0,36,0,0,3,0,3,0,18,21,0,39,36,0,36,75
12/09/2021,CGF,OH,AGL,CE,Federal Contract Tower,0,14,12,0,26,0,0,3,0,3,0,14,15,0,29,4,0,4,33
12/10/2021,CGF,OH,AGL,CE,Federal Contract Tower,0,18,19,0,37,0,0,17,0,17,0,18,36,0,54,72,0,72,126
12/11/2021,CGF,OH,AGL,CE,Federal Contract Tower,0,11,1,0,12,0,0,0,0,0,0,11,1,0,12,0,0,0,12
12/12/2021,CGF,OH,AGL,CE,Federal Contract Tower,0,16,19,0,35,0,4,30,0,34,0,20,49,0,69,60,0,60,129
12/13/2021,CGF,OH,AGL,CE,Federal Contract Tower,0,21,7,0,28,0,0,22,0,22,0,21,29,0,50,22,0,22,72
12/14/2021,CGF,OH,AGL,CE,Federal Contract Tower,0,5,36,0,41,0,0,34,0,34,0,5,70,0,75,56,0,56,131
12/15/2021,CGF,OH,AGL,CE,Federal Contract Tower,0,17,18,0,35,0,0,0,0,0,0,17,18,0,35,0,0,0,35
12/16/2021,CGF,OH,AGL,CE,Federal Contract Tower,0,18,14,0,32,0,0,1,0,1,0,18,15,0,33,0,0,0,33
12/17/2021,CGF,OH,AGL,CE,Federal Contract Tower,0,20,23,0,43,0,0,29,0,29,0,20,52,0,72,16,0,16,88
12/18/2021,CGF,OH,AGL,CE,Federal Contract Tower,0,15,19,0,34,0,0,0,0,0,0,15,19,0,34,0,0,0,34
12/19/2021,CGF,OH,AGL,CE,Federal Contract Tower,0,16,11,0,27,0,0,16,0,16,0,16,27,0,43,54,0,54,97
12/20/2021,CGF,OH,AGL,CE,Federal Contract Tower,0,13,22,0,35,0,0,26,0,26,0,13,48,0,61,28,0,28,89
12/21/2021,CGF,OH,AGL,CE,Federal Contract Tower,0,18,19,0,37,0,0,23,0,23,0,18,42,0,60,30,0,30,90
12/22/2021,CGF,OH,AGL,CE,Federal Contract Tower,0,12,10,0,22,0,0,1,0,1,0,12,11,0,23,2,0,2,25
12/23/2021,CGF,OH,AGL,CE,Federal Contract Tower,0,17,16,0,33,0,0,11,0,11,0,17,27,0,44,36,0,36,80
12/24/2021,CGF,OH,AGL,CE,Federal Contract Tower,0,7,4,0,11,0,0,15,0,15,0,7,19,0,26,2,0,2,28
12/25/2021,CGF,OH,AGL,CE,Federal Contract Tower,0,13,5,0,18,0,0,0,0,0,0,13,5,0,18,0,0,0,18
12/26/2021,CGF,OH,AGL,CE,Federal Contract Tower,0,14,20,0,34,0,0,6,0,6,0,14,26,0,40,36,0,36,76
12/27/2021,CGF,OH,AGL,CE,Federal Contract Tower,0,11,10,0,21,0,0,2,0,2,0,11,12,0,23,0,0,0,23
12/28/2021,CGF,OH,AGL,CE,Federal Contract Tower,0,22,7,0,29,0,0,8,0,8,0,22,15,0,37,2,0,2,39
12/29/2021,CGF,OH,AGL,CE,Federal Contract Tower,0,15,17,0,32,0,0,0,0,0,0,15,17,0,32,0,0,0,32
12/30/2021,CGF,OH,AGL,CE,Federal Contract Tower,0,8,8,0,16,0,0,0,0,0,0,8,8,0,16,0,0,0,16
12/31/2021,CGF,OH,AGL,CE,Federal Contract Tower,0,3,4,0,7,0,0,14,0,14,0,3,18,0,21,30,0,30,51
01/01/2022,CGF,OH,AGL,CE,Federal Contract Tower,0,2,3,0,5,0,0,0,0,0,0,2,3,0,5,0,0,0,5
01/02/2022,CGF,OH,AGL,CE,Federal Contract Tower,0,7,15,0,22,0,0,0,0,0,0,7,15,0,22,8,0,8,30
01/03/2022,CGF,OH,AGL,CE,Federal Contract Tower,0,32,13,0,45,0,0,4,0,4,0,32,17,0,49,8,0,8,57
01/04/2022,CGF,OH,AGL,CE,Federal Contract Tower,0,8,17,0,25,0,0,14,0,14,0,8,31,0,39,38,0,38,77
01/05/2022,CGF,OH,AGL,CE,Federal Contract Tower,0,11,6,0,17,0,0,0,0,0,0,11,6,0,17,0,0,0,17
01/06/2022,CGF,OH,AGL,CE,Federal Contract Tower,0,3,7,0,10,0,0,8,0,8,0,3,15,0,18,32,0,32,50
01/07/2022,CGF,OH,AGL,CE,Federal Contract Tower,0,3,16,0,19,0,0,0,0,0,0,3,16,0,19,0,0,0,19
01/08/2022,CGF,OH,AGL,CE,Federal Contract Tower,0,10,6,0,16,0,0,10,0,10,0,10,16,0,26,0,0,0,26
01/09/2022,CGF,OH,AGL,CE,Federal Contract Tower,0,9,11,0,20,0,0,0,0,0,0,9,11,0,20,0,0,0,20
01/10/2022,CGF,OH,AGL,CE,Federal Contract Tower,0,7,10,2,19,0,0,0,0,0,0,7,10,2,19,0,0,0,19
01/11/2022,CGF,OH,AGL,CE,Federal Contract Tower,0,11,12,0,23,0,0,18,0,18,0,11,30,0,41,8,0,8,49
01/12/2022,CGF,OH,AGL,CE,Federal Contract Tower,0,16,13,0,29,0,0,32,0,32,0,16,45,0,61,12,0,12,73
01/13/2022,CGF,OH,AGL,CE,Federal Contract Tower,0,10,7,0,17,0,0,9,0,9,0,10,16,0,26,36,0,36,62
01/14/2022,CGF,OH,AGL,CE,Federal Contract Tower,0,12,13,0,25,0,0,0,0,0,0,12,13,0,25,0,0,0,25
01/15/2022,CGF,OH,AGL,CE,Federal Contract Tower,0,5,11,0,16,0,0,18,0,18,0,5,29,0,34,26,0,26,60
01/16/2022,CGF,OH,AGL,CE,Federal Contract Tower,0,3,10,0,13,0,0,24,0,24,0,3,34,0,37,24,0,24,61
01/17/2022,CGF,OH,AGL,CE,Federal Contract Tower,0,2,6,0,8,0,0,0,0,0,0,2,6,0,8,0,0,0,8
01/18/2022,CGF,OH,AGL,CE,Federal Contract Tower,0,7,11,0,18,0,0,0,0,0,0,7,11,0,18,0,0,0,18
01/19/2022,CGF,OH,AGL,CE,Federal Contract Tower,0,22,13,0,35,0,0,3,0,3,0,22,16,0,38,22,0,22,60
01/20/2022,CGF,OH,AGL,CE,Federal Contract Tower,0,11,7,0,18,0,0,0,0,0,0,11,7,0,18,0,0,0,18
01/21/2022,CGF,OH,AGL,CE,Federal Contract Tower,0,9,19,0,28,0,0,4,0,4,0,9,23,0,32,6,0,6,38
01/22/2022,CGF,OH,AGL,CE,Federal Contract Tower,0,13,10,0,23,0,2,7,0,9,0,15,17,0,32,30,0,30,62
01/23/2022,CGF,OH,AGL,CE,Federal Contract Tower,0,7,5,0,12,0,0,0,0,0,0,7,5,0,12,0,0,0,12
01/24/2022,CGF,OH,AGL,CE,Federal Contract Tower,0,5,19,0,24,0,0,0,0,0,0,5,19,0,24,0,0,0,24
01/25/2022,CGF,OH,AGL,CE,Federal Contract Tower,0,4,19,0,23,0,0,12,0,12,0,4,31,0,35,6,0,6,41
01/26/2022,CGF,OH,AGL,CE,Federal Contract Tower,0,8,25,0,33,0,0,11,0,11,0,8,36,0,44,24,0,24,68
01/27/2022,CGF,OH,AGL,CE,Federal Contract Tower,0,9,15,0,24,0,0,4,0,4,0,9,19,0,28,2,0,2,30
01/28/2022,CGF,OH,AGL,CE,Federal Contract Tower,0,11,7,0,18,0,0,0,0,0,0,11,7,0,18,0,0,0,18
01/29/2022,CGF,OH,AGL,CE,Federal Contract Tower,0,7,1,0,8,0,0,10,0,10,0,7,11,0,18,8,0,8,26
01/30/2022,CGF,OH,AGL,CE,Federal Contract Tower,0,11,10,0,21,0,0,9,0,9,0,11,19,0,30,0,0,0,30
01/31/2022,CGF,OH,AGL,CE,Federal Contract Tower,0,9,9,0,18,0,0,17,0,17,0,9,26,0,35,34,0,34,69
02/01/2022,CGF,OH,AGL,CE,Federal Contract Tower,0,9,9,0,18,0,0,9,0,9,0,9,18,0,27,0,0,0,27
02/02/2022,CGF,OH,AGL,CE,Federal Contract Tower,0,11,9,0,20,0,0,0,0,0,0,11,9,0,20,0,0,0,20
02/03/2022,CGF,OH,AGL,CE,Federal Contract Tower,0,2,0,0,2,0,0,0,0,0,0,2,0,0,2,0,0,0,2
02/04/2022,CGF,OH,AGL,CE,Federal Contract Tower,0,9,2,0,11,0,0,0,0,0,0,9,2,0,11,0,0,0,11
02/05/2022,CGF,OH,AGL,CE,Federal Contract Tower,0,4,6,0,10,0,0,5,0,5,0,4,11,0,15,0,0,0,15
02/06/2022,CGF,OH,AGL,CE,Federal Contract Tower,0,5,12,0,17,0,0,2,0,2,0,5,14,0,19,0,0,0,19
02/07/2022,CGF,OH,AGL,CE,Federal Contract Tower,0,11,6,0,17,0,2,11,0,13,0,13,17,0,30,26,0,26,56
02/08/2022,CGF,OH,AGL,CE,Federal Contract Tower,0,14,16,0,30,0,0,9,0,9,0,14,25,0,39,44,0,44,83
02/09/2022,CGF,OH,AGL,CE,Federal Contract Tower,0,12,8,0,20,0,0,19,0,19,0,12,27,0,39,24,0,24,63
02/10/2022,CGF,OH,AGL,CE,Federal Contract Tower,0,17,8,0,25,0,0,4,0,4,0,17,12,0,29,0,0,0,29
02/11/2022,CGF,OH,AGL,CE,Federal Contract Tower,0,15,11,0,26,0,0,2,0,2,0,15,13,0,28,0,0,0,28
02/12/2022,CGF,OH,AGL,CE,Federal Contract Tower,0,15,5,0,20,0,0,1,0,1,0,15,6,0,21,0,0,0,21
02/13/2022,CGF,OH,AGL,CE,Federal Contract Tower,0,12,11,0,23,0,0,1,0,1,0,12,12,0,24,0,0,0,24
02/14/2022,CGF,OH,AGL,CE,Federal Contract Tower,0,4,19,0,23,0,0,21,0,21,0,4,40,0,44,88,0,88,132
02/15/2022,CGF,OH,AGL,CE,Federal Contract Tower,0,20,20,0,40,0,0,34,0,34,0,20,54,0,74,50,0,50,124
02/16/2022,CGF,OH,AGL,CE,Federal Contract Tower,0,15,9,0,24,0,0,11,0,11,0,15,20,0,35,0,0,0,35
02/17/2022,CGF,OH,AGL,CE,Federal Contract Tower,0,12,11,0,23,0,0,0,0,0,0,12,11,0,23,0,0,0,23
02/18/2022,CGF,OH,AGL,CE,Federal Contract Tower,0,2,9,0,11,0,0,1,0,1,0,2,10,0,12,0,0,0,12
02/19/2022,CGF,OH,AGL,CE,Federal Contract Tower,0,3,8,0,11,0,0,2,0,2,0,3,10,0,13,2,0,2,15
02/20/2022,CGF,OH,AGL,CE,Federal Contract Tower,0,8,12,0,20,0,4,6,0,10,0,12,18,0,30,0,0,0,30
02/21/2022,CGF,OH,AGL,CE,Federal Contract Tower,0,14,27,0,41,0,0,46,0,46,0,14,73,0,87,64,0,64,151
02/22/2022,CGF,OH,AGL,CE,Federal Contract Tower,0,14,11,0,25,0,0,0,0,0,0,14,11,0,25,0,0,0,25
02/23/2022,CGF,OH,AGL,CE,Federal Contract Tower,0,20,23,0,43,0,0,4,0,4,0,20,27,0,47,0,0,0,47
02/24/2022,CGF,OH,AGL,CE,Federal Contract Tower,0,8,13,0,21,0,1,18,0,19,0,9,31,0,40,8,0,8,48
02/25/2022,CGF,OH,AGL,CE,Federal Contract Tower,0,9,12,0,21,0,0,0,0,0,0,9,12,0,21,0,0,0,21
02/26/2022,CGF,OH,AGL,CE,Federal Contract Tower,0,9,25,0,34,0,0,11,1,12,0,9,36,1,46,32,0,32,78
02/27/2022,CGF,OH,AGL,CE,Federal Contract Tower,0,8,8,0,16,0,0,10,0,10,0,8,18,0,26,6,0,6,32
02/28/2022,CGF,OH,AGL,CE,Federal Contract Tower,0,12,14,0,26,0,0,19,0,19,0,12,33,0,45,8,0,8,53
03/01/2022,CGF,OH,AGL,CE,Federal Contract Tower,0,15,20,0,35,0,0,9,0,9,0,15,29,0,44,10,0,10,54
03/02/2022,CGF,OH,AGL,CE,Federal Contract Tower,0,13,8,0,21,0,0,22,0,22,0,13,30,0,43,46,0,46,89
03/03/2022,CGF,OH,AGL,CE,Federal Contract Tower,0,12,11,0,23,0,0,4,0,4,0,12,15,0,27,32,0,32,59
03/04/2022,CGF,OH,AGL,CE,Federal Contract Tower,0,15,29,0,44,0,0,18,0,18,0,15,47,0,62,30,0,30,92
03/05/2022,CGF,OH,AGL,CE,Federal Contract Tower,0,5,9,0,14,0,0,11,0,11,0,5,20,0,25,4,0,4,29
03/06/2022,CGF,OH,AGL,CE,Federal Contract Tower,0,14,11,0,25,0,0,4,0,4,0,14,15,0,29,6,0,6,35
03/07/2022,CGF,OH,AGL,CE,Federal Contract Tower,0,6,12,0,18,0,2,0,0,2,0,8,12,0,20,0,0,0,20
03/08/2022,CGF,OH,AGL,CE,Federal Contract Tower,0,14,9,0,23,0,0,19,0,19,0,14,28,0,42,18,0,18,60
03/09/2022,CGF,OH,AGL,CE,Federal Contract Tower,0,22,20,0,42,0,0,16,0,16,0,22,36,0,58,46,0,46,104
03/10/2022,CGF,OH,AGL,CE,Federal Contract Tower,0,21,25,0,46,0,0,31,0,31,0,21,56,0,77,38,0,38,115
03/11/2022,CGF,OH,AGL,CE,Federal Contract Tower,0,15,18,0,33,0,0,15,0,15,0,15,33,0,48,16,0,16,64
03/12/2022,CGF,OH,AGL,CE,Federal Contract Tower,0,6,8,0,14,0,0,5,0,5,0,6,13,0,19,0,0,0,19
03/13/2022,CGF,OH,AGL,CE,Federal Contract Tower,0,13,13,0,26,0,2,2,0,4,0,15,15,0,30,0,0,0,30
03/14/2022,CGF,OH,AGL,CE,Federal Contract Tower,0,17,14,0,31,0,0,9,0,9,0,17,23,0,40,28,0,28,68
03/15/2022,CGF,OH,AGL,CE,Federal Contract Tower,0,17,26,0,43,0,0,28,0,28,0,17,54,0,71,18,0,18,89
03/16/2022,CGF,OH,AGL,CE,Federal Contract Tower,0,9,17,0,26,0,0,31,0,31,0,9,48,0,57,12,0,12,69
03/17/2022,CGF,OH,AGL,CE,Federal Contract Tower,0,6,16,0,22,0,0,44,0,44,0,6,60,0,66,32,0,32,98
03/18/2022,CGF,OH,AGL,CE,Federal Contract Tower,0,13,14,0,27,0,0,16,0,16,0,13,30,0,43,46,0,46,89
03/19/2022,CGF,OH,AGL,CE,Federal Contract Tower,0,14,8,0,22,0,0,0,0,0,0,14,8,0,22,0,0,0,22
03/20/2022,CGF,OH,AGL,CE,Federal Contract Tower,0,6,14,0,20,0,0,8,0,8,0,6,22,0,28,14,0,14,42
03/21/2022,CGF,OH,AGL,CE,Federal Contract Tower,0,5,17,0,22,0,0,27,0,27,0,5,44,0,49,60,0,60,109
03/22/2022,CGF,OH,AGL,CE,Federal Contract Tower,0,7,8,0,15,0,0,8,0,8,0,7,16,0,23,20,0,20,43
03/23/2022,CGF,OH,AGL,CE,Federal Contract Tower,0,12,15,0,27,0,0,3,0,3,0,12,18,0,30,20,0,20,50
03/24/2022,CGF,OH,AGL,CE,Federal Contract Tower,0,4,18,0,22,0,0,7,0,7,0,4,25,0,29,2,0,2,31
03/25/2022,CGF,OH,AGL,CE,Federal Contract Tower,0,11,7,0,18,0,0,0,0,0,0,11,7,0,18,2,0,2,20
03/26/2022,CGF,OH,AGL,CE,Federal Contract Tower,0,6,16,0,22,0,0,0,0,0,0,6,16,0,22,0,0,0,22
03/27/2022,CGF,OH,AGL,CE,Federal Contract Tower,0,8,11,0,19,0,0,0,0,0,0,8,11,0,19,0,0,0,19
03/28/2022,CGF,OH,AGL,CE,Federal Contract Tower,0,24,14,0,38,0,0,1,0,1,0,24,15,0,39,20,0,20,59
03/29/2022,CGF,OH,AGL,CE,Federal Contract Tower,0,13,15,0,28,0,0,24,0,24,0,13,39,0,52,42,0,42,94
03/30/2022,CGF,OH,AGL,CE,Federal Contract Tower,0,11,5,0,16,0,0,6,0,6,0,11,11,0,22,16,0,16,38
03/31/2022,CGF,OH,AGL,CE,Federal Contract Tower,0,13,13,0,26,0,0,2,0,2,0,13,15,0,28,0,0,0,28
04/01/2022,CGF,OH,AGL,CE,Federal Contract Tower,0,9,5,0,14,0,0,5,0,5,0,9,10,0,19,2,0,2,21
04/02/2022,CGF,OH,AGL,CE,Federal Contract Tower,0,8,9,0,17,0,0,40,0,40,0,8,49,0,57,48,0,48,105
04/03/2022,CGF,OH,AGL,CE,Federal Contract Tower,0,14,17,0,31,0,0,16,0,16,0,14,33,0,47,6,0,6,53
04/04/2022,CGF,OH,AGL,CE,Federal Contract Tower,0,5,13,0,18,0,0,3,0,3,0,5,16,0,21,2,0,2,23
04/05/2022,CGF,OH,AGL,CE,Federal Contract Tower,0,8,28,0,36,0,0,32,0,32,0,8,60,0,68,38,0,38,106
04/06/2022,CGF,OH,AGL,CE,Federal Contract Tower,0,10,28,0,38,0,0,1,0,1,0,10,29,0,39,0,0,0,39
04/07/2022,CGF,OH,AGL,CE,Federal Contract Tower,0,16,27,0,43,0,0,17,0,17,0,16,44,0,60,14,0,14,74
04/08/2022,CGF,OH,AGL,CE,Federal Contract Tower,0,13,22,0,35,0,0,4,0,4,0,13,26,0,39,0,0,0,39
04/09/2022,CGF,OH,AGL,CE,Federal Contract Tower,0,12,19,0,31,0,0,3,0,3,0,12,22,0,34,0,0,0,34
04/10/2022,CGF,OH,AGL,CE,Federal Contract Tower,0,12,16,0,28,0,0,21,0,21,0,12,37,0,49,10,0,10,59
04/11/2022,CGF,OH,AGL,CE,Federal Contract Tower,0,14,16,0,30,0,0,2,2,4,0,14,18,2,34,0,0,0,34
04/12/2022,CGF,OH,AGL,CE,Federal Contract Tower,0,14,24,0,38,0,0,21,2,23,0,14,45,2,61,26,0,26,87
04/13/2022,CGF,OH,AGL,CE,Federal Contract Tower,0,29,26,0,55,0,0,9,0,9,0,29,35,0,64,0,0,0,64
04/14/2022,CGF,OH,AGL,CE,Federal Contract Tower,0,16,23,0,39,0,0,7,0,7,0,16,30,0,46,30,0,30,76
04/15/2022,CGF,OH,AGL,CE,Federal Contract Tower,0,8,13,0,21,0,0,9,0,9,0,8,22,0,30,10,0,10,40
04/16/2022,CGF,OH,AGL,CE,Federal Contract Tower,0,7,9,0,16,0,0,14,0,14,0,7,23,0,30,22,0,22,52
04/17/2022,CGF,OH,AGL,CE,Federal Contract Tower,0,13,6,0,19,0,2,12,0,14,0,15,18,0,33,0,0,0,33
04/18/2022,CGF,OH,AGL,CE,Federal Contract Tower,0,21,17,0,38,0,0,1,0,1,0,21,18,0,39,0,0,0,39
04/19/2022,CGF,OH,AGL,CE,Federal Contract Tower,0,24,16,0,40,0,0,3,0,3,0,24,19,0,43,4,0,4,47
04/20/2022,CGF,OH,AGL,CE,Federal Contract Tower,0,6,31,0,37,0,0,26,0,26,0,6,57,0,63,32,0,32,95
04/21/2022,CGF,OH,AGL,CE,Federal Contract Tower,0,6,17,0,23,0,0,9,0,9,0,6,26,0,32,12,0,12,44
04/22/2022,CGF,OH,AGL,CE,Federal Contract Tower,0,15,15,0,30,0,0,29,0,29,0,15,44,0,59,50,0,50,109
04/23/2022,CGF,OH,AGL,CE,Federal Contract Tower,0,7,12,0,19,0,0,27,0,27,0,7,39,0,46,6,0,6,52
04/24/2022,CGF,OH,AGL,CE,Federal Contract Tower,0,14,23,0,37,0,0,20,0,20,0,14,43,0,57,26,0,26,83
04/25/2022,CGF,OH,AGL,CE,Federal Contract Tower,0,8,13,0,21,0,0,3,0,3,0,8,16,0,24,0,0,0,24
04/26/2022,CGF,OH,AGL,CE,Federal Contract Tower,0,1,26,0,27,0,0,8,0,8,0,1,34,0,35,18,0,18,53
04/27/2022,CGF,OH,AGL,CE,Federal Contract Tower,0,12,26,0,38,0,0,7,0,7,0,12,33,0,45,8,0,8,53
04/28/2022,CGF,OH,AGL,CE,Federal Contract Tower,0,14,34,0,48,0,5,33,0,38,0,19,67,0,86,36,0,36,122
04/29/2022,CGF,OH,AGL,CE,Federal Contract Tower,0,9,11,0,20,0,0,36,0,36,0,9,47,0,56,18,0,18,74
04/30/2022,CGF,OH,AGL,CE,Federal Contract Tower,0,10,22,0,32,0,0,30,0,30,0,10,52,0,62,10,0,10,72
05/01/2022,CGF,OH,AGL,CE,Federal Contract Tower,0,16,16,0,32,0,0,2,0,2,0,16,18,0,34,2,0,2,36
05/02/2022,CGF,OH,AGL,CE,Federal Contract Tower,0,9,13,0,22,0,0,8,0,8,0,9,21,0,30,46,0,46,76
05/03/2022,CGF,OH,AGL,CE,Federal Contract Tower,0,7,16,0,23,0,0,7,0,7,0,7,23,0,30,28,0,28,58
05/04/2022,CGF,OH,AGL,CE,Federal Contract Tower,0,13,23,0,36,0,0,0,0,0,0,13,23,0,36,0,0,0,36
05/05/2022,CGF,OH,AGL,CE,Federal Contract Tower,0,17,23,0,40,0,0,24,0,24,0,17,47,0,64,40,0,40,104
05/06/2022,CGF,OH,AGL,CE,Federal Contract Tower,0,9,7,0,16,0,2,2,0,4,0,11,9,0,20,0,0,0,20
05/07/2022,CGF,OH,AGL,CE,Federal Contract Tower,0,12,5,0,17,0,0,6,0,6,0,12,11,0,23,0,0,0,23
05/08/2022,CGF,OH,AGL,CE,Federal Contract Tower,0,16,12,0,28,0,0,22,0,22,0,16,34,0,50,24,0,24,74
05/09/2022,CGF,OH,AGL,CE,Federal Contract Tower,0,25,21,0,46,0,0,14,0,14,0,25,35,0,60,2,0,2,62
05/10/2022,CGF,OH,AGL,CE,Federal Contract Tower,0,10,18,0,28,0,0,13,0,13,0,10,31,0,41,70,0,70,111
05/11/2022,CGF,OH,AGL,CE,Federal Contract Tower,0,24,20,0,44,0,0,32,0,32,0,24,52,0,76,20,0,20,96
05/12/2022,CGF,OH,AGL,CE,Federal Contract Tower,0,20,17,4,41,0,0,16,0,16,0,20,33,4,57,8,0,8,65
05/13/2022,CGF,OH,AGL,CE,Federal Contract Tower,0,14,21,0,35,0,0,20,0,20,0,14,41,0,55,50,0,50,105
05/14/2022,CGF,OH,AGL,CE,Federal Contract Tower,0,20,15,0,35,0,0,14,0,14,0,20,29,0,49,18,0,18,67
05/15/2022,CGF,OH,AGL,CE,Federal Contract Tower,0,13,30,0,43,0,0,14,0,14,0,13,44,0,57,40,0,40,97
05/16/2022,CGF,OH,AGL,CE,Federal Contract Tower,0,15,20,0,35,0,0,9,0,9,0,15,29,0,44,6,0,6,50
05/17/2022,CGF,OH,AGL,CE,Federal Contract Tower,0,16,15,0,31,0,0,30,0,30,0,16,45,0,61,88,0,88,149
05/18/2022,CGF,OH,AGL,CE,Federal Contract Tower,0,30,16,0,46,0,0,2,0,2,0,30,18,0,48,14,0,14,62
05/19/2022,CGF,OH,AGL,CE,Federal Contract Tower,0,26,35,0,61,0,0,29,0,29,0,26,64,0,90,30,0,30,120
05/20/2022,CGF,OH,AGL,CE,Federal Contract Tower,0,22,11,0,33,0,0,2,0,2,0,22,13,0,35,0,0,0,35
05/21/2022,CGF,OH,AGL,CE,Federal Contract Tower,0,16,7,0,23,0,4,15,0,19,0,20,22,0,42,8,0,8,50
05/22/2022,CGF,OH,AGL,CE,Federal Contract Tower,0,16,9,0,25,0,0,6,0,6,0,16,15,0,31,0,0,0,31
05/23/2022,CGF,OH,AGL,CE,Federal Contract Tower,0,21,16,0,37,0,0,20,0,20,0,21,36,0,57,60,0,60,117
05/24/2022,CGF,OH,AGL,CE,Federal Contract Tower,0,12,27,0,39,0,0,26,0,26,0,12,53,0,65,14,0,14,79
05/25/2022,CGF,OH,AGL,CE,Federal Contract Tower,0,28,28,0,56,0,2,12,0,14,0,30,40,0,70,38,0,38,108
05/26/2022,CGF,OH,AGL,CE,Federal Contract Tower,0,13,13,0,26,0,0,9,0,9,0,13,22,0,35,8,0,8,43
05/27/2022,CGF,OH,AGL,CE,Federal Contract Tower,0,20,15,0,35,0,0,8,0,8,0,20,23,0,43,0,0,0,43
05/28/2022,CGF,OH,AGL,CE,Federal Contract Tower,0,8,18,0,26,0,0,20,0,20,0,8,38,0,46,22,0,22,68
05/29/2022,CGF,OH,AGL,CE,Federal Contract Tower,0,7,7,0,14,0,0,28,0,28,0,7,35,0,42,40,0,40,82
05/30/2022,CGF,OH,AGL,CE,Federal Contract Tower,0,12,14,0,26,0,0,7,0,7,0,12,21,0,33,56,0,56,89
05/31/2022,CGF,OH,AGL,CE,Federal Contract Tower,0,16,22,0,38,0,0,52,0,52,0,16,74,0,90,124,0,124,214
06/01/2022,CGF,OH,AGL,CE,Federal Contract Tower,0,17,10,0,27,0,0,21,0,21,0,17,31,0,48,48,0,48,96
06/02/2022,CGF,OH,AGL,CE,Federal Contract Tower,0,18,22,0,40,0,0,19,0,19,0,18,41,0,59,34,0,34,93
06/03/2022,CGF,OH,AGL,CE,Federal Contract Tower,0,18,14,0,32,0,0,37,2,39,0,18,51,2,71,16,2,18,89
06/04/2022,CGF,OH,AGL,CE,Federal Contract Tower,0,5,5,0,10,0,0,35,0,35,0,5,40,0,45,62,0,62,107
06/05/2022,CGF,OH,AGL,CE,Federal Contract Tower,0,16,24,0,40,0,0,28,0,28,0,16,52,0,68,54,0,54,122
06/06/2022,CGF,OH,AGL,CE,Federal Contract Tower,0,16,13,0,29,0,0,2,0,2,0,16,15,0,31,15,0,15,46
06/07/2022,CGF,OH,AGL,CE,Federal Contract Tower,0,14,17,0,31,0,0,3,0,3,0,14,20,0,34,0,0,0,34
06/08/2022,CGF,OH,AGL,CE,Federal Contract Tower,0,27,34,0,61,0,0,32,14,46,0,27,66,14,107,80,0,80,187
06/09/2022,CGF,OH,AGL,CE,Federal Contract Tower,0,17,19,0,36,0,0,13,0,13,0,17,32,0,49,25,0,25,74
06/10/2022,CGF,OH,AGL,CE,Federal Contract Tower,0,28,27,0,55,0,0,52,0,52,0,28,79,0,107,54,0,54,161
06/11/2022,CGF,OH,AGL,CE,Federal Contract Tower,0,21,9,0,30,0,0,65,0,65,0,21,74,0,95,34,0,34,129
06/12/2022,CGF,OH,AGL,CE,Federal Contract Tower,0,16,15,0,31,0,0,10,0,10,0,16,25,0,41,4,0,4,45
06/13/2022,CGF,OH,AGL,CE,Federal Contract Tower,0,17,23,0,40,0,0,29,0,29,0,17,52,0,69,30,0,30,99
06/14/2022,CGF,OH,AGL,CE,Federal Contract Tower,0,16,12,0,28,0,0,16,4,20,0,16,28,4,48,16,0,16,64
06/15/2022,CGF,OH,AGL,CE,Federal Contract Tower,0,22,19,0,41,0,0,20,0,20,0,22,39,0,61,46,0,46,107
06/16/2022,CGF,OH,AGL,CE,Federal Contract Tower,0,10,10,0,20,0,0,18,0,18,0,10,28,0,38,16,0,16,54
06/17/2022,CGF,OH,AGL,CE,Federal Contract Tower,0,22,18,0,40,0,0,28,0,28,0,22,46,0,68,18,0,18,86
06/18/2022,CGF,OH,AGL,CE,Federal Contract Tower,0,9,7,0,16,0,0,6,0,6,0,9,13,0,22,6,0,6,28
06/19/2022,CGF,OH,AGL,CE,Federal Contract Tower,0,19,26,0,45,0,0,43,0,43,0,19,69,0,88,24,0,24,112
06/20/2022,CGF,OH,AGL,CE,Federal Contract Tower,0,19,21,0,40,0,0,29,0,29,0,19,50,0,69,84,0,84,153
06/21/2022,CGF,OH,AGL,CE,Federal Contract Tower,0,29,26,0,55,0,0,29,0,29,0,29,55,0,84,38,0,38,122
06/22/2022,CGF,OH,AGL,CE,Federal Contract Tower,0,19,17,0,36,0,0,27,0,27,0,19,44,0,63,34,0,34,97
06/23/2022,CGF,OH,AGL,CE,Federal Contract Tower,0,19,32,0,51,0,0,30,0,30,0,19,62,0,81,44,0,44,125
06/24/2022,CGF,OH,AGL,CE,Federal Contract Tower,0,10,6,0,16,0,0,48,0,48,0,10,54,0,64,82,0,82,146
06/25/2022,CGF,OH,AGL,CE,Federal Contract Tower,0,20,11,0,31,0,0,23,0,23,0,20,34,0,54,44,0,44,98
06/26/2022,CGF,OH,AGL,CE,Federal Contract Tower,0,16,17,0,33,0,0,13,0,13,0,16,30,0,46,6,0,6,52
06/27/2022,CGF,OH,AGL,CE,Federal Contract Tower,0,27,19,0,46,0,0,31,0,31,0,27,50,0,77,88,0,88,165
06/28/2022,CGF,OH,AGL,CE,Federal Contract Tower,0,15,35,0,50,0,0,49,0,49,0,15,84,0,99,162,0,162,261
06/29/2022,CGF,OH,AGL,CE,Federal Contract Tower,0,14,19,0,33,0,0,23,0,23,0,14,42,0,56,56,0,56,112
06/30/2022,CGF,OH,AGL,CE,Federal Contract Tower,0,18,35,0,53,0,2,27,0,29,0,20,62,0,82,60,0,60,142
07/01/2022,CGF,OH,AGL,CE,Federal Contract Tower,0,22,13,0,35,0,4,20,0,24,0,26,33,0,59,18,0,18,77
07/02/2022,CGF,OH,AGL,CE,Federal Contract Tower,0,6,15,0,21,0,1,27,0,28,0,7,42,0,49,46,0,46,95
07/03/2022,CGF,OH,AGL,CE,Federal Contract Tower,0,7,6,0,13,0,0,32,0,32,0,7,38,0,45,34,0,34,79
07/04/2022,CGF,OH,AGL,CE,Federal Contract Tower,0,6,7,0,13,0,0,33,0,33,0,6,40,0,46,8,0,8,54
07/05/2022,CGF,OH,AGL,CE,Federal Contract Tower,0,21,22,0,43,0,0,8,0,8,0,21,30,0,51,4,0,4,55
07/06/2022,CGF,OH,AGL,CE,Federal Contract Tower,0,23,19,0,42,0,0,13,0,13,0,23,32,0,55,10,0,10,65
07/07/2022,CGF,OH,AGL,CE,Federal Contract Tower,0,12,33,0,45,0,0,36,0,36,0,12,69,0,81,48,0,48,129
07/08/2022,CGF,OH,AGL,CE,Federal Contract Tower,0,17,12,0,29,0,0,20,0,20,0,17,32,0,49,72,0,72,121
07/09/2022,CGF,OH,AGL,CE,Federal Contract Tower,0,15,16,0,31,0,0,18,0,18,0,15,34,0,49,44,0,44,93
07/10/2022,CGF,OH,AGL,CE,Federal Contract Tower,0,13,20,0,33,0,0,25,0,25,0,13,45,0,58,44,0,44,102
07/11/2022,CGF,OH,AGL,CE,Federal Contract Tower,0,8,11,0,19,0,0,25,0,25,0,8,36,0,44,16,0,16,60
07/12/2022,CGF,OH,AGL,CE,Federal Contract Tower,0,12,15,0,27,0,0,25,0,25,0,12,40,0,52,50,0,50,102
07/13/2022,CGF,OH,AGL,CE,Federal Contract Tower,0,15,20,0,35,0,0,19,0,19,0,15,39,0,54,46,0,46,100
07/14/2022,CGF,OH,AGL,CE,Federal Contract Tower,0,16,21,0,37,0,0,35,0,35,0,16,56,0,72,102,0,102,174
07/15/2022,CGF,OH,AGL,CE,Federal Contract Tower,0,8,13,0,21,0,1,51,0,52,0,9,64,0,73,94,0,94,167
07/16/2022,CGF,OH,AGL,CE,Federal Contract Tower,0,8,18,0,26,0,0,25,0,25,0,8,43,0,51,28,0,28,79
07/17/2022,CGF,OH,AGL,CE,Federal Contract Tower,0,14,15,0,29,0,0,6,0,6,0,14,21,0,35,34,0,34,69
07/18/2022,CGF,OH,AGL,CE,Federal Contract Tower,0,20,27,0,47,0,0,8,0,8,0,20,35,0,55,28,0,28,83
07/19/2022,CGF,OH,AGL,CE,Federal Contract Tower,0,22,22,0,44,0,0,37,0,37,0,22,59,0,81,30,0,30,111
07/20/2022,CGF,OH,AGL,CE,Federal Contract Tower,0,13,15,0,28,0,1,11,0,12,0,14,26,0,40,6,0,6,46
07/21/2022,CGF,OH,AGL,CE,Federal Contract Tower,0,12,12,0,24,0,0,34,0,34,0,12,46,0,58,38,0,38,96
07/22/2022,CGF,OH,AGL,CE,Federal Contract Tower,0,13,19,0,32,0,0,61,0,61,0,13,80,0,93,44,0,44,137
07/23/2022,CGF,OH,AGL,CE,Federal Contract Tower,0,9,9,0,18,0,0,19,0,19,0,9,28,0,37,36,0,36,73
07/24/2022,CGF,OH,AGL,CE,Federal Contract Tower,0,18,18,0,36,0,0,12,0,12,0,18,30,0,48,28,0,28,76
07/25/2022,CGF,OH,AGL,CE,Federal Contract Tower,0,12,21,0,33,0,0,41,0,41,0,12,62,0,74,74,0,74,148
07/26/2022,CGF,OH,AGL,CE,Federal Contract Tower,0,27,17,0,44,0,0,32,0,32,0,27,49,0,76,38,0,38,114
07/27/2022,CGF,OH,AGL,CE,Federal Contract Tower,0,14,27,0,41,0,0,5,0,5,0,14,32,0,46,32,0,32,78
07/28/2022,CGF,OH,AGL,CE,Federal Contract Tower,0,23,27,0,50,0,0,24,0,24,0,23,51,0,74,14,0,14,88
07/29/2022,CGF,OH,AGL,CE,Federal Contract Tower,0,9,15,0,24,0,0,26,0,26,0,9,41,0,50,34,0,34,84
07/30/2022,CGF,OH,AGL,CE,Federal Contract Tower,0,9,10,0,19,0,0,52,0,52,0,9,62,0,71,64,0,64,135
07/31/2022,CGF,OH,AGL,CE,Federal Contract Tower,0,16,19,0,35,0,0,52,0,52,0,16,71,0,87,62,0,62,149
08/01/2022,CGF,OH,AGL,CE,Federal Contract Tower,0,11,14,0,25,0,0,12,0,12,0,11,26,0,37,28,0,28,65
08/02/2022,CGF,OH,AGL,CE,Federal Contract Tower,0,19,38,0,57,0,0,34,0,34,0,19,72,0,91,46,0,46,137
08/03/2022,CGF,OH,AGL,CE,Federal Contract Tower,0,15,14,0,29,0,1,35,0,36,0,16,49,0,65,32,0,32,97
08/04/2022,CGF,OH,AGL,CE,Federal Contract Tower,0,18,25,0,43,0,0,20,0,20,0,18,45,0,63,34,0,34,97
08/05/2022,CGF,OH,AGL,CE,Federal Contract Tower,0,18,20,2,40,0,0,30,0,30,0,18,50,2,70,16,0,16,86
08/06/2022,CGF,OH,AGL,CE,Federal Contract Tower,0,14,8,0,22,0,0,26,0,26,0,14,34,0,48,56,0,56,104
08/07/2022,CGF,OH,AGL,CE,Federal Contract Tower,0,18,15,0,33,0,0,41,0,41,0,18,56,0,74,56,0,56,130
08/08/2022,CGF,OH,AGL,CE,Federal Contract Tower,0,21,16,0,37,0,0,18,0,18,0,21,34,0,55,8,0,8,63
08/09/2022,CGF,OH,AGL,CE,Federal Contract Tower,0,12,20,0,32,0,0,35,0,35,0,12,55,0,67,46,0,46,113
08/10/2022,CGF,OH,AGL,CE,Federal Contract Tower,0,13,27,0,40,0,0,43,0,43,0,13,70,0,83,52,0,52,135
08/11/2022,CGF,OH,AGL,CE,Federal Contract Tower,0,14,17,0,31,0,0,34,0,34,0,14,51,0,65,90,0,90,155
08/12/2022,CGF,OH,AGL,CE,Federal Contract Tower,0,18,15,2,35,0,0,30,0,30,0,18,45,2,65,34,0,34,99
08/13/2022,CGF,OH,AGL,CE,Federal Contract Tower,0,16,21,0,37,0,0,50,0,50,0,16,71,0,87,40,0,40,127
08/14/2022,CGF,OH,AGL,CE,Federal Contract Tower,0,15,14,0,29,0,0,44,0,44,0,15,58,0,73,60,0,60,133
08/15/2022,CGF,OH,AGL,CE,Federal Contract Tower,0,30,31,0,61,0,0,30,1,31,0,30,61,1,92,51,0,51,143
08/16/2022,CGF,OH,AGL,CE,Federal Contract Tower,0,20,20,0,40,0,0,42,0,42,0,20,62,0,82,88,0,88,170
08/17/2022,CGF,OH,AGL,CE,Federal Contract Tower,0,27,24,0,51,0,0,32,0,32,0,27,56,0,83,44,0,44,127
08/18/2022,CGF,OH,AGL,CE,Federal Contract Tower,0,24,17,0,41,0,0,43,0,43,0,24,60,0,84,67,0,67,151
08/19/2022,CGF,OH,AGL,CE,Federal Contract Tower,0,20,18,0,38,0,0,56,0,56,0,20,74,0,94,42,0,42,136
08/20/2022,CGF,OH,AGL,CE,Federal Contract Tower,0,12,14,0,26,0,0,58,0,58,0,12,72,0,84,50,0,50,134
08/21/2022,CGF,OH,AGL,CE,Federal Contract Tower,0,13,9,0,22,0,0,10,0,10,0,13,19,0,32,6,0,6,38
08/22/2022,CGF,OH,AGL,CE,Federal Contract Tower,0,14,15,0,29,0,0,3,0,3,0,14,18,0,32,6,0,6,38
08/23/2022,CGF,OH,AGL,CE,Federal Contract Tower,0,16,19,0,35,0,0,37,0,37,0,16,56,0,72,36,0,36,108
08/24/2022,CGF,OH,AGL,CE,Federal Contract Tower,0,21,20,0,41,0,0,70,0,70,0,21,90,0,111,64,0,64,175
08/25/2022,CGF,OH,AGL,CE,Federal Contract Tower,0,13,20,0,33,0,0,41,0,41,0,13,61,0,74,24,0,24,98
08/26/2022,CGF,OH,AGL,CE,Federal Contract Tower,0,12,21,0,33,0,0,10,0,10,0,12,31,0,43,14,0,14,57
08/27/2022,CGF,OH,AGL,CE,Federal Contract Tower,0,14,14,0,28,0,0,40,0,40,0,14,54,0,68,36,0,36,104
08/28/2022,CGF,OH,AGL,CE,Federal Contract Tower,0,10,15,0,25,0,0,69,0,69,0,10,84,0,94,32,0,32,126
08/29/2022,CGF,OH,AGL,CE,Federal Contract Tower,0,7,18,0,25,0,0,4,0,4,0,7,22,0,29,36,0,36,65
08/30/2022,CGF,OH,AGL,CE,Federal Contract Tower,0,16,12,0,28,0,0,17,0,17,0,16,29,0,45,10,0,10,55
08/31/2022,CGF,OH,AGL,CE,Federal Contract Tower,0,13,24,0,37,0,0,19,0,19,0,13,43,0,56,14,0,14,70
09/01/2022,CGF,OH,AGL,CE,Federal Contract Tower,0,15,20,0,35,0,0,44,0,44,0,15,64,0,79,18,0,18,97
09/02/2022,CGF,OH,AGL,CE,Federal Contract Tower,0,10,25,0,35,0,3,25,0,28,0,13,50,0,63,24,0,24,87
09/03/2022,CGF,OH,AGL,CE,Federal Contract Tower,0,14,6,0,20,0,4,35,0,39,0,18,41,0,59,50,0,50,109
09/04/2022,CGF,OH,AGL,CE,Federal Contract Tower,0,7,12,0,19,0,2,1,0,3,0,9,13,0,22,0,0,0,22
09/05/2022,CGF,OH,AGL,CE,Federal Contract Tower,0,12,26,0,38,0,0,0,0,0,0,12,26,0,38,0,0,0,38
09/06/2022,CGF,OH,AGL,CE,Federal Contract Tower,0,24,25,0,49,0,0,10,0,10,0,24,35,0,59,24,0,24,83
09/07/2022,CGF,OH,AGL,CE,Federal Contract Tower,0,18,30,0,48,0,0,29,0,29,0,18,59,0,77,42,0,42,119
09/08/2022,CGF,OH,AGL,CE,Federal Contract Tower,0,14,19,0,33,0,0,35,0,35,0,14,54,0,68,48,0,48,116
09/09/2022,CGF,OH,AGL,CE,Federal Contract Tower,0,16,26,0,42,0,1,34,0,35,0,17,60,0,77,76,0,76,153
09/10/2022,CGF,OH,AGL,CE,Federal Contract Tower,0,17,15,0,32,0,0,33,0,33,0,17,48,0,65,32,0,32,97
09/11/2022,CGF,OH,AGL,CE,Federal Contract Tower,0,14,33,0,47,0,0,17,0,17,0,14,50,0,64,56,0,56,120
09/12/2022,CGF,OH,AGL,CE,Federal Contract Tower,0,16,16,0,32,0,0,5,0,5,0,16,21,0,37,28,0,28,65
09/13/2022,CGF,OH,AGL,CE,Federal Contract Tower,0,14,27,1,42,0,0,8,0,8,0,14,35,1,50,66,0,66,116
09/14/2022,CGF,OH,AGL,CE,Federal Contract Tower,0,20,30,0,50,0,0,44,0,44,0,20,74,0,94,0,0,0,94
09/15/2022,CGF,OH,AGL,CE,Federal Contract Tower,0,21,40,0,61,0,0,28,0,28,0,21,68,0,89,82,0,82,171
09/17/2022,CGF,OH,AGL,CE,Federal Contract Tower,0,17,13,0,30,0,0,48,0,48,0,17,61,0,78,80,0,80,158
09/18/2022,CGF,OH,AGL,CE,Federal Contract Tower,0,25,20,0,45,0,0,30,0,30,0,25,50,0,75,46,0,46,121
09/19/2022,CGF,OH,AGL,CE,Federal Contract Tower,0,23,25,0,48,0,0,7,0,7,0,23,32,0,55,20,0,20,75
09/20/2022,CGF,OH,AGL,CE,Federal Contract Tower,0,7,19,0,26,0,0,34,0,34,0,7,53,0,60,30,0,30,90
09/21/2022,CGF,OH,AGL,CE,Federal Contract Tower,0,29,28,0,57,0,0,10,0,10,0,29,38,0,67,14,0,14,81
09/22/2022,CGF,OH,AGL,CE,Federal Contract Tower,0,17,25,0,42,0,0,5,0,5,0,17,30,0,47,0,0,0,47
09/23/2022,CGF,OH,AGL,CE,Federal Contract Tower,0,19,27,0,46,0,0,45,0,45,0,19,72,0,91,44,0,44,135
09/24/2022,CGF,OH,AGL,CE,Federal Contract Tower,0,12,8,0,20,0,0,75,0,75,0,12,83,0,95,88,0,88,183
09/25/2022,CGF,OH,AGL,CE,Federal Contract Tower,0,11,18,0,29,0,0,7,0,7,0,11,25,0,36,14,0,14,50
09/26/2022,CGF,OH,AGL,CE,Federal Contract Tower,0,18,13,0,31,0,0,6,0,6,0,18,19,0,37,2,0,2,39
09/27/2022,CGF,OH,AGL,CE,Federal Contract Tower,0,16,9,0,25,0,0,9,0,9,0,16,18,0,34,4,0,4,38
09/28/2022,CGF,OH,AGL,CE,Federal Contract Tower,0,17,18,0,35,0,0,8,0,8,0,17,26,0,43,18,0,18,61
09/29/2022,CGF,OH,AGL,CE,Federal Contract Tower,0,13,26,0,39,0,0,42,0,42,0,13,68,0,81,84,0,84,165
10/01/2022,CGF,OH,AGL,CE,Federal Contract Tower,0,14,9,0,23,0,2,22,0,24,0,16,31,0,47,38,0,38,85
10/02/2022,CGF,OH,AGL,CE,Federal Contract Tower,0,20,14,0,34,0,0,1,0,1,0,20,15,0,35,0,0,0,35
10/03/2022,CGF,OH,AGL,CE,Federal Contract Tower,0,8,19,0,27,0,0,28,0,28,0,8,47,0,55,68,0,68,123
10/04/2022,CGF,OH,AGL,CE,Federal Contract Tower,0,17,18,0,35,0,0,39,0,39,0,17,57,0,74,116,0,116,190
10/05/2022,CGF,OH,AGL,CE,Federal Contract Tower,0,31,24,0,55,0,0,26,0,26,0,31,50,0,81,108,0,108,189
10/06/2022,CGF,OH,AGL,CE,Federal Contract Tower,0,8,23,0,31,0,0,58,0,58,0,8,81,0,89,134,0,134,223
10/07/2022,CGF,OH,AGL,CE,Federal Contract Tower,0,20,33,0,53,0,0,1,0,1,0,20,34,0,54,2,0,2,56
10/08/2022,CGF,OH,AGL,CE,Federal Contract Tower,0,15,14,0,29,0,0,47,0,47,0,15,61,0,76,76,0,76,152
10/09/2022,CGF,OH,AGL,CE,Federal Contract Tower,0,24,24,0,48,0,0,46,0,46,0,24,70,0,94,82,0,82,176
10/10/2022,CGF,OH,AGL,CE,Federal Contract Tower,0,30,18,0,48,0,0,33,0,33,0,30,51,0,81,62,0,62,143
10/11/2022,CGF,OH,AGL,CE,Federal Contract Tower,0,20,36,0,56,0,4,59,0,63,0,24,95,0,119,100,0,100,219
10/12/2022,CGF,OH,AGL,CE,Federal Contract Tower,0,17,29,0,46,0,0,12,0,12,0,17,41,0,58,34,0,34,92
10/13/2022,CGF,OH,AGL,CE,Federal Contract Tower,0,28,21,0,49,0,0,13,0,13,0,28,34,0,62,24,0,24,86
10/14/2022,CGF,OH,AGL,CE,Federal Contract Tower,0,19,14,0,33,0,0,24,0,24,0,19,38,0,57,20,0,20,77
10/15/2022,CGF,OH,AGL,CE,Federal Contract Tower,0,13,10,0,23,0,0,28,0,28,0,13,38,0,51,42,0,42,93
10/16/2022,CGF,OH,AGL,CE,Federal Contract Tower,0,28,24,0,52,0,0,54,0,54,0,28,78,0,106,54,0,54,160
10/17/2022,CGF,OH,AGL,CE,Federal Contract Tower,0,18,25,0,43,0,0,0,0,0,0,18,25,0,43,0,0,0,43
10/18/2022,CGF,OH,AGL,CE,Federal Contract Tower,0,17,9,0,26,0,0,0,0,0,0,17,9,0,26,0,0,0,26
10/19/2022,CGF,OH,AGL,CE,Federal Contract Tower,0,23,15,0,38,0,0,0,0,0,0,23,15,0,38,0,0,0,38
10/20/2022,CGF,OH,AGL,CE,Federal Contract Tower,0,12,18,0,30,0,0,21,0,21,0,12,39,0,51,44,0,44,95
10/21/2022,CGF,OH,AGL,CE,Federal Contract Tower,0,17,22,0,39,0,0,12,0,12,0,17,34,0,51,16,0,16,67
10/22/2022,CGF,OH,AGL,CE,Federal Contract Tower,0,20,10,0,30,0,1,15,0,16,0,21,25,0,46,12,0,12,58
10/23/2022,CGF,OH,AGL,CE,Federal Contract Tower,0,25,17,0,42,0,0,45,0,45,0,25,62,0,87,82,0,82,169
10/25/2022,CGF,OH,AGL,CE,Federal Contract Tower,0,15,12,0,27,0,0,27,0,27,0,15,39,0,54,104,0,104,158
10/26/2022,CGF,OH,AGL,CE,Federal Contract Tower,0,14,11,0,25,0,0,0,0,0,0,14,11,0,25,16,2,18,43
10/27/2022,CGF,OH,AGL,CE,Federal Contract Tower,0,11,23,0,34,0,0,23,0,23,0,11,46,0,57,66,0,66,123
10/28/2022,CGF,OH,AGL,CE,Federal Contract Tower,0,14,19,0,33,0,0,37,0,37,0,14,56,0,70,106,0,106,176
10/29/2022,CGF,OH,AGL,CE,Federal Contract Tower,0,15,8,0,23,0,0,39,0,39,0,15,47,0,62,24,0,24,86
10/30/2022,CGF,OH,AGL,CE,Federal Contract Tower,0,11,11,0,22,0,0,28,0,28,0,11,39,0,50,76,0,76,126
10/31/2022,CGF,OH,AGL,CE,Federal Contract Tower,0,14,2,0,16,0,0,7,0,7,0,14,9,0,23,16,0,16,39
11/01/2022,CGF,OH,AGL,CE,Federal Contract Tower,0,15,4,0,19,0,0,0,0,0,0,15,4,0,19,0,0,0,19
11/02/2022,CGF,OH,AGL,CE,Federal Contract Tower,0,13,12,0,25,0,0,54,0,54,0,13,66,0,79,128,0,128,207
11/03/2022,CGF,OH,AGL,CE,Federal Contract Tower,0,30,16,0,46,0,4,31,0,35,0,34,47,0,81,94,0,94,175
11/04/2022,CGF,OH,AGL,CE,Federal Contract Tower,0,16,13,0,29,0,0,22,0,22,0,16,35,0,51,24,0,24,75
11/05/2022,CGF,OH,AGL,CE,Federal Contract Tower,0,11,8,0,19,0,0,4,0,4,0,11,12,0,23,2,0,2,25
11/06/2022,CGF,OH,AGL,CE,Federal Contract Tower,0,16,12,0,28,0,0,53,0,53,0,16,65,0,81,30,0,30,111
11/07/2022,CGF,OH,AGL,CE,Federal Contract Tower,0,19,13,0,32,0,0,31,0,31,0,19,44,0,63,0,0,0,63
11/08/2022,CGF,OH,AGL,CE,Federal Contract Tower,0,15,14,0,29,0,0,38,0,38,0,15,52,0,67,58,0,58,125
11/09/2022,CGF,OH,AGL,CE,Federal Contract Tower,0,10,13,0,23,0,0,33,0,33,0,10,46,0,56,62,0,62,118
11/10/2022,CGF,OH,AGL,CE,Federal Contract Tower,0,13,16,0,29,0,0,27,0,27,0,13,43,0,56,22,0,22,78
11/11/2022,CGF,OH,AGL,CE,Federal Contract Tower,0,14,18,0,32,0,0,0,0,0,0,14,18,0,32,0,0,0,32
11/12/2022,CGF,OH,AGL,CE,Federal Contract Tower,0,8,5,0,13,0,0,0,0,0,0,8,5,0,13,0,0,0,13
11/13/2022,CGF,OH,AGL,CE,Federal Contract Tower,0,13,12,0,25,0,0,1,0,1,0,13,13,0,26,0,0,0,26
11/14/2022,CGF,OH,AGL,CE,Federal Contract Tower,0,20,12,0,32,0,0,4,0,4,0,20,16,0,36,6,0,6,42
11/15/2022,CGF,OH,AGL,CE,Federal Contract Tower,0,12,28,0,40,0,0,5,0,5,0,12,33,0,45,6,0,6,51
11/16/2022,CGF,OH,AGL,CE,Federal Contract Tower,0,12,9,0,21,0,0,11,0,11,0,12,20,0,32,16,0,16,48
11/17/2022,CGF,OH,AGL,CE,Federal Contract Tower,0,15,13,0,28,0,0,0,0,0,0,15,13,0,28,0,0,0,28
11/18/2022,CGF,OH,AGL,CE,Federal Contract Tower,0,26,14,0,40,0,0,3,0,3,0,26,17,0,43,0,0,0,43
11/19/2022,CGF,OH,AGL,CE,Federal Contract Tower,0,13,10,0,23,0,0,9,0,9,0,13,19,0,32,24,0,24,56
11/20/2022,CGF,OH,AGL,CE,Federal Contract Tower,0,7,5,0,12,0,0,6,0,6,0,7,11,0,18,10,0,10,28
11/21/2022,CGF,OH,AGL,CE,Federal Contract Tower,0,21,7,0,28,0,0,0,0,0,0,21,7,0,28,0,0,0,28
11/22/2022,CGF,OH,AGL,CE,Federal Contract Tower,0,31,24,0,55,0,0,44,0,44,0,31,68,0,99,92,0,92,191
11/23/2022,CGF,OH,AGL,CE,Federal Contract Tower,0,21,26,0,47,0,0,62,0,62,0,21,88,0,109,98,0,98,207
11/24/2022,CGF,OH,AGL,CE,Federal Contract Tower,0,15,2,0,17,0,0,25,0,25,0,15,27,0,42,38,0,38,80
11/25/2022,CGF,OH,AGL,CE,Federal Contract Tower,0,11,6,0,17,0,0,17,0,17,0,11,23,0,34,12,0,12,46
11/26/2022,CGF,OH,AGL,CE,Federal Contract Tower,0,21,19,0,40,0,0,36,0,36,0,21,55,0,76,38,0,38,114
11/27/2022,CGF,OH,AGL,CE,Federal Contract Tower,0,26,15,0,41,0,0,0,0,0,0,26,15,0,41,0,0,0,41
11/28/2022,CGF,OH,AGL,CE,Federal Contract Tower,0,28,21,0,49,0,0,6,0,6,0,28,27,0,55,0,0,0,55
11/29/2022,CGF,OH,AGL,CE,Federal Contract Tower,0,14,11,0,25,0,0,21,0,21,0,14,32,0,46,58,0,58,104
11/30/2022,CGF,OH,AGL,CE,Federal Contract Tower,0,18,12,0,30,0,0,0,0,0,0,18,12,0,30,0,0,0,30
12/01/2022,CGF,OH,AGL,CE,Federal Contract Tower,0,19,7,0,26,0,0,19,0,19,0,19,26,0,45,58,0,58,103
12/02/2022,CGF,OH,AGL,CE,Federal Contract Tower,0,5,10,0,15,0,0,4,0,4,0,5,14,0,19,0,0,0,19
12/03/2022,CGF,OH,AGL,CE,Federal Contract Tower,0,5,5,0,10,0,0,0,0,0,0,5,5,0,10,0,0,0,10
12/04/2022,CGF,OH,AGL,CE,Federal Contract Tower,0,17,16,0,33,0,0,56,0,56,0,17,72,0,89,56,0,56,145
12/05/2022,CGF,OH,AGL,CE,Federal Contract Tower,0,22,13,0,35,0,0,21,0,21,0,22,34,0,56,48,0,48,104
12/06/2022,CGF,OH,AGL,CE,Federal Contract Tower,0,12,13,0,25,0,0,0,0,0,0,12,13,0,25,0,0,0,25
12/07/2022,CGF,OH,AGL,CE,Federal Contract Tower,0,11,14,0,25,0,0,0,0,0,0,11,14,0,25,0,0,0,25
12/08/2022,CGF,OH,AGL,CE,Federal Contract Tower,0,16,25,0,41,0,0,2,0,2,0,16,27,0,43,0,0,0,43
12/09/2022,CGF,OH,AGL,CE,Federal Contract Tower,0,12,15,0,27,0,0,18,0,18,0,12,33,0,45,56,0,56,101
12/10/2022,CGF,OH,AGL,CE,Federal Contract Tower,0,14,13,0,27,0,0,12,0,12,0,14,25,0,39,50,0,50,89
12/11/2022,CGF,OH,AGL,CE,Federal Contract Tower,0,13,13,0,26,0,0,0,0,0,0,13,13,0,26,0,0,0,26
12/12/2022,CGF,OH,AGL,CE,Federal Contract Tower,0,9,20,0,29,0,0,1,0,1,0,9,21,0,30,0,0,0,30
12/13/2022,CGF,OH,AGL,CE,Federal Contract Tower,0,4,35,0,39,0,0,34,0,34,0,4,69,0,73,48,0,48,121
12/14/2022,CGF,OH,AGL,CE,Federal Contract Tower,0,13,13,0,26,0,0,16,0,16,0,13,29,0,42,39,0,39,81
12/15/2022,CGF,OH,AGL,CE,Federal Contract Tower,0,14,10,0,24,0,0,0,0,0,0,14,10,0,24,0,0,0,24
12/16/2022,CGF,OH,AGL,CE,Federal Contract Tower,0,16,20,0,36,0,0,20,0,20,0,16,40,0,56,24,0,24,80
12/17/2022,CGF,OH,AGL,CE,Federal Contract Tower,0,16,13,0,29,0,0,8,0,8,0,16,21,0,37,14,0,14,51
12/18/2022,CGF,OH,AGL,CE,Federal Contract Tower,0,11,4,0,15,0,0,0,0,0,0,11,4,0,15,0,0,0,15
12/19/2022,CGF,OH,AGL,CE,Federal Contract Tower,0,14,18,0,32,0,0,2,0,2,0,14,20,0,34,0,0,0,34
12/20/2022,CGF,OH,AGL,CE,Federal Contract Tower,0,12,10,0,22,0,0,24,0,24,0,12,34,0,46,42,0,42,88
12/21/2022,CGF,OH,AGL,CE,Federal Contract Tower,0,14,13,0,27,0,0,11,0,11,0,14,24,0,38,6,0,6,44
12/22/2022,CGF,OH,AGL,CE,Federal Contract Tower,0,14,16,0,30,0,1,0,0,1,0,15,16,0,31,0,0,0,31
12/23/2022,CGF,OH,AGL,CE,Federal Contract Tower,0,0,1,0,1,0,0,0,0,0,0,0,1,0,1,0,0,0,1
12/24/2022,CGF,OH,AGL,CE,Federal Contract Tower,0,13,4,0,17,0,0,0,0,0,0,13,4,0,17,0,0,0,17
12/25/2022,CGF,OH,AGL,CE,Federal Contract Tower,0,8,0,0,8,0,0,0,0,0,0,8,0,0,8,0,0,0,8
12/26/2022,CGF,OH,AGL,CE,Federal Contract Tower,0,12,8,0,20,0,0,1,0,1,0,12,9,0,21,0,0,0,21
12/27/2022,CGF,OH,AGL,CE,Federal Contract Tower,0,14,16,0,30,0,0,4,0,4,0,14,20,0,34,14,0,14,48
12/28/2022,CGF,OH,AGL,CE,Federal Contract Tower,0,20,8,0,28,0,0,3,0,3,0,20,11,0,31,10,0,10,41
12/29/2022,CGF,OH,AGL,CE,Federal Contract Tower,0,4,7,0,11,0,0,1,0,1,0,4,8,0,12,0,0,0,12
12/30/2022,CGF,OH,AGL,CE,Federal Contract Tower,0,16,11,0,27,0,0,1,0,1,0,16,12,0,28,0,0,0,28
12/31/2022,CGF,OH,AGL,CE,Federal Contract Tower,0,7,2,0,9,0,0,0,0,0,0,7,2,0,9,0,0,0,9
01/01/2023,CGF,OH,AGL,CE,Federal Contract Tower,0,8,2,0,10,0,0,2,0,2,0,8,4,0,12,0,0,0,12
01/02/2023,CGF,OH,AGL,CE,Federal Contract Tower,0,16,15,0,31,0,0,1,0,1,0,16,16,0,32,0,0,0,32
01/03/2023,CGF,OH,AGL,CE,Federal Contract Tower,0,11,11,0,22,0,0,0,0,0,0,11,11,0,22,0,0,0,22
01/04/2023,CGF,OH,AGL,CE,Federal Contract Tower,0,14,13,0,27,0,0,4,0,4,0,14,17,0,31,10,0,10,41
01/05/2023,CGF,OH,AGL,CE,Federal Contract Tower,0,15,7,0,22,0,1,28,0,29,0,16,35,0,51,70,0,70,121
01/06/2023,CGF,OH,AGL,CE,Federal Contract Tower,0,4,11,0,15,0,0,0,0,0,0,4,11,0,15,0,0,0,15
01/07/2023,CGF,OH,AGL,CE,Federal Contract Tower,0,12,7,0,19,0,0,0,0,0,0,12,7,0,19,0,0,0,19
01/08/2023,CGF,OH,AGL,CE,Federal Contract Tower,0,21,9,0,30,0,0,8,0,8,0,21,17,0,38,34,0,34,72
01/09/2023,CGF,OH,AGL,CE,Federal Contract Tower,0,15,9,0,24,0,0,17,0,17,0,15,26,0,41,50,0,50,91
01/10/2023,CGF,OH,AGL,CE,Federal Contract Tower,0,12,11,0,23,0,0,12,0,12,0,12,23,0,35,40,0,40,75
01/11/2023,CGF,OH,AGL,CE,Federal Contract Tower,0,7,17,0,24,0,0,44,0,44,0,7,61,0,68,30,0,30,98
01/12/2023,CGF,OH,AGL,CE,Federal Contract Tower,0,7,21,0,28,0,0,1,0,1,0,7,22,0,29,0,0,0,29
01/13/2023,CGF,OH,AGL,CE,Federal Contract Tower,0,3,2,0,5,0,0,0,0,0,0,3,2,0,5,0,0,0,5
01/14/2023,CGF,OH,AGL,CE,Federal Contract Tower,0,5,6,0,11,0,0,0,0,0,0,5,6,0,11,0,0,0,11
01/15/2023,CGF,OH,AGL,CE,Federal Contract Tower,0,19,12,0,31,0,0,29,0,29,0,19,41,0,60,60,0,60,120
01/16/2023,CGF,OH,AGL,CE,Federal Contract Tower,0,16,16,0,32,0,1,15,0,16,0,17,31,0,48,26,0,26,74
01/17/2023,CGF,OH,AGL,CE,Federal Contract Tower,0,14,21,0,35,0,0,8,0,8,0,14,29,0,43,32,0,32,75
01/18/2023,CGF,OH,AGL,CE,Federal Contract Tower,0,13,10,0,23,0,0,0,0,0,0,13,10,0,23,0,0,0,23
01/19/2023,CGF,OH,AGL,CE,Federal Contract Tower,0,21,15,2,38,0,0,8,0,8,0,21,23,2,46,20,0,20,66
01/20/2023,CGF,OH,AGL,CE,Federal Contract Tower,0,13,19,0,32,0,0,2,0,2,0,13,21,0,34,0,0,0,34
01/21/2023,CGF,OH,AGL,CE,Federal Contract Tower,0,10,5,0,15,0,0,10,0,10,0,10,15,0,25,6,0,6,31
01/22/2023,CGF,OH,AGL,CE,Federal Contract Tower,0,7,2,0,9,0,0,4,0,4,0,7,6,0,13,8,0,8,21
01/23/2023,CGF,OH,AGL,CE,Federal Contract Tower,0,11,17,0,28,0,0,0,0,0,0,11,17,0,28,0,0,0,28
01/24/2023,CGF,OH,AGL,CE,Federal Contract Tower,0,12,9,0,21,0,0,6,0,6,0,12,15,0,27,16,0,16,43
01/25/2023,CGF,OH,AGL,CE,Federal Contract Tower,0,13,6,0,19,0,0,6,0,6,0,13,12,0,25,0,0,0,25
01/26/2023,CGF,OH,AGL,CE,Federal Contract Tower,0,4,13,0,17,0,0,0,0,0,0,4,13,0,17,0,0,0,17
01/27/2023,CGF,OH,AGL,CE,Federal Contract Tower,0,7,7,0,14,0,0,1,0,1,0,7,8,0,15,0,0,0,15
01/28/2023,CGF,OH,AGL,CE,Federal Contract Tower,0,4,11,0,15,0,0,10,0,10,0,4,21,0,25,12,0,12,37
01/29/2023,CGF,OH,AGL,CE,Federal Contract Tower,0,7,7,0,14,0,0,0,0,0,0,7,7,0,14,0,0,0,14
01/30/2023,CGF,OH,AGL,CE,Federal Contract Tower,0,11,5,0,16,0,0,0,0,0,0,11,5,0,16,0,0,0,16
02/01/2023,CGF,OH,AGL,CE,Federal Contract Tower,0,5,12,0,17,0,0,22,0,22,0,5,34,0,39,48,0,48,87
02/02/2023,CGF,OH,AGL,CE,Federal Contract Tower,0,8,15,0,23,0,0,15,0,15,0,8,30,0,38,14,0,14,52
02/03/2023,CGF,OH,AGL,CE,Federal Contract Tower,0,8,10,0,18,0,0,0,0,0,0,8,10,0,18,0,0,0,18
02/04/2023,CGF,OH,AGL,CE,Federal Contract Tower,0,11,5,0,16,0,0,9,0,9,0,11,14,0,25,18,0,18,43
02/05/2023,CGF,OH,AGL,CE,Federal Contract Tower,0,8,6,0,14,0,0,4,0,4,0,8,10,0,18,0,0,0,18
02/06/2023,CGF,OH,AGL,CE,Federal Contract Tower,0,12,14,0,26,0,0,3,0,3,0,12,17,0,29,10,0,10,39
02/07/2023,CGF,OH,AGL,CE,Federal Contract Tower,0,12,11,0,23,0,4,0,0,4,0,16,11,0,27,0,0,0,27
02/08/2023,CGF,OH,AGL,CE,Federal Contract Tower,0,15,10,0,25,0,0,32,0,32,0,15,42,0,57,74,0,74,131
02/09/2023,CGF,OH,AGL,CE,Federal Contract Tower,0,19,17,0,36,0,0,0,0,0,0,19,17,0,36,0,0,0,36
02/10/2023,CGF,OH,AGL,CE,Federal Contract Tower,0,7,22,0,29,0,0,7,0,7,0,7,29,0,36,2,0,2,38
02/11/2023,CGF,OH,AGL,CE,Federal Contract Tower,0,5,2,0,7,0,35,0,0,35,0,40,2,0,42,56,0,56,98
02/12/2023,CGF,OH,AGL,CE,Federal Contract Tower,0,8,5,0,13,0,0,33,0,33,0,8,38,0,46,22,0,22,68
02/13/2023,CGF,OH,AGL,CE,Federal Contract Tower,0,9,5,0,14,0,0,15,0,15,0,9,20,0,29,2,0,2,31
02/14/2023,CGF,OH,AGL,CE,Federal Contract Tower,0,15,8,0,23,0,0,11,0,11,0,15,19,0,34,58,0,58,92
02/15/2023,CGF,OH,AGL,CE,Federal Contract Tower,0,12,6,0,18,0,0,4,0,4,0,12,10,0,22,0,0,0,22
02/16/2023,CGF,OH,AGL,CE,Federal Contract Tower,0,14,13,0,27,0,0,1,0,1,0,14,14,0,28,0,0,0,28
02/17/2023,CGF,OH,AGL,CE,Federal Contract Tower,0,5,5,0,10,0,0,0,0,0,0,5,5,0,10,0,0,0,10
02/18/2023,CGF,OH,AGL,CE,Federal Contract Tower,0,8,9,0,17,0,0,19,0,19,0,8,28,0,36,26,0,26,62
02/19/2023,CGF,OH,AGL,CE,Federal Contract Tower,0,14,15,0,29,0,0,19,0,19,0,14,34,0,48,16,0,16,64
02/20/2023,CGF,OH,AGL,CE,Federal Contract Tower,0,12,32,0,44,0,0,18,0,18,0,12,50,0,62,14,0,14,76
02/21/2023,CGF,OH,AGL,CE,Federal Contract Tower,0,23,16,0,39,0,1,8,0,9,0,24,24,0,48,10,2,12,60
02/22/2023,CGF,OH,AGL,CE,Federal Contract Tower,0,16,5,0,21,0,0,1,0,1,0,16,6,0,22,0,0,0,22
02/23/2023,CGF,OH,AGL,CE,Federal Contract Tower,0,9,14,0,23,0,0,3,0,3,0,9,17,0,26,0,0,0,26
02/24/2023,CGF,OH,AGL,CE,Federal Contract Tower,0,13,8,1,22,0,0,7,0,7,0,13,15,1,29,30,0,30,59
02/25/2023,CGF,OH,AGL,CE,Federal Contract Tower,0,18,6,0,24,0,0,11,0,11,0,18,17,0,35,42,0,42,77
02/26/2023,CGF,OH,AGL,CE,Federal Contract Tower,0,9,10,0,19,0,0,21,0,21,0,9,31,0,40,40,0,40,80
02/27/2023,CGF,OH,AGL,CE,Federal Contract Tower,0,20,14,0,34,0,0,0,0,0,0,20,14,0,34,0,0,0,34
02/28/2023,CGF,OH,AGL,CE,Federal Contract Tower,0,21,21,0,42,0,0,0,0,0,0,21,21,0,42,0,0,0,42
03/01/2023,CGF,OH,AGL,CE,Federal Contract Tower,0,11,27,0,38,0,0,39,0,39,0,11,66,0,77,78,0,78,155
03/02/2023,CGF,OH,AGL,CE,Federal Contract Tower,0,18,15,0,33,0,0,2,0,2,0,18,17,0,35,2,0,2,37
03/03/2023,CGF,OH,AGL,CE,Federal Contract Tower,0,13,10,0,23,0,0,4,0,4,0,13,14,0,27,14,0,14,41
03/04/2023,CGF,OH,AGL,CE,Federal Contract Tower,0,9,6,0,15,0,0,5,0,5,0,9,11,0,20,0,0,0,20
03/05/2023,CGF,OH,AGL,CE,Federal Contract Tower,0,10,18,0,28,0,0,23,0,23,0,10,41,0,51,22,0,22,73
03/06/2023,CGF,OH,AGL,CE,Federal Contract Tower,0,12,16,0,28,0,0,5,0,5,0,12,21,0,33,8,0,8,41
03/07/2023,CGF,OH,AGL,CE,Federal Contract Tower,0,21,25,0,46,0,0,10,0,10,0,21,35,0,56,0,0,0,56
03/08/2023,CGF,OH,AGL,CE,Federal Contract Tower,0,9,19,0,28,0,0,25,0,25,0,9,44,0,53,46,0,46,99
03/09/2023,CGF,OH,AGL,CE,Federal Contract Tower,0,23,33,0,56,0,0,25,0,25,0,23,58,0,81,48,0,48,129
03/10/2023,CGF,OH,AGL,CE,Federal Contract Tower,0,11,8,0,19,0,0,0,0,0,0,11,8,0,19,0,0,0,19
03/11/2023,CGF,OH,AGL,CE,Federal Contract Tower,0,14,1,0,15,0,0,0,0,0,0,14,1,0,15,14,0,14,29
03/12/2023,CGF,OH,AGL,CE,Federal Contract Tower,0,11,22,0,33,0,0,0,0,0,0,11,22,0,33,0,0,0,33
03/13/2023,CGF,OH,AGL,CE,Federal Contract Tower,0,17,9,0,26,0,0,0,0,0,0,17,9,0,26,0,0,0,26
03/14/2023,CGF,OH,AGL,CE,Federal Contract Tower,0,11,9,0,20,0,0,1,0,1,0,11,10,0,21,0,0,0,21
03/15/2023,CGF,OH,AGL,CE,Federal Contract Tower,0,15,5,0,20,0,0,15,0,15,0,15,20,0,35,20,0,20,55
03/16/2023,CGF,OH,AGL,CE,Federal Contract Tower,0,8,16,1,25,0,0,17,0,17,0,8,33,1,42,14,0,14,56
03/17/2023,CGF,OH,AGL,CE,Federal Contract Tower,0,10,16,0,26,0,0,0,0,0,0,10,16,0,26,0,0,0,26
03/18/2023,CGF,OH,AGL,CE,Federal Contract Tower,0,14,9,0,23,0,0,1,0,1,0,14,10,0,24,0,0,0,24
03/19/2023,CGF,OH,AGL,CE,Federal Contract Tower,0,7,10,0,17,0,0,1,0,1,0,7,11,0,18,0,0,0,18
03/20/2023,CGF,OH,AGL,CE,Federal Contract Tower,0,20,21,0,41,0,4,4,0,8,0,24,25,0,49,0,0,0,49
03/21/2023,CGF,OH,AGL,CE,Federal Contract Tower,0,9,17,0,26,0,0,36,0,36,0,9,53,0,62,88,0,88,150
03/22/2023,CGF,OH,AGL,CE,Federal Contract Tower,0,8,14,0,22,0,0,6,0,6,0,8,20,0,28,14,0,14,42
03/23/2023,CGF,OH,AGL,CE,Federal Contract Tower,0,21,14,0,35,0,0,0,0,0,0,21,14,0,35,0,0,0,35
03/24/2023,CGF,OH,AGL,CE,Federal Contract Tower,0,18,13,0,31,0,0,10,0,10,0,18,23,0,41,14,0,14,55
03/25/2023,CGF,OH,AGL,CE,Federal Contract Tower,0,11,7,0,18,0,0,0,0,0,0,11,7,0,18,0,0,0,18
03/26/2023,CGF,OH,AGL,CE,Federal Contract Tower,0,10,29,0,39,0,0,39,0,39,0,10,68,0,78,26,0,26,104
03/27/2023,CGF,OH,AGL,CE,Federal Contract Tower,0,18,17,0,35,0,0,0,0,0,0,18,17,0,35,0,0,0,35
03/28/2023,CGF,OH,AGL,CE,Federal Contract Tower,0,14,14,0,28,0,0,16,0,16,0,14,30,0,44,48,0,48,92
03/29/2023,CGF,OH,AGL,CE,Federal Contract Tower,0,13,8,0,21,0,0,5,0,5,0,13,13,0,26,8,0,8,34
03/30/2023,CGF,OH,AGL,CE,Federal Contract Tower,0,16,23,0,39,0,0,29,0,29,0,16,52,0,68,42,0,42,110
03/31/2023,CGF,OH,AGL,CE,Federal Contract Tower,0,15,13,0,28,0,0,0,0,0,0,15,13,0,28,0,0,0,28
04/01/2023,CGF,OH,AGL,CE,Federal Contract Tower,0,7,7,0,14,0,0,1,0,1,0,7,8,0,15,0,0,0,15
04/02/2023,CGF,OH,AGL,CE,Federal Contract Tower,0,20,19,0,39,0,0,46,0,46,0,20,65,0,85,38,0,38,123
04/03/2023,CGF,OH,AGL,CE,Federal Contract Tower,0,8,18,0,26,0,0,22,0,22,0,8,40,0,48,110,0,110,158
04/04/2023,CGF,OH,AGL,CE,Federal Contract Tower,0,14,9,0,23,0,0,31,0,31,0,14,40,0,54,44,0,44,98
04/05/2023,CGF,OH,AGL,CE,Federal Contract Tower,0,8,10,0,18,0,0,4,0,4,0,8,14,0,22,14,0,14,36
04/06/2023,CGF,OH,AGL,CE,Federal Contract Tower,0,17,24,0,41,0,0,10,0,10,0,17,34,0,51,38,0,38,89
04/07/2023,CGF,OH,AGL,CE,Federal Contract Tower,0,10,19,0,29,0,0,27,0,27,0,10,46,0,56,52,0,52,108
04/08/2023,CGF,OH,AGL,CE,Federal Contract Tower,0,3,13,0,16,0,0,22,0,22,0,3,35,0,38,4,0,4,42
04/09/2023,CGF,OH,AGL,CE,Federal Contract Tower,0,19,12,0,31,0,0,10,0,10,0,19,22,0,41,8,0,8,49
04/10/2023,CGF,OH,AGL,CE,Federal Contract Tower,0,20,24,0,44,0,0,36,0,36,0,20,60,0,80,64,0,64,144
04/11/2023,CGF,OH,AGL,CE,Federal Contract Tower,0,26,17,0,43,0,0,18,0,18,0,26,35,0,61,32,0,32,93
04/12/2023,CGF,OH,AGL,CE,Federal Contract Tower,0,21,25,0,46,0,0,5,0,5,0,21,30,0,51,6,0,6,57
04/13/2023,CGF,OH,AGL,CE,Federal Contract Tower,0,9,23,0,32,0,0,45,0,45,0,9,68,0,77,70,0,70,147
04/14/2023,CGF,OH,AGL,CE,Federal Contract Tower,0,9,23,0,32,0,0,27,0,27,0,9,50,0,59,50,0,50,109
04/15/2023,CGF,OH,AGL,CE,Federal Contract Tower,0,13,11,0,24,0,0,30,0,30,0,13,41,0,54,40,0,40,94
04/16/2023,CGF,OH,AGL,CE,Federal Contract Tower,0,20,14,0,34,0,0,5,0,5,0,20,19,0,39,2,0,2,41
04/17/2023,CGF,OH,AGL,CE,Federal Contract Tower,0,18,24,0,42,0,0,1,0,1,0,18,25,0,43,0,0,0,43
04/18/2023,CGF,OH,AGL,CE,Federal Contract Tower,0,15,23,0,38,0,0,4,0,4,0,15,27,0,42,0,0,0,42
04/19/2023,CGF,OH,AGL,CE,Federal Contract Tower,0,19,31,0,50,0,0,29,0,29,0,19,60,0,79,22,0,22,101
04/20/2023,CGF,OH,AGL,CE,Federal Contract Tower,0,16,23,0,39,0,0,39,1,40,0,16,62,1,79,56,2,58,137
04/21/2023,CGF,OH,AGL,CE,Federal Contract Tower,0,10,13,0,23,0,0,14,0,14,0,10,27,0,37,20,0,20,57
04/22/2023,CGF,OH,AGL,CE,Federal Contract Tower,0,11,8,0,19,0,0,2,0,2,0,11,10,0,21,4,0,4,25
04/23/2023,CGF,OH,AGL,CE,Federal Contract Tower,0,14,19,0,33,0,0,8,0,8,0,14,27,0,41,20,0,20,61
04/24/2023,CGF,OH,AGL,CE,Federal Contract Tower,0,13,18,0,31,0,0,0,0,0,0,13,18,0,31,8,0,8,39
04/25/2023,CGF,OH,AGL,CE,Federal Contract Tower,0,10,21,0,31,0,0,19,0,19,0,10,40,0,50,82,0,82,132
04/26/2023,CGF,OH,AGL,CE,Federal Contract Tower,0,17,25,0,42,0,0,28,0,28,0,17,53,0,70,110,0,110,180
04/27/2023,CGF,OH,AGL,CE,Federal Contract Tower,0,19,31,0,50,0,0,46,0,46,0,19,77,0,96,50,0,50,146
04/28/2023,CGF,OH,AGL,CE,Federal Contract Tower,0,29,7,0,36,0,0,1,0,1,0,29,8,0,37,0,0,0,37
04/29/2023,CGF,OH,AGL,CE,Federal Contract Tower,0,13,6,0,19,0,0,4,0,4,0,13,10,0,23,0,0,0,23
04/30/2023,CGF,OH,AGL,CE,Federal Contract Tower,0,17,11,0,28,0,0,4,0,4,0,17,15,0,32,2,0,2,34
05/01/2023,CGF,OH,AGL,CE,Federal Contract Tower,0,11,11,0,22,0,0,1,0,1,0,11,12,0,23,0,0,0,23
05/02/2023,CGF,OH,AGL,CE,Federal Contract Tower,0,19,18,0,37,0,0,0,0,0,0,19,18,0,37,0,0,0,37
05/03/2023,CGF,OH,AGL,CE,Federal Contract Tower,0,15,24,0,39,0,0,0,0,0,0,15,24,0,39,0,0,0,39
05/04/2023,CGF,OH,AGL,CE,Federal Contract Tower,0,24,14,0,38,0,0,13,0,13,0,24,27,0,51,16,0,16,67
05/05/2023,CGF,OH,AGL,CE,Federal Contract Tower,0,7,16,0,23,0,0,42,0,42,0,7,58,0,65,80,0,80,145
05/06/2023,CGF,OH,AGL,CE,Federal Contract Tower,0,7,2,0,9,0,0,34,0,34,0,7,36,0,43,28,0,28,71
05/07/2023,CGF,OH,AGL,CE,Federal Contract Tower,0,12,9,0,21,0,0,8,0,8,0,12,17,0,29,2,0,2,31
05/08/2023,CGF,OH,AGL,CE,Federal Contract Tower,0,12,12,0,24,0,0,13,0,13,0,12,25,0,37,18,0,18,55
05/09/2023,CGF,OH,AGL,CE,Federal Contract Tower,0,18,12,0,30,0,0,26,0,26,0,18,38,0,56,44,0,44,100
05/10/2023,CGF,OH,AGL,CE,Federal Contract Tower,0,13,42,0,55,0,0,30,0,30,0,13,72,0,85,40,0,40,125
05/11/2023,CGF,OH,AGL,CE,Federal Contract Tower,0,20,39,0,59,0,0,44,0,44,0,20,83,0,103,32,0,32,135
05/12/2023,CGF,OH,AGL,CE,Federal Contract Tower,0,17,27,0,44,0,0,18,0,18,0,17,45,0,62,12,0,12,74
05/13/2023,CGF,OH,AGL,CE,Federal Contract Tower,0,19,11,0,30,0,0,19,0,19,0,19,30,0,49,30,0,30,79
05/14/2023,CGF,OH,AGL,CE,Federal Contract Tower,0,17,11,0,28,0,0,15,0,15,0,17,26,0,43,4,0,4,47
05/15/2023,CGF,OH,AGL,CE,Federal Contract Tower,0,18,14,0,32,0,0,26,0,26,0,18,40,0,58,44,0,44,102
05/16/2023,CGF,OH,AGL,CE,Federal Contract Tower,0,21,25,0,46,0,0,28,0,28,0,21,53,0,74,60,0,60,134
05/17/2023,CGF,OH,AGL,CE,Federal Contract Tower,0,36,19,0,55,0,0,37,0,37,0,36,56,0,92,90,0,90,182
05/18/2023,CGF,OH,AGL,CE,Federal Contract Tower,0,23,30,0,53,0,0,36,0,36,0,23,66,0,89,36,0,36,125
05/19/2023,CGF,OH,AGL,CE,Federal Contract Tower,0,27,25,0,52,0,0,24,0,24,0,27,49,0,76,38,0,38,114
05/20/2023,CGF,OH,AGL,CE,Federal Contract Tower,0,17,5,0,22,0,0,4,0,4,0,17,9,0,26,2,0,2,28
05/21/2023,CGF,OH,AGL,CE,Federal Contract Tower,0,22,9,0,31,0,0,48,0,48,0,22,57,0,79,64,0,64,143
05/22/2023,CGF,OH,AGL,CE,Federal Contract Tower,0,24,16,0,40,0,0,25,0,25,0,24,41,0,65,20,0,20,85
05/23/2023,CGF,OH,AGL,CE,Federal Contract Tower,0,30,18,0,48,0,0,29,1,30,0,30,47,1,78,36,0,36,114
05/24/2023,CGF,OH,AGL,CE,Federal Contract Tower,0,16,29,0,45,0,0,23,0,23,0,16,52,0,68,4,0,4,72
05/25/2023,CGF,OH,AGL,CE,Federal Contract Tower,0,26,22,0,48,0,0,29,0,29,0,26,51,0,77,26,0,26,103
05/26/2023,CGF,OH,AGL,CE,Federal Contract Tower,0,16,20,0,36,0,6,35,0,41,0,22,55,0,77,24,0,24,101
05/27/2023,CGF,OH,AGL,CE,Federal Contract Tower,0,7,13,0,20,0,0,35,0,35,0,7,48,0,55,78,0,78,133
05/28/2023,CGF,OH,AGL,CE,Federal Contract Tower,0,11,9,0,20,0,0,30,0,30,0,11,39,0,50,50,0,50,100
05/29/2023,CGF,OH,AGL,CE,Federal Contract Tower,0,8,7,0,15,0,0,40,0,40,0,8,47,0,55,6,0,6,61
05/30/2023,CGF,OH,AGL,CE,Federal Contract Tower,0,9,19,0,28,0,0,25,0,25,0,9,44,0,53,36,0,36,89
05/31/2023,CGF,OH,AGL,CE,Federal Contract Tower,0,10,15,0,25,0,0,27,0,27,0,10,42,0,52,18,0,18,70
06/01/2023,CGF,OH,AGL,CE,Federal Contract Tower,0,26,19,0,45,0,0,34,0,34,0,26,53,0,79,12,0,12,91
06/02/2023,CGF,OH,AGL,CE,Federal Contract Tower,0,21,12,0,33,0,0,30,0,30,0,21,42,0,63,16,0,16,79
06/03/2023,CGF,OH,AGL,CE,Federal Contract Tower,0,14,9,0,23,0,0,26,0,26,0,14,35,0,49,30,0,30,79
06/04/2023,CGF,OH,AGL,CE,Federal Contract Tower,0,16,25,0,41,0,0,13,0,13,0,16,38,0,54,0,0,0,54
06/05/2023,CGF,OH,AGL,CE,Federal Contract Tower,0,22,21,0,43,0,2,22,0,24,0,24,43,0,67,24,0,24,91
06/06/2023,CGF,OH,AGL,CE,Federal Contract Tower,0,17,19,0,36,0,0,10,0,10,0,17,29,0,46,38,0,38,84
06/07/2023,CGF,OH,AGL,CE,Federal Contract Tower,0,19,6,0,25,0,0,30,0,30,0,19,36,0,55,28,0,28,83
06/08/2023,CGF,OH,AGL,CE,Federal Contract Tower,0,21,16,0,37,0,0,29,0,29,0,21,45,0,66,32,0,32,98
06/09/2023,CGF,OH,AGL,CE,Federal Contract Tower,0,10,12,0,22,0,0,12,0,12,0,10,24,0,34,16,0,16,50
06/10/2023,CGF,OH,AGL,CE,Federal Contract Tower,0,19,7,0,26,0,0,27,0,27,0,19,34,0,53,18,0,18,71
06/11/2023,CGF,OH,AGL,CE,Federal Contract Tower,0,29,20,0,49,0,0,25,0,25,0,29,45,0,74,66,0,66,140
06/12/2023,CGF,OH,AGL,CE,Federal Contract Tower,0,9,19,0,28,0,0,0,0,0,0,9,19,0,28,0,0,0,28
06/13/2023,CGF,OH,AGL,CE,Federal Contract Tower,0,18,17,0,35,0,0,7,0,7,0,18,24,0,42,20,0,20,62
06/14/2023,CGF,OH,AGL,CE,Federal Contract Tower,0,19,13,0,32,0,0,20,0,20,0,19,33,0,52,36,0,36,88
06/15/2023,CGF,OH,AGL,CE,Federal Contract Tower,0,23,14,0,37,0,0,30,0,30,0,23,44,0,67,52,0,52,119
06/16/2023,CGF,OH,AGL,CE,Federal Contract Tower,0,23,15,0,38,0,0,1,0,1,0,23,16,0,39,6,0,6,45
06/17/2023,CGF,OH,AGL,CE,Federal Contract Tower,0,17,10,0,27,0,0,33,0,33,0,17,43,0,60,70,0,70,130
06/18/2023,CGF,OH,AGL,CE,Federal Contract Tower,0,23,12,0,35,0,0,40,0,40,0,23,52,0,75,36,0,36,111
06/19/2023,CGF,OH,AGL,CE,Federal Contract Tower,0,18,8,0,26,0,0,26,0,26,0,18,34,0,52,44,0,44,96
06/20/2023,CGF,OH,AGL,CE,Federal Contract Tower,0,11,18,0,29,0,0,33,0,33,0,11,51,0,62,96,0,96,158
06/21/2023,CGF,OH,AGL,CE,Federal Contract Tower,0,17,12,0,29,0,0,52,0,52,0,17,64,0,81,68,0,68,149
06/22/2023,CGF,OH,AGL,CE,Federal Contract Tower,0,20,26,0,46,0,0,30,0,30,0,20,56,0,76,112,0,112,188
06/23/2023,CGF,OH,AGL,CE,Federal Contract Tower,0,27,19,0,46,0,0,10,0,10,0,27,29,0,56,24,0,24,80
06/24/2023,CGF,OH,AGL,CE,Federal Contract Tower,0,11,16,0,27,0,0,13,0,13,0,11,29,0,40,40,0,40,80
06/25/2023,CGF,OH,AGL,CE,Federal Contract Tower,0,17,16,0,33,0,0,23,0,23,0,17,39,0,56,46,0,46,102
06/26/2023,CGF,OH,AGL,CE,Federal Contract Tower,0,16,13,0,29,0,0,5,0,5,0,16,18,0,34,20,0,20,54
06/27/2023,CGF,OH,AGL,CE,Federal Contract Tower,0,13,15,4,32,0,0,0,0,0,0,13,15,4,32,0,0,0,32
06/28/2023,CGF,OH,AGL,CE,Federal Contract Tower,0,9,15,0,24,0,0,0,0,0,0,9,15,0,24,0,0,0,24
06/29/2023,CGF,OH,AGL,CE,Federal Contract Tower,0,9,20,0,29,0,0,3,0,3,0,9,23,0,32,4,0,4,36
06/30/2023,CGF,OH,AGL,CE,Federal Contract Tower,0,19,19,0,38,0,0,24,0,24,0,19,43,0,62,48,0,48,110
07/01/2023,CGF,OH,AGL,CE,Federal Contract Tower,0,12,15,0,27,0,0,15,0,15,0,12,30,0,42,38,0,38,80
07/02/2023,CGF,OH,AGL,CE,Federal Contract Tower,0,13,3,0,16,0,0,2,0,2,0,13,5,0,18,6,0,6,24
07/03/2023,CGF,OH,AGL,CE,Federal Contract Tower,0,4,12,0,16,0,0,12,0,12,0,4,24,0,28,36,0,36,64
07/04/2023,CGF,OH,AGL,CE,Federal Contract Tower,0,11,3,0,14,0,0,21,0,21,0,11,24,0,35,26,0,26,61
07/05/2023,CGF,OH,AGL,CE,Federal Contract Tower,0,9,19,0,28,0,0,36,0,36,0,9,55,0,64,50,0,50,114
07/06/2023,CGF,OH,AGL,CE,Federal Contract Tower,0,10,17,0,27,0,0,7,0,7,0,10,24,0,34,18,0,18,52
07/07/2023,CGF,OH,AGL,CE,Federal Contract Tower,0,10,11,0,21,0,0,34,0,34,0,10,45,0,55,20,0,20,75
07/08/2023,CGF,OH,AGL,CE,Federal Contract Tower,0,9,19,0,28,0,0,29,0,29,0,9,48,0,57,34,0,34,91
07/09/2023,CGF,OH,AGL,CE,Federal Contract Tower,0,12,14,0,26,0,0,2,0,2,0,12,16,0,28,8,0,8,36
07/10/2023,CGF,OH,AGL,CE,Federal Contract Tower,0,23,13,0,36,0,2,36,0,38,0,25,49,0,74,60,0,60,134
07/11/2023,CGF,OH,AGL,CE,Federal Contract Tower,0,16,17,0,33,0,0,24,0,24,0,16,41,0,57,16,0,16,73
07/12/2023,CGF,OH,AGL,CE,Federal Contract Tower,0,20,21,0,41,0,0,8,0,8,0,20,29,0,49,12,0,12,61
07/13/2023,CGF,OH,AGL,CE,Federal Contract Tower,0,14,18,0,32,0,2,8,0,10,0,16,26,0,42,4,0,4,46
07/14/2023,CGF,OH,AGL,CE,Federal Contract Tower,0,18,19,0,37,0,2,33,0,35,0,20,52,0,72,26,0,26,98
07/15/2023,CGF,OH,AGL,CE,Federal Contract Tower,0,7,14,0,21,0,0,24,0,24,0,7,38,0,45,40,0,40,85
07/16/2023,CGF,OH,AGL,CE,Federal Contract Tower,0,19,20,0,39,0,0,16,0,16,0,19,36,0,55,42,0,42,97
07/17/2023,CGF,OH,AGL,CE,Federal Contract Tower,0,13,16,0,29,0,0,11,0,11,0,13,27,0,40,38,0,38,78
07/18/2023,CGF,OH,AGL,CE,Federal Contract Tower,0,22,17,0,39,0,0,43,0,43,0,22,60,0,82,82,0,82,164
07/19/2023,CGF,OH,AGL,CE,Federal Contract Tower,0,19,24,0,43,0,0,43,0,43,0,19,67,0,86,70,0,70,156
07/20/2023,CGF,OH,AGL,CE,Federal Contract Tower,0,14,16,0,30,0,0,14,0,14,0,14,30,0,44,30,0,30,74
07/21/2023,CGF,OH,AGL,CE,Federal Contract Tower,0,23,8,0,31,0,0,19,0,19,0,23,27,0,50,24,0,24,74
07/22/2023,CGF,OH,AGL,CE,Federal Contract Tower,0,13,16,0,29,0,0,62,0,62,0,13,78,0,91,58,0,58,149
07/23/2023,CGF,OH,AGL,CE,Federal Contract Tower,0,11,6,0,17,0,0,13,0,13,0,11,19,0,30,4,0,4,34
07/24/2023,CGF,OH,AGL,CE,Federal Contract Tower,0,19,17,0,36,0,0,26,0,26,0,19,43,0,62,70,0,70,132
07/25/2023,CGF,OH,AGL,CE,Federal Contract Tower,0,21,20,0,41,0,0,21,0,21,0,21,41,0,62,120,0,120,182
07/26/2023,CGF,OH,AGL,CE,Federal Contract Tower,0,25,10,0,35,0,0,14,0,14,0,25,24,0,49,72,0,72,121
07/27/2023,CGF,OH,AGL,CE,Federal Contract Tower,0,17,20,0,37,0,0,26,0,26,0,17,46,0,63,42,0,42,105
07/28/2023,CGF,OH,AGL,CE,Federal Contract Tower,0,8,18,0,26,0,0,23,0,23,0,8,41,0,49,62,0,62,111
07/29/2023,CGF,OH,AGL,CE,Federal Contract Tower,0,21,12,0,33,0,0,8,0,8,0,21,20,0,41,20,0,20,61
07/30/2023,CGF,OH,AGL,CE,Federal Contract Tower,0,17,11,0,28,0,0,39,0,39,0,17,50,0,67,34,0,34,101
07/31/2023,CGF,OH,AGL,CE,Federal Contract Tower,0,30,17,0,47,0,0,18,0,18,0,30,35,0,65,70,0,70,135
08/01/2023,CGF,OH,AGL,CE,Federal Contract Tower,0,9,15,0,24,0,0,23,0,23,0,9,38,0,47,38,0,38,85
08/02/2023,CGF,OH,AGL,CE,Federal Contract Tower,0,17,14,0,31,0,0,30,0,30,0,17,44,0,61,44,0,44,105
08/03/2023,CGF,OH,AGL,CE,Federal Contract Tower,0,17,10,0,27,0,0,32,0,32,0,17,42,0,59,30,0,30,89
08/04/2023,CGF,OH,AGL,CE,Federal Contract Tower,0,14,8,0,22,0,0,19,0,19,0,14,27,0,41,108,0,108,149
08/05/2023,CGF,OH,AGL,CE,Federal Contract Tower,0,18,10,0,28,0,0,25,0,25,0,18,35,0,53,34,0,34,87
08/06/2023,CGF,OH,AGL,CE,Federal Contract Tower,0,21,21,0,42,0,0,38,0,38,0,21,59,0,80,28,0,28,108
08/07/2023,CGF,OH,AGL,CE,Federal Contract Tower,0,20,8,0,28,0,0,0,0,0,0,20,8,0,28,0,0,0,28
08/08/2023,CGF,OH,AGL,CE,Federal Contract Tower,0,18,13,0,31,0,0,27,0,27,0,18,40,0,58,30,0,30,88
08/09/2023,CGF,OH,AGL,CE,Federal Contract Tower,0,29,23,0,52,0,0,46,0,46,0,29,69,0,98,82,0,82,180
08/10/2023,CGF,OH,AGL,CE,Federal Contract Tower,0,27,10,0,37,0,0,20,0,20,0,27,30,0,57,26,0,26,83
08/11/2023,CGF,OH,AGL,CE,Federal Contract Tower,0,10,12,0,22,0,0,23,0,23,0,10,35,0,45,54,0,54,99
08/12/2023,CGF,OH,AGL,CE,Federal Contract Tower,0,15,6,0,21,0,0,12,0,12,0,15,18,0,33,0,0,0,33
08/13/2023,CGF,OH,AGL,CE,Federal Contract Tower,0,19,19,0,38,0,0,27,0,27,0,19,46,0,65,14,0,14,79
08/14/2023,CGF,OH,AGL,CE,Federal Contract Tower,0,20,22,0,42,0,0,7,2,9,0,20,29,2,51,8,0,8,59
08/15/2023,CGF,OH,AGL,CE,Federal Contract Tower,0,14,18,0,32,0,0,8,0,8,0,14,26,0,40,84,0,84,124
08/16/2023,CGF,OH,AGL,CE,Federal Contract Tower,0,26,18,0,44,0,0,30,0,30,0,26,48,0,74,58,0,58,132
08/17/2023,CGF,OH,AGL,CE,Federal Contract Tower,0,26,12,0,38,0,0,19,0,19,0,26,31,0,57,8,0,8,65
08/18/2023,CGF,OH,AGL,CE,Federal Contract Tower,0,19,17,0,36,0,0,12,0,12,0,19,29,0,48,2,0,2,50
08/19/2023,CGF,OH,AGL,CE,Federal Contract Tower,0,10,8,0,18,0,0,40,0,40,0,10,48,0,58,72,0,72,130
08/20/2023,CGF,OH,AGL,CE,Federal Contract Tower,0,11,16,0,27,0,0,31,0,31,0,11,47,0,58,46,0,46,104
08/21/2023,CGF,OH,AGL,CE,Federal Contract Tower,0,12,17,0,29,0,0,9,0,9,0,12,26,0,38,20,0,20,58
08/22/2023,CGF,OH,AGL,CE,Federal Contract Tower,0,19,19,0,38,0,0,25,0,25,0,19,44,0,63,58,0,58,121
08/23/2023,CGF,OH,AGL,CE,Federal Contract Tower,0,16,15,0,31,0,0,9,0,9,0,16,24,0,40,30,0,30,70
08/24/2023,CGF,OH,AGL,CE,Federal Contract Tower,0,21,13,0,34,0,0,7,0,7,0,21,20,0,41,16,0,16,57
08/25/2023,CGF,OH,AGL,CE,Federal Contract Tower,0,12,18,0,30,0,0,3,0,3,0,12,21,0,33,12,0,12,45
08/26/2023,CGF,OH,AGL,CE,Federal Contract Tower,0,10,5,0,15,0,0,39,0,39,0,10,44,0,54,66,0,66,120
08/27/2023,CGF,OH,AGL,CE,Federal Contract Tower,0,19,9,0,28,0,0,29,0,29,0,19,38,0,57,38,0,38,95
08/28/2023,CGF,OH,AGL,CE,Federal Contract Tower,0,12,9,0,21,0,0,43,0,43,0,12,52,0,64,94,0,94,158
08/29/2023,CGF,OH,AGL,CE,Federal Contract Tower,0,18,23,0,41,0,0,45,0,45,0,18,68,0,86,84,0,84,170
08/30/2023,CGF,OH,AGL,CE,Federal Contract Tower,0,5,18,0,23,0,0,2,0,2,0,5,20,0,25,10,0,10,35
08/31/2023,CGF,OH,AGL,CE,Federal Contract Tower,0,14,24,0,38,0,0,62,0,62,0,14,86,0,100,68,0,68,168
