01/01/2000,CGX,IL,AGL,CE,Federal Contract Tower,0,0,1,0,1,0,0,13,0,13,0,0,14,0,14,4,0,4,18
01/02/2000,CGX,IL,AGL,CE,Federal Contract Tower,0,0,13,0,13,0,0,11,0,11,0,0,24,0,24,0,0,0,24
01/03/2000,CGX,IL,AGL,CE,Federal Contract Tower,0,0,7,0,7,0,0,2,0,2,0,0,9,0,9,0,0,0,9
01/04/2000,CGX,IL,AGL,CE,Federal Contract Tower,0,3,16,0,19,0,5,0,0,5,0,8,16,0,24,0,0,0,24
01/05/2000,CGX,IL,AGL,CE,Federal Contract Tower,0,6,37,0,43,0,0,8,0,8,0,6,45,0,51,0,0,0,51
01/06/2000,CGX,IL,AGL,CE,Federal Contract Tower,0,6,38,0,44,0,2,10,0,12,0,8,48,0,56,0,0,0,56
01/07/2000,CGX,IL,AGL,CE,Federal Contract Tower,0,6,37,0,43,0,2,22,0,24,0,8,59,0,67,2,0,2,69
01/08/2000,CGX,IL,AGL,CE,Federal Contract Tower,0,0,7,0,7,0,0,23,0,23,0,0,30,0,30,0,0,0,30
01/09/2000,CGX,IL,AGL,CE,Federal Contract Tower,0,0,6,0,6,0,0,0,0,0,0,0,6,0,6,0,0,0,6
01/10/2000,CGX,IL,AGL,CE,Federal Contract Tower,0,3,26,0,29,0,0,8,0,8,0,3,34,0,37,0,0,0,37
01/11/2000,CGX,IL,AGL,CE,Federal Contract Tower,0,4,30,0,34,0,0,22,0,22,0,4,52,0,56,4,0,4,60
01/12/2000,CGX,IL,AGL,CE,Federal Contract Tower,0,4,27,0,31,0,4,34,0,38,0,8,61,0,69,0,0,0,69
01/13/2000,CGX,IL,AGL,CE,Federal Contract Tower,0,4,59,0,63,0,0,25,2,27,0,4,84,2,90,2,0,2,92
01/14/2000,CGX,IL,AGL,CE,Federal Contract Tower,0,7,48,0,55,0,3,42,0,45,0,10,90,0,100,0,0,0,100
01/15/2000,CGX,IL,AGL,CE,Federal Contract Tower,0,0,20,0,20,0,0,51,0,51,0,0,71,0,71,4,0,4,75
01/16/2000,CGX,IL,AGL,CE,Federal Contract Tower,0,0,20,0,20,0,0,20,0,20,0,0,40,0,40,6,0,6,46
01/17/2000,CGX,IL,AGL,CE,Federal Contract Tower,0,0,21,0,21,0,0,16,0,16,0,0,37,0,37,2,0,2,39
01/18/2000,CGX,IL,AGL,CE,Federal Contract Tower,0,4,50,0,54,0,0,18,0,18,0,4,68,0,72,0,0,0,72
01/19/2000,CGX,IL,AGL,CE,Federal Contract Tower,0,4,32,0,36,0,0,14,0,14,0,4,46,0,50,0,0,0,50
01/20/2000,CGX,IL,AGL,CE,Federal Contract Tower,0,4,31,0,35,0,4,15,0,19,0,8,46,0,54,0,0,0,54
01/21/2000,CGX,IL,AGL,CE,Federal Contract Tower,0,5,43,0,48,0,5,35,0,40,0,10,78,0,88,0,0,0,88
01/22/2000,CGX,IL,AGL,CE,Federal Contract Tower,0,0,8,0,8,0,0,1,0,1,0,0,9,0,9,0,0,0,9
01/23/2000,CGX,IL,AGL,CE,Federal Contract Tower,0,0,17,0,17,0,0,15,0,15,0,0,32,0,32,2,0,2,34
01/24/2000,CGX,IL,AGL,CE,Federal Contract Tower,0,4,34,0,38,0,8,16,0,24,0,12,50,0,62,0,0,0,62
01/25/2000,CGX,IL,AGL,CE,Federal Contract Tower,0,3,26,0,29,0,3,6,0,9,0,6,32,0,38,2,0,2,40
01/26/2000,CGX,IL,AGL,CE,Federal Contract Tower,0,5,45,0,50,0,3,18,0,21,0,8,63,0,71,0,0,0,71
01/27/2000,CGX,IL,AGL,CE,Federal Contract Tower,0,6,52,0,58,0,2,6,0,8,0,8,58,0,66,10,0,10,76
01/28/2000,CGX,IL,AGL,CE,Federal Contract Tower,0,7,59,0,66,0,4,57,0,61,0,11,116,0,127,2,0,2,129
01/29/2000,CGX,IL,AGL,CE,Federal Contract Tower,0,0,29,0,29,0,0,22,0,22,0,0,51,0,51,2,0,2,53
01/30/2000,CGX,IL,AGL,CE,Federal Contract Tower,0,0,19,0,19,0,0,3,0,3,0,0,22,0,22,0,0,0,22
01/31/2000,CGX,IL,AGL,CE,Federal Contract Tower,0,4,33,0,37,0,2,13,0,15,0,6,46,0,52,0,0,0,52
02/01/2000,CGX,IL,AGL,CE,Federal Contract Tower,0,6,36,0,42,0,4,12,0,16,0,10,48,0,58,0,0,0,58
02/02/2000,CGX,IL,AGL,CE,Federal Contract Tower,0,3,18,0,21,0,1,50,0,51,0,4,68,0,72,0,0,0,72
02/03/2000,CGX,IL,AGL,CE,Federal Contract Tower,0,8,43,0,51,0,0,6,0,6,0,8,49,0,57,0,0,0,57
02/04/2000,CGX,IL,AGL,CE,Federal Contract Tower,0,4,29,0,33,0,0,21,0,21,0,4,50,0,54,0,0,0,54
02/05/2000,CGX,IL,AGL,CE,Federal Contract Tower,0,0,15,0,15,0,0,17,0,17,0,0,32,0,32,2,0,2,34
02/06/2000,CGX,IL,AGL,CE,Federal Contract Tower,0,0,17,0,17,0,0,7,0,7,0,0,24,0,24,0,0,0,24
02/07/2000,CGX,IL,AGL,CE,Federal Contract Tower,0,7,38,0,45,0,4,16,0,20,0,11,54,0,65,0,0,0,65
02/08/2000,CGX,IL,AGL,CE,Federal Contract Tower,0,6,37,0,43,0,4,13,0,17,0,10,50,0,60,0,0,0,60
02/09/2000,CGX,IL,AGL,CE,Federal Contract Tower,0,7,41,0,48,0,3,33,0,36,0,10,74,0,84,0,0,0,84
02/10/2000,CGX,IL,AGL,CE,Federal Contract Tower,0,6,35,0,41,0,2,11,0,13,0,8,46,0,54,0,0,0,54
02/11/2000,CGX,IL,AGL,CE,Federal Contract Tower,0,0,35,0,35,0,0,39,0,39,0,0,74,0,74,0,0,0,74
02/12/2000,CGX,IL,AGL,CE,Federal Contract Tower,0,1,20,0,21,0,0,138,0,138,0,1,158,0,159,2,0,2,161
02/13/2000,CGX,IL,AGL,CE,Federal Contract Tower,0,1,4,0,5,0,0,0,0,0,0,1,4,0,5,0,0,0,5
02/14/2000,CGX,IL,AGL,CE,Federal Contract Tower,0,6,31,0,37,0,0,15,0,15,0,6,46,0,52,0,0,0,52
02/15/2000,CGX,IL,AGL,CE,Federal Contract Tower,0,7,38,0,45,0,3,30,0,33,0,10,68,0,78,0,0,0,78
02/16/2000,CGX,IL,AGL,CE,Federal Contract Tower,0,8,56,0,64,0,0,62,0,62,0,8,118,0,126,8,0,8,134
02/17/2000,CGX,IL,AGL,CE,Federal Contract Tower,0,6,43,0,49,0,4,44,0,48,0,10,87,0,97,0,0,0,97
02/18/2000,CGX,IL,AGL,CE,Federal Contract Tower,0,0,0,0,0,0,0,0,0,0,0,0,0,0,0,0,0,0,0
02/19/2000,CGX,IL,AGL,CE,Federal Contract Tower,0,0,29,0,29,0,0,24,0,24,0,0,53,0,53,0,0,0,53
02/20/2000,CGX,IL,AGL,CE,Federal Contract Tower,0,1,18,0,19,0,0,14,0,14,0,1,32,0,33,0,2,2,35
02/21/2000,CGX,IL,AGL,CE,Federal Contract Tower,0,0,13,0,13,0,0,36,0,36,0,0,49,0,49,0,0,0,49
02/22/2000,CGX,IL,AGL,CE,Federal Contract Tower,0,6,42,0,48,0,2,17,0,19,0,8,59,0,67,0,0,0,67
02/23/2000,CGX,IL,AGL,CE,Federal Contract Tower,0,6,39,0,45,0,5,13,0,18,0,11,52,0,63,0,0,0,63
02/24/2000,CGX,IL,AGL,CE,Federal Contract Tower,0,5,37,0,42,0,3,10,0,13,0,8,47,0,55,0,0,0,55
02/25/2000,CGX,IL,AGL,CE,Federal Contract Tower,0,3,23,0,26,0,1,22,0,23,0,4,45,0,49,0,0,0,49
02/26/2000,CGX,IL,AGL,CE,Federal Contract Tower,0,0,16,0,16,0,0,8,0,8,0,0,24,0,24,0,0,0,24
02/27/2000,CGX,IL,AGL,CE,Federal Contract Tower,0,0,19,0,19,0,0,44,0,44,0,0,63,0,63,0,0,0,63
02/28/2000,CGX,IL,AGL,CE,Federal Contract Tower,0,6,41,0,47,0,4,25,0,29,0,10,66,0,76,2,0,2,78
02/29/2000,CGX,IL,AGL,CE,Federal Contract Tower,0,6,40,0,46,0,2,39,0,41,0,8,79,0,87,0,0,0,87
03/01/2000,CGX,IL,AGL,CE,Federal Contract Tower,0,5,41,0,46,0,3,24,0,27,0,8,65,0,73,0,0,0,73
03/02/2000,CGX,IL,AGL,CE,Federal Contract Tower,0,4,30,0,34,0,4,44,0,48,0,8,74,0,82,0,0,0,82
03/03/2000,CGX,IL,AGL,CE,Federal Contract Tower,0,8,66,0,74,0,0,56,0,56,0,8,122,0,130,2,0,2,132
03/04/2000,CGX,IL,AGL,CE,Federal Contract Tower,0,0,31,0,31,0,0,105,0,105,0,0,136,0,136,0,0,0,136
03/05/2000,CGX,IL,AGL,CE,Federal Contract Tower,0,3,27,0,30,0,1,94,0,95,0,4,121,0,125,14,0,14,139
03/06/2000,CGX,IL,AGL,CE,Federal Contract Tower,0,6,47,0,53,0,2,42,0,44,0,8,89,0,97,0,0,0,97
03/07/2000,CGX,IL,AGL,CE,Federal Contract Tower,0,6,47,0,53,0,3,54,0,57,0,9,101,0,110,0,0,0,110
03/08/2000,CGX,IL,AGL,CE,Federal Contract Tower,0,6,53,0,59,0,2,24,0,26,0,8,77,0,85,0,0,0,85
03/09/2000,CGX,IL,AGL,CE,Federal Contract Tower,0,0,23,0,23,0,0,5,0,5,0,0,28,0,28,2,0,2,30
03/10/2000,CGX,IL,AGL,CE,Federal Contract Tower,0,8,64,0,72,0,0,44,0,44,0,8,108,0,116,2,0,2,118
03/11/2000,CGX,IL,AGL,CE,Federal Contract Tower,0,0,27,0,27,0,0,89,0,89,0,0,116,0,116,4,0,4,120
03/12/2000,CGX,IL,AGL,CE,Federal Contract Tower,0,2,47,0,49,0,0,52,0,52,0,2,99,0,101,0,0,0,101
03/13/2000,CGX,IL,AGL,CE,Federal Contract Tower,0,8,94,0,102,0,0,21,0,21,0,8,115,0,123,0,0,0,123
03/14/2000,CGX,IL,AGL,CE,Federal Contract Tower,0,8,109,0,117,0,0,78,0,78,0,8,187,0,195,0,0,0,195
03/15/2000,CGX,IL,AGL,CE,Federal Contract Tower,0,8,90,0,98,0,0,32,0,32,0,8,122,0,130,0,0,0,130
03/16/2000,CGX,IL,AGL,CE,Federal Contract Tower,0,7,60,0,67,0,2,56,0,58,0,9,116,0,125,0,0,0,125
03/17/2000,CGX,IL,AGL,CE,Federal Contract Tower,0,6,52,0,58,0,4,82,0,86,0,10,134,0,144,30,0,30,174
03/18/2000,CGX,IL,AGL,CE,Federal Contract Tower,0,0,13,0,13,0,0,29,0,29,0,0,42,0,42,0,0,0,42
03/19/2000,CGX,IL,AGL,CE,Federal Contract Tower,0,0,17,0,17,0,0,7,0,7,0,0,24,0,24,0,0,0,24
03/20/2000,CGX,IL,AGL,CE,Federal Contract Tower,0,0,14,0,14,0,0,4,0,4,0,0,18,0,18,0,0,0,18
03/21/2000,CGX,IL,AGL,CE,Federal Contract Tower,0,4,45,0,49,0,0,3,0,3,0,4,48,0,52,0,0,0,52
03/22/2000,CGX,IL,AGL,CE,Federal Contract Tower,0,7,68,0,75,0,1,43,0,44,0,8,111,0,119,4,2,6,125
03/23/2000,CGX,IL,AGL,CE,Federal Contract Tower,0,5,50,0,55,0,7,46,0,53,0,12,96,0,108,0,0,0,108
03/24/2000,CGX,IL,AGL,CE,Federal Contract Tower,0,5,52,0,57,0,5,40,0,45,0,10,92,0,102,0,0,0,102
03/25/2000,CGX,IL,AGL,CE,Federal Contract Tower,0,0,23,0,23,0,0,22,0,22,0,0,45,0,45,0,0,0,45
03/26/2000,CGX,IL,AGL,CE,Federal Contract Tower,0,0,51,0,51,0,0,117,0,117,0,0,168,0,168,26,0,26,194
03/27/2000,CGX,IL,AGL,CE,Federal Contract Tower,0,7,67,0,74,0,1,29,0,30,0,8,96,0,104,0,0,0,104
03/28/2000,CGX,IL,AGL,CE,Federal Contract Tower,0,4,41,0,45,0,8,9,0,17,0,12,50,0,62,0,0,0,62
03/29/2000,CGX,IL,AGL,CE,Federal Contract Tower,0,4,46,0,50,0,6,46,0,52,0,10,92,0,102,0,0,0,102
03/30/2000,CGX,IL,AGL,CE,Federal Contract Tower,0,3,36,0,39,0,5,31,0,36,0,8,67,0,75,0,0,0,75
03/31/2000,CGX,IL,AGL,CE,Federal Contract Tower,0,5,56,0,61,0,3,39,0,42,0,8,95,0,103,0,0,0,103
04/01/2000,CGX,IL,AGL,CE,Federal Contract Tower,0,0,14,0,14,0,0,58,0,58,0,0,72,0,72,2,0,2,74
04/02/2000,CGX,IL,AGL,CE,Federal Contract Tower,0,0,29,0,29,0,0,28,0,28,0,0,57,0,57,0,0,0,57
04/03/2000,CGX,IL,AGL,CE,Federal Contract Tower,0,6,44,0,50,0,2,30,0,32,0,8,74,0,82,0,0,0,82
04/04/2000,CGX,IL,AGL,CE,Federal Contract Tower,0,9,77,0,86,0,1,30,0,31,0,10,107,0,117,2,0,2,119
04/05/2000,CGX,IL,AGL,CE,Federal Contract Tower,0,7,62,0,69,0,3,48,0,51,0,10,110,0,120,0,0,0,120
04/06/2000,CGX,IL,AGL,CE,Federal Contract Tower,0,2,60,0,62,0,0,34,0,34,0,2,94,0,96,0,0,0,96
04/07/2000,CGX,IL,AGL,CE,Federal Contract Tower,0,0,49,0,49,0,0,0,0,0,0,0,49,0,49,0,0,0,49
04/08/2000,CGX,IL,AGL,CE,Federal Contract Tower,0,0,30,0,30,0,0,45,0,45,0,0,75,0,75,2,0,2,77
04/09/2000,CGX,IL,AGL,CE,Federal Contract Tower,0,3,30,0,33,0,7,33,0,40,0,10,63,0,73,0,0,0,73
04/10/2000,CGX,IL,AGL,CE,Federal Contract Tower,0,4,36,0,40,0,7,60,0,67,0,11,96,0,107,0,0,0,107
04/11/2000,CGX,IL,AGL,CE,Federal Contract Tower,0,4,35,0,39,0,0,14,0,14,0,4,49,0,53,0,0,0,53
04/12/2000,CGX,IL,AGL,CE,Federal Contract Tower,0,6,51,0,57,0,2,51,0,53,0,8,102,0,110,6,0,6,116
04/13/2000,CGX,IL,AGL,CE,Federal Contract Tower,0,6,53,0,59,0,2,44,0,46,0,8,97,0,105,0,0,0,105
04/14/2000,CGX,IL,AGL,CE,Federal Contract Tower,0,7,64,0,71,0,2,43,0,45,0,9,107,0,116,0,0,0,116
04/15/2000,CGX,IL,AGL,CE,Federal Contract Tower,0,0,27,0,27,0,0,25,0,25,0,0,52,0,52,6,0,6,58
04/16/2000,CGX,IL,AGL,CE,Federal Contract Tower,0,0,27,0,27,0,0,7,0,7,0,0,34,0,34,4,0,4,38
04/17/2000,CGX,IL,AGL,CE,Federal Contract Tower,0,0,21,0,21,0,0,2,0,2,0,0,23,0,23,0,0,0,23
04/18/2000,CGX,IL,AGL,CE,Federal Contract Tower,0,5,60,0,65,0,3,16,0,19,0,8,76,0,84,0,0,0,84
04/19/2000,CGX,IL,AGL,CE,Federal Contract Tower,0,4,42,0,46,0,1,8,0,9,0,5,50,0,55,0,0,0,55
04/20/2000,CGX,IL,AGL,CE,Federal Contract Tower,0,0,12,0,12,0,0,1,0,1,0,0,13,0,13,0,0,0,13
04/21/2000,CGX,IL,AGL,CE,Federal Contract Tower,0,2,49,0,51,0,0,14,0,14,0,2,63,0,65,0,0,0,65
04/22/2000,CGX,IL,AGL,CE,Federal Contract Tower,0,0,19,0,19,0,0,165,0,165,0,0,184,0,184,12,0,12,196
04/23/2000,CGX,IL,AGL,CE,Federal Contract Tower,0,0,20,0,20,0,0,18,0,18,0,0,38,0,38,0,0,0,38
04/24/2000,CGX,IL,AGL,CE,Federal Contract Tower,0,3,41,0,44,0,9,39,0,48,0,12,80,0,92,0,0,0,92
04/25/2000,CGX,IL,AGL,CE,Federal Contract Tower,0,5,55,0,60,0,3,55,0,58,0,8,110,0,118,0,0,0,118
04/26/2000,CGX,IL,AGL,CE,Federal Contract Tower,0,8,91,0,99,0,2,106,0,108,0,10,197,0,207,14,0,14,221
04/27/2000,CGX,IL,AGL,CE,Federal Contract Tower,0,8,87,0,95,0,4,74,0,78,0,12,161,0,173,2,0,2,175
04/28/2000,CGX,IL,AGL,CE,Federal Contract Tower,0,6,61,0,67,0,4,82,0,86,0,10,143,0,153,2,0,2,155
04/29/2000,CGX,IL,AGL,CE,Federal Contract Tower,0,0,37,0,37,0,0,65,0,65,0,0,102,0,102,0,0,0,102
04/30/2000,CGX,IL,AGL,CE,Federal Contract Tower,0,2,31,0,33,0,0,60,0,60,0,2,91,0,93,0,0,0,93
05/01/2000,CGX,IL,AGL,CE,Federal Contract Tower,0,6,46,0,52,0,4,19,4,27,0,10,65,4,79,2,0,2,81
05/02/2000,CGX,IL,AGL,CE,Federal Contract Tower,0,6,50,0,56,0,8,59,0,67,0,14,109,0,123,0,0,0,123
05/03/2000,CGX,IL,AGL,CE,Federal Contract Tower,0,8,70,0,78,0,5,57,0,62,0,13,127,0,140,4,2,6,146
05/04/2000,CGX,IL,AGL,CE,Federal Contract Tower,0,8,75,0,83,0,0,60,1,61,0,8,135,1,144,0,0,0,144
05/05/2000,CGX,IL,AGL,CE,Federal Contract Tower,0,9,83,0,92,0,0,49,0,49,0,9,132,0,141,0,0,0,141
05/06/2000,CGX,IL,AGL,CE,Federal Contract Tower,0,0,35,0,35,0,0,59,0,59,0,0,94,0,94,0,0,0,94
05/07/2000,CGX,IL,AGL,CE,Federal Contract Tower,0,0,55,0,55,0,0,34,0,34,0,0,89,0,89,8,0,8,97
05/08/2000,CGX,IL,AGL,CE,Federal Contract Tower,0,8,84,0,92,0,0,30,0,30,0,8,114,0,122,0,0,0,122
05/09/2000,CGX,IL,AGL,CE,Federal Contract Tower,0,4,57,0,61,0,0,30,0,30,0,4,87,0,91,4,0,4,95
05/10/2000,CGX,IL,AGL,CE,Federal Contract Tower,0,10,89,0,99,0,4,75,0,79,0,14,164,0,178,0,0,0,178
05/11/2000,CGX,IL,AGL,CE,Federal Contract Tower,0,7,69,0,76,0,1,21,0,22,0,8,90,0,98,0,0,0,98
05/12/2000,CGX,IL,AGL,CE,Federal Contract Tower,0,5,48,0,53,0,1,14,0,15,0,6,62,0,68,0,0,0,68
05/13/2000,CGX,IL,AGL,CE,Federal Contract Tower,0,0,27,0,27,0,0,20,0,20,0,0,47,0,47,2,0,2,49
05/14/2000,CGX,IL,AGL,CE,Federal Contract Tower,0,1,35,0,36,0,0,19,0,19,0,1,54,0,55,2,0,2,57
05/15/2000,CGX,IL,AGL,CE,Federal Contract Tower,0,6,60,0,66,0,2,112,0,114,0,8,172,0,180,2,0,2,182
05/16/2000,CGX,IL,AGL,CE,Federal Contract Tower,0,5,54,0,59,0,4,31,0,35,0,9,85,0,94,4,4,8,102
05/17/2000,CGX,IL,AGL,CE,Federal Contract Tower,0,3,36,0,39,0,3,30,0,33,0,6,66,0,72,0,0,0,72
05/18/2000,CGX,IL,AGL,CE,Federal Contract Tower,0,0,29,0,29,0,0,5,0,5,0,0,34,0,34,0,0,0,34
05/19/2000,CGX,IL,AGL,CE,Federal Contract Tower,0,2,82,0,84,0,0,29,8,37,0,2,111,8,121,0,0,0,121
05/20/2000,CGX,IL,AGL,CE,Federal Contract Tower,0,0,66,0,66,0,0,95,0,95,0,0,161,0,161,0,0,0,161
05/21/2000,CGX,IL,AGL,CE,Federal Contract Tower,0,4,72,0,76,0,0,67,2,69,0,4,139,2,145,0,0,0,145
05/22/2000,CGX,IL,AGL,CE,Federal Contract Tower,0,7,68,0,75,0,5,48,0,53,0,12,116,0,128,4,0,4,132
05/23/2000,CGX,IL,AGL,CE,Federal Contract Tower,0,9,83,0,92,0,1,79,0,80,0,10,162,0,172,0,0,0,172
05/24/2000,CGX,IL,AGL,CE,Federal Contract Tower,0,6,55,0,61,0,4,66,0,70,0,10,121,0,131,0,0,0,131
05/25/2000,CGX,IL,AGL,CE,Federal Contract Tower,0,6,68,0,74,0,0,74,2,76,0,6,142,2,150,4,0,4,154
05/26/2000,CGX,IL,AGL,CE,Federal Contract Tower,0,5,51,0,56,0,6,40,4,50,0,11,91,4,106,0,0,0,106
05/27/2000,CGX,IL,AGL,CE,Federal Contract Tower,0,0,3,0,3,0,0,0,0,0,0,0,3,0,3,0,0,0,3
05/28/2000,CGX,IL,AGL,CE,Federal Contract Tower,0,0,4,0,4,0,0,1,0,1,0,0,5,0,5,0,0,0,5
05/29/2000,CGX,IL,AGL,CE,Federal Contract Tower,0,2,28,0,30,0,4,104,0,108,0,6,132,0,138,0,0,0,138
05/30/2000,CGX,IL,AGL,CE,Federal Contract Tower,0,5,50,0,55,0,3,32,0,35,0,8,82,0,90,0,0,0,90
05/31/2000,CGX,IL,AGL,CE,Federal Contract Tower,0,4,43,0,47,0,2,3,0,5,0,6,46,0,52,4,0,4,56
06/01/2000,CGX,IL,AGL,CE,Federal Contract Tower,0,5,46,0,51,0,0,17,0,17,0,5,63,0,68,2,0,2,70
06/02/2000,CGX,IL,AGL,CE,Federal Contract Tower,0,6,61,0,67,0,5,79,0,84,0,11,140,0,151,2,0,2,153
06/03/2000,CGX,IL,AGL,CE,Federal Contract Tower,0,0,21,0,21,0,0,98,2,100,0,0,119,2,121,26,0,26,147
06/04/2000,CGX,IL,AGL,CE,Federal Contract Tower,0,0,44,0,44,0,0,5,0,5,0,0,49,0,49,8,0,8,57
06/05/2000,CGX,IL,AGL,CE,Federal Contract Tower,0,3,25,0,28,0,2,37,0,39,0,5,62,0,67,10,0,10,77
06/06/2000,CGX,IL,AGL,CE,Federal Contract Tower,0,7,71,0,78,0,5,73,0,78,0,12,144,0,156,0,0,0,156
06/07/2000,CGX,IL,AGL,CE,Federal Contract Tower,0,7,65,0,72,0,3,109,0,112,0,10,174,0,184,2,0,2,186
06/08/2000,CGX,IL,AGL,CE,Federal Contract Tower,0,9,85,0,94,0,2,115,0,117,0,11,200,0,211,0,0,0,211
06/09/2000,CGX,IL,AGL,CE,Federal Contract Tower,0,7,63,0,70,0,2,72,0,74,0,9,135,0,144,8,0,8,152
06/10/2000,CGX,IL,AGL,CE,Federal Contract Tower,0,0,30,0,30,0,0,168,0,168,0,0,198,0,198,2,0,2,200
06/11/2000,CGX,IL,AGL,CE,Federal Contract Tower,0,0,39,0,39,0,0,19,0,19,0,0,58,0,58,0,0,0,58
06/12/2000,CGX,IL,AGL,CE,Federal Contract Tower,0,0,8,0,8,0,0,0,0,0,0,0,8,0,8,2,0,2,10
06/13/2000,CGX,IL,AGL,CE,Federal Contract Tower,0,3,26,0,29,0,1,17,0,18,0,4,43,0,47,0,0,0,47
06/14/2000,CGX,IL,AGL,CE,Federal Contract Tower,0,7,74,0,81,0,3,28,0,31,0,10,102,0,112,4,0,4,116
06/15/2000,CGX,IL,AGL,CE,Federal Contract Tower,0,9,92,0,101,0,0,58,0,58,0,9,150,0,159,6,0,6,165
06/16/2000,CGX,IL,AGL,CE,Federal Contract Tower,0,6,71,0,77,0,0,65,0,65,0,6,136,0,142,0,0,0,142
06/17/2000,CGX,IL,AGL,CE,Federal Contract Tower,0,0,32,0,32,0,0,82,0,82,0,0,114,0,114,8,0,8,122
06/18/2000,CGX,IL,AGL,CE,Federal Contract Tower,0,0,52,0,52,0,0,88,0,88,0,0,140,0,140,12,0,12,152
06/19/2000,CGX,IL,AGL,CE,Federal Contract Tower,0,11,128,0,139,0,3,141,0,144,0,14,269,0,283,6,0,6,289
06/20/2000,CGX,IL,AGL,CE,Federal Contract Tower,0,12,145,0,157,0,0,60,0,60,0,12,205,0,217,0,0,0,217
06/21/2000,CGX,IL,AGL,CE,Federal Contract Tower,0,14,151,0,165,0,1,171,0,172,0,15,322,0,337,0,0,0,337
06/22/2000,CGX,IL,AGL,CE,Federal Contract Tower,0,11,169,0,180,0,0,103,0,103,0,11,272,0,283,0,0,0,283
06/23/2000,CGX,IL,AGL,CE,Federal Contract Tower,0,9,106,0,115,0,1,151,0,152,0,10,257,0,267,2,0,2,269
06/24/2000,CGX,IL,AGL,CE,Federal Contract Tower,0,0,13,0,13,0,0,11,0,11,0,0,24,0,24,0,0,0,24
06/25/2000,CGX,IL,AGL,CE,Federal Contract Tower,0,1,26,0,27,0,0,53,0,53,0,1,79,0,80,0,0,0,80
06/26/2000,CGX,IL,AGL,CE,Federal Contract Tower,0,5,55,0,60,0,5,37,0,42,0,10,92,0,102,0,0,0,102
06/27/2000,CGX,IL,AGL,CE,Federal Contract Tower,0,4,52,0,56,0,5,78,0,83,0,9,130,0,139,46,0,46,185
06/28/2000,CGX,IL,AGL,CE,Federal Contract Tower,0,7,76,0,83,0,1,35,0,36,0,8,111,0,119,0,0,0,119
06/29/2000,CGX,IL,AGL,CE,Federal Contract Tower,0,7,84,0,91,0,3,84,0,87,0,10,168,0,178,0,0,0,178
06/30/2000,CGX,IL,AGL,CE,Federal Contract Tower,0,6,73,0,79,0,4,103,0,107,0,10,176,0,186,2,0,2,188
07/01/2000,CGX,IL,AGL,CE,Federal Contract Tower,0,0,32,0,32,0,0,82,0,82,0,0,114,0,114,0,0,0,114
07/02/2000,CGX,IL,AGL,CE,Federal Contract Tower,0,0,33,0,33,0,0,44,0,44,0,0,77,0,77,0,0,0,77
07/03/2000,CGX,IL,AGL,CE,Federal Contract Tower,0,0,20,0,20,0,0,6,0,6,0,0,26,0,26,0,0,0,26
07/04/2000,CGX,IL,AGL,CE,Federal Contract Tower,0,2,27,0,29,0,0,2,0,2,0,2,29,0,31,0,0,0,31
07/05/2000,CGX,IL,AGL,CE,Federal Contract Tower,0,7,59,0,66,0,3,77,0,80,0,10,136,0,146,0,0,0,146
07/06/2000,CGX,IL,AGL,CE,Federal Contract Tower,0,6,43,0,49,0,4,38,0,42,0,10,81,0,91,0,0,0,91
07/07/2000,CGX,IL,AGL,CE,Federal Contract Tower,0,6,46,0,52,0,2,87,0,89,0,8,133,0,141,0,0,0,141
07/08/2000,CGX,IL,AGL,CE,Federal Contract Tower,0,0,23,0,23,0,0,192,0,192,0,0,215,0,215,6,0,6,221
07/09/2000,CGX,IL,AGL,CE,Federal Contract Tower,0,0,29,0,29,0,0,42,0,42,0,0,71,0,71,4,0,4,75
07/10/2000,CGX,IL,AGL,CE,Federal Contract Tower,0,0,28,0,28,0,0,39,0,39,0,0,67,0,67,0,0,0,67
07/11/2000,CGX,IL,AGL,CE,Federal Contract Tower,0,3,25,0,28,0,2,30,0,32,0,5,55,0,60,0,0,0,60
07/12/2000,CGX,IL,AGL,CE,Federal Contract Tower,0,5,53,0,58,0,0,71,0,71,0,5,124,0,129,0,0,0,129
07/13/2000,CGX,IL,AGL,CE,Federal Contract Tower,0,7,54,0,61,0,3,76,0,79,0,10,130,0,140,0,0,0,140
07/14/2000,CGX,IL,AGL,CE,Federal Contract Tower,0,9,67,0,76,0,1,87,0,88,0,10,154,0,164,0,0,0,164
07/15/2000,CGX,IL,AGL,CE,Federal Contract Tower,0,0,33,0,33,0,0,63,0,63,0,0,96,0,96,10,0,10,106
07/16/2000,CGX,IL,AGL,CE,Federal Contract Tower,0,2,53,0,55,0,0,80,0,80,0,2,133,0,135,0,0,0,135
07/17/2000,CGX,IL,AGL,CE,Federal Contract Tower,0,8,64,0,72,0,3,49,0,52,0,11,113,0,124,0,0,0,124
07/18/2000,CGX,IL,AGL,CE,Federal Contract Tower,0,7,60,0,67,0,1,84,0,85,0,8,144,0,152,0,0,0,152
07/19/2000,CGX,IL,AGL,CE,Federal Contract Tower,0,8,69,0,77,0,6,68,0,74,0,14,137,0,151,0,0,0,151
07/20/2000,CGX,IL,AGL,CE,Federal Contract Tower,0,10,85,0,95,0,2,93,0,95,0,12,178,0,190,4,0,4,194
07/21/2000,CGX,IL,AGL,CE,Federal Contract Tower,0,9,85,0,94,0,3,107,0,110,0,12,192,0,204,4,0,4,208
07/22/2000,CGX,IL,AGL,CE,Federal Contract Tower,0,3,30,0,33,0,1,69,0,70,0,4,99,0,103,0,0,0,103
07/23/2000,CGX,IL,AGL,CE,Federal Contract Tower,0,1,31,0,32,0,0,80,0,80,0,1,111,0,112,0,0,0,112
07/24/2000,CGX,IL,AGL,CE,Federal Contract Tower,0,7,66,0,73,0,12,127,0,139,0,19,193,0,212,0,0,0,212
07/25/2000,CGX,IL,AGL,CE,Federal Contract Tower,0,8,77,0,85,0,3,112,0,115,0,11,189,0,200,2,0,2,202
07/26/2000,CGX,IL,AGL,CE,Federal Contract Tower,0,6,55,0,61,0,6,64,0,70,0,12,119,0,131,2,0,2,133
07/27/2000,CGX,IL,AGL,CE,Federal Contract Tower,0,8,76,0,84,0,2,63,0,65,0,10,139,0,149,0,0,0,149
07/28/2000,CGX,IL,AGL,CE,Federal Contract Tower,0,10,92,0,102,0,4,49,0,53,0,14,141,0,155,0,0,0,155
07/29/2000,CGX,IL,AGL,CE,Federal Contract Tower,0,0,24,0,24,0,0,16,0,16,0,0,40,0,40,0,0,0,40
07/30/2000,CGX,IL,AGL,CE,Federal Contract Tower,0,0,41,0,41,0,0,9,0,9,0,0,50,0,50,0,0,0,50
07/31/2000,CGX,IL,AGL,CE,Federal Contract Tower,0,4,53,0,57,0,0,4,0,4,0,4,57,0,61,2,0,2,63
08/01/2000,CGX,IL,AGL,CE,Federal Contract Tower,0,10,69,0,79,0,4,45,0,49,0,14,114,0,128,0,2,2,130
08/02/2000,CGX,IL,AGL,CE,Federal Contract Tower,0,8,76,0,84,0,0,33,0,33,0,8,109,0,117,0,0,0,117
08/03/2000,CGX,IL,AGL,CE,Federal Contract Tower,0,8,79,0,87,0,0,98,0,98,0,8,177,0,185,0,0,0,185
08/04/2000,CGX,IL,AGL,CE,Federal Contract Tower,0,10,76,0,86,0,3,134,0,137,0,13,210,0,223,0,0,0,223
08/05/2000,CGX,IL,AGL,CE,Federal Contract Tower,0,0,17,0,17,0,0,154,0,154,0,0,171,0,171,0,0,0,171
08/06/2000,CGX,IL,AGL,CE,Federal Contract Tower,0,0,23,0,23,0,0,29,0,29,0,0,52,0,52,0,0,0,52
08/07/2000,CGX,IL,AGL,CE,Federal Contract Tower,0,8,63,0,71,0,3,75,0,78,0,11,138,0,149,0,0,0,149
08/08/2000,CGX,IL,AGL,CE,Federal Contract Tower,0,8,62,0,70,0,2,41,0,43,0,10,103,0,113,0,0,0,113
08/09/2000,CGX,IL,AGL,CE,Federal Contract Tower,0,8,59,0,67,0,4,46,0,50,0,12,105,0,117,0,0,0,117
08/10/2000,CGX,IL,AGL,CE,Federal Contract Tower,0,11,80,0,91,0,4,87,0,91,0,15,167,0,182,0,0,0,182
08/11/2000,CGX,IL,AGL,CE,Federal Contract Tower,0,8,58,0,66,0,3,82,0,85,0,11,140,0,151,0,0,0,151
08/12/2000,CGX,IL,AGL,CE,Federal Contract Tower,0,0,36,0,36,0,0,148,0,148,0,0,184,0,184,0,0,0,184
08/13/2000,CGX,IL,AGL,CE,Federal Contract Tower,0,2,53,0,55,0,0,68,0,68,0,2,121,0,123,0,0,0,123
08/14/2000,CGX,IL,AGL,CE,Federal Contract Tower,0,10,77,0,87,0,0,88,0,88,0,10,165,0,175,0,0,0,175
08/15/2000,CGX,IL,AGL,CE,Federal Contract Tower,0,14,104,1,119,0,3,101,0,104,0,17,205,1,223,0,0,0,223
08/16/2000,CGX,IL,AGL,CE,Federal Contract Tower,0,14,109,0,123,0,0,132,0,132,0,14,241,0,255,0,0,0,255
08/17/2000,CGX,IL,AGL,CE,Federal Contract Tower,0,5,46,2,53,0,0,97,5,102,0,5,143,7,155,18,0,18,173
08/18/2000,CGX,IL,AGL,CE,Federal Contract Tower,0,6,48,0,54,0,2,135,0,137,0,8,183,0,191,0,0,0,191
08/19/2000,CGX,IL,AGL,CE,Federal Contract Tower,0,0,31,0,31,0,0,166,23,189,0,0,197,23,220,0,0,0,220
08/20/2000,CGX,IL,AGL,CE,Federal Contract Tower,0,1,15,0,16,0,0,130,0,130,0,1,145,0,146,0,0,0,146
08/21/2000,CGX,IL,AGL,CE,Federal Contract Tower,0,7,57,1,65,0,6,48,6,60,0,13,105,7,125,0,0,0,125
08/22/2000,CGX,IL,AGL,CE,Federal Contract Tower,0,5,39,0,44,0,3,24,0,27,0,8,63,0,71,0,0,0,71
08/23/2000,CGX,IL,AGL,CE,Federal Contract Tower,0,5,36,0,41,0,2,21,0,23,0,7,57,0,64,0,0,0,64
08/24/2000,CGX,IL,AGL,CE,Federal Contract Tower,0,8,63,0,71,0,1,45,0,46,0,9,108,0,117,0,0,0,117
08/25/2000,CGX,IL,AGL,CE,Federal Contract Tower,0,8,64,0,72,0,5,110,0,115,0,13,174,0,187,0,0,0,187
08/26/2000,CGX,IL,AGL,CE,Federal Contract Tower,0,0,43,0,43,0,0,10,0,10,0,0,53,0,53,0,0,0,53
08/27/2000,CGX,IL,AGL,CE,Federal Contract Tower,0,0,46,0,46,0,0,77,0,77,0,0,123,0,123,0,0,0,123
08/28/2000,CGX,IL,AGL,CE,Federal Contract Tower,0,6,42,0,48,0,4,48,0,52,0,10,90,0,100,0,0,0,100
08/29/2000,CGX,IL,AGL,CE,Federal Contract Tower,0,6,49,0,55,0,2,44,0,46,0,8,93,0,101,0,0,0,101
08/30/2000,CGX,IL,AGL,CE,Federal Contract Tower,0,2,18,0,20,0,1,6,0,7,0,3,24,0,27,0,0,0,27
08/31/2000,CGX,IL,AGL,CE,Federal Contract Tower,0,10,71,0,81,0,3,71,0,74,0,13,142,0,155,2,0,2,157
09/01/2000,CGX,IL,AGL,CE,Federal Contract Tower,0,7,71,0,78,0,8,49,0,57,0,15,120,0,135,2,0,2,137
09/02/2000,CGX,IL,AGL,CE,Federal Contract Tower,0,1,23,0,24,0,0,31,0,31,0,1,54,0,55,0,0,0,55
09/03/2000,CGX,IL,AGL,CE,Federal Contract Tower,0,0,20,0,20,0,0,35,0,35,0,0,55,0,55,0,0,0,55
09/04/2000,CGX,IL,AGL,CE,Federal Contract Tower,0,0,31,0,31,0,0,28,0,28,0,0,59,0,59,0,0,0,59
09/05/2000,CGX,IL,AGL,CE,Federal Contract Tower,0,6,59,0,65,0,4,50,0,54,0,10,109,0,119,0,0,0,119
09/06/2000,CGX,IL,AGL,CE,Federal Contract Tower,0,9,115,0,124,0,0,145,0,145,0,9,260,0,269,0,0,0,269
09/07/2000,CGX,IL,AGL,CE,Federal Contract Tower,0,9,147,0,156,0,0,91,0,91,0,9,238,0,247,0,0,0,247
09/08/2000,CGX,IL,AGL,CE,Federal Contract Tower,0,10,163,0,173,0,0,132,0,132,0,10,295,0,305,0,0,0,305
09/09/2000,CGX,IL,AGL,CE,Federal Contract Tower,0,1,78,0,79,0,0,54,0,54,0,1,132,0,133,0,0,0,133
09/10/2000,CGX,IL,AGL,CE,Federal Contract Tower,0,0,81,0,81,0,0,33,0,33,0,0,114,0,114,0,0,0,114
09/11/2000,CGX,IL,AGL,CE,Federal Contract Tower,0,1,81,0,82,0,0,23,0,23,0,1,104,0,105,0,0,0,105
09/12/2000,CGX,IL,AGL,CE,Federal Contract Tower,0,7,123,0,130,0,0,126,0,126,0,7,249,0,256,4,0,4,260
09/13/2000,CGX,IL,AGL,CE,Federal Contract Tower,0,10,110,0,120,0,0,115,0,115,0,10,225,0,235,2,0,2,237
09/14/2000,CGX,IL,AGL,CE,Federal Contract Tower,0,8,81,0,89,0,4,38,0,42,0,12,119,0,131,4,0,4,135
09/15/2000,CGX,IL,AGL,CE,Federal Contract Tower,0,6,78,0,84,0,10,95,0,105,0,16,173,0,189,0,0,0,189
09/16/2000,CGX,IL,AGL,CE,Federal Contract Tower,0,0,34,0,34,0,0,295,0,295,0,0,329,0,329,2,0,2,331
09/17/2000,CGX,IL,AGL,CE,Federal Contract Tower,0,0,47,0,47,0,0,107,0,107,0,0,154,0,154,0,0,0,154
09/18/2000,CGX,IL,AGL,CE,Federal Contract Tower,0,4,55,0,59,0,1,30,0,31,0,5,85,0,90,0,0,0,90
09/19/2000,CGX,IL,AGL,CE,Federal Contract Tower,0,8,96,0,104,0,2,85,0,87,0,10,181,0,191,0,0,0,191
09/20/2000,CGX,IL,AGL,CE,Federal Contract Tower,0,6,80,0,86,0,2,38,0,40,0,8,118,0,126,10,0,10,136
09/21/2000,CGX,IL,AGL,CE,Federal Contract Tower,0,6,74,0,80,0,4,55,2,61,0,10,129,2,141,38,0,38,179
09/22/2000,CGX,IL,AGL,CE,Federal Contract Tower,0,5,59,0,64,0,7,32,0,39,0,12,91,0,103,0,0,0,103
09/23/2000,CGX,IL,AGL,CE,Federal Contract Tower,0,2,35,0,37,0,0,12,0,12,0,2,47,0,49,10,0,10,59
09/24/2000,CGX,IL,AGL,CE,Federal Contract Tower,0,2,50,0,52,0,0,55,0,55,0,2,105,0,107,0,0,0,107
09/25/2000,CGX,IL,AGL,CE,Federal Contract Tower,0,6,76,0,82,0,6,72,0,78,0,12,148,0,160,24,0,24,184
09/26/2000,CGX,IL,AGL,CE,Federal Contract Tower,0,3,46,0,49,0,7,79,0,86,0,10,125,0,135,0,0,0,135
09/27/2000,CGX,IL,AGL,CE,Federal Contract Tower,0,7,89,0,96,0,3,85,0,88,0,10,174,0,184,0,0,0,184
09/28/2000,CGX,IL,AGL,CE,Federal Contract Tower,0,5,63,0,68,0,5,99,0,104,0,10,162,0,172,24,0,24,196
09/29/2000,CGX,IL,AGL,CE,Federal Contract Tower,0,5,69,0,74,0,5,78,0,83,0,10,147,0,157,14,0,14,171
09/30/2000,CGX,IL,AGL,CE,Federal Contract Tower,0,0,25,0,25,0,0,92,0,92,0,0,117,0,117,32,0,32,149
10/01/2000,CGX,IL,AGL,CE,Federal Contract Tower,0,0,28,0,28,0,0,65,0,65,0,0,93,0,93,20,0,20,113
10/02/2000,CGX,IL,AGL,CE,Federal Contract Tower,0,8,67,0,75,0,0,67,0,67,0,8,134,0,142,0,0,0,142
10/03/2000,CGX,IL,AGL,CE,Federal Contract Tower,0,8,55,0,63,0,0,79,0,79,0,8,134,0,142,0,0,0,142
10/04/2000,CGX,IL,AGL,CE,Federal Contract Tower,0,8,54,0,62,0,4,55,0,59,0,12,109,0,121,0,0,0,121
10/05/2000,CGX,IL,AGL,CE,Federal Contract Tower,0,7,46,0,53,0,1,28,0,29,0,8,74,0,82,0,0,0,82
10/06/2000,CGX,IL,AGL,CE,Federal Contract Tower,0,8,59,0,67,0,9,36,0,45,0,17,95,0,112,0,0,0,112
10/07/2000,CGX,IL,AGL,CE,Federal Contract Tower,0,2,21,0,23,0,0,38,0,38,0,2,59,0,61,0,0,0,61
10/08/2000,CGX,IL,AGL,CE,Federal Contract Tower,0,3,37,0,40,0,0,44,0,44,0,3,81,0,84,0,0,0,84
10/09/2000,CGX,IL,AGL,CE,Federal Contract Tower,0,3,17,0,20,0,0,49,0,49,0,3,66,0,69,0,0,0,69
10/10/2000,CGX,IL,AGL,CE,Federal Contract Tower,0,9,60,0,69,0,2,53,0,55,0,11,113,0,124,0,0,0,124
10/11/2000,CGX,IL,AGL,CE,Federal Contract Tower,0,11,82,0,93,0,4,71,0,75,0,15,153,0,168,0,0,0,168
10/12/2000,CGX,IL,AGL,CE,Federal Contract Tower,0,10,71,0,81,0,3,61,0,64,0,13,132,0,145,2,0,2,147
10/13/2000,CGX,IL,AGL,CE,Federal Contract Tower,0,9,72,0,81,0,0,89,0,89,0,9,161,0,170,2,0,2,172
10/14/2000,CGX,IL,AGL,CE,Federal Contract Tower,0,5,37,0,42,0,0,208,0,208,0,5,245,0,250,12,0,12,262
10/15/2000,CGX,IL,AGL,CE,Federal Contract Tower,0,3,72,0,75,0,0,16,0,16,0,3,88,0,91,0,0,0,91
10/16/2000,CGX,IL,AGL,CE,Federal Contract Tower,0,5,30,0,35,0,1,37,0,38,0,6,67,0,73,0,0,0,73
10/17/2000,CGX,IL,AGL,CE,Federal Contract Tower,0,6,74,0,80,0,0,40,0,40,0,6,114,0,120,0,0,0,120
10/18/2000,CGX,IL,AGL,CE,Federal Contract Tower,0,7,64,0,71,0,0,56,0,56,0,7,120,0,127,18,0,18,145
10/19/2000,CGX,IL,AGL,CE,Federal Contract Tower,0,8,68,0,76,0,5,62,0,67,0,13,130,0,143,12,0,12,155
10/20/2000,CGX,IL,AGL,CE,Federal Contract Tower,0,8,63,0,71,0,2,68,0,70,0,10,131,0,141,8,0,8,149
10/21/2000,CGX,IL,AGL,CE,Federal Contract Tower,0,2,37,0,39,0,0,110,0,110,0,2,147,0,149,8,0,8,157
10/22/2000,CGX,IL,AGL,CE,Federal Contract Tower,0,2,60,0,62,0,0,73,0,73,0,2,133,0,135,0,0,0,135
10/23/2000,CGX,IL,AGL,CE,Federal Contract Tower,0,7,58,0,65,0,9,0,0,9,0,16,58,0,74,0,0,0,74
10/24/2000,CGX,IL,AGL,CE,Federal Contract Tower,0,0,13,0,13,0,0,1,0,1,0,0,14,0,14,0,0,0,14
10/25/2000,CGX,IL,AGL,CE,Federal Contract Tower,0,4,33,0,37,0,0,4,0,4,0,4,37,0,41,0,0,0,41
10/26/2000,CGX,IL,AGL,CE,Federal Contract Tower,0,8,61,0,69,0,2,28,0,30,0,10,89,0,99,0,0,0,99
10/27/2000,CGX,IL,AGL,CE,Federal Contract Tower,0,8,69,0,77,0,2,36,0,38,0,10,105,0,115,0,0,0,115
10/28/2000,CGX,IL,AGL,CE,Federal Contract Tower,0,0,32,0,32,0,0,54,0,54,0,0,86,0,86,6,0,6,92
10/29/2000,CGX,IL,AGL,CE,Federal Contract Tower,0,1,33,0,34,0,0,47,0,47,0,1,80,0,81,0,0,0,81
10/30/2000,CGX,IL,AGL,CE,Federal Contract Tower,0,5,40,0,45,0,7,49,1,57,0,12,89,1,102,12,0,12,114
10/31/2000,CGX,IL,AGL,CE,Federal Contract Tower,0,5,43,0,48,0,7,91,2,100,0,12,134,2,148,10,0,10,158
11/01/2000,CGX,IL,AGL,CE,Federal Contract Tower,0,11,77,0,88,0,2,73,0,75,0,13,150,0,163,0,0,0,163
11/02/2000,CGX,IL,AGL,CE,Federal Contract Tower,0,10,73,0,83,0,0,37,0,37,0,10,110,0,120,14,0,14,134
11/03/2000,CGX,IL,AGL,CE,Federal Contract Tower,0,11,77,0,88,0,3,64,0,67,0,14,141,0,155,0,0,0,155
11/04/2000,CGX,IL,AGL,CE,Federal Contract Tower,0,6,42,0,48,0,0,66,2,68,0,6,108,2,116,8,0,8,124
11/05/2000,CGX,IL,AGL,CE,Federal Contract Tower,0,2,59,0,61,0,0,83,0,83,0,2,142,0,144,2,0,2,146
11/06/2000,CGX,IL,AGL,CE,Federal Contract Tower,0,7,63,0,70,0,0,28,0,28,0,7,91,0,98,0,0,0,98
11/07/2000,CGX,IL,AGL,CE,Federal Contract Tower,0,3,75,0,78,0,0,41,0,41,0,3,116,0,119,0,0,0,119
11/08/2000,CGX,IL,AGL,CE,Federal Contract Tower,0,10,88,0,98,0,0,54,0,54,0,10,142,0,152,0,0,0,152
11/09/2000,CGX,IL,AGL,CE,Federal Contract Tower,0,1,24,0,25,0,0,7,0,7,0,1,31,0,32,0,0,0,32
11/10/2000,CGX,IL,AGL,CE,Federal Contract Tower,0,3,54,0,57,0,0,48,0,48,0,3,102,0,105,0,0,0,105
11/11/2000,CGX,IL,AGL,CE,Federal Contract Tower,0,2,31,0,33,0,0,142,0,142,0,2,173,0,175,2,0,2,177
11/12/2000,CGX,IL,AGL,CE,Federal Contract Tower,0,1,29,0,30,0,0,23,0,23,0,1,52,0,53,2,0,2,55
11/13/2000,CGX,IL,AGL,CE,Federal Contract Tower,0,7,55,0,62,0,4,20,0,24,0,11,75,0,86,4,0,4,90
11/14/2000,CGX,IL,AGL,CE,Federal Contract Tower,0,6,54,0,60,0,6,11,0,17,0,12,65,0,77,0,0,0,77
11/15/2000,CGX,IL,AGL,CE,Federal Contract Tower,0,7,59,0,66,0,4,32,0,36,0,11,91,0,102,0,0,0,102
11/16/2000,CGX,IL,AGL,CE,Federal Contract Tower,0,4,32,0,36,0,3,13,0,16,0,7,45,0,52,0,0,0,52
11/17/2000,CGX,IL,AGL,CE,Federal Contract Tower,0,7,61,0,68,0,2,23,0,25,0,9,84,0,93,0,0,0,93
11/18/2000,CGX,IL,AGL,CE,Federal Contract Tower,0,1,11,0,12,0,0,42,0,42,0,1,53,0,54,24,0,24,78
11/19/2000,CGX,IL,AGL,CE,Federal Contract Tower,0,1,33,0,34,0,0,26,0,26,0,1,59,0,60,10,0,10,70
11/20/2000,CGX,IL,AGL,CE,Federal Contract Tower,0,3,30,0,33,0,5,18,0,23,0,8,48,0,56,0,0,0,56
11/21/2000,CGX,IL,AGL,CE,Federal Contract Tower,0,5,44,0,49,0,3,33,0,36,0,8,77,0,85,0,0,0,85
11/22/2000,CGX,IL,AGL,CE,Federal Contract Tower,0,7,54,0,61,0,3,74,0,77,0,10,128,0,138,0,0,0,138
11/23/2000,CGX,IL,AGL,CE,Federal Contract Tower,0,0,8,0,8,0,0,36,0,36,0,0,44,0,44,0,0,0,44
11/24/2000,CGX,IL,AGL,CE,Federal Contract Tower,0,2,25,0,27,0,0,65,0,65,0,2,90,0,92,0,0,0,92
11/25/2000,CGX,IL,AGL,CE,Federal Contract Tower,0,0,17,0,17,0,0,23,0,23,0,0,40,0,40,0,0,0,40
11/26/2000,CGX,IL,AGL,CE,Federal Contract Tower,0,0,12,0,12,0,0,1,0,1,0,0,13,0,13,6,0,6,19
11/27/2000,CGX,IL,AGL,CE,Federal Contract Tower,0,3,50,0,53,0,0,7,2,9,0,3,57,2,62,0,0,0,62
11/28/2000,CGX,IL,AGL,CE,Federal Contract Tower,0,7,59,0,66,0,5,11,0,16,0,12,70,0,82,30,0,30,112
11/29/2000,CGX,IL,AGL,CE,Federal Contract Tower,0,6,48,0,54,0,4,4,0,8,0,10,52,0,62,0,0,0,62
11/30/2000,CGX,IL,AGL,CE,Federal Contract Tower,0,9,71,0,80,0,2,14,0,16,0,11,85,0,96,0,0,0,96
12/01/2000,CGX,IL,AGL,CE,Federal Contract Tower,0,2,36,0,38,0,0,20,0,20,0,2,56,0,58,0,0,0,58
12/02/2000,CGX,IL,AGL,CE,Federal Contract Tower,0,0,25,0,25,0,0,21,0,21,0,0,46,0,46,0,0,0,46
12/03/2000,CGX,IL,AGL,CE,Federal Contract Tower,0,0,40,0,40,0,0,56,0,56,0,0,96,0,96,2,0,2,98
12/04/2000,CGX,IL,AGL,CE,Federal Contract Tower,0,7,54,0,61,0,1,25,2,28,0,8,79,2,89,22,0,22,111
12/05/2000,CGX,IL,AGL,CE,Federal Contract Tower,0,7,56,0,63,0,1,31,0,32,0,8,87,0,95,0,0,0,95
12/06/2000,CGX,IL,AGL,CE,Federal Contract Tower,0,8,64,0,72,0,5,23,0,28,0,13,87,0,100,0,0,0,100
12/07/2000,CGX,IL,AGL,CE,Federal Contract Tower,0,2,9,0,11,0,1,0,0,1,0,3,9,0,12,0,0,0,12
12/08/2000,CGX,IL,AGL,CE,Federal Contract Tower,0,7,60,0,67,0,4,20,0,24,0,11,80,0,91,0,0,0,91
12/09/2000,CGX,IL,AGL,CE,Federal Contract Tower,0,2,28,0,30,0,0,106,0,106,0,2,134,0,136,0,0,0,136
12/10/2000,CGX,IL,AGL,CE,Federal Contract Tower,0,1,25,0,26,0,0,5,0,5,0,1,30,0,31,0,0,0,31
12/11/2000,CGX,IL,AGL,CE,Federal Contract Tower,0,0,0,0,0,0,0,0,0,0,0,0,0,0,0,0,0,0,0
12/12/2000,CGX,IL,AGL,CE,Federal Contract Tower,0,0,8,0,8,0,0,12,0,12,0,0,20,0,20,0,0,0,20
12/13/2000,CGX,IL,AGL,CE,Federal Contract Tower,0,2,11,0,13,0,0,12,0,12,0,2,23,0,25,0,0,0,25
12/14/2000,CGX,IL,AGL,CE,Federal Contract Tower,0,6,49,0,55,0,2,20,0,22,0,8,69,0,77,0,0,0,77
12/15/2000,CGX,IL,AGL,CE,Federal Contract Tower,0,0,5,0,5,0,0,1,0,1,0,0,6,0,6,0,0,0,6
12/16/2000,CGX,IL,AGL,CE,Federal Contract Tower,0,0,4,0,4,0,0,1,0,1,0,0,5,0,5,0,0,0,5
12/17/2000,CGX,IL,AGL,CE,Federal Contract Tower,0,0,14,0,14,0,0,3,0,3,0,0,17,0,17,0,0,0,17
12/18/2000,CGX,IL,AGL,CE,Federal Contract Tower,0,2,17,0,19,0,2,6,0,8,0,4,23,0,27,0,0,0,27
12/19/2000,CGX,IL,AGL,CE,Federal Contract Tower,0,3,34,0,37,0,3,5,0,8,0,6,39,0,45,0,0,0,45
12/20/2000,CGX,IL,AGL,CE,Federal Contract Tower,0,2,22,0,24,0,2,11,0,13,0,4,33,0,37,0,0,0,37
12/21/2000,CGX,IL,AGL,CE,Federal Contract Tower,0,1,18,0,19,0,1,4,0,5,0,2,22,0,24,0,0,0,24
12/22/2000,CGX,IL,AGL,CE,Federal Contract Tower,0,3,28,0,31,0,2,8,0,10,0,5,36,0,41,0,0,0,41
12/23/2000,CGX,IL,AGL,CE,Federal Contract Tower,0,0,6,0,6,0,0,8,0,8,0,0,14,0,14,0,0,0,14
12/24/2000,CGX,IL,AGL,CE,Federal Contract Tower,0,0,2,0,2,0,0,8,0,8,0,0,10,0,10,16,0,16,26
12/25/2000,CGX,IL,AGL,CE,Federal Contract Tower,0,0,2,0,2,0,0,2,0,2,0,0,4,0,4,0,0,0,4
12/26/2000,CGX,IL,AGL,CE,Federal Contract Tower,0,0,7,0,7,0,0,1,0,1,0,0,8,0,8,2,0,2,10
12/27/2000,CGX,IL,AGL,CE,Federal Contract Tower,0,0,22,0,22,0,0,3,0,3,0,0,25,0,25,0,0,0,25
12/28/2000,CGX,IL,AGL,CE,Federal Contract Tower,0,0,15,0,15,0,0,18,0,18,0,0,33,0,33,0,0,0,33
12/29/2000,CGX,IL,AGL,CE,Federal Contract Tower,0,0,3,0,3,0,0,0,0,0,0,0,3,0,3,0,0,0,3
12/30/2000,CGX,IL,AGL,CE,Federal Contract Tower,0,0,5,0,5,0,0,0,0,0,0,0,5,0,5,0,0,0,5
12/31/2000,CGX,IL,AGL,CE,Federal Contract Tower,0,0,8,0,8,0,0,4,0,4,0,0,12,0,12,0,0,0,12
01/01/2001,CGX,IL,AGL,CE,Federal Contract Tower,0,0,6,0,6,0,0,12,0,12,0,0,18,0,18,0,0,0,18
01/02/2001,CGX,IL,AGL,CE,Federal Contract Tower,0,6,22,0,28,0,1,13,0,14,0,7,35,0,42,0,0,0,42
01/03/2001,CGX,IL,AGL,CE,Federal Contract Tower,0,3,5,0,8,0,1,0,0,1,0,4,5,0,9,0,0,0,9
01/04/2001,CGX,IL,AGL,CE,Federal Contract Tower,0,6,30,0,36,0,0,27,0,27,0,6,57,0,63,4,0,4,67
01/05/2001,CGX,IL,AGL,CE,Federal Contract Tower,0,7,25,0,32,0,7,14,0,21,0,14,39,0,53,8,0,8,61
01/06/2001,CGX,IL,AGL,CE,Federal Contract Tower,0,0,8,0,8,0,0,22,8,30,0,0,30,8,38,2,0,2,40
01/07/2001,CGX,IL,AGL,CE,Federal Contract Tower,0,1,15,0,16,0,0,12,0,12,0,1,27,0,28,0,0,0,28
01/08/2001,CGX,IL,AGL,CE,Federal Contract Tower,0,7,38,0,45,0,3,29,0,32,0,10,67,0,77,0,0,0,77
01/09/2001,CGX,IL,AGL,CE,Federal Contract Tower,0,9,48,0,57,0,5,26,14,45,0,14,74,14,102,0,0,0,102
01/10/2001,CGX,IL,AGL,CE,Federal Contract Tower,0,9,44,0,53,0,3,40,0,43,0,12,84,0,96,2,0,2,98
01/11/2001,CGX,IL,AGL,CE,Federal Contract Tower,0,9,44,0,53,0,1,34,2,37,0,10,78,2,90,4,2,6,96
01/12/2001,CGX,IL,AGL,CE,Federal Contract Tower,0,6,40,0,46,0,0,6,0,6,0,6,46,0,52,0,0,0,52
01/13/2001,CGX,IL,AGL,CE,Federal Contract Tower,0,0,5,0,5,0,0,2,0,2,0,0,7,0,7,0,0,0,7
01/14/2001,CGX,IL,AGL,CE,Federal Contract Tower,0,0,3,0,3,0,0,0,0,0,0,0,3,0,3,0,0,0,3
01/15/2001,CGX,IL,AGL,CE,Federal Contract Tower,0,0,8,0,8,0,0,1,0,1,0,0,9,0,9,16,0,16,25
01/16/2001,CGX,IL,AGL,CE,Federal Contract Tower,0,6,31,0,37,0,2,9,0,11,0,8,40,0,48,0,0,0,48
01/17/2001,CGX,IL,AGL,CE,Federal Contract Tower,0,10,49,0,59,0,0,12,0,12,0,10,61,0,71,0,0,0,71
01/18/2001,CGX,IL,AGL,CE,Federal Contract Tower,0,8,42,0,50,0,6,8,0,14,0,14,50,0,64,0,0,0,64
01/19/2001,CGX,IL,AGL,CE,Federal Contract Tower,0,9,48,0,57,0,1,7,0,8,0,10,55,0,65,0,0,0,65
01/20/2001,CGX,IL,AGL,CE,Federal Contract Tower,0,1,18,0,19,0,0,16,0,16,0,1,34,0,35,10,0,10,45
01/21/2001,CGX,IL,AGL,CE,Federal Contract Tower,0,1,32,0,33,0,0,30,0,30,0,1,62,0,63,0,0,0,63
01/22/2001,CGX,IL,AGL,CE,Federal Contract Tower,0,8,41,0,49,0,2,24,0,26,0,10,65,0,75,0,0,0,75
01/23/2001,CGX,IL,AGL,CE,Federal Contract Tower,0,7,38,0,45,0,1,28,0,29,0,8,66,0,74,0,0,0,74
01/24/2001,CGX,IL,AGL,CE,Federal Contract Tower,0,11,55,0,66,0,3,22,0,25,0,14,77,0,91,0,0,0,91
01/25/2001,CGX,IL,AGL,CE,Federal Contract Tower,0,6,47,0,53,0,0,52,0,52,0,6,99,0,105,0,2,2,107
01/26/2001,CGX,IL,AGL,CE,Federal Contract Tower,0,0,7,0,7,0,0,3,0,3,0,0,10,0,10,0,0,0,10
01/27/2001,CGX,IL,AGL,CE,Federal Contract Tower,0,1,22,0,23,0,0,44,0,44,0,1,66,0,67,2,0,2,69
01/28/2001,CGX,IL,AGL,CE,Federal Contract Tower,0,2,22,0,24,0,0,11,0,11,0,2,33,0,35,0,0,0,35
01/29/2001,CGX,IL,AGL,CE,Federal Contract Tower,0,2,10,0,12,0,1,10,0,11,0,3,20,0,23,0,0,0,23
01/30/2001,CGX,IL,AGL,CE,Federal Contract Tower,0,2,10,0,12,0,0,2,0,2,0,2,12,0,14,0,0,0,14
01/31/2001,CGX,IL,AGL,CE,Federal Contract Tower,0,7,37,0,44,0,1,7,0,8,0,8,44,0,52,0,0,0,52
02/01/2001,CGX,IL,AGL,CE,Federal Contract Tower,0,6,35,0,41,0,2,9,0,11,0,8,44,0,52,0,0,0,52
02/02/2001,CGX,IL,AGL,CE,Federal Contract Tower,0,6,36,0,42,0,2,32,0,34,0,8,68,0,76,0,0,0,76
02/03/2001,CGX,IL,AGL,CE,Federal Contract Tower,0,0,18,0,18,0,0,18,0,18,0,0,36,0,36,2,0,2,38
02/04/2001,CGX,IL,AGL,CE,Federal Contract Tower,0,0,14,0,14,0,0,3,0,3,0,0,17,0,17,0,0,0,17
02/05/2001,CGX,IL,AGL,CE,Federal Contract Tower,0,6,32,0,38,0,2,11,0,13,0,8,43,0,51,0,0,0,51
02/06/2001,CGX,IL,AGL,CE,Federal Contract Tower,0,7,42,0,49,0,3,25,0,28,0,10,67,0,77,0,0,0,77
02/07/2001,CGX,IL,AGL,CE,Federal Contract Tower,0,4,19,0,23,0,2,20,0,22,0,6,39,0,45,14,0,14,59
02/08/2001,CGX,IL,AGL,CE,Federal Contract Tower,0,3,15,0,18,0,1,3,0,4,0,4,18,0,22,0,0,0,22
02/09/2001,CGX,IL,AGL,CE,Federal Contract Tower,0,0,6,0,6,0,0,3,0,3,0,0,9,0,9,0,0,0,9
02/10/2001,CGX,IL,AGL,CE,Federal Contract Tower,0,0,8,0,8,0,0,42,0,42,0,0,50,0,50,6,0,6,56
02/11/2001,CGX,IL,AGL,CE,Federal Contract Tower,0,0,17,0,17,0,0,38,0,38,0,0,55,0,55,0,0,0,55
02/12/2001,CGX,IL,AGL,CE,Federal Contract Tower,0,3,41,0,44,0,0,34,0,34,0,3,75,0,78,0,0,0,78
02/13/2001,CGX,IL,AGL,CE,Federal Contract Tower,0,8,75,0,83,0,0,22,0,22,0,8,97,0,105,0,2,2,107
02/14/2001,CGX,IL,AGL,CE,Federal Contract Tower,0,0,4,0,4,0,2,0,0,2,0,2,4,0,6,0,0,0,6
02/15/2001,CGX,IL,AGL,CE,Federal Contract Tower,0,7,48,0,55,0,5,1,0,6,0,12,49,0,61,0,0,0,61
02/16/2001,CGX,IL,AGL,CE,Federal Contract Tower,0,9,63,0,72,0,2,21,0,23,0,11,84,0,95,0,0,0,95
02/17/2001,CGX,IL,AGL,CE,Federal Contract Tower,0,0,23,0,23,0,0,51,0,51,0,0,74,0,74,2,4,6,80
02/18/2001,CGX,IL,AGL,CE,Federal Contract Tower,0,0,20,0,20,0,0,35,0,35,0,0,55,0,55,0,0,0,55
02/19/2001,CGX,IL,AGL,CE,Federal Contract Tower,0,0,30,0,30,0,0,26,0,26,0,0,56,0,56,0,0,0,56
02/20/2001,CGX,IL,AGL,CE,Federal Contract Tower,0,7,47,0,54,0,3,22,2,27,0,10,69,2,81,10,0,10,91
02/21/2001,CGX,IL,AGL,CE,Federal Contract Tower,0,6,40,0,46,0,4,33,1,38,0,10,73,1,84,0,0,0,84
02/22/2001,CGX,IL,AGL,CE,Federal Contract Tower,0,6,46,0,52,0,0,12,0,12,0,6,58,0,64,0,0,0,64
02/23/2001,CGX,IL,AGL,CE,Federal Contract Tower,0,6,45,0,51,0,2,44,0,46,0,8,89,0,97,0,0,0,97
02/24/2001,CGX,IL,AGL,CE,Federal Contract Tower,0,0,8,0,8,0,0,1,0,1,0,0,9,0,9,0,0,0,9
02/25/2001,CGX,IL,AGL,CE,Federal Contract Tower,0,0,6,0,6,0,0,2,0,2,0,0,8,0,8,0,0,0,8
02/26/2001,CGX,IL,AGL,CE,Federal Contract Tower,0,5,33,0,38,0,3,27,0,30,0,8,60,0,68,0,0,0,68
02/27/2001,CGX,IL,AGL,CE,Federal Contract Tower,0,4,28,0,32,0,4,23,0,27,0,8,51,0,59,2,0,2,61
02/28/2001,CGX,IL,AGL,CE,Federal Contract Tower,0,7,47,0,54,0,5,46,0,51,0,12,93,0,105,2,0,2,107
03/01/2001,CGX,IL,AGL,CE,Federal Contract Tower,0,11,56,0,67,0,2,44,0,46,0,13,100,0,113,0,0,0,113
03/02/2001,CGX,IL,AGL,CE,Federal Contract Tower,0,7,52,0,59,0,0,24,2,26,0,7,76,2,85,0,0,0,85
03/03/2001,CGX,IL,AGL,CE,Federal Contract Tower,0,0,16,0,16,0,0,30,0,30,0,0,46,0,46,0,4,4,50
03/04/2001,CGX,IL,AGL,CE,Federal Contract Tower,0,1,28,0,29,0,0,23,0,23,0,1,51,0,52,0,2,2,54
03/05/2001,CGX,IL,AGL,CE,Federal Contract Tower,0,8,51,0,59,0,0,28,0,28,0,8,79,0,87,0,0,0,87
03/06/2001,CGX,IL,AGL,CE,Federal Contract Tower,0,10,72,0,82,0,0,42,0,42,0,10,114,0,124,0,0,0,124
03/07/2001,CGX,IL,AGL,CE,Federal Contract Tower,0,10,72,0,82,0,0,61,0,61,0,10,133,0,143,14,0,14,157
03/08/2001,CGX,IL,AGL,CE,Federal Contract Tower,0,11,63,0,74,0,0,19,8,27,0,11,82,8,101,0,0,0,101
03/09/2001,CGX,IL,AGL,CE,Federal Contract Tower,0,11,62,0,73,0,8,43,0,51,0,19,105,0,124,0,0,0,124
03/10/2001,CGX,IL,AGL,CE,Federal Contract Tower,0,4,21,0,25,0,0,172,0,172,0,4,193,0,197,0,0,0,197
03/11/2001,CGX,IL,AGL,CE,Federal Contract Tower,0,3,28,0,31,0,0,42,0,42,0,3,70,0,73,0,0,0,73
03/12/2001,CGX,IL,AGL,CE,Federal Contract Tower,0,5,29,0,34,0,1,7,0,8,0,6,36,0,42,0,0,0,42
03/13/2001,CGX,IL,AGL,CE,Federal Contract Tower,0,5,28,0,33,0,9,0,0,9,0,14,28,0,42,0,0,0,42
03/14/2001,CGX,IL,AGL,CE,Federal Contract Tower,0,8,56,0,64,0,0,42,0,42,0,8,98,0,106,0,0,0,106
03/15/2001,CGX,IL,AGL,CE,Federal Contract Tower,0,2,15,0,17,0,0,4,0,4,0,2,19,0,21,0,0,0,21
03/16/2001,CGX,IL,AGL,CE,Federal Contract Tower,0,0,7,0,7,0,0,2,0,2,0,0,9,0,9,0,0,0,9
03/17/2001,CGX,IL,AGL,CE,Federal Contract Tower,0,0,14,0,14,0,0,25,0,25,0,0,39,0,39,0,0,0,39
03/18/2001,CGX,IL,AGL,CE,Federal Contract Tower,0,0,27,0,27,0,0,45,0,45,0,0,72,0,72,2,0,2,74
03/19/2001,CGX,IL,AGL,CE,Federal Contract Tower,0,7,42,0,49,0,4,35,0,39,0,11,77,0,88,0,0,0,88
03/20/2001,CGX,IL,AGL,CE,Federal Contract Tower,0,6,35,0,41,0,7,39,0,46,0,13,74,0,87,0,0,0,87
03/21/2001,CGX,IL,AGL,CE,Federal Contract Tower,0,8,49,0,57,0,2,36,0,38,0,10,85,0,95,0,0,0,95
03/22/2001,CGX,IL,AGL,CE,Federal Contract Tower,0,10,60,0,70,0,1,48,0,49,0,11,108,0,119,2,0,2,121
03/23/2001,CGX,IL,AGL,CE,Federal Contract Tower,0,9,53,0,62,0,1,23,0,24,0,10,76,0,86,0,0,0,86
03/24/2001,CGX,IL,AGL,CE,Federal Contract Tower,0,3,28,0,31,0,0,22,0,22,0,3,50,0,53,0,0,0,53
03/25/2001,CGX,IL,AGL,CE,Federal Contract Tower,0,0,26,0,26,0,0,19,0,19,0,0,45,0,45,0,0,0,45
03/26/2001,CGX,IL,AGL,CE,Federal Contract Tower,0,6,40,0,46,0,4,16,0,20,0,10,56,0,66,0,0,0,66
03/27/2001,CGX,IL,AGL,CE,Federal Contract Tower,0,8,46,0,54,0,4,31,0,35,0,12,77,0,89,2,0,2,91
03/28/2001,CGX,IL,AGL,CE,Federal Contract Tower,0,4,29,0,33,0,6,24,0,30,0,10,53,0,63,0,0,0,63
03/29/2001,CGX,IL,AGL,CE,Federal Contract Tower,0,5,34,0,39,0,3,23,0,26,0,8,57,0,65,0,0,0,65
03/30/2001,CGX,IL,AGL,CE,Federal Contract Tower,0,8,50,0,58,0,0,25,0,25,0,8,75,0,83,0,0,0,83
03/31/2001,CGX,IL,AGL,CE,Federal Contract Tower,0,0,13,0,13,0,0,17,0,17,0,0,30,0,30,0,0,0,30
04/01/2001,CGX,IL,AGL,CE,Federal Contract Tower,0,0,26,0,26,0,0,24,0,24,0,0,50,0,50,0,0,0,50
04/02/2001,CGX,IL,AGL,CE,Federal Contract Tower,0,10,42,0,52,0,0,30,0,30,0,10,72,0,82,0,0,0,82
04/03/2001,CGX,IL,AGL,CE,Federal Contract Tower,0,8,40,0,48,0,0,8,0,8,0,8,48,0,56,6,0,6,62
04/04/2001,CGX,IL,AGL,CE,Federal Contract Tower,0,11,56,0,67,0,0,49,0,49,0,11,105,0,116,0,0,0,116
04/05/2001,CGX,IL,AGL,CE,Federal Contract Tower,0,11,33,0,44,0,0,41,0,41,0,11,74,0,85,0,0,0,85
04/06/2001,CGX,IL,AGL,CE,Federal Contract Tower,0,1,6,0,7,0,1,0,0,1,0,2,6,0,8,0,0,0,8
04/07/2001,CGX,IL,AGL,CE,Federal Contract Tower,0,2,12,0,14,0,1,8,0,9,0,3,20,0,23,0,0,0,23
04/08/2001,CGX,IL,AGL,CE,Federal Contract Tower,0,2,16,0,18,0,4,25,0,29,0,6,41,0,47,0,0,0,47
04/09/2001,CGX,IL,AGL,CE,Federal Contract Tower,0,8,33,0,41,0,3,22,0,25,0,11,55,0,66,0,0,0,66
04/10/2001,CGX,IL,AGL,CE,Federal Contract Tower,0,2,23,0,25,0,0,0,0,0,0,2,23,0,25,0,0,0,25
04/11/2001,CGX,IL,AGL,CE,Federal Contract Tower,0,6,8,0,14,0,0,3,0,3,0,6,11,0,17,0,0,0,17
04/12/2001,CGX,IL,AGL,CE,Federal Contract Tower,0,2,16,0,18,0,0,5,0,5,0,2,21,0,23,0,0,0,23
04/13/2001,CGX,IL,AGL,CE,Federal Contract Tower,0,0,23,0,23,0,0,66,0,66,0,0,89,0,89,0,0,0,89
04/14/2001,CGX,IL,AGL,CE,Federal Contract Tower,0,2,22,0,24,0,0,180,0,180,0,2,202,0,204,0,0,0,204
04/15/2001,CGX,IL,AGL,CE,Federal Contract Tower,0,0,12,0,12,0,0,2,0,2,0,0,14,0,14,16,0,16,30
04/16/2001,CGX,IL,AGL,CE,Federal Contract Tower,0,15,20,0,35,0,0,24,0,24,0,15,44,0,59,0,0,0,59
04/17/2001,CGX,IL,AGL,CE,Federal Contract Tower,0,8,34,0,42,0,0,28,0,28,0,8,62,0,70,0,0,0,70
04/18/2001,CGX,IL,AGL,CE,Federal Contract Tower,0,13,48,0,61,0,0,46,0,46,0,13,94,0,107,0,0,0,107
04/19/2001,CGX,IL,AGL,CE,Federal Contract Tower,0,10,61,0,71,0,0,54,0,54,0,10,115,0,125,16,0,16,141
04/20/2001,CGX,IL,AGL,CE,Federal Contract Tower,0,12,54,0,66,0,0,28,2,30,0,12,82,2,96,27,0,27,123
04/21/2001,CGX,IL,AGL,CE,Federal Contract Tower,0,0,26,0,26,0,0,19,0,19,0,0,45,0,45,0,0,0,45
04/22/2001,CGX,IL,AGL,CE,Federal Contract Tower,0,0,16,0,16,0,0,7,0,7,0,0,23,0,23,0,0,0,23
04/23/2001,CGX,IL,AGL,CE,Federal Contract Tower,0,4,41,0,45,0,0,25,0,25,0,4,66,0,70,0,0,0,70
04/24/2001,CGX,IL,AGL,CE,Federal Contract Tower,0,8,58,0,66,0,0,50,0,50,0,8,108,0,116,0,0,0,116
04/25/2001,CGX,IL,AGL,CE,Federal Contract Tower,0,13,58,0,71,0,1,64,0,65,0,14,122,0,136,0,0,0,136
04/26/2001,CGX,IL,AGL,CE,Federal Contract Tower,0,8,57,0,65,0,0,46,0,46,0,8,103,0,111,0,0,0,111
04/27/2001,CGX,IL,AGL,CE,Federal Contract Tower,0,11,51,0,62,0,4,101,0,105,0,15,152,0,167,0,0,0,167
04/28/2001,CGX,IL,AGL,CE,Federal Contract Tower,0,3,32,0,35,0,0,88,2,90,0,3,120,2,125,2,0,2,127
04/29/2001,CGX,IL,AGL,CE,Federal Contract Tower,0,1,35,0,36,0,0,58,0,58,0,1,93,0,94,0,0,0,94
04/30/2001,CGX,IL,AGL,CE,Federal Contract Tower,0,10,57,0,67,0,0,49,0,49,0,10,106,0,116,0,0,0,116
05/01/2001,CGX,IL,AGL,CE,Federal Contract Tower,0,7,27,0,34,0,1,24,0,25,0,8,51,0,59,0,0,0,59
05/02/2001,CGX,IL,AGL,CE,Federal Contract Tower,0,10,52,0,62,0,0,60,2,62,0,10,112,2,124,2,0,2,126
05/03/2001,CGX,IL,AGL,CE,Federal Contract Tower,0,10,59,0,69,0,0,45,0,45,0,10,104,0,114,0,0,0,114
05/04/2001,CGX,IL,AGL,CE,Federal Contract Tower,0,6,64,0,70,0,2,21,0,23,0,8,85,0,93,0,0,0,93
05/05/2001,CGX,IL,AGL,CE,Federal Contract Tower,0,0,42,0,42,0,0,45,0,45,0,0,87,0,87,0,0,0,87
05/06/2001,CGX,IL,AGL,CE,Federal Contract Tower,0,6,68,0,74,0,0,56,0,56,0,6,124,0,130,0,0,0,130
05/07/2001,CGX,IL,AGL,CE,Federal Contract Tower,0,11,85,0,96,0,0,31,0,31,0,11,116,0,127,0,0,0,127
05/08/2001,CGX,IL,AGL,CE,Federal Contract Tower,0,10,86,0,96,0,1,45,2,48,0,11,131,2,144,0,0,0,144
05/09/2001,CGX,IL,AGL,CE,Federal Contract Tower,0,5,49,0,54,0,0,63,0,63,0,5,112,0,117,0,0,0,117
05/10/2001,CGX,IL,AGL,CE,Federal Contract Tower,0,6,57,0,63,0,0,51,0,51,0,6,108,0,114,0,0,0,114
05/11/2001,CGX,IL,AGL,CE,Federal Contract Tower,0,8,44,0,52,0,2,27,0,29,0,10,71,0,81,0,0,0,81
05/12/2001,CGX,IL,AGL,CE,Federal Contract Tower,0,4,42,0,46,0,0,237,0,237,0,4,279,0,283,2,0,2,285
05/13/2001,CGX,IL,AGL,CE,Federal Contract Tower,0,1,19,0,20,0,0,87,0,87,0,1,106,0,107,0,0,0,107
05/14/2001,CGX,IL,AGL,CE,Federal Contract Tower,0,5,43,0,48,0,1,32,0,33,0,6,75,0,81,0,0,0,81
05/15/2001,CGX,IL,AGL,CE,Federal Contract Tower,0,4,38,0,42,0,0,41,2,43,0,4,79,2,85,0,0,0,85
05/16/2001,CGX,IL,AGL,CE,Federal Contract Tower,0,4,44,0,48,0,0,32,0,32,0,4,76,0,80,18,0,18,98
05/17/2001,CGX,IL,AGL,CE,Federal Contract Tower,0,7,57,0,64,0,0,32,0,32,0,7,89,0,96,0,0,0,96
05/18/2001,CGX,IL,AGL,CE,Federal Contract Tower,0,8,80,0,88,0,1,54,0,55,0,9,134,0,143,0,0,0,143
05/19/2001,CGX,IL,AGL,CE,Federal Contract Tower,0,1,48,0,49,0,0,109,0,109,0,1,157,0,158,0,0,0,158
05/20/2001,CGX,IL,AGL,CE,Federal Contract Tower,0,3,57,0,60,0,0,65,4,69,0,3,122,4,129,0,0,0,129
05/21/2001,CGX,IL,AGL,CE,Federal Contract Tower,0,3,89,0,92,0,0,20,0,20,0,3,109,0,112,0,0,0,112
05/22/2001,CGX,IL,AGL,CE,Federal Contract Tower,0,10,65,0,75,0,2,39,0,41,0,12,104,0,116,0,0,0,116
05/23/2001,CGX,IL,AGL,CE,Federal Contract Tower,0,10,59,0,69,0,0,19,0,19,0,10,78,0,88,0,0,0,88
05/24/2001,CGX,IL,AGL,CE,Federal Contract Tower,0,8,50,0,58,0,0,16,0,16,0,8,66,0,74,0,0,0,74
05/25/2001,CGX,IL,AGL,CE,Federal Contract Tower,0,9,43,0,52,0,1,23,0,24,0,10,66,0,76,0,0,0,76
05/26/2001,CGX,IL,AGL,CE,Federal Contract Tower,0,0,21,0,21,0,0,25,0,25,0,0,46,0,46,0,0,0,46
05/27/2001,CGX,IL,AGL,CE,Federal Contract Tower,0,1,20,0,21,0,0,7,0,7,0,1,27,0,28,2,0,2,30
05/28/2001,CGX,IL,AGL,CE,Federal Contract Tower,0,2,27,0,29,0,1,30,0,31,0,3,57,0,60,0,0,0,60
05/29/2001,CGX,IL,AGL,CE,Federal Contract Tower,0,11,49,0,60,0,0,73,0,73,0,11,122,0,133,0,0,0,133
05/30/2001,CGX,IL,AGL,CE,Federal Contract Tower,0,11,31,0,42,0,0,48,3,51,0,11,79,3,93,0,0,0,93
05/31/2001,CGX,IL,AGL,CE,Federal Contract Tower,0,11,49,0,60,0,2,21,0,23,0,13,70,0,83,0,0,0,83
06/01/2001,CGX,IL,AGL,CE,Federal Contract Tower,0,8,64,0,72,0,0,14,0,14,0,8,78,0,86,0,0,0,86
06/02/2001,CGX,IL,AGL,CE,Federal Contract Tower,0,0,19,0,19,0,0,12,0,12,0,0,31,0,31,0,0,0,31
06/03/2001,CGX,IL,AGL,CE,Federal Contract Tower,0,9,28,0,37,0,1,50,4,55,0,10,78,4,92,0,0,0,92
06/04/2001,CGX,IL,AGL,CE,Federal Contract Tower,0,9,41,0,50,0,0,28,0,28,0,9,69,0,78,0,0,0,78
06/05/2001,CGX,IL,AGL,CE,Federal Contract Tower,0,5,20,0,25,0,0,10,0,10,0,5,30,0,35,0,0,0,35
06/06/2001,CGX,IL,AGL,CE,Federal Contract Tower,0,0,4,0,4,0,0,2,0,2,0,0,6,0,6,0,0,0,6
06/07/2001,CGX,IL,AGL,CE,Federal Contract Tower,0,8,65,0,73,0,0,34,2,36,0,8,99,2,109,0,0,0,109
06/08/2001,CGX,IL,AGL,CE,Federal Contract Tower,0,10,58,0,68,0,0,98,0,98,0,10,156,0,166,0,0,0,166
06/09/2001,CGX,IL,AGL,CE,Federal Contract Tower,0,3,39,0,42,0,0,346,0,346,0,3,385,0,388,28,0,28,416
06/10/2001,CGX,IL,AGL,CE,Federal Contract Tower,0,5,36,0,41,0,0,52,0,52,0,5,88,0,93,26,0,26,119
06/11/2001,CGX,IL,AGL,CE,Federal Contract Tower,0,10,41,0,51,0,0,44,2,46,0,10,85,2,97,14,0,14,111
06/12/2001,CGX,IL,AGL,CE,Federal Contract Tower,0,1,27,0,28,0,0,42,0,42,0,1,69,0,70,0,0,0,70
06/13/2001,CGX,IL,AGL,CE,Federal Contract Tower,0,7,65,0,72,0,1,65,0,66,0,8,130,0,138,12,0,12,150
06/14/2001,CGX,IL,AGL,CE,Federal Contract Tower,0,1,65,0,66,0,1,43,0,44,0,2,108,0,110,0,0,0,110
06/15/2001,CGX,IL,AGL,CE,Federal Contract Tower,0,10,72,0,82,0,2,55,2,59,0,12,127,2,141,0,0,0,141
06/16/2001,CGX,IL,AGL,CE,Federal Contract Tower,0,0,27,0,27,0,0,64,0,64,0,0,91,0,91,2,0,2,93
06/17/2001,CGX,IL,AGL,CE,Federal Contract Tower,0,6,36,0,42,0,0,83,0,83,0,6,119,0,125,0,0,0,125
06/18/2001,CGX,IL,AGL,CE,Federal Contract Tower,0,14,60,0,74,0,0,35,0,35,0,14,95,0,109,0,0,0,109
06/19/2001,CGX,IL,AGL,CE,Federal Contract Tower,0,8,41,0,49,0,0,44,0,44,0,8,85,0,93,0,0,0,93
06/20/2001,CGX,IL,AGL,CE,Federal Contract Tower,0,11,71,0,82,0,2,101,0,103,0,13,172,0,185,0,0,0,185
06/21/2001,CGX,IL,AGL,CE,Federal Contract Tower,0,10,51,0,61,0,0,65,0,65,0,10,116,0,126,0,0,0,126
06/22/2001,CGX,IL,AGL,CE,Federal Contract Tower,0,5,84,0,89,0,1,50,0,51,0,6,134,0,140,0,0,0,140
06/23/2001,CGX,IL,AGL,CE,Federal Contract Tower,0,0,47,0,47,0,0,74,0,74,0,0,121,0,121,0,0,0,121
06/24/2001,CGX,IL,AGL,CE,Federal Contract Tower,0,2,58,0,60,0,0,119,0,119,0,2,177,0,179,2,0,2,181
06/25/2001,CGX,IL,AGL,CE,Federal Contract Tower,0,9,54,0,63,0,1,101,0,102,0,10,155,0,165,0,0,0,165
06/26/2001,CGX,IL,AGL,CE,Federal Contract Tower,0,9,58,0,67,0,1,89,0,90,0,10,147,0,157,0,0,0,157
06/27/2001,CGX,IL,AGL,CE,Federal Contract Tower,0,10,65,0,75,0,0,90,0,90,0,10,155,0,165,2,0,2,167
06/28/2001,CGX,IL,AGL,CE,Federal Contract Tower,0,11,70,0,81,0,2,55,0,57,0,13,125,0,138,0,0,0,138
06/29/2001,CGX,IL,AGL,CE,Federal Contract Tower,0,14,75,0,89,0,0,64,10,74,0,14,139,10,163,0,0,0,163
06/30/2001,CGX,IL,AGL,CE,Federal Contract Tower,0,0,30,0,30,0,0,131,0,131,0,0,161,0,161,0,0,0,161
07/01/2001,CGX,IL,AGL,CE,Federal Contract Tower,0,3,29,0,32,0,1,40,0,41,0,4,69,0,73,0,0,0,73
07/02/2001,CGX,IL,AGL,CE,Federal Contract Tower,0,8,27,0,35,0,3,83,0,86,0,11,110,0,121,0,0,0,121
07/03/2001,CGX,IL,AGL,CE,Federal Contract Tower,0,7,42,0,49,0,1,39,0,40,0,8,81,0,89,0,0,0,89
07/04/2001,CGX,IL,AGL,CE,Federal Contract Tower,0,0,22,0,22,0,0,61,0,61,0,0,83,0,83,2,0,2,85
07/05/2001,CGX,IL,AGL,CE,Federal Contract Tower,0,10,35,0,45,0,1,98,0,99,0,11,133,0,144,10,0,10,154
07/06/2001,CGX,IL,AGL,CE,Federal Contract Tower,0,10,42,0,52,0,0,115,0,115,0,10,157,0,167,0,0,0,167
07/07/2001,CGX,IL,AGL,CE,Federal Contract Tower,0,0,16,0,16,0,0,13,0,13,0,0,29,0,29,0,0,0,29
07/08/2001,CGX,IL,AGL,CE,Federal Contract Tower,0,0,29,0,29,0,0,63,0,63,0,0,92,0,92,0,0,0,92
07/09/2001,CGX,IL,AGL,CE,Federal Contract Tower,0,13,26,0,39,0,0,45,0,45,0,13,71,0,84,0,0,0,84
07/10/2001,CGX,IL,AGL,CE,Federal Contract Tower,0,10,55,0,65,0,0,85,0,85,0,10,140,0,150,0,0,0,150
07/11/2001,CGX,IL,AGL,CE,Federal Contract Tower,0,10,63,0,73,0,1,115,0,116,0,11,178,0,189,4,0,4,193
07/12/2001,CGX,IL,AGL,CE,Federal Contract Tower,0,8,65,0,73,0,2,95,0,97,0,10,160,0,170,0,0,0,170
07/13/2001,CGX,IL,AGL,CE,Federal Contract Tower,0,13,77,0,90,0,3,175,0,178,0,16,252,0,268,2,0,2,270
07/14/2001,CGX,IL,AGL,CE,Federal Contract Tower,0,2,63,0,65,0,0,278,7,285,0,2,341,7,350,0,0,0,350
07/15/2001,CGX,IL,AGL,CE,Federal Contract Tower,0,5,49,0,54,0,0,104,0,104,0,5,153,0,158,0,0,0,158
07/16/2001,CGX,IL,AGL,CE,Federal Contract Tower,0,12,53,0,65,0,0,49,0,49,0,12,102,0,114,0,0,0,114
07/17/2001,CGX,IL,AGL,CE,Federal Contract Tower,0,12,89,0,101,0,0,53,0,53,0,12,142,0,154,2,0,2,156
07/18/2001,CGX,IL,AGL,CE,Federal Contract Tower,0,4,65,0,69,0,0,8,0,8,0,4,73,0,77,24,0,24,101
07/19/2001,CGX,IL,AGL,CE,Federal Contract Tower,0,11,54,0,65,0,0,30,0,30,0,11,84,0,95,0,0,0,95
07/20/2001,CGX,IL,AGL,CE,Federal Contract Tower,0,8,72,0,80,0,0,106,0,106,0,8,178,0,186,6,0,6,192
07/21/2001,CGX,IL,AGL,CE,Federal Contract Tower,0,0,35,0,35,0,0,48,0,48,0,0,83,0,83,0,0,0,83
07/22/2001,CGX,IL,AGL,CE,Federal Contract Tower,0,0,42,0,42,0,0,52,2,54,0,0,94,2,96,56,0,56,152
07/23/2001,CGX,IL,AGL,CE,Federal Contract Tower,0,10,56,0,66,0,1,67,0,68,0,11,123,0,134,0,0,0,134
07/24/2001,CGX,IL,AGL,CE,Federal Contract Tower,0,9,35,0,44,0,0,67,0,67,0,9,102,0,111,0,4,4,115
07/25/2001,CGX,IL,AGL,CE,Federal Contract Tower,0,4,64,0,68,0,0,49,0,49,0,4,113,0,117,0,0,0,117
07/26/2001,CGX,IL,AGL,CE,Federal Contract Tower,0,8,74,0,82,0,0,115,0,115,0,8,189,0,197,0,0,0,197
07/27/2001,CGX,IL,AGL,CE,Federal Contract Tower,0,12,74,0,86,0,1,214,0,215,0,13,288,0,301,2,0,2,303
07/28/2001,CGX,IL,AGL,CE,Federal Contract Tower,0,4,48,0,52,0,0,88,0,88,0,4,136,0,140,10,0,10,150
07/29/2001,CGX,IL,AGL,CE,Federal Contract Tower,0,1,50,0,51,0,0,9,0,9,0,1,59,0,60,0,0,0,60
07/30/2001,CGX,IL,AGL,CE,Federal Contract Tower,0,4,18,0,22,0,0,22,0,22,0,4,40,0,44,0,0,0,44
07/31/2001,CGX,IL,AGL,CE,Federal Contract Tower,0,8,42,0,50,0,0,53,0,53,0,8,95,0,103,18,0,18,121
08/01/2001,CGX,IL,AGL,CE,Federal Contract Tower,0,9,43,0,52,0,0,77,4,81,0,9,120,4,133,0,0,0,133
08/02/2001,CGX,IL,AGL,CE,Federal Contract Tower,0,8,42,0,50,0,0,41,0,41,0,8,83,0,91,0,0,0,91
08/03/2001,CGX,IL,AGL,CE,Federal Contract Tower,0,9,68,0,77,0,0,52,0,52,0,9,120,0,129,0,0,0,129
08/04/2001,CGX,IL,AGL,CE,Federal Contract Tower,0,1,26,0,27,0,0,263,0,263,0,1,289,0,290,0,0,0,290
08/05/2001,CGX,IL,AGL,CE,Federal Contract Tower,0,3,41,0,44,0,0,69,0,69,0,3,110,0,113,0,0,0,113
08/06/2001,CGX,IL,AGL,CE,Federal Contract Tower,0,15,45,0,60,0,0,61,0,61,0,15,106,0,121,0,0,0,121
08/07/2001,CGX,IL,AGL,CE,Federal Contract Tower,0,9,48,0,57,0,1,47,0,48,0,10,95,0,105,0,0,0,105
08/08/2001,CGX,IL,AGL,CE,Federal Contract Tower,0,12,64,0,76,0,0,74,0,74,0,12,138,0,150,0,0,0,150
08/09/2001,CGX,IL,AGL,CE,Federal Contract Tower,0,8,55,0,63,0,0,30,0,30,0,8,85,0,93,0,0,0,93
08/10/2001,CGX,IL,AGL,CE,Federal Contract Tower,0,9,60,0,69,0,2,123,0,125,0,11,183,0,194,2,0,2,196
08/11/2001,CGX,IL,AGL,CE,Federal Contract Tower,0,2,56,0,58,0,0,127,0,127,0,2,183,0,185,0,0,0,185
08/12/2001,CGX,IL,AGL,CE,Federal Contract Tower,0,7,87,0,94,0,0,171,0,171,0,7,258,0,265,2,0,2,267
08/13/2001,CGX,IL,AGL,CE,Federal Contract Tower,0,15,84,0,99,0,0,71,0,71,0,15,155,0,170,0,0,0,170
08/14/2001,CGX,IL,AGL,CE,Federal Contract Tower,0,4,101,0,105,0,0,104,0,104,0,4,205,0,209,0,0,0,209
08/15/2001,CGX,IL,AGL,CE,Federal Contract Tower,0,2,55,0,57,0,0,84,4,88,0,2,139,4,145,0,0,0,145
08/16/2001,CGX,IL,AGL,CE,Federal Contract Tower,0,4,64,0,68,0,0,43,4,47,0,4,107,4,115,0,0,0,115
08/17/2001,CGX,IL,AGL,CE,Federal Contract Tower,0,0,31,0,31,0,0,46,5,51,0,0,77,5,82,0,0,0,82
08/18/2001,CGX,IL,AGL,CE,Federal Contract Tower,0,0,9,0,9,0,0,52,22,74,0,0,61,22,83,0,0,0,83
08/19/2001,CGX,IL,AGL,CE,Federal Contract Tower,0,0,21,0,21,0,0,38,21,59,0,0,59,21,80,0,2,2,82
08/20/2001,CGX,IL,AGL,CE,Federal Contract Tower,0,2,39,0,41,0,0,65,9,74,0,2,104,9,115,0,0,0,115
08/21/2001,CGX,IL,AGL,CE,Federal Contract Tower,0,0,59,0,59,0,0,48,0,48,0,0,107,0,107,8,0,8,115
08/22/2001,CGX,IL,AGL,CE,Federal Contract Tower,0,3,50,0,53,0,1,30,0,31,0,4,80,0,84,0,0,0,84
08/23/2001,CGX,IL,AGL,CE,Federal Contract Tower,0,3,79,0,82,0,0,13,0,13,0,3,92,0,95,0,0,0,95
08/24/2001,CGX,IL,AGL,CE,Federal Contract Tower,0,2,77,0,79,0,0,20,0,20,0,2,97,0,99,0,0,0,99
08/25/2001,CGX,IL,AGL,CE,Federal Contract Tower,0,0,25,0,25,0,0,4,0,4,0,0,29,0,29,0,0,0,29
08/26/2001,CGX,IL,AGL,CE,Federal Contract Tower,0,1,66,0,67,0,0,74,0,74,0,1,140,0,141,2,0,2,143
08/27/2001,CGX,IL,AGL,CE,Federal Contract Tower,0,4,41,0,45,0,0,63,0,63,0,4,104,0,108,0,0,0,108
08/28/2001,CGX,IL,AGL,CE,Federal Contract Tower,0,2,64,0,66,0,0,59,0,59,0,2,123,0,125,0,0,0,125
08/29/2001,CGX,IL,AGL,CE,Federal Contract Tower,0,10,59,0,69,0,0,85,0,85,0,10,144,0,154,0,0,0,154
08/30/2001,CGX,IL,AGL,CE,Federal Contract Tower,0,4,50,0,54,0,0,45,0,45,0,4,95,0,99,2,0,2,101
08/31/2001,CGX,IL,AGL,CE,Federal Contract Tower,0,4,68,0,72,0,0,94,0,94,0,4,162,0,166,12,0,12,178
09/01/2001,CGX,IL,AGL,CE,Federal Contract Tower,0,0,27,0,27,0,0,107,0,107,0,0,134,0,134,24,0,24,158
09/02/2001,CGX,IL,AGL,CE,Federal Contract Tower,0,1,35,0,36,0,1,120,0,121,0,2,155,0,157,0,0,0,157
09/03/2001,CGX,IL,AGL,CE,Federal Contract Tower,0,1,39,0,40,0,0,62,0,62,0,1,101,0,102,0,0,0,102
09/04/2001,CGX,IL,AGL,CE,Federal Contract Tower,0,5,37,0,42,0,0,77,6,83,0,5,114,6,125,22,0,22,147
09/05/2001,CGX,IL,AGL,CE,Federal Contract Tower,0,1,56,0,57,0,0,80,0,80,0,1,136,0,137,0,0,0,137
09/06/2001,CGX,IL,AGL,CE,Federal Contract Tower,0,1,58,0,59,0,0,42,0,42,0,1,100,0,101,0,0,0,101
09/07/2001,CGX,IL,AGL,CE,Federal Contract Tower,0,2,78,0,80,0,0,56,0,56,0,2,134,0,136,30,0,30,166
09/08/2001,CGX,IL,AGL,CE,Federal Contract Tower,0,4,38,0,42,0,0,167,0,167,0,4,205,0,209,50,0,50,259
09/09/2001,CGX,IL,AGL,CE,Federal Contract Tower,0,2,39,0,41,0,0,11,0,11,0,2,50,0,52,0,0,0,52
09/10/2001,CGX,IL,AGL,CE,Federal Contract Tower,0,4,57,0,61,0,1,61,0,62,0,5,118,0,123,2,0,2,125
09/11/2001,CGX,IL,AGL,CE,Federal Contract Tower,0,0,16,0,16,0,0,2,0,2,0,0,18,0,18,0,0,0,18
09/12/2001,CGX,IL,AGL,CE,Federal Contract Tower,0,0,1,0,1,0,0,0,0,0,0,0,1,0,1,0,0,0,1
09/13/2001,CGX,IL,AGL,CE,Federal Contract Tower,0,1,0,0,1,0,0,3,0,3,0,1,3,0,4,0,0,0,4
09/14/2001,CGX,IL,AGL,CE,Federal Contract Tower,0,0,2,0,2,0,0,0,4,4,0,0,2,4,6,0,0,0,6
09/15/2001,CGX,IL,AGL,CE,Federal Contract Tower,0,0,0,3,3,0,0,0,0,0,0,0,0,3,3,0,0,0,3
09/16/2001,CGX,IL,AGL,CE,Federal Contract Tower,0,0,0,3,3,0,0,0,1,1,0,0,0,4,4,0,0,0,4
09/17/2001,CGX,IL,AGL,CE,Federal Contract Tower,0,0,0,0,0,0,0,0,2,2,0,0,0,2,2,0,0,0,2
09/18/2001,CGX,IL,AGL,CE,Federal Contract Tower,0,0,0,0,0,0,0,2,2,4,0,0,2,2,4,0,0,0,4
09/19/2001,CGX,IL,AGL,CE,Federal Contract Tower,0,0,0,0,0,0,0,0,0,0,0,0,0,0,0,0,0,0,0
09/20/2001,CGX,IL,AGL,CE,Federal Contract Tower,0,0,20,0,20,0,0,0,3,3,0,0,20,3,23,0,0,0,23
09/21/2001,CGX,IL,AGL,CE,Federal Contract Tower,0,0,15,0,15,0,0,0,1,1,0,0,15,1,16,0,0,0,16
09/22/2001,CGX,IL,AGL,CE,Federal Contract Tower,0,0,0,0,0,0,0,0,2,2,0,0,0,2,2,0,0,0,2
09/23/2001,CGX,IL,AGL,CE,Federal Contract Tower,0,0,0,0,0,0,0,0,0,0,0,0,0,0,0,0,0,0,0
09/24/2001,CGX,IL,AGL,CE,Federal Contract Tower,0,0,0,0,0,0,0,2,2,4,0,0,2,2,4,0,0,0,4
09/25/2001,CGX,IL,AGL,CE,Federal Contract Tower,0,0,1,0,1,0,0,1,3,4,0,0,2,3,5,0,0,0,5
09/26/2001,CGX,IL,AGL,CE,Federal Contract Tower,0,0,0,0,0,0,0,0,4,4,0,0,0,4,4,0,0,0,4
09/27/2001,CGX,IL,AGL,CE,Federal Contract Tower,0,0,3,0,3,0,0,1,2,3,0,0,4,2,6,0,0,0,6
09/28/2001,CGX,IL,AGL,CE,Federal Contract Tower,0,0,3,0,3,0,0,2,0,2,0,0,5,0,5,6,0,6,11
09/29/2001,CGX,IL,AGL,CE,Federal Contract Tower,0,0,0,0,0,0,0,2,0,2,0,0,2,0,2,0,0,0,2
09/30/2001,CGX,IL,AGL,CE,Federal Contract Tower,0,0,0,0,0,0,0,0,0,0,0,0,0,0,0,0,0,0,0
10/01/2001,CGX,IL,AGL,CE,Federal Contract Tower,0,0,0,0,0,0,0,2,6,8,0,0,2,6,8,0,0,0,8
10/02/2001,CGX,IL,AGL,CE,Federal Contract Tower,0,0,1,0,1,0,0,0,0,0,0,0,1,0,1,26,0,26,27
10/03/2001,CGX,IL,AGL,CE,Federal Contract Tower,0,0,0,0,0,0,0,0,0,0,0,0,0,0,0,0,0,0,0
10/04/2001,CGX,IL,AGL,CE,Federal Contract Tower,0,0,0,0,0,0,0,0,0,0,0,0,0,0,0,0,0,0,0
10/05/2001,CGX,IL,AGL,CE,Federal Contract Tower,0,0,0,0,0,0,0,2,0,2,0,0,2,0,2,0,0,0,2
10/06/2001,CGX,IL,AGL,CE,Federal Contract Tower,0,0,0,0,0,0,0,2,0,2,0,0,2,0,2,0,0,0,2
10/07/2001,CGX,IL,AGL,CE,Federal Contract Tower,0,0,0,0,0,0,0,0,0,0,0,0,0,0,0,0,0,0,0
10/08/2001,CGX,IL,AGL,CE,Federal Contract Tower,0,0,0,0,0,0,0,0,0,0,0,0,0,0,0,0,0,0,0
10/09/2001,CGX,IL,AGL,CE,Federal Contract Tower,0,0,0,0,0,0,0,0,4,4,0,0,0,4,4,0,0,0,4
10/10/2001,CGX,IL,AGL,CE,Federal Contract Tower,0,0,0,0,0,0,0,0,0,0,0,0,0,0,0,0,0,0,0
10/11/2001,CGX,IL,AGL,CE,Federal Contract Tower,0,6,28,0,34,0,0,0,0,0,0,6,28,0,34,22,0,22,56
10/12/2001,CGX,IL,AGL,CE,Federal Contract Tower,0,0,47,0,47,0,0,0,0,0,0,0,47,0,47,0,0,0,47
10/13/2001,CGX,IL,AGL,CE,Federal Contract Tower,0,1,15,0,16,0,0,0,0,0,0,1,15,0,16,0,0,0,16
10/14/2001,CGX,IL,AGL,CE,Federal Contract Tower,0,1,28,0,29,0,0,0,0,0,0,1,28,0,29,0,0,0,29
10/15/2001,CGX,IL,AGL,CE,Federal Contract Tower,0,2,62,0,64,0,0,1,0,1,0,2,63,0,65,10,0,10,75
10/16/2001,CGX,IL,AGL,CE,Federal Contract Tower,0,0,45,0,45,0,0,3,0,3,0,0,48,0,48,0,0,0,48
10/17/2001,CGX,IL,AGL,CE,Federal Contract Tower,0,4,91,0,95,0,0,4,0,4,0,4,95,0,99,24,0,24,123
10/18/2001,CGX,IL,AGL,CE,Federal Contract Tower,0,5,112,0,117,0,0,3,1,4,0,5,115,1,121,14,0,14,135
10/19/2001,CGX,IL,AGL,CE,Federal Contract Tower,0,3,137,0,140,0,0,3,0,3,0,3,140,0,143,0,0,0,143
10/20/2001,CGX,IL,AGL,CE,Federal Contract Tower,0,7,90,0,97,0,0,0,0,0,0,7,90,0,97,0,0,0,97
10/21/2001,CGX,IL,AGL,CE,Federal Contract Tower,0,3,64,0,67,0,0,0,0,0,0,3,64,0,67,0,0,0,67
10/22/2001,CGX,IL,AGL,CE,Federal Contract Tower,0,1,28,0,29,0,0,2,0,2,0,1,30,0,31,0,0,0,31
10/23/2001,CGX,IL,AGL,CE,Federal Contract Tower,0,2,52,0,54,0,0,2,0,2,0,2,54,0,56,0,0,0,56
10/24/2001,CGX,IL,AGL,CE,Federal Contract Tower,0,2,37,0,39,0,0,5,0,5,0,2,42,0,44,0,0,0,44
10/25/2001,CGX,IL,AGL,CE,Federal Contract Tower,0,0,10,0,10,0,0,3,0,3,0,0,13,0,13,0,0,0,13
10/26/2001,CGX,IL,AGL,CE,Federal Contract Tower,0,2,49,0,51,0,0,5,0,5,0,2,54,0,56,0,0,0,56
10/27/2001,CGX,IL,AGL,CE,Federal Contract Tower,0,2,33,0,35,0,0,29,0,29,0,2,62,0,64,0,0,0,64
10/28/2001,CGX,IL,AGL,CE,Federal Contract Tower,0,0,44,0,44,0,0,37,2,39,0,0,81,2,83,0,0,0,83
10/29/2001,CGX,IL,AGL,CE,Federal Contract Tower,0,2,64,0,66,0,0,35,0,35,0,2,99,0,101,2,0,2,103
10/30/2001,CGX,IL,AGL,CE,Federal Contract Tower,0,2,44,0,46,0,0,19,2,21,0,2,63,2,67,0,0,0,67
10/31/2001,CGX,IL,AGL,CE,Federal Contract Tower,0,0,36,0,36,0,0,17,0,17,0,0,53,0,53,0,0,0,53
11/01/2001,CGX,IL,AGL,CE,Federal Contract Tower,0,3,51,0,54,0,1,11,0,12,0,4,62,0,66,0,0,0,66
11/02/2001,CGX,IL,AGL,CE,Federal Contract Tower,0,6,71,0,77,0,1,28,0,29,0,7,99,0,106,0,0,0,106
11/03/2001,CGX,IL,AGL,CE,Federal Contract Tower,0,0,53,0,53,0,1,39,3,43,0,1,92,3,96,0,0,0,96
11/04/2001,CGX,IL,AGL,CE,Federal Contract Tower,0,1,72,0,73,0,1,64,4,69,0,2,136,4,142,0,0,0,142
11/05/2001,CGX,IL,AGL,CE,Federal Contract Tower,0,10,55,0,65,0,0,34,0,34,0,10,89,0,99,0,0,0,99
11/06/2001,CGX,IL,AGL,CE,Federal Contract Tower,0,5,49,0,54,0,0,41,4,45,0,5,90,4,99,0,0,0,99
11/07/2001,CGX,IL,AGL,CE,Federal Contract Tower,0,1,47,0,48,0,0,27,6,33,0,1,74,6,81,0,0,0,81
11/08/2001,CGX,IL,AGL,CE,Federal Contract Tower,0,4,58,0,62,0,0,22,0,22,0,4,80,0,84,0,0,0,84
11/09/2001,CGX,IL,AGL,CE,Federal Contract Tower,0,11,53,0,64,0,0,57,0,57,0,11,110,0,121,0,0,0,121
11/10/2001,CGX,IL,AGL,CE,Federal Contract Tower,0,6,55,0,61,0,0,125,0,125,0,6,180,0,186,0,0,0,186
11/11/2001,CGX,IL,AGL,CE,Federal Contract Tower,0,9,95,0,104,0,0,105,0,105,0,9,200,0,209,0,0,0,209
11/12/2001,CGX,IL,AGL,CE,Federal Contract Tower,0,7,61,0,68,0,0,34,0,34,0,7,95,0,102,0,0,0,102
11/13/2001,CGX,IL,AGL,CE,Federal Contract Tower,0,6,95,0,101,0,0,48,0,48,0,6,143,0,149,0,0,0,149
11/14/2001,CGX,IL,AGL,CE,Federal Contract Tower,0,12,84,0,96,0,0,36,0,36,0,12,120,0,132,0,0,0,132
11/15/2001,CGX,IL,AGL,CE,Federal Contract Tower,0,3,53,0,56,0,0,38,0,38,0,3,91,0,94,0,0,0,94
11/16/2001,CGX,IL,AGL,CE,Federal Contract Tower,0,5,73,0,78,0,0,45,0,45,0,5,118,0,123,0,0,0,123
11/17/2001,CGX,IL,AGL,CE,Federal Contract Tower,0,0,17,0,17,0,0,2,0,2,0,0,19,0,19,0,0,0,19
11/18/2001,CGX,IL,AGL,CE,Federal Contract Tower,0,0,43,0,43,0,0,4,0,4,0,0,47,0,47,0,0,0,47
11/19/2001,CGX,IL,AGL,CE,Federal Contract Tower,0,1,37,0,38,0,0,13,0,13,0,1,50,0,51,0,0,0,51
11/20/2001,CGX,IL,AGL,CE,Federal Contract Tower,0,1,47,0,48,0,0,35,0,35,0,1,82,0,83,22,0,22,105
11/21/2001,CGX,IL,AGL,CE,Federal Contract Tower,0,0,9,0,9,0,0,90,0,90,0,0,99,0,99,0,0,0,99
11/22/2001,CGX,IL,AGL,CE,Federal Contract Tower,0,0,9,0,9,0,0,13,0,13,0,0,22,0,22,0,0,0,22
11/23/2001,CGX,IL,AGL,CE,Federal Contract Tower,0,2,28,0,30,0,0,26,0,26,0,2,54,0,56,6,0,6,62
11/24/2001,CGX,IL,AGL,CE,Federal Contract Tower,0,2,36,0,38,0,0,25,2,27,0,2,61,2,65,10,0,10,75
11/25/2001,CGX,IL,AGL,CE,Federal Contract Tower,0,1,37,0,38,0,0,15,0,15,0,1,52,0,53,0,0,0,53
11/26/2001,CGX,IL,AGL,CE,Federal Contract Tower,0,0,13,0,13,0,0,7,0,7,0,0,20,0,20,0,0,0,20
11/27/2001,CGX,IL,AGL,CE,Federal Contract Tower,0,5,49,0,54,0,0,21,2,23,0,5,70,2,77,0,0,0,77
11/28/2001,CGX,IL,AGL,CE,Federal Contract Tower,0,1,41,0,42,0,0,12,0,12,0,1,53,0,54,0,0,0,54
11/29/2001,CGX,IL,AGL,CE,Federal Contract Tower,0,0,37,0,37,0,0,7,0,7,0,0,44,0,44,0,0,0,44
11/30/2001,CGX,IL,AGL,CE,Federal Contract Tower,0,0,33,0,33,0,0,0,4,4,0,0,33,4,37,0,0,0,37
12/01/2001,CGX,IL,AGL,CE,Federal Contract Tower,0,0,31,0,31,0,0,12,0,12,0,0,43,0,43,26,0,26,69
12/02/2001,CGX,IL,AGL,CE,Federal Contract Tower,0,0,48,0,48,0,0,45,0,45,0,0,93,0,93,0,0,0,93
12/03/2001,CGX,IL,AGL,CE,Federal Contract Tower,0,3,45,0,48,0,0,33,0,33,0,3,78,0,81,0,0,0,81
12/04/2001,CGX,IL,AGL,CE,Federal Contract Tower,0,6,45,0,51,0,0,19,0,19,0,6,64,0,70,0,0,0,70
12/05/2001,CGX,IL,AGL,CE,Federal Contract Tower,0,3,71,0,74,0,0,26,0,26,0,3,97,0,100,0,0,0,100
12/06/2001,CGX,IL,AGL,CE,Federal Contract Tower,0,7,66,0,73,0,0,70,0,70,0,7,136,0,143,0,0,0,143
12/07/2001,CGX,IL,AGL,CE,Federal Contract Tower,0,5,84,0,89,0,1,48,0,49,0,6,132,0,138,0,0,0,138
12/08/2001,CGX,IL,AGL,CE,Federal Contract Tower,0,2,36,0,38,0,4,14,0,18,0,6,50,0,56,0,0,0,56
12/09/2001,CGX,IL,AGL,CE,Federal Contract Tower,0,1,49,0,50,0,0,65,0,65,0,1,114,0,115,0,0,0,115
12/10/2001,CGX,IL,AGL,CE,Federal Contract Tower,0,4,47,0,51,0,0,27,0,27,0,4,74,0,78,2,0,2,80
12/11/2001,CGX,IL,AGL,CE,Federal Contract Tower,0,1,65,0,66,0,0,36,0,36,0,1,101,0,102,0,0,0,102
12/12/2001,CGX,IL,AGL,CE,Federal Contract Tower,0,0,34,0,34,0,0,1,0,1,0,0,35,0,35,0,0,0,35
12/13/2001,CGX,IL,AGL,CE,Federal Contract Tower,0,2,44,0,46,0,0,6,0,6,0,2,50,0,52,0,0,0,52
12/14/2001,CGX,IL,AGL,CE,Federal Contract Tower,0,2,53,0,55,0,0,6,0,6,0,2,59,0,61,0,0,0,61
12/15/2001,CGX,IL,AGL,CE,Federal Contract Tower,0,1,19,0,20,0,0,2,0,2,0,1,21,0,22,0,0,0,22
12/16/2001,CGX,IL,AGL,CE,Federal Contract Tower,0,2,30,0,32,0,0,2,0,2,0,2,32,0,34,0,0,0,34
12/17/2001,CGX,IL,AGL,CE,Federal Contract Tower,0,9,41,0,50,0,0,2,0,2,0,9,43,0,52,0,0,0,52
12/18/2001,CGX,IL,AGL,CE,Federal Contract Tower,0,8,46,0,54,0,0,32,0,32,0,8,78,0,86,0,0,0,86
12/19/2001,CGX,IL,AGL,CE,Federal Contract Tower,0,0,38,0,38,0,0,15,0,15,0,0,53,0,53,0,0,0,53
12/20/2001,CGX,IL,AGL,CE,Federal Contract Tower,0,2,32,0,34,0,1,31,0,32,0,3,63,0,66,0,0,0,66
12/21/2001,CGX,IL,AGL,CE,Federal Contract Tower,0,1,55,0,56,0,0,29,0,29,0,1,84,0,85,0,0,0,85
12/22/2001,CGX,IL,AGL,CE,Federal Contract Tower,0,0,10,0,10,0,0,2,0,2,0,0,12,0,12,0,0,0,12
12/23/2001,CGX,IL,AGL,CE,Federal Contract Tower,0,0,4,0,4,0,0,8,0,8,0,0,12,0,12,0,0,0,12
12/24/2001,CGX,IL,AGL,CE,Federal Contract Tower,0,0,5,0,5,0,0,3,0,3,0,0,8,0,8,0,0,0,8
12/25/2001,CGX,IL,AGL,CE,Federal Contract Tower,0,0,7,0,7,0,0,1,0,1,0,0,8,0,8,0,0,0,8
12/26/2001,CGX,IL,AGL,CE,Federal Contract Tower,0,2,26,0,28,0,0,18,0,18,0,2,44,0,46,0,0,0,46
12/27/2001,CGX,IL,AGL,CE,Federal Contract Tower,0,2,26,0,28,0,0,10,0,10,0,2,36,0,38,0,0,0,38
12/28/2001,CGX,IL,AGL,CE,Federal Contract Tower,0,2,30,0,32,0,0,12,0,12,0,2,42,0,44,0,0,0,44
12/29/2001,CGX,IL,AGL,CE,Federal Contract Tower,0,0,9,0,9,0,0,16,0,16,0,0,25,0,25,0,0,0,25
12/30/2001,CGX,IL,AGL,CE,Federal Contract Tower,0,1,12,0,13,0,0,11,0,11,0,1,23,0,24,0,0,0,24
12/31/2001,CGX,IL,AGL,CE,Federal Contract Tower,0,0,8,0,8,0,0,16,0,16,0,0,24,0,24,0,0,0,24
01/01/2002,CGX,IL,AGL,CE,Federal Contract Tower,0,3,6,0,9,0,0,10,0,10,0,3,16,0,19,0,0,0,19
01/02/2002,CGX,IL,AGL,CE,Federal Contract Tower,0,2,20,0,22,0,0,21,0,21,0,2,41,0,43,0,0,0,43
01/03/2002,CGX,IL,AGL,CE,Federal Contract Tower,0,1,24,0,25,0,0,15,0,15,0,1,39,0,40,0,0,0,40
01/04/2002,CGX,IL,AGL,CE,Federal Contract Tower,0,2,42,0,44,0,0,46,0,46,0,2,88,0,90,0,0,0,90
01/05/2002,CGX,IL,AGL,CE,Federal Contract Tower,0,0,10,0,10,0,0,0,0,0,0,0,10,0,10,0,0,0,10
01/06/2002,CGX,IL,AGL,CE,Federal Contract Tower,0,3,11,0,14,0,0,3,0,3,0,3,14,0,17,0,0,0,17
01/07/2002,CGX,IL,AGL,CE,Federal Contract Tower,0,0,23,0,23,0,0,18,0,18,0,0,41,0,41,0,0,0,41
01/08/2002,CGX,IL,AGL,CE,Federal Contract Tower,0,5,28,0,33,0,0,18,0,18,0,5,46,0,51,0,0,0,51
01/09/2002,CGX,IL,AGL,CE,Federal Contract Tower,0,8,43,0,51,0,0,34,0,34,0,8,77,0,85,24,0,24,109
01/10/2002,CGX,IL,AGL,CE,Federal Contract Tower,0,4,38,0,42,0,0,17,0,17,0,4,55,0,59,0,0,0,59
01/11/2002,CGX,IL,AGL,CE,Federal Contract Tower,0,0,62,0,62,0,0,32,0,32,0,0,94,0,94,24,0,24,118
01/12/2002,CGX,IL,AGL,CE,Federal Contract Tower,0,0,11,0,11,0,0,10,0,10,0,0,21,0,21,0,0,0,21
01/13/2002,CGX,IL,AGL,CE,Federal Contract Tower,0,2,29,0,31,0,0,22,0,22,0,2,51,0,53,0,0,0,53
01/14/2002,CGX,IL,AGL,CE,Federal Contract Tower,0,2,45,0,47,0,0,7,0,7,0,2,52,0,54,0,0,0,54
01/15/2002,CGX,IL,AGL,CE,Federal Contract Tower,0,3,32,0,35,0,0,13,6,19,0,3,45,6,54,0,0,0,54
01/16/2002,CGX,IL,AGL,CE,Federal Contract Tower,0,6,24,0,30,0,0,0,0,0,0,6,24,0,30,0,0,0,30
01/17/2002,CGX,IL,AGL,CE,Federal Contract Tower,0,2,26,0,28,0,0,15,0,15,0,2,41,0,43,0,0,0,43
01/18/2002,CGX,IL,AGL,CE,Federal Contract Tower,0,2,51,0,53,0,0,21,0,21,0,2,72,0,74,0,0,0,74
01/19/2002,CGX,IL,AGL,CE,Federal Contract Tower,0,0,15,0,15,0,0,9,0,9,0,0,24,0,24,0,0,0,24
01/20/2002,CGX,IL,AGL,CE,Federal Contract Tower,0,0,32,0,32,0,0,14,0,14,0,0,46,0,46,0,0,0,46
01/21/2002,CGX,IL,AGL,CE,Federal Contract Tower,0,1,16,0,17,0,0,15,0,15,0,1,31,0,32,0,0,0,32
01/22/2002,CGX,IL,AGL,CE,Federal Contract Tower,0,0,38,0,38,0,0,42,0,42,0,0,80,0,80,34,0,34,114
01/23/2002,CGX,IL,AGL,CE,Federal Contract Tower,0,0,19,0,19,0,0,0,0,0,0,0,19,0,19,0,0,0,19
01/24/2002,CGX,IL,AGL,CE,Federal Contract Tower,0,0,51,0,51,0,0,22,0,22,0,0,73,0,73,0,0,0,73
01/25/2002,CGX,IL,AGL,CE,Federal Contract Tower,0,7,58,0,65,0,0,31,0,31,0,7,89,0,96,0,0,0,96
01/26/2002,CGX,IL,AGL,CE,Federal Contract Tower,0,0,30,0,30,0,0,145,0,145,0,0,175,0,175,30,0,30,205
01/27/2002,CGX,IL,AGL,CE,Federal Contract Tower,0,0,24,0,24,0,0,47,0,47,0,0,71,0,71,0,0,0,71
01/28/2002,CGX,IL,AGL,CE,Federal Contract Tower,0,3,45,0,48,0,0,10,0,10,0,3,55,0,58,28,0,28,86
01/29/2002,CGX,IL,AGL,CE,Federal Contract Tower,0,2,32,0,34,0,1,0,0,1,0,3,32,0,35,0,0,0,35
01/30/2002,CGX,IL,AGL,CE,Federal Contract Tower,0,0,1,0,1,0,0,0,0,0,0,0,1,0,1,0,0,0,1
01/31/2002,CGX,IL,AGL,CE,Federal Contract Tower,0,0,1,0,1,0,0,1,0,1,0,0,2,0,2,0,0,0,2
02/01/2002,CGX,IL,AGL,CE,Federal Contract Tower,0,0,26,0,26,0,0,13,0,13,0,0,39,0,39,0,0,0,39
02/02/2002,CGX,IL,AGL,CE,Federal Contract Tower,0,0,16,0,16,0,0,31,0,31,0,0,47,0,47,26,0,26,73
02/03/2002,CGX,IL,AGL,CE,Federal Contract Tower,0,0,18,0,18,0,0,15,0,15,0,0,33,0,33,0,0,0,33
02/04/2002,CGX,IL,AGL,CE,Federal Contract Tower,0,6,21,0,27,0,0,9,0,9,0,6,30,0,36,14,0,14,50
02/05/2002,CGX,IL,AGL,CE,Federal Contract Tower,0,5,48,0,53,0,0,23,0,23,0,5,71,0,76,6,0,6,82
02/06/2002,CGX,IL,AGL,CE,Federal Contract Tower,0,3,43,0,46,0,0,31,0,31,0,3,74,0,77,0,0,0,77
02/07/2002,CGX,IL,AGL,CE,Federal Contract Tower,0,2,39,0,41,0,0,41,0,41,0,2,80,0,82,92,0,92,174
02/08/2002,CGX,IL,AGL,CE,Federal Contract Tower,0,6,60,0,66,0,0,50,0,50,0,6,110,0,116,20,0,20,136
02/09/2002,CGX,IL,AGL,CE,Federal Contract Tower,0,0,22,0,22,0,0,84,0,84,0,0,106,0,106,0,0,0,106
02/10/2002,CGX,IL,AGL,CE,Federal Contract Tower,0,0,10,0,10,0,0,1,0,1,0,0,11,0,11,0,0,0,11
02/11/2002,CGX,IL,AGL,CE,Federal Contract Tower,0,0,26,0,26,0,0,17,0,17,0,0,43,0,43,4,0,4,47
02/12/2002,CGX,IL,AGL,CE,Federal Contract Tower,0,0,17,0,17,0,0,10,0,10,0,0,27,0,27,0,0,0,27
02/13/2002,CGX,IL,AGL,CE,Federal Contract Tower,0,0,38,0,38,0,0,42,0,42,0,0,80,0,80,50,0,50,130
02/14/2002,CGX,IL,AGL,CE,Federal Contract Tower,0,2,34,0,36,0,3,39,0,42,0,5,73,0,78,0,0,0,78
02/15/2002,CGX,IL,AGL,CE,Federal Contract Tower,0,2,38,0,40,0,1,42,0,43,0,3,80,0,83,6,0,6,89
02/16/2002,CGX,IL,AGL,CE,Federal Contract Tower,0,1,19,0,20,0,2,7,0,9,0,3,26,0,29,0,0,0,29
02/17/2002,CGX,IL,AGL,CE,Federal Contract Tower,0,1,28,0,29,0,0,34,0,34,0,1,62,0,63,34,0,34,97
02/18/2002,CGX,IL,AGL,CE,Federal Contract Tower,0,3,23,0,26,0,0,13,0,13,0,3,36,0,39,0,0,0,39
02/19/2002,CGX,IL,AGL,CE,Federal Contract Tower,0,5,33,0,38,0,0,1,0,1,0,5,34,0,39,0,0,0,39
02/20/2002,CGX,IL,AGL,CE,Federal Contract Tower,0,0,9,0,9,0,0,0,0,0,0,0,9,0,9,0,0,0,9
02/21/2002,CGX,IL,AGL,CE,Federal Contract Tower,0,4,34,0,38,0,0,17,0,17,0,4,51,0,55,0,0,0,55
02/22/2002,CGX,IL,AGL,CE,Federal Contract Tower,0,0,39,0,39,0,0,37,0,37,0,0,76,0,76,72,0,72,148
02/23/2002,CGX,IL,AGL,CE,Federal Contract Tower,0,0,16,0,16,0,0,38,0,38,0,0,54,0,54,26,0,26,80
02/24/2002,CGX,IL,AGL,CE,Federal Contract Tower,0,0,20,0,20,0,0,27,0,27,0,0,47,0,47,0,0,0,47
02/25/2002,CGX,IL,AGL,CE,Federal Contract Tower,0,1,22,0,23,0,0,4,0,4,0,1,26,0,27,0,0,0,27
02/26/2002,CGX,IL,AGL,CE,Federal Contract Tower,0,0,29,0,29,0,0,0,0,0,0,0,29,0,29,0,0,0,29
02/27/2002,CGX,IL,AGL,CE,Federal Contract Tower,0,2,46,0,48,0,0,21,0,21,0,2,67,0,69,4,0,4,73
02/28/2002,CGX,IL,AGL,CE,Federal Contract Tower,0,3,37,0,40,0,0,18,0,18,0,3,55,0,58,0,0,0,58
03/01/2002,CGX,IL,AGL,CE,Federal Contract Tower,0,0,39,0,39,0,0,21,0,21,0,0,60,0,60,0,0,0,60
03/02/2002,CGX,IL,AGL,CE,Federal Contract Tower,0,0,1,0,1,0,0,1,0,1,0,0,2,0,2,0,0,0,2
03/03/2002,CGX,IL,AGL,CE,Federal Contract Tower,0,0,14,0,14,0,0,3,0,3,0,0,17,0,17,0,0,0,17
03/04/2002,CGX,IL,AGL,CE,Federal Contract Tower,0,1,34,0,35,0,0,15,0,15,0,1,49,0,50,0,0,0,50
03/05/2002,CGX,IL,AGL,CE,Federal Contract Tower,0,7,62,0,69,0,0,34,0,34,0,7,96,0,103,0,0,0,103
03/06/2002,CGX,IL,AGL,CE,Federal Contract Tower,0,3,55,0,58,0,0,36,0,36,0,3,91,0,94,20,0,20,114
03/07/2002,CGX,IL,AGL,CE,Federal Contract Tower,0,2,31,0,33,0,4,0,0,4,0,6,31,0,37,0,0,0,37
03/08/2002,CGX,IL,AGL,CE,Federal Contract Tower,0,2,39,0,41,0,3,5,0,8,0,5,44,0,49,0,0,0,49
03/09/2002,CGX,IL,AGL,CE,Federal Contract Tower,0,0,0,0,0,0,0,1,0,1,0,0,1,0,1,0,0,0,1
03/10/2002,CGX,IL,AGL,CE,Federal Contract Tower,0,2,14,0,16,0,0,12,0,12,0,2,26,0,28,52,0,52,80
03/11/2002,CGX,IL,AGL,CE,Federal Contract Tower,0,4,54,0,58,0,0,26,0,26,0,4,80,0,84,40,0,40,124
03/12/2002,CGX,IL,AGL,CE,Federal Contract Tower,0,2,45,0,47,0,0,39,4,43,0,2,84,4,90,0,0,0,90
03/13/2002,CGX,IL,AGL,CE,Federal Contract Tower,0,3,46,0,49,0,0,48,6,54,0,3,94,6,103,6,0,6,109
03/14/2002,CGX,IL,AGL,CE,Federal Contract Tower,0,1,33,0,34,0,3,17,0,20,0,4,50,0,54,6,0,6,60
03/15/2002,CGX,IL,AGL,CE,Federal Contract Tower,0,0,43,0,43,0,0,11,0,11,0,0,54,0,54,0,0,0,54
03/16/2002,CGX,IL,AGL,CE,Federal Contract Tower,0,0,18,0,18,0,0,24,11,35,0,0,42,11,53,0,0,0,53
03/17/2002,CGX,IL,AGL,CE,Federal Contract Tower,0,0,44,0,44,0,0,9,0,9,0,0,53,0,53,0,0,0,53
03/18/2002,CGX,IL,AGL,CE,Federal Contract Tower,0,5,53,0,58,0,0,31,0,31,0,5,84,0,89,0,0,0,89
03/19/2002,CGX,IL,AGL,CE,Federal Contract Tower,0,0,49,0,49,0,0,21,0,21,0,0,70,0,70,0,0,0,70
03/20/2002,CGX,IL,AGL,CE,Federal Contract Tower,0,2,78,0,80,0,0,14,0,14,0,2,92,0,94,0,0,0,94
03/21/2002,CGX,IL,AGL,CE,Federal Contract Tower,0,0,44,0,44,0,0,14,0,14,0,0,58,0,58,0,0,0,58
03/22/2002,CGX,IL,AGL,CE,Federal Contract Tower,0,0,54,0,54,0,0,23,0,23,0,0,77,0,77,0,0,0,77
03/23/2002,CGX,IL,AGL,CE,Federal Contract Tower,0,1,16,0,17,0,0,31,0,31,0,1,47,0,48,0,0,0,48
03/24/2002,CGX,IL,AGL,CE,Federal Contract Tower,0,0,24,0,24,0,0,12,0,12,0,0,36,0,36,0,0,0,36
03/25/2002,CGX,IL,AGL,CE,Federal Contract Tower,0,0,15,0,15,0,0,2,2,4,0,0,17,2,19,0,0,0,19
03/26/2002,CGX,IL,AGL,CE,Federal Contract Tower,0,0,16,0,16,0,0,8,0,8,0,0,24,0,24,0,0,0,24
03/27/2002,CGX,IL,AGL,CE,Federal Contract Tower,0,2,27,0,29,0,0,43,0,43,0,2,70,0,72,18,0,18,90
03/28/2002,CGX,IL,AGL,CE,Federal Contract Tower,0,2,48,0,50,0,0,22,0,22,0,2,70,0,72,0,0,0,72
03/29/2002,CGX,IL,AGL,CE,Federal Contract Tower,0,0,36,0,36,0,0,3,0,3,0,0,39,0,39,0,0,0,39
03/30/2002,CGX,IL,AGL,CE,Federal Contract Tower,0,0,15,0,15,0,0,35,0,35,0,0,50,0,50,0,0,0,50
03/31/2002,CGX,IL,AGL,CE,Federal Contract Tower,0,0,15,0,15,0,0,7,0,7,0,0,22,0,22,0,0,0,22
04/01/2002,CGX,IL,AGL,CE,Federal Contract Tower,0,2,23,0,25,0,0,11,0,11,0,2,34,0,36,0,0,0,36
04/02/2002,CGX,IL,AGL,CE,Federal Contract Tower,0,0,21,0,21,0,0,3,0,3,0,0,24,0,24,0,0,0,24
04/03/2002,CGX,IL,AGL,CE,Federal Contract Tower,0,5,53,0,58,0,0,17,0,17,0,5,70,0,75,0,0,0,75
04/04/2002,CGX,IL,AGL,CE,Federal Contract Tower,0,1,67,0,68,0,0,25,0,25,0,1,92,0,93,0,0,0,93
04/05/2002,CGX,IL,AGL,CE,Federal Contract Tower,0,4,77,0,81,0,0,46,0,46,0,4,123,0,127,0,0,0,127
04/06/2002,CGX,IL,AGL,CE,Federal Contract Tower,0,5,68,0,73,0,0,47,0,47,0,5,115,0,120,0,0,0,120
04/07/2002,CGX,IL,AGL,CE,Federal Contract Tower,0,0,33,0,33,0,0,7,0,7,0,0,40,0,40,0,0,0,40
04/08/2002,CGX,IL,AGL,CE,Federal Contract Tower,0,0,2,0,2,0,0,0,0,0,0,0,2,0,2,0,0,0,2
04/09/2002,CGX,IL,AGL,CE,Federal Contract Tower,0,2,36,0,38,0,0,21,0,21,0,2,57,0,59,0,0,0,59
04/10/2002,CGX,IL,AGL,CE,Federal Contract Tower,0,6,46,0,52,0,0,46,2,48,0,6,92,2,100,0,0,0,100
04/11/2002,CGX,IL,AGL,CE,Federal Contract Tower,0,5,77,0,82,0,0,52,0,52,0,5,129,0,134,0,0,0,134
04/12/2002,CGX,IL,AGL,CE,Federal Contract Tower,0,1,45,0,46,0,0,6,0,6,0,1,51,0,52,0,0,0,52
04/13/2002,CGX,IL,AGL,CE,Federal Contract Tower,0,3,36,0,39,0,0,118,0,118,0,3,154,0,157,0,0,0,157
04/14/2002,CGX,IL,AGL,CE,Federal Contract Tower,0,2,37,0,39,0,0,21,0,21,0,2,58,0,60,0,0,0,60
04/15/2002,CGX,IL,AGL,CE,Federal Contract Tower,0,0,44,0,44,0,0,44,0,44,0,0,88,0,88,16,0,16,104
04/16/2002,CGX,IL,AGL,CE,Federal Contract Tower,0,7,50,0,57,0,0,49,0,49,0,7,99,0,106,0,0,0,106
04/17/2002,CGX,IL,AGL,CE,Federal Contract Tower,0,3,55,0,58,0,0,54,0,54,0,3,109,0,112,6,0,6,118
04/18/2002,CGX,IL,AGL,CE,Federal Contract Tower,0,5,60,0,65,0,0,42,0,42,0,5,102,0,107,0,0,0,107
04/19/2002,CGX,IL,AGL,CE,Federal Contract Tower,0,9,56,0,65,0,0,44,0,44,0,9,100,0,109,0,0,0,109
04/20/2002,CGX,IL,AGL,CE,Federal Contract Tower,0,1,27,0,28,0,1,22,0,23,0,2,49,0,51,2,0,2,53
04/21/2002,CGX,IL,AGL,CE,Federal Contract Tower,0,0,33,0,33,0,0,1,0,1,0,0,34,0,34,0,0,0,34
04/22/2002,CGX,IL,AGL,CE,Federal Contract Tower,0,4,33,0,37,0,0,29,0,29,0,4,62,0,66,16,0,16,82
04/23/2002,CGX,IL,AGL,CE,Federal Contract Tower,0,6,48,0,54,0,0,59,0,59,0,6,107,0,113,30,0,30,143
04/24/2002,CGX,IL,AGL,CE,Federal Contract Tower,0,3,42,0,45,0,0,37,0,37,0,3,79,0,82,0,0,0,82
04/25/2002,CGX,IL,AGL,CE,Federal Contract Tower,0,4,46,0,50,0,0,38,0,38,0,4,84,0,88,0,0,0,88
04/26/2002,CGX,IL,AGL,CE,Federal Contract Tower,0,12,79,0,91,0,0,66,0,66,0,12,145,0,157,0,0,0,157
04/27/2002,CGX,IL,AGL,CE,Federal Contract Tower,0,1,17,0,18,0,0,3,0,3,0,1,20,0,21,4,0,4,25
04/28/2002,CGX,IL,AGL,CE,Federal Contract Tower,0,4,27,0,31,0,0,4,0,4,0,4,31,0,35,0,0,0,35
04/29/2002,CGX,IL,AGL,CE,Federal Contract Tower,0,3,41,0,44,0,0,30,0,30,0,3,71,0,74,16,0,16,90
04/30/2002,CGX,IL,AGL,CE,Federal Contract Tower,0,3,36,0,39,0,0,43,7,50,0,3,79,7,89,0,0,0,89
05/01/2002,CGX,IL,AGL,CE,Federal Contract Tower,0,7,49,0,56,0,1,34,0,35,0,8,83,0,91,0,0,0,91
05/02/2002,CGX,IL,AGL,CE,Federal Contract Tower,0,9,51,0,60,0,2,40,0,42,0,11,91,0,102,0,0,0,102
05/03/2002,CGX,IL,AGL,CE,Federal Contract Tower,0,2,53,0,55,0,1,82,0,83,0,3,135,0,138,4,0,4,142
05/04/2002,CGX,IL,AGL,CE,Federal Contract Tower,0,0,50,0,50,0,0,47,0,47,0,0,97,0,97,0,0,0,97
05/05/2002,CGX,IL,AGL,CE,Federal Contract Tower,0,6,69,0,75,0,0,72,0,72,0,6,141,0,147,66,0,66,213
05/06/2002,CGX,IL,AGL,CE,Federal Contract Tower,0,2,80,0,82,0,0,22,0,22,0,2,102,0,104,0,0,0,104
05/07/2002,CGX,IL,AGL,CE,Federal Contract Tower,0,5,78,0,83,0,4,16,0,20,0,9,94,0,103,0,0,0,103
05/08/2002,CGX,IL,AGL,CE,Federal Contract Tower,0,5,43,0,48,0,0,4,0,4,0,5,47,0,52,0,0,0,52
05/09/2002,CGX,IL,AGL,CE,Federal Contract Tower,0,1,40,0,41,0,0,20,0,20,0,1,60,0,61,0,0,0,61
05/10/2002,CGX,IL,AGL,CE,Federal Contract Tower,0,12,63,0,75,0,0,50,10,60,0,12,113,10,135,0,0,0,135
05/11/2002,CGX,IL,AGL,CE,Federal Contract Tower,0,0,15,0,15,0,0,3,0,3,0,0,18,0,18,0,0,0,18
05/12/2002,CGX,IL,AGL,CE,Federal Contract Tower,0,0,15,0,15,0,0,0,0,0,0,0,15,0,15,0,0,0,15
05/13/2002,CGX,IL,AGL,CE,Federal Contract Tower,0,4,16,0,20,0,0,32,10,42,0,4,48,10,62,0,0,0,62
05/14/2002,CGX,IL,AGL,CE,Federal Contract Tower,0,3,72,0,75,0,0,53,0,53,0,3,125,0,128,0,0,0,128
05/15/2002,CGX,IL,AGL,CE,Federal Contract Tower,0,5,41,0,46,0,0,39,0,39,0,5,80,0,85,0,0,0,85
05/16/2002,CGX,IL,AGL,CE,Federal Contract Tower,0,7,46,0,53,0,0,12,0,12,0,7,58,0,65,0,0,0,65
05/17/2002,CGX,IL,AGL,CE,Federal Contract Tower,0,7,82,0,89,0,0,64,0,64,0,7,146,0,153,0,0,0,153
05/18/2002,CGX,IL,AGL,CE,Federal Contract Tower,0,8,56,0,64,0,0,32,0,32,0,8,88,0,96,0,0,0,96
05/19/2002,CGX,IL,AGL,CE,Federal Contract Tower,0,7,91,0,98,0,0,56,0,56,0,7,147,0,154,0,0,0,154
05/20/2002,CGX,IL,AGL,CE,Federal Contract Tower,0,7,95,0,102,0,1,57,0,58,0,8,152,0,160,0,0,0,160
05/21/2002,CGX,IL,AGL,CE,Federal Contract Tower,0,6,83,0,89,0,0,74,0,74,0,6,157,0,163,0,0,0,163
05/22/2002,CGX,IL,AGL,CE,Federal Contract Tower,0,1,61,0,62,0,0,60,0,60,0,1,121,0,122,0,0,0,122
05/23/2002,CGX,IL,AGL,CE,Federal Contract Tower,0,4,71,0,75,0,0,30,0,30,0,4,101,0,105,0,0,0,105
05/24/2002,CGX,IL,AGL,CE,Federal Contract Tower,0,3,56,0,59,0,0,61,0,61,0,3,117,0,120,0,0,0,120
05/25/2002,CGX,IL,AGL,CE,Federal Contract Tower,0,0,29,0,29,0,0,10,0,10,0,0,39,0,39,0,0,0,39
05/26/2002,CGX,IL,AGL,CE,Federal Contract Tower,0,1,40,0,41,0,0,69,0,69,0,1,109,0,110,0,0,0,110
05/27/2002,CGX,IL,AGL,CE,Federal Contract Tower,0,2,37,0,39,0,1,44,0,45,0,3,81,0,84,0,0,0,84
05/28/2002,CGX,IL,AGL,CE,Federal Contract Tower,0,0,50,0,50,0,0,23,0,23,0,0,73,0,73,0,0,0,73
05/29/2002,CGX,IL,AGL,CE,Federal Contract Tower,0,4,54,0,58,0,0,34,0,34,0,4,88,0,92,0,0,0,92
05/30/2002,CGX,IL,AGL,CE,Federal Contract Tower,0,4,52,0,56,0,0,16,0,16,0,4,68,0,72,0,0,0,72
05/31/2002,CGX,IL,AGL,CE,Federal Contract Tower,0,5,57,0,62,0,0,44,0,44,0,5,101,0,106,0,0,0,106
06/01/2002,CGX,IL,AGL,CE,Federal Contract Tower,0,4,34,0,38,0,0,59,4,63,0,4,93,4,101,10,0,10,111
06/02/2002,CGX,IL,AGL,CE,Federal Contract Tower,0,5,27,0,32,0,0,43,0,43,0,5,70,0,75,10,0,10,85
06/03/2002,CGX,IL,AGL,CE,Federal Contract Tower,0,2,29,0,31,0,0,16,0,16,0,2,45,0,47,0,0,0,47
06/04/2002,CGX,IL,AGL,CE,Federal Contract Tower,0,0,23,0,23,0,0,4,0,4,0,0,27,0,27,0,0,0,27
06/05/2002,CGX,IL,AGL,CE,Federal Contract Tower,0,3,25,0,28,0,0,0,0,0,0,3,25,0,28,0,0,0,28
06/06/2002,CGX,IL,AGL,CE,Federal Contract Tower,0,4,70,0,74,0,0,29,0,29,0,4,99,0,103,0,0,0,103
06/07/2002,CGX,IL,AGL,CE,Federal Contract Tower,0,2,77,0,79,0,0,39,0,39,0,2,116,0,118,0,0,0,118
06/08/2002,CGX,IL,AGL,CE,Federal Contract Tower,0,2,30,0,32,0,0,299,0,299,0,2,329,0,331,8,0,8,339
06/09/2002,CGX,IL,AGL,CE,Federal Contract Tower,0,2,50,0,52,0,0,33,0,33,0,2,83,0,85,0,0,0,85
06/10/2002,CGX,IL,AGL,CE,Federal Contract Tower,0,2,71,0,73,0,0,42,0,42,0,2,113,0,115,18,0,18,133
06/11/2002,CGX,IL,AGL,CE,Federal Contract Tower,0,5,53,0,58,0,0,16,0,16,0,5,69,0,74,26,0,26,100
06/12/2002,CGX,IL,AGL,CE,Federal Contract Tower,0,2,55,0,57,0,0,19,0,19,0,2,74,0,76,0,0,0,76
06/13/2002,CGX,IL,AGL,CE,Federal Contract Tower,0,0,38,0,38,0,0,12,0,12,0,0,50,0,50,0,0,0,50
06/14/2002,CGX,IL,AGL,CE,Federal Contract Tower,0,6,42,0,48,0,1,31,0,32,0,7,73,0,80,0,0,0,80
06/15/2002,CGX,IL,AGL,CE,Federal Contract Tower,0,2,28,0,30,0,0,34,0,34,0,2,62,0,64,0,0,0,64
06/16/2002,CGX,IL,AGL,CE,Federal Contract Tower,0,4,31,0,35,0,0,43,0,43,0,4,74,0,78,0,0,0,78
06/17/2002,CGX,IL,AGL,CE,Federal Contract Tower,0,5,43,0,48,0,0,45,0,45,0,5,88,0,93,10,0,10,103
06/18/2002,CGX,IL,AGL,CE,Federal Contract Tower,0,3,40,0,43,0,0,55,0,55,0,3,95,0,98,0,0,0,98
06/19/2002,CGX,IL,AGL,CE,Federal Contract Tower,0,0,52,0,52,0,0,42,0,42,0,0,94,0,94,42,0,42,136
06/20/2002,CGX,IL,AGL,CE,Federal Contract Tower,0,0,70,0,70,0,0,48,0,48,0,0,118,0,118,0,0,0,118
06/21/2002,CGX,IL,AGL,CE,Federal Contract Tower,0,2,62,0,64,0,0,39,0,39,0,2,101,0,103,6,0,6,109
06/22/2002,CGX,IL,AGL,CE,Federal Contract Tower,0,0,58,0,58,0,0,68,0,68,0,0,126,0,126,0,0,0,126
06/23/2002,CGX,IL,AGL,CE,Federal Contract Tower,0,1,52,0,53,0,0,35,0,35,0,1,87,0,88,0,0,0,88
06/24/2002,CGX,IL,AGL,CE,Federal Contract Tower,0,1,49,0,50,0,0,36,0,36,0,1,85,0,86,2,0,2,88
06/25/2002,CGX,IL,AGL,CE,Federal Contract Tower,0,0,39,0,39,0,0,33,0,33,0,0,72,0,72,0,0,0,72
06/26/2002,CGX,IL,AGL,CE,Federal Contract Tower,0,5,66,0,71,0,0,50,0,50,0,5,116,0,121,0,0,0,121
06/27/2002,CGX,IL,AGL,CE,Federal Contract Tower,0,8,118,0,126,0,0,75,0,75,0,8,193,0,201,0,0,0,201
06/28/2002,CGX,IL,AGL,CE,Federal Contract Tower,0,2,62,0,64,0,0,71,0,71,0,2,133,0,135,0,0,0,135
06/29/2002,CGX,IL,AGL,CE,Federal Contract Tower,0,0,37,0,37,0,0,72,0,72,0,0,109,0,109,20,0,20,129
06/30/2002,CGX,IL,AGL,CE,Federal Contract Tower,0,2,58,0,60,0,0,60,0,60,0,2,118,0,120,0,0,0,120
07/01/2002,CGX,IL,AGL,CE,Federal Contract Tower,0,1,29,0,30,0,0,49,0,49,0,1,78,0,79,0,0,0,79
07/02/2002,CGX,IL,AGL,CE,Federal Contract Tower,0,2,50,0,52,0,0,55,0,55,0,2,105,0,107,0,0,0,107
07/03/2002,CGX,IL,AGL,CE,Federal Contract Tower,0,4,31,0,35,0,0,26,0,26,0,4,57,0,61,0,0,0,61
07/04/2002,CGX,IL,AGL,CE,Federal Contract Tower,0,0,24,0,24,0,0,24,0,24,0,0,48,0,48,0,0,0,48
07/05/2002,CGX,IL,AGL,CE,Federal Contract Tower,0,2,25,0,27,0,0,73,0,73,0,2,98,0,100,0,0,0,100
07/06/2002,CGX,IL,AGL,CE,Federal Contract Tower,0,0,22,0,22,0,0,28,0,28,0,0,50,0,50,44,0,44,94
07/07/2002,CGX,IL,AGL,CE,Federal Contract Tower,0,10,43,0,53,0,0,43,0,43,0,10,86,0,96,0,0,0,96
07/08/2002,CGX,IL,AGL,CE,Federal Contract Tower,0,11,38,0,49,0,1,36,0,37,0,12,74,0,86,0,0,0,86
07/09/2002,CGX,IL,AGL,CE,Federal Contract Tower,0,4,30,0,34,0,0,7,0,7,0,4,37,0,41,0,0,0,41
07/10/2002,CGX,IL,AGL,CE,Federal Contract Tower,0,0,29,0,29,0,0,38,0,38,0,0,67,0,67,0,0,0,67
07/11/2002,CGX,IL,AGL,CE,Federal Contract Tower,0,13,47,0,60,0,0,42,0,42,0,13,89,0,102,0,0,0,102
07/12/2002,CGX,IL,AGL,CE,Federal Contract Tower,0,17,54,0,71,0,1,45,0,46,0,18,99,0,117,0,0,0,117
07/13/2002,CGX,IL,AGL,CE,Federal Contract Tower,0,2,57,0,59,0,0,231,0,231,0,2,288,0,290,0,0,0,290
07/14/2002,CGX,IL,AGL,CE,Federal Contract Tower,0,8,51,0,59,0,0,72,0,72,0,8,123,0,131,0,0,0,131
07/15/2002,CGX,IL,AGL,CE,Federal Contract Tower,0,6,53,0,59,0,0,40,0,40,0,6,93,0,99,0,0,0,99
07/16/2002,CGX,IL,AGL,CE,Federal Contract Tower,0,2,65,0,67,0,0,50,0,50,0,2,115,0,117,0,0,0,117
07/17/2002,CGX,IL,AGL,CE,Federal Contract Tower,0,11,75,0,86,0,0,58,0,58,0,11,133,0,144,0,0,0,144
07/18/2002,CGX,IL,AGL,CE,Federal Contract Tower,0,4,62,0,66,0,0,30,0,30,0,4,92,0,96,0,0,0,96
07/19/2002,CGX,IL,AGL,CE,Federal Contract Tower,0,5,105,0,110,0,0,42,0,42,0,5,147,0,152,0,0,0,152
07/20/2002,CGX,IL,AGL,CE,Federal Contract Tower,0,4,66,0,70,0,0,60,0,60,0,4,126,0,130,8,0,8,138
07/21/2002,CGX,IL,AGL,CE,Federal Contract Tower,0,0,53,0,53,0,0,65,0,65,0,0,118,0,118,4,0,4,122
07/22/2002,CGX,IL,AGL,CE,Federal Contract Tower,0,1,56,0,57,0,0,38,0,38,0,1,94,0,95,40,0,40,135
07/23/2002,CGX,IL,AGL,CE,Federal Contract Tower,0,4,74,0,78,0,1,109,0,110,0,5,183,0,188,2,0,2,190
07/24/2002,CGX,IL,AGL,CE,Federal Contract Tower,0,2,82,0,84,0,0,143,0,143,0,2,225,0,227,0,0,0,227
07/25/2002,CGX,IL,AGL,CE,Federal Contract Tower,0,2,59,0,61,0,0,71,0,71,0,2,130,0,132,0,0,0,132
07/26/2002,CGX,IL,AGL,CE,Federal Contract Tower,0,7,85,0,92,0,0,65,0,65,0,7,150,0,157,0,0,0,157
07/27/2002,CGX,IL,AGL,CE,Federal Contract Tower,0,0,34,0,34,0,0,35,0,35,0,0,69,0,69,0,0,0,69
07/28/2002,CGX,IL,AGL,CE,Federal Contract Tower,0,0,35,0,35,0,0,31,0,31,0,0,66,0,66,0,0,0,66
07/29/2002,CGX,IL,AGL,CE,Federal Contract Tower,0,4,64,0,68,0,0,17,0,17,0,4,81,0,85,4,0,4,89
07/30/2002,CGX,IL,AGL,CE,Federal Contract Tower,0,8,55,0,63,0,0,62,0,62,0,8,117,0,125,0,0,0,125
07/31/2002,CGX,IL,AGL,CE,Federal Contract Tower,0,2,42,0,44,0,0,46,0,46,0,2,88,0,90,0,0,0,90
08/01/2002,CGX,IL,AGL,CE,Federal Contract Tower,0,4,47,0,51,0,0,58,0,58,0,4,105,0,109,0,0,0,109
08/02/2002,CGX,IL,AGL,CE,Federal Contract Tower,0,4,40,0,44,0,0,64,0,64,0,4,104,0,108,8,0,8,116
08/03/2002,CGX,IL,AGL,CE,Federal Contract Tower,0,2,48,0,50,0,0,131,0,131,0,2,179,0,181,0,0,0,181
08/04/2002,CGX,IL,AGL,CE,Federal Contract Tower,0,4,51,0,55,0,5,46,0,51,0,9,97,0,106,0,0,0,106
08/05/2002,CGX,IL,AGL,CE,Federal Contract Tower,0,6,41,0,47,0,0,25,0,25,0,6,66,0,72,0,0,0,72
08/06/2002,CGX,IL,AGL,CE,Federal Contract Tower,0,0,43,0,43,0,0,47,0,47,0,0,90,0,90,8,0,8,98
08/07/2002,CGX,IL,AGL,CE,Federal Contract Tower,0,2,71,0,73,0,0,62,0,62,0,2,133,0,135,0,0,0,135
08/08/2002,CGX,IL,AGL,CE,Federal Contract Tower,0,3,77,0,80,0,0,64,0,64,0,3,141,0,144,0,0,0,144
08/09/2002,CGX,IL,AGL,CE,Federal Contract Tower,0,8,60,0,68,0,0,98,0,98,0,8,158,0,166,0,0,0,166
08/10/2002,CGX,IL,AGL,CE,Federal Contract Tower,0,3,49,0,52,0,0,42,0,42,0,3,91,0,94,0,0,0,94
08/11/2002,CGX,IL,AGL,CE,Federal Contract Tower,0,2,55,0,57,0,0,47,0,47,0,2,102,0,104,0,0,0,104
08/12/2002,CGX,IL,AGL,CE,Federal Contract Tower,0,7,83,0,90,0,0,48,0,48,0,7,131,0,138,0,0,0,138
08/13/2002,CGX,IL,AGL,CE,Federal Contract Tower,0,6,69,0,75,0,1,48,0,49,0,7,117,0,124,0,0,0,124
08/14/2002,CGX,IL,AGL,CE,Federal Contract Tower,0,12,61,0,73,0,0,90,0,90,0,12,151,0,163,0,0,0,163
08/15/2002,CGX,IL,AGL,CE,Federal Contract Tower,0,3,41,0,44,0,0,40,4,44,0,3,81,4,88,0,0,0,88
08/16/2002,CGX,IL,AGL,CE,Federal Contract Tower,0,3,29,0,32,0,0,30,1,31,0,3,59,1,63,0,0,0,63
08/17/2002,CGX,IL,AGL,CE,Federal Contract Tower,0,3,16,2,21,0,0,32,14,46,0,3,48,16,67,0,0,0,67
08/18/2002,CGX,IL,AGL,CE,Federal Contract Tower,0,0,47,0,47,0,0,45,0,45,0,0,92,0,92,0,0,0,92
08/19/2002,CGX,IL,AGL,CE,Federal Contract Tower,0,0,34,0,34,0,0,28,0,28,0,0,62,0,62,0,0,0,62
08/20/2002,CGX,IL,AGL,CE,Federal Contract Tower,0,0,39,0,39,0,0,26,0,26,0,0,65,0,65,0,0,0,65
08/21/2002,CGX,IL,AGL,CE,Federal Contract Tower,0,1,66,0,67,0,0,27,0,27,0,1,93,0,94,2,0,2,96
08/22/2002,CGX,IL,AGL,CE,Federal Contract Tower,0,1,28,0,29,0,0,5,0,5,0,1,33,0,34,0,0,0,34
08/23/2002,CGX,IL,AGL,CE,Federal Contract Tower,0,1,10,0,11,0,0,0,0,0,0,1,10,0,11,0,0,0,11
08/24/2002,CGX,IL,AGL,CE,Federal Contract Tower,0,2,56,0,58,0,0,38,0,38,0,2,94,0,96,0,0,0,96
08/25/2002,CGX,IL,AGL,CE,Federal Contract Tower,0,0,36,0,36,0,0,38,0,38,0,0,74,0,74,0,0,0,74
08/26/2002,CGX,IL,AGL,CE,Federal Contract Tower,0,6,31,0,37,0,0,29,0,29,0,6,60,0,66,0,0,0,66
08/27/2002,CGX,IL,AGL,CE,Federal Contract Tower,0,2,38,0,40,0,0,29,0,29,0,2,67,0,69,0,0,0,69
08/28/2002,CGX,IL,AGL,CE,Federal Contract Tower,0,5,63,0,68,0,0,74,0,74,0,5,137,0,142,0,0,0,142
08/29/2002,CGX,IL,AGL,CE,Federal Contract Tower,0,1,81,0,82,0,0,65,0,65,0,1,146,0,147,0,0,0,147
08/30/2002,CGX,IL,AGL,CE,Federal Contract Tower,0,4,63,0,67,0,1,65,0,66,0,5,128,0,133,0,0,0,133
08/31/2002,CGX,IL,AGL,CE,Federal Contract Tower,0,1,45,0,46,0,0,77,0,77,0,1,122,0,123,0,0,0,123
09/01/2002,CGX,IL,AGL,CE,Federal Contract Tower,0,2,44,0,46,0,2,40,0,42,0,4,84,0,88,0,0,0,88
09/02/2002,CGX,IL,AGL,CE,Federal Contract Tower,0,0,33,0,33,0,0,29,0,29,0,0,62,0,62,0,0,0,62
09/03/2002,CGX,IL,AGL,CE,Federal Contract Tower,0,6,47,0,53,0,0,30,0,30,0,6,77,0,83,0,0,0,83
09/04/2002,CGX,IL,AGL,CE,Federal Contract Tower,0,11,96,0,107,0,0,77,0,77,0,11,173,0,184,0,0,0,184
09/05/2002,CGX,IL,AGL,CE,Federal Contract Tower,0,8,112,0,120,0,0,125,0,125,0,8,237,0,245,0,0,0,245
09/06/2002,CGX,IL,AGL,CE,Federal Contract Tower,0,8,131,0,139,0,0,87,0,87,0,8,218,0,226,0,0,0,226
09/07/2002,CGX,IL,AGL,CE,Federal Contract Tower,0,5,71,0,76,0,0,80,0,80,0,5,151,0,156,0,0,0,156
09/08/2002,CGX,IL,AGL,CE,Federal Contract Tower,0,4,61,0,65,0,0,48,0,48,0,4,109,0,113,0,0,0,113
09/09/2002,CGX,IL,AGL,CE,Federal Contract Tower,0,12,123,0,135,0,0,102,0,102,0,12,225,0,237,0,0,0,237
09/10/2002,CGX,IL,AGL,CE,Federal Contract Tower,0,10,121,0,131,0,0,45,0,45,0,10,166,0,176,0,0,0,176
09/11/2002,CGX,IL,AGL,CE,Federal Contract Tower,0,2,98,0,100,0,0,50,2,52,0,2,148,2,152,2,0,2,154
09/12/2002,CGX,IL,AGL,CE,Federal Contract Tower,0,8,65,0,73,0,1,59,0,60,0,9,124,0,133,10,0,10,143
09/13/2002,CGX,IL,AGL,CE,Federal Contract Tower,0,12,70,0,82,0,0,90,0,90,0,12,160,0,172,16,0,16,188
09/14/2002,CGX,IL,AGL,CE,Federal Contract Tower,0,2,41,0,43,0,2,120,0,122,0,4,161,0,165,10,0,10,175
09/15/2002,CGX,IL,AGL,CE,Federal Contract Tower,0,1,52,0,53,0,0,41,0,41,0,1,93,0,94,0,0,0,94
09/16/2002,CGX,IL,AGL,CE,Federal Contract Tower,0,2,55,0,57,0,0,50,0,50,0,2,105,0,107,8,0,8,115
09/17/2002,CGX,IL,AGL,CE,Federal Contract Tower,0,8,71,0,79,0,0,46,0,46,0,8,117,0,125,0,0,0,125
09/18/2002,CGX,IL,AGL,CE,Federal Contract Tower,0,3,58,0,61,0,0,33,0,33,0,3,91,0,94,10,0,10,104
09/19/2002,CGX,IL,AGL,CE,Federal Contract Tower,0,0,74,0,74,0,0,18,0,18,0,0,92,0,92,4,0,4,96
09/20/2002,CGX,IL,AGL,CE,Federal Contract Tower,0,3,69,0,72,0,0,14,0,14,0,3,83,0,86,0,0,0,86
09/21/2002,CGX,IL,AGL,CE,Federal Contract Tower,0,4,42,0,46,0,0,84,0,84,0,4,126,0,130,2,0,2,132
09/22/2002,CGX,IL,AGL,CE,Federal Contract Tower,0,5,67,0,72,0,0,36,0,36,0,5,103,0,108,8,0,8,116
09/23/2002,CGX,IL,AGL,CE,Federal Contract Tower,0,5,56,0,61,0,0,50,0,50,0,5,106,0,111,0,0,0,111
09/24/2002,CGX,IL,AGL,CE,Federal Contract Tower,0,6,54,0,60,0,0,53,0,53,0,6,107,0,113,0,0,0,113
09/25/2002,CGX,IL,AGL,CE,Federal Contract Tower,0,2,70,0,72,0,0,53,0,53,0,2,123,0,125,6,0,6,131
09/26/2002,CGX,IL,AGL,CE,Federal Contract Tower,0,4,57,0,61,0,0,62,0,62,0,4,119,0,123,36,0,36,159
09/27/2002,CGX,IL,AGL,CE,Federal Contract Tower,0,2,44,0,46,0,0,77,0,77,0,2,121,0,123,8,0,8,131
09/28/2002,CGX,IL,AGL,CE,Federal Contract Tower,0,4,49,0,53,0,0,42,0,42,0,4,91,0,95,0,0,0,95
09/29/2002,CGX,IL,AGL,CE,Federal Contract Tower,0,0,49,0,49,0,0,26,0,26,0,0,75,0,75,12,0,12,87
09/30/2002,CGX,IL,AGL,CE,Federal Contract Tower,0,5,49,0,54,0,0,40,0,40,0,5,89,0,94,0,0,0,94
10/01/2002,CGX,IL,AGL,CE,Federal Contract Tower,0,4,50,0,54,0,0,30,0,30,0,4,80,0,84,0,0,0,84
10/02/2002,CGX,IL,AGL,CE,Federal Contract Tower,0,0,71,0,71,0,0,10,0,10,0,0,81,0,81,0,0,0,81
10/03/2002,CGX,IL,AGL,CE,Federal Contract Tower,0,4,57,0,61,0,0,12,0,12,0,4,69,0,73,0,0,0,73
10/04/2002,CGX,IL,AGL,CE,Federal Contract Tower,0,2,58,0,60,0,0,17,0,17,0,2,75,0,77,0,0,0,77
10/05/2002,CGX,IL,AGL,CE,Federal Contract Tower,0,7,66,0,73,0,0,76,0,76,0,7,142,0,149,0,0,0,149
10/06/2002,CGX,IL,AGL,CE,Federal Contract Tower,0,2,54,0,56,0,0,32,0,32,0,2,86,0,88,0,0,0,88
10/07/2002,CGX,IL,AGL,CE,Federal Contract Tower,0,13,99,0,112,0,0,50,0,50,0,13,149,0,162,0,0,0,162
10/08/2002,CGX,IL,AGL,CE,Federal Contract Tower,0,7,103,0,110,0,0,45,2,47,0,7,148,2,157,0,0,0,157
10/09/2002,CGX,IL,AGL,CE,Federal Contract Tower,0,6,86,0,92,0,0,51,0,51,0,6,137,0,143,0,0,0,143
10/10/2002,CGX,IL,AGL,CE,Federal Contract Tower,0,1,75,0,76,0,0,40,0,40,0,1,115,0,116,0,0,0,116
10/11/2002,CGX,IL,AGL,CE,Federal Contract Tower,0,5,87,0,92,0,0,49,0,49,0,5,136,0,141,0,0,0,141
10/12/2002,CGX,IL,AGL,CE,Federal Contract Tower,0,0,50,0,50,0,0,11,0,11,0,0,61,0,61,0,0,0,61
10/13/2002,CGX,IL,AGL,CE,Federal Contract Tower,0,0,44,0,44,0,0,61,0,61,0,0,105,0,105,0,0,0,105
10/14/2002,CGX,IL,AGL,CE,Federal Contract Tower,0,11,48,0,59,0,0,36,0,36,0,11,84,0,95,0,0,0,95
10/15/2002,CGX,IL,AGL,CE,Federal Contract Tower,0,4,65,0,69,0,0,37,0,37,0,4,102,0,106,0,0,0,106
10/16/2002,CGX,IL,AGL,CE,Federal Contract Tower,0,9,51,0,60,0,0,41,0,41,0,9,92,0,101,0,0,0,101
10/17/2002,CGX,IL,AGL,CE,Federal Contract Tower,0,5,50,0,55,0,0,18,0,18,0,5,68,0,73,0,0,0,73
10/18/2002,CGX,IL,AGL,CE,Federal Contract Tower,0,10,65,0,75,0,0,38,0,38,0,10,103,0,113,0,0,0,113
10/19/2002,CGX,IL,AGL,CE,Federal Contract Tower,0,2,24,0,26,0,0,23,0,23,0,2,47,0,49,0,0,0,49
10/20/2002,CGX,IL,AGL,CE,Federal Contract Tower,0,4,54,0,58,0,5,36,0,41,0,9,90,0,99,0,0,0,99
10/21/2002,CGX,IL,AGL,CE,Federal Contract Tower,0,1,57,0,58,0,0,40,0,40,0,1,97,0,98,0,0,0,98
10/22/2002,CGX,IL,AGL,CE,Federal Contract Tower,0,10,66,0,76,0,0,37,0,37,0,10,103,0,113,0,0,0,113
10/23/2002,CGX,IL,AGL,CE,Federal Contract Tower,0,9,70,0,79,0,0,16,0,16,0,9,86,0,95,0,0,0,95
10/24/2002,CGX,IL,AGL,CE,Federal Contract Tower,0,0,41,0,41,0,0,21,0,21,0,0,62,0,62,0,0,0,62
10/25/2002,CGX,IL,AGL,CE,Federal Contract Tower,0,5,73,0,78,0,1,9,0,10,0,6,82,0,88,0,0,0,88
10/26/2002,CGX,IL,AGL,CE,Federal Contract Tower,0,2,49,0,51,0,0,19,0,19,0,2,68,0,70,0,0,0,70
10/27/2002,CGX,IL,AGL,CE,Federal Contract Tower,0,5,46,0,51,0,0,24,0,24,0,5,70,0,75,0,0,0,75
10/28/2002,CGX,IL,AGL,CE,Federal Contract Tower,0,3,49,0,52,0,0,23,0,23,0,3,72,0,75,0,0,0,75
10/29/2002,CGX,IL,AGL,CE,Federal Contract Tower,0,5,35,0,40,0,0,18,0,18,0,5,53,0,58,0,0,0,58
10/30/2002,CGX,IL,AGL,CE,Federal Contract Tower,0,6,46,0,52,0,0,10,0,10,0,6,56,0,62,0,0,0,62
10/31/2002,CGX,IL,AGL,CE,Federal Contract Tower,0,0,31,0,31,0,0,22,0,22,0,0,53,0,53,0,0,0,53
11/01/2002,CGX,IL,AGL,CE,Federal Contract Tower,0,6,54,0,60,0,0,39,0,39,0,6,93,0,99,0,0,0,99
11/02/2002,CGX,IL,AGL,CE,Federal Contract Tower,0,1,44,0,45,0,0,48,0,48,0,1,92,0,93,0,0,0,93
11/03/2002,CGX,IL,AGL,CE,Federal Contract Tower,0,6,55,0,61,0,1,43,0,44,0,7,98,0,105,0,0,0,105
11/04/2002,CGX,IL,AGL,CE,Federal Contract Tower,0,12,79,0,91,0,0,40,0,40,0,12,119,0,131,0,0,0,131
11/05/2002,CGX,IL,AGL,CE,Federal Contract Tower,0,3,75,0,78,0,0,3,0,3,0,3,78,0,81,0,0,0,81
11/06/2002,CGX,IL,AGL,CE,Federal Contract Tower,0,10,105,0,115,0,0,43,0,43,0,10,148,0,158,6,0,6,164
11/07/2002,CGX,IL,AGL,CE,Federal Contract Tower,0,4,68,0,72,0,0,87,0,87,0,4,155,0,159,4,0,4,163
11/08/2002,CGX,IL,AGL,CE,Federal Contract Tower,0,4,55,0,59,0,0,58,0,58,0,4,113,0,117,0,0,0,117
11/09/2002,CGX,IL,AGL,CE,Federal Contract Tower,0,2,41,0,43,0,0,11,0,11,0,2,52,0,54,0,0,0,54
11/10/2002,CGX,IL,AGL,CE,Federal Contract Tower,0,4,44,0,48,0,0,7,0,7,0,4,51,0,55,0,0,0,55
11/11/2002,CGX,IL,AGL,CE,Federal Contract Tower,0,7,43,0,50,0,0,4,0,4,0,7,47,0,54,0,0,0,54
11/12/2002,CGX,IL,AGL,CE,Federal Contract Tower,0,1,51,0,52,0,0,10,0,10,0,1,61,0,62,0,0,0,62
11/13/2002,CGX,IL,AGL,CE,Federal Contract Tower,0,2,52,0,54,0,0,55,0,55,0,2,107,0,109,0,0,0,109
11/14/2002,CGX,IL,AGL,CE,Federal Contract Tower,0,8,48,0,56,0,0,10,0,10,0,8,58,0,66,0,0,0,66
11/15/2002,CGX,IL,AGL,CE,Federal Contract Tower,0,3,43,0,46,0,1,25,0,26,0,4,68,0,72,0,0,0,72
11/16/2002,CGX,IL,AGL,CE,Federal Contract Tower,0,3,34,0,37,0,0,7,0,7,0,3,41,0,44,0,0,0,44
11/17/2002,CGX,IL,AGL,CE,Federal Contract Tower,0,3,28,0,31,0,0,21,0,21,0,3,49,0,52,0,0,0,52
11/18/2002,CGX,IL,AGL,CE,Federal Contract Tower,0,6,48,0,54,0,0,27,0,27,0,6,75,0,81,0,0,0,81
11/19/2002,CGX,IL,AGL,CE,Federal Contract Tower,0,7,62,0,69,0,0,37,0,37,0,7,99,0,106,0,0,0,106
11/20/2002,CGX,IL,AGL,CE,Federal Contract Tower,0,10,44,0,54,0,0,36,0,36,0,10,80,0,90,0,0,0,90
11/21/2002,CGX,IL,AGL,CE,Federal Contract Tower,0,5,46,0,51,0,0,5,0,5,0,5,51,0,56,0,0,0,56
11/22/2002,CGX,IL,AGL,CE,Federal Contract Tower,0,3,42,0,45,0,0,32,0,32,0,3,74,0,77,0,0,0,77
11/23/2002,CGX,IL,AGL,CE,Federal Contract Tower,0,0,22,0,22,0,0,107,0,107,0,0,129,0,129,6,0,6,135
11/24/2002,CGX,IL,AGL,CE,Federal Contract Tower,0,0,22,0,22,0,0,24,0,24,0,0,46,0,46,0,0,0,46
11/25/2002,CGX,IL,AGL,CE,Federal Contract Tower,0,2,51,0,53,0,0,13,0,13,0,2,64,0,66,0,0,0,66
11/26/2002,CGX,IL,AGL,CE,Federal Contract Tower,0,0,20,0,20,0,0,9,0,9,0,0,29,0,29,0,0,0,29
11/27/2002,CGX,IL,AGL,CE,Federal Contract Tower,0,1,34,0,35,0,0,25,0,25,0,1,59,0,60,0,0,0,60
11/28/2002,CGX,IL,AGL,CE,Federal Contract Tower,0,1,5,0,6,0,0,5,0,5,0,1,10,0,11,0,0,0,11
11/29/2002,CGX,IL,AGL,CE,Federal Contract Tower,0,0,10,0,10,0,0,13,0,13,0,0,23,0,23,0,0,0,23
11/30/2002,CGX,IL,AGL,CE,Federal Contract Tower,0,0,13,0,13,0,0,4,0,4,0,0,17,0,17,0,0,0,17
12/01/2002,CGX,IL,AGL,CE,Federal Contract Tower,0,0,32,0,32,0,0,14,0,14,0,0,46,0,46,0,0,0,46
12/02/2002,CGX,IL,AGL,CE,Federal Contract Tower,0,2,18,0,20,0,0,5,0,5,0,2,23,0,25,0,0,0,25
12/03/2002,CGX,IL,AGL,CE,Federal Contract Tower,0,2,22,0,24,0,0,32,0,32,0,2,54,0,56,0,0,0,56
12/04/2002,CGX,IL,AGL,CE,Federal Contract Tower,0,6,42,0,48,0,0,37,0,37,0,6,79,0,85,0,0,0,85
12/05/2002,CGX,IL,AGL,CE,Federal Contract Tower,0,7,54,0,61,0,0,29,0,29,0,7,83,0,90,10,0,10,100
12/06/2002,CGX,IL,AGL,CE,Federal Contract Tower,0,0,64,0,64,0,0,38,0,38,0,0,102,0,102,0,0,0,102
12/07/2002,CGX,IL,AGL,CE,Federal Contract Tower,0,2,38,0,40,0,0,29,0,29,0,2,67,0,69,0,0,0,69
12/08/2002,CGX,IL,AGL,CE,Federal Contract Tower,0,3,42,0,45,0,0,40,8,48,0,3,82,8,93,0,0,0,93
12/09/2002,CGX,IL,AGL,CE,Federal Contract Tower,0,2,46,0,48,0,0,20,0,20,0,2,66,0,68,0,0,0,68
12/10/2002,CGX,IL,AGL,CE,Federal Contract Tower,0,2,72,0,74,0,0,45,0,45,0,2,117,0,119,20,2,22,141
12/11/2002,CGX,IL,AGL,CE,Federal Contract Tower,0,4,48,0,52,0,0,51,4,55,0,4,99,4,107,22,0,22,129
12/12/2002,CGX,IL,AGL,CE,Federal Contract Tower,0,1,64,0,65,0,0,17,0,17,0,1,81,0,82,10,0,10,92
12/13/2002,CGX,IL,AGL,CE,Federal Contract Tower,0,4,51,0,55,0,1,0,0,1,0,5,51,0,56,0,0,0,56
12/14/2002,CGX,IL,AGL,CE,Federal Contract Tower,0,0,23,0,23,0,0,9,0,9,0,0,32,0,32,16,0,16,48
12/15/2002,CGX,IL,AGL,CE,Federal Contract Tower,0,6,28,0,34,0,0,22,0,22,0,6,50,0,56,0,0,0,56
12/16/2002,CGX,IL,AGL,CE,Federal Contract Tower,0,0,35,0,35,0,0,42,0,42,0,0,77,0,77,0,0,0,77
12/17/2002,CGX,IL,AGL,CE,Federal Contract Tower,0,5,41,0,46,0,1,27,0,28,0,6,68,0,74,0,0,0,74
12/18/2002,CGX,IL,AGL,CE,Federal Contract Tower,0,0,33,0,33,0,0,1,0,1,0,0,34,0,34,0,0,0,34
12/19/2002,CGX,IL,AGL,CE,Federal Contract Tower,0,0,52,0,52,0,0,11,0,11,0,0,63,0,63,0,0,0,63
12/20/2002,CGX,IL,AGL,CE,Federal Contract Tower,0,2,46,0,48,0,2,15,2,19,0,4,61,2,67,0,0,0,67
12/21/2002,CGX,IL,AGL,CE,Federal Contract Tower,0,0,16,0,16,0,1,15,0,16,0,1,31,0,32,0,0,0,32
12/22/2002,CGX,IL,AGL,CE,Federal Contract Tower,0,1,8,0,9,0,0,4,0,4,0,1,12,0,13,0,0,0,13
12/23/2002,CGX,IL,AGL,CE,Federal Contract Tower,0,2,27,0,29,0,0,18,0,18,0,2,45,0,47,4,0,4,51
12/24/2002,CGX,IL,AGL,CE,Federal Contract Tower,0,0,9,0,9,0,0,6,0,6,0,0,15,0,15,0,0,0,15
12/25/2002,CGX,IL,AGL,CE,Federal Contract Tower,0,0,2,0,2,0,0,2,0,2,0,0,4,0,4,0,0,0,4
12/26/2002,CGX,IL,AGL,CE,Federal Contract Tower,0,2,15,0,17,0,0,23,0,23,0,2,38,0,40,0,0,0,40
12/27/2002,CGX,IL,AGL,CE,Federal Contract Tower,0,4,16,0,20,0,0,22,0,22,0,4,38,0,42,0,0,0,42
12/28/2002,CGX,IL,AGL,CE,Federal Contract Tower,0,0,24,0,24,0,0,8,0,8,0,0,32,0,32,0,0,0,32
12/29/2002,CGX,IL,AGL,CE,Federal Contract Tower,0,0,27,0,27,0,0,14,0,14,0,0,41,0,41,0,0,0,41
12/30/2002,CGX,IL,AGL,CE,Federal Contract Tower,0,0,9,0,9,0,0,4,0,4,0,0,13,0,13,0,0,0,13
12/31/2002,CGX,IL,AGL,CE,Federal Contract Tower,0,0,16,0,16,0,0,19,0,19,0,0,35,0,35,0,0,0,35
01/01/2003,CGX,IL,AGL,CE,Federal Contract Tower,0,2,12,0,14,0,0,9,0,9,0,2,21,0,23,0,0,0,23
01/02/2003,CGX,IL,AGL,CE,Federal Contract Tower,0,2,15,0,17,0,0,3,0,3,0,2,18,0,20,0,0,0,20
01/03/2003,CGX,IL,AGL,CE,Federal Contract Tower,0,0,23,0,23,0,0,20,0,20,0,0,43,0,43,0,0,0,43
01/04/2003,CGX,IL,AGL,CE,Federal Contract Tower,0,0,18,0,18,0,0,12,0,12,0,0,30,0,30,2,0,2,32
01/05/2003,CGX,IL,AGL,CE,Federal Contract Tower,0,0,3,0,3,0,0,0,0,0,0,0,3,0,3,22,0,22,25
01/06/2003,CGX,IL,AGL,CE,Federal Contract Tower,0,2,24,0,26,0,0,22,12,34,0,2,46,12,60,4,0,4,64
01/07/2003,CGX,IL,AGL,CE,Federal Contract Tower,0,4,20,0,24,0,0,18,11,29,0,4,38,11,53,0,0,0,53
01/08/2003,CGX,IL,AGL,CE,Federal Contract Tower,0,5,43,0,48,0,0,20,0,20,0,5,63,0,68,10,0,10,78
01/09/2003,CGX,IL,AGL,CE,Federal Contract Tower,0,2,40,0,42,0,0,16,0,16,0,2,56,0,58,0,0,0,58
01/10/2003,CGX,IL,AGL,CE,Federal Contract Tower,0,2,38,0,40,0,0,27,0,27,0,2,65,0,67,0,0,0,67
01/11/2003,CGX,IL,AGL,CE,Federal Contract Tower,0,0,14,0,14,0,0,7,0,7,0,0,21,0,21,0,0,0,21
01/12/2003,CGX,IL,AGL,CE,Federal Contract Tower,0,4,26,0,30,0,1,30,0,31,0,5,56,0,61,0,0,0,61
01/13/2003,CGX,IL,AGL,CE,Federal Contract Tower,0,3,29,0,32,0,1,32,0,33,0,4,61,0,65,14,0,14,79
01/14/2003,CGX,IL,AGL,CE,Federal Contract Tower,0,0,47,0,47,0,0,13,0,13,0,0,60,0,60,14,0,14,74
01/15/2003,CGX,IL,AGL,CE,Federal Contract Tower,0,0,44,0,44,0,0,24,0,24,0,0,68,0,68,0,0,0,68
01/16/2003,CGX,IL,AGL,CE,Federal Contract Tower,0,7,36,0,43,0,1,27,0,28,0,8,63,0,71,0,0,0,71
01/17/2003,CGX,IL,AGL,CE,Federal Contract Tower,0,2,35,0,37,0,0,28,0,28,0,2,63,0,65,16,0,16,81
01/18/2003,CGX,IL,AGL,CE,Federal Contract Tower,0,0,5,0,5,0,0,13,0,13,0,0,18,0,18,0,0,0,18
01/19/2003,CGX,IL,AGL,CE,Federal Contract Tower,0,2,14,0,16,0,0,3,0,3,0,2,17,0,19,0,0,0,19
01/20/2003,CGX,IL,AGL,CE,Federal Contract Tower,0,0,22,0,22,0,0,21,0,21,0,0,43,0,43,0,0,0,43
01/21/2003,CGX,IL,AGL,CE,Federal Contract Tower,0,2,62,0,64,0,0,37,4,41,0,2,99,4,105,6,0,6,111
01/22/2003,CGX,IL,AGL,CE,Federal Contract Tower,0,0,22,0,22,0,0,20,0,20,0,0,42,0,42,0,0,0,42
01/23/2003,CGX,IL,AGL,CE,Federal Contract Tower,0,4,42,0,46,0,0,16,0,16,0,4,58,0,62,0,0,0,62
01/24/2003,CGX,IL,AGL,CE,Federal Contract Tower,0,3,48,0,51,0,0,28,0,28,0,3,76,0,79,0,0,0,79
01/25/2003,CGX,IL,AGL,CE,Federal Contract Tower,0,2,15,0,17,0,0,39,0,39,0,2,54,0,56,0,0,0,56
01/26/2003,CGX,IL,AGL,CE,Federal Contract Tower,0,2,15,0,17,0,0,14,0,14,0,2,29,0,31,0,0,0,31
01/27/2003,CGX,IL,AGL,CE,Federal Contract Tower,0,3,49,0,52,0,1,16,0,17,0,4,65,0,69,6,0,6,75
01/28/2003,CGX,IL,AGL,CE,Federal Contract Tower,0,5,33,0,38,0,0,4,0,4,0,5,37,0,42,8,0,8,50
01/29/2003,CGX,IL,AGL,CE,Federal Contract Tower,0,1,36,0,37,0,0,8,1,9,0,1,44,1,46,0,0,0,46
01/30/2003,CGX,IL,AGL,CE,Federal Contract Tower,0,2,33,0,35,0,0,32,0,32,0,2,65,0,67,0,0,0,67
01/31/2003,CGX,IL,AGL,CE,Federal Contract Tower,0,2,9,0,11,0,0,0,0,0,0,2,9,0,11,0,0,0,11
02/01/2003,CGX,IL,AGL,CE,Federal Contract Tower,0,0,21,0,21,0,0,1,0,1,0,0,22,0,22,0,0,0,22
02/02/2003,CGX,IL,AGL,CE,Federal Contract Tower,0,0,5,0,5,0,0,3,0,3,0,0,8,0,8,0,0,0,8
02/03/2003,CGX,IL,AGL,CE,Federal Contract Tower,0,0,4,0,4,0,0,0,0,0,0,0,4,0,4,0,0,0,4
02/04/2003,CGX,IL,AGL,CE,Federal Contract Tower,0,0,11,0,11,0,0,17,0,17,0,0,28,0,28,0,0,0,28
02/05/2003,CGX,IL,AGL,CE,Federal Contract Tower,0,2,25,0,27,0,0,25,0,25,0,2,50,0,52,20,0,20,72
02/06/2003,CGX,IL,AGL,CE,Federal Contract Tower,0,0,43,0,43,0,0,15,0,15,0,0,58,0,58,2,0,2,60
02/07/2003,CGX,IL,AGL,CE,Federal Contract Tower,0,1,52,0,53,0,0,20,0,20,0,1,72,0,73,0,0,0,73
02/08/2003,CGX,IL,AGL,CE,Federal Contract Tower,0,0,6,0,6,0,0,6,0,6,0,0,12,0,12,0,0,0,12
02/09/2003,CGX,IL,AGL,CE,Federal Contract Tower,0,0,11,0,11,0,0,19,0,19,0,0,30,0,30,6,0,6,36
02/10/2003,CGX,IL,AGL,CE,Federal Contract Tower,0,1,46,0,47,0,1,14,0,15,0,2,60,0,62,0,0,0,62
02/11/2003,CGX,IL,AGL,CE,Federal Contract Tower,0,4,39,0,43,0,0,8,0,8,0,4,47,0,51,0,0,0,51
02/12/2003,CGX,IL,AGL,CE,Federal Contract Tower,0,0,47,0,47,0,0,22,0,22,0,0,69,0,69,0,0,0,69
02/13/2003,CGX,IL,AGL,CE,Federal Contract Tower,0,1,58,0,59,0,0,38,0,38,0,1,96,0,97,4,0,4,101
02/14/2003,CGX,IL,AGL,CE,Federal Contract Tower,0,2,16,0,18,0,0,16,0,16,0,2,32,0,34,0,0,0,34
02/15/2003,CGX,IL,AGL,CE,Federal Contract Tower,0,0,5,0,5,0,0,6,0,6,0,0,11,0,11,0,0,0,11
02/16/2003,CGX,IL,AGL,CE,Federal Contract Tower,0,1,18,0,19,0,1,29,0,30,0,2,47,0,49,0,0,0,49
02/17/2003,CGX,IL,AGL,CE,Federal Contract Tower,0,2,33,0,35,0,0,5,0,5,0,2,38,0,40,0,0,0,40
02/18/2003,CGX,IL,AGL,CE,Federal Contract Tower,0,4,25,0,29,0,0,9,0,9,0,4,34,0,38,0,0,0,38
02/19/2003,CGX,IL,AGL,CE,Federal Contract Tower,0,2,36,0,38,0,0,32,0,32,0,2,68,0,70,0,0,0,70
02/20/2003,CGX,IL,AGL,CE,Federal Contract Tower,0,4,38,0,42,0,0,46,0,46,0,4,84,0,88,0,0,0,88
02/21/2003,CGX,IL,AGL,CE,Federal Contract Tower,0,0,52,0,52,0,0,34,0,34,0,0,86,0,86,0,0,0,86
02/22/2003,CGX,IL,AGL,CE,Federal Contract Tower,0,2,12,0,14,0,0,0,0,0,0,2,12,0,14,0,0,0,14
02/23/2003,CGX,IL,AGL,CE,Federal Contract Tower,0,0,13,0,13,0,0,28,0,28,0,0,41,0,41,12,0,12,53
02/24/2003,CGX,IL,AGL,CE,Federal Contract Tower,0,3,35,0,38,0,0,10,0,10,0,3,45,0,48,0,0,0,48
02/25/2003,CGX,IL,AGL,CE,Federal Contract Tower,0,2,22,0,24,0,0,23,0,23,0,2,45,0,47,10,0,10,57
02/26/2003,CGX,IL,AGL,CE,Federal Contract Tower,0,0,45,0,45,0,0,17,0,17,0,0,62,0,62,0,0,0,62
02/27/2003,CGX,IL,AGL,CE,Federal Contract Tower,0,2,41,0,43,0,0,55,0,55,0,2,96,0,98,30,0,30,128
02/28/2003,CGX,IL,AGL,CE,Federal Contract Tower,0,0,23,0,23,0,2,58,0,60,0,2,81,0,83,22,0,22,105
03/01/2003,CGX,IL,AGL,CE,Federal Contract Tower,0,1,15,0,16,0,1,9,0,10,0,2,24,0,26,0,0,0,26
03/02/2003,CGX,IL,AGL,CE,Federal Contract Tower,0,0,16,0,16,0,0,3,0,3,0,0,19,0,19,0,0,0,19
03/03/2003,CGX,IL,AGL,CE,Federal Contract Tower,0,2,29,0,31,0,0,3,0,3,0,2,32,0,34,0,0,0,34
03/04/2003,CGX,IL,AGL,CE,Federal Contract Tower,0,2,34,0,36,0,0,3,0,3,0,2,37,0,39,0,0,0,39
03/05/2003,CGX,IL,AGL,CE,Federal Contract Tower,0,0,41,0,41,0,0,23,0,23,0,0,64,0,64,36,0,36,100
03/06/2003,CGX,IL,AGL,CE,Federal Contract Tower,0,2,50,0,52,0,0,30,0,30,0,2,80,0,82,0,0,0,82
03/07/2003,CGX,IL,AGL,CE,Federal Contract Tower,0,2,38,0,40,0,0,18,0,18,0,2,56,0,58,0,0,0,58
03/08/2003,CGX,IL,AGL,CE,Federal Contract Tower,0,1,10,0,11,0,0,7,0,7,0,1,17,0,18,0,0,0,18
03/09/2003,CGX,IL,AGL,CE,Federal Contract Tower,0,1,23,0,24,0,0,18,0,18,0,1,41,0,42,0,0,0,42
03/10/2003,CGX,IL,AGL,CE,Federal Contract Tower,0,4,31,0,35,0,0,6,0,6,0,4,37,0,41,22,0,22,63
03/11/2003,CGX,IL,AGL,CE,Federal Contract Tower,0,3,48,0,51,0,0,24,0,24,0,3,72,0,75,12,0,12,87
03/12/2003,CGX,IL,AGL,CE,Federal Contract Tower,0,3,34,0,37,0,0,19,0,19,0,3,53,0,56,12,0,12,68
03/13/2003,CGX,IL,AGL,CE,Federal Contract Tower,0,3,46,0,49,0,0,26,0,26,0,3,72,0,75,0,0,0,75
03/14/2003,CGX,IL,AGL,CE,Federal Contract Tower,0,1,48,0,49,0,0,78,0,78,0,1,126,0,127,16,0,16,143
03/15/2003,CGX,IL,AGL,CE,Federal Contract Tower,0,1,39,0,40,0,0,38,0,38,0,1,77,0,78,0,0,0,78
03/16/2003,CGX,IL,AGL,CE,Federal Contract Tower,0,1,52,0,53,0,0,43,0,43,0,1,95,0,96,0,0,0,96
03/17/2003,CGX,IL,AGL,CE,Federal Contract Tower,0,4,50,0,54,0,0,30,0,30,0,4,80,0,84,6,0,6,90
03/18/2003,CGX,IL,AGL,CE,Federal Contract Tower,0,1,15,0,16,0,0,2,0,2,0,1,17,0,18,0,0,0,18
03/19/2003,CGX,IL,AGL,CE,Federal Contract Tower,0,5,29,0,34,0,0,10,0,10,0,5,39,0,44,0,0,0,44
03/20/2003,CGX,IL,AGL,CE,Federal Contract Tower,0,3,24,0,27,0,0,16,0,16,0,3,40,0,43,0,0,0,43
03/21/2003,CGX,IL,AGL,CE,Federal Contract Tower,0,0,31,0,31,0,0,26,0,26,0,0,57,0,57,0,0,0,57
03/22/2003,CGX,IL,AGL,CE,Federal Contract Tower,0,0,26,0,26,0,0,24,0,24,0,0,50,0,50,0,0,0,50
03/23/2003,CGX,IL,AGL,CE,Federal Contract Tower,0,0,24,0,24,0,0,27,0,27,0,0,51,0,51,0,0,0,51
03/24/2003,CGX,IL,AGL,CE,Federal Contract Tower,0,2,38,0,40,0,3,24,0,27,0,5,62,0,67,0,0,0,67
03/25/2003,CGX,IL,AGL,CE,Federal Contract Tower,0,2,23,0,25,0,0,13,0,13,0,2,36,0,38,0,0,0,38
03/26/2003,CGX,IL,AGL,CE,Federal Contract Tower,0,1,42,0,43,0,0,23,0,23,0,1,65,0,66,8,0,8,74
03/27/2003,CGX,IL,AGL,CE,Federal Contract Tower,0,1,26,0,27,0,2,23,0,25,0,3,49,0,52,2,0,2,54
03/28/2003,CGX,IL,AGL,CE,Federal Contract Tower,0,1,22,0,23,0,1,7,0,8,0,2,29,0,31,0,0,0,31
03/29/2003,CGX,IL,AGL,CE,Federal Contract Tower,0,0,29,0,29,0,0,8,0,8,0,0,37,0,37,20,0,20,57
03/30/2003,CGX,IL,AGL,CE,Federal Contract Tower,0,0,25,0,25,0,0,29,0,29,0,0,54,0,54,0,0,0,54
03/31/2003,CGX,IL,AGL,CE,Federal Contract Tower,0,0,0,0,0,0,0,0,0,0,0,0,0,0,0,0,0,0,0
