01/01/2000,CHA,TN,ASO,ES,Towers with Radar,15,10,34,0,59,9,0,0,0,9,24,10,34,0,68,26,0,26,94
01/02/2000,CHA,TN,ASO,ES,Towers with Radar,29,16,87,0,132,0,0,30,0,30,29,16,117,0,162,67,0,67,229
01/03/2000,CHA,TN,ASO,ES,Towers with Radar,30,24,68,10,132,3,7,16,0,26,33,31,84,10,158,18,14,32,190
01/04/2000,CHA,TN,ASO,ES,Towers with Radar,36,29,83,14,162,0,0,18,27,45,36,29,101,41,207,71,50,121,328
01/05/2000,CHA,TN,ASO,ES,Towers with Radar,40,28,88,11,167,0,0,58,0,58,40,28,146,11,225,91,20,111,336
01/06/2000,CHA,TN,ASO,ES,Towers with Radar,41,27,93,8,169,2,0,85,0,87,43,27,178,8,256,116,27,143,399
01/07/2000,CHA,TN,ASO,ES,Towers with Radar,48,23,106,18,195,0,0,94,17,111,48,23,200,35,306,97,28,125,431
01/08/2000,CHA,TN,ASO,ES,Towers with Radar,23,19,68,11,121,0,0,53,18,71,23,19,121,29,192,104,50,154,346
01/09/2000,CHA,TN,ASO,ES,Towers with Radar,25,20,57,0,102,1,0,6,0,7,26,20,63,0,109,0,0,0,109
01/10/2000,CHA,TN,ASO,ES,Towers with Radar,32,25,72,12,141,1,4,52,6,63,33,29,124,18,204,66,18,84,288
01/11/2000,CHA,TN,ASO,ES,Towers with Radar,37,28,82,14,161,4,5,69,6,84,41,33,151,20,245,65,16,81,326
01/12/2000,CHA,TN,ASO,ES,Towers with Radar,37,31,90,8,166,0,3,70,0,73,37,34,160,8,239,75,12,87,326
01/13/2000,CHA,TN,ASO,ES,Towers with Radar,40,25,91,14,170,5,0,26,6,37,45,25,117,20,207,57,8,65,272
01/14/2000,CHA,TN,ASO,ES,Towers with Radar,45,24,101,15,185,0,0,79,0,79,45,24,180,15,264,82,18,100,364
01/15/2000,CHA,TN,ASO,ES,Towers with Radar,20,14,46,2,82,13,0,97,0,110,33,14,143,2,192,144,0,144,336
01/16/2000,CHA,TN,ASO,ES,Towers with Radar,28,22,57,0,107,0,0,0,0,0,28,22,57,0,107,0,0,0,107
01/17/2000,CHA,TN,ASO,ES,Towers with Radar,35,26,78,0,139,5,5,39,0,49,40,31,117,0,188,45,0,45,233
01/18/2000,CHA,TN,ASO,ES,Towers with Radar,36,35,105,16,192,0,5,24,13,42,36,40,129,29,234,66,22,88,322
01/19/2000,CHA,TN,ASO,ES,Towers with Radar,39,30,101,16,186,0,0,80,10,90,39,30,181,26,276,82,28,110,386
01/20/2000,CHA,TN,ASO,ES,Towers with Radar,41,29,104,16,190,0,0,20,38,58,41,29,124,54,248,28,40,68,316
01/21/2000,CHA,TN,ASO,ES,Towers with Radar,39,23,86,14,162,3,0,55,0,58,42,23,141,14,220,101,14,115,335
01/22/2000,CHA,TN,ASO,ES,Towers with Radar,14,10,30,0,54,10,4,4,0,18,24,14,34,0,72,16,0,16,88
01/23/2000,CHA,TN,ASO,ES,Towers with Radar,18,13,26,0,57,6,8,0,0,14,24,21,26,0,71,0,0,0,71
01/24/2000,CHA,TN,ASO,ES,Towers with Radar,31,23,71,5,130,0,7,3,0,10,31,30,74,5,140,16,12,28,168
01/25/2000,CHA,TN,ASO,ES,Towers with Radar,34,31,93,15,173,0,3,41,9,53,34,34,134,24,226,52,4,56,282
01/26/2000,CHA,TN,ASO,ES,Towers with Radar,39,29,85,13,166,2,5,33,8,48,41,34,118,21,214,16,10,26,240
01/27/2000,CHA,TN,ASO,ES,Towers with Radar,33,36,106,16,191,0,1,61,21,83,33,37,167,37,274,74,26,100,374
01/28/2000,CHA,TN,ASO,ES,Towers with Radar,22,15,48,7,92,6,8,6,8,28,28,23,54,15,120,3,10,13,133
01/29/2000,CHA,TN,ASO,ES,Towers with Radar,8,6,9,0,23,6,9,0,0,15,14,15,9,0,38,0,0,0,38
01/30/2000,CHA,TN,ASO,ES,Towers with Radar,17,13,35,0,65,1,1,0,0,2,18,14,35,0,67,20,0,20,87
01/31/2000,CHA,TN,ASO,ES,Towers with Radar,31,28,79,12,150,0,7,32,2,41,31,35,111,14,191,15,8,23,214
02/01/2000,CHA,TN,ASO,ES,Towers with Radar,37,35,111,18,201,0,17,27,5,49,37,52,138,23,250,48,10,58,308
02/02/2000,CHA,TN,ASO,ES,Towers with Radar,31,31,98,16,176,0,6,76,10,92,31,37,174,26,268,74,14,88,356
02/03/2000,CHA,TN,ASO,ES,Towers with Radar,38,29,113,5,185,3,0,99,0,102,41,29,212,5,287,78,12,90,377
02/04/2000,CHA,TN,ASO,ES,Towers with Radar,34,31,100,9,174,0,37,36,0,73,34,68,136,9,247,46,18,64,311
02/05/2000,CHA,TN,ASO,ES,Towers with Radar,24,19,71,12,126,7,0,71,7,85,31,19,142,19,211,89,24,113,324
02/06/2000,CHA,TN,ASO,ES,Towers with Radar,28,19,95,16,158,0,0,135,1,136,28,19,230,17,294,78,8,86,380
02/07/2000,CHA,TN,ASO,ES,Towers with Radar,31,30,92,15,168,3,4,54,28,89,34,34,146,43,257,81,52,133,390
02/08/2000,CHA,TN,ASO,ES,Towers with Radar,26,19,75,10,130,25,0,66,0,91,51,19,141,10,221,65,14,79,300
02/09/2000,CHA,TN,ASO,ES,Towers with Radar,35,30,103,15,183,0,0,66,0,66,35,30,169,15,249,23,16,39,288
02/10/2000,CHA,TN,ASO,ES,Towers with Radar,28,30,94,11,163,0,9,68,0,77,28,39,162,11,240,48,7,55,295
02/11/2000,CHA,TN,ASO,ES,Towers with Radar,29,32,99,16,176,0,6,29,19,54,29,38,128,35,230,16,22,38,268
02/12/2000,CHA,TN,ASO,ES,Towers with Radar,15,15,37,5,72,6,2,0,0,8,21,17,37,5,80,20,4,24,104
02/13/2000,CHA,TN,ASO,ES,Towers with Radar,19,16,29,4,68,1,0,1,0,2,20,16,30,4,70,0,0,0,70
02/14/2000,CHA,TN,ASO,ES,Towers with Radar,25,24,75,9,133,5,4,18,0,27,30,28,93,9,160,30,0,30,190
02/15/2000,CHA,TN,ASO,ES,Towers with Radar,35,29,125,20,209,0,0,98,1,99,35,29,223,21,308,87,16,103,411
02/16/2000,CHA,TN,ASO,ES,Towers with Radar,35,32,105,16,188,0,0,31,6,37,35,32,136,22,225,10,16,26,251
02/17/2000,CHA,TN,ASO,ES,Towers with Radar,32,40,123,19,214,0,1,47,17,65,32,41,170,36,279,34,22,56,335
02/18/2000,CHA,TN,ASO,ES,Towers with Radar,21,20,62,0,103,13,2,4,0,19,34,22,66,0,122,2,0,2,124
02/19/2000,CHA,TN,ASO,ES,Towers with Radar,19,17,56,0,92,1,2,16,0,19,20,19,72,0,111,8,0,8,119
02/20/2000,CHA,TN,ASO,ES,Towers with Radar,21,25,90,1,137,0,0,84,0,84,21,25,174,1,221,24,9,33,254
02/21/2000,CHA,TN,ASO,ES,Towers with Radar,31,19,89,4,143,4,0,89,0,93,35,19,178,4,236,68,44,112,348
02/22/2000,CHA,TN,ASO,ES,Towers with Radar,35,28,116,18,197,0,0,96,9,105,35,28,212,27,302,58,24,82,384
02/23/2000,CHA,TN,ASO,ES,Towers with Radar,35,33,109,17,194,0,0,39,35,74,35,33,148,52,268,38,10,48,316
02/24/2000,CHA,TN,ASO,ES,Towers with Radar,37,30,108,17,192,0,0,26,3,29,37,30,134,20,221,46,16,62,283
02/25/2000,CHA,TN,ASO,ES,Towers with Radar,35,40,128,20,223,0,3,31,41,75,35,43,159,61,298,53,56,109,407
02/26/2000,CHA,TN,ASO,ES,Towers with Radar,17,15,49,5,86,4,4,23,0,31,21,19,72,5,117,15,14,29,146
02/27/2000,CHA,TN,ASO,ES,Towers with Radar,23,21,80,8,132,0,0,40,0,40,23,21,120,8,172,34,28,62,234
02/28/2000,CHA,TN,ASO,ES,Towers with Radar,35,26,104,4,169,0,0,87,0,87,35,26,191,4,256,37,6,43,299
02/29/2000,CHA,TN,ASO,ES,Towers with Radar,29,31,100,6,166,0,3,104,0,107,29,34,204,6,273,42,0,42,315
03/01/2000,CHA,TN,ASO,ES,Towers with Radar,36,30,97,15,178,3,0,36,20,59,39,30,133,35,237,16,42,58,295
03/02/2000,CHA,TN,ASO,ES,Towers with Radar,27,30,89,10,156,0,7,71,0,78,27,37,160,10,234,25,2,27,261
03/03/2000,CHA,TN,ASO,ES,Towers with Radar,32,32,98,16,178,0,16,33,10,59,32,48,131,26,237,62,27,89,326
03/04/2000,CHA,TN,ASO,ES,Towers with Radar,22,20,63,4,109,1,9,50,0,60,23,29,113,4,169,45,0,45,214
03/05/2000,CHA,TN,ASO,ES,Towers with Radar,27,22,75,7,131,1,0,99,0,100,28,22,174,7,231,84,23,107,338
03/06/2000,CHA,TN,ASO,ES,Towers with Radar,32,27,93,15,167,0,0,86,15,101,32,27,179,30,268,73,58,131,399
03/07/2000,CHA,TN,ASO,ES,Towers with Radar,29,25,79,13,146,8,6,95,1,110,37,31,174,14,256,46,34,80,336
03/08/2000,CHA,TN,ASO,ES,Towers with Radar,37,31,106,17,191,0,0,95,27,122,37,31,201,44,313,38,20,58,371
03/09/2000,CHA,TN,ASO,ES,Towers with Radar,38,29,126,20,213,0,0,46,1,47,38,29,172,21,260,30,6,36,296
03/10/2000,CHA,TN,ASO,ES,Towers with Radar,31,35,106,14,186,0,5,10,0,15,31,40,116,14,201,39,26,65,266
03/11/2000,CHA,TN,ASO,ES,Towers with Radar,14,13,20,6,53,11,3,0,8,22,25,16,20,14,75,3,0,3,78
03/12/2000,CHA,TN,ASO,ES,Towers with Radar,31,19,85,4,139,0,0,43,0,43,31,19,128,4,182,61,0,61,243
03/13/2000,CHA,TN,ASO,ES,Towers with Radar,27,25,75,0,127,9,7,48,0,64,36,32,123,0,191,33,0,33,224
03/14/2000,CHA,TN,ASO,ES,Towers with Radar,32,28,88,14,162,6,6,43,4,59,38,34,131,18,221,26,10,36,257
03/15/2000,CHA,TN,ASO,ES,Towers with Radar,38,37,126,20,221,0,0,77,13,90,38,37,203,33,311,22,26,48,359
03/16/2000,CHA,TN,ASO,ES,Towers with Radar,33,30,90,4,157,3,10,15,0,28,36,40,105,4,185,11,0,11,196
03/17/2000,CHA,TN,ASO,ES,Towers with Radar,36,30,112,17,195,0,0,36,4,40,36,30,148,21,235,41,6,47,282
03/18/2000,CHA,TN,ASO,ES,Towers with Radar,27,22,71,1,121,2,2,27,0,31,29,24,98,1,152,75,0,75,227
03/19/2000,CHA,TN,ASO,ES,Towers with Radar,17,12,32,2,63,10,0,0,0,10,27,12,32,2,73,2,0,2,75
03/20/2000,CHA,TN,ASO,ES,Towers with Radar,28,23,74,9,134,3,6,29,0,38,31,29,103,9,172,19,6,25,197
03/21/2000,CHA,TN,ASO,ES,Towers with Radar,31,30,98,14,173,0,0,79,7,86,31,30,177,21,259,30,15,45,304
03/22/2000,CHA,TN,ASO,ES,Towers with Radar,40,32,114,17,203,0,0,88,24,112,40,32,202,41,315,49,12,61,376
03/23/2000,CHA,TN,ASO,ES,Towers with Radar,40,36,120,18,214,0,0,99,0,99,40,36,219,18,313,34,26,60,373
03/24/2000,CHA,TN,ASO,ES,Towers with Radar,41,35,118,17,211,0,0,101,7,108,41,35,219,24,319,83,4,87,406
03/25/2000,CHA,TN,ASO,ES,Towers with Radar,24,16,64,5,109,5,0,48,0,53,29,16,112,5,162,63,2,65,227
03/26/2000,CHA,TN,ASO,ES,Towers with Radar,27,18,78,9,132,0,0,62,0,62,27,18,140,9,194,60,2,62,256
03/27/2000,CHA,TN,ASO,ES,Towers with Radar,30,25,79,2,136,10,3,19,0,32,40,28,98,2,168,16,4,20,188
03/28/2000,CHA,TN,ASO,ES,Towers with Radar,38,34,103,15,190,0,10,34,10,54,38,44,137,25,244,26,0,26,270
03/29/2000,CHA,TN,ASO,ES,Towers with Radar,35,29,103,15,182,0,0,29,6,35,35,29,132,21,217,30,40,70,287
03/30/2000,CHA,TN,ASO,ES,Towers with Radar,37,32,98,5,172,2,0,30,0,32,39,32,128,5,204,22,0,22,226
03/31/2000,CHA,TN,ASO,ES,Towers with Radar,39,32,119,18,208,0,0,85,15,100,39,32,204,33,308,58,45,103,411
04/01/2000,CHA,TN,ASO,ES,Towers with Radar,29,24,85,1,139,0,0,70,0,70,29,24,155,1,209,100,3,103,312
04/02/2000,CHA,TN,ASO,ES,Towers with Radar,21,18,53,1,93,1,6,0,0,7,22,24,53,1,100,2,0,2,102
04/03/2000,CHA,TN,ASO,ES,Towers with Radar,22,19,49,1,91,12,14,0,0,26,34,33,49,1,117,2,0,2,119
04/04/2000,CHA,TN,ASO,ES,Towers with Radar,34,28,85,10,157,2,11,21,0,34,36,39,106,10,191,8,8,16,207
04/05/2000,CHA,TN,ASO,ES,Towers with Radar,35,37,113,13,198,0,17,61,19,97,35,54,174,32,295,38,26,64,359
04/06/2000,CHA,TN,ASO,ES,Towers with Radar,44,26,120,14,204,0,0,96,8,104,44,26,216,22,308,10,18,28,336
04/07/2000,CHA,TN,ASO,ES,Towers with Radar,34,32,109,12,187,0,0,58,0,58,34,32,167,12,245,24,0,24,269
04/08/2000,CHA,TN,ASO,ES,Towers with Radar,20,16,43,0,79,9,0,0,0,9,29,16,43,0,88,35,0,35,123
04/09/2000,CHA,TN,ASO,ES,Towers with Radar,31,20,88,0,139,0,0,112,0,112,31,20,200,0,251,91,0,91,342
04/10/2000,CHA,TN,ASO,ES,Towers with Radar,32,31,96,11,170,0,7,55,6,68,32,38,151,17,238,55,12,67,305
04/11/2000,CHA,TN,ASO,ES,Towers with Radar,35,32,103,12,182,0,0,34,8,42,35,32,137,20,224,23,27,50,274
04/12/2000,CHA,TN,ASO,ES,Towers with Radar,38,27,97,9,171,3,0,54,0,57,41,27,151,9,228,0,6,6,234
04/13/2000,CHA,TN,ASO,ES,Towers with Radar,38,29,113,13,193,0,0,0,12,12,38,29,113,25,205,0,2,2,207
04/14/2000,CHA,TN,ASO,ES,Towers with Radar,35,27,87,10,159,7,1,12,14,34,42,28,99,24,193,39,53,92,285
04/15/2000,CHA,TN,ASO,ES,Towers with Radar,24,16,54,3,97,6,0,0,0,6,30,16,54,3,103,49,27,76,179
04/16/2000,CHA,TN,ASO,ES,Towers with Radar,27,20,67,7,121,1,6,25,10,42,28,26,92,17,163,42,12,54,217
04/17/2000,CHA,TN,ASO,ES,Towers with Radar,35,27,87,9,158,0,8,15,16,39,35,35,102,25,197,18,38,56,253
04/18/2000,CHA,TN,ASO,ES,Towers with Radar,41,32,109,12,194,0,0,69,3,72,41,32,178,15,266,6,16,22,288
04/19/2000,CHA,TN,ASO,ES,Towers with Radar,40,32,104,9,185,0,0,133,0,133,40,32,237,9,318,57,10,67,385
04/20/2000,CHA,TN,ASO,ES,Towers with Radar,34,29,93,10,166,0,4,49,2,55,34,33,142,12,221,28,14,42,263
04/21/2000,CHA,TN,ASO,ES,Towers with Radar,32,26,85,9,152,0,4,27,5,36,32,30,112,14,188,72,10,82,270
04/22/2000,CHA,TN,ASO,ES,Towers with Radar,26,16,62,1,105,5,0,67,0,72,31,16,129,1,177,86,0,86,263
04/23/2000,CHA,TN,ASO,ES,Towers with Radar,25,20,61,0,106,4,3,52,0,59,29,23,113,0,165,45,0,45,210
04/24/2000,CHA,TN,ASO,ES,Towers with Radar,30,24,75,0,129,7,9,9,0,25,37,33,84,0,154,0,0,0,154
04/25/2000,CHA,TN,ASO,ES,Towers with Radar,40,33,110,12,195,0,0,31,12,43,40,33,141,24,238,26,10,36,274
04/26/2000,CHA,TN,ASO,ES,Towers with Radar,43,26,110,12,191,0,0,74,16,90,43,26,184,28,281,22,22,44,325
04/27/2000,CHA,TN,ASO,ES,Towers with Radar,38,29,94,4,165,3,0,113,0,116,41,29,207,4,281,39,0,39,320
04/28/2000,CHA,TN,ASO,ES,Towers with Radar,45,23,111,9,188,1,0,53,0,54,46,23,164,9,242,35,8,43,285
04/29/2000,CHA,TN,ASO,ES,Towers with Radar,26,18,64,0,108,2,0,86,0,88,28,18,150,0,196,83,0,83,279
04/30/2000,CHA,TN,ASO,ES,Towers with Radar,30,19,74,0,123,1,0,76,0,77,31,19,150,0,200,50,0,50,250
05/01/2000,CHA,TN,ASO,ES,Towers with Radar,33,24,87,11,155,4,9,45,8,66,37,33,132,19,221,66,48,114,335
05/02/2000,CHA,TN,ASO,ES,Towers with Radar,36,27,97,7,167,0,1,50,0,51,36,28,147,7,218,22,0,22,240
05/03/2000,CHA,TN,ASO,ES,Towers with Radar,37,28,99,7,171,4,1,51,0,56,41,29,150,7,227,24,0,24,251
05/04/2000,CHA,TN,ASO,ES,Towers with Radar,44,29,116,14,203,2,0,43,0,45,46,29,159,14,248,35,12,47,295
05/05/2000,CHA,TN,ASO,ES,Towers with Radar,29,25,93,12,159,0,12,41,1,54,29,37,134,13,213,38,0,38,251
05/06/2000,CHA,TN,ASO,ES,Towers with Radar,25,17,69,5,116,0,0,80,0,80,25,17,149,5,196,99,0,99,295
05/07/2000,CHA,TN,ASO,ES,Towers with Radar,30,15,80,4,129,6,0,44,0,50,36,15,124,4,179,76,4,80,259
05/08/2000,CHA,TN,ASO,ES,Towers with Radar,35,26,93,12,166,0,5,70,3,78,35,31,163,15,244,19,2,21,265
05/09/2000,CHA,TN,ASO,ES,Towers with Radar,40,32,113,14,199,0,3,46,5,54,40,35,159,19,253,56,64,120,373
05/10/2000,CHA,TN,ASO,ES,Towers with Radar,42,32,119,15,208,0,0,57,32,89,42,32,176,47,297,90,28,118,415
05/11/2000,CHA,TN,ASO,ES,Towers with Radar,47,28,139,17,231,0,0,89,21,110,47,28,228,38,341,70,41,111,452
05/12/2000,CHA,TN,ASO,ES,Towers with Radar,39,33,121,15,208,0,0,40,6,46,39,33,161,21,254,68,14,82,336
05/13/2000,CHA,TN,ASO,ES,Towers with Radar,20,15,55,0,90,5,1,48,0,54,25,16,103,0,144,58,0,58,202
05/14/2000,CHA,TN,ASO,ES,Towers with Radar,24,15,66,4,109,11,0,17,0,28,35,15,83,4,137,55,0,55,192
05/15/2000,CHA,TN,ASO,ES,Towers with Radar,37,27,99,12,175,1,1,60,17,79,38,28,159,29,254,29,41,70,324
05/16/2000,CHA,TN,ASO,ES,Towers with Radar,36,27,99,7,169,0,11,75,0,86,36,38,174,7,255,44,2,46,301
05/17/2000,CHA,TN,ASO,ES,Towers with Radar,41,31,117,12,201,0,5,89,0,94,41,36,206,12,295,77,2,79,374
05/18/2000,CHA,TN,ASO,ES,Towers with Radar,34,27,111,10,182,0,0,58,0,58,34,27,169,10,240,22,8,30,270
05/19/2000,CHA,TN,ASO,ES,Towers with Radar,33,27,106,12,178,0,0,32,17,49,33,27,138,29,227,35,30,65,292
05/20/2000,CHA,TN,ASO,ES,Towers with Radar,20,13,50,5,88,2,5,0,0,7,22,18,50,5,95,6,0,6,101
05/21/2000,CHA,TN,ASO,ES,Towers with Radar,33,18,85,4,140,11,0,16,0,27,44,18,101,4,167,27,0,27,194
05/22/2000,CHA,TN,ASO,ES,Towers with Radar,35,28,112,13,188,0,0,71,5,76,35,28,183,18,264,46,10,56,320
05/23/2000,CHA,TN,ASO,ES,Towers with Radar,38,26,99,5,168,4,3,36,0,43,42,29,135,5,211,42,0,42,253
05/24/2000,CHA,TN,ASO,ES,Towers with Radar,42,28,119,14,203,0,0,39,19,58,42,28,158,33,261,49,45,94,355
05/25/2000,CHA,TN,ASO,ES,Towers with Radar,33,30,114,5,182,0,2,60,0,62,33,32,174,5,244,30,10,40,284
05/26/2000,CHA,TN,ASO,ES,Towers with Radar,39,29,117,2,187,0,0,14,0,14,39,29,131,2,201,11,1,12,213
05/27/2000,CHA,TN,ASO,ES,Towers with Radar,22,15,55,6,98,0,0,44,0,44,22,15,99,6,142,29,0,29,171
05/28/2000,CHA,TN,ASO,ES,Towers with Radar,19,14,49,1,83,14,1,6,0,21,33,15,55,1,104,17,0,17,121
05/29/2000,CHA,TN,ASO,ES,Towers with Radar,35,18,91,0,144,0,0,45,0,45,35,18,136,0,189,51,0,51,240
05/30/2000,CHA,TN,ASO,ES,Towers with Radar,36,26,93,11,166,5,0,65,3,73,41,26,158,14,239,0,0,0,239
05/31/2000,CHA,TN,ASO,ES,Towers with Radar,39,29,104,11,183,0,1,114,0,115,39,30,218,11,298,51,0,51,349
06/01/2000,CHA,TN,ASO,ES,Towers with Radar,23,42,105,18,188,0,0,81,16,97,23,42,186,34,285,58,18,76,361
06/02/2000,CHA,TN,ASO,ES,Towers with Radar,19,46,97,15,177,0,2,80,0,82,19,48,177,15,259,85,0,85,344
06/03/2000,CHA,TN,ASO,ES,Towers with Radar,13,28,58,7,106,3,5,32,0,40,16,33,90,7,146,25,11,36,182
06/04/2000,CHA,TN,ASO,ES,Towers with Radar,16,27,66,2,111,7,0,6,0,13,23,27,72,2,124,53,0,53,177
06/05/2000,CHA,TN,ASO,ES,Towers with Radar,16,33,69,2,120,5,9,6,0,20,21,42,75,2,140,12,0,12,152
06/06/2000,CHA,TN,ASO,ES,Towers with Radar,23,45,94,16,178,4,0,75,15,94,27,45,169,31,272,47,21,68,340
06/07/2000,CHA,TN,ASO,ES,Towers with Radar,24,41,99,17,181,0,0,122,16,138,24,41,221,33,319,45,26,71,390
06/08/2000,CHA,TN,ASO,ES,Towers with Radar,22,45,102,4,173,0,0,107,0,107,22,45,209,4,280,123,0,123,403
06/09/2000,CHA,TN,ASO,ES,Towers with Radar,24,48,101,17,190,1,0,84,0,85,25,48,185,17,275,39,35,74,349
06/10/2000,CHA,TN,ASO,ES,Towers with Radar,13,28,61,1,103,0,6,74,0,80,13,34,135,1,183,62,0,62,245
06/11/2000,CHA,TN,ASO,ES,Towers with Radar,18,29,71,0,118,1,0,76,0,77,19,29,147,0,195,65,0,65,260
06/12/2000,CHA,TN,ASO,ES,Towers with Radar,20,43,96,16,175,0,0,55,14,69,20,43,151,30,244,80,16,96,340
06/13/2000,CHA,TN,ASO,ES,Towers with Radar,24,43,104,17,188,0,0,31,32,63,24,43,135,49,251,45,23,68,319
06/14/2000,CHA,TN,ASO,ES,Towers with Radar,23,41,112,19,195,0,0,69,33,102,23,41,181,52,297,40,22,62,359
06/15/2000,CHA,TN,ASO,ES,Towers with Radar,21,42,108,18,189,0,0,53,12,65,21,42,161,30,254,78,0,78,332
06/16/2000,CHA,TN,ASO,ES,Towers with Radar,23,43,94,10,170,0,1,8,0,9,23,44,102,10,179,47,20,67,246
06/17/2000,CHA,TN,ASO,ES,Towers with Radar,15,26,62,10,113,0,0,22,1,23,15,26,84,11,136,36,20,56,192
06/18/2000,CHA,TN,ASO,ES,Towers with Radar,17,32,71,2,122,3,6,15,0,24,20,38,86,2,146,38,1,39,185
06/19/2000,CHA,TN,ASO,ES,Towers with Radar,21,43,94,15,173,0,3,15,10,28,21,46,109,25,201,13,0,13,214
06/20/2000,CHA,TN,ASO,ES,Towers with Radar,20,45,98,12,175,0,8,48,0,56,20,53,146,12,231,40,10,50,281
06/21/2000,CHA,TN,ASO,ES,Towers with Radar,21,39,86,14,160,4,8,16,4,32,25,47,102,18,192,50,12,62,254
06/22/2000,CHA,TN,ASO,ES,Towers with Radar,25,49,107,6,187,0,2,73,0,75,25,51,180,6,262,51,0,51,313
06/23/2000,CHA,TN,ASO,ES,Towers with Radar,21,39,85,13,158,4,4,81,2,91,25,43,166,15,249,39,16,55,304
06/24/2000,CHA,TN,ASO,ES,Towers with Radar,13,24,53,1,91,7,1,77,0,85,20,25,130,1,176,68,0,68,244
06/25/2000,CHA,TN,ASO,ES,Towers with Radar,17,32,71,6,126,0,6,5,0,11,17,38,76,6,137,124,0,124,261
06/26/2000,CHA,TN,ASO,ES,Towers with Radar,22,43,92,11,168,1,6,42,0,49,23,49,134,11,217,56,12,68,285
06/27/2000,CHA,TN,ASO,ES,Towers with Radar,23,44,92,15,174,0,4,22,7,33,23,48,114,22,207,44,22,66,273
06/28/2000,CHA,TN,ASO,ES,Towers with Radar,22,45,96,3,166,0,6,43,0,49,22,51,139,3,215,54,0,54,269
06/29/2000,CHA,TN,ASO,ES,Towers with Radar,24,49,114,18,205,0,0,47,3,50,24,49,161,21,255,28,46,74,329
06/30/2000,CHA,TN,ASO,ES,Towers with Radar,26,38,110,18,192,0,0,99,2,101,26,38,209,20,293,73,16,89,382
07/01/2000,CHA,TN,ASO,ES,Towers with Radar,18,22,66,0,106,4,0,98,0,102,22,22,164,0,208,99,0,99,307
07/02/2000,CHA,TN,ASO,ES,Towers with Radar,13,24,47,0,84,10,0,43,0,53,23,24,90,0,137,57,0,57,194
07/03/2000,CHA,TN,ASO,ES,Towers with Radar,16,30,57,0,103,8,2,55,0,65,24,32,112,0,168,79,0,79,247
07/04/2000,CHA,TN,ASO,ES,Towers with Radar,14,27,50,0,91,9,1,17,0,27,23,28,67,0,118,19,0,19,137
07/05/2000,CHA,TN,ASO,ES,Towers with Radar,21,40,76,11,148,12,12,24,0,48,33,52,100,11,196,2,0,2,198
07/06/2000,CHA,TN,ASO,ES,Towers with Radar,25,48,97,14,184,0,0,90,0,90,25,48,187,14,274,24,0,24,298
07/07/2000,CHA,TN,ASO,ES,Towers with Radar,25,38,92,17,172,0,0,99,5,104,25,38,191,22,276,83,12,95,371
07/08/2000,CHA,TN,ASO,ES,Towers with Radar,18,27,64,12,121,2,0,69,0,71,20,27,133,12,192,29,24,53,245
07/09/2000,CHA,TN,ASO,ES,Towers with Radar,18,31,59,5,113,1,2,42,0,45,19,33,101,5,158,14,2,16,174
07/10/2000,CHA,TN,ASO,ES,Towers with Radar,20,42,82,15,159,0,8,36,28,72,20,50,118,43,231,76,24,100,331
07/11/2000,CHA,TN,ASO,ES,Towers with Radar,22,39,76,6,143,4,16,59,0,79,26,55,135,6,222,41,0,41,263
07/12/2000,CHA,TN,ASO,ES,Towers with Radar,25,46,91,14,176,0,2,53,0,55,25,48,144,14,231,35,10,45,276
07/13/2000,CHA,TN,ASO,ES,Towers with Radar,22,47,93,6,168,0,6,58,0,64,22,53,151,6,232,17,0,17,249
07/14/2000,CHA,TN,ASO,ES,Towers with Radar,24,41,90,17,172,0,0,27,6,33,24,41,117,23,205,29,36,65,270
07/15/2000,CHA,TN,ASO,ES,Towers with Radar,14,24,48,3,89,6,8,110,0,124,20,32,158,3,213,56,0,56,269
07/16/2000,CHA,TN,ASO,ES,Towers with Radar,19,31,63,11,124,1,0,35,4,40,20,31,98,15,164,79,9,88,252
07/17/2000,CHA,TN,ASO,ES,Towers with Radar,20,44,86,15,165,0,14,67,19,100,20,58,153,34,265,114,41,155,420
07/18/2000,CHA,TN,ASO,ES,Towers with Radar,22,44,86,15,167,0,10,60,6,76,22,54,146,21,243,76,8,84,327
07/19/2000,CHA,TN,ASO,ES,Towers with Radar,26,44,99,18,187,0,0,69,6,75,26,44,168,24,262,35,26,61,323
07/20/2000,CHA,TN,ASO,ES,Towers with Radar,26,45,89,16,176,5,3,80,8,96,31,48,169,24,272,28,16,44,316
07/21/2000,CHA,TN,ASO,ES,Towers with Radar,21,46,91,16,174,0,2,38,12,52,21,48,129,28,226,32,12,44,270
07/22/2000,CHA,TN,ASO,ES,Towers with Radar,19,29,63,11,122,4,0,59,4,67,23,29,122,15,189,75,20,95,284
07/23/2000,CHA,TN,ASO,ES,Towers with Radar,18,33,72,7,130,0,0,5,0,5,18,33,77,7,135,22,5,27,162
07/24/2000,CHA,TN,ASO,ES,Towers with Radar,22,46,94,16,178,0,0,35,4,39,22,46,129,20,217,58,19,77,294
07/25/2000,CHA,TN,ASO,ES,Towers with Radar,25,53,116,21,215,0,0,32,33,65,25,53,148,54,280,92,24,116,396
07/26/2000,CHA,TN,ASO,ES,Towers with Radar,25,53,101,15,194,0,0,59,0,59,25,53,160,15,253,0,12,12,265
07/27/2000,CHA,TN,ASO,ES,Towers with Radar,26,45,86,6,163,0,2,81,0,83,26,47,167,6,246,82,2,84,330
07/28/2000,CHA,TN,ASO,ES,Towers with Radar,26,39,102,18,185,0,0,49,21,70,26,39,151,39,255,40,33,73,328
07/29/2000,CHA,TN,ASO,ES,Towers with Radar,15,29,56,5,105,0,0,37,0,37,15,29,93,5,142,84,0,84,226
07/30/2000,CHA,TN,ASO,ES,Towers with Radar,16,26,54,1,97,3,0,10,0,13,19,26,64,1,110,34,0,34,144
07/31/2000,CHA,TN,ASO,ES,Towers with Radar,23,42,79,14,158,0,1,10,13,24,23,43,89,27,182,10,38,48,230
08/01/2000,CHA,TN,ASO,ES,Towers with Radar,23,42,87,17,169,1,0,46,12,59,24,42,133,29,228,25,46,71,299
08/02/2000,CHA,TN,ASO,ES,Towers with Radar,25,46,96,10,177,0,2,45,0,47,25,48,141,10,224,47,2,49,273
08/03/2000,CHA,TN,ASO,ES,Towers with Radar,23,46,96,14,179,0,1,45,0,46,23,47,141,14,225,143,8,151,376
08/04/2000,CHA,TN,ASO,ES,Towers with Radar,27,37,96,11,171,4,0,64,0,68,31,37,160,11,239,101,6,107,346
08/05/2000,CHA,TN,ASO,ES,Towers with Radar,18,31,65,4,118,1,2,76,0,79,19,33,141,4,197,61,0,61,258
08/06/2000,CHA,TN,ASO,ES,Towers with Radar,16,28,60,12,116,5,0,48,2,55,21,28,108,14,171,74,6,80,251
08/07/2000,CHA,TN,ASO,ES,Towers with Radar,21,37,86,17,161,0,0,48,11,59,21,37,134,28,220,36,2,38,258
08/08/2000,CHA,TN,ASO,ES,Towers with Radar,24,38,91,18,171,5,0,84,7,96,29,38,175,25,267,33,10,43,310
08/09/2000,CHA,TN,ASO,ES,Towers with Radar,26,45,96,19,186,1,7,60,12,80,27,52,156,31,266,94,26,120,386
08/10/2000,CHA,TN,ASO,ES,Towers with Radar,25,38,90,17,170,2,0,22,0,24,27,38,112,17,194,4,10,14,208
08/11/2000,CHA,TN,ASO,ES,Towers with Radar,24,43,107,20,194,0,0,49,10,59,24,43,156,30,253,116,53,169,422
08/12/2000,CHA,TN,ASO,ES,Towers with Radar,20,28,69,7,124,2,0,83,0,85,22,28,152,7,209,89,9,98,307
08/13/2000,CHA,TN,ASO,ES,Towers with Radar,18,29,63,11,121,1,1,63,2,67,19,30,126,13,188,54,0,54,242
08/14/2000,CHA,TN,ASO,ES,Towers with Radar,24,44,95,17,180,0,4,93,11,108,24,48,188,28,288,80,33,113,401
08/15/2000,CHA,TN,ASO,ES,Towers with Radar,28,46,100,19,193,0,2,91,6,99,28,48,191,25,292,60,58,118,410
08/16/2000,CHA,TN,ASO,ES,Towers with Radar,25,41,91,17,174,8,2,118,3,131,33,43,209,20,305,86,30,116,421
08/17/2000,CHA,TN,ASO,ES,Towers with Radar,23,45,97,18,183,0,7,52,11,70,23,52,149,29,253,55,60,115,368
08/18/2000,CHA,TN,ASO,ES,Towers with Radar,28,38,100,19,185,0,0,39,7,46,28,38,139,26,231,62,8,70,301
08/19/2000,CHA,TN,ASO,ES,Towers with Radar,17,26,58,10,111,4,0,43,3,50,21,26,101,13,161,101,4,105,266
08/20/2000,CHA,TN,ASO,ES,Towers with Radar,20,35,73,2,130,0,0,24,0,24,20,35,97,2,154,55,0,55,209
08/21/2000,CHA,TN,ASO,ES,Towers with Radar,24,48,116,22,210,0,0,46,27,73,24,48,162,49,283,76,52,128,411
08/22/2000,CHA,TN,ASO,ES,Towers with Radar,24,50,111,21,206,0,0,72,3,75,24,50,183,24,281,55,12,67,348
08/23/2000,CHA,TN,ASO,ES,Towers with Radar,23,38,80,2,143,3,6,51,0,60,26,44,131,2,203,62,6,68,271
08/24/2000,CHA,TN,ASO,ES,Towers with Radar,25,47,99,15,186,0,1,36,0,37,25,48,135,15,223,27,0,27,250
08/25/2000,CHA,TN,ASO,ES,Towers with Radar,23,41,91,17,172,0,0,46,1,47,23,41,137,18,219,53,2,55,274
08/26/2000,CHA,TN,ASO,ES,Towers with Radar,16,27,56,3,102,2,3,45,0,50,18,30,101,3,152,56,10,66,218
08/27/2000,CHA,TN,ASO,ES,Towers with Radar,16,26,46,0,88,5,4,0,0,9,21,30,46,0,97,8,0,8,105
08/28/2000,CHA,TN,ASO,ES,Towers with Radar,23,40,84,16,163,9,6,34,6,55,32,46,118,22,218,58,20,78,296
08/29/2000,CHA,TN,ASO,ES,Towers with Radar,24,45,95,18,182,0,5,44,22,71,24,50,139,40,253,94,33,127,380
08/30/2000,CHA,TN,ASO,ES,Towers with Radar,25,42,90,17,174,2,5,62,1,70,27,47,152,18,244,42,7,49,293
08/31/2000,CHA,TN,ASO,ES,Towers with Radar,26,51,112,18,207,0,0,58,0,58,26,51,170,18,265,22,8,30,295
09/01/2000,CHA,TN,ASO,ES,Towers with Radar,21,48,103,7,179,0,0,21,0,21,21,48,124,7,200,0,0,0,200
09/02/2000,CHA,TN,ASO,ES,Towers with Radar,14,26,42,1,83,14,3,0,0,17,28,29,42,1,100,0,0,0,100
09/03/2000,CHA,TN,ASO,ES,Towers with Radar,13,23,50,0,86,0,4,9,0,13,13,27,59,0,99,2,0,2,101
09/04/2000,CHA,TN,ASO,ES,Towers with Radar,21,32,77,10,140,6,0,52,0,58,27,32,129,10,198,50,0,50,248
09/05/2000,CHA,TN,ASO,ES,Towers with Radar,24,42,90,8,164,1,9,42,0,52,25,51,132,8,216,5,0,5,221
09/06/2000,CHA,TN,ASO,ES,Towers with Radar,24,47,103,16,190,0,3,19,15,37,24,50,122,31,227,40,41,81,308
09/07/2000,CHA,TN,ASO,ES,Towers with Radar,21,54,127,19,221,0,0,36,2,38,21,54,163,21,259,10,0,10,269
09/08/2000,CHA,TN,ASO,ES,Towers with Radar,30,37,109,17,193,1,0,21,9,31,31,37,130,26,224,16,30,46,270
09/09/2000,CHA,TN,ASO,ES,Towers with Radar,18,31,69,3,121,1,0,39,0,40,19,31,108,3,161,115,0,115,276
09/10/2000,CHA,TN,ASO,ES,Towers with Radar,21,26,79,5,131,4,0,47,0,51,25,26,126,5,182,38,0,38,220
09/11/2000,CHA,TN,ASO,ES,Towers with Radar,24,39,90,14,167,0,0,59,7,66,24,39,149,21,233,80,10,90,323
09/12/2000,CHA,TN,ASO,ES,Towers with Radar,23,40,89,13,165,0,0,53,0,53,23,40,142,13,218,4,6,10,228
09/13/2000,CHA,TN,ASO,ES,Towers with Radar,26,46,102,16,190,0,3,47,21,71,26,49,149,37,261,42,14,56,317
09/14/2000,CHA,TN,ASO,ES,Towers with Radar,25,46,123,13,207,0,0,107,0,107,25,46,230,13,314,27,0,27,341
09/15/2000,CHA,TN,ASO,ES,Towers with Radar,29,45,102,14,190,6,4,53,23,86,35,49,155,37,276,80,60,140,416
09/16/2000,CHA,TN,ASO,ES,Towers with Radar,18,28,74,10,130,0,0,109,12,121,18,28,183,22,251,69,20,89,340
09/17/2000,CHA,TN,ASO,ES,Towers with Radar,18,30,69,2,119,0,3,71,0,74,18,33,140,2,193,60,44,104,297
09/18/2000,CHA,TN,ASO,ES,Towers with Radar,22,36,81,8,147,0,11,59,0,70,22,47,140,8,217,102,61,163,380
09/19/2000,CHA,TN,ASO,ES,Towers with Radar,22,44,98,13,177,0,0,86,0,86,22,44,184,13,263,68,4,72,335
09/20/2000,CHA,TN,ASO,ES,Towers with Radar,24,51,113,16,204,0,6,10,34,50,24,57,123,50,254,4,20,24,278
09/21/2000,CHA,TN,ASO,ES,Towers with Radar,28,45,100,3,176,1,4,43,0,48,29,49,143,3,224,32,2,34,258
09/22/2000,CHA,TN,ASO,ES,Towers with Radar,21,33,59,0,113,14,15,0,0,29,35,48,59,0,142,0,0,0,142
09/23/2000,CHA,TN,ASO,ES,Towers with Radar,16,24,58,2,100,7,0,3,0,10,23,24,61,2,110,0,0,0,110
09/24/2000,CHA,TN,ASO,ES,Towers with Radar,19,17,69,0,105,15,0,6,0,21,34,17,75,0,126,0,1,1,127
09/25/2000,CHA,TN,ASO,ES,Towers with Radar,20,31,70,2,123,7,17,1,0,25,27,48,71,2,148,13,0,13,161
09/26/2000,CHA,TN,ASO,ES,Towers with Radar,23,47,104,15,189,0,0,53,9,62,23,47,157,24,251,98,58,156,407
09/27/2000,CHA,TN,ASO,ES,Towers with Radar,25,49,106,15,195,0,0,114,4,118,25,49,220,19,313,40,6,46,359
09/28/2000,CHA,TN,ASO,ES,Towers with Radar,27,46,100,15,188,0,0,104,1,105,27,46,204,16,293,192,18,210,503
09/29/2000,CHA,TN,ASO,ES,Towers with Radar,23,48,109,16,196,0,0,71,15,86,23,48,180,31,282,106,16,122,404
09/30/2000,CHA,TN,ASO,ES,Towers with Radar,19,31,67,9,126,2,0,88,14,104,21,31,155,23,230,54,4,58,288
10/01/2000,CHA,TN,ASO,ES,Towers with Radar,21,31,72,2,126,0,0,58,0,58,21,31,130,2,184,35,0,35,219
10/02/2000,CHA,TN,ASO,ES,Towers with Radar,20,37,70,10,137,3,5,75,0,83,23,42,145,10,220,70,0,70,290
10/03/2000,CHA,TN,ASO,ES,Towers with Radar,23,43,101,25,192,0,0,68,36,104,23,43,169,61,296,62,68,130,426
10/04/2000,CHA,TN,ASO,ES,Towers with Radar,28,49,95,17,189,0,0,94,0,94,28,49,189,17,283,68,6,74,357
10/05/2000,CHA,TN,ASO,ES,Towers with Radar,23,46,89,20,178,0,9,68,0,77,23,55,157,20,255,33,24,57,312
10/06/2000,CHA,TN,ASO,ES,Towers with Radar,24,46,88,15,173,0,8,28,0,36,24,54,116,15,209,39,31,70,279
10/07/2000,CHA,TN,ASO,ES,Towers with Radar,15,22,50,0,87,10,0,54,0,64,25,22,104,0,151,56,0,56,207
10/08/2000,CHA,TN,ASO,ES,Towers with Radar,18,29,58,4,109,4,0,20,0,24,22,29,78,4,133,29,0,29,162
10/09/2000,CHA,TN,ASO,ES,Towers with Radar,16,26,52,6,100,4,18,38,0,60,20,44,90,6,160,85,12,97,257
10/10/2000,CHA,TN,ASO,ES,Towers with Radar,28,47,93,23,191,0,4,61,1,66,28,51,154,24,257,72,15,87,344
10/11/2000,CHA,TN,ASO,ES,Towers with Radar,26,45,89,21,181,0,3,51,28,82,26,48,140,49,263,53,42,95,358
10/12/2000,CHA,TN,ASO,ES,Towers with Radar,25,46,98,24,193,0,0,125,10,135,25,46,223,34,328,101,22,123,451
10/13/2000,CHA,TN,ASO,ES,Towers with Radar,25,39,86,20,170,0,0,94,17,111,25,39,180,37,281,37,25,62,343
10/14/2000,CHA,TN,ASO,ES,Towers with Radar,20,29,65,3,117,2,0,100,0,102,22,29,165,3,219,24,0,24,243
10/15/2000,CHA,TN,ASO,ES,Towers with Radar,18,26,65,11,120,0,0,71,0,71,18,26,136,11,191,36,2,38,229
10/16/2000,CHA,TN,ASO,ES,Towers with Radar,20,32,63,11,126,0,14,41,0,55,20,46,104,11,181,66,40,106,287
10/17/2000,CHA,TN,ASO,ES,Towers with Radar,22,38,81,19,160,0,0,50,16,66,22,38,131,35,226,62,18,80,306
10/18/2000,CHA,TN,ASO,ES,Towers with Radar,26,44,88,21,179,0,3,35,13,51,26,47,123,34,230,37,20,57,287
10/19/2000,CHA,TN,ASO,ES,Towers with Radar,27,43,87,18,175,0,0,107,0,107,27,43,194,18,282,59,12,71,353
10/20/2000,CHA,TN,ASO,ES,Towers with Radar,27,38,98,24,187,0,0,59,13,72,27,38,157,37,259,74,32,106,365
10/21/2000,CHA,TN,ASO,ES,Towers with Radar,20,24,68,14,126,0,0,26,0,26,20,24,94,14,152,72,5,77,229
10/22/2000,CHA,TN,ASO,ES,Towers with Radar,21,26,67,0,114,5,0,20,0,25,26,26,87,0,139,51,0,51,190
10/23/2000,CHA,TN,ASO,ES,Towers with Radar,24,40,80,16,160,3,5,43,0,51,27,45,123,16,211,89,12,101,312
10/24/2000,CHA,TN,ASO,ES,Towers with Radar,26,50,102,24,202,0,0,61,28,89,26,50,163,52,291,54,30,84,375
10/25/2000,CHA,TN,ASO,ES,Towers with Radar,22,55,109,26,212,0,0,29,41,70,22,55,138,67,282,74,32,106,388
10/26/2000,CHA,TN,ASO,ES,Towers with Radar,22,48,91,14,175,0,6,56,0,62,22,54,147,14,237,48,4,52,289
10/27/2000,CHA,TN,ASO,ES,Towers with Radar,28,45,93,22,188,0,0,38,4,42,28,45,131,26,230,75,2,77,307
10/28/2000,CHA,TN,ASO,ES,Towers with Radar,19,29,60,1,109,2,0,76,0,78,21,29,136,1,187,51,0,51,238
10/29/2000,CHA,TN,ASO,ES,Towers with Radar,17,27,55,14,113,2,0,44,5,51,19,27,99,19,164,32,2,34,198
10/30/2000,CHA,TN,ASO,ES,Towers with Radar,23,40,76,15,154,3,9,69,0,81,26,49,145,15,235,32,26,58,293
10/31/2000,CHA,TN,ASO,ES,Towers with Radar,26,44,85,20,175,733,1230,4182,656,6801,759,1274,4267,676,6976,1686,492,2178,9154
11/01/2000,CHA,TN,ASO,ES,Towers with Radar,25,48,106,18,197,0,0,72,8,80,25,48,178,26,277,14,12,26,303
11/02/2000,CHA,TN,ASO,ES,Towers with Radar,30,55,111,19,215,0,0,26,30,56,30,55,137,49,271,2,25,27,298
11/03/2000,CHA,TN,ASO,ES,Towers with Radar,24,47,98,14,183,0,0,16,0,16,24,47,114,14,199,22,0,22,221
11/04/2000,CHA,TN,ASO,ES,Towers with Radar,18,30,53,11,112,0,0,0,0,0,18,30,53,11,112,0,0,0,112
11/05/2000,CHA,TN,ASO,ES,Towers with Radar,19,30,71,12,132,2,0,54,2,58,21,30,125,14,190,43,25,68,258
11/06/2000,CHA,TN,ASO,ES,Towers with Radar,21,40,80,14,155,4,17,3,1,25,25,57,83,15,180,22,18,40,220
11/07/2000,CHA,TN,ASO,ES,Towers with Radar,20,41,81,9,151,0,12,6,0,18,20,53,87,9,169,0,0,0,169
11/08/2000,CHA,TN,ASO,ES,Towers with Radar,23,41,83,0,147,1,13,12,0,26,24,54,95,0,173,0,0,0,173
11/09/2000,CHA,TN,ASO,ES,Towers with Radar,23,40,82,9,154,2,8,25,0,35,25,48,107,9,189,4,0,4,193
11/10/2000,CHA,TN,ASO,ES,Towers with Radar,23,50,113,13,199,0,0,31,0,31,23,50,144,13,230,64,8,72,302
11/11/2000,CHA,TN,ASO,ES,Towers with Radar,15,26,54,0,95,6,6,92,0,104,21,32,146,0,199,71,0,71,270
11/12/2000,CHA,TN,ASO,ES,Towers with Radar,18,25,64,2,109,7,0,84,0,91,25,25,148,2,200,119,0,119,319
11/13/2000,CHA,TN,ASO,ES,Towers with Radar,23,35,86,15,159,5,0,22,4,31,28,35,108,19,190,21,18,39,229
11/14/2000,CHA,TN,ASO,ES,Towers with Radar,24,39,109,17,189,0,0,92,14,106,24,39,201,31,295,52,22,74,369
11/15/2000,CHA,TN,ASO,ES,Towers with Radar,27,45,99,16,187,0,0,76,25,101,27,45,175,41,288,96,63,159,447
11/16/2000,CHA,TN,ASO,ES,Towers with Radar,0,39,79,7,125,0,4,8,0,12,0,43,87,7,137,0,0,0,137
11/17/2000,CHA,TN,ASO,ES,Towers with Radar,22,48,108,17,195,0,0,31,0,31,22,48,139,17,226,52,1,53,279
11/18/2000,CHA,TN,ASO,ES,Towers with Radar,16,29,59,6,110,3,3,47,0,53,19,32,106,6,163,69,0,69,232
11/19/2000,CHA,TN,ASO,ES,Towers with Radar,13,23,33,7,76,6,6,0,3,15,19,29,33,10,91,19,6,25,116
11/20/2000,CHA,TN,ASO,ES,Towers with Radar,23,41,82,5,151,0,0,61,0,61,23,41,143,5,212,73,6,79,291
11/21/2000,CHA,TN,ASO,ES,Towers with Radar,27,45,97,4,173,0,0,83,0,83,27,45,180,4,256,78,20,98,354
11/22/2000,CHA,TN,ASO,ES,Towers with Radar,24,43,85,13,165,0,0,61,0,61,24,43,146,13,226,58,24,82,308
11/23/2000,CHA,TN,ASO,ES,Towers with Radar,11,21,40,1,73,5,4,7,0,16,16,25,47,1,89,0,0,0,89
11/24/2000,CHA,TN,ASO,ES,Towers with Radar,15,29,55,0,99,2,2,12,0,16,17,31,67,0,115,38,0,38,153
11/25/2000,CHA,TN,ASO,ES,Towers with Radar,15,27,51,1,94,6,2,0,0,8,21,29,51,1,102,31,0,31,133
11/26/2000,CHA,TN,ASO,ES,Towers with Radar,22,32,80,0,134,0,0,17,0,17,22,32,97,0,151,66,0,66,217
11/27/2000,CHA,TN,ASO,ES,Towers with Radar,22,42,92,15,171,0,0,70,28,98,22,42,162,43,269,59,6,65,334
11/28/2000,CHA,TN,ASO,ES,Towers with Radar,25,46,90,14,175,4,3,72,1,80,29,49,162,15,255,46,22,68,323
11/29/2000,CHA,TN,ASO,ES,Towers with Radar,21,40,77,12,150,5,4,15,13,37,26,44,92,25,187,8,6,14,201
11/30/2000,CHA,TN,ASO,ES,Towers with Radar,26,47,93,15,181,0,2,81,23,106,26,49,174,38,287,44,18,62,349
12/01/2000,CHA,TN,ASO,ES,Towers with Radar,24,36,80,20,160,0,0,79,1,80,24,36,159,21,240,72,15,87,327
12/02/2000,CHA,TN,ASO,ES,Towers with Radar,16,24,43,11,94,4,0,43,7,54,20,24,86,18,148,48,24,72,220
12/03/2000,CHA,TN,ASO,ES,Towers with Radar,15,23,41,2,81,6,4,1,0,11,21,27,42,2,92,45,0,45,137
12/04/2000,CHA,TN,ASO,ES,Towers with Radar,22,43,76,19,160,0,1,55,17,73,22,44,131,36,233,99,16,115,348
12/05/2000,CHA,TN,ASO,ES,Towers with Radar,21,40,89,21,171,0,0,88,0,88,21,40,177,21,259,53,19,72,331
12/06/2000,CHA,TN,ASO,ES,Towers with Radar,28,33,78,19,158,0,0,42,15,57,28,33,120,34,215,54,32,86,301
12/07/2000,CHA,TN,ASO,ES,Towers with Radar,26,42,87,22,177,0,0,94,2,96,26,42,181,24,273,40,18,58,331
12/08/2000,CHA,TN,ASO,ES,Towers with Radar,23,44,83,21,171,0,0,70,6,76,23,44,153,27,247,39,27,66,313
12/09/2000,CHA,TN,ASO,ES,Towers with Radar,20,27,56,5,108,0,0,35,0,35,20,27,91,5,143,53,0,53,196
12/10/2000,CHA,TN,ASO,ES,Towers with Radar,20,29,70,17,136,0,0,5,2,7,20,29,75,19,143,56,12,68,211
12/11/2000,CHA,TN,ASO,ES,Towers with Radar,21,41,80,20,162,0,0,0,33,33,21,41,80,53,195,50,44,94,289
12/12/2000,CHA,TN,ASO,ES,Towers with Radar,23,41,73,17,154,0,4,72,0,76,23,45,145,17,230,100,2,102,332
12/13/2000,CHA,TN,ASO,ES,Towers with Radar,23,32,61,14,130,4,0,38,0,42,27,32,99,14,172,5,20,25,197
12/14/2000,CHA,TN,ASO,ES,Towers with Radar,31,38,82,8,159,6,0,36,0,42,37,38,118,8,201,10,28,38,239
12/15/2000,CHA,TN,ASO,ES,Towers with Radar,31,44,87,12,174,0,0,45,0,45,31,44,132,12,219,55,5,60,279
12/16/2000,CHA,TN,ASO,ES,Towers with Radar,24,26,22,0,72,1,1,0,0,2,25,27,22,0,74,0,0,0,74
12/17/2000,CHA,TN,ASO,ES,Towers with Radar,16,24,43,5,88,13,0,13,0,26,29,24,56,5,114,9,10,19,133
12/18/2000,CHA,TN,ASO,ES,Towers with Radar,28,40,74,16,158,0,0,31,33,64,28,40,105,49,222,66,62,128,350
12/19/2000,CHA,TN,ASO,ES,Towers with Radar,21,37,67,10,135,0,12,24,0,36,21,49,91,10,171,14,0,14,185
12/20/2000,CHA,TN,ASO,ES,Towers with Radar,23,43,77,7,150,0,4,75,0,79,23,47,152,7,229,14,16,30,259
12/21/2000,CHA,TN,ASO,ES,Towers with Radar,16,25,45,0,86,3,7,12,0,22,19,32,57,0,108,0,0,0,108
12/22/2000,CHA,TN,ASO,ES,Towers with Radar,21,32,57,0,110,4,8,22,0,34,25,40,79,0,144,54,0,54,198
12/23/2000,CHA,TN,ASO,ES,Towers with Radar,14,22,40,0,76,7,8,45,0,60,21,30,85,0,136,101,0,101,237
12/24/2000,CHA,TN,ASO,ES,Towers with Radar,11,17,29,0,57,7,1,10,0,18,18,18,39,0,75,18,0,18,93
12/25/2000,CHA,TN,ASO,ES,Towers with Radar,9,15,25,0,49,12,4,2,0,18,21,19,27,0,67,11,0,11,78
12/26/2000,CHA,TN,ASO,ES,Towers with Radar,20,34,57,0,111,0,8,18,0,26,20,42,75,0,137,51,0,51,188
12/27/2000,CHA,TN,ASO,ES,Towers with Radar,19,29,33,11,92,6,10,0,8,24,25,39,33,19,116,10,7,17,133
12/28/2000,CHA,TN,ASO,ES,Towers with Radar,22,35,61,13,131,0,4,33,0,37,22,39,94,13,168,59,26,85,253
12/29/2000,CHA,TN,ASO,ES,Towers with Radar,22,32,68,15,137,0,0,10,40,50,22,32,78,55,187,89,26,115,302
12/30/2000,CHA,TN,ASO,ES,Towers with Radar,13,18,32,0,63,5,5,7,0,17,18,23,39,0,80,56,0,56,136
12/31/2000,CHA,TN,ASO,ES,Towers with Radar,12,18,31,7,68,706,1052,2833,462,5053,718,1070,2864,469,5121,1358,409,1767,6888
01/01/2001,CHA,TN,ASO,ES,Towers with Radar,8,17,25,0,50,5,10,0,0,15,13,27,25,0,65,11,0,11,76
01/02/2001,CHA,TN,ASO,ES,Towers with Radar,20,36,66,0,122,0,6,43,0,49,20,42,109,0,171,54,0,54,225
01/03/2001,CHA,TN,ASO,ES,Towers with Radar,22,39,73,11,145,6,0,44,8,58,28,39,117,19,203,35,14,49,252
01/04/2001,CHA,TN,ASO,ES,Towers with Radar,22,43,83,13,161,0,0,72,9,81,22,43,155,22,242,40,2,42,284
01/05/2001,CHA,TN,ASO,ES,Towers with Radar,22,45,87,13,167,0,0,65,2,67,22,45,152,15,234,80,66,146,380
01/06/2001,CHA,TN,ASO,ES,Towers with Radar,17,28,58,3,106,4,0,116,0,120,21,28,174,3,226,108,4,112,338
01/07/2001,CHA,TN,ASO,ES,Towers with Radar,20,31,66,2,119,6,0,16,0,22,26,31,82,2,141,52,4,56,197
01/08/2001,CHA,TN,ASO,ES,Towers with Radar,21,37,68,10,136,1,7,4,1,13,22,44,72,11,149,43,10,53,202
01/09/2001,CHA,TN,ASO,ES,Towers with Radar,24,44,81,6,155,3,2,54,0,59,27,46,135,6,214,30,0,30,244
01/10/2001,CHA,TN,ASO,ES,Towers with Radar,26,44,82,4,156,4,3,70,0,77,30,47,152,4,233,54,0,54,287
01/11/2001,CHA,TN,ASO,ES,Towers with Radar,25,41,88,12,166,0,0,26,11,37,25,41,114,23,203,0,28,28,231
01/12/2001,CHA,TN,ASO,ES,Towers with Radar,26,44,87,2,159,0,0,29,0,29,26,44,116,2,188,67,0,67,255
01/13/2001,CHA,TN,ASO,ES,Towers with Radar,20,30,77,0,127,0,0,38,0,38,20,30,115,0,165,44,0,44,209
01/14/2001,CHA,TN,ASO,ES,Towers with Radar,17,29,54,2,102,3,4,3,0,10,20,33,57,2,112,27,0,27,139
01/15/2001,CHA,TN,ASO,ES,Towers with Radar,24,37,78,2,141,4,0,69,0,73,28,37,147,2,214,103,6,109,323
01/16/2001,CHA,TN,ASO,ES,Towers with Radar,23,49,95,13,180,0,0,39,14,53,23,49,134,27,233,68,24,92,325
01/17/2001,CHA,TN,ASO,ES,Towers with Radar,27,44,85,11,167,0,2,17,0,19,27,46,102,11,186,34,14,48,234
01/18/2001,CHA,TN,ASO,ES,Towers with Radar,27,59,89,2,177,0,2,1,0,3,27,61,90,2,180,0,0,0,180
01/19/2001,CHA,TN,ASO,ES,Towers with Radar,35,17,59,0,111,0,2,1,0,3,35,19,60,0,114,0,0,0,114
01/20/2001,CHA,TN,ASO,ES,Towers with Radar,11,16,13,0,40,15,9,0,0,24,26,25,13,0,64,8,0,8,72
01/21/2001,CHA,TN,ASO,ES,Towers with Radar,19,25,57,3,104,5,0,101,0,106,24,25,158,3,210,97,12,109,319
01/22/2001,CHA,TN,ASO,ES,Towers with Radar,21,40,77,1,139,0,12,91,0,103,21,52,168,1,242,50,0,50,292
01/23/2001,CHA,TN,ASO,ES,Towers with Radar,25,51,94,13,183,0,12,46,9,67,25,63,140,22,250,108,33,141,391
01/24/2001,CHA,TN,ASO,ES,Towers with Radar,30,45,111,16,202,0,0,63,29,92,30,45,174,45,294,92,30,122,416
01/25/2001,CHA,TN,ASO,ES,Towers with Radar,26,46,89,13,174,0,0,77,10,87,26,46,166,23,261,26,13,39,300
01/26/2001,CHA,TN,ASO,ES,Towers with Radar,26,38,93,12,169,0,0,35,22,57,26,38,128,34,226,70,42,112,338
01/27/2001,CHA,TN,ASO,ES,Towers with Radar,16,28,50,0,94,3,3,62,0,68,19,31,112,0,162,158,0,158,320
01/28/2001,CHA,TN,ASO,ES,Towers with Radar,17,29,53,5,104,6,0,78,0,84,23,29,131,5,188,87,8,95,283
01/29/2001,CHA,TN,ASO,ES,Towers with Radar,22,37,67,2,128,1,6,28,0,35,23,43,95,2,163,28,0,28,191
01/30/2001,CHA,TN,ASO,ES,Towers with Radar,25,44,80,3,152,0,7,35,0,42,25,51,115,3,194,75,8,83,277
01/31/2001,CHA,TN,ASO,ES,Towers with Radar,36,59,109,14,218,715,1192,3580,328,5815,751,1251,3689,342,6033,1683,334,2017,8050
02/01/2001,CHA,TN,ASO,ES,Towers with Radar,19,49,92,15,175,0,3,90,0,93,19,52,182,15,268,77,11,88,356
02/02/2001,CHA,TN,ASO,ES,Towers with Radar,20,38,73,12,143,1,14,54,2,71,21,52,127,14,214,52,12,64,278
02/03/2001,CHA,TN,ASO,ES,Towers with Radar,18,30,65,0,113,2,0,115,0,117,20,30,180,0,230,106,0,106,336
02/04/2001,CHA,TN,ASO,ES,Towers with Radar,14,27,52,0,93,2,9,63,0,74,16,36,115,0,167,28,0,28,195
02/05/2001,CHA,TN,ASO,ES,Towers with Radar,24,47,89,15,175,2,3,36,18,59,26,50,125,33,234,130,8,138,372
02/06/2001,CHA,TN,ASO,ES,Towers with Radar,24,44,84,7,159,3,2,90,0,95,27,46,174,7,254,90,0,90,344
02/07/2001,CHA,TN,ASO,ES,Towers with Radar,29,35,103,17,184,7,0,94,0,101,36,35,197,17,285,56,30,86,371
02/08/2001,CHA,TN,ASO,ES,Towers with Radar,27,41,97,16,181,4,0,36,20,60,31,41,133,36,241,132,34,166,407
02/09/2001,CHA,TN,ASO,ES,Towers with Radar,22,41,77,13,153,0,2,7,9,18,22,43,84,22,171,0,30,30,201
02/10/2001,CHA,TN,ASO,ES,Towers with Radar,19,27,69,12,127,0,0,20,9,29,19,27,89,21,156,12,2,14,170
02/11/2001,CHA,TN,ASO,ES,Towers with Radar,15,34,67,2,118,0,2,43,0,45,15,36,110,2,163,96,0,96,259
02/12/2001,CHA,TN,ASO,ES,Towers with Radar,19,36,64,0,119,0,15,0,0,15,19,51,64,0,134,13,0,13,147
02/13/2001,CHA,TN,ASO,ES,Towers with Radar,20,48,67,0,135,0,2,1,0,3,20,50,68,0,138,0,0,0,138
02/14/2001,CHA,TN,ASO,ES,Towers with Radar,25,56,93,18,192,0,2,3,0,5,25,58,96,18,197,0,0,0,197
02/15/2001,CHA,TN,ASO,ES,Towers with Radar,18,45,88,3,154,0,13,5,0,18,18,58,93,3,172,18,0,18,190
02/16/2001,CHA,TN,ASO,ES,Towers with Radar,16,37,72,3,128,0,15,7,0,22,16,52,79,3,150,4,0,4,154
02/17/2001,CHA,TN,ASO,ES,Towers with Radar,22,28,76,1,127,4,0,56,0,60,26,28,132,1,187,116,0,116,303
02/18/2001,CHA,TN,ASO,ES,Towers with Radar,19,33,70,2,124,4,0,74,0,78,23,33,144,2,202,137,8,145,347
02/19/2001,CHA,TN,ASO,ES,Towers with Radar,21,36,72,5,134,2,0,108,0,110,23,36,180,5,244,94,0,94,338
02/20/2001,CHA,TN,ASO,ES,Towers with Radar,22,54,107,16,199,0,0,47,13,60,22,54,154,29,259,87,14,101,360
02/21/2001,CHA,TN,ASO,ES,Towers with Radar,21,53,105,16,195,0,0,29,2,31,21,53,134,18,226,16,4,20,246
02/22/2001,CHA,TN,ASO,ES,Towers with Radar,25,47,89,14,175,1,6,13,0,20,26,53,102,14,195,0,22,22,217
02/23/2001,CHA,TN,ASO,ES,Towers with Radar,33,35,114,18,200,9,0,83,16,108,42,35,197,34,308,176,22,198,506
02/24/2001,CHA,TN,ASO,ES,Towers with Radar,13,24,45,2,84,11,1,27,0,39,24,25,72,2,123,102,0,102,225
02/25/2001,CHA,TN,ASO,ES,Towers with Radar,14,24,47,1,86,2,6,35,0,43,16,30,82,1,129,47,0,47,176
02/26/2001,CHA,TN,ASO,ES,Towers with Radar,18,44,100,16,178,0,0,113,7,120,18,44,213,23,298,115,16,131,429
02/27/2001,CHA,TN,ASO,ES,Towers with Radar,26,42,91,14,173,11,0,59,20,90,37,42,150,34,263,68,22,90,353
02/28/2001,CHA,TN,ASO,ES,Towers with Radar,23,54,102,16,195,0,2,18,50,70,23,56,120,66,265,62,42,104,369
03/01/2001,CHA,TN,ASO,ES,Towers with Radar,23,47,86,20,176,1,1,71,2,75,24,48,157,22,251,48,68,116,367
03/02/2001,CHA,TN,ASO,ES,Towers with Radar,26,47,102,23,198,0,0,12,26,38,26,47,114,49,236,103,46,149,385
03/03/2001,CHA,TN,ASO,ES,Towers with Radar,13,26,46,3,88,4,8,3,0,15,17,34,49,3,103,0,0,0,103
03/04/2001,CHA,TN,ASO,ES,Towers with Radar,12,25,38,7,82,11,9,0,0,20,23,34,38,7,102,9,10,19,121
03/05/2001,CHA,TN,ASO,ES,Towers with Radar,16,36,63,3,118,14,10,61,0,85,30,46,124,3,203,34,0,34,237
03/06/2001,CHA,TN,ASO,ES,Towers with Radar,19,45,81,18,163,0,9,28,0,37,19,54,109,18,200,15,14,29,229
03/07/2001,CHA,TN,ASO,ES,Towers with Radar,27,51,103,24,205,1,0,102,9,112,28,51,205,33,317,104,62,166,483
03/08/2001,CHA,TN,ASO,ES,Towers with Radar,21,53,94,21,189,0,4,98,0,102,21,57,192,21,291,78,45,123,414
03/09/2001,CHA,TN,ASO,ES,Towers with Radar,24,48,88,21,181,1,0,47,18,66,25,48,135,39,247,123,81,204,451
03/10/2001,CHA,TN,ASO,ES,Towers with Radar,17,34,68,1,120,0,0,109,0,109,17,34,177,1,229,178,0,178,407
03/11/2001,CHA,TN,ASO,ES,Towers with Radar,17,34,61,6,118,3,0,61,0,64,20,34,122,6,182,146,4,150,332
03/12/2001,CHA,TN,ASO,ES,Towers with Radar,19,36,65,11,131,2,11,11,0,24,21,47,76,11,155,25,18,43,198
03/13/2001,CHA,TN,ASO,ES,Towers with Radar,22,43,78,15,158,3,14,47,0,64,25,57,125,15,222,44,10,54,276
03/14/2001,CHA,TN,ASO,ES,Towers with Radar,25,55,112,26,218,0,0,112,0,112,25,55,224,26,330,50,26,76,406
03/15/2001,CHA,TN,ASO,ES,Towers with Radar,22,42,76,12,152,1,25,5,0,31,23,67,81,12,183,56,6,62,245
03/16/2001,CHA,TN,ASO,ES,Towers with Radar,24,56,101,20,201,0,2,49,0,51,24,58,150,20,252,137,8,145,397
03/17/2001,CHA,TN,ASO,ES,Towers with Radar,20,33,70,6,129,2,0,61,0,63,22,33,131,6,192,42,6,48,240
03/18/2001,CHA,TN,ASO,ES,Towers with Radar,16,37,74,17,144,0,0,41,9,50,16,37,115,26,194,92,20,112,306
03/19/2001,CHA,TN,ASO,ES,Towers with Radar,22,44,80,17,163,0,4,47,1,52,22,48,127,18,215,106,58,164,379
03/20/2001,CHA,TN,ASO,ES,Towers with Radar,14,28,51,0,93,4,15,17,0,36,18,43,68,0,129,0,0,0,129
03/21/2001,CHA,TN,ASO,ES,Towers with Radar,25,54,101,24,204,0,0,0,29,29,25,54,101,53,233,42,24,66,299
03/22/2001,CHA,TN,ASO,ES,Towers with Radar,23,50,106,23,202,0,0,61,0,61,23,50,167,23,263,64,8,72,335
03/23/2001,CHA,TN,ASO,ES,Towers with Radar,26,47,103,22,198,0,0,56,30,86,26,47,159,52,284,49,48,97,381
03/24/2001,CHA,TN,ASO,ES,Towers with Radar,15,29,53,0,97,6,1,35,0,42,21,30,88,0,139,27,0,27,166
03/25/2001,CHA,TN,ASO,ES,Towers with Radar,19,33,67,4,123,1,0,84,0,85,20,33,151,4,208,94,0,94,302
03/26/2001,CHA,TN,ASO,ES,Towers with Radar,19,36,67,15,137,4,2,68,1,75,23,38,135,16,212,93,6,99,311
03/27/2001,CHA,TN,ASO,ES,Towers with Radar,24,42,86,19,171,1,0,66,19,86,25,42,152,38,257,42,18,60,317
03/28/2001,CHA,TN,ASO,ES,Towers with Radar,23,41,105,23,192,0,0,87,28,115,23,41,192,51,307,74,24,98,405
03/29/2001,CHA,TN,ASO,ES,Towers with Radar,24,52,86,12,174,0,1,1,0,2,24,53,87,12,176,0,0,0,176
03/30/2001,CHA,TN,ASO,ES,Towers with Radar,23,32,91,20,166,0,0,9,12,21,23,32,100,32,187,57,27,84,271
03/31/2001,CHA,TN,ASO,ES,Towers with Radar,22,43,79,17,161,675,1339,3882,612,6508,697,1382,3961,629,6669,1986,637,2623,9292
04/01/2001,CHA,TN,ASO,ES,Towers with Radar,18,28,62,7,115,1,0,30,0,31,19,28,92,7,146,12,2,14,160
04/02/2001,CHA,TN,ASO,ES,Towers with Radar,17,40,81,18,156,0,1,49,13,63,17,41,130,31,219,93,68,161,380
04/03/2001,CHA,TN,ASO,ES,Towers with Radar,19,33,66,9,127,2,14,4,0,20,21,47,70,9,147,6,0,6,153
04/04/2001,CHA,TN,ASO,ES,Towers with Radar,25,43,72,19,159,0,7,0,2,9,25,50,72,21,168,10,18,28,196
04/05/2001,CHA,TN,ASO,ES,Towers with Radar,25,45,99,13,182,0,0,26,0,26,25,45,125,13,208,38,6,44,252
04/06/2001,CHA,TN,ASO,ES,Towers with Radar,27,33,123,25,208,0,0,44,19,63,27,33,167,44,271,112,20,132,403
04/07/2001,CHA,TN,ASO,ES,Towers with Radar,22,25,78,13,138,0,0,69,0,69,22,25,147,13,207,109,20,129,336
04/08/2001,CHA,TN,ASO,ES,Towers with Radar,16,27,66,14,123,0,0,62,5,67,16,27,128,19,190,54,15,69,259
04/09/2001,CHA,TN,ASO,ES,Towers with Radar,19,40,81,16,156,0,1,35,2,38,19,41,116,18,194,29,8,37,231
04/10/2001,CHA,TN,ASO,ES,Towers with Radar,21,42,84,13,160,0,13,73,0,86,21,55,157,13,246,30,16,46,292
04/11/2001,CHA,TN,ASO,ES,Towers with Radar,23,41,105,21,190,0,0,69,22,91,23,41,174,43,281,27,30,57,338
04/12/2001,CHA,TN,ASO,ES,Towers with Radar,19,43,102,21,185,0,0,19,27,46,19,43,121,48,231,12,6,18,249
04/13/2001,CHA,TN,ASO,ES,Towers with Radar,22,46,97,16,181,0,2,29,0,31,22,48,126,16,212,48,10,58,270
04/14/2001,CHA,TN,ASO,ES,Towers with Radar,16,28,59,2,105,0,0,59,0,59,16,28,118,2,164,41,18,59,223
04/15/2001,CHA,TN,ASO,ES,Towers with Radar,10,17,36,0,63,7,4,3,0,14,17,21,39,0,77,4,0,4,81
04/16/2001,CHA,TN,ASO,ES,Towers with Radar,20,42,90,18,170,0,0,42,16,58,20,42,132,34,228,87,69,156,384
04/17/2001,CHA,TN,ASO,ES,Towers with Radar,22,36,70,16,144,6,18,0,15,39,28,54,70,31,183,28,24,52,235
04/18/2001,CHA,TN,ASO,ES,Towers with Radar,29,46,97,11,183,6,7,101,0,114,35,53,198,11,297,52,12,64,361
04/19/2001,CHA,TN,ASO,ES,Towers with Radar,30,49,102,21,202,2,7,95,7,111,32,56,197,28,313,24,20,44,357
04/20/2001,CHA,TN,ASO,ES,Towers with Radar,31,54,111,23,219,0,3,52,23,78,31,57,163,46,297,130,22,152,449
04/21/2001,CHA,TN,ASO,ES,Towers with Radar,15,24,51,5,95,10,9,40,0,59,25,33,91,5,154,51,0,51,205
04/22/2001,CHA,TN,ASO,ES,Towers with Radar,22,21,76,16,135,8,0,78,1,87,30,21,154,17,222,82,8,90,312
04/23/2001,CHA,TN,ASO,ES,Towers with Radar,27,39,91,18,175,0,0,77,9,86,27,39,168,27,261,71,27,98,359
04/24/2001,CHA,TN,ASO,ES,Towers with Radar,26,42,88,8,164,1,5,53,0,59,27,47,141,8,223,77,2,79,302
04/25/2001,CHA,TN,ASO,ES,Towers with Radar,22,44,91,12,169,0,6,131,0,137,22,50,222,12,306,88,24,112,418
04/26/2001,CHA,TN,ASO,ES,Towers with Radar,26,42,88,18,174,4,6,146,1,157,30,48,234,19,331,0,0,0,331
04/27/2001,CHA,TN,ASO,ES,Towers with Radar,25,39,86,14,164,6,0,87,0,93,31,39,173,14,257,54,9,63,320
04/28/2001,CHA,TN,ASO,ES,Towers with Radar,16,25,52,1,94,6,0,61,0,67,22,25,113,1,161,60,0,60,221
04/29/2001,CHA,TN,ASO,ES,Towers with Radar,19,29,63,7,118,6,0,45,0,51,25,29,108,7,169,90,0,90,259
04/30/2001,CHA,TN,ASO,ES,Towers with Radar,26,43,86,17,172,2,1,60,0,63,28,44,146,17,235,74,2,76,311
05/01/2001,CHA,TN,ASO,ES,Towers with Radar,29,36,99,18,182,3,0,39,9,51,32,36,138,27,233,39,0,39,272
05/02/2001,CHA,TN,ASO,ES,Towers with Radar,29,46,97,18,190,2,0,69,1,72,31,46,166,19,262,37,4,41,303
05/03/2001,CHA,TN,ASO,ES,Towers with Radar,30,48,102,17,197,3,0,77,0,80,33,48,179,17,277,74,2,76,353
05/04/2001,CHA,TN,ASO,ES,Towers with Radar,25,42,84,15,166,6,0,98,3,107,31,42,182,18,273,96,14,110,383
05/05/2001,CHA,TN,ASO,ES,Towers with Radar,13,23,46,6,88,17,1,54,0,72,30,24,100,6,160,89,2,91,251
05/06/2001,CHA,TN,ASO,ES,Towers with Radar,24,28,81,7,140,5,0,52,0,57,29,28,133,7,197,75,2,77,274
05/07/2001,CHA,TN,ASO,ES,Towers with Radar,22,37,75,14,148,1,8,9,24,42,23,45,84,38,190,35,47,82,272
05/08/2001,CHA,TN,ASO,ES,Towers with Radar,26,44,88,16,174,1,5,17,3,26,27,49,105,19,200,30,4,34,234
05/09/2001,CHA,TN,ASO,ES,Towers with Radar,30,52,117,17,216,0,0,24,0,24,30,52,141,17,240,0,0,0,240
05/10/2001,CHA,TN,ASO,ES,Towers with Radar,26,46,96,15,183,0,8,56,0,64,26,54,152,15,247,83,0,83,330
05/11/2001,CHA,TN,ASO,ES,Towers with Radar,25,39,94,17,175,0,0,47,21,68,25,39,141,38,243,97,50,147,390
05/12/2001,CHA,TN,ASO,ES,Towers with Radar,15,25,52,4,96,0,4,17,0,21,15,29,69,4,117,61,0,61,178
05/13/2001,CHA,TN,ASO,ES,Towers with Radar,19,29,61,3,112,2,4,53,0,59,21,33,114,3,171,78,2,80,251
05/14/2001,CHA,TN,ASO,ES,Towers with Radar,18,44,91,17,170,0,1,112,13,126,18,45,203,30,296,83,25,108,404
05/15/2001,CHA,TN,ASO,ES,Towers with Radar,23,49,103,19,194,0,2,86,13,101,23,51,189,32,295,69,24,93,388
05/16/2001,CHA,TN,ASO,ES,Towers with Radar,25,40,83,13,161,4,0,79,0,83,29,40,162,13,244,66,0,66,310
05/17/2001,CHA,TN,ASO,ES,Towers with Radar,24,46,96,17,183,0,0,79,3,82,24,46,175,20,265,20,0,20,285
05/18/2001,CHA,TN,ASO,ES,Towers with Radar,18,39,82,14,153,0,11,72,10,93,18,50,154,24,246,66,24,90,336
05/19/2001,CHA,TN,ASO,ES,Towers with Radar,14,24,51,0,89,1,0,22,0,23,15,24,73,0,112,19,0,19,131
05/20/2001,CHA,TN,ASO,ES,Towers with Radar,20,32,76,13,141,0,0,3,1,4,20,32,79,14,145,2,0,2,147
05/21/2001,CHA,TN,ASO,ES,Towers with Radar,19,29,61,5,114,6,12,4,0,22,25,41,65,5,136,0,0,0,136
05/22/2001,CHA,TN,ASO,ES,Towers with Radar,23,34,79,3,139,6,0,40,0,46,29,34,119,3,185,64,0,64,249
05/23/2001,CHA,TN,ASO,ES,Towers with Radar,23,52,105,18,198,0,2,83,17,102,23,54,188,35,300,29,28,57,357
05/24/2001,CHA,TN,ASO,ES,Towers with Radar,27,45,91,0,163,0,4,37,0,41,27,49,128,0,204,50,4,54,258
05/25/2001,CHA,TN,ASO,ES,Towers with Radar,20,45,91,16,172,0,0,41,5,46,20,45,132,21,218,26,2,28,246
05/26/2001,CHA,TN,ASO,ES,Towers with Radar,17,24,63,2,106,0,0,62,0,62,17,24,125,2,168,43,0,43,211
05/27/2001,CHA,TN,ASO,ES,Towers with Radar,19,25,60,4,108,8,0,64,0,72,27,25,124,4,180,89,2,91,271
05/28/2001,CHA,TN,ASO,ES,Towers with Radar,14,25,50,0,89,5,3,4,0,12,19,28,54,0,101,4,0,4,105
05/29/2001,CHA,TN,ASO,ES,Towers with Radar,26,41,98,17,182,0,0,64,13,77,26,41,162,30,259,34,29,63,322
05/30/2001,CHA,TN,ASO,ES,Towers with Radar,25,46,102,18,191,0,0,100,3,103,25,46,202,21,294,118,16,134,428
05/31/2001,CHA,TN,ASO,ES,Towers with Radar,24,39,79,14,156,740,1213,4048,482,6483,764,1252,4127,496,6639,1583,283,1866,8505
06/01/2001,CHA,TN,ASO,ES,Towers with Radar,18,36,78,3,135,6,8,21,0,35,24,44,99,3,170,14,4,18,188
06/02/2001,CHA,TN,ASO,ES,Towers with Radar,12,24,51,7,94,5,3,35,0,43,17,27,86,7,137,22,6,28,165
06/03/2001,CHA,TN,ASO,ES,Towers with Radar,14,29,62,2,107,2,9,21,0,32,16,38,83,2,139,39,0,39,178
06/04/2001,CHA,TN,ASO,ES,Towers with Radar,17,33,75,10,135,6,0,33,0,39,23,33,108,10,174,12,0,12,186
06/05/2001,CHA,TN,ASO,ES,Towers with Radar,16,33,69,3,121,0,15,48,0,63,16,48,117,3,184,20,7,27,211
06/06/2001,CHA,TN,ASO,ES,Towers with Radar,23,47,106,19,195,0,0,36,29,65,23,47,142,48,260,15,14,29,289
06/07/2001,CHA,TN,ASO,ES,Towers with Radar,22,44,94,0,160,1,3,16,0,20,23,47,110,0,180,4,0,4,184
06/08/2001,CHA,TN,ASO,ES,Towers with Radar,22,41,98,18,179,4,0,48,11,63,26,41,146,29,242,65,34,99,341
06/09/2001,CHA,TN,ASO,ES,Towers with Radar,14,26,57,0,97,5,0,68,0,73,19,26,125,0,170,133,0,133,303
06/10/2001,CHA,TN,ASO,ES,Towers with Radar,18,32,85,5,140,0,0,92,0,92,18,32,177,5,232,106,4,110,342
06/11/2001,CHA,TN,ASO,ES,Towers with Radar,13,43,95,17,168,0,11,65,6,82,13,54,160,23,250,116,48,164,414
06/12/2001,CHA,TN,ASO,ES,Towers with Radar,20,49,108,19,196,0,1,49,17,67,20,50,157,36,263,71,12,83,346
06/13/2001,CHA,TN,ASO,ES,Towers with Radar,22,42,104,18,186,0,0,67,11,78,22,42,171,29,264,81,35,116,380
06/14/2001,CHA,TN,ASO,ES,Towers with Radar,21,38,86,5,150,2,0,63,0,65,23,38,149,5,215,13,0,13,228
06/15/2001,CHA,TN,ASO,ES,Towers with Radar,19,35,99,18,171,0,0,27,21,48,19,35,126,39,219,122,34,156,375
06/16/2001,CHA,TN,ASO,ES,Towers with Radar,17,21,83,11,132,0,0,99,0,99,17,21,182,11,231,150,0,150,381
06/17/2001,CHA,TN,ASO,ES,Towers with Radar,15,27,61,4,107,2,11,106,0,119,17,38,167,4,226,90,0,90,316
06/18/2001,CHA,TN,ASO,ES,Towers with Radar,20,43,95,16,174,0,10,46,23,79,20,53,141,39,253,88,39,127,380
06/19/2001,CHA,TN,ASO,ES,Towers with Radar,23,46,102,17,188,0,2,45,20,67,23,48,147,37,255,63,34,97,352
06/20/2001,CHA,TN,ASO,ES,Towers with Radar,19,47,104,17,187,0,4,98,12,114,19,51,202,29,301,46,20,66,367
06/21/2001,CHA,TN,ASO,ES,Towers with Radar,20,32,83,11,146,4,0,47,0,51,24,32,130,11,197,10,0,10,207
06/22/2001,CHA,TN,ASO,ES,Towers with Radar,23,39,94,16,172,1,0,16,0,17,24,39,110,16,189,40,16,56,245
06/23/2001,CHA,TN,ASO,ES,Towers with Radar,16,29,66,3,114,1,0,82,0,83,17,29,148,3,197,113,16,129,326
06/24/2001,CHA,TN,ASO,ES,Towers with Radar,18,29,76,4,127,0,0,120,0,120,18,29,196,4,247,100,6,106,353
06/25/2001,CHA,TN,ASO,ES,Towers with Radar,18,34,77,13,142,8,0,37,8,53,26,34,114,21,195,82,0,82,277
06/26/2001,CHA,TN,ASO,ES,Towers with Radar,23,47,103,18,191,0,0,36,6,42,23,47,139,24,233,45,23,68,301
06/27/2001,CHA,TN,ASO,ES,Towers with Radar,23,46,99,9,177,0,5,27,0,32,23,51,126,9,209,54,2,56,265
06/28/2001,CHA,TN,ASO,ES,Towers with Radar,22,49,105,18,194,0,13,17,3,33,22,62,122,21,227,20,0,20,247
06/29/2001,CHA,TN,ASO,ES,Towers with Radar,23,42,92,9,166,1,0,29,0,30,24,42,121,9,196,44,7,51,247
06/30/2001,CHA,TN,ASO,ES,Towers with Radar,17,23,91,15,146,0,0,26,3,29,17,23,117,18,175,169,4,173,348
07/01/2001,CHA,TN,ASO,ES,Towers with Radar,15,31,56,1,103,3,2,52,0,57,18,33,108,1,160,30,0,30,190
07/02/2001,CHA,TN,ASO,ES,Towers with Radar,16,36,66,10,128,4,4,39,0,47,20,40,105,10,175,62,4,66,241
07/03/2001,CHA,TN,ASO,ES,Towers with Radar,19,42,74,12,147,0,0,45,8,53,19,42,119,20,200,37,31,68,268
07/04/2001,CHA,TN,ASO,ES,Towers with Radar,15,20,59,0,94,1,0,25,0,26,16,20,84,0,120,0,0,0,120
07/05/2001,CHA,TN,ASO,ES,Towers with Radar,19,41,74,2,136,2,8,26,0,36,21,49,100,2,172,10,0,10,182
07/06/2001,CHA,TN,ASO,ES,Towers with Radar,23,35,83,13,154,6,0,56,13,75,29,35,139,26,229,112,20,132,361
07/07/2001,CHA,TN,ASO,ES,Towers with Radar,17,28,64,0,109,1,0,64,0,65,18,28,128,0,174,72,0,72,246
07/08/2001,CHA,TN,ASO,ES,Towers with Radar,17,28,63,9,117,1,0,67,0,68,18,28,130,9,185,105,12,117,302
07/09/2001,CHA,TN,ASO,ES,Towers with Radar,18,37,68,11,134,3,8,30,3,44,21,45,98,14,178,44,10,54,232
07/10/2001,CHA,TN,ASO,ES,Towers with Radar,24,46,89,8,167,1,0,64,0,65,25,46,153,8,232,20,0,20,252
07/11/2001,CHA,TN,ASO,ES,Towers with Radar,24,44,89,14,171,0,0,55,15,70,24,44,144,29,241,68,14,82,323
07/12/2001,CHA,TN,ASO,ES,Towers with Radar,23,47,89,11,170,0,0,113,0,113,23,47,202,11,283,55,24,79,362
07/13/2001,CHA,TN,ASO,ES,Towers with Radar,20,45,85,12,162,0,0,39,22,61,20,45,124,34,223,98,2,100,323
07/14/2001,CHA,TN,ASO,ES,Towers with Radar,13,27,50,7,97,4,7,62,0,73,17,34,112,7,170,59,2,61,231
07/15/2001,CHA,TN,ASO,ES,Towers with Radar,16,29,58,6,109,2,0,70,0,72,18,29,128,6,181,66,0,66,247
07/16/2001,CHA,TN,ASO,ES,Towers with Radar,17,37,68,10,132,0,9,58,3,70,17,46,126,13,202,43,0,43,245
07/17/2001,CHA,TN,ASO,ES,Towers with Radar,23,43,88,13,167,1,0,56,12,69,24,43,144,25,236,86,1,87,323
07/18/2001,CHA,TN,ASO,ES,Towers with Radar,24,46,88,13,171,1,0,43,4,48,25,46,131,17,219,55,25,80,299
07/19/2001,CHA,TN,ASO,ES,Towers with Radar,21,54,99,14,188,0,3,26,1,30,21,57,125,15,218,36,12,48,266
07/20/2001,CHA,TN,ASO,ES,Towers with Radar,20,40,73,6,139,4,21,21,0,46,24,61,94,6,185,5,0,5,190
07/21/2001,CHA,TN,ASO,ES,Towers with Radar,14,29,57,7,107,0,0,15,0,15,14,29,72,7,122,14,0,14,136
07/22/2001,CHA,TN,ASO,ES,Towers with Radar,15,34,65,2,116,0,0,39,0,39,15,34,104,2,155,60,0,60,215
07/23/2001,CHA,TN,ASO,ES,Towers with Radar,19,47,85,12,163,0,4,84,1,89,19,51,169,13,252,84,2,86,338
07/24/2001,CHA,TN,ASO,ES,Towers with Radar,24,46,88,13,171,1,0,39,15,55,25,46,127,28,226,90,22,112,338
07/25/2001,CHA,TN,ASO,ES,Towers with Radar,23,50,94,14,181,0,0,30,2,32,23,50,124,16,213,2,0,2,215
07/26/2001,CHA,TN,ASO,ES,Towers with Radar,22,50,90,2,164,0,1,51,0,52,22,51,141,2,216,26,0,26,242
07/27/2001,CHA,TN,ASO,ES,Towers with Radar,22,46,82,12,162,1,0,43,0,44,23,46,125,12,206,41,22,63,269
07/28/2001,CHA,TN,ASO,ES,Towers with Radar,14,29,48,0,91,4,1,0,0,5,18,30,48,0,96,50,0,50,146
07/29/2001,CHA,TN,ASO,ES,Towers with Radar,16,35,62,2,115,0,2,15,0,17,16,37,77,2,132,15,0,15,147
07/30/2001,CHA,TN,ASO,ES,Towers with Radar,20,51,97,14,182,0,0,72,23,95,20,51,169,37,277,77,24,101,378
07/31/2001,CHA,TN,ASO,ES,Towers with Radar,16,52,95,14,177,0,0,57,25,82,16,52,152,39,259,112,26,138,397
08/01/2001,CHA,TN,ASO,ES,Towers with Radar,24,52,93,19,188,1,2,35,6,44,25,54,128,25,232,22,36,58,290
08/02/2001,CHA,TN,ASO,ES,Towers with Radar,23,50,88,5,166,3,3,71,0,77,26,53,159,5,243,50,10,60,303
08/03/2001,CHA,TN,ASO,ES,Towers with Radar,20,45,79,16,160,2,2,17,6,27,22,47,96,22,187,20,8,28,215
08/04/2001,CHA,TN,ASO,ES,Towers with Radar,15,33,57,0,105,2,12,0,0,14,17,45,57,0,119,60,0,60,179
08/05/2001,CHA,TN,ASO,ES,Towers with Radar,16,34,65,13,128,0,0,10,3,13,16,34,75,16,141,54,8,62,203
08/06/2001,CHA,TN,ASO,ES,Towers with Radar,18,41,72,15,146,8,5,25,8,46,26,46,97,23,192,43,14,57,249
08/07/2001,CHA,TN,ASO,ES,Towers with Radar,20,44,78,16,158,0,10,26,7,43,20,54,104,23,201,6,10,16,217
08/08/2001,CHA,TN,ASO,ES,Towers with Radar,22,44,85,17,168,6,0,41,15,62,28,44,126,32,230,26,44,70,300
08/09/2001,CHA,TN,ASO,ES,Towers with Radar,24,54,95,3,176,3,3,29,0,35,27,57,124,3,211,45,0,45,256
08/10/2001,CHA,TN,ASO,ES,Towers with Radar,16,42,75,10,143,0,6,28,0,34,16,48,103,10,177,24,2,26,203
08/11/2001,CHA,TN,ASO,ES,Towers with Radar,16,29,63,8,116,2,0,49,0,51,18,29,112,8,167,142,0,142,309
08/12/2001,CHA,TN,ASO,ES,Towers with Radar,13,28,51,0,92,4,0,2,0,6,17,28,53,0,98,18,0,18,116
08/13/2001,CHA,TN,ASO,ES,Towers with Radar,19,48,88,10,165,0,6,26,0,32,19,54,114,10,197,31,2,33,230
08/14/2001,CHA,TN,ASO,ES,Towers with Radar,23,47,89,13,172,3,0,112,0,115,26,47,201,13,287,54,6,60,347
08/15/2001,CHA,TN,ASO,ES,Towers with Radar,29,59,108,21,217,0,2,67,27,96,29,61,175,48,313,6,11,17,330
08/16/2001,CHA,TN,ASO,ES,Towers with Radar,23,53,103,20,199,0,0,72,39,111,23,53,175,59,310,100,20,120,430
08/17/2001,CHA,TN,ASO,ES,Towers with Radar,25,47,94,18,184,6,0,66,9,81,31,47,160,27,265,45,42,87,352
08/18/2001,CHA,TN,ASO,ES,Towers with Radar,14,33,67,11,125,0,0,48,0,48,14,33,115,11,173,50,0,50,223
08/19/2001,CHA,TN,ASO,ES,Towers with Radar,19,32,70,0,121,1,0,39,0,40,20,32,109,0,161,51,0,51,212
08/20/2001,CHA,TN,ASO,ES,Towers with Radar,21,49,93,18,181,0,0,64,5,69,21,49,157,23,250,48,8,56,306
08/21/2001,CHA,TN,ASO,ES,Towers with Radar,24,51,93,11,179,0,9,110,0,119,24,60,203,11,298,92,22,114,412
08/22/2001,CHA,TN,ASO,ES,Towers with Radar,23,53,101,19,196,0,0,91,21,112,23,53,192,40,308,72,18,90,398
08/23/2001,CHA,TN,ASO,ES,Towers with Radar,23,50,99,19,191,0,0,45,9,54,23,50,144,28,245,60,2,62,307
08/24/2001,CHA,TN,ASO,ES,Towers with Radar,21,44,81,16,162,3,3,32,0,38,24,47,113,16,200,38,36,74,274
08/25/2001,CHA,TN,ASO,ES,Towers with Radar,15,30,61,6,112,0,0,52,0,52,15,30,113,6,164,66,16,82,246
08/26/2001,CHA,TN,ASO,ES,Towers with Radar,15,36,67,8,126,0,4,19,0,23,15,40,86,8,149,90,0,90,239
08/27/2001,CHA,TN,ASO,ES,Towers with Radar,19,46,84,12,161,0,7,66,0,73,19,53,150,12,234,79,12,91,325
08/28/2001,CHA,TN,ASO,ES,Towers with Radar,20,49,106,20,195,0,0,100,4,104,20,49,206,24,299,66,4,70,369
08/29/2001,CHA,TN,ASO,ES,Towers with Radar,23,57,101,20,201,0,0,61,8,69,23,57,162,28,270,55,18,73,343
08/30/2001,CHA,TN,ASO,ES,Towers with Radar,23,49,107,18,197,0,0,51,0,51,23,49,158,18,248,34,2,36,284
08/31/2001,CHA,TN,ASO,ES,Towers with Radar,22,46,81,15,164,652,1398,3946,553,6549,674,1444,4027,568,6713,1554,355,1909,8622
09/01/2001,CHA,TN,ASO,ES,Towers with Radar,15,31,57,0,103,7,0,0,0,7,22,31,57,0,110,12,0,12,122
09/02/2001,CHA,TN,ASO,ES,Towers with Radar,10,25,28,2,65,10,3,0,0,13,20,28,28,2,78,4,0,4,82
09/03/2001,CHA,TN,ASO,ES,Towers with Radar,16,30,66,7,119,10,0,6,0,16,26,30,72,7,135,14,0,14,149
09/04/2001,CHA,TN,ASO,ES,Towers with Radar,21,53,86,17,177,10,0,69,9,88,31,53,155,26,265,50,23,73,338
09/05/2001,CHA,TN,ASO,ES,Towers with Radar,21,56,92,19,188,3,2,81,16,102,24,58,173,35,290,48,46,94,384
09/06/2001,CHA,TN,ASO,ES,Towers with Radar,17,46,76,16,155,5,16,76,1,98,22,62,152,17,253,25,6,31,284
09/07/2001,CHA,TN,ASO,ES,Towers with Radar,23,54,99,20,196,2,0,55,11,68,25,54,154,31,264,85,42,127,391
09/08/2001,CHA,TN,ASO,ES,Towers with Radar,13,34,58,0,105,4,0,81,0,85,17,34,139,0,190,104,0,104,294
09/09/2001,CHA,TN,ASO,ES,Towers with Radar,11,29,48,4,92,7,3,46,0,56,18,32,94,4,148,84,0,84,232
09/10/2001,CHA,TN,ASO,ES,Towers with Radar,21,46,90,18,175,0,0,42,19,61,21,46,132,37,236,81,62,143,379
09/11/2001,CHA,TN,ASO,ES,Towers with Radar,3,7,10,0,20,0,1,1,0,2,3,8,11,0,22,0,0,0,22
09/12/2001,CHA,TN,ASO,ES,Towers with Radar,0,0,0,0,0,0,0,0,0,0,0,0,0,0,0,0,0,0,0
09/13/2001,CHA,TN,ASO,ES,Towers with Radar,5,11,1,4,21,4,15,0,9,28,9,26,1,13,49,0,0,0,49
09/14/2001,CHA,TN,ASO,ES,Towers with Radar,10,26,13,9,58,10,26,0,8,44,20,52,13,17,102,0,38,38,140
09/15/2001,CHA,TN,ASO,ES,Towers with Radar,14,34,59,13,120,0,0,0,0,0,14,34,59,13,120,0,0,0,120
09/16/2001,CHA,TN,ASO,ES,Towers with Radar,10,27,45,3,85,6,2,5,0,13,16,29,50,3,98,0,0,0,98
09/17/2001,CHA,TN,ASO,ES,Towers with Radar,16,58,95,19,188,0,4,2,1,7,16,62,97,20,195,0,34,34,229
09/18/2001,CHA,TN,ASO,ES,Towers with Radar,18,58,95,21,192,0,0,0,19,19,18,58,95,40,211,0,12,12,223
09/19/2001,CHA,TN,ASO,ES,Towers with Radar,14,41,59,9,123,0,27,0,0,27,14,68,59,9,150,0,0,0,150
09/20/2001,CHA,TN,ASO,ES,Towers with Radar,17,65,105,8,195,0,8,34,0,42,17,73,139,8,237,0,0,0,237
09/21/2001,CHA,TN,ASO,ES,Towers with Radar,21,50,91,17,179,5,0,15,0,20,26,50,106,17,199,18,0,18,217
09/22/2001,CHA,TN,ASO,ES,Towers with Radar,14,33,69,13,129,0,0,59,3,62,14,33,128,16,191,57,0,57,248
09/23/2001,CHA,TN,ASO,ES,Towers with Radar,15,37,67,13,132,0,0,26,5,31,15,37,93,18,163,39,0,39,202
09/24/2001,CHA,TN,ASO,ES,Towers with Radar,17,48,67,15,147,0,14,0,9,23,17,62,67,24,170,39,2,41,211
09/25/2001,CHA,TN,ASO,ES,Towers with Radar,0,57,92,18,167,0,9,54,14,77,0,66,146,32,244,44,25,69,313
09/26/2001,CHA,TN,ASO,ES,Towers with Radar,19,60,102,20,201,0,0,112,6,118,19,60,214,26,319,92,49,141,460
09/27/2001,CHA,TN,ASO,ES,Towers with Radar,0,53,96,19,168,0,0,87,19,106,0,53,183,38,274,33,25,58,332
09/28/2001,CHA,TN,ASO,ES,Towers with Radar,15,54,100,15,184,0,0,86,0,86,15,54,186,15,270,62,4,66,336
09/29/2001,CHA,TN,ASO,ES,Towers with Radar,13,30,59,2,104,0,0,68,0,68,13,30,127,2,172,62,10,72,244
09/30/2001,CHA,TN,ASO,ES,Towers with Radar,23,24,99,0,146,5,0,75,0,80,28,24,174,0,226,112,0,112,338
10/01/2001,CHA,TN,ASO,ES,Towers with Radar,16,49,77,24,166,2,9,55,10,76,18,58,132,34,242,37,28,65,307
10/02/2001,CHA,TN,ASO,ES,Towers with Radar,15,46,73,16,150,3,7,87,0,97,18,53,160,16,247,70,25,95,342
10/03/2001,CHA,TN,ASO,ES,Towers with Radar,20,62,105,32,219,0,0,61,13,74,20,62,166,45,293,14,30,44,337
10/04/2001,CHA,TN,ASO,ES,Towers with Radar,19,61,96,29,205,0,10,62,20,92,19,71,158,49,297,36,32,68,365
10/05/2001,CHA,TN,ASO,ES,Towers with Radar,18,47,88,28,181,6,0,31,3,40,24,47,119,31,221,48,36,84,305
10/06/2001,CHA,TN,ASO,ES,Towers with Radar,10,30,48,0,88,6,9,27,0,42,16,39,75,0,130,54,0,54,184
10/07/2001,CHA,TN,ASO,ES,Towers with Radar,16,49,78,8,151,0,10,35,0,45,16,59,113,8,196,50,2,52,248
10/08/2001,CHA,TN,ASO,ES,Towers with Radar,10,51,81,24,166,0,9,68,0,77,10,60,149,24,243,168,20,188,431
10/09/2001,CHA,TN,ASO,ES,Towers with Radar,14,63,100,32,209,0,1,48,29,78,14,64,148,61,287,43,65,108,395
10/10/2001,CHA,TN,ASO,ES,Towers with Radar,16,65,110,35,226,0,0,52,38,90,16,65,162,73,316,95,43,138,454
10/11/2001,CHA,TN,ASO,ES,Towers with Radar,17,61,96,33,207,0,0,0,74,74,17,61,96,107,281,32,34,66,347
10/12/2001,CHA,TN,ASO,ES,Towers with Radar,16,50,78,14,158,4,5,0,0,9,20,55,78,14,167,7,16,23,190
10/13/2001,CHA,TN,ASO,ES,Towers with Radar,8,22,24,2,56,6,13,0,0,19,14,35,24,2,75,2,2,4,79
10/14/2001,CHA,TN,ASO,ES,Towers with Radar,11,40,63,1,115,0,0,24,0,24,11,40,87,1,139,42,0,42,181
10/15/2001,CHA,TN,ASO,ES,Towers with Radar,12,59,94,29,194,0,3,94,0,97,12,62,188,29,291,99,38,137,428
10/16/2001,CHA,TN,ASO,ES,Towers with Radar,15,59,91,11,176,0,0,64,0,64,15,59,155,11,240,42,10,52,292
10/17/2001,CHA,TN,ASO,ES,Towers with Radar,14,61,93,29,197,0,6,76,0,82,14,67,169,29,279,80,2,82,361
10/18/2001,CHA,TN,ASO,ES,Towers with Radar,19,65,99,12,195,2,2,82,0,86,21,67,181,12,281,83,2,85,366
10/19/2001,CHA,TN,ASO,ES,Towers with Radar,18,55,99,26,198,0,0,77,0,77,18,55,176,26,275,107,20,127,402
10/20/2001,CHA,TN,ASO,ES,Towers with Radar,12,32,72,0,116,0,0,48,0,48,12,32,120,0,164,32,0,32,196
10/21/2001,CHA,TN,ASO,ES,Towers with Radar,13,41,73,2,129,0,0,48,0,48,13,41,121,2,177,79,0,79,256
10/22/2001,CHA,TN,ASO,ES,Towers with Radar,14,56,98,31,199,0,0,68,8,76,14,56,166,39,275,66,39,105,380
10/23/2001,CHA,TN,ASO,ES,Towers with Radar,15,51,79,8,153,1,8,80,0,89,16,59,159,8,242,38,12,50,292
10/24/2001,CHA,TN,ASO,ES,Towers with Radar,17,54,112,36,219,0,0,47,19,66,17,54,159,55,285,16,24,40,325
10/25/2001,CHA,TN,ASO,ES,Towers with Radar,16,55,85,27,183,0,0,73,8,81,16,55,158,35,264,66,20,86,350
10/26/2001,CHA,TN,ASO,ES,Towers with Radar,17,49,87,28,181,11,0,47,12,70,28,49,134,40,251,90,58,148,399
10/27/2001,CHA,TN,ASO,ES,Towers with Radar,8,28,43,2,81,6,5,69,0,80,14,33,112,2,161,43,0,43,204
10/28/2001,CHA,TN,ASO,ES,Towers with Radar,10,43,78,18,149,0,0,120,0,120,10,43,198,18,269,98,8,106,375
10/29/2001,CHA,TN,ASO,ES,Towers with Radar,16,53,81,25,175,0,10,58,11,79,16,63,139,36,254,112,21,133,387
10/30/2001,CHA,TN,ASO,ES,Towers with Radar,17,51,88,27,183,15,0,91,11,117,32,51,179,38,300,102,32,134,434
10/31/2001,CHA,TN,ASO,ES,Towers with Radar,18,60,93,29,200,500,1617,4254,856,7227,518,1677,4347,885,7427,1893,623,2516,9943
11/01/2001,CHA,TN,ASO,ES,Towers with Radar,19,62,95,20,196,0,1,65,9,75,19,63,160,29,271,38,10,48,319
11/02/2001,CHA,TN,ASO,ES,Towers with Radar,16,63,97,21,197,0,0,50,30,80,16,63,147,51,277,68,28,96,373
11/03/2001,CHA,TN,ASO,ES,Towers with Radar,10,29,46,0,85,8,0,40,0,48,18,29,86,0,133,36,0,36,169
11/04/2001,CHA,TN,ASO,ES,Towers with Radar,9,36,55,2,102,0,6,51,0,57,9,42,106,2,159,107,0,107,266
11/05/2001,CHA,TN,ASO,ES,Towers with Radar,16,54,83,17,170,0,7,40,26,73,16,61,123,43,243,52,42,94,337
11/06/2001,CHA,TN,ASO,ES,Towers with Radar,15,49,76,8,148,3,19,68,0,90,18,68,144,8,238,7,23,30,268
11/07/2001,CHA,TN,ASO,ES,Towers with Radar,18,68,104,22,212,0,3,78,5,86,18,71,182,27,298,12,12,24,322
11/08/2001,CHA,TN,ASO,ES,Towers with Radar,16,58,107,22,203,0,0,99,24,123,16,58,206,46,326,81,34,115,441
11/09/2001,CHA,TN,ASO,ES,Towers with Radar,12,55,93,19,179,0,0,54,3,57,12,55,147,22,236,9,9,18,254
11/10/2001,CHA,TN,ASO,ES,Towers with Radar,11,33,56,0,100,1,0,100,0,101,12,33,156,0,201,55,0,55,256
11/11/2001,CHA,TN,ASO,ES,Towers with Radar,7,46,70,2,125,0,1,107,0,108,7,47,177,2,233,84,0,84,317
11/12/2001,CHA,TN,ASO,ES,Towers with Radar,15,46,77,14,152,4,0,54,0,58,19,46,131,14,210,132,14,146,356
11/13/2001,CHA,TN,ASO,ES,Towers with Radar,17,54,83,6,160,3,3,73,0,79,20,57,156,6,239,28,0,28,267
11/14/2001,CHA,TN,ASO,ES,Towers with Radar,17,61,95,19,192,0,0,81,10,91,17,61,176,29,283,24,16,40,323
11/15/2001,CHA,TN,ASO,ES,Towers with Radar,19,55,104,22,200,0,0,81,12,93,19,55,185,34,293,37,16,53,346
11/16/2001,CHA,TN,ASO,ES,Towers with Radar,8,56,86,19,169,0,1,65,5,71,8,57,151,24,240,40,17,57,297
11/17/2001,CHA,TN,ASO,ES,Towers with Radar,11,35,61,11,118,5,0,60,0,65,16,35,121,11,183,72,3,75,258
11/18/2001,CHA,TN,ASO,ES,Towers with Radar,13,45,74,17,149,0,0,23,1,24,13,45,97,18,173,44,16,60,233
11/19/2001,CHA,TN,ASO,ES,Towers with Radar,14,50,75,18,157,0,2,33,16,51,14,52,108,34,208,62,6,68,276
11/20/2001,CHA,TN,ASO,ES,Towers with Radar,16,55,83,18,172,0,6,50,0,56,16,61,133,18,228,38,2,40,268
11/21/2001,CHA,TN,ASO,ES,Towers with Radar,16,60,96,22,194,0,0,35,9,44,16,60,131,31,238,56,8,64,302
11/22/2001,CHA,TN,ASO,ES,Towers with Radar,7,26,38,0,71,9,5,10,0,24,16,31,48,0,95,27,0,27,122
11/23/2001,CHA,TN,ASO,ES,Towers with Radar,7,38,50,13,108,0,0,0,12,12,7,38,50,25,120,25,0,25,145
11/24/2001,CHA,TN,ASO,ES,Towers with Radar,6,24,32,0,62,3,11,0,0,14,9,35,32,0,76,1,0,1,77
11/25/2001,CHA,TN,ASO,ES,Towers with Radar,11,45,103,0,159,0,0,35,0,35,11,45,138,0,194,79,0,79,273
11/26/2001,CHA,TN,ASO,ES,Towers with Radar,16,49,86,18,169,6,0,41,14,61,22,49,127,32,230,88,26,114,344
11/27/2001,CHA,TN,ASO,ES,Towers with Radar,12,43,64,6,125,9,10,15,0,34,21,53,79,6,159,0,0,0,159
11/28/2001,CHA,TN,ASO,ES,Towers with Radar,16,56,84,18,174,1,6,41,5,53,17,62,125,23,227,30,10,40,267
11/29/2001,CHA,TN,ASO,ES,Towers with Radar,14,50,74,6,144,1,22,22,0,45,15,72,96,6,189,7,1,8,197
11/30/2001,CHA,TN,ASO,ES,Towers with Radar,17,49,89,18,173,3,0,64,1,68,20,49,153,19,241,60,14,74,315
12/01/2001,CHA,TN,ASO,ES,Towers with Radar,10,32,46,0,88,2,0,56,0,58,12,32,102,0,146,46,0,46,192
12/02/2001,CHA,TN,ASO,ES,Towers with Radar,12,40,58,3,113,1,0,52,0,53,13,40,110,3,166,149,0,149,315
12/03/2001,CHA,TN,ASO,ES,Towers with Radar,15,53,94,17,179,0,0,44,36,80,15,53,138,53,259,42,52,94,353
12/04/2001,CHA,TN,ASO,ES,Towers with Radar,20,41,88,16,165,10,0,124,6,140,30,41,212,22,305,99,10,109,414
12/05/2001,CHA,TN,ASO,ES,Towers with Radar,14,57,86,16,173,0,0,63,20,83,14,57,149,36,256,56,6,62,318
12/06/2001,CHA,TN,ASO,ES,Towers with Radar,13,64,95,17,189,0,3,43,5,51,13,67,138,22,240,0,32,32,272
12/07/2001,CHA,TN,ASO,ES,Towers with Radar,21,52,89,16,178,0,0,25,4,29,21,52,114,20,207,43,9,52,259
12/08/2001,CHA,TN,ASO,ES,Towers with Radar,7,34,51,4,96,0,2,8,0,10,7,36,59,4,106,20,4,24,130
12/09/2001,CHA,TN,ASO,ES,Towers with Radar,12,37,64,8,121,0,0,57,0,57,12,37,121,8,178,106,4,110,288
12/10/2001,CHA,TN,ASO,ES,Towers with Radar,15,41,61,4,121,5,5,5,0,15,20,46,66,4,136,0,0,0,136
12/11/2001,CHA,TN,ASO,ES,Towers with Radar,23,51,97,12,183,2,0,20,0,22,25,51,117,12,205,38,0,38,243
12/12/2001,CHA,TN,ASO,ES,Towers with Radar,16,54,95,17,182,0,0,20,41,61,16,54,115,58,243,70,21,91,334
12/13/2001,CHA,TN,ASO,ES,Towers with Radar,17,48,72,0,137,7,9,12,0,28,24,57,84,0,165,0,0,0,165
12/14/2001,CHA,TN,ASO,ES,Towers with Radar,16,54,80,15,165,0,2,26,11,39,16,56,106,26,204,4,64,68,272
12/15/2001,CHA,TN,ASO,ES,Towers with Radar,15,30,69,0,114,0,0,101,0,101,15,30,170,0,215,132,0,132,347
12/16/2001,CHA,TN,ASO,ES,Towers with Radar,13,35,57,2,107,0,0,56,0,56,13,35,113,2,163,128,0,128,291
12/17/2001,CHA,TN,ASO,ES,Towers with Radar,12,41,61,11,125,0,13,2,9,24,12,54,63,20,149,1,0,1,150
12/18/2001,CHA,TN,ASO,ES,Towers with Radar,18,50,85,16,169,0,0,71,21,92,18,50,156,37,261,47,24,71,332
12/19/2001,CHA,TN,ASO,ES,Towers with Radar,18,61,98,17,194,0,0,75,2,77,18,61,173,19,271,28,0,28,299
12/20/2001,CHA,TN,ASO,ES,Towers with Radar,21,58,90,15,184,0,0,55,10,65,21,58,145,25,249,40,10,50,299
12/21/2001,CHA,TN,ASO,ES,Towers with Radar,19,58,89,15,181,0,0,96,3,99,19,58,185,18,280,99,25,124,404
12/22/2001,CHA,TN,ASO,ES,Towers with Radar,13,36,53,6,108,5,0,69,0,74,18,36,122,6,182,54,0,54,236
12/23/2001,CHA,TN,ASO,ES,Towers with Radar,8,25,31,0,64,9,11,0,0,20,17,36,31,0,84,3,0,3,87
12/24/2001,CHA,TN,ASO,ES,Towers with Radar,7,24,34,0,65,0,19,24,0,43,7,43,58,0,108,31,0,31,139
12/25/2001,CHA,TN,ASO,ES,Towers with Radar,6,18,21,0,45,5,16,0,0,21,11,34,21,0,66,0,0,0,66
12/26/2001,CHA,TN,ASO,ES,Towers with Radar,16,48,70,0,134,0,6,29,0,35,16,54,99,0,169,32,0,32,201
12/27/2001,CHA,TN,ASO,ES,Towers with Radar,12,51,73,13,149,0,10,30,2,42,12,61,103,15,191,36,0,36,227
12/28/2001,CHA,TN,ASO,ES,Towers with Radar,15,45,64,11,135,0,6,14,0,20,15,51,78,11,155,56,7,63,218
12/29/2001,CHA,TN,ASO,ES,Towers with Radar,11,31,44,0,86,1,2,37,0,40,12,33,81,0,126,48,0,48,174
12/30/2001,CHA,TN,ASO,ES,Towers with Radar,12,35,50,0,97,7,3,50,0,60,19,38,100,0,157,46,0,46,203
12/31/2001,CHA,TN,ASO,ES,Towers with Radar,12,34,49,0,95,1,9,13,0,23,13,43,62,0,118,39,0,39,157
01/01/2002,CHA,TN,ASO,ES,Towers with Radar,9,31,44,0,84,3,1,12,0,16,12,32,56,0,100,4,0,4,104
01/02/2002,CHA,TN,ASO,ES,Towers with Radar,9,38,52,11,110,0,13,22,3,38,9,51,74,14,148,44,8,52,200
01/03/2002,CHA,TN,ASO,ES,Towers with Radar,9,31,44,2,86,1,17,10,0,28,10,48,54,2,114,24,0,24,138
01/04/2002,CHA,TN,ASO,ES,Towers with Radar,13,43,60,9,125,0,10,45,0,55,13,53,105,9,180,58,8,66,246
01/05/2002,CHA,TN,ASO,ES,Towers with Radar,10,28,51,7,96,8,0,62,0,70,18,28,113,7,166,62,21,83,249
01/06/2002,CHA,TN,ASO,ES,Towers with Radar,6,21,27,0,54,8,9,0,0,17,14,30,27,0,71,0,0,0,71
01/07/2002,CHA,TN,ASO,ES,Towers with Radar,10,43,55,12,120,0,11,0,5,16,10,54,55,17,136,6,22,28,164
01/08/2002,CHA,TN,ASO,ES,Towers with Radar,15,53,71,15,154,2,4,44,5,55,17,57,115,20,209,66,6,72,281
01/09/2002,CHA,TN,ASO,ES,Towers with Radar,14,55,75,12,156,0,8,33,0,41,14,63,108,12,197,20,22,42,239
01/10/2002,CHA,TN,ASO,ES,Towers with Radar,13,56,76,11,156,0,2,27,0,29,13,58,103,11,185,8,0,8,193
01/11/2002,CHA,TN,ASO,ES,Towers with Radar,19,49,83,17,168,0,0,25,24,49,19,49,108,41,217,30,28,58,275
01/12/2002,CHA,TN,ASO,ES,Towers with Radar,10,26,42,0,78,4,0,68,0,72,14,26,110,0,150,155,0,155,305
01/13/2002,CHA,TN,ASO,ES,Towers with Radar,10,33,45,4,92,6,1,77,0,84,16,34,122,4,176,81,2,83,259
01/14/2002,CHA,TN,ASO,ES,Towers with Radar,15,57,83,17,172,0,0,36,5,41,15,57,119,22,213,96,10,106,319
01/15/2002,CHA,TN,ASO,ES,Towers with Radar,16,49,67,10,142,0,5,60,0,65,16,54,127,10,207,59,26,85,292
01/16/2002,CHA,TN,ASO,ES,Towers with Radar,16,50,78,16,160,0,0,41,6,47,16,50,119,22,207,48,37,85,292
01/17/2002,CHA,TN,ASO,ES,Towers with Radar,20,56,86,3,165,5,0,70,0,75,25,56,156,3,240,66,14,80,320
01/18/2002,CHA,TN,ASO,ES,Towers with Radar,17,54,74,16,161,0,0,27,12,39,17,54,101,28,200,55,31,86,286
01/19/2002,CHA,TN,ASO,ES,Towers with Radar,10,29,27,0,66,0,1,1,0,2,10,30,28,0,68,0,0,0,68
01/20/2002,CHA,TN,ASO,ES,Towers with Radar,11,40,64,12,127,0,0,56,0,56,11,40,120,12,183,52,6,58,241
01/21/2002,CHA,TN,ASO,ES,Towers with Radar,16,50,68,3,137,0,1,34,0,35,16,51,102,3,172,68,0,68,240
01/22/2002,CHA,TN,ASO,ES,Towers with Radar,14,54,102,20,190,0,0,98,6,104,14,54,200,26,294,44,10,54,348
01/23/2002,CHA,TN,ASO,ES,Towers with Radar,13,40,57,1,111,4,15,11,0,30,17,55,68,1,141,2,0,2,143
01/24/2002,CHA,TN,ASO,ES,Towers with Radar,12,46,56,7,121,0,17,0,0,17,12,63,56,7,138,10,0,10,148
01/25/2002,CHA,TN,ASO,ES,Towers with Radar,16,51,99,19,185,0,0,102,19,121,16,51,201,38,306,98,45,143,449
01/26/2002,CHA,TN,ASO,ES,Towers with Radar,10,29,47,4,90,7,0,102,0,109,17,29,149,4,199,114,5,119,318
01/27/2002,CHA,TN,ASO,ES,Towers with Radar,12,38,65,6,121,0,0,102,0,102,12,38,167,6,223,70,0,70,293
01/28/2002,CHA,TN,ASO,ES,Towers with Radar,15,56,92,18,181,0,0,13,38,51,15,56,105,56,232,71,37,108,340
01/29/2002,CHA,TN,ASO,ES,Towers with Radar,21,59,102,20,202,0,0,25,8,33,21,59,127,28,235,103,12,115,350
01/30/2002,CHA,TN,ASO,ES,Towers with Radar,19,60,83,16,178,6,14,14,12,46,25,74,97,28,224,28,18,46,270
01/31/2002,CHA,TN,ASO,ES,Towers with Radar,22,67,93,18,200,451,1452,3187,466,5556,473,1519,3280,484,5756,1542,382,1924,7680
02/01/2002,CHA,TN,ASO,ES,Towers with Radar,16,46,70,17,149,0,3,33,9,45,16,49,103,26,194,43,24,67,261
02/02/2002,CHA,TN,ASO,ES,Towers with Radar,12,35,54,2,103,2,1,91,0,94,14,36,145,2,197,115,0,115,312
02/03/2002,CHA,TN,ASO,ES,Towers with Radar,12,35,55,0,102,1,2,30,0,33,13,37,85,0,135,57,0,57,192
02/04/2002,CHA,TN,ASO,ES,Towers with Radar,11,44,68,13,136,0,13,44,0,57,11,57,112,13,193,60,2,62,255
02/05/2002,CHA,TN,ASO,ES,Towers with Radar,14,47,73,18,152,0,13,64,1,78,14,60,137,19,230,45,0,45,275
02/06/2002,CHA,TN,ASO,ES,Towers with Radar,4,49,30,0,83,0,2,0,0,2,4,51,30,0,85,0,0,0,85
02/07/2002,CHA,TN,ASO,ES,Towers with Radar,16,45,70,15,146,2,12,11,0,25,18,57,81,15,171,0,0,0,171
02/08/2002,CHA,TN,ASO,ES,Towers with Radar,18,48,97,25,188,0,0,84,14,98,18,48,181,39,286,88,67,155,441
02/09/2002,CHA,TN,ASO,ES,Towers with Radar,9,29,45,10,93,0,6,48,0,54,9,35,93,10,147,43,6,49,196
02/10/2002,CHA,TN,ASO,ES,Towers with Radar,8,36,57,2,103,0,3,8,0,11,8,39,65,2,114,23,2,25,139
02/11/2002,CHA,TN,ASO,ES,Towers with Radar,13,49,79,20,161,0,0,53,9,62,13,49,132,29,223,96,24,120,343
02/12/2002,CHA,TN,ASO,ES,Towers with Radar,18,56,83,21,178,0,2,91,8,101,18,58,174,29,279,60,6,66,345
02/13/2002,CHA,TN,ASO,ES,Towers with Radar,20,44,88,22,174,5,0,57,8,70,25,44,145,30,244,94,30,124,368
02/14/2002,CHA,TN,ASO,ES,Towers with Radar,17,53,79,21,170,0,15,35,15,65,17,68,114,36,235,12,58,70,305
02/15/2002,CHA,TN,ASO,ES,Towers with Radar,19,55,94,26,194,0,0,53,20,73,19,55,147,46,267,64,63,127,394
02/16/2002,CHA,TN,ASO,ES,Towers with Radar,9,29,45,0,83,4,0,55,0,59,13,29,100,0,142,63,0,63,205
02/17/2002,CHA,TN,ASO,ES,Towers with Radar,13,41,65,1,120,0,0,39,0,39,13,41,104,1,159,30,11,41,200
02/18/2002,CHA,TN,ASO,ES,Towers with Radar,16,51,76,16,159,3,13,59,0,75,19,64,135,16,234,77,3,80,314
02/19/2002,CHA,TN,ASO,ES,Towers with Radar,16,56,85,18,175,0,0,53,0,53,16,56,138,18,228,50,13,63,291
02/20/2002,CHA,TN,ASO,ES,Towers with Radar,15,43,65,13,136,6,6,19,0,31,21,49,84,13,167,18,0,18,185
02/21/2002,CHA,TN,ASO,ES,Towers with Radar,19,47,90,24,180,2,0,49,19,70,21,47,139,43,250,62,65,127,377
02/22/2002,CHA,TN,ASO,ES,Towers with Radar,20,45,93,24,182,3,0,19,31,53,23,45,112,55,235,43,52,95,330
02/23/2002,CHA,TN,ASO,ES,Towers with Radar,11,30,53,2,96,1,0,88,0,89,12,30,141,2,185,88,0,88,273
02/24/2002,CHA,TN,ASO,ES,Towers with Radar,12,37,58,11,118,0,0,75,0,75,12,37,133,11,193,77,14,91,284
02/25/2002,CHA,TN,ASO,ES,Towers with Radar,15,47,71,18,151,1,4,76,3,84,16,51,147,21,235,54,22,76,311
02/26/2002,CHA,TN,ASO,ES,Towers with Radar,14,45,68,18,145,2,4,0,4,10,16,49,68,22,155,39,6,45,200
02/27/2002,CHA,TN,ASO,ES,Towers with Radar,16,55,84,21,176,0,0,18,18,36,16,55,102,39,212,30,22,52,264
02/28/2002,CHA,TN,ASO,ES,Towers with Radar,15,52,82,21,170,0,0,69,8,77,15,52,151,29,247,38,10,48,295
03/01/2002,CHA,TN,ASO,ES,Towers with Radar,19,47,106,30,202,0,0,44,66,110,19,47,150,96,312,68,74,142,454
03/02/2002,CHA,TN,ASO,ES,Towers with Radar,7,22,33,0,62,4,8,4,0,16,11,30,37,0,78,0,0,0,78
03/03/2002,CHA,TN,ASO,ES,Towers with Radar,9,26,40,6,81,5,10,2,0,17,14,36,42,6,98,66,0,66,164
03/04/2002,CHA,TN,ASO,ES,Towers with Radar,8,52,81,22,163,0,7,49,35,91,8,59,130,57,254,63,75,138,392
03/05/2002,CHA,TN,ASO,ES,Towers with Radar,14,46,71,19,150,0,6,86,19,111,14,52,157,38,261,94,34,128,389
03/06/2002,CHA,TN,ASO,ES,Towers with Radar,15,53,84,22,174,0,2,136,10,148,15,55,220,32,322,42,44,86,408
03/07/2002,CHA,TN,ASO,ES,Towers with Radar,12,53,93,25,183,0,0,66,11,77,12,53,159,36,260,62,20,82,342
03/08/2002,CHA,TN,ASO,ES,Towers with Radar,20,52,98,26,196,0,0,56,17,73,20,52,154,43,269,59,31,90,359
03/09/2002,CHA,TN,ASO,ES,Towers with Radar,7,19,29,0,55,5,13,0,0,18,12,32,29,0,73,7,0,7,80
03/10/2002,CHA,TN,ASO,ES,Towers with Radar,14,36,69,0,119,0,0,46,0,46,14,36,115,0,165,100,0,100,265
03/11/2002,CHA,TN,ASO,ES,Towers with Radar,15,46,71,17,149,3,2,79,0,84,18,48,150,17,233,55,46,101,334
03/12/2002,CHA,TN,ASO,ES,Towers with Radar,13,56,89,2,160,0,1,1,0,2,13,57,90,2,162,8,0,8,170
03/13/2002,CHA,TN,ASO,ES,Towers with Radar,15,52,97,20,184,0,0,19,0,19,15,52,116,20,203,8,22,30,233
03/14/2002,CHA,TN,ASO,ES,Towers with Radar,12,57,88,25,182,0,5,71,7,83,12,62,159,32,265,78,44,122,387
03/15/2002,CHA,TN,ASO,ES,Towers with Radar,16,42,81,19,158,6,0,26,0,32,22,42,107,19,190,101,43,144,334
03/16/2002,CHA,TN,ASO,ES,Towers with Radar,8,26,41,0,75,4,5,10,0,19,12,31,51,0,94,65,0,65,159
03/17/2002,CHA,TN,ASO,ES,Towers with Radar,10,33,50,3,96,0,8,11,0,19,10,41,61,3,115,70,0,70,185
03/18/2002,CHA,TN,ASO,ES,Towers with Radar,14,46,77,22,159,0,0,20,9,29,14,46,97,31,188,6,0,6,194
03/19/2002,CHA,TN,ASO,ES,Towers with Radar,16,53,84,23,176,0,4,33,25,62,16,57,117,48,238,18,36,54,292
03/20/2002,CHA,TN,ASO,ES,Towers with Radar,14,45,70,0,129,3,19,11,0,33,17,64,81,0,162,0,0,0,162
03/21/2002,CHA,TN,ASO,ES,Towers with Radar,18,56,97,27,198,0,0,58,5,63,18,56,155,32,261,22,2,24,285
03/22/2002,CHA,TN,ASO,ES,Towers with Radar,18,45,92,26,181,1,0,90,8,99,19,45,182,34,280,81,42,123,403
03/23/2002,CHA,TN,ASO,ES,Towers with Radar,12,38,70,0,120,0,0,105,0,105,12,38,175,0,225,55,0,55,280
03/24/2002,CHA,TN,ASO,ES,Towers with Radar,11,36,56,11,114,3,4,62,0,69,14,40,118,11,183,75,12,87,270
03/25/2002,CHA,TN,ASO,ES,Towers with Radar,15,47,73,21,156,0,4,40,14,58,15,51,113,35,214,44,40,84,298
03/26/2002,CHA,TN,ASO,ES,Towers with Radar,11,37,57,6,111,5,18,18,0,41,16,55,75,6,152,21,10,31,183
03/27/2002,CHA,TN,ASO,ES,Towers with Radar,14,50,96,27,187,0,0,41,0,41,14,50,137,27,228,56,4,60,288
03/28/2002,CHA,TN,ASO,ES,Towers with Radar,17,60,97,20,194,0,0,70,0,70,17,60,167,20,264,78,2,80,344
03/29/2002,CHA,TN,ASO,ES,Towers with Radar,16,49,78,8,151,4,0,45,0,49,20,49,123,8,200,51,10,61,261
03/30/2002,CHA,TN,ASO,ES,Towers with Radar,10,35,32,0,77,0,1,1,0,2,10,36,33,0,79,0,0,0,79
03/31/2002,CHA,TN,ASO,ES,Towers with Radar,8,23,32,0,63,5,11,0,0,16,13,34,32,0,79,4,0,4,83
04/01/2002,CHA,TN,ASO,ES,Towers with Radar,16,50,96,18,180,0,0,68,3,71,16,50,164,21,251,71,38,109,360
04/02/2002,CHA,TN,ASO,ES,Towers with Radar,14,45,77,1,137,5,13,85,0,103,19,58,162,1,240,82,0,82,322
04/03/2002,CHA,TN,ASO,ES,Towers with Radar,15,48,82,16,161,3,7,30,8,48,18,55,112,24,209,69,10,79,288
04/04/2002,CHA,TN,ASO,ES,Towers with Radar,17,59,104,19,199,0,0,81,7,88,17,59,185,26,287,81,27,108,395
04/05/2002,CHA,TN,ASO,ES,Towers with Radar,15,52,103,19,189,0,0,39,41,80,15,52,142,60,269,57,56,113,382
04/06/2002,CHA,TN,ASO,ES,Towers with Radar,12,34,67,4,117,1,0,76,0,77,13,34,143,4,194,64,0,64,258
04/07/2002,CHA,TN,ASO,ES,Towers with Radar,15,38,82,15,150,3,0,36,2,41,18,38,118,17,191,55,24,79,270
04/08/2002,CHA,TN,ASO,ES,Towers with Radar,15,49,83,15,162,2,1,23,0,26,17,50,106,15,188,23,0,23,211
04/09/2002,CHA,TN,ASO,ES,Towers with Radar,15,47,70,15,147,0,10,0,3,13,15,57,70,18,160,16,2,18,178
04/10/2002,CHA,TN,ASO,ES,Towers with Radar,15,65,110,21,211,0,8,57,0,65,15,73,167,21,276,110,8,118,394
04/11/2002,CHA,TN,ASO,ES,Towers with Radar,17,58,109,9,193,0,0,64,0,64,17,58,173,9,257,78,0,78,335
04/12/2002,CHA,TN,ASO,ES,Towers with Radar,16,53,82,10,161,1,4,0,0,5,17,57,82,10,166,21,0,21,187
04/13/2002,CHA,TN,ASO,ES,Towers with Radar,11,38,72,8,129,0,0,23,0,23,11,38,95,8,152,31,0,31,183
04/14/2002,CHA,TN,ASO,ES,Towers with Radar,13,39,72,8,132,1,0,26,0,27,14,39,98,8,159,41,10,51,210
04/15/2002,CHA,TN,ASO,ES,Towers with Radar,15,51,95,18,179,0,0,88,4,92,15,51,183,22,271,162,22,184,455
04/16/2002,CHA,TN,ASO,ES,Towers with Radar,17,59,99,19,194,0,0,76,25,101,17,59,175,44,295,60,55,115,410
04/17/2002,CHA,TN,ASO,ES,Towers with Radar,16,52,86,16,170,2,1,52,4,59,18,53,138,20,229,134,48,182,411
04/18/2002,CHA,TN,ASO,ES,Towers with Radar,15,49,81,15,160,1,1,79,19,100,16,50,160,34,260,82,7,89,349
04/19/2002,CHA,TN,ASO,ES,Towers with Radar,15,54,89,18,176,6,8,62,0,76,21,62,151,18,252,91,15,106,358
04/20/2002,CHA,TN,ASO,ES,Towers with Radar,8,30,48,2,88,7,7,40,0,54,15,37,88,2,142,57,0,57,199
04/21/2002,CHA,TN,ASO,ES,Towers with Radar,10,39,63,4,116,0,1,55,0,56,10,40,118,4,172,57,0,57,229
04/22/2002,CHA,TN,ASO,ES,Towers with Radar,13,52,85,17,167,0,1,45,0,46,13,53,130,17,213,81,8,89,302
04/23/2002,CHA,TN,ASO,ES,Towers with Radar,16,58,119,23,216,0,0,125,1,126,16,58,244,24,342,63,10,73,415
04/24/2002,CHA,TN,ASO,ES,Towers with Radar,14,47,78,15,154,0,11,29,1,41,14,58,107,16,195,49,3,52,247
04/25/2002,CHA,TN,ASO,ES,Towers with Radar,15,62,103,20,200,0,7,64,16,87,15,69,167,36,287,42,8,50,337
04/26/2002,CHA,TN,ASO,ES,Towers with Radar,16,47,114,22,199,0,0,79,21,100,16,47,193,43,299,56,16,72,371
04/27/2002,CHA,TN,ASO,ES,Towers with Radar,9,34,55,0,98,2,6,28,0,36,11,40,83,0,134,81,0,81,215
04/28/2002,CHA,TN,ASO,ES,Towers with Radar,9,32,52,2,95,4,1,2,0,7,13,33,54,2,102,75,0,75,177
04/29/2002,CHA,TN,ASO,ES,Towers with Radar,12,51,85,16,164,0,7,59,11,77,12,58,144,27,241,68,25,93,334
04/30/2002,CHA,TN,ASO,ES,Towers with Radar,12,44,72,4,132,1,14,31,0,46,13,58,103,4,178,85,6,91,269
05/01/2002,CHA,TN,ASO,ES,Towers with Radar,16,50,70,0,136,1,12,0,0,13,17,62,70,0,149,0,0,0,149
05/02/2002,CHA,TN,ASO,ES,Towers with Radar,16,56,81,9,162,0,0,19,0,19,16,56,100,9,181,27,0,27,208
05/03/2002,CHA,TN,ASO,ES,Towers with Radar,10,37,54,0,101,0,11,1,0,12,10,48,55,0,113,1,0,1,114
05/04/2002,CHA,TN,ASO,ES,Towers with Radar,8,25,34,0,67,4,9,0,0,13,12,34,34,0,80,0,0,0,80
05/05/2002,CHA,TN,ASO,ES,Towers with Radar,15,37,71,4,127,0,0,72,0,72,15,37,143,4,199,58,8,66,265
05/06/2002,CHA,TN,ASO,ES,Towers with Radar,14,53,77,2,146,0,4,51,0,55,14,57,128,2,201,61,8,69,270
05/07/2002,CHA,TN,ASO,ES,Towers with Radar,17,60,90,19,186,0,0,42,12,54,17,60,132,31,240,77,34,111,351
05/08/2002,CHA,TN,ASO,ES,Towers with Radar,20,56,95,14,185,1,0,99,0,100,21,56,194,14,285,96,32,128,413
05/09/2002,CHA,TN,ASO,ES,Towers with Radar,17,54,79,11,161,0,5,54,0,59,17,59,133,11,220,20,14,34,254
05/10/2002,CHA,TN,ASO,ES,Towers with Radar,16,54,79,8,157,0,4,32,0,36,16,58,111,8,193,51,9,60,253
05/11/2002,CHA,TN,ASO,ES,Towers with Radar,10,32,48,3,93,1,0,45,0,46,11,32,93,3,139,68,0,68,207
05/12/2002,CHA,TN,ASO,ES,Towers with Radar,11,36,52,5,104,3,13,5,0,21,14,49,57,5,125,40,0,40,165
05/13/2002,CHA,TN,ASO,ES,Towers with Radar,11,35,51,2,99,4,21,4,0,29,15,56,55,2,128,32,12,44,172
05/14/2002,CHA,TN,ASO,ES,Towers with Radar,16,61,89,16,182,0,4,93,0,97,16,65,182,16,279,33,12,45,324
05/15/2002,CHA,TN,ASO,ES,Towers with Radar,19,65,94,20,198,0,0,89,32,121,19,65,183,52,319,80,42,122,441
05/16/2002,CHA,TN,ASO,ES,Towers with Radar,17,65,92,21,195,0,2,64,19,85,17,67,156,40,280,84,20,104,384
05/17/2002,CHA,TN,ASO,ES,Towers with Radar,14,45,64,14,137,3,2,45,12,62,17,47,109,26,199,32,51,83,282
05/18/2002,CHA,TN,ASO,ES,Towers with Radar,10,32,47,5,94,3,0,8,0,11,13,32,55,5,105,28,4,32,137
05/19/2002,CHA,TN,ASO,ES,Towers with Radar,11,40,55,12,118,1,5,108,5,119,12,45,163,17,237,48,14,62,299
05/20/2002,CHA,TN,ASO,ES,Towers with Radar,14,59,83,18,174,0,2,51,41,94,14,61,134,59,268,70,36,106,374
05/21/2002,CHA,TN,ASO,ES,Towers with Radar,18,59,95,22,194,0,0,76,16,92,18,59,171,38,286,64,22,86,372
05/22/2002,CHA,TN,ASO,ES,Towers with Radar,19,61,95,21,196,0,0,92,7,99,19,61,187,28,295,114,16,130,425
05/23/2002,CHA,TN,ASO,ES,Towers with Radar,19,62,93,20,194,2,0,93,9,104,21,62,186,29,298,47,38,85,383
05/24/2002,CHA,TN,ASO,ES,Towers with Radar,15,62,103,22,202,0,0,80,12,92,15,62,183,34,294,147,31,178,472
05/25/2002,CHA,TN,ASO,ES,Towers with Radar,10,35,50,0,95,3,0,63,0,66,13,35,113,0,161,89,0,89,250
05/26/2002,CHA,TN,ASO,ES,Towers with Radar,7,27,37,0,71,6,6,25,0,37,13,33,62,0,108,44,0,44,152
05/27/2002,CHA,TN,ASO,ES,Towers with Radar,13,39,68,2,122,0,0,35,0,35,13,39,103,2,157,41,0,41,198
05/28/2002,CHA,TN,ASO,ES,Towers with Radar,12,57,84,19,172,0,0,59,6,65,12,57,143,25,237,72,0,72,309
05/29/2002,CHA,TN,ASO,ES,Towers with Radar,16,57,81,18,172,0,1,45,23,69,16,58,126,41,241,36,18,54,295
05/30/2002,CHA,TN,ASO,ES,Towers with Radar,17,59,84,19,179,3,4,46,5,58,20,63,130,24,237,80,26,106,343
05/31/2002,CHA,TN,ASO,ES,Towers with Radar,14,59,86,19,178,0,0,51,17,68,14,59,137,36,246,122,48,170,416
06/01/2002,CHA,TN,ASO,ES,Towers with Radar,9,31,46,2,88,1,3,59,0,63,10,34,105,2,151,71,0,71,222
06/02/2002,CHA,TN,ASO,ES,Towers with Radar,13,39,67,22,141,4,0,75,3,82,17,39,142,25,223,86,27,113,336
06/03/2002,CHA,TN,ASO,ES,Towers with Radar,12,44,65,15,136,4,18,42,0,64,16,62,107,15,200,48,53,101,301
06/04/2002,CHA,TN,ASO,ES,Towers with Radar,15,56,82,11,164,1,4,76,0,81,16,60,158,11,245,22,2,24,269
06/05/2002,CHA,TN,ASO,ES,Towers with Radar,17,58,96,24,195,0,0,47,0,47,17,58,143,24,242,22,16,38,280
06/06/2002,CHA,TN,ASO,ES,Towers with Radar,13,58,88,16,175,0,0,28,0,28,13,58,116,16,203,36,8,44,247
06/07/2002,CHA,TN,ASO,ES,Towers with Radar,17,59,110,38,224,0,0,50,39,89,17,59,160,77,313,46,82,128,441
06/08/2002,CHA,TN,ASO,ES,Towers with Radar,11,29,71,24,135,0,0,37,8,45,11,29,108,32,180,50,8,58,238
06/09/2002,CHA,TN,ASO,ES,Towers with Radar,12,42,62,15,131,1,1,48,0,50,13,43,110,15,181,89,30,119,300
06/10/2002,CHA,TN,ASO,ES,Towers with Radar,15,67,99,34,215,0,2,53,34,89,15,69,152,68,304,56,34,90,394
06/11/2002,CHA,TN,ASO,ES,Towers with Radar,18,66,97,34,215,0,1,64,15,80,18,67,161,49,295,59,68,127,422
06/12/2002,CHA,TN,ASO,ES,Towers with Radar,17,64,94,21,196,0,2,98,0,100,17,66,192,21,296,62,18,80,376
06/13/2002,CHA,TN,ASO,ES,Towers with Radar,9,58,85,23,175,0,22,33,0,55,9,80,118,23,230,46,28,74,304
06/14/2002,CHA,TN,ASO,ES,Towers with Radar,15,55,82,22,174,0,0,20,0,20,15,55,102,22,194,60,14,74,268
06/15/2002,CHA,TN,ASO,ES,Towers with Radar,8,30,43,2,83,0,5,79,0,84,8,35,122,2,167,76,2,78,245
06/16/2002,CHA,TN,ASO,ES,Towers with Radar,10,36,50,4,100,5,4,56,0,65,15,40,106,4,165,43,0,43,208
06/17/2002,CHA,TN,ASO,ES,Towers with Radar,13,54,76,27,170,4,6,55,24,89,17,60,131,51,259,55,68,123,382
06/18/2002,CHA,TN,ASO,ES,Towers with Radar,16,62,88,30,196,0,3,68,17,88,16,65,156,47,284,71,18,89,373
06/19/2002,CHA,TN,ASO,ES,Towers with Radar,15,63,89,31,198,0,6,62,27,95,15,69,151,58,293,69,11,80,373
06/20/2002,CHA,TN,ASO,ES,Towers with Radar,17,68,98,34,217,1,9,42,12,64,18,77,140,46,281,106,68,174,455
06/21/2002,CHA,TN,ASO,ES,Towers with Radar,15,51,86,30,182,0,0,53,22,75,15,51,139,52,257,78,55,133,390
06/22/2002,CHA,TN,ASO,ES,Towers with Radar,9,32,54,7,102,4,0,56,0,60,13,32,110,7,162,25,2,27,189
06/23/2002,CHA,TN,ASO,ES,Towers with Radar,11,34,61,16,122,2,0,7,0,9,13,34,68,16,131,43,0,43,174
06/24/2002,CHA,TN,ASO,ES,Towers with Radar,15,60,85,29,189,0,11,47,7,65,15,71,132,36,254,81,65,146,400
06/25/2002,CHA,TN,ASO,ES,Towers with Radar,16,63,90,27,196,0,13,51,0,64,16,76,141,27,260,106,4,110,370
06/26/2002,CHA,TN,ASO,ES,Towers with Radar,15,74,106,37,232,0,1,43,23,67,15,75,149,60,299,94,18,112,411
06/27/2002,CHA,TN,ASO,ES,Towers with Radar,16,68,101,27,212,0,0,24,0,24,16,68,125,27,236,92,26,118,354
06/28/2002,CHA,TN,ASO,ES,Towers with Radar,18,58,105,31,212,0,0,46,0,46,18,58,151,31,258,57,19,76,334
06/29/2002,CHA,TN,ASO,ES,Towers with Radar,10,37,62,15,124,0,0,46,0,46,10,37,108,15,170,67,7,74,244
06/30/2002,CHA,TN,ASO,ES,Towers with Radar,10,38,54,4,106,2,7,36,0,45,12,45,90,4,151,59,0,59,210
07/01/2002,CHA,TN,ASO,ES,Towers with Radar,16,58,95,23,192,0,0,24,34,58,16,58,119,57,250,144,92,236,486
07/02/2002,CHA,TN,ASO,ES,Towers with Radar,19,59,94,23,195,0,11,54,14,79,19,70,148,37,274,72,19,91,365
07/03/2002,CHA,TN,ASO,ES,Towers with Radar,13,60,95,20,188,0,2,46,0,48,13,62,141,20,236,65,20,85,321
07/04/2002,CHA,TN,ASO,ES,Towers with Radar,9,23,41,0,73,9,0,24,0,33,18,23,65,0,106,46,0,46,152
07/05/2002,CHA,TN,ASO,ES,Towers with Radar,13,38,61,2,114,2,6,36,0,44,15,44,97,2,158,75,24,99,257
07/06/2002,CHA,TN,ASO,ES,Towers with Radar,10,25,48,2,85,5,0,63,0,68,15,25,111,2,153,32,0,32,185
07/07/2002,CHA,TN,ASO,ES,Towers with Radar,15,37,84,0,136,0,0,67,0,67,15,37,151,0,203,49,0,49,252
07/08/2002,CHA,TN,ASO,ES,Towers with Radar,12,53,84,14,163,0,26,35,0,61,12,79,119,14,224,77,32,109,333
07/09/2002,CHA,TN,ASO,ES,Towers with Radar,14,64,105,25,208,0,0,89,22,111,14,64,194,47,319,76,31,107,426
07/10/2002,CHA,TN,ASO,ES,Towers with Radar,17,47,77,19,160,7,7,45,0,59,24,54,122,19,219,54,0,54,273
07/11/2002,CHA,TN,ASO,ES,Towers with Radar,23,46,109,28,206,8,0,28,16,52,31,46,137,44,258,48,0,48,306
07/12/2002,CHA,TN,ASO,ES,Towers with Radar,19,56,89,13,177,1,0,18,0,19,20,56,107,13,196,54,22,76,272
07/13/2002,CHA,TN,ASO,ES,Towers with Radar,12,29,54,0,95,1,0,12,0,13,13,29,66,0,108,15,0,15,123
07/14/2002,CHA,TN,ASO,ES,Towers with Radar,13,39,67,12,131,0,0,42,0,42,13,39,109,12,173,122,15,137,310
07/15/2002,CHA,TN,ASO,ES,Towers with Radar,16,49,75,20,160,2,2,50,17,71,18,51,125,37,231,136,21,157,388
07/16/2002,CHA,TN,ASO,ES,Towers with Radar,17,65,100,26,208,0,3,80,27,110,17,68,180,53,318,120,51,171,489
07/17/2002,CHA,TN,ASO,ES,Towers with Radar,17,54,84,22,177,2,3,82,7,94,19,57,166,29,271,111,14,125,396
07/18/2002,CHA,TN,ASO,ES,Towers with Radar,16,48,76,19,159,2,11,60,13,86,18,59,136,32,245,44,10,54,299
07/19/2002,CHA,TN,ASO,ES,Towers with Radar,15,48,74,9,146,2,14,40,0,56,17,62,114,9,202,49,3,52,254
07/20/2002,CHA,TN,ASO,ES,Towers with Radar,13,31,64,16,124,1,0,59,4,64,14,31,123,20,188,91,15,106,294
07/21/2002,CHA,TN,ASO,ES,Towers with Radar,15,36,76,18,145,0,0,50,0,50,15,36,126,18,195,104,6,110,305
07/22/2002,CHA,TN,ASO,ES,Towers with Radar,20,62,96,25,203,6,1,50,5,62,26,63,146,30,265,140,42,182,447
07/23/2002,CHA,TN,ASO,ES,Towers with Radar,18,58,89,23,188,2,17,27,11,57,20,75,116,34,245,115,24,139,384
07/24/2002,CHA,TN,ASO,ES,Towers with Radar,15,54,84,22,175,0,8,34,29,71,15,62,118,51,246,52,0,52,298
07/25/2002,CHA,TN,ASO,ES,Towers with Radar,17,62,97,16,192,0,0,38,0,38,17,62,135,16,230,103,19,122,352
07/26/2002,CHA,TN,ASO,ES,Towers with Radar,17,60,107,28,212,0,0,30,3,33,17,60,137,31,245,73,40,113,358
07/27/2002,CHA,TN,ASO,ES,Towers with Radar,14,23,65,7,109,0,0,59,0,59,14,23,124,7,168,100,8,108,276
07/28/2002,CHA,TN,ASO,ES,Towers with Radar,13,33,66,1,113,0,0,51,0,51,13,33,117,1,164,123,0,123,287
07/29/2002,CHA,TN,ASO,ES,Towers with Radar,14,52,80,21,167,0,5,28,2,35,14,57,108,23,202,57,26,83,285
07/30/2002,CHA,TN,ASO,ES,Towers with Radar,16,51,80,12,159,3,14,64,0,81,19,65,144,12,240,88,3,91,331
07/31/2002,CHA,TN,ASO,ES,Towers with Radar,19,60,94,23,196,509,1559,3851,2454,8373,528,1619,3945,2477,8569,565,0,565,9134
08/01/2002,CHA,TN,ASO,ES,Towers with Radar,19,62,89,28,198,5,4,70,8,87,24,66,159,36,285,92,93,185,470
08/02/2002,CHA,TN,ASO,ES,Towers with Radar,22,70,100,31,223,0,0,31,29,60,22,70,131,60,283,126,59,185,468
08/03/2002,CHA,TN,ASO,ES,Towers with Radar,11,30,47,1,89,0,0,52,0,52,11,30,99,1,141,62,0,62,203
08/04/2002,CHA,TN,ASO,ES,Towers with Radar,13,39,59,12,123,1,0,60,0,61,14,39,119,12,184,101,0,101,285
08/05/2002,CHA,TN,ASO,ES,Towers with Radar,13,46,66,20,145,0,17,45,2,64,13,63,111,22,209,74,31,105,314
08/06/2002,CHA,TN,ASO,ES,Towers with Radar,17,61,87,27,192,0,3,42,19,64,17,64,129,46,256,45,34,79,335
08/07/2002,CHA,TN,ASO,ES,Towers with Radar,15,54,76,24,169,0,11,75,8,94,15,65,151,32,263,76,30,106,369
08/08/2002,CHA,TN,ASO,ES,Towers with Radar,17,57,86,28,188,0,0,76,7,83,17,57,162,35,271,48,28,76,347
08/09/2002,CHA,TN,ASO,ES,Towers with Radar,17,53,75,24,169,3,2,48,0,53,20,55,123,24,222,67,80,147,369
08/10/2002,CHA,TN,ASO,ES,Towers with Radar,9,27,39,2,77,0,1,41,0,42,9,28,80,2,119,65,0,65,184
08/11/2002,CHA,TN,ASO,ES,Towers with Radar,12,34,55,11,112,2,0,43,0,45,14,34,98,11,157,34,0,34,191
08/12/2002,CHA,TN,ASO,ES,Towers with Radar,14,57,81,25,177,0,8,21,31,60,14,65,102,56,237,53,52,105,342
08/13/2002,CHA,TN,ASO,ES,Towers with Radar,18,64,91,30,203,0,3,78,13,94,18,67,169,43,297,65,52,117,414
08/14/2002,CHA,TN,ASO,ES,Towers with Radar,18,59,86,28,191,0,0,36,15,51,18,59,122,43,242,6,8,14,256
08/15/2002,CHA,TN,ASO,ES,Towers with Radar,17,59,84,28,188,0,2,15,8,25,17,61,99,36,213,0,14,14,227
08/16/2002,CHA,TN,ASO,ES,Towers with Radar,17,49,80,26,172,0,0,14,3,17,17,49,94,29,189,16,4,20,209
08/17/2002,CHA,TN,ASO,ES,Towers with Radar,9,23,42,6,80,6,0,3,0,9,15,23,45,6,89,18,0,18,107
08/18/2002,CHA,TN,ASO,ES,Towers with Radar,8,30,40,3,81,6,5,5,0,16,14,35,45,3,97,46,0,46,143
08/19/2002,CHA,TN,ASO,ES,Towers with Radar,13,52,72,21,158,0,10,22,0,32,13,62,94,21,190,70,30,100,290
08/20/2002,CHA,TN,ASO,ES,Towers with Radar,17,60,82,11,170,2,0,78,0,80,19,60,160,11,250,44,44,88,338
08/21/2002,CHA,TN,ASO,ES,Towers with Radar,17,60,83,19,179,0,14,63,0,77,17,74,146,19,256,110,16,126,382
08/22/2002,CHA,TN,ASO,ES,Towers with Radar,7,62,86,29,184,0,4,77,24,105,7,66,163,53,289,63,46,109,398
08/23/2002,CHA,TN,ASO,ES,Towers with Radar,13,58,80,22,173,0,1,70,0,71,13,59,150,22,244,118,32,150,394
08/24/2002,CHA,TN,ASO,ES,Towers with Radar,7,22,36,0,65,11,0,46,0,57,18,22,82,0,122,63,0,63,185
08/25/2002,CHA,TN,ASO,ES,Towers with Radar,11,32,51,13,107,3,0,15,0,18,14,32,66,13,125,87,0,87,212
08/26/2002,CHA,TN,ASO,ES,Towers with Radar,15,57,79,26,177,0,10,29,0,39,15,67,108,26,216,54,30,84,300
08/27/2002,CHA,TN,ASO,ES,Towers with Radar,17,68,96,32,213,0,0,34,19,53,17,68,130,51,266,83,52,135,401
08/28/2002,CHA,TN,ASO,ES,Towers with Radar,16,64,94,23,197,0,0,36,0,36,16,64,130,23,233,89,12,101,334
08/29/2002,CHA,TN,ASO,ES,Towers with Radar,16,67,94,22,199,0,4,80,0,84,16,71,174,22,283,73,10,83,366
08/30/2002,CHA,TN,ASO,ES,Towers with Radar,17,58,83,26,184,1,0,55,0,56,18,58,138,26,240,50,16,66,306
08/31/2002,CHA,TN,ASO,ES,Towers with Radar,10,23,46,8,87,6,0,56,0,62,16,23,102,8,149,22,0,22,171
09/01/2002,CHA,TN,ASO,ES,Towers with Radar,11,26,46,0,83,16,0,20,0,36,27,26,66,0,119,74,0,74,193
09/02/2002,CHA,TN,ASO,ES,Towers with Radar,17,36,75,8,136,0,0,54,0,54,17,36,129,8,190,54,0,54,244
09/03/2002,CHA,TN,ASO,ES,Towers with Radar,17,45,76,14,152,0,14,59,0,73,17,59,135,14,225,95,26,121,346
09/04/2002,CHA,TN,ASO,ES,Towers with Radar,19,53,89,26,187,0,11,92,5,108,19,64,181,31,295,86,31,117,412
09/05/2002,CHA,TN,ASO,ES,Towers with Radar,17,45,77,21,160,0,11,69,0,80,17,56,146,21,240,54,19,73,313
09/06/2002,CHA,TN,ASO,ES,Towers with Radar,20,49,82,18,169,0,7,71,0,78,20,56,153,18,247,80,36,116,363
09/07/2002,CHA,TN,ASO,ES,Towers with Radar,10,24,46,9,89,7,0,61,0,68,17,24,107,9,157,56,8,64,221
09/08/2002,CHA,TN,ASO,ES,Towers with Radar,13,32,56,11,112,5,0,46,0,51,18,32,102,11,163,50,5,55,218
09/09/2002,CHA,TN,ASO,ES,Towers with Radar,17,46,76,21,160,1,5,37,3,46,18,51,113,24,206,69,42,111,317
09/10/2002,CHA,TN,ASO,ES,Towers with Radar,16,49,80,14,159,0,8,65,0,73,16,57,145,14,232,88,9,97,329
09/11/2002,CHA,TN,ASO,ES,Towers with Radar,18,50,83,23,174,0,1,60,26,87,18,51,143,49,261,45,24,69,330
09/12/2002,CHA,TN,ASO,ES,Towers with Radar,17,51,84,23,175,0,7,61,15,83,17,58,145,38,258,9,18,27,285
09/13/2002,CHA,TN,ASO,ES,Towers with Radar,19,52,105,29,205,0,0,44,10,54,19,52,149,39,259,62,24,86,345
09/14/2002,CHA,TN,ASO,ES,Towers with Radar,9,20,39,0,68,8,0,19,0,27,17,20,58,0,95,35,0,35,130
09/15/2002,CHA,TN,ASO,ES,Towers with Radar,14,31,59,5,109,2,0,5,0,7,16,31,64,5,116,40,0,40,156
09/16/2002,CHA,TN,ASO,ES,Towers with Radar,17,46,75,21,159,2,5,21,18,46,19,51,96,39,205,74,34,108,313
09/17/2002,CHA,TN,ASO,ES,Towers with Radar,21,52,89,25,187,1,0,0,19,20,22,52,89,44,207,60,28,88,295
09/18/2002,CHA,TN,ASO,ES,Towers with Radar,17,42,59,19,137,3,11,0,0,14,20,53,59,19,151,24,0,24,175
09/19/2002,CHA,TN,ASO,ES,Towers with Radar,19,55,109,30,213,0,0,7,6,13,19,55,116,36,226,4,18,22,248
09/20/2002,CHA,TN,ASO,ES,Towers with Radar,18,49,78,23,168,0,0,0,30,30,18,49,78,53,198,50,24,74,272
09/21/2002,CHA,TN,ASO,ES,Towers with Radar,10,19,42,2,73,8,0,13,0,21,18,19,55,2,94,30,0,30,124
09/22/2002,CHA,TN,ASO,ES,Towers with Radar,10,35,58,13,116,0,10,1,0,11,10,45,59,13,127,43,0,43,170
09/23/2002,CHA,TN,ASO,ES,Towers with Radar,18,53,88,24,183,0,6,69,23,98,18,59,157,47,281,79,41,120,401
09/24/2002,CHA,TN,ASO,ES,Towers with Radar,18,61,101,28,208,0,1,41,27,69,18,62,142,55,277,158,61,219,496
09/25/2002,CHA,TN,ASO,ES,Towers with Radar,17,51,85,11,164,0,4,6,0,10,17,55,91,11,174,0,0,0,174
09/26/2002,CHA,TN,ASO,ES,Towers with Radar,16,56,77,4,153,0,1,1,0,2,16,57,78,4,155,0,0,0,155
09/27/2002,CHA,TN,ASO,ES,Towers with Radar,16,41,68,9,134,1,8,13,0,22,17,49,81,9,156,49,9,58,214
09/28/2002,CHA,TN,ASO,ES,Towers with Radar,14,26,72,13,125,0,0,109,0,109,14,26,181,13,234,134,0,134,368
09/29/2002,CHA,TN,ASO,ES,Towers with Radar,13,35,72,5,125,0,0,71,0,71,13,35,143,5,196,70,0,70,266
09/30/2002,CHA,TN,ASO,ES,Towers with Radar,18,54,87,25,184,0,2,9,55,66,18,56,96,80,250,88,1,89,339
10/01/2002,CHA,TN,ASO,ES,Towers with Radar,18,52,93,28,191,0,3,41,13,57,18,55,134,41,248,127,27,154,402
10/02/2002,CHA,TN,ASO,ES,Towers with Radar,19,51,93,28,191,2,1,41,25,69,21,52,134,53,260,80,28,108,368
10/03/2002,CHA,TN,ASO,ES,Towers with Radar,20,60,116,34,230,0,0,2,50,52,20,60,118,84,282,74,58,132,414
10/04/2002,CHA,TN,ASO,ES,Towers with Radar,13,35,64,8,120,7,14,2,0,23,20,49,66,8,143,23,0,23,166
10/05/2002,CHA,TN,ASO,ES,Towers with Radar,11,18,50,4,83,5,0,48,0,53,16,18,98,4,136,102,0,102,238
10/06/2002,CHA,TN,ASO,ES,Towers with Radar,13,36,64,6,119,4,6,44,0,54,17,42,108,6,173,108,0,108,281
10/07/2002,CHA,TN,ASO,ES,Towers with Radar,16,54,90,29,189,0,5,0,45,50,16,59,90,74,239,35,76,111,350
10/08/2002,CHA,TN,ASO,ES,Towers with Radar,19,58,105,31,213,0,7,37,27,71,19,65,142,58,284,112,47,159,443
10/09/2002,CHA,TN,ASO,ES,Towers with Radar,16,62,127,38,243,0,0,4,45,49,16,62,131,83,292,25,30,55,347
10/10/2002,CHA,TN,ASO,ES,Towers with Radar,18,49,90,0,157,2,18,21,0,41,20,67,111,0,198,0,0,0,198
10/11/2002,CHA,TN,ASO,ES,Towers with Radar,18,55,99,30,202,0,6,12,1,19,18,61,111,31,221,66,16,82,303
10/12/2002,CHA,TN,ASO,ES,Towers with Radar,11,32,59,0,102,7,2,36,0,45,18,34,95,0,147,103,0,103,250
10/13/2002,CHA,TN,ASO,ES,Towers with Radar,15,42,76,2,135,1,1,38,0,40,16,43,114,2,175,68,0,68,243
10/14/2002,CHA,TN,ASO,ES,Towers with Radar,17,45,88,9,159,2,0,69,0,71,19,45,157,9,230,124,0,124,354
10/15/2002,CHA,TN,ASO,ES,Towers with Radar,14,40,73,10,137,6,11,2,0,19,20,51,75,10,156,14,10,24,180
10/16/2002,CHA,TN,ASO,ES,Towers with Radar,20,52,107,32,211,0,0,56,4,60,20,52,163,36,271,22,14,36,307
10/17/2002,CHA,TN,ASO,ES,Towers with Radar,21,64,116,35,236,0,0,63,22,85,21,64,179,57,321,85,112,197,518
10/18/2002,CHA,TN,ASO,ES,Towers with Radar,19,55,99,27,200,0,0,75,0,75,19,55,174,27,275,115,24,139,414
10/19/2002,CHA,TN,ASO,ES,Towers with Radar,11,33,60,0,104,5,0,55,0,60,16,33,115,0,164,87,0,87,251
10/20/2002,CHA,TN,ASO,ES,Towers with Radar,16,37,77,0,130,0,0,10,0,10,16,37,87,0,140,17,0,17,157
10/21/2002,CHA,TN,ASO,ES,Towers with Radar,14,56,96,29,195,0,1,0,0,1,14,57,96,29,196,45,9,54,250
10/22/2002,CHA,TN,ASO,ES,Towers with Radar,20,62,122,36,240,0,0,66,25,91,20,62,188,61,331,84,90,174,505
10/23/2002,CHA,TN,ASO,ES,Towers with Radar,19,56,101,28,204,0,0,43,0,43,19,56,144,28,247,36,14,50,297
10/24/2002,CHA,TN,ASO,ES,Towers with Radar,16,59,114,35,224,0,0,0,9,9,16,59,114,44,233,0,0,0,233
10/25/2002,CHA,TN,ASO,ES,Towers with Radar,20,52,110,31,213,0,0,35,0,35,20,52,145,31,248,1,3,4,252
10/26/2002,CHA,TN,ASO,ES,Towers with Radar,12,34,66,0,112,3,0,14,0,17,15,34,80,0,129,25,0,25,154
10/27/2002,CHA,TN,ASO,ES,Towers with Radar,15,34,84,2,135,0,0,43,0,43,15,34,127,2,178,69,0,69,247
10/28/2002,CHA,TN,ASO,ES,Towers with Radar,19,55,65,16,155,0,1,0,0,1,19,56,65,16,156,0,0,0,156
10/29/2002,CHA,TN,ASO,ES,Towers with Radar,14,40,73,10,137,3,25,16,0,44,17,65,89,10,181,10,24,34,215
10/30/2002,CHA,TN,ASO,ES,Towers with Radar,17,49,89,12,167,1,4,34,0,39,18,53,123,12,206,34,0,34,240
10/31/2002,CHA,TN,ASO,ES,Towers with Radar,18,58,110,33,219,0,0,27,21,48,18,58,137,54,267,30,44,74,341
11/01/2002,CHA,TN,ASO,ES,Towers with Radar,19,48,113,22,202,0,0,70,11,81,19,48,183,33,283,106,24,130,413
11/02/2002,CHA,TN,ASO,ES,Towers with Radar,13,36,63,2,114,0,4,80,0,84,13,40,143,2,198,75,0,75,273
11/03/2002,CHA,TN,ASO,ES,Towers with Radar,15,40,71,0,126,2,0,24,0,26,17,40,95,0,152,55,0,55,207
11/04/2002,CHA,TN,ASO,ES,Towers with Radar,17,60,106,20,203,0,0,13,7,20,17,60,119,27,223,53,33,86,309
11/05/2002,CHA,TN,ASO,ES,Towers with Radar,16,51,57,5,129,1,1,0,0,2,17,52,57,5,131,2,4,6,137
11/06/2002,CHA,TN,ASO,ES,Towers with Radar,20,55,97,13,185,0,2,28,0,30,20,57,125,13,215,22,0,22,237
11/07/2002,CHA,TN,ASO,ES,Towers with Radar,20,55,94,19,188,3,88,0,8,99,23,143,94,27,287,94,18,112,399
11/08/2002,CHA,TN,ASO,ES,Towers with Radar,17,47,88,8,160,3,0,70,0,73,20,47,158,8,233,109,14,123,356
11/09/2002,CHA,TN,ASO,ES,Towers with Radar,12,28,59,2,101,4,0,68,0,72,16,28,127,2,173,66,0,66,239
11/10/2002,CHA,TN,ASO,ES,Towers with Radar,12,30,62,12,116,2,0,5,1,8,14,30,67,13,124,37,0,37,161
11/11/2002,CHA,TN,ASO,ES,Towers with Radar,16,44,89,10,159,0,0,58,0,58,16,44,147,10,217,49,19,68,285
11/12/2002,CHA,TN,ASO,ES,Towers with Radar,16,46,82,5,149,0,10,43,0,53,16,56,125,5,202,54,24,78,280
11/13/2002,CHA,TN,ASO,ES,Towers with Radar,20,55,99,20,194,0,0,115,5,120,20,55,214,25,314,78,18,96,410
11/14/2002,CHA,TN,ASO,ES,Towers with Radar,21,60,108,21,210,0,6,43,19,68,21,66,151,40,278,71,66,137,415
11/15/2002,CHA,TN,ASO,ES,Towers with Radar,16,41,75,6,138,0,11,3,0,14,16,52,78,6,152,32,2,34,186
11/16/2002,CHA,TN,ASO,ES,Towers with Radar,11,26,48,0,85,2,3,29,0,34,13,29,77,0,119,16,7,23,142
11/17/2002,CHA,TN,ASO,ES,Towers with Radar,12,28,50,6,96,3,9,0,0,12,15,37,50,6,108,16,9,25,133
11/18/2002,CHA,TN,ASO,ES,Towers with Radar,16,47,85,15,163,0,9,72,11,92,16,56,157,26,255,52,8,60,315
11/19/2002,CHA,TN,ASO,ES,Towers with Radar,15,50,90,16,171,0,9,23,9,41,15,59,113,25,212,32,24,56,268
11/20/2002,CHA,TN,ASO,ES,Towers with Radar,15,62,121,22,220,0,0,21,5,26,15,62,142,27,246,52,10,62,308
11/21/2002,CHA,TN,ASO,ES,Towers with Radar,19,54,100,6,179,0,0,43,0,43,19,54,143,6,222,31,4,35,257
11/22/2002,CHA,TN,ASO,ES,Towers with Radar,14,47,103,19,183,0,0,32,19,51,14,47,135,38,234,115,56,171,405
11/23/2002,CHA,TN,ASO,ES,Towers with Radar,14,31,65,7,117,3,0,112,0,115,17,31,177,7,232,74,2,76,308
11/24/2002,CHA,TN,ASO,ES,Towers with Radar,11,27,48,2,88,5,13,84,0,102,16,40,132,2,190,61,0,61,251
11/25/2002,CHA,TN,ASO,ES,Towers with Radar,23,49,105,19,196,2,0,41,64,107,25,49,146,83,303,89,84,173,476
11/26/2002,CHA,TN,ASO,ES,Towers with Radar,20,56,100,18,194,0,0,28,21,49,20,56,128,39,243,24,6,30,273
11/27/2002,CHA,TN,ASO,ES,Towers with Radar,20,54,102,18,194,0,0,10,0,10,20,54,112,18,204,77,0,77,281
11/28/2002,CHA,TN,ASO,ES,Towers with Radar,7,19,29,0,55,10,10,0,0,20,17,29,29,0,75,26,0,26,101
11/29/2002,CHA,TN,ASO,ES,Towers with Radar,12,31,54,0,97,2,9,41,0,52,14,40,95,0,149,62,0,62,211
11/30/2002,CHA,TN,ASO,ES,Towers with Radar,10,26,46,0,82,5,4,23,0,32,15,30,69,0,114,39,0,39,153
12/01/2002,CHA,TN,ASO,ES,Towers with Radar,2,37,74,0,113,0,0,39,0,39,2,37,113,0,152,79,0,79,231
12/02/2002,CHA,TN,ASO,ES,Towers with Radar,15,49,88,14,166,0,0,54,0,54,15,49,142,14,220,108,6,114,334
12/03/2002,CHA,TN,ASO,ES,Towers with Radar,0,52,77,17,146,0,2,67,2,71,0,54,144,19,217,41,12,53,270
12/04/2002,CHA,TN,ASO,ES,Towers with Radar,17,55,41,7,120,1,3,0,0,4,18,58,41,7,124,0,0,0,124
12/05/2002,CHA,TN,ASO,ES,Towers with Radar,14,48,72,15,149,4,11,14,4,33,18,59,86,19,182,12,15,27,209
12/06/2002,CHA,TN,ASO,ES,Towers with Radar,16,49,84,18,167,4,0,79,28,111,20,49,163,46,278,53,25,78,356
12/07/2002,CHA,TN,ASO,ES,Towers with Radar,8,31,46,1,86,4,0,72,0,76,12,31,118,1,162,54,0,54,216
12/08/2002,CHA,TN,ASO,ES,Towers with Radar,0,37,52,12,101,0,6,72,4,82,0,43,124,16,183,99,4,103,286
12/09/2002,CHA,TN,ASO,ES,Towers with Radar,19,66,101,22,208,0,0,41,44,85,19,66,142,66,293,52,50,102,395
12/10/2002,CHA,TN,ASO,ES,Towers with Radar,8,29,5,0,42,8,25,0,0,33,16,54,5,0,75,4,0,4,79
12/11/2002,CHA,TN,ASO,ES,Towers with Radar,14,50,71,7,142,2,6,20,0,28,16,56,91,7,170,17,0,17,187
12/12/2002,CHA,TN,ASO,ES,Towers with Radar,17,64,91,0,172,1,0,16,0,17,18,64,107,0,189,23,36,59,248
12/13/2002,CHA,TN,ASO,ES,Towers with Radar,13,44,59,13,129,5,10,0,13,28,18,54,59,26,157,2,21,23,180
12/14/2002,CHA,TN,ASO,ES,Towers with Radar,7,27,39,8,81,8,0,9,1,18,15,27,48,9,99,41,2,43,142
12/15/2002,CHA,TN,ASO,ES,Towers with Radar,0,34,48,11,93,0,3,54,2,59,0,37,102,13,152,34,0,34,186
12/16/2002,CHA,TN,ASO,ES,Towers with Radar,15,48,79,17,159,2,0,58,39,99,17,48,137,56,258,20,40,60,318
12/17/2002,CHA,TN,ASO,ES,Towers with Radar,0,52,74,13,139,0,2,81,0,83,0,54,155,13,222,61,18,79,301
12/18/2002,CHA,TN,ASO,ES,Towers with Radar,19,53,93,20,185,2,0,58,16,76,21,53,151,36,261,40,28,68,329
12/19/2002,CHA,TN,ASO,ES,Towers with Radar,13,43,58,5,119,14,3,0,0,17,27,46,58,5,136,0,0,0,136
12/20/2002,CHA,TN,ASO,ES,Towers with Radar,17,50,84,6,157,2,0,87,0,89,19,50,171,6,246,47,3,50,296
12/21/2002,CHA,TN,ASO,ES,Towers with Radar,13,33,64,13,123,0,0,98,6,104,13,33,162,19,227,70,0,70,297
12/22/2002,CHA,TN,ASO,ES,Towers with Radar,10,33,49,10,102,4,7,5,6,22,14,40,54,16,124,30,14,44,168
12/23/2002,CHA,TN,ASO,ES,Towers with Radar,12,38,55,0,105,4,11,31,0,46,16,49,86,0,151,62,8,70,221
12/24/2002,CHA,TN,ASO,ES,Towers with Radar,14,37,20,0,71,0,2,0,0,2,14,39,20,0,73,0,0,0,73
12/25/2002,CHA,TN,ASO,ES,Towers with Radar,3,12,11,0,26,8,10,0,0,18,11,22,11,0,44,15,0,15,59
12/26/2002,CHA,TN,ASO,ES,Towers with Radar,14,45,65,4,128,1,4,8,0,13,15,49,73,4,141,12,0,12,153
12/27/2002,CHA,TN,ASO,ES,Towers with Radar,0,45,65,13,123,0,3,51,8,62,0,48,116,21,185,48,7,55,240
12/28/2002,CHA,TN,ASO,ES,Towers with Radar,11,33,56,7,107,4,0,77,0,81,15,33,133,7,188,122,7,129,317
12/29/2002,CHA,TN,ASO,ES,Towers with Radar,12,41,60,2,115,2,2,44,0,48,14,43,104,2,163,52,0,52,215
12/30/2002,CHA,TN,ASO,ES,Towers with Radar,14,50,73,14,151,0,0,48,0,48,14,50,121,14,199,76,0,76,275
12/31/2002,CHA,TN,ASO,ES,Towers with Radar,10,33,49,0,92,2,11,17,0,30,12,44,66,0,122,0,0,0,122
01/01/2003,CHA,TN,ASO,ES,Towers with Radar,15,41,59,19,134,0,8,0,13,21,15,49,59,32,155,0,18,18,173
01/02/2003,CHA,TN,ASO,ES,Towers with Radar,15,41,59,19,134,0,8,0,13,21,15,49,59,32,155,0,18,18,173
01/03/2003,CHA,TN,ASO,ES,Towers with Radar,13,31,48,7,99,4,20,0,0,24,17,51,48,7,123,4,20,24,147
01/04/2003,CHA,TN,ASO,ES,Towers with Radar,16,30,59,0,105,0,0,96,0,96,16,30,155,0,201,133,0,133,334
01/05/2003,CHA,TN,ASO,ES,Towers with Radar,16,32,58,8,114,7,0,45,0,52,23,32,103,8,166,96,0,96,262
01/06/2003,CHA,TN,ASO,ES,Towers with Radar,24,48,80,24,176,3,0,0,42,45,27,48,80,66,221,23,96,119,340
01/07/2003,CHA,TN,ASO,ES,Towers with Radar,20,48,78,7,153,0,12,74,0,86,20,60,152,7,239,32,0,32,271
01/08/2003,CHA,TN,ASO,ES,Towers with Radar,21,41,85,24,171,5,0,62,6,73,26,41,147,30,244,38,19,57,301
01/09/2003,CHA,TN,ASO,ES,Towers with Radar,19,56,95,26,196,0,0,48,1,49,19,56,143,27,245,30,12,42,287
01/10/2003,CHA,TN,ASO,ES,Towers with Radar,18,42,69,19,148,2,6,50,1,59,20,48,119,20,207,51,14,65,272
01/11/2003,CHA,TN,ASO,ES,Towers with Radar,11,25,49,14,99,0,0,94,0,94,11,25,143,14,193,56,22,78,271
01/12/2003,CHA,TN,ASO,ES,Towers with Radar,14,27,56,1,98,5,0,82,0,87,19,27,138,1,185,44,26,70,255
01/13/2003,CHA,TN,ASO,ES,Towers with Radar,18,42,69,9,138,4,6,26,0,36,22,48,95,9,174,31,8,39,213
01/14/2003,CHA,TN,ASO,ES,Towers with Radar,16,52,88,24,180,0,0,55,32,87,16,52,143,56,267,46,17,63,330
01/15/2003,CHA,TN,ASO,ES,Towers with Radar,18,49,98,26,191,0,0,94,15,109,18,49,192,41,300,60,18,78,378
01/16/2003,CHA,TN,ASO,ES,Towers with Radar,12,26,43,0,81,7,21,0,0,28,19,47,43,0,109,0,0,0,109
01/17/2003,CHA,TN,ASO,ES,Towers with Radar,14,34,56,0,104,4,15,30,0,49,18,49,86,0,153,14,19,33,186
01/18/2003,CHA,TN,ASO,ES,Towers with Radar,10,26,43,7,86,0,3,33,0,36,10,29,76,7,122,71,7,78,200
01/19/2003,CHA,TN,ASO,ES,Towers with Radar,11,26,43,0,80,4,7,70,0,81,15,33,113,0,161,55,0,55,216
01/20/2003,CHA,TN,ASO,ES,Towers with Radar,17,36,67,1,121,4,0,64,0,68,21,36,131,1,189,91,0,91,280
01/21/2003,CHA,TN,ASO,ES,Towers with Radar,18,48,79,0,145,0,5,0,0,5,18,53,79,0,150,8,0,8,158
01/22/2003,CHA,TN,ASO,ES,Towers with Radar,15,45,74,0,134,0,0,86,0,86,15,45,160,0,220,103,64,167,387
01/23/2003,CHA,TN,ASO,ES,Towers with Radar,16,39,62,15,132,4,12,16,0,32,20,51,78,15,164,0,0,0,164
01/24/2003,CHA,TN,ASO,ES,Towers with Radar,19,45,82,23,169,0,0,65,12,77,19,45,147,35,246,109,39,148,394
01/25/2003,CHA,TN,ASO,ES,Towers with Radar,12,32,54,2,100,0,0,106,0,106,12,32,160,2,206,69,3,72,278
01/26/2003,CHA,TN,ASO,ES,Towers with Radar,9,21,33,2,65,4,13,27,0,44,13,34,60,2,109,67,0,67,176
01/27/2003,CHA,TN,ASO,ES,Towers with Radar,19,48,77,21,165,3,0,29,26,58,22,48,106,47,223,51,65,116,339
01/28/2003,CHA,TN,ASO,ES,Towers with Radar,20,45,102,28,195,0,0,42,27,69,20,45,144,55,264,74,52,126,390
01/29/2003,CHA,TN,ASO,ES,Towers with Radar,17,55,86,10,168,0,0,1,0,1,17,55,87,10,169,0,0,0,169
01/30/2003,CHA,TN,ASO,ES,Towers with Radar,17,51,110,29,207,0,0,11,41,52,17,51,121,70,259,15,30,45,304
01/31/2003,CHA,TN,ASO,ES,Towers with Radar,15,48,81,19,163,0,0,42,0,42,15,48,123,19,205,58,46,104,309
02/01/2003,CHA,TN,ASO,ES,Towers with Radar,9,31,49,2,91,2,0,40,0,42,11,31,89,2,133,70,0,70,203
02/02/2003,CHA,TN,ASO,ES,Towers with Radar,11,35,54,13,113,1,5,50,0,56,12,40,104,13,169,60,0,60,229
02/03/2003,CHA,TN,ASO,ES,Towers with Radar,13,54,79,24,170,0,0,0,19,19,13,54,79,43,189,39,57,96,285
02/04/2003,CHA,TN,ASO,ES,Towers with Radar,13,49,74,17,153,0,4,47,0,51,13,53,121,17,204,26,14,40,244
02/05/2003,CHA,TN,ASO,ES,Towers with Radar,15,52,87,25,179,2,0,30,17,49,17,52,117,42,228,70,58,128,356
02/06/2003,CHA,TN,ASO,ES,Towers with Radar,9,37,58,2,106,8,19,2,0,29,17,56,60,2,135,0,0,0,135
02/07/2003,CHA,TN,ASO,ES,Towers with Radar,11,43,47,19,120,2,8,0,8,18,13,51,47,27,138,8,14,22,160
02/08/2003,CHA,TN,ASO,ES,Towers with Radar,9,28,52,15,104,2,0,64,33,99,11,28,116,48,203,20,32,52,255
02/09/2003,CHA,TN,ASO,ES,Towers with Radar,8,33,51,0,92,12,6,42,0,60,20,39,93,0,152,56,0,56,208
02/10/2003,CHA,TN,ASO,ES,Towers with Radar,11,40,61,7,119,6,9,11,0,26,17,49,72,7,145,6,0,6,151
02/11/2003,CHA,TN,ASO,ES,Towers with Radar,13,57,100,27,197,0,0,55,23,78,13,57,155,50,275,75,44,119,394
02/12/2003,CHA,TN,ASO,ES,Towers with Radar,19,55,100,27,201,0,0,44,23,67,19,55,144,50,268,14,31,45,313
02/13/2003,CHA,TN,ASO,ES,Towers with Radar,16,60,109,29,214,0,0,87,30,117,16,60,196,59,331,84,42,126,457
02/14/2003,CHA,TN,ASO,ES,Towers with Radar,16,52,82,0,150,0,3,0,0,3,16,55,82,0,153,15,0,15,168
02/15/2003,CHA,TN,ASO,ES,Towers with Radar,8,24,34,0,66,0,3,0,0,3,8,27,34,0,69,10,0,10,79
02/16/2003,CHA,TN,ASO,ES,Towers with Radar,6,17,29,0,52,5,16,0,0,21,11,33,29,0,73,3,0,3,76
02/17/2003,CHA,TN,ASO,ES,Towers with Radar,11,37,62,8,118,0,0,29,0,29,11,37,91,8,147,11,0,11,158
02/18/2003,CHA,TN,ASO,ES,Towers with Radar,14,62,98,22,196,0,0,0,0,0,14,62,98,22,196,35,16,51,247
02/19/2003,CHA,TN,ASO,ES,Towers with Radar,14,55,89,24,182,0,0,53,18,71,14,55,142,42,253,46,54,100,353
02/20/2003,CHA,TN,ASO,ES,Towers with Radar,12,56,92,13,173,0,0,24,0,24,12,56,116,13,197,0,0,0,197
02/21/2003,CHA,TN,ASO,ES,Towers with Radar,12,40,61,0,113,0,12,4,0,16,12,52,65,0,129,16,0,16,145
02/22/2003,CHA,TN,ASO,ES,Towers with Radar,3,13,16,0,32,4,12,0,0,16,7,25,16,0,48,2,0,2,50
02/23/2003,CHA,TN,ASO,ES,Towers with Radar,7,37,69,3,116,0,0,68,0,68,7,37,137,3,184,86,0,86,270
02/24/2003,CHA,TN,ASO,ES,Towers with Radar,12,47,84,22,165,0,0,47,30,77,12,47,131,52,242,50,31,81,323
02/25/2003,CHA,TN,ASO,ES,Towers with Radar,11,39,60,0,110,1,13,19,0,33,12,52,79,0,143,24,0,24,167
02/26/2003,CHA,TN,ASO,ES,Towers with Radar,11,61,59,17,148,0,2,1,0,3,11,63,60,17,151,0,0,0,151
02/27/2003,CHA,TN,ASO,ES,Towers with Radar,11,63,72,0,146,0,2,1,0,3,11,65,73,0,149,0,0,0,149
02/28/2003,CHA,TN,ASO,ES,Towers with Radar,12,55,103,12,182,0,0,43,0,43,12,55,146,12,225,84,16,100,325
03/01/2003,CHA,TN,ASO,ES,Towers with Radar,10,29,75,0,114,0,0,78,0,78,10,29,153,0,192,55,0,55,247
03/02/2003,CHA,TN,ASO,ES,Towers with Radar,8,32,55,7,102,0,11,3,0,14,8,43,58,7,116,22,6,28,144
03/03/2003,CHA,TN,ASO,ES,Towers with Radar,12,49,83,18,162,0,14,72,0,86,12,63,155,18,248,63,18,81,329
03/04/2003,CHA,TN,ASO,ES,Towers with Radar,14,55,95,32,196,0,0,47,19,66,14,55,142,51,262,51,71,122,384
03/05/2003,CHA,TN,ASO,ES,Towers with Radar,15,60,98,33,206,1,2,1,13,17,16,62,99,46,223,10,80,90,313
03/06/2003,CHA,TN,ASO,ES,Towers with Radar,9,44,81,27,161,0,0,14,15,29,9,44,95,42,190,15,67,82,272
03/07/2003,CHA,TN,ASO,ES,Towers with Radar,16,57,106,35,214,0,0,79,4,83,16,57,185,39,297,101,57,158,455
03/08/2003,CHA,TN,ASO,ES,Towers with Radar,0,24,59,3,86,0,0,52,0,52,0,24,111,3,138,93,2,95,233
03/09/2003,CHA,TN,ASO,ES,Towers with Radar,11,31,73,15,130,5,0,61,0,66,16,31,134,15,196,134,14,148,344
03/10/2003,CHA,TN,ASO,ES,Towers with Radar,14,57,94,32,197,5,6,47,21,79,19,63,141,53,276,78,37,115,391
03/11/2003,CHA,TN,ASO,ES,Towers with Radar,13,51,84,28,176,6,11,66,3,86,19,62,150,31,262,54,35,89,351
03/12/2003,CHA,TN,ASO,ES,Towers with Radar,13,57,94,32,196,1,5,49,38,93,14,62,143,70,289,26,56,82,371
03/13/2003,CHA,TN,ASO,ES,Towers with Radar,10,43,71,2,126,4,10,9,0,23,14,53,80,2,149,29,0,29,178
03/14/2003,CHA,TN,ASO,ES,Towers with Radar,13,49,104,36,202,0,0,0,24,24,13,49,104,60,226,55,60,115,341
03/15/2003,CHA,TN,ASO,ES,Towers with Radar,10,31,74,2,117,1,0,43,0,44,11,31,117,2,161,77,0,77,238
03/16/2003,CHA,TN,ASO,ES,Towers with Radar,9,42,74,2,127,0,0,49,0,49,9,42,123,2,176,29,0,29,205
03/17/2003,CHA,TN,ASO,ES,Towers with Radar,10,47,71,27,155,2,7,0,21,30,12,54,71,48,185,9,26,35,220
03/18/2003,CHA,TN,ASO,ES,Towers with Radar,11,50,75,29,165,0,6,0,18,24,11,56,75,47,189,0,18,18,207
03/19/2003,CHA,TN,ASO,ES,Towers with Radar,13,59,77,0,149,0,1,1,0,2,13,60,78,0,151,12,0,12,163
03/20/2003,CHA,TN,ASO,ES,Towers with Radar,11,66,108,37,222,0,12,11,15,38,11,78,119,52,260,102,58,160,420
03/21/2003,CHA,TN,ASO,ES,Towers with Radar,13,53,96,33,195,0,0,33,2,35,13,53,129,35,230,157,16,173,403
03/22/2003,CHA,TN,ASO,ES,Towers with Radar,9,27,64,12,112,1,0,62,0,63,10,27,126,12,175,146,8,154,329
03/23/2003,CHA,TN,ASO,ES,Towers with Radar,8,37,60,10,115,3,0,55,0,58,11,37,115,10,173,86,0,86,259
03/24/2003,CHA,TN,ASO,ES,Towers with Radar,10,44,73,25,152,3,7,51,2,63,13,51,124,27,215,35,26,61,276
03/25/2003,CHA,TN,ASO,ES,Towers with Radar,11,50,82,27,170,3,14,75,4,96,14,64,157,31,266,67,52,119,385
03/26/2003,CHA,TN,ASO,ES,Towers with Radar,11,51,83,28,173,3,8,14,5,30,14,59,97,33,203,46,0,46,249
03/27/2003,CHA,TN,ASO,ES,Towers with Radar,13,58,95,29,195,1,4,75,0,80,14,62,170,29,275,88,20,108,383
03/28/2003,CHA,TN,ASO,ES,Towers with Radar,12,56,98,33,199,0,0,20,35,55,12,56,118,68,254,48,74,122,376
03/29/2003,CHA,TN,ASO,ES,Towers with Radar,7,32,52,0,91,0,5,18,0,23,7,37,70,0,114,46,0,46,160
03/30/2003,CHA,TN,ASO,ES,Towers with Radar,8,41,69,6,124,0,4,54,0,58,8,45,123,6,182,30,0,30,212
03/31/2003,CHA,TN,ASO,ES,Towers with Radar,0,50,84,28,162,0,13,58,5,76,0,63,142,33,238,48,4,52,290
04/01/2003,CHA,TN,ASO,ES,Towers with Radar,13,48,71,18,150,1,8,74,0,83,14,56,145,18,233,88,29,117,350
04/02/2003,CHA,TN,ASO,ES,Towers with Radar,14,63,94,25,196,0,10,40,46,96,14,73,134,71,292,110,28,138,430
04/03/2003,CHA,TN,ASO,ES,Towers with Radar,17,55,96,24,192,11,0,57,2,70,28,55,153,26,262,88,0,88,350
04/04/2003,CHA,TN,ASO,ES,Towers with Radar,13,49,73,13,148,3,4,14,0,21,16,53,87,13,169,110,10,120,289
04/05/2003,CHA,TN,ASO,ES,Towers with Radar,8,37,70,18,133,0,0,28,17,45,8,37,98,35,178,73,60,133,311
04/06/2003,CHA,TN,ASO,ES,Towers with Radar,13,36,78,3,130,0,0,51,0,51,13,36,129,3,181,45,5,50,231
04/07/2003,CHA,TN,ASO,ES,Towers with Radar,12,50,74,8,144,0,11,34,0,45,12,61,108,8,189,54,32,86,275
04/08/2003,CHA,TN,ASO,ES,Towers with Radar,14,58,77,19,168,0,1,1,0,2,14,59,78,19,170,0,0,0,170
04/09/2003,CHA,TN,ASO,ES,Towers with Radar,14,51,77,11,153,0,5,24,0,29,14,56,101,11,182,0,0,0,182
04/10/2003,CHA,TN,ASO,ES,Towers with Radar,14,51,79,10,154,0,0,37,0,37,14,51,116,10,191,0,0,0,191
04/11/2003,CHA,TN,ASO,ES,Towers with Radar,14,55,97,25,191,0,0,70,5,75,14,55,167,30,266,80,41,121,387
04/12/2003,CHA,TN,ASO,ES,Towers with Radar,9,37,59,9,114,0,0,85,0,85,9,37,144,9,199,141,6,147,346
04/13/2003,CHA,TN,ASO,ES,Towers with Radar,10,42,64,6,122,0,0,62,0,62,10,42,126,6,184,112,0,112,296
04/14/2003,CHA,TN,ASO,ES,Towers with Radar,12,50,74,19,155,0,5,61,3,69,12,55,135,22,224,65,6,71,295
04/15/2003,CHA,TN,ASO,ES,Towers with Radar,14,65,97,25,201,0,1,51,30,82,14,66,148,55,283,84,34,118,401
04/16/2003,CHA,TN,ASO,ES,Towers with Radar,13,60,89,23,185,0,19,49,7,75,13,79,138,30,260,37,12,49,309
04/17/2003,CHA,TN,ASO,ES,Towers with Radar,14,56,84,11,165,6,4,16,0,26,20,60,100,11,191,0,38,38,229
04/18/2003,CHA,TN,ASO,ES,Towers with Radar,14,54,96,23,187,0,0,57,13,70,14,54,153,36,257,145,46,191,448
04/19/2003,CHA,TN,ASO,ES,Towers with Radar,9,25,58,5,97,2,0,48,0,50,11,25,106,5,147,96,0,96,243
04/20/2003,CHA,TN,ASO,ES,Towers with Radar,7,30,41,5,83,3,5,0,0,8,10,35,41,5,91,12,4,16,107
04/21/2003,CHA,TN,ASO,ES,Towers with Radar,12,49,74,18,153,0,11,20,9,40,12,60,94,27,193,41,16,57,250
04/22/2003,CHA,TN,ASO,ES,Towers with Radar,14,59,88,22,183,1,1,93,1,96,15,60,181,23,279,20,0,20,299
04/23/2003,CHA,TN,ASO,ES,Towers with Radar,16,63,102,24,205,0,0,63,21,84,16,63,165,45,289,28,42,70,359
04/24/2003,CHA,TN,ASO,ES,Towers with Radar,13,61,93,12,179,0,2,34,0,36,13,63,127,12,215,20,0,20,235
04/25/2003,CHA,TN,ASO,ES,Towers with Radar,11,46,70,11,138,0,5,30,0,35,11,51,100,11,173,4,2,6,179
04/26/2003,CHA,TN,ASO,ES,Towers with Radar,7,31,74,8,120,0,0,33,0,33,7,31,107,8,153,91,0,91,244
04/27/2003,CHA,TN,ASO,ES,Towers with Radar,10,44,67,2,123,0,1,98,0,99,10,45,165,2,222,92,0,92,314
04/28/2003,CHA,TN,ASO,ES,Towers with Radar,12,49,72,19,152,0,12,68,6,86,12,61,140,25,238,107,85,192,430
04/29/2003,CHA,TN,ASO,ES,Towers with Radar,14,56,83,22,175,0,0,52,18,70,14,56,135,40,245,106,26,132,377
04/30/2003,CHA,TN,ASO,ES,Towers with Radar,11,48,70,12,141,7,15,10,0,32,18,63,80,12,173,44,29,73,246
05/01/2003,CHA,TN,ASO,ES,Towers with Radar,14,60,80,12,166,1,10,24,2,37,15,70,104,14,203,48,7,55,258
05/02/2003,CHA,TN,ASO,ES,Towers with Radar,12,54,76,11,153,0,0,7,11,18,12,54,83,22,171,9,48,57,228
05/03/2003,CHA,TN,ASO,ES,Towers with Radar,10,33,71,11,125,0,0,37,7,44,10,33,108,18,169,64,5,69,238
05/04/2003,CHA,TN,ASO,ES,Towers with Radar,9,51,67,4,131,0,2,42,0,44,9,53,109,4,175,60,0,60,235
05/05/2003,CHA,TN,ASO,ES,Towers with Radar,7,31,36,0,74,1,28,0,0,29,8,59,36,0,103,4,0,4,107
05/06/2003,CHA,TN,ASO,ES,Towers with Radar,8,35,45,0,88,5,29,0,0,34,13,64,45,0,122,3,0,3,125
05/07/2003,CHA,TN,ASO,ES,Towers with Radar,10,40,52,1,103,2,25,13,0,40,12,65,65,1,143,0,0,0,143
05/08/2003,CHA,TN,ASO,ES,Towers with Radar,9,63,78,13,163,0,0,0,10,10,9,63,78,23,173,8,0,8,181
05/09/2003,CHA,TN,ASO,ES,Towers with Radar,8,61,81,10,160,0,3,35,0,38,8,64,116,10,198,54,16,70,268
05/10/2003,CHA,TN,ASO,ES,Towers with Radar,7,28,46,8,89,3,0,30,2,35,10,28,76,10,124,48,16,64,188
05/11/2003,CHA,TN,ASO,ES,Towers with Radar,6,31,41,0,78,0,13,22,0,35,6,44,63,0,113,37,14,51,164
05/12/2003,CHA,TN,ASO,ES,Towers with Radar,10,61,80,13,164,0,9,83,0,92,10,70,163,13,256,59,10,69,325
05/13/2003,CHA,TN,ASO,ES,Towers with Radar,14,66,104,16,200,0,0,115,21,136,14,66,219,37,336,78,32,110,446
05/14/2003,CHA,TN,ASO,ES,Towers with Radar,14,71,93,11,189,0,5,44,0,49,14,76,137,11,238,10,0,10,248
05/15/2003,CHA,TN,ASO,ES,Towers with Radar,11,70,92,13,186,0,9,18,0,27,11,79,110,13,213,12,0,12,225
05/16/2003,CHA,TN,ASO,ES,Towers with Radar,14,63,95,14,186,0,0,16,0,16,14,63,111,14,202,14,0,14,216
05/17/2003,CHA,TN,ASO,ES,Towers with Radar,6,29,38,0,73,0,8,10,0,18,6,37,48,0,91,6,0,6,97
05/18/2003,CHA,TN,ASO,ES,Towers with Radar,9,39,51,2,101,5,9,0,0,14,14,48,51,2,115,4,0,4,119
05/19/2003,CHA,TN,ASO,ES,Towers with Radar,13,50,83,13,159,8,0,11,6,25,21,50,94,19,184,35,24,59,243
05/20/2003,CHA,TN,ASO,ES,Towers with Radar,14,62,84,13,173,0,0,9,15,24,14,62,93,28,197,16,12,28,225
05/21/2003,CHA,TN,ASO,ES,Towers with Radar,13,65,97,12,187,0,0,3,0,3,13,65,100,12,190,0,10,10,200
05/22/2003,CHA,TN,ASO,ES,Towers with Radar,14,74,96,7,191,0,1,44,0,45,14,75,140,7,236,80,0,80,316
05/23/2003,CHA,TN,ASO,ES,Towers with Radar,16,58,117,18,209,0,0,38,5,43,16,58,155,23,252,115,28,143,395
05/24/2003,CHA,TN,ASO,ES,Towers with Radar,10,33,61,0,104,0,0,74,0,74,10,33,135,0,178,86,0,86,264
05/25/2003,CHA,TN,ASO,ES,Towers with Radar,7,40,52,3,102,0,5,26,0,31,7,45,78,3,133,18,0,18,151
05/26/2003,CHA,TN,ASO,ES,Towers with Radar,10,50,78,0,138,0,0,58,0,58,10,50,136,0,196,98,0,98,294
05/27/2003,CHA,TN,ASO,ES,Towers with Radar,12,61,88,13,174,0,0,38,22,60,12,61,126,35,234,74,9,83,317
05/28/2003,CHA,TN,ASO,ES,Towers with Radar,13,63,82,12,170,16,2,79,5,102,29,65,161,17,272,12,20,32,304
05/29/2003,CHA,TN,ASO,ES,Towers with Radar,14,67,87,13,181,2,12,58,1,73,16,79,145,14,254,26,8,34,288
05/30/2003,CHA,TN,ASO,ES,Towers with Radar,14,63,91,14,182,0,0,55,19,74,14,63,146,33,256,68,18,86,342
05/31/2003,CHA,TN,ASO,ES,Towers with Radar,5,26,34,0,65,4,4,6,0,14,9,30,40,0,79,26,0,26,105
06/01/2003,CHA,TN,ASO,ES,Towers with Radar,6,37,54,0,97,0,10,60,0,70,6,47,114,0,167,48,0,48,215
06/02/2003,CHA,TN,ASO,ES,Towers with Radar,13,55,80,11,159,0,6,55,3,64,13,61,135,14,223,25,6,31,254
06/03/2003,CHA,TN,ASO,ES,Towers with Radar,13,49,71,7,140,3,8,8,0,19,16,57,79,7,159,7,0,7,166
06/04/2003,CHA,TN,ASO,ES,Towers with Radar,15,67,96,13,191,0,0,44,25,69,15,67,140,38,260,78,32,110,370
06/05/2003,CHA,TN,ASO,ES,Towers with Radar,16,70,109,16,211,0,0,61,18,79,16,70,170,34,290,121,46,167,457
06/06/2003,CHA,TN,ASO,ES,Towers with Radar,14,64,92,11,181,1,9,27,0,37,15,73,119,11,218,71,23,94,312
06/07/2003,CHA,TN,ASO,ES,Towers with Radar,8,33,48,1,90,0,3,16,0,19,8,36,64,1,109,23,0,23,132
06/08/2003,CHA,TN,ASO,ES,Towers with Radar,10,47,68,2,127,1,3,22,0,26,11,50,90,2,153,52,0,52,205
06/09/2003,CHA,TN,ASO,ES,Towers with Radar,12,52,75,0,139,0,24,64,0,88,12,76,139,0,227,102,0,102,329
06/10/2003,CHA,TN,ASO,ES,Towers with Radar,11,49,71,8,139,3,14,65,0,82,14,63,136,8,221,50,0,50,271
06/11/2003,CHA,TN,ASO,ES,Towers with Radar,13,52,76,8,149,4,10,22,0,36,17,62,98,8,185,16,0,16,201
06/12/2003,CHA,TN,ASO,ES,Towers with Radar,13,69,103,15,200,0,0,22,10,32,13,69,125,25,232,32,0,32,264
06/13/2003,CHA,TN,ASO,ES,Towers with Radar,10,63,96,14,183,0,0,10,10,20,10,63,106,24,203,29,0,29,232
06/14/2003,CHA,TN,ASO,ES,Towers with Radar,7,31,45,0,83,0,6,5,0,11,7,37,50,0,94,52,0,52,146
06/15/2003,CHA,TN,ASO,ES,Towers with Radar,10,40,63,6,119,0,0,14,0,14,10,40,77,6,133,60,0,60,193
06/16/2003,CHA,TN,ASO,ES,Towers with Radar,11,54,78,11,154,0,9,7,6,22,11,63,85,17,176,48,6,54,230
06/17/2003,CHA,TN,ASO,ES,Towers with Radar,10,67,97,14,188,0,8,34,13,55,10,75,131,27,243,44,27,71,314
06/18/2003,CHA,TN,ASO,ES,Towers with Radar,14,63,71,2,150,0,1,5,0,6,14,64,76,2,156,12,0,12,168
06/19/2003,CHA,TN,ASO,ES,Towers with Radar,14,55,96,13,178,0,0,40,0,40,14,55,136,13,218,63,14,77,295
06/20/2003,CHA,TN,ASO,ES,Towers with Radar,16,50,100,13,179,2,0,62,0,64,18,50,162,13,243,63,6,69,312
06/21/2003,CHA,TN,ASO,ES,Towers with Radar,8,35,53,8,104,4,0,90,0,94,12,35,143,8,198,41,0,41,239
06/22/2003,CHA,TN,ASO,ES,Towers with Radar,10,39,66,10,125,5,0,60,3,68,15,39,126,13,193,55,10,65,258
06/23/2003,CHA,TN,ASO,ES,Towers with Radar,12,57,80,2,151,2,3,95,0,100,14,60,175,2,251,66,0,66,317
06/24/2003,CHA,TN,ASO,ES,Towers with Radar,13,65,93,14,185,0,0,74,4,78,13,65,167,18,263,52,12,64,327
06/25/2003,CHA,TN,ASO,ES,Towers with Radar,15,64,94,3,176,0,0,86,0,86,15,64,180,3,262,32,4,36,298
06/26/2003,CHA,TN,ASO,ES,Towers with Radar,16,61,100,15,192,9,0,29,7,45,25,61,129,22,237,12,26,38,275
06/27/2003,CHA,TN,ASO,ES,Towers with Radar,15,74,108,13,210,0,0,29,0,29,15,74,137,13,239,40,7,47,286
06/28/2003,CHA,TN,ASO,ES,Towers with Radar,8,32,74,10,124,0,0,98,11,109,8,32,172,21,233,91,6,97,330
06/29/2003,CHA,TN,ASO,ES,Towers with Radar,9,43,73,10,135,0,0,38,2,40,9,43,111,12,175,120,2,122,297
06/30/2003,CHA,TN,ASO,ES,Towers with Radar,11,53,75,10,149,0,8,0,9,17,11,61,75,19,166,29,6,35,201
07/01/2003,CHA,TN,ASO,ES,Towers with Radar,10,44,58,0,112,5,25,0,0,30,15,69,58,0,142,0,0,0,142
07/02/2003,CHA,TN,ASO,ES,Towers with Radar,12,56,74,21,163,3,4,28,5,40,15,60,102,26,203,21,38,59,262
07/03/2003,CHA,TN,ASO,ES,Towers with Radar,14,53,82,12,161,2,0,66,0,68,16,53,148,12,229,32,4,36,265
07/04/2003,CHA,TN,ASO,ES,Towers with Radar,6,25,33,3,67,1,3,3,0,7,7,28,36,3,74,38,6,44,118
07/05/2003,CHA,TN,ASO,ES,Towers with Radar,8,33,44,0,85,2,0,17,0,19,10,33,61,0,104,40,0,40,144
07/06/2003,CHA,TN,ASO,ES,Towers with Radar,9,35,55,0,99,0,0,9,0,9,9,35,64,0,108,11,0,11,119
07/07/2003,CHA,TN,ASO,ES,Towers with Radar,10,68,89,25,192,0,0,14,11,25,10,68,103,36,217,14,19,33,250
07/08/2003,CHA,TN,ASO,ES,Towers with Radar,13,60,82,23,178,0,0,57,15,72,13,60,139,38,250,114,33,147,397
07/09/2003,CHA,TN,ASO,ES,Towers with Radar,14,62,82,23,181,0,4,76,11,91,14,66,158,34,272,24,28,52,324
07/10/2003,CHA,TN,ASO,ES,Towers with Radar,11,55,72,16,154,0,11,8,0,19,11,66,80,16,173,15,0,15,188
07/11/2003,CHA,TN,ASO,ES,Towers with Radar,13,65,97,29,204,0,0,17,17,34,13,65,114,46,238,93,43,136,374
07/12/2003,CHA,TN,ASO,ES,Towers with Radar,8,36,48,14,106,0,2,16,2,20,8,38,64,16,126,36,11,47,173
07/13/2003,CHA,TN,ASO,ES,Towers with Radar,10,46,61,18,135,1,0,3,1,5,11,46,64,19,140,18,22,40,180
07/14/2003,CHA,TN,ASO,ES,Towers with Radar,9,64,89,27,189,0,0,28,27,55,9,64,117,54,244,126,30,156,400
07/15/2003,CHA,TN,ASO,ES,Towers with Radar,9,68,109,32,218,0,0,55,53,108,9,68,164,85,326,11,74,85,411
07/16/2003,CHA,TN,ASO,ES,Towers with Radar,13,62,81,21,177,3,7,24,0,34,16,69,105,21,211,45,0,45,256
07/17/2003,CHA,TN,ASO,ES,Towers with Radar,14,68,89,17,188,0,6,96,0,102,14,74,185,17,290,42,0,42,332
07/18/2003,CHA,TN,ASO,ES,Towers with Radar,12,61,78,20,171,1,2,55,0,58,13,63,133,20,229,55,9,64,293
07/19/2003,CHA,TN,ASO,ES,Towers with Radar,9,35,60,18,122,10,0,20,26,56,19,35,80,44,178,74,105,179,357
07/20/2003,CHA,TN,ASO,ES,Towers with Radar,9,42,55,9,115,1,0,43,0,44,10,42,98,9,159,91,5,96,255
07/21/2003,CHA,TN,ASO,ES,Towers with Radar,12,61,78,24,175,1,3,28,22,54,13,64,106,46,229,68,21,89,318
07/22/2003,CHA,TN,ASO,ES,Towers with Radar,10,49,62,6,127,2,6,24,0,32,12,55,86,6,159,12,1,13,172
07/23/2003,CHA,TN,ASO,ES,Towers with Radar,13,63,81,7,164,0,6,72,0,78,13,69,153,7,242,22,26,48,290
07/24/2003,CHA,TN,ASO,ES,Towers with Radar,12,70,90,27,199,0,15,97,15,127,12,85,187,42,326,41,30,71,397
07/25/2003,CHA,TN,ASO,ES,Towers with Radar,10,59,81,24,174,0,0,64,4,68,10,59,145,28,242,70,35,105,347
07/26/2003,CHA,TN,ASO,ES,Towers with Radar,10,35,69,2,116,0,0,79,0,79,10,35,148,2,195,112,0,112,307
07/27/2003,CHA,TN,ASO,ES,Towers with Radar,9,40,57,9,115,1,0,35,0,36,10,40,92,9,151,62,6,68,219
07/28/2003,CHA,TN,ASO,ES,Towers with Radar,12,61,77,23,173,0,7,16,2,25,12,68,93,25,198,82,28,110,308
07/29/2003,CHA,TN,ASO,ES,Towers with Radar,13,62,79,13,167,0,3,64,0,67,13,65,143,13,234,73,21,94,328
07/30/2003,CHA,TN,ASO,ES,Towers with Radar,13,62,81,24,180,0,0,32,14,46,13,62,113,38,226,53,46,99,325
07/31/2003,CHA,TN,ASO,ES,Towers with Radar,12,58,75,6,151,0,6,28,0,34,12,64,103,6,185,0,0,0,185
08/01/2003,CHA,TN,ASO,ES,Towers with Radar,9,66,93,26,194,0,0,47,5,52,9,66,140,31,246,37,8,45,291
08/02/2003,CHA,TN,ASO,ES,Towers with Radar,8,35,55,15,113,0,0,29,1,30,8,35,84,16,143,35,2,37,180
08/03/2003,CHA,TN,ASO,ES,Towers with Radar,10,41,61,13,125,5,0,6,0,11,15,41,67,13,136,30,23,53,189
08/04/2003,CHA,TN,ASO,ES,Towers with Radar,11,55,73,20,159,1,7,5,7,20,12,62,78,27,179,115,36,151,330
08/05/2003,CHA,TN,ASO,ES,Towers with Radar,13,59,79,16,167,0,12,61,0,73,13,71,140,16,240,56,10,66,306
08/06/2003,CHA,TN,ASO,ES,Towers with Radar,11,54,73,20,158,1,15,27,5,48,12,69,100,25,206,64,44,108,314
08/07/2003,CHA,TN,ASO,ES,Towers with Radar,11,64,86,25,186,0,12,67,6,85,11,76,153,31,271,46,46,92,363
08/08/2003,CHA,TN,ASO,ES,Towers with Radar,13,59,79,0,151,2,3,62,0,67,15,62,141,0,218,19,0,19,237
08/09/2003,CHA,TN,ASO,ES,Towers with Radar,9,38,59,16,122,1,0,54,6,61,10,38,113,22,183,78,20,98,281
08/10/2003,CHA,TN,ASO,ES,Towers with Radar,9,50,67,12,138,0,0,58,0,58,9,50,125,12,196,53,18,71,267
08/11/2003,CHA,TN,ASO,ES,Towers with Radar,9,45,60,0,114,0,31,6,0,37,9,76,66,0,151,18,19,37,188
08/12/2003,CHA,TN,ASO,ES,Towers with Radar,14,74,100,30,218,0,0,24,33,57,14,74,124,63,275,9,43,52,327
08/13/2003,CHA,TN,ASO,ES,Towers with Radar,12,60,80,24,176,0,5,0,6,11,12,65,80,30,187,21,12,33,220
08/14/2003,CHA,TN,ASO,ES,Towers with Radar,14,66,108,32,220,0,0,60,35,95,14,66,168,67,315,22,20,42,357
08/15/2003,CHA,TN,ASO,ES,Towers with Radar,11,58,77,22,168,3,3,43,8,57,14,61,120,30,225,42,58,100,325
08/16/2003,CHA,TN,ASO,ES,Towers with Radar,6,33,45,0,84,2,5,55,0,62,8,38,100,0,146,19,0,19,165
08/17/2003,CHA,TN,ASO,ES,Towers with Radar,4,47,75,15,141,0,0,31,0,31,4,47,106,15,172,67,0,67,239
08/18/2003,CHA,TN,ASO,ES,Towers with Radar,12,57,83,24,176,0,0,46,7,53,12,57,129,31,229,7,10,17,246
08/19/2003,CHA,TN,ASO,ES,Towers with Radar,12,65,93,27,197,0,0,66,9,75,12,65,159,36,272,63,40,103,375
08/20/2003,CHA,TN,ASO,ES,Towers with Radar,12,72,94,17,195,0,3,50,0,53,12,75,144,17,248,84,2,86,334
08/21/2003,CHA,TN,ASO,ES,Towers with Radar,11,58,76,22,167,2,6,64,1,73,13,64,140,23,240,27,4,31,271
08/22/2003,CHA,TN,ASO,ES,Towers with Radar,12,64,82,25,183,0,0,26,7,33,12,64,108,32,216,41,25,66,282
08/23/2003,CHA,TN,ASO,ES,Towers with Radar,7,37,51,0,95,2,0,61,0,63,9,37,112,0,158,102,0,102,260
08/24/2003,CHA,TN,ASO,ES,Towers with Radar,9,39,62,6,116,3,0,53,0,56,12,39,115,6,172,67,0,67,239
08/25/2003,CHA,TN,ASO,ES,Towers with Radar,9,50,64,15,138,0,10,18,0,28,9,60,82,15,166,61,32,93,259
08/26/2003,CHA,TN,ASO,ES,Towers with Radar,12,67,87,26,192,0,0,46,23,69,12,67,133,49,261,6,16,22,283
08/27/2003,CHA,TN,ASO,ES,Towers with Radar,13,67,87,18,185,1,8,20,0,29,14,75,107,18,214,4,2,6,220
08/28/2003,CHA,TN,ASO,ES,Towers with Radar,15,73,103,31,222,0,0,47,29,76,15,73,150,60,298,66,12,78,376
08/29/2003,CHA,TN,ASO,ES,Towers with Radar,14,59,99,29,201,0,0,37,0,37,14,59,136,29,238,123,23,146,384
08/30/2003,CHA,TN,ASO,ES,Towers with Radar,6,26,40,0,72,3,0,0,0,3,9,26,40,0,75,7,0,7,82
08/31/2003,CHA,TN,ASO,ES,Towers with Radar,7,31,48,3,89,0,0,40,0,40,7,31,88,3,129,50,0,50,179
09/01/2003,CHA,TN,ASO,ES,Towers with Radar,8,55,77,20,160,0,0,33,2,35,8,55,110,22,195,56,9,65,260
09/02/2003,CHA,TN,ASO,ES,Towers with Radar,13,58,76,20,167,0,0,28,20,48,13,58,104,40,215,53,25,78,293
09/03/2003,CHA,TN,ASO,ES,Towers with Radar,11,50,66,13,140,4,14,1,0,19,15,64,67,13,159,14,0,14,173
09/04/2003,CHA,TN,ASO,ES,Towers with Radar,14,63,83,21,181,1,12,49,11,73,15,75,132,32,254,81,6,87,341
09/05/2003,CHA,TN,ASO,ES,Towers with Radar,13,55,77,15,160,1,0,82,0,83,14,55,159,15,243,112,14,126,369
09/06/2003,CHA,TN,ASO,ES,Towers with Radar,9,37,55,1,102,4,0,63,0,67,13,37,118,1,169,26,8,34,203
09/07/2003,CHA,TN,ASO,ES,Towers with Radar,10,39,66,14,129,0,0,27,0,27,10,39,93,14,156,40,4,44,200
09/08/2003,CHA,TN,ASO,ES,Towers with Radar,12,62,82,21,177,0,0,46,20,66,12,62,128,41,243,47,11,58,301
09/09/2003,CHA,TN,ASO,ES,Towers with Radar,13,62,78,21,174,1,2,35,23,61,14,64,113,44,235,24,28,52,287
09/10/2003,CHA,TN,ASO,ES,Towers with Radar,14,63,87,17,181,0,0,61,0,61,14,63,148,17,242,10,14,24,266
09/11/2003,CHA,TN,ASO,ES,Towers with Radar,14,60,93,24,191,0,0,47,35,82,14,60,140,59,273,42,66,108,381
09/12/2003,CHA,TN,ASO,ES,Towers with Radar,15,72,91,23,201,1,1,55,41,98,16,73,146,64,299,98,65,163,462
09/13/2003,CHA,TN,ASO,ES,Towers with Radar,10,40,65,16,131,0,0,82,17,99,10,40,147,33,230,70,59,129,359
09/14/2003,CHA,TN,ASO,ES,Towers with Radar,7,39,50,3,99,0,4,37,0,41,7,43,87,3,140,41,0,41,181
09/15/2003,CHA,TN,ASO,ES,Towers with Radar,11,55,70,19,155,0,4,45,8,57,11,59,115,27,212,66,41,107,319
09/16/2003,CHA,TN,ASO,ES,Towers with Radar,13,65,83,22,183,1,0,77,2,80,14,65,160,24,263,54,2,56,319
09/17/2003,CHA,TN,ASO,ES,Towers with Radar,13,66,84,22,185,1,0,59,21,81,14,66,143,43,266,64,42,106,372
09/18/2003,CHA,TN,ASO,ES,Towers with Radar,11,55,70,8,144,3,9,65,0,77,14,64,135,8,221,77,0,77,298
09/19/2003,CHA,TN,ASO,ES,Towers with Radar,11,66,84,16,177,0,8,45,0,53,11,74,129,16,230,106,38,144,374
09/20/2003,CHA,TN,ASO,ES,Towers with Radar,7,36,45,0,88,2,2,44,0,48,9,38,89,0,136,61,0,61,197
09/21/2003,CHA,TN,ASO,ES,Towers with Radar,10,47,63,0,120,3,0,31,0,34,13,47,94,0,154,41,0,41,195
09/22/2003,CHA,TN,ASO,ES,Towers with Radar,10,70,67,0,147,0,1,1,0,2,10,71,68,0,149,7,0,7,156
09/23/2003,CHA,TN,ASO,ES,Towers with Radar,11,60,81,18,170,0,0,62,0,62,11,60,143,18,232,36,18,54,286
09/24/2003,CHA,TN,ASO,ES,Towers with Radar,11,79,100,26,216,0,29,73,4,106,11,108,173,30,322,39,0,39,361
09/25/2003,CHA,TN,ASO,ES,Towers with Radar,15,67,95,17,194,2,0,84,0,86,17,67,179,17,280,80,0,80,360
09/26/2003,CHA,TN,ASO,ES,Towers with Radar,11,56,95,15,177,0,0,65,0,65,11,56,160,15,242,111,0,111,353
09/27/2003,CHA,TN,ASO,ES,Towers with Radar,5,27,34,8,74,7,5,0,0,12,12,32,34,8,86,47,0,47,133
09/28/2003,CHA,TN,ASO,ES,Towers with Radar,7,49,65,4,125,0,0,70,0,70,7,49,135,4,195,55,12,67,262
09/29/2003,CHA,TN,ASO,ES,Towers with Radar,11,56,72,8,147,0,16,50,0,66,11,72,122,8,213,76,0,76,289
09/30/2003,CHA,TN,ASO,ES,Towers with Radar,12,61,78,5,156,0,14,82,0,96,12,75,160,5,252,61,5,66,318
10/01/2003,CHA,TN,ASO,ES,Towers with Radar,19,56,91,21,187,0,0,80,0,80,19,56,171,21,267,74,72,146,413
10/02/2003,CHA,TN,ASO,ES,Towers with Radar,15,56,82,21,174,0,15,66,0,81,15,71,148,21,255,92,10,102,357
10/03/2003,CHA,TN,ASO,ES,Towers with Radar,20,48,95,32,195,1,0,53,36,90,21,48,148,68,285,38,49,87,372
10/04/2003,CHA,TN,ASO,ES,Towers with Radar,17,42,81,7,147,103,0,22,0,125,120,42,103,7,272,41,0,41,313
10/05/2003,CHA,TN,ASO,ES,Towers with Radar,9,46,68,11,134,0,0,70,0,70,9,46,138,11,204,47,0,47,251
10/06/2003,CHA,TN,ASO,ES,Towers with Radar,13,46,68,22,149,0,9,32,5,46,13,55,100,27,195,44,32,76,271
10/07/2003,CHA,TN,ASO,ES,Towers with Radar,16,60,87,20,183,0,1,68,0,69,16,61,155,20,252,68,47,115,367
10/08/2003,CHA,TN,ASO,ES,Towers with Radar,14,54,100,34,202,0,0,61,12,73,14,54,161,46,275,54,77,131,406
10/09/2003,CHA,TN,ASO,ES,Towers with Radar,16,66,103,34,219,0,0,62,3,65,16,66,165,37,284,32,22,54,338
10/10/2003,CHA,TN,ASO,ES,Towers with Radar,13,57,71,17,158,0,8,0,0,8,13,65,71,17,166,0,0,0,166
10/11/2003,CHA,TN,ASO,ES,Towers with Radar,9,37,55,4,105,0,5,21,0,26,9,42,76,4,131,145,0,145,276
10/12/2003,CHA,TN,ASO,ES,Towers with Radar,8,43,63,0,114,0,4,69,0,73,8,47,132,0,187,64,0,64,251
10/13/2003,CHA,TN,ASO,ES,Towers with Radar,12,51,72,4,139,0,14,51,0,65,12,65,123,4,204,80,0,80,284
10/14/2003,CHA,TN,ASO,ES,Towers with Radar,10,48,68,7,133,0,15,23,0,38,10,63,91,7,171,8,0,8,179
10/15/2003,CHA,TN,ASO,ES,Towers with Radar,15,61,87,30,193,0,10,88,7,105,15,71,175,37,298,44,54,98,396
10/16/2003,CHA,TN,ASO,ES,Towers with Radar,10,71,102,34,217,0,12,69,14,95,10,83,171,48,312,67,44,111,423
10/17/2003,CHA,TN,ASO,ES,Towers with Radar,12,49,69,10,140,0,5,23,0,28,12,54,92,10,168,24,3,27,195
10/18/2003,CHA,TN,ASO,ES,Towers with Radar,7,28,40,0,75,0,6,39,0,45,7,34,79,0,120,47,0,47,167
10/19/2003,CHA,TN,ASO,ES,Towers with Radar,10,40,66,0,116,0,0,102,0,102,10,40,168,0,218,183,0,183,401
10/20/2003,CHA,TN,ASO,ES,Towers with Radar,10,44,62,21,137,0,14,33,0,47,10,58,95,21,184,55,9,64,248
10/21/2003,CHA,TN,ASO,ES,Towers with Radar,14,62,89,30,195,0,0,71,9,80,14,62,160,39,275,108,62,170,445
10/22/2003,CHA,TN,ASO,ES,Towers with Radar,18,50,86,28,182,3,0,97,3,103,21,50,183,31,285,48,61,109,394
10/23/2003,CHA,TN,ASO,ES,Towers with Radar,16,58,83,28,185,0,5,67,10,82,16,63,150,38,267,56,36,92,359
10/24/2003,CHA,TN,ASO,ES,Towers with Radar,12,49,85,28,174,0,0,40,23,63,12,49,125,51,237,62,51,113,350
10/25/2003,CHA,TN,ASO,ES,Towers with Radar,9,34,48,1,92,0,6,40,0,46,9,40,88,1,138,64,0,64,202
10/26/2003,CHA,TN,ASO,ES,Towers with Radar,10,34,35,7,86,0,1,0,0,1,10,35,35,7,87,4,0,4,91
10/27/2003,CHA,TN,ASO,ES,Towers with Radar,10,52,85,28,175,0,0,12,20,32,10,52,97,48,207,49,80,129,336
10/28/2003,CHA,TN,ASO,ES,Towers with Radar,11,51,72,25,159,0,3,40,3,46,11,54,112,28,205,55,38,93,298
10/29/2003,CHA,TN,ASO,ES,Towers with Radar,14,59,85,28,186,0,6,65,28,99,14,65,150,56,285,67,60,127,412
10/30/2003,CHA,TN,ASO,ES,Towers with Radar,14,54,87,28,183,0,0,69,40,109,14,54,156,68,292,8,50,58,350
10/31/2003,CHA,TN,ASO,ES,Towers with Radar,11,35,76,24,146,0,0,52,68,120,11,35,128,92,266,153,86,239,505
11/01/2003,CHA,TN,ASO,ES,Towers with Radar,11,30,54,7,102,2,0,67,0,69,13,30,121,7,171,112,4,116,287
11/02/2003,CHA,TN,ASO,ES,Towers with Radar,13,36,65,0,114,0,0,106,0,106,13,36,171,0,220,150,0,150,370
11/03/2003,CHA,TN,ASO,ES,Towers with Radar,13,50,71,17,151,0,11,61,16,88,13,61,132,33,239,114,40,154,393
11/04/2003,CHA,TN,ASO,ES,Towers with Radar,15,54,87,19,175,0,0,23,24,47,15,54,110,43,222,60,66,126,348
11/05/2003,CHA,TN,ASO,ES,Towers with Radar,13,45,65,0,123,7,22,10,0,39,20,67,75,0,162,22,0,22,184
11/06/2003,CHA,TN,ASO,ES,Towers with Radar,15,58,89,16,178,0,0,21,0,21,15,58,110,16,199,8,0,8,207
11/07/2003,CHA,TN,ASO,ES,Towers with Radar,15,67,104,23,209,0,0,10,19,29,15,67,114,42,238,85,40,125,363
11/08/2003,CHA,TN,ASO,ES,Towers with Radar,9,32,47,2,90,0,5,52,0,57,9,37,99,2,147,54,0,54,201
11/09/2003,CHA,TN,ASO,ES,Towers with Radar,12,36,73,6,127,0,0,71,0,71,12,36,144,6,198,57,0,57,255
11/10/2003,CHA,TN,ASO,ES,Towers with Radar,16,52,82,19,169,8,0,50,34,92,24,52,132,53,261,47,134,181,442
11/11/2003,CHA,TN,ASO,ES,Towers with Radar,12,43,62,0,117,2,14,73,0,89,14,57,135,0,206,63,0,63,269
11/12/2003,CHA,TN,ASO,ES,Towers with Radar,14,61,87,19,181,0,2,0,56,58,14,63,87,75,239,31,50,81,320
11/13/2003,CHA,TN,ASO,ES,Towers with Radar,14,57,82,19,172,0,0,17,11,28,14,57,99,30,200,22,96,118,318
11/14/2003,CHA,TN,ASO,ES,Towers with Radar,14,54,78,17,163,0,1,74,8,83,14,55,152,25,246,84,50,134,380
11/15/2003,CHA,TN,ASO,ES,Towers with Radar,9,31,43,0,83,0,0,25,0,25,9,31,68,0,108,50,0,50,158
11/16/2003,CHA,TN,ASO,ES,Towers with Radar,11,39,43,4,97,9,0,0,0,9,20,39,43,4,106,2,0,2,108
11/17/2003,CHA,TN,ASO,ES,Towers with Radar,11,44,57,7,119,2,3,0,0,5,13,47,57,7,124,0,0,0,124
11/18/2003,CHA,TN,ASO,ES,Towers with Radar,9,34,47,5,95,4,19,12,0,35,13,53,59,5,130,6,0,6,136
11/19/2003,CHA,TN,ASO,ES,Towers with Radar,11,45,62,12,130,0,28,14,0,42,11,73,76,12,172,4,28,32,204
11/20/2003,CHA,TN,ASO,ES,Towers with Radar,12,65,91,22,190,0,1,104,27,132,12,66,195,49,322,70,30,100,422
11/21/2003,CHA,TN,ASO,ES,Towers with Radar,14,57,84,21,176,0,0,95,6,101,14,57,179,27,277,117,18,135,412
11/22/2003,CHA,TN,ASO,ES,Towers with Radar,10,31,57,1,99,0,0,96,0,96,10,31,153,1,195,63,2,65,260
11/23/2003,CHA,TN,ASO,ES,Towers with Radar,11,41,57,10,119,0,2,76,0,78,11,43,133,10,197,56,12,68,265
11/24/2003,CHA,TN,ASO,ES,Towers with Radar,9,34,48,11,102,4,11,5,2,22,13,45,53,13,124,78,0,78,202
11/25/2003,CHA,TN,ASO,ES,Towers with Radar,12,58,80,18,168,0,4,78,9,91,12,62,158,27,259,69,50,119,378
11/26/2003,CHA,TN,ASO,ES,Towers with Radar,15,63,100,9,187,0,0,41,0,41,15,63,141,9,228,55,18,73,301
11/27/2003,CHA,TN,ASO,ES,Towers with Radar,4,17,12,0,33,8,16,0,0,24,12,33,12,0,57,0,0,0,57
11/28/2003,CHA,TN,ASO,ES,Towers with Radar,7,28,31,0,66,3,7,0,0,10,10,35,31,0,76,2,0,2,78
11/29/2003,CHA,TN,ASO,ES,Towers with Radar,10,31,54,0,95,0,0,38,0,38,10,31,92,0,133,67,0,67,200
11/30/2003,CHA,TN,ASO,ES,Towers with Radar,9,43,75,0,127,0,0,49,0,49,9,43,124,0,176,88,0,88,264
12/01/2003,CHA,TN,ASO,ES,Towers with Radar,11,56,73,17,157,0,0,40,16,56,11,56,113,33,213,37,20,57,270
12/02/2003,CHA,TN,ASO,ES,Towers with Radar,17,56,78,18,169,0,0,70,12,82,17,56,148,30,251,78,74,152,403
12/03/2003,CHA,TN,ASO,ES,Towers with Radar,12,53,83,19,167,0,0,32,29,61,12,53,115,48,228,0,0,0,228
12/04/2003,CHA,TN,ASO,ES,Towers with Radar,13,51,63,2,129,0,17,11,0,28,13,68,74,2,157,0,0,0,157
12/05/2003,CHA,TN,ASO,ES,Towers with Radar,11,39,48,10,108,5,8,6,0,19,16,47,54,10,127,5,12,17,144
12/06/2003,CHA,TN,ASO,ES,Towers with Radar,9,30,41,5,85,2,0,2,0,4,11,30,43,5,89,121,0,121,210
12/07/2003,CHA,TN,ASO,ES,Towers with Radar,12,40,54,7,113,0,0,90,0,90,12,40,144,7,203,91,10,101,304
12/08/2003,CHA,TN,ASO,ES,Towers with Radar,12,55,75,10,152,0,0,72,0,72,12,55,147,10,224,73,6,79,303
12/09/2003,CHA,TN,ASO,ES,Towers with Radar,15,67,97,21,200,0,0,47,36,83,15,67,144,57,283,118,63,181,464
12/10/2003,CHA,TN,ASO,ES,Towers with Radar,12,45,55,0,112,2,8,23,0,33,14,53,78,0,145,16,0,16,161
12/11/2003,CHA,TN,ASO,ES,Towers with Radar,12,70,89,19,190,0,0,47,14,61,12,70,136,33,251,20,30,50,301
12/12/2003,CHA,TN,ASO,ES,Towers with Radar,15,51,75,16,157,0,0,67,15,82,15,51,142,31,239,33,46,79,318
12/13/2003,CHA,TN,ASO,ES,Towers with Radar,6,25,31,5,67,2,11,15,0,28,8,36,46,5,95,5,0,5,100
12/14/2003,CHA,TN,ASO,ES,Towers with Radar,4,1,20,0,25,6,0,14,0,20,10,1,34,0,45,8,0,8,53
12/15/2003,CHA,TN,ASO,ES,Towers with Radar,11,56,90,20,177,0,0,15,45,60,11,56,105,65,237,54,48,102,339
12/16/2003,CHA,TN,ASO,ES,Towers with Radar,14,55,67,4,140,3,17,7,0,27,17,72,74,4,167,17,0,17,184
12/17/2003,CHA,TN,ASO,ES,Towers with Radar,13,52,64,1,130,2,3,32,0,37,15,55,96,1,167,28,0,28,195
12/18/2003,CHA,TN,ASO,ES,Towers with Radar,15,52,74,17,158,9,0,39,1,49,24,52,113,18,207,27,32,59,266
12/19/2003,CHA,TN,ASO,ES,Towers with Radar,17,66,79,18,180,4,19,27,1,51,21,85,106,19,231,23,10,33,264
12/20/2003,CHA,TN,ASO,ES,Towers with Radar,11,41,49,0,101,8,0,39,0,47,19,41,88,0,148,76,0,76,224
12/21/2003,CHA,TN,ASO,ES,Towers with Radar,10,41,48,0,99,0,0,56,0,56,10,41,104,0,155,88,0,88,243
12/22/2003,CHA,TN,ASO,ES,Towers with Radar,11,61,84,19,175,0,0,52,8,60,11,61,136,27,235,62,36,98,333
12/23/2003,CHA,TN,ASO,ES,Towers with Radar,12,46,44,13,115,2,15,0,7,24,14,61,44,20,139,7,9,16,155
12/24/2003,CHA,TN,ASO,ES,Towers with Radar,10,36,43,0,89,1,13,12,0,26,11,49,55,0,115,40,0,40,155
12/25/2003,CHA,TN,ASO,ES,Towers with Radar,5,22,22,0,49,4,15,0,0,19,9,37,22,0,68,14,0,14,82
12/26/2003,CHA,TN,ASO,ES,Towers with Radar,12,49,60,0,121,0,0,67,0,67,12,49,127,0,188,28,0,28,216
12/27/2003,CHA,TN,ASO,ES,Towers with Radar,11,32,53,0,96,0,0,49,0,49,11,32,102,0,145,45,0,45,190
12/28/2003,CHA,TN,ASO,ES,Towers with Radar,10,41,54,0,105,0,0,29,0,29,10,41,83,0,134,23,0,23,157
12/29/2003,CHA,TN,ASO,ES,Towers with Radar,10,47,56,9,122,0,17,15,0,32,10,64,71,9,154,10,8,18,172
12/30/2003,CHA,TN,ASO,ES,Towers with Radar,12,49,58,0,119,3,2,47,0,52,15,51,105,0,171,22,0,22,193
12/31/2003,CHA,TN,ASO,ES,Towers with Radar,12,46,54,0,112,0,4,48,0,52,12,50,102,0,164,42,0,42,206
01/01/2004,CHA,TN,ASO,ES,Towers with Radar,9,35,43,0,87,0,1,20,0,21,9,36,63,0,108,8,0,8,116
01/02/2004,CHA,TN,ASO,ES,Towers with Radar,12,48,56,0,116,2,10,0,0,12,14,58,56,0,128,0,0,0,128
01/03/2004,CHA,TN,ASO,ES,Towers with Radar,8,29,51,0,88,0,0,20,0,20,8,29,71,0,108,22,0,22,130
01/04/2004,CHA,TN,ASO,ES,Towers with Radar,8,35,43,0,86,0,3,9,0,12,8,38,52,0,98,13,0,13,111
01/05/2004,CHA,TN,ASO,ES,Towers with Radar,8,32,27,13,80,3,20,0,1,24,11,52,27,14,104,0,16,16,120
01/06/2004,CHA,TN,ASO,ES,Towers with Radar,13,52,64,21,150,4,1,11,9,25,17,53,75,30,175,16,13,29,204
01/07/2004,CHA,TN,ASO,ES,Towers with Radar,11,60,73,22,166,0,5,39,0,44,11,65,112,22,210,10,18,28,238
01/08/2004,CHA,TN,ASO,ES,Towers with Radar,13,50,61,20,144,1,10,14,12,37,14,60,75,32,181,28,26,54,235
01/09/2004,CHA,TN,ASO,ES,Towers with Radar,10,38,38,6,92,4,17,0,0,21,14,55,38,6,113,0,0,0,113
01/10/2004,CHA,TN,ASO,ES,Towers with Radar,9,27,45,13,94,1,0,47,0,48,10,27,92,13,142,57,9,66,208
01/11/2004,CHA,TN,ASO,ES,Towers with Radar,9,35,43,4,91,1,6,53,0,60,10,41,96,4,151,84,0,84,235
01/12/2004,CHA,TN,ASO,ES,Towers with Radar,12,53,68,23,156,0,0,47,22,69,12,53,115,45,225,44,20,64,289
01/13/2004,CHA,TN,ASO,ES,Towers with Radar,14,56,76,25,171,0,0,32,31,63,14,56,108,56,234,29,26,55,289
01/14/2004,CHA,TN,ASO,ES,Towers with Radar,14,57,74,26,171,0,0,38,14,52,14,57,112,40,223,12,42,54,277
01/15/2004,CHA,TN,ASO,ES,Towers with Radar,0,56,80,28,164,0,0,30,52,82,0,56,110,80,246,37,28,65,311
01/16/2004,CHA,TN,ASO,ES,Towers with Radar,15,42,70,24,151,1,0,50,19,70,16,42,120,43,221,28,28,56,277
01/17/2004,CHA,TN,ASO,ES,Towers with Radar,7,30,35,6,78,4,2,17,0,23,11,32,52,6,101,38,0,38,139
01/18/2004,CHA,TN,ASO,ES,Towers with Radar,8,37,44,0,89,3,6,16,0,25,11,43,60,0,114,18,0,18,132
01/19/2004,CHA,TN,ASO,ES,Towers with Radar,12,47,66,14,139,0,0,45,0,45,12,47,111,14,184,47,20,67,251
01/20/2004,CHA,TN,ASO,ES,Towers with Radar,13,51,68,24,156,2,0,54,4,60,15,51,122,28,216,34,14,48,264
01/21/2004,CHA,TN,ASO,ES,Towers with Radar,12,50,63,22,147,2,0,57,15,74,14,50,120,37,221,42,46,88,309
01/22/2004,CHA,TN,ASO,ES,Towers with Radar,12,55,71,24,162,0,0,27,17,44,12,55,98,41,206,16,12,28,234
01/23/2004,CHA,TN,ASO,ES,Towers with Radar,12,53,82,29,176,0,0,48,8,56,12,53,130,37,232,54,30,84,316
01/24/2004,CHA,TN,ASO,ES,Towers with Radar,8,29,43,8,88,0,0,61,0,61,8,29,104,8,149,97,14,111,260
01/25/2004,CHA,TN,ASO,ES,Towers with Radar,5,25,29,2,61,1,13,7,0,21,6,38,36,2,82,0,0,0,82
01/26/2004,CHA,TN,ASO,ES,Towers with Radar,8,35,40,5,88,1,14,3,0,18,9,49,43,5,106,0,0,0,106
01/27/2004,CHA,TN,ASO,ES,Towers with Radar,9,40,47,15,111,3,8,5,9,25,12,48,52,24,136,0,0,0,136
01/28/2004,CHA,TN,ASO,ES,Towers with Radar,13,58,68,24,163,1,6,61,5,73,14,64,129,29,236,74,8,82,318
01/29/2004,CHA,TN,ASO,ES,Towers with Radar,12,55,65,22,154,0,2,77,1,80,12,57,142,23,234,66,0,66,300
01/30/2004,CHA,TN,ASO,ES,Towers with Radar,8,36,44,5,93,1,0,91,0,92,9,36,135,5,185,72,2,74,259
01/31/2004,CHA,TN,ASO,ES,Towers with Radar,12,47,63,17,139,1,0,59,0,60,13,47,122,17,199,43,0,43,242
02/01/2004,CHA,TN,ASO,ES,Towers with Radar,11,36,58,13,118,1,1,65,0,67,12,37,123,13,185,74,22,96,281
02/02/2004,CHA,TN,ASO,ES,Towers with Radar,10,37,52,16,115,0,15,0,13,28,10,52,52,29,143,9,12,21,164
02/03/2004,CHA,TN,ASO,ES,Towers with Radar,13,43,70,19,145,2,5,28,10,45,15,48,98,29,190,70,2,72,262
02/04/2004,CHA,TN,ASO,ES,Towers with Radar,16,53,86,23,178,0,4,42,0,46,16,57,128,23,224,72,0,72,296
02/05/2004,CHA,TN,ASO,ES,Towers with Radar,0,0,25,0,25,0,0,15,0,15,0,0,40,0,40,0,0,0,40
02/06/2004,CHA,TN,ASO,ES,Towers with Radar,12,38,62,0,112,4,15,2,0,21,16,53,64,0,133,14,0,14,147
02/07/2004,CHA,TN,ASO,ES,Towers with Radar,7,21,36,0,64,4,10,5,0,19,11,31,41,0,83,41,0,41,124
02/08/2004,CHA,TN,ASO,ES,Towers with Radar,11,36,58,4,109,3,0,98,0,101,14,36,156,4,210,59,0,59,269
02/09/2004,CHA,TN,ASO,ES,Towers with Radar,13,60,104,28,205,0,0,36,33,69,13,60,140,61,274,56,69,125,399
02/10/2004,CHA,TN,ASO,ES,Towers with Radar,10,34,55,0,99,1,5,20,0,26,11,39,75,0,125,100,0,100,225
02/11/2004,CHA,TN,ASO,ES,Towers with Radar,16,54,97,27,194,0,0,10,51,61,16,54,107,78,255,66,52,118,373
02/12/2004,CHA,TN,ASO,ES,Towers with Radar,13,44,71,0,128,1,12,12,0,25,14,56,83,0,153,3,0,3,156
02/13/2004,CHA,TN,ASO,ES,Towers with Radar,15,49,97,18,179,0,0,56,0,56,15,49,153,18,235,73,17,90,325
02/14/2004,CHA,TN,ASO,ES,Towers with Radar,10,30,51,0,91,0,0,60,0,60,10,30,111,0,151,37,0,37,188
02/15/2004,CHA,TN,ASO,ES,Towers with Radar,6,19,23,0,48,5,19,0,0,24,11,38,23,0,72,2,0,2,74
02/16/2004,CHA,TN,ASO,ES,Towers with Radar,14,49,89,0,152,0,0,8,0,8,14,49,97,0,160,16,0,16,176
02/17/2004,CHA,TN,ASO,ES,Towers with Radar,16,52,94,27,189,0,0,9,25,34,16,52,103,52,223,57,34,91,314
02/18/2004,CHA,TN,ASO,ES,Towers with Radar,14,50,79,13,156,5,0,72,0,77,19,50,151,13,233,42,16,58,291
02/19/2004,CHA,TN,ASO,ES,Towers with Radar,15,53,83,2,153,1,4,105,0,110,16,57,188,2,263,95,0,95,358
02/20/2004,CHA,TN,ASO,ES,Towers with Radar,18,50,93,30,191,0,0,0,39,39,18,50,93,69,230,24,82,106,336
02/21/2004,CHA,TN,ASO,ES,Towers with Radar,9,31,54,0,94,1,0,46,0,47,10,31,100,0,141,57,0,57,198
02/22/2004,CHA,TN,ASO,ES,Towers with Radar,11,32,61,0,104,5,0,102,0,107,16,32,163,0,211,85,0,85,296
02/23/2004,CHA,TN,ASO,ES,Towers with Radar,11,50,79,22,162,0,3,14,32,49,11,53,93,54,211,28,6,34,245
02/24/2004,CHA,TN,ASO,ES,Towers with Radar,0,56,91,26,173,0,0,26,35,61,0,56,117,61,234,21,45,66,300
02/25/2004,CHA,TN,ASO,ES,Towers with Radar,13,53,73,23,162,0,5,0,44,49,13,58,73,67,211,22,78,100,311
02/26/2004,CHA,TN,ASO,ES,Towers with Radar,10,36,57,2,105,1,16,9,0,26,11,52,66,2,131,0,0,0,131
02/27/2004,CHA,TN,ASO,ES,Towers with Radar,14,42,82,13,151,2,0,24,0,26,16,42,106,13,177,64,16,80,257
02/28/2004,CHA,TN,ASO,ES,Towers with Radar,11,31,65,19,126,3,0,79,4,86,14,31,144,23,212,63,14,77,289
02/29/2004,CHA,TN,ASO,ES,Towers with Radar,12,36,71,4,123,2,0,73,0,75,14,36,144,4,198,64,0,64,262
03/01/2004,CHA,TN,ASO,ES,Towers with Radar,14,38,61,19,132,0,9,0,46,55,14,47,61,65,187,40,43,83,270
03/02/2004,CHA,TN,ASO,ES,Towers with Radar,15,39,68,13,135,3,12,4,0,19,18,51,72,13,154,0,0,0,154
03/03/2004,CHA,TN,ASO,ES,Towers with Radar,17,60,116,34,227,0,0,14,44,58,17,60,130,78,285,118,66,184,469
03/04/2004,CHA,TN,ASO,ES,Towers with Radar,15,51,107,31,204,0,0,45,51,96,15,51,152,82,300,20,62,82,382
03/05/2004,CHA,TN,ASO,ES,Towers with Radar,16,43,75,22,156,1,0,0,17,18,17,43,75,39,174,12,32,44,218
03/06/2004,CHA,TN,ASO,ES,Towers with Radar,11,31,62,1,105,0,0,59,0,59,11,31,121,1,164,52,0,52,216
03/07/2004,CHA,TN,ASO,ES,Towers with Radar,12,36,63,9,120,0,4,13,0,17,12,40,76,9,137,53,0,53,190
03/08/2004,CHA,TN,ASO,ES,Towers with Radar,13,44,76,22,155,0,0,69,4,73,13,44,145,26,228,71,60,131,359
03/09/2004,CHA,TN,ASO,ES,Towers with Radar,18,48,84,25,175,3,7,28,11,49,21,55,112,36,224,7,22,29,253
03/10/2004,CHA,TN,ASO,ES,Towers with Radar,21,60,104,31,216,0,0,92,7,99,21,60,196,38,315,18,38,56,371
03/11/2004,CHA,TN,ASO,ES,Towers with Radar,16,51,94,21,182,0,0,54,0,54,16,51,148,21,236,72,14,86,322
03/12/2004,CHA,TN,ASO,ES,Towers with Radar,16,47,86,25,174,0,0,57,13,70,16,47,143,38,244,62,72,134,378
03/13/2004,CHA,TN,ASO,ES,Towers with Radar,15,34,80,5,134,0,0,123,0,123,15,34,203,5,257,104,0,104,361
03/14/2004,CHA,TN,ASO,ES,Towers with Radar,13,31,60,5,109,0,0,50,0,50,13,31,110,5,159,34,0,34,193
03/15/2004,CHA,TN,ASO,ES,Towers with Radar,11,50,75,27,163,0,0,0,26,26,11,50,75,53,189,4,0,4,193
03/16/2004,CHA,TN,ASO,ES,Towers with Radar,18,51,86,26,181,6,2,24,29,61,24,53,110,55,242,27,28,55,297
03/17/2004,CHA,TN,ASO,ES,Towers with Radar,16,47,80,7,150,12,3,66,0,81,28,50,146,7,231,128,4,132,363
03/18/2004,CHA,TN,ASO,ES,Towers with Radar,19,55,92,3,169,6,6,47,0,59,25,61,139,3,228,48,0,48,276
03/19/2004,CHA,TN,ASO,ES,Towers with Radar,16,44,78,14,152,0,0,56,0,56,16,44,134,14,208,58,36,94,302
03/20/2004,CHA,TN,ASO,ES,Towers with Radar,11,31,54,7,103,1,0,63,0,64,12,31,117,7,167,58,0,58,225
03/21/2004,CHA,TN,ASO,ES,Towers with Radar,12,32,61,1,106,0,0,25,0,25,12,32,86,1,131,20,3,23,154
03/22/2004,CHA,TN,ASO,ES,Towers with Radar,17,49,83,25,174,4,1,41,7,53,21,50,124,32,227,41,16,57,284
03/23/2004,CHA,TN,ASO,ES,Towers with Radar,20,56,96,28,200,0,0,81,18,99,20,56,177,46,299,118,32,150,449
03/24/2004,CHA,TN,ASO,ES,Towers with Radar,21,56,101,30,208,12,0,47,4,63,33,56,148,34,271,28,16,44,315
03/25/2004,CHA,TN,ASO,ES,Towers with Radar,15,54,90,26,185,0,8,65,26,99,15,62,155,52,284,79,44,123,407
03/26/2004,CHA,TN,ASO,ES,Towers with Radar,15,45,84,24,168,0,0,40,0,40,15,45,124,24,208,110,43,153,361
03/27/2004,CHA,TN,ASO,ES,Towers with Radar,12,34,58,0,104,0,3,57,0,60,12,37,115,0,164,119,0,119,283
03/28/2004,CHA,TN,ASO,ES,Towers with Radar,12,36,68,1,117,0,0,77,0,77,12,36,145,1,194,111,0,111,305
03/29/2004,CHA,TN,ASO,ES,Towers with Radar,13,37,61,4,115,1,14,0,0,15,14,51,61,4,130,2,10,12,142
03/30/2004,CHA,TN,ASO,ES,Towers with Radar,15,42,71,9,137,1,7,33,0,41,16,49,104,9,178,21,9,30,208
03/31/2004,CHA,TN,ASO,ES,Towers with Radar,18,52,89,4,163,2,10,37,0,49,20,62,126,4,212,24,0,24,236
04/01/2004,CHA,TN,ASO,ES,Towers with Radar,17,58,95,19,189,0,0,41,7,48,17,58,136,26,237,24,48,72,309
04/02/2004,CHA,TN,ASO,ES,Towers with Radar,16,46,92,18,172,1,0,16,1,18,17,46,108,19,190,28,28,56,246
04/03/2004,CHA,TN,ASO,ES,Towers with Radar,10,31,55,2,98,7,0,62,0,69,17,31,117,2,167,68,0,68,235
04/04/2004,CHA,TN,ASO,ES,Towers with Radar,11,39,61,6,117,1,4,13,0,18,12,43,74,6,135,29,8,37,172
04/05/2004,CHA,TN,ASO,ES,Towers with Radar,11,51,79,8,149,0,4,61,0,65,11,55,140,8,214,76,14,90,304
04/06/2004,CHA,TN,ASO,ES,Towers with Radar,15,55,90,18,178,0,0,68,10,78,15,55,158,28,256,50,58,108,364
04/07/2004,CHA,TN,ASO,ES,Towers with Radar,14,60,97,19,190,0,0,53,22,75,14,60,150,41,265,47,58,105,370
04/08/2004,CHA,TN,ASO,ES,Towers with Radar,14,53,82,2,151,0,1,49,0,50,14,54,131,2,201,13,0,13,214
04/09/2004,CHA,TN,ASO,ES,Towers with Radar,14,52,81,12,159,1,3,69,0,73,15,55,150,12,232,103,10,113,345
04/10/2004,CHA,TN,ASO,ES,Towers with Radar,9,33,56,0,98,0,0,37,0,37,9,33,93,0,135,66,0,66,201
04/11/2004,CHA,TN,ASO,ES,Towers with Radar,10,40,43,0,93,0,3,0,0,3,10,43,43,0,96,8,0,8,104
04/12/2004,CHA,TN,ASO,ES,Towers with Radar,12,43,66,2,123,0,7,8,0,15,12,50,74,2,138,4,0,4,142
04/13/2004,CHA,TN,ASO,ES,Towers with Radar,12,42,66,10,130,0,14,1,0,15,12,56,67,10,145,34,4,38,183
04/14/2004,CHA,TN,ASO,ES,Towers with Radar,12,59,94,20,185,0,0,31,2,33,12,59,125,22,218,12,12,24,242
04/15/2004,CHA,TN,ASO,ES,Towers with Radar,13,57,98,21,189,0,0,85,2,87,13,57,183,23,276,16,0,16,292
04/16/2004,CHA,TN,ASO,ES,Towers with Radar,14,53,82,12,161,2,2,54,0,58,16,55,136,12,219,56,8,64,283
04/17/2004,CHA,TN,ASO,ES,Towers with Radar,0,36,54,10,100,0,0,87,0,87,0,36,141,10,187,109,9,118,305
04/18/2004,CHA,TN,ASO,ES,Towers with Radar,11,45,67,9,132,1,0,56,0,57,12,45,123,9,189,45,4,49,238
04/19/2004,CHA,TN,ASO,ES,Towers with Radar,11,45,68,15,139,4,9,42,2,57,15,54,110,17,196,38,0,38,234
04/20/2004,CHA,TN,ASO,ES,Towers with Radar,12,45,71,14,142,0,0,50,13,63,12,45,121,27,205,26,0,26,231
04/21/2004,CHA,TN,ASO,ES,Towers with Radar,13,51,80,8,152,3,0,52,0,55,16,51,132,8,207,0,10,10,217
04/22/2004,CHA,TN,ASO,ES,Towers with Radar,14,56,84,5,159,2,2,46,0,50,16,58,130,5,209,41,3,44,253
04/23/2004,CHA,TN,ASO,ES,Towers with Radar,14,54,81,16,165,0,2,57,16,75,14,56,138,32,240,153,38,191,431
04/24/2004,CHA,TN,ASO,ES,Towers with Radar,10,32,63,0,105,1,0,71,0,72,11,32,134,0,177,89,0,89,266
04/25/2004,CHA,TN,ASO,ES,Towers with Radar,9,35,52,0,96,3,3,22,0,28,12,38,74,0,124,55,0,55,179
04/26/2004,CHA,TN,ASO,ES,Towers with Radar,12,46,79,16,153,0,0,26,38,64,12,46,105,54,217,38,34,72,289
04/27/2004,CHA,TN,ASO,ES,Towers with Radar,14,56,85,18,173,2,6,38,0,46,16,62,123,18,219,79,14,93,312
04/28/2004,CHA,TN,ASO,ES,Towers with Radar,15,62,94,19,190,0,12,64,22,98,15,74,158,41,288,72,21,93,381
04/29/2004,CHA,TN,ASO,ES,Towers with Radar,16,69,103,21,209,0,3,43,7,53,16,72,146,28,262,63,20,83,345
04/30/2004,CHA,TN,ASO,ES,Towers with Radar,16,58,85,19,178,2,0,0,50,52,18,58,85,69,230,68,72,140,370
05/01/2004,CHA,TN,ASO,ES,Towers with Radar,9,27,41,0,77,3,0,4,0,7,12,27,45,0,84,30,0,30,114
05/02/2004,CHA,TN,ASO,ES,Towers with Radar,13,30,58,2,103,2,0,23,0,25,15,30,81,2,128,8,0,8,136
05/03/2004,CHA,TN,ASO,ES,Towers with Radar,13,40,61,5,119,0,14,17,0,31,13,54,78,5,150,43,6,49,199
05/04/2004,CHA,TN,ASO,ES,Towers with Radar,17,58,91,26,192,0,0,66,9,75,17,58,157,35,267,77,64,141,408
05/05/2004,CHA,TN,ASO,ES,Towers with Radar,16,56,84,16,172,0,1,96,0,97,16,57,180,16,269,36,0,36,305
05/06/2004,CHA,TN,ASO,ES,Towers with Radar,15,47,71,16,149,1,9,75,0,85,16,56,146,16,234,68,0,68,302
05/07/2004,CHA,TN,ASO,ES,Towers with Radar,11,45,82,11,149,0,0,126,0,126,11,45,208,11,275,100,4,104,379
05/08/2004,CHA,TN,ASO,ES,Towers with Radar,12,32,63,7,114,0,0,71,0,71,12,32,134,7,185,63,14,77,262
05/09/2004,CHA,TN,ASO,ES,Towers with Radar,14,44,66,6,130,12,0,31,0,43,26,44,97,6,173,76,0,76,249
05/10/2004,CHA,TN,ASO,ES,Towers with Radar,13,40,61,6,120,6,11,32,0,49,19,51,93,6,169,99,0,99,268
05/11/2004,CHA,TN,ASO,ES,Towers with Radar,15,47,70,20,152,2,12,19,14,47,17,59,89,34,199,4,51,55,254
05/12/2004,CHA,TN,ASO,ES,Towers with Radar,15,65,88,31,199,0,0,0,49,49,15,65,88,80,248,80,88,168,416
05/13/2004,CHA,TN,ASO,ES,Towers with Radar,15,55,82,13,165,0,1,22,0,23,15,56,104,13,188,2,2,4,192
05/14/2004,CHA,TN,ASO,ES,Towers with Radar,16,53,82,25,176,0,0,7,12,19,16,53,89,37,195,22,15,37,232
05/15/2004,CHA,TN,ASO,ES,Towers with Radar,10,34,48,4,96,0,6,25,0,31,10,40,73,4,127,12,0,12,139
05/16/2004,CHA,TN,ASO,ES,Towers with Radar,13,39,54,4,110,1,2,0,0,3,14,41,54,4,113,16,0,16,129
05/17/2004,CHA,TN,ASO,ES,Towers with Radar,14,49,71,21,155,1,5,27,31,64,15,54,98,52,219,64,42,106,325
05/18/2004,CHA,TN,ASO,ES,Towers with Radar,14,49,72,18,153,1,14,16,0,31,15,63,88,18,184,12,0,12,196
05/19/2004,CHA,TN,ASO,ES,Towers with Radar,15,59,90,27,191,0,0,20,17,37,15,59,110,44,228,39,42,81,309
05/20/2004,CHA,TN,ASO,ES,Towers with Radar,14,59,100,30,203,0,0,46,17,63,14,59,146,47,266,44,39,83,349
05/21/2004,CHA,TN,ASO,ES,Towers with Radar,15,49,76,16,156,1,0,75,0,76,16,49,151,16,232,63,25,88,320
05/22/2004,CHA,TN,ASO,ES,Towers with Radar,9,32,46,3,90,2,4,31,0,37,11,36,77,3,127,32,0,32,159
05/23/2004,CHA,TN,ASO,ES,Towers with Radar,10,36,52,2,100,2,8,32,0,42,12,44,84,2,142,46,0,46,188
05/24/2004,CHA,TN,ASO,ES,Towers with Radar,15,57,82,24,178,0,2,36,28,66,15,59,118,52,244,74,66,140,384
05/25/2004,CHA,TN,ASO,ES,Towers with Radar,16,52,110,33,211,0,0,21,88,109,16,52,131,121,320,35,95,130,450
05/26/2004,CHA,TN,ASO,ES,Towers with Radar,17,51,83,25,176,1,0,52,15,68,18,51,135,40,244,36,23,59,303
05/27/2004,CHA,TN,ASO,ES,Towers with Radar,16,57,93,28,194,0,0,59,2,61,16,57,152,30,255,34,11,45,300
05/28/2004,CHA,TN,ASO,ES,Towers with Radar,14,46,67,7,134,3,1,28,0,32,17,47,95,7,166,43,0,43,209
05/29/2004,CHA,TN,ASO,ES,Towers with Radar,10,31,51,0,92,1,0,12,0,13,11,31,63,0,105,48,0,48,153
05/30/2004,CHA,TN,ASO,ES,Towers with Radar,8,28,41,0,77,5,3,18,0,26,13,31,59,0,103,13,0,13,116
05/31/2004,CHA,TN,ASO,ES,Towers with Radar,10,35,51,4,100,0,4,0,0,4,10,39,51,4,104,12,16,28,132
06/01/2004,CHA,TN,ASO,ES,Towers with Radar,15,47,84,23,169,0,0,27,18,45,15,47,111,41,214,40,30,70,284
06/02/2004,CHA,TN,ASO,ES,Towers with Radar,18,51,97,26,192,0,0,50,16,66,18,51,147,42,258,41,66,107,365
06/03/2004,CHA,TN,ASO,ES,Towers with Radar,23,60,110,30,223,14,0,41,6,61,37,60,151,36,284,67,40,107,391
06/04/2004,CHA,TN,ASO,ES,Towers with Radar,14,51,100,27,192,0,0,54,5,59,14,51,154,32,251,57,40,97,348
06/05/2004,CHA,TN,ASO,ES,Towers with Radar,10,30,48,2,90,0,3,42,0,45,10,33,90,2,135,65,0,65,200
06/06/2004,CHA,TN,ASO,ES,Towers with Radar,11,33,52,0,96,2,5,19,0,26,13,38,71,0,122,38,0,38,160
06/07/2004,CHA,TN,ASO,ES,Towers with Radar,13,40,60,9,122,6,11,0,0,17,19,51,60,9,139,23,0,23,162
06/08/2004,CHA,TN,ASO,ES,Towers with Radar,19,55,114,32,220,0,0,35,43,78,19,55,149,75,298,71,20,91,389
06/09/2004,CHA,TN,ASO,ES,Towers with Radar,16,57,90,26,189,0,6,1,35,42,16,63,91,61,231,14,69,83,314
06/10/2004,CHA,TN,ASO,ES,Towers with Radar,17,52,81,23,173,6,4,33,9,52,23,56,114,32,225,30,30,60,285
06/11/2004,CHA,TN,ASO,ES,Towers with Radar,15,44,71,1,131,3,4,23,0,30,18,48,94,1,161,42,0,42,203
06/12/2004,CHA,TN,ASO,ES,Towers with Radar,11,30,51,0,92,4,0,45,0,49,15,30,96,0,141,49,0,49,190
06/13/2004,CHA,TN,ASO,ES,Towers with Radar,14,43,70,1,128,0,0,14,0,14,14,43,84,1,142,29,0,29,171
06/14/2004,CHA,TN,ASO,ES,Towers with Radar,18,49,87,25,179,1,0,32,12,45,19,49,119,37,224,64,4,68,292
06/15/2004,CHA,TN,ASO,ES,Towers with Radar,18,54,85,24,181,0,0,17,7,24,18,54,102,31,205,10,16,26,231
06/16/2004,CHA,TN,ASO,ES,Towers with Radar,18,62,94,27,201,0,0,15,19,34,18,62,109,46,235,12,8,20,255
06/17/2004,CHA,TN,ASO,ES,Towers with Radar,14,54,86,25,179,0,0,46,13,59,14,54,132,38,238,48,52,100,338
06/18/2004,CHA,TN,ASO,ES,Towers with Radar,14,51,89,25,179,0,0,22,0,22,14,51,111,25,201,5,16,21,222
06/19/2004,CHA,TN,ASO,ES,Towers with Radar,0,32,49,1,82,0,1,54,0,55,0,33,103,1,137,87,0,87,224
06/20/2004,CHA,TN,ASO,ES,Towers with Radar,11,37,56,13,117,0,4,42,0,46,11,41,98,13,163,18,5,23,186
06/21/2004,CHA,TN,ASO,ES,Towers with Radar,18,58,85,25,186,3,7,0,12,22,21,65,85,37,208,45,10,55,263
06/22/2004,CHA,TN,ASO,ES,Towers with Radar,14,54,83,23,174,0,3,19,23,45,14,57,102,46,219,11,32,43,262
06/23/2004,CHA,TN,ASO,ES,Towers with Radar,13,48,66,15,142,0,24,0,0,24,13,72,66,15,166,0,2,2,168
06/24/2004,CHA,TN,ASO,ES,Towers with Radar,16,51,90,26,183,0,0,31,2,33,16,51,121,28,216,36,27,63,279
06/25/2004,CHA,TN,ASO,ES,Towers with Radar,13,44,67,0,124,4,5,8,0,17,17,49,75,0,141,0,0,0,141
06/26/2004,CHA,TN,ASO,ES,Towers with Radar,11,34,62,5,112,0,0,38,0,38,11,34,100,5,150,110,0,110,260
06/27/2004,CHA,TN,ASO,ES,Towers with Radar,13,44,66,0,123,6,6,6,0,18,19,50,72,0,141,55,0,55,196
06/28/2004,CHA,TN,ASO,ES,Towers with Radar,12,41,63,4,120,2,8,22,0,32,14,49,85,4,152,11,0,11,163
06/29/2004,CHA,TN,ASO,ES,Towers with Radar,16,61,94,22,193,0,2,54,0,56,16,63,148,22,249,88,12,100,349
06/30/2004,CHA,TN,ASO,ES,Towers with Radar,15,52,80,3,150,0,11,10,0,21,15,63,90,3,171,0,0,0,171
07/01/2004,CHA,TN,ASO,ES,Towers with Radar,15,50,77,8,150,2,3,9,0,14,17,53,86,8,164,0,0,0,164
07/02/2004,CHA,TN,ASO,ES,Towers with Radar,16,45,84,12,157,0,0,25,0,25,16,45,109,12,182,68,6,74,256
07/03/2004,CHA,TN,ASO,ES,Towers with Radar,9,32,49,1,91,3,1,29,0,33,12,33,78,1,124,88,0,88,212
07/04/2004,CHA,TN,ASO,ES,Towers with Radar,7,23,37,0,67,5,9,11,0,25,12,32,48,0,92,62,0,62,154
07/05/2004,CHA,TN,ASO,ES,Towers with Radar,12,40,76,0,128,0,0,40,0,40,12,40,116,0,168,69,0,69,237
07/06/2004,CHA,TN,ASO,ES,Towers with Radar,14,49,77,15,155,0,0,19,27,46,14,49,96,42,201,36,20,56,257
07/07/2004,CHA,TN,ASO,ES,Towers with Radar,14,49,76,5,144,7,8,47,0,62,21,57,123,5,206,92,50,142,348
07/08/2004,CHA,TN,ASO,ES,Towers with Radar,14,56,86,17,173,0,0,54,19,73,14,56,140,36,246,52,0,52,298
07/09/2004,CHA,TN,ASO,ES,Towers with Radar,18,43,97,19,177,0,0,78,33,111,18,43,175,52,288,57,34,91,379
07/10/2004,CHA,TN,ASO,ES,Towers with Radar,8,32,50,0,90,0,4,40,0,44,8,36,90,0,134,64,0,64,198
07/11/2004,CHA,TN,ASO,ES,Towers with Radar,9,39,68,11,127,0,0,50,0,50,9,39,118,11,177,42,0,42,219
07/12/2004,CHA,TN,ASO,ES,Towers with Radar,12,45,70,9,136,0,10,25,0,35,12,55,95,9,171,39,4,43,214
07/13/2004,CHA,TN,ASO,ES,Towers with Radar,16,52,80,10,158,0,7,46,0,53,16,59,126,10,211,57,6,63,274
07/14/2004,CHA,TN,ASO,ES,Towers with Radar,14,47,74,6,141,2,7,45,0,54,16,54,119,6,195,21,0,21,216
07/15/2004,CHA,TN,ASO,ES,Towers with Radar,15,53,83,4,155,0,19,118,0,137,15,72,201,4,292,78,0,78,370
07/16/2004,CHA,TN,ASO,ES,Towers with Radar,16,57,95,17,185,0,0,42,25,67,16,57,137,42,252,81,64,145,397
07/17/2004,CHA,TN,ASO,ES,Towers with Radar,8,25,44,8,85,2,0,11,0,13,10,25,55,8,98,52,0,52,150
07/18/2004,CHA,TN,ASO,ES,Towers with Radar,11,38,57,0,106,1,0,20,0,21,12,38,77,0,127,32,0,32,159
07/19/2004,CHA,TN,ASO,ES,Towers with Radar,14,55,83,15,167,0,1,65,13,79,14,56,148,28,246,62,6,68,314
07/20/2004,CHA,TN,ASO,ES,Towers with Radar,13,46,70,7,136,3,19,49,0,71,16,65,119,7,207,46,2,48,255
07/21/2004,CHA,TN,ASO,ES,Towers with Radar,17,56,84,16,173,0,10,59,5,74,17,66,143,21,247,93,18,111,358
07/22/2004,CHA,TN,ASO,ES,Towers with Radar,15,59,88,16,178,0,6,18,1,25,15,65,106,17,203,38,22,60,263
07/23/2004,CHA,TN,ASO,ES,Towers with Radar,15,53,80,15,163,1,3,36,0,40,16,56,116,15,203,63,9,72,275
07/24/2004,CHA,TN,ASO,ES,Towers with Radar,10,35,54,0,99,0,0,57,0,57,10,35,111,0,156,72,0,72,228
07/25/2004,CHA,TN,ASO,ES,Towers with Radar,11,36,49,0,96,5,0,0,0,5,16,36,49,0,101,15,0,15,116
07/26/2004,CHA,TN,ASO,ES,Towers with Radar,13,55,83,7,158,0,0,15,0,15,13,55,98,7,173,13,7,20,193
07/27/2004,CHA,TN,ASO,ES,Towers with Radar,18,60,104,17,199,0,0,20,0,20,18,60,124,17,219,14,34,48,267
07/28/2004,CHA,TN,ASO,ES,Towers with Radar,16,57,95,17,185,0,0,27,42,69,16,57,122,59,254,36,64,100,354
07/29/2004,CHA,TN,ASO,ES,Towers with Radar,15,66,108,20,209,0,0,36,27,63,15,66,144,47,272,67,52,119,391
07/30/2004,CHA,TN,ASO,ES,Towers with Radar,16,58,99,18,191,0,0,20,10,30,16,58,119,28,221,53,23,76,297
07/31/2004,CHA,TN,ASO,ES,Towers with Radar,9,31,51,0,91,1,0,18,0,19,10,31,69,0,110,35,0,35,145
08/01/2004,CHA,TN,ASO,ES,Towers with Radar,12,39,72,21,144,0,0,47,0,47,12,39,119,21,191,56,6,62,253
08/02/2004,CHA,TN,ASO,ES,Towers with Radar,10,52,77,33,172,0,5,23,17,45,10,57,100,50,217,29,99,128,345
08/03/2004,CHA,TN,ASO,ES,Towers with Radar,16,63,107,46,232,0,0,58,47,105,16,63,165,93,337,97,120,217,554
08/04/2004,CHA,TN,ASO,ES,Towers with Radar,17,52,91,39,199,0,0,34,24,58,17,52,125,63,257,22,16,38,295
08/05/2004,CHA,TN,ASO,ES,Towers with Radar,17,60,88,38,203,1,7,6,2,16,18,67,94,40,219,28,38,66,285
08/06/2004,CHA,TN,ASO,ES,Towers with Radar,16,51,82,34,183,0,0,53,12,65,16,51,135,46,248,66,50,116,364
08/07/2004,CHA,TN,ASO,ES,Towers with Radar,9,27,46,3,85,1,0,73,0,74,10,27,119,3,159,81,0,81,240
08/08/2004,CHA,TN,ASO,ES,Towers with Radar,12,37,61,2,112,2,0,76,0,78,14,37,137,2,190,90,0,90,280
08/09/2004,CHA,TN,ASO,ES,Towers with Radar,14,58,86,38,196,0,4,27,20,51,14,62,113,58,247,68,54,122,369
08/10/2004,CHA,TN,ASO,ES,Towers with Radar,13,62,92,40,207,0,4,43,29,76,13,66,135,69,283,81,92,173,456
08/11/2004,CHA,TN,ASO,ES,Towers with Radar,16,54,80,35,185,0,8,9,11,28,16,62,89,46,213,31,12,43,256
08/12/2004,CHA,TN,ASO,ES,Towers with Radar,15,54,80,33,182,3,6,11,0,20,18,60,91,33,202,26,26,52,254
08/13/2004,CHA,TN,ASO,ES,Towers with Radar,16,48,95,39,198,0,0,84,0,84,16,48,179,39,282,61,65,126,408
08/14/2004,CHA,TN,ASO,ES,Towers with Radar,10,34,50,7,101,1,4,35,0,40,11,38,85,7,141,111,0,111,252
08/15/2004,CHA,TN,ASO,ES,Towers with Radar,10,34,51,12,107,2,4,17,0,23,12,38,68,12,130,51,9,60,190
08/16/2004,CHA,TN,ASO,ES,Towers with Radar,13,49,70,32,164,1,5,70,7,83,14,54,140,39,247,76,63,139,386
08/17/2004,CHA,TN,ASO,ES,Towers with Radar,15,58,83,37,193,1,2,51,14,68,16,60,134,51,261,28,34,62,323
08/18/2004,CHA,TN,ASO,ES,Towers with Radar,16,61,88,39,204,0,8,50,10,68,16,69,138,49,272,54,56,110,382
08/19/2004,CHA,TN,ASO,ES,Towers with Radar,18,58,96,43,215,0,0,45,23,68,18,58,141,66,283,30,66,96,379
08/20/2004,CHA,TN,ASO,ES,Towers with Radar,12,48,68,11,139,2,5,22,0,29,14,53,90,11,168,14,0,14,182
08/21/2004,CHA,TN,ASO,ES,Towers with Radar,7,28,39,2,76,3,3,0,0,6,10,31,39,2,82,8,0,8,90
08/22/2004,CHA,TN,ASO,ES,Towers with Radar,12,46,66,3,127,0,0,27,0,27,12,46,93,3,154,40,0,40,194
08/23/2004,CHA,TN,ASO,ES,Towers with Radar,13,55,89,40,197,0,0,5,36,41,13,55,94,76,238,34,22,56,294
08/24/2004,CHA,TN,ASO,ES,Towers with Radar,12,61,94,41,208,0,0,20,25,45,12,61,114,66,253,14,48,62,315
08/25/2004,CHA,TN,ASO,ES,Towers with Radar,16,60,86,39,201,0,8,4,23,35,16,68,90,62,236,14,57,71,307
08/26/2004,CHA,TN,ASO,ES,Towers with Radar,14,57,81,20,172,0,1,83,0,84,14,58,164,20,256,42,0,42,298
08/27/2004,CHA,TN,ASO,ES,Towers with Radar,13,46,74,6,139,2,0,57,0,59,15,46,131,6,198,63,0,63,261
08/28/2004,CHA,TN,ASO,ES,Towers with Radar,7,27,41,0,75,3,0,43,0,46,10,27,84,0,121,39,2,41,162
08/29/2004,CHA,TN,ASO,ES,Towers with Radar,10,40,57,10,117,1,3,25,0,29,11,43,82,10,146,15,0,15,161
08/30/2004,CHA,TN,ASO,ES,Towers with Radar,12,45,64,27,148,5,13,29,0,47,17,58,93,27,195,88,34,122,317
08/31/2004,CHA,TN,ASO,ES,Towers with Radar,14,54,77,18,163,2,7,39,0,48,16,61,116,18,211,26,18,44,255
09/01/2004,CHA,TN,ASO,ES,Towers with Radar,14,53,96,16,179,0,0,35,29,64,14,53,131,45,243,43,34,77,320
09/02/2004,CHA,TN,ASO,ES,Towers with Radar,19,45,93,13,170,3,0,21,0,24,22,45,114,13,194,20,4,24,218
09/03/2004,CHA,TN,ASO,ES,Towers with Radar,12,63,109,19,203,0,0,3,43,46,12,63,112,62,249,97,93,190,439
09/04/2004,CHA,TN,ASO,ES,Towers with Radar,8,23,42,0,73,1,0,17,0,18,9,23,59,0,91,22,0,22,113
09/05/2004,CHA,TN,ASO,ES,Towers with Radar,10,28,51,7,96,2,0,38,0,40,12,28,89,7,136,62,6,68,204
09/06/2004,CHA,TN,ASO,ES,Towers with Radar,10,32,52,9,103,6,8,4,15,33,16,40,56,24,136,18,0,18,154
09/07/2004,CHA,TN,ASO,ES,Towers with Radar,8,28,32,2,70,5,29,0,0,34,13,57,32,2,104,0,0,0,104
09/08/2004,CHA,TN,ASO,ES,Towers with Radar,16,49,79,13,157,6,10,3,0,19,22,59,82,13,176,2,0,2,178
09/09/2004,CHA,TN,ASO,ES,Towers with Radar,16,56,99,18,189,0,0,50,7,57,16,56,149,25,246,34,32,66,312
09/10/2004,CHA,TN,ASO,ES,Towers with Radar,18,44,102,18,182,0,0,61,28,89,18,44,163,46,271,74,100,174,445
09/11/2004,CHA,TN,ASO,ES,Towers with Radar,9,27,44,0,80,0,0,51,0,51,9,27,95,0,131,52,0,52,183
09/12/2004,CHA,TN,ASO,ES,Towers with Radar,12,37,64,0,113,0,0,38,0,38,12,37,102,0,151,43,1,44,195
09/13/2004,CHA,TN,ASO,ES,Towers with Radar,15,54,87,16,172,0,5,18,19,42,15,59,105,35,214,76,16,92,306
09/14/2004,CHA,TN,ASO,ES,Towers with Radar,16,50,78,10,154,0,1,28,0,29,16,51,106,10,183,11,4,15,198
09/15/2004,CHA,TN,ASO,ES,Towers with Radar,13,51,85,15,164,0,0,52,2,54,13,51,137,17,218,6,0,6,224
09/16/2004,CHA,TN,ASO,ES,Towers with Radar,7,22,35,0,64,7,21,11,0,39,14,43,46,0,103,0,0,0,103
09/17/2004,CHA,TN,ASO,ES,Towers with Radar,6,22,16,1,45,6,22,0,0,28,12,44,16,1,73,12,0,12,85
09/18/2004,CHA,TN,ASO,ES,Towers with Radar,8,26,40,5,79,2,2,66,0,70,10,28,106,5,149,135,2,137,286
09/19/2004,CHA,TN,ASO,ES,Towers with Radar,10,33,51,3,97,2,3,64,0,69,12,36,115,3,166,48,0,48,214
09/20/2004,CHA,TN,ASO,ES,Towers with Radar,13,44,69,8,134,1,19,58,0,78,14,63,127,8,212,78,14,92,304
09/21/2004,CHA,TN,ASO,ES,Towers with Radar,16,55,89,12,172,0,0,85,0,85,16,55,174,12,257,137,0,137,394
09/22/2004,CHA,TN,ASO,ES,Towers with Radar,15,56,94,5,170,0,0,120,0,120,15,56,214,5,290,46,0,46,336
09/23/2004,CHA,TN,ASO,ES,Towers with Radar,14,64,100,17,195,0,4,82,5,91,14,68,182,22,286,72,16,88,374
09/24/2004,CHA,TN,ASO,ES,Towers with Radar,15,53,84,6,158,0,0,60,0,60,15,53,144,6,218,19,14,33,251
09/25/2004,CHA,TN,ASO,ES,Towers with Radar,10,26,52,2,90,3,0,63,0,66,13,26,115,2,156,20,0,20,176
09/26/2004,CHA,TN,ASO,ES,Towers with Radar,12,35,90,7,144,0,0,112,0,112,12,35,202,7,256,25,2,27,283
09/27/2004,CHA,TN,ASO,ES,Towers with Radar,17,55,86,7,165,14,3,33,0,50,31,58,119,7,215,34,11,45,260
09/28/2004,CHA,TN,ASO,ES,Towers with Radar,16,50,80,10,156,2,0,39,0,41,18,50,119,10,197,21,6,27,224
09/29/2004,CHA,TN,ASO,ES,Towers with Radar,18,58,97,11,184,0,0,71,0,71,18,58,168,11,255,59,20,79,334
09/30/2004,CHA,TN,ASO,ES,Towers with Radar,14,62,111,19,206,0,0,56,13,69,14,62,167,32,275,97,0,97,372
10/01/2004,CHA,TN,ASO,ES,Towers with Radar,13,62,97,16,188,0,1,42,2,45,13,63,139,18,233,64,20,84,317
10/02/2004,CHA,TN,ASO,ES,Towers with Radar,7,27,56,2,92,0,0,36,2,38,7,27,92,4,130,44,0,44,174
10/03/2004,CHA,TN,ASO,ES,Towers with Radar,11,45,64,0,120,0,0,59,0,59,11,45,123,0,179,28,0,28,207
10/04/2004,CHA,TN,ASO,ES,Towers with Radar,11,62,67,24,164,0,1,39,0,40,11,63,106,24,204,88,30,118,322
10/05/2004,CHA,TN,ASO,ES,Towers with Radar,17,53,90,28,188,0,0,35,0,35,17,53,125,28,223,58,34,92,315
10/06/2004,CHA,TN,ASO,ES,Towers with Radar,13,61,109,56,239,0,0,43,1,44,13,61,152,57,283,92,58,150,433
10/07/2004,CHA,TN,ASO,ES,Towers with Radar,15,64,127,88,294,0,0,20,0,20,15,64,147,88,314,35,47,82,396
10/08/2004,CHA,TN,ASO,ES,Towers with Radar,13,45,108,34,200,0,0,43,2,45,13,45,151,36,245,79,42,121,366
10/09/2004,CHA,TN,ASO,ES,Towers with Radar,10,33,49,0,92,0,0,3,0,3,10,33,52,0,95,3,0,3,98
10/10/2004,CHA,TN,ASO,ES,Towers with Radar,12,40,55,0,107,0,0,14,0,14,12,40,69,0,121,19,0,19,140
10/11/2004,CHA,TN,ASO,ES,Towers with Radar,14,55,91,0,160,0,1,22,0,23,14,56,113,0,183,40,0,40,223
10/12/2004,CHA,TN,ASO,ES,Towers with Radar,12,53,83,1,149,0,0,2,0,2,12,53,85,1,151,26,0,26,177
10/13/2004,CHA,TN,ASO,ES,Towers with Radar,27,54,107,44,232,0,2,17,1,20,27,56,124,45,252,30,44,74,326
10/14/2004,CHA,TN,ASO,ES,Towers with Radar,18,69,139,57,283,0,1,49,0,50,18,70,188,57,333,73,58,131,464
10/15/2004,CHA,TN,ASO,ES,Towers with Radar,10,54,94,38,196,0,0,38,2,40,10,54,132,40,236,44,39,83,319
10/16/2004,CHA,TN,ASO,ES,Towers with Radar,11,31,64,0,106,0,0,40,2,42,11,31,104,2,148,31,0,31,179
10/17/2004,CHA,TN,ASO,ES,Towers with Radar,13,33,91,3,140,0,2,63,2,67,13,35,154,5,207,59,0,59,266
10/18/2004,CHA,TN,ASO,ES,Towers with Radar,11,56,50,15,132,0,0,10,3,13,11,56,60,18,145,42,58,100,245
10/19/2004,CHA,TN,ASO,ES,Towers with Radar,13,61,53,2,129,0,0,0,0,0,13,61,53,2,129,0,0,0,129
10/20/2004,CHA,TN,ASO,ES,Towers with Radar,14,58,117,67,256,0,0,16,0,16,14,58,133,67,272,17,36,53,325
10/21/2004,CHA,TN,ASO,ES,Towers with Radar,11,72,94,47,224,0,0,22,2,24,11,72,116,49,248,48,68,116,364
10/22/2004,CHA,TN,ASO,ES,Towers with Radar,12,56,83,55,206,0,0,20,1,21,12,56,103,56,227,25,68,93,320
10/23/2004,CHA,TN,ASO,ES,Towers with Radar,9,32,42,0,83,0,0,13,0,13,9,32,55,0,96,65,0,65,161
10/24/2004,CHA,TN,ASO,ES,Towers with Radar,18,42,69,2,131,0,0,41,0,41,18,42,110,2,172,34,0,34,206
10/25/2004,CHA,TN,ASO,ES,Towers with Radar,11,57,74,82,224,0,0,58,7,65,11,57,132,89,289,50,50,100,389
10/26/2004,CHA,TN,ASO,ES,Towers with Radar,16,58,87,62,223,0,0,56,7,63,16,58,143,69,286,27,74,101,387
10/27/2004,CHA,TN,ASO,ES,Towers with Radar,16,62,122,25,225,0,0,71,0,71,16,62,193,25,296,59,19,78,374
10/28/2004,CHA,TN,ASO,ES,Towers with Radar,16,55,106,31,208,0,0,18,0,18,16,55,124,31,226,36,48,84,310
10/29/2004,CHA,TN,ASO,ES,Towers with Radar,22,54,113,29,218,0,0,15,0,15,22,54,128,29,233,53,19,72,305
10/30/2004,CHA,TN,ASO,ES,Towers with Radar,10,31,44,0,85,0,8,17,0,25,10,39,61,0,110,79,0,79,189
10/31/2004,CHA,TN,ASO,ES,Towers with Radar,16,35,87,0,138,0,0,25,0,25,16,35,112,0,163,30,0,30,193
11/01/2004,CHA,TN,ASO,ES,Combined TRACON& Tower with Radar,14,50,88,35,187,0,0,26,2,28,14,50,114,37,215,25,54,79,294
11/02/2004,CHA,TN,ASO,ES,Combined TRACON& Tower with Radar,15,56,52,50,173,0,0,6,0,6,15,56,58,50,179,4,36,40,219
11/03/2004,CHA,TN,ASO,ES,Combined TRACON& Tower with Radar,16,64,65,0,145,0,0,0,0,0,16,64,65,0,145,0,0,0,145
11/04/2004,CHA,TN,ASO,ES,Combined TRACON& Tower with Radar,15,64,90,67,236,0,0,26,1,27,15,64,116,68,263,29,80,109,372
11/05/2004,CHA,TN,ASO,ES,Combined TRACON& Tower with Radar,16,66,110,23,215,0,0,50,3,53,16,66,160,26,268,59,38,97,365
11/06/2004,CHA,TN,ASO,ES,Combined TRACON& Tower with Radar,13,39,61,21,134,0,0,73,1,74,13,39,134,22,208,81,66,147,355
11/07/2004,CHA,TN,ASO,ES,Combined TRACON& Tower with Radar,11,37,68,24,140,0,0,74,0,74,11,37,142,24,214,66,1,67,281
11/08/2004,CHA,TN,ASO,ES,Combined TRACON& Tower with Radar,16,52,81,26,175,0,0,43,1,44,16,52,124,27,219,46,22,68,287
11/09/2004,CHA,TN,ASO,ES,Combined TRACON& Tower with Radar,15,49,75,54,193,0,0,68,2,70,15,49,143,56,263,50,43,93,356
11/10/2004,CHA,TN,ASO,ES,Combined TRACON& Tower with Radar,23,45,103,42,213,0,0,78,3,81,23,45,181,45,294,73,89,162,456
11/11/2004,CHA,TN,ASO,ES,Combined TRACON& Tower with Radar,17,52,104,0,173,0,0,6,0,6,17,52,110,0,179,0,0,0,179
11/12/2004,CHA,TN,ASO,ES,Combined TRACON& Tower with Radar,19,59,105,24,207,0,0,6,0,6,19,59,111,24,213,0,0,0,213
11/13/2004,CHA,TN,ASO,ES,Combined TRACON& Tower with Radar,10,36,46,0,92,0,0,24,0,24,10,36,70,0,116,12,0,12,128
11/14/2004,CHA,TN,ASO,ES,Combined TRACON& Tower with Radar,10,45,64,9,128,0,1,53,0,54,10,46,117,9,182,71,6,77,259
11/15/2004,CHA,TN,ASO,ES,Combined TRACON& Tower with Radar,14,48,67,13,142,0,0,64,2,66,14,48,131,15,208,57,10,67,275
11/16/2004,CHA,TN,ASO,ES,Combined TRACON& Tower with Radar,16,63,68,29,176,0,1,55,7,63,16,64,123,36,239,32,54,86,325
11/17/2004,CHA,TN,ASO,ES,Combined TRACON& Tower with Radar,17,55,102,56,230,0,0,43,10,53,17,55,145,66,283,58,59,117,400
11/18/2004,CHA,TN,ASO,ES,Combined TRACON& Tower with Radar,16,63,112,60,251,0,0,62,5,67,16,63,174,65,318,34,69,103,421
11/19/2004,CHA,TN,ASO,ES,Combined TRACON& Tower with Radar,16,42,83,19,160,0,0,4,0,4,16,42,87,19,164,10,6,16,180
11/20/2004,CHA,TN,ASO,ES,Combined TRACON& Tower with Radar,10,33,48,1,92,0,0,16,0,16,10,33,64,1,108,51,0,51,159
11/21/2004,CHA,TN,ASO,ES,Combined TRACON& Tower with Radar,12,41,58,21,132,0,0,13,0,13,12,41,71,21,145,15,4,19,164
11/22/2004,CHA,TN,ASO,ES,Combined TRACON& Tower with Radar,9,54,57,19,139,0,0,0,0,0,9,54,57,19,139,2,10,12,151
11/23/2004,CHA,TN,ASO,ES,Combined TRACON& Tower with Radar,12,50,54,2,118,0,0,4,0,4,12,50,58,2,122,0,0,0,122
11/24/2004,CHA,TN,ASO,ES,Combined TRACON& Tower with Radar,16,56,56,0,128,0,0,23,0,23,16,56,79,0,151,42,0,42,193
11/25/2004,CHA,TN,ASO,ES,Combined TRACON& Tower with Radar,9,26,21,0,56,0,0,23,0,23,9,26,44,0,79,39,0,39,118
11/26/2004,CHA,TN,ASO,ES,Combined TRACON& Tower with Radar,16,36,50,0,102,0,0,64,0,64,16,36,114,0,166,71,0,71,237
11/27/2004,CHA,TN,ASO,ES,Combined TRACON& Tower with Radar,10,31,35,0,76,0,0,8,0,8,10,31,43,0,84,11,0,11,95
11/28/2004,CHA,TN,ASO,ES,Combined TRACON& Tower with Radar,12,42,76,2,132,0,0,44,0,44,12,42,120,2,176,47,0,47,223
11/29/2004,CHA,TN,ASO,ES,Combined TRACON& Tower with Radar,13,53,76,5,147,4,8,65,1,78,17,61,141,6,225,28,6,34,259
11/30/2004,CHA,TN,ASO,ES,Combined TRACON& Tower with Radar,13,59,66,23,161,0,0,3,0,3,13,59,69,23,164,4,6,10,174
12/01/2004,CHA,TN,ASO,ES,Combined TRACON& Tower with Radar,27,45,97,10,179,0,0,42,1,43,27,45,139,11,222,72,0,72,294
12/02/2004,CHA,TN,ASO,ES,Combined TRACON& Tower with Radar,16,63,105,3,187,0,0,49,3,52,16,63,154,6,239,22,0,22,261
12/03/2004,CHA,TN,ASO,ES,Combined TRACON& Tower with Radar,13,55,64,22,154,0,1,58,4,63,13,56,122,26,217,87,32,119,336
12/04/2004,CHA,TN,ASO,ES,Combined TRACON& Tower with Radar,10,27,30,0,67,0,2,54,0,56,10,29,84,0,123,56,0,56,179
12/05/2004,CHA,TN,ASO,ES,Combined TRACON& Tower with Radar,12,39,53,1,105,0,0,29,0,29,12,39,82,1,134,39,0,39,173
12/06/2004,CHA,TN,ASO,ES,Combined TRACON& Tower with Radar,13,53,47,0,113,0,0,0,0,0,13,53,47,0,113,5,0,5,118
12/07/2004,CHA,TN,ASO,ES,Combined TRACON& Tower with Radar,18,47,59,9,133,0,1,11,0,12,18,48,70,9,145,7,28,35,180
12/08/2004,CHA,TN,ASO,ES,Combined TRACON& Tower with Radar,18,51,104,27,200,0,1,78,4,83,18,52,182,31,283,32,42,74,357
12/09/2004,CHA,TN,ASO,ES,Combined TRACON& Tower with Radar,8,58,57,3,126,0,0,0,0,0,8,58,57,3,126,0,0,0,126
12/10/2004,CHA,TN,ASO,ES,Combined TRACON& Tower with Radar,19,46,65,0,130,0,0,7,0,7,19,46,72,0,137,15,0,15,152
12/11/2004,CHA,TN,ASO,ES,Combined TRACON& Tower with Radar,16,28,29,0,73,0,0,9,0,9,16,28,38,0,82,5,0,5,87
12/12/2004,CHA,TN,ASO,ES,Combined TRACON& Tower with Radar,14,43,33,3,93,0,0,33,3,36,14,43,66,6,129,29,6,35,164
12/13/2004,CHA,TN,ASO,ES,Combined TRACON& Tower with Radar,11,47,71,9,138,0,0,44,4,48,11,47,115,13,186,8,30,38,224
12/14/2004,CHA,TN,ASO,ES,Combined TRACON& Tower with Radar,27,50,64,40,181,0,0,29,1,30,27,50,93,41,211,30,39,69,280
12/15/2004,CHA,TN,ASO,ES,Combined TRACON& Tower with Radar,16,54,91,37,198,0,1,56,12,69,16,55,147,49,267,22,16,38,305
12/16/2004,CHA,TN,ASO,ES,Combined TRACON& Tower with Radar,22,68,86,59,235,0,1,59,9,69,22,69,145,68,304,41,46,87,391
12/17/2004,CHA,TN,ASO,ES,Combined TRACON& Tower with Radar,16,61,85,14,176,0,0,54,7,61,16,61,139,21,237,82,12,94,331
12/18/2004,CHA,TN,ASO,ES,Combined TRACON& Tower with Radar,26,31,35,0,92,0,0,70,1,71,26,31,105,1,163,33,0,33,196
12/19/2004,CHA,TN,ASO,ES,Combined TRACON& Tower with Radar,15,39,45,0,99,0,0,2,0,2,15,39,47,0,101,18,0,18,119
12/20/2004,CHA,TN,ASO,ES,Combined TRACON& Tower with Radar,14,54,44,35,147,0,1,36,5,42,14,55,80,40,189,23,0,23,212
12/21/2004,CHA,TN,ASO,ES,Combined TRACON& Tower with Radar,22,51,60,60,193,0,0,38,2,40,22,51,98,62,233,71,40,111,344
12/22/2004,CHA,TN,ASO,ES,Combined TRACON& Tower with Radar,17,42,49,40,148,0,0,7,0,7,17,42,56,40,155,13,34,47,202
12/23/2004,CHA,TN,ASO,ES,Combined TRACON& Tower with Radar,12,37,60,20,129,0,0,2,0,2,12,37,62,20,131,0,40,40,171
12/24/2004,CHA,TN,ASO,ES,Combined TRACON& Tower with Radar,11,29,22,0,62,0,1,8,0,9,11,30,30,0,71,7,0,7,78
12/25/2004,CHA,TN,ASO,ES,Combined TRACON& Tower with Radar,12,20,16,0,48,0,0,7,0,7,12,20,23,0,55,9,0,9,64
12/26/2004,CHA,TN,ASO,ES,Combined TRACON& Tower with Radar,10,25,84,0,119,0,1,34,0,35,10,26,118,0,154,28,0,28,182
12/27/2004,CHA,TN,ASO,ES,Combined TRACON& Tower with Radar,18,47,64,20,149,0,0,36,0,36,18,47,100,20,185,28,0,28,213
12/28/2004,CHA,TN,ASO,ES,Combined TRACON& Tower with Radar,14,46,39,20,119,0,0,30,0,30,14,46,69,20,149,32,28,60,209
12/29/2004,CHA,TN,ASO,ES,Combined TRACON& Tower with Radar,16,49,52,29,146,0,0,50,1,51,16,49,102,30,197,14,32,46,243
12/30/2004,CHA,TN,ASO,ES,Combined TRACON& Tower with Radar,17,47,52,27,143,0,0,38,0,38,17,47,90,27,181,21,32,53,234
12/31/2004,CHA,TN,ASO,ES,Combined TRACON& Tower with Radar,13,38,57,0,108,0,0,36,0,36,13,38,93,0,144,54,0,54,198
01/01/2005,CHA,TN,ASO,ES,Combined TRACON& Tower with Radar,12,25,26,0,63,0,0,27,0,27,12,25,53,0,90,29,0,29,119
01/02/2005,CHA,TN,ASO,ES,Combined TRACON& Tower with Radar,11,38,78,0,127,0,0,28,0,28,11,38,106,0,155,24,0,24,179
01/03/2005,CHA,TN,ASO,ES,Combined TRACON& Tower with Radar,14,50,51,9,124,0,0,31,0,31,14,50,82,9,155,63,6,69,224
01/04/2005,CHA,TN,ASO,ES,Combined TRACON& Tower with Radar,17,48,71,71,207,0,0,26,2,28,17,48,97,73,235,18,46,64,299
01/05/2005,CHA,TN,ASO,ES,Combined TRACON& Tower with Radar,16,48,68,77,209,0,0,32,3,35,16,48,100,80,244,22,116,138,382
01/06/2005,CHA,TN,ASO,ES,Combined TRACON& Tower with Radar,16,44,74,2,136,0,0,12,3,15,16,44,86,5,151,36,0,36,187
01/07/2005,CHA,TN,ASO,ES,Combined TRACON& Tower with Radar,16,45,56,17,134,0,0,13,0,13,16,45,69,17,147,14,52,66,213
01/08/2005,CHA,TN,ASO,ES,Combined TRACON& Tower with Radar,12,36,33,9,90,0,2,30,0,32,12,38,63,9,122,15,10,25,147
01/09/2005,CHA,TN,ASO,ES,Combined TRACON& Tower with Radar,12,41,37,2,92,0,0,55,2,57,12,41,92,4,149,30,2,32,181
01/10/2005,CHA,TN,ASO,ES,Combined TRACON& Tower with Radar,14,55,63,37,169,0,0,34,0,34,14,55,97,37,203,15,48,63,266
01/11/2005,CHA,TN,ASO,ES,Combined TRACON& Tower with Radar,15,57,56,48,176,0,2,5,0,7,15,59,61,48,183,38,71,109,292
01/12/2005,CHA,TN,ASO,ES,Combined TRACON& Tower with Radar,16,54,106,35,211,0,3,28,0,31,16,57,134,35,242,20,28,48,290
01/13/2005,CHA,TN,ASO,ES,Combined TRACON& Tower with Radar,14,45,45,5,109,0,0,1,0,1,14,45,46,5,110,18,6,24,134
01/14/2005,CHA,TN,ASO,ES,Combined TRACON& Tower with Radar,16,54,69,41,180,0,0,23,2,25,16,54,92,43,205,45,62,107,312
01/15/2005,CHA,TN,ASO,ES,Combined TRACON& Tower with Radar,11,30,71,0,112,0,0,53,0,53,11,30,124,0,165,57,0,57,222
01/16/2005,CHA,TN,ASO,ES,Combined TRACON& Tower with Radar,11,45,37,0,93,0,0,35,0,35,11,45,72,0,128,29,0,29,157
01/17/2005,CHA,TN,ASO,ES,Combined TRACON& Tower with Radar,13,53,50,5,121,0,0,37,0,37,13,53,87,5,158,40,0,40,198
01/18/2005,CHA,TN,ASO,ES,Combined TRACON& Tower with Radar,18,43,58,32,151,0,6,58,2,66,18,49,116,34,217,34,46,80,297
01/19/2005,CHA,TN,ASO,ES,Combined TRACON& Tower with Radar,16,56,77,20,169,0,0,35,2,37,16,56,112,22,206,44,57,101,307
01/20/2005,CHA,TN,ASO,ES,Combined TRACON& Tower with Radar,16,54,82,32,184,0,0,56,1,57,16,54,138,33,241,82,39,121,362
01/21/2005,CHA,TN,ASO,ES,Combined TRACON& Tower with Radar,16,43,60,51,170,0,0,50,6,56,16,43,110,57,226,59,58,117,343
01/22/2005,CHA,TN,ASO,ES,Combined TRACON& Tower with Radar,12,28,16,0,56,0,0,0,0,0,12,28,16,0,56,0,0,0,56
01/23/2005,CHA,TN,ASO,ES,Combined TRACON& Tower with Radar,12,41,36,26,115,0,0,11,0,11,12,41,47,26,126,57,16,73,199
01/24/2005,CHA,TN,ASO,ES,Combined TRACON& Tower with Radar,13,62,57,36,168,0,0,31,3,34,13,62,88,39,202,31,60,91,293
01/25/2005,CHA,TN,ASO,ES,Combined TRACON& Tower with Radar,16,61,69,28,174,0,1,48,3,52,16,62,117,31,226,32,30,62,288
01/26/2005,CHA,TN,ASO,ES,Combined TRACON& Tower with Radar,18,57,74,46,195,0,0,35,5,40,18,57,109,51,235,51,65,116,351
01/27/2005,CHA,TN,ASO,ES,Combined TRACON& Tower with Radar,16,55,82,51,204,0,0,30,2,32,16,55,112,53,236,0,28,28,264
01/28/2005,CHA,TN,ASO,ES,Combined TRACON& Tower with Radar,17,44,65,67,193,0,0,25,7,32,17,44,90,74,225,34,88,122,347
01/29/2005,CHA,TN,ASO,ES,Combined TRACON& Tower with Radar,0,11,13,0,24,0,0,0,0,0,0,11,13,0,24,6,0,6,30
01/30/2005,CHA,TN,ASO,ES,Combined TRACON& Tower with Radar,5,38,41,1,85,0,0,6,0,6,5,38,47,1,91,6,0,6,97
01/31/2005,CHA,TN,ASO,ES,Combined TRACON& Tower with Radar,14,54,71,38,177,0,1,21,2,24,14,55,92,40,201,28,108,136,337
02/01/2005,CHA,TN,ASO,ES,Combined TRACON& Tower with Radar,13,52,78,74,217,0,0,27,0,27,13,52,105,74,244,14,46,60,304
02/02/2005,CHA,TN,ASO,ES,Combined TRACON& Tower with Radar,9,52,70,64,195,0,0,0,0,0,9,52,70,64,195,2,24,26,221
02/03/2005,CHA,TN,ASO,ES,Combined TRACON& Tower with Radar,15,66,92,11,184,0,0,2,0,2,15,66,94,11,186,46,4,50,236
02/04/2005,CHA,TN,ASO,ES,Combined TRACON& Tower with Radar,17,52,94,31,194,0,0,55,0,55,17,52,149,31,249,55,103,158,407
02/05/2005,CHA,TN,ASO,ES,Combined TRACON& Tower with Radar,12,48,61,0,121,0,0,72,2,74,12,48,133,2,195,82,0,82,277
02/06/2005,CHA,TN,ASO,ES,Combined TRACON& Tower with Radar,10,43,58,0,111,0,0,59,0,59,10,43,117,0,170,59,0,59,229
02/07/2005,CHA,TN,ASO,ES,Combined TRACON& Tower with Radar,12,65,80,62,219,0,2,32,4,38,12,67,112,66,257,98,69,167,424
02/08/2005,CHA,TN,ASO,ES,Combined TRACON& Tower with Radar,16,65,65,92,238,0,0,1,0,1,16,65,66,92,239,13,231,244,483
02/09/2005,CHA,TN,ASO,ES,Combined TRACON& Tower with Radar,11,67,70,2,150,0,0,4,0,4,11,67,74,2,154,4,0,4,158
02/10/2005,CHA,TN,ASO,ES,Combined TRACON& Tower with Radar,15,73,76,18,182,0,0,24,2,26,15,73,100,20,208,34,28,62,270
02/11/2005,CHA,TN,ASO,ES,Combined TRACON& Tower with Radar,10,53,64,7,134,0,0,60,2,62,10,53,124,9,196,63,16,79,275
02/12/2005,CHA,TN,ASO,ES,Combined TRACON& Tower with Radar,13,31,66,0,110,0,0,57,0,57,13,31,123,0,167,46,0,46,213
02/13/2005,CHA,TN,ASO,ES,Combined TRACON& Tower with Radar,14,44,55,0,113,0,0,9,0,9,14,44,64,0,122,24,0,24,146
02/14/2005,CHA,TN,ASO,ES,Combined TRACON& Tower with Radar,11,68,47,14,140,0,1,1,0,2,11,69,48,14,142,2,10,12,154
02/15/2005,CHA,TN,ASO,ES,Combined TRACON& Tower with Radar,10,63,84,22,179,0,0,12,0,12,10,63,96,22,191,16,0,16,207
02/16/2005,CHA,TN,ASO,ES,Combined TRACON& Tower with Radar,18,56,81,38,193,0,0,9,0,9,18,56,90,38,202,20,31,51,253
02/17/2005,CHA,TN,ASO,ES,Combined TRACON& Tower with Radar,14,67,100,27,208,0,0,37,4,41,14,67,137,31,249,23,22,45,294
02/18/2005,CHA,TN,ASO,ES,Combined TRACON& Tower with Radar,13,57,106,22,198,0,0,65,1,66,13,57,171,23,264,98,20,118,382
02/19/2005,CHA,TN,ASO,ES,Combined TRACON& Tower with Radar,11,42,94,0,147,0,0,44,0,44,11,42,138,0,191,126,0,126,317
02/20/2005,CHA,TN,ASO,ES,Combined TRACON& Tower with Radar,12,47,32,0,91,0,0,1,0,1,12,47,33,0,92,7,0,7,99
02/21/2005,CHA,TN,ASO,ES,Combined TRACON& Tower with Radar,11,55,39,0,105,0,0,2,0,2,11,55,41,0,107,0,0,0,107
02/22/2005,CHA,TN,ASO,ES,Combined TRACON& Tower with Radar,16,64,94,107,281,0,0,46,4,50,16,64,140,111,331,90,104,194,525
02/23/2005,CHA,TN,ASO,ES,Combined TRACON& Tower with Radar,17,59,81,82,239,0,1,51,3,55,17,60,132,85,294,72,60,132,426
02/24/2005,CHA,TN,ASO,ES,Combined TRACON& Tower with Radar,8,48,62,41,159,0,0,15,0,15,8,48,77,41,174,53,24,77,251
02/25/2005,CHA,TN,ASO,ES,Combined TRACON& Tower with Radar,11,68,106,11,196,0,0,56,0,56,11,68,162,11,252,50,0,50,302
02/26/2005,CHA,TN,ASO,ES,Combined TRACON& Tower with Radar,11,34,83,0,128,0,0,73,1,74,11,34,156,1,202,120,0,120,322
02/27/2005,CHA,TN,ASO,ES,Combined TRACON& Tower with Radar,12,40,48,27,127,0,0,27,1,28,12,40,75,28,155,18,24,42,197
02/28/2005,CHA,TN,ASO,ES,Combined TRACON& Tower with Radar,9,53,71,7,140,0,1,0,1,2,9,54,71,8,142,0,0,0,142
03/01/2005,CHA,TN,ASO,ES,Combined TRACON& Tower with Radar,14,55,58,19,146,0,0,15,0,15,14,55,73,19,161,12,0,12,173
03/02/2005,CHA,TN,ASO,ES,Combined TRACON& Tower with Radar,14,61,74,67,216,0,0,46,4,50,14,61,120,71,266,32,88,120,386
03/03/2005,CHA,TN,ASO,ES,Combined TRACON& Tower with Radar,14,60,72,77,223,0,0,41,1,42,14,60,113,78,265,35,32,67,332
03/04/2005,CHA,TN,ASO,ES,Combined TRACON& Tower with Radar,17,47,62,60,186,0,2,55,2,59,17,49,117,62,245,42,73,115,360
03/05/2005,CHA,TN,ASO,ES,Combined TRACON& Tower with Radar,11,31,35,0,77,0,1,20,0,21,11,32,55,0,98,47,0,47,145
03/06/2005,CHA,TN,ASO,ES,Combined TRACON& Tower with Radar,9,40,74,9,132,0,0,56,0,56,9,40,130,9,188,79,8,87,275
03/07/2005,CHA,TN,ASO,ES,Combined TRACON& Tower with Radar,12,50,62,19,143,0,1,9,0,10,12,51,71,19,153,13,27,40,193
03/08/2005,CHA,TN,ASO,ES,Combined TRACON& Tower with Radar,14,54,54,23,145,0,0,14,5,19,14,54,68,28,164,10,12,22,186
03/09/2005,CHA,TN,ASO,ES,Combined TRACON& Tower with Radar,17,61,57,15,150,0,0,21,5,26,17,61,78,20,176,13,28,41,217
03/10/2005,CHA,TN,ASO,ES,Combined TRACON& Tower with Radar,14,55,103,20,192,0,2,49,5,56,14,57,152,25,248,70,52,122,370
03/11/2005,CHA,TN,ASO,ES,Combined TRACON& Tower with Radar,13,55,42,21,131,0,0,6,4,10,13,55,48,25,141,40,24,64,205
03/12/2005,CHA,TN,ASO,ES,Combined TRACON& Tower with Radar,13,29,28,6,76,0,0,39,0,39,13,29,67,6,115,14,0,14,129
03/13/2005,CHA,TN,ASO,ES,Combined TRACON& Tower with Radar,10,40,40,9,99,0,0,62,0,62,10,40,102,9,161,44,7,51,212
03/14/2005,CHA,TN,ASO,ES,Combined TRACON& Tower with Radar,19,62,87,33,201,0,1,39,12,52,19,63,126,45,253,44,59,103,356
03/15/2005,CHA,TN,ASO,ES,Combined TRACON& Tower with Radar,20,73,101,53,247,0,0,15,1,16,20,73,116,54,263,32,46,78,341
03/16/2005,CHA,TN,ASO,ES,Combined TRACON& Tower with Radar,11,66,56,18,151,0,0,0,0,0,11,66,56,18,151,0,0,0,151
03/17/2005,CHA,TN,ASO,ES,Combined TRACON& Tower with Radar,13,61,71,9,154,0,0,5,0,5,13,61,76,9,159,4,4,8,167
03/18/2005,CHA,TN,ASO,ES,Combined TRACON& Tower with Radar,17,38,99,1,155,0,0,49,0,49,17,38,148,1,204,37,0,37,241
03/19/2005,CHA,TN,ASO,ES,Combined TRACON& Tower with Radar,10,31,54,0,95,0,4,33,0,37,10,35,87,0,132,73,0,73,205
03/20/2005,CHA,TN,ASO,ES,Combined TRACON& Tower with Radar,17,43,77,2,139,0,0,68,2,70,17,43,145,4,209,59,0,59,268
03/21/2005,CHA,TN,ASO,ES,Combined TRACON& Tower with Radar,16,64,79,67,226,0,0,52,7,59,16,64,131,74,285,60,47,107,392
03/22/2005,CHA,TN,ASO,ES,Combined TRACON& Tower with Radar,9,45,43,0,97,0,0,10,1,11,9,45,53,1,108,22,0,22,130
03/23/2005,CHA,TN,ASO,ES,Combined TRACON& Tower with Radar,18,50,92,60,220,0,0,13,1,14,18,50,105,61,234,13,20,33,267
03/24/2005,CHA,TN,ASO,ES,Combined TRACON& Tower with Radar,10,47,89,32,178,0,1,36,2,39,10,48,125,34,217,4,2,6,223
03/25/2005,CHA,TN,ASO,ES,Combined TRACON& Tower with Radar,21,50,56,22,149,0,0,45,4,49,21,50,101,26,198,44,30,74,272
03/26/2005,CHA,TN,ASO,ES,Combined TRACON& Tower with Radar,13,27,70,3,113,0,1,41,1,43,13,28,111,4,156,95,2,97,253
03/27/2005,CHA,TN,ASO,ES,Combined TRACON& Tower with Radar,6,38,32,0,76,0,0,0,0,0,6,38,32,0,76,12,0,12,88
03/28/2005,CHA,TN,ASO,ES,Combined TRACON& Tower with Radar,13,55,83,12,163,0,0,4,1,5,13,55,87,13,168,0,26,26,194
03/29/2005,CHA,TN,ASO,ES,Combined TRACON& Tower with Radar,14,55,89,15,173,0,3,75,3,81,14,58,164,18,254,87,13,100,354
03/30/2005,CHA,TN,ASO,ES,Combined TRACON& Tower with Radar,14,56,84,36,190,0,0,63,3,66,14,56,147,39,256,44,4,48,304
03/31/2005,CHA,TN,ASO,ES,Combined TRACON& Tower with Radar,9,53,75,48,185,0,1,33,0,34,9,54,108,48,219,80,28,108,327
04/01/2005,CHA,TN,ASO,ES,Combined TRACON& Tower with Radar,8,54,41,7,110,0,0,6,0,6,8,54,47,7,116,10,0,10,126
04/02/2005,CHA,TN,ASO,ES,Combined TRACON& Tower with Radar,9,28,35,8,80,0,2,3,1,6,9,30,38,9,86,11,9,20,106
04/03/2005,CHA,TN,ASO,ES,Combined TRACON& Tower with Radar,11,42,53,4,110,0,0,48,4,52,11,42,101,8,162,69,0,69,231
04/04/2005,CHA,TN,ASO,ES,Combined TRACON& Tower with Radar,12,52,74,50,188,0,3,51,11,65,12,55,125,61,253,64,63,127,380
04/05/2005,CHA,TN,ASO,ES,Combined TRACON& Tower with Radar,18,54,89,30,191,0,0,46,2,48,18,54,135,32,239,67,54,121,360
04/06/2005,CHA,TN,ASO,ES,Combined TRACON& Tower with Radar,13,54,73,8,148,0,0,21,3,24,13,54,94,11,172,30,13,43,215
04/07/2005,CHA,TN,ASO,ES,Combined TRACON& Tower with Radar,16,57,69,0,142,0,1,5,0,6,16,58,74,0,148,0,0,0,148
04/08/2005,CHA,TN,ASO,ES,Combined TRACON& Tower with Radar,14,49,65,28,156,0,0,14,1,15,14,49,79,29,171,81,0,81,252
04/09/2005,CHA,TN,ASO,ES,Combined TRACON& Tower with Radar,12,30,65,0,107,0,1,79,0,80,12,31,144,0,187,111,0,111,298
04/10/2005,CHA,TN,ASO,ES,Combined TRACON& Tower with Radar,12,42,72,2,128,0,0,68,0,68,12,42,140,2,196,71,0,71,267
04/11/2005,CHA,TN,ASO,ES,Combined TRACON& Tower with Radar,15,53,81,50,199,0,0,36,2,38,15,53,117,52,237,53,79,132,369
04/12/2005,CHA,TN,ASO,ES,Combined TRACON& Tower with Radar,13,58,70,3,144,0,0,6,0,6,13,58,76,3,150,29,12,41,191
04/13/2005,CHA,TN,ASO,ES,Combined TRACON& Tower with Radar,14,58,82,10,164,0,0,22,1,23,14,58,104,11,187,34,53,87,274
04/14/2005,CHA,TN,ASO,ES,Combined TRACON& Tower with Radar,19,60,102,54,235,0,0,27,3,30,19,60,129,57,265,70,14,84,349
04/15/2005,CHA,TN,ASO,ES,Combined TRACON& Tower with Radar,12,59,78,35,184,0,2,93,1,96,12,61,171,36,280,126,62,188,468
04/16/2005,CHA,TN,ASO,ES,Combined TRACON& Tower with Radar,12,34,53,11,110,0,0,69,2,71,12,34,122,13,181,37,19,56,237
04/17/2005,CHA,TN,ASO,ES,Combined TRACON& Tower with Radar,12,51,79,4,146,0,1,49,0,50,12,52,128,4,196,56,24,80,276
04/18/2005,CHA,TN,ASO,ES,Combined TRACON& Tower with Radar,14,52,80,23,169,0,0,76,10,86,14,52,156,33,255,58,35,93,348
04/19/2005,CHA,TN,ASO,ES,Combined TRACON& Tower with Radar,15,58,70,28,171,0,2,42,3,47,15,60,112,31,218,80,58,138,356
04/20/2005,CHA,TN,ASO,ES,Combined TRACON& Tower with Radar,13,63,102,53,231,0,1,53,4,58,13,64,155,57,289,48,63,111,400
04/21/2005,CHA,TN,ASO,ES,Combined TRACON& Tower with Radar,14,62,88,33,197,0,3,51,3,57,14,65,139,36,254,61,38,99,353
04/22/2005,CHA,TN,ASO,ES,Combined TRACON& Tower with Radar,15,50,40,0,105,0,0,8,0,8,15,50,48,0,113,8,0,8,121
04/23/2005,CHA,TN,ASO,ES,Combined TRACON& Tower with Radar,10,34,56,0,100,0,0,15,5,20,10,34,71,5,120,11,0,11,131
04/24/2005,CHA,TN,ASO,ES,Combined TRACON& Tower with Radar,12,38,45,0,95,0,0,32,0,32,12,38,77,0,127,15,0,15,142
04/25/2005,CHA,TN,ASO,ES,Combined TRACON& Tower with Radar,18,54,84,30,186,0,1,49,6,56,18,55,133,36,242,93,36,129,371
04/26/2005,CHA,TN,ASO,ES,Combined TRACON& Tower with Radar,13,63,50,12,138,0,0,2,0,2,13,63,52,12,140,4,46,50,190
04/27/2005,CHA,TN,ASO,ES,Combined TRACON& Tower with Radar,20,54,98,20,192,0,0,31,3,34,20,54,129,23,226,12,3,15,241
04/28/2005,CHA,TN,ASO,ES,Combined TRACON& Tower with Radar,14,63,87,24,188,0,0,50,2,52,14,63,137,26,240,42,16,58,298
04/29/2005,CHA,TN,ASO,ES,Combined TRACON& Tower with Radar,12,57,96,20,185,0,0,20,2,22,12,57,116,22,207,25,15,40,247
04/30/2005,CHA,TN,ASO,ES,Combined TRACON& Tower with Radar,16,42,35,0,93,0,0,2,0,2,16,42,37,0,95,20,0,20,115
05/01/2005,CHA,TN,ASO,ES,Combined TRACON& Tower with Radar,17,33,72,2,124,0,0,57,2,59,17,33,129,4,183,91,0,91,274
05/02/2005,CHA,TN,ASO,ES,Combined TRACON& Tower with Radar,17,61,54,24,156,0,0,43,1,44,17,61,97,25,200,52,20,72,272
05/03/2005,CHA,TN,ASO,ES,Combined TRACON& Tower with Radar,16,60,68,4,148,0,0,51,0,51,16,60,119,4,199,37,3,40,239
05/04/2005,CHA,TN,ASO,ES,Combined TRACON& Tower with Radar,14,66,89,2,171,0,0,45,0,45,14,66,134,2,216,8,0,8,224
05/05/2005,CHA,TN,ASO,ES,Combined TRACON& Tower with Radar,9,66,98,2,175,0,0,5,0,5,9,66,103,2,180,8,0,8,188
05/06/2005,CHA,TN,ASO,ES,Combined TRACON& Tower with Radar,14,57,96,21,188,0,0,43,0,43,14,57,139,21,231,86,18,104,335
05/07/2005,CHA,TN,ASO,ES,Combined TRACON& Tower with Radar,15,42,52,2,111,0,0,68,7,75,15,42,120,9,186,68,0,68,254
05/08/2005,CHA,TN,ASO,ES,Combined TRACON& Tower with Radar,12,48,58,17,135,0,0,72,0,72,12,48,130,17,207,35,25,60,267
05/09/2005,CHA,TN,ASO,ES,Combined TRACON& Tower with Radar,13,59,94,92,258,0,0,36,7,43,13,59,130,99,301,55,51,106,407
05/10/2005,CHA,TN,ASO,ES,Combined TRACON& Tower with Radar,16,61,96,9,182,0,0,10,1,11,16,61,106,10,193,7,6,13,206
05/11/2005,CHA,TN,ASO,ES,Combined TRACON& Tower with Radar,14,63,124,26,227,0,4,50,0,54,14,67,174,26,281,24,46,70,351
05/12/2005,CHA,TN,ASO,ES,Combined TRACON& Tower with Radar,14,75,109,47,245,0,0,61,1,62,14,75,170,48,307,92,70,162,469
05/13/2005,CHA,TN,ASO,ES,Combined TRACON& Tower with Radar,17,59,83,33,192,0,0,47,2,49,17,59,130,35,241,36,16,52,293
05/14/2005,CHA,TN,ASO,ES,Combined TRACON& Tower with Radar,11,38,24,12,85,0,2,10,1,13,11,40,34,13,98,14,19,33,131
05/15/2005,CHA,TN,ASO,ES,Combined TRACON& Tower with Radar,12,45,45,2,104,0,0,26,0,26,12,45,71,2,130,49,0,49,179
05/16/2005,CHA,TN,ASO,ES,Combined TRACON& Tower with Radar,14,63,50,29,156,0,2,58,2,62,14,65,108,31,218,79,25,104,322
05/17/2005,CHA,TN,ASO,ES,Combined TRACON& Tower with Radar,17,63,72,63,215,0,0,35,3,38,17,63,107,66,253,36,80,116,369
05/18/2005,CHA,TN,ASO,ES,Combined TRACON& Tower with Radar,29,73,105,47,254,0,1,49,7,57,29,74,154,54,311,46,58,104,415
05/19/2005,CHA,TN,ASO,ES,Combined TRACON& Tower with Radar,16,67,80,47,210,0,0,43,0,43,16,67,123,47,253,60,56,116,369
05/20/2005,CHA,TN,ASO,ES,Combined TRACON& Tower with Radar,12,47,73,16,148,0,0,8,0,8,12,47,81,16,156,29,5,34,190
05/21/2005,CHA,TN,ASO,ES,Combined TRACON& Tower with Radar,11,39,63,12,125,0,8,25,0,33,11,47,88,12,158,54,0,54,212
05/22/2005,CHA,TN,ASO,ES,Combined TRACON& Tower with Radar,11,45,57,2,115,0,0,8,0,8,11,45,65,2,123,3,0,3,126
05/23/2005,CHA,TN,ASO,ES,Combined TRACON& Tower with Radar,14,62,67,97,240,0,0,31,3,34,14,62,98,100,274,10,62,72,346
05/24/2005,CHA,TN,ASO,ES,Combined TRACON& Tower with Radar,17,65,67,43,192,0,0,43,4,47,17,65,110,47,239,44,44,88,327
05/25/2005,CHA,TN,ASO,ES,Combined TRACON& Tower with Radar,17,59,101,42,219,0,1,44,3,48,17,60,145,45,267,38,46,84,351
05/26/2005,CHA,TN,ASO,ES,Combined TRACON& Tower with Radar,19,65,90,19,193,0,0,83,1,84,19,65,173,20,277,57,56,113,390
05/27/2005,CHA,TN,ASO,ES,Combined TRACON& Tower with Radar,18,39,84,2,143,0,0,37,0,37,18,39,121,2,180,50,0,50,230
05/28/2005,CHA,TN,ASO,ES,Combined TRACON& Tower with Radar,12,33,39,3,87,0,0,36,1,37,12,33,75,4,124,41,0,41,165
05/29/2005,CHA,TN,ASO,ES,Combined TRACON& Tower with Radar,12,32,29,0,73,0,0,16,0,16,12,32,45,0,89,18,0,18,107
05/30/2005,CHA,TN,ASO,ES,Combined TRACON& Tower with Radar,14,42,50,9,115,0,0,4,0,4,14,42,54,9,119,12,6,18,137
05/31/2005,CHA,TN,ASO,ES,Combined TRACON& Tower with Radar,14,62,74,41,191,0,1,22,0,23,14,63,96,41,214,13,39,52,266
06/01/2005,CHA,TN,ASO,ES,Combined TRACON& Tower with Radar,10,63,55,10,138,0,0,3,0,3,10,63,58,10,141,0,0,0,141
06/02/2005,CHA,TN,ASO,ES,Combined TRACON& Tower with Radar,19,58,108,17,202,0,1,7,1,9,19,59,115,18,211,32,0,32,243
06/03/2005,CHA,TN,ASO,ES,Combined TRACON& Tower with Radar,17,50,75,44,186,0,0,10,2,12,17,50,85,46,198,75,31,106,304
06/04/2005,CHA,TN,ASO,ES,Combined TRACON& Tower with Radar,12,38,31,7,88,0,1,36,3,40,12,39,67,10,128,26,0,26,154
06/05/2005,CHA,TN,ASO,ES,Combined TRACON& Tower with Radar,25,49,51,17,142,0,0,39,0,39,25,49,90,17,181,21,10,31,212
06/06/2005,CHA,TN,ASO,ES,Combined TRACON& Tower with Radar,14,50,69,10,143,0,0,8,2,10,14,50,77,12,153,31,0,31,184
06/07/2005,CHA,TN,ASO,ES,Combined TRACON& Tower with Radar,15,59,93,0,167,0,1,15,0,16,15,60,108,0,183,8,0,8,191
06/08/2005,CHA,TN,ASO,ES,Combined TRACON& Tower with Radar,14,58,67,9,148,0,0,12,0,12,14,58,79,9,160,0,0,0,160
06/09/2005,CHA,TN,ASO,ES,Combined TRACON& Tower with Radar,15,53,99,29,196,0,0,23,2,25,15,53,122,31,221,42,8,50,271
06/10/2005,CHA,TN,ASO,ES,Combined TRACON& Tower with Radar,14,54,70,35,173,0,0,18,1,19,14,54,88,36,192,23,38,61,253
06/11/2005,CHA,TN,ASO,ES,Combined TRACON& Tower with Radar,10,29,45,2,86,0,0,2,0,2,10,29,47,2,88,9,12,21,109
06/12/2005,CHA,TN,ASO,ES,Combined TRACON& Tower with Radar,10,44,38,0,92,0,0,4,1,5,10,44,42,1,97,12,0,12,109
06/13/2005,CHA,TN,ASO,ES,Combined TRACON& Tower with Radar,12,63,59,61,195,0,0,34,0,34,12,63,93,61,229,48,39,87,316
06/14/2005,CHA,TN,ASO,ES,Combined TRACON& Tower with Radar,19,56,78,14,167,0,0,37,0,37,19,56,115,14,204,5,0,5,209
06/15/2005,CHA,TN,ASO,ES,Combined TRACON& Tower with Radar,16,50,90,0,156,0,1,37,2,40,16,51,127,2,196,6,0,6,202
06/16/2005,CHA,TN,ASO,ES,Combined TRACON& Tower with Radar,15,62,93,23,193,0,0,36,3,39,15,62,129,26,232,20,12,32,264
06/17/2005,CHA,TN,ASO,ES,Combined TRACON& Tower with Radar,17,55,62,50,184,0,4,76,15,95,17,59,138,65,279,71,55,126,405
06/18/2005,CHA,TN,ASO,ES,Combined TRACON& Tower with Radar,13,30,62,19,124,0,1,57,1,59,13,31,119,20,183,42,10,52,235
06/19/2005,CHA,TN,ASO,ES,Combined TRACON& Tower with Radar,10,45,37,13,105,0,0,42,2,44,10,45,79,15,149,27,6,33,182
06/20/2005,CHA,TN,ASO,ES,Combined TRACON& Tower with Radar,11,52,62,10,135,0,0,20,2,22,11,52,82,12,157,19,7,26,183
06/21/2005,CHA,TN,ASO,ES,Combined TRACON& Tower with Radar,16,61,95,54,226,0,0,23,2,25,16,61,118,56,251,54,46,100,351
06/22/2005,CHA,TN,ASO,ES,Combined TRACON& Tower with Radar,17,66,90,38,211,0,6,53,4,63,17,72,143,42,274,18,116,134,408
06/23/2005,CHA,TN,ASO,ES,Combined TRACON& Tower with Radar,19,57,85,56,217,0,1,52,8,61,19,58,137,64,278,28,58,86,364
06/24/2005,CHA,TN,ASO,ES,Combined TRACON& Tower with Radar,14,59,73,81,227,0,2,29,3,34,14,61,102,84,261,33,82,115,376
06/25/2005,CHA,TN,ASO,ES,Combined TRACON& Tower with Radar,13,29,73,3,118,0,0,43,13,56,13,29,116,16,174,67,12,79,253
06/26/2005,CHA,TN,ASO,ES,Combined TRACON& Tower with Radar,11,41,68,14,134,0,2,21,2,25,11,43,89,16,159,27,14,41,200
06/27/2005,CHA,TN,ASO,ES,Combined TRACON& Tower with Radar,11,53,83,52,199,0,0,15,4,19,11,53,98,56,218,27,8,35,253
06/28/2005,CHA,TN,ASO,ES,Combined TRACON& Tower with Radar,16,51,79,13,159,0,0,17,3,20,16,51,96,16,179,9,11,20,199
06/29/2005,CHA,TN,ASO,ES,Combined TRACON& Tower with Radar,21,52,92,32,197,0,20,37,3,60,21,72,129,35,257,50,36,86,343
06/30/2005,CHA,TN,ASO,ES,Combined TRACON& Tower with Radar,15,58,103,37,213,0,0,50,1,51,15,58,153,38,264,35,9,44,308
07/01/2005,CHA,TN,ASO,ES,Combined TRACON& Tower with Radar,11,50,62,0,123,0,1,48,2,51,11,51,110,2,174,48,0,48,222
07/02/2005,CHA,TN,ASO,ES,Combined TRACON& Tower with Radar,10,32,56,0,98,0,1,19,0,20,10,33,75,0,118,25,0,25,143
07/03/2005,CHA,TN,ASO,ES,Combined TRACON& Tower with Radar,10,39,42,0,91,0,0,11,0,11,10,39,53,0,102,21,0,21,123
07/04/2005,CHA,TN,ASO,ES,Combined TRACON& Tower with Radar,13,37,37,1,88,0,0,14,1,15,13,37,51,2,103,34,0,34,137
07/05/2005,CHA,TN,ASO,ES,Combined TRACON& Tower with Radar,23,49,68,9,149,0,0,8,1,9,23,49,76,10,158,23,23,46,204
07/06/2005,CHA,TN,ASO,ES,Combined TRACON& Tower with Radar,16,55,52,20,143,0,0,4,0,4,16,55,56,20,147,0,8,8,155
07/07/2005,CHA,TN,ASO,ES,Combined TRACON& Tower with Radar,15,56,86,6,163,0,4,14,1,19,15,60,100,7,182,8,0,8,190
07/08/2005,CHA,TN,ASO,ES,Combined TRACON& Tower with Radar,14,64,73,28,179,0,3,74,4,81,14,67,147,32,260,84,21,105,365
07/09/2005,CHA,TN,ASO,ES,Combined TRACON& Tower with Radar,12,36,52,0,100,0,1,62,0,63,12,37,114,0,163,62,0,62,225
07/10/2005,CHA,TN,ASO,ES,Combined TRACON& Tower with Radar,10,39,49,0,98,2,8,23,0,33,12,47,72,0,131,27,0,27,158
07/11/2005,CHA,TN,ASO,ES,Combined TRACON& Tower with Radar,13,55,24,0,92,0,0,1,0,1,13,55,25,0,93,2,0,2,95
07/12/2005,CHA,TN,ASO,ES,Combined TRACON& Tower with Radar,15,51,58,5,129,0,1,15,0,16,15,52,73,5,145,14,8,22,167
07/13/2005,CHA,TN,ASO,ES,Combined TRACON& Tower with Radar,13,55,83,9,160,0,0,9,1,10,13,55,92,10,170,9,14,23,193
07/14/2005,CHA,TN,ASO,ES,Combined TRACON& Tower with Radar,17,56,66,18,157,0,0,9,1,10,17,56,75,19,167,4,6,10,177
07/15/2005,CHA,TN,ASO,ES,Combined TRACON& Tower with Radar,26,53,100,4,183,0,0,13,0,13,26,53,113,4,196,42,0,42,238
07/16/2005,CHA,TN,ASO,ES,Combined TRACON& Tower with Radar,7,23,27,2,59,0,0,11,0,11,7,23,38,2,70,70,0,70,140
07/17/2005,CHA,TN,ASO,ES,Combined TRACON& Tower with Radar,9,55,52,2,118,0,0,18,0,18,9,55,70,2,136,45,0,45,181
07/18/2005,CHA,TN,ASO,ES,Combined TRACON& Tower with Radar,12,50,83,20,165,0,0,37,3,40,12,50,120,23,205,34,50,84,289
07/19/2005,CHA,TN,ASO,ES,Combined TRACON& Tower with Radar,20,67,75,12,174,0,0,33,4,37,20,67,108,16,211,21,12,33,244
07/20/2005,CHA,TN,ASO,ES,Combined TRACON& Tower with Radar,17,50,87,27,181,0,0,30,3,33,17,50,117,30,214,22,38,60,274
07/21/2005,CHA,TN,ASO,ES,Combined TRACON& Tower with Radar,21,63,86,24,194,0,1,35,0,36,21,64,121,24,230,10,17,27,257
07/22/2005,CHA,TN,ASO,ES,Combined TRACON& Tower with Radar,8,54,73,15,150,0,1,43,2,46,8,55,116,17,196,31,14,45,241
07/23/2005,CHA,TN,ASO,ES,Combined TRACON& Tower with Radar,9,41,42,6,98,0,2,88,1,91,9,43,130,7,189,34,4,38,227
07/24/2005,CHA,TN,ASO,ES,Combined TRACON& Tower with Radar,9,37,73,2,121,0,0,38,0,38,9,37,111,2,159,69,12,81,240
07/25/2005,CHA,TN,ASO,ES,Combined TRACON& Tower with Radar,9,47,58,28,142,0,0,46,1,47,9,47,104,29,189,26,10,36,225
07/26/2005,CHA,TN,ASO,ES,Combined TRACON& Tower with Radar,18,47,12,53,130,0,1,0,4,5,18,48,12,57,135,24,50,74,209
07/27/2005,CHA,TN,ASO,ES,Combined TRACON& Tower with Radar,13,60,88,49,210,0,0,17,2,19,13,60,105,51,229,48,78,126,355
07/28/2005,CHA,TN,ASO,ES,Combined TRACON& Tower with Radar,12,52,87,32,183,0,0,17,0,17,12,52,104,32,200,0,26,26,226
07/29/2005,CHA,TN,ASO,ES,Combined TRACON& Tower with Radar,17,45,101,29,192,0,0,9,0,9,17,45,110,29,201,87,41,128,329
07/30/2005,CHA,TN,ASO,ES,Combined TRACON& Tower with Radar,3,30,69,0,102,0,0,34,2,36,3,30,103,2,138,53,0,53,191
07/31/2005,CHA,TN,ASO,ES,Combined TRACON& Tower with Radar,9,48,61,5,123,0,1,28,0,29,9,49,89,5,152,66,0,66,218
08/01/2005,CHA,TN,ASO,ES,Combined TRACON& Tower with Radar,9,53,72,18,152,0,0,13,4,17,9,53,85,22,169,35,14,49,218
08/02/2005,CHA,TN,ASO,ES,Combined TRACON& Tower with Radar,13,55,90,18,176,0,0,22,1,23,13,55,112,19,199,32,15,47,246
08/03/2005,CHA,TN,ASO,ES,Combined TRACON& Tower with Radar,15,59,68,55,197,0,0,43,6,49,15,59,111,61,246,16,43,59,305
08/04/2005,CHA,TN,ASO,ES,Combined TRACON& Tower with Radar,10,52,94,36,192,0,1,48,6,55,10,53,142,42,247,10,18,28,275
08/05/2005,CHA,TN,ASO,ES,Combined TRACON& Tower with Radar,10,59,77,42,188,0,2,52,3,57,10,61,129,45,245,36,34,70,315
08/06/2005,CHA,TN,ASO,ES,Combined TRACON& Tower with Radar,10,35,52,3,100,0,0,36,0,36,10,35,88,3,136,30,14,44,180
08/07/2005,CHA,TN,ASO,ES,Combined TRACON& Tower with Radar,10,40,52,2,104,0,0,4,0,4,10,40,56,2,108,19,0,19,127
08/08/2005,CHA,TN,ASO,ES,Combined TRACON& Tower with Radar,9,53,53,18,133,0,0,5,0,5,9,53,58,18,138,22,8,30,168
08/09/2005,CHA,TN,ASO,ES,Combined TRACON& Tower with Radar,17,59,72,23,171,0,0,44,2,46,17,59,116,25,217,28,34,62,279
08/10/2005,CHA,TN,ASO,ES,Combined TRACON& Tower with Radar,13,59,80,73,225,0,0,39,0,39,13,59,119,73,264,7,65,72,336
08/11/2005,CHA,TN,ASO,ES,Combined TRACON& Tower with Radar,13,47,107,39,206,0,1,41,1,43,13,48,148,40,249,48,48,96,345
08/12/2005,CHA,TN,ASO,ES,Combined TRACON& Tower with Radar,13,57,88,30,188,0,1,42,0,43,13,58,130,30,231,102,16,118,349
08/13/2005,CHA,TN,ASO,ES,Combined TRACON& Tower with Radar,8,28,76,5,117,0,4,28,0,32,8,32,104,5,149,62,0,62,211
08/14/2005,CHA,TN,ASO,ES,Combined TRACON& Tower with Radar,28,56,62,0,146,0,3,26,0,29,28,59,88,0,175,54,0,54,229
08/15/2005,CHA,TN,ASO,ES,Combined TRACON& Tower with Radar,10,59,74,13,156,0,0,45,3,48,10,59,119,16,204,27,30,57,261
08/16/2005,CHA,TN,ASO,ES,Combined TRACON& Tower with Radar,19,56,84,15,174,0,0,29,6,35,19,56,113,21,209,27,27,54,263
08/17/2005,CHA,TN,ASO,ES,Combined TRACON& Tower with Radar,13,60,79,52,204,0,0,47,5,52,13,60,126,57,256,18,12,30,286
08/18/2005,CHA,TN,ASO,ES,Combined TRACON& Tower with Radar,8,64,92,25,189,0,0,13,11,24,8,64,105,36,213,12,36,48,261
08/19/2005,CHA,TN,ASO,ES,Combined TRACON& Tower with Radar,14,53,91,36,194,0,4,44,6,54,14,57,135,42,248,30,4,34,282
08/20/2005,CHA,TN,ASO,ES,Combined TRACON& Tower with Radar,7,30,40,0,77,0,0,44,2,46,7,30,84,2,123,27,0,27,150
08/21/2005,CHA,TN,ASO,ES,Combined TRACON& Tower with Radar,9,48,64,6,127,0,3,24,0,27,9,51,88,6,154,40,4,44,198
08/22/2005,CHA,TN,ASO,ES,Combined TRACON& Tower with Radar,12,51,82,50,195,0,0,34,3,37,12,51,116,53,232,38,51,89,321
08/23/2005,CHA,TN,ASO,ES,Combined TRACON& Tower with Radar,27,66,112,45,250,0,1,32,3,36,27,67,144,48,286,61,28,89,375
08/24/2005,CHA,TN,ASO,ES,Combined TRACON& Tower with Radar,13,58,78,63,212,0,2,29,4,35,13,60,107,67,247,21,12,33,280
08/25/2005,CHA,TN,ASO,ES,Combined TRACON& Tower with Radar,12,60,104,38,214,0,1,18,3,22,12,61,122,41,236,38,68,106,342
08/26/2005,CHA,TN,ASO,ES,Combined TRACON& Tower with Radar,11,55,69,36,171,0,0,40,1,41,11,55,109,37,212,20,32,52,264
08/27/2005,CHA,TN,ASO,ES,Combined TRACON& Tower with Radar,9,34,68,27,138,0,0,52,3,55,9,34,120,30,193,72,31,103,296
08/28/2005,CHA,TN,ASO,ES,Combined TRACON& Tower with Radar,8,37,66,1,112,0,0,36,1,37,8,37,102,2,149,86,7,93,242
08/29/2005,CHA,TN,ASO,ES,Combined TRACON& Tower with Radar,14,54,57,1,126,0,0,5,0,5,14,54,62,1,131,18,0,18,149
08/30/2005,CHA,TN,ASO,ES,Combined TRACON& Tower with Radar,16,58,27,0,101,0,0,1,0,1,16,58,28,0,102,0,0,0,102
08/31/2005,CHA,TN,ASO,ES,Combined TRACON& Tower with Radar,15,57,83,6,161,0,0,31,0,31,15,57,114,6,192,55,0,55,247
09/01/2005,CHA,TN,ASO,ES,Combined TRACON& Tower with Radar,9,47,82,45,183,0,0,55,2,57,9,47,137,47,240,16,33,49,289
09/02/2005,CHA,TN,ASO,ES,Combined TRACON& Tower with Radar,9,59,90,31,189,0,0,45,0,45,9,59,135,31,234,39,10,49,283
09/03/2005,CHA,TN,ASO,ES,Combined TRACON& Tower with Radar,8,27,33,5,73,0,0,37,3,40,8,27,70,8,113,59,5,64,177
09/04/2005,CHA,TN,ASO,ES,Combined TRACON& Tower with Radar,11,32,46,7,96,0,0,33,2,35,11,32,79,9,131,36,0,36,167
09/05/2005,CHA,TN,ASO,ES,Combined TRACON& Tower with Radar,13,36,52,1,102,0,0,62,7,69,13,36,114,8,171,46,0,46,217
09/06/2005,CHA,TN,ASO,ES,Combined TRACON& Tower with Radar,10,53,77,77,217,0,0,29,9,38,10,53,106,86,255,58,108,166,421
09/07/2005,CHA,TN,ASO,ES,Combined TRACON& Tower with Radar,16,75,80,66,237,1,0,46,6,53,17,75,126,72,290,33,48,81,371
09/08/2005,CHA,TN,ASO,ES,Combined TRACON& Tower with Radar,17,59,98,36,210,4,0,51,1,56,21,59,149,37,266,0,52,52,318
09/09/2005,CHA,TN,ASO,ES,Combined TRACON& Tower with Radar,12,58,81,49,200,0,0,44,3,47,12,58,125,52,247,48,31,79,326
09/10/2005,CHA,TN,ASO,ES,Combined TRACON& Tower with Radar,10,32,43,0,85,0,0,39,0,39,10,32,82,0,124,58,0,58,182
09/11/2005,CHA,TN,ASO,ES,Combined TRACON& Tower with Radar,9,45,53,9,116,0,0,55,1,56,9,45,108,10,172,25,6,31,203
09/12/2005,CHA,TN,ASO,ES,Combined TRACON& Tower with Radar,10,47,69,44,170,0,0,35,5,40,10,47,104,49,210,27,28,55,265
09/13/2005,CHA,TN,ASO,ES,Combined TRACON& Tower with Radar,12,46,60,48,166,0,0,40,3,43,12,46,100,51,209,20,46,66,275
09/14/2005,CHA,TN,ASO,ES,Combined TRACON& Tower with Radar,15,50,104,71,240,0,1,40,2,43,15,51,144,73,283,34,50,84,367
09/15/2005,CHA,TN,ASO,ES,Combined TRACON& Tower with Radar,12,56,86,55,209,0,0,33,0,33,12,56,119,55,242,62,60,122,364
09/16/2005,CHA,TN,ASO,ES,Combined TRACON& Tower with Radar,8,50,62,11,131,0,0,15,0,15,8,50,77,11,146,2,2,4,150
09/17/2005,CHA,TN,ASO,ES,Combined TRACON& Tower with Radar,16,28,50,2,96,0,0,50,0,50,16,28,100,2,146,20,0,20,166
09/18/2005,CHA,TN,ASO,ES,Combined TRACON& Tower with Radar,7,32,78,8,125,0,1,60,0,61,7,33,138,8,186,41,10,51,237
09/19/2005,CHA,TN,ASO,ES,Combined TRACON& Tower with Radar,11,60,78,76,225,0,0,52,4,56,11,60,130,80,281,71,78,149,430
09/20/2005,CHA,TN,ASO,ES,Combined TRACON& Tower with Radar,12,53,90,46,201,0,6,56,1,63,12,59,146,47,264,64,122,186,450
09/21/2005,CHA,TN,ASO,ES,Combined TRACON& Tower with Radar,14,57,91,49,211,0,0,43,3,46,14,57,134,52,257,18,52,70,327
09/22/2005,CHA,TN,ASO,ES,Combined TRACON& Tower with Radar,15,48,107,60,230,0,1,39,5,45,15,49,146,65,275,60,80,140,415
09/23/2005,CHA,TN,ASO,ES,Combined TRACON& Tower with Radar,10,48,103,82,243,0,0,50,1,51,10,48,153,83,294,77,109,186,480
09/24/2005,CHA,TN,ASO,ES,Combined TRACON& Tower with Radar,9,33,46,7,95,0,0,36,0,36,9,33,82,7,131,47,5,52,183
09/25/2005,CHA,TN,ASO,ES,Combined TRACON& Tower with Radar,9,37,61,6,113,0,1,6,0,7,9,38,67,6,120,14,6,20,140
09/26/2005,CHA,TN,ASO,ES,Combined TRACON& Tower with Radar,11,55,68,40,174,0,0,2,0,2,11,55,70,40,176,10,22,32,208
09/27/2005,CHA,TN,ASO,ES,Combined TRACON& Tower with Radar,14,48,85,61,208,0,0,31,1,32,14,48,116,62,240,30,38,68,308
09/28/2005,CHA,TN,ASO,ES,Combined TRACON& Tower with Radar,13,58,78,60,209,0,0,12,0,12,13,58,90,60,221,40,40,80,301
09/29/2005,CHA,TN,ASO,ES,Combined TRACON& Tower with Radar,13,45,94,24,176,0,0,28,3,31,13,45,122,27,207,0,4,4,211
09/30/2005,CHA,TN,ASO,ES,Combined TRACON& Tower with Radar,12,47,91,11,161,0,3,62,2,67,12,50,153,13,228,70,9,79,307
10/01/2005,CHA,TN,ASO,ES,Combined TRACON& Tower with Radar,10,34,50,0,94,0,1,44,1,46,10,35,94,1,140,40,4,44,184
10/02/2005,CHA,TN,ASO,ES,Combined TRACON& Tower with Radar,8,44,73,2,127,0,0,47,1,48,8,44,120,3,175,65,0,65,240
10/03/2005,CHA,TN,ASO,ES,Combined TRACON& Tower with Radar,15,63,69,57,204,0,2,34,0,36,15,65,103,57,240,44,73,117,357
10/04/2005,CHA,TN,ASO,ES,Combined TRACON& Tower with Radar,12,53,60,69,194,0,0,34,3,37,12,53,94,72,231,54,64,118,349
10/05/2005,CHA,TN,ASO,ES,Combined TRACON& Tower with Radar,22,59,65,41,187,0,0,31,2,33,22,59,96,43,220,28,54,82,302
10/06/2005,CHA,TN,ASO,ES,Combined TRACON& Tower with Radar,14,55,103,36,208,0,0,1,0,1,14,55,104,36,209,2,32,34,243
10/07/2005,CHA,TN,ASO,ES,Combined TRACON& Tower with Radar,11,58,62,16,147,0,0,1,0,1,11,58,63,16,148,6,16,22,170
10/08/2005,CHA,TN,ASO,ES,Combined TRACON& Tower with Radar,9,38,64,9,120,0,0,12,0,12,9,38,76,9,132,24,0,24,156
10/09/2005,CHA,TN,ASO,ES,Combined TRACON& Tower with Radar,9,41,74,7,131,0,0,5,0,5,9,41,79,7,136,45,0,45,181
10/10/2005,CHA,TN,ASO,ES,Combined TRACON& Tower with Radar,12,48,58,9,127,0,0,20,0,20,12,48,78,9,147,32,4,36,183
10/11/2005,CHA,TN,ASO,ES,Combined TRACON& Tower with Radar,12,54,107,32,205,0,3,31,1,35,12,57,138,33,240,54,63,117,357
10/12/2005,CHA,TN,ASO,ES,Combined TRACON& Tower with Radar,16,53,89,68,226,0,0,29,1,30,16,53,118,69,256,70,58,128,384
10/13/2005,CHA,TN,ASO,ES,Combined TRACON& Tower with Radar,12,69,119,15,215,0,0,68,1,69,12,69,187,16,284,13,6,19,303
10/14/2005,CHA,TN,ASO,ES,Combined TRACON& Tower with Radar,13,58,92,34,197,0,0,38,3,41,13,58,130,37,238,46,53,99,337
10/15/2005,CHA,TN,ASO,ES,Combined TRACON& Tower with Radar,12,41,38,14,105,0,0,54,3,57,12,41,92,17,162,48,12,60,222
10/16/2005,CHA,TN,ASO,ES,Combined TRACON& Tower with Radar,6,36,57,2,101,1,5,42,2,50,7,41,99,4,151,27,0,27,178
10/17/2005,CHA,TN,ASO,ES,Combined TRACON& Tower with Radar,6,52,78,53,189,0,0,61,3,64,6,52,139,56,253,33,51,84,337
10/18/2005,CHA,TN,ASO,ES,Combined TRACON& Tower with Radar,16,58,82,71,227,0,0,80,1,81,16,58,162,72,308,22,68,90,398
10/19/2005,CHA,TN,ASO,ES,Combined TRACON& Tower with Radar,12,59,102,44,217,0,0,63,4,67,12,59,165,48,284,57,75,132,416
10/20/2005,CHA,TN,ASO,ES,Combined TRACON& Tower with Radar,16,64,104,40,224,0,0,67,0,67,16,64,171,40,291,62,42,104,395
10/21/2005,CHA,TN,ASO,ES,Combined TRACON& Tower with Radar,11,64,101,16,192,0,1,31,2,34,11,65,132,18,226,36,22,58,284
10/22/2005,CHA,TN,ASO,ES,Combined TRACON& Tower with Radar,15,33,53,2,103,0,0,25,8,33,15,33,78,10,136,30,0,30,166
10/23/2005,CHA,TN,ASO,ES,Combined TRACON& Tower with Radar,8,50,70,6,134,0,0,50,1,51,8,50,120,7,185,80,2,82,267
10/24/2005,CHA,TN,ASO,ES,Combined TRACON& Tower with Radar,12,58,56,25,151,0,0,27,1,28,12,58,83,26,179,25,22,47,226
10/25/2005,CHA,TN,ASO,ES,Combined TRACON& Tower with Radar,12,57,66,5,140,0,0,35,0,35,12,57,101,5,175,2,6,8,183
10/26/2005,CHA,TN,ASO,ES,Combined TRACON& Tower with Radar,28,62,93,21,204,0,0,53,4,57,28,62,146,25,261,57,32,89,350
10/27/2005,CHA,TN,ASO,ES,Combined TRACON& Tower with Radar,16,61,61,4,142,0,0,38,1,39,16,61,99,5,181,0,17,17,198
10/28/2005,CHA,TN,ASO,ES,Combined TRACON& Tower with Radar,14,52,97,16,179,0,0,86,4,90,14,52,183,20,269,40,18,58,327
10/29/2005,CHA,TN,ASO,ES,Combined TRACON& Tower with Radar,8,23,39,0,70,0,0,85,0,85,8,23,124,0,155,63,0,63,218
10/30/2005,CHA,TN,ASO,ES,Combined TRACON& Tower with Radar,7,39,38,7,91,0,2,53,5,60,7,41,91,12,151,78,2,80,231
10/31/2005,CHA,TN,ASO,ES,Combined TRACON& Tower with Radar,11,54,61,39,165,0,1,49,5,55,11,55,110,44,220,14,32,46,266
11/01/2005,CHA,TN,ASO,ES,Combined TRACON& Tower with Radar,12,50,83,10,155,0,0,28,8,36,12,50,111,18,191,42,33,75,266
11/02/2005,CHA,TN,ASO,ES,Combined TRACON& Tower with Radar,11,61,80,31,183,0,0,74,3,77,11,61,154,34,260,42,75,117,377
11/03/2005,CHA,TN,ASO,ES,Combined TRACON& Tower with Radar,13,67,101,35,216,0,0,61,1,62,13,67,162,36,278,48,17,65,343
11/04/2005,CHA,TN,ASO,ES,Combined TRACON& Tower with Radar,12,55,74,27,168,0,0,42,2,44,12,55,116,29,212,98,16,114,326
11/05/2005,CHA,TN,ASO,ES,Combined TRACON& Tower with Radar,11,35,74,6,126,0,0,53,3,56,11,35,127,9,182,27,2,29,211
11/06/2005,CHA,TN,ASO,ES,Combined TRACON& Tower with Radar,10,39,78,8,135,0,1,44,4,49,10,40,122,12,184,36,12,48,232
11/07/2005,CHA,TN,ASO,ES,Combined TRACON& Tower with Radar,12,56,63,104,235,0,0,50,6,56,12,56,113,110,291,13,90,103,394
11/08/2005,CHA,TN,ASO,ES,Combined TRACON& Tower with Radar,10,60,79,90,239,0,0,45,2,47,10,60,124,92,286,72,21,93,379
11/09/2005,CHA,TN,ASO,ES,Combined TRACON& Tower with Radar,11,58,86,55,210,0,2,46,1,49,11,60,132,56,259,22,12,34,293
11/10/2005,CHA,TN,ASO,ES,Combined TRACON& Tower with Radar,10,61,98,31,200,0,1,39,1,41,10,62,137,32,241,31,38,69,310
11/11/2005,CHA,TN,ASO,ES,Combined TRACON& Tower with Radar,12,57,105,0,174,0,0,86,2,88,12,57,191,2,262,102,2,104,366
11/12/2005,CHA,TN,ASO,ES,Combined TRACON& Tower with Radar,10,34,78,0,122,0,0,78,2,80,10,34,156,2,202,29,0,29,231
11/13/2005,CHA,TN,ASO,ES,Combined TRACON& Tower with Radar,7,42,69,0,118,0,0,11,0,11,7,42,80,0,129,57,0,57,186
11/14/2005,CHA,TN,ASO,ES,Combined TRACON& Tower with Radar,14,58,63,2,137,0,0,0,0,0,14,58,63,2,137,6,4,10,147
11/15/2005,CHA,TN,ASO,ES,Combined TRACON& Tower with Radar,8,55,55,41,159,0,0,6,0,6,8,55,61,41,165,2,55,57,222
11/16/2005,CHA,TN,ASO,ES,Combined TRACON& Tower with Radar,12,62,88,24,186,0,0,26,1,27,12,62,114,25,213,57,8,65,278
11/17/2005,CHA,TN,ASO,ES,Combined TRACON& Tower with Radar,12,55,111,18,196,0,0,62,3,65,12,55,173,21,261,44,16,60,321
11/18/2005,CHA,TN,ASO,ES,Combined TRACON& Tower with Radar,10,50,88,19,167,0,0,53,2,55,10,50,141,21,222,7,10,17,239
11/19/2005,CHA,TN,ASO,ES,Combined TRACON& Tower with Radar,9,31,98,1,139,0,3,56,1,60,9,34,154,2,199,74,2,76,275
11/20/2005,CHA,TN,ASO,ES,Combined TRACON& Tower with Radar,10,46,76,0,132,0,0,36,0,36,10,46,112,0,168,59,0,59,227
11/21/2005,CHA,TN,ASO,ES,Combined TRACON& Tower with Radar,10,61,51,0,122,0,0,0,0,0,10,61,51,0,122,14,0,14,136
11/22/2005,CHA,TN,ASO,ES,Combined TRACON& Tower with Radar,13,64,76,38,191,0,0,25,3,28,13,64,101,41,219,8,50,58,277
11/23/2005,CHA,TN,ASO,ES,Combined TRACON& Tower with Radar,13,64,100,23,200,0,0,43,3,46,13,64,143,26,246,17,26,43,289
11/24/2005,CHA,TN,ASO,ES,Combined TRACON& Tower with Radar,5,35,7,0,47,0,0,21,0,21,5,35,28,0,68,0,0,0,68
11/25/2005,CHA,TN,ASO,ES,Combined TRACON& Tower with Radar,11,39,48,0,98,0,0,55,0,55,11,39,103,0,153,46,0,46,199
11/26/2005,CHA,TN,ASO,ES,Combined TRACON& Tower with Radar,10,37,44,0,91,0,0,47,0,47,10,37,91,0,138,19,0,19,157
11/27/2005,CHA,TN,ASO,ES,Combined TRACON& Tower with Radar,9,44,64,2,119,0,0,6,0,6,9,44,70,2,125,54,0,54,179
11/28/2005,CHA,TN,ASO,ES,Combined TRACON& Tower with Radar,12,53,54,7,126,0,0,2,0,2,12,53,56,7,128,0,0,0,128
11/29/2005,CHA,TN,ASO,ES,Combined TRACON& Tower with Radar,22,54,91,63,230,1,0,32,4,37,23,54,123,67,267,39,33,72,339
11/30/2005,CHA,TN,ASO,ES,Combined TRACON& Tower with Radar,19,55,98,57,229,0,3,53,2,58,19,58,151,59,287,49,82,131,418
12/01/2005,CHA,TN,ASO,ES,Combined TRACON& Tower with Radar,11,60,67,19,157,0,0,36,3,39,11,60,103,22,196,0,28,28,224
12/02/2005,CHA,TN,ASO,ES,Combined TRACON& Tower with Radar,12,54,70,26,162,0,0,52,4,56,12,54,122,30,218,31,22,53,271
12/03/2005,CHA,TN,ASO,ES,Combined TRACON& Tower with Radar,11,27,28,4,70,0,0,4,2,6,11,27,32,6,76,1,0,1,77
12/04/2005,CHA,TN,ASO,ES,Combined TRACON& Tower with Radar,9,44,32,0,85,0,0,0,0,0,9,44,32,0,85,0,0,0,85
12/05/2005,CHA,TN,ASO,ES,Combined TRACON& Tower with Radar,7,5,51,6,69,0,0,4,0,4,7,5,55,6,73,0,0,0,73
12/06/2005,CHA,TN,ASO,ES,Combined TRACON& Tower with Radar,9,59,79,12,159,0,0,64,6,70,9,59,143,18,229,59,12,71,300
12/07/2005,CHA,TN,ASO,ES,Combined TRACON& Tower with Radar,10,62,102,75,249,0,0,56,2,58,10,62,158,77,307,36,48,84,391
12/08/2005,CHA,TN,ASO,ES,Combined TRACON& Tower with Radar,16,44,76,40,176,0,0,3,0,3,16,44,79,40,179,5,8,13,192
12/09/2005,CHA,TN,ASO,ES,Combined TRACON& Tower with Radar,12,48,86,25,171,0,4,65,6,75,12,52,151,31,246,4,68,72,318
12/10/2005,CHA,TN,ASO,ES,Combined TRACON& Tower with Radar,12,33,31,0,76,0,0,79,0,79,12,33,110,0,155,42,0,42,197
12/11/2005,CHA,TN,ASO,ES,Combined TRACON& Tower with Radar,8,51,43,0,102,0,0,20,2,22,8,51,63,2,124,21,0,21,145
12/12/2005,CHA,TN,ASO,ES,Combined TRACON& Tower with Radar,9,55,72,30,166,0,0,24,3,27,9,55,96,33,193,19,18,37,230
12/13/2005,CHA,TN,ASO,ES,Combined TRACON& Tower with Radar,11,53,102,17,183,0,0,38,1,39,11,53,140,18,222,12,16,28,250
12/14/2005,CHA,TN,ASO,ES,Combined TRACON& Tower with Radar,10,54,80,32,176,0,0,20,0,20,10,54,100,32,196,0,19,19,215
12/15/2005,CHA,TN,ASO,ES,Combined TRACON& Tower with Radar,9,44,61,1,115,0,0,4,0,4,9,44,65,1,119,3,0,3,122
12/16/2005,CHA,TN,ASO,ES,Combined TRACON& Tower with Radar,18,61,112,44,235,0,0,51,4,55,18,61,163,48,290,14,30,44,334
12/17/2005,CHA,TN,ASO,ES,Combined TRACON& Tower with Radar,8,30,38,3,79,0,0,46,5,51,8,30,84,8,130,23,0,23,153
12/18/2005,CHA,TN,ASO,ES,Combined TRACON& Tower with Radar,9,40,51,8,108,0,0,28,3,31,9,40,79,11,139,7,0,7,146
12/19/2005,CHA,TN,ASO,ES,Combined TRACON& Tower with Radar,21,62,73,27,183,0,0,37,2,39,21,62,110,29,222,30,12,42,264
12/20/2005,CHA,TN,ASO,ES,Combined TRACON& Tower with Radar,21,44,70,38,173,0,1,56,4,61,21,45,126,42,234,45,36,81,315
12/21/2005,CHA,TN,ASO,ES,Combined TRACON& Tower with Radar,8,66,75,32,181,0,6,52,6,64,8,72,127,38,245,44,52,96,341
12/22/2005,CHA,TN,ASO,ES,Combined TRACON& Tower with Radar,15,57,65,18,155,0,1,37,2,40,15,58,102,20,195,3,0,3,198
12/23/2005,CHA,TN,ASO,ES,Combined TRACON& Tower with Radar,10,42,44,20,116,0,0,51,0,51,10,42,95,20,167,18,34,52,219
12/24/2005,CHA,TN,ASO,ES,Combined TRACON& Tower with Radar,7,24,13,0,44,0,0,3,0,3,7,24,16,0,47,9,0,9,56
12/25/2005,CHA,TN,ASO,ES,Combined TRACON& Tower with Radar,8,35,7,0,50,0,0,0,0,0,8,35,7,0,50,2,0,2,52
12/26/2005,CHA,TN,ASO,ES,Combined TRACON& Tower with Radar,11,48,52,0,111,0,0,11,0,11,11,48,63,0,122,2,0,2,124
12/27/2005,CHA,TN,ASO,ES,Combined TRACON& Tower with Radar,7,51,43,0,101,0,5,67,0,72,7,56,110,0,173,44,0,44,217
12/28/2005,CHA,TN,ASO,ES,Combined TRACON& Tower with Radar,11,47,23,0,81,0,0,2,0,2,11,47,25,0,83,0,0,0,83
12/29/2005,CHA,TN,ASO,ES,Combined TRACON& Tower with Radar,14,48,63,7,132,0,0,3,0,3,14,48,66,7,135,32,0,32,167
12/30/2005,CHA,TN,ASO,ES,Combined TRACON& Tower with Radar,14,44,63,7,128,0,0,29,2,31,14,44,92,9,159,42,0,42,201
12/31/2005,CHA,TN,ASO,ES,Combined TRACON& Tower with Radar,8,28,14,0,50,0,0,39,0,39,8,28,53,0,89,12,0,12,101
01/01/2006,CHA,TN,ASO,ES,Combined TRACON& Tower with Radar,6,43,48,0,97,0,0,3,0,3,6,43,51,0,100,11,0,11,111
01/02/2006,CHA,TN,ASO,ES,Combined TRACON& Tower with Radar,6,45,25,0,76,0,2,5,0,7,6,47,30,0,83,0,0,0,83
01/03/2006,CHA,TN,ASO,ES,Combined TRACON& Tower with Radar,5,44,118,26,193,0,9,26,1,36,5,53,144,27,229,17,10,27,256
01/04/2006,CHA,TN,ASO,ES,Combined TRACON& Tower with Radar,11,39,48,44,142,0,0,71,1,72,11,39,119,45,214,45,38,83,297
01/05/2006,CHA,TN,ASO,ES,Combined TRACON& Tower with Radar,11,55,80,36,182,0,1,29,8,38,11,56,109,44,220,61,12,73,293
01/06/2006,CHA,TN,ASO,ES,Combined TRACON& Tower with Radar,15,60,51,26,152,0,0,6,8,14,15,60,57,34,166,34,8,42,208
01/07/2006,CHA,TN,ASO,ES,Combined TRACON& Tower with Radar,9,30,34,14,87,0,0,50,3,53,9,30,84,17,140,38,6,44,184
01/08/2006,CHA,TN,ASO,ES,Combined TRACON& Tower with Radar,7,44,31,2,84,0,1,39,2,42,7,45,70,4,126,31,0,31,157
01/09/2006,CHA,TN,ASO,ES,Combined TRACON& Tower with Radar,8,51,75,61,195,0,0,19,3,22,8,51,94,64,217,23,48,71,288
01/10/2006,CHA,TN,ASO,ES,Combined TRACON& Tower with Radar,11,50,48,52,161,0,1,25,12,38,11,51,73,64,199,12,33,45,244
01/11/2006,CHA,TN,ASO,ES,Combined TRACON& Tower with Radar,10,60,76,10,156,0,0,39,4,43,10,60,115,14,199,17,64,81,280
01/12/2006,CHA,TN,ASO,ES,Combined TRACON& Tower with Radar,11,62,95,61,229,0,0,63,2,65,11,62,158,63,294,28,28,56,350
01/13/2006,CHA,TN,ASO,ES,Combined TRACON& Tower with Radar,7,42,53,1,103,0,0,7,1,8,7,42,60,2,111,0,0,0,111
01/14/2006,CHA,TN,ASO,ES,Combined TRACON& Tower with Radar,9,25,22,2,58,0,0,4,0,4,9,25,26,2,62,0,0,0,62
01/15/2006,CHA,TN,ASO,ES,Combined TRACON& Tower with Radar,8,39,60,9,116,0,0,53,0,53,8,39,113,9,169,54,0,54,223
01/16/2006,CHA,TN,ASO,ES,Combined TRACON& Tower with Radar,31,42,67,6,146,0,0,11,0,11,31,42,78,6,157,33,0,33,190
01/17/2006,CHA,TN,ASO,ES,Combined TRACON& Tower with Radar,18,49,42,1,110,0,0,0,1,1,18,49,42,2,111,0,0,0,111
01/18/2006,CHA,TN,ASO,ES,Combined TRACON& Tower with Radar,23,51,87,48,209,0,0,40,2,42,23,51,127,50,251,41,32,73,324
01/19/2006,CHA,TN,ASO,ES,Combined TRACON& Tower with Radar,12,64,60,85,221,0,0,360,3,363,12,64,420,88,584,32,91,123,707
01/20/2006,CHA,TN,ASO,ES,Combined TRACON& Tower with Radar,10,49,63,57,179,0,2,37,6,45,10,51,100,63,224,0,42,42,266
01/21/2006,CHA,TN,ASO,ES,Combined TRACON& Tower with Radar,8,31,24,5,68,0,0,0,0,0,8,31,24,5,68,5,0,5,73
01/22/2006,CHA,TN,ASO,ES,Combined TRACON& Tower with Radar,8,35,75,2,120,0,0,1,2,3,8,35,76,4,123,6,0,6,129
01/23/2006,CHA,TN,ASO,ES,Combined TRACON& Tower with Radar,9,51,44,0,104,0,0,1,0,1,9,51,45,0,105,0,0,0,105
01/24/2006,CHA,TN,ASO,ES,Combined TRACON& Tower with Radar,10,55,83,53,201,0,1,33,6,40,10,56,116,59,241,4,32,36,277
01/25/2006,CHA,TN,ASO,ES,Combined TRACON& Tower with Radar,10,56,74,15,155,0,2,38,1,41,10,58,112,16,196,42,6,48,244
01/26/2006,CHA,TN,ASO,ES,Combined TRACON& Tower with Radar,12,61,75,14,162,0,2,63,1,66,12,63,138,15,228,70,46,116,344
01/27/2006,CHA,TN,ASO,ES,Combined TRACON& Tower with Radar,10,51,87,8,156,0,1,25,5,31,10,52,112,13,187,50,0,50,237
01/28/2006,CHA,TN,ASO,ES,Combined TRACON& Tower with Radar,7,31,38,0,76,0,0,57,0,57,7,31,95,0,133,63,0,63,196
01/29/2006,CHA,TN,ASO,ES,Combined TRACON& Tower with Radar,6,35,29,13,83,0,2,3,0,5,6,37,32,13,88,2,4,6,94
01/30/2006,CHA,TN,ASO,ES,Combined TRACON& Tower with Radar,20,47,52,55,174,0,0,9,0,9,20,47,61,55,183,0,18,18,201
01/31/2006,CHA,TN,ASO,ES,Combined TRACON& Tower with Radar,17,53,82,66,218,0,2,29,14,45,17,55,111,80,263,6,15,21,284
02/01/2006,CHA,TN,ASO,ES,Combined TRACON& Tower with Radar,11,64,78,55,208,0,1,54,10,65,11,65,132,65,273,70,39,109,382
02/02/2006,CHA,TN,ASO,ES,Combined TRACON& Tower with Radar,11,54,92,20,177,0,1,11,2,14,11,55,103,22,191,14,5,19,210
02/03/2006,CHA,TN,ASO,ES,Combined TRACON& Tower with Radar,11,50,95,0,156,0,34,0,0,34,11,84,95,0,190,14,0,14,204
02/04/2006,CHA,TN,ASO,ES,Combined TRACON& Tower with Radar,7,36,25,0,68,0,0,0,3,3,7,36,25,3,71,0,0,0,71
02/05/2006,CHA,TN,ASO,ES,Combined TRACON& Tower with Radar,9,39,30,2,80,0,2,51,0,53,9,41,81,2,133,26,0,26,159
02/06/2006,CHA,TN,ASO,ES,Combined TRACON& Tower with Radar,3,52,49,29,133,0,0,2,0,2,3,52,51,29,135,0,10,10,145
02/07/2006,CHA,TN,ASO,ES,Combined TRACON& Tower with Radar,18,57,72,22,169,0,2,48,1,51,18,59,120,23,220,10,22,32,252
02/08/2006,CHA,TN,ASO,ES,Combined TRACON& Tower with Radar,8,45,77,19,149,0,3,27,0,30,8,48,104,19,179,22,14,36,215
02/09/2006,CHA,TN,ASO,ES,Combined TRACON& Tower with Radar,11,60,97,34,202,1,0,29,1,31,12,60,126,35,233,12,17,29,262
02/10/2006,CHA,TN,ASO,ES,Combined TRACON& Tower with Radar,12,53,76,60,201,0,0,36,4,40,12,53,112,64,241,23,54,77,318
02/11/2006,CHA,TN,ASO,ES,Combined TRACON& Tower with Radar,9,34,17,0,60,0,0,0,0,0,9,34,17,0,60,4,0,4,64
02/12/2006,CHA,TN,ASO,ES,Combined TRACON& Tower with Radar,9,42,29,18,98,0,0,5,0,5,9,42,34,18,103,10,12,22,125
02/13/2006,CHA,TN,ASO,ES,Combined TRACON& Tower with Radar,8,50,65,17,140,0,0,36,7,43,8,50,101,24,183,8,6,14,197
02/14/2006,CHA,TN,ASO,ES,Combined TRACON& Tower with Radar,16,51,58,16,141,0,2,85,2,89,16,53,143,18,230,43,18,61,291
02/15/2006,CHA,TN,ASO,ES,Combined TRACON& Tower with Radar,27,54,108,31,220,0,0,46,4,50,27,54,154,35,270,95,65,160,430
02/16/2006,CHA,TN,ASO,ES,Combined TRACON& Tower with Radar,18,67,68,27,180,0,1,37,1,39,18,68,105,28,219,49,22,71,290
02/17/2006,CHA,TN,ASO,ES,Combined TRACON& Tower with Radar,12,48,78,32,170,0,0,24,2,26,12,48,102,34,196,6,0,6,202
02/18/2006,CHA,TN,ASO,ES,Combined TRACON& Tower with Radar,7,28,4,0,39,0,0,1,0,1,7,28,5,0,40,0,0,0,40
02/19/2006,CHA,TN,ASO,ES,Combined TRACON& Tower with Radar,6,40,43,0,89,0,0,12,0,12,6,40,55,0,101,30,0,30,131
02/20/2006,CHA,TN,ASO,ES,Combined TRACON& Tower with Radar,9,56,59,2,126,0,1,3,0,4,9,57,62,2,130,0,0,0,130
02/21/2006,CHA,TN,ASO,ES,Combined TRACON& Tower with Radar,6,67,62,50,185,0,1,38,1,40,6,68,100,51,225,16,42,58,283
02/22/2006,CHA,TN,ASO,ES,Combined TRACON& Tower with Radar,9,56,77,14,156,0,0,0,0,0,9,56,77,14,156,0,0,0,156
02/23/2006,CHA,TN,ASO,ES,Combined TRACON& Tower with Radar,12,63,117,9,201,0,0,48,2,50,12,63,165,11,251,14,0,14,265
02/24/2006,CHA,TN,ASO,ES,Combined TRACON& Tower with Radar,13,53,98,6,170,0,0,95,2,97,13,53,193,8,267,85,8,93,360
02/25/2006,CHA,TN,ASO,ES,Combined TRACON& Tower with Radar,12,29,55,5,101,0,0,28,0,28,12,29,83,5,129,20,0,20,149
02/26/2006,CHA,TN,ASO,ES,Combined TRACON& Tower with Radar,5,41,56,8,110,0,0,42,4,46,5,41,98,12,156,43,10,53,209
02/27/2006,CHA,TN,ASO,ES,Combined TRACON& Tower with Radar,8,46,61,15,130,0,0,66,1,67,8,46,127,16,197,77,20,97,294
02/28/2006,CHA,TN,ASO,ES,Combined TRACON& Tower with Radar,8,56,100,41,205,0,0,41,6,47,8,56,141,47,252,37,34,71,323
03/01/2006,CHA,TN,ASO,ES,Combined TRACON& Tower with Radar,11,67,59,17,154,0,1,48,2,51,11,68,107,19,205,58,30,88,293
03/02/2006,CHA,TN,ASO,ES,Combined TRACON& Tower with Radar,8,64,77,15,164,0,0,27,0,27,8,64,104,15,191,0,0,0,191
03/03/2006,CHA,TN,ASO,ES,Combined TRACON& Tower with Radar,11,54,87,25,177,0,0,69,2,71,11,54,156,27,248,15,16,31,279
03/04/2006,CHA,TN,ASO,ES,Combined TRACON& Tower with Radar,9,37,55,5,106,0,0,58,5,63,9,37,113,10,169,6,0,6,175
03/05/2006,CHA,TN,ASO,ES,Combined TRACON& Tower with Radar,8,36,59,18,121,0,0,53,0,53,8,36,112,18,174,8,0,8,182
03/06/2006,CHA,TN,ASO,ES,Combined TRACON& Tower with Radar,9,59,68,35,171,0,0,34,4,38,9,59,102,39,209,28,36,64,273
03/07/2006,CHA,TN,ASO,ES,Combined TRACON& Tower with Radar,12,57,67,41,177,0,3,40,9,52,12,60,107,50,229,27,49,76,305
03/08/2006,CHA,TN,ASO,ES,Combined TRACON& Tower with Radar,14,58,53,70,195,0,0,49,4,53,14,58,102,74,248,26,42,68,316
03/09/2006,CHA,TN,ASO,ES,Combined TRACON& Tower with Radar,12,51,73,47,183,0,0,17,2,19,12,51,90,49,202,12,56,68,270
03/10/2006,CHA,TN,ASO,ES,Combined TRACON& Tower with Radar,17,44,79,21,161,0,0,49,2,51,17,44,128,23,212,9,14,23,235
03/11/2006,CHA,TN,ASO,ES,Combined TRACON& Tower with Radar,16,26,34,0,76,0,0,21,3,24,16,26,55,3,100,20,0,20,120
03/12/2006,CHA,TN,ASO,ES,Combined TRACON& Tower with Radar,8,40,38,3,89,0,0,19,2,21,8,40,57,5,110,24,0,24,134
03/13/2006,CHA,TN,ASO,ES,Combined TRACON& Tower with Radar,10,54,49,42,155,0,0,9,1,10,10,54,58,43,165,0,24,24,189
03/14/2006,CHA,TN,ASO,ES,Combined TRACON& Tower with Radar,12,48,65,25,150,0,0,28,3,31,12,48,93,28,181,2,28,30,211
03/15/2006,CHA,TN,ASO,ES,Combined TRACON& Tower with Radar,12,54,78,18,162,0,0,55,0,55,12,54,133,18,217,14,27,41,258
03/16/2006,CHA,TN,ASO,ES,Combined TRACON& Tower with Radar,12,53,75,53,193,0,4,36,3,43,12,57,111,56,236,42,26,68,304
03/17/2006,CHA,TN,ASO,ES,Combined TRACON& Tower with Radar,21,37,80,46,184,0,0,46,8,54,21,37,126,54,238,33,18,51,289
03/18/2006,CHA,TN,ASO,ES,Combined TRACON& Tower with Radar,10,31,48,21,110,0,0,60,3,63,10,31,108,24,173,22,9,31,204
03/19/2006,CHA,TN,ASO,ES,Combined TRACON& Tower with Radar,8,41,77,14,140,0,1,32,2,35,8,42,109,16,175,76,0,76,251
03/20/2006,CHA,TN,ASO,ES,Combined TRACON& Tower with Radar,8,48,39,7,102,0,0,0,0,0,8,48,39,7,102,0,0,0,102
03/21/2006,CHA,TN,ASO,ES,Combined TRACON& Tower with Radar,12,48,70,30,160,0,0,9,1,10,12,48,79,31,170,6,20,26,196
03/22/2006,CHA,TN,ASO,ES,Combined TRACON& Tower with Radar,11,58,68,26,163,0,0,38,10,48,11,58,106,36,211,34,40,74,285
03/23/2006,CHA,TN,ASO,ES,Combined TRACON& Tower with Radar,24,58,97,45,224,0,0,26,7,33,24,58,123,52,257,54,46,100,357
03/24/2006,CHA,TN,ASO,ES,Combined TRACON& Tower with Radar,10,43,104,30,187,0,0,48,8,56,10,43,152,38,243,38,52,90,333
03/25/2006,CHA,TN,ASO,ES,Combined TRACON& Tower with Radar,12,35,50,6,103,0,0,39,2,41,12,35,89,8,144,0,12,12,156
03/26/2006,CHA,TN,ASO,ES,Combined TRACON& Tower with Radar,10,40,58,14,122,0,0,69,0,69,10,40,127,14,191,37,0,37,228
03/27/2006,CHA,TN,ASO,ES,Combined TRACON& Tower with Radar,10,52,72,45,179,0,0,56,1,57,10,52,128,46,236,40,50,90,326
03/28/2006,CHA,TN,ASO,ES,Combined TRACON& Tower with Radar,30,57,94,32,213,0,1,31,4,36,30,58,125,36,249,18,10,28,277
03/29/2006,CHA,TN,ASO,ES,Combined TRACON& Tower with Radar,16,59,95,44,214,0,0,54,5,59,16,59,149,49,273,44,68,112,385
03/30/2006,CHA,TN,ASO,ES,Combined TRACON& Tower with Radar,28,36,58,44,166,0,0,46,5,51,28,36,104,49,217,78,10,88,305
03/31/2006,CHA,TN,ASO,ES,Combined TRACON& Tower with Radar,24,40,80,25,169,0,2,7,4,13,24,42,87,29,182,0,30,30,212
04/01/2006,CHA,TN,ASO,ES,Combined TRACON& Tower with Radar,7,37,72,6,122,0,5,48,1,54,7,42,120,7,176,0,0,0,176
04/02/2006,CHA,TN,ASO,ES,Combined TRACON& Tower with Radar,8,48,61,1,118,0,0,14,3,17,8,48,75,4,135,14,0,14,149
04/03/2006,CHA,TN,ASO,ES,Combined TRACON& Tower with Radar,8,53,48,16,125,0,0,10,2,12,8,53,58,18,137,0,12,12,149
04/04/2006,CHA,TN,ASO,ES,Combined TRACON& Tower with Radar,15,46,84,14,159,0,0,42,1,43,15,46,126,15,202,35,3,38,240
04/05/2006,CHA,TN,ASO,ES,Combined TRACON& Tower with Radar,9,58,88,32,187,0,0,39,3,42,9,58,127,35,229,27,0,27,256
04/06/2006,CHA,TN,ASO,ES,Combined TRACON& Tower with Radar,10,42,84,81,217,0,0,62,5,67,10,42,146,86,284,51,24,75,359
04/07/2006,CHA,TN,ASO,ES,Combined TRACON& Tower with Radar,14,47,88,13,162,0,0,15,1,16,14,47,103,14,178,4,10,14,192
04/08/2006,CHA,TN,ASO,ES,Combined TRACON& Tower with Radar,7,35,31,2,75,0,1,15,2,18,7,36,46,4,93,0,0,0,93
04/09/2006,CHA,TN,ASO,ES,Combined TRACON& Tower with Radar,9,36,58,2,105,0,0,48,5,53,9,36,106,7,158,30,4,34,192
04/10/2006,CHA,TN,ASO,ES,Combined TRACON& Tower with Radar,18,59,60,17,154,0,0,56,2,58,18,59,116,19,212,33,22,55,267
04/11/2006,CHA,TN,ASO,ES,Combined TRACON& Tower with Radar,25,50,62,35,172,0,0,68,9,77,25,50,130,44,249,42,44,86,335
04/12/2006,CHA,TN,ASO,ES,Combined TRACON& Tower with Radar,10,55,72,36,173,0,0,42,4,46,10,55,114,40,219,12,78,90,309
04/13/2006,CHA,TN,ASO,ES,Combined TRACON& Tower with Radar,12,53,94,34,193,0,13,69,9,91,12,66,163,43,284,32,22,54,338
04/14/2006,CHA,TN,ASO,ES,Combined TRACON& Tower with Radar,9,50,61,96,216,0,0,46,1,47,9,50,107,97,263,47,74,121,384
04/15/2006,CHA,TN,ASO,ES,Combined TRACON& Tower with Radar,6,42,44,0,92,0,4,31,0,35,6,46,75,0,127,10,0,10,137
04/16/2006,CHA,TN,ASO,ES,Combined TRACON& Tower with Radar,7,42,42,2,93,0,1,21,5,27,7,43,63,7,120,21,0,21,141
04/17/2006,CHA,TN,ASO,ES,Combined TRACON& Tower with Radar,10,49,80,34,173,0,0,23,1,24,10,49,103,35,197,7,30,37,234
04/18/2006,CHA,TN,ASO,ES,Combined TRACON& Tower with Radar,13,55,78,31,177,0,0,40,2,42,13,55,118,33,219,28,40,68,287
04/19/2006,CHA,TN,ASO,ES,Combined TRACON& Tower with Radar,14,54,87,23,178,0,0,22,0,22,14,54,109,23,200,17,0,17,217
04/20/2006,CHA,TN,ASO,ES,Combined TRACON& Tower with Radar,10,59,100,8,177,0,0,20,1,21,10,59,120,9,198,12,14,26,224
04/21/2006,CHA,TN,ASO,ES,Combined TRACON& Tower with Radar,14,78,56,0,148,0,0,3,2,5,14,78,59,2,153,30,0,30,183
04/22/2006,CHA,TN,ASO,ES,Combined TRACON& Tower with Radar,8,37,38,0,83,0,0,40,0,40,8,37,78,0,123,16,0,16,139
04/23/2006,CHA,TN,ASO,ES,Combined TRACON& Tower with Radar,8,44,48,7,107,0,0,61,0,61,8,44,109,7,168,58,0,58,226
04/24/2006,CHA,TN,ASO,ES,Combined TRACON& Tower with Radar,11,53,54,38,156,0,1,36,5,42,11,54,90,43,198,12,40,52,250
04/25/2006,CHA,TN,ASO,ES,Combined TRACON& Tower with Radar,13,56,88,64,221,0,0,26,3,29,13,56,114,67,250,24,16,40,290
04/26/2006,CHA,TN,ASO,ES,Combined TRACON& Tower with Radar,13,62,53,9,137,0,0,4,0,4,13,62,57,9,141,0,0,0,141
04/27/2006,CHA,TN,ASO,ES,Combined TRACON& Tower with Radar,13,54,106,19,192,0,3,72,3,78,13,57,178,22,270,9,38,47,317
04/28/2006,CHA,TN,ASO,ES,Combined TRACON& Tower with Radar,11,67,80,14,172,0,3,69,7,79,11,70,149,21,251,25,25,50,301
04/29/2006,CHA,TN,ASO,ES,Combined TRACON& Tower with Radar,7,35,55,5,102,0,0,27,2,29,7,35,82,7,131,30,0,30,161
04/30/2006,CHA,TN,ASO,ES,Combined TRACON& Tower with Radar,8,36,66,6,116,0,0,18,0,18,8,36,84,6,134,0,0,0,134
05/01/2006,CHA,TN,ASO,ES,Combined TRACON& Tower with Radar,11,53,63,20,147,0,0,23,1,24,11,53,86,21,171,8,46,54,225
05/02/2006,CHA,TN,ASO,ES,Combined TRACON& Tower with Radar,7,59,76,29,171,0,0,25,1,26,7,59,101,30,197,0,0,0,197
05/03/2006,CHA,TN,ASO,ES,Combined TRACON& Tower with Radar,8,56,81,38,183,0,0,18,8,26,8,56,99,46,209,0,8,8,217
05/04/2006,CHA,TN,ASO,ES,Combined TRACON& Tower with Radar,13,59,78,1,151,0,4,11,4,19,13,63,89,5,170,45,0,45,215
05/05/2006,CHA,TN,ASO,ES,Combined TRACON& Tower with Radar,12,56,66,5,139,0,0,8,2,10,12,56,74,7,149,4,0,4,153
05/06/2006,CHA,TN,ASO,ES,Combined TRACON& Tower with Radar,6,36,47,15,104,0,10,30,7,47,6,46,77,22,151,0,0,0,151
05/07/2006,CHA,TN,ASO,ES,Combined TRACON& Tower with Radar,5,50,42,0,97,0,0,2,0,2,5,50,44,0,99,0,0,0,99
05/08/2006,CHA,TN,ASO,ES,Combined TRACON& Tower with Radar,8,53,87,31,179,0,0,32,1,33,8,53,119,32,212,63,2,65,277
05/09/2006,CHA,TN,ASO,ES,Combined TRACON& Tower with Radar,12,47,97,49,205,0,0,15,1,16,12,47,112,50,221,26,18,44,265
05/10/2006,CHA,TN,ASO,ES,Combined TRACON& Tower with Radar,8,57,69,0,134,0,0,1,0,1,8,57,70,0,135,0,0,0,135
05/11/2006,CHA,TN,ASO,ES,Combined TRACON& Tower with Radar,12,60,101,50,223,0,0,52,4,56,12,60,153,54,279,10,14,24,303
05/12/2006,CHA,TN,ASO,ES,Combined TRACON& Tower with Radar,10,62,90,22,184,0,1,48,4,53,10,63,138,26,237,38,18,56,293
05/13/2006,CHA,TN,ASO,ES,Combined TRACON& Tower with Radar,12,27,35,17,91,0,0,47,0,47,12,27,82,17,138,0,16,16,154
05/14/2006,CHA,TN,ASO,ES,Combined TRACON& Tower with Radar,12,30,55,1,98,0,0,23,1,24,12,30,78,2,122,16,0,16,138
05/15/2006,CHA,TN,ASO,ES,Combined TRACON& Tower with Radar,8,51,98,8,165,0,0,25,1,26,8,51,123,9,191,11,8,19,210
05/16/2006,CHA,TN,ASO,ES,Combined TRACON& Tower with Radar,7,48,101,12,168,0,0,23,3,26,7,48,124,15,194,12,8,20,214
05/17/2006,CHA,TN,ASO,ES,Combined TRACON& Tower with Radar,10,52,62,11,135,0,0,28,0,28,10,52,90,11,163,15,9,24,187
05/18/2006,CHA,TN,ASO,ES,Combined TRACON& Tower with Radar,11,57,88,3,159,0,4,27,0,31,11,61,115,3,190,33,0,33,223
05/19/2006,CHA,TN,ASO,ES,Combined TRACON& Tower with Radar,13,57,71,5,146,0,0,41,2,43,13,57,112,7,189,26,0,26,215
05/20/2006,CHA,TN,ASO,ES,Combined TRACON& Tower with Radar,6,39,38,0,83,0,3,51,0,54,6,42,89,0,137,6,0,6,143
05/21/2006,CHA,TN,ASO,ES,Combined TRACON& Tower with Radar,10,39,48,4,101,0,0,13,0,13,10,39,61,4,114,5,0,5,119
05/22/2006,CHA,TN,ASO,ES,Combined TRACON& Tower with Radar,7,48,67,1,123,0,0,17,3,20,7,48,84,4,143,15,0,15,158
05/23/2006,CHA,TN,ASO,ES,Combined TRACON& Tower with Radar,9,49,63,33,154,0,0,55,1,56,9,49,118,34,210,25,6,31,241
05/24/2006,CHA,TN,ASO,ES,Combined TRACON& Tower with Radar,10,52,70,21,153,0,11,55,6,72,10,63,125,27,225,10,2,12,237
05/25/2006,CHA,TN,ASO,ES,Combined TRACON& Tower with Radar,12,59,97,5,173,0,0,20,2,22,12,59,117,7,195,10,0,10,205
05/26/2006,CHA,TN,ASO,ES,Combined TRACON& Tower with Radar,13,48,77,0,138,0,1,23,0,24,13,49,100,0,162,6,0,6,168
05/27/2006,CHA,TN,ASO,ES,Combined TRACON& Tower with Radar,9,35,37,0,81,0,0,36,0,36,9,35,73,0,117,16,0,16,133
05/28/2006,CHA,TN,ASO,ES,Combined TRACON& Tower with Radar,8,29,29,0,66,0,0,24,0,24,8,29,53,0,90,2,0,2,92
05/29/2006,CHA,TN,ASO,ES,Combined TRACON& Tower with Radar,7,37,54,0,98,0,0,45,0,45,7,37,99,0,143,27,0,27,170
05/30/2006,CHA,TN,ASO,ES,Combined TRACON& Tower with Radar,13,51,72,5,141,0,1,39,2,42,13,52,111,7,183,17,0,17,200
05/31/2006,CHA,TN,ASO,ES,Combined TRACON& Tower with Radar,12,54,102,21,189,0,2,41,1,44,12,56,143,22,233,13,22,35,268
06/01/2006,CHA,TN,ASO,ES,Combined TRACON& Tower with Radar,12,65,72,4,153,0,0,19,0,19,12,65,91,4,172,24,8,32,204
06/02/2006,CHA,TN,ASO,ES,Combined TRACON& Tower with Radar,34,50,73,4,161,0,1,7,1,9,34,51,80,5,170,0,0,0,170
06/03/2006,CHA,TN,ASO,ES,Combined TRACON& Tower with Radar,7,35,49,1,92,0,0,53,4,57,7,35,102,5,149,44,4,48,197
06/04/2006,CHA,TN,ASO,ES,Combined TRACON& Tower with Radar,8,38,47,4,97,0,0,24,3,27,8,38,71,7,124,0,2,2,126
06/05/2006,CHA,TN,ASO,ES,Combined TRACON& Tower with Radar,8,53,65,2,128,0,0,41,2,43,8,53,106,4,171,7,0,7,178
06/06/2006,CHA,TN,ASO,ES,Combined TRACON& Tower with Radar,8,57,78,7,150,0,0,60,4,64,8,57,138,11,214,8,0,8,222
06/07/2006,CHA,TN,ASO,ES,Combined TRACON& Tower with Radar,10,52,81,6,149,0,0,63,0,63,10,52,144,6,212,66,0,66,278
06/08/2006,CHA,TN,ASO,ES,Combined TRACON& Tower with Radar,12,58,86,46,202,0,0,70,4,74,12,58,156,50,276,69,28,97,373
06/09/2006,CHA,TN,ASO,ES,Combined TRACON& Tower with Radar,11,52,70,5,138,0,0,46,0,46,11,52,116,5,184,50,2,52,236
06/10/2006,CHA,TN,ASO,ES,Combined TRACON& Tower with Radar,9,33,27,11,80,0,0,51,1,52,9,33,78,12,132,47,20,67,199
06/11/2006,CHA,TN,ASO,ES,Combined TRACON& Tower with Radar,7,41,43,0,91,0,0,37,0,37,7,41,80,0,128,14,0,14,142
06/12/2006,CHA,TN,ASO,ES,Combined TRACON& Tower with Radar,20,54,78,7,159,0,0,24,0,24,20,54,102,7,183,11,28,39,222
06/13/2006,CHA,TN,ASO,ES,Combined TRACON& Tower with Radar,13,53,87,10,163,0,0,36,0,36,13,53,123,10,199,56,4,60,259
06/14/2006,CHA,TN,ASO,ES,Combined TRACON& Tower with Radar,14,60,91,8,173,0,0,67,2,69,14,60,158,10,242,28,0,28,270
06/15/2006,CHA,TN,ASO,ES,Combined TRACON& Tower with Radar,12,57,78,36,183,0,0,63,1,64,12,57,141,37,247,14,0,14,261
06/16/2006,CHA,TN,ASO,ES,Combined TRACON& Tower with Radar,12,58,58,8,136,0,5,50,0,55,12,63,108,8,191,28,26,54,245
06/17/2006,CHA,TN,ASO,ES,Combined TRACON& Tower with Radar,8,32,45,14,99,0,0,55,4,59,8,32,100,18,158,16,2,18,176
06/18/2006,CHA,TN,ASO,ES,Combined TRACON& Tower with Radar,8,31,46,0,85,0,0,18,0,18,8,31,64,0,103,0,0,0,103
06/19/2006,CHA,TN,ASO,ES,Combined TRACON& Tower with Radar,10,52,62,9,133,0,8,35,0,43,10,60,97,9,176,8,14,22,198
06/20/2006,CHA,TN,ASO,ES,Combined TRACON& Tower with Radar,11,48,79,14,152,0,3,42,4,49,11,51,121,18,201,14,0,14,215
06/21/2006,CHA,TN,ASO,ES,Combined TRACON& Tower with Radar,10,64,81,16,171,0,4,55,8,67,10,68,136,24,238,14,34,48,286
06/22/2006,CHA,TN,ASO,ES,Combined TRACON& Tower with Radar,11,56,95,12,174,0,0,56,0,56,11,56,151,12,230,40,0,40,270
06/23/2006,CHA,TN,ASO,ES,Combined TRACON& Tower with Radar,13,53,60,13,139,0,0,36,4,40,13,53,96,17,179,52,24,76,255
06/24/2006,CHA,TN,ASO,ES,Combined TRACON& Tower with Radar,7,41,57,2,107,0,0,5,9,14,7,41,62,11,121,0,4,4,125
06/25/2006,CHA,TN,ASO,ES,Combined TRACON& Tower with Radar,9,58,42,2,111,0,2,5,0,7,9,60,47,2,118,0,0,0,118
06/26/2006,CHA,TN,ASO,ES,Combined TRACON& Tower with Radar,9,55,84,8,156,0,0,4,1,5,9,55,88,9,161,16,0,16,177
06/27/2006,CHA,TN,ASO,ES,Combined TRACON& Tower with Radar,14,57,84,8,163,0,0,25,3,28,14,57,109,11,191,16,4,20,211
06/28/2006,CHA,TN,ASO,ES,Combined TRACON& Tower with Radar,12,52,85,27,176,0,0,39,8,47,12,52,124,35,223,38,22,60,283
06/29/2006,CHA,TN,ASO,ES,Combined TRACON& Tower with Radar,12,51,70,16,149,0,0,51,1,52,12,51,121,17,201,60,14,74,275
06/30/2006,CHA,TN,ASO,ES,Combined TRACON& Tower with Radar,12,52,71,10,145,0,2,31,5,38,12,54,102,15,183,0,6,6,189
07/01/2006,CHA,TN,ASO,ES,Combined TRACON& Tower with Radar,5,36,46,0,87,0,3,45,2,50,5,39,91,2,137,0,0,0,137
07/02/2006,CHA,TN,ASO,ES,Combined TRACON& Tower with Radar,6,33,28,0,67,0,0,37,1,38,6,33,65,1,105,40,0,40,145
07/03/2006,CHA,TN,ASO,ES,Combined TRACON& Tower with Radar,8,42,40,1,91,0,0,32,2,34,8,42,72,3,125,12,4,16,141
07/04/2006,CHA,TN,ASO,ES,Combined TRACON& Tower with Radar,6,35,18,0,59,0,0,15,0,15,6,35,33,0,74,0,0,0,74
07/05/2006,CHA,TN,ASO,ES,Combined TRACON& Tower with Radar,17,47,60,15,139,0,0,12,3,15,17,47,72,18,154,7,7,14,168
07/06/2006,CHA,TN,ASO,ES,Combined TRACON& Tower with Radar,11,45,60,30,146,0,1,49,3,53,11,46,109,33,199,54,10,64,263
07/07/2006,CHA,TN,ASO,ES,Combined TRACON& Tower with Radar,15,52,74,16,157,0,2,60,6,68,15,54,134,22,225,57,2,59,284
07/08/2006,CHA,TN,ASO,ES,Combined TRACON& Tower with Radar,7,35,56,2,100,0,0,47,0,47,7,35,103,2,147,44,16,60,207
07/09/2006,CHA,TN,ASO,ES,Combined TRACON& Tower with Radar,8,40,46,11,105,0,1,31,2,34,8,41,77,13,139,0,0,0,139
07/10/2006,CHA,TN,ASO,ES,Combined TRACON& Tower with Radar,12,53,64,25,154,0,3,17,5,25,12,56,81,30,179,18,4,22,201
07/11/2006,CHA,TN,ASO,ES,Combined TRACON& Tower with Radar,12,51,75,21,159,0,0,31,5,36,12,51,106,26,195,6,5,11,206
07/12/2006,CHA,TN,ASO,ES,Combined TRACON& Tower with Radar,15,55,80,44,194,0,0,40,4,44,15,55,120,48,238,86,20,106,344
07/13/2006,CHA,TN,ASO,ES,Combined TRACON& Tower with Radar,11,62,79,27,179,0,3,49,2,54,11,65,128,29,233,50,28,78,311
07/14/2006,CHA,TN,ASO,ES,Combined TRACON& Tower with Radar,12,51,64,25,152,0,2,24,1,27,12,53,88,26,179,16,26,42,221
07/15/2006,CHA,TN,ASO,ES,Combined TRACON& Tower with Radar,11,42,36,1,90,0,0,53,2,55,11,42,89,3,145,42,0,42,187
07/16/2006,CHA,TN,ASO,ES,Combined TRACON& Tower with Radar,8,32,41,8,89,0,0,30,2,32,8,32,71,10,121,30,0,30,151
07/17/2006,CHA,TN,ASO,ES,Combined TRACON& Tower with Radar,23,47,49,21,140,1,1,53,5,60,24,48,102,26,200,34,32,66,266
07/18/2006,CHA,TN,ASO,ES,Combined TRACON& Tower with Radar,13,59,77,36,185,2,0,66,2,70,15,59,143,38,255,37,0,37,292
07/19/2006,CHA,TN,ASO,ES,Combined TRACON& Tower with Radar,25,51,76,26,178,0,0,36,3,39,25,51,112,29,217,18,0,18,235
07/20/2006,CHA,TN,ASO,ES,Combined TRACON& Tower with Radar,11,52,100,18,181,0,0,30,0,30,11,52,130,18,211,8,24,32,243
07/21/2006,CHA,TN,ASO,ES,Combined TRACON& Tower with Radar,11,54,52,27,144,0,1,37,0,38,11,55,89,27,182,23,10,33,215
07/22/2006,CHA,TN,ASO,ES,Combined TRACON& Tower with Radar,8,43,30,2,83,0,0,15,0,15,8,43,45,2,98,14,0,14,112
07/23/2006,CHA,TN,ASO,ES,Combined TRACON& Tower with Radar,9,34,40,2,85,0,0,46,4,50,9,34,86,6,135,9,14,23,158
07/24/2006,CHA,TN,ASO,ES,Combined TRACON& Tower with Radar,12,56,70,28,166,0,1,34,3,38,12,57,104,31,204,18,16,34,238
07/25/2006,CHA,TN,ASO,ES,Combined TRACON& Tower with Radar,12,56,58,24,150,0,0,39,7,46,12,56,97,31,196,36,12,48,244
07/26/2006,CHA,TN,ASO,ES,Combined TRACON& Tower with Radar,11,57,90,20,178,0,0,51,5,56,11,57,141,25,234,21,10,31,265
07/27/2006,CHA,TN,ASO,ES,Combined TRACON& Tower with Radar,11,68,78,57,214,0,0,61,6,67,11,68,139,63,281,26,8,34,315
07/28/2006,CHA,TN,ASO,ES,Combined TRACON& Tower with Radar,11,41,72,20,144,0,3,32,1,36,11,44,104,21,180,5,0,5,185
07/29/2006,CHA,TN,ASO,ES,Combined TRACON& Tower with Radar,8,35,28,0,71,0,0,13,0,13,8,35,41,0,84,18,0,18,102
07/30/2006,CHA,TN,ASO,ES,Combined TRACON& Tower with Radar,6,41,43,0,90,0,2,30,0,32,6,43,73,0,122,8,0,8,130
07/31/2006,CHA,TN,ASO,ES,Combined TRACON& Tower with Radar,7,51,62,41,161,0,0,46,2,48,7,51,108,43,209,19,0,19,228
08/01/2006,CHA,TN,ASO,ES,Combined TRACON& Tower with Radar,14,56,63,18,151,0,0,38,6,44,14,56,101,24,195,38,7,45,240
08/02/2006,CHA,TN,ASO,ES,Combined TRACON& Tower with Radar,9,71,85,5,170,0,4,36,7,47,9,75,121,12,217,26,20,46,263
08/03/2006,CHA,TN,ASO,ES,Combined TRACON& Tower with Radar,15,57,62,14,148,0,1,43,3,47,15,58,105,17,195,41,20,61,256
08/04/2006,CHA,TN,ASO,ES,Combined TRACON& Tower with Radar,9,56,70,21,156,0,0,33,4,37,9,56,103,25,193,0,16,16,209
08/05/2006,CHA,TN,ASO,ES,Combined TRACON& Tower with Radar,10,46,59,21,136,0,0,29,4,33,10,46,88,25,169,26,30,56,225
08/06/2006,CHA,TN,ASO,ES,Combined TRACON& Tower with Radar,10,43,47,11,111,0,0,15,3,18,10,43,62,14,129,30,2,32,161
08/07/2006,CHA,TN,ASO,ES,Combined TRACON& Tower with Radar,10,51,78,27,166,0,6,36,6,48,10,57,114,33,214,42,16,58,272
08/08/2006,CHA,TN,ASO,ES,Combined TRACON& Tower with Radar,11,57,72,20,160,0,0,44,1,45,11,57,116,21,205,32,0,32,237
08/09/2006,CHA,TN,ASO,ES,Combined TRACON& Tower with Radar,14,56,80,22,172,0,1,39,8,48,14,57,119,30,220,38,27,65,285
08/10/2006,CHA,TN,ASO,ES,Combined TRACON& Tower with Radar,15,65,79,10,169,0,0,30,3,33,15,65,109,13,202,32,6,38,240
08/11/2006,CHA,TN,ASO,ES,Combined TRACON& Tower with Radar,10,60,66,22,158,0,0,7,0,7,10,60,73,22,165,0,0,0,165
08/12/2006,CHA,TN,ASO,ES,Combined TRACON& Tower with Radar,16,24,40,1,81,0,0,16,0,16,16,24,56,1,97,34,4,38,135
08/13/2006,CHA,TN,ASO,ES,Combined TRACON& Tower with Radar,12,40,59,3,114,0,0,37,1,38,12,40,96,4,152,24,0,24,176
08/14/2006,CHA,TN,ASO,ES,Combined TRACON& Tower with Radar,13,49,74,17,153,0,0,38,0,38,13,49,112,17,191,76,16,92,283
08/15/2006,CHA,TN,ASO,ES,Combined TRACON& Tower with Radar,25,55,79,0,159,0,1,42,0,43,25,56,121,0,202,49,0,49,251
08/16/2006,CHA,TN,ASO,ES,Combined TRACON& Tower with Radar,10,56,99,23,188,0,0,30,0,30,10,56,129,23,218,44,8,52,270
08/17/2006,CHA,TN,ASO,ES,Combined TRACON& Tower with Radar,12,56,88,52,208,0,0,40,4,44,12,56,128,56,252,31,32,63,315
08/18/2006,CHA,TN,ASO,ES,Combined TRACON& Tower with Radar,12,54,69,22,157,0,0,52,5,57,12,54,121,27,214,37,14,51,265
08/19/2006,CHA,TN,ASO,ES,Combined TRACON& Tower with Radar,6,39,52,1,98,0,2,55,2,59,6,41,107,3,157,14,6,20,177
08/20/2006,CHA,TN,ASO,ES,Combined TRACON& Tower with Radar,13,49,60,15,137,0,0,9,0,9,13,49,69,15,146,3,0,3,149
08/21/2006,CHA,TN,ASO,ES,Combined TRACON& Tower with Radar,7,55,88,11,161,0,2,15,2,19,7,57,103,13,180,12,0,12,192
08/22/2006,CHA,TN,ASO,ES,Combined TRACON& Tower with Radar,10,45,103,23,181,0,0,16,0,16,10,45,119,23,197,18,0,18,215
08/23/2006,CHA,TN,ASO,ES,Combined TRACON& Tower with Radar,14,58,100,51,223,0,0,59,1,60,14,58,159,52,283,42,19,61,344
08/24/2006,CHA,TN,ASO,ES,Combined TRACON& Tower with Radar,10,51,87,41,189,0,0,31,2,33,10,51,118,43,222,62,72,134,356
08/25/2006,CHA,TN,ASO,ES,Combined TRACON& Tower with Radar,5,45,83,71,204,0,3,37,1,41,5,48,120,72,245,1,24,25,270
08/26/2006,CHA,TN,ASO,ES,Combined TRACON& Tower with Radar,7,28,62,2,99,0,1,52,2,55,7,29,114,4,154,26,2,28,182
08/27/2006,CHA,TN,ASO,ES,Combined TRACON& Tower with Radar,7,36,45,1,89,0,0,36,0,36,7,36,81,1,125,11,0,11,136
08/28/2006,CHA,TN,ASO,ES,Combined TRACON& Tower with Radar,12,42,71,14,139,0,1,32,2,35,12,43,103,16,174,33,10,43,217
08/29/2006,CHA,TN,ASO,ES,Combined TRACON& Tower with Radar,8,50,54,12,124,0,0,26,1,27,8,50,80,13,151,28,0,28,179
08/30/2006,CHA,TN,ASO,ES,Combined TRACON& Tower with Radar,10,46,87,9,152,0,0,38,0,38,10,46,125,9,190,35,10,45,235
08/31/2006,CHA,TN,ASO,ES,Combined TRACON& Tower with Radar,9,44,82,3,138,0,1,18,0,19,9,45,100,3,157,6,0,6,163
09/01/2006,CHA,TN,ASO,ES,Combined TRACON& Tower with Radar,9,55,57,6,127,1,1,17,1,20,10,56,74,7,147,22,0,22,169
09/02/2006,CHA,TN,ASO,ES,Combined TRACON& Tower with Radar,6,34,41,0,81,0,0,20,1,21,6,34,61,1,102,68,0,68,170
09/03/2006,CHA,TN,ASO,ES,Combined TRACON& Tower with Radar,9,33,36,0,78,0,0,25,0,25,9,33,61,0,103,27,0,27,130
09/04/2006,CHA,TN,ASO,ES,Combined TRACON& Tower with Radar,7,38,44,2,91,0,1,14,0,15,7,39,58,2,106,44,0,44,150
09/05/2006,CHA,TN,ASO,ES,Combined TRACON& Tower with Radar,9,51,84,25,169,0,0,19,1,20,9,51,103,26,189,26,17,43,232
09/06/2006,CHA,TN,ASO,ES,Combined TRACON& Tower with Radar,8,55,104,28,195,0,0,49,3,52,8,55,153,31,247,14,26,40,287
09/07/2006,CHA,TN,ASO,ES,Combined TRACON& Tower with Radar,11,72,76,18,177,0,0,59,3,62,11,72,135,21,239,1,2,3,242
09/08/2006,CHA,TN,ASO,ES,Combined TRACON& Tower with Radar,11,53,59,7,130,0,0,53,4,57,11,53,112,11,187,42,10,52,239
09/09/2006,CHA,TN,ASO,ES,Combined TRACON& Tower with Radar,5,37,36,1,79,0,0,49,5,54,5,37,85,6,133,16,0,16,149
09/10/2006,CHA,TN,ASO,ES,Combined TRACON& Tower with Radar,4,45,39,11,99,0,2,40,1,43,4,47,79,12,142,27,0,27,169
09/11/2006,CHA,TN,ASO,ES,Combined TRACON& Tower with Radar,9,58,80,10,157,0,2,18,0,20,9,60,98,10,177,26,0,26,203
09/12/2006,CHA,TN,ASO,ES,Combined TRACON& Tower with Radar,15,58,79,0,152,0,0,8,0,8,15,58,87,0,160,16,0,16,176
09/13/2006,CHA,TN,ASO,ES,Combined TRACON& Tower with Radar,15,52,75,0,142,0,2,9,2,13,15,54,84,2,155,0,0,0,155
09/14/2006,CHA,TN,ASO,ES,Combined TRACON& Tower with Radar,11,61,83,7,162,0,1,36,5,42,11,62,119,12,204,19,0,19,223
09/15/2006,CHA,TN,ASO,ES,Combined TRACON& Tower with Radar,11,48,92,21,172,0,0,54,4,58,11,48,146,25,230,24,20,44,274
09/16/2006,CHA,TN,ASO,ES,Combined TRACON& Tower with Radar,5,29,60,1,95,0,0,80,2,82,5,29,140,3,177,64,0,64,241
09/17/2006,CHA,TN,ASO,ES,Combined TRACON& Tower with Radar,7,42,50,2,101,0,0,50,0,50,7,42,100,2,151,32,0,32,183
09/18/2006,CHA,TN,ASO,ES,Combined TRACON& Tower with Radar,8,53,39,15,115,0,0,7,1,8,8,53,46,16,123,25,0,25,148
09/19/2006,CHA,TN,ASO,ES,Combined TRACON& Tower with Radar,10,59,71,13,153,0,0,27,10,37,10,59,98,23,190,0,0,0,190
09/20/2006,CHA,TN,ASO,ES,Combined TRACON& Tower with Radar,10,67,84,30,191,0,0,48,4,52,10,67,132,34,243,64,6,70,313
09/21/2006,CHA,TN,ASO,ES,Combined TRACON& Tower with Radar,10,64,64,18,156,0,3,74,4,81,10,67,138,22,237,34,2,36,273
09/22/2006,CHA,TN,ASO,ES,Combined TRACON& Tower with Radar,11,54,64,10,139,0,0,0,0,0,11,54,64,10,139,0,0,0,139
09/23/2006,CHA,TN,ASO,ES,Combined TRACON& Tower with Radar,5,24,27,0,56,0,0,9,0,9,5,24,36,0,65,6,0,6,71
09/24/2006,CHA,TN,ASO,ES,Combined TRACON& Tower with Radar,6,44,38,1,89,0,0,2,0,2,6,44,40,1,91,0,0,0,91
09/25/2006,CHA,TN,ASO,ES,Combined TRACON& Tower with Radar,12,59,61,1,133,0,0,51,2,53,12,59,112,3,186,27,0,27,213
09/26/2006,CHA,TN,ASO,ES,Combined TRACON& Tower with Radar,10,58,80,3,151,0,0,53,4,57,10,58,133,7,208,30,4,34,242
09/27/2006,CHA,TN,ASO,ES,Combined TRACON& Tower with Radar,11,57,84,18,170,0,1,45,3,49,11,58,129,21,219,12,8,20,239
09/28/2006,CHA,TN,ASO,ES,Combined TRACON& Tower with Radar,11,59,69,4,143,0,0,24,0,24,11,59,93,4,167,8,0,8,175
09/29/2006,CHA,TN,ASO,ES,Combined TRACON& Tower with Radar,14,62,94,2,172,0,0,56,3,59,14,62,150,5,231,43,0,43,274
09/30/2006,CHA,TN,ASO,ES,Combined TRACON& Tower with Radar,5,33,25,0,63,0,0,53,2,55,5,33,78,2,118,21,0,21,139
10/01/2006,CHA,TN,ASO,ES,Combined TRACON& Tower with Radar,4,52,56,0,112,0,3,42,0,45,4,55,98,0,157,6,0,6,163
10/02/2006,CHA,TN,ASO,ES,Combined TRACON& Tower with Radar,9,51,52,23,135,0,0,48,1,49,9,51,100,24,184,34,16,50,234
10/03/2006,CHA,TN,ASO,ES,Combined TRACON& Tower with Radar,10,56,75,24,165,0,6,34,2,42,10,62,109,26,207,10,22,32,239
10/04/2006,CHA,TN,ASO,ES,Combined TRACON& Tower with Radar,10,62,67,24,163,0,1,40,3,44,10,63,107,27,207,8,12,20,227
10/05/2006,CHA,TN,ASO,ES,Combined TRACON& Tower with Radar,10,54,94,14,172,0,2,33,12,47,10,56,127,26,219,12,12,24,243
10/06/2006,CHA,TN,ASO,ES,Combined TRACON& Tower with Radar,12,66,84,27,189,0,6,35,1,42,12,72,119,28,231,24,2,26,257
10/07/2006,CHA,TN,ASO,ES,Combined TRACON& Tower with Radar,6,41,26,2,75,0,0,33,0,33,6,41,59,2,108,2,0,2,110
10/08/2006,CHA,TN,ASO,ES,Combined TRACON& Tower with Radar,5,51,48,0,104,0,2,48,0,50,5,53,96,0,154,21,0,21,175
10/09/2006,CHA,TN,ASO,ES,Combined TRACON& Tower with Radar,10,48,74,8,140,0,1,34,5,40,10,49,108,13,180,0,0,0,180
10/10/2006,CHA,TN,ASO,ES,Combined TRACON& Tower with Radar,10,56,93,16,175,0,0,47,3,50,10,56,140,19,225,23,0,23,248
10/11/2006,CHA,TN,ASO,ES,Combined TRACON& Tower with Radar,9,55,74,1,139,0,0,17,4,21,9,55,91,5,160,0,0,0,160
10/12/2006,CHA,TN,ASO,ES,Combined TRACON& Tower with Radar,10,57,105,15,187,0,2,36,4,42,10,59,141,19,229,34,28,62,291
10/13/2006,CHA,TN,ASO,ES,Combined TRACON& Tower with Radar,6,59,84,40,189,0,0,54,1,55,6,59,138,41,244,35,0,35,279
10/14/2006,CHA,TN,ASO,ES,Combined TRACON& Tower with Radar,6,43,41,0,90,0,1,44,2,47,6,44,85,2,137,26,0,26,163
10/15/2006,CHA,TN,ASO,ES,Combined TRACON& Tower with Radar,7,48,46,0,101,0,1,33,0,34,7,49,79,0,135,25,0,25,160
10/16/2006,CHA,TN,ASO,ES,Combined TRACON& Tower with Radar,8,50,63,9,130,0,1,14,0,15,8,51,77,9,145,26,10,36,181
10/17/2006,CHA,TN,ASO,ES,Combined TRACON& Tower with Radar,13,58,88,1,160,0,0,0,0,0,13,58,88,1,160,0,0,0,160
10/18/2006,CHA,TN,ASO,ES,Combined TRACON& Tower with Radar,11,54,115,23,203,0,0,27,3,30,11,54,142,26,233,34,4,38,271
10/19/2006,CHA,TN,ASO,ES,Combined TRACON& Tower with Radar,11,49,72,2,134,0,0,1,0,1,11,49,73,2,135,0,0,0,135
10/20/2006,CHA,TN,ASO,ES,Combined TRACON& Tower with Radar,11,56,101,43,211,0,0,13,1,14,11,56,114,44,225,60,12,72,297
10/21/2006,CHA,TN,ASO,ES,Combined TRACON& Tower with Radar,7,36,38,16,97,0,0,38,10,48,7,36,76,26,145,18,8,26,171
10/22/2006,CHA,TN,ASO,ES,Combined TRACON& Tower with Radar,7,40,51,11,109,0,0,16,1,17,7,40,67,12,126,20,14,34,160
10/23/2006,CHA,TN,ASO,ES,Combined TRACON& Tower with Radar,10,61,90,17,178,0,0,29,7,36,10,61,119,24,214,0,0,0,214
10/24/2006,CHA,TN,ASO,ES,Combined TRACON& Tower with Radar,10,57,80,34,181,0,0,49,5,54,10,57,129,39,235,25,21,46,281
10/25/2006,CHA,TN,ASO,ES,Combined TRACON& Tower with Radar,10,50,87,35,182,0,1,71,7,79,10,51,158,42,261,56,28,84,345
10/26/2006,CHA,TN,ASO,ES,Combined TRACON& Tower with Radar,10,49,80,39,178,0,0,27,8,35,10,49,107,47,213,7,57,64,277
10/27/2006,CHA,TN,ASO,ES,Combined TRACON& Tower with Radar,12,55,37,0,104,0,0,0,0,0,12,55,37,0,104,0,0,0,104
10/28/2006,CHA,TN,ASO,ES,Combined TRACON& Tower with Radar,7,38,31,0,76,0,0,19,0,19,7,38,50,0,95,0,0,0,95
10/29/2006,CHA,TN,ASO,ES,Combined TRACON& Tower with Radar,8,39,57,6,110,0,0,63,0,63,8,39,120,6,173,64,0,64,237
10/30/2006,CHA,TN,ASO,ES,Combined TRACON& Tower with Radar,11,46,57,15,129,0,5,73,2,80,11,51,130,17,209,67,10,77,286
10/31/2006,CHA,TN,ASO,ES,Combined TRACON& Tower with Radar,11,54,63,20,148,0,0,16,6,22,11,54,79,26,170,10,8,18,188
11/01/2006,CHA,TN,ASO,ES,Combined TRACON& Tower with Radar,17,52,84,10,163,0,0,4,3,7,17,52,88,13,170,0,0,0,170
11/02/2006,CHA,TN,ASO,ES,Combined TRACON& Tower with Radar,12,61,91,9,173,0,0,40,1,41,12,61,131,10,214,16,6,22,236
11/03/2006,CHA,TN,ASO,ES,Combined TRACON& Tower with Radar,12,58,76,38,184,0,0,61,2,63,12,58,137,40,247,18,10,28,275
11/04/2006,CHA,TN,ASO,ES,Combined TRACON& Tower with Radar,14,27,55,15,111,0,3,71,4,78,14,30,126,19,189,50,0,50,239
11/05/2006,CHA,TN,ASO,ES,Combined TRACON& Tower with Radar,8,41,58,6,113,0,0,49,0,49,8,41,107,6,162,14,0,14,176
11/06/2006,CHA,TN,ASO,ES,Combined TRACON& Tower with Radar,8,63,56,49,176,0,0,29,9,38,8,63,85,58,214,20,4,24,238
11/07/2006,CHA,TN,ASO,ES,Combined TRACON& Tower with Radar,12,57,63,2,134,0,0,1,0,1,12,57,64,2,135,2,0,2,137
11/08/2006,CHA,TN,ASO,ES,Combined TRACON& Tower with Radar,13,52,88,8,161,0,0,4,0,4,13,52,92,8,165,10,8,18,183
11/09/2006,CHA,TN,ASO,ES,Combined TRACON& Tower with Radar,19,61,87,16,183,0,0,47,0,47,19,61,134,16,230,26,0,26,256
11/10/2006,CHA,TN,ASO,ES,Combined TRACON& Tower with Radar,10,53,75,0,138,0,0,38,0,38,10,53,113,0,176,6,0,6,182
11/11/2006,CHA,TN,ASO,ES,Combined TRACON& Tower with Radar,6,34,26,0,66,0,0,3,0,3,6,34,29,0,69,10,0,10,79
11/12/2006,CHA,TN,ASO,ES,Combined TRACON& Tower with Radar,11,39,47,2,99,0,1,24,0,25,11,40,71,2,124,4,0,4,128
11/13/2006,CHA,TN,ASO,ES,Combined TRACON& Tower with Radar,14,47,73,7,141,0,1,49,3,53,14,48,122,10,194,23,2,25,219
11/14/2006,CHA,TN,ASO,ES,Combined TRACON& Tower with Radar,13,58,73,18,162,0,0,40,7,47,13,58,113,25,209,27,14,41,250
11/15/2006,CHA,TN,ASO,ES,Combined TRACON& Tower with Radar,12,53,54,0,119,0,0,2,0,2,12,53,56,0,121,0,0,0,121
11/16/2006,CHA,TN,ASO,ES,Combined TRACON& Tower with Radar,14,53,77,14,158,0,0,9,2,11,14,53,86,16,169,10,10,20,189
11/17/2006,CHA,TN,ASO,ES,Combined TRACON& Tower with Radar,9,61,83,60,213,0,0,44,6,50,9,61,127,66,263,88,32,120,383
11/18/2006,CHA,TN,ASO,ES,Combined TRACON& Tower with Radar,8,36,50,13,107,0,3,80,4,87,8,39,130,17,194,37,19,56,250
11/19/2006,CHA,TN,ASO,ES,Combined TRACON& Tower with Radar,9,44,80,12,145,0,0,21,1,22,9,44,101,13,167,9,0,9,176
11/20/2006,CHA,TN,ASO,ES,Combined TRACON& Tower with Radar,8,53,64,7,132,0,2,15,0,17,8,55,79,7,149,14,0,14,163
11/21/2006,CHA,TN,ASO,ES,Combined TRACON& Tower with Radar,14,53,59,13,139,0,1,51,4,56,14,54,110,17,195,44,6,50,245
11/22/2006,CHA,TN,ASO,ES,Combined TRACON& Tower with Radar,12,56,66,12,146,0,0,76,2,78,12,56,142,14,224,72,18,90,314
11/23/2006,CHA,TN,ASO,ES,Combined TRACON& Tower with Radar,9,29,18,0,56,0,0,22,0,22,9,29,40,0,78,4,0,4,82
11/24/2006,CHA,TN,ASO,ES,Combined TRACON& Tower with Radar,6,42,35,0,83,0,0,38,0,38,6,42,73,0,121,17,0,17,138
11/25/2006,CHA,TN,ASO,ES,Combined TRACON& Tower with Radar,12,43,53,0,108,0,1,47,0,48,12,44,100,0,156,9,0,9,165
11/26/2006,CHA,TN,ASO,ES,Combined TRACON& Tower with Radar,10,47,51,0,108,0,0,58,0,58,10,47,109,0,166,30,0,30,196
11/27/2006,CHA,TN,ASO,ES,Combined TRACON& Tower with Radar,9,51,64,14,138,0,0,35,4,39,9,51,99,18,177,25,15,40,217
11/28/2006,CHA,TN,ASO,ES,Combined TRACON& Tower with Radar,14,63,91,27,195,0,0,9,0,9,14,63,100,27,204,2,0,2,206
11/29/2006,CHA,TN,ASO,ES,Combined TRACON& Tower with Radar,10,53,86,37,186,0,0,27,2,29,10,53,113,39,215,47,8,55,270
11/30/2006,CHA,TN,ASO,ES,Combined TRACON& Tower with Radar,14,50,55,58,177,0,0,9,0,9,14,50,64,58,186,11,0,11,197
12/01/2006,CHA,TN,ASO,ES,Combined TRACON& Tower with Radar,12,48,31,8,99,0,1,19,4,24,12,49,50,12,123,2,0,2,125
12/02/2006,CHA,TN,ASO,ES,Combined TRACON& Tower with Radar,9,30,33,4,76,0,0,47,0,47,9,30,80,4,123,42,14,56,179
12/03/2006,CHA,TN,ASO,ES,Combined TRACON& Tower with Radar,9,39,45,11,104,0,0,44,0,44,9,39,89,11,148,33,0,33,181
12/04/2006,CHA,TN,ASO,ES,Combined TRACON& Tower with Radar,10,47,85,39,181,0,0,39,4,43,10,47,124,43,224,24,0,24,248
12/05/2006,CHA,TN,ASO,ES,Combined TRACON& Tower with Radar,13,56,59,19,147,0,0,67,5,72,13,56,126,24,219,22,7,29,248
12/06/2006,CHA,TN,ASO,ES,Combined TRACON& Tower with Radar,14,57,117,22,210,0,0,44,5,49,14,57,161,27,259,22,6,28,287
12/07/2006,CHA,TN,ASO,ES,Combined TRACON& Tower with Radar,16,53,62,9,140,0,1,21,3,25,16,54,83,12,165,2,0,2,167
12/08/2006,CHA,TN,ASO,ES,Combined TRACON& Tower with Radar,16,55,45,27,143,0,4,26,4,34,16,59,71,31,177,24,8,32,209
12/09/2006,CHA,TN,ASO,ES,Combined TRACON& Tower with Radar,11,28,17,0,56,0,3,34,0,37,11,31,51,0,93,0,0,0,93
12/10/2006,CHA,TN,ASO,ES,Combined TRACON& Tower with Radar,8,39,33,1,81,0,2,54,1,57,8,41,87,2,138,61,0,61,199
12/11/2006,CHA,TN,ASO,ES,Combined TRACON& Tower with Radar,12,55,50,38,155,0,0,40,6,46,12,55,90,44,201,30,8,38,239
12/12/2006,CHA,TN,ASO,ES,Combined TRACON& Tower with Radar,18,48,66,13,145,0,0,30,1,31,18,48,96,14,176,14,0,14,190
12/13/2006,CHA,TN,ASO,ES,Combined TRACON& Tower with Radar,16,62,75,4,157,0,0,36,6,42,16,62,111,10,199,10,10,20,219
12/14/2006,CHA,TN,ASO,ES,Combined TRACON& Tower with Radar,12,34,67,14,127,0,0,33,2,35,12,34,100,16,162,26,8,34,196
12/15/2006,CHA,TN,ASO,ES,Combined TRACON& Tower with Radar,16,58,87,18,179,0,0,66,10,76,16,58,153,28,255,66,16,82,337
12/16/2006,CHA,TN,ASO,ES,Combined TRACON& Tower with Radar,8,36,43,8,95,0,4,53,4,61,8,40,96,12,156,8,4,12,168
12/17/2006,CHA,TN,ASO,ES,Combined TRACON& Tower with Radar,8,41,45,0,94,0,0,46,4,50,8,41,91,4,144,34,0,34,178
12/18/2006,CHA,TN,ASO,ES,Combined TRACON& Tower with Radar,10,58,64,25,157,0,0,40,8,48,10,58,104,33,205,32,26,58,263
12/19/2006,CHA,TN,ASO,ES,Combined TRACON& Tower with Radar,12,64,89,18,183,0,2,29,6,37,12,66,118,24,220,17,0,17,237
12/20/2006,CHA,TN,ASO,ES,Combined TRACON& Tower with Radar,14,60,89,38,201,0,0,43,4,47,14,60,132,42,248,42,22,64,312
12/21/2006,CHA,TN,ASO,ES,Combined TRACON& Tower with Radar,14,69,49,12,144,0,0,13,0,13,14,69,62,12,157,28,20,48,205
12/22/2006,CHA,TN,ASO,ES,Combined TRACON& Tower with Radar,14,59,52,0,125,0,0,0,0,0,14,59,52,0,125,0,0,0,125
12/23/2006,CHA,TN,ASO,ES,Combined TRACON& Tower with Radar,10,42,37,0,89,0,1,45,0,46,10,43,82,0,135,0,0,0,135
12/24/2006,CHA,TN,ASO,ES,Combined TRACON& Tower with Radar,8,37,9,0,54,0,0,17,0,17,8,37,26,0,71,0,0,0,71
12/25/2006,CHA,TN,ASO,ES,Combined TRACON& Tower with Radar,3,36,12,0,51,0,0,0,0,0,3,36,12,0,51,0,0,0,51
12/26/2006,CHA,TN,ASO,ES,Combined TRACON& Tower with Radar,10,60,46,7,123,0,1,3,0,4,10,61,49,7,127,0,0,0,127
12/27/2006,CHA,TN,ASO,ES,Combined TRACON& Tower with Radar,12,54,57,1,124,0,0,38,1,39,12,54,95,2,163,41,0,41,204
12/28/2006,CHA,TN,ASO,ES,Combined TRACON& Tower with Radar,12,47,33,12,104,0,0,59,1,60,12,47,92,13,164,36,0,36,200
12/29/2006,CHA,TN,ASO,ES,Combined TRACON& Tower with Radar,15,48,50,16,129,0,2,33,0,35,15,50,83,16,164,30,12,42,206
12/30/2006,CHA,TN,ASO,ES,Combined TRACON& Tower with Radar,5,35,33,0,73,0,0,31,0,31,5,35,64,0,104,22,0,22,126
12/31/2006,CHA,TN,ASO,ES,Combined TRACON& Tower with Radar,6,34,24,0,64,0,0,2,0,2,6,34,26,0,66,0,0,0,66
01/01/2007,CHA,TN,ASO,ES,Combined TRACON& Tower with Radar,3,41,36,0,80,0,0,10,0,10,3,41,46,0,90,0,0,0,90
01/02/2007,CHA,TN,ASO,ES,Combined TRACON& Tower with Radar,15,46,54,10,125,0,1,38,0,39,15,47,92,10,164,4,20,24,188
01/03/2007,CHA,TN,ASO,ES,Combined TRACON& Tower with Radar,17,46,78,1,142,0,0,48,0,48,17,46,126,1,190,72,0,72,262
01/04/2007,CHA,TN,ASO,ES,Combined TRACON& Tower with Radar,8,54,85,39,186,0,0,9,2,11,8,54,94,41,197,38,50,88,285
01/05/2007,CHA,TN,ASO,ES,Combined TRACON& Tower with Radar,17,56,52,2,127,0,0,8,0,8,17,56,60,2,135,4,0,4,139
01/06/2007,CHA,TN,ASO,ES,Combined TRACON& Tower with Radar,6,43,73,9,131,0,0,19,0,19,6,43,92,9,150,6,0,6,156
01/07/2007,CHA,TN,ASO,ES,Combined TRACON& Tower with Radar,15,41,26,0,82,0,0,0,0,0,15,41,26,0,82,0,0,0,82
01/08/2007,CHA,TN,ASO,ES,Combined TRACON& Tower with Radar,15,62,66,8,151,0,0,39,1,40,15,62,105,9,191,30,22,52,243
01/09/2007,CHA,TN,ASO,ES,Combined TRACON& Tower with Radar,14,52,50,4,120,0,0,26,2,28,14,52,76,6,148,3,0,3,151
01/10/2007,CHA,TN,ASO,ES,Combined TRACON& Tower with Radar,10,59,73,26,168,0,0,58,6,64,10,59,131,32,232,80,2,82,314
01/11/2007,CHA,TN,ASO,ES,Combined TRACON& Tower with Radar,20,45,76,14,155,0,0,50,5,55,20,45,126,19,210,74,20,94,304
01/12/2007,CHA,TN,ASO,ES,Combined TRACON& Tower with Radar,14,56,50,28,148,0,1,33,3,37,14,57,83,31,185,16,50,66,251
01/13/2007,CHA,TN,ASO,ES,Combined TRACON& Tower with Radar,12,34,63,0,109,0,0,43,0,43,12,34,106,0,152,42,0,42,194
01/14/2007,CHA,TN,ASO,ES,Combined TRACON& Tower with Radar,12,39,37,0,88,0,0,30,0,30,12,39,67,0,118,40,0,40,158
01/15/2007,CHA,TN,ASO,ES,Combined TRACON& Tower with Radar,12,41,62,0,115,0,0,7,0,7,12,41,69,0,122,0,0,0,122
01/16/2007,CHA,TN,ASO,ES,Combined TRACON& Tower with Radar,11,49,60,13,133,0,0,8,0,8,11,49,68,13,141,31,0,31,172
01/17/2007,CHA,TN,ASO,ES,Combined TRACON& Tower with Radar,12,57,70,26,165,0,2,62,7,71,12,59,132,33,236,72,22,94,330
01/18/2007,CHA,TN,ASO,ES,Combined TRACON& Tower with Radar,11,48,48,10,117,0,0,0,0,0,11,48,48,10,117,0,0,0,117
01/19/2007,CHA,TN,ASO,ES,Combined TRACON& Tower with Radar,12,49,68,47,176,0,1,34,12,47,12,50,102,59,223,46,32,78,301
01/20/2007,CHA,TN,ASO,ES,Combined TRACON& Tower with Radar,10,29,50,12,101,0,0,54,5,59,10,29,104,17,160,32,26,58,218
01/21/2007,CHA,TN,ASO,ES,Combined TRACON& Tower with Radar,9,41,19,0,69,0,0,0,0,0,9,41,19,0,69,0,0,0,69
01/22/2007,CHA,TN,ASO,ES,Combined TRACON& Tower with Radar,8,55,53,14,130,0,0,16,0,16,8,55,69,14,146,4,8,12,158
01/23/2007,CHA,TN,ASO,ES,Combined TRACON& Tower with Radar,14,51,63,30,158,0,0,36,6,42,14,51,99,36,200,22,20,42,242
01/24/2007,CHA,TN,ASO,ES,Combined TRACON& Tower with Radar,12,59,81,8,160,0,0,57,11,68,12,59,138,19,228,29,6,35,263
01/25/2007,CHA,TN,ASO,ES,Combined TRACON& Tower with Radar,12,55,81,43,191,0,1,28,5,34,12,56,109,48,225,17,8,25,250
01/26/2007,CHA,TN,ASO,ES,Combined TRACON& Tower with Radar,12,50,106,49,217,0,0,76,10,86,12,50,182,59,303,18,3,21,324
01/27/2007,CHA,TN,ASO,ES,Combined TRACON& Tower with Radar,10,44,27,1,82,0,1,65,2,68,10,45,92,3,150,23,0,23,173
01/28/2007,CHA,TN,ASO,ES,Combined TRACON& Tower with Radar,12,43,29,16,100,0,0,20,0,20,12,43,49,16,120,13,0,13,133
01/29/2007,CHA,TN,ASO,ES,Combined TRACON& Tower with Radar,7,44,76,32,159,0,0,57,8,65,7,44,133,40,224,37,0,37,261
01/30/2007,CHA,TN,ASO,ES,Combined TRACON& Tower with Radar,12,58,68,53,191,0,0,51,5,56,12,58,119,58,247,11,0,11,258
01/31/2007,CHA,TN,ASO,ES,Combined TRACON& Tower with Radar,10,60,89,52,211,0,0,77,2,79,10,60,166,54,290,37,16,53,343
02/01/2007,CHA,TN,ASO,ES,Combined TRACON& Tower with Radar,14,47,34,0,95,0,0,0,0,0,14,47,34,0,95,0,0,0,95
02/02/2007,CHA,TN,ASO,ES,Combined TRACON& Tower with Radar,12,51,43,38,144,0,0,0,2,2,12,51,43,40,146,6,14,20,166
02/03/2007,CHA,TN,ASO,ES,Combined TRACON& Tower with Radar,8,38,30,0,76,0,0,52,3,55,8,38,82,3,131,24,0,24,155
02/04/2007,CHA,TN,ASO,ES,Combined TRACON& Tower with Radar,10,39,31,0,80,0,0,15,0,15,10,39,46,0,95,0,0,0,95
02/05/2007,CHA,TN,ASO,ES,Combined TRACON& Tower with Radar,9,56,86,34,185,0,0,43,6,49,9,56,129,40,234,135,80,215,449
02/06/2007,CHA,TN,ASO,ES,Combined TRACON& Tower with Radar,12,48,59,13,132,0,0,47,1,48,12,48,106,14,180,6,0,6,186
02/07/2007,CHA,TN,ASO,ES,Combined TRACON& Tower with Radar,13,55,84,21,173,0,0,36,8,44,13,55,120,29,217,58,12,70,287
02/08/2007,CHA,TN,ASO,ES,Combined TRACON& Tower with Radar,12,52,79,52,195,0,5,46,7,58,12,57,125,59,253,28,16,44,297
02/09/2007,CHA,TN,ASO,ES,Combined TRACON& Tower with Radar,15,53,69,11,148,0,0,37,3,40,15,53,106,14,188,32,0,32,220
02/10/2007,CHA,TN,ASO,ES,Combined TRACON& Tower with Radar,9,30,40,13,92,0,1,71,10,82,9,31,111,23,174,40,44,84,258
02/11/2007,CHA,TN,ASO,ES,Combined TRACON& Tower with Radar,11,40,47,25,123,0,0,43,1,44,11,40,90,26,167,47,6,53,220
02/12/2007,CHA,TN,ASO,ES,Combined TRACON& Tower with Radar,15,46,69,64,194,0,2,37,10,49,15,48,106,74,243,49,85,134,377
02/13/2007,CHA,TN,ASO,ES,Combined TRACON& Tower with Radar,12,51,52,0,115,0,0,2,0,2,12,51,54,0,117,0,0,0,117
02/14/2007,CHA,TN,ASO,ES,Combined TRACON& Tower with Radar,12,52,54,28,146,0,0,10,4,14,12,52,64,32,160,16,24,40,200
02/15/2007,CHA,TN,ASO,ES,Combined TRACON& Tower with Radar,13,60,76,41,190,0,1,46,11,58,13,61,122,52,248,28,30,58,306
02/16/2007,CHA,TN,ASO,ES,Combined TRACON& Tower with Radar,12,56,74,12,154,0,0,58,6,64,12,56,132,18,218,26,20,46,264
02/17/2007,CHA,TN,ASO,ES,Combined TRACON& Tower with Radar,11,29,29,0,69,0,0,9,0,9,11,29,38,0,78,3,0,3,81
02/18/2007,CHA,TN,ASO,ES,Combined TRACON& Tower with Radar,11,37,36,2,86,0,0,35,1,36,11,37,71,3,122,39,0,39,161
02/19/2007,CHA,TN,ASO,ES,Combined TRACON& Tower with Radar,7,45,56,0,108,0,1,50,0,51,7,46,106,0,159,82,0,82,241
02/20/2007,CHA,TN,ASO,ES,Combined TRACON& Tower with Radar,8,59,59,19,145,0,2,9,1,12,8,61,68,20,157,22,0,22,179
02/21/2007,CHA,TN,ASO,ES,Combined TRACON& Tower with Radar,14,55,59,5,133,0,0,15,2,17,14,55,74,7,150,19,0,19,169
02/22/2007,CHA,TN,ASO,ES,Combined TRACON& Tower with Radar,12,62,107,66,247,0,1,51,8,60,12,63,158,74,307,6,73,79,386
02/23/2007,CHA,TN,ASO,ES,Combined TRACON& Tower with Radar,12,61,74,54,201,0,1,75,7,83,12,62,149,61,284,34,33,67,351
02/24/2007,CHA,TN,ASO,ES,Combined TRACON& Tower with Radar,9,24,31,6,70,0,0,37,3,40,9,24,68,9,110,16,0,16,126
02/25/2007,CHA,TN,ASO,ES,Combined TRACON& Tower with Radar,10,40,33,17,100,0,0,10,0,10,10,40,43,17,110,26,0,26,136
02/26/2007,CHA,TN,ASO,ES,Combined TRACON& Tower with Radar,8,55,75,38,176,0,1,45,4,50,8,56,120,42,226,31,58,89,315
02/27/2007,CHA,TN,ASO,ES,Combined TRACON& Tower with Radar,10,57,68,33,168,0,2,70,5,77,10,59,138,38,245,31,8,39,284
02/28/2007,CHA,TN,ASO,ES,Combined TRACON& Tower with Radar,12,57,54,24,147,0,0,50,4,54,12,57,104,28,201,26,44,70,271
03/01/2007,CHA,TN,ASO,ES,Combined TRACON& Tower with Radar,9,58,31,0,98,0,0,1,0,1,9,58,32,0,99,0,0,0,99
03/02/2007,CHA,TN,ASO,ES,Combined TRACON& Tower with Radar,14,50,57,33,154,0,0,53,0,53,14,50,110,33,207,28,26,54,261
03/03/2007,CHA,TN,ASO,ES,Combined TRACON& Tower with Radar,8,31,23,1,63,0,1,28,1,30,8,32,51,2,93,0,0,0,93
03/04/2007,CHA,TN,ASO,ES,Combined TRACON& Tower with Radar,8,45,55,14,122,0,0,62,2,64,8,45,117,16,186,17,0,17,203
03/05/2007,CHA,TN,ASO,ES,Combined TRACON& Tower with Radar,6,60,73,28,167,0,0,52,3,55,6,60,125,31,222,58,14,72,294
03/06/2007,CHA,TN,ASO,ES,Combined TRACON& Tower with Radar,22,49,69,48,188,0,1,47,5,53,22,50,116,53,241,42,30,72,313
03/07/2007,CHA,TN,ASO,ES,Combined TRACON& Tower with Radar,10,62,77,35,184,0,1,54,5,60,10,63,131,40,244,30,46,76,320
03/08/2007,CHA,TN,ASO,ES,Combined TRACON& Tower with Radar,11,52,82,27,172,0,2,49,5,56,11,54,131,32,228,19,12,31,259
03/09/2007,CHA,TN,ASO,ES,Combined TRACON& Tower with Radar,12,53,71,33,169,0,0,50,4,54,12,53,121,37,223,6,10,16,239
03/10/2007,CHA,TN,ASO,ES,Combined TRACON& Tower with Radar,8,27,59,0,94,0,0,26,0,26,8,27,85,0,120,22,0,22,142
03/11/2007,CHA,TN,ASO,ES,Combined TRACON& Tower with Radar,8,43,47,4,102,0,0,37,1,38,8,43,84,5,140,31,0,31,171
03/12/2007,CHA,TN,ASO,ES,Combined TRACON& Tower with Radar,5,55,46,31,137,0,0,46,7,53,5,55,92,38,190,36,33,69,259
03/13/2007,CHA,TN,ASO,ES,Combined TRACON& Tower with Radar,11,55,87,47,200,0,1,73,4,78,11,56,160,51,278,53,16,69,347
03/14/2007,CHA,TN,ASO,ES,Combined TRACON& Tower with Radar,9,56,66,69,200,0,0,46,3,49,9,56,112,72,249,23,44,67,316
03/15/2007,CHA,TN,ASO,ES,Combined TRACON& Tower with Radar,11,61,61,26,159,0,0,13,0,13,11,61,74,26,172,0,20,20,192
03/16/2007,CHA,TN,ASO,ES,Combined TRACON& Tower with Radar,10,60,64,34,168,0,0,13,1,14,10,60,77,35,182,0,20,20,202
03/17/2007,CHA,TN,ASO,ES,Combined TRACON& Tower with Radar,8,32,36,0,76,0,1,42,1,44,8,33,78,1,120,27,0,27,147
03/18/2007,CHA,TN,ASO,ES,Combined TRACON& Tower with Radar,8,41,59,10,118,0,0,50,3,53,8,41,109,13,171,62,0,62,233
03/19/2007,CHA,TN,ASO,ES,Combined TRACON& Tower with Radar,7,52,59,36,154,0,0,38,11,49,7,52,97,47,203,8,40,48,251
03/20/2007,CHA,TN,ASO,ES,Combined TRACON& Tower with Radar,16,43,88,30,177,0,1,37,2,40,16,44,125,32,217,12,27,39,256
03/21/2007,CHA,TN,ASO,ES,Combined TRACON& Tower with Radar,11,52,76,31,170,0,0,20,1,21,11,52,96,32,191,21,0,21,212
03/22/2007,CHA,TN,ASO,ES,Combined TRACON& Tower with Radar,11,53,102,25,191,0,0,53,6,59,11,53,155,31,250,42,22,64,314
03/23/2007,CHA,TN,ASO,ES,Combined TRACON& Tower with Radar,7,63,80,28,178,0,0,52,7,59,7,63,132,35,237,24,40,64,301
03/24/2007,CHA,TN,ASO,ES,Combined TRACON& Tower with Radar,12,32,23,4,71,0,2,28,0,30,12,34,51,4,101,47,0,47,148
03/25/2007,CHA,TN,ASO,ES,Combined TRACON& Tower with Radar,10,39,51,9,109,0,0,51,0,51,10,39,102,9,160,70,14,84,244
03/26/2007,CHA,TN,ASO,ES,Combined TRACON& Tower with Radar,6,56,53,29,144,0,1,45,9,55,6,57,98,38,199,11,38,49,248
03/27/2007,CHA,TN,ASO,ES,Combined TRACON& Tower with Radar,10,55,71,4,140,0,1,36,8,45,10,56,107,12,185,18,0,18,203
03/28/2007,CHA,TN,ASO,ES,Combined TRACON& Tower with Radar,11,57,76,9,153,0,2,42,4,48,11,59,118,13,201,10,8,18,219
03/29/2007,CHA,TN,ASO,ES,Combined TRACON& Tower with Radar,12,55,79,20,166,0,0,54,4,58,12,55,133,24,224,26,19,45,269
03/30/2007,CHA,TN,ASO,ES,Combined TRACON& Tower with Radar,10,54,67,10,141,0,0,22,1,23,10,54,89,11,164,10,0,10,174
03/31/2007,CHA,TN,ASO,ES,Combined TRACON& Tower with Radar,11,37,41,1,90,0,0,45,4,49,11,37,86,5,139,36,0,36,175
04/01/2007,CHA,TN,ASO,ES,Combined TRACON& Tower with Radar,8,44,26,3,81,0,0,0,0,0,8,44,26,3,81,0,0,0,81
04/02/2007,CHA,TN,ASO,ES,Combined TRACON& Tower with Radar,6,54,62,15,137,0,2,37,0,39,6,56,99,15,176,19,18,37,213
04/03/2007,CHA,TN,ASO,ES,Combined TRACON& Tower with Radar,23,44,79,39,185,0,0,36,2,38,23,44,115,41,223,38,6,44,267
04/04/2007,CHA,TN,ASO,ES,Combined TRACON& Tower with Radar,10,28,57,21,116,0,0,21,7,28,10,28,78,28,144,4,18,22,166
04/05/2007,CHA,TN,ASO,ES,Combined TRACON& Tower with Radar,9,56,128,14,207,0,3,72,3,78,9,59,200,17,285,40,6,46,331
04/06/2007,CHA,TN,ASO,ES,Combined TRACON& Tower with Radar,7,55,77,35,174,0,0,45,2,47,7,55,122,37,221,24,16,40,261
04/07/2007,CHA,TN,ASO,ES,Combined TRACON& Tower with Radar,7,32,34,1,74,0,4,50,4,58,7,36,84,5,132,30,0,30,162
04/08/2007,CHA,TN,ASO,ES,Combined TRACON& Tower with Radar,11,40,36,0,87,0,0,41,0,41,11,40,77,0,128,28,0,28,156
04/09/2007,CHA,TN,ASO,ES,Combined TRACON& Tower with Radar,8,52,82,30,172,0,0,41,3,44,8,52,123,33,216,38,4,42,258
04/10/2007,CHA,TN,ASO,ES,Combined TRACON& Tower with Radar,11,67,89,52,219,0,0,34,7,41,11,67,123,59,260,18,18,36,296
04/11/2007,CHA,TN,ASO,ES,Combined TRACON& Tower with Radar,10,65,45,0,120,0,0,1,0,1,10,65,46,0,121,0,0,0,121
04/12/2007,CHA,TN,ASO,ES,Combined TRACON& Tower with Radar,9,54,98,17,178,0,0,41,7,48,9,54,139,24,226,18,0,18,244
04/13/2007,CHA,TN,ASO,ES,Combined TRACON& Tower with Radar,8,54,76,27,165,0,0,39,4,43,8,54,115,31,208,4,16,20,228
04/14/2007,CHA,TN,ASO,ES,Combined TRACON& Tower with Radar,10,28,23,0,61,0,0,4,0,4,10,28,27,0,65,0,0,0,65
04/15/2007,CHA,TN,ASO,ES,Combined TRACON& Tower with Radar,12,43,39,1,95,0,0,8,0,8,12,43,47,1,103,0,0,0,103
04/16/2007,CHA,TN,ASO,ES,Combined TRACON& Tower with Radar,7,65,43,17,132,0,1,29,6,36,7,66,72,23,168,7,6,13,181
04/17/2007,CHA,TN,ASO,ES,Combined TRACON& Tower with Radar,19,55,81,50,205,0,2,65,6,73,19,57,146,56,278,44,42,86,364
04/18/2007,CHA,TN,ASO,ES,Combined TRACON& Tower with Radar,15,62,80,22,179,0,0,54,11,65,15,62,134,33,244,82,64,146,390
04/19/2007,CHA,TN,ASO,ES,Combined TRACON& Tower with Radar,11,71,69,20,171,0,0,69,3,72,11,71,138,23,243,29,38,67,310
04/20/2007,CHA,TN,ASO,ES,Combined TRACON& Tower with Radar,10,63,89,7,169,0,0,68,0,68,10,63,157,7,237,51,28,79,316
04/21/2007,CHA,TN,ASO,ES,Combined TRACON& Tower with Radar,7,33,53,0,93,0,0,66,1,67,7,33,119,1,160,46,0,46,206
04/22/2007,CHA,TN,ASO,ES,Combined TRACON& Tower with Radar,10,44,42,3,99,0,11,59,0,70,10,55,101,3,169,28,0,28,197
04/23/2007,CHA,TN,ASO,ES,Combined TRACON& Tower with Radar,8,52,60,33,153,0,0,38,9,47,8,52,98,42,200,41,14,55,255
04/24/2007,CHA,TN,ASO,ES,Combined TRACON& Tower with Radar,10,53,66,5,134,0,1,28,1,30,10,54,94,6,164,46,0,46,210
04/25/2007,CHA,TN,ASO,ES,Combined TRACON& Tower with Radar,13,58,90,19,180,0,0,51,2,53,13,58,141,21,233,18,6,24,257
04/26/2007,CHA,TN,ASO,ES,Combined TRACON& Tower with Radar,7,58,68,2,135,0,0,2,0,2,7,58,70,2,137,8,0,8,145
04/27/2007,CHA,TN,ASO,ES,Combined TRACON& Tower with Radar,12,58,86,25,181,0,0,67,16,83,12,58,153,41,264,70,44,114,378
04/28/2007,CHA,TN,ASO,ES,Combined TRACON& Tower with Radar,9,31,38,4,82,0,5,46,2,53,9,36,84,6,135,30,0,30,165
04/29/2007,CHA,TN,ASO,ES,Combined TRACON& Tower with Radar,13,47,48,3,111,0,0,52,1,53,13,47,100,4,164,42,0,42,206
04/30/2007,CHA,TN,ASO,ES,Combined TRACON& Tower with Radar,6,50,73,9,138,0,0,64,2,66,6,50,137,11,204,29,0,29,233
05/01/2007,CHA,TN,ASO,ES,Combined TRACON& Tower with Radar,15,58,76,46,195,0,4,65,9,78,15,62,141,55,273,19,66,85,358
05/02/2007,CHA,TN,ASO,ES,Combined TRACON& Tower with Radar,8,87,79,21,195,0,2,39,4,45,8,89,118,25,240,45,47,92,332
05/03/2007,CHA,TN,ASO,ES,Combined TRACON& Tower with Radar,9,57,65,35,166,0,0,20,5,25,9,57,85,40,191,22,21,43,234
05/04/2007,CHA,TN,ASO,ES,Combined TRACON& Tower with Radar,11,61,63,16,151,0,0,13,1,14,11,61,76,17,165,33,6,39,204
05/05/2007,CHA,TN,ASO,ES,Combined TRACON& Tower with Radar,8,37,60,0,105,0,0,2,0,2,8,37,62,0,107,2,0,2,109
05/06/2007,CHA,TN,ASO,ES,Combined TRACON& Tower with Radar,7,51,76,1,135,0,1,12,5,18,7,52,88,6,153,21,3,24,177
05/07/2007,CHA,TN,ASO,ES,Combined TRACON& Tower with Radar,7,53,72,55,187,0,2,42,4,48,7,55,114,59,235,54,12,66,301
05/08/2007,CHA,TN,ASO,ES,Combined TRACON& Tower with Radar,13,48,92,32,185,0,0,63,0,63,13,48,155,32,248,31,28,59,307
05/09/2007,CHA,TN,ASO,ES,Combined TRACON& Tower with Radar,12,53,89,6,160,0,1,64,1,66,12,54,153,7,226,31,0,31,257
05/10/2007,CHA,TN,ASO,ES,Combined TRACON& Tower with Radar,14,49,73,50,186,0,0,58,2,60,14,49,131,52,246,45,0,45,291
05/11/2007,CHA,TN,ASO,ES,Combined TRACON& Tower with Radar,10,56,56,43,165,0,0,19,6,25,10,56,75,49,190,37,0,37,227
05/12/2007,CHA,TN,ASO,ES,Combined TRACON& Tower with Radar,10,31,38,0,79,0,5,32,0,37,10,36,70,0,116,27,0,27,143
05/13/2007,CHA,TN,ASO,ES,Combined TRACON& Tower with Radar,9,52,29,8,98,0,0,28,5,33,9,52,57,13,131,42,0,42,173
05/14/2007,CHA,TN,ASO,ES,Combined TRACON& Tower with Radar,12,47,65,20,144,0,2,52,0,54,12,49,117,20,198,64,26,90,288
05/15/2007,CHA,TN,ASO,ES,Combined TRACON& Tower with Radar,10,46,84,15,155,0,0,73,12,85,10,46,157,27,240,8,6,14,254
05/16/2007,CHA,TN,ASO,ES,Combined TRACON& Tower with Radar,14,56,68,23,161,0,0,11,0,11,14,56,79,23,172,0,0,0,172
05/17/2007,CHA,TN,ASO,ES,Combined TRACON& Tower with Radar,10,62,102,30,204,0,1,60,9,70,10,63,162,39,274,24,46,70,344
05/18/2007,CHA,TN,ASO,ES,Combined TRACON& Tower with Radar,8,67,89,26,190,0,0,67,4,71,8,67,156,30,261,67,21,88,349
05/19/2007,CHA,TN,ASO,ES,Combined TRACON& Tower with Radar,8,38,49,0,95,0,0,63,12,75,8,38,112,12,170,53,32,85,255
05/20/2007,CHA,TN,ASO,ES,Combined TRACON& Tower with Radar,12,44,41,16,113,0,6,63,4,73,12,50,104,20,186,43,4,47,233
05/21/2007,CHA,TN,ASO,ES,Combined TRACON& Tower with Radar,6,52,75,33,166,0,0,59,1,60,6,52,134,34,226,64,0,64,290
05/22/2007,CHA,TN,ASO,ES,Combined TRACON& Tower with Radar,11,54,89,9,163,0,3,52,1,56,11,57,141,10,219,85,0,85,304
05/23/2007,CHA,TN,ASO,ES,Combined TRACON& Tower with Radar,9,58,78,9,154,0,1,38,4,43,9,59,116,13,197,60,0,60,257
05/24/2007,CHA,TN,ASO,ES,Combined TRACON& Tower with Radar,13,59,72,21,165,0,4,45,6,55,13,63,117,27,220,50,10,60,280
05/25/2007,CHA,TN,ASO,ES,Combined TRACON& Tower with Radar,8,62,61,0,131,0,0,40,1,41,8,62,101,1,172,24,0,24,196
05/26/2007,CHA,TN,ASO,ES,Combined TRACON& Tower with Radar,9,28,39,0,76,0,0,35,0,35,9,28,74,0,111,42,0,42,153
05/27/2007,CHA,TN,ASO,ES,Combined TRACON& Tower with Radar,8,34,36,0,78,0,2,33,0,35,8,36,69,0,113,55,0,55,168
05/28/2007,CHA,TN,ASO,ES,Combined TRACON& Tower with Radar,5,43,37,3,88,0,1,31,0,32,5,44,68,3,120,20,4,24,144
05/29/2007,CHA,TN,ASO,ES,Combined TRACON& Tower with Radar,14,51,63,20,148,0,1,52,2,55,14,52,115,22,203,13,0,13,216
05/30/2007,CHA,TN,ASO,ES,Combined TRACON& Tower with Radar,11,55,67,26,159,0,0,26,5,31,11,55,93,31,190,29,18,47,237
05/31/2007,CHA,TN,ASO,ES,Combined TRACON& Tower with Radar,11,54,81,40,186,0,1,30,6,37,11,55,111,46,223,31,10,41,264
06/01/2007,CHA,TN,ASO,ES,Combined TRACON& Tower with Radar,9,57,59,25,150,0,0,26,2,28,9,57,85,27,178,66,26,92,270
06/02/2007,CHA,TN,ASO,ES,Combined TRACON& Tower with Radar,8,30,47,0,85,0,1,28,0,29,8,31,75,0,114,36,0,36,150
06/03/2007,CHA,TN,ASO,ES,Combined TRACON& Tower with Radar,9,47,35,2,93,0,0,10,0,10,9,47,45,2,103,38,0,38,141
06/04/2007,CHA,TN,ASO,ES,Combined TRACON& Tower with Radar,5,53,64,21,143,0,1,18,7,26,5,54,82,28,169,4,14,18,187
06/05/2007,CHA,TN,ASO,ES,Combined TRACON& Tower with Radar,10,59,68,26,163,0,0,41,4,45,10,59,109,30,208,27,0,27,235
06/06/2007,CHA,TN,ASO,ES,Combined TRACON& Tower with Radar,11,69,92,72,244,0,0,54,8,62,11,69,146,80,306,42,30,72,378
06/07/2007,CHA,TN,ASO,ES,Combined TRACON& Tower with Radar,11,63,105,33,212,0,1,59,6,66,11,64,164,39,278,16,24,40,318
06/08/2007,CHA,TN,ASO,ES,Combined TRACON& Tower with Radar,8,47,64,16,135,0,0,11,1,12,8,47,75,17,147,11,4,15,162
06/09/2007,CHA,TN,ASO,ES,Combined TRACON& Tower with Radar,9,31,49,2,91,0,0,32,0,32,9,31,81,2,123,21,8,29,152
06/10/2007,CHA,TN,ASO,ES,Combined TRACON& Tower with Radar,6,44,47,0,97,0,0,39,0,39,6,44,86,0,136,38,0,38,174
06/11/2007,CHA,TN,ASO,ES,Combined TRACON& Tower with Radar,3,54,84,0,141,0,0,32,0,32,3,54,116,0,173,24,0,24,197
06/12/2007,CHA,TN,ASO,ES,Combined TRACON& Tower with Radar,17,55,67,32,171,0,0,34,7,41,17,55,101,39,212,2,64,66,278
06/13/2007,CHA,TN,ASO,ES,Combined TRACON& Tower with Radar,12,58,105,7,182,0,0,36,0,36,12,58,141,7,218,26,10,36,254
06/14/2007,CHA,TN,ASO,ES,Combined TRACON& Tower with Radar,9,59,90,20,178,0,5,42,1,48,9,64,132,21,226,0,48,48,274
06/15/2007,CHA,TN,ASO,ES,Combined TRACON& Tower with Radar,9,56,73,34,172,0,1,52,0,53,9,57,125,34,225,20,6,26,251
06/16/2007,CHA,TN,ASO,ES,Combined TRACON& Tower with Radar,7,48,50,4,109,0,4,46,0,50,7,52,96,4,159,15,0,15,174
06/17/2007,CHA,TN,ASO,ES,Combined TRACON& Tower with Radar,6,43,37,3,89,0,0,35,1,36,6,43,72,4,125,30,6,36,161
06/18/2007,CHA,TN,ASO,ES,Combined TRACON& Tower with Radar,4,56,60,30,150,0,0,17,1,18,4,56,77,31,168,44,2,46,214
06/19/2007,CHA,TN,ASO,ES,Combined TRACON& Tower with Radar,14,56,59,0,129,0,0,10,0,10,14,56,69,0,139,0,0,0,139
06/20/2007,CHA,TN,ASO,ES,Combined TRACON& Tower with Radar,10,60,82,39,191,0,0,66,6,72,10,60,148,45,263,32,22,54,317
06/21/2007,CHA,TN,ASO,ES,Combined TRACON& Tower with Radar,15,55,85,64,219,0,0,74,8,82,15,55,159,72,301,34,54,88,389
06/22/2007,CHA,TN,ASO,ES,Combined TRACON& Tower with Radar,9,50,65,20,144,0,5,77,5,87,9,55,142,25,231,48,0,48,279
06/23/2007,CHA,TN,ASO,ES,Combined TRACON& Tower with Radar,5,32,44,11,92,0,1,48,5,54,5,33,92,16,146,0,0,0,146
06/24/2007,CHA,TN,ASO,ES,Combined TRACON& Tower with Radar,8,52,54,4,118,0,0,38,0,38,8,52,92,4,156,2,0,2,158
06/25/2007,CHA,TN,ASO,ES,Combined TRACON& Tower with Radar,4,56,60,24,144,0,0,21,2,23,4,56,81,26,167,6,22,28,195
06/26/2007,CHA,TN,ASO,ES,Combined TRACON& Tower with Radar,10,54,82,18,164,0,0,41,1,42,10,54,123,19,206,28,46,74,280
06/27/2007,CHA,TN,ASO,ES,Combined TRACON& Tower with Radar,9,64,71,47,191,0,0,45,5,50,9,64,116,52,241,60,20,80,321
06/28/2007,CHA,TN,ASO,ES,Combined TRACON& Tower with Radar,7,60,79,18,164,0,2,51,1,54,7,62,130,19,218,14,4,18,236
06/29/2007,CHA,TN,ASO,ES,Combined TRACON& Tower with Radar,7,57,70,37,171,68,0,57,1,126,75,57,127,38,297,60,8,68,365
06/30/2007,CHA,TN,ASO,ES,Combined TRACON& Tower with Radar,4,27,50,2,83,0,0,34,4,38,4,27,84,6,121,2,8,10,131
07/01/2007,CHA,TN,ASO,ES,Combined TRACON& Tower with Radar,7,35,47,3,92,0,0,12,0,12,7,35,59,3,104,15,0,15,119
07/02/2007,CHA,TN,ASO,ES,Combined TRACON& Tower with Radar,11,48,52,59,170,0,0,17,0,17,11,48,69,59,187,22,6,28,215
07/03/2007,CHA,TN,ASO,ES,Combined TRACON& Tower with Radar,8,49,57,13,127,0,0,43,4,47,8,49,100,17,174,12,4,16,190
07/04/2007,CHA,TN,ASO,ES,Combined TRACON& Tower with Radar,5,27,26,0,58,0,2,29,0,31,5,29,55,0,89,21,0,21,110
07/05/2007,CHA,TN,ASO,ES,Combined TRACON& Tower with Radar,12,41,40,14,107,0,2,44,2,48,12,43,84,16,155,16,0,16,171
07/06/2007,CHA,TN,ASO,ES,Combined TRACON& Tower with Radar,9,52,43,35,139,0,2,27,2,31,9,54,70,37,170,39,6,45,215
07/07/2007,CHA,TN,ASO,ES,Combined TRACON& Tower with Radar,4,36,47,0,87,0,2,20,1,23,4,38,67,1,110,0,0,0,110
07/08/2007,CHA,TN,ASO,ES,Combined TRACON& Tower with Radar,10,40,44,9,103,0,0,24,0,24,10,40,68,9,127,27,0,27,154
07/09/2007,CHA,TN,ASO,ES,Combined TRACON& Tower with Radar,6,50,62,9,127,0,7,27,5,39,6,57,89,14,166,10,26,36,202
07/10/2007,CHA,TN,ASO,ES,Combined TRACON& Tower with Radar,9,54,71,9,143,0,0,20,1,21,9,54,91,10,164,0,0,0,164
07/11/2007,CHA,TN,ASO,ES,Combined TRACON& Tower with Radar,9,60,65,4,138,0,1,11,1,13,9,61,76,5,151,13,0,13,164
07/12/2007,CHA,TN,ASO,ES,Combined TRACON& Tower with Radar,10,63,88,7,168,0,0,66,10,76,10,63,154,17,244,38,6,44,288
07/13/2007,CHA,TN,ASO,ES,Combined TRACON& Tower with Radar,10,47,60,26,143,0,3,53,3,59,10,50,113,29,202,43,4,47,249
07/14/2007,CHA,TN,ASO,ES,Combined TRACON& Tower with Radar,14,22,37,0,73,0,0,24,0,24,14,22,61,0,97,4,0,4,101
07/15/2007,CHA,TN,ASO,ES,Combined TRACON& Tower with Radar,10,44,33,0,87,0,1,10,1,12,10,45,43,1,99,12,0,12,111
07/16/2007,CHA,TN,ASO,ES,Combined TRACON& Tower with Radar,7,45,42,24,118,0,0,40,8,48,7,45,82,32,166,26,0,26,192
07/17/2007,CHA,TN,ASO,ES,Combined TRACON& Tower with Radar,9,38,68,15,130,0,0,13,1,14,9,38,81,16,144,10,3,13,157
07/18/2007,CHA,TN,ASO,ES,Combined TRACON& Tower with Radar,8,57,75,31,171,0,0,14,2,16,8,57,89,33,187,0,4,4,191
07/19/2007,CHA,TN,ASO,ES,Combined TRACON& Tower with Radar,10,48,78,34,170,0,1,18,2,21,10,49,96,36,191,17,22,39,230
07/20/2007,CHA,TN,ASO,ES,Combined TRACON& Tower with Radar,16,51,53,25,145,0,0,23,1,24,16,51,76,26,169,40,14,54,223
07/21/2007,CHA,TN,ASO,ES,Combined TRACON& Tower with Radar,5,32,51,0,88,0,3,46,4,53,5,35,97,4,141,8,0,8,149
07/22/2007,CHA,TN,ASO,ES,Combined TRACON& Tower with Radar,11,44,32,2,89,0,0,33,0,33,11,44,65,2,122,26,0,26,148
07/23/2007,CHA,TN,ASO,ES,Combined TRACON& Tower with Radar,6,56,106,2,170,0,0,43,0,43,6,56,149,2,213,40,2,42,255
07/24/2007,CHA,TN,ASO,ES,Combined TRACON& Tower with Radar,9,51,48,16,124,0,1,51,1,53,9,52,99,17,177,25,16,41,218
07/25/2007,CHA,TN,ASO,ES,Combined TRACON& Tower with Radar,10,61,75,19,165,0,0,25,1,26,10,61,100,20,191,21,8,29,220
07/26/2007,CHA,TN,ASO,ES,Combined TRACON& Tower with Radar,7,46,54,22,129,0,0,22,2,24,7,46,76,24,153,26,4,30,183
07/27/2007,CHA,TN,ASO,ES,Combined TRACON& Tower with Radar,13,57,65,13,148,0,0,37,4,41,13,57,102,17,189,81,0,81,270
07/28/2007,CHA,TN,ASO,ES,Combined TRACON& Tower with Radar,5,28,69,0,102,0,3,9,0,12,5,31,78,0,114,2,0,2,116
07/29/2007,CHA,TN,ASO,ES,Combined TRACON& Tower with Radar,9,44,44,9,106,0,0,14,0,14,9,44,58,9,120,10,16,26,146
07/30/2007,CHA,TN,ASO,ES,Combined TRACON& Tower with Radar,5,52,115,44,216,0,0,36,0,36,5,52,151,44,252,19,12,31,283
07/31/2007,CHA,TN,ASO,ES,Combined TRACON& Tower with Radar,8,46,58,24,136,0,0,48,5,53,8,46,106,29,189,76,26,102,291
08/01/2007,CHA,TN,ASO,ES,Combined TRACON& Tower with Radar,10,58,72,17,157,0,0,41,6,47,10,58,113,23,204,2,2,4,208
08/02/2007,CHA,TN,ASO,ES,Combined TRACON& Tower with Radar,17,45,95,32,189,0,0,23,10,33,17,45,118,42,222,33,14,47,269
08/03/2007,CHA,TN,ASO,ES,Combined TRACON& Tower with Radar,7,59,76,4,146,0,0,49,10,59,7,59,125,14,205,27,11,38,243
08/04/2007,CHA,TN,ASO,ES,Combined TRACON& Tower with Radar,5,29,47,1,82,0,0,48,7,55,5,29,95,8,137,14,2,16,153
08/05/2007,CHA,TN,ASO,ES,Combined TRACON& Tower with Radar,4,51,44,3,102,0,0,41,4,45,4,51,85,7,147,18,2,20,167
08/06/2007,CHA,TN,ASO,ES,Combined TRACON& Tower with Radar,4,54,66,30,154,0,0,44,4,48,4,54,110,34,202,32,22,54,256
08/07/2007,CHA,TN,ASO,ES,Combined TRACON& Tower with Radar,8,62,88,16,174,0,0,44,3,47,8,62,132,19,221,37,17,54,275
08/08/2007,CHA,TN,ASO,ES,Combined TRACON& Tower with Radar,11,57,74,17,159,0,1,48,2,51,11,58,122,19,210,24,8,32,242
08/09/2007,CHA,TN,ASO,ES,Combined TRACON& Tower with Radar,9,62,62,17,150,0,1,47,5,53,9,63,109,22,203,40,0,40,243
08/10/2007,CHA,TN,ASO,ES,Combined TRACON& Tower with Radar,8,68,56,1,133,0,0,34,0,34,8,68,90,1,167,10,0,10,177
08/11/2007,CHA,TN,ASO,ES,Combined TRACON& Tower with Radar,4,37,35,9,85,0,0,42,4,46,4,37,77,13,131,0,0,0,131
08/12/2007,CHA,TN,ASO,ES,Combined TRACON& Tower with Radar,7,52,50,15,124,0,0,27,2,29,7,52,77,17,153,22,0,22,175
08/13/2007,CHA,TN,ASO,ES,Combined TRACON& Tower with Radar,2,53,49,12,116,0,0,47,0,47,2,53,96,12,163,54,12,66,229
08/14/2007,CHA,TN,ASO,ES,Combined TRACON& Tower with Radar,9,53,74,20,156,0,1,48,6,55,9,54,122,26,211,19,20,39,250
08/15/2007,CHA,TN,ASO,ES,Combined TRACON& Tower with Radar,9,66,85,9,169,0,0,63,2,65,9,66,148,11,234,108,0,108,342
08/16/2007,CHA,TN,ASO,ES,Combined TRACON& Tower with Radar,8,66,93,13,180,0,2,43,12,57,8,68,136,25,237,22,4,26,263
08/17/2007,CHA,TN,ASO,ES,Combined TRACON& Tower with Radar,9,49,85,27,170,0,1,44,4,49,9,50,129,31,219,56,38,94,313
08/18/2007,CHA,TN,ASO,ES,Combined TRACON& Tower with Radar,9,30,45,19,103,0,0,36,2,38,9,30,81,21,141,24,20,44,185
08/19/2007,CHA,TN,ASO,ES,Combined TRACON& Tower with Radar,3,49,44,2,98,0,1,32,0,33,3,50,76,2,131,43,0,43,174
08/20/2007,CHA,TN,ASO,ES,Combined TRACON& Tower with Radar,3,68,61,8,140,0,0,33,3,36,3,68,94,11,176,31,10,41,217
08/21/2007,CHA,TN,ASO,ES,Combined TRACON& Tower with Radar,9,58,72,16,155,0,0,28,8,36,9,58,100,24,191,31,14,45,236
08/22/2007,CHA,TN,ASO,ES,Combined TRACON& Tower with Radar,10,69,88,16,183,0,0,17,1,18,10,69,105,17,201,0,4,4,205
08/23/2007,CHA,TN,ASO,ES,Combined TRACON& Tower with Radar,14,63,70,17,164,0,1,32,4,37,14,64,102,21,201,12,40,52,253
08/24/2007,CHA,TN,ASO,ES,Combined TRACON& Tower with Radar,11,50,58,8,127,0,1,56,8,65,11,51,114,16,192,8,0,8,200
08/25/2007,CHA,TN,ASO,ES,Combined TRACON& Tower with Radar,5,30,30,0,65,0,2,42,10,54,5,32,72,10,119,16,0,16,135
08/26/2007,CHA,TN,ASO,ES,Combined TRACON& Tower with Radar,9,42,25,6,82,0,0,23,0,23,9,42,48,6,105,18,0,18,123
08/27/2007,CHA,TN,ASO,ES,Combined TRACON& Tower with Radar,11,51,69,86,217,2,0,36,6,44,13,51,105,92,261,41,58,99,360
08/28/2007,CHA,TN,ASO,ES,Combined TRACON& Tower with Radar,21,57,65,20,163,2,0,28,2,32,23,57,93,22,195,0,4,4,199
08/29/2007,CHA,TN,ASO,ES,Combined TRACON& Tower with Radar,10,60,72,18,160,0,0,28,2,30,10,60,100,20,190,9,0,9,199
08/30/2007,CHA,TN,ASO,ES,Combined TRACON& Tower with Radar,19,57,76,15,167,0,0,22,3,25,19,57,98,18,192,14,28,42,234
08/31/2007,CHA,TN,ASO,ES,Combined TRACON& Tower with Radar,9,56,52,6,123,0,2,19,5,26,9,58,71,11,149,14,0,14,163
09/01/2007,CHA,TN,ASO,ES,Combined TRACON& Tower with Radar,9,27,33,0,69,0,0,22,0,22,9,27,55,0,91,8,0,8,99
09/02/2007,CHA,TN,ASO,ES,Combined TRACON& Tower with Radar,5,33,31,0,69,0,0,27,1,28,5,33,58,1,97,20,0,20,117
09/03/2007,CHA,TN,ASO,ES,Combined TRACON& Tower with Radar,3,49,37,0,89,0,0,50,0,50,3,49,87,0,139,28,0,28,167
09/04/2007,CHA,TN,ASO,ES,Combined TRACON& Tower with Radar,15,47,63,23,148,0,1,12,5,18,15,48,75,28,166,45,0,45,211
09/05/2007,CHA,TN,ASO,ES,Combined TRACON& Tower with Radar,9,54,71,34,168,0,0,54,1,55,9,54,125,35,223,7,16,23,246
09/06/2007,CHA,TN,ASO,ES,Combined TRACON& Tower with Radar,9,60,71,46,186,0,5,60,4,69,9,65,131,50,255,46,20,66,321
09/07/2007,CHA,TN,ASO,ES,Combined TRACON& Tower with Radar,6,58,67,6,137,0,0,47,1,48,6,58,114,7,185,35,0,35,220
09/08/2007,CHA,TN,ASO,ES,Combined TRACON& Tower with Radar,8,31,21,2,62,0,1,31,0,32,8,32,52,2,94,22,0,22,116
09/09/2007,CHA,TN,ASO,ES,Combined TRACON& Tower with Radar,5,51,44,9,109,0,0,25,3,28,5,51,69,12,137,10,22,32,169
09/10/2007,CHA,TN,ASO,ES,Combined TRACON& Tower with Radar,1,53,69,21,144,0,0,33,2,35,1,53,102,23,179,44,14,58,237
09/11/2007,CHA,TN,ASO,ES,Combined TRACON& Tower with Radar,9,48,72,12,141,0,0,10,1,11,9,48,82,13,152,44,0,44,196
09/12/2007,CHA,TN,ASO,ES,Combined TRACON& Tower with Radar,7,60,80,19,166,0,1,52,7,60,7,61,132,26,226,34,4,38,264
09/13/2007,CHA,TN,ASO,ES,Combined TRACON& Tower with Radar,18,69,82,21,190,0,0,35,6,41,18,69,117,27,231,19,30,49,280
09/14/2007,CHA,TN,ASO,ES,Combined TRACON& Tower with Radar,5,54,94,2,155,0,0,3,0,3,5,54,97,2,158,0,0,0,158
09/15/2007,CHA,TN,ASO,ES,Combined TRACON& Tower with Radar,8,27,42,0,77,0,0,45,0,45,8,27,87,0,122,14,0,14,136
09/16/2007,CHA,TN,ASO,ES,Combined TRACON& Tower with Radar,7,53,55,4,119,0,0,47,1,48,7,53,102,5,167,61,0,61,228
09/17/2007,CHA,TN,ASO,ES,Combined TRACON& Tower with Radar,4,57,80,34,175,0,9,62,3,74,4,66,142,37,249,36,20,56,305
09/18/2007,CHA,TN,ASO,ES,Combined TRACON& Tower with Radar,7,54,88,1,150,0,0,51,2,53,7,54,139,3,203,57,0,57,260
09/19/2007,CHA,TN,ASO,ES,Combined TRACON& Tower with Radar,8,60,73,9,150,0,1,40,1,42,8,61,113,10,192,58,0,58,250
09/20/2007,CHA,TN,ASO,ES,Combined TRACON& Tower with Radar,9,58,83,28,178,0,0,44,2,46,9,58,127,30,224,49,0,49,273
09/21/2007,CHA,TN,ASO,ES,Combined TRACON& Tower with Radar,8,59,95,24,186,0,0,32,2,34,8,59,127,26,220,23,12,35,255
09/22/2007,CHA,TN,ASO,ES,Combined TRACON& Tower with Radar,8,29,45,26,108,0,0,35,0,35,8,29,80,26,143,32,4,36,179
09/23/2007,CHA,TN,ASO,ES,Combined TRACON& Tower with Radar,8,50,50,2,110,0,0,29,0,29,8,50,79,2,139,24,0,24,163
09/24/2007,CHA,TN,ASO,ES,Combined TRACON& Tower with Radar,4,62,45,18,129,0,0,46,7,53,4,62,91,25,182,42,31,73,255
09/25/2007,CHA,TN,ASO,ES,Combined TRACON& Tower with Radar,16,46,71,26,159,0,0,38,3,41,16,46,109,29,200,46,10,56,256
09/26/2007,CHA,TN,ASO,ES,Combined TRACON& Tower with Radar,11,51,66,46,174,0,0,41,7,48,11,51,107,53,222,16,26,42,264
09/27/2007,CHA,TN,ASO,ES,Combined TRACON& Tower with Radar,8,66,75,4,153,0,7,35,1,43,8,73,110,5,196,6,0,6,202
09/28/2007,CHA,TN,ASO,ES,Combined TRACON& Tower with Radar,7,56,69,4,136,0,2,60,0,62,7,58,129,4,198,10,0,10,208
09/29/2007,CHA,TN,ASO,ES,Combined TRACON& Tower with Radar,6,30,30,4,70,0,0,35,0,35,6,30,65,4,105,32,0,32,137
09/30/2007,CHA,TN,ASO,ES,Combined TRACON& Tower with Radar,6,43,45,7,101,0,0,45,0,45,6,43,90,7,146,22,0,22,168
10/01/2007,CHA,TN,ASO,ES,Combined TRACON& Tower with Radar,3,67,42,26,138,0,0,38,4,42,3,67,80,30,180,43,0,43,223
10/02/2007,CHA,TN,ASO,ES,Combined TRACON& Tower with Radar,10,57,86,8,161,0,0,57,13,70,10,57,143,21,231,38,10,48,279
10/03/2007,CHA,TN,ASO,ES,Combined TRACON& Tower with Radar,5,58,92,49,204,0,0,21,4,25,5,58,113,53,229,25,21,46,275
10/04/2007,CHA,TN,ASO,ES,Combined TRACON& Tower with Radar,8,64,60,29,161,0,0,21,0,21,8,64,81,29,182,7,2,9,191
10/05/2007,CHA,TN,ASO,ES,Combined TRACON& Tower with Radar,6,60,71,34,171,0,0,25,1,26,6,60,96,35,197,62,8,70,267
10/06/2007,CHA,TN,ASO,ES,Combined TRACON& Tower with Radar,7,31,43,0,81,0,0,35,0,35,7,31,78,0,116,21,0,21,137
10/07/2007,CHA,TN,ASO,ES,Combined TRACON& Tower with Radar,4,55,66,2,127,0,0,41,0,41,4,55,107,2,168,82,0,82,250
10/08/2007,CHA,TN,ASO,ES,Combined TRACON& Tower with Radar,5,70,63,12,150,0,0,45,0,45,5,70,108,12,195,66,0,66,261
10/09/2007,CHA,TN,ASO,ES,Combined TRACON& Tower with Radar,11,63,80,41,195,0,1,58,7,66,11,64,138,48,261,56,11,67,328
10/10/2007,CHA,TN,ASO,ES,Combined TRACON& Tower with Radar,10,68,84,12,174,0,1,38,8,47,10,69,122,20,221,21,10,31,252
10/11/2007,CHA,TN,ASO,ES,Combined TRACON& Tower with Radar,9,59,64,31,163,0,3,55,7,65,9,62,119,38,228,24,20,44,272
10/12/2007,CHA,TN,ASO,ES,Combined TRACON& Tower with Radar,8,55,62,9,134,0,1,70,3,74,8,56,132,12,208,75,10,85,293
10/13/2007,CHA,TN,ASO,ES,Combined TRACON& Tower with Radar,5,36,46,0,87,0,1,52,0,53,5,37,98,0,140,0,0,0,140
10/14/2007,CHA,TN,ASO,ES,Combined TRACON& Tower with Radar,7,59,48,3,117,0,0,60,0,60,7,59,108,3,177,53,0,53,230
10/15/2007,CHA,TN,ASO,ES,Combined TRACON& Tower with Radar,9,59,104,17,189,0,0,42,3,45,9,59,146,20,234,40,4,44,278
10/16/2007,CHA,TN,ASO,ES,Combined TRACON& Tower with Radar,16,60,69,26,171,0,0,14,9,23,16,60,83,35,194,5,8,13,207
10/17/2007,CHA,TN,ASO,ES,Combined TRACON& Tower with Radar,10,62,74,99,245,0,0,29,5,34,10,62,103,104,279,28,50,78,357
10/18/2007,CHA,TN,ASO,ES,Combined TRACON& Tower with Radar,12,52,70,6,140,0,0,1,0,1,12,52,71,6,141,6,0,6,147
10/19/2007,CHA,TN,ASO,ES,Combined TRACON& Tower with Radar,8,73,74,35,190,0,1,36,2,39,8,74,110,37,229,76,10,86,315
10/20/2007,CHA,TN,ASO,ES,Combined TRACON& Tower with Radar,4,30,25,2,61,0,11,45,1,57,4,41,70,3,118,38,0,38,156
10/21/2007,CHA,TN,ASO,ES,Combined TRACON& Tower with Radar,5,42,39,29,115,0,0,42,0,42,5,42,81,29,157,75,6,81,238
10/22/2007,CHA,TN,ASO,ES,Combined TRACON& Tower with Radar,8,58,60,79,205,0,0,2,0,2,8,58,62,79,207,0,0,0,207
10/23/2007,CHA,TN,ASO,ES,Combined TRACON& Tower with Radar,14,67,45,6,132,0,0,3,0,3,14,67,48,6,135,2,10,12,147
10/24/2007,CHA,TN,ASO,ES,Combined TRACON& Tower with Radar,13,58,60,23,154,0,0,7,1,8,13,58,67,24,162,6,40,46,208
10/25/2007,CHA,TN,ASO,ES,Combined TRACON& Tower with Radar,8,61,86,27,182,0,0,44,3,47,8,61,130,30,229,16,0,16,245
10/26/2007,CHA,TN,ASO,ES,Combined TRACON& Tower with Radar,11,59,83,30,183,0,0,17,2,19,11,59,100,32,202,28,6,34,236
10/27/2007,CHA,TN,ASO,ES,Combined TRACON& Tower with Radar,4,35,38,9,86,0,0,55,7,62,4,35,93,16,148,10,8,18,166
10/28/2007,CHA,TN,ASO,ES,Combined TRACON& Tower with Radar,6,50,37,14,107,0,0,33,0,33,6,50,70,14,140,7,0,7,147
10/29/2007,CHA,TN,ASO,ES,Combined TRACON& Tower with Radar,10,62,53,22,147,0,0,48,2,50,10,62,101,24,197,40,26,66,263
10/30/2007,CHA,TN,ASO,ES,Combined TRACON& Tower with Radar,10,53,72,39,174,0,0,37,4,41,10,53,109,43,215,22,35,57,272
10/31/2007,CHA,TN,ASO,ES,Combined TRACON& Tower with Radar,7,60,64,12,143,0,0,35,6,41,7,60,99,18,184,21,8,29,213
11/01/2007,CHA,TN,ASO,ES,Combined TRACON& Tower with Radar,11,62,90,20,183,0,0,44,2,46,11,62,134,22,229,22,4,26,255
11/02/2007,CHA,TN,ASO,ES,Combined TRACON& Tower with Radar,11,61,87,22,181,0,0,49,4,53,11,61,136,26,234,20,42,62,296
11/03/2007,CHA,TN,ASO,ES,Combined TRACON& Tower with Radar,5,32,46,7,90,0,0,55,0,55,5,32,101,7,145,12,0,12,157
11/04/2007,CHA,TN,ASO,ES,Combined TRACON& Tower with Radar,7,52,37,0,96,0,0,29,0,29,7,52,66,0,125,18,0,18,143
11/05/2007,CHA,TN,ASO,ES,Combined TRACON& Tower with Radar,9,56,52,17,134,0,1,24,0,25,9,57,76,17,159,2,0,2,161
11/06/2007,CHA,TN,ASO,ES,Combined TRACON& Tower with Radar,10,70,52,15,147,0,0,36,10,46,10,70,88,25,193,26,6,32,225
11/07/2007,CHA,TN,ASO,ES,Combined TRACON& Tower with Radar,11,60,76,17,164,0,0,33,3,36,11,60,109,20,200,2,0,2,202
11/08/2007,CHA,TN,ASO,ES,Combined TRACON& Tower with Radar,10,62,71,18,161,0,1,41,5,47,10,63,112,23,208,11,37,48,256
11/09/2007,CHA,TN,ASO,ES,Combined TRACON& Tower with Radar,12,54,78,29,173,0,2,43,6,51,12,56,121,35,224,20,14,34,258
11/10/2007,CHA,TN,ASO,ES,Combined TRACON& Tower with Radar,4,34,52,0,90,0,4,58,3,65,4,38,110,3,155,65,0,65,220
11/11/2007,CHA,TN,ASO,ES,Combined TRACON& Tower with Radar,5,47,70,0,122,0,0,39,0,39,5,47,109,0,161,32,0,32,193
11/12/2007,CHA,TN,ASO,ES,Combined TRACON& Tower with Radar,3,59,53,8,123,0,1,58,1,60,3,60,111,9,183,55,0,55,238
11/13/2007,CHA,TN,ASO,ES,Combined TRACON& Tower with Radar,8,60,78,21,167,0,2,31,0,33,8,62,109,21,200,0,0,0,200
11/14/2007,CHA,TN,ASO,ES,Combined TRACON& Tower with Radar,10,61,102,44,217,0,0,21,0,21,10,61,123,44,238,26,32,58,296
11/15/2007,CHA,TN,ASO,ES,Combined TRACON& Tower with Radar,8,62,75,7,152,0,0,6,5,11,8,62,81,12,163,7,16,23,186
11/16/2007,CHA,TN,ASO,ES,Combined TRACON& Tower with Radar,9,62,62,31,164,0,2,65,6,73,9,64,127,37,237,37,26,63,300
11/17/2007,CHA,TN,ASO,ES,Combined TRACON& Tower with Radar,5,30,36,0,71,0,0,44,1,45,5,30,80,1,116,24,8,32,148
11/18/2007,CHA,TN,ASO,ES,Combined TRACON& Tower with Radar,6,50,40,6,102,0,0,46,1,47,6,50,86,7,149,56,0,56,205
11/19/2007,CHA,TN,ASO,ES,Combined TRACON& Tower with Radar,9,59,66,17,151,0,0,26,2,28,9,59,92,19,179,0,0,0,179
11/20/2007,CHA,TN,ASO,ES,Combined TRACON& Tower with Radar,8,74,99,12,193,0,2,51,2,55,8,76,150,14,248,51,2,53,301
11/21/2007,CHA,TN,ASO,ES,Combined TRACON& Tower with Radar,12,60,57,12,141,0,1,26,2,29,12,61,83,14,170,10,0,10,180
11/22/2007,CHA,TN,ASO,ES,Combined TRACON& Tower with Radar,3,37,13,0,53,0,0,1,0,1,3,37,14,0,54,6,0,6,60
11/23/2007,CHA,TN,ASO,ES,Combined TRACON& Tower with Radar,6,35,32,0,73,0,0,22,0,22,6,35,54,0,95,17,0,17,112
11/24/2007,CHA,TN,ASO,ES,Combined TRACON& Tower with Radar,8,36,26,0,70,0,0,30,0,30,8,36,56,0,100,14,0,14,114
11/25/2007,CHA,TN,ASO,ES,Combined TRACON& Tower with Radar,5,56,63,0,124,0,0,4,0,4,5,56,67,0,128,2,0,2,130
11/26/2007,CHA,TN,ASO,ES,Combined TRACON& Tower with Radar,4,68,39,8,119,0,0,1,0,1,4,68,40,8,120,0,0,0,120
11/27/2007,CHA,TN,ASO,ES,Combined TRACON& Tower with Radar,9,67,75,14,165,0,1,31,8,40,9,68,106,22,205,17,8,25,230
11/28/2007,CHA,TN,ASO,ES,Combined TRACON& Tower with Radar,11,69,60,23,163,0,1,46,6,53,11,70,106,29,216,53,24,77,293
11/29/2007,CHA,TN,ASO,ES,Combined TRACON& Tower with Radar,16,56,64,12,148,0,1,43,7,51,16,57,107,19,199,7,24,31,230
11/30/2007,CHA,TN,ASO,ES,Combined TRACON& Tower with Radar,6,48,50,25,129,0,0,42,19,61,6,48,92,44,190,11,0,11,201
12/01/2007,CHA,TN,ASO,ES,Combined TRACON& Tower with Radar,6,31,15,0,52,0,0,44,2,46,6,31,59,2,98,26,0,26,124
12/02/2007,CHA,TN,ASO,ES,Combined TRACON& Tower with Radar,6,46,36,0,88,0,0,7,0,7,6,46,43,0,95,0,0,0,95
12/03/2007,CHA,TN,ASO,ES,Combined TRACON& Tower with Radar,14,51,59,17,141,0,0,41,7,48,14,51,100,24,189,40,3,43,232
12/04/2007,CHA,TN,ASO,ES,Combined TRACON& Tower with Radar,9,59,75,39,182,0,0,46,18,64,9,59,121,57,246,33,26,59,305
12/05/2007,CHA,TN,ASO,ES,Combined TRACON& Tower with Radar,11,58,71,51,191,0,0,44,14,58,11,58,115,65,249,37,20,57,306
12/06/2007,CHA,TN,ASO,ES,Combined TRACON& Tower with Radar,12,65,76,51,204,0,0,61,14,75,12,65,137,65,279,3,16,19,298
12/07/2007,CHA,TN,ASO,ES,Combined TRACON& Tower with Radar,9,56,67,73,205,0,0,39,14,53,9,56,106,87,258,48,93,141,399
12/08/2007,CHA,TN,ASO,ES,Combined TRACON& Tower with Radar,10,32,32,13,87,0,0,2,2,4,10,32,34,15,91,2,0,2,93
12/09/2007,CHA,TN,ASO,ES,Combined TRACON& Tower with Radar,9,41,34,7,91,0,0,22,6,28,9,41,56,13,119,0,6,6,125
12/10/2007,CHA,TN,ASO,ES,Combined TRACON& Tower with Radar,7,57,50,29,143,0,0,18,5,23,7,57,68,34,166,0,24,24,190
12/11/2007,CHA,TN,ASO,ES,Combined TRACON& Tower with Radar,12,57,61,22,152,0,0,40,11,51,12,57,101,33,203,10,16,26,229
12/12/2007,CHA,TN,ASO,ES,Combined TRACON& Tower with Radar,18,64,101,40,223,0,0,3,1,4,18,64,104,41,227,4,54,58,285
12/13/2007,CHA,TN,ASO,ES,Combined TRACON& Tower with Radar,14,61,71,20,166,0,0,6,2,8,14,61,77,22,174,10,0,10,184
12/14/2007,CHA,TN,ASO,ES,Combined TRACON& Tower with Radar,14,66,95,34,209,0,0,44,17,61,14,66,139,51,270,57,54,111,381
12/15/2007,CHA,TN,ASO,ES,Combined TRACON& Tower with Radar,14,39,57,2,112,0,0,21,0,21,14,39,78,2,133,0,0,0,133
12/16/2007,CHA,TN,ASO,ES,Combined TRACON& Tower with Radar,12,50,22,1,85,0,0,6,1,7,12,50,28,2,92,0,0,0,92
12/17/2007,CHA,TN,ASO,ES,Combined TRACON& Tower with Radar,6,56,29,20,111,0,0,44,7,51,6,56,73,27,162,44,17,61,223
12/18/2007,CHA,TN,ASO,ES,Combined TRACON& Tower with Radar,13,60,66,21,160,0,4,54,16,74,13,64,120,37,234,32,0,32,266
12/19/2007,CHA,TN,ASO,ES,Combined TRACON& Tower with Radar,15,62,79,74,230,0,0,15,3,18,15,62,94,77,248,24,26,50,298
12/20/2007,CHA,TN,ASO,ES,Combined TRACON& Tower with Radar,13,66,66,7,152,0,0,0,1,1,13,66,66,8,153,0,0,0,153
12/21/2007,CHA,TN,ASO,ES,Combined TRACON& Tower with Radar,10,61,71,8,150,0,0,6,0,6,10,61,77,8,156,18,4,22,178
12/22/2007,CHA,TN,ASO,ES,Combined TRACON& Tower with Radar,6,36,27,4,73,0,0,5,0,5,6,36,32,4,78,10,0,10,88
12/23/2007,CHA,TN,ASO,ES,Combined TRACON& Tower with Radar,10,45,15,0,70,0,0,22,0,22,10,45,37,0,92,14,0,14,106
12/24/2007,CHA,TN,ASO,ES,Combined TRACON& Tower with Radar,5,34,41,0,80,0,1,30,0,31,5,35,71,0,111,3,0,3,114
12/25/2007,CHA,TN,ASO,ES,Combined TRACON& Tower with Radar,4,31,5,0,40,0,0,2,0,2,4,31,7,0,42,0,0,0,42
12/26/2007,CHA,TN,ASO,ES,Combined TRACON& Tower with Radar,7,53,67,2,129,0,0,26,0,26,7,53,93,2,155,32,0,32,187
12/27/2007,CHA,TN,ASO,ES,Combined TRACON& Tower with Radar,11,57,75,13,156,0,0,11,0,11,11,57,86,13,167,17,10,27,194
12/28/2007,CHA,TN,ASO,ES,Combined TRACON& Tower with Radar,12,51,45,0,108,0,0,0,0,0,12,51,45,0,108,0,0,0,108
12/29/2007,CHA,TN,ASO,ES,Combined TRACON& Tower with Radar,8,40,35,3,86,0,0,35,1,36,8,40,70,4,122,33,0,33,155
12/30/2007,CHA,TN,ASO,ES,Combined TRACON& Tower with Radar,8,47,17,0,72,0,0,1,0,1,8,47,18,0,73,0,0,0,73
12/31/2007,CHA,TN,ASO,ES,Combined TRACON& Tower with Radar,5,35,43,0,83,0,0,16,0,16,5,35,59,0,99,38,0,38,137
01/01/2008,CHA,TN,ASO,ES,Combined TRACON& Tower with Radar,9,32,26,0,67,0,0,4,0,4,9,32,30,0,71,0,0,0,71
01/02/2008,CHA,TN,ASO,ES,Combined TRACON& Tower with Radar,10,50,45,0,105,0,0,15,0,15,10,50,60,0,120,15,0,15,135
01/03/2008,CHA,TN,ASO,ES,Combined TRACON& Tower with Radar,14,65,60,11,150,0,4,52,0,56,14,69,112,11,206,6,30,36,242
01/04/2008,CHA,TN,ASO,ES,Combined TRACON& Tower with Radar,9,52,40,21,122,0,0,56,0,56,9,52,96,21,178,23,18,41,219
01/05/2008,CHA,TN,ASO,ES,Combined TRACON& Tower with Radar,6,40,40,10,96,0,1,49,0,50,6,41,89,10,146,51,0,51,197
01/06/2008,CHA,TN,ASO,ES,Combined TRACON& Tower with Radar,8,65,58,2,133,0,0,36,2,38,8,65,94,4,171,11,0,11,182
01/07/2008,CHA,TN,ASO,ES,Combined TRACON& Tower with Radar,5,57,45,36,143,0,0,54,1,55,5,57,99,37,198,22,66,88,286
01/08/2008,CHA,TN,ASO,ES,Combined TRACON& Tower with Radar,8,55,75,52,190,0,0,12,0,12,8,55,87,52,202,0,32,32,234
01/09/2008,CHA,TN,ASO,ES,Combined TRACON& Tower with Radar,10,61,86,38,195,0,1,51,3,55,10,62,137,41,250,72,38,110,360
01/10/2008,CHA,TN,ASO,ES,Combined TRACON& Tower with Radar,9,52,72,9,142,0,0,4,0,4,9,52,76,9,146,2,0,2,148
01/11/2008,CHA,TN,ASO,ES,Combined TRACON& Tower with Radar,10,61,80,31,182,0,0,35,3,38,10,61,115,34,220,42,40,82,302
01/12/2008,CHA,TN,ASO,ES,Combined TRACON& Tower with Radar,6,35,32,1,74,0,1,53,2,56,6,36,85,3,130,14,0,14,144
01/13/2008,CHA,TN,ASO,ES,Combined TRACON& Tower with Radar,8,55,54,4,121,0,0,30,1,31,8,55,84,5,152,22,0,22,174
01/14/2008,CHA,TN,ASO,ES,Combined TRACON& Tower with Radar,5,56,53,29,143,0,0,32,5,37,5,56,85,34,180,16,20,36,216
01/15/2008,CHA,TN,ASO,ES,Combined TRACON& Tower with Radar,9,64,73,38,184,0,0,30,9,39,9,64,103,47,223,37,12,49,272
01/16/2008,CHA,TN,ASO,ES,Combined TRACON& Tower with Radar,8,58,66,34,166,0,0,37,0,37,8,58,103,34,203,13,20,33,236
01/17/2008,CHA,TN,ASO,ES,Combined TRACON& Tower with Radar,14,53,42,0,109,0,0,1,0,1,14,53,43,0,110,0,0,0,110
01/18/2008,CHA,TN,ASO,ES,Combined TRACON& Tower with Radar,10,71,73,59,213,0,4,48,3,55,10,75,121,62,268,80,32,112,380
01/19/2008,CHA,TN,ASO,ES,Combined TRACON& Tower with Radar,6,27,36,3,72,0,0,22,0,22,6,27,58,3,94,0,0,0,94
01/20/2008,CHA,TN,ASO,ES,Combined TRACON& Tower with Radar,8,50,42,2,102,0,0,54,0,54,8,50,96,2,156,7,0,7,163
01/21/2008,CHA,TN,ASO,ES,Combined TRACON& Tower with Radar,5,51,64,8,128,0,0,59,0,59,5,51,123,8,187,0,0,0,187
01/22/2008,CHA,TN,ASO,ES,Combined TRACON& Tower with Radar,10,56,55,2,123,0,0,0,0,0,10,56,55,2,123,0,16,16,139
01/23/2008,CHA,TN,ASO,ES,Combined TRACON& Tower with Radar,9,61,81,26,177,0,0,37,0,37,9,61,118,26,214,24,34,58,272
01/24/2008,CHA,TN,ASO,ES,Combined TRACON& Tower with Radar,9,66,56,41,172,0,0,25,1,26,9,66,81,42,198,34,0,34,232
01/25/2008,CHA,TN,ASO,ES,Combined TRACON& Tower with Radar,9,56,67,15,147,0,0,52,13,65,9,56,119,28,212,74,22,96,308
01/26/2008,CHA,TN,ASO,ES,Combined TRACON& Tower with Radar,6,32,22,1,61,0,0,2,0,2,6,32,24,1,63,2,0,2,65
01/27/2008,CHA,TN,ASO,ES,Combined TRACON& Tower with Radar,9,59,45,3,116,0,0,62,1,63,9,59,107,4,179,79,0,79,258
01/28/2008,CHA,TN,ASO,ES,Combined TRACON& Tower with Radar,5,63,43,25,136,0,0,46,2,48,5,63,89,27,184,20,22,42,226
01/29/2008,CHA,TN,ASO,ES,Combined TRACON& Tower with Radar,8,64,49,4,125,0,0,3,0,3,8,64,52,4,128,0,0,0,128
01/30/2008,CHA,TN,ASO,ES,Combined TRACON& Tower with Radar,7,62,49,36,154,0,0,32,4,36,7,62,81,40,190,27,10,37,227
01/31/2008,CHA,TN,ASO,ES,Combined TRACON& Tower with Radar,12,61,44,17,134,0,0,18,2,20,12,61,62,19,154,10,4,14,168
02/01/2008,CHA,TN,ASO,ES,Combined TRACON& Tower with Radar,9,64,32,35,140,0,0,13,4,17,9,64,45,39,157,0,6,6,163
02/02/2008,CHA,TN,ASO,ES,Combined TRACON& Tower with Radar,7,31,35,5,78,0,0,73,3,76,7,31,108,8,154,6,12,18,172
02/03/2008,CHA,TN,ASO,ES,Combined TRACON& Tower with Radar,7,49,31,1,88,0,0,22,1,23,7,49,53,2,111,0,0,0,111
02/04/2008,CHA,TN,ASO,ES,Combined TRACON& Tower with Radar,5,63,55,7,130,0,0,1,0,1,5,63,56,7,131,0,0,0,131
02/05/2008,CHA,TN,ASO,ES,Combined TRACON& Tower with Radar,12,63,63,69,207,0,0,12,0,12,12,63,75,69,219,35,38,73,292
02/06/2008,CHA,TN,ASO,ES,Combined TRACON& Tower with Radar,9,55,42,10,116,0,0,3,1,4,9,55,45,11,120,4,36,40,160
02/07/2008,CHA,TN,ASO,ES,Combined TRACON& Tower with Radar,11,74,68,16,169,0,1,61,2,64,11,75,129,18,233,14,0,14,247
02/08/2008,CHA,TN,ASO,ES,Combined TRACON& Tower with Radar,11,60,61,6,138,0,3,47,1,51,11,63,108,7,189,16,0,16,205
02/09/2008,CHA,TN,ASO,ES,Combined TRACON& Tower with Radar,7,30,36,0,73,0,0,54,1,55,7,30,90,1,128,13,0,13,141
02/10/2008,CHA,TN,ASO,ES,Combined TRACON& Tower with Radar,8,51,42,9,110,0,0,33,1,34,8,51,75,10,144,23,0,23,167
02/11/2008,CHA,TN,ASO,ES,Combined TRACON& Tower with Radar,4,58,76,36,174,0,0,47,6,53,4,58,123,42,227,6,25,31,258
02/12/2008,CHA,TN,ASO,ES,Combined TRACON& Tower with Radar,9,54,60,2,125,0,0,23,1,24,9,54,83,3,149,30,0,30,179
02/13/2008,CHA,TN,ASO,ES,Combined TRACON& Tower with Radar,9,58,60,0,127,0,0,5,0,5,9,58,65,0,132,0,0,0,132
02/14/2008,CHA,TN,ASO,ES,Combined TRACON& Tower with Radar,11,61,55,29,156,0,0,47,4,51,11,61,102,33,207,30,46,76,283
02/15/2008,CHA,TN,ASO,ES,Combined TRACON& Tower with Radar,8,59,52,32,151,0,0,31,6,37,8,59,83,38,188,28,42,70,258
02/16/2008,CHA,TN,ASO,ES,Combined TRACON& Tower with Radar,6,29,57,0,92,0,0,43,3,46,6,29,100,3,138,5,0,5,143
02/17/2008,CHA,TN,ASO,ES,Combined TRACON& Tower with Radar,10,46,28,5,89,0,0,0,0,0,10,46,28,5,89,4,0,4,93
02/18/2008,CHA,TN,ASO,ES,Combined TRACON& Tower with Radar,4,53,42,7,106,0,5,33,6,44,4,58,75,13,150,51,8,59,209
02/19/2008,CHA,TN,ASO,ES,Combined TRACON& Tower with Radar,8,58,78,31,175,0,0,29,8,37,8,58,107,39,212,34,0,34,246
02/20/2008,CHA,TN,ASO,ES,Combined TRACON& Tower with Radar,8,69,87,21,185,0,0,53,5,58,8,69,140,26,243,59,32,91,334
02/21/2008,CHA,TN,ASO,ES,Combined TRACON& Tower with Radar,12,54,70,26,162,0,1,23,0,24,12,55,93,26,186,19,12,31,217
02/22/2008,CHA,TN,ASO,ES,Combined TRACON& Tower with Radar,11,52,51,16,130,0,0,0,0,0,11,52,51,16,130,0,0,0,130
02/23/2008,CHA,TN,ASO,ES,Combined TRACON& Tower with Radar,7,30,39,20,96,0,0,7,0,7,7,30,46,20,103,24,0,24,127
02/24/2008,CHA,TN,ASO,ES,Combined TRACON& Tower with Radar,9,49,32,1,91,0,0,36,1,37,9,49,68,2,128,9,0,9,137
02/25/2008,CHA,TN,ASO,ES,Combined TRACON& Tower with Radar,5,51,59,33,148,0,0,39,2,41,5,51,98,35,189,40,28,68,257
02/26/2008,CHA,TN,ASO,ES,Combined TRACON& Tower with Radar,9,66,39,14,128,0,0,4,0,4,9,66,43,14,132,0,0,0,132
02/27/2008,CHA,TN,ASO,ES,Combined TRACON& Tower with Radar,10,64,46,6,126,0,1,13,1,15,10,65,59,7,141,2,0,2,143
02/28/2008,CHA,TN,ASO,ES,Combined TRACON& Tower with Radar,10,67,57,19,153,0,1,47,9,57,10,68,104,28,210,31,0,31,241
02/29/2008,CHA,TN,ASO,ES,Combined TRACON& Tower with Radar,11,57,61,19,148,0,0,15,8,23,11,57,76,27,171,2,15,17,188
03/01/2008,CHA,TN,ASO,ES,Combined TRACON& Tower with Radar,11,29,33,0,73,0,0,46,3,49,11,29,79,3,122,4,0,4,126
03/02/2008,CHA,TN,ASO,ES,Combined TRACON& Tower with Radar,10,47,35,7,99,0,0,58,1,59,10,47,93,8,158,40,0,40,198
03/03/2008,CHA,TN,ASO,ES,Combined TRACON& Tower with Radar,6,59,40,17,122,0,0,11,5,16,6,59,51,22,138,4,35,39,177
03/04/2008,CHA,TN,ASO,ES,Combined TRACON& Tower with Radar,19,66,35,0,120,0,0,3,0,3,19,66,38,0,123,2,10,12,135
03/05/2008,CHA,TN,ASO,ES,Combined TRACON& Tower with Radar,11,57,62,26,156,0,0,43,0,43,11,57,105,26,199,11,8,19,218
03/06/2008,CHA,TN,ASO,ES,Combined TRACON& Tower with Radar,11,75,93,23,202,0,1,82,5,88,11,76,175,28,290,9,4,13,303
03/07/2008,CHA,TN,ASO,ES,Combined TRACON& Tower with Radar,10,51,24,8,93,0,0,0,0,0,10,51,24,8,93,0,0,0,93
03/08/2008,CHA,TN,ASO,ES,Combined TRACON& Tower with Radar,4,47,16,1,68,0,0,9,0,9,4,47,25,1,77,2,0,2,79
03/09/2008,CHA,TN,ASO,ES,Combined TRACON& Tower with Radar,8,55,45,4,112,0,6,47,4,57,8,61,92,8,169,34,4,38,207
03/10/2008,CHA,TN,ASO,ES,Combined TRACON& Tower with Radar,4,60,55,90,209,0,0,39,2,41,4,60,94,92,250,45,58,103,353
03/11/2008,CHA,TN,ASO,ES,Combined TRACON& Tower with Radar,13,57,79,19,168,0,0,52,5,57,13,57,131,24,225,28,32,60,285
03/12/2008,CHA,TN,ASO,ES,Combined TRACON& Tower with Radar,9,63,73,22,167,0,0,43,6,49,9,63,116,28,216,26,38,64,280
03/13/2008,CHA,TN,ASO,ES,Combined TRACON& Tower with Radar,14,57,65,28,164,0,0,46,10,56,14,57,111,38,220,24,6,30,250
03/14/2008,CHA,TN,ASO,ES,Combined TRACON& Tower with Radar,8,58,66,9,141,0,0,2,0,2,8,58,68,9,143,0,0,0,143
03/15/2008,CHA,TN,ASO,ES,Combined TRACON& Tower with Radar,6,36,15,0,57,0,0,3,0,3,6,36,18,0,60,0,0,0,60
03/16/2008,CHA,TN,ASO,ES,Combined TRACON& Tower with Radar,9,53,27,4,93,0,2,33,1,36,9,55,60,5,129,40,0,40,169
03/17/2008,CHA,TN,ASO,ES,Combined TRACON& Tower with Radar,5,53,72,9,139,0,0,29,0,29,5,53,101,9,168,60,0,60,228
03/18/2008,CHA,TN,ASO,ES,Combined TRACON& Tower with Radar,10,52,61,9,132,0,0,20,3,23,10,52,81,12,155,1,0,1,156
03/19/2008,CHA,TN,ASO,ES,Combined TRACON& Tower with Radar,11,62,31,0,104,0,0,0,0,0,11,62,31,0,104,0,0,0,104
03/20/2008,CHA,TN,ASO,ES,Combined TRACON& Tower with Radar,15,67,85,37,204,0,0,49,7,56,15,67,134,44,260,72,18,90,350
03/21/2008,CHA,TN,ASO,ES,Combined TRACON& Tower with Radar,12,55,37,9,113,0,0,61,0,61,12,55,98,9,174,12,0,12,186
03/22/2008,CHA,TN,ASO,ES,Combined TRACON& Tower with Radar,6,32,39,0,77,0,0,50,0,50,6,32,89,0,127,22,0,22,149
03/23/2008,CHA,TN,ASO,ES,Combined TRACON& Tower with Radar,12,47,31,0,90,0,2,18,0,20,12,49,49,0,110,5,0,5,115
03/24/2008,CHA,TN,ASO,ES,Combined TRACON& Tower with Radar,7,61,74,26,168,0,2,41,7,50,7,63,115,33,218,11,1,12,230
03/25/2008,CHA,TN,ASO,ES,Combined TRACON& Tower with Radar,12,59,77,27,175,0,1,57,11,69,12,60,134,38,244,42,24,66,310
03/26/2008,CHA,TN,ASO,ES,Combined TRACON& Tower with Radar,13,65,65,24,167,0,0,33,8,41,13,65,98,32,208,34,8,42,250
03/27/2008,CHA,TN,ASO,ES,Combined TRACON& Tower with Radar,13,58,81,10,162,0,0,51,5,56,13,58,132,15,218,42,26,68,286
03/28/2008,CHA,TN,ASO,ES,Combined TRACON& Tower with Radar,13,60,64,4,141,0,1,8,0,9,13,61,72,4,150,0,0,0,150
03/29/2008,CHA,TN,ASO,ES,Combined TRACON& Tower with Radar,6,31,28,0,65,0,0,1,0,1,6,31,29,0,66,0,0,0,66
03/30/2008,CHA,TN,ASO,ES,Combined TRACON& Tower with Radar,7,55,61,0,123,0,0,2,0,2,7,55,63,0,125,16,0,16,141
03/31/2008,CHA,TN,ASO,ES,Combined TRACON& Tower with Radar,5,53,58,6,122,0,1,9,1,11,5,54,67,7,133,10,0,10,143
04/01/2008,CHA,TN,ASO,ES,Combined TRACON& Tower with Radar,9,56,53,4,122,0,0,19,0,19,9,56,72,4,141,29,4,33,174
04/02/2008,CHA,TN,ASO,ES,Combined TRACON& Tower with Radar,9,56,80,31,176,0,0,46,6,52,9,56,126,37,228,22,0,22,250
04/03/2008,CHA,TN,ASO,ES,Combined TRACON& Tower with Radar,12,59,73,7,151,0,0,6,0,6,12,59,79,7,157,0,0,0,157
04/04/2008,CHA,TN,ASO,ES,Combined TRACON& Tower with Radar,12,46,33,2,93,0,0,0,0,0,12,46,33,2,93,0,0,0,93
04/05/2008,CHA,TN,ASO,ES,Combined TRACON& Tower with Radar,6,33,38,2,79,0,0,1,0,1,6,33,39,2,80,0,0,0,80
04/06/2008,CHA,TN,ASO,ES,Combined TRACON& Tower with Radar,9,59,60,0,128,0,0,52,0,52,9,59,112,0,180,40,0,40,220
04/07/2008,CHA,TN,ASO,ES,Combined TRACON& Tower with Radar,3,65,91,14,173,0,0,27,7,34,3,65,118,21,207,0,21,21,228
04/08/2008,CHA,TN,ASO,ES,Combined TRACON& Tower with Radar,8,41,77,53,179,0,0,27,7,34,8,41,104,60,213,25,56,81,294
04/09/2008,CHA,TN,ASO,ES,Combined TRACON& Tower with Radar,15,51,80,38,184,0,0,60,14,74,15,51,140,52,258,58,37,95,353
04/10/2008,CHA,TN,ASO,ES,Combined TRACON& Tower with Radar,19,58,72,44,193,0,0,27,8,35,19,58,99,52,228,12,5,17,245
04/11/2008,CHA,TN,ASO,ES,Combined TRACON& Tower with Radar,15,60,45,2,122,0,0,8,3,11,15,60,53,5,133,0,0,0,133
04/12/2008,CHA,TN,ASO,ES,Combined TRACON& Tower with Radar,6,33,29,0,68,0,0,39,0,39,6,33,68,0,107,19,0,19,126
04/13/2008,CHA,TN,ASO,ES,Combined TRACON& Tower with Radar,12,45,39,10,106,0,0,19,1,20,12,45,58,11,126,0,0,0,126
04/14/2008,CHA,TN,ASO,ES,Combined TRACON& Tower with Radar,9,47,48,14,118,0,0,9,0,9,9,47,57,14,127,0,0,0,127
04/15/2008,CHA,TN,ASO,ES,Combined TRACON& Tower with Radar,10,54,69,21,154,0,0,52,11,63,10,54,121,32,217,35,31,66,283
04/16/2008,CHA,TN,ASO,ES,Combined TRACON& Tower with Radar,17,48,80,41,186,0,0,51,5,56,17,48,131,46,242,54,65,119,361
04/17/2008,CHA,TN,ASO,ES,Combined TRACON& Tower with Radar,22,56,64,43,185,0,0,47,5,52,22,56,111,48,237,106,44,150,387
04/18/2008,CHA,TN,ASO,ES,Combined TRACON& Tower with Radar,14,50,54,17,135,0,1,58,10,69,14,51,112,27,204,31,24,55,259
04/19/2008,CHA,TN,ASO,ES,Combined TRACON& Tower with Radar,7,26,36,0,69,0,0,20,1,21,7,26,56,1,90,37,0,37,127
04/20/2008,CHA,TN,ASO,ES,Combined TRACON& Tower with Radar,14,44,49,5,112,0,0,55,3,58,14,44,104,8,170,69,14,83,253
04/21/2008,CHA,TN,ASO,ES,Combined TRACON& Tower with Radar,11,52,66,19,148,0,2,47,8,57,11,54,113,27,205,26,0,26,231
04/22/2008,CHA,TN,ASO,ES,Combined TRACON& Tower with Radar,11,66,59,13,149,0,0,59,10,69,11,66,118,23,218,36,10,46,264
04/23/2008,CHA,TN,ASO,ES,Combined TRACON& Tower with Radar,24,53,74,5,156,0,0,44,2,46,24,53,118,7,202,46,0,46,248
04/24/2008,CHA,TN,ASO,ES,Combined TRACON& Tower with Radar,17,56,90,6,169,0,0,70,0,70,17,56,160,6,239,42,0,42,281
04/25/2008,CHA,TN,ASO,ES,Combined TRACON& Tower with Radar,12,40,58,8,118,0,0,29,2,31,12,40,87,10,149,25,0,25,174
04/26/2008,CHA,TN,ASO,ES,Combined TRACON& Tower with Radar,7,25,29,1,62,0,0,21,0,21,7,25,50,1,83,24,0,24,107
04/27/2008,CHA,TN,ASO,ES,Combined TRACON& Tower with Radar,12,39,40,2,93,0,0,4,0,4,12,39,44,2,97,10,0,10,107
04/28/2008,CHA,TN,ASO,ES,Combined TRACON& Tower with Radar,11,52,62,26,151,0,0,32,1,33,11,52,94,27,184,55,46,101,285
04/29/2008,CHA,TN,ASO,ES,Combined TRACON& Tower with Radar,16,52,59,8,135,0,2,78,7,87,16,54,137,15,222,52,12,64,286
04/30/2008,CHA,TN,ASO,ES,Combined TRACON& Tower with Radar,17,55,52,19,143,0,2,57,8,67,17,57,109,27,210,54,34,88,298
05/01/2008,CHA,TN,ASO,ES,Combined TRACON& Tower with Radar,23,64,71,54,212,0,0,52,9,61,23,64,123,63,273,48,36,84,357
05/02/2008,CHA,TN,ASO,ES,Combined TRACON& Tower with Radar,16,58,46,27,147,0,0,32,1,33,16,58,78,28,180,26,4,30,210
05/03/2008,CHA,TN,ASO,ES,Combined TRACON& Tower with Radar,6,24,35,1,66,0,0,11,5,16,6,24,46,6,82,0,0,0,82
05/04/2008,CHA,TN,ASO,ES,Combined TRACON& Tower with Radar,12,40,51,5,108,0,0,60,1,61,12,40,111,6,169,14,6,20,189
05/05/2008,CHA,TN,ASO,ES,Combined TRACON& Tower with Radar,11,54,60,0,125,0,0,67,2,69,11,54,127,2,194,48,0,48,242
05/06/2008,CHA,TN,ASO,ES,Combined TRACON& Tower with Radar,12,49,59,24,144,0,0,64,3,67,12,49,123,27,211,28,4,32,243
05/07/2008,CHA,TN,ASO,ES,Combined TRACON& Tower with Radar,15,56,62,38,171,0,0,0,0,0,15,56,62,38,171,26,26,52,223
05/08/2008,CHA,TN,ASO,ES,Combined TRACON& Tower with Radar,17,55,66,0,138,0,0,4,0,4,17,55,70,0,142,2,0,2,144
05/09/2008,CHA,TN,ASO,ES,Combined TRACON& Tower with Radar,15,53,61,21,150,0,0,27,7,34,15,53,88,28,184,42,10,52,236
05/10/2008,CHA,TN,ASO,ES,Combined TRACON& Tower with Radar,6,29,29,0,64,0,0,31,0,31,6,29,60,0,95,13,0,13,108
05/11/2008,CHA,TN,ASO,ES,Combined TRACON& Tower with Radar,12,47,26,10,95,0,0,2,2,4,12,47,28,12,99,2,0,2,101
05/12/2008,CHA,TN,ASO,ES,Combined TRACON& Tower with Radar,11,48,43,26,128,0,0,28,7,35,11,48,71,33,163,2,24,26,189
05/13/2008,CHA,TN,ASO,ES,Combined TRACON& Tower with Radar,14,51,88,23,176,0,0,60,12,72,14,51,148,35,248,46,42,88,336
05/14/2008,CHA,TN,ASO,ES,Combined TRACON& Tower with Radar,19,61,65,6,151,0,2,26,5,33,19,63,91,11,184,37,16,53,237
05/15/2008,CHA,TN,ASO,ES,Combined TRACON& Tower with Radar,18,64,94,0,176,0,0,0,1,1,18,64,94,1,177,0,0,0,177
05/16/2008,CHA,TN,ASO,ES,Combined TRACON& Tower with Radar,15,54,67,15,151,0,0,24,4,28,15,54,91,19,179,10,0,10,189
05/17/2008,CHA,TN,ASO,ES,Combined TRACON& Tower with Radar,6,32,41,14,93,0,2,28,3,33,6,34,69,17,126,41,10,51,177
05/18/2008,CHA,TN,ASO,ES,Combined TRACON& Tower with Radar,12,47,59,2,120,0,0,13,0,13,12,47,72,2,133,6,0,6,139
05/19/2008,CHA,TN,ASO,ES,Combined TRACON& Tower with Radar,10,50,55,16,131,0,1,40,10,51,10,51,95,26,182,8,6,14,196
05/20/2008,CHA,TN,ASO,ES,Combined TRACON& Tower with Radar,18,54,58,13,143,0,0,24,2,26,18,54,82,15,169,34,0,34,203
05/21/2008,CHA,TN,ASO,ES,Combined TRACON& Tower with Radar,13,52,93,39,197,0,0,45,8,53,13,52,138,47,250,53,38,91,341
05/22/2008,CHA,TN,ASO,ES,Combined TRACON& Tower with Radar,16,50,67,53,186,0,0,59,7,66,16,50,126,60,252,84,28,112,364
05/23/2008,CHA,TN,ASO,ES,Combined TRACON& Tower with Radar,17,50,61,3,131,0,3,20,0,23,17,53,81,3,154,18,0,18,172
05/24/2008,CHA,TN,ASO,ES,Combined TRACON& Tower with Radar,6,30,20,0,56,0,0,23,0,23,6,30,43,0,79,6,0,6,85
05/25/2008,CHA,TN,ASO,ES,Combined TRACON& Tower with Radar,7,35,24,0,66,0,0,19,0,19,7,35,43,0,85,0,0,0,85
05/26/2008,CHA,TN,ASO,ES,Combined TRACON& Tower with Radar,10,45,26,0,81,0,0,28,0,28,10,45,54,0,109,38,0,38,147
05/27/2008,CHA,TN,ASO,ES,Combined TRACON& Tower with Radar,12,55,43,2,112,0,0,20,1,21,12,55,63,3,133,5,0,5,138
05/28/2008,CHA,TN,ASO,ES,Combined TRACON& Tower with Radar,16,52,49,10,127,0,0,7,0,7,16,52,56,10,134,6,0,6,140
05/29/2008,CHA,TN,ASO,ES,Combined TRACON& Tower with Radar,19,50,90,15,174,0,1,18,4,23,19,51,108,19,197,28,2,30,227
05/30/2008,CHA,TN,ASO,ES,Combined TRACON& Tower with Radar,18,51,81,9,159,0,0,23,0,23,18,51,104,9,182,62,0,62,244
05/31/2008,CHA,TN,ASO,ES,Combined TRACON& Tower with Radar,7,43,50,2,102,0,0,43,0,43,7,43,93,2,145,36,0,36,181
06/01/2008,CHA,TN,ASO,ES,Combined TRACON& Tower with Radar,12,46,38,0,96,0,0,2,0,2,12,46,40,0,98,12,0,12,110
06/02/2008,CHA,TN,ASO,ES,Combined TRACON& Tower with Radar,13,59,66,46,184,0,1,44,3,48,13,60,110,49,232,90,66,156,388
06/03/2008,CHA,TN,ASO,ES,Combined TRACON& Tower with Radar,13,53,53,2,121,0,0,39,2,41,13,53,92,4,162,50,22,72,234
06/04/2008,CHA,TN,ASO,ES,Combined TRACON& Tower with Radar,13,57,61,6,137,0,0,36,2,38,13,57,97,8,175,29,8,37,212
06/05/2008,CHA,TN,ASO,ES,Combined TRACON& Tower with Radar,19,51,72,17,159,0,2,63,5,70,19,53,135,22,229,38,6,44,273
06/06/2008,CHA,TN,ASO,ES,Combined TRACON& Tower with Radar,17,48,67,43,175,0,0,62,11,73,17,48,129,54,248,22,14,36,284
06/07/2008,CHA,TN,ASO,ES,Combined TRACON& Tower with Radar,10,41,31,0,82,0,0,48,0,48,10,41,79,0,130,28,0,28,158
06/08/2008,CHA,TN,ASO,ES,Combined TRACON& Tower with Radar,14,43,36,10,103,0,1,39,5,45,14,44,75,15,148,4,0,4,152
06/09/2008,CHA,TN,ASO,ES,Combined TRACON& Tower with Radar,8,57,70,30,165,0,0,23,4,27,8,57,93,34,192,1000,0,1000,1192
06/10/2008,CHA,TN,ASO,ES,Combined TRACON& Tower with Radar,13,52,75,32,172,0,0,51,5,56,13,52,126,37,228,31,20,51,279
06/11/2008,CHA,TN,ASO,ES,Combined TRACON& Tower with Radar,17,58,62,15,152,0,0,42,4,46,17,58,104,19,198,28,38,66,264
06/12/2008,CHA,TN,ASO,ES,Combined TRACON& Tower with Radar,18,53,87,4,162,0,0,41,3,44,18,53,128,7,206,43,0,43,249
06/13/2008,CHA,TN,ASO,ES,Combined TRACON& Tower with Radar,16,48,68,6,138,0,0,13,0,13,16,48,81,6,151,36,0,36,187
06/14/2008,CHA,TN,ASO,ES,Combined TRACON& Tower with Radar,16,52,45,0,113,0,0,33,0,33,16,52,78,0,146,25,0,25,171
06/15/2008,CHA,TN,ASO,ES,Combined TRACON& Tower with Radar,14,45,22,16,97,0,0,33,0,33,14,45,55,16,130,0,2,2,132
06/16/2008,CHA,TN,ASO,ES,Combined TRACON& Tower with Radar,9,52,52,16,129,0,0,43,5,48,9,52,95,21,177,42,19,61,238
06/17/2008,CHA,TN,ASO,ES,Combined TRACON& Tower with Radar,14,66,57,54,191,0,1,31,3,35,14,67,88,57,226,0,12,12,238
06/18/2008,CHA,TN,ASO,ES,Combined TRACON& Tower with Radar,13,57,44,6,120,0,1,60,0,61,13,58,104,6,181,8,0,8,189
06/19/2008,CHA,TN,ASO,ES,Combined TRACON& Tower with Radar,19,48,67,26,160,0,0,55,3,58,19,48,122,29,218,7,20,27,245
06/20/2008,CHA,TN,ASO,ES,Combined TRACON& Tower with Radar,17,56,56,18,147,0,1,39,0,40,17,57,95,18,187,0,22,22,209
06/21/2008,CHA,TN,ASO,ES,Combined TRACON& Tower with Radar,10,39,26,0,75,0,0,30,8,38,10,39,56,8,113,6,9,15,128
06/22/2008,CHA,TN,ASO,ES,Combined TRACON& Tower with Radar,14,51,41,17,123,0,0,31,14,45,14,51,72,31,168,14,10,24,192
06/23/2008,CHA,TN,ASO,ES,Combined TRACON& Tower with Radar,11,53,67,24,155,0,0,28,9,37,11,53,95,33,192,24,8,32,224
06/24/2008,CHA,TN,ASO,ES,Combined TRACON& Tower with Radar,15,56,87,61,219,0,0,64,1,65,15,56,151,62,284,45,66,111,395
06/25/2008,CHA,TN,ASO,ES,Combined TRACON& Tower with Radar,14,52,75,55,196,0,0,47,5,52,14,52,122,60,248,26,18,44,292
06/26/2008,CHA,TN,ASO,ES,Combined TRACON& Tower with Radar,17,58,87,55,217,0,0,32,6,38,17,58,119,61,255,3,0,3,258
06/27/2008,CHA,TN,ASO,ES,Combined TRACON& Tower with Radar,18,54,52,34,158,0,0,24,1,25,18,54,76,35,183,22,26,48,231
06/28/2008,CHA,TN,ASO,ES,Combined TRACON& Tower with Radar,14,35,30,1,80,0,0,42,3,45,14,35,72,4,125,21,0,21,146
06/29/2008,CHA,TN,ASO,ES,Combined TRACON& Tower with Radar,25,62,34,46,167,0,0,4,0,4,25,62,38,46,171,0,6,6,177
06/30/2008,CHA,TN,ASO,ES,Combined TRACON& Tower with Radar,9,50,71,22,152,0,0,40,0,40,9,50,111,22,192,62,18,80,272
07/01/2008,CHA,TN,ASO,ES,Combined TRACON& Tower with Radar,14,56,54,10,134,0,0,29,6,35,14,56,83,16,169,26,7,33,202
07/02/2008,CHA,TN,ASO,ES,Combined TRACON& Tower with Radar,16,52,56,9,133,0,0,57,1,58,16,52,113,10,191,28,0,28,219
07/03/2008,CHA,TN,ASO,ES,Combined TRACON& Tower with Radar,17,50,36,31,134,0,0,55,1,56,17,50,91,32,190,30,4,34,224
07/04/2008,CHA,TN,ASO,ES,Combined TRACON& Tower with Radar,5,28,34,0,67,0,0,21,0,21,5,28,55,0,88,14,0,14,102
07/05/2008,CHA,TN,ASO,ES,Combined TRACON& Tower with Radar,10,36,28,0,74,0,0,6,0,6,10,36,34,0,80,0,0,0,80
07/06/2008,CHA,TN,ASO,ES,Combined TRACON& Tower with Radar,27,55,41,1,124,0,0,31,0,31,27,55,72,1,155,14,0,14,169
07/07/2008,CHA,TN,ASO,ES,Combined TRACON& Tower with Radar,9,64,33,2,108,0,0,27,1,28,9,64,60,3,136,6,0,6,142
07/08/2008,CHA,TN,ASO,ES,Combined TRACON& Tower with Radar,11,55,72,35,173,0,0,39,8,47,11,55,111,43,220,1,26,27,247
07/09/2008,CHA,TN,ASO,ES,Combined TRACON& Tower with Radar,12,45,41,26,124,0,0,24,5,29,12,45,65,31,153,0,29,29,182
07/10/2008,CHA,TN,ASO,ES,Combined TRACON& Tower with Radar,30,52,67,3,152,0,0,16,0,16,30,52,83,3,168,6,0,6,174
07/11/2008,CHA,TN,ASO,ES,Combined TRACON& Tower with Radar,13,55,44,1,113,0,0,25,2,27,13,55,69,3,140,20,8,28,168
07/12/2008,CHA,TN,ASO,ES,Combined TRACON& Tower with Radar,20,44,19,11,94,0,0,21,5,26,20,44,40,16,120,16,0,16,136
07/13/2008,CHA,TN,ASO,ES,Combined TRACON& Tower with Radar,17,62,36,3,118,0,0,16,2,18,17,62,52,5,136,5,0,5,141
07/14/2008,CHA,TN,ASO,ES,Combined TRACON& Tower with Radar,12,53,31,26,122,0,3,67,2,72,12,56,98,28,194,44,33,77,271
07/15/2008,CHA,TN,ASO,ES,Combined TRACON& Tower with Radar,13,56,57,40,166,0,0,83,4,87,13,56,140,44,253,32,4,36,289
07/16/2008,CHA,TN,ASO,ES,Combined TRACON& Tower with Radar,13,52,49,13,127,0,0,72,3,75,13,52,121,16,202,6,16,22,224
07/17/2008,CHA,TN,ASO,ES,Combined TRACON& Tower with Radar,20,57,77,10,164,0,0,32,13,45,20,57,109,23,209,4,10,14,223
07/18/2008,CHA,TN,ASO,ES,Combined TRACON& Tower with Radar,17,57,55,22,151,0,0,42,3,45,17,57,97,25,196,20,16,36,232
07/19/2008,CHA,TN,ASO,ES,Combined TRACON& Tower with Radar,9,40,35,0,84,0,0,53,0,53,9,40,88,0,137,35,0,35,172
07/20/2008,CHA,TN,ASO,ES,Combined TRACON& Tower with Radar,10,47,27,0,84,0,8,31,1,40,10,55,58,1,124,36,0,36,160
07/21/2008,CHA,TN,ASO,ES,Combined TRACON& Tower with Radar,10,53,49,4,116,0,0,19,3,22,10,53,68,7,138,4,0,4,142
07/22/2008,CHA,TN,ASO,ES,Combined TRACON& Tower with Radar,15,50,57,3,125,0,0,28,3,31,15,50,85,6,156,16,0,16,172
07/23/2008,CHA,TN,ASO,ES,Combined TRACON& Tower with Radar,13,53,68,4,138,0,0,12,1,13,13,53,80,5,151,16,0,16,167
07/24/2008,CHA,TN,ASO,ES,Combined TRACON& Tower with Radar,16,58,52,19,145,0,0,44,6,50,16,58,96,25,195,20,0,20,215
07/25/2008,CHA,TN,ASO,ES,Combined TRACON& Tower with Radar,19,51,70,34,174,0,0,23,1,24,19,51,93,35,198,10,10,20,218
07/26/2008,CHA,TN,ASO,ES,Combined TRACON& Tower with Radar,16,36,30,2,84,0,0,27,0,27,16,36,57,2,111,0,0,0,111
07/27/2008,CHA,TN,ASO,ES,Combined TRACON& Tower with Radar,13,35,54,0,102,0,0,29,0,29,13,35,83,0,131,82,0,82,213
07/28/2008,CHA,TN,ASO,ES,Combined TRACON& Tower with Radar,12,53,39,3,107,0,3,40,3,46,12,56,79,6,153,32,10,42,195
07/29/2008,CHA,TN,ASO,ES,Combined TRACON& Tower with Radar,13,46,44,37,140,0,0,24,0,24,13,46,68,37,164,16,18,34,198
07/30/2008,CHA,TN,ASO,ES,Combined TRACON& Tower with Radar,12,59,58,20,149,0,0,25,3,28,12,59,83,23,177,34,0,34,211
07/31/2008,CHA,TN,ASO,ES,Combined TRACON& Tower with Radar,16,57,55,1,129,0,0,16,0,16,16,57,71,1,145,4,0,4,149
08/01/2008,CHA,TN,ASO,ES,Combined TRACON& Tower with Radar,14,43,86,39,182,0,1,18,5,24,14,44,104,44,206,48,20,68,274
08/02/2008,CHA,TN,ASO,ES,Combined TRACON& Tower with Radar,20,39,39,12,110,0,0,20,2,22,20,39,59,14,132,24,14,38,170
08/03/2008,CHA,TN,ASO,ES,Combined TRACON& Tower with Radar,13,41,32,20,106,0,1,26,5,32,13,42,58,25,138,47,12,59,197
08/04/2008,CHA,TN,ASO,ES,Combined TRACON& Tower with Radar,9,44,57,32,142,0,1,27,3,31,9,45,84,35,173,14,6,20,193
08/05/2008,CHA,TN,ASO,ES,Combined TRACON& Tower with Radar,16,47,83,45,191,0,0,26,7,33,16,47,109,52,224,2,16,18,242
08/06/2008,CHA,TN,ASO,ES,Combined TRACON& Tower with Radar,14,47,70,25,156,0,0,38,4,42,14,47,108,29,198,6,8,14,212
08/07/2008,CHA,TN,ASO,ES,Combined TRACON& Tower with Radar,14,50,52,7,123,0,0,28,1,29,14,50,80,8,152,14,0,14,166
08/08/2008,CHA,TN,ASO,ES,Combined TRACON& Tower with Radar,16,50,66,32,164,0,0,41,8,49,16,50,107,40,213,32,30,62,275
08/09/2008,CHA,TN,ASO,ES,Combined TRACON& Tower with Radar,9,31,47,4,91,0,1,38,0,39,9,32,85,4,130,30,6,36,166
08/10/2008,CHA,TN,ASO,ES,Combined TRACON& Tower with Radar,14,42,26,21,103,0,0,19,1,20,14,42,45,22,123,26,0,26,149
08/11/2008,CHA,TN,ASO,ES,Combined TRACON& Tower with Radar,9,56,80,55,200,0,0,24,8,32,9,56,104,63,232,24,24,48,280
08/12/2008,CHA,TN,ASO,ES,Combined TRACON& Tower with Radar,13,53,56,4,126,0,0,29,2,31,13,53,85,6,157,46,0,46,203
08/13/2008,CHA,TN,ASO,ES,Combined TRACON& Tower with Radar,14,54,44,37,149,0,4,26,1,31,14,58,70,38,180,0,18,18,198
08/14/2008,CHA,TN,ASO,ES,Combined TRACON& Tower with Radar,14,57,70,14,155,0,0,47,3,50,14,57,117,17,205,4,10,14,219
08/15/2008,CHA,TN,ASO,ES,Combined TRACON& Tower with Radar,16,47,61,24,148,0,1,21,5,27,16,48,82,29,175,30,18,48,223
08/16/2008,CHA,TN,ASO,ES,Combined TRACON& Tower with Radar,11,29,17,0,57,0,1,20,0,21,11,30,37,0,78,56,0,56,134
08/17/2008,CHA,TN,ASO,ES,Combined TRACON& Tower with Radar,14,42,34,11,101,0,1,36,2,39,14,43,70,13,140,42,0,42,182
08/18/2008,CHA,TN,ASO,ES,Combined TRACON& Tower with Radar,11,56,67,17,151,0,3,25,12,40,11,59,92,29,191,2,12,14,205
08/19/2008,CHA,TN,ASO,ES,Combined TRACON& Tower with Radar,14,46,57,40,157,0,0,36,10,46,14,46,93,50,203,0,4,4,207
08/20/2008,CHA,TN,ASO,ES,Combined TRACON& Tower with Radar,12,48,78,35,173,0,0,29,5,34,12,48,107,40,207,33,15,48,255
08/21/2008,CHA,TN,ASO,ES,Combined TRACON& Tower with Radar,15,49,62,21,147,0,0,33,3,36,15,49,95,24,183,24,0,24,207
08/22/2008,CHA,TN,ASO,ES,Combined TRACON& Tower with Radar,11,45,26,8,90,0,0,16,2,18,11,45,42,10,108,22,4,26,134
08/23/2008,CHA,TN,ASO,ES,Combined TRACON& Tower with Radar,10,28,15,1,54,0,0,16,1,17,10,28,31,2,71,16,0,16,87
08/24/2008,CHA,TN,ASO,ES,Combined TRACON& Tower with Radar,13,44,37,1,95,0,0,11,0,11,13,44,48,1,106,0,0,0,106
08/25/2008,CHA,TN,ASO,ES,Combined TRACON& Tower with Radar,11,44,38,0,93,0,0,0,0,0,11,44,38,0,93,0,0,0,93
08/26/2008,CHA,TN,ASO,ES,Combined TRACON& Tower with Radar,13,39,53,6,111,0,0,0,0,0,13,39,53,6,111,2,0,2,113
08/27/2008,CHA,TN,ASO,ES,Combined TRACON& Tower with Radar,9,50,81,11,151,0,2,6,0,8,9,52,87,11,159,26,12,38,197
08/28/2008,CHA,TN,ASO,ES,Combined TRACON& Tower with Radar,16,49,116,10,191,0,0,45,1,46,16,49,161,11,237,70,16,86,323
08/29/2008,CHA,TN,ASO,ES,Combined TRACON& Tower with Radar,14,48,58,4,124,0,0,39,4,43,14,48,97,8,167,0,0,0,167
08/30/2008,CHA,TN,ASO,ES,Combined TRACON& Tower with Radar,8,27,21,0,56,0,0,27,2,29,8,27,48,2,85,26,0,26,111
08/31/2008,CHA,TN,ASO,ES,Combined TRACON& Tower with Radar,12,26,26,1,65,0,1,26,0,27,12,27,52,1,92,26,12,38,130
09/01/2008,CHA,TN,ASO,ES,Combined TRACON& Tower with Radar,6,41,53,0,100,0,5,15,0,20,6,46,68,0,120,14,0,14,134
09/02/2008,CHA,TN,ASO,ES,Combined TRACON& Tower with Radar,8,50,40,58,156,0,0,37,15,52,8,50,77,73,208,32,26,58,266
09/03/2008,CHA,TN,ASO,ES,Combined TRACON& Tower with Radar,14,52,55,28,149,0,0,18,7,25,14,52,73,35,174,10,20,30,204
09/04/2008,CHA,TN,ASO,ES,Combined TRACON& Tower with Radar,14,47,52,39,152,0,0,17,9,26,14,47,69,48,178,18,68,86,264
09/05/2008,CHA,TN,ASO,ES,Combined TRACON& Tower with Radar,12,53,64,31,160,0,0,32,6,38,12,53,96,37,198,4,26,30,228
09/06/2008,CHA,TN,ASO,ES,Combined TRACON& Tower with Radar,7,30,33,3,73,0,1,7,1,9,7,31,40,4,82,0,0,0,82
09/07/2008,CHA,TN,ASO,ES,Combined TRACON& Tower with Radar,6,50,35,4,95,0,0,34,0,34,6,50,69,4,129,12,0,12,141
09/08/2008,CHA,TN,ASO,ES,Combined TRACON& Tower with Radar,15,55,64,21,155,0,0,21,5,26,15,55,85,26,181,10,10,20,201
09/09/2008,CHA,TN,ASO,ES,Combined TRACON& Tower with Radar,11,57,55,19,142,0,0,4,1,5,11,57,59,20,147,4,12,16,163
09/10/2008,CHA,TN,ASO,ES,Combined TRACON& Tower with Radar,15,57,67,22,161,0,0,6,0,6,15,57,73,22,167,36,24,60,227
09/11/2008,CHA,TN,ASO,ES,Combined TRACON& Tower with Radar,11,54,63,24,152,0,0,15,0,15,11,54,78,24,167,16,34,50,217
09/12/2008,CHA,TN,ASO,ES,Combined TRACON& Tower with Radar,12,46,72,34,164,0,1,21,5,27,12,47,93,39,191,38,32,70,261
09/13/2008,CHA,TN,ASO,ES,Combined TRACON& Tower with Radar,7,30,35,7,79,0,0,18,1,19,7,30,53,8,98,0,0,0,98
09/14/2008,CHA,TN,ASO,ES,Combined TRACON& Tower with Radar,6,51,33,0,90,0,0,9,3,12,6,51,42,3,102,12,0,12,114
09/15/2008,CHA,TN,ASO,ES,Combined TRACON& Tower with Radar,9,51,45,24,129,0,0,23,2,25,9,51,68,26,154,6,22,28,182
09/16/2008,CHA,TN,ASO,ES,Combined TRACON& Tower with Radar,10,49,67,16,142,0,1,30,4,35,10,50,97,20,177,29,19,48,225
09/17/2008,CHA,TN,ASO,ES,Combined TRACON& Tower with Radar,12,55,76,49,192,0,1,26,7,34,12,56,102,56,226,30,32,62,288
09/18/2008,CHA,TN,ASO,ES,Combined TRACON& Tower with Radar,11,54,77,5,147,0,0,36,1,37,11,54,113,6,184,44,4,48,232
09/19/2008,CHA,TN,ASO,ES,Combined TRACON& Tower with Radar,11,50,60,29,150,0,1,36,2,39,11,51,96,31,189,0,24,24,213
09/20/2008,CHA,TN,ASO,ES,Combined TRACON& Tower with Radar,5,32,39,4,80,0,1,33,0,34,5,33,72,4,114,20,0,20,134
09/21/2008,CHA,TN,ASO,ES,Combined TRACON& Tower with Radar,6,46,43,9,104,0,0,33,4,37,6,46,76,13,141,10,0,10,151
09/22/2008,CHA,TN,ASO,ES,Combined TRACON& Tower with Radar,6,46,43,24,119,0,0,39,0,39,6,46,82,24,158,26,0,26,184
09/23/2008,CHA,TN,ASO,ES,Combined TRACON& Tower with Radar,9,47,68,17,141,0,0,37,5,42,9,47,105,22,183,34,24,58,241
09/24/2008,CHA,TN,ASO,ES,Combined TRACON& Tower with Radar,12,57,63,33,165,0,0,35,9,44,12,57,98,42,209,10,16,26,235
09/25/2008,CHA,TN,ASO,ES,Combined TRACON& Tower with Radar,12,55,65,14,146,0,0,45,5,50,12,55,110,19,196,38,50,88,284
09/26/2008,CHA,TN,ASO,ES,Combined TRACON& Tower with Radar,12,41,47,10,110,0,0,31,2,33,12,41,78,12,143,0,0,0,143
09/27/2008,CHA,TN,ASO,ES,Combined TRACON& Tower with Radar,5,37,65,4,111,0,2,23,0,25,5,39,88,4,136,4,0,4,140
09/28/2008,CHA,TN,ASO,ES,Combined TRACON& Tower with Radar,6,53,48,14,121,0,1,40,2,43,6,54,88,16,164,6,0,6,170
09/29/2008,CHA,TN,ASO,ES,Combined TRACON& Tower with Radar,7,51,65,0,123,0,1,33,6,40,7,52,98,6,163,33,0,33,196
09/30/2008,CHA,TN,ASO,ES,Combined TRACON& Tower with Radar,10,56,51,1,118,0,2,37,1,40,10,58,88,2,158,46,0,46,204
10/01/2008,CHA,TN,ASO,ES,Combined TRACON& Tower with Radar,8,57,42,2,109,0,1,29,12,42,8,58,71,14,151,38,0,38,189
10/02/2008,CHA,TN,ASO,ES,Combined TRACON& Tower with Radar,10,52,58,1,121,0,0,43,5,48,10,52,101,6,169,0,0,0,169
10/03/2008,CHA,TN,ASO,ES,Combined TRACON& Tower with Radar,10,52,56,1,119,0,3,38,2,43,10,55,94,3,162,50,0,50,212
10/04/2008,CHA,TN,ASO,ES,Combined TRACON& Tower with Radar,6,40,52,1,99,0,2,30,5,37,6,42,82,6,136,0,0,0,136
10/05/2008,CHA,TN,ASO,ES,Combined TRACON& Tower with Radar,7,48,59,3,117,0,2,39,1,42,7,50,98,4,159,0,0,0,159
10/06/2008,CHA,TN,ASO,ES,Combined TRACON& Tower with Radar,5,49,53,9,116,0,1,40,1,42,5,50,93,10,158,18,0,18,176
10/07/2008,CHA,TN,ASO,ES,Combined TRACON& Tower with Radar,8,59,60,0,127,0,1,22,0,23,8,60,82,0,150,32,0,32,182
10/08/2008,CHA,TN,ASO,ES,Combined TRACON& Tower with Radar,17,57,49,14,137,0,1,1,0,2,17,58,50,14,139,0,0,0,139
10/09/2008,CHA,TN,ASO,ES,Combined TRACON& Tower with Radar,12,55,72,30,169,0,1,19,1,21,12,56,91,31,190,42,10,52,242
10/10/2008,CHA,TN,ASO,ES,Combined TRACON& Tower with Radar,8,51,75,12,146,0,2,32,0,34,8,53,107,12,180,32,0,32,212
10/11/2008,CHA,TN,ASO,ES,Combined TRACON& Tower with Radar,4,31,29,0,64,0,1,25,0,26,4,32,54,0,90,0,0,0,90
10/12/2008,CHA,TN,ASO,ES,Combined TRACON& Tower with Radar,7,48,40,2,97,0,1,20,0,21,7,49,60,2,118,0,0,0,118
10/13/2008,CHA,TN,ASO,ES,Combined TRACON& Tower with Radar,4,56,57,0,117,0,0,29,0,29,4,56,86,0,146,0,0,0,146
10/14/2008,CHA,TN,ASO,ES,Combined TRACON& Tower with Radar,8,51,52,11,122,0,1,37,1,39,8,52,89,12,161,22,6,28,189
10/15/2008,CHA,TN,ASO,ES,Combined TRACON& Tower with Radar,9,50,54,25,138,0,2,40,1,43,9,52,94,26,181,16,0,16,197
10/16/2008,CHA,TN,ASO,ES,Combined TRACON& Tower with Radar,12,53,63,24,152,0,2,32,8,42,12,55,95,32,194,34,36,70,264
10/17/2008,CHA,TN,ASO,ES,Combined TRACON& Tower with Radar,10,50,66,10,136,0,2,13,1,16,10,52,79,11,152,26,0,26,178
10/18/2008,CHA,TN,ASO,ES,Combined TRACON& Tower with Radar,4,30,32,0,66,0,0,25,8,33,4,30,57,8,99,12,0,12,111
10/19/2008,CHA,TN,ASO,ES,Combined TRACON& Tower with Radar,5,58,35,18,116,0,0,23,2,25,5,58,58,20,141,42,8,50,191
10/20/2008,CHA,TN,ASO,ES,Combined TRACON& Tower with Radar,5,53,54,10,122,0,0,27,1,28,5,53,81,11,150,0,0,0,150
10/21/2008,CHA,TN,ASO,ES,Combined TRACON& Tower with Radar,8,47,76,20,151,0,0,25,3,28,8,47,101,23,179,28,10,38,217
10/22/2008,CHA,TN,ASO,ES,Combined TRACON& Tower with Radar,10,50,56,10,126,0,1,33,1,35,10,51,89,11,161,44,0,44,205
10/23/2008,CHA,TN,ASO,ES,Combined TRACON& Tower with Radar,10,53,72,52,187,0,0,29,5,34,10,53,101,57,221,10,16,26,247
10/24/2008,CHA,TN,ASO,ES,Combined TRACON& Tower with Radar,9,52,27,7,95,0,0,0,0,0,9,52,27,7,95,0,0,0,95
10/25/2008,CHA,TN,ASO,ES,Combined TRACON& Tower with Radar,4,35,26,0,65,0,0,24,2,26,4,35,50,2,91,0,0,0,91
10/26/2008,CHA,TN,ASO,ES,Combined TRACON& Tower with Radar,5,55,46,18,124,0,0,38,3,41,5,55,84,21,165,0,0,0,165
10/27/2008,CHA,TN,ASO,ES,Combined TRACON& Tower with Radar,8,50,42,28,128,0,1,25,6,32,8,51,67,34,160,16,28,44,204
10/28/2008,CHA,TN,ASO,ES,Combined TRACON& Tower with Radar,6,50,79,15,150,0,0,27,7,34,6,50,106,22,184,76,20,96,280
10/29/2008,CHA,TN,ASO,ES,Combined TRACON& Tower with Radar,10,50,84,20,164,0,0,50,6,56,10,50,134,26,220,22,12,34,254
10/30/2008,CHA,TN,ASO,ES,Combined TRACON& Tower with Radar,10,57,72,14,153,0,0,41,0,41,10,57,113,14,194,16,20,36,230
10/31/2008,CHA,TN,ASO,ES,Combined TRACON& Tower with Radar,7,52,48,18,125,0,1,36,2,39,7,53,84,20,164,14,6,20,184
11/01/2008,CHA,TN,ASO,ES,Combined TRACON& Tower with Radar,4,37,29,1,71,0,0,41,1,42,4,37,70,2,113,30,0,30,143
11/02/2008,CHA,TN,ASO,ES,Combined TRACON& Tower with Radar,3,58,57,20,138,0,0,45,2,47,3,58,102,22,185,26,4,30,215
11/03/2008,CHA,TN,ASO,ES,Combined TRACON& Tower with Radar,9,64,42,25,140,0,0,22,2,24,9,64,64,27,164,0,0,0,164
11/04/2008,CHA,TN,ASO,ES,Combined TRACON& Tower with Radar,6,67,59,21,153,0,1,25,4,30,6,68,84,25,183,24,20,44,227
11/05/2008,CHA,TN,ASO,ES,Combined TRACON& Tower with Radar,7,66,56,9,138,0,1,37,1,39,7,67,93,10,177,57,29,86,263
11/06/2008,CHA,TN,ASO,ES,Combined TRACON& Tower with Radar,8,62,76,19,165,0,1,40,1,42,8,63,116,20,207,30,32,62,269
11/07/2008,CHA,TN,ASO,ES,Combined TRACON& Tower with Radar,10,57,62,21,150,0,0,6,0,6,10,57,68,21,156,0,8,8,164
11/08/2008,CHA,TN,ASO,ES,Combined TRACON& Tower with Radar,4,30,24,3,61,0,0,34,4,38,4,30,58,7,99,6,0,6,105
11/09/2008,CHA,TN,ASO,ES,Combined TRACON& Tower with Radar,3,51,43,10,107,0,0,47,0,47,3,51,90,10,154,0,0,0,154
11/10/2008,CHA,TN,ASO,ES,Combined TRACON& Tower with Radar,5,59,47,27,138,0,0,38,7,45,5,59,85,34,183,16,18,34,217
11/11/2008,CHA,TN,ASO,ES,Combined TRACON& Tower with Radar,6,54,46,4,110,0,1,28,0,29,6,55,74,4,139,10,4,14,153
11/12/2008,CHA,TN,ASO,ES,Combined TRACON& Tower with Radar,7,52,65,19,143,0,1,8,3,12,7,53,73,22,155,0,36,36,191
11/13/2008,CHA,TN,ASO,ES,Combined TRACON& Tower with Radar,6,58,64,7,135,0,0,0,0,0,6,58,64,7,135,0,0,0,135
11/14/2008,CHA,TN,ASO,ES,Combined TRACON& Tower with Radar,9,53,61,6,129,0,0,0,0,0,9,53,61,6,129,0,0,0,129
11/15/2008,CHA,TN,ASO,ES,Combined TRACON& Tower with Radar,4,31,16,6,57,0,0,6,0,6,4,31,22,6,63,0,0,0,63
11/16/2008,CHA,TN,ASO,ES,Combined TRACON& Tower with Radar,7,47,36,0,90,0,1,30,1,32,7,48,66,1,122,6,0,6,128
11/17/2008,CHA,TN,ASO,ES,Combined TRACON& Tower with Radar,5,51,62,18,136,0,0,22,2,24,5,51,84,20,160,0,14,14,174
11/18/2008,CHA,TN,ASO,ES,Combined TRACON& Tower with Radar,7,58,53,14,132,0,0,30,4,34,7,58,83,18,166,22,0,22,188
11/19/2008,CHA,TN,ASO,ES,Combined TRACON& Tower with Radar,9,51,94,19,173,0,0,38,0,38,9,51,132,19,211,30,0,30,241
11/20/2008,CHA,TN,ASO,ES,Combined TRACON& Tower with Radar,10,65,67,12,154,0,4,64,1,69,10,69,131,13,223,20,0,20,243
11/21/2008,CHA,TN,ASO,ES,Combined TRACON& Tower with Radar,10,59,36,9,114,0,2,23,1,26,10,61,59,10,140,0,0,0,140
11/22/2008,CHA,TN,ASO,ES,Combined TRACON& Tower with Radar,2,34,50,0,86,0,3,49,0,52,2,37,99,0,138,0,0,0,138
11/23/2008,CHA,TN,ASO,ES,Combined TRACON& Tower with Radar,5,41,35,10,91,0,1,41,0,42,5,42,76,10,133,0,0,0,133
11/24/2008,CHA,TN,ASO,ES,Combined TRACON& Tower with Radar,3,53,30,0,86,0,0,0,0,0,3,53,30,0,86,0,0,0,86
11/25/2008,CHA,TN,ASO,ES,Combined TRACON& Tower with Radar,4,55,53,14,126,0,0,32,3,35,4,55,85,17,161,20,0,20,181
11/26/2008,CHA,TN,ASO,ES,Combined TRACON& Tower with Radar,6,55,50,0,111,0,0,48,0,48,6,55,98,0,159,2,0,2,161
11/27/2008,CHA,TN,ASO,ES,Combined TRACON& Tower with Radar,4,28,25,0,57,0,1,15,0,16,4,29,40,0,73,0,0,0,73
11/28/2008,CHA,TN,ASO,ES,Combined TRACON& Tower with Radar,5,36,37,0,78,0,0,11,0,11,5,36,48,0,89,2,0,2,91
11/29/2008,CHA,TN,ASO,ES,Combined TRACON& Tower with Radar,6,42,22,0,70,0,0,0,0,0,6,42,22,0,70,12,0,12,82
11/30/2008,CHA,TN,ASO,ES,Combined TRACON& Tower with Radar,2,52,44,0,98,0,0,1,0,1,2,52,45,0,99,0,0,0,99
12/01/2008,CHA,TN,ASO,ES,Combined TRACON& Tower with Radar,7,56,40,0,103,0,0,1,0,1,7,56,41,0,104,0,0,0,104
12/02/2008,CHA,TN,ASO,ES,Combined TRACON& Tower with Radar,4,59,62,10,135,0,1,50,1,52,4,60,112,11,187,20,0,20,207
12/03/2008,CHA,TN,ASO,ES,Combined TRACON& Tower with Radar,2,59,83,62,206,0,1,34,10,45,2,60,117,72,251,24,26,50,301
12/04/2008,CHA,TN,ASO,ES,Combined TRACON& Tower with Radar,6,57,38,1,102,0,1,0,0,1,6,58,38,1,103,0,0,0,103
12/05/2008,CHA,TN,ASO,ES,Combined TRACON& Tower with Radar,6,62,50,10,128,0,1,43,8,52,6,63,93,18,180,18,12,30,210
12/06/2008,CHA,TN,ASO,ES,Combined TRACON& Tower with Radar,1,37,29,0,67,0,0,21,0,21,1,37,50,0,88,0,0,0,88
12/07/2008,CHA,TN,ASO,ES,Combined TRACON& Tower with Radar,2,44,30,3,79,0,0,31,1,32,2,44,61,4,111,20,0,20,131
12/08/2008,CHA,TN,ASO,ES,Combined TRACON& Tower with Radar,5,56,40,8,109,0,1,24,1,26,5,57,64,9,135,10,0,10,145
12/09/2008,CHA,TN,ASO,ES,Combined TRACON& Tower with Radar,2,48,59,1,110,0,0,7,1,8,2,48,66,2,118,0,0,0,118
12/10/2008,CHA,TN,ASO,ES,Combined TRACON& Tower with Radar,8,53,45,4,110,0,0,0,0,0,8,53,45,4,110,0,0,0,110
12/11/2008,CHA,TN,ASO,ES,Combined TRACON& Tower with Radar,5,55,47,6,113,0,0,0,0,0,5,55,47,6,113,0,0,0,113
12/12/2008,CHA,TN,ASO,ES,Combined TRACON& Tower with Radar,4,60,57,11,132,0,1,36,3,40,4,61,93,14,172,0,0,0,172
12/13/2008,CHA,TN,ASO,ES,Combined TRACON& Tower with Radar,1,37,32,1,71,0,2,48,2,52,1,39,80,3,123,52,0,52,175
12/14/2008,CHA,TN,ASO,ES,Combined TRACON& Tower with Radar,5,51,16,2,74,0,0,16,0,16,5,51,32,2,90,12,0,12,102
12/15/2008,CHA,TN,ASO,ES,Combined TRACON& Tower with Radar,3,49,35,22,109,0,0,1,0,1,3,49,36,22,110,12,0,12,122
12/16/2008,CHA,TN,ASO,ES,Combined TRACON& Tower with Radar,7,48,47,0,102,0,0,0,0,0,7,48,47,0,102,0,0,0,102
12/17/2008,CHA,TN,ASO,ES,Combined TRACON& Tower with Radar,3,63,63,13,142,0,0,1,0,1,3,63,64,13,143,0,0,0,143
12/18/2008,CHA,TN,ASO,ES,Combined TRACON& Tower with Radar,15,58,90,12,175,0,0,3,0,3,15,58,93,12,178,0,0,0,178
12/19/2008,CHA,TN,ASO,ES,Combined TRACON& Tower with Radar,8,50,44,13,115,0,2,5,5,12,8,52,49,18,127,16,0,16,143
12/20/2008,CHA,TN,ASO,ES,Combined TRACON& Tower with Radar,14,39,25,1,79,0,0,4,0,4,14,39,29,1,83,0,0,0,83
12/21/2008,CHA,TN,ASO,ES,Combined TRACON& Tower with Radar,1,7,3,0,11,0,0,0,0,0,1,7,3,0,11,12,0,12,23
12/22/2008,CHA,TN,ASO,ES,Combined TRACON& Tower with Radar,1,29,56,27,113,0,1,28,0,29,1,30,84,27,142,24,14,38,180
12/23/2008,CHA,TN,ASO,ES,Combined TRACON& Tower with Radar,6,36,40,8,90,0,0,21,4,25,6,36,61,12,115,12,8,20,135
12/24/2008,CHA,TN,ASO,ES,Combined TRACON& Tower with Radar,8,33,23,0,64,0,1,1,0,2,8,34,24,0,66,0,0,0,66
12/25/2008,CHA,TN,ASO,ES,Combined TRACON& Tower with Radar,1,31,14,0,46,0,0,8,0,8,1,31,22,0,54,0,0,0,54
12/26/2008,CHA,TN,ASO,ES,Combined TRACON& Tower with Radar,6,49,34,0,89,0,0,0,0,0,6,49,34,0,89,0,0,0,89
12/27/2008,CHA,TN,ASO,ES,Combined TRACON& Tower with Radar,6,47,17,0,70,0,0,4,0,4,6,47,21,0,74,0,0,0,74
12/28/2008,CHA,TN,ASO,ES,Combined TRACON& Tower with Radar,6,36,16,0,58,0,1,5,0,6,6,37,21,0,64,16,0,16,80
12/29/2008,CHA,TN,ASO,ES,Combined TRACON& Tower with Radar,5,39,32,10,86,0,0,52,2,54,5,39,84,12,140,0,0,0,140
12/30/2008,CHA,TN,ASO,ES,Combined TRACON& Tower with Radar,6,45,54,18,123,0,0,63,0,63,6,45,117,18,186,28,16,44,230
12/31/2008,CHA,TN,ASO,ES,Combined TRACON& Tower with Radar,7,43,11,0,61,0,2,17,0,19,7,45,28,0,80,0,0,0,80
01/01/2009,CHA,TN,ASO,ES,Combined TRACON& Tower with Radar,1,36,31,0,68,0,2,20,0,22,1,38,51,0,90,0,0,0,90
01/02/2009,CHA,TN,ASO,ES,Combined TRACON& Tower with Radar,10,50,20,2,82,0,0,0,0,0,10,50,20,2,82,0,0,0,82
01/03/2009,CHA,TN,ASO,ES,Combined TRACON& Tower with Radar,4,33,9,2,48,0,0,0,0,0,4,33,9,2,48,0,0,0,48
01/04/2009,CHA,TN,ASO,ES,Combined TRACON& Tower with Radar,3,37,45,0,85,0,0,2,0,2,3,37,47,0,87,6,0,6,93
01/05/2009,CHA,TN,ASO,ES,Combined TRACON& Tower with Radar,5,54,50,28,137,0,0,3,0,3,5,54,53,28,140,6,38,44,184
01/06/2009,CHA,TN,ASO,ES,Combined TRACON& Tower with Radar,2,48,21,0,71,0,0,0,0,0,2,48,21,0,71,0,0,0,71
01/07/2009,CHA,TN,ASO,ES,Combined TRACON& Tower with Radar,2,51,27,7,87,0,1,15,0,16,2,52,42,7,103,0,0,0,103
01/08/2009,CHA,TN,ASO,ES,Combined TRACON& Tower with Radar,6,56,45,30,137,0,1,19,5,25,6,57,64,35,162,0,6,6,168
01/09/2009,CHA,TN,ASO,ES,Combined TRACON& Tower with Radar,4,52,65,10,131,0,0,66,3,69,4,52,131,13,200,16,6,22,222
01/10/2009,CHA,TN,ASO,ES,Combined TRACON& Tower with Radar,3,30,21,10,64,0,0,5,0,5,3,30,26,10,69,0,0,0,69
01/11/2009,CHA,TN,ASO,ES,Combined TRACON& Tower with Radar,4,41,19,2,66,0,0,9,0,9,4,41,28,2,75,42,0,42,117
01/12/2009,CHA,TN,ASO,ES,Combined TRACON& Tower with Radar,5,52,44,32,133,0,1,44,1,46,5,53,88,33,179,16,0,16,195
01/13/2009,CHA,TN,ASO,ES,Combined TRACON& Tower with Radar,2,50,46,9,107,0,0,23,2,25,2,50,69,11,132,0,0,0,132
01/14/2009,CHA,TN,ASO,ES,Combined TRACON& Tower with Radar,2,48,55,28,133,0,2,23,4,29,2,50,78,32,162,8,0,8,170
01/15/2009,CHA,TN,ASO,ES,Combined TRACON& Tower with Radar,6,56,50,34,146,0,2,15,3,20,6,58,65,37,166,6,18,24,190
01/16/2009,CHA,TN,ASO,ES,Combined TRACON& Tower with Radar,4,54,31,6,95,0,1,29,1,31,4,55,60,7,126,18,0,18,144
01/17/2009,CHA,TN,ASO,ES,Combined TRACON& Tower with Radar,1,31,32,0,64,0,0,29,0,29,1,31,61,0,93,44,0,44,137
01/18/2009,CHA,TN,ASO,ES,Combined TRACON& Tower with Radar,4,37,11,10,62,0,0,15,2,17,4,37,26,12,79,6,6,12,91
01/19/2009,CHA,TN,ASO,ES,Combined TRACON& Tower with Radar,3,50,32,0,85,0,0,4,0,4,3,50,36,0,89,0,0,0,89
01/20/2009,CHA,TN,ASO,ES,Combined TRACON& Tower with Radar,2,50,43,3,98,0,0,12,0,12,2,50,55,3,110,24,8,32,142
01/21/2009,CHA,TN,ASO,ES,Combined TRACON& Tower with Radar,2,50,55,23,130,0,0,38,3,41,2,50,93,26,171,0,0,0,171
01/22/2009,CHA,TN,ASO,ES,Combined TRACON& Tower with Radar,7,58,55,12,132,0,0,50,2,52,7,58,105,14,184,42,0,42,226
01/23/2009,CHA,TN,ASO,ES,Combined TRACON& Tower with Radar,4,54,66,37,161,0,1,22,0,23,4,55,88,37,184,0,0,0,184
01/24/2009,CHA,TN,ASO,ES,Combined TRACON& Tower with Radar,1,33,24,0,58,0,0,11,0,11,1,33,35,0,69,8,0,8,77
01/25/2009,CHA,TN,ASO,ES,Combined TRACON& Tower with Radar,4,40,50,8,102,0,1,37,0,38,4,41,87,8,140,10,6,16,156
01/26/2009,CHA,TN,ASO,ES,Combined TRACON& Tower with Radar,3,56,50,32,141,0,0,14,0,14,3,56,64,32,155,34,18,52,207
01/27/2009,CHA,TN,ASO,ES,Combined TRACON& Tower with Radar,2,59,38,6,105,0,0,4,0,4,2,59,42,6,109,0,0,0,109
01/28/2009,CHA,TN,ASO,ES,Combined TRACON& Tower with Radar,4,47,38,4,93,0,0,2,2,4,4,47,40,6,97,0,0,0,97
01/29/2009,CHA,TN,ASO,ES,Combined TRACON& Tower with Radar,8,54,60,15,137,0,0,44,1,45,8,54,104,16,182,20,14,34,216
01/30/2009,CHA,TN,ASO,ES,Combined TRACON& Tower with Radar,4,50,38,20,112,0,0,27,3,30,4,50,65,23,142,10,0,10,152
01/31/2009,CHA,TN,ASO,ES,Combined TRACON& Tower with Radar,3,31,61,2,97,0,0,46,2,48,3,31,107,4,145,16,12,28,173
02/01/2009,CHA,TN,ASO,ES,Combined TRACON& Tower with Radar,4,47,22,4,77,0,0,26,3,29,4,47,48,7,106,36,18,54,160
02/02/2009,CHA,TN,ASO,ES,Combined TRACON& Tower with Radar,7,51,27,0,85,0,0,7,0,7,7,51,34,0,92,0,0,0,92
02/03/2009,CHA,TN,ASO,ES,Combined TRACON& Tower with Radar,4,60,47,12,123,0,1,25,0,26,4,61,72,12,149,0,0,0,149
02/04/2009,CHA,TN,ASO,ES,Combined TRACON& Tower with Radar,2,45,60,5,112,0,1,29,3,33,2,46,89,8,145,0,0,0,145
02/05/2009,CHA,TN,ASO,ES,Combined TRACON& Tower with Radar,6,53,66,52,177,0,1,61,28,90,6,54,127,80,267,42,11,53,320
02/06/2009,CHA,TN,ASO,ES,Combined TRACON& Tower with Radar,4,54,47,31,136,0,0,39,4,43,4,54,86,35,179,80,58,138,317
02/07/2009,CHA,TN,ASO,ES,Combined TRACON& Tower with Radar,1,27,38,1,67,0,1,40,1,42,1,28,78,2,109,44,0,44,153
02/08/2009,CHA,TN,ASO,ES,Combined TRACON& Tower with Radar,4,39,48,0,91,0,0,35,4,39,4,39,83,4,130,0,0,0,130
02/09/2009,CHA,TN,ASO,ES,Combined TRACON& Tower with Radar,3,53,50,48,154,0,2,28,3,33,3,55,78,51,187,16,22,38,225
02/10/2009,CHA,TN,ASO,ES,Combined TRACON& Tower with Radar,4,50,70,48,172,0,2,17,3,22,4,52,87,51,194,20,90,110,304
02/11/2009,CHA,TN,ASO,ES,Combined TRACON& Tower with Radar,4,50,34,5,93,0,2,1,0,3,4,52,35,5,96,0,22,22,118
02/12/2009,CHA,TN,ASO,ES,Combined TRACON& Tower with Radar,6,61,73,21,161,0,0,45,2,47,6,61,118,23,208,58,24,82,290
02/13/2009,CHA,TN,ASO,ES,Combined TRACON& Tower with Radar,3,45,49,45,142,0,0,31,7,38,3,45,80,52,180,30,58,88,268
02/14/2009,CHA,TN,ASO,ES,Combined TRACON& Tower with Radar,1,33,23,4,61,0,0,11,0,11,1,33,34,4,72,22,0,22,94
02/15/2009,CHA,TN,ASO,ES,Combined TRACON& Tower with Radar,6,46,23,0,75,0,0,24,0,24,6,46,47,0,99,6,0,6,105
02/16/2009,CHA,TN,ASO,ES,Combined TRACON& Tower with Radar,3,50,77,2,132,0,1,36,1,38,3,51,113,3,170,46,0,46,216
02/17/2009,CHA,TN,ASO,ES,Combined TRACON& Tower with Radar,4,48,58,16,126,0,0,35,6,41,4,48,93,22,167,46,4,50,217
02/18/2009,CHA,TN,ASO,ES,Combined TRACON& Tower with Radar,12,51,32,0,95,0,0,4,0,4,12,51,36,0,99,0,0,0,99
02/19/2009,CHA,TN,ASO,ES,Combined TRACON& Tower with Radar,8,60,41,17,126,0,1,11,2,14,8,61,52,19,140,6,6,12,152
02/20/2009,CHA,TN,ASO,ES,Combined TRACON& Tower with Radar,4,55,80,45,184,0,2,43,8,53,4,57,123,53,237,38,32,70,307
02/21/2009,CHA,TN,ASO,ES,Combined TRACON& Tower with Radar,1,29,34,5,69,0,0,20,2,22,1,29,54,7,91,0,0,0,91
02/22/2009,CHA,TN,ASO,ES,Combined TRACON& Tower with Radar,6,47,26,8,87,0,0,9,0,9,6,47,35,8,96,0,0,0,96
02/23/2009,CHA,TN,ASO,ES,Combined TRACON& Tower with Radar,3,53,56,12,124,0,5,52,0,57,3,58,108,12,181,20,20,40,221
02/24/2009,CHA,TN,ASO,ES,Combined TRACON& Tower with Radar,4,50,65,18,137,0,0,43,3,46,4,50,108,21,183,10,40,50,233
02/25/2009,CHA,TN,ASO,ES,Combined TRACON& Tower with Radar,2,55,73,7,137,0,1,24,2,27,2,56,97,9,164,20,0,20,184
02/26/2009,CHA,TN,ASO,ES,Combined TRACON& Tower with Radar,8,45,73,21,147,0,0,19,1,20,8,45,92,22,167,26,18,44,211
02/27/2009,CHA,TN,ASO,ES,Combined TRACON& Tower with Radar,4,48,39,1,92,0,0,0,1,1,4,48,39,2,93,0,0,0,93
02/28/2009,CHA,TN,ASO,ES,Combined TRACON& Tower with Radar,1,28,19,0,48,0,0,0,0,0,1,28,19,0,48,0,0,0,48
03/01/2009,CHA,TN,ASO,ES,Combined TRACON& Tower with Radar,8,36,11,0,55,0,0,1,0,1,8,36,12,0,56,0,0,0,56
03/02/2009,CHA,TN,ASO,ES,Combined TRACON& Tower with Radar,4,48,25,5,82,0,1,10,11,22,4,49,35,16,104,8,0,8,112
03/03/2009,CHA,TN,ASO,ES,Combined TRACON& Tower with Radar,4,52,66,9,131,0,0,36,5,41,4,52,102,14,172,4,6,10,182
03/04/2009,CHA,TN,ASO,ES,Combined TRACON& Tower with Radar,2,53,45,10,110,0,3,44,1,48,2,56,89,11,158,20,0,20,178
03/05/2009,CHA,TN,ASO,ES,Combined TRACON& Tower with Radar,7,56,62,19,144,0,1,38,10,49,7,57,100,29,193,26,6,32,225
03/06/2009,CHA,TN,ASO,ES,Combined TRACON& Tower with Radar,4,54,43,44,145,0,0,20,1,21,4,54,63,45,166,48,6,54,220
03/07/2009,CHA,TN,ASO,ES,Combined TRACON& Tower with Radar,3,31,32,0,66,0,1,16,0,17,3,32,48,0,83,0,0,0,83
03/08/2009,CHA,TN,ASO,ES,Combined TRACON& Tower with Radar,8,51,33,3,95,0,0,16,1,17,8,51,49,4,112,44,0,44,156
03/09/2009,CHA,TN,ASO,ES,Combined TRACON& Tower with Radar,3,52,57,32,144,0,1,33,4,38,3,53,90,36,182,44,26,70,252
03/10/2009,CHA,TN,ASO,ES,Combined TRACON& Tower with Radar,4,48,65,25,142,0,0,31,8,39,4,48,96,33,181,22,28,50,231
03/11/2009,CHA,TN,ASO,ES,Combined TRACON& Tower with Radar,4,54,57,7,122,0,0,14,1,15,4,54,71,8,137,0,0,0,137
03/12/2009,CHA,TN,ASO,ES,Combined TRACON& Tower with Radar,8,51,56,26,141,0,0,17,7,24,8,51,73,33,165,16,24,40,205
03/13/2009,CHA,TN,ASO,ES,Combined TRACON& Tower with Radar,7,55,40,18,120,0,0,2,0,2,7,55,42,18,122,0,8,8,130
03/14/2009,CHA,TN,ASO,ES,Combined TRACON& Tower with Radar,3,33,31,0,67,0,0,0,0,0,3,33,31,0,67,0,0,0,67
03/15/2009,CHA,TN,ASO,ES,Combined TRACON& Tower with Radar,7,46,32,4,89,0,0,3,0,3,7,46,35,4,92,16,0,16,108
03/16/2009,CHA,TN,ASO,ES,Combined TRACON& Tower with Radar,3,58,32,0,93,0,0,1,0,1,3,58,33,0,94,0,0,0,94
03/17/2009,CHA,TN,ASO,ES,Combined TRACON& Tower with Radar,6,50,74,30,160,0,0,52,4,56,6,50,126,34,216,60,18,78,294
03/18/2009,CHA,TN,ASO,ES,Combined TRACON& Tower with Radar,2,59,89,28,178,0,1,47,6,54,2,60,136,34,232,28,8,36,268
03/19/2009,CHA,TN,ASO,ES,Combined TRACON& Tower with Radar,11,58,56,11,136,0,5,20,11,36,11,63,76,22,172,0,6,6,178
03/20/2009,CHA,TN,ASO,ES,Combined TRACON& Tower with Radar,8,54,48,19,129,0,1,38,1,40,8,55,86,20,169,16,29,45,214
03/21/2009,CHA,TN,ASO,ES,Combined TRACON& Tower with Radar,4,31,36,0,71,0,1,37,0,38,4,32,73,0,109,0,0,0,109
03/22/2009,CHA,TN,ASO,ES,Combined TRACON& Tower with Radar,7,51,38,8,104,0,0,49,0,49,7,51,87,8,153,0,0,0,153
03/23/2009,CHA,TN,ASO,ES,Combined TRACON& Tower with Radar,6,54,46,31,137,0,0,47,5,52,6,54,93,36,189,16,48,64,253
03/24/2009,CHA,TN,ASO,ES,Combined TRACON& Tower with Radar,4,52,78,59,193,0,0,32,5,37,4,52,110,64,230,16,75,91,321
03/25/2009,CHA,TN,ASO,ES,Combined TRACON& Tower with Radar,2,60,46,1,109,0,0,0,0,0,2,60,46,1,109,0,0,0,109
03/26/2009,CHA,TN,ASO,ES,Combined TRACON& Tower with Radar,9,60,57,13,139,0,0,0,1,1,9,60,57,14,140,0,0,0,140
03/27/2009,CHA,TN,ASO,ES,Combined TRACON& Tower with Radar,6,60,29,10,105,0,0,0,0,0,6,60,29,10,105,0,0,0,105
03/28/2009,CHA,TN,ASO,ES,Combined TRACON& Tower with Radar,3,29,14,6,52,0,0,0,0,0,3,29,14,6,52,0,0,0,52
03/29/2009,CHA,TN,ASO,ES,Combined TRACON& Tower with Radar,6,57,30,2,95,0,2,7,0,9,6,59,37,2,104,0,0,0,104
03/30/2009,CHA,TN,ASO,ES,Combined TRACON& Tower with Radar,3,55,46,18,122,0,2,35,5,42,3,57,81,23,164,16,10,26,190
03/31/2009,CHA,TN,ASO,ES,Combined TRACON& Tower with Radar,4,55,43,34,136,0,0,1,1,2,4,55,44,35,138,0,20,20,158
04/01/2009,CHA,TN,ASO,ES,Combined TRACON& Tower with Radar,3,47,62,7,119,0,1,33,14,48,3,48,95,21,167,14,0,14,181
04/02/2009,CHA,TN,ASO,ES,Combined TRACON& Tower with Radar,22,49,31,1,103,0,0,6,0,6,22,49,37,1,109,14,0,14,123
04/03/2009,CHA,TN,ASO,ES,Combined TRACON& Tower with Radar,6,52,58,1,117,0,0,19,2,21,6,52,77,3,138,36,9,45,183
04/04/2009,CHA,TN,ASO,ES,Combined TRACON& Tower with Radar,1,30,57,2,90,0,0,52,0,52,1,30,109,2,142,0,0,0,142
04/05/2009,CHA,TN,ASO,ES,Combined TRACON& Tower with Radar,10,43,19,3,75,0,0,12,1,13,10,43,31,4,88,32,25,57,145
04/06/2009,CHA,TN,ASO,ES,Combined TRACON& Tower with Radar,3,47,36,24,110,0,0,4,0,4,3,47,40,24,114,0,0,0,114
04/07/2009,CHA,TN,ASO,ES,Combined TRACON& Tower with Radar,4,42,29,6,81,0,0,10,1,11,4,42,39,7,92,0,0,0,92
04/08/2009,CHA,TN,ASO,ES,Combined TRACON& Tower with Radar,4,48,52,42,146,0,0,39,5,44,4,48,91,47,190,20,0,20,210
04/09/2009,CHA,TN,ASO,ES,Combined TRACON& Tower with Radar,8,55,60,43,166,0,3,55,7,65,8,58,115,50,231,30,0,30,261
04/10/2009,CHA,TN,ASO,ES,Combined TRACON& Tower with Radar,20,46,45,0,111,0,0,0,0,0,20,46,45,0,111,22,0,22,133
04/11/2009,CHA,TN,ASO,ES,Combined TRACON& Tower with Radar,2,28,16,3,49,0,0,16,2,18,2,28,32,5,67,8,0,8,75
04/12/2009,CHA,TN,ASO,ES,Combined TRACON& Tower with Radar,6,41,18,0,65,0,1,22,0,23,6,42,40,0,88,0,0,0,88
04/13/2009,CHA,TN,ASO,ES,Combined TRACON& Tower with Radar,15,53,27,0,95,0,0,0,0,0,15,53,27,0,95,0,0,0,95
04/14/2009,CHA,TN,ASO,ES,Combined TRACON& Tower with Radar,4,50,44,13,111,0,0,6,1,7,4,50,50,14,118,10,0,10,128
04/15/2009,CHA,TN,ASO,ES,Combined TRACON& Tower with Radar,4,49,75,48,176,0,1,23,2,26,4,50,98,50,202,26,29,55,257
04/16/2009,CHA,TN,ASO,ES,Combined TRACON& Tower with Radar,6,54,64,29,153,0,2,46,7,55,6,56,110,36,208,22,18,40,248
04/17/2009,CHA,TN,ASO,ES,Combined TRACON& Tower with Radar,6,48,59,20,133,0,2,50,6,58,6,50,109,26,191,0,0,0,191
04/18/2009,CHA,TN,ASO,ES,Combined TRACON& Tower with Radar,3,26,29,5,63,0,0,55,1,56,3,26,84,6,119,14,0,14,133
04/19/2009,CHA,TN,ASO,ES,Combined TRACON& Tower with Radar,4,43,27,8,82,0,0,0,0,0,4,43,27,8,82,0,0,0,82
04/20/2009,CHA,TN,ASO,ES,Combined TRACON& Tower with Radar,3,50,24,22,99,0,0,6,4,10,3,50,30,26,109,8,6,14,123
04/21/2009,CHA,TN,ASO,ES,Combined TRACON& Tower with Radar,6,52,36,5,99,0,0,12,3,15,6,52,48,8,114,0,0,0,114
04/22/2009,CHA,TN,ASO,ES,Combined TRACON& Tower with Radar,4,57,74,21,156,0,0,51,10,61,4,57,125,31,217,62,4,66,283
04/23/2009,CHA,TN,ASO,ES,Combined TRACON& Tower with Radar,12,61,53,21,147,0,0,29,6,35,12,61,82,27,182,0,63,63,245
04/24/2009,CHA,TN,ASO,ES,Combined TRACON& Tower with Radar,8,50,40,17,115,0,0,36,3,39,8,50,76,20,154,0,12,12,166
04/25/2009,CHA,TN,ASO,ES,Combined TRACON& Tower with Radar,3,29,22,3,57,0,1,35,1,37,3,30,57,4,94,0,0,0,94
04/26/2009,CHA,TN,ASO,ES,Combined TRACON& Tower with Radar,6,52,34,2,94,0,0,37,1,38,6,52,71,3,132,38,0,38,170
04/27/2009,CHA,TN,ASO,ES,Combined TRACON& Tower with Radar,3,54,42,48,147,0,0,37,8,45,3,54,79,56,192,46,30,76,268
04/28/2009,CHA,TN,ASO,ES,Combined TRACON& Tower with Radar,4,57,61,13,135,0,0,47,16,63,4,57,108,29,198,34,36,70,268
04/29/2009,CHA,TN,ASO,ES,Combined TRACON& Tower with Radar,6,53,54,14,127,0,2,20,16,38,6,55,74,30,165,0,0,0,165
04/30/2009,CHA,TN,ASO,ES,Combined TRACON& Tower with Radar,6,60,65,42,173,0,0,12,3,15,6,60,77,45,188,0,44,44,232
05/01/2009,CHA,TN,ASO,ES,Combined TRACON& Tower with Radar,6,55,35,11,107,0,0,1,0,1,6,55,36,11,108,0,0,0,108
05/02/2009,CHA,TN,ASO,ES,Combined TRACON& Tower with Radar,7,28,24,0,59,0,0,0,0,0,7,28,24,0,59,4,0,4,63
05/03/2009,CHA,TN,ASO,ES,Combined TRACON& Tower with Radar,7,54,30,1,92,0,0,0,0,0,7,54,30,1,92,0,0,0,92
05/04/2009,CHA,TN,ASO,ES,Combined TRACON& Tower with Radar,5,69,39,30,143,0,1,13,1,15,5,70,52,31,158,0,45,45,203
05/05/2009,CHA,TN,ASO,ES,Combined TRACON& Tower with Radar,2,45,83,20,150,0,1,25,9,35,2,46,108,29,185,0,8,8,193
05/06/2009,CHA,TN,ASO,ES,Combined TRACON& Tower with Radar,10,50,22,1,83,0,0,2,0,2,10,50,24,1,85,0,0,0,85
05/07/2009,CHA,TN,ASO,ES,Combined TRACON& Tower with Radar,2,64,70,26,162,0,1,23,3,27,2,65,93,29,189,16,62,78,267
05/08/2009,CHA,TN,ASO,ES,Combined TRACON& Tower with Radar,5,47,64,9,125,0,0,11,1,12,5,47,75,10,137,10,0,10,147
05/09/2009,CHA,TN,ASO,ES,Combined TRACON& Tower with Radar,9,24,18,2,53,0,0,4,0,4,9,24,22,2,57,0,0,0,57
05/10/2009,CHA,TN,ASO,ES,Combined TRACON& Tower with Radar,0,45,40,4,89,0,0,16,2,18,0,45,56,6,107,8,0,8,115
05/11/2009,CHA,TN,ASO,ES,Combined TRACON& Tower with Radar,5,45,61,20,131,0,1,38,3,42,5,46,99,23,173,0,0,0,173
05/12/2009,CHA,TN,ASO,ES,Combined TRACON& Tower with Radar,2,49,78,37,166,0,1,58,6,65,2,50,136,43,231,35,4,39,270
05/13/2009,CHA,TN,ASO,ES,Combined TRACON& Tower with Radar,6,51,58,17,132,0,0,17,3,20,6,51,75,20,152,0,10,10,162
05/14/2009,CHA,TN,ASO,ES,Combined TRACON& Tower with Radar,3,59,55,14,131,0,0,19,2,21,3,59,74,16,152,0,0,0,152
05/15/2009,CHA,TN,ASO,ES,Combined TRACON& Tower with Radar,6,49,53,29,137,0,0,11,1,12,6,49,64,30,149,20,0,20,169
05/16/2009,CHA,TN,ASO,ES,Combined TRACON& Tower with Radar,15,32,23,1,71,0,0,5,0,5,15,32,28,1,76,0,0,0,76
05/17/2009,CHA,TN,ASO,ES,Combined TRACON& Tower with Radar,1,52,19,0,72,0,0,5,0,5,1,52,24,0,77,0,0,0,77
05/18/2009,CHA,TN,ASO,ES,Combined TRACON& Tower with Radar,5,52,39,17,113,0,0,40,2,42,5,52,79,19,155,22,24,46,201
05/19/2009,CHA,TN,ASO,ES,Combined TRACON& Tower with Radar,4,50,58,15,127,0,0,54,4,58,4,50,112,19,185,10,26,36,221
05/20/2009,CHA,TN,ASO,ES,Combined TRACON& Tower with Radar,6,58,62,8,134,0,0,46,2,48,6,58,108,10,182,36,0,36,218
05/21/2009,CHA,TN,ASO,ES,Combined TRACON& Tower with Radar,2,51,60,8,121,0,0,30,0,30,2,51,90,8,151,0,8,8,159
05/22/2009,CHA,TN,ASO,ES,Combined TRACON& Tower with Radar,4,50,61,15,130,0,0,25,0,25,4,50,86,15,155,20,0,20,175
05/23/2009,CHA,TN,ASO,ES,Combined TRACON& Tower with Radar,7,24,33,0,64,0,1,20,0,21,7,25,53,0,85,0,0,0,85
05/24/2009,CHA,TN,ASO,ES,Combined TRACON& Tower with Radar,2,30,33,7,72,0,0,8,0,8,2,30,41,7,80,36,0,36,116
05/25/2009,CHA,TN,ASO,ES,Combined TRACON& Tower with Radar,4,41,31,11,87,0,0,4,0,4,4,41,35,11,91,8,0,8,99
05/26/2009,CHA,TN,ASO,ES,Combined TRACON& Tower with Radar,7,50,41,3,101,0,0,6,0,6,7,50,47,3,107,0,0,0,107
05/27/2009,CHA,TN,ASO,ES,Combined TRACON& Tower with Radar,8,50,57,1,116,0,1,4,0,5,8,51,61,1,121,0,0,0,121
05/28/2009,CHA,TN,ASO,ES,Combined TRACON& Tower with Radar,4,56,58,6,124,0,0,20,0,20,4,56,78,6,144,0,0,0,144
05/29/2009,CHA,TN,ASO,ES,Combined TRACON& Tower with Radar,4,57,58,20,139,0,2,21,2,25,4,59,79,22,164,6,0,6,170
05/30/2009,CHA,TN,ASO,ES,Combined TRACON& Tower with Radar,7,25,29,1,62,0,8,42,1,51,7,33,71,2,113,22,0,22,135
05/31/2009,CHA,TN,ASO,ES,Combined TRACON& Tower with Radar,0,46,27,2,75,0,2,39,0,41,0,48,66,2,116,34,0,34,150
06/01/2009,CHA,TN,ASO,ES,Combined TRACON& Tower with Radar,7,61,28,19,115,0,15,27,3,45,7,76,55,22,160,34,0,34,194
06/02/2009,CHA,TN,ASO,ES,Combined TRACON& Tower with Radar,2,46,36,6,90,0,4,39,0,43,2,50,75,6,133,78,6,84,217
06/03/2009,CHA,TN,ASO,ES,Combined TRACON& Tower with Radar,6,57,44,49,156,0,0,28,8,36,6,57,72,57,192,20,4,24,216
06/04/2009,CHA,TN,ASO,ES,Combined TRACON& Tower with Radar,6,61,52,6,125,0,0,9,0,9,6,61,61,6,134,32,46,78,212
06/05/2009,CHA,TN,ASO,ES,Combined TRACON& Tower with Radar,4,53,50,9,116,0,0,9,4,13,4,53,59,13,129,6,0,6,135
06/06/2009,CHA,TN,ASO,ES,Combined TRACON& Tower with Radar,7,28,25,10,70,0,1,23,3,27,7,29,48,13,97,16,0,16,113
06/07/2009,CHA,TN,ASO,ES,Combined TRACON& Tower with Radar,2,46,50,12,110,0,1,27,8,36,2,47,77,20,146,30,0,30,176
06/08/2009,CHA,TN,ASO,ES,Combined TRACON& Tower with Radar,7,55,30,33,125,0,0,26,5,31,7,55,56,38,156,40,32,72,228
06/09/2009,CHA,TN,ASO,ES,Combined TRACON& Tower with Radar,2,52,43,18,115,0,0,47,4,51,2,52,90,22,166,4,44,48,214
06/10/2009,CHA,TN,ASO,ES,Combined TRACON& Tower with Radar,9,57,52,18,136,0,0,21,3,24,9,57,73,21,160,30,48,78,238
06/11/2009,CHA,TN,ASO,ES,Combined TRACON& Tower with Radar,4,54,60,24,142,0,0,12,1,13,4,54,72,25,155,10,0,10,165
06/12/2009,CHA,TN,ASO,ES,Combined TRACON& Tower with Radar,19,54,44,29,146,0,1,27,8,36,19,55,71,37,182,44,52,96,278
06/13/2009,CHA,TN,ASO,ES,Combined TRACON& Tower with Radar,8,30,25,0,63,0,0,35,0,35,8,30,60,0,98,14,0,14,112
06/14/2009,CHA,TN,ASO,ES,Combined TRACON& Tower with Radar,0,45,30,4,79,0,0,17,0,17,0,45,47,4,96,12,0,12,108
06/15/2009,CHA,TN,ASO,ES,Combined TRACON& Tower with Radar,7,52,50,30,139,0,0,18,0,18,7,52,68,30,157,0,22,22,179
06/16/2009,CHA,TN,ASO,ES,Combined TRACON& Tower with Radar,2,59,72,9,142,0,0,32,0,32,2,59,104,9,174,8,18,26,200
06/17/2009,CHA,TN,ASO,ES,Combined TRACON& Tower with Radar,7,59,54,4,124,0,0,27,2,29,7,59,81,6,153,20,0,20,173
06/18/2009,CHA,TN,ASO,ES,Combined TRACON& Tower with Radar,4,61,63,3,131,0,1,50,2,53,4,62,113,5,184,54,0,54,238
06/19/2009,CHA,TN,ASO,ES,Combined TRACON& Tower with Radar,6,46,56,44,152,0,0,44,10,54,6,46,100,54,206,18,16,34,240
06/20/2009,CHA,TN,ASO,ES,Combined TRACON& Tower with Radar,5,31,29,0,65,0,0,30,0,30,5,31,59,0,95,2,0,2,97
06/21/2009,CHA,TN,ASO,ES,Combined TRACON& Tower with Radar,0,44,38,15,97,0,0,23,8,31,0,44,61,23,128,0,8,8,136
06/22/2009,CHA,TN,ASO,ES,Combined TRACON& Tower with Radar,9,53,44,8,114,0,0,27,2,29,9,53,71,10,143,0,0,0,143
06/23/2009,CHA,TN,ASO,ES,Combined TRACON& Tower with Radar,4,70,50,30,154,0,5,29,4,38,4,75,79,34,192,22,40,62,254
06/24/2009,CHA,TN,ASO,ES,Combined TRACON& Tower with Radar,6,49,58,43,156,0,0,40,5,45,6,49,98,48,201,24,24,48,249
06/25/2009,CHA,TN,ASO,ES,Combined TRACON& Tower with Radar,4,62,46,25,137,0,0,45,5,50,4,62,91,30,187,32,60,92,279
06/26/2009,CHA,TN,ASO,ES,Combined TRACON& Tower with Radar,6,51,42,27,126,0,0,18,2,20,6,51,60,29,146,6,0,6,152
06/27/2009,CHA,TN,ASO,ES,Combined TRACON& Tower with Radar,7,29,26,6,68,0,0,32,2,34,7,29,58,8,102,14,6,20,122
06/28/2009,CHA,TN,ASO,ES,Combined TRACON& Tower with Radar,0,45,55,3,103,0,2,22,2,26,0,47,77,5,129,0,0,0,129
06/29/2009,CHA,TN,ASO,ES,Combined TRACON& Tower with Radar,7,58,40,20,125,0,0,38,3,41,7,58,78,23,166,18,24,42,208
06/30/2009,CHA,TN,ASO,ES,Combined TRACON& Tower with Radar,6,60,56,17,139,0,0,40,2,42,6,60,96,19,181,12,0,12,193
07/01/2009,CHA,TN,ASO,ES,Combined TRACON& Tower with Radar,2,47,67,12,128,0,0,34,5,39,2,47,101,17,167,6,0,6,173
07/02/2009,CHA,TN,ASO,ES,Combined TRACON& Tower with Radar,4,45,57,30,136,0,0,50,2,52,4,45,107,32,188,28,0,28,216
07/03/2009,CHA,TN,ASO,ES,Combined TRACON& Tower with Radar,5,42,29,0,76,0,0,29,1,30,5,42,58,1,106,0,0,0,106
07/04/2009,CHA,TN,ASO,ES,Combined TRACON& Tower with Radar,4,20,15,0,39,0,1,23,0,24,4,21,38,0,63,14,0,14,77
07/05/2009,CHA,TN,ASO,ES,Combined TRACON& Tower with Radar,2,36,31,0,69,0,0,9,0,9,2,36,40,0,78,12,0,12,90
07/06/2009,CHA,TN,ASO,ES,Combined TRACON& Tower with Radar,9,57,45,0,111,0,1,9,0,10,9,58,54,0,121,0,0,0,121
07/07/2009,CHA,TN,ASO,ES,Combined TRACON& Tower with Radar,6,44,63,31,144,0,1,41,4,46,6,45,104,35,190,40,38,78,268
07/08/2009,CHA,TN,ASO,ES,Combined TRACON& Tower with Radar,12,43,46,69,170,0,4,20,5,29,12,47,66,74,199,14,60,74,273
07/09/2009,CHA,TN,ASO,ES,Combined TRACON& Tower with Radar,5,50,43,12,110,0,0,24,5,29,5,50,67,17,139,28,24,52,191
07/10/2009,CHA,TN,ASO,ES,Combined TRACON& Tower with Radar,6,45,51,3,105,0,1,42,2,45,6,46,93,5,150,100,0,100,250
07/11/2009,CHA,TN,ASO,ES,Combined TRACON& Tower with Radar,7,25,22,2,56,0,0,36,2,38,7,25,58,4,94,8,24,32,126
07/12/2009,CHA,TN,ASO,ES,Combined TRACON& Tower with Radar,3,39,37,1,80,0,2,5,1,8,3,41,42,2,88,2,0,2,90
07/13/2009,CHA,TN,ASO,ES,Combined TRACON& Tower with Radar,8,48,33,31,120,0,0,14,0,14,8,48,47,31,134,0,8,8,142
07/14/2009,CHA,TN,ASO,ES,Combined TRACON& Tower with Radar,3,57,40,67,167,0,0,41,4,45,3,57,81,71,212,14,40,54,266
07/15/2009,CHA,TN,ASO,ES,Combined TRACON& Tower with Radar,6,49,59,39,153,0,0,39,8,47,6,49,98,47,200,32,42,74,274
07/16/2009,CHA,TN,ASO,ES,Combined TRACON& Tower with Radar,4,54,43,20,121,0,0,35,2,37,4,54,78,22,158,22,0,22,180
07/17/2009,CHA,TN,ASO,ES,Combined TRACON& Tower with Radar,6,45,48,42,141,0,0,22,4,26,6,45,70,46,167,0,0,0,167
07/18/2009,CHA,TN,ASO,ES,Combined TRACON& Tower with Radar,5,23,37,2,67,0,1,25,3,29,5,24,62,5,96,12,0,12,108
07/19/2009,CHA,TN,ASO,ES,Combined TRACON& Tower with Radar,2,45,32,12,91,0,1,27,2,30,2,46,59,14,121,10,0,10,131
07/20/2009,CHA,TN,ASO,ES,Combined TRACON& Tower with Radar,7,54,33,20,114,0,1,26,6,33,7,55,59,26,147,14,16,30,177
07/21/2009,CHA,TN,ASO,ES,Combined TRACON& Tower with Radar,2,49,53,34,138,0,0,40,13,53,2,49,93,47,191,16,16,32,223
07/22/2009,CHA,TN,ASO,ES,Combined TRACON& Tower with Radar,8,47,33,6,94,0,0,15,0,15,8,47,48,6,109,0,0,0,109
07/23/2009,CHA,TN,ASO,ES,Combined TRACON& Tower with Radar,4,54,70,17,145,0,0,35,0,35,4,54,105,17,180,30,10,40,220
07/24/2009,CHA,TN,ASO,ES,Combined TRACON& Tower with Radar,6,43,49,29,127,0,3,36,1,40,6,46,85,30,167,0,8,8,175
07/25/2009,CHA,TN,ASO,ES,Combined TRACON& Tower with Radar,5,26,22,12,65,0,0,32,0,32,5,26,54,12,97,0,0,0,97
07/26/2009,CHA,TN,ASO,ES,Combined TRACON& Tower with Radar,4,38,26,6,74,0,0,5,0,5,4,38,31,6,79,6,0,6,85
07/27/2009,CHA,TN,ASO,ES,Combined TRACON& Tower with Radar,7,48,50,7,112,0,0,49,4,53,7,48,99,11,165,43,0,43,208
07/28/2009,CHA,TN,ASO,ES,Combined TRACON& Tower with Radar,3,43,54,35,135,0,0,18,0,18,3,43,72,35,153,14,22,36,189
07/29/2009,CHA,TN,ASO,ES,Combined TRACON& Tower with Radar,7,49,55,20,131,0,0,17,2,19,7,49,72,22,150,44,30,74,224
07/30/2009,CHA,TN,ASO,ES,Combined TRACON& Tower with Radar,4,50,53,2,109,0,0,9,1,10,4,50,62,3,119,0,0,0,119
07/31/2009,CHA,TN,ASO,ES,Combined TRACON& Tower with Radar,12,51,33,32,128,0,0,12,1,13,12,51,45,33,141,30,0,30,171
08/01/2009,CHA,TN,ASO,ES,Combined TRACON& Tower with Radar,5,23,30,0,58,0,0,34,0,34,5,23,64,0,92,12,0,12,104
08/02/2009,CHA,TN,ASO,ES,Combined TRACON& Tower with Radar,4,40,26,5,75,0,1,13,1,15,4,41,39,6,90,0,0,0,90
08/03/2009,CHA,TN,ASO,ES,Combined TRACON& Tower with Radar,5,53,47,35,140,0,0,40,0,40,5,53,87,35,180,26,26,52,232
08/04/2009,CHA,TN,ASO,ES,Combined TRACON& Tower with Radar,4,47,59,39,149,0,0,34,6,40,4,47,93,45,189,18,28,46,235
08/05/2009,CHA,TN,ASO,ES,Combined TRACON& Tower with Radar,8,43,63,51,165,0,0,27,7,34,8,43,90,58,199,8,38,46,245
08/06/2009,CHA,TN,ASO,ES,Combined TRACON& Tower with Radar,2,47,65,35,149,0,0,43,0,43,2,47,108,35,192,12,0,12,204
08/07/2009,CHA,TN,ASO,ES,Combined TRACON& Tower with Radar,4,47,58,19,128,0,2,39,6,47,4,49,97,25,175,32,4,36,211
08/08/2009,CHA,TN,ASO,ES,Combined TRACON& Tower with Radar,8,25,33,1,67,0,0,40,0,40,8,25,73,1,107,0,0,0,107
08/09/2009,CHA,TN,ASO,ES,Combined TRACON& Tower with Radar,2,40,25,16,83,0,0,35,2,37,2,40,60,18,120,8,0,8,128
08/10/2009,CHA,TN,ASO,ES,Combined TRACON& Tower with Radar,3,51,64,9,127,0,0,27,2,29,3,51,91,11,156,0,0,0,156
08/11/2009,CHA,TN,ASO,ES,Combined TRACON& Tower with Radar,3,44,45,13,105,0,3,24,1,28,3,47,69,14,133,10,0,10,143
08/12/2009,CHA,TN,ASO,ES,Combined TRACON& Tower with Radar,6,47,66,11,130,0,0,18,6,24,6,47,84,17,154,12,0,12,166
08/13/2009,CHA,TN,ASO,ES,Combined TRACON& Tower with Radar,2,51,67,24,144,0,1,39,4,44,2,52,106,28,188,20,10,30,218
08/14/2009,CHA,TN,ASO,ES,Combined TRACON& Tower with Radar,6,45,42,31,124,0,0,26,4,30,6,45,68,35,154,16,14,30,184
08/15/2009,CHA,TN,ASO,ES,Combined TRACON& Tower with Radar,5,26,23,11,65,0,0,10,4,14,5,26,33,15,79,0,0,0,79
08/16/2009,CHA,TN,ASO,ES,Combined TRACON& Tower with Radar,0,34,32,6,72,0,0,8,0,8,0,34,40,6,80,0,0,0,80
08/17/2009,CHA,TN,ASO,ES,Combined TRACON& Tower with Radar,7,50,54,20,131,0,0,10,0,10,7,50,64,20,141,32,12,44,185
08/18/2009,CHA,TN,ASO,ES,Combined TRACON& Tower with Radar,2,48,48,35,133,0,0,11,0,11,2,48,59,35,144,0,0,0,144
08/19/2009,CHA,TN,ASO,ES,Combined TRACON& Tower with Radar,4,50,44,14,112,0,0,15,4,19,4,50,59,18,131,34,58,92,223
08/20/2009,CHA,TN,ASO,ES,Combined TRACON& Tower with Radar,3,54,37,14,108,0,0,13,1,14,3,54,50,15,122,10,44,54,176
08/21/2009,CHA,TN,ASO,ES,Combined TRACON& Tower with Radar,5,49,54,5,113,0,0,18,3,21,5,49,72,8,134,30,0,30,164
08/22/2009,CHA,TN,ASO,ES,Combined TRACON& Tower with Radar,2,24,35,0,61,0,1,29,0,30,2,25,64,0,91,0,0,0,91
08/23/2009,CHA,TN,ASO,ES,Combined TRACON& Tower with Radar,0,41,27,3,71,0,1,24,0,25,0,42,51,3,96,0,0,0,96
08/24/2009,CHA,TN,ASO,ES,Combined TRACON& Tower with Radar,2,50,51,31,134,0,1,30,7,38,2,51,81,38,172,14,22,36,208
08/25/2009,CHA,TN,ASO,ES,Combined TRACON& Tower with Radar,2,53,61,28,144,0,1,58,3,62,2,54,119,31,206,6,0,6,212
08/26/2009,CHA,TN,ASO,ES,Combined TRACON& Tower with Radar,5,56,55,36,152,0,3,40,10,53,5,59,95,46,205,26,16,42,247
08/27/2009,CHA,TN,ASO,ES,Combined TRACON& Tower with Radar,2,48,53,38,141,0,0,7,0,7,2,48,60,38,148,0,28,28,176
08/28/2009,CHA,TN,ASO,ES,Combined TRACON& Tower with Radar,4,46,43,5,98,0,0,7,1,8,4,46,50,6,106,0,0,0,106
08/29/2009,CHA,TN,ASO,ES,Combined TRACON& Tower with Radar,5,25,30,2,62,0,0,19,0,19,5,25,49,2,81,0,0,0,81
08/30/2009,CHA,TN,ASO,ES,Combined TRACON& Tower with Radar,12,40,20,11,83,0,0,15,5,20,12,40,35,16,103,30,0,30,133
08/31/2009,CHA,TN,ASO,ES,Combined TRACON& Tower with Radar,3,53,44,21,121,0,1,23,2,26,3,54,67,23,147,0,6,6,153
09/01/2009,CHA,TN,ASO,ES,Combined TRACON& Tower with Radar,3,44,38,17,102,0,0,26,2,28,3,44,64,19,130,34,0,34,164
09/02/2009,CHA,TN,ASO,ES,Combined TRACON& Tower with Radar,5,46,49,7,107,0,0,32,1,33,5,46,81,8,140,0,12,12,152
09/03/2009,CHA,TN,ASO,ES,Combined TRACON& Tower with Radar,3,54,36,6,99,0,0,27,2,29,3,54,63,8,128,0,0,0,128
09/04/2009,CHA,TN,ASO,ES,Combined TRACON& Tower with Radar,6,49,37,30,122,0,4,28,1,33,6,53,65,31,155,0,16,16,171
09/05/2009,CHA,TN,ASO,ES,Combined TRACON& Tower with Radar,3,26,32,0,61,0,1,32,0,33,3,27,64,0,94,4,0,4,98
09/06/2009,CHA,TN,ASO,ES,Combined TRACON& Tower with Radar,2,22,10,9,43,0,0,3,0,3,2,22,13,9,46,0,0,0,46
09/07/2009,CHA,TN,ASO,ES,Combined TRACON& Tower with Radar,2,46,41,0,89,0,0,26,0,26,2,46,67,0,115,30,0,30,145
09/08/2009,CHA,TN,ASO,ES,Combined TRACON& Tower with Radar,1,49,51,6,107,0,1,21,1,23,1,50,72,7,130,26,12,38,168
09/09/2009,CHA,TN,ASO,ES,Combined TRACON& Tower with Radar,4,53,50,7,114,0,0,22,2,24,4,53,72,9,138,0,0,0,138
09/10/2009,CHA,TN,ASO,ES,Combined TRACON& Tower with Radar,2,55,49,14,120,0,0,10,1,11,2,55,59,15,131,0,10,10,141
09/11/2009,CHA,TN,ASO,ES,Combined TRACON& Tower with Radar,6,52,53,23,134,0,2,12,6,20,6,54,65,29,154,0,0,0,154
09/12/2009,CHA,TN,ASO,ES,Combined TRACON& Tower with Radar,3,27,32,0,62,0,0,16,0,16,3,27,48,0,78,0,0,0,78
09/13/2009,CHA,TN,ASO,ES,Combined TRACON& Tower with Radar,2,41,47,8,98,0,0,20,6,26,2,41,67,14,124,8,0,8,132
09/14/2009,CHA,TN,ASO,ES,Combined TRACON& Tower with Radar,3,57,48,2,110,0,0,18,0,18,3,57,66,2,128,0,0,0,128
09/15/2009,CHA,TN,ASO,ES,Combined TRACON& Tower with Radar,2,48,57,17,124,0,0,0,0,0,2,48,57,17,124,0,0,0,124
09/16/2009,CHA,TN,ASO,ES,Combined TRACON& Tower with Radar,8,48,47,12,115,0,0,2,0,2,8,48,49,12,117,20,0,20,137
09/17/2009,CHA,TN,ASO,ES,Combined TRACON& Tower with Radar,2,56,47,2,107,0,0,6,0,6,2,56,53,2,113,6,0,6,119
09/18/2009,CHA,TN,ASO,ES,Combined TRACON& Tower with Radar,4,56,58,4,122,0,0,4,0,4,4,56,62,4,126,0,70,70,196
09/19/2009,CHA,TN,ASO,ES,Combined TRACON& Tower with Radar,9,32,16,0,57,0,0,0,0,0,9,32,16,0,57,0,0,0,57
09/20/2009,CHA,TN,ASO,ES,Combined TRACON& Tower with Radar,0,45,40,5,90,0,0,0,0,0,0,45,40,5,90,0,0,0,90
09/21/2009,CHA,TN,ASO,ES,Combined TRACON& Tower with Radar,3,47,40,0,90,0,0,0,0,0,3,47,40,0,90,0,0,0,90
09/22/2009,CHA,TN,ASO,ES,Combined TRACON& Tower with Radar,3,46,50,4,103,0,0,19,0,19,3,46,69,4,122,0,0,0,122
09/23/2009,CHA,TN,ASO,ES,Combined TRACON& Tower with Radar,4,47,66,22,139,0,0,31,2,33,4,47,97,24,172,4,0,4,176
09/24/2009,CHA,TN,ASO,ES,Combined TRACON& Tower with Radar,2,53,52,15,122,0,0,20,3,23,2,53,72,18,145,6,28,34,179
09/25/2009,CHA,TN,ASO,ES,Combined TRACON& Tower with Radar,4,51,48,11,114,0,0,14,2,16,4,51,62,13,130,0,0,0,130
09/26/2009,CHA,TN,ASO,ES,Combined TRACON& Tower with Radar,11,34,12,0,57,0,0,0,0,0,11,34,12,0,57,8,0,8,65
09/27/2009,CHA,TN,ASO,ES,Combined TRACON& Tower with Radar,0,44,45,29,118,0,1,16,1,18,0,45,61,30,136,20,10,30,166
09/28/2009,CHA,TN,ASO,ES,Combined TRACON& Tower with Radar,3,47,43,2,95,0,2,24,2,28,3,49,67,4,123,0,0,0,123
09/29/2009,CHA,TN,ASO,ES,Combined TRACON& Tower with Radar,2,49,54,8,113,0,1,35,2,38,2,50,89,10,151,6,0,6,157
09/30/2009,CHA,TN,ASO,ES,Combined TRACON& Tower with Radar,4,47,46,11,108,0,0,54,3,57,4,47,100,14,165,12,0,12,177
10/01/2009,CHA,TN,ASO,ES,Combined TRACON& Tower with Radar,2,55,46,2,105,0,0,50,0,50,2,55,96,2,155,0,0,0,155
10/02/2009,CHA,TN,ASO,ES,Combined TRACON& Tower with Radar,6,53,52,3,114,0,0,18,2,20,6,53,70,5,134,10,0,10,144
10/03/2009,CHA,TN,ASO,ES,Combined TRACON& Tower with Radar,4,31,45,0,80,0,0,44,0,44,4,31,89,0,124,12,0,12,136
10/04/2009,CHA,TN,ASO,ES,Combined TRACON& Tower with Radar,1,44,49,2,96,0,0,14,1,15,1,44,63,3,111,0,0,0,111
10/05/2009,CHA,TN,ASO,ES,Combined TRACON& Tower with Radar,7,52,42,45,146,0,1,5,1,7,7,53,47,46,153,29,28,57,210
10/06/2009,CHA,TN,ASO,ES,Combined TRACON& Tower with Radar,2,51,48,19,120,0,0,1,0,1,2,51,49,19,121,0,14,14,135
10/07/2009,CHA,TN,ASO,ES,Combined TRACON& Tower with Radar,2,54,50,31,137,0,0,39,5,44,2,54,89,36,181,22,8,30,211
10/08/2009,CHA,TN,ASO,ES,Combined TRACON& Tower with Radar,6,52,49,17,124,0,0,27,7,34,6,52,76,24,158,0,0,0,158
10/09/2009,CHA,TN,ASO,ES,Combined TRACON& Tower with Radar,8,52,45,9,114,0,0,5,2,7,8,52,50,11,121,10,0,10,131
10/10/2009,CHA,TN,ASO,ES,Combined TRACON& Tower with Radar,3,30,20,10,63,0,0,4,0,4,3,30,24,10,67,0,0,0,67
10/11/2009,CHA,TN,ASO,ES,Combined TRACON& Tower with Radar,0,41,43,7,91,0,0,29,0,29,0,41,72,7,120,0,0,0,120
10/12/2009,CHA,TN,ASO,ES,Combined TRACON& Tower with Radar,5,45,31,0,81,0,0,0,0,0,5,45,31,0,81,24,0,24,105
10/13/2009,CHA,TN,ASO,ES,Combined TRACON& Tower with Radar,2,48,75,32,157,0,0,17,2,19,2,48,92,34,176,20,0,20,196
10/14/2009,CHA,TN,ASO,ES,Combined TRACON& Tower with Radar,2,57,49,25,133,0,0,0,0,0,2,57,49,25,133,0,0,0,133
10/15/2009,CHA,TN,ASO,ES,Combined TRACON& Tower with Radar,4,51,54,16,125,0,0,4,0,4,4,51,58,16,129,0,0,0,129
10/16/2009,CHA,TN,ASO,ES,Combined TRACON& Tower with Radar,6,54,48,22,130,0,0,3,0,3,6,54,51,22,133,0,54,54,187
10/17/2009,CHA,TN,ASO,ES,Combined TRACON& Tower with Radar,5,34,21,0,60,0,0,4,0,4,5,34,25,0,64,0,0,0,64
10/18/2009,CHA,TN,ASO,ES,Combined TRACON& Tower with Radar,0,50,29,3,82,0,0,23,0,23,0,50,52,3,105,0,0,0,105
10/19/2009,CHA,TN,ASO,ES,Combined TRACON& Tower with Radar,5,47,41,13,106,0,2,33,9,44,5,49,74,22,150,0,8,8,158
10/20/2009,CHA,TN,ASO,ES,Combined TRACON& Tower with Radar,2,49,45,23,119,0,0,34,7,41,2,49,79,30,160,20,0,20,180
10/21/2009,CHA,TN,ASO,ES,Combined TRACON& Tower with Radar,2,53,55,13,123,0,0,38,5,43,2,53,93,18,166,16,0,16,182
10/22/2009,CHA,TN,ASO,ES,Combined TRACON& Tower with Radar,2,53,62,19,136,0,0,36,8,44,2,53,98,27,180,22,2,24,204
10/23/2009,CHA,TN,ASO,ES,Combined TRACON& Tower with Radar,6,49,45,0,100,0,0,5,0,5,6,49,50,0,105,6,0,6,111
10/24/2009,CHA,TN,ASO,ES,Combined TRACON& Tower with Radar,3,27,31,2,63,0,0,11,0,11,3,27,42,2,74,50,0,50,124
10/25/2009,CHA,TN,ASO,ES,Combined TRACON& Tower with Radar,0,47,29,19,95,0,0,55,1,56,0,47,84,20,151,12,0,12,163
10/26/2009,CHA,TN,ASO,ES,Combined TRACON& Tower with Radar,5,49,34,20,108,0,0,25,2,27,5,49,59,22,135,0,0,0,135
10/27/2009,CHA,TN,ASO,ES,Combined TRACON& Tower with Radar,2,51,51,4,108,0,0,0,0,0,2,51,51,4,108,0,0,0,108
10/28/2009,CHA,TN,ASO,ES,Combined TRACON& Tower with Radar,2,59,54,18,133,0,0,24,0,24,2,59,78,18,157,12,16,28,185
10/29/2009,CHA,TN,ASO,ES,Combined TRACON& Tower with Radar,2,60,56,30,148,0,0,13,0,13,2,60,69,30,161,0,0,0,161
10/30/2009,CHA,TN,ASO,ES,Combined TRACON& Tower with Radar,6,53,32,4,95,0,0,7,0,7,6,53,39,4,102,18,0,18,120
10/31/2009,CHA,TN,ASO,ES,Combined TRACON& Tower with Radar,1,30,17,0,48,0,1,2,0,3,1,31,19,0,51,0,0,0,51
11/01/2009,CHA,TN,ASO,ES,Combined TRACON& Tower with Radar,0,42,27,2,71,0,0,31,0,31,0,42,58,2,102,0,0,0,102
11/02/2009,CHA,TN,ASO,ES,Combined TRACON& Tower with Radar,5,51,27,14,97,0,1,35,5,41,5,52,62,19,138,21,18,39,177
11/03/2009,CHA,TN,ASO,ES,Combined TRACON& Tower with Radar,2,47,51,11,111,0,0,29,3,32,2,47,80,14,143,0,10,10,153
11/04/2009,CHA,TN,ASO,ES,Combined TRACON& Tower with Radar,2,54,18,12,86,0,1,49,1,51,2,55,67,13,137,50,42,92,229
11/05/2009,CHA,TN,ASO,ES,Combined TRACON& Tower with Radar,4,52,44,17,117,0,0,17,2,19,4,52,61,19,136,26,20,46,182
11/06/2009,CHA,TN,ASO,ES,Combined TRACON& Tower with Radar,7,47,55,32,141,0,0,55,0,55,7,47,110,32,196,0,34,34,230
11/07/2009,CHA,TN,ASO,ES,Combined TRACON& Tower with Radar,4,29,43,3,79,0,1,29,4,34,4,30,72,7,113,8,0,8,121
11/08/2009,CHA,TN,ASO,ES,Combined TRACON& Tower with Radar,0,43,24,4,71,0,0,32,0,32,0,43,56,4,103,0,0,0,103
11/09/2009,CHA,TN,ASO,ES,Combined TRACON& Tower with Radar,3,47,33,24,107,0,0,30,2,32,3,47,63,26,139,0,10,10,149
11/10/2009,CHA,TN,ASO,ES,Combined TRACON& Tower with Radar,2,40,31,2,75,0,0,0,0,0,2,40,31,2,75,0,0,0,75
11/11/2009,CHA,TN,ASO,ES,Combined TRACON& Tower with Radar,4,48,47,0,99,0,0,19,0,19,4,48,66,0,118,0,0,0,118
11/12/2009,CHA,TN,ASO,ES,Combined TRACON& Tower with Radar,2,45,45,19,111,0,0,62,7,69,2,45,107,26,180,0,16,16,196
11/13/2009,CHA,TN,ASO,ES,Combined TRACON& Tower with Radar,4,51,57,3,115,0,0,38,1,39,4,51,95,4,154,12,0,12,166
11/14/2009,CHA,TN,ASO,ES,Combined TRACON& Tower with Radar,3,36,21,11,71,0,2,51,8,61,3,38,72,19,132,60,2,62,194
11/15/2009,CHA,TN,ASO,ES,Combined TRACON& Tower with Radar,0,46,32,1,79,0,3,27,1,31,0,49,59,2,110,14,0,14,124
11/16/2009,CHA,TN,ASO,ES,Combined TRACON& Tower with Radar,3,50,59,21,133,0,1,21,1,23,3,51,80,22,156,0,0,0,156
11/17/2009,CHA,TN,ASO,ES,Combined TRACON& Tower with Radar,2,44,63,0,109,0,0,3,0,3,2,44,66,0,112,0,0,0,112
11/18/2009,CHA,TN,ASO,ES,Combined TRACON& Tower with Radar,4,60,51,6,121,0,0,17,4,21,4,60,68,10,142,8,0,8,150
11/19/2009,CHA,TN,ASO,ES,Combined TRACON& Tower with Radar,2,47,59,16,124,0,0,29,5,34,2,47,88,21,158,0,40,40,198
11/20/2009,CHA,TN,ASO,ES,Combined TRACON& Tower with Radar,2,51,47,22,122,0,1,28,5,34,2,52,75,27,156,0,0,0,156
11/21/2009,CHA,TN,ASO,ES,Combined TRACON& Tower with Radar,5,28,22,6,61,0,2,32,2,36,5,30,54,8,97,0,12,12,109
11/22/2009,CHA,TN,ASO,ES,Combined TRACON& Tower with Radar,2,47,19,0,68,0,0,0,0,0,2,47,19,0,68,0,0,0,68
11/23/2009,CHA,TN,ASO,ES,Combined TRACON& Tower with Radar,3,47,53,42,145,0,1,3,0,4,3,48,56,42,149,26,0,26,175
11/24/2009,CHA,TN,ASO,ES,Combined TRACON& Tower with Radar,4,58,92,44,198,0,0,16,2,18,4,58,108,46,216,28,4,32,248
11/25/2009,CHA,TN,ASO,ES,Combined TRACON& Tower with Radar,4,49,47,6,106,0,1,35,0,36,4,50,82,6,142,20,10,30,172
11/26/2009,CHA,TN,ASO,ES,Combined TRACON& Tower with Radar,2,19,14,0,35,0,1,9,0,10,2,20,23,0,45,0,0,0,45
11/27/2009,CHA,TN,ASO,ES,Combined TRACON& Tower with Radar,4,34,22,0,60,0,1,23,0,24,4,35,45,0,84,8,0,8,92
11/28/2009,CHA,TN,ASO,ES,Combined TRACON& Tower with Radar,5,30,40,0,75,0,0,27,0,27,5,30,67,0,102,0,0,0,102
11/29/2009,CHA,TN,ASO,ES,Combined TRACON& Tower with Radar,4,51,34,0,89,0,0,21,0,21,4,51,55,0,110,4,0,4,114
11/30/2009,CHA,TN,ASO,ES,Combined TRACON& Tower with Radar,1,52,37,0,90,0,1,3,0,4,1,53,40,0,94,0,0,0,94
12/01/2009,CHA,TN,ASO,ES,Combined TRACON& Tower with Radar,2,47,48,23,120,0,2,33,13,48,2,49,81,36,168,20,28,48,216
12/02/2009,CHA,TN,ASO,ES,Combined TRACON& Tower with Radar,6,50,39,1,96,0,0,0,0,0,6,50,39,1,96,0,0,0,96
12/03/2009,CHA,TN,ASO,ES,Combined TRACON& Tower with Radar,2,58,80,12,152,0,0,5,0,5,2,58,85,12,157,0,6,6,163
12/04/2009,CHA,TN,ASO,ES,Combined TRACON& Tower with Radar,2,47,48,22,119,0,3,21,2,26,2,50,69,24,145,36,10,46,191
12/05/2009,CHA,TN,ASO,ES,Combined TRACON& Tower with Radar,5,26,19,2,52,0,0,4,0,4,5,26,23,2,56,0,0,0,56
12/06/2009,CHA,TN,ASO,ES,Combined TRACON& Tower with Radar,2,45,32,1,80,0,0,20,4,24,2,45,52,5,104,18,0,18,122
12/07/2009,CHA,TN,ASO,ES,Combined TRACON& Tower with Radar,1,52,44,40,137,0,4,11,2,17,1,56,55,42,154,0,0,0,154
12/08/2009,CHA,TN,ASO,ES,Combined TRACON& Tower with Radar,4,43,36,38,121,0,0,0,0,0,4,43,36,38,121,0,0,0,121
12/09/2009,CHA,TN,ASO,ES,Combined TRACON& Tower with Radar,6,45,49,8,108,0,1,7,11,19,6,46,56,19,127,0,0,0,127
12/10/2009,CHA,TN,ASO,ES,Combined TRACON& Tower with Radar,2,51,41,14,108,0,0,27,7,34,2,51,68,21,142,0,14,14,156
12/11/2009,CHA,TN,ASO,ES,Combined TRACON& Tower with Radar,2,47,57,22,128,0,0,37,3,40,2,47,94,25,168,0,8,8,176
12/12/2009,CHA,TN,ASO,ES,Combined TRACON& Tower with Radar,5,24,25,0,54,0,0,7,0,7,5,24,32,0,61,0,0,0,61
12/13/2009,CHA,TN,ASO,ES,Combined TRACON& Tower with Radar,0,45,44,3,92,0,0,0,0,0,0,45,44,3,92,0,0,0,92
12/14/2009,CHA,TN,ASO,ES,Combined TRACON& Tower with Radar,1,48,58,15,122,0,0,1,1,2,1,48,59,16,124,0,0,0,124
12/15/2009,CHA,TN,ASO,ES,Combined TRACON& Tower with Radar,6,51,64,23,144,0,0,10,1,11,6,51,74,24,155,10,60,70,225
12/16/2009,CHA,TN,ASO,ES,Combined TRACON& Tower with Radar,8,54,57,40,159,0,3,30,6,39,8,57,87,46,198,8,70,78,276
12/17/2009,CHA,TN,ASO,ES,Combined TRACON& Tower with Radar,8,55,78,12,153,0,0,32,10,42,8,55,110,22,195,0,38,38,233
12/18/2009,CHA,TN,ASO,ES,Combined TRACON& Tower with Radar,2,50,42,1,95,0,0,0,0,0,2,50,42,1,95,0,0,0,95
12/19/2009,CHA,TN,ASO,ES,Combined TRACON& Tower with Radar,14,31,23,0,68,0,1,5,0,6,14,32,28,0,74,16,0,16,90
12/20/2009,CHA,TN,ASO,ES,Combined TRACON& Tower with Radar,2,39,28,0,69,0,0,8,0,8,2,39,36,0,77,0,0,0,77
12/21/2009,CHA,TN,ASO,ES,Combined TRACON& Tower with Radar,5,42,45,7,99,0,2,34,1,37,5,44,79,8,136,0,0,0,136
12/22/2009,CHA,TN,ASO,ES,Combined TRACON& Tower with Radar,2,46,68,10,126,0,0,35,0,35,2,46,103,10,161,0,0,0,161
12/23/2009,CHA,TN,ASO,ES,Combined TRACON& Tower with Radar,6,47,28,0,81,0,2,19,0,21,6,49,47,0,102,0,0,0,102
12/24/2009,CHA,TN,ASO,ES,Combined TRACON& Tower with Radar,6,37,11,0,54,0,0,2,0,2,6,37,13,0,56,0,0,0,56
12/25/2009,CHA,TN,ASO,ES,Combined TRACON& Tower with Radar,0,23,4,0,27,0,0,0,0,0,0,23,4,0,27,0,0,0,27
12/26/2009,CHA,TN,ASO,ES,Combined TRACON& Tower with Radar,4,32,47,0,83,0,1,22,0,23,4,33,69,0,106,8,0,8,114
12/27/2009,CHA,TN,ASO,ES,Combined TRACON& Tower with Radar,2,37,12,0,51,0,0,18,1,19,2,37,30,1,70,0,0,0,70
12/28/2009,CHA,TN,ASO,ES,Combined TRACON& Tower with Radar,3,49,33,16,101,0,3,24,1,28,3,52,57,17,129,10,20,30,159
12/29/2009,CHA,TN,ASO,ES,Combined TRACON& Tower with Radar,2,47,43,2,94,0,0,33,0,33,2,47,76,2,127,31,0,31,158
12/30/2009,CHA,TN,ASO,ES,Combined TRACON& Tower with Radar,6,54,28,8,96,0,0,13,0,13,6,54,41,8,109,0,0,0,109
12/31/2009,CHA,TN,ASO,ES,Combined TRACON& Tower with Radar,6,32,17,0,55,0,0,0,0,0,6,32,17,0,55,0,0,0,55
01/01/2010,CHA,TN,ASO,ES,Combined TRACON& Tower with Radar,0,25,9,0,34,0,1,6,0,7,0,26,15,0,41,0,0,0,41
01/02/2010,CHA,TN,ASO,ES,Combined TRACON& Tower with Radar,4,30,34,0,68,0,1,16,0,17,4,31,50,0,85,0,0,0,85
01/03/2010,CHA,TN,ASO,ES,Combined TRACON& Tower with Radar,2,47,38,0,87,0,0,9,0,9,2,47,47,0,96,0,0,0,96
01/04/2010,CHA,TN,ASO,ES,Combined TRACON& Tower with Radar,5,55,46,13,119,0,0,15,3,18,5,55,61,16,137,24,91,115,252
01/05/2010,CHA,TN,ASO,ES,Combined TRACON& Tower with Radar,2,49,32,9,92,0,0,20,3,23,2,49,52,12,115,10,8,18,133
01/06/2010,CHA,TN,ASO,ES,Combined TRACON& Tower with Radar,6,47,40,19,112,0,0,27,5,32,6,47,67,24,144,8,24,32,176
01/07/2010,CHA,TN,ASO,ES,Combined TRACON& Tower with Radar,2,49,31,6,88,0,1,1,0,2,2,50,32,6,90,0,22,22,112
01/08/2010,CHA,TN,ASO,ES,Combined TRACON& Tower with Radar,1,51,25,4,81,0,0,3,0,3,1,51,28,4,84,0,0,0,84
01/09/2010,CHA,TN,ASO,ES,Combined TRACON& Tower with Radar,5,28,33,0,66,0,0,14,0,14,5,28,47,0,80,0,0,0,80
01/10/2010,CHA,TN,ASO,ES,Combined TRACON& Tower with Radar,2,41,31,0,74,0,1,19,0,20,2,42,50,0,94,44,0,44,138
01/11/2010,CHA,TN,ASO,ES,Combined TRACON& Tower with Radar,1,50,40,8,99,0,2,25,0,27,1,52,65,8,126,0,35,35,161
01/12/2010,CHA,TN,ASO,ES,Combined TRACON& Tower with Radar,4,45,52,9,110,0,0,20,0,20,4,45,72,9,130,8,0,8,138
01/13/2010,CHA,TN,ASO,ES,Combined TRACON& Tower with Radar,6,50,32,15,103,0,2,26,1,29,6,52,58,16,132,15,10,25,157
01/14/2010,CHA,TN,ASO,ES,Combined TRACON& Tower with Radar,2,48,50,18,118,0,1,27,4,32,2,49,77,22,150,0,20,20,170
01/15/2010,CHA,TN,ASO,ES,Combined TRACON& Tower with Radar,2,57,54,71,184,0,3,36,14,53,2,60,90,85,237,20,60,80,317
01/16/2010,CHA,TN,ASO,ES,Combined TRACON& Tower with Radar,5,28,14,43,90,0,0,8,2,10,5,28,22,45,100,0,0,0,100
01/17/2010,CHA,TN,ASO,ES,Combined TRACON& Tower with Radar,0,36,27,0,63,0,0,0,0,0,0,36,27,0,63,0,0,0,63
01/18/2010,CHA,TN,ASO,ES,Combined TRACON& Tower with Radar,1,59,38,12,110,0,1,35,0,36,1,60,73,12,146,36,0,36,182
01/19/2010,CHA,TN,ASO,ES,Combined TRACON& Tower with Radar,2,50,49,31,132,0,2,30,7,39,2,52,79,38,171,38,13,51,222
01/20/2010,CHA,TN,ASO,ES,Combined TRACON& Tower with Radar,6,47,46,10,109,0,1,6,0,7,6,48,52,10,116,0,0,0,116
01/21/2010,CHA,TN,ASO,ES,Combined TRACON& Tower with Radar,4,49,62,0,115,0,1,6,0,7,4,50,68,0,122,0,0,0,122
01/22/2010,CHA,TN,ASO,ES,Combined TRACON& Tower with Radar,2,50,57,11,120,0,0,8,0,8,2,50,65,11,128,0,0,0,128
01/23/2010,CHA,TN,ASO,ES,Combined TRACON& Tower with Radar,7,26,27,1,61,0,0,4,0,4,7,26,31,1,65,22,0,22,87
01/24/2010,CHA,TN,ASO,ES,Combined TRACON& Tower with Radar,9,45,16,0,70,0,0,0,0,0,9,45,16,0,70,0,0,0,70
01/25/2010,CHA,TN,ASO,ES,Combined TRACON& Tower with Radar,1,54,38,20,113,0,0,13,6,19,1,54,51,26,132,10,30,40,172
01/26/2010,CHA,TN,ASO,ES,Combined TRACON& Tower with Radar,2,50,54,4,110,0,0,26,5,31,2,50,80,9,141,10,0,10,151
01/27/2010,CHA,TN,ASO,ES,Combined TRACON& Tower with Radar,8,55,58,27,148,0,0,50,5,55,8,55,108,32,203,26,18,44,247
01/28/2010,CHA,TN,ASO,ES,Combined TRACON& Tower with Radar,2,64,61,19,146,0,2,28,4,34,2,66,89,23,180,22,64,86,266
01/29/2010,CHA,TN,ASO,ES,Combined TRACON& Tower with Radar,1,22,20,0,43,0,1,0,0,1,1,23,20,0,44,0,0,0,44
01/30/2010,CHA,TN,ASO,ES,Combined TRACON& Tower with Radar,6,19,2,0,27,0,0,0,0,0,6,19,2,0,27,0,0,0,27
01/31/2010,CHA,TN,ASO,ES,Combined TRACON& Tower with Radar,0,46,36,6,88,0,0,24,0,24,0,46,60,6,112,0,0,0,112
02/01/2010,CHA,TN,ASO,ES,Combined TRACON& Tower with Radar,1,52,34,39,126,0,2,25,3,30,1,54,59,42,156,8,34,42,198
02/02/2010,CHA,TN,ASO,ES,Combined TRACON& Tower with Radar,2,48,41,18,109,0,0,2,0,2,2,48,43,18,111,0,24,24,135
02/03/2010,CHA,TN,ASO,ES,Combined TRACON& Tower with Radar,8,60,52,50,170,0,0,35,7,42,8,60,87,57,212,44,52,96,308
02/04/2010,CHA,TN,ASO,ES,Combined TRACON& Tower with Radar,2,50,65,49,166,0,1,10,1,12,2,51,75,50,178,18,34,52,230
02/05/2010,CHA,TN,ASO,ES,Combined TRACON& Tower with Radar,2,45,25,0,72,0,0,0,0,0,2,45,25,0,72,0,0,0,72
02/06/2010,CHA,TN,ASO,ES,Combined TRACON& Tower with Radar,5,28,9,0,42,0,0,6,0,6,5,28,15,0,48,0,0,0,48
02/07/2010,CHA,TN,ASO,ES,Combined TRACON& Tower with Radar,0,44,40,0,84,0,0,12,0,12,0,44,52,0,96,12,0,12,108
02/08/2010,CHA,TN,ASO,ES,Combined TRACON& Tower with Radar,1,47,40,0,88,0,1,22,0,23,1,48,62,0,111,0,0,0,111
02/09/2010,CHA,TN,ASO,ES,Combined TRACON& Tower with Radar,1,44,32,1,78,0,0,0,0,0,1,44,32,1,78,0,0,0,78
02/10/2010,CHA,TN,ASO,ES,Combined TRACON& Tower with Radar,8,55,35,0,98,0,1,6,0,7,8,56,41,0,105,0,0,0,105
02/11/2010,CHA,TN,ASO,ES,Combined TRACON& Tower with Radar,2,51,54,25,132,0,1,40,3,44,2,52,94,28,176,16,0,16,192
02/12/2010,CHA,TN,ASO,ES,Combined TRACON& Tower with Radar,2,34,37,5,78,0,1,5,1,7,2,35,42,6,85,8,0,8,93
02/13/2010,CHA,TN,ASO,ES,Combined TRACON& Tower with Radar,5,22,46,1,74,0,0,19,3,22,5,22,65,4,96,0,0,0,96
02/14/2010,CHA,TN,ASO,ES,Combined TRACON& Tower with Radar,2,35,20,0,57,0,0,0,0,0,2,35,20,0,57,0,0,0,57
02/15/2010,CHA,TN,ASO,ES,Combined TRACON& Tower with Radar,1,43,38,0,82,0,0,7,0,7,1,43,45,0,89,0,0,0,89
02/16/2010,CHA,TN,ASO,ES,Combined TRACON& Tower with Radar,2,47,46,1,96,0,2,17,1,20,2,49,63,2,116,32,0,32,148
02/17/2010,CHA,TN,ASO,ES,Combined TRACON& Tower with Radar,6,52,49,2,109,0,1,35,0,36,6,53,84,2,145,18,0,18,163
02/18/2010,CHA,TN,ASO,ES,Combined TRACON& Tower with Radar,4,55,66,28,153,0,2,40,8,50,4,57,106,36,203,38,0,38,241
02/19/2010,CHA,TN,ASO,ES,Combined TRACON& Tower with Radar,2,54,58,2,116,0,1,48,0,49,2,55,106,2,165,12,0,12,177
02/20/2010,CHA,TN,ASO,ES,Combined TRACON& Tower with Radar,5,31,29,8,73,0,0,47,0,47,5,31,76,8,120,0,0,0,120
02/21/2010,CHA,TN,ASO,ES,Combined TRACON& Tower with Radar,0,45,39,6,90,0,0,32,0,32,0,45,71,6,122,8,0,8,130
02/22/2010,CHA,TN,ASO,ES,Combined TRACON& Tower with Radar,1,54,45,20,120,0,2,4,0,6,1,56,49,20,126,0,30,30,156
02/23/2010,CHA,TN,ASO,ES,Combined TRACON& Tower with Radar,2,52,53,7,114,0,0,6,0,6,2,52,59,7,120,12,0,12,132
02/24/2010,CHA,TN,ASO,ES,Combined TRACON& Tower with Radar,6,51,49,8,114,0,0,23,0,23,6,51,72,8,137,0,0,0,137
02/25/2010,CHA,TN,ASO,ES,Combined TRACON& Tower with Radar,2,57,66,14,139,0,2,20,1,23,2,59,86,15,162,0,0,0,162
02/26/2010,CHA,TN,ASO,ES,Combined TRACON& Tower with Radar,2,49,64,59,174,0,2,32,13,47,2,51,96,72,221,10,30,40,261
02/27/2010,CHA,TN,ASO,ES,Combined TRACON& Tower with Radar,5,36,26,2,69,0,0,32,0,32,5,36,58,2,101,0,0,0,101
02/28/2010,CHA,TN,ASO,ES,Combined TRACON& Tower with Radar,0,44,37,4,85,0,0,16,3,19,0,44,53,7,104,0,0,0,104
03/01/2010,CHA,TN,ASO,ES,Combined TRACON& Tower with Radar,1,52,42,17,112,0,0,26,5,31,1,52,68,22,143,10,30,40,183
03/02/2010,CHA,TN,ASO,ES,Combined TRACON& Tower with Radar,2,42,29,0,73,0,0,0,0,0,2,42,29,0,73,0,0,0,73
03/03/2010,CHA,TN,ASO,ES,Combined TRACON& Tower with Radar,6,64,50,5,125,0,0,20,0,20,6,64,70,5,145,0,0,0,145
03/04/2010,CHA,TN,ASO,ES,Combined TRACON& Tower with Radar,4,51,57,8,120,0,0,42,4,46,4,51,99,12,166,0,0,0,166
03/05/2010,CHA,TN,ASO,ES,Combined TRACON& Tower with Radar,2,54,53,16,125,0,0,35,1,36,2,54,88,17,161,10,26,36,197
03/06/2010,CHA,TN,ASO,ES,Combined TRACON& Tower with Radar,5,32,50,14,101,0,0,42,4,46,5,32,92,18,147,0,0,0,147
03/07/2010,CHA,TN,ASO,ES,Combined TRACON& Tower with Radar,2,43,39,2,86,0,0,42,0,42,2,43,81,2,128,38,0,38,166
03/08/2010,CHA,TN,ASO,ES,Combined TRACON& Tower with Radar,1,52,49,12,114,0,4,27,4,35,1,56,76,16,149,0,0,0,149
03/09/2010,CHA,TN,ASO,ES,Combined TRACON& Tower with Radar,3,46,53,37,139,0,1,20,5,26,3,47,73,42,165,12,26,38,203
03/10/2010,CHA,TN,ASO,ES,Combined TRACON& Tower with Radar,8,56,52,0,116,0,0,1,0,1,8,56,53,0,117,0,0,0,117
03/11/2010,CHA,TN,ASO,ES,Combined TRACON& Tower with Radar,4,54,43,6,107,0,0,1,0,1,4,54,44,6,108,0,0,0,108
03/12/2010,CHA,TN,ASO,ES,Combined TRACON& Tower with Radar,11,46,53,0,110,0,0,0,0,0,11,46,53,0,110,0,0,0,110
03/13/2010,CHA,TN,ASO,ES,Combined TRACON& Tower with Radar,6,30,16,0,52,0,0,0,0,0,6,30,16,0,52,0,0,0,52
03/14/2010,CHA,TN,ASO,ES,Combined TRACON& Tower with Radar,0,45,32,0,77,0,0,3,0,3,0,45,35,0,80,0,0,0,80
03/15/2010,CHA,TN,ASO,ES,Combined TRACON& Tower with Radar,5,51,54,7,117,0,0,8,1,9,5,51,62,8,126,0,0,0,126
03/16/2010,CHA,TN,ASO,ES,Combined TRACON& Tower with Radar,4,52,60,27,143,0,2,27,2,31,4,54,87,29,174,12,16,28,202
03/17/2010,CHA,TN,ASO,ES,Combined TRACON& Tower with Radar,7,53,61,58,179,0,0,17,0,17,7,53,78,58,196,2,12,14,210
03/18/2010,CHA,TN,ASO,ES,Combined TRACON& Tower with Radar,7,52,55,12,126,0,0,25,0,25,7,52,80,12,151,6,0,6,157
03/19/2010,CHA,TN,ASO,ES,Combined TRACON& Tower with Radar,2,55,64,12,133,0,0,67,4,71,2,55,131,16,204,96,36,132,336
03/20/2010,CHA,TN,ASO,ES,Combined TRACON& Tower with Radar,7,38,44,2,91,0,0,55,3,58,7,38,99,5,149,10,0,10,159
03/21/2010,CHA,TN,ASO,ES,Combined TRACON& Tower with Radar,6,43,36,21,106,0,0,8,0,8,6,43,44,21,114,12,0,12,126
03/22/2010,CHA,TN,ASO,ES,Combined TRACON& Tower with Radar,5,53,45,0,103,0,2,5,0,7,5,55,50,0,110,0,0,0,110
03/23/2010,CHA,TN,ASO,ES,Combined TRACON& Tower with Radar,4,52,65,5,126,0,0,28,4,32,4,52,93,9,158,19,0,19,177
03/24/2010,CHA,TN,ASO,ES,Combined TRACON& Tower with Radar,6,50,57,25,138,0,0,55,10,65,6,50,112,35,203,0,0,0,203
03/25/2010,CHA,TN,ASO,ES,Combined TRACON& Tower with Radar,2,58,61,2,123,0,0,2,1,3,2,58,63,3,126,33,0,33,159
03/26/2010,CHA,TN,ASO,ES,Combined TRACON& Tower with Radar,2,57,52,8,119,0,0,16,7,23,2,57,68,15,142,0,0,0,142
03/27/2010,CHA,TN,ASO,ES,Combined TRACON& Tower with Radar,5,30,48,0,83,0,0,42,0,42,5,30,90,0,125,0,0,0,125
03/28/2010,CHA,TN,ASO,ES,Combined TRACON& Tower with Radar,0,44,30,3,77,0,0,1,0,1,0,44,31,3,78,0,0,0,78
03/29/2010,CHA,TN,ASO,ES,Combined TRACON& Tower with Radar,3,50,48,9,110,0,0,15,2,17,3,50,63,11,127,0,0,0,127
03/30/2010,CHA,TN,ASO,ES,Combined TRACON& Tower with Radar,2,52,55,33,142,0,2,52,7,61,2,54,107,40,203,0,4,4,207
03/31/2010,CHA,TN,ASO,ES,Combined TRACON& Tower with Radar,5,54,75,9,143,0,6,50,3,59,5,60,125,12,202,0,0,0,202
04/01/2010,CHA,TN,ASO,ES,Combined TRACON& Tower with Radar,2,60,38,28,128,0,9,42,2,53,2,69,80,30,181,0,0,0,181
04/02/2010,CHA,TN,ASO,ES,Combined TRACON& Tower with Radar,2,52,48,30,132,0,9,55,2,66,2,61,103,32,198,0,0,0,198
04/03/2010,CHA,TN,ASO,ES,Combined TRACON& Tower with Radar,5,37,21,0,63,0,6,17,0,23,5,43,38,0,86,0,0,0,86
04/04/2010,CHA,TN,ASO,ES,Combined TRACON& Tower with Radar,0,51,19,0,70,0,5,17,0,22,0,56,36,0,92,0,0,0,92
04/05/2010,CHA,TN,ASO,ES,Combined TRACON& Tower with Radar,3,46,75,7,131,0,9,39,1,49,3,55,114,8,180,20,36,56,236
04/06/2010,CHA,TN,ASO,ES,Combined TRACON& Tower with Radar,2,50,57,17,126,0,6,32,9,47,2,56,89,26,173,0,0,0,173
04/07/2010,CHA,TN,ASO,ES,Combined TRACON& Tower with Radar,6,51,60,40,157,0,9,31,3,43,6,60,91,43,200,32,22,54,254
04/08/2010,CHA,TN,ASO,ES,Combined TRACON& Tower with Radar,14,55,59,9,137,0,5,6,0,11,14,60,65,9,148,0,0,0,148
04/09/2010,CHA,TN,ASO,ES,Combined TRACON& Tower with Radar,2,58,55,30,145,0,6,41,9,56,2,64,96,39,201,0,12,12,213
04/10/2010,CHA,TN,ASO,ES,Combined TRACON& Tower with Radar,5,36,28,7,76,0,5,34,1,40,5,41,62,8,116,0,24,24,140
04/11/2010,CHA,TN,ASO,ES,Combined TRACON& Tower with Radar,0,47,49,4,100,0,7,43,0,50,0,54,92,4,150,32,0,32,182
04/12/2010,CHA,TN,ASO,ES,Combined TRACON& Tower with Radar,3,55,49,25,132,0,5,35,4,44,3,60,84,29,176,22,0,22,198
04/13/2010,CHA,TN,ASO,ES,Combined TRACON& Tower with Radar,2,49,63,23,137,0,11,41,5,57,2,60,104,28,194,22,28,50,244
04/14/2010,CHA,TN,ASO,ES,Combined TRACON& Tower with Radar,6,50,60,25,141,0,4,42,3,49,6,54,102,28,190,38,24,62,252
04/15/2010,CHA,TN,ASO,ES,Combined TRACON& Tower with Radar,2,51,70,10,133,0,14,56,0,70,2,65,126,10,203,26,0,26,229
04/16/2010,CHA,TN,ASO,ES,Combined TRACON& Tower with Radar,2,52,68,20,142,0,16,26,8,50,2,68,94,28,192,0,10,10,202
04/17/2010,CHA,TN,ASO,ES,Combined TRACON& Tower with Radar,5,33,27,0,65,0,6,27,3,36,5,39,54,3,101,0,0,0,101
04/18/2010,CHA,TN,ASO,ES,Combined TRACON& Tower with Radar,0,45,26,11,82,0,5,38,1,44,0,50,64,12,126,0,0,0,126
04/19/2010,CHA,TN,ASO,ES,Combined TRACON& Tower with Radar,1,52,54,26,133,0,6,29,3,38,1,58,83,29,171,18,0,18,189
04/20/2010,CHA,TN,ASO,ES,Combined TRACON& Tower with Radar,2,53,52,0,107,0,8,14,0,22,2,61,66,0,129,32,0,32,161
04/21/2010,CHA,TN,ASO,ES,Combined TRACON& Tower with Radar,6,52,57,9,124,0,13,21,2,36,6,65,78,11,160,0,0,0,160
04/22/2010,CHA,TN,ASO,ES,Combined TRACON& Tower with Radar,3,62,68,14,147,0,5,56,5,66,3,67,124,19,213,0,0,0,213
04/23/2010,CHA,TN,ASO,ES,Combined TRACON& Tower with Radar,2,53,53,26,134,0,4,33,0,37,2,57,86,26,171,30,0,30,201
04/24/2010,CHA,TN,ASO,ES,Combined TRACON& Tower with Radar,8,27,8,0,43,0,0,0,0,0,8,27,8,0,43,0,0,0,43
04/25/2010,CHA,TN,ASO,ES,Combined TRACON& Tower with Radar,2,47,34,3,86,0,6,25,1,32,2,53,59,4,118,0,0,0,118
04/26/2010,CHA,TN,ASO,ES,Combined TRACON& Tower with Radar,2,52,39,3,96,0,5,10,4,19,2,57,49,7,115,0,0,0,115
04/27/2010,CHA,TN,ASO,ES,Combined TRACON& Tower with Radar,2,53,70,1,126,0,2,7,0,9,2,55,77,1,135,20,0,20,155
04/28/2010,CHA,TN,ASO,ES,Combined TRACON& Tower with Radar,6,53,75,16,150,0,7,40,2,49,6,60,115,18,199,0,0,0,199
04/29/2010,CHA,TN,ASO,ES,Combined TRACON& Tower with Radar,2,49,81,31,163,0,11,40,2,53,2,60,121,33,216,18,22,40,256
04/30/2010,CHA,TN,ASO,ES,Combined TRACON& Tower with Radar,2,52,67,44,165,0,0,35,1,36,2,52,102,45,201,40,12,52,253
05/01/2010,CHA,TN,ASO,ES,Combined TRACON& Tower with Radar,5,36,12,1,54,0,0,4,0,4,5,36,16,1,58,24,0,24,82
05/02/2010,CHA,TN,ASO,ES,Combined TRACON& Tower with Radar,0,46,32,1,79,0,0,2,1,3,0,46,34,2,82,0,0,0,82
05/03/2010,CHA,TN,ASO,ES,Combined TRACON& Tower with Radar,1,50,51,16,118,0,1,13,1,15,1,51,64,17,133,26,14,40,173
05/04/2010,CHA,TN,ASO,ES,Combined TRACON& Tower with Radar,2,53,53,42,150,0,0,21,4,25,2,53,74,46,175,0,8,8,183
05/05/2010,CHA,TN,ASO,ES,Combined TRACON& Tower with Radar,6,47,43,23,119,0,1,47,0,48,6,48,90,23,167,80,20,100,267
05/06/2010,CHA,TN,ASO,ES,Combined TRACON& Tower with Radar,2,50,65,6,123,0,0,39,5,44,2,50,104,11,167,30,10,40,207
05/07/2010,CHA,TN,ASO,ES,Combined TRACON& Tower with Radar,2,51,32,24,109,0,0,65,1,66,2,51,97,25,175,32,26,58,233
05/08/2010,CHA,TN,ASO,ES,Combined TRACON& Tower with Radar,5,30,18,0,53,0,0,14,0,14,5,30,32,0,67,10,0,10,77
05/09/2010,CHA,TN,ASO,ES,Combined TRACON& Tower with Radar,2,48,38,0,88,0,0,22,0,22,2,48,60,0,110,0,0,0,110
05/10/2010,CHA,TN,ASO,ES,Combined TRACON& Tower with Radar,1,54,34,6,95,0,0,14,2,16,1,54,48,8,111,14,0,14,125
05/11/2010,CHA,TN,ASO,ES,Combined TRACON& Tower with Radar,4,52,39,20,115,0,0,11,0,11,4,52,50,20,126,0,12,12,138
05/12/2010,CHA,TN,ASO,ES,Combined TRACON& Tower with Radar,6,55,60,7,128,0,0,31,4,35,6,55,91,11,163,12,32,44,207
05/13/2010,CHA,TN,ASO,ES,Combined TRACON& Tower with Radar,3,51,67,14,135,0,0,19,7,26,3,51,86,21,161,30,32,62,223
05/14/2010,CHA,TN,ASO,ES,Combined TRACON& Tower with Radar,2,51,70,7,130,0,0,20,1,21,2,51,90,8,151,20,20,40,191
05/15/2010,CHA,TN,ASO,ES,Combined TRACON& Tower with Radar,5,38,41,0,84,0,0,16,0,16,5,38,57,0,100,0,0,0,100
05/16/2010,CHA,TN,ASO,ES,Combined TRACON& Tower with Radar,0,47,33,0,80,0,0,4,0,4,0,47,37,0,84,0,0,0,84
05/17/2010,CHA,TN,ASO,ES,Combined TRACON& Tower with Radar,1,56,46,8,111,0,2,12,2,16,1,58,58,10,127,18,8,26,153
05/18/2010,CHA,TN,ASO,ES,Combined TRACON& Tower with Radar,3,57,66,19,145,0,2,36,3,41,3,59,102,22,186,46,20,66,252
05/19/2010,CHA,TN,ASO,ES,Combined TRACON& Tower with Radar,6,58,87,21,172,0,1,26,3,30,6,59,113,24,202,0,0,0,202
05/20/2010,CHA,TN,ASO,ES,Combined TRACON& Tower with Radar,3,56,103,40,202,0,0,44,3,47,3,56,147,43,249,18,68,86,335
05/21/2010,CHA,TN,ASO,ES,Combined TRACON& Tower with Radar,6,52,67,0,125,0,0,15,0,15,6,52,82,0,140,0,0,0,140
05/22/2010,CHA,TN,ASO,ES,Combined TRACON& Tower with Radar,5,29,126,5,165,0,0,47,5,52,5,29,173,10,217,104,12,116,333
05/23/2010,CHA,TN,ASO,ES,Combined TRACON& Tower with Radar,0,49,48,12,109,0,0,39,1,40,0,49,87,13,149,0,0,0,149
05/24/2010,CHA,TN,ASO,ES,Combined TRACON& Tower with Radar,1,54,39,8,102,0,1,17,2,20,1,55,56,10,122,0,0,0,122
05/25/2010,CHA,TN,ASO,ES,Combined TRACON& Tower with Radar,2,45,63,22,132,0,2,20,8,30,2,47,83,30,162,0,0,0,162
05/26/2010,CHA,TN,ASO,ES,Combined TRACON& Tower with Radar,6,54,65,3,128,0,0,32,3,35,6,54,97,6,163,19,0,19,182
05/27/2010,CHA,TN,ASO,ES,Combined TRACON& Tower with Radar,4,53,64,20,141,0,0,41,3,44,4,53,105,23,185,0,0,0,185
05/28/2010,CHA,TN,ASO,ES,Combined TRACON& Tower with Radar,4,50,44,19,117,0,0,17,0,17,4,50,61,19,134,0,0,0,134
05/29/2010,CHA,TN,ASO,ES,Combined TRACON& Tower with Radar,7,37,14,0,58,0,0,6,0,6,7,37,20,0,64,0,0,0,64
05/30/2010,CHA,TN,ASO,ES,Combined TRACON& Tower with Radar,2,42,25,2,71,0,0,2,0,2,2,42,27,2,73,0,0,0,73
05/31/2010,CHA,TN,ASO,ES,Combined TRACON& Tower with Radar,0,48,48,0,96,0,1,6,0,7,0,49,54,0,103,0,0,0,103
06/01/2010,CHA,TN,ASO,ES,Combined TRACON& Tower with Radar,3,52,50,15,120,0,0,8,0,8,3,52,58,15,128,5,0,5,133
06/02/2010,CHA,TN,ASO,ES,Combined TRACON& Tower with Radar,6,47,57,49,159,0,0,15,0,15,6,47,72,49,174,9,10,19,193
06/03/2010,CHA,TN,ASO,ES,Combined TRACON& Tower with Radar,2,50,72,29,153,0,2,25,1,28,2,52,97,30,181,32,64,96,277
06/04/2010,CHA,TN,ASO,ES,Combined TRACON& Tower with Radar,4,54,56,12,126,0,1,12,2,15,4,55,68,14,141,50,0,50,191
06/05/2010,CHA,TN,ASO,ES,Combined TRACON& Tower with Radar,5,34,56,6,101,0,0,13,0,13,5,34,69,6,114,0,0,0,114
06/06/2010,CHA,TN,ASO,ES,Combined TRACON& Tower with Radar,2,47,29,11,89,0,0,11,2,13,2,47,40,13,102,16,0,16,118
06/07/2010,CHA,TN,ASO,ES,Combined TRACON& Tower with Radar,1,55,42,8,106,0,0,53,0,53,1,55,95,8,159,0,0,0,159
06/08/2010,CHA,TN,ASO,ES,Combined TRACON& Tower with Radar,6,58,51,20,135,0,0,35,0,35,6,58,86,20,170,4,22,26,196
06/09/2010,CHA,TN,ASO,ES,Combined TRACON& Tower with Radar,6,47,55,0,108,0,1,7,0,8,6,48,62,0,116,8,0,8,124
06/10/2010,CHA,TN,ASO,ES,Combined TRACON& Tower with Radar,2,61,78,13,154,0,0,12,2,14,2,61,90,15,168,0,0,0,168
06/11/2010,CHA,TN,ASO,ES,Combined TRACON& Tower with Radar,4,53,52,15,124,0,1,14,7,22,4,54,66,22,146,12,0,12,158
06/12/2010,CHA,TN,ASO,ES,Combined TRACON& Tower with Radar,5,32,33,0,70,0,0,22,2,24,5,32,55,2,94,0,0,0,94
06/13/2010,CHA,TN,ASO,ES,Combined TRACON& Tower with Radar,0,53,48,6,107,0,0,20,2,22,0,53,68,8,129,0,0,0,129
06/14/2010,CHA,TN,ASO,ES,Combined TRACON& Tower with Radar,5,55,52,0,112,0,0,21,0,21,5,55,73,0,133,0,0,0,133
06/15/2010,CHA,TN,ASO,ES,Combined TRACON& Tower with Radar,6,51,67,8,132,0,0,21,6,27,6,51,88,14,159,16,0,16,175
06/16/2010,CHA,TN,ASO,ES,Combined TRACON& Tower with Radar,6,53,62,9,130,0,0,22,2,24,6,53,84,11,154,40,0,40,194
06/17/2010,CHA,TN,ASO,ES,Combined TRACON& Tower with Radar,7,55,70,12,144,0,0,23,0,23,7,55,93,12,167,0,0,0,167
06/18/2010,CHA,TN,ASO,ES,Combined TRACON& Tower with Radar,2,50,41,5,98,0,0,30,1,31,2,50,71,6,129,10,0,10,139
06/19/2010,CHA,TN,ASO,ES,Combined TRACON& Tower with Radar,7,36,43,0,86,0,0,27,0,27,7,36,70,0,113,0,0,0,113
06/20/2010,CHA,TN,ASO,ES,Combined TRACON& Tower with Radar,0,46,36,10,92,0,1,42,3,46,0,47,78,13,138,58,0,58,196
06/21/2010,CHA,TN,ASO,ES,Combined TRACON& Tower with Radar,5,53,69,14,141,0,0,26,2,28,5,53,95,16,169,0,0,0,169
06/22/2010,CHA,TN,ASO,ES,Combined TRACON& Tower with Radar,6,51,85,31,173,0,0,30,4,34,6,51,115,35,207,0,18,18,225
06/23/2010,CHA,TN,ASO,ES,Combined TRACON& Tower with Radar,6,50,64,27,147,0,1,25,5,31,6,51,89,32,178,0,0,0,178
06/24/2010,CHA,TN,ASO,ES,Combined TRACON& Tower with Radar,6,59,98,63,226,0,2,29,1,32,6,61,127,64,258,28,12,40,298
06/25/2010,CHA,TN,ASO,ES,Combined TRACON& Tower with Radar,2,43,58,19,122,0,0,13,10,23,2,43,71,29,145,0,18,18,163
06/26/2010,CHA,TN,ASO,ES,Combined TRACON& Tower with Radar,7,34,29,0,70,0,0,24,3,27,7,34,53,3,97,0,0,0,97
06/27/2010,CHA,TN,ASO,ES,Combined TRACON& Tower with Radar,1,41,30,13,85,0,0,17,1,18,1,41,47,14,103,0,0,0,103
06/28/2010,CHA,TN,ASO,ES,Combined TRACON& Tower with Radar,5,53,34,27,119,0,0,23,2,25,5,53,57,29,144,0,12,12,156
06/29/2010,CHA,TN,ASO,ES,Combined TRACON& Tower with Radar,11,50,60,29,150,0,0,17,3,20,11,50,77,32,170,0,0,0,170
06/30/2010,CHA,TN,ASO,ES,Combined TRACON& Tower with Radar,7,54,85,26,172,0,1,33,1,35,7,55,118,27,207,16,14,30,237
07/01/2010,CHA,TN,ASO,ES,Combined TRACON& Tower with Radar,6,53,60,49,168,0,0,11,5,16,6,53,71,54,184,22,32,54,238
07/02/2010,CHA,TN,ASO,ES,Combined TRACON& Tower with Radar,2,51,74,0,127,0,1,39,4,44,2,52,113,4,171,20,0,20,191
07/03/2010,CHA,TN,ASO,ES,Combined TRACON& Tower with Radar,5,37,31,5,78,0,0,23,0,23,5,37,54,5,101,20,21,41,142
07/04/2010,CHA,TN,ASO,ES,Combined TRACON& Tower with Radar,0,36,16,1,53,0,0,18,0,18,0,36,34,1,71,0,0,0,71
07/05/2010,CHA,TN,ASO,ES,Combined TRACON& Tower with Radar,4,49,31,0,84,0,0,16,0,16,4,49,47,0,100,10,0,10,110
07/06/2010,CHA,TN,ASO,ES,Combined TRACON& Tower with Radar,3,53,39,40,135,0,1,19,6,26,3,54,58,46,161,30,10,40,201
07/07/2010,CHA,TN,ASO,ES,Combined TRACON& Tower with Radar,6,52,38,53,149,0,1,29,1,31,6,53,67,54,180,64,0,64,244
07/08/2010,CHA,TN,ASO,ES,Combined TRACON& Tower with Radar,6,52,41,17,116,0,2,28,9,39,6,54,69,26,155,16,14,30,185
07/09/2010,CHA,TN,ASO,ES,Combined TRACON& Tower with Radar,6,53,39,20,118,0,1,17,4,22,6,54,56,24,140,18,25,43,183
07/10/2010,CHA,TN,ASO,ES,Combined TRACON& Tower with Radar,5,34,20,2,61,0,0,21,4,25,5,34,41,6,86,0,50,50,136
07/11/2010,CHA,TN,ASO,ES,Combined TRACON& Tower with Radar,0,47,30,35,112,0,0,16,9,25,0,47,46,44,137,0,8,8,145
07/12/2010,CHA,TN,ASO,ES,Combined TRACON& Tower with Radar,16,55,28,4,103,0,0,6,0,6,16,55,34,4,109,0,0,0,109
07/13/2010,CHA,TN,ASO,ES,Combined TRACON& Tower with Radar,10,57,75,7,149,0,0,2,2,4,10,57,77,9,153,6,18,24,177
07/14/2010,CHA,TN,ASO,ES,Combined TRACON& Tower with Radar,6,48,47,17,118,0,2,18,3,23,6,50,65,20,141,0,0,0,141
07/15/2010,CHA,TN,ASO,ES,Combined TRACON& Tower with Radar,6,48,58,51,163,0,2,36,10,48,6,50,94,61,211,0,12,12,223
07/16/2010,CHA,TN,ASO,ES,Combined TRACON& Tower with Radar,2,46,54,20,122,0,0,21,5,26,2,46,75,25,148,0,0,0,148
07/17/2010,CHA,TN,ASO,ES,Combined TRACON& Tower with Radar,5,34,17,8,64,0,0,9,0,9,5,34,26,8,73,0,0,0,73
07/18/2010,CHA,TN,ASO,ES,Combined TRACON& Tower with Radar,0,39,35,1,75,0,0,5,0,5,0,39,40,1,80,0,0,0,80
07/19/2010,CHA,TN,ASO,ES,Combined TRACON& Tower with Radar,5,53,47,36,141,0,0,7,0,7,5,53,54,36,148,12,0,12,160
07/20/2010,CHA,TN,ASO,ES,Combined TRACON& Tower with Radar,7,59,39,9,114,0,0,39,3,42,7,59,78,12,156,6,0,6,162
07/21/2010,CHA,TN,ASO,ES,Combined TRACON& Tower with Radar,7,59,55,8,129,0,0,23,3,26,7,59,78,11,155,16,0,16,171
07/22/2010,CHA,TN,ASO,ES,Combined TRACON& Tower with Radar,6,59,76,14,155,0,1,27,2,30,6,60,103,16,185,16,0,16,201
07/23/2010,CHA,TN,ASO,ES,Combined TRACON& Tower with Radar,6,55,50,25,136,0,1,15,7,23,6,56,65,32,159,0,80,80,239
07/24/2010,CHA,TN,ASO,ES,Combined TRACON& Tower with Radar,5,32,23,8,68,0,0,23,0,23,5,32,46,8,91,8,0,8,99
07/25/2010,CHA,TN,ASO,ES,Combined TRACON& Tower with Radar,0,45,34,5,84,0,2,13,6,21,0,47,47,11,105,0,0,0,105
07/26/2010,CHA,TN,ASO,ES,Combined TRACON& Tower with Radar,5,44,42,4,95,0,0,24,5,29,5,44,66,9,124,12,0,12,136
07/27/2010,CHA,TN,ASO,ES,Combined TRACON& Tower with Radar,4,50,54,22,130,0,1,20,7,28,4,51,74,29,158,10,16,26,184
07/28/2010,CHA,TN,ASO,ES,Combined TRACON& Tower with Radar,8,50,71,20,149,0,0,20,0,20,8,50,91,20,169,0,0,0,169
07/29/2010,CHA,TN,ASO,ES,Combined TRACON& Tower with Radar,6,39,70,21,136,0,0,10,7,17,6,39,80,28,153,10,0,10,163
07/30/2010,CHA,TN,ASO,ES,Combined TRACON& Tower with Radar,2,48,50,37,137,0,2,32,4,38,2,50,82,41,175,118,0,118,293
07/31/2010,CHA,TN,ASO,ES,Combined TRACON& Tower with Radar,7,37,31,0,75,0,0,1,1,2,7,37,32,1,77,0,0,0,77
08/01/2010,CHA,TN,ASO,ES,Combined TRACON& Tower with Radar,2,48,34,11,95,0,0,22,4,26,2,48,56,15,121,0,0,0,121
08/02/2010,CHA,TN,ASO,ES,Combined TRACON& Tower with Radar,5,45,47,54,151,0,0,6,2,8,5,45,53,56,159,12,0,12,171
08/03/2010,CHA,TN,ASO,ES,Combined TRACON& Tower with Radar,4,53,57,20,134,0,0,14,3,17,4,53,71,23,151,10,0,10,161
08/04/2010,CHA,TN,ASO,ES,Combined TRACON& Tower with Radar,6,49,44,12,111,0,1,17,4,22,6,50,61,16,133,0,0,0,133
08/05/2010,CHA,TN,ASO,ES,Combined TRACON& Tower with Radar,2,46,51,2,101,0,0,20,3,23,2,46,71,5,124,30,0,30,154
08/06/2010,CHA,TN,ASO,ES,Combined TRACON& Tower with Radar,4,50,33,16,103,0,0,9,3,12,4,50,42,19,115,6,36,42,157
08/07/2010,CHA,TN,ASO,ES,Combined TRACON& Tower with Radar,5,31,41,6,83,0,0,17,0,17,5,31,58,6,100,24,0,24,124
08/08/2010,CHA,TN,ASO,ES,Combined TRACON& Tower with Radar,0,44,22,9,75,0,0,35,0,35,0,44,57,9,110,0,0,0,110
08/09/2010,CHA,TN,ASO,ES,Combined TRACON& Tower with Radar,5,52,49,42,148,0,1,24,4,29,5,53,73,46,177,16,32,48,225
08/10/2010,CHA,TN,ASO,ES,Combined TRACON& Tower with Radar,4,50,59,35,148,0,0,24,1,25,4,50,83,36,173,24,0,24,197
08/11/2010,CHA,TN,ASO,ES,Combined TRACON& Tower with Radar,6,49,40,26,121,0,1,35,5,41,6,50,75,31,162,4,8,12,174
08/12/2010,CHA,TN,ASO,ES,Combined TRACON& Tower with Radar,2,50,46,13,111,0,0,20,1,21,2,50,66,14,132,0,0,0,132
08/13/2010,CHA,TN,ASO,ES,Combined TRACON& Tower with Radar,2,55,34,36,127,0,0,21,6,27,2,55,55,42,154,40,0,40,194
08/14/2010,CHA,TN,ASO,ES,Combined TRACON& Tower with Radar,5,41,19,1,66,0,1,17,1,19,5,42,36,2,85,10,0,10,95
08/15/2010,CHA,TN,ASO,ES,Combined TRACON& Tower with Radar,0,47,34,13,94,0,0,17,0,17,0,47,51,13,111,22,0,22,133
08/16/2010,CHA,TN,ASO,ES,Combined TRACON& Tower with Radar,1,58,34,22,115,0,0,14,2,16,1,58,48,24,131,0,0,0,131
08/17/2010,CHA,TN,ASO,ES,Combined TRACON& Tower with Radar,4,57,76,0,137,0,0,6,0,6,4,57,82,0,143,0,0,0,143
08/18/2010,CHA,TN,ASO,ES,Combined TRACON& Tower with Radar,6,46,45,4,101,0,0,9,4,13,6,46,54,8,114,24,0,24,138
08/19/2010,CHA,TN,ASO,ES,Combined TRACON& Tower with Radar,2,48,62,12,124,0,0,18,4,22,2,48,80,16,146,8,8,16,162
08/20/2010,CHA,TN,ASO,ES,Combined TRACON& Tower with Radar,4,44,58,11,117,0,2,21,3,26,4,46,79,14,143,6,8,14,157
08/21/2010,CHA,TN,ASO,ES,Combined TRACON& Tower with Radar,5,32,34,0,71,0,0,5,0,5,5,32,39,0,76,0,0,0,76
08/22/2010,CHA,TN,ASO,ES,Combined TRACON& Tower with Radar,0,44,24,26,94,0,0,28,4,32,0,44,52,30,126,0,0,0,126
08/23/2010,CHA,TN,ASO,ES,Combined TRACON& Tower with Radar,1,49,79,34,163,0,0,35,8,43,1,49,114,42,206,16,38,54,260
08/24/2010,CHA,TN,ASO,ES,Combined TRACON& Tower with Radar,2,47,59,19,127,0,0,31,6,37,2,47,90,25,164,0,32,32,196
08/25/2010,CHA,TN,ASO,ES,Combined TRACON& Tower with Radar,4,53,36,2,95,0,0,21,2,23,4,53,57,4,118,0,0,0,118
08/26/2010,CHA,TN,ASO,ES,Combined TRACON& Tower with Radar,4,56,87,27,174,0,0,34,4,38,4,56,121,31,212,10,0,10,222
08/27/2010,CHA,TN,ASO,ES,Combined TRACON& Tower with Radar,6,55,51,8,120,0,0,35,3,38,6,55,86,11,158,0,0,0,158
08/28/2010,CHA,TN,ASO,ES,Combined TRACON& Tower with Radar,3,35,33,8,79,0,0,15,0,15,3,35,48,8,94,0,0,0,94
08/29/2010,CHA,TN,ASO,ES,Combined TRACON& Tower with Radar,2,45,62,3,112,0,0,20,2,22,2,45,82,5,134,8,0,8,142
08/30/2010,CHA,TN,ASO,ES,Combined TRACON& Tower with Radar,3,47,48,14,112,0,1,38,7,46,3,48,86,21,158,24,20,44,202
08/31/2010,CHA,TN,ASO,ES,Combined TRACON& Tower with Radar,2,46,52,2,102,0,0,28,3,31,2,46,80,5,133,0,0,0,133
09/01/2010,CHA,TN,ASO,ES,Combined TRACON& Tower with Radar,4,54,41,15,114,0,1,45,3,49,4,55,86,18,163,20,6,26,189
09/02/2010,CHA,TN,ASO,ES,Combined TRACON& Tower with Radar,6,62,68,19,155,0,1,40,3,44,6,63,108,22,199,35,38,73,272
09/03/2010,CHA,TN,ASO,ES,Combined TRACON& Tower with Radar,2,50,43,19,114,0,0,12,4,16,2,50,55,23,130,10,42,52,182
09/04/2010,CHA,TN,ASO,ES,Combined TRACON& Tower with Radar,2,38,25,4,69,0,0,23,1,24,2,38,48,5,93,0,0,0,93
09/05/2010,CHA,TN,ASO,ES,Combined TRACON& Tower with Radar,2,36,25,0,63,0,0,22,0,22,2,36,47,0,85,0,0,0,85
09/06/2010,CHA,TN,ASO,ES,Combined TRACON& Tower with Radar,0,54,35,16,105,0,0,34,0,34,0,54,69,16,139,14,0,14,153
09/07/2010,CHA,TN,ASO,ES,Combined TRACON& Tower with Radar,1,49,40,24,114,0,1,29,5,35,1,50,69,29,149,10,32,42,191
09/08/2010,CHA,TN,ASO,ES,Combined TRACON& Tower with Radar,4,58,60,6,128,0,0,12,3,15,4,58,72,9,143,0,0,0,143
09/09/2010,CHA,TN,ASO,ES,Combined TRACON& Tower with Radar,6,49,56,9,120,0,0,26,5,31,6,49,82,14,151,40,0,40,191
09/10/2010,CHA,TN,ASO,ES,Combined TRACON& Tower with Radar,2,60,49,49,160,0,2,23,12,37,2,62,72,61,197,14,0,14,211
09/11/2010,CHA,TN,ASO,ES,Combined TRACON& Tower with Radar,3,31,27,0,61,0,0,23,0,23,3,31,50,0,84,4,0,4,88
09/12/2010,CHA,TN,ASO,ES,Combined TRACON& Tower with Radar,4,42,35,8,89,0,0,19,2,21,4,42,54,10,110,0,0,0,110
09/13/2010,CHA,TN,ASO,ES,Combined TRACON& Tower with Radar,7,45,40,11,103,0,2,28,5,35,7,47,68,16,138,2,2,4,142
09/14/2010,CHA,TN,ASO,ES,Combined TRACON& Tower with Radar,6,40,35,2,83,3,0,26,1,30,9,40,61,3,113,58,0,58,171
09/15/2010,CHA,TN,ASO,ES,Combined TRACON& Tower with Radar,8,46,46,1,101,0,2,10,0,12,8,48,56,1,113,60,0,60,173
09/16/2010,CHA,TN,ASO,ES,Combined TRACON& Tower with Radar,8,40,47,0,95,0,1,6,0,7,8,41,53,0,102,45,0,45,147
09/17/2010,CHA,TN,ASO,ES,Combined TRACON& Tower with Radar,3,43,59,2,107,0,0,25,1,26,3,43,84,3,133,42,0,42,175
09/18/2010,CHA,TN,ASO,ES,Combined TRACON& Tower with Radar,3,26,26,0,55,0,0,5,0,5,3,26,31,0,60,18,0,18,78
09/19/2010,CHA,TN,ASO,ES,Combined TRACON& Tower with Radar,5,37,35,7,84,0,1,17,0,18,5,38,52,7,102,28,0,28,130
09/20/2010,CHA,TN,ASO,ES,Combined TRACON& Tower with Radar,1,47,58,1,107,0,2,15,1,18,1,49,73,2,125,0,0,0,125
09/21/2010,CHA,TN,ASO,ES,Combined TRACON& Tower with Radar,2,46,74,3,125,0,1,19,1,21,2,47,93,4,146,0,0,0,146
09/22/2010,CHA,TN,ASO,ES,Combined TRACON& Tower with Radar,4,58,55,1,118,0,0,12,0,12,4,58,67,1,130,6,0,6,136
09/23/2010,CHA,TN,ASO,ES,Combined TRACON& Tower with Radar,5,49,54,5,113,0,0,18,2,20,5,49,72,7,133,0,0,0,133
09/24/2010,CHA,TN,ASO,ES,Combined TRACON& Tower with Radar,3,53,39,35,130,0,0,19,3,22,3,53,58,38,152,8,0,8,160
09/25/2010,CHA,TN,ASO,ES,Combined TRACON& Tower with Radar,3,42,27,0,72,0,3,9,0,12,3,45,36,0,84,0,0,0,84
09/26/2010,CHA,TN,ASO,ES,Combined TRACON& Tower with Radar,2,44,39,10,95,0,0,1,0,1,2,44,40,10,96,0,0,0,96
09/27/2010,CHA,TN,ASO,ES,Combined TRACON& Tower with Radar,11,47,31,1,90,0,2,2,1,5,11,49,33,2,95,0,0,0,95
09/28/2010,CHA,TN,ASO,ES,Combined TRACON& Tower with Radar,2,55,63,19,139,0,0,22,1,23,2,55,85,20,162,12,35,47,209
09/29/2010,CHA,TN,ASO,ES,Combined TRACON& Tower with Radar,4,50,58,10,122,0,1,18,1,20,4,51,76,11,142,0,18,18,160
09/30/2010,CHA,TN,ASO,ES,Combined TRACON& Tower with Radar,4,53,73,24,154,0,0,14,3,17,4,53,87,27,171,0,8,8,179
10/01/2010,CHA,TN,ASO,ES,Combined TRACON& Tower with Radar,6,53,56,29,144,0,1,41,9,51,6,54,97,38,195,20,10,30,225
10/02/2010,CHA,TN,ASO,ES,Combined TRACON& Tower with Radar,3,27,26,1,57,0,0,37,1,38,3,27,63,2,95,12,0,12,107
10/03/2010,CHA,TN,ASO,ES,Combined TRACON& Tower with Radar,0,43,38,3,84,0,0,12,0,12,0,43,50,3,96,0,0,0,96
10/04/2010,CHA,TN,ASO,ES,Combined TRACON& Tower with Radar,5,43,36,37,121,0,0,20,2,22,5,43,56,39,143,16,38,54,197
10/05/2010,CHA,TN,ASO,ES,Combined TRACON& Tower with Radar,4,46,61,18,129,0,0,34,4,38,4,46,95,22,167,0,0,0,167
10/06/2010,CHA,TN,ASO,ES,Combined TRACON& Tower with Radar,4,52,47,30,133,0,0,38,5,43,4,52,85,35,176,0,30,30,206
10/07/2010,CHA,TN,ASO,ES,Combined TRACON& Tower with Radar,2,51,59,26,138,0,0,39,9,48,2,51,98,35,186,0,48,48,234
10/08/2010,CHA,TN,ASO,ES,Combined TRACON& Tower with Radar,6,48,48,9,111,0,0,25,4,29,6,48,73,13,140,0,0,0,140
10/09/2010,CHA,TN,ASO,ES,Combined TRACON& Tower with Radar,1,35,23,0,59,0,0,21,0,21,1,35,44,0,80,10,0,10,90
10/10/2010,CHA,TN,ASO,ES,Combined TRACON& Tower with Radar,0,45,33,1,79,0,0,20,1,21,0,45,53,2,100,8,0,8,108
10/11/2010,CHA,TN,ASO,ES,Combined TRACON& Tower with Radar,5,53,55,11,124,0,0,9,1,10,5,53,64,12,134,10,0,10,144
10/12/2010,CHA,TN,ASO,ES,Combined TRACON& Tower with Radar,2,49,43,21,115,0,2,18,2,22,2,51,61,23,137,20,14,34,171
10/13/2010,CHA,TN,ASO,ES,Combined TRACON& Tower with Radar,4,48,61,17,130,0,1,17,2,20,4,49,78,19,150,20,38,58,208
10/14/2010,CHA,TN,ASO,ES,Combined TRACON& Tower with Radar,2,53,67,22,144,0,0,22,3,25,2,53,89,25,169,0,10,10,179
10/15/2010,CHA,TN,ASO,ES,Combined TRACON& Tower with Radar,6,53,68,31,158,0,2,19,12,33,6,55,87,43,191,12,0,12,203
10/16/2010,CHA,TN,ASO,ES,Combined TRACON& Tower with Radar,1,36,25,3,65,0,0,16,1,17,1,36,41,4,82,0,0,0,82
10/17/2010,CHA,TN,ASO,ES,Combined TRACON& Tower with Radar,2,46,36,10,94,0,0,30,2,32,2,46,66,12,126,0,0,0,126
10/18/2010,CHA,TN,ASO,ES,Combined TRACON& Tower with Radar,5,56,38,14,113,0,1,32,2,35,5,57,70,16,148,0,10,10,158
10/19/2010,CHA,TN,ASO,ES,Combined TRACON& Tower with Radar,3,42,32,11,88,0,0,32,5,37,3,42,64,16,125,0,14,14,139
10/20/2010,CHA,TN,ASO,ES,Combined TRACON& Tower with Radar,6,49,65,8,128,0,0,28,0,28,6,49,93,8,156,0,0,0,156
10/21/2010,CHA,TN,ASO,ES,Combined TRACON& Tower with Radar,2,47,52,24,125,0,3,28,10,41,2,50,80,34,166,0,0,0,166
10/22/2010,CHA,TN,ASO,ES,Combined TRACON& Tower with Radar,6,54,40,38,138,0,0,45,3,48,6,54,85,41,186,6,6,12,198
10/23/2010,CHA,TN,ASO,ES,Combined TRACON& Tower with Radar,1,32,21,0,54,0,0,32,0,32,1,32,53,0,86,24,0,24,110
10/24/2010,CHA,TN,ASO,ES,Combined TRACON& Tower with Radar,0,47,52,10,109,0,1,20,3,24,0,48,72,13,133,28,0,28,161
10/25/2010,CHA,TN,ASO,ES,Combined TRACON& Tower with Radar,5,49,36,4,94,0,2,6,0,8,5,51,42,4,102,0,0,0,102
10/26/2010,CHA,TN,ASO,ES,Combined TRACON& Tower with Radar,2,47,36,0,85,0,0,0,0,0,2,47,36,0,85,0,0,0,85
10/27/2010,CHA,TN,ASO,ES,Combined TRACON& Tower with Radar,9,44,69,0,122,0,0,7,0,7,9,44,76,0,129,0,0,0,129
10/28/2010,CHA,TN,ASO,ES,Combined TRACON& Tower with Radar,3,50,80,21,154,0,1,21,1,23,3,51,101,22,177,0,0,0,177
10/29/2010,CHA,TN,ASO,ES,Combined TRACON& Tower with Radar,9,44,53,18,124,0,0,30,3,33,9,44,83,21,157,0,0,0,157
10/30/2010,CHA,TN,ASO,ES,Combined TRACON& Tower with Radar,2,29,23,6,60,0,0,31,2,33,2,29,54,8,93,0,4,4,97
10/31/2010,CHA,TN,ASO,ES,Combined TRACON& Tower with Radar,0,39,55,11,105,0,0,34,5,39,0,39,89,16,144,0,0,0,144
11/01/2010,CHA,TN,ASO,ES,Combined TRACON& Tower with Radar,5,46,44,34,129,0,0,31,9,40,5,46,75,43,169,0,0,0,169
11/02/2010,CHA,TN,ASO,ES,Combined TRACON& Tower with Radar,2,56,45,15,118,0,0,11,3,14,2,56,56,18,132,24,14,38,170
11/03/2010,CHA,TN,ASO,ES,Combined TRACON& Tower with Radar,2,48,49,30,129,0,0,0,0,0,2,48,49,30,129,0,12,12,141
11/04/2010,CHA,TN,ASO,ES,Combined TRACON& Tower with Radar,2,45,85,19,151,0,2,15,2,19,2,47,100,21,170,6,0,6,176
11/05/2010,CHA,TN,ASO,ES,Combined TRACON& Tower with Radar,6,48,53,27,134,0,0,22,4,26,6,48,75,31,160,48,16,64,224
11/06/2010,CHA,TN,ASO,ES,Combined TRACON& Tower with Radar,1,36,35,4,76,0,0,44,0,44,1,36,79,4,120,6,20,26,146
11/07/2010,CHA,TN,ASO,ES,Combined TRACON& Tower with Radar,2,45,48,6,101,0,0,32,3,35,2,45,80,9,136,0,30,30,166
11/08/2010,CHA,TN,ASO,ES,Combined TRACON& Tower with Radar,5,52,56,9,122,0,0,22,2,24,5,52,78,11,146,30,0,30,176
11/09/2010,CHA,TN,ASO,ES,Combined TRACON& Tower with Radar,2,48,71,27,148,0,0,30,6,36,2,48,101,33,184,32,10,42,226
11/10/2010,CHA,TN,ASO,ES,Combined TRACON& Tower with Radar,4,47,69,20,140,0,0,27,7,34,4,47,96,27,174,0,0,0,174
11/11/2010,CHA,TN,ASO,ES,Combined TRACON& Tower with Radar,2,47,58,6,113,0,0,36,1,37,2,47,94,7,150,22,0,22,172
11/12/2010,CHA,TN,ASO,ES,Combined TRACON& Tower with Radar,8,43,48,20,119,0,2,48,3,53,8,45,96,23,172,38,40,78,250
11/13/2010,CHA,TN,ASO,ES,Combined TRACON& Tower with Radar,1,31,41,0,73,0,0,44,3,47,1,31,85,3,120,0,0,0,120
11/14/2010,CHA,TN,ASO,ES,Combined TRACON& Tower with Radar,0,41,37,1,79,0,0,11,1,12,0,41,48,2,91,36,0,36,127
11/15/2010,CHA,TN,ASO,ES,Combined TRACON& Tower with Radar,5,45,63,8,121,0,0,3,0,3,5,45,66,8,124,0,0,0,124
11/16/2010,CHA,TN,ASO,ES,Combined TRACON& Tower with Radar,2,48,51,4,105,0,0,3,0,3,2,48,54,4,108,0,12,12,120
11/17/2010,CHA,TN,ASO,ES,Combined TRACON& Tower with Radar,2,48,60,11,121,0,5,33,5,43,2,53,93,16,164,0,0,0,164
11/18/2010,CHA,TN,ASO,ES,Combined TRACON& Tower with Radar,2,45,57,29,133,0,0,21,1,22,2,45,78,30,155,0,24,24,179
11/19/2010,CHA,TN,ASO,ES,Combined TRACON& Tower with Radar,6,50,63,27,146,0,2,39,6,47,6,52,102,33,193,6,10,16,209
11/20/2010,CHA,TN,ASO,ES,Combined TRACON& Tower with Radar,1,37,36,6,80,0,0,22,0,22,1,37,58,6,102,0,0,0,102
11/21/2010,CHA,TN,ASO,ES,Combined TRACON& Tower with Radar,0,42,40,12,94,0,0,16,2,18,0,42,56,14,112,0,0,0,112
11/22/2010,CHA,TN,ASO,ES,Combined TRACON& Tower with Radar,6,45,51,10,112,0,0,23,3,26,6,45,74,13,138,0,0,0,138
11/23/2010,CHA,TN,ASO,ES,Combined TRACON& Tower with Radar,2,50,57,7,116,0,0,5,0,5,2,50,62,7,121,0,0,0,121
11/24/2010,CHA,TN,ASO,ES,Combined TRACON& Tower with Radar,6,61,62,6,135,0,0,3,0,3,6,61,65,6,138,0,0,0,138
11/25/2010,CHA,TN,ASO,ES,Combined TRACON& Tower with Radar,0,24,5,0,29,0,0,2,0,2,0,24,7,0,31,0,0,0,31
11/26/2010,CHA,TN,ASO,ES,Combined TRACON& Tower with Radar,6,29,19,0,54,0,0,9,0,9,6,29,28,0,63,0,0,0,63
11/27/2010,CHA,TN,ASO,ES,Combined TRACON& Tower with Radar,3,40,34,0,77,0,0,24,0,24,3,40,58,0,101,6,0,6,107
11/28/2010,CHA,TN,ASO,ES,Combined TRACON& Tower with Radar,0,49,43,0,92,0,0,31,0,31,0,49,74,0,123,20,0,20,143
11/29/2010,CHA,TN,ASO,ES,Combined TRACON& Tower with Radar,3,58,40,8,109,0,0,2,0,2,3,58,42,8,111,0,0,0,111
11/30/2010,CHA,TN,ASO,ES,Combined TRACON& Tower with Radar,9,46,37,0,92,0,0,0,0,0,9,46,37,0,92,0,0,0,92
12/01/2010,CHA,TN,ASO,ES,Combined TRACON& Tower with Radar,2,56,55,12,125,0,0,20,4,24,2,56,75,16,149,0,18,18,167
12/02/2010,CHA,TN,ASO,ES,Combined TRACON& Tower with Radar,1,25,37,17,80,0,0,24,3,27,1,25,61,20,107,0,14,14,121
12/03/2010,CHA,TN,ASO,ES,Combined TRACON& Tower with Radar,8,55,46,17,126,0,2,23,5,30,8,57,69,22,156,0,0,0,156
12/04/2010,CHA,TN,ASO,ES,Combined TRACON& Tower with Radar,1,25,30,0,56,0,0,2,0,2,1,25,32,0,58,58,0,58,116
12/05/2010,CHA,TN,ASO,ES,Combined TRACON& Tower with Radar,0,42,21,2,65,0,0,7,4,11,0,42,28,6,76,0,0,0,76
12/06/2010,CHA,TN,ASO,ES,Combined TRACON& Tower with Radar,5,53,30,7,95,0,1,19,0,20,5,54,49,7,115,0,0,0,115
12/07/2010,CHA,TN,ASO,ES,Combined TRACON& Tower with Radar,2,48,67,14,131,0,1,25,5,31,2,49,92,19,162,0,0,0,162
12/08/2010,CHA,TN,ASO,ES,Combined TRACON& Tower with Radar,2,53,46,21,122,0,0,15,3,18,2,53,61,24,140,0,17,17,157
12/09/2010,CHA,TN,ASO,ES,Combined TRACON& Tower with Radar,2,48,60,20,130,0,1,25,5,31,2,49,85,25,161,0,0,0,161
12/10/2010,CHA,TN,ASO,ES,Combined TRACON& Tower with Radar,8,45,50,30,133,0,0,30,2,32,8,45,80,32,165,0,0,0,165
12/11/2010,CHA,TN,ASO,ES,Combined TRACON& Tower with Radar,1,26,19,0,46,0,0,12,0,12,1,26,31,0,58,6,0,6,64
12/12/2010,CHA,TN,ASO,ES,Combined TRACON& Tower with Radar,0,38,15,0,53,0,0,0,0,0,0,38,15,0,53,0,0,0,53
12/13/2010,CHA,TN,ASO,ES,Combined TRACON& Tower with Radar,7,37,46,0,90,0,0,7,0,7,7,37,53,0,97,0,0,0,97
12/14/2010,CHA,TN,ASO,ES,Combined TRACON& Tower with Radar,2,44,48,15,109,0,1,14,4,19,2,45,62,19,128,0,0,0,128
12/15/2010,CHA,TN,ASO,ES,Combined TRACON& Tower with Radar,4,45,46,0,95,0,0,5,0,5,4,45,51,0,100,12,0,12,112
12/16/2010,CHA,TN,ASO,ES,Combined TRACON& Tower with Radar,4,48,56,6,114,0,0,0,0,0,4,48,56,6,114,0,0,0,114
12/17/2010,CHA,TN,ASO,ES,Combined TRACON& Tower with Radar,7,41,59,0,107,0,0,17,0,17,7,41,76,0,124,6,0,6,130
12/18/2010,CHA,TN,ASO,ES,Combined TRACON& Tower with Radar,3,36,27,8,74,0,2,18,2,22,3,38,45,10,96,0,14,14,110
12/19/2010,CHA,TN,ASO,ES,Combined TRACON& Tower with Radar,0,51,36,0,87,0,0,25,0,25,0,51,61,0,112,0,0,0,112
12/20/2010,CHA,TN,ASO,ES,Combined TRACON& Tower with Radar,8,55,49,17,129,0,0,26,0,26,8,55,75,17,155,0,8,8,163
12/21/2010,CHA,TN,ASO,ES,Combined TRACON& Tower with Radar,4,55,36,4,99,0,0,0,0,0,4,55,36,4,99,0,0,0,99
12/22/2010,CHA,TN,ASO,ES,Combined TRACON& Tower with Radar,3,42,39,6,90,0,0,9,0,9,3,42,48,6,99,22,0,22,121
12/23/2010,CHA,TN,ASO,ES,Combined TRACON& Tower with Radar,4,43,34,0,81,0,0,14,0,14,4,43,48,0,95,36,0,36,131
12/24/2010,CHA,TN,ASO,ES,Combined TRACON& Tower with Radar,5,34,14,0,53,0,0,18,0,18,5,34,32,0,71,6,0,6,77
12/25/2010,CHA,TN,ASO,ES,Combined TRACON& Tower with Radar,0,14,1,0,15,0,0,0,0,0,0,14,1,0,15,0,0,0,15
12/26/2010,CHA,TN,ASO,ES,Combined TRACON& Tower with Radar,4,39,20,0,63,0,1,2,0,3,4,40,22,0,66,0,0,0,66
12/27/2010,CHA,TN,ASO,ES,Combined TRACON& Tower with Radar,5,48,22,10,85,0,0,6,0,6,5,48,28,10,91,0,0,0,91
12/28/2010,CHA,TN,ASO,ES,Combined TRACON& Tower with Radar,4,51,22,1,78,0,0,28,1,29,4,51,50,2,107,32,0,32,139
12/29/2010,CHA,TN,ASO,ES,Combined TRACON& Tower with Radar,2,41,25,0,68,0,0,9,0,9,2,41,34,0,77,0,0,0,77
12/30/2010,CHA,TN,ASO,ES,Combined TRACON& Tower with Radar,4,39,33,0,76,0,0,6,0,6,4,39,39,0,82,8,0,8,90
12/31/2010,CHA,TN,ASO,ES,Combined TRACON& Tower with Radar,5,26,18,0,49,0,0,13,0,13,5,26,31,0,62,12,0,12,74
01/01/2011,CHA,TN,ASO,ES,Combined TRACON& Tower with Radar,3,22,16,0,41,0,0,0,0,0,3,22,16,0,41,0,0,0,41
01/02/2011,CHA,TN,ASO,ES,Combined TRACON& Tower with Radar,5,43,24,6,78,0,0,22,0,22,5,43,46,6,100,36,0,36,136
01/03/2011,CHA,TN,ASO,ES,Combined TRACON& Tower with Radar,4,47,27,0,78,0,0,28,0,28,4,47,55,0,106,0,0,0,106
01/04/2011,CHA,TN,ASO,ES,Combined TRACON& Tower with Radar,4,48,37,0,89,0,0,20,0,20,4,48,57,0,109,20,0,20,129
01/05/2011,CHA,TN,ASO,ES,Combined TRACON& Tower with Radar,2,46,31,39,118,0,0,6,0,6,2,46,37,39,124,44,60,104,228
01/06/2011,CHA,TN,ASO,ES,Combined TRACON& Tower with Radar,2,47,47,24,120,0,1,21,0,22,2,48,68,24,142,13,8,21,163
01/07/2011,CHA,TN,ASO,ES,Combined TRACON& Tower with Radar,6,44,38,12,100,0,0,16,2,18,6,44,54,14,118,26,22,48,166
01/08/2011,CHA,TN,ASO,ES,Combined TRACON& Tower with Radar,5,31,17,9,62,0,0,5,4,9,5,31,22,13,71,0,0,0,71
01/09/2011,CHA,TN,ASO,ES,Combined TRACON& Tower with Radar,0,38,47,0,85,0,0,11,0,11,0,38,58,0,96,6,0,6,102
01/10/2011,CHA,TN,ASO,ES,Combined TRACON& Tower with Radar,8,53,32,0,93,0,0,28,0,28,8,53,60,0,121,0,0,0,121
01/11/2011,CHA,TN,ASO,ES,Combined TRACON& Tower with Radar,2,26,19,0,47,0,0,5,0,5,2,26,24,0,52,0,0,0,52
01/12/2011,CHA,TN,ASO,ES,Combined TRACON& Tower with Radar,2,41,17,0,60,0,0,5,0,5,2,41,22,0,65,0,0,0,65
01/13/2011,CHA,TN,ASO,ES,Combined TRACON& Tower with Radar,4,45,38,8,95,0,0,11,0,11,4,45,49,8,106,0,0,0,106
01/14/2011,CHA,TN,ASO,ES,Combined TRACON& Tower with Radar,4,49,30,33,116,0,2,24,6,32,4,51,54,39,148,0,6,6,154
01/15/2011,CHA,TN,ASO,ES,Combined TRACON& Tower with Radar,1,28,24,2,55,0,0,29,0,29,1,28,53,2,84,12,0,12,96
01/16/2011,CHA,TN,ASO,ES,Combined TRACON& Tower with Radar,0,39,26,4,69,0,0,20,0,20,0,39,46,4,89,6,0,6,95
01/17/2011,CHA,TN,ASO,ES,Combined TRACON& Tower with Radar,3,47,45,4,99,0,0,9,1,10,3,47,54,5,109,34,3,37,146
01/18/2011,CHA,TN,ASO,ES,Combined TRACON& Tower with Radar,2,47,44,5,98,0,0,0,0,0,2,47,44,5,98,0,0,0,98
01/19/2011,CHA,TN,ASO,ES,Combined TRACON& Tower with Radar,2,54,70,18,144,0,0,12,0,12,2,54,82,18,156,9,106,115,271
01/20/2011,CHA,TN,ASO,ES,Combined TRACON& Tower with Radar,2,48,75,45,170,0,0,24,1,25,2,48,99,46,195,37,140,177,372
01/21/2011,CHA,TN,ASO,ES,Combined TRACON& Tower with Radar,4,49,46,18,117,0,1,16,3,20,4,50,62,21,137,10,32,42,179
01/22/2011,CHA,TN,ASO,ES,Combined TRACON& Tower with Radar,1,27,24,1,53,0,1,31,1,33,1,28,55,2,86,28,0,28,114
01/23/2011,CHA,TN,ASO,ES,Combined TRACON& Tower with Radar,0,39,34,4,77,0,0,17,1,18,0,39,51,5,95,0,0,0,95
01/24/2011,CHA,TN,ASO,ES,Combined TRACON& Tower with Radar,3,48,55,20,126,0,1,15,5,21,3,49,70,25,147,0,10,10,157
01/25/2011,CHA,TN,ASO,ES,Combined TRACON& Tower with Radar,2,46,37,0,85,0,0,3,0,3,2,46,40,0,88,0,0,0,88
01/26/2011,CHA,TN,ASO,ES,Combined TRACON& Tower with Radar,2,55,40,0,97,0,0,8,0,8,2,55,48,0,105,18,0,18,123
01/27/2011,CHA,TN,ASO,ES,Combined TRACON& Tower with Radar,2,51,57,1,111,0,0,21,1,22,2,51,78,2,133,41,0,41,174
01/28/2011,CHA,TN,ASO,ES,Combined TRACON& Tower with Radar,4,53,42,9,108,0,0,39,1,40,4,53,81,10,148,16,17,33,181
01/29/2011,CHA,TN,ASO,ES,Combined TRACON& Tower with Radar,1,31,23,14,69,0,0,42,2,44,1,31,65,16,113,0,0,0,113
01/30/2011,CHA,TN,ASO,ES,Combined TRACON& Tower with Radar,0,45,41,12,98,0,0,30,2,32,0,45,71,14,130,27,0,27,157
01/31/2011,CHA,TN,ASO,ES,Combined TRACON& Tower with Radar,3,52,56,47,158,0,0,4,1,5,3,52,60,48,163,0,0,0,163
02/01/2011,CHA,TN,ASO,ES,Combined TRACON& Tower with Radar,2,69,33,0,104,0,0,0,0,0,2,69,33,0,104,0,0,0,104
02/02/2011,CHA,TN,ASO,ES,Combined TRACON& Tower with Radar,0,44,29,7,80,0,0,13,2,15,0,44,42,9,95,0,0,0,95
02/03/2011,CHA,TN,ASO,ES,Combined TRACON& Tower with Radar,8,45,45,25,123,0,2,16,3,21,8,47,61,28,144,0,0,0,144
02/04/2011,CHA,TN,ASO,ES,Combined TRACON& Tower with Radar,1,42,43,0,86,0,0,0,0,0,1,42,43,0,86,0,0,0,86
02/05/2011,CHA,TN,ASO,ES,Combined TRACON& Tower with Radar,1,34,30,0,65,0,0,3,0,3,1,34,33,0,68,0,0,0,68
02/06/2011,CHA,TN,ASO,ES,Combined TRACON& Tower with Radar,2,39,26,0,67,0,0,29,0,29,2,39,55,0,96,38,0,38,134
02/07/2011,CHA,TN,ASO,ES,Combined TRACON& Tower with Radar,1,45,45,33,124,0,0,5,0,5,1,45,50,33,129,0,14,14,143
02/08/2011,CHA,TN,ASO,ES,Combined TRACON& Tower with Radar,2,51,69,15,137,0,0,24,2,26,2,51,93,17,163,0,0,0,163
02/09/2011,CHA,TN,ASO,ES,Combined TRACON& Tower with Radar,2,49,32,19,102,0,0,16,2,18,2,49,48,21,120,22,16,38,158
02/10/2011,CHA,TN,ASO,ES,Combined TRACON& Tower with Radar,4,57,40,2,103,0,0,21,0,21,4,57,61,2,124,8,0,8,132
02/11/2011,CHA,TN,ASO,ES,Combined TRACON& Tower with Radar,2,43,48,31,124,0,0,29,2,31,2,43,77,33,155,0,37,37,192
02/12/2011,CHA,TN,ASO,ES,Combined TRACON& Tower with Radar,1,32,33,12,78,0,1,36,2,39,1,33,69,14,117,2,0,2,119
02/13/2011,CHA,TN,ASO,ES,Combined TRACON& Tower with Radar,4,40,53,1,98,0,0,29,1,30,4,40,82,2,128,0,0,0,128
02/14/2011,CHA,TN,ASO,ES,Combined TRACON& Tower with Radar,1,45,46,25,117,0,0,17,10,27,1,45,63,35,144,0,12,12,156
02/15/2011,CHA,TN,ASO,ES,Combined TRACON& Tower with Radar,2,46,52,15,115,0,0,33,5,38,2,46,85,20,153,0,0,0,153
02/16/2011,CHA,TN,ASO,ES,Combined TRACON& Tower with Radar,2,50,47,18,117,0,0,28,5,33,2,50,75,23,150,0,0,0,150
02/17/2011,CHA,TN,ASO,ES,Combined TRACON& Tower with Radar,6,65,57,3,131,0,0,21,1,22,6,65,78,4,153,0,35,35,188
02/18/2011,CHA,TN,ASO,ES,Combined TRACON& Tower with Radar,2,56,71,43,172,0,0,14,0,14,2,56,85,43,186,6,16,22,208
02/19/2011,CHA,TN,ASO,ES,Combined TRACON& Tower with Radar,0,34,21,0,55,0,0,29,0,29,0,34,50,0,84,8,0,8,92
02/20/2011,CHA,TN,ASO,ES,Combined TRACON& Tower with Radar,2,36,29,2,69,0,0,23,0,23,2,36,52,2,92,0,0,0,92
02/21/2011,CHA,TN,ASO,ES,Combined TRACON& Tower with Radar,0,47,41,0,88,0,0,7,2,9,0,47,48,2,97,0,0,0,97
02/22/2011,CHA,TN,ASO,ES,Combined TRACON& Tower with Radar,2,46,39,14,101,0,0,24,3,27,2,46,63,17,128,6,14,20,148
02/23/2011,CHA,TN,ASO,ES,Combined TRACON& Tower with Radar,2,51,60,15,128,0,0,20,4,24,2,51,80,19,152,16,11,27,179
02/24/2011,CHA,TN,ASO,ES,Combined TRACON& Tower with Radar,4,53,75,26,158,0,2,27,0,29,4,55,102,26,187,30,4,34,221
02/25/2011,CHA,TN,ASO,ES,Combined TRACON& Tower with Radar,2,44,28,29,103,0,0,12,4,16,2,44,40,33,119,0,10,10,129
02/26/2011,CHA,TN,ASO,ES,Combined TRACON& Tower with Radar,1,35,27,12,75,0,2,44,3,49,1,37,71,15,124,0,0,0,124
02/27/2011,CHA,TN,ASO,ES,Combined TRACON& Tower with Radar,4,42,26,1,73,0,0,5,1,6,4,42,31,2,79,0,0,0,79
02/28/2011,CHA,TN,ASO,ES,Combined TRACON& Tower with Radar,5,44,25,0,74,0,0,0,0,0,5,44,25,0,74,0,0,0,74
03/01/2011,CHA,TN,ASO,ES,Combined TRACON& Tower with Radar,2,49,85,34,170,0,0,41,3,44,2,49,126,37,214,0,0,0,214
03/02/2011,CHA,TN,ASO,ES,Combined TRACON& Tower with Radar,4,51,52,19,126,0,1,39,2,42,4,52,91,21,168,20,0,20,188
03/03/2011,CHA,TN,ASO,ES,Combined TRACON& Tower with Radar,6,52,63,39,160,0,0,19,7,26,6,52,82,46,186,24,0,24,210
03/04/2011,CHA,TN,ASO,ES,Combined TRACON& Tower with Radar,4,55,53,20,132,0,0,18,2,20,4,55,71,22,152,36,8,44,196
03/05/2011,CHA,TN,ASO,ES,Combined TRACON& Tower with Radar,1,34,38,8,81,0,0,0,0,0,1,34,38,8,81,0,0,0,81
03/06/2011,CHA,TN,ASO,ES,Combined TRACON& Tower with Radar,6,46,29,0,81,0,0,2,0,2,6,46,31,0,83,0,0,0,83
03/07/2011,CHA,TN,ASO,ES,Combined TRACON& Tower with Radar,1,59,51,32,143,0,1,20,9,30,1,60,71,41,173,0,80,80,253
03/08/2011,CHA,TN,ASO,ES,Combined TRACON& Tower with Radar,4,48,57,28,137,0,0,9,10,19,4,48,66,38,156,0,20,20,176
03/09/2011,CHA,TN,ASO,ES,Combined TRACON& Tower with Radar,2,54,41,0,97,0,0,0,0,0,2,54,41,0,97,0,0,0,97
03/10/2011,CHA,TN,ASO,ES,Combined TRACON& Tower with Radar,8,44,47,23,122,0,0,7,0,7,8,44,54,23,129,10,14,24,153
03/11/2011,CHA,TN,ASO,ES,Combined TRACON& Tower with Radar,2,48,53,9,112,0,3,34,9,46,2,51,87,18,158,50,0,50,208
03/12/2011,CHA,TN,ASO,ES,Combined TRACON& Tower with Radar,1,37,31,8,77,0,0,31,1,32,1,37,62,9,109,0,0,0,109
03/13/2011,CHA,TN,ASO,ES,Combined TRACON& Tower with Radar,4,42,43,8,97,0,0,33,0,33,4,42,76,8,130,10,0,10,140
03/14/2011,CHA,TN,ASO,ES,Combined TRACON& Tower with Radar,1,50,32,15,98,0,2,16,2,20,1,52,48,17,118,6,18,24,142
03/15/2011,CHA,TN,ASO,ES,Combined TRACON& Tower with Radar,4,47,59,29,139,0,0,3,0,3,4,47,62,29,142,0,59,59,201
03/16/2011,CHA,TN,ASO,ES,Combined TRACON& Tower with Radar,2,62,57,11,132,0,0,8,1,9,2,62,65,12,141,20,0,20,161
03/17/2011,CHA,TN,ASO,ES,Combined TRACON& Tower with Radar,6,52,65,22,145,0,0,31,5,36,6,52,96,27,181,10,0,10,191
03/18/2011,CHA,TN,ASO,ES,Combined TRACON& Tower with Radar,2,52,51,11,116,0,0,43,4,47,2,52,94,15,163,0,0,0,163
03/19/2011,CHA,TN,ASO,ES,Combined TRACON& Tower with Radar,3,44,33,5,85,0,0,31,1,32,3,44,64,6,117,6,0,6,123
03/20/2011,CHA,TN,ASO,ES,Combined TRACON& Tower with Radar,2,51,38,6,97,0,0,21,4,25,2,51,59,10,122,21,0,21,143
03/21/2011,CHA,TN,ASO,ES,Combined TRACON& Tower with Radar,1,56,44,24,125,0,1,30,4,35,1,57,74,28,160,0,0,0,160
03/22/2011,CHA,TN,ASO,ES,Combined TRACON& Tower with Radar,6,51,52,28,137,0,0,30,8,38,6,51,82,36,175,16,20,36,211
03/23/2011,CHA,TN,ASO,ES,Combined TRACON& Tower with Radar,2,50,41,6,99,0,0,7,1,8,2,50,48,7,107,0,12,12,119
03/24/2011,CHA,TN,ASO,ES,Combined TRACON& Tower with Radar,6,55,47,4,112,0,0,20,4,24,6,55,67,8,136,0,6,6,142
03/25/2011,CHA,TN,ASO,ES,Combined TRACON& Tower with Radar,2,48,35,34,119,0,0,28,0,28,2,48,63,34,147,2,0,2,149
03/26/2011,CHA,TN,ASO,ES,Combined TRACON& Tower with Radar,3,30,9,0,42,0,0,0,0,0,3,30,9,0,42,0,0,0,42
03/27/2011,CHA,TN,ASO,ES,Combined TRACON& Tower with Radar,4,50,38,4,96,0,0,1,0,1,4,50,39,4,97,0,0,0,97
03/28/2011,CHA,TN,ASO,ES,Combined TRACON& Tower with Radar,1,46,24,5,76,0,0,14,0,14,1,46,38,5,90,0,0,0,90
03/29/2011,CHA,TN,ASO,ES,Combined TRACON& Tower with Radar,6,48,55,50,159,0,0,6,3,9,6,48,61,53,168,0,12,12,180
03/30/2011,CHA,TN,ASO,ES,Combined TRACON& Tower with Radar,2,48,34,18,102,0,0,2,0,2,2,48,36,18,104,0,0,0,104
03/31/2011,CHA,TN,ASO,ES,Combined TRACON& Tower with Radar,5,49,51,5,110,0,1,5,2,8,5,50,56,7,118,25,0,25,143
04/01/2011,CHA,TN,ASO,ES,Combined TRACON& Tower with Radar,2,54,55,14,125,0,0,19,3,22,2,54,74,17,147,0,0,0,147
04/02/2011,CHA,TN,ASO,ES,Combined TRACON& Tower with Radar,1,34,18,7,60,0,0,36,2,38,1,34,54,9,98,0,0,0,98
04/03/2011,CHA,TN,ASO,ES,Combined TRACON& Tower with Radar,4,41,30,8,83,0,0,24,1,25,4,41,54,9,108,0,0,0,108
04/04/2011,CHA,TN,ASO,ES,Combined TRACON& Tower with Radar,1,36,27,10,74,0,0,2,0,2,1,36,29,10,76,0,0,0,76
04/05/2011,CHA,TN,ASO,ES,Combined TRACON& Tower with Radar,4,43,67,24,138,0,0,26,10,36,4,43,93,34,174,2,4,6,180
04/06/2011,CHA,TN,ASO,ES,Combined TRACON& Tower with Radar,2,59,63,21,145,0,0,33,5,38,2,59,96,26,183,5,25,30,213
04/07/2011,CHA,TN,ASO,ES,Combined TRACON& Tower with Radar,10,49,85,15,159,0,1,23,8,32,10,50,108,23,191,0,10,10,201
04/08/2011,CHA,TN,ASO,ES,Combined TRACON& Tower with Radar,2,46,68,10,126,0,0,17,5,22,2,46,85,15,148,34,0,34,182
04/09/2011,CHA,TN,ASO,ES,Combined TRACON& Tower with Radar,3,31,29,0,63,0,0,9,0,9,3,31,38,0,72,40,0,40,112
04/10/2011,CHA,TN,ASO,ES,Combined TRACON& Tower with Radar,8,49,40,0,97,0,0,33,0,33,8,49,73,0,130,38,0,38,168
04/11/2011,CHA,TN,ASO,ES,Combined TRACON& Tower with Radar,1,49,30,19,99,0,0,12,1,13,1,49,42,20,112,38,10,48,160
04/12/2011,CHA,TN,ASO,ES,Combined TRACON& Tower with Radar,5,52,47,0,104,0,0,17,0,17,5,52,64,0,121,32,0,32,153
04/13/2011,CHA,TN,ASO,ES,Combined TRACON& Tower with Radar,3,52,60,0,115,0,0,53,0,53,3,52,113,0,168,38,0,38,206
04/14/2011,CHA,TN,ASO,ES,Combined TRACON& Tower with Radar,7,49,73,14,143,0,0,33,9,42,7,49,106,23,185,0,16,16,201
04/15/2011,CHA,TN,ASO,ES,Combined TRACON& Tower with Radar,2,41,25,0,68,0,0,1,0,1,2,41,26,0,69,0,0,0,69
04/16/2011,CHA,TN,ASO,ES,Combined TRACON& Tower with Radar,2,27,29,4,62,0,0,1,0,1,2,27,30,4,63,0,0,0,63
04/17/2011,CHA,TN,ASO,ES,Combined TRACON& Tower with Radar,6,46,32,0,84,0,0,30,0,30,6,46,62,0,114,0,0,0,114
04/18/2011,CHA,TN,ASO,ES,Combined TRACON& Tower with Radar,1,48,39,27,115,0,0,23,5,28,1,48,62,32,143,0,12,12,155
04/19/2011,CHA,TN,ASO,ES,Combined TRACON& Tower with Radar,2,47,51,52,152,0,1,17,5,23,2,48,68,57,175,38,27,65,240
04/20/2011,CHA,TN,ASO,ES,Combined TRACON& Tower with Radar,2,53,39,0,94,0,0,5,0,5,2,53,44,0,99,0,0,0,99
04/21/2011,CHA,TN,ASO,ES,Combined TRACON& Tower with Radar,8,52,74,6,140,0,0,6,0,6,8,52,80,6,146,10,10,20,166
04/22/2011,CHA,TN,ASO,ES,Combined TRACON& Tower with Radar,2,50,53,13,118,0,0,10,1,11,2,50,63,14,129,22,0,22,151
04/23/2011,CHA,TN,ASO,ES,Combined TRACON& Tower with Radar,1,40,46,0,87,0,1,9,1,11,1,41,55,1,98,28,0,28,126
04/24/2011,CHA,TN,ASO,ES,Combined TRACON& Tower with Radar,6,45,32,2,85,0,0,16,0,16,6,45,48,2,101,6,0,6,107
04/25/2011,CHA,TN,ASO,ES,Combined TRACON& Tower with Radar,1,53,40,10,104,0,0,26,0,26,1,53,66,10,130,0,0,0,130
04/26/2011,CHA,TN,ASO,ES,Combined TRACON& Tower with Radar,2,47,40,11,100,0,1,3,3,7,2,48,43,14,107,0,0,0,107
04/27/2011,CHA,TN,ASO,ES,Combined TRACON& Tower with Radar,2,35,21,0,58,0,0,0,0,0,2,35,21,0,58,0,0,0,58
04/28/2011,CHA,TN,ASO,ES,Combined TRACON& Tower with Radar,8,42,51,11,112,0,2,52,9,63,8,44,103,20,175,9,0,9,184
04/29/2011,CHA,TN,ASO,ES,Combined TRACON& Tower with Radar,2,58,50,20,130,0,0,38,8,46,2,58,88,28,176,0,0,0,176
04/30/2011,CHA,TN,ASO,ES,Combined TRACON& Tower with Radar,1,40,33,0,74,0,0,37,0,37,1,40,70,0,111,0,0,0,111
05/01/2011,CHA,TN,ASO,ES,Combined TRACON& Tower with Radar,6,43,29,7,85,0,0,21,0,21,6,43,50,7,106,0,0,0,106
05/02/2011,CHA,TN,ASO,ES,Combined TRACON& Tower with Radar,1,45,41,2,89,0,0,13,0,13,1,45,54,2,102,0,10,10,112
05/03/2011,CHA,TN,ASO,ES,Combined TRACON& Tower with Radar,2,47,40,11,100,0,1,3,3,7,2,48,43,14,107,0,0,0,107
05/04/2011,CHA,TN,ASO,ES,Combined TRACON& Tower with Radar,2,48,63,20,133,0,0,25,2,27,2,48,88,22,160,11,15,26,186
05/05/2011,CHA,TN,ASO,ES,Combined TRACON& Tower with Radar,8,50,72,25,155,0,1,31,0,32,8,51,103,25,187,10,30,40,227
05/06/2011,CHA,TN,ASO,ES,Combined TRACON& Tower with Radar,2,46,49,3,100,0,1,30,4,35,2,47,79,7,135,0,50,50,185
05/07/2011,CHA,TN,ASO,ES,Combined TRACON& Tower with Radar,1,32,27,0,60,0,1,22,0,23,1,33,49,0,83,0,0,0,83
05/08/2011,CHA,TN,ASO,ES,Combined TRACON& Tower with Radar,6,41,21,6,74,0,0,14,0,14,6,41,35,6,88,0,0,0,88
05/09/2011,CHA,TN,ASO,ES,Combined TRACON& Tower with Radar,3,47,42,21,113,0,1,21,3,25,3,48,63,24,138,9,20,29,167
05/10/2011,CHA,TN,ASO,ES,Combined TRACON& Tower with Radar,2,47,54,15,118,0,4,12,2,18,2,51,66,17,136,0,25,25,161
05/11/2011,CHA,TN,ASO,ES,Combined TRACON& Tower with Radar,2,44,53,16,115,0,0,35,8,43,2,44,88,24,158,50,16,66,224
05/12/2011,CHA,TN,ASO,ES,Combined TRACON& Tower with Radar,10,51,58,42,161,0,1,14,3,18,10,52,72,45,179,0,0,0,179
05/13/2011,CHA,TN,ASO,ES,Combined TRACON& Tower with Radar,2,46,43,1,92,0,0,11,1,12,2,46,54,2,104,16,0,16,120
05/14/2011,CHA,TN,ASO,ES,Combined TRACON& Tower with Radar,1,30,35,0,66,0,0,13,0,13,1,30,48,0,79,18,0,18,97
05/15/2011,CHA,TN,ASO,ES,Combined TRACON& Tower with Radar,6,50,46,9,111,0,0,10,1,11,6,50,56,10,122,34,0,34,156
05/16/2011,CHA,TN,ASO,ES,Combined TRACON& Tower with Radar,1,57,53,17,128,0,0,6,0,6,1,57,59,17,134,25,17,42,176
05/17/2011,CHA,TN,ASO,ES,Combined TRACON& Tower with Radar,2,46,53,0,101,0,0,17,0,17,2,46,70,0,118,12,0,12,130
05/18/2011,CHA,TN,ASO,ES,Combined TRACON& Tower with Radar,2,47,76,5,130,16,0,15,6,37,18,47,91,11,167,0,40,40,207
05/19/2011,CHA,TN,ASO,ES,Combined TRACON& Tower with Radar,6,43,57,10,116,0,1,20,0,21,6,44,77,10,137,20,0,20,157
05/20/2011,CHA,TN,ASO,ES,Combined TRACON& Tower with Radar,4,55,36,21,116,0,0,23,3,26,4,55,59,24,142,57,0,57,199
05/21/2011,CHA,TN,ASO,ES,Combined TRACON& Tower with Radar,3,30,29,5,67,0,0,32,3,35,3,30,61,8,102,10,0,10,112
05/22/2011,CHA,TN,ASO,ES,Combined TRACON& Tower with Radar,4,47,28,0,79,0,0,17,0,17,4,47,45,0,96,30,0,30,126
05/23/2011,CHA,TN,ASO,ES,Combined TRACON& Tower with Radar,4,44,51,16,115,0,0,19,6,25,4,44,70,22,140,34,0,34,174
05/24/2011,CHA,TN,ASO,ES,Combined TRACON& Tower with Radar,9,44,57,12,122,0,0,25,8,33,9,44,82,20,155,24,0,24,179
05/25/2011,CHA,TN,ASO,ES,Combined TRACON& Tower with Radar,2,43,54,22,121,0,0,48,6,54,2,43,102,28,175,18,46,64,239
05/26/2011,CHA,TN,ASO,ES,Combined TRACON& Tower with Radar,8,49,48,8,113,0,0,6,0,6,8,49,54,8,119,0,0,0,119
05/27/2011,CHA,TN,ASO,ES,Combined TRACON& Tower with Radar,4,40,55,20,119,0,1,16,6,23,4,41,71,26,142,42,0,42,184
05/28/2011,CHA,TN,ASO,ES,Combined TRACON& Tower with Radar,3,33,17,1,54,0,0,23,0,23,3,33,40,1,77,52,0,52,129
05/29/2011,CHA,TN,ASO,ES,Combined TRACON& Tower with Radar,4,35,24,1,64,0,3,26,1,30,4,38,50,2,94,0,0,0,94
05/30/2011,CHA,TN,ASO,ES,Combined TRACON& Tower with Radar,2,39,31,4,76,0,0,23,0,23,2,39,54,4,99,25,0,25,124
05/31/2011,CHA,TN,ASO,ES,Combined TRACON& Tower with Radar,3,42,57,34,136,0,3,24,9,36,3,45,81,43,172,10,0,10,182
06/01/2011,CHA,TN,ASO,ES,Combined TRACON& Tower with Radar,2,50,54,34,140,0,1,12,7,20,2,51,66,41,160,0,0,0,160
06/02/2011,CHA,TN,ASO,ES,Combined TRACON& Tower with Radar,4,50,55,3,112,0,0,19,13,32,4,50,74,16,144,0,46,46,190
06/03/2011,CHA,TN,ASO,ES,Combined TRACON& Tower with Radar,4,47,53,39,143,0,1,14,13,28,4,48,67,52,171,0,30,30,201
06/04/2011,CHA,TN,ASO,ES,Combined TRACON& Tower with Radar,3,35,37,10,85,0,0,35,0,35,3,35,72,10,120,66,20,86,206
06/05/2011,CHA,TN,ASO,ES,Combined TRACON& Tower with Radar,2,51,33,3,89,0,0,17,1,18,2,51,50,4,107,0,0,0,107
06/06/2011,CHA,TN,ASO,ES,Combined TRACON& Tower with Radar,3,53,44,37,137,0,1,12,2,15,3,54,56,39,152,0,20,20,172
06/07/2011,CHA,TN,ASO,ES,Combined TRACON& Tower with Radar,4,45,64,17,130,0,0,27,2,29,4,45,91,19,159,28,12,40,199
06/08/2011,CHA,TN,ASO,ES,Combined TRACON& Tower with Radar,2,57,62,3,124,0,0,37,7,44,2,57,99,10,168,82,12,94,262
06/09/2011,CHA,TN,ASO,ES,Combined TRACON& Tower with Radar,4,49,49,22,124,0,0,23,3,26,4,49,72,25,150,0,8,8,158
06/10/2011,CHA,TN,ASO,ES,Combined TRACON& Tower with Radar,3,47,53,12,115,0,3,30,12,45,3,50,83,24,160,0,0,0,160
06/11/2011,CHA,TN,ASO,ES,Combined TRACON& Tower with Radar,3,34,20,0,57,0,0,21,4,25,3,34,41,4,82,0,0,0,82
06/12/2011,CHA,TN,ASO,ES,Combined TRACON& Tower with Radar,2,44,32,8,86,0,0,25,2,27,2,44,57,10,113,10,0,10,123
06/13/2011,CHA,TN,ASO,ES,Combined TRACON& Tower with Radar,3,52,48,17,120,0,0,21,0,21,3,52,69,17,141,0,0,0,141
06/14/2011,CHA,TN,ASO,ES,Combined TRACON& Tower with Radar,4,53,65,10,132,0,1,24,6,31,4,54,89,16,163,36,46,82,245
06/15/2011,CHA,TN,ASO,ES,Combined TRACON& Tower with Radar,5,40,56,12,113,0,1,12,2,15,5,41,68,14,128,0,0,0,128
06/16/2011,CHA,TN,ASO,ES,Combined TRACON& Tower with Radar,4,49,75,25,153,0,2,31,1,34,4,51,106,26,187,0,0,0,187
06/17/2011,CHA,TN,ASO,ES,Combined TRACON& Tower with Radar,4,52,42,4,102,0,0,14,3,17,4,52,56,7,119,15,0,15,134
06/18/2011,CHA,TN,ASO,ES,Combined TRACON& Tower with Radar,2,35,18,0,55,0,0,4,0,4,2,35,22,0,59,10,0,10,69
06/19/2011,CHA,TN,ASO,ES,Combined TRACON& Tower with Radar,2,47,32,17,98,0,0,18,10,28,2,47,50,27,126,0,8,8,134
06/20/2011,CHA,TN,ASO,ES,Combined TRACON& Tower with Radar,3,54,40,30,127,0,0,38,0,38,3,54,78,30,165,24,42,66,231
06/21/2011,CHA,TN,ASO,ES,Combined TRACON& Tower with Radar,4,45,54,0,103,0,1,25,1,27,4,46,79,1,130,0,0,0,130
06/22/2011,CHA,TN,ASO,ES,Combined TRACON& Tower with Radar,8,51,39,0,98,0,0,6,0,6,8,51,45,0,104,0,0,0,104
06/23/2011,CHA,TN,ASO,ES,Combined TRACON& Tower with Radar,4,53,57,18,132,0,0,20,0,20,4,53,77,18,152,12,40,52,204
06/24/2011,CHA,TN,ASO,ES,Combined TRACON& Tower with Radar,4,43,35,4,86,0,0,11,0,11,4,43,46,4,97,0,0,0,97
06/25/2011,CHA,TN,ASO,ES,Combined TRACON& Tower with Radar,7,31,24,0,62,0,0,20,0,20,7,31,44,0,82,0,0,0,82
06/26/2011,CHA,TN,ASO,ES,Combined TRACON& Tower with Radar,4,53,23,10,90,0,1,11,0,12,4,54,34,10,102,0,0,0,102
06/27/2011,CHA,TN,ASO,ES,Combined TRACON& Tower with Radar,2,53,34,12,101,0,0,21,0,21,2,53,55,12,122,15,0,15,137
06/28/2011,CHA,TN,ASO,ES,Combined TRACON& Tower with Radar,6,45,34,0,85,0,1,7,0,8,6,46,41,0,93,0,0,0,93
06/29/2011,CHA,TN,ASO,ES,Combined TRACON& Tower with Radar,4,53,54,33,144,0,2,28,4,34,4,55,82,37,178,0,16,16,194
06/30/2011,CHA,TN,ASO,ES,Combined TRACON& Tower with Radar,6,50,64,18,138,0,2,42,4,48,6,52,106,22,186,0,0,0,186
07/01/2011,CHA,TN,ASO,ES,Combined TRACON& Tower with Radar,4,44,54,3,105,0,0,38,5,43,4,44,92,8,148,32,0,32,180
07/02/2011,CHA,TN,ASO,ES,Combined TRACON& Tower with Radar,3,28,28,1,60,0,0,24,9,33,3,28,52,10,93,2,0,2,95
07/03/2011,CHA,TN,ASO,ES,Combined TRACON& Tower with Radar,2,34,13,6,55,0,0,20,0,20,2,34,33,6,75,0,0,0,75
07/04/2011,CHA,TN,ASO,ES,Combined TRACON& Tower with Radar,2,43,26,6,77,0,0,25,0,25,2,43,51,6,102,0,18,18,120
07/05/2011,CHA,TN,ASO,ES,Combined TRACON& Tower with Radar,3,54,35,31,123,0,0,9,3,12,3,54,44,34,135,50,18,68,203
07/06/2011,CHA,TN,ASO,ES,Combined TRACON& Tower with Radar,4,56,28,8,96,0,1,7,1,9,4,57,35,9,105,0,0,0,105
07/07/2011,CHA,TN,ASO,ES,Combined TRACON& Tower with Radar,4,48,58,2,112,0,0,17,0,17,4,48,75,2,129,10,0,10,139
07/08/2011,CHA,TN,ASO,ES,Combined TRACON& Tower with Radar,4,42,26,12,84,0,0,12,8,20,4,42,38,20,104,0,0,0,104
07/09/2011,CHA,TN,ASO,ES,Combined TRACON& Tower with Radar,5,29,26,2,62,0,0,15,0,15,5,29,41,2,77,5,0,5,82
07/10/2011,CHA,TN,ASO,ES,Combined TRACON& Tower with Radar,4,45,29,4,82,0,0,11,9,20,4,45,40,13,102,4,0,4,106
07/11/2011,CHA,TN,ASO,ES,Combined TRACON& Tower with Radar,5,54,30,50,139,0,0,16,5,21,5,54,46,55,160,0,0,0,160
07/12/2011,CHA,TN,ASO,ES,Combined TRACON& Tower with Radar,4,43,34,0,81,0,0,8,0,8,4,43,42,0,89,6,0,6,95
07/13/2011,CHA,TN,ASO,ES,Combined TRACON& Tower with Radar,6,41,65,6,118,0,0,23,2,25,6,41,88,8,143,0,0,0,143
07/14/2011,CHA,TN,ASO,ES,Combined TRACON& Tower with Radar,6,48,56,12,122,0,0,11,1,12,6,48,67,13,134,44,54,98,232
07/15/2011,CHA,TN,ASO,ES,Combined TRACON& Tower with Radar,5,49,35,33,122,0,0,8,5,13,5,49,43,38,135,6,0,6,141
07/16/2011,CHA,TN,ASO,ES,Combined TRACON& Tower with Radar,4,28,17,0,49,0,0,15,1,16,4,28,32,1,65,0,0,0,65
07/17/2011,CHA,TN,ASO,ES,Combined TRACON& Tower with Radar,2,50,41,6,99,0,1,33,5,39,2,51,74,11,138,12,0,12,150
07/18/2011,CHA,TN,ASO,ES,Combined TRACON& Tower with Radar,4,50,50,38,142,0,0,27,4,31,4,50,77,42,173,0,46,46,219
07/19/2011,CHA,TN,ASO,ES,Combined TRACON& Tower with Radar,5,61,44,61,171,0,0,19,10,29,5,61,63,71,200,15,35,50,250
07/20/2011,CHA,TN,ASO,ES,Combined TRACON& Tower with Radar,4,51,69,24,148,0,2,14,10,26,4,53,83,34,174,0,0,0,174
07/21/2011,CHA,TN,ASO,ES,Combined TRACON& Tower with Radar,4,48,62,1,115,0,2,19,1,22,4,50,81,2,137,12,10,22,159
07/22/2011,CHA,TN,ASO,ES,Combined TRACON& Tower with Radar,4,49,57,12,122,0,0,15,2,17,4,49,72,14,139,60,0,60,199
07/23/2011,CHA,TN,ASO,ES,Combined TRACON& Tower with Radar,3,28,30,0,61,0,1,33,3,37,3,29,63,3,98,48,0,48,146
07/24/2011,CHA,TN,ASO,ES,Combined TRACON& Tower with Radar,2,47,28,8,85,0,1,8,4,13,2,48,36,12,98,10,0,10,108
07/25/2011,CHA,TN,ASO,ES,Combined TRACON& Tower with Radar,3,48,44,6,101,0,0,12,0,12,3,48,56,6,113,4,0,4,117
07/26/2011,CHA,TN,ASO,ES,Combined TRACON& Tower with Radar,4,46,42,15,107,0,0,19,5,24,4,46,61,20,131,0,0,0,131
07/27/2011,CHA,TN,ASO,ES,Combined TRACON& Tower with Radar,6,56,50,15,127,0,2,19,2,23,6,58,69,17,150,26,0,26,176
07/28/2011,CHA,TN,ASO,ES,Combined TRACON& Tower with Radar,4,54,56,46,160,0,0,32,2,34,4,54,88,48,194,12,36,48,242
07/29/2011,CHA,TN,ASO,ES,Combined TRACON& Tower with Radar,5,49,44,82,180,0,1,16,9,26,5,50,60,91,206,0,0,0,206
07/30/2011,CHA,TN,ASO,ES,Combined TRACON& Tower with Radar,4,33,15,3,55,0,1,9,4,14,4,34,24,7,69,0,0,0,69
07/31/2011,CHA,TN,ASO,ES,Combined TRACON& Tower with Radar,2,50,33,13,98,0,1,21,2,24,2,51,54,15,122,16,0,16,138
08/01/2011,CHA,TN,ASO,ES,Combined TRACON& Tower with Radar,4,60,45,29,138,0,1,23,5,29,4,61,68,34,167,0,0,0,167
08/02/2011,CHA,TN,ASO,ES,Combined TRACON& Tower with Radar,7,48,44,44,143,0,0,27,2,29,7,48,71,46,172,0,0,0,172
08/03/2011,CHA,TN,ASO,ES,Combined TRACON& Tower with Radar,4,61,56,11,132,0,1,30,3,34,4,62,86,14,166,0,0,0,166
08/04/2011,CHA,TN,ASO,ES,Combined TRACON& Tower with Radar,4,57,55,10,126,0,0,23,0,23,4,57,78,10,149,12,10,22,171
08/05/2011,CHA,TN,ASO,ES,Combined TRACON& Tower with Radar,4,49,38,11,102,0,1,14,9,24,4,50,52,20,126,0,0,0,126
08/06/2011,CHA,TN,ASO,ES,Combined TRACON& Tower with Radar,5,29,22,0,56,0,0,15,0,15,5,29,37,0,71,10,0,10,81
08/07/2011,CHA,TN,ASO,ES,Combined TRACON& Tower with Radar,2,41,26,1,70,0,0,7,4,11,2,41,33,5,81,16,0,16,97
08/08/2011,CHA,TN,ASO,ES,Combined TRACON& Tower with Radar,9,50,37,0,96,0,0,15,0,15,9,50,52,0,111,0,0,0,111
08/09/2011,CHA,TN,ASO,ES,Combined TRACON& Tower with Radar,4,45,47,2,98,0,0,8,0,8,4,45,55,2,106,0,0,0,106
08/10/2011,CHA,TN,ASO,ES,Combined TRACON& Tower with Radar,2,44,61,23,130,0,0,22,1,23,2,44,83,24,153,6,14,20,173
08/11/2011,CHA,TN,ASO,ES,Combined TRACON& Tower with Radar,4,45,84,14,147,0,0,44,4,48,4,45,128,18,195,0,0,0,195
08/12/2011,CHA,TN,ASO,ES,Combined TRACON& Tower with Radar,4,48,53,18,123,0,0,19,1,20,4,48,72,19,143,0,0,0,143
08/13/2011,CHA,TN,ASO,ES,Combined TRACON& Tower with Radar,1,31,24,0,56,0,0,27,0,27,1,31,51,0,83,6,0,6,89
08/14/2011,CHA,TN,ASO,ES,Combined TRACON& Tower with Radar,2,44,41,7,94,0,0,18,1,19,2,44,59,8,113,0,0,0,113
08/15/2011,CHA,TN,ASO,ES,Combined TRACON& Tower with Radar,3,46,29,35,113,0,0,11,3,14,3,46,40,38,127,0,35,35,162
08/16/2011,CHA,TN,ASO,ES,Combined TRACON& Tower with Radar,2,46,72,2,122,0,0,31,0,31,2,46,103,2,153,8,10,18,171
08/17/2011,CHA,TN,ASO,ES,Combined TRACON& Tower with Radar,2,41,59,13,115,0,0,26,1,27,2,41,85,14,142,14,0,14,156
08/18/2011,CHA,TN,ASO,ES,Combined TRACON& Tower with Radar,2,49,73,26,150,0,0,21,2,23,2,49,94,28,173,16,16,32,205
08/19/2011,CHA,TN,ASO,ES,Combined TRACON& Tower with Radar,2,53,64,28,147,0,0,22,3,25,2,53,86,31,172,2,12,14,186
08/20/2011,CHA,TN,ASO,ES,Combined TRACON& Tower with Radar,5,27,30,4,66,0,1,25,0,26,5,28,55,4,92,46,0,46,138
08/21/2011,CHA,TN,ASO,ES,Combined TRACON& Tower with Radar,4,47,28,0,79,0,0,10,1,11,4,47,38,1,90,0,0,0,90
08/22/2011,CHA,TN,ASO,ES,Combined TRACON& Tower with Radar,1,45,50,33,129,0,0,19,5,24,1,45,69,38,153,0,0,0,153
08/23/2011,CHA,TN,ASO,ES,Combined TRACON& Tower with Radar,2,44,55,34,135,0,0,33,7,40,2,44,88,41,175,0,0,0,175
08/24/2011,CHA,TN,ASO,ES,Combined TRACON& Tower with Radar,2,45,70,3,120,0,0,9,5,14,2,45,79,8,134,0,0,0,134
08/25/2011,CHA,TN,ASO,ES,Combined TRACON& Tower with Radar,2,49,53,23,127,0,0,25,9,34,2,49,78,32,161,0,18,18,179
08/26/2011,CHA,TN,ASO,ES,Combined TRACON& Tower with Radar,2,49,38,37,126,0,3,10,11,24,2,52,48,48,150,0,52,52,202
08/27/2011,CHA,TN,ASO,ES,Combined TRACON& Tower with Radar,1,29,20,13,63,0,3,28,2,33,1,32,48,15,96,2,0,2,98
08/28/2011,CHA,TN,ASO,ES,Combined TRACON& Tower with Radar,0,39,28,7,74,0,0,29,10,39,0,39,57,17,113,20,0,20,133
08/29/2011,CHA,TN,ASO,ES,Combined TRACON& Tower with Radar,1,47,57,26,131,0,0,36,2,38,1,47,93,28,169,0,0,0,169
08/30/2011,CHA,TN,ASO,ES,Combined TRACON& Tower with Radar,2,48,57,12,119,0,1,51,6,58,2,49,108,18,177,24,0,24,201
08/31/2011,CHA,TN,ASO,ES,Combined TRACON& Tower with Radar,2,45,67,9,123,0,0,15,7,22,2,45,82,16,145,10,0,10,155
09/01/2011,CHA,TN,ASO,ES,Combined TRACON& Tower with Radar,4,49,43,14,110,0,0,19,2,21,4,49,62,16,131,0,0,0,131
09/02/2011,CHA,TN,ASO,ES,Combined TRACON& Tower with Radar,4,48,54,20,126,0,0,17,2,19,4,48,71,22,145,0,0,0,145
09/03/2011,CHA,TN,ASO,ES,Combined TRACON& Tower with Radar,3,27,11,0,41,0,0,15,0,15,3,27,26,0,56,10,0,10,66
09/04/2011,CHA,TN,ASO,ES,Combined TRACON& Tower with Radar,2,30,23,0,55,0,0,4,0,4,2,30,27,0,59,0,0,0,59
09/05/2011,CHA,TN,ASO,ES,Combined TRACON& Tower with Radar,2,40,9,0,51,0,0,0,0,0,2,40,9,0,51,0,0,0,51
09/06/2011,CHA,TN,ASO,ES,Combined TRACON& Tower with Radar,1,41,49,7,98,0,0,0,0,0,1,41,49,7,98,0,0,0,98
09/07/2011,CHA,TN,ASO,ES,Combined TRACON& Tower with Radar,6,46,68,12,132,0,0,7,1,8,6,46,75,13,140,16,10,26,166
09/08/2011,CHA,TN,ASO,ES,Combined TRACON& Tower with Radar,2,53,59,7,121,0,0,15,1,16,2,53,74,8,137,16,0,16,153
09/09/2011,CHA,TN,ASO,ES,Combined TRACON& Tower with Radar,8,52,49,28,137,0,4,33,5,42,8,56,82,33,179,6,10,16,195
09/10/2011,CHA,TN,ASO,ES,Combined TRACON& Tower with Radar,1,29,21,0,51,0,0,30,0,30,1,29,51,0,81,34,0,34,115
09/11/2011,CHA,TN,ASO,ES,Combined TRACON& Tower with Radar,0,51,29,0,80,0,0,11,0,11,0,51,40,0,91,0,0,0,91
09/12/2011,CHA,TN,ASO,ES,Combined TRACON& Tower with Radar,2,44,53,30,129,0,0,16,4,20,2,44,69,34,149,0,40,40,189
09/13/2011,CHA,TN,ASO,ES,Combined TRACON& Tower with Radar,2,49,61,23,135,0,0,29,8,37,2,49,90,31,172,30,4,34,206
09/14/2011,CHA,TN,ASO,ES,Combined TRACON& Tower with Radar,2,54,43,62,161,0,1,24,10,35,2,55,67,72,196,26,82,108,304
09/15/2011,CHA,TN,ASO,ES,Combined TRACON& Tower with Radar,4,45,66,40,155,0,0,8,2,10,4,45,74,42,165,0,20,20,185
09/16/2011,CHA,TN,ASO,ES,Combined TRACON& Tower with Radar,2,54,64,3,123,0,1,15,0,16,2,55,79,3,139,32,0,32,171
09/17/2011,CHA,TN,ASO,ES,Combined TRACON& Tower with Radar,4,28,32,0,64,0,0,14,0,14,4,28,46,0,78,0,0,0,78
09/18/2011,CHA,TN,ASO,ES,Combined TRACON& Tower with Radar,0,50,30,3,83,0,0,24,1,25,0,50,54,4,108,0,0,0,108
09/19/2011,CHA,TN,ASO,ES,Combined TRACON& Tower with Radar,9,53,40,23,125,0,0,10,4,14,9,53,50,27,139,25,0,25,164
09/20/2011,CHA,TN,ASO,ES,Combined TRACON& Tower with Radar,4,45,81,9,139,0,0,7,0,7,4,45,88,9,146,0,0,0,146
09/21/2011,CHA,TN,ASO,ES,Combined TRACON& Tower with Radar,6,48,73,5,132,0,1,8,1,10,6,49,81,6,142,18,90,108,250
09/22/2011,CHA,TN,ASO,ES,Combined TRACON& Tower with Radar,10,62,68,9,149,0,0,8,1,9,10,62,76,10,158,0,0,0,158
09/23/2011,CHA,TN,ASO,ES,Combined TRACON& Tower with Radar,2,52,62,24,140,0,3,9,0,12,2,55,71,24,152,48,28,76,228
09/24/2011,CHA,TN,ASO,ES,Combined TRACON& Tower with Radar,8,34,40,11,93,0,0,39,1,40,8,34,79,12,133,0,0,0,133
09/25/2011,CHA,TN,ASO,ES,Combined TRACON& Tower with Radar,0,37,59,7,103,0,0,24,1,25,0,37,83,8,128,36,0,36,164
09/26/2011,CHA,TN,ASO,ES,Combined TRACON& Tower with Radar,1,47,36,2,86,0,0,5,0,5,1,47,41,2,91,6,0,6,97
09/27/2011,CHA,TN,ASO,ES,Combined TRACON& Tower with Radar,2,48,57,27,134,0,1,17,1,19,2,49,74,28,153,22,6,28,181
09/28/2011,CHA,TN,ASO,ES,Combined TRACON& Tower with Radar,2,46,68,36,152,0,0,31,2,33,2,46,99,38,185,6,6,12,197
09/29/2011,CHA,TN,ASO,ES,Combined TRACON& Tower with Radar,2,54,60,3,119,0,0,35,5,40,2,54,95,8,159,0,34,34,193
09/30/2011,CHA,TN,ASO,ES,Combined TRACON& Tower with Radar,2,52,64,47,165,0,2,22,6,30,2,54,86,53,195,0,0,0,195
10/01/2011,CHA,TN,ASO,ES,Combined TRACON& Tower with Radar,1,24,24,0,49,0,0,21,0,21,1,24,45,0,70,0,0,0,70
10/02/2011,CHA,TN,ASO,ES,Combined TRACON& Tower with Radar,0,43,28,5,76,0,0,16,1,17,0,43,44,6,93,14,0,14,107
10/03/2011,CHA,TN,ASO,ES,Combined TRACON& Tower with Radar,0,41,47,19,107,0,0,24,7,31,0,41,71,26,138,65,129,194,332
10/04/2011,CHA,TN,ASO,ES,Combined TRACON& Tower with Radar,1,43,49,22,115,0,1,37,0,38,1,44,86,22,153,60,75,135,288
10/05/2011,CHA,TN,ASO,ES,Combined TRACON& Tower with Radar,2,47,50,52,151,0,0,28,12,40,2,47,78,64,191,35,69,104,295
10/06/2011,CHA,TN,ASO,ES,Combined TRACON& Tower with Radar,4,53,62,16,135,0,0,42,4,46,4,53,104,20,181,41,143,184,365
10/07/2011,CHA,TN,ASO,ES,Combined TRACON& Tower with Radar,4,46,55,11,116,0,0,39,1,40,4,46,94,12,156,10,12,22,178
10/08/2011,CHA,TN,ASO,ES,Combined TRACON& Tower with Radar,1,29,21,0,51,0,0,28,0,28,1,29,49,0,79,16,0,16,95
10/09/2011,CHA,TN,ASO,ES,Combined TRACON& Tower with Radar,2,42,39,15,98,0,1,22,1,24,2,43,61,16,122,15,10,25,147
10/10/2011,CHA,TN,ASO,ES,Combined TRACON& Tower with Radar,3,48,33,0,84,0,0,20,0,20,3,48,53,0,104,0,0,0,104
10/11/2011,CHA,TN,ASO,ES,Combined TRACON& Tower with Radar,7,49,66,10,132,0,1,1,0,2,7,50,67,10,134,0,0,0,134
10/12/2011,CHA,TN,ASO,ES,Combined TRACON& Tower with Radar,1,55,62,22,140,0,0,8,3,11,1,55,70,25,151,0,0,0,151
10/13/2011,CHA,TN,ASO,ES,Combined TRACON& Tower with Radar,4,50,53,4,111,0,0,7,5,12,4,50,60,9,123,0,0,0,123
10/14/2011,CHA,TN,ASO,ES,Combined TRACON& Tower with Radar,4,53,48,15,120,0,0,31,5,36,4,53,79,20,156,71,129,200,356
10/15/2011,CHA,TN,ASO,ES,Combined TRACON& Tower with Radar,1,28,15,6,50,0,0,30,0,30,1,28,45,6,80,29,142,171,251
10/16/2011,CHA,TN,ASO,ES,Combined TRACON& Tower with Radar,2,44,40,10,96,0,0,35,0,35,2,44,75,10,131,0,0,0,131
10/17/2011,CHA,TN,ASO,ES,Combined TRACON& Tower with Radar,3,41,55,28,127,0,1,18,8,27,3,42,73,36,154,12,0,12,166
10/18/2011,CHA,TN,ASO,ES,Combined TRACON& Tower with Radar,4,45,48,49,146,0,0,19,5,24,4,45,67,54,170,0,32,32,202
10/19/2011,CHA,TN,ASO,ES,Combined TRACON& Tower with Radar,2,49,55,0,106,0,0,1,0,1,2,49,56,0,107,0,0,0,107
10/20/2011,CHA,TN,ASO,ES,Combined TRACON& Tower with Radar,4,48,63,0,115,0,1,21,5,27,4,49,84,5,142,0,0,0,142
10/21/2011,CHA,TN,ASO,ES,Combined TRACON& Tower with Radar,4,45,53,33,135,0,0,32,6,38,4,45,85,39,173,18,24,42,215
10/22/2011,CHA,TN,ASO,ES,Combined TRACON& Tower with Radar,1,27,20,6,54,0,0,27,0,27,1,27,47,6,81,44,0,44,125
10/23/2011,CHA,TN,ASO,ES,Combined TRACON& Tower with Radar,2,49,36,10,97,0,0,31,0,31,2,49,67,10,128,30,0,30,158
10/24/2011,CHA,TN,ASO,ES,Combined TRACON& Tower with Radar,3,47,46,9,105,0,0,35,2,37,3,47,81,11,142,0,30,30,172
10/25/2011,CHA,TN,ASO,ES,Combined TRACON& Tower with Radar,6,48,55,24,133,0,0,23,4,27,6,48,78,28,160,40,0,40,200
10/26/2011,CHA,TN,ASO,ES,Combined TRACON& Tower with Radar,2,54,65,8,129,0,0,28,2,30,2,54,93,10,159,0,0,0,159
10/27/2011,CHA,TN,ASO,ES,Combined TRACON& Tower with Radar,4,49,69,22,144,0,0,5,2,7,4,49,74,24,151,0,0,0,151
10/28/2011,CHA,TN,ASO,ES,Combined TRACON& Tower with Radar,4,52,58,2,116,0,0,1,0,1,4,52,59,2,117,0,0,0,117
10/29/2011,CHA,TN,ASO,ES,Combined TRACON& Tower with Radar,2,35,28,2,67,0,1,21,0,22,2,36,49,2,89,0,0,0,89
10/30/2011,CHA,TN,ASO,ES,Combined TRACON& Tower with Radar,2,47,33,17,99,0,0,22,1,23,2,47,55,18,122,26,0,26,148
10/31/2011,CHA,TN,ASO,ES,Combined TRACON& Tower with Radar,3,45,49,20,117,0,0,12,1,13,3,45,61,21,130,0,0,0,130
11/01/2011,CHA,TN,ASO,ES,Combined TRACON& Tower with Radar,2,48,53,15,118,0,2,25,5,32,2,50,78,20,150,0,0,0,150
11/02/2011,CHA,TN,ASO,ES,Combined TRACON& Tower with Radar,1,56,50,25,132,0,0,47,5,52,1,56,97,30,184,16,0,16,200
11/03/2011,CHA,TN,ASO,ES,Combined TRACON& Tower with Radar,4,55,47,13,119,0,0,6,1,7,4,55,53,14,126,6,0,6,132
11/04/2011,CHA,TN,ASO,ES,Combined TRACON& Tower with Radar,4,52,58,18,132,0,0,15,4,19,4,52,73,22,151,0,0,0,151
11/05/2011,CHA,TN,ASO,ES,Combined TRACON& Tower with Radar,1,39,50,0,90,0,4,49,0,53,1,43,99,0,143,28,0,28,171
11/06/2011,CHA,TN,ASO,ES,Combined TRACON& Tower with Radar,2,47,42,6,97,0,3,21,2,26,2,50,63,8,123,0,0,0,123
11/07/2011,CHA,TN,ASO,ES,Combined TRACON& Tower with Radar,3,51,36,19,109,0,0,20,3,23,3,51,56,22,132,0,0,0,132
11/08/2011,CHA,TN,ASO,ES,Combined TRACON& Tower with Radar,2,48,52,21,123,0,0,37,5,42,2,48,89,26,165,0,0,0,165
11/09/2011,CHA,TN,ASO,ES,Combined TRACON& Tower with Radar,2,47,42,4,95,0,0,5,2,7,2,47,47,6,102,0,0,0,102
11/10/2011,CHA,TN,ASO,ES,Combined TRACON& Tower with Radar,4,46,65,4,119,0,0,24,10,34,4,46,89,14,153,8,0,8,161
11/11/2011,CHA,TN,ASO,ES,Combined TRACON& Tower with Radar,4,50,62,2,118,0,0,34,2,36,4,50,96,4,154,31,0,31,185
11/12/2011,CHA,TN,ASO,ES,Combined TRACON& Tower with Radar,2,31,21,10,64,0,2,47,0,49,2,33,68,10,113,0,0,0,113
11/13/2011,CHA,TN,ASO,ES,Combined TRACON& Tower with Radar,2,46,42,7,97,0,0,5,1,6,2,46,47,8,103,0,0,0,103
11/14/2011,CHA,TN,ASO,ES,Combined TRACON& Tower with Radar,3,44,62,44,153,0,0,8,2,10,3,44,70,46,163,0,30,30,193
11/15/2011,CHA,TN,ASO,ES,Combined TRACON& Tower with Radar,2,45,51,0,98,0,0,1,0,1,2,45,52,0,99,0,0,0,99
11/16/2011,CHA,TN,ASO,ES,Combined TRACON& Tower with Radar,4,43,40,0,87,0,0,1,0,1,4,43,41,0,88,0,0,0,88
11/17/2011,CHA,TN,ASO,ES,Combined TRACON& Tower with Radar,6,47,85,27,165,0,1,30,7,38,6,48,115,34,203,0,0,0,203
11/18/2011,CHA,TN,ASO,ES,Combined TRACON& Tower with Radar,4,55,42,32,133,0,2,28,8,38,4,57,70,40,171,65,35,100,271
11/19/2011,CHA,TN,ASO,ES,Combined TRACON& Tower with Radar,1,32,43,0,76,0,1,30,0,31,1,33,73,0,107,14,0,14,121
11/20/2011,CHA,TN,ASO,ES,Combined TRACON& Tower with Radar,2,41,35,2,80,0,0,2,0,2,2,41,37,2,82,0,0,0,82
11/21/2011,CHA,TN,ASO,ES,Combined TRACON& Tower with Radar,6,43,34,0,83,0,0,4,0,4,6,43,38,0,87,18,0,18,105
11/22/2011,CHA,TN,ASO,ES,Combined TRACON& Tower with Radar,4,46,37,0,87,0,0,4,0,4,4,46,41,0,91,0,0,0,91
11/23/2011,CHA,TN,ASO,ES,Combined TRACON& Tower with Radar,7,52,48,2,109,0,2,10,0,12,7,54,58,2,121,0,0,0,121
11/24/2011,CHA,TN,ASO,ES,Combined TRACON& Tower with Radar,2,21,8,0,31,0,0,31,0,31,2,21,39,0,62,0,0,0,62
11/25/2011,CHA,TN,ASO,ES,Combined TRACON& Tower with Radar,4,29,22,0,55,0,0,32,0,32,4,29,54,0,87,0,0,0,87
11/26/2011,CHA,TN,ASO,ES,Combined TRACON& Tower with Radar,3,36,29,0,68,0,0,21,0,21,3,36,50,0,89,24,0,24,113
11/27/2011,CHA,TN,ASO,ES,Combined TRACON& Tower with Radar,1,54,33,0,88,0,0,0,0,0,1,54,33,0,88,0,0,0,88
11/28/2011,CHA,TN,ASO,ES,Combined TRACON& Tower with Radar,5,50,42,0,97,0,0,0,0,0,5,50,42,0,97,0,0,0,97
11/29/2011,CHA,TN,ASO,ES,Combined TRACON& Tower with Radar,2,42,38,2,84,0,0,3,0,3,2,42,41,2,87,0,0,0,87
11/30/2011,CHA,TN,ASO,ES,Combined TRACON& Tower with Radar,2,47,64,33,146,0,0,33,6,39,2,47,97,39,185,0,0,0,185
12/01/2011,CHA,TN,ASO,ES,Combined TRACON& Tower with Radar,4,50,75,23,152,0,0,41,9,50,4,50,116,32,202,55,0,55,257
12/02/2011,CHA,TN,ASO,ES,Combined TRACON& Tower with Radar,4,54,48,24,130,0,0,24,2,26,4,54,72,26,156,0,0,0,156
12/03/2011,CHA,TN,ASO,ES,Combined TRACON& Tower with Radar,1,31,24,0,56,0,0,19,0,19,1,31,43,0,75,0,0,0,75
12/04/2011,CHA,TN,ASO,ES,Combined TRACON& Tower with Radar,4,48,35,5,92,0,0,8,1,9,4,48,43,6,101,0,0,0,101
12/05/2011,CHA,TN,ASO,ES,Combined TRACON& Tower with Radar,3,51,47,30,131,0,1,3,1,5,3,52,50,31,136,0,12,12,148
12/06/2011,CHA,TN,ASO,ES,Combined TRACON& Tower with Radar,2,45,46,23,116,0,0,0,0,0,2,45,46,23,116,0,0,0,116
12/07/2011,CHA,TN,ASO,ES,Combined TRACON& Tower with Radar,6,49,28,0,83,0,0,1,0,1,6,49,29,0,84,0,0,0,84
12/08/2011,CHA,TN,ASO,ES,Combined TRACON& Tower with Radar,6,49,50,30,135,0,0,30,2,32,6,49,80,32,167,0,0,0,167
12/09/2011,CHA,TN,ASO,ES,Combined TRACON& Tower with Radar,7,51,55,20,133,0,0,24,0,24,7,51,79,20,157,0,0,0,157
12/10/2011,CHA,TN,ASO,ES,Combined TRACON& Tower with Radar,1,28,14,2,45,0,0,31,0,31,1,28,45,2,76,0,0,0,76
12/11/2011,CHA,TN,ASO,ES,Combined TRACON& Tower with Radar,2,47,24,5,78,0,1,32,3,36,2,48,56,8,114,6,0,6,120
12/12/2011,CHA,TN,ASO,ES,Combined TRACON& Tower with Radar,3,50,42,4,99,0,0,34,0,34,3,50,76,4,133,24,20,44,177
12/13/2011,CHA,TN,ASO,ES,Combined TRACON& Tower with Radar,4,55,63,12,134,0,0,6,3,9,4,55,69,15,143,0,0,0,143
12/14/2011,CHA,TN,ASO,ES,Combined TRACON& Tower with Radar,6,44,58,34,142,0,0,13,1,14,6,44,71,35,156,30,0,30,186
12/15/2011,CHA,TN,ASO,ES,Combined TRACON& Tower with Radar,6,56,50,8,120,0,0,10,0,10,6,56,60,8,130,0,0,0,130
12/16/2011,CHA,TN,ASO,ES,Combined TRACON& Tower with Radar,7,63,33,0,103,0,0,0,0,0,7,63,33,0,103,0,0,0,103
12/17/2011,CHA,TN,ASO,ES,Combined TRACON& Tower with Radar,4,31,25,0,60,0,1,27,3,31,4,32,52,3,91,26,0,26,117
12/18/2011,CHA,TN,ASO,ES,Combined TRACON& Tower with Radar,4,33,18,0,55,0,1,22,1,24,4,34,40,1,79,77,25,102,181
12/19/2011,CHA,TN,ASO,ES,Combined TRACON& Tower with Radar,5,37,52,17,111,0,0,51,6,57,5,37,103,23,168,0,0,0,168
12/20/2011,CHA,TN,ASO,ES,Combined TRACON& Tower with Radar,2,43,50,34,129,0,0,8,0,8,2,43,58,34,137,16,0,16,153
12/21/2011,CHA,TN,ASO,ES,Combined TRACON& Tower with Radar,7,40,35,1,83,0,1,2,0,3,7,41,37,1,86,0,0,0,86
12/22/2011,CHA,TN,ASO,ES,Combined TRACON& Tower with Radar,10,43,35,0,88,0,0,0,0,0,10,43,35,0,88,0,0,0,88
12/23/2011,CHA,TN,ASO,ES,Combined TRACON& Tower with Radar,6,44,41,0,91,0,0,5,0,5,6,44,46,0,96,41,0,41,137
12/24/2011,CHA,TN,ASO,ES,Combined TRACON& Tower with Radar,1,25,10,0,36,0,1,13,0,14,1,26,23,0,50,0,0,0,50
12/25/2011,CHA,TN,ASO,ES,Combined TRACON& Tower with Radar,2,27,13,0,42,0,0,7,0,7,2,27,20,0,49,0,0,0,49
12/26/2011,CHA,TN,ASO,ES,Combined TRACON& Tower with Radar,2,50,25,0,77,0,0,21,0,21,2,50,46,0,98,0,0,0,98
12/27/2011,CHA,TN,ASO,ES,Combined TRACON& Tower with Radar,5,42,22,2,71,0,0,0,0,0,5,42,22,2,71,0,0,0,71
12/28/2011,CHA,TN,ASO,ES,Combined TRACON& Tower with Radar,4,44,36,0,84,0,2,32,0,34,4,46,68,0,118,0,0,0,118
12/29/2011,CHA,TN,ASO,ES,Combined TRACON& Tower with Radar,5,42,29,1,77,0,0,39,2,41,5,42,68,3,118,18,0,18,136
12/30/2011,CHA,TN,ASO,ES,Combined TRACON& Tower with Radar,5,46,28,4,83,0,4,8,0,12,5,50,36,4,95,40,0,40,135
12/31/2011,CHA,TN,ASO,ES,Combined TRACON& Tower with Radar,3,25,8,0,36,0,0,35,0,35,3,25,43,0,71,40,0,40,111
01/01/2012,CHA,TN,ASO,ES,Combined TRACON& Tower with Radar,2,27,13,0,42,0,0,9,0,9,2,27,22,0,51,32,0,32,83
01/02/2012,CHA,TN,ASO,ES,Combined TRACON& Tower with Radar,1,52,31,0,84,0,2,4,0,6,1,54,35,0,90,0,0,0,90
01/03/2012,CHA,TN,ASO,ES,Combined TRACON& Tower with Radar,3,49,30,2,84,0,0,18,0,18,3,49,48,2,102,0,0,0,102
01/04/2012,CHA,TN,ASO,ES,Combined TRACON& Tower with Radar,2,41,24,22,89,0,0,17,1,18,2,41,41,23,107,8,0,8,115
01/05/2012,CHA,TN,ASO,ES,Combined TRACON& Tower with Radar,4,48,67,32,151,0,1,34,8,43,4,49,101,40,194,14,27,41,235
01/06/2012,CHA,TN,ASO,ES,Combined TRACON& Tower with Radar,4,44,33,45,126,0,0,40,7,47,4,44,73,52,173,0,22,22,195
01/07/2012,CHA,TN,ASO,ES,Combined TRACON& Tower with Radar,1,27,24,0,52,0,0,1,0,1,1,27,25,0,53,0,0,0,53
01/08/2012,CHA,TN,ASO,ES,Combined TRACON& Tower with Radar,2,46,29,0,77,0,0,0,0,0,2,46,29,0,77,0,0,0,77
01/09/2012,CHA,TN,ASO,ES,Combined TRACON& Tower with Radar,3,52,31,14,100,0,0,0,0,0,3,52,31,14,100,0,0,0,100
01/10/2012,CHA,TN,ASO,ES,Combined TRACON& Tower with Radar,2,44,49,35,130,0,0,2,0,2,2,44,51,35,132,0,0,0,132
01/11/2012,CHA,TN,ASO,ES,Combined TRACON& Tower with Radar,2,43,28,0,73,0,0,0,0,0,2,43,28,0,73,0,0,0,73
01/12/2012,CHA,TN,ASO,ES,Combined TRACON& Tower with Radar,4,48,55,4,111,0,0,2,0,2,4,48,57,4,113,0,0,0,113
01/13/2012,CHA,TN,ASO,ES,Combined TRACON& Tower with Radar,5,51,55,7,118,0,3,19,2,24,5,54,74,9,142,0,0,0,142
01/14/2012,CHA,TN,ASO,ES,Combined TRACON& Tower with Radar,1,34,21,0,56,0,0,34,0,34,1,34,55,0,90,0,0,0,90
01/15/2012,CHA,TN,ASO,ES,Combined TRACON& Tower with Radar,2,44,33,0,79,0,0,24,0,24,2,44,57,0,103,20,0,20,123
01/16/2012,CHA,TN,ASO,ES,Combined TRACON& Tower with Radar,3,40,57,0,100,0,2,16,0,18,3,42,73,0,118,14,0,14,132
01/17/2012,CHA,TN,ASO,ES,Combined TRACON& Tower with Radar,2,38,41,14,95,0,0,1,0,1,2,38,42,14,96,0,0,0,96
01/18/2012,CHA,TN,ASO,ES,Combined TRACON& Tower with Radar,2,39,67,9,117,0,0,24,3,27,2,39,91,12,144,0,5,5,149
01/19/2012,CHA,TN,ASO,ES,Combined TRACON& Tower with Radar,4,60,73,20,157,0,2,36,5,43,4,62,109,25,200,97,42,139,339
01/20/2012,CHA,TN,ASO,ES,Combined TRACON& Tower with Radar,4,57,55,29,145,0,0,6,1,7,4,57,61,30,152,43,55,98,250
01/21/2012,CHA,TN,ASO,ES,Combined TRACON& Tower with Radar,7,38,12,2,59,0,0,0,0,0,7,38,12,2,59,0,0,0,59
01/22/2012,CHA,TN,ASO,ES,Combined TRACON& Tower with Radar,2,41,39,3,85,0,0,0,0,0,2,41,39,3,85,0,0,0,85
01/23/2012,CHA,TN,ASO,ES,Combined TRACON& Tower with Radar,4,52,51,1,108,0,2,18,1,21,4,54,69,2,129,0,0,0,129
01/24/2012,CHA,TN,ASO,ES,Combined TRACON& Tower with Radar,2,43,49,18,112,0,2,51,11,64,2,45,100,29,176,20,0,20,196
01/25/2012,CHA,TN,ASO,ES,Combined TRACON& Tower with Radar,3,50,60,3,116,0,0,17,1,18,3,50,77,4,134,0,0,0,134
01/26/2012,CHA,TN,ASO,ES,Combined TRACON& Tower with Radar,5,51,29,2,87,0,0,0,0,0,5,51,29,2,87,0,0,0,87
01/27/2012,CHA,TN,ASO,ES,Combined TRACON& Tower with Radar,6,48,40,6,100,0,0,18,1,19,6,48,58,7,119,46,22,68,187
01/28/2012,CHA,TN,ASO,ES,Combined TRACON& Tower with Radar,0,28,19,6,53,0,1,12,2,15,0,29,31,8,68,16,6,22,90
01/29/2012,CHA,TN,ASO,ES,Combined TRACON& Tower with Radar,5,41,42,7,95,0,2,30,1,33,5,43,72,8,128,4,0,4,132
01/30/2012,CHA,TN,ASO,ES,Combined TRACON& Tower with Radar,4,47,44,4,99,0,0,38,5,43,4,47,82,9,142,0,0,0,142
01/31/2012,CHA,TN,ASO,ES,Combined TRACON& Tower with Radar,2,45,58,35,140,0,4,39,10,53,2,49,97,45,193,16,0,16,209
02/01/2012,CHA,TN,ASO,ES,Combined TRACON& Tower with Radar,4,56,41,1,102,0,0,0,1,1,4,56,41,2,103,0,0,0,103
02/02/2012,CHA,TN,ASO,ES,Combined TRACON& Tower with Radar,4,55,57,34,150,0,1,34,2,37,4,56,91,36,187,44,0,44,231
02/03/2012,CHA,TN,ASO,ES,Combined TRACON& Tower with Radar,8,54,34,47,143,0,1,24,4,29,8,55,58,51,172,0,0,0,172
02/04/2012,CHA,TN,ASO,ES,Combined TRACON& Tower with Radar,1,30,13,0,44,0,0,4,0,4,1,30,17,0,48,18,0,18,66
02/05/2012,CHA,TN,ASO,ES,Combined TRACON& Tower with Radar,2,48,35,3,88,0,1,8,5,14,2,49,43,8,102,10,0,10,112
02/06/2012,CHA,TN,ASO,ES,Combined TRACON& Tower with Radar,3,47,46,0,96,0,0,18,0,18,3,47,64,0,114,30,0,30,144
02/07/2012,CHA,TN,ASO,ES,Combined TRACON& Tower with Radar,3,42,52,37,134,0,0,43,11,54,3,42,95,48,188,0,0,0,188
02/08/2012,CHA,TN,ASO,ES,Combined TRACON& Tower with Radar,5,54,61,16,136,0,1,21,4,26,5,55,82,20,162,173,70,243,405
02/09/2012,CHA,TN,ASO,ES,Combined TRACON& Tower with Radar,5,50,53,17,125,0,2,32,3,37,5,52,85,20,162,0,0,0,162
02/10/2012,CHA,TN,ASO,ES,Combined TRACON& Tower with Radar,4,55,40,8,107,0,0,26,2,28,4,55,66,10,135,0,0,0,135
02/11/2012,CHA,TN,ASO,ES,Combined TRACON& Tower with Radar,2,31,13,0,46,0,0,3,0,3,2,31,16,0,49,0,0,0,49
02/12/2012,CHA,TN,ASO,ES,Combined TRACON& Tower with Radar,4,44,37,10,95,0,2,29,1,32,4,46,66,11,127,46,0,46,173
02/13/2012,CHA,TN,ASO,ES,Combined TRACON& Tower with Radar,3,50,42,27,122,0,0,22,3,25,3,50,64,30,147,0,0,0,147
02/14/2012,CHA,TN,ASO,ES,Combined TRACON& Tower with Radar,3,42,57,12,114,0,0,0,0,0,3,42,57,12,114,0,0,0,114
02/15/2012,CHA,TN,ASO,ES,Combined TRACON& Tower with Radar,2,43,44,42,131,0,1,20,5,26,2,44,64,47,157,0,0,0,157
02/16/2012,CHA,TN,ASO,ES,Combined TRACON& Tower with Radar,14,47,66,2,129,0,0,5,0,5,14,47,71,2,134,0,0,0,134
02/17/2012,CHA,TN,ASO,ES,Combined TRACON& Tower with Radar,4,49,86,62,201,0,0,52,1,53,4,49,138,63,254,0,0,0,254
02/18/2012,CHA,TN,ASO,ES,Combined TRACON& Tower with Radar,0,29,21,0,50,0,1,30,0,31,0,30,51,0,81,49,0,49,130
02/19/2012,CHA,TN,ASO,ES,Combined TRACON& Tower with Radar,4,39,11,0,54,0,0,0,0,0,4,39,11,0,54,0,0,0,54
02/20/2012,CHA,TN,ASO,ES,Combined TRACON& Tower with Radar,1,54,67,17,139,0,0,43,0,43,1,54,110,17,182,12,8,20,202
02/21/2012,CHA,TN,ASO,ES,Combined TRACON& Tower with Radar,6,44,59,8,117,0,0,20,0,20,6,44,79,8,137,0,0,0,137
02/22/2012,CHA,TN,ASO,ES,Combined TRACON& Tower with Radar,2,50,61,10,123,0,0,8,0,8,2,50,69,10,131,0,0,0,131
02/23/2012,CHA,TN,ASO,ES,Combined TRACON& Tower with Radar,9,56,75,28,168,0,0,20,0,20,9,56,95,28,188,62,6,68,256
02/24/2012,CHA,TN,ASO,ES,Combined TRACON& Tower with Radar,8,47,50,22,127,0,1,8,0,9,8,48,58,22,136,0,0,0,136
02/25/2012,CHA,TN,ASO,ES,Combined TRACON& Tower with Radar,1,25,18,0,44,0,0,26,0,26,1,25,44,0,70,127,15,142,212
02/26/2012,CHA,TN,ASO,ES,Combined TRACON& Tower with Radar,4,46,39,15,104,0,3,55,4,62,4,49,94,19,166,4,0,4,170
02/27/2012,CHA,TN,ASO,ES,Combined TRACON& Tower with Radar,3,45,53,15,116,0,2,29,3,34,3,47,82,18,150,0,0,0,150
02/28/2012,CHA,TN,ASO,ES,Combined TRACON& Tower with Radar,3,44,57,68,172,0,1,31,7,39,3,45,88,75,211,8,18,26,237
02/29/2012,CHA,TN,ASO,ES,Combined TRACON& Tower with Radar,4,54,45,6,109,0,0,0,0,0,4,54,45,6,109,0,0,0,109
03/01/2012,CHA,TN,ASO,ES,Combined TRACON& Tower with Radar,8,52,72,10,142,0,0,43,5,48,8,52,115,15,190,50,0,50,240
03/02/2012,CHA,TN,ASO,ES,Combined TRACON& Tower with Radar,4,43,29,0,76,0,0,6,0,6,4,43,35,0,82,12,0,12,94
03/03/2012,CHA,TN,ASO,ES,Combined TRACON& Tower with Radar,1,28,23,19,71,0,1,29,3,33,1,29,52,22,104,42,6,48,152
03/04/2012,CHA,TN,ASO,ES,Combined TRACON& Tower with Radar,5,45,25,13,88,0,1,10,7,18,5,46,35,20,106,40,0,40,146
03/05/2012,CHA,TN,ASO,ES,Combined TRACON& Tower with Radar,2,52,72,36,162,0,1,45,4,50,2,53,117,40,212,77,0,77,289
03/06/2012,CHA,TN,ASO,ES,Combined TRACON& Tower with Radar,6,48,49,33,136,0,1,56,3,60,6,49,105,36,196,28,12,40,236
03/07/2012,CHA,TN,ASO,ES,Combined TRACON& Tower with Radar,5,43,59,14,121,0,0,36,1,37,5,43,95,15,158,0,0,0,158
03/08/2012,CHA,TN,ASO,ES,Combined TRACON& Tower with Radar,6,53,57,21,137,0,1,6,5,12,6,54,63,26,149,0,0,0,149
03/09/2012,CHA,TN,ASO,ES,Combined TRACON& Tower with Radar,6,41,49,8,104,0,0,11,2,13,6,41,60,10,117,0,0,0,117
03/10/2012,CHA,TN,ASO,ES,Combined TRACON& Tower with Radar,1,34,26,11,72,0,0,34,1,35,1,34,60,12,107,36,0,36,143
03/11/2012,CHA,TN,ASO,ES,Combined TRACON& Tower with Radar,4,46,49,4,103,0,0,37,0,37,4,46,86,4,140,8,0,8,148
03/12/2012,CHA,TN,ASO,ES,Combined TRACON& Tower with Radar,3,55,51,18,127,0,0,5,0,5,3,55,56,18,132,74,12,86,218
03/13/2012,CHA,TN,ASO,ES,Combined TRACON& Tower with Radar,8,50,91,14,163,0,0,18,1,19,8,50,109,15,182,10,0,10,192
03/14/2012,CHA,TN,ASO,ES,Combined TRACON& Tower with Radar,4,57,59,42,162,0,1,48,4,53,4,58,107,46,215,50,41,91,306
03/15/2012,CHA,TN,ASO,ES,Combined TRACON& Tower with Radar,10,49,62,25,146,0,0,22,5,27,10,49,84,30,173,0,0,0,173
03/16/2012,CHA,TN,ASO,ES,Combined TRACON& Tower with Radar,4,56,39,24,123,0,0,19,1,20,4,56,58,25,143,16,0,16,159
03/17/2012,CHA,TN,ASO,ES,Combined TRACON& Tower with Radar,1,32,13,1,47,0,0,20,1,21,1,32,33,2,68,0,0,0,68
03/18/2012,CHA,TN,ASO,ES,Combined TRACON& Tower with Radar,4,46,35,10,95,0,2,41,7,50,4,48,76,17,145,10,0,10,155
03/19/2012,CHA,TN,ASO,ES,Combined TRACON& Tower with Radar,3,55,52,27,137,0,3,40,3,46,3,58,92,30,183,0,0,0,183
03/20/2012,CHA,TN,ASO,ES,Combined TRACON& Tower with Radar,8,47,55,75,185,0,0,23,5,28,8,47,78,80,213,38,34,72,285
03/21/2012,CHA,TN,ASO,ES,Combined TRACON& Tower with Radar,4,49,66,15,134,0,0,36,2,38,4,49,102,17,172,0,0,0,172
03/22/2012,CHA,TN,ASO,ES,Combined TRACON& Tower with Radar,8,49,47,6,110,0,0,11,0,11,8,49,58,6,121,0,0,0,121
03/23/2012,CHA,TN,ASO,ES,Combined TRACON& Tower with Radar,4,45,29,3,81,0,0,6,2,8,4,45,35,5,89,0,0,0,89
03/24/2012,CHA,TN,ASO,ES,Combined TRACON& Tower with Radar,1,32,27,1,61,0,0,16,1,17,1,32,43,2,78,28,0,28,106
03/25/2012,CHA,TN,ASO,ES,Combined TRACON& Tower with Radar,4,47,55,6,112,0,0,44,0,44,4,47,99,6,156,0,0,0,156
03/26/2012,CHA,TN,ASO,ES,Combined TRACON& Tower with Radar,5,52,51,46,154,0,0,42,4,46,5,52,93,50,200,22,78,100,300
03/27/2012,CHA,TN,ASO,ES,Combined TRACON& Tower with Radar,6,48,79,32,165,0,3,42,5,50,6,51,121,37,215,84,97,181,396
03/28/2012,CHA,TN,ASO,ES,Combined TRACON& Tower with Radar,2,44,40,13,99,0,0,35,3,38,2,44,75,16,137,0,0,0,137
03/29/2012,CHA,TN,ASO,ES,Combined TRACON& Tower with Radar,8,55,72,31,166,0,1,24,8,33,8,56,96,39,199,20,0,20,219
03/30/2012,CHA,TN,ASO,ES,Combined TRACON& Tower with Radar,4,55,39,6,104,0,0,9,4,13,4,55,48,10,117,0,0,0,117
03/31/2012,CHA,TN,ASO,ES,Combined TRACON& Tower with Radar,1,38,32,0,71,0,1,6,0,7,1,39,38,0,78,0,0,0,78
04/01/2012,CHA,TN,ASO,ES,Combined TRACON& Tower with Radar,4,51,32,12,99,0,0,38,0,38,4,51,70,12,137,32,0,32,169
04/02/2012,CHA,TN,ASO,ES,Combined TRACON& Tower with Radar,1,52,40,44,137,0,0,20,2,22,1,52,60,46,159,0,20,20,179
04/03/2012,CHA,TN,ASO,ES,Combined TRACON& Tower with Radar,6,48,36,53,143,0,0,21,3,24,6,48,57,56,167,8,22,30,197
04/04/2012,CHA,TN,ASO,ES,Combined TRACON& Tower with Radar,2,49,38,37,126,0,2,15,1,18,2,51,53,38,144,0,0,0,144
04/05/2012,CHA,TN,ASO,ES,Combined TRACON& Tower with Radar,7,60,53,9,129,0,3,23,0,26,7,63,76,9,155,22,0,22,177
04/06/2012,CHA,TN,ASO,ES,Combined TRACON& Tower with Radar,5,50,65,3,123,0,0,17,4,21,5,50,82,7,144,0,0,0,144
04/07/2012,CHA,TN,ASO,ES,Combined TRACON& Tower with Radar,0,37,25,0,62,0,1,36,0,37,0,38,61,0,99,30,0,30,129
04/08/2012,CHA,TN,ASO,ES,Combined TRACON& Tower with Radar,4,44,20,0,68,0,0,21,0,21,4,44,41,0,89,0,0,0,89
04/09/2012,CHA,TN,ASO,ES,Combined TRACON& Tower with Radar,3,64,53,22,142,0,0,24,4,28,3,64,77,26,170,0,0,0,170
04/10/2012,CHA,TN,ASO,ES,Combined TRACON& Tower with Radar,7,51,51,18,127,0,0,39,5,44,7,51,90,23,171,0,0,0,171
04/11/2012,CHA,TN,ASO,ES,Combined TRACON& Tower with Radar,3,49,58,21,131,0,4,31,1,36,3,53,89,22,167,73,0,73,240
04/12/2012,CHA,TN,ASO,ES,Combined TRACON& Tower with Radar,8,61,67,21,157,0,0,44,5,49,8,61,111,26,206,63,20,83,289
04/13/2012,CHA,TN,ASO,ES,Combined TRACON& Tower with Radar,6,50,47,12,115,0,0,39,5,44,6,50,86,17,159,36,40,76,235
04/14/2012,CHA,TN,ASO,ES,Combined TRACON& Tower with Radar,0,38,34,1,73,0,0,26,5,31,0,38,60,6,104,0,0,0,104
04/15/2012,CHA,TN,ASO,ES,Combined TRACON& Tower with Radar,6,43,57,10,116,0,0,20,0,20,6,43,77,10,136,0,0,0,136
04/16/2012,CHA,TN,ASO,ES,Combined TRACON& Tower with Radar,2,50,24,44,120,0,0,5,0,5,2,50,29,44,125,21,0,21,146
04/17/2012,CHA,TN,ASO,ES,Combined TRACON& Tower with Radar,4,51,29,0,84,0,1,7,0,8,4,52,36,0,92,0,0,0,92
04/18/2012,CHA,TN,ASO,ES,Combined TRACON& Tower with Radar,4,54,41,15,114,0,0,8,0,8,4,54,49,15,122,32,0,32,154
04/19/2012,CHA,TN,ASO,ES,Combined TRACON& Tower with Radar,7,53,67,11,138,0,2,25,1,28,7,55,92,12,166,0,0,0,166
04/20/2012,CHA,TN,ASO,ES,Combined TRACON& Tower with Radar,5,69,48,18,140,0,0,21,0,21,5,69,69,18,161,0,0,0,161
04/21/2012,CHA,TN,ASO,ES,Combined TRACON& Tower with Radar,2,39,40,2,83,0,0,3,0,3,2,39,43,2,86,0,0,0,86
04/22/2012,CHA,TN,ASO,ES,Combined TRACON& Tower with Radar,6,50,36,19,111,0,2,11,8,21,6,52,47,27,132,0,0,0,132
04/23/2012,CHA,TN,ASO,ES,Combined TRACON& Tower with Radar,3,51,55,8,117,0,0,9,4,13,3,51,64,12,130,0,0,0,130
04/24/2012,CHA,TN,ASO,ES,Combined TRACON& Tower with Radar,5,50,64,9,128,0,1,34,4,39,5,51,98,13,167,10,0,10,177
04/25/2012,CHA,TN,ASO,ES,Combined TRACON& Tower with Radar,7,48,54,3,112,0,1,34,5,40,7,49,88,8,152,0,0,0,152
04/26/2012,CHA,TN,ASO,ES,Combined TRACON& Tower with Radar,11,56,64,6,137,0,0,12,1,13,11,56,76,7,150,0,30,30,180
04/27/2012,CHA,TN,ASO,ES,Combined TRACON& Tower with Radar,4,63,48,24,139,0,0,11,1,12,4,63,59,25,151,44,0,44,195
04/28/2012,CHA,TN,ASO,ES,Combined TRACON& Tower with Radar,1,37,29,0,67,0,1,15,1,17,1,38,44,1,84,42,0,42,126
04/29/2012,CHA,TN,ASO,ES,Combined TRACON& Tower with Radar,6,49,30,3,88,0,0,52,0,52,6,49,82,3,140,0,0,0,140
04/30/2012,CHA,TN,ASO,ES,Combined TRACON& Tower with Radar,4,56,49,35,144,0,0,25,8,33,4,56,74,43,177,0,0,0,177
05/01/2012,CHA,TN,ASO,ES,Combined TRACON& Tower with Radar,5,58,48,5,116,0,0,34,1,35,5,58,82,6,151,0,0,0,151
05/02/2012,CHA,TN,ASO,ES,Combined TRACON& Tower with Radar,6,71,68,65,210,0,1,22,4,27,6,72,90,69,237,6,0,6,243
05/03/2012,CHA,TN,ASO,ES,Combined TRACON& Tower with Radar,12,59,94,0,165,0,2,15,0,17,12,61,109,0,182,10,0,10,192
05/04/2012,CHA,TN,ASO,ES,Combined TRACON& Tower with Radar,13,59,66,24,162,0,2,20,1,23,13,61,86,25,185,0,0,0,185
05/05/2012,CHA,TN,ASO,ES,Combined TRACON& Tower with Radar,1,43,25,6,75,0,6,21,1,28,1,49,46,7,103,22,0,22,125
05/06/2012,CHA,TN,ASO,ES,Combined TRACON& Tower with Radar,8,50,27,7,92,0,0,28,1,29,8,50,55,8,121,0,0,0,121
05/07/2012,CHA,TN,ASO,ES,Combined TRACON& Tower with Radar,5,47,55,3,110,0,0,11,3,14,5,47,66,6,124,0,0,0,124
05/08/2012,CHA,TN,ASO,ES,Combined TRACON& Tower with Radar,5,43,57,63,168,0,0,21,2,23,5,43,78,65,191,0,0,0,191
05/09/2012,CHA,TN,ASO,ES,Combined TRACON& Tower with Radar,5,50,60,32,147,0,0,17,2,19,5,50,77,34,166,10,0,10,176
05/10/2012,CHA,TN,ASO,ES,Combined TRACON& Tower with Radar,8,49,67,18,142,0,3,29,7,39,8,52,96,25,181,0,0,0,181
05/11/2012,CHA,TN,ASO,ES,Combined TRACON& Tower with Radar,6,58,52,25,141,0,3,34,7,44,6,61,86,32,185,0,0,0,185
05/12/2012,CHA,TN,ASO,ES,Combined TRACON& Tower with Radar,1,45,29,0,75,0,4,23,1,28,1,49,52,1,103,5,0,5,108
05/13/2012,CHA,TN,ASO,ES,Combined TRACON& Tower with Radar,6,50,31,0,87,0,0,0,0,0,6,50,31,0,87,0,0,0,87
05/14/2012,CHA,TN,ASO,ES,Combined TRACON& Tower with Radar,3,50,50,0,103,0,0,8,0,8,3,50,58,0,111,0,0,0,111
05/15/2012,CHA,TN,ASO,ES,Combined TRACON& Tower with Radar,4,48,43,10,105,0,0,15,4,19,4,48,58,14,124,40,30,70,194
05/16/2012,CHA,TN,ASO,ES,Combined TRACON& Tower with Radar,6,65,70,24,165,0,2,41,7,50,6,67,111,31,215,66,18,84,299
05/17/2012,CHA,TN,ASO,ES,Combined TRACON& Tower with Radar,6,58,75,6,145,0,0,30,2,32,6,58,105,8,177,83,40,123,300
05/18/2012,CHA,TN,ASO,ES,Combined TRACON& Tower with Radar,10,65,49,10,134,0,0,25,2,27,10,65,74,12,161,20,0,20,181
05/19/2012,CHA,TN,ASO,ES,Combined TRACON& Tower with Radar,1,34,52,0,87,0,0,40,2,42,1,34,92,2,129,0,0,0,129
05/20/2012,CHA,TN,ASO,ES,Combined TRACON& Tower with Radar,10,44,44,2,100,0,0,26,0,26,10,44,70,2,126,18,0,18,144
05/21/2012,CHA,TN,ASO,ES,Combined TRACON& Tower with Radar,5,55,55,15,130,0,0,22,3,25,5,55,77,18,155,0,0,0,155
05/22/2012,CHA,TN,ASO,ES,Combined TRACON& Tower with Radar,4,49,67,8,128,0,0,12,0,12,4,49,79,8,140,0,0,0,140
05/23/2012,CHA,TN,ASO,ES,Combined TRACON& Tower with Radar,6,57,75,8,146,0,0,58,5,63,6,57,133,13,209,52,0,52,261
05/24/2012,CHA,TN,ASO,ES,Combined TRACON& Tower with Radar,6,56,66,8,136,0,0,48,2,50,6,56,114,10,186,26,0,26,212
05/25/2012,CHA,TN,ASO,ES,Combined TRACON& Tower with Radar,8,56,50,0,114,0,1,43,0,44,8,57,93,0,158,16,0,16,174
05/26/2012,CHA,TN,ASO,ES,Combined TRACON& Tower with Radar,1,36,29,0,66,0,0,26,0,26,1,36,55,0,92,80,0,80,172
05/27/2012,CHA,TN,ASO,ES,Combined TRACON& Tower with Radar,4,37,20,0,61,0,0,13,0,13,4,37,33,0,74,8,0,8,82
05/28/2012,CHA,TN,ASO,ES,Combined TRACON& Tower with Radar,4,48,37,1,90,0,0,26,1,27,4,48,63,2,117,53,0,53,170
05/29/2012,CHA,TN,ASO,ES,Combined TRACON& Tower with Radar,3,47,48,8,106,0,0,23,8,31,3,47,71,16,137,0,0,0,137
05/30/2012,CHA,TN,ASO,ES,Combined TRACON& Tower with Radar,6,44,50,31,131,0,0,45,2,47,6,44,95,33,178,70,10,80,258
05/31/2012,CHA,TN,ASO,ES,Combined TRACON& Tower with Radar,6,52,64,29,151,0,0,44,2,46,6,52,108,31,197,0,0,0,197
06/01/2012,CHA,TN,ASO,ES,Combined TRACON& Tower with Radar,6,52,67,20,145,0,1,23,3,27,6,53,90,23,172,60,45,105,277
06/02/2012,CHA,TN,ASO,ES,Combined TRACON& Tower with Radar,1,35,82,3,121,0,2,75,0,77,1,37,157,3,198,98,0,98,296
06/03/2012,CHA,TN,ASO,ES,Combined TRACON& Tower with Radar,4,45,72,24,145,0,0,41,0,41,4,45,113,24,186,24,0,24,210
06/04/2012,CHA,TN,ASO,ES,Combined TRACON& Tower with Radar,7,47,51,11,116,0,1,22,1,24,7,48,73,12,140,26,22,48,188
06/05/2012,CHA,TN,ASO,ES,Combined TRACON& Tower with Radar,4,49,89,43,185,0,1,26,2,29,4,50,115,45,214,0,0,0,214
06/06/2012,CHA,TN,ASO,ES,Combined TRACON& Tower with Radar,6,48,51,57,162,0,3,44,6,53,6,51,95,63,215,24,0,24,239
06/07/2012,CHA,TN,ASO,ES,Combined TRACON& Tower with Radar,8,58,69,43,178,0,3,31,5,39,8,61,100,48,217,8,0,8,225
06/08/2012,CHA,TN,ASO,ES,Combined TRACON& Tower with Radar,9,46,41,63,159,0,4,29,12,45,9,50,70,75,204,28,32,60,264
06/09/2012,CHA,TN,ASO,ES,Combined TRACON& Tower with Radar,1,37,23,7,68,0,0,32,0,32,1,37,55,7,100,28,0,28,128
06/10/2012,CHA,TN,ASO,ES,Combined TRACON& Tower with Radar,6,46,35,8,95,0,0,3,0,3,6,46,38,8,98,0,0,0,98
06/11/2012,CHA,TN,ASO,ES,Combined TRACON& Tower with Radar,7,47,53,2,109,0,0,1,0,1,7,47,54,2,110,0,0,0,110
06/12/2012,CHA,TN,ASO,ES,Combined TRACON& Tower with Radar,7,60,52,38,157,0,2,22,2,26,7,62,74,40,183,2,10,12,195
06/13/2012,CHA,TN,ASO,ES,Combined TRACON& Tower with Radar,20,63,71,45,199,0,2,31,4,37,20,65,102,49,236,0,0,0,236
06/14/2012,CHA,TN,ASO,ES,Combined TRACON& Tower with Radar,7,61,73,7,148,0,1,32,1,34,7,62,105,8,182,0,0,0,182
06/15/2012,CHA,TN,ASO,ES,Combined TRACON& Tower with Radar,8,45,50,69,172,0,1,39,6,46,8,46,89,75,218,26,32,58,276
06/16/2012,CHA,TN,ASO,ES,Combined TRACON& Tower with Radar,1,38,41,4,84,0,0,43,0,43,1,38,84,4,127,10,0,10,137
06/17/2012,CHA,TN,ASO,ES,Combined TRACON& Tower with Radar,6,48,21,10,85,0,0,30,0,30,6,48,51,10,115,14,0,14,129
06/18/2012,CHA,TN,ASO,ES,Combined TRACON& Tower with Radar,6,47,42,52,147,0,0,54,6,60,6,47,96,58,207,0,0,0,207
06/19/2012,CHA,TN,ASO,ES,Combined TRACON& Tower with Radar,6,59,50,37,152,0,0,44,2,46,6,59,94,39,198,0,0,0,198
06/20/2012,CHA,TN,ASO,ES,Combined TRACON& Tower with Radar,8,54,60,10,132,0,0,42,6,48,8,54,102,16,180,12,0,12,192
06/21/2012,CHA,TN,ASO,ES,Combined TRACON& Tower with Radar,8,53,59,50,170,0,3,30,2,35,8,56,89,52,205,40,24,64,269
06/22/2012,CHA,TN,ASO,ES,Combined TRACON& Tower with Radar,8,52,60,25,145,0,3,45,9,57,8,55,105,34,202,0,0,0,202
06/23/2012,CHA,TN,ASO,ES,Combined TRACON& Tower with Radar,1,39,30,6,76,0,0,34,2,36,1,39,64,8,112,10,0,10,122
06/24/2012,CHA,TN,ASO,ES,Combined TRACON& Tower with Radar,7,44,33,4,88,0,0,45,1,46,7,44,78,5,134,16,0,16,150
06/25/2012,CHA,TN,ASO,ES,Combined TRACON& Tower with Radar,7,52,42,65,166,0,1,31,7,39,7,53,73,72,205,0,0,0,205
06/26/2012,CHA,TN,ASO,ES,Combined TRACON& Tower with Radar,6,49,53,63,171,0,2,16,6,24,6,51,69,69,195,10,0,10,205
06/27/2012,CHA,TN,ASO,ES,Combined TRACON& Tower with Radar,8,54,54,46,162,0,1,32,2,35,8,55,86,48,197,10,0,10,207
06/28/2012,CHA,TN,ASO,ES,Combined TRACON& Tower with Radar,10,61,55,13,139,0,0,51,2,53,10,61,106,15,192,0,0,0,192
06/29/2012,CHA,TN,ASO,ES,Combined TRACON& Tower with Radar,8,60,35,12,115,0,4,24,3,31,8,64,59,15,146,34,0,34,180
06/30/2012,CHA,TN,ASO,ES,Combined TRACON& Tower with Radar,2,43,18,6,69,0,0,29,0,29,2,43,47,6,98,0,0,0,98
07/01/2012,CHA,TN,ASO,ES,Combined TRACON& Tower with Radar,6,40,33,2,81,0,2,25,0,27,6,42,58,2,108,0,0,0,108
07/02/2012,CHA,TN,ASO,ES,Combined TRACON& Tower with Radar,5,47,28,16,96,0,2,29,3,34,5,49,57,19,130,59,0,59,189
07/03/2012,CHA,TN,ASO,ES,Combined TRACON& Tower with Radar,13,32,29,4,78,0,0,34,0,34,13,32,63,4,112,0,0,0,112
07/04/2012,CHA,TN,ASO,ES,Combined TRACON& Tower with Radar,2,27,12,0,41,0,1,23,1,25,2,28,35,1,66,0,0,0,66
07/05/2012,CHA,TN,ASO,ES,Combined TRACON& Tower with Radar,4,38,29,0,71,0,2,28,0,30,4,40,57,0,101,24,0,24,125
07/06/2012,CHA,TN,ASO,ES,Combined TRACON& Tower with Radar,8,40,20,47,115,0,0,23,0,23,8,40,43,47,138,32,0,32,170
07/07/2012,CHA,TN,ASO,ES,Combined TRACON& Tower with Radar,1,35,20,2,58,0,2,40,0,42,1,37,60,2,100,0,0,0,100
07/08/2012,CHA,TN,ASO,ES,Combined TRACON& Tower with Radar,6,47,30,5,88,0,2,25,0,27,6,49,55,5,115,0,0,0,115
07/09/2012,CHA,TN,ASO,ES,Combined TRACON& Tower with Radar,9,43,38,25,115,0,0,23,1,24,9,43,61,26,139,30,0,30,169
07/10/2012,CHA,TN,ASO,ES,Combined TRACON& Tower with Radar,16,47,43,23,129,0,0,13,0,13,16,47,56,23,142,0,0,0,142
07/11/2012,CHA,TN,ASO,ES,Combined TRACON& Tower with Radar,8,49,67,4,128,0,0,9,0,9,8,49,76,4,137,0,0,0,137
07/12/2012,CHA,TN,ASO,ES,Combined TRACON& Tower with Radar,6,54,72,15,147,0,0,1,0,1,6,54,73,15,148,0,0,0,148
07/13/2012,CHA,TN,ASO,ES,Combined TRACON& Tower with Radar,14,48,59,29,150,0,0,14,1,15,14,48,73,30,165,24,0,24,189
07/14/2012,CHA,TN,ASO,ES,Combined TRACON& Tower with Radar,1,32,22,4,59,0,0,3,0,3,1,32,25,4,62,16,0,16,78
07/15/2012,CHA,TN,ASO,ES,Combined TRACON& Tower with Radar,6,46,29,11,92,0,0,6,0,6,6,46,35,11,98,34,4,38,136
07/16/2012,CHA,TN,ASO,ES,Combined TRACON& Tower with Radar,23,51,53,16,143,0,0,27,6,33,23,51,80,22,176,4,0,4,180
07/17/2012,CHA,TN,ASO,ES,Combined TRACON& Tower with Radar,3,40,51,15,109,0,0,30,5,35,3,40,81,20,144,0,0,0,144
07/18/2012,CHA,TN,ASO,ES,Combined TRACON& Tower with Radar,6,53,44,6,109,0,2,35,0,37,6,55,79,6,146,0,0,0,146
07/19/2012,CHA,TN,ASO,ES,Combined TRACON& Tower with Radar,8,45,80,5,138,0,1,38,3,42,8,46,118,8,180,0,0,0,180
07/20/2012,CHA,TN,ASO,ES,Combined TRACON& Tower with Radar,6,47,27,13,93,0,0,3,2,5,6,47,30,15,98,0,0,0,98
07/21/2012,CHA,TN,ASO,ES,Combined TRACON& Tower with Radar,1,32,15,0,48,0,0,13,0,13,1,32,28,0,61,6,0,6,67
07/22/2012,CHA,TN,ASO,ES,Combined TRACON& Tower with Radar,4,51,15,17,87,0,3,21,2,26,4,54,36,19,113,0,0,0,113
07/23/2012,CHA,TN,ASO,ES,Combined TRACON& Tower with Radar,5,45,32,20,102,0,2,29,14,45,5,47,61,34,147,0,14,14,161
07/24/2012,CHA,TN,ASO,ES,Combined TRACON& Tower with Radar,5,55,53,16,129,0,1,38,13,52,5,56,91,29,181,6,0,6,187
07/25/2012,CHA,TN,ASO,ES,Combined TRACON& Tower with Radar,6,47,33,12,98,0,2,19,3,24,6,49,52,15,122,0,0,0,122
07/26/2012,CHA,TN,ASO,ES,Combined TRACON& Tower with Radar,7,55,35,17,114,0,0,9,13,22,7,55,44,30,136,34,4,38,174
07/27/2012,CHA,TN,ASO,ES,Combined TRACON& Tower with Radar,4,49,28,8,89,0,1,16,2,19,4,50,44,10,108,34,69,103,211
07/28/2012,CHA,TN,ASO,ES,Combined TRACON& Tower with Radar,1,35,29,1,66,0,0,25,1,26,1,35,54,2,92,16,15,31,123
07/29/2012,CHA,TN,ASO,ES,Combined TRACON& Tower with Radar,5,50,37,1,93,0,2,41,1,44,5,52,78,2,137,0,0,0,137
07/30/2012,CHA,TN,ASO,ES,Combined TRACON& Tower with Radar,5,49,46,9,109,0,0,16,1,17,5,49,62,10,126,20,10,30,156
07/31/2012,CHA,TN,ASO,ES,Combined TRACON& Tower with Radar,4,52,40,0,96,0,0,18,0,18,4,52,58,0,114,24,0,24,138
08/01/2012,CHA,TN,ASO,ES,Combined TRACON& Tower with Radar,4,52,52,6,114,0,0,27,8,35,4,52,79,14,149,12,0,12,161
08/02/2012,CHA,TN,ASO,ES,Combined TRACON& Tower with Radar,4,45,61,26,136,0,0,34,6,40,4,45,95,32,176,0,0,0,176
08/03/2012,CHA,TN,ASO,ES,Combined TRACON& Tower with Radar,8,45,34,16,103,0,0,22,1,23,8,45,56,17,126,0,0,0,126
08/04/2012,CHA,TN,ASO,ES,Combined TRACON& Tower with Radar,1,37,10,0,48,0,0,10,0,10,1,37,20,0,58,18,0,18,76
08/05/2012,CHA,TN,ASO,ES,Combined TRACON& Tower with Radar,6,45,17,7,75,0,0,10,1,11,6,45,27,8,86,6,0,6,92
08/06/2012,CHA,TN,ASO,ES,Combined TRACON& Tower with Radar,5,46,61,6,118,0,0,13,0,13,5,46,74,6,131,0,0,0,131
08/07/2012,CHA,TN,ASO,ES,Combined TRACON& Tower with Radar,5,54,41,14,114,0,0,28,2,30,5,54,69,16,144,0,38,38,182
08/08/2012,CHA,TN,ASO,ES,Combined TRACON& Tower with Radar,5,47,48,22,122,0,0,18,7,25,5,47,66,29,147,10,0,10,157
08/09/2012,CHA,TN,ASO,ES,Combined TRACON& Tower with Radar,6,50,52,2,110,0,1,16,0,17,6,51,68,2,127,0,0,0,127
08/10/2012,CHA,TN,ASO,ES,Combined TRACON& Tower with Radar,8,53,44,6,111,0,0,9,0,9,8,53,53,6,120,20,0,20,140
08/11/2012,CHA,TN,ASO,ES,Combined TRACON& Tower with Radar,1,37,27,0,65,0,0,19,0,19,1,37,46,0,84,32,0,32,116
08/12/2012,CHA,TN,ASO,ES,Combined TRACON& Tower with Radar,4,45,31,15,95,0,2,24,3,29,4,47,55,18,124,10,0,10,134
08/13/2012,CHA,TN,ASO,ES,Combined TRACON& Tower with Radar,6,45,45,12,108,0,0,15,3,18,6,45,60,15,126,0,0,0,126
08/14/2012,CHA,TN,ASO,ES,Combined TRACON& Tower with Radar,5,57,75,11,148,0,0,10,1,11,5,57,85,12,159,0,0,0,159
08/15/2012,CHA,TN,ASO,ES,Combined TRACON& Tower with Radar,5,45,50,21,121,0,0,34,2,36,5,45,84,23,157,0,0,0,157
08/16/2012,CHA,TN,ASO,ES,Combined TRACON& Tower with Radar,7,58,84,7,156,0,1,49,4,54,7,59,133,11,210,0,0,0,210
08/17/2012,CHA,TN,ASO,ES,Combined TRACON& Tower with Radar,4,46,53,11,114,0,0,30,0,30,4,46,83,11,144,0,0,0,144
08/18/2012,CHA,TN,ASO,ES,Combined TRACON& Tower with Radar,3,35,25,21,84,0,3,36,0,39,3,38,61,21,123,0,0,0,123
08/19/2012,CHA,TN,ASO,ES,Combined TRACON& Tower with Radar,2,48,37,25,112,0,0,11,1,12,2,48,48,26,124,26,0,26,150
08/20/2012,CHA,TN,ASO,ES,Combined TRACON& Tower with Radar,5,46,61,5,117,0,0,40,4,44,5,46,101,9,161,0,0,0,161
08/21/2012,CHA,TN,ASO,ES,Combined TRACON& Tower with Radar,6,44,67,14,131,0,0,40,2,42,6,44,107,16,173,14,2,16,189
08/22/2012,CHA,TN,ASO,ES,Combined TRACON& Tower with Radar,12,63,61,13,149,0,0,32,5,37,12,63,93,18,186,54,0,54,240
08/23/2012,CHA,TN,ASO,ES,Combined TRACON& Tower with Radar,6,53,62,16,137,0,0,22,5,27,6,53,84,21,164,0,6,6,170
08/24/2012,CHA,TN,ASO,ES,Combined TRACON& Tower with Radar,8,60,46,33,147,0,0,21,6,27,8,60,67,39,174,14,8,22,196
08/25/2012,CHA,TN,ASO,ES,Combined TRACON& Tower with Radar,3,31,45,2,81,0,0,43,0,43,3,31,88,2,124,24,0,24,148
08/26/2012,CHA,TN,ASO,ES,Combined TRACON& Tower with Radar,4,52,28,8,92,0,2,29,1,32,4,54,57,9,124,14,10,24,148
08/27/2012,CHA,TN,ASO,ES,Combined TRACON& Tower with Radar,4,45,41,5,95,0,7,21,1,29,4,52,62,6,124,53,0,53,177
08/28/2012,CHA,TN,ASO,ES,Combined TRACON& Tower with Radar,4,60,47,18,129,0,1,8,2,11,4,61,55,20,140,0,0,0,140
08/29/2012,CHA,TN,ASO,ES,Combined TRACON& Tower with Radar,5,58,46,9,118,0,1,26,0,27,5,59,72,9,145,8,0,8,153
08/30/2012,CHA,TN,ASO,ES,Combined TRACON& Tower with Radar,12,55,51,0,118,0,5,10,8,23,12,60,61,8,141,14,0,14,155
08/31/2012,CHA,TN,ASO,ES,Combined TRACON& Tower with Radar,10,49,46,12,117,0,0,15,10,25,10,49,61,22,142,0,0,0,142
09/01/2012,CHA,TN,ASO,ES,Combined TRACON& Tower with Radar,3,24,29,0,56,0,0,10,0,10,3,24,39,0,66,44,0,44,110
09/02/2012,CHA,TN,ASO,ES,Combined TRACON& Tower with Radar,2,30,12,0,44,0,0,12,0,12,2,30,24,0,56,14,0,14,70
09/03/2012,CHA,TN,ASO,ES,Combined TRACON& Tower with Radar,2,42,35,2,81,0,0,3,0,3,2,42,38,2,84,0,0,0,84
09/04/2012,CHA,TN,ASO,ES,Combined TRACON& Tower with Radar,5,42,39,4,90,0,0,2,0,2,5,42,41,4,92,0,0,0,92
09/05/2012,CHA,TN,ASO,ES,Combined TRACON& Tower with Radar,3,54,57,6,120,0,0,16,0,16,3,54,73,6,136,0,0,0,136
09/06/2012,CHA,TN,ASO,ES,Combined TRACON& Tower with Radar,6,41,59,17,123,0,0,21,6,27,6,41,80,23,150,26,0,26,176
09/07/2012,CHA,TN,ASO,ES,Combined TRACON& Tower with Radar,5,47,43,16,111,0,1,24,6,31,5,48,67,22,142,0,0,0,142
09/08/2012,CHA,TN,ASO,ES,Combined TRACON& Tower with Radar,5,26,39,17,87,0,0,18,0,18,5,26,57,17,105,0,0,0,105
09/09/2012,CHA,TN,ASO,ES,Combined TRACON& Tower with Radar,6,41,38,2,87,0,0,47,6,53,6,41,85,8,140,10,0,10,150
09/10/2012,CHA,TN,ASO,ES,Combined TRACON& Tower with Radar,3,49,49,2,103,0,0,33,2,35,3,49,82,4,138,22,0,22,160
09/11/2012,CHA,TN,ASO,ES,Combined TRACON& Tower with Radar,6,56,39,15,116,0,0,36,6,42,6,56,75,21,158,65,67,132,290
09/12/2012,CHA,TN,ASO,ES,Combined TRACON& Tower with Radar,8,52,55,4,119,0,1,33,2,36,8,53,88,6,155,45,10,55,210
09/13/2012,CHA,TN,ASO,ES,Combined TRACON& Tower with Radar,4,50,58,24,136,0,0,34,2,36,4,50,92,26,172,53,0,53,225
09/14/2012,CHA,TN,ASO,ES,Combined TRACON& Tower with Radar,7,55,56,18,136,0,5,25,3,33,7,60,81,21,169,18,0,18,187
09/15/2012,CHA,TN,ASO,ES,Combined TRACON& Tower with Radar,4,24,33,4,65,0,0,41,1,42,4,24,74,5,107,28,0,28,135
09/16/2012,CHA,TN,ASO,ES,Combined TRACON& Tower with Radar,4,36,33,7,80,0,0,21,0,21,4,36,54,7,101,46,12,58,159
09/17/2012,CHA,TN,ASO,ES,Combined TRACON& Tower with Radar,5,45,39,0,89,0,2,4,2,8,5,47,43,2,97,0,0,0,97
09/18/2012,CHA,TN,ASO,ES,Combined TRACON& Tower with Radar,4,50,50,1,105,0,4,2,1,7,4,54,52,2,112,0,0,0,112
09/19/2012,CHA,TN,ASO,ES,Combined TRACON& Tower with Radar,6,53,71,13,143,0,3,35,4,42,6,56,106,17,185,15,0,15,200
09/20/2012,CHA,TN,ASO,ES,Combined TRACON& Tower with Radar,6,57,83,12,158,0,1,40,1,42,6,58,123,13,200,32,0,32,232
09/21/2012,CHA,TN,ASO,ES,Combined TRACON& Tower with Radar,7,49,41,9,106,0,1,45,2,48,7,50,86,11,154,56,0,56,210
09/22/2012,CHA,TN,ASO,ES,Combined TRACON& Tower with Radar,5,28,42,1,76,0,1,27,0,28,5,29,69,1,104,0,0,0,104
09/23/2012,CHA,TN,ASO,ES,Combined TRACON& Tower with Radar,2,44,48,19,113,0,1,43,2,46,2,45,91,21,159,20,42,62,221
09/24/2012,CHA,TN,ASO,ES,Combined TRACON& Tower with Radar,4,57,43,22,126,0,0,22,9,31,4,57,65,31,157,8,20,28,185
09/25/2012,CHA,TN,ASO,ES,Combined TRACON& Tower with Radar,4,51,50,24,129,0,3,42,4,49,4,54,92,28,178,0,0,0,178
09/26/2012,CHA,TN,ASO,ES,Combined TRACON& Tower with Radar,8,50,49,31,138,0,1,38,7,46,8,51,87,38,184,6,0,6,190
09/27/2012,CHA,TN,ASO,ES,Combined TRACON& Tower with Radar,12,59,72,26,169,0,0,34,5,39,12,59,106,31,208,32,0,32,240
09/28/2012,CHA,TN,ASO,ES,Combined TRACON& Tower with Radar,8,57,62,3,130,0,0,33,2,35,8,57,95,5,165,72,0,72,237
09/29/2012,CHA,TN,ASO,ES,Combined TRACON& Tower with Radar,10,36,32,0,78,0,1,15,0,16,10,37,47,0,94,30,0,30,124
09/30/2012,CHA,TN,ASO,ES,Combined TRACON& Tower with Radar,3,48,44,14,109,0,0,27,0,27,3,48,71,14,136,26,15,41,177
10/01/2012,CHA,TN,ASO,ES,Combined TRACON& Tower with Radar,8,46,31,1,86,0,0,0,0,0,8,46,31,1,86,0,0,0,86
10/02/2012,CHA,TN,ASO,ES,Combined TRACON& Tower with Radar,7,49,48,25,129,0,0,6,0,6,7,49,54,25,135,12,0,12,147
10/03/2012,CHA,TN,ASO,ES,Combined TRACON& Tower with Radar,11,54,70,19,154,0,0,39,3,42,11,54,109,22,196,10,0,10,206
10/04/2012,CHA,TN,ASO,ES,Combined TRACON& Tower with Radar,7,68,62,26,163,0,1,25,7,33,7,69,87,33,196,26,0,26,222
10/05/2012,CHA,TN,ASO,ES,Combined TRACON& Tower with Radar,11,60,57,63,191,0,1,24,5,30,11,61,81,68,221,46,0,46,267
10/06/2012,CHA,TN,ASO,ES,Combined TRACON& Tower with Radar,3,31,41,0,75,0,0,9,0,9,3,31,50,0,84,0,0,0,84
10/07/2012,CHA,TN,ASO,ES,Combined TRACON& Tower with Radar,4,53,30,15,102,0,0,24,0,24,4,53,54,15,126,16,0,16,142
10/08/2012,CHA,TN,ASO,ES,Combined TRACON& Tower with Radar,7,52,64,0,123,0,0,3,0,3,7,52,67,0,126,0,0,0,126
10/09/2012,CHA,TN,ASO,ES,Combined TRACON& Tower with Radar,4,47,33,21,105,0,0,29,1,30,4,47,62,22,135,40,8,48,183
10/10/2012,CHA,TN,ASO,ES,Combined TRACON& Tower with Radar,14,58,52,50,174,0,0,32,2,34,14,58,84,52,208,0,0,0,208
10/11/2012,CHA,TN,ASO,ES,Combined TRACON& Tower with Radar,9,47,80,12,148,0,4,45,3,52,9,51,125,15,200,0,8,8,208
10/12/2012,CHA,TN,ASO,ES,Combined TRACON& Tower with Radar,12,49,62,8,131,0,1,8,0,9,12,50,70,8,140,0,0,0,140
10/13/2012,CHA,TN,ASO,ES,Combined TRACON& Tower with Radar,4,33,35,0,72,0,6,33,1,40,4,39,68,1,112,0,0,0,112
10/14/2012,CHA,TN,ASO,ES,Combined TRACON& Tower with Radar,3,47,40,6,96,0,0,5,0,5,3,47,45,6,101,36,0,36,137
10/15/2012,CHA,TN,ASO,ES,Combined TRACON& Tower with Radar,9,49,70,20,148,0,7,17,6,30,9,56,87,26,178,0,0,0,178
10/16/2012,CHA,TN,ASO,ES,Combined TRACON& Tower with Radar,4,57,60,49,170,0,5,62,1,68,4,62,122,50,238,0,30,30,268
10/17/2012,CHA,TN,ASO,ES,Combined TRACON& Tower with Radar,10,53,71,18,152,0,4,19,12,35,10,57,90,30,187,22,2,24,211
10/18/2012,CHA,TN,ASO,ES,Combined TRACON& Tower with Radar,8,56,55,34,153,0,4,24,1,29,8,60,79,35,182,34,0,34,216
10/19/2012,CHA,TN,ASO,ES,Combined TRACON& Tower with Radar,7,48,38,32,125,0,2,27,11,40,7,50,65,43,165,0,0,0,165
10/20/2012,CHA,TN,ASO,ES,Combined TRACON& Tower with Radar,2,34,23,1,60,0,2,82,1,85,2,36,105,2,145,0,0,0,145
10/21/2012,CHA,TN,ASO,ES,Combined TRACON& Tower with Radar,3,46,49,12,110,0,1,47,1,49,3,47,96,13,159,8,0,8,167
10/22/2012,CHA,TN,ASO,ES,Combined TRACON& Tower with Radar,7,48,38,26,119,0,1,40,2,43,7,49,78,28,162,18,0,18,180
10/23/2012,CHA,TN,ASO,ES,Combined TRACON& Tower with Radar,6,44,92,52,194,0,2,49,9,60,6,46,141,61,254,0,0,0,254
10/24/2012,CHA,TN,ASO,ES,Combined TRACON& Tower with Radar,5,49,91,7,152,0,1,36,1,38,5,50,127,8,190,10,0,10,200
10/25/2012,CHA,TN,ASO,ES,Combined TRACON& Tower with Radar,8,49,78,17,152,0,2,44,1,47,8,51,122,18,199,0,0,0,199
10/26/2012,CHA,TN,ASO,ES,Combined TRACON& Tower with Radar,10,49,65,31,155,0,3,24,0,27,10,52,89,31,182,0,0,0,182
10/27/2012,CHA,TN,ASO,ES,Combined TRACON& Tower with Radar,3,30,42,0,75,0,0,3,0,3,3,30,45,0,78,20,0,20,98
10/28/2012,CHA,TN,ASO,ES,Combined TRACON& Tower with Radar,4,46,45,8,103,0,0,7,0,7,4,46,52,8,110,20,0,20,130
10/29/2012,CHA,TN,ASO,ES,Combined TRACON& Tower with Radar,5,52,33,24,114,0,2,10,3,15,5,54,43,27,129,0,0,0,129
10/30/2012,CHA,TN,ASO,ES,Combined TRACON& Tower with Radar,5,41,42,5,93,0,0,14,0,14,5,41,56,5,107,0,0,0,107
10/31/2012,CHA,TN,ASO,ES,Combined TRACON& Tower with Radar,7,46,55,5,113,0,4,32,1,37,7,50,87,6,150,0,0,0,150
11/01/2012,CHA,TN,ASO,ES,Combined TRACON& Tower with Radar,8,47,62,4,121,0,1,32,4,37,8,48,94,8,158,0,0,0,158
11/02/2012,CHA,TN,ASO,ES,Combined TRACON& Tower with Radar,8,55,62,30,155,0,1,38,2,41,8,56,100,32,196,29,0,29,225
11/03/2012,CHA,TN,ASO,ES,Combined TRACON& Tower with Radar,2,28,32,3,65,0,1,55,3,59,2,29,87,6,124,0,0,0,124
11/04/2012,CHA,TN,ASO,ES,Combined TRACON& Tower with Radar,4,43,47,22,116,0,0,15,3,18,4,43,62,25,134,10,0,10,144
11/05/2012,CHA,TN,ASO,ES,Combined TRACON& Tower with Radar,5,48,43,24,120,0,3,15,1,19,5,51,58,25,139,12,0,12,151
11/06/2012,CHA,TN,ASO,ES,Combined TRACON& Tower with Radar,4,43,53,9,109,0,0,4,2,6,4,43,57,11,115,0,0,0,115
11/07/2012,CHA,TN,ASO,ES,Combined TRACON& Tower with Radar,4,54,51,6,115,0,0,12,1,13,4,54,63,7,128,0,0,0,128
11/08/2012,CHA,TN,ASO,ES,Combined TRACON& Tower with Radar,6,52,60,49,167,0,1,32,3,36,6,53,92,52,203,18,22,40,243
11/09/2012,CHA,TN,ASO,ES,Combined TRACON& Tower with Radar,5,48,47,40,140,0,1,34,4,39,5,49,81,44,179,6,0,6,185
11/10/2012,CHA,TN,ASO,ES,Combined TRACON& Tower with Radar,3,29,27,0,59,0,0,25,0,25,3,29,52,0,84,0,0,0,84
11/11/2012,CHA,TN,ASO,ES,Combined TRACON& Tower with Radar,4,50,42,14,110,0,3,31,0,34,4,53,73,14,144,0,10,10,154
11/12/2012,CHA,TN,ASO,ES,Combined TRACON& Tower with Radar,5,48,41,0,94,0,1,0,0,1,5,49,41,0,95,0,0,0,95
11/13/2012,CHA,TN,ASO,ES,Combined TRACON& Tower with Radar,4,46,57,8,115,0,0,29,1,30,4,46,86,9,145,0,0,0,145
11/14/2012,CHA,TN,ASO,ES,Combined TRACON& Tower with Radar,4,51,62,17,134,0,2,32,4,38,4,53,94,21,172,37,0,37,209
11/15/2012,CHA,TN,ASO,ES,Combined TRACON& Tower with Radar,9,44,64,11,128,0,0,39,4,43,9,44,103,15,171,0,8,8,179
11/16/2012,CHA,TN,ASO,ES,Combined TRACON& Tower with Radar,9,41,55,12,117,0,0,31,7,38,9,41,86,19,155,0,0,0,155
11/17/2012,CHA,TN,ASO,ES,Combined TRACON& Tower with Radar,5,30,37,13,85,0,0,52,3,55,5,30,89,16,140,58,20,78,218
11/18/2012,CHA,TN,ASO,ES,Combined TRACON& Tower with Radar,4,45,35,4,88,0,0,31,0,31,4,45,66,4,119,6,0,6,125
11/19/2012,CHA,TN,ASO,ES,Combined TRACON& Tower with Radar,6,43,37,29,115,0,2,30,3,35,6,45,67,32,150,24,0,24,174
11/20/2012,CHA,TN,ASO,ES,Combined TRACON& Tower with Radar,12,47,57,9,125,0,3,38,5,46,12,50,95,14,171,16,0,16,187
11/21/2012,CHA,TN,ASO,ES,Combined TRACON& Tower with Radar,6,43,54,23,126,0,1,43,3,47,6,44,97,26,173,16,0,16,189
11/22/2012,CHA,TN,ASO,ES,Combined TRACON& Tower with Radar,6,29,15,0,50,0,0,16,0,16,6,29,31,0,66,0,0,0,66
11/23/2012,CHA,TN,ASO,ES,Combined TRACON& Tower with Radar,2,32,33,0,67,0,0,19,0,19,2,32,52,0,86,0,0,0,86
11/24/2012,CHA,TN,ASO,ES,Combined TRACON& Tower with Radar,7,33,37,0,77,0,0,27,0,27,7,33,64,0,104,0,0,0,104
11/25/2012,CHA,TN,ASO,ES,Combined TRACON& Tower with Radar,6,47,54,0,107,0,0,28,1,29,6,47,82,1,136,0,0,0,136
11/26/2012,CHA,TN,ASO,ES,Combined TRACON& Tower with Radar,7,46,47,15,115,0,0,21,5,26,7,46,68,20,141,28,0,28,169
11/27/2012,CHA,TN,ASO,ES,Combined TRACON& Tower with Radar,5,57,55,9,126,0,0,0,0,0,5,57,55,9,126,2,13,15,141
11/28/2012,CHA,TN,ASO,ES,Combined TRACON& Tower with Radar,5,51,50,27,133,0,1,30,3,34,5,52,80,30,167,12,0,12,179
11/29/2012,CHA,TN,ASO,ES,Combined TRACON& Tower with Radar,6,53,44,13,116,0,1,28,0,29,6,54,72,13,145,26,4,30,175
11/30/2012,CHA,TN,ASO,ES,Combined TRACON& Tower with Radar,7,47,46,24,124,0,2,23,5,30,7,49,69,29,154,0,4,4,158
12/01/2012,CHA,TN,ASO,ES,Combined TRACON& Tower with Radar,4,30,34,0,68,0,0,27,2,29,4,30,61,2,97,6,4,10,107
12/02/2012,CHA,TN,ASO,ES,Combined TRACON& Tower with Radar,6,45,25,14,90,0,0,19,1,20,6,45,44,15,110,40,0,40,150
12/03/2012,CHA,TN,ASO,ES,Combined TRACON& Tower with Radar,6,47,50,27,130,0,1,22,7,30,6,48,72,34,160,0,0,0,160
12/04/2012,CHA,TN,ASO,ES,Combined TRACON& Tower with Radar,4,52,43,33,132,0,0,15,3,18,4,52,58,36,150,0,0,0,150
12/05/2012,CHA,TN,ASO,ES,Combined TRACON& Tower with Radar,6,49,56,5,116,0,2,11,0,13,6,51,67,5,129,74,0,74,203
12/06/2012,CHA,TN,ASO,ES,Combined TRACON& Tower with Radar,6,55,62,15,138,0,1,24,1,26,6,56,86,16,164,0,0,0,164
12/07/2012,CHA,TN,ASO,ES,Combined TRACON& Tower with Radar,8,49,61,39,157,0,0,15,5,20,8,49,76,44,177,0,0,0,177
12/08/2012,CHA,TN,ASO,ES,Combined TRACON& Tower with Radar,3,28,26,0,57,0,0,7,0,7,3,28,33,0,64,16,0,16,80
12/09/2012,CHA,TN,ASO,ES,Combined TRACON& Tower with Radar,4,40,41,0,85,0,0,5,0,5,4,40,46,0,90,0,0,0,90
12/10/2012,CHA,TN,ASO,ES,Combined TRACON& Tower with Radar,6,45,47,1,99,0,0,0,0,0,6,45,47,1,99,0,0,0,99
12/11/2012,CHA,TN,ASO,ES,Combined TRACON& Tower with Radar,4,43,70,10,127,0,0,15,6,21,4,43,85,16,148,24,10,34,182
12/12/2012,CHA,TN,ASO,ES,Combined TRACON& Tower with Radar,3,60,99,24,186,0,0,28,1,29,3,60,127,25,215,10,0,10,225
12/13/2012,CHA,TN,ASO,ES,Combined TRACON& Tower with Radar,5,51,73,48,177,0,3,37,5,45,5,54,110,53,222,0,0,0,222
12/14/2012,CHA,TN,ASO,ES,Combined TRACON& Tower with Radar,4,44,57,32,137,0,1,25,5,31,4,45,82,37,168,10,0,10,178
12/15/2012,CHA,TN,ASO,ES,Combined TRACON& Tower with Radar,1,26,20,16,63,0,0,33,0,33,1,26,53,16,96,46,0,46,142
12/16/2012,CHA,TN,ASO,ES,Combined TRACON& Tower with Radar,6,38,28,0,72,0,0,0,0,0,6,38,28,0,72,0,0,0,72
12/17/2012,CHA,TN,ASO,ES,Combined TRACON& Tower with Radar,5,40,47,0,92,0,0,0,0,0,5,40,47,0,92,0,0,0,92
12/18/2012,CHA,TN,ASO,ES,Combined TRACON& Tower with Radar,4,39,63,20,126,0,1,35,5,41,4,40,98,25,167,2,24,26,193
12/19/2012,CHA,TN,ASO,ES,Combined TRACON& Tower with Radar,4,50,86,35,175,0,2,46,5,53,4,52,132,40,228,10,12,22,250
12/20/2012,CHA,TN,ASO,ES,Combined TRACON& Tower with Radar,6,49,32,0,87,0,0,0,0,0,6,49,32,0,87,0,0,0,87
12/21/2012,CHA,TN,ASO,ES,Combined TRACON& Tower with Radar,5,41,26,4,76,0,1,7,2,10,5,42,33,6,86,0,0,0,86
12/22/2012,CHA,TN,ASO,ES,Combined TRACON& Tower with Radar,2,27,37,0,66,0,1,30,0,31,2,28,67,0,97,15,0,15,112
12/23/2012,CHA,TN,ASO,ES,Combined TRACON& Tower with Radar,4,35,34,0,73,0,0,17,0,17,4,35,51,0,90,0,0,0,90
12/24/2012,CHA,TN,ASO,ES,Combined TRACON& Tower with Radar,5,33,4,0,42,0,0,0,0,0,5,33,4,0,42,0,0,0,42
12/25/2012,CHA,TN,ASO,ES,Combined TRACON& Tower with Radar,3,20,9,0,32,0,0,0,0,0,3,20,9,0,32,0,0,0,32
12/26/2012,CHA,TN,ASO,ES,Combined TRACON& Tower with Radar,4,34,15,0,53,0,0,1,0,1,4,34,16,0,54,0,0,0,54
12/27/2012,CHA,TN,ASO,ES,Combined TRACON& Tower with Radar,7,46,38,0,91,0,0,8,6,14,7,46,46,6,105,10,0,10,115
12/28/2012,CHA,TN,ASO,ES,Combined TRACON& Tower with Radar,6,37,27,0,70,0,1,11,0,12,6,38,38,0,82,0,0,0,82
12/29/2012,CHA,TN,ASO,ES,Combined TRACON& Tower with Radar,3,28,19,0,50,0,0,0,0,0,3,28,19,0,50,14,0,14,64
12/30/2012,CHA,TN,ASO,ES,Combined TRACON& Tower with Radar,4,29,34,0,67,0,0,37,0,37,4,29,71,0,104,0,0,0,104
12/31/2012,CHA,TN,ASO,ES,Combined TRACON& Tower with Radar,5,34,17,0,56,0,0,15,0,15,5,34,32,0,71,36,0,36,107
01/01/2013,CHA,TN,ASO,ES,Combined TRACON& Tower with Radar,5,19,14,0,38,0,0,0,0,0,5,19,14,0,38,0,0,0,38
01/02/2013,CHA,TN,ASO,ES,Combined TRACON& Tower with Radar,4,36,47,11,98,0,0,2,0,2,4,36,49,11,100,10,31,41,141
01/03/2013,CHA,TN,ASO,ES,Combined TRACON& Tower with Radar,6,38,34,48,126,0,8,26,2,36,6,46,60,50,162,12,36,48,210
01/04/2013,CHA,TN,ASO,ES,Combined TRACON& Tower with Radar,6,44,34,17,101,0,1,37,6,44,6,45,71,23,145,0,0,0,145
01/05/2013,CHA,TN,ASO,ES,Combined TRACON& Tower with Radar,3,30,19,7,59,0,0,23,0,23,3,30,42,7,82,16,4,20,102
01/06/2013,CHA,TN,ASO,ES,Combined TRACON& Tower with Radar,4,47,51,1,103,0,1,4,2,7,4,48,55,3,110,0,0,0,110
01/07/2013,CHA,TN,ASO,ES,Combined TRACON& Tower with Radar,5,49,41,7,102,0,0,32,1,33,5,49,73,8,135,11,7,18,153
01/08/2013,CHA,TN,ASO,ES,Combined TRACON& Tower with Radar,4,45,46,25,120,0,0,43,4,47,4,45,89,29,167,8,0,8,175
01/09/2013,CHA,TN,ASO,ES,Combined TRACON& Tower with Radar,4,49,37,36,126,0,0,0,0,0,4,49,37,36,126,24,24,48,174
01/10/2013,CHA,TN,ASO,ES,Combined TRACON& Tower with Radar,6,55,42,16,119,0,0,1,0,1,6,55,43,16,120,0,0,0,120
01/11/2013,CHA,TN,ASO,ES,Combined TRACON& Tower with Radar,6,48,31,6,91,0,0,1,0,1,6,48,32,6,92,0,0,0,92
01/12/2013,CHA,TN,ASO,ES,Combined TRACON& Tower with Radar,3,27,25,4,59,0,0,8,0,8,3,27,33,4,67,0,0,0,67
01/13/2013,CHA,TN,ASO,ES,Combined TRACON& Tower with Radar,4,38,24,1,67,0,1,0,0,1,4,39,24,1,68,0,0,0,68
01/14/2013,CHA,TN,ASO,ES,Combined TRACON& Tower with Radar,5,37,28,1,71,0,0,0,0,0,5,37,28,1,71,0,0,0,71
01/15/2013,CHA,TN,ASO,ES,Combined TRACON& Tower with Radar,4,44,33,0,81,0,0,0,0,0,4,44,33,0,81,0,0,0,81
01/16/2013,CHA,TN,ASO,ES,Combined TRACON& Tower with Radar,4,44,24,0,72,0,0,0,0,0,4,44,24,0,72,0,0,0,72
01/17/2013,CHA,TN,ASO,ES,Combined TRACON& Tower with Radar,6,32,23,0,61,0,0,0,1,1,6,32,23,1,62,0,0,0,62
01/18/2013,CHA,TN,ASO,ES,Combined TRACON& Tower with Radar,5,41,53,1,100,0,1,43,5,49,5,42,96,6,149,0,0,0,149
01/19/2013,CHA,TN,ASO,ES,Combined TRACON& Tower with Radar,3,30,19,7,59,0,0,23,0,23,3,30,42,7,82,4,0,4,86
01/20/2013,CHA,TN,ASO,ES,Combined TRACON& Tower with Radar,4,47,51,1,103,0,1,4,2,7,4,48,55,3,110,0,0,0,110
01/21/2013,CHA,TN,ASO,ES,Combined TRACON& Tower with Radar,5,49,41,7,102,0,0,32,1,33,5,49,73,8,135,47,28,75,210
01/22/2013,CHA,TN,ASO,ES,Combined TRACON& Tower with Radar,4,41,42,16,103,0,3,28,6,37,4,44,70,22,140,46,10,56,196
01/23/2013,CHA,TN,ASO,ES,Combined TRACON& Tower with Radar,3,49,43,47,142,0,0,23,25,48,3,49,66,72,190,0,0,0,190
01/24/2013,CHA,TN,ASO,ES,Combined TRACON& Tower with Radar,6,50,53,25,134,0,2,29,9,40,6,52,82,34,174,10,26,36,210
01/25/2013,CHA,TN,ASO,ES,Combined TRACON& Tower with Radar,6,47,11,0,64,0,0,1,0,1,6,47,12,0,65,0,0,0,65
01/26/2013,CHA,TN,ASO,ES,Combined TRACON& Tower with Radar,2,31,39,6,78,0,0,42,0,42,2,31,81,6,120,6,22,28,148
01/27/2013,CHA,TN,ASO,ES,Combined TRACON& Tower with Radar,4,43,50,2,99,0,0,18,0,18,4,43,68,2,117,25,0,25,142
01/28/2013,CHA,TN,ASO,ES,Combined TRACON& Tower with Radar,7,49,56,34,146,0,0,13,8,21,7,49,69,42,167,36,76,112,279
01/29/2013,CHA,TN,ASO,ES,Combined TRACON& Tower with Radar,4,41,65,27,137,0,1,0,0,1,4,42,65,27,138,0,0,0,138
01/30/2013,CHA,TN,ASO,ES,Combined TRACON& Tower with Radar,3,38,27,0,68,0,0,0,0,0,3,38,27,0,68,0,0,0,68
01/31/2013,CHA,TN,ASO,ES,Combined TRACON& Tower with Radar,6,50,56,9,121,0,3,28,1,32,6,53,84,10,153,12,4,16,169
02/01/2013,CHA,TN,ASO,ES,Combined TRACON& Tower with Radar,8,53,39,18,118,0,3,25,6,34,8,56,64,24,152,34,54,88,240
02/02/2013,CHA,TN,ASO,ES,Combined TRACON& Tower with Radar,2,28,12,10,52,0,0,3,0,3,2,28,15,10,55,0,0,0,55
02/03/2013,CHA,TN,ASO,ES,Combined TRACON& Tower with Radar,4,38,36,1,79,0,1,12,0,13,4,39,48,1,92,0,0,0,92
02/04/2013,CHA,TN,ASO,ES,Combined TRACON& Tower with Radar,5,44,33,20,102,0,1,29,2,32,5,45,62,22,134,64,0,64,198
02/05/2013,CHA,TN,ASO,ES,Combined TRACON& Tower with Radar,5,47,58,27,137,0,1,23,2,26,5,48,81,29,163,22,0,22,185
02/06/2013,CHA,TN,ASO,ES,Combined TRACON& Tower with Radar,4,49,71,28,152,0,1,50,3,54,4,50,121,31,206,0,6,6,212
02/07/2013,CHA,TN,ASO,ES,Combined TRACON& Tower with Radar,6,48,41,20,115,0,0,17,0,17,6,48,58,20,132,30,5,35,167
02/08/2013,CHA,TN,ASO,ES,Combined TRACON& Tower with Radar,6,43,49,12,110,0,1,3,0,4,6,44,52,12,114,0,0,0,114
02/09/2013,CHA,TN,ASO,ES,Combined TRACON& Tower with Radar,3,28,29,1,61,0,0,51,1,52,3,28,80,2,113,0,0,0,113
02/10/2013,CHA,TN,ASO,ES,Combined TRACON& Tower with Radar,4,41,25,10,80,0,0,6,0,6,4,41,31,10,86,0,0,0,86
02/11/2013,CHA,TN,ASO,ES,Combined TRACON& Tower with Radar,5,37,39,28,109,0,0,20,1,21,5,37,59,29,130,6,16,22,152
02/12/2013,CHA,TN,ASO,ES,Combined TRACON& Tower with Radar,4,54,33,16,107,0,1,21,2,24,4,55,54,18,131,0,6,6,137
02/13/2013,CHA,TN,ASO,ES,Combined TRACON& Tower with Radar,5,53,47,8,113,0,2,0,0,2,5,55,47,8,115,16,0,16,131
02/14/2013,CHA,TN,ASO,ES,Combined TRACON& Tower with Radar,6,54,78,22,160,0,1,37,3,41,6,55,115,25,201,6,0,6,207
02/15/2013,CHA,TN,ASO,ES,Combined TRACON& Tower with Radar,8,49,54,14,125,0,1,44,4,49,8,50,98,18,174,4,0,4,178
02/16/2013,CHA,TN,ASO,ES,Combined TRACON& Tower with Radar,2,24,27,1,54,0,2,16,4,22,2,26,43,5,76,0,0,0,76
02/17/2013,CHA,TN,ASO,ES,Combined TRACON& Tower with Radar,4,28,36,2,70,0,0,49,6,55,4,28,85,8,125,0,0,0,125
02/18/2013,CHA,TN,ASO,ES,Combined TRACON& Tower with Radar,4,40,55,0,99,0,1,32,0,33,4,41,87,0,132,0,0,0,132
02/19/2013,CHA,TN,ASO,ES,Combined TRACON& Tower with Radar,5,37,46,30,118,0,1,16,3,20,5,38,62,33,138,6,0,6,144
02/20/2013,CHA,TN,ASO,ES,Combined TRACON& Tower with Radar,3,49,59,40,151,0,0,43,7,50,3,49,102,47,201,47,16,63,264
02/21/2013,CHA,TN,ASO,ES,Combined TRACON& Tower with Radar,6,52,85,26,169,0,2,31,9,42,6,54,116,35,211,0,8,8,219
02/22/2013,CHA,TN,ASO,ES,Combined TRACON& Tower with Radar,6,42,42,11,101,0,0,6,0,6,6,42,48,11,107,0,0,0,107
02/23/2013,CHA,TN,ASO,ES,Combined TRACON& Tower with Radar,4,31,47,0,82,0,1,6,0,7,4,32,53,0,89,0,0,0,89
02/24/2013,CHA,TN,ASO,ES,Combined TRACON& Tower with Radar,4,45,46,12,107,0,1,45,1,47,4,46,91,13,154,20,0,20,174
02/25/2013,CHA,TN,ASO,ES,Combined TRACON& Tower with Radar,7,49,46,32,134,0,1,17,0,18,7,50,63,32,152,30,0,30,182
02/26/2013,CHA,TN,ASO,ES,Combined TRACON& Tower with Radar,4,43,31,0,78,0,1,1,0,2,4,44,32,0,80,0,0,0,80
02/27/2013,CHA,TN,ASO,ES,Combined TRACON& Tower with Radar,4,55,70,16,145,0,1,24,1,26,4,56,94,17,171,46,28,74,245
02/28/2013,CHA,TN,ASO,ES,Combined TRACON& Tower with Radar,6,61,59,18,144,0,0,28,5,33,6,61,87,23,177,0,10,10,187
03/01/2013,CHA,TN,ASO,ES,Combined TRACON& Tower with Radar,6,47,40,8,101,0,1,9,0,10,6,48,49,8,111,0,0,0,111
03/02/2013,CHA,TN,ASO,ES,Combined TRACON& Tower with Radar,3,25,23,0,51,0,0,0,0,0,3,25,23,0,51,0,0,0,51
03/03/2013,CHA,TN,ASO,ES,Combined TRACON& Tower with Radar,4,50,32,10,96,0,0,24,1,25,4,50,56,11,121,6,0,6,127
03/04/2013,CHA,TN,ASO,ES,Combined TRACON& Tower with Radar,5,42,45,6,98,0,0,24,1,25,5,42,69,7,123,10,0,10,133
03/05/2013,CHA,TN,ASO,ES,Combined TRACON& Tower with Radar,4,38,27,2,71,0,0,1,0,1,4,38,28,2,72,0,0,0,72
03/06/2013,CHA,TN,ASO,ES,Combined TRACON& Tower with Radar,5,45,32,0,82,0,0,4,0,4,5,45,36,0,86,0,0,0,86
03/07/2013,CHA,TN,ASO,ES,Combined TRACON& Tower with Radar,6,44,51,24,125,0,0,36,2,38,6,44,87,26,163,6,5,11,174
03/08/2013,CHA,TN,ASO,ES,Combined TRACON& Tower with Radar,5,52,32,15,104,0,3,51,5,59,5,55,83,20,163,10,20,30,193
03/09/2013,CHA,TN,ASO,ES,Combined TRACON& Tower with Radar,2,25,26,1,54,0,0,38,1,39,2,25,64,2,93,24,0,24,117
03/10/2013,CHA,TN,ASO,ES,Combined TRACON& Tower with Radar,4,38,43,2,87,0,0,18,0,18,4,38,61,2,105,0,0,0,105
03/11/2013,CHA,TN,ASO,ES,Combined TRACON& Tower with Radar,5,47,38,0,90,0,0,0,0,0,5,47,38,0,90,0,0,0,90
03/12/2013,CHA,TN,ASO,ES,Combined TRACON& Tower with Radar,6,45,72,26,149,0,0,32,2,34,6,45,104,28,183,15,0,15,198
03/13/2013,CHA,TN,ASO,ES,Combined TRACON& Tower with Radar,6,42,46,9,103,0,0,16,4,20,6,42,62,13,123,0,0,0,123
03/14/2013,CHA,TN,ASO,ES,Combined TRACON& Tower with Radar,6,44,68,18,136,0,2,40,0,42,6,46,108,18,178,20,0,20,198
03/15/2013,CHA,TN,ASO,ES,Combined TRACON& Tower with Radar,6,54,48,24,132,0,1,35,3,39,6,55,83,27,171,6,10,16,187
03/16/2013,CHA,TN,ASO,ES,Combined TRACON& Tower with Radar,2,31,14,13,60,0,0,30,0,30,2,31,44,13,90,0,0,0,90
03/17/2013,CHA,TN,ASO,ES,Combined TRACON& Tower with Radar,4,41,33,13,91,0,0,15,0,15,4,41,48,13,106,26,0,26,132
03/18/2013,CHA,TN,ASO,ES,Combined TRACON& Tower with Radar,8,36,25,3,72,0,0,0,0,0,8,36,25,3,72,0,0,0,72
03/19/2013,CHA,TN,ASO,ES,Combined TRACON& Tower with Radar,6,42,49,24,121,0,2,32,7,41,6,44,81,31,162,0,6,6,168
03/20/2013,CHA,TN,ASO,ES,Combined TRACON& Tower with Radar,6,47,49,25,127,0,0,30,3,33,6,47,79,28,160,22,0,22,182
03/21/2013,CHA,TN,ASO,ES,Combined TRACON& Tower with Radar,10,47,65,15,137,0,0,30,6,36,10,47,95,21,173,32,14,46,219
03/22/2013,CHA,TN,ASO,ES,Combined TRACON& Tower with Radar,6,47,57,3,113,0,0,18,1,19,6,47,75,4,132,0,0,0,132
03/23/2013,CHA,TN,ASO,ES,Combined TRACON& Tower with Radar,4,25,38,10,77,0,0,2,0,2,4,25,40,10,79,18,0,18,97
03/24/2013,CHA,TN,ASO,ES,Combined TRACON& Tower with Radar,5,41,28,9,83,0,0,3,0,3,5,41,31,9,86,0,0,0,86
03/25/2013,CHA,TN,ASO,ES,Combined TRACON& Tower with Radar,6,48,33,1,88,0,0,0,1,1,6,48,33,2,89,0,0,0,89
03/26/2013,CHA,TN,ASO,ES,Combined TRACON& Tower with Radar,8,47,47,1,103,0,0,3,1,4,8,47,50,2,107,0,0,0,107
03/27/2013,CHA,TN,ASO,ES,Combined TRACON& Tower with Radar,5,42,54,33,134,0,1,23,3,27,5,43,77,36,161,52,0,52,213
03/28/2013,CHA,TN,ASO,ES,Combined TRACON& Tower with Radar,6,43,92,49,190,0,2,37,3,42,6,45,129,52,232,0,0,0,232
03/29/2013,CHA,TN,ASO,ES,Combined TRACON& Tower with Radar,6,51,61,6,124,0,0,30,1,31,6,51,91,7,155,0,0,0,155
03/30/2013,CHA,TN,ASO,ES,Combined TRACON& Tower with Radar,2,27,46,0,75,0,0,17,0,17,2,27,63,0,92,0,0,0,92
03/31/2013,CHA,TN,ASO,ES,Combined TRACON& Tower with Radar,5,35,26,0,66,0,0,0,0,0,5,35,26,0,66,0,0,0,66
04/01/2013,CHA,TN,ASO,ES,Combined TRACON& Tower with Radar,5,50,40,28,123,0,0,15,2,17,5,50,55,30,140,0,0,0,140
04/02/2013,CHA,TN,ASO,ES,Combined TRACON& Tower with Radar,8,54,54,32,148,0,1,40,3,44,8,55,94,35,192,22,2,24,216
04/03/2013,CHA,TN,ASO,ES,Combined TRACON& Tower with Radar,6,46,59,14,125,0,0,35,2,37,6,46,94,16,162,16,0,16,178
04/04/2013,CHA,TN,ASO,ES,Combined TRACON& Tower with Radar,6,51,45,6,108,0,0,0,0,0,6,51,45,6,108,0,0,0,108
04/05/2013,CHA,TN,ASO,ES,Combined TRACON& Tower with Radar,8,45,69,46,168,0,1,42,4,47,8,46,111,50,215,30,90,120,335
04/06/2013,CHA,TN,ASO,ES,Combined TRACON& Tower with Radar,3,31,43,1,78,0,4,53,0,57,3,35,96,1,135,0,0,0,135
04/07/2013,CHA,TN,ASO,ES,Combined TRACON& Tower with Radar,4,36,31,7,78,0,1,34,1,36,4,37,65,8,114,18,2,20,134
04/08/2013,CHA,TN,ASO,ES,Combined TRACON& Tower with Radar,7,46,73,69,195,0,0,24,3,27,7,46,97,72,222,18,8,26,248
04/09/2013,CHA,TN,ASO,ES,Combined TRACON& Tower with Radar,5,50,39,34,128,0,0,18,4,22,5,50,57,38,150,43,12,55,205
04/10/2013,CHA,TN,ASO,ES,Combined TRACON& Tower with Radar,3,47,80,34,164,0,2,29,2,33,3,49,109,36,197,14,0,14,211
04/11/2013,CHA,TN,ASO,ES,Combined TRACON& Tower with Radar,5,42,37,0,84,0,0,3,0,3,5,42,40,0,87,0,0,0,87
04/12/2013,CHA,TN,ASO,ES,Combined TRACON& Tower with Radar,5,50,61,8,124,0,3,21,3,27,5,53,82,11,151,12,0,12,163
04/13/2013,CHA,TN,ASO,ES,Combined TRACON& Tower with Radar,1,26,20,12,59,0,0,28,4,32,1,26,48,16,91,32,12,44,135
04/14/2013,CHA,TN,ASO,ES,Combined TRACON& Tower with Radar,2,43,38,11,94,0,1,18,1,20,2,44,56,12,114,70,15,85,199
04/15/2013,CHA,TN,ASO,ES,Combined TRACON& Tower with Radar,5,43,43,31,122,0,0,9,4,13,5,43,52,35,135,0,0,0,135
04/16/2013,CHA,TN,ASO,ES,Combined TRACON& Tower with Radar,3,48,49,22,122,0,1,15,2,18,3,49,64,24,140,0,0,0,140
04/17/2013,CHA,TN,ASO,ES,Combined TRACON& Tower with Radar,5,45,56,20,126,0,3,13,1,17,5,48,69,21,143,16,0,16,159
04/18/2013,CHA,TN,ASO,ES,Combined TRACON& Tower with Radar,6,48,72,33,159,0,0,18,5,23,6,48,90,38,182,0,0,0,182
04/19/2013,CHA,TN,ASO,ES,Combined TRACON& Tower with Radar,5,47,53,0,105,0,0,7,0,7,5,47,60,0,112,2,0,2,114
04/20/2013,CHA,TN,ASO,ES,Combined TRACON& Tower with Radar,0,26,52,0,78,0,0,39,0,39,0,26,91,0,117,0,0,0,117
04/21/2013,CHA,TN,ASO,ES,Combined TRACON& Tower with Radar,3,40,39,9,91,0,1,31,8,40,3,41,70,17,131,0,0,0,131
04/22/2013,CHA,TN,ASO,ES,Combined TRACON& Tower with Radar,5,53,58,32,148,0,2,25,4,31,5,55,83,36,179,0,0,0,179
04/23/2013,CHA,TN,ASO,ES,Combined TRACON& Tower with Radar,4,60,72,14,150,0,2,21,0,23,4,62,93,14,173,0,0,0,173
04/24/2013,CHA,TN,ASO,ES,Combined TRACON& Tower with Radar,4,48,39,3,94,0,1,0,0,1,4,49,39,3,95,0,0,0,95
04/25/2013,CHA,TN,ASO,ES,Combined TRACON& Tower with Radar,5,57,73,31,166,0,1,39,4,44,5,58,112,35,210,0,0,0,210
04/26/2013,CHA,TN,ASO,ES,Combined TRACON& Tower with Radar,5,48,60,12,125,0,3,20,2,25,5,51,80,14,150,0,0,0,150
04/27/2013,CHA,TN,ASO,ES,Combined TRACON& Tower with Radar,1,29,14,0,44,0,0,3,1,4,1,29,17,1,48,0,0,0,48
04/28/2013,CHA,TN,ASO,ES,Combined TRACON& Tower with Radar,3,46,25,0,74,0,0,3,0,3,3,46,28,0,77,0,0,0,77
04/29/2013,CHA,TN,ASO,ES,Combined TRACON& Tower with Radar,4,54,44,4,106,0,0,17,2,19,4,54,61,6,125,54,0,54,179
04/30/2013,CHA,TN,ASO,ES,Combined TRACON& Tower with Radar,5,54,66,25,150,0,1,35,4,40,5,55,101,29,190,0,0,0,190
05/01/2013,CHA,TN,ASO,ES,Combined TRACON& Tower with Radar,4,51,81,36,172,0,0,37,2,39,4,51,118,38,211,0,0,0,211
05/02/2013,CHA,TN,ASO,ES,Combined TRACON& Tower with Radar,7,55,57,51,170,0,0,20,0,20,7,55,77,51,190,6,28,34,224
05/03/2013,CHA,TN,ASO,ES,Combined TRACON& Tower with Radar,6,52,67,51,176,0,0,8,2,10,6,52,75,53,186,0,14,14,200
05/04/2013,CHA,TN,ASO,ES,Combined TRACON& Tower with Radar,3,31,24,0,58,0,0,0,0,0,3,31,24,0,58,0,0,0,58
05/05/2013,CHA,TN,ASO,ES,Combined TRACON& Tower with Radar,4,51,34,0,89,0,1,1,2,4,4,52,35,2,93,0,0,0,93
05/06/2013,CHA,TN,ASO,ES,Combined TRACON& Tower with Radar,7,46,46,4,103,0,0,6,0,6,7,46,52,4,109,0,0,0,109
05/07/2013,CHA,TN,ASO,ES,Combined TRACON& Tower with Radar,4,55,68,16,143,0,0,18,1,19,4,55,86,17,162,8,0,8,170
05/08/2013,CHA,TN,ASO,ES,Combined TRACON& Tower with Radar,3,53,57,2,115,0,0,43,2,45,3,53,100,4,160,58,0,58,218
05/09/2013,CHA,TN,ASO,ES,Combined TRACON& Tower with Radar,6,53,62,38,159,0,0,35,2,37,6,53,97,40,196,22,0,22,218
05/10/2013,CHA,TN,ASO,ES,Combined TRACON& Tower with Radar,7,48,56,2,113,0,0,16,0,16,7,48,72,2,129,34,0,34,163
05/11/2013,CHA,TN,ASO,ES,Combined TRACON& Tower with Radar,5,30,34,8,77,0,0,7,0,7,5,30,41,8,84,26,0,26,110
05/12/2013,CHA,TN,ASO,ES,Combined TRACON& Tower with Radar,4,41,45,14,104,0,0,41,2,43,4,41,86,16,147,0,0,0,147
05/13/2013,CHA,TN,ASO,ES,Combined TRACON& Tower with Radar,6,44,51,22,123,0,1,35,10,46,6,45,86,32,169,0,0,0,169
05/14/2013,CHA,TN,ASO,ES,Combined TRACON& Tower with Radar,7,59,62,19,147,0,0,42,3,45,7,59,104,22,192,20,20,40,232
05/15/2013,CHA,TN,ASO,ES,Combined TRACON& Tower with Radar,4,59,81,42,186,0,0,43,7,50,4,59,124,49,236,0,0,0,236
05/16/2013,CHA,TN,ASO,ES,Combined TRACON& Tower with Radar,6,54,86,32,178,0,8,45,10,63,6,62,131,42,241,0,0,0,241
05/17/2013,CHA,TN,ASO,ES,Combined TRACON& Tower with Radar,6,54,58,18,136,0,9,45,3,57,6,63,103,21,193,0,0,0,193
05/18/2013,CHA,TN,ASO,ES,Combined TRACON& Tower with Radar,3,30,34,2,69,0,2,4,0,6,3,32,38,2,75,56,0,56,131
05/19/2013,CHA,TN,ASO,ES,Combined TRACON& Tower with Radar,5,46,17,0,68,0,0,1,0,1,5,46,18,0,69,0,0,0,69
05/20/2013,CHA,TN,ASO,ES,Combined TRACON& Tower with Radar,4,51,56,15,126,0,1,21,2,24,4,52,77,17,150,0,50,50,200
05/21/2013,CHA,TN,ASO,ES,Combined TRACON& Tower with Radar,4,44,66,32,146,0,0,43,0,43,4,44,109,32,189,82,40,122,311
05/22/2013,CHA,TN,ASO,ES,Combined TRACON& Tower with Radar,4,48,45,1,98,0,0,15,1,16,4,48,60,2,114,62,6,68,182
05/23/2013,CHA,TN,ASO,ES,Combined TRACON& Tower with Radar,8,46,89,3,146,0,0,29,1,30,8,46,118,4,176,0,0,0,176
05/24/2013,CHA,TN,ASO,ES,Combined TRACON& Tower with Radar,6,53,53,0,112,0,0,31,0,31,6,53,84,0,143,16,0,16,159
05/25/2013,CHA,TN,ASO,ES,Combined TRACON& Tower with Radar,2,30,36,1,69,0,0,46,0,46,2,30,82,1,115,36,0,36,151
05/26/2013,CHA,TN,ASO,ES,Combined TRACON& Tower with Radar,3,33,27,15,78,0,0,36,1,37,3,33,63,16,115,20,0,20,135
05/27/2013,CHA,TN,ASO,ES,Combined TRACON& Tower with Radar,6,38,26,0,70,0,0,47,0,47,6,38,73,0,117,56,0,56,173
05/28/2013,CHA,TN,ASO,ES,Combined TRACON& Tower with Radar,3,49,49,8,109,0,1,25,7,33,3,50,74,15,142,18,0,18,160
05/29/2013,CHA,TN,ASO,ES,Combined TRACON& Tower with Radar,4,51,60,36,151,0,2,41,3,46,4,53,101,39,197,29,20,49,246
05/30/2013,CHA,TN,ASO,ES,Combined TRACON& Tower with Radar,6,47,86,27,166,0,0,36,4,40,6,47,122,31,206,14,42,56,262
05/31/2013,CHA,TN,ASO,ES,Combined TRACON& Tower with Radar,8,50,58,54,170,0,1,32,5,38,8,51,90,59,208,23,4,27,235
06/01/2013,CHA,TN,ASO,ES,Combined TRACON& Tower with Radar,3,26,27,3,59,0,0,16,1,17,3,26,43,4,76,35,0,35,111
06/02/2013,CHA,TN,ASO,ES,Combined TRACON& Tower with Radar,4,46,34,0,84,0,2,7,0,9,4,48,41,0,93,22,8,30,123
06/03/2013,CHA,TN,ASO,ES,Combined TRACON& Tower with Radar,5,49,37,46,137,0,0,14,6,20,5,49,51,52,157,0,0,0,157
06/04/2013,CHA,TN,ASO,ES,Combined TRACON& Tower with Radar,4,58,75,29,166,0,3,54,6,63,4,61,129,35,229,36,0,36,265
06/05/2013,CHA,TN,ASO,ES,Combined TRACON& Tower with Radar,6,49,43,2,100,0,0,5,0,5,6,49,48,2,105,34,0,34,139
06/06/2013,CHA,TN,ASO,ES,Combined TRACON& Tower with Radar,8,44,53,4,109,0,1,19,0,20,8,45,72,4,129,9,0,9,138
06/07/2013,CHA,TN,ASO,ES,Combined TRACON& Tower with Radar,4,45,30,21,100,0,0,9,1,10,4,45,39,22,110,4,8,12,122
06/08/2013,CHA,TN,ASO,ES,Combined TRACON& Tower with Radar,3,24,46,11,84,0,0,33,1,34,3,24,79,12,118,0,0,0,118
06/09/2013,CHA,TN,ASO,ES,Combined TRACON& Tower with Radar,8,45,48,0,101,0,0,6,2,8,8,45,54,2,109,30,0,30,139
06/10/2013,CHA,TN,ASO,ES,Combined TRACON& Tower with Radar,4,46,44,3,97,0,0,12,3,15,4,46,56,6,112,0,0,0,112
06/11/2013,CHA,TN,ASO,ES,Combined TRACON& Tower with Radar,6,46,48,4,104,0,0,43,4,47,6,46,91,8,151,8,0,8,159
06/12/2013,CHA,TN,ASO,ES,Combined TRACON& Tower with Radar,4,47,62,13,126,0,0,58,4,62,4,47,120,17,188,32,0,32,220
06/13/2013,CHA,TN,ASO,ES,Combined TRACON& Tower with Radar,9,47,49,5,110,0,1,22,3,26,9,48,71,8,136,0,0,0,136
06/14/2013,CHA,TN,ASO,ES,Combined TRACON& Tower with Radar,4,45,30,21,100,0,0,9,1,10,4,45,39,22,110,20,0,20,130
06/15/2013,CHA,TN,ASO,ES,Combined TRACON& Tower with Radar,3,25,46,11,85,0,0,33,1,34,3,25,79,12,119,0,0,0,119
06/16/2013,CHA,TN,ASO,ES,Combined TRACON& Tower with Radar,8,45,48,0,101,0,0,6,2,8,8,45,54,2,109,0,0,0,109
06/17/2013,CHA,TN,ASO,ES,Combined TRACON& Tower with Radar,3,40,36,0,79,0,0,12,0,12,3,40,48,0,91,0,0,0,91
06/18/2013,CHA,TN,ASO,ES,Combined TRACON& Tower with Radar,8,49,47,0,104,0,0,2,0,2,8,49,49,0,106,0,0,0,106
06/19/2013,CHA,TN,ASO,ES,Combined TRACON& Tower with Radar,4,45,49,22,120,7,0,43,1,51,11,45,92,23,171,49,6,55,226
06/20/2013,CHA,TN,ASO,ES,Combined TRACON& Tower with Radar,11,46,65,21,143,0,0,29,1,30,11,46,94,22,173,12,0,12,185
06/21/2013,CHA,TN,ASO,ES,Combined TRACON& Tower with Radar,7,46,52,12,117,0,1,27,2,30,7,47,79,14,147,11,0,11,158
06/22/2013,CHA,TN,ASO,ES,Combined TRACON& Tower with Radar,3,29,41,4,77,0,1,41,1,43,3,30,82,5,120,28,0,28,148
06/23/2013,CHA,TN,ASO,ES,Combined TRACON& Tower with Radar,6,45,48,6,105,0,1,20,6,27,6,46,68,12,132,14,0,14,146
06/24/2013,CHA,TN,ASO,ES,Combined TRACON& Tower with Radar,3,51,42,6,102,0,3,16,3,22,3,54,58,9,124,0,0,0,124
06/25/2013,CHA,TN,ASO,ES,Combined TRACON& Tower with Radar,6,44,51,18,119,0,0,25,3,28,6,44,76,21,147,38,16,54,201
06/26/2013,CHA,TN,ASO,ES,Combined TRACON& Tower with Radar,4,44,60,7,115,0,0,15,6,21,4,44,75,13,136,20,0,20,156
06/27/2013,CHA,TN,ASO,ES,Combined TRACON& Tower with Radar,8,51,42,46,147,0,0,28,2,30,8,51,70,48,177,34,0,34,211
06/28/2013,CHA,TN,ASO,ES,Combined TRACON& Tower with Radar,8,44,55,1,108,0,0,16,5,21,8,44,71,6,129,0,0,0,129
06/29/2013,CHA,TN,ASO,ES,Combined TRACON& Tower with Radar,3,29,46,0,78,0,0,34,1,35,3,29,80,1,113,23,0,23,136
06/30/2013,CHA,TN,ASO,ES,Combined TRACON& Tower with Radar,6,33,39,3,81,0,0,16,2,18,6,33,55,5,99,33,0,33,132
07/01/2013,CHA,TN,ASO,ES,Combined TRACON& Tower with Radar,3,36,37,1,77,0,1,7,1,9,3,37,44,2,86,0,0,0,86
07/02/2013,CHA,TN,ASO,ES,Combined TRACON& Tower with Radar,6,43,39,5,93,0,0,22,1,23,6,43,61,6,116,10,0,10,126
07/03/2013,CHA,TN,ASO,ES,Combined TRACON& Tower with Radar,3,45,23,0,71,0,0,4,0,4,3,45,27,0,75,0,0,0,75
07/04/2013,CHA,TN,ASO,ES,Combined TRACON& Tower with Radar,4,26,13,0,43,0,0,0,0,0,4,26,13,0,43,0,0,0,43
07/05/2013,CHA,TN,ASO,ES,Combined TRACON& Tower with Radar,3,36,26,0,65,0,0,3,0,3,3,36,29,0,68,0,0,0,68
07/06/2013,CHA,TN,ASO,ES,Combined TRACON& Tower with Radar,7,33,13,0,53,0,0,2,0,2,7,33,15,0,55,0,0,0,55
07/07/2013,CHA,TN,ASO,ES,Combined TRACON& Tower with Radar,6,40,25,0,71,0,0,2,0,2,6,40,27,0,73,0,0,0,73
07/08/2013,CHA,TN,ASO,ES,Combined TRACON& Tower with Radar,5,48,48,17,118,0,0,22,0,22,5,48,70,17,140,39,20,59,199
07/09/2013,CHA,TN,ASO,ES,Combined TRACON& Tower with Radar,6,48,53,26,133,0,0,20,2,22,6,48,73,28,155,0,6,6,161
07/10/2013,CHA,TN,ASO,ES,Combined TRACON& Tower with Radar,4,47,63,3,117,0,0,26,1,27,4,47,89,4,144,13,0,13,157
07/11/2013,CHA,TN,ASO,ES,Combined TRACON& Tower with Radar,10,52,57,0,119,0,0,8,0,8,10,52,65,0,127,0,0,0,127
07/12/2013,CHA,TN,ASO,ES,Combined TRACON& Tower with Radar,10,44,64,62,180,0,2,37,2,41,10,46,101,64,221,14,0,14,235
07/13/2013,CHA,TN,ASO,ES,Combined TRACON& Tower with Radar,3,27,35,12,77,0,2,22,0,24,3,29,57,12,101,16,0,16,117
07/14/2013,CHA,TN,ASO,ES,Combined TRACON& Tower with Radar,6,44,28,26,104,0,1,18,0,19,6,45,46,26,123,0,0,0,123
07/15/2013,CHA,TN,ASO,ES,Combined TRACON& Tower with Radar,3,44,39,47,133,0,2,16,2,20,3,46,55,49,153,29,20,49,202
07/16/2013,CHA,TN,ASO,ES,Combined TRACON& Tower with Radar,6,39,63,47,155,0,3,31,3,37,6,42,94,50,192,42,0,42,234
07/17/2013,CHA,TN,ASO,ES,Combined TRACON& Tower with Radar,10,43,50,26,129,0,0,38,5,43,10,43,88,31,172,34,0,34,206
07/18/2013,CHA,TN,ASO,ES,Combined TRACON& Tower with Radar,7,49,52,40,148,0,0,28,5,33,7,49,80,45,181,36,0,36,217
07/19/2013,CHA,TN,ASO,ES,Combined TRACON& Tower with Radar,9,43,66,26,144,0,0,38,1,39,9,43,104,27,183,0,0,0,183
07/20/2013,CHA,TN,ASO,ES,Combined TRACON& Tower with Radar,19,39,45,11,114,0,0,33,9,42,19,39,78,20,156,10,28,38,194
07/21/2013,CHA,TN,ASO,ES,Combined TRACON& Tower with Radar,12,37,29,4,82,0,3,16,0,19,12,40,45,4,101,18,0,18,119
07/22/2013,CHA,TN,ASO,ES,Combined TRACON& Tower with Radar,3,42,30,6,81,0,1,7,0,8,3,43,37,6,89,0,0,0,89
07/23/2013,CHA,TN,ASO,ES,Combined TRACON& Tower with Radar,8,45,45,4,102,0,0,3,3,6,8,45,48,7,108,14,0,14,122
07/24/2013,CHA,TN,ASO,ES,Combined TRACON& Tower with Radar,3,38,85,24,150,0,1,21,1,23,3,39,106,25,173,8,0,8,181
07/25/2013,CHA,TN,ASO,ES,Combined TRACON& Tower with Radar,7,46,71,38,162,0,2,45,5,52,7,48,116,43,214,36,0,36,250
07/26/2013,CHA,TN,ASO,ES,Combined TRACON& Tower with Radar,15,45,54,50,164,0,2,45,3,50,15,47,99,53,214,32,0,32,246
07/27/2013,CHA,TN,ASO,ES,Combined TRACON& Tower with Radar,3,28,29,2,62,0,1,15,1,17,3,29,44,3,79,12,0,12,91
07/28/2013,CHA,TN,ASO,ES,Combined TRACON& Tower with Radar,6,38,35,14,93,0,1,29,0,30,6,39,64,14,123,12,0,12,135
07/29/2013,CHA,TN,ASO,ES,Combined TRACON& Tower with Radar,3,42,55,16,116,0,1,34,3,38,3,43,89,19,154,38,0,38,192
07/30/2013,CHA,TN,ASO,ES,Combined TRACON& Tower with Radar,5,42,36,4,87,0,0,19,0,19,5,42,55,4,106,20,0,20,126
07/31/2013,CHA,TN,ASO,ES,Combined TRACON& Tower with Radar,3,45,43,1,92,0,0,2,0,2,3,45,45,1,94,0,0,0,94
08/01/2013,CHA,TN,ASO,ES,Combined TRACON& Tower with Radar,7,44,58,32,141,0,0,43,3,46,7,44,101,35,187,49,15,64,251
08/02/2013,CHA,TN,ASO,ES,Combined TRACON& Tower with Radar,5,46,53,25,129,0,1,33,1,35,5,47,86,26,164,38,0,38,202
08/03/2013,CHA,TN,ASO,ES,Combined TRACON& Tower with Radar,2,28,27,0,57,0,1,24,0,25,2,29,51,0,82,4,0,4,86
08/04/2013,CHA,TN,ASO,ES,Combined TRACON& Tower with Radar,7,40,42,15,104,0,1,33,1,35,7,41,75,16,139,12,0,12,151
08/05/2013,CHA,TN,ASO,ES,Combined TRACON& Tower with Radar,3,39,53,45,140,0,0,47,5,52,3,39,100,50,192,43,8,51,243
08/06/2013,CHA,TN,ASO,ES,Combined TRACON& Tower with Radar,3,43,91,0,137,0,0,27,0,27,3,43,118,0,164,36,0,36,200
08/07/2013,CHA,TN,ASO,ES,Combined TRACON& Tower with Radar,4,36,46,0,86,0,0,5,0,5,4,36,51,0,91,0,0,0,91
08/08/2013,CHA,TN,ASO,ES,Combined TRACON& Tower with Radar,8,45,60,14,127,0,0,7,0,7,8,45,67,14,134,0,0,0,134
08/09/2013,CHA,TN,ASO,ES,Combined TRACON& Tower with Radar,7,40,72,10,129,0,6,25,5,36,7,46,97,15,165,0,0,0,165
08/10/2013,CHA,TN,ASO,ES,Combined TRACON& Tower with Radar,10,32,25,2,69,0,0,19,0,19,10,32,44,2,88,37,0,37,125
08/11/2013,CHA,TN,ASO,ES,Combined TRACON& Tower with Radar,6,40,22,4,72,0,1,10,3,14,6,41,32,7,86,0,0,0,86
08/12/2013,CHA,TN,ASO,ES,Combined TRACON& Tower with Radar,3,47,39,5,94,0,0,17,3,20,3,47,56,8,114,5,0,5,119
08/13/2013,CHA,TN,ASO,ES,Combined TRACON& Tower with Radar,5,39,54,14,112,0,0,15,0,15,5,39,69,14,127,0,0,0,127
08/14/2013,CHA,TN,ASO,ES,Combined TRACON& Tower with Radar,4,43,61,47,155,0,0,41,4,45,4,43,102,51,200,34,0,34,234
08/15/2013,CHA,TN,ASO,ES,Combined TRACON& Tower with Radar,6,44,76,16,142,0,1,36,0,37,6,45,112,16,179,20,0,20,199
08/16/2013,CHA,TN,ASO,ES,Combined TRACON& Tower with Radar,4,44,58,18,124,0,1,15,13,29,4,45,73,31,153,42,12,54,207
08/17/2013,CHA,TN,ASO,ES,Combined TRACON& Tower with Radar,2,38,38,0,78,0,0,6,0,6,2,38,44,0,84,0,0,0,84
08/18/2013,CHA,TN,ASO,ES,Combined TRACON& Tower with Radar,6,42,27,6,81,0,0,3,1,4,6,42,30,7,85,4,0,4,89
08/19/2013,CHA,TN,ASO,ES,Combined TRACON& Tower with Radar,7,46,66,5,124,0,0,7,1,8,7,46,73,6,132,0,0,0,132
08/20/2013,CHA,TN,ASO,ES,Combined TRACON& Tower with Radar,6,54,55,24,139,0,0,23,0,23,6,54,78,24,162,32,30,62,224
08/21/2013,CHA,TN,ASO,ES,Combined TRACON& Tower with Radar,3,57,60,24,144,0,0,15,0,15,3,57,75,24,159,20,0,20,179
08/22/2013,CHA,TN,ASO,ES,Combined TRACON& Tower with Radar,8,46,64,35,153,0,0,17,0,17,8,46,81,35,170,20,0,20,190
08/23/2013,CHA,TN,ASO,ES,Combined TRACON& Tower with Radar,4,53,40,14,111,0,0,24,0,24,4,53,64,14,135,0,0,0,135
08/24/2013,CHA,TN,ASO,ES,Combined TRACON& Tower with Radar,3,35,38,0,76,0,1,17,0,18,3,36,55,0,94,0,0,0,94
08/25/2013,CHA,TN,ASO,ES,Combined TRACON& Tower with Radar,4,41,36,36,117,0,0,43,2,45,4,41,79,38,162,0,0,0,162
08/26/2013,CHA,TN,ASO,ES,Combined TRACON& Tower with Radar,3,42,65,46,156,0,0,34,4,38,3,42,99,50,194,0,0,0,194
08/27/2013,CHA,TN,ASO,ES,Combined TRACON& Tower with Radar,6,45,51,18,120,0,0,57,6,63,6,45,108,24,183,10,0,10,193
08/28/2013,CHA,TN,ASO,ES,Combined TRACON& Tower with Radar,3,47,70,36,156,0,0,32,3,35,3,47,102,39,191,14,9,23,214
08/29/2013,CHA,TN,ASO,ES,Combined TRACON& Tower with Radar,6,48,78,28,160,0,5,36,6,47,6,53,114,34,207,24,8,32,239
08/30/2013,CHA,TN,ASO,ES,Combined TRACON& Tower with Radar,3,52,57,2,114,0,1,17,0,18,3,53,74,2,132,16,0,16,148
08/31/2013,CHA,TN,ASO,ES,Combined TRACON& Tower with Radar,3,24,41,0,68,0,0,14,0,14,3,24,55,0,82,0,0,0,82
09/01/2013,CHA,TN,ASO,ES,Combined TRACON& Tower with Radar,2,31,18,2,53,0,0,9,0,9,2,31,27,2,62,0,0,0,62
09/02/2013,CHA,TN,ASO,ES,Combined TRACON& Tower with Radar,2,36,31,2,71,0,0,19,0,19,2,36,50,2,90,14,0,14,104
09/03/2013,CHA,TN,ASO,ES,Combined TRACON& Tower with Radar,1,37,24,33,95,0,2,27,1,30,1,39,51,34,125,42,6,48,173
09/04/2013,CHA,TN,ASO,ES,Combined TRACON& Tower with Radar,4,42,46,32,124,0,1,45,4,50,4,43,91,36,174,63,6,69,243
09/05/2013,CHA,TN,ASO,ES,Combined TRACON& Tower with Radar,4,46,54,26,130,0,4,41,10,55,4,50,95,36,185,28,38,66,251
09/06/2013,CHA,TN,ASO,ES,Combined TRACON& Tower with Radar,4,48,56,18,126,0,2,47,12,61,4,50,103,30,187,0,0,0,187
09/07/2013,CHA,TN,ASO,ES,Combined TRACON& Tower with Radar,2,29,33,1,65,0,5,36,0,41,2,34,69,1,106,0,0,0,106
09/08/2013,CHA,TN,ASO,ES,Combined TRACON& Tower with Radar,1,36,47,27,111,0,2,21,7,30,1,38,68,34,141,12,0,12,153
09/09/2013,CHA,TN,ASO,ES,Combined TRACON& Tower with Radar,3,42,52,11,108,0,7,11,1,19,3,49,63,12,127,18,20,38,165
09/10/2013,CHA,TN,ASO,ES,Combined TRACON& Tower with Radar,4,43,74,37,158,0,1,37,6,44,4,44,111,43,202,24,0,24,226
09/11/2013,CHA,TN,ASO,ES,Combined TRACON& Tower with Radar,4,46,55,9,114,0,1,24,5,30,4,47,79,14,144,10,0,10,154
09/12/2013,CHA,TN,ASO,ES,Combined TRACON& Tower with Radar,5,46,60,37,148,0,2,21,8,31,5,48,81,45,179,42,0,42,221
09/13/2013,CHA,TN,ASO,ES,Combined TRACON& Tower with Radar,5,47,59,35,146,0,0,41,3,44,5,47,100,38,190,6,0,6,196
09/14/2013,CHA,TN,ASO,ES,Combined TRACON& Tower with Radar,2,25,24,10,61,0,1,45,0,46,2,26,69,10,107,0,0,0,107
09/15/2013,CHA,TN,ASO,ES,Combined TRACON& Tower with Radar,1,48,24,39,112,0,0,24,2,26,1,48,48,41,138,34,0,34,172
09/16/2013,CHA,TN,ASO,ES,Combined TRACON& Tower with Radar,3,35,52,5,95,0,2,23,1,26,3,37,75,6,121,0,0,0,121
09/17/2013,CHA,TN,ASO,ES,Combined TRACON& Tower with Radar,6,43,61,8,118,0,0,22,2,24,6,43,83,10,142,0,0,0,142
09/18/2013,CHA,TN,ASO,ES,Combined TRACON& Tower with Radar,3,45,58,42,148,0,1,34,3,38,3,46,92,45,186,24,0,24,210
09/19/2013,CHA,TN,ASO,ES,Combined TRACON& Tower with Radar,3,40,56,9,108,0,1,46,0,47,3,41,102,9,155,26,0,26,181
09/20/2013,CHA,TN,ASO,ES,Combined TRACON& Tower with Radar,6,51,63,42,162,0,2,27,0,29,6,53,90,42,191,12,0,12,203
09/21/2013,CHA,TN,ASO,ES,Combined TRACON& Tower with Radar,2,27,18,22,69,0,0,2,0,2,2,27,20,22,71,0,0,0,71
09/22/2013,CHA,TN,ASO,ES,Combined TRACON& Tower with Radar,1,44,43,10,98,0,0,35,0,35,1,44,78,10,133,9,0,9,142
09/23/2013,CHA,TN,ASO,ES,Combined TRACON& Tower with Radar,3,42,62,58,165,0,2,24,5,31,3,44,86,63,196,18,32,50,246
09/24/2013,CHA,TN,ASO,ES,Combined TRACON& Tower with Radar,4,39,42,30,115,0,0,3,1,4,4,39,45,31,119,18,0,18,137
09/25/2013,CHA,TN,ASO,ES,Combined TRACON& Tower with Radar,4,50,57,3,114,0,0,1,0,1,4,50,58,3,115,0,0,0,115
09/26/2013,CHA,TN,ASO,ES,Combined TRACON& Tower with Radar,4,52,76,44,176,0,0,22,8,30,4,52,98,52,206,6,4,10,216
09/27/2013,CHA,TN,ASO,ES,Combined TRACON& Tower with Radar,7,59,93,40,199,0,3,33,2,38,7,62,126,42,237,0,0,0,237
09/28/2013,CHA,TN,ASO,ES,Combined TRACON& Tower with Radar,1,27,34,0,62,0,0,37,4,41,1,27,71,4,103,0,0,0,103
09/29/2013,CHA,TN,ASO,ES,Combined TRACON& Tower with Radar,1,47,41,13,102,0,0,41,0,41,1,47,82,13,143,20,0,20,163
09/30/2013,CHA,TN,ASO,ES,Combined TRACON& Tower with Radar,5,47,46,27,125,0,2,38,4,44,5,49,84,31,169,0,42,42,211
10/01/2013,CHA,TN,ASO,ES,Combined TRACON& Tower with Radar,4,46,43,43,136,0,1,27,1,29,4,47,70,44,165,12,0,12,177
10/02/2013,CHA,TN,ASO,ES,Combined TRACON& Tower with Radar,3,50,64,38,155,0,0,25,2,27,3,50,89,40,182,14,18,32,214
10/03/2013,CHA,TN,ASO,ES,Combined TRACON& Tower with Radar,9,44,56,22,131,0,1,30,3,34,9,45,86,25,165,26,1,27,192
10/04/2013,CHA,TN,ASO,ES,Combined TRACON& Tower with Radar,3,43,66,22,134,0,1,35,1,37,3,44,101,23,171,6,0,6,177
10/05/2013,CHA,TN,ASO,ES,Combined TRACON& Tower with Radar,2,22,31,1,56,0,0,16,1,17,2,22,47,2,73,0,0,0,73
10/06/2013,CHA,TN,ASO,ES,Combined TRACON& Tower with Radar,8,46,37,0,91,0,1,13,0,14,8,47,50,0,105,0,0,0,105
10/07/2013,CHA,TN,ASO,ES,Combined TRACON& Tower with Radar,6,41,50,26,123,0,1,23,0,24,6,42,73,26,147,0,0,0,147
10/08/2013,CHA,TN,ASO,ES,Combined TRACON& Tower with Radar,4,43,49,43,139,0,0,23,2,25,4,43,72,45,164,0,8,8,172
10/09/2013,CHA,TN,ASO,ES,Combined TRACON& Tower with Radar,5,56,72,33,166,0,5,34,0,39,5,61,106,33,205,48,0,48,253
10/10/2013,CHA,TN,ASO,ES,Combined TRACON& Tower with Radar,9,53,72,28,162,0,4,37,4,45,9,57,109,32,207,20,77,97,304
10/11/2013,CHA,TN,ASO,ES,Combined TRACON& Tower with Radar,3,40,64,0,107,0,2,35,0,37,3,42,99,0,144,4,0,4,148
10/12/2013,CHA,TN,ASO,ES,Combined TRACON& Tower with Radar,1,27,30,0,58,0,0,30,0,30,1,27,60,0,88,0,0,0,88
10/13/2013,CHA,TN,ASO,ES,Combined TRACON& Tower with Radar,5,41,50,0,96,0,0,34,0,34,5,41,84,0,130,0,0,0,130
10/14/2013,CHA,TN,ASO,ES,Combined TRACON& Tower with Radar,5,51,50,0,106,0,0,41,0,41,5,51,91,0,147,15,0,15,162
10/15/2013,CHA,TN,ASO,ES,Combined TRACON& Tower with Radar,3,42,57,10,112,0,2,17,0,19,3,44,74,10,131,12,16,28,159
10/16/2013,CHA,TN,ASO,ES,Combined TRACON& Tower with Radar,4,47,56,6,113,0,0,21,0,21,4,47,77,6,134,0,0,0,134
10/17/2013,CHA,TN,ASO,ES,Combined TRACON& Tower with Radar,8,48,56,0,112,0,1,4,0,5,8,49,60,0,117,30,0,30,147
10/18/2013,CHA,TN,ASO,ES,Combined TRACON& Tower with Radar,3,47,79,6,135,0,5,30,0,35,3,52,109,6,170,6,0,6,176
10/19/2013,CHA,TN,ASO,ES,Combined TRACON& Tower with Radar,1,30,50,0,81,0,3,17,0,20,1,33,67,0,101,0,0,0,101
10/20/2013,CHA,TN,ASO,ES,Combined TRACON& Tower with Radar,5,38,49,0,92,0,0,43,3,46,5,38,92,3,138,10,0,10,148
10/21/2013,CHA,TN,ASO,ES,Combined TRACON& Tower with Radar,5,47,53,32,137,0,1,29,5,35,5,48,82,37,172,0,0,0,172
10/22/2013,CHA,TN,ASO,ES,Combined TRACON& Tower with Radar,4,46,73,8,131,0,1,32,5,38,4,47,105,13,169,0,0,0,169
10/23/2013,CHA,TN,ASO,ES,Combined TRACON& Tower with Radar,3,44,61,25,133,0,1,31,2,34,3,45,92,27,167,22,0,22,189
10/24/2013,CHA,TN,ASO,ES,Combined TRACON& Tower with Radar,7,54,53,12,126,0,3,30,3,36,7,57,83,15,162,6,0,6,168
10/25/2013,CHA,TN,ASO,ES,Combined TRACON& Tower with Radar,4,45,60,12,121,0,1,29,3,33,4,46,89,15,154,56,2,58,212
10/26/2013,CHA,TN,ASO,ES,Combined TRACON& Tower with Radar,2,28,42,0,72,0,0,22,0,22,2,28,64,0,94,8,0,8,102
10/27/2013,CHA,TN,ASO,ES,Combined TRACON& Tower with Radar,6,46,36,10,98,0,0,18,0,18,6,46,54,10,116,6,0,6,122
10/28/2013,CHA,TN,ASO,ES,Combined TRACON& Tower with Radar,5,47,52,39,143,0,2,9,0,11,5,49,61,39,154,0,0,0,154
10/29/2013,CHA,TN,ASO,ES,Combined TRACON& Tower with Radar,4,54,62,1,121,0,0,34,2,36,4,54,96,3,157,6,0,6,163
10/30/2013,CHA,TN,ASO,ES,Combined TRACON& Tower with Radar,4,52,50,13,119,0,1,36,2,39,4,53,86,15,158,0,0,0,158
10/31/2013,CHA,TN,ASO,ES,Combined TRACON& Tower with Radar,6,42,19,11,78,0,0,6,0,6,6,42,25,11,84,10,0,10,94
11/01/2013,CHA,TN,ASO,ES,Combined TRACON& Tower with Radar,7,52,35,6,100,0,1,29,7,37,7,53,64,13,137,10,0,10,147
11/02/2013,CHA,TN,ASO,ES,Combined TRACON& Tower with Radar,1,28,31,0,60,0,0,31,1,32,1,28,62,1,92,0,0,0,92
11/03/2013,CHA,TN,ASO,ES,Combined TRACON& Tower with Radar,3,52,64,0,119,0,0,37,2,39,3,52,101,2,158,16,0,16,174
11/04/2013,CHA,TN,ASO,ES,Combined TRACON& Tower with Radar,3,36,35,6,80,0,1,19,0,20,3,37,54,6,100,0,0,0,100
11/05/2013,CHA,TN,ASO,ES,Combined TRACON& Tower with Radar,5,35,45,9,94,0,0,27,1,28,5,35,72,10,122,24,0,24,146
11/06/2013,CHA,TN,ASO,ES,Combined TRACON& Tower with Radar,2,34,35,21,92,0,1,20,0,21,2,35,55,21,113,18,0,18,131
11/07/2013,CHA,TN,ASO,ES,Combined TRACON& Tower with Radar,3,32,35,0,70,0,3,24,0,27,3,35,59,0,97,36,0,36,133
11/08/2013,CHA,TN,ASO,ES,Combined TRACON& Tower with Radar,3,31,45,15,94,0,2,26,0,28,3,33,71,15,122,10,0,10,132
11/09/2013,CHA,TN,ASO,ES,Combined TRACON& Tower with Radar,1,16,26,0,43,0,0,28,0,28,1,16,54,0,71,0,0,0,71
11/10/2013,CHA,TN,ASO,ES,Combined TRACON& Tower with Radar,2,27,29,0,58,0,1,38,0,39,2,28,67,0,97,24,0,24,121
11/11/2013,CHA,TN,ASO,ES,Combined TRACON& Tower with Radar,5,39,36,0,80,0,0,30,0,30,5,39,66,0,110,6,0,6,116
11/12/2013,CHA,TN,ASO,ES,Combined TRACON& Tower with Radar,1,22,26,13,62,0,1,6,0,7,1,23,32,13,69,6,0,6,75
11/13/2013,CHA,TN,ASO,ES,Combined TRACON& Tower with Radar,2,30,41,33,106,0,0,28,1,29,2,30,69,34,135,36,14,50,185
11/14/2013,CHA,TN,ASO,ES,Combined TRACON& Tower with Radar,2,35,47,14,98,0,2,34,1,37,2,37,81,15,135,0,10,10,145
11/15/2013,CHA,TN,ASO,ES,Combined TRACON& Tower with Radar,3,38,32,13,86,0,1,11,2,14,3,39,43,15,100,0,22,22,122
11/16/2013,CHA,TN,ASO,ES,Combined TRACON& Tower with Radar,1,20,20,0,41,0,0,0,0,0,1,20,20,0,41,0,0,0,41
11/17/2013,CHA,TN,ASO,ES,Combined TRACON& Tower with Radar,3,40,15,0,58,0,0,0,0,0,3,40,15,0,58,0,0,0,58
11/18/2013,CHA,TN,ASO,ES,Combined TRACON& Tower with Radar,5,46,57,40,148,0,5,29,12,46,5,51,86,52,194,10,0,10,204
11/19/2013,CHA,TN,ASO,ES,Combined TRACON& Tower with Radar,6,46,78,20,150,0,1,40,4,45,6,47,118,24,195,0,0,0,195
11/20/2013,CHA,TN,ASO,ES,Combined TRACON& Tower with Radar,3,51,76,38,168,0,1,42,0,43,3,52,118,38,211,29,0,29,240
11/21/2013,CHA,TN,ASO,ES,Combined TRACON& Tower with Radar,5,50,53,34,142,0,1,11,1,13,5,51,64,35,155,6,6,12,167
11/22/2013,CHA,TN,ASO,ES,Combined TRACON& Tower with Radar,8,52,45,0,105,0,0,0,0,0,8,52,45,0,105,0,0,0,105
11/23/2013,CHA,TN,ASO,ES,Combined TRACON& Tower with Radar,2,33,29,4,68,0,2,14,0,16,2,35,43,4,84,6,0,6,90
11/24/2013,CHA,TN,ASO,ES,Combined TRACON& Tower with Radar,3,39,27,14,83,0,0,35,10,45,3,39,62,24,128,0,0,0,128
11/25/2013,CHA,TN,ASO,ES,Combined TRACON& Tower with Radar,6,40,51,40,137,0,0,31,0,31,6,40,82,40,168,4,8,12,180
11/26/2013,CHA,TN,ASO,ES,Combined TRACON& Tower with Radar,8,53,18,0,79,0,0,0,0,0,8,53,18,0,79,0,0,0,79
11/27/2013,CHA,TN,ASO,ES,Combined TRACON& Tower with Radar,8,40,32,4,84,0,0,11,0,11,8,40,43,4,95,18,0,18,113
11/28/2013,CHA,TN,ASO,ES,Combined TRACON& Tower with Radar,1,17,12,0,30,0,0,18,0,18,1,17,30,0,48,12,0,12,60
11/29/2013,CHA,TN,ASO,ES,Combined TRACON& Tower with Radar,4,33,32,0,69,0,1,26,0,27,4,34,58,0,96,8,0,8,104
11/30/2013,CHA,TN,ASO,ES,Combined TRACON& Tower with Radar,4,38,26,0,68,0,0,35,0,35,4,38,61,0,103,0,0,0,103
12/01/2013,CHA,TN,ASO,ES,Combined TRACON& Tower with Radar,4,59,40,7,110,0,1,23,0,24,4,60,63,7,134,10,0,10,144
12/02/2013,CHA,TN,ASO,ES,Combined TRACON& Tower with Radar,5,47,41,7,100,0,0,0,0,0,5,47,41,7,100,0,0,0,100
12/03/2013,CHA,TN,ASO,ES,Combined TRACON& Tower with Radar,4,44,48,6,102,0,0,0,0,0,4,44,48,6,102,0,0,0,102
12/04/2013,CHA,TN,ASO,ES,Combined TRACON& Tower with Radar,4,45,54,46,149,0,0,10,4,14,4,45,64,50,163,24,22,46,209
12/05/2013,CHA,TN,ASO,ES,Combined TRACON& Tower with Radar,8,48,77,32,165,0,0,3,0,3,8,48,80,32,168,18,10,28,196
12/06/2013,CHA,TN,ASO,ES,Combined TRACON& Tower with Radar,7,47,36,0,90,0,0,0,0,0,7,47,36,0,90,0,0,0,90
12/07/2013,CHA,TN,ASO,ES,Combined TRACON& Tower with Radar,3,25,15,0,43,0,0,2,0,2,3,25,17,0,45,0,0,0,45
12/08/2013,CHA,TN,ASO,ES,Combined TRACON& Tower with Radar,5,37,28,0,70,0,0,0,0,0,5,37,28,0,70,0,0,0,70
12/09/2013,CHA,TN,ASO,ES,Combined TRACON& Tower with Radar,5,48,52,18,123,0,0,3,0,3,5,48,55,18,126,0,0,0,126
12/10/2013,CHA,TN,ASO,ES,Combined TRACON& Tower with Radar,6,47,46,44,143,0,2,28,0,30,6,49,74,44,173,30,8,38,211
12/11/2013,CHA,TN,ASO,ES,Combined TRACON& Tower with Radar,4,49,51,38,142,0,3,44,6,53,4,52,95,44,195,20,0,20,215
12/12/2013,CHA,TN,ASO,ES,Combined TRACON& Tower with Radar,6,50,60,36,152,0,5,26,2,33,6,55,86,38,185,22,22,44,229
12/13/2013,CHA,TN,ASO,ES,Combined TRACON& Tower with Radar,6,51,63,32,152,0,1,39,10,50,6,52,102,42,202,0,0,0,202
12/14/2013,CHA,TN,ASO,ES,Combined TRACON& Tower with Radar,3,30,4,0,37,0,0,0,0,0,3,30,4,0,37,0,0,0,37
12/15/2013,CHA,TN,ASO,ES,Combined TRACON& Tower with Radar,3,47,28,0,78,0,2,3,0,5,3,49,31,0,83,0,0,0,83
12/16/2013,CHA,TN,ASO,ES,Combined TRACON& Tower with Radar,6,42,58,21,127,0,1,27,9,37,6,43,85,30,164,22,0,22,186
12/17/2013,CHA,TN,ASO,ES,Combined TRACON& Tower with Radar,6,46,72,11,135,0,2,46,11,59,6,48,118,22,194,20,0,20,214
12/18/2013,CHA,TN,ASO,ES,Combined TRACON& Tower with Radar,5,55,65,17,142,0,1,28,2,31,5,56,93,19,173,6,2,8,181
12/19/2013,CHA,TN,ASO,ES,Combined TRACON& Tower with Radar,6,39,68,28,141,0,2,43,3,48,6,41,111,31,189,4,0,4,193
12/20/2013,CHA,TN,ASO,ES,Combined TRACON& Tower with Radar,6,49,65,18,138,0,0,27,1,28,6,49,92,19,166,0,0,0,166
12/21/2013,CHA,TN,ASO,ES,Combined TRACON& Tower with Radar,3,31,18,0,52,0,0,2,0,2,3,31,20,0,54,0,0,0,54
12/22/2013,CHA,TN,ASO,ES,Combined TRACON& Tower with Radar,2,42,22,0,66,0,0,0,0,0,2,42,22,0,66,0,0,0,66
12/23/2013,CHA,TN,ASO,ES,Combined TRACON& Tower with Radar,3,39,47,0,89,0,0,3,0,3,3,39,50,0,92,17,0,17,109
12/24/2013,CHA,TN,ASO,ES,Combined TRACON& Tower with Radar,4,35,17,0,56,0,0,14,0,14,4,35,31,0,70,20,0,20,90
12/25/2013,CHA,TN,ASO,ES,Combined TRACON& Tower with Radar,0,25,1,0,26,0,0,8,0,8,0,25,9,0,34,0,0,0,34
12/26/2013,CHA,TN,ASO,ES,Combined TRACON& Tower with Radar,6,40,49,0,95,0,1,40,0,41,6,41,89,0,136,37,0,37,173
12/27/2013,CHA,TN,ASO,ES,Combined TRACON& Tower with Radar,4,39,33,0,76,0,1,52,1,54,4,40,85,1,130,6,0,6,136
12/28/2013,CHA,TN,ASO,ES,Combined TRACON& Tower with Radar,4,35,18,0,57,0,0,15,0,15,4,35,33,0,72,28,0,28,100
12/29/2013,CHA,TN,ASO,ES,Combined TRACON& Tower with Radar,3,33,12,0,48,0,0,6,0,6,3,33,18,0,54,0,0,0,54
12/30/2013,CHA,TN,ASO,ES,Combined TRACON& Tower with Radar,3,34,32,0,69,0,0,14,0,14,3,34,46,0,83,0,0,0,83
12/31/2013,CHA,TN,ASO,ES,Combined TRACON& Tower with Radar,4,33,23,0,60,0,2,26,0,28,4,35,49,0,88,18,0,18,106
01/01/2014,CHA,TN,ASO,ES,Combined TRACON& Tower with Radar,0,29,19,0,48,0,0,21,1,22,0,29,40,1,70,0,0,0,70
01/02/2014,CHA,TN,ASO,ES,Combined TRACON& Tower with Radar,4,45,19,0,68,0,0,0,0,0,4,45,19,0,68,0,0,0,68
01/03/2014,CHA,TN,ASO,ES,Combined TRACON& Tower with Radar,4,37,23,6,70,0,2,22,0,24,4,39,45,6,94,0,20,20,114
01/04/2014,CHA,TN,ASO,ES,Combined TRACON& Tower with Radar,2,28,34,8,72,0,2,36,0,38,2,30,70,8,110,0,6,6,116
01/05/2014,CHA,TN,ASO,ES,Combined TRACON& Tower with Radar,3,41,31,0,75,0,0,3,0,3,3,41,34,0,78,0,0,0,78
01/06/2014,CHA,TN,ASO,ES,Combined TRACON& Tower with Radar,3,43,18,0,64,0,0,1,0,1,3,43,19,0,65,0,0,0,65
01/07/2014,CHA,TN,ASO,ES,Combined TRACON& Tower with Radar,4,36,47,3,90,0,1,19,2,22,4,37,66,5,112,14,10,24,136
01/08/2014,CHA,TN,ASO,ES,Combined TRACON& Tower with Radar,4,44,43,50,141,0,3,18,6,27,4,47,61,56,168,0,6,6,174
01/09/2014,CHA,TN,ASO,ES,Combined TRACON& Tower with Radar,8,45,52,32,137,0,0,12,3,15,8,45,64,35,152,0,0,0,152
01/10/2014,CHA,TN,ASO,ES,Combined TRACON& Tower with Radar,8,45,33,4,90,0,0,0,0,0,8,45,33,4,90,0,0,0,90
01/11/2014,CHA,TN,ASO,ES,Combined TRACON& Tower with Radar,6,27,25,0,58,0,0,4,0,4,6,27,29,0,62,0,0,0,62
01/12/2014,CHA,TN,ASO,ES,Combined TRACON& Tower with Radar,7,34,35,2,78,0,2,45,0,47,7,36,80,2,125,36,0,36,161
01/13/2014,CHA,TN,ASO,ES,Combined TRACON& Tower with Radar,7,49,42,29,127,0,0,6,2,8,7,49,48,31,135,0,0,0,135
01/14/2014,CHA,TN,ASO,ES,Combined TRACON& Tower with Radar,4,41,39,53,137,0,2,31,3,36,4,43,70,56,173,44,20,64,237
01/15/2014,CHA,TN,ASO,ES,Combined TRACON& Tower with Radar,6,45,37,20,108,0,1,31,3,35,6,46,68,23,143,14,0,14,157
01/16/2014,CHA,TN,ASO,ES,Combined TRACON& Tower with Radar,8,48,41,33,130,0,0,43,0,43,8,48,84,33,173,0,0,0,173
01/17/2014,CHA,TN,ASO,ES,Combined TRACON& Tower with Radar,5,48,33,11,97,0,1,22,9,32,5,49,55,20,129,0,0,0,129
01/18/2014,CHA,TN,ASO,ES,Combined TRACON& Tower with Radar,5,19,19,8,51,0,0,42,0,42,5,19,61,8,93,14,0,14,107
01/19/2014,CHA,TN,ASO,ES,Combined TRACON& Tower with Radar,2,41,24,2,69,0,0,18,2,20,2,41,42,4,89,10,0,10,99
01/20/2014,CHA,TN,ASO,ES,Combined TRACON& Tower with Radar,8,42,21,0,71,0,1,34,0,35,8,43,55,0,106,36,0,36,142
01/21/2014,CHA,TN,ASO,ES,Combined TRACON& Tower with Radar,5,42,30,5,82,0,0,5,2,7,5,42,35,7,89,4,0,4,93
01/22/2014,CHA,TN,ASO,ES,Combined TRACON& Tower with Radar,4,48,54,21,127,0,1,26,2,29,4,49,80,23,156,25,0,25,181
01/23/2014,CHA,TN,ASO,ES,Combined TRACON& Tower with Radar,8,47,43,9,107,0,1,22,1,24,8,48,65,10,131,12,0,12,143
01/24/2014,CHA,TN,ASO,ES,Combined TRACON& Tower with Radar,6,51,46,30,133,0,1,23,8,32,6,52,69,38,165,11,0,11,176
01/25/2014,CHA,TN,ASO,ES,Combined TRACON& Tower with Radar,4,27,11,0,42,0,0,10,6,16,4,27,21,6,58,0,0,0,58
01/26/2014,CHA,TN,ASO,ES,Combined TRACON& Tower with Radar,5,37,30,16,88,0,0,33,5,38,5,37,63,21,126,0,14,14,140
01/27/2014,CHA,TN,ASO,ES,Combined TRACON& Tower with Radar,7,48,40,40,135,0,1,12,3,16,7,49,52,43,151,26,6,32,183
01/28/2014,CHA,TN,ASO,ES,Combined TRACON& Tower with Radar,3,27,30,0,60,0,0,0,0,0,3,27,30,0,60,0,0,0,60
01/29/2014,CHA,TN,ASO,ES,Combined TRACON& Tower with Radar,4,30,39,10,83,0,1,15,0,16,4,31,54,10,99,0,0,0,99
01/30/2014,CHA,TN,ASO,ES,Combined TRACON& Tower with Radar,5,45,41,3,94,0,1,18,0,19,5,46,59,3,113,0,0,0,113
01/31/2014,CHA,TN,ASO,ES,Combined TRACON& Tower with Radar,8,41,39,22,110,0,4,21,0,25,8,45,60,22,135,20,0,20,155
02/01/2014,CHA,TN,ASO,ES,Combined TRACON& Tower with Radar,1,26,32,0,59,0,0,16,0,16,1,26,48,0,75,10,0,10,85
02/02/2014,CHA,TN,ASO,ES,Combined TRACON& Tower with Radar,1,34,31,0,66,0,0,0,0,0,1,34,31,0,66,0,0,0,66
02/03/2014,CHA,TN,ASO,ES,Combined TRACON& Tower with Radar,5,47,57,28,137,0,0,3,0,3,5,47,60,28,140,0,0,0,140
02/04/2014,CHA,TN,ASO,ES,Combined TRACON& Tower with Radar,6,41,42,8,97,0,0,1,0,1,6,41,43,8,98,0,0,0,98
02/05/2014,CHA,TN,ASO,ES,Combined TRACON& Tower with Radar,4,41,45,18,108,0,0,10,0,10,4,41,55,18,118,0,0,0,118
02/06/2014,CHA,TN,ASO,ES,Combined TRACON& Tower with Radar,4,41,65,42,152,0,0,14,0,14,4,41,79,42,166,38,16,54,220
02/07/2014,CHA,TN,ASO,ES,Combined TRACON& Tower with Radar,6,49,39,8,102,0,2,26,1,29,6,51,65,9,131,28,0,28,159
02/08/2014,CHA,TN,ASO,ES,Combined TRACON& Tower with Radar,6,21,17,1,45,0,0,23,3,26,6,21,40,4,71,0,0,0,71
02/09/2014,CHA,TN,ASO,ES,Combined TRACON& Tower with Radar,3,44,39,0,86,0,0,24,0,24,3,44,63,0,110,6,0,6,116
02/10/2014,CHA,TN,ASO,ES,Combined TRACON& Tower with Radar,7,49,36,4,96,0,0,4,0,4,7,49,40,4,100,0,0,0,100
02/11/2014,CHA,TN,ASO,ES,Combined TRACON& Tower with Radar,8,50,25,0,83,0,0,13,0,13,8,50,38,0,96,28,0,28,124
02/12/2014,CHA,TN,ASO,ES,Combined TRACON& Tower with Radar,2,16,13,0,31,0,0,0,0,0,2,16,13,0,31,0,0,0,31
02/13/2014,CHA,TN,ASO,ES,Combined TRACON& Tower with Radar,6,20,33,7,66,0,7,24,5,36,6,27,57,12,102,0,0,0,102
02/14/2014,CHA,TN,ASO,ES,Combined TRACON& Tower with Radar,6,36,41,18,101,0,0,20,6,26,6,36,61,24,127,20,0,20,147
02/15/2014,CHA,TN,ASO,ES,Combined TRACON& Tower with Radar,3,25,25,8,61,0,0,9,0,9,3,25,34,8,70,21,0,21,91
02/16/2014,CHA,TN,ASO,ES,Combined TRACON& Tower with Radar,4,33,42,0,79,0,0,46,0,46,4,33,88,0,125,35,0,35,160
02/17/2014,CHA,TN,ASO,ES,Combined TRACON& Tower with Radar,5,45,51,0,101,0,1,19,2,22,5,46,70,2,123,7,0,7,130
02/18/2014,CHA,TN,ASO,ES,Combined TRACON& Tower with Radar,5,48,73,25,151,0,1,29,3,33,5,49,102,28,184,10,9,19,203
02/19/2014,CHA,TN,ASO,ES,Combined TRACON& Tower with Radar,4,45,72,39,160,0,0,17,3,20,4,45,89,42,180,0,0,0,180
02/20/2014,CHA,TN,ASO,ES,Combined TRACON& Tower with Radar,6,46,73,8,133,0,0,10,1,11,6,46,83,9,144,30,10,40,184
02/21/2014,CHA,TN,ASO,ES,Combined TRACON& Tower with Radar,5,33,34,6,78,0,3,24,0,27,5,36,58,6,105,9,0,9,114
02/22/2014,CHA,TN,ASO,ES,Combined TRACON& Tower with Radar,4,25,29,0,58,0,1,38,0,39,4,26,67,0,97,17,0,17,114
02/23/2014,CHA,TN,ASO,ES,Combined TRACON& Tower with Radar,4,39,33,6,82,0,0,35,0,35,4,39,68,6,117,28,0,28,145
02/24/2014,CHA,TN,ASO,ES,Combined TRACON& Tower with Radar,5,48,46,31,130,0,2,24,1,27,5,50,70,32,157,5,28,33,190
02/25/2014,CHA,TN,ASO,ES,Combined TRACON& Tower with Radar,4,46,79,31,160,0,0,41,2,43,4,46,120,33,203,0,0,0,203
02/26/2014,CHA,TN,ASO,ES,Combined TRACON& Tower with Radar,4,53,33,49,139,0,1,22,3,26,4,54,55,52,165,10,20,30,195
02/27/2014,CHA,TN,ASO,ES,Combined TRACON& Tower with Radar,6,46,63,11,126,0,1,25,0,26,6,47,88,11,152,20,0,20,172
02/28/2014,CHA,TN,ASO,ES,Combined TRACON& Tower with Radar,7,57,47,8,119,0,3,26,2,31,7,60,73,10,150,0,0,0,150
03/01/2014,CHA,TN,ASO,ES,Combined TRACON& Tower with Radar,4,21,30,0,55,0,0,17,0,17,4,21,47,0,72,10,0,10,82
03/02/2014,CHA,TN,ASO,ES,Combined TRACON& Tower with Radar,4,37,33,0,74,0,0,13,0,13,4,37,46,0,87,0,0,0,87
03/03/2014,CHA,TN,ASO,ES,Combined TRACON& Tower with Radar,5,43,33,6,87,0,0,3,0,3,5,43,36,6,90,10,0,10,100
03/04/2014,CHA,TN,ASO,ES,Combined TRACON& Tower with Radar,4,40,34,22,100,0,2,12,0,14,4,42,46,22,114,0,8,8,122
03/05/2014,CHA,TN,ASO,ES,Combined TRACON& Tower with Radar,8,47,70,71,196,0,1,27,2,30,8,48,97,73,226,0,36,36,262
03/06/2014,CHA,TN,ASO,ES,Combined TRACON& Tower with Radar,7,58,56,70,191,0,1,15,2,18,7,59,71,72,209,0,24,24,233
03/07/2014,CHA,TN,ASO,ES,Combined TRACON& Tower with Radar,6,53,39,6,104,0,3,22,0,25,6,56,61,6,129,50,14,64,193
03/08/2014,CHA,TN,ASO,ES,Combined TRACON& Tower with Radar,2,23,37,8,70,0,0,50,5,55,2,23,87,13,125,18,0,18,143
03/09/2014,CHA,TN,ASO,ES,Combined TRACON& Tower with Radar,4,39,43,0,86,0,1,41,0,42,4,40,84,0,128,24,0,24,152
03/10/2014,CHA,TN,ASO,ES,Combined TRACON& Tower with Radar,5,46,44,36,131,0,3,17,8,28,5,49,61,44,159,4,32,36,195
03/11/2014,CHA,TN,ASO,ES,Combined TRACON& Tower with Radar,6,41,49,33,129,0,2,42,5,49,6,43,91,38,178,28,0,28,206
03/12/2014,CHA,TN,ASO,ES,Combined TRACON& Tower with Radar,4,39,29,0,72,0,1,2,0,3,4,40,31,0,75,0,0,0,75
03/13/2014,CHA,TN,ASO,ES,Combined TRACON& Tower with Radar,5,44,58,1,108,0,3,37,3,43,5,47,95,4,151,18,0,18,169
03/14/2014,CHA,TN,ASO,ES,Combined TRACON& Tower with Radar,6,45,48,28,127,0,0,32,2,34,6,45,80,30,161,6,0,6,167
03/15/2014,CHA,TN,ASO,ES,Combined TRACON& Tower with Radar,2,24,33,10,69,0,0,34,0,34,2,24,67,10,103,12,0,12,115
03/16/2014,CHA,TN,ASO,ES,Combined TRACON& Tower with Radar,4,37,33,0,74,0,0,1,0,1,4,37,34,0,75,0,0,0,75
03/17/2014,CHA,TN,ASO,ES,Combined TRACON& Tower with Radar,4,44,37,13,98,0,0,0,0,0,4,44,37,13,98,0,0,0,98
03/18/2014,CHA,TN,ASO,ES,Combined TRACON& Tower with Radar,8,48,75,10,141,0,0,4,2,6,8,48,79,12,147,0,30,30,177
03/19/2014,CHA,TN,ASO,ES,Combined TRACON& Tower with Radar,4,51,68,22,145,0,0,11,2,13,4,51,79,24,158,18,66,84,242
03/20/2014,CHA,TN,ASO,ES,Combined TRACON& Tower with Radar,8,59,72,40,179,0,3,46,5,54,8,62,118,45,233,44,0,44,277
03/21/2014,CHA,TN,ASO,ES,Combined TRACON& Tower with Radar,5,43,56,22,126,0,1,28,8,37,5,44,84,30,163,41,29,70,233
03/22/2014,CHA,TN,ASO,ES,Combined TRACON& Tower with Radar,2,27,24,0,53,0,0,21,0,21,2,27,45,0,74,19,0,19,93
03/23/2014,CHA,TN,ASO,ES,Combined TRACON& Tower with Radar,6,34,27,10,77,0,0,4,0,4,6,34,31,10,81,0,0,0,81
03/24/2014,CHA,TN,ASO,ES,Combined TRACON& Tower with Radar,5,40,39,13,97,0,2,39,1,42,5,42,78,14,139,0,0,0,139
03/25/2014,CHA,TN,ASO,ES,Combined TRACON& Tower with Radar,4,35,54,18,111,0,0,5,0,5,4,35,59,18,116,0,0,0,116
03/26/2014,CHA,TN,ASO,ES,Combined TRACON& Tower with Radar,6,38,31,24,99,0,1,40,4,45,6,39,71,28,144,24,0,24,168
03/27/2014,CHA,TN,ASO,ES,Combined TRACON& Tower with Radar,7,40,62,20,129,0,1,14,3,18,7,41,76,23,147,0,0,0,147
03/28/2014,CHA,TN,ASO,ES,Combined TRACON& Tower with Radar,6,42,37,0,85,0,0,3,0,3,6,42,40,0,88,0,0,0,88
03/29/2014,CHA,TN,ASO,ES,Combined TRACON& Tower with Radar,3,26,15,0,44,0,0,3,0,3,3,26,18,0,47,0,0,0,47
03/30/2014,CHA,TN,ASO,ES,Combined TRACON& Tower with Radar,4,35,46,6,91,0,0,20,0,20,4,35,66,6,111,0,0,0,111
03/31/2014,CHA,TN,ASO,ES,Combined TRACON& Tower with Radar,6,45,33,29,113,0,1,42,3,46,6,46,75,32,159,8,10,18,177
04/01/2014,CHA,TN,ASO,ES,Combined TRACON& Tower with Radar,5,40,62,21,128,0,1,27,1,29,5,41,89,22,157,22,0,22,179
04/02/2014,CHA,TN,ASO,ES,Combined TRACON& Tower with Radar,3,40,64,18,125,0,1,26,0,27,3,41,90,18,152,28,46,74,226
04/03/2014,CHA,TN,ASO,ES,Combined TRACON& Tower with Radar,6,44,47,13,110,0,0,4,2,6,6,44,51,15,116,0,0,0,116
04/04/2014,CHA,TN,ASO,ES,Combined TRACON& Tower with Radar,6,43,26,0,75,0,0,1,0,1,6,43,27,0,76,0,0,0,76
04/05/2014,CHA,TN,ASO,ES,Combined TRACON& Tower with Radar,3,24,39,0,66,0,3,49,0,52,3,27,88,0,118,6,0,6,124
04/06/2014,CHA,TN,ASO,ES,Combined TRACON& Tower with Radar,5,37,56,1,99,0,1,27,0,28,5,38,83,1,127,14,0,14,141
04/07/2014,CHA,TN,ASO,ES,Combined TRACON& Tower with Radar,10,38,40,0,88,0,0,3,0,3,10,38,43,0,91,0,0,0,91
04/08/2014,CHA,TN,ASO,ES,Combined TRACON& Tower with Radar,4,41,59,12,116,0,0,21,0,21,4,41,80,12,137,38,0,38,175
04/09/2014,CHA,TN,ASO,ES,Combined TRACON& Tower with Radar,3,39,60,21,123,0,2,26,4,32,3,41,86,25,155,2,0,2,157
04/10/2014,CHA,TN,ASO,ES,Combined TRACON& Tower with Radar,5,42,49,8,104,0,0,28,6,34,5,42,77,14,138,26,0,26,164
04/11/2014,CHA,TN,ASO,ES,Combined TRACON& Tower with Radar,6,45,49,1,101,0,0,23,8,31,6,45,72,9,132,18,2,20,152
04/12/2014,CHA,TN,ASO,ES,Combined TRACON& Tower with Radar,3,28,39,0,70,0,2,28,1,31,3,30,67,1,101,38,0,38,139
04/13/2014,CHA,TN,ASO,ES,Combined TRACON& Tower with Radar,5,38,35,19,97,0,1,18,1,20,5,39,53,20,117,0,0,0,117
04/14/2014,CHA,TN,ASO,ES,Combined TRACON& Tower with Radar,5,37,23,8,73,0,0,0,0,0,5,37,23,8,73,0,0,0,73
04/15/2014,CHA,TN,ASO,ES,Combined TRACON& Tower with Radar,4,44,25,33,106,0,1,1,0,2,4,45,26,33,108,0,18,18,126
04/16/2014,CHA,TN,ASO,ES,Combined TRACON& Tower with Radar,5,50,55,59,169,0,1,40,3,44,5,51,95,62,213,6,0,6,219
04/17/2014,CHA,TN,ASO,ES,Combined TRACON& Tower with Radar,5,49,77,56,187,0,0,38,16,54,5,49,115,72,241,26,6,32,273
04/18/2014,CHA,TN,ASO,ES,Combined TRACON& Tower with Radar,6,40,38,47,131,0,0,15,1,16,6,40,53,48,147,4,18,22,169
04/19/2014,CHA,TN,ASO,ES,Combined TRACON& Tower with Radar,2,19,28,0,49,0,0,28,0,28,2,19,56,0,77,0,0,0,77
04/20/2014,CHA,TN,ASO,ES,Combined TRACON& Tower with Radar,4,37,40,0,81,0,0,18,2,20,4,37,58,2,101,20,0,20,121
04/21/2014,CHA,TN,ASO,ES,Combined TRACON& Tower with Radar,5,47,58,19,129,0,0,35,2,37,5,47,93,21,166,14,0,14,180
04/22/2014,CHA,TN,ASO,ES,Combined TRACON& Tower with Radar,4,45,41,16,106,0,0,3,2,5,4,45,44,18,111,0,32,32,143
04/23/2014,CHA,TN,ASO,ES,Combined TRACON& Tower with Radar,3,41,62,34,140,0,1,29,2,32,3,42,91,36,172,18,20,38,210
04/24/2014,CHA,TN,ASO,ES,Combined TRACON& Tower with Radar,5,47,72,13,137,0,1,17,3,21,5,48,89,16,158,12,0,12,170
04/25/2014,CHA,TN,ASO,ES,Combined TRACON& Tower with Radar,7,45,62,12,126,0,5,5,2,12,7,50,67,14,138,0,6,6,144
04/26/2014,CHA,TN,ASO,ES,Combined TRACON& Tower with Radar,3,27,42,0,72,0,3,32,2,37,3,30,74,2,109,0,0,0,109
04/27/2014,CHA,TN,ASO,ES,Combined TRACON& Tower with Radar,4,41,51,2,98,0,0,20,2,22,4,41,71,4,120,12,0,12,132
04/28/2014,CHA,TN,ASO,ES,Combined TRACON& Tower with Radar,4,48,36,0,88,0,0,7,0,7,4,48,43,0,95,0,0,0,95
04/29/2014,CHA,TN,ASO,ES,Combined TRACON& Tower with Radar,4,45,28,4,81,0,0,9,0,9,4,45,37,4,90,0,0,0,90
04/30/2014,CHA,TN,ASO,ES,Combined TRACON& Tower with Radar,4,45,40,0,89,0,0,8,1,9,4,45,48,1,98,10,0,10,108
05/01/2014,CHA,TN,ASO,ES,Combined TRACON& Tower with Radar,5,56,75,32,168,0,2,25,5,32,5,58,100,37,200,16,20,36,236
05/02/2014,CHA,TN,ASO,ES,Combined TRACON& Tower with Radar,5,52,52,45,154,0,1,36,0,37,5,53,88,45,191,13,18,31,222
05/03/2014,CHA,TN,ASO,ES,Combined TRACON& Tower with Radar,3,25,28,0,56,0,3,31,1,35,3,28,59,1,91,8,0,8,99
05/04/2014,CHA,TN,ASO,ES,Combined TRACON& Tower with Radar,5,40,53,6,104,0,3,34,0,37,5,43,87,6,141,0,0,0,141
05/05/2014,CHA,TN,ASO,ES,Combined TRACON& Tower with Radar,5,38,51,28,122,0,6,20,2,28,5,44,71,30,150,0,8,8,158
05/06/2014,CHA,TN,ASO,ES,Combined TRACON& Tower with Radar,5,45,50,22,122,0,7,41,6,54,5,52,91,28,176,0,10,10,186
05/07/2014,CHA,TN,ASO,ES,Combined TRACON& Tower with Radar,4,48,59,28,139,0,13,33,5,51,4,61,92,33,190,24,6,30,220
05/08/2014,CHA,TN,ASO,ES,Combined TRACON& Tower with Radar,6,33,56,39,134,0,6,24,2,32,6,39,80,41,166,6,15,21,187
05/09/2014,CHA,TN,ASO,ES,Combined TRACON& Tower with Radar,6,44,37,2,89,0,0,7,0,7,6,44,44,2,96,10,0,10,106
05/10/2014,CHA,TN,ASO,ES,Combined TRACON& Tower with Radar,4,20,20,6,50,0,0,9,4,13,4,20,29,10,63,0,0,0,63
05/11/2014,CHA,TN,ASO,ES,Combined TRACON& Tower with Radar,4,37,35,0,76,0,0,12,0,12,4,37,47,0,88,0,0,0,88
05/12/2014,CHA,TN,ASO,ES,Combined TRACON& Tower with Radar,5,41,56,43,145,0,0,16,3,19,5,41,72,46,164,10,12,22,186
05/13/2014,CHA,TN,ASO,ES,Combined TRACON& Tower with Radar,4,51,40,13,108,0,0,18,4,22,4,51,58,17,130,10,4,14,144
05/14/2014,CHA,TN,ASO,ES,Combined TRACON& Tower with Radar,6,43,46,46,141,0,0,8,0,8,6,43,54,46,149,6,58,64,213
05/15/2014,CHA,TN,ASO,ES,Combined TRACON& Tower with Radar,6,44,59,4,113,0,3,17,2,22,6,47,76,6,135,14,0,14,149
05/16/2014,CHA,TN,ASO,ES,Combined TRACON& Tower with Radar,6,41,45,18,110,0,0,20,2,22,6,41,65,20,132,0,0,0,132
05/17/2014,CHA,TN,ASO,ES,Combined TRACON& Tower with Radar,5,27,32,0,64,0,0,0,5,5,5,27,32,5,69,0,0,0,69
05/18/2014,CHA,TN,ASO,ES,Combined TRACON& Tower with Radar,4,39,30,1,74,0,0,4,1,5,4,39,34,2,79,8,0,8,87
05/19/2014,CHA,TN,ASO,ES,Combined TRACON& Tower with Radar,5,44,41,34,124,0,0,21,4,25,5,44,62,38,149,0,0,0,149
05/20/2014,CHA,TN,ASO,ES,Combined TRACON& Tower with Radar,4,47,43,15,109,0,0,35,1,36,4,47,78,16,145,6,0,6,151
05/21/2014,CHA,TN,ASO,ES,Combined TRACON& Tower with Radar,6,51,58,26,141,0,0,25,4,29,6,51,83,30,170,34,32,66,236
05/22/2014,CHA,TN,ASO,ES,Combined TRACON& Tower with Radar,5,51,63,4,123,0,0,27,2,29,5,51,90,6,152,16,0,16,168
05/23/2014,CHA,TN,ASO,ES,Combined TRACON& Tower with Radar,6,41,37,4,88,0,3,23,0,26,6,44,60,4,114,10,0,10,124
05/24/2014,CHA,TN,ASO,ES,Combined TRACON& Tower with Radar,2,30,21,0,53,0,1,36,0,37,2,31,57,0,90,0,0,0,90
05/25/2014,CHA,TN,ASO,ES,Combined TRACON& Tower with Radar,6,26,14,2,48,0,0,26,0,26,6,26,40,2,74,12,0,12,86
05/26/2014,CHA,TN,ASO,ES,Combined TRACON& Tower with Radar,8,34,22,0,64,0,0,17,0,17,8,34,39,0,81,0,0,0,81
05/27/2014,CHA,TN,ASO,ES,Combined TRACON& Tower with Radar,3,44,56,47,150,0,0,10,2,12,3,44,66,49,162,4,4,8,170
05/28/2014,CHA,TN,ASO,ES,Combined TRACON& Tower with Radar,6,46,41,50,143,0,1,21,1,23,6,47,62,51,166,20,10,30,196
05/29/2014,CHA,TN,ASO,ES,Combined TRACON& Tower with Radar,10,44,41,34,129,0,1,28,4,33,10,45,69,38,162,4,6,10,172
05/30/2014,CHA,TN,ASO,ES,Combined TRACON& Tower with Radar,6,45,52,44,147,0,1,35,0,36,6,46,87,44,183,16,16,32,215
05/31/2014,CHA,TN,ASO,ES,Combined TRACON& Tower with Radar,2,26,49,8,85,0,0,18,2,20,2,26,67,10,105,0,0,0,105
06/01/2014,CHA,TN,ASO,ES,Combined TRACON& Tower with Radar,6,42,48,22,118,0,0,17,4,21,6,42,65,26,139,32,0,32,171
06/02/2014,CHA,TN,ASO,ES,Combined TRACON& Tower with Radar,5,46,50,65,166,0,1,19,0,20,5,47,69,65,186,12,0,12,198
06/03/2014,CHA,TN,ASO,ES,Combined TRACON& Tower with Radar,4,48,33,11,96,0,0,24,0,24,4,48,57,11,120,48,0,48,168
06/04/2014,CHA,TN,ASO,ES,Combined TRACON& Tower with Radar,11,47,68,26,152,0,0,31,2,33,11,47,99,28,185,10,0,10,195
06/05/2014,CHA,TN,ASO,ES,Combined TRACON& Tower with Radar,7,50,47,2,106,0,1,2,0,3,7,51,49,2,109,0,0,0,109
06/06/2014,CHA,TN,ASO,ES,Combined TRACON& Tower with Radar,8,46,48,2,104,0,0,24,4,28,8,46,72,6,132,8,0,8,140
06/07/2014,CHA,TN,ASO,ES,Combined TRACON& Tower with Radar,7,21,32,0,60,0,0,33,3,36,7,21,65,3,96,16,0,16,112
06/08/2014,CHA,TN,ASO,ES,Combined TRACON& Tower with Radar,6,39,33,2,80,0,2,8,1,11,6,41,41,3,91,0,0,0,91
06/09/2014,CHA,TN,ASO,ES,Combined TRACON& Tower with Radar,3,49,57,8,117,0,0,16,5,21,3,49,73,13,138,0,0,0,138
06/10/2014,CHA,TN,ASO,ES,Combined TRACON& Tower with Radar,4,43,53,5,105,0,0,5,0,5,4,43,58,5,110,0,4,4,114
06/11/2014,CHA,TN,ASO,ES,Combined TRACON& Tower with Radar,7,52,44,2,105,0,0,17,0,17,7,52,61,2,122,0,0,0,122
06/12/2014,CHA,TN,ASO,ES,Combined TRACON& Tower with Radar,6,40,81,2,129,0,0,10,3,13,6,40,91,5,142,0,0,0,142
06/13/2014,CHA,TN,ASO,ES,Combined TRACON& Tower with Radar,7,44,46,7,104,0,0,9,0,9,7,44,55,7,113,0,0,0,113
06/14/2014,CHA,TN,ASO,ES,Combined TRACON& Tower with Radar,3,25,28,6,62,0,0,45,0,45,3,25,73,6,107,36,0,36,143
06/15/2014,CHA,TN,ASO,ES,Combined TRACON& Tower with Radar,13,39,32,18,102,0,0,24,0,24,13,39,56,18,126,0,4,4,130
06/16/2014,CHA,TN,ASO,ES,Combined TRACON& Tower with Radar,3,41,42,17,103,0,0,25,1,26,3,41,67,18,129,14,12,26,155
06/17/2014,CHA,TN,ASO,ES,Combined TRACON& Tower with Radar,4,44,73,7,128,0,0,16,2,18,4,44,89,9,146,0,0,0,146
06/18/2014,CHA,TN,ASO,ES,Combined TRACON& Tower with Radar,6,41,48,24,119,0,1,22,0,23,6,42,70,24,142,18,10,28,170
06/19/2014,CHA,TN,ASO,ES,Combined TRACON& Tower with Radar,7,36,54,9,106,0,2,22,3,27,7,38,76,12,133,0,8,8,141
06/20/2014,CHA,TN,ASO,ES,Combined TRACON& Tower with Radar,8,52,46,24,130,0,1,16,3,20,8,53,62,27,150,0,0,0,150
06/21/2014,CHA,TN,ASO,ES,Combined TRACON& Tower with Radar,2,25,29,12,68,0,0,20,6,26,2,25,49,18,94,0,0,0,94
06/22/2014,CHA,TN,ASO,ES,Combined TRACON& Tower with Radar,6,48,54,9,117,0,1,34,5,40,6,49,88,14,157,24,0,24,181
06/23/2014,CHA,TN,ASO,ES,Combined TRACON& Tower with Radar,6,39,65,17,127,0,1,19,6,26,6,40,84,23,153,8,0,8,161
06/24/2014,CHA,TN,ASO,ES,Combined TRACON& Tower with Radar,5,45,50,1,101,0,0,12,3,15,5,45,62,4,116,0,0,0,116
06/25/2014,CHA,TN,ASO,ES,Combined TRACON& Tower with Radar,6,40,45,27,118,0,0,24,3,27,6,40,69,30,145,0,18,18,163
06/26/2014,CHA,TN,ASO,ES,Combined TRACON& Tower with Radar,16,56,53,7,132,0,0,29,3,32,16,56,82,10,164,20,10,30,194
06/27/2014,CHA,TN,ASO,ES,Combined TRACON& Tower with Radar,10,47,69,13,139,0,0,14,3,17,10,47,83,16,156,12,12,24,180
06/28/2014,CHA,TN,ASO,ES,Combined TRACON& Tower with Radar,5,24,38,5,72,0,1,8,1,10,5,25,46,6,82,30,0,30,112
06/29/2014,CHA,TN,ASO,ES,Combined TRACON& Tower with Radar,11,33,19,3,66,0,0,2,0,2,11,33,21,3,68,0,0,0,68
06/30/2014,CHA,TN,ASO,ES,Combined TRACON& Tower with Radar,5,38,40,6,89,0,0,5,0,5,5,38,45,6,94,16,0,16,110
07/01/2014,CHA,TN,ASO,ES,Combined TRACON& Tower with Radar,10,46,56,38,150,0,0,27,4,31,10,46,83,42,181,0,6,6,187
07/02/2014,CHA,TN,ASO,ES,Combined TRACON& Tower with Radar,10,46,49,7,112,0,0,35,7,42,10,46,84,14,154,22,8,30,184
07/03/2014,CHA,TN,ASO,ES,Combined TRACON& Tower with Radar,7,43,34,33,117,0,4,39,6,49,7,47,73,39,166,50,0,50,216
07/04/2014,CHA,TN,ASO,ES,Combined TRACON& Tower with Radar,6,26,6,0,38,0,1,23,0,24,6,27,29,0,62,0,0,0,62
07/05/2014,CHA,TN,ASO,ES,Combined TRACON& Tower with Radar,3,26,30,0,59,0,1,35,0,36,3,27,65,0,95,16,0,16,111
07/06/2014,CHA,TN,ASO,ES,Combined TRACON& Tower with Radar,6,47,31,0,84,0,2,28,3,33,6,49,59,3,117,0,0,0,117
07/07/2014,CHA,TN,ASO,ES,Combined TRACON& Tower with Radar,3,47,50,3,103,0,0,27,2,29,3,47,77,5,132,42,8,50,182
07/08/2014,CHA,TN,ASO,ES,Combined TRACON& Tower with Radar,5,48,44,4,101,0,0,15,0,15,5,48,59,4,116,0,0,0,116
07/09/2014,CHA,TN,ASO,ES,Combined TRACON& Tower with Radar,6,49,57,15,127,0,0,23,0,23,6,49,80,15,150,12,0,12,162
07/10/2014,CHA,TN,ASO,ES,Combined TRACON& Tower with Radar,5,51,50,41,147,0,0,14,2,16,5,51,64,43,163,12,14,26,189
07/11/2014,CHA,TN,ASO,ES,Combined TRACON& Tower with Radar,6,45,39,79,169,0,0,19,6,25,6,45,58,85,194,0,0,0,194
07/12/2014,CHA,TN,ASO,ES,Combined TRACON& Tower with Radar,3,24,28,13,68,0,0,18,1,19,3,24,46,14,87,0,26,26,113
07/13/2014,CHA,TN,ASO,ES,Combined TRACON& Tower with Radar,13,48,45,5,111,0,0,20,2,22,13,48,65,7,133,0,0,0,133
07/14/2014,CHA,TN,ASO,ES,Combined TRACON& Tower with Radar,3,46,47,9,105,0,0,15,2,17,3,46,62,11,122,0,0,0,122
07/15/2014,CHA,TN,ASO,ES,Combined TRACON& Tower with Radar,4,46,53,23,126,0,0,20,0,20,4,46,73,23,146,14,0,14,160
07/16/2014,CHA,TN,ASO,ES,Combined TRACON& Tower with Radar,6,49,63,24,142,0,0,43,1,44,6,49,106,25,186,39,0,39,225
07/17/2014,CHA,TN,ASO,ES,Combined TRACON& Tower with Radar,6,44,67,12,129,0,2,29,0,31,6,46,96,12,160,10,0,10,170
07/18/2014,CHA,TN,ASO,ES,Combined TRACON& Tower with Radar,7,44,50,36,137,0,0,8,0,8,7,44,58,36,145,0,0,0,145
07/19/2014,CHA,TN,ASO,ES,Combined TRACON& Tower with Radar,4,26,37,10,77,0,0,2,0,2,4,26,39,10,79,0,0,0,79
07/20/2014,CHA,TN,ASO,ES,Combined TRACON& Tower with Radar,7,41,48,6,102,0,0,7,0,7,7,41,55,6,109,0,0,0,109
07/21/2014,CHA,TN,ASO,ES,Combined TRACON& Tower with Radar,3,45,33,4,85,0,0,6,0,6,3,45,39,4,91,10,0,10,101
07/22/2014,CHA,TN,ASO,ES,Combined TRACON& Tower with Radar,4,47,39,4,94,0,0,23,0,23,4,47,62,4,117,26,0,26,143
07/23/2014,CHA,TN,ASO,ES,Combined TRACON& Tower with Radar,8,42,32,6,88,0,1,16,2,19,8,43,48,8,107,0,0,0,107
07/24/2014,CHA,TN,ASO,ES,Combined TRACON& Tower with Radar,15,35,45,1,96,0,0,9,0,9,15,35,54,1,105,12,0,12,117
07/25/2014,CHA,TN,ASO,ES,Combined TRACON& Tower with Radar,9,42,45,13,109,0,2,29,3,34,9,44,74,16,143,0,0,0,143
07/26/2014,CHA,TN,ASO,ES,Combined TRACON& Tower with Radar,6,22,18,4,50,0,1,48,0,49,6,23,66,4,99,34,0,34,133
07/27/2014,CHA,TN,ASO,ES,Combined TRACON& Tower with Radar,6,47,33,2,88,0,0,18,0,18,6,47,51,2,106,0,0,0,106
07/28/2014,CHA,TN,ASO,ES,Combined TRACON& Tower with Radar,5,45,35,33,118,0,7,16,0,23,5,52,51,33,141,4,0,4,145
07/29/2014,CHA,TN,ASO,ES,Combined TRACON& Tower with Radar,4,46,55,46,151,0,0,30,5,35,4,46,85,51,186,12,0,12,198
07/30/2014,CHA,TN,ASO,ES,Combined TRACON& Tower with Radar,4,48,44,12,108,0,0,27,2,29,4,48,71,14,137,0,0,0,137
07/31/2014,CHA,TN,ASO,ES,Combined TRACON& Tower with Radar,8,48,60,14,130,0,0,24,2,26,8,48,84,16,156,2,0,2,158
08/01/2014,CHA,TN,ASO,ES,Combined TRACON& Tower with Radar,5,40,31,37,113,0,1,13,8,22,5,41,44,45,135,24,8,32,167
08/02/2014,CHA,TN,ASO,ES,Combined TRACON& Tower with Radar,3,26,30,0,59,0,0,4,0,4,3,26,34,0,63,0,0,0,63
08/03/2014,CHA,TN,ASO,ES,Combined TRACON& Tower with Radar,8,39,28,13,88,0,0,10,7,17,8,39,38,20,105,8,0,8,113
08/04/2014,CHA,TN,ASO,ES,Combined TRACON& Tower with Radar,2,42,43,49,136,0,0,30,5,35,2,42,73,54,171,0,0,0,171
08/05/2014,CHA,TN,ASO,ES,Combined TRACON& Tower with Radar,2,39,28,20,89,0,1,17,15,33,2,40,45,35,122,0,6,6,128
08/06/2014,CHA,TN,ASO,ES,Combined TRACON& Tower with Radar,5,47,39,6,97,0,0,28,2,30,5,47,67,8,127,0,0,0,127
08/07/2014,CHA,TN,ASO,ES,Combined TRACON& Tower with Radar,6,39,37,2,84,0,0,13,0,13,6,39,50,2,97,14,0,14,111
08/08/2014,CHA,TN,ASO,ES,Combined TRACON& Tower with Radar,8,35,24,0,67,0,0,15,0,15,8,35,39,0,82,0,0,0,82
08/09/2014,CHA,TN,ASO,ES,Combined TRACON& Tower with Radar,6,23,19,0,48,0,0,5,0,5,6,23,24,0,53,16,0,16,69
08/10/2014,CHA,TN,ASO,ES,Combined TRACON& Tower with Radar,5,44,30,0,79,0,1,2,0,3,5,45,32,0,82,0,0,0,82
08/11/2014,CHA,TN,ASO,ES,Combined TRACON& Tower with Radar,3,42,44,14,103,0,0,5,0,5,3,42,49,14,108,0,0,0,108
08/12/2014,CHA,TN,ASO,ES,Combined TRACON& Tower with Radar,2,40,45,8,95,0,1,15,0,16,2,41,60,8,111,18,22,40,151
08/13/2014,CHA,TN,ASO,ES,Combined TRACON& Tower with Radar,3,33,30,40,106,0,0,33,2,35,3,33,63,42,141,6,36,42,183
08/14/2014,CHA,TN,ASO,ES,Combined TRACON& Tower with Radar,4,38,48,16,106,0,2,48,0,50,4,40,96,16,156,18,8,26,182
08/15/2014,CHA,TN,ASO,ES,Combined TRACON& Tower with Radar,5,37,29,34,105,0,1,30,0,31,5,38,59,34,136,0,20,20,156
08/16/2014,CHA,TN,ASO,ES,Combined TRACON& Tower with Radar,4,27,39,16,86,0,0,17,0,17,4,27,56,16,103,0,0,0,103
08/17/2014,CHA,TN,ASO,ES,Combined TRACON& Tower with Radar,4,43,30,6,83,0,0,11,0,11,4,43,41,6,94,0,0,0,94
08/18/2014,CHA,TN,ASO,ES,Combined TRACON& Tower with Radar,10,41,26,0,77,0,0,5,0,5,10,41,31,0,82,0,0,0,82
08/19/2014,CHA,TN,ASO,ES,Combined TRACON& Tower with Radar,5,42,41,12,100,0,1,17,0,18,5,43,58,12,118,0,0,0,118
08/20/2014,CHA,TN,ASO,ES,Combined TRACON& Tower with Radar,6,39,35,9,89,0,0,26,1,27,6,39,61,10,116,0,0,0,116
08/21/2014,CHA,TN,ASO,ES,Combined TRACON& Tower with Radar,5,39,36,27,107,0,0,20,0,20,5,39,56,27,127,0,4,4,131
08/22/2014,CHA,TN,ASO,ES,Combined TRACON& Tower with Radar,3,39,42,23,107,0,2,39,5,46,3,41,81,28,153,10,0,10,163
08/23/2014,CHA,TN,ASO,ES,Combined TRACON& Tower with Radar,3,23,28,0,54,0,1,26,0,27,3,24,54,0,81,0,0,0,81
08/24/2014,CHA,TN,ASO,ES,Combined TRACON& Tower with Radar,4,36,19,9,68,0,0,9,2,11,4,36,28,11,79,0,0,0,79
08/25/2014,CHA,TN,ASO,ES,Combined TRACON& Tower with Radar,1,44,35,9,89,0,4,20,4,28,1,48,55,13,117,0,0,0,117
08/26/2014,CHA,TN,ASO,ES,Combined TRACON& Tower with Radar,3,45,48,21,117,0,1,52,0,53,3,46,100,21,170,55,0,55,225
08/27/2014,CHA,TN,ASO,ES,Combined TRACON& Tower with Radar,4,42,48,20,114,0,1,43,0,44,4,43,91,20,158,10,18,28,186
08/28/2014,CHA,TN,ASO,ES,Combined TRACON& Tower with Radar,7,44,44,20,115,0,0,38,0,38,7,44,82,20,153,6,0,6,159
08/29/2014,CHA,TN,ASO,ES,Combined TRACON& Tower with Radar,5,46,55,7,113,0,1,39,0,40,5,47,94,7,153,0,0,0,153
08/30/2014,CHA,TN,ASO,ES,Combined TRACON& Tower with Radar,3,29,23,0,55,0,0,13,0,13,3,29,36,0,68,0,0,0,68
08/31/2014,CHA,TN,ASO,ES,Combined TRACON& Tower with Radar,5,36,18,0,59,0,0,4,0,4,5,36,22,0,63,0,0,0,63
09/01/2014,CHA,TN,ASO,ES,Combined TRACON& Tower with Radar,3,41,39,0,83,0,0,22,0,22,3,41,61,0,105,0,0,0,105
09/02/2014,CHA,TN,ASO,ES,Combined TRACON& Tower with Radar,16,51,43,31,141,0,0,18,1,19,16,51,61,32,160,24,0,24,184
09/03/2014,CHA,TN,ASO,ES,Combined TRACON& Tower with Radar,11,39,52,24,126,0,0,5,0,5,11,39,57,24,131,8,0,8,139
09/04/2014,CHA,TN,ASO,ES,Combined TRACON& Tower with Radar,13,38,53,9,113,0,0,11,0,11,13,38,64,9,124,12,14,26,150
09/05/2014,CHA,TN,ASO,ES,Combined TRACON& Tower with Radar,10,43,36,33,122,0,1,13,3,17,10,44,49,36,139,12,0,12,151
09/06/2014,CHA,TN,ASO,ES,Combined TRACON& Tower with Radar,4,26,23,0,53,0,2,21,0,23,4,28,44,0,76,0,0,0,76
09/07/2014,CHA,TN,ASO,ES,Combined TRACON& Tower with Radar,12,39,33,28,112,0,0,11,4,15,12,39,44,32,127,11,14,25,152
09/08/2014,CHA,TN,ASO,ES,Combined TRACON& Tower with Radar,9,48,58,14,129,0,2,16,4,22,9,50,74,18,151,18,0,18,169
09/09/2014,CHA,TN,ASO,ES,Combined TRACON& Tower with Radar,8,46,67,6,127,0,0,19,0,19,8,46,86,6,146,8,0,8,154
09/10/2014,CHA,TN,ASO,ES,Combined TRACON& Tower with Radar,10,46,43,18,117,0,0,8,0,8,10,46,51,18,125,0,0,0,125
09/11/2014,CHA,TN,ASO,ES,Combined TRACON& Tower with Radar,10,51,45,0,106,0,0,5,0,5,10,51,50,0,111,2,0,2,113
09/12/2014,CHA,TN,ASO,ES,Combined TRACON& Tower with Radar,8,46,44,25,123,0,1,8,7,16,8,47,52,32,139,0,0,0,139
09/13/2014,CHA,TN,ASO,ES,Combined TRACON& Tower with Radar,4,23,28,2,57,0,0,4,0,4,4,23,32,2,61,26,18,44,105
09/14/2014,CHA,TN,ASO,ES,Combined TRACON& Tower with Radar,10,38,41,0,89,0,0,10,0,10,10,38,51,0,99,20,0,20,119
09/15/2014,CHA,TN,ASO,ES,Combined TRACON& Tower with Radar,7,38,48,46,139,0,0,6,0,6,7,38,54,46,145,0,0,0,145
09/16/2014,CHA,TN,ASO,ES,Combined TRACON& Tower with Radar,10,43,56,54,163,0,0,22,3,25,10,43,78,57,188,6,14,20,208
09/17/2014,CHA,TN,ASO,ES,Combined TRACON& Tower with Radar,8,54,78,17,157,0,1,27,5,33,8,55,105,22,190,0,30,30,220
09/18/2014,CHA,TN,ASO,ES,Combined TRACON& Tower with Radar,10,44,75,21,150,0,0,40,5,45,10,44,115,26,195,16,0,16,211
09/19/2014,CHA,TN,ASO,ES,Combined TRACON& Tower with Radar,7,50,52,66,175,0,3,22,5,30,7,53,74,71,205,0,58,58,263
09/20/2014,CHA,TN,ASO,ES,Combined TRACON& Tower with Radar,4,34,36,28,102,0,1,37,4,42,4,35,73,32,144,6,0,6,150
09/21/2014,CHA,TN,ASO,ES,Combined TRACON& Tower with Radar,9,46,41,8,104,0,0,18,5,23,9,46,59,13,127,0,0,0,127
09/22/2014,CHA,TN,ASO,ES,Combined TRACON& Tower with Radar,8,45,51,30,134,0,1,26,3,30,8,46,77,33,164,0,8,8,172
09/23/2014,CHA,TN,ASO,ES,Combined TRACON& Tower with Radar,6,37,60,28,131,0,1,24,5,30,6,38,84,33,161,18,14,32,193
09/24/2014,CHA,TN,ASO,ES,Combined TRACON& Tower with Radar,6,42,43,20,111,0,2,13,0,15,6,44,56,20,126,0,0,0,126
09/25/2014,CHA,TN,ASO,ES,Combined TRACON& Tower with Radar,10,43,60,48,161,0,0,23,6,29,10,43,83,54,190,0,0,0,190
09/26/2014,CHA,TN,ASO,ES,Combined TRACON& Tower with Radar,7,48,61,53,169,0,0,24,4,28,7,48,85,57,197,1,12,13,210
09/27/2014,CHA,TN,ASO,ES,Combined TRACON& Tower with Radar,3,25,47,12,87,0,0,20,0,20,3,25,67,12,107,0,0,0,107
09/28/2014,CHA,TN,ASO,ES,Combined TRACON& Tower with Radar,9,45,38,31,123,0,1,9,0,10,9,46,47,31,133,0,0,0,133
09/29/2014,CHA,TN,ASO,ES,Combined TRACON& Tower with Radar,9,39,64,24,136,0,0,11,0,11,9,39,75,24,147,24,12,36,183
09/30/2014,CHA,TN,ASO,ES,Combined TRACON& Tower with Radar,8,43,49,12,112,0,0,18,0,18,8,43,67,12,130,22,10,32,162
10/01/2014,CHA,TN,ASO,ES,Combined TRACON& Tower with Radar,11,54,37,56,158,0,1,31,2,34,11,55,68,58,192,10,22,32,224
10/02/2014,CHA,TN,ASO,ES,Combined TRACON& Tower with Radar,13,49,60,37,159,0,0,56,2,58,13,49,116,39,217,8,0,8,225
10/03/2014,CHA,TN,ASO,ES,Combined TRACON& Tower with Radar,11,39,43,5,98,0,1,13,6,20,11,40,56,11,118,0,0,0,118
10/04/2014,CHA,TN,ASO,ES,Combined TRACON& Tower with Radar,5,16,30,6,57,0,1,28,0,29,5,17,58,6,86,0,0,0,86
10/05/2014,CHA,TN,ASO,ES,Combined TRACON& Tower with Radar,14,38,35,6,93,0,0,31,6,37,14,38,66,12,130,0,0,0,130
10/06/2014,CHA,TN,ASO,ES,Combined TRACON& Tower with Radar,12,42,34,10,98,0,0,9,0,9,12,42,43,10,107,0,8,8,115
10/07/2014,CHA,TN,ASO,ES,Combined TRACON& Tower with Radar,12,45,37,0,94,0,0,7,0,7,12,45,44,0,101,0,0,0,101
10/08/2014,CHA,TN,ASO,ES,Combined TRACON& Tower with Radar,11,50,53,16,130,0,0,28,1,29,11,50,81,17,159,6,12,18,177
10/09/2014,CHA,TN,ASO,ES,Combined TRACON& Tower with Radar,13,50,46,10,119,0,0,13,0,13,13,50,59,10,132,0,0,0,132
10/10/2014,CHA,TN,ASO,ES,Combined TRACON& Tower with Radar,8,53,27,6,94,0,0,7,1,8,8,53,34,7,102,12,14,26,128
10/11/2014,CHA,TN,ASO,ES,Combined TRACON& Tower with Radar,7,21,20,0,48,0,0,9,0,9,7,21,29,0,57,0,0,0,57
10/12/2014,CHA,TN,ASO,ES,Combined TRACON& Tower with Radar,12,34,43,1,90,0,0,6,0,6,12,34,49,1,96,0,0,0,96
10/13/2014,CHA,TN,ASO,ES,Combined TRACON& Tower with Radar,9,40,30,0,79,0,0,0,0,0,9,40,30,0,79,0,0,0,79
10/14/2014,CHA,TN,ASO,ES,Combined TRACON& Tower with Radar,14,39,35,2,90,0,0,0,0,0,14,39,35,2,90,20,0,20,110
10/15/2014,CHA,TN,ASO,ES,Combined TRACON& Tower with Radar,9,51,63,4,127,0,0,14,0,14,9,51,77,4,141,26,0,26,167
10/16/2014,CHA,TN,ASO,ES,Combined TRACON& Tower with Radar,13,43,91,25,172,0,2,19,2,23,13,45,110,27,195,6,0,6,201
10/17/2014,CHA,TN,ASO,ES,Combined TRACON& Tower with Radar,8,43,72,39,162,0,0,31,2,33,8,43,103,41,195,8,12,20,215
10/18/2014,CHA,TN,ASO,ES,Combined TRACON& Tower with Radar,7,21,36,2,66,0,0,19,1,20,7,21,55,3,86,0,0,0,86
10/19/2014,CHA,TN,ASO,ES,Combined TRACON& Tower with Radar,12,36,44,5,97,0,1,34,3,38,12,37,78,8,135,0,0,0,135
10/20/2014,CHA,TN,ASO,ES,Combined TRACON& Tower with Radar,9,45,41,34,129,0,0,36,3,39,9,45,77,37,168,0,0,0,168
10/21/2014,CHA,TN,ASO,ES,Combined TRACON& Tower with Radar,12,42,68,11,133,0,0,36,1,37,12,42,104,12,170,32,28,60,230
10/22/2014,CHA,TN,ASO,ES,Combined TRACON& Tower with Radar,9,37,55,56,157,0,0,63,4,67,9,37,118,60,224,26,22,48,272
10/23/2014,CHA,TN,ASO,ES,Combined TRACON& Tower with Radar,14,48,69,21,152,0,1,51,2,54,14,49,120,23,206,0,0,0,206
10/24/2014,CHA,TN,ASO,ES,Combined TRACON& Tower with Radar,8,46,46,33,133,0,0,40,3,43,8,46,86,36,176,8,0,8,184
10/25/2014,CHA,TN,ASO,ES,Combined TRACON& Tower with Radar,6,25,29,7,67,0,1,45,3,49,6,26,74,10,116,0,32,32,148
10/26/2014,CHA,TN,ASO,ES,Combined TRACON& Tower with Radar,12,29,47,49,137,0,3,26,3,32,12,32,73,52,169,0,30,30,199
10/27/2014,CHA,TN,ASO,ES,Combined TRACON& Tower with Radar,9,44,47,16,116,0,0,16,1,17,9,44,63,17,133,6,22,28,161
10/28/2014,CHA,TN,ASO,ES,Combined TRACON& Tower with Radar,11,42,74,41,168,0,1,22,3,26,11,43,96,44,194,12,0,12,206
10/29/2014,CHA,TN,ASO,ES,Combined TRACON& Tower with Radar,8,49,60,28,145,0,0,10,1,11,8,49,70,29,156,0,0,0,156
10/30/2014,CHA,TN,ASO,ES,Combined TRACON& Tower with Radar,11,44,63,28,146,0,0,54,5,59,11,44,117,33,205,4,0,4,209
10/31/2014,CHA,TN,ASO,ES,Combined TRACON& Tower with Radar,11,32,61,0,104,0,0,22,0,22,11,32,83,0,126,6,0,6,132
11/01/2014,CHA,TN,ASO,ES,Combined TRACON& Tower with Radar,6,22,30,0,58,0,0,1,0,1,6,22,31,0,59,0,0,0,59
11/02/2014,CHA,TN,ASO,ES,Combined TRACON& Tower with Radar,8,42,34,2,86,0,0,28,0,28,8,42,62,2,114,0,0,0,114
11/03/2014,CHA,TN,ASO,ES,Combined TRACON& Tower with Radar,9,51,55,21,136,0,3,36,2,41,9,54,91,23,177,20,0,20,197
11/04/2014,CHA,TN,ASO,ES,Combined TRACON& Tower with Radar,8,42,54,56,160,0,0,28,0,28,8,42,82,56,188,6,0,6,194
11/05/2014,CHA,TN,ASO,ES,Combined TRACON& Tower with Radar,8,51,77,18,154,0,1,11,0,12,8,52,88,18,166,16,0,16,182
11/06/2014,CHA,TN,ASO,ES,Combined TRACON& Tower with Radar,12,48,62,12,134,0,0,8,1,9,12,48,70,13,143,0,0,0,143
11/07/2014,CHA,TN,ASO,ES,Combined TRACON& Tower with Radar,10,49,61,14,134,0,1,37,2,40,10,50,98,16,174,0,0,0,174
11/08/2014,CHA,TN,ASO,ES,Combined TRACON& Tower with Radar,7,35,34,0,76,0,0,27,0,27,7,35,61,0,103,0,0,0,103
11/09/2014,CHA,TN,ASO,ES,Combined TRACON& Tower with Radar,7,43,55,2,107,0,1,29,2,32,7,44,84,4,139,18,0,18,157
11/10/2014,CHA,TN,ASO,ES,Combined TRACON& Tower with Radar,11,41,27,6,85,0,1,26,0,27,11,42,53,6,112,24,0,24,136
11/11/2014,CHA,TN,ASO,ES,Combined TRACON& Tower with Radar,8,39,73,0,120,0,0,29,0,29,8,39,102,0,149,0,0,0,149
11/12/2014,CHA,TN,ASO,ES,Combined TRACON& Tower with Radar,8,45,60,6,119,0,0,2,0,2,8,45,62,6,121,6,0,6,127
11/13/2014,CHA,TN,ASO,ES,Combined TRACON& Tower with Radar,11,49,61,6,127,0,0,8,1,9,11,49,69,7,136,0,0,0,136
11/14/2014,CHA,TN,ASO,ES,Combined TRACON& Tower with Radar,11,45,59,20,135,0,0,24,3,27,11,45,83,23,162,25,0,25,187
11/15/2014,CHA,TN,ASO,ES,Combined TRACON& Tower with Radar,6,25,51,2,84,0,0,17,2,19,6,25,68,4,103,0,0,0,103
11/16/2014,CHA,TN,ASO,ES,Combined TRACON& Tower with Radar,8,33,31,0,72,0,0,0,0,0,8,33,31,0,72,0,0,0,72
11/17/2014,CHA,TN,ASO,ES,Combined TRACON& Tower with Radar,12,37,36,35,120,0,0,1,0,1,12,37,37,35,121,10,0,10,131
11/18/2014,CHA,TN,ASO,ES,Combined TRACON& Tower with Radar,9,44,51,16,120,0,0,22,2,24,9,44,73,18,144,0,0,0,144
11/19/2014,CHA,TN,ASO,ES,Combined TRACON& Tower with Radar,8,57,71,5,141,0,0,30,3,33,8,57,101,8,174,10,0,10,184
11/20/2014,CHA,TN,ASO,ES,Combined TRACON& Tower with Radar,10,57,61,22,150,0,0,43,4,47,10,57,104,26,197,15,0,15,212
11/21/2014,CHA,TN,ASO,ES,Combined TRACON& Tower with Radar,9,41,53,51,154,0,0,33,2,35,9,41,86,53,189,0,20,20,209
11/22/2014,CHA,TN,ASO,ES,Combined TRACON& Tower with Radar,6,23,39,14,82,0,0,25,2,27,6,23,64,16,109,8,10,18,127
11/23/2014,CHA,TN,ASO,ES,Combined TRACON& Tower with Radar,10,31,12,3,56,0,0,0,0,0,10,31,12,3,56,0,0,0,56
11/24/2014,CHA,TN,ASO,ES,Combined TRACON& Tower with Radar,8,40,33,10,91,0,2,11,0,13,8,42,44,10,104,0,0,0,104
11/25/2014,CHA,TN,ASO,ES,Combined TRACON& Tower with Radar,11,47,54,28,140,0,1,32,0,33,11,48,86,28,173,16,0,16,189
11/26/2014,CHA,TN,ASO,ES,Combined TRACON& Tower with Radar,10,49,38,6,103,0,0,32,0,32,10,49,70,6,135,36,0,36,171
11/27/2014,CHA,TN,ASO,ES,Combined TRACON& Tower with Radar,5,15,6,0,26,0,0,3,0,3,5,15,9,0,29,0,0,0,29
11/28/2014,CHA,TN,ASO,ES,Combined TRACON& Tower with Radar,7,32,22,0,61,0,0,23,0,23,7,32,45,0,84,0,0,0,84
11/29/2014,CHA,TN,ASO,ES,Combined TRACON& Tower with Radar,10,36,28,0,74,0,0,17,0,17,10,36,45,0,91,22,0,22,113
11/30/2014,CHA,TN,ASO,ES,Combined TRACON& Tower with Radar,10,43,46,0,99,0,0,11,0,11,10,43,57,0,110,0,0,0,110
12/01/2014,CHA,TN,ASO,ES,Combined TRACON& Tower with Radar,11,45,55,16,127,0,0,5,0,5,11,45,60,16,132,0,0,0,132
12/02/2014,CHA,TN,ASO,ES,Combined TRACON& Tower with Radar,13,33,41,0,87,0,0,0,0,0,13,33,41,0,87,0,0,0,87
12/03/2014,CHA,TN,ASO,ES,Combined TRACON& Tower with Radar,11,42,57,13,123,0,0,18,2,20,11,42,75,15,143,0,0,0,143
12/04/2014,CHA,TN,ASO,ES,Combined TRACON& Tower with Radar,13,42,45,30,130,0,1,11,1,13,13,43,56,31,143,0,0,0,143
12/05/2014,CHA,TN,ASO,ES,Combined TRACON& Tower with Radar,11,42,28,4,85,0,0,3,1,4,11,42,31,5,89,0,0,0,89
12/06/2014,CHA,TN,ASO,ES,Combined TRACON& Tower with Radar,9,24,39,0,72,0,0,19,0,19,9,24,58,0,91,0,0,0,91
12/07/2014,CHA,TN,ASO,ES,Combined TRACON& Tower with Radar,10,37,26,4,77,0,0,20,5,25,10,37,46,9,102,4,0,4,106
12/08/2014,CHA,TN,ASO,ES,Combined TRACON& Tower with Radar,13,42,44,19,118,0,0,30,6,36,13,42,74,25,154,0,0,0,154
12/09/2014,CHA,TN,ASO,ES,Combined TRACON& Tower with Radar,10,38,44,4,96,0,1,29,0,30,10,39,73,4,126,14,4,18,144
12/10/2014,CHA,TN,ASO,ES,Combined TRACON& Tower with Radar,12,46,38,13,109,0,1,35,1,37,12,47,73,14,146,40,0,40,186
12/11/2014,CHA,TN,ASO,ES,Combined TRACON& Tower with Radar,16,49,61,47,173,0,1,31,2,34,16,50,92,49,207,16,0,16,223
12/12/2014,CHA,TN,ASO,ES,Combined TRACON& Tower with Radar,12,44,61,15,132,0,2,27,2,31,12,46,88,17,163,10,0,10,173
12/13/2014,CHA,TN,ASO,ES,Combined TRACON& Tower with Radar,10,15,25,3,53,0,0,30,1,31,10,15,55,4,84,0,0,0,84
12/14/2014,CHA,TN,ASO,ES,Combined TRACON& Tower with Radar,11,34,46,16,107,0,0,21,0,21,11,34,67,16,128,0,0,0,128
12/15/2014,CHA,TN,ASO,ES,Combined TRACON& Tower with Radar,13,39,51,18,121,0,0,13,0,13,13,39,64,18,134,2,0,2,136
12/16/2014,CHA,TN,ASO,ES,Combined TRACON& Tower with Radar,14,50,77,3,144,0,1,10,0,11,14,51,87,3,155,32,0,32,187
12/17/2014,CHA,TN,ASO,ES,Combined TRACON& Tower with Radar,16,60,41,10,127,0,0,21,2,23,16,60,62,12,150,10,0,10,160
12/18/2014,CHA,TN,ASO,ES,Combined TRACON& Tower with Radar,16,58,76,3,153,0,0,18,7,25,16,58,94,10,178,0,0,0,178
12/19/2014,CHA,TN,ASO,ES,Combined TRACON& Tower with Radar,14,41,38,8,101,0,2,18,0,20,14,43,56,8,121,12,28,40,161
12/20/2014,CHA,TN,ASO,ES,Combined TRACON& Tower with Radar,6,34,20,14,74,0,0,17,0,17,6,34,37,14,91,0,0,0,91
12/21/2014,CHA,TN,ASO,ES,Combined TRACON& Tower with Radar,4,40,28,0,72,0,0,6,0,6,4,40,34,0,78,0,0,0,78
12/22/2014,CHA,TN,ASO,ES,Combined TRACON& Tower with Radar,8,40,24,32,104,0,0,2,0,2,8,40,26,32,106,0,0,0,106
12/23/2014,CHA,TN,ASO,ES,Combined TRACON& Tower with Radar,8,38,32,1,79,0,0,0,0,0,8,38,32,1,79,0,0,0,79
12/24/2014,CHA,TN,ASO,ES,Combined TRACON& Tower with Radar,7,32,4,0,43,0,0,0,0,0,7,32,4,0,43,0,0,0,43
12/25/2014,CHA,TN,ASO,ES,Combined TRACON& Tower with Radar,2,25,10,0,37,0,0,17,0,17,2,25,27,0,54,0,0,0,54
12/26/2014,CHA,TN,ASO,ES,Combined TRACON& Tower with Radar,11,35,43,0,89,0,0,28,0,28,11,35,71,0,117,0,0,0,117
12/27/2014,CHA,TN,ASO,ES,Combined TRACON& Tower with Radar,3,40,27,0,70,0,1,8,0,9,3,41,35,0,79,6,0,6,85
12/28/2014,CHA,TN,ASO,ES,Combined TRACON& Tower with Radar,7,37,25,0,69,0,0,0,0,0,7,37,25,0,69,0,0,0,69
12/29/2014,CHA,TN,ASO,ES,Combined TRACON& Tower with Radar,4,42,23,0,69,0,0,0,0,0,4,42,23,0,69,0,0,0,69
12/30/2014,CHA,TN,ASO,ES,Combined TRACON& Tower with Radar,9,35,38,6,88,0,0,9,0,9,9,35,47,6,97,20,0,20,117
12/31/2014,CHA,TN,ASO,ES,Combined TRACON& Tower with Radar,6,34,13,0,53,0,0,24,0,24,6,34,37,0,77,6,0,6,83
01/01/2015,CHA,TN,ASO,ES,Combined TRACON& Tower with Radar,2,25,19,0,46,0,0,32,0,32,2,25,51,0,78,20,0,20,98
01/02/2015,CHA,TN,ASO,ES,Combined TRACON& Tower with Radar,9,35,27,0,71,0,0,1,0,1,9,35,28,0,72,4,0,4,76
01/03/2015,CHA,TN,ASO,ES,Combined TRACON& Tower with Radar,7,39,31,0,77,0,0,0,0,0,7,39,31,0,77,0,0,0,77
01/04/2015,CHA,TN,ASO,ES,Combined TRACON& Tower with Radar,6,38,31,0,75,0,0,10,0,10,6,38,41,0,85,0,0,0,85
01/05/2015,CHA,TN,ASO,ES,Combined TRACON& Tower with Radar,10,46,44,0,100,0,0,30,0,30,10,46,74,0,130,0,0,0,130
01/06/2015,CHA,TN,ASO,ES,Combined TRACON& Tower with Radar,9,39,35,20,103,0,0,31,5,36,9,39,66,25,139,19,0,19,158
01/07/2015,CHA,TN,ASO,ES,Combined TRACON& Tower with Radar,10,43,35,12,100,0,1,11,2,14,10,44,46,14,114,14,0,14,128
01/08/2015,CHA,TN,ASO,ES,Combined TRACON& Tower with Radar,14,33,48,10,105,0,0,21,2,23,14,33,69,12,128,14,0,14,142
01/09/2015,CHA,TN,ASO,ES,Combined TRACON& Tower with Radar,12,40,58,25,135,0,0,26,11,37,12,40,84,36,172,0,8,8,180
01/10/2015,CHA,TN,ASO,ES,Combined TRACON& Tower with Radar,3,28,38,13,82,0,1,41,1,43,3,29,79,14,125,0,10,10,135
01/11/2015,CHA,TN,ASO,ES,Combined TRACON& Tower with Radar,10,29,35,0,74,0,0,7,2,9,10,29,42,2,83,12,0,12,95
01/12/2015,CHA,TN,ASO,ES,Combined TRACON& Tower with Radar,8,38,43,0,89,0,0,0,0,0,8,38,43,0,89,0,0,0,89
01/13/2015,CHA,TN,ASO,ES,Combined TRACON& Tower with Radar,12,47,40,8,107,0,0,0,0,0,12,47,40,8,107,0,0,0,107
01/14/2015,CHA,TN,ASO,ES,Combined TRACON& Tower with Radar,9,43,45,7,104,0,0,5,1,6,9,43,50,8,110,0,0,0,110
01/15/2015,CHA,TN,ASO,ES,Combined TRACON& Tower with Radar,14,37,32,5,88,0,0,13,1,14,14,37,45,6,102,18,0,18,120
01/16/2015,CHA,TN,ASO,ES,Combined TRACON& Tower with Radar,10,41,44,32,127,0,0,42,9,51,10,41,86,41,178,12,20,32,210
01/17/2015,CHA,TN,ASO,ES,Combined TRACON& Tower with Radar,6,21,22,0,49,0,2,47,0,49,6,23,69,0,98,0,0,0,98
01/18/2015,CHA,TN,ASO,ES,Combined TRACON& Tower with Radar,14,31,23,0,68,0,0,27,0,27,14,31,50,0,95,26,0,26,121
01/19/2015,CHA,TN,ASO,ES,Combined TRACON& Tower with Radar,10,42,42,4,98,0,1,26,0,27,10,43,68,4,125,12,0,12,137
01/20/2015,CHA,TN,ASO,ES,Combined TRACON& Tower with Radar,11,35,56,23,125,0,0,26,6,32,11,35,82,29,157,45,0,45,202
01/21/2015,CHA,TN,ASO,ES,Combined TRACON& Tower with Radar,9,46,57,10,122,0,2,32,1,35,9,48,89,11,157,20,0,20,177
01/22/2015,CHA,TN,ASO,ES,Combined TRACON& Tower with Radar,13,55,48,67,183,0,0,24,1,25,13,55,72,68,208,6,32,38,246
01/23/2015,CHA,TN,ASO,ES,Combined TRACON& Tower with Radar,10,50,23,0,83,0,0,0,0,0,10,50,23,0,83,0,0,0,83
01/24/2015,CHA,TN,ASO,ES,Combined TRACON& Tower with Radar,3,28,25,0,56,0,2,19,0,21,3,30,44,0,77,0,0,0,77
01/25/2015,CHA,TN,ASO,ES,Combined TRACON& Tower with Radar,10,37,35,7,89,0,0,22,4,26,10,37,57,11,115,26,0,26,141
01/26/2015,CHA,TN,ASO,ES,Combined TRACON& Tower with Radar,9,46,40,3,98,0,0,1,0,1,9,46,41,3,99,0,0,0,99
01/27/2015,CHA,TN,ASO,ES,Combined TRACON& Tower with Radar,10,34,54,2,100,0,0,12,0,12,10,34,66,2,112,40,0,40,152
01/28/2015,CHA,TN,ASO,ES,Combined TRACON& Tower with Radar,12,47,68,17,144,0,3,42,1,46,12,50,110,18,190,20,0,20,210
01/29/2015,CHA,TN,ASO,ES,Combined TRACON& Tower with Radar,13,47,48,2,110,0,0,15,0,15,13,47,63,2,125,12,0,12,137
01/30/2015,CHA,TN,ASO,ES,Combined TRACON& Tower with Radar,12,40,57,5,114,0,0,30,1,31,12,40,87,6,145,22,0,22,167
01/31/2015,CHA,TN,ASO,ES,Combined TRACON& Tower with Radar,5,25,30,3,63,0,0,35,2,37,5,25,65,5,100,20,0,20,120
02/01/2015,CHA,TN,ASO,ES,Combined TRACON& Tower with Radar,15,24,20,0,59,0,0,1,0,1,15,24,21,0,60,0,0,0,60
02/02/2015,CHA,TN,ASO,ES,Combined TRACON& Tower with Radar,12,42,47,4,105,0,0,7,0,7,12,42,54,4,112,0,0,0,112
02/03/2015,CHA,TN,ASO,ES,Combined TRACON& Tower with Radar,12,39,75,12,138,0,2,38,0,40,12,41,113,12,178,56,0,56,234
02/04/2015,CHA,TN,ASO,ES,Combined TRACON& Tower with Radar,13,39,45,80,177,0,0,30,1,31,13,39,75,81,208,0,0,0,208
02/05/2015,CHA,TN,ASO,ES,Combined TRACON& Tower with Radar,14,36,30,2,82,0,0,13,2,15,14,36,43,4,97,0,0,0,97
02/06/2015,CHA,TN,ASO,ES,Combined TRACON& Tower with Radar,12,36,35,8,91,0,0,25,0,25,12,36,60,8,116,56,0,56,172
02/07/2015,CHA,TN,ASO,ES,Combined TRACON& Tower with Radar,9,17,20,0,46,0,0,40,2,42,9,17,60,2,88,0,0,0,88
02/08/2015,CHA,TN,ASO,ES,Combined TRACON& Tower with Radar,13,33,26,6,78,0,0,9,10,19,13,33,35,16,97,12,0,12,109
02/09/2015,CHA,TN,ASO,ES,Combined TRACON& Tower with Radar,14,35,35,14,98,0,0,8,0,8,14,35,43,14,106,13,0,13,119
02/10/2015,CHA,TN,ASO,ES,Combined TRACON& Tower with Radar,12,34,41,12,99,0,1,21,0,22,12,35,62,12,121,18,0,18,139
02/11/2015,CHA,TN,ASO,ES,Combined TRACON& Tower with Radar,11,39,58,20,128,0,1,37,5,43,11,40,95,25,171,13,0,13,184
02/12/2015,CHA,TN,ASO,ES,Combined TRACON& Tower with Radar,12,37,53,11,113,0,0,11,2,13,12,37,64,13,126,18,0,18,144
02/13/2015,CHA,TN,ASO,ES,Combined TRACON& Tower with Radar,12,46,41,19,118,0,0,26,0,26,12,46,67,19,144,0,0,0,144
02/14/2015,CHA,TN,ASO,ES,Combined TRACON& Tower with Radar,4,22,21,0,47,0,0,19,0,19,4,22,40,0,66,0,0,0,66
02/15/2015,CHA,TN,ASO,ES,Combined TRACON& Tower with Radar,7,43,33,6,89,0,0,10,0,10,7,43,43,6,99,0,0,0,99
02/16/2015,CHA,TN,ASO,ES,Combined TRACON& Tower with Radar,10,27,22,2,61,0,0,0,0,0,10,27,22,2,61,0,0,0,61
02/17/2015,CHA,TN,ASO,ES,Combined TRACON& Tower with Radar,11,37,65,6,119,0,0,12,0,12,11,37,77,6,131,8,0,8,139
02/18/2015,CHA,TN,ASO,ES,Combined TRACON& Tower with Radar,13,46,47,3,109,0,0,6,0,6,13,46,53,3,115,0,0,0,115
02/19/2015,CHA,TN,ASO,ES,Combined TRACON& Tower with Radar,10,47,48,10,115,0,0,15,3,18,10,47,63,13,133,0,0,0,133
02/20/2015,CHA,TN,ASO,ES,Combined TRACON& Tower with Radar,8,38,27,0,73,0,0,14,2,16,8,38,41,2,89,0,0,0,89
02/21/2015,CHA,TN,ASO,ES,Combined TRACON& Tower with Radar,6,25,4,0,35,0,0,1,0,1,6,25,5,0,36,0,0,0,36
02/22/2015,CHA,TN,ASO,ES,Combined TRACON& Tower with Radar,7,34,23,0,64,0,0,0,0,0,7,34,23,0,64,0,0,0,64
02/23/2015,CHA,TN,ASO,ES,Combined TRACON& Tower with Radar,9,39,32,10,90,0,0,13,3,16,9,39,45,13,106,0,10,10,116
02/24/2015,CHA,TN,ASO,ES,Combined TRACON& Tower with Radar,7,32,53,17,109,0,0,4,0,4,7,32,57,17,113,0,17,17,130
02/25/2015,CHA,TN,ASO,ES,Combined TRACON& Tower with Radar,4,38,40,0,82,0,0,6,1,7,4,38,46,1,89,0,0,0,89
02/26/2015,CHA,TN,ASO,ES,Combined TRACON& Tower with Radar,7,31,26,0,64,0,1,11,0,12,7,32,37,0,76,0,0,0,76
02/27/2015,CHA,TN,ASO,ES,Combined TRACON& Tower with Radar,12,42,53,8,115,0,0,30,0,30,12,42,83,8,145,28,0,28,173
02/28/2015,CHA,TN,ASO,ES,Combined TRACON& Tower with Radar,6,22,28,20,76,0,1,34,1,36,6,23,62,21,112,0,0,0,112
03/01/2015,CHA,TN,ASO,ES,Combined TRACON& Tower with Radar,8,30,22,4,64,0,0,0,0,0,8,30,22,4,64,0,0,0,64
03/02/2015,CHA,TN,ASO,ES,Combined TRACON& Tower with Radar,12,41,66,37,156,0,0,13,0,13,12,41,79,37,169,0,4,4,173
03/03/2015,CHA,TN,ASO,ES,Combined TRACON& Tower with Radar,10,35,51,0,96,0,0,0,0,0,10,35,51,0,96,0,0,0,96
03/04/2015,CHA,TN,ASO,ES,Combined TRACON& Tower with Radar,9,27,45,0,81,0,1,3,0,4,9,28,48,0,85,0,0,0,85
03/05/2015,CHA,TN,ASO,ES,Combined TRACON& Tower with Radar,16,32,31,8,87,0,0,0,0,0,16,32,31,8,87,0,0,0,87
03/06/2015,CHA,TN,ASO,ES,Combined TRACON& Tower with Radar,14,36,68,31,149,0,0,28,4,32,14,36,96,35,181,0,2,2,183
03/07/2015,CHA,TN,ASO,ES,Combined TRACON& Tower with Radar,5,20,45,18,88,0,0,42,2,44,5,20,87,20,132,0,6,6,138
03/08/2015,CHA,TN,ASO,ES,Combined TRACON& Tower with Radar,10,31,47,5,93,0,0,27,3,30,10,31,74,8,123,16,0,16,139
03/09/2015,CHA,TN,ASO,ES,Combined TRACON& Tower with Radar,10,43,50,38,141,0,0,13,6,19,10,43,63,44,160,0,0,0,160
03/10/2015,CHA,TN,ASO,ES,Combined TRACON& Tower with Radar,10,30,48,26,114,0,0,5,2,7,10,30,53,28,121,0,6,6,127
03/11/2015,CHA,TN,ASO,ES,Combined TRACON& Tower with Radar,11,37,46,14,108,0,0,0,0,0,11,37,46,14,108,0,0,0,108
03/12/2015,CHA,TN,ASO,ES,Combined TRACON& Tower with Radar,13,43,59,60,175,0,0,12,0,12,13,43,71,60,187,4,0,4,191
03/13/2015,CHA,TN,ASO,ES,Combined TRACON& Tower with Radar,14,35,42,33,124,0,0,5,0,5,14,35,47,33,129,0,0,0,129
03/14/2015,CHA,TN,ASO,ES,Combined TRACON& Tower with Radar,5,28,31,0,64,0,0,0,0,0,5,28,31,0,64,0,0,0,64
03/15/2015,CHA,TN,ASO,ES,Combined TRACON& Tower with Radar,8,30,54,4,96,0,2,41,3,46,8,32,95,7,142,0,0,0,142
03/16/2015,CHA,TN,ASO,ES,Combined TRACON& Tower with Radar,9,46,64,54,173,0,0,38,4,42,9,46,102,58,215,6,16,22,237
03/17/2015,CHA,TN,ASO,ES,Combined TRACON& Tower with Radar,10,35,57,2,104,0,0,30,0,30,10,35,87,2,134,0,0,0,134
03/18/2015,CHA,TN,ASO,ES,Combined TRACON& Tower with Radar,12,39,44,34,129,0,0,16,4,20,12,39,60,38,149,35,0,35,184
03/19/2015,CHA,TN,ASO,ES,Combined TRACON& Tower with Radar,13,48,32,8,101,0,0,0,0,0,13,48,32,8,101,0,0,0,101
03/20/2015,CHA,TN,ASO,ES,Combined TRACON& Tower with Radar,12,44,43,20,119,0,0,1,2,3,12,44,44,22,122,0,0,0,122
03/21/2015,CHA,TN,ASO,ES,Combined TRACON& Tower with Radar,8,26,46,1,81,0,2,34,2,38,8,28,80,3,119,0,0,0,119
03/22/2015,CHA,TN,ASO,ES,Combined TRACON& Tower with Radar,9,36,26,2,73,0,0,3,0,3,9,36,29,2,76,6,0,6,82
03/23/2015,CHA,TN,ASO,ES,Combined TRACON& Tower with Radar,10,47,53,33,143,0,0,29,1,30,10,47,82,34,173,20,10,30,203
03/24/2015,CHA,TN,ASO,ES,Combined TRACON& Tower with Radar,11,38,49,25,123,0,0,47,5,52,11,38,96,30,175,30,0,30,205
03/25/2015,CHA,TN,ASO,ES,Combined TRACON& Tower with Radar,12,35,64,10,121,0,0,27,12,39,12,35,91,22,160,20,0,20,180
03/26/2015,CHA,TN,ASO,ES,Combined TRACON& Tower with Radar,16,36,58,8,118,0,0,10,0,10,16,36,68,8,128,12,0,12,140
03/27/2015,CHA,TN,ASO,ES,Combined TRACON& Tower with Radar,12,39,40,14,105,0,0,20,5,25,12,39,60,19,130,10,0,10,140
03/28/2015,CHA,TN,ASO,ES,Combined TRACON& Tower with Radar,5,24,33,4,66,0,0,25,1,26,5,24,58,5,92,16,0,16,108
03/29/2015,CHA,TN,ASO,ES,Combined TRACON& Tower with Radar,8,29,37,5,79,0,1,31,4,36,8,30,68,9,115,6,0,6,121
03/30/2015,CHA,TN,ASO,ES,Combined TRACON& Tower with Radar,10,40,46,34,130,0,0,13,2,15,10,40,59,36,145,14,16,30,175
03/31/2015,CHA,TN,ASO,ES,Combined TRACON& Tower with Radar,12,48,41,39,140,0,2,35,9,46,12,50,76,48,186,28,5,33,219
04/01/2015,CHA,TN,ASO,ES,Combined TRACON& Tower with Radar,10,40,54,17,121,0,0,48,2,50,10,40,102,19,171,8,0,8,179
04/02/2015,CHA,TN,ASO,ES,Combined TRACON& Tower with Radar,14,43,40,16,113,0,0,7,0,7,14,43,47,16,120,8,0,8,128
04/03/2015,CHA,TN,ASO,ES,Combined TRACON& Tower with Radar,13,39,31,21,104,0,0,14,0,14,13,39,45,21,118,6,0,6,124
04/04/2015,CHA,TN,ASO,ES,Combined TRACON& Tower with Radar,7,27,29,5,68,0,2,24,7,33,7,29,53,12,101,10,20,30,131
04/05/2015,CHA,TN,ASO,ES,Combined TRACON& Tower with Radar,10,36,34,9,89,0,0,18,7,25,10,36,52,16,114,0,0,0,114
04/06/2015,CHA,TN,ASO,ES,Combined TRACON& Tower with Radar,11,36,46,1,94,0,0,3,1,4,11,36,49,2,98,0,0,0,98
04/07/2015,CHA,TN,ASO,ES,Combined TRACON& Tower with Radar,10,31,39,8,88,0,0,5,1,6,10,31,44,9,94,4,0,4,98
04/08/2015,CHA,TN,ASO,ES,Combined TRACON& Tower with Radar,11,41,60,13,125,0,3,19,3,25,11,44,79,16,150,26,10,36,186
04/09/2015,CHA,TN,ASO,ES,Combined TRACON& Tower with Radar,13,39,55,57,164,0,1,36,13,50,13,40,91,70,214,16,60,76,290
04/10/2015,CHA,TN,ASO,ES,Combined TRACON& Tower with Radar,28,43,33,8,112,0,1,2,0,3,28,44,35,8,115,0,0,0,115
04/11/2015,CHA,TN,ASO,ES,Combined TRACON& Tower with Radar,5,25,42,1,73,0,4,39,5,48,5,29,81,6,121,10,0,10,131
04/12/2015,CHA,TN,ASO,ES,Combined TRACON& Tower with Radar,12,37,35,1,85,0,1,35,1,37,12,38,70,2,122,10,0,10,132
04/13/2015,CHA,TN,ASO,ES,Combined TRACON& Tower with Radar,11,44,55,6,116,0,0,1,0,1,11,44,56,6,117,0,0,0,117
04/14/2015,CHA,TN,ASO,ES,Combined TRACON& Tower with Radar,15,33,45,4,97,0,0,7,2,9,15,33,52,6,106,0,0,0,106
04/15/2015,CHA,TN,ASO,ES,Combined TRACON& Tower with Radar,12,39,45,24,120,0,0,0,0,0,12,39,45,24,120,0,36,36,156
04/16/2015,CHA,TN,ASO,ES,Combined TRACON& Tower with Radar,16,41,39,0,96,0,0,1,0,1,16,41,40,0,97,0,0,0,97
04/17/2015,CHA,TN,ASO,ES,Combined TRACON& Tower with Radar,16,40,53,20,129,0,0,1,0,1,16,40,54,20,130,0,0,0,130
04/18/2015,CHA,TN,ASO,ES,Combined TRACON& Tower with Radar,3,30,25,15,73,0,0,8,2,10,3,30,33,17,83,0,10,10,93
04/19/2015,CHA,TN,ASO,ES,Combined TRACON& Tower with Radar,10,35,39,3,87,0,0,4,1,5,10,35,43,4,92,0,0,0,92
04/20/2015,CHA,TN,ASO,ES,Combined TRACON& Tower with Radar,16,41,39,7,103,0,1,16,1,18,16,42,55,8,121,10,0,10,131
04/21/2015,CHA,TN,ASO,ES,Combined TRACON& Tower with Radar,8,35,49,28,120,0,1,33,1,35,8,36,82,29,155,0,20,20,175
04/22/2015,CHA,TN,ASO,ES,Combined TRACON& Tower with Radar,10,34,54,23,121,0,1,24,1,26,10,35,78,24,147,0,0,0,147
04/23/2015,CHA,TN,ASO,ES,Combined TRACON& Tower with Radar,17,43,73,44,177,0,1,31,0,32,17,44,104,44,209,0,0,0,209
04/24/2015,CHA,TN,ASO,ES,Combined TRACON& Tower with Radar,17,41,41,41,140,0,0,40,0,40,17,41,81,41,180,0,16,16,196
04/25/2015,CHA,TN,ASO,ES,Combined TRACON& Tower with Radar,3,34,20,25,82,0,2,3,0,5,3,36,23,25,87,0,0,0,87
04/26/2015,CHA,TN,ASO,ES,Combined TRACON& Tower with Radar,10,40,39,1,90,0,0,11,6,17,10,40,50,7,107,0,0,0,107
04/27/2015,CHA,TN,ASO,ES,Combined TRACON& Tower with Radar,11,40,48,51,150,0,0,45,0,45,11,40,93,51,195,8,6,14,209
04/28/2015,CHA,TN,ASO,ES,Combined TRACON& Tower with Radar,9,41,44,61,155,0,0,30,2,32,9,41,74,63,187,0,54,54,241
04/29/2015,CHA,TN,ASO,ES,Combined TRACON& Tower with Radar,10,37,52,21,120,0,0,5,0,5,10,37,57,21,125,0,0,0,125
04/30/2015,CHA,TN,ASO,ES,Combined TRACON& Tower with Radar,14,44,57,3,118,0,2,16,1,19,14,46,73,4,137,14,0,14,151
05/01/2015,CHA,TN,ASO,ES,Combined TRACON& Tower with Radar,10,50,38,10,108,0,1,35,0,36,10,51,73,10,144,38,0,38,182
05/02/2015,CHA,TN,ASO,ES,Combined TRACON& Tower with Radar,4,30,33,3,70,0,0,39,0,39,4,30,72,3,109,0,0,0,109
05/03/2015,CHA,TN,ASO,ES,Combined TRACON& Tower with Radar,6,44,44,6,100,0,0,31,2,33,6,44,75,8,133,0,8,8,141
05/04/2015,CHA,TN,ASO,ES,Combined TRACON& Tower with Radar,9,46,64,31,150,0,1,29,1,31,9,47,93,32,181,0,30,30,211
05/05/2015,CHA,TN,ASO,ES,Combined TRACON& Tower with Radar,8,37,83,20,148,0,3,20,1,24,8,40,103,21,172,14,0,14,186
05/06/2015,CHA,TN,ASO,ES,Combined TRACON& Tower with Radar,8,44,62,21,135,0,1,34,2,37,8,45,96,23,172,40,0,40,212
05/07/2015,CHA,TN,ASO,ES,Combined TRACON& Tower with Radar,9,51,71,40,171,0,0,44,1,45,9,51,115,41,216,0,0,0,216
05/08/2015,CHA,TN,ASO,ES,Combined TRACON& Tower with Radar,10,50,49,31,140,0,0,21,1,22,10,50,70,32,162,28,0,28,190
05/09/2015,CHA,TN,ASO,ES,Combined TRACON& Tower with Radar,7,22,39,7,75,0,2,28,1,31,7,24,67,8,106,0,0,0,106
05/10/2015,CHA,TN,ASO,ES,Combined TRACON& Tower with Radar,9,40,29,2,80,0,0,9,0,9,9,40,38,2,89,10,0,10,99
05/11/2015,CHA,TN,ASO,ES,Combined TRACON& Tower with Radar,9,51,54,13,127,0,1,23,0,24,9,52,77,13,151,0,0,0,151
05/12/2015,CHA,TN,ASO,ES,Combined TRACON& Tower with Radar,9,50,59,57,175,0,3,28,2,33,9,53,87,59,208,33,22,55,263
05/13/2015,CHA,TN,ASO,ES,Combined TRACON& Tower with Radar,10,48,63,16,137,0,0,34,0,34,10,48,97,16,171,0,0,0,171
05/14/2015,CHA,TN,ASO,ES,Combined TRACON& Tower with Radar,10,66,56,39,171,0,0,44,0,44,10,66,100,39,215,0,14,14,229
05/15/2015,CHA,TN,ASO,ES,Combined TRACON& Tower with Radar,10,54,31,31,126,0,0,24,1,25,10,54,55,32,151,0,14,14,165
05/16/2015,CHA,TN,ASO,ES,Combined TRACON& Tower with Radar,6,27,21,7,61,0,0,6,2,8,6,27,27,9,69,2,0,2,71
05/17/2015,CHA,TN,ASO,ES,Combined TRACON& Tower with Radar,6,45,43,2,96,0,0,9,0,9,6,45,52,2,105,0,4,4,109
05/18/2015,CHA,TN,ASO,ES,Combined TRACON& Tower with Radar,11,52,38,2,103,0,3,7,0,10,11,55,45,2,113,0,0,0,113
05/19/2015,CHA,TN,ASO,ES,Combined TRACON& Tower with Radar,8,41,55,12,116,0,0,19,0,19,8,41,74,12,135,0,0,0,135
05/20/2015,CHA,TN,ASO,ES,Combined TRACON& Tower with Radar,7,38,61,24,130,0,1,40,7,48,7,39,101,31,178,10,0,10,188
05/21/2015,CHA,TN,ASO,ES,Combined TRACON& Tower with Radar,10,53,56,1,120,0,0,9,0,9,10,53,65,1,129,32,0,32,161
05/22/2015,CHA,TN,ASO,ES,Combined TRACON& Tower with Radar,9,46,41,0,96,0,0,49,0,49,9,46,90,0,145,30,0,30,175
05/23/2015,CHA,TN,ASO,ES,Combined TRACON& Tower with Radar,6,20,25,0,51,0,0,20,2,22,6,20,45,2,73,0,0,0,73
05/24/2015,CHA,TN,ASO,ES,Combined TRACON& Tower with Radar,4,31,33,2,70,0,0,15,0,15,4,31,48,2,85,7,0,7,92
05/25/2015,CHA,TN,ASO,ES,Combined TRACON& Tower with Radar,8,38,23,3,72,0,0,3,0,3,8,38,26,3,75,6,0,6,81
05/26/2015,CHA,TN,ASO,ES,Combined TRACON& Tower with Radar,11,49,26,19,105,0,0,3,0,3,11,49,29,19,108,6,0,6,114
05/27/2015,CHA,TN,ASO,ES,Combined TRACON& Tower with Radar,5,30,59,31,125,0,2,13,2,17,5,32,72,33,142,2,40,42,184
05/28/2015,CHA,TN,ASO,ES,Combined TRACON& Tower with Radar,11,49,71,5,136,0,0,23,0,23,11,49,94,5,159,0,0,0,159
05/29/2015,CHA,TN,ASO,ES,Combined TRACON& Tower with Radar,10,45,50,1,106,0,0,16,0,16,10,45,66,1,122,28,0,28,150
05/30/2015,CHA,TN,ASO,ES,Combined TRACON& Tower with Radar,5,26,22,0,53,0,0,22,0,22,5,26,44,0,75,0,0,0,75
05/31/2015,CHA,TN,ASO,ES,Combined TRACON& Tower with Radar,8,36,41,4,89,0,0,12,0,12,8,36,53,4,101,0,0,0,101
06/01/2015,CHA,TN,ASO,ES,Combined TRACON& Tower with Radar,10,41,32,19,102,0,1,7,0,8,10,42,39,19,110,0,16,16,126
06/02/2015,CHA,TN,ASO,ES,Combined TRACON& Tower with Radar,9,45,51,18,123,0,0,19,2,21,9,45,70,20,144,4,20,24,168
06/03/2015,CHA,TN,ASO,ES,Combined TRACON& Tower with Radar,9,39,53,35,136,0,0,27,1,28,9,39,80,36,164,0,0,0,164
06/04/2015,CHA,TN,ASO,ES,Combined TRACON& Tower with Radar,12,44,80,10,146,0,1,44,1,46,12,45,124,11,192,75,0,75,267
06/05/2015,CHA,TN,ASO,ES,Combined TRACON& Tower with Radar,11,42,70,11,134,0,0,52,8,60,11,42,122,19,194,17,0,17,211
06/06/2015,CHA,TN,ASO,ES,Combined TRACON& Tower with Radar,7,26,55,21,109,0,0,64,3,67,7,26,119,24,176,14,0,14,190
06/07/2015,CHA,TN,ASO,ES,Combined TRACON& Tower with Radar,11,33,58,0,102,0,0,42,2,44,11,33,100,2,146,16,0,16,162
06/08/2015,CHA,TN,ASO,ES,Combined TRACON& Tower with Radar,10,44,44,8,106,0,0,4,0,4,10,44,48,8,110,0,0,0,110
06/09/2015,CHA,TN,ASO,ES,Combined TRACON& Tower with Radar,18,46,34,27,125,0,0,12,0,12,18,46,46,27,137,14,0,14,151
06/10/2015,CHA,TN,ASO,ES,Combined TRACON& Tower with Radar,11,34,56,8,109,0,1,21,4,26,11,35,77,12,135,10,0,10,145
06/11/2015,CHA,TN,ASO,ES,Combined TRACON& Tower with Radar,17,51,63,27,158,0,0,22,2,24,17,51,85,29,182,0,14,14,196
06/12/2015,CHA,TN,ASO,ES,Combined TRACON& Tower with Radar,16,47,39,57,159,0,1,15,4,20,16,48,54,61,179,12,0,12,191
06/13/2015,CHA,TN,ASO,ES,Combined TRACON& Tower with Radar,8,21,18,4,51,0,0,15,2,17,8,21,33,6,68,0,0,0,68
06/14/2015,CHA,TN,ASO,ES,Combined TRACON& Tower with Radar,13,31,44,7,95,0,0,49,5,54,13,31,93,12,149,0,0,0,149
06/15/2015,CHA,TN,ASO,ES,Combined TRACON& Tower with Radar,10,44,42,30,126,0,0,21,6,27,10,44,63,36,153,19,5,24,177
06/16/2015,CHA,TN,ASO,ES,Combined TRACON& Tower with Radar,12,43,59,14,128,0,0,32,0,32,12,43,91,14,160,22,0,22,182
06/17/2015,CHA,TN,ASO,ES,Combined TRACON& Tower with Radar,16,31,61,14,122,0,1,26,0,27,16,32,87,14,149,50,0,50,199
06/18/2015,CHA,TN,ASO,ES,Combined TRACON& Tower with Radar,8,42,51,1,102,0,1,20,2,23,8,43,71,3,125,0,0,0,125
06/19/2015,CHA,TN,ASO,ES,Combined TRACON& Tower with Radar,12,56,27,16,111,0,0,14,1,15,12,56,41,17,126,0,10,10,136
06/20/2015,CHA,TN,ASO,ES,Combined TRACON& Tower with Radar,9,23,19,7,58,0,0,4,1,5,9,23,23,8,63,0,0,0,63
06/21/2015,CHA,TN,ASO,ES,Combined TRACON& Tower with Radar,10,33,41,1,85,0,0,32,3,35,10,33,73,4,120,10,0,10,130
06/22/2015,CHA,TN,ASO,ES,Combined TRACON& Tower with Radar,11,42,56,25,134,0,0,25,1,26,11,42,81,26,160,4,56,60,220
06/23/2015,CHA,TN,ASO,ES,Combined TRACON& Tower with Radar,11,40,81,38,170,0,3,17,6,26,11,43,98,44,196,12,0,12,208
06/24/2015,CHA,TN,ASO,ES,Combined TRACON& Tower with Radar,12,37,52,10,111,0,0,13,2,15,12,37,65,12,126,6,0,6,132
06/25/2015,CHA,TN,ASO,ES,Combined TRACON& Tower with Radar,13,50,53,18,134,0,1,22,0,23,13,51,75,18,157,20,0,20,177
06/26/2015,CHA,TN,ASO,ES,Combined TRACON& Tower with Radar,13,47,36,16,112,0,1,19,3,23,13,48,55,19,135,0,0,0,135
06/27/2015,CHA,TN,ASO,ES,Combined TRACON& Tower with Radar,7,21,32,0,60,0,0,2,0,2,7,21,34,0,62,0,0,0,62
06/28/2015,CHA,TN,ASO,ES,Combined TRACON& Tower with Radar,10,30,46,5,91,0,2,26,2,30,10,32,72,7,121,0,0,0,121
06/29/2015,CHA,TN,ASO,ES,Combined TRACON& Tower with Radar,12,47,31,8,98,0,0,28,4,32,12,47,59,12,130,32,6,38,168
06/30/2015,CHA,TN,ASO,ES,Combined TRACON& Tower with Radar,8,39,30,1,78,0,2,17,5,24,8,41,47,6,102,0,0,0,102
07/01/2015,CHA,TN,ASO,ES,Combined TRACON& Tower with Radar,10,37,33,4,84,0,0,5,0,5,10,37,38,4,89,10,0,10,99
07/02/2015,CHA,TN,ASO,ES,Combined TRACON& Tower with Radar,10,42,49,0,101,0,0,6,0,6,10,42,55,0,107,0,0,0,107
07/03/2015,CHA,TN,ASO,ES,Combined TRACON& Tower with Radar,11,28,15,0,54,0,1,2,0,3,11,29,17,0,57,0,0,0,57
07/04/2015,CHA,TN,ASO,ES,Combined TRACON& Tower with Radar,5,18,17,0,40,0,0,2,0,2,5,18,19,0,42,0,0,0,42
07/05/2015,CHA,TN,ASO,ES,Combined TRACON& Tower with Radar,10,34,24,1,69,0,0,6,0,6,10,34,30,1,75,0,0,0,75
07/06/2015,CHA,TN,ASO,ES,Combined TRACON& Tower with Radar,9,42,44,34,129,0,3,22,0,25,9,45,66,34,154,10,0,10,164
07/07/2015,CHA,TN,ASO,ES,Combined TRACON& Tower with Radar,8,39,37,13,97,0,0,20,1,21,8,39,57,14,118,0,4,4,122
07/08/2015,CHA,TN,ASO,ES,Combined TRACON& Tower with Radar,12,37,46,26,121,0,0,21,0,21,12,37,67,26,142,0,0,0,142
07/09/2015,CHA,TN,ASO,ES,Combined TRACON& Tower with Radar,8,53,66,17,144,0,0,37,4,41,8,53,103,21,185,34,0,34,219
07/10/2015,CHA,TN,ASO,ES,Combined TRACON& Tower with Radar,12,47,66,11,136,0,0,29,1,30,12,47,95,12,166,5,3,8,174
07/11/2015,CHA,TN,ASO,ES,Combined TRACON& Tower with Radar,3,27,30,14,74,0,0,19,1,20,3,27,49,15,94,20,8,28,122
07/12/2015,CHA,TN,ASO,ES,Combined TRACON& Tower with Radar,8,35,53,2,98,0,2,15,0,17,8,37,68,2,115,0,0,0,115
07/13/2015,CHA,TN,ASO,ES,Combined TRACON& Tower with Radar,8,34,34,25,101,0,0,19,3,22,8,34,53,28,123,38,4,42,165
07/14/2015,CHA,TN,ASO,ES,Combined TRACON& Tower with Radar,9,41,39,12,101,0,0,10,0,10,9,41,49,12,111,0,0,0,111
07/15/2015,CHA,TN,ASO,ES,Combined TRACON& Tower with Radar,10,39,62,32,143,0,1,15,7,23,10,40,77,39,166,12,0,12,178
07/16/2015,CHA,TN,ASO,ES,Combined TRACON& Tower with Radar,7,40,65,33,145,0,1,40,5,46,7,41,105,38,191,20,0,20,211
07/17/2015,CHA,TN,ASO,ES,Combined TRACON& Tower with Radar,12,54,42,30,138,0,0,33,7,40,12,54,75,37,178,70,0,70,248
07/18/2015,CHA,TN,ASO,ES,Combined TRACON& Tower with Radar,3,30,34,21,88,0,4,24,2,30,3,34,58,23,118,0,0,0,118
07/19/2015,CHA,TN,ASO,ES,Combined TRACON& Tower with Radar,8,36,44,5,93,0,0,38,12,50,8,36,82,17,143,16,8,24,167
07/20/2015,CHA,TN,ASO,ES,Combined TRACON& Tower with Radar,9,45,42,4,100,0,0,27,7,34,9,45,69,11,134,40,0,40,174
07/21/2015,CHA,TN,ASO,ES,Combined TRACON& Tower with Radar,8,47,49,0,104,0,0,30,0,30,8,47,79,0,134,16,0,16,150
07/22/2015,CHA,TN,ASO,ES,Combined TRACON& Tower with Radar,14,43,65,8,130,0,0,21,1,22,14,43,86,9,152,14,0,14,166
07/23/2015,CHA,TN,ASO,ES,Combined TRACON& Tower with Radar,9,50,58,2,119,0,0,15,0,15,9,50,73,2,134,20,0,20,154
07/24/2015,CHA,TN,ASO,ES,Combined TRACON& Tower with Radar,12,47,52,25,136,0,0,28,1,29,12,47,80,26,165,0,16,16,181
07/25/2015,CHA,TN,ASO,ES,Combined TRACON& Tower with Radar,2,29,39,6,76,0,0,44,6,50,2,29,83,12,126,0,0,0,126
07/26/2015,CHA,TN,ASO,ES,Combined TRACON& Tower with Radar,8,40,53,18,119,0,0,32,1,33,8,40,85,19,152,0,16,16,168
07/27/2015,CHA,TN,ASO,ES,Combined TRACON& Tower with Radar,10,44,49,45,148,0,1,29,1,31,10,45,78,46,179,20,12,32,211
07/28/2015,CHA,TN,ASO,ES,Combined TRACON& Tower with Radar,8,40,54,2,104,0,2,39,2,43,8,42,93,4,147,18,0,18,165
07/29/2015,CHA,TN,ASO,ES,Combined TRACON& Tower with Radar,10,34,69,8,121,0,0,36,1,37,10,34,105,9,158,16,0,16,174
07/30/2015,CHA,TN,ASO,ES,Combined TRACON& Tower with Radar,8,49,70,20,147,0,2,33,2,37,8,51,103,22,184,32,0,32,216
07/31/2015,CHA,TN,ASO,ES,Combined TRACON& Tower with Radar,27,42,36,33,138,0,0,32,6,38,27,42,68,39,176,6,7,13,189
08/01/2015,CHA,TN,ASO,ES,Combined TRACON& Tower with Radar,3,32,32,14,81,0,2,33,0,35,3,34,65,14,116,37,0,37,153
08/02/2015,CHA,TN,ASO,ES,Combined TRACON& Tower with Radar,12,39,27,5,83,0,0,37,3,40,12,39,64,8,123,8,0,8,131
08/03/2015,CHA,TN,ASO,ES,Combined TRACON& Tower with Radar,9,39,37,63,148,0,0,27,4,31,9,39,64,67,179,20,0,20,199
08/04/2015,CHA,TN,ASO,ES,Combined TRACON& Tower with Radar,8,37,50,28,123,0,0,27,2,29,8,37,77,30,152,8,24,32,184
08/05/2015,CHA,TN,ASO,ES,Combined TRACON& Tower with Radar,11,36,67,4,118,0,0,28,0,28,11,36,95,4,146,0,0,0,146
08/06/2015,CHA,TN,ASO,ES,Combined TRACON& Tower with Radar,14,38,29,6,87,0,0,2,0,2,14,38,31,6,89,0,0,0,89
08/07/2015,CHA,TN,ASO,ES,Combined TRACON& Tower with Radar,15,44,42,36,137,0,0,27,9,36,15,44,69,45,173,10,22,32,205
08/08/2015,CHA,TN,ASO,ES,Combined TRACON& Tower with Radar,3,27,20,5,55,0,2,19,3,24,3,29,39,8,79,14,0,14,93
08/09/2015,CHA,TN,ASO,ES,Combined TRACON& Tower with Radar,9,35,35,8,87,0,2,31,8,41,9,37,66,16,128,0,0,0,128
08/10/2015,CHA,TN,ASO,ES,Combined TRACON& Tower with Radar,9,37,41,0,87,0,0,12,0,12,9,37,53,0,99,0,0,0,99
08/11/2015,CHA,TN,ASO,ES,Combined TRACON& Tower with Radar,7,39,45,15,106,0,0,14,1,15,7,39,59,16,121,12,10,22,143
08/12/2015,CHA,TN,ASO,ES,Combined TRACON& Tower with Radar,10,36,43,7,96,0,0,44,7,51,10,36,87,14,147,28,12,40,187
08/13/2015,CHA,TN,ASO,ES,Combined TRACON& Tower with Radar,9,48,53,9,119,0,0,33,2,35,9,48,86,11,154,0,0,0,154
08/14/2015,CHA,TN,ASO,ES,Combined TRACON& Tower with Radar,13,42,42,28,125,0,0,21,7,28,13,42,63,35,153,0,0,0,153
08/15/2015,CHA,TN,ASO,ES,Combined TRACON& Tower with Radar,4,24,16,11,55,0,0,18,4,22,4,24,34,15,77,14,0,14,91
08/16/2015,CHA,TN,ASO,ES,Combined TRACON& Tower with Radar,8,41,27,32,108,0,1,22,2,25,8,42,49,34,133,6,0,6,139
08/17/2015,CHA,TN,ASO,ES,Combined TRACON& Tower with Radar,10,44,41,0,95,0,0,0,0,0,10,44,41,0,95,0,0,0,95
08/18/2015,CHA,TN,ASO,ES,Combined TRACON& Tower with Radar,11,42,41,0,94,0,0,2,0,2,11,42,43,0,96,0,0,0,96
08/19/2015,CHA,TN,ASO,ES,Combined TRACON& Tower with Radar,6,34,59,24,123,0,0,20,1,21,6,34,79,25,144,0,0,0,144
08/20/2015,CHA,TN,ASO,ES,Combined TRACON& Tower with Radar,11,50,53,9,123,0,1,17,1,19,11,51,70,10,142,0,0,0,142
08/21/2015,CHA,TN,ASO,ES,Combined TRACON& Tower with Radar,12,46,36,33,127,0,0,24,2,26,12,46,60,35,153,0,6,6,159
08/22/2015,CHA,TN,ASO,ES,Combined TRACON& Tower with Radar,7,28,19,0,54,0,1,35,0,36,7,29,54,0,90,0,0,0,90
08/23/2015,CHA,TN,ASO,ES,Combined TRACON& Tower with Radar,10,32,20,0,62,0,0,20,0,20,10,32,40,0,82,0,0,0,82
08/24/2015,CHA,TN,ASO,ES,Combined TRACON& Tower with Radar,10,44,39,6,99,0,3,21,0,24,10,47,60,6,123,20,8,28,151
08/25/2015,CHA,TN,ASO,ES,Combined TRACON& Tower with Radar,9,57,58,23,147,0,0,39,0,39,9,57,97,23,186,6,6,12,198
08/26/2015,CHA,TN,ASO,ES,Combined TRACON& Tower with Radar,8,46,38,34,126,0,0,40,2,42,8,46,78,36,168,20,20,40,208
08/27/2015,CHA,TN,ASO,ES,Combined TRACON& Tower with Radar,10,45,50,34,139,0,0,28,0,28,10,45,78,34,167,0,0,0,167
08/28/2015,CHA,TN,ASO,ES,Combined TRACON& Tower with Radar,9,46,47,40,142,0,0,21,5,26,9,46,68,45,168,14,0,14,182
08/29/2015,CHA,TN,ASO,ES,Combined TRACON& Tower with Radar,6,22,24,0,52,0,1,10,0,11,6,23,34,0,63,38,0,38,101
08/30/2015,CHA,TN,ASO,ES,Combined TRACON& Tower with Radar,8,35,32,10,85,0,1,1,1,3,8,36,33,11,88,20,0,20,108
08/31/2015,CHA,TN,ASO,ES,Combined TRACON& Tower with Radar,8,42,40,2,92,0,2,14,3,19,8,44,54,5,111,6,0,6,117
09/01/2015,CHA,TN,ASO,ES,Combined TRACON& Tower with Radar,9,38,43,25,115,0,0,27,3,30,9,38,70,28,145,0,10,10,155
09/02/2015,CHA,TN,ASO,ES,Combined TRACON& Tower with Radar,8,42,42,34,126,0,1,19,4,24,8,43,61,38,150,10,38,48,198
09/03/2015,CHA,TN,ASO,ES,Combined TRACON& Tower with Radar,12,51,61,48,172,0,1,21,6,28,12,52,82,54,200,0,16,16,216
09/04/2015,CHA,TN,ASO,ES,Combined TRACON& Tower with Radar,10,41,54,1,106,0,0,24,1,25,10,41,78,2,131,0,0,0,131
09/05/2015,CHA,TN,ASO,ES,Combined TRACON& Tower with Radar,6,14,12,0,32,0,0,21,0,21,6,14,33,0,53,26,0,26,79
09/06/2015,CHA,TN,ASO,ES,Combined TRACON& Tower with Radar,8,19,15,8,50,0,0,15,0,15,8,19,30,8,65,24,0,24,89
09/07/2015,CHA,TN,ASO,ES,Combined TRACON& Tower with Radar,9,32,32,3,76,0,0,26,1,27,9,32,58,4,103,12,0,12,115
09/08/2015,CHA,TN,ASO,ES,Combined TRACON& Tower with Radar,5,37,49,17,108,0,0,17,1,18,5,37,66,18,126,18,0,18,144
09/09/2015,CHA,TN,ASO,ES,Combined TRACON& Tower with Radar,6,44,54,8,112,0,0,7,2,9,6,44,61,10,121,22,0,22,143
09/10/2015,CHA,TN,ASO,ES,Combined TRACON& Tower with Radar,17,40,71,3,131,0,0,7,1,8,17,40,78,4,139,32,0,32,171
09/11/2015,CHA,TN,ASO,ES,Combined TRACON& Tower with Radar,9,42,70,43,164,0,0,31,7,38,9,42,101,50,202,17,0,17,219
09/12/2015,CHA,TN,ASO,ES,Combined TRACON& Tower with Radar,5,35,27,0,67,0,2,24,2,28,5,37,51,2,95,8,0,8,103
09/13/2015,CHA,TN,ASO,ES,Combined TRACON& Tower with Radar,8,40,44,3,95,0,1,28,4,33,8,41,72,7,128,14,0,14,142
09/14/2015,CHA,TN,ASO,ES,Combined TRACON& Tower with Radar,9,49,43,11,112,0,2,31,3,36,9,51,74,14,148,0,0,0,148
09/15/2015,CHA,TN,ASO,ES,Combined TRACON& Tower with Radar,8,44,62,28,142,0,0,23,5,28,8,44,85,33,170,24,22,46,216
09/16/2015,CHA,TN,ASO,ES,Combined TRACON& Tower with Radar,8,49,72,43,172,0,0,24,3,27,8,49,96,46,199,10,6,16,215
09/17/2015,CHA,TN,ASO,ES,Combined TRACON& Tower with Radar,10,56,73,25,164,0,0,27,3,30,10,56,100,28,194,10,0,10,204
09/18/2015,CHA,TN,ASO,ES,Combined TRACON& Tower with Radar,10,45,62,46,163,0,1,23,3,27,10,46,85,49,190,68,15,83,273
09/19/2015,CHA,TN,ASO,ES,Combined TRACON& Tower with Radar,5,29,27,43,104,0,1,24,4,29,5,30,51,47,133,0,30,30,163
09/20/2015,CHA,TN,ASO,ES,Combined TRACON& Tower with Radar,8,41,57,10,116,0,1,11,2,14,8,42,68,12,130,0,0,0,130
09/21/2015,CHA,TN,ASO,ES,Combined TRACON& Tower with Radar,9,54,45,0,108,0,0,24,2,26,9,54,69,2,134,0,0,0,134
09/22/2015,CHA,TN,ASO,ES,Combined TRACON& Tower with Radar,8,49,52,21,130,0,0,16,0,16,8,49,68,21,146,16,4,20,166
09/23/2015,CHA,TN,ASO,ES,Combined TRACON& Tower with Radar,8,43,50,12,113,0,1,29,2,32,8,44,79,14,145,0,14,14,159
09/24/2015,CHA,TN,ASO,ES,Combined TRACON& Tower with Radar,10,48,70,6,134,0,0,28,1,29,10,48,98,7,163,0,0,0,163
09/25/2015,CHA,TN,ASO,ES,Combined TRACON& Tower with Radar,10,52,41,0,103,0,0,0,0,0,10,52,41,0,103,0,0,0,103
09/26/2015,CHA,TN,ASO,ES,Combined TRACON& Tower with Radar,4,27,35,0,66,0,0,0,0,0,4,27,35,0,66,0,0,0,66
09/27/2015,CHA,TN,ASO,ES,Combined TRACON& Tower with Radar,8,39,52,8,107,0,0,9,0,9,8,39,61,8,116,0,0,0,116
09/28/2015,CHA,TN,ASO,ES,Combined TRACON& Tower with Radar,9,46,52,22,129,0,0,3,0,3,9,46,55,22,132,0,30,30,162
09/29/2015,CHA,TN,ASO,ES,Combined TRACON& Tower with Radar,8,40,59,2,109,0,0,2,0,2,8,40,61,2,111,0,0,0,111
09/30/2015,CHA,TN,ASO,ES,Combined TRACON& Tower with Radar,9,45,61,5,120,0,1,13,4,18,9,46,74,9,138,0,0,0,138
10/01/2015,CHA,TN,ASO,ES,Combined TRACON& Tower with Radar,13,46,68,0,127,0,0,3,0,3,13,46,71,0,130,0,0,0,130
10/02/2015,CHA,TN,ASO,ES,Combined TRACON& Tower with Radar,16,46,59,0,121,0,0,2,0,2,16,46,61,0,123,0,0,0,123
10/03/2015,CHA,TN,ASO,ES,Combined TRACON& Tower with Radar,9,23,31,0,63,0,0,0,0,0,9,23,31,0,63,0,0,0,63
10/04/2015,CHA,TN,ASO,ES,Combined TRACON& Tower with Radar,12,35,67,5,119,0,0,7,0,7,12,35,74,5,126,22,0,22,148
10/05/2015,CHA,TN,ASO,ES,Combined TRACON& Tower with Radar,15,42,53,42,152,0,4,36,1,41,15,46,89,43,193,23,12,35,228
10/06/2015,CHA,TN,ASO,ES,Combined TRACON& Tower with Radar,12,49,59,22,142,0,0,43,0,43,12,49,102,22,185,4,0,4,189
10/07/2015,CHA,TN,ASO,ES,Combined TRACON& Tower with Radar,14,46,75,17,152,0,1,36,2,39,14,47,111,19,191,32,0,32,223
10/08/2015,CHA,TN,ASO,ES,Combined TRACON& Tower with Radar,14,47,65,25,151,0,0,32,2,34,14,47,97,27,185,30,10,40,225
10/09/2015,CHA,TN,ASO,ES,Combined TRACON& Tower with Radar,12,49,61,10,132,0,0,14,0,14,12,49,75,10,146,0,5,5,151
10/10/2015,CHA,TN,ASO,ES,Combined TRACON& Tower with Radar,8,25,27,5,65,0,0,3,0,3,8,25,30,5,68,0,0,0,68
10/11/2015,CHA,TN,ASO,ES,Combined TRACON& Tower with Radar,13,35,49,2,99,0,0,15,0,15,13,35,64,2,114,0,0,0,114
10/12/2015,CHA,TN,ASO,ES,Combined TRACON& Tower with Radar,14,40,33,1,88,0,1,13,1,15,14,41,46,2,103,0,0,0,103
10/13/2015,CHA,TN,ASO,ES,Combined TRACON& Tower with Radar,13,50,64,42,169,0,1,29,4,34,13,51,93,46,203,26,0,26,229
10/14/2015,CHA,TN,ASO,ES,Combined TRACON& Tower with Radar,16,47,74,29,166,0,3,36,2,41,16,50,110,31,207,0,14,14,221
10/15/2015,CHA,TN,ASO,ES,Combined TRACON& Tower with Radar,14,47,75,16,152,0,1,40,1,42,14,48,115,17,194,18,0,18,212
10/16/2015,CHA,TN,ASO,ES,Combined TRACON& Tower with Radar,13,39,42,18,112,0,0,21,6,27,13,39,63,24,139,0,0,0,139
10/17/2015,CHA,TN,ASO,ES,Combined TRACON& Tower with Radar,7,19,26,3,55,0,1,13,4,18,7,20,39,7,73,0,0,0,73
10/18/2015,CHA,TN,ASO,ES,Combined TRACON& Tower with Radar,10,37,39,6,92,0,0,26,4,30,10,37,65,10,122,0,0,0,122
10/19/2015,CHA,TN,ASO,ES,Combined TRACON& Tower with Radar,11,36,59,46,152,0,1,35,1,37,11,37,94,47,189,0,8,8,197
10/20/2015,CHA,TN,ASO,ES,Combined TRACON& Tower with Radar,11,34,44,40,129,0,2,24,1,27,11,36,68,41,156,30,0,30,186
10/21/2015,CHA,TN,ASO,ES,Combined TRACON& Tower with Radar,12,53,67,32,164,0,1,36,0,37,12,54,103,32,201,12,0,12,213
10/22/2015,CHA,TN,ASO,ES,Combined TRACON& Tower with Radar,13,47,84,36,180,0,0,16,1,17,13,47,100,37,197,0,0,0,197
10/23/2015,CHA,TN,ASO,ES,Combined TRACON& Tower with Radar,11,48,47,31,137,0,0,28,6,34,11,48,75,37,171,0,0,0,171
10/24/2015,CHA,TN,ASO,ES,Combined TRACON& Tower with Radar,12,24,27,2,65,0,0,15,2,17,12,24,42,4,82,22,0,22,104
10/25/2015,CHA,TN,ASO,ES,Combined TRACON& Tower with Radar,12,35,54,13,114,0,1,7,3,11,12,36,61,16,125,16,14,30,155
10/26/2015,CHA,TN,ASO,ES,Combined TRACON& Tower with Radar,15,37,42,0,94,0,0,0,0,0,15,37,42,0,94,0,0,0,94
10/27/2015,CHA,TN,ASO,ES,Combined TRACON& Tower with Radar,10,49,32,12,103,0,0,0,0,0,10,49,32,12,103,0,0,0,103
10/28/2015,CHA,TN,ASO,ES,Combined TRACON& Tower with Radar,10,49,31,13,103,0,0,5,1,6,10,49,36,14,109,0,0,0,109
10/29/2015,CHA,TN,ASO,ES,Combined TRACON& Tower with Radar,17,62,75,12,166,0,0,26,5,31,17,62,101,17,197,0,0,0,197
10/30/2015,CHA,TN,ASO,ES,Combined TRACON& Tower with Radar,13,53,69,46,181,0,3,53,2,58,13,56,122,48,239,8,14,22,261
10/31/2015,CHA,TN,ASO,ES,Combined TRACON& Tower with Radar,10,26,21,10,67,0,0,29,3,32,10,26,50,13,99,0,0,0,99
11/01/2015,CHA,TN,ASO,ES,Combined TRACON& Tower with Radar,11,39,31,14,95,0,0,0,0,0,11,39,31,14,95,0,0,0,95
11/02/2015,CHA,TN,ASO,ES,Combined TRACON& Tower with Radar,13,45,51,0,109,0,0,0,0,0,13,45,51,0,109,0,0,0,109
11/03/2015,CHA,TN,ASO,ES,Combined TRACON& Tower with Radar,11,50,67,8,136,0,0,0,0,0,11,50,67,8,136,0,0,0,136
11/04/2015,CHA,TN,ASO,ES,Combined TRACON& Tower with Radar,16,43,79,18,156,0,0,7,0,7,16,43,86,18,163,0,0,0,163
11/05/2015,CHA,TN,ASO,ES,Combined TRACON& Tower with Radar,13,51,96,2,162,0,0,5,0,5,13,51,101,2,167,0,0,0,167
11/06/2015,CHA,TN,ASO,ES,Combined TRACON& Tower with Radar,15,35,40,13,103,0,0,7,1,8,15,35,47,14,111,0,0,0,111
11/07/2015,CHA,TN,ASO,ES,Combined TRACON& Tower with Radar,9,21,26,0,56,0,0,2,0,2,9,21,28,0,58,0,0,0,58
11/08/2015,CHA,TN,ASO,ES,Combined TRACON& Tower with Radar,14,42,59,3,118,0,0,22,0,22,14,42,81,3,140,0,0,0,140
11/09/2015,CHA,TN,ASO,ES,Combined TRACON& Tower with Radar,9,39,36,8,92,0,0,0,0,0,9,39,36,8,92,0,0,0,92
11/10/2015,CHA,TN,ASO,ES,Combined TRACON& Tower with Radar,6,32,51,5,94,0,0,24,0,24,6,32,75,5,118,20,0,20,138
11/11/2015,CHA,TN,ASO,ES,Combined TRACON& Tower with Radar,6,33,55,2,96,0,2,29,2,33,6,35,84,4,129,24,0,24,153
11/12/2015,CHA,TN,ASO,ES,Combined TRACON& Tower with Radar,8,38,43,10,99,0,5,22,0,27,8,43,65,10,126,0,0,0,126
11/13/2015,CHA,TN,ASO,ES,Combined TRACON& Tower with Radar,13,29,51,11,104,0,0,15,2,17,13,29,66,13,121,28,0,28,149
11/14/2015,CHA,TN,ASO,ES,Combined TRACON& Tower with Radar,8,26,41,4,79,0,1,48,2,51,8,27,89,6,130,0,0,0,130
11/15/2015,CHA,TN,ASO,ES,Combined TRACON& Tower with Radar,15,56,44,11,126,0,0,22,5,27,15,56,66,16,153,0,0,0,153
11/16/2015,CHA,TN,ASO,ES,Combined TRACON& Tower with Radar,13,41,34,39,127,0,2,26,2,30,13,43,60,41,157,12,14,26,183
11/17/2015,CHA,TN,ASO,ES,Combined TRACON& Tower with Radar,10,47,38,23,118,0,0,12,2,14,10,47,50,25,132,12,0,12,144
11/18/2015,CHA,TN,ASO,ES,Combined TRACON& Tower with Radar,8,34,27,0,69,0,0,0,0,0,8,34,27,0,69,0,0,0,69
11/19/2015,CHA,TN,ASO,ES,Combined TRACON& Tower with Radar,12,37,48,25,122,0,5,24,3,32,12,42,72,28,154,19,0,19,173
11/20/2015,CHA,TN,ASO,ES,Combined TRACON& Tower with Radar,9,36,37,15,97,0,2,32,4,38,9,38,69,19,135,0,30,30,165
11/21/2015,CHA,TN,ASO,ES,Combined TRACON& Tower with Radar,10,21,18,7,56,0,0,11,0,11,10,21,29,7,67,0,0,0,67
11/22/2015,CHA,TN,ASO,ES,Combined TRACON& Tower with Radar,10,33,31,10,84,0,1,12,4,17,10,34,43,14,101,0,0,0,101
11/23/2015,CHA,TN,ASO,ES,Combined TRACON& Tower with Radar,8,45,42,36,131,0,0,24,2,26,8,45,66,38,157,8,4,12,169
11/24/2015,CHA,TN,ASO,ES,Combined TRACON& Tower with Radar,19,46,50,9,124,0,0,11,3,14,19,46,61,12,138,0,0,0,138
11/25/2015,CHA,TN,ASO,ES,Combined TRACON& Tower with Radar,14,45,33,6,98,0,1,16,0,17,14,46,49,6,115,10,0,10,125
11/26/2015,CHA,TN,ASO,ES,Combined TRACON& Tower with Radar,6,22,7,0,35,0,1,15,0,16,6,23,22,0,51,10,0,10,61
11/27/2015,CHA,TN,ASO,ES,Combined TRACON& Tower with Radar,8,31,22,0,61,0,1,29,0,30,8,32,51,0,91,0,0,0,91
11/28/2015,CHA,TN,ASO,ES,Combined TRACON& Tower with Radar,16,40,16,0,72,0,0,14,0,14,16,40,30,0,86,0,0,0,86
11/29/2015,CHA,TN,ASO,ES,Combined TRACON& Tower with Radar,13,36,63,0,112,0,0,0,0,0,13,36,63,0,112,0,0,0,112
11/30/2015,CHA,TN,ASO,ES,Combined TRACON& Tower with Radar,18,33,26,2,79,0,0,0,0,0,18,33,26,2,79,0,0,0,79
12/01/2015,CHA,TN,ASO,ES,Combined TRACON& Tower with Radar,8,41,40,0,89,0,0,0,0,0,8,41,40,0,89,0,0,0,89
12/02/2015,CHA,TN,ASO,ES,Combined TRACON& Tower with Radar,10,50,62,8,130,0,0,12,0,12,10,50,74,8,142,0,12,12,154
12/03/2015,CHA,TN,ASO,ES,Combined TRACON& Tower with Radar,10,43,67,26,146,0,1,24,3,28,10,44,91,29,174,0,0,0,174
12/04/2015,CHA,TN,ASO,ES,Combined TRACON& Tower with Radar,11,48,40,62,161,0,0,35,2,37,11,48,75,64,198,0,40,40,238
12/05/2015,CHA,TN,ASO,ES,Combined TRACON& Tower with Radar,7,22,34,17,80,0,0,22,4,26,7,22,56,21,106,54,54,108,214
12/06/2015,CHA,TN,ASO,ES,Combined TRACON& Tower with Radar,6,44,28,6,84,0,2,18,0,20,6,46,46,6,104,0,0,0,104
12/07/2015,CHA,TN,ASO,ES,Combined TRACON& Tower with Radar,10,44,39,32,125,0,0,7,0,7,10,44,46,32,132,0,0,0,132
12/08/2015,CHA,TN,ASO,ES,Combined TRACON& Tower with Radar,7,45,77,38,167,0,0,27,2,29,7,45,104,40,196,6,0,6,202
12/09/2015,CHA,TN,ASO,ES,Combined TRACON& Tower with Radar,10,49,73,20,152,0,0,12,0,12,10,49,85,20,164,0,0,0,164
12/10/2015,CHA,TN,ASO,ES,Combined TRACON& Tower with Radar,14,51,83,38,186,0,1,11,1,13,14,52,94,39,199,0,15,15,214
12/11/2015,CHA,TN,ASO,ES,Combined TRACON& Tower with Radar,11,49,56,16,132,0,0,9,1,10,11,49,65,17,142,2,0,2,144
12/12/2015,CHA,TN,ASO,ES,Combined TRACON& Tower with Radar,17,23,31,4,75,0,0,12,1,13,17,23,43,5,88,4,6,10,98
12/13/2015,CHA,TN,ASO,ES,Combined TRACON& Tower with Radar,7,37,31,8,83,0,0,11,1,12,7,37,42,9,95,12,0,12,107
12/14/2015,CHA,TN,ASO,ES,Combined TRACON& Tower with Radar,8,44,47,19,118,0,0,2,0,2,8,44,49,19,120,0,8,8,128
12/15/2015,CHA,TN,ASO,ES,Combined TRACON& Tower with Radar,11,41,74,14,140,0,0,42,6,48,11,41,116,20,188,20,0,20,208
12/16/2015,CHA,TN,ASO,ES,Combined TRACON& Tower with Radar,8,51,57,17,133,0,0,16,0,16,8,51,73,17,149,6,0,6,155
12/17/2015,CHA,TN,ASO,ES,Combined TRACON& Tower with Radar,12,41,72,2,127,0,0,5,0,5,12,41,77,2,132,0,0,0,132
12/18/2015,CHA,TN,ASO,ES,Combined TRACON& Tower with Radar,10,51,51,8,120,0,2,13,6,21,10,53,64,14,141,20,0,20,161
12/19/2015,CHA,TN,ASO,ES,Combined TRACON& Tower with Radar,6,36,37,12,91,0,2,37,0,39,6,38,74,12,130,10,0,10,140
12/20/2015,CHA,TN,ASO,ES,Combined TRACON& Tower with Radar,6,34,23,5,68,0,0,33,0,33,6,34,56,5,101,10,0,10,111
12/21/2015,CHA,TN,ASO,ES,Combined TRACON& Tower with Radar,6,39,35,34,114,0,0,1,0,1,6,39,36,34,115,0,0,0,115
12/22/2015,CHA,TN,ASO,ES,Combined TRACON& Tower with Radar,7,44,36,9,96,0,0,0,0,0,7,44,36,9,96,0,0,0,96
12/23/2015,CHA,TN,ASO,ES,Combined TRACON& Tower with Radar,11,38,13,0,62,0,0,0,0,0,11,38,13,0,62,0,0,0,62
12/24/2015,CHA,TN,ASO,ES,Combined TRACON& Tower with Radar,16,32,16,0,64,0,1,1,0,2,16,33,17,0,66,6,0,6,72
12/25/2015,CHA,TN,ASO,ES,Combined TRACON& Tower with Radar,6,20,5,0,31,0,0,0,0,0,6,20,5,0,31,0,0,0,31
12/26/2015,CHA,TN,ASO,ES,Combined TRACON& Tower with Radar,6,26,19,0,51,0,1,7,0,8,6,27,26,0,59,8,0,8,67
12/27/2015,CHA,TN,ASO,ES,Combined TRACON& Tower with Radar,6,39,18,0,63,0,0,1,0,1,6,39,19,0,64,8,0,8,72
12/28/2015,CHA,TN,ASO,ES,Combined TRACON& Tower with Radar,8,38,10,0,56,0,0,0,0,0,8,38,10,0,56,0,0,0,56
12/29/2015,CHA,TN,ASO,ES,Combined TRACON& Tower with Radar,6,43,40,0,89,0,0,16,0,16,6,43,56,0,105,10,0,10,115
12/30/2015,CHA,TN,ASO,ES,Combined TRACON& Tower with Radar,7,33,27,0,67,0,0,0,0,0,7,33,27,0,67,0,0,0,67
12/31/2015,CHA,TN,ASO,ES,Combined TRACON& Tower with Radar,7,33,34,4,78,0,0,17,0,17,7,33,51,4,95,10,0,10,105
01/01/2016,CHA,TN,ASO,ES,Combined TRACON& Tower with Radar,8,33,24,0,65,0,1,9,0,10,8,34,33,0,75,0,0,0,75
01/02/2016,CHA,TN,ASO,ES,Combined TRACON& Tower with Radar,5,35,38,0,78,0,0,46,0,46,5,35,84,0,124,10,0,10,134
01/03/2016,CHA,TN,ASO,ES,Combined TRACON& Tower with Radar,8,36,34,0,78,0,1,23,0,24,8,37,57,0,102,0,0,0,102
01/04/2016,CHA,TN,ASO,ES,Combined TRACON& Tower with Radar,6,40,42,3,91,0,0,27,0,27,6,40,69,3,118,0,0,0,118
01/05/2016,CHA,TN,ASO,ES,Combined TRACON& Tower with Radar,12,39,52,7,110,0,0,33,4,37,12,39,85,11,147,8,0,8,155
01/06/2016,CHA,TN,ASO,ES,Combined TRACON& Tower with Radar,9,44,43,42,138,0,3,42,5,50,9,47,85,47,188,24,0,24,212
01/07/2016,CHA,TN,ASO,ES,Combined TRACON& Tower with Radar,9,46,41,40,136,0,0,12,4,16,9,46,53,44,152,0,0,0,152
01/08/2016,CHA,TN,ASO,ES,Combined TRACON& Tower with Radar,7,45,20,39,111,0,0,0,0,0,7,45,20,39,111,0,0,0,111
01/09/2016,CHA,TN,ASO,ES,Combined TRACON& Tower with Radar,10,24,22,4,60,0,0,2,0,2,10,24,24,4,62,10,0,10,72
01/10/2016,CHA,TN,ASO,ES,Combined TRACON& Tower with Radar,9,33,16,0,58,0,0,0,0,0,9,33,16,0,58,0,0,0,58
01/11/2016,CHA,TN,ASO,ES,Combined TRACON& Tower with Radar,9,40,41,3,93,0,0,29,1,30,9,40,70,4,123,0,0,0,123
01/12/2016,CHA,TN,ASO,ES,Combined TRACON& Tower with Radar,6,45,52,33,136,0,0,20,4,24,6,45,72,37,160,0,0,0,160
01/13/2016,CHA,TN,ASO,ES,Combined TRACON& Tower with Radar,6,53,41,17,117,0,1,43,5,49,6,54,84,22,166,8,0,8,174
01/14/2016,CHA,TN,ASO,ES,Combined TRACON& Tower with Radar,10,44,69,18,141,0,1,30,8,39,10,45,99,26,180,8,12,20,200
01/15/2016,CHA,TN,ASO,ES,Combined TRACON& Tower with Radar,14,53,51,2,120,0,0,0,0,0,14,53,51,2,120,0,0,0,120
01/16/2016,CHA,TN,ASO,ES,Combined TRACON& Tower with Radar,6,27,22,0,55,0,0,19,0,19,6,27,41,0,74,30,0,30,104
01/17/2016,CHA,TN,ASO,ES,Combined TRACON& Tower with Radar,5,30,24,0,59,0,0,13,0,13,5,30,37,0,72,12,0,12,84
01/18/2016,CHA,TN,ASO,ES,Combined TRACON& Tower with Radar,9,43,33,0,85,0,0,13,0,13,9,43,46,0,98,22,0,22,120
01/19/2016,CHA,TN,ASO,ES,Combined TRACON& Tower with Radar,5,49,57,16,127,0,0,19,2,21,5,49,76,18,148,20,0,20,168
01/20/2016,CHA,TN,ASO,ES,Combined TRACON& Tower with Radar,5,46,15,0,66,0,0,0,0,0,5,46,15,0,66,0,0,0,66
01/21/2016,CHA,TN,ASO,ES,Combined TRACON& Tower with Radar,9,41,37,0,87,0,0,0,0,0,9,41,37,0,87,0,0,0,87
01/22/2016,CHA,TN,ASO,ES,Combined TRACON& Tower with Radar,6,29,22,0,57,0,0,0,0,0,6,29,22,0,57,0,0,0,57
01/23/2016,CHA,TN,ASO,ES,Combined TRACON& Tower with Radar,10,22,7,0,39,0,0,0,0,0,10,22,7,0,39,0,0,0,39
01/24/2016,CHA,TN,ASO,ES,Combined TRACON& Tower with Radar,6,33,31,0,70,0,0,27,0,27,6,33,58,0,97,14,0,14,111
01/25/2016,CHA,TN,ASO,ES,Combined TRACON& Tower with Radar,10,43,42,13,108,0,0,19,4,23,10,43,61,17,131,10,0,10,141
01/26/2016,CHA,TN,ASO,ES,Combined TRACON& Tower with Radar,7,53,41,8,109,0,0,4,0,4,7,53,45,8,113,0,0,0,113
01/27/2016,CHA,TN,ASO,ES,Combined TRACON& Tower with Radar,6,48,54,16,124,0,1,13,0,14,6,49,67,16,138,4,0,4,142
01/28/2016,CHA,TN,ASO,ES,Combined TRACON& Tower with Radar,12,49,73,31,165,0,0,21,2,23,12,49,94,33,188,26,10,36,224
01/29/2016,CHA,TN,ASO,ES,Combined TRACON& Tower with Radar,10,50,49,19,128,0,0,42,7,49,10,50,91,26,177,12,0,12,189
01/30/2016,CHA,TN,ASO,ES,Combined TRACON& Tower with Radar,5,25,34,1,65,0,1,44,0,45,5,26,78,1,110,78,0,78,188
01/31/2016,CHA,TN,ASO,ES,Combined TRACON& Tower with Radar,5,37,33,13,88,0,0,23,0,23,5,37,56,13,111,0,0,0,111
02/01/2016,CHA,TN,ASO,ES,Combined TRACON& Tower with Radar,8,43,69,8,128,0,0,7,2,9,8,43,76,10,137,0,0,0,137
02/02/2016,CHA,TN,ASO,ES,Combined TRACON& Tower with Radar,8,40,35,0,83,0,0,2,0,2,8,40,37,0,85,0,0,0,85
02/03/2016,CHA,TN,ASO,ES,Combined TRACON& Tower with Radar,6,41,37,42,126,0,0,11,2,13,6,41,48,44,139,6,0,6,145
02/04/2016,CHA,TN,ASO,ES,Combined TRACON& Tower with Radar,11,49,73,26,159,0,0,44,0,44,11,49,117,26,203,8,4,12,215
02/05/2016,CHA,TN,ASO,ES,Combined TRACON& Tower with Radar,11,44,43,16,114,0,0,35,2,37,11,44,78,18,151,26,0,26,177
02/06/2016,CHA,TN,ASO,ES,Combined TRACON& Tower with Radar,7,27,37,9,80,0,0,43,1,44,7,27,80,10,124,42,20,62,186
02/07/2016,CHA,TN,ASO,ES,Combined TRACON& Tower with Radar,8,31,34,4,77,0,3,31,0,34,8,34,65,4,111,46,0,46,157
02/08/2016,CHA,TN,ASO,ES,Combined TRACON& Tower with Radar,7,50,33,5,95,0,0,7,0,7,7,50,40,5,102,0,8,8,110
02/09/2016,CHA,TN,ASO,ES,Combined TRACON& Tower with Radar,8,47,43,0,98,0,0,0,0,0,8,47,43,0,98,0,0,0,98
02/10/2016,CHA,TN,ASO,ES,Combined TRACON& Tower with Radar,6,45,41,12,104,0,0,17,1,18,6,45,58,13,122,8,0,8,130
02/11/2016,CHA,TN,ASO,ES,Combined TRACON& Tower with Radar,10,46,74,25,155,0,1,45,1,47,10,47,119,26,202,2,12,14,216
02/12/2016,CHA,TN,ASO,ES,Combined TRACON& Tower with Radar,12,37,65,0,114,0,0,43,0,43,12,37,108,0,157,56,0,56,213
02/13/2016,CHA,TN,ASO,ES,Combined TRACON& Tower with Radar,6,31,27,2,66,0,0,30,0,30,6,31,57,2,96,20,0,20,116
02/14/2016,CHA,TN,ASO,ES,Combined TRACON& Tower with Radar,7,36,27,0,70,0,0,8,0,8,7,36,35,0,78,8,0,8,86
02/15/2016,CHA,TN,ASO,ES,Combined TRACON& Tower with Radar,11,39,18,0,68,0,0,0,0,0,11,39,18,0,68,0,0,0,68
02/16/2016,CHA,TN,ASO,ES,Combined TRACON& Tower with Radar,7,39,50,9,105,0,0,6,0,6,7,39,56,9,111,0,0,0,111
02/17/2016,CHA,TN,ASO,ES,Combined TRACON& Tower with Radar,9,38,37,14,98,0,2,8,0,10,9,40,45,14,108,0,0,0,108
02/18/2016,CHA,TN,ASO,ES,Combined TRACON& Tower with Radar,15,37,56,13,121,0,0,41,3,44,15,37,97,16,165,16,10,26,191
02/19/2016,CHA,TN,ASO,ES,Combined TRACON& Tower with Radar,12,42,39,21,114,0,0,36,2,38,12,42,75,23,152,8,4,12,164
02/20/2016,CHA,TN,ASO,ES,Combined TRACON& Tower with Radar,6,24,54,14,98,0,0,3,0,3,6,24,57,14,101,36,0,36,137
02/21/2016,CHA,TN,ASO,ES,Combined TRACON& Tower with Radar,8,39,32,0,79,0,0,1,0,1,8,39,33,0,80,0,0,0,80
02/22/2016,CHA,TN,ASO,ES,Combined TRACON& Tower with Radar,11,44,44,12,111,0,0,9,0,9,11,44,53,12,120,0,0,0,120
02/23/2016,CHA,TN,ASO,ES,Combined TRACON& Tower with Radar,13,44,57,8,122,0,1,0,0,1,13,45,57,8,123,0,0,0,123
02/24/2016,CHA,TN,ASO,ES,Combined TRACON& Tower with Radar,9,35,43,0,87,0,0,0,0,0,9,35,43,0,87,0,0,0,87
02/25/2016,CHA,TN,ASO,ES,Combined TRACON& Tower with Radar,12,45,69,4,130,0,2,16,0,18,12,47,85,4,148,40,0,40,188
02/26/2016,CHA,TN,ASO,ES,Combined TRACON& Tower with Radar,13,41,58,8,120,0,0,48,1,49,13,41,106,9,169,20,0,20,189
02/27/2016,CHA,TN,ASO,ES,Combined TRACON& Tower with Radar,6,18,32,0,56,0,2,52,0,54,6,20,84,0,110,58,0,58,168
02/28/2016,CHA,TN,ASO,ES,Combined TRACON& Tower with Radar,6,34,27,0,67,0,0,48,0,48,6,34,75,0,115,0,0,0,115
02/29/2016,CHA,TN,ASO,ES,Combined TRACON& Tower with Radar,10,41,54,8,113,0,0,34,2,36,10,41,88,10,149,0,0,0,149
03/01/2016,CHA,TN,ASO,ES,Combined TRACON& Tower with Radar,10,40,49,13,112,0,0,8,0,8,10,40,57,13,120,0,0,0,120
03/02/2016,CHA,TN,ASO,ES,Combined TRACON& Tower with Radar,8,47,47,19,121,0,1,22,5,28,8,48,69,24,149,0,6,6,155
03/03/2016,CHA,TN,ASO,ES,Combined TRACON& Tower with Radar,7,42,59,0,108,0,0,6,0,6,7,42,65,0,114,0,0,0,114
03/04/2016,CHA,TN,ASO,ES,Combined TRACON& Tower with Radar,6,58,62,29,155,0,0,26,1,27,6,58,88,30,182,0,0,0,182
03/05/2016,CHA,TN,ASO,ES,Combined TRACON& Tower with Radar,4,21,23,10,58,0,0,35,1,36,4,21,58,11,94,12,0,12,106
03/06/2016,CHA,TN,ASO,ES,Combined TRACON& Tower with Radar,6,39,43,14,102,0,1,48,4,53,6,40,91,18,155,20,0,20,175
03/07/2016,CHA,TN,ASO,ES,Combined TRACON& Tower with Radar,10,46,46,28,130,0,0,34,2,36,10,46,80,30,166,80,0,80,246
03/08/2016,CHA,TN,ASO,ES,Combined TRACON& Tower with Radar,10,51,68,37,166,0,0,38,0,38,10,51,106,37,204,22,14,36,240
03/09/2016,CHA,TN,ASO,ES,Combined TRACON& Tower with Radar,9,45,42,59,155,0,0,22,4,26,9,45,64,63,181,35,24,59,240
03/10/2016,CHA,TN,ASO,ES,Combined TRACON& Tower with Radar,11,44,52,0,107,0,1,9,0,10,11,45,61,0,117,6,0,6,123
03/11/2016,CHA,TN,ASO,ES,Combined TRACON& Tower with Radar,9,50,47,15,121,0,1,11,1,13,9,51,58,16,134,0,0,0,134
03/12/2016,CHA,TN,ASO,ES,Combined TRACON& Tower with Radar,4,25,21,0,50,0,0,11,0,11,4,25,32,0,61,45,0,45,106
03/13/2016,CHA,TN,ASO,ES,Combined TRACON& Tower with Radar,7,37,40,0,84,0,0,6,0,6,7,37,46,0,90,0,0,0,90
03/14/2016,CHA,TN,ASO,ES,Combined TRACON& Tower with Radar,11,37,25,9,82,0,0,2,0,2,11,37,27,9,84,0,2,2,86
03/15/2016,CHA,TN,ASO,ES,Combined TRACON& Tower with Radar,10,42,64,30,146,0,1,23,4,28,10,43,87,34,174,22,6,28,202
03/16/2016,CHA,TN,ASO,ES,Combined TRACON& Tower with Radar,10,46,48,15,119,0,0,38,1,39,10,46,86,16,158,24,0,24,182
03/17/2016,CHA,TN,ASO,ES,Combined TRACON& Tower with Radar,12,43,59,25,139,0,0,28,5,33,12,43,87,30,172,0,0,0,172
03/18/2016,CHA,TN,ASO,ES,Combined TRACON& Tower with Radar,12,45,43,46,146,0,2,46,4,52,12,47,89,50,198,0,10,10,208
03/19/2016,CHA,TN,ASO,ES,Combined TRACON& Tower with Radar,4,26,31,4,65,0,2,3,1,6,4,28,34,5,71,0,0,0,71
03/20/2016,CHA,TN,ASO,ES,Combined TRACON& Tower with Radar,6,41,40,3,90,0,1,8,8,17,6,42,48,11,107,0,0,0,107
03/21/2016,CHA,TN,ASO,ES,Combined TRACON& Tower with Radar,10,43,41,7,101,0,1,31,2,34,10,44,72,9,135,17,10,27,162
03/22/2016,CHA,TN,ASO,ES,Combined TRACON& Tower with Radar,11,42,51,22,126,0,2,39,4,45,11,44,90,26,171,30,0,30,201
03/23/2016,CHA,TN,ASO,ES,Combined TRACON& Tower with Radar,11,48,51,29,139,0,2,24,4,30,11,50,75,33,169,0,0,0,169
03/24/2016,CHA,TN,ASO,ES,Combined TRACON& Tower with Radar,24,46,51,0,121,0,0,7,0,7,24,46,58,0,128,0,0,0,128
03/25/2016,CHA,TN,ASO,ES,Combined TRACON& Tower with Radar,10,47,61,21,139,0,0,33,0,33,10,47,94,21,172,50,0,50,222
03/26/2016,CHA,TN,ASO,ES,Combined TRACON& Tower with Radar,3,26,44,2,75,0,0,44,0,44,3,26,88,2,119,0,0,0,119
03/27/2016,CHA,TN,ASO,ES,Combined TRACON& Tower with Radar,6,37,22,2,67,0,0,5,0,5,6,37,27,2,72,5,0,5,77
03/28/2016,CHA,TN,ASO,ES,Combined TRACON& Tower with Radar,10,45,57,21,133,0,3,21,0,24,10,48,78,21,157,8,16,24,181
03/29/2016,CHA,TN,ASO,ES,Combined TRACON& Tower with Radar,11,40,61,28,140,0,1,54,0,55,11,41,115,28,195,18,0,18,213
03/30/2016,CHA,TN,ASO,ES,Combined TRACON& Tower with Radar,8,42,56,54,160,0,3,29,3,35,8,45,85,57,195,12,0,12,207
03/31/2016,CHA,TN,ASO,ES,Combined TRACON& Tower with Radar,11,44,61,0,116,0,0,2,0,2,11,44,63,0,118,0,0,0,118
04/01/2016,CHA,TN,ASO,ES,Combined TRACON& Tower with Radar,9,49,48,28,134,0,1,19,2,22,9,50,67,30,156,12,6,18,174
04/02/2016,CHA,TN,ASO,ES,Combined TRACON& Tower with Radar,5,29,32,37,103,0,1,22,9,32,5,30,54,46,135,6,6,12,147
04/03/2016,CHA,TN,ASO,ES,Combined TRACON& Tower with Radar,6,39,62,1,108,0,1,48,4,53,6,40,110,5,161,8,0,8,169
04/04/2016,CHA,TN,ASO,ES,Combined TRACON& Tower with Radar,11,52,49,32,144,0,2,33,6,41,11,54,82,38,185,8,0,8,193
04/05/2016,CHA,TN,ASO,ES,Combined TRACON& Tower with Radar,10,46,26,7,89,0,3,28,6,37,10,49,54,13,126,8,0,8,134
04/06/2016,CHA,TN,ASO,ES,Combined TRACON& Tower with Radar,10,49,34,2,95,0,1,19,2,22,10,50,53,4,117,0,0,0,117
04/07/2016,CHA,TN,ASO,ES,Combined TRACON& Tower with Radar,13,40,45,20,118,0,0,11,0,11,13,40,56,20,129,0,0,0,129
04/08/2016,CHA,TN,ASO,ES,Combined TRACON& Tower with Radar,10,45,41,4,100,0,2,23,7,32,10,47,64,11,132,0,0,0,132
04/09/2016,CHA,TN,ASO,ES,Combined TRACON& Tower with Radar,6,21,39,0,66,0,1,20,2,23,6,22,59,2,89,20,0,20,109
04/10/2016,CHA,TN,ASO,ES,Combined TRACON& Tower with Radar,9,35,53,13,110,0,0,22,0,22,9,35,75,13,132,14,0,14,146
04/11/2016,CHA,TN,ASO,ES,Combined TRACON& Tower with Radar,14,45,50,4,113,0,0,12,0,12,14,45,62,4,125,0,0,0,125
04/12/2016,CHA,TN,ASO,ES,Combined TRACON& Tower with Radar,12,49,69,28,158,0,0,18,2,20,12,49,87,30,178,14,12,26,204
04/13/2016,CHA,TN,ASO,ES,Combined TRACON& Tower with Radar,10,49,85,60,204,0,2,40,3,45,10,51,125,63,249,0,60,60,309
04/14/2016,CHA,TN,ASO,ES,Combined TRACON& Tower with Radar,14,44,82,9,149,0,1,31,0,32,14,45,113,9,181,12,0,12,193
04/15/2016,CHA,TN,ASO,ES,Combined TRACON& Tower with Radar,10,43,80,81,214,0,1,41,10,52,10,44,121,91,266,0,0,0,266
04/16/2016,CHA,TN,ASO,ES,Combined TRACON& Tower with Radar,7,25,69,4,105,0,2,65,1,68,7,27,134,5,173,0,0,0,173
04/17/2016,CHA,TN,ASO,ES,Combined TRACON& Tower with Radar,10,42,53,22,127,0,1,47,10,58,10,43,100,32,185,32,0,32,217
04/18/2016,CHA,TN,ASO,ES,Combined TRACON& Tower with Radar,12,47,69,16,144,0,6,40,31,77,12,53,109,47,221,22,16,38,259
04/19/2016,CHA,TN,ASO,ES,Combined TRACON& Tower with Radar,11,42,68,27,148,0,2,44,5,51,11,44,112,32,199,12,2,14,213
04/20/2016,CHA,TN,ASO,ES,Combined TRACON& Tower with Radar,10,45,62,43,160,0,0,43,7,50,10,45,105,50,210,10,16,26,236
04/21/2016,CHA,TN,ASO,ES,Combined TRACON& Tower with Radar,13,48,71,9,141,0,1,19,6,26,13,49,90,15,167,30,0,30,197
04/22/2016,CHA,TN,ASO,ES,Combined TRACON& Tower with Radar,11,40,35,36,122,0,0,9,2,11,11,40,44,38,133,38,0,38,171
04/23/2016,CHA,TN,ASO,ES,Combined TRACON& Tower with Radar,6,21,30,1,58,0,3,33,5,41,6,24,63,6,99,12,0,12,111
04/24/2016,CHA,TN,ASO,ES,Combined TRACON& Tower with Radar,10,35,41,9,95,0,4,27,3,34,10,39,68,12,129,14,4,18,147
04/25/2016,CHA,TN,ASO,ES,Combined TRACON& Tower with Radar,12,42,57,13,124,0,1,31,9,41,12,43,88,22,165,26,0,26,191
04/26/2016,CHA,TN,ASO,ES,Combined TRACON& Tower with Radar,11,41,53,19,124,0,0,30,1,31,11,41,83,20,155,32,12,44,199
04/27/2016,CHA,TN,ASO,ES,Combined TRACON& Tower with Radar,11,44,58,17,130,0,0,20,5,25,11,44,78,22,155,64,14,78,233
04/28/2016,CHA,TN,ASO,ES,Combined TRACON& Tower with Radar,12,44,72,22,150,0,0,25,9,34,12,44,97,31,184,90,0,90,274
04/29/2016,CHA,TN,ASO,ES,Combined TRACON& Tower with Radar,12,49,54,44,159,0,0,41,12,53,12,49,95,56,212,0,0,0,212
04/30/2016,CHA,TN,ASO,ES,Combined TRACON& Tower with Radar,7,34,18,0,59,0,0,7,4,11,7,34,25,4,70,0,0,0,70
05/01/2016,CHA,TN,ASO,ES,Combined TRACON& Tower with Radar,7,42,46,14,109,0,0,10,4,14,7,42,56,18,123,12,0,12,135
05/02/2016,CHA,TN,ASO,ES,Combined TRACON& Tower with Radar,7,42,42,16,107,0,0,5,0,5,7,42,47,16,112,12,0,12,124
05/03/2016,CHA,TN,ASO,ES,Combined TRACON& Tower with Radar,8,47,72,15,142,0,1,12,1,14,8,48,84,16,156,22,14,36,192
05/04/2016,CHA,TN,ASO,ES,Combined TRACON& Tower with Radar,9,43,58,19,129,0,1,12,1,14,9,44,70,20,143,200,16,216,359
05/05/2016,CHA,TN,ASO,ES,Combined TRACON& Tower with Radar,14,47,57,8,126,0,0,17,2,19,14,47,74,10,145,42,0,42,187
05/06/2016,CHA,TN,ASO,ES,Combined TRACON& Tower with Radar,11,42,71,36,160,0,2,37,12,51,11,44,108,48,211,0,0,0,211
05/07/2016,CHA,TN,ASO,ES,Combined TRACON& Tower with Radar,8,21,53,16,98,0,1,34,5,40,8,22,87,21,138,0,18,18,156
05/08/2016,CHA,TN,ASO,ES,Combined TRACON& Tower with Radar,12,28,38,20,98,0,0,25,5,30,12,28,63,25,128,0,0,0,128
05/09/2016,CHA,TN,ASO,ES,Combined TRACON& Tower with Radar,14,47,49,32,142,0,1,18,2,21,14,48,67,34,163,10,7,17,180
05/10/2016,CHA,TN,ASO,ES,Combined TRACON& Tower with Radar,11,42,40,16,109,0,6,23,2,31,11,48,63,18,140,12,0,12,152
05/11/2016,CHA,TN,ASO,ES,Combined TRACON& Tower with Radar,11,49,55,22,137,0,2,22,4,28,11,51,77,26,165,16,4,20,185
05/12/2016,CHA,TN,ASO,ES,Combined TRACON& Tower with Radar,14,39,47,2,102,0,1,18,2,21,14,40,65,4,123,36,0,36,159
05/13/2016,CHA,TN,ASO,ES,Combined TRACON& Tower with Radar,12,51,72,23,158,0,2,44,7,53,12,53,116,30,211,16,0,16,227
05/14/2016,CHA,TN,ASO,ES,Combined TRACON& Tower with Radar,8,24,49,0,81,0,1,43,6,50,8,25,92,6,131,42,0,42,173
05/15/2016,CHA,TN,ASO,ES,Combined TRACON& Tower with Radar,12,41,35,21,109,0,3,28,6,37,12,44,63,27,146,12,10,22,168
05/16/2016,CHA,TN,ASO,ES,Combined TRACON& Tower with Radar,14,39,62,20,135,0,1,37,6,44,14,40,99,26,179,6,16,22,201
05/17/2016,CHA,TN,ASO,ES,Combined TRACON& Tower with Radar,16,40,69,25,150,0,2,34,1,37,16,42,103,26,187,26,3,29,216
05/18/2016,CHA,TN,ASO,ES,Combined TRACON& Tower with Radar,12,47,75,31,165,0,0,18,2,20,12,47,93,33,185,88,24,112,297
05/19/2016,CHA,TN,ASO,ES,Combined TRACON& Tower with Radar,11,46,68,15,140,0,0,33,4,37,11,46,101,19,177,30,0,30,207
05/20/2016,CHA,TN,ASO,ES,Combined TRACON& Tower with Radar,13,42,49,7,111,0,0,0,1,1,13,42,49,8,112,0,0,0,112
05/21/2016,CHA,TN,ASO,ES,Combined TRACON& Tower with Radar,9,31,55,1,96,0,5,9,1,15,9,36,64,2,111,24,0,24,135
05/22/2016,CHA,TN,ASO,ES,Combined TRACON& Tower with Radar,12,36,38,0,86,0,0,32,3,35,12,36,70,3,121,0,0,0,121
05/23/2016,CHA,TN,ASO,ES,Combined TRACON& Tower with Radar,12,45,39,26,122,0,0,30,2,32,12,45,69,28,154,14,0,14,168
05/24/2016,CHA,TN,ASO,ES,Combined TRACON& Tower with Radar,11,40,57,11,119,0,1,53,7,61,11,41,110,18,180,36,0,36,216
05/25/2016,CHA,TN,ASO,ES,Combined TRACON& Tower with Radar,13,48,49,21,131,0,2,41,5,48,13,50,90,26,179,34,0,34,213
05/26/2016,CHA,TN,ASO,ES,Combined TRACON& Tower with Radar,18,50,71,41,180,0,2,52,3,57,18,52,123,44,237,20,0,20,257
05/27/2016,CHA,TN,ASO,ES,Combined TRACON& Tower with Radar,13,44,57,0,114,0,1,33,5,39,13,45,90,5,153,8,0,8,161
05/28/2016,CHA,TN,ASO,ES,Combined TRACON& Tower with Radar,9,21,20,0,50,0,0,27,3,30,9,21,47,3,80,0,0,0,80
05/29/2016,CHA,TN,ASO,ES,Combined TRACON& Tower with Radar,10,21,26,0,57,0,2,26,0,28,10,23,52,0,85,0,0,0,85
05/30/2016,CHA,TN,ASO,ES,Combined TRACON& Tower with Radar,11,36,42,0,89,0,1,33,0,34,11,37,75,0,123,12,0,12,135
05/31/2016,CHA,TN,ASO,ES,Combined TRACON& Tower with Radar,11,37,41,23,112,0,1,36,1,38,11,38,77,24,150,0,0,0,150
06/01/2016,CHA,TN,ASO,ES,Combined TRACON& Tower with Radar,11,47,47,23,128,0,1,22,0,23,11,48,69,23,151,0,2,2,153
06/02/2016,CHA,TN,ASO,ES,Combined TRACON& Tower with Radar,12,52,29,17,110,0,0,16,0,16,12,52,45,17,126,0,0,0,126
06/03/2016,CHA,TN,ASO,ES,Combined TRACON& Tower with Radar,13,50,40,13,116,0,0,14,6,20,13,50,54,19,136,14,0,14,150
06/04/2016,CHA,TN,ASO,ES,Combined TRACON& Tower with Radar,5,25,32,11,73,0,0,17,0,17,5,25,49,11,90,0,0,0,90
06/05/2016,CHA,TN,ASO,ES,Combined TRACON& Tower with Radar,10,48,24,7,89,0,0,1,0,1,10,48,25,7,90,0,0,0,90
06/06/2016,CHA,TN,ASO,ES,Combined TRACON& Tower with Radar,14,45,39,17,115,0,2,23,0,25,14,47,62,17,140,24,14,38,178
06/07/2016,CHA,TN,ASO,ES,Combined TRACON& Tower with Radar,11,44,47,24,126,0,0,30,7,37,11,44,77,31,163,18,4,22,185
06/08/2016,CHA,TN,ASO,ES,Combined TRACON& Tower with Radar,11,44,63,20,138,0,1,44,0,45,11,45,107,20,183,0,0,0,183
06/09/2016,CHA,TN,ASO,ES,Combined TRACON& Tower with Radar,16,48,60,27,151,0,0,42,0,42,16,48,102,27,193,6,0,6,199
06/10/2016,CHA,TN,ASO,ES,Combined TRACON& Tower with Radar,16,43,48,38,145,0,1,50,17,68,16,44,98,55,213,0,0,0,213
06/11/2016,CHA,TN,ASO,ES,Combined TRACON& Tower with Radar,9,25,18,13,65,0,0,51,0,51,9,25,69,13,116,56,0,56,172
06/12/2016,CHA,TN,ASO,ES,Combined TRACON& Tower with Radar,10,40,39,5,94,0,1,23,9,33,10,41,62,14,127,0,0,0,127
06/13/2016,CHA,TN,ASO,ES,Combined TRACON& Tower with Radar,14,38,46,45,143,0,0,19,7,26,14,38,65,52,169,0,10,10,179
06/14/2016,CHA,TN,ASO,ES,Combined TRACON& Tower with Radar,23,34,46,24,127,0,0,20,0,20,23,34,66,24,147,24,0,24,171
06/15/2016,CHA,TN,ASO,ES,Combined TRACON& Tower with Radar,13,42,55,5,115,0,0,11,0,11,13,42,66,5,126,0,0,0,126
06/16/2016,CHA,TN,ASO,ES,Combined TRACON& Tower with Radar,15,41,64,8,128,0,0,35,0,35,15,41,99,8,163,55,8,63,226
06/17/2016,CHA,TN,ASO,ES,Combined TRACON& Tower with Radar,26,43,57,31,157,0,1,36,1,38,26,44,93,32,195,14,0,14,209
06/18/2016,CHA,TN,ASO,ES,Combined TRACON& Tower with Radar,9,27,27,8,71,0,0,32,0,32,9,27,59,8,103,6,0,6,109
06/19/2016,CHA,TN,ASO,ES,Combined TRACON& Tower with Radar,9,39,29,2,79,0,0,32,3,35,9,39,61,5,114,10,6,16,130
06/20/2016,CHA,TN,ASO,ES,Combined TRACON& Tower with Radar,15,45,37,62,159,0,0,43,1,44,15,45,80,63,203,60,8,68,271
06/21/2016,CHA,TN,ASO,ES,Combined TRACON& Tower with Radar,15,38,58,33,144,0,0,30,1,31,15,38,88,34,175,0,10,10,185
06/22/2016,CHA,TN,ASO,ES,Combined TRACON& Tower with Radar,15,40,50,6,111,0,1,33,0,34,15,41,83,6,145,54,18,72,217
06/23/2016,CHA,TN,ASO,ES,Combined TRACON& Tower with Radar,20,43,39,6,108,0,2,16,4,22,20,45,55,10,130,0,0,0,130
06/24/2016,CHA,TN,ASO,ES,Combined TRACON& Tower with Radar,14,44,28,22,108,0,0,20,10,30,14,44,48,32,138,0,0,0,138
06/25/2016,CHA,TN,ASO,ES,Combined TRACON& Tower with Radar,10,20,15,2,47,0,2,27,1,30,10,22,42,3,77,0,0,0,77
06/26/2016,CHA,TN,ASO,ES,Combined TRACON& Tower with Radar,13,41,23,11,88,0,0,27,6,33,13,41,50,17,121,0,0,0,121
06/27/2016,CHA,TN,ASO,ES,Combined TRACON& Tower with Radar,16,34,32,0,82,0,1,22,0,23,16,35,54,0,105,12,0,12,117
06/28/2016,CHA,TN,ASO,ES,Combined TRACON& Tower with Radar,14,31,66,33,144,0,1,35,0,36,14,32,101,33,180,26,0,26,206
06/29/2016,CHA,TN,ASO,ES,Combined TRACON& Tower with Radar,16,42,58,10,126,0,4,50,4,58,16,46,108,14,184,6,0,6,190
06/30/2016,CHA,TN,ASO,ES,Combined TRACON& Tower with Radar,17,44,66,29,156,0,2,64,3,69,17,46,130,32,225,22,34,56,281
07/01/2016,CHA,TN,ASO,ES,Combined TRACON& Tower with Radar,16,36,43,15,110,0,2,29,1,32,16,38,72,16,142,20,2,22,164
07/02/2016,CHA,TN,ASO,ES,Combined TRACON& Tower with Radar,7,20,32,4,63,0,0,19,0,19,7,20,51,4,82,0,0,0,82
07/03/2016,CHA,TN,ASO,ES,Combined TRACON& Tower with Radar,10,22,11,2,45,0,2,9,0,11,10,24,20,2,56,0,0,0,56
07/04/2016,CHA,TN,ASO,ES,Combined TRACON& Tower with Radar,16,25,13,0,54,0,3,5,0,8,16,28,18,0,62,18,0,18,80
07/05/2016,CHA,TN,ASO,ES,Combined TRACON& Tower with Radar,12,29,46,0,87,0,1,7,2,10,12,30,53,2,97,0,0,0,97
07/06/2016,CHA,TN,ASO,ES,Combined TRACON& Tower with Radar,16,30,34,8,88,0,0,11,1,12,16,30,45,9,100,8,0,8,108
07/07/2016,CHA,TN,ASO,ES,Combined TRACON& Tower with Radar,19,44,41,0,104,0,1,9,2,12,19,45,50,2,116,4,0,4,120
07/08/2016,CHA,TN,ASO,ES,Combined TRACON& Tower with Radar,17,36,44,15,112,0,0,27,6,33,17,36,71,21,145,30,0,30,175
07/09/2016,CHA,TN,ASO,ES,Combined TRACON& Tower with Radar,12,17,26,0,55,0,3,6,1,10,12,20,32,1,65,0,0,0,65
07/10/2016,CHA,TN,ASO,ES,Combined TRACON& Tower with Radar,14,36,45,32,127,0,1,35,4,40,14,37,80,36,167,16,0,16,183
07/11/2016,CHA,TN,ASO,ES,Combined TRACON& Tower with Radar,18,39,54,12,123,0,0,8,2,10,18,39,62,14,133,10,8,18,151
07/12/2016,CHA,TN,ASO,ES,Combined TRACON& Tower with Radar,16,43,51,2,112,0,0,32,5,37,16,43,83,7,149,36,0,36,185
07/13/2016,CHA,TN,ASO,ES,Combined TRACON& Tower with Radar,15,44,67,22,148,0,5,34,8,47,15,49,101,30,195,22,0,22,217
07/14/2016,CHA,TN,ASO,ES,Combined TRACON& Tower with Radar,17,42,61,1,121,0,0,23,3,26,17,42,84,4,147,9,0,9,156
07/15/2016,CHA,TN,ASO,ES,Combined TRACON& Tower with Radar,15,34,49,34,132,0,0,24,0,24,15,34,73,34,156,0,0,0,156
07/16/2016,CHA,TN,ASO,ES,Combined TRACON& Tower with Radar,11,22,18,3,54,0,0,16,0,16,11,22,34,3,70,0,4,4,74
07/17/2016,CHA,TN,ASO,ES,Combined TRACON& Tower with Radar,12,41,30,14,97,0,0,22,1,23,12,41,52,15,120,0,0,0,120
07/18/2016,CHA,TN,ASO,ES,Combined TRACON& Tower with Radar,19,32,43,3,97,0,1,26,0,27,19,33,69,3,124,0,0,0,124
07/19/2016,CHA,TN,ASO,ES,Combined TRACON& Tower with Radar,16,34,35,0,85,0,0,20,2,22,16,34,55,2,107,0,0,0,107
07/20/2016,CHA,TN,ASO,ES,Combined TRACON& Tower with Radar,14,31,59,17,121,0,0,30,5,35,14,31,89,22,156,14,0,14,170
07/21/2016,CHA,TN,ASO,ES,Combined TRACON& Tower with Radar,20,34,59,31,144,0,0,44,3,47,20,34,103,34,191,32,0,32,223
07/22/2016,CHA,TN,ASO,ES,Combined TRACON& Tower with Radar,17,38,53,57,165,0,0,29,9,38,17,38,82,66,203,8,8,16,219
07/23/2016,CHA,TN,ASO,ES,Combined TRACON& Tower with Radar,12,16,23,1,52,0,0,20,6,26,12,16,43,7,78,0,0,0,78
07/24/2016,CHA,TN,ASO,ES,Combined TRACON& Tower with Radar,13,37,34,37,121,0,1,32,4,37,13,38,66,41,158,0,0,0,158
07/25/2016,CHA,TN,ASO,ES,Combined TRACON& Tower with Radar,20,40,40,33,133,0,0,28,4,32,20,40,68,37,165,6,8,14,179
07/26/2016,CHA,TN,ASO,ES,Combined TRACON& Tower with Radar,15,44,66,21,146,0,1,35,5,41,15,45,101,26,187,14,0,14,201
07/27/2016,CHA,TN,ASO,ES,Combined TRACON& Tower with Radar,16,34,44,30,124,0,3,9,1,13,16,37,53,31,137,18,0,18,155
07/28/2016,CHA,TN,ASO,ES,Combined TRACON& Tower with Radar,17,41,78,9,145,0,1,2,0,3,17,42,80,9,148,26,0,26,174
07/29/2016,CHA,TN,ASO,ES,Combined TRACON& Tower with Radar,20,38,37,24,119,0,2,15,8,25,20,40,52,32,144,36,0,36,180
07/30/2016,CHA,TN,ASO,ES,Combined TRACON& Tower with Radar,17,15,38,8,78,0,0,13,0,13,17,15,51,8,91,0,0,0,91
07/31/2016,CHA,TN,ASO,ES,Combined TRACON& Tower with Radar,20,37,36,8,101,0,1,14,14,29,20,38,50,22,130,4,0,4,134
08/01/2016,CHA,TN,ASO,ES,Combined TRACON& Tower with Radar,16,41,50,4,111,0,1,35,5,41,16,42,85,9,152,30,36,66,218
08/02/2016,CHA,TN,ASO,ES,Combined TRACON& Tower with Radar,15,31,36,0,82,0,0,13,0,13,15,31,49,0,95,6,0,6,101
08/03/2016,CHA,TN,ASO,ES,Combined TRACON& Tower with Radar,14,36,41,35,126,0,1,32,4,37,14,37,73,39,163,16,0,16,179
08/04/2016,CHA,TN,ASO,ES,Combined TRACON& Tower with Radar,19,39,56,1,115,0,1,26,2,29,19,40,82,3,144,18,0,18,162
08/05/2016,CHA,TN,ASO,ES,Combined TRACON& Tower with Radar,22,42,75,61,200,0,1,23,4,28,22,43,98,65,228,56,36,92,320
08/06/2016,CHA,TN,ASO,ES,Combined TRACON& Tower with Radar,16,19,23,0,58,0,0,24,0,24,16,19,47,0,82,45,0,45,127
08/07/2016,CHA,TN,ASO,ES,Combined TRACON& Tower with Radar,15,34,28,12,89,0,0,14,0,14,15,34,42,12,103,10,0,10,113
08/08/2016,CHA,TN,ASO,ES,Combined TRACON& Tower with Radar,18,29,49,24,120,0,0,8,0,8,18,29,57,24,128,14,6,20,148
08/09/2016,CHA,TN,ASO,ES,Combined TRACON& Tower with Radar,14,38,52,25,129,0,1,20,1,22,14,39,72,26,151,26,10,36,187
08/10/2016,CHA,TN,ASO,ES,Combined TRACON& Tower with Radar,18,30,50,36,134,0,1,25,3,29,18,31,75,39,163,4,32,36,199
08/11/2016,CHA,TN,ASO,ES,Combined TRACON& Tower with Radar,17,46,68,25,156,0,1,27,0,28,17,47,95,25,184,72,0,72,256
08/12/2016,CHA,TN,ASO,ES,Combined TRACON& Tower with Radar,18,36,49,37,140,0,4,29,11,44,18,40,78,48,184,20,10,30,214
08/13/2016,CHA,TN,ASO,ES,Combined TRACON& Tower with Radar,17,14,49,6,86,0,0,20,0,20,17,14,69,6,106,16,0,16,122
08/14/2016,CHA,TN,ASO,ES,Combined TRACON& Tower with Radar,10,39,28,4,81,0,0,18,0,18,10,39,46,4,99,30,0,30,129
08/15/2016,CHA,TN,ASO,ES,Combined TRACON& Tower with Radar,16,42,45,53,156,0,5,37,9,51,16,47,82,62,207,30,20,50,257
08/16/2016,CHA,TN,ASO,ES,Combined TRACON& Tower with Radar,19,29,67,42,157,0,3,30,3,36,19,32,97,45,193,30,0,30,223
08/17/2016,CHA,TN,ASO,ES,Combined TRACON& Tower with Radar,17,34,48,15,114,0,0,37,3,40,17,34,85,18,154,0,2,2,156
08/18/2016,CHA,TN,ASO,ES,Combined TRACON& Tower with Radar,21,39,41,0,101,0,0,5,1,6,21,39,46,1,107,0,0,0,107
08/19/2016,CHA,TN,ASO,ES,Combined TRACON& Tower with Radar,20,35,46,24,125,0,0,4,6,10,20,35,50,30,135,0,0,0,135
08/20/2016,CHA,TN,ASO,ES,Combined TRACON& Tower with Radar,12,11,33,0,56,0,0,14,0,14,12,11,47,0,70,0,0,0,70
08/21/2016,CHA,TN,ASO,ES,Combined TRACON& Tower with Radar,17,30,27,0,74,1,0,7,0,8,18,30,34,0,82,10,0,10,92
08/22/2016,CHA,TN,ASO,ES,Combined TRACON& Tower with Radar,18,35,42,16,111,0,0,38,1,39,18,35,80,17,150,22,6,28,178
08/23/2016,CHA,TN,ASO,ES,Combined TRACON& Tower with Radar,17,32,44,19,112,0,0,26,11,37,17,32,70,30,149,0,6,6,155
08/24/2016,CHA,TN,ASO,ES,Combined TRACON& Tower with Radar,19,37,47,27,130,0,0,27,17,44,19,37,74,44,174,18,16,34,208
08/25/2016,CHA,TN,ASO,ES,Combined TRACON& Tower with Radar,20,39,80,21,160,1,3,40,1,45,21,42,120,22,205,24,0,24,229
08/26/2016,CHA,TN,ASO,ES,Combined TRACON& Tower with Radar,17,38,40,22,117,0,1,33,10,44,17,39,73,32,161,0,0,0,161
08/27/2016,CHA,TN,ASO,ES,Combined TRACON& Tower with Radar,10,17,23,9,59,0,1,28,0,29,10,18,51,9,88,6,0,6,94
08/28/2016,CHA,TN,ASO,ES,Combined TRACON& Tower with Radar,16,25,41,8,90,0,0,28,11,39,16,25,69,19,129,18,0,18,147
08/29/2016,CHA,TN,ASO,ES,Combined TRACON& Tower with Radar,21,32,55,19,127,0,4,17,6,27,21,36,72,25,154,4,4,8,162
08/30/2016,CHA,TN,ASO,ES,Combined TRACON& Tower with Radar,23,32,46,86,187,0,0,26,7,33,23,32,72,93,220,0,11,11,231
08/31/2016,CHA,TN,ASO,ES,Combined TRACON& Tower with Radar,19,31,44,52,146,0,1,42,4,47,19,32,86,56,193,20,16,36,229
09/01/2016,CHA,TN,ASO,ES,Combined TRACON& Tower with Radar,25,39,53,32,149,0,1,29,13,43,25,40,82,45,192,45,0,45,237
09/02/2016,CHA,TN,ASO,ES,Combined TRACON& Tower with Radar,19,33,31,0,83,1,0,25,3,29,20,33,56,3,112,12,0,12,124
09/03/2016,CHA,TN,ASO,ES,Combined TRACON& Tower with Radar,11,13,26,0,50,0,0,27,0,27,11,13,53,0,77,26,0,26,103
09/04/2016,CHA,TN,ASO,ES,Combined TRACON& Tower with Radar,18,14,19,0,51,0,1,29,1,31,18,15,48,1,82,0,0,0,82
09/05/2016,CHA,TN,ASO,ES,Combined TRACON& Tower with Radar,16,23,31,2,72,0,0,28,0,28,16,23,59,2,100,26,0,26,126
09/06/2016,CHA,TN,ASO,ES,Combined TRACON& Tower with Radar,17,26,48,41,132,0,0,33,13,46,17,26,81,54,178,0,0,0,178
09/07/2016,CHA,TN,ASO,ES,Combined TRACON& Tower with Radar,19,41,61,4,125,0,1,37,0,38,19,42,98,4,163,0,0,0,163
09/08/2016,CHA,TN,ASO,ES,Combined TRACON& Tower with Radar,21,49,56,15,141,0,2,27,1,30,21,51,83,16,171,12,0,12,183
09/09/2016,CHA,TN,ASO,ES,Combined TRACON& Tower with Radar,22,43,49,20,134,0,5,37,6,48,22,48,86,26,182,10,0,10,192
09/10/2016,CHA,TN,ASO,ES,Combined TRACON& Tower with Radar,12,20,34,7,73,0,1,22,5,28,12,21,56,12,101,6,6,12,113
09/11/2016,CHA,TN,ASO,ES,Combined TRACON& Tower with Radar,18,46,44,1,109,0,1,30,4,35,18,47,74,5,144,0,0,0,144
09/12/2016,CHA,TN,ASO,ES,Combined TRACON& Tower with Radar,22,45,50,46,163,0,0,41,4,45,22,45,91,50,208,10,12,22,230
09/13/2016,CHA,TN,ASO,ES,Combined TRACON& Tower with Radar,18,39,40,25,122,0,2,30,4,36,18,41,70,29,158,28,0,28,186
09/14/2016,CHA,TN,ASO,ES,Combined TRACON& Tower with Radar,19,58,56,43,176,0,0,37,4,41,19,58,93,47,217,58,22,80,297
09/15/2016,CHA,TN,ASO,ES,Combined TRACON& Tower with Radar,20,46,61,27,154,0,1,40,13,54,20,47,101,40,208,30,2,32,240
09/16/2016,CHA,TN,ASO,ES,Combined TRACON& Tower with Radar,19,47,61,60,187,0,1,29,6,36,19,48,90,66,223,0,8,8,231
09/17/2016,CHA,TN,ASO,ES,Combined TRACON& Tower with Radar,15,24,29,0,68,0,3,22,1,26,15,27,51,1,94,0,0,0,94
09/18/2016,CHA,TN,ASO,ES,Combined TRACON& Tower with Radar,27,38,40,0,105,0,0,5,5,10,27,38,45,5,115,16,0,16,131
09/19/2016,CHA,TN,ASO,ES,Combined TRACON& Tower with Radar,20,43,39,50,152,0,1,40,2,43,20,44,79,52,195,22,12,34,229
09/20/2016,CHA,TN,ASO,ES,Combined TRACON& Tower with Radar,20,43,45,30,138,0,0,57,1,58,20,43,102,31,196,0,0,0,196
09/21/2016,CHA,TN,ASO,ES,Combined TRACON& Tower with Radar,20,46,59,24,149,0,0,46,19,65,20,46,105,43,214,82,30,112,326
09/22/2016,CHA,TN,ASO,ES,Combined TRACON& Tower with Radar,20,46,63,26,155,0,0,43,4,47,20,46,106,30,202,15,0,15,217
09/23/2016,CHA,TN,ASO,ES,Combined TRACON& Tower with Radar,23,49,67,4,143,0,5,64,2,71,23,54,131,6,214,16,51,67,281
09/24/2016,CHA,TN,ASO,ES,Combined TRACON& Tower with Radar,15,22,34,13,84,0,2,48,2,52,15,24,82,15,136,5,0,5,141
09/25/2016,CHA,TN,ASO,ES,Combined TRACON& Tower with Radar,16,38,49,0,103,0,1,43,2,46,16,39,92,2,149,0,0,0,149
09/26/2016,CHA,TN,ASO,ES,Combined TRACON& Tower with Radar,19,46,39,0,104,0,1,12,0,13,19,47,51,0,117,0,0,0,117
09/27/2016,CHA,TN,ASO,ES,Combined TRACON& Tower with Radar,21,44,66,16,147,0,1,9,2,12,21,45,75,18,159,12,0,12,171
09/28/2016,CHA,TN,ASO,ES,Combined TRACON& Tower with Radar,19,38,56,19,132,0,0,50,1,51,19,38,106,20,183,11,8,19,202
09/29/2016,CHA,TN,ASO,ES,Combined TRACON& Tower with Radar,20,38,52,12,122,0,3,42,2,47,20,41,94,14,169,38,6,44,213
09/30/2016,CHA,TN,ASO,ES,Combined TRACON& Tower with Radar,21,42,52,4,119,0,1,35,0,36,21,43,87,4,155,0,10,10,165
10/01/2016,CHA,TN,ASO,ES,Combined TRACON& Tower with Radar,16,20,36,0,72,0,1,28,2,31,16,21,64,2,103,0,0,0,103
10/02/2016,CHA,TN,ASO,ES,Combined TRACON& Tower with Radar,21,40,42,0,103,0,0,21,0,21,21,40,63,0,124,0,0,0,124
10/03/2016,CHA,TN,ASO,ES,Combined TRACON& Tower with Radar,22,36,48,38,144,0,0,38,9,47,22,36,86,47,191,14,8,22,213
10/04/2016,CHA,TN,ASO,ES,Combined TRACON& Tower with Radar,20,37,46,22,125,0,0,41,6,47,20,37,87,28,172,4,0,4,176
10/05/2016,CHA,TN,ASO,ES,Combined TRACON& Tower with Radar,20,41,64,17,142,0,1,43,2,46,20,42,107,19,188,0,10,10,198
10/06/2016,CHA,TN,ASO,ES,Combined TRACON& Tower with Radar,21,46,71,6,144,0,0,50,1,51,21,46,121,7,195,0,0,0,195
10/07/2016,CHA,TN,ASO,ES,Combined TRACON& Tower with Radar,21,43,51,8,123,0,1,34,7,42,21,44,85,15,165,0,0,0,165
10/08/2016,CHA,TN,ASO,ES,Combined TRACON& Tower with Radar,14,23,34,31,102,0,1,18,9,28,14,24,52,40,130,0,0,0,130
10/09/2016,CHA,TN,ASO,ES,Combined TRACON& Tower with Radar,23,30,49,19,121,0,1,18,8,27,23,31,67,27,148,0,0,0,148
10/10/2016,CHA,TN,ASO,ES,Combined TRACON& Tower with Radar,21,36,64,3,124,0,1,56,6,63,21,37,120,9,187,19,0,19,206
10/11/2016,CHA,TN,ASO,ES,Combined TRACON& Tower with Radar,24,35,53,20,132,0,1,52,28,81,24,36,105,48,213,18,0,18,231
10/12/2016,CHA,TN,ASO,ES,Combined TRACON& Tower with Radar,20,45,40,3,108,0,0,46,14,60,20,45,86,17,168,18,12,30,198
10/13/2016,CHA,TN,ASO,ES,Combined TRACON& Tower with Radar,23,41,60,27,151,0,2,35,15,52,23,43,95,42,203,0,0,0,203
10/14/2016,CHA,TN,ASO,ES,Combined TRACON& Tower with Radar,24,41,49,51,165,0,0,49,11,60,24,41,98,62,225,6,0,6,231
10/15/2016,CHA,TN,ASO,ES,Combined TRACON& Tower with Radar,14,25,30,0,69,0,2,15,5,22,14,27,45,5,91,30,0,30,121
10/16/2016,CHA,TN,ASO,ES,Combined TRACON& Tower with Radar,21,36,39,0,96,0,0,25,2,27,21,36,64,2,123,0,0,0,123
10/17/2016,CHA,TN,ASO,ES,Combined TRACON& Tower with Radar,20,32,43,37,132,0,0,28,0,28,20,32,71,37,160,20,5,25,185
10/18/2016,CHA,TN,ASO,ES,Combined TRACON& Tower with Radar,22,36,51,51,160,0,1,35,0,36,22,37,86,51,196,16,32,48,244
10/19/2016,CHA,TN,ASO,ES,Combined TRACON& Tower with Radar,22,40,66,27,155,0,4,22,1,27,22,44,88,28,182,16,20,36,218
10/20/2016,CHA,TN,ASO,ES,Combined TRACON& Tower with Radar,22,36,84,3,145,0,0,23,3,26,22,36,107,6,171,0,2,2,173
10/21/2016,CHA,TN,ASO,ES,Combined TRACON& Tower with Radar,23,39,69,26,157,0,0,18,1,19,23,39,87,27,176,0,0,0,176
10/22/2016,CHA,TN,ASO,ES,Combined TRACON& Tower with Radar,13,27,30,7,77,1,1,25,11,38,14,28,55,18,115,10,0,10,125
10/23/2016,CHA,TN,ASO,ES,Combined TRACON& Tower with Radar,22,33,46,11,112,0,0,49,1,50,22,33,95,12,162,10,10,20,182
10/24/2016,CHA,TN,ASO,ES,Combined TRACON& Tower with Radar,23,38,39,23,123,0,2,38,3,43,23,40,77,26,166,4,22,26,192
10/25/2016,CHA,TN,ASO,ES,Combined TRACON& Tower with Radar,20,40,59,35,154,1,4,42,1,48,21,44,101,36,202,0,0,0,202
10/26/2016,CHA,TN,ASO,ES,Combined TRACON& Tower with Radar,21,39,69,24,153,0,1,32,8,41,21,40,101,32,194,8,4,12,206
10/27/2016,CHA,TN,ASO,ES,Combined TRACON& Tower with Radar,22,48,59,13,142,0,1,26,0,27,22,49,85,13,169,0,0,0,169
10/28/2016,CHA,TN,ASO,ES,Combined TRACON& Tower with Radar,21,46,55,15,137,0,2,30,3,35,21,48,85,18,172,0,20,20,192
10/29/2016,CHA,TN,ASO,ES,Combined TRACON& Tower with Radar,15,23,32,31,101,1,0,48,6,55,16,23,80,37,156,24,0,24,180
10/30/2016,CHA,TN,ASO,ES,Combined TRACON& Tower with Radar,19,41,40,5,105,0,2,34,1,37,19,43,74,6,142,0,0,0,142
10/31/2016,CHA,TN,ASO,ES,Combined TRACON& Tower with Radar,22,38,35,45,140,0,0,33,1,34,22,38,68,46,174,0,18,18,192
11/01/2016,CHA,TN,ASO,ES,Combined TRACON& Tower with Radar,22,39,49,26,136,0,1,30,28,59,22,40,79,54,195,4,0,4,199
11/02/2016,CHA,TN,ASO,ES,Combined TRACON& Tower with Radar,18,36,68,28,150,0,3,29,7,39,18,39,97,35,189,0,0,0,189
11/03/2016,CHA,TN,ASO,ES,Combined TRACON& Tower with Radar,18,53,75,11,157,0,1,26,3,30,18,54,101,14,187,6,6,12,199
11/04/2016,CHA,TN,ASO,ES,Combined TRACON& Tower with Radar,21,37,61,52,171,0,1,29,18,48,21,38,90,70,219,12,10,22,241
11/05/2016,CHA,TN,ASO,ES,Combined TRACON& Tower with Radar,15,22,26,15,78,0,0,56,18,74,15,22,82,33,152,10,0,10,162
11/06/2016,CHA,TN,ASO,ES,Combined TRACON& Tower with Radar,17,37,38,10,102,0,0,15,19,34,17,37,53,29,136,0,0,0,136
11/07/2016,CHA,TN,ASO,ES,Combined TRACON& Tower with Radar,22,33,40,34,129,1,0,23,21,45,23,33,63,55,174,0,0,0,174
11/08/2016,CHA,TN,ASO,ES,Combined TRACON& Tower with Radar,22,33,39,26,120,0,1,28,46,75,22,34,67,72,195,0,0,0,195
11/09/2016,CHA,TN,ASO,ES,Combined TRACON& Tower with Radar,18,41,43,0,102,0,1,37,52,90,18,42,80,52,192,0,0,0,192
11/10/2016,CHA,TN,ASO,ES,Combined TRACON& Tower with Radar,19,42,50,8,119,0,1,30,35,66,19,43,80,43,185,0,0,0,185
11/11/2016,CHA,TN,ASO,ES,Combined TRACON& Tower with Radar,19,48,51,1,119,0,0,44,29,73,19,48,95,30,192,2,0,2,194
11/12/2016,CHA,TN,ASO,ES,Combined TRACON& Tower with Radar,15,28,34,9,86,0,1,16,18,35,15,29,50,27,121,6,0,6,127
11/13/2016,CHA,TN,ASO,ES,Combined TRACON& Tower with Radar,16,50,40,0,106,0,0,5,2,7,16,50,45,2,113,0,0,0,113
11/14/2016,CHA,TN,ASO,ES,Combined TRACON& Tower with Radar,21,42,62,2,127,0,0,0,0,0,21,42,62,2,127,12,0,12,139
11/15/2016,CHA,TN,ASO,ES,Combined TRACON& Tower with Radar,17,40,47,3,107,0,0,24,9,33,17,40,71,12,140,0,0,0,140
11/16/2016,CHA,TN,ASO,ES,Combined TRACON& Tower with Radar,17,41,49,5,112,0,0,28,5,33,17,41,77,10,145,0,0,0,145
11/17/2016,CHA,TN,ASO,ES,Combined TRACON& Tower with Radar,18,43,47,22,130,1,0,50,18,69,19,43,97,40,199,4,10,14,213
11/18/2016,CHA,TN,ASO,ES,Combined TRACON& Tower with Radar,20,42,47,8,117,0,2,32,14,48,20,44,79,22,165,24,0,24,189
11/19/2016,CHA,TN,ASO,ES,Combined TRACON& Tower with Radar,16,24,27,1,68,2,3,14,19,38,18,27,41,20,106,0,0,0,106
11/20/2016,CHA,TN,ASO,ES,Combined TRACON& Tower with Radar,15,35,30,2,82,0,3,18,23,44,15,38,48,25,126,0,0,0,126
11/21/2016,CHA,TN,ASO,ES,Combined TRACON& Tower with Radar,23,29,31,7,90,0,1,25,0,26,23,30,56,7,116,36,0,36,152
11/22/2016,CHA,TN,ASO,ES,Combined TRACON& Tower with Radar,21,46,66,13,146,0,0,52,2,54,21,46,118,15,200,38,8,46,246
11/23/2016,CHA,TN,ASO,ES,Combined TRACON& Tower with Radar,19,44,46,16,125,0,2,22,8,32,19,46,68,24,157,20,6,26,183
11/24/2016,CHA,TN,ASO,ES,Combined TRACON& Tower with Radar,10,26,7,1,44,0,4,8,4,16,10,30,15,5,60,0,0,0,60
11/25/2016,CHA,TN,ASO,ES,Combined TRACON& Tower with Radar,22,24,33,0,79,0,0,24,0,24,22,24,57,0,103,26,0,26,129
11/26/2016,CHA,TN,ASO,ES,Combined TRACON& Tower with Radar,20,36,40,0,96,0,0,21,0,21,20,36,61,0,117,8,0,8,125
11/27/2016,CHA,TN,ASO,ES,Combined TRACON& Tower with Radar,21,43,56,0,120,0,0,28,1,29,21,43,84,1,149,32,0,32,181
11/28/2016,CHA,TN,ASO,ES,Combined TRACON& Tower with Radar,23,41,49,2,115,0,0,6,2,8,23,41,55,4,123,0,0,0,123
11/29/2016,CHA,TN,ASO,ES,Combined TRACON& Tower with Radar,18,42,49,42,151,0,0,5,6,11,18,42,54,48,162,12,0,12,174
11/30/2016,CHA,TN,ASO,ES,Combined TRACON& Tower with Radar,23,37,43,1,104,0,1,2,0,3,23,38,45,1,107,0,0,0,107
12/01/2016,CHA,TN,ASO,ES,Combined TRACON& Tower with Radar,19,37,62,17,135,0,0,38,6,44,19,37,100,23,179,28,16,44,223
12/02/2016,CHA,TN,ASO,ES,Combined TRACON& Tower with Radar,22,43,47,24,136,0,1,19,3,23,22,44,66,27,159,11,6,17,176
12/03/2016,CHA,TN,ASO,ES,Combined TRACON& Tower with Radar,13,17,26,0,56,0,0,24,2,26,13,17,50,2,82,0,0,0,82
12/04/2016,CHA,TN,ASO,ES,Combined TRACON& Tower with Radar,19,28,26,0,73,0,0,0,0,0,19,28,26,0,73,0,0,0,73
12/05/2016,CHA,TN,ASO,ES,Combined TRACON& Tower with Radar,20,39,30,20,109,0,0,0,0,0,20,39,30,20,109,0,0,0,109
12/06/2016,CHA,TN,ASO,ES,Combined TRACON& Tower with Radar,20,45,67,33,165,0,0,0,0,0,20,45,67,33,165,0,0,0,165
12/07/2016,CHA,TN,ASO,ES,Combined TRACON& Tower with Radar,17,40,75,69,201,1,0,21,11,33,18,40,96,80,234,32,12,44,278
12/08/2016,CHA,TN,ASO,ES,Combined TRACON& Tower with Radar,21,40,54,48,163,0,0,12,4,16,21,40,66,52,179,4,12,16,195
12/09/2016,CHA,TN,ASO,ES,Combined TRACON& Tower with Radar,19,41,51,12,123,0,1,21,4,26,19,42,72,16,149,44,0,44,193
12/10/2016,CHA,TN,ASO,ES,Combined TRACON& Tower with Radar,13,17,21,10,61,0,2,38,0,40,13,19,59,10,101,8,0,8,109
12/11/2016,CHA,TN,ASO,ES,Combined TRACON& Tower with Radar,18,26,35,0,79,0,4,18,0,22,18,30,53,0,101,64,0,64,165
12/12/2016,CHA,TN,ASO,ES,Combined TRACON& Tower with Radar,19,39,41,25,124,0,1,0,0,1,19,40,41,25,125,0,6,6,131
12/13/2016,CHA,TN,ASO,ES,Combined TRACON& Tower with Radar,18,33,58,36,145,0,0,2,0,2,18,33,60,36,147,0,122,122,269
12/14/2016,CHA,TN,ASO,ES,Combined TRACON& Tower with Radar,18,40,61,42,161,0,0,19,3,22,18,40,80,45,183,40,59,99,282
12/15/2016,CHA,TN,ASO,ES,Combined TRACON& Tower with Radar,19,42,70,17,148,0,0,18,3,21,19,42,88,20,169,14,12,26,195
12/16/2016,CHA,TN,ASO,ES,Combined TRACON& Tower with Radar,17,44,60,54,175,1,3,23,8,35,18,47,83,62,210,34,24,58,268
12/17/2016,CHA,TN,ASO,ES,Combined TRACON& Tower with Radar,14,18,20,0,52,0,0,0,0,0,14,18,20,0,52,0,0,0,52
12/18/2016,CHA,TN,ASO,ES,Combined TRACON& Tower with Radar,16,36,26,0,78,0,0,1,0,1,16,36,27,0,79,0,0,0,79
12/19/2016,CHA,TN,ASO,ES,Combined TRACON& Tower with Radar,20,36,44,6,106,0,0,2,7,9,20,36,46,13,115,28,16,44,159
12/20/2016,CHA,TN,ASO,ES,Combined TRACON& Tower with Radar,20,28,32,59,139,0,0,29,0,29,20,28,61,59,168,26,6,32,200
12/21/2016,CHA,TN,ASO,ES,Combined TRACON& Tower with Radar,18,36,36,27,117,0,0,33,6,39,18,36,69,33,156,10,0,10,166
12/22/2016,CHA,TN,ASO,ES,Combined TRACON& Tower with Radar,21,29,48,25,123,0,1,42,8,51,21,30,90,33,174,16,0,16,190
12/23/2016,CHA,TN,ASO,ES,Combined TRACON& Tower with Radar,20,26,29,0,75,0,0,23,0,23,20,26,52,0,98,0,0,0,98
12/24/2016,CHA,TN,ASO,ES,Combined TRACON& Tower with Radar,16,15,11,0,42,0,0,2,0,2,16,15,13,0,44,0,0,0,44
12/25/2016,CHA,TN,ASO,ES,Combined TRACON& Tower with Radar,11,24,9,0,44,0,1,4,0,5,11,25,13,0,49,0,0,0,49
12/26/2016,CHA,TN,ASO,ES,Combined TRACON& Tower with Radar,15,33,36,0,84,0,0,6,0,6,15,33,42,0,90,0,0,0,90
12/27/2016,CHA,TN,ASO,ES,Combined TRACON& Tower with Radar,19,34,31,0,84,0,0,5,0,5,19,34,36,0,89,0,0,0,89
12/28/2016,CHA,TN,ASO,ES,Combined TRACON& Tower with Radar,15,34,37,4,90,0,0,27,1,28,15,34,64,5,118,24,12,36,154
12/29/2016,CHA,TN,ASO,ES,Combined TRACON& Tower with Radar,18,39,16,9,82,0,0,8,1,9,18,39,24,10,91,6,12,18,109
12/30/2016,CHA,TN,ASO,ES,Combined TRACON& Tower with Radar,17,32,34,0,83,0,0,34,0,34,17,32,68,0,117,12,0,12,129
12/31/2016,CHA,TN,ASO,ES,Combined TRACON& Tower with Radar,12,19,19,0,50,0,0,4,0,4,12,19,23,0,54,4,0,4,58
01/01/2017,CHA,TN,ASO,ES,Combined TRACON& Tower with Radar,17,39,24,0,80,0,0,0,0,0,17,39,24,0,80,0,0,0,80
01/02/2017,CHA,TN,ASO,ES,Combined TRACON& Tower with Radar,15,26,24,0,65,0,0,0,0,0,15,26,24,0,65,0,0,0,65
01/03/2017,CHA,TN,ASO,ES,Combined TRACON& Tower with Radar,21,39,59,2,121,0,0,2,0,2,21,39,61,2,123,0,0,0,123
01/04/2017,CHA,TN,ASO,ES,Combined TRACON& Tower with Radar,17,31,44,9,101,0,0,18,1,19,17,31,62,10,120,34,0,34,154
01/05/2017,CHA,TN,ASO,ES,Combined TRACON& Tower with Radar,21,36,40,24,121,0,1,19,5,25,21,37,59,29,146,20,0,20,166
01/06/2017,CHA,TN,ASO,ES,Combined TRACON& Tower with Radar,17,31,40,0,88,0,0,3,0,3,17,31,43,0,91,22,0,22,113
01/07/2017,CHA,TN,ASO,ES,Combined TRACON& Tower with Radar,15,14,23,7,59,0,1,11,5,17,15,15,34,12,76,0,0,0,76
01/08/2017,CHA,TN,ASO,ES,Combined TRACON& Tower with Radar,14,31,23,0,68,0,2,16,0,18,14,33,39,0,86,0,0,0,86
01/09/2017,CHA,TN,ASO,ES,Combined TRACON& Tower with Radar,17,48,30,41,136,0,1,21,0,22,17,49,51,41,158,6,48,54,212
01/10/2017,CHA,TN,ASO,ES,Combined TRACON& Tower with Radar,16,42,36,3,97,0,0,9,1,10,16,42,45,4,107,10,0,10,117
01/11/2017,CHA,TN,ASO,ES,Combined TRACON& Tower with Radar,15,44,47,22,128,0,0,1,0,1,15,44,48,22,129,0,0,0,129
01/12/2017,CHA,TN,ASO,ES,Combined TRACON& Tower with Radar,19,41,57,34,151,0,0,8,4,12,19,41,65,38,163,0,0,0,163
01/13/2017,CHA,TN,ASO,ES,Combined TRACON& Tower with Radar,18,38,44,13,113,0,0,6,1,7,18,38,50,14,120,30,0,30,150
01/14/2017,CHA,TN,ASO,ES,Combined TRACON& Tower with Radar,13,25,21,0,59,0,0,5,0,5,13,25,26,0,64,42,0,42,106
01/15/2017,CHA,TN,ASO,ES,Combined TRACON& Tower with Radar,15,25,34,4,78,0,1,20,0,21,15,26,54,4,99,10,0,10,109
01/16/2017,CHA,TN,ASO,ES,Combined TRACON& Tower with Radar,17,40,44,0,101,0,0,28,0,28,17,40,72,0,129,56,0,56,185
01/17/2017,CHA,TN,ASO,ES,Combined TRACON& Tower with Radar,16,40,56,10,122,0,0,2,0,2,16,40,58,10,124,0,0,0,124
01/18/2017,CHA,TN,ASO,ES,Combined TRACON& Tower with Radar,16,44,49,57,166,0,1,25,8,34,16,45,74,65,200,56,103,159,359
01/19/2017,CHA,TN,ASO,ES,Combined TRACON& Tower with Radar,20,46,68,15,149,0,0,3,0,3,20,46,71,15,152,16,18,34,186
01/20/2017,CHA,TN,ASO,ES,Combined TRACON& Tower with Radar,19,41,60,37,157,0,0,22,5,27,19,41,82,42,184,14,38,52,236
01/21/2017,CHA,TN,ASO,ES,Combined TRACON& Tower with Radar,15,26,14,0,55,0,0,5,0,5,15,26,19,0,60,0,0,0,60
01/22/2017,CHA,TN,ASO,ES,Combined TRACON& Tower with Radar,22,30,33,0,85,0,0,0,0,0,22,30,33,0,85,0,0,0,85
01/23/2017,CHA,TN,ASO,ES,Combined TRACON& Tower with Radar,20,38,47,0,105,0,0,1,0,1,20,38,48,0,106,0,0,0,106
01/24/2017,CHA,TN,ASO,ES,Combined TRACON& Tower with Radar,19,39,57,27,142,0,0,26,3,29,19,39,83,30,171,24,0,24,195
01/25/2017,CHA,TN,ASO,ES,Combined TRACON& Tower with Radar,16,45,37,28,126,0,0,21,0,21,16,45,58,28,147,0,0,0,147
01/26/2017,CHA,TN,ASO,ES,Combined TRACON& Tower with Radar,20,39,61,11,131,0,0,14,2,16,20,39,75,13,147,32,0,32,179
01/27/2017,CHA,TN,ASO,ES,Combined TRACON& Tower with Radar,20,47,37,13,117,0,1,24,10,35,20,48,61,23,152,20,0,20,172
01/28/2017,CHA,TN,ASO,ES,Combined TRACON& Tower with Radar,13,19,29,8,69,0,0,42,0,42,13,19,71,8,111,10,0,10,121
01/29/2017,CHA,TN,ASO,ES,Combined TRACON& Tower with Radar,14,31,15,0,60,0,0,9,4,13,14,31,24,4,73,0,0,0,73
01/30/2017,CHA,TN,ASO,ES,Combined TRACON& Tower with Radar,18,41,42,19,120,0,0,14,2,16,18,41,56,21,136,8,0,8,144
01/31/2017,CHA,TN,ASO,ES,Combined TRACON& Tower with Radar,17,41,34,15,107,0,1,38,7,46,17,42,72,22,153,4,0,4,157
02/01/2017,CHA,TN,ASO,ES,Combined TRACON& Tower with Radar,15,47,68,6,136,0,0,19,11,30,15,47,87,17,166,24,22,46,212
02/02/2017,CHA,TN,ASO,ES,Combined TRACON& Tower with Radar,20,43,49,37,149,0,0,14,3,17,20,43,63,40,166,13,5,18,184
02/03/2017,CHA,TN,ASO,ES,Combined TRACON& Tower with Radar,19,48,52,20,139,0,0,15,1,16,19,48,67,21,155,20,0,20,175
02/04/2017,CHA,TN,ASO,ES,Combined TRACON& Tower with Radar,12,28,29,14,83,0,0,27,4,31,12,28,56,18,114,44,10,54,168
02/05/2017,CHA,TN,ASO,ES,Combined TRACON& Tower with Radar,15,25,20,0,60,0,1,7,0,8,15,26,27,0,68,10,0,10,78
02/06/2017,CHA,TN,ASO,ES,Combined TRACON& Tower with Radar,18,39,42,8,107,0,0,1,0,1,18,39,43,8,108,0,0,0,108
02/07/2017,CHA,TN,ASO,ES,Combined TRACON& Tower with Radar,18,49,35,0,102,0,0,3,0,3,18,49,38,0,105,0,0,0,105
02/08/2017,CHA,TN,ASO,ES,Combined TRACON& Tower with Radar,15,45,44,8,112,0,1,1,0,2,15,46,45,8,114,0,0,0,114
02/09/2017,CHA,TN,ASO,ES,Combined TRACON& Tower with Radar,18,45,46,46,155,0,2,26,1,29,18,47,72,47,184,10,48,58,242
02/10/2017,CHA,TN,ASO,ES,Combined TRACON& Tower with Radar,18,36,30,19,103,0,0,49,6,55,18,36,79,25,158,53,8,61,219
02/11/2017,CHA,TN,ASO,ES,Combined TRACON& Tower with Radar,14,19,42,5,80,0,2,10,0,12,14,21,52,5,92,0,0,0,92
02/12/2017,CHA,TN,ASO,ES,Combined TRACON& Tower with Radar,17,38,37,2,94,0,0,5,0,5,17,38,42,2,99,0,0,0,99
02/13/2017,CHA,TN,ASO,ES,Combined TRACON& Tower with Radar,18,43,43,48,152,0,0,26,1,27,18,43,69,49,179,0,0,0,179
02/14/2017,CHA,TN,ASO,ES,Combined TRACON& Tower with Radar,15,42,45,34,136,0,1,18,5,24,15,43,63,39,160,4,0,4,164
02/15/2017,CHA,TN,ASO,ES,Combined TRACON& Tower with Radar,16,41,55,0,112,0,0,17,0,17,16,41,72,0,129,0,0,0,129
02/16/2017,CHA,TN,ASO,ES,Combined TRACON& Tower with Radar,18,44,73,21,156,0,1,34,3,38,18,45,107,24,194,13,0,13,207
02/17/2017,CHA,TN,ASO,ES,Combined TRACON& Tower with Radar,19,41,43,8,111,0,0,33,2,35,19,41,76,10,146,66,0,66,212
02/18/2017,CHA,TN,ASO,ES,Combined TRACON& Tower with Radar,11,23,33,0,67,0,0,1,0,1,11,23,34,0,68,0,0,0,68
02/19/2017,CHA,TN,ASO,ES,Combined TRACON& Tower with Radar,12,33,61,4,110,0,1,23,1,25,12,34,84,5,135,12,0,12,147
02/20/2017,CHA,TN,ASO,ES,Combined TRACON& Tower with Radar,22,44,58,6,130,0,2,22,0,24,22,46,80,6,154,44,0,44,198
02/21/2017,CHA,TN,ASO,ES,Combined TRACON& Tower with Radar,18,38,46,32,134,0,0,7,1,8,18,38,53,33,142,0,0,0,142
02/22/2017,CHA,TN,ASO,ES,Combined TRACON& Tower with Radar,17,41,74,20,152,0,0,6,3,9,17,41,80,23,161,0,0,0,161
02/23/2017,CHA,TN,ASO,ES,Combined TRACON& Tower with Radar,20,41,71,8,140,0,1,26,0,27,20,42,97,8,167,12,0,12,179
02/24/2017,CHA,TN,ASO,ES,Combined TRACON& Tower with Radar,19,48,54,28,149,0,1,33,0,34,19,49,87,28,183,8,6,14,197
02/25/2017,CHA,TN,ASO,ES,Combined TRACON& Tower with Radar,10,19,15,0,44,0,4,19,0,23,10,23,34,0,67,0,0,0,67
02/26/2017,CHA,TN,ASO,ES,Combined TRACON& Tower with Radar,12,37,27,24,100,0,0,36,4,40,12,37,63,28,140,16,12,28,168
02/27/2017,CHA,TN,ASO,ES,Combined TRACON& Tower with Radar,19,47,38,14,118,1,2,4,0,7,20,49,42,14,125,0,8,8,133
02/28/2017,CHA,TN,ASO,ES,Combined TRACON& Tower with Radar,19,37,48,6,110,0,0,0,0,0,19,37,48,6,110,0,0,0,110
03/01/2017,CHA,TN,ASO,ES,Combined TRACON& Tower with Radar,14,34,37,8,93,0,0,2,0,2,14,34,39,8,95,0,0,0,95
03/02/2017,CHA,TN,ASO,ES,Combined TRACON& Tower with Radar,22,44,61,6,133,0,1,28,1,30,22,45,89,7,163,18,0,18,181
03/03/2017,CHA,TN,ASO,ES,Combined TRACON& Tower with Radar,21,40,50,30,141,0,0,33,5,38,21,40,83,35,179,21,0,21,200
03/04/2017,CHA,TN,ASO,ES,Combined TRACON& Tower with Radar,13,25,41,28,107,0,0,51,1,52,13,25,92,29,159,94,24,118,277
03/05/2017,CHA,TN,ASO,ES,Combined TRACON& Tower with Radar,15,39,35,6,95,0,1,24,0,25,15,40,59,6,120,31,0,31,151
03/06/2017,CHA,TN,ASO,ES,Combined TRACON& Tower with Radar,15,43,60,20,138,0,0,16,0,16,15,43,76,20,154,20,0,20,174
03/07/2017,CHA,TN,ASO,ES,Combined TRACON& Tower with Radar,12,45,23,4,84,0,0,0,0,0,12,45,23,4,84,8,0,8,92
03/08/2017,CHA,TN,ASO,ES,Combined TRACON& Tower with Radar,13,49,69,34,165,0,1,34,1,36,13,50,103,35,201,16,6,22,223
03/09/2017,CHA,TN,ASO,ES,Combined TRACON& Tower with Radar,16,53,71,36,176,0,1,41,4,46,16,54,112,40,222,9,0,9,231
03/10/2017,CHA,TN,ASO,ES,Combined TRACON& Tower with Radar,15,57,69,43,184,0,2,15,1,18,15,59,84,44,202,6,24,30,232
03/11/2017,CHA,TN,ASO,ES,Combined TRACON& Tower with Radar,9,24,23,4,60,0,0,16,3,19,9,24,39,7,79,54,16,70,149
03/12/2017,CHA,TN,ASO,ES,Combined TRACON& Tower with Radar,15,39,31,19,104,0,1,42,4,47,15,40,73,23,151,56,0,56,207
03/13/2017,CHA,TN,ASO,ES,Combined TRACON& Tower with Radar,14,50,53,14,131,0,0,5,1,6,14,50,58,15,137,0,6,6,143
03/14/2017,CHA,TN,ASO,ES,Combined TRACON& Tower with Radar,13,38,32,0,83,0,0,2,0,2,13,38,34,0,85,0,0,0,85
03/15/2017,CHA,TN,ASO,ES,Combined TRACON& Tower with Radar,14,40,53,16,123,0,0,23,7,30,14,40,76,23,153,0,14,14,167
03/16/2017,CHA,TN,ASO,ES,Combined TRACON& Tower with Radar,15,55,60,14,144,0,1,40,3,44,15,56,100,17,188,14,0,14,202
03/17/2017,CHA,TN,ASO,ES,Combined TRACON& Tower with Radar,15,48,60,12,135,0,0,15,2,17,15,48,75,14,152,20,20,40,192
03/18/2017,CHA,TN,ASO,ES,Combined TRACON& Tower with Radar,9,31,19,6,65,0,0,15,0,15,9,31,34,6,80,6,0,6,86
03/19/2017,CHA,TN,ASO,ES,Combined TRACON& Tower with Radar,14,31,42,0,87,0,0,35,0,35,14,31,77,0,122,26,0,26,148
03/20/2017,CHA,TN,ASO,ES,Combined TRACON& Tower with Radar,16,40,49,6,111,0,0,26,2,28,16,40,75,8,139,8,0,8,147
03/21/2017,CHA,TN,ASO,ES,Combined TRACON& Tower with Radar,16,39,37,4,96,0,0,18,2,20,16,39,55,6,116,0,6,6,122
03/22/2017,CHA,TN,ASO,ES,Combined TRACON& Tower with Radar,12,39,46,20,117,0,1,45,3,49,12,40,91,23,166,6,8,14,180
03/23/2017,CHA,TN,ASO,ES,Combined TRACON& Tower with Radar,14,45,59,9,127,0,0,26,3,29,14,45,85,12,156,0,0,0,156
03/24/2017,CHA,TN,ASO,ES,Combined TRACON& Tower with Radar,15,49,53,26,143,0,1,19,5,25,15,50,72,31,168,0,0,0,168
03/25/2017,CHA,TN,ASO,ES,Combined TRACON& Tower with Radar,9,32,23,1,65,0,0,6,0,6,9,32,29,1,71,0,0,0,71
03/26/2017,CHA,TN,ASO,ES,Combined TRACON& Tower with Radar,14,33,29,2,78,0,1,5,0,6,14,34,34,2,84,0,0,0,84
03/27/2017,CHA,TN,ASO,ES,Combined TRACON& Tower with Radar,14,45,33,1,93,0,0,9,0,9,14,45,42,1,102,0,0,0,102
03/28/2017,CHA,TN,ASO,ES,Combined TRACON& Tower with Radar,13,41,56,20,130,0,0,21,0,21,13,41,77,20,151,14,16,30,181
03/29/2017,CHA,TN,ASO,ES,Combined TRACON& Tower with Radar,13,44,77,38,172,0,0,49,8,57,13,44,126,46,229,34,20,54,283
03/30/2017,CHA,TN,ASO,ES,Combined TRACON& Tower with Radar,21,41,59,2,123,0,0,5,2,7,21,41,64,4,130,0,0,0,130
03/31/2017,CHA,TN,ASO,ES,Combined TRACON& Tower with Radar,14,49,50,26,139,0,0,21,9,30,14,49,71,35,169,32,10,42,211
04/01/2017,CHA,TN,ASO,ES,Combined TRACON& Tower with Radar,10,26,47,3,86,0,0,35,0,35,10,26,82,3,121,10,0,10,131
04/02/2017,CHA,TN,ASO,ES,Combined TRACON& Tower with Radar,13,35,44,0,92,0,1,40,0,41,13,36,84,0,133,4,0,4,137
04/03/2017,CHA,TN,ASO,ES,Combined TRACON& Tower with Radar,17,38,36,6,97,0,0,1,0,1,17,38,37,6,98,0,0,0,98
04/04/2017,CHA,TN,ASO,ES,Combined TRACON& Tower with Radar,10,49,68,7,134,0,1,36,14,51,10,50,104,21,185,8,14,22,207
04/05/2017,CHA,TN,ASO,ES,Combined TRACON& Tower with Radar,11,40,26,1,78,0,0,0,0,0,11,40,26,1,78,0,0,0,78
04/06/2017,CHA,TN,ASO,ES,Combined TRACON& Tower with Radar,13,52,60,0,125,0,1,6,0,7,13,53,66,0,132,22,0,22,154
04/07/2017,CHA,TN,ASO,ES,Combined TRACON& Tower with Radar,8,54,46,4,112,0,0,39,2,41,8,54,85,6,153,21,0,21,174
04/08/2017,CHA,TN,ASO,ES,Combined TRACON& Tower with Radar,3,32,42,11,88,0,0,44,5,49,3,32,86,16,137,14,12,26,163
04/09/2017,CHA,TN,ASO,ES,Combined TRACON& Tower with Radar,8,34,33,0,75,0,0,42,2,44,8,34,75,2,119,0,0,0,119
04/10/2017,CHA,TN,ASO,ES,Combined TRACON& Tower with Radar,11,50,43,24,128,0,0,31,8,39,11,50,74,32,167,6,0,6,173
04/11/2017,CHA,TN,ASO,ES,Combined TRACON& Tower with Radar,15,51,59,9,134,0,1,36,0,37,15,52,95,9,171,18,22,40,211
04/12/2017,CHA,TN,ASO,ES,Combined TRACON& Tower with Radar,9,59,59,27,154,0,0,28,8,36,9,59,87,35,190,0,0,0,190
04/13/2017,CHA,TN,ASO,ES,Combined TRACON& Tower with Radar,11,56,70,17,154,0,1,46,2,49,11,57,116,19,203,0,0,0,203
04/14/2017,CHA,TN,ASO,ES,Combined TRACON& Tower with Radar,12,53,47,15,127,0,3,56,1,60,12,56,103,16,187,12,0,12,199
04/15/2017,CHA,TN,ASO,ES,Combined TRACON& Tower with Radar,5,44,25,0,74,0,0,44,0,44,5,44,69,0,118,28,0,28,146
04/16/2017,CHA,TN,ASO,ES,Combined TRACON& Tower with Radar,10,43,38,0,91,0,1,17,0,18,10,44,55,0,109,0,0,0,109
04/17/2017,CHA,TN,ASO,ES,Combined TRACON& Tower with Radar,9,58,59,13,139,0,1,9,0,10,9,59,68,13,149,0,0,0,149
04/18/2017,CHA,TN,ASO,ES,Combined TRACON& Tower with Radar,9,48,50,0,107,0,0,3,0,3,9,48,53,0,110,12,0,12,122
04/19/2017,CHA,TN,ASO,ES,Combined TRACON& Tower with Radar,9,53,76,12,150,0,0,11,2,13,9,53,87,14,163,0,10,10,173
04/20/2017,CHA,TN,ASO,ES,Combined TRACON& Tower with Radar,11,51,67,16,145,0,2,30,2,34,11,53,97,18,179,32,8,40,219
04/21/2017,CHA,TN,ASO,ES,Combined TRACON& Tower with Radar,15,50,41,3,109,0,0,18,0,18,15,50,59,3,127,0,0,0,127
04/22/2017,CHA,TN,ASO,ES,Combined TRACON& Tower with Radar,7,32,14,0,53,0,0,5,0,5,7,32,19,0,58,0,0,0,58
04/23/2017,CHA,TN,ASO,ES,Combined TRACON& Tower with Radar,10,39,27,0,76,0,0,0,0,0,10,39,27,0,76,0,0,0,76
04/24/2017,CHA,TN,ASO,ES,Combined TRACON& Tower with Radar,11,54,95,23,183,0,0,9,0,9,11,54,104,23,192,10,0,10,202
04/25/2017,CHA,TN,ASO,ES,Combined TRACON& Tower with Radar,11,47,77,28,163,0,0,32,5,37,11,47,109,33,200,38,40,78,278
04/26/2017,CHA,TN,ASO,ES,Combined TRACON& Tower with Radar,9,54,60,18,141,0,0,37,11,48,9,54,97,29,189,0,28,28,217
04/27/2017,CHA,TN,ASO,ES,Combined TRACON& Tower with Radar,12,55,54,23,144,0,0,16,1,17,12,55,70,24,161,26,0,26,187
04/28/2017,CHA,TN,ASO,ES,Combined TRACON& Tower with Radar,14,50,91,57,212,0,1,22,8,31,14,51,113,65,243,4,20,24,267
04/29/2017,CHA,TN,ASO,ES,Combined TRACON& Tower with Radar,7,32,47,9,95,0,0,21,6,27,7,32,68,15,122,16,0,16,138
04/30/2017,CHA,TN,ASO,ES,Combined TRACON& Tower with Radar,9,35,36,0,80,0,1,10,0,11,9,36,46,0,91,50,0,50,141
05/01/2017,CHA,TN,ASO,ES,Combined TRACON& Tower with Radar,13,56,46,31,146,0,0,14,0,14,13,56,60,31,160,0,10,10,170
05/02/2017,CHA,TN,ASO,ES,Combined TRACON& Tower with Radar,10,50,62,14,136,0,0,42,4,46,10,50,104,18,182,6,10,16,198
05/03/2017,CHA,TN,ASO,ES,Combined TRACON& Tower with Radar,11,53,62,38,164,0,0,26,5,31,11,53,88,43,195,0,44,44,239
05/04/2017,CHA,TN,ASO,ES,Combined TRACON& Tower with Radar,15,59,48,3,125,0,0,1,0,1,15,59,49,3,126,0,0,0,126
05/05/2017,CHA,TN,ASO,ES,Combined TRACON& Tower with Radar,14,52,45,14,125,0,0,0,0,0,14,52,45,14,125,0,0,0,125
05/06/2017,CHA,TN,ASO,ES,Combined TRACON& Tower with Radar,8,39,30,2,79,0,0,17,0,17,8,39,47,2,96,12,0,12,108
05/07/2017,CHA,TN,ASO,ES,Combined TRACON& Tower with Radar,15,38,48,13,114,0,0,41,2,43,15,38,89,15,157,8,10,18,175
05/08/2017,CHA,TN,ASO,ES,Combined TRACON& Tower with Radar,14,51,32,31,128,0,1,38,5,44,14,52,70,36,172,8,14,22,194
05/09/2017,CHA,TN,ASO,ES,Combined TRACON& Tower with Radar,13,59,56,5,133,0,0,50,15,65,13,59,106,20,198,4,0,4,202
05/10/2017,CHA,TN,ASO,ES,Combined TRACON& Tower with Radar,9,51,66,48,174,0,0,32,7,39,9,51,98,55,213,22,6,28,241
05/11/2017,CHA,TN,ASO,ES,Combined TRACON& Tower with Radar,12,69,56,13,150,0,4,29,9,42,12,73,85,22,192,0,6,6,198
05/12/2017,CHA,TN,ASO,ES,Combined TRACON& Tower with Radar,14,45,57,15,131,0,0,0,0,0,14,45,57,15,131,0,0,0,131
05/13/2017,CHA,TN,ASO,ES,Combined TRACON& Tower with Radar,5,32,37,2,76,0,0,14,1,15,5,32,51,3,91,22,18,40,131
05/14/2017,CHA,TN,ASO,ES,Combined TRACON& Tower with Radar,12,44,29,0,85,0,1,23,0,24,12,45,52,0,109,0,0,0,109
05/15/2017,CHA,TN,ASO,ES,Combined TRACON& Tower with Radar,12,52,60,3,127,0,2,41,2,45,12,54,101,5,172,68,1,69,241
05/16/2017,CHA,TN,ASO,ES,Combined TRACON& Tower with Radar,12,54,69,15,150,0,0,42,2,44,12,54,111,17,194,4,0,4,198
05/17/2017,CHA,TN,ASO,ES,Combined TRACON& Tower with Radar,14,54,65,26,159,0,0,40,10,50,14,54,105,36,209,46,24,70,279
05/18/2017,CHA,TN,ASO,ES,Combined TRACON& Tower with Radar,12,53,66,28,159,0,0,19,2,21,12,53,85,30,180,68,8,76,256
05/19/2017,CHA,TN,ASO,ES,Combined TRACON& Tower with Radar,13,60,54,17,144,0,2,8,0,10,13,62,62,17,154,14,0,14,168
05/20/2017,CHA,TN,ASO,ES,Combined TRACON& Tower with Radar,9,31,40,0,80,0,2,123,3,128,9,33,163,3,208,0,0,0,208
05/21/2017,CHA,TN,ASO,ES,Combined TRACON& Tower with Radar,12,43,33,0,88,0,0,3,0,3,12,43,36,0,91,0,0,0,91
05/22/2017,CHA,TN,ASO,ES,Combined TRACON& Tower with Radar,13,48,69,45,175,0,2,35,2,39,13,50,104,47,214,8,66,74,288
05/23/2017,CHA,TN,ASO,ES,Combined TRACON& Tower with Radar,14,54,61,6,135,0,0,5,0,5,14,54,66,6,140,10,0,10,150
05/24/2017,CHA,TN,ASO,ES,Combined TRACON& Tower with Radar,20,67,40,0,127,0,0,6,0,6,20,67,46,0,133,0,0,0,133
05/25/2017,CHA,TN,ASO,ES,Combined TRACON& Tower with Radar,16,46,65,9,136,0,0,28,3,31,16,46,93,12,167,10,6,16,183
05/26/2017,CHA,TN,ASO,ES,Combined TRACON& Tower with Radar,15,51,57,1,124,0,0,39,0,39,15,51,96,1,163,15,0,15,178
05/27/2017,CHA,TN,ASO,ES,Combined TRACON& Tower with Radar,7,32,21,0,60,0,2,10,0,12,7,34,31,0,72,32,0,32,104
05/28/2017,CHA,TN,ASO,ES,Combined TRACON& Tower with Radar,11,33,17,0,61,0,0,13,0,13,11,33,30,0,74,2,0,2,76
05/29/2017,CHA,TN,ASO,ES,Combined TRACON& Tower with Radar,20,45,23,0,88,0,1,8,0,9,20,46,31,0,97,0,0,0,97
05/30/2017,CHA,TN,ASO,ES,Combined TRACON& Tower with Radar,13,49,56,8,126,0,1,19,0,20,13,50,75,8,146,0,0,0,146
05/31/2017,CHA,TN,ASO,ES,Combined TRACON& Tower with Radar,12,47,73,20,152,0,0,35,6,41,12,47,108,26,193,18,20,38,231
06/01/2017,CHA,TN,ASO,ES,Combined TRACON& Tower with Radar,12,54,104,47,217,0,0,47,3,50,12,54,151,50,267,32,16,48,315
06/02/2017,CHA,TN,ASO,ES,Combined TRACON& Tower with Radar,10,50,81,65,206,0,0,66,5,71,10,50,147,70,277,73,56,129,406
06/03/2017,CHA,TN,ASO,ES,Combined TRACON& Tower with Radar,6,33,62,0,101,0,0,60,4,64,6,33,122,4,165,8,4,12,177
06/04/2017,CHA,TN,ASO,ES,Combined TRACON& Tower with Radar,8,41,40,0,89,0,0,4,0,4,8,41,44,0,93,0,0,0,93
06/05/2017,CHA,TN,ASO,ES,Combined TRACON& Tower with Radar,10,51,47,4,112,0,0,4,0,4,10,51,51,4,116,0,8,8,124
06/06/2017,CHA,TN,ASO,ES,Combined TRACON& Tower with Radar,12,49,60,11,132,0,0,14,2,16,12,49,74,13,148,18,0,18,166
06/07/2017,CHA,TN,ASO,ES,Combined TRACON& Tower with Radar,12,50,77,9,148,0,0,32,0,32,12,50,109,9,180,6,10,16,196
06/08/2017,CHA,TN,ASO,ES,Combined TRACON& Tower with Radar,12,62,65,13,152,0,0,32,7,39,12,62,97,20,191,37,12,49,240
06/09/2017,CHA,TN,ASO,ES,Combined TRACON& Tower with Radar,12,55,51,43,161,0,0,36,9,45,12,55,87,52,206,12,10,22,228
06/10/2017,CHA,TN,ASO,ES,Combined TRACON& Tower with Radar,6,31,34,8,79,0,0,29,4,33,6,31,63,12,112,0,10,10,122
06/11/2017,CHA,TN,ASO,ES,Combined TRACON& Tower with Radar,10,41,39,37,127,0,1,19,1,21,10,42,58,38,148,22,10,32,180
06/12/2017,CHA,TN,ASO,ES,Combined TRACON& Tower with Radar,13,48,51,12,124,0,6,24,1,31,13,54,75,13,155,14,0,14,169
06/13/2017,CHA,TN,ASO,ES,Combined TRACON& Tower with Radar,11,48,58,44,161,0,0,27,1,28,11,48,85,45,189,4,12,16,205
06/14/2017,CHA,TN,ASO,ES,Combined TRACON& Tower with Radar,11,54,71,16,152,0,0,26,5,31,11,54,97,21,183,0,10,10,193
06/15/2017,CHA,TN,ASO,ES,Combined TRACON& Tower with Radar,18,49,45,0,112,0,1,25,0,26,18,50,70,0,138,0,0,0,138
06/16/2017,CHA,TN,ASO,ES,Combined TRACON& Tower with Radar,15,46,62,22,145,0,0,33,0,33,15,46,95,22,178,0,0,0,178
06/17/2017,CHA,TN,ASO,ES,Combined TRACON& Tower with Radar,15,39,36,0,90,0,0,35,0,35,15,39,71,0,125,34,0,34,159
06/18/2017,CHA,TN,ASO,ES,Combined TRACON& Tower with Radar,10,39,29,16,94,0,0,6,2,8,10,39,35,18,102,0,9,9,111
06/19/2017,CHA,TN,ASO,ES,Combined TRACON& Tower with Radar,12,43,36,2,93,0,0,11,0,11,12,43,47,2,104,0,0,0,104
06/20/2017,CHA,TN,ASO,ES,Combined TRACON& Tower with Radar,9,44,54,10,117,0,1,43,0,44,9,45,97,10,161,14,0,14,175
06/21/2017,CHA,TN,ASO,ES,Combined TRACON& Tower with Radar,12,53,50,11,126,0,0,69,4,73,12,53,119,15,199,16,0,16,215
06/22/2017,CHA,TN,ASO,ES,Combined TRACON& Tower with Radar,13,53,46,0,112,0,0,0,0,0,13,53,46,0,112,0,0,0,112
06/23/2017,CHA,TN,ASO,ES,Combined TRACON& Tower with Radar,15,46,33,12,106,0,0,5,3,8,15,46,38,15,114,0,0,0,114
06/24/2017,CHA,TN,ASO,ES,Combined TRACON& Tower with Radar,8,30,59,0,97,0,0,11,0,11,8,30,70,0,108,6,0,6,114
06/25/2017,CHA,TN,ASO,ES,Combined TRACON& Tower with Radar,10,41,34,0,85,0,0,18,2,20,10,41,52,2,105,0,0,0,105
06/26/2017,CHA,TN,ASO,ES,Combined TRACON& Tower with Radar,12,52,51,30,145,0,1,31,0,32,12,53,82,30,177,14,0,14,191
06/27/2017,CHA,TN,ASO,ES,Combined TRACON& Tower with Radar,14,50,69,12,145,0,0,36,5,41,14,50,105,17,186,34,4,38,224
06/28/2017,CHA,TN,ASO,ES,Combined TRACON& Tower with Radar,12,68,54,43,177,0,0,45,4,49,12,68,99,47,226,0,4,4,230
06/29/2017,CHA,TN,ASO,ES,Combined TRACON& Tower with Radar,14,55,61,4,134,0,0,10,0,10,14,55,71,4,144,0,10,10,154
06/30/2017,CHA,TN,ASO,ES,Combined TRACON& Tower with Radar,15,45,54,4,118,0,0,4,0,4,15,45,58,4,122,0,0,0,122
07/01/2017,CHA,TN,ASO,ES,Combined TRACON& Tower with Radar,6,26,25,0,57,0,0,1,0,1,6,26,26,0,58,4,0,4,62
07/02/2017,CHA,TN,ASO,ES,Combined TRACON& Tower with Radar,12,34,19,0,65,0,0,9,0,9,12,34,28,0,74,0,0,0,74
07/03/2017,CHA,TN,ASO,ES,Combined TRACON& Tower with Radar,12,37,20,0,69,0,0,7,0,7,12,37,27,0,76,20,0,20,96
07/04/2017,CHA,TN,ASO,ES,Combined TRACON& Tower with Radar,11,34,22,0,67,0,0,4,0,4,11,34,26,0,71,0,0,0,71
07/05/2017,CHA,TN,ASO,ES,Combined TRACON& Tower with Radar,13,40,32,0,85,0,0,19,0,19,13,40,51,0,104,14,0,14,118
07/06/2017,CHA,TN,ASO,ES,Combined TRACON& Tower with Radar,17,44,47,0,108,0,0,7,0,7,17,44,54,0,115,4,0,4,119
07/07/2017,CHA,TN,ASO,ES,Combined TRACON& Tower with Radar,14,42,53,30,139,0,0,13,0,13,14,42,66,30,152,0,0,0,152
07/08/2017,CHA,TN,ASO,ES,Combined TRACON& Tower with Radar,12,28,27,0,67,0,0,10,0,10,12,28,37,0,77,0,0,0,77
07/09/2017,CHA,TN,ASO,ES,Combined TRACON& Tower with Radar,10,44,38,31,123,0,1,34,12,47,10,45,72,43,170,0,0,0,170
07/10/2017,CHA,TN,ASO,ES,Combined TRACON& Tower with Radar,13,47,66,26,152,0,3,48,3,54,13,50,114,29,206,24,8,32,238
07/11/2017,CHA,TN,ASO,ES,Combined TRACON& Tower with Radar,20,46,58,44,168,0,0,25,7,32,20,46,83,51,200,18,20,38,238
07/12/2017,CHA,TN,ASO,ES,Combined TRACON& Tower with Radar,12,44,56,39,151,0,4,27,5,36,12,48,83,44,187,12,16,28,215
07/13/2017,CHA,TN,ASO,ES,Combined TRACON& Tower with Radar,14,52,52,29,147,0,1,36,3,40,14,53,88,32,187,0,0,0,187
07/14/2017,CHA,TN,ASO,ES,Combined TRACON& Tower with Radar,12,40,57,23,132,0,0,27,0,27,12,40,84,23,159,0,0,0,159
07/15/2017,CHA,TN,ASO,ES,Combined TRACON& Tower with Radar,11,29,25,1,66,0,0,10,1,11,11,29,35,2,77,0,0,0,77
07/16/2017,CHA,TN,ASO,ES,Combined TRACON& Tower with Radar,10,44,25,7,86,0,0,15,3,18,10,44,40,10,104,0,12,12,116
07/17/2017,CHA,TN,ASO,ES,Combined TRACON& Tower with Radar,16,48,44,21,129,0,1,25,4,30,16,49,69,25,159,12,4,16,175
07/18/2017,CHA,TN,ASO,ES,Combined TRACON& Tower with Radar,17,52,51,35,155,0,1,27,7,35,17,53,78,42,190,0,26,26,216
07/19/2017,CHA,TN,ASO,ES,Combined TRACON& Tower with Radar,12,46,70,32,160,0,0,63,2,65,12,46,133,34,225,12,6,18,243
07/20/2017,CHA,TN,ASO,ES,Combined TRACON& Tower with Radar,14,46,55,23,138,0,4,35,1,40,14,50,90,24,178,0,9,9,187
07/21/2017,CHA,TN,ASO,ES,Combined TRACON& Tower with Radar,14,47,30,75,166,0,0,36,8,44,14,47,66,83,210,0,16,16,226
07/22/2017,CHA,TN,ASO,ES,Combined TRACON& Tower with Radar,9,28,22,2,61,0,0,30,2,32,9,28,52,4,93,0,0,0,93
07/23/2017,CHA,TN,ASO,ES,Combined TRACON& Tower with Radar,10,37,28,1,76,0,1,5,3,9,10,38,33,4,85,0,0,0,85
07/24/2017,CHA,TN,ASO,ES,Combined TRACON& Tower with Radar,19,48,54,33,154,0,5,27,1,33,19,53,81,34,187,0,8,8,195
07/25/2017,CHA,TN,ASO,ES,Combined TRACON& Tower with Radar,13,54,44,25,136,0,4,33,2,39,13,58,77,27,175,8,14,22,197
07/26/2017,CHA,TN,ASO,ES,Combined TRACON& Tower with Radar,13,41,75,4,133,0,2,34,0,36,13,43,109,4,169,27,0,27,196
07/27/2017,CHA,TN,ASO,ES,Combined TRACON& Tower with Radar,19,44,72,20,155,0,0,24,2,26,19,44,96,22,181,20,0,20,201
07/28/2017,CHA,TN,ASO,ES,Combined TRACON& Tower with Radar,14,47,41,1,103,0,0,2,3,5,14,47,43,4,108,12,0,12,120
07/29/2017,CHA,TN,ASO,ES,Combined TRACON& Tower with Radar,10,33,34,11,88,0,2,35,1,38,10,35,69,12,126,30,0,30,156
07/30/2017,CHA,TN,ASO,ES,Combined TRACON& Tower with Radar,9,58,53,15,135,0,2,35,6,43,9,60,88,21,178,6,14,20,198
07/31/2017,CHA,TN,ASO,ES,Combined TRACON& Tower with Radar,12,55,44,8,119,0,1,38,1,40,12,56,82,9,159,0,0,0,159
08/01/2017,CHA,TN,ASO,ES,Combined TRACON& Tower with Radar,12,55,53,4,124,0,0,38,3,41,12,55,91,7,165,8,0,8,173
08/02/2017,CHA,TN,ASO,ES,Combined TRACON& Tower with Radar,12,44,59,18,133,0,1,35,1,37,12,45,94,19,170,30,0,30,200
08/03/2017,CHA,TN,ASO,ES,Combined TRACON& Tower with Radar,15,40,62,30,147,0,0,44,3,47,15,40,106,33,194,29,0,29,223
08/04/2017,CHA,TN,ASO,ES,Combined TRACON& Tower with Radar,16,42,29,4,91,0,1,10,2,13,16,43,39,6,104,42,0,42,146
08/05/2017,CHA,TN,ASO,ES,Combined TRACON& Tower with Radar,11,28,31,0,70,0,1,60,2,63,11,29,91,2,133,20,0,20,153
08/06/2017,CHA,TN,ASO,ES,Combined TRACON& Tower with Radar,11,42,29,0,82,0,0,28,1,29,11,42,57,1,111,0,0,0,111
08/07/2017,CHA,TN,ASO,ES,Combined TRACON& Tower with Radar,15,48,40,2,105,0,0,0,0,0,15,48,40,2,105,0,0,0,105
08/08/2017,CHA,TN,ASO,ES,Combined TRACON& Tower with Radar,13,45,57,52,167,0,0,14,0,14,13,45,71,52,181,5,16,21,202
08/09/2017,CHA,TN,ASO,ES,Combined TRACON& Tower with Radar,12,48,47,32,139,0,0,25,4,29,12,48,72,36,168,94,6,100,268
08/10/2017,CHA,TN,ASO,ES,Combined TRACON& Tower with Radar,16,47,63,30,156,0,0,8,0,8,16,47,71,30,164,16,22,38,202
08/11/2017,CHA,TN,ASO,ES,Combined TRACON& Tower with Radar,15,45,32,35,127,0,0,8,0,8,15,45,40,35,135,0,0,0,135
08/12/2017,CHA,TN,ASO,ES,Combined TRACON& Tower with Radar,9,28,17,0,54,0,1,11,0,12,9,29,28,0,66,92,0,92,158
08/13/2017,CHA,TN,ASO,ES,Combined TRACON& Tower with Radar,9,43,29,11,92,0,0,17,1,18,9,43,46,12,110,8,0,8,118
08/14/2017,CHA,TN,ASO,ES,Combined TRACON& Tower with Radar,13,45,52,8,118,0,0,17,0,17,13,45,69,8,135,72,6,78,213
08/15/2017,CHA,TN,ASO,ES,Combined TRACON& Tower with Radar,13,54,52,38,157,0,0,17,1,18,13,54,69,39,175,12,10,22,197
08/16/2017,CHA,TN,ASO,ES,Combined TRACON& Tower with Radar,14,49,53,46,162,0,0,12,4,16,14,49,65,50,178,0,0,0,178
08/17/2017,CHA,TN,ASO,ES,Combined TRACON& Tower with Radar,18,61,72,31,182,0,1,42,5,48,18,62,114,36,230,2,0,2,232
08/18/2017,CHA,TN,ASO,ES,Combined TRACON& Tower with Radar,14,51,53,28,146,0,1,34,9,44,14,52,87,37,190,14,0,14,204
08/19/2017,CHA,TN,ASO,ES,Combined TRACON& Tower with Radar,10,35,23,0,68,0,0,49,0,49,10,35,72,0,117,10,15,25,142
08/20/2017,CHA,TN,ASO,ES,Combined TRACON& Tower with Radar,13,44,40,21,118,0,0,40,5,45,13,44,80,26,163,0,0,0,163
08/21/2017,CHA,TN,ASO,ES,Combined TRACON& Tower with Radar,15,46,48,37,146,0,2,55,6,63,15,48,103,43,209,0,4,4,213
08/22/2017,CHA,TN,ASO,ES,Combined TRACON& Tower with Radar,19,51,46,21,137,0,1,34,1,36,19,52,80,22,173,10,0,10,183
08/23/2017,CHA,TN,ASO,ES,Combined TRACON& Tower with Radar,20,37,59,16,132,0,1,8,4,13,20,38,67,20,145,10,6,16,161
08/24/2017,CHA,TN,ASO,ES,Combined TRACON& Tower with Radar,22,39,62,23,146,0,1,49,2,52,22,40,111,25,198,4,0,4,202
08/25/2017,CHA,TN,ASO,ES,Combined TRACON& Tower with Radar,24,34,47,85,190,0,0,21,5,26,24,34,68,90,216,0,8,8,224
08/26/2017,CHA,TN,ASO,ES,Combined TRACON& Tower with Radar,15,27,32,5,79,0,4,26,2,32,15,31,58,7,111,32,0,32,143
08/27/2017,CHA,TN,ASO,ES,Combined TRACON& Tower with Radar,18,29,35,27,109,0,0,22,2,24,18,29,57,29,133,0,0,0,133
08/28/2017,CHA,TN,ASO,ES,Combined TRACON& Tower with Radar,19,40,42,28,129,0,0,18,2,20,19,40,60,30,149,30,22,52,201
08/29/2017,CHA,TN,ASO,ES,Combined TRACON& Tower with Radar,20,43,55,47,165,0,0,43,6,49,20,43,98,53,214,46,18,64,278
08/30/2017,CHA,TN,ASO,ES,Combined TRACON& Tower with Radar,18,52,51,10,131,0,0,9,0,9,18,52,60,10,140,8,0,8,148
08/31/2017,CHA,TN,ASO,ES,Combined TRACON& Tower with Radar,20,56,43,17,136,0,0,2,0,2,20,56,45,17,138,0,0,0,138
09/01/2017,CHA,TN,ASO,ES,Combined TRACON& Tower with Radar,23,48,35,0,106,0,0,2,0,2,23,48,37,0,108,14,0,14,122
09/02/2017,CHA,TN,ASO,ES,Combined TRACON& Tower with Radar,15,26,29,4,74,0,0,19,1,20,15,26,48,5,94,0,0,0,94
09/03/2017,CHA,TN,ASO,ES,Combined TRACON& Tower with Radar,13,21,19,0,53,0,0,28,0,28,13,21,47,0,81,0,0,0,81
09/04/2017,CHA,TN,ASO,ES,Combined TRACON& Tower with Radar,17,38,36,0,91,0,2,37,0,39,17,40,73,0,130,14,0,14,144
09/05/2017,CHA,TN,ASO,ES,Combined TRACON& Tower with Radar,21,37,37,0,95,0,0,10,0,10,21,37,47,0,105,28,0,28,133
09/06/2017,CHA,TN,ASO,ES,Combined TRACON& Tower with Radar,14,37,69,50,170,0,0,25,1,26,14,37,94,51,196,16,0,16,212
09/07/2017,CHA,TN,ASO,ES,Combined TRACON& Tower with Radar,17,53,68,24,162,0,0,37,8,45,17,53,105,32,207,0,20,20,227
09/08/2017,CHA,TN,ASO,ES,Combined TRACON& Tower with Radar,20,48,82,9,159,0,2,41,9,52,20,50,123,18,211,6,0,6,217
09/09/2017,CHA,TN,ASO,ES,Combined TRACON& Tower with Radar,14,25,40,0,79,0,0,55,0,55,14,25,95,0,134,10,0,10,144
09/10/2017,CHA,TN,ASO,ES,Combined TRACON& Tower with Radar,15,44,32,0,91,0,0,17,4,21,15,44,49,4,112,0,0,0,112
09/11/2017,CHA,TN,ASO,ES,Combined TRACON& Tower with Radar,14,29,20,0,63,0,1,4,0,5,14,30,24,0,68,0,0,0,68
09/12/2017,CHA,TN,ASO,ES,Combined TRACON& Tower with Radar,16,46,47,0,109,0,0,0,0,0,16,46,47,0,109,0,0,0,109
09/13/2017,CHA,TN,ASO,ES,Combined TRACON& Tower with Radar,18,48,43,0,109,0,0,4,0,4,18,48,47,0,113,0,0,0,113
09/14/2017,CHA,TN,ASO,ES,Combined TRACON& Tower with Radar,20,40,63,15,138,0,1,21,3,25,20,41,84,18,163,40,0,40,203
09/15/2017,CHA,TN,ASO,ES,Combined TRACON& Tower with Radar,22,59,59,23,163,0,1,16,8,25,22,60,75,31,188,32,2,34,222
09/16/2017,CHA,TN,ASO,ES,Combined TRACON& Tower with Radar,15,26,28,4,73,0,1,39,8,48,15,27,67,12,121,10,0,10,131
09/17/2017,CHA,TN,ASO,ES,Combined TRACON& Tower with Radar,18,42,42,20,122,0,3,17,2,22,18,45,59,22,144,0,0,0,144
09/18/2017,CHA,TN,ASO,ES,Combined TRACON& Tower with Radar,19,45,61,35,160,0,0,43,7,50,19,45,104,42,210,22,4,26,236
09/19/2017,CHA,TN,ASO,ES,Combined TRACON& Tower with Radar,17,37,52,15,121,0,0,22,2,24,17,37,74,17,145,14,0,14,159
09/20/2017,CHA,TN,ASO,ES,Combined TRACON& Tower with Radar,18,44,69,42,173,0,0,28,0,28,18,44,97,42,201,36,28,64,265
09/21/2017,CHA,TN,ASO,ES,Combined TRACON& Tower with Radar,19,45,72,11,147,0,0,29,2,31,19,45,101,13,178,34,16,50,228
09/22/2017,CHA,TN,ASO,ES,Combined TRACON& Tower with Radar,20,43,50,68,181,0,0,22,11,33,20,43,72,79,214,20,50,70,284
09/23/2017,CHA,TN,ASO,ES,Combined TRACON& Tower with Radar,14,26,47,0,87,0,0,38,0,38,14,26,85,0,125,30,0,30,155
09/24/2017,CHA,TN,ASO,ES,Combined TRACON& Tower with Radar,21,37,45,0,103,0,0,31,4,35,21,37,76,4,138,6,0,6,144
09/25/2017,CHA,TN,ASO,ES,Combined TRACON& Tower with Radar,19,53,52,35,159,0,0,35,2,37,19,53,87,37,196,0,0,0,196
09/26/2017,CHA,TN,ASO,ES,Combined TRACON& Tower with Radar,17,52,56,12,137,0,0,34,0,34,17,52,90,12,171,20,10,30,201
09/27/2017,CHA,TN,ASO,ES,Combined TRACON& Tower with Radar,17,54,50,21,142,0,1,27,0,28,17,55,77,21,170,0,0,0,170
09/28/2017,CHA,TN,ASO,ES,Combined TRACON& Tower with Radar,21,46,74,15,156,0,2,28,2,32,21,48,102,17,188,48,6,54,242
09/29/2017,CHA,TN,ASO,ES,Combined TRACON& Tower with Radar,19,53,60,44,176,0,0,24,5,29,19,53,84,49,205,0,0,0,205
09/30/2017,CHA,TN,ASO,ES,Combined TRACON& Tower with Radar,14,27,21,7,69,0,1,47,8,56,14,28,68,15,125,0,10,10,135
10/01/2017,CHA,TN,ASO,ES,Combined TRACON& Tower with Radar,22,32,38,8,100,0,1,54,2,57,22,33,92,10,157,8,0,8,165
10/02/2017,CHA,TN,ASO,ES,Combined TRACON& Tower with Radar,23,36,59,60,178,0,0,33,3,36,23,36,92,63,214,0,20,20,234
10/03/2017,CHA,TN,ASO,ES,Combined TRACON& Tower with Radar,21,41,76,81,219,0,0,53,1,54,21,41,129,82,273,50,34,84,357
10/04/2017,CHA,TN,ASO,ES,Combined TRACON& Tower with Radar,21,48,61,29,159,0,1,27,2,30,21,49,88,31,189,22,0,22,211
10/05/2017,CHA,TN,ASO,ES,Combined TRACON& Tower with Radar,24,54,69,21,168,0,1,35,7,43,24,55,104,28,211,8,4,12,223
10/06/2017,CHA,TN,ASO,ES,Combined TRACON& Tower with Radar,20,46,40,12,118,0,1,35,2,38,20,47,75,14,156,30,0,30,186
10/07/2017,CHA,TN,ASO,ES,Combined TRACON& Tower with Radar,17,20,29,0,66,0,0,3,0,3,17,20,32,0,69,34,0,34,103
10/08/2017,CHA,TN,ASO,ES,Combined TRACON& Tower with Radar,18,32,20,0,70,0,0,0,0,0,18,32,20,0,70,0,0,0,70
10/09/2017,CHA,TN,ASO,ES,Combined TRACON& Tower with Radar,22,47,69,0,138,0,0,3,0,3,22,47,72,0,141,8,0,8,149
10/10/2017,CHA,TN,ASO,ES,Combined TRACON& Tower with Radar,21,39,42,12,114,0,0,19,0,19,21,39,61,12,133,16,4,20,153
10/11/2017,CHA,TN,ASO,ES,Combined TRACON& Tower with Radar,19,48,69,10,146,0,0,14,0,14,19,48,83,10,160,6,0,6,166
10/12/2017,CHA,TN,ASO,ES,Combined TRACON& Tower with Radar,22,41,57,29,149,0,1,39,0,40,22,42,96,29,189,0,12,12,201
10/13/2017,CHA,TN,ASO,ES,Combined TRACON& Tower with Radar,23,47,58,33,161,0,0,24,5,29,23,47,82,38,190,36,24,60,250
10/14/2017,CHA,TN,ASO,ES,Combined TRACON& Tower with Radar,18,19,52,3,92,0,1,4,0,5,18,20,56,3,97,16,0,16,113
10/15/2017,CHA,TN,ASO,ES,Combined TRACON& Tower with Radar,19,35,37,21,112,0,0,1,1,2,19,35,38,22,114,0,0,0,114
10/16/2017,CHA,TN,ASO,ES,Combined TRACON& Tower with Radar,25,44,50,32,151,0,1,16,0,17,25,45,66,32,168,22,16,38,206
10/17/2017,CHA,TN,ASO,ES,Combined TRACON& Tower with Radar,22,42,44,29,137,0,0,23,0,23,22,42,67,29,160,30,4,34,194
10/18/2017,CHA,TN,ASO,ES,Combined TRACON& Tower with Radar,19,42,82,55,198,0,0,41,2,43,19,42,123,57,241,32,2,34,275
10/19/2017,CHA,TN,ASO,ES,Combined TRACON& Tower with Radar,22,48,65,14,149,0,0,34,0,34,22,48,99,14,183,8,20,28,211
10/20/2017,CHA,TN,ASO,ES,Combined TRACON& Tower with Radar,20,41,47,16,124,0,0,30,13,43,20,41,77,29,167,0,4,4,171
10/21/2017,CHA,TN,ASO,ES,Combined TRACON& Tower with Radar,17,27,45,4,93,0,1,34,4,39,17,28,79,8,132,4,0,4,136
10/22/2017,CHA,TN,ASO,ES,Combined TRACON& Tower with Radar,20,34,51,17,122,0,1,22,8,31,20,35,73,25,153,10,0,10,163
10/23/2017,CHA,TN,ASO,ES,Combined TRACON& Tower with Radar,20,51,49,6,126,0,0,3,0,3,20,51,52,6,129,0,0,0,129
10/24/2017,CHA,TN,ASO,ES,Combined TRACON& Tower with Radar,21,38,69,22,150,0,0,24,3,27,21,38,93,25,177,26,30,56,233
10/25/2017,CHA,TN,ASO,ES,Combined TRACON& Tower with Radar,20,38,64,47,169,0,0,34,1,35,20,38,98,48,204,38,24,62,266
10/26/2017,CHA,TN,ASO,ES,Combined TRACON& Tower with Radar,24,42,73,22,161,0,0,36,13,49,24,42,109,35,210,64,26,90,300
10/27/2017,CHA,TN,ASO,ES,Combined TRACON& Tower with Radar,19,50,70,63,202,0,0,43,5,48,19,50,113,68,250,0,0,0,250
10/28/2017,CHA,TN,ASO,ES,Combined TRACON& Tower with Radar,19,22,16,0,57,0,0,0,0,0,19,22,16,0,57,0,0,0,57
10/29/2017,CHA,TN,ASO,ES,Combined TRACON& Tower with Radar,22,35,31,0,88,0,0,4,0,4,22,35,35,0,92,0,0,0,92
10/30/2017,CHA,TN,ASO,ES,Combined TRACON& Tower with Radar,21,38,50,4,113,0,1,43,0,44,21,39,93,4,157,34,0,34,191
10/31/2017,CHA,TN,ASO,ES,Combined TRACON& Tower with Radar,19,35,64,13,131,0,0,37,4,41,19,35,101,17,172,22,24,46,218
11/01/2017,CHA,TN,ASO,ES,Combined TRACON& Tower with Radar,21,39,75,57,192,0,0,25,4,29,21,39,100,61,221,30,18,48,269
11/02/2017,CHA,TN,ASO,ES,Combined TRACON& Tower with Radar,22,47,76,6,151,0,2,10,0,12,22,49,86,6,163,44,0,44,207
11/03/2017,CHA,TN,ASO,ES,Combined TRACON& Tower with Radar,26,39,56,12,133,0,0,8,0,8,26,39,64,12,141,0,0,0,141
11/04/2017,CHA,TN,ASO,ES,Combined TRACON& Tower with Radar,18,20,36,4,78,0,0,19,0,19,18,20,55,4,97,41,0,41,138
11/05/2017,CHA,TN,ASO,ES,Combined TRACON& Tower with Radar,23,35,56,19,133,0,0,15,2,17,23,35,71,21,150,2,0,2,152
11/06/2017,CHA,TN,ASO,ES,Combined TRACON& Tower with Radar,22,34,37,2,95,0,0,0,0,0,22,34,37,2,95,0,10,10,105
11/07/2017,CHA,TN,ASO,ES,Combined TRACON& Tower with Radar,23,39,49,0,111,0,0,3,0,3,23,39,52,0,114,34,0,34,148
11/08/2017,CHA,TN,ASO,ES,Combined TRACON& Tower with Radar,23,40,66,37,166,0,0,3,0,3,23,40,69,37,169,10,0,10,179
11/09/2017,CHA,TN,ASO,ES,Combined TRACON& Tower with Radar,25,44,88,17,174,0,0,10,0,10,25,44,98,17,184,48,0,48,232
11/10/2017,CHA,TN,ASO,ES,Combined TRACON& Tower with Radar,24,39,65,0,128,0,2,48,0,50,24,41,113,0,178,6,0,6,184
11/11/2017,CHA,TN,ASO,ES,Combined TRACON& Tower with Radar,16,31,44,8,99,0,0,42,0,42,16,31,86,8,141,34,0,34,175
11/12/2017,CHA,TN,ASO,ES,Combined TRACON& Tower with Radar,18,36,53,6,113,0,0,16,0,16,18,36,69,6,129,22,0,22,151
11/13/2017,CHA,TN,ASO,ES,Combined TRACON& Tower with Radar,22,34,102,24,182,0,2,30,2,34,22,36,132,26,216,12,12,24,240
11/14/2017,CHA,TN,ASO,ES,Combined TRACON& Tower with Radar,24,42,76,40,182,0,1,33,2,36,24,43,109,42,218,20,12,32,250
11/15/2017,CHA,TN,ASO,ES,Combined TRACON& Tower with Radar,20,41,59,19,139,0,2,32,6,40,20,43,91,25,179,6,0,6,185
11/16/2017,CHA,TN,ASO,ES,Combined TRACON& Tower with Radar,23,42,80,21,166,0,1,33,9,43,23,43,113,30,209,0,36,36,245
11/17/2017,CHA,TN,ASO,ES,Combined TRACON& Tower with Radar,22,42,72,30,166,0,0,36,4,40,22,42,108,34,206,24,0,24,230
11/18/2017,CHA,TN,ASO,ES,Combined TRACON& Tower with Radar,19,24,19,0,62,0,0,4,0,4,19,24,23,0,66,0,0,0,66
11/19/2017,CHA,TN,ASO,ES,Combined TRACON& Tower with Radar,21,36,38,1,96,0,3,17,5,25,21,39,55,6,121,0,0,0,121
11/20/2017,CHA,TN,ASO,ES,Combined TRACON& Tower with Radar,23,34,44,8,109,0,1,37,0,38,23,35,81,8,147,0,0,0,147
11/21/2017,CHA,TN,ASO,ES,Combined TRACON& Tower with Radar,23,36,87,17,163,0,0,12,0,12,23,36,99,17,175,24,6,30,205
11/22/2017,CHA,TN,ASO,ES,Combined TRACON& Tower with Radar,22,38,51,24,135,0,1,32,4,37,22,39,83,28,172,6,2,8,180
11/23/2017,CHA,TN,ASO,ES,Combined TRACON& Tower with Radar,15,16,8,0,39,0,0,6,0,6,15,16,14,0,45,0,0,0,45
11/24/2017,CHA,TN,ASO,ES,Combined TRACON& Tower with Radar,19,32,23,0,74,0,0,38,0,38,19,32,61,0,112,0,0,0,112
11/25/2017,CHA,TN,ASO,ES,Combined TRACON& Tower with Radar,20,32,36,2,90,0,0,35,0,35,20,32,71,2,125,10,0,10,135
11/26/2017,CHA,TN,ASO,ES,Combined TRACON& Tower with Radar,23,40,44,0,107,0,1,52,0,53,23,41,96,0,160,22,0,22,182
11/27/2017,CHA,TN,ASO,ES,Combined TRACON& Tower with Radar,25,39,55,2,121,0,0,32,4,36,25,39,87,6,157,14,0,14,171
11/28/2017,CHA,TN,ASO,ES,Combined TRACON& Tower with Radar,19,36,70,43,168,0,0,32,6,38,19,36,102,49,206,20,0,20,226
11/29/2017,CHA,TN,ASO,ES,Combined TRACON& Tower with Radar,20,47,56,22,145,0,0,25,5,30,20,47,81,27,175,0,0,0,175
11/30/2017,CHA,TN,ASO,ES,Combined TRACON& Tower with Radar,23,39,60,18,140,0,0,2,0,2,23,39,62,18,142,10,0,10,152
12/01/2017,CHA,TN,ASO,ES,Combined TRACON& Tower with Radar,23,44,44,18,129,0,0,22,10,32,23,44,66,28,161,0,0,0,161
12/02/2017,CHA,TN,ASO,ES,Combined TRACON& Tower with Radar,17,29,30,1,77,0,0,21,3,24,17,29,51,4,101,0,0,0,101
12/03/2017,CHA,TN,ASO,ES,Combined TRACON& Tower with Radar,22,32,35,6,95,0,0,23,6,29,22,32,58,12,124,12,0,12,136
12/04/2017,CHA,TN,ASO,ES,Combined TRACON& Tower with Radar,22,38,61,47,168,0,0,19,1,20,22,38,80,48,188,12,6,18,206
12/05/2017,CHA,TN,ASO,ES,Combined TRACON& Tower with Radar,23,36,55,0,114,0,0,0,0,0,23,36,55,0,114,0,0,0,114
12/06/2017,CHA,TN,ASO,ES,Combined TRACON& Tower with Radar,20,40,54,32,146,0,0,10,3,13,20,40,64,35,159,0,0,0,159
12/07/2017,CHA,TN,ASO,ES,Combined TRACON& Tower with Radar,24,35,57,44,160,0,4,26,1,31,24,39,83,45,191,16,0,16,207
12/08/2017,CHA,TN,ASO,ES,Combined TRACON& Tower with Radar,13,37,41,2,93,0,1,2,0,3,13,38,43,2,96,0,0,0,96
12/09/2017,CHA,TN,ASO,ES,Combined TRACON& Tower with Radar,13,27,20,0,60,0,2,22,1,25,13,29,42,1,85,0,0,0,85
12/10/2017,CHA,TN,ASO,ES,Combined TRACON& Tower with Radar,22,38,43,0,103,0,0,32,0,32,22,38,75,0,135,12,0,12,147
12/11/2017,CHA,TN,ASO,ES,Combined TRACON& Tower with Radar,22,37,55,28,142,0,1,29,4,34,22,38,84,32,176,12,0,12,188
12/12/2017,CHA,TN,ASO,ES,Combined TRACON& Tower with Radar,20,40,36,21,117,0,0,11,2,13,20,40,47,23,130,0,12,12,142
12/13/2017,CHA,TN,ASO,ES,Combined TRACON& Tower with Radar,20,47,39,29,135,0,2,27,0,29,20,49,66,29,164,0,0,0,164
12/14/2017,CHA,TN,ASO,ES,Combined TRACON& Tower with Radar,21,46,63,11,141,0,2,38,5,45,21,48,101,16,186,10,0,10,196
12/15/2017,CHA,TN,ASO,ES,Combined TRACON& Tower with Radar,17,47,44,66,174,0,1,21,9,31,17,48,65,75,205,10,30,40,245
12/16/2017,CHA,TN,ASO,ES,Combined TRACON& Tower with Radar,8,32,41,15,96,0,1,41,4,46,8,33,82,19,142,0,10,10,152
12/17/2017,CHA,TN,ASO,ES,Combined TRACON& Tower with Radar,11,39,31,0,81,0,0,2,0,2,11,39,33,0,83,0,0,0,83
12/18/2017,CHA,TN,ASO,ES,Combined TRACON& Tower with Radar,15,43,49,14,121,0,0,6,0,6,15,43,55,14,127,0,0,0,127
12/19/2017,CHA,TN,ASO,ES,Combined TRACON& Tower with Radar,16,49,45,38,148,0,1,2,0,3,16,50,47,38,151,10,0,10,161
12/20/2017,CHA,TN,ASO,ES,Combined TRACON& Tower with Radar,16,54,53,0,123,0,0,1,0,1,16,54,54,0,124,0,0,0,124
12/21/2017,CHA,TN,ASO,ES,Combined TRACON& Tower with Radar,14,45,79,0,138,0,0,6,0,6,14,45,85,0,144,81,0,81,225
12/22/2017,CHA,TN,ASO,ES,Combined TRACON& Tower with Radar,14,40,28,12,94,0,0,0,0,0,14,40,28,12,94,0,0,0,94
12/23/2017,CHA,TN,ASO,ES,Combined TRACON& Tower with Radar,7,41,23,0,71,0,0,0,0,0,7,41,23,0,71,0,0,0,71
12/24/2017,CHA,TN,ASO,ES,Combined TRACON& Tower with Radar,10,24,12,0,46,0,0,0,0,0,10,24,12,0,46,0,0,0,46
12/25/2017,CHA,TN,ASO,ES,Combined TRACON& Tower with Radar,10,25,9,0,44,0,0,7,0,7,10,25,16,0,51,0,0,0,51
12/26/2017,CHA,TN,ASO,ES,Combined TRACON& Tower with Radar,15,42,63,0,120,0,1,50,0,51,15,43,113,0,171,28,0,28,199
12/27/2017,CHA,TN,ASO,ES,Combined TRACON& Tower with Radar,12,39,60,0,111,0,0,23,0,23,12,39,83,0,134,2,0,2,136
12/28/2017,CHA,TN,ASO,ES,Combined TRACON& Tower with Radar,14,37,48,0,99,0,1,39,2,42,14,38,87,2,141,10,0,10,151
12/29/2017,CHA,TN,ASO,ES,Combined TRACON& Tower with Radar,15,42,35,0,92,0,0,30,0,30,15,42,65,0,122,20,0,20,142
12/30/2017,CHA,TN,ASO,ES,Combined TRACON& Tower with Radar,7,39,30,0,76,0,0,17,0,17,7,39,47,0,93,28,0,28,121
12/31/2017,CHA,TN,ASO,ES,Combined TRACON& Tower with Radar,9,25,14,0,48,0,0,10,0,10,9,25,24,0,58,8,0,8,66
01/01/2018,CHA,TN,ASO,ES,Combined TRACON& Tower with Radar,8,22,27,0,57,0,0,8,2,10,8,22,35,2,67,0,0,0,67
01/02/2018,CHA,TN,ASO,ES,Combined TRACON& Tower with Radar,16,46,54,2,118,0,0,25,0,25,16,46,79,2,143,8,0,8,151
01/03/2018,CHA,TN,ASO,ES,Combined TRACON& Tower with Radar,13,38,32,3,86,0,0,37,2,39,13,38,69,5,125,57,0,57,182
01/04/2018,CHA,TN,ASO,ES,Combined TRACON& Tower with Radar,14,35,53,32,134,0,0,15,3,18,14,35,68,35,152,0,6,6,158
01/05/2018,CHA,TN,ASO,ES,Combined TRACON& Tower with Radar,15,36,38,26,115,0,2,24,3,29,15,38,62,29,144,41,40,81,225
01/06/2018,CHA,TN,ASO,ES,Combined TRACON& Tower with Radar,9,31,32,0,72,0,2,40,2,44,9,33,72,2,116,12,0,12,128
01/07/2018,CHA,TN,ASO,ES,Combined TRACON& Tower with Radar,12,41,44,0,97,0,0,26,1,27,12,41,70,1,124,0,0,0,124
01/08/2018,CHA,TN,ASO,ES,Combined TRACON& Tower with Radar,15,40,9,20,84,0,0,0,0,0,15,40,9,20,84,0,0,0,84
01/09/2018,CHA,TN,ASO,ES,Combined TRACON& Tower with Radar,14,42,33,97,186,0,0,0,0,0,14,42,33,97,186,0,0,0,186
01/10/2018,CHA,TN,ASO,ES,Combined TRACON& Tower with Radar,14,44,48,54,160,0,1,14,1,16,14,45,62,55,176,8,40,48,224
01/11/2018,CHA,TN,ASO,ES,Combined TRACON& Tower with Radar,16,52,37,18,123,0,0,2,0,2,16,52,39,18,125,0,0,0,125
01/12/2018,CHA,TN,ASO,ES,Combined TRACON& Tower with Radar,18,52,28,8,106,0,0,3,0,3,18,52,31,8,109,0,0,0,109
01/13/2018,CHA,TN,ASO,ES,Combined TRACON& Tower with Radar,9,25,24,0,58,0,0,2,0,2,9,25,26,0,60,0,0,0,60
01/14/2018,CHA,TN,ASO,ES,Combined TRACON& Tower with Radar,10,32,37,0,79,0,0,35,0,35,10,32,72,0,114,0,0,0,114
01/15/2018,CHA,TN,ASO,ES,Combined TRACON& Tower with Radar,14,46,39,0,99,0,0,24,0,24,14,46,63,0,123,10,0,10,133
01/16/2018,CHA,TN,ASO,ES,Combined TRACON& Tower with Radar,13,42,29,0,84,0,0,9,0,9,13,42,38,0,93,0,0,0,93
01/17/2018,CHA,TN,ASO,ES,Combined TRACON& Tower with Radar,11,45,31,0,87,0,1,5,0,6,11,46,36,0,93,0,0,0,93
01/18/2018,CHA,TN,ASO,ES,Combined TRACON& Tower with Radar,13,47,57,3,120,0,1,18,0,19,13,48,75,3,139,14,0,14,153
01/19/2018,CHA,TN,ASO,ES,Combined TRACON& Tower with Radar,16,49,40,30,135,0,1,19,8,28,16,50,59,38,163,0,4,4,167
01/20/2018,CHA,TN,ASO,ES,Combined TRACON& Tower with Radar,9,24,29,0,62,0,1,38,2,41,9,25,67,2,103,10,0,10,113
01/21/2018,CHA,TN,ASO,ES,Combined TRACON& Tower with Radar,12,39,23,7,81,0,0,47,5,52,12,39,70,12,133,40,8,48,181
01/22/2018,CHA,TN,ASO,ES,Combined TRACON& Tower with Radar,15,39,37,4,95,0,0,14,0,14,15,39,51,4,109,12,0,12,121
01/23/2018,CHA,TN,ASO,ES,Combined TRACON& Tower with Radar,14,43,41,15,113,0,0,15,1,16,14,43,56,16,129,8,0,8,137
01/24/2018,CHA,TN,ASO,ES,Combined TRACON& Tower with Radar,14,45,41,13,113,0,2,37,1,40,14,47,78,14,153,68,0,68,221
01/25/2018,CHA,TN,ASO,ES,Combined TRACON& Tower with Radar,16,44,72,27,159,0,0,54,4,58,16,44,126,31,217,21,5,26,243
01/26/2018,CHA,TN,ASO,ES,Combined TRACON& Tower with Radar,16,46,53,49,164,0,0,34,1,35,16,46,87,50,199,0,0,0,199
01/27/2018,CHA,TN,ASO,ES,Combined TRACON& Tower with Radar,8,22,24,0,54,0,0,2,0,2,8,22,26,0,56,0,0,0,56
01/28/2018,CHA,TN,ASO,ES,Combined TRACON& Tower with Radar,14,46,34,0,94,0,0,0,0,0,14,46,34,0,94,0,0,0,94
01/29/2018,CHA,TN,ASO,ES,Combined TRACON& Tower with Radar,17,42,50,23,132,0,0,18,6,24,17,42,68,29,156,8,0,8,164
01/30/2018,CHA,TN,ASO,ES,Combined TRACON& Tower with Radar,16,54,49,30,149,0,4,35,3,42,16,58,84,33,191,14,0,14,205
01/31/2018,CHA,TN,ASO,ES,Combined TRACON& Tower with Radar,14,50,73,21,158,0,5,51,6,62,14,55,124,27,220,0,0,0,220
02/01/2018,CHA,TN,ASO,ES,Combined TRACON& Tower with Radar,16,43,48,0,107,0,1,3,2,6,16,44,51,2,113,0,0,0,113
02/02/2018,CHA,TN,ASO,ES,Combined TRACON& Tower with Radar,17,41,57,7,122,0,4,34,6,44,17,45,91,13,166,0,0,0,166
02/03/2018,CHA,TN,ASO,ES,Combined TRACON& Tower with Radar,9,21,34,0,64,0,2,49,0,51,9,23,83,0,115,10,0,10,125
02/04/2018,CHA,TN,ASO,ES,Combined TRACON& Tower with Radar,10,27,20,0,57,0,0,0,0,0,10,27,20,0,57,0,0,0,57
02/05/2018,CHA,TN,ASO,ES,Combined TRACON& Tower with Radar,19,32,49,20,120,0,0,26,1,27,19,32,75,21,147,28,26,54,201
02/06/2018,CHA,TN,ASO,ES,Combined TRACON& Tower with Radar,15,40,66,35,156,0,0,2,0,2,15,40,68,35,158,6,0,6,164
02/07/2018,CHA,TN,ASO,ES,Combined TRACON& Tower with Radar,16,39,30,20,105,0,0,2,0,2,16,39,32,20,107,0,5,5,112
02/08/2018,CHA,TN,ASO,ES,Combined TRACON& Tower with Radar,16,44,60,32,152,0,2,41,4,47,16,46,101,36,199,63,42,105,304
02/09/2018,CHA,TN,ASO,ES,Combined TRACON& Tower with Radar,15,39,66,37,157,0,2,51,8,61,15,41,117,45,218,56,0,56,274
02/10/2018,CHA,TN,ASO,ES,Combined TRACON& Tower with Radar,9,27,13,0,49,0,0,0,0,0,9,27,13,0,49,0,0,0,49
02/11/2018,CHA,TN,ASO,ES,Combined TRACON& Tower with Radar,12,35,28,1,76,0,0,3,0,3,12,35,31,1,79,0,0,0,79
02/12/2018,CHA,TN,ASO,ES,Combined TRACON& Tower with Radar,15,50,58,24,147,0,0,0,0,0,15,50,58,24,147,18,14,32,179
02/13/2018,CHA,TN,ASO,ES,Combined TRACON& Tower with Radar,14,46,65,17,142,0,0,0,0,0,14,46,65,17,142,0,8,8,150
02/14/2018,CHA,TN,ASO,ES,Combined TRACON& Tower with Radar,14,39,38,22,113,0,0,0,0,0,14,39,38,22,113,0,0,0,113
02/15/2018,CHA,TN,ASO,ES,Combined TRACON& Tower with Radar,19,50,65,11,145,0,0,5,2,7,19,50,70,13,152,14,0,14,166
02/16/2018,CHA,TN,ASO,ES,Combined TRACON& Tower with Radar,19,48,58,14,139,0,1,0,0,1,19,49,58,14,140,6,0,6,146
02/17/2018,CHA,TN,ASO,ES,Combined TRACON& Tower with Radar,13,21,7,0,41,0,0,0,0,0,13,21,7,0,41,0,0,0,41
02/18/2018,CHA,TN,ASO,ES,Combined TRACON& Tower with Radar,16,26,44,13,99,0,1,37,5,43,16,27,81,18,142,0,0,0,142
02/19/2018,CHA,TN,ASO,ES,Combined TRACON& Tower with Radar,18,42,65,0,125,0,0,5,0,5,18,42,70,0,130,0,0,0,130
02/20/2018,CHA,TN,ASO,ES,Combined TRACON& Tower with Radar,17,46,72,31,166,0,0,17,0,17,17,46,89,31,183,0,0,0,183
02/21/2018,CHA,TN,ASO,ES,Combined TRACON& Tower with Radar,18,43,58,34,153,0,0,16,2,18,18,43,74,36,171,0,0,0,171
02/22/2018,CHA,TN,ASO,ES,Combined TRACON& Tower with Radar,21,45,62,14,142,0,0,24,0,24,21,45,86,14,166,2,48,50,216
02/23/2018,CHA,TN,ASO,ES,Combined TRACON& Tower with Radar,21,47,80,66,214,0,0,55,5,60,21,47,135,71,274,77,119,196,470
02/24/2018,CHA,TN,ASO,ES,Combined TRACON& Tower with Radar,14,27,18,5,64,0,1,16,1,18,14,28,34,6,82,0,0,0,82
02/25/2018,CHA,TN,ASO,ES,Combined TRACON& Tower with Radar,19,37,38,0,94,0,0,0,0,0,19,37,38,0,94,0,0,0,94
02/26/2018,CHA,TN,ASO,ES,Combined TRACON& Tower with Radar,18,49,56,6,129,0,0,15,4,19,18,49,71,10,148,0,10,10,158
02/27/2018,CHA,TN,ASO,ES,Combined TRACON& Tower with Radar,17,60,49,47,173,0,1,42,7,50,17,61,91,54,223,54,18,72,295
02/28/2018,CHA,TN,ASO,ES,Combined TRACON& Tower with Radar,19,45,27,0,91,0,0,0,0,0,19,45,27,0,91,0,0,0,91
03/01/2018,CHA,TN,ASO,ES,Combined TRACON& Tower with Radar,21,40,43,2,106,0,0,0,2,2,21,40,43,4,108,0,0,0,108
03/02/2018,CHA,TN,ASO,ES,Combined TRACON& Tower with Radar,18,41,36,45,140,0,1,58,8,67,18,42,94,53,207,26,14,40,247
03/03/2018,CHA,TN,ASO,ES,Combined TRACON& Tower with Radar,13,24,39,12,88,0,0,48,4,52,13,24,87,16,140,36,12,48,188
03/04/2018,CHA,TN,ASO,ES,Combined TRACON& Tower with Radar,17,32,49,11,109,0,0,56,2,58,17,32,105,13,167,20,0,20,187
03/05/2018,CHA,TN,ASO,ES,Combined TRACON& Tower with Radar,18,36,61,8,123,0,0,20,0,20,18,36,81,8,143,0,0,0,143
03/06/2018,CHA,TN,ASO,ES,Combined TRACON& Tower with Radar,19,36,84,11,150,0,0,26,2,28,19,36,110,13,178,0,0,0,178
03/07/2018,CHA,TN,ASO,ES,Combined TRACON& Tower with Radar,17,36,58,9,120,0,0,13,0,13,17,36,71,9,133,0,0,0,133
03/08/2018,CHA,TN,ASO,ES,Combined TRACON& Tower with Radar,21,40,49,26,136,0,1,14,0,15,21,41,63,26,151,20,2,22,173
03/09/2018,CHA,TN,ASO,ES,Combined TRACON& Tower with Radar,18,44,79,16,157,0,0,55,0,55,18,44,134,16,212,58,2,60,272
03/10/2018,CHA,TN,ASO,ES,Combined TRACON& Tower with Radar,11,21,45,0,77,0,0,3,0,3,11,21,48,0,80,32,0,32,112
03/11/2018,CHA,TN,ASO,ES,Combined TRACON& Tower with Radar,17,31,32,12,92,0,0,1,0,1,17,31,33,12,93,0,0,0,93
03/12/2018,CHA,TN,ASO,ES,Combined TRACON& Tower with Radar,18,35,41,2,96,0,0,18,0,18,18,35,59,2,114,8,0,8,122
03/13/2018,CHA,TN,ASO,ES,Combined TRACON& Tower with Radar,17,44,49,19,129,0,0,42,7,49,17,44,91,26,178,24,0,24,202
03/14/2018,CHA,TN,ASO,ES,Combined TRACON& Tower with Radar,16,43,50,52,161,0,0,62,2,64,16,43,112,54,225,36,28,64,289
03/15/2018,CHA,TN,ASO,ES,Combined TRACON& Tower with Radar,18,38,89,10,155,0,1,45,0,46,18,39,134,10,201,14,0,14,215
03/16/2018,CHA,TN,ASO,ES,Combined TRACON& Tower with Radar,19,43,49,60,171,0,2,58,7,67,19,45,107,67,238,7,19,26,264
03/17/2018,CHA,TN,ASO,ES,Combined TRACON& Tower with Radar,12,21,33,3,69,0,0,13,3,16,12,21,46,6,85,0,0,0,85
03/18/2018,CHA,TN,ASO,ES,Combined TRACON& Tower with Radar,17,30,56,20,123,0,0,46,4,50,17,30,102,24,173,22,0,22,195
03/19/2018,CHA,TN,ASO,ES,Combined TRACON& Tower with Radar,19,40,26,4,89,0,0,0,0,0,19,40,26,4,89,0,0,0,89
03/20/2018,CHA,TN,ASO,ES,Combined TRACON& Tower with Radar,20,37,40,5,102,0,0,11,2,13,20,37,51,7,115,10,20,30,145
03/21/2018,CHA,TN,ASO,ES,Combined TRACON& Tower with Radar,19,37,33,20,109,0,1,9,0,10,19,38,42,20,119,0,0,0,119
03/22/2018,CHA,TN,ASO,ES,Combined TRACON& Tower with Radar,19,54,79,52,204,0,2,46,6,54,19,56,125,58,258,0,14,14,272
03/23/2018,CHA,TN,ASO,ES,Combined TRACON& Tower with Radar,20,44,62,26,152,0,2,35,4,41,20,46,97,30,193,26,0,26,219
03/24/2018,CHA,TN,ASO,ES,Combined TRACON& Tower with Radar,11,21,39,0,71,0,2,11,1,14,11,23,50,1,85,14,0,14,99
03/25/2018,CHA,TN,ASO,ES,Combined TRACON& Tower with Radar,19,30,40,0,89,0,0,3,0,3,19,30,43,0,92,0,0,0,92
03/26/2018,CHA,TN,ASO,ES,Combined TRACON& Tower with Radar,19,39,65,51,174,0,0,11,4,15,19,39,76,55,189,38,48,86,275
03/27/2018,CHA,TN,ASO,ES,Combined TRACON& Tower with Radar,19,41,73,16,149,0,0,10,0,10,19,41,83,16,159,24,0,24,183
03/28/2018,CHA,TN,ASO,ES,Combined TRACON& Tower with Radar,18,49,74,24,165,0,0,7,0,7,18,49,81,24,172,0,6,6,178
03/29/2018,CHA,TN,ASO,ES,Combined TRACON& Tower with Radar,19,44,57,25,145,0,0,6,10,16,19,44,63,35,161,0,96,96,257
03/30/2018,CHA,TN,ASO,ES,Combined TRACON& Tower with Radar,17,44,58,14,133,0,4,14,0,18,17,48,72,14,151,86,4,90,241
03/31/2018,CHA,TN,ASO,ES,Combined TRACON& Tower with Radar,11,24,57,4,96,0,4,74,0,78,11,28,131,4,174,58,0,58,232
04/01/2018,CHA,TN,ASO,ES,Combined TRACON& Tower with Radar,20,29,39,0,88,0,0,19,0,19,20,29,58,0,107,0,0,0,107
04/02/2018,CHA,TN,ASO,ES,Combined TRACON& Tower with Radar,17,47,60,14,138,0,1,38,4,43,17,48,98,18,181,6,7,13,194
04/03/2018,CHA,TN,ASO,ES,Combined TRACON& Tower with Radar,23,46,43,22,134,0,0,15,7,22,23,46,58,29,156,0,84,84,240
04/04/2018,CHA,TN,ASO,ES,Combined TRACON& Tower with Radar,24,42,55,29,150,0,2,29,4,35,24,44,84,33,185,0,0,0,185
04/05/2018,CHA,TN,ASO,ES,Combined TRACON& Tower with Radar,22,44,73,19,158,0,1,51,2,54,22,45,124,21,212,72,6,78,290
04/06/2018,CHA,TN,ASO,ES,Combined TRACON& Tower with Radar,22,39,53,0,114,0,0,2,2,4,22,39,55,2,118,56,0,56,174
04/07/2018,CHA,TN,ASO,ES,Combined TRACON& Tower with Radar,12,27,19,8,66,0,0,2,0,2,12,27,21,8,68,0,0,0,68
04/08/2018,CHA,TN,ASO,ES,Combined TRACON& Tower with Radar,19,35,39,11,104,0,2,30,4,36,19,37,69,15,140,0,6,6,146
04/09/2018,CHA,TN,ASO,ES,Combined TRACON& Tower with Radar,21,36,71,48,176,0,1,22,1,24,21,37,93,49,200,0,6,6,206
04/10/2018,CHA,TN,ASO,ES,Combined TRACON& Tower with Radar,20,42,56,21,139,0,2,47,6,55,20,44,103,27,194,30,20,50,244
04/11/2018,CHA,TN,ASO,ES,Combined TRACON& Tower with Radar,21,41,60,47,169,0,0,43,4,47,21,41,103,51,216,16,15,31,247
04/12/2018,CHA,TN,ASO,ES,Combined TRACON& Tower with Radar,23,46,72,51,192,0,4,29,9,42,23,50,101,60,234,20,66,86,320
04/13/2018,CHA,TN,ASO,ES,Combined TRACON& Tower with Radar,25,38,71,50,184,0,1,27,2,30,25,39,98,52,214,12,0,12,226
04/14/2018,CHA,TN,ASO,ES,Combined TRACON& Tower with Radar,13,22,20,0,55,0,2,0,0,2,13,24,20,0,57,0,0,0,57
04/15/2018,CHA,TN,ASO,ES,Combined TRACON& Tower with Radar,17,33,43,2,95,0,0,1,0,1,17,33,44,2,96,0,0,0,96
04/16/2018,CHA,TN,ASO,ES,Combined TRACON& Tower with Radar,21,36,40,10,107,0,0,9,0,9,21,36,49,10,116,0,0,0,116
04/17/2018,CHA,TN,ASO,ES,Combined TRACON& Tower with Radar,21,45,64,12,142,0,0,35,9,44,21,45,99,21,186,26,0,26,212
04/18/2018,CHA,TN,ASO,ES,Combined TRACON& Tower with Radar,21,42,58,19,140,0,0,21,3,24,21,42,79,22,164,6,24,30,194
04/19/2018,CHA,TN,ASO,ES,Combined TRACON& Tower with Radar,22,46,67,19,154,0,0,22,5,27,22,46,89,24,181,20,0,20,201
04/20/2018,CHA,TN,ASO,ES,Combined TRACON& Tower with Radar,22,41,49,28,140,0,0,40,10,50,22,41,89,38,190,0,0,0,190
04/21/2018,CHA,TN,ASO,ES,Combined TRACON& Tower with Radar,11,25,41,6,83,0,2,45,7,54,11,27,86,13,137,25,0,25,162
04/22/2018,CHA,TN,ASO,ES,Combined TRACON& Tower with Radar,19,34,31,5,89,0,0,0,0,0,19,34,31,5,89,0,0,0,89
04/23/2018,CHA,TN,ASO,ES,Combined TRACON& Tower with Radar,22,41,46,2,111,0,0,1,1,2,22,41,47,3,113,0,0,0,113
04/24/2018,CHA,TN,ASO,ES,Combined TRACON& Tower with Radar,21,40,59,10,130,0,0,10,2,12,21,40,69,12,142,21,28,49,191
04/25/2018,CHA,TN,ASO,ES,Combined TRACON& Tower with Radar,20,45,85,44,194,0,0,21,0,21,20,45,106,44,215,32,24,56,271
04/26/2018,CHA,TN,ASO,ES,Combined TRACON& Tower with Radar,25,46,60,0,131,0,0,2,0,2,25,46,62,0,133,0,0,0,133
04/27/2018,CHA,TN,ASO,ES,Combined TRACON& Tower with Radar,23,43,60,52,178,0,0,33,15,48,23,43,93,67,226,6,18,24,250
04/28/2018,CHA,TN,ASO,ES,Combined TRACON& Tower with Radar,12,25,75,0,112,0,0,118,0,118,12,25,193,0,230,0,0,0,230
04/29/2018,CHA,TN,ASO,ES,Combined TRACON& Tower with Radar,19,41,38,20,118,0,3,45,9,57,19,44,83,29,175,4,0,4,179
04/30/2018,CHA,TN,ASO,ES,Combined TRACON& Tower with Radar,22,41,44,30,137,0,0,42,2,44,22,41,86,32,181,0,2,2,183
05/01/2018,CHA,TN,ASO,ES,Combined TRACON& Tower with Radar,23,41,44,26,134,0,2,27,4,33,23,43,71,30,167,0,6,6,173
05/02/2018,CHA,TN,ASO,ES,Combined TRACON& Tower with Radar,23,37,81,60,201,0,0,40,5,45,23,37,121,65,246,17,6,23,269
05/03/2018,CHA,TN,ASO,ES,Combined TRACON& Tower with Radar,24,47,56,15,142,0,1,28,0,29,24,48,84,15,171,8,3,11,182
05/04/2018,CHA,TN,ASO,ES,Combined TRACON& Tower with Radar,25,39,65,14,143,0,0,37,15,52,25,39,102,29,195,0,6,6,201
05/05/2018,CHA,TN,ASO,ES,Combined TRACON& Tower with Radar,11,26,29,3,69,0,0,12,0,12,11,26,41,3,81,0,0,0,81
05/06/2018,CHA,TN,ASO,ES,Combined TRACON& Tower with Radar,20,33,65,3,121,0,1,26,2,29,20,34,91,5,150,2,0,2,152
05/07/2018,CHA,TN,ASO,ES,Combined TRACON& Tower with Radar,22,45,47,48,162,0,0,40,0,40,22,45,87,48,202,46,26,72,274
05/08/2018,CHA,TN,ASO,ES,Combined TRACON& Tower with Radar,33,41,65,23,162,0,1,36,0,37,33,42,101,23,199,70,8,78,277
05/09/2018,CHA,TN,ASO,ES,Combined TRACON& Tower with Radar,21,45,70,6,142,0,0,55,0,55,21,45,125,6,197,46,0,46,243
05/10/2018,CHA,TN,ASO,ES,Combined TRACON& Tower with Radar,23,46,54,4,127,0,0,22,0,22,23,46,76,4,149,50,0,50,199
05/11/2018,CHA,TN,ASO,ES,Combined TRACON& Tower with Radar,24,42,49,5,120,0,1,29,5,35,24,43,78,10,155,22,6,28,183
05/12/2018,CHA,TN,ASO,ES,Combined TRACON& Tower with Radar,11,23,19,0,53,0,2,44,0,46,11,25,63,0,99,8,0,8,107
05/13/2018,CHA,TN,ASO,ES,Combined TRACON& Tower with Radar,18,36,23,3,80,0,1,32,3,36,18,37,55,6,116,0,0,0,116
05/14/2018,CHA,TN,ASO,ES,Combined TRACON& Tower with Radar,24,32,56,0,112,0,1,39,0,40,24,33,95,0,152,6,0,6,158
05/15/2018,CHA,TN,ASO,ES,Combined TRACON& Tower with Radar,24,38,49,17,128,0,1,21,7,29,24,39,70,24,157,46,4,50,207
05/16/2018,CHA,TN,ASO,ES,Combined TRACON& Tower with Radar,21,41,58,2,122,0,0,10,2,12,21,41,68,4,134,18,0,18,152
05/17/2018,CHA,TN,ASO,ES,Combined TRACON& Tower with Radar,26,42,81,6,155,0,1,9,0,10,26,43,90,6,165,12,0,12,177
05/18/2018,CHA,TN,ASO,ES,Combined TRACON& Tower with Radar,22,61,50,5,138,0,0,9,0,9,22,61,59,5,147,0,0,0,147
05/19/2018,CHA,TN,ASO,ES,Combined TRACON& Tower with Radar,11,35,43,4,93,0,0,11,0,11,11,35,54,4,104,30,0,30,134
05/20/2018,CHA,TN,ASO,ES,Combined TRACON& Tower with Radar,19,40,50,4,113,0,0,22,1,23,19,40,72,5,136,0,0,0,136
05/21/2018,CHA,TN,ASO,ES,Combined TRACON& Tower with Radar,25,42,54,31,152,0,0,22,2,24,25,42,76,33,176,58,0,58,234
05/22/2018,CHA,TN,ASO,ES,Combined TRACON& Tower with Radar,23,46,66,10,145,0,0,11,1,12,23,46,77,11,157,0,0,0,157
05/23/2018,CHA,TN,ASO,ES,Combined TRACON& Tower with Radar,24,38,53,2,117,0,0,29,1,30,24,38,82,3,147,16,0,16,163
05/24/2018,CHA,TN,ASO,ES,Combined TRACON& Tower with Radar,25,52,97,29,203,0,1,30,4,35,25,53,127,33,238,12,70,82,320
05/25/2018,CHA,TN,ASO,ES,Combined TRACON& Tower with Radar,24,53,66,10,153,0,0,14,0,14,24,53,80,10,167,0,0,0,167
05/26/2018,CHA,TN,ASO,ES,Combined TRACON& Tower with Radar,11,28,24,0,63,0,0,1,0,1,11,28,25,0,64,0,0,0,64
05/27/2018,CHA,TN,ASO,ES,Combined TRACON& Tower with Radar,20,19,19,0,58,0,0,1,0,1,20,19,20,0,59,0,0,0,59
05/28/2018,CHA,TN,ASO,ES,Combined TRACON& Tower with Radar,24,30,42,0,96,0,0,1,0,1,24,30,43,0,97,0,0,0,97
05/29/2018,CHA,TN,ASO,ES,Combined TRACON& Tower with Radar,19,37,32,0,88,0,0,0,1,1,19,37,32,1,89,0,0,0,89
05/30/2018,CHA,TN,ASO,ES,Combined TRACON& Tower with Radar,27,37,40,0,104,0,0,3,2,5,27,37,43,2,109,4,0,4,113
05/31/2018,CHA,TN,ASO,ES,Combined TRACON& Tower with Radar,21,37,58,17,133,0,0,6,1,7,21,37,64,18,140,0,12,12,152
06/01/2018,CHA,TN,ASO,ES,Combined TRACON& Tower with Radar,23,47,65,3,138,0,2,11,6,19,23,49,76,9,157,0,0,0,157
06/02/2018,CHA,TN,ASO,ES,Combined TRACON& Tower with Radar,13,33,27,23,96,0,0,27,0,27,13,33,54,23,123,18,26,44,167
06/03/2018,CHA,TN,ASO,ES,Combined TRACON& Tower with Radar,20,40,31,6,97,0,0,10,1,11,20,40,41,7,108,0,0,0,108
06/04/2018,CHA,TN,ASO,ES,Combined TRACON& Tower with Radar,23,36,62,16,137,0,1,32,0,33,23,37,94,16,170,4,4,8,178
06/05/2018,CHA,TN,ASO,ES,Combined TRACON& Tower with Radar,22,49,52,31,154,0,2,44,5,51,22,51,96,36,205,40,16,56,261
06/06/2018,CHA,TN,ASO,ES,Combined TRACON& Tower with Radar,25,36,58,66,185,0,2,43,11,56,25,38,101,77,241,28,0,28,269
06/07/2018,CHA,TN,ASO,ES,Combined TRACON& Tower with Radar,23,44,56,10,133,0,1,50,4,55,23,45,106,14,188,8,0,8,196
06/08/2018,CHA,TN,ASO,ES,Combined TRACON& Tower with Radar,23,50,43,34,150,0,2,30,7,39,23,52,73,41,189,36,14,50,239
06/09/2018,CHA,TN,ASO,ES,Combined TRACON& Tower with Radar,15,36,30,0,81,0,1,26,4,31,15,37,56,4,112,4,0,4,116
06/10/2018,CHA,TN,ASO,ES,Combined TRACON& Tower with Radar,16,35,23,8,82,0,0,20,6,26,16,35,43,14,108,6,0,6,114
06/11/2018,CHA,TN,ASO,ES,Combined TRACON& Tower with Radar,21,42,45,8,116,0,0,9,0,9,21,42,54,8,125,14,0,14,139
06/12/2018,CHA,TN,ASO,ES,Combined TRACON& Tower with Radar,18,50,56,7,131,0,1,19,3,23,18,51,75,10,154,16,26,42,196
06/13/2018,CHA,TN,ASO,ES,Combined TRACON& Tower with Radar,22,51,63,5,141,0,0,4,4,8,22,51,67,9,149,0,0,0,149
06/14/2018,CHA,TN,ASO,ES,Combined TRACON& Tower with Radar,18,56,67,13,154,0,3,25,0,28,18,59,92,13,182,36,0,36,218
06/15/2018,CHA,TN,ASO,ES,Combined TRACON& Tower with Radar,25,59,41,51,176,0,3,36,1,40,25,62,77,52,216,0,0,0,216
06/16/2018,CHA,TN,ASO,ES,Combined TRACON& Tower with Radar,23,39,52,8,122,0,1,44,7,52,23,40,96,15,174,10,10,20,194
06/17/2018,CHA,TN,ASO,ES,Combined TRACON& Tower with Radar,16,35,25,9,85,0,0,24,4,28,16,35,49,13,113,0,0,0,113
06/18/2018,CHA,TN,ASO,ES,Combined TRACON& Tower with Radar,17,39,54,33,143,0,2,31,6,39,17,41,85,39,182,18,10,28,210
06/19/2018,CHA,TN,ASO,ES,Combined TRACON& Tower with Radar,20,43,56,74,193,0,2,30,1,33,20,45,86,75,226,24,18,42,268
06/20/2018,CHA,TN,ASO,ES,Combined TRACON& Tower with Radar,20,38,55,25,138,0,0,40,5,45,20,38,95,30,183,16,10,26,209
06/21/2018,CHA,TN,ASO,ES,Combined TRACON& Tower with Radar,19,48,61,2,130,0,0,6,0,6,19,48,67,2,136,0,0,0,136
06/22/2018,CHA,TN,ASO,ES,Combined TRACON& Tower with Radar,19,51,48,26,144,0,1,13,6,20,19,52,61,32,164,32,0,32,196
06/23/2018,CHA,TN,ASO,ES,Combined TRACON& Tower with Radar,20,30,26,0,76,0,1,11,2,14,20,31,37,2,90,24,0,24,114
06/24/2018,CHA,TN,ASO,ES,Combined TRACON& Tower with Radar,18,46,44,10,118,0,0,20,2,22,18,46,64,12,140,0,0,0,140
06/25/2018,CHA,TN,ASO,ES,Combined TRACON& Tower with Radar,22,48,46,18,134,0,0,19,0,19,22,48,65,18,153,4,6,10,163
06/26/2018,CHA,TN,ASO,ES,Combined TRACON& Tower with Radar,19,49,69,8,145,0,0,30,2,32,19,49,99,10,177,18,0,18,195
06/27/2018,CHA,TN,ASO,ES,Combined TRACON& Tower with Radar,19,46,59,5,129,0,0,9,1,10,19,46,68,6,139,10,12,22,161
06/28/2018,CHA,TN,ASO,ES,Combined TRACON& Tower with Radar,18,44,42,5,109,0,0,6,0,6,18,44,48,5,115,0,0,0,115
06/29/2018,CHA,TN,ASO,ES,Combined TRACON& Tower with Radar,18,49,77,27,171,0,2,15,1,18,18,51,92,28,189,0,0,0,189
06/30/2018,CHA,TN,ASO,ES,Combined TRACON& Tower with Radar,15,28,42,10,95,0,0,29,0,29,15,28,71,10,124,92,0,92,216
07/01/2018,CHA,TN,ASO,ES,Combined TRACON& Tower with Radar,19,30,27,3,79,0,0,20,1,21,19,30,47,4,100,0,0,0,100
07/02/2018,CHA,TN,ASO,ES,Combined TRACON& Tower with Radar,20,36,48,11,115,0,0,16,1,17,20,36,64,12,132,10,4,14,146
07/03/2018,CHA,TN,ASO,ES,Combined TRACON& Tower with Radar,15,32,46,37,130,0,1,49,7,57,15,33,95,44,187,6,28,34,221
07/04/2018,CHA,TN,ASO,ES,Combined TRACON& Tower with Radar,16,19,14,0,49,0,2,15,0,17,16,21,29,0,66,4,0,4,70
07/05/2018,CHA,TN,ASO,ES,Combined TRACON& Tower with Radar,19,30,43,10,102,0,0,20,0,20,19,30,63,10,122,0,0,0,122
07/06/2018,CHA,TN,ASO,ES,Combined TRACON& Tower with Radar,18,34,44,18,114,0,1,17,2,20,18,35,61,20,134,0,0,0,134
07/07/2018,CHA,TN,ASO,ES,Combined TRACON& Tower with Radar,14,30,25,0,69,0,1,3,1,5,14,31,28,1,74,0,0,0,74
07/08/2018,CHA,TN,ASO,ES,Combined TRACON& Tower with Radar,18,41,35,6,100,0,1,20,5,26,18,42,55,11,126,0,0,0,126
07/09/2018,CHA,TN,ASO,ES,Combined TRACON& Tower with Radar,18,48,67,35,168,0,0,38,1,39,18,48,105,36,207,7,0,7,214
07/10/2018,CHA,TN,ASO,ES,Combined TRACON& Tower with Radar,18,59,55,27,159,0,1,32,13,46,18,60,87,40,205,24,6,30,235
07/11/2018,CHA,TN,ASO,ES,Combined TRACON& Tower with Radar,23,43,63,25,154,0,0,31,2,33,23,43,94,27,187,14,6,20,207
07/12/2018,CHA,TN,ASO,ES,Combined TRACON& Tower with Radar,23,46,89,18,176,0,1,36,0,37,23,47,125,18,213,4,0,4,217
07/13/2018,CHA,TN,ASO,ES,Combined TRACON& Tower with Radar,22,56,45,15,138,0,0,21,9,30,22,56,66,24,168,0,0,0,168
07/14/2018,CHA,TN,ASO,ES,Combined TRACON& Tower with Radar,16,27,25,8,76,0,0,14,0,14,16,27,39,8,90,26,0,26,116
07/15/2018,CHA,TN,ASO,ES,Combined TRACON& Tower with Radar,16,37,41,0,94,0,3,8,0,11,16,40,49,0,105,0,0,0,105
07/16/2018,CHA,TN,ASO,ES,Combined TRACON& Tower with Radar,20,56,33,3,112,0,0,14,1,15,20,56,47,4,127,0,0,0,127
07/17/2018,CHA,TN,ASO,ES,Combined TRACON& Tower with Radar,16,56,40,14,126,0,0,7,1,8,16,56,47,15,134,0,0,0,134
07/18/2018,CHA,TN,ASO,ES,Combined TRACON& Tower with Radar,20,43,48,71,182,0,0,54,1,55,20,43,102,72,237,26,32,58,295
07/19/2018,CHA,TN,ASO,ES,Combined TRACON& Tower with Radar,20,48,47,4,119,0,1,19,0,20,20,49,66,4,139,18,0,18,157
07/20/2018,CHA,TN,ASO,ES,Combined TRACON& Tower with Radar,20,60,56,18,154,0,0,19,7,26,20,60,75,25,180,0,0,0,180
07/21/2018,CHA,TN,ASO,ES,Combined TRACON& Tower with Radar,17,34,25,3,79,0,2,14,2,18,17,36,39,5,97,0,0,0,97
07/22/2018,CHA,TN,ASO,ES,Combined TRACON& Tower with Radar,16,41,34,6,97,0,0,13,2,15,16,41,47,8,112,0,0,0,112
07/23/2018,CHA,TN,ASO,ES,Combined TRACON& Tower with Radar,16,46,31,2,95,0,1,10,1,12,16,47,41,3,107,16,0,16,123
07/24/2018,CHA,TN,ASO,ES,Combined TRACON& Tower with Radar,19,49,67,4,139,0,0,24,0,24,19,49,91,4,163,20,0,20,183
07/25/2018,CHA,TN,ASO,ES,Combined TRACON& Tower with Radar,19,40,40,6,105,0,0,43,0,43,19,40,83,6,148,28,0,28,176
07/26/2018,CHA,TN,ASO,ES,Combined TRACON& Tower with Radar,23,45,53,20,141,0,2,34,3,39,23,47,87,23,180,0,0,0,180
07/27/2018,CHA,TN,ASO,ES,Combined TRACON& Tower with Radar,19,45,55,53,172,0,2,16,1,19,19,47,71,54,191,14,0,14,205
07/28/2018,CHA,TN,ASO,ES,Combined TRACON& Tower with Radar,14,32,30,0,76,0,0,45,0,45,14,32,75,0,121,20,0,20,141
07/29/2018,CHA,TN,ASO,ES,Combined TRACON& Tower with Radar,17,37,46,10,110,0,0,37,8,45,17,37,83,18,155,12,0,12,167
07/30/2018,CHA,TN,ASO,ES,Combined TRACON& Tower with Radar,17,52,48,68,185,0,0,32,3,35,17,52,80,71,220,6,24,30,250
07/31/2018,CHA,TN,ASO,ES,Combined TRACON& Tower with Radar,20,49,50,14,133,0,0,5,0,5,20,49,55,14,138,0,0,0,138
08/01/2018,CHA,TN,ASO,ES,Combined TRACON& Tower with Radar,18,48,57,2,125,0,0,3,0,3,18,48,60,2,128,0,0,0,128
08/02/2018,CHA,TN,ASO,ES,Combined TRACON& Tower with Radar,20,48,57,0,125,0,0,0,0,0,20,48,57,0,125,0,0,0,125
08/03/2018,CHA,TN,ASO,ES,Combined TRACON& Tower with Radar,18,42,38,26,124,0,0,33,0,33,18,42,71,26,157,10,16,26,183
08/04/2018,CHA,TN,ASO,ES,Combined TRACON& Tower with Radar,17,29,20,0,66,0,0,21,0,21,17,29,41,0,87,4,0,4,91
08/05/2018,CHA,TN,ASO,ES,Combined TRACON& Tower with Radar,19,38,26,4,87,0,0,15,8,23,19,38,41,12,110,0,0,0,110
08/06/2018,CHA,TN,ASO,ES,Combined TRACON& Tower with Radar,18,54,35,12,119,0,0,19,0,19,18,54,54,12,138,8,12,20,158
08/07/2018,CHA,TN,ASO,ES,Combined TRACON& Tower with Radar,17,47,55,18,137,0,0,26,4,30,17,47,81,22,167,0,0,0,167
08/08/2018,CHA,TN,ASO,ES,Combined TRACON& Tower with Radar,17,41,50,1,109,0,0,15,3,18,17,41,65,4,127,0,0,0,127
08/09/2018,CHA,TN,ASO,ES,Combined TRACON& Tower with Radar,19,46,63,0,128,0,0,9,2,11,19,46,72,2,139,0,0,0,139
08/10/2018,CHA,TN,ASO,ES,Combined TRACON& Tower with Radar,20,46,49,23,138,0,0,13,4,17,20,46,62,27,155,0,0,0,155
08/11/2018,CHA,TN,ASO,ES,Combined TRACON& Tower with Radar,14,29,27,17,87,0,1,40,7,48,14,30,67,24,135,20,8,28,163
08/12/2018,CHA,TN,ASO,ES,Combined TRACON& Tower with Radar,15,37,46,15,113,0,0,28,8,36,15,37,74,23,149,0,0,0,149
08/13/2018,CHA,TN,ASO,ES,Combined TRACON& Tower with Radar,17,46,66,25,154,0,0,32,3,35,17,46,98,28,189,16,0,16,205
08/14/2018,CHA,TN,ASO,ES,Combined TRACON& Tower with Radar,17,54,67,10,148,0,1,35,3,39,17,55,102,13,187,14,0,14,201
08/15/2018,CHA,TN,ASO,ES,Combined TRACON& Tower with Radar,18,55,59,11,143,0,0,33,2,35,18,55,92,13,178,0,0,0,178
08/16/2018,CHA,TN,ASO,ES,Combined TRACON& Tower with Radar,24,56,57,29,166,0,0,27,5,32,24,56,84,34,198,22,4,26,224
08/17/2018,CHA,TN,ASO,ES,Combined TRACON& Tower with Radar,21,47,39,17,124,0,1,7,3,11,21,48,46,20,135,0,6,6,141
08/18/2018,CHA,TN,ASO,ES,Combined TRACON& Tower with Radar,16,31,21,22,90,0,0,11,0,11,16,31,32,22,101,0,6,6,107
08/19/2018,CHA,TN,ASO,ES,Combined TRACON& Tower with Radar,19,38,44,3,104,0,2,12,2,16,19,40,56,5,120,6,0,6,126
08/20/2018,CHA,TN,ASO,ES,Combined TRACON& Tower with Radar,21,55,48,10,134,0,0,5,0,5,21,55,53,10,139,0,0,0,139
08/21/2018,CHA,TN,ASO,ES,Combined TRACON& Tower with Radar,21,43,44,4,112,0,1,3,0,4,21,44,47,4,116,32,0,32,148
08/22/2018,CHA,TN,ASO,ES,Combined TRACON& Tower with Radar,20,47,45,4,116,0,0,24,0,24,20,47,69,4,140,26,0,26,166
08/23/2018,CHA,TN,ASO,ES,Combined TRACON& Tower with Radar,24,42,56,25,147,0,1,36,0,37,24,43,92,25,184,8,0,8,192
08/24/2018,CHA,TN,ASO,ES,Combined TRACON& Tower with Radar,22,46,47,28,143,0,0,44,8,52,22,46,91,36,195,4,12,16,211
08/25/2018,CHA,TN,ASO,ES,Combined TRACON& Tower with Radar,15,29,32,4,80,0,0,34,0,34,15,29,66,4,114,18,4,22,136
08/26/2018,CHA,TN,ASO,ES,Combined TRACON& Tower with Radar,21,36,35,8,100,0,0,43,9,52,21,36,78,17,152,22,0,22,174
08/27/2018,CHA,TN,ASO,ES,Combined TRACON& Tower with Radar,22,47,46,51,166,0,1,24,0,25,22,48,70,51,191,8,0,8,199
08/28/2018,CHA,TN,ASO,ES,Combined TRACON& Tower with Radar,21,46,58,34,159,0,0,45,8,53,21,46,103,42,212,0,56,56,268
08/29/2018,CHA,TN,ASO,ES,Combined TRACON& Tower with Radar,21,56,53,26,156,0,1,38,5,44,21,57,91,31,200,24,0,24,224
08/30/2018,CHA,TN,ASO,ES,Combined TRACON& Tower with Radar,24,48,66,23,161,0,2,34,4,40,24,50,100,27,201,0,12,12,213
08/31/2018,CHA,TN,ASO,ES,Combined TRACON& Tower with Radar,19,42,50,0,111,0,2,24,2,28,19,44,74,2,139,8,0,8,147
09/01/2018,CHA,TN,ASO,ES,Combined TRACON& Tower with Radar,15,18,19,0,52,0,0,15,0,15,15,18,34,0,67,0,0,0,67
09/02/2018,CHA,TN,ASO,ES,Combined TRACON& Tower with Radar,17,25,18,0,60,0,0,21,0,21,17,25,39,0,81,0,0,0,81
09/03/2018,CHA,TN,ASO,ES,Combined TRACON& Tower with Radar,26,27,38,2,93,0,2,39,0,41,26,29,77,2,134,0,0,0,134
09/04/2018,CHA,TN,ASO,ES,Combined TRACON& Tower with Radar,22,28,51,26,127,0,2,38,1,41,22,30,89,27,168,0,0,0,168
09/05/2018,CHA,TN,ASO,ES,Combined TRACON& Tower with Radar,22,30,54,32,138,0,3,35,2,40,22,33,89,34,178,8,0,8,186
09/06/2018,CHA,TN,ASO,ES,Combined TRACON& Tower with Radar,27,31,47,32,137,0,1,38,5,44,27,32,85,37,181,6,38,44,225
09/07/2018,CHA,TN,ASO,ES,Combined TRACON& Tower with Radar,28,31,48,46,153,0,0,36,0,36,28,31,84,46,189,0,48,48,237
09/08/2018,CHA,TN,ASO,ES,Combined TRACON& Tower with Radar,15,19,40,10,84,0,1,34,0,35,15,20,74,10,119,8,4,12,131
09/09/2018,CHA,TN,ASO,ES,Combined TRACON& Tower with Radar,27,36,24,5,92,0,0,10,8,18,27,36,34,13,110,8,0,8,118
09/10/2018,CHA,TN,ASO,ES,Combined TRACON& Tower with Radar,30,48,60,12,150,0,0,4,1,5,30,48,64,13,155,0,0,0,155
09/11/2018,CHA,TN,ASO,ES,Combined TRACON& Tower with Radar,24,41,85,44,194,0,3,4,15,22,24,44,89,59,216,18,26,44,260
09/12/2018,CHA,TN,ASO,ES,Combined TRACON& Tower with Radar,26,44,50,47,167,0,2,31,18,51,26,46,81,65,218,57,28,85,303
09/13/2018,CHA,TN,ASO,ES,Combined TRACON& Tower with Radar,30,41,58,24,153,0,1,18,2,21,30,42,76,26,174,86,20,106,280
09/14/2018,CHA,TN,ASO,ES,Combined TRACON& Tower with Radar,29,40,42,9,120,0,0,42,1,43,29,40,84,10,163,73,1,74,237
09/15/2018,CHA,TN,ASO,ES,Combined TRACON& Tower with Radar,15,18,17,0,50,0,1,33,0,34,15,19,50,0,84,19,0,19,103
09/16/2018,CHA,TN,ASO,ES,Combined TRACON& Tower with Radar,23,34,21,0,78,0,1,5,0,6,23,35,26,0,84,0,0,0,84
09/17/2018,CHA,TN,ASO,ES,Combined TRACON& Tower with Radar,27,43,49,15,134,0,1,12,1,14,27,44,61,16,148,0,0,0,148
09/18/2018,CHA,TN,ASO,ES,Combined TRACON& Tower with Radar,28,41,68,12,149,0,0,36,5,41,28,41,104,17,190,40,24,64,254
09/19/2018,CHA,TN,ASO,ES,Combined TRACON& Tower with Radar,28,36,55,2,121,0,0,40,0,40,28,36,95,2,161,22,0,22,183
09/20/2018,CHA,TN,ASO,ES,Combined TRACON& Tower with Radar,28,42,62,9,141,0,1,40,1,42,28,43,102,10,183,2,0,2,185
09/21/2018,CHA,TN,ASO,ES,Combined TRACON& Tower with Radar,28,41,60,48,177,0,1,35,9,45,28,42,95,57,222,48,8,56,278
09/22/2018,CHA,TN,ASO,ES,Combined TRACON& Tower with Radar,19,21,26,1,67,0,1,17,0,18,19,22,43,1,85,8,0,8,93
09/23/2018,CHA,TN,ASO,ES,Combined TRACON& Tower with Radar,21,42,30,22,115,0,1,7,6,14,21,43,37,28,129,0,0,0,129
09/24/2018,CHA,TN,ASO,ES,Combined TRACON& Tower with Radar,25,36,43,11,115,0,0,0,0,0,25,36,43,11,115,4,0,4,119
09/25/2018,CHA,TN,ASO,ES,Combined TRACON& Tower with Radar,28,37,53,21,139,0,0,4,0,4,28,37,57,21,143,10,0,10,153
09/26/2018,CHA,TN,ASO,ES,Combined TRACON& Tower with Radar,26,37,39,0,102,0,0,0,0,0,26,37,39,0,102,0,0,0,102
09/27/2018,CHA,TN,ASO,ES,Combined TRACON& Tower with Radar,27,39,41,6,113,0,0,2,0,2,27,39,43,6,115,0,0,0,115
09/28/2018,CHA,TN,ASO,ES,Combined TRACON& Tower with Radar,26,45,68,10,149,0,1,12,2,15,26,46,80,12,164,0,20,20,184
09/29/2018,CHA,TN,ASO,ES,Combined TRACON& Tower with Radar,20,20,45,0,85,0,0,30,0,30,20,20,75,0,115,40,0,40,155
09/30/2018,CHA,TN,ASO,ES,Combined TRACON& Tower with Radar,25,34,36,0,95,0,1,20,0,21,25,35,56,0,116,6,0,6,122
10/01/2018,CHA,TN,ASO,ES,Combined TRACON& Tower with Radar,27,40,70,30,167,0,0,22,4,26,27,40,92,34,193,68,10,78,271
10/02/2018,CHA,TN,ASO,ES,Combined TRACON& Tower with Radar,28,38,51,20,137,0,0,20,3,23,28,38,71,23,160,0,0,0,160
10/03/2018,CHA,TN,ASO,ES,Combined TRACON& Tower with Radar,28,40,49,10,127,0,1,44,2,47,28,41,93,12,174,14,4,18,192
10/04/2018,CHA,TN,ASO,ES,Combined TRACON& Tower with Radar,35,45,59,23,162,0,0,49,1,50,35,45,108,24,212,0,26,26,238
10/05/2018,CHA,TN,ASO,ES,Combined TRACON& Tower with Radar,25,45,50,14,134,0,0,89,2,91,25,45,139,16,225,28,0,28,253
10/06/2018,CHA,TN,ASO,ES,Combined TRACON& Tower with Radar,19,29,47,14,109,0,0,44,2,46,19,29,91,16,155,18,0,18,173
10/07/2018,CHA,TN,ASO,ES,Combined TRACON& Tower with Radar,27,30,41,0,98,0,0,34,2,36,27,30,75,2,134,120,0,120,254
10/08/2018,CHA,TN,ASO,ES,Combined TRACON& Tower with Radar,28,40,54,6,128,0,1,25,0,26,28,41,79,6,154,20,0,20,174
10/09/2018,CHA,TN,ASO,ES,Combined TRACON& Tower with Radar,27,51,58,34,170,0,4,10,0,14,27,55,68,34,184,0,0,0,184
10/10/2018,CHA,TN,ASO,ES,Combined TRACON& Tower with Radar,25,51,42,45,163,0,1,4,2,7,25,52,46,47,170,40,0,40,210
10/11/2018,CHA,TN,ASO,ES,Combined TRACON& Tower with Radar,27,39,41,14,121,0,1,12,3,16,27,40,53,17,137,0,0,0,137
10/12/2018,CHA,TN,ASO,ES,Combined TRACON& Tower with Radar,28,45,49,24,146,0,3,58,8,69,28,48,107,32,215,26,0,26,241
10/13/2018,CHA,TN,ASO,ES,Combined TRACON& Tower with Radar,20,25,36,2,83,0,1,24,2,27,20,26,60,4,110,0,0,0,110
10/14/2018,CHA,TN,ASO,ES,Combined TRACON& Tower with Radar,29,35,38,6,108,0,1,24,4,29,29,36,62,10,137,0,0,0,137
10/15/2018,CHA,TN,ASO,ES,Combined TRACON& Tower with Radar,32,40,76,40,188,0,0,38,1,39,32,40,114,41,227,40,4,44,271
10/16/2018,CHA,TN,ASO,ES,Combined TRACON& Tower with Radar,26,42,81,0,149,0,0,0,0,0,26,42,81,0,149,26,0,26,175
10/17/2018,CHA,TN,ASO,ES,Combined TRACON& Tower with Radar,25,42,84,32,183,0,1,51,7,59,25,43,135,39,242,32,50,82,324
10/18/2018,CHA,TN,ASO,ES,Combined TRACON& Tower with Radar,28,39,65,3,135,0,0,52,1,53,28,39,117,4,188,10,12,22,210
10/19/2018,CHA,TN,ASO,ES,Combined TRACON& Tower with Radar,29,47,67,6,149,0,0,29,0,29,29,47,96,6,178,14,0,14,192
10/20/2018,CHA,TN,ASO,ES,Combined TRACON& Tower with Radar,21,31,35,0,87,0,0,12,0,12,21,31,47,0,99,0,0,0,99
10/21/2018,CHA,TN,ASO,ES,Combined TRACON& Tower with Radar,30,37,56,0,123,0,0,53,0,53,30,37,109,0,176,51,0,51,227
10/22/2018,CHA,TN,ASO,ES,Combined TRACON& Tower with Radar,29,42,55,11,137,0,0,42,2,44,29,42,97,13,181,32,12,44,225
10/23/2018,CHA,TN,ASO,ES,Combined TRACON& Tower with Radar,25,49,64,36,174,0,0,42,0,42,25,49,106,36,216,40,0,40,256
10/24/2018,CHA,TN,ASO,ES,Combined TRACON& Tower with Radar,28,49,61,28,166,0,1,60,7,68,28,50,121,35,234,50,8,58,292
10/25/2018,CHA,TN,ASO,ES,Combined TRACON& Tower with Radar,28,46,51,39,164,0,4,19,13,36,28,50,70,52,200,0,8,8,208
10/26/2018,CHA,TN,ASO,ES,Combined TRACON& Tower with Radar,30,42,64,9,145,0,0,0,0,0,30,42,64,9,145,0,0,0,145
10/27/2018,CHA,TN,ASO,ES,Combined TRACON& Tower with Radar,19,28,37,8,92,0,0,9,0,9,19,28,46,8,101,38,0,38,139
10/28/2018,CHA,TN,ASO,ES,Combined TRACON& Tower with Radar,27,34,53,15,129,0,1,25,0,26,27,35,78,15,155,0,0,0,155
10/29/2018,CHA,TN,ASO,ES,Combined TRACON& Tower with Radar,28,40,50,11,129,0,0,34,2,36,28,40,84,13,165,24,4,28,193
10/30/2018,CHA,TN,ASO,ES,Combined TRACON& Tower with Radar,25,40,58,20,143,0,4,38,9,51,25,44,96,29,194,48,2,50,244
10/31/2018,CHA,TN,ASO,ES,Combined TRACON& Tower with Radar,25,35,38,56,154,0,1,31,4,36,25,36,69,60,190,18,6,24,214
11/01/2018,CHA,TN,ASO,ES,Combined TRACON& Tower with Radar,27,47,24,7,105,0,3,2,3,8,27,50,26,10,113,0,0,0,113
11/02/2018,CHA,TN,ASO,ES,Combined TRACON& Tower with Radar,29,38,44,7,118,0,0,3,0,3,29,38,47,7,121,0,0,0,121
11/03/2018,CHA,TN,ASO,ES,Combined TRACON& Tower with Radar,16,25,33,17,91,0,1,44,1,46,16,26,77,18,137,20,26,46,183
11/04/2018,CHA,TN,ASO,ES,Combined TRACON& Tower with Radar,24,37,32,8,101,0,0,12,0,12,24,37,44,8,113,0,0,0,113
11/05/2018,CHA,TN,ASO,ES,Combined TRACON& Tower with Radar,25,44,34,14,117,0,0,1,0,1,25,44,35,14,118,14,0,14,132
11/06/2018,CHA,TN,ASO,ES,Combined TRACON& Tower with Radar,21,38,54,7,120,0,2,20,2,24,21,40,74,9,144,14,0,14,158
11/07/2018,CHA,TN,ASO,ES,Combined TRACON& Tower with Radar,24,46,67,12,149,0,2,23,4,29,24,48,90,16,178,12,6,18,196
11/08/2018,CHA,TN,ASO,ES,Combined TRACON& Tower with Radar,26,47,83,30,186,0,2,6,3,11,26,49,89,33,197,8,24,32,229
11/09/2018,CHA,TN,ASO,ES,Combined TRACON& Tower with Radar,27,37,57,9,130,0,0,1,0,1,27,37,58,9,131,0,0,0,131
11/10/2018,CHA,TN,ASO,ES,Combined TRACON& Tower with Radar,18,33,35,4,90,0,0,46,0,46,18,33,81,4,136,24,0,24,160
11/11/2018,CHA,TN,ASO,ES,Combined TRACON& Tower with Radar,24,32,63,0,119,0,0,50,0,50,24,32,113,0,169,10,0,10,179
11/12/2018,CHA,TN,ASO,ES,Combined TRACON& Tower with Radar,25,37,43,0,105,0,0,0,0,0,25,37,43,0,105,0,0,0,105
11/13/2018,CHA,TN,ASO,ES,Combined TRACON& Tower with Radar,23,50,56,2,131,0,0,0,0,0,23,50,56,2,131,30,0,30,161
11/14/2018,CHA,TN,ASO,ES,Combined TRACON& Tower with Radar,23,46,50,5,124,0,0,0,0,0,23,46,50,5,124,0,0,0,124
11/15/2018,CHA,TN,ASO,ES,Combined TRACON& Tower with Radar,26,43,57,4,130,0,0,0,0,0,26,43,57,4,130,0,0,0,130
11/16/2018,CHA,TN,ASO,ES,Combined TRACON& Tower with Radar,24,47,52,9,132,0,1,34,2,37,24,48,86,11,169,12,12,24,193
11/17/2018,CHA,TN,ASO,ES,Combined TRACON& Tower with Radar,17,31,36,16,100,0,0,40,4,44,17,31,76,20,144,0,16,16,160
11/18/2018,CHA,TN,ASO,ES,Combined TRACON& Tower with Radar,25,31,37,11,104,0,0,26,1,27,25,31,63,12,131,8,10,18,149
11/19/2018,CHA,TN,ASO,ES,Combined TRACON& Tower with Radar,26,42,52,34,154,0,2,37,5,44,26,44,89,39,198,18,10,28,226
11/20/2018,CHA,TN,ASO,ES,Combined TRACON& Tower with Radar,24,44,64,28,160,0,0,21,2,23,24,44,85,30,183,58,32,90,273
11/21/2018,CHA,TN,ASO,ES,Combined TRACON& Tower with Radar,27,42,44,9,122,1,0,47,1,49,28,42,91,10,171,30,0,30,201
11/22/2018,CHA,TN,ASO,ES,Combined TRACON& Tower with Radar,12,20,12,0,44,0,0,15,0,15,12,20,27,0,59,6,0,6,65
11/23/2018,CHA,TN,ASO,ES,Combined TRACON& Tower with Radar,15,27,25,2,69,0,0,16,0,16,15,27,41,2,85,6,0,6,91
11/24/2018,CHA,TN,ASO,ES,Combined TRACON& Tower with Radar,21,41,32,0,94,0,0,1,0,1,21,41,33,0,95,0,0,0,95
11/25/2018,CHA,TN,ASO,ES,Combined TRACON& Tower with Radar,28,47,38,0,113,0,0,8,0,8,28,47,46,0,121,12,0,12,133
11/26/2018,CHA,TN,ASO,ES,Combined TRACON& Tower with Radar,24,42,39,30,135,0,1,8,12,21,24,43,47,42,156,40,0,40,196
11/27/2018,CHA,TN,ASO,ES,Combined TRACON& Tower with Radar,21,42,59,7,129,0,0,21,2,23,21,42,80,9,152,14,10,24,176
11/28/2018,CHA,TN,ASO,ES,Combined TRACON& Tower with Radar,21,41,50,15,127,0,1,53,3,57,21,42,103,18,184,64,10,74,258
11/29/2018,CHA,TN,ASO,ES,Combined TRACON& Tower with Radar,28,43,60,18,149,0,0,12,0,12,28,43,72,18,161,58,0,58,219
11/30/2018,CHA,TN,ASO,ES,Combined TRACON& Tower with Radar,25,46,43,4,118,0,0,0,0,0,25,46,43,4,118,0,0,0,118
12/01/2018,CHA,TN,ASO,ES,Combined TRACON& Tower with Radar,20,26,12,0,58,0,0,0,0,0,20,26,12,0,58,0,0,0,58
12/02/2018,CHA,TN,ASO,ES,Combined TRACON& Tower with Radar,22,39,53,9,123,0,0,24,3,27,22,39,77,12,150,0,0,0,150
12/03/2018,CHA,TN,ASO,ES,Combined TRACON& Tower with Radar,23,40,44,30,137,0,1,30,3,34,23,41,74,33,171,24,22,46,217
12/04/2018,CHA,TN,ASO,ES,Combined TRACON& Tower with Radar,22,49,46,16,133,0,1,30,1,32,22,50,76,17,165,74,0,74,239
12/05/2018,CHA,TN,ASO,ES,Combined TRACON& Tower with Radar,24,48,65,2,139,0,0,30,0,30,24,48,95,2,169,20,0,20,189
12/06/2018,CHA,TN,ASO,ES,Combined TRACON& Tower with Radar,26,50,51,33,160,0,8,27,3,38,26,58,78,36,198,36,0,36,234
12/07/2018,CHA,TN,ASO,ES,Combined TRACON& Tower with Radar,27,42,34,6,109,0,1,19,0,20,27,43,53,6,129,32,0,32,161
12/08/2018,CHA,TN,ASO,ES,Combined TRACON& Tower with Radar,17,24,24,8,73,0,0,0,0,0,17,24,24,8,73,0,0,0,73
12/09/2018,CHA,TN,ASO,ES,Combined TRACON& Tower with Radar,14,30,22,2,68,0,0,0,0,0,14,30,22,2,68,0,0,0,68
12/10/2018,CHA,TN,ASO,ES,Combined TRACON& Tower with Radar,20,45,27,14,106,0,0,2,0,2,20,45,29,14,108,6,0,6,114
12/11/2018,CHA,TN,ASO,ES,Combined TRACON& Tower with Radar,24,46,69,15,154,0,0,52,2,54,24,46,121,17,208,18,0,18,226
12/12/2018,CHA,TN,ASO,ES,Combined TRACON& Tower with Radar,25,49,62,44,180,0,0,32,3,35,25,49,94,47,215,45,0,45,260
12/13/2018,CHA,TN,ASO,ES,Combined TRACON& Tower with Radar,23,51,67,56,197,0,3,36,4,43,23,54,103,60,240,24,44,68,308
12/14/2018,CHA,TN,ASO,ES,Combined TRACON& Tower with Radar,25,42,34,0,101,0,0,0,0,0,25,42,34,0,101,0,0,0,101
12/15/2018,CHA,TN,ASO,ES,Combined TRACON& Tower with Radar,21,29,19,2,71,0,0,0,0,0,21,29,19,2,71,8,0,8,79
12/16/2018,CHA,TN,ASO,ES,Combined TRACON& Tower with Radar,21,31,51,2,105,0,0,11,0,11,21,31,62,2,116,0,8,8,124
12/17/2018,CHA,TN,ASO,ES,Combined TRACON& Tower with Radar,23,47,67,17,154,0,2,36,5,43,23,49,103,22,197,22,0,22,219
12/18/2018,CHA,TN,ASO,ES,Combined TRACON& Tower with Radar,24,39,60,29,152,0,1,71,4,76,24,40,131,33,228,40,0,40,268
12/19/2018,CHA,TN,ASO,ES,Combined TRACON& Tower with Radar,27,44,62,65,198,0,3,52,9,64,27,47,114,74,262,32,56,88,350
12/20/2018,CHA,TN,ASO,ES,Combined TRACON& Tower with Radar,25,49,61,22,157,0,0,0,0,0,25,49,61,22,157,0,0,0,157
12/21/2018,CHA,TN,ASO,ES,Combined TRACON& Tower with Radar,24,45,27,4,100,0,0,2,0,2,24,45,29,4,102,0,0,0,102
12/22/2018,CHA,TN,ASO,ES,Combined TRACON& Tower with Radar,15,42,36,0,93,0,4,39,0,43,15,46,75,0,136,8,0,8,144
12/23/2018,CHA,TN,ASO,ES,Combined TRACON& Tower with Radar,20,33,21,0,74,0,0,0,0,0,20,33,21,0,74,0,0,0,74
12/24/2018,CHA,TN,ASO,ES,Combined TRACON& Tower with Radar,15,19,22,0,56,0,2,20,0,22,15,21,42,0,78,0,0,0,78
12/25/2018,CHA,TN,ASO,ES,Combined TRACON& Tower with Radar,12,19,11,0,42,0,1,2,1,4,12,20,13,1,46,0,0,0,46
12/26/2018,CHA,TN,ASO,ES,Combined TRACON& Tower with Radar,17,39,41,0,97,0,4,28,0,32,17,43,69,0,129,12,0,12,141
12/27/2018,CHA,TN,ASO,ES,Combined TRACON& Tower with Radar,25,34,26,0,85,0,0,0,1,1,25,34,26,1,86,16,0,16,102
12/28/2018,CHA,TN,ASO,ES,Combined TRACON& Tower with Radar,22,40,30,0,92,0,0,3,0,3,22,40,33,0,95,0,0,0,95
12/29/2018,CHA,TN,ASO,ES,Combined TRACON& Tower with Radar,15,38,43,0,96,0,2,30,0,32,15,40,73,0,128,24,0,24,152
12/30/2018,CHA,TN,ASO,ES,Combined TRACON& Tower with Radar,18,30,22,0,70,0,0,4,0,4,18,30,26,0,74,0,0,0,74
12/31/2018,CHA,TN,ASO,ES,Combined TRACON& Tower with Radar,17,31,20,0,68,0,0,0,0,0,17,31,20,0,68,0,0,0,68
01/01/2019,CHA,TN,ASO,ES,Combined TRACON& Tower with Radar,17,28,29,0,74,0,0,12,0,12,17,28,41,0,86,0,0,0,86
01/02/2019,CHA,TN,ASO,ES,Combined TRACON& Tower with Radar,18,35,43,26,122,0,0,7,0,7,18,35,50,26,129,0,0,0,129
01/03/2019,CHA,TN,ASO,ES,Combined TRACON& Tower with Radar,24,34,40,56,154,0,0,0,0,0,24,34,40,56,154,0,0,0,154
01/04/2019,CHA,TN,ASO,ES,Combined TRACON& Tower with Radar,24,37,28,0,89,0,0,1,0,1,24,37,29,0,90,0,0,0,90
01/05/2019,CHA,TN,ASO,ES,Combined TRACON& Tower with Radar,15,34,48,1,98,0,0,48,1,49,15,34,96,2,147,28,0,28,175
01/06/2019,CHA,TN,ASO,ES,Combined TRACON& Tower with Radar,28,36,51,21,136,0,1,40,1,42,28,37,91,22,178,10,0,10,188
01/07/2019,CHA,TN,ASO,ES,Combined TRACON& Tower with Radar,27,39,35,38,139,0,0,34,3,37,27,39,69,41,176,24,20,44,220
01/08/2019,CHA,TN,ASO,ES,Combined TRACON& Tower with Radar,21,50,58,12,141,0,1,17,0,18,21,51,75,12,159,0,2,2,161
01/09/2019,CHA,TN,ASO,ES,Combined TRACON& Tower with Radar,24,39,41,48,152,0,1,35,9,45,24,40,76,57,197,0,8,8,205
01/10/2019,CHA,TN,ASO,ES,Combined TRACON& Tower with Radar,28,44,48,30,150,0,1,35,3,39,28,45,83,33,189,0,8,8,197
01/11/2019,CHA,TN,ASO,ES,Combined TRACON& Tower with Radar,24,47,44,26,141,0,0,38,4,42,24,47,82,30,183,0,0,0,183
01/12/2019,CHA,TN,ASO,ES,Combined TRACON& Tower with Radar,15,26,18,0,59,0,0,3,0,3,15,26,21,0,62,34,0,34,96
01/13/2019,CHA,TN,ASO,ES,Combined TRACON& Tower with Radar,24,30,10,0,64,0,0,0,0,0,24,30,10,0,64,0,0,0,64
01/14/2019,CHA,TN,ASO,ES,Combined TRACON& Tower with Radar,25,39,43,13,120,0,0,8,1,9,25,39,51,14,129,22,22,44,173
01/15/2019,CHA,TN,ASO,ES,Combined TRACON& Tower with Radar,23,38,47,18,126,0,0,11,1,12,23,38,58,19,138,0,0,0,138
01/16/2019,CHA,TN,ASO,ES,Combined TRACON& Tower with Radar,27,41,38,3,109,0,1,27,3,31,27,42,65,6,140,28,0,28,168
01/17/2019,CHA,TN,ASO,ES,Combined TRACON& Tower with Radar,25,47,54,2,128,0,0,3,0,3,25,47,57,2,131,0,0,0,131
01/18/2019,CHA,TN,ASO,ES,Combined TRACON& Tower with Radar,26,42,56,0,124,1,0,0,0,1,27,42,56,0,125,12,0,12,137
01/19/2019,CHA,TN,ASO,ES,Combined TRACON& Tower with Radar,15,20,9,0,44,0,0,0,0,0,15,20,9,0,44,0,0,0,44
01/20/2019,CHA,TN,ASO,ES,Combined TRACON& Tower with Radar,19,22,27,0,68,0,0,8,0,8,19,22,35,0,76,0,0,0,76
01/21/2019,CHA,TN,ASO,ES,Combined TRACON& Tower with Radar,24,43,55,0,122,0,2,42,0,44,24,45,97,0,166,36,0,36,202
01/22/2019,CHA,TN,ASO,ES,Combined TRACON& Tower with Radar,23,55,52,68,198,0,2,28,0,30,23,57,80,68,228,24,14,38,266
01/23/2019,CHA,TN,ASO,ES,Combined TRACON& Tower with Radar,27,35,30,0,92,0,0,0,0,0,27,35,30,0,92,0,0,0,92
01/24/2019,CHA,TN,ASO,ES,Combined TRACON& Tower with Radar,28,43,50,10,131,0,0,21,6,27,28,43,71,16,158,28,0,28,186
01/25/2019,CHA,TN,ASO,ES,Combined TRACON& Tower with Radar,24,47,43,37,151,0,2,39,0,41,24,49,82,37,192,12,0,12,204
01/26/2019,CHA,TN,ASO,ES,Combined TRACON& Tower with Radar,16,21,40,21,98,0,0,47,6,53,16,21,87,27,151,24,18,42,193
01/27/2019,CHA,TN,ASO,ES,Combined TRACON& Tower with Radar,26,36,51,13,126,0,0,48,0,48,26,36,99,13,174,20,0,20,194
01/28/2019,CHA,TN,ASO,ES,Combined TRACON& Tower with Radar,25,37,35,12,109,0,1,23,1,25,25,38,58,13,134,0,0,0,134
01/29/2019,CHA,TN,ASO,ES,Combined TRACON& Tower with Radar,23,37,32,22,114,0,1,21,0,22,23,38,53,22,136,6,10,16,152
01/30/2019,CHA,TN,ASO,ES,Combined TRACON& Tower with Radar,25,41,41,4,111,0,1,27,2,30,25,42,68,6,141,60,0,60,201
01/31/2019,CHA,TN,ASO,ES,Combined TRACON& Tower with Radar,27,43,62,33,165,0,1,45,2,48,27,44,107,35,213,26,0,26,239
02/01/2019,CHA,TN,ASO,ES,Combined TRACON& Tower with Radar,27,35,69,40,171,0,1,46,4,51,27,36,115,44,222,8,0,8,230
02/02/2019,CHA,TN,ASO,ES,Combined TRACON& Tower with Radar,13,23,33,24,93,0,0,49,2,51,13,23,82,26,144,18,8,26,170
02/03/2019,CHA,TN,ASO,ES,Combined TRACON& Tower with Radar,21,28,29,12,90,0,0,4,2,6,21,28,33,14,96,0,0,0,96
02/04/2019,CHA,TN,ASO,ES,Combined TRACON& Tower with Radar,26,42,55,20,143,0,1,11,4,16,26,43,66,24,159,24,4,28,187
02/05/2019,CHA,TN,ASO,ES,Combined TRACON& Tower with Radar,23,37,69,54,183,0,2,17,0,19,23,39,86,54,202,0,12,12,214
02/06/2019,CHA,TN,ASO,ES,Combined TRACON& Tower with Radar,29,41,68,25,163,0,0,2,1,3,29,41,70,26,166,4,28,32,198
02/07/2019,CHA,TN,ASO,ES,Combined TRACON& Tower with Radar,27,45,43,25,140,0,9,14,1,24,27,54,57,26,164,14,20,34,198
02/08/2019,CHA,TN,ASO,ES,Combined TRACON& Tower with Radar,28,41,60,16,145,0,2,33,8,43,28,43,93,24,188,22,10,32,220
02/09/2019,CHA,TN,ASO,ES,Combined TRACON& Tower with Radar,17,23,35,0,75,0,0,32,2,34,17,23,67,2,109,4,0,4,113
02/10/2019,CHA,TN,ASO,ES,Combined TRACON& Tower with Radar,26,31,17,0,74,0,0,0,0,0,26,31,17,0,74,0,0,0,74
02/11/2019,CHA,TN,ASO,ES,Combined TRACON& Tower with Radar,26,43,51,6,126,0,0,0,0,0,26,43,51,6,126,0,0,0,126
02/12/2019,CHA,TN,ASO,ES,Combined TRACON& Tower with Radar,24,43,26,4,97,0,1,0,0,1,24,44,26,4,98,0,0,0,98
02/13/2019,CHA,TN,ASO,ES,Combined TRACON& Tower with Radar,28,42,48,4,122,0,7,44,2,53,28,49,92,6,175,0,20,20,195
02/14/2019,CHA,TN,ASO,ES,Combined TRACON& Tower with Radar,28,55,81,12,176,0,8,30,4,42,28,63,111,16,218,10,8,18,236
02/15/2019,CHA,TN,ASO,ES,Combined TRACON& Tower with Radar,28,38,38,1,105,0,0,2,0,2,28,38,40,1,107,10,0,10,117
02/16/2019,CHA,TN,ASO,ES,Combined TRACON& Tower with Radar,14,26,46,7,93,0,0,2,0,2,14,26,48,7,95,0,0,0,95
02/17/2019,CHA,TN,ASO,ES,Combined TRACON& Tower with Radar,19,24,34,5,82,0,0,0,0,0,19,24,34,5,82,0,0,0,82
02/18/2019,CHA,TN,ASO,ES,Combined TRACON& Tower with Radar,27,53,69,2,151,0,5,29,0,34,27,58,98,2,185,22,0,22,207
02/19/2019,CHA,TN,ASO,ES,Combined TRACON& Tower with Radar,24,39,38,0,101,0,0,3,0,3,24,39,41,0,104,0,0,0,104
02/20/2019,CHA,TN,ASO,ES,Combined TRACON& Tower with Radar,24,35,35,0,94,0,0,0,0,0,24,35,35,0,94,0,0,0,94
02/21/2019,CHA,TN,ASO,ES,Combined TRACON& Tower with Radar,27,51,65,10,153,0,0,1,0,1,27,51,66,10,154,0,0,0,154
02/22/2019,CHA,TN,ASO,ES,Combined TRACON& Tower with Radar,27,43,32,3,105,0,0,1,0,1,27,43,33,3,106,0,0,0,106
02/23/2019,CHA,TN,ASO,ES,Combined TRACON& Tower with Radar,16,26,13,0,55,0,0,0,0,0,16,26,13,0,55,0,0,0,55
02/24/2019,CHA,TN,ASO,ES,Combined TRACON& Tower with Radar,28,34,36,3,101,0,0,22,0,22,28,34,58,3,123,0,0,0,123
02/25/2019,CHA,TN,ASO,ES,Combined TRACON& Tower with Radar,27,44,56,36,163,0,0,45,4,49,27,44,101,40,212,0,20,20,232
02/26/2019,CHA,TN,ASO,ES,Combined TRACON& Tower with Radar,23,39,56,43,161,0,1,50,8,59,23,40,106,51,220,22,40,62,282
02/27/2019,CHA,TN,ASO,ES,Combined TRACON& Tower with Radar,27,39,63,76,205,0,2,54,12,68,27,41,117,88,273,2,96,98,371
02/28/2019,CHA,TN,ASO,ES,Combined TRACON& Tower with Radar,26,46,59,6,137,0,0,0,0,0,26,46,59,6,137,0,0,0,137
03/01/2019,CHA,TN,ASO,ES,Combined TRACON& Tower with Radar,29,36,44,20,129,0,0,0,0,0,29,36,44,20,129,0,0,0,129
03/02/2019,CHA,TN,ASO,ES,Combined TRACON& Tower with Radar,19,22,42,0,83,0,0,19,0,19,19,22,61,0,102,24,0,24,126
03/03/2019,CHA,TN,ASO,ES,Combined TRACON& Tower with Radar,25,31,27,0,83,0,0,0,0,0,25,31,27,0,83,0,0,0,83
03/04/2019,CHA,TN,ASO,ES,Combined TRACON& Tower with Radar,27,43,47,11,128,0,1,15,0,16,27,44,62,11,144,12,0,12,156
03/05/2019,CHA,TN,ASO,ES,Combined TRACON& Tower with Radar,25,38,52,34,149,0,1,48,7,56,25,39,100,41,205,18,18,36,241
03/06/2019,CHA,TN,ASO,ES,Combined TRACON& Tower with Radar,27,45,44,15,131,0,0,43,1,44,27,45,87,16,175,12,10,22,197
03/07/2019,CHA,TN,ASO,ES,Combined TRACON& Tower with Radar,27,42,58,8,135,0,0,23,4,27,27,42,81,12,162,51,0,51,213
03/08/2019,CHA,TN,ASO,ES,Combined TRACON& Tower with Radar,31,38,37,0,106,0,0,0,0,0,31,38,37,0,106,0,0,0,106
03/09/2019,CHA,TN,ASO,ES,Combined TRACON& Tower with Radar,20,30,17,0,67,0,0,0,0,0,20,30,17,0,67,0,0,0,67
03/10/2019,CHA,TN,ASO,ES,Combined TRACON& Tower with Radar,26,35,45,0,106,0,2,21,2,25,26,37,66,2,131,0,0,0,131
03/11/2019,CHA,TN,ASO,ES,Combined TRACON& Tower with Radar,26,33,60,26,145,0,0,19,0,19,26,33,79,26,164,0,34,34,198
03/12/2019,CHA,TN,ASO,ES,Combined TRACON& Tower with Radar,24,39,65,28,156,0,0,44,3,47,24,39,109,31,203,6,6,12,215
03/13/2019,CHA,TN,ASO,ES,Combined TRACON& Tower with Radar,26,43,60,52,181,0,3,24,8,35,26,46,84,60,216,0,8,8,224
03/14/2019,CHA,TN,ASO,ES,Combined TRACON& Tower with Radar,25,42,43,0,110,0,0,3,0,3,25,42,46,0,113,0,0,0,113
03/15/2019,CHA,TN,ASO,ES,Combined TRACON& Tower with Radar,26,46,52,16,140,0,0,19,3,22,26,46,71,19,162,10,14,24,186
03/16/2019,CHA,TN,ASO,ES,Combined TRACON& Tower with Radar,21,32,41,0,94,0,0,32,2,34,21,32,73,2,128,4,0,4,132
03/17/2019,CHA,TN,ASO,ES,Combined TRACON& Tower with Radar,27,40,41,11,119,0,0,50,3,53,27,40,91,14,172,26,8,34,206
03/18/2019,CHA,TN,ASO,ES,Combined TRACON& Tower with Radar,28,37,55,24,144,0,1,49,9,59,28,38,104,33,203,20,6,26,229
03/19/2019,CHA,TN,ASO,ES,Combined TRACON& Tower with Radar,27,41,46,42,156,0,0,38,10,48,27,41,84,52,204,4,10,14,218
03/20/2019,CHA,TN,ASO,ES,Combined TRACON& Tower with Radar,27,37,87,76,227,0,1,46,4,51,27,38,133,80,278,36,38,74,352
03/21/2019,CHA,TN,ASO,ES,Combined TRACON& Tower with Radar,26,45,46,8,125,0,0,12,0,12,26,45,58,8,137,0,0,0,137
03/22/2019,CHA,TN,ASO,ES,Combined TRACON& Tower with Radar,29,40,64,16,149,0,1,29,3,33,29,41,93,19,182,0,18,18,200
03/23/2019,CHA,TN,ASO,ES,Combined TRACON& Tower with Radar,20,28,35,7,90,0,0,58,9,67,20,28,93,16,157,4,0,4,161
03/24/2019,CHA,TN,ASO,ES,Combined TRACON& Tower with Radar,24,39,31,1,95,0,0,19,3,22,24,39,50,4,117,34,0,34,151
03/25/2019,CHA,TN,ASO,ES,Combined TRACON& Tower with Radar,26,30,40,3,99,0,0,2,0,2,26,30,42,3,101,0,0,0,101
03/26/2019,CHA,TN,ASO,ES,Combined TRACON& Tower with Radar,27,54,57,23,161,0,1,23,1,25,27,55,80,24,186,16,24,40,226
03/27/2019,CHA,TN,ASO,ES,Combined TRACON& Tower with Radar,25,42,63,8,138,0,2,35,4,41,25,44,98,12,179,10,0,10,189
03/28/2019,CHA,TN,ASO,ES,Combined TRACON& Tower with Radar,28,41,47,19,135,0,3,36,2,41,28,44,83,21,176,18,4,22,198
03/29/2019,CHA,TN,ASO,ES,Combined TRACON& Tower with Radar,27,39,35,68,169,0,0,25,10,35,27,39,60,78,204,10,24,34,238
03/30/2019,CHA,TN,ASO,ES,Combined TRACON& Tower with Radar,23,28,43,14,108,0,0,15,4,19,23,28,58,18,127,0,12,12,139
03/31/2019,CHA,TN,ASO,ES,Combined TRACON& Tower with Radar,27,35,54,9,125,0,0,14,1,15,27,35,68,10,140,0,0,0,140
04/01/2019,CHA,TN,ASO,ES,Combined TRACON& Tower with Radar,28,35,38,39,140,0,0,42,0,42,28,35,80,39,182,38,6,44,226
04/02/2019,CHA,TN,ASO,ES,Combined TRACON& Tower with Radar,31,37,47,27,142,0,0,36,2,38,31,37,83,29,180,26,26,52,232
04/03/2019,CHA,TN,ASO,ES,Combined TRACON& Tower with Radar,30,50,77,36,193,0,2,46,2,50,30,52,123,38,243,6,30,36,279
04/04/2019,CHA,TN,ASO,ES,Combined TRACON& Tower with Radar,32,45,48,46,171,0,2,28,2,32,32,47,76,48,203,0,4,4,207
04/05/2019,CHA,TN,ASO,ES,Combined TRACON& Tower with Radar,32,47,72,34,185,0,0,10,7,17,32,47,82,41,202,0,0,0,202
04/06/2019,CHA,TN,ASO,ES,Combined TRACON& Tower with Radar,23,28,46,28,125,0,0,30,0,30,23,28,76,28,155,6,0,6,161
04/07/2019,CHA,TN,ASO,ES,Combined TRACON& Tower with Radar,34,29,39,3,105,0,0,11,0,11,34,29,50,3,116,18,0,18,134
04/08/2019,CHA,TN,ASO,ES,Combined TRACON& Tower with Radar,28,40,32,0,100,0,0,2,0,2,28,40,34,0,102,4,0,4,106
04/09/2019,CHA,TN,ASO,ES,Combined TRACON& Tower with Radar,34,41,53,13,141,0,0,14,2,16,34,41,67,15,157,14,8,22,179
04/10/2019,CHA,TN,ASO,ES,Combined TRACON& Tower with Radar,31,44,60,7,142,0,2,65,4,71,31,46,125,11,213,24,0,24,237
04/11/2019,CHA,TN,ASO,ES,Combined TRACON& Tower with Radar,35,44,54,38,171,0,0,21,2,23,35,44,75,40,194,32,16,48,242
04/12/2019,CHA,TN,ASO,ES,Combined TRACON& Tower with Radar,31,40,68,3,142,0,2,25,2,29,31,42,93,5,171,4,0,4,175
04/13/2019,CHA,TN,ASO,ES,Combined TRACON& Tower with Radar,20,24,26,0,70,0,0,112,0,112,20,24,138,0,182,0,0,0,182
04/14/2019,CHA,TN,ASO,ES,Combined TRACON& Tower with Radar,31,37,24,0,92,0,0,2,0,2,31,37,26,0,94,0,0,0,94
04/15/2019,CHA,TN,ASO,ES,Combined TRACON& Tower with Radar,32,36,72,12,152,0,2,43,1,46,32,38,115,13,198,8,8,16,214
04/16/2019,CHA,TN,ASO,ES,Combined TRACON& Tower with Radar,27,41,81,14,163,0,0,53,2,55,27,41,134,16,218,16,4,20,238
04/17/2019,CHA,TN,ASO,ES,Combined TRACON& Tower with Radar,30,44,55,48,177,0,0,36,3,39,30,44,91,51,216,28,51,79,295
04/18/2019,CHA,TN,ASO,ES,Combined TRACON& Tower with Radar,32,40,57,42,171,0,0,11,5,16,32,40,68,47,187,0,10,10,197
04/19/2019,CHA,TN,ASO,ES,Combined TRACON& Tower with Radar,28,45,25,12,110,0,0,0,0,0,28,45,25,12,110,0,0,0,110
04/20/2019,CHA,TN,ASO,ES,Combined TRACON& Tower with Radar,19,23,18,0,60,0,0,0,0,0,19,23,18,0,60,0,0,0,60
04/21/2019,CHA,TN,ASO,ES,Combined TRACON& Tower with Radar,31,32,36,3,102,0,0,39,0,39,31,32,75,3,141,0,0,0,141
04/22/2019,CHA,TN,ASO,ES,Combined TRACON& Tower with Radar,32,44,84,14,174,0,0,54,3,57,32,44,138,17,231,0,8,8,239
04/23/2019,CHA,TN,ASO,ES,Combined TRACON& Tower with Radar,26,44,66,14,150,0,2,33,3,38,26,46,99,17,188,20,10,30,218
04/24/2019,CHA,TN,ASO,ES,Combined TRACON& Tower with Radar,29,43,71,58,201,0,1,33,6,40,29,44,104,64,241,18,24,42,283
04/25/2019,CHA,TN,ASO,ES,Combined TRACON& Tower with Radar,31,59,98,6,194,0,3,5,0,8,31,62,103,6,202,0,4,4,206
04/26/2019,CHA,TN,ASO,ES,Combined TRACON& Tower with Radar,29,43,47,10,129,0,0,10,2,12,29,43,57,12,141,0,0,0,141
04/27/2019,CHA,TN,ASO,ES,Combined TRACON& Tower with Radar,21,26,35,2,84,0,0,52,0,52,21,26,87,2,136,24,0,24,160
04/28/2019,CHA,TN,ASO,ES,Combined TRACON& Tower with Radar,31,33,51,5,120,0,0,26,1,27,31,33,77,6,147,12,0,12,159
04/29/2019,CHA,TN,ASO,ES,Combined TRACON& Tower with Radar,33,33,66,12,144,0,1,31,3,35,33,34,97,15,179,32,14,46,225
04/30/2019,CHA,TN,ASO,ES,Combined TRACON& Tower with Radar,27,40,62,27,156,0,5,24,4,33,27,45,86,31,189,52,18,70,259
05/01/2019,CHA,TN,ASO,ES,Combined TRACON& Tower with Radar,30,37,62,8,137,0,1,25,2,28,30,38,87,10,165,0,6,6,171
05/02/2019,CHA,TN,ASO,ES,Combined TRACON& Tower with Radar,31,46,62,8,147,0,2,18,1,21,31,48,80,9,168,4,0,4,172
05/03/2019,CHA,TN,ASO,ES,Combined TRACON& Tower with Radar,25,43,58,16,142,0,0,10,6,16,25,43,68,22,158,0,0,0,158
05/04/2019,CHA,TN,ASO,ES,Combined TRACON& Tower with Radar,15,28,25,0,68,0,0,0,3,3,15,28,25,3,71,0,0,0,71
05/05/2019,CHA,TN,ASO,ES,Combined TRACON& Tower with Radar,22,46,53,12,133,0,0,12,1,13,22,46,65,13,146,0,0,0,146
05/06/2019,CHA,TN,ASO,ES,Combined TRACON& Tower with Radar,26,41,69,34,170,0,1,42,4,47,26,42,111,38,217,4,28,32,249
05/07/2019,CHA,TN,ASO,ES,Combined TRACON& Tower with Radar,25,36,75,43,179,0,0,54,2,56,25,36,129,45,235,16,38,54,289
05/08/2019,CHA,TN,ASO,ES,Combined TRACON& Tower with Radar,22,51,70,66,209,0,2,26,3,31,22,53,96,69,240,18,61,79,319
05/09/2019,CHA,TN,ASO,ES,Combined TRACON& Tower with Radar,26,56,50,17,149,0,1,8,0,9,26,57,58,17,158,0,0,0,158
05/10/2019,CHA,TN,ASO,ES,Combined TRACON& Tower with Radar,26,43,65,34,168,0,0,11,0,11,26,43,76,34,179,30,14,44,223
05/11/2019,CHA,TN,ASO,ES,Combined TRACON& Tower with Radar,14,25,19,0,58,0,0,0,0,0,14,25,19,0,58,0,0,0,58
05/12/2019,CHA,TN,ASO,ES,Combined TRACON& Tower with Radar,26,36,15,14,91,0,0,0,0,0,26,36,15,14,91,20,0,20,111
05/13/2019,CHA,TN,ASO,ES,Combined TRACON& Tower with Radar,26,45,83,40,194,0,2,39,2,43,26,47,122,42,237,15,20,35,272
05/14/2019,CHA,TN,ASO,ES,Combined TRACON& Tower with Radar,23,44,52,19,138,0,0,45,3,48,23,44,97,22,186,18,13,31,217
05/15/2019,CHA,TN,ASO,ES,Combined TRACON& Tower with Radar,22,54,57,18,151,0,2,20,5,27,22,56,77,23,178,42,0,42,220
05/16/2019,CHA,TN,ASO,ES,Combined TRACON& Tower with Radar,26,43,69,11,149,0,2,51,5,58,26,45,120,16,207,28,6,34,241
05/17/2019,CHA,TN,ASO,ES,Combined TRACON& Tower with Radar,34,62,53,24,173,0,1,25,6,32,34,63,78,30,205,16,18,34,239
05/18/2019,CHA,TN,ASO,ES,Combined TRACON& Tower with Radar,16,23,35,2,76,0,2,43,3,48,16,25,78,5,124,20,0,20,144
05/19/2019,CHA,TN,ASO,ES,Combined TRACON& Tower with Radar,24,55,28,9,116,0,3,21,2,26,24,58,49,11,142,0,0,0,142
05/20/2019,CHA,TN,ASO,ES,Combined TRACON& Tower with Radar,26,44,55,45,170,0,0,31,3,34,26,44,86,48,204,2,20,22,226
05/21/2019,CHA,TN,ASO,ES,Combined TRACON& Tower with Radar,23,37,54,42,156,0,1,50,7,58,23,38,104,49,214,22,16,38,252
05/22/2019,CHA,TN,ASO,ES,Combined TRACON& Tower with Radar,23,41,60,22,146,0,0,39,6,45,23,41,99,28,191,16,26,42,233
05/23/2019,CHA,TN,ASO,ES,Combined TRACON& Tower with Radar,24,46,50,20,140,0,1,36,6,43,24,47,86,26,183,0,12,12,195
05/24/2019,CHA,TN,ASO,ES,Combined TRACON& Tower with Radar,26,47,37,0,110,0,6,59,13,78,26,53,96,13,188,0,0,0,188
05/25/2019,CHA,TN,ASO,ES,Combined TRACON& Tower with Radar,14,27,29,0,70,0,0,72,16,88,14,27,101,16,158,0,0,0,158
05/26/2019,CHA,TN,ASO,ES,Combined TRACON& Tower with Radar,22,25,20,0,67,0,1,59,18,78,22,26,79,18,145,6,0,6,151
05/27/2019,CHA,TN,ASO,ES,Combined TRACON& Tower with Radar,26,34,32,0,92,0,3,39,0,42,26,37,71,0,134,16,0,16,150
05/28/2019,CHA,TN,ASO,ES,Combined TRACON& Tower with Radar,27,32,54,7,120,0,1,40,8,49,27,33,94,15,169,36,8,44,213
05/29/2019,CHA,TN,ASO,ES,Combined TRACON& Tower with Radar,22,41,52,32,147,0,1,44,5,50,22,42,96,37,197,62,16,78,275
05/30/2019,CHA,TN,ASO,ES,Combined TRACON& Tower with Radar,25,47,61,22,155,0,2,26,5,33,25,49,87,27,188,0,0,0,188
05/31/2019,CHA,TN,ASO,ES,Combined TRACON& Tower with Radar,25,56,42,58,181,0,0,36,6,42,25,56,78,64,223,0,4,4,227
06/01/2019,CHA,TN,ASO,ES,Combined TRACON& Tower with Radar,18,25,33,2,78,0,1,38,1,40,18,26,71,3,118,18,0,18,136
06/02/2019,CHA,TN,ASO,ES,Combined TRACON& Tower with Radar,24,30,51,17,122,0,0,17,14,31,24,30,68,31,153,18,0,18,171
06/03/2019,CHA,TN,ASO,ES,Combined TRACON& Tower with Radar,27,44,47,21,139,0,2,37,0,39,27,46,84,21,178,18,0,18,196
06/04/2019,CHA,TN,ASO,ES,Combined TRACON& Tower with Radar,25,55,50,34,164,0,3,27,0,30,25,58,77,34,194,0,2,2,196
06/05/2019,CHA,TN,ASO,ES,Combined TRACON& Tower with Radar,25,37,43,14,119,0,0,21,2,23,25,37,64,16,142,12,0,12,154
06/06/2019,CHA,TN,ASO,ES,Combined TRACON& Tower with Radar,25,47,67,16,155,0,0,4,0,4,25,47,71,16,159,16,0,16,175
06/07/2019,CHA,TN,ASO,ES,Combined TRACON& Tower with Radar,25,40,36,16,117,0,0,2,0,2,25,40,38,16,119,0,0,0,119
06/08/2019,CHA,TN,ASO,ES,Combined TRACON& Tower with Radar,16,33,23,0,72,0,0,0,0,0,16,33,23,0,72,0,0,0,72
06/09/2019,CHA,TN,ASO,ES,Combined TRACON& Tower with Radar,20,37,27,5,89,0,0,0,0,0,20,37,27,5,89,0,0,0,89
06/10/2019,CHA,TN,ASO,ES,Combined TRACON& Tower with Radar,32,39,66,0,137,0,1,14,0,15,32,40,80,0,152,16,0,16,168
06/11/2019,CHA,TN,ASO,ES,Combined TRACON& Tower with Radar,33,40,74,49,196,0,0,47,3,50,33,40,121,52,246,28,20,48,294
06/12/2019,CHA,TN,ASO,ES,Combined TRACON& Tower with Radar,26,41,61,20,148,0,0,16,0,16,26,41,77,20,164,50,34,84,248
06/13/2019,CHA,TN,ASO,ES,Combined TRACON& Tower with Radar,26,36,72,8,142,0,2,30,1,33,26,38,102,9,175,34,0,34,209
06/14/2019,CHA,TN,ASO,ES,Combined TRACON& Tower with Radar,23,44,56,39,162,0,2,64,4,70,23,46,120,43,232,24,14,38,270
06/15/2019,CHA,TN,ASO,ES,Combined TRACON& Tower with Radar,17,27,28,4,76,0,0,42,0,42,17,27,70,4,118,0,28,28,146
06/16/2019,CHA,TN,ASO,ES,Combined TRACON& Tower with Radar,21,37,32,10,100,0,0,22,8,30,21,37,54,18,130,22,0,22,152
06/17/2019,CHA,TN,ASO,ES,Combined TRACON& Tower with Radar,28,37,47,18,130,0,1,20,2,23,28,38,67,20,153,20,0,20,173
06/18/2019,CHA,TN,ASO,ES,Combined TRACON& Tower with Radar,25,40,49,0,114,0,0,6,0,6,25,40,55,0,120,46,0,46,166
06/19/2019,CHA,TN,ASO,ES,Combined TRACON& Tower with Radar,25,45,47,8,125,0,0,21,0,21,25,45,68,8,146,0,0,0,146
06/20/2019,CHA,TN,ASO,ES,Combined TRACON& Tower with Radar,28,38,42,0,108,0,0,15,0,15,28,38,57,0,123,0,0,0,123
06/21/2019,CHA,TN,ASO,ES,Combined TRACON& Tower with Radar,24,38,64,28,154,0,1,46,11,58,24,39,110,39,212,32,42,74,286
06/22/2019,CHA,TN,ASO,ES,Combined TRACON& Tower with Radar,17,30,48,0,95,0,1,22,0,23,17,31,70,0,118,0,0,0,118
06/23/2019,CHA,TN,ASO,ES,Combined TRACON& Tower with Radar,25,39,36,7,107,0,0,13,6,19,25,39,49,13,126,22,0,22,148
06/24/2019,CHA,TN,ASO,ES,Combined TRACON& Tower with Radar,28,39,60,2,129,0,0,14,3,17,28,39,74,5,146,0,0,0,146
06/25/2019,CHA,TN,ASO,ES,Combined TRACON& Tower with Radar,24,41,63,28,156,0,0,38,7,45,24,41,101,35,201,70,0,70,271
06/26/2019,CHA,TN,ASO,ES,Combined TRACON& Tower with Radar,28,46,69,23,166,0,0,36,2,38,28,46,105,25,204,50,12,62,266
06/27/2019,CHA,TN,ASO,ES,Combined TRACON& Tower with Radar,29,39,68,19,155,0,1,29,0,30,29,40,97,19,185,28,6,34,219
06/28/2019,CHA,TN,ASO,ES,Combined TRACON& Tower with Radar,22,44,77,9,152,0,1,54,5,60,22,45,131,14,212,12,20,32,244
06/29/2019,CHA,TN,ASO,ES,Combined TRACON& Tower with Radar,16,27,30,18,91,0,1,41,2,44,16,28,71,20,135,0,20,20,155
06/30/2019,CHA,TN,ASO,ES,Combined TRACON& Tower with Radar,25,29,41,13,108,0,0,39,0,39,25,29,80,13,147,4,38,42,189
07/01/2019,CHA,TN,ASO,ES,Combined TRACON& Tower with Radar,24,29,44,11,108,0,0,37,3,40,24,29,81,14,148,48,24,72,220
07/02/2019,CHA,TN,ASO,ES,Combined TRACON& Tower with Radar,25,27,68,49,169,0,1,48,7,56,25,28,116,56,225,134,10,144,369
07/03/2019,CHA,TN,ASO,ES,Combined TRACON& Tower with Radar,28,34,44,15,121,0,0,23,1,24,28,34,67,16,145,46,22,68,213
07/04/2019,CHA,TN,ASO,ES,Combined TRACON& Tower with Radar,18,17,7,1,43,0,1,15,0,16,18,18,22,1,59,12,0,12,71
07/05/2019,CHA,TN,ASO,ES,Combined TRACON& Tower with Radar,26,32,38,0,96,0,0,12,0,12,26,32,50,0,108,22,0,22,130
07/06/2019,CHA,TN,ASO,ES,Combined TRACON& Tower with Radar,22,24,31,1,78,0,0,24,1,25,22,24,55,2,103,42,0,42,145
07/07/2019,CHA,TN,ASO,ES,Combined TRACON& Tower with Radar,27,45,53,0,125,0,0,13,0,13,27,45,66,0,138,8,0,8,146
07/08/2019,CHA,TN,ASO,ES,Combined TRACON& Tower with Radar,28,50,64,42,184,0,0,29,3,32,28,50,93,45,216,48,0,48,264
07/09/2019,CHA,TN,ASO,ES,Combined TRACON& Tower with Radar,27,37,73,15,152,0,1,44,6,51,27,38,117,21,203,30,0,30,233
07/10/2019,CHA,TN,ASO,ES,Combined TRACON& Tower with Radar,26,43,48,23,140,0,1,31,5,37,26,44,79,28,177,30,12,42,219
07/11/2019,CHA,TN,ASO,ES,Combined TRACON& Tower with Radar,28,42,47,0,117,0,0,2,0,2,28,42,49,0,119,0,0,0,119
07/12/2019,CHA,TN,ASO,ES,Combined TRACON& Tower with Radar,26,49,50,4,129,0,2,7,0,9,26,51,57,4,138,0,0,0,138
07/13/2019,CHA,TN,ASO,ES,Combined TRACON& Tower with Radar,18,26,23,4,71,0,0,16,2,18,18,26,39,6,89,32,0,32,121
07/14/2019,CHA,TN,ASO,ES,Combined TRACON& Tower with Radar,25,33,45,2,105,0,0,26,0,26,25,33,71,2,131,18,0,18,149
07/15/2019,CHA,TN,ASO,ES,Combined TRACON& Tower with Radar,28,35,47,10,120,0,0,36,0,36,28,35,83,10,156,30,0,30,186
07/16/2019,CHA,TN,ASO,ES,Combined TRACON& Tower with Radar,30,37,41,23,131,0,0,32,3,35,30,37,73,26,166,30,0,30,196
07/17/2019,CHA,TN,ASO,ES,Combined TRACON& Tower with Radar,32,40,50,5,127,0,0,14,1,15,32,40,64,6,142,24,4,28,170
07/18/2019,CHA,TN,ASO,ES,Combined TRACON& Tower with Radar,35,41,50,5,131,0,0,25,6,31,35,41,75,11,162,34,0,34,196
07/19/2019,CHA,TN,ASO,ES,Combined TRACON& Tower with Radar,30,46,48,2,126,0,0,17,2,19,30,46,65,4,145,14,0,14,159
07/20/2019,CHA,TN,ASO,ES,Combined TRACON& Tower with Radar,17,31,23,0,71,0,0,15,0,15,17,31,38,0,86,20,0,20,106
07/21/2019,CHA,TN,ASO,ES,Combined TRACON& Tower with Radar,25,34,29,0,88,0,1,21,0,22,25,35,50,0,110,18,0,18,128
07/22/2019,CHA,TN,ASO,ES,Combined TRACON& Tower with Radar,25,39,51,0,115,0,2,10,0,12,25,41,61,0,127,70,0,70,197
07/23/2019,CHA,TN,ASO,ES,Combined TRACON& Tower with Radar,27,52,67,41,187,0,0,12,4,16,27,52,79,45,203,0,0,0,203
07/24/2019,CHA,TN,ASO,ES,Combined TRACON& Tower with Radar,31,44,67,4,146,0,4,62,0,66,31,48,129,4,212,78,0,78,290
07/25/2019,CHA,TN,ASO,ES,Combined TRACON& Tower with Radar,29,45,86,13,173,0,3,51,3,57,29,48,137,16,230,54,0,54,284
07/26/2019,CHA,TN,ASO,ES,Combined TRACON& Tower with Radar,26,51,58,47,182,0,3,38,9,50,26,54,96,56,232,60,22,82,314
07/27/2019,CHA,TN,ASO,ES,Combined TRACON& Tower with Radar,21,31,45,15,112,0,1,40,3,44,21,32,85,18,156,16,4,20,176
07/28/2019,CHA,TN,ASO,ES,Combined TRACON& Tower with Radar,26,35,37,17,115,0,0,43,8,51,26,35,80,25,166,0,0,0,166
07/29/2019,CHA,TN,ASO,ES,Combined TRACON& Tower with Radar,27,32,34,43,136,0,0,29,3,32,27,32,63,46,168,60,8,68,236
07/30/2019,CHA,TN,ASO,ES,Combined TRACON& Tower with Radar,34,44,44,2,124,0,0,15,2,17,34,44,59,4,141,12,0,12,153
07/31/2019,CHA,TN,ASO,ES,Combined TRACON& Tower with Radar,26,45,47,14,132,0,0,22,0,22,26,45,69,14,154,20,30,50,204
08/01/2019,CHA,TN,ASO,ES,Combined TRACON& Tower with Radar,31,47,60,5,143,0,0,17,3,20,31,47,77,8,163,46,0,46,209
08/02/2019,CHA,TN,ASO,ES,Combined TRACON& Tower with Radar,29,42,46,12,129,0,0,24,0,24,29,42,70,12,153,88,18,106,259
08/03/2019,CHA,TN,ASO,ES,Combined TRACON& Tower with Radar,22,24,46,3,95,0,0,29,6,35,22,24,75,9,130,22,0,22,152
08/04/2019,CHA,TN,ASO,ES,Combined TRACON& Tower with Radar,25,36,39,14,114,0,0,8,1,9,25,36,47,15,123,0,0,0,123
08/05/2019,CHA,TN,ASO,ES,Combined TRACON& Tower with Radar,27,42,49,22,140,0,0,27,1,28,27,42,76,23,168,72,12,84,252
08/06/2019,CHA,TN,ASO,ES,Combined TRACON& Tower with Radar,30,34,70,9,143,0,2,42,3,47,30,36,112,12,190,80,36,116,306
08/07/2019,CHA,TN,ASO,ES,Combined TRACON& Tower with Radar,32,31,43,8,114,0,0,25,0,25,32,31,68,8,139,34,0,34,173
08/08/2019,CHA,TN,ASO,ES,Combined TRACON& Tower with Radar,30,45,52,15,142,1,1,31,5,38,31,46,83,20,180,26,2,28,208
08/09/2019,CHA,TN,ASO,ES,Combined TRACON& Tower with Radar,32,37,39,12,120,0,0,22,16,38,32,37,61,28,158,56,0,56,214
08/10/2019,CHA,TN,ASO,ES,Combined TRACON& Tower with Radar,20,26,28,10,84,0,0,27,0,27,20,26,55,10,111,0,0,0,111
08/11/2019,CHA,TN,ASO,ES,Combined TRACON& Tower with Radar,25,35,40,10,110,0,0,23,7,30,25,35,63,17,140,0,0,0,140
08/12/2019,CHA,TN,ASO,ES,Combined TRACON& Tower with Radar,28,39,46,27,140,0,2,26,0,28,28,41,72,27,168,23,20,43,211
08/13/2019,CHA,TN,ASO,ES,Combined TRACON& Tower with Radar,30,35,57,3,125,0,0,16,2,18,30,35,73,5,143,40,0,40,183
08/14/2019,CHA,TN,ASO,ES,Combined TRACON& Tower with Radar,34,45,62,35,176,0,0,20,9,29,34,45,82,44,205,20,0,20,225
08/15/2019,CHA,TN,ASO,ES,Combined TRACON& Tower with Radar,33,32,50,11,126,0,0,40,5,45,33,32,90,16,171,22,24,46,217
08/16/2019,CHA,TN,ASO,ES,Combined TRACON& Tower with Radar,28,42,51,42,163,0,0,39,7,46,28,42,90,49,209,14,28,42,251
08/17/2019,CHA,TN,ASO,ES,Combined TRACON& Tower with Radar,24,17,28,26,95,0,0,22,1,23,24,17,50,27,118,2,29,31,149
08/18/2019,CHA,TN,ASO,ES,Combined TRACON& Tower with Radar,26,36,44,27,133,0,0,24,2,26,26,36,68,29,159,0,4,4,163
08/19/2019,CHA,TN,ASO,ES,Combined TRACON& Tower with Radar,29,40,27,17,113,0,0,16,1,17,29,40,43,18,130,30,0,30,160
08/20/2019,CHA,TN,ASO,ES,Combined TRACON& Tower with Radar,32,38,52,33,155,0,4,19,3,26,32,42,71,36,181,0,12,12,193
08/21/2019,CHA,TN,ASO,ES,Combined TRACON& Tower with Radar,28,46,41,17,132,0,1,31,1,33,28,47,72,18,165,42,4,46,211
08/22/2019,CHA,TN,ASO,ES,Combined TRACON& Tower with Radar,31,37,30,6,104,0,0,28,0,28,31,37,58,6,132,34,0,34,166
08/23/2019,CHA,TN,ASO,ES,Combined TRACON& Tower with Radar,33,42,38,19,132,0,1,16,11,28,33,43,54,30,160,0,0,0,160
08/24/2019,CHA,TN,ASO,ES,Combined TRACON& Tower with Radar,21,21,20,0,62,0,0,4,0,4,21,21,24,0,66,34,0,34,100
08/25/2019,CHA,TN,ASO,ES,Combined TRACON& Tower with Radar,32,33,31,12,108,0,0,1,7,8,32,33,32,19,116,0,0,0,116
08/26/2019,CHA,TN,ASO,ES,Combined TRACON& Tower with Radar,33,35,33,2,103,0,0,0,0,0,33,35,33,2,103,0,0,0,103
08/27/2019,CHA,TN,ASO,ES,Combined TRACON& Tower with Radar,31,39,63,1,134,0,1,4,0,5,31,40,67,1,139,22,0,22,161
08/28/2019,CHA,TN,ASO,ES,Combined TRACON& Tower with Radar,33,29,70,48,180,0,0,43,1,44,33,29,113,49,224,66,16,82,306
08/29/2019,CHA,TN,ASO,ES,Combined TRACON& Tower with Radar,32,47,48,26,153,0,2,58,2,62,32,49,106,28,215,30,26,56,271
08/30/2019,CHA,TN,ASO,ES,Combined TRACON& Tower with Radar,27,46,50,0,123,0,3,51,0,54,27,49,101,0,177,50,0,50,227
08/31/2019,CHA,TN,ASO,ES,Combined TRACON& Tower with Radar,16,16,38,3,73,0,3,57,1,61,16,19,95,4,134,20,0,20,154
09/01/2019,CHA,TN,ASO,ES,Combined TRACON& Tower with Radar,19,23,27,0,69,0,2,24,0,26,19,25,51,0,95,12,0,12,107
09/02/2019,CHA,TN,ASO,ES,Combined TRACON& Tower with Radar,32,36,28,0,96,0,0,33,0,33,32,36,61,0,129,10,0,10,139
09/03/2019,CHA,TN,ASO,ES,Combined TRACON& Tower with Radar,33,26,34,11,104,0,0,16,7,23,33,26,50,18,127,50,36,86,213
09/04/2019,CHA,TN,ASO,ES,Combined TRACON& Tower with Radar,28,34,40,22,124,0,1,47,5,53,28,35,87,27,177,38,50,88,265
09/05/2019,CHA,TN,ASO,ES,Combined TRACON& Tower with Radar,38,29,45,32,144,0,0,34,4,38,38,29,79,36,182,20,6,26,208
09/06/2019,CHA,TN,ASO,ES,Combined TRACON& Tower with Radar,30,44,54,32,160,0,3,29,13,45,30,47,83,45,205,22,14,36,241
09/07/2019,CHA,TN,ASO,ES,Combined TRACON& Tower with Radar,24,26,38,0,88,0,2,39,5,46,24,28,77,5,134,10,0,10,144
09/08/2019,CHA,TN,ASO,ES,Combined TRACON& Tower with Radar,26,36,29,9,100,0,0,20,5,25,26,36,49,14,125,4,0,4,129
09/09/2019,CHA,TN,ASO,ES,Combined TRACON& Tower with Radar,39,32,43,42,156,0,1,24,11,36,39,33,67,53,192,20,10,30,222
09/10/2019,CHA,TN,ASO,ES,Combined TRACON& Tower with Radar,41,34,42,31,148,0,2,25,1,28,41,36,67,32,176,0,0,0,176
09/11/2019,CHA,TN,ASO,ES,Combined TRACON& Tower with Radar,31,31,54,11,127,0,1,26,4,31,31,32,80,15,158,0,0,0,158
09/12/2019,CHA,TN,ASO,ES,Combined TRACON& Tower with Radar,32,46,53,24,155,1,2,42,0,45,33,48,95,24,200,42,0,42,242
09/13/2019,CHA,TN,ASO,ES,Combined TRACON& Tower with Radar,32,49,48,13,142,0,3,36,14,53,32,52,84,27,195,56,6,62,257
09/14/2019,CHA,TN,ASO,ES,Combined TRACON& Tower with Radar,23,27,29,10,89,0,0,23,3,26,23,27,52,13,115,22,0,22,137
09/15/2019,CHA,TN,ASO,ES,Combined TRACON& Tower with Radar,29,49,44,35,157,0,0,26,6,32,29,49,70,41,189,26,4,30,219
09/16/2019,CHA,TN,ASO,ES,Combined TRACON& Tower with Radar,34,37,41,41,153,0,2,29,1,32,34,39,70,42,185,34,30,64,249
09/17/2019,CHA,TN,ASO,ES,Combined TRACON& Tower with Radar,54,41,53,23,171,0,1,23,2,26,54,42,76,25,197,20,16,36,233
09/18/2019,CHA,TN,ASO,ES,Combined TRACON& Tower with Radar,35,43,54,10,142,0,1,45,0,46,35,44,99,10,188,38,10,48,236
09/19/2019,CHA,TN,ASO,ES,Combined TRACON& Tower with Radar,30,40,41,50,161,0,2,28,2,32,30,42,69,52,193,12,54,66,259
09/20/2019,CHA,TN,ASO,ES,Combined TRACON& Tower with Radar,34,48,71,25,178,0,2,37,4,43,34,50,108,29,221,0,38,38,259
09/21/2019,CHA,TN,ASO,ES,Combined TRACON& Tower with Radar,25,26,31,0,82,0,2,37,1,40,25,28,68,1,122,16,0,16,138
09/22/2019,CHA,TN,ASO,ES,Combined TRACON& Tower with Radar,29,46,35,14,124,0,6,42,1,49,29,52,77,15,173,18,0,18,191
09/23/2019,CHA,TN,ASO,ES,Combined TRACON& Tower with Radar,30,42,42,2,116,0,1,21,1,23,30,43,63,3,139,18,6,24,163
09/24/2019,CHA,TN,ASO,ES,Combined TRACON& Tower with Radar,36,36,63,26,161,0,1,26,6,33,36,37,89,32,194,0,0,0,194
09/25/2019,CHA,TN,ASO,ES,Combined TRACON& Tower with Radar,37,36,62,6,141,0,1,28,4,33,37,37,90,10,174,96,10,106,280
09/26/2019,CHA,TN,ASO,ES,Combined TRACON& Tower with Radar,37,33,47,2,119,0,2,28,0,30,37,35,75,2,149,0,0,0,149
09/27/2019,CHA,TN,ASO,ES,Combined TRACON& Tower with Radar,35,43,40,10,128,0,1,35,3,39,35,44,75,13,167,14,0,14,181
09/28/2019,CHA,TN,ASO,ES,Combined TRACON& Tower with Radar,27,26,37,0,90,0,1,26,0,27,27,27,63,0,117,22,0,22,139
09/29/2019,CHA,TN,ASO,ES,Combined TRACON& Tower with Radar,28,38,59,4,129,0,2,28,3,33,28,40,87,7,162,12,0,12,174
09/30/2019,CHA,TN,ASO,ES,Combined TRACON& Tower with Radar,33,39,51,8,131,0,4,45,2,51,33,43,96,10,182,76,0,76,258
10/01/2019,CHA,TN,ASO,ES,Combined TRACON& Tower with Radar,39,36,72,33,180,0,4,35,0,39,39,40,107,33,219,66,34,100,319
10/02/2019,CHA,TN,ASO,ES,Combined TRACON& Tower with Radar,41,31,64,42,178,0,2,26,7,35,41,33,90,49,213,10,16,26,239
10/03/2019,CHA,TN,ASO,ES,Combined TRACON& Tower with Radar,38,38,78,22,176,0,2,51,9,62,38,40,129,31,238,66,18,84,322
10/04/2019,CHA,TN,ASO,ES,Combined TRACON& Tower with Radar,32,53,47,72,204,0,3,59,7,69,32,56,106,79,273,0,14,14,287
10/05/2019,CHA,TN,ASO,ES,Combined TRACON& Tower with Radar,30,23,42,15,110,0,0,44,1,45,30,23,86,16,155,0,4,4,159
10/06/2019,CHA,TN,ASO,ES,Combined TRACON& Tower with Radar,30,37,52,22,141,0,0,18,0,18,30,37,70,22,159,0,0,0,159
10/07/2019,CHA,TN,ASO,ES,Combined TRACON& Tower with Radar,38,22,35,0,95,0,0,10,0,10,38,22,45,0,105,16,0,16,121
10/08/2019,CHA,TN,ASO,ES,Combined TRACON& Tower with Radar,44,25,71,0,140,1,0,37,0,38,45,25,108,0,178,0,0,0,178
10/09/2019,CHA,TN,ASO,ES,Combined TRACON& Tower with Radar,34,33,76,22,165,0,2,49,0,51,34,35,125,22,216,24,0,24,240
10/10/2019,CHA,TN,ASO,ES,Combined TRACON& Tower with Radar,33,31,62,40,166,0,4,58,2,64,33,35,120,42,230,40,34,74,304
10/11/2019,CHA,TN,ASO,ES,Combined TRACON& Tower with Radar,30,54,55,35,174,0,3,39,4,46,30,57,94,39,220,54,6,60,280
10/12/2019,CHA,TN,ASO,ES,Combined TRACON& Tower with Radar,30,24,37,0,91,0,0,27,0,27,30,24,64,0,118,6,0,6,124
10/13/2019,CHA,TN,ASO,ES,Combined TRACON& Tower with Radar,31,33,39,20,123,0,1,26,6,33,31,34,65,26,156,10,0,10,166
10/14/2019,CHA,TN,ASO,ES,Combined TRACON& Tower with Radar,36,36,72,4,148,0,4,35,3,42,36,40,107,7,190,28,0,28,218
10/15/2019,CHA,TN,ASO,ES,Combined TRACON& Tower with Radar,38,53,63,48,202,0,4,15,3,22,38,57,78,51,224,54,0,54,278
10/16/2019,CHA,TN,ASO,ES,Combined TRACON& Tower with Radar,35,47,47,20,149,0,0,17,3,20,35,47,64,23,169,32,0,32,201
10/17/2019,CHA,TN,ASO,ES,Combined TRACON& Tower with Radar,35,40,77,33,185,1,1,61,2,65,36,41,138,35,250,28,0,28,278
10/18/2019,CHA,TN,ASO,ES,Combined TRACON& Tower with Radar,31,63,50,35,179,0,8,48,5,61,31,71,98,40,240,66,8,74,314
10/19/2019,CHA,TN,ASO,ES,Combined TRACON& Tower with Radar,27,32,39,12,110,0,0,13,0,13,27,32,52,12,123,12,6,18,141
10/20/2019,CHA,TN,ASO,ES,Combined TRACON& Tower with Radar,30,33,64,18,145,0,1,15,11,27,30,34,79,29,172,16,0,16,188
10/21/2019,CHA,TN,ASO,ES,Combined TRACON& Tower with Radar,37,34,58,12,141,0,0,6,1,7,37,34,64,13,148,0,0,0,148
10/22/2019,CHA,TN,ASO,ES,Combined TRACON& Tower with Radar,34,53,41,13,141,0,2,37,2,41,34,55,78,15,182,14,14,28,210
10/23/2019,CHA,TN,ASO,ES,Combined TRACON& Tower with Radar,31,40,61,6,138,0,6,47,0,53,31,46,108,6,191,40,0,40,231
10/24/2019,CHA,TN,ASO,ES,Combined TRACON& Tower with Radar,37,36,75,20,168,0,0,42,3,45,37,36,117,23,213,18,22,40,253
10/25/2019,CHA,TN,ASO,ES,Combined TRACON& Tower with Radar,30,41,30,3,104,0,0,4,0,4,30,41,34,3,108,0,0,0,108
10/26/2019,CHA,TN,ASO,ES,Combined TRACON& Tower with Radar,25,21,18,0,64,0,0,0,0,0,25,21,18,0,64,0,0,0,64
10/27/2019,CHA,TN,ASO,ES,Combined TRACON& Tower with Radar,27,36,39,1,103,0,0,7,0,7,27,36,46,1,110,0,0,0,110
10/28/2019,CHA,TN,ASO,ES,Combined TRACON& Tower with Radar,29,39,47,32,147,0,0,30,0,30,29,39,77,32,177,66,8,74,251
10/29/2019,CHA,TN,ASO,ES,Combined TRACON& Tower with Radar,35,50,68,51,204,0,1,31,6,38,35,51,99,57,242,70,44,114,356
10/30/2019,CHA,TN,ASO,ES,Combined TRACON& Tower with Radar,38,37,41,0,116,0,0,1,0,1,38,37,42,0,117,2,0,2,119
10/31/2019,CHA,TN,ASO,ES,Combined TRACON& Tower with Radar,34,18,32,8,92,0,0,1,0,1,34,18,33,8,93,0,0,0,93
11/01/2019,CHA,TN,ASO,ES,Combined TRACON& Tower with Radar,35,54,62,41,192,0,5,46,6,57,35,59,108,47,249,86,16,102,351
11/02/2019,CHA,TN,ASO,ES,Combined TRACON& Tower with Radar,30,25,41,2,98,0,6,32,1,39,30,31,73,3,137,30,0,30,167
11/03/2019,CHA,TN,ASO,ES,Combined TRACON& Tower with Radar,30,42,39,31,142,0,3,24,13,40,30,45,63,44,182,26,0,26,208
11/04/2019,CHA,TN,ASO,ES,Combined TRACON& Tower with Radar,35,43,50,19,147,0,3,39,4,46,35,46,89,23,193,12,0,12,205
11/05/2019,CHA,TN,ASO,ES,Combined TRACON& Tower with Radar,27,43,62,43,175,0,0,40,8,48,27,43,102,51,223,54,64,118,341
11/06/2019,CHA,TN,ASO,ES,Combined TRACON& Tower with Radar,27,64,54,22,167,0,6,31,3,40,27,70,85,25,207,90,14,104,311
11/07/2019,CHA,TN,ASO,ES,Combined TRACON& Tower with Radar,31,54,57,2,144,0,0,0,0,0,31,54,57,2,144,10,0,10,154
11/08/2019,CHA,TN,ASO,ES,Combined TRACON& Tower with Radar,30,55,62,27,174,0,6,27,4,37,30,61,89,31,211,48,20,68,279
11/09/2019,CHA,TN,ASO,ES,Combined TRACON& Tower with Radar,30,20,31,15,96,0,0,31,5,36,30,20,62,20,132,5,12,17,149
11/10/2019,CHA,TN,ASO,ES,Combined TRACON& Tower with Radar,27,50,35,7,119,0,2,25,2,29,27,52,60,9,148,6,0,6,154
11/11/2019,CHA,TN,ASO,ES,Combined TRACON& Tower with Radar,39,32,62,3,136,0,2,19,2,23,39,34,81,5,159,10,0,10,169
11/12/2019,CHA,TN,ASO,ES,Combined TRACON& Tower with Radar,27,53,47,0,127,0,2,2,0,4,27,55,49,0,131,16,0,16,147
11/13/2019,CHA,TN,ASO,ES,Combined TRACON& Tower with Radar,37,43,52,3,135,0,5,42,6,53,37,48,94,9,188,16,4,20,208
11/14/2019,CHA,TN,ASO,ES,Combined TRACON& Tower with Radar,33,41,45,5,124,0,0,31,3,34,33,41,76,8,158,14,8,22,180
11/15/2019,CHA,TN,ASO,ES,Combined TRACON& Tower with Radar,28,51,48,59,186,0,2,21,6,29,28,53,69,65,215,70,0,70,285
11/16/2019,CHA,TN,ASO,ES,Combined TRACON& Tower with Radar,30,27,37,6,100,0,2,49,4,55,30,29,86,10,155,25,0,25,180
11/17/2019,CHA,TN,ASO,ES,Combined TRACON& Tower with Radar,27,45,48,26,146,0,4,29,7,40,27,49,77,33,186,26,0,26,212
11/18/2019,CHA,TN,ASO,ES,Combined TRACON& Tower with Radar,37,44,63,8,152,0,0,31,5,36,37,44,94,13,188,36,36,72,260
11/19/2019,CHA,TN,ASO,ES,Combined TRACON& Tower with Radar,37,38,68,0,143,0,2,57,1,60,37,40,125,1,203,38,0,38,241
11/20/2019,CHA,TN,ASO,ES,Combined TRACON& Tower with Radar,30,50,76,48,204,0,0,54,7,61,30,50,130,55,265,14,28,42,307
11/21/2019,CHA,TN,ASO,ES,Combined TRACON& Tower with Radar,33,35,51,19,138,0,0,23,2,25,33,35,74,21,163,22,40,62,225
11/22/2019,CHA,TN,ASO,ES,Combined TRACON& Tower with Radar,27,45,53,0,125,0,0,2,0,2,27,45,55,0,127,0,0,0,127
11/23/2019,CHA,TN,ASO,ES,Combined TRACON& Tower with Radar,26,20,24,0,70,0,0,0,0,0,26,20,24,0,70,0,0,0,70
11/24/2019,CHA,TN,ASO,ES,Combined TRACON& Tower with Radar,24,43,40,4,111,0,3,20,0,23,24,46,60,4,134,20,0,20,154
11/25/2019,CHA,TN,ASO,ES,Combined TRACON& Tower with Radar,31,36,37,21,125,0,2,24,1,27,31,38,61,22,152,30,14,44,196
11/26/2019,CHA,TN,ASO,ES,Combined TRACON& Tower with Radar,29,47,39,50,165,0,1,31,1,33,29,48,70,51,198,34,2,36,234
11/27/2019,CHA,TN,ASO,ES,Combined TRACON& Tower with Radar,31,40,50,1,122,0,2,10,0,12,31,42,60,1,134,14,0,14,148
11/28/2019,CHA,TN,ASO,ES,Combined TRACON& Tower with Radar,15,19,7,0,41,0,0,15,0,15,15,19,22,0,56,0,0,0,56
11/29/2019,CHA,TN,ASO,ES,Combined TRACON& Tower with Radar,14,32,36,0,82,0,3,28,0,31,14,35,64,0,113,6,0,6,119
11/30/2019,CHA,TN,ASO,ES,Combined TRACON& Tower with Radar,20,38,35,0,93,0,0,12,0,12,20,38,47,0,105,20,0,20,125
12/01/2019,CHA,TN,ASO,ES,Combined TRACON& Tower with Radar,30,57,65,0,152,0,0,9,0,9,30,57,74,0,161,12,0,12,173
12/02/2019,CHA,TN,ASO,ES,Combined TRACON& Tower with Radar,26,38,47,2,113,0,0,10,0,10,26,38,57,2,123,14,0,14,137
12/03/2019,CHA,TN,ASO,ES,Combined TRACON& Tower with Radar,34,25,46,17,122,0,0,15,0,15,34,25,61,17,137,36,10,46,183
12/04/2019,CHA,TN,ASO,ES,Combined TRACON& Tower with Radar,34,28,55,13,130,0,2,35,9,46,34,30,90,22,176,16,50,66,242
12/05/2019,CHA,TN,ASO,ES,Combined TRACON& Tower with Radar,38,28,59,26,151,0,1,53,1,55,38,29,112,27,206,40,4,44,250
12/06/2019,CHA,TN,ASO,ES,Combined TRACON& Tower with Radar,35,33,36,9,113,0,1,21,5,27,35,34,57,14,140,5,0,5,145
12/07/2019,CHA,TN,ASO,ES,Combined TRACON& Tower with Radar,26,15,36,2,79,0,0,29,4,33,26,15,65,6,112,32,0,32,144
12/08/2019,CHA,TN,ASO,ES,Combined TRACON& Tower with Radar,31,25,30,0,86,0,0,18,0,18,31,25,48,0,104,12,0,12,116
12/09/2019,CHA,TN,ASO,ES,Combined TRACON& Tower with Radar,34,33,45,0,112,0,0,3,0,3,34,33,48,0,115,22,0,22,137
12/10/2019,CHA,TN,ASO,ES,Combined TRACON& Tower with Radar,33,29,24,0,86,0,0,0,0,0,33,29,24,0,86,0,0,0,86
12/11/2019,CHA,TN,ASO,ES,Combined TRACON& Tower with Radar,32,32,61,20,145,0,0,57,5,62,32,32,118,25,207,64,2,66,273
12/12/2019,CHA,TN,ASO,ES,Combined TRACON& Tower with Radar,37,25,52,4,118,0,0,43,1,44,37,25,95,5,162,34,4,38,200
12/13/2019,CHA,TN,ASO,ES,Combined TRACON& Tower with Radar,32,38,30,0,100,0,0,0,0,0,32,38,30,0,100,0,0,0,100
12/14/2019,CHA,TN,ASO,ES,Combined TRACON& Tower with Radar,28,13,35,0,76,0,0,13,0,13,28,13,48,0,89,6,0,6,95
12/15/2019,CHA,TN,ASO,ES,Combined TRACON& Tower with Radar,30,29,55,0,114,0,0,43,0,43,30,29,98,0,157,42,0,42,199
12/16/2019,CHA,TN,ASO,ES,Combined TRACON& Tower with Radar,33,32,47,0,112,0,0,2,0,2,33,32,49,0,114,0,0,0,114
12/17/2019,CHA,TN,ASO,ES,Combined TRACON& Tower with Radar,32,27,42,2,103,0,0,1,0,1,32,27,43,2,104,0,16,16,120
12/18/2019,CHA,TN,ASO,ES,Combined TRACON& Tower with Radar,35,32,68,8,143,0,0,40,5,45,35,32,108,13,188,30,12,42,230
12/19/2019,CHA,TN,ASO,ES,Combined TRACON& Tower with Radar,34,42,60,13,149,0,4,38,6,48,34,46,98,19,197,26,46,72,269
12/20/2019,CHA,TN,ASO,ES,Combined TRACON& Tower with Radar,37,27,51,0,115,0,2,38,0,40,37,29,89,0,155,68,0,68,223
12/21/2019,CHA,TN,ASO,ES,Combined TRACON& Tower with Radar,19,27,34,0,80,0,1,26,1,28,19,28,60,1,108,0,0,0,108
12/22/2019,CHA,TN,ASO,ES,Combined TRACON& Tower with Radar,20,28,19,0,67,0,0,0,0,0,20,28,19,0,67,0,0,0,67
12/23/2019,CHA,TN,ASO,ES,Combined TRACON& Tower with Radar,16,29,39,6,90,0,0,5,0,5,16,29,44,6,95,6,8,14,109
12/24/2019,CHA,TN,ASO,ES,Combined TRACON& Tower with Radar,15,16,24,0,55,0,2,38,1,41,15,18,62,1,96,48,0,48,144
12/25/2019,CHA,TN,ASO,ES,Combined TRACON& Tower with Radar,14,22,10,0,46,0,0,5,0,5,14,22,15,0,51,0,0,0,51
12/26/2019,CHA,TN,ASO,ES,Combined TRACON& Tower with Radar,20,26,61,1,108,0,4,31,1,36,20,30,92,2,144,46,22,68,212
12/27/2019,CHA,TN,ASO,ES,Combined TRACON& Tower with Radar,20,36,64,0,120,0,0,22,0,22,20,36,86,0,142,26,0,26,168
12/28/2019,CHA,TN,ASO,ES,Combined TRACON& Tower with Radar,20,27,36,0,83,0,0,20,0,20,20,27,56,0,103,36,0,36,139
12/29/2019,CHA,TN,ASO,ES,Combined TRACON& Tower with Radar,20,29,24,0,73,0,0,0,0,0,20,29,24,0,73,0,0,0,73
12/30/2019,CHA,TN,ASO,ES,Combined TRACON& Tower with Radar,22,28,32,0,82,0,0,27,2,29,22,28,59,2,111,14,8,22,133
12/31/2019,CHA,TN,ASO,ES,Combined TRACON& Tower with Radar,20,17,27,0,64,0,4,38,1,43,20,21,65,1,107,0,0,0,107
01/01/2020,CHA,TN,ASO,ES,Combined TRACON& Tower with Radar,17,20,33,0,70,0,1,37,0,38,17,21,70,0,108,28,0,28,136
01/02/2020,CHA,TN,ASO,ES,Combined TRACON& Tower with Radar,23,32,21,0,76,0,0,0,0,0,23,32,21,0,76,0,0,0,76
01/03/2020,CHA,TN,ASO,ES,Combined TRACON& Tower with Radar,28,29,28,0,85,0,0,0,0,0,28,29,28,0,85,0,0,0,85
01/04/2020,CHA,TN,ASO,ES,Combined TRACON& Tower with Radar,17,27,34,0,78,0,0,8,0,8,17,27,42,0,86,10,0,10,96
01/05/2020,CHA,TN,ASO,ES,Combined TRACON& Tower with Radar,24,30,41,2,97,0,2,45,0,47,24,32,86,2,144,30,0,30,174
01/06/2020,CHA,TN,ASO,ES,Combined TRACON& Tower with Radar,34,20,33,14,101,0,0,41,0,41,34,20,74,14,142,4,0,4,146
01/07/2020,CHA,TN,ASO,ES,Combined TRACON& Tower with Radar,28,29,39,5,101,0,0,20,1,21,28,29,59,6,122,18,0,18,140
01/08/2020,CHA,TN,ASO,ES,Combined TRACON& Tower with Radar,25,40,43,28,136,0,3,54,2,59,25,43,97,30,195,40,20,60,255
01/09/2020,CHA,TN,ASO,ES,Combined TRACON& Tower with Radar,33,33,39,22,127,0,0,32,6,38,33,33,71,28,165,24,0,24,189
01/10/2020,CHA,TN,ASO,ES,Combined TRACON& Tower with Radar,28,34,29,6,97,0,1,13,0,14,28,35,42,6,111,20,0,20,131
01/11/2020,CHA,TN,ASO,ES,Combined TRACON& Tower with Radar,18,17,7,0,42,0,0,0,0,0,18,17,7,0,42,0,0,0,42
01/12/2020,CHA,TN,ASO,ES,Combined TRACON& Tower with Radar,31,19,54,0,104,0,2,27,0,29,31,21,81,0,133,22,0,22,155
01/13/2020,CHA,TN,ASO,ES,Combined TRACON& Tower with Radar,33,27,42,39,141,0,0,14,0,14,33,27,56,39,155,40,4,44,199
01/14/2020,CHA,TN,ASO,ES,Combined TRACON& Tower with Radar,26,33,30,0,89,0,0,0,0,0,26,33,30,0,89,26,0,26,115
01/15/2020,CHA,TN,ASO,ES,Combined TRACON& Tower with Radar,30,31,48,20,129,0,0,2,0,2,30,31,50,20,131,22,0,22,153
01/16/2020,CHA,TN,ASO,ES,Combined TRACON& Tower with Radar,31,45,61,23,160,0,11,37,4,52,31,56,98,27,212,52,18,70,282
01/17/2020,CHA,TN,ASO,ES,Combined TRACON& Tower with Radar,31,49,50,15,145,0,0,19,1,20,31,49,69,16,165,26,0,26,191
01/18/2020,CHA,TN,ASO,ES,Combined TRACON& Tower with Radar,16,13,17,0,46,0,0,1,0,1,16,13,18,0,47,0,0,0,47
01/19/2020,CHA,TN,ASO,ES,Combined TRACON& Tower with Radar,24,19,27,29,99,0,0,30,2,32,24,19,57,31,131,2,16,18,149
01/20/2020,CHA,TN,ASO,ES,Combined TRACON& Tower with Radar,30,27,34,0,91,0,0,13,0,13,30,27,47,0,104,10,0,10,114
01/21/2020,CHA,TN,ASO,ES,Combined TRACON& Tower with Radar,25,44,50,16,135,0,7,36,11,54,25,51,86,27,189,18,0,18,207
01/22/2020,CHA,TN,ASO,ES,Combined TRACON& Tower with Radar,26,29,49,24,128,0,4,42,3,49,26,33,91,27,177,48,44,92,269
01/23/2020,CHA,TN,ASO,ES,Combined TRACON& Tower with Radar,32,30,53,17,132,0,0,9,0,9,32,30,62,17,141,22,2,24,165
01/24/2020,CHA,TN,ASO,ES,Combined TRACON& Tower with Radar,29,37,40,4,110,0,0,2,0,2,29,37,42,4,112,0,0,0,112
01/25/2020,CHA,TN,ASO,ES,Combined TRACON& Tower with Radar,22,19,30,6,77,0,0,20,0,20,22,19,50,6,97,20,4,24,121
01/26/2020,CHA,TN,ASO,ES,Combined TRACON& Tower with Radar,27,24,48,0,99,0,0,39,4,43,27,24,87,4,142,20,0,20,162
01/27/2020,CHA,TN,ASO,ES,Combined TRACON& Tower with Radar,35,27,46,23,131,0,1,8,1,10,35,28,54,24,141,16,32,48,189
01/28/2020,CHA,TN,ASO,ES,Combined TRACON& Tower with Radar,26,31,73,40,170,0,11,48,6,65,26,42,121,46,235,62,40,102,337
01/29/2020,CHA,TN,ASO,ES,Combined TRACON& Tower with Radar,31,34,35,26,126,0,3,24,0,27,31,37,59,26,153,76,18,94,247
01/30/2020,CHA,TN,ASO,ES,Combined TRACON& Tower with Radar,33,42,60,6,141,0,3,46,0,49,33,45,106,6,190,122,2,124,314
01/31/2020,CHA,TN,ASO,ES,Combined TRACON& Tower with Radar,30,57,49,12,148,0,3,15,0,18,30,60,64,12,166,42,0,42,208
02/01/2020,CHA,TN,ASO,ES,Combined TRACON& Tower with Radar,21,17,22,0,60,0,2,4,0,6,21,19,26,0,66,34,0,34,100
02/02/2020,CHA,TN,ASO,ES,Combined TRACON& Tower with Radar,25,21,37,0,83,0,7,39,0,46,25,28,76,0,129,20,0,20,149
02/03/2020,CHA,TN,ASO,ES,Combined TRACON& Tower with Radar,31,38,44,13,126,0,2,32,3,37,31,40,76,16,163,38,0,38,201
02/04/2020,CHA,TN,ASO,ES,Combined TRACON& Tower with Radar,23,41,42,2,108,0,0,0,0,0,23,41,42,2,108,0,0,0,108
02/05/2020,CHA,TN,ASO,ES,Combined TRACON& Tower with Radar,28,28,34,0,90,0,0,1,0,1,28,28,35,0,91,0,0,0,91
02/06/2020,CHA,TN,ASO,ES,Combined TRACON& Tower with Radar,26,30,43,11,110,0,0,1,0,1,26,30,44,11,111,0,0,0,111
02/07/2020,CHA,TN,ASO,ES,Combined TRACON& Tower with Radar,31,33,51,0,115,0,0,9,4,13,31,33,60,4,128,42,0,42,170
02/08/2020,CHA,TN,ASO,ES,Combined TRACON& Tower with Radar,22,17,14,2,55,0,0,6,0,6,22,17,20,2,61,0,0,0,61
02/09/2020,CHA,TN,ASO,ES,Combined TRACON& Tower with Radar,27,34,35,0,96,0,9,25,1,35,27,43,60,1,131,0,0,0,131
02/10/2020,CHA,TN,ASO,ES,Combined TRACON& Tower with Radar,34,28,27,0,89,0,0,0,0,0,34,28,27,0,89,0,0,0,89
02/11/2020,CHA,TN,ASO,ES,Combined TRACON& Tower with Radar,24,39,57,16,136,0,0,6,0,6,24,39,63,16,142,50,0,50,192
02/12/2020,CHA,TN,ASO,ES,Combined TRACON& Tower with Radar,27,36,62,0,125,0,0,1,0,1,27,36,63,0,126,20,0,20,146
02/13/2020,CHA,TN,ASO,ES,Combined TRACON& Tower with Radar,30,33,68,15,146,0,0,7,2,9,30,33,75,17,155,40,28,68,223
02/14/2020,CHA,TN,ASO,ES,Combined TRACON& Tower with Radar,29,33,77,22,161,0,2,49,0,51,29,35,126,22,212,24,0,24,236
02/15/2020,CHA,TN,ASO,ES,Combined TRACON& Tower with Radar,14,19,43,6,82,0,0,45,1,46,14,19,88,7,128,8,0,8,136
02/16/2020,CHA,TN,ASO,ES,Combined TRACON& Tower with Radar,25,23,43,3,94,0,4,28,4,36,25,27,71,7,130,16,2,18,148
02/17/2020,CHA,TN,ASO,ES,Combined TRACON& Tower with Radar,28,38,73,12,151,0,4,37,2,43,28,42,110,14,194,42,8,50,244
02/18/2020,CHA,TN,ASO,ES,Combined TRACON& Tower with Radar,23,37,53,0,113,0,0,0,0,0,23,37,53,0,113,0,0,0,113
02/19/2020,CHA,TN,ASO,ES,Combined TRACON& Tower with Radar,23,34,68,33,158,0,4,25,1,30,23,38,93,34,188,84,28,112,300
02/20/2020,CHA,TN,ASO,ES,Combined TRACON& Tower with Radar,25,31,42,7,105,1,0,1,0,2,26,31,43,7,107,0,0,0,107
02/21/2020,CHA,TN,ASO,ES,Combined TRACON& Tower with Radar,28,46,60,41,175,0,3,59,5,67,28,49,119,46,242,6,4,10,252
02/22/2020,CHA,TN,ASO,ES,Combined TRACON& Tower with Radar,18,25,53,3,99,0,1,62,5,68,18,26,115,8,167,58,2,60,227
02/23/2020,CHA,TN,ASO,ES,Combined TRACON& Tower with Radar,27,28,46,1,102,0,0,26,0,26,27,28,72,1,128,32,0,32,160
02/24/2020,CHA,TN,ASO,ES,Combined TRACON& Tower with Radar,25,33,38,0,96,0,0,2,0,2,25,33,40,0,98,0,0,0,98
02/25/2020,CHA,TN,ASO,ES,Combined TRACON& Tower with Radar,28,37,62,6,133,0,0,18,0,18,28,37,80,6,151,22,12,34,185
02/26/2020,CHA,TN,ASO,ES,Combined TRACON& Tower with Radar,26,32,44,2,104,0,0,10,0,10,26,32,54,2,114,0,0,0,114
02/27/2020,CHA,TN,ASO,ES,Combined TRACON& Tower with Radar,28,34,77,10,149,0,2,45,0,47,28,36,122,10,196,40,0,40,236
02/28/2020,CHA,TN,ASO,ES,Combined TRACON& Tower with Radar,28,40,42,0,110,0,1,7,1,9,28,41,49,1,119,0,0,0,119
02/29/2020,CHA,TN,ASO,ES,Combined TRACON& Tower with Radar,17,24,37,2,80,0,0,23,1,24,17,24,60,3,104,12,0,12,116
03/01/2020,CHA,TN,ASO,ES,Combined TRACON& Tower with Radar,27,38,28,8,101,0,6,28,0,34,27,44,56,8,135,6,0,6,141
03/02/2020,CHA,TN,ASO,ES,Combined TRACON& Tower with Radar,32,29,53,0,114,0,0,0,0,0,32,29,53,0,114,0,0,0,114
03/03/2020,CHA,TN,ASO,ES,Combined TRACON& Tower with Radar,24,30,43,4,101,1,0,11,0,12,25,30,54,4,113,34,0,34,147
03/04/2020,CHA,TN,ASO,ES,Combined TRACON& Tower with Radar,26,33,46,5,110,0,9,11,0,20,26,42,57,5,130,4,0,4,134
03/05/2020,CHA,TN,ASO,ES,Combined TRACON& Tower with Radar,31,39,58,6,134,0,0,9,0,9,31,39,67,6,143,16,0,16,159
03/06/2020,CHA,TN,ASO,ES,Combined TRACON& Tower with Radar,32,47,51,28,158,0,1,14,3,18,32,48,65,31,176,0,0,0,176
03/07/2020,CHA,TN,ASO,ES,Combined TRACON& Tower with Radar,22,32,43,4,101,0,0,50,1,51,22,32,93,5,152,0,6,6,158
03/08/2020,CHA,TN,ASO,ES,Combined TRACON& Tower with Radar,27,31,46,17,121,0,1,26,3,30,27,32,72,20,151,6,10,16,167
03/09/2020,CHA,TN,ASO,ES,Combined TRACON& Tower with Radar,28,39,53,12,132,0,6,20,5,31,28,45,73,17,163,14,54,68,231
03/10/2020,CHA,TN,ASO,ES,Combined TRACON& Tower with Radar,22,39,46,0,107,0,0,1,0,1,22,39,47,0,108,0,0,0,108
03/11/2020,CHA,TN,ASO,ES,Combined TRACON& Tower with Radar,27,33,68,24,152,0,1,17,0,18,27,34,85,24,170,2,22,24,194
03/12/2020,CHA,TN,ASO,ES,Combined TRACON& Tower with Radar,35,41,47,6,129,0,0,5,0,5,35,41,52,6,134,0,0,0,134
03/13/2020,CHA,TN,ASO,ES,Combined TRACON& Tower with Radar,27,41,68,0,136,0,0,17,0,17,27,41,85,0,153,6,0,6,159
03/14/2020,CHA,TN,ASO,ES,Combined TRACON& Tower with Radar,25,24,28,0,77,0,0,7,0,7,25,24,35,0,84,0,0,0,84
03/15/2020,CHA,TN,ASO,ES,Combined TRACON& Tower with Radar,30,31,51,0,112,0,0,0,0,0,30,31,51,0,112,0,0,0,112
03/16/2020,CHA,TN,ASO,ES,Combined TRACON& Tower with Radar,32,25,52,0,109,0,0,0,0,0,32,25,52,0,109,0,0,0,109
03/17/2020,CHA,TN,ASO,ES,Combined TRACON& Tower with Radar,26,30,33,2,91,0,2,1,0,3,26,32,34,2,94,2,0,2,96
03/18/2020,CHA,TN,ASO,ES,Combined TRACON& Tower with Radar,31,25,39,0,95,0,0,1,0,1,31,25,40,0,96,0,0,0,96
03/19/2020,CHA,TN,ASO,ES,Combined TRACON& Tower with Radar,32,33,38,19,122,0,2,20,0,22,32,35,58,19,144,0,0,0,144
03/20/2020,CHA,TN,ASO,ES,Combined TRACON& Tower with Radar,22,21,26,0,69,0,0,4,0,4,22,21,30,0,73,0,0,0,73
03/21/2020,CHA,TN,ASO,ES,Combined TRACON& Tower with Radar,21,20,49,0,90,0,0,5,0,5,21,20,54,0,95,0,0,0,95
03/22/2020,CHA,TN,ASO,ES,Combined TRACON& Tower with Radar,24,18,39,0,81,0,0,19,0,19,24,18,58,0,100,12,0,12,112
03/23/2020,CHA,TN,ASO,ES,Combined TRACON& Tower with Radar,20,17,13,0,50,0,0,0,0,0,20,17,13,0,50,0,0,0,50
03/24/2020,CHA,TN,ASO,ES,Combined TRACON& Tower with Radar,20,12,10,0,42,0,0,0,0,0,20,12,10,0,42,0,0,0,42
03/25/2020,CHA,TN,ASO,ES,Combined TRACON& Tower with Radar,20,26,48,7,101,0,1,25,3,29,20,27,73,10,130,34,4,38,168
03/26/2020,CHA,TN,ASO,ES,Combined TRACON& Tower with Radar,20,15,32,12,79,0,0,29,0,29,20,15,61,12,108,24,0,24,132
03/27/2020,CHA,TN,ASO,ES,Combined TRACON& Tower with Radar,15,18,36,1,70,0,3,26,1,30,15,21,62,2,100,30,16,46,146
03/28/2020,CHA,TN,ASO,ES,Combined TRACON& Tower with Radar,12,13,12,0,37,0,0,10,0,10,12,13,22,0,47,14,0,14,61
03/29/2020,CHA,TN,ASO,ES,Combined TRACON& Tower with Radar,18,12,18,0,48,0,0,19,0,19,18,12,37,0,67,16,0,16,83
03/30/2020,CHA,TN,ASO,ES,Combined TRACON& Tower with Radar,19,22,31,20,92,0,6,38,2,46,19,28,69,22,138,28,0,28,166
03/31/2020,CHA,TN,ASO,ES,Combined TRACON& Tower with Radar,11,19,6,2,38,0,0,1,0,1,11,19,7,2,39,8,0,8,47
04/01/2020,CHA,TN,ASO,ES,Combined TRACON& Tower with Radar,10,13,10,19,52,0,0,16,0,16,10,13,26,19,68,20,26,46,114
04/02/2020,CHA,TN,ASO,ES,Combined TRACON& Tower with Radar,13,12,27,4,56,0,0,30,2,32,13,12,57,6,88,8,4,12,100
04/03/2020,CHA,TN,ASO,ES,Combined TRACON& Tower with Radar,12,15,26,8,61,0,0,24,0,24,12,15,50,8,85,8,0,8,93
04/04/2020,CHA,TN,ASO,ES,Combined TRACON& Tower with Radar,13,19,17,3,52,0,0,37,2,39,13,19,54,5,91,0,12,12,103
04/05/2020,CHA,TN,ASO,ES,Combined TRACON& Tower with Radar,14,6,15,1,36,0,0,20,1,21,14,6,35,2,57,30,0,30,87
04/06/2020,CHA,TN,ASO,ES,Combined TRACON& Tower with Radar,13,12,16,6,47,0,1,7,3,11,13,13,23,9,58,20,0,20,78
04/07/2020,CHA,TN,ASO,ES,Combined TRACON& Tower with Radar,13,9,19,0,41,0,1,4,0,5,13,10,23,0,46,0,0,0,46
04/08/2020,CHA,TN,ASO,ES,Combined TRACON& Tower with Radar,13,8,14,20,55,0,0,14,0,14,13,8,28,20,69,18,6,24,93
04/09/2020,CHA,TN,ASO,ES,Combined TRACON& Tower with Radar,13,7,10,1,31,0,0,9,0,9,13,7,19,1,40,22,0,22,62
04/10/2020,CHA,TN,ASO,ES,Combined TRACON& Tower with Radar,16,8,28,8,60,0,0,20,0,20,16,8,48,8,80,26,6,32,112
04/11/2020,CHA,TN,ASO,ES,Combined TRACON& Tower with Radar,9,2,24,18,53,0,0,40,1,41,9,2,64,19,94,22,8,30,124
04/12/2020,CHA,TN,ASO,ES,Combined TRACON& Tower with Radar,14,2,4,1,21,0,0,1,0,1,14,2,5,1,22,0,0,0,22
04/13/2020,CHA,TN,ASO,ES,Combined TRACON& Tower with Radar,11,3,17,1,32,0,0,26,0,26,11,3,43,1,58,32,0,32,90
04/14/2020,CHA,TN,ASO,ES,Combined TRACON& Tower with Radar,13,12,16,14,55,0,0,44,4,48,13,12,60,18,103,36,0,36,139
04/15/2020,CHA,TN,ASO,ES,Combined TRACON& Tower with Radar,12,9,18,6,45,0,0,32,1,33,12,9,50,7,78,16,0,16,94
04/16/2020,CHA,TN,ASO,ES,Combined TRACON& Tower with Radar,12,4,31,45,92,0,0,44,0,44,12,4,75,45,136,18,20,38,174
04/17/2020,CHA,TN,ASO,ES,Combined TRACON& Tower with Radar,14,6,35,8,63,0,0,33,0,33,14,6,68,8,96,20,2,22,118
04/18/2020,CHA,TN,ASO,ES,Combined TRACON& Tower with Radar,10,8,29,20,67,0,0,41,0,41,10,8,70,20,108,32,6,38,146
04/19/2020,CHA,TN,ASO,ES,Combined TRACON& Tower with Radar,10,2,9,2,23,0,0,3,0,3,10,2,12,2,26,0,0,0,26
04/20/2020,CHA,TN,ASO,ES,Combined TRACON& Tower with Radar,10,1,31,4,46,0,0,22,5,27,10,1,53,9,73,28,0,28,101
04/21/2020,CHA,TN,ASO,ES,Combined TRACON& Tower with Radar,10,5,31,15,61,0,0,27,2,29,10,5,58,17,90,14,0,14,104
04/22/2020,CHA,TN,ASO,ES,Combined TRACON& Tower with Radar,10,2,44,1,57,0,0,30,0,30,10,2,74,1,87,34,0,34,121
04/23/2020,CHA,TN,ASO,ES,Combined TRACON& Tower with Radar,12,3,10,0,25,0,0,0,0,0,12,3,10,0,25,0,0,0,25
04/24/2020,CHA,TN,ASO,ES,Combined TRACON& Tower with Radar,12,6,24,0,42,0,0,15,1,16,12,6,39,1,58,18,0,18,76
04/25/2020,CHA,TN,ASO,ES,Combined TRACON& Tower with Radar,8,2,1,0,11,0,0,3,0,3,8,2,4,0,14,42,0,42,56
04/26/2020,CHA,TN,ASO,ES,Combined TRACON& Tower with Radar,8,4,9,0,21,0,0,1,0,1,8,4,10,0,22,0,0,0,22
04/27/2020,CHA,TN,ASO,ES,Combined TRACON& Tower with Radar,11,5,28,8,52,0,0,38,0,38,11,5,66,8,90,26,0,26,116
04/28/2020,CHA,TN,ASO,ES,Combined TRACON& Tower with Radar,11,4,34,47,96,0,0,22,7,29,11,4,56,54,125,75,8,83,208
04/29/2020,CHA,TN,ASO,ES,Combined TRACON& Tower with Radar,11,8,13,0,32,0,0,0,0,0,11,8,13,0,32,0,0,0,32
04/30/2020,CHA,TN,ASO,ES,Combined TRACON& Tower with Radar,11,8,53,20,92,0,0,15,2,17,11,8,68,22,109,20,0,20,129
05/01/2020,CHA,TN,ASO,ES,Combined TRACON& Tower with Radar,11,10,35,1,57,0,3,34,5,42,11,13,69,6,99,6,0,6,105
05/02/2020,CHA,TN,ASO,ES,Combined TRACON& Tower with Radar,7,11,26,33,77,0,1,54,9,64,7,12,80,42,141,40,20,60,201
05/03/2020,CHA,TN,ASO,ES,Combined TRACON& Tower with Radar,12,5,26,0,43,0,0,19,0,19,12,5,45,0,62,8,0,8,70
05/04/2020,CHA,TN,ASO,ES,Combined TRACON& Tower with Radar,10,6,38,0,54,0,1,20,0,21,10,7,58,0,75,26,0,26,101
05/05/2020,CHA,TN,ASO,ES,Combined TRACON& Tower with Radar,11,7,19,4,41,0,1,3,0,4,11,8,22,4,45,0,0,0,45
05/06/2020,CHA,TN,ASO,ES,Combined TRACON& Tower with Radar,11,4,31,11,57,0,1,6,0,7,11,5,37,11,64,0,0,0,64
05/07/2020,CHA,TN,ASO,ES,Combined TRACON& Tower with Radar,12,4,53,31,100,0,0,43,1,44,12,4,96,32,144,56,8,64,208
05/08/2020,CHA,TN,ASO,ES,Combined TRACON& Tower with Radar,14,4,30,0,48,0,0,2,0,2,14,4,32,0,50,18,0,18,68
05/09/2020,CHA,TN,ASO,ES,Combined TRACON& Tower with Radar,9,1,30,53,93,0,0,43,0,43,9,1,73,53,136,16,8,24,160
05/10/2020,CHA,TN,ASO,ES,Combined TRACON& Tower with Radar,10,0,34,1,45,0,0,40,1,41,10,0,74,2,86,18,0,18,104
05/11/2020,CHA,TN,ASO,ES,Combined TRACON& Tower with Radar,13,2,36,34,85,0,2,32,2,36,13,4,68,36,121,18,14,32,153
05/12/2020,CHA,TN,ASO,ES,Combined TRACON& Tower with Radar,12,6,36,29,83,0,0,29,0,29,12,6,65,29,112,22,0,22,134
05/13/2020,CHA,TN,ASO,ES,Combined TRACON& Tower with Radar,13,6,29,2,50,0,0,23,0,23,13,6,52,2,73,56,0,56,129
05/14/2020,CHA,TN,ASO,ES,Combined TRACON& Tower with Radar,12,34,60,30,136,0,1,35,0,36,12,35,95,30,172,22,38,60,232
05/15/2020,CHA,TN,ASO,ES,Combined TRACON& Tower with Radar,14,15,56,26,111,0,0,30,9,39,14,15,86,35,150,46,20,66,216
05/16/2020,CHA,TN,ASO,ES,Combined TRACON& Tower with Radar,13,14,25,50,102,0,1,43,2,46,13,15,68,52,148,42,30,72,220
05/17/2020,CHA,TN,ASO,ES,Combined TRACON& Tower with Radar,10,0,31,0,41,0,0,15,0,15,10,0,46,0,56,0,0,0,56
05/18/2020,CHA,TN,ASO,ES,Combined TRACON& Tower with Radar,13,9,30,4,56,0,0,6,0,6,13,9,36,4,62,0,0,0,62
05/19/2020,CHA,TN,ASO,ES,Combined TRACON& Tower with Radar,12,6,44,3,65,0,0,17,0,17,12,6,61,3,82,12,0,12,94
05/20/2020,CHA,TN,ASO,ES,Combined TRACON& Tower with Radar,12,12,28,10,62,0,0,5,0,5,12,12,33,10,67,0,0,0,67
05/21/2020,CHA,TN,ASO,ES,Combined TRACON& Tower with Radar,14,9,50,21,94,0,2,16,2,20,14,11,66,23,114,32,6,38,152
05/22/2020,CHA,TN,ASO,ES,Combined TRACON& Tower with Radar,14,5,24,0,43,0,2,10,0,12,14,7,34,0,55,14,0,14,69
05/23/2020,CHA,TN,ASO,ES,Combined TRACON& Tower with Radar,11,2,23,0,36,0,0,6,0,6,11,2,29,0,42,4,0,4,46
05/24/2020,CHA,TN,ASO,ES,Combined TRACON& Tower with Radar,12,4,23,0,39,0,0,35,0,35,12,4,58,0,74,14,0,14,88
05/25/2020,CHA,TN,ASO,ES,Combined TRACON& Tower with Radar,12,6,28,0,46,0,0,15,0,15,12,6,43,0,61,32,0,32,93
05/26/2020,CHA,TN,ASO,ES,Combined TRACON& Tower with Radar,11,6,43,2,62,0,0,20,4,24,11,6,63,6,86,12,0,12,98
05/27/2020,CHA,TN,ASO,ES,Combined TRACON& Tower with Radar,12,8,40,4,64,0,0,3,0,3,12,8,43,4,67,0,0,0,67
05/28/2020,CHA,TN,ASO,ES,Combined TRACON& Tower with Radar,14,6,45,2,67,0,3,5,0,8,14,9,50,2,75,12,0,12,87
05/29/2020,CHA,TN,ASO,ES,Combined TRACON& Tower with Radar,14,8,44,2,68,0,1,33,0,34,14,9,77,2,102,20,0,20,122
05/30/2020,CHA,TN,ASO,ES,Combined TRACON& Tower with Radar,11,6,35,0,52,0,0,32,2,34,11,6,67,2,86,4,0,4,90
05/31/2020,CHA,TN,ASO,ES,Combined TRACON& Tower with Radar,12,7,34,0,53,0,2,42,1,45,12,9,76,1,98,0,0,0,98
06/01/2020,CHA,TN,ASO,ES,Combined TRACON& Tower with Radar,14,14,34,14,76,0,2,45,7,54,14,16,79,21,130,86,4,90,220
06/02/2020,CHA,TN,ASO,ES,Combined TRACON& Tower with Radar,7,13,46,23,89,0,0,36,3,39,7,13,82,26,128,20,20,40,168
06/03/2020,CHA,TN,ASO,ES,Combined TRACON& Tower with Radar,6,26,58,20,110,0,5,23,2,30,6,31,81,22,140,62,18,80,220
06/04/2020,CHA,TN,ASO,ES,Combined TRACON& Tower with Radar,8,20,53,12,93,0,0,16,0,16,8,20,69,12,109,61,10,71,180
06/05/2020,CHA,TN,ASO,ES,Combined TRACON& Tower with Radar,8,15,35,7,65,0,1,16,0,17,8,16,51,7,82,30,10,40,122
06/06/2020,CHA,TN,ASO,ES,Combined TRACON& Tower with Radar,5,14,32,0,51,0,4,28,0,32,5,18,60,0,83,8,0,8,91
06/07/2020,CHA,TN,ASO,ES,Combined TRACON& Tower with Radar,5,25,36,0,66,0,0,29,0,29,5,25,65,0,95,4,0,4,99
06/08/2020,CHA,TN,ASO,ES,Combined TRACON& Tower with Radar,8,17,60,19,104,0,1,11,1,13,8,18,71,20,117,0,0,0,117
06/09/2020,CHA,TN,ASO,ES,Combined TRACON& Tower with Radar,6,15,39,12,72,0,0,2,0,2,6,15,41,12,74,36,10,46,120
06/10/2020,CHA,TN,ASO,ES,Combined TRACON& Tower with Radar,6,13,51,0,70,0,0,10,0,10,6,13,61,0,80,0,0,0,80
06/11/2020,CHA,TN,ASO,ES,Combined TRACON& Tower with Radar,7,30,72,5,114,0,10,50,1,61,7,40,122,6,175,50,4,54,229
06/12/2020,CHA,TN,ASO,ES,Combined TRACON& Tower with Radar,8,22,48,15,93,0,2,47,2,51,8,24,95,17,144,54,6,60,204
06/13/2020,CHA,TN,ASO,ES,Combined TRACON& Tower with Radar,4,21,44,21,90,0,8,62,3,73,4,29,106,24,163,46,2,48,211
06/14/2020,CHA,TN,ASO,ES,Combined TRACON& Tower with Radar,6,17,30,0,53,0,2,20,0,22,6,19,50,0,75,0,0,0,75
06/15/2020,CHA,TN,ASO,ES,Combined TRACON& Tower with Radar,8,21,54,22,105,0,1,44,4,49,8,22,98,26,154,32,10,42,196
06/16/2020,CHA,TN,ASO,ES,Combined TRACON& Tower with Radar,7,20,52,20,99,0,4,39,4,47,7,24,91,24,146,40,16,56,202
06/17/2020,CHA,TN,ASO,ES,Combined TRACON& Tower with Radar,6,26,57,19,108,0,3,29,3,35,6,29,86,22,143,64,0,64,207
06/18/2020,CHA,TN,ASO,ES,Combined TRACON& Tower with Radar,8,31,39,8,86,0,2,28,8,38,8,33,67,16,124,104,8,112,236
06/19/2020,CHA,TN,ASO,ES,Combined TRACON& Tower with Radar,8,28,38,6,80,0,4,33,3,40,8,32,71,9,120,30,0,30,150
06/20/2020,CHA,TN,ASO,ES,Combined TRACON& Tower with Radar,5,22,31,0,58,0,8,33,0,41,5,30,64,0,99,6,0,6,105
06/21/2020,CHA,TN,ASO,ES,Combined TRACON& Tower with Radar,6,18,22,0,46,0,0,9,0,9,6,18,31,0,55,22,0,22,77
06/22/2020,CHA,TN,ASO,ES,Combined TRACON& Tower with Radar,9,23,38,1,71,0,1,15,0,16,9,24,53,1,87,0,0,0,87
06/23/2020,CHA,TN,ASO,ES,Combined TRACON& Tower with Radar,6,23,37,2,68,0,0,8,0,8,6,23,45,2,76,0,0,0,76
06/24/2020,CHA,TN,ASO,ES,Combined TRACON& Tower with Radar,6,26,36,6,74,0,5,7,4,16,6,31,43,10,90,24,2,26,116
06/25/2020,CHA,TN,ASO,ES,Combined TRACON& Tower with Radar,8,43,58,17,126,0,1,29,1,31,8,44,87,18,157,70,24,94,251
06/26/2020,CHA,TN,ASO,ES,Combined TRACON& Tower with Radar,10,31,47,2,90,0,0,4,0,4,10,31,51,2,94,4,12,16,110
06/27/2020,CHA,TN,ASO,ES,Combined TRACON& Tower with Radar,4,21,50,0,75,0,2,22,0,24,4,23,72,0,99,0,0,0,99
06/28/2020,CHA,TN,ASO,ES,Combined TRACON& Tower with Radar,6,21,27,0,54,0,0,9,0,9,6,21,36,0,63,0,0,0,63
06/29/2020,CHA,TN,ASO,ES,Combined TRACON& Tower with Radar,7,22,42,7,78,0,0,33,0,33,7,22,75,7,111,0,0,0,111
06/30/2020,CHA,TN,ASO,ES,Combined TRACON& Tower with Radar,8,11,32,6,57,0,0,30,0,30,8,11,62,6,87,2,0,2,89
07/01/2020,CHA,TN,ASO,ES,Combined TRACON& Tower with Radar,6,25,46,5,82,0,0,15,3,18,6,25,61,8,100,14,4,18,118
07/02/2020,CHA,TN,ASO,ES,Combined TRACON& Tower with Radar,16,35,63,28,142,0,2,33,2,37,16,37,96,30,179,24,2,26,205
07/03/2020,CHA,TN,ASO,ES,Combined TRACON& Tower with Radar,9,32,49,0,90,0,9,42,3,54,9,41,91,3,144,64,0,64,208
07/04/2020,CHA,TN,ASO,ES,Combined TRACON& Tower with Radar,7,11,26,0,44,0,1,13,3,17,7,12,39,3,61,28,0,28,89
07/05/2020,CHA,TN,ASO,ES,Combined TRACON& Tower with Radar,7,16,29,0,52,0,0,13,0,13,7,16,42,0,65,24,0,24,89
07/06/2020,CHA,TN,ASO,ES,Combined TRACON& Tower with Radar,7,17,37,2,63,0,3,27,0,30,7,20,64,2,93,46,0,46,139
07/07/2020,CHA,TN,ASO,ES,Combined TRACON& Tower with Radar,10,28,52,34,124,0,0,22,0,22,10,28,74,34,146,56,10,66,212
07/08/2020,CHA,TN,ASO,ES,Combined TRACON& Tower with Radar,12,35,38,16,101,0,1,29,2,32,12,36,67,18,133,42,20,62,195
07/09/2020,CHA,TN,ASO,ES,Combined TRACON& Tower with Radar,20,20,69,27,136,0,0,31,1,32,20,20,100,28,168,68,12,80,248
07/10/2020,CHA,TN,ASO,ES,Combined TRACON& Tower with Radar,11,35,56,44,146,0,0,49,4,53,11,35,105,48,199,8,14,22,221
07/11/2020,CHA,TN,ASO,ES,Combined TRACON& Tower with Radar,10,26,31,0,67,0,5,52,0,57,10,31,83,0,124,4,0,4,128
07/12/2020,CHA,TN,ASO,ES,Combined TRACON& Tower with Radar,11,20,21,0,52,0,1,15,0,16,11,21,36,0,68,56,0,56,124
07/13/2020,CHA,TN,ASO,ES,Combined TRACON& Tower with Radar,13,26,44,44,127,0,0,37,3,40,13,26,81,47,167,70,50,120,287
07/14/2020,CHA,TN,ASO,ES,Combined TRACON& Tower with Radar,10,24,62,3,99,0,8,59,0,67,10,32,121,3,166,36,4,40,206
07/15/2020,CHA,TN,ASO,ES,Combined TRACON& Tower with Radar,14,32,60,33,139,0,3,47,0,50,14,35,107,33,189,106,72,178,367
07/16/2020,CHA,TN,ASO,ES,Combined TRACON& Tower with Radar,14,24,56,10,104,0,6,55,2,63,14,30,111,12,167,138,56,194,361
07/17/2020,CHA,TN,ASO,ES,Combined TRACON& Tower with Radar,14,16,57,10,97,0,0,44,2,46,14,16,101,12,143,94,0,94,237
07/18/2020,CHA,TN,ASO,ES,Combined TRACON& Tower with Radar,10,16,34,5,65,0,2,27,1,30,10,18,61,6,95,10,0,10,105
07/19/2020,CHA,TN,ASO,ES,Combined TRACON& Tower with Radar,11,16,29,4,60,0,0,15,0,15,11,16,44,4,75,0,14,14,89
07/20/2020,CHA,TN,ASO,ES,Combined TRACON& Tower with Radar,27,20,43,17,107,0,0,24,2,26,27,20,67,19,133,20,8,28,161
07/21/2020,CHA,TN,ASO,ES,Combined TRACON& Tower with Radar,14,31,44,9,98,0,3,13,2,18,14,34,57,11,116,0,0,0,116
07/22/2020,CHA,TN,ASO,ES,Combined TRACON& Tower with Radar,10,32,54,16,112,0,0,35,4,39,10,32,89,20,151,66,2,68,219
07/23/2020,CHA,TN,ASO,ES,Combined TRACON& Tower with Radar,14,35,53,21,123,0,2,49,1,52,14,37,102,22,175,50,18,68,243
07/24/2020,CHA,TN,ASO,ES,Combined TRACON& Tower with Radar,15,41,54,3,113,0,2,30,1,33,15,43,84,4,146,36,10,46,192
07/25/2020,CHA,TN,ASO,ES,Combined TRACON& Tower with Radar,10,29,32,0,71,0,2,26,0,28,10,31,58,0,99,30,0,30,129
07/26/2020,CHA,TN,ASO,ES,Combined TRACON& Tower with Radar,11,18,25,2,56,0,0,25,4,29,11,18,50,6,85,12,0,12,97
07/27/2020,CHA,TN,ASO,ES,Combined TRACON& Tower with Radar,14,23,30,40,107,0,1,21,3,25,14,24,51,43,132,24,12,36,168
07/28/2020,CHA,TN,ASO,ES,Combined TRACON& Tower with Radar,13,29,54,5,101,0,2,26,0,28,13,31,80,5,129,8,8,16,145
07/29/2020,CHA,TN,ASO,ES,Combined TRACON& Tower with Radar,11,28,58,4,101,0,1,20,0,21,11,29,78,4,122,28,10,38,160
07/30/2020,CHA,TN,ASO,ES,Combined TRACON& Tower with Radar,15,33,45,0,93,0,1,12,0,13,15,34,57,0,106,78,0,78,184
07/31/2020,CHA,TN,ASO,ES,Combined TRACON& Tower with Radar,16,24,63,0,103,0,0,9,1,10,16,24,72,1,113,4,0,4,117
08/01/2020,CHA,TN,ASO,ES,Combined TRACON& Tower with Radar,14,20,26,0,60,0,2,21,1,24,14,22,47,1,84,16,0,16,100
08/02/2020,CHA,TN,ASO,ES,Combined TRACON& Tower with Radar,14,33,41,0,88,0,2,26,0,28,14,35,67,0,116,35,0,35,151
08/03/2020,CHA,TN,ASO,ES,Combined TRACON& Tower with Radar,18,28,32,11,89,0,1,24,0,25,18,29,56,11,114,24,0,24,138
08/04/2020,CHA,TN,ASO,ES,Combined TRACON& Tower with Radar,12,23,58,12,105,0,0,33,0,33,12,23,91,12,138,46,0,46,184
08/05/2020,CHA,TN,ASO,ES,Combined TRACON& Tower with Radar,12,17,56,6,91,0,5,43,1,49,12,22,99,7,140,54,6,60,200
08/06/2020,CHA,TN,ASO,ES,Combined TRACON& Tower with Radar,16,28,42,5,91,0,3,15,2,20,16,31,57,7,111,22,2,24,135
08/07/2020,CHA,TN,ASO,ES,Combined TRACON& Tower with Radar,16,28,55,13,112,0,3,38,1,42,16,31,93,14,154,24,0,24,178
08/08/2020,CHA,TN,ASO,ES,Combined TRACON& Tower with Radar,15,22,46,0,83,0,0,52,2,54,15,22,98,2,137,18,0,18,155
08/09/2020,CHA,TN,ASO,ES,Combined TRACON& Tower with Radar,13,19,31,1,64,0,3,39,2,44,13,22,70,3,108,50,0,50,158
08/10/2020,CHA,TN,ASO,ES,Combined TRACON& Tower with Radar,15,22,41,6,84,0,0,20,0,20,15,22,61,6,104,22,4,26,130
08/11/2020,CHA,TN,ASO,ES,Combined TRACON& Tower with Radar,13,35,40,3,91,0,1,42,0,43,13,36,82,3,134,48,0,48,182
08/12/2020,CHA,TN,ASO,ES,Combined TRACON& Tower with Radar,13,21,65,13,112,0,3,34,0,37,13,24,99,13,149,50,4,54,203
08/13/2020,CHA,TN,ASO,ES,Combined TRACON& Tower with Radar,16,29,66,16,127,0,0,26,3,29,16,29,92,19,156,60,10,70,226
08/14/2020,CHA,TN,ASO,ES,Combined TRACON& Tower with Radar,16,27,36,12,91,0,0,6,2,8,16,27,42,14,99,46,0,46,145
08/15/2020,CHA,TN,ASO,ES,Combined TRACON& Tower with Radar,12,33,39,3,87,0,0,14,2,16,12,33,53,5,103,0,0,0,103
08/16/2020,CHA,TN,ASO,ES,Combined TRACON& Tower with Radar,14,28,45,6,93,0,1,43,1,45,14,29,88,7,138,38,0,38,176
08/17/2020,CHA,TN,ASO,ES,Combined TRACON& Tower with Radar,15,23,32,44,114,0,1,68,3,72,15,24,100,47,186,50,14,64,250
08/18/2020,CHA,TN,ASO,ES,Combined TRACON& Tower with Radar,17,22,38,39,116,0,3,58,1,62,17,25,96,40,178,58,0,58,236
08/19/2020,CHA,TN,ASO,ES,Combined TRACON& Tower with Radar,12,22,59,1,94,0,0,50,6,56,12,22,109,7,150,46,12,58,208
08/20/2020,CHA,TN,ASO,ES,Combined TRACON& Tower with Radar,17,24,47,5,93,0,0,44,3,47,17,24,91,8,140,54,4,58,198
08/21/2020,CHA,TN,ASO,ES,Combined TRACON& Tower with Radar,16,29,41,0,86,0,0,9,0,9,16,29,50,0,95,8,0,8,103
08/22/2020,CHA,TN,ASO,ES,Combined TRACON& Tower with Radar,12,26,33,0,71,0,0,15,1,16,12,26,48,1,87,46,0,46,133
08/23/2020,CHA,TN,ASO,ES,Combined TRACON& Tower with Radar,14,25,58,25,122,0,0,16,16,32,14,25,74,41,154,80,0,80,234
08/24/2020,CHA,TN,ASO,ES,Combined TRACON& Tower with Radar,15,23,59,36,133,0,2,29,1,32,15,25,88,37,165,52,26,78,243
08/25/2020,CHA,TN,ASO,ES,Combined TRACON& Tower with Radar,12,22,43,14,91,0,0,16,2,18,12,22,59,16,109,88,0,88,197
08/26/2020,CHA,TN,ASO,ES,Combined TRACON& Tower with Radar,12,29,59,12,112,0,0,31,6,37,12,29,90,18,149,10,0,10,159
08/27/2020,CHA,TN,ASO,ES,Combined TRACON& Tower with Radar,18,35,47,43,143,0,0,47,1,48,18,35,94,44,191,118,6,124,315
08/28/2020,CHA,TN,ASO,ES,Combined TRACON& Tower with Radar,17,25,46,0,88,0,0,9,0,9,17,25,55,0,97,0,0,0,97
08/29/2020,CHA,TN,ASO,ES,Combined TRACON& Tower with Radar,12,21,27,0,60,0,2,6,0,8,12,23,33,0,68,40,0,40,108
08/30/2020,CHA,TN,ASO,ES,Combined TRACON& Tower with Radar,15,21,39,0,75,0,0,9,0,9,15,21,48,0,84,12,0,12,96
08/31/2020,CHA,TN,ASO,ES,Combined TRACON& Tower with Radar,15,22,58,25,120,0,3,17,0,20,15,25,75,25,140,38,0,38,178
09/01/2020,CHA,TN,ASO,ES,Combined TRACON& Tower with Radar,11,39,54,16,120,0,1,35,0,36,11,40,89,16,156,59,0,59,215
09/02/2020,CHA,TN,ASO,ES,Combined TRACON& Tower with Radar,12,31,75,49,167,0,11,39,3,53,12,42,114,52,220,54,10,64,284
09/03/2020,CHA,TN,ASO,ES,Combined TRACON& Tower with Radar,16,37,61,45,159,0,0,42,3,45,16,37,103,48,204,18,28,46,250
09/04/2020,CHA,TN,ASO,ES,Combined TRACON& Tower with Radar,16,29,43,3,91,0,2,58,3,63,16,31,101,6,154,42,4,46,200
09/05/2020,CHA,TN,ASO,ES,Combined TRACON& Tower with Radar,13,22,30,0,65,0,4,54,4,62,13,26,84,4,127,24,0,24,151
09/06/2020,CHA,TN,ASO,ES,Combined TRACON& Tower with Radar,11,19,24,0,54,0,4,52,0,56,11,23,76,0,110,0,0,0,110
09/07/2020,CHA,TN,ASO,ES,Combined TRACON& Tower with Radar,14,22,41,0,77,0,9,40,0,49,14,31,81,0,126,54,0,54,180
09/08/2020,CHA,TN,ASO,ES,Combined TRACON& Tower with Radar,12,23,44,74,153,0,9,48,5,62,12,32,92,79,215,70,6,76,291
09/09/2020,CHA,TN,ASO,ES,Combined TRACON& Tower with Radar,16,25,35,47,123,0,8,38,2,48,16,33,73,49,171,80,22,102,273
09/10/2020,CHA,TN,ASO,ES,Combined TRACON& Tower with Radar,18,30,81,48,177,0,8,52,6,66,18,38,133,54,243,89,30,119,362
09/11/2020,CHA,TN,ASO,ES,Combined TRACON& Tower with Radar,18,28,51,29,126,0,7,37,12,56,18,35,88,41,182,86,50,136,318
09/12/2020,CHA,TN,ASO,ES,Combined TRACON& Tower with Radar,15,18,20,0,53,0,3,23,1,27,15,21,43,1,80,26,0,26,106
09/13/2020,CHA,TN,ASO,ES,Combined TRACON& Tower with Radar,20,25,36,0,81,0,2,7,0,9,20,27,43,0,90,20,0,20,110
09/14/2020,CHA,TN,ASO,ES,Combined TRACON& Tower with Radar,17,35,56,75,183,0,3,25,2,30,17,38,81,77,213,84,40,124,337
09/15/2020,CHA,TN,ASO,ES,Combined TRACON& Tower with Radar,16,28,63,91,198,0,5,37,0,42,16,33,100,91,240,42,16,58,298
09/16/2020,CHA,TN,ASO,ES,Combined TRACON& Tower with Radar,19,23,48,5,95,0,4,23,0,27,19,27,71,5,122,30,0,30,152
09/17/2020,CHA,TN,ASO,ES,Combined TRACON& Tower with Radar,20,30,43,8,101,0,4,8,0,12,20,34,51,8,113,20,0,20,133
09/18/2020,CHA,TN,ASO,ES,Combined TRACON& Tower with Radar,22,24,34,20,100,0,1,16,1,18,22,25,50,21,118,40,4,44,162
09/19/2020,CHA,TN,ASO,ES,Combined TRACON& Tower with Radar,16,14,21,18,69,0,7,29,0,36,16,21,50,18,105,58,0,58,163
09/20/2020,CHA,TN,ASO,ES,Combined TRACON& Tower with Radar,16,27,56,10,109,0,6,40,0,46,16,33,96,10,155,50,4,54,209
09/21/2020,CHA,TN,ASO,ES,Combined TRACON& Tower with Radar,19,23,35,60,137,0,3,33,7,43,19,26,68,67,180,83,38,121,301
09/22/2020,CHA,TN,ASO,ES,Combined TRACON& Tower with Radar,18,34,62,49,163,0,7,31,2,40,18,41,93,51,203,60,40,100,303
09/23/2020,CHA,TN,ASO,ES,Combined TRACON& Tower with Radar,20,33,64,55,172,0,11,21,2,34,20,44,85,57,206,22,12,34,240
09/24/2020,CHA,TN,ASO,ES,Combined TRACON& Tower with Radar,19,30,51,2,102,0,0,0,0,0,19,30,51,2,102,0,0,0,102
09/25/2020,CHA,TN,ASO,ES,Combined TRACON& Tower with Radar,21,40,69,2,132,0,0,7,0,7,21,40,76,2,139,14,0,14,153
09/26/2020,CHA,TN,ASO,ES,Combined TRACON& Tower with Radar,21,21,48,0,90,0,7,19,0,26,21,28,67,0,116,106,0,106,222
09/27/2020,CHA,TN,ASO,ES,Combined TRACON& Tower with Radar,18,23,45,30,116,0,4,33,3,40,18,27,78,33,156,22,16,38,194
09/28/2020,CHA,TN,ASO,ES,Combined TRACON& Tower with Radar,19,23,54,39,135,0,0,10,1,11,19,23,64,40,146,48,12,60,206
09/29/2020,CHA,TN,ASO,ES,Combined TRACON& Tower with Radar,18,22,41,24,105,0,5,9,0,14,18,27,50,24,119,12,8,20,139
09/30/2020,CHA,TN,ASO,ES,Combined TRACON& Tower with Radar,16,24,52,59,151,0,8,39,3,50,16,32,91,62,201,98,78,176,377
10/01/2020,CHA,TN,ASO,ES,Combined TRACON& Tower with Radar,23,32,50,24,129,0,2,50,7,59,23,34,100,31,188,22,6,28,216
10/02/2020,CHA,TN,ASO,ES,Combined TRACON& Tower with Radar,27,30,30,15,102,0,7,46,6,59,27,37,76,21,161,8,26,34,195
10/03/2020,CHA,TN,ASO,ES,Combined TRACON& Tower with Radar,25,25,30,1,81,0,14,60,1,75,25,39,90,2,156,52,0,52,208
10/04/2020,CHA,TN,ASO,ES,Combined TRACON& Tower with Radar,24,18,41,9,92,0,9,46,1,56,24,27,87,10,148,38,0,38,186
10/05/2020,CHA,TN,ASO,ES,Combined TRACON& Tower with Radar,25,27,51,64,167,0,6,32,2,40,25,33,83,66,207,18,52,70,277
10/06/2020,CHA,TN,ASO,ES,Combined TRACON& Tower with Radar,24,26,31,28,109,0,2,34,0,36,24,28,65,28,145,28,14,42,187
10/07/2020,CHA,TN,ASO,ES,Combined TRACON& Tower with Radar,24,28,58,36,146,0,6,45,0,51,24,34,103,36,197,30,10,40,237
10/08/2020,CHA,TN,ASO,ES,Combined TRACON& Tower with Radar,26,34,49,19,128,0,6,60,1,67,26,40,109,20,195,44,0,44,239
10/09/2020,CHA,TN,ASO,ES,Combined TRACON& Tower with Radar,27,25,54,6,112,0,0,11,0,11,27,25,65,6,123,44,0,44,167
10/10/2020,CHA,TN,ASO,ES,Combined TRACON& Tower with Radar,23,37,10,0,70,0,0,0,0,0,23,37,10,0,70,0,0,0,70
10/11/2020,CHA,TN,ASO,ES,Combined TRACON& Tower with Radar,24,16,29,0,69,0,0,0,0,0,24,16,29,0,69,0,0,0,69
10/12/2020,CHA,TN,ASO,ES,Combined TRACON& Tower with Radar,26,34,56,0,116,0,0,27,0,27,26,34,83,0,143,80,0,80,223
10/13/2020,CHA,TN,ASO,ES,Combined TRACON& Tower with Radar,27,31,43,10,111,0,11,62,2,75,27,42,105,12,186,40,32,72,258
10/14/2020,CHA,TN,ASO,ES,Combined TRACON& Tower with Radar,24,29,69,18,140,0,1,68,4,73,24,30,137,22,213,116,28,144,357
10/15/2020,CHA,TN,ASO,ES,Combined TRACON& Tower with Radar,27,26,58,37,148,0,2,47,3,52,27,28,105,40,200,30,12,42,242
10/16/2020,CHA,TN,ASO,ES,Combined TRACON& Tower with Radar,27,33,46,26,132,0,3,35,3,41,27,36,81,29,173,38,16,54,227
10/17/2020,CHA,TN,ASO,ES,Combined TRACON& Tower with Radar,26,18,27,6,77,0,11,58,0,69,26,29,85,6,146,4,26,30,176
10/18/2020,CHA,TN,ASO,ES,Combined TRACON& Tower with Radar,27,20,37,31,115,0,8,41,12,61,27,28,78,43,176,48,16,64,240
10/19/2020,CHA,TN,ASO,ES,Combined TRACON& Tower with Radar,26,24,45,16,111,0,2,25,0,27,26,26,70,16,138,40,10,50,188
10/20/2020,CHA,TN,ASO,ES,Combined TRACON& Tower with Radar,25,25,59,47,156,0,5,52,7,64,25,30,111,54,220,46,71,117,337
10/21/2020,CHA,TN,ASO,ES,Combined TRACON& Tower with Radar,29,28,71,26,154,0,2,37,2,41,29,30,108,28,195,110,42,152,347
10/22/2020,CHA,TN,ASO,ES,Combined TRACON& Tower with Radar,29,31,69,25,154,0,0,29,2,31,29,31,98,27,185,42,8,50,235
10/23/2020,CHA,TN,ASO,ES,Combined TRACON& Tower with Radar,28,32,49,78,187,0,1,28,4,33,28,33,77,82,220,22,12,34,254
10/24/2020,CHA,TN,ASO,ES,Combined TRACON& Tower with Radar,25,26,32,14,97,0,0,2,0,2,25,26,34,14,99,0,0,0,99
10/25/2020,CHA,TN,ASO,ES,Combined TRACON& Tower with Radar,26,30,59,11,126,0,1,9,0,10,26,31,68,11,136,38,0,38,174
10/26/2020,CHA,TN,ASO,ES,Combined TRACON& Tower with Radar,25,31,52,6,114,0,0,3,0,3,25,31,55,6,117,12,0,12,129
10/27/2020,CHA,TN,ASO,ES,Combined TRACON& Tower with Radar,22,30,68,38,158,0,1,5,0,6,22,31,73,38,164,24,0,24,188
10/28/2020,CHA,TN,ASO,ES,Combined TRACON& Tower with Radar,27,20,38,2,87,0,0,0,0,0,27,20,38,2,87,0,0,0,87
10/29/2020,CHA,TN,ASO,ES,Combined TRACON& Tower with Radar,27,31,43,11,112,0,0,6,1,7,27,31,49,12,119,0,0,0,119
10/30/2020,CHA,TN,ASO,ES,Combined TRACON& Tower with Radar,27,33,53,15,128,0,2,26,0,28,27,35,79,15,156,22,8,30,186
10/31/2020,CHA,TN,ASO,ES,Combined TRACON& Tower with Radar,16,20,29,6,71,0,4,45,0,49,16,24,74,6,120,20,0,20,140
11/01/2020,CHA,TN,ASO,ES,Combined TRACON& Tower with Radar,19,22,31,7,79,0,4,14,2,20,19,26,45,9,99,32,4,36,135
11/02/2020,CHA,TN,ASO,ES,Combined TRACON& Tower with Radar,23,23,36,19,101,0,6,30,3,39,23,29,66,22,140,74,0,74,214
11/03/2020,CHA,TN,ASO,ES,Combined TRACON& Tower with Radar,20,27,37,20,104,0,2,52,2,56,20,29,89,22,160,82,18,100,260
11/04/2020,CHA,TN,ASO,ES,Combined TRACON& Tower with Radar,18,25,37,16,96,0,5,45,3,53,18,30,82,19,149,52,26,78,227
11/05/2020,CHA,TN,ASO,ES,Combined TRACON& Tower with Radar,20,42,64,53,179,0,8,47,4,59,20,50,111,57,238,56,12,68,306
11/06/2020,CHA,TN,ASO,ES,Combined TRACON& Tower with Radar,20,63,54,55,192,0,12,47,13,72,20,75,101,68,264,14,26,40,304
11/07/2020,CHA,TN,ASO,ES,Combined TRACON& Tower with Radar,17,22,51,15,105,0,2,27,0,29,17,24,78,15,134,2,8,10,144
11/08/2020,CHA,TN,ASO,ES,Combined TRACON& Tower with Radar,17,39,48,10,114,0,6,28,1,35,17,45,76,11,149,24,0,24,173
11/09/2020,CHA,TN,ASO,ES,Combined TRACON& Tower with Radar,17,47,56,65,185,0,6,43,3,52,17,53,99,68,237,30,20,50,287
11/10/2020,CHA,TN,ASO,ES,Combined TRACON& Tower with Radar,15,46,51,32,144,0,0,19,4,23,15,46,70,36,167,80,8,88,255
11/11/2020,CHA,TN,ASO,ES,Combined TRACON& Tower with Radar,16,36,39,0,91,0,0,0,0,0,16,36,39,0,91,0,0,0,91
11/12/2020,CHA,TN,ASO,ES,Combined TRACON& Tower with Radar,18,67,80,30,195,0,4,13,5,22,18,71,93,35,217,58,0,58,275
11/13/2020,CHA,TN,ASO,ES,Combined TRACON& Tower with Radar,19,41,43,15,118,0,2,37,5,44,19,43,80,20,162,88,10,98,260
11/14/2020,CHA,TN,ASO,ES,Combined TRACON& Tower with Radar,15,24,24,2,65,0,6,39,2,47,15,30,63,4,112,52,14,66,178
11/15/2020,CHA,TN,ASO,ES,Combined TRACON& Tower with Radar,16,29,28,5,78,0,4,16,1,21,16,33,44,6,99,10,0,10,109
11/16/2020,CHA,TN,ASO,ES,Combined TRACON& Tower with Radar,18,42,43,32,135,0,4,44,3,51,18,46,87,35,186,50,0,50,236
11/17/2020,CHA,TN,ASO,ES,Combined TRACON& Tower with Radar,16,45,44,38,143,0,4,26,5,35,16,49,70,43,178,62,8,70,248
11/18/2020,CHA,TN,ASO,ES,Combined TRACON& Tower with Radar,16,38,50,31,135,0,2,39,9,50,16,40,89,40,185,90,28,118,303
11/19/2020,CHA,TN,ASO,ES,Combined TRACON& Tower with Radar,19,74,53,20,166,0,7,38,10,55,19,81,91,30,221,76,12,88,309
11/20/2020,CHA,TN,ASO,ES,Combined TRACON& Tower with Radar,22,47,67,29,165,0,1,55,5,61,22,48,122,34,226,58,10,68,294
11/21/2020,CHA,TN,ASO,ES,Combined TRACON& Tower with Radar,20,32,27,9,88,0,2,45,1,48,20,34,72,10,136,12,0,12,148
11/22/2020,CHA,TN,ASO,ES,Combined TRACON& Tower with Radar,22,37,40,14,113,0,0,26,0,26,22,37,66,14,139,12,0,12,151
11/23/2020,CHA,TN,ASO,ES,Combined TRACON& Tower with Radar,23,57,34,47,161,0,3,29,1,33,23,60,63,48,194,40,26,66,260
11/24/2020,CHA,TN,ASO,ES,Combined TRACON& Tower with Radar,25,37,47,38,147,0,3,31,4,38,25,40,78,42,185,10,64,74,259
11/25/2020,CHA,TN,ASO,ES,Combined TRACON& Tower with Radar,24,29,23,0,76,0,0,1,0,1,24,29,24,0,77,0,0,0,77
11/26/2020,CHA,TN,ASO,ES,Combined TRACON& Tower with Radar,16,7,2,0,25,0,2,8,0,10,16,9,10,0,35,10,0,10,45
11/27/2020,CHA,TN,ASO,ES,Combined TRACON& Tower with Radar,15,23,32,2,72,0,4,45,2,51,15,27,77,4,123,12,0,12,135
11/28/2020,CHA,TN,ASO,ES,Combined TRACON& Tower with Radar,18,37,25,0,80,0,1,35,2,38,18,38,60,2,118,32,0,32,150
11/29/2020,CHA,TN,ASO,ES,Combined TRACON& Tower with Radar,22,32,38,0,92,0,0,6,0,6,22,32,44,0,98,32,0,32,130
11/30/2020,CHA,TN,ASO,ES,Combined TRACON& Tower with Radar,20,24,23,0,67,0,0,1,0,1,20,24,24,0,68,20,0,20,88
12/01/2020,CHA,TN,ASO,ES,Combined TRACON& Tower with Radar,17,41,48,38,144,0,2,29,6,37,17,43,77,44,181,40,30,70,251
12/02/2020,CHA,TN,ASO,ES,Combined TRACON& Tower with Radar,13,35,58,23,129,0,4,26,0,30,13,39,84,23,159,70,0,70,229
12/03/2020,CHA,TN,ASO,ES,Combined TRACON& Tower with Radar,16,35,52,44,147,0,2,36,7,45,16,37,88,51,192,46,32,78,270
12/04/2020,CHA,TN,ASO,ES,Combined TRACON& Tower with Radar,16,31,28,0,75,0,0,0,0,0,16,31,28,0,75,0,0,0,75
12/05/2020,CHA,TN,ASO,ES,Combined TRACON& Tower with Radar,12,25,51,0,88,0,2,37,1,40,12,27,88,1,128,72,0,72,200
12/06/2020,CHA,TN,ASO,ES,Combined TRACON& Tower with Radar,14,35,39,4,92,0,2,15,6,23,14,37,54,10,115,36,0,36,151
12/07/2020,CHA,TN,ASO,ES,Combined TRACON& Tower with Radar,14,28,53,15,110,0,0,3,0,3,14,28,56,15,113,16,0,16,129
12/08/2020,CHA,TN,ASO,ES,Combined TRACON& Tower with Radar,12,33,52,43,140,0,3,26,4,33,12,36,78,47,173,12,54,66,239
12/09/2020,CHA,TN,ASO,ES,Combined TRACON& Tower with Radar,13,36,75,2,126,0,0,48,2,50,13,36,123,4,176,24,4,28,204
12/10/2020,CHA,TN,ASO,ES,Combined TRACON& Tower with Radar,16,38,71,19,144,0,6,49,5,60,16,44,120,24,204,134,36,170,374
12/11/2020,CHA,TN,ASO,ES,Combined TRACON& Tower with Radar,16,25,36,33,110,0,0,51,1,52,16,25,87,34,162,28,4,32,194
12/12/2020,CHA,TN,ASO,ES,Combined TRACON& Tower with Radar,12,17,26,0,55,0,0,0,0,0,12,17,26,0,55,0,0,0,55
12/13/2020,CHA,TN,ASO,ES,Combined TRACON& Tower with Radar,14,33,45,18,110,0,0,29,0,29,14,33,74,18,139,30,4,34,173
12/14/2020,CHA,TN,ASO,ES,Combined TRACON& Tower with Radar,14,38,32,18,102,0,0,1,1,2,14,38,33,19,104,0,10,10,114
12/15/2020,CHA,TN,ASO,ES,Combined TRACON& Tower with Radar,12,34,40,80,166,0,2,32,7,41,12,36,72,87,207,74,58,132,339
12/16/2020,CHA,TN,ASO,ES,Combined TRACON& Tower with Radar,13,24,41,4,82,0,0,0,0,0,13,24,41,4,82,0,0,0,82
12/17/2020,CHA,TN,ASO,ES,Combined TRACON& Tower with Radar,19,35,38,19,111,0,2,18,1,21,19,37,56,20,132,58,14,72,204
12/18/2020,CHA,TN,ASO,ES,Combined TRACON& Tower with Radar,23,31,46,29,129,0,0,51,5,56,23,31,97,34,185,46,34,80,265
12/19/2020,CHA,TN,ASO,ES,Combined TRACON& Tower with Radar,21,24,32,0,77,0,1,21,0,22,21,25,53,0,99,0,0,0,99
12/20/2020,CHA,TN,ASO,ES,Combined TRACON& Tower with Radar,24,20,31,16,91,0,0,0,0,0,24,20,31,16,91,0,0,0,91
12/21/2020,CHA,TN,ASO,ES,Combined TRACON& Tower with Radar,20,30,56,33,139,0,2,19,1,22,20,32,75,34,161,4,6,10,171
12/22/2020,CHA,TN,ASO,ES,Combined TRACON& Tower with Radar,23,27,49,13,112,0,1,52,3,56,23,28,101,16,168,34,14,48,216
12/23/2020,CHA,TN,ASO,ES,Combined TRACON& Tower with Radar,24,19,41,6,90,0,2,22,0,24,24,21,63,6,114,8,0,8,122
12/24/2020,CHA,TN,ASO,ES,Combined TRACON& Tower with Radar,20,12,5,0,37,0,0,0,0,0,20,12,5,0,37,0,0,0,37
12/25/2020,CHA,TN,ASO,ES,Combined TRACON& Tower with Radar,14,12,9,0,35,0,0,4,0,4,14,12,13,0,39,0,0,0,39
12/26/2020,CHA,TN,ASO,ES,Combined TRACON& Tower with Radar,22,21,44,0,87,0,2,25,1,28,22,23,69,1,115,0,0,0,115
12/27/2020,CHA,TN,ASO,ES,Combined TRACON& Tower with Radar,22,27,35,0,84,0,0,23,0,23,22,27,58,0,107,22,0,22,129
12/28/2020,CHA,TN,ASO,ES,Combined TRACON& Tower with Radar,23,17,34,0,74,0,0,9,0,9,23,17,43,0,83,2,0,2,85
12/29/2020,CHA,TN,ASO,ES,Combined TRACON& Tower with Radar,24,20,34,10,88,0,1,40,0,41,24,21,74,10,129,24,8,32,161
12/30/2020,CHA,TN,ASO,ES,Combined TRACON& Tower with Radar,21,22,49,4,96,0,0,8,0,8,21,22,57,4,104,6,0,6,110
12/31/2020,CHA,TN,ASO,ES,Combined TRACON& Tower with Radar,18,11,14,0,43,0,0,0,0,0,18,11,14,0,43,0,0,0,43
01/01/2021,CHA,TN,ASO,ES,Combined TRACON& Tower with Radar,14,8,5,0,27,0,0,0,0,0,14,8,5,0,27,0,0,0,27
01/02/2021,CHA,TN,ASO,ES,Combined TRACON& Tower with Radar,18,22,26,0,66,0,0,30,0,30,18,22,56,0,96,0,0,0,96
01/03/2021,CHA,TN,ASO,ES,Combined TRACON& Tower with Radar,20,24,52,0,96,0,0,14,0,14,20,24,66,0,110,0,0,0,110
01/04/2021,CHA,TN,ASO,ES,Combined TRACON& Tower with Radar,20,29,57,0,106,0,2,31,4,37,20,31,88,4,143,18,0,18,161
01/05/2021,CHA,TN,ASO,ES,Combined TRACON& Tower with Radar,23,15,47,1,86,0,0,14,1,15,23,15,61,2,101,30,0,30,131
01/06/2021,CHA,TN,ASO,ES,Combined TRACON& Tower with Radar,24,23,55,45,147,0,0,33,0,33,24,23,88,45,180,54,28,82,262
01/07/2021,CHA,TN,ASO,ES,Combined TRACON& Tower with Radar,26,20,24,0,70,0,0,8,0,8,26,20,32,0,78,12,0,12,90
01/08/2021,CHA,TN,ASO,ES,Combined TRACON& Tower with Radar,24,18,18,2,62,0,0,0,0,0,24,18,18,2,62,0,0,0,62
01/09/2021,CHA,TN,ASO,ES,Combined TRACON& Tower with Radar,19,17,23,2,61,0,0,8,0,8,19,17,31,2,69,68,0,68,137
01/10/2021,CHA,TN,ASO,ES,Combined TRACON& Tower with Radar,19,24,37,7,87,0,1,34,1,36,19,25,71,8,123,24,0,24,147
01/11/2021,CHA,TN,ASO,ES,Combined TRACON& Tower with Radar,22,15,26,0,63,0,0,1,0,1,22,15,27,0,64,0,0,0,64
01/12/2021,CHA,TN,ASO,ES,Combined TRACON& Tower with Radar,20,13,53,39,125,0,0,26,3,29,20,13,79,42,154,20,12,32,186
01/13/2021,CHA,TN,ASO,ES,Combined TRACON& Tower with Radar,21,15,38,42,116,0,0,24,4,28,21,15,62,46,144,50,88,138,282
01/14/2021,CHA,TN,ASO,ES,Combined TRACON& Tower with Radar,26,18,59,27,130,0,0,41,6,47,26,18,100,33,177,6,8,14,191
01/15/2021,CHA,TN,ASO,ES,Combined TRACON& Tower with Radar,24,17,50,44,135,0,2,37,2,41,24,19,87,46,176,22,8,30,206
01/16/2021,CHA,TN,ASO,ES,Combined TRACON& Tower with Radar,19,17,14,0,50,0,0,3,0,3,19,17,17,0,53,26,0,26,79
01/17/2021,CHA,TN,ASO,ES,Combined TRACON& Tower with Radar,20,13,27,0,60,0,1,22,0,23,20,14,49,0,83,48,0,48,131
01/18/2021,CHA,TN,ASO,ES,Combined TRACON& Tower with Radar,22,20,29,1,72,0,0,33,1,34,22,20,62,2,106,34,2,36,142
01/19/2021,CHA,TN,ASO,ES,Combined TRACON& Tower with Radar,20,17,46,37,120,0,2,27,2,31,20,19,73,39,151,6,6,12,163
01/20/2021,CHA,TN,ASO,ES,Combined TRACON& Tower with Radar,20,16,60,23,119,0,7,47,2,56,20,23,107,25,175,104,16,120,295
01/21/2021,CHA,TN,ASO,ES,Combined TRACON& Tower with Radar,24,24,44,22,114,0,0,0,0,0,24,24,44,22,114,0,0,0,114
01/22/2021,CHA,TN,ASO,ES,Combined TRACON& Tower with Radar,24,24,37,162,247,0,0,30,8,38,24,24,67,170,285,26,26,52,337
01/23/2021,CHA,TN,ASO,ES,Combined TRACON& Tower with Radar,19,11,32,6,68,0,1,66,6,73,19,12,98,12,141,24,33,57,198
01/24/2021,CHA,TN,ASO,ES,Combined TRACON& Tower with Radar,22,21,40,20,103,0,0,19,0,19,22,21,59,20,122,0,4,4,126
01/25/2021,CHA,TN,ASO,ES,Combined TRACON& Tower with Radar,22,20,28,1,71,0,0,0,0,0,22,20,28,1,71,0,0,0,71
01/26/2021,CHA,TN,ASO,ES,Combined TRACON& Tower with Radar,20,18,34,40,112,0,3,52,3,58,20,21,86,43,170,60,12,72,242
01/27/2021,CHA,TN,ASO,ES,Combined TRACON& Tower with Radar,21,14,41,23,99,0,0,21,1,22,21,14,62,24,121,14,4,18,139
01/28/2021,CHA,TN,ASO,ES,Combined TRACON& Tower with Radar,24,24,30,30,108,0,3,15,4,22,24,27,45,34,130,10,12,22,152
01/29/2021,CHA,TN,ASO,ES,Combined TRACON& Tower with Radar,25,18,40,29,112,0,3,47,3,53,25,21,87,32,165,16,0,16,181
01/30/2021,CHA,TN,ASO,ES,Combined TRACON& Tower with Radar,19,19,34,0,72,0,2,46,0,48,19,21,80,0,120,10,0,10,130
01/31/2021,CHA,TN,ASO,ES,Combined TRACON& Tower with Radar,20,25,29,0,74,0,0,0,0,0,20,25,29,0,74,0,0,0,74
02/01/2021,CHA,TN,ASO,ES,Combined TRACON& Tower with Radar,22,29,14,2,67,0,0,1,0,1,22,29,15,2,68,8,6,14,82
02/02/2021,CHA,TN,ASO,ES,Combined TRACON& Tower with Radar,18,25,33,31,107,0,2,33,3,38,18,27,66,34,145,66,28,94,239
02/03/2021,CHA,TN,ASO,ES,Combined TRACON& Tower with Radar,18,20,44,24,106,0,10,59,4,73,18,30,103,28,179,96,8,104,283
02/04/2021,CHA,TN,ASO,ES,Combined TRACON& Tower with Radar,22,23,56,28,129,0,1,32,3,36,22,24,88,31,165,38,8,46,211
02/05/2021,CHA,TN,ASO,ES,Combined TRACON& Tower with Radar,22,23,50,55,150,0,5,33,2,40,22,28,83,57,190,48,12,60,250
02/06/2021,CHA,TN,ASO,ES,Combined TRACON& Tower with Radar,19,20,33,10,82,0,0,35,0,35,19,20,68,10,117,30,0,30,147
02/07/2021,CHA,TN,ASO,ES,Combined TRACON& Tower with Radar,20,16,17,0,53,0,0,2,0,2,20,16,19,0,55,68,0,68,123
02/08/2021,CHA,TN,ASO,ES,Combined TRACON& Tower with Radar,21,21,52,62,156,0,0,38,5,43,21,21,90,67,199,30,4,34,233
02/09/2021,CHA,TN,ASO,ES,Combined TRACON& Tower with Radar,19,41,62,60,182,0,2,30,6,38,19,43,92,66,220,64,112,176,396
02/10/2021,CHA,TN,ASO,ES,Combined TRACON& Tower with Radar,18,25,48,98,189,0,4,35,3,42,18,29,83,101,231,36,112,148,379
02/11/2021,CHA,TN,ASO,ES,Combined TRACON& Tower with Radar,24,29,35,0,88,0,0,0,0,0,24,29,35,0,88,0,0,0,88
02/12/2021,CHA,TN,ASO,ES,Combined TRACON& Tower with Radar,25,17,38,0,80,0,0,2,0,2,25,17,40,0,82,4,0,4,86
02/13/2021,CHA,TN,ASO,ES,Combined TRACON& Tower with Radar,17,13,25,0,55,0,0,0,0,0,17,13,25,0,55,10,0,10,65
02/14/2021,CHA,TN,ASO,ES,Combined TRACON& Tower with Radar,18,26,27,4,75,0,0,0,0,0,18,26,27,4,75,0,0,0,75
02/15/2021,CHA,TN,ASO,ES,Combined TRACON& Tower with Radar,20,29,22,0,71,0,0,0,0,0,20,29,22,0,71,0,0,0,71
02/16/2021,CHA,TN,ASO,ES,Combined TRACON& Tower with Radar,12,25,39,12,88,0,2,19,0,21,12,27,58,12,109,54,0,54,163
02/17/2021,CHA,TN,ASO,ES,Combined TRACON& Tower with Radar,17,16,47,11,91,0,0,34,1,35,17,16,81,12,126,70,12,82,208
02/18/2021,CHA,TN,ASO,ES,Combined TRACON& Tower with Radar,23,25,19,1,68,0,0,0,0,0,23,25,19,1,68,0,0,0,68
02/19/2021,CHA,TN,ASO,ES,Combined TRACON& Tower with Radar,22,26,27,6,81,0,0,28,1,29,22,26,55,7,110,132,0,132,242
02/20/2021,CHA,TN,ASO,ES,Combined TRACON& Tower with Radar,20,21,38,0,79,0,2,70,2,74,20,23,108,2,153,50,0,50,203
02/21/2021,CHA,TN,ASO,ES,Combined TRACON& Tower with Radar,23,22,40,1,86,0,1,36,3,40,23,23,76,4,126,24,0,24,150
02/22/2021,CHA,TN,ASO,ES,Combined TRACON& Tower with Radar,25,21,25,0,71,0,2,20,0,22,25,23,45,0,93,50,0,50,143
02/23/2021,CHA,TN,ASO,ES,Combined TRACON& Tower with Radar,20,32,52,27,131,0,9,44,2,55,20,41,96,29,186,42,8,50,236
02/24/2021,CHA,TN,ASO,ES,Combined TRACON& Tower with Radar,18,27,66,6,117,0,10,52,4,66,18,37,118,10,183,6,0,6,189
02/25/2021,CHA,TN,ASO,ES,Combined TRACON& Tower with Radar,26,32,63,23,144,0,12,54,12,78,26,44,117,35,222,80,46,126,348
02/26/2021,CHA,TN,ASO,ES,Combined TRACON& Tower with Radar,26,31,56,5,118,0,0,0,0,0,26,31,56,5,118,38,0,38,156
02/27/2021,CHA,TN,ASO,ES,Combined TRACON& Tower with Radar,22,24,35,1,82,0,0,7,0,7,22,24,42,1,89,28,0,28,117
02/28/2021,CHA,TN,ASO,ES,Combined TRACON& Tower with Radar,23,21,36,27,107,0,2,6,0,8,23,23,42,27,115,0,0,0,115
03/01/2021,CHA,TN,ASO,ES,Combined TRACON& Tower with Radar,25,23,18,9,75,0,2,17,1,20,25,25,35,10,95,46,16,62,157
03/02/2021,CHA,TN,ASO,ES,Combined TRACON& Tower with Radar,19,29,36,49,133,0,6,27,3,36,19,35,63,52,169,44,96,140,309
03/03/2021,CHA,TN,ASO,ES,Combined TRACON& Tower with Radar,22,20,56,23,121,0,4,50,4,58,22,24,106,27,179,116,0,116,295
03/04/2021,CHA,TN,ASO,ES,Combined TRACON& Tower with Radar,27,33,50,24,134,0,7,40,0,47,27,40,90,24,181,40,34,74,255
03/05/2021,CHA,TN,ASO,ES,Combined TRACON& Tower with Radar,27,19,61,4,111,0,5,36,3,44,27,24,97,7,155,80,0,80,235
03/06/2021,CHA,TN,ASO,ES,Combined TRACON& Tower with Radar,21,37,37,9,104,0,4,33,0,37,21,41,70,9,141,62,0,62,203
03/07/2021,CHA,TN,ASO,ES,Combined TRACON& Tower with Radar,26,21,58,9,114,0,0,47,5,52,26,21,105,14,166,76,0,76,242
03/08/2021,CHA,TN,ASO,ES,Combined TRACON& Tower with Radar,28,26,37,21,112,0,2,29,1,32,28,28,66,22,144,92,68,160,304
03/09/2021,CHA,TN,ASO,ES,Combined TRACON& Tower with Radar,25,17,51,42,135,0,2,39,3,44,25,19,90,45,179,54,20,74,253
03/10/2021,CHA,TN,ASO,ES,Combined TRACON& Tower with Radar,26,20,43,47,136,0,5,54,4,63,26,25,97,51,199,50,110,160,359
03/11/2021,CHA,TN,ASO,ES,Combined TRACON& Tower with Radar,28,27,49,31,135,0,6,43,0,49,28,33,92,31,184,106,22,128,312
03/12/2021,CHA,TN,ASO,ES,Combined TRACON& Tower with Radar,28,40,58,22,148,0,2,8,3,13,28,42,66,25,161,0,72,72,233
03/13/2021,CHA,TN,ASO,ES,Combined TRACON& Tower with Radar,21,23,42,0,86,0,0,2,0,2,21,23,44,0,88,10,0,10,98
03/14/2021,CHA,TN,ASO,ES,Combined TRACON& Tower with Radar,28,26,62,7,123,0,2,41,1,44,28,28,103,8,167,56,0,56,223
03/15/2021,CHA,TN,ASO,ES,Combined TRACON& Tower with Radar,32,22,39,25,118,0,2,11,3,16,32,24,50,28,134,18,10,28,162
03/16/2021,CHA,TN,ASO,ES,Combined TRACON& Tower with Radar,24,16,29,5,74,0,0,2,1,3,24,16,31,6,77,0,0,0,77
03/17/2021,CHA,TN,ASO,ES,Combined TRACON& Tower with Radar,22,17,26,0,65,0,0,0,0,0,22,17,26,0,65,0,0,0,65
03/18/2021,CHA,TN,ASO,ES,Combined TRACON& Tower with Radar,32,21,48,5,106,0,0,8,1,9,32,21,56,6,115,28,2,30,145
03/19/2021,CHA,TN,ASO,ES,Combined TRACON& Tower with Radar,30,18,55,8,111,0,0,17,0,17,30,18,72,8,128,74,6,80,208
03/20/2021,CHA,TN,ASO,ES,Combined TRACON& Tower with Radar,22,24,41,3,90,0,5,45,5,55,22,29,86,8,145,56,0,56,201
03/21/2021,CHA,TN,ASO,ES,Combined TRACON& Tower with Radar,27,15,42,6,90,0,4,41,0,45,27,19,83,6,135,20,0,20,155
03/22/2021,CHA,TN,ASO,ES,Combined TRACON& Tower with Radar,28,25,52,14,119,0,3,46,7,56,28,28,98,21,175,24,2,26,201
03/23/2021,CHA,TN,ASO,ES,Combined TRACON& Tower with Radar,24,18,39,11,92,0,0,9,3,12,24,18,48,14,104,30,22,52,156
03/24/2021,CHA,TN,ASO,ES,Combined TRACON& Tower with Radar,24,23,53,14,114,0,0,18,4,22,24,23,71,18,136,26,20,46,182
03/25/2021,CHA,TN,ASO,ES,Combined TRACON& Tower with Radar,25,15,3,0,43,0,0,0,0,0,25,15,3,0,43,0,0,0,43
03/26/2021,CHA,TN,ASO,ES,Combined TRACON& Tower with Radar,28,20,76,17,141,0,4,33,4,41,28,24,109,21,182,14,0,14,196
03/27/2021,CHA,TN,ASO,ES,Combined TRACON& Tower with Radar,23,18,21,0,62,0,1,1,0,2,23,19,22,0,64,0,0,0,64
03/28/2021,CHA,TN,ASO,ES,Combined TRACON& Tower with Radar,25,14,47,8,94,0,5,8,1,14,25,19,55,9,108,0,0,0,108
03/29/2021,CHA,TN,ASO,ES,Combined TRACON& Tower with Radar,27,20,78,38,163,0,5,38,2,45,27,25,116,40,208,0,4,4,212
03/30/2021,CHA,TN,ASO,ES,Combined TRACON& Tower with Radar,26,22,57,77,182,0,12,38,11,61,26,34,95,88,243,38,46,84,327
03/31/2021,CHA,TN,ASO,ES,Combined TRACON& Tower with Radar,26,23,27,0,76,0,0,0,0,0,26,23,27,0,76,0,0,0,76
04/01/2021,CHA,TN,ASO,ES,Combined TRACON& Tower with Radar,30,26,64,38,158,0,7,15,4,26,30,33,79,42,184,62,8,70,254
04/02/2021,CHA,TN,ASO,ES,Combined TRACON& Tower with Radar,30,19,64,6,119,0,0,44,3,47,30,19,108,9,166,11,0,11,177
04/03/2021,CHA,TN,ASO,ES,Combined TRACON& Tower with Radar,21,30,46,0,97,0,9,54,0,63,21,39,100,0,160,94,0,94,254
04/04/2021,CHA,TN,ASO,ES,Combined TRACON& Tower with Radar,26,28,45,0,99,0,2,48,0,50,26,30,93,0,149,30,0,30,179
04/05/2021,CHA,TN,ASO,ES,Combined TRACON& Tower with Radar,29,33,49,34,145,0,18,27,4,49,29,51,76,38,194,48,20,68,262
04/06/2021,CHA,TN,ASO,ES,Combined TRACON& Tower with Radar,26,29,57,33,145,0,2,49,7,58,26,31,106,40,203,70,16,86,289
04/07/2021,CHA,TN,ASO,ES,Combined TRACON& Tower with Radar,26,36,51,37,150,0,11,44,2,57,26,47,95,39,207,96,8,104,311
04/08/2021,CHA,TN,ASO,ES,Combined TRACON& Tower with Radar,30,33,36,9,108,0,4,2,0,6,30,37,38,9,114,26,8,34,148
04/09/2021,CHA,TN,ASO,ES,Combined TRACON& Tower with Radar,31,42,38,57,168,0,2,26,11,39,31,44,64,68,207,18,18,36,243
04/10/2021,CHA,TN,ASO,ES,Combined TRACON& Tower with Radar,24,24,18,0,66,0,2,0,0,2,24,26,18,0,68,34,0,34,102
04/11/2021,CHA,TN,ASO,ES,Combined TRACON& Tower with Radar,26,42,59,4,131,0,11,42,0,53,26,53,101,4,184,18,0,18,202
04/12/2021,CHA,TN,ASO,ES,Combined TRACON& Tower with Radar,24,46,53,29,152,0,2,38,4,44,24,48,91,33,196,90,44,134,330
04/13/2021,CHA,TN,ASO,ES,Combined TRACON& Tower with Radar,22,46,61,52,181,0,1,58,2,61,22,47,119,54,242,94,30,124,366
04/14/2021,CHA,TN,ASO,ES,Combined TRACON& Tower with Radar,22,58,65,25,170,0,5,25,0,30,22,63,90,25,200,14,28,42,242
04/15/2021,CHA,TN,ASO,ES,Combined TRACON& Tower with Radar,25,45,66,63,199,0,12,33,6,51,25,57,99,69,250,56,104,160,410
04/16/2021,CHA,TN,ASO,ES,Combined TRACON& Tower with Radar,28,36,69,98,231,0,5,32,20,57,28,41,101,118,288,60,26,86,374
04/17/2021,CHA,TN,ASO,ES,Combined TRACON& Tower with Radar,19,29,36,4,88,0,0,24,2,26,19,29,60,6,114,4,4,8,122
04/18/2021,CHA,TN,ASO,ES,Combined TRACON& Tower with Radar,23,41,42,23,129,0,0,40,8,48,23,41,82,31,177,58,0,58,235
04/19/2021,CHA,TN,ASO,ES,Combined TRACON& Tower with Radar,24,51,35,24,134,0,10,27,7,44,24,61,62,31,178,60,26,86,264
04/20/2021,CHA,TN,ASO,ES,Combined TRACON& Tower with Radar,23,40,59,31,153,0,4,48,6,58,23,44,107,37,211,84,28,112,323
04/21/2021,CHA,TN,ASO,ES,Combined TRACON& Tower with Radar,22,45,67,27,161,0,3,16,2,21,22,48,83,29,182,48,0,48,230
04/22/2021,CHA,TN,ASO,ES,Combined TRACON& Tower with Radar,27,50,61,4,142,0,11,38,4,53,27,61,99,8,195,46,8,54,249
04/23/2021,CHA,TN,ASO,ES,Combined TRACON& Tower with Radar,23,55,64,87,229,0,15,23,8,46,23,70,87,95,275,118,18,136,411
04/24/2021,CHA,TN,ASO,ES,Combined TRACON& Tower with Radar,19,24,13,0,56,0,0,0,0,0,19,24,13,0,56,0,0,0,56
04/25/2021,CHA,TN,ASO,ES,Combined TRACON& Tower with Radar,23,39,51,25,138,0,0,19,8,27,23,39,70,33,165,66,0,66,231
04/26/2021,CHA,TN,ASO,ES,Combined TRACON& Tower with Radar,25,53,68,21,167,0,7,47,8,62,25,60,115,29,229,20,36,56,285
04/27/2021,CHA,TN,ASO,ES,Combined TRACON& Tower with Radar,23,33,72,36,164,0,6,45,12,63,23,39,117,48,227,68,26,94,321
04/28/2021,CHA,TN,ASO,ES,Combined TRACON& Tower with Radar,21,48,55,46,170,0,0,50,12,62,21,48,105,58,232,40,38,78,310
04/29/2021,CHA,TN,ASO,ES,Combined TRACON& Tower with Radar,25,35,51,22,133,0,0,12,4,16,25,35,63,26,149,10,16,26,175
04/30/2021,CHA,TN,ASO,ES,Combined TRACON& Tower with Radar,26,64,51,78,219,0,8,42,14,64,26,72,93,92,283,56,32,88,371
05/01/2021,CHA,TN,ASO,ES,Combined TRACON& Tower with Radar,20,47,38,20,125,0,3,51,2,56,20,50,89,22,181,0,20,20,201
05/02/2021,CHA,TN,ASO,ES,Combined TRACON& Tower with Radar,24,31,32,6,93,0,2,25,2,29,24,33,57,8,122,88,0,88,210
05/03/2021,CHA,TN,ASO,ES,Combined TRACON& Tower with Radar,30,34,41,2,107,0,1,5,0,6,30,35,46,2,113,28,14,42,155
05/04/2021,CHA,TN,ASO,ES,Combined TRACON& Tower with Radar,22,24,24,0,70,0,0,0,0,0,22,24,24,0,70,0,0,0,70
05/05/2021,CHA,TN,ASO,ES,Combined TRACON& Tower with Radar,24,55,71,54,204,0,4,23,0,27,24,59,94,54,231,60,6,66,297
05/06/2021,CHA,TN,ASO,ES,Combined TRACON& Tower with Radar,26,36,48,49,159,0,1,54,6,61,26,37,102,55,220,44,40,84,304
05/07/2021,CHA,TN,ASO,ES,Combined TRACON& Tower with Radar,26,42,59,35,162,0,3,45,12,60,26,45,104,47,222,54,0,54,276
05/08/2021,CHA,TN,ASO,ES,Combined TRACON& Tower with Radar,21,24,22,4,71,0,0,44,1,45,21,24,66,5,116,8,0,8,124
05/09/2021,CHA,TN,ASO,ES,Combined TRACON& Tower with Radar,23,22,29,9,83,0,1,6,0,7,23,23,35,9,90,0,0,0,90
05/10/2021,CHA,TN,ASO,ES,Combined TRACON& Tower with Radar,23,31,59,41,154,0,0,5,3,8,23,31,64,44,162,28,8,36,198
05/11/2021,CHA,TN,ASO,ES,Combined TRACON& Tower with Radar,23,24,40,74,161,0,0,37,3,40,23,24,77,77,201,88,84,172,373
05/12/2021,CHA,TN,ASO,ES,Combined TRACON& Tower with Radar,21,31,54,68,174,0,3,11,4,18,21,34,65,72,192,40,58,98,290
05/13/2021,CHA,TN,ASO,ES,Combined TRACON& Tower with Radar,26,57,50,43,176,0,0,42,9,51,26,57,92,52,227,58,10,68,295
05/14/2021,CHA,TN,ASO,ES,Combined TRACON& Tower with Radar,26,42,57,53,178,0,2,63,9,74,26,44,120,62,252,50,18,68,320
05/15/2021,CHA,TN,ASO,ES,Combined TRACON& Tower with Radar,23,26,31,19,99,0,0,48,4,52,23,26,79,23,151,42,4,46,197
05/16/2021,CHA,TN,ASO,ES,Combined TRACON& Tower with Radar,28,37,58,56,179,0,2,45,9,56,28,39,103,65,235,50,0,50,285
05/17/2021,CHA,TN,ASO,ES,Combined TRACON& Tower with Radar,27,27,47,64,165,0,3,47,2,52,27,30,94,66,217,134,22,156,373
05/18/2021,CHA,TN,ASO,ES,Combined TRACON& Tower with Radar,21,32,59,92,204,0,3,20,5,28,21,35,79,97,232,54,32,86,318
05/19/2021,CHA,TN,ASO,ES,Combined TRACON& Tower with Radar,20,34,45,53,152,0,4,31,0,35,20,38,76,53,187,56,18,74,261
05/20/2021,CHA,TN,ASO,ES,Combined TRACON& Tower with Radar,29,47,74,66,216,0,0,29,4,33,29,47,103,70,249,44,56,100,349
05/21/2021,CHA,TN,ASO,ES,Combined TRACON& Tower with Radar,28,46,56,79,209,0,5,78,21,104,28,51,134,100,313,70,26,96,409
05/22/2021,CHA,TN,ASO,ES,Combined TRACON& Tower with Radar,21,26,45,16,108,0,4,119,16,139,21,30,164,32,247,48,16,64,311
05/23/2021,CHA,TN,ASO,ES,Combined TRACON& Tower with Radar,27,33,50,11,121,0,3,83,20,106,27,36,133,31,227,54,0,54,281
05/24/2021,CHA,TN,ASO,ES,Combined TRACON& Tower with Radar,25,26,38,22,111,0,1,35,8,44,25,27,73,30,155,52,0,52,207
05/25/2021,CHA,TN,ASO,ES,Combined TRACON& Tower with Radar,25,29,66,48,168,0,2,46,1,49,25,31,112,49,217,74,10,84,301
05/26/2021,CHA,TN,ASO,ES,Combined TRACON& Tower with Radar,22,36,57,18,133,0,2,56,6,64,22,38,113,24,197,86,6,92,289
05/27/2021,CHA,TN,ASO,ES,Combined TRACON& Tower with Radar,26,41,59,9,135,0,5,55,3,63,26,46,114,12,198,100,0,100,298
05/28/2021,CHA,TN,ASO,ES,Combined TRACON& Tower with Radar,27,28,50,3,108,0,0,10,0,10,27,28,60,3,118,6,0,6,124
05/29/2021,CHA,TN,ASO,ES,Combined TRACON& Tower with Radar,20,26,25,12,83,0,2,13,1,16,20,28,38,13,99,34,8,42,141
05/30/2021,CHA,TN,ASO,ES,Combined TRACON& Tower with Radar,20,29,22,13,84,0,2,28,2,32,20,31,50,15,116,10,0,10,126
05/31/2021,CHA,TN,ASO,ES,Combined TRACON& Tower with Radar,21,29,44,0,94,0,5,56,0,61,21,34,100,0,155,20,0,20,175
06/01/2021,CHA,TN,ASO,ES,Combined TRACON& Tower with Radar,20,24,52,25,121,0,8,34,1,43,20,32,86,26,164,54,28,82,246
06/02/2021,CHA,TN,ASO,ES,Combined TRACON& Tower with Radar,18,37,85,5,145,0,1,34,0,35,18,38,119,5,180,0,0,0,180
06/03/2021,CHA,TN,ASO,ES,Combined TRACON& Tower with Radar,23,29,51,1,104,0,0,2,0,2,23,29,53,1,106,10,0,10,116
06/04/2021,CHA,TN,ASO,ES,Combined TRACON& Tower with Radar,27,29,47,80,183,0,12,43,12,67,27,41,90,92,250,46,28,74,324
06/05/2021,CHA,TN,ASO,ES,Combined TRACON& Tower with Radar,19,29,45,34,127,0,5,54,3,62,19,34,99,37,189,18,30,48,237
06/06/2021,CHA,TN,ASO,ES,Combined TRACON& Tower with Radar,25,31,65,7,128,0,0,6,4,10,25,31,71,11,138,42,0,42,180
06/07/2021,CHA,TN,ASO,ES,Combined TRACON& Tower with Radar,25,36,48,16,125,0,0,6,0,6,25,36,54,16,131,62,12,74,205
06/08/2021,CHA,TN,ASO,ES,Combined TRACON& Tower with Radar,21,31,60,5,117,0,1,15,1,17,21,32,75,6,134,80,2,82,216
06/09/2021,CHA,TN,ASO,ES,Combined TRACON& Tower with Radar,24,32,55,2,113,0,3,7,1,11,24,35,62,3,124,0,0,0,124
06/10/2021,CHA,TN,ASO,ES,Combined TRACON& Tower with Radar,25,35,87,2,149,0,0,18,1,19,25,35,105,3,168,30,0,30,198
06/11/2021,CHA,TN,ASO,ES,Combined TRACON& Tower with Radar,31,40,65,8,144,0,0,11,6,17,31,40,76,14,161,60,0,60,221
06/12/2021,CHA,TN,ASO,ES,Combined TRACON& Tower with Radar,18,27,42,0,87,0,1,43,1,45,18,28,85,1,132,18,0,18,150
06/13/2021,CHA,TN,ASO,ES,Combined TRACON& Tower with Radar,20,25,61,6,112,0,0,56,2,58,20,25,117,8,170,32,0,32,202
06/14/2021,CHA,TN,ASO,ES,Combined TRACON& Tower with Radar,24,42,66,53,185,0,5,61,4,70,24,47,127,57,255,62,22,84,339
06/15/2021,CHA,TN,ASO,ES,Combined TRACON& Tower with Radar,24,26,47,31,128,0,5,65,7,77,24,31,112,38,205,42,18,60,265
06/16/2021,CHA,TN,ASO,ES,Combined TRACON& Tower with Radar,25,27,67,9,128,0,7,104,2,113,25,34,171,11,241,56,0,56,297
06/17/2021,CHA,TN,ASO,ES,Combined TRACON& Tower with Radar,30,33,85,13,161,0,13,71,4,88,30,46,156,17,249,110,0,110,359
06/18/2021,CHA,TN,ASO,ES,Combined TRACON& Tower with Radar,26,37,77,15,155,0,5,103,1,109,26,42,180,16,264,114,8,122,386
06/19/2021,CHA,TN,ASO,ES,Combined TRACON& Tower with Radar,20,27,40,0,87,0,0,31,2,33,20,27,71,2,120,70,0,70,190
06/20/2021,CHA,TN,ASO,ES,Combined TRACON& Tower with Radar,22,38,39,0,99,1,3,11,0,15,23,41,50,0,114,8,0,8,122
06/21/2021,CHA,TN,ASO,ES,Combined TRACON& Tower with Radar,24,33,47,39,143,0,0,18,0,18,24,33,65,39,161,60,0,60,221
06/22/2021,CHA,TN,ASO,ES,Combined TRACON& Tower with Radar,25,36,43,52,156,0,0,28,7,35,25,36,71,59,191,40,38,78,269
06/23/2021,CHA,TN,ASO,ES,Combined TRACON& Tower with Radar,22,28,65,28,143,0,2,41,9,52,22,30,106,37,195,140,64,204,399
06/24/2021,CHA,TN,ASO,ES,Combined TRACON& Tower with Radar,26,35,88,46,195,0,6,40,6,52,26,41,128,52,247,112,0,112,359
06/25/2021,CHA,TN,ASO,ES,Combined TRACON& Tower with Radar,25,37,69,71,202,0,1,46,15,62,25,38,115,86,264,40,12,52,316
06/26/2021,CHA,TN,ASO,ES,Combined TRACON& Tower with Radar,19,31,54,13,117,0,0,38,1,39,19,31,92,14,156,42,14,56,212
06/27/2021,CHA,TN,ASO,ES,Combined TRACON& Tower with Radar,20,36,49,28,133,0,1,8,9,18,20,37,57,37,151,26,28,54,205
06/28/2021,CHA,TN,ASO,ES,Combined TRACON& Tower with Radar,23,37,51,14,125,0,1,36,9,46,23,38,87,23,171,98,14,112,283
06/29/2021,CHA,TN,ASO,ES,Combined TRACON& Tower with Radar,24,31,44,7,106,0,0,24,0,24,24,31,68,7,130,66,0,66,196
06/30/2021,CHA,TN,ASO,ES,Combined TRACON& Tower with Radar,23,40,70,17,150,0,3,37,3,43,23,43,107,20,193,122,6,128,321
07/01/2021,CHA,TN,ASO,ES,Combined TRACON& Tower with Radar,21,28,55,2,106,0,2,6,0,8,21,30,61,2,114,74,0,74,188
07/02/2021,CHA,TN,ASO,ES,Combined TRACON& Tower with Radar,21,39,50,7,117,0,6,26,0,32,21,45,76,7,149,58,0,58,207
07/03/2021,CHA,TN,ASO,ES,Combined TRACON& Tower with Radar,17,32,47,0,96,0,4,43,0,47,17,36,90,0,143,76,0,76,219
07/04/2021,CHA,TN,ASO,ES,Combined TRACON& Tower with Radar,18,22,19,0,59,0,0,32,1,33,18,22,51,1,92,52,0,52,144
07/05/2021,CHA,TN,ASO,ES,Combined TRACON& Tower with Radar,19,41,40,5,105,0,2,53,0,55,19,43,93,5,160,100,0,100,260
07/06/2021,CHA,TN,ASO,ES,Combined TRACON& Tower with Radar,20,29,61,78,188,0,5,53,10,68,20,34,114,88,256,52,50,102,358
07/07/2021,CHA,TN,ASO,ES,Combined TRACON& Tower with Radar,27,19,48,6,100,0,2,3,0,5,27,21,51,6,105,98,0,98,203
07/08/2021,CHA,TN,ASO,ES,Combined TRACON& Tower with Radar,30,31,69,10,140,0,0,26,0,26,30,31,95,10,166,116,8,124,290
07/09/2021,CHA,TN,ASO,ES,Combined TRACON& Tower with Radar,31,32,53,12,128,0,1,27,2,30,31,33,80,14,158,46,0,46,204
07/10/2021,CHA,TN,ASO,ES,Combined TRACON& Tower with Radar,31,30,41,15,117,0,0,19,1,20,31,30,60,16,137,156,36,192,329
07/11/2021,CHA,TN,ASO,ES,Combined TRACON& Tower with Radar,25,29,24,10,88,0,1,4,1,6,25,30,28,11,94,0,0,0,94
07/12/2021,CHA,TN,ASO,ES,Combined TRACON& Tower with Radar,29,24,49,0,102,0,0,11,0,11,29,24,60,0,113,82,0,82,195
07/13/2021,CHA,TN,ASO,ES,Combined TRACON& Tower with Radar,26,28,50,6,110,0,0,8,0,8,26,28,58,6,118,88,16,104,222
07/14/2021,CHA,TN,ASO,ES,Combined TRACON& Tower with Radar,25,31,69,5,130,0,3,24,3,30,25,34,93,8,160,136,2,138,298
07/15/2021,CHA,TN,ASO,ES,Combined TRACON& Tower with Radar,26,46,69,20,161,0,8,39,10,57,26,54,108,30,218,74,12,86,304
07/16/2021,CHA,TN,ASO,ES,Combined TRACON& Tower with Radar,28,31,49,13,121,0,1,40,0,41,28,32,89,13,162,24,2,26,188
07/17/2021,CHA,TN,ASO,ES,Combined TRACON& Tower with Radar,26,17,37,0,80,0,0,28,0,28,26,17,65,0,108,28,0,28,136
07/18/2021,CHA,TN,ASO,ES,Combined TRACON& Tower with Radar,24,21,45,0,90,0,1,7,0,8,24,22,52,0,98,54,0,54,152
07/19/2021,CHA,TN,ASO,ES,Combined TRACON& Tower with Radar,25,33,39,0,97,0,0,5,0,5,25,33,44,0,102,46,0,46,148
07/20/2021,CHA,TN,ASO,ES,Combined TRACON& Tower with Radar,20,37,50,0,107,0,0,5,0,5,20,37,55,0,112,36,0,36,148
07/21/2021,CHA,TN,ASO,ES,Combined TRACON& Tower with Radar,27,37,58,32,154,0,5,31,1,37,27,42,89,33,191,226,72,298,489
07/22/2021,CHA,TN,ASO,ES,Combined TRACON& Tower with Radar,31,38,87,42,198,0,5,51,4,60,31,43,138,46,258,184,38,222,480
07/23/2021,CHA,TN,ASO,ES,Combined TRACON& Tower with Radar,30,30,61,42,163,0,11,63,3,77,30,41,124,45,240,68,33,101,341
07/24/2021,CHA,TN,ASO,ES,Combined TRACON& Tower with Radar,25,22,45,36,128,0,2,46,6,54,25,24,91,42,182,110,4,114,296
07/25/2021,CHA,TN,ASO,ES,Combined TRACON& Tower with Radar,31,33,33,26,123,0,2,21,1,24,31,35,54,27,147,27,22,49,196
07/26/2021,CHA,TN,ASO,ES,Combined TRACON& Tower with Radar,34,26,35,2,97,0,1,26,0,27,34,27,61,2,124,98,0,98,222
07/27/2021,CHA,TN,ASO,ES,Combined TRACON& Tower with Radar,27,31,90,27,175,0,0,19,1,20,27,31,109,28,195,94,0,94,289
07/28/2021,CHA,TN,ASO,ES,Combined TRACON& Tower with Radar,31,34,83,11,159,0,6,72,3,81,31,40,155,14,240,254,12,266,506
07/29/2021,CHA,TN,ASO,ES,Combined TRACON& Tower with Radar,28,41,68,43,180,0,8,47,4,59,28,49,115,47,239,96,38,134,373
07/30/2021,CHA,TN,ASO,ES,Combined TRACON& Tower with Radar,27,31,79,58,195,0,0,28,6,34,27,31,107,64,229,64,14,78,307
07/31/2021,CHA,TN,ASO,ES,Combined TRACON& Tower with Radar,27,27,42,36,132,0,8,35,5,48,27,35,77,41,180,81,36,117,297
08/01/2021,CHA,TN,ASO,ES,Combined TRACON& Tower with Radar,23,29,43,46,141,0,5,12,7,24,23,34,55,53,165,34,10,44,209
08/02/2021,CHA,TN,ASO,ES,Combined TRACON& Tower with Radar,28,28,46,54,156,0,2,56,11,69,28,30,102,65,225,88,34,122,347
08/03/2021,CHA,TN,ASO,ES,Combined TRACON& Tower with Radar,32,25,55,45,157,0,3,36,2,41,32,28,91,47,198,166,6,172,370
08/04/2021,CHA,TN,ASO,ES,Combined TRACON& Tower with Radar,27,27,53,14,121,0,0,25,0,25,27,27,78,14,146,40,4,44,190
08/05/2021,CHA,TN,ASO,ES,Combined TRACON& Tower with Radar,33,31,81,24,169,0,4,43,2,49,33,35,124,26,218,94,18,112,330
08/06/2021,CHA,TN,ASO,ES,Combined TRACON& Tower with Radar,31,14,59,30,134,0,2,45,6,53,31,16,104,36,187,26,0,26,213
08/07/2021,CHA,TN,ASO,ES,Combined TRACON& Tower with Radar,26,21,40,1,88,0,0,43,0,43,26,21,83,1,131,44,0,44,175
08/08/2021,CHA,TN,ASO,ES,Combined TRACON& Tower with Radar,32,20,55,38,145,0,0,41,0,41,32,20,96,38,186,48,12,60,246
08/09/2021,CHA,TN,ASO,ES,Combined TRACON& Tower with Radar,29,25,46,12,112,0,0,56,0,56,29,25,102,12,168,50,4,54,222
08/10/2021,CHA,TN,ASO,ES,Combined TRACON& Tower with Radar,33,26,61,4,124,0,1,35,4,40,33,27,96,8,164,68,0,68,232
08/11/2021,CHA,TN,ASO,ES,Combined TRACON& Tower with Radar,30,25,58,6,119,0,1,37,0,38,30,26,95,6,157,78,0,78,235
08/12/2021,CHA,TN,ASO,ES,Combined TRACON& Tower with Radar,36,24,98,6,164,0,9,65,4,78,36,33,163,10,242,84,4,88,330
08/13/2021,CHA,TN,ASO,ES,Combined TRACON& Tower with Radar,28,16,50,25,119,0,1,54,13,68,28,17,104,38,187,50,0,50,237
08/14/2021,CHA,TN,ASO,ES,Combined TRACON& Tower with Radar,23,19,41,8,91,0,3,64,2,69,23,22,105,10,160,30,0,30,190
08/15/2021,CHA,TN,ASO,ES,Combined TRACON& Tower with Radar,28,16,43,8,95,0,8,23,0,31,28,24,66,8,126,8,0,8,134
08/16/2021,CHA,TN,ASO,ES,Combined TRACON& Tower with Radar,30,23,50,4,107,0,0,14,0,14,30,23,64,4,121,52,4,56,177
08/17/2021,CHA,TN,ASO,ES,Combined TRACON& Tower with Radar,25,15,35,0,75,0,0,2,0,2,25,15,37,0,77,20,0,20,97
08/18/2021,CHA,TN,ASO,ES,Combined TRACON& Tower with Radar,23,21,75,54,173,0,1,21,3,25,23,22,96,57,198,30,20,50,248
08/19/2021,CHA,TN,ASO,ES,Combined TRACON& Tower with Radar,30,19,64,2,115,0,0,13,0,13,30,19,77,2,128,14,0,14,142
08/20/2021,CHA,TN,ASO,ES,Combined TRACON& Tower with Radar,30,25,77,28,160,0,0,35,2,37,30,25,112,30,197,26,36,62,259
08/21/2021,CHA,TN,ASO,ES,Combined TRACON& Tower with Radar,23,29,20,0,72,0,0,8,2,10,23,29,28,2,82,62,0,62,144
08/22/2021,CHA,TN,ASO,ES,Combined TRACON& Tower with Radar,28,27,48,8,111,0,0,20,1,21,28,27,68,9,132,38,0,38,170
08/23/2021,CHA,TN,ASO,ES,Combined TRACON& Tower with Radar,27,22,63,37,149,0,0,65,5,70,27,22,128,42,219,56,18,74,293
08/24/2021,CHA,TN,ASO,ES,Combined TRACON& Tower with Radar,24,21,76,40,161,0,7,57,4,68,24,28,133,44,229,52,42,94,323
08/25/2021,CHA,TN,ASO,ES,Combined TRACON& Tower with Radar,30,26,74,26,156,0,5,54,5,64,30,31,128,31,220,76,12,88,308
08/26/2021,CHA,TN,ASO,ES,Combined TRACON& Tower with Radar,30,18,53,21,122,0,4,32,3,39,30,22,85,24,161,114,18,132,293
08/27/2021,CHA,TN,ASO,ES,Combined TRACON& Tower with Radar,30,31,48,67,176,0,1,62,2,65,30,32,110,69,241,60,0,60,301
08/28/2021,CHA,TN,ASO,ES,Combined TRACON& Tower with Radar,21,25,34,14,94,0,2,48,2,52,21,27,82,16,146,66,0,66,212
08/29/2021,CHA,TN,ASO,ES,Combined TRACON& Tower with Radar,27,22,37,1,87,0,1,20,0,21,27,23,57,1,108,46,0,46,154
08/30/2021,CHA,TN,ASO,ES,Combined TRACON& Tower with Radar,28,24,30,3,85,0,2,34,3,39,28,26,64,6,124,10,0,10,134
08/31/2021,CHA,TN,ASO,ES,Combined TRACON& Tower with Radar,24,16,17,0,57,0,0,0,0,0,24,16,17,0,57,0,0,0,57
09/01/2021,CHA,TN,ASO,ES,Combined TRACON& Tower with Radar,29,24,38,19,110,0,7,26,1,34,29,31,64,20,144,52,0,52,196
09/02/2021,CHA,TN,ASO,ES,Combined TRACON& Tower with Radar,32,36,56,45,169,0,4,84,11,99,32,40,140,56,268,80,6,86,354
09/03/2021,CHA,TN,ASO,ES,Combined TRACON& Tower with Radar,29,40,68,0,137,0,5,75,0,80,29,45,143,0,217,60,0,60,277
09/04/2021,CHA,TN,ASO,ES,Combined TRACON& Tower with Radar,23,21,37,0,81,0,4,67,0,71,23,25,104,0,152,26,0,26,178
09/05/2021,CHA,TN,ASO,ES,Combined TRACON& Tower with Radar,21,26,32,0,79,0,2,32,0,34,21,28,64,0,113,56,0,56,169
09/06/2021,CHA,TN,ASO,ES,Combined TRACON& Tower with Radar,28,31,54,12,125,0,5,37,1,43,28,36,91,13,168,12,8,20,188
09/07/2021,CHA,TN,ASO,ES,Combined TRACON& Tower with Radar,19,27,74,27,147,0,8,48,8,64,19,35,122,35,211,62,0,62,273
09/08/2021,CHA,TN,ASO,ES,Combined TRACON& Tower with Radar,28,18,90,17,153,0,4,34,2,40,28,22,124,19,193,54,0,54,247
09/09/2021,CHA,TN,ASO,ES,Combined TRACON& Tower with Radar,31,32,58,41,162,0,10,55,7,72,31,42,113,48,234,94,16,110,344
09/10/2021,CHA,TN,ASO,ES,Combined TRACON& Tower with Radar,31,41,72,21,165,0,6,78,8,92,31,47,150,29,257,58,18,76,333
09/11/2021,CHA,TN,ASO,ES,Combined TRACON& Tower with Radar,22,25,27,21,95,0,15,58,3,76,22,40,85,24,171,68,4,72,243
09/12/2021,CHA,TN,ASO,ES,Combined TRACON& Tower with Radar,29,36,59,11,135,0,6,56,8,70,29,42,115,19,205,49,14,63,268
09/13/2021,CHA,TN,ASO,ES,Combined TRACON& Tower with Radar,32,28,58,50,168,0,2,47,2,51,32,30,105,52,219,54,14,68,287
09/14/2021,CHA,TN,ASO,ES,Combined TRACON& Tower with Radar,28,25,60,52,165,0,5,51,7,63,28,30,111,59,228,86,12,98,326
09/15/2021,CHA,TN,ASO,ES,Combined TRACON& Tower with Radar,31,30,78,0,139,0,0,18,0,18,31,30,96,0,157,86,0,86,243
09/16/2021,CHA,TN,ASO,ES,Combined TRACON& Tower with Radar,36,39,74,40,189,0,1,14,0,15,36,40,88,40,204,60,22,82,286
09/17/2021,CHA,TN,ASO,ES,Combined TRACON& Tower with Radar,35,38,62,42,177,0,1,7,5,13,35,39,69,47,190,92,20,112,302
09/18/2021,CHA,TN,ASO,ES,Combined TRACON& Tower with Radar,26,21,30,11,88,0,1,0,0,1,26,22,30,11,89,50,0,50,139
09/19/2021,CHA,TN,ASO,ES,Combined TRACON& Tower with Radar,32,22,56,1,111,0,0,0,0,0,32,22,56,1,111,0,0,0,111
09/20/2021,CHA,TN,ASO,ES,Combined TRACON& Tower with Radar,32,17,41,5,95,0,0,5,0,5,32,17,46,5,100,18,0,18,118
09/21/2021,CHA,TN,ASO,ES,Combined TRACON& Tower with Radar,28,27,57,7,119,0,0,13,0,13,28,27,70,7,132,62,0,62,194
09/22/2021,CHA,TN,ASO,ES,Combined TRACON& Tower with Radar,30,28,51,3,112,0,2,20,0,22,30,30,71,3,134,56,0,56,190
09/23/2021,CHA,TN,ASO,ES,Combined TRACON& Tower with Radar,34,33,82,23,172,0,10,82,2,94,34,43,164,25,266,96,0,96,362
09/24/2021,CHA,TN,ASO,ES,Combined TRACON& Tower with Radar,35,31,74,7,147,0,5,83,8,96,35,36,157,15,243,136,16,152,395
09/25/2021,CHA,TN,ASO,ES,Combined TRACON& Tower with Radar,26,36,30,0,92,0,4,64,0,68,26,40,94,0,160,88,0,88,248
09/26/2021,CHA,TN,ASO,ES,Combined TRACON& Tower with Radar,31,45,66,2,144,0,3,57,1,61,31,48,123,3,205,90,0,90,295
09/27/2021,CHA,TN,ASO,ES,Combined TRACON& Tower with Radar,33,37,61,46,177,0,1,57,7,65,33,38,118,53,242,42,22,64,306
09/28/2021,CHA,TN,ASO,ES,Combined TRACON& Tower with Radar,28,40,68,46,182,0,3,55,7,65,28,43,123,53,247,76,34,110,357
09/29/2021,CHA,TN,ASO,ES,Combined TRACON& Tower with Radar,32,30,69,55,186,0,9,52,10,71,32,39,121,65,257,50,16,66,323
09/30/2021,CHA,TN,ASO,ES,Combined TRACON& Tower with Radar,33,34,72,60,199,0,3,71,8,82,33,37,143,68,281,78,4,82,363
10/01/2021,CHA,TN,ASO,ES,Combined TRACON& Tower with Radar,33,39,76,47,195,0,4,59,13,76,33,43,135,60,271,88,22,110,381
10/02/2021,CHA,TN,ASO,ES,Combined TRACON& Tower with Radar,26,23,56,21,126,0,1,48,1,50,26,24,104,22,176,98,0,98,274
10/03/2021,CHA,TN,ASO,ES,Combined TRACON& Tower with Radar,32,24,51,16,123,0,0,3,6,9,32,24,54,22,132,4,0,4,136
10/04/2021,CHA,TN,ASO,ES,Combined TRACON& Tower with Radar,32,37,66,42,177,0,1,39,1,41,32,38,105,43,218,66,14,80,298
10/05/2021,CHA,TN,ASO,ES,Combined TRACON& Tower with Radar,28,21,73,5,127,0,0,8,0,8,28,21,81,5,135,30,0,30,165
10/06/2021,CHA,TN,ASO,ES,Combined TRACON& Tower with Radar,30,31,65,12,138,0,0,4,0,4,30,31,69,12,142,14,0,14,156
10/07/2021,CHA,TN,ASO,ES,Combined TRACON& Tower with Radar,37,38,70,3,148,0,0,16,0,16,37,38,86,3,164,84,0,84,248
10/08/2021,CHA,TN,ASO,ES,Combined TRACON& Tower with Radar,36,24,87,10,157,0,1,75,1,77,36,25,162,11,234,64,0,64,298
10/09/2021,CHA,TN,ASO,ES,Combined TRACON& Tower with Radar,29,29,56,2,116,0,2,50,0,52,29,31,106,2,168,42,0,42,210
10/10/2021,CHA,TN,ASO,ES,Combined TRACON& Tower with Radar,30,38,75,4,147,0,3,63,0,66,30,41,138,4,213,26,0,26,239
10/11/2021,CHA,TN,ASO,ES,Combined TRACON& Tower with Radar,29,35,110,10,184,0,6,34,0,40,29,41,144,10,224,66,4,70,294
10/12/2021,CHA,TN,ASO,ES,Combined TRACON& Tower with Radar,25,26,98,43,192,0,0,5,2,7,25,26,103,45,199,12,0,12,211
10/13/2021,CHA,TN,ASO,ES,Combined TRACON& Tower with Radar,23,32,82,30,167,0,2,32,7,41,23,34,114,37,208,66,0,66,274
10/14/2021,CHA,TN,ASO,ES,Combined TRACON& Tower with Radar,32,36,86,41,195,0,3,39,2,44,32,39,125,43,239,76,0,76,315
10/15/2021,CHA,TN,ASO,ES,Combined TRACON& Tower with Radar,30,35,71,53,189,0,0,41,17,58,30,35,112,70,247,110,28,138,385
10/16/2021,CHA,TN,ASO,ES,Combined TRACON& Tower with Radar,28,40,41,2,111,0,6,30,0,36,28,46,71,2,147,16,0,16,163
10/17/2021,CHA,TN,ASO,ES,Combined TRACON& Tower with Radar,31,39,55,4,129,0,7,39,2,48,31,46,94,6,177,20,0,20,197
10/18/2021,CHA,TN,ASO,ES,Combined TRACON& Tower with Radar,30,29,55,31,145,0,2,49,3,54,30,31,104,34,199,46,18,64,263
10/19/2021,CHA,TN,ASO,ES,Combined TRACON& Tower with Radar,26,37,74,32,169,0,5,44,2,51,26,42,118,34,220,46,8,54,274
10/20/2021,CHA,TN,ASO,ES,Combined TRACON& Tower with Radar,30,46,86,77,239,0,0,41,6,47,30,46,127,83,286,0,16,16,302
10/21/2021,CHA,TN,ASO,ES,Combined TRACON& Tower with Radar,30,34,83,4,151,0,2,2,0,4,30,36,85,4,155,34,0,34,189
10/22/2021,CHA,TN,ASO,ES,Combined TRACON& Tower with Radar,33,37,78,11,159,0,6,50,6,62,33,43,128,17,221,40,0,40,261
10/23/2021,CHA,TN,ASO,ES,Combined TRACON& Tower with Radar,21,33,56,6,116,0,6,49,1,56,21,39,105,7,172,16,0,16,188
10/24/2021,CHA,TN,ASO,ES,Combined TRACON& Tower with Radar,29,30,75,12,146,0,2,37,2,41,29,32,112,14,187,6,0,6,193
10/25/2021,CHA,TN,ASO,ES,Combined TRACON& Tower with Radar,29,27,50,8,114,0,0,12,12,24,29,27,62,20,138,6,0,6,144
10/26/2021,CHA,TN,ASO,ES,Combined TRACON& Tower with Radar,26,38,92,12,168,0,5,38,0,43,26,43,130,12,211,52,8,60,271
10/27/2021,CHA,TN,ASO,ES,Combined TRACON& Tower with Radar,32,46,78,47,203,0,10,96,9,115,32,56,174,56,318,56,0,56,374
10/28/2021,CHA,TN,ASO,ES,Combined TRACON& Tower with Radar,28,30,43,3,104,0,1,0,0,1,28,31,43,3,105,0,0,0,105
10/29/2021,CHA,TN,ASO,ES,Combined TRACON& Tower with Radar,30,28,60,0,118,0,0,1,0,1,30,28,61,0,119,0,0,0,119
10/30/2021,CHA,TN,ASO,ES,Combined TRACON& Tower with Radar,22,27,31,0,80,0,0,0,0,0,22,27,31,0,80,0,0,0,80
10/31/2021,CHA,TN,ASO,ES,Combined TRACON& Tower with Radar,24,27,44,1,96,0,1,14,5,20,24,28,58,6,116,86,0,86,202
11/01/2021,CHA,TN,ASO,ES,Combined TRACON& Tower with Radar,31,35,60,14,140,0,4,69,4,77,31,39,129,18,217,28,0,28,245
11/02/2021,CHA,TN,ASO,ES,Combined TRACON& Tower with Radar,25,33,77,18,153,0,4,83,7,94,25,37,160,25,247,120,0,120,367
11/03/2021,CHA,TN,ASO,ES,Combined TRACON& Tower with Radar,26,27,70,13,136,0,5,41,2,48,26,32,111,15,184,64,2,66,250
11/04/2021,CHA,TN,ASO,ES,Combined TRACON& Tower with Radar,23,46,51,16,136,0,0,2,0,2,23,46,53,16,138,0,0,0,138
11/05/2021,CHA,TN,ASO,ES,Combined TRACON& Tower with Radar,28,45,72,52,197,0,1,26,1,28,28,46,98,53,225,78,0,78,303
11/06/2021,CHA,TN,ASO,ES,Combined TRACON& Tower with Radar,20,30,36,7,93,0,0,68,4,72,20,30,104,11,165,42,10,52,217
11/07/2021,CHA,TN,ASO,ES,Combined TRACON& Tower with Radar,27,36,62,18,143,0,5,60,6,71,27,41,122,24,214,32,6,38,252
11/08/2021,CHA,TN,ASO,ES,Combined TRACON& Tower with Radar,27,47,66,59,199,0,12,67,5,84,27,59,133,64,283,124,2,126,409
11/09/2021,CHA,TN,ASO,ES,Combined TRACON& Tower with Radar,24,41,56,53,174,0,9,62,11,82,24,50,118,64,256,38,38,76,332
11/10/2021,CHA,TN,ASO,ES,Combined TRACON& Tower with Radar,24,55,69,62,210,0,7,56,9,72,24,62,125,71,282,82,38,120,402
11/11/2021,CHA,TN,ASO,ES,Combined TRACON& Tower with Radar,30,27,53,0,110,0,0,8,0,8,30,27,61,0,118,0,0,0,118
11/12/2021,CHA,TN,ASO,ES,Combined TRACON& Tower with Radar,29,53,61,34,177,0,2,36,2,40,29,55,97,36,217,69,0,69,286
11/13/2021,CHA,TN,ASO,ES,Combined TRACON& Tower with Radar,21,32,46,7,106,0,1,80,1,82,21,33,126,8,188,95,0,95,283
11/14/2021,CHA,TN,ASO,ES,Combined TRACON& Tower with Radar,28,32,45,11,116,0,2,24,3,29,28,34,69,14,145,44,4,48,193
11/15/2021,CHA,TN,ASO,ES,Combined TRACON& Tower with Radar,27,41,58,34,160,0,5,61,5,71,27,46,119,39,231,20,27,47,278
11/16/2021,CHA,TN,ASO,ES,Combined TRACON& Tower with Radar,24,47,73,29,173,0,1,34,2,37,24,48,107,31,210,76,11,87,297
11/17/2021,CHA,TN,ASO,ES,Combined TRACON& Tower with Radar,26,44,90,81,241,0,1,58,9,68,26,45,148,90,309,58,52,110,419
11/18/2021,CHA,TN,ASO,ES,Combined TRACON& Tower with Radar,28,42,67,12,149,0,2,10,1,13,28,44,77,13,162,28,0,28,190
11/19/2021,CHA,TN,ASO,ES,Combined TRACON& Tower with Radar,32,43,70,71,216,0,8,64,8,80,32,51,134,79,296,12,36,48,344
11/20/2021,CHA,TN,ASO,ES,Combined TRACON& Tower with Radar,23,35,43,1,102,0,0,57,5,62,23,35,100,6,164,50,0,50,214
11/21/2021,CHA,TN,ASO,ES,Combined TRACON& Tower with Radar,19,24,48,0,91,0,1,8,0,9,19,25,56,0,100,100,0,100,200
11/22/2021,CHA,TN,ASO,ES,Combined TRACON& Tower with Radar,28,36,57,31,152,0,0,30,10,40,28,36,87,41,192,26,22,48,240
11/23/2021,CHA,TN,ASO,ES,Combined TRACON& Tower with Radar,29,45,86,45,205,0,8,47,12,67,29,53,133,57,272,47,20,67,339
11/24/2021,CHA,TN,ASO,ES,Combined TRACON& Tower with Radar,31,38,58,25,152,0,0,57,1,58,31,38,115,26,210,39,0,39,249
11/25/2021,CHA,TN,ASO,ES,Combined TRACON& Tower with Radar,12,9,8,0,29,0,0,9,0,9,12,9,17,0,38,6,0,6,44
11/26/2021,CHA,TN,ASO,ES,Combined TRACON& Tower with Radar,18,36,23,0,77,0,2,36,0,38,18,38,59,0,115,2,0,2,117
11/27/2021,CHA,TN,ASO,ES,Combined TRACON& Tower with Radar,23,37,39,0,99,0,1,39,0,40,23,38,78,0,139,24,0,24,163
11/28/2021,CHA,TN,ASO,ES,Combined TRACON& Tower with Radar,26,30,59,0,115,0,0,53,0,53,26,30,112,0,168,42,0,42,210
11/29/2021,CHA,TN,ASO,ES,Combined TRACON& Tower with Radar,28,37,52,29,146,0,2,54,4,60,28,39,106,33,206,68,22,90,296
11/30/2021,CHA,TN,ASO,ES,Combined TRACON& Tower with Radar,26,28,43,41,138,0,6,58,7,71,26,34,101,48,209,36,18,54,263
12/01/2021,CHA,TN,ASO,ES,Combined TRACON& Tower with Radar,23,40,71,67,201,0,3,51,7,61,23,43,122,74,262,58,70,128,390
12/02/2021,CHA,TN,ASO,ES,Combined TRACON& Tower with Radar,26,45,75,64,210,0,5,49,20,74,26,50,124,84,284,44,20,64,348
12/03/2021,CHA,TN,ASO,ES,Combined TRACON& Tower with Radar,26,39,75,72,212,0,3,74,5,82,26,42,149,77,294,58,8,66,360
12/04/2021,CHA,TN,ASO,ES,Combined TRACON& Tower with Radar,20,23,40,38,121,0,0,37,5,42,20,23,77,43,163,60,22,82,245
12/05/2021,CHA,TN,ASO,ES,Combined TRACON& Tower with Radar,22,36,37,24,119,0,0,0,0,0,22,36,37,24,119,0,0,0,119
12/06/2021,CHA,TN,ASO,ES,Combined TRACON& Tower with Radar,23,20,36,2,81,0,0,4,0,4,23,20,40,2,85,16,0,16,101
12/07/2021,CHA,TN,ASO,ES,Combined TRACON& Tower with Radar,18,32,71,48,169,0,0,55,2,57,18,32,126,50,226,94,22,116,342
12/08/2021,CHA,TN,ASO,ES,Combined TRACON& Tower with Radar,19,42,68,59,188,0,0,44,8,52,19,42,112,67,240,68,36,104,344
12/09/2021,CHA,TN,ASO,ES,Combined TRACON& Tower with Radar,26,33,76,66,201,0,0,51,7,58,26,33,127,73,259,36,28,64,323
12/10/2021,CHA,TN,ASO,ES,Combined TRACON& Tower with Radar,25,35,41,0,101,0,0,0,0,0,25,35,41,0,101,0,0,0,101
12/11/2021,CHA,TN,ASO,ES,Combined TRACON& Tower with Radar,19,17,20,0,56,0,0,0,0,0,19,17,20,0,56,0,0,0,56
12/12/2021,CHA,TN,ASO,ES,Combined TRACON& Tower with Radar,23,41,52,25,141,0,3,70,2,75,23,44,122,27,216,44,0,44,260
12/13/2021,CHA,TN,ASO,ES,Combined TRACON& Tower with Radar,26,39,53,16,134,0,4,66,2,72,26,43,119,18,206,76,0,76,282
12/14/2021,CHA,TN,ASO,ES,Combined TRACON& Tower with Radar,18,30,74,41,163,0,0,44,4,48,18,30,118,45,211,37,6,43,254
12/15/2021,CHA,TN,ASO,ES,Combined TRACON& Tower with Radar,19,37,60,122,238,0,2,60,6,68,19,39,120,128,306,28,66,94,400
12/16/2021,CHA,TN,ASO,ES,Combined TRACON& Tower with Radar,27,32,62,91,212,0,1,31,1,33,27,33,93,92,245,38,36,74,319
12/17/2021,CHA,TN,ASO,ES,Combined TRACON& Tower with Radar,26,29,74,2,131,0,0,1,0,1,26,29,75,2,132,18,0,18,150
12/18/2021,CHA,TN,ASO,ES,Combined TRACON& Tower with Radar,18,19,17,2,56,0,0,1,0,1,18,19,18,2,57,26,0,26,83
12/19/2021,CHA,TN,ASO,ES,Combined TRACON& Tower with Radar,19,26,45,0,90,0,0,4,0,4,19,26,49,0,94,36,0,36,130
12/20/2021,CHA,TN,ASO,ES,Combined TRACON& Tower with Radar,21,21,59,33,134,0,2,64,7,73,21,23,123,40,207,12,28,40,247
12/21/2021,CHA,TN,ASO,ES,Combined TRACON& Tower with Radar,20,18,45,30,113,0,0,27,2,29,20,18,72,32,142,44,26,70,212
12/22/2021,CHA,TN,ASO,ES,Combined TRACON& Tower with Radar,20,27,66,6,119,0,1,53,4,58,20,28,119,10,177,50,14,64,241
12/23/2021,CHA,TN,ASO,ES,Combined TRACON& Tower with Radar,22,20,50,0,92,0,0,86,0,86,22,20,136,0,178,52,0,52,230
12/24/2021,CHA,TN,ASO,ES,Combined TRACON& Tower with Radar,15,20,8,0,43,0,0,24,0,24,15,20,32,0,67,62,0,62,129
12/25/2021,CHA,TN,ASO,ES,Combined TRACON& Tower with Radar,11,17,6,0,34,0,0,1,0,1,11,17,7,0,35,0,0,0,35
12/26/2021,CHA,TN,ASO,ES,Combined TRACON& Tower with Radar,18,27,44,0,89,0,1,19,0,20,18,28,63,0,109,28,0,28,137
12/27/2021,CHA,TN,ASO,ES,Combined TRACON& Tower with Radar,21,24,40,7,92,0,1,7,1,9,21,25,47,8,101,72,4,76,177
12/28/2021,CHA,TN,ASO,ES,Combined TRACON& Tower with Radar,20,30,45,10,105,0,1,19,0,20,20,31,64,10,125,52,12,64,189
12/29/2021,CHA,TN,ASO,ES,Combined TRACON& Tower with Radar,18,17,54,0,89,0,0,0,0,0,18,17,54,0,89,0,0,0,89
12/30/2021,CHA,TN,ASO,ES,Combined TRACON& Tower with Radar,22,29,55,0,106,0,0,2,0,2,22,29,57,0,108,82,0,82,190
12/31/2021,CHA,TN,ASO,ES,Combined TRACON& Tower with Radar,12,12,25,0,49,0,0,0,0,0,12,12,25,0,49,0,0,0,49
01/01/2022,CHA,TN,ASO,ES,Combined TRACON& Tower with Radar,13,18,17,0,48,0,0,0,0,0,13,18,17,0,48,0,0,0,48
01/02/2022,CHA,TN,ASO,ES,Combined TRACON& Tower with Radar,17,17,26,0,60,0,0,0,0,0,17,17,26,0,60,22,0,22,82
01/03/2022,CHA,TN,ASO,ES,Combined TRACON& Tower with Radar,18,27,52,0,97,0,0,17,0,17,18,27,69,0,114,72,0,72,186
01/04/2022,CHA,TN,ASO,ES,Combined TRACON& Tower with Radar,17,24,46,31,118,0,0,50,1,51,17,24,96,32,169,58,22,80,249
01/05/2022,CHA,TN,ASO,ES,Combined TRACON& Tower with Radar,23,24,58,7,112,0,4,38,3,45,23,28,96,10,157,82,0,82,239
01/06/2022,CHA,TN,ASO,ES,Combined TRACON& Tower with Radar,22,23,17,0,62,0,0,2,0,2,22,23,19,0,64,22,0,22,86
01/07/2022,CHA,TN,ASO,ES,Combined TRACON& Tower with Radar,22,14,57,13,106,0,0,52,6,58,22,14,109,19,164,44,14,58,222
01/08/2022,CHA,TN,ASO,ES,Combined TRACON& Tower with Radar,14,12,51,13,90,0,0,84,6,90,14,12,135,19,180,68,16,84,264
01/09/2022,CHA,TN,ASO,ES,Combined TRACON& Tower with Radar,21,17,28,0,66,0,0,0,0,0,21,17,28,0,66,0,0,0,66
01/10/2022,CHA,TN,ASO,ES,Combined TRACON& Tower with Radar,22,23,53,47,145,0,6,59,10,75,22,29,112,57,220,46,20,66,286
01/11/2022,CHA,TN,ASO,ES,Combined TRACON& Tower with Radar,24,10,53,54,141,0,0,78,12,90,24,10,131,66,231,56,52,108,339
01/12/2022,CHA,TN,ASO,ES,Combined TRACON& Tower with Radar,26,31,57,44,158,0,0,40,7,47,26,31,97,51,205,50,46,96,301
01/13/2022,CHA,TN,ASO,ES,Combined TRACON& Tower with Radar,25,43,57,24,149,0,1,62,0,63,25,44,119,24,212,90,18,108,320
01/14/2022,CHA,TN,ASO,ES,Combined TRACON& Tower with Radar,24,46,51,21,142,0,0,84,4,88,24,46,135,25,230,104,12,116,346
01/15/2022,CHA,TN,ASO,ES,Combined TRACON& Tower with Radar,18,10,22,0,50,0,0,15,0,15,18,10,37,0,65,20,0,20,85
01/16/2022,CHA,TN,ASO,ES,Combined TRACON& Tower with Radar,12,9,7,0,28,0,0,0,0,0,12,9,7,0,28,0,0,0,28
01/17/2022,CHA,TN,ASO,ES,Combined TRACON& Tower with Radar,24,21,30,0,75,0,1,6,0,7,24,22,36,0,82,40,0,40,122
01/18/2022,CHA,TN,ASO,ES,Combined TRACON& Tower with Radar,23,19,62,19,123,0,0,72,2,74,23,19,134,21,197,82,8,90,287
01/19/2022,CHA,TN,ASO,ES,Combined TRACON& Tower with Radar,24,28,37,48,137,0,2,22,0,24,24,30,59,48,161,44,0,44,205
01/20/2022,CHA,TN,ASO,ES,Combined TRACON& Tower with Radar,22,25,51,7,105,0,0,1,6,7,22,25,52,13,112,82,20,102,214
01/21/2022,CHA,TN,ASO,ES,Combined TRACON& Tower with Radar,24,28,45,20,117,0,0,4,3,7,24,28,49,23,124,86,18,104,228
01/22/2022,CHA,TN,ASO,ES,Combined TRACON& Tower with Radar,16,14,40,4,74,0,0,48,3,51,16,14,88,7,125,106,0,106,231
01/23/2022,CHA,TN,ASO,ES,Combined TRACON& Tower with Radar,26,20,76,4,126,0,3,74,6,83,26,23,150,10,209,46,0,46,255
01/24/2022,CHA,TN,ASO,ES,Combined TRACON& Tower with Radar,21,28,67,65,181,0,6,59,3,68,21,34,126,68,249,46,14,60,309
01/25/2022,CHA,TN,ASO,ES,Combined TRACON& Tower with Radar,24,16,63,49,152,0,5,44,9,58,24,21,107,58,210,32,34,66,276
01/26/2022,CHA,TN,ASO,ES,Combined TRACON& Tower with Radar,28,20,85,12,145,0,7,73,0,80,28,27,158,12,225,18,0,18,243
01/27/2022,CHA,TN,ASO,ES,Combined TRACON& Tower with Radar,27,33,68,48,176,0,6,83,5,94,27,39,151,53,270,20,12,32,302
01/28/2022,CHA,TN,ASO,ES,Combined TRACON& Tower with Radar,28,27,29,14,98,0,0,46,2,48,28,27,75,16,146,10,8,18,164
01/29/2022,CHA,TN,ASO,ES,Combined TRACON& Tower with Radar,15,23,34,6,78,0,7,47,0,54,15,30,81,6,132,18,0,18,150
01/30/2022,CHA,TN,ASO,ES,Combined TRACON& Tower with Radar,23,17,41,6,87,0,8,48,1,57,23,25,89,7,144,40,0,40,184
01/31/2022,CHA,TN,ASO,ES,Combined TRACON& Tower with Radar,23,25,60,51,159,0,10,42,8,60,23,35,102,59,219,22,2,24,243
02/01/2022,CHA,TN,ASO,ES,Combined TRACON& Tower with Radar,17,30,51,64,162,0,10,65,15,90,17,40,116,79,252,42,56,98,350
02/02/2022,CHA,TN,ASO,ES,Combined TRACON& Tower with Radar,18,40,36,0,94,0,2,5,0,7,18,42,41,0,101,0,0,0,101
02/03/2022,CHA,TN,ASO,ES,Combined TRACON& Tower with Radar,14,32,25,0,71,0,0,0,0,0,14,32,25,0,71,0,0,0,71
02/04/2022,CHA,TN,ASO,ES,Combined TRACON& Tower with Radar,18,33,33,2,86,0,0,2,0,2,18,33,35,2,88,32,0,32,120
02/05/2022,CHA,TN,ASO,ES,Combined TRACON& Tower with Radar,17,10,43,10,80,0,13,85,2,100,17,23,128,12,180,48,0,48,228
02/06/2022,CHA,TN,ASO,ES,Combined TRACON& Tower with Radar,21,45,54,16,136,0,13,59,1,73,21,58,113,17,209,56,0,56,265
02/07/2022,CHA,TN,ASO,ES,Combined TRACON& Tower with Radar,19,42,41,35,137,0,25,55,8,88,19,67,96,43,225,88,10,98,323
02/08/2022,CHA,TN,ASO,ES,Combined TRACON& Tower with Radar,16,36,73,49,174,0,16,78,9,103,16,52,151,58,277,76,30,106,383
02/09/2022,CHA,TN,ASO,ES,Combined TRACON& Tower with Radar,21,42,70,20,153,0,25,82,6,113,21,67,152,26,266,16,12,28,294
02/10/2022,CHA,TN,ASO,ES,Combined TRACON& Tower with Radar,26,34,80,24,164,0,20,84,6,110,26,54,164,30,274,44,2,46,320
02/11/2022,CHA,TN,ASO,ES,Combined TRACON& Tower with Radar,20,38,63,42,163,0,10,78,7,95,20,48,141,49,258,104,12,116,374
02/12/2022,CHA,TN,ASO,ES,Combined TRACON& Tower with Radar,17,17,37,4,75,0,2,89,2,93,17,19,126,6,168,46,0,46,214
02/13/2022,CHA,TN,ASO,ES,Combined TRACON& Tower with Radar,20,34,49,14,117,0,6,51,3,60,20,40,100,17,177,58,0,58,235
02/14/2022,CHA,TN,ASO,ES,Combined TRACON& Tower with Radar,18,50,60,41,169,0,9,84,11,104,18,59,144,52,273,20,22,42,315
02/15/2022,CHA,TN,ASO,ES,Combined TRACON& Tower with Radar,18,44,57,39,158,0,11,89,14,114,18,55,146,53,272,56,30,86,358
02/16/2022,CHA,TN,ASO,ES,Combined TRACON& Tower with Radar,21,39,51,21,132,0,9,25,3,37,21,48,76,24,169,26,6,32,201
02/17/2022,CHA,TN,ASO,ES,Combined TRACON& Tower with Radar,22,33,39,12,106,0,0,1,0,1,22,33,40,12,107,0,0,0,107
02/18/2022,CHA,TN,ASO,ES,Combined TRACON& Tower with Radar,22,37,73,3,135,0,10,20,1,31,22,47,93,4,166,66,18,84,250
02/19/2022,CHA,TN,ASO,ES,Combined TRACON& Tower with Radar,19,18,37,0,74,0,22,88,0,110,19,40,125,0,184,70,0,70,254
02/20/2022,CHA,TN,ASO,ES,Combined TRACON& Tower with Radar,22,29,52,10,113,0,21,62,0,83,22,50,114,10,196,36,0,36,232
02/21/2022,CHA,TN,ASO,ES,Combined TRACON& Tower with Radar,21,38,64,0,123,0,1,33,0,34,21,39,97,0,157,52,0,52,209
02/22/2022,CHA,TN,ASO,ES,Combined TRACON& Tower with Radar,16,27,52,23,118,0,0,3,3,6,16,27,55,26,124,12,0,12,136
02/23/2022,CHA,TN,ASO,ES,Combined TRACON& Tower with Radar,17,32,70,42,161,0,1,14,1,16,17,33,84,43,177,20,0,20,197
02/24/2022,CHA,TN,ASO,ES,Combined TRACON& Tower with Radar,23,41,117,14,195,0,0,4,1,5,23,41,121,15,200,18,0,18,218
02/25/2022,CHA,TN,ASO,ES,Combined TRACON& Tower with Radar,26,34,70,58,188,0,1,40,4,45,26,35,110,62,233,98,24,122,355
02/26/2022,CHA,TN,ASO,ES,Combined TRACON& Tower with Radar,19,12,37,9,77,0,0,36,3,39,19,12,73,12,116,42,0,42,158
02/27/2022,CHA,TN,ASO,ES,Combined TRACON& Tower with Radar,26,29,42,0,97,0,0,5,3,8,26,29,47,3,105,0,0,0,105
02/28/2022,CHA,TN,ASO,ES,Combined TRACON& Tower with Radar,20,39,69,39,167,0,6,75,4,85,20,45,144,43,252,59,0,59,311
03/01/2022,CHA,TN,ASO,ES,Combined TRACON& Tower with Radar,18,42,79,32,171,0,5,64,7,76,18,47,143,39,247,84,16,100,347
03/02/2022,CHA,TN,ASO,ES,Combined TRACON& Tower with Radar,21,46,80,41,188,0,9,71,11,91,21,55,151,52,279,70,4,74,353
03/03/2022,CHA,TN,ASO,ES,Combined TRACON& Tower with Radar,23,36,82,40,181,0,16,79,8,103,23,52,161,48,284,66,10,76,360
03/04/2022,CHA,TN,ASO,ES,Combined TRACON& Tower with Radar,21,50,65,22,158,0,6,79,6,91,21,56,144,28,249,52,14,66,315
03/05/2022,CHA,TN,ASO,ES,Combined TRACON& Tower with Radar,18,23,50,7,98,0,9,44,3,56,18,32,94,10,154,14,0,14,168
03/06/2022,CHA,TN,ASO,ES,Combined TRACON& Tower with Radar,19,30,48,2,99,0,3,36,0,39,19,33,84,2,138,6,0,6,144
03/07/2022,CHA,TN,ASO,ES,Combined TRACON& Tower with Radar,18,22,32,0,72,0,0,1,0,1,18,22,33,0,73,0,0,0,73
03/08/2022,CHA,TN,ASO,ES,Combined TRACON& Tower with Radar,14,26,71,63,174,0,0,36,4,40,14,26,107,67,214,116,20,136,350
03/09/2022,CHA,TN,ASO,ES,Combined TRACON& Tower with Radar,14,36,58,54,162,0,4,17,8,29,14,40,75,62,191,78,6,84,275
03/10/2022,CHA,TN,ASO,ES,Combined TRACON& Tower with Radar,21,52,61,36,170,0,6,45,6,57,21,58,106,42,227,76,40,116,343
03/11/2022,CHA,TN,ASO,ES,Combined TRACON& Tower with Radar,19,31,73,30,153,0,1,27,2,30,19,32,100,32,183,0,0,0,183
03/12/2022,CHA,TN,ASO,ES,Combined TRACON& Tower with Radar,14,24,18,10,66,0,11,8,2,21,14,35,26,12,87,0,0,0,87
03/13/2022,CHA,TN,ASO,ES,Combined TRACON& Tower with Radar,22,35,55,21,133,0,6,50,4,60,22,41,105,25,193,46,0,46,239
03/14/2022,CHA,TN,ASO,ES,Combined TRACON& Tower with Radar,22,51,48,40,161,0,25,61,7,93,22,76,109,47,254,54,18,72,326
03/15/2022,CHA,TN,ASO,ES,Combined TRACON& Tower with Radar,17,35,47,60,159,0,2,24,4,30,17,37,71,64,189,68,24,92,281
03/16/2022,CHA,TN,ASO,ES,Combined TRACON& Tower with Radar,25,59,58,2,144,0,0,10,0,10,25,59,68,2,154,20,0,20,174
03/17/2022,CHA,TN,ASO,ES,Combined TRACON& Tower with Radar,24,37,66,21,148,0,6,61,5,72,24,43,127,26,220,56,12,68,288
03/18/2022,CHA,TN,ASO,ES,Combined TRACON& Tower with Radar,19,22,26,7,74,0,0,8,0,8,19,22,34,7,82,0,0,0,82
03/19/2022,CHA,TN,ASO,ES,Combined TRACON& Tower with Radar,16,28,44,4,92,0,4,52,3,59,16,32,96,7,151,28,0,28,179
03/20/2022,CHA,TN,ASO,ES,Combined TRACON& Tower with Radar,22,34,55,5,116,0,19,86,1,106,22,53,141,6,222,22,10,32,254
03/21/2022,CHA,TN,ASO,ES,Combined TRACON& Tower with Radar,20,36,69,29,154,0,14,79,12,105,20,50,148,41,259,78,0,78,337
03/22/2022,CHA,TN,ASO,ES,Combined TRACON& Tower with Radar,21,35,63,24,143,0,6,28,9,43,21,41,91,33,186,22,6,28,214
03/23/2022,CHA,TN,ASO,ES,Combined TRACON& Tower with Radar,24,23,46,37,130,0,0,1,3,4,24,23,47,40,134,0,14,14,148
03/24/2022,CHA,TN,ASO,ES,Combined TRACON& Tower with Radar,23,67,77,22,189,0,16,53,3,72,23,83,130,25,261,64,8,72,333
03/25/2022,CHA,TN,ASO,ES,Combined TRACON& Tower with Radar,20,32,59,35,146,0,7,39,6,52,20,39,98,41,198,18,14,32,230
03/26/2022,CHA,TN,ASO,ES,Combined TRACON& Tower with Radar,16,33,31,0,80,0,8,20,0,28,16,41,51,0,108,0,0,0,108
03/27/2022,CHA,TN,ASO,ES,Combined TRACON& Tower with Radar,22,35,68,28,153,0,16,77,9,102,22,51,145,37,255,64,0,64,319
03/28/2022,CHA,TN,ASO,ES,Combined TRACON& Tower with Radar,25,30,67,14,136,0,12,46,2,60,25,42,113,16,196,94,14,108,304
03/29/2022,CHA,TN,ASO,ES,Combined TRACON& Tower with Radar,15,36,71,85,207,0,9,63,14,86,15,45,134,99,293,34,64,98,391
03/30/2022,CHA,TN,ASO,ES,Combined TRACON& Tower with Radar,14,26,30,1,71,0,3,10,3,16,14,29,40,4,87,10,0,10,97
03/31/2022,CHA,TN,ASO,ES,Combined TRACON& Tower with Radar,23,32,78,43,176,0,5,21,3,29,23,37,99,46,205,12,48,60,265
04/01/2022,CHA,TN,ASO,ES,Combined TRACON& Tower with Radar,24,34,82,17,157,0,15,67,21,103,24,49,149,38,260,42,14,56,316
04/02/2022,CHA,TN,ASO,ES,Combined TRACON& Tower with Radar,15,29,33,11,88,0,7,54,1,62,15,36,87,12,150,54,4,58,208
04/03/2022,CHA,TN,ASO,ES,Combined TRACON& Tower with Radar,20,33,81,11,145,0,10,77,6,93,20,43,158,17,238,36,0,36,274
04/04/2022,CHA,TN,ASO,ES,Combined TRACON& Tower with Radar,24,43,87,43,197,0,14,70,3,87,24,57,157,46,284,50,10,60,344
04/05/2022,CHA,TN,ASO,ES,Combined TRACON& Tower with Radar,18,20,38,0,76,0,0,0,0,0,18,20,38,0,76,6,0,6,82
04/06/2022,CHA,TN,ASO,ES,Combined TRACON& Tower with Radar,16,29,59,18,122,0,0,0,0,0,16,29,59,18,122,12,0,12,134
04/07/2022,CHA,TN,ASO,ES,Combined TRACON& Tower with Radar,22,41,78,37,178,0,11,31,10,52,22,52,109,47,230,22,8,30,260
04/08/2022,CHA,TN,ASO,ES,Combined TRACON& Tower with Radar,25,33,49,26,133,0,4,13,5,22,25,37,62,31,155,48,0,48,203
04/09/2022,CHA,TN,ASO,ES,Combined TRACON& Tower with Radar,17,28,35,23,103,0,0,27,3,30,17,28,62,26,133,20,0,20,153
04/10/2022,CHA,TN,ASO,ES,Combined TRACON& Tower with Radar,21,45,59,7,132,0,13,95,8,116,21,58,154,15,248,56,0,56,304
04/11/2022,CHA,TN,ASO,ES,Combined TRACON& Tower with Radar,24,23,65,24,136,0,1,17,0,18,24,24,82,24,154,70,0,70,224
04/12/2022,CHA,TN,ASO,ES,Combined TRACON& Tower with Radar,18,60,70,22,170,0,4,21,0,25,18,64,91,22,195,30,0,30,225
04/13/2022,CHA,TN,ASO,ES,Combined TRACON& Tower with Radar,15,35,70,26,146,0,0,21,7,28,15,35,91,33,174,18,44,62,236
04/14/2022,CHA,TN,ASO,ES,Combined TRACON& Tower with Radar,26,53,73,35,187,0,10,50,5,65,26,63,123,40,252,76,0,76,328
04/15/2022,CHA,TN,ASO,ES,Combined TRACON& Tower with Radar,26,38,56,38,158,0,22,72,3,97,26,60,128,41,255,68,12,80,335
04/16/2022,CHA,TN,ASO,ES,Combined TRACON& Tower with Radar,18,37,46,0,101,0,1,4,0,5,18,38,50,0,106,56,0,56,162
04/17/2022,CHA,TN,ASO,ES,Combined TRACON& Tower with Radar,24,26,29,0,79,0,2,15,4,21,24,28,44,4,100,78,0,78,178
04/18/2022,CHA,TN,ASO,ES,Combined TRACON& Tower with Radar,24,33,72,19,148,0,2,10,0,12,24,35,82,19,160,70,0,70,230
04/19/2022,CHA,TN,ASO,ES,Combined TRACON& Tower with Radar,19,72,76,56,223,0,10,63,13,86,19,82,139,69,309,38,10,48,357
04/20/2022,CHA,TN,ASO,ES,Combined TRACON& Tower with Radar,18,44,57,61,180,0,7,49,9,65,18,51,106,70,245,22,36,58,303
04/21/2022,CHA,TN,ASO,ES,Combined TRACON& Tower with Radar,24,45,75,19,163,0,1,56,9,66,24,46,131,28,229,64,4,68,297
04/22/2022,CHA,TN,ASO,ES,Combined TRACON& Tower with Radar,23,50,58,85,216,0,5,79,12,96,23,55,137,97,312,36,8,44,356
04/23/2022,CHA,TN,ASO,ES,Combined TRACON& Tower with Radar,19,33,36,0,88,0,11,75,7,93,19,44,111,7,181,28,4,32,213
04/24/2022,CHA,TN,ASO,ES,Combined TRACON& Tower with Radar,22,44,65,51,182,0,0,67,15,82,22,44,132,66,264,16,0,16,280
04/25/2022,CHA,TN,ASO,ES,Combined TRACON& Tower with Radar,25,28,73,18,144,0,4,43,3,50,25,32,116,21,194,48,0,48,242
04/26/2022,CHA,TN,ASO,ES,Combined TRACON& Tower with Radar,19,41,78,22,160,0,3,31,0,34,19,44,109,22,194,110,0,110,304
04/27/2022,CHA,TN,ASO,ES,Combined TRACON& Tower with Radar,21,48,81,55,205,0,11,59,7,77,21,59,140,62,282,118,28,146,428
04/28/2022,CHA,TN,ASO,ES,Combined TRACON& Tower with Radar,27,41,72,14,154,0,6,85,11,102,27,47,157,25,256,48,4,52,308
04/29/2022,CHA,TN,ASO,ES,Combined TRACON& Tower with Radar,22,31,85,17,155,0,10,65,6,81,22,41,150,23,236,118,0,118,354
04/30/2022,CHA,TN,ASO,ES,Combined TRACON& Tower with Radar,21,23,52,2,98,0,12,37,0,49,21,35,89,2,147,10,0,10,157
05/01/2022,CHA,TN,ASO,ES,Combined TRACON& Tower with Radar,25,39,63,21,148,0,4,22,4,30,25,43,85,25,178,10,0,10,188
05/02/2022,CHA,TN,ASO,ES,Combined TRACON& Tower with Radar,23,37,56,21,137,0,2,50,3,55,23,39,106,24,192,78,6,84,276
05/03/2022,CHA,TN,ASO,ES,Combined TRACON& Tower with Radar,22,23,51,28,124,0,0,27,4,31,22,23,78,32,155,34,72,106,261
05/04/2022,CHA,TN,ASO,ES,Combined TRACON& Tower with Radar,19,40,58,10,127,0,5,41,0,46,19,45,99,10,173,72,24,96,269
05/05/2022,CHA,TN,ASO,ES,Combined TRACON& Tower with Radar,28,18,75,31,152,0,0,55,5,60,28,18,130,36,212,68,6,74,286
05/06/2022,CHA,TN,ASO,ES,Combined TRACON& Tower with Radar,33,23,38,2,96,0,0,6,0,6,33,23,44,2,102,0,0,0,102
05/07/2022,CHA,TN,ASO,ES,Combined TRACON& Tower with Radar,24,23,53,0,100,0,0,18,1,19,24,23,71,1,119,22,0,22,141
05/08/2022,CHA,TN,ASO,ES,Combined TRACON& Tower with Radar,26,30,48,3,107,0,0,43,2,45,26,30,91,5,152,52,0,52,204
05/09/2022,CHA,TN,ASO,ES,Combined TRACON& Tower with Radar,25,29,77,28,159,0,3,75,5,83,25,32,152,33,242,70,42,112,354
05/10/2022,CHA,TN,ASO,ES,Combined TRACON& Tower with Radar,25,17,45,36,123,0,2,57,3,62,25,19,102,39,185,38,0,38,223
05/11/2022,CHA,TN,ASO,ES,Combined TRACON& Tower with Radar,26,42,74,53,195,0,0,63,4,67,26,42,137,57,262,60,18,78,340
05/12/2022,CHA,TN,ASO,ES,Combined TRACON& Tower with Radar,30,23,62,40,155,0,0,83,1,84,30,23,145,41,239,106,22,128,367
05/13/2022,CHA,TN,ASO,ES,Combined TRACON& Tower with Radar,27,27,62,80,196,0,2,56,10,68,27,29,118,90,264,48,0,48,312
05/14/2022,CHA,TN,ASO,ES,Combined TRACON& Tower with Radar,24,20,30,1,75,0,5,49,1,55,24,25,79,2,130,66,0,66,196
05/15/2022,CHA,TN,ASO,ES,Combined TRACON& Tower with Radar,25,23,60,21,129,0,2,45,6,53,25,25,105,27,182,42,0,42,224
05/16/2022,CHA,TN,ASO,ES,Combined TRACON& Tower with Radar,27,27,66,24,144,0,0,72,5,77,27,27,138,29,221,99,14,113,334
05/17/2022,CHA,TN,ASO,ES,Combined TRACON& Tower with Radar,25,39,75,33,172,0,6,85,9,100,25,45,160,42,272,200,50,250,522
05/18/2022,CHA,TN,ASO,ES,Combined TRACON& Tower with Radar,25,32,80,28,165,0,3,57,2,62,25,35,137,30,227,78,10,88,315
05/19/2022,CHA,TN,ASO,ES,Combined TRACON& Tower with Radar,29,33,60,42,164,0,5,50,0,55,29,38,110,42,219,66,0,66,285
05/20/2022,CHA,TN,ASO,ES,Combined TRACON& Tower with Radar,29,34,70,64,197,0,13,55,10,78,29,47,125,74,275,28,0,28,303
05/21/2022,CHA,TN,ASO,ES,Combined TRACON& Tower with Radar,21,29,50,0,100,0,4,38,1,43,21,33,88,1,143,64,0,64,207
05/22/2022,CHA,TN,ASO,ES,Combined TRACON& Tower with Radar,21,27,39,0,87,0,4,20,0,24,21,31,59,0,111,4,0,4,115
05/23/2022,CHA,TN,ASO,ES,Combined TRACON& Tower with Radar,27,25,37,0,89,0,1,0,0,1,27,26,37,0,90,24,0,24,114
05/24/2022,CHA,TN,ASO,ES,Combined TRACON& Tower with Radar,25,26,79,58,188,0,2,23,1,26,25,28,102,59,214,60,12,72,286
05/25/2022,CHA,TN,ASO,ES,Combined TRACON& Tower with Radar,25,25,54,15,119,0,0,0,2,2,25,25,54,17,121,18,0,18,139
05/26/2022,CHA,TN,ASO,ES,Combined TRACON& Tower with Radar,25,25,51,0,101,0,0,4,0,4,25,25,55,0,105,14,0,14,119
05/27/2022,CHA,TN,ASO,ES,Combined TRACON& Tower with Radar,29,34,48,0,111,0,5,49,0,54,29,39,97,0,165,26,0,26,191
05/28/2022,CHA,TN,ASO,ES,Combined TRACON& Tower with Radar,22,21,38,2,83,0,4,84,1,89,22,25,122,3,172,78,0,78,250
05/29/2022,CHA,TN,ASO,ES,Combined TRACON& Tower with Radar,23,19,36,0,78,0,8,67,1,76,23,27,103,1,154,26,0,26,180
05/30/2022,CHA,TN,ASO,ES,Combined TRACON& Tower with Radar,26,20,40,0,86,0,0,59,2,61,26,20,99,2,147,0,0,0,147
05/31/2022,CHA,TN,ASO,ES,Combined TRACON& Tower with Radar,24,25,60,53,162,0,10,72,9,91,24,35,132,62,253,16,10,26,279
06/01/2022,CHA,TN,ASO,ES,Combined TRACON& Tower with Radar,24,22,64,44,154,0,14,78,4,96,24,36,142,48,250,126,14,140,390
06/02/2022,CHA,TN,ASO,ES,Combined TRACON& Tower with Radar,25,28,48,9,110,0,0,40,1,41,25,28,88,10,151,12,4,16,167
06/03/2022,CHA,TN,ASO,ES,Combined TRACON& Tower with Radar,30,28,62,7,127,0,9,68,2,79,30,37,130,9,206,72,0,72,278
06/04/2022,CHA,TN,ASO,ES,Combined TRACON& Tower with Radar,21,22,25,63,131,0,4,75,2,81,21,26,100,65,212,10,4,14,226
06/05/2022,CHA,TN,ASO,ES,Combined TRACON& Tower with Radar,25,32,43,13,113,0,8,40,4,52,25,40,83,17,165,28,0,28,193
06/06/2022,CHA,TN,ASO,ES,Combined TRACON& Tower with Radar,30,28,60,28,146,0,0,48,4,52,30,28,108,32,198,33,4,37,235
06/07/2022,CHA,TN,ASO,ES,Combined TRACON& Tower with Radar,23,32,43,0,98,0,0,6,0,6,23,32,49,0,104,0,0,0,104
06/08/2022,CHA,TN,ASO,ES,Combined TRACON& Tower with Radar,26,33,63,4,126,0,2,8,0,10,26,35,71,4,136,14,0,14,150
06/09/2022,CHA,TN,ASO,ES,Combined TRACON& Tower with Radar,27,38,52,21,138,0,16,59,2,77,27,54,111,23,215,64,0,64,279
06/10/2022,CHA,TN,ASO,ES,Combined TRACON& Tower with Radar,25,33,73,81,212,0,7,72,8,87,25,40,145,89,299,14,0,14,313
06/11/2022,CHA,TN,ASO,ES,Combined TRACON& Tower with Radar,22,27,42,1,92,0,7,44,2,53,22,34,86,3,145,55,0,55,200
06/12/2022,CHA,TN,ASO,ES,Combined TRACON& Tower with Radar,23,22,42,34,121,0,9,74,6,89,23,31,116,40,210,16,0,16,226
06/13/2022,CHA,TN,ASO,ES,Combined TRACON& Tower with Radar,29,42,78,35,184,0,10,79,5,94,29,52,157,40,278,26,22,48,326
06/14/2022,CHA,TN,ASO,ES,Combined TRACON& Tower with Radar,25,37,76,58,196,0,8,66,7,81,25,45,142,65,277,68,24,92,369
06/15/2022,CHA,TN,ASO,ES,Combined TRACON& Tower with Radar,34,33,86,43,196,0,11,68,5,84,34,44,154,48,280,96,8,104,384
06/16/2022,CHA,TN,ASO,ES,Combined TRACON& Tower with Radar,25,38,59,50,172,0,6,60,1,67,25,44,119,51,239,64,0,64,303
06/17/2022,CHA,TN,ASO,ES,Combined TRACON& Tower with Radar,25,35,54,6,120,0,3,60,0,63,25,38,114,6,183,74,0,74,257
06/18/2022,CHA,TN,ASO,ES,Combined TRACON& Tower with Radar,22,27,23,2,74,0,4,50,2,56,22,31,73,4,130,4,0,4,134
06/19/2022,CHA,TN,ASO,ES,Combined TRACON& Tower with Radar,20,28,39,6,93,0,6,83,0,89,20,34,122,6,182,16,0,16,198
06/20/2022,CHA,TN,ASO,ES,Combined TRACON& Tower with Radar,27,32,55,0,114,0,7,76,0,83,27,39,131,0,197,70,0,70,267
06/21/2022,CHA,TN,ASO,ES,Combined TRACON& Tower with Radar,22,35,49,22,128,0,0,73,2,75,22,35,122,24,203,46,12,58,261
06/22/2022,CHA,TN,ASO,ES,Combined TRACON& Tower with Radar,21,43,79,52,195,0,4,60,1,65,21,47,139,53,260,30,6,36,296
06/23/2022,CHA,TN,ASO,ES,Combined TRACON& Tower with Radar,26,34,59,2,121,0,6,41,2,49,26,40,100,4,170,34,0,34,204
06/24/2022,CHA,TN,ASO,ES,Combined TRACON& Tower with Radar,26,34,53,111,224,0,3,50,15,68,26,37,103,126,292,66,8,74,366
06/25/2022,CHA,TN,ASO,ES,Combined TRACON& Tower with Radar,20,25,42,0,87,0,0,21,0,21,20,25,63,0,108,50,0,50,158
06/26/2022,CHA,TN,ASO,ES,Combined TRACON& Tower with Radar,22,30,35,14,101,0,2,33,5,40,22,32,68,19,141,4,0,4,145
06/27/2022,CHA,TN,ASO,ES,Combined TRACON& Tower with Radar,32,32,86,5,155,0,0,26,0,26,32,32,112,5,181,28,0,28,209
06/28/2022,CHA,TN,ASO,ES,Combined TRACON& Tower with Radar,24,28,55,45,152,0,6,63,6,75,24,34,118,51,227,58,0,58,285
06/29/2022,CHA,TN,ASO,ES,Combined TRACON& Tower with Radar,25,22,73,13,133,0,2,18,1,21,25,24,91,14,154,14,0,14,168
06/30/2022,CHA,TN,ASO,ES,Combined TRACON& Tower with Radar,23,26,64,29,142,0,2,51,4,57,23,28,115,33,199,150,16,166,365
07/01/2022,CHA,TN,ASO,ES,Combined TRACON& Tower with Radar,23,29,71,2,125,0,2,48,1,51,23,31,119,3,176,62,0,62,238
07/02/2022,CHA,TN,ASO,ES,Combined TRACON& Tower with Radar,14,17,36,0,67,0,0,7,0,7,14,17,43,0,74,28,0,28,102
07/03/2022,CHA,TN,ASO,ES,Combined TRACON& Tower with Radar,19,14,28,0,61,0,0,33,0,33,19,14,61,0,94,0,0,0,94
07/04/2022,CHA,TN,ASO,ES,Combined TRACON& Tower with Radar,23,16,23,0,62,0,0,11,0,11,23,16,34,0,73,42,0,42,115
07/05/2022,CHA,TN,ASO,ES,Combined TRACON& Tower with Radar,17,24,59,32,132,0,0,51,4,55,17,24,110,36,187,48,0,48,235
07/06/2022,CHA,TN,ASO,ES,Combined TRACON& Tower with Radar,19,27,45,40,131,0,4,58,13,75,19,31,103,53,206,28,16,44,250
07/07/2022,CHA,TN,ASO,ES,Combined TRACON& Tower with Radar,19,28,60,9,116,0,0,35,1,36,19,28,95,10,152,42,10,52,204
07/08/2022,CHA,TN,ASO,ES,Combined TRACON& Tower with Radar,24,31,51,28,134,0,0,35,8,43,24,31,86,36,177,62,2,64,241
07/09/2022,CHA,TN,ASO,ES,Combined TRACON& Tower with Radar,16,21,46,0,83,0,0,10,0,10,16,21,56,0,93,26,0,26,119
07/10/2022,CHA,TN,ASO,ES,Combined TRACON& Tower with Radar,20,35,67,19,141,0,2,7,7,16,20,37,74,26,157,16,0,16,173
07/11/2022,CHA,TN,ASO,ES,Combined TRACON& Tower with Radar,23,30,73,26,152,0,5,41,0,46,23,35,114,26,198,110,0,110,308
07/12/2022,CHA,TN,ASO,ES,Combined TRACON& Tower with Radar,15,39,53,38,145,0,1,55,4,60,15,40,108,42,205,38,16,54,259
07/13/2022,CHA,TN,ASO,ES,Combined TRACON& Tower with Radar,16,30,68,0,114,0,0,47,0,47,16,30,115,0,161,64,0,64,225
07/14/2022,CHA,TN,ASO,ES,Combined TRACON& Tower with Radar,18,41,60,41,160,0,9,102,5,116,18,50,162,46,276,83,6,89,365
07/15/2022,CHA,TN,ASO,ES,Combined TRACON& Tower with Radar,22,37,83,32,174,0,7,104,4,115,22,44,187,36,289,70,6,76,365
07/16/2022,CHA,TN,ASO,ES,Combined TRACON& Tower with Radar,16,26,39,2,83,0,3,78,3,84,16,29,117,5,167,16,0,16,183
07/17/2022,CHA,TN,ASO,ES,Combined TRACON& Tower with Radar,18,36,60,0,114,0,1,41,3,45,18,37,101,3,159,28,0,28,187
07/18/2022,CHA,TN,ASO,ES,Combined TRACON& Tower with Radar,21,24,70,16,131,0,0,30,1,31,21,24,100,17,162,20,0,20,182
07/19/2022,CHA,TN,ASO,ES,Combined TRACON& Tower with Radar,17,22,60,3,102,0,1,19,3,23,17,23,79,6,125,96,0,96,221
07/20/2022,CHA,TN,ASO,ES,Combined TRACON& Tower with Radar,17,28,65,8,118,0,0,44,2,46,17,28,109,10,164,78,0,78,242
07/21/2022,CHA,TN,ASO,ES,Combined TRACON& Tower with Radar,19,25,55,13,112,0,1,11,4,16,19,26,66,17,128,84,18,102,230
07/22/2022,CHA,TN,ASO,ES,Combined TRACON& Tower with Radar,28,37,61,87,213,0,2,83,15,100,28,39,144,102,313,56,48,104,417
07/23/2022,CHA,TN,ASO,ES,Combined TRACON& Tower with Radar,28,42,30,39,139,0,1,59,3,63,28,43,89,42,202,14,0,14,216
07/24/2022,CHA,TN,ASO,ES,Combined TRACON& Tower with Radar,17,43,29,13,102,0,5,33,0,38,17,48,62,13,140,2,0,2,142
07/25/2022,CHA,TN,ASO,ES,Combined TRACON& Tower with Radar,24,21,65,13,123,0,1,32,2,35,24,22,97,15,158,134,6,140,298
07/26/2022,CHA,TN,ASO,ES,Combined TRACON& Tower with Radar,17,42,80,8,147,0,0,36,1,37,17,42,116,9,184,110,0,110,294
07/27/2022,CHA,TN,ASO,ES,Combined TRACON& Tower with Radar,17,45,72,17,151,0,1,54,3,58,17,46,126,20,209,38,0,38,247
07/28/2022,CHA,TN,ASO,ES,Combined TRACON& Tower with Radar,20,35,60,0,115,0,0,48,0,48,20,35,108,0,163,84,0,84,247
07/29/2022,CHA,TN,ASO,ES,Combined TRACON& Tower with Radar,23,36,41,0,100,0,1,24,0,25,23,37,65,0,125,16,0,16,141
07/30/2022,CHA,TN,ASO,ES,Combined TRACON& Tower with Radar,15,46,19,0,80,0,0,6,0,6,15,46,25,0,86,22,0,22,108
07/31/2022,CHA,TN,ASO,ES,Combined TRACON& Tower with Radar,18,29,34,7,88,0,0,7,1,8,18,29,41,8,96,0,0,0,96
08/01/2022,CHA,TN,ASO,ES,Combined TRACON& Tower with Radar,24,34,21,0,79,0,2,5,0,7,24,36,26,0,86,12,0,12,98
08/02/2022,CHA,TN,ASO,ES,Combined TRACON& Tower with Radar,16,35,54,1,106,0,1,64,3,68,16,36,118,4,174,144,0,144,318
08/03/2022,CHA,TN,ASO,ES,Combined TRACON& Tower with Radar,21,39,65,33,158,0,0,78,4,82,21,39,143,37,240,88,10,98,338
08/04/2022,CHA,TN,ASO,ES,Combined TRACON& Tower with Radar,19,35,46,24,124,0,0,51,0,51,19,35,97,24,175,118,18,136,311
08/05/2022,CHA,TN,ASO,ES,Combined TRACON& Tower with Radar,20,24,50,1,95,0,0,43,1,44,20,24,93,2,139,120,0,120,259
08/06/2022,CHA,TN,ASO,ES,Combined TRACON& Tower with Radar,13,27,30,0,70,0,0,22,0,22,13,27,52,0,92,120,0,120,212
08/07/2022,CHA,TN,ASO,ES,Combined TRACON& Tower with Radar,17,28,57,31,133,0,1,39,4,44,17,29,96,35,177,80,0,80,257
08/08/2022,CHA,TN,ASO,ES,Combined TRACON& Tower with Radar,23,31,35,7,96,0,1,52,4,57,23,32,87,11,153,160,0,160,313
08/09/2022,CHA,TN,ASO,ES,Combined TRACON& Tower with Radar,18,28,65,2,113,0,0,28,0,28,18,28,93,2,141,28,0,28,169
08/10/2022,CHA,TN,ASO,ES,Combined TRACON& Tower with Radar,18,27,44,0,89,0,0,3,0,3,18,27,47,0,92,0,0,0,92
08/11/2022,CHA,TN,ASO,ES,Combined TRACON& Tower with Radar,20,30,83,10,143,0,1,22,1,24,20,31,105,11,167,94,0,94,261
08/12/2022,CHA,TN,ASO,ES,Combined TRACON& Tower with Radar,25,30,71,78,204,0,1,69,9,79,25,31,140,87,283,144,10,154,437
08/13/2022,CHA,TN,ASO,ES,Combined TRACON& Tower with Radar,16,27,46,35,124,0,1,92,3,96,16,28,138,38,220,82,4,86,306
08/14/2022,CHA,TN,ASO,ES,Combined TRACON& Tower with Radar,21,29,49,8,107,0,0,80,1,81,21,29,129,9,188,38,0,38,226
08/15/2022,CHA,TN,ASO,ES,Combined TRACON& Tower with Radar,31,20,63,23,137,0,2,82,3,87,31,22,145,26,224,52,0,52,276
08/16/2022,CHA,TN,ASO,ES,Combined TRACON& Tower with Radar,21,33,82,3,139,0,4,62,3,69,21,37,144,6,208,52,0,52,260
08/17/2022,CHA,TN,ASO,ES,Combined TRACON& Tower with Radar,21,31,95,22,169,0,3,79,3,85,21,34,174,25,254,66,18,84,338
08/18/2022,CHA,TN,ASO,ES,Combined TRACON& Tower with Radar,20,27,78,45,170,0,0,83,11,94,20,27,161,56,264,126,4,130,394
08/19/2022,CHA,TN,ASO,ES,Combined TRACON& Tower with Radar,27,29,41,14,111,0,0,31,0,31,27,29,72,14,142,46,10,56,198
08/20/2022,CHA,TN,ASO,ES,Combined TRACON& Tower with Radar,18,18,22,11,69,0,0,15,0,15,18,18,37,11,84,4,0,4,88
08/21/2022,CHA,TN,ASO,ES,Combined TRACON& Tower with Radar,21,23,51,3,98,0,0,11,1,12,21,23,62,4,110,28,0,28,138
08/22/2022,CHA,TN,ASO,ES,Combined TRACON& Tower with Radar,26,22,74,88,210,0,3,38,1,42,26,25,112,89,252,131,36,167,419
08/23/2022,CHA,TN,ASO,ES,Combined TRACON& Tower with Radar,19,37,70,52,178,0,1,79,13,93,19,38,149,65,271,106,78,184,455
08/24/2022,CHA,TN,ASO,ES,Combined TRACON& Tower with Radar,30,33,79,24,166,0,0,63,6,69,30,33,142,30,235,106,0,106,341
08/25/2022,CHA,TN,ASO,ES,Combined TRACON& Tower with Radar,26,24,82,31,163,0,1,29,2,32,26,25,111,33,195,102,2,104,299
08/26/2022,CHA,TN,ASO,ES,Combined TRACON& Tower with Radar,26,41,73,25,165,0,0,33,4,37,26,41,106,29,202,96,6,102,304
08/27/2022,CHA,TN,ASO,ES,Combined TRACON& Tower with Radar,19,25,26,6,76,0,2,73,1,76,19,27,99,7,152,0,0,0,152
08/28/2022,CHA,TN,ASO,ES,Combined TRACON& Tower with Radar,20,31,52,5,108,0,5,51,7,63,20,36,103,12,171,62,0,62,233
08/29/2022,CHA,TN,ASO,ES,Combined TRACON& Tower with Radar,24,30,75,26,155,0,4,78,4,86,24,34,153,30,241,124,0,124,365
08/30/2022,CHA,TN,ASO,ES,Combined TRACON& Tower with Radar,18,20,63,14,115,0,2,57,3,62,18,22,120,17,177,114,0,114,291
08/31/2022,CHA,TN,ASO,ES,Combined TRACON& Tower with Radar,23,28,95,11,157,0,16,100,5,121,23,44,195,16,278,96,12,108,386
09/01/2022,CHA,TN,ASO,ES,Combined TRACON& Tower with Radar,21,27,74,24,146,0,7,92,1,100,21,34,166,25,246,52,2,54,300
09/02/2022,CHA,TN,ASO,ES,Combined TRACON& Tower with Radar,25,29,60,3,117,0,0,40,1,41,25,29,100,4,158,242,0,242,400
09/03/2022,CHA,TN,ASO,ES,Combined TRACON& Tower with Radar,17,16,24,0,57,0,0,11,3,14,17,16,35,3,71,44,0,44,115
09/04/2022,CHA,TN,ASO,ES,Combined TRACON& Tower with Radar,16,17,22,0,55,0,0,2,0,2,16,17,24,0,57,0,0,0,57
09/05/2022,CHA,TN,ASO,ES,Combined TRACON& Tower with Radar,23,33,60,0,116,0,0,7,0,7,23,33,67,0,123,22,0,22,145
09/06/2022,CHA,TN,ASO,ES,Combined TRACON& Tower with Radar,21,33,39,24,117,0,1,20,0,21,21,34,59,24,138,34,0,34,172
09/07/2022,CHA,TN,ASO,ES,Combined TRACON& Tower with Radar,19,38,71,25,153,0,4,54,1,59,19,42,125,26,212,186,0,186,398
09/08/2022,CHA,TN,ASO,ES,Combined TRACON& Tower with Radar,22,41,78,30,171,0,9,84,4,97,22,50,162,34,268,70,26,96,364
09/09/2022,CHA,TN,ASO,ES,Combined TRACON& Tower with Radar,23,33,64,5,125,0,6,47,0,53,23,39,111,5,178,138,0,138,316
09/10/2022,CHA,TN,ASO,ES,Combined TRACON& Tower with Radar,16,43,32,0,91,0,0,5,0,5,16,43,37,0,96,0,0,0,96
09/11/2022,CHA,TN,ASO,ES,Combined TRACON& Tower with Radar,19,34,50,8,111,0,0,5,1,6,19,34,55,9,117,14,0,14,131
09/12/2022,CHA,TN,ASO,ES,Combined TRACON& Tower with Radar,26,34,75,37,172,0,9,59,4,72,26,43,134,41,244,78,26,104,348
09/13/2022,CHA,TN,ASO,ES,Combined TRACON& Tower with Radar,21,34,60,24,139,0,19,83,0,102,21,53,143,24,241,130,0,130,371
09/14/2022,CHA,TN,ASO,ES,Combined TRACON& Tower with Radar,23,36,67,13,139,0,19,64,6,89,23,55,131,19,228,100,8,108,336
09/15/2022,CHA,TN,ASO,ES,Combined TRACON& Tower with Radar,23,33,58,15,129,0,21,71,7,99,23,54,129,22,228,154,10,164,392
09/16/2022,CHA,TN,ASO,ES,Combined TRACON& Tower with Radar,25,44,73,61,203,0,18,92,16,126,25,62,165,77,329,128,4,132,461
09/17/2022,CHA,TN,ASO,ES,Combined TRACON& Tower with Radar,16,30,32,11,89,0,16,61,1,78,16,46,93,12,167,22,16,38,205
09/18/2022,CHA,TN,ASO,ES,Combined TRACON& Tower with Radar,23,27,63,16,129,0,12,75,3,90,23,39,138,19,219,24,0,24,243
09/19/2022,CHA,TN,ASO,ES,Combined TRACON& Tower with Radar,23,29,88,25,165,0,15,73,1,89,23,44,161,26,254,122,0,122,376
09/20/2022,CHA,TN,ASO,ES,Combined TRACON& Tower with Radar,23,35,77,53,188,0,11,67,10,88,23,46,144,63,276,134,6,140,416
09/21/2022,CHA,TN,ASO,ES,Combined TRACON& Tower with Radar,24,40,73,36,173,0,19,77,3,99,24,59,150,39,272,156,14,170,442
09/22/2022,CHA,TN,ASO,ES,Combined TRACON& Tower with Radar,24,44,72,10,150,0,17,45,7,69,24,61,117,17,219,70,0,70,289
09/23/2022,CHA,TN,ASO,ES,Combined TRACON& Tower with Radar,25,34,66,19,144,0,17,73,5,95,25,51,139,24,239,80,0,80,319
09/24/2022,CHA,TN,ASO,ES,Combined TRACON& Tower with Radar,14,35,45,8,102,0,10,71,0,81,14,45,116,8,183,20,0,20,203
09/25/2022,CHA,TN,ASO,ES,Combined TRACON& Tower with Radar,21,35,36,4,96,0,1,10,1,12,21,36,46,5,108,0,0,0,108
09/26/2022,CHA,TN,ASO,ES,Combined TRACON& Tower with Radar,26,39,89,14,168,0,1,64,4,69,26,40,153,18,237,24,12,36,273
09/27/2022,CHA,TN,ASO,ES,Combined TRACON& Tower with Radar,23,35,70,35,163,0,5,54,5,64,23,40,124,40,227,32,12,44,271
09/28/2022,CHA,TN,ASO,ES,Combined TRACON& Tower with Radar,23,29,61,31,144,0,3,54,6,63,23,32,115,37,207,30,28,58,265
09/29/2022,CHA,TN,ASO,ES,Combined TRACON& Tower with Radar,24,36,57,20,137,0,8,25,4,37,24,44,82,24,174,32,8,40,214
09/30/2022,CHA,TN,ASO,ES,Combined TRACON& Tower with Radar,23,43,57,14,137,0,4,45,1,50,23,47,102,15,187,48,6,54,241
10/01/2022,CHA,TN,ASO,ES,Combined TRACON& Tower with Radar,15,24,47,0,86,0,6,36,0,42,15,30,83,0,128,60,0,60,188
10/02/2022,CHA,TN,ASO,ES,Combined TRACON& Tower with Radar,21,16,54,7,98,0,16,26,1,43,21,32,80,8,141,6,0,6,147
10/03/2022,CHA,TN,ASO,ES,Combined TRACON& Tower with Radar,26,25,52,14,117,0,3,64,0,67,26,28,116,14,184,30,10,40,224
10/04/2022,CHA,TN,ASO,ES,Combined TRACON& Tower with Radar,22,36,58,16,132,0,2,82,6,90,22,38,140,22,222,46,10,56,278
10/05/2022,CHA,TN,ASO,ES,Combined TRACON& Tower with Radar,22,42,94,32,190,0,9,95,4,108,22,51,189,36,298,152,4,156,454
10/06/2022,CHA,TN,ASO,ES,Combined TRACON& Tower with Radar,27,32,73,9,141,0,4,110,4,118,27,36,183,13,259,95,0,95,354
10/07/2022,CHA,TN,ASO,ES,Combined TRACON& Tower with Radar,32,27,67,2,128,0,0,106,2,108,32,27,173,4,236,50,4,54,290
10/08/2022,CHA,TN,ASO,ES,Combined TRACON& Tower with Radar,19,22,42,2,85,0,1,82,0,83,19,23,124,2,168,6,0,6,174
10/09/2022,CHA,TN,ASO,ES,Combined TRACON& Tower with Radar,24,23,64,0,111,0,0,48,1,49,24,23,112,1,160,0,0,0,160
10/10/2022,CHA,TN,ASO,ES,Combined TRACON& Tower with Radar,27,26,80,0,133,0,2,61,0,63,27,28,141,0,196,106,0,106,302
10/11/2022,CHA,TN,ASO,ES,Combined TRACON& Tower with Radar,24,32,52,29,137,0,7,51,6,64,24,39,103,35,201,52,16,68,269
10/12/2022,CHA,TN,ASO,ES,Combined TRACON& Tower with Radar,22,25,92,6,145,0,0,3,0,3,22,25,95,6,148,0,0,0,148
10/13/2022,CHA,TN,ASO,ES,Combined TRACON& Tower with Radar,28,44,80,14,166,0,5,18,3,26,28,49,98,17,192,62,0,62,254
10/14/2022,CHA,TN,ASO,ES,Combined TRACON& Tower with Radar,27,30,67,25,149,0,4,82,11,97,27,34,149,36,246,96,4,100,346
10/15/2022,CHA,TN,ASO,ES,Combined TRACON& Tower with Radar,23,18,52,2,95,0,1,63,0,64,23,19,115,2,159,52,0,52,211
10/16/2022,CHA,TN,ASO,ES,Combined TRACON& Tower with Radar,28,24,47,0,99,0,2,47,0,49,28,26,94,0,148,0,0,0,148
10/17/2022,CHA,TN,ASO,ES,Combined TRACON& Tower with Radar,25,32,85,35,177,0,2,60,4,66,25,34,145,39,243,30,16,46,289
10/18/2022,CHA,TN,ASO,ES,Combined TRACON& Tower with Radar,22,33,55,48,158,0,4,34,2,40,22,37,89,50,198,62,8,70,268
10/19/2022,CHA,TN,ASO,ES,Combined TRACON& Tower with Radar,24,28,92,28,172,0,8,81,2,91,24,36,173,30,263,140,8,148,411
10/20/2022,CHA,TN,ASO,ES,Combined TRACON& Tower with Radar,29,35,82,5,151,0,5,74,0,79,29,40,156,5,230,94,0,94,324
10/21/2022,CHA,TN,ASO,ES,Combined TRACON& Tower with Radar,27,28,60,27,142,0,9,79,5,93,27,37,139,32,235,110,10,120,355
10/22/2022,CHA,TN,ASO,ES,Combined TRACON& Tower with Radar,20,20,48,28,116,0,2,57,3,62,20,22,105,31,178,30,24,54,232
10/23/2022,CHA,TN,ASO,ES,Combined TRACON& Tower with Radar,24,31,51,6,112,0,15,55,4,74,24,46,106,10,186,42,6,48,234
10/24/2022,CHA,TN,ASO,ES,Combined TRACON& Tower with Radar,26,23,84,28,161,0,7,70,10,87,26,30,154,38,248,104,12,116,364
10/25/2022,CHA,TN,ASO,ES,Combined TRACON& Tower with Radar,19,21,67,28,135,0,3,26,4,33,19,24,93,32,168,0,0,0,168
10/26/2022,CHA,TN,ASO,ES,Combined TRACON& Tower with Radar,25,38,84,9,156,0,0,31,1,32,25,38,115,10,188,96,8,104,292
10/27/2022,CHA,TN,ASO,ES,Combined TRACON& Tower with Radar,28,55,60,20,163,0,2,63,6,71,28,57,123,26,234,166,0,166,400
10/28/2022,CHA,TN,ASO,ES,Combined TRACON& Tower with Radar,26,34,84,28,172,0,7,93,3,103,26,41,177,31,275,46,30,76,351
10/29/2022,CHA,TN,ASO,ES,Combined TRACON& Tower with Radar,18,17,35,0,70,0,3,83,1,87,18,20,118,1,157,70,0,70,227
10/30/2022,CHA,TN,ASO,ES,Combined TRACON& Tower with Radar,24,28,45,0,97,0,0,1,0,1,24,28,46,0,98,0,0,0,98
10/31/2022,CHA,TN,ASO,ES,Combined TRACON& Tower with Radar,25,29,62,2,118,0,0,18,0,18,25,29,80,2,136,50,0,50,186
11/01/2022,CHA,TN,ASO,ES,Combined TRACON& Tower with Radar,22,40,85,12,159,0,2,52,2,56,22,42,137,14,215,102,16,118,333
11/02/2022,CHA,TN,ASO,ES,Combined TRACON& Tower with Radar,25,38,95,12,170,0,2,87,3,92,25,40,182,15,262,40,2,42,304
11/03/2022,CHA,TN,ASO,ES,Combined TRACON& Tower with Radar,25,44,77,10,156,0,5,84,2,91,25,49,161,12,247,70,0,70,317
11/04/2022,CHA,TN,ASO,ES,Combined TRACON& Tower with Radar,26,36,66,38,166,0,2,96,4,102,26,38,162,42,268,94,0,94,362
11/05/2022,CHA,TN,ASO,ES,Combined TRACON& Tower with Radar,17,17,41,8,83,0,0,14,0,14,17,17,55,8,97,0,0,0,97
11/06/2022,CHA,TN,ASO,ES,Combined TRACON& Tower with Radar,24,28,78,4,134,0,1,33,0,34,24,29,111,4,168,0,0,0,168
11/07/2022,CHA,TN,ASO,ES,Combined TRACON& Tower with Radar,24,47,71,2,144,0,2,28,0,30,24,49,99,2,174,114,0,114,288
11/08/2022,CHA,TN,ASO,ES,Combined TRACON& Tower with Radar,25,27,80,12,144,0,3,75,4,82,25,30,155,16,226,132,12,144,370
11/09/2022,CHA,TN,ASO,ES,Combined TRACON& Tower with Radar,25,32,75,13,145,0,2,84,8,94,25,34,159,21,239,114,20,134,373
11/10/2022,CHA,TN,ASO,ES,Combined TRACON& Tower with Radar,24,29,77,36,166,0,0,84,9,93,24,29,161,45,259,156,18,174,433
11/11/2022,CHA,TN,ASO,ES,Combined TRACON& Tower with Radar,26,44,50,0,120,0,0,0,0,0,26,44,50,0,120,0,0,0,120
11/12/2022,CHA,TN,ASO,ES,Combined TRACON& Tower with Radar,21,16,38,0,75,0,0,5,0,5,21,16,43,0,80,0,0,0,80
11/13/2022,CHA,TN,ASO,ES,Combined TRACON& Tower with Radar,25,27,43,0,95,0,0,32,0,32,25,27,75,0,127,82,0,82,209
11/14/2022,CHA,TN,ASO,ES,Combined TRACON& Tower with Radar,25,39,78,18,160,0,2,62,0,64,25,41,140,18,224,34,8,42,266
11/15/2022,CHA,TN,ASO,ES,Combined TRACON& Tower with Radar,25,35,52,0,112,0,0,0,0,0,25,35,52,0,112,0,0,0,112
11/16/2022,CHA,TN,ASO,ES,Combined TRACON& Tower with Radar,24,42,102,39,207,0,1,77,14,92,24,43,179,53,299,46,18,64,363
11/17/2022,CHA,TN,ASO,ES,Combined TRACON& Tower with Radar,25,47,110,12,194,0,5,55,2,62,25,52,165,14,256,96,0,96,352
11/18/2022,CHA,TN,ASO,ES,Combined TRACON& Tower with Radar,29,40,107,41,217,0,8,58,13,79,29,48,165,54,296,48,0,48,344
11/19/2022,CHA,TN,ASO,ES,Combined TRACON& Tower with Radar,18,22,78,1,119,0,0,48,1,49,18,22,126,2,168,32,0,32,200
11/20/2022,CHA,TN,ASO,ES,Combined TRACON& Tower with Radar,25,32,69,20,146,0,5,44,9,58,25,37,113,29,204,0,8,8,212
11/21/2022,CHA,TN,ASO,ES,Combined TRACON& Tower with Radar,28,41,110,25,204,0,4,51,2,57,28,45,161,27,261,110,6,116,377
11/22/2022,CHA,TN,ASO,ES,Combined TRACON& Tower with Radar,24,30,104,10,168,0,5,42,2,49,24,35,146,12,217,62,0,62,279
11/23/2022,CHA,TN,ASO,ES,Combined TRACON& Tower with Radar,27,24,101,7,159,0,0,68,0,68,27,24,169,7,227,86,6,92,319
11/24/2022,CHA,TN,ASO,ES,Combined TRACON& Tower with Radar,12,10,15,0,37,1,0,6,0,7,13,10,21,0,44,12,0,12,56
11/25/2022,CHA,TN,ASO,ES,Combined TRACON& Tower with Radar,15,23,32,6,76,0,0,1,0,1,15,23,33,6,77,0,0,0,77
11/26/2022,CHA,TN,ASO,ES,Combined TRACON& Tower with Radar,19,34,71,0,124,0,0,34,0,34,19,34,105,0,158,70,0,70,228
11/27/2022,CHA,TN,ASO,ES,Combined TRACON& Tower with Radar,31,36,55,8,130,0,1,2,2,5,31,37,57,10,135,0,0,0,135
11/28/2022,CHA,TN,ASO,ES,Combined TRACON& Tower with Radar,24,31,82,2,139,0,2,39,1,42,24,33,121,3,181,82,0,82,263
11/29/2022,CHA,TN,ASO,ES,Combined TRACON& Tower with Radar,22,32,59,2,115,0,2,28,0,30,22,34,87,2,145,26,0,26,171
11/30/2022,CHA,TN,ASO,ES,Combined TRACON& Tower with Radar,20,37,70,8,135,0,3,19,0,22,20,40,89,8,157,26,0,26,183
12/01/2022,CHA,TN,ASO,ES,Combined TRACON& Tower with Radar,24,31,104,23,182,0,4,51,4,59,24,35,155,27,241,82,14,96,337
12/02/2022,CHA,TN,ASO,ES,Combined TRACON& Tower with Radar,25,33,66,9,133,0,1,40,0,41,25,34,106,9,174,98,14,112,286
12/03/2022,CHA,TN,ASO,ES,Combined TRACON& Tower with Radar,14,28,28,12,82,0,0,3,0,3,14,28,31,12,85,0,0,0,85
12/04/2022,CHA,TN,ASO,ES,Combined TRACON& Tower with Radar,20,28,79,10,137,0,0,42,0,42,20,28,121,10,179,42,0,42,221
12/05/2022,CHA,TN,ASO,ES,Combined TRACON& Tower with Radar,23,31,61,4,119,0,0,0,0,0,23,31,61,4,119,0,0,0,119
12/06/2022,CHA,TN,ASO,ES,Combined TRACON& Tower with Radar,19,29,42,2,92,0,0,0,0,0,19,29,42,2,92,0,0,0,92
12/07/2022,CHA,TN,ASO,ES,Combined TRACON& Tower with Radar,19,30,40,0,89,0,0,0,0,0,19,30,40,0,89,20,0,20,109
12/08/2022,CHA,TN,ASO,ES,Combined TRACON& Tower with Radar,21,37,49,4,111,0,0,0,0,0,21,37,49,4,111,0,0,0,111
12/09/2022,CHA,TN,ASO,ES,Combined TRACON& Tower with Radar,21,35,76,0,132,0,0,0,0,0,21,35,76,0,132,0,0,0,132
12/10/2022,CHA,TN,ASO,ES,Combined TRACON& Tower with Radar,15,29,58,9,111,0,0,32,2,34,15,29,90,11,145,40,6,46,191
12/11/2022,CHA,TN,ASO,ES,Combined TRACON& Tower with Radar,18,26,26,3,73,0,0,0,0,0,18,26,26,3,73,0,0,0,73
12/12/2022,CHA,TN,ASO,ES,Combined TRACON& Tower with Radar,24,24,105,77,230,0,2,29,11,42,24,26,134,88,272,108,46,154,426
12/13/2022,CHA,TN,ASO,ES,Combined TRACON& Tower with Radar,19,28,78,41,166,0,1,19,1,21,19,29,97,42,187,114,10,124,311
12/14/2022,CHA,TN,ASO,ES,Combined TRACON& Tower with Radar,18,26,35,0,79,0,0,1,0,1,18,26,36,0,80,0,0,0,80
12/15/2022,CHA,TN,ASO,ES,Combined TRACON& Tower with Radar,21,32,90,34,177,0,1,36,0,37,21,33,126,34,214,128,14,142,356
12/16/2022,CHA,TN,ASO,ES,Combined TRACON& Tower with Radar,20,46,94,11,171,0,1,40,2,43,20,47,134,13,214,84,0,84,298
12/17/2022,CHA,TN,ASO,ES,Combined TRACON& Tower with Radar,17,34,80,1,132,0,0,31,1,32,17,34,111,2,164,22,0,22,186
12/18/2022,CHA,TN,ASO,ES,Combined TRACON& Tower with Radar,17,24,62,6,109,0,1,31,0,32,17,25,93,6,141,20,6,26,167
12/19/2022,CHA,TN,ASO,ES,Combined TRACON& Tower with Radar,16,21,90,31,158,0,1,45,3,49,16,22,135,34,207,82,22,104,311
12/20/2022,CHA,TN,ASO,ES,Combined TRACON& Tower with Radar,22,37,74,22,155,0,0,32,13,45,22,37,106,35,200,74,42,116,316
12/21/2022,CHA,TN,ASO,ES,Combined TRACON& Tower with Radar,22,37,91,24,174,0,0,39,2,41,22,37,130,26,215,104,22,126,341
12/22/2022,CHA,TN,ASO,ES,Combined TRACON& Tower with Radar,17,23,30,0,70,0,0,0,0,0,17,23,30,0,70,0,0,0,70
12/23/2022,CHA,TN,ASO,ES,Combined TRACON& Tower with Radar,19,21,20,0,60,0,3,3,0,6,19,24,23,0,66,16,0,16,82
12/24/2022,CHA,TN,ASO,ES,Combined TRACON& Tower with Radar,7,20,19,0,46,0,2,9,0,11,7,22,28,0,57,0,0,0,57
12/25/2022,CHA,TN,ASO,ES,Combined TRACON& Tower with Radar,9,21,15,0,45,0,0,3,0,3,9,21,18,0,48,0,0,0,48
12/26/2022,CHA,TN,ASO,ES,Combined TRACON& Tower with Radar,16,26,62,0,104,0,0,17,0,17,16,26,79,0,121,66,0,66,187
12/27/2022,CHA,TN,ASO,ES,Combined TRACON& Tower with Radar,23,35,63,0,121,0,0,29,0,29,23,35,92,0,150,38,0,38,188
12/28/2022,CHA,TN,ASO,ES,Combined TRACON& Tower with Radar,19,38,72,0,129,0,0,37,0,37,19,38,109,0,166,54,0,54,220
12/29/2022,CHA,TN,ASO,ES,Combined TRACON& Tower with Radar,18,43,102,5,168,0,1,65,1,67,18,44,167,6,235,136,0,136,371
12/30/2022,CHA,TN,ASO,ES,Combined TRACON& Tower with Radar,24,33,52,0,109,0,1,30,0,31,24,34,82,0,140,100,0,100,240
12/31/2022,CHA,TN,ASO,ES,Combined TRACON& Tower with Radar,9,22,24,0,55,0,0,7,0,7,9,22,31,0,62,0,0,0,62
01/01/2023,CHA,TN,ASO,ES,Combined TRACON& Tower with Radar,14,17,30,0,61,0,0,22,1,23,14,17,52,1,84,0,0,0,84
01/02/2023,CHA,TN,ASO,ES,Combined TRACON& Tower with Radar,19,31,86,0,136,0,2,6,0,8,19,33,92,0,144,106,0,106,250
01/03/2023,CHA,TN,ASO,ES,Combined TRACON& Tower with Radar,22,33,23,0,78,0,1,1,0,2,22,34,24,0,80,24,0,24,104
01/04/2023,CHA,TN,ASO,ES,Combined TRACON& Tower with Radar,18,31,54,5,108,0,4,17,3,24,18,35,71,8,132,22,0,22,154
01/05/2023,CHA,TN,ASO,ES,Combined TRACON& Tower with Radar,16,36,83,8,143,0,4,40,0,44,16,40,123,8,187,41,8,49,236
01/06/2023,CHA,TN,ASO,ES,Combined TRACON& Tower with Radar,20,37,116,37,210,0,9,66,2,77,20,46,182,39,287,66,16,82,369
01/07/2023,CHA,TN,ASO,ES,Combined TRACON& Tower with Radar,16,22,52,2,92,0,2,18,0,20,16,24,70,2,112,40,0,40,152
01/08/2023,CHA,TN,ASO,ES,Combined TRACON& Tower with Radar,19,34,19,0,72,0,0,0,0,0,19,34,19,0,72,0,0,0,72
01/09/2023,CHA,TN,ASO,ES,Combined TRACON& Tower with Radar,23,24,80,26,153,0,7,38,0,45,23,31,118,26,198,66,6,72,270
01/10/2023,CHA,TN,ASO,ES,Combined TRACON& Tower with Radar,23,26,71,10,130,0,9,34,4,47,23,35,105,14,177,38,0,38,215
01/11/2023,CHA,TN,ASO,ES,Combined TRACON& Tower with Radar,29,27,81,16,153,0,1,7,1,9,29,28,88,17,162,36,0,36,198
01/12/2023,CHA,TN,ASO,ES,Combined TRACON& Tower with Radar,26,27,28,0,81,0,2,0,0,2,26,29,28,0,83,0,0,0,83
01/13/2023,CHA,TN,ASO,ES,Combined TRACON& Tower with Radar,30,32,53,19,134,0,0,6,1,7,30,32,59,20,141,40,0,40,181
01/14/2023,CHA,TN,ASO,ES,Combined TRACON& Tower with Radar,17,24,56,2,99,0,0,30,0,30,17,24,86,2,129,20,0,20,149
01/15/2023,CHA,TN,ASO,ES,Combined TRACON& Tower with Radar,17,16,108,0,141,0,0,59,2,61,17,16,167,2,202,66,0,66,268
01/16/2023,CHA,TN,ASO,ES,Combined TRACON& Tower with Radar,25,24,74,1,124,0,0,45,3,48,25,24,119,4,172,10,0,10,182
01/17/2023,CHA,TN,ASO,ES,Combined TRACON& Tower with Radar,23,35,61,11,130,0,0,8,4,12,23,35,69,15,142,20,0,20,162
01/18/2023,CHA,TN,ASO,ES,Combined TRACON& Tower with Radar,22,36,52,0,110,0,0,0,0,0,22,36,52,0,110,0,0,0,110
01/19/2023,CHA,TN,ASO,ES,Combined TRACON& Tower with Radar,26,36,58,28,148,0,3,15,6,24,26,39,73,34,172,26,0,26,198
01/20/2023,CHA,TN,ASO,ES,Combined TRACON& Tower with Radar,30,43,108,28,209,0,5,55,7,67,30,48,163,35,276,82,12,94,370
01/21/2023,CHA,TN,ASO,ES,Combined TRACON& Tower with Radar,19,16,64,2,101,0,2,45,1,48,19,18,109,3,149,102,16,118,267
01/22/2023,CHA,TN,ASO,ES,Combined TRACON& Tower with Radar,23,26,18,4,71,0,0,0,0,0,23,26,18,4,71,0,0,0,71
01/23/2023,CHA,TN,ASO,ES,Combined TRACON& Tower with Radar,28,28,87,4,147,0,1,18,1,20,28,29,105,5,167,48,16,64,231
01/24/2023,CHA,TN,ASO,ES,Combined TRACON& Tower with Radar,24,33,94,30,181,0,6,39,12,57,24,39,133,42,238,80,48,128,366
01/25/2023,CHA,TN,ASO,ES,Combined TRACON& Tower with Radar,24,17,46,9,96,0,0,2,0,2,24,17,48,9,98,0,0,0,98
01/26/2023,CHA,TN,ASO,ES,Combined TRACON& Tower with Radar,24,28,70,8,130,0,4,12,0,16,24,32,82,8,146,28,0,28,174
01/27/2023,CHA,TN,ASO,ES,Combined TRACON& Tower with Radar,30,42,108,20,200,0,4,50,1,55,30,46,158,21,255,54,0,54,309
01/28/2023,CHA,TN,ASO,ES,Combined TRACON& Tower with Radar,18,22,79,22,141,0,2,75,9,86,18,24,154,31,227,52,0,52,279
01/29/2023,CHA,TN,ASO,ES,Combined TRACON& Tower with Radar,23,30,45,0,98,0,0,1,0,1,23,30,46,0,99,24,0,24,123
01/30/2023,CHA,TN,ASO,ES,Combined TRACON& Tower with Radar,24,27,56,0,107,0,0,2,0,2,24,27,58,0,109,0,0,0,109
01/31/2023,CHA,TN,ASO,ES,Combined TRACON& Tower with Radar,16,26,48,0,90,0,0,0,0,0,16,26,48,0,90,0,0,0,90
02/01/2023,CHA,TN,ASO,ES,Combined TRACON& Tower with Radar,20,28,71,26,145,0,0,3,0,3,20,28,74,26,148,129,47,176,324
02/02/2023,CHA,TN,ASO,ES,Combined TRACON& Tower with Radar,25,39,24,0,88,0,0,0,0,0,25,39,24,0,88,0,0,0,88
02/03/2023,CHA,TN,ASO,ES,Combined TRACON& Tower with Radar,30,29,103,7,169,0,3,60,3,66,30,32,163,10,235,82,8,90,325
02/04/2023,CHA,TN,ASO,ES,Combined TRACON& Tower with Radar,22,20,75,2,119,0,2,47,1,50,22,22,122,3,169,82,0,82,251
02/05/2023,CHA,TN,ASO,ES,Combined TRACON& Tower with Radar,24,24,83,0,131,0,2,40,2,44,24,26,123,2,175,8,0,8,183
02/06/2023,CHA,TN,ASO,ES,Combined TRACON& Tower with Radar,31,34,89,10,164,0,7,52,2,61,31,41,141,12,225,104,6,110,335
02/07/2023,CHA,TN,ASO,ES,Combined TRACON& Tower with Radar,23,39,87,54,203,0,0,39,3,42,23,39,126,57,245,88,42,130,375
02/08/2023,CHA,TN,ASO,ES,Combined TRACON& Tower with Radar,19,44,110,17,190,0,1,10,0,11,19,45,120,17,201,68,12,80,281
02/09/2023,CHA,TN,ASO,ES,Combined TRACON& Tower with Radar,26,33,73,12,144,0,4,6,3,13,26,37,79,15,157,26,12,38,195
02/10/2023,CHA,TN,ASO,ES,Combined TRACON& Tower with Radar,32,35,90,26,183,0,2,44,4,50,32,37,134,30,233,94,30,124,357
02/11/2023,CHA,TN,ASO,ES,Combined TRACON& Tower with Radar,17,19,32,0,68,0,0,30,0,30,17,19,62,0,98,58,0,58,156
02/12/2023,CHA,TN,ASO,ES,Combined TRACON& Tower with Radar,21,22,34,0,77,0,0,2,0,2,21,22,36,0,79,0,0,0,79
02/13/2023,CHA,TN,ASO,ES,Combined TRACON& Tower with Radar,26,32,104,17,179,0,6,45,10,61,26,38,149,27,240,88,18,106,346
02/14/2023,CHA,TN,ASO,ES,Combined TRACON& Tower with Radar,20,23,86,31,160,0,4,38,14,56,20,27,124,45,216,70,66,136,352
02/15/2023,CHA,TN,ASO,ES,Combined TRACON& Tower with Radar,21,54,68,0,143,0,0,0,2,2,21,54,68,2,145,0,0,0,145
02/16/2023,CHA,TN,ASO,ES,Combined TRACON& Tower with Radar,27,35,52,2,116,0,2,3,0,5,27,37,55,2,121,16,0,16,137
02/17/2023,CHA,TN,ASO,ES,Combined TRACON& Tower with Radar,33,22,50,0,105,0,0,5,0,5,33,22,55,0,110,52,0,52,162
02/18/2023,CHA,TN,ASO,ES,Combined TRACON& Tower with Radar,16,26,91,0,133,0,5,68,0,73,16,31,159,0,206,118,0,118,324
02/19/2023,CHA,TN,ASO,ES,Combined TRACON& Tower with Radar,23,25,84,0,132,0,5,52,0,57,23,30,136,0,189,78,0,78,267
02/20/2023,CHA,TN,ASO,ES,Combined TRACON& Tower with Radar,28,34,91,4,157,0,3,21,0,24,28,37,112,4,181,66,0,66,247
02/21/2023,CHA,TN,ASO,ES,Combined TRACON& Tower with Radar,22,48,123,19,212,0,4,37,1,42,22,52,160,20,254,146,4,150,404
02/22/2023,CHA,TN,ASO,ES,Combined TRACON& Tower with Radar,22,29,78,27,156,0,0,12,1,13,22,29,90,28,169,2,39,41,210
02/23/2023,CHA,TN,ASO,ES,Combined TRACON& Tower with Radar,32,34,78,19,163,0,2,16,3,21,32,36,94,22,184,120,18,138,322
02/24/2023,CHA,TN,ASO,ES,Combined TRACON& Tower with Radar,28,35,82,24,169,0,2,22,2,26,28,37,104,26,195,78,10,88,283
02/25/2023,CHA,TN,ASO,ES,Combined TRACON& Tower with Radar,20,26,33,4,83,0,0,0,0,0,20,26,33,4,83,0,0,0,83
02/26/2023,CHA,TN,ASO,ES,Combined TRACON& Tower with Radar,28,31,41,3,103,0,0,16,1,17,28,31,57,4,120,16,0,16,136
02/27/2023,CHA,TN,ASO,ES,Combined TRACON& Tower with Radar,30,29,49,4,112,0,1,1,0,2,30,30,50,4,114,0,0,0,114
02/28/2023,CHA,TN,ASO,ES,Combined TRACON& Tower with Radar,22,49,121,11,203,0,6,84,3,93,22,55,205,14,296,212,4,216,512
03/01/2023,CHA,TN,ASO,ES,Combined TRACON& Tower with Radar,21,29,74,27,151,0,3,26,7,36,21,32,100,34,187,74,38,112,299
03/02/2023,CHA,TN,ASO,ES,Combined TRACON& Tower with Radar,27,25,51,0,103,0,1,0,0,1,27,26,51,0,104,18,0,18,122
03/03/2023,CHA,TN,ASO,ES,Combined TRACON& Tower with Radar,30,26,31,6,93,0,0,2,0,2,30,26,33,6,95,0,0,0,95
03/04/2023,CHA,TN,ASO,ES,Combined TRACON& Tower with Radar,19,26,88,0,133,0,3,73,0,76,19,29,161,0,209,194,0,194,403
03/05/2023,CHA,TN,ASO,ES,Combined TRACON& Tower with Radar,27,29,91,9,156,0,6,43,6,55,27,35,134,15,211,84,0,84,295
03/06/2023,CHA,TN,ASO,ES,Combined TRACON& Tower with Radar,28,34,93,33,188,0,2,40,9,51,28,36,133,42,239,120,20,140,379
03/07/2023,CHA,TN,ASO,ES,Combined TRACON& Tower with Radar,23,30,80,45,178,0,5,39,13,57,23,35,119,58,235,62,56,118,353
03/08/2023,CHA,TN,ASO,ES,Combined TRACON& Tower with Radar,23,31,75,51,180,0,0,51,9,60,23,31,126,60,240,96,88,184,424
03/09/2023,CHA,TN,ASO,ES,Combined TRACON& Tower with Radar,33,26,72,6,137,0,4,28,0,32,33,30,100,6,169,86,0,86,255
03/10/2023,CHA,TN,ASO,ES,Combined TRACON& Tower with Radar,32,26,60,16,134,0,3,22,0,25,32,29,82,16,159,136,0,136,295
03/11/2023,CHA,TN,ASO,ES,Combined TRACON& Tower with Radar,22,20,84,0,126,0,4,63,0,67,22,24,147,0,193,78,0,78,271
03/12/2023,CHA,TN,ASO,ES,Combined TRACON& Tower with Radar,34,20,38,0,92,0,0,0,0,0,34,20,38,0,92,0,0,0,92
03/13/2023,CHA,TN,ASO,ES,Combined TRACON& Tower with Radar,34,22,68,36,160,0,3,30,6,39,34,25,98,42,199,92,32,124,323
03/14/2023,CHA,TN,ASO,ES,Combined TRACON& Tower with Radar,29,27,98,22,176,0,2,34,1,37,29,29,132,23,213,22,22,44,257
03/15/2023,CHA,TN,ASO,ES,Combined TRACON& Tower with Radar,29,34,108,24,195,0,7,51,5,63,29,41,159,29,258,153,10,163,421
03/16/2023,CHA,TN,ASO,ES,Combined TRACON& Tower with Radar,30,29,107,24,190,0,0,45,3,48,30,29,152,27,238,48,4,52,290
03/17/2023,CHA,TN,ASO,ES,Combined TRACON& Tower with Radar,33,26,39,0,98,0,0,0,0,0,33,26,39,0,98,20,0,20,118
03/18/2023,CHA,TN,ASO,ES,Combined TRACON& Tower with Radar,22,31,72,17,142,0,3,39,0,42,22,34,111,17,184,42,0,42,226
03/19/2023,CHA,TN,ASO,ES,Combined TRACON& Tower with Radar,32,31,74,2,139,0,2,33,3,38,32,33,107,5,177,44,0,44,221
03/20/2023,CHA,TN,ASO,ES,Combined TRACON& Tower with Radar,33,33,97,14,177,0,7,59,6,72,33,40,156,20,249,128,30,158,407
03/21/2023,CHA,TN,ASO,ES,Combined TRACON& Tower with Radar,34,29,97,16,176,0,8,46,5,59,34,37,143,21,235,114,0,114,349
03/22/2023,CHA,TN,ASO,ES,Combined TRACON& Tower with Radar,30,38,76,2,146,0,0,0,1,1,30,38,76,3,147,0,0,0,147
03/23/2023,CHA,TN,ASO,ES,Combined TRACON& Tower with Radar,34,47,83,24,188,0,3,44,10,57,34,50,127,34,245,188,26,214,459
03/24/2023,CHA,TN,ASO,ES,Combined TRACON& Tower with Radar,33,28,81,21,163,0,0,11,5,16,33,28,92,26,179,64,18,82,261
03/25/2023,CHA,TN,ASO,ES,Combined TRACON& Tower with Radar,28,23,50,5,106,0,5,29,1,35,28,28,79,6,141,50,0,50,191
03/26/2023,CHA,TN,ASO,ES,Combined TRACON& Tower with Radar,33,21,106,8,168,0,4,55,5,64,33,25,161,13,232,8,0,8,240
03/27/2023,CHA,TN,ASO,ES,Combined TRACON& Tower with Radar,34,31,88,18,171,0,3,33,2,38,34,34,121,20,209,48,16,64,273
03/28/2023,CHA,TN,ASO,ES,Combined TRACON& Tower with Radar,31,36,78,9,154,0,2,38,2,42,31,38,116,11,196,52,6,58,254
03/29/2023,CHA,TN,ASO,ES,Combined TRACON& Tower with Radar,32,27,114,17,190,0,3,47,3,53,32,30,161,20,243,56,18,74,317
03/30/2023,CHA,TN,ASO,ES,Combined TRACON& Tower with Radar,33,34,98,10,175,0,6,60,1,67,33,40,158,11,242,134,6,140,382
03/31/2023,CHA,TN,ASO,ES,Combined TRACON& Tower with Radar,33,19,70,2,124,0,0,12,6,18,33,19,82,8,142,32,0,32,174
04/01/2023,CHA,TN,ASO,ES,Combined TRACON& Tower with Radar,27,30,49,12,118,0,2,10,0,12,27,32,59,12,130,0,0,0,130
04/02/2023,CHA,TN,ASO,ES,Combined TRACON& Tower with Radar,31,30,86,2,149,0,6,40,4,50,31,36,126,6,199,60,0,60,259
04/03/2023,CHA,TN,ASO,ES,Combined TRACON& Tower with Radar,31,27,58,4,120,0,1,9,0,10,31,28,67,4,130,34,0,34,164
04/04/2023,CHA,TN,ASO,ES,Combined TRACON& Tower with Radar,21,38,68,12,139,0,2,10,0,12,21,40,78,12,151,28,0,28,179
04/05/2023,CHA,TN,ASO,ES,Combined TRACON& Tower with Radar,23,29,89,32,173,0,0,15,3,18,23,29,104,35,191,24,26,50,241
04/06/2023,CHA,TN,ASO,ES,Combined TRACON& Tower with Radar,25,37,73,6,141,0,1,18,0,19,25,38,91,6,160,41,0,41,201
04/07/2023,CHA,TN,ASO,ES,Combined TRACON& Tower with Radar,26,31,49,2,108,0,0,1,0,1,26,31,50,2,109,0,0,0,109
04/08/2023,CHA,TN,ASO,ES,Combined TRACON& Tower with Radar,16,37,32,5,90,0,0,0,0,0,16,37,32,5,90,0,0,0,90
04/09/2023,CHA,TN,ASO,ES,Combined TRACON& Tower with Radar,22,42,43,1,108,0,3,14,2,19,22,45,57,3,127,0,0,0,127
04/10/2023,CHA,TN,ASO,ES,Combined TRACON& Tower with Radar,24,42,98,16,180,0,3,58,5,66,24,45,156,21,246,78,16,94,340
04/11/2023,CHA,TN,ASO,ES,Combined TRACON& Tower with Radar,20,39,95,21,175,0,3,68,2,73,20,42,163,23,248,122,0,122,370
04/12/2023,CHA,TN,ASO,ES,Combined TRACON& Tower with Radar,23,38,106,15,182,0,4,62,6,72,23,42,168,21,254,106,8,114,368
04/13/2023,CHA,TN,ASO,ES,Combined TRACON& Tower with Radar,26,38,96,10,170,0,2,32,5,39,26,40,128,15,209,78,12,90,299
04/14/2023,CHA,TN,ASO,ES,Combined TRACON& Tower with Radar,27,34,65,6,132,0,0,9,12,21,27,34,74,18,153,20,0,20,173
04/15/2023,CHA,TN,ASO,ES,Combined TRACON& Tower with Radar,17,30,83,8,138,0,2,56,2,60,17,32,139,10,198,54,0,54,252
04/16/2023,CHA,TN,ASO,ES,Combined TRACON& Tower with Radar,24,32,50,12,118,0,2,10,1,13,24,34,60,13,131,0,0,0,131
04/17/2023,CHA,TN,ASO,ES,Combined TRACON& Tower with Radar,27,49,81,33,190,0,7,28,0,35,27,56,109,33,225,52,26,78,303
04/18/2023,CHA,TN,ASO,ES,Combined TRACON& Tower with Radar,21,48,101,29,199,0,2,54,2,58,21,50,155,31,257,70,20,90,347
04/19/2023,CHA,TN,ASO,ES,Combined TRACON& Tower with Radar,23,50,100,42,215,0,3,50,7,60,23,53,150,49,275,126,52,178,453
04/20/2023,CHA,TN,ASO,ES,Combined TRACON& Tower with Radar,24,54,95,14,187,0,4,46,8,58,24,58,141,22,245,38,26,64,309
04/21/2023,CHA,TN,ASO,ES,Combined TRACON& Tower with Radar,26,38,91,38,193,0,2,46,3,51,26,40,137,41,244,78,6,84,328
04/22/2023,CHA,TN,ASO,ES,Combined TRACON& Tower with Radar,18,28,49,2,97,0,2,32,0,34,18,30,81,2,131,36,0,36,167
04/23/2023,CHA,TN,ASO,ES,Combined TRACON& Tower with Radar,24,38,86,3,151,0,6,37,2,45,24,44,123,5,196,72,0,72,268
04/24/2023,CHA,TN,ASO,ES,Combined TRACON& Tower with Radar,25,27,110,4,166,0,2,47,0,49,25,29,157,4,215,82,0,82,297
04/25/2023,CHA,TN,ASO,ES,Combined TRACON& Tower with Radar,23,44,123,38,228,0,9,44,2,55,23,53,167,40,283,110,8,118,401
04/26/2023,CHA,TN,ASO,ES,Combined TRACON& Tower with Radar,22,35,77,8,142,0,3,0,0,3,22,38,77,8,145,8,0,8,153
04/27/2023,CHA,TN,ASO,ES,Combined TRACON& Tower with Radar,26,30,41,2,99,0,0,0,0,0,26,30,41,2,99,0,0,0,99
04/28/2023,CHA,TN,ASO,ES,Combined TRACON& Tower with Radar,25,43,75,36,179,0,2,17,4,23,25,45,92,40,202,38,0,38,240
04/29/2023,CHA,TN,ASO,ES,Combined TRACON& Tower with Radar,22,34,114,13,183,0,2,81,2,85,22,36,195,15,268,26,0,26,294
04/30/2023,CHA,TN,ASO,ES,Combined TRACON& Tower with Radar,23,22,51,0,96,0,1,7,3,11,23,23,58,3,107,36,0,36,143
05/01/2023,CHA,TN,ASO,ES,Combined TRACON& Tower with Radar,24,35,58,9,126,0,5,14,5,24,24,40,72,14,150,22,0,22,172
05/02/2023,CHA,TN,ASO,ES,Combined TRACON& Tower with Radar,20,38,70,7,135,0,3,19,1,23,20,41,89,8,158,56,0,56,214
05/03/2023,CHA,TN,ASO,ES,Combined TRACON& Tower with Radar,23,37,107,13,180,0,3,48,4,55,23,40,155,17,235,48,0,48,283
05/04/2023,CHA,TN,ASO,ES,Combined TRACON& Tower with Radar,26,54,136,12,228,0,4,79,1,84,26,58,215,13,312,54,10,64,376
05/05/2023,CHA,TN,ASO,ES,Combined TRACON& Tower with Radar,27,41,79,24,171,0,1,40,3,44,27,42,119,27,215,54,16,70,285
05/06/2023,CHA,TN,ASO,ES,Combined TRACON& Tower with Radar,21,29,71,0,121,0,6,41,1,48,21,35,112,1,169,40,0,40,209
05/07/2023,CHA,TN,ASO,ES,Combined TRACON& Tower with Radar,31,25,82,0,138,0,2,25,0,27,31,27,107,0,165,0,0,0,165
05/08/2023,CHA,TN,ASO,ES,Combined TRACON& Tower with Radar,27,36,56,0,119,0,1,12,0,13,27,37,68,0,132,78,0,78,210
05/09/2023,CHA,TN,ASO,ES,Combined TRACON& Tower with Radar,29,49,74,10,162,0,3,37,4,44,29,52,111,14,206,84,0,84,290
05/10/2023,CHA,TN,ASO,ES,Combined TRACON& Tower with Radar,27,59,111,16,213,0,3,56,7,66,27,62,167,23,279,88,14,102,381
05/11/2023,CHA,TN,ASO,ES,Combined TRACON& Tower with Radar,30,33,92,8,163,0,7,33,4,44,30,40,125,12,207,78,30,108,315
05/12/2023,CHA,TN,ASO,ES,Combined TRACON& Tower with Radar,31,32,66,0,129,0,2,5,0,7,31,34,71,0,136,42,0,42,178
05/13/2023,CHA,TN,ASO,ES,Combined TRACON& Tower with Radar,20,27,45,1,93,0,0,16,0,16,20,27,61,1,109,66,0,66,175
05/14/2023,CHA,TN,ASO,ES,Combined TRACON& Tower with Radar,28,28,65,2,123,0,1,21,1,23,28,29,86,3,146,18,0,18,164
05/15/2023,CHA,TN,ASO,ES,Combined TRACON& Tower with Radar,29,26,66,5,126,0,3,19,1,23,29,29,85,6,149,44,4,48,197
05/16/2023,CHA,TN,ASO,ES,Combined TRACON& Tower with Radar,27,31,86,7,151,0,1,14,1,16,27,32,100,8,167,114,0,114,281
05/17/2023,CHA,TN,ASO,ES,Combined TRACON& Tower with Radar,32,43,130,27,232,0,5,36,5,46,32,48,166,32,278,140,28,168,446
05/18/2023,CHA,TN,ASO,ES,Combined TRACON& Tower with Radar,33,38,105,2,178,0,1,36,0,37,33,39,141,2,215,90,0,90,305
05/19/2023,CHA,TN,ASO,ES,Combined TRACON& Tower with Radar,30,42,111,38,221,0,2,41,3,46,30,44,152,41,267,90,44,134,401
05/20/2023,CHA,TN,ASO,ES,Combined TRACON& Tower with Radar,22,27,34,11,94,0,0,0,1,1,22,27,34,12,95,22,0,22,117
05/21/2023,CHA,TN,ASO,ES,Combined TRACON& Tower with Radar,32,39,67,1,139,0,3,28,2,33,32,42,95,3,172,50,0,50,222
05/22/2023,CHA,TN,ASO,ES,Combined TRACON& Tower with Radar,31,33,109,30,203,0,5,51,6,62,31,38,160,36,265,30,12,42,307
05/23/2023,CHA,TN,ASO,ES,Combined TRACON& Tower with Radar,31,41,85,13,170,0,6,41,2,49,31,47,126,15,219,82,24,106,325
05/24/2023,CHA,TN,ASO,ES,Combined TRACON& Tower with Radar,27,36,124,29,216,0,8,62,1,71,27,44,186,30,287,32,44,76,363
05/25/2023,CHA,TN,ASO,ES,Combined TRACON& Tower with Radar,35,43,110,17,205,0,5,54,2,61,35,48,164,19,266,34,16,50,316
05/26/2023,CHA,TN,ASO,ES,Combined TRACON& Tower with Radar,31,41,96,6,174,0,4,44,1,49,31,45,140,7,223,44,0,44,267
05/27/2023,CHA,TN,ASO,ES,Combined TRACON& Tower with Radar,19,26,56,0,101,0,6,60,0,66,19,32,116,0,167,56,0,56,223
05/28/2023,CHA,TN,ASO,ES,Combined TRACON& Tower with Radar,22,24,53,4,103,0,1,30,0,31,22,25,83,4,134,0,0,0,134
05/29/2023,CHA,TN,ASO,ES,Combined TRACON& Tower with Radar,28,24,46,0,98,0,0,15,0,15,28,24,61,0,113,190,0,190,303
05/30/2023,CHA,TN,ASO,ES,Combined TRACON& Tower with Radar,27,37,87,13,164,1,7,39,1,48,28,44,126,14,212,116,12,128,340
05/31/2023,CHA,TN,ASO,ES,Combined TRACON& Tower with Radar,28,33,85,11,157,0,7,39,5,51,28,40,124,16,208,98,12,110,318
06/01/2023,CHA,TN,ASO,ES,Combined TRACON& Tower with Radar,37,22,117,16,192,0,5,50,5,60,37,27,167,21,252,174,10,184,436
06/02/2023,CHA,TN,ASO,ES,Combined TRACON& Tower with Radar,33,18,94,21,166,0,2,40,7,49,33,20,134,28,215,58,6,64,279
06/03/2023,CHA,TN,ASO,ES,Combined TRACON& Tower with Radar,28,19,60,20,127,0,7,63,1,71,28,26,123,21,198,108,24,132,330
06/04/2023,CHA,TN,ASO,ES,Combined TRACON& Tower with Radar,33,9,50,12,104,0,3,30,4,37,33,12,80,16,141,26,0,26,167
06/05/2023,CHA,TN,ASO,ES,Combined TRACON& Tower with Radar,36,23,77,9,145,0,5,27,2,34,36,28,104,11,179,34,0,34,213
06/06/2023,CHA,TN,ASO,ES,Combined TRACON& Tower with Radar,32,32,93,67,224,0,6,40,2,48,32,38,133,69,272,118,8,126,398
06/07/2023,CHA,TN,ASO,ES,Combined TRACON& Tower with Radar,30,21,87,20,158,0,11,45,5,61,30,32,132,25,219,126,10,136,355
06/08/2023,CHA,TN,ASO,ES,Combined TRACON& Tower with Radar,36,28,101,7,172,0,6,35,8,49,36,34,136,15,221,84,0,84,305
06/09/2023,CHA,TN,ASO,ES,Combined TRACON& Tower with Radar,35,30,81,48,194,0,7,37,5,49,35,37,118,53,243,158,16,174,417
06/10/2023,CHA,TN,ASO,ES,Combined TRACON& Tower with Radar,27,13,72,0,112,0,4,42,0,46,27,17,114,0,158,98,0,98,256
06/11/2023,CHA,TN,ASO,ES,Combined TRACON& Tower with Radar,34,15,44,12,105,0,0,5,4,9,34,15,49,16,114,2,0,2,116
06/12/2023,CHA,TN,ASO,ES,Combined TRACON& Tower with Radar,40,51,125,23,239,0,4,24,1,29,40,55,149,24,268,140,40,180,448
06/13/2023,CHA,TN,ASO,ES,Combined TRACON& Tower with Radar,30,25,115,25,195,0,5,55,6,66,30,30,170,31,261,71,104,175,436
06/14/2023,CHA,TN,ASO,ES,Combined TRACON& Tower with Radar,33,25,60,6,124,0,0,16,0,16,33,25,76,6,140,36,4,40,180
06/15/2023,CHA,TN,ASO,ES,Combined TRACON& Tower with Radar,35,28,89,2,154,0,1,6,2,9,35,29,95,4,163,24,0,24,187
06/16/2023,CHA,TN,ASO,ES,Combined TRACON& Tower with Radar,37,27,98,12,174,0,2,38,5,45,37,29,136,17,219,56,0,56,275
06/17/2023,CHA,TN,ASO,ES,Combined TRACON& Tower with Radar,26,25,67,0,118,0,1,42,0,43,26,26,109,0,161,58,0,58,219
06/18/2023,CHA,TN,ASO,ES,Combined TRACON& Tower with Radar,33,22,54,4,113,0,0,21,4,25,33,22,75,8,138,0,0,0,138
06/19/2023,CHA,TN,ASO,ES,Combined TRACON& Tower with Radar,36,17,89,0,142,0,0,7,0,7,36,17,96,0,149,30,0,30,179
06/20/2023,CHA,TN,ASO,ES,Combined TRACON& Tower with Radar,31,26,58,4,119,0,0,1,1,2,31,26,59,5,121,88,0,88,209
06/21/2023,CHA,TN,ASO,ES,Combined TRACON& Tower with Radar,32,28,61,6,127,0,0,2,0,2,32,28,63,6,129,62,0,62,191
06/22/2023,CHA,TN,ASO,ES,Combined TRACON& Tower with Radar,38,20,76,2,136,0,0,0,1,1,38,20,76,3,137,56,0,56,193
06/23/2023,CHA,TN,ASO,ES,Combined TRACON& Tower with Radar,37,20,104,11,172,0,2,33,2,37,37,22,137,13,209,62,10,72,281
06/24/2023,CHA,TN,ASO,ES,Combined TRACON& Tower with Radar,31,23,82,0,136,0,2,42,4,48,31,25,124,4,184,58,0,58,242
06/25/2023,CHA,TN,ASO,ES,Combined TRACON& Tower with Radar,36,19,56,10,121,0,1,23,10,34,36,20,79,20,155,26,0,26,181
06/26/2023,CHA,TN,ASO,ES,Combined TRACON& Tower with Radar,41,12,91,14,158,0,6,26,0,32,41,18,117,14,190,88,4,92,282
06/27/2023,CHA,TN,ASO,ES,Combined TRACON& Tower with Radar,32,31,107,41,211,0,2,46,8,56,32,33,153,49,267,88,14,102,369
06/28/2023,CHA,TN,ASO,ES,Combined TRACON& Tower with Radar,35,21,113,17,186,0,1,47,3,51,35,22,160,20,237,116,0,116,353
06/29/2023,CHA,TN,ASO,ES,Combined TRACON& Tower with Radar,42,29,93,12,176,0,0,26,1,27,42,29,119,13,203,76,0,76,279
06/30/2023,CHA,TN,ASO,ES,Combined TRACON& Tower with Radar,41,8,68,4,121,0,2,17,0,19,41,10,85,4,140,92,0,92,232
07/01/2023,CHA,TN,ASO,ES,Combined TRACON& Tower with Radar,33,17,54,0,104,0,0,22,0,22,33,17,76,0,126,0,0,0,126
07/02/2023,CHA,TN,ASO,ES,Combined TRACON& Tower with Radar,33,11,34,0,78,0,0,16,0,16,33,11,50,0,94,0,0,0,94
07/03/2023,CHA,TN,ASO,ES,Combined TRACON& Tower with Radar,28,9,31,0,68,0,0,21,0,21,28,9,52,0,89,66,0,66,155
07/04/2023,CHA,TN,ASO,ES,Combined TRACON& Tower with Radar,31,10,28,0,69,0,1,22,0,23,31,11,50,0,92,36,0,36,128
07/05/2023,CHA,TN,ASO,ES,Combined TRACON& Tower with Radar,33,16,53,0,102,0,0,11,0,11,33,16,64,0,113,54,0,54,167
07/06/2023,CHA,TN,ASO,ES,Combined TRACON& Tower with Radar,40,20,86,12,158,0,0,32,2,34,40,20,118,14,192,46,16,62,254
07/07/2023,CHA,TN,ASO,ES,Combined TRACON& Tower with Radar,34,13,66,12,125,0,10,82,0,92,34,23,148,12,217,90,0,90,307
07/08/2023,CHA,TN,ASO,ES,Combined TRACON& Tower with Radar,29,23,38,9,99,0,2,55,5,62,29,25,93,14,161,82,6,88,249
07/09/2023,CHA,TN,ASO,ES,Combined TRACON& Tower with Radar,32,15,38,0,85,0,0,21,0,21,32,15,59,0,106,50,0,50,156
07/10/2023,CHA,TN,ASO,ES,Combined TRACON& Tower with Radar,34,14,87,0,135,0,5,56,2,63,34,19,143,2,198,124,0,124,322
07/11/2023,CHA,TN,ASO,ES,Combined TRACON& Tower with Radar,32,30,78,16,156,0,9,92,9,110,32,39,170,25,266,118,6,124,390
07/12/2023,CHA,TN,ASO,ES,Combined TRACON& Tower with Radar,33,18,60,26,137,0,7,78,3,88,33,25,138,29,225,62,32,94,319
07/13/2023,CHA,TN,ASO,ES,Combined TRACON& Tower with Radar,35,17,55,0,107,0,4,57,0,61,35,21,112,0,168,58,0,58,226
07/14/2023,CHA,TN,ASO,ES,Combined TRACON& Tower with Radar,40,13,73,10,136,0,7,32,2,41,40,20,105,12,177,94,10,104,281
07/15/2023,CHA,TN,ASO,ES,Combined TRACON& Tower with Radar,29,17,29,0,75,0,2,13,0,15,29,19,42,0,90,78,0,78,168
07/16/2023,CHA,TN,ASO,ES,Combined TRACON& Tower with Radar,32,21,70,0,123,0,1,52,2,55,32,22,122,2,178,107,0,107,285
07/17/2023,CHA,TN,ASO,ES,Combined TRACON& Tower with Radar,35,23,101,8,167,0,3,81,2,86,35,26,182,10,253,158,0,158,411
07/18/2023,CHA,TN,ASO,ES,Combined TRACON& Tower with Radar,29,23,76,1,129,0,3,54,2,59,29,26,130,3,188,62,0,62,250
07/19/2023,CHA,TN,ASO,ES,Combined TRACON& Tower with Radar,34,19,47,11,111,0,0,17,0,17,34,19,64,11,128,40,0,40,168
07/20/2023,CHA,TN,ASO,ES,Combined TRACON& Tower with Radar,35,19,52,2,108,0,2,37,0,39,35,21,89,2,147,42,0,42,189
07/21/2023,CHA,TN,ASO,ES,Combined TRACON& Tower with Radar,35,23,54,11,123,0,2,19,1,22,35,25,73,12,145,24,0,24,169
07/22/2023,CHA,TN,ASO,ES,Combined TRACON& Tower with Radar,32,25,50,0,107,0,4,53,0,57,32,29,103,0,164,58,0,58,222
07/23/2023,CHA,TN,ASO,ES,Combined TRACON& Tower with Radar,29,12,50,10,101,0,2,65,2,69,29,14,115,12,170,12,0,12,182
07/24/2023,CHA,TN,ASO,ES,Combined TRACON& Tower with Radar,35,10,59,10,114,0,11,67,2,80,35,21,126,12,194,68,24,92,286
07/25/2023,CHA,TN,ASO,ES,Combined TRACON& Tower with Radar,33,21,64,18,136,0,1,51,1,53,33,22,115,19,189,24,12,36,225
07/26/2023,CHA,TN,ASO,ES,Combined TRACON& Tower with Radar,32,28,63,2,125,0,6,71,2,79,32,34,134,4,204,56,12,68,272
07/27/2023,CHA,TN,ASO,ES,Combined TRACON& Tower with Radar,36,20,97,6,159,0,10,73,1,84,36,30,170,7,243,52,14,66,309
07/28/2023,CHA,TN,ASO,ES,Combined TRACON& Tower with Radar,46,24,47,20,137,0,2,68,0,70,46,26,115,20,207,0,12,12,219
07/29/2023,CHA,TN,ASO,ES,Combined TRACON& Tower with Radar,29,17,42,0,88,0,3,66,0,69,29,20,108,0,157,76,0,76,233
07/30/2023,CHA,TN,ASO,ES,Combined TRACON& Tower with Radar,32,20,46,6,104,0,2,41,0,43,32,22,87,6,147,62,0,62,209
07/31/2023,CHA,TN,ASO,ES,Combined TRACON& Tower with Radar,35,16,72,0,123,0,14,78,0,92,35,30,150,0,215,50,0,50,265
08/01/2023,CHA,TN,ASO,ES,Combined TRACON& Tower with Radar,31,18,69,2,120,0,5,123,0,128,31,23,192,2,248,54,10,64,312
08/02/2023,CHA,TN,ASO,ES,Combined TRACON& Tower with Radar,34,17,62,0,113,0,1,50,0,51,34,18,112,0,164,106,0,106,270
08/03/2023,CHA,TN,ASO,ES,Combined TRACON& Tower with Radar,39,18,70,0,127,0,2,9,1,12,39,20,79,1,139,44,0,44,183
08/04/2023,CHA,TN,ASO,ES,Combined TRACON& Tower with Radar,37,18,52,4,111,0,1,11,0,12,37,19,63,4,123,88,0,88,211
08/05/2023,CHA,TN,ASO,ES,Combined TRACON& Tower with Radar,27,10,48,0,85,0,4,85,0,89,27,14,133,0,174,28,0,28,202
08/06/2023,CHA,TN,ASO,ES,Combined TRACON& Tower with Radar,44,14,39,4,101,0,2,17,0,19,44,16,56,4,120,14,0,14,134
08/07/2023,CHA,TN,ASO,ES,Combined TRACON& Tower with Radar,34,13,55,0,102,0,4,28,2,34,34,17,83,2,136,30,0,30,166
08/08/2023,CHA,TN,ASO,ES,Combined TRACON& Tower with Radar,34,22,71,0,127,0,15,62,2,79,34,37,133,2,206,72,0,72,278
08/09/2023,CHA,TN,ASO,ES,Combined TRACON& Tower with Radar,36,16,72,2,126,0,1,55,5,61,36,17,127,7,187,86,0,86,273
08/10/2023,CHA,TN,ASO,ES,Combined TRACON& Tower with Radar,40,15,71,6,132,0,3,29,5,37,40,18,100,11,169,40,0,40,209
08/11/2023,CHA,TN,ASO,ES,Combined TRACON& Tower with Radar,39,16,74,8,137,0,4,32,4,40,39,20,106,12,177,0,0,0,177
08/12/2023,CHA,TN,ASO,ES,Combined TRACON& Tower with Radar,33,13,28,0,74,0,2,22,0,24,33,15,50,0,98,46,0,46,144
08/13/2023,CHA,TN,ASO,ES,Combined TRACON& Tower with Radar,33,26,50,4,113,0,1,32,0,33,33,27,82,4,146,22,0,22,168
08/14/2023,CHA,TN,ASO,ES,Combined TRACON& Tower with Radar,38,12,77,2,129,0,5,75,1,81,38,17,152,3,210,57,0,57,267
08/15/2023,CHA,TN,ASO,ES,Combined TRACON& Tower with Radar,41,16,59,20,136,0,4,67,0,71,41,20,126,20,207,72,0,72,279
08/16/2023,CHA,TN,ASO,ES,Combined TRACON& Tower with Radar,35,10,76,0,121,0,4,93,2,99,35,14,169,2,220,96,0,96,316
08/17/2023,CHA,TN,ASO,ES,Combined TRACON& Tower with Radar,38,18,79,16,151,0,4,86,2,92,38,22,165,18,243,28,10,38,281
08/18/2023,CHA,TN,ASO,ES,Combined TRACON& Tower with Radar,37,15,49,9,110,0,5,59,5,69,37,20,108,14,179,28,8,36,215
08/19/2023,CHA,TN,ASO,ES,Combined TRACON& Tower with Radar,28,8,31,0,67,0,4,71,0,75,28,12,102,0,142,32,0,32,174
08/20/2023,CHA,TN,ASO,ES,Combined TRACON& Tower with Radar,34,11,43,2,90,0,2,60,0,62,34,13,103,2,152,0,0,0,152
08/21/2023,CHA,TN,ASO,ES,Combined TRACON& Tower with Radar,36,18,59,2,115,0,6,74,1,81,36,24,133,3,196,56,0,56,252
08/22/2023,CHA,TN,ASO,ES,Combined TRACON& Tower with Radar,37,24,65,3,129,0,4,49,0,53,37,28,114,3,182,92,0,92,274
08/23/2023,CHA,TN,ASO,ES,Combined TRACON& Tower with Radar,36,18,67,0,121,0,1,76,0,77,36,19,143,0,198,124,0,124,322
08/24/2023,CHA,TN,ASO,ES,Combined TRACON& Tower with Radar,40,22,64,14,140,0,5,54,3,62,40,27,118,17,202,38,0,38,240
08/25/2023,CHA,TN,ASO,ES,Combined TRACON& Tower with Radar,38,10,69,0,117,0,5,66,1,72,38,15,135,1,189,22,0,22,211
08/26/2023,CHA,TN,ASO,ES,Combined TRACON& Tower with Radar,30,10,31,0,71,0,1,51,0,52,30,11,82,0,123,18,0,18,141
08/27/2023,CHA,TN,ASO,ES,Combined TRACON& Tower with Radar,33,15,27,2,77,0,1,34,0,35,33,16,61,2,112,8,0,8,120
08/28/2023,CHA,TN,ASO,ES,Combined TRACON& Tower with Radar,38,10,51,0,99,0,2,7,0,9,38,12,58,0,108,18,0,18,126
08/29/2023,CHA,TN,ASO,ES,Combined TRACON& Tower with Radar,34,21,50,4,109,0,7,10,0,17,34,28,60,4,126,34,0,34,160
08/30/2023,CHA,TN,ASO,ES,Combined TRACON& Tower with Radar,36,23,80,0,139,0,6,28,0,34,36,29,108,0,173,26,0,26,199
08/31/2023,CHA,TN,ASO,ES,Combined TRACON& Tower with Radar,40,24,67,4,135,0,9,80,2,91,40,33,147,6,226,86,2,88,314
