01/01/2000,CHO,VA,AEA,EN,Federal Contract Tower,1,29,10,0,40,0,1,34,0,35,1,30,44,0,75,48,0,48,123
01/02/2000,CHO,VA,AEA,EN,Federal Contract Tower,0,48,18,0,66,0,0,56,0,56,0,48,74,0,122,48,0,48,170
01/03/2000,CHO,VA,AEA,EN,Federal Contract Tower,0,58,19,2,79,0,0,24,6,30,0,58,43,8,109,44,18,62,171
01/04/2000,CHO,VA,AEA,EN,Federal Contract Tower,0,57,19,0,76,0,0,10,0,10,0,57,29,0,86,0,0,0,86
01/05/2000,CHO,VA,AEA,EN,Federal Contract Tower,0,65,21,2,88,0,0,48,4,52,0,65,69,6,140,58,4,62,202
01/06/2000,CHO,VA,AEA,EN,Federal Contract Tower,0,62,21,2,85,0,0,59,5,64,0,62,80,7,149,96,28,124,273
01/07/2000,CHO,VA,AEA,EN,Federal Contract Tower,0,55,17,0,72,0,5,31,0,36,0,60,48,0,108,38,14,52,160
01/08/2000,CHO,VA,AEA,EN,Federal Contract Tower,0,53,16,2,71,0,2,86,0,88,0,55,102,2,159,108,0,108,267
01/09/2000,CHO,VA,AEA,EN,Federal Contract Tower,0,47,15,2,64,0,8,20,0,28,0,55,35,2,92,26,0,26,118
01/10/2000,CHO,VA,AEA,EN,Federal Contract Tower,0,58,19,0,77,0,0,8,0,8,0,58,27,0,85,4,0,4,89
01/11/2000,CHO,VA,AEA,EN,Federal Contract Tower,0,62,20,0,82,0,5,17,0,22,0,67,37,0,104,16,0,16,120
01/12/2000,CHO,VA,AEA,EN,Federal Contract Tower,0,66,21,2,89,0,2,79,0,81,0,68,100,2,170,28,8,36,206
01/13/2000,CHO,VA,AEA,EN,Federal Contract Tower,0,57,18,2,77,0,6,22,6,34,0,63,40,8,111,30,2,32,143
01/14/2000,CHO,VA,AEA,EN,Federal Contract Tower,0,67,22,2,91,0,0,34,6,40,0,67,56,8,131,10,18,28,159
01/15/2000,CHO,VA,AEA,EN,Federal Contract Tower,0,54,17,0,71,0,0,116,0,116,0,54,133,0,187,128,0,128,315
01/16/2000,CHO,VA,AEA,EN,Federal Contract Tower,0,47,14,0,61,0,9,42,0,51,0,56,56,0,112,30,0,30,142
01/17/2000,CHO,VA,AEA,EN,Federal Contract Tower,0,53,17,0,70,0,0,44,0,44,0,53,61,0,114,8,0,8,122
01/18/2000,CHO,VA,AEA,EN,Federal Contract Tower,0,64,20,1,85,0,1,1,1,3,0,65,21,2,88,4,0,4,92
01/19/2000,CHO,VA,AEA,EN,Federal Contract Tower,0,71,24,1,96,0,0,46,7,53,0,71,70,8,149,50,4,54,203
01/20/2000,CHO,VA,AEA,EN,Federal Contract Tower,0,39,13,0,52,0,5,0,4,9,0,44,13,4,61,0,4,4,65
01/21/2000,CHO,VA,AEA,EN,Federal Contract Tower,0,59,18,1,78,0,3,29,1,33,0,62,47,2,111,4,4,8,119
01/22/2000,CHO,VA,AEA,EN,Federal Contract Tower,0,46,14,1,61,0,4,89,2,95,0,50,103,3,156,122,0,122,278
01/23/2000,CHO,VA,AEA,EN,Federal Contract Tower,0,48,14,0,62,0,0,105,0,105,0,48,119,0,167,2,0,2,169
01/24/2000,CHO,VA,AEA,EN,Federal Contract Tower,0,53,19,1,73,0,0,43,4,47,0,53,62,5,120,36,0,36,156
01/25/2000,CHO,VA,AEA,EN,Federal Contract Tower,0,20,5,0,25,0,0,0,2,2,0,20,5,2,27,0,0,0,27
01/26/2000,CHO,VA,AEA,EN,Federal Contract Tower,0,57,18,0,75,0,11,26,0,37,0,68,44,0,112,16,0,16,128
01/27/2000,CHO,VA,AEA,EN,Federal Contract Tower,0,66,23,1,90,0,0,41,3,44,0,66,64,4,134,4,2,6,140
01/28/2000,CHO,VA,AEA,EN,Federal Contract Tower,0,62,20,1,83,0,4,61,1,66,0,66,81,2,149,46,4,50,199
01/29/2000,CHO,VA,AEA,EN,Federal Contract Tower,0,55,17,0,72,0,1,122,0,123,0,56,139,0,195,110,0,110,305
01/30/2000,CHO,VA,AEA,EN,Federal Contract Tower,0,6,1,0,7,0,0,0,0,0,0,6,1,0,7,0,0,0,7
01/31/2000,CHO,VA,AEA,EN,Federal Contract Tower,0,66,22,1,89,0,0,8,1,9,0,66,30,2,98,16,0,16,114
02/01/2000,CHO,VA,AEA,EN,Federal Contract Tower,0,62,24,1,87,0,4,10,6,20,0,66,34,7,107,20,0,20,127
02/02/2000,CHO,VA,AEA,EN,Federal Contract Tower,0,66,26,1,93,0,18,43,1,62,0,84,69,2,155,22,0,22,177
02/03/2000,CHO,VA,AEA,EN,Federal Contract Tower,0,60,24,1,85,0,6,62,1,69,0,66,86,2,154,90,4,94,248
02/04/2000,CHO,VA,AEA,EN,Federal Contract Tower,0,55,21,2,78,0,11,34,0,45,0,66,55,2,123,84,4,88,211
02/05/2000,CHO,VA,AEA,EN,Federal Contract Tower,0,48,19,1,68,0,8,56,1,65,0,56,75,2,133,134,0,134,267
02/06/2000,CHO,VA,AEA,EN,Federal Contract Tower,0,52,19,2,73,0,6,104,0,110,0,58,123,2,183,54,0,54,237
02/07/2000,CHO,VA,AEA,EN,Federal Contract Tower,0,59,22,2,83,0,14,52,2,68,0,73,74,4,151,140,0,140,291
02/08/2000,CHO,VA,AEA,EN,Federal Contract Tower,0,62,23,2,87,0,4,39,0,43,0,66,62,2,130,18,0,18,148
02/09/2000,CHO,VA,AEA,EN,Federal Contract Tower,0,68,26,2,96,0,4,72,8,84,0,72,98,10,180,74,20,94,274
02/10/2000,CHO,VA,AEA,EN,Federal Contract Tower,0,69,26,2,97,0,0,83,0,83,0,69,109,2,180,78,8,86,266
02/11/2000,CHO,VA,AEA,EN,Federal Contract Tower,0,65,26,2,93,0,0,31,3,34,0,65,57,5,127,120,4,124,251
02/12/2000,CHO,VA,AEA,EN,Federal Contract Tower,0,42,8,1,51,0,5,0,3,8,0,47,8,4,59,0,0,0,59
02/13/2000,CHO,VA,AEA,EN,Federal Contract Tower,0,45,9,0,54,0,10,0,0,10,0,55,9,0,64,0,0,0,64
02/14/2000,CHO,VA,AEA,EN,Federal Contract Tower,0,55,21,0,76,0,8,2,0,10,0,63,23,0,86,20,0,20,106
02/15/2000,CHO,VA,AEA,EN,Federal Contract Tower,0,71,27,2,100,0,4,75,0,79,0,75,102,2,179,77,8,85,264
02/16/2000,CHO,VA,AEA,EN,Federal Contract Tower,0,60,22,1,83,0,6,116,2,124,0,66,138,3,207,38,0,38,245
02/17/2000,CHO,VA,AEA,EN,Federal Contract Tower,0,68,31,1,100,0,0,80,3,83,0,68,111,4,183,28,0,28,211
02/18/2000,CHO,VA,AEA,EN,Federal Contract Tower,0,46,19,0,65,0,0,2,0,2,0,46,21,0,67,0,0,0,67
02/19/2000,CHO,VA,AEA,EN,Federal Contract Tower,0,42,16,0,58,0,8,137,18,163,0,50,153,18,221,30,0,30,251
02/20/2000,CHO,VA,AEA,EN,Federal Contract Tower,0,53,19,0,72,0,2,102,0,104,0,55,121,0,176,104,0,104,280
02/21/2000,CHO,VA,AEA,EN,Federal Contract Tower,0,60,22,0,82,0,1,99,0,100,0,61,121,0,182,100,0,100,282
02/22/2000,CHO,VA,AEA,EN,Federal Contract Tower,0,65,25,0,90,0,0,62,0,62,0,65,87,0,152,66,0,66,218
02/23/2000,CHO,VA,AEA,EN,Federal Contract Tower,0,66,27,0,93,0,0,70,0,70,0,66,97,0,163,56,0,56,219
02/24/2000,CHO,VA,AEA,EN,Federal Contract Tower,0,72,30,0,102,0,0,113,0,113,0,72,143,0,215,58,0,58,273
02/25/2000,CHO,VA,AEA,EN,Federal Contract Tower,0,70,27,0,97,0,0,107,0,107,0,70,134,0,204,56,0,56,260
02/26/2000,CHO,VA,AEA,EN,Federal Contract Tower,0,54,31,0,85,0,0,31,0,31,0,54,62,0,116,106,0,106,222
02/27/2000,CHO,VA,AEA,EN,Federal Contract Tower,0,51,21,0,72,0,0,25,0,25,0,51,46,0,97,16,0,16,113
02/28/2000,CHO,VA,AEA,EN,Federal Contract Tower,0,63,23,1,87,0,1,42,1,44,0,64,65,2,131,124,4,128,259
02/29/2000,CHO,VA,AEA,EN,Federal Contract Tower,0,59,22,1,82,0,0,85,1,86,0,59,107,2,168,106,0,106,274
03/01/2000,CHO,VA,AEA,EN,Federal Contract Tower,0,61,27,2,90,0,11,83,4,98,0,72,110,6,188,68,2,70,258
03/02/2000,CHO,VA,AEA,EN,Federal Contract Tower,0,70,31,2,103,0,10,41,8,59,0,80,72,10,162,116,2,118,280
03/03/2000,CHO,VA,AEA,EN,Federal Contract Tower,1,73,32,1,107,1,3,64,0,68,2,76,96,1,175,44,0,44,219
03/04/2000,CHO,VA,AEA,EN,Federal Contract Tower,1,61,28,0,90,1,0,126,0,127,2,61,154,0,217,110,0,110,327
03/05/2000,CHO,VA,AEA,EN,Federal Contract Tower,0,57,26,2,85,0,0,63,0,63,0,57,89,2,148,38,0,38,186
03/06/2000,CHO,VA,AEA,EN,Federal Contract Tower,0,70,32,2,104,0,13,65,0,78,0,83,97,2,182,74,0,74,256
03/07/2000,CHO,VA,AEA,EN,Federal Contract Tower,0,62,28,3,93,0,8,90,4,102,0,70,118,7,195,124,0,124,319
03/08/2000,CHO,VA,AEA,EN,Federal Contract Tower,0,64,28,2,94,0,2,83,0,85,0,66,111,2,179,108,14,122,301
03/09/2000,CHO,VA,AEA,EN,Federal Contract Tower,0,65,30,1,96,0,0,51,0,51,0,65,81,1,147,38,6,44,191
03/10/2000,CHO,VA,AEA,EN,Federal Contract Tower,0,67,33,3,103,0,0,42,18,60,0,67,75,21,163,44,32,76,239
03/11/2000,CHO,VA,AEA,EN,Federal Contract Tower,0,50,23,0,73,0,13,0,0,13,0,63,23,0,86,12,0,12,98
03/12/2000,CHO,VA,AEA,EN,Federal Contract Tower,0,53,24,2,79,0,5,8,0,13,0,58,32,2,92,0,0,0,92
03/13/2000,CHO,VA,AEA,EN,Federal Contract Tower,0,56,25,2,83,0,14,65,4,83,0,70,90,6,166,46,18,64,230
03/14/2000,CHO,VA,AEA,EN,Federal Contract Tower,0,58,26,2,86,0,14,56,18,88,0,72,82,20,174,86,0,86,260
03/15/2000,CHO,VA,AEA,EN,Federal Contract Tower,0,70,31,0,101,0,0,61,0,61,0,70,92,0,162,132,0,132,294
03/16/2000,CHO,VA,AEA,EN,Federal Contract Tower,0,57,26,2,85,0,8,26,0,34,0,65,52,2,119,124,0,124,243
03/17/2000,CHO,VA,AEA,EN,Federal Contract Tower,0,77,42,3,122,0,0,26,0,26,0,77,68,3,148,122,0,122,270
03/18/2000,CHO,VA,AEA,EN,Federal Contract Tower,0,44,19,0,63,0,0,143,0,143,0,44,162,0,206,108,0,108,314
03/19/2000,CHO,VA,AEA,EN,Federal Contract Tower,0,52,32,3,87,0,0,31,1,32,0,52,63,4,119,68,0,68,187
03/20/2000,CHO,VA,AEA,EN,Federal Contract Tower,0,58,26,0,84,0,4,1,0,5,0,62,27,0,89,2,0,2,91
03/21/2000,CHO,VA,AEA,EN,Federal Contract Tower,0,54,26,0,80,0,0,5,0,5,0,54,31,0,85,14,0,14,99
03/22/2000,CHO,VA,AEA,EN,Federal Contract Tower,0,67,35,2,104,0,0,30,8,38,0,67,65,10,142,74,12,86,228
03/23/2000,CHO,VA,AEA,EN,Federal Contract Tower,0,71,32,2,105,2,0,88,0,90,2,71,120,2,195,92,0,92,287
03/24/2000,CHO,VA,AEA,EN,Federal Contract Tower,0,71,31,2,104,0,2,103,2,107,0,73,134,4,211,68,0,68,279
03/25/2000,CHO,VA,AEA,EN,Federal Contract Tower,0,60,26,0,86,0,1,106,0,107,0,61,132,0,193,114,0,114,307
03/26/2000,CHO,VA,AEA,EN,Federal Contract Tower,0,50,22,0,72,0,4,57,0,61,0,54,79,0,133,4,0,4,137
03/27/2000,CHO,VA,AEA,EN,Federal Contract Tower,0,60,26,0,86,0,1,27,0,28,0,61,53,0,114,44,2,46,160
03/28/2000,CHO,VA,AEA,EN,Federal Contract Tower,0,65,29,0,94,0,4,14,0,18,0,69,43,0,112,18,2,20,132
03/29/2000,CHO,VA,AEA,EN,Federal Contract Tower,0,66,29,2,97,0,14,55,2,71,0,80,84,4,168,60,4,64,232
03/30/2000,CHO,VA,AEA,EN,Federal Contract Tower,0,65,29,2,96,0,3,89,6,98,0,68,118,8,194,174,4,178,372
03/31/2000,CHO,VA,AEA,EN,Federal Contract Tower,0,61,27,0,88,0,4,94,0,98,0,65,121,0,186,78,0,78,264
04/01/2000,CHO,VA,AEA,EN,Federal Contract Tower,0,43,26,0,69,0,10,123,0,133,0,53,149,0,202,96,0,96,298
04/02/2000,CHO,VA,AEA,EN,Federal Contract Tower,0,52,30,1,83,0,0,13,1,14,0,52,43,2,97,20,0,20,117
04/03/2000,CHO,VA,AEA,EN,Federal Contract Tower,0,57,34,2,93,0,0,4,6,10,0,57,38,8,103,4,12,16,119
04/04/2000,CHO,VA,AEA,EN,Federal Contract Tower,0,50,29,2,81,0,22,110,0,132,0,72,139,2,213,12,0,12,225
04/05/2000,CHO,VA,AEA,EN,Federal Contract Tower,0,45,25,0,70,0,15,43,0,58,0,60,68,0,128,54,2,56,184
04/06/2000,CHO,VA,AEA,EN,Federal Contract Tower,0,59,33,2,94,0,12,28,2,42,0,71,61,4,136,42,34,76,212
04/07/2000,CHO,VA,AEA,EN,Federal Contract Tower,0,69,41,3,113,0,0,78,1,79,0,69,119,4,192,88,0,88,280
04/08/2000,CHO,VA,AEA,EN,Federal Contract Tower,0,43,24,0,67,0,16,3,0,19,0,59,27,0,86,6,0,6,92
04/09/2000,CHO,VA,AEA,EN,Federal Contract Tower,0,49,28,0,77,0,1,14,0,15,0,50,42,0,92,0,0,0,92
04/10/2000,CHO,VA,AEA,EN,Federal Contract Tower,0,52,30,2,84,0,5,59,0,64,0,57,89,2,148,42,20,62,210
04/11/2000,CHO,VA,AEA,EN,Federal Contract Tower,0,54,31,0,85,0,8,65,0,73,0,62,96,0,158,94,0,94,252
04/12/2000,CHO,VA,AEA,EN,Federal Contract Tower,0,65,37,2,104,0,3,57,4,64,0,68,94,6,168,46,8,54,222
04/13/2000,CHO,VA,AEA,EN,Federal Contract Tower,0,60,35,2,97,0,0,67,1,68,0,60,102,3,165,106,2,108,273
04/14/2000,CHO,VA,AEA,EN,Federal Contract Tower,0,66,44,3,113,0,0,60,4,64,0,66,104,7,177,58,12,70,247
04/15/2000,CHO,VA,AEA,EN,Federal Contract Tower,0,53,33,0,86,0,0,7,0,7,0,53,40,0,93,0,0,0,93
04/16/2000,CHO,VA,AEA,EN,Federal Contract Tower,0,54,31,0,85,0,6,76,0,82,0,60,107,0,167,26,0,26,193
04/17/2000,CHO,VA,AEA,EN,Federal Contract Tower,0,53,25,2,80,0,4,0,1,5,0,57,25,3,85,0,0,0,85
04/18/2000,CHO,VA,AEA,EN,Federal Contract Tower,0,77,46,2,125,0,0,5,8,13,0,77,51,10,138,6,14,20,158
04/19/2000,CHO,VA,AEA,EN,Federal Contract Tower,0,61,34,1,96,0,0,92,3,95,0,61,126,4,191,138,6,144,335
04/20/2000,CHO,VA,AEA,EN,Federal Contract Tower,0,62,35,1,98,0,4,133,3,140,0,66,168,4,238,122,4,126,364
04/21/2000,CHO,VA,AEA,EN,Federal Contract Tower,0,54,31,1,86,0,0,21,1,22,0,54,52,2,108,14,0,14,122
04/22/2000,CHO,VA,AEA,EN,Federal Contract Tower,0,55,31,0,86,0,6,28,0,34,0,61,59,0,120,28,0,28,148
04/23/2000,CHO,VA,AEA,EN,Federal Contract Tower,0,53,32,0,85,0,0,67,0,67,0,53,99,0,152,74,0,74,226
04/24/2000,CHO,VA,AEA,EN,Federal Contract Tower,0,61,35,1,97,0,0,51,3,54,0,61,86,4,151,136,10,146,297
04/25/2000,CHO,VA,AEA,EN,Federal Contract Tower,0,67,43,0,110,0,0,19,0,19,0,67,62,0,129,2,0,2,131
04/26/2000,CHO,VA,AEA,EN,Federal Contract Tower,0,74,43,0,117,0,0,35,0,35,0,74,78,0,152,112,0,112,264
04/27/2000,CHO,VA,AEA,EN,Federal Contract Tower,0,69,47,2,118,0,0,42,4,46,0,69,89,6,164,48,0,48,212
04/28/2000,CHO,VA,AEA,EN,Federal Contract Tower,0,77,44,2,123,0,0,13,4,17,0,77,57,6,140,36,0,36,176
04/29/2000,CHO,VA,AEA,EN,Federal Contract Tower,0,59,33,1,93,0,6,64,2,72,0,65,97,3,165,150,0,150,315
04/30/2000,CHO,VA,AEA,EN,Federal Contract Tower,0,55,31,0,86,0,7,99,0,106,0,62,130,0,192,136,0,136,328
05/01/2000,CHO,VA,AEA,EN,Federal Contract Tower,0,48,26,0,74,0,11,80,0,91,0,59,106,0,165,58,0,58,223
05/02/2000,CHO,VA,AEA,EN,Federal Contract Tower,0,57,30,2,89,0,14,65,0,79,0,71,95,2,168,126,8,134,302
05/03/2000,CHO,VA,AEA,EN,Federal Contract Tower,0,50,26,0,76,2,7,96,0,105,2,57,122,0,181,168,0,168,349
05/04/2000,CHO,VA,AEA,EN,Federal Contract Tower,0,59,35,3,97,0,0,84,10,94,0,59,119,13,191,86,42,128,319
05/05/2000,CHO,VA,AEA,EN,Federal Contract Tower,0,62,34,3,99,0,0,51,1,52,0,62,85,4,151,62,0,62,213
05/06/2000,CHO,VA,AEA,EN,Federal Contract Tower,0,50,27,0,77,0,5,105,0,110,0,55,132,0,187,82,0,82,269
05/07/2000,CHO,VA,AEA,EN,Federal Contract Tower,0,51,27,0,78,0,0,123,0,123,0,51,150,0,201,126,0,126,327
05/08/2000,CHO,VA,AEA,EN,Federal Contract Tower,0,52,27,3,82,0,4,67,3,74,0,56,94,6,156,98,12,110,266
05/09/2000,CHO,VA,AEA,EN,Federal Contract Tower,0,61,32,2,95,0,3,65,0,68,0,64,97,2,163,100,4,104,267
05/10/2000,CHO,VA,AEA,EN,Federal Contract Tower,0,51,27,2,80,0,6,28,0,34,0,57,55,2,114,58,0,58,172
05/11/2000,CHO,VA,AEA,EN,Federal Contract Tower,0,65,36,3,104,0,0,112,5,117,0,65,148,8,221,124,10,134,355
05/12/2000,CHO,VA,AEA,EN,Federal Contract Tower,0,68,38,2,108,0,0,83,0,83,0,68,121,2,191,32,0,32,223
05/13/2000,CHO,VA,AEA,EN,Federal Contract Tower,0,50,26,2,78,0,2,90,10,102,0,52,116,12,180,132,0,132,312
05/14/2000,CHO,VA,AEA,EN,Federal Contract Tower,0,44,23,2,69,0,5,105,0,110,0,49,128,2,179,68,0,68,247
05/15/2000,CHO,VA,AEA,EN,Federal Contract Tower,0,56,29,2,87,0,1,76,0,77,0,57,105,2,164,100,6,106,270
05/16/2000,CHO,VA,AEA,EN,Federal Contract Tower,0,59,31,3,93,0,4,84,10,98,0,63,115,13,191,52,0,52,243
05/17/2000,CHO,VA,AEA,EN,Federal Contract Tower,0,61,30,3,94,0,8,62,1,71,0,69,92,4,165,114,4,118,283
05/18/2000,CHO,VA,AEA,EN,Federal Contract Tower,0,56,29,2,87,0,0,57,4,61,0,56,86,6,148,62,4,66,214
05/19/2000,CHO,VA,AEA,EN,Federal Contract Tower,0,65,33,2,100,0,0,36,0,36,0,65,69,2,136,22,4,26,162
05/20/2000,CHO,VA,AEA,EN,Federal Contract Tower,0,57,38,2,97,0,0,14,3,17,0,57,52,5,114,0,0,0,114
05/21/2000,CHO,VA,AEA,EN,Federal Contract Tower,0,56,39,0,95,0,0,25,0,25,0,56,64,0,120,12,0,12,132
05/22/2000,CHO,VA,AEA,EN,Federal Contract Tower,0,58,28,2,88,0,2,0,0,2,0,60,28,2,90,0,0,0,90
05/23/2000,CHO,VA,AEA,EN,Federal Contract Tower,0,64,33,2,99,0,2,15,2,19,0,66,48,4,118,54,0,54,172
05/24/2000,CHO,VA,AEA,EN,Federal Contract Tower,0,55,29,2,86,0,0,85,0,85,0,55,114,2,171,94,0,94,265
05/25/2000,CHO,VA,AEA,EN,Federal Contract Tower,0,55,29,2,86,0,0,82,0,82,0,55,111,2,168,122,0,122,290
05/26/2000,CHO,VA,AEA,EN,Federal Contract Tower,0,61,31,0,92,0,3,137,0,140,0,64,168,0,232,78,0,78,310
05/27/2000,CHO,VA,AEA,EN,Federal Contract Tower,0,45,24,0,69,0,9,42,0,51,0,54,66,0,120,86,0,86,206
05/28/2000,CHO,VA,AEA,EN,Federal Contract Tower,0,49,24,0,73,0,3,0,0,3,0,52,24,0,76,0,0,0,76
05/29/2000,CHO,VA,AEA,EN,Federal Contract Tower,0,53,27,0,80,0,2,44,0,46,0,55,71,0,126,66,0,66,192
05/30/2000,CHO,VA,AEA,EN,Federal Contract Tower,0,61,32,2,95,0,5,55,4,64,0,66,87,6,159,42,0,42,201
05/31/2000,CHO,VA,AEA,EN,Federal Contract Tower,0,60,32,2,94,0,0,120,8,128,0,60,152,10,222,272,40,312,534
06/01/2000,CHO,VA,AEA,EN,Federal Contract Tower,0,60,41,2,103,0,0,80,0,80,0,60,121,2,183,76,0,76,259
06/02/2000,CHO,VA,AEA,EN,Federal Contract Tower,0,60,34,0,94,0,2,46,0,48,0,62,80,0,142,112,0,112,254
06/03/2000,CHO,VA,AEA,EN,Federal Contract Tower,0,57,33,0,90,0,0,101,0,101,0,57,134,0,191,90,0,90,281
06/04/2000,CHO,VA,AEA,EN,Federal Contract Tower,0,61,35,2,98,0,1,66,8,75,0,62,101,10,173,54,0,54,227
06/05/2000,CHO,VA,AEA,EN,Federal Contract Tower,0,60,35,2,97,0,0,15,12,27,0,60,50,14,124,20,4,24,148
06/06/2000,CHO,VA,AEA,EN,Federal Contract Tower,0,57,33,2,92,0,40,16,0,56,0,97,49,2,148,2,0,2,150
06/07/2000,CHO,VA,AEA,EN,Federal Contract Tower,0,55,34,2,91,0,0,94,0,94,0,55,128,2,185,108,0,108,293
06/08/2000,CHO,VA,AEA,EN,Federal Contract Tower,0,69,38,3,110,0,1,113,14,128,0,70,151,17,238,52,6,58,296
06/09/2000,CHO,VA,AEA,EN,Federal Contract Tower,0,56,32,2,90,0,8,70,2,80,0,64,102,4,170,90,0,90,260
06/10/2000,CHO,VA,AEA,EN,Federal Contract Tower,0,51,29,0,80,0,5,110,0,115,0,56,139,0,195,68,0,68,263
06/11/2000,CHO,VA,AEA,EN,Federal Contract Tower,0,51,29,0,80,0,1,91,0,92,0,52,120,0,172,92,0,92,264
06/12/2000,CHO,VA,AEA,EN,Federal Contract Tower,0,48,28,2,78,0,9,46,0,55,0,57,74,2,133,158,2,160,293
06/13/2000,CHO,VA,AEA,EN,Federal Contract Tower,0,58,33,0,91,0,11,20,0,31,0,69,53,0,122,94,0,94,216
06/14/2000,CHO,VA,AEA,EN,Federal Contract Tower,0,54,26,0,80,0,7,0,0,7,0,61,26,0,87,0,0,0,87
06/15/2000,CHO,VA,AEA,EN,Federal Contract Tower,0,55,32,2,89,0,0,6,8,14,0,55,38,10,103,4,0,4,107
06/16/2000,CHO,VA,AEA,EN,Federal Contract Tower,0,55,31,0,86,0,3,42,0,45,0,58,73,0,131,62,0,62,193
06/17/2000,CHO,VA,AEA,EN,Federal Contract Tower,0,48,25,0,73,0,1,49,0,50,0,49,74,0,123,36,0,36,159
06/18/2000,CHO,VA,AEA,EN,Federal Contract Tower,0,49,31,2,82,0,0,44,2,46,0,49,75,4,128,132,0,132,260
06/19/2000,CHO,VA,AEA,EN,Federal Contract Tower,0,53,31,2,86,0,0,14,0,14,0,53,45,2,100,0,0,0,100
06/20/2000,CHO,VA,AEA,EN,Federal Contract Tower,0,56,31,2,89,0,19,136,0,155,0,75,167,2,244,182,0,182,426
06/21/2000,CHO,VA,AEA,EN,Federal Contract Tower,0,69,43,0,112,0,0,12,0,12,0,69,55,0,124,10,0,10,134
06/22/2000,CHO,VA,AEA,EN,Federal Contract Tower,0,55,32,1,88,0,0,64,5,69,0,55,96,6,157,176,0,176,333
06/23/2000,CHO,VA,AEA,EN,Federal Contract Tower,0,57,34,1,92,0,0,123,1,124,0,57,157,2,216,100,0,100,316
06/24/2000,CHO,VA,AEA,EN,Federal Contract Tower,0,47,26,0,73,0,9,122,0,131,0,56,148,0,204,86,0,86,290
06/25/2000,CHO,VA,AEA,EN,Federal Contract Tower,0,49,30,0,79,0,0,87,0,87,0,49,117,0,166,76,0,76,242
06/26/2000,CHO,VA,AEA,EN,Federal Contract Tower,0,43,24,1,68,0,17,69,5,91,0,60,93,6,159,59,0,59,218
06/27/2000,CHO,VA,AEA,EN,Federal Contract Tower,0,48,26,0,74,0,11,64,0,75,0,59,90,0,149,100,0,100,249
06/28/2000,CHO,VA,AEA,EN,Federal Contract Tower,0,66,43,2,111,0,0,8,4,12,0,66,51,6,123,0,0,0,123
06/29/2000,CHO,VA,AEA,EN,Federal Contract Tower,0,58,37,2,97,0,0,47,6,53,0,58,84,8,150,60,36,96,246
06/30/2000,CHO,VA,AEA,EN,Federal Contract Tower,0,54,31,1,86,0,3,98,2,103,0,57,129,3,189,146,18,164,353
07/01/2000,CHO,VA,AEA,EN,Federal Contract Tower,0,44,23,1,68,0,11,99,0,110,0,55,122,1,178,100,0,100,278
07/02/2000,CHO,VA,AEA,EN,Federal Contract Tower,0,39,20,0,59,0,9,109,0,118,0,48,129,0,177,110,0,110,287
07/03/2000,CHO,VA,AEA,EN,Federal Contract Tower,0,46,23,0,69,0,6,79,0,85,0,52,102,0,154,100,0,100,254
07/04/2000,CHO,VA,AEA,EN,Federal Contract Tower,0,41,21,2,64,0,11,28,0,39,0,52,49,2,103,98,0,98,201
07/05/2000,CHO,VA,AEA,EN,Federal Contract Tower,0,52,26,3,81,0,5,40,1,46,0,57,66,4,127,58,34,92,219
07/06/2000,CHO,VA,AEA,EN,Federal Contract Tower,0,58,29,2,89,0,9,95,0,104,0,67,124,2,193,122,8,130,323
07/07/2000,CHO,VA,AEA,EN,Federal Contract Tower,0,69,35,3,107,0,3,95,1,99,0,72,130,4,206,34,14,48,254
07/08/2000,CHO,VA,AEA,EN,Federal Contract Tower,0,46,23,0,69,0,5,127,0,132,0,51,150,0,201,120,0,120,321
07/09/2000,CHO,VA,AEA,EN,Federal Contract Tower,0,52,26,2,80,0,1,103,0,104,0,53,129,2,184,87,0,87,271
07/10/2000,CHO,VA,AEA,EN,Federal Contract Tower,0,47,23,0,70,0,7,40,0,47,0,54,63,0,117,72,0,72,189
07/11/2000,CHO,VA,AEA,EN,Federal Contract Tower,0,48,23,0,71,0,16,41,0,57,0,64,64,0,128,58,0,58,186
07/12/2000,CHO,VA,AEA,EN,Federal Contract Tower,0,70,37,0,107,0,0,106,0,106,0,70,143,0,213,138,0,138,351
07/13/2000,CHO,VA,AEA,EN,Federal Contract Tower,0,69,34,3,106,0,2,47,3,52,0,71,81,6,158,42,4,46,204
07/14/2000,CHO,VA,AEA,EN,Federal Contract Tower,0,50,25,0,75,0,0,61,0,61,0,50,86,0,136,68,0,68,204
07/15/2000,CHO,VA,AEA,EN,Federal Contract Tower,0,50,24,0,74,0,3,41,0,44,0,53,65,0,118,78,0,78,196
07/16/2000,CHO,VA,AEA,EN,Federal Contract Tower,0,44,24,3,71,0,0,64,9,73,0,44,88,12,144,84,0,84,228
07/17/2000,CHO,VA,AEA,EN,Federal Contract Tower,0,51,25,2,78,0,6,72,0,78,0,57,97,2,156,96,2,98,254
07/18/2000,CHO,VA,AEA,EN,Federal Contract Tower,0,66,34,3,103,0,0,71,1,72,0,66,105,4,175,130,0,130,305
07/19/2000,CHO,VA,AEA,EN,Federal Contract Tower,0,55,28,2,85,0,0,51,2,53,0,55,79,4,138,62,0,62,200
07/20/2000,CHO,VA,AEA,EN,Federal Contract Tower,0,58,34,0,92,0,0,38,0,38,0,58,72,0,130,34,0,34,164
07/21/2000,CHO,VA,AEA,EN,Federal Contract Tower,0,57,32,2,91,0,0,86,5,91,0,57,118,7,182,122,10,132,314
07/22/2000,CHO,VA,AEA,EN,Federal Contract Tower,0,55,26,2,83,0,8,36,1,45,0,63,62,3,128,68,2,70,198
07/23/2000,CHO,VA,AEA,EN,Federal Contract Tower,0,60,29,2,91,0,2,53,0,55,0,62,82,2,146,96,0,96,242
07/24/2000,CHO,VA,AEA,EN,Federal Contract Tower,0,64,34,0,98,0,0,61,0,61,0,64,95,0,159,2,0,2,161
07/25/2000,CHO,VA,AEA,EN,Federal Contract Tower,0,68,34,2,104,0,15,40,14,69,0,83,74,16,173,126,16,142,315
07/26/2000,CHO,VA,AEA,EN,Federal Contract Tower,0,56,33,2,91,0,0,43,4,47,0,56,76,6,138,40,6,46,184
07/27/2000,CHO,VA,AEA,EN,Federal Contract Tower,0,60,34,3,97,0,0,39,5,44,0,60,73,8,141,96,2,98,239
07/28/2000,CHO,VA,AEA,EN,Federal Contract Tower,0,53,25,2,80,0,1,18,2,21,0,54,43,4,101,36,0,36,137
07/29/2000,CHO,VA,AEA,EN,Federal Contract Tower,0,49,24,2,75,0,9,14,0,23,0,58,38,2,98,36,0,36,134
07/30/2000,CHO,VA,AEA,EN,Federal Contract Tower,0,44,21,0,65,0,2,22,0,24,0,46,43,0,89,36,0,36,125
07/31/2000,CHO,VA,AEA,EN,Federal Contract Tower,0,57,28,2,87,0,1,113,2,116,0,58,141,4,203,14,2,16,219
08/01/2000,CHO,VA,AEA,EN,Federal Contract Tower,0,43,24,0,67,0,13,35,0,48,0,56,59,0,115,86,0,86,201
08/02/2000,CHO,VA,AEA,EN,Federal Contract Tower,0,54,30,1,85,0,5,40,3,48,0,59,70,4,133,92,28,120,253
08/03/2000,CHO,VA,AEA,EN,Federal Contract Tower,0,54,31,2,87,0,5,37,2,44,0,59,68,4,131,26,14,40,171
08/04/2000,CHO,VA,AEA,EN,Federal Contract Tower,0,59,32,3,94,0,9,38,3,50,0,68,70,6,144,100,0,100,244
08/05/2000,CHO,VA,AEA,EN,Federal Contract Tower,0,49,27,0,76,0,5,153,0,158,0,54,180,0,234,212,0,212,446
08/06/2000,CHO,VA,AEA,EN,Federal Contract Tower,0,47,27,0,74,0,2,11,0,13,0,49,38,0,87,2,0,2,89
08/07/2000,CHO,VA,AEA,EN,Federal Contract Tower,0,56,32,3,91,0,0,53,1,54,0,56,85,4,145,68,0,68,213
08/08/2000,CHO,VA,AEA,EN,Federal Contract Tower,0,60,33,3,96,0,4,10,11,25,0,64,43,14,121,58,10,68,189
08/09/2000,CHO,VA,AEA,EN,Federal Contract Tower,0,50,28,0,78,0,6,45,0,51,0,56,73,0,129,100,0,100,229
08/10/2000,CHO,VA,AEA,EN,Federal Contract Tower,0,59,33,0,92,0,0,81,0,81,0,59,114,0,173,114,0,114,287
08/11/2000,CHO,VA,AEA,EN,Federal Contract Tower,0,57,36,2,95,0,0,94,0,94,0,57,130,2,189,94,0,94,283
08/12/2000,CHO,VA,AEA,EN,Federal Contract Tower,0,45,25,0,70,0,8,78,0,86,0,53,103,0,156,50,0,50,206
08/13/2000,CHO,VA,AEA,EN,Federal Contract Tower,0,45,32,0,77,0,0,71,0,71,0,45,103,0,148,90,0,90,238
08/14/2000,CHO,VA,AEA,EN,Federal Contract Tower,0,50,29,2,81,0,6,61,2,69,0,56,90,4,150,146,22,168,318
08/15/2000,CHO,VA,AEA,EN,Federal Contract Tower,0,53,30,2,85,0,8,60,1,69,0,61,90,3,154,140,0,140,294
08/16/2000,CHO,VA,AEA,EN,Federal Contract Tower,0,51,29,2,82,0,9,52,4,65,0,60,81,6,147,92,4,96,243
08/17/2000,CHO,VA,AEA,EN,Federal Contract Tower,0,49,27,1,77,0,4,97,0,101,0,53,124,1,178,66,0,66,244
08/18/2000,CHO,VA,AEA,EN,Federal Contract Tower,0,54,29,2,85,0,0,11,0,11,0,54,40,2,96,18,2,20,116
08/19/2000,CHO,VA,AEA,EN,Federal Contract Tower,0,51,28,0,79,0,6,94,0,100,0,57,122,0,179,96,0,96,275
08/20/2000,CHO,VA,AEA,EN,Federal Contract Tower,0,42,23,1,66,0,3,91,1,95,0,45,114,2,161,48,0,48,209
08/21/2000,CHO,VA,AEA,EN,Federal Contract Tower,0,55,31,0,86,0,7,78,0,85,0,62,109,0,171,68,0,68,239
08/22/2000,CHO,VA,AEA,EN,Federal Contract Tower,0,67,40,2,109,0,0,83,2,85,0,67,123,4,194,72,12,84,278
08/23/2000,CHO,VA,AEA,EN,Federal Contract Tower,0,60,36,0,96,0,0,80,0,80,0,60,116,0,176,62,0,62,238
08/24/2000,CHO,VA,AEA,EN,Federal Contract Tower,0,57,32,0,89,0,0,37,0,37,0,57,69,0,126,96,0,96,222
08/25/2000,CHO,VA,AEA,EN,Federal Contract Tower,0,65,37,2,104,0,0,37,9,46,0,65,74,11,150,58,0,58,208
08/26/2000,CHO,VA,AEA,EN,Federal Contract Tower,0,48,27,0,75,0,7,57,0,64,0,55,84,0,139,54,0,54,193
08/27/2000,CHO,VA,AEA,EN,Federal Contract Tower,0,41,29,0,70,0,0,22,0,22,0,41,51,0,92,24,0,24,116
08/28/2000,CHO,VA,AEA,EN,Federal Contract Tower,0,60,37,0,97,0,0,14,0,14,0,60,51,0,111,10,0,10,121
08/29/2000,CHO,VA,AEA,EN,Federal Contract Tower,0,59,34,0,93,0,0,15,0,15,0,59,49,0,108,26,0,26,134
08/30/2000,CHO,VA,AEA,EN,Federal Contract Tower,0,61,38,2,101,0,0,8,6,14,0,61,46,8,115,0,0,0,115
08/31/2000,CHO,VA,AEA,EN,Federal Contract Tower,0,56,38,2,96,2,0,9,6,17,2,56,47,8,113,0,0,0,113
09/01/2000,CHO,VA,AEA,EN,Federal Contract Tower,0,50,32,1,83,0,8,18,7,33,0,58,50,8,116,16,10,26,142
09/02/2000,CHO,VA,AEA,EN,Federal Contract Tower,1,54,35,0,90,1,1,14,0,16,2,55,49,0,106,42,0,42,148
09/03/2000,CHO,VA,AEA,EN,Federal Contract Tower,0,46,31,0,77,0,0,4,0,4,0,46,35,0,81,0,0,0,81
09/04/2000,CHO,VA,AEA,EN,Federal Contract Tower,0,50,32,0,82,0,5,17,0,22,0,55,49,0,104,60,0,60,164
09/05/2000,CHO,VA,AEA,EN,Federal Contract Tower,0,59,38,1,98,0,5,25,8,38,0,64,63,9,136,30,0,30,166
09/06/2000,CHO,VA,AEA,EN,Federal Contract Tower,0,58,38,1,97,0,0,88,7,95,0,58,126,8,192,98,6,104,296
09/07/2000,CHO,VA,AEA,EN,Federal Contract Tower,0,54,34,1,89,0,6,109,1,116,0,60,143,2,205,104,2,106,311
09/08/2000,CHO,VA,AEA,EN,Federal Contract Tower,0,62,39,2,103,0,4,112,8,124,0,66,151,10,227,106,0,106,333
09/09/2000,CHO,VA,AEA,EN,Federal Contract Tower,0,45,28,1,74,0,5,98,4,107,0,50,126,5,181,80,2,82,263
09/10/2000,CHO,VA,AEA,EN,Federal Contract Tower,0,43,28,0,71,0,7,103,0,110,0,50,131,0,181,60,0,60,241
09/11/2000,CHO,VA,AEA,EN,Federal Contract Tower,0,51,33,2,86,0,5,16,0,21,0,56,49,2,107,36,0,36,143
09/12/2000,CHO,VA,AEA,EN,Federal Contract Tower,0,54,35,2,91,0,18,46,0,64,0,72,81,2,155,68,16,84,239
09/13/2000,CHO,VA,AEA,EN,Federal Contract Tower,0,57,37,2,96,0,5,57,8,70,0,62,94,10,166,108,4,112,278
09/14/2000,CHO,VA,AEA,EN,Federal Contract Tower,0,60,43,3,106,0,0,40,3,43,0,60,83,6,149,84,0,84,233
09/15/2000,CHO,VA,AEA,EN,Federal Contract Tower,0,50,32,2,84,1,7,24,0,32,1,57,56,2,116,38,2,40,156
09/16/2000,CHO,VA,AEA,EN,Federal Contract Tower,0,51,33,0,84,1,6,104,0,111,1,57,137,0,195,70,0,70,265
09/17/2000,CHO,VA,AEA,EN,Federal Contract Tower,0,59,36,0,95,0,0,163,0,163,0,59,199,0,258,68,0,68,326
09/18/2000,CHO,VA,AEA,EN,Federal Contract Tower,0,61,38,2,101,0,3,82,4,89,0,64,120,6,190,60,0,60,250
09/19/2000,CHO,VA,AEA,EN,Federal Contract Tower,0,59,36,0,95,0,8,27,0,35,0,67,63,0,130,22,0,22,152
09/20/2000,CHO,VA,AEA,EN,Federal Contract Tower,0,56,36,0,92,0,0,87,0,87,0,56,123,0,179,68,0,68,247
09/21/2000,CHO,VA,AEA,EN,Federal Contract Tower,0,61,39,0,100,0,0,52,0,52,0,61,91,0,152,122,0,122,274
09/22/2000,CHO,VA,AEA,EN,Federal Contract Tower,0,58,37,2,97,2,0,41,8,51,2,58,78,10,148,46,10,56,204
09/23/2000,CHO,VA,AEA,EN,Federal Contract Tower,0,65,48,0,113,2,0,43,0,45,2,65,91,0,158,20,0,20,178
09/24/2000,CHO,VA,AEA,EN,Federal Contract Tower,0,63,40,3,106,0,0,44,1,45,0,63,84,4,151,70,12,82,233
09/25/2000,CHO,VA,AEA,EN,Federal Contract Tower,0,57,36,0,93,0,0,5,0,5,0,57,41,0,98,0,0,0,98
09/26/2000,CHO,VA,AEA,EN,Federal Contract Tower,0,61,37,2,100,0,1,35,3,39,0,62,72,5,139,30,6,36,175
09/27/2000,CHO,VA,AEA,EN,Federal Contract Tower,0,55,38,3,96,1,0,92,5,98,1,55,130,8,194,76,10,86,280
09/28/2000,CHO,VA,AEA,EN,Federal Contract Tower,0,50,31,0,81,1,8,71,0,80,1,58,102,0,161,112,0,112,273
09/29/2000,CHO,VA,AEA,EN,Federal Contract Tower,0,65,41,0,106,0,3,59,0,62,0,68,100,0,168,76,0,76,244
09/30/2000,CHO,VA,AEA,EN,Federal Contract Tower,0,49,31,0,80,0,6,102,0,108,0,55,133,0,188,78,0,78,266
10/01/2000,CHO,VA,AEA,EN,Federal Contract Tower,0,48,34,0,82,0,0,115,0,115,0,48,149,0,197,0,54,54,251
10/02/2000,CHO,VA,AEA,EN,Federal Contract Tower,0,56,36,1,93,0,0,61,4,65,0,56,97,5,158,0,42,42,200
10/03/2000,CHO,VA,AEA,EN,Federal Contract Tower,0,39,25,0,64,0,14,34,4,52,0,53,59,4,116,2,32,34,150
10/04/2000,CHO,VA,AEA,EN,Federal Contract Tower,0,63,38,0,101,0,1,76,0,77,0,64,114,0,178,8,116,124,302
10/05/2000,CHO,VA,AEA,EN,Federal Contract Tower,0,53,39,0,92,0,0,51,0,51,0,53,90,0,143,0,60,60,203
10/06/2000,CHO,VA,AEA,EN,Federal Contract Tower,0,64,48,1,113,0,0,60,3,63,0,64,108,4,176,0,36,36,212
10/07/2000,CHO,VA,AEA,EN,Federal Contract Tower,0,60,37,0,97,0,2,103,0,105,0,62,140,0,202,0,102,102,304
10/08/2000,CHO,VA,AEA,EN,Federal Contract Tower,0,60,37,0,97,0,5,97,0,102,0,65,134,0,199,0,108,108,307
10/09/2000,CHO,VA,AEA,EN,Federal Contract Tower,0,52,32,0,84,0,2,34,0,36,0,54,66,0,120,0,12,12,132
10/10/2000,CHO,VA,AEA,EN,Federal Contract Tower,0,69,43,2,114,0,5,73,0,78,0,74,116,2,192,2,58,60,252
10/11/2000,CHO,VA,AEA,EN,Federal Contract Tower,0,53,33,0,86,0,10,58,0,68,0,63,91,0,154,0,84,84,238
10/12/2000,CHO,VA,AEA,EN,Federal Contract Tower,0,58,41,2,101,0,0,126,16,142,0,58,167,18,243,6,82,88,331
10/13/2000,CHO,VA,AEA,EN,Federal Contract Tower,0,61,38,0,99,0,7,95,0,102,0,68,133,0,201,0,126,126,327
10/14/2000,CHO,VA,AEA,EN,Federal Contract Tower,0,46,29,0,75,0,22,135,0,157,0,68,164,0,232,0,66,66,298
10/15/2000,CHO,VA,AEA,EN,Federal Contract Tower,0,52,36,0,88,0,0,110,0,110,0,52,146,0,198,0,108,108,306
10/16/2000,CHO,VA,AEA,EN,Federal Contract Tower,0,58,35,2,95,0,14,51,8,73,0,72,86,10,168,18,94,112,280
10/17/2000,CHO,VA,AEA,EN,Federal Contract Tower,0,53,27,0,80,0,7,0,0,7,0,60,27,0,87,0,12,12,99
10/18/2000,CHO,VA,AEA,EN,Federal Contract Tower,0,58,35,0,93,0,0,23,0,23,0,58,58,0,116,0,24,24,140
10/19/2000,CHO,VA,AEA,EN,Federal Contract Tower,0,56,34,0,90,0,2,85,4,91,0,58,119,4,181,0,86,86,267
10/20/2000,CHO,VA,AEA,EN,Federal Contract Tower,0,59,41,1,101,2,0,119,1,122,2,59,160,2,223,4,90,94,317
10/21/2000,CHO,VA,AEA,EN,Federal Contract Tower,0,43,27,0,70,0,12,137,2,151,0,55,164,2,221,0,94,94,315
10/22/2000,CHO,VA,AEA,EN,Federal Contract Tower,0,64,38,0,102,0,2,150,0,152,0,66,188,0,254,0,74,74,328
10/23/2000,CHO,VA,AEA,EN,Federal Contract Tower,0,57,34,1,92,0,7,75,1,83,0,64,109,2,175,4,66,70,245
10/24/2000,CHO,VA,AEA,EN,Federal Contract Tower,0,64,45,1,110,0,0,78,8,86,0,64,123,9,196,0,80,80,276
10/25/2000,CHO,VA,AEA,EN,Federal Contract Tower,0,60,36,1,97,0,2,32,1,35,0,62,68,2,132,0,44,44,176
10/26/2000,CHO,VA,AEA,EN,Federal Contract Tower,0,64,39,1,104,0,0,47,2,49,0,64,86,3,153,8,92,100,253
10/27/2000,CHO,VA,AEA,EN,Federal Contract Tower,0,71,48,0,119,2,0,64,0,66,2,71,112,0,185,0,144,144,329
10/28/2000,CHO,VA,AEA,EN,Federal Contract Tower,0,52,32,0,84,2,9,43,0,54,2,61,75,0,138,0,26,26,164
10/29/2000,CHO,VA,AEA,EN,Federal Contract Tower,0,60,36,1,97,0,10,70,1,81,0,70,106,2,178,0,56,56,234
10/30/2000,CHO,VA,AEA,EN,Federal Contract Tower,0,49,30,0,79,0,6,61,0,67,0,55,91,0,146,4,58,62,208
10/31/2000,CHO,VA,AEA,EN,Federal Contract Tower,0,41,25,0,66,0,15,44,1,60,0,56,69,1,126,6,128,134,260
11/01/2000,CHO,VA,AEA,EN,Federal Contract Tower,0,56,34,1,91,0,4,65,1,70,0,60,99,2,161,62,28,90,251
11/02/2000,CHO,VA,AEA,EN,Federal Contract Tower,0,53,33,1,87,0,16,62,1,79,0,69,95,2,166,42,0,42,208
11/03/2000,CHO,VA,AEA,EN,Federal Contract Tower,0,70,43,2,115,0,0,88,2,90,0,70,131,4,205,96,0,96,301
11/04/2000,CHO,VA,AEA,EN,Federal Contract Tower,0,58,35,0,93,0,4,66,0,70,0,62,101,0,163,50,0,50,213
11/05/2000,CHO,VA,AEA,EN,Federal Contract Tower,0,59,36,0,95,0,4,69,0,73,0,63,105,0,168,14,0,14,182
11/06/2000,CHO,VA,AEA,EN,Federal Contract Tower,0,54,33,1,88,0,3,60,6,69,0,57,93,7,157,70,18,88,245
11/07/2000,CHO,VA,AEA,EN,Federal Contract Tower,1,63,39,2,105,0,0,33,0,33,1,63,72,2,138,156,0,156,294
11/08/2000,CHO,VA,AEA,EN,Federal Contract Tower,1,62,38,1,102,0,3,6,7,16,1,65,44,8,118,58,10,68,186
11/09/2000,CHO,VA,AEA,EN,Federal Contract Tower,0,61,52,2,115,0,0,21,6,27,0,61,73,8,142,0,0,0,142
11/10/2000,CHO,VA,AEA,EN,Federal Contract Tower,1,69,44,0,114,1,0,33,0,34,2,69,77,0,148,8,0,8,156
11/11/2000,CHO,VA,AEA,EN,Federal Contract Tower,0,54,35,1,90,0,0,10,0,10,0,54,45,1,100,16,0,16,116
11/12/2000,CHO,VA,AEA,EN,Federal Contract Tower,0,60,38,0,98,0,0,172,0,172,0,60,210,0,270,108,0,108,378
11/13/2000,CHO,VA,AEA,EN,Federal Contract Tower,0,57,34,1,92,0,33,46,0,79,0,90,80,1,171,32,2,34,205
11/14/2000,CHO,VA,AEA,EN,Federal Contract Tower,0,57,37,2,96,0,0,58,0,58,0,57,95,2,154,8,0,8,162
11/15/2000,CHO,VA,AEA,EN,Federal Contract Tower,0,52,32,0,84,0,12,76,0,88,0,64,108,0,172,146,0,146,318
11/16/2000,CHO,VA,AEA,EN,Federal Contract Tower,0,61,38,2,101,0,0,72,0,72,0,61,110,2,173,62,22,84,257
11/17/2000,CHO,VA,AEA,EN,Federal Contract Tower,0,63,47,0,110,2,0,63,0,65,2,63,110,0,175,50,0,50,225
11/18/2000,CHO,VA,AEA,EN,Federal Contract Tower,0,66,42,0,108,2,0,144,0,146,2,66,186,0,254,70,0,70,324
11/19/2000,CHO,VA,AEA,EN,Federal Contract Tower,0,46,27,2,75,0,15,61,1,77,0,61,88,3,152,68,0,68,220
11/20/2000,CHO,VA,AEA,EN,Federal Contract Tower,0,44,25,1,70,0,6,27,0,33,0,50,52,1,103,18,0,18,121
11/21/2000,CHO,VA,AEA,EN,Federal Contract Tower,0,73,46,3,122,0,0,34,9,43,0,73,80,12,165,22,34,56,221
11/22/2000,CHO,VA,AEA,EN,Federal Contract Tower,0,69,39,3,111,0,6,32,1,39,0,75,71,4,150,30,6,36,186
11/23/2000,CHO,VA,AEA,EN,Federal Contract Tower,0,35,19,0,54,0,15,26,0,41,0,50,45,0,95,12,0,12,107
11/24/2000,CHO,VA,AEA,EN,Federal Contract Tower,0,40,23,0,63,2,7,104,0,113,2,47,127,0,176,124,0,124,300
11/25/2000,CHO,VA,AEA,EN,Federal Contract Tower,0,39,11,0,50,2,15,0,0,17,2,54,11,0,67,4,0,4,71
11/26/2000,CHO,VA,AEA,EN,Federal Contract Tower,0,77,44,0,121,0,0,52,0,52,0,77,96,0,173,32,0,32,205
11/27/2000,CHO,VA,AEA,EN,Federal Contract Tower,0,46,27,1,74,0,11,64,1,76,0,57,91,2,150,44,2,46,196
11/28/2000,CHO,VA,AEA,EN,Federal Contract Tower,0,63,38,1,102,0,9,82,4,95,0,72,120,5,197,120,0,120,317
11/29/2000,CHO,VA,AEA,EN,Federal Contract Tower,0,57,40,2,99,0,0,54,13,67,0,57,94,15,166,60,14,74,240
11/30/2000,CHO,VA,AEA,EN,Federal Contract Tower,0,54,32,0,86,0,36,38,0,74,0,90,70,0,160,18,0,18,178
12/01/2000,CHO,VA,AEA,EN,Federal Contract Tower,0,76,30,0,106,0,0,91,0,91,0,76,121,0,197,44,2,46,243
12/02/2000,CHO,VA,AEA,EN,Federal Contract Tower,0,60,23,0,83,0,13,8,10,31,0,73,31,10,114,52,0,52,166
12/03/2000,CHO,VA,AEA,EN,Federal Contract Tower,0,48,18,0,66,0,4,42,0,46,0,52,60,0,112,104,0,104,216
12/04/2000,CHO,VA,AEA,EN,Federal Contract Tower,0,62,26,0,88,0,0,46,6,52,0,62,72,6,140,60,8,68,208
12/05/2000,CHO,VA,AEA,EN,Federal Contract Tower,0,65,29,1,95,2,0,61,1,64,2,65,90,2,159,28,4,32,191
12/06/2000,CHO,VA,AEA,EN,Federal Contract Tower,0,66,25,0,91,0,0,64,0,64,0,66,89,0,155,82,0,82,237
12/07/2000,CHO,VA,AEA,EN,Federal Contract Tower,0,59,22,1,82,0,33,47,3,83,0,92,69,4,165,54,0,54,219
12/08/2000,CHO,VA,AEA,EN,Federal Contract Tower,0,68,26,1,95,0,0,85,0,85,0,68,111,1,180,98,0,98,278
12/09/2000,CHO,VA,AEA,EN,Federal Contract Tower,0,54,20,0,74,0,4,100,0,104,0,58,120,0,178,184,0,184,362
12/10/2000,CHO,VA,AEA,EN,Federal Contract Tower,0,47,18,0,65,0,4,2,0,6,0,51,20,0,71,0,0,0,71
12/11/2000,CHO,VA,AEA,EN,Federal Contract Tower,0,63,28,1,92,0,0,53,3,56,0,63,81,4,148,114,0,114,262
12/12/2000,CHO,VA,AEA,EN,Federal Contract Tower,0,49,18,1,68,0,0,17,2,19,0,49,35,3,87,10,0,10,97
12/13/2000,CHO,VA,AEA,EN,Federal Contract Tower,0,51,18,1,70,0,1,48,1,50,0,52,66,2,120,56,6,62,182
12/14/2000,CHO,VA,AEA,EN,Federal Contract Tower,0,30,13,0,43,0,0,8,0,8,0,30,21,0,51,2,0,2,53
12/15/2000,CHO,VA,AEA,EN,Federal Contract Tower,0,44,21,0,65,0,0,19,0,19,0,44,40,0,84,4,0,4,88
12/16/2000,CHO,VA,AEA,EN,Federal Contract Tower,0,31,10,0,41,0,0,1,0,1,0,31,11,0,42,0,0,0,42
12/17/2000,CHO,VA,AEA,EN,Federal Contract Tower,0,40,14,0,54,0,2,3,0,5,0,42,17,0,59,0,0,0,59
12/18/2000,CHO,VA,AEA,EN,Federal Contract Tower,0,55,22,1,78,0,0,112,3,115,0,55,134,4,193,86,2,88,281
12/19/2000,CHO,VA,AEA,EN,Federal Contract Tower,0,50,15,0,65,0,4,0,0,4,0,54,15,0,69,0,0,0,69
12/20/2000,CHO,VA,AEA,EN,Federal Contract Tower,0,58,21,1,80,0,0,28,3,31,0,58,49,4,111,28,0,28,139
12/21/2000,CHO,VA,AEA,EN,Federal Contract Tower,0,60,23,0,83,0,0,34,2,36,0,60,57,2,119,44,0,44,163
12/22/2000,CHO,VA,AEA,EN,Federal Contract Tower,0,48,18,0,66,0,5,17,0,22,0,53,35,0,88,32,0,32,120
12/23/2000,CHO,VA,AEA,EN,Federal Contract Tower,0,44,16,0,60,0,8,91,2,101,0,52,107,2,161,54,0,54,215
12/24/2000,CHO,VA,AEA,EN,Federal Contract Tower,0,38,14,0,52,0,5,46,0,51,0,43,60,0,103,42,0,42,145
12/25/2000,CHO,VA,AEA,EN,Federal Contract Tower,0,32,12,0,44,0,11,4,0,15,0,43,16,0,59,2,0,2,61
12/26/2000,CHO,VA,AEA,EN,Federal Contract Tower,0,68,25,0,93,0,17,55,0,72,0,85,80,0,165,46,0,46,211
12/27/2000,CHO,VA,AEA,EN,Federal Contract Tower,0,53,20,0,73,0,25,47,2,74,0,78,67,2,147,66,0,66,213
12/28/2000,CHO,VA,AEA,EN,Federal Contract Tower,0,60,22,0,82,0,0,36,2,38,0,60,58,2,120,24,4,28,148
12/29/2000,CHO,VA,AEA,EN,Federal Contract Tower,0,56,21,0,77,0,19,47,2,68,0,75,68,2,145,46,0,46,191
12/30/2000,CHO,VA,AEA,EN,Federal Contract Tower,0,37,14,0,51,0,10,7,0,17,0,47,21,0,68,58,0,58,126
12/31/2000,CHO,VA,AEA,EN,Federal Contract Tower,0,42,15,0,57,2,6,8,0,16,2,48,23,0,73,10,0,10,83
01/01/2001,CHO,VA,AEA,EN,Federal Contract Tower,0,34,13,0,47,0,4,38,0,42,0,38,51,0,89,60,0,60,149
01/02/2001,CHO,VA,AEA,EN,Federal Contract Tower,0,62,23,0,85,0,2,40,0,42,0,64,63,0,127,28,0,28,155
01/03/2001,CHO,VA,AEA,EN,Federal Contract Tower,0,56,21,1,78,0,11,72,3,86,0,67,93,4,164,76,0,76,240
01/04/2001,CHO,VA,AEA,EN,Federal Contract Tower,0,72,27,1,100,0,9,46,15,70,0,81,73,16,170,38,32,70,240
01/05/2001,CHO,VA,AEA,EN,Federal Contract Tower,0,61,24,1,86,2,3,23,5,33,2,64,47,6,119,28,0,28,147
01/06/2001,CHO,VA,AEA,EN,Federal Contract Tower,0,49,19,0,68,0,8,59,0,67,0,57,78,0,135,124,0,124,259
01/07/2001,CHO,VA,AEA,EN,Federal Contract Tower,0,51,19,2,72,0,5,116,0,121,0,56,135,2,193,128,0,128,321
01/08/2001,CHO,VA,AEA,EN,Federal Contract Tower,0,50,16,0,66,0,5,0,0,5,0,55,16,0,71,0,0,0,71
01/09/2001,CHO,VA,AEA,EN,Federal Contract Tower,0,52,19,2,73,0,6,22,2,30,0,58,41,4,103,130,0,130,233
01/10/2001,CHO,VA,AEA,EN,Federal Contract Tower,0,63,23,1,87,0,16,40,0,56,0,79,63,1,143,16,0,16,159
01/11/2001,CHO,VA,AEA,EN,Federal Contract Tower,0,74,28,2,104,0,0,83,0,83,0,74,111,2,187,98,0,98,285
01/12/2001,CHO,VA,AEA,EN,Federal Contract Tower,0,74,28,2,104,0,10,71,1,82,0,84,99,3,186,74,0,74,260
01/13/2001,CHO,VA,AEA,EN,Federal Contract Tower,0,46,18,1,65,0,6,143,2,151,0,52,161,3,216,118,0,118,334
01/14/2001,CHO,VA,AEA,EN,Federal Contract Tower,0,50,21,1,72,0,0,72,0,72,0,50,93,1,144,130,0,130,274
01/15/2001,CHO,VA,AEA,EN,Federal Contract Tower,0,44,19,0,63,1,0,39,0,40,1,44,58,0,103,134,0,134,237
01/16/2001,CHO,VA,AEA,EN,Federal Contract Tower,0,65,25,0,90,1,0,68,0,69,1,65,93,0,159,128,0,128,287
01/17/2001,CHO,VA,AEA,EN,Federal Contract Tower,0,66,25,1,92,0,19,69,5,93,0,85,94,6,185,92,2,94,279
01/18/2001,CHO,VA,AEA,EN,Federal Contract Tower,0,56,21,0,77,0,0,2,0,2,0,56,23,0,79,12,0,12,91
01/19/2001,CHO,VA,AEA,EN,Federal Contract Tower,0,55,21,0,76,0,0,4,0,4,0,55,25,0,80,0,0,0,80
01/20/2001,CHO,VA,AEA,EN,Federal Contract Tower,0,47,10,0,57,0,8,0,0,8,0,55,10,0,65,0,0,0,65
01/21/2001,CHO,VA,AEA,EN,Federal Contract Tower,0,51,19,1,71,0,4,112,1,117,0,55,131,2,188,114,0,114,302
01/22/2001,CHO,VA,AEA,EN,Federal Contract Tower,0,60,23,1,84,0,0,61,1,62,0,60,84,2,146,60,0,60,206
01/23/2001,CHO,VA,AEA,EN,Federal Contract Tower,0,79,29,1,109,0,0,75,11,86,0,79,104,12,195,148,8,156,351
01/24/2001,CHO,VA,AEA,EN,Federal Contract Tower,0,61,22,1,84,0,3,81,7,91,0,64,103,8,175,48,0,48,223
01/25/2001,CHO,VA,AEA,EN,Federal Contract Tower,0,60,25,1,86,0,0,37,7,44,0,60,62,8,130,10,12,22,152
01/26/2001,CHO,VA,AEA,EN,Federal Contract Tower,0,64,23,1,88,0,0,101,6,107,0,64,124,7,195,114,4,118,313
01/27/2001,CHO,VA,AEA,EN,Federal Contract Tower,0,45,15,0,60,0,10,0,0,10,0,55,15,0,70,4,0,4,74
01/28/2001,CHO,VA,AEA,EN,Federal Contract Tower,0,59,22,0,81,0,3,125,0,128,0,62,147,0,209,100,0,100,309
01/29/2001,CHO,VA,AEA,EN,Federal Contract Tower,0,62,23,1,86,0,0,52,1,53,0,62,75,2,139,22,0,22,161
01/30/2001,CHO,VA,AEA,EN,Federal Contract Tower,0,52,18,1,71,0,16,0,3,19,0,68,18,4,90,12,4,16,106
01/31/2001,CHO,VA,AEA,EN,Federal Contract Tower,0,64,24,0,88,0,0,37,0,37,0,64,61,0,125,20,0,20,145
02/01/2001,CHO,VA,AEA,EN,Federal Contract Tower,0,66,31,3,100,0,0,93,13,106,0,66,124,16,206,96,2,98,304
02/02/2001,CHO,VA,AEA,EN,Federal Contract Tower,0,63,29,3,95,0,1,48,3,52,0,64,77,6,147,52,0,52,199
02/03/2001,CHO,VA,AEA,EN,Federal Contract Tower,0,47,21,0,68,0,8,148,0,156,0,55,169,0,224,154,0,154,378
02/04/2001,CHO,VA,AEA,EN,Federal Contract Tower,0,52,23,0,75,0,11,79,0,90,0,63,102,0,165,214,0,214,379
02/05/2001,CHO,VA,AEA,EN,Federal Contract Tower,0,45,20,2,67,0,5,13,0,18,0,50,33,2,85,10,0,10,95
02/06/2001,CHO,VA,AEA,EN,Federal Contract Tower,0,63,29,3,95,0,0,47,13,60,0,63,76,16,155,88,10,98,253
02/07/2001,CHO,VA,AEA,EN,Federal Contract Tower,0,66,30,3,99,0,16,80,2,98,0,82,110,5,197,66,0,66,263
02/08/2001,CHO,VA,AEA,EN,Federal Contract Tower,0,63,29,3,95,0,15,64,1,80,0,78,93,4,175,62,8,70,245
02/09/2001,CHO,VA,AEA,EN,Federal Contract Tower,0,53,23,2,78,0,5,37,0,42,0,58,60,2,120,30,4,34,154
02/10/2001,CHO,VA,AEA,EN,Federal Contract Tower,0,47,21,0,68,0,10,25,0,35,0,57,46,0,103,22,0,22,125
02/11/2001,CHO,VA,AEA,EN,Federal Contract Tower,0,58,28,3,89,0,0,138,5,143,0,58,166,8,232,120,0,120,352
02/12/2001,CHO,VA,AEA,EN,Federal Contract Tower,0,58,26,0,84,0,7,112,0,119,0,65,138,0,203,22,0,22,225
02/13/2001,CHO,VA,AEA,EN,Federal Contract Tower,0,66,30,3,99,0,11,31,13,55,0,77,61,16,154,96,0,96,250
02/14/2001,CHO,VA,AEA,EN,Federal Contract Tower,0,50,20,0,70,0,2,1,0,3,0,52,21,0,73,0,0,0,73
02/15/2001,CHO,VA,AEA,EN,Federal Contract Tower,0,62,31,3,96,0,0,15,0,15,0,62,46,3,111,8,12,20,131
02/16/2001,CHO,VA,AEA,EN,Federal Contract Tower,0,70,30,0,100,0,5,6,0,11,0,75,36,0,111,0,0,0,111
02/17/2001,CHO,VA,AEA,EN,Federal Contract Tower,0,47,20,2,69,0,20,31,10,61,0,67,51,12,130,10,0,10,140
02/18/2001,CHO,VA,AEA,EN,Federal Contract Tower,0,42,18,1,61,0,16,147,3,166,0,58,165,4,227,156,0,156,383
02/19/2001,CHO,VA,AEA,EN,Federal Contract Tower,0,57,28,2,87,0,0,59,2,61,0,57,87,4,148,56,12,68,216
02/20/2001,CHO,VA,AEA,EN,Federal Contract Tower,0,61,28,2,91,0,0,51,1,52,0,61,79,3,143,50,0,50,193
02/21/2001,CHO,VA,AEA,EN,Federal Contract Tower,0,59,27,2,88,0,0,27,8,35,0,59,54,10,123,64,24,88,211
02/22/2001,CHO,VA,AEA,EN,Federal Contract Tower,0,41,14,1,56,0,3,0,1,4,0,44,14,2,60,0,0,0,60
02/23/2001,CHO,VA,AEA,EN,Federal Contract Tower,0,57,27,0,84,0,0,90,0,90,0,57,117,0,174,112,2,114,288
02/24/2001,CHO,VA,AEA,EN,Federal Contract Tower,0,54,23,2,79,0,11,111,2,124,0,65,134,4,203,98,0,98,301
02/25/2001,CHO,VA,AEA,EN,Federal Contract Tower,0,44,28,2,74,0,0,19,0,19,0,44,47,2,93,2,0,2,95
02/26/2001,CHO,VA,AEA,EN,Federal Contract Tower,0,60,27,2,89,0,8,54,0,62,0,68,81,2,151,40,0,40,191
02/27/2001,CHO,VA,AEA,EN,Federal Contract Tower,0,70,31,2,103,0,0,102,7,109,0,70,133,9,212,54,0,54,266
02/28/2001,CHO,VA,AEA,EN,Federal Contract Tower,0,62,28,2,92,0,0,64,3,67,0,62,92,5,159,58,28,86,245
03/01/2001,CHO,VA,AEA,EN,Federal Contract Tower,0,61,25,2,88,0,18,110,0,128,0,79,135,2,216,94,2,96,312
03/02/2001,CHO,VA,AEA,EN,Federal Contract Tower,1,63,29,2,95,1,0,73,0,74,2,63,102,2,169,32,6,38,207
03/03/2001,CHO,VA,AEA,EN,Federal Contract Tower,1,43,18,0,62,1,15,103,0,119,2,58,121,0,181,136,0,136,317
03/04/2001,CHO,VA,AEA,EN,Federal Contract Tower,0,49,16,0,65,0,7,0,0,7,0,56,16,0,72,0,0,0,72
03/05/2001,CHO,VA,AEA,EN,Federal Contract Tower,0,41,17,0,58,0,7,1,0,8,0,48,18,0,66,0,0,0,66
03/06/2001,CHO,VA,AEA,EN,Federal Contract Tower,0,50,17,0,67,0,7,0,0,7,0,57,17,0,74,0,0,0,74
03/07/2001,CHO,VA,AEA,EN,Federal Contract Tower,0,68,29,2,99,0,0,149,7,156,0,68,178,9,255,46,50,96,351
03/08/2001,CHO,VA,AEA,EN,Federal Contract Tower,0,58,25,0,83,0,0,89,0,89,0,58,114,0,172,122,0,122,294
03/09/2001,CHO,VA,AEA,EN,Federal Contract Tower,0,60,31,2,93,0,0,37,2,39,0,60,68,4,132,0,0,0,132
03/10/2001,CHO,VA,AEA,EN,Federal Contract Tower,0,49,21,0,70,0,6,117,0,123,0,55,138,0,193,92,0,92,285
03/11/2001,CHO,VA,AEA,EN,Federal Contract Tower,0,52,23,0,75,0,0,112,0,112,0,52,135,0,187,42,0,42,229
03/12/2001,CHO,VA,AEA,EN,Federal Contract Tower,0,69,28,0,97,0,5,84,0,89,0,74,112,0,186,66,0,66,252
03/13/2001,CHO,VA,AEA,EN,Federal Contract Tower,0,58,24,0,82,0,9,2,0,11,0,67,26,0,93,2,2,4,97
03/14/2001,CHO,VA,AEA,EN,Federal Contract Tower,0,64,26,2,92,2,4,44,0,50,2,68,70,2,142,14,0,14,156
03/15/2001,CHO,VA,AEA,EN,Federal Contract Tower,0,65,27,0,92,2,0,4,0,6,2,65,31,0,98,0,0,0,98
03/16/2001,CHO,VA,AEA,EN,Federal Contract Tower,0,58,30,3,91,0,0,7,10,17,0,58,37,13,108,0,0,0,108
03/17/2001,CHO,VA,AEA,EN,Federal Contract Tower,0,60,23,0,83,0,15,76,0,91,0,75,99,0,174,46,0,46,220
03/18/2001,CHO,VA,AEA,EN,Federal Contract Tower,0,62,24,2,88,2,13,81,0,96,2,75,105,2,184,133,0,133,317
03/19/2001,CHO,VA,AEA,EN,Federal Contract Tower,0,66,26,3,95,0,2,112,5,119,0,68,138,8,214,174,0,174,388
03/20/2001,CHO,VA,AEA,EN,Federal Contract Tower,0,73,31,3,107,0,0,34,6,40,0,73,65,9,147,40,20,60,207
03/21/2001,CHO,VA,AEA,EN,Federal Contract Tower,0,58,22,0,80,0,2,1,0,3,0,60,23,0,83,0,0,0,83
03/22/2001,CHO,VA,AEA,EN,Federal Contract Tower,0,54,21,0,75,0,7,29,0,36,0,61,50,0,111,2,0,2,113
03/23/2001,CHO,VA,AEA,EN,Federal Contract Tower,0,59,22,0,81,0,4,42,0,46,0,63,64,0,127,46,12,58,185
03/24/2001,CHO,VA,AEA,EN,Federal Contract Tower,0,52,20,0,72,0,4,30,0,34,0,56,50,0,106,20,0,20,126
03/25/2001,CHO,VA,AEA,EN,Federal Contract Tower,0,49,20,0,69,0,8,138,0,146,0,57,158,0,215,138,0,138,353
03/26/2001,CHO,VA,AEA,EN,Federal Contract Tower,0,75,31,2,108,0,3,37,10,50,0,78,68,12,158,60,0,60,218
03/27/2001,CHO,VA,AEA,EN,Federal Contract Tower,0,74,30,3,107,0,6,71,4,81,0,80,101,7,188,162,0,162,350
03/28/2001,CHO,VA,AEA,EN,Federal Contract Tower,0,56,23,2,81,0,9,131,10,150,0,65,154,12,231,80,16,96,327
03/29/2001,CHO,VA,AEA,EN,Federal Contract Tower,0,51,19,0,70,0,3,0,0,3,0,54,19,0,73,0,0,0,73
03/30/2001,CHO,VA,AEA,EN,Federal Contract Tower,0,54,27,2,83,0,0,80,7,87,0,54,107,9,170,174,0,174,344
03/31/2001,CHO,VA,AEA,EN,Federal Contract Tower,0,69,31,0,100,0,0,12,0,12,0,69,43,0,112,0,0,0,112
04/01/2001,CHO,VA,AEA,EN,Federal Contract Tower,0,57,32,0,89,0,1,5,0,6,0,58,37,0,95,0,0,0,95
04/02/2001,CHO,VA,AEA,EN,Federal Contract Tower,0,59,22,2,83,0,0,66,2,68,0,59,88,4,151,62,0,62,213
04/03/2001,CHO,VA,AEA,EN,Federal Contract Tower,0,57,44,12,113,0,0,44,13,57,0,57,88,25,170,142,44,186,356
04/04/2001,CHO,VA,AEA,EN,Federal Contract Tower,0,73,29,2,104,0,1,64,3,68,0,74,93,5,172,154,0,154,326
04/05/2001,CHO,VA,AEA,EN,Federal Contract Tower,0,71,35,4,110,0,0,139,0,139,0,71,174,4,249,154,12,166,415
04/06/2001,CHO,VA,AEA,EN,Federal Contract Tower,0,59,44,0,103,0,0,50,2,52,0,59,94,2,155,68,0,68,223
04/07/2001,CHO,VA,AEA,EN,Federal Contract Tower,0,54,35,0,89,0,0,70,0,70,0,54,105,0,159,108,0,108,267
04/08/2001,CHO,VA,AEA,EN,Federal Contract Tower,0,46,26,0,72,0,0,74,0,74,0,46,100,0,146,98,0,98,244
04/09/2001,CHO,VA,AEA,EN,Federal Contract Tower,0,43,23,4,70,0,2,75,2,79,0,45,98,6,149,86,4,90,239
04/10/2001,CHO,VA,AEA,EN,Federal Contract Tower,0,49,48,0,97,0,0,31,4,35,0,49,79,4,132,66,0,66,198
04/11/2001,CHO,VA,AEA,EN,Federal Contract Tower,0,52,25,5,82,0,0,0,0,0,0,52,25,5,82,0,0,0,82
04/12/2001,CHO,VA,AEA,EN,Federal Contract Tower,0,61,65,0,126,0,0,16,0,16,0,61,81,0,142,22,0,22,164
04/13/2001,CHO,VA,AEA,EN,Federal Contract Tower,0,66,49,2,117,0,0,39,0,39,0,66,88,2,156,30,22,52,208
04/14/2001,CHO,VA,AEA,EN,Federal Contract Tower,0,46,18,0,64,0,1,195,0,196,0,47,213,0,260,184,6,190,450
04/15/2001,CHO,VA,AEA,EN,Federal Contract Tower,0,50,30,0,80,0,0,38,0,38,0,50,68,0,118,52,0,52,170
04/16/2001,CHO,VA,AEA,EN,Federal Contract Tower,0,56,49,4,109,0,0,22,5,27,0,56,71,9,136,20,16,36,172
04/17/2001,CHO,VA,AEA,EN,Federal Contract Tower,0,57,25,6,88,0,4,32,1,37,0,61,57,7,125,36,4,40,165
04/18/2001,CHO,VA,AEA,EN,Federal Contract Tower,0,56,30,0,86,0,0,17,2,19,0,56,47,2,105,14,0,14,119
04/19/2001,CHO,VA,AEA,EN,Federal Contract Tower,0,55,40,0,95,0,12,109,2,123,0,67,149,2,218,142,4,146,364
04/20/2001,CHO,VA,AEA,EN,Federal Contract Tower,0,62,53,2,117,0,1,97,14,112,0,63,150,16,229,82,12,94,323
04/21/2001,CHO,VA,AEA,EN,Federal Contract Tower,0,54,33,2,89,0,1,79,0,80,0,55,112,2,169,76,0,76,245
04/22/2001,CHO,VA,AEA,EN,Federal Contract Tower,0,50,44,1,95,0,5,132,3,140,0,55,176,4,235,108,18,126,361
04/23/2001,CHO,VA,AEA,EN,Federal Contract Tower,0,54,43,2,99,0,3,97,0,100,0,57,140,2,199,138,22,160,359
04/24/2001,CHO,VA,AEA,EN,Federal Contract Tower,0,50,31,4,85,0,5,44,0,49,0,55,75,4,134,136,0,136,270
04/25/2001,CHO,VA,AEA,EN,Federal Contract Tower,0,57,50,2,109,0,15,68,2,85,0,72,118,4,194,28,0,28,222
04/26/2001,CHO,VA,AEA,EN,Federal Contract Tower,0,66,35,0,101,0,2,76,0,78,0,68,111,0,179,62,0,62,241
04/27/2001,CHO,VA,AEA,EN,Federal Contract Tower,0,64,47,0,111,0,0,85,0,85,0,64,132,0,196,116,0,116,312
04/28/2001,CHO,VA,AEA,EN,Federal Contract Tower,0,51,33,0,84,0,13,113,0,126,0,64,146,0,210,64,0,64,274
04/29/2001,CHO,VA,AEA,EN,Federal Contract Tower,0,54,35,0,89,0,0,153,0,153,0,54,188,0,242,112,0,112,354
04/30/2001,CHO,VA,AEA,EN,Federal Contract Tower,0,61,19,2,82,0,1,170,4,175,0,62,189,6,257,78,0,78,335
05/01/2001,CHO,VA,AEA,EN,Federal Contract Tower,0,58,45,0,103,0,5,85,0,90,0,63,130,0,193,118,10,128,321
05/02/2001,CHO,VA,AEA,EN,Federal Contract Tower,0,56,34,0,90,0,33,110,2,145,0,89,144,2,235,92,0,92,327
05/03/2001,CHO,VA,AEA,EN,Federal Contract Tower,0,59,52,2,113,0,14,112,0,126,0,73,164,2,239,138,0,138,377
05/04/2001,CHO,VA,AEA,EN,Federal Contract Tower,0,64,17,0,81,0,7,97,2,106,0,71,114,2,187,88,0,88,275
05/05/2001,CHO,VA,AEA,EN,Federal Contract Tower,0,48,26,4,78,0,0,83,2,85,0,48,109,6,163,128,4,132,295
05/06/2001,CHO,VA,AEA,EN,Federal Contract Tower,0,55,33,0,88,0,2,85,0,87,0,57,118,0,175,112,0,112,287
05/07/2001,CHO,VA,AEA,EN,Federal Contract Tower,0,80,48,0,128,0,0,87,6,93,0,80,135,6,221,68,22,90,311
05/08/2001,CHO,VA,AEA,EN,Federal Contract Tower,0,65,40,0,105,0,1,52,0,53,0,66,92,0,158,54,0,54,212
05/09/2001,CHO,VA,AEA,EN,Federal Contract Tower,0,61,47,6,114,0,3,67,6,76,0,64,114,12,190,66,16,82,272
05/10/2001,CHO,VA,AEA,EN,Federal Contract Tower,0,65,33,4,102,0,8,93,10,111,0,73,126,14,213,118,24,142,355
05/11/2001,CHO,VA,AEA,EN,Federal Contract Tower,0,59,42,3,104,0,13,97,5,115,0,72,139,8,219,68,0,68,287
05/12/2001,CHO,VA,AEA,EN,Federal Contract Tower,0,41,26,0,67,0,15,79,0,94,0,56,105,0,161,90,0,90,251
05/13/2001,CHO,VA,AEA,EN,Federal Contract Tower,0,41,27,0,68,0,4,81,0,85,0,45,108,0,153,62,0,62,215
05/14/2001,CHO,VA,AEA,EN,Federal Contract Tower,0,57,36,4,97,0,9,80,2,91,0,66,116,6,188,64,12,76,264
05/15/2001,CHO,VA,AEA,EN,Federal Contract Tower,0,54,45,0,99,0,1,52,3,56,0,55,97,3,155,54,0,54,209
05/16/2001,CHO,VA,AEA,EN,Federal Contract Tower,0,67,27,7,101,0,4,45,1,50,0,71,72,8,151,34,30,64,215
05/17/2001,CHO,VA,AEA,EN,Federal Contract Tower,0,65,67,0,132,0,0,0,0,0,0,65,67,0,132,0,0,0,132
05/18/2001,CHO,VA,AEA,EN,Federal Contract Tower,0,57,32,2,91,0,0,0,0,0,0,57,32,2,91,0,0,0,91
05/19/2001,CHO,VA,AEA,EN,Federal Contract Tower,0,52,33,0,85,0,2,15,0,17,0,54,48,0,102,38,0,38,140
05/20/2001,CHO,VA,AEA,EN,Federal Contract Tower,0,50,64,0,114,0,0,0,0,0,0,50,64,0,114,0,0,0,114
05/21/2001,CHO,VA,AEA,EN,Federal Contract Tower,0,57,36,1,94,0,0,0,0,0,0,57,36,1,94,0,0,0,94
05/22/2001,CHO,VA,AEA,EN,Federal Contract Tower,0,45,22,1,68,0,0,10,0,10,0,45,32,1,78,10,0,10,88
05/23/2001,CHO,VA,AEA,EN,Federal Contract Tower,0,55,38,2,95,0,0,94,7,101,0,55,132,9,196,100,14,114,310
05/24/2001,CHO,VA,AEA,EN,Federal Contract Tower,0,58,29,4,91,0,0,66,4,70,0,58,95,8,161,86,4,90,251
05/25/2001,CHO,VA,AEA,EN,Federal Contract Tower,0,62,57,4,123,0,11,11,0,22,0,73,68,4,145,0,0,0,145
05/26/2001,CHO,VA,AEA,EN,Federal Contract Tower,0,75,27,0,102,0,3,20,0,23,0,78,47,0,125,30,0,30,155
05/27/2001,CHO,VA,AEA,EN,Federal Contract Tower,0,39,23,0,62,0,2,28,0,30,0,41,51,0,92,24,0,24,116
05/28/2001,CHO,VA,AEA,EN,Federal Contract Tower,0,49,39,0,88,0,0,64,0,64,0,49,103,0,152,68,0,68,220
05/29/2001,CHO,VA,AEA,EN,Federal Contract Tower,0,55,46,0,101,0,3,81,0,84,0,58,127,0,185,122,0,122,307
05/30/2001,CHO,VA,AEA,EN,Federal Contract Tower,0,61,33,10,104,0,6,65,0,71,0,67,98,10,175,34,0,34,209
05/31/2001,CHO,VA,AEA,EN,Federal Contract Tower,0,56,30,6,92,0,0,103,1,104,0,56,133,7,196,132,2,134,330
06/01/2001,CHO,VA,AEA,EN,Federal Contract Tower,0,56,26,0,82,0,1,3,0,4,0,57,29,0,86,0,0,0,86
06/02/2001,CHO,VA,AEA,EN,Federal Contract Tower,0,45,25,1,71,0,0,57,1,58,0,45,82,2,129,76,10,86,215
06/03/2001,CHO,VA,AEA,EN,Federal Contract Tower,0,51,17,1,69,0,0,63,1,64,0,51,80,2,133,132,0,132,265
06/04/2001,CHO,VA,AEA,EN,Federal Contract Tower,0,54,30,0,84,0,0,63,0,63,0,54,93,0,147,72,0,72,219
06/05/2001,CHO,VA,AEA,EN,Federal Contract Tower,0,54,28,2,84,0,3,10,0,13,0,57,38,2,97,32,0,32,129
06/06/2001,CHO,VA,AEA,EN,Federal Contract Tower,0,56,24,1,81,0,0,23,1,24,0,56,47,2,105,32,0,32,137
06/07/2001,CHO,VA,AEA,EN,Federal Contract Tower,0,70,39,0,109,0,7,40,0,47,0,77,79,0,156,84,0,84,240
06/08/2001,CHO,VA,AEA,EN,Federal Contract Tower,0,65,35,1,101,0,18,89,3,110,0,83,124,4,211,92,0,92,303
06/09/2001,CHO,VA,AEA,EN,Federal Contract Tower,0,54,30,0,84,0,11,119,0,130,0,65,149,0,214,134,0,134,348
06/10/2001,CHO,VA,AEA,EN,Federal Contract Tower,0,50,27,2,79,0,6,107,2,115,0,56,134,4,194,110,0,110,304
06/11/2001,CHO,VA,AEA,EN,Federal Contract Tower,0,65,38,1,104,0,0,66,2,68,0,65,104,3,172,20,0,20,192
06/12/2001,CHO,VA,AEA,EN,Federal Contract Tower,0,55,31,1,87,0,2,66,5,73,0,57,97,6,160,80,6,86,246
06/13/2001,CHO,VA,AEA,EN,Federal Contract Tower,0,55,31,0,86,0,6,56,0,62,0,61,87,0,148,84,0,84,232
06/14/2001,CHO,VA,AEA,EN,Federal Contract Tower,0,51,39,1,91,0,0,47,3,50,0,51,86,4,141,14,2,16,157
06/15/2001,CHO,VA,AEA,EN,Federal Contract Tower,0,56,38,0,94,0,0,14,0,14,0,56,52,0,108,2,0,2,110
06/16/2001,CHO,VA,AEA,EN,Federal Contract Tower,0,49,28,0,77,0,7,9,0,16,0,56,37,0,93,20,0,20,113
06/17/2001,CHO,VA,AEA,EN,Federal Contract Tower,0,51,29,1,81,0,10,129,1,140,0,61,158,2,221,96,0,96,317
06/18/2001,CHO,VA,AEA,EN,Federal Contract Tower,0,51,41,1,93,0,5,115,1,121,0,56,156,2,214,38,8,46,260
06/19/2001,CHO,VA,AEA,EN,Federal Contract Tower,0,61,26,4,91,0,5,148,2,155,0,66,174,6,246,124,2,126,372
06/20/2001,CHO,VA,AEA,EN,Federal Contract Tower,0,50,33,0,83,0,0,70,2,72,0,50,103,2,155,68,2,70,225
06/21/2001,CHO,VA,AEA,EN,Federal Contract Tower,0,48,49,0,97,0,0,50,2,52,0,48,99,2,149,120,0,120,269
06/22/2001,CHO,VA,AEA,EN,Federal Contract Tower,0,43,24,0,67,0,1,0,2,3,0,44,24,2,70,0,0,0,70
06/23/2001,CHO,VA,AEA,EN,Federal Contract Tower,0,46,25,0,71,0,3,36,0,39,0,49,61,0,110,110,0,110,220
06/24/2001,CHO,VA,AEA,EN,Federal Contract Tower,0,45,26,0,71,0,2,89,0,91,0,47,115,0,162,54,0,54,216
06/25/2001,CHO,VA,AEA,EN,Federal Contract Tower,0,50,25,0,75,0,0,110,4,114,0,50,135,4,189,104,0,104,293
06/26/2001,CHO,VA,AEA,EN,Federal Contract Tower,0,53,28,0,81,0,0,86,0,86,0,53,114,0,167,66,0,66,233
06/27/2001,CHO,VA,AEA,EN,Federal Contract Tower,0,56,32,1,89,0,0,86,3,89,0,56,118,4,178,42,12,54,232
06/28/2001,CHO,VA,AEA,EN,Federal Contract Tower,0,54,43,6,103,0,0,75,0,75,0,54,118,6,178,124,18,142,320
06/29/2001,CHO,VA,AEA,EN,Federal Contract Tower,0,45,48,2,95,0,0,70,0,70,0,45,118,2,165,130,4,134,299
06/30/2001,CHO,VA,AEA,EN,Federal Contract Tower,0,49,14,0,63,0,0,81,0,81,0,49,95,0,144,66,0,66,210
07/01/2001,CHO,VA,AEA,EN,Federal Contract Tower,0,40,17,0,57,0,0,68,0,68,0,40,85,0,125,52,0,52,177
07/02/2001,CHO,VA,AEA,EN,Federal Contract Tower,0,50,16,0,66,0,0,76,0,76,0,50,92,0,142,116,0,116,258
07/03/2001,CHO,VA,AEA,EN,Federal Contract Tower,0,51,35,2,88,0,0,85,2,87,0,51,120,4,175,154,0,154,329
07/04/2001,CHO,VA,AEA,EN,Federal Contract Tower,0,42,18,0,60,0,8,24,0,32,0,50,42,0,92,58,0,58,150
07/05/2001,CHO,VA,AEA,EN,Federal Contract Tower,0,53,16,7,76,0,0,61,0,61,0,53,77,7,137,66,18,84,221
07/06/2001,CHO,VA,AEA,EN,Federal Contract Tower,0,49,16,6,71,0,0,109,0,109,0,49,125,6,180,138,4,142,322
07/07/2001,CHO,VA,AEA,EN,Federal Contract Tower,0,48,21,0,69,0,0,108,0,108,0,48,129,0,177,62,0,62,239
07/08/2001,CHO,VA,AEA,EN,Federal Contract Tower,0,44,22,0,66,0,0,13,0,13,0,44,35,0,79,24,0,24,103
07/09/2001,CHO,VA,AEA,EN,Federal Contract Tower,0,62,19,2,83,0,0,72,2,74,0,62,91,4,157,96,28,124,281
07/10/2001,CHO,VA,AEA,EN,Federal Contract Tower,0,57,20,2,79,0,7,70,0,77,0,64,90,2,156,64,12,76,232
07/11/2001,CHO,VA,AEA,EN,Federal Contract Tower,0,57,25,2,84,0,1,76,0,77,0,58,101,2,161,46,0,46,207
07/12/2001,CHO,VA,AEA,EN,Federal Contract Tower,0,61,24,5,90,0,0,153,5,158,0,61,177,10,248,130,20,150,398
07/13/2001,CHO,VA,AEA,EN,Federal Contract Tower,0,60,27,3,90,0,0,90,7,97,0,60,117,10,187,88,16,104,291
07/14/2001,CHO,VA,AEA,EN,Federal Contract Tower,0,44,17,0,61,0,0,131,0,131,0,44,148,0,192,64,0,64,256
07/15/2001,CHO,VA,AEA,EN,Federal Contract Tower,0,53,25,3,81,0,0,115,1,116,0,53,140,4,197,58,0,58,255
07/16/2001,CHO,VA,AEA,EN,Federal Contract Tower,0,53,17,3,73,0,0,86,1,87,0,53,103,4,160,122,4,126,286
07/17/2001,CHO,VA,AEA,EN,Federal Contract Tower,0,55,28,5,88,0,0,50,0,50,0,55,78,5,138,54,20,74,212
07/18/2001,CHO,VA,AEA,EN,Federal Contract Tower,0,59,36,11,106,0,0,5,0,5,0,59,41,11,111,0,0,0,111
07/19/2001,CHO,VA,AEA,EN,Federal Contract Tower,0,68,28,0,96,0,0,21,0,21,0,68,49,0,117,18,0,18,135
07/20/2001,CHO,VA,AEA,EN,Federal Contract Tower,0,63,30,3,96,0,4,79,11,94,0,67,109,14,190,76,4,80,270
07/21/2001,CHO,VA,AEA,EN,Federal Contract Tower,0,45,21,2,68,0,11,135,4,150,0,56,156,6,218,102,0,102,320
07/22/2001,CHO,VA,AEA,EN,Federal Contract Tower,0,46,23,0,69,0,4,117,0,121,0,50,140,0,190,122,0,122,312
07/23/2001,CHO,VA,AEA,EN,Federal Contract Tower,0,53,24,3,80,0,1,67,1,69,0,54,91,4,149,62,0,62,211
07/24/2001,CHO,VA,AEA,EN,Federal Contract Tower,0,50,45,0,95,0,0,35,0,35,0,50,80,0,130,154,0,154,284
07/25/2001,CHO,VA,AEA,EN,Federal Contract Tower,0,55,32,12,99,0,3,41,0,44,0,58,73,12,143,78,0,78,221
07/26/2001,CHO,VA,AEA,EN,Federal Contract Tower,0,58,49,1,108,0,0,125,1,126,0,58,174,2,234,64,0,64,298
07/27/2001,CHO,VA,AEA,EN,Federal Contract Tower,0,65,36,4,105,0,0,87,0,87,0,65,123,4,192,94,4,98,290
07/28/2001,CHO,VA,AEA,EN,Federal Contract Tower,0,50,24,0,74,0,10,58,0,68,0,60,82,0,142,94,0,94,236
07/29/2001,CHO,VA,AEA,EN,Federal Contract Tower,0,50,28,0,78,0,0,0,0,0,0,50,28,0,78,0,0,0,78
07/30/2001,CHO,VA,AEA,EN,Federal Contract Tower,0,54,54,4,112,0,0,41,0,41,0,54,95,4,153,70,0,70,223
07/31/2001,CHO,VA,AEA,EN,Federal Contract Tower,0,64,31,1,96,0,0,58,1,59,0,64,89,2,155,38,0,38,193
08/01/2001,CHO,VA,AEA,EN,Federal Contract Tower,0,61,41,0,102,0,2,95,4,101,0,63,136,4,203,94,0,94,297
08/02/2001,CHO,VA,AEA,EN,Federal Contract Tower,0,71,39,0,110,0,1,108,12,121,0,72,147,12,231,118,16,134,365
08/03/2001,CHO,VA,AEA,EN,Federal Contract Tower,0,65,37,8,110,0,1,85,0,86,0,66,122,8,196,106,20,126,322
08/04/2001,CHO,VA,AEA,EN,Federal Contract Tower,0,55,35,4,94,0,1,12,0,13,0,56,47,4,107,12,0,12,119
08/05/2001,CHO,VA,AEA,EN,Federal Contract Tower,0,49,47,0,96,0,7,126,0,133,0,56,173,0,229,24,0,24,253
08/06/2001,CHO,VA,AEA,EN,Federal Contract Tower,0,56,26,0,82,0,1,51,0,52,0,57,77,0,134,84,0,84,218
08/07/2001,CHO,VA,AEA,EN,Federal Contract Tower,0,62,26,2,90,0,4,46,0,50,0,66,72,2,140,72,0,72,212
08/08/2001,CHO,VA,AEA,EN,Federal Contract Tower,0,62,25,4,91,0,1,49,4,54,0,63,74,8,145,46,4,50,195
08/09/2001,CHO,VA,AEA,EN,Federal Contract Tower,0,60,34,3,97,0,1,43,1,45,0,61,77,4,142,76,6,82,224
08/10/2001,CHO,VA,AEA,EN,Federal Contract Tower,0,58,27,5,90,0,1,37,3,41,0,59,64,8,131,28,16,44,175
08/11/2001,CHO,VA,AEA,EN,Federal Contract Tower,0,58,26,0,84,0,0,10,0,10,0,58,36,0,94,26,0,26,120
08/12/2001,CHO,VA,AEA,EN,Federal Contract Tower,0,59,35,0,94,0,0,11,0,11,0,59,46,0,105,4,0,4,109
08/13/2001,CHO,VA,AEA,EN,Federal Contract Tower,0,61,34,3,98,0,0,7,1,8,0,61,41,4,106,0,0,0,106
08/14/2001,CHO,VA,AEA,EN,Federal Contract Tower,0,47,28,3,78,0,5,83,1,89,0,52,111,4,167,142,12,154,321
08/15/2001,CHO,VA,AEA,EN,Federal Contract Tower,0,61,28,4,93,0,1,154,5,160,0,62,182,9,253,94,12,106,359
08/16/2001,CHO,VA,AEA,EN,Federal Contract Tower,0,63,25,3,91,0,0,47,1,48,0,63,72,4,139,50,6,56,195
08/17/2001,CHO,VA,AEA,EN,Federal Contract Tower,0,56,37,1,94,0,0,36,1,37,0,56,73,2,131,40,0,40,171
08/18/2001,CHO,VA,AEA,EN,Federal Contract Tower,0,60,12,0,72,0,4,117,0,121,0,64,129,0,193,72,0,72,265
08/19/2001,CHO,VA,AEA,EN,Federal Contract Tower,0,53,32,3,88,0,0,13,1,14,0,53,45,4,102,16,0,16,118
08/20/2001,CHO,VA,AEA,EN,Federal Contract Tower,0,64,23,2,89,0,0,73,2,75,0,64,96,4,164,146,2,148,312
08/21/2001,CHO,VA,AEA,EN,Federal Contract Tower,0,62,47,0,109,0,2,72,2,76,0,64,119,2,185,64,0,64,249
08/22/2001,CHO,VA,AEA,EN,Federal Contract Tower,0,61,27,0,88,0,0,80,4,84,0,61,107,4,172,28,2,30,202
08/23/2001,CHO,VA,AEA,EN,Federal Contract Tower,0,59,30,0,89,0,0,66,0,66,0,59,96,0,155,144,0,144,299
08/24/2001,CHO,VA,AEA,EN,Federal Contract Tower,0,60,32,1,93,2,4,56,1,63,2,64,88,2,156,52,0,52,208
08/25/2001,CHO,VA,AEA,EN,Federal Contract Tower,2,58,36,0,96,0,0,108,16,124,2,58,144,16,220,82,0,82,302
08/26/2001,CHO,VA,AEA,EN,Federal Contract Tower,0,56,16,0,72,0,0,81,0,81,0,56,97,0,153,166,0,166,319
08/27/2001,CHO,VA,AEA,EN,Federal Contract Tower,0,57,30,2,89,0,0,49,2,51,0,57,79,4,140,58,22,80,220
08/28/2001,CHO,VA,AEA,EN,Federal Contract Tower,0,59,30,2,91,0,0,59,1,60,0,59,89,3,151,82,0,82,233
08/29/2001,CHO,VA,AEA,EN,Federal Contract Tower,0,61,33,2,96,0,0,35,12,47,0,61,68,14,143,16,0,16,159
08/30/2001,CHO,VA,AEA,EN,Federal Contract Tower,0,55,34,2,91,0,0,23,5,28,0,55,57,7,119,24,8,32,151
08/31/2001,CHO,VA,AEA,EN,Federal Contract Tower,0,72,50,2,124,0,4,37,0,41,0,76,87,2,165,52,2,54,219
09/01/2001,CHO,VA,AEA,EN,Federal Contract Tower,0,63,22,2,87,0,0,51,0,51,0,63,73,2,138,92,0,92,230
09/02/2001,CHO,VA,AEA,EN,Federal Contract Tower,0,53,16,0,69,0,3,118,0,121,0,56,134,0,190,146,0,146,336
09/03/2001,CHO,VA,AEA,EN,Federal Contract Tower,0,62,38,0,100,0,0,51,2,53,0,62,89,2,153,62,0,62,215
09/04/2001,CHO,VA,AEA,EN,Federal Contract Tower,0,70,25,7,102,0,3,156,3,162,0,73,181,10,264,56,6,62,326
09/05/2001,CHO,VA,AEA,EN,Federal Contract Tower,0,76,31,4,111,0,5,118,0,123,0,81,149,4,234,102,0,102,336
09/06/2001,CHO,VA,AEA,EN,Federal Contract Tower,0,60,15,2,77,0,1,94,2,97,0,61,109,4,174,66,6,72,246
09/07/2001,CHO,VA,AEA,EN,Federal Contract Tower,0,61,39,3,103,0,0,66,9,75,0,61,105,12,178,78,4,82,260
09/08/2001,CHO,VA,AEA,EN,Federal Contract Tower,0,64,20,2,86,0,10,97,0,107,0,74,117,2,193,92,0,92,285
09/09/2001,CHO,VA,AEA,EN,Federal Contract Tower,0,55,44,7,106,0,0,34,2,36,0,55,78,9,142,130,12,142,284
09/10/2001,CHO,VA,AEA,EN,Federal Contract Tower,0,64,27,0,91,0,0,8,0,8,0,64,35,0,99,0,0,0,99
09/11/2001,CHO,VA,AEA,EN,Federal Contract Tower,0,14,4,0,18,0,1,6,0,7,0,15,10,0,25,8,0,8,33
09/12/2001,CHO,VA,AEA,EN,Federal Contract Tower,0,0,2,0,2,0,0,6,0,6,0,0,8,0,8,0,0,0,8
09/13/2001,CHO,VA,AEA,EN,Federal Contract Tower,0,13,7,0,20,0,0,0,0,0,0,13,7,0,20,0,0,0,20
09/14/2001,CHO,VA,AEA,EN,Federal Contract Tower,0,63,3,12,78,0,0,2,0,2,0,63,5,12,80,0,20,20,100
09/15/2001,CHO,VA,AEA,EN,Federal Contract Tower,0,63,32,0,95,0,4,3,0,7,0,67,35,0,102,0,0,0,102
09/16/2001,CHO,VA,AEA,EN,Federal Contract Tower,0,60,37,0,97,0,0,0,0,0,0,60,37,0,97,0,0,0,97
09/17/2001,CHO,VA,AEA,EN,Federal Contract Tower,0,62,50,0,112,0,0,0,0,0,0,62,50,0,112,0,0,0,112
09/18/2001,CHO,VA,AEA,EN,Federal Contract Tower,0,73,46,7,126,0,0,0,0,0,0,73,46,7,126,0,0,0,126
09/19/2001,CHO,VA,AEA,EN,Federal Contract Tower,0,72,61,2,135,0,0,0,0,0,0,72,61,2,135,0,10,10,145
09/20/2001,CHO,VA,AEA,EN,Federal Contract Tower,0,74,20,2,96,0,0,3,0,3,0,74,23,2,99,0,0,0,99
09/21/2001,CHO,VA,AEA,EN,Federal Contract Tower,2,62,58,7,129,0,0,20,4,24,2,62,78,11,153,14,0,14,167
09/22/2001,CHO,VA,AEA,EN,Federal Contract Tower,0,65,40,0,105,0,3,65,0,68,0,68,105,0,173,108,0,108,281
09/23/2001,CHO,VA,AEA,EN,Federal Contract Tower,0,67,54,0,121,0,0,95,0,95,0,67,149,0,216,146,0,146,362
09/24/2001,CHO,VA,AEA,EN,Federal Contract Tower,0,64,24,0,88,0,0,6,0,6,0,64,30,0,94,0,0,0,94
09/25/2001,CHO,VA,AEA,EN,Federal Contract Tower,0,61,34,0,95,0,1,39,2,42,0,62,73,2,137,10,0,10,147
09/26/2001,CHO,VA,AEA,EN,Federal Contract Tower,0,64,38,12,114,0,4,67,0,71,0,68,105,12,185,44,0,44,229
09/27/2001,CHO,VA,AEA,EN,Federal Contract Tower,0,66,35,0,101,0,2,68,0,70,0,68,103,0,171,102,0,102,273
09/28/2001,CHO,VA,AEA,EN,Federal Contract Tower,0,90,70,4,164,0,16,84,2,102,0,106,154,6,266,38,8,46,312
09/29/2001,CHO,VA,AEA,EN,Federal Contract Tower,0,67,37,0,104,0,4,81,0,85,0,71,118,0,189,92,0,92,281
09/30/2001,CHO,VA,AEA,EN,Federal Contract Tower,0,83,53,2,138,0,2,68,2,72,0,85,121,4,210,36,2,38,248
10/01/2001,CHO,VA,AEA,EN,Federal Contract Tower,0,69,28,1,98,0,0,66,3,69,0,69,94,4,167,98,0,98,265
10/02/2001,CHO,VA,AEA,EN,Federal Contract Tower,0,73,27,0,100,0,2,49,0,51,0,75,76,0,151,88,0,88,239
10/03/2001,CHO,VA,AEA,EN,Federal Contract Tower,0,74,29,5,108,0,0,75,1,76,0,74,104,6,184,62,0,62,246
10/04/2001,CHO,VA,AEA,EN,Federal Contract Tower,0,68,34,2,104,0,0,79,0,79,0,68,113,2,183,60,10,70,253
10/05/2001,CHO,VA,AEA,EN,Federal Contract Tower,0,66,34,0,100,0,4,46,0,50,0,70,80,0,150,80,0,80,230
10/06/2001,CHO,VA,AEA,EN,Federal Contract Tower,0,62,18,2,82,0,0,9,0,9,0,62,27,2,91,12,0,12,103
10/07/2001,CHO,VA,AEA,EN,Federal Contract Tower,0,58,22,0,80,0,0,87,0,87,0,58,109,0,167,122,0,122,289
10/08/2001,CHO,VA,AEA,EN,Federal Contract Tower,0,73,40,1,114,0,1,137,0,138,0,74,177,1,252,128,2,130,382
10/09/2001,CHO,VA,AEA,EN,Federal Contract Tower,0,74,31,2,107,0,0,75,0,75,0,74,106,2,182,88,6,94,276
10/10/2001,CHO,VA,AEA,EN,Federal Contract Tower,0,74,39,10,123,0,6,90,0,96,0,80,129,10,219,58,16,74,293
10/11/2001,CHO,VA,AEA,EN,Federal Contract Tower,0,96,34,12,142,0,18,75,9,102,0,114,109,21,244,60,0,60,304
10/12/2001,CHO,VA,AEA,EN,Federal Contract Tower,0,84,40,2,126,0,1,58,3,62,0,85,98,5,188,94,2,96,284
10/13/2001,CHO,VA,AEA,EN,Federal Contract Tower,0,61,32,0,93,2,0,122,0,124,2,61,154,0,217,102,0,102,319
10/14/2001,CHO,VA,AEA,EN,Federal Contract Tower,0,58,39,0,97,0,0,1,0,1,0,58,40,0,98,0,0,0,98
10/15/2001,CHO,VA,AEA,EN,Federal Contract Tower,0,2,0,0,2,0,69,100,4,173,0,71,100,4,175,52,4,56,231
10/16/2001,CHO,VA,AEA,EN,Federal Contract Tower,0,2,0,0,2,0,63,61,15,139,0,65,61,15,141,126,26,152,293
10/17/2001,CHO,VA,AEA,EN,Federal Contract Tower,0,76,33,2,111,0,3,43,4,50,0,79,76,6,161,0,0,0,161
10/18/2001,CHO,VA,AEA,EN,Federal Contract Tower,0,71,52,2,125,0,6,100,1,107,0,77,152,3,232,110,12,122,354
10/19/2001,CHO,VA,AEA,EN,Federal Contract Tower,2,80,52,3,137,0,0,116,5,121,2,80,168,8,258,76,36,112,370
10/20/2001,CHO,VA,AEA,EN,Federal Contract Tower,0,79,41,0,120,2,11,178,0,191,2,90,219,0,311,60,4,64,375
10/21/2001,CHO,VA,AEA,EN,Federal Contract Tower,0,77,70,0,147,0,0,116,0,116,0,77,186,0,263,90,0,90,353
10/22/2001,CHO,VA,AEA,EN,Federal Contract Tower,0,75,40,4,119,0,10,86,2,98,0,85,126,6,217,58,26,84,301
10/23/2001,CHO,VA,AEA,EN,Federal Contract Tower,0,70,50,5,125,0,4,50,2,56,0,74,100,7,181,20,6,26,207
10/24/2001,CHO,VA,AEA,EN,Federal Contract Tower,0,65,29,7,101,0,5,70,0,75,0,70,99,7,176,56,4,60,236
10/25/2001,CHO,VA,AEA,EN,Federal Contract Tower,0,77,43,5,125,0,0,19,1,20,0,77,62,6,145,10,38,48,193
10/26/2001,CHO,VA,AEA,EN,Federal Contract Tower,2,73,39,6,120,0,0,16,0,16,2,73,55,6,136,2,0,2,138
10/27/2001,CHO,VA,AEA,EN,Federal Contract Tower,0,63,32,2,97,0,12,35,0,47,0,75,67,2,144,12,0,12,156
10/28/2001,CHO,VA,AEA,EN,Federal Contract Tower,0,65,40,0,105,0,3,91,0,94,0,68,131,0,199,40,0,40,239
10/29/2001,CHO,VA,AEA,EN,Federal Contract Tower,0,61,31,2,94,0,6,87,6,99,0,67,118,8,193,92,6,98,291
10/30/2001,CHO,VA,AEA,EN,Federal Contract Tower,0,76,39,0,115,0,15,57,0,72,0,91,96,0,187,102,0,102,289
10/31/2001,CHO,VA,AEA,EN,Federal Contract Tower,0,61,28,6,95,0,2,59,0,61,0,63,87,6,156,54,24,78,234
11/01/2001,CHO,VA,AEA,EN,Federal Contract Tower,0,69,41,7,117,0,1,99,1,101,0,70,140,8,218,129,16,145,363
11/02/2001,CHO,VA,AEA,EN,Federal Contract Tower,0,66,53,4,123,0,2,39,2,43,0,68,92,6,166,48,2,50,216
11/03/2001,CHO,VA,AEA,EN,Federal Contract Tower,0,57,32,0,89,0,0,117,0,117,0,57,149,0,206,60,0,60,266
11/04/2001,CHO,VA,AEA,EN,Federal Contract Tower,0,63,60,0,123,0,17,123,0,140,0,80,183,0,263,64,0,64,327
11/05/2001,CHO,VA,AEA,EN,Federal Contract Tower,0,55,19,10,84,0,4,34,1,39,0,59,53,11,123,16,10,26,149
11/06/2001,CHO,VA,AEA,EN,Federal Contract Tower,0,67,42,5,114,0,3,56,3,62,0,70,98,8,176,76,6,82,258
11/07/2001,CHO,VA,AEA,EN,Federal Contract Tower,0,61,32,0,93,0,5,68,0,73,0,66,100,0,166,70,0,70,236
11/08/2001,CHO,VA,AEA,EN,Federal Contract Tower,0,66,38,2,106,0,3,82,0,85,0,69,120,2,191,64,4,68,259
11/09/2001,CHO,VA,AEA,EN,Federal Contract Tower,2,77,39,4,122,0,5,37,0,42,2,82,76,4,164,26,0,26,190
11/10/2001,CHO,VA,AEA,EN,Federal Contract Tower,2,46,25,0,73,0,15,79,0,94,2,61,104,0,167,46,0,46,213
11/11/2001,CHO,VA,AEA,EN,Federal Contract Tower,0,63,30,0,93,0,1,81,0,82,0,64,111,0,175,68,0,68,243
11/12/2001,CHO,VA,AEA,EN,Federal Contract Tower,0,55,29,2,86,0,0,69,10,79,0,55,98,12,165,122,4,126,291
11/13/2001,CHO,VA,AEA,EN,Federal Contract Tower,0,56,17,4,77,0,2,70,0,72,0,58,87,4,149,44,0,44,193
11/14/2001,CHO,VA,AEA,EN,Federal Contract Tower,0,67,29,8,104,0,1,61,0,62,0,68,90,8,166,26,0,26,192
11/15/2001,CHO,VA,AEA,EN,Federal Contract Tower,0,62,32,2,96,0,6,91,7,104,0,68,123,9,200,74,0,74,274
11/16/2001,CHO,VA,AEA,EN,Federal Contract Tower,0,61,32,0,93,0,7,78,0,85,0,68,110,0,178,58,0,58,236
11/17/2001,CHO,VA,AEA,EN,Federal Contract Tower,0,80,39,4,123,0,7,74,0,81,0,87,113,4,204,44,0,44,248
11/18/2001,CHO,VA,AEA,EN,Federal Contract Tower,0,57,38,0,95,0,0,75,0,75,0,57,113,0,170,74,0,74,244
11/19/2001,CHO,VA,AEA,EN,Federal Contract Tower,0,58,31,0,89,0,0,38,0,38,0,58,69,0,127,28,0,28,155
11/20/2001,CHO,VA,AEA,EN,Federal Contract Tower,0,74,36,2,112,0,0,26,0,26,0,74,62,2,138,30,6,36,174
11/21/2001,CHO,VA,AEA,EN,Federal Contract Tower,0,65,38,2,105,0,0,117,0,117,0,65,155,2,222,82,0,82,304
11/22/2001,CHO,VA,AEA,EN,Federal Contract Tower,2,44,22,0,68,0,10,35,0,45,2,54,57,0,113,20,0,20,133
11/23/2001,CHO,VA,AEA,EN,Federal Contract Tower,2,49,22,0,73,0,12,88,0,100,2,61,110,0,173,72,0,72,245
11/24/2001,CHO,VA,AEA,EN,Federal Contract Tower,4,50,28,0,82,0,0,4,0,4,4,50,32,0,86,0,0,0,86
11/25/2001,CHO,VA,AEA,EN,Federal Contract Tower,0,58,36,0,94,0,0,16,0,16,0,58,52,0,110,0,0,0,110
11/26/2001,CHO,VA,AEA,EN,Federal Contract Tower,0,71,47,4,122,0,1,49,1,51,0,72,96,5,173,38,4,42,215
11/27/2001,CHO,VA,AEA,EN,Federal Contract Tower,0,58,54,0,112,0,0,1,0,1,0,58,55,0,113,0,0,0,113
11/28/2001,CHO,VA,AEA,EN,Federal Contract Tower,0,65,29,3,97,0,0,46,1,47,0,65,75,4,144,10,24,34,178
11/29/2001,CHO,VA,AEA,EN,Federal Contract Tower,0,78,29,4,111,0,2,14,1,17,0,80,43,5,128,4,6,10,138
11/30/2001,CHO,VA,AEA,EN,Federal Contract Tower,1,57,30,1,89,0,6,0,3,9,1,63,30,4,98,0,0,0,98
12/01/2001,CHO,VA,AEA,EN,Federal Contract Tower,2,64,56,0,122,0,14,96,0,110,2,78,152,0,232,14,0,14,246
12/02/2001,CHO,VA,AEA,EN,Federal Contract Tower,0,49,29,0,78,0,1,63,0,64,0,50,92,0,142,28,0,28,170
12/03/2001,CHO,VA,AEA,EN,Federal Contract Tower,0,65,21,2,88,0,1,61,0,62,0,66,82,2,150,134,0,134,284
12/04/2001,CHO,VA,AEA,EN,Federal Contract Tower,0,66,31,2,99,0,0,98,15,113,0,66,129,17,212,64,28,92,304
12/05/2001,CHO,VA,AEA,EN,Federal Contract Tower,0,58,29,12,99,0,1,65,0,66,0,59,94,12,165,46,30,76,241
12/06/2001,CHO,VA,AEA,EN,Federal Contract Tower,0,72,35,6,113,0,0,31,2,33,0,72,66,8,146,74,28,102,248
12/07/2001,CHO,VA,AEA,EN,Federal Contract Tower,0,62,34,2,98,0,3,46,0,49,0,65,80,2,147,56,16,72,219
12/08/2001,CHO,VA,AEA,EN,Federal Contract Tower,0,49,17,0,66,0,0,0,0,0,0,49,17,0,66,0,0,0,66
12/09/2001,CHO,VA,AEA,EN,Federal Contract Tower,0,48,21,0,69,0,0,142,0,142,0,48,163,0,211,54,0,54,265
12/10/2001,CHO,VA,AEA,EN,Federal Contract Tower,0,55,16,4,75,0,0,38,2,40,0,55,54,6,115,36,0,36,151
12/11/2001,CHO,VA,AEA,EN,Federal Contract Tower,0,67,29,2,98,0,0,4,0,4,0,67,33,2,102,0,0,0,102
12/12/2001,CHO,VA,AEA,EN,Federal Contract Tower,0,71,41,5,117,0,0,15,7,22,0,71,56,12,139,16,0,16,155
12/13/2001,CHO,VA,AEA,EN,Federal Contract Tower,0,56,31,10,97,0,1,6,3,10,0,57,37,13,107,20,14,34,141
12/14/2001,CHO,VA,AEA,EN,Federal Contract Tower,0,59,37,0,96,0,0,2,0,2,0,59,39,0,98,0,0,0,98
12/15/2001,CHO,VA,AEA,EN,Federal Contract Tower,0,54,24,0,78,0,5,83,0,88,0,59,107,0,166,62,0,62,228
12/16/2001,CHO,VA,AEA,EN,Federal Contract Tower,0,49,26,0,75,0,0,94,0,94,0,49,120,0,169,44,0,44,213
12/17/2001,CHO,VA,AEA,EN,Federal Contract Tower,0,57,39,2,98,0,2,0,4,6,0,59,39,6,104,4,0,4,108
12/18/2001,CHO,VA,AEA,EN,Federal Contract Tower,0,59,22,4,85,0,0,17,0,17,0,59,39,4,102,24,2,26,128
12/19/2001,CHO,VA,AEA,EN,Federal Contract Tower,0,57,28,3,88,0,0,86,6,92,0,57,114,9,180,78,24,102,282
12/20/2001,CHO,VA,AEA,EN,Federal Contract Tower,0,62,23,4,89,0,0,26,0,26,0,62,49,4,115,6,18,24,139
12/21/2001,CHO,VA,AEA,EN,Federal Contract Tower,0,56,32,3,91,0,2,18,1,21,0,58,50,4,112,6,0,6,118
12/22/2001,CHO,VA,AEA,EN,Federal Contract Tower,0,57,19,0,76,0,4,112,0,116,0,61,131,0,192,80,0,80,272
12/23/2001,CHO,VA,AEA,EN,Federal Contract Tower,0,48,19,0,67,0,0,42,0,42,0,48,61,0,109,16,0,16,125
12/24/2001,CHO,VA,AEA,EN,Federal Contract Tower,0,45,12,0,57,0,0,31,0,31,0,45,43,0,88,20,0,20,108
12/25/2001,CHO,VA,AEA,EN,Federal Contract Tower,0,42,1,0,43,0,0,18,0,18,0,42,19,0,61,4,0,4,65
12/26/2001,CHO,VA,AEA,EN,Federal Contract Tower,0,57,19,0,76,0,3,68,1,72,0,60,87,1,148,26,0,26,174
12/27/2001,CHO,VA,AEA,EN,Federal Contract Tower,0,54,23,6,83,0,0,77,1,78,0,54,100,7,161,20,30,50,211
12/28/2001,CHO,VA,AEA,EN,Federal Contract Tower,0,60,14,0,74,0,5,44,0,49,0,65,58,0,123,42,0,42,165
12/29/2001,CHO,VA,AEA,EN,Federal Contract Tower,0,63,15,0,78,0,2,51,0,53,0,65,66,0,131,4,0,4,135
12/30/2001,CHO,VA,AEA,EN,Federal Contract Tower,0,48,18,0,66,0,0,37,2,39,0,48,55,2,105,134,0,134,239
12/31/2001,CHO,VA,AEA,EN,Federal Contract Tower,0,44,14,0,58,0,0,51,0,51,0,44,65,0,109,30,0,30,139
01/01/2002,CHO,VA,AEA,EN,Federal Contract Tower,0,40,8,0,48,0,0,67,0,67,0,40,75,0,115,34,0,34,149
01/02/2002,CHO,VA,AEA,EN,Federal Contract Tower,0,57,18,7,82,0,4,66,7,77,0,61,84,14,159,56,14,70,229
01/03/2002,CHO,VA,AEA,EN,Federal Contract Tower,0,52,2,0,54,0,0,8,0,8,0,52,10,0,62,4,0,4,66
01/04/2002,CHO,VA,AEA,EN,Federal Contract Tower,0,59,28,0,87,0,0,40,2,42,0,59,68,2,129,28,0,28,157
01/05/2002,CHO,VA,AEA,EN,Federal Contract Tower,0,61,17,0,78,0,3,67,2,72,0,64,84,2,150,80,0,80,230
01/06/2002,CHO,VA,AEA,EN,Federal Contract Tower,0,43,16,0,59,0,0,9,0,9,0,43,25,0,68,10,0,10,78
01/07/2002,CHO,VA,AEA,EN,Federal Contract Tower,0,55,14,0,69,0,1,8,0,9,0,56,22,0,78,0,0,0,78
01/08/2002,CHO,VA,AEA,EN,Federal Contract Tower,0,61,14,0,75,0,3,38,0,41,0,64,52,0,116,38,0,38,154
01/09/2002,CHO,VA,AEA,EN,Federal Contract Tower,0,58,13,3,74,0,3,47,3,53,0,61,60,6,127,48,8,56,183
01/10/2002,CHO,VA,AEA,EN,Federal Contract Tower,0,55,17,4,76,0,2,27,0,29,0,57,44,4,105,10,0,10,115
01/11/2002,CHO,VA,AEA,EN,Federal Contract Tower,0,52,21,2,75,0,2,6,3,11,0,54,27,5,86,2,12,14,100
01/12/2002,CHO,VA,AEA,EN,Federal Contract Tower,0,49,21,0,70,0,13,70,0,83,0,62,91,0,153,40,0,40,193
01/13/2002,CHO,VA,AEA,EN,Federal Contract Tower,0,48,18,0,66,0,0,11,0,11,0,48,29,0,77,6,0,6,83
01/14/2002,CHO,VA,AEA,EN,Federal Contract Tower,0,50,22,4,76,0,3,36,4,43,0,53,58,8,119,68,6,74,193
01/15/2002,CHO,VA,AEA,EN,Federal Contract Tower,0,55,18,6,79,0,1,57,0,58,0,56,75,6,137,14,2,16,153
01/16/2002,CHO,VA,AEA,EN,Federal Contract Tower,0,56,22,2,80,0,0,59,2,61,0,56,81,4,141,46,6,52,193
01/17/2002,CHO,VA,AEA,EN,Federal Contract Tower,0,55,27,1,83,0,0,48,5,53,0,55,75,6,136,82,18,100,236
01/18/2002,CHO,VA,AEA,EN,Federal Contract Tower,0,63,31,5,99,0,5,54,1,60,0,68,85,6,159,50,4,54,213
01/19/2002,CHO,VA,AEA,EN,Federal Contract Tower,0,35,1,0,36,0,0,0,0,0,0,35,1,0,36,0,0,0,36
01/20/2002,CHO,VA,AEA,EN,Federal Contract Tower,0,52,25,0,77,0,0,46,0,46,0,52,71,0,123,28,0,28,151
01/21/2002,CHO,VA,AEA,EN,Federal Contract Tower,0,60,30,0,90,0,0,16,0,16,0,60,46,0,106,46,0,46,152
01/22/2002,CHO,VA,AEA,EN,Federal Contract Tower,0,57,26,12,95,0,2,93,1,96,0,59,119,13,191,84,22,106,297
01/23/2002,CHO,VA,AEA,EN,Federal Contract Tower,0,62,38,4,104,0,0,10,3,13,0,62,48,7,117,18,2,20,137
01/24/2002,CHO,VA,AEA,EN,Federal Contract Tower,2,62,32,0,96,0,1,14,0,15,2,63,46,0,111,4,0,4,115
01/25/2002,CHO,VA,AEA,EN,Federal Contract Tower,0,61,27,3,91,0,6,52,0,58,0,67,79,3,149,60,0,60,209
01/26/2002,CHO,VA,AEA,EN,Federal Contract Tower,0,61,24,0,85,0,2,122,0,124,0,63,146,0,209,48,0,48,257
01/27/2002,CHO,VA,AEA,EN,Federal Contract Tower,0,50,33,7,90,0,7,114,2,123,0,57,147,9,213,110,0,110,323
01/28/2002,CHO,VA,AEA,EN,Federal Contract Tower,0,53,16,3,72,0,3,69,0,72,0,56,85,3,144,56,0,56,200
01/29/2002,CHO,VA,AEA,EN,Federal Contract Tower,0,60,31,2,93,0,0,70,10,80,0,60,101,12,173,152,2,154,327
01/30/2002,CHO,VA,AEA,EN,Federal Contract Tower,0,56,25,2,83,0,0,53,0,53,0,56,78,2,136,42,18,60,196
01/31/2002,CHO,VA,AEA,EN,Federal Contract Tower,0,61,63,0,124,0,0,2,0,2,0,61,65,0,126,0,0,0,126
02/01/2002,CHO,VA,AEA,EN,Federal Contract Tower,0,51,31,0,82,0,1,5,1,7,0,52,36,1,89,0,2,2,91
02/02/2002,CHO,VA,AEA,EN,Federal Contract Tower,0,51,21,2,74,0,8,75,0,83,0,59,96,2,157,56,4,60,217
02/03/2002,CHO,VA,AEA,EN,Federal Contract Tower,0,43,21,0,64,0,9,120,0,129,0,52,141,0,193,110,0,110,303
02/04/2002,CHO,VA,AEA,EN,Federal Contract Tower,0,51,37,0,88,0,1,6,0,7,0,52,43,0,95,42,0,42,137
02/05/2002,CHO,VA,AEA,EN,Federal Contract Tower,0,53,19,0,72,0,5,65,0,70,0,58,84,0,142,66,0,66,208
02/06/2002,CHO,VA,AEA,EN,Federal Contract Tower,0,57,24,0,81,0,1,61,0,62,0,58,85,0,143,74,0,74,217
02/07/2002,CHO,VA,AEA,EN,Federal Contract Tower,0,51,25,1,77,0,0,100,4,104,0,51,125,5,181,0,14,14,195
02/08/2002,CHO,VA,AEA,EN,Federal Contract Tower,0,66,30,0,96,0,1,136,0,137,0,67,166,0,233,128,0,128,361
02/09/2002,CHO,VA,AEA,EN,Federal Contract Tower,0,48,14,0,62,0,0,146,0,146,0,48,160,0,208,94,0,94,302
02/10/2002,CHO,VA,AEA,EN,Federal Contract Tower,0,52,44,0,96,0,0,0,0,0,0,52,44,0,96,0,0,0,96
02/11/2002,CHO,VA,AEA,EN,Federal Contract Tower,0,61,29,0,90,0,0,2,0,2,0,61,31,0,92,2,0,2,94
02/12/2002,CHO,VA,AEA,EN,Federal Contract Tower,1,64,30,0,95,0,0,33,0,33,1,64,63,0,128,34,0,34,162
02/13/2002,CHO,VA,AEA,EN,Federal Contract Tower,0,58,28,4,90,0,2,81,0,83,0,60,109,4,173,94,12,106,279
02/14/2002,CHO,VA,AEA,EN,Federal Contract Tower,0,58,37,0,95,0,3,74,0,77,0,61,111,0,172,88,0,88,260
02/15/2002,CHO,VA,AEA,EN,Federal Contract Tower,0,63,24,4,91,0,2,91,4,97,0,65,115,8,188,50,32,82,270
02/16/2002,CHO,VA,AEA,EN,Federal Contract Tower,2,52,16,0,70,0,1,100,0,101,2,53,116,0,171,136,0,136,307
02/17/2002,CHO,VA,AEA,EN,Federal Contract Tower,0,48,8,0,56,0,0,117,0,117,0,48,125,0,173,44,0,44,217
02/18/2002,CHO,VA,AEA,EN,Federal Contract Tower,0,58,30,0,88,0,3,108,0,111,0,61,138,0,199,104,0,104,303
02/19/2002,CHO,VA,AEA,EN,Federal Contract Tower,0,66,33,6,105,0,4,93,3,100,0,70,126,9,205,90,12,102,307
02/20/2002,CHO,VA,AEA,EN,Federal Contract Tower,0,64,21,0,85,0,2,133,0,135,0,66,154,0,220,48,0,48,268
02/21/2002,CHO,VA,AEA,EN,Federal Contract Tower,0,51,21,6,78,0,6,45,0,51,0,57,66,6,129,128,18,146,275
02/22/2002,CHO,VA,AEA,EN,Federal Contract Tower,0,64,24,5,93,0,0,50,1,51,0,64,74,6,144,154,10,164,308
02/23/2002,CHO,VA,AEA,EN,Federal Contract Tower,0,59,16,2,77,0,7,115,0,122,0,66,131,2,199,114,0,114,313
02/24/2002,CHO,VA,AEA,EN,Federal Contract Tower,0,53,30,2,85,0,0,93,2,95,0,53,123,4,180,130,16,146,326
02/25/2002,CHO,VA,AEA,EN,Federal Contract Tower,0,55,30,0,85,0,0,59,2,61,0,55,89,2,146,154,0,154,300
02/26/2002,CHO,VA,AEA,EN,Federal Contract Tower,0,62,22,2,86,0,6,141,1,148,0,68,163,3,234,84,20,104,338
02/27/2002,CHO,VA,AEA,EN,Federal Contract Tower,2,55,22,8,87,0,3,10,0,13,2,58,32,8,100,0,12,12,112
02/28/2002,CHO,VA,AEA,EN,Federal Contract Tower,3,65,28,2,98,0,0,62,0,62,3,65,90,2,160,56,8,64,224
03/01/2002,CHO,VA,AEA,EN,Federal Contract Tower,1,60,31,0,92,0,0,102,2,104,1,60,133,2,196,102,4,106,302
03/02/2002,CHO,VA,AEA,EN,Federal Contract Tower,1,53,20,0,74,0,2,11,0,13,1,55,31,0,87,28,0,28,115
03/03/2002,CHO,VA,AEA,EN,Federal Contract Tower,0,45,18,0,63,0,0,11,0,11,0,45,29,0,74,8,0,8,82
03/04/2002,CHO,VA,AEA,EN,Federal Contract Tower,0,51,23,2,76,0,6,19,0,25,0,57,42,2,101,30,14,44,145
03/05/2002,CHO,VA,AEA,EN,Federal Contract Tower,0,53,17,0,70,0,0,67,0,67,0,53,84,0,137,48,0,48,185
03/06/2002,CHO,VA,AEA,EN,Federal Contract Tower,1,61,23,2,87,0,0,71,3,74,1,61,94,5,161,154,22,176,337
03/07/2002,CHO,VA,AEA,EN,Federal Contract Tower,0,57,36,0,93,0,3,96,0,99,0,60,132,0,192,120,0,120,312
03/08/2002,CHO,VA,AEA,EN,Federal Contract Tower,0,64,40,2,106,0,2,97,0,99,0,66,137,2,205,56,8,64,269
03/09/2002,CHO,VA,AEA,EN,Federal Contract Tower,2,49,34,0,85,0,0,4,0,4,2,49,38,0,89,6,0,6,95
03/10/2002,CHO,VA,AEA,EN,Federal Contract Tower,0,52,14,0,66,0,2,36,0,38,0,54,50,0,104,0,0,0,104
03/11/2002,CHO,VA,AEA,EN,Federal Contract Tower,0,52,12,4,68,0,9,94,0,103,0,61,106,4,171,40,0,40,211
03/12/2002,CHO,VA,AEA,EN,Federal Contract Tower,0,59,21,2,82,0,0,10,0,10,0,59,31,2,92,18,8,26,118
03/13/2002,CHO,VA,AEA,EN,Federal Contract Tower,0,55,21,0,76,0,0,0,0,0,0,55,21,0,76,0,0,0,76
03/14/2002,CHO,VA,AEA,EN,Federal Contract Tower,2,55,20,2,79,0,2,97,4,103,2,57,117,6,182,136,16,152,334
03/15/2002,CHO,VA,AEA,EN,Federal Contract Tower,0,63,24,3,90,0,6,67,4,77,0,69,91,7,167,50,0,50,217
03/16/2002,CHO,VA,AEA,EN,Federal Contract Tower,1,56,21,2,80,0,9,62,0,71,1,65,83,2,151,80,0,80,231
03/17/2002,CHO,VA,AEA,EN,Federal Contract Tower,1,53,28,3,85,0,4,2,1,7,1,57,30,4,92,0,0,0,92
03/18/2002,CHO,VA,AEA,EN,Federal Contract Tower,0,63,30,0,93,0,0,8,0,8,0,63,38,0,101,6,0,6,107
03/19/2002,CHO,VA,AEA,EN,Federal Contract Tower,0,61,41,2,104,0,0,1,0,1,0,61,42,2,105,2,0,2,107
03/20/2002,CHO,VA,AEA,EN,Federal Contract Tower,0,65,26,6,97,0,0,2,0,2,0,65,28,6,99,0,0,0,99
03/21/2002,CHO,VA,AEA,EN,Federal Contract Tower,0,58,25,2,85,0,2,64,5,71,0,60,89,7,156,148,8,156,312
03/22/2002,CHO,VA,AEA,EN,Federal Contract Tower,0,61,29,6,96,0,0,51,6,57,0,61,80,12,153,8,6,14,167
03/23/2002,CHO,VA,AEA,EN,Federal Contract Tower,0,56,29,0,85,0,0,90,1,91,0,56,119,1,176,66,0,66,242
03/24/2002,CHO,VA,AEA,EN,Federal Contract Tower,0,59,26,0,85,0,0,78,0,78,0,59,104,0,163,86,0,86,249
03/25/2002,CHO,VA,AEA,EN,Federal Contract Tower,0,58,25,4,87,0,0,43,0,43,0,58,68,4,130,20,6,26,156
03/26/2002,CHO,VA,AEA,EN,Federal Contract Tower,0,52,14,0,66,0,0,0,0,0,0,52,14,0,66,0,0,0,66
03/27/2002,CHO,VA,AEA,EN,Federal Contract Tower,0,59,25,2,86,0,8,124,0,132,0,67,149,2,218,44,24,68,286
03/28/2002,CHO,VA,AEA,EN,Federal Contract Tower,0,63,46,4,113,0,13,107,0,120,0,76,153,4,233,174,0,174,407
03/29/2002,CHO,VA,AEA,EN,Federal Contract Tower,0,68,36,0,104,0,0,77,2,79,0,68,113,2,183,84,0,84,267
03/30/2002,CHO,VA,AEA,EN,Federal Contract Tower,0,66,19,0,85,0,11,87,0,98,0,77,106,0,183,102,0,102,285
03/31/2002,CHO,VA,AEA,EN,Federal Contract Tower,0,57,30,0,87,0,0,5,0,5,0,57,35,0,92,0,0,0,92
04/01/2002,CHO,VA,AEA,EN,Federal Contract Tower,0,57,41,0,98,0,0,55,0,55,0,57,96,0,153,38,0,38,191
04/02/2002,CHO,VA,AEA,EN,Federal Contract Tower,0,60,31,0,91,0,4,87,0,91,0,64,118,0,182,76,0,76,258
04/03/2002,CHO,VA,AEA,EN,Federal Contract Tower,0,63,21,1,85,0,2,129,1,132,0,65,150,2,217,24,6,30,247
04/04/2002,CHO,VA,AEA,EN,Federal Contract Tower,0,62,28,0,90,0,0,159,2,161,0,62,187,2,251,110,0,110,361
04/05/2002,CHO,VA,AEA,EN,Federal Contract Tower,0,63,50,0,113,0,0,102,0,102,0,63,152,0,215,96,2,98,313
04/06/2002,CHO,VA,AEA,EN,Federal Contract Tower,0,63,23,2,88,0,4,47,0,51,0,67,70,2,139,16,0,16,155
04/07/2002,CHO,VA,AEA,EN,Federal Contract Tower,0,66,26,0,92,0,0,75,0,75,0,66,101,0,167,72,0,72,239
04/08/2002,CHO,VA,AEA,EN,Federal Contract Tower,0,63,30,1,94,0,0,146,5,151,0,63,176,6,245,50,14,64,309
04/09/2002,CHO,VA,AEA,EN,Federal Contract Tower,0,71,32,0,103,0,4,113,0,117,0,75,145,0,220,44,0,44,264
04/10/2002,CHO,VA,AEA,EN,Federal Contract Tower,0,64,35,9,108,0,2,45,3,50,0,66,80,12,158,34,12,46,204
04/11/2002,CHO,VA,AEA,EN,Federal Contract Tower,0,62,33,3,98,0,0,68,0,68,0,62,101,3,166,82,0,82,248
04/12/2002,CHO,VA,AEA,EN,Federal Contract Tower,0,73,62,4,139,0,0,0,0,0,0,73,62,4,139,0,0,0,139
04/13/2002,CHO,VA,AEA,EN,Federal Contract Tower,0,60,29,0,89,0,0,17,0,17,0,60,46,0,106,24,0,24,130
04/14/2002,CHO,VA,AEA,EN,Federal Contract Tower,0,57,45,0,102,0,0,30,0,30,0,57,75,0,132,20,0,20,152
04/15/2002,CHO,VA,AEA,EN,Federal Contract Tower,0,67,33,0,100,0,0,61,2,63,0,67,94,2,163,66,8,74,237
04/16/2002,CHO,VA,AEA,EN,Federal Contract Tower,0,61,27,5,93,0,5,70,2,77,0,66,97,7,170,84,26,110,280
04/17/2002,CHO,VA,AEA,EN,Federal Contract Tower,0,58,30,1,89,0,2,152,3,157,0,60,182,4,246,68,2,70,316
04/18/2002,CHO,VA,AEA,EN,Federal Contract Tower,0,74,33,0,107,0,4,27,0,31,0,78,60,0,138,112,0,112,250
04/19/2002,CHO,VA,AEA,EN,Federal Contract Tower,0,62,27,0,89,0,0,40,0,40,0,62,67,0,129,26,0,26,155
04/20/2002,CHO,VA,AEA,EN,Federal Contract Tower,0,66,26,0,92,0,3,57,0,60,0,69,83,0,152,64,0,64,216
04/21/2002,CHO,VA,AEA,EN,Federal Contract Tower,0,72,40,0,112,0,0,0,0,0,0,72,40,0,112,0,0,0,112
04/22/2002,CHO,VA,AEA,EN,Federal Contract Tower,0,66,32,4,102,0,0,20,0,20,0,66,52,4,122,0,10,10,132
04/23/2002,CHO,VA,AEA,EN,Federal Contract Tower,0,70,26,9,105,0,0,50,2,52,0,70,76,11,157,146,14,160,317
04/24/2002,CHO,VA,AEA,EN,Federal Contract Tower,0,63,26,1,90,0,1,107,2,110,0,64,133,3,200,152,2,154,354
04/25/2002,CHO,VA,AEA,EN,Federal Contract Tower,0,67,49,8,124,0,0,102,0,102,0,67,151,8,226,70,16,86,312
04/26/2002,CHO,VA,AEA,EN,Federal Contract Tower,0,60,47,2,109,0,4,107,6,117,0,64,154,8,226,56,10,66,292
04/27/2002,CHO,VA,AEA,EN,Federal Contract Tower,0,54,45,0,99,0,2,120,2,124,0,56,165,2,223,72,0,72,295
04/28/2002,CHO,VA,AEA,EN,Federal Contract Tower,0,54,21,0,75,0,2,5,0,7,0,56,26,0,82,0,0,0,82
04/29/2002,CHO,VA,AEA,EN,Federal Contract Tower,0,70,22,0,92,0,0,41,2,43,0,70,63,2,135,120,0,120,255
04/30/2002,CHO,VA,AEA,EN,Federal Contract Tower,0,60,35,4,99,0,2,72,0,74,0,62,107,4,173,48,26,74,247
05/01/2002,CHO,VA,AEA,EN,Federal Contract Tower,0,63,27,2,92,0,1,77,0,78,0,64,104,2,170,58,4,62,232
05/02/2002,CHO,VA,AEA,EN,Federal Contract Tower,0,63,38,0,101,0,0,100,0,100,0,63,138,0,201,40,0,40,241
05/03/2002,CHO,VA,AEA,EN,Federal Contract Tower,0,71,37,3,111,0,0,63,7,70,0,71,100,10,181,74,0,74,255
05/04/2002,CHO,VA,AEA,EN,Federal Contract Tower,0,64,23,0,87,0,3,74,0,77,0,67,97,0,164,72,0,72,236
05/05/2002,CHO,VA,AEA,EN,Federal Contract Tower,0,57,32,3,92,0,0,81,1,82,0,57,113,4,174,62,0,62,236
05/06/2002,CHO,VA,AEA,EN,Federal Contract Tower,0,62,33,6,101,0,0,74,0,74,0,62,107,6,175,94,30,124,299
05/07/2002,CHO,VA,AEA,EN,Federal Contract Tower,0,61,28,0,89,0,0,28,2,30,0,61,56,2,119,90,0,90,209
05/08/2002,CHO,VA,AEA,EN,Federal Contract Tower,0,62,32,5,99,0,0,61,0,61,0,62,93,5,160,48,12,60,220
05/09/2002,CHO,VA,AEA,EN,Federal Contract Tower,0,62,32,6,100,0,0,4,0,4,0,62,36,6,104,0,0,0,104
05/10/2002,CHO,VA,AEA,EN,Federal Contract Tower,0,63,53,8,124,0,2,73,2,77,0,65,126,10,201,72,4,76,277
05/11/2002,CHO,VA,AEA,EN,Federal Contract Tower,0,58,16,0,74,0,0,111,9,120,0,58,127,9,194,76,0,76,270
05/12/2002,CHO,VA,AEA,EN,Federal Contract Tower,0,54,29,0,83,0,5,100,0,105,0,59,129,0,188,40,0,40,228
05/13/2002,CHO,VA,AEA,EN,Federal Contract Tower,0,56,22,0,78,0,0,12,0,12,0,56,34,0,90,0,4,4,94
05/14/2002,CHO,VA,AEA,EN,Federal Contract Tower,0,57,27,12,96,0,0,18,15,33,0,57,45,27,129,4,6,10,139
05/15/2002,CHO,VA,AEA,EN,Federal Contract Tower,0,61,31,2,94,0,3,81,3,87,0,64,112,5,181,48,0,48,229
05/16/2002,CHO,VA,AEA,EN,Federal Contract Tower,0,58,47,4,109,0,1,83,8,92,0,59,130,12,201,40,2,42,243
05/17/2002,CHO,VA,AEA,EN,Federal Contract Tower,0,66,45,0,111,0,0,62,0,62,0,66,107,0,173,28,0,28,201
05/18/2002,CHO,VA,AEA,EN,Federal Contract Tower,0,63,32,0,95,0,6,11,0,17,0,69,43,0,112,2,0,2,114
05/19/2002,CHO,VA,AEA,EN,Federal Contract Tower,0,71,40,0,111,0,2,92,0,94,0,73,132,0,205,56,0,56,261
05/20/2002,CHO,VA,AEA,EN,Federal Contract Tower,0,64,40,2,106,0,0,88,6,94,0,64,128,8,200,48,8,56,256
05/21/2002,CHO,VA,AEA,EN,Federal Contract Tower,0,60,45,0,105,0,6,78,0,84,0,66,123,0,189,64,20,84,273
05/22/2002,CHO,VA,AEA,EN,Federal Contract Tower,0,61,28,6,95,0,0,103,10,113,0,61,131,16,208,60,6,66,274
05/23/2002,CHO,VA,AEA,EN,Federal Contract Tower,0,62,32,2,96,0,4,102,6,112,0,66,134,8,208,126,16,142,350
05/24/2002,CHO,VA,AEA,EN,Federal Contract Tower,0,68,33,2,103,0,11,113,0,124,0,79,146,2,227,120,8,128,355
05/25/2002,CHO,VA,AEA,EN,Federal Contract Tower,0,51,25,0,76,0,9,55,0,64,0,60,80,0,140,40,0,40,180
05/26/2002,CHO,VA,AEA,EN,Federal Contract Tower,0,63,15,0,78,0,0,45,0,45,0,63,60,0,123,122,0,122,245
05/27/2002,CHO,VA,AEA,EN,Federal Contract Tower,0,50,21,0,71,0,4,59,0,63,0,54,80,0,134,48,0,48,182
05/28/2002,CHO,VA,AEA,EN,Federal Contract Tower,0,62,29,1,92,0,0,52,1,53,0,62,81,2,145,58,0,58,203
05/29/2002,CHO,VA,AEA,EN,Federal Contract Tower,0,70,35,4,109,0,0,62,0,62,0,70,97,4,171,94,4,98,269
05/30/2002,CHO,VA,AEA,EN,Federal Contract Tower,0,70,31,8,109,0,6,85,0,91,0,76,116,8,200,90,14,104,304
05/31/2002,CHO,VA,AEA,EN,Federal Contract Tower,0,57,21,2,80,0,0,66,0,66,0,57,87,2,146,56,0,56,202
06/01/2002,CHO,VA,AEA,EN,Federal Contract Tower,0,62,22,0,84,0,2,92,0,94,0,64,114,0,178,40,0,40,218
06/02/2002,CHO,VA,AEA,EN,Federal Contract Tower,0,60,20,0,80,0,4,61,0,65,0,64,81,0,145,8,0,8,153
06/03/2002,CHO,VA,AEA,EN,Federal Contract Tower,0,61,20,5,86,0,2,63,5,70,0,63,83,10,156,82,2,84,240
06/04/2002,CHO,VA,AEA,EN,Federal Contract Tower,0,65,20,2,87,0,0,131,0,131,0,65,151,2,218,48,6,54,272
06/05/2002,CHO,VA,AEA,EN,Federal Contract Tower,0,81,35,12,128,0,6,39,0,45,0,87,74,12,173,84,24,108,281
06/06/2002,CHO,VA,AEA,EN,Federal Contract Tower,0,56,31,1,88,0,0,31,1,32,0,56,62,2,120,58,14,72,192
06/07/2002,CHO,VA,AEA,EN,Federal Contract Tower,0,66,52,3,121,0,3,59,8,70,0,69,111,11,191,55,4,59,250
06/08/2002,CHO,VA,AEA,EN,Federal Contract Tower,0,55,20,0,75,0,0,80,0,80,0,55,100,0,155,104,0,104,259
06/09/2002,CHO,VA,AEA,EN,Federal Contract Tower,0,54,37,0,91,0,0,128,0,128,0,54,165,0,219,72,0,72,291
06/10/2002,CHO,VA,AEA,EN,Federal Contract Tower,0,61,22,3,86,0,0,51,6,57,0,61,73,9,143,20,12,32,175
06/11/2002,CHO,VA,AEA,EN,Federal Contract Tower,0,75,31,4,110,0,6,58,0,64,0,81,89,4,174,68,4,72,246
06/12/2002,CHO,VA,AEA,EN,Federal Contract Tower,0,68,43,20,131,0,4,73,2,79,0,72,116,22,210,46,0,46,256
06/13/2002,CHO,VA,AEA,EN,Federal Contract Tower,0,63,32,0,95,0,6,21,0,27,0,69,53,0,122,58,0,58,180
06/14/2002,CHO,VA,AEA,EN,Federal Contract Tower,0,74,48,0,122,0,9,16,0,25,0,83,64,0,147,34,0,34,181
06/15/2002,CHO,VA,AEA,EN,Federal Contract Tower,0,58,26,0,84,0,5,64,1,70,0,63,90,1,154,32,0,32,186
06/16/2002,CHO,VA,AEA,EN,Federal Contract Tower,0,56,29,0,85,0,0,85,0,85,0,56,114,0,170,64,0,64,234
06/17/2002,CHO,VA,AEA,EN,Federal Contract Tower,0,61,35,0,96,0,0,86,0,86,0,61,121,0,182,130,0,130,312
06/18/2002,CHO,VA,AEA,EN,Federal Contract Tower,0,63,38,4,105,0,0,73,0,73,0,63,111,4,178,132,12,144,322
06/19/2002,CHO,VA,AEA,EN,Federal Contract Tower,0,67,40,0,107,0,0,121,4,125,0,67,161,4,232,46,0,46,278
06/20/2002,CHO,VA,AEA,EN,Federal Contract Tower,0,65,28,6,99,0,8,80,0,88,0,73,108,6,187,98,0,98,285
06/21/2002,CHO,VA,AEA,EN,Federal Contract Tower,0,68,29,3,100,0,3,82,8,93,0,71,111,11,193,94,16,110,303
06/22/2002,CHO,VA,AEA,EN,Federal Contract Tower,0,58,23,0,81,0,8,119,4,131,0,66,142,4,212,18,28,46,258
06/23/2002,CHO,VA,AEA,EN,Federal Contract Tower,0,67,38,0,105,0,5,79,0,84,0,72,117,0,189,24,0,24,213
06/24/2002,CHO,VA,AEA,EN,Federal Contract Tower,0,57,19,9,85,0,0,97,4,101,0,57,116,13,186,88,20,108,294
06/25/2002,CHO,VA,AEA,EN,Federal Contract Tower,0,65,11,2,78,0,0,78,0,78,0,65,89,2,156,80,0,80,236
06/26/2002,CHO,VA,AEA,EN,Federal Contract Tower,0,67,32,6,105,0,0,63,0,63,0,67,95,6,168,58,4,62,230
06/27/2002,CHO,VA,AEA,EN,Federal Contract Tower,0,55,20,0,75,0,1,35,2,38,0,56,55,2,113,42,0,42,155
06/28/2002,CHO,VA,AEA,EN,Federal Contract Tower,0,65,25,0,90,0,6,53,2,61,0,71,78,2,151,50,0,50,201
06/29/2002,CHO,VA,AEA,EN,Federal Contract Tower,0,51,24,0,75,0,6,110,0,116,0,57,134,0,191,62,0,62,253
06/30/2002,CHO,VA,AEA,EN,Federal Contract Tower,0,51,23,0,74,0,2,78,0,80,0,53,101,0,154,52,0,52,206
07/01/2002,CHO,VA,AEA,EN,Federal Contract Tower,0,62,28,11,101,0,0,85,5,90,0,62,113,16,191,68,40,108,299
07/02/2002,CHO,VA,AEA,EN,Federal Contract Tower,0,62,29,0,91,0,12,55,0,67,0,74,84,0,158,80,0,80,238
07/03/2002,CHO,VA,AEA,EN,Federal Contract Tower,0,58,24,6,88,0,2,55,4,61,0,60,79,10,149,80,12,92,241
07/04/2002,CHO,VA,AEA,EN,Federal Contract Tower,0,48,15,0,63,0,0,45,0,45,0,48,60,0,108,36,0,36,144
07/05/2002,CHO,VA,AEA,EN,Federal Contract Tower,0,51,27,0,78,0,3,56,0,59,0,54,83,0,137,6,0,6,143
07/06/2002,CHO,VA,AEA,EN,Federal Contract Tower,0,47,16,4,67,0,4,80,0,84,0,51,96,4,151,22,4,26,177
07/07/2002,CHO,VA,AEA,EN,Federal Contract Tower,0,48,35,0,83,0,5,77,0,82,0,53,112,0,165,132,0,132,297
07/08/2002,CHO,VA,AEA,EN,Federal Contract Tower,0,62,28,0,90,0,2,46,4,52,0,64,74,4,142,26,2,28,170
07/09/2002,CHO,VA,AEA,EN,Federal Contract Tower,0,58,34,13,105,0,0,40,1,41,0,58,74,14,146,34,18,52,198
07/10/2002,CHO,VA,AEA,EN,Federal Contract Tower,0,64,31,12,107,0,0,26,4,30,0,64,57,16,137,140,8,148,285
07/11/2002,CHO,VA,AEA,EN,Federal Contract Tower,0,65,16,4,85,0,3,88,0,91,0,68,104,4,176,176,0,176,352
07/12/2002,CHO,VA,AEA,EN,Federal Contract Tower,0,68,38,0,106,0,4,91,0,95,0,72,129,0,201,68,0,68,269
07/13/2002,CHO,VA,AEA,EN,Federal Contract Tower,0,53,33,0,86,0,2,74,4,80,0,55,107,4,166,42,0,42,208
07/14/2002,CHO,VA,AEA,EN,Federal Contract Tower,0,55,39,4,98,0,0,0,0,0,0,55,39,4,98,0,0,0,98
07/15/2002,CHO,VA,AEA,EN,Federal Contract Tower,0,53,35,8,96,0,2,75,0,77,0,55,110,8,173,16,0,16,189
07/16/2002,CHO,VA,AEA,EN,Federal Contract Tower,0,61,15,4,80,0,0,69,1,70,0,61,84,5,150,84,4,88,238
07/17/2002,CHO,VA,AEA,EN,Federal Contract Tower,2,64,29,2,97,0,3,84,2,89,2,67,113,4,186,64,14,78,264
07/18/2002,CHO,VA,AEA,EN,Federal Contract Tower,0,61,20,0,81,0,5,66,2,73,0,66,86,2,154,68,24,92,246
07/19/2002,CHO,VA,AEA,EN,Federal Contract Tower,0,64,23,0,87,0,0,134,2,136,0,64,157,2,223,82,2,84,307
07/20/2002,CHO,VA,AEA,EN,Federal Contract Tower,0,48,27,0,75,0,0,34,4,38,0,48,61,4,113,94,14,108,221
07/21/2002,CHO,VA,AEA,EN,Federal Contract Tower,0,50,43,0,93,0,4,63,12,79,0,54,106,12,172,64,0,64,236
07/22/2002,CHO,VA,AEA,EN,Federal Contract Tower,0,60,31,2,93,0,0,46,0,46,0,60,77,2,139,72,2,74,213
07/23/2002,CHO,VA,AEA,EN,Federal Contract Tower,0,58,27,0,85,0,0,39,0,39,0,58,66,0,124,130,0,130,254
07/24/2002,CHO,VA,AEA,EN,Federal Contract Tower,0,64,45,10,119,0,0,23,2,25,0,64,68,12,144,32,14,46,190
07/25/2002,CHO,VA,AEA,EN,Federal Contract Tower,0,72,56,4,132,0,0,1,0,1,0,72,57,4,133,16,0,16,149
07/26/2002,CHO,VA,AEA,EN,Federal Contract Tower,0,72,47,0,119,0,0,0,0,0,0,72,47,0,119,0,0,0,119
07/27/2002,CHO,VA,AEA,EN,Federal Contract Tower,0,53,33,0,86,0,4,25,0,29,0,57,58,0,115,14,0,14,129
07/28/2002,CHO,VA,AEA,EN,Federal Contract Tower,0,58,23,0,81,0,0,87,0,87,0,58,110,0,168,12,0,12,180
07/29/2002,CHO,VA,AEA,EN,Federal Contract Tower,0,65,33,1,99,0,0,68,1,69,0,65,101,2,168,62,0,62,230
07/30/2002,CHO,VA,AEA,EN,Federal Contract Tower,0,54,32,4,90,0,0,56,0,56,0,54,88,4,146,56,4,60,206
07/31/2002,CHO,VA,AEA,EN,Federal Contract Tower,2,72,28,5,107,0,0,113,1,114,2,72,141,6,221,124,6,130,351
08/01/2002,CHO,VA,AEA,EN,Federal Contract Tower,1,61,28,4,94,1,8,77,4,90,2,69,105,8,184,52,0,52,236
08/02/2002,CHO,VA,AEA,EN,Federal Contract Tower,0,68,36,2,106,0,3,68,0,71,0,71,104,2,177,72,0,72,249
08/03/2002,CHO,VA,AEA,EN,Federal Contract Tower,0,57,13,0,70,0,0,80,0,80,0,57,93,0,150,40,0,40,190
08/04/2002,CHO,VA,AEA,EN,Federal Contract Tower,0,54,30,0,84,0,1,54,0,55,0,55,84,0,139,48,0,48,187
08/05/2002,CHO,VA,AEA,EN,Federal Contract Tower,4,63,16,2,85,0,9,57,0,66,4,72,73,2,151,82,0,82,233
08/06/2002,CHO,VA,AEA,EN,Federal Contract Tower,0,67,15,6,88,0,0,55,0,55,0,67,70,6,143,86,0,86,229
08/07/2002,CHO,VA,AEA,EN,Federal Contract Tower,0,63,38,2,103,0,3,150,0,153,0,66,188,2,256,92,10,102,358
08/08/2002,CHO,VA,AEA,EN,Federal Contract Tower,0,61,22,9,92,0,4,144,7,155,0,65,166,16,247,160,34,194,441
08/09/2002,CHO,VA,AEA,EN,Federal Contract Tower,0,64,28,12,104,0,0,140,4,144,0,64,168,16,248,60,10,70,318
08/10/2002,CHO,VA,AEA,EN,Federal Contract Tower,0,49,25,0,74,0,3,130,0,133,0,52,155,0,207,60,0,60,267
08/11/2002,CHO,VA,AEA,EN,Federal Contract Tower,0,47,34,0,81,0,0,70,0,70,0,47,104,0,151,34,0,34,185
08/12/2002,CHO,VA,AEA,EN,Federal Contract Tower,0,60,26,4,90,0,4,52,2,58,0,64,78,6,148,72,14,86,234
08/13/2002,CHO,VA,AEA,EN,Federal Contract Tower,0,65,24,7,96,0,4,59,3,66,0,69,83,10,162,89,32,121,283
08/14/2002,CHO,VA,AEA,EN,Federal Contract Tower,0,64,19,12,95,0,3,53,0,56,0,67,72,12,151,62,10,72,223
08/15/2002,CHO,VA,AEA,EN,Federal Contract Tower,0,68,27,7,102,0,0,74,1,75,0,68,101,8,177,78,10,88,265
08/16/2002,CHO,VA,AEA,EN,Federal Contract Tower,4,70,13,4,91,0,0,78,0,78,4,70,91,4,169,98,42,140,309
08/17/2002,CHO,VA,AEA,EN,Federal Contract Tower,0,60,11,0,71,0,0,59,0,59,0,60,70,0,130,42,0,42,172
08/18/2002,CHO,VA,AEA,EN,Federal Contract Tower,0,60,22,0,82,0,0,73,3,76,0,60,95,3,158,50,0,50,208
08/19/2002,CHO,VA,AEA,EN,Federal Contract Tower,0,64,15,18,97,0,0,99,2,101,0,64,114,20,198,48,6,54,252
08/20/2002,CHO,VA,AEA,EN,Federal Contract Tower,0,59,20,4,83,0,0,66,0,66,0,59,86,4,149,58,2,60,209
08/21/2002,CHO,VA,AEA,EN,Federal Contract Tower,2,84,41,6,133,0,0,48,2,50,2,84,89,8,183,97,18,115,298
08/22/2002,CHO,VA,AEA,EN,Federal Contract Tower,0,67,64,6,137,0,5,80,4,89,0,72,144,10,226,46,46,92,318
08/23/2002,CHO,VA,AEA,EN,Federal Contract Tower,0,65,30,3,98,0,0,68,5,73,0,65,98,8,171,64,12,76,247
08/24/2002,CHO,VA,AEA,EN,Federal Contract Tower,0,74,29,0,103,0,3,28,0,31,0,77,57,0,134,140,0,140,274
08/25/2002,CHO,VA,AEA,EN,Federal Contract Tower,0,56,37,0,93,0,2,107,0,109,0,58,144,0,202,148,0,148,350
08/26/2002,CHO,VA,AEA,EN,Federal Contract Tower,0,60,35,0,95,0,0,46,0,46,0,60,81,0,141,46,0,46,187
08/27/2002,CHO,VA,AEA,EN,Federal Contract Tower,0,61,46,12,119,0,0,27,0,27,0,61,73,12,146,42,36,78,224
08/28/2002,CHO,VA,AEA,EN,Federal Contract Tower,0,71,27,2,100,0,0,1,0,1,0,71,28,2,101,0,0,0,101
08/29/2002,CHO,VA,AEA,EN,Federal Contract Tower,0,66,61,8,135,0,0,2,0,2,0,66,63,8,137,10,0,10,147
08/30/2002,CHO,VA,AEA,EN,Federal Contract Tower,0,72,38,20,130,0,0,43,0,43,0,72,81,20,173,40,2,42,215
08/31/2002,CHO,VA,AEA,EN,Federal Contract Tower,1,61,33,0,95,0,3,54,0,57,1,64,87,0,152,98,0,98,250
09/01/2002,CHO,VA,AEA,EN,Federal Contract Tower,0,57,38,0,95,0,1,14,0,15,0,58,52,0,110,4,0,4,114
09/02/2002,CHO,VA,AEA,EN,Federal Contract Tower,0,53,47,0,100,0,1,37,0,38,0,54,84,0,138,46,0,46,184
09/03/2002,CHO,VA,AEA,EN,Federal Contract Tower,0,60,26,0,86,0,1,76,3,80,0,61,102,3,166,110,2,112,278
09/04/2002,CHO,VA,AEA,EN,Federal Contract Tower,0,71,25,11,107,0,0,59,1,60,0,71,84,12,167,84,12,96,263
09/05/2002,CHO,VA,AEA,EN,Federal Contract Tower,0,67,30,19,116,0,0,70,11,81,0,67,100,30,197,36,50,86,283
09/06/2002,CHO,VA,AEA,EN,Federal Contract Tower,2,62,27,1,92,0,5,103,7,115,2,67,130,8,207,52,18,70,277
09/07/2002,CHO,VA,AEA,EN,Federal Contract Tower,1,48,42,0,91,0,8,104,0,112,1,56,146,0,203,38,0,38,241
09/08/2002,CHO,VA,AEA,EN,Federal Contract Tower,0,58,33,0,91,0,4,135,2,141,0,62,168,2,232,42,0,42,274
09/09/2002,CHO,VA,AEA,EN,Federal Contract Tower,0,63,18,0,81,0,0,87,0,87,0,63,105,0,168,74,0,74,242
09/10/2002,CHO,VA,AEA,EN,Federal Contract Tower,0,60,28,6,94,0,0,69,0,69,0,60,97,6,163,66,20,86,249
09/11/2002,CHO,VA,AEA,EN,Federal Contract Tower,0,58,12,1,71,0,2,50,12,64,0,60,62,13,135,98,16,114,249
09/12/2002,CHO,VA,AEA,EN,Federal Contract Tower,0,64,16,9,89,0,3,82,9,94,0,67,98,18,183,76,4,80,263
09/13/2002,CHO,VA,AEA,EN,Federal Contract Tower,0,63,32,6,101,0,0,58,0,58,0,63,90,6,159,30,12,42,201
09/14/2002,CHO,VA,AEA,EN,Federal Contract Tower,0,53,23,0,76,0,0,45,0,45,0,53,68,0,121,36,0,36,157
09/15/2002,CHO,VA,AEA,EN,Federal Contract Tower,0,56,30,0,86,0,0,7,0,7,0,56,37,0,93,0,0,0,93
09/16/2002,CHO,VA,AEA,EN,Federal Contract Tower,0,66,32,2,100,0,3,36,10,49,0,69,68,12,149,84,0,84,233
09/17/2002,CHO,VA,AEA,EN,Federal Contract Tower,0,61,25,25,111,0,0,111,3,114,0,61,136,28,225,82,12,94,319
09/18/2002,CHO,VA,AEA,EN,Federal Contract Tower,0,68,27,1,96,0,3,37,7,47,0,71,64,8,143,86,0,86,229
09/19/2002,CHO,VA,AEA,EN,Federal Contract Tower,0,74,52,4,130,0,0,47,2,49,0,74,99,6,179,98,0,98,277
09/20/2002,CHO,VA,AEA,EN,Federal Contract Tower,0,69,69,2,140,0,0,51,2,53,0,69,120,4,193,72,6,78,271
09/21/2002,CHO,VA,AEA,EN,Federal Contract Tower,0,60,28,0,88,0,1,81,0,82,0,61,109,0,170,68,0,68,238
09/22/2002,CHO,VA,AEA,EN,Federal Contract Tower,0,64,34,0,98,0,0,19,0,19,0,64,53,0,117,34,0,34,151
09/23/2002,CHO,VA,AEA,EN,Federal Contract Tower,0,62,30,7,99,0,5,51,0,56,0,67,81,7,155,60,16,76,231
09/24/2002,CHO,VA,AEA,EN,Federal Contract Tower,0,68,15,8,91,0,0,105,4,109,0,68,120,12,200,80,14,94,294
09/25/2002,CHO,VA,AEA,EN,Federal Contract Tower,0,61,20,3,84,0,5,61,1,67,0,66,81,4,151,108,0,108,259
09/26/2002,CHO,VA,AEA,EN,Federal Contract Tower,0,58,28,3,89,0,0,0,1,1,0,58,28,4,90,0,0,0,90
09/27/2002,CHO,VA,AEA,EN,Federal Contract Tower,2,65,35,0,102,0,2,54,0,56,2,67,89,0,158,40,0,40,198
09/28/2002,CHO,VA,AEA,EN,Federal Contract Tower,0,54,21,2,77,0,3,99,0,102,0,57,120,2,179,38,0,38,217
09/29/2002,CHO,VA,AEA,EN,Federal Contract Tower,0,68,22,2,92,0,8,100,0,108,0,76,122,2,200,152,0,152,352
09/30/2002,CHO,VA,AEA,EN,Federal Contract Tower,0,62,35,2,99,0,0,46,0,46,0,62,81,2,145,58,12,70,215
10/01/2002,CHO,VA,AEA,EN,Federal Contract Tower,0,60,33,2,95,0,1,59,2,62,0,61,92,4,157,86,8,94,251
10/02/2002,CHO,VA,AEA,EN,Federal Contract Tower,0,63,27,4,94,0,1,63,6,70,0,64,90,10,164,68,4,72,236
10/03/2002,CHO,VA,AEA,EN,Federal Contract Tower,0,66,30,2,98,0,1,57,2,60,0,67,87,4,158,46,2,48,206
10/04/2002,CHO,VA,AEA,EN,Federal Contract Tower,2,62,39,3,106,0,1,7,1,9,2,63,46,4,115,24,0,24,139
10/05/2002,CHO,VA,AEA,EN,Federal Contract Tower,0,59,24,1,84,0,1,86,0,87,0,60,110,1,171,34,0,34,205
10/06/2002,CHO,VA,AEA,EN,Federal Contract Tower,0,61,29,3,93,0,1,110,2,113,0,62,139,5,206,100,18,118,324
10/07/2002,CHO,VA,AEA,EN,Federal Contract Tower,0,57,33,2,92,0,1,42,5,48,0,58,75,7,140,50,0,50,190
10/08/2002,CHO,VA,AEA,EN,Federal Contract Tower,0,61,48,21,130,0,1,67,0,68,0,62,115,21,198,60,14,74,272
10/09/2002,CHO,VA,AEA,EN,Federal Contract Tower,0,62,33,19,114,0,6,138,0,144,0,68,171,19,258,74,14,88,346
10/10/2002,CHO,VA,AEA,EN,Federal Contract Tower,0,68,44,0,112,0,1,3,0,4,0,69,47,0,116,22,0,22,138
10/11/2002,CHO,VA,AEA,EN,Federal Contract Tower,2,71,28,0,101,0,1,0,0,1,2,72,28,0,102,0,0,0,102
10/12/2002,CHO,VA,AEA,EN,Federal Contract Tower,2,58,35,0,95,0,0,15,0,15,2,58,50,0,110,0,0,0,110
10/13/2002,CHO,VA,AEA,EN,Federal Contract Tower,0,61,40,0,101,0,0,0,0,0,0,61,40,0,101,0,0,0,101
10/14/2002,CHO,VA,AEA,EN,Federal Contract Tower,0,68,34,0,102,0,0,75,0,75,0,68,109,0,177,78,0,78,255
10/15/2002,CHO,VA,AEA,EN,Federal Contract Tower,0,69,40,0,109,0,2,46,6,54,0,71,86,6,163,74,8,82,245
10/16/2002,CHO,VA,AEA,EN,Federal Contract Tower,0,63,23,2,88,0,4,18,0,22,0,67,41,2,110,2,0,2,112
10/17/2002,CHO,VA,AEA,EN,Federal Contract Tower,0,69,43,4,116,0,0,67,5,72,0,69,110,9,188,90,4,94,282
10/18/2002,CHO,VA,AEA,EN,Federal Contract Tower,0,68,45,12,125,0,3,87,0,90,0,71,132,12,215,112,6,118,333
10/19/2002,CHO,VA,AEA,EN,Federal Contract Tower,2,70,47,0,119,0,5,83,0,88,2,75,130,0,207,38,0,38,245
10/20/2002,CHO,VA,AEA,EN,Federal Contract Tower,0,69,58,0,127,0,0,58,0,58,0,69,116,0,185,60,0,60,245
10/21/2002,CHO,VA,AEA,EN,Federal Contract Tower,0,66,51,4,121,0,0,45,2,47,0,66,96,6,168,32,26,58,226
10/22/2002,CHO,VA,AEA,EN,Federal Contract Tower,0,72,38,4,114,0,4,62,6,72,0,76,100,10,186,72,16,88,274
10/23/2002,CHO,VA,AEA,EN,Federal Contract Tower,0,64,40,14,118,0,0,92,0,92,0,64,132,14,210,60,38,98,308
10/24/2002,CHO,VA,AEA,EN,Federal Contract Tower,0,63,43,10,116,0,3,34,0,37,0,66,77,10,153,52,6,58,211
10/25/2002,CHO,VA,AEA,EN,Federal Contract Tower,2,71,37,0,110,0,0,0,0,0,2,71,37,0,110,0,0,0,110
10/26/2002,CHO,VA,AEA,EN,Federal Contract Tower,3,60,21,0,84,0,0,86,2,88,3,60,107,2,172,62,0,62,234
10/27/2002,CHO,VA,AEA,EN,Federal Contract Tower,0,64,54,0,118,0,0,86,0,86,0,64,140,0,204,64,0,64,268
10/28/2002,CHO,VA,AEA,EN,Federal Contract Tower,1,55,17,4,77,0,0,0,2,2,1,55,17,6,79,0,0,0,79
10/29/2002,CHO,VA,AEA,EN,Federal Contract Tower,0,62,22,0,84,0,0,0,0,0,0,62,22,0,84,0,0,0,84
10/30/2002,CHO,VA,AEA,EN,Federal Contract Tower,0,65,35,0,100,0,0,0,0,0,0,65,35,0,100,0,0,0,100
10/31/2002,CHO,VA,AEA,EN,Federal Contract Tower,0,64,30,0,94,0,0,61,2,63,0,64,91,2,157,76,2,78,235
11/01/2002,CHO,VA,AEA,EN,Federal Contract Tower,0,65,31,6,102,0,0,64,5,69,0,65,95,11,171,44,20,64,235
11/02/2002,CHO,VA,AEA,EN,Federal Contract Tower,0,60,11,4,75,0,2,111,0,113,0,62,122,4,188,56,4,60,248
11/03/2002,CHO,VA,AEA,EN,Federal Contract Tower,0,67,35,0,102,0,3,119,0,122,0,70,154,0,224,64,0,64,288
11/04/2002,CHO,VA,AEA,EN,Federal Contract Tower,0,65,29,4,98,0,0,33,16,49,0,65,62,20,147,16,6,22,169
11/05/2002,CHO,VA,AEA,EN,Federal Contract Tower,0,65,26,2,93,0,1,61,10,72,0,66,87,12,165,84,4,88,253
11/06/2002,CHO,VA,AEA,EN,Federal Contract Tower,0,55,28,3,86,0,0,10,1,11,0,55,38,4,97,6,12,18,115
11/07/2002,CHO,VA,AEA,EN,Federal Contract Tower,0,63,34,0,97,0,0,59,2,61,0,63,93,2,158,22,0,22,180
11/08/2002,CHO,VA,AEA,EN,Federal Contract Tower,2,65,27,6,100,0,4,116,10,130,2,69,143,16,230,86,20,106,336
11/09/2002,CHO,VA,AEA,EN,Federal Contract Tower,1,54,22,2,79,0,0,106,0,106,1,54,128,2,185,88,0,88,273
11/10/2002,CHO,VA,AEA,EN,Federal Contract Tower,0,52,37,0,89,0,0,119,0,119,0,52,156,0,208,6,0,6,214
11/11/2002,CHO,VA,AEA,EN,Federal Contract Tower,0,58,15,0,73,0,0,9,0,9,0,58,24,0,82,16,0,16,98
11/12/2002,CHO,VA,AEA,EN,Federal Contract Tower,0,65,33,2,100,0,0,8,0,8,0,65,41,2,108,0,6,6,114
11/13/2002,CHO,VA,AEA,EN,Federal Contract Tower,0,61,20,5,86,0,0,54,3,57,0,61,74,8,143,82,14,96,239
11/14/2002,CHO,VA,AEA,EN,Federal Contract Tower,0,62,33,2,97,0,6,104,2,112,0,68,137,4,209,94,2,96,305
11/15/2002,CHO,VA,AEA,EN,Federal Contract Tower,2,62,38,7,109,0,0,98,3,101,2,62,136,10,210,93,10,103,313
11/16/2002,CHO,VA,AEA,EN,Federal Contract Tower,2,49,16,0,67,0,2,65,0,67,2,51,81,0,134,0,0,0,134
11/17/2002,CHO,VA,AEA,EN,Federal Contract Tower,0,46,30,0,76,0,0,0,0,0,0,46,30,0,76,0,0,0,76
11/18/2002,CHO,VA,AEA,EN,Federal Contract Tower,0,57,17,10,84,0,4,61,5,70,0,61,78,15,154,26,24,50,204
11/19/2002,CHO,VA,AEA,EN,Federal Contract Tower,0,55,39,5,99,0,0,96,1,97,0,55,135,6,196,72,4,76,272
11/20/2002,CHO,VA,AEA,EN,Federal Contract Tower,0,63,22,4,89,0,0,93,2,95,0,63,115,6,184,56,42,98,282
11/21/2002,CHO,VA,AEA,EN,Federal Contract Tower,0,61,45,4,110,0,0,0,0,0,0,61,45,4,110,0,0,0,110
11/22/2002,CHO,VA,AEA,EN,Federal Contract Tower,0,64,50,0,114,0,0,39,0,39,0,64,89,0,153,28,0,28,181
11/23/2002,CHO,VA,AEA,EN,Federal Contract Tower,0,60,25,0,85,0,8,70,0,78,0,68,95,0,163,82,0,82,245
11/24/2002,CHO,VA,AEA,EN,Federal Contract Tower,0,54,27,0,81,0,3,151,0,154,0,57,178,0,235,102,0,102,337
11/25/2002,CHO,VA,AEA,EN,Federal Contract Tower,0,67,20,4,91,0,0,61,0,61,0,67,81,4,152,84,24,108,260
11/26/2002,CHO,VA,AEA,EN,Federal Contract Tower,0,65,38,10,113,0,6,65,0,71,0,71,103,10,184,82,20,102,286
11/27/2002,CHO,VA,AEA,EN,Federal Contract Tower,0,69,20,7,96,0,0,26,1,27,0,69,46,8,123,10,6,16,139
11/28/2002,CHO,VA,AEA,EN,Federal Contract Tower,0,64,10,0,74,0,0,32,0,32,0,64,42,0,106,8,0,8,114
11/29/2002,CHO,VA,AEA,EN,Federal Contract Tower,0,50,22,2,74,0,6,49,0,55,0,56,71,2,129,10,0,10,139
11/30/2002,CHO,VA,AEA,EN,Federal Contract Tower,0,63,19,0,82,0,5,28,0,33,0,68,47,0,115,4,0,4,119
12/01/2002,CHO,VA,AEA,EN,Federal Contract Tower,0,65,37,0,102,0,0,40,2,42,0,65,77,2,144,40,0,40,184
12/02/2002,CHO,VA,AEA,EN,Federal Contract Tower,0,65,34,2,101,0,0,62,0,62,0,65,96,2,163,86,0,86,249
12/03/2002,CHO,VA,AEA,EN,Federal Contract Tower,0,60,14,0,74,0,0,28,4,32,0,60,42,4,106,8,0,8,114
12/04/2002,CHO,VA,AEA,EN,Federal Contract Tower,0,56,8,3,67,0,0,45,1,46,0,56,53,4,113,58,14,72,185
12/05/2002,CHO,VA,AEA,EN,Federal Contract Tower,0,36,4,0,40,0,0,2,0,2,0,36,6,0,42,0,0,0,42
12/06/2002,CHO,VA,AEA,EN,Federal Contract Tower,0,65,19,0,84,0,0,36,0,36,0,65,55,0,120,18,0,18,138
12/07/2002,CHO,VA,AEA,EN,Federal Contract Tower,0,47,17,0,64,2,0,68,0,70,2,47,85,0,134,74,0,74,208
12/08/2002,CHO,VA,AEA,EN,Federal Contract Tower,0,56,21,0,77,0,0,63,0,63,0,56,84,0,140,56,0,56,196
12/09/2002,CHO,VA,AEA,EN,Federal Contract Tower,0,58,18,6,82,0,0,66,3,69,0,58,84,9,151,28,12,40,191
12/10/2002,CHO,VA,AEA,EN,Federal Contract Tower,0,59,22,0,81,0,3,36,2,41,0,62,58,2,122,4,0,4,126
12/11/2002,CHO,VA,AEA,EN,Federal Contract Tower,0,51,13,4,68,0,0,1,0,1,0,51,14,4,69,0,0,0,69
12/12/2002,CHO,VA,AEA,EN,Federal Contract Tower,0,63,41,7,111,0,0,53,3,56,0,63,94,10,167,74,18,92,259
12/13/2002,CHO,VA,AEA,EN,Federal Contract Tower,0,67,27,0,94,0,0,1,0,1,0,67,28,0,95,0,0,0,95
12/14/2002,CHO,VA,AEA,EN,Federal Contract Tower,0,55,12,2,69,0,1,7,2,10,0,56,19,4,79,0,2,2,81
12/15/2002,CHO,VA,AEA,EN,Federal Contract Tower,0,52,12,0,64,0,0,77,0,77,0,52,89,0,141,42,0,42,183
12/16/2002,CHO,VA,AEA,EN,Federal Contract Tower,0,60,17,0,77,0,0,119,0,119,0,60,136,0,196,86,4,90,286
12/17/2002,CHO,VA,AEA,EN,Federal Contract Tower,0,66,36,10,112,0,3,65,8,76,0,69,101,18,188,34,26,60,248
12/18/2002,CHO,VA,AEA,EN,Federal Contract Tower,0,57,38,4,99,0,0,37,4,41,0,57,75,8,140,28,0,28,168
12/19/2002,CHO,VA,AEA,EN,Federal Contract Tower,0,64,28,2,94,0,0,107,0,107,0,64,135,2,201,88,8,96,297
12/20/2002,CHO,VA,AEA,EN,Federal Contract Tower,0,25,42,8,75,0,45,0,0,45,0,70,42,8,120,0,0,0,120
12/21/2002,CHO,VA,AEA,EN,Federal Contract Tower,0,50,16,0,66,0,2,17,0,19,0,52,33,0,85,12,0,12,97
12/22/2002,CHO,VA,AEA,EN,Federal Contract Tower,0,50,14,0,64,0,0,33,0,33,0,50,47,0,97,24,0,24,121
12/23/2002,CHO,VA,AEA,EN,Federal Contract Tower,0,58,20,2,80,0,0,27,2,29,0,58,47,4,109,0,6,6,115
12/24/2002,CHO,VA,AEA,EN,Federal Contract Tower,0,46,4,0,50,0,0,18,0,18,0,46,22,0,68,32,0,32,100
12/25/2002,CHO,VA,AEA,EN,Federal Contract Tower,0,39,0,0,39,0,0,2,0,2,0,39,2,0,41,0,0,0,41
12/26/2002,CHO,VA,AEA,EN,Federal Contract Tower,0,60,9,14,83,0,3,15,6,24,0,63,24,20,107,0,0,0,107
12/27/2002,CHO,VA,AEA,EN,Federal Contract Tower,0,58,35,2,95,0,0,73,0,73,0,58,108,2,168,64,18,82,250
12/28/2002,CHO,VA,AEA,EN,Federal Contract Tower,0,54,18,0,72,0,2,91,0,93,0,56,109,0,165,56,0,56,221
12/29/2002,CHO,VA,AEA,EN,Federal Contract Tower,0,51,17,0,68,0,5,89,0,94,0,56,106,0,162,64,0,64,226
12/30/2002,CHO,VA,AEA,EN,Federal Contract Tower,0,57,11,0,68,0,0,62,0,62,0,57,73,0,130,36,0,36,166
12/31/2002,CHO,VA,AEA,EN,Federal Contract Tower,0,65,27,0,92,0,0,75,0,75,0,65,102,0,167,56,0,56,223
01/01/2003,CHO,VA,AEA,EN,Federal Contract Tower,0,41,7,0,48,0,1,0,0,1,0,42,7,0,49,0,0,0,49
01/02/2003,CHO,VA,AEA,EN,Federal Contract Tower,0,60,26,3,89,0,0,5,1,6,0,60,31,4,95,0,0,0,95
01/03/2003,CHO,VA,AEA,EN,Federal Contract Tower,0,64,20,4,88,0,0,66,0,66,0,64,86,4,154,44,8,52,206
01/04/2003,CHO,VA,AEA,EN,Federal Contract Tower,0,51,30,2,83,0,5,61,4,70,0,56,91,6,153,24,0,24,177
01/05/2003,CHO,VA,AEA,EN,Federal Contract Tower,0,49,24,0,73,0,0,0,0,0,0,49,24,0,73,0,0,0,73
01/06/2003,CHO,VA,AEA,EN,Federal Contract Tower,0,54,12,0,66,0,0,13,0,13,0,54,25,0,79,2,0,2,81
01/07/2003,CHO,VA,AEA,EN,Federal Contract Tower,0,56,17,0,73,0,4,47,0,51,0,60,64,0,124,24,2,26,150
01/08/2003,CHO,VA,AEA,EN,Federal Contract Tower,0,65,23,1,89,0,0,23,1,24,0,65,46,2,113,32,0,32,145
01/09/2003,CHO,VA,AEA,EN,Federal Contract Tower,0,59,27,0,86,0,0,22,4,26,0,59,49,4,112,36,0,36,148
01/10/2003,CHO,VA,AEA,EN,Federal Contract Tower,0,60,24,3,87,0,0,73,6,79,0,60,97,9,166,68,24,92,258
01/11/2003,CHO,VA,AEA,EN,Federal Contract Tower,0,42,24,0,66,0,0,99,0,99,0,42,123,0,165,78,0,78,243
01/12/2003,CHO,VA,AEA,EN,Federal Contract Tower,0,48,18,0,66,0,9,77,0,86,0,57,95,0,152,152,0,152,304
01/13/2003,CHO,VA,AEA,EN,Federal Contract Tower,0,56,19,4,79,0,0,77,0,77,0,56,96,4,156,82,46,128,284
01/14/2003,CHO,VA,AEA,EN,Federal Contract Tower,0,61,15,0,76,0,0,35,2,37,0,61,50,2,113,50,0,50,163
01/15/2003,CHO,VA,AEA,EN,Federal Contract Tower,0,65,31,1,97,0,0,62,0,62,0,65,93,1,159,140,0,140,299
01/16/2003,CHO,VA,AEA,EN,Federal Contract Tower,0,60,18,3,81,0,0,50,3,53,0,60,68,6,134,84,0,84,218
01/17/2003,CHO,VA,AEA,EN,Federal Contract Tower,2,55,19,1,77,0,2,31,3,36,2,57,50,4,113,9,0,9,122
01/18/2003,CHO,VA,AEA,EN,Federal Contract Tower,2,47,18,1,68,0,4,86,1,91,2,51,104,2,159,50,0,50,209
01/19/2003,CHO,VA,AEA,EN,Federal Contract Tower,0,46,15,1,62,0,2,130,0,132,0,48,145,1,194,88,0,88,282
01/20/2003,CHO,VA,AEA,EN,Federal Contract Tower,0,53,18,0,71,0,2,17,0,19,0,55,35,0,90,12,0,12,102
01/21/2003,CHO,VA,AEA,EN,Federal Contract Tower,0,64,25,0,89,0,0,57,1,58,0,64,82,1,147,84,14,98,245
01/22/2003,CHO,VA,AEA,EN,Federal Contract Tower,0,62,20,8,90,0,9,68,5,82,0,71,88,13,172,10,18,28,200
01/23/2003,CHO,VA,AEA,EN,Federal Contract Tower,0,61,24,8,93,0,0,4,0,4,0,61,28,8,97,4,0,4,101
01/24/2003,CHO,VA,AEA,EN,Federal Contract Tower,0,69,32,1,102,0,0,29,6,35,0,69,61,7,137,28,4,32,169
01/25/2003,CHO,VA,AEA,EN,Federal Contract Tower,0,49,14,0,63,0,0,92,10,102,0,49,106,10,165,62,2,64,229
01/26/2003,CHO,VA,AEA,EN,Federal Contract Tower,0,56,7,3,66,0,0,61,0,61,0,56,68,3,127,60,0,60,187
01/27/2003,CHO,VA,AEA,EN,Federal Contract Tower,0,62,18,4,84,0,0,71,0,71,0,62,89,4,155,88,0,88,243
01/28/2003,CHO,VA,AEA,EN,Federal Contract Tower,0,58,20,6,84,0,0,59,4,63,0,58,79,10,147,32,20,52,199
01/29/2003,CHO,VA,AEA,EN,Federal Contract Tower,0,67,21,13,101,0,3,32,2,37,0,70,53,15,138,22,28,50,188
01/30/2003,CHO,VA,AEA,EN,Federal Contract Tower,0,62,20,0,82,0,0,25,0,25,0,62,45,0,107,0,0,0,107
01/31/2003,CHO,VA,AEA,EN,Federal Contract Tower,0,59,38,0,97,0,0,0,0,0,0,59,38,0,97,0,0,0,97
02/01/2003,CHO,VA,AEA,EN,Federal Contract Tower,0,50,10,2,62,0,1,14,0,15,0,51,24,2,77,16,0,16,93
02/02/2003,CHO,VA,AEA,EN,Federal Contract Tower,0,65,20,2,87,0,0,94,4,98,0,65,114,6,185,82,24,106,291
02/03/2003,CHO,VA,AEA,EN,Federal Contract Tower,0,67,24,4,95,0,0,54,2,56,0,67,78,6,151,48,8,56,207
02/04/2003,CHO,VA,AEA,EN,Federal Contract Tower,0,58,18,6,82,0,3,4,0,7,0,61,22,6,89,0,0,0,89
02/05/2003,CHO,VA,AEA,EN,Federal Contract Tower,0,63,36,3,102,0,0,82,3,85,0,63,118,6,187,90,2,92,279
02/06/2003,CHO,VA,AEA,EN,Federal Contract Tower,0,62,23,4,89,0,0,45,2,47,0,62,68,6,136,84,14,98,234
02/07/2003,CHO,VA,AEA,EN,Federal Contract Tower,0,62,22,17,101,0,0,23,0,23,0,62,45,17,124,0,74,74,198
02/08/2003,CHO,VA,AEA,EN,Federal Contract Tower,0,48,10,0,58,0,0,86,2,88,0,48,96,2,146,24,0,24,170
02/09/2003,CHO,VA,AEA,EN,Federal Contract Tower,0,57,21,0,78,0,0,120,2,122,0,57,141,2,200,30,0,30,230
02/10/2003,CHO,VA,AEA,EN,Federal Contract Tower,0,59,22,0,81,0,0,3,0,3,0,59,25,0,84,0,0,0,84
02/11/2003,CHO,VA,AEA,EN,Federal Contract Tower,0,63,33,0,96,0,3,68,0,71,0,66,101,0,167,36,0,36,203
02/12/2003,CHO,VA,AEA,EN,Federal Contract Tower,0,61,24,2,87,0,0,15,0,15,0,61,39,2,102,0,0,0,102
02/13/2003,CHO,VA,AEA,EN,Federal Contract Tower,0,63,20,0,83,0,0,16,2,18,0,63,36,2,101,4,0,4,105
02/14/2003,CHO,VA,AEA,EN,Federal Contract Tower,0,65,35,2,102,0,0,30,0,30,0,65,65,2,132,33,8,41,173
02/15/2003,CHO,VA,AEA,EN,Federal Contract Tower,0,45,3,0,48,0,0,0,0,0,0,45,3,0,48,0,0,0,48
02/16/2003,CHO,VA,AEA,EN,Federal Contract Tower,0,0,3,0,3,0,0,0,0,0,0,0,3,0,3,0,0,0,3
02/17/2003,CHO,VA,AEA,EN,Federal Contract Tower,0,25,4,0,29,0,0,0,0,0,0,25,4,0,29,0,0,0,29
02/18/2003,CHO,VA,AEA,EN,Federal Contract Tower,0,74,18,0,92,0,0,12,0,12,0,74,30,0,104,0,0,0,104
02/19/2003,CHO,VA,AEA,EN,Federal Contract Tower,0,58,25,0,83,0,0,32,2,34,0,58,57,2,117,26,0,26,143
02/20/2003,CHO,VA,AEA,EN,Federal Contract Tower,0,58,29,4,91,0,0,49,2,51,0,58,78,6,142,65,2,67,209
02/21/2003,CHO,VA,AEA,EN,Federal Contract Tower,0,67,25,0,92,0,0,13,2,15,0,67,38,2,107,0,0,0,107
02/22/2003,CHO,VA,AEA,EN,Federal Contract Tower,0,31,5,0,36,0,0,0,0,0,0,31,5,0,36,0,0,0,36
02/23/2003,CHO,VA,AEA,EN,Federal Contract Tower,0,45,18,2,65,0,0,11,2,13,0,45,29,4,78,4,0,4,82
02/24/2003,CHO,VA,AEA,EN,Federal Contract Tower,0,60,33,17,110,0,0,61,0,61,0,60,94,17,171,22,40,62,233
02/25/2003,CHO,VA,AEA,EN,Federal Contract Tower,0,65,27,4,96,0,0,34,0,34,0,65,61,4,130,32,0,32,162
02/26/2003,CHO,VA,AEA,EN,Federal Contract Tower,0,61,14,4,79,0,0,2,0,2,0,61,16,4,81,0,10,10,91
02/27/2003,CHO,VA,AEA,EN,Federal Contract Tower,0,65,10,0,75,0,0,0,0,0,0,65,10,0,75,0,0,0,75
02/28/2003,CHO,VA,AEA,EN,Federal Contract Tower,2,70,15,0,87,0,0,3,3,6,2,70,18,3,93,0,0,0,93
03/01/2003,CHO,VA,AEA,EN,Federal Contract Tower,0,42,18,0,60,0,1,0,0,1,0,43,18,0,61,0,0,0,61
03/02/2003,CHO,VA,AEA,EN,Federal Contract Tower,0,58,60,0,118,0,0,44,1,45,0,58,104,1,163,83,0,83,246
03/03/2003,CHO,VA,AEA,EN,Federal Contract Tower,0,62,18,0,80,0,1,54,0,55,0,63,72,0,135,94,0,94,229
03/04/2003,CHO,VA,AEA,EN,Federal Contract Tower,0,60,18,13,91,0,0,77,3,80,0,60,95,16,171,74,34,108,279
03/05/2003,CHO,VA,AEA,EN,Federal Contract Tower,0,62,22,9,93,0,0,44,9,53,0,62,66,18,146,20,10,30,176
03/06/2003,CHO,VA,AEA,EN,Federal Contract Tower,0,64,13,0,77,0,3,15,0,18,0,67,28,0,95,10,0,10,105
03/07/2003,CHO,VA,AEA,EN,Federal Contract Tower,0,64,25,3,92,0,0,83,1,84,0,64,108,4,176,92,0,92,268
03/08/2003,CHO,VA,AEA,EN,Federal Contract Tower,2,49,15,0,66,0,7,107,0,114,2,56,122,0,180,120,0,120,300
03/09/2003,CHO,VA,AEA,EN,Federal Contract Tower,0,50,19,1,70,0,0,40,1,41,0,50,59,2,111,14,0,14,125
03/10/2003,CHO,VA,AEA,EN,Federal Contract Tower,0,61,18,3,82,0,0,54,5,59,0,61,72,8,141,12,8,20,161
03/11/2003,CHO,VA,AEA,EN,Federal Contract Tower,0,66,29,7,102,0,0,40,0,40,0,66,69,7,142,22,2,24,166
03/12/2003,CHO,VA,AEA,EN,Federal Contract Tower,0,65,25,10,100,0,6,83,7,96,0,71,108,17,196,32,6,38,234
03/13/2003,CHO,VA,AEA,EN,Federal Contract Tower,0,65,17,4,86,0,0,70,0,70,0,65,87,4,156,68,16,84,240
03/14/2003,CHO,VA,AEA,EN,Federal Contract Tower,0,63,40,13,116,0,0,63,5,68,0,63,103,18,184,52,4,56,240
03/15/2003,CHO,VA,AEA,EN,Federal Contract Tower,0,40,30,1,71,0,0,108,1,109,0,40,138,2,180,74,0,74,254
03/16/2003,CHO,VA,AEA,EN,Federal Contract Tower,0,55,45,0,100,0,0,63,0,63,0,55,108,0,163,54,0,54,217
03/17/2003,CHO,VA,AEA,EN,Federal Contract Tower,0,63,21,9,93,0,0,25,0,25,0,63,46,9,118,30,32,62,180
03/18/2003,CHO,VA,AEA,EN,Federal Contract Tower,0,69,38,10,117,0,4,39,2,45,0,73,77,12,162,0,16,16,178
03/19/2003,CHO,VA,AEA,EN,Federal Contract Tower,0,62,43,6,111,0,0,52,10,62,0,62,95,16,173,48,4,52,225
03/20/2003,CHO,VA,AEA,EN,Federal Contract Tower,2,68,9,2,81,0,0,0,0,0,2,68,9,2,81,0,0,0,81
03/21/2003,CHO,VA,AEA,EN,Federal Contract Tower,0,55,32,6,93,0,0,16,0,16,0,55,48,6,109,4,0,4,113
03/22/2003,CHO,VA,AEA,EN,Federal Contract Tower,0,42,11,0,53,0,0,83,2,85,0,42,94,2,138,19,0,19,157
03/23/2003,CHO,VA,AEA,EN,Federal Contract Tower,0,52,34,0,86,0,0,118,0,118,0,52,152,0,204,64,0,64,268
03/24/2003,CHO,VA,AEA,EN,Federal Contract Tower,0,62,22,6,90,0,5,84,6,95,0,67,106,12,185,78,24,102,287
03/25/2003,CHO,VA,AEA,EN,Federal Contract Tower,0,73,17,13,103,0,0,102,1,103,0,73,119,14,206,98,0,98,304
03/26/2003,CHO,VA,AEA,EN,Federal Contract Tower,0,65,31,4,100,0,0,91,0,91,0,65,122,4,191,46,12,58,249
03/27/2003,CHO,VA,AEA,EN,Federal Contract Tower,0,62,46,6,114,0,0,104,3,107,0,62,150,9,221,146,0,146,367
03/28/2003,CHO,VA,AEA,EN,Federal Contract Tower,0,66,29,0,95,0,0,28,0,28,0,66,57,0,123,24,0,24,147
03/29/2003,CHO,VA,AEA,EN,Federal Contract Tower,0,49,11,0,60,0,0,9,0,9,0,49,20,0,69,0,0,0,69
03/30/2003,CHO,VA,AEA,EN,Federal Contract Tower,0,52,10,0,62,0,4,1,0,5,0,56,11,0,67,0,0,0,67
03/31/2003,CHO,VA,AEA,EN,Federal Contract Tower,0,61,27,4,92,0,4,71,10,85,0,65,98,14,177,72,16,88,265
04/01/2003,CHO,VA,AEA,EN,Federal Contract Tower,0,61,22,8,91,0,0,41,0,41,0,61,63,8,132,24,2,26,158
04/02/2003,CHO,VA,AEA,EN,Federal Contract Tower,0,59,31,4,94,0,0,72,0,72,0,59,103,4,166,42,6,48,214
04/03/2003,CHO,VA,AEA,EN,Federal Contract Tower,0,61,14,2,77,0,3,88,0,91,0,64,102,2,168,18,0,18,186
04/04/2003,CHO,VA,AEA,EN,Federal Contract Tower,0,70,38,7,115,0,0,85,3,88,0,70,123,10,203,46,12,58,261
04/05/2003,CHO,VA,AEA,EN,Federal Contract Tower,0,57,24,0,81,0,6,10,0,16,0,63,34,0,97,6,0,6,103
04/06/2003,CHO,VA,AEA,EN,Federal Contract Tower,0,59,36,0,95,0,0,96,0,96,0,59,132,0,191,96,0,96,287
04/07/2003,CHO,VA,AEA,EN,Federal Contract Tower,0,65,17,6,88,0,0,0,0,0,0,65,17,6,88,0,0,0,88
04/08/2003,CHO,VA,AEA,EN,Federal Contract Tower,0,51,36,0,87,0,0,0,0,0,0,51,36,0,87,0,0,0,87
04/09/2003,CHO,VA,AEA,EN,Federal Contract Tower,0,60,38,0,98,0,0,0,0,0,0,60,38,0,98,0,0,0,98
04/10/2003,CHO,VA,AEA,EN,Federal Contract Tower,0,64,19,0,83,0,0,4,0,4,0,64,23,0,87,0,0,0,87
04/11/2003,CHO,VA,AEA,EN,Federal Contract Tower,0,64,50,0,114,0,0,8,1,9,0,64,58,1,123,18,0,18,141
04/12/2003,CHO,VA,AEA,EN,Federal Contract Tower,0,46,23,7,76,0,0,56,0,56,0,46,79,7,132,55,4,59,191
04/13/2003,CHO,VA,AEA,EN,Federal Contract Tower,0,52,33,2,87,0,6,133,4,143,0,58,166,6,230,74,0,74,304
04/14/2003,CHO,VA,AEA,EN,Federal Contract Tower,0,58,14,11,83,0,0,64,3,67,0,58,78,14,150,49,16,65,215
04/15/2003,CHO,VA,AEA,EN,Federal Contract Tower,0,60,18,0,78,0,0,77,2,79,0,60,95,2,157,74,0,74,231
04/16/2003,CHO,VA,AEA,EN,Federal Contract Tower,0,65,30,1,96,0,2,101,5,108,0,67,131,6,204,128,2,130,334
04/17/2003,CHO,VA,AEA,EN,Federal Contract Tower,0,77,28,19,124,0,4,32,5,41,0,81,60,24,165,12,14,26,191
04/18/2003,CHO,VA,AEA,EN,Federal Contract Tower,0,60,38,2,100,0,0,0,0,0,0,60,38,2,100,0,0,0,100
04/19/2003,CHO,VA,AEA,EN,Federal Contract Tower,0,39,47,2,88,0,0,0,0,0,0,39,47,2,88,0,0,0,88
04/20/2003,CHO,VA,AEA,EN,Federal Contract Tower,0,60,38,0,98,0,0,45,2,47,0,60,83,2,145,36,0,36,181
04/21/2003,CHO,VA,AEA,EN,Federal Contract Tower,0,60,40,1,101,0,2,23,1,26,0,62,63,2,127,60,0,60,187
04/22/2003,CHO,VA,AEA,EN,Federal Contract Tower,0,69,35,0,104,0,7,63,2,72,0,76,98,2,176,88,0,88,264
04/23/2003,CHO,VA,AEA,EN,Federal Contract Tower,0,64,35,21,120,0,0,58,4,62,0,64,93,25,182,65,2,67,249
04/24/2003,CHO,VA,AEA,EN,Federal Contract Tower,0,70,38,0,108,0,0,84,4,88,0,70,122,4,196,118,0,118,314
04/25/2003,CHO,VA,AEA,EN,Federal Contract Tower,0,67,49,0,116,0,0,19,0,19,0,67,68,0,135,53,0,53,188
04/26/2003,CHO,VA,AEA,EN,Federal Contract Tower,0,55,33,0,88,0,0,3,0,3,0,55,36,0,91,2,0,2,93
04/27/2003,CHO,VA,AEA,EN,Federal Contract Tower,0,52,50,0,102,0,0,89,0,89,0,52,139,0,191,134,0,134,325
04/28/2003,CHO,VA,AEA,EN,Federal Contract Tower,0,63,20,0,83,0,0,84,0,84,0,63,104,0,167,138,0,138,305
04/29/2003,CHO,VA,AEA,EN,Federal Contract Tower,0,67,31,2,100,0,6,76,0,82,0,73,107,2,182,76,8,84,266
04/30/2003,CHO,VA,AEA,EN,Federal Contract Tower,0,59,47,4,110,0,0,88,0,88,0,59,135,4,198,102,28,130,328
05/01/2003,CHO,VA,AEA,EN,Federal Contract Tower,0,63,57,2,122,0,0,18,0,18,0,63,75,2,140,38,10,48,188
05/02/2003,CHO,VA,AEA,EN,Federal Contract Tower,0,64,49,2,115,0,0,33,1,34,0,64,82,3,149,92,10,102,251
05/03/2003,CHO,VA,AEA,EN,Federal Contract Tower,0,56,50,0,106,0,0,59,0,59,0,56,109,0,165,94,0,94,259
05/04/2003,CHO,VA,AEA,EN,Federal Contract Tower,0,65,40,2,107,0,0,68,4,72,0,65,108,6,179,31,0,31,210
05/05/2003,CHO,VA,AEA,EN,Federal Contract Tower,0,62,22,1,85,0,0,20,1,21,0,62,42,2,106,28,0,28,134
05/06/2003,CHO,VA,AEA,EN,Federal Contract Tower,0,69,34,0,103,0,0,25,0,25,0,69,59,0,128,40,0,40,168
05/07/2003,CHO,VA,AEA,EN,Federal Contract Tower,0,62,26,0,88,0,0,28,0,28,0,62,54,0,116,73,0,73,189
05/08/2003,CHO,VA,AEA,EN,Federal Contract Tower,0,76,34,0,110,0,0,39,0,39,0,76,73,0,149,30,0,30,179
05/09/2003,CHO,VA,AEA,EN,Federal Contract Tower,0,70,35,0,105,0,0,34,0,34,0,70,69,0,139,26,0,26,165
05/10/2003,CHO,VA,AEA,EN,Federal Contract Tower,0,41,22,0,63,0,0,0,0,0,0,41,22,0,63,0,0,0,63
05/11/2003,CHO,VA,AEA,EN,Federal Contract Tower,0,58,33,0,91,0,0,16,0,16,0,58,49,0,107,0,0,0,107
05/12/2003,CHO,VA,AEA,EN,Federal Contract Tower,0,60,23,0,83,0,0,9,6,15,0,60,32,6,98,0,0,0,98
05/13/2003,CHO,VA,AEA,EN,Federal Contract Tower,0,64,29,9,102,0,4,42,0,46,0,68,71,9,148,8,14,22,170
05/14/2003,CHO,VA,AEA,EN,Federal Contract Tower,0,64,41,0,105,0,0,88,2,90,0,64,129,2,195,123,6,129,324
05/15/2003,CHO,VA,AEA,EN,Federal Contract Tower,0,68,23,0,91,0,2,30,0,32,0,70,53,0,123,52,0,52,175
05/16/2003,CHO,VA,AEA,EN,Federal Contract Tower,0,63,72,6,141,0,2,26,2,30,0,65,98,8,171,16,0,16,187
05/17/2003,CHO,VA,AEA,EN,Federal Contract Tower,0,48,34,2,84,0,0,0,0,0,0,48,34,2,84,0,0,0,84
05/18/2003,CHO,VA,AEA,EN,Federal Contract Tower,0,66,62,0,128,0,0,0,0,0,0,66,62,0,128,0,0,0,128
05/19/2003,CHO,VA,AEA,EN,Federal Contract Tower,0,65,47,3,115,0,0,48,2,50,0,65,95,5,165,78,20,98,263
05/20/2003,CHO,VA,AEA,EN,Federal Contract Tower,0,60,30,6,96,0,0,90,2,92,0,60,120,8,188,50,0,50,238
05/21/2003,CHO,VA,AEA,EN,Federal Contract Tower,0,68,44,6,118,0,0,0,2,2,0,68,44,8,120,0,0,0,120
05/22/2003,CHO,VA,AEA,EN,Federal Contract Tower,0,64,52,6,122,0,0,0,0,0,0,64,52,6,122,0,0,0,122
05/23/2003,CHO,VA,AEA,EN,Federal Contract Tower,0,73,50,0,123,0,0,0,0,0,0,73,50,0,123,0,0,0,123
05/24/2003,CHO,VA,AEA,EN,Federal Contract Tower,0,44,34,0,78,0,0,24,0,24,0,44,58,0,102,18,0,18,120
05/25/2003,CHO,VA,AEA,EN,Federal Contract Tower,0,55,22,0,77,0,0,5,0,5,0,55,27,0,82,10,0,10,92
05/26/2003,CHO,VA,AEA,EN,Federal Contract Tower,0,62,44,2,108,0,0,31,0,31,0,62,75,2,139,48,0,48,187
05/27/2003,CHO,VA,AEA,EN,Federal Contract Tower,0,55,40,0,95,0,0,7,0,7,0,55,47,0,102,6,0,6,108
05/28/2003,CHO,VA,AEA,EN,Federal Contract Tower,0,62,26,1,89,0,3,49,0,52,0,65,75,1,141,42,0,42,183
05/29/2003,CHO,VA,AEA,EN,Federal Contract Tower,0,57,52,3,112,0,2,13,0,15,0,59,65,3,127,8,0,8,135
05/30/2003,CHO,VA,AEA,EN,Federal Contract Tower,0,68,42,3,113,0,0,92,1,93,0,68,134,4,206,32,10,42,248
05/31/2003,CHO,VA,AEA,EN,Federal Contract Tower,0,47,15,0,62,0,0,8,0,8,0,47,23,0,70,0,0,0,70
06/01/2003,CHO,VA,AEA,EN,Federal Contract Tower,0,56,15,0,71,0,0,22,1,23,0,56,37,1,94,6,2,8,102
06/02/2003,CHO,VA,AEA,EN,Federal Contract Tower,0,66,20,5,91,0,0,115,4,119,0,66,135,9,210,82,4,86,296
06/03/2003,CHO,VA,AEA,EN,Federal Contract Tower,0,58,53,0,111,0,0,0,0,0,0,58,53,0,111,0,0,0,111
06/04/2003,CHO,VA,AEA,EN,Federal Contract Tower,0,61,29,4,94,0,0,0,0,0,0,61,29,4,94,0,0,0,94
06/05/2003,CHO,VA,AEA,EN,Federal Contract Tower,0,70,33,2,105,0,0,64,0,64,0,70,97,2,169,35,0,35,204
06/06/2003,CHO,VA,AEA,EN,Federal Contract Tower,0,68,29,4,101,0,4,126,0,130,0,72,155,4,231,68,6,74,305
06/07/2003,CHO,VA,AEA,EN,Federal Contract Tower,0,47,12,0,59,0,0,0,0,0,0,47,12,0,59,0,0,0,59
06/08/2003,CHO,VA,AEA,EN,Federal Contract Tower,0,47,50,4,101,0,0,29,0,29,0,47,79,4,130,14,32,46,176
06/09/2003,CHO,VA,AEA,EN,Federal Contract Tower,0,68,28,10,106,0,0,74,0,74,0,68,102,10,180,34,32,66,246
06/10/2003,CHO,VA,AEA,EN,Federal Contract Tower,0,70,26,5,101,0,6,151,1,158,0,76,177,6,259,116,2,118,377
06/11/2003,CHO,VA,AEA,EN,Federal Contract Tower,0,65,26,2,93,0,0,48,4,52,0,65,74,6,145,10,0,10,155
06/12/2003,CHO,VA,AEA,EN,Federal Contract Tower,0,74,36,2,112,0,0,34,0,34,0,74,70,2,146,49,24,73,219
06/13/2003,CHO,VA,AEA,EN,Federal Contract Tower,0,63,37,0,100,0,0,11,0,11,0,63,48,0,111,14,0,14,125
06/14/2003,CHO,VA,AEA,EN,Federal Contract Tower,0,51,40,0,91,0,0,60,0,60,0,51,100,0,151,40,0,40,191
06/15/2003,CHO,VA,AEA,EN,Federal Contract Tower,0,59,39,0,98,0,0,3,0,3,0,59,42,0,101,0,0,0,101
06/16/2003,CHO,VA,AEA,EN,Federal Contract Tower,0,64,29,0,93,0,0,16,2,18,0,64,45,2,111,40,0,40,151
06/17/2003,CHO,VA,AEA,EN,Federal Contract Tower,0,66,26,7,99,0,0,0,0,0,0,66,26,7,99,0,0,0,99
06/18/2003,CHO,VA,AEA,EN,Federal Contract Tower,0,73,53,3,129,0,0,0,1,1,0,73,53,4,130,42,16,58,188
06/19/2003,CHO,VA,AEA,EN,Federal Contract Tower,0,71,39,5,115,0,0,16,2,18,0,71,55,7,133,70,0,70,203
06/20/2003,CHO,VA,AEA,EN,Federal Contract Tower,0,60,38,1,99,0,0,26,0,26,0,60,64,1,125,20,0,20,145
06/21/2003,CHO,VA,AEA,EN,Federal Contract Tower,0,48,26,0,74,0,0,55,0,55,0,48,81,0,129,31,0,31,160
06/22/2003,CHO,VA,AEA,EN,Federal Contract Tower,0,50,32,0,82,0,0,121,2,123,0,50,153,2,205,58,0,58,263
06/23/2003,CHO,VA,AEA,EN,Federal Contract Tower,0,61,33,3,97,0,0,120,1,121,0,61,153,4,218,88,8,96,314
06/24/2003,CHO,VA,AEA,EN,Federal Contract Tower,0,55,44,0,99,0,6,83,0,89,0,61,127,0,188,74,0,74,262
06/25/2003,CHO,VA,AEA,EN,Federal Contract Tower,0,63,21,2,86,0,0,93,6,99,0,63,114,8,185,52,0,52,237
06/26/2003,CHO,VA,AEA,EN,Federal Contract Tower,0,60,30,4,94,0,0,61,2,63,0,60,91,6,157,28,8,36,193
06/27/2003,CHO,VA,AEA,EN,Federal Contract Tower,0,61,50,2,113,0,5,32,0,37,0,66,82,2,150,52,8,60,210
06/28/2003,CHO,VA,AEA,EN,Federal Contract Tower,0,48,14,0,62,0,0,90,0,90,0,48,104,0,152,44,0,44,196
06/29/2003,CHO,VA,AEA,EN,Federal Contract Tower,0,51,25,2,78,0,0,79,0,79,0,51,104,2,157,14,0,14,171
06/30/2003,CHO,VA,AEA,EN,Federal Contract Tower,0,67,32,6,105,0,0,57,0,57,0,67,89,6,162,26,6,32,194
07/01/2003,CHO,VA,AEA,EN,Federal Contract Tower,0,68,24,0,92,0,0,38,2,40,0,68,62,2,132,53,0,53,185
07/02/2003,CHO,VA,AEA,EN,Federal Contract Tower,0,67,40,0,107,0,0,0,0,0,0,67,40,0,107,0,0,0,107
07/03/2003,CHO,VA,AEA,EN,Federal Contract Tower,0,64,40,2,106,0,0,20,0,20,0,64,60,2,126,0,0,0,126
07/04/2003,CHO,VA,AEA,EN,Federal Contract Tower,0,47,17,0,64,0,4,67,0,71,0,51,84,0,135,52,0,52,187
07/05/2003,CHO,VA,AEA,EN,Federal Contract Tower,0,43,13,0,56,0,5,64,0,69,0,48,77,0,125,14,0,14,139
07/06/2003,CHO,VA,AEA,EN,Federal Contract Tower,0,52,33,0,85,0,5,63,0,68,0,57,96,0,153,36,0,36,189
07/07/2003,CHO,VA,AEA,EN,Federal Contract Tower,0,70,32,2,104,0,0,52,0,52,0,70,84,2,156,38,8,46,202
07/08/2003,CHO,VA,AEA,EN,Federal Contract Tower,0,71,31,0,102,0,5,49,0,54,0,76,80,0,156,24,0,24,180
07/09/2003,CHO,VA,AEA,EN,Federal Contract Tower,0,59,39,4,102,0,0,47,12,59,0,59,86,16,161,30,8,38,199
07/10/2003,CHO,VA,AEA,EN,Federal Contract Tower,0,57,30,4,91,0,0,22,0,22,0,57,52,4,113,30,0,30,143
07/11/2003,CHO,VA,AEA,EN,Federal Contract Tower,0,71,34,2,107,0,0,66,0,66,0,71,100,2,173,17,0,17,190
07/12/2003,CHO,VA,AEA,EN,Federal Contract Tower,0,54,22,0,76,0,0,111,0,111,0,54,133,0,187,58,0,58,245
07/13/2003,CHO,VA,AEA,EN,Federal Contract Tower,0,53,33,1,87,0,0,105,4,109,0,53,138,5,196,78,2,80,276
07/14/2003,CHO,VA,AEA,EN,Federal Contract Tower,0,60,30,2,92,0,0,49,2,51,0,60,79,4,143,8,6,14,157
07/15/2003,CHO,VA,AEA,EN,Federal Contract Tower,0,60,26,8,94,0,0,63,2,65,0,60,89,10,159,60,2,62,221
07/16/2003,CHO,VA,AEA,EN,Federal Contract Tower,0,67,36,9,112,0,0,53,5,58,0,67,89,14,170,61,4,65,235
07/17/2003,CHO,VA,AEA,EN,Federal Contract Tower,0,67,26,2,95,0,0,106,5,111,0,67,132,7,206,68,8,76,282
07/18/2003,CHO,VA,AEA,EN,Federal Contract Tower,0,63,27,2,92,0,0,64,0,64,0,63,91,2,156,100,0,100,256
07/19/2003,CHO,VA,AEA,EN,Federal Contract Tower,0,47,26,0,73,0,0,66,0,66,0,47,92,0,139,75,0,75,214
07/20/2003,CHO,VA,AEA,EN,Federal Contract Tower,0,55,32,4,91,0,0,77,0,77,0,55,109,4,168,30,2,32,200
07/21/2003,CHO,VA,AEA,EN,Federal Contract Tower,0,52,20,6,78,0,7,50,4,61,0,59,70,10,139,32,10,42,181
07/22/2003,CHO,VA,AEA,EN,Federal Contract Tower,0,51,23,0,74,0,5,52,0,57,0,56,75,0,131,12,0,12,143
07/23/2003,CHO,VA,AEA,EN,Federal Contract Tower,0,72,34,11,117,0,0,55,1,56,0,72,89,12,173,8,6,14,187
07/24/2003,CHO,VA,AEA,EN,Federal Contract Tower,0,67,34,10,111,0,0,62,2,64,0,67,96,12,175,61,22,83,258
07/25/2003,CHO,VA,AEA,EN,Federal Contract Tower,0,66,34,11,111,0,0,91,3,94,0,66,125,14,205,41,12,53,258
07/26/2003,CHO,VA,AEA,EN,Federal Contract Tower,0,50,22,2,74,0,4,84,0,88,0,54,106,2,162,58,0,58,220
07/27/2003,CHO,VA,AEA,EN,Federal Contract Tower,0,60,33,2,95,0,0,55,0,55,0,60,88,2,150,68,0,68,218
07/28/2003,CHO,VA,AEA,EN,Federal Contract Tower,0,59,24,0,83,0,0,37,2,39,0,59,61,2,122,64,0,64,186
07/29/2003,CHO,VA,AEA,EN,Federal Contract Tower,0,55,30,0,85,0,0,19,0,19,0,55,49,0,104,48,0,48,152
07/30/2003,CHO,VA,AEA,EN,Federal Contract Tower,0,70,26,4,100,0,0,42,0,42,0,70,68,4,142,104,4,108,250
07/31/2003,CHO,VA,AEA,EN,Federal Contract Tower,0,70,38,0,108,0,0,0,0,0,0,70,38,0,108,0,0,0,108
08/01/2003,CHO,VA,AEA,EN,Federal Contract Tower,0,77,18,0,95,0,0,8,0,8,0,77,26,0,103,0,0,0,103
08/02/2003,CHO,VA,AEA,EN,Federal Contract Tower,0,52,24,0,76,0,0,16,0,16,0,52,40,0,92,8,0,8,100
08/03/2003,CHO,VA,AEA,EN,Federal Contract Tower,0,56,11,0,67,0,0,4,0,4,0,56,15,0,71,0,0,0,71
08/04/2003,CHO,VA,AEA,EN,Federal Contract Tower,0,63,28,0,91,0,0,14,0,14,0,63,42,0,105,18,0,18,123
08/05/2003,CHO,VA,AEA,EN,Federal Contract Tower,0,59,26,0,85,0,0,33,0,33,0,59,59,0,118,18,0,18,136
08/06/2003,CHO,VA,AEA,EN,Federal Contract Tower,0,60,39,4,103,0,0,99,0,99,0,60,138,4,202,150,12,162,364
08/07/2003,CHO,VA,AEA,EN,Federal Contract Tower,0,62,35,7,104,0,0,6,1,7,0,62,41,8,111,2,0,2,113
08/08/2003,CHO,VA,AEA,EN,Federal Contract Tower,0,58,32,2,92,0,4,60,2,66,0,62,92,4,158,124,8,132,290
08/09/2003,CHO,VA,AEA,EN,Federal Contract Tower,0,53,27,2,82,0,0,3,0,3,0,53,30,2,85,0,0,0,85
08/10/2003,CHO,VA,AEA,EN,Federal Contract Tower,0,47,25,3,75,0,0,14,3,17,0,47,39,6,92,20,10,30,122
08/11/2003,CHO,VA,AEA,EN,Federal Contract Tower,0,66,35,0,101,0,0,32,0,32,0,66,67,0,133,70,0,70,203
08/12/2003,CHO,VA,AEA,EN,Federal Contract Tower,0,67,45,4,116,0,0,22,2,24,0,67,67,6,140,46,2,48,188
08/13/2003,CHO,VA,AEA,EN,Federal Contract Tower,0,83,36,0,119,0,0,14,0,14,0,83,50,0,133,12,0,12,145
08/14/2003,CHO,VA,AEA,EN,Federal Contract Tower,0,55,28,4,87,0,3,88,0,91,0,58,116,4,178,18,2,20,198
08/15/2003,CHO,VA,AEA,EN,Federal Contract Tower,0,49,31,3,83,0,4,111,0,115,0,53,142,3,198,44,0,44,242
08/16/2003,CHO,VA,AEA,EN,Federal Contract Tower,0,50,17,1,68,0,0,11,0,11,0,50,28,1,79,8,0,8,87
08/17/2003,CHO,VA,AEA,EN,Federal Contract Tower,0,48,23,2,73,0,2,53,0,55,0,50,76,2,128,38,0,38,166
08/18/2003,CHO,VA,AEA,EN,Federal Contract Tower,4,69,45,0,118,0,0,58,0,58,4,69,103,0,176,58,0,58,234
08/19/2003,CHO,VA,AEA,EN,Federal Contract Tower,0,64,43,7,114,0,0,62,4,66,0,64,105,11,180,34,44,78,258
08/20/2003,CHO,VA,AEA,EN,Federal Contract Tower,0,57,65,12,134,0,5,68,0,73,0,62,133,12,207,58,26,84,291
08/21/2003,CHO,VA,AEA,EN,Federal Contract Tower,0,62,28,6,96,0,4,80,0,84,0,66,108,6,180,36,0,36,216
08/22/2003,CHO,VA,AEA,EN,Federal Contract Tower,4,69,46,2,121,0,0,69,3,72,4,69,115,5,193,54,2,56,249
08/23/2003,CHO,VA,AEA,EN,Federal Contract Tower,0,61,30,1,92,0,0,128,0,128,0,61,158,1,220,56,0,56,276
08/24/2003,CHO,VA,AEA,EN,Federal Contract Tower,0,61,25,2,88,0,0,147,0,147,0,61,172,2,235,66,0,66,301
08/25/2003,CHO,VA,AEA,EN,Federal Contract Tower,0,62,22,8,92,0,0,93,3,96,0,62,115,11,188,68,16,84,272
08/26/2003,CHO,VA,AEA,EN,Federal Contract Tower,0,62,30,3,95,0,0,55,0,55,0,62,85,3,150,44,6,50,200
08/27/2003,CHO,VA,AEA,EN,Federal Contract Tower,0,65,47,0,112,0,3,25,2,30,0,68,72,2,142,54,0,54,196
08/28/2003,CHO,VA,AEA,EN,Federal Contract Tower,0,72,45,3,120,0,0,47,5,52,0,72,92,8,172,2,10,12,184
08/29/2003,CHO,VA,AEA,EN,Federal Contract Tower,0,50,33,2,85,0,6,26,1,33,0,56,59,3,118,60,0,60,178
08/30/2003,CHO,VA,AEA,EN,Federal Contract Tower,0,40,19,0,59,0,0,58,0,58,0,40,77,0,117,22,0,22,139
08/31/2003,CHO,VA,AEA,EN,Federal Contract Tower,0,48,38,1,87,0,0,24,0,24,0,48,62,1,111,24,0,24,135
09/01/2003,CHO,VA,AEA,EN,Federal Contract Tower,0,55,34,0,89,0,8,13,0,21,0,63,47,0,110,38,0,38,148
09/02/2003,CHO,VA,AEA,EN,Federal Contract Tower,0,57,30,0,87,0,0,32,0,32,0,57,62,0,119,20,0,20,139
09/03/2003,CHO,VA,AEA,EN,Federal Contract Tower,0,63,25,0,88,0,0,2,0,2,0,63,27,0,90,0,0,0,90
09/04/2003,CHO,VA,AEA,EN,Federal Contract Tower,0,64,36,0,100,0,0,0,0,0,0,64,36,0,100,0,0,0,100
09/05/2003,CHO,VA,AEA,EN,Federal Contract Tower,2,72,40,4,118,0,0,74,0,74,2,72,114,4,192,64,8,72,264
09/06/2003,CHO,VA,AEA,EN,Federal Contract Tower,0,46,30,2,78,0,2,122,0,124,0,48,152,2,202,36,0,36,238
09/07/2003,CHO,VA,AEA,EN,Federal Contract Tower,0,57,36,0,93,0,0,94,2,96,0,57,130,2,189,44,0,44,233
09/08/2003,CHO,VA,AEA,EN,Federal Contract Tower,0,68,28,10,106,0,0,52,6,58,0,68,80,16,164,54,0,54,218
09/09/2003,CHO,VA,AEA,EN,Federal Contract Tower,0,59,40,4,103,0,0,69,5,74,0,59,109,9,177,48,2,50,227
09/10/2003,CHO,VA,AEA,EN,Federal Contract Tower,0,70,29,6,105,0,6,58,2,66,0,76,87,8,171,46,0,46,217
09/11/2003,CHO,VA,AEA,EN,Federal Contract Tower,0,58,39,6,103,0,0,78,1,79,0,58,117,7,182,96,12,108,290
09/12/2003,CHO,VA,AEA,EN,Federal Contract Tower,0,66,40,14,120,0,0,0,0,0,0,66,40,14,120,0,0,0,120
09/13/2003,CHO,VA,AEA,EN,Federal Contract Tower,0,50,27,0,77,0,0,0,0,0,0,50,27,0,77,0,0,0,77
09/14/2003,CHO,VA,AEA,EN,Federal Contract Tower,0,48,33,0,81,0,0,12,0,12,0,48,45,0,93,4,0,4,97
09/15/2003,CHO,VA,AEA,EN,Federal Contract Tower,0,59,28,2,89,0,1,22,0,23,0,60,50,2,112,100,0,100,212
09/16/2003,CHO,VA,AEA,EN,Federal Contract Tower,0,67,51,11,129,0,0,96,3,99,0,67,147,14,228,106,0,106,334
09/17/2003,CHO,VA,AEA,EN,Federal Contract Tower,0,66,37,2,105,0,0,63,0,63,0,66,100,2,168,92,2,94,262
09/18/2003,CHO,VA,AEA,EN,Federal Contract Tower,0,27,10,0,37,0,0,0,0,0,0,27,10,0,37,0,0,0,37
09/19/2003,CHO,VA,AEA,EN,Federal Contract Tower,0,44,10,0,54,0,0,20,0,20,0,44,30,0,74,2,0,2,76
09/20/2003,CHO,VA,AEA,EN,Federal Contract Tower,0,62,14,0,76,0,0,67,0,67,0,62,81,0,143,56,0,56,199
09/21/2003,CHO,VA,AEA,EN,Federal Contract Tower,0,53,36,0,89,0,0,47,0,47,0,53,83,0,136,69,0,69,205
09/22/2003,CHO,VA,AEA,EN,Federal Contract Tower,0,61,17,0,78,0,0,0,0,0,0,61,17,0,78,0,0,0,78
09/23/2003,CHO,VA,AEA,EN,Federal Contract Tower,0,61,31,6,98,0,0,68,0,68,0,61,99,6,166,72,52,124,290
09/24/2003,CHO,VA,AEA,EN,Federal Contract Tower,0,65,30,16,111,0,0,120,0,120,0,65,150,16,231,56,38,94,325
09/25/2003,CHO,VA,AEA,EN,Federal Contract Tower,0,66,23,2,91,0,0,90,8,98,0,66,113,10,189,54,0,54,243
09/26/2003,CHO,VA,AEA,EN,Federal Contract Tower,0,77,48,0,125,0,2,75,0,77,0,79,123,0,202,32,0,32,234
09/27/2003,CHO,VA,AEA,EN,Federal Contract Tower,0,54,12,0,66,0,0,60,5,65,0,54,72,5,131,51,0,51,182
09/28/2003,CHO,VA,AEA,EN,Federal Contract Tower,0,63,41,0,104,0,0,63,0,63,0,63,104,0,167,20,0,20,187
09/29/2003,CHO,VA,AEA,EN,Federal Contract Tower,0,55,39,3,97,0,0,48,8,56,0,55,87,11,153,26,12,38,191
09/30/2003,CHO,VA,AEA,EN,Federal Contract Tower,0,60,35,1,96,0,0,110,1,111,0,60,145,2,207,62,0,62,269
10/01/2003,CHO,VA,AEA,EN,Federal Contract Tower,0,66,46,12,124,0,2,42,2,46,0,68,88,14,170,48,16,64,234
10/02/2003,CHO,VA,AEA,EN,Federal Contract Tower,0,66,30,0,96,0,3,62,4,69,0,69,92,4,165,48,0,48,213
10/03/2003,CHO,VA,AEA,EN,Federal Contract Tower,2,67,40,0,109,0,0,77,6,83,2,67,117,6,192,94,0,94,286
10/04/2003,CHO,VA,AEA,EN,Federal Contract Tower,2,65,16,0,83,0,0,65,0,65,2,65,81,0,148,82,0,82,230
10/05/2003,CHO,VA,AEA,EN,Federal Contract Tower,0,54,38,0,92,0,3,90,0,93,0,57,128,0,185,90,0,90,275
10/06/2003,CHO,VA,AEA,EN,Federal Contract Tower,0,65,35,0,100,0,0,75,0,75,0,65,110,0,175,60,0,60,235
10/07/2003,CHO,VA,AEA,EN,Federal Contract Tower,0,67,49,9,125,0,3,56,7,66,0,70,105,16,191,80,24,104,295
10/08/2003,CHO,VA,AEA,EN,Federal Contract Tower,0,72,45,8,125,0,0,76,0,76,0,72,121,8,201,34,16,50,251
10/09/2003,CHO,VA,AEA,EN,Federal Contract Tower,0,71,30,18,119,0,0,44,0,44,0,71,74,18,163,58,24,82,245
10/10/2003,CHO,VA,AEA,EN,Federal Contract Tower,2,79,72,2,155,0,2,74,0,76,2,81,146,2,231,56,20,76,307
10/11/2003,CHO,VA,AEA,EN,Federal Contract Tower,0,54,33,0,87,0,0,12,0,12,0,54,45,0,99,20,0,20,119
10/12/2003,CHO,VA,AEA,EN,Federal Contract Tower,0,53,35,0,88,0,0,78,0,78,0,53,113,0,166,82,0,82,248
10/13/2003,CHO,VA,AEA,EN,Federal Contract Tower,0,70,30,0,100,0,0,99,0,99,0,70,129,0,199,80,0,80,279
10/14/2003,CHO,VA,AEA,EN,Federal Contract Tower,0,52,28,4,84,0,0,0,0,0,0,52,28,4,84,0,0,0,84
10/15/2003,CHO,VA,AEA,EN,Federal Contract Tower,0,79,21,6,106,0,0,9,0,9,0,79,30,6,115,0,0,0,115
10/16/2003,CHO,VA,AEA,EN,Federal Contract Tower,0,75,41,0,116,0,0,72,0,72,0,75,113,0,188,58,0,58,246
10/17/2003,CHO,VA,AEA,EN,Federal Contract Tower,2,87,61,5,155,0,0,65,1,66,2,87,126,6,221,82,0,82,303
10/18/2003,CHO,VA,AEA,EN,Federal Contract Tower,1,57,46,0,104,0,0,102,0,102,1,57,148,0,206,74,12,86,292
10/19/2003,CHO,VA,AEA,EN,Federal Contract Tower,0,79,57,0,136,0,0,84,0,84,0,79,141,0,220,46,0,46,266
10/20/2003,CHO,VA,AEA,EN,Federal Contract Tower,0,61,39,10,110,0,0,70,2,72,0,61,109,12,182,77,16,93,275
10/21/2003,CHO,VA,AEA,EN,Federal Contract Tower,0,65,39,0,104,0,0,69,0,69,0,65,108,0,173,18,0,18,191
10/22/2003,CHO,VA,AEA,EN,Federal Contract Tower,0,66,39,12,117,0,1,35,0,36,0,67,74,12,153,46,6,52,205
10/23/2003,CHO,VA,AEA,EN,Federal Contract Tower,0,74,46,2,122,0,0,46,2,48,0,74,92,4,170,60,2,62,232
10/24/2003,CHO,VA,AEA,EN,Federal Contract Tower,2,78,49,1,130,0,0,75,3,78,2,78,124,4,208,56,2,58,266
10/25/2003,CHO,VA,AEA,EN,Federal Contract Tower,2,52,24,0,78,0,0,81,0,81,2,52,105,0,159,96,0,96,255
10/26/2003,CHO,VA,AEA,EN,Federal Contract Tower,0,68,77,0,145,0,0,10,0,10,0,68,87,0,155,12,0,12,167
10/27/2003,CHO,VA,AEA,EN,Federal Contract Tower,0,57,35,1,93,0,0,3,0,3,0,57,38,1,96,0,0,0,96
10/28/2003,CHO,VA,AEA,EN,Federal Contract Tower,0,58,50,8,116,0,1,40,0,41,0,59,90,8,157,62,20,82,239
10/29/2003,CHO,VA,AEA,EN,Federal Contract Tower,0,57,50,34,141,0,0,23,2,25,0,57,73,36,166,26,52,78,244
10/30/2003,CHO,VA,AEA,EN,Federal Contract Tower,0,60,34,1,95,0,0,106,5,111,0,60,140,6,206,84,4,88,294
10/31/2003,CHO,VA,AEA,EN,Federal Contract Tower,0,75,35,0,110,0,3,97,4,104,0,78,132,4,214,72,0,72,286
11/01/2003,CHO,VA,AEA,EN,Federal Contract Tower,2,43,36,1,82,0,0,109,1,110,2,43,145,2,192,94,0,94,286
11/02/2003,CHO,VA,AEA,EN,Federal Contract Tower,0,68,31,0,99,0,0,106,0,106,0,68,137,0,205,69,0,69,274
11/03/2003,CHO,VA,AEA,EN,Federal Contract Tower,0,59,28,0,87,0,0,73,0,73,0,59,101,0,160,89,0,89,249
11/04/2003,CHO,VA,AEA,EN,Federal Contract Tower,0,62,38,1,101,0,0,66,3,69,0,62,104,4,170,64,8,72,242
11/05/2003,CHO,VA,AEA,EN,Federal Contract Tower,0,72,13,8,93,0,0,18,0,18,0,72,31,8,111,20,6,26,137
11/06/2003,CHO,VA,AEA,EN,Federal Contract Tower,0,60,45,0,105,0,4,0,0,4,0,64,45,0,109,0,0,0,109
11/07/2003,CHO,VA,AEA,EN,Federal Contract Tower,0,69,41,0,110,0,0,46,0,46,0,69,87,0,156,38,0,38,194
11/08/2003,CHO,VA,AEA,EN,Federal Contract Tower,0,51,36,0,87,0,0,87,2,89,0,51,123,2,176,80,0,80,256
11/09/2003,CHO,VA,AEA,EN,Federal Contract Tower,0,63,29,0,92,0,2,113,0,115,0,65,142,0,207,85,12,97,304
11/10/2003,CHO,VA,AEA,EN,Federal Contract Tower,0,57,31,1,89,0,0,72,0,72,0,57,103,1,161,78,0,78,239
11/11/2003,CHO,VA,AEA,EN,Federal Contract Tower,0,60,34,0,94,0,2,88,0,90,0,62,122,0,184,66,4,70,254
11/12/2003,CHO,VA,AEA,EN,Federal Contract Tower,0,58,31,2,91,0,0,6,0,6,0,58,37,2,97,12,0,12,109
11/13/2003,CHO,VA,AEA,EN,Federal Contract Tower,0,59,8,0,67,0,0,2,0,2,0,59,10,0,69,2,0,2,71
11/14/2003,CHO,VA,AEA,EN,Federal Contract Tower,0,67,26,1,94,0,0,38,0,38,0,67,64,1,132,55,0,55,187
11/15/2003,CHO,VA,AEA,EN,Federal Contract Tower,0,54,20,1,75,0,2,78,1,81,0,56,98,2,156,138,0,138,294
11/16/2003,CHO,VA,AEA,EN,Federal Contract Tower,0,59,33,1,93,0,0,26,0,26,0,59,59,1,119,18,0,18,137
11/17/2003,CHO,VA,AEA,EN,Federal Contract Tower,0,52,30,10,92,0,0,56,0,56,0,52,86,10,148,50,16,66,214
11/18/2003,CHO,VA,AEA,EN,Federal Contract Tower,0,65,26,6,97,0,0,0,0,0,0,65,26,6,97,0,0,0,97
11/19/2003,CHO,VA,AEA,EN,Federal Contract Tower,0,51,21,0,72,0,0,0,0,0,0,51,21,0,72,0,0,0,72
11/20/2003,CHO,VA,AEA,EN,Federal Contract Tower,0,63,36,13,112,0,0,65,2,67,0,63,101,15,179,20,28,48,227
11/21/2003,CHO,VA,AEA,EN,Federal Contract Tower,2,78,36,10,126,0,3,115,0,118,2,81,151,10,244,130,34,164,408
11/22/2003,CHO,VA,AEA,EN,Federal Contract Tower,2,56,47,6,111,0,0,132,2,134,2,56,179,8,245,142,14,156,401
11/23/2003,CHO,VA,AEA,EN,Federal Contract Tower,0,64,30,0,94,0,0,114,0,114,0,64,144,0,208,132,0,132,340
11/24/2003,CHO,VA,AEA,EN,Federal Contract Tower,0,52,28,4,84,0,0,16,0,16,0,52,44,4,100,18,0,18,118
11/25/2003,CHO,VA,AEA,EN,Federal Contract Tower,0,70,52,4,126,0,4,1,0,5,0,74,53,4,131,18,0,18,149
11/26/2003,CHO,VA,AEA,EN,Federal Contract Tower,0,70,38,8,116,0,0,100,9,109,0,70,138,17,225,84,34,118,343
11/27/2003,CHO,VA,AEA,EN,Federal Contract Tower,0,42,14,0,56,0,0,40,0,40,0,42,54,0,96,8,0,8,104
11/28/2003,CHO,VA,AEA,EN,Federal Contract Tower,0,47,24,0,71,0,0,2,0,2,0,47,26,0,73,4,0,4,77
11/29/2003,CHO,VA,AEA,EN,Federal Contract Tower,0,62,35,0,97,0,0,20,0,20,0,62,55,0,117,2,0,2,119
11/30/2003,CHO,VA,AEA,EN,Federal Contract Tower,0,63,56,0,119,0,0,110,0,110,0,63,166,0,229,54,0,54,283
12/01/2003,CHO,VA,AEA,EN,Federal Contract Tower,0,71,24,0,95,0,0,31,2,33,0,71,55,2,128,7,0,7,135
12/02/2003,CHO,VA,AEA,EN,Federal Contract Tower,0,65,46,16,127,0,0,61,0,61,0,65,107,16,188,26,18,44,232
12/03/2003,CHO,VA,AEA,EN,Federal Contract Tower,0,70,54,2,126,0,0,37,6,43,0,70,91,8,169,47,6,53,222
12/04/2003,CHO,VA,AEA,EN,Federal Contract Tower,0,63,21,0,84,0,0,2,0,2,0,63,23,0,86,0,0,0,86
12/05/2003,CHO,VA,AEA,EN,Federal Contract Tower,0,50,16,0,66,0,0,2,0,2,0,50,18,0,68,0,0,0,68
12/06/2003,CHO,VA,AEA,EN,Federal Contract Tower,0,45,7,0,52,0,0,9,0,9,0,45,16,0,61,0,0,0,61
12/07/2003,CHO,VA,AEA,EN,Federal Contract Tower,0,53,22,0,75,0,0,34,0,34,0,53,56,0,109,16,0,16,125
12/08/2003,CHO,VA,AEA,EN,Federal Contract Tower,0,57,30,0,87,0,0,63,4,67,0,57,93,4,154,28,0,28,182
12/09/2003,CHO,VA,AEA,EN,Federal Contract Tower,0,59,19,12,90,0,0,88,2,90,0,59,107,14,180,66,8,74,254
12/10/2003,CHO,VA,AEA,EN,Federal Contract Tower,0,51,37,8,96,0,0,29,0,29,0,51,66,8,125,20,4,24,149
12/11/2003,CHO,VA,AEA,EN,Federal Contract Tower,0,55,26,10,91,0,2,14,6,22,0,57,40,16,113,4,2,6,119
12/12/2003,CHO,VA,AEA,EN,Federal Contract Tower,0,60,36,2,98,0,0,63,2,65,0,60,99,4,163,40,0,40,203
12/13/2003,CHO,VA,AEA,EN,Federal Contract Tower,0,51,21,0,72,0,0,95,5,100,0,51,116,5,172,74,0,74,246
12/14/2003,CHO,VA,AEA,EN,Federal Contract Tower,0,54,12,0,66,0,0,0,0,0,0,54,12,0,66,0,0,0,66
12/15/2003,CHO,VA,AEA,EN,Federal Contract Tower,0,55,24,3,82,0,0,40,0,40,0,55,64,3,122,32,2,34,156
12/16/2003,CHO,VA,AEA,EN,Federal Contract Tower,0,64,33,0,97,0,0,69,2,71,0,64,102,2,168,44,6,50,218
12/17/2003,CHO,VA,AEA,EN,Federal Contract Tower,0,62,18,3,83,0,0,15,0,15,0,62,33,3,98,12,0,12,110
12/18/2003,CHO,VA,AEA,EN,Federal Contract Tower,0,63,57,2,122,0,5,52,6,63,0,68,109,8,185,26,0,26,211
12/19/2003,CHO,VA,AEA,EN,Federal Contract Tower,0,69,32,2,103,0,0,28,2,30,0,69,60,4,133,50,0,50,183
12/20/2003,CHO,VA,AEA,EN,Federal Contract Tower,0,46,21,0,67,0,0,55,0,55,0,46,76,0,122,42,0,42,164
12/21/2003,CHO,VA,AEA,EN,Federal Contract Tower,0,51,17,0,68,0,0,76,0,76,0,51,93,0,144,50,0,50,194
12/22/2003,CHO,VA,AEA,EN,Federal Contract Tower,0,55,31,10,96,0,0,42,4,46,0,55,73,14,142,48,20,68,210
12/23/2003,CHO,VA,AEA,EN,Federal Contract Tower,0,63,20,10,93,0,0,58,0,58,0,63,78,10,151,18,8,26,177
12/24/2003,CHO,VA,AEA,EN,Federal Contract Tower,0,49,8,0,57,0,0,14,0,14,0,49,22,0,71,0,0,0,71
12/25/2003,CHO,VA,AEA,EN,Federal Contract Tower,0,52,6,0,58,0,0,8,0,8,0,52,14,0,66,8,0,8,74
12/26/2003,CHO,VA,AEA,EN,Federal Contract Tower,0,65,20,1,86,0,0,65,3,68,0,65,85,4,154,60,0,60,214
12/27/2003,CHO,VA,AEA,EN,Federal Contract Tower,0,56,21,0,77,0,0,92,0,92,0,56,113,0,169,148,0,148,317
12/28/2003,CHO,VA,AEA,EN,Federal Contract Tower,0,53,18,0,71,0,0,89,0,89,0,53,107,0,160,78,0,78,238
12/29/2003,CHO,VA,AEA,EN,Federal Contract Tower,0,60,10,2,72,0,0,59,0,59,0,60,69,2,131,32,0,32,163
12/30/2003,CHO,VA,AEA,EN,Federal Contract Tower,0,56,22,3,81,0,0,16,1,17,0,56,38,4,98,2,0,2,100
12/31/2003,CHO,VA,AEA,EN,Federal Contract Tower,0,48,15,2,65,0,0,67,0,67,0,48,82,2,132,54,0,54,186
01/01/2004,CHO,VA,AEA,EN,Federal Contract Tower,0,48,14,0,62,0,0,39,0,39,0,48,53,0,101,0,10,10,111
01/02/2004,CHO,VA,AEA,EN,Federal Contract Tower,2,62,13,4,81,0,2,31,0,33,2,64,44,4,114,34,4,38,152
01/03/2004,CHO,VA,AEA,EN,Federal Contract Tower,0,54,17,0,71,0,0,62,0,62,0,54,79,0,133,87,0,87,220
01/04/2004,CHO,VA,AEA,EN,Federal Contract Tower,0,53,27,0,80,0,0,53,0,53,0,53,80,0,133,52,0,52,185
01/05/2004,CHO,VA,AEA,EN,Federal Contract Tower,0,58,15,0,73,0,0,7,0,7,0,58,22,0,80,6,0,6,86
01/06/2004,CHO,VA,AEA,EN,Federal Contract Tower,0,65,22,2,89,0,0,49,2,51,0,65,71,4,140,27,10,37,177
01/07/2004,CHO,VA,AEA,EN,Federal Contract Tower,0,64,19,4,87,0,0,40,4,44,0,64,59,8,131,60,2,62,193
01/08/2004,CHO,VA,AEA,EN,Federal Contract Tower,0,64,21,0,85,0,0,46,8,54,0,64,67,8,139,42,0,42,181
01/09/2004,CHO,VA,AEA,EN,Federal Contract Tower,0,65,26,0,91,0,0,6,0,6,0,65,32,0,97,0,0,0,97
01/10/2004,CHO,VA,AEA,EN,Federal Contract Tower,0,50,10,0,60,0,0,71,0,71,0,50,81,0,131,28,0,28,159
01/11/2004,CHO,VA,AEA,EN,Federal Contract Tower,1,48,16,0,65,0,0,86,0,86,1,48,102,0,151,80,0,80,231
01/12/2004,CHO,VA,AEA,EN,Federal Contract Tower,0,59,19,4,82,0,0,30,3,33,0,59,49,7,115,6,4,10,125
01/13/2004,CHO,VA,AEA,EN,Federal Contract Tower,0,65,29,2,96,0,0,24,0,24,0,65,53,2,120,24,2,26,146
01/14/2004,CHO,VA,AEA,EN,Federal Contract Tower,0,65,21,16,102,0,0,41,0,41,0,65,62,16,143,56,30,86,229
01/15/2004,CHO,VA,AEA,EN,Federal Contract Tower,0,53,18,6,77,0,0,9,0,9,0,53,27,6,86,0,6,6,92
01/16/2004,CHO,VA,AEA,EN,Federal Contract Tower,0,60,30,0,90,0,2,41,0,43,0,62,71,0,133,18,0,18,151
01/17/2004,CHO,VA,AEA,EN,Federal Contract Tower,0,50,23,4,77,0,0,104,4,108,0,50,127,8,185,125,4,129,314
01/18/2004,CHO,VA,AEA,EN,Federal Contract Tower,0,58,10,0,68,0,0,2,0,2,0,58,12,0,70,0,0,0,70
01/19/2004,CHO,VA,AEA,EN,Federal Contract Tower,0,62,35,0,97,0,0,31,2,33,0,62,66,2,130,14,0,14,144
01/20/2004,CHO,VA,AEA,EN,Federal Contract Tower,0,55,22,12,89,0,0,34,0,34,0,55,56,12,123,18,16,34,157
01/21/2004,CHO,VA,AEA,EN,Federal Contract Tower,0,59,23,0,82,0,0,60,1,61,0,59,83,1,143,48,0,48,191
01/22/2004,CHO,VA,AEA,EN,Federal Contract Tower,0,65,30,0,95,0,0,23,0,23,0,65,53,0,118,6,0,6,124
01/23/2004,CHO,VA,AEA,EN,Federal Contract Tower,2,68,31,10,111,0,0,65,0,65,2,68,96,10,176,40,2,42,218
01/24/2004,CHO,VA,AEA,EN,Federal Contract Tower,0,67,16,0,83,0,0,72,2,74,0,67,88,2,157,92,0,92,249
01/25/2004,CHO,VA,AEA,EN,Federal Contract Tower,0,51,12,0,63,0,0,12,0,12,0,51,24,0,75,0,0,0,75
01/26/2004,CHO,VA,AEA,EN,Federal Contract Tower,0,42,4,0,46,0,0,0,0,0,0,42,4,0,46,0,0,0,46
01/27/2004,CHO,VA,AEA,EN,Federal Contract Tower,0,39,11,0,50,0,0,0,0,0,0,39,11,0,50,0,0,0,50
01/28/2004,CHO,VA,AEA,EN,Federal Contract Tower,0,60,35,2,97,0,0,7,0,7,0,60,42,2,104,2,4,6,110
01/29/2004,CHO,VA,AEA,EN,Federal Contract Tower,0,71,22,4,97,0,0,43,0,43,0,71,65,4,140,38,0,38,178
01/30/2004,CHO,VA,AEA,EN,Federal Contract Tower,1,64,25,12,102,0,0,37,0,37,1,64,62,12,139,52,14,66,205
01/31/2004,CHO,VA,AEA,EN,Federal Contract Tower,0,57,11,0,68,0,0,91,0,91,0,57,102,0,159,59,0,59,218
02/01/2004,CHO,VA,AEA,EN,Federal Contract Tower,0,56,16,0,72,0,0,93,0,93,0,56,109,0,165,78,0,78,243
02/02/2004,CHO,VA,AEA,EN,Federal Contract Tower,0,55,22,0,77,0,0,62,0,62,0,55,84,0,139,50,0,50,189
02/03/2004,CHO,VA,AEA,EN,Federal Contract Tower,0,50,10,0,60,0,0,13,0,13,0,50,23,0,73,0,0,0,73
02/04/2004,CHO,VA,AEA,EN,Federal Contract Tower,0,66,34,6,106,0,0,71,0,71,0,66,105,6,177,26,0,26,203
02/05/2004,CHO,VA,AEA,EN,Federal Contract Tower,0,65,14,2,81,0,0,64,0,64,0,65,78,2,145,36,0,36,181
02/06/2004,CHO,VA,AEA,EN,Federal Contract Tower,0,60,16,0,76,0,8,0,0,8,0,68,16,0,84,0,0,0,84
02/07/2004,CHO,VA,AEA,EN,Federal Contract Tower,0,47,15,0,62,0,0,27,0,27,0,47,42,0,89,16,0,16,105
02/08/2004,CHO,VA,AEA,EN,Federal Contract Tower,0,62,36,7,105,0,0,70,1,71,0,62,106,8,176,40,0,40,216
02/09/2004,CHO,VA,AEA,EN,Federal Contract Tower,0,64,20,0,84,0,0,48,8,56,0,64,68,8,140,22,0,22,162
02/10/2004,CHO,VA,AEA,EN,Federal Contract Tower,0,69,27,10,106,0,0,57,0,57,0,69,84,10,163,10,12,22,185
02/11/2004,CHO,VA,AEA,EN,Federal Contract Tower,0,68,16,2,86,0,0,87,2,89,0,68,103,4,175,46,0,46,221
02/12/2004,CHO,VA,AEA,EN,Federal Contract Tower,0,60,16,14,90,0,0,36,0,36,0,60,52,14,126,26,20,46,172
02/13/2004,CHO,VA,AEA,EN,Federal Contract Tower,0,72,35,8,115,0,0,74,0,74,0,72,109,8,189,117,4,121,310
02/14/2004,CHO,VA,AEA,EN,Federal Contract Tower,0,53,44,0,97,0,0,76,2,78,0,53,120,2,175,96,0,96,271
02/15/2004,CHO,VA,AEA,EN,Federal Contract Tower,0,60,29,0,89,0,0,56,0,56,0,60,85,0,145,34,0,34,179
02/16/2004,CHO,VA,AEA,EN,Federal Contract Tower,0,72,33,0,105,0,0,62,0,62,0,72,95,0,167,42,0,42,209
02/17/2004,CHO,VA,AEA,EN,Federal Contract Tower,0,66,46,4,116,0,0,26,0,26,0,66,72,4,142,50,0,50,192
02/18/2004,CHO,VA,AEA,EN,Federal Contract Tower,0,71,24,0,95,0,0,138,0,138,0,71,162,0,233,84,0,84,317
02/19/2004,CHO,VA,AEA,EN,Federal Contract Tower,0,69,51,8,128,0,0,48,0,48,0,69,99,8,176,20,0,20,196
02/20/2004,CHO,VA,AEA,EN,Federal Contract Tower,0,67,28,8,103,0,0,53,0,53,0,67,81,8,156,64,8,72,228
02/21/2004,CHO,VA,AEA,EN,Federal Contract Tower,0,57,13,2,72,0,0,12,4,16,0,57,25,6,88,4,2,6,94
02/22/2004,CHO,VA,AEA,EN,Federal Contract Tower,0,65,26,3,94,0,0,97,2,99,0,65,123,5,193,67,0,67,260
02/23/2004,CHO,VA,AEA,EN,Federal Contract Tower,0,57,30,0,87,0,0,68,0,68,0,57,98,0,155,40,0,40,195
02/24/2004,CHO,VA,AEA,EN,Federal Contract Tower,0,61,26,0,87,0,0,17,0,17,0,61,43,0,104,8,0,8,112
02/25/2004,CHO,VA,AEA,EN,Federal Contract Tower,0,67,24,10,101,0,0,55,0,55,0,67,79,10,156,40,24,64,220
02/26/2004,CHO,VA,AEA,EN,Federal Contract Tower,0,56,22,4,82,0,0,91,1,92,0,56,113,5,174,88,12,100,274
02/27/2004,CHO,VA,AEA,EN,Federal Contract Tower,0,60,20,6,86,0,0,60,0,60,0,60,80,6,146,80,32,112,258
02/28/2004,CHO,VA,AEA,EN,Federal Contract Tower,0,57,15,2,74,0,0,157,1,158,0,57,172,3,232,93,14,107,339
02/29/2004,CHO,VA,AEA,EN,Federal Contract Tower,0,62,26,0,88,0,0,102,2,104,0,62,128,2,192,26,0,26,218
03/01/2004,CHO,VA,AEA,EN,Federal Contract Tower,0,61,19,4,84,0,0,68,0,68,0,61,87,4,152,76,16,92,244
03/02/2004,CHO,VA,AEA,EN,Federal Contract Tower,0,67,24,2,93,0,0,47,0,47,0,67,71,2,140,24,4,28,168
03/03/2004,CHO,VA,AEA,EN,Federal Contract Tower,0,67,32,0,99,0,0,81,0,81,0,67,113,0,180,86,0,86,266
03/04/2004,CHO,VA,AEA,EN,Federal Contract Tower,0,73,75,3,151,0,10,70,1,81,0,83,145,4,232,98,0,98,330
03/05/2004,CHO,VA,AEA,EN,Federal Contract Tower,0,73,39,16,128,0,0,35,0,35,0,73,74,16,163,4,30,34,197
03/06/2004,CHO,VA,AEA,EN,Federal Contract Tower,0,53,14,2,69,0,0,11,0,11,0,53,25,2,80,0,0,0,80
03/07/2004,CHO,VA,AEA,EN,Federal Contract Tower,0,47,23,1,71,0,0,64,3,67,0,47,87,4,138,99,0,99,237
03/08/2004,CHO,VA,AEA,EN,Federal Contract Tower,0,56,19,0,75,0,0,28,2,30,0,56,47,2,105,30,2,32,137
03/09/2004,CHO,VA,AEA,EN,Federal Contract Tower,0,53,23,0,76,0,0,26,0,26,0,53,49,0,102,14,0,14,116
03/10/2004,CHO,VA,AEA,EN,Federal Contract Tower,0,65,35,6,106,0,2,46,2,50,0,67,81,8,156,44,26,70,226
03/11/2004,CHO,VA,AEA,EN,Federal Contract Tower,0,77,29,4,110,0,0,123,8,131,0,77,152,12,241,64,14,78,319
03/12/2004,CHO,VA,AEA,EN,Federal Contract Tower,0,73,27,4,104,0,0,52,4,56,0,73,79,8,160,26,0,26,186
03/13/2004,CHO,VA,AEA,EN,Federal Contract Tower,0,54,36,1,91,0,0,127,1,128,0,54,163,2,219,152,2,154,373
03/14/2004,CHO,VA,AEA,EN,Federal Contract Tower,0,66,51,4,121,0,0,46,0,46,0,66,97,4,167,116,0,116,283
03/15/2004,CHO,VA,AEA,EN,Federal Contract Tower,0,57,22,16,95,0,0,53,2,55,0,57,75,18,150,58,28,86,236
03/16/2004,CHO,VA,AEA,EN,Federal Contract Tower,0,60,30,0,90,0,0,4,0,4,0,60,34,0,94,0,0,0,94
03/17/2004,CHO,VA,AEA,EN,Federal Contract Tower,0,62,36,4,102,0,0,15,0,15,0,62,51,4,117,0,0,0,117
03/18/2004,CHO,VA,AEA,EN,Federal Contract Tower,0,57,42,4,103,0,0,21,2,23,0,57,63,6,126,10,0,10,136
03/19/2004,CHO,VA,AEA,EN,Federal Contract Tower,0,67,33,16,116,0,0,39,0,39,0,67,72,16,155,66,30,96,251
03/20/2004,CHO,VA,AEA,EN,Federal Contract Tower,0,57,17,5,79,0,0,52,0,52,0,57,69,5,131,72,10,82,213
03/21/2004,CHO,VA,AEA,EN,Federal Contract Tower,0,67,27,0,94,0,0,7,0,7,0,67,34,0,101,0,0,0,101
03/22/2004,CHO,VA,AEA,EN,Federal Contract Tower,0,53,30,4,87,0,3,27,0,30,0,56,57,4,117,20,16,36,153
03/23/2004,CHO,VA,AEA,EN,Federal Contract Tower,0,66,38,12,116,0,0,86,0,86,0,66,124,12,202,30,12,42,244
03/24/2004,CHO,VA,AEA,EN,Federal Contract Tower,0,68,29,12,109,0,2,75,8,85,0,70,104,20,194,40,8,48,242
03/25/2004,CHO,VA,AEA,EN,Federal Contract Tower,0,60,30,0,90,0,0,74,4,78,0,60,104,4,168,103,0,103,271
03/26/2004,CHO,VA,AEA,EN,Federal Contract Tower,0,60,34,7,101,0,0,81,1,82,0,60,115,8,183,98,0,98,281
03/27/2004,CHO,VA,AEA,EN,Federal Contract Tower,0,54,26,0,80,0,0,32,0,32,0,54,58,0,112,68,0,68,180
03/28/2004,CHO,VA,AEA,EN,Federal Contract Tower,0,55,60,0,115,0,1,65,0,66,0,56,125,0,181,114,0,114,295
03/29/2004,CHO,VA,AEA,EN,Federal Contract Tower,0,52,45,4,101,0,0,51,0,51,0,52,96,4,152,46,0,46,198
03/30/2004,CHO,VA,AEA,EN,Federal Contract Tower,0,60,42,6,108,0,0,3,0,3,0,60,45,6,111,4,0,4,115
03/31/2004,CHO,VA,AEA,EN,Federal Contract Tower,0,57,32,0,89,0,0,0,0,0,0,57,32,0,89,0,0,0,89
04/01/2004,CHO,VA,AEA,EN,Federal Contract Tower,0,65,32,10,107,0,0,94,0,94,0,65,126,10,201,0,0,0,201
04/02/2004,CHO,VA,AEA,EN,Federal Contract Tower,0,68,42,2,112,0,0,7,0,7,0,68,49,2,119,0,0,0,119
04/03/2004,CHO,VA,AEA,EN,Federal Contract Tower,0,60,36,2,98,0,0,66,8,74,0,60,102,10,172,0,0,0,172
04/04/2004,CHO,VA,AEA,EN,Federal Contract Tower,0,57,28,0,85,0,0,6,0,6,0,57,34,0,91,0,0,0,91
04/05/2004,CHO,VA,AEA,EN,Federal Contract Tower,0,58,18,0,76,0,0,13,0,13,0,58,31,0,89,0,0,0,89
04/06/2004,CHO,VA,AEA,EN,Federal Contract Tower,0,58,35,0,93,0,0,95,2,97,0,58,130,2,190,0,0,0,190
04/07/2004,CHO,VA,AEA,EN,Federal Contract Tower,0,63,36,11,110,0,0,53,0,53,0,63,89,11,163,0,0,0,163
04/08/2004,CHO,VA,AEA,EN,Federal Contract Tower,0,64,36,9,109,0,0,67,0,67,0,64,103,9,176,0,0,0,176
04/09/2004,CHO,VA,AEA,EN,Federal Contract Tower,0,70,35,0,105,0,0,65,0,65,0,70,100,0,170,0,0,0,170
04/10/2004,CHO,VA,AEA,EN,Federal Contract Tower,0,48,29,0,77,0,0,110,0,110,0,48,139,0,187,0,0,0,187
04/11/2004,CHO,VA,AEA,EN,Federal Contract Tower,0,58,28,0,86,0,0,6,0,6,0,58,34,0,92,0,0,0,92
04/12/2004,CHO,VA,AEA,EN,Federal Contract Tower,0,65,28,0,93,0,0,0,0,0,0,65,28,0,93,0,0,0,93
04/13/2004,CHO,VA,AEA,EN,Federal Contract Tower,0,58,20,0,78,0,0,0,0,0,0,58,20,0,78,0,0,0,78
04/14/2004,CHO,VA,AEA,EN,Federal Contract Tower,0,53,21,4,78,0,0,2,0,2,0,53,23,4,80,0,0,0,80
04/15/2004,CHO,VA,AEA,EN,Federal Contract Tower,0,61,45,1,107,0,0,38,1,39,0,61,83,2,146,0,0,0,146
04/16/2004,CHO,VA,AEA,EN,Federal Contract Tower,0,82,50,1,133,0,0,130,0,130,0,82,180,1,263,0,0,0,263
04/17/2004,CHO,VA,AEA,EN,Federal Contract Tower,0,58,44,2,104,0,0,123,0,123,0,58,167,2,227,0,0,0,227
04/18/2004,CHO,VA,AEA,EN,Federal Contract Tower,0,59,40,1,100,0,0,119,1,120,0,59,159,2,220,0,0,0,220
04/19/2004,CHO,VA,AEA,EN,Federal Contract Tower,0,56,23,2,81,0,0,63,2,65,0,56,86,4,146,0,0,0,146
04/20/2004,CHO,VA,AEA,EN,Federal Contract Tower,0,56,32,2,90,0,0,90,0,90,0,56,122,2,180,0,0,0,180
04/21/2004,CHO,VA,AEA,EN,Federal Contract Tower,0,60,31,10,101,0,0,39,4,43,0,60,70,14,144,0,0,0,144
04/22/2004,CHO,VA,AEA,EN,Federal Contract Tower,0,76,56,7,139,0,0,45,0,45,0,76,101,7,184,0,0,0,184
04/23/2004,CHO,VA,AEA,EN,Federal Contract Tower,0,76,43,0,119,0,0,37,0,37,0,76,80,0,156,0,0,0,156
04/24/2004,CHO,VA,AEA,EN,Federal Contract Tower,0,56,27,0,83,0,0,79,0,79,0,56,106,0,162,0,0,0,162
04/25/2004,CHO,VA,AEA,EN,Federal Contract Tower,0,61,43,0,104,0,0,31,0,31,0,61,74,0,135,0,0,0,135
04/26/2004,CHO,VA,AEA,EN,Federal Contract Tower,0,59,32,0,91,0,0,4,0,4,0,59,36,0,95,0,0,0,95
04/27/2004,CHO,VA,AEA,EN,Federal Contract Tower,0,60,30,0,90,0,1,42,8,51,0,61,72,8,141,0,0,0,141
04/28/2004,CHO,VA,AEA,EN,Federal Contract Tower,0,70,36,10,116,0,0,109,9,118,0,70,145,19,234,0,0,0,234
04/29/2004,CHO,VA,AEA,EN,Federal Contract Tower,0,67,40,0,107,0,0,135,0,135,0,67,175,0,242,0,0,0,242
04/30/2004,CHO,VA,AEA,EN,Federal Contract Tower,0,68,35,6,109,0,0,101,0,101,0,68,136,6,210,0,0,0,210
05/01/2004,CHO,VA,AEA,EN,Federal Contract Tower,0,49,6,2,57,0,0,69,0,69,0,49,75,2,126,48,0,48,174
05/02/2004,CHO,VA,AEA,EN,Federal Contract Tower,0,55,25,0,80,0,0,3,0,3,0,55,28,0,83,2,0,2,85
05/03/2004,CHO,VA,AEA,EN,Federal Contract Tower,0,55,38,2,95,0,0,26,0,26,0,55,64,2,121,12,0,12,133
05/04/2004,CHO,VA,AEA,EN,Federal Contract Tower,0,64,42,4,110,0,0,99,0,99,0,64,141,4,209,60,8,68,277
05/05/2004,CHO,VA,AEA,EN,Federal Contract Tower,0,68,37,2,107,0,0,49,0,49,0,68,86,2,156,88,0,88,244
05/06/2004,CHO,VA,AEA,EN,Federal Contract Tower,0,62,26,1,89,0,0,88,5,93,0,62,114,6,182,136,0,136,318
05/07/2004,CHO,VA,AEA,EN,Federal Contract Tower,0,71,59,10,140,0,0,55,0,55,0,71,114,10,195,81,6,87,282
05/08/2004,CHO,VA,AEA,EN,Federal Contract Tower,0,51,18,0,69,0,0,105,2,107,0,51,123,2,176,104,0,104,280
05/09/2004,CHO,VA,AEA,EN,Federal Contract Tower,0,60,30,0,90,0,0,80,0,80,0,60,110,0,170,58,2,60,230
05/10/2004,CHO,VA,AEA,EN,Federal Contract Tower,0,57,40,0,97,0,0,70,6,76,0,57,110,6,173,66,0,66,239
05/11/2004,CHO,VA,AEA,EN,Federal Contract Tower,0,58,27,0,85,0,0,38,0,38,0,58,65,0,123,32,0,32,155
05/12/2004,CHO,VA,AEA,EN,Federal Contract Tower,0,61,25,0,86,0,0,66,2,68,0,61,91,2,154,96,0,96,250
05/13/2004,CHO,VA,AEA,EN,Federal Contract Tower,0,66,48,2,116,0,0,82,0,82,0,66,130,2,198,128,0,128,326
05/14/2004,CHO,VA,AEA,EN,Federal Contract Tower,0,70,60,1,131,0,6,71,17,94,0,76,131,18,225,66,0,66,291
05/15/2004,CHO,VA,AEA,EN,Federal Contract Tower,0,60,41,10,111,0,0,69,1,70,0,60,110,11,181,78,4,82,263
05/16/2004,CHO,VA,AEA,EN,Federal Contract Tower,0,69,50,1,120,0,0,66,3,69,0,69,116,4,189,30,0,30,219
05/17/2004,CHO,VA,AEA,EN,Federal Contract Tower,0,58,33,0,91,0,0,53,0,53,0,58,86,0,144,44,0,44,188
05/18/2004,CHO,VA,AEA,EN,Federal Contract Tower,0,54,38,0,92,0,0,33,15,48,0,54,71,15,140,34,0,34,174
05/19/2004,CHO,VA,AEA,EN,Federal Contract Tower,0,66,34,6,106,0,0,36,0,36,0,66,70,6,142,20,34,54,196
05/20/2004,CHO,VA,AEA,EN,Federal Contract Tower,0,61,55,5,121,0,0,0,0,0,0,61,55,5,121,0,0,0,121
05/21/2004,CHO,VA,AEA,EN,Federal Contract Tower,0,58,25,0,83,0,0,19,2,21,0,58,44,2,104,36,0,36,140
05/22/2004,CHO,VA,AEA,EN,Federal Contract Tower,0,46,28,0,74,0,0,112,8,120,0,46,140,8,194,104,0,104,298
05/23/2004,CHO,VA,AEA,EN,Federal Contract Tower,0,52,15,0,67,0,0,68,0,68,0,52,83,0,135,22,14,36,171
05/24/2004,CHO,VA,AEA,EN,Federal Contract Tower,0,67,29,0,96,0,0,57,4,61,0,67,86,4,157,34,0,34,191
05/25/2004,CHO,VA,AEA,EN,Federal Contract Tower,0,57,35,0,92,0,0,73,0,73,0,57,108,0,165,46,0,46,211
05/26/2004,CHO,VA,AEA,EN,Federal Contract Tower,0,51,41,0,92,0,0,66,15,81,0,51,107,15,173,42,0,42,215
05/27/2004,CHO,VA,AEA,EN,Federal Contract Tower,0,63,32,2,97,0,0,60,0,60,0,63,92,2,157,22,0,22,179
05/28/2004,CHO,VA,AEA,EN,Federal Contract Tower,0,60,33,0,93,0,0,77,0,77,0,60,110,0,170,88,0,88,258
05/29/2004,CHO,VA,AEA,EN,Federal Contract Tower,0,46,17,0,63,0,0,118,0,118,0,46,135,0,181,80,0,80,261
05/30/2004,CHO,VA,AEA,EN,Federal Contract Tower,0,47,23,0,70,0,0,10,0,10,0,47,33,0,80,0,0,0,80
05/31/2004,CHO,VA,AEA,EN,Federal Contract Tower,0,56,25,0,81,0,0,13,0,13,0,56,38,0,94,6,0,6,100
06/01/2004,CHO,VA,AEA,EN,Federal Contract Tower,0,58,29,4,91,0,0,55,0,55,0,58,84,4,146,66,8,74,220
06/02/2004,CHO,VA,AEA,EN,Federal Contract Tower,0,68,30,10,108,0,0,60,0,60,0,68,90,10,168,36,14,50,218
06/03/2004,CHO,VA,AEA,EN,Federal Contract Tower,0,72,35,6,113,0,0,82,2,84,0,72,117,8,197,62,0,62,259
06/04/2004,CHO,VA,AEA,EN,Federal Contract Tower,0,65,56,8,129,0,0,100,0,100,0,65,156,8,229,16,0,16,245
06/05/2004,CHO,VA,AEA,EN,Federal Contract Tower,0,49,38,0,87,0,0,15,0,15,0,49,53,0,102,10,0,10,112
06/06/2004,CHO,VA,AEA,EN,Federal Contract Tower,0,60,38,0,98,0,0,24,0,24,0,60,62,0,122,26,0,26,148
06/07/2004,CHO,VA,AEA,EN,Federal Contract Tower,1,60,42,1,104,0,0,20,1,21,1,60,62,2,125,14,0,14,139
06/08/2004,CHO,VA,AEA,EN,Federal Contract Tower,0,68,48,2,118,0,3,95,10,108,0,71,143,12,226,124,0,124,350
06/09/2004,CHO,VA,AEA,EN,Federal Contract Tower,0,68,48,8,124,0,0,30,4,34,0,68,78,12,158,40,6,46,204
06/10/2004,CHO,VA,AEA,EN,Federal Contract Tower,0,66,53,2,121,0,0,23,0,23,0,66,76,2,144,14,0,14,158
06/11/2004,CHO,VA,AEA,EN,Federal Contract Tower,0,61,41,0,102,0,0,10,0,10,0,61,51,0,112,10,0,10,122
06/12/2004,CHO,VA,AEA,EN,Federal Contract Tower,0,66,25,0,91,0,0,78,0,78,0,66,103,0,169,64,0,64,233
06/13/2004,CHO,VA,AEA,EN,Federal Contract Tower,0,50,29,0,79,0,0,56,4,60,0,50,85,4,139,32,0,32,171
06/14/2004,CHO,VA,AEA,EN,Federal Contract Tower,0,52,33,10,95,0,0,7,0,7,0,52,40,10,102,0,0,0,102
06/15/2004,CHO,VA,AEA,EN,Federal Contract Tower,0,66,39,6,111,0,0,22,2,24,0,66,61,8,135,28,0,28,163
06/16/2004,CHO,VA,AEA,EN,Federal Contract Tower,0,56,43,6,105,0,0,18,0,18,0,56,61,6,123,2,4,6,129
06/17/2004,CHO,VA,AEA,EN,Federal Contract Tower,0,62,35,4,101,0,0,60,5,65,0,62,95,9,166,84,22,106,272
06/18/2004,CHO,VA,AEA,EN,Federal Contract Tower,0,57,34,0,91,0,0,63,7,70,0,57,97,7,161,84,0,84,245
06/19/2004,CHO,VA,AEA,EN,Federal Contract Tower,0,50,42,0,92,0,0,73,0,73,0,50,115,0,165,134,0,134,299
06/20/2004,CHO,VA,AEA,EN,Federal Contract Tower,0,49,17,0,66,0,0,100,0,100,0,49,117,0,166,108,0,108,274
06/21/2004,CHO,VA,AEA,EN,Federal Contract Tower,0,68,45,0,113,0,0,62,14,76,0,68,107,14,189,90,0,90,279
06/22/2004,CHO,VA,AEA,EN,Federal Contract Tower,0,68,44,0,112,0,0,63,11,74,0,68,107,11,186,86,0,86,272
06/23/2004,CHO,VA,AEA,EN,Federal Contract Tower,0,61,38,2,101,0,0,67,12,79,0,61,105,14,180,84,0,84,264
06/24/2004,CHO,VA,AEA,EN,Federal Contract Tower,0,53,45,26,124,0,0,80,0,80,0,53,125,26,204,58,18,76,280
06/25/2004,CHO,VA,AEA,EN,Federal Contract Tower,0,65,37,0,102,0,0,62,0,62,0,65,99,0,164,98,0,98,262
06/26/2004,CHO,VA,AEA,EN,Federal Contract Tower,0,50,32,0,82,0,0,53,0,53,0,50,85,0,135,32,0,32,167
06/27/2004,CHO,VA,AEA,EN,Federal Contract Tower,0,54,23,0,77,0,0,89,0,89,0,54,112,0,166,73,0,73,239
06/28/2004,CHO,VA,AEA,EN,Federal Contract Tower,0,61,32,12,105,0,0,61,6,67,0,61,93,18,172,86,28,114,286
06/29/2004,CHO,VA,AEA,EN,Federal Contract Tower,0,64,33,2,99,0,0,91,4,95,0,64,124,6,194,62,16,78,272
06/30/2004,CHO,VA,AEA,EN,Federal Contract Tower,0,68,45,0,113,0,0,143,0,143,0,68,188,0,256,106,6,112,368
07/01/2004,CHO,VA,AEA,EN,Federal Contract Tower,0,63,32,12,107,0,2,64,0,66,0,65,96,12,173,46,8,54,227
07/02/2004,CHO,VA,AEA,EN,Federal Contract Tower,0,55,30,13,98,0,0,50,0,50,0,55,80,13,148,60,0,60,208
07/03/2004,CHO,VA,AEA,EN,Federal Contract Tower,0,45,35,0,80,0,0,54,0,54,0,45,89,0,134,90,0,90,224
07/04/2004,CHO,VA,AEA,EN,Federal Contract Tower,0,45,2,0,47,0,0,2,0,2,0,45,4,0,49,0,0,0,49
07/05/2004,CHO,VA,AEA,EN,Federal Contract Tower,0,53,21,0,74,0,0,57,0,57,0,53,78,0,131,86,0,86,217
07/06/2004,CHO,VA,AEA,EN,Federal Contract Tower,0,66,44,12,122,0,0,39,5,44,0,66,83,17,166,102,0,102,268
07/07/2004,CHO,VA,AEA,EN,Federal Contract Tower,0,58,45,9,112,0,0,41,1,42,0,58,86,10,154,46,22,68,222
07/08/2004,CHO,VA,AEA,EN,Federal Contract Tower,0,60,40,2,102,0,0,60,0,60,0,60,100,2,162,44,2,46,208
07/09/2004,CHO,VA,AEA,EN,Federal Contract Tower,0,70,25,10,105,0,0,74,7,81,0,70,99,17,186,42,6,48,234
07/10/2004,CHO,VA,AEA,EN,Federal Contract Tower,0,51,49,0,100,0,0,44,0,44,0,51,93,0,144,140,0,140,284
07/11/2004,CHO,VA,AEA,EN,Federal Contract Tower,0,56,52,1,109,0,0,116,14,130,0,56,168,15,239,84,36,120,359
07/12/2004,CHO,VA,AEA,EN,Federal Contract Tower,0,49,32,0,81,0,0,50,0,50,0,49,82,0,131,0,0,0,131
07/13/2004,CHO,VA,AEA,EN,Federal Contract Tower,0,51,40,4,95,0,0,33,2,35,0,51,73,6,130,69,14,83,213
07/14/2004,CHO,VA,AEA,EN,Federal Contract Tower,0,55,46,0,101,0,0,94,2,96,0,55,140,2,197,96,6,102,299
07/15/2004,CHO,VA,AEA,EN,Federal Contract Tower,0,66,46,2,114,0,0,63,3,66,0,66,109,5,180,66,0,66,246
07/16/2004,CHO,VA,AEA,EN,Federal Contract Tower,0,66,45,0,111,0,0,65,10,75,0,66,110,10,186,66,0,66,252
07/17/2004,CHO,VA,AEA,EN,Federal Contract Tower,0,53,20,7,80,0,0,62,0,62,0,53,82,7,142,58,24,82,224
07/18/2004,CHO,VA,AEA,EN,Federal Contract Tower,0,52,47,8,107,0,0,11,0,11,0,52,58,8,118,30,0,30,148
07/19/2004,CHO,VA,AEA,EN,Federal Contract Tower,0,52,25,3,80,0,0,35,5,40,0,52,60,8,120,62,6,68,188
07/20/2004,CHO,VA,AEA,EN,Federal Contract Tower,0,54,40,0,94,0,0,60,0,60,0,54,100,0,154,108,0,108,262
07/21/2004,CHO,VA,AEA,EN,Federal Contract Tower,0,66,35,12,113,0,0,75,7,82,0,66,110,19,195,52,8,60,255
07/22/2004,CHO,VA,AEA,EN,Federal Contract Tower,0,62,37,3,102,0,0,42,3,45,0,62,79,6,147,136,4,140,287
07/23/2004,CHO,VA,AEA,EN,Federal Contract Tower,0,50,23,20,93,0,0,57,0,57,0,50,80,20,150,58,12,70,220
07/24/2004,CHO,VA,AEA,EN,Federal Contract Tower,0,47,42,8,97,0,0,30,3,33,0,47,72,11,130,38,14,52,182
07/25/2004,CHO,VA,AEA,EN,Federal Contract Tower,0,50,45,6,101,0,0,0,0,0,0,50,45,6,101,0,0,0,101
07/26/2004,CHO,VA,AEA,EN,Federal Contract Tower,0,64,50,8,122,0,0,32,0,32,0,64,82,8,154,0,0,0,154
07/27/2004,CHO,VA,AEA,EN,Federal Contract Tower,0,52,25,0,77,0,0,29,0,29,0,52,54,0,106,34,0,34,140
07/28/2004,CHO,VA,AEA,EN,Federal Contract Tower,0,59,44,0,103,0,0,12,0,12,0,59,56,0,115,4,0,4,119
07/29/2004,CHO,VA,AEA,EN,Federal Contract Tower,0,57,38,6,101,0,0,47,4,51,0,57,85,10,152,74,8,82,234
07/30/2004,CHO,VA,AEA,EN,Federal Contract Tower,0,61,33,6,100,0,0,53,4,57,0,61,86,10,157,48,2,50,207
07/31/2004,CHO,VA,AEA,EN,Federal Contract Tower,0,46,32,1,79,0,0,27,1,28,0,46,59,2,107,34,0,34,141
08/01/2004,CHO,VA,AEA,EN,Federal Contract Tower,0,52,25,0,77,0,0,29,0,29,0,52,54,0,106,34,0,34,140
08/02/2004,CHO,VA,AEA,EN,Federal Contract Tower,0,50,30,0,80,0,3,12,1,16,0,53,42,1,96,24,0,24,120
08/03/2004,CHO,VA,AEA,EN,Federal Contract Tower,0,54,34,0,88,0,0,65,2,67,0,54,99,2,155,50,0,50,205
08/04/2004,CHO,VA,AEA,EN,Federal Contract Tower,0,60,43,14,117,0,5,60,0,65,0,65,103,14,182,84,28,112,294
08/05/2004,CHO,VA,AEA,EN,Federal Contract Tower,0,55,30,7,92,0,0,22,0,22,0,55,52,7,114,34,0,34,148
08/06/2004,CHO,VA,AEA,EN,Federal Contract Tower,0,57,40,6,103,0,0,75,0,75,0,57,115,6,178,54,18,72,250
08/07/2004,CHO,VA,AEA,EN,Federal Contract Tower,0,50,21,0,71,0,0,114,2,116,0,50,135,2,187,54,0,54,241
08/08/2004,CHO,VA,AEA,EN,Federal Contract Tower,0,50,29,3,82,0,0,88,2,90,0,50,117,5,172,33,0,33,205
08/09/2004,CHO,VA,AEA,EN,Federal Contract Tower,0,53,29,5,87,0,0,68,3,71,0,53,97,8,158,92,0,92,250
08/10/2004,CHO,VA,AEA,EN,Federal Contract Tower,0,65,34,4,103,0,0,74,4,78,0,65,108,8,181,78,14,92,273
08/11/2004,CHO,VA,AEA,EN,Federal Contract Tower,0,52,28,2,82,0,0,33,0,33,0,52,61,2,115,50,18,68,183
08/12/2004,CHO,VA,AEA,EN,Federal Contract Tower,0,67,42,2,111,0,0,9,0,9,0,67,51,2,120,10,0,10,130
08/13/2004,CHO,VA,AEA,EN,Federal Contract Tower,0,55,37,0,92,0,0,18,0,18,0,55,55,0,110,44,0,44,154
08/14/2004,CHO,VA,AEA,EN,Federal Contract Tower,0,49,9,0,58,0,0,12,0,12,0,49,21,0,70,28,0,28,98
08/15/2004,CHO,VA,AEA,EN,Federal Contract Tower,0,54,22,0,76,0,0,74,0,74,0,54,96,0,150,42,0,42,192
08/16/2004,CHO,VA,AEA,EN,Federal Contract Tower,0,54,41,6,101,0,0,55,3,58,0,54,96,9,159,48,12,60,219
08/17/2004,CHO,VA,AEA,EN,Federal Contract Tower,0,66,39,10,115,0,0,33,0,33,0,66,72,10,148,52,8,60,208
08/18/2004,CHO,VA,AEA,EN,Federal Contract Tower,0,62,33,0,95,0,0,35,2,37,0,62,68,2,132,56,2,58,190
08/19/2004,CHO,VA,AEA,EN,Federal Contract Tower,4,61,37,4,106,0,0,43,0,43,4,61,80,4,149,36,34,70,219
08/20/2004,CHO,VA,AEA,EN,Federal Contract Tower,0,60,30,0,90,0,0,69,5,74,0,60,99,5,164,68,0,68,232
08/21/2004,CHO,VA,AEA,EN,Federal Contract Tower,0,40,18,0,58,0,0,0,0,0,0,40,18,0,58,10,0,10,68
08/22/2004,CHO,VA,AEA,EN,Federal Contract Tower,6,56,37,5,104,0,0,93,3,96,6,56,130,8,200,98,16,114,314
08/23/2004,CHO,VA,AEA,EN,Federal Contract Tower,0,44,32,8,84,0,0,73,0,73,0,44,105,8,157,56,12,68,225
08/24/2004,CHO,VA,AEA,EN,Federal Contract Tower,0,52,32,0,84,0,0,84,6,90,0,52,116,6,174,70,10,80,254
08/25/2004,CHO,VA,AEA,EN,Federal Contract Tower,0,60,50,5,115,0,0,33,1,34,0,60,83,6,149,50,0,50,199
08/26/2004,CHO,VA,AEA,EN,Federal Contract Tower,0,78,42,0,120,0,0,75,2,77,0,78,117,2,197,86,2,88,285
08/27/2004,CHO,VA,AEA,EN,Federal Contract Tower,0,66,36,20,122,0,0,47,0,47,0,66,83,20,169,58,26,84,253
08/28/2004,CHO,VA,AEA,EN,Federal Contract Tower,0,59,32,0,91,0,0,83,0,83,0,59,115,0,174,70,0,70,244
08/29/2004,CHO,VA,AEA,EN,Federal Contract Tower,0,61,31,0,92,0,0,39,0,39,0,61,70,0,131,36,0,36,167
08/30/2004,CHO,VA,AEA,EN,Federal Contract Tower,0,58,42,0,100,0,0,87,0,87,0,58,129,0,187,48,0,48,235
08/31/2004,CHO,VA,AEA,EN,Federal Contract Tower,0,62,60,6,128,0,0,40,0,40,0,62,100,6,168,20,12,32,200
09/01/2004,CHO,VA,AEA,EN,Federal Contract Tower,0,60,20,10,90,0,0,80,8,88,0,60,100,18,178,42,22,64,242
09/02/2004,CHO,VA,AEA,EN,Federal Contract Tower,0,66,33,6,105,0,0,60,2,62,0,66,93,8,167,84,26,110,277
09/03/2004,CHO,VA,AEA,EN,Federal Contract Tower,2,64,34,0,100,0,0,52,0,52,2,64,86,0,152,66,0,66,218
09/04/2004,CHO,VA,AEA,EN,Federal Contract Tower,1,54,45,0,100,0,0,53,0,53,1,54,98,0,153,96,0,96,249
09/05/2004,CHO,VA,AEA,EN,Federal Contract Tower,0,61,43,0,104,0,0,54,0,54,0,61,97,0,158,130,0,130,288
09/06/2004,CHO,VA,AEA,EN,Federal Contract Tower,0,55,40,0,95,0,0,0,0,0,0,55,40,0,95,0,0,0,95
09/07/2004,CHO,VA,AEA,EN,Federal Contract Tower,0,65,17,0,82,0,0,10,0,10,0,65,27,0,92,0,0,0,92
09/08/2004,CHO,VA,AEA,EN,Federal Contract Tower,0,65,44,0,109,0,0,43,2,45,0,65,87,2,154,84,16,100,254
09/09/2004,CHO,VA,AEA,EN,Federal Contract Tower,0,62,21,24,107,0,0,19,0,19,0,62,40,24,126,10,48,58,184
09/10/2004,CHO,VA,AEA,EN,Federal Contract Tower,0,82,30,14,126,0,0,112,2,114,0,82,142,16,240,56,26,82,322
09/11/2004,CHO,VA,AEA,EN,Federal Contract Tower,2,54,43,0,99,0,0,90,0,90,2,54,133,0,189,50,0,50,239
09/12/2004,CHO,VA,AEA,EN,Federal Contract Tower,0,66,35,2,103,0,0,38,0,38,0,66,73,2,141,14,6,20,161
09/13/2004,CHO,VA,AEA,EN,Federal Contract Tower,0,65,22,10,97,0,0,26,0,26,0,65,48,10,123,4,6,10,133
09/14/2004,CHO,VA,AEA,EN,Federal Contract Tower,0,59,65,5,129,0,0,10,2,12,0,59,75,7,141,18,16,34,175
09/15/2004,CHO,VA,AEA,EN,Federal Contract Tower,0,66,27,27,120,0,0,0,0,0,0,66,27,27,120,2,18,20,140
09/16/2004,CHO,VA,AEA,EN,Federal Contract Tower,0,63,28,0,91,0,0,12,0,12,0,63,40,0,103,20,0,20,123
09/17/2004,CHO,VA,AEA,EN,Federal Contract Tower,0,62,30,0,92,0,0,2,0,2,0,62,32,0,94,0,0,0,94
09/18/2004,CHO,VA,AEA,EN,Federal Contract Tower,0,55,18,0,73,0,0,2,0,2,0,55,20,0,75,0,0,0,75
09/19/2004,CHO,VA,AEA,EN,Federal Contract Tower,0,67,32,0,99,0,0,77,0,77,0,67,109,0,176,166,0,166,342
09/20/2004,CHO,VA,AEA,EN,Federal Contract Tower,0,56,25,10,91,0,0,63,6,69,0,56,88,16,160,20,0,20,180
09/21/2004,CHO,VA,AEA,EN,Federal Contract Tower,0,61,37,6,104,0,0,110,8,118,0,61,147,14,222,52,36,88,310
09/22/2004,CHO,VA,AEA,EN,Federal Contract Tower,0,67,49,2,118,0,0,67,4,71,0,67,116,6,189,40,4,44,233
09/23/2004,CHO,VA,AEA,EN,Federal Contract Tower,0,65,34,8,107,0,0,60,2,62,0,65,94,10,169,38,10,48,217
09/24/2004,CHO,VA,AEA,EN,Federal Contract Tower,2,73,45,3,123,0,0,55,4,59,2,73,100,7,182,72,0,72,254
09/25/2004,CHO,VA,AEA,EN,Federal Contract Tower,0,49,29,0,78,0,0,75,0,75,0,49,104,0,153,22,0,22,175
09/26/2004,CHO,VA,AEA,EN,Federal Contract Tower,0,62,46,0,108,0,0,52,0,52,0,62,98,0,160,10,0,10,170
09/27/2004,CHO,VA,AEA,EN,Federal Contract Tower,0,61,34,4,99,0,0,4,0,4,0,61,38,4,103,8,0,8,111
09/28/2004,CHO,VA,AEA,EN,Federal Contract Tower,0,65,12,1,78,0,0,0,1,1,0,65,12,2,79,0,0,0,79
09/29/2004,CHO,VA,AEA,EN,Federal Contract Tower,0,57,28,2,87,0,0,43,0,43,0,57,71,2,130,64,14,78,208
09/30/2004,CHO,VA,AEA,EN,Federal Contract Tower,0,70,40,2,112,0,0,40,2,42,0,70,80,4,154,24,0,24,178
10/01/2004,CHO,VA,AEA,EN,Federal Contract Tower,0,66,64,2,132,0,0,53,1,54,0,66,117,3,186,88,16,104,290
10/02/2004,CHO,VA,AEA,EN,Federal Contract Tower,0,53,29,0,82,0,0,64,0,64,0,53,93,0,146,80,0,80,226
10/03/2004,CHO,VA,AEA,EN,Federal Contract Tower,0,57,54,0,111,0,0,83,0,83,0,57,137,0,194,38,0,38,232
10/04/2004,CHO,VA,AEA,EN,Federal Contract Tower,0,61,38,6,105,0,0,86,2,88,0,61,124,8,193,74,0,74,267
10/05/2004,CHO,VA,AEA,EN,Federal Contract Tower,0,60,39,7,106,0,0,72,0,72,0,60,111,7,178,60,2,62,240
10/06/2004,CHO,VA,AEA,EN,Federal Contract Tower,0,70,32,23,125,0,0,108,5,113,0,70,140,28,238,62,28,90,328
10/07/2004,CHO,VA,AEA,EN,Federal Contract Tower,0,74,57,3,134,0,0,76,1,77,0,74,133,4,211,34,6,40,251
10/08/2004,CHO,VA,AEA,EN,Federal Contract Tower,0,88,63,0,151,0,0,36,0,36,0,88,99,0,187,42,2,44,231
10/09/2004,CHO,VA,AEA,EN,Federal Contract Tower,1,56,30,0,87,0,0,82,0,82,1,56,112,0,169,2,0,2,171
10/10/2004,CHO,VA,AEA,EN,Federal Contract Tower,0,75,43,0,118,0,0,73,0,73,0,75,116,0,191,86,2,88,279
10/11/2004,CHO,VA,AEA,EN,Federal Contract Tower,0,64,22,0,86,0,0,98,0,98,0,64,120,0,184,82,0,82,266
10/12/2004,CHO,VA,AEA,EN,Federal Contract Tower,0,65,30,10,105,0,0,90,2,92,0,65,120,12,197,64,8,72,269
10/13/2004,CHO,VA,AEA,EN,Federal Contract Tower,0,80,30,13,123,0,0,56,11,67,0,80,86,24,190,76,8,84,274
10/14/2004,CHO,VA,AEA,EN,Federal Contract Tower,0,1,58,4,63,0,80,100,0,180,0,81,158,4,243,120,0,120,363
10/15/2004,CHO,VA,AEA,EN,Federal Contract Tower,0,74,50,2,126,0,0,14,1,15,0,74,64,3,141,0,0,0,141
10/16/2004,CHO,VA,AEA,EN,Federal Contract Tower,0,57,46,0,103,0,10,57,0,67,0,67,103,0,170,88,0,88,258
10/17/2004,CHO,VA,AEA,EN,Federal Contract Tower,0,68,42,2,112,0,0,55,1,56,0,68,97,3,168,42,0,42,210
10/18/2004,CHO,VA,AEA,EN,Federal Contract Tower,0,58,20,8,86,0,0,45,0,45,0,58,65,8,131,6,4,10,141
10/19/2004,CHO,VA,AEA,EN,Federal Contract Tower,0,56,35,4,95,0,0,15,2,17,0,56,50,6,112,6,0,6,118
10/20/2004,CHO,VA,AEA,EN,Federal Contract Tower,0,76,43,0,119,0,0,3,0,3,0,76,46,0,122,0,0,0,122
10/21/2004,CHO,VA,AEA,EN,Federal Contract Tower,0,62,44,2,108,0,0,0,0,0,0,62,44,2,108,0,0,0,108
10/22/2004,CHO,VA,AEA,EN,Federal Contract Tower,0,67,72,2,141,0,0,0,0,0,0,67,72,2,141,0,0,0,141
10/23/2004,CHO,VA,AEA,EN,Federal Contract Tower,2,57,46,4,109,0,0,40,0,40,2,57,86,4,149,48,4,52,201
10/24/2004,CHO,VA,AEA,EN,Federal Contract Tower,0,72,52,0,124,0,1,2,0,3,0,73,54,0,127,0,0,0,127
10/25/2004,CHO,VA,AEA,EN,Federal Contract Tower,0,62,40,0,102,0,1,16,0,17,0,63,56,0,119,0,0,0,119
10/26/2004,CHO,VA,AEA,EN,Federal Contract Tower,0,70,28,3,101,0,0,88,2,90,0,70,116,5,191,64,2,66,257
10/27/2004,CHO,VA,AEA,EN,Federal Contract Tower,0,55,61,8,124,0,0,39,8,47,0,55,100,16,171,20,8,28,199
10/28/2004,CHO,VA,AEA,EN,Federal Contract Tower,0,67,35,15,117,0,0,29,0,29,0,67,64,15,146,0,24,24,170
10/29/2004,CHO,VA,AEA,EN,Federal Contract Tower,0,70,36,0,106,0,0,0,0,0,0,70,36,0,106,0,0,0,106
10/30/2004,CHO,VA,AEA,EN,Federal Contract Tower,0,57,22,0,79,0,0,38,0,38,0,57,60,0,117,30,0,30,147
10/31/2004,CHO,VA,AEA,EN,Federal Contract Tower,0,56,23,0,79,0,0,72,0,72,0,56,95,0,151,26,0,26,177
11/01/2004,CHO,VA,AEA,EN,Federal Contract Tower,0,55,25,2,82,0,0,72,6,78,0,55,97,8,160,72,2,74,234
11/02/2004,CHO,VA,AEA,EN,Federal Contract Tower,0,57,34,0,91,0,0,55,0,55,0,57,89,0,146,81,0,81,227
11/03/2004,CHO,VA,AEA,EN,Federal Contract Tower,0,67,23,7,97,0,0,54,4,58,0,67,77,11,155,16,2,18,173
11/04/2004,CHO,VA,AEA,EN,Federal Contract Tower,0,75,45,1,121,0,0,0,0,0,0,75,45,1,121,0,0,0,121
11/05/2004,CHO,VA,AEA,EN,Federal Contract Tower,0,90,50,0,140,0,0,7,2,9,0,90,57,2,149,44,12,56,205
11/06/2004,CHO,VA,AEA,EN,Federal Contract Tower,0,72,44,6,122,0,0,78,2,80,0,72,122,8,202,32,4,36,238
11/07/2004,CHO,VA,AEA,EN,Federal Contract Tower,0,70,41,0,111,0,0,122,0,122,0,70,163,0,233,44,0,44,277
11/08/2004,CHO,VA,AEA,EN,Federal Contract Tower,0,57,27,4,88,0,0,46,4,50,0,57,73,8,138,36,6,42,180
11/09/2004,CHO,VA,AEA,EN,Federal Contract Tower,0,56,26,8,90,0,0,55,5,60,0,56,81,13,150,52,2,54,204
11/10/2004,CHO,VA,AEA,EN,Federal Contract Tower,0,60,20,4,84,0,0,88,2,90,0,60,108,6,174,64,60,124,298
11/11/2004,CHO,VA,AEA,EN,Federal Contract Tower,0,67,40,0,107,0,0,60,0,60,0,67,100,0,167,62,0,62,229
11/12/2004,CHO,VA,AEA,EN,Federal Contract Tower,2,75,71,0,148,0,0,0,0,0,2,75,71,0,148,0,0,0,148
11/13/2004,CHO,VA,AEA,EN,Federal Contract Tower,0,60,64,0,124,0,0,44,0,44,0,60,108,0,168,6,0,6,174
11/14/2004,CHO,VA,AEA,EN,Federal Contract Tower,0,63,63,0,126,0,0,102,0,102,0,63,165,0,228,0,80,80,308
11/15/2004,CHO,VA,AEA,EN,Federal Contract Tower,0,61,33,10,104,0,0,50,1,51,0,61,83,11,155,34,18,52,207
11/16/2004,CHO,VA,AEA,EN,Federal Contract Tower,0,58,46,3,107,0,0,35,1,36,0,58,81,4,143,32,10,42,185
11/17/2004,CHO,VA,AEA,EN,Federal Contract Tower,0,60,30,10,100,0,0,90,0,90,0,60,120,10,190,78,12,90,280
11/18/2004,CHO,VA,AEA,EN,Federal Contract Tower,0,60,46,8,114,0,0,99,4,103,0,60,145,12,217,50,0,50,267
11/19/2004,CHO,VA,AEA,EN,Federal Contract Tower,0,54,70,3,127,0,0,10,0,10,0,54,80,3,137,16,20,36,173
11/20/2004,CHO,VA,AEA,EN,Federal Contract Tower,1,50,32,0,83,0,0,0,0,0,1,50,32,0,83,0,0,0,83
11/21/2004,CHO,VA,AEA,EN,Federal Contract Tower,0,0,5,2,7,0,0,28,20,48,0,0,33,22,55,70,58,128,183
11/22/2004,CHO,VA,AEA,EN,Federal Contract Tower,0,60,30,6,96,0,0,10,3,13,0,60,40,9,109,2,30,32,141
11/23/2004,CHO,VA,AEA,EN,Federal Contract Tower,0,63,52,0,115,0,0,0,0,0,0,63,52,0,115,0,0,0,115
11/24/2004,CHO,VA,AEA,EN,Federal Contract Tower,0,61,32,0,93,0,0,0,0,0,0,61,32,0,93,0,0,0,93
11/25/2004,CHO,VA,AEA,EN,Federal Contract Tower,0,51,8,0,59,0,0,18,0,18,0,51,26,0,77,2,0,2,79
11/26/2004,CHO,VA,AEA,EN,Federal Contract Tower,0,47,25,1,73,0,0,83,1,84,0,47,108,2,157,109,0,109,266
11/27/2004,CHO,VA,AEA,EN,Federal Contract Tower,0,52,18,2,72,0,0,48,2,50,0,52,66,4,122,80,6,86,208
11/28/2004,CHO,VA,AEA,EN,Federal Contract Tower,0,57,46,0,103,0,0,39,0,39,0,57,85,0,142,46,0,46,188
11/29/2004,CHO,VA,AEA,EN,Federal Contract Tower,0,63,20,0,83,0,0,60,3,63,0,63,80,3,146,42,0,42,188
11/30/2004,CHO,VA,AEA,EN,Federal Contract Tower,0,60,32,9,101,0,0,47,7,54,0,60,79,16,155,32,8,40,195
12/01/2004,CHO,VA,AEA,EN,Federal Contract Tower,0,57,29,4,90,0,0,55,4,59,0,57,84,8,149,160,0,160,309
12/02/2004,CHO,VA,AEA,EN,Federal Contract Tower,0,58,30,2,90,0,0,85,2,87,0,58,115,4,177,68,14,82,259
12/03/2004,CHO,VA,AEA,EN,Federal Contract Tower,0,56,20,1,77,0,0,78,1,79,0,56,98,2,156,82,2,84,240
12/04/2004,CHO,VA,AEA,EN,Federal Contract Tower,0,46,12,0,58,0,0,97,0,97,0,46,109,0,155,132,0,132,287
12/05/2004,CHO,VA,AEA,EN,Federal Contract Tower,0,50,22,0,72,0,0,108,0,108,0,50,130,0,180,134,0,134,314
12/06/2004,CHO,VA,AEA,EN,Federal Contract Tower,0,55,35,0,90,0,0,15,0,15,0,55,50,0,105,0,0,0,105
12/07/2004,CHO,VA,AEA,EN,Federal Contract Tower,0,53,15,2,70,0,0,2,0,2,0,53,17,2,72,0,0,0,72
12/08/2004,CHO,VA,AEA,EN,Federal Contract Tower,0,56,37,3,96,0,0,63,4,67,0,56,100,7,163,59,0,59,222
12/09/2004,CHO,VA,AEA,EN,Federal Contract Tower,0,55,39,0,94,0,0,6,0,6,0,55,45,0,100,24,0,24,124
12/10/2004,CHO,VA,AEA,EN,Federal Contract Tower,0,51,23,0,74,0,0,0,0,0,0,51,23,0,74,0,0,0,74
12/11/2004,CHO,VA,AEA,EN,Federal Contract Tower,0,50,25,0,75,0,0,45,0,45,0,50,70,0,120,74,0,74,194
12/12/2004,CHO,VA,AEA,EN,Federal Contract Tower,0,53,19,2,74,0,0,66,6,72,0,53,85,8,146,48,0,48,194
12/13/2004,CHO,VA,AEA,EN,Federal Contract Tower,0,52,17,0,69,0,0,9,0,9,0,52,26,0,78,8,0,8,86
12/14/2004,CHO,VA,AEA,EN,Federal Contract Tower,0,53,27,3,83,0,0,50,1,51,0,53,77,4,134,22,0,22,156
12/15/2004,CHO,VA,AEA,EN,Federal Contract Tower,0,56,14,3,73,0,0,53,4,57,0,56,67,7,130,38,22,60,190
12/16/2004,CHO,VA,AEA,EN,Federal Contract Tower,0,51,33,6,90,0,0,58,3,61,0,51,91,9,151,50,26,76,227
12/17/2004,CHO,VA,AEA,EN,Federal Contract Tower,0,55,30,4,89,0,0,70,5,75,0,55,100,9,164,44,14,58,222
12/18/2004,CHO,VA,AEA,EN,Federal Contract Tower,0,49,18,0,67,0,0,87,0,87,0,49,105,0,154,64,0,64,218
12/19/2004,CHO,VA,AEA,EN,Federal Contract Tower,0,64,48,4,116,0,0,82,2,84,0,64,130,6,200,94,24,118,318
12/20/2004,CHO,VA,AEA,EN,Federal Contract Tower,0,47,24,0,71,0,0,15,2,17,0,47,39,2,88,4,2,6,94
12/21/2004,CHO,VA,AEA,EN,Federal Contract Tower,0,61,26,2,89,0,0,62,8,70,0,61,88,10,159,30,12,42,201
12/22/2004,CHO,VA,AEA,EN,Federal Contract Tower,1,59,24,4,88,0,0,56,4,60,1,59,80,8,148,38,6,44,192
12/23/2004,CHO,VA,AEA,EN,Federal Contract Tower,0,40,20,0,60,0,0,10,0,10,0,40,30,0,70,0,0,0,70
12/24/2004,CHO,VA,AEA,EN,Federal Contract Tower,0,43,11,0,54,0,0,28,0,28,0,43,39,0,82,44,0,44,126
12/25/2004,CHO,VA,AEA,EN,Federal Contract Tower,0,36,6,0,42,0,0,27,0,27,0,36,33,0,69,10,0,10,79
12/26/2004,CHO,VA,AEA,EN,Federal Contract Tower,0,43,35,2,80,0,0,33,1,34,0,43,68,3,114,20,0,20,134
12/27/2004,CHO,VA,AEA,EN,Federal Contract Tower,0,59,22,5,86,0,0,31,1,32,0,59,53,6,118,20,6,26,144
12/28/2004,CHO,VA,AEA,EN,Federal Contract Tower,4,48,26,4,82,0,0,53,0,53,4,48,79,4,135,50,6,56,191
12/29/2004,CHO,VA,AEA,EN,Federal Contract Tower,0,50,12,4,66,0,14,78,2,94,0,64,90,6,160,74,0,74,234
12/30/2004,CHO,VA,AEA,EN,Federal Contract Tower,0,57,26,4,87,0,0,67,2,69,0,57,93,6,156,64,8,72,228
12/31/2004,CHO,VA,AEA,EN,Federal Contract Tower,0,42,13,0,55,0,0,50,0,50,0,42,63,0,105,34,0,34,139
01/01/2005,CHO,VA,AEA,EN,Federal Contract Tower,0,40,17,0,57,0,0,67,0,67,0,40,84,0,124,76,0,76,200
01/02/2005,CHO,VA,AEA,EN,Federal Contract Tower,0,43,57,0,100,0,0,10,0,10,0,43,67,0,110,58,0,58,168
01/03/2005,CHO,VA,AEA,EN,Federal Contract Tower,0,53,13,1,67,0,0,47,5,52,0,53,60,6,119,68,8,76,195
01/04/2005,CHO,VA,AEA,EN,Federal Contract Tower,0,50,20,8,78,0,0,40,8,48,0,50,60,16,126,74,4,78,204
01/05/2005,CHO,VA,AEA,EN,Federal Contract Tower,0,64,33,0,97,0,0,0,0,0,0,64,33,0,97,0,0,0,97
01/06/2005,CHO,VA,AEA,EN,Federal Contract Tower,0,43,9,0,52,0,0,11,0,11,0,43,20,0,63,0,0,0,63
01/07/2005,CHO,VA,AEA,EN,Federal Contract Tower,0,54,33,4,91,0,0,84,1,85,0,54,117,5,176,54,4,58,234
01/08/2005,CHO,VA,AEA,EN,Federal Contract Tower,0,44,26,0,70,0,0,0,0,0,0,44,26,0,70,0,0,0,70
01/09/2005,CHO,VA,AEA,EN,Federal Contract Tower,0,44,27,2,73,0,0,43,2,45,0,44,70,4,118,56,10,66,184
01/10/2005,CHO,VA,AEA,EN,Federal Contract Tower,0,51,29,4,84,0,0,53,0,53,0,51,82,4,137,24,16,40,177
01/11/2005,CHO,VA,AEA,EN,Federal Contract Tower,0,58,33,0,91,0,0,28,2,30,0,58,61,2,121,28,0,28,149
01/12/2005,CHO,VA,AEA,EN,Federal Contract Tower,0,59,23,4,86,0,0,28,0,28,0,59,51,4,114,38,0,38,152
01/13/2005,CHO,VA,AEA,EN,Federal Contract Tower,0,58,29,20,107,0,0,7,1,8,0,58,36,21,115,0,28,28,143
01/14/2005,CHO,VA,AEA,EN,Federal Contract Tower,0,60,25,2,87,0,0,40,0,40,0,60,65,2,127,0,10,10,137
01/15/2005,CHO,VA,AEA,EN,Federal Contract Tower,0,47,22,0,69,0,0,115,22,137,0,47,137,22,206,86,0,86,292
01/16/2005,CHO,VA,AEA,EN,Federal Contract Tower,0,46,25,0,71,0,0,66,2,68,0,46,91,2,139,38,18,56,195
01/17/2005,CHO,VA,AEA,EN,Federal Contract Tower,0,54,33,4,91,0,0,41,2,43,0,54,74,6,134,24,0,24,158
01/18/2005,CHO,VA,AEA,EN,Federal Contract Tower,0,59,24,0,83,0,0,42,2,44,0,59,66,2,127,58,0,58,185
01/19/2005,CHO,VA,AEA,EN,Federal Contract Tower,0,50,25,6,81,0,0,10,0,10,0,50,35,6,91,4,0,4,95
01/20/2005,CHO,VA,AEA,EN,Federal Contract Tower,2,57,17,0,76,0,0,20,0,20,2,57,37,0,96,20,0,20,116
01/21/2005,CHO,VA,AEA,EN,Federal Contract Tower,0,67,25,3,95,0,0,115,3,118,0,67,140,6,213,72,0,72,285
01/22/2005,CHO,VA,AEA,EN,Federal Contract Tower,0,36,3,0,39,0,0,0,0,0,0,36,3,0,39,0,0,0,39
01/23/2005,CHO,VA,AEA,EN,Federal Contract Tower,2,39,10,0,51,0,0,13,3,16,2,39,23,3,67,12,0,12,79
01/24/2005,CHO,VA,AEA,EN,Federal Contract Tower,0,53,32,1,86,0,0,42,10,52,0,53,74,11,138,6,8,14,152
01/25/2005,CHO,VA,AEA,EN,Federal Contract Tower,0,54,32,0,86,0,0,62,0,62,0,54,94,0,148,76,0,76,224
01/26/2005,CHO,VA,AEA,EN,Federal Contract Tower,0,59,27,0,86,0,0,39,8,47,0,59,66,8,133,18,16,34,167
01/27/2005,CHO,VA,AEA,EN,Federal Contract Tower,0,65,22,2,89,0,0,51,2,53,0,65,73,4,142,68,4,72,214
01/28/2005,CHO,VA,AEA,EN,Federal Contract Tower,0,57,25,18,100,0,0,65,2,67,0,57,90,20,167,40,18,58,225
01/29/2005,CHO,VA,AEA,EN,Federal Contract Tower,0,30,12,4,46,0,0,66,0,66,0,30,78,4,112,58,12,70,182
01/30/2005,CHO,VA,AEA,EN,Federal Contract Tower,0,49,32,0,81,0,0,28,0,28,0,49,60,0,109,36,0,36,145
01/31/2005,CHO,VA,AEA,EN,Federal Contract Tower,0,58,39,6,103,0,0,29,0,29,0,58,68,6,132,24,0,24,156
02/01/2005,CHO,VA,AEA,EN,Federal Contract Tower,0,57,27,3,87,0,0,57,7,64,0,57,84,10,151,38,0,38,189
02/02/2005,CHO,VA,AEA,EN,Federal Contract Tower,0,56,23,10,89,0,0,52,12,64,0,56,75,22,153,56,28,84,237
02/03/2005,CHO,VA,AEA,EN,Federal Contract Tower,0,61,27,0,88,0,0,0,0,0,0,61,27,0,88,0,0,0,88
02/04/2005,CHO,VA,AEA,EN,Federal Contract Tower,0,60,30,1,91,0,0,54,3,57,0,60,84,4,148,74,6,80,228
02/05/2005,CHO,VA,AEA,EN,Federal Contract Tower,0,42,15,0,57,0,0,126,0,126,0,42,141,0,183,90,0,90,273
02/06/2005,CHO,VA,AEA,EN,Federal Contract Tower,0,51,33,0,84,0,0,83,0,83,0,51,116,0,167,32,0,32,199
02/07/2005,CHO,VA,AEA,EN,Federal Contract Tower,0,51,20,0,71,0,0,36,0,36,0,51,56,0,107,80,0,80,187
02/08/2005,CHO,VA,AEA,EN,Federal Contract Tower,0,56,36,6,98,0,0,62,4,66,0,56,98,10,164,40,38,78,242
02/09/2005,CHO,VA,AEA,EN,Federal Contract Tower,0,59,32,16,107,0,0,39,0,39,0,59,71,16,146,60,12,72,218
02/10/2005,CHO,VA,AEA,EN,Federal Contract Tower,0,58,16,0,74,0,0,70,1,71,0,58,86,1,145,24,0,24,169
02/11/2005,CHO,VA,AEA,EN,Federal Contract Tower,0,65,25,10,100,0,0,20,6,26,0,65,45,16,126,0,32,32,158
02/12/2005,CHO,VA,AEA,EN,Federal Contract Tower,0,45,11,0,56,0,0,46,2,48,0,45,57,2,104,12,0,12,116
02/13/2005,CHO,VA,AEA,EN,Federal Contract Tower,0,48,17,3,68,0,0,83,3,86,0,48,100,6,154,30,0,30,184
02/14/2005,CHO,VA,AEA,EN,Federal Contract Tower,0,50,17,0,67,0,0,0,0,0,0,50,17,0,67,0,0,0,67
02/15/2005,CHO,VA,AEA,EN,Federal Contract Tower,0,53,27,11,91,0,0,69,5,74,0,53,96,16,165,36,44,80,245
02/16/2005,CHO,VA,AEA,EN,Federal Contract Tower,0,51,27,11,89,0,0,43,0,43,0,51,70,11,132,64,18,82,214
02/17/2005,CHO,VA,AEA,EN,Federal Contract Tower,0,64,35,4,103,0,0,33,3,36,0,64,68,7,139,48,2,50,189
02/18/2005,CHO,VA,AEA,EN,Federal Contract Tower,0,50,40,0,90,0,0,30,0,30,0,50,70,0,120,34,0,34,154
02/19/2005,CHO,VA,AEA,EN,Federal Contract Tower,0,46,18,0,64,0,0,89,0,89,0,46,107,0,153,68,0,68,221
02/20/2005,CHO,VA,AEA,EN,Federal Contract Tower,0,51,26,3,80,0,0,50,1,51,0,51,76,4,131,6,0,6,137
02/21/2005,CHO,VA,AEA,EN,Federal Contract Tower,0,54,17,0,71,0,0,5,0,5,0,54,22,0,76,10,0,10,86
02/22/2005,CHO,VA,AEA,EN,Federal Contract Tower,0,56,61,3,120,0,0,9,1,10,0,56,70,4,130,16,0,16,146
02/23/2005,CHO,VA,AEA,EN,Federal Contract Tower,0,55,35,2,92,0,0,89,2,91,0,55,124,4,183,70,2,72,255
02/24/2005,CHO,VA,AEA,EN,Federal Contract Tower,0,41,15,0,56,0,0,0,0,0,0,41,15,0,56,0,0,0,56
02/25/2005,CHO,VA,AEA,EN,Federal Contract Tower,0,53,40,0,93,0,0,23,0,23,0,53,63,0,116,8,0,8,124
02/26/2005,CHO,VA,AEA,EN,Federal Contract Tower,0,47,24,0,71,0,0,91,0,91,0,47,115,0,162,82,0,82,244
02/27/2005,CHO,VA,AEA,EN,Federal Contract Tower,0,46,26,0,72,0,0,59,0,59,0,46,85,0,131,42,0,42,173
02/28/2005,CHO,VA,AEA,EN,Federal Contract Tower,0,34,3,0,37,0,0,0,0,0,0,34,3,0,37,0,0,0,37
03/01/2005,CHO,VA,AEA,EN,Federal Contract Tower,0,54,11,2,67,0,0,15,4,19,0,54,26,6,86,4,16,20,106
03/02/2005,CHO,VA,AEA,EN,Federal Contract Tower,0,54,24,0,78,0,0,14,2,16,0,54,38,2,94,0,2,2,96
03/03/2005,CHO,VA,AEA,EN,Federal Contract Tower,0,57,21,8,86,0,0,49,0,49,0,57,70,8,135,16,10,26,161
03/04/2005,CHO,VA,AEA,EN,Federal Contract Tower,0,65,25,0,90,0,0,58,2,60,0,65,83,2,150,32,0,32,182
03/05/2005,CHO,VA,AEA,EN,Federal Contract Tower,0,42,14,0,56,0,0,7,0,7,0,42,21,0,63,0,0,0,63
03/06/2005,CHO,VA,AEA,EN,Federal Contract Tower,0,46,14,0,60,0,0,50,0,50,0,46,64,0,110,52,0,52,162
03/07/2005,CHO,VA,AEA,EN,Federal Contract Tower,0,47,11,8,66,0,0,37,9,46,0,47,48,17,112,18,20,38,150
03/08/2005,CHO,VA,AEA,EN,Federal Contract Tower,0,44,13,4,61,0,0,3,0,3,0,44,16,4,64,0,4,4,68
03/09/2005,CHO,VA,AEA,EN,Federal Contract Tower,0,56,11,3,70,0,0,49,1,50,0,56,60,4,120,54,16,70,190
03/10/2005,CHO,VA,AEA,EN,Federal Contract Tower,0,57,26,14,97,0,0,66,1,67,0,57,92,15,164,56,38,94,258
03/11/2005,CHO,VA,AEA,EN,Federal Contract Tower,0,55,20,0,75,0,0,30,2,32,0,55,50,2,107,26,2,28,135
03/12/2005,CHO,VA,AEA,EN,Federal Contract Tower,0,37,14,0,51,0,0,24,0,24,0,37,38,0,75,24,0,24,99
03/13/2005,CHO,VA,AEA,EN,Federal Contract Tower,0,50,29,0,79,0,0,51,0,51,0,50,80,0,130,28,0,28,158
03/14/2005,CHO,VA,AEA,EN,Federal Contract Tower,0,53,24,6,83,0,0,54,0,54,0,53,78,6,137,60,22,82,219
03/15/2005,CHO,VA,AEA,EN,Federal Contract Tower,0,57,25,1,83,0,0,64,12,76,0,57,89,13,159,122,2,124,283
03/16/2005,CHO,VA,AEA,EN,Federal Contract Tower,0,48,23,1,72,0,0,42,3,45,0,48,65,4,117,24,8,32,149
03/17/2005,CHO,VA,AEA,EN,Federal Contract Tower,2,53,21,2,78,0,0,15,0,15,2,53,36,2,93,0,0,0,93
03/18/2005,CHO,VA,AEA,EN,Federal Contract Tower,0,65,30,6,101,0,0,60,2,62,0,65,90,8,163,56,10,66,229
03/19/2005,CHO,VA,AEA,EN,Federal Contract Tower,0,43,13,0,56,0,0,63,0,63,0,43,76,0,119,48,0,48,167
03/20/2005,CHO,VA,AEA,EN,Federal Contract Tower,0,51,34,0,85,0,0,26,0,26,0,51,60,0,111,10,0,10,121
03/21/2005,CHO,VA,AEA,EN,Federal Contract Tower,0,53,33,8,94,0,0,40,2,42,0,53,73,10,136,48,0,48,184
03/22/2005,CHO,VA,AEA,EN,Federal Contract Tower,2,54,33,0,89,0,2,60,2,64,2,56,93,2,153,54,2,56,209
03/23/2005,CHO,VA,AEA,EN,Federal Contract Tower,1,58,35,0,94,0,0,0,0,0,1,58,35,0,94,0,0,0,94
03/24/2005,CHO,VA,AEA,EN,Federal Contract Tower,0,58,55,0,113,0,0,35,0,35,0,58,90,0,148,60,0,60,208
03/25/2005,CHO,VA,AEA,EN,Federal Contract Tower,0,60,36,0,96,0,0,14,2,16,0,60,50,2,112,12,0,12,124
03/26/2005,CHO,VA,AEA,EN,Federal Contract Tower,0,41,20,4,65,0,0,3,0,3,0,41,23,4,68,0,0,0,68
03/27/2005,CHO,VA,AEA,EN,Federal Contract Tower,0,55,15,0,70,0,0,0,0,0,0,55,15,0,70,0,0,0,70
03/28/2005,CHO,VA,AEA,EN,Federal Contract Tower,0,52,27,0,79,0,0,0,0,0,0,52,27,0,79,0,0,0,79
03/29/2005,CHO,VA,AEA,EN,Federal Contract Tower,0,53,21,3,77,0,0,47,17,64,0,53,68,20,141,40,0,40,181
03/30/2005,CHO,VA,AEA,EN,Federal Contract Tower,0,53,28,1,82,0,0,94,15,109,0,53,122,16,191,122,4,126,317
03/31/2005,CHO,VA,AEA,EN,Federal Contract Tower,0,53,46,2,101,0,0,5,0,5,0,53,51,2,106,0,8,8,114
04/01/2005,CHO,VA,AEA,EN,Federal Contract Tower,0,56,40,0,96,0,0,40,2,42,0,56,80,2,138,5,0,5,143
04/02/2005,CHO,VA,AEA,EN,Federal Contract Tower,0,42,15,0,57,0,0,2,0,2,0,42,17,0,59,0,0,0,59
04/03/2005,CHO,VA,AEA,EN,Federal Contract Tower,0,41,20,0,61,0,0,8,9,17,0,41,28,9,78,0,0,0,78
04/04/2005,CHO,VA,AEA,EN,Federal Contract Tower,0,52,32,4,88,0,8,46,4,58,0,60,78,8,146,12,4,16,162
04/05/2005,CHO,VA,AEA,EN,Federal Contract Tower,0,58,25,2,85,0,0,105,4,109,0,58,130,6,194,123,4,127,321
04/06/2005,CHO,VA,AEA,EN,Federal Contract Tower,0,57,36,8,101,0,0,92,0,92,0,57,128,8,193,166,26,192,385
04/07/2005,CHO,VA,AEA,EN,Federal Contract Tower,0,58,33,0,91,0,0,51,2,53,0,58,84,2,144,72,4,76,220
04/08/2005,CHO,VA,AEA,EN,Federal Contract Tower,0,63,25,10,98,0,0,14,2,16,0,63,39,12,114,6,46,52,166
04/09/2005,CHO,VA,AEA,EN,Federal Contract Tower,0,47,43,4,94,0,0,82,2,84,0,47,125,6,178,64,8,72,250
04/10/2005,CHO,VA,AEA,EN,Federal Contract Tower,0,54,44,0,98,0,3,122,0,125,0,57,166,0,223,60,0,60,283
04/11/2005,CHO,VA,AEA,EN,Federal Contract Tower,0,56,26,0,82,0,0,51,0,51,0,56,77,0,133,40,0,40,173
04/12/2005,CHO,VA,AEA,EN,Federal Contract Tower,0,0,27,0,27,0,56,61,0,117,0,56,88,0,144,70,0,70,214
04/13/2005,CHO,VA,AEA,EN,Federal Contract Tower,0,73,24,3,100,0,0,54,5,59,0,73,78,8,159,82,32,114,273
04/14/2005,CHO,VA,AEA,EN,Federal Contract Tower,0,78,32,10,120,0,0,61,2,63,0,78,93,12,183,73,26,99,282
04/15/2005,CHO,VA,AEA,EN,Federal Contract Tower,0,86,31,0,117,0,0,49,0,49,0,86,80,0,166,0,0,0,166
04/16/2005,CHO,VA,AEA,EN,Federal Contract Tower,0,55,21,9,85,0,0,74,11,85,0,55,95,20,170,54,16,70,240
04/17/2005,CHO,VA,AEA,EN,Federal Contract Tower,0,64,44,0,108,0,0,107,2,109,0,64,151,2,217,44,0,44,261
04/18/2005,CHO,VA,AEA,EN,Federal Contract Tower,0,62,30,0,92,0,0,79,0,79,0,62,109,0,171,62,2,64,235
04/19/2005,CHO,VA,AEA,EN,Federal Contract Tower,0,61,46,2,109,0,0,81,0,81,0,61,127,2,190,92,12,104,294
04/20/2005,CHO,VA,AEA,EN,Federal Contract Tower,0,60,46,7,113,0,0,77,5,82,0,60,123,12,195,94,28,122,317
04/21/2005,CHO,VA,AEA,EN,Federal Contract Tower,0,67,47,4,118,0,0,25,0,25,0,67,72,4,143,38,12,50,193
04/22/2005,CHO,VA,AEA,EN,Federal Contract Tower,0,73,78,2,153,0,0,0,0,0,0,73,78,2,153,0,0,0,153
04/23/2005,CHO,VA,AEA,EN,Federal Contract Tower,0,54,20,0,74,0,0,10,0,10,0,54,30,0,84,2,0,2,86
04/24/2005,CHO,VA,AEA,EN,Federal Contract Tower,0,50,44,0,94,0,0,23,0,23,0,50,67,0,117,18,0,18,135
04/25/2005,CHO,VA,AEA,EN,Federal Contract Tower,0,61,12,0,73,0,0,27,0,27,0,61,39,0,100,12,0,12,112
04/26/2005,CHO,VA,AEA,EN,Federal Contract Tower,0,68,34,2,104,0,0,72,2,74,0,68,106,4,178,94,18,112,290
04/27/2005,CHO,VA,AEA,EN,Federal Contract Tower,0,63,31,4,98,0,0,79,2,81,0,63,110,6,179,114,52,166,345
04/28/2005,CHO,VA,AEA,EN,Federal Contract Tower,0,71,32,8,111,0,0,63,2,65,0,71,95,10,176,68,26,94,270
04/29/2005,CHO,VA,AEA,EN,Federal Contract Tower,0,92,45,6,143,0,0,10,1,11,0,92,55,7,154,38,8,46,200
04/30/2005,CHO,VA,AEA,EN,Federal Contract Tower,0,55,21,0,76,0,0,2,0,2,0,55,23,0,78,0,0,0,78
05/01/2005,CHO,VA,AEA,EN,Federal Contract Tower,0,63,27,0,90,0,0,76,0,76,0,63,103,0,166,34,0,34,200
05/02/2005,CHO,VA,AEA,EN,Federal Contract Tower,0,63,28,1,92,0,0,36,0,36,0,63,64,1,128,46,18,64,192
05/03/2005,CHO,VA,AEA,EN,Federal Contract Tower,0,59,42,9,110,0,0,98,0,98,0,59,140,9,208,70,32,102,310
05/04/2005,CHO,VA,AEA,EN,Federal Contract Tower,0,57,23,7,87,0,0,83,0,83,0,57,106,7,170,88,24,112,282
05/05/2005,CHO,VA,AEA,EN,Federal Contract Tower,0,69,23,2,94,0,0,72,0,72,0,69,95,2,166,85,0,85,251
05/06/2005,CHO,VA,AEA,EN,Federal Contract Tower,0,70,40,0,110,0,0,60,2,62,0,70,100,2,172,32,0,32,204
05/07/2005,CHO,VA,AEA,EN,Federal Contract Tower,0,51,25,0,76,0,0,70,4,74,0,51,95,4,150,36,0,36,186
05/08/2005,CHO,VA,AEA,EN,Federal Contract Tower,0,71,29,0,100,0,0,61,0,61,0,71,90,0,161,44,0,44,205
05/09/2005,CHO,VA,AEA,EN,Federal Contract Tower,0,55,20,3,78,0,0,142,3,145,0,55,162,6,223,50,0,50,273
05/10/2005,CHO,VA,AEA,EN,Federal Contract Tower,0,59,23,0,82,0,0,98,4,102,0,59,121,4,184,94,2,96,280
05/11/2005,CHO,VA,AEA,EN,Federal Contract Tower,0,65,33,8,106,0,0,95,0,95,0,65,128,8,201,108,8,116,317
05/12/2005,CHO,VA,AEA,EN,Federal Contract Tower,0,63,28,9,100,0,0,77,8,85,0,63,105,17,185,56,24,80,265
05/13/2005,CHO,VA,AEA,EN,Federal Contract Tower,0,66,55,2,123,0,0,46,0,46,0,66,101,2,169,48,2,50,219
05/14/2005,CHO,VA,AEA,EN,Federal Contract Tower,0,57,18,10,85,0,0,53,0,53,0,57,71,10,138,22,14,36,174
05/15/2005,CHO,VA,AEA,EN,Federal Contract Tower,0,67,21,0,88,0,0,47,0,47,0,67,68,0,135,38,0,38,173
05/16/2005,CHO,VA,AEA,EN,Federal Contract Tower,0,22,9,9,40,0,43,85,5,133,0,65,94,14,173,72,4,76,249
05/17/2005,CHO,VA,AEA,EN,Federal Contract Tower,0,65,40,6,111,0,0,122,3,125,0,65,162,9,236,68,14,82,318
05/18/2005,CHO,VA,AEA,EN,Federal Contract Tower,0,68,46,15,129,0,0,111,4,115,0,68,157,19,244,114,38,152,396
05/19/2005,CHO,VA,AEA,EN,Federal Contract Tower,0,66,57,12,135,0,0,43,0,43,0,66,100,12,178,81,18,99,277
05/20/2005,CHO,VA,AEA,EN,Federal Contract Tower,0,73,46,1,120,0,0,2,0,2,0,73,48,1,122,20,0,20,142
05/21/2005,CHO,VA,AEA,EN,Federal Contract Tower,0,51,31,1,83,0,1,109,0,110,0,52,140,1,193,66,0,66,259
05/22/2005,CHO,VA,AEA,EN,Federal Contract Tower,0,60,41,4,105,0,0,68,4,72,0,60,109,8,177,32,0,32,209
05/23/2005,CHO,VA,AEA,EN,Federal Contract Tower,0,68,30,8,106,0,0,24,8,32,0,68,54,16,138,10,0,10,148
05/24/2005,CHO,VA,AEA,EN,Federal Contract Tower,0,62,51,0,113,0,0,11,0,11,0,62,62,0,124,0,0,0,124
05/25/2005,CHO,VA,AEA,EN,Federal Contract Tower,0,63,39,4,106,0,0,46,7,53,0,63,85,11,159,40,24,64,223
05/26/2005,CHO,VA,AEA,EN,Federal Contract Tower,0,67,35,1,103,0,0,86,14,100,0,67,121,15,203,91,16,107,310
05/27/2005,CHO,VA,AEA,EN,Federal Contract Tower,0,72,53,2,127,0,0,67,0,67,0,72,120,2,194,50,2,52,246
05/28/2005,CHO,VA,AEA,EN,Federal Contract Tower,0,46,23,0,69,0,0,66,0,66,0,46,89,0,135,50,0,50,185
05/29/2005,CHO,VA,AEA,EN,Federal Contract Tower,0,53,18,0,71,0,0,54,0,54,0,53,72,0,125,40,0,40,165
05/30/2005,CHO,VA,AEA,EN,Federal Contract Tower,0,58,23,0,81,0,0,100,0,100,0,58,123,0,181,18,0,18,199
05/31/2005,CHO,VA,AEA,EN,Federal Contract Tower,0,70,37,2,109,0,0,64,2,66,0,70,101,4,175,44,0,44,219
06/01/2005,CHO,VA,AEA,EN,Federal Contract Tower,0,61,38,4,103,0,0,62,2,64,0,61,100,6,167,48,22,70,237
06/02/2005,CHO,VA,AEA,EN,Federal Contract Tower,0,58,26,0,84,0,0,0,0,0,0,58,26,0,84,0,0,0,84
06/03/2005,CHO,VA,AEA,EN,Federal Contract Tower,0,65,34,3,102,0,0,5,2,7,0,65,39,5,109,0,0,0,109
06/04/2005,CHO,VA,AEA,EN,Federal Contract Tower,0,51,32,0,83,0,0,32,2,34,0,51,64,2,117,40,0,40,157
06/05/2005,CHO,VA,AEA,EN,Federal Contract Tower,0,55,35,0,90,0,0,108,0,108,0,55,143,0,198,38,0,38,236
06/06/2005,CHO,VA,AEA,EN,Federal Contract Tower,0,59,31,6,96,0,0,44,10,54,0,59,75,16,150,36,30,66,216
06/07/2005,CHO,VA,AEA,EN,Federal Contract Tower,0,59,27,11,97,0,0,56,5,61,0,59,83,16,158,46,26,72,230
06/08/2005,CHO,VA,AEA,EN,Federal Contract Tower,0,54,31,3,88,0,0,81,5,86,0,54,112,8,174,96,6,102,276
06/09/2005,CHO,VA,AEA,EN,Federal Contract Tower,0,58,38,0,96,0,0,30,0,30,0,58,68,0,126,14,0,14,140
06/10/2005,CHO,VA,AEA,EN,Federal Contract Tower,0,63,35,0,98,0,0,35,2,37,0,63,70,2,135,22,0,22,157
06/11/2005,CHO,VA,AEA,EN,Federal Contract Tower,0,54,43,0,97,0,0,51,4,55,0,54,94,4,152,42,0,42,194
06/12/2005,CHO,VA,AEA,EN,Federal Contract Tower,0,49,36,0,85,0,0,69,0,69,0,49,105,0,154,40,0,40,194
06/13/2005,CHO,VA,AEA,EN,Federal Contract Tower,0,57,36,2,95,0,0,37,0,37,0,57,73,2,132,14,12,26,158
06/14/2005,CHO,VA,AEA,EN,Federal Contract Tower,0,69,43,1,113,0,0,41,1,42,0,69,84,2,155,26,0,26,181
06/15/2005,CHO,VA,AEA,EN,Federal Contract Tower,0,63,56,27,146,0,0,63,1,64,0,63,119,28,210,40,72,112,322
06/16/2005,CHO,VA,AEA,EN,Federal Contract Tower,0,61,40,14,115,0,0,60,0,60,0,61,100,14,175,56,20,76,251
06/17/2005,CHO,VA,AEA,EN,Federal Contract Tower,0,67,41,2,110,0,0,40,9,49,0,67,81,11,159,16,8,24,183
06/18/2005,CHO,VA,AEA,EN,Federal Contract Tower,0,58,14,0,72,0,0,96,0,96,0,58,110,0,168,58,0,58,226
06/19/2005,CHO,VA,AEA,EN,Federal Contract Tower,0,53,39,0,92,0,0,71,0,71,0,53,110,0,163,28,0,28,191
06/20/2005,CHO,VA,AEA,EN,Federal Contract Tower,0,52,22,3,77,0,0,75,1,76,0,52,97,4,153,4,0,4,157
06/21/2005,CHO,VA,AEA,EN,Federal Contract Tower,0,56,16,2,74,0,0,66,8,74,0,56,82,10,148,60,4,64,212
06/22/2005,CHO,VA,AEA,EN,Federal Contract Tower,0,58,21,8,87,0,0,48,0,48,0,58,69,8,135,30,14,44,179
06/23/2005,CHO,VA,AEA,EN,Federal Contract Tower,0,65,34,3,102,0,0,64,1,65,0,65,98,4,167,69,0,69,236
06/24/2005,CHO,VA,AEA,EN,Federal Contract Tower,0,60,20,0,80,0,0,90,5,95,0,60,110,5,175,54,0,54,229
06/25/2005,CHO,VA,AEA,EN,Federal Contract Tower,0,49,17,0,66,0,0,62,2,64,0,49,79,2,130,66,4,70,200
06/26/2005,CHO,VA,AEA,EN,Federal Contract Tower,0,44,30,0,74,0,0,58,0,58,0,44,88,0,132,44,0,44,176
06/27/2005,CHO,VA,AEA,EN,Federal Contract Tower,0,46,19,10,75,0,0,50,0,50,0,46,69,10,125,40,6,46,171
06/28/2005,CHO,VA,AEA,EN,Federal Contract Tower,0,56,35,1,92,0,0,47,1,48,0,56,82,2,140,64,16,80,220
06/29/2005,CHO,VA,AEA,EN,Federal Contract Tower,0,51,42,8,101,0,0,31,0,31,0,51,73,8,132,34,40,74,206
06/30/2005,CHO,VA,AEA,EN,Federal Contract Tower,0,52,27,4,83,0,0,45,0,45,0,52,72,4,128,60,0,60,188
07/01/2005,CHO,VA,AEA,EN,Federal Contract Tower,0,55,25,1,81,0,0,85,1,86,0,55,110,2,167,46,0,46,213
07/02/2005,CHO,VA,AEA,EN,Federal Contract Tower,0,46,35,0,81,0,0,95,0,95,0,46,130,0,176,38,0,38,214
07/03/2005,CHO,VA,AEA,EN,Federal Contract Tower,0,50,32,2,84,0,0,51,6,57,0,50,83,8,141,44,4,48,189
07/04/2005,CHO,VA,AEA,EN,Federal Contract Tower,0,51,24,4,79,0,0,60,2,62,0,51,84,6,141,34,2,36,177
07/05/2005,CHO,VA,AEA,EN,Federal Contract Tower,0,54,35,6,95,0,0,22,0,22,0,54,57,6,117,26,28,54,171
07/06/2005,CHO,VA,AEA,EN,Federal Contract Tower,0,53,33,4,90,0,0,41,1,42,0,53,74,5,132,36,10,46,178
07/07/2005,CHO,VA,AEA,EN,Federal Contract Tower,0,56,44,7,107,0,0,22,0,22,0,56,66,7,129,72,6,78,207
07/08/2005,CHO,VA,AEA,EN,Federal Contract Tower,0,60,20,2,82,0,0,45,3,48,0,60,65,5,130,42,0,42,172
07/09/2005,CHO,VA,AEA,EN,Federal Contract Tower,0,50,18,0,68,0,0,60,0,60,0,50,78,0,128,16,0,16,144
07/10/2005,CHO,VA,AEA,EN,Federal Contract Tower,0,47,25,0,72,0,0,77,0,77,0,47,102,0,149,28,0,28,177
07/11/2005,CHO,VA,AEA,EN,Federal Contract Tower,0,55,18,0,73,0,0,40,5,45,0,55,58,5,118,8,0,8,126
07/12/2005,CHO,VA,AEA,EN,Federal Contract Tower,0,59,36,4,99,0,0,31,0,31,0,59,67,4,130,34,6,40,170
07/13/2005,CHO,VA,AEA,EN,Federal Contract Tower,0,60,34,6,100,0,0,10,2,12,0,60,44,8,112,40,10,50,162
07/14/2005,CHO,VA,AEA,EN,Federal Contract Tower,0,58,33,0,91,0,0,6,0,6,0,58,39,0,97,32,0,32,129
07/15/2005,CHO,VA,AEA,EN,Federal Contract Tower,0,65,30,6,101,0,0,10,0,10,0,65,40,6,111,12,0,12,123
07/16/2005,CHO,VA,AEA,EN,Federal Contract Tower,0,47,36,0,83,0,0,19,0,19,0,47,55,0,102,4,6,10,112
07/17/2005,CHO,VA,AEA,EN,Federal Contract Tower,0,48,24,0,72,0,0,41,0,41,0,48,65,0,113,26,0,26,139
07/18/2005,CHO,VA,AEA,EN,Federal Contract Tower,0,56,35,1,92,0,0,53,2,55,0,56,88,3,147,26,4,30,177
07/19/2005,CHO,VA,AEA,EN,Federal Contract Tower,0,61,26,6,93,0,0,52,5,57,0,61,78,11,150,78,12,90,240
07/20/2005,CHO,VA,AEA,EN,Federal Contract Tower,0,60,52,2,114,0,0,55,2,57,0,60,107,4,171,84,8,92,263
07/21/2005,CHO,VA,AEA,EN,Federal Contract Tower,0,58,39,12,109,0,0,52,0,52,0,58,91,12,161,58,26,84,245
07/22/2005,CHO,VA,AEA,EN,Federal Contract Tower,0,60,38,17,115,0,0,72,9,81,0,60,110,26,196,32,10,42,238
07/23/2005,CHO,VA,AEA,EN,Federal Contract Tower,0,48,16,0,64,0,0,78,0,78,0,48,94,0,142,36,0,36,178
07/24/2005,CHO,VA,AEA,EN,Federal Contract Tower,0,50,31,0,81,0,0,103,0,103,0,50,134,0,184,48,0,48,232
07/25/2005,CHO,VA,AEA,EN,Federal Contract Tower,0,65,26,0,91,0,0,42,0,42,0,65,68,0,133,2,0,2,135
07/26/2005,CHO,VA,AEA,EN,Federal Contract Tower,0,62,27,0,89,0,0,65,2,67,0,62,92,2,156,60,2,62,218
07/27/2005,CHO,VA,AEA,EN,Federal Contract Tower,0,54,37,11,102,0,0,45,2,47,0,54,82,13,149,30,18,48,197
07/28/2005,CHO,VA,AEA,EN,Federal Contract Tower,0,57,21,8,86,0,0,19,0,19,0,57,40,8,105,14,10,24,129
07/29/2005,CHO,VA,AEA,EN,Federal Contract Tower,0,62,46,2,110,0,0,0,0,0,0,62,46,2,110,0,0,0,110
07/30/2005,CHO,VA,AEA,EN,Federal Contract Tower,0,46,27,0,73,0,0,6,0,6,0,46,33,0,79,0,0,0,79
07/31/2005,CHO,VA,AEA,EN,Federal Contract Tower,0,56,64,0,120,0,0,19,1,20,0,56,83,1,140,0,0,0,140
08/01/2005,CHO,VA,AEA,EN,Federal Contract Tower,0,56,33,2,91,0,0,45,6,51,0,56,78,8,142,22,0,22,164
08/02/2005,CHO,VA,AEA,EN,Federal Contract Tower,0,58,15,0,73,0,0,57,4,61,0,58,72,4,134,54,0,54,188
08/03/2005,CHO,VA,AEA,EN,Federal Contract Tower,0,60,26,0,86,0,0,73,1,74,0,60,99,1,160,96,0,96,256
08/04/2005,CHO,VA,AEA,EN,Federal Contract Tower,0,60,35,0,95,0,0,69,4,73,0,60,104,4,168,48,6,54,222
08/05/2005,CHO,VA,AEA,EN,Federal Contract Tower,0,65,27,6,98,0,0,58,4,62,0,65,85,10,160,50,10,60,220
08/06/2005,CHO,VA,AEA,EN,Federal Contract Tower,0,41,18,1,60,0,0,57,0,57,0,41,75,1,117,40,0,40,157
08/07/2005,CHO,VA,AEA,EN,Federal Contract Tower,0,50,18,0,68,0,0,44,0,44,0,50,62,0,112,26,0,26,138
08/08/2005,CHO,VA,AEA,EN,Federal Contract Tower,0,50,34,5,89,0,0,31,1,32,0,50,65,6,121,28,10,38,159
08/09/2005,CHO,VA,AEA,EN,Federal Contract Tower,0,60,24,3,87,0,0,3,0,3,0,60,27,3,90,6,0,6,96
08/10/2005,CHO,VA,AEA,EN,Federal Contract Tower,0,60,51,5,116,0,0,27,7,34,0,60,78,12,150,74,6,80,230
08/11/2005,CHO,VA,AEA,EN,Federal Contract Tower,0,56,34,4,94,0,0,48,0,48,0,56,82,4,142,60,2,62,204
08/12/2005,CHO,VA,AEA,EN,Federal Contract Tower,0,58,20,2,80,0,2,65,0,67,0,60,85,2,147,62,0,62,209
08/13/2005,CHO,VA,AEA,EN,Federal Contract Tower,0,45,39,0,84,0,0,41,2,43,0,45,80,2,127,40,0,40,167
08/14/2005,CHO,VA,AEA,EN,Federal Contract Tower,0,50,18,0,68,0,0,53,2,55,0,50,71,2,123,10,0,10,133
08/15/2005,CHO,VA,AEA,EN,Federal Contract Tower,0,59,22,0,81,0,0,38,0,38,0,59,60,0,119,4,0,4,123
08/16/2005,CHO,VA,AEA,EN,Federal Contract Tower,0,53,26,4,83,0,0,5,0,5,0,53,31,4,88,0,0,0,88
08/17/2005,CHO,VA,AEA,EN,Federal Contract Tower,0,63,31,5,99,0,0,87,1,88,0,63,118,6,187,92,12,104,291
08/18/2005,CHO,VA,AEA,EN,Federal Contract Tower,0,62,40,7,109,0,0,44,2,46,0,62,84,9,155,75,14,89,244
08/19/2005,CHO,VA,AEA,EN,Federal Contract Tower,0,60,45,4,109,0,0,10,0,10,0,60,55,4,119,0,0,0,119
08/20/2005,CHO,VA,AEA,EN,Federal Contract Tower,0,55,20,0,75,0,0,38,0,38,0,55,58,0,113,6,0,6,119
08/21/2005,CHO,VA,AEA,EN,Federal Contract Tower,0,54,35,0,89,0,0,70,0,70,0,54,105,0,159,40,0,40,199
08/22/2005,CHO,VA,AEA,EN,Federal Contract Tower,0,67,22,3,92,0,0,81,9,90,0,67,103,12,182,26,0,26,208
08/23/2005,CHO,VA,AEA,EN,Federal Contract Tower,0,70,21,7,98,0,0,75,5,80,0,70,96,12,178,68,4,72,250
08/24/2005,CHO,VA,AEA,EN,Federal Contract Tower,0,60,35,8,103,0,0,54,2,56,0,60,89,10,159,56,22,78,237
08/25/2005,CHO,VA,AEA,EN,Federal Contract Tower,0,62,40,1,103,0,0,101,5,106,0,62,141,6,209,153,8,161,370
08/26/2005,CHO,VA,AEA,EN,Federal Contract Tower,0,70,35,11,116,0,0,75,4,79,0,70,110,15,195,30,30,60,255
08/27/2005,CHO,VA,AEA,EN,Federal Contract Tower,0,49,40,0,89,0,0,2,0,2,0,49,42,0,91,0,0,0,91
08/28/2005,CHO,VA,AEA,EN,Federal Contract Tower,0,52,35,1,88,0,0,23,0,23,0,52,58,1,111,0,0,0,111
08/29/2005,CHO,VA,AEA,EN,Federal Contract Tower,0,63,30,9,102,0,0,19,0,19,0,63,49,9,121,46,0,46,167
08/30/2005,CHO,VA,AEA,EN,Federal Contract Tower,0,68,25,0,93,0,0,0,0,0,0,68,25,0,93,0,0,0,93
08/31/2005,CHO,VA,AEA,EN,Federal Contract Tower,0,59,41,2,102,0,0,27,0,27,0,59,68,2,129,16,8,24,153
09/01/2005,CHO,VA,AEA,EN,Federal Contract Tower,0,64,37,5,106,0,0,59,7,66,0,64,96,12,172,86,40,126,298
09/02/2005,CHO,VA,AEA,EN,Federal Contract Tower,0,70,35,2,107,0,0,80,0,80,0,70,115,2,187,64,4,68,255
09/03/2005,CHO,VA,AEA,EN,Federal Contract Tower,1,63,28,0,92,0,0,96,0,96,1,63,124,0,188,44,0,44,232
09/04/2005,CHO,VA,AEA,EN,Federal Contract Tower,0,55,11,0,66,0,0,101,0,101,0,55,112,0,167,36,0,36,203
09/05/2005,CHO,VA,AEA,EN,Federal Contract Tower,0,63,23,1,87,0,0,80,0,80,0,63,103,1,167,30,0,30,197
09/06/2005,CHO,VA,AEA,EN,Federal Contract Tower,0,59,20,4,83,0,0,65,6,71,0,59,85,10,154,28,10,38,192
09/07/2005,CHO,VA,AEA,EN,Federal Contract Tower,0,70,26,1,97,0,0,73,5,78,0,70,99,6,175,42,0,42,217
09/08/2005,CHO,VA,AEA,EN,Federal Contract Tower,0,71,35,0,106,0,0,77,0,77,0,71,112,0,183,48,0,48,231
09/09/2005,CHO,VA,AEA,EN,Federal Contract Tower,0,77,47,4,128,0,0,88,2,90,0,77,135,6,218,30,8,38,256
09/10/2005,CHO,VA,AEA,EN,Federal Contract Tower,0,62,51,0,113,0,0,53,0,53,0,62,104,0,166,18,0,18,184
09/11/2005,CHO,VA,AEA,EN,Federal Contract Tower,0,60,26,0,86,0,0,76,0,76,0,60,102,0,162,26,0,26,188
09/12/2005,CHO,VA,AEA,EN,Federal Contract Tower,0,60,24,2,86,0,0,56,0,56,0,60,80,2,142,56,0,56,198
09/13/2005,CHO,VA,AEA,EN,Federal Contract Tower,0,67,28,0,95,0,0,78,0,78,0,67,106,0,173,58,0,58,231
09/14/2005,CHO,VA,AEA,EN,Federal Contract Tower,0,56,41,0,97,0,0,38,2,40,0,56,79,2,137,70,2,72,209
09/15/2005,CHO,VA,AEA,EN,Federal Contract Tower,0,66,36,12,114,0,0,51,0,51,0,66,87,12,165,44,20,64,229
09/16/2005,CHO,VA,AEA,EN,Federal Contract Tower,0,75,50,12,137,0,0,35,6,41,0,75,85,18,178,22,2,24,202
09/17/2005,CHO,VA,AEA,EN,Federal Contract Tower,2,56,24,0,82,0,0,71,0,71,2,56,95,0,153,8,0,8,161
09/18/2005,CHO,VA,AEA,EN,Federal Contract Tower,0,59,42,0,101,0,0,112,0,112,0,59,154,0,213,32,0,32,245
09/19/2005,CHO,VA,AEA,EN,Federal Contract Tower,0,59,28,6,93,0,0,48,0,48,0,59,76,6,141,14,0,14,155
09/20/2005,CHO,VA,AEA,EN,Federal Contract Tower,0,66,26,9,101,0,0,63,5,68,0,66,89,14,169,30,18,48,217
09/21/2005,CHO,VA,AEA,EN,Federal Contract Tower,0,67,40,0,107,0,0,54,2,56,0,67,94,2,163,64,0,64,227
09/22/2005,CHO,VA,AEA,EN,Federal Contract Tower,0,73,46,0,119,0,0,52,0,52,0,73,98,0,171,6,0,6,177
09/23/2005,CHO,VA,AEA,EN,Federal Contract Tower,0,75,44,4,123,0,0,66,1,67,0,75,110,5,190,38,10,48,238
09/24/2005,CHO,VA,AEA,EN,Federal Contract Tower,0,65,32,0,97,0,0,47,1,48,0,65,79,1,145,12,0,12,157
09/25/2005,CHO,VA,AEA,EN,Federal Contract Tower,0,59,69,5,133,0,0,0,0,0,0,59,69,5,133,0,0,0,133
09/26/2005,CHO,VA,AEA,EN,Federal Contract Tower,0,60,33,2,95,0,0,1,0,1,0,60,34,2,96,4,0,4,100
09/27/2005,CHO,VA,AEA,EN,Federal Contract Tower,0,63,41,6,110,0,0,61,0,61,0,63,102,6,171,16,6,22,193
09/28/2005,CHO,VA,AEA,EN,Federal Contract Tower,0,67,41,2,110,0,0,62,6,68,0,67,103,8,178,76,20,96,274
09/29/2005,CHO,VA,AEA,EN,Federal Contract Tower,0,67,37,8,112,0,0,30,0,30,0,67,67,8,142,14,0,14,156
09/30/2005,CHO,VA,AEA,EN,Federal Contract Tower,0,72,40,2,114,0,0,100,0,100,0,72,140,2,214,50,2,52,266
10/01/2005,CHO,VA,AEA,EN,Federal Contract Tower,0,61,40,0,101,0,0,71,0,71,0,61,111,0,172,42,0,42,214
10/02/2005,CHO,VA,AEA,EN,Federal Contract Tower,0,61,35,0,96,0,0,73,0,73,0,61,108,0,169,56,0,56,225
10/03/2005,CHO,VA,AEA,EN,Federal Contract Tower,0,60,32,4,96,0,0,91,0,91,0,60,123,4,187,36,0,36,223
10/04/2005,CHO,VA,AEA,EN,Federal Contract Tower,0,71,36,6,113,0,0,43,4,47,0,71,79,10,160,58,28,86,246
10/05/2005,CHO,VA,AEA,EN,Federal Contract Tower,0,62,46,8,116,0,0,3,0,3,0,62,49,8,119,0,0,0,119
10/06/2005,CHO,VA,AEA,EN,Federal Contract Tower,0,71,54,0,125,0,0,3,0,3,0,71,57,0,128,0,0,0,128
10/07/2005,CHO,VA,AEA,EN,Federal Contract Tower,0,90,45,0,135,0,0,0,0,0,0,90,45,0,135,0,0,0,135
10/08/2005,CHO,VA,AEA,EN,Federal Contract Tower,0,66,30,1,97,0,0,1,1,2,0,66,31,2,99,0,2,2,101
10/09/2005,CHO,VA,AEA,EN,Federal Contract Tower,0,56,45,0,101,0,0,23,0,23,0,56,68,0,124,12,0,12,136
10/10/2005,CHO,VA,AEA,EN,Federal Contract Tower,0,69,60,1,130,0,0,37,0,37,0,69,97,1,167,22,0,22,189
10/11/2005,CHO,VA,AEA,EN,Federal Contract Tower,0,66,36,1,103,0,0,0,0,0,0,66,36,1,103,0,0,0,103
10/12/2005,CHO,VA,AEA,EN,Federal Contract Tower,0,59,59,17,135,0,0,18,13,31,0,59,77,30,166,48,54,102,268
10/13/2005,CHO,VA,AEA,EN,Federal Contract Tower,0,74,38,24,136,0,0,33,2,35,0,74,71,26,171,38,32,70,241
10/14/2005,CHO,VA,AEA,EN,Federal Contract Tower,2,83,55,15,155,0,0,65,16,81,2,83,120,31,236,30,70,100,336
10/15/2005,CHO,VA,AEA,EN,Federal Contract Tower,0,65,35,2,102,0,0,73,2,75,0,65,108,4,177,18,4,22,199
10/16/2005,CHO,VA,AEA,EN,Federal Contract Tower,0,75,36,1,112,0,0,63,2,65,0,75,99,3,177,38,0,38,215
10/17/2005,CHO,VA,AEA,EN,Federal Contract Tower,0,68,31,0,99,0,0,84,0,84,0,68,115,0,183,76,0,76,259
10/18/2005,CHO,VA,AEA,EN,Federal Contract Tower,0,65,31,9,105,0,0,63,7,70,0,65,94,16,175,34,32,66,241
10/19/2005,CHO,VA,AEA,EN,Federal Contract Tower,0,66,41,8,115,0,0,50,0,50,0,66,91,8,165,44,12,56,221
10/20/2005,CHO,VA,AEA,EN,Federal Contract Tower,0,75,34,4,113,0,0,45,0,45,0,75,79,4,158,40,16,56,214
10/21/2005,CHO,VA,AEA,EN,Federal Contract Tower,0,80,51,2,133,0,0,0,0,0,0,80,51,2,133,0,0,0,133
10/22/2005,CHO,VA,AEA,EN,Federal Contract Tower,0,55,22,0,77,0,0,0,0,0,0,55,22,0,77,0,0,0,77
10/23/2005,CHO,VA,AEA,EN,Federal Contract Tower,0,56,57,0,113,0,0,107,0,107,0,56,164,0,220,38,0,38,258
10/24/2005,CHO,VA,AEA,EN,Federal Contract Tower,0,63,31,7,101,0,0,26,4,30,0,63,57,11,131,20,4,24,155
10/25/2005,CHO,VA,AEA,EN,Federal Contract Tower,0,71,12,0,83,0,0,3,0,3,0,71,15,0,86,0,0,0,86
10/26/2005,CHO,VA,AEA,EN,Federal Contract Tower,0,58,47,9,114,0,0,53,1,54,0,58,100,10,168,60,10,70,238
10/27/2005,CHO,VA,AEA,EN,Federal Contract Tower,0,69,61,4,134,0,0,54,0,54,0,69,115,4,188,40,0,40,228
10/28/2005,CHO,VA,AEA,EN,Federal Contract Tower,0,70,45,6,121,0,0,55,0,55,0,70,100,6,176,60,14,74,250
10/29/2005,CHO,VA,AEA,EN,Federal Contract Tower,0,63,27,5,95,0,0,69,3,72,0,63,96,8,167,32,16,48,215
10/30/2005,CHO,VA,AEA,EN,Federal Contract Tower,0,53,38,0,91,0,0,169,0,169,0,53,207,0,260,64,0,64,324
10/31/2005,CHO,VA,AEA,EN,Federal Contract Tower,0,66,15,20,101,0,0,73,6,79,0,66,88,26,180,68,14,82,262
11/01/2005,CHO,VA,AEA,EN,Federal Contract Tower,0,67,27,0,94,0,0,56,4,60,0,67,83,4,154,52,0,52,206
11/02/2005,CHO,VA,AEA,EN,Federal Contract Tower,0,57,36,2,95,0,0,42,0,42,0,57,78,2,137,20,14,34,171
11/03/2005,CHO,VA,AEA,EN,Federal Contract Tower,0,70,25,2,97,0,0,85,5,90,0,70,110,7,187,114,2,116,303
11/04/2005,CHO,VA,AEA,EN,Federal Contract Tower,0,84,50,2,136,0,0,85,4,89,0,84,135,6,225,54,6,60,285
11/05/2005,CHO,VA,AEA,EN,Federal Contract Tower,0,59,22,0,81,0,0,104,4,108,0,59,126,4,189,74,2,76,265
11/06/2005,CHO,VA,AEA,EN,Federal Contract Tower,0,59,45,4,108,0,0,44,6,50,0,59,89,10,158,20,0,20,178
11/07/2005,CHO,VA,AEA,EN,Federal Contract Tower,0,67,39,0,106,0,0,54,0,54,0,67,93,0,160,70,0,70,230
11/08/2005,CHO,VA,AEA,EN,Federal Contract Tower,0,59,22,4,85,0,0,25,4,29,0,59,47,8,114,14,4,18,132
11/09/2005,CHO,VA,AEA,EN,Federal Contract Tower,0,55,39,2,96,0,0,16,0,16,0,55,55,2,112,14,4,18,130
11/10/2005,CHO,VA,AEA,EN,Federal Contract Tower,0,66,40,0,106,0,0,10,0,10,0,66,50,0,116,0,0,0,116
11/11/2005,CHO,VA,AEA,EN,Federal Contract Tower,2,77,48,0,127,0,0,92,1,93,2,77,140,1,220,28,0,28,248
11/12/2005,CHO,VA,AEA,EN,Federal Contract Tower,0,63,41,2,106,0,0,87,0,87,0,63,128,2,193,64,10,74,267
11/13/2005,CHO,VA,AEA,EN,Federal Contract Tower,0,73,47,1,121,0,0,91,0,91,0,73,138,1,212,2,0,2,214
11/14/2005,CHO,VA,AEA,EN,Federal Contract Tower,0,52,43,2,97,0,0,52,4,56,0,52,95,6,153,40,0,40,193
11/15/2005,CHO,VA,AEA,EN,Federal Contract Tower,0,58,31,2,91,0,0,2,0,2,0,58,33,2,93,0,0,0,93
11/16/2005,CHO,VA,AEA,EN,Federal Contract Tower,0,57,30,0,87,0,0,0,0,0,0,57,30,0,87,0,0,0,87
11/17/2005,CHO,VA,AEA,EN,Federal Contract Tower,0,61,36,15,112,0,0,63,3,66,0,61,99,18,178,60,14,74,252
11/18/2005,CHO,VA,AEA,EN,Federal Contract Tower,0,71,55,8,134,0,0,80,0,80,0,71,135,8,214,50,12,62,276
11/19/2005,CHO,VA,AEA,EN,Federal Contract Tower,0,62,45,0,107,0,0,110,3,113,0,62,155,3,220,40,0,40,260
11/20/2005,CHO,VA,AEA,EN,Federal Contract Tower,0,58,38,0,96,0,0,81,4,85,0,58,119,4,181,30,0,30,211
11/21/2005,CHO,VA,AEA,EN,Federal Contract Tower,0,69,28,4,101,0,0,11,0,11,0,69,39,4,112,0,0,0,112
11/22/2005,CHO,VA,AEA,EN,Federal Contract Tower,0,74,27,6,107,0,0,7,4,11,0,74,34,10,118,2,10,12,130
11/23/2005,CHO,VA,AEA,EN,Federal Contract Tower,0,78,51,5,134,0,0,31,0,31,0,78,82,5,165,44,18,62,227
11/24/2005,CHO,VA,AEA,EN,Federal Contract Tower,0,60,8,0,68,0,0,8,0,8,0,60,16,0,76,12,0,12,88
11/25/2005,CHO,VA,AEA,EN,Federal Contract Tower,0,70,30,8,108,0,0,75,0,75,0,70,105,8,183,32,0,32,215
11/26/2005,CHO,VA,AEA,EN,Federal Contract Tower,0,68,20,0,88,0,0,92,0,92,0,68,112,0,180,32,0,32,212
11/27/2005,CHO,VA,AEA,EN,Federal Contract Tower,0,58,67,0,125,0,0,46,0,46,0,58,113,0,171,20,0,20,191
11/28/2005,CHO,VA,AEA,EN,Federal Contract Tower,0,28,22,0,50,0,0,0,0,0,0,28,22,0,50,0,0,0,50
11/29/2005,CHO,VA,AEA,EN,Federal Contract Tower,0,27,21,0,48,0,0,2,0,2,0,27,23,0,50,0,0,0,50
11/30/2005,CHO,VA,AEA,EN,Federal Contract Tower,0,61,43,7,111,0,0,49,1,50,0,61,92,8,161,68,26,94,255
12/01/2005,CHO,VA,AEA,EN,Federal Contract Tower,0,71,28,6,105,0,0,38,0,38,0,71,66,6,143,48,0,48,191
12/02/2005,CHO,VA,AEA,EN,Federal Contract Tower,0,64,34,4,102,0,0,46,0,46,0,64,80,4,148,12,8,20,168
12/03/2005,CHO,VA,AEA,EN,Federal Contract Tower,0,49,19,0,68,0,0,68,0,68,0,49,87,0,136,26,0,26,162
12/04/2005,CHO,VA,AEA,EN,Federal Contract Tower,0,59,29,3,91,0,0,44,1,45,0,59,73,4,136,4,2,6,142
12/05/2005,CHO,VA,AEA,EN,Federal Contract Tower,0,29,10,0,39,0,0,0,0,0,0,29,10,0,39,0,0,0,39
12/06/2005,CHO,VA,AEA,EN,Federal Contract Tower,0,48,26,0,74,0,0,26,4,30,0,48,52,4,104,16,0,16,120
12/07/2005,CHO,VA,AEA,EN,Federal Contract Tower,0,61,34,0,95,0,0,40,2,42,0,61,74,2,137,32,2,34,171
12/08/2005,CHO,VA,AEA,EN,Federal Contract Tower,0,64,33,0,97,0,0,35,0,35,0,64,68,0,132,24,0,24,156
12/09/2005,CHO,VA,AEA,EN,Federal Contract Tower,0,50,15,0,65,0,0,40,0,40,0,50,55,0,105,20,0,20,125
12/10/2005,CHO,VA,AEA,EN,Federal Contract Tower,0,45,17,4,66,0,0,70,0,70,0,45,87,4,136,8,2,10,146
12/11/2005,CHO,VA,AEA,EN,Federal Contract Tower,0,52,24,0,76,0,0,48,0,48,0,52,72,0,124,22,0,22,146
12/12/2005,CHO,VA,AEA,EN,Federal Contract Tower,0,55,29,2,86,0,0,42,0,42,0,55,71,2,128,2,0,2,130
12/13/2005,CHO,VA,AEA,EN,Federal Contract Tower,0,68,36,0,104,0,0,62,4,66,0,68,98,4,170,78,8,86,256
12/14/2005,CHO,VA,AEA,EN,Federal Contract Tower,0,69,29,2,100,0,0,30,0,30,0,69,59,2,130,62,8,70,200
12/15/2005,CHO,VA,AEA,EN,Federal Contract Tower,0,39,12,0,51,0,0,0,0,0,0,39,12,0,51,0,0,0,51
12/16/2005,CHO,VA,AEA,EN,Federal Contract Tower,0,55,26,2,83,0,0,44,2,46,0,55,70,4,129,2,2,4,133
12/17/2005,CHO,VA,AEA,EN,Federal Contract Tower,0,45,16,9,70,0,0,100,1,101,0,45,116,10,171,34,6,40,211
12/18/2005,CHO,VA,AEA,EN,Federal Contract Tower,0,52,22,0,74,0,0,77,0,77,0,52,99,0,151,60,0,60,211
12/19/2005,CHO,VA,AEA,EN,Federal Contract Tower,0,58,35,0,93,0,0,45,0,45,0,58,80,0,138,32,0,32,170
12/20/2005,CHO,VA,AEA,EN,Federal Contract Tower,0,65,35,10,110,0,0,40,1,41,0,65,75,11,151,24,16,40,191
12/21/2005,CHO,VA,AEA,EN,Federal Contract Tower,0,58,24,3,85,0,0,54,3,57,0,58,78,6,142,54,0,54,196
12/22/2005,CHO,VA,AEA,EN,Federal Contract Tower,0,55,17,1,73,0,0,56,0,56,0,55,73,1,129,12,0,12,141
12/23/2005,CHO,VA,AEA,EN,Federal Contract Tower,0,63,22,0,85,0,0,78,0,78,0,63,100,0,163,30,8,38,201
12/24/2005,CHO,VA,AEA,EN,Federal Contract Tower,0,42,9,0,51,0,0,64,0,64,0,42,73,0,115,26,0,26,141
12/25/2005,CHO,VA,AEA,EN,Federal Contract Tower,0,39,5,0,44,0,0,0,0,0,0,39,5,0,44,0,0,0,44
12/26/2005,CHO,VA,AEA,EN,Federal Contract Tower,0,50,25,0,75,0,0,11,0,11,0,50,36,0,86,0,0,0,86
12/27/2005,CHO,VA,AEA,EN,Federal Contract Tower,0,64,33,2,99,0,0,60,4,64,0,64,93,6,163,52,12,64,227
12/28/2005,CHO,VA,AEA,EN,Federal Contract Tower,0,61,22,4,87,0,0,45,0,45,0,61,67,4,132,40,10,50,182
12/29/2005,CHO,VA,AEA,EN,Federal Contract Tower,0,54,13,0,67,0,0,11,0,11,0,54,24,0,78,0,0,0,78
12/30/2005,CHO,VA,AEA,EN,Federal Contract Tower,0,57,45,0,102,0,0,65,0,65,0,57,110,0,167,30,0,30,197
12/31/2005,CHO,VA,AEA,EN,Federal Contract Tower,0,48,15,0,63,0,0,46,0,46,0,48,61,0,109,2,0,2,111
01/01/2006,CHO,VA,AEA,EN,Federal Contract Tower,0,54,17,0,71,0,0,62,0,62,0,54,79,0,133,28,0,28,161
01/02/2006,CHO,VA,AEA,EN,Federal Contract Tower,0,59,14,0,73,0,0,2,0,2,0,59,16,0,75,0,0,0,75
01/03/2006,CHO,VA,AEA,EN,Federal Contract Tower,0,55,17,0,72,0,0,2,0,2,0,55,19,0,74,0,0,0,74
01/04/2006,CHO,VA,AEA,EN,Federal Contract Tower,0,57,28,8,93,0,0,2,0,2,0,57,30,8,95,0,0,0,95
01/05/2006,CHO,VA,AEA,EN,Federal Contract Tower,0,52,19,10,81,0,0,27,4,31,0,52,46,14,112,24,8,32,144
01/06/2006,CHO,VA,AEA,EN,Federal Contract Tower,0,57,10,8,75,0,0,22,0,22,0,57,32,8,97,14,22,36,133
01/07/2006,CHO,VA,AEA,EN,Federal Contract Tower,0,49,22,4,75,0,0,65,0,65,0,49,87,4,140,44,18,62,202
01/08/2006,CHO,VA,AEA,EN,Federal Contract Tower,0,54,17,0,71,0,0,84,0,84,0,54,101,0,155,16,0,16,171
01/09/2006,CHO,VA,AEA,EN,Federal Contract Tower,0,58,28,0,86,0,0,15,0,15,0,58,43,0,101,2,0,2,103
01/10/2006,CHO,VA,AEA,EN,Federal Contract Tower,0,56,17,1,74,0,0,59,3,62,0,56,76,4,136,58,10,68,204
01/11/2006,CHO,VA,AEA,EN,Federal Contract Tower,0,62,33,0,95,0,0,0,0,0,0,62,33,0,95,0,0,0,95
01/12/2006,CHO,VA,AEA,EN,Federal Contract Tower,0,51,34,8,93,0,0,67,0,67,0,51,101,8,160,28,10,38,198
01/13/2006,CHO,VA,AEA,EN,Federal Contract Tower,0,71,33,0,104,0,0,22,0,22,0,71,55,0,126,30,2,32,158
01/14/2006,CHO,VA,AEA,EN,Federal Contract Tower,0,44,10,0,54,0,5,4,0,9,0,49,14,0,63,8,0,8,71
01/15/2006,CHO,VA,AEA,EN,Federal Contract Tower,0,49,16,0,65,0,0,11,0,11,0,49,27,0,76,6,0,6,82
01/16/2006,CHO,VA,AEA,EN,Federal Contract Tower,0,60,19,0,79,0,0,82,2,84,0,60,101,2,163,34,0,34,197
01/17/2006,CHO,VA,AEA,EN,Federal Contract Tower,0,66,15,0,81,0,0,0,4,4,0,66,15,4,85,0,10,10,95
01/18/2006,CHO,VA,AEA,EN,Federal Contract Tower,0,59,32,2,93,0,0,5,2,7,0,59,37,4,100,2,2,4,104
01/19/2006,CHO,VA,AEA,EN,Federal Contract Tower,0,58,38,4,100,0,0,54,2,56,0,58,92,6,156,35,10,45,201
01/20/2006,CHO,VA,AEA,EN,Federal Contract Tower,0,73,25,3,101,0,0,85,0,85,0,73,110,3,186,10,8,18,204
01/21/2006,CHO,VA,AEA,EN,Federal Contract Tower,0,47,10,0,57,0,8,32,1,41,0,55,42,1,98,6,0,6,104
01/22/2006,CHO,VA,AEA,EN,Federal Contract Tower,0,53,24,5,82,0,0,68,1,69,0,53,92,6,151,44,8,52,203
01/23/2006,CHO,VA,AEA,EN,Federal Contract Tower,0,53,21,0,74,0,0,0,0,0,0,53,21,0,74,0,0,0,74
01/24/2006,CHO,VA,AEA,EN,Federal Contract Tower,0,63,34,2,99,0,0,42,4,46,0,63,76,6,145,50,24,74,219
01/25/2006,CHO,VA,AEA,EN,Federal Contract Tower,0,62,32,0,94,0,0,7,0,7,0,62,39,0,101,8,0,8,109
01/26/2006,CHO,VA,AEA,EN,Federal Contract Tower,0,60,24,0,84,0,0,22,0,22,0,60,46,0,106,14,0,14,120
01/27/2006,CHO,VA,AEA,EN,Federal Contract Tower,0,65,33,9,107,0,0,107,1,108,0,65,140,10,215,70,10,80,295
01/28/2006,CHO,VA,AEA,EN,Federal Contract Tower,0,45,11,0,56,0,0,98,6,104,0,45,109,6,160,74,0,74,234
01/29/2006,CHO,VA,AEA,EN,Federal Contract Tower,0,53,16,0,69,0,0,2,0,2,0,53,18,0,71,0,0,0,71
01/30/2006,CHO,VA,AEA,EN,Federal Contract Tower,0,59,30,2,91,0,0,61,0,61,0,59,91,2,152,16,2,18,170
01/31/2006,CHO,VA,AEA,EN,Federal Contract Tower,0,60,30,13,103,0,0,3,4,7,0,60,33,17,110,0,8,8,118
02/01/2006,CHO,VA,AEA,EN,Federal Contract Tower,0,59,31,8,98,0,0,69,4,73,0,59,100,12,171,72,20,92,263
02/02/2006,CHO,VA,AEA,EN,Federal Contract Tower,0,59,25,0,84,0,0,67,1,68,0,59,92,1,152,88,1,89,241
02/03/2006,CHO,VA,AEA,EN,Federal Contract Tower,0,60,39,6,105,0,0,44,1,45,0,60,83,7,150,30,18,48,198
02/04/2006,CHO,VA,AEA,EN,Federal Contract Tower,0,46,19,0,65,0,0,0,0,0,0,46,19,0,65,0,0,0,65
02/05/2006,CHO,VA,AEA,EN,Federal Contract Tower,0,58,18,0,76,0,0,18,0,18,0,58,36,0,94,0,0,0,94
02/06/2006,CHO,VA,AEA,EN,Federal Contract Tower,0,52,21,0,73,0,0,19,0,19,0,52,40,0,92,12,0,12,104
02/07/2006,CHO,VA,AEA,EN,Federal Contract Tower,0,52,30,5,87,0,0,60,10,70,0,52,90,15,157,84,30,114,271
02/08/2006,CHO,VA,AEA,EN,Federal Contract Tower,4,62,35,2,103,0,0,46,0,46,4,62,81,2,149,78,16,94,243
02/09/2006,CHO,VA,AEA,EN,Federal Contract Tower,0,58,22,10,90,0,0,53,0,53,0,58,75,10,143,52,18,70,213
02/10/2006,CHO,VA,AEA,EN,Federal Contract Tower,0,57,41,8,106,0,0,59,3,62,0,57,100,11,168,40,10,50,218
02/11/2006,CHO,VA,AEA,EN,Federal Contract Tower,0,41,4,0,45,0,0,0,0,0,0,41,4,0,45,0,0,0,45
02/12/2006,CHO,VA,AEA,EN,Federal Contract Tower,0,41,19,0,60,0,0,24,0,24,0,41,43,0,84,4,0,4,88
02/13/2006,CHO,VA,AEA,EN,Federal Contract Tower,0,57,32,6,95,0,0,53,10,63,0,57,85,16,158,18,38,56,214
02/14/2006,CHO,VA,AEA,EN,Federal Contract Tower,0,48,23,0,71,0,0,56,0,56,0,48,79,0,127,38,0,38,165
02/15/2006,CHO,VA,AEA,EN,Federal Contract Tower,0,67,33,5,105,0,0,77,1,78,0,67,110,6,183,72,16,88,271
02/16/2006,CHO,VA,AEA,EN,Federal Contract Tower,0,57,41,11,109,0,0,60,2,62,0,57,101,13,171,66,56,122,293
02/17/2006,CHO,VA,AEA,EN,Federal Contract Tower,0,62,38,0,100,0,0,42,0,42,0,62,80,0,142,0,0,0,142
02/18/2006,CHO,VA,AEA,EN,Federal Contract Tower,0,51,18,0,69,0,0,24,0,24,0,51,42,0,93,4,0,4,97
02/19/2006,CHO,VA,AEA,EN,Federal Contract Tower,0,57,20,0,77,0,0,77,0,77,0,57,97,0,154,20,0,20,174
02/20/2006,CHO,VA,AEA,EN,Federal Contract Tower,0,63,21,0,84,0,0,84,0,84,0,63,105,0,168,82,0,82,250
02/21/2006,CHO,VA,AEA,EN,Federal Contract Tower,0,61,32,3,96,0,0,57,1,58,0,61,89,4,154,4,4,8,162
02/22/2006,CHO,VA,AEA,EN,Federal Contract Tower,0,54,22,0,76,0,0,0,0,0,0,54,22,0,76,0,0,0,76
02/23/2006,CHO,VA,AEA,EN,Federal Contract Tower,0,55,30,2,87,0,0,12,3,15,0,55,42,5,102,4,0,4,106
02/24/2006,CHO,VA,AEA,EN,Federal Contract Tower,0,59,25,0,84,0,0,25,0,25,0,59,50,0,109,10,0,10,119
02/25/2006,CHO,VA,AEA,EN,Federal Contract Tower,0,47,25,0,72,0,0,67,0,67,0,47,92,0,139,44,0,44,183
02/26/2006,CHO,VA,AEA,EN,Federal Contract Tower,0,47,10,0,57,0,0,11,0,11,0,47,21,0,68,2,0,2,70
02/27/2006,CHO,VA,AEA,EN,Federal Contract Tower,0,44,14,5,63,0,0,27,5,32,0,44,41,10,95,18,8,26,121
02/28/2006,CHO,VA,AEA,EN,Federal Contract Tower,0,62,23,0,85,0,0,67,8,75,0,62,90,8,160,66,16,82,242
03/01/2006,CHO,VA,AEA,EN,Federal Contract Tower,0,58,40,0,98,0,0,70,4,74,0,58,110,4,172,96,8,104,276
03/02/2006,CHO,VA,AEA,EN,Federal Contract Tower,0,55,31,2,88,0,0,34,0,34,0,55,65,2,122,56,0,56,178
03/03/2006,CHO,VA,AEA,EN,Federal Contract Tower,1,63,41,0,105,0,0,54,0,54,1,63,95,0,159,8,0,8,167
03/04/2006,CHO,VA,AEA,EN,Federal Contract Tower,0,49,20,0,69,0,0,45,0,45,0,49,65,0,114,10,0,10,124
03/05/2006,CHO,VA,AEA,EN,Federal Contract Tower,0,45,31,2,78,0,0,86,5,91,0,45,117,7,169,26,12,38,207
03/06/2006,CHO,VA,AEA,EN,Federal Contract Tower,0,57,28,0,85,0,0,12,0,12,0,57,40,0,97,0,0,0,97
03/07/2006,CHO,VA,AEA,EN,Federal Contract Tower,0,57,23,2,82,0,0,90,12,102,0,57,113,14,184,56,14,70,254
03/08/2006,CHO,VA,AEA,EN,Federal Contract Tower,0,59,30,0,89,0,0,102,4,106,0,59,132,4,195,162,16,178,373
03/09/2006,CHO,VA,AEA,EN,Federal Contract Tower,0,58,21,5,84,0,0,41,2,43,0,58,62,7,127,66,12,78,205
03/10/2006,CHO,VA,AEA,EN,Federal Contract Tower,0,57,40,0,97,0,0,41,2,43,0,57,81,2,140,0,2,2,142
03/11/2006,CHO,VA,AEA,EN,Federal Contract Tower,0,46,20,0,66,0,0,94,0,94,0,46,114,0,160,52,0,52,212
03/12/2006,CHO,VA,AEA,EN,Federal Contract Tower,0,51,36,0,87,0,0,47,0,47,0,51,83,0,134,8,0,8,142
03/13/2006,CHO,VA,AEA,EN,Federal Contract Tower,0,53,17,1,71,0,0,19,1,20,0,53,36,2,91,0,0,0,91
03/14/2006,CHO,VA,AEA,EN,Federal Contract Tower,0,60,17,9,86,0,0,12,0,12,0,60,29,9,98,0,0,0,98
03/15/2006,CHO,VA,AEA,EN,Federal Contract Tower,0,55,15,0,70,0,0,10,0,10,0,55,25,0,80,0,0,0,80
03/16/2006,CHO,VA,AEA,EN,Federal Contract Tower,0,58,16,0,74,0,0,60,0,60,0,58,76,0,134,22,0,22,156
03/17/2006,CHO,VA,AEA,EN,Federal Contract Tower,0,65,26,3,94,0,0,55,52,107,0,65,81,55,201,34,20,54,255
03/18/2006,CHO,VA,AEA,EN,Federal Contract Tower,0,55,25,0,80,0,0,60,2,62,0,55,85,2,142,10,0,10,152
03/19/2006,CHO,VA,AEA,EN,Federal Contract Tower,0,58,35,3,96,0,0,49,5,54,0,58,84,8,150,20,0,20,170
03/20/2006,CHO,VA,AEA,EN,Federal Contract Tower,0,56,32,2,90,0,0,53,0,53,0,56,85,2,143,24,14,38,181
03/21/2006,CHO,VA,AEA,EN,Federal Contract Tower,0,53,19,0,72,0,0,5,0,5,0,53,24,0,77,0,0,0,77
03/22/2006,CHO,VA,AEA,EN,Federal Contract Tower,0,57,21,0,78,0,0,56,0,56,0,57,77,0,134,42,0,42,176
03/23/2006,CHO,VA,AEA,EN,Federal Contract Tower,0,54,40,2,96,0,0,57,0,57,0,54,97,2,153,60,0,60,213
03/24/2006,CHO,VA,AEA,EN,Federal Contract Tower,0,63,36,0,99,0,0,65,6,71,0,63,101,6,170,74,2,76,246
03/25/2006,CHO,VA,AEA,EN,Federal Contract Tower,0,51,17,0,68,0,0,17,0,17,0,51,34,0,85,20,0,20,105
03/26/2006,CHO,VA,AEA,EN,Federal Contract Tower,0,54,24,0,78,0,0,72,0,72,0,54,96,0,150,12,0,12,162
03/27/2006,CHO,VA,AEA,EN,Federal Contract Tower,0,57,24,2,83,0,0,80,4,84,0,57,104,6,167,86,8,94,261
03/28/2006,CHO,VA,AEA,EN,Federal Contract Tower,0,66,25,0,91,0,0,31,0,31,0,66,56,0,122,40,0,40,162
03/29/2006,CHO,VA,AEA,EN,Federal Contract Tower,0,58,72,0,130,0,0,58,0,58,0,58,130,0,188,84,0,84,272
03/30/2006,CHO,VA,AEA,EN,Federal Contract Tower,0,66,32,0,98,0,0,78,0,78,0,66,110,0,176,88,0,88,264
03/31/2006,CHO,VA,AEA,EN,Federal Contract Tower,0,73,55,0,128,0,0,105,0,105,0,73,160,0,233,100,0,100,333
04/01/2006,CHO,VA,AEA,EN,Federal Contract Tower,0,44,19,0,63,0,1,48,0,49,0,45,67,0,112,8,0,8,120
04/02/2006,CHO,VA,AEA,EN,Federal Contract Tower,0,51,42,0,93,0,0,85,0,85,0,51,127,0,178,40,0,40,218
04/03/2006,CHO,VA,AEA,EN,Federal Contract Tower,0,45,26,1,72,0,0,28,1,29,0,45,54,2,101,34,0,34,135
04/04/2006,CHO,VA,AEA,EN,Federal Contract Tower,0,57,32,2,91,0,0,35,9,44,0,57,67,11,135,14,0,14,149
04/05/2006,CHO,VA,AEA,EN,Federal Contract Tower,0,61,27,0,88,0,0,18,0,18,0,61,45,0,106,12,0,12,118
04/06/2006,CHO,VA,AEA,EN,Federal Contract Tower,0,65,48,0,113,0,0,76,4,80,0,65,124,4,193,68,10,78,271
04/07/2006,CHO,VA,AEA,EN,Federal Contract Tower,0,67,60,8,135,0,0,50,0,50,0,67,110,8,185,30,34,64,249
04/08/2006,CHO,VA,AEA,EN,Federal Contract Tower,0,52,25,0,77,0,0,11,0,11,0,52,36,0,88,12,0,12,100
04/09/2006,CHO,VA,AEA,EN,Federal Contract Tower,0,60,23,0,83,0,0,91,0,91,0,60,114,0,174,46,0,46,220
04/10/2006,CHO,VA,AEA,EN,Federal Contract Tower,0,59,19,0,78,0,0,66,0,66,0,59,85,0,144,58,0,58,202
04/11/2006,CHO,VA,AEA,EN,Federal Contract Tower,0,65,40,5,110,0,0,62,1,63,0,65,102,6,173,52,16,68,241
04/12/2006,CHO,VA,AEA,EN,Federal Contract Tower,0,66,25,10,101,0,0,43,3,46,0,66,68,13,147,18,36,54,201
04/13/2006,CHO,VA,AEA,EN,Federal Contract Tower,0,68,38,6,112,0,0,77,0,77,0,68,115,6,189,60,8,68,257
04/14/2006,CHO,VA,AEA,EN,Federal Contract Tower,0,68,40,4,112,0,0,45,0,45,0,68,85,4,157,30,0,30,187
04/15/2006,CHO,VA,AEA,EN,Federal Contract Tower,0,51,19,0,70,0,0,53,0,53,0,51,72,0,123,20,0,20,143
04/16/2006,CHO,VA,AEA,EN,Federal Contract Tower,0,67,31,0,98,0,0,46,0,46,0,67,77,0,144,24,0,24,168
04/17/2006,CHO,VA,AEA,EN,Federal Contract Tower,0,61,58,0,119,0,0,7,0,7,0,61,65,0,126,10,0,10,136
04/18/2006,CHO,VA,AEA,EN,Federal Contract Tower,0,72,32,0,104,0,0,91,2,93,0,72,123,2,197,50,0,50,247
04/19/2006,CHO,VA,AEA,EN,Federal Contract Tower,0,58,36,1,95,0,0,89,1,90,0,58,125,2,185,80,0,80,265
04/20/2006,CHO,VA,AEA,EN,Federal Contract Tower,0,70,27,10,107,0,0,78,0,78,0,70,105,10,185,34,18,52,237
04/21/2006,CHO,VA,AEA,EN,Federal Contract Tower,0,82,41,2,125,0,0,14,0,14,0,82,55,2,139,0,2,2,141
04/22/2006,CHO,VA,AEA,EN,Federal Contract Tower,0,54,23,0,77,0,0,17,0,17,0,54,40,0,94,0,0,0,94
04/23/2006,CHO,VA,AEA,EN,Federal Contract Tower,0,68,41,0,109,0,0,24,0,24,0,68,65,0,133,4,0,4,137
04/24/2006,CHO,VA,AEA,EN,Federal Contract Tower,0,59,35,4,98,0,0,68,0,68,0,59,103,4,166,30,16,46,212
04/25/2006,CHO,VA,AEA,EN,Federal Contract Tower,0,66,33,8,107,0,0,93,4,97,0,66,126,12,204,60,12,72,276
04/26/2006,CHO,VA,AEA,EN,Federal Contract Tower,0,58,40,0,98,0,0,45,0,45,0,58,85,0,143,38,0,38,181
04/27/2006,CHO,VA,AEA,EN,Federal Contract Tower,0,66,38,4,108,0,0,60,0,60,0,66,98,4,168,30,0,30,198
04/28/2006,CHO,VA,AEA,EN,Federal Contract Tower,0,68,45,1,114,0,0,90,0,90,0,68,135,1,204,60,0,60,264
04/29/2006,CHO,VA,AEA,EN,Federal Contract Tower,0,48,33,0,81,0,0,97,0,97,0,48,130,0,178,36,0,36,214
04/30/2006,CHO,VA,AEA,EN,Federal Contract Tower,0,54,27,0,81,0,0,85,0,85,0,54,112,0,166,34,0,34,200
05/01/2006,CHO,VA,AEA,EN,Federal Contract Tower,0,56,27,0,83,0,0,67,0,67,0,56,94,0,150,12,0,12,162
05/02/2006,CHO,VA,AEA,EN,Federal Contract Tower,0,60,34,0,94,0,0,73,0,73,0,60,107,0,167,44,0,44,211
05/03/2006,CHO,VA,AEA,EN,Federal Contract Tower,0,57,28,2,87,0,0,57,2,59,0,57,85,4,146,44,12,56,202
05/04/2006,CHO,VA,AEA,EN,Federal Contract Tower,0,65,32,2,99,0,0,95,4,99,0,65,127,6,198,74,12,86,284
05/05/2006,CHO,VA,AEA,EN,Federal Contract Tower,0,67,33,1,101,0,0,52,0,52,0,67,85,1,153,24,0,24,177
05/06/2006,CHO,VA,AEA,EN,Federal Contract Tower,0,52,30,6,88,0,0,90,0,90,0,52,120,6,178,12,6,18,196
05/07/2006,CHO,VA,AEA,EN,Federal Contract Tower,0,56,52,0,108,0,0,53,0,53,0,56,105,0,161,32,0,32,193
05/08/2006,CHO,VA,AEA,EN,Federal Contract Tower,0,54,26,2,82,0,0,14,0,14,0,54,40,2,96,0,0,0,96
05/09/2006,CHO,VA,AEA,EN,Federal Contract Tower,0,55,36,4,95,0,0,86,6,92,0,55,122,10,187,64,6,70,257
05/10/2006,CHO,VA,AEA,EN,Federal Contract Tower,0,63,31,0,94,0,0,82,0,82,0,63,113,0,176,88,0,88,264
05/11/2006,CHO,VA,AEA,EN,Federal Contract Tower,0,60,38,2,100,0,0,2,0,2,0,60,40,2,102,0,0,0,102
05/12/2006,CHO,VA,AEA,EN,Federal Contract Tower,0,70,19,6,95,0,0,88,5,93,0,70,107,11,188,36,6,42,230
05/13/2006,CHO,VA,AEA,EN,Federal Contract Tower,0,53,19,0,72,0,0,72,0,72,0,53,91,0,144,36,0,36,180
05/14/2006,CHO,VA,AEA,EN,Federal Contract Tower,0,54,22,0,76,0,0,13,2,15,0,54,35,2,91,14,0,14,105
05/15/2006,CHO,VA,AEA,EN,Federal Contract Tower,0,56,39,7,102,0,0,37,5,42,0,56,76,12,144,32,4,36,180
05/16/2006,CHO,VA,AEA,EN,Federal Contract Tower,0,62,35,6,103,0,0,90,4,94,0,62,125,10,197,88,8,96,293
05/17/2006,CHO,VA,AEA,EN,Federal Contract Tower,0,71,39,6,116,0,0,52,4,56,0,71,91,10,172,6,0,6,178
05/18/2006,CHO,VA,AEA,EN,Federal Contract Tower,0,62,28,3,93,0,0,49,1,50,0,62,77,4,143,74,8,82,225
05/19/2006,CHO,VA,AEA,EN,Federal Contract Tower,0,62,50,2,114,0,0,40,2,42,0,62,90,4,156,20,0,20,176
05/20/2006,CHO,VA,AEA,EN,Federal Contract Tower,0,52,24,0,76,0,0,66,0,66,0,52,90,0,142,26,0,26,168
05/21/2006,CHO,VA,AEA,EN,Federal Contract Tower,0,78,38,0,116,0,0,38,0,38,0,78,76,0,154,6,0,6,160
05/22/2006,CHO,VA,AEA,EN,Federal Contract Tower,0,58,30,3,91,0,0,74,0,74,0,58,104,3,165,22,0,22,187
05/23/2006,CHO,VA,AEA,EN,Federal Contract Tower,0,57,27,6,90,0,0,57,6,63,0,57,84,12,153,28,30,58,211
05/24/2006,CHO,VA,AEA,EN,Federal Contract Tower,0,60,43,0,103,0,0,125,0,125,0,60,168,0,228,146,0,146,374
05/25/2006,CHO,VA,AEA,EN,Federal Contract Tower,0,54,42,0,96,0,0,43,0,43,0,54,85,0,139,54,0,54,193
05/26/2006,CHO,VA,AEA,EN,Federal Contract Tower,0,60,50,0,110,0,0,50,0,50,0,60,100,0,160,46,0,46,206
05/27/2006,CHO,VA,AEA,EN,Federal Contract Tower,0,45,24,0,69,0,0,49,0,49,0,45,73,0,118,24,0,24,142
05/28/2006,CHO,VA,AEA,EN,Federal Contract Tower,0,43,17,0,60,0,0,84,4,88,0,43,101,4,148,30,4,34,182
05/29/2006,CHO,VA,AEA,EN,Federal Contract Tower,0,57,34,0,91,0,0,82,0,82,0,57,116,0,173,58,0,58,231
05/30/2006,CHO,VA,AEA,EN,Federal Contract Tower,0,54,30,0,84,0,0,78,0,78,0,54,108,0,162,64,0,64,226
05/31/2006,CHO,VA,AEA,EN,Federal Contract Tower,0,58,53,0,111,0,0,67,2,69,0,58,120,2,180,84,2,86,266
06/01/2006,CHO,VA,AEA,EN,Federal Contract Tower,0,49,35,3,87,0,0,43,0,43,0,49,78,3,130,61,0,61,191
06/02/2006,CHO,VA,AEA,EN,Federal Contract Tower,0,56,50,0,106,0,0,50,0,50,0,56,100,0,156,64,0,64,220
06/03/2006,CHO,VA,AEA,EN,Federal Contract Tower,0,42,32,0,74,0,0,25,0,25,0,42,57,0,99,14,0,14,113
06/04/2006,CHO,VA,AEA,EN,Federal Contract Tower,0,49,14,0,63,0,0,86,0,86,0,49,100,0,149,14,0,14,163
06/05/2006,CHO,VA,AEA,EN,Federal Contract Tower,0,56,31,0,87,0,0,59,0,59,0,56,90,0,146,32,0,32,178
06/06/2006,CHO,VA,AEA,EN,Federal Contract Tower,0,69,30,0,99,0,0,71,0,71,0,69,101,0,170,114,0,114,284
06/07/2006,CHO,VA,AEA,EN,Federal Contract Tower,0,59,34,2,95,0,0,66,0,66,0,59,100,2,161,76,4,80,241
06/08/2006,CHO,VA,AEA,EN,Federal Contract Tower,0,63,29,1,93,0,0,42,1,43,0,63,71,2,136,50,0,50,186
06/09/2006,CHO,VA,AEA,EN,Federal Contract Tower,0,82,40,2,124,0,5,60,0,65,0,87,100,2,189,40,4,44,233
06/10/2006,CHO,VA,AEA,EN,Federal Contract Tower,0,54,21,0,75,0,2,52,0,54,0,56,73,0,129,6,0,6,135
06/11/2006,CHO,VA,AEA,EN,Federal Contract Tower,0,64,23,0,87,0,0,236,0,236,0,64,259,0,323,52,0,52,375
06/12/2006,CHO,VA,AEA,EN,Federal Contract Tower,0,55,46,6,107,0,0,33,0,33,0,55,79,6,140,70,24,94,234
06/13/2006,CHO,VA,AEA,EN,Federal Contract Tower,0,57,31,0,88,0,0,84,0,84,0,57,115,0,172,88,0,88,260
06/14/2006,CHO,VA,AEA,EN,Federal Contract Tower,0,67,33,1,101,0,0,3,1,4,0,67,36,2,105,0,0,0,105
06/15/2006,CHO,VA,AEA,EN,Federal Contract Tower,0,62,42,0,104,0,0,76,6,82,0,62,118,6,186,77,4,81,267
06/16/2006,CHO,VA,AEA,EN,Federal Contract Tower,0,69,36,0,105,0,0,76,0,76,0,69,112,0,181,52,0,52,233
06/17/2006,CHO,VA,AEA,EN,Federal Contract Tower,0,45,34,0,79,0,0,53,0,53,0,45,87,0,132,34,0,34,166
06/18/2006,CHO,VA,AEA,EN,Federal Contract Tower,0,56,33,2,91,0,0,29,0,29,0,56,62,2,120,16,0,16,136
06/19/2006,CHO,VA,AEA,EN,Federal Contract Tower,0,51,27,0,78,0,0,23,0,23,0,51,50,0,101,26,0,26,127
06/20/2006,CHO,VA,AEA,EN,Federal Contract Tower,0,63,33,0,96,0,0,56,0,56,0,63,89,0,152,50,0,50,202
06/21/2006,CHO,VA,AEA,EN,Federal Contract Tower,0,56,46,8,110,0,0,54,0,54,0,56,100,8,164,116,8,124,288
06/22/2006,CHO,VA,AEA,EN,Federal Contract Tower,0,57,49,0,106,0,0,38,0,38,0,57,87,0,144,42,0,42,186
06/23/2006,CHO,VA,AEA,EN,Federal Contract Tower,0,54,29,12,95,0,0,24,0,24,0,54,53,12,119,14,20,34,153
06/24/2006,CHO,VA,AEA,EN,Federal Contract Tower,0,41,20,2,63,0,0,6,0,6,0,41,26,2,69,18,0,18,87
06/25/2006,CHO,VA,AEA,EN,Federal Contract Tower,0,48,24,0,72,0,0,1,3,4,0,48,25,3,76,20,0,20,96
06/26/2006,CHO,VA,AEA,EN,Federal Contract Tower,0,47,19,3,69,0,0,5,0,5,0,47,24,3,74,2,0,2,76
06/27/2006,CHO,VA,AEA,EN,Federal Contract Tower,0,51,22,0,73,0,0,0,0,0,0,51,22,0,73,0,0,0,73
06/28/2006,CHO,VA,AEA,EN,Federal Contract Tower,0,68,51,6,125,0,0,52,0,52,0,68,103,6,177,64,6,70,247
06/29/2006,CHO,VA,AEA,EN,Federal Contract Tower,0,65,33,2,100,0,0,53,0,53,0,65,86,2,153,40,23,63,216
06/30/2006,CHO,VA,AEA,EN,Federal Contract Tower,0,59,49,3,111,0,0,72,3,75,0,59,121,6,186,134,26,160,346
07/01/2006,CHO,VA,AEA,EN,Federal Contract Tower,0,46,36,2,84,0,0,61,0,61,0,46,97,2,145,58,0,58,203
07/02/2006,CHO,VA,AEA,EN,Federal Contract Tower,0,50,18,0,68,0,0,36,0,36,0,50,54,0,104,26,6,32,136
07/03/2006,CHO,VA,AEA,EN,Federal Contract Tower,0,45,12,0,57,0,0,49,1,50,0,45,61,1,107,16,0,16,123
07/04/2006,CHO,VA,AEA,EN,Federal Contract Tower,0,46,15,0,61,0,0,19,0,19,0,46,34,0,80,14,0,14,94
07/05/2006,CHO,VA,AEA,EN,Federal Contract Tower,0,55,26,8,89,0,0,15,0,15,0,55,41,8,104,12,8,20,124
07/06/2006,CHO,VA,AEA,EN,Federal Contract Tower,0,60,43,0,103,0,0,32,0,32,0,60,75,0,135,0,0,0,135
07/07/2006,CHO,VA,AEA,EN,Federal Contract Tower,0,57,22,4,83,0,0,88,0,88,0,57,110,4,171,60,4,64,235
07/08/2006,CHO,VA,AEA,EN,Federal Contract Tower,0,43,21,2,66,0,2,77,2,81,0,45,98,4,147,52,0,52,199
07/09/2006,CHO,VA,AEA,EN,Federal Contract Tower,0,50,22,0,72,0,0,54,0,54,0,50,76,0,126,12,0,12,138
07/10/2006,CHO,VA,AEA,EN,Federal Contract Tower,0,55,30,0,85,0,0,31,0,31,0,55,61,0,116,6,0,6,122
07/11/2006,CHO,VA,AEA,EN,Federal Contract Tower,0,60,19,2,81,0,0,46,0,46,0,60,65,2,127,58,2,60,187
07/12/2006,CHO,VA,AEA,EN,Federal Contract Tower,0,63,30,2,95,0,0,18,0,18,0,63,48,2,113,28,0,28,141
07/13/2006,CHO,VA,AEA,EN,Federal Contract Tower,0,57,54,0,111,0,0,19,0,19,0,57,73,0,130,6,0,6,136
07/14/2006,CHO,VA,AEA,EN,Federal Contract Tower,0,70,41,0,111,0,0,19,0,19,0,70,60,0,130,2,0,2,132
07/15/2006,CHO,VA,AEA,EN,Federal Contract Tower,0,52,29,0,81,0,0,50,0,50,0,52,79,0,131,38,0,38,169
07/16/2006,CHO,VA,AEA,EN,Federal Contract Tower,0,44,29,2,75,0,0,76,2,78,0,44,105,4,153,18,8,26,179
07/17/2006,CHO,VA,AEA,EN,Federal Contract Tower,0,52,30,2,84,0,0,80,1,81,0,52,110,3,165,66,2,68,233
07/18/2006,CHO,VA,AEA,EN,Federal Contract Tower,0,54,33,4,91,0,0,75,9,84,0,54,108,13,175,48,6,54,229
07/19/2006,CHO,VA,AEA,EN,Federal Contract Tower,0,62,23,6,91,0,0,42,0,42,0,62,65,6,133,60,16,76,209
07/20/2006,CHO,VA,AEA,EN,Federal Contract Tower,0,68,35,8,111,0,0,65,1,66,0,68,100,9,177,62,6,68,245
07/21/2006,CHO,VA,AEA,EN,Federal Contract Tower,0,64,35,6,105,0,0,55,0,55,0,64,90,6,160,40,4,44,204
07/22/2006,CHO,VA,AEA,EN,Federal Contract Tower,0,48,23,1,72,0,0,39,0,39,0,48,62,1,111,14,0,14,125
07/23/2006,CHO,VA,AEA,EN,Federal Contract Tower,0,50,48,0,98,0,0,61,2,63,0,50,109,2,161,22,0,22,183
07/24/2006,CHO,VA,AEA,EN,Federal Contract Tower,0,58,28,5,91,0,0,72,4,76,0,58,100,9,167,44,40,84,251
07/25/2006,CHO,VA,AEA,EN,Federal Contract Tower,0,64,26,6,96,0,0,12,0,12,0,64,38,6,108,14,6,20,128
07/26/2006,CHO,VA,AEA,EN,Federal Contract Tower,0,58,46,4,108,0,0,50,7,57,0,58,96,11,165,50,16,66,231
07/27/2006,CHO,VA,AEA,EN,Federal Contract Tower,0,60,25,0,85,0,0,52,2,54,0,60,77,2,139,56,0,56,195
07/28/2006,CHO,VA,AEA,EN,Federal Contract Tower,0,64,44,0,108,0,0,56,2,58,0,64,100,2,166,50,8,58,224
07/29/2006,CHO,VA,AEA,EN,Federal Contract Tower,0,46,29,1,76,0,0,69,0,69,0,46,98,1,145,38,0,38,183
07/30/2006,CHO,VA,AEA,EN,Federal Contract Tower,0,47,30,1,78,0,0,69,1,70,0,47,99,2,148,46,0,46,194
07/31/2006,CHO,VA,AEA,EN,Federal Contract Tower,0,46,24,0,70,0,0,38,3,41,0,46,62,3,111,62,0,62,173
08/01/2006,CHO,VA,AEA,EN,Federal Contract Tower,0,56,40,0,96,0,0,54,10,64,0,56,94,10,160,46,8,54,214
08/02/2006,CHO,VA,AEA,EN,Federal Contract Tower,0,59,44,0,103,0,0,37,1,38,0,59,81,1,141,92,0,92,233
08/03/2006,CHO,VA,AEA,EN,Federal Contract Tower,0,56,31,6,93,0,0,61,0,61,0,56,92,6,154,87,10,97,251
08/04/2006,CHO,VA,AEA,EN,Federal Contract Tower,0,68,37,1,106,0,0,63,1,64,0,68,100,2,170,60,0,60,230
08/05/2006,CHO,VA,AEA,EN,Federal Contract Tower,0,45,19,0,64,0,0,78,0,78,0,45,97,0,142,80,0,80,222
08/06/2006,CHO,VA,AEA,EN,Federal Contract Tower,0,47,17,0,64,0,0,100,0,100,0,47,117,0,164,62,0,62,226
08/07/2006,CHO,VA,AEA,EN,Federal Contract Tower,0,55,17,2,74,0,0,48,0,48,0,55,65,2,122,22,4,26,148
08/08/2006,CHO,VA,AEA,EN,Federal Contract Tower,0,57,38,4,99,0,0,46,2,48,0,57,84,6,147,28,0,28,175
08/09/2006,CHO,VA,AEA,EN,Federal Contract Tower,0,68,56,4,128,0,0,78,2,80,0,68,134,6,208,102,18,120,328
08/10/2006,CHO,VA,AEA,EN,Federal Contract Tower,0,65,37,0,102,0,0,8,0,8,0,65,45,0,110,20,0,20,130
08/11/2006,CHO,VA,AEA,EN,Federal Contract Tower,0,64,45,0,109,0,0,77,0,77,0,64,122,0,186,90,0,90,276
08/12/2006,CHO,VA,AEA,EN,Federal Contract Tower,0,46,15,0,61,0,0,85,0,85,0,46,100,0,146,102,0,102,248
08/13/2006,CHO,VA,AEA,EN,Federal Contract Tower,0,50,32,0,82,0,0,103,0,103,0,50,135,0,185,46,0,46,231
08/14/2006,CHO,VA,AEA,EN,Federal Contract Tower,0,58,24,2,84,0,0,73,0,73,0,58,97,2,157,50,2,52,209
08/15/2006,CHO,VA,AEA,EN,Federal Contract Tower,0,59,22,0,81,0,0,49,4,53,0,59,71,4,134,64,10,74,208
08/16/2006,CHO,VA,AEA,EN,Federal Contract Tower,0,51,35,0,86,0,0,74,0,74,0,51,109,0,160,98,0,98,258
08/17/2006,CHO,VA,AEA,EN,Federal Contract Tower,0,60,34,0,94,0,0,88,0,88,0,60,122,0,182,107,0,107,289
08/18/2006,CHO,VA,AEA,EN,Federal Contract Tower,0,62,40,4,106,0,0,100,0,100,0,62,140,4,206,60,20,80,286
08/19/2006,CHO,VA,AEA,EN,Federal Contract Tower,0,39,25,0,64,0,0,53,2,55,0,39,78,2,119,36,0,36,155
08/20/2006,CHO,VA,AEA,EN,Federal Contract Tower,0,51,32,2,85,0,0,49,0,49,0,51,81,2,134,36,0,36,170
08/21/2006,CHO,VA,AEA,EN,Federal Contract Tower,0,58,27,0,85,0,0,87,6,93,0,58,114,6,178,76,12,88,266
08/22/2006,CHO,VA,AEA,EN,Federal Contract Tower,0,58,15,6,79,0,0,71,2,73,0,58,86,8,152,52,20,72,224
08/23/2006,CHO,VA,AEA,EN,Federal Contract Tower,0,58,28,2,88,0,0,71,0,71,0,58,99,2,159,100,6,106,265
08/24/2006,CHO,VA,AEA,EN,Federal Contract Tower,0,56,53,8,117,0,0,55,0,55,0,56,108,8,172,68,16,84,256
08/25/2006,CHO,VA,AEA,EN,Federal Contract Tower,0,65,51,6,122,0,0,69,4,73,0,65,120,10,195,52,12,64,259
08/26/2006,CHO,VA,AEA,EN,Federal Contract Tower,0,44,22,2,68,0,0,85,0,85,0,44,107,2,153,68,10,78,231
08/27/2006,CHO,VA,AEA,EN,Federal Contract Tower,0,46,30,0,76,0,0,59,0,59,0,46,89,0,135,48,0,48,183
08/28/2006,CHO,VA,AEA,EN,Federal Contract Tower,0,54,36,2,92,0,0,51,0,51,0,54,87,2,143,8,18,26,169
08/29/2006,CHO,VA,AEA,EN,Federal Contract Tower,0,55,35,7,97,0,0,38,0,38,0,55,73,7,135,34,10,44,179
08/30/2006,CHO,VA,AEA,EN,Federal Contract Tower,0,62,36,0,98,0,0,36,0,36,0,62,72,0,134,60,0,60,194
08/31/2006,CHO,VA,AEA,EN,Federal Contract Tower,0,55,32,0,87,0,0,10,0,10,0,55,42,0,97,48,0,48,145
09/01/2006,CHO,VA,AEA,EN,Federal Contract Tower,0,55,22,0,77,0,0,0,0,0,0,55,22,0,77,0,0,0,77
09/02/2006,CHO,VA,AEA,EN,Federal Contract Tower,0,46,11,0,57,0,0,42,0,42,0,46,53,0,99,12,0,12,111
09/03/2006,CHO,VA,AEA,EN,Federal Contract Tower,0,37,28,0,65,0,0,71,0,71,0,37,99,0,136,56,0,56,192
09/04/2006,CHO,VA,AEA,EN,Federal Contract Tower,0,47,37,0,84,0,0,54,0,54,0,47,91,0,138,8,0,8,146
09/05/2006,CHO,VA,AEA,EN,Federal Contract Tower,0,54,29,2,85,0,0,1,0,1,0,54,30,2,86,0,0,0,86
09/06/2006,CHO,VA,AEA,EN,Federal Contract Tower,0,53,45,12,110,0,1,42,9,52,0,54,87,21,162,76,52,128,290
09/07/2006,CHO,VA,AEA,EN,Federal Contract Tower,0,52,37,8,97,0,0,54,2,56,0,52,91,10,153,55,6,61,214
09/08/2006,CHO,VA,AEA,EN,Federal Contract Tower,0,77,47,6,130,0,0,85,4,89,0,77,132,10,219,64,12,76,295
09/09/2006,CHO,VA,AEA,EN,Federal Contract Tower,0,52,42,0,94,0,0,88,2,90,0,52,130,2,184,35,0,35,219
09/10/2006,CHO,VA,AEA,EN,Federal Contract Tower,0,72,41,0,113,0,0,76,0,76,0,72,117,0,189,40,0,40,229
09/11/2006,CHO,VA,AEA,EN,Federal Contract Tower,0,49,49,0,98,0,0,3,0,3,0,49,52,0,101,0,0,0,101
09/12/2006,CHO,VA,AEA,EN,Federal Contract Tower,0,57,52,10,119,0,0,36,0,36,0,57,88,10,155,40,14,54,209
09/13/2006,CHO,VA,AEA,EN,Federal Contract Tower,0,65,41,0,106,0,0,0,0,0,0,65,41,0,106,0,0,0,106
09/14/2006,CHO,VA,AEA,EN,Federal Contract Tower,0,34,0,0,34,0,21,43,0,64,0,55,43,0,98,0,0,0,98
09/15/2006,CHO,VA,AEA,EN,Federal Contract Tower,3,62,53,2,120,0,0,82,11,93,3,62,135,13,213,50,12,62,275
09/16/2006,CHO,VA,AEA,EN,Federal Contract Tower,0,51,26,0,77,0,0,40,0,40,0,51,66,0,117,44,0,44,161
09/17/2006,CHO,VA,AEA,EN,Federal Contract Tower,0,47,29,0,76,0,0,125,0,125,0,47,154,0,201,66,0,66,267
09/18/2006,CHO,VA,AEA,EN,Federal Contract Tower,0,54,34,2,90,0,0,94,0,94,0,54,128,2,184,30,0,30,214
09/19/2006,CHO,VA,AEA,EN,Federal Contract Tower,0,57,45,10,112,0,0,44,0,44,0,57,89,10,156,70,10,80,236
09/20/2006,CHO,VA,AEA,EN,Federal Contract Tower,2,61,44,6,113,0,0,70,0,70,2,61,114,6,183,74,18,92,275
09/21/2006,CHO,VA,AEA,EN,Federal Contract Tower,0,69,51,5,125,0,0,70,4,74,0,69,121,9,199,64,14,78,277
09/22/2006,CHO,VA,AEA,EN,Federal Contract Tower,0,66,50,1,117,0,0,60,1,61,0,66,110,2,178,60,0,60,238
09/23/2006,CHO,VA,AEA,EN,Federal Contract Tower,0,49,35,0,84,0,0,37,0,37,0,49,72,0,121,6,0,6,127
09/24/2006,CHO,VA,AEA,EN,Federal Contract Tower,0,63,34,0,97,0,0,35,0,35,0,63,69,0,132,8,0,8,140
09/25/2006,CHO,VA,AEA,EN,Federal Contract Tower,0,54,39,1,94,0,0,81,0,81,0,54,120,1,175,86,6,92,267
09/26/2006,CHO,VA,AEA,EN,Federal Contract Tower,0,61,35,2,98,0,0,86,0,86,0,61,121,2,184,58,2,60,244
09/27/2006,CHO,VA,AEA,EN,Federal Contract Tower,0,53,46,1,100,0,0,85,0,85,0,53,131,1,185,82,0,82,267
09/28/2006,CHO,VA,AEA,EN,Federal Contract Tower,0,61,45,0,106,0,0,3,2,5,0,61,48,2,111,0,0,0,111
09/29/2006,CHO,VA,AEA,EN,Federal Contract Tower,0,85,66,5,156,0,0,54,5,59,0,85,120,10,215,20,12,32,247
09/30/2006,CHO,VA,AEA,EN,Federal Contract Tower,0,45,24,0,69,0,0,73,0,73,0,45,97,0,142,14,0,14,156
10/01/2006,CHO,VA,AEA,EN,Federal Contract Tower,0,57,69,0,126,0,0,56,0,56,0,57,125,0,182,12,0,12,194
10/02/2006,CHO,VA,AEA,EN,Federal Contract Tower,0,52,42,0,94,0,0,85,7,92,0,52,127,7,186,52,6,58,244
10/03/2006,CHO,VA,AEA,EN,Federal Contract Tower,0,52,30,3,85,0,0,77,11,88,0,52,107,14,173,80,30,110,283
10/04/2006,CHO,VA,AEA,EN,Federal Contract Tower,0,56,47,0,103,0,0,70,0,70,0,56,117,0,173,98,0,98,271
10/05/2006,CHO,VA,AEA,EN,Federal Contract Tower,0,58,33,10,101,0,0,44,0,44,0,58,77,10,145,30,28,58,203
10/06/2006,CHO,VA,AEA,EN,Federal Contract Tower,0,72,48,0,120,0,0,2,0,2,0,72,50,0,122,0,0,0,122
10/07/2006,CHO,VA,AEA,EN,Federal Contract Tower,0,54,12,0,66,0,0,0,2,2,0,54,12,2,68,0,0,0,68
10/08/2006,CHO,VA,AEA,EN,Federal Contract Tower,0,58,27,0,85,0,0,27,0,27,0,58,54,0,112,48,0,48,160
10/09/2006,CHO,VA,AEA,EN,Federal Contract Tower,0,66,46,0,112,0,0,114,0,114,0,66,160,0,226,64,0,64,290
10/10/2006,CHO,VA,AEA,EN,Federal Contract Tower,0,57,27,4,88,0,0,92,2,94,0,57,119,6,182,80,26,106,288
10/11/2006,CHO,VA,AEA,EN,Federal Contract Tower,0,52,33,9,94,0,0,27,0,27,0,52,60,9,121,74,0,74,195
10/12/2006,CHO,VA,AEA,EN,Federal Contract Tower,0,72,23,7,102,0,0,31,0,31,0,72,54,7,133,38,12,50,183
10/13/2006,CHO,VA,AEA,EN,Federal Contract Tower,0,60,41,10,111,0,0,99,2,101,0,60,140,12,212,130,14,144,356
10/14/2006,CHO,VA,AEA,EN,Federal Contract Tower,0,57,35,0,92,0,0,114,4,118,0,57,149,4,210,74,0,74,284
10/15/2006,CHO,VA,AEA,EN,Federal Contract Tower,0,66,24,0,90,0,0,88,2,90,0,66,112,2,180,28,0,28,208
10/16/2006,CHO,VA,AEA,EN,Federal Contract Tower,0,62,29,0,91,0,0,78,0,78,0,62,107,0,169,54,2,56,225
10/17/2006,CHO,VA,AEA,EN,Federal Contract Tower,0,52,30,0,82,0,0,0,0,0,0,52,30,0,82,0,0,0,82
10/18/2006,CHO,VA,AEA,EN,Federal Contract Tower,2,59,33,2,96,0,0,49,8,57,2,59,82,10,153,100,0,100,253
10/19/2006,CHO,VA,AEA,EN,Federal Contract Tower,0,75,53,2,130,0,0,2,0,2,0,75,55,2,132,0,0,0,132
10/20/2006,CHO,VA,AEA,EN,Federal Contract Tower,0,70,60,1,131,0,0,25,16,41,0,70,85,17,172,4,0,4,176
10/21/2006,CHO,VA,AEA,EN,Federal Contract Tower,0,53,53,0,106,0,0,125,0,125,0,53,178,0,231,70,0,70,301
10/22/2006,CHO,VA,AEA,EN,Federal Contract Tower,0,66,53,3,122,0,0,54,2,56,0,66,107,5,178,14,24,38,216
10/23/2006,CHO,VA,AEA,EN,Federal Contract Tower,0,66,40,5,111,0,0,49,6,55,0,66,89,11,166,64,0,64,230
10/24/2006,CHO,VA,AEA,EN,Federal Contract Tower,0,62,37,0,99,0,0,20,6,26,0,62,57,6,125,20,4,24,149
10/25/2006,CHO,VA,AEA,EN,Federal Contract Tower,0,53,37,0,90,0,0,31,2,33,0,53,68,2,123,4,0,4,127
10/26/2006,CHO,VA,AEA,EN,Federal Contract Tower,0,69,47,0,116,0,0,79,0,79,0,69,126,0,195,101,0,101,296
10/27/2006,CHO,VA,AEA,EN,Federal Contract Tower,1,67,43,3,114,0,0,0,0,0,1,67,43,3,114,0,0,0,114
10/28/2006,CHO,VA,AEA,EN,Federal Contract Tower,2,45,18,2,67,0,0,9,0,9,2,45,27,2,76,6,0,6,82
10/29/2006,CHO,VA,AEA,EN,Federal Contract Tower,0,48,44,1,93,0,0,20,0,20,0,48,64,1,113,4,0,4,117
10/30/2006,CHO,VA,AEA,EN,Federal Contract Tower,0,54,33,3,90,0,0,80,0,80,0,54,113,3,170,110,8,118,288
10/31/2006,CHO,VA,AEA,EN,Federal Contract Tower,0,53,23,4,80,0,0,53,3,56,0,53,76,7,136,96,0,96,232
11/01/2006,CHO,VA,AEA,EN,Federal Contract Tower,0,58,58,6,122,0,0,53,0,53,0,58,111,6,175,94,14,108,283
11/02/2006,CHO,VA,AEA,EN,Federal Contract Tower,0,70,42,8,120,0,0,28,3,31,0,70,70,11,151,18,14,32,183
11/03/2006,CHO,VA,AEA,EN,Federal Contract Tower,0,76,62,3,141,0,0,98,2,100,0,76,160,5,241,38,4,42,283
11/04/2006,CHO,VA,AEA,EN,Federal Contract Tower,2,46,27,0,75,0,0,99,3,102,2,46,126,3,177,36,6,42,219
11/05/2006,CHO,VA,AEA,EN,Federal Contract Tower,0,50,35,0,85,0,0,78,0,78,0,50,113,0,163,54,0,54,217
11/06/2006,CHO,VA,AEA,EN,Federal Contract Tower,0,50,28,0,78,0,0,82,0,82,0,50,110,0,160,60,0,60,220
11/07/2006,CHO,VA,AEA,EN,Federal Contract Tower,0,50,39,0,89,0,0,5,0,5,0,50,44,0,94,16,0,16,110
11/08/2006,CHO,VA,AEA,EN,Federal Contract Tower,0,50,42,0,92,0,0,3,0,3,0,50,45,0,95,0,0,0,95
11/09/2006,CHO,VA,AEA,EN,Federal Contract Tower,2,57,43,0,102,0,0,66,0,66,2,57,109,0,168,44,0,44,212
11/10/2006,CHO,VA,AEA,EN,Federal Contract Tower,0,78,43,0,121,0,0,152,4,156,0,78,195,4,277,52,8,60,337
11/11/2006,CHO,VA,AEA,EN,Federal Contract Tower,0,51,38,0,89,0,0,85,0,85,0,51,123,0,174,34,0,34,208
11/12/2006,CHO,VA,AEA,EN,Federal Contract Tower,0,60,51,0,111,0,0,1,0,1,0,60,52,0,112,0,0,0,112
11/13/2006,CHO,VA,AEA,EN,Federal Contract Tower,0,51,31,0,82,0,0,29,0,29,0,51,60,0,111,72,0,72,183
11/14/2006,CHO,VA,AEA,EN,Federal Contract Tower,0,53,30,6,89,0,0,73,1,74,0,53,103,7,163,84,10,94,257
11/15/2006,CHO,VA,AEA,EN,Federal Contract Tower,0,56,44,2,102,0,0,37,5,42,0,56,81,7,144,74,4,78,222
11/16/2006,CHO,VA,AEA,EN,Federal Contract Tower,0,54,29,0,83,0,3,0,0,3,0,57,29,0,86,0,0,0,86
11/17/2006,CHO,VA,AEA,EN,Federal Contract Tower,0,71,70,0,141,0,0,120,2,122,0,71,190,2,263,90,0,90,353
11/18/2006,CHO,VA,AEA,EN,Federal Contract Tower,0,48,30,0,78,0,0,93,2,95,0,48,123,2,173,88,0,88,261
11/19/2006,CHO,VA,AEA,EN,Federal Contract Tower,0,48,27,1,76,0,0,75,0,75,0,48,102,1,151,24,0,24,175
11/20/2006,CHO,VA,AEA,EN,Federal Contract Tower,0,53,34,0,87,0,0,62,0,62,0,53,96,0,149,54,18,72,221
11/21/2006,CHO,VA,AEA,EN,Federal Contract Tower,0,69,39,2,110,0,0,53,0,53,0,69,92,2,163,74,0,74,237
11/22/2006,CHO,VA,AEA,EN,Federal Contract Tower,0,73,28,3,104,0,0,3,0,3,0,73,31,3,107,0,0,0,107
11/23/2006,CHO,VA,AEA,EN,Federal Contract Tower,0,41,19,0,60,0,0,9,0,9,0,41,28,0,69,8,0,8,77
11/24/2006,CHO,VA,AEA,EN,Federal Contract Tower,0,40,21,1,62,0,0,94,0,94,0,40,115,1,156,40,0,40,196
11/25/2006,CHO,VA,AEA,EN,Federal Contract Tower,0,60,26,0,86,0,0,89,0,89,0,60,115,0,175,10,0,10,185
11/26/2006,CHO,VA,AEA,EN,Federal Contract Tower,0,53,58,0,111,0,0,108,0,108,0,53,166,0,219,26,0,26,245
11/27/2006,CHO,VA,AEA,EN,Federal Contract Tower,0,56,57,8,121,0,0,93,0,93,0,56,150,8,214,54,12,66,280
11/28/2006,CHO,VA,AEA,EN,Federal Contract Tower,0,55,39,5,99,0,0,76,0,76,0,55,115,5,175,86,22,108,283
11/29/2006,CHO,VA,AEA,EN,Federal Contract Tower,0,82,43,5,130,0,0,105,0,105,0,82,148,5,235,160,4,164,399
11/30/2006,CHO,VA,AEA,EN,Federal Contract Tower,0,61,54,4,119,0,0,33,4,37,0,61,87,8,156,20,0,20,176
12/01/2006,CHO,VA,AEA,EN,Federal Contract Tower,0,52,13,0,65,0,0,12,0,12,0,52,25,0,77,0,0,0,77
12/02/2006,CHO,VA,AEA,EN,Federal Contract Tower,0,50,25,4,79,0,0,95,2,97,0,50,120,6,176,90,10,100,276
12/03/2006,CHO,VA,AEA,EN,Federal Contract Tower,0,53,40,0,93,0,0,83,0,83,0,53,123,0,176,60,0,60,236
12/04/2006,CHO,VA,AEA,EN,Federal Contract Tower,0,55,20,6,81,0,0,55,2,57,0,55,75,8,138,24,8,32,170
12/05/2006,CHO,VA,AEA,EN,Federal Contract Tower,0,56,36,2,94,0,0,81,10,91,0,56,117,12,185,108,8,116,301
12/06/2006,CHO,VA,AEA,EN,Federal Contract Tower,0,50,29,5,84,0,0,71,0,71,0,50,100,5,155,92,12,104,259
12/07/2006,CHO,VA,AEA,EN,Federal Contract Tower,0,58,35,10,103,0,4,34,0,38,0,62,69,10,141,30,22,52,193
12/08/2006,CHO,VA,AEA,EN,Federal Contract Tower,0,59,32,1,92,0,0,40,1,41,0,59,72,2,133,14,6,20,153
12/09/2006,CHO,VA,AEA,EN,Federal Contract Tower,0,45,24,0,69,0,0,86,6,92,0,45,110,6,161,80,2,82,243
12/10/2006,CHO,VA,AEA,EN,Federal Contract Tower,0,53,34,0,87,0,0,74,2,76,0,53,108,2,163,54,0,54,217
12/11/2006,CHO,VA,AEA,EN,Federal Contract Tower,0,56,34,2,92,0,0,81,0,81,0,56,115,2,173,86,0,86,259
12/12/2006,CHO,VA,AEA,EN,Federal Contract Tower,0,59,42,8,109,0,0,91,5,96,0,59,133,13,205,62,30,92,297
12/13/2006,CHO,VA,AEA,EN,Federal Contract Tower,0,55,34,2,91,0,2,51,0,53,0,57,85,2,144,8,0,8,152
12/14/2006,CHO,VA,AEA,EN,Federal Contract Tower,0,65,24,2,91,0,0,61,0,61,0,65,85,2,152,76,14,90,242
12/15/2006,CHO,VA,AEA,EN,Federal Contract Tower,0,81,30,10,121,0,0,61,0,61,0,81,91,10,182,18,20,38,220
12/16/2006,CHO,VA,AEA,EN,Federal Contract Tower,0,50,25,0,75,0,0,90,0,90,0,50,115,0,165,50,0,50,215
12/17/2006,CHO,VA,AEA,EN,Federal Contract Tower,0,46,29,0,75,0,0,77,0,77,0,46,106,0,152,26,0,26,178
12/18/2006,CHO,VA,AEA,EN,Federal Contract Tower,0,60,31,6,97,0,0,67,10,77,0,60,98,16,174,40,44,84,258
12/19/2006,CHO,VA,AEA,EN,Federal Contract Tower,0,53,32,0,85,0,0,61,2,63,0,53,93,2,148,46,4,50,198
12/20/2006,CHO,VA,AEA,EN,Federal Contract Tower,0,55,23,5,83,0,0,93,2,95,0,55,116,7,178,92,18,110,288
12/21/2006,CHO,VA,AEA,EN,Federal Contract Tower,0,56,28,10,94,0,0,35,0,35,0,56,63,10,129,28,8,36,165
12/22/2006,CHO,VA,AEA,EN,Federal Contract Tower,0,53,22,0,75,0,0,0,0,0,0,53,22,0,75,0,0,0,75
12/23/2006,CHO,VA,AEA,EN,Federal Contract Tower,0,40,23,0,63,0,0,42,0,42,0,40,65,0,105,0,0,0,105
12/24/2006,CHO,VA,AEA,EN,Federal Contract Tower,0,31,12,0,43,0,0,50,0,50,0,31,62,0,93,10,0,10,103
12/25/2006,CHO,VA,AEA,EN,Federal Contract Tower,0,34,5,0,39,0,0,1,0,1,0,34,6,0,40,0,0,0,40
12/26/2006,CHO,VA,AEA,EN,Federal Contract Tower,0,54,18,0,72,0,0,32,0,32,0,54,50,0,104,30,0,30,134
12/27/2006,CHO,VA,AEA,EN,Federal Contract Tower,0,58,17,2,77,0,0,41,2,43,0,58,58,4,120,4,30,34,154
12/28/2006,CHO,VA,AEA,EN,Federal Contract Tower,0,56,27,3,86,0,0,77,3,80,0,56,104,6,166,64,18,82,248
12/29/2006,CHO,VA,AEA,EN,Federal Contract Tower,0,48,12,2,62,0,0,62,0,62,0,48,74,2,124,30,6,36,160
12/30/2006,CHO,VA,AEA,EN,Federal Contract Tower,0,52,15,0,67,0,0,75,0,75,0,52,90,0,142,78,0,78,220
12/31/2006,CHO,VA,AEA,EN,Federal Contract Tower,0,39,9,0,48,0,0,25,0,25,0,39,34,0,73,26,0,26,99
01/01/2007,CHO,VA,AEA,EN,Federal Contract Tower,0,42,23,0,65,0,0,1,0,1,0,42,24,0,66,0,0,0,66
01/02/2007,CHO,VA,AEA,EN,Federal Contract Tower,0,49,27,2,78,0,0,40,0,40,0,49,67,2,118,16,0,16,134
01/03/2007,CHO,VA,AEA,EN,Federal Contract Tower,0,57,42,15,114,0,0,70,0,70,0,57,112,15,184,62,28,90,274
01/04/2007,CHO,VA,AEA,EN,Federal Contract Tower,0,59,18,14,91,0,0,73,6,79,0,59,91,20,170,56,10,66,236
01/05/2007,CHO,VA,AEA,EN,Federal Contract Tower,0,50,25,0,75,0,0,0,0,0,0,50,25,0,75,0,0,0,75
01/06/2007,CHO,VA,AEA,EN,Federal Contract Tower,0,40,25,1,66,0,0,65,0,65,0,40,90,1,131,6,0,6,137
01/07/2007,CHO,VA,AEA,EN,Federal Contract Tower,0,46,19,0,65,0,0,35,0,35,0,46,54,0,100,22,0,22,122
01/08/2007,CHO,VA,AEA,EN,Federal Contract Tower,0,56,28,13,97,0,0,22,0,22,0,56,50,13,119,12,22,34,153
01/09/2007,CHO,VA,AEA,EN,Federal Contract Tower,0,45,21,0,66,0,0,48,0,48,0,45,69,0,114,20,0,20,134
01/10/2007,CHO,VA,AEA,EN,Federal Contract Tower,0,52,23,9,84,0,0,45,0,45,0,52,68,9,129,20,32,52,181
01/11/2007,CHO,VA,AEA,EN,Federal Contract Tower,0,60,27,2,89,0,0,69,0,69,0,60,96,2,158,50,8,58,216
01/12/2007,CHO,VA,AEA,EN,Federal Contract Tower,0,60,27,6,93,0,0,30,2,32,0,60,57,8,125,14,18,32,157
01/13/2007,CHO,VA,AEA,EN,Federal Contract Tower,0,51,11,0,62,0,0,56,0,56,0,51,67,0,118,100,0,100,218
01/14/2007,CHO,VA,AEA,EN,Federal Contract Tower,0,40,17,0,57,0,0,68,0,68,0,40,85,0,125,24,0,24,149
01/15/2007,CHO,VA,AEA,EN,Federal Contract Tower,0,58,35,0,93,0,0,49,0,49,0,58,84,0,142,44,0,44,186
01/16/2007,CHO,VA,AEA,EN,Federal Contract Tower,0,53,34,5,92,0,0,19,4,23,0,53,53,9,115,10,4,14,129
01/17/2007,CHO,VA,AEA,EN,Federal Contract Tower,0,50,44,8,102,0,0,56,0,56,0,50,100,8,158,56,4,60,218
01/18/2007,CHO,VA,AEA,EN,Federal Contract Tower,0,57,14,0,71,0,0,41,0,41,0,57,55,0,112,36,0,36,148
01/19/2007,CHO,VA,AEA,EN,Federal Contract Tower,0,61,30,8,99,0,0,16,0,16,0,61,46,8,115,18,8,26,141
01/20/2007,CHO,VA,AEA,EN,Federal Contract Tower,0,45,14,0,59,0,0,36,0,36,0,45,50,0,95,0,0,0,95
01/21/2007,CHO,VA,AEA,EN,Federal Contract Tower,0,45,12,0,57,0,0,2,0,2,0,45,14,0,59,0,0,0,59
01/22/2007,CHO,VA,AEA,EN,Federal Contract Tower,0,9,7,0,16,0,0,0,0,0,0,9,7,0,16,0,0,0,16
01/23/2007,CHO,VA,AEA,EN,Federal Contract Tower,0,44,40,0,84,0,0,53,0,53,0,44,93,0,137,26,2,28,165
01/24/2007,CHO,VA,AEA,EN,Federal Contract Tower,0,57,15,2,74,0,0,31,0,31,0,57,46,2,105,84,0,84,189
01/25/2007,CHO,VA,AEA,EN,Federal Contract Tower,0,60,34,7,101,0,0,9,1,10,0,60,43,8,111,26,4,30,141
01/26/2007,CHO,VA,AEA,EN,Federal Contract Tower,0,72,36,0,108,0,0,48,0,48,0,72,84,0,156,44,0,44,200
01/27/2007,CHO,VA,AEA,EN,Federal Contract Tower,0,67,28,0,95,0,0,107,0,107,0,67,135,0,202,60,0,60,262
01/28/2007,CHO,VA,AEA,EN,Federal Contract Tower,0,51,20,0,71,0,0,24,0,24,0,51,44,0,95,40,0,40,135
01/29/2007,CHO,VA,AEA,EN,Federal Contract Tower,0,53,23,6,82,0,0,26,0,26,0,53,49,6,108,20,0,20,128
01/30/2007,CHO,VA,AEA,EN,Federal Contract Tower,0,50,33,1,84,0,0,51,3,54,0,50,84,4,138,60,4,64,202
01/31/2007,CHO,VA,AEA,EN,Federal Contract Tower,0,58,26,3,87,0,0,63,2,65,0,58,89,5,152,52,5,57,209
02/01/2007,CHO,VA,AEA,EN,Federal Contract Tower,0,55,29,0,84,0,0,11,0,11,0,55,40,0,95,8,0,8,103
02/02/2007,CHO,VA,AEA,EN,Federal Contract Tower,0,57,35,3,95,0,0,6,0,6,0,57,41,3,101,20,0,20,121
02/03/2007,CHO,VA,AEA,EN,Federal Contract Tower,0,47,32,0,79,0,0,34,0,34,0,47,66,0,113,20,0,20,133
02/04/2007,CHO,VA,AEA,EN,Federal Contract Tower,0,40,21,0,61,0,0,23,0,23,0,40,44,0,84,10,0,10,94
02/05/2007,CHO,VA,AEA,EN,Federal Contract Tower,0,53,33,0,86,0,0,29,2,31,0,53,62,2,117,16,0,16,133
02/06/2007,CHO,VA,AEA,EN,Federal Contract Tower,0,46,24,3,73,0,0,45,3,48,0,46,69,6,121,48,8,56,177
02/07/2007,CHO,VA,AEA,EN,Federal Contract Tower,0,54,31,4,89,0,0,21,0,21,0,54,52,4,110,32,0,32,142
02/08/2007,CHO,VA,AEA,EN,Federal Contract Tower,0,67,30,0,97,0,0,25,3,28,0,67,55,3,125,36,6,42,167
02/09/2007,CHO,VA,AEA,EN,Federal Contract Tower,0,57,41,0,98,0,0,62,10,72,0,57,103,10,170,62,4,66,236
02/10/2007,CHO,VA,AEA,EN,Federal Contract Tower,0,45,10,0,55,0,0,75,0,75,0,45,85,0,130,36,0,36,166
02/11/2007,CHO,VA,AEA,EN,Federal Contract Tower,0,61,30,0,91,0,0,90,0,90,0,61,120,0,181,70,0,70,251
02/12/2007,CHO,VA,AEA,EN,Federal Contract Tower,0,64,35,5,104,0,0,51,2,53,0,64,86,7,157,22,2,24,181
02/13/2007,CHO,VA,AEA,EN,Federal Contract Tower,0,34,40,0,74,0,0,0,0,0,0,34,40,0,74,0,0,0,74
02/14/2007,CHO,VA,AEA,EN,Federal Contract Tower,0,32,10,4,46,0,0,2,0,2,0,32,12,4,48,0,0,0,48
02/15/2007,CHO,VA,AEA,EN,Federal Contract Tower,0,61,17,0,78,0,0,33,0,33,0,61,50,0,111,22,0,22,133
02/16/2007,CHO,VA,AEA,EN,Federal Contract Tower,0,56,28,0,84,0,0,66,6,72,0,56,94,6,156,26,50,76,232
02/17/2007,CHO,VA,AEA,EN,Federal Contract Tower,0,54,21,0,75,0,0,96,4,100,0,54,117,4,175,40,6,46,221
02/18/2007,CHO,VA,AEA,EN,Federal Contract Tower,0,49,20,0,69,0,0,15,0,15,0,49,35,0,84,2,0,2,86
02/19/2007,CHO,VA,AEA,EN,Federal Contract Tower,0,62,42,0,104,0,0,76,0,76,0,62,118,0,180,36,0,36,216
02/20/2007,CHO,VA,AEA,EN,Federal Contract Tower,0,62,30,3,95,0,0,35,0,35,0,62,65,3,130,0,4,4,134
02/21/2007,CHO,VA,AEA,EN,Federal Contract Tower,0,61,46,0,107,0,0,68,0,68,0,61,114,0,175,60,0,60,235
02/22/2007,CHO,VA,AEA,EN,Federal Contract Tower,0,63,30,9,102,0,0,20,4,24,0,63,50,13,126,4,18,22,148
02/23/2007,CHO,VA,AEA,EN,Federal Contract Tower,0,78,26,0,104,0,0,15,0,15,0,78,41,0,119,21,0,21,140
02/24/2007,CHO,VA,AEA,EN,Federal Contract Tower,0,54,46,0,100,0,0,114,0,114,0,54,160,0,214,74,0,74,288
02/25/2007,CHO,VA,AEA,EN,Federal Contract Tower,0,50,26,0,76,0,0,0,0,0,0,50,26,0,76,0,0,0,76
02/26/2007,CHO,VA,AEA,EN,Federal Contract Tower,0,62,28,0,90,0,0,31,0,31,0,62,59,0,121,14,0,14,135
02/27/2007,CHO,VA,AEA,EN,Federal Contract Tower,0,55,46,1,102,0,0,55,3,58,0,55,101,4,160,32,4,36,196
02/28/2007,CHO,VA,AEA,EN,Federal Contract Tower,0,73,39,7,119,0,0,113,1,114,0,73,152,8,233,44,6,50,283
03/01/2007,CHO,VA,AEA,EN,Federal Contract Tower,0,64,45,4,113,0,0,29,0,29,0,64,74,4,142,26,0,26,168
03/02/2007,CHO,VA,AEA,EN,Federal Contract Tower,0,68,37,6,111,0,0,13,0,13,0,68,50,6,124,4,12,16,140
03/03/2007,CHO,VA,AEA,EN,Federal Contract Tower,0,62,26,0,88,0,0,29,0,29,0,62,55,0,117,0,0,0,117
03/04/2007,CHO,VA,AEA,EN,Federal Contract Tower,0,46,15,0,61,0,0,20,0,20,0,46,35,0,81,0,0,0,81
03/05/2007,CHO,VA,AEA,EN,Federal Contract Tower,0,51,18,0,69,0,0,22,2,24,0,51,40,2,93,12,0,12,105
03/06/2007,CHO,VA,AEA,EN,Federal Contract Tower,0,54,35,0,89,0,0,74,2,76,0,54,109,2,165,62,6,68,233
03/07/2007,CHO,VA,AEA,EN,Federal Contract Tower,0,55,16,2,73,0,0,49,2,51,0,55,65,4,124,38,2,40,164
03/08/2007,CHO,VA,AEA,EN,Federal Contract Tower,0,62,46,2,110,0,0,59,0,59,0,62,105,2,169,82,2,84,253
03/09/2007,CHO,VA,AEA,EN,Federal Contract Tower,0,53,42,0,95,0,0,73,0,73,0,53,115,0,168,90,0,90,258
03/10/2007,CHO,VA,AEA,EN,Federal Contract Tower,0,47,35,0,82,0,1,61,0,62,0,48,96,0,144,12,0,12,156
03/11/2007,CHO,VA,AEA,EN,Federal Contract Tower,0,47,37,0,84,0,0,80,0,80,0,47,117,0,164,2,0,2,166
03/12/2007,CHO,VA,AEA,EN,Federal Contract Tower,0,60,30,2,92,0,0,85,4,89,0,60,115,6,181,102,24,126,307
03/13/2007,CHO,VA,AEA,EN,Federal Contract Tower,0,61,20,0,81,0,0,74,0,74,0,61,94,0,155,62,0,62,217
03/14/2007,CHO,VA,AEA,EN,Federal Contract Tower,0,55,22,6,83,0,0,42,0,42,0,55,64,6,125,20,8,28,153
03/15/2007,CHO,VA,AEA,EN,Federal Contract Tower,0,59,42,4,105,0,0,52,2,54,0,59,94,6,159,56,10,66,225
03/16/2007,CHO,VA,AEA,EN,Federal Contract Tower,0,45,26,0,71,0,0,3,0,3,0,45,29,0,74,0,0,0,74
03/17/2007,CHO,VA,AEA,EN,Federal Contract Tower,0,40,16,0,56,0,0,14,0,14,0,40,30,0,70,0,0,0,70
03/18/2007,CHO,VA,AEA,EN,Federal Contract Tower,0,55,40,0,95,0,0,45,2,47,0,55,85,2,142,2,0,2,144
03/19/2007,CHO,VA,AEA,EN,Federal Contract Tower,0,57,20,0,77,0,0,45,0,45,0,57,65,0,122,0,0,0,122
03/20/2007,CHO,VA,AEA,EN,Federal Contract Tower,0,54,37,0,91,0,0,68,0,68,0,54,105,0,159,50,0,50,209
03/21/2007,CHO,VA,AEA,EN,Federal Contract Tower,0,65,57,11,133,0,0,66,2,68,0,65,123,13,201,48,20,68,269
03/22/2007,CHO,VA,AEA,EN,Federal Contract Tower,0,56,40,0,96,0,0,43,3,46,0,56,83,3,142,18,0,18,160
03/23/2007,CHO,VA,AEA,EN,Federal Contract Tower,0,60,40,0,100,0,0,64,6,70,0,60,104,6,170,80,0,80,250
03/24/2007,CHO,VA,AEA,EN,Federal Contract Tower,0,49,41,0,90,0,0,39,0,39,0,49,80,0,129,0,0,0,129
03/25/2007,CHO,VA,AEA,EN,Federal Contract Tower,0,55,39,0,94,0,0,96,2,98,0,55,135,2,192,82,0,82,274
03/26/2007,CHO,VA,AEA,EN,Federal Contract Tower,0,55,34,2,91,0,0,51,2,53,0,55,85,4,144,30,0,30,174
03/27/2007,CHO,VA,AEA,EN,Federal Contract Tower,0,63,35,5,103,0,0,75,17,92,0,63,110,22,195,62,28,90,285
03/28/2007,CHO,VA,AEA,EN,Federal Contract Tower,0,60,16,4,80,0,0,41,2,43,0,60,57,6,123,84,22,106,229
03/29/2007,CHO,VA,AEA,EN,Federal Contract Tower,0,67,52,10,129,0,0,70,2,72,0,67,122,12,201,34,18,52,253
03/30/2007,CHO,VA,AEA,EN,Federal Contract Tower,0,62,44,5,111,0,0,72,2,74,0,62,116,7,185,32,8,40,225
03/31/2007,CHO,VA,AEA,EN,Federal Contract Tower,0,50,42,0,92,0,0,118,1,119,0,50,160,1,211,36,0,36,247
04/01/2007,CHO,VA,AEA,EN,Federal Contract Tower,0,55,35,0,90,0,0,15,0,15,0,55,50,0,105,2,0,2,107
04/02/2007,CHO,VA,AEA,EN,Federal Contract Tower,0,55,22,2,79,0,0,73,0,73,0,55,95,2,152,64,6,70,222
04/03/2007,CHO,VA,AEA,EN,Federal Contract Tower,0,54,56,0,110,0,0,49,2,51,0,54,105,2,161,32,16,48,209
04/04/2007,CHO,VA,AEA,EN,Federal Contract Tower,0,72,18,2,92,0,0,29,0,29,0,72,47,2,121,34,4,38,159
04/05/2007,CHO,VA,AEA,EN,Federal Contract Tower,0,73,40,0,113,0,0,26,4,30,0,73,66,4,143,22,0,22,165
04/06/2007,CHO,VA,AEA,EN,Federal Contract Tower,0,61,38,0,99,0,0,59,0,59,0,61,97,0,158,57,0,57,215
04/07/2007,CHO,VA,AEA,EN,Federal Contract Tower,0,39,13,0,52,0,0,17,0,17,0,39,30,0,69,13,0,13,82
04/08/2007,CHO,VA,AEA,EN,Federal Contract Tower,0,52,34,0,86,0,0,46,0,46,0,52,80,0,132,12,0,12,144
04/09/2007,CHO,VA,AEA,EN,Federal Contract Tower,0,62,52,0,114,0,0,28,0,28,0,62,80,0,142,110,0,110,252
04/10/2007,CHO,VA,AEA,EN,Federal Contract Tower,0,58,25,2,85,0,0,90,2,92,0,58,115,4,177,66,22,88,265
04/11/2007,CHO,VA,AEA,EN,Federal Contract Tower,0,58,35,0,93,0,0,29,12,41,0,58,64,12,134,0,0,0,134
04/12/2007,CHO,VA,AEA,EN,Federal Contract Tower,0,64,42,2,108,0,0,22,0,22,0,64,64,2,130,30,0,30,160
04/13/2007,CHO,VA,AEA,EN,Federal Contract Tower,0,79,53,5,137,0,0,33,0,33,0,79,86,5,170,50,8,58,228
04/14/2007,CHO,VA,AEA,EN,Federal Contract Tower,0,50,36,0,86,0,0,0,0,0,0,50,36,0,86,12,0,12,98
04/15/2007,CHO,VA,AEA,EN,Federal Contract Tower,0,47,31,0,78,0,0,0,0,0,0,47,31,0,78,0,0,0,78
04/16/2007,CHO,VA,AEA,EN,Federal Contract Tower,0,57,12,0,69,0,0,0,0,0,0,57,12,0,69,0,0,0,69
04/17/2007,CHO,VA,AEA,EN,Federal Contract Tower,0,49,45,6,100,0,0,21,10,31,0,49,66,16,131,0,0,0,131
04/18/2007,CHO,VA,AEA,EN,Federal Contract Tower,0,67,38,1,106,0,0,78,1,79,0,67,116,2,185,26,2,28,213
04/19/2007,CHO,VA,AEA,EN,Federal Contract Tower,0,65,49,1,115,0,0,50,9,59,0,65,99,10,174,44,16,60,234
04/20/2007,CHO,VA,AEA,EN,Federal Contract Tower,0,78,64,10,152,0,0,114,4,118,0,78,178,14,270,86,14,100,370
04/21/2007,CHO,VA,AEA,EN,Federal Contract Tower,0,52,26,0,78,0,0,127,10,137,0,52,153,10,215,66,0,66,281
04/22/2007,CHO,VA,AEA,EN,Federal Contract Tower,0,56,44,0,100,0,0,116,0,116,0,56,160,0,216,70,0,70,286
04/23/2007,CHO,VA,AEA,EN,Federal Contract Tower,0,63,38,6,107,0,0,68,0,68,0,63,106,6,175,40,0,40,215
04/24/2007,CHO,VA,AEA,EN,Federal Contract Tower,0,60,39,0,99,0,0,70,0,70,0,60,109,0,169,56,0,56,225
04/25/2007,CHO,VA,AEA,EN,Federal Contract Tower,0,48,40,0,88,0,0,38,0,38,0,48,78,0,126,24,14,38,164
04/26/2007,CHO,VA,AEA,EN,Federal Contract Tower,0,69,45,2,116,0,0,23,0,23,0,69,68,2,139,0,4,4,143
04/27/2007,CHO,VA,AEA,EN,Federal Contract Tower,0,64,59,2,125,0,0,8,0,8,0,64,67,2,133,4,0,4,137
04/28/2007,CHO,VA,AEA,EN,Federal Contract Tower,0,53,44,0,97,0,1,56,0,57,0,54,100,0,154,40,0,40,194
04/29/2007,CHO,VA,AEA,EN,Federal Contract Tower,0,59,43,0,102,0,0,77,0,77,0,59,120,0,179,4,0,4,183
04/30/2007,CHO,VA,AEA,EN,Federal Contract Tower,0,54,27,0,81,0,0,73,0,73,0,54,100,0,154,30,0,30,184
05/01/2007,CHO,VA,AEA,EN,Federal Contract Tower,0,62,23,2,87,0,0,93,2,95,0,62,116,4,182,28,8,36,218
05/02/2007,CHO,VA,AEA,EN,Federal Contract Tower,0,53,43,0,96,0,0,60,6,66,0,53,103,6,162,68,6,74,236
05/03/2007,CHO,VA,AEA,EN,Federal Contract Tower,0,66,52,1,119,0,0,38,0,38,0,66,90,1,157,44,0,44,201
05/04/2007,CHO,VA,AEA,EN,Federal Contract Tower,4,72,44,6,126,0,0,75,1,76,4,72,119,7,202,16,0,16,218
05/05/2007,CHO,VA,AEA,EN,Federal Contract Tower,0,45,25,0,70,0,0,42,0,42,0,45,67,0,112,78,0,78,190
05/06/2007,CHO,VA,AEA,EN,Federal Contract Tower,0,48,29,1,78,0,0,51,7,58,0,48,80,8,136,8,10,18,154
05/07/2007,CHO,VA,AEA,EN,Federal Contract Tower,0,56,20,0,76,0,0,85,2,87,0,56,105,2,163,40,0,40,203
05/08/2007,CHO,VA,AEA,EN,Federal Contract Tower,0,60,35,3,98,0,0,100,0,100,0,60,135,3,198,66,0,66,264
05/09/2007,CHO,VA,AEA,EN,Federal Contract Tower,0,64,47,4,115,0,0,40,0,40,0,64,87,4,155,26,14,40,195
05/10/2007,CHO,VA,AEA,EN,Federal Contract Tower,0,66,52,6,124,0,0,66,0,66,0,66,118,6,190,40,28,68,258
05/11/2007,CHO,VA,AEA,EN,Federal Contract Tower,0,65,55,6,126,0,0,49,5,54,0,65,104,11,180,48,8,56,236
05/12/2007,CHO,VA,AEA,EN,Federal Contract Tower,0,42,38,0,80,0,0,56,3,59,0,42,94,3,139,32,0,32,171
05/13/2007,CHO,VA,AEA,EN,Federal Contract Tower,0,52,34,0,86,0,0,76,3,79,0,52,110,3,165,20,0,20,185
05/14/2007,CHO,VA,AEA,EN,Federal Contract Tower,0,67,37,0,104,0,0,113,5,118,0,67,150,5,222,70,14,84,306
05/15/2007,CHO,VA,AEA,EN,Federal Contract Tower,0,69,55,0,124,0,0,55,1,56,0,69,110,1,180,72,6,78,258
05/16/2007,CHO,VA,AEA,EN,Federal Contract Tower,0,60,38,2,100,0,0,31,0,31,0,60,69,2,131,26,2,28,159
05/17/2007,CHO,VA,AEA,EN,Federal Contract Tower,0,61,44,0,105,0,0,69,4,73,0,61,113,4,178,20,10,30,208
05/18/2007,CHO,VA,AEA,EN,Federal Contract Tower,0,61,48,4,113,0,0,3,0,3,0,61,51,4,116,0,0,0,116
05/19/2007,CHO,VA,AEA,EN,Federal Contract Tower,0,55,27,2,84,0,0,84,0,84,0,55,111,2,168,42,0,42,210
05/20/2007,CHO,VA,AEA,EN,Federal Contract Tower,0,56,57,1,114,0,0,78,0,78,0,56,135,1,192,30,0,30,222
05/21/2007,CHO,VA,AEA,EN,Federal Contract Tower,0,75,49,0,124,0,0,61,0,61,0,75,110,0,185,20,0,20,205
05/22/2007,CHO,VA,AEA,EN,Federal Contract Tower,0,62,27,3,92,0,0,76,3,79,0,62,103,6,171,44,14,58,229
05/23/2007,CHO,VA,AEA,EN,Federal Contract Tower,0,58,39,0,97,0,0,52,0,52,0,58,91,0,149,36,0,36,185
05/24/2007,CHO,VA,AEA,EN,Federal Contract Tower,0,71,52,4,127,0,0,79,1,80,0,71,131,5,207,56,4,60,267
05/25/2007,CHO,VA,AEA,EN,Federal Contract Tower,0,78,60,0,138,0,2,86,0,88,0,80,146,0,226,84,0,84,310
05/26/2007,CHO,VA,AEA,EN,Federal Contract Tower,0,48,28,0,76,0,0,74,0,74,0,48,102,0,150,56,0,56,206
05/27/2007,CHO,VA,AEA,EN,Federal Contract Tower,0,39,29,0,68,0,0,81,0,81,0,39,110,0,149,66,0,66,215
05/28/2007,CHO,VA,AEA,EN,Federal Contract Tower,0,55,35,0,90,0,0,75,0,75,0,55,110,0,165,20,0,20,185
05/29/2007,CHO,VA,AEA,EN,Federal Contract Tower,0,57,37,2,96,0,0,93,1,94,0,57,130,3,190,28,2,30,220
05/30/2007,CHO,VA,AEA,EN,Federal Contract Tower,0,59,46,8,113,0,0,57,0,57,0,59,103,8,170,62,4,66,236
05/31/2007,CHO,VA,AEA,EN,Federal Contract Tower,0,57,42,10,109,0,0,42,0,42,0,57,84,10,151,30,12,42,193
06/01/2007,CHO,VA,AEA,EN,Federal Contract Tower,0,75,52,4,131,0,0,64,0,64,0,75,116,4,195,42,4,46,241
06/02/2007,CHO,VA,AEA,EN,Federal Contract Tower,0,46,38,0,84,0,0,82,0,82,0,46,120,0,166,52,0,52,218
06/03/2007,CHO,VA,AEA,EN,Federal Contract Tower,0,53,40,1,94,0,0,0,0,0,0,53,40,1,94,10,0,10,104
06/04/2007,CHO,VA,AEA,EN,Federal Contract Tower,0,63,24,5,92,0,0,57,2,59,0,63,81,7,151,0,4,4,155
06/05/2007,CHO,VA,AEA,EN,Federal Contract Tower,2,47,26,1,76,0,0,61,0,61,2,47,87,1,137,32,0,32,169
06/06/2007,CHO,VA,AEA,EN,Federal Contract Tower,0,55,40,2,97,0,0,53,0,53,0,55,93,2,150,16,0,16,166
06/07/2007,CHO,VA,AEA,EN,Federal Contract Tower,0,57,47,0,104,0,0,84,2,86,0,57,131,2,190,72,0,72,262
06/08/2007,CHO,VA,AEA,EN,Federal Contract Tower,0,58,48,2,108,0,0,57,1,58,0,58,105,3,166,78,14,92,258
06/09/2007,CHO,VA,AEA,EN,Federal Contract Tower,0,53,34,0,87,0,0,278,0,278,0,53,312,0,365,58,0,58,423
06/10/2007,CHO,VA,AEA,EN,Federal Contract Tower,0,52,17,0,69,0,0,108,0,108,0,52,125,0,177,70,0,70,247
06/11/2007,CHO,VA,AEA,EN,Federal Contract Tower,0,56,30,8,94,0,0,70,0,70,0,56,100,8,164,14,0,14,178
06/12/2007,CHO,VA,AEA,EN,Federal Contract Tower,0,55,22,0,77,0,0,42,0,42,0,55,64,0,119,20,0,20,139
06/13/2007,CHO,VA,AEA,EN,Federal Contract Tower,0,60,35,4,99,0,0,47,0,47,0,60,82,4,146,12,10,22,168
06/14/2007,CHO,VA,AEA,EN,Federal Contract Tower,0,69,45,2,116,0,0,0,0,0,0,69,45,2,116,0,0,0,116
06/15/2007,CHO,VA,AEA,EN,Federal Contract Tower,0,70,47,0,117,0,0,23,0,23,0,70,70,0,140,0,0,0,140
06/16/2007,CHO,VA,AEA,EN,Federal Contract Tower,0,42,35,0,77,0,0,84,12,96,0,42,119,12,173,26,0,26,199
06/17/2007,CHO,VA,AEA,EN,Federal Contract Tower,0,46,31,0,77,0,0,104,0,104,0,46,135,0,181,70,0,70,251
06/18/2007,CHO,VA,AEA,EN,Federal Contract Tower,0,58,30,3,91,0,0,58,1,59,0,58,88,4,150,40,4,44,194
06/19/2007,CHO,VA,AEA,EN,Federal Contract Tower,0,62,29,2,93,0,0,55,0,55,0,62,84,2,148,0,0,0,148
06/20/2007,CHO,VA,AEA,EN,Federal Contract Tower,0,54,40,6,100,0,0,82,0,82,0,54,122,6,182,68,10,78,260
06/21/2007,CHO,VA,AEA,EN,Federal Contract Tower,0,54,48,6,108,0,0,91,0,91,0,54,139,6,199,88,16,104,303
06/22/2007,CHO,VA,AEA,EN,Federal Contract Tower,0,56,41,1,98,0,0,83,1,84,0,56,124,2,182,42,2,44,226
06/23/2007,CHO,VA,AEA,EN,Federal Contract Tower,0,50,34,3,87,0,0,126,6,132,0,50,160,9,219,90,10,100,319
06/24/2007,CHO,VA,AEA,EN,Federal Contract Tower,0,52,34,6,92,0,0,76,8,84,0,52,110,14,176,50,10,60,236
06/25/2007,CHO,VA,AEA,EN,Federal Contract Tower,0,66,33,5,104,0,0,77,0,77,0,66,110,5,181,54,10,64,245
06/26/2007,CHO,VA,AEA,EN,Federal Contract Tower,0,54,28,8,90,0,0,71,6,77,0,54,99,14,167,14,22,36,203
06/27/2007,CHO,VA,AEA,EN,Federal Contract Tower,0,56,33,0,89,0,0,35,0,35,0,56,68,0,124,0,0,0,124
06/28/2007,CHO,VA,AEA,EN,Federal Contract Tower,0,60,32,6,98,0,0,49,4,53,0,60,81,10,151,60,10,70,221
06/29/2007,CHO,VA,AEA,EN,Federal Contract Tower,0,83,26,7,116,0,0,61,0,61,0,83,87,7,177,122,6,128,305
06/30/2007,CHO,VA,AEA,EN,Federal Contract Tower,0,50,32,0,82,0,0,55,0,55,0,50,87,0,137,54,0,54,191
07/01/2007,CHO,VA,AEA,EN,Federal Contract Tower,0,48,31,1,80,0,0,79,0,79,0,48,110,1,159,52,0,52,211
07/02/2007,CHO,VA,AEA,EN,Federal Contract Tower,0,61,33,0,94,0,0,92,0,92,0,61,125,0,186,40,0,40,226
07/03/2007,CHO,VA,AEA,EN,Federal Contract Tower,0,48,28,0,76,0,0,71,0,71,0,48,99,0,147,114,0,114,261
07/04/2007,CHO,VA,AEA,EN,Federal Contract Tower,0,35,23,0,58,0,0,60,0,60,0,35,83,0,118,24,0,24,142
07/05/2007,CHO,VA,AEA,EN,Federal Contract Tower,0,58,36,0,94,0,0,36,0,36,0,58,72,0,130,68,0,68,198
07/06/2007,CHO,VA,AEA,EN,Federal Contract Tower,0,60,49,4,113,0,0,71,0,71,0,60,120,4,184,42,4,46,230
07/07/2007,CHO,VA,AEA,EN,Federal Contract Tower,0,48,32,0,80,0,0,69,0,69,0,48,101,0,149,64,0,64,213
07/08/2007,CHO,VA,AEA,EN,Federal Contract Tower,0,41,29,1,71,0,0,41,0,41,0,41,70,1,112,44,0,44,156
07/09/2007,CHO,VA,AEA,EN,Federal Contract Tower,0,55,43,0,98,0,0,65,0,65,0,55,108,0,163,34,0,34,197
07/10/2007,CHO,VA,AEA,EN,Federal Contract Tower,0,58,40,7,105,0,0,67,0,67,0,58,107,7,172,48,6,54,226
07/11/2007,CHO,VA,AEA,EN,Federal Contract Tower,0,62,43,0,105,0,0,37,0,37,0,62,80,0,142,32,0,32,174
07/12/2007,CHO,VA,AEA,EN,Federal Contract Tower,0,58,48,4,110,0,0,77,2,79,0,58,125,6,189,80,28,108,297
07/13/2007,CHO,VA,AEA,EN,Federal Contract Tower,0,79,49,6,134,0,0,74,4,78,0,79,123,10,212,66,24,90,302
07/14/2007,CHO,VA,AEA,EN,Federal Contract Tower,0,48,25,0,73,0,0,99,0,99,0,48,124,0,172,78,0,78,250
07/15/2007,CHO,VA,AEA,EN,Federal Contract Tower,0,54,31,0,85,0,0,60,0,60,0,54,91,0,145,40,0,40,185
07/16/2007,CHO,VA,AEA,EN,Federal Contract Tower,0,63,32,14,109,0,2,55,0,57,0,65,87,14,166,42,34,76,242
07/17/2007,CHO,VA,AEA,EN,Federal Contract Tower,0,48,27,13,88,0,0,66,0,66,0,48,93,13,154,82,14,96,250
07/18/2007,CHO,VA,AEA,EN,Federal Contract Tower,0,48,31,2,81,0,0,49,2,51,0,48,80,4,132,52,0,52,184
07/19/2007,CHO,VA,AEA,EN,Federal Contract Tower,0,58,39,4,101,0,0,47,0,47,0,58,86,4,148,72,8,80,228
07/20/2007,CHO,VA,AEA,EN,Federal Contract Tower,0,76,47,2,125,0,0,83,0,83,0,76,130,2,208,90,0,90,298
07/21/2007,CHO,VA,AEA,EN,Federal Contract Tower,0,46,23,0,69,0,0,81,0,81,0,46,104,0,150,142,0,142,292
07/22/2007,CHO,VA,AEA,EN,Federal Contract Tower,0,51,45,0,96,0,4,65,2,71,0,55,110,2,167,42,0,42,209
07/23/2007,CHO,VA,AEA,EN,Federal Contract Tower,0,56,26,3,85,0,0,66,2,68,0,56,92,5,153,40,6,46,199
07/24/2007,CHO,VA,AEA,EN,Federal Contract Tower,0,50,28,5,83,0,0,90,0,90,0,50,118,5,173,60,36,96,269
07/25/2007,CHO,VA,AEA,EN,Federal Contract Tower,0,63,49,5,117,0,0,39,0,39,0,63,88,5,156,98,4,102,258
07/26/2007,CHO,VA,AEA,EN,Federal Contract Tower,0,54,51,4,109,0,0,49,2,51,0,54,100,6,160,110,14,124,284
07/27/2007,CHO,VA,AEA,EN,Federal Contract Tower,0,54,40,3,97,0,0,44,1,45,0,54,84,4,142,66,4,70,212
07/28/2007,CHO,VA,AEA,EN,Federal Contract Tower,0,47,16,0,63,0,0,57,0,57,0,47,73,0,120,100,0,100,220
07/29/2007,CHO,VA,AEA,EN,Federal Contract Tower,0,46,29,1,76,0,0,21,0,21,0,46,50,1,97,4,0,4,101
07/30/2007,CHO,VA,AEA,EN,Federal Contract Tower,0,50,40,11,101,0,0,31,1,32,0,50,71,12,133,12,16,28,161
07/31/2007,CHO,VA,AEA,EN,Federal Contract Tower,0,52,34,10,96,0,0,70,2,72,0,52,104,12,168,80,14,94,262
08/01/2007,CHO,VA,AEA,EN,Federal Contract Tower,0,52,32,0,84,0,0,73,3,76,0,52,105,3,160,86,6,92,252
08/02/2007,CHO,VA,AEA,EN,Federal Contract Tower,0,65,28,4,97,0,0,80,4,84,0,65,108,8,181,66,10,76,257
08/03/2007,CHO,VA,AEA,EN,Federal Contract Tower,0,51,54,2,107,0,0,75,2,77,0,51,129,4,184,96,4,100,284
08/04/2007,CHO,VA,AEA,EN,Federal Contract Tower,0,48,28,0,76,0,0,41,0,41,0,48,69,0,117,126,0,126,243
08/05/2007,CHO,VA,AEA,EN,Federal Contract Tower,0,53,35,0,88,0,0,30,0,30,0,53,65,0,118,94,0,94,212
08/06/2007,CHO,VA,AEA,EN,Federal Contract Tower,0,68,29,0,97,0,0,38,4,42,0,68,67,4,139,50,0,50,189
08/07/2007,CHO,VA,AEA,EN,Federal Contract Tower,0,56,28,8,92,0,0,48,0,48,0,56,76,8,140,76,8,84,224
08/08/2007,CHO,VA,AEA,EN,Federal Contract Tower,0,66,34,6,106,0,0,48,0,48,0,66,82,6,154,54,10,64,218
08/09/2007,CHO,VA,AEA,EN,Federal Contract Tower,0,45,33,2,80,0,0,42,0,42,0,45,75,2,122,72,2,74,196
08/10/2007,CHO,VA,AEA,EN,Federal Contract Tower,0,57,42,2,101,0,0,57,0,57,0,57,99,2,158,152,0,152,310
08/11/2007,CHO,VA,AEA,EN,Federal Contract Tower,0,36,53,0,89,0,0,57,0,57,0,36,110,0,146,136,0,136,282
08/12/2007,CHO,VA,AEA,EN,Federal Contract Tower,0,43,27,0,70,0,0,73,0,73,0,43,100,0,143,98,0,98,241
08/13/2007,CHO,VA,AEA,EN,Federal Contract Tower,0,58,44,0,102,0,0,57,4,61,0,58,101,4,163,118,10,128,291
08/14/2007,CHO,VA,AEA,EN,Federal Contract Tower,0,51,28,0,79,0,0,94,0,94,0,51,122,0,173,98,0,98,271
08/15/2007,CHO,VA,AEA,EN,Federal Contract Tower,0,61,20,2,83,0,0,100,0,100,0,61,120,2,183,166,16,182,365
08/16/2007,CHO,VA,AEA,EN,Federal Contract Tower,0,58,36,0,94,0,0,67,0,67,0,58,103,0,161,80,0,80,241
08/17/2007,CHO,VA,AEA,EN,Federal Contract Tower,0,53,37,0,90,0,3,56,0,59,0,56,93,0,149,36,0,36,185
08/18/2007,CHO,VA,AEA,EN,Federal Contract Tower,0,43,20,0,63,0,0,119,0,119,0,43,139,0,182,140,0,140,322
08/19/2007,CHO,VA,AEA,EN,Federal Contract Tower,0,50,25,0,75,0,0,70,0,70,0,50,95,0,145,40,0,40,185
08/20/2007,CHO,VA,AEA,EN,Federal Contract Tower,0,66,40,0,106,0,0,3,1,4,0,66,43,1,110,0,0,0,110
08/21/2007,CHO,VA,AEA,EN,Federal Contract Tower,0,58,32,0,90,0,0,3,0,3,0,58,35,0,93,0,0,0,93
08/22/2007,CHO,VA,AEA,EN,Federal Contract Tower,6,59,37,8,110,0,0,4,0,4,6,59,41,8,114,2,6,8,122
08/23/2007,CHO,VA,AEA,EN,Federal Contract Tower,0,64,37,4,105,0,0,2,4,6,0,64,39,8,111,16,0,16,127
08/24/2007,CHO,VA,AEA,EN,Federal Contract Tower,0,69,49,0,118,0,0,23,4,27,0,69,72,4,145,36,0,36,181
08/25/2007,CHO,VA,AEA,EN,Federal Contract Tower,0,38,29,0,67,0,0,66,0,66,0,38,95,0,133,94,0,94,227
08/26/2007,CHO,VA,AEA,EN,Federal Contract Tower,0,57,25,0,82,0,0,71,0,71,0,57,96,0,153,82,0,82,235
08/27/2007,CHO,VA,AEA,EN,Federal Contract Tower,0,64,31,0,95,0,1,89,1,91,0,65,120,1,186,80,0,80,266
08/28/2007,CHO,VA,AEA,EN,Federal Contract Tower,0,53,33,6,92,0,0,42,0,42,0,53,75,6,134,30,6,36,170
08/29/2007,CHO,VA,AEA,EN,Federal Contract Tower,0,52,46,1,99,0,0,68,2,70,0,52,114,3,169,32,0,32,201
08/30/2007,CHO,VA,AEA,EN,Federal Contract Tower,2,72,55,13,142,0,0,70,0,70,2,72,125,13,212,132,0,132,344
08/31/2007,CHO,VA,AEA,EN,Federal Contract Tower,0,66,43,5,114,0,0,52,0,52,0,66,95,5,166,144,16,160,326
09/01/2007,CHO,VA,AEA,EN,Federal Contract Tower,0,35,30,0,65,0,0,65,0,65,0,35,95,0,130,70,0,70,200
09/02/2007,CHO,VA,AEA,EN,Federal Contract Tower,0,46,39,0,85,0,0,101,2,103,0,46,140,2,188,170,0,170,358
09/03/2007,CHO,VA,AEA,EN,Federal Contract Tower,1,57,36,4,98,0,0,69,0,69,1,57,105,4,167,72,40,112,279
09/04/2007,CHO,VA,AEA,EN,Federal Contract Tower,0,56,45,10,111,0,0,55,8,63,0,56,100,18,174,70,26,96,270
09/05/2007,CHO,VA,AEA,EN,Federal Contract Tower,0,65,59,9,133,0,0,83,9,92,0,65,142,18,225,50,10,60,285
09/06/2007,CHO,VA,AEA,EN,Federal Contract Tower,0,65,48,18,131,0,0,80,0,80,0,65,128,18,211,70,52,122,333
09/07/2007,CHO,VA,AEA,EN,Federal Contract Tower,0,63,54,11,128,0,0,109,0,109,0,63,163,11,237,58,42,100,337
09/08/2007,CHO,VA,AEA,EN,Federal Contract Tower,0,51,45,3,99,0,0,68,1,69,0,51,113,4,168,72,0,72,240
09/09/2007,CHO,VA,AEA,EN,Federal Contract Tower,0,55,37,2,94,0,0,83,1,84,0,55,120,3,178,74,0,74,252
09/10/2007,CHO,VA,AEA,EN,Federal Contract Tower,0,60,56,0,116,0,0,65,0,65,0,60,121,0,181,110,6,116,297
09/11/2007,CHO,VA,AEA,EN,Federal Contract Tower,0,54,49,4,107,0,0,35,2,37,0,54,84,6,144,42,0,42,186
09/12/2007,CHO,VA,AEA,EN,Federal Contract Tower,0,59,40,8,107,0,0,69,3,72,0,59,109,11,179,66,22,88,267
09/13/2007,CHO,VA,AEA,EN,Federal Contract Tower,0,63,54,7,124,0,0,72,2,74,0,63,126,9,198,56,8,64,262
09/14/2007,CHO,VA,AEA,EN,Federal Contract Tower,2,67,54,4,127,0,2,19,0,21,2,69,73,4,148,32,4,36,184
09/15/2007,CHO,VA,AEA,EN,Federal Contract Tower,2,40,27,0,69,0,0,54,0,54,2,40,81,0,123,50,0,50,173
09/16/2007,CHO,VA,AEA,EN,Federal Contract Tower,0,58,36,1,95,0,0,109,1,110,0,58,145,2,205,90,0,90,295
09/17/2007,CHO,VA,AEA,EN,Federal Contract Tower,0,58,51,2,111,0,0,79,4,83,0,58,130,6,194,90,6,96,290
09/18/2007,CHO,VA,AEA,EN,Federal Contract Tower,0,64,37,7,108,0,0,87,1,88,0,64,124,8,196,60,30,90,286
09/19/2007,CHO,VA,AEA,EN,Federal Contract Tower,0,79,50,8,137,0,0,71,4,75,0,79,121,12,212,70,44,114,326
09/20/2007,CHO,VA,AEA,EN,Federal Contract Tower,0,64,53,11,128,0,0,66,1,67,0,64,119,12,195,114,28,142,337
09/21/2007,CHO,VA,AEA,EN,Federal Contract Tower,2,85,74,4,165,0,7,102,6,115,2,92,176,10,280,70,12,82,362
09/22/2007,CHO,VA,AEA,EN,Federal Contract Tower,2,51,44,2,99,0,0,43,0,43,2,51,87,2,142,38,0,38,180
09/23/2007,CHO,VA,AEA,EN,Federal Contract Tower,0,67,52,0,119,0,0,98,0,98,0,67,150,0,217,30,0,30,247
09/24/2007,CHO,VA,AEA,EN,Federal Contract Tower,0,65,36,15,116,0,1,94,0,95,0,66,130,15,211,100,20,120,331
09/25/2007,CHO,VA,AEA,EN,Federal Contract Tower,0,49,34,3,86,0,0,75,1,76,0,49,109,4,162,44,0,44,206
09/26/2007,CHO,VA,AEA,EN,Federal Contract Tower,0,69,42,0,111,0,0,57,0,57,0,69,99,0,168,60,0,60,228
09/27/2007,CHO,VA,AEA,EN,Federal Contract Tower,0,75,51,8,134,0,0,38,0,38,0,75,89,8,172,78,10,88,260
09/28/2007,CHO,VA,AEA,EN,Federal Contract Tower,2,74,64,4,144,0,0,85,0,85,2,74,149,4,229,94,2,96,325
09/29/2007,CHO,VA,AEA,EN,Federal Contract Tower,1,55,38,0,94,0,0,61,1,62,1,55,99,1,156,52,0,52,208
09/30/2007,CHO,VA,AEA,EN,Federal Contract Tower,0,61,49,0,110,0,0,81,0,81,0,61,130,0,191,100,0,100,291
10/01/2007,CHO,VA,AEA,EN,Federal Contract Tower,0,64,35,0,99,0,0,58,0,58,0,64,93,0,157,60,0,60,217
10/02/2007,CHO,VA,AEA,EN,Federal Contract Tower,0,58,29,19,106,0,0,39,7,46,0,58,68,26,152,28,14,42,194
10/03/2007,CHO,VA,AEA,EN,Federal Contract Tower,0,62,33,0,95,0,0,63,0,63,0,62,96,0,158,50,2,52,210
10/04/2007,CHO,VA,AEA,EN,Federal Contract Tower,0,96,45,0,141,0,0,62,0,62,0,96,107,0,203,90,0,90,293
10/05/2007,CHO,VA,AEA,EN,Federal Contract Tower,1,98,69,7,175,0,0,114,0,114,1,98,183,7,289,40,32,72,361
10/06/2007,CHO,VA,AEA,EN,Federal Contract Tower,0,52,28,0,80,0,0,30,0,30,0,52,58,0,110,32,0,32,142
10/07/2007,CHO,VA,AEA,EN,Federal Contract Tower,0,68,43,0,111,0,0,97,0,97,0,68,140,0,208,62,0,62,270
10/08/2007,CHO,VA,AEA,EN,Federal Contract Tower,0,69,42,0,111,0,0,85,0,85,0,69,127,0,196,30,0,30,226
10/09/2007,CHO,VA,AEA,EN,Federal Contract Tower,0,0,37,5,42,0,55,71,1,127,0,55,108,6,169,56,10,66,235
10/10/2007,CHO,VA,AEA,EN,Federal Contract Tower,0,66,40,8,114,0,0,54,2,56,0,66,94,10,170,46,20,66,236
10/11/2007,CHO,VA,AEA,EN,Federal Contract Tower,0,73,52,11,136,0,0,38,1,39,0,73,90,12,175,60,34,94,269
10/12/2007,CHO,VA,AEA,EN,Federal Contract Tower,1,82,62,0,145,0,0,58,4,62,1,82,120,4,207,78,0,78,285
10/13/2007,CHO,VA,AEA,EN,Federal Contract Tower,1,68,43,11,123,0,0,102,8,110,1,68,145,19,233,64,4,68,301
10/14/2007,CHO,VA,AEA,EN,Federal Contract Tower,0,66,43,2,111,0,0,67,0,67,0,66,110,2,178,60,0,60,238
10/15/2007,CHO,VA,AEA,EN,Federal Contract Tower,0,75,37,1,113,0,0,63,4,67,0,75,100,5,180,70,0,70,250
10/16/2007,CHO,VA,AEA,EN,Federal Contract Tower,0,60,38,0,98,0,0,63,0,63,0,60,101,0,161,58,0,58,219
10/17/2007,CHO,VA,AEA,EN,Federal Contract Tower,0,61,39,0,100,0,0,69,4,73,0,61,108,4,173,49,5,54,227
10/18/2007,CHO,VA,AEA,EN,Federal Contract Tower,0,64,59,6,129,0,0,0,0,0,0,64,59,6,129,77,4,81,210
10/19/2007,CHO,VA,AEA,EN,Federal Contract Tower,0,83,45,0,128,0,0,0,0,0,0,83,45,0,128,10,0,10,138
10/20/2007,CHO,VA,AEA,EN,Federal Contract Tower,0,60,30,1,91,0,5,87,0,92,0,65,117,1,183,56,0,56,239
10/21/2007,CHO,VA,AEA,EN,Federal Contract Tower,0,58,35,0,93,0,0,90,0,90,0,58,125,0,183,90,0,90,273
10/22/2007,CHO,VA,AEA,EN,Federal Contract Tower,0,69,45,4,118,0,0,50,0,50,0,69,95,4,168,50,0,50,218
10/23/2007,CHO,VA,AEA,EN,Federal Contract Tower,0,61,36,0,97,0,0,46,0,46,0,61,82,0,143,68,0,68,211
10/24/2007,CHO,VA,AEA,EN,Federal Contract Tower,0,53,36,4,93,0,0,0,0,0,0,53,36,4,93,0,4,4,97
10/25/2007,CHO,VA,AEA,EN,Federal Contract Tower,0,69,49,4,122,0,0,0,0,0,0,69,49,4,122,0,0,0,122
10/26/2007,CHO,VA,AEA,EN,Federal Contract Tower,0,0,0,0,0,0,0,0,0,0,0,0,0,0,0,0,0,0,0
10/27/2007,CHO,VA,AEA,EN,Federal Contract Tower,0,0,0,0,0,0,48,33,0,81,0,48,33,0,81,68,0,68,149
10/28/2007,CHO,VA,AEA,EN,Federal Contract Tower,0,71,44,0,115,0,0,56,0,56,0,71,100,0,171,10,0,10,181
10/29/2007,CHO,VA,AEA,EN,Federal Contract Tower,0,68,35,2,105,0,0,65,0,65,0,68,100,2,170,40,16,56,226
10/30/2007,CHO,VA,AEA,EN,Federal Contract Tower,0,61,42,8,111,0,0,103,2,105,0,61,145,10,216,64,20,84,300
10/31/2007,CHO,VA,AEA,EN,Federal Contract Tower,0,64,44,0,108,0,0,89,4,93,0,64,133,4,201,30,0,30,231
11/01/2007,CHO,VA,AEA,EN,Federal Contract Tower,0,77,52,0,129,0,0,89,0,89,0,77,141,0,218,44,0,44,262
11/02/2007,CHO,VA,AEA,EN,Federal Contract Tower,0,84,94,2,180,0,0,91,2,93,0,84,185,4,273,86,60,146,419
11/03/2007,CHO,VA,AEA,EN,Federal Contract Tower,0,65,43,0,108,0,0,70,0,70,0,65,113,0,178,96,0,96,274
11/04/2007,CHO,VA,AEA,EN,Federal Contract Tower,0,71,38,0,109,0,0,87,0,87,0,71,125,0,196,80,0,80,276
11/05/2007,CHO,VA,AEA,EN,Federal Contract Tower,0,67,51,2,120,0,0,69,0,69,0,67,120,2,189,40,10,50,239
11/06/2007,CHO,VA,AEA,EN,Federal Contract Tower,0,55,28,2,85,0,0,53,2,55,0,55,81,4,140,46,6,52,192
11/07/2007,CHO,VA,AEA,EN,Federal Contract Tower,0,67,35,7,109,0,0,63,0,63,0,67,98,7,172,52,16,68,240
11/08/2007,CHO,VA,AEA,EN,Federal Contract Tower,0,76,52,0,128,0,0,75,12,87,0,76,127,12,215,80,10,90,305
11/09/2007,CHO,VA,AEA,EN,Federal Contract Tower,1,84,66,1,152,0,0,43,2,45,1,84,109,3,197,40,6,46,243
11/10/2007,CHO,VA,AEA,EN,Federal Contract Tower,0,46,30,2,78,0,0,19,4,23,0,46,49,6,101,14,0,14,115
11/11/2007,CHO,VA,AEA,EN,Federal Contract Tower,0,64,33,0,97,0,0,87,0,87,0,64,120,0,184,70,0,70,254
11/12/2007,CHO,VA,AEA,EN,Federal Contract Tower,0,66,35,2,103,0,0,75,8,83,0,66,110,10,186,90,2,92,278
11/13/2007,CHO,VA,AEA,EN,Federal Contract Tower,0,59,40,5,104,0,0,56,2,58,0,59,96,7,162,50,10,60,222
11/14/2007,CHO,VA,AEA,EN,Federal Contract Tower,2,73,25,2,102,0,0,62,4,66,2,73,87,6,168,46,6,52,220
11/15/2007,CHO,VA,AEA,EN,Federal Contract Tower,2,76,39,6,123,0,0,3,1,4,2,76,42,7,127,0,0,0,127
11/16/2007,CHO,VA,AEA,EN,Federal Contract Tower,0,75,68,0,143,0,0,46,0,46,0,75,114,0,189,50,0,50,239
11/17/2007,CHO,VA,AEA,EN,Federal Contract Tower,0,44,31,4,79,0,1,58,0,59,0,45,89,4,138,76,32,108,246
11/18/2007,CHO,VA,AEA,EN,Federal Contract Tower,2,51,31,0,84,0,0,74,0,74,2,51,105,0,158,60,0,60,218
11/19/2007,CHO,VA,AEA,EN,Federal Contract Tower,0,64,38,0,102,0,0,57,7,64,0,64,95,7,166,50,12,62,228
11/20/2007,CHO,VA,AEA,EN,Federal Contract Tower,0,67,52,0,119,0,0,65,4,69,0,67,117,4,188,30,0,30,218
11/21/2007,CHO,VA,AEA,EN,Federal Contract Tower,0,75,43,0,118,0,0,103,0,103,0,75,146,0,221,100,0,100,321
11/22/2007,CHO,VA,AEA,EN,Federal Contract Tower,0,31,18,0,49,0,0,13,0,13,0,31,31,0,62,24,0,24,86
11/23/2007,CHO,VA,AEA,EN,Federal Contract Tower,0,53,40,0,93,0,0,28,0,28,0,53,68,0,121,0,0,0,121
11/24/2007,CHO,VA,AEA,EN,Federal Contract Tower,0,59,72,0,131,0,0,77,6,83,0,59,149,6,214,74,0,74,288
11/25/2007,CHO,VA,AEA,EN,Federal Contract Tower,0,79,50,0,129,0,1,52,2,55,0,80,102,2,184,70,0,70,254
11/26/2007,CHO,VA,AEA,EN,Federal Contract Tower,0,64,30,0,94,0,0,2,0,2,0,64,32,0,96,8,0,8,104
11/27/2007,CHO,VA,AEA,EN,Federal Contract Tower,0,60,39,0,99,0,0,32,0,32,0,60,71,0,131,0,0,0,131
11/28/2007,CHO,VA,AEA,EN,Federal Contract Tower,0,66,42,2,110,0,0,53,2,55,0,66,95,4,165,62,16,78,243
11/29/2007,CHO,VA,AEA,EN,Federal Contract Tower,1,71,49,6,127,0,0,68,0,68,1,71,117,6,195,74,0,74,269
11/30/2007,CHO,VA,AEA,EN,Federal Contract Tower,0,72,66,8,146,0,0,117,2,119,0,72,183,10,265,158,20,178,443
12/01/2007,CHO,VA,AEA,EN,Federal Contract Tower,0,37,39,0,76,0,0,62,3,65,0,37,101,3,141,68,0,68,209
12/02/2007,CHO,VA,AEA,EN,Federal Contract Tower,0,55,35,3,93,0,0,32,0,32,0,55,67,3,125,80,2,82,207
12/03/2007,CHO,VA,AEA,EN,Federal Contract Tower,0,64,19,2,85,0,0,21,2,23,0,64,40,4,108,10,8,18,126
12/04/2007,CHO,VA,AEA,EN,Federal Contract Tower,0,56,14,6,76,0,0,55,0,55,0,56,69,6,131,32,10,42,173
12/05/2007,CHO,VA,AEA,EN,Federal Contract Tower,0,60,17,0,77,0,0,0,0,0,0,60,17,0,77,0,0,0,77
12/06/2007,CHO,VA,AEA,EN,Federal Contract Tower,1,72,40,0,113,0,0,83,12,95,1,72,123,12,208,108,34,142,350
12/07/2007,CHO,VA,AEA,EN,Federal Contract Tower,0,83,35,9,127,0,0,52,1,53,0,83,87,10,180,56,22,78,258
12/08/2007,CHO,VA,AEA,EN,Federal Contract Tower,0,39,23,0,62,0,0,68,0,68,0,39,91,0,130,114,0,114,244
12/09/2007,CHO,VA,AEA,EN,Federal Contract Tower,0,55,22,0,77,0,2,30,0,32,0,57,52,0,109,64,0,64,173
12/10/2007,CHO,VA,AEA,EN,Federal Contract Tower,0,68,43,0,111,0,0,52,0,52,0,68,95,0,163,30,0,30,193
12/11/2007,CHO,VA,AEA,EN,Federal Contract Tower,0,43,24,0,67,0,0,0,0,0,0,43,24,0,67,2,0,2,69
12/12/2007,CHO,VA,AEA,EN,Federal Contract Tower,0,80,46,3,129,0,0,82,5,87,0,80,128,8,216,172,34,206,422
12/13/2007,CHO,VA,AEA,EN,Federal Contract Tower,0,69,27,0,96,0,0,0,0,0,0,69,27,0,96,0,0,0,96
12/14/2007,CHO,VA,AEA,EN,Federal Contract Tower,0,79,67,9,155,0,0,106,4,110,0,79,173,13,265,112,16,128,393
12/15/2007,CHO,VA,AEA,EN,Federal Contract Tower,0,44,24,0,68,0,1,25,0,26,0,45,49,0,94,68,8,76,170
12/16/2007,CHO,VA,AEA,EN,Federal Contract Tower,0,44,11,0,55,0,0,1,0,1,0,44,12,0,56,0,0,0,56
12/17/2007,CHO,VA,AEA,EN,Federal Contract Tower,0,64,32,0,96,0,0,38,2,40,0,64,70,2,136,20,0,20,156
12/18/2007,CHO,VA,AEA,EN,Federal Contract Tower,0,57,39,1,97,0,0,103,1,104,0,57,142,2,201,90,0,90,291
12/19/2007,CHO,VA,AEA,EN,Federal Contract Tower,0,65,44,0,109,0,0,51,4,55,0,65,95,4,164,34,4,38,202
12/20/2007,CHO,VA,AEA,EN,Federal Contract Tower,0,80,51,0,131,0,0,61,4,65,0,80,112,4,196,116,10,126,322
12/21/2007,CHO,VA,AEA,EN,Federal Contract Tower,0,60,39,6,105,0,0,91,2,93,0,60,130,8,198,74,22,96,294
12/22/2007,CHO,VA,AEA,EN,Federal Contract Tower,0,55,31,0,86,0,0,0,0,0,0,55,31,0,86,0,0,0,86
12/23/2007,CHO,VA,AEA,EN,Federal Contract Tower,0,49,6,0,55,0,0,4,0,4,0,49,10,0,59,0,0,0,59
12/24/2007,CHO,VA,AEA,EN,Federal Contract Tower,0,55,24,0,79,0,0,46,0,46,0,55,70,0,125,4,0,4,129
12/25/2007,CHO,VA,AEA,EN,Federal Contract Tower,0,34,4,0,38,0,0,34,0,34,0,34,38,0,72,0,0,0,72
12/26/2007,CHO,VA,AEA,EN,Federal Contract Tower,0,51,20,0,71,0,0,44,0,44,0,51,64,0,115,28,0,28,143
12/27/2007,CHO,VA,AEA,EN,Federal Contract Tower,0,73,39,0,112,0,0,60,0,60,0,73,99,0,172,90,0,90,262
12/28/2007,CHO,VA,AEA,EN,Federal Contract Tower,0,67,39,6,112,0,0,78,2,80,0,67,117,8,192,64,8,72,264
12/29/2007,CHO,VA,AEA,EN,Federal Contract Tower,0,48,19,0,67,0,0,34,0,34,0,48,53,0,101,40,0,40,141
12/30/2007,CHO,VA,AEA,EN,Federal Contract Tower,2,52,19,0,73,0,0,18,0,18,2,52,37,0,91,20,0,20,111
12/31/2007,CHO,VA,AEA,EN,Federal Contract Tower,0,49,8,0,57,0,3,97,0,100,0,52,105,0,157,60,0,60,217
01/01/2008,CHO,VA,AEA,EN,Federal Contract Tower,2,49,12,0,63,0,0,18,0,18,2,49,30,0,81,0,0,0,81
01/02/2008,CHO,VA,AEA,EN,Federal Contract Tower,4,63,18,0,85,0,0,14,2,16,4,63,32,2,101,2,0,2,103
01/03/2008,CHO,VA,AEA,EN,Federal Contract Tower,0,73,31,0,104,0,0,68,2,70,0,73,99,2,174,62,0,62,236
01/04/2008,CHO,VA,AEA,EN,Federal Contract Tower,0,87,59,1,147,0,0,81,1,82,0,87,140,2,229,52,0,52,281
01/05/2008,CHO,VA,AEA,EN,Federal Contract Tower,0,38,37,0,75,0,0,102,0,102,0,38,139,0,177,156,0,156,333
01/06/2008,CHO,VA,AEA,EN,Federal Contract Tower,0,48,20,2,70,0,0,60,0,60,0,48,80,2,130,0,2,2,132
01/07/2008,CHO,VA,AEA,EN,Federal Contract Tower,0,67,23,2,92,0,0,77,0,77,0,67,100,2,169,70,2,72,241
01/08/2008,CHO,VA,AEA,EN,Federal Contract Tower,0,49,26,2,77,0,0,42,0,42,0,49,68,2,119,6,0,6,125
01/09/2008,CHO,VA,AEA,EN,Federal Contract Tower,2,64,36,7,109,0,0,14,0,14,2,64,50,7,123,38,26,64,187
01/10/2008,CHO,VA,AEA,EN,Federal Contract Tower,0,64,38,7,109,0,0,59,9,68,0,64,97,16,177,48,12,60,237
01/11/2008,CHO,VA,AEA,EN,Federal Contract Tower,0,79,34,0,113,0,0,89,6,95,0,79,123,6,208,68,2,70,278
01/12/2008,CHO,VA,AEA,EN,Federal Contract Tower,0,40,33,0,73,0,0,120,6,126,0,40,153,6,199,96,0,96,295
01/13/2008,CHO,VA,AEA,EN,Federal Contract Tower,0,56,28,2,86,0,2,72,0,74,0,58,100,2,160,64,0,64,224
01/14/2008,CHO,VA,AEA,EN,Federal Contract Tower,0,69,46,4,119,0,0,54,3,57,0,69,100,7,176,40,20,60,236
01/15/2008,CHO,VA,AEA,EN,Federal Contract Tower,0,57,26,2,85,0,0,44,4,48,0,57,70,6,133,0,26,26,159
01/16/2008,CHO,VA,AEA,EN,Federal Contract Tower,0,69,41,17,127,0,0,85,3,88,0,69,126,20,215,69,41,110,325
01/17/2008,CHO,VA,AEA,EN,Federal Contract Tower,0,38,12,0,50,0,0,0,0,0,0,38,12,0,50,0,0,0,50
01/18/2008,CHO,VA,AEA,EN,Federal Contract Tower,0,80,52,2,134,0,0,68,8,76,0,80,120,10,210,72,4,76,286
01/19/2008,CHO,VA,AEA,EN,Federal Contract Tower,0,40,14,0,54,0,0,63,0,63,0,40,77,0,117,106,0,106,223
01/20/2008,CHO,VA,AEA,EN,Federal Contract Tower,0,48,25,0,73,0,0,40,0,40,0,48,65,0,113,8,0,8,121
01/21/2008,CHO,VA,AEA,EN,Federal Contract Tower,0,67,35,0,102,0,0,105,0,105,0,67,140,0,207,130,0,130,337
01/22/2008,CHO,VA,AEA,EN,Federal Contract Tower,0,47,25,0,72,0,0,20,0,20,0,47,45,0,92,10,0,10,102
01/23/2008,CHO,VA,AEA,EN,Federal Contract Tower,0,66,29,2,97,0,0,69,2,71,0,66,98,4,168,48,6,54,222
01/24/2008,CHO,VA,AEA,EN,Federal Contract Tower,0,80,40,12,132,0,0,63,0,63,0,80,103,12,195,58,30,88,283
01/25/2008,CHO,VA,AEA,EN,Federal Contract Tower,0,94,63,12,169,0,0,101,0,101,0,94,164,12,270,122,38,160,430
01/26/2008,CHO,VA,AEA,EN,Federal Contract Tower,0,45,21,0,66,0,0,53,0,53,0,45,74,0,119,176,0,176,295
01/27/2008,CHO,VA,AEA,EN,Federal Contract Tower,0,56,36,0,92,0,0,51,0,51,0,56,87,0,143,108,0,108,251
01/28/2008,CHO,VA,AEA,EN,Federal Contract Tower,0,67,43,0,110,0,0,90,0,90,0,67,133,0,200,82,0,82,282
01/29/2008,CHO,VA,AEA,EN,Federal Contract Tower,0,63,19,0,82,0,1,43,0,44,0,64,62,0,126,30,0,30,156
01/30/2008,CHO,VA,AEA,EN,Federal Contract Tower,0,70,29,0,99,0,0,54,8,62,0,70,83,8,161,12,4,16,177
01/31/2008,CHO,VA,AEA,EN,Federal Contract Tower,0,86,53,2,141,0,0,75,2,77,0,86,128,4,218,112,14,126,344
02/01/2008,CHO,VA,AEA,EN,Federal Contract Tower,0,59,26,0,85,0,0,0,0,0,0,59,26,0,85,0,0,0,85
02/02/2008,CHO,VA,AEA,EN,Federal Contract Tower,0,42,28,0,70,0,0,100,4,104,0,42,128,4,174,58,4,62,236
02/03/2008,CHO,VA,AEA,EN,Federal Contract Tower,0,57,16,0,73,0,0,74,0,74,0,57,90,0,147,10,0,10,157
02/04/2008,CHO,VA,AEA,EN,Federal Contract Tower,0,82,44,3,129,0,0,49,1,50,0,82,93,4,179,42,16,58,237
02/05/2008,CHO,VA,AEA,EN,Federal Contract Tower,0,48,24,0,72,0,0,53,0,53,0,48,77,0,125,84,0,84,209
02/06/2008,CHO,VA,AEA,EN,Federal Contract Tower,0,55,20,0,75,0,0,18,0,18,0,55,38,0,93,6,0,6,99
02/07/2008,CHO,VA,AEA,EN,Federal Contract Tower,0,94,52,5,151,0,0,77,11,88,0,94,129,16,239,104,6,110,349
02/08/2008,CHO,VA,AEA,EN,Federal Contract Tower,0,93,67,11,171,0,0,104,9,113,0,93,171,20,284,90,4,94,378
02/09/2008,CHO,VA,AEA,EN,Federal Contract Tower,0,48,25,0,73,0,0,49,1,50,0,48,74,1,123,100,0,100,223
02/10/2008,CHO,VA,AEA,EN,Federal Contract Tower,0,50,22,0,72,0,0,15,0,15,0,50,37,0,87,0,0,0,87
02/11/2008,CHO,VA,AEA,EN,Federal Contract Tower,0,68,25,4,97,0,1,85,1,87,0,69,110,5,184,104,30,134,318
02/12/2008,CHO,VA,AEA,EN,Federal Contract Tower,0,47,24,0,71,0,0,25,0,25,0,47,49,0,96,4,0,4,100
02/13/2008,CHO,VA,AEA,EN,Federal Contract Tower,0,58,17,2,77,0,0,0,0,0,0,58,17,2,77,0,0,0,77
02/14/2008,CHO,VA,AEA,EN,Federal Contract Tower,0,78,42,6,126,0,0,78,0,78,0,78,120,6,204,98,18,116,320
02/15/2008,CHO,VA,AEA,EN,Federal Contract Tower,0,89,70,0,159,0,0,105,7,112,0,89,175,7,271,128,4,132,403
02/16/2008,CHO,VA,AEA,EN,Federal Contract Tower,0,54,50,0,104,0,0,124,10,134,0,54,174,10,238,150,4,154,392
02/17/2008,CHO,VA,AEA,EN,Federal Contract Tower,0,57,23,0,80,0,0,37,0,37,0,57,60,0,117,24,0,24,141
02/18/2008,CHO,VA,AEA,EN,Federal Contract Tower,0,63,32,0,95,0,3,70,2,75,0,66,102,2,170,50,6,56,226
02/19/2008,CHO,VA,AEA,EN,Federal Contract Tower,0,67,23,2,92,0,0,28,0,28,0,67,51,2,120,10,0,10,130
02/20/2008,CHO,VA,AEA,EN,Federal Contract Tower,0,68,31,0,99,0,0,40,0,40,0,68,71,0,139,74,0,74,213
02/21/2008,CHO,VA,AEA,EN,Federal Contract Tower,0,73,38,1,112,0,0,57,2,59,0,73,95,3,171,94,2,96,267
02/22/2008,CHO,VA,AEA,EN,Federal Contract Tower,0,62,30,0,92,0,0,27,0,27,0,62,57,0,119,0,0,0,119
02/23/2008,CHO,VA,AEA,EN,Federal Contract Tower,0,43,21,0,64,0,0,23,0,23,0,43,44,0,87,52,0,52,139
02/24/2008,CHO,VA,AEA,EN,Federal Contract Tower,0,58,32,0,90,0,0,53,0,53,0,58,85,0,143,90,0,90,233
02/25/2008,CHO,VA,AEA,EN,Federal Contract Tower,0,67,26,0,93,0,0,79,4,83,0,67,105,4,176,90,0,90,266
02/26/2008,CHO,VA,AEA,EN,Federal Contract Tower,0,55,19,2,76,0,0,6,0,6,0,55,25,2,82,0,0,0,82
02/27/2008,CHO,VA,AEA,EN,Federal Contract Tower,0,71,33,0,104,0,0,24,6,30,0,71,57,6,134,20,2,22,156
02/28/2008,CHO,VA,AEA,EN,Federal Contract Tower,0,82,62,4,148,0,0,71,4,75,0,82,133,8,223,70,10,80,303
02/29/2008,CHO,VA,AEA,EN,Federal Contract Tower,0,96,49,0,145,0,0,62,2,64,0,96,111,2,209,66,0,66,275
03/01/2008,CHO,VA,AEA,EN,Federal Contract Tower,0,47,19,0,66,0,0,12,0,12,0,47,31,0,78,40,0,40,118
03/02/2008,CHO,VA,AEA,EN,Federal Contract Tower,0,63,44,0,107,0,0,136,0,136,0,63,180,0,243,100,0,100,343
03/03/2008,CHO,VA,AEA,EN,Federal Contract Tower,0,59,32,0,91,0,0,48,1,49,0,59,80,1,140,40,0,40,180
03/04/2008,CHO,VA,AEA,EN,Federal Contract Tower,0,50,21,2,73,0,0,8,1,9,0,50,29,3,82,18,0,18,100
03/05/2008,CHO,VA,AEA,EN,Federal Contract Tower,2,75,40,2,119,0,0,98,8,106,2,75,138,10,225,84,8,92,317
03/06/2008,CHO,VA,AEA,EN,Federal Contract Tower,0,62,47,2,111,0,2,96,2,100,0,64,143,4,211,172,8,180,391
03/07/2008,CHO,VA,AEA,EN,Federal Contract Tower,0,84,25,0,109,0,0,21,0,21,0,84,46,0,130,26,0,26,156
03/08/2008,CHO,VA,AEA,EN,Federal Contract Tower,0,52,24,0,76,0,0,1,0,1,0,52,25,0,77,0,0,0,77
03/09/2008,CHO,VA,AEA,EN,Federal Contract Tower,0,59,39,0,98,0,0,81,0,81,0,59,120,0,179,50,0,50,229
03/10/2008,CHO,VA,AEA,EN,Federal Contract Tower,0,72,27,8,107,0,0,78,0,78,0,72,105,8,185,40,40,80,265
03/11/2008,CHO,VA,AEA,EN,Federal Contract Tower,0,60,30,23,113,0,0,88,9,97,0,60,118,32,210,76,32,108,318
03/12/2008,CHO,VA,AEA,EN,Federal Contract Tower,0,62,27,4,93,0,0,66,6,72,0,62,93,10,165,34,26,60,225
03/13/2008,CHO,VA,AEA,EN,Federal Contract Tower,0,84,60,2,146,0,0,139,12,151,0,84,199,14,297,170,28,198,495
03/14/2008,CHO,VA,AEA,EN,Federal Contract Tower,0,88,48,5,141,0,0,106,9,115,0,88,154,14,256,136,22,158,414
03/15/2008,CHO,VA,AEA,EN,Federal Contract Tower,0,44,22,0,66,0,0,74,0,74,0,44,96,0,140,142,0,142,282
03/16/2008,CHO,VA,AEA,EN,Federal Contract Tower,0,53,33,0,86,0,0,47,0,47,0,53,80,0,133,60,0,60,193
03/17/2008,CHO,VA,AEA,EN,Federal Contract Tower,0,65,29,0,94,0,0,86,2,88,0,65,115,2,182,60,0,60,242
03/18/2008,CHO,VA,AEA,EN,Federal Contract Tower,0,59,32,11,102,0,0,79,5,84,0,59,111,16,186,76,24,100,286
03/19/2008,CHO,VA,AEA,EN,Federal Contract Tower,0,61,33,2,96,0,0,2,0,2,0,61,35,2,98,0,8,8,106
03/20/2008,CHO,VA,AEA,EN,Federal Contract Tower,0,59,36,2,97,0,0,6,2,8,0,59,42,4,105,0,4,4,109
03/21/2008,CHO,VA,AEA,EN,Federal Contract Tower,0,72,55,13,140,0,0,117,25,142,0,72,172,38,282,174,56,230,512
03/22/2008,CHO,VA,AEA,EN,Federal Contract Tower,0,52,30,10,92,0,0,88,2,90,0,52,118,12,182,104,16,120,302
03/23/2008,CHO,VA,AEA,EN,Federal Contract Tower,0,58,22,0,80,0,0,78,2,80,0,58,100,2,160,30,0,30,190
03/24/2008,CHO,VA,AEA,EN,Federal Contract Tower,0,63,35,0,98,0,1,25,0,26,0,64,60,0,124,30,0,30,154
03/25/2008,CHO,VA,AEA,EN,Federal Contract Tower,0,54,33,0,87,0,0,117,6,123,0,54,150,6,210,80,8,88,298
03/26/2008,CHO,VA,AEA,EN,Federal Contract Tower,0,71,50,3,124,0,0,80,11,91,0,71,130,14,215,70,20,90,305
03/27/2008,CHO,VA,AEA,EN,Federal Contract Tower,0,64,42,9,115,0,0,58,2,60,0,64,100,11,175,58,20,78,253
03/28/2008,CHO,VA,AEA,EN,Federal Contract Tower,0,79,47,0,126,0,0,90,3,93,0,79,137,3,219,92,6,98,317
03/29/2008,CHO,VA,AEA,EN,Federal Contract Tower,0,47,30,6,83,0,0,111,0,111,0,47,141,6,194,158,24,182,376
03/30/2008,CHO,VA,AEA,EN,Federal Contract Tower,0,48,27,0,75,0,0,53,0,53,0,48,80,0,128,10,0,10,138
03/31/2008,CHO,VA,AEA,EN,Federal Contract Tower,0,53,23,2,78,0,0,0,0,0,0,53,23,2,78,0,2,2,80
04/01/2008,CHO,VA,AEA,EN,Federal Contract Tower,0,60,32,0,92,0,0,42,0,42,0,60,74,0,134,30,0,30,164
04/02/2008,CHO,VA,AEA,EN,Federal Contract Tower,0,71,41,7,119,0,0,97,0,97,0,71,138,7,216,68,14,82,298
04/03/2008,CHO,VA,AEA,EN,Federal Contract Tower,0,70,60,4,134,0,0,17,0,17,0,70,77,4,151,28,2,30,181
04/04/2008,CHO,VA,AEA,EN,Federal Contract Tower,0,105,65,0,170,0,0,41,0,41,0,105,106,0,211,14,0,14,225
04/05/2008,CHO,VA,AEA,EN,Federal Contract Tower,0,50,22,2,74,0,0,45,0,45,0,50,67,2,119,66,18,84,203
04/06/2008,CHO,VA,AEA,EN,Federal Contract Tower,0,61,50,0,111,0,3,2,0,5,0,64,52,0,116,6,0,6,122
04/07/2008,CHO,VA,AEA,EN,Federal Contract Tower,0,73,56,0,129,0,0,4,0,4,0,73,60,0,133,4,0,4,137
04/08/2008,CHO,VA,AEA,EN,Federal Contract Tower,0,57,46,19,122,0,0,33,7,40,0,57,79,26,162,38,10,48,210
04/09/2008,CHO,VA,AEA,EN,Federal Contract Tower,0,57,38,3,98,0,0,32,3,35,0,57,70,6,133,38,4,42,175
04/10/2008,CHO,VA,AEA,EN,Federal Contract Tower,0,77,49,2,128,0,0,97,6,103,0,77,146,8,231,114,16,130,361
04/11/2008,CHO,VA,AEA,EN,Federal Contract Tower,0,86,55,1,142,0,0,84,1,85,0,86,139,2,227,78,2,80,307
04/12/2008,CHO,VA,AEA,EN,Federal Contract Tower,0,58,30,0,88,0,0,74,2,76,0,58,104,2,164,84,4,88,252
04/13/2008,CHO,VA,AEA,EN,Federal Contract Tower,0,58,50,0,108,0,0,90,0,90,0,58,140,0,198,60,0,60,258
04/14/2008,CHO,VA,AEA,EN,Federal Contract Tower,0,64,34,0,98,0,0,66,0,66,0,64,100,0,164,70,10,80,244
04/15/2008,CHO,VA,AEA,EN,Federal Contract Tower,0,57,26,4,87,0,0,71,4,75,0,57,97,8,162,70,4,74,236
04/16/2008,CHO,VA,AEA,EN,Federal Contract Tower,0,70,45,2,117,0,0,100,5,105,0,70,145,7,222,80,8,88,310
04/17/2008,CHO,VA,AEA,EN,Federal Contract Tower,0,95,59,20,174,0,0,112,4,116,0,95,171,24,290,166,48,214,504
04/18/2008,CHO,VA,AEA,EN,Federal Contract Tower,0,112,72,0,184,0,0,157,12,169,0,112,229,12,353,108,6,114,467
04/19/2008,CHO,VA,AEA,EN,Federal Contract Tower,1,67,48,6,122,0,0,95,0,95,1,67,143,6,217,102,14,116,333
04/20/2008,CHO,VA,AEA,EN,Federal Contract Tower,0,65,47,0,112,0,0,3,0,3,0,65,50,0,115,0,0,0,115
04/21/2008,CHO,VA,AEA,EN,Federal Contract Tower,0,64,30,0,94,0,0,2,0,2,0,64,32,0,96,0,0,0,96
04/22/2008,CHO,VA,AEA,EN,Federal Contract Tower,0,48,32,10,90,0,0,19,0,19,0,48,51,10,109,32,14,46,155
04/23/2008,CHO,VA,AEA,EN,Federal Contract Tower,0,60,38,4,102,0,0,95,6,101,0,60,133,10,203,112,20,132,335
04/24/2008,CHO,VA,AEA,EN,Federal Contract Tower,0,102,56,4,162,0,0,174,6,180,0,102,230,10,342,132,60,192,534
04/25/2008,CHO,VA,AEA,EN,Federal Contract Tower,0,122,71,12,205,0,0,122,2,124,0,122,193,14,329,152,24,176,505
04/26/2008,CHO,VA,AEA,EN,Federal Contract Tower,0,50,29,0,79,0,0,66,0,66,0,50,95,0,145,20,0,20,165
04/27/2008,CHO,VA,AEA,EN,Federal Contract Tower,0,67,47,0,114,0,0,7,0,7,0,67,54,0,121,6,0,6,127
04/28/2008,CHO,VA,AEA,EN,Federal Contract Tower,0,70,23,0,93,0,0,7,0,7,0,70,30,0,100,0,0,0,100
04/29/2008,CHO,VA,AEA,EN,Federal Contract Tower,0,54,30,0,84,0,0,57,0,57,0,54,87,0,141,6,0,6,147
04/30/2008,CHO,VA,AEA,EN,Federal Contract Tower,2,70,50,3,125,0,0,123,2,125,2,70,173,5,250,132,16,148,398
05/01/2008,CHO,VA,AEA,EN,Federal Contract Tower,0,80,64,19,163,0,0,87,3,90,0,80,151,22,253,96,48,144,397
05/02/2008,CHO,VA,AEA,EN,Federal Contract Tower,0,99,54,14,167,0,0,108,2,110,0,99,162,16,277,68,30,98,375
05/03/2008,CHO,VA,AEA,EN,Federal Contract Tower,0,61,32,0,93,0,0,97,10,107,0,61,129,10,200,72,0,72,272
05/04/2008,CHO,VA,AEA,EN,Federal Contract Tower,0,73,28,2,103,0,0,112,4,116,0,73,140,6,219,70,4,74,293
05/05/2008,CHO,VA,AEA,EN,Federal Contract Tower,0,65,32,2,99,0,0,73,0,73,0,65,105,2,172,70,6,76,248
05/06/2008,CHO,VA,AEA,EN,Federal Contract Tower,0,56,34,3,93,0,0,94,17,111,0,56,128,20,204,66,22,88,292
05/07/2008,CHO,VA,AEA,EN,Federal Contract Tower,0,72,44,0,116,0,0,98,0,98,0,72,142,0,214,60,0,60,274
05/08/2008,CHO,VA,AEA,EN,Federal Contract Tower,0,66,33,0,99,0,0,54,2,56,0,66,87,2,155,94,4,98,253
05/09/2008,CHO,VA,AEA,EN,Federal Contract Tower,0,103,58,2,163,0,0,77,10,87,0,103,135,12,250,24,0,24,274
05/10/2008,CHO,VA,AEA,EN,Federal Contract Tower,0,48,35,0,83,0,0,42,0,42,0,48,77,0,125,70,0,70,195
05/11/2008,CHO,VA,AEA,EN,Federal Contract Tower,0,58,38,0,96,0,0,21,0,21,0,58,59,0,117,26,0,26,143
05/12/2008,CHO,VA,AEA,EN,Federal Contract Tower,0,66,25,0,91,0,0,25,0,25,0,66,50,0,116,0,0,0,116
05/13/2008,CHO,VA,AEA,EN,Federal Contract Tower,0,58,49,11,118,0,0,124,25,149,0,58,173,36,267,118,62,180,447
05/14/2008,CHO,VA,AEA,EN,Federal Contract Tower,0,79,64,3,146,0,0,87,4,91,0,79,151,7,237,90,14,104,341
05/15/2008,CHO,VA,AEA,EN,Federal Contract Tower,0,83,61,14,158,0,0,74,0,74,0,83,135,14,232,86,14,100,332
05/16/2008,CHO,VA,AEA,EN,Federal Contract Tower,0,91,58,0,149,0,0,54,0,54,0,91,112,0,203,30,0,30,233
05/17/2008,CHO,VA,AEA,EN,Federal Contract Tower,0,88,44,0,132,0,0,74,14,88,0,88,118,14,220,62,0,62,282
05/18/2008,CHO,VA,AEA,EN,Federal Contract Tower,0,82,52,0,134,0,0,63,0,63,0,82,115,0,197,30,0,30,227
05/19/2008,CHO,VA,AEA,EN,Federal Contract Tower,0,68,34,4,106,0,0,86,0,86,0,68,120,4,192,40,12,52,244
05/20/2008,CHO,VA,AEA,EN,Federal Contract Tower,0,51,27,0,78,0,0,21,0,21,0,51,48,0,99,8,0,8,107
05/21/2008,CHO,VA,AEA,EN,Federal Contract Tower,0,76,54,3,133,0,0,82,3,85,0,76,136,6,218,74,2,76,294
05/22/2008,CHO,VA,AEA,EN,Federal Contract Tower,0,92,78,0,170,0,0,70,0,70,0,92,148,0,240,50,0,50,290
05/23/2008,CHO,VA,AEA,EN,Federal Contract Tower,0,120,62,0,182,0,0,149,6,155,0,120,211,6,337,88,12,100,437
05/24/2008,CHO,VA,AEA,EN,Federal Contract Tower,0,95,76,0,171,0,0,86,0,86,0,95,162,0,257,26,0,26,283
05/25/2008,CHO,VA,AEA,EN,Federal Contract Tower,0,57,29,0,86,0,1,101,4,106,0,58,130,4,192,60,2,62,254
05/26/2008,CHO,VA,AEA,EN,Federal Contract Tower,0,62,40,0,102,0,0,72,0,72,0,62,112,0,174,56,0,56,230
05/27/2008,CHO,VA,AEA,EN,Federal Contract Tower,0,51,16,1,68,0,0,78,1,79,0,51,94,2,147,32,0,32,179
05/28/2008,CHO,VA,AEA,EN,Federal Contract Tower,0,73,36,10,119,0,0,64,0,64,0,73,100,10,183,58,12,70,253
05/29/2008,CHO,VA,AEA,EN,Federal Contract Tower,0,89,56,7,152,0,0,90,1,91,0,89,146,8,243,114,16,130,373
05/30/2008,CHO,VA,AEA,EN,Federal Contract Tower,0,77,48,10,135,0,0,114,6,120,0,77,162,16,255,146,26,172,427
05/31/2008,CHO,VA,AEA,EN,Federal Contract Tower,0,54,21,4,79,0,0,51,0,51,0,54,72,4,130,22,0,22,152
06/01/2008,CHO,VA,AEA,EN,Federal Contract Tower,0,68,21,0,89,0,0,79,0,79,0,68,100,0,168,2,0,2,170
06/02/2008,CHO,VA,AEA,EN,Federal Contract Tower,0,67,33,4,104,0,0,87,2,89,0,67,120,6,193,90,10,100,293
06/03/2008,CHO,VA,AEA,EN,Federal Contract Tower,0,56,20,4,80,0,0,43,0,43,0,56,63,4,123,14,4,18,141
06/04/2008,CHO,VA,AEA,EN,Federal Contract Tower,0,38,16,0,54,0,1,62,0,63,0,39,78,0,117,48,0,48,165
06/05/2008,CHO,VA,AEA,EN,Federal Contract Tower,0,90,63,1,154,0,0,119,9,128,0,90,182,10,282,78,20,98,380
06/06/2008,CHO,VA,AEA,EN,Federal Contract Tower,0,68,36,4,108,0,0,63,0,63,0,68,99,4,171,50,4,54,225
06/07/2008,CHO,VA,AEA,EN,Federal Contract Tower,0,56,41,0,97,0,0,83,10,93,0,56,124,10,190,66,0,66,256
06/08/2008,CHO,VA,AEA,EN,Federal Contract Tower,0,65,51,0,116,0,0,89,2,91,0,65,140,2,207,82,0,82,289
06/09/2008,CHO,VA,AEA,EN,Federal Contract Tower,0,65,41,7,113,0,0,94,0,94,0,65,135,7,207,60,10,70,277
06/10/2008,CHO,VA,AEA,EN,Federal Contract Tower,0,56,32,7,95,0,0,46,7,53,0,56,78,14,148,40,10,50,198
06/11/2008,CHO,VA,AEA,EN,Federal Contract Tower,0,78,64,8,150,0,0,91,8,99,0,78,155,16,249,90,18,108,357
06/12/2008,CHO,VA,AEA,EN,Federal Contract Tower,0,103,69,4,176,0,0,104,2,106,0,103,173,6,282,106,8,114,396
06/13/2008,CHO,VA,AEA,EN,Federal Contract Tower,0,118,97,2,217,0,0,91,8,99,0,118,188,10,316,70,0,70,386
06/14/2008,CHO,VA,AEA,EN,Federal Contract Tower,0,67,39,1,107,0,0,54,0,54,0,67,93,1,161,68,30,98,259
06/15/2008,CHO,VA,AEA,EN,Federal Contract Tower,0,61,28,0,89,0,0,72,0,72,0,61,100,0,161,60,0,60,221
06/16/2008,CHO,VA,AEA,EN,Federal Contract Tower,0,66,32,3,101,0,0,53,0,53,0,66,85,3,154,50,26,76,230
06/17/2008,CHO,VA,AEA,EN,Federal Contract Tower,0,57,17,6,80,0,0,87,0,87,0,57,104,6,167,28,2,30,197
06/18/2008,CHO,VA,AEA,EN,Federal Contract Tower,0,55,30,2,87,0,0,102,2,104,0,55,132,4,191,66,0,66,257
06/19/2008,CHO,VA,AEA,EN,Federal Contract Tower,0,77,50,0,127,0,0,69,12,81,0,77,119,12,208,62,18,80,288
06/20/2008,CHO,VA,AEA,EN,Federal Contract Tower,0,74,52,0,126,0,0,100,0,100,0,74,152,0,226,102,0,102,328
06/21/2008,CHO,VA,AEA,EN,Federal Contract Tower,0,41,24,0,65,0,0,55,0,55,0,41,79,0,120,48,0,48,168
06/22/2008,CHO,VA,AEA,EN,Federal Contract Tower,0,60,26,0,86,0,0,39,0,39,0,60,65,0,125,40,0,40,165
06/23/2008,CHO,VA,AEA,EN,Federal Contract Tower,0,68,45,0,113,0,0,60,0,60,0,68,105,0,173,60,0,60,233
06/24/2008,CHO,VA,AEA,EN,Federal Contract Tower,0,58,27,6,91,0,0,69,2,71,0,58,96,8,162,20,10,30,192
06/25/2008,CHO,VA,AEA,EN,Federal Contract Tower,0,86,88,9,183,0,0,127,8,135,0,86,215,17,318,74,24,98,416
06/26/2008,CHO,VA,AEA,EN,Federal Contract Tower,0,91,66,2,159,0,0,74,10,84,0,91,140,12,243,50,2,52,295
06/27/2008,CHO,VA,AEA,EN,Federal Contract Tower,0,88,54,3,145,0,0,76,2,78,0,88,130,5,223,52,14,66,289
06/28/2008,CHO,VA,AEA,EN,Federal Contract Tower,0,77,59,0,136,0,0,67,0,67,0,77,126,0,203,2,0,2,205
06/29/2008,CHO,VA,AEA,EN,Federal Contract Tower,0,63,38,0,101,0,0,69,0,69,0,63,107,0,170,70,0,70,240
06/30/2008,CHO,VA,AEA,EN,Federal Contract Tower,0,63,32,12,107,0,0,45,1,46,0,63,77,13,153,40,36,76,229
07/01/2008,CHO,VA,AEA,EN,Federal Contract Tower,0,66,41,0,107,0,0,99,1,100,0,66,140,1,207,0,0,0,207
07/02/2008,CHO,VA,AEA,EN,Federal Contract Tower,0,68,56,2,126,0,0,221,0,221,0,68,277,2,347,38,20,58,405
07/03/2008,CHO,VA,AEA,EN,Federal Contract Tower,0,92,47,0,139,0,0,100,0,100,0,92,147,0,239,100,0,100,339
07/04/2008,CHO,VA,AEA,EN,Federal Contract Tower,0,67,34,0,101,0,0,45,0,45,0,67,79,0,146,6,0,6,152
07/05/2008,CHO,VA,AEA,EN,Federal Contract Tower,0,46,15,0,61,0,0,23,0,23,0,46,38,0,84,62,0,62,146
07/06/2008,CHO,VA,AEA,EN,Federal Contract Tower,0,53,34,0,87,0,0,10,0,10,0,53,44,0,97,0,0,0,97
07/07/2008,CHO,VA,AEA,EN,Federal Contract Tower,0,67,32,0,99,0,0,55,0,55,0,67,87,0,154,70,0,70,224
07/08/2008,CHO,VA,AEA,EN,Federal Contract Tower,0,50,25,0,75,0,0,82,0,82,0,50,107,0,157,0,0,0,157
07/09/2008,CHO,VA,AEA,EN,Federal Contract Tower,0,71,51,0,122,0,0,81,0,81,0,71,132,0,203,48,0,48,251
07/10/2008,CHO,VA,AEA,EN,Federal Contract Tower,0,97,55,0,152,0,0,137,0,137,0,97,192,0,289,104,0,104,393
07/11/2008,CHO,VA,AEA,EN,Federal Contract Tower,0,70,38,0,108,0,0,58,0,58,0,70,96,0,166,104,0,104,270
07/12/2008,CHO,VA,AEA,EN,Federal Contract Tower,0,47,40,0,87,0,0,94,0,94,0,47,134,0,181,108,0,108,289
07/13/2008,CHO,VA,AEA,EN,Federal Contract Tower,0,54,30,0,84,0,0,85,0,85,0,54,115,0,169,44,0,44,213
07/14/2008,CHO,VA,AEA,EN,Federal Contract Tower,0,75,28,4,107,0,0,80,0,80,0,75,108,4,187,50,4,54,241
07/15/2008,CHO,VA,AEA,EN,Federal Contract Tower,0,51,32,21,104,0,0,119,12,131,0,51,151,33,235,68,92,160,395
07/16/2008,CHO,VA,AEA,EN,Federal Contract Tower,0,84,76,0,160,0,0,130,0,130,0,84,206,0,290,72,0,72,362
07/17/2008,CHO,VA,AEA,EN,Federal Contract Tower,0,99,66,0,165,0,0,108,0,108,0,99,174,0,273,88,0,88,361
07/18/2008,CHO,VA,AEA,EN,Federal Contract Tower,0,126,98,4,228,0,0,190,2,192,0,126,288,6,420,128,2,130,550
07/19/2008,CHO,VA,AEA,EN,Federal Contract Tower,0,72,41,0,113,0,0,121,0,121,0,72,162,0,234,86,0,86,320
07/20/2008,CHO,VA,AEA,EN,Federal Contract Tower,0,77,36,2,115,0,0,100,0,100,0,77,136,2,215,80,0,80,295
07/21/2008,CHO,VA,AEA,EN,Federal Contract Tower,0,58,13,0,71,0,0,62,0,62,0,58,75,0,133,74,0,74,207
07/22/2008,CHO,VA,AEA,EN,Federal Contract Tower,0,58,16,0,74,0,0,85,0,85,0,58,101,0,159,36,0,36,195
07/23/2008,CHO,VA,AEA,EN,Federal Contract Tower,0,58,46,3,107,0,0,88,6,94,0,58,134,9,201,42,2,44,245
07/24/2008,CHO,VA,AEA,EN,Federal Contract Tower,0,81,68,2,151,0,0,185,8,193,0,81,253,10,344,124,14,138,482
07/25/2008,CHO,VA,AEA,EN,Federal Contract Tower,0,98,95,6,199,0,0,215,2,217,0,98,310,8,416,148,4,152,568
07/26/2008,CHO,VA,AEA,EN,Federal Contract Tower,0,38,33,0,71,0,0,90,2,92,0,38,123,2,163,62,2,64,227
07/27/2008,CHO,VA,AEA,EN,Federal Contract Tower,0,53,44,0,97,0,0,87,0,87,0,53,131,0,184,46,0,46,230
07/28/2008,CHO,VA,AEA,EN,Federal Contract Tower,0,67,20,5,92,0,0,55,2,57,0,67,75,7,149,50,30,80,229
07/29/2008,CHO,VA,AEA,EN,Federal Contract Tower,0,56,22,7,85,0,0,70,2,72,0,56,92,9,157,28,8,36,193
07/30/2008,CHO,VA,AEA,EN,Federal Contract Tower,0,75,66,4,145,0,0,127,4,131,0,75,193,8,276,56,6,62,338
07/31/2008,CHO,VA,AEA,EN,Federal Contract Tower,0,66,34,8,108,0,0,61,0,61,0,66,95,8,169,20,12,32,201
08/01/2008,CHO,VA,AEA,EN,Federal Contract Tower,0,71,71,2,144,0,0,169,0,169,0,71,240,2,313,82,4,86,399
08/02/2008,CHO,VA,AEA,EN,Federal Contract Tower,0,57,28,0,85,0,0,107,0,107,0,57,135,0,192,34,0,34,226
08/03/2008,CHO,VA,AEA,EN,Federal Contract Tower,0,53,33,0,86,0,0,101,0,101,0,53,134,0,187,50,0,50,237
08/04/2008,CHO,VA,AEA,EN,Federal Contract Tower,0,54,26,2,82,0,0,80,0,80,0,54,106,2,162,90,10,100,262
08/05/2008,CHO,VA,AEA,EN,Federal Contract Tower,0,59,18,3,80,0,0,96,4,100,0,59,114,7,180,50,0,50,230
08/06/2008,CHO,VA,AEA,EN,Federal Contract Tower,0,91,68,4,163,0,0,142,4,146,0,91,210,8,309,68,12,80,389
08/07/2008,CHO,VA,AEA,EN,Federal Contract Tower,0,76,47,4,127,0,0,123,6,129,0,76,170,10,256,68,10,78,334
08/08/2008,CHO,VA,AEA,EN,Federal Contract Tower,0,78,61,4,143,0,0,144,5,149,0,78,205,9,292,68,6,74,366
08/09/2008,CHO,VA,AEA,EN,Federal Contract Tower,0,56,42,0,98,0,0,136,0,136,0,56,178,0,234,42,0,42,276
08/10/2008,CHO,VA,AEA,EN,Federal Contract Tower,0,70,45,0,115,0,0,95,0,95,0,70,140,0,210,30,0,30,240
08/11/2008,CHO,VA,AEA,EN,Federal Contract Tower,0,68,21,0,89,0,0,75,0,75,0,68,96,0,164,60,0,60,224
08/12/2008,CHO,VA,AEA,EN,Federal Contract Tower,0,49,23,0,72,0,0,104,0,104,0,49,127,0,176,64,0,64,240
08/13/2008,CHO,VA,AEA,EN,Federal Contract Tower,0,67,33,2,102,0,0,47,3,50,0,67,80,5,152,30,0,30,182
08/14/2008,CHO,VA,AEA,EN,Federal Contract Tower,0,92,74,4,170,0,0,112,0,112,0,92,186,4,282,95,0,95,377
08/15/2008,CHO,VA,AEA,EN,Federal Contract Tower,0,79,51,12,142,0,0,140,6,146,0,79,191,18,288,66,0,66,354
08/16/2008,CHO,VA,AEA,EN,Federal Contract Tower,0,52,36,6,94,0,0,133,5,138,0,52,169,11,232,32,6,38,270
08/17/2008,CHO,VA,AEA,EN,Federal Contract Tower,0,56,44,0,100,0,0,116,4,120,0,56,160,4,220,70,4,74,294
08/18/2008,CHO,VA,AEA,EN,Federal Contract Tower,0,56,22,2,80,0,0,79,0,79,0,56,101,2,159,32,0,32,191
08/19/2008,CHO,VA,AEA,EN,Federal Contract Tower,0,55,43,20,118,0,0,109,2,111,0,55,152,22,229,80,32,112,341
08/20/2008,CHO,VA,AEA,EN,Federal Contract Tower,0,85,68,14,167,0,0,171,1,172,0,85,239,15,339,12,14,26,365
08/21/2008,CHO,VA,AEA,EN,Federal Contract Tower,0,86,69,15,170,0,0,143,36,179,0,86,212,51,349,54,26,80,429
08/22/2008,CHO,VA,AEA,EN,Federal Contract Tower,0,97,68,2,167,0,0,149,3,152,0,97,217,5,319,60,0,60,379
08/23/2008,CHO,VA,AEA,EN,Federal Contract Tower,0,58,53,0,111,0,0,129,0,129,0,58,182,0,240,48,0,48,288
08/24/2008,CHO,VA,AEA,EN,Federal Contract Tower,0,53,35,0,88,0,0,90,0,90,0,53,125,0,178,60,0,60,238
08/25/2008,CHO,VA,AEA,EN,Federal Contract Tower,0,65,24,4,93,0,0,58,0,58,0,65,82,4,151,11,0,11,162
08/26/2008,CHO,VA,AEA,EN,Federal Contract Tower,0,52,28,2,82,0,0,80,0,80,0,52,108,2,162,26,2,28,190
08/27/2008,CHO,VA,AEA,EN,Federal Contract Tower,2,54,52,0,108,0,0,0,2,2,2,54,52,2,110,0,0,0,110
08/28/2008,CHO,VA,AEA,EN,Federal Contract Tower,4,65,81,4,154,0,0,0,0,0,4,65,81,4,154,0,0,0,154
08/29/2008,CHO,VA,AEA,EN,Federal Contract Tower,0,75,62,0,137,0,0,63,0,63,0,75,125,0,200,12,0,12,212
08/30/2008,CHO,VA,AEA,EN,Federal Contract Tower,0,65,89,2,156,0,0,114,4,118,0,65,203,6,274,24,0,24,298
08/31/2008,CHO,VA,AEA,EN,Federal Contract Tower,0,43,49,0,92,0,0,80,0,80,0,43,129,0,172,50,0,50,222
09/01/2008,CHO,VA,AEA,EN,Federal Contract Tower,0,64,31,0,95,0,0,65,0,65,0,64,96,0,160,50,0,50,210
09/02/2008,CHO,VA,AEA,EN,Federal Contract Tower,0,52,25,13,90,0,0,80,2,82,0,52,105,15,172,10,30,40,212
09/03/2008,CHO,VA,AEA,EN,Federal Contract Tower,0,71,51,2,124,0,0,131,11,142,0,71,182,13,266,52,0,52,318
09/04/2008,CHO,VA,AEA,EN,Federal Contract Tower,0,80,64,8,152,0,0,140,0,140,0,80,204,8,292,56,14,70,362
09/05/2008,CHO,VA,AEA,EN,Federal Contract Tower,0,69,50,10,129,0,0,88,0,88,0,69,138,10,217,48,32,80,297
09/06/2008,CHO,VA,AEA,EN,Federal Contract Tower,0,29,3,0,32,0,0,4,0,4,0,29,7,0,36,0,0,0,36
09/07/2008,CHO,VA,AEA,EN,Federal Contract Tower,0,58,27,0,85,0,0,95,0,95,0,58,122,0,180,20,0,20,200
09/08/2008,CHO,VA,AEA,EN,Federal Contract Tower,0,56,33,0,89,0,0,90,2,92,0,56,123,2,181,80,4,84,265
09/09/2008,CHO,VA,AEA,EN,Federal Contract Tower,0,49,32,2,83,0,0,31,4,35,0,49,63,6,118,20,10,30,148
09/10/2008,CHO,VA,AEA,EN,Federal Contract Tower,0,69,55,13,137,0,0,140,0,140,0,69,195,13,277,44,14,58,335
09/11/2008,CHO,VA,AEA,EN,Federal Contract Tower,0,65,59,8,132,0,0,39,0,39,0,65,98,8,171,46,16,62,233
09/12/2008,CHO,VA,AEA,EN,Federal Contract Tower,3,76,72,2,153,0,0,36,2,38,3,76,108,4,191,14,0,14,205
09/13/2008,CHO,VA,AEA,EN,Federal Contract Tower,0,38,22,4,64,0,0,54,0,54,0,38,76,4,118,30,6,36,154
09/14/2008,CHO,VA,AEA,EN,Federal Contract Tower,0,48,27,9,84,0,0,97,0,97,0,48,124,9,181,50,0,50,231
09/15/2008,CHO,VA,AEA,EN,Federal Contract Tower,0,55,28,2,85,0,0,85,0,85,0,55,113,2,170,60,0,60,230
09/16/2008,CHO,VA,AEA,EN,Federal Contract Tower,0,52,36,16,104,0,0,109,2,111,0,52,145,18,215,90,26,116,331
09/17/2008,CHO,VA,AEA,EN,Federal Contract Tower,0,85,59,0,144,0,0,134,6,140,0,85,193,6,284,76,4,80,364
09/18/2008,CHO,VA,AEA,EN,Federal Contract Tower,0,92,74,2,168,0,0,136,12,148,0,92,210,14,316,82,4,86,402
09/19/2008,CHO,VA,AEA,EN,Federal Contract Tower,0,87,56,6,149,0,0,122,2,124,0,87,178,8,273,58,22,80,353
09/20/2008,CHO,VA,AEA,EN,Federal Contract Tower,0,57,63,2,122,0,0,146,4,150,0,57,209,6,272,96,4,100,372
09/21/2008,CHO,VA,AEA,EN,Federal Contract Tower,0,72,50,2,124,0,0,155,0,155,0,72,205,2,279,50,0,50,329
09/22/2008,CHO,VA,AEA,EN,Federal Contract Tower,0,59,24,0,83,0,0,71,0,71,0,59,95,0,154,40,2,42,196
09/23/2008,CHO,VA,AEA,EN,Federal Contract Tower,0,53,47,6,106,0,0,57,2,59,0,53,104,8,165,0,43,43,208
09/24/2008,CHO,VA,AEA,EN,Federal Contract Tower,0,69,47,0,116,0,0,106,0,106,0,69,153,0,222,46,0,46,268
09/25/2008,CHO,VA,AEA,EN,Federal Contract Tower,0,102,83,10,195,0,0,4,0,4,0,102,87,10,199,0,10,10,209
09/26/2008,CHO,VA,AEA,EN,Federal Contract Tower,1,79,64,0,144,0,0,0,0,0,1,79,64,0,144,0,0,0,144
09/27/2008,CHO,VA,AEA,EN,Federal Contract Tower,2,46,37,0,85,0,0,21,0,21,2,46,58,0,106,24,0,24,130
09/28/2008,CHO,VA,AEA,EN,Federal Contract Tower,0,51,39,0,90,0,0,70,0,70,0,51,109,0,160,60,0,60,220
09/29/2008,CHO,VA,AEA,EN,Federal Contract Tower,0,63,35,11,109,0,0,90,0,90,0,63,125,11,199,60,20,80,279
09/30/2008,CHO,VA,AEA,EN,Federal Contract Tower,0,50,34,11,95,0,0,56,0,56,0,50,90,11,151,34,14,48,199
10/01/2008,CHO,VA,AEA,EN,Federal Contract Tower,0,89,40,0,129,0,0,121,0,121,0,89,161,0,250,44,0,44,294
10/02/2008,CHO,VA,AEA,EN,Federal Contract Tower,0,96,82,9,187,0,0,142,6,148,0,96,224,15,335,90,16,106,441
10/03/2008,CHO,VA,AEA,EN,Federal Contract Tower,0,129,109,2,240,0,0,133,1,134,0,129,242,3,374,78,8,86,460
10/04/2008,CHO,VA,AEA,EN,Federal Contract Tower,0,50,33,0,83,0,0,113,0,113,0,50,146,0,196,114,0,114,310
10/05/2008,CHO,VA,AEA,EN,Federal Contract Tower,0,49,31,0,80,0,0,140,0,140,0,49,171,0,220,82,0,82,302
10/06/2008,CHO,VA,AEA,EN,Federal Contract Tower,0,52,24,4,80,0,0,45,2,47,0,52,69,6,127,50,8,58,185
10/07/2008,CHO,VA,AEA,EN,Federal Contract Tower,0,49,21,5,75,0,0,69,0,69,0,49,90,5,144,52,16,68,212
10/08/2008,CHO,VA,AEA,EN,Federal Contract Tower,0,64,48,9,121,0,0,71,0,71,0,64,119,9,192,10,20,30,222
10/09/2008,CHO,VA,AEA,EN,Federal Contract Tower,0,64,56,0,120,0,0,78,0,78,0,64,134,0,198,64,0,64,262
10/10/2008,CHO,VA,AEA,EN,Federal Contract Tower,0,110,96,0,206,0,0,167,2,169,0,110,263,2,375,150,12,162,537
10/11/2008,CHO,VA,AEA,EN,Federal Contract Tower,47,0,44,2,93,0,0,111,0,111,47,0,155,2,204,112,6,118,322
10/12/2008,CHO,VA,AEA,EN,Federal Contract Tower,0,48,53,0,101,0,0,127,0,127,0,48,180,0,228,90,0,90,318
10/13/2008,CHO,VA,AEA,EN,Federal Contract Tower,0,70,31,7,108,0,0,77,0,77,0,70,108,7,185,50,8,58,243
10/14/2008,CHO,VA,AEA,EN,Federal Contract Tower,0,59,47,13,119,0,0,119,2,121,0,59,166,15,240,68,10,78,318
10/15/2008,CHO,VA,AEA,EN,Federal Contract Tower,0,78,44,0,122,0,0,151,4,155,0,78,195,4,277,62,0,62,339
10/16/2008,CHO,VA,AEA,EN,Federal Contract Tower,0,76,57,8,141,0,0,95,0,95,0,76,152,8,236,74,0,74,310
10/17/2008,CHO,VA,AEA,EN,Federal Contract Tower,0,151,83,0,234,0,0,28,0,28,0,151,111,0,262,24,0,24,286
10/18/2008,CHO,VA,AEA,EN,Federal Contract Tower,0,42,51,0,93,0,0,78,0,78,0,42,129,0,171,38,0,38,209
10/19/2008,CHO,VA,AEA,EN,Federal Contract Tower,0,60,43,0,103,0,0,90,0,90,0,60,133,0,193,90,0,90,283
10/20/2008,CHO,VA,AEA,EN,Federal Contract Tower,0,58,23,8,89,0,0,106,0,106,0,58,129,8,195,80,20,100,295
10/21/2008,CHO,VA,AEA,EN,Federal Contract Tower,0,61,31,0,92,0,0,61,0,61,0,61,92,0,153,10,0,10,163
10/22/2008,CHO,VA,AEA,EN,Federal Contract Tower,0,50,34,1,85,0,0,93,2,95,0,50,127,3,180,16,0,16,196
10/23/2008,CHO,VA,AEA,EN,Federal Contract Tower,0,85,61,0,146,0,0,94,3,97,0,85,155,3,243,34,4,38,281
10/24/2008,CHO,VA,AEA,EN,Federal Contract Tower,2,69,46,4,121,0,0,74,16,90,2,69,120,20,211,78,18,96,307
10/25/2008,CHO,VA,AEA,EN,Federal Contract Tower,2,40,20,0,62,0,0,0,0,0,2,40,20,0,62,0,0,0,62
10/26/2008,CHO,VA,AEA,EN,Federal Contract Tower,0,57,49,0,106,0,0,135,0,135,0,57,184,0,241,110,0,110,351
10/27/2008,CHO,VA,AEA,EN,Federal Contract Tower,0,55,18,0,73,0,0,40,0,40,0,55,58,0,113,30,0,30,143
10/28/2008,CHO,VA,AEA,EN,Federal Contract Tower,0,54,24,0,78,0,0,12,3,15,0,54,36,3,93,2,2,4,97
10/29/2008,CHO,VA,AEA,EN,Federal Contract Tower,0,65,33,7,105,0,0,71,10,81,0,65,104,17,186,72,0,72,258
10/30/2008,CHO,VA,AEA,EN,Federal Contract Tower,0,87,78,8,173,0,0,118,0,118,0,87,196,8,291,78,18,96,387
10/31/2008,CHO,VA,AEA,EN,Federal Contract Tower,2,61,42,0,105,0,0,91,0,91,2,61,133,0,196,64,0,64,260
11/01/2008,CHO,VA,AEA,EN,Federal Contract Tower,2,64,68,0,134,0,0,138,0,138,2,64,206,0,272,58,0,58,330
11/02/2008,CHO,VA,AEA,EN,Federal Contract Tower,0,61,33,2,96,0,0,81,0,81,0,61,114,2,177,32,0,32,209
11/03/2008,CHO,VA,AEA,EN,Federal Contract Tower,0,56,37,0,93,0,0,51,0,51,0,56,88,0,144,50,0,50,194
11/04/2008,CHO,VA,AEA,EN,Federal Contract Tower,0,56,30,0,86,0,0,3,0,3,0,56,33,0,89,0,0,0,89
11/05/2008,CHO,VA,AEA,EN,Federal Contract Tower,0,60,70,3,133,0,0,94,4,98,0,60,164,7,231,22,10,32,263
11/06/2008,CHO,VA,AEA,EN,Federal Contract Tower,0,97,75,18,190,0,0,122,0,122,0,97,197,18,312,60,76,136,448
11/07/2008,CHO,VA,AEA,EN,Federal Contract Tower,0,118,123,2,243,0,0,198,0,198,0,118,321,2,441,122,0,122,563
11/08/2008,CHO,VA,AEA,EN,Federal Contract Tower,2,58,55,2,117,0,0,100,2,102,2,58,155,4,219,32,0,32,251
11/09/2008,CHO,VA,AEA,EN,Federal Contract Tower,0,58,39,0,97,0,0,87,0,87,0,58,126,0,184,40,34,74,258
11/10/2008,CHO,VA,AEA,EN,Federal Contract Tower,0,58,24,3,85,0,0,50,0,50,0,58,74,3,135,20,0,20,155
11/11/2008,CHO,VA,AEA,EN,Federal Contract Tower,0,44,32,0,76,0,0,90,2,92,0,44,122,2,168,92,0,92,260
11/12/2008,CHO,VA,AEA,EN,Federal Contract Tower,0,53,43,10,106,0,0,32,0,32,0,53,75,10,138,24,0,24,162
11/13/2008,CHO,VA,AEA,EN,Federal Contract Tower,0,56,31,0,87,0,0,0,0,0,0,56,31,0,87,0,0,0,87
11/14/2008,CHO,VA,AEA,EN,Federal Contract Tower,0,52,33,0,85,0,0,0,0,0,0,52,33,0,85,0,0,0,85
11/15/2008,CHO,VA,AEA,EN,Federal Contract Tower,0,35,20,0,55,0,0,5,0,5,0,35,25,0,60,0,0,0,60
11/16/2008,CHO,VA,AEA,EN,Federal Contract Tower,0,41,15,0,56,0,0,56,0,56,0,41,71,0,112,20,0,20,132
11/17/2008,CHO,VA,AEA,EN,Federal Contract Tower,0,51,26,0,77,0,0,50,0,50,0,51,76,0,127,60,0,60,187
11/18/2008,CHO,VA,AEA,EN,Federal Contract Tower,0,51,28,3,82,0,0,43,0,43,0,51,71,3,125,10,2,12,137
11/19/2008,CHO,VA,AEA,EN,Federal Contract Tower,0,53,24,0,77,0,0,64,0,64,0,53,88,0,141,38,0,38,179
11/20/2008,CHO,VA,AEA,EN,Federal Contract Tower,0,57,22,2,81,0,0,38,1,39,0,57,60,3,120,0,0,0,120
11/21/2008,CHO,VA,AEA,EN,Federal Contract Tower,2,60,49,12,123,0,0,45,4,49,2,60,94,16,172,42,0,42,214
11/22/2008,CHO,VA,AEA,EN,Federal Contract Tower,2,50,58,0,110,0,0,95,2,97,2,50,153,2,207,0,0,0,207
11/23/2008,CHO,VA,AEA,EN,Federal Contract Tower,0,50,40,0,90,0,0,117,0,117,0,50,157,0,207,54,0,54,261
11/24/2008,CHO,VA,AEA,EN,Federal Contract Tower,0,53,23,6,82,0,0,51,3,54,0,53,74,9,136,30,10,40,176
11/25/2008,CHO,VA,AEA,EN,Federal Contract Tower,0,60,30,0,90,0,0,24,2,26,0,60,54,2,116,20,0,20,136
11/26/2008,CHO,VA,AEA,EN,Federal Contract Tower,0,58,45,2,105,0,0,86,0,86,0,58,131,2,191,22,60,82,273
11/27/2008,CHO,VA,AEA,EN,Federal Contract Tower,0,46,35,0,81,0,0,22,0,22,0,46,57,0,103,5,0,5,108
11/28/2008,CHO,VA,AEA,EN,Federal Contract Tower,0,58,41,0,99,0,0,73,0,73,0,58,114,0,172,118,0,118,290
11/29/2008,CHO,VA,AEA,EN,Federal Contract Tower,0,52,47,0,99,0,0,106,0,106,0,52,153,0,205,72,8,80,285
11/30/2008,CHO,VA,AEA,EN,Federal Contract Tower,0,49,28,0,77,0,0,0,0,0,0,49,28,0,77,0,0,0,77
12/01/2008,CHO,VA,AEA,EN,Federal Contract Tower,0,54,24,0,78,0,0,31,0,31,0,54,55,0,109,0,0,0,109
12/02/2008,CHO,VA,AEA,EN,Federal Contract Tower,0,47,24,7,78,0,0,73,0,73,0,47,97,7,151,48,4,52,203
12/03/2008,CHO,VA,AEA,EN,Federal Contract Tower,0,73,54,15,142,0,0,116,10,126,0,73,170,25,268,84,44,128,396
12/04/2008,CHO,VA,AEA,EN,Federal Contract Tower,0,67,43,3,113,0,0,102,4,106,0,67,145,7,219,84,12,96,315
12/05/2008,CHO,VA,AEA,EN,Federal Contract Tower,0,55,33,2,90,0,0,76,0,76,0,55,109,2,166,72,0,72,238
12/06/2008,CHO,VA,AEA,EN,Federal Contract Tower,0,43,13,0,56,0,0,57,0,57,0,43,70,0,113,24,0,24,137
12/07/2008,CHO,VA,AEA,EN,Federal Contract Tower,1,40,10,0,51,0,0,27,0,27,1,40,37,0,78,6,0,6,84
12/08/2008,CHO,VA,AEA,EN,Federal Contract Tower,0,55,25,2,82,0,0,45,2,47,0,55,70,4,129,36,12,48,177
12/09/2008,CHO,VA,AEA,EN,Federal Contract Tower,1,51,20,2,74,0,0,23,0,23,1,51,43,2,97,28,0,28,125
12/10/2008,CHO,VA,AEA,EN,Federal Contract Tower,0,52,29,10,91,0,0,19,0,19,0,52,48,10,110,0,0,0,110
12/11/2008,CHO,VA,AEA,EN,Federal Contract Tower,0,55,24,0,79,0,0,0,0,0,0,55,24,0,79,0,0,0,79
12/12/2008,CHO,VA,AEA,EN,Federal Contract Tower,0,76,57,2,135,0,0,82,12,94,0,76,139,14,229,28,14,42,271
12/13/2008,CHO,VA,AEA,EN,Federal Contract Tower,0,39,33,0,72,0,0,103,2,105,0,39,136,2,177,62,10,72,249
12/14/2008,CHO,VA,AEA,EN,Federal Contract Tower,0,40,34,1,75,0,0,60,1,61,0,40,94,2,136,50,0,50,186
12/15/2008,CHO,VA,AEA,EN,Federal Contract Tower,0,54,34,2,90,0,0,15,0,15,0,54,49,2,105,20,2,22,127
12/16/2008,CHO,VA,AEA,EN,Federal Contract Tower,0,47,18,0,65,0,0,0,0,0,0,47,18,0,65,0,0,0,65
12/17/2008,CHO,VA,AEA,EN,Federal Contract Tower,0,45,25,0,70,0,0,21,0,21,0,45,46,0,91,12,0,12,103
12/18/2008,CHO,VA,AEA,EN,Federal Contract Tower,0,60,38,0,98,0,0,0,0,0,0,60,38,0,98,0,0,0,98
12/19/2008,CHO,VA,AEA,EN,Federal Contract Tower,0,58,40,0,98,0,0,2,0,2,0,58,42,0,100,0,0,0,100
12/20/2008,CHO,VA,AEA,EN,Federal Contract Tower,0,35,20,2,57,0,0,0,0,0,0,35,20,2,57,0,0,0,57
12/21/2008,CHO,VA,AEA,EN,Federal Contract Tower,0,34,9,0,43,0,0,10,0,10,0,34,19,0,53,6,0,6,59
12/22/2008,CHO,VA,AEA,EN,Federal Contract Tower,0,42,16,5,63,0,66,400,0,466,0,108,416,5,529,14,30,44,573
12/23/2008,CHO,VA,AEA,EN,Federal Contract Tower,0,62,32,6,100,0,0,77,2,79,0,62,109,8,179,116,2,118,297
12/24/2008,CHO,VA,AEA,EN,Federal Contract Tower,0,53,24,0,77,0,0,24,2,26,0,53,48,2,103,22,2,24,127
12/25/2008,CHO,VA,AEA,EN,Federal Contract Tower,0,47,3,0,50,0,0,16,0,16,0,47,19,0,66,0,0,0,66
12/26/2008,CHO,VA,AEA,EN,Federal Contract Tower,0,56,30,3,89,0,0,63,0,63,0,56,93,3,152,94,8,102,254
12/27/2008,CHO,VA,AEA,EN,Federal Contract Tower,0,36,23,0,59,0,0,46,0,46,0,36,69,0,105,54,0,54,159
12/28/2008,CHO,VA,AEA,EN,Federal Contract Tower,0,45,23,0,68,0,0,13,0,13,0,45,36,0,81,0,0,0,81
12/29/2008,CHO,VA,AEA,EN,Federal Contract Tower,0,51,23,6,80,0,0,95,2,97,0,51,118,8,177,90,2,92,269
12/30/2008,CHO,VA,AEA,EN,Federal Contract Tower,0,49,26,0,75,0,0,97,0,97,0,49,123,0,172,84,0,84,256
12/31/2008,CHO,VA,AEA,EN,Federal Contract Tower,0,46,7,2,55,0,0,2,0,2,0,46,9,2,57,0,0,0,57
01/01/2009,CHO,VA,AEA,EN,Federal Contract Tower,0,43,9,0,52,0,0,50,0,50,0,43,59,0,102,34,0,34,136
01/02/2009,CHO,VA,AEA,EN,Federal Contract Tower,0,56,32,0,88,0,0,58,0,58,0,56,90,0,146,66,0,66,212
01/03/2009,CHO,VA,AEA,EN,Federal Contract Tower,0,42,25,0,67,0,0,109,0,109,0,42,134,0,176,118,0,118,294
01/04/2009,CHO,VA,AEA,EN,Federal Contract Tower,0,43,18,0,61,0,0,35,0,35,0,43,53,0,96,40,0,40,136
01/05/2009,CHO,VA,AEA,EN,Federal Contract Tower,0,56,22,0,78,0,0,40,0,40,0,56,62,0,118,46,0,46,164
01/06/2009,CHO,VA,AEA,EN,Federal Contract Tower,0,43,4,0,47,0,0,2,0,2,0,43,6,0,49,8,0,8,57
01/07/2009,CHO,VA,AEA,EN,Federal Contract Tower,0,56,34,0,90,0,0,0,0,0,0,56,34,0,90,0,0,0,90
01/08/2009,CHO,VA,AEA,EN,Federal Contract Tower,0,84,53,8,145,0,0,91,4,95,0,84,144,12,240,22,6,28,268
01/09/2009,CHO,VA,AEA,EN,Federal Contract Tower,0,85,66,4,155,0,0,138,0,138,0,85,204,4,293,74,8,82,375
01/10/2009,CHO,VA,AEA,EN,Federal Contract Tower,0,44,21,0,65,0,0,64,0,64,0,44,85,0,129,58,0,58,187
01/11/2009,CHO,VA,AEA,EN,Federal Contract Tower,0,46,17,0,63,0,0,55,0,55,0,46,72,0,118,50,0,50,168
01/12/2009,CHO,VA,AEA,EN,Federal Contract Tower,0,47,30,8,85,0,0,80,8,88,0,47,110,16,173,110,50,160,333
01/13/2009,CHO,VA,AEA,EN,Federal Contract Tower,0,50,22,15,87,0,0,65,6,71,0,50,87,21,158,20,52,72,230
01/14/2009,CHO,VA,AEA,EN,Federal Contract Tower,0,68,45,0,113,0,20,89,6,115,0,88,134,6,228,46,4,50,278
01/15/2009,CHO,VA,AEA,EN,Federal Contract Tower,0,77,39,0,116,0,0,21,0,21,0,77,60,0,137,0,0,0,137
01/16/2009,CHO,VA,AEA,EN,Federal Contract Tower,0,61,42,35,138,0,0,0,0,0,0,61,42,35,138,30,76,106,244
01/17/2009,CHO,VA,AEA,EN,Federal Contract Tower,0,37,19,0,56,0,0,46,0,46,0,37,65,0,102,32,0,32,134
01/18/2009,CHO,VA,AEA,EN,Federal Contract Tower,0,38,13,0,51,0,0,25,2,27,0,38,38,2,78,10,0,10,88
01/19/2009,CHO,VA,AEA,EN,Federal Contract Tower,0,49,20,0,69,0,0,35,0,35,0,49,55,0,104,50,0,50,154
01/20/2009,CHO,VA,AEA,EN,Federal Contract Tower,0,48,13,0,61,0,0,47,0,47,0,48,60,0,108,14,0,14,122
01/21/2009,CHO,VA,AEA,EN,Federal Contract Tower,0,62,39,12,113,0,0,107,10,117,0,62,146,22,230,54,14,68,298
01/22/2009,CHO,VA,AEA,EN,Federal Contract Tower,0,79,50,9,138,0,0,100,2,102,0,79,150,11,240,118,22,140,380
01/23/2009,CHO,VA,AEA,EN,Federal Contract Tower,0,72,57,0,129,0,0,137,0,137,0,72,194,0,266,124,0,124,390
01/24/2009,CHO,VA,AEA,EN,Federal Contract Tower,0,35,23,0,58,0,0,68,0,68,0,35,91,0,126,48,0,48,174
01/25/2009,CHO,VA,AEA,EN,Federal Contract Tower,0,46,19,0,65,0,0,83,0,83,0,46,102,0,148,80,0,80,228
01/26/2009,CHO,VA,AEA,EN,Federal Contract Tower,0,52,11,3,66,0,0,42,1,43,0,52,53,4,109,30,10,40,149
01/27/2009,CHO,VA,AEA,EN,Federal Contract Tower,0,34,9,0,43,0,0,0,0,0,0,34,9,0,43,0,0,0,43
01/28/2009,CHO,VA,AEA,EN,Federal Contract Tower,0,31,13,0,44,0,0,0,0,0,0,31,13,0,44,0,0,0,44
01/29/2009,CHO,VA,AEA,EN,Federal Contract Tower,0,67,51,16,134,0,0,142,19,161,0,67,193,35,295,104,64,168,463
01/30/2009,CHO,VA,AEA,EN,Federal Contract Tower,0,58,37,2,97,0,0,68,0,68,0,58,105,2,165,60,0,60,225
01/31/2009,CHO,VA,AEA,EN,Federal Contract Tower,0,43,33,2,78,0,0,120,0,120,0,43,153,2,198,72,0,72,270
02/01/2009,CHO,VA,AEA,EN,Federal Contract Tower,0,46,16,0,62,0,0,55,0,55,0,46,71,0,117,30,0,30,147
02/02/2009,CHO,VA,AEA,EN,Federal Contract Tower,0,44,14,4,62,0,0,37,0,37,0,44,51,4,99,30,2,32,131
02/03/2009,CHO,VA,AEA,EN,Federal Contract Tower,0,52,11,8,71,0,0,46,2,48,0,52,57,10,119,62,10,72,191
02/04/2009,CHO,VA,AEA,EN,Federal Contract Tower,0,68,36,9,113,0,0,62,0,62,0,68,98,9,175,40,48,88,263
02/05/2009,CHO,VA,AEA,EN,Federal Contract Tower,0,66,30,13,109,0,0,69,0,69,0,66,99,13,178,58,46,104,282
02/06/2009,CHO,VA,AEA,EN,Federal Contract Tower,0,84,58,4,146,0,0,147,6,153,0,84,205,10,299,116,8,124,423
02/07/2009,CHO,VA,AEA,EN,Federal Contract Tower,0,61,55,0,116,0,0,168,0,168,0,61,223,0,284,104,0,104,388
02/08/2009,CHO,VA,AEA,EN,Federal Contract Tower,0,48,22,0,70,0,0,55,30,85,0,48,77,30,155,6,0,6,161
02/09/2009,CHO,VA,AEA,EN,Federal Contract Tower,0,53,32,13,98,0,0,75,2,77,0,53,107,15,175,32,50,82,257
02/10/2009,CHO,VA,AEA,EN,Federal Contract Tower,0,49,18,1,68,0,0,32,3,35,0,49,50,4,103,24,0,24,127
02/11/2009,CHO,VA,AEA,EN,Federal Contract Tower,0,49,20,2,71,0,0,35,6,41,0,49,55,8,112,22,8,30,142
02/12/2009,CHO,VA,AEA,EN,Federal Contract Tower,0,46,21,0,67,0,0,2,0,2,0,46,23,0,69,0,0,0,69
02/13/2009,CHO,VA,AEA,EN,Federal Contract Tower,0,62,46,3,111,0,0,23,0,23,0,62,69,3,134,12,0,12,146
02/14/2009,CHO,VA,AEA,EN,Federal Contract Tower,0,59,24,0,83,0,0,93,0,93,0,59,117,0,176,102,0,102,278
02/15/2009,CHO,VA,AEA,EN,Federal Contract Tower,0,57,46,0,103,0,0,180,0,180,0,57,226,0,283,140,0,140,423
02/16/2009,CHO,VA,AEA,EN,Federal Contract Tower,0,44,18,0,62,0,0,46,0,46,0,44,64,0,108,4,0,4,112
02/17/2009,CHO,VA,AEA,EN,Federal Contract Tower,0,52,16,4,72,0,0,123,0,123,0,52,139,4,195,108,12,120,315
02/18/2009,CHO,VA,AEA,EN,Federal Contract Tower,0,50,33,0,83,0,0,0,0,0,0,50,33,0,83,0,0,0,83
02/19/2009,CHO,VA,AEA,EN,Federal Contract Tower,0,60,62,12,134,0,0,41,0,41,0,60,103,12,175,30,28,58,233
02/20/2009,CHO,VA,AEA,EN,Federal Contract Tower,0,65,39,8,112,0,0,91,2,93,0,65,130,10,205,40,18,58,263
02/21/2009,CHO,VA,AEA,EN,Federal Contract Tower,0,60,42,0,102,0,0,170,0,170,0,60,212,0,272,130,0,130,402
02/22/2009,CHO,VA,AEA,EN,Federal Contract Tower,0,44,23,2,69,0,0,25,0,25,0,44,48,2,94,10,0,10,104
02/23/2009,CHO,VA,AEA,EN,Federal Contract Tower,0,52,17,4,73,0,0,30,2,32,0,52,47,6,105,20,10,30,135
02/24/2009,CHO,VA,AEA,EN,Federal Contract Tower,0,53,24,9,86,0,0,65,2,67,0,53,89,11,153,32,36,68,221
02/25/2009,CHO,VA,AEA,EN,Federal Contract Tower,0,74,55,2,131,0,0,180,2,182,0,74,235,4,313,78,34,112,425
02/26/2009,CHO,VA,AEA,EN,Federal Contract Tower,0,80,51,10,141,0,0,120,6,126,0,80,171,16,267,94,20,114,381
02/27/2009,CHO,VA,AEA,EN,Federal Contract Tower,0,72,51,4,127,0,0,31,0,31,0,72,82,4,158,0,4,4,162
02/28/2009,CHO,VA,AEA,EN,Federal Contract Tower,0,49,40,0,89,0,0,35,0,35,0,49,75,0,124,48,0,48,172
03/01/2009,CHO,VA,AEA,EN,Federal Contract Tower,0,40,2,0,42,0,0,0,0,0,0,40,2,0,42,0,0,0,42
03/02/2009,CHO,VA,AEA,EN,Federal Contract Tower,0,41,14,0,55,0,0,10,0,10,0,41,24,0,65,0,0,0,65
03/03/2009,CHO,VA,AEA,EN,Federal Contract Tower,0,52,20,0,72,0,0,32,18,50,0,52,52,18,122,12,8,20,142
03/04/2009,CHO,VA,AEA,EN,Federal Contract Tower,0,78,38,0,116,0,0,64,4,68,0,78,102,4,184,54,0,54,238
03/05/2009,CHO,VA,AEA,EN,Federal Contract Tower,0,77,55,2,134,0,1,91,8,100,0,78,146,10,234,94,38,132,366
03/06/2009,CHO,VA,AEA,EN,Federal Contract Tower,0,63,39,0,102,0,0,114,0,114,0,63,153,0,216,92,0,92,308
03/07/2009,CHO,VA,AEA,EN,Federal Contract Tower,0,49,43,0,92,0,0,107,0,107,0,49,150,0,199,78,0,78,277
03/08/2009,CHO,VA,AEA,EN,Federal Contract Tower,0,53,33,0,86,0,0,61,0,61,0,53,94,0,147,54,0,54,201
03/09/2009,CHO,VA,AEA,EN,Federal Contract Tower,0,42,15,8,65,0,20,0,0,20,0,62,15,8,85,10,1,11,96
03/10/2009,CHO,VA,AEA,EN,Federal Contract Tower,0,48,19,6,73,0,0,75,0,75,0,48,94,6,148,56,22,78,226
03/11/2009,CHO,VA,AEA,EN,Federal Contract Tower,0,74,41,0,115,0,0,91,6,97,0,74,132,6,212,36,4,40,252
03/12/2009,CHO,VA,AEA,EN,Federal Contract Tower,0,74,44,10,128,0,0,111,4,115,0,74,155,14,243,112,24,136,379
03/13/2009,CHO,VA,AEA,EN,Federal Contract Tower,0,67,47,2,116,0,0,0,0,0,0,67,47,2,116,0,8,8,124
03/14/2009,CHO,VA,AEA,EN,Federal Contract Tower,0,37,20,0,57,0,0,0,0,0,0,37,20,0,57,0,0,0,57
03/15/2009,CHO,VA,AEA,EN,Federal Contract Tower,0,45,14,1,60,0,0,0,0,0,0,45,14,1,60,0,0,0,60
03/16/2009,CHO,VA,AEA,EN,Federal Contract Tower,0,52,38,0,90,0,0,0,0,0,0,52,38,0,90,6,0,6,96
03/17/2009,CHO,VA,AEA,EN,Federal Contract Tower,0,46,20,2,68,0,5,41,0,46,0,51,61,2,114,50,16,66,180
03/18/2009,CHO,VA,AEA,EN,Federal Contract Tower,2,74,61,8,145,0,0,137,3,140,2,74,198,11,285,88,18,106,391
03/19/2009,CHO,VA,AEA,EN,Federal Contract Tower,0,91,52,4,147,0,0,88,0,88,0,91,140,4,235,88,4,92,327
03/20/2009,CHO,VA,AEA,EN,Federal Contract Tower,0,75,54,2,131,0,0,118,2,120,0,75,172,4,251,102,0,102,353
03/21/2009,CHO,VA,AEA,EN,Federal Contract Tower,0,48,69,0,117,0,0,172,2,174,0,48,241,2,291,160,0,160,451
03/22/2009,CHO,VA,AEA,EN,Federal Contract Tower,0,50,30,0,80,0,0,130,0,130,0,50,160,0,210,98,0,98,308
03/23/2009,CHO,VA,AEA,EN,Federal Contract Tower,0,55,20,2,77,0,0,55,8,63,0,55,75,10,140,40,30,70,210
03/24/2009,CHO,VA,AEA,EN,Federal Contract Tower,0,54,21,2,77,0,0,67,0,67,0,54,88,2,144,30,0,30,174
03/25/2009,CHO,VA,AEA,EN,Federal Contract Tower,0,60,41,9,110,0,0,94,2,96,0,60,135,11,206,38,38,76,282
03/26/2009,CHO,VA,AEA,EN,Federal Contract Tower,0,64,42,0,106,0,0,0,0,0,0,64,42,0,106,0,0,0,106
03/27/2009,CHO,VA,AEA,EN,Federal Contract Tower,0,78,69,10,157,0,0,72,0,72,0,78,141,10,229,84,10,94,323
03/28/2009,CHO,VA,AEA,EN,Federal Contract Tower,0,43,20,0,63,0,0,0,0,0,0,43,20,0,63,4,0,4,67
03/29/2009,CHO,VA,AEA,EN,Federal Contract Tower,0,55,26,0,81,0,0,20,0,20,0,55,46,0,101,20,0,20,121
03/30/2009,CHO,VA,AEA,EN,Federal Contract Tower,0,53,23,3,79,0,0,55,2,57,0,53,78,5,136,40,24,64,200
03/31/2009,CHO,VA,AEA,EN,Federal Contract Tower,0,49,27,0,76,0,1,138,2,141,0,50,165,2,217,108,4,112,329
04/01/2009,CHO,VA,AEA,EN,Federal Contract Tower,0,41,21,0,62,0,0,0,0,0,0,41,21,0,62,0,0,0,62
04/02/2009,CHO,VA,AEA,EN,Federal Contract Tower,0,45,11,2,58,0,0,0,0,0,0,45,11,2,58,0,0,0,58
04/03/2009,CHO,VA,AEA,EN,Federal Contract Tower,0,60,60,0,120,0,0,25,0,25,0,60,85,0,145,28,0,28,173
04/04/2009,CHO,VA,AEA,EN,Federal Contract Tower,0,44,30,0,74,0,0,0,0,0,0,44,30,0,74,0,0,0,74
04/05/2009,CHO,VA,AEA,EN,Federal Contract Tower,0,47,36,1,84,0,0,145,0,145,0,47,181,1,229,70,0,70,299
04/06/2009,CHO,VA,AEA,EN,Federal Contract Tower,0,51,19,0,70,0,0,34,8,42,0,51,53,8,112,30,24,54,166
04/07/2009,CHO,VA,AEA,EN,Federal Contract Tower,0,52,15,2,69,0,0,44,0,44,0,52,59,2,113,12,6,18,131
04/08/2009,CHO,VA,AEA,EN,Federal Contract Tower,0,63,42,0,105,0,0,60,0,60,0,63,102,0,165,26,0,26,191
04/09/2009,CHO,VA,AEA,EN,Federal Contract Tower,0,73,57,4,134,0,0,153,4,157,0,73,210,8,291,116,18,134,425
04/10/2009,CHO,VA,AEA,EN,Federal Contract Tower,0,81,58,0,139,0,0,82,4,86,0,81,140,4,225,62,8,70,295
04/11/2009,CHO,VA,AEA,EN,Federal Contract Tower,0,40,30,0,70,0,0,14,0,14,0,40,44,0,84,0,0,0,84
04/12/2009,CHO,VA,AEA,EN,Federal Contract Tower,0,58,63,0,121,0,0,110,0,110,0,58,173,0,231,48,0,48,279
04/13/2009,CHO,VA,AEA,EN,Federal Contract Tower,0,64,38,4,106,0,0,54,0,54,0,64,92,4,160,46,16,62,222
04/14/2009,CHO,VA,AEA,EN,Federal Contract Tower,0,45,14,0,59,0,0,0,0,0,0,45,14,0,59,0,0,0,59
04/15/2009,CHO,VA,AEA,EN,Federal Contract Tower,0,57,46,0,103,0,0,29,0,29,0,57,75,0,132,108,0,108,240
04/16/2009,CHO,VA,AEA,EN,Federal Contract Tower,0,97,81,6,184,0,0,168,6,174,0,97,249,12,358,150,20,170,528
04/17/2009,CHO,VA,AEA,EN,Federal Contract Tower,0,74,72,7,153,0,0,146,8,154,0,74,218,15,307,154,20,174,481
04/18/2009,CHO,VA,AEA,EN,Federal Contract Tower,0,50,48,0,98,0,0,158,0,158,0,50,206,0,256,118,0,118,374
04/19/2009,CHO,VA,AEA,EN,Federal Contract Tower,0,48,26,10,84,0,0,115,0,115,0,48,141,10,199,62,6,68,267
04/20/2009,CHO,VA,AEA,EN,Federal Contract Tower,0,52,34,0,86,0,0,0,0,0,0,52,34,0,86,0,0,0,86
04/21/2009,CHO,VA,AEA,EN,Federal Contract Tower,0,51,21,4,76,0,0,71,2,73,0,51,92,6,149,91,8,99,248
04/22/2009,CHO,VA,AEA,EN,Federal Contract Tower,0,70,61,6,137,0,0,144,2,146,0,70,205,8,283,82,2,84,367
04/23/2009,CHO,VA,AEA,EN,Federal Contract Tower,0,90,77,5,172,0,0,199,6,205,0,90,276,11,377,108,20,128,505
04/24/2009,CHO,VA,AEA,EN,Federal Contract Tower,0,92,80,2,174,0,0,164,9,173,0,92,244,11,347,15,1,16,363
04/25/2009,CHO,VA,AEA,EN,Federal Contract Tower,0,58,44,0,102,0,0,148,0,148,0,58,192,0,250,56,0,56,306
04/26/2009,CHO,VA,AEA,EN,Federal Contract Tower,0,59,53,0,112,0,0,150,0,150,0,59,203,0,262,60,0,60,322
04/27/2009,CHO,VA,AEA,EN,Federal Contract Tower,0,53,20,11,84,0,0,90,2,92,0,53,110,13,176,50,50,100,276
04/28/2009,CHO,VA,AEA,EN,Federal Contract Tower,0,49,32,3,84,0,0,100,4,104,0,49,132,7,188,90,0,90,278
04/29/2009,CHO,VA,AEA,EN,Federal Contract Tower,0,48,39,0,87,0,0,10,0,10,0,48,49,0,97,24,0,24,121
04/30/2009,CHO,VA,AEA,EN,Federal Contract Tower,0,63,45,0,108,0,0,7,0,7,0,63,52,0,115,26,0,26,141
05/01/2009,CHO,VA,AEA,EN,Federal Contract Tower,0,72,51,0,123,0,0,65,4,69,0,72,116,4,192,130,8,138,330
05/02/2009,CHO,VA,AEA,EN,Federal Contract Tower,0,38,32,0,70,0,0,73,0,73,0,38,105,0,143,56,0,56,199
05/03/2009,CHO,VA,AEA,EN,Federal Contract Tower,0,44,26,0,70,0,0,0,0,0,0,44,26,0,70,0,0,0,70
05/04/2009,CHO,VA,AEA,EN,Federal Contract Tower,0,53,30,0,83,0,0,5,0,5,0,53,35,0,88,0,0,0,88
05/05/2009,CHO,VA,AEA,EN,Federal Contract Tower,1,49,30,0,80,0,0,2,0,2,1,49,32,0,82,0,0,0,82
05/06/2009,CHO,VA,AEA,EN,Federal Contract Tower,0,58,32,0,90,0,0,0,0,0,0,58,32,0,90,0,0,0,90
05/07/2009,CHO,VA,AEA,EN,Federal Contract Tower,0,77,71,2,150,0,0,76,0,76,0,77,147,2,226,74,4,78,304
05/08/2009,CHO,VA,AEA,EN,Federal Contract Tower,0,85,76,9,170,0,0,129,7,136,0,85,205,16,306,140,28,168,474
05/09/2009,CHO,VA,AEA,EN,Federal Contract Tower,0,45,38,0,83,0,0,50,3,53,0,45,88,3,136,52,0,52,188
05/10/2009,CHO,VA,AEA,EN,Federal Contract Tower,0,68,33,7,108,0,0,125,0,125,0,68,158,7,233,30,10,40,273
05/11/2009,CHO,VA,AEA,EN,Federal Contract Tower,0,51,33,6,90,0,0,38,0,38,0,51,71,6,128,40,14,54,182
05/12/2009,CHO,VA,AEA,EN,Federal Contract Tower,0,51,28,6,85,0,0,117,12,129,0,51,145,18,214,66,0,66,280
05/13/2009,CHO,VA,AEA,EN,Federal Contract Tower,0,80,65,10,155,0,0,146,8,154,0,80,211,18,309,108,60,168,477
05/14/2009,CHO,VA,AEA,EN,Federal Contract Tower,0,86,79,1,166,0,0,64,0,64,0,86,143,1,230,52,0,52,282
05/15/2009,CHO,VA,AEA,EN,Federal Contract Tower,0,72,54,0,126,0,0,137,8,145,0,72,191,8,271,156,0,156,427
05/16/2009,CHO,VA,AEA,EN,Federal Contract Tower,0,42,31,0,73,0,0,46,0,46,0,42,77,0,119,26,0,26,145
05/17/2009,CHO,VA,AEA,EN,Federal Contract Tower,0,52,31,0,83,0,0,41,0,41,0,52,72,0,124,20,0,20,144
05/18/2009,CHO,VA,AEA,EN,Federal Contract Tower,0,53,28,0,81,0,0,90,4,94,0,53,118,4,175,60,10,70,245
05/19/2009,CHO,VA,AEA,EN,Federal Contract Tower,0,47,27,5,79,0,0,105,4,109,0,47,132,9,188,50,4,54,242
05/20/2009,CHO,VA,AEA,EN,Federal Contract Tower,0,65,43,4,112,0,0,125,0,125,0,65,168,4,237,46,0,46,283
05/21/2009,CHO,VA,AEA,EN,Federal Contract Tower,0,92,78,2,172,0,0,131,1,132,0,92,209,3,304,84,0,84,388
05/22/2009,CHO,VA,AEA,EN,Federal Contract Tower,0,90,73,3,166,0,0,150,8,158,0,90,223,11,324,148,18,166,490
05/23/2009,CHO,VA,AEA,EN,Federal Contract Tower,0,48,57,2,107,0,0,149,0,149,0,48,206,2,256,106,0,106,362
05/24/2009,CHO,VA,AEA,EN,Federal Contract Tower,0,38,19,0,57,0,0,76,0,76,0,38,95,0,133,20,0,20,153
05/25/2009,CHO,VA,AEA,EN,Federal Contract Tower,0,57,33,0,90,0,0,27,0,27,0,57,60,0,117,33,0,33,150
05/26/2009,CHO,VA,AEA,EN,Federal Contract Tower,0,47,12,0,59,0,0,0,0,0,0,47,12,0,59,0,0,0,59
05/27/2009,CHO,VA,AEA,EN,Federal Contract Tower,0,55,44,2,101,0,0,0,0,0,0,55,44,2,101,0,0,0,101
05/28/2009,CHO,VA,AEA,EN,Federal Contract Tower,0,58,43,1,102,0,0,14,0,14,0,58,57,1,116,16,4,20,136
05/29/2009,CHO,VA,AEA,EN,Federal Contract Tower,0,79,47,10,136,0,0,56,9,65,0,79,103,19,201,110,28,138,339
05/30/2009,CHO,VA,AEA,EN,Federal Contract Tower,0,49,37,0,86,0,0,113,0,113,0,49,150,0,199,98,0,98,297
05/31/2009,CHO,VA,AEA,EN,Federal Contract Tower,0,48,26,0,74,0,0,120,0,120,0,48,146,0,194,60,0,60,254
06/01/2009,CHO,VA,AEA,EN,Federal Contract Tower,0,57,22,6,85,0,0,70,0,70,0,57,92,6,155,50,16,66,221
06/02/2009,CHO,VA,AEA,EN,Federal Contract Tower,0,47,19,6,72,0,0,90,0,90,0,47,109,6,162,40,6,46,208
06/03/2009,CHO,VA,AEA,EN,Federal Contract Tower,0,47,34,0,81,0,0,70,0,70,0,47,104,0,151,56,0,56,207
06/04/2009,CHO,VA,AEA,EN,Federal Contract Tower,0,64,51,3,118,0,0,0,0,0,0,64,51,3,118,0,0,0,118
06/05/2009,CHO,VA,AEA,EN,Federal Contract Tower,0,57,31,6,94,0,0,0,0,0,0,57,31,6,94,16,0,16,110
06/06/2009,CHO,VA,AEA,EN,Federal Contract Tower,0,42,37,0,79,0,0,96,0,96,0,42,133,0,175,40,0,40,215
06/07/2009,CHO,VA,AEA,EN,Federal Contract Tower,0,48,31,2,81,0,0,85,2,87,0,48,116,4,168,50,0,50,218
06/08/2009,CHO,VA,AEA,EN,Federal Contract Tower,0,56,24,6,86,0,0,71,5,76,0,56,95,11,162,50,30,80,242
06/09/2009,CHO,VA,AEA,EN,Federal Contract Tower,0,46,22,2,70,0,0,27,0,27,0,46,49,2,97,30,0,30,127
06/10/2009,CHO,VA,AEA,EN,Federal Contract Tower,0,63,33,4,100,0,80,0,0,80,0,143,33,4,180,70,24,94,274
06/11/2009,CHO,VA,AEA,EN,Federal Contract Tower,0,47,25,0,72,0,0,17,0,17,0,47,42,0,89,40,0,40,129
06/12/2009,CHO,VA,AEA,EN,Federal Contract Tower,0,80,73,7,160,0,0,116,4,120,0,80,189,11,280,34,74,108,388
06/13/2009,CHO,VA,AEA,EN,Federal Contract Tower,0,37,41,0,78,0,0,90,6,96,0,37,131,6,174,94,0,94,268
06/14/2009,CHO,VA,AEA,EN,Federal Contract Tower,0,54,41,0,95,0,0,123,0,123,0,54,164,0,218,50,0,50,268
06/15/2009,CHO,VA,AEA,EN,Federal Contract Tower,0,56,33,6,95,0,0,50,0,50,0,56,83,6,145,50,16,66,211
06/16/2009,CHO,VA,AEA,EN,Federal Contract Tower,0,50,30,0,80,0,0,100,8,108,0,50,130,8,188,76,2,78,266
06/17/2009,CHO,VA,AEA,EN,Federal Contract Tower,0,58,28,0,86,0,0,0,0,0,0,58,28,0,86,0,0,0,86
06/18/2009,CHO,VA,AEA,EN,Federal Contract Tower,1,53,35,2,91,0,0,96,2,98,1,53,131,4,189,52,0,52,241
06/19/2009,CHO,VA,AEA,EN,Federal Contract Tower,0,53,43,0,96,0,0,113,4,117,0,53,156,4,213,94,8,102,315
06/20/2009,CHO,VA,AEA,EN,Federal Contract Tower,0,41,31,0,72,0,0,91,0,91,0,41,122,0,163,92,0,92,255
06/21/2009,CHO,VA,AEA,EN,Federal Contract Tower,0,48,39,0,87,0,0,70,2,72,0,48,109,2,159,60,0,60,219
06/22/2009,CHO,VA,AEA,EN,Federal Contract Tower,0,54,28,7,89,0,0,71,2,73,0,54,99,9,162,50,32,82,244
06/23/2009,CHO,VA,AEA,EN,Federal Contract Tower,0,53,32,8,93,0,0,107,0,107,0,53,139,8,200,74,16,90,290
06/24/2009,CHO,VA,AEA,EN,Federal Contract Tower,0,64,43,4,111,0,0,133,0,133,0,64,176,4,244,96,14,110,354
06/25/2009,CHO,VA,AEA,EN,Federal Contract Tower,0,74,62,2,138,0,0,108,10,118,0,74,170,12,256,78,38,116,372
06/26/2009,CHO,VA,AEA,EN,Federal Contract Tower,0,72,47,10,129,0,0,103,6,109,0,72,150,16,238,90,56,146,384
06/27/2009,CHO,VA,AEA,EN,Federal Contract Tower,0,49,39,0,88,0,0,94,0,94,0,49,133,0,182,72,0,72,254
06/28/2009,CHO,VA,AEA,EN,Federal Contract Tower,0,44,36,0,80,0,0,80,0,80,0,44,116,0,160,70,0,70,230
06/29/2009,CHO,VA,AEA,EN,Federal Contract Tower,0,54,20,0,74,0,0,45,6,51,0,54,65,6,125,50,14,64,189
06/30/2009,CHO,VA,AEA,EN,Federal Contract Tower,0,45,21,8,74,0,0,80,2,82,0,45,101,10,156,104,26,130,286
07/01/2009,CHO,VA,AEA,EN,Federal Contract Tower,0,50,48,0,98,0,0,45,21,66,0,50,93,21,164,24,2,26,190
07/02/2009,CHO,VA,AEA,EN,Federal Contract Tower,0,64,45,0,109,0,0,82,8,90,0,64,127,8,199,66,24,90,289
07/03/2009,CHO,VA,AEA,EN,Federal Contract Tower,0,78,57,6,141,0,0,108,0,108,0,78,165,6,249,126,16,142,391
07/04/2009,CHO,VA,AEA,EN,Federal Contract Tower,0,34,22,0,56,0,0,68,0,68,0,34,90,0,124,40,0,40,164
07/05/2009,CHO,VA,AEA,EN,Federal Contract Tower,0,40,25,0,65,0,0,0,0,0,0,40,25,0,65,0,0,0,65
07/06/2009,CHO,VA,AEA,EN,Federal Contract Tower,0,61,41,5,107,0,0,140,1,141,0,61,181,6,248,70,36,106,354
07/07/2009,CHO,VA,AEA,EN,Federal Contract Tower,0,47,28,6,81,0,0,92,4,96,0,47,120,10,177,66,10,76,253
07/08/2009,CHO,VA,AEA,EN,Federal Contract Tower,0,62,42,2,106,0,0,128,4,132,0,62,170,6,238,124,4,128,366
07/09/2009,CHO,VA,AEA,EN,Federal Contract Tower,0,70,39,2,111,0,0,84,4,88,0,70,123,6,199,124,16,140,339
07/10/2009,CHO,VA,AEA,EN,Federal Contract Tower,0,61,27,6,94,0,0,84,0,84,0,61,111,6,178,112,0,112,290
07/11/2009,CHO,VA,AEA,EN,Federal Contract Tower,0,47,40,2,89,0,0,94,0,94,0,47,134,2,183,34,0,34,217
07/12/2009,CHO,VA,AEA,EN,Federal Contract Tower,0,41,38,2,81,0,0,55,0,55,0,41,93,2,136,24,0,24,160
07/13/2009,CHO,VA,AEA,EN,Federal Contract Tower,0,50,24,0,74,0,0,85,2,87,0,50,109,2,161,60,0,60,221
07/14/2009,CHO,VA,AEA,EN,Federal Contract Tower,0,47,22,0,69,0,2,90,0,92,0,49,112,0,161,72,4,76,237
07/15/2009,CHO,VA,AEA,EN,Federal Contract Tower,0,54,40,0,94,0,0,93,6,99,0,54,133,6,193,34,4,38,231
07/16/2009,CHO,VA,AEA,EN,Federal Contract Tower,0,65,54,10,129,0,0,91,4,95,0,65,145,14,224,64,46,110,334
07/17/2009,CHO,VA,AEA,EN,Federal Contract Tower,0,48,34,6,88,0,0,82,2,84,0,48,116,8,172,138,8,146,318
07/18/2009,CHO,VA,AEA,EN,Federal Contract Tower,0,33,11,1,45,0,0,77,0,77,0,33,88,1,122,30,0,30,152
07/19/2009,CHO,VA,AEA,EN,Federal Contract Tower,0,57,38,0,95,0,0,102,0,102,0,57,140,0,197,70,0,70,267
07/20/2009,CHO,VA,AEA,EN,Federal Contract Tower,0,55,22,2,79,0,0,35,0,35,0,55,57,2,114,58,4,62,176
07/21/2009,CHO,VA,AEA,EN,Federal Contract Tower,0,46,18,4,68,0,0,87,2,89,0,46,105,6,157,84,20,104,261
07/22/2009,CHO,VA,AEA,EN,Federal Contract Tower,0,52,52,9,113,0,0,135,9,144,0,52,187,18,257,42,38,80,337
07/23/2009,CHO,VA,AEA,EN,Federal Contract Tower,0,85,45,6,136,0,0,65,0,65,0,85,110,6,201,50,0,50,251
07/24/2009,CHO,VA,AEA,EN,Federal Contract Tower,0,69,51,10,130,0,0,133,0,133,0,69,184,10,263,116,52,168,431
07/25/2009,CHO,VA,AEA,EN,Federal Contract Tower,0,36,27,0,63,0,0,62,0,62,0,36,89,0,125,44,0,44,169
07/26/2009,CHO,VA,AEA,EN,Federal Contract Tower,0,41,37,0,78,0,0,70,0,70,0,41,107,0,148,50,0,50,198
07/27/2009,CHO,VA,AEA,EN,Federal Contract Tower,0,55,27,2,84,0,0,65,0,65,0,55,92,2,149,10,0,10,159
07/28/2009,CHO,VA,AEA,EN,Federal Contract Tower,0,47,16,6,69,0,0,74,0,74,0,47,90,6,143,28,10,38,181
07/29/2009,CHO,VA,AEA,EN,Federal Contract Tower,0,55,38,2,95,0,0,51,0,51,0,55,89,2,146,20,0,20,166
07/30/2009,CHO,VA,AEA,EN,Federal Contract Tower,0,50,24,2,76,0,0,97,4,101,0,50,121,6,177,72,0,72,249
07/31/2009,CHO,VA,AEA,EN,Federal Contract Tower,0,50,34,6,90,0,0,79,2,81,0,50,113,8,171,74,12,86,257
08/01/2009,CHO,VA,AEA,EN,Federal Contract Tower,0,53,43,0,96,0,0,136,0,136,0,53,179,0,232,90,0,90,322
08/02/2009,CHO,VA,AEA,EN,Federal Contract Tower,0,41,20,0,61,0,0,20,0,20,0,41,40,0,81,10,0,10,91
08/03/2009,CHO,VA,AEA,EN,Federal Contract Tower,0,57,26,4,87,0,0,70,0,70,0,57,96,4,157,50,0,50,207
08/04/2009,CHO,VA,AEA,EN,Federal Contract Tower,0,52,26,2,80,0,0,105,0,105,0,52,131,2,185,54,0,54,239
08/05/2009,CHO,VA,AEA,EN,Federal Contract Tower,0,49,23,0,72,0,0,71,22,93,0,49,94,22,165,18,4,22,187
08/06/2009,CHO,VA,AEA,EN,Federal Contract Tower,0,62,49,0,111,0,0,44,0,44,0,62,93,0,155,10,0,10,165
08/07/2009,CHO,VA,AEA,EN,Federal Contract Tower,0,68,44,4,116,0,0,119,4,123,0,68,163,8,239,76,10,86,325
08/08/2009,CHO,VA,AEA,EN,Federal Contract Tower,0,51,32,0,83,0,0,91,0,91,0,51,123,0,174,32,0,32,206
08/09/2009,CHO,VA,AEA,EN,Federal Contract Tower,0,47,29,0,76,0,0,105,1,106,0,47,134,1,182,50,0,50,232
08/10/2009,CHO,VA,AEA,EN,Federal Contract Tower,0,58,22,2,82,0,0,45,0,45,0,58,67,2,127,30,0,30,157
08/11/2009,CHO,VA,AEA,EN,Federal Contract Tower,0,47,33,3,83,0,0,73,4,77,0,47,106,7,160,34,32,66,226
08/12/2009,CHO,VA,AEA,EN,Federal Contract Tower,0,63,37,0,100,0,0,75,4,79,0,63,112,4,179,26,0,26,205
08/13/2009,CHO,VA,AEA,EN,Federal Contract Tower,0,70,43,6,119,0,0,119,0,119,0,70,162,6,238,78,8,86,324
08/14/2009,CHO,VA,AEA,EN,Federal Contract Tower,0,48,37,1,86,0,0,92,0,92,0,48,129,1,178,64,0,64,242
08/15/2009,CHO,VA,AEA,EN,Federal Contract Tower,0,55,42,0,97,0,0,104,0,104,0,55,146,0,201,56,0,56,257
08/16/2009,CHO,VA,AEA,EN,Federal Contract Tower,0,47,33,1,81,0,0,86,0,86,0,47,119,1,167,78,0,78,245
08/17/2009,CHO,VA,AEA,EN,Federal Contract Tower,0,39,22,5,66,0,0,65,0,65,0,39,87,5,131,20,20,40,171
08/18/2009,CHO,VA,AEA,EN,Federal Contract Tower,0,52,28,0,80,0,0,58,0,58,0,52,86,0,138,36,2,38,176
08/19/2009,CHO,VA,AEA,EN,Federal Contract Tower,0,53,48,1,102,0,0,47,3,50,0,53,95,4,152,24,0,24,176
08/20/2009,CHO,VA,AEA,EN,Federal Contract Tower,0,84,62,6,152,0,0,110,6,116,0,84,172,12,268,80,42,122,390
08/21/2009,CHO,VA,AEA,EN,Federal Contract Tower,0,76,44,8,128,0,0,97,2,99,0,76,141,10,227,84,16,100,327
08/22/2009,CHO,VA,AEA,EN,Federal Contract Tower,0,38,20,0,58,0,0,2,0,2,0,38,22,0,60,0,0,0,60
08/23/2009,CHO,VA,AEA,EN,Federal Contract Tower,0,50,34,0,84,0,0,130,0,130,0,50,164,0,214,52,0,52,266
08/24/2009,CHO,VA,AEA,EN,Federal Contract Tower,0,49,22,14,85,0,0,95,12,107,0,49,117,26,192,60,58,118,310
08/25/2009,CHO,VA,AEA,EN,Federal Contract Tower,0,49,37,0,86,0,6,90,2,98,0,55,127,2,184,40,12,52,236
08/26/2009,CHO,VA,AEA,EN,Federal Contract Tower,0,67,43,2,112,0,0,119,4,123,0,67,162,6,235,38,10,48,283
08/27/2009,CHO,VA,AEA,EN,Federal Contract Tower,0,73,57,6,136,0,10,120,6,136,0,83,177,12,272,92,24,116,388
08/28/2009,CHO,VA,AEA,EN,Federal Contract Tower,0,72,42,0,114,0,0,40,6,46,0,72,82,6,160,46,0,46,206
08/29/2009,CHO,VA,AEA,EN,Federal Contract Tower,0,30,21,0,51,0,0,52,0,52,0,30,73,0,103,38,0,38,141
08/30/2009,CHO,VA,AEA,EN,Federal Contract Tower,0,41,21,0,62,0,0,97,0,97,0,41,118,0,159,50,0,50,209
08/31/2009,CHO,VA,AEA,EN,Federal Contract Tower,0,57,22,2,81,0,0,45,0,45,0,57,67,2,126,30,10,40,166
09/01/2009,CHO,VA,AEA,EN,Federal Contract Tower,0,45,37,18,100,0,0,87,4,91,0,45,124,22,191,40,58,98,289
09/02/2009,CHO,VA,AEA,EN,Federal Contract Tower,0,58,52,4,114,0,0,101,4,105,0,58,153,8,219,66,22,88,307
09/03/2009,CHO,VA,AEA,EN,Federal Contract Tower,0,47,44,8,99,0,0,104,3,107,0,47,148,11,206,82,26,108,314
09/04/2009,CHO,VA,AEA,EN,Federal Contract Tower,0,76,62,1,139,0,0,2,0,2,0,76,64,1,141,112,6,118,259
09/05/2009,CHO,VA,AEA,EN,Federal Contract Tower,2,67,34,0,103,0,0,106,2,108,2,67,140,2,211,70,0,70,281
09/06/2009,CHO,VA,AEA,EN,Federal Contract Tower,0,47,39,0,86,0,0,131,0,131,0,47,170,0,217,72,0,72,289
09/07/2009,CHO,VA,AEA,EN,Federal Contract Tower,0,42,31,0,73,0,0,25,0,25,0,42,56,0,98,0,0,0,98
09/08/2009,CHO,VA,AEA,EN,Federal Contract Tower,0,45,34,3,82,0,0,17,0,17,0,45,51,3,99,40,0,40,139
09/09/2009,CHO,VA,AEA,EN,Federal Contract Tower,0,70,58,0,128,0,0,133,2,135,0,70,191,2,263,52,10,62,325
09/10/2009,CHO,VA,AEA,EN,Federal Contract Tower,0,74,75,0,149,0,0,89,0,89,0,74,164,0,238,44,16,60,298
09/11/2009,CHO,VA,AEA,EN,Federal Contract Tower,2,88,71,2,163,0,133,9,0,142,2,221,80,2,305,112,20,132,437
09/12/2009,CHO,VA,AEA,EN,Federal Contract Tower,4,40,40,4,88,0,0,84,0,84,4,40,124,4,172,86,14,100,272
09/13/2009,CHO,VA,AEA,EN,Federal Contract Tower,0,46,35,0,81,0,0,125,1,126,0,46,160,1,207,40,0,40,247
09/14/2009,CHO,VA,AEA,EN,Federal Contract Tower,0,45,18,3,66,0,0,40,1,41,0,45,58,4,107,0,20,20,127
09/15/2009,CHO,VA,AEA,EN,Federal Contract Tower,0,46,22,3,71,0,0,98,0,98,0,46,120,3,169,60,20,80,249
09/16/2009,CHO,VA,AEA,EN,Federal Contract Tower,0,45,40,3,88,0,0,15,2,17,0,45,55,5,105,2,0,2,107
09/17/2009,CHO,VA,AEA,EN,Federal Contract Tower,0,64,53,0,117,0,0,0,0,0,0,64,53,0,117,0,0,0,117
09/18/2009,CHO,VA,AEA,EN,Federal Contract Tower,2,55,43,0,100,0,0,30,6,36,2,55,73,6,136,16,0,16,152
09/19/2009,CHO,VA,AEA,EN,Federal Contract Tower,2,43,44,0,89,0,0,109,2,111,2,43,153,2,200,90,0,90,290
09/20/2009,CHO,VA,AEA,EN,Federal Contract Tower,0,57,40,0,97,0,0,83,0,83,0,57,123,0,180,50,0,50,230
09/21/2009,CHO,VA,AEA,EN,Federal Contract Tower,0,51,27,4,82,0,0,70,6,76,0,51,97,10,158,50,30,80,238
09/22/2009,CHO,VA,AEA,EN,Federal Contract Tower,0,48,23,4,75,0,0,18,4,22,0,48,41,8,97,14,0,14,111
09/23/2009,CHO,VA,AEA,EN,Federal Contract Tower,0,60,41,0,101,0,0,58,6,64,0,60,99,6,165,28,4,32,197
09/24/2009,CHO,VA,AEA,EN,Federal Contract Tower,0,72,59,8,139,0,0,123,10,133,0,72,182,18,272,89,6,95,367
09/25/2009,CHO,VA,AEA,EN,Federal Contract Tower,0,64,52,2,118,0,0,66,0,66,0,64,118,2,184,64,0,64,248
09/26/2009,CHO,VA,AEA,EN,Federal Contract Tower,0,42,21,0,63,0,0,7,0,7,0,42,28,0,70,8,0,8,78
09/27/2009,CHO,VA,AEA,EN,Federal Contract Tower,0,48,30,0,78,0,0,75,0,75,0,48,105,0,153,60,0,60,213
09/28/2009,CHO,VA,AEA,EN,Federal Contract Tower,0,56,33,3,92,0,0,55,2,57,0,56,88,5,149,50,26,76,225
09/29/2009,CHO,VA,AEA,EN,Federal Contract Tower,0,41,38,0,79,0,0,71,2,73,0,41,109,2,152,38,2,40,192
09/30/2009,CHO,VA,AEA,EN,Federal Contract Tower,0,54,47,3,104,0,0,132,4,136,0,54,179,7,240,58,4,62,302
10/01/2009,CHO,VA,AEA,EN,Federal Contract Tower,1,97,95,4,197,0,0,155,2,157,1,97,250,6,354,108,2,110,464
10/02/2009,CHO,VA,AEA,EN,Federal Contract Tower,0,90,77,6,173,0,0,135,6,141,0,90,212,12,314,108,22,130,444
10/03/2009,CHO,VA,AEA,EN,Federal Contract Tower,0,42,35,0,77,0,0,65,0,65,0,42,100,0,142,56,10,66,208
10/04/2009,CHO,VA,AEA,EN,Federal Contract Tower,0,57,47,0,104,0,0,97,4,101,0,57,144,4,205,56,0,56,261
10/05/2009,CHO,VA,AEA,EN,Federal Contract Tower,0,53,37,4,94,0,0,72,4,76,0,53,109,8,170,60,10,70,240
10/06/2009,CHO,VA,AEA,EN,Federal Contract Tower,0,46,30,5,81,0,0,66,2,68,0,46,96,7,149,64,10,74,223
10/07/2009,CHO,VA,AEA,EN,Federal Contract Tower,0,55,29,0,84,0,0,50,12,62,0,55,79,12,146,26,4,30,176
10/08/2009,CHO,VA,AEA,EN,Federal Contract Tower,0,74,62,8,144,0,0,115,8,123,0,74,177,16,267,106,24,130,397
10/09/2009,CHO,VA,AEA,EN,Federal Contract Tower,1,62,65,10,138,0,0,91,4,95,1,62,156,14,233,80,40,120,353
10/10/2009,CHO,VA,AEA,EN,Federal Contract Tower,1,46,49,0,96,0,0,40,0,40,1,46,89,0,136,12,0,12,148
10/11/2009,CHO,VA,AEA,EN,Federal Contract Tower,0,53,37,0,90,0,0,140,0,140,0,53,177,0,230,60,0,60,290
10/12/2009,CHO,VA,AEA,EN,Federal Contract Tower,0,69,47,0,116,0,0,66,0,66,0,69,113,0,182,40,0,40,222
10/13/2009,CHO,VA,AEA,EN,Federal Contract Tower,0,49,38,16,103,0,0,77,5,82,0,49,115,21,185,52,18,70,255
10/14/2009,CHO,VA,AEA,EN,Federal Contract Tower,0,56,43,0,99,0,0,36,4,40,0,56,79,4,139,50,8,58,197
10/15/2009,CHO,VA,AEA,EN,Federal Contract Tower,0,64,48,0,112,0,0,0,0,0,0,64,48,0,112,50,8,58,170
10/16/2009,CHO,VA,AEA,EN,Federal Contract Tower,0,96,73,18,187,0,0,3,0,3,0,96,76,18,190,24,18,42,232
10/17/2009,CHO,VA,AEA,EN,Federal Contract Tower,0,31,23,0,54,0,0,39,0,39,0,31,62,0,93,22,0,22,115
10/18/2009,CHO,VA,AEA,EN,Federal Contract Tower,0,47,25,0,72,0,0,37,0,37,0,47,62,0,109,20,0,20,129
10/19/2009,CHO,VA,AEA,EN,Federal Contract Tower,0,49,30,1,80,0,0,97,2,99,0,49,127,3,179,50,2,52,231
10/20/2009,CHO,VA,AEA,EN,Federal Contract Tower,0,59,26,3,88,0,0,101,5,106,0,59,127,8,194,70,2,72,266
10/21/2009,CHO,VA,AEA,EN,Federal Contract Tower,0,69,68,5,142,0,0,145,0,145,0,69,213,5,287,142,6,148,435
10/22/2009,CHO,VA,AEA,EN,Federal Contract Tower,0,85,80,2,167,0,0,113,0,113,0,85,193,2,280,86,14,100,380
10/23/2009,CHO,VA,AEA,EN,Federal Contract Tower,2,120,97,5,224,0,0,32,0,32,2,120,129,5,256,36,6,42,298
10/24/2009,CHO,VA,AEA,EN,Federal Contract Tower,2,43,40,0,85,0,0,4,0,4,2,43,44,0,89,0,0,0,89
10/25/2009,CHO,VA,AEA,EN,Federal Contract Tower,0,46,42,1,89,0,0,100,0,100,0,46,142,1,189,54,0,54,243
10/26/2009,CHO,VA,AEA,EN,Federal Contract Tower,0,54,39,7,100,0,0,85,0,85,0,54,124,7,185,40,40,80,265
10/27/2009,CHO,VA,AEA,EN,Federal Contract Tower,0,42,28,4,74,0,0,2,0,2,0,42,30,4,76,8,0,8,84
10/28/2009,CHO,VA,AEA,EN,Federal Contract Tower,0,66,37,2,105,0,0,85,0,85,0,66,122,2,190,80,2,82,272
10/29/2009,CHO,VA,AEA,EN,Federal Contract Tower,0,62,55,41,158,0,0,92,7,99,0,62,147,48,257,78,116,194,451
10/30/2009,CHO,VA,AEA,EN,Federal Contract Tower,0,57,32,0,89,0,0,0,0,0,0,57,32,0,89,0,0,0,89
10/31/2009,CHO,VA,AEA,EN,Federal Contract Tower,1,47,29,0,77,0,0,0,0,0,1,47,29,0,77,10,0,10,87
11/01/2009,CHO,VA,AEA,EN,Federal Contract Tower,0,46,23,0,69,0,0,16,0,16,0,46,39,0,85,0,0,0,85
11/02/2009,CHO,VA,AEA,EN,Federal Contract Tower,0,43,20,4,67,0,0,56,20,76,0,43,76,24,143,20,20,40,183
11/03/2009,CHO,VA,AEA,EN,Federal Contract Tower,0,49,38,6,93,0,0,100,2,102,0,49,138,8,195,70,38,108,303
11/04/2009,CHO,VA,AEA,EN,Federal Contract Tower,0,53,42,2,97,0,0,156,2,158,0,53,198,4,255,74,6,80,335
11/05/2009,CHO,VA,AEA,EN,Federal Contract Tower,1,76,53,11,141,0,0,124,15,139,1,76,177,26,280,74,34,108,388
11/06/2009,CHO,VA,AEA,EN,Federal Contract Tower,1,126,122,2,251,0,0,131,0,131,1,126,253,2,382,62,0,62,444
11/07/2009,CHO,VA,AEA,EN,Federal Contract Tower,0,42,43,0,85,0,0,107,2,109,0,42,150,2,194,40,0,40,234
11/08/2009,CHO,VA,AEA,EN,Federal Contract Tower,0,49,55,0,104,0,0,130,0,130,0,49,185,0,234,50,0,50,284
11/09/2009,CHO,VA,AEA,EN,Federal Contract Tower,0,50,23,14,87,0,0,86,4,90,0,50,109,18,177,40,22,62,239
11/10/2009,CHO,VA,AEA,EN,Federal Contract Tower,0,44,18,5,67,0,0,55,14,69,0,44,73,19,136,22,18,40,176
11/11/2009,CHO,VA,AEA,EN,Federal Contract Tower,0,43,31,0,74,0,0,0,0,0,0,43,31,0,74,0,0,0,74
11/12/2009,CHO,VA,AEA,EN,Federal Contract Tower,0,64,44,2,110,0,0,0,0,0,0,64,44,2,110,0,0,0,110
11/13/2009,CHO,VA,AEA,EN,Federal Contract Tower,1,81,50,0,132,0,0,0,0,0,1,81,50,0,132,0,0,0,132
11/14/2009,CHO,VA,AEA,EN,Federal Contract Tower,2,62,51,0,115,0,0,75,0,75,2,62,126,0,190,34,0,34,224
11/15/2009,CHO,VA,AEA,EN,Federal Contract Tower,0,53,41,0,94,0,0,110,0,110,0,53,151,0,204,30,0,30,234
11/16/2009,CHO,VA,AEA,EN,Federal Contract Tower,0,59,21,6,86,0,0,72,0,72,0,59,93,6,158,36,40,76,234
11/17/2009,CHO,VA,AEA,EN,Federal Contract Tower,0,49,43,3,95,0,0,102,8,110,0,49,145,11,205,74,4,78,283
11/18/2009,CHO,VA,AEA,EN,Federal Contract Tower,0,50,33,7,90,0,43,0,0,43,0,93,33,7,133,10,12,22,155
11/19/2009,CHO,VA,AEA,EN,Federal Contract Tower,0,59,49,8,116,0,0,0,0,0,0,59,49,8,116,0,0,0,116
11/20/2009,CHO,VA,AEA,EN,Federal Contract Tower,0,80,67,8,155,0,0,153,8,161,0,80,220,16,316,156,24,180,496
11/21/2009,CHO,VA,AEA,EN,Federal Contract Tower,1,43,56,0,100,0,0,100,4,104,1,43,156,4,204,68,6,74,278
11/22/2009,CHO,VA,AEA,EN,Federal Contract Tower,0,49,28,1,78,0,0,70,0,70,0,49,98,1,148,30,0,30,178
11/23/2009,CHO,VA,AEA,EN,Federal Contract Tower,0,52,32,0,84,0,0,0,0,0,0,52,32,0,84,0,0,0,84
11/24/2009,CHO,VA,AEA,EN,Federal Contract Tower,0,56,51,8,115,0,0,21,10,31,0,56,72,18,146,20,6,26,172
11/25/2009,CHO,VA,AEA,EN,Federal Contract Tower,0,63,34,0,97,0,0,17,0,17,0,63,51,0,114,12,0,12,126
11/26/2009,CHO,VA,AEA,EN,Federal Contract Tower,0,41,25,0,66,0,0,28,0,28,0,41,53,0,94,0,0,0,94
11/27/2009,CHO,VA,AEA,EN,Federal Contract Tower,0,60,36,0,96,0,0,88,8,96,0,60,124,8,192,72,26,98,290
11/28/2009,CHO,VA,AEA,EN,Federal Contract Tower,0,40,34,0,74,0,0,68,0,68,0,40,102,0,142,58,0,58,200
11/29/2009,CHO,VA,AEA,EN,Federal Contract Tower,0,62,52,0,114,0,0,142,0,142,0,62,194,0,256,60,0,60,316
11/30/2009,CHO,VA,AEA,EN,Federal Contract Tower,0,62,24,6,92,0,0,20,6,26,0,62,44,12,118,32,12,44,162
12/01/2009,CHO,VA,AEA,EN,Federal Contract Tower,0,46,19,7,72,0,0,98,4,102,0,46,117,11,174,44,2,46,220
12/02/2009,CHO,VA,AEA,EN,Federal Contract Tower,0,54,28,0,82,0,0,1,0,1,0,54,29,0,83,0,0,0,83
12/03/2009,CHO,VA,AEA,EN,Federal Contract Tower,0,63,49,0,112,0,0,30,0,30,0,63,79,0,142,46,0,46,188
12/04/2009,CHO,VA,AEA,EN,Federal Contract Tower,0,81,51,9,141,0,0,107,0,107,0,81,158,9,248,32,62,94,342
12/05/2009,CHO,VA,AEA,EN,Federal Contract Tower,0,18,10,0,28,0,0,0,0,0,0,18,10,0,28,0,0,0,28
12/06/2009,CHO,VA,AEA,EN,Federal Contract Tower,0,50,32,0,82,0,0,100,0,100,0,50,132,0,182,20,0,20,202
12/07/2009,CHO,VA,AEA,EN,Federal Contract Tower,0,51,27,6,84,0,0,50,4,54,0,51,77,10,138,30,20,50,188
12/08/2009,CHO,VA,AEA,EN,Federal Contract Tower,0,43,24,1,68,0,0,40,2,42,0,43,64,3,110,38,0,38,148
12/09/2009,CHO,VA,AEA,EN,Federal Contract Tower,0,68,41,6,115,0,0,50,0,50,0,68,91,6,165,0,0,0,165
12/10/2009,CHO,VA,AEA,EN,Federal Contract Tower,0,72,52,0,124,0,0,38,0,38,0,72,90,0,162,0,0,0,162
12/11/2009,CHO,VA,AEA,EN,Federal Contract Tower,0,84,53,0,137,0,0,61,2,63,0,84,114,2,200,28,0,28,228
12/12/2009,CHO,VA,AEA,EN,Federal Contract Tower,0,45,42,0,87,0,0,67,0,67,0,45,109,0,154,54,0,54,208
12/13/2009,CHO,VA,AEA,EN,Federal Contract Tower,0,45,13,0,58,0,0,0,0,0,0,45,13,0,58,0,0,0,58
12/14/2009,CHO,VA,AEA,EN,Federal Contract Tower,0,48,31,2,81,0,0,65,7,72,0,48,96,9,153,20,10,30,183
12/15/2009,CHO,VA,AEA,EN,Federal Contract Tower,0,45,18,10,73,0,0,32,0,32,0,45,50,10,105,12,0,12,117
12/16/2009,CHO,VA,AEA,EN,Federal Contract Tower,0,45,35,7,87,0,0,81,17,98,0,45,116,24,185,50,16,66,251
12/17/2009,CHO,VA,AEA,EN,Federal Contract Tower,0,87,60,2,149,0,0,127,0,127,0,87,187,2,276,78,0,78,354
12/18/2009,CHO,VA,AEA,EN,Federal Contract Tower,0,69,62,1,132,0,0,31,0,31,0,69,93,1,163,32,4,36,199
12/19/2009,CHO,VA,AEA,EN,Federal Contract Tower,0,0,0,0,0,0,0,0,0,0,0,0,0,0,0,0,0,0,0
12/20/2009,CHO,VA,AEA,EN,Federal Contract Tower,0,36,11,0,47,0,0,15,0,15,0,36,26,0,62,0,0,0,62
12/21/2009,CHO,VA,AEA,EN,Federal Contract Tower,0,50,14,0,64,0,0,13,4,17,0,50,27,4,81,0,0,0,81
12/22/2009,CHO,VA,AEA,EN,Federal Contract Tower,0,46,15,3,64,0,0,45,0,45,0,46,60,3,109,16,30,46,155
12/23/2009,CHO,VA,AEA,EN,Federal Contract Tower,0,51,33,2,86,0,0,61,4,65,0,51,94,6,151,36,4,40,191
12/24/2009,CHO,VA,AEA,EN,Federal Contract Tower,0,50,24,0,74,0,0,43,0,43,0,50,67,0,117,32,0,32,149
12/25/2009,CHO,VA,AEA,EN,Federal Contract Tower,0,25,3,0,28,0,0,0,0,0,0,25,3,0,28,0,0,0,28
12/26/2009,CHO,VA,AEA,EN,Federal Contract Tower,0,24,22,0,46,0,0,32,0,32,0,24,54,0,78,0,0,0,78
12/27/2009,CHO,VA,AEA,EN,Federal Contract Tower,0,40,32,0,72,0,0,66,0,66,0,40,98,0,138,24,0,24,162
12/28/2009,CHO,VA,AEA,EN,Federal Contract Tower,0,46,15,2,63,0,0,40,4,44,0,46,55,6,107,20,10,30,137
12/29/2009,CHO,VA,AEA,EN,Federal Contract Tower,0,44,13,0,57,0,0,33,4,37,0,44,46,4,94,0,0,0,94
12/30/2009,CHO,VA,AEA,EN,Federal Contract Tower,0,50,39,4,93,0,0,91,3,94,0,50,130,7,187,70,13,83,270
12/31/2009,CHO,VA,AEA,EN,Federal Contract Tower,0,41,5,0,46,0,0,0,0,0,0,41,5,0,46,0,0,0,46
01/01/2010,CHO,VA,AEA,EN,Federal Contract Tower,0,26,11,0,37,0,0,31,0,31,0,26,42,0,68,12,0,12,80
01/02/2010,CHO,VA,AEA,EN,Federal Contract Tower,0,28,10,0,38,0,0,7,0,7,0,28,17,0,45,0,0,0,45
01/03/2010,CHO,VA,AEA,EN,Federal Contract Tower,0,44,16,0,60,0,0,10,1,11,0,44,26,1,71,0,0,0,71
01/04/2010,CHO,VA,AEA,EN,Federal Contract Tower,0,45,21,4,70,0,0,32,0,32,0,45,53,4,102,32,14,46,148
01/05/2010,CHO,VA,AEA,EN,Federal Contract Tower,0,40,20,4,64,0,0,61,2,63,0,40,81,6,127,10,10,20,147
01/06/2010,CHO,VA,AEA,EN,Federal Contract Tower,0,58,37,2,97,0,0,67,4,71,0,58,104,6,168,28,32,60,228
01/07/2010,CHO,VA,AEA,EN,Federal Contract Tower,0,64,38,8,110,0,31,59,5,95,0,95,97,13,205,60,36,96,301
01/08/2010,CHO,VA,AEA,EN,Federal Contract Tower,0,68,34,6,108,0,0,51,2,53,0,68,85,8,161,56,36,92,253
01/09/2010,CHO,VA,AEA,EN,Federal Contract Tower,0,37,35,0,72,0,0,102,0,102,0,37,137,0,174,72,0,72,246
01/10/2010,CHO,VA,AEA,EN,Federal Contract Tower,0,40,22,0,62,0,0,85,0,85,0,40,107,0,147,70,0,70,217
01/11/2010,CHO,VA,AEA,EN,Federal Contract Tower,0,49,22,5,76,0,0,55,6,61,0,49,77,11,137,50,20,70,207
01/12/2010,CHO,VA,AEA,EN,Federal Contract Tower,0,43,14,3,60,0,0,80,2,82,0,43,94,5,142,12,6,18,160
01/13/2010,CHO,VA,AEA,EN,Federal Contract Tower,0,54,42,0,96,0,0,137,2,139,0,54,179,2,235,70,0,70,305
01/14/2010,CHO,VA,AEA,EN,Federal Contract Tower,0,79,54,0,133,0,0,128,9,137,0,79,182,9,270,96,22,118,388
01/15/2010,CHO,VA,AEA,EN,Federal Contract Tower,0,82,65,23,170,0,0,166,44,210,0,82,231,67,380,106,0,106,486
01/16/2010,CHO,VA,AEA,EN,Federal Contract Tower,0,40,45,0,85,0,0,117,0,117,0,40,162,0,202,138,0,138,340
01/17/2010,CHO,VA,AEA,EN,Federal Contract Tower,0,39,16,0,55,0,0,2,0,2,0,39,18,0,57,0,0,0,57
01/18/2010,CHO,VA,AEA,EN,Federal Contract Tower,0,36,33,0,69,0,0,95,0,95,0,36,128,0,164,60,0,60,224
01/19/2010,CHO,VA,AEA,EN,Federal Contract Tower,0,42,22,4,68,0,0,100,6,106,0,42,122,10,174,42,10,52,226
01/20/2010,CHO,VA,AEA,EN,Federal Contract Tower,0,53,49,6,108,0,0,48,0,48,0,53,97,6,156,54,0,54,210
01/21/2010,CHO,VA,AEA,EN,Federal Contract Tower,0,76,59,2,137,0,0,8,0,8,0,76,67,2,145,20,0,20,165
01/22/2010,CHO,VA,AEA,EN,Federal Contract Tower,0,55,36,2,93,0,0,19,0,19,0,55,55,2,112,0,0,0,112
01/23/2010,CHO,VA,AEA,EN,Federal Contract Tower,0,54,49,0,103,0,0,112,4,116,0,54,161,4,219,80,0,80,299
01/24/2010,CHO,VA,AEA,EN,Federal Contract Tower,0,42,33,0,75,0,0,36,0,36,0,42,69,0,111,34,0,34,145
01/25/2010,CHO,VA,AEA,EN,Federal Contract Tower,0,49,40,8,97,0,0,30,0,30,0,49,70,8,127,12,14,26,153
01/26/2010,CHO,VA,AEA,EN,Federal Contract Tower,0,43,22,5,70,0,0,55,2,57,0,43,77,7,127,0,0,0,127
01/27/2010,CHO,VA,AEA,EN,Federal Contract Tower,0,69,52,10,131,0,0,138,4,142,0,69,190,14,273,98,22,120,393
01/28/2010,CHO,VA,AEA,EN,Federal Contract Tower,0,74,56,6,136,0,0,73,7,80,0,74,129,13,216,58,20,78,294
01/29/2010,CHO,VA,AEA,EN,Federal Contract Tower,0,71,63,4,138,0,0,105,6,111,0,71,168,10,249,98,6,104,353
01/30/2010,CHO,VA,AEA,EN,Federal Contract Tower,0,2,0,0,2,0,0,0,0,0,0,2,0,0,2,0,0,0,2
01/31/2010,CHO,VA,AEA,EN,Federal Contract Tower,0,42,26,0,68,0,0,50,0,50,0,42,76,0,118,20,0,20,138
02/01/2010,CHO,VA,AEA,EN,Federal Contract Tower,0,45,20,0,65,0,0,55,2,57,0,45,75,2,122,40,0,40,162
02/02/2010,CHO,VA,AEA,EN,Federal Contract Tower,0,46,28,6,80,0,0,27,0,27,0,46,55,6,107,12,20,32,139
02/03/2010,CHO,VA,AEA,EN,Federal Contract Tower,0,72,66,4,142,0,0,52,0,52,0,72,118,4,194,56,0,56,250
02/04/2010,CHO,VA,AEA,EN,Federal Contract Tower,0,65,53,9,127,0,0,52,10,62,0,65,105,19,189,52,10,62,251
02/05/2010,CHO,VA,AEA,EN,Federal Contract Tower,0,15,3,0,18,0,0,0,0,0,0,15,3,0,18,0,0,0,18
02/06/2010,CHO,VA,AEA,EN,Federal Contract Tower,0,46,47,0,93,0,0,48,6,54,0,46,95,6,147,48,6,54,201
02/07/2010,CHO,VA,AEA,EN,Federal Contract Tower,0,34,15,0,49,0,0,62,0,62,0,34,77,0,111,0,0,0,111
02/08/2010,CHO,VA,AEA,EN,Federal Contract Tower,0,39,33,0,72,0,0,48,4,52,0,39,81,4,124,50,22,72,196
02/09/2010,CHO,VA,AEA,EN,Federal Contract Tower,0,32,14,0,46,0,0,0,0,0,0,32,14,0,46,0,0,0,46
02/10/2010,CHO,VA,AEA,EN,Federal Contract Tower,0,19,7,0,26,0,0,0,0,0,0,19,7,0,26,0,0,0,26
02/11/2010,CHO,VA,AEA,EN,Federal Contract Tower,0,49,43,2,94,0,0,43,0,43,0,49,86,2,137,0,34,34,171
02/12/2010,CHO,VA,AEA,EN,Federal Contract Tower,0,51,31,0,82,0,0,83,0,83,0,51,114,0,165,100,0,100,265
02/13/2010,CHO,VA,AEA,EN,Federal Contract Tower,0,42,39,8,89,0,0,88,0,88,0,42,127,8,177,54,0,54,231
02/14/2010,CHO,VA,AEA,EN,Federal Contract Tower,0,39,24,0,63,0,0,77,2,79,0,39,101,2,142,40,0,40,182
02/15/2010,CHO,VA,AEA,EN,Federal Contract Tower,0,45,27,0,72,0,0,1,0,1,0,45,28,0,73,0,0,0,73
02/16/2010,CHO,VA,AEA,EN,Federal Contract Tower,0,49,21,4,74,0,0,28,1,29,0,49,49,5,103,22,6,28,131
02/17/2010,CHO,VA,AEA,EN,Federal Contract Tower,0,65,49,9,123,0,0,67,5,72,0,65,116,14,195,64,0,64,259
02/18/2010,CHO,VA,AEA,EN,Federal Contract Tower,0,68,61,14,143,0,0,106,10,116,0,68,167,24,259,104,60,164,423
02/19/2010,CHO,VA,AEA,EN,Federal Contract Tower,0,58,46,4,108,0,0,81,7,88,0,58,127,11,196,78,4,82,278
02/20/2010,CHO,VA,AEA,EN,Federal Contract Tower,0,57,35,2,94,0,0,133,6,139,0,57,168,8,233,102,0,102,335
02/21/2010,CHO,VA,AEA,EN,Federal Contract Tower,0,56,60,0,116,0,0,130,5,135,0,56,190,5,251,120,0,120,371
02/22/2010,CHO,VA,AEA,EN,Federal Contract Tower,0,48,22,3,73,0,0,35,8,43,0,48,57,11,116,50,22,72,188
02/23/2010,CHO,VA,AEA,EN,Federal Contract Tower,0,49,28,9,86,0,0,62,2,64,0,49,90,11,150,50,8,58,208
02/24/2010,CHO,VA,AEA,EN,Federal Contract Tower,0,82,58,5,145,0,0,55,1,56,0,82,113,6,201,0,30,30,231
02/25/2010,CHO,VA,AEA,EN,Federal Contract Tower,0,75,53,0,128,0,0,4,0,4,0,75,57,0,132,0,0,0,132
02/26/2010,CHO,VA,AEA,EN,Federal Contract Tower,0,58,44,5,107,0,0,7,0,7,0,58,51,5,114,0,0,0,114
02/27/2010,CHO,VA,AEA,EN,Federal Contract Tower,0,47,36,4,87,0,96,2,0,98,0,143,38,4,185,76,0,76,261
02/28/2010,CHO,VA,AEA,EN,Federal Contract Tower,0,51,45,4,100,0,0,90,0,90,0,51,135,4,190,50,0,50,240
03/01/2010,CHO,VA,AEA,EN,Federal Contract Tower,0,54,36,0,90,0,0,84,0,84,0,54,120,0,174,36,0,36,210
03/02/2010,CHO,VA,AEA,EN,Federal Contract Tower,0,39,21,4,64,0,0,25,0,25,0,39,46,4,89,0,10,10,99
03/03/2010,CHO,VA,AEA,EN,Federal Contract Tower,0,65,57,2,124,0,0,55,1,56,0,65,112,3,180,52,0,52,232
03/04/2010,CHO,VA,AEA,EN,Federal Contract Tower,0,67,67,28,162,0,0,94,0,94,0,67,161,28,256,82,104,186,442
03/05/2010,CHO,VA,AEA,EN,Federal Contract Tower,0,67,61,16,144,0,0,108,26,134,0,67,169,42,278,68,12,80,358
03/06/2010,CHO,VA,AEA,EN,Federal Contract Tower,0,70,57,9,136,0,0,130,2,132,0,70,187,11,268,138,0,138,406
03/07/2010,CHO,VA,AEA,EN,Federal Contract Tower,0,52,44,1,97,0,0,125,2,127,0,52,169,3,224,70,0,70,294
03/08/2010,CHO,VA,AEA,EN,Federal Contract Tower,0,42,34,2,78,0,0,70,16,86,0,42,104,18,164,22,10,32,196
03/09/2010,CHO,VA,AEA,EN,Federal Contract Tower,0,42,21,8,71,0,0,125,0,125,0,42,146,8,196,52,30,82,278
03/10/2010,CHO,VA,AEA,EN,Federal Contract Tower,0,62,56,16,134,0,0,120,4,124,0,62,176,20,258,84,22,106,364
03/11/2010,CHO,VA,AEA,EN,Federal Contract Tower,0,66,59,8,133,0,0,43,8,51,0,66,102,16,184,58,18,76,260
03/12/2010,CHO,VA,AEA,EN,Federal Contract Tower,0,68,62,4,134,0,0,0,0,0,0,68,62,4,134,0,0,0,134
03/13/2010,CHO,VA,AEA,EN,Federal Contract Tower,0,66,60,0,126,0,0,5,0,5,0,66,65,0,131,0,0,0,131
03/14/2010,CHO,VA,AEA,EN,Federal Contract Tower,0,59,50,0,109,0,0,43,0,43,0,59,93,0,152,34,8,42,194
03/15/2010,CHO,VA,AEA,EN,Federal Contract Tower,0,57,47,0,104,0,0,50,6,56,0,57,97,6,160,64,8,72,232
03/16/2010,CHO,VA,AEA,EN,Federal Contract Tower,0,50,42,17,109,0,0,83,6,89,0,50,125,23,198,78,32,110,308
03/17/2010,CHO,VA,AEA,EN,Federal Contract Tower,0,72,66,12,150,0,0,111,2,113,0,72,177,14,263,86,12,98,361
03/18/2010,CHO,VA,AEA,EN,Federal Contract Tower,0,82,67,12,161,0,0,130,6,136,0,82,197,18,297,86,34,120,417
03/19/2010,CHO,VA,AEA,EN,Federal Contract Tower,2,56,34,9,101,0,0,101,12,113,2,56,135,21,214,102,22,124,338
03/20/2010,CHO,VA,AEA,EN,Federal Contract Tower,0,40,83,0,123,0,0,115,0,115,0,40,198,0,238,96,0,96,334
03/21/2010,CHO,VA,AEA,EN,Federal Contract Tower,0,50,88,0,138,0,0,123,1,124,0,50,211,1,262,68,0,68,330
03/22/2010,CHO,VA,AEA,EN,Federal Contract Tower,0,54,56,3,113,0,0,45,0,45,0,54,101,3,158,24,4,28,186
03/23/2010,CHO,VA,AEA,EN,Federal Contract Tower,0,41,37,14,92,0,0,49,6,55,0,41,86,20,147,20,54,74,221
03/24/2010,CHO,VA,AEA,EN,Federal Contract Tower,0,72,39,16,127,0,0,136,0,136,0,72,175,16,263,52,66,118,381
03/25/2010,CHO,VA,AEA,EN,Federal Contract Tower,0,67,60,19,146,0,0,55,8,63,0,67,115,27,209,70,24,94,303
03/26/2010,CHO,VA,AEA,EN,Federal Contract Tower,0,55,48,0,103,0,9,4,0,13,0,64,52,0,116,10,0,10,126
03/27/2010,CHO,VA,AEA,EN,Federal Contract Tower,0,50,52,0,102,0,0,142,2,144,0,50,194,2,246,124,0,124,370
03/28/2010,CHO,VA,AEA,EN,Federal Contract Tower,0,54,40,0,94,0,0,35,0,35,0,54,75,0,129,22,0,22,151
03/29/2010,CHO,VA,AEA,EN,Federal Contract Tower,0,40,13,0,53,0,0,7,0,7,0,40,20,0,60,2,0,2,62
03/30/2010,CHO,VA,AEA,EN,Federal Contract Tower,0,41,38,4,83,0,0,43,0,43,0,41,81,4,126,24,4,28,154
03/31/2010,CHO,VA,AEA,EN,Federal Contract Tower,0,73,62,2,137,0,0,80,1,81,0,73,142,3,218,32,0,32,250
04/01/2010,CHO,VA,AEA,EN,Federal Contract Tower,0,70,58,8,136,0,0,118,0,118,0,70,176,8,254,110,8,118,372
04/02/2010,CHO,VA,AEA,EN,Federal Contract Tower,0,82,93,2,177,0,0,151,2,153,0,82,244,4,330,110,0,110,440
04/03/2010,CHO,VA,AEA,EN,Federal Contract Tower,0,48,63,0,111,0,0,117,0,117,0,48,180,0,228,84,0,84,312
04/04/2010,CHO,VA,AEA,EN,Federal Contract Tower,0,48,56,0,104,0,0,105,0,105,0,48,161,0,209,50,0,50,259
04/05/2010,CHO,VA,AEA,EN,Federal Contract Tower,0,48,35,0,83,0,0,62,0,62,0,48,97,0,145,60,0,60,205
04/06/2010,CHO,VA,AEA,EN,Federal Contract Tower,0,49,35,5,89,0,0,69,1,70,0,49,104,6,159,62,10,72,231
04/07/2010,CHO,VA,AEA,EN,Federal Contract Tower,0,57,54,19,130,0,0,94,4,98,0,57,148,23,228,56,18,74,302
04/08/2010,CHO,VA,AEA,EN,Federal Contract Tower,0,54,46,4,104,0,0,33,0,33,0,54,79,4,137,18,14,32,169
04/09/2010,CHO,VA,AEA,EN,Federal Contract Tower,0,89,71,0,160,0,0,75,0,75,0,89,146,0,235,40,0,40,275
04/10/2010,CHO,VA,AEA,EN,Federal Contract Tower,0,59,70,0,129,0,0,122,0,122,0,59,192,0,251,98,0,98,349
04/11/2010,CHO,VA,AEA,EN,Federal Contract Tower,0,57,66,0,123,0,0,82,0,82,0,57,148,0,205,60,0,60,265
04/12/2010,CHO,VA,AEA,EN,Federal Contract Tower,0,49,47,11,107,0,0,75,5,80,0,49,122,16,187,60,22,82,269
04/13/2010,CHO,VA,AEA,EN,Federal Contract Tower,0,47,43,5,95,0,0,56,4,60,0,47,99,9,155,50,20,70,225
04/14/2010,CHO,VA,AEA,EN,Federal Contract Tower,0,61,65,14,140,0,0,78,4,82,0,61,143,18,222,56,22,78,300
04/15/2010,CHO,VA,AEA,EN,Federal Contract Tower,8,87,76,10,181,0,0,119,2,121,8,87,195,12,302,70,14,84,386
04/16/2010,CHO,VA,AEA,EN,Federal Contract Tower,0,91,44,6,141,0,0,117,6,123,0,91,161,12,264,82,22,104,368
04/17/2010,CHO,VA,AEA,EN,Federal Contract Tower,0,52,59,2,113,0,0,89,0,89,0,52,148,2,202,50,0,50,252
04/18/2010,CHO,VA,AEA,EN,Federal Contract Tower,0,50,58,0,108,0,0,95,0,95,0,50,153,0,203,40,0,40,243
04/19/2010,CHO,VA,AEA,EN,Federal Contract Tower,0,41,33,6,80,0,0,115,0,115,0,41,148,6,195,70,0,70,265
04/20/2010,CHO,VA,AEA,EN,Federal Contract Tower,0,45,25,0,70,0,0,101,1,102,0,45,126,1,172,52,0,52,224
04/21/2010,CHO,VA,AEA,EN,Federal Contract Tower,0,60,56,2,118,0,0,4,0,4,0,60,60,2,122,0,0,0,122
04/22/2010,CHO,VA,AEA,EN,Federal Contract Tower,0,76,48,10,134,0,0,74,2,76,0,76,122,12,210,62,8,70,280
04/23/2010,CHO,VA,AEA,EN,Federal Contract Tower,0,71,60,6,137,0,0,90,2,92,0,71,150,8,229,46,0,46,275
04/24/2010,CHO,VA,AEA,EN,Federal Contract Tower,0,44,52,0,96,0,0,51,0,51,0,44,103,0,147,38,0,38,185
04/25/2010,CHO,VA,AEA,EN,Federal Contract Tower,0,38,27,0,65,0,0,4,0,4,0,38,31,0,69,8,0,8,77
04/26/2010,CHO,VA,AEA,EN,Federal Contract Tower,0,45,33,1,79,0,0,54,0,54,0,45,87,1,133,40,0,40,173
04/27/2010,CHO,VA,AEA,EN,Federal Contract Tower,0,49,29,8,86,0,0,50,6,56,0,49,79,14,142,40,0,40,182
04/28/2010,CHO,VA,AEA,EN,Federal Contract Tower,0,69,50,2,121,0,0,77,2,79,0,69,127,4,200,0,14,14,214
04/29/2010,CHO,VA,AEA,EN,Federal Contract Tower,0,69,60,10,139,0,0,103,8,111,0,69,163,18,250,122,28,150,400
04/30/2010,CHO,VA,AEA,EN,Federal Contract Tower,0,82,60,4,146,0,0,127,0,127,0,82,187,4,273,92,0,92,365
05/01/2010,CHO,VA,AEA,EN,Federal Contract Tower,0,40,57,1,98,0,0,134,0,134,0,40,191,1,232,64,0,64,296
05/02/2010,CHO,VA,AEA,EN,Federal Contract Tower,0,50,47,0,97,0,0,72,0,72,0,50,119,0,169,30,0,30,199
05/03/2010,CHO,VA,AEA,EN,Federal Contract Tower,0,39,31,4,74,0,0,36,2,38,0,39,67,6,112,10,0,10,122
05/04/2010,CHO,VA,AEA,EN,Federal Contract Tower,0,43,36,0,79,0,0,91,2,93,0,43,127,2,172,54,2,56,228
05/05/2010,CHO,VA,AEA,EN,Federal Contract Tower,0,67,52,5,124,0,0,133,2,135,0,67,185,7,259,18,42,60,319
05/06/2010,CHO,VA,AEA,EN,Federal Contract Tower,0,66,54,2,122,0,0,84,0,84,0,66,138,2,206,72,0,72,278
05/07/2010,CHO,VA,AEA,EN,Federal Contract Tower,0,75,71,1,147,0,0,104,2,106,0,75,175,3,253,83,0,83,336
05/08/2010,CHO,VA,AEA,EN,Federal Contract Tower,0,40,33,0,73,0,0,46,0,46,0,40,79,0,119,22,0,22,141
05/09/2010,CHO,VA,AEA,EN,Federal Contract Tower,0,43,24,0,67,0,0,61,0,61,0,43,85,0,128,30,0,30,158
05/10/2010,CHO,VA,AEA,EN,Federal Contract Tower,0,43,44,3,90,0,0,107,3,110,0,43,151,6,200,30,10,40,240
05/11/2010,CHO,VA,AEA,EN,Federal Contract Tower,0,46,24,6,76,0,0,13,0,13,0,46,37,6,89,0,8,8,97
05/12/2010,CHO,VA,AEA,EN,Federal Contract Tower,0,45,39,3,87,0,0,21,1,22,0,45,60,4,109,0,10,10,119
05/13/2010,CHO,VA,AEA,EN,Federal Contract Tower,0,63,53,2,118,0,0,0,0,0,0,63,53,2,118,0,0,0,118
05/14/2010,CHO,VA,AEA,EN,Federal Contract Tower,0,68,65,12,145,0,0,59,8,67,0,68,124,20,212,29,0,29,241
05/15/2010,CHO,VA,AEA,EN,Federal Contract Tower,0,41,49,0,90,0,0,102,0,102,0,41,151,0,192,110,0,110,302
05/16/2010,CHO,VA,AEA,EN,Federal Contract Tower,0,50,35,1,86,0,0,86,0,86,0,50,121,1,172,50,0,50,222
05/17/2010,CHO,VA,AEA,EN,Federal Contract Tower,0,46,29,0,75,0,0,0,0,0,0,46,29,0,75,0,0,0,75
05/18/2010,CHO,VA,AEA,EN,Federal Contract Tower,0,44,25,0,69,0,0,14,0,14,0,44,39,0,83,18,0,18,101
05/19/2010,CHO,VA,AEA,EN,Federal Contract Tower,0,64,50,2,116,0,0,7,0,7,0,64,57,2,123,0,0,0,123
05/20/2010,CHO,VA,AEA,EN,Federal Contract Tower,0,74,58,5,137,0,0,114,4,118,0,74,172,9,255,118,30,148,403
05/21/2010,CHO,VA,AEA,EN,Federal Contract Tower,0,92,88,11,191,0,0,123,4,127,0,92,211,15,318,89,38,127,445
05/22/2010,CHO,VA,AEA,EN,Federal Contract Tower,0,44,56,0,100,0,0,55,0,55,0,44,111,0,155,42,0,42,197
05/23/2010,CHO,VA,AEA,EN,Federal Contract Tower,0,48,44,0,92,0,0,5,0,5,0,48,49,0,97,0,0,0,97
05/24/2010,CHO,VA,AEA,EN,Federal Contract Tower,0,50,53,0,103,0,0,46,0,46,0,50,99,0,149,20,0,20,169
05/25/2010,CHO,VA,AEA,EN,Federal Contract Tower,0,42,36,2,80,0,0,65,0,65,0,42,101,2,145,66,20,86,231
05/26/2010,CHO,VA,AEA,EN,Federal Contract Tower,0,49,35,0,84,0,0,103,0,103,0,49,138,0,187,102,0,102,289
05/27/2010,CHO,VA,AEA,EN,Federal Contract Tower,0,58,48,2,108,0,0,109,0,109,0,58,157,2,217,110,14,124,341
05/28/2010,CHO,VA,AEA,EN,Federal Contract Tower,0,63,53,2,118,0,0,70,0,70,0,63,123,2,188,68,0,68,256
05/29/2010,CHO,VA,AEA,EN,Federal Contract Tower,0,40,61,0,101,0,0,37,0,37,0,40,98,0,138,52,0,52,190
05/30/2010,CHO,VA,AEA,EN,Federal Contract Tower,0,43,36,0,79,0,0,72,0,72,0,43,108,0,151,50,0,50,201
05/31/2010,CHO,VA,AEA,EN,Federal Contract Tower,0,50,35,0,85,0,0,81,0,81,0,50,116,0,166,30,0,30,196
06/01/2010,CHO,VA,AEA,EN,Federal Contract Tower,0,44,36,6,86,0,0,85,0,85,0,44,121,6,171,46,0,46,217
06/02/2010,CHO,VA,AEA,EN,Federal Contract Tower,2,74,64,8,148,0,0,132,4,136,2,74,196,12,284,84,4,88,372
06/03/2010,CHO,VA,AEA,EN,Federal Contract Tower,0,55,40,2,97,0,0,52,4,56,0,55,92,6,153,56,16,72,225
06/04/2010,CHO,VA,AEA,EN,Federal Contract Tower,0,81,61,2,144,0,0,104,0,104,0,81,165,2,248,60,0,60,308
06/05/2010,CHO,VA,AEA,EN,Federal Contract Tower,0,41,41,6,88,0,0,89,0,89,0,41,130,6,177,86,0,86,263
06/06/2010,CHO,VA,AEA,EN,Federal Contract Tower,0,58,35,0,93,0,0,51,5,56,0,58,86,5,149,40,0,40,189
06/07/2010,CHO,VA,AEA,EN,Federal Contract Tower,0,54,65,14,133,0,0,95,2,97,0,54,160,16,230,40,4,44,274
06/08/2010,CHO,VA,AEA,EN,Federal Contract Tower,0,50,22,3,75,0,0,102,8,110,0,50,124,11,185,76,10,86,271
06/09/2010,CHO,VA,AEA,EN,Federal Contract Tower,0,52,42,16,110,0,0,32,4,36,0,52,74,20,146,10,30,40,186
06/10/2010,CHO,VA,AEA,EN,Federal Contract Tower,2,87,76,10,175,0,0,129,10,139,2,87,205,20,314,112,66,178,492
06/11/2010,CHO,VA,AEA,EN,Federal Contract Tower,0,79,75,2,156,0,0,111,4,115,0,79,186,6,271,92,0,92,363
06/12/2010,CHO,VA,AEA,EN,Federal Contract Tower,0,41,57,0,98,0,0,100,6,106,0,41,157,6,204,94,0,94,298
06/13/2010,CHO,VA,AEA,EN,Federal Contract Tower,0,49,51,0,100,0,0,73,0,73,0,49,124,0,173,76,0,76,249
06/14/2010,CHO,VA,AEA,EN,Federal Contract Tower,0,54,51,4,109,0,0,63,0,63,0,54,114,4,172,60,24,84,256
06/15/2010,CHO,VA,AEA,EN,Federal Contract Tower,0,48,38,4,90,0,0,80,6,86,0,48,118,10,176,74,0,74,250
06/16/2010,CHO,VA,AEA,EN,Federal Contract Tower,0,55,23,4,82,0,0,5,0,5,0,55,28,4,87,0,0,0,87
06/17/2010,CHO,VA,AEA,EN,Federal Contract Tower,0,56,38,4,98,0,0,63,8,71,0,56,101,12,169,72,54,126,295
06/18/2010,CHO,VA,AEA,EN,Federal Contract Tower,0,66,74,0,140,0,0,0,0,0,0,66,74,0,140,82,0,82,222
06/19/2010,CHO,VA,AEA,EN,Federal Contract Tower,0,42,47,1,90,0,0,104,0,104,0,42,151,1,194,60,0,60,254
06/20/2010,CHO,VA,AEA,EN,Federal Contract Tower,0,49,54,0,103,0,0,100,0,100,0,49,154,0,203,40,0,40,243
06/21/2010,CHO,VA,AEA,EN,Federal Contract Tower,0,60,48,5,113,0,0,90,0,90,0,60,138,5,203,40,10,50,253
06/22/2010,CHO,VA,AEA,EN,Federal Contract Tower,0,45,25,10,80,0,0,45,2,47,0,45,70,12,127,20,20,40,167
06/23/2010,CHO,VA,AEA,EN,Federal Contract Tower,0,63,69,8,140,0,0,103,10,113,0,63,172,18,253,18,20,38,291
06/24/2010,CHO,VA,AEA,EN,Federal Contract Tower,0,51,24,2,77,0,0,64,4,68,0,51,88,6,145,44,0,44,189
06/25/2010,CHO,VA,AEA,EN,Federal Contract Tower,0,74,69,1,144,0,0,130,0,130,0,74,199,1,274,62,0,62,336
06/26/2010,CHO,VA,AEA,EN,Federal Contract Tower,0,33,35,0,68,0,0,98,0,98,0,33,133,0,166,64,0,64,230
06/27/2010,CHO,VA,AEA,EN,Federal Contract Tower,0,50,45,0,95,0,0,113,0,113,0,50,158,0,208,70,0,70,278
06/28/2010,CHO,VA,AEA,EN,Federal Contract Tower,0,45,31,7,83,0,0,50,0,50,0,45,81,7,133,20,0,20,153
06/29/2010,CHO,VA,AEA,EN,Federal Contract Tower,0,52,42,0,94,0,0,81,2,83,0,52,123,2,177,44,14,58,235
06/30/2010,CHO,VA,AEA,EN,Federal Contract Tower,0,64,51,2,117,0,0,98,0,98,0,64,149,2,215,56,0,56,271
07/01/2010,CHO,VA,AEA,EN,Federal Contract Tower,0,70,67,6,143,0,0,108,0,108,0,70,175,6,251,90,50,140,391
07/02/2010,CHO,VA,AEA,EN,Federal Contract Tower,0,57,48,0,105,0,0,98,0,98,0,57,146,0,203,108,0,108,311
07/03/2010,CHO,VA,AEA,EN,Federal Contract Tower,0,38,53,0,91,0,0,102,0,102,0,38,155,0,193,84,0,84,277
07/04/2010,CHO,VA,AEA,EN,Federal Contract Tower,0,33,26,0,59,0,0,48,0,48,0,33,74,0,107,0,0,0,107
07/05/2010,CHO,VA,AEA,EN,Federal Contract Tower,0,51,38,0,89,0,0,162,0,162,0,51,200,0,251,70,0,70,321
07/06/2010,CHO,VA,AEA,EN,Federal Contract Tower,0,47,30,8,85,0,0,60,4,64,0,47,90,12,149,40,12,52,201
07/07/2010,CHO,VA,AEA,EN,Federal Contract Tower,0,54,41,6,101,0,0,38,0,38,0,54,79,6,139,18,0,18,157
07/08/2010,CHO,VA,AEA,EN,Federal Contract Tower,0,63,46,10,119,0,0,81,0,81,0,63,127,10,200,76,6,82,282
07/09/2010,CHO,VA,AEA,EN,Federal Contract Tower,0,62,47,0,109,0,0,55,0,55,0,62,102,0,164,110,0,110,274
07/10/2010,CHO,VA,AEA,EN,Federal Contract Tower,0,36,31,0,67,0,0,54,0,54,0,36,85,0,121,32,0,32,153
07/11/2010,CHO,VA,AEA,EN,Federal Contract Tower,0,45,51,0,96,0,0,95,4,99,0,45,146,4,195,70,2,72,267
07/12/2010,CHO,VA,AEA,EN,Federal Contract Tower,0,42,29,0,71,0,0,25,0,25,0,42,54,0,96,15,0,15,111
07/13/2010,CHO,VA,AEA,EN,Federal Contract Tower,0,40,39,10,89,0,0,49,0,49,0,40,88,10,138,12,16,28,166
07/14/2010,CHO,VA,AEA,EN,Federal Contract Tower,0,70,43,6,119,0,0,102,2,104,0,70,145,8,223,30,56,86,309
07/15/2010,CHO,VA,AEA,EN,Federal Contract Tower,0,69,39,2,110,0,0,77,0,77,0,69,116,2,187,130,0,130,317
07/16/2010,CHO,VA,AEA,EN,Federal Contract Tower,0,79,76,2,157,0,0,92,0,92,0,79,168,2,249,63,0,63,312
07/17/2010,CHO,VA,AEA,EN,Federal Contract Tower,0,41,42,0,83,0,0,84,0,84,0,41,126,0,167,70,0,70,237
07/18/2010,CHO,VA,AEA,EN,Federal Contract Tower,0,49,25,0,74,0,0,70,0,70,0,49,95,0,144,50,0,50,194
07/19/2010,CHO,VA,AEA,EN,Federal Contract Tower,0,44,23,2,69,0,0,57,2,59,0,44,80,4,128,30,0,30,158
07/20/2010,CHO,VA,AEA,EN,Federal Contract Tower,0,49,33,6,88,0,0,63,0,63,0,49,96,6,151,40,10,50,201
07/21/2010,CHO,VA,AEA,EN,Federal Contract Tower,0,60,49,8,117,0,0,62,2,64,0,60,111,10,181,12,0,12,193
07/22/2010,CHO,VA,AEA,EN,Federal Contract Tower,0,70,38,4,112,0,0,92,8,100,0,70,130,12,212,78,18,96,308
07/23/2010,CHO,VA,AEA,EN,Federal Contract Tower,0,65,55,4,124,0,0,84,0,84,0,65,139,4,208,55,2,57,265
07/24/2010,CHO,VA,AEA,EN,Federal Contract Tower,0,41,38,0,79,0,0,68,0,68,0,41,106,0,147,48,0,48,195
07/25/2010,CHO,VA,AEA,EN,Federal Contract Tower,0,59,36,0,95,0,0,40,0,40,0,59,76,0,135,34,0,34,169
07/26/2010,CHO,VA,AEA,EN,Federal Contract Tower,0,44,34,25,103,0,0,41,0,41,0,44,75,25,144,32,20,52,196
07/27/2010,CHO,VA,AEA,EN,Federal Contract Tower,0,49,33,5,87,0,0,42,0,42,0,49,75,5,129,48,0,48,177
07/28/2010,CHO,VA,AEA,EN,Federal Contract Tower,0,63,52,12,127,0,0,58,12,70,0,63,110,24,197,10,26,36,233
07/29/2010,CHO,VA,AEA,EN,Federal Contract Tower,0,74,48,4,126,0,0,64,0,64,0,74,112,4,190,44,0,44,234
07/30/2010,CHO,VA,AEA,EN,Federal Contract Tower,0,69,81,12,162,0,0,114,0,114,0,69,195,12,276,92,42,134,410
07/31/2010,CHO,VA,AEA,EN,Federal Contract Tower,0,43,45,0,88,0,0,58,0,58,0,43,103,0,146,52,0,52,198
08/01/2010,CHO,VA,AEA,EN,Federal Contract Tower,0,39,25,0,64,0,0,7,0,7,0,39,32,0,71,0,0,0,71
08/02/2010,CHO,VA,AEA,EN,Federal Contract Tower,0,42,31,0,73,0,0,5,0,5,0,42,36,0,78,10,0,10,88
08/03/2010,CHO,VA,AEA,EN,Federal Contract Tower,0,44,30,4,78,0,0,24,0,24,0,44,54,4,102,32,0,32,134
08/04/2010,CHO,VA,AEA,EN,Federal Contract Tower,0,43,27,0,70,0,0,11,0,11,0,43,38,0,81,0,0,0,81
08/05/2010,CHO,VA,AEA,EN,Federal Contract Tower,0,73,52,2,127,0,0,113,0,113,0,73,165,2,240,106,0,106,346
08/06/2010,CHO,VA,AEA,EN,Federal Contract Tower,0,55,49,0,104,0,0,90,0,90,0,55,139,0,194,64,8,72,266
08/07/2010,CHO,VA,AEA,EN,Federal Contract Tower,0,51,54,0,105,0,0,117,0,117,0,51,171,0,222,102,0,102,324
08/08/2010,CHO,VA,AEA,EN,Federal Contract Tower,0,46,42,0,88,0,0,85,0,85,0,46,127,0,173,30,0,30,203
08/09/2010,CHO,VA,AEA,EN,Federal Contract Tower,0,44,25,2,71,0,0,35,2,37,0,44,60,4,108,70,10,80,188
08/10/2010,CHO,VA,AEA,EN,Federal Contract Tower,0,42,24,15,81,0,0,73,5,78,0,42,97,20,159,56,14,70,229
08/11/2010,CHO,VA,AEA,EN,Federal Contract Tower,0,66,59,4,129,0,0,95,0,95,0,66,154,4,224,76,0,76,300
08/12/2010,CHO,VA,AEA,EN,Federal Contract Tower,0,65,58,0,123,0,0,96,0,96,0,65,154,0,219,130,0,130,349
08/13/2010,CHO,VA,AEA,EN,Federal Contract Tower,0,59,55,4,118,0,0,18,0,18,0,59,73,4,136,10,0,10,146
08/14/2010,CHO,VA,AEA,EN,Federal Contract Tower,0,42,40,0,82,0,0,26,0,26,0,42,66,0,108,0,0,0,108
08/15/2010,CHO,VA,AEA,EN,Federal Contract Tower,0,47,41,1,89,0,0,14,0,14,0,47,55,1,103,12,0,12,115
08/16/2010,CHO,VA,AEA,EN,Federal Contract Tower,0,42,22,2,66,0,0,31,0,31,0,42,53,2,97,50,0,50,147
08/17/2010,CHO,VA,AEA,EN,Federal Contract Tower,0,49,40,0,89,0,0,76,0,76,0,49,116,0,165,80,0,80,245
08/18/2010,CHO,VA,AEA,EN,Federal Contract Tower,0,52,41,0,93,0,0,0,0,0,0,52,41,0,93,0,0,0,93
08/19/2010,CHO,VA,AEA,EN,Federal Contract Tower,0,54,41,4,99,0,0,56,0,56,0,54,97,4,155,62,8,70,225
08/20/2010,CHO,VA,AEA,EN,Federal Contract Tower,0,52,71,0,123,0,0,64,0,64,0,52,135,0,187,80,0,80,267
08/21/2010,CHO,VA,AEA,EN,Federal Contract Tower,0,43,43,0,86,0,0,108,0,108,0,43,151,0,194,98,0,98,292
08/22/2010,CHO,VA,AEA,EN,Federal Contract Tower,0,51,29,7,87,0,0,72,2,74,0,51,101,9,161,36,2,38,199
08/23/2010,CHO,VA,AEA,EN,Federal Contract Tower,0,44,33,12,89,0,0,51,6,57,0,44,84,18,146,30,4,34,180
08/24/2010,CHO,VA,AEA,EN,Federal Contract Tower,0,40,43,0,83,0,0,5,4,9,0,40,48,4,92,6,8,14,106
08/25/2010,CHO,VA,AEA,EN,Federal Contract Tower,0,47,30,0,77,0,0,38,16,54,0,47,68,16,131,44,4,48,179
08/26/2010,CHO,VA,AEA,EN,Federal Contract Tower,0,64,43,4,111,0,0,75,2,77,0,64,118,6,188,74,20,94,282
08/27/2010,CHO,VA,AEA,EN,Federal Contract Tower,0,51,51,0,102,0,0,101,4,105,0,51,152,4,207,93,0,93,300
08/28/2010,CHO,VA,AEA,EN,Federal Contract Tower,0,42,50,0,92,0,0,111,0,111,0,42,161,0,203,44,0,44,247
08/29/2010,CHO,VA,AEA,EN,Federal Contract Tower,0,49,40,0,89,0,0,93,0,93,0,49,133,0,182,110,0,110,292
08/30/2010,CHO,VA,AEA,EN,Federal Contract Tower,0,46,29,4,79,0,0,70,0,70,0,46,99,4,149,0,30,30,179
08/31/2010,CHO,VA,AEA,EN,Federal Contract Tower,0,43,26,2,71,0,0,72,2,74,0,43,98,4,145,42,2,44,189
09/01/2010,CHO,VA,AEA,EN,Federal Contract Tower,0,56,63,16,135,0,0,58,28,86,0,56,121,44,221,58,28,86,307
09/02/2010,CHO,VA,AEA,EN,Federal Contract Tower,0,79,59,2,140,0,0,95,4,99,0,79,154,6,239,98,16,114,353
09/03/2010,CHO,VA,AEA,EN,Federal Contract Tower,0,54,44,0,98,0,0,75,0,75,0,54,119,0,173,44,0,44,217
09/04/2010,CHO,VA,AEA,EN,Federal Contract Tower,0,38,39,0,77,0,0,66,0,66,0,38,105,0,143,14,0,14,157
09/05/2010,CHO,VA,AEA,EN,Federal Contract Tower,0,36,21,0,57,0,0,130,0,130,0,36,151,0,187,32,0,32,219
09/06/2010,CHO,VA,AEA,EN,Federal Contract Tower,0,44,27,0,71,0,0,130,0,130,0,44,157,0,201,50,0,50,251
09/07/2010,CHO,VA,AEA,EN,Federal Contract Tower,0,46,25,4,75,0,0,68,3,71,0,46,93,7,146,80,28,108,254
09/08/2010,CHO,VA,AEA,EN,Federal Contract Tower,0,61,56,1,118,0,0,74,1,75,0,61,130,2,193,42,14,56,249
09/09/2010,CHO,VA,AEA,EN,Federal Contract Tower,0,70,58,10,138,0,0,101,0,101,0,70,159,10,239,80,68,148,387
09/10/2010,CHO,VA,AEA,EN,Federal Contract Tower,0,67,68,3,138,0,0,109,8,117,0,67,177,11,255,86,0,86,341
09/11/2010,CHO,VA,AEA,EN,Federal Contract Tower,0,37,48,0,85,0,0,107,0,107,0,37,155,0,192,64,0,64,256
09/12/2010,CHO,VA,AEA,EN,Federal Contract Tower,0,44,41,4,89,0,0,54,3,57,0,44,95,7,146,20,0,20,166
09/13/2010,CHO,VA,AEA,EN,Federal Contract Tower,0,46,22,10,78,0,0,76,3,79,0,46,98,13,157,28,10,38,195
09/14/2010,CHO,VA,AEA,EN,Federal Contract Tower,0,42,23,6,71,0,0,69,4,73,0,42,92,10,144,44,26,70,214
09/15/2010,CHO,VA,AEA,EN,Federal Contract Tower,0,65,52,6,123,0,0,93,0,93,0,65,145,6,216,44,58,102,318
09/16/2010,CHO,VA,AEA,EN,Federal Contract Tower,0,57,40,4,101,0,0,71,0,71,0,57,111,4,172,72,22,94,266
09/17/2010,CHO,VA,AEA,EN,Federal Contract Tower,0,65,54,0,119,0,0,61,0,61,0,65,115,0,180,86,0,86,266
09/18/2010,CHO,VA,AEA,EN,Federal Contract Tower,0,33,51,0,84,0,0,103,0,103,0,33,154,0,187,76,0,76,263
09/19/2010,CHO,VA,AEA,EN,Federal Contract Tower,0,40,40,0,80,0,0,77,0,77,0,40,117,0,157,60,0,60,217
09/20/2010,CHO,VA,AEA,EN,Federal Contract Tower,0,55,33,11,99,0,0,85,0,85,0,55,118,11,184,70,16,86,270
09/21/2010,CHO,VA,AEA,EN,Federal Contract Tower,0,44,46,2,92,0,0,95,0,95,0,44,141,2,187,44,0,44,231
09/22/2010,CHO,VA,AEA,EN,Federal Contract Tower,0,69,43,5,117,0,0,89,0,89,0,69,132,5,206,56,32,88,294
09/23/2010,CHO,VA,AEA,EN,Federal Contract Tower,0,64,66,6,136,0,0,82,0,82,0,64,148,6,218,88,40,128,346
09/24/2010,CHO,VA,AEA,EN,Federal Contract Tower,0,66,49,6,121,0,0,95,0,95,0,66,144,6,216,70,18,88,304
09/25/2010,CHO,VA,AEA,EN,Federal Contract Tower,0,48,55,0,103,0,0,88,4,92,0,48,143,4,195,36,0,36,231
09/26/2010,CHO,VA,AEA,EN,Federal Contract Tower,0,46,57,0,103,0,0,22,0,22,0,46,79,0,125,0,0,0,125
09/27/2010,CHO,VA,AEA,EN,Federal Contract Tower,0,22,10,0,32,0,0,0,0,0,0,22,10,0,32,0,0,0,32
09/28/2010,CHO,VA,AEA,EN,Federal Contract Tower,0,43,36,8,87,0,0,43,3,46,0,43,79,11,133,18,10,28,161
09/29/2010,CHO,VA,AEA,EN,Federal Contract Tower,0,47,49,0,96,0,0,26,1,27,0,47,75,1,123,20,0,20,143
09/30/2010,CHO,VA,AEA,EN,Federal Contract Tower,0,61,45,0,106,0,0,2,0,2,0,61,47,0,108,0,0,0,108
10/01/2010,CHO,VA,AEA,EN,Federal Contract Tower,0,57,48,4,109,0,0,71,6,77,0,57,119,10,186,54,6,60,246
10/02/2010,CHO,VA,AEA,EN,Federal Contract Tower,1,45,45,0,91,0,0,117,0,117,1,45,162,0,208,66,0,66,274
10/03/2010,CHO,VA,AEA,EN,Federal Contract Tower,0,54,55,2,111,0,0,70,0,70,0,54,125,2,181,30,0,30,211
10/04/2010,CHO,VA,AEA,EN,Federal Contract Tower,0,42,29,2,73,0,0,48,0,48,0,42,77,2,121,40,0,40,161
10/05/2010,CHO,VA,AEA,EN,Federal Contract Tower,0,40,29,6,75,0,0,39,5,44,0,40,68,11,119,14,2,16,135
10/06/2010,CHO,VA,AEA,EN,Federal Contract Tower,0,51,46,4,101,0,0,83,8,91,0,51,129,12,192,40,8,48,240
10/07/2010,CHO,VA,AEA,EN,Federal Contract Tower,1,57,46,8,112,0,0,81,10,91,1,57,127,18,203,82,30,112,315
10/08/2010,CHO,VA,AEA,EN,Federal Contract Tower,1,69,67,8,145,0,0,122,0,122,1,69,189,8,267,106,16,122,389
10/09/2010,CHO,VA,AEA,EN,Federal Contract Tower,1,54,48,0,103,0,0,130,0,130,1,54,178,0,233,72,0,72,305
10/10/2010,CHO,VA,AEA,EN,Federal Contract Tower,0,54,26,0,80,0,0,90,0,90,0,54,116,0,170,40,0,40,210
10/11/2010,CHO,VA,AEA,EN,Federal Contract Tower,0,44,31,0,75,0,0,60,0,60,0,44,91,0,135,30,0,30,165
10/12/2010,CHO,VA,AEA,EN,Federal Contract Tower,0,48,32,4,84,0,0,82,1,83,0,48,114,5,167,18,2,20,187
10/13/2010,CHO,VA,AEA,EN,Federal Contract Tower,0,69,50,0,119,0,0,138,0,138,0,69,188,0,257,104,0,104,361
10/14/2010,CHO,VA,AEA,EN,Federal Contract Tower,0,68,54,2,124,0,0,33,2,35,0,68,87,4,159,28,4,32,191
10/15/2010,CHO,VA,AEA,EN,Federal Contract Tower,0,105,74,2,181,0,0,121,0,121,0,105,195,2,302,76,24,100,402
10/16/2010,CHO,VA,AEA,EN,Federal Contract Tower,0,53,66,0,119,0,0,91,0,91,0,53,157,0,210,34,0,34,244
10/17/2010,CHO,VA,AEA,EN,Federal Contract Tower,1,64,62,0,127,0,0,106,0,106,1,64,168,0,233,60,0,60,293
10/18/2010,CHO,VA,AEA,EN,Federal Contract Tower,0,44,36,12,92,0,0,67,2,69,0,44,103,14,161,50,0,50,211
10/19/2010,CHO,VA,AEA,EN,Federal Contract Tower,0,48,30,6,84,0,0,70,4,74,0,48,100,10,158,36,6,42,200
10/20/2010,CHO,VA,AEA,EN,Federal Contract Tower,0,62,51,2,115,0,0,2,0,2,0,62,53,2,117,0,0,0,117
10/21/2010,CHO,VA,AEA,EN,Federal Contract Tower,0,69,50,2,121,0,0,66,2,68,0,69,116,4,189,44,8,52,241
10/22/2010,CHO,VA,AEA,EN,Federal Contract Tower,2,71,87,0,160,0,0,92,6,98,2,71,179,6,258,42,0,42,300
10/23/2010,CHO,VA,AEA,EN,Federal Contract Tower,2,42,59,0,103,0,0,124,2,126,2,42,183,2,229,52,0,52,281
10/24/2010,CHO,VA,AEA,EN,Federal Contract Tower,0,47,51,0,98,0,0,108,0,108,0,47,159,0,206,48,0,48,254
10/25/2010,CHO,VA,AEA,EN,Federal Contract Tower,0,46,40,2,88,0,0,51,0,51,0,46,91,2,139,26,0,26,165
10/26/2010,CHO,VA,AEA,EN,Federal Contract Tower,0,52,39,3,94,0,0,14,0,14,0,52,53,3,108,0,0,0,108
10/27/2010,CHO,VA,AEA,EN,Federal Contract Tower,0,66,54,2,122,0,0,14,1,15,0,66,68,3,137,0,0,0,137
10/28/2010,CHO,VA,AEA,EN,Federal Contract Tower,0,85,63,5,153,0,0,115,4,119,0,85,178,9,272,68,6,74,346
10/29/2010,CHO,VA,AEA,EN,Federal Contract Tower,4,68,70,8,150,0,0,81,6,87,4,68,151,14,237,44,12,56,293
10/30/2010,CHO,VA,AEA,EN,Federal Contract Tower,4,39,60,0,103,0,0,94,4,98,4,39,154,4,201,78,0,78,279
10/31/2010,CHO,VA,AEA,EN,Federal Contract Tower,0,45,43,1,89,0,0,95,0,95,0,45,138,1,184,20,0,20,204
11/01/2010,CHO,VA,AEA,EN,Federal Contract Tower,0,47,38,8,93,0,0,80,10,90,0,47,118,18,183,30,4,34,217
11/02/2010,CHO,VA,AEA,EN,Federal Contract Tower,0,43,31,6,80,0,0,89,0,89,0,43,120,6,169,50,20,70,239
11/03/2010,CHO,VA,AEA,EN,Federal Contract Tower,0,62,60,12,134,0,0,97,2,99,0,62,157,14,233,36,28,64,297
11/04/2010,CHO,VA,AEA,EN,Federal Contract Tower,0,60,62,0,122,0,0,2,0,2,0,60,64,0,124,32,0,32,156
11/05/2010,CHO,VA,AEA,EN,Federal Contract Tower,0,64,64,4,132,0,0,59,0,59,0,64,123,4,191,80,26,106,297
11/06/2010,CHO,VA,AEA,EN,Federal Contract Tower,0,40,64,0,104,0,0,113,0,113,0,40,177,0,217,42,0,42,259
11/07/2010,CHO,VA,AEA,EN,Federal Contract Tower,0,50,46,0,96,0,0,80,0,80,0,50,126,0,176,20,0,20,196
11/08/2010,CHO,VA,AEA,EN,Federal Contract Tower,0,43,24,8,75,0,0,109,1,110,0,43,133,9,185,34,10,44,229
11/09/2010,CHO,VA,AEA,EN,Federal Contract Tower,0,45,48,14,107,0,0,56,2,58,0,45,104,16,165,26,18,44,209
11/10/2010,CHO,VA,AEA,EN,Federal Contract Tower,0,51,32,8,91,0,0,82,1,83,0,51,114,9,174,74,20,94,268
11/11/2010,CHO,VA,AEA,EN,Federal Contract Tower,0,72,47,0,119,0,0,94,0,94,0,72,141,0,213,92,0,92,305
11/12/2010,CHO,VA,AEA,EN,Federal Contract Tower,0,67,79,0,146,0,0,79,4,83,0,67,158,4,229,90,6,96,325
11/13/2010,CHO,VA,AEA,EN,Federal Contract Tower,0,38,71,1,110,0,2,124,0,126,0,40,195,1,236,110,0,110,346
11/14/2010,CHO,VA,AEA,EN,Federal Contract Tower,0,45,55,2,102,0,0,98,0,98,0,45,153,2,200,60,0,60,260
11/15/2010,CHO,VA,AEA,EN,Federal Contract Tower,0,56,41,13,110,0,0,65,6,71,0,56,106,19,181,30,60,90,271
11/16/2010,CHO,VA,AEA,EN,Federal Contract Tower,0,46,36,2,84,0,0,0,0,0,0,46,36,2,84,0,0,0,84
11/17/2010,CHO,VA,AEA,EN,Federal Contract Tower,0,58,45,4,107,0,0,15,2,17,0,58,60,6,124,8,26,34,158
11/18/2010,CHO,VA,AEA,EN,Federal Contract Tower,0,65,55,9,129,0,0,60,0,60,0,65,115,9,189,46,32,78,267
11/19/2010,CHO,VA,AEA,EN,Federal Contract Tower,2,79,81,8,170,0,0,127,2,129,2,79,208,10,299,92,4,96,395
11/20/2010,CHO,VA,AEA,EN,Federal Contract Tower,2,46,56,0,104,0,0,98,1,99,2,46,154,1,203,48,0,48,251
11/21/2010,CHO,VA,AEA,EN,Federal Contract Tower,0,46,43,0,89,0,0,86,0,86,0,46,129,0,175,40,0,40,215
11/22/2010,CHO,VA,AEA,EN,Federal Contract Tower,0,47,26,11,84,0,0,85,1,86,0,47,111,12,170,50,10,60,230
11/23/2010,CHO,VA,AEA,EN,Federal Contract Tower,0,47,39,11,97,0,0,72,3,75,0,47,111,14,172,40,34,74,246
11/24/2010,CHO,VA,AEA,EN,Federal Contract Tower,0,60,47,11,118,0,0,69,0,69,0,60,116,11,187,30,0,30,217
11/25/2010,CHO,VA,AEA,EN,Federal Contract Tower,0,36,11,0,47,0,0,8,0,8,0,36,19,0,55,0,0,0,55
11/26/2010,CHO,VA,AEA,EN,Federal Contract Tower,0,41,22,0,63,0,0,14,0,14,0,41,36,0,77,8,0,8,85
11/27/2010,CHO,VA,AEA,EN,Federal Contract Tower,0,41,36,0,77,0,0,72,0,72,0,41,108,0,149,22,0,22,171
11/28/2010,CHO,VA,AEA,EN,Federal Contract Tower,0,55,60,0,115,0,0,90,0,90,0,55,150,0,205,32,0,32,237
11/29/2010,CHO,VA,AEA,EN,Federal Contract Tower,0,46,31,0,77,0,0,61,4,65,0,46,92,4,142,20,12,32,174
11/30/2010,CHO,VA,AEA,EN,Federal Contract Tower,0,41,35,6,82,0,0,0,0,0,0,41,35,6,82,0,0,0,82
12/01/2010,CHO,VA,AEA,EN,Federal Contract Tower,0,53,45,2,100,0,0,22,0,22,0,53,67,2,122,0,0,0,122
12/02/2010,CHO,VA,AEA,EN,Federal Contract Tower,0,67,50,4,121,0,0,69,0,69,0,67,119,4,190,52,2,54,244
12/03/2010,CHO,VA,AEA,EN,Federal Contract Tower,0,62,60,16,138,0,0,58,0,58,0,62,118,16,196,56,26,82,278
12/04/2010,CHO,VA,AEA,EN,Federal Contract Tower,0,36,32,2,70,0,0,68,1,69,0,36,100,3,139,46,6,52,191
12/05/2010,CHO,VA,AEA,EN,Federal Contract Tower,0,45,20,0,65,0,0,18,0,18,0,45,38,0,83,0,0,0,83
12/06/2010,CHO,VA,AEA,EN,Federal Contract Tower,0,44,16,0,60,0,0,22,4,26,0,44,38,4,86,4,0,4,90
12/07/2010,CHO,VA,AEA,EN,Federal Contract Tower,0,45,33,0,78,0,0,23,0,23,0,45,56,0,101,0,0,0,101
12/08/2010,CHO,VA,AEA,EN,Federal Contract Tower,0,60,55,6,121,0,0,74,5,79,0,60,129,11,200,28,26,54,254
12/09/2010,CHO,VA,AEA,EN,Federal Contract Tower,0,58,43,2,103,0,0,79,4,83,0,58,122,6,186,98,14,112,298
12/10/2010,CHO,VA,AEA,EN,Federal Contract Tower,0,50,44,0,94,0,0,59,6,65,0,50,103,6,159,90,20,110,269
12/11/2010,CHO,VA,AEA,EN,Federal Contract Tower,0,47,52,1,100,0,0,71,0,71,0,47,123,1,171,38,26,64,235
12/12/2010,CHO,VA,AEA,EN,Federal Contract Tower,0,37,13,0,50,0,0,0,0,0,0,37,13,0,50,0,0,0,50
12/13/2010,CHO,VA,AEA,EN,Federal Contract Tower,0,49,33,0,82,0,0,32,0,32,0,49,65,0,114,44,0,44,158
12/14/2010,CHO,VA,AEA,EN,Federal Contract Tower,0,45,16,0,61,0,0,5,2,7,0,45,21,2,68,0,0,0,68
12/15/2010,CHO,VA,AEA,EN,Federal Contract Tower,0,60,62,4,126,0,0,53,2,55,0,60,115,6,181,32,6,38,219
12/16/2010,CHO,VA,AEA,EN,Federal Contract Tower,0,32,15,0,47,0,0,0,0,0,0,32,15,0,47,0,0,0,47
12/17/2010,CHO,VA,AEA,EN,Federal Contract Tower,0,59,68,0,127,0,0,65,2,67,0,59,133,2,194,58,0,58,252
12/18/2010,CHO,VA,AEA,EN,Federal Contract Tower,0,41,52,0,93,0,0,69,0,69,0,41,121,0,162,82,0,82,244
12/19/2010,CHO,VA,AEA,EN,Federal Contract Tower,0,47,43,0,90,0,0,60,0,60,0,47,103,0,150,50,0,50,200
12/20/2010,CHO,VA,AEA,EN,Federal Contract Tower,0,42,31,2,75,0,0,40,4,44,0,42,71,6,119,10,28,38,157
12/21/2010,CHO,VA,AEA,EN,Federal Contract Tower,0,44,35,0,79,0,0,83,0,83,0,44,118,0,162,40,0,40,202
12/22/2010,CHO,VA,AEA,EN,Federal Contract Tower,0,54,35,2,91,0,0,91,0,91,0,54,126,2,182,26,0,26,208
12/23/2010,CHO,VA,AEA,EN,Federal Contract Tower,0,60,41,0,101,0,0,6,0,6,0,60,47,0,107,4,0,4,111
12/24/2010,CHO,VA,AEA,EN,Federal Contract Tower,0,44,33,0,77,0,0,37,0,37,0,44,70,0,114,40,0,40,154
12/25/2010,CHO,VA,AEA,EN,Federal Contract Tower,0,28,6,0,34,0,0,5,0,5,0,28,11,0,39,0,0,0,39
12/26/2010,CHO,VA,AEA,EN,Federal Contract Tower,0,30,16,0,46,0,0,0,0,0,0,30,16,0,46,0,0,0,46
12/27/2010,CHO,VA,AEA,EN,Federal Contract Tower,0,47,26,0,73,0,0,0,0,0,0,47,26,0,73,0,0,0,73
12/28/2010,CHO,VA,AEA,EN,Federal Contract Tower,0,36,39,4,79,0,0,78,7,85,0,36,117,11,164,40,0,40,204
12/29/2010,CHO,VA,AEA,EN,Federal Contract Tower,0,54,32,8,94,0,0,104,7,111,0,54,136,15,205,40,18,58,263
12/30/2010,CHO,VA,AEA,EN,Federal Contract Tower,0,58,39,2,99,0,0,76,6,82,0,58,115,8,181,86,16,102,283
12/31/2010,CHO,VA,AEA,EN,Federal Contract Tower,0,44,28,0,72,0,0,82,0,82,0,44,110,0,154,70,0,70,224
01/01/2011,CHO,VA,AEA,EN,Federal Contract Tower,0,29,42,0,71,0,0,22,0,22,0,29,64,0,93,54,0,54,147
01/02/2011,CHO,VA,AEA,EN,Federal Contract Tower,0,50,38,0,88,0,0,12,0,12,0,50,50,0,100,0,0,0,100
01/03/2011,CHO,VA,AEA,EN,Federal Contract Tower,0,40,21,0,61,0,0,50,0,50,0,40,71,0,111,70,0,70,181
01/04/2011,CHO,VA,AEA,EN,Federal Contract Tower,0,43,19,0,62,0,0,52,2,54,0,43,71,2,116,70,0,70,186
01/05/2011,CHO,VA,AEA,EN,Federal Contract Tower,0,47,17,3,67,0,0,52,0,52,0,47,69,3,119,46,12,58,177
01/06/2011,CHO,VA,AEA,EN,Federal Contract Tower,0,66,44,6,116,0,0,100,4,104,0,66,144,10,220,80,60,140,360
01/07/2011,CHO,VA,AEA,EN,Federal Contract Tower,0,50,34,2,86,0,0,60,0,60,0,50,94,2,146,32,10,42,188
01/08/2011,CHO,VA,AEA,EN,Federal Contract Tower,0,40,52,0,92,0,0,21,0,21,0,40,73,0,113,0,0,0,113
01/09/2011,CHO,VA,AEA,EN,Federal Contract Tower,0,49,25,0,74,0,0,30,0,30,0,49,55,0,104,20,0,20,124
01/10/2011,CHO,VA,AEA,EN,Federal Contract Tower,0,37,18,2,57,0,0,40,0,40,0,37,58,2,97,50,0,50,147
01/11/2011,CHO,VA,AEA,EN,Federal Contract Tower,0,39,17,0,56,0,0,0,0,0,0,39,17,0,56,0,0,0,56
01/12/2011,CHO,VA,AEA,EN,Federal Contract Tower,0,43,17,2,62,0,0,1,4,5,0,43,18,6,67,0,20,20,87
01/13/2011,CHO,VA,AEA,EN,Federal Contract Tower,0,59,42,9,110,0,0,75,6,81,0,59,117,15,191,80,36,116,307
01/14/2011,CHO,VA,AEA,EN,Federal Contract Tower,0,62,53,2,117,0,0,79,0,79,0,62,132,2,196,98,0,98,294
01/15/2011,CHO,VA,AEA,EN,Federal Contract Tower,0,36,55,0,91,0,0,108,0,108,0,36,163,0,199,98,0,98,297
01/16/2011,CHO,VA,AEA,EN,Federal Contract Tower,0,44,32,0,76,0,0,90,0,90,0,44,122,0,166,70,0,70,236
01/17/2011,CHO,VA,AEA,EN,Federal Contract Tower,0,46,29,0,75,0,0,25,0,25,0,46,54,0,100,30,0,30,130
01/18/2011,CHO,VA,AEA,EN,Federal Contract Tower,0,43,22,1,66,0,0,5,0,5,0,43,27,1,71,22,0,22,93
01/19/2011,CHO,VA,AEA,EN,Federal Contract Tower,0,55,47,9,111,0,0,37,0,37,0,55,84,9,148,24,22,46,194
01/20/2011,CHO,VA,AEA,EN,Federal Contract Tower,0,66,52,8,126,0,0,77,6,83,0,66,129,14,209,118,30,148,357
01/21/2011,CHO,VA,AEA,EN,Federal Contract Tower,0,58,44,9,111,0,0,25,4,29,0,58,69,13,140,52,20,72,212
01/22/2011,CHO,VA,AEA,EN,Federal Contract Tower,0,36,45,0,81,0,0,98,0,98,0,36,143,0,179,112,0,112,291
01/23/2011,CHO,VA,AEA,EN,Federal Contract Tower,0,46,36,0,82,0,0,80,0,80,0,46,116,0,162,70,0,70,232
01/24/2011,CHO,VA,AEA,EN,Federal Contract Tower,0,42,24,4,70,0,0,45,0,45,0,42,69,4,115,30,0,30,145
01/25/2011,CHO,VA,AEA,EN,Federal Contract Tower,0,41,23,6,70,0,0,23,2,25,0,41,46,8,95,26,2,28,123
01/26/2011,CHO,VA,AEA,EN,Federal Contract Tower,0,31,12,0,43,0,0,0,0,0,0,31,12,0,43,0,0,0,43
01/27/2011,CHO,VA,AEA,EN,Federal Contract Tower,0,59,58,4,121,0,0,55,0,55,0,59,113,4,176,80,4,84,260
01/28/2011,CHO,VA,AEA,EN,Federal Contract Tower,0,50,37,0,87,0,0,29,0,29,0,50,66,0,116,34,0,34,150
01/29/2011,CHO,VA,AEA,EN,Federal Contract Tower,0,30,45,0,75,0,0,79,0,79,0,30,124,0,154,58,0,58,212
01/30/2011,CHO,VA,AEA,EN,Federal Contract Tower,0,42,29,0,71,0,0,107,4,111,0,42,136,4,182,70,0,70,252
01/31/2011,CHO,VA,AEA,EN,Federal Contract Tower,0,44,20,1,65,0,0,35,3,38,0,44,55,4,103,10,0,10,113
02/01/2011,CHO,VA,AEA,EN,Federal Contract Tower,0,43,4,2,49,0,0,24,0,24,0,43,28,2,73,14,0,14,87
02/02/2011,CHO,VA,AEA,EN,Federal Contract Tower,0,50,18,10,78,0,0,19,0,19,0,50,37,10,97,0,12,12,109
02/03/2011,CHO,VA,AEA,EN,Federal Contract Tower,0,66,45,14,125,0,0,77,6,83,0,66,122,20,208,118,46,164,372
02/04/2011,CHO,VA,AEA,EN,Federal Contract Tower,0,59,37,6,102,0,0,76,6,82,0,59,113,12,184,64,44,108,292
02/05/2011,CHO,VA,AEA,EN,Federal Contract Tower,0,26,22,0,48,0,0,0,0,0,0,26,22,0,48,0,0,0,48
02/06/2011,CHO,VA,AEA,EN,Federal Contract Tower,0,45,24,0,69,0,0,90,0,90,0,45,114,0,159,120,0,120,279
02/07/2011,CHO,VA,AEA,EN,Federal Contract Tower,0,44,30,8,82,0,0,55,0,55,0,44,85,8,137,40,0,40,177
02/08/2011,CHO,VA,AEA,EN,Federal Contract Tower,0,41,22,0,63,0,0,8,6,14,0,41,30,6,77,2,2,4,81
02/09/2011,CHO,VA,AEA,EN,Federal Contract Tower,0,59,41,22,122,0,0,45,2,47,0,59,86,24,169,8,58,66,235
02/10/2011,CHO,VA,AEA,EN,Federal Contract Tower,0,60,37,10,107,0,0,69,6,75,0,60,106,16,182,80,40,120,302
02/11/2011,CHO,VA,AEA,EN,Federal Contract Tower,0,51,58,10,119,0,0,74,0,74,0,51,132,10,193,74,22,96,289
02/12/2011,CHO,VA,AEA,EN,Federal Contract Tower,0,30,40,0,70,0,0,60,0,60,0,30,100,0,130,72,0,72,202
02/13/2011,CHO,VA,AEA,EN,Federal Contract Tower,0,49,24,0,73,0,0,60,0,60,0,49,84,0,133,40,0,40,173
02/14/2011,CHO,VA,AEA,EN,Federal Contract Tower,0,41,22,2,65,0,0,25,4,29,0,41,47,6,94,14,10,24,118
02/15/2011,CHO,VA,AEA,EN,Federal Contract Tower,0,46,32,8,86,0,0,84,2,86,0,46,116,10,172,28,20,48,220
02/16/2011,CHO,VA,AEA,EN,Federal Contract Tower,0,70,60,2,132,0,0,99,3,102,0,70,159,5,234,44,0,44,278
02/17/2011,CHO,VA,AEA,EN,Federal Contract Tower,0,62,60,2,124,0,0,93,0,93,0,62,153,2,217,112,0,112,329
02/18/2011,CHO,VA,AEA,EN,Federal Contract Tower,0,55,45,0,100,0,0,69,0,69,0,55,114,0,169,66,0,66,235
02/19/2011,CHO,VA,AEA,EN,Federal Contract Tower,0,35,24,0,59,0,0,1,0,1,0,35,25,0,60,0,0,0,60
02/20/2011,CHO,VA,AEA,EN,Federal Contract Tower,0,45,31,0,76,0,0,90,0,90,0,45,121,0,166,80,0,80,246
02/21/2011,CHO,VA,AEA,EN,Federal Contract Tower,0,39,30,0,69,0,0,20,0,20,0,39,50,0,89,52,0,52,141
02/22/2011,CHO,VA,AEA,EN,Federal Contract Tower,0,49,19,3,71,0,0,1,1,2,0,49,20,4,73,0,0,0,73
02/23/2011,CHO,VA,AEA,EN,Federal Contract Tower,0,62,46,12,120,0,0,100,3,103,0,62,146,15,223,88,26,114,337
02/24/2011,CHO,VA,AEA,EN,Federal Contract Tower,0,59,40,0,99,0,0,22,0,22,0,59,62,0,121,0,0,0,121
02/25/2011,CHO,VA,AEA,EN,Federal Contract Tower,0,44,41,1,86,0,0,1,0,1,0,44,42,1,87,0,0,0,87
02/26/2011,CHO,VA,AEA,EN,Federal Contract Tower,0,32,54,0,86,0,0,91,0,91,0,32,145,0,177,74,0,74,251
02/27/2011,CHO,VA,AEA,EN,Federal Contract Tower,0,42,27,0,69,0,0,75,0,75,0,42,102,0,144,100,0,100,244
02/28/2011,CHO,VA,AEA,EN,Federal Contract Tower,0,52,26,8,86,0,0,25,2,27,0,52,51,10,113,40,8,48,161
03/01/2011,CHO,VA,AEA,EN,Federal Contract Tower,0,47,27,7,81,0,0,109,0,109,0,47,136,7,190,18,12,30,220
03/02/2011,CHO,VA,AEA,EN,Federal Contract Tower,0,65,67,6,138,0,0,87,0,87,0,65,154,6,225,66,16,82,307
03/03/2011,CHO,VA,AEA,EN,Federal Contract Tower,0,79,65,0,144,0,0,96,6,102,0,79,161,6,246,118,22,140,386
03/04/2011,CHO,VA,AEA,EN,Federal Contract Tower,0,54,36,0,90,0,0,71,0,71,0,54,107,0,161,84,0,84,245
03/05/2011,CHO,VA,AEA,EN,Federal Contract Tower,0,42,28,0,70,0,0,20,0,20,0,42,48,0,90,20,0,20,110
03/06/2011,CHO,VA,AEA,EN,Federal Contract Tower,0,37,8,0,45,0,0,0,0,0,0,37,8,0,45,0,0,0,45
03/07/2011,CHO,VA,AEA,EN,Federal Contract Tower,0,42,19,3,64,0,0,45,7,52,0,42,64,10,116,10,0,10,126
03/08/2011,CHO,VA,AEA,EN,Federal Contract Tower,0,42,28,6,76,0,0,64,0,64,0,42,92,6,140,30,20,50,190
03/09/2011,CHO,VA,AEA,EN,Federal Contract Tower,0,40,31,4,75,0,0,0,0,0,0,40,31,4,75,0,0,0,75
03/10/2011,CHO,VA,AEA,EN,Federal Contract Tower,0,53,45,2,100,0,0,0,0,0,0,53,45,2,100,0,0,0,100
03/11/2011,CHO,VA,AEA,EN,Federal Contract Tower,0,55,39,8,102,0,0,66,6,72,0,55,105,14,174,80,58,138,312
03/12/2011,CHO,VA,AEA,EN,Federal Contract Tower,0,29,41,0,70,0,0,84,4,88,0,29,125,4,158,32,0,32,190
03/13/2011,CHO,VA,AEA,EN,Federal Contract Tower,0,39,44,0,83,0,0,97,2,99,0,39,141,2,182,70,8,78,260
03/14/2011,CHO,VA,AEA,EN,Federal Contract Tower,0,43,25,1,69,0,0,67,0,67,0,43,92,1,136,22,0,22,158
03/15/2011,CHO,VA,AEA,EN,Federal Contract Tower,0,43,26,3,72,0,0,51,8,59,0,43,77,11,131,12,40,52,183
03/16/2011,CHO,VA,AEA,EN,Federal Contract Tower,0,50,38,7,95,0,0,50,2,52,0,50,88,9,147,0,22,22,169
03/17/2011,CHO,VA,AEA,EN,Federal Contract Tower,0,70,45,1,116,0,0,108,6,114,0,70,153,7,230,84,0,84,314
03/18/2011,CHO,VA,AEA,EN,Federal Contract Tower,0,69,43,6,118,0,87,31,0,118,0,156,74,6,236,118,32,150,386
03/19/2011,CHO,VA,AEA,EN,Federal Contract Tower,0,41,44,0,85,0,0,95,0,95,0,41,139,0,180,72,0,72,252
03/20/2011,CHO,VA,AEA,EN,Federal Contract Tower,0,42,40,0,82,0,0,100,6,106,0,42,140,6,188,58,0,58,246
03/21/2011,CHO,VA,AEA,EN,Federal Contract Tower,0,42,22,2,66,0,0,37,0,37,0,42,59,2,103,20,0,20,123
03/22/2011,CHO,VA,AEA,EN,Federal Contract Tower,2,44,39,0,85,0,0,60,0,60,2,44,99,0,145,24,0,24,169
03/23/2011,CHO,VA,AEA,EN,Federal Contract Tower,0,48,21,4,73,0,0,20,0,20,0,48,41,4,93,22,52,74,167
03/24/2011,CHO,VA,AEA,EN,Federal Contract Tower,0,61,45,6,112,0,0,63,0,63,0,61,108,6,175,114,38,152,327
03/25/2011,CHO,VA,AEA,EN,Federal Contract Tower,0,58,59,8,125,0,0,95,0,95,0,58,154,8,220,84,20,104,324
03/26/2011,CHO,VA,AEA,EN,Federal Contract Tower,0,35,45,0,80,0,0,71,0,71,0,35,116,0,151,58,0,58,209
03/27/2011,CHO,VA,AEA,EN,Federal Contract Tower,0,47,28,0,75,0,0,3,0,3,0,47,31,0,78,0,0,0,78
03/28/2011,CHO,VA,AEA,EN,Federal Contract Tower,1,48,24,6,79,0,0,65,2,67,1,48,89,8,146,40,0,40,186
03/29/2011,CHO,VA,AEA,EN,Federal Contract Tower,0,43,35,5,83,0,0,84,5,89,0,43,119,10,172,72,20,92,264
03/30/2011,CHO,VA,AEA,EN,Federal Contract Tower,0,45,37,2,84,0,0,6,0,6,0,45,43,2,90,0,0,0,90
03/31/2011,CHO,VA,AEA,EN,Federal Contract Tower,0,58,48,0,106,0,0,18,0,18,0,58,66,0,124,18,0,18,142
04/01/2011,CHO,VA,AEA,EN,Federal Contract Tower,0,58,54,0,112,0,0,30,0,30,0,58,84,0,142,11,0,11,153
04/02/2011,CHO,VA,AEA,EN,Federal Contract Tower,0,41,43,0,84,0,0,42,0,42,0,41,85,0,126,18,0,18,144
04/03/2011,CHO,VA,AEA,EN,Federal Contract Tower,0,48,63,3,114,0,0,117,0,117,0,48,180,3,231,65,4,69,300
04/04/2011,CHO,VA,AEA,EN,Federal Contract Tower,0,46,32,0,78,0,0,25,1,26,0,46,57,1,104,40,0,40,144
04/05/2011,CHO,VA,AEA,EN,Federal Contract Tower,0,40,26,6,72,0,0,7,4,11,0,40,33,10,83,0,52,52,135
04/06/2011,CHO,VA,AEA,EN,Federal Contract Tower,0,50,43,12,105,0,0,71,2,73,0,50,114,14,178,10,22,32,210
04/07/2011,CHO,VA,AEA,EN,Federal Contract Tower,0,73,61,8,142,0,0,119,0,119,0,73,180,8,261,110,36,146,407
04/08/2011,CHO,VA,AEA,EN,Federal Contract Tower,0,53,56,0,109,0,0,30,0,30,0,53,86,0,139,12,0,12,151
04/09/2011,CHO,VA,AEA,EN,Federal Contract Tower,0,34,53,0,87,0,0,0,0,0,0,34,53,0,87,0,0,0,87
04/10/2011,CHO,VA,AEA,EN,Federal Contract Tower,0,53,61,1,115,0,0,45,0,45,0,53,106,1,160,10,6,16,176
04/11/2011,CHO,VA,AEA,EN,Federal Contract Tower,0,44,32,0,76,0,0,39,2,41,0,44,71,2,117,22,0,22,139
04/12/2011,CHO,VA,AEA,EN,Federal Contract Tower,0,43,28,1,72,0,0,7,0,7,0,43,35,1,79,0,0,0,79
04/13/2011,CHO,VA,AEA,EN,Federal Contract Tower,0,57,50,9,116,0,0,57,8,65,0,57,107,17,181,56,18,74,255
04/14/2011,CHO,VA,AEA,EN,Federal Contract Tower,0,74,68,2,144,0,0,109,16,125,0,74,177,18,269,122,16,138,407
04/15/2011,CHO,VA,AEA,EN,Federal Contract Tower,0,53,60,12,125,0,0,72,0,72,0,53,132,12,197,48,22,70,267
04/16/2011,CHO,VA,AEA,EN,Federal Contract Tower,0,26,22,0,48,0,2,0,0,2,0,28,22,0,50,0,0,0,50
04/17/2011,CHO,VA,AEA,EN,Federal Contract Tower,0,46,54,2,102,0,0,75,0,75,0,46,129,2,177,56,0,56,233
04/18/2011,CHO,VA,AEA,EN,Federal Contract Tower,0,48,52,4,104,0,0,78,4,82,0,48,130,8,186,94,14,108,294
04/19/2011,CHO,VA,AEA,EN,Federal Contract Tower,0,58,38,2,98,0,0,54,10,64,0,58,92,12,162,102,36,138,300
04/20/2011,CHO,VA,AEA,EN,Federal Contract Tower,0,72,58,4,134,0,0,58,0,58,0,72,116,4,192,64,32,96,288
04/21/2011,CHO,VA,AEA,EN,Federal Contract Tower,0,76,69,2,147,0,0,100,3,103,0,76,169,5,250,142,0,142,392
04/22/2011,CHO,VA,AEA,EN,Federal Contract Tower,0,53,41,0,94,0,0,24,0,24,0,53,65,0,118,28,0,28,146
04/23/2011,CHO,VA,AEA,EN,Federal Contract Tower,0,31,34,0,65,0,0,37,0,37,0,31,71,0,102,48,6,54,156
04/24/2011,CHO,VA,AEA,EN,Federal Contract Tower,0,49,31,0,80,0,0,53,0,53,0,49,84,0,133,30,0,30,163
04/25/2011,CHO,VA,AEA,EN,Federal Contract Tower,0,42,35,7,84,0,0,68,2,70,0,42,103,9,154,60,46,106,260
04/26/2011,CHO,VA,AEA,EN,Federal Contract Tower,0,46,31,12,89,0,0,37,0,37,0,46,68,12,126,20,40,60,186
04/27/2011,CHO,VA,AEA,EN,Federal Contract Tower,0,36,33,6,75,0,0,2,0,2,0,36,35,6,77,0,0,0,77
04/28/2011,CHO,VA,AEA,EN,Federal Contract Tower,0,73,62,0,135,0,0,31,2,33,0,73,93,2,168,36,0,36,204
04/29/2011,CHO,VA,AEA,EN,Federal Contract Tower,0,53,62,6,121,0,0,69,3,72,0,53,131,9,193,55,20,75,268
04/30/2011,CHO,VA,AEA,EN,Federal Contract Tower,0,42,55,0,97,0,0,139,0,139,0,42,194,0,236,100,0,100,336
05/01/2011,CHO,VA,AEA,EN,Federal Contract Tower,0,49,36,0,85,0,0,55,0,55,0,49,91,0,140,40,0,40,180
05/02/2011,CHO,VA,AEA,EN,Federal Contract Tower,0,41,28,0,69,0,0,55,0,55,0,41,83,0,124,50,0,50,174
05/03/2011,CHO,VA,AEA,EN,Federal Contract Tower,0,39,27,13,79,0,0,51,1,52,0,39,78,14,131,30,0,30,161
05/04/2011,CHO,VA,AEA,EN,Federal Contract Tower,0,59,36,7,102,0,2,25,0,27,0,61,61,7,129,2,40,42,171
05/05/2011,CHO,VA,AEA,EN,Federal Contract Tower,0,50,48,8,106,0,0,54,0,54,0,50,102,8,160,12,18,30,190
05/06/2011,CHO,VA,AEA,EN,Federal Contract Tower,0,61,57,3,121,0,0,79,0,79,0,61,136,3,200,88,4,92,292
05/07/2011,CHO,VA,AEA,EN,Federal Contract Tower,0,38,23,0,61,0,0,68,2,70,0,38,91,2,131,26,0,26,157
05/08/2011,CHO,VA,AEA,EN,Federal Contract Tower,0,52,24,0,76,0,0,49,0,49,0,52,73,0,125,60,0,60,185
05/09/2011,CHO,VA,AEA,EN,Federal Contract Tower,0,48,47,0,95,0,0,90,2,92,0,48,137,2,187,90,20,110,297
05/10/2011,CHO,VA,AEA,EN,Federal Contract Tower,0,40,44,3,87,0,0,92,3,95,0,40,136,6,182,94,30,124,306
05/11/2011,CHO,VA,AEA,EN,Federal Contract Tower,0,62,84,4,150,0,0,104,2,106,0,62,188,6,256,40,18,58,314
05/12/2011,CHO,VA,AEA,EN,Federal Contract Tower,0,89,81,10,180,0,0,126,0,126,0,89,207,10,306,132,32,164,470
05/13/2011,CHO,VA,AEA,EN,Federal Contract Tower,0,62,85,0,147,0,0,0,0,0,0,62,85,0,147,0,0,0,147
05/14/2011,CHO,VA,AEA,EN,Federal Contract Tower,0,40,113,0,153,0,0,0,0,0,0,40,113,0,153,0,0,0,153
05/15/2011,CHO,VA,AEA,EN,Federal Contract Tower,0,47,56,0,103,0,0,22,0,22,0,47,78,0,125,40,0,40,165
05/16/2011,CHO,VA,AEA,EN,Federal Contract Tower,0,45,30,6,81,0,0,67,0,67,0,45,97,6,148,56,24,80,228
05/17/2011,CHO,VA,AEA,EN,Federal Contract Tower,0,33,38,0,71,0,0,0,0,0,0,33,38,0,71,0,0,0,71
05/18/2011,CHO,VA,AEA,EN,Federal Contract Tower,0,57,32,4,93,0,0,19,1,20,0,57,51,5,113,0,10,10,123
05/19/2011,CHO,VA,AEA,EN,Federal Contract Tower,0,81,71,6,158,0,0,72,0,72,0,81,143,6,230,94,16,110,340
05/20/2011,CHO,VA,AEA,EN,Federal Contract Tower,0,73,122,4,199,0,0,131,0,131,0,73,253,4,330,96,8,104,434
05/21/2011,CHO,VA,AEA,EN,Federal Contract Tower,0,44,60,0,104,0,0,141,4,145,0,44,201,4,249,80,8,88,337
05/22/2011,CHO,VA,AEA,EN,Federal Contract Tower,0,60,77,0,137,0,0,72,0,72,0,60,149,0,209,50,0,50,259
05/23/2011,CHO,VA,AEA,EN,Federal Contract Tower,0,50,53,6,109,0,0,54,4,58,0,50,107,10,167,60,0,60,227
05/24/2011,CHO,VA,AEA,EN,Federal Contract Tower,0,38,38,4,80,0,0,48,0,48,0,38,86,4,128,30,10,40,168
05/25/2011,CHO,VA,AEA,EN,Federal Contract Tower,0,63,60,5,128,0,0,135,0,135,0,63,195,5,263,62,8,70,333
05/26/2011,CHO,VA,AEA,EN,Federal Contract Tower,0,58,39,6,103,0,72,10,0,82,0,130,49,6,185,114,32,146,331
05/27/2011,CHO,VA,AEA,EN,Federal Contract Tower,0,53,36,7,96,0,0,0,0,0,0,53,36,7,96,46,24,70,166
05/28/2011,CHO,VA,AEA,EN,Federal Contract Tower,0,42,55,0,97,0,0,112,0,112,0,42,167,0,209,72,0,72,281
05/29/2011,CHO,VA,AEA,EN,Federal Contract Tower,0,41,29,2,72,0,0,39,0,39,0,41,68,2,111,40,0,40,151
05/30/2011,CHO,VA,AEA,EN,Federal Contract Tower,0,40,36,0,76,0,0,90,0,90,0,40,126,0,166,70,0,70,236
05/31/2011,CHO,VA,AEA,EN,Federal Contract Tower,0,42,26,4,72,0,0,55,1,56,0,42,81,5,128,80,18,98,226
06/01/2011,CHO,VA,AEA,EN,Federal Contract Tower,0,48,36,8,92,0,0,34,2,36,0,48,70,10,128,48,36,84,212
06/02/2011,CHO,VA,AEA,EN,Federal Contract Tower,0,57,48,8,113,0,0,99,7,106,0,57,147,15,219,86,34,120,339
06/03/2011,CHO,VA,AEA,EN,Federal Contract Tower,0,60,6,7,73,0,0,121,4,125,0,60,127,11,198,108,0,108,306
06/04/2011,CHO,VA,AEA,EN,Federal Contract Tower,0,49,66,0,115,0,0,135,0,135,0,49,201,0,250,86,14,100,350
06/05/2011,CHO,VA,AEA,EN,Federal Contract Tower,0,55,43,0,98,0,0,91,0,91,0,55,134,0,189,60,0,60,249
06/06/2011,CHO,VA,AEA,EN,Federal Contract Tower,0,48,38,4,90,0,0,97,1,98,0,48,135,5,188,50,4,54,242
06/07/2011,CHO,VA,AEA,EN,Federal Contract Tower,0,42,45,8,95,0,0,88,0,88,0,42,133,8,183,34,8,42,225
06/08/2011,CHO,VA,AEA,EN,Federal Contract Tower,0,51,62,4,117,0,0,70,0,70,0,51,132,4,187,36,0,36,223
06/09/2011,CHO,VA,AEA,EN,Federal Contract Tower,2,74,68,5,149,0,0,84,4,88,2,74,152,9,237,128,22,150,387
06/10/2011,CHO,VA,AEA,EN,Federal Contract Tower,0,85,59,6,150,0,0,87,0,87,0,85,146,6,237,94,8,102,339
06/11/2011,CHO,VA,AEA,EN,Federal Contract Tower,0,50,63,0,113,0,0,75,0,75,0,50,138,0,188,64,0,64,252
06/12/2011,CHO,VA,AEA,EN,Federal Contract Tower,0,52,54,0,106,0,0,75,0,75,0,52,129,0,181,40,0,40,221
06/13/2011,CHO,VA,AEA,EN,Federal Contract Tower,0,49,58,1,108,0,0,85,1,86,0,49,143,2,194,60,0,60,254
06/14/2011,CHO,VA,AEA,EN,Federal Contract Tower,0,49,47,10,106,0,0,88,0,88,0,49,135,10,194,54,30,84,278
06/15/2011,CHO,VA,AEA,EN,Federal Contract Tower,0,49,33,4,86,0,0,55,0,55,0,49,88,4,141,68,2,70,211
06/16/2011,CHO,VA,AEA,EN,Federal Contract Tower,1,65,45,2,113,0,0,57,2,59,1,65,102,4,172,96,36,132,304
06/17/2011,CHO,VA,AEA,EN,Federal Contract Tower,0,61,60,0,121,0,0,77,0,77,0,61,137,0,198,82,0,82,280
06/18/2011,CHO,VA,AEA,EN,Federal Contract Tower,0,48,57,3,108,0,0,118,0,118,0,48,175,3,226,76,0,76,302
06/19/2011,CHO,VA,AEA,EN,Federal Contract Tower,0,50,64,2,116,0,0,85,0,85,0,50,149,2,201,84,2,86,287
06/20/2011,CHO,VA,AEA,EN,Federal Contract Tower,0,45,62,2,109,0,0,17,4,21,0,45,79,6,130,24,10,34,164
06/21/2011,CHO,VA,AEA,EN,Federal Contract Tower,0,47,34,2,83,0,0,53,2,55,0,47,87,4,138,50,2,52,190
06/22/2011,CHO,VA,AEA,EN,Federal Contract Tower,0,64,50,13,127,0,0,80,0,80,0,64,130,13,207,32,20,52,259
06/23/2011,CHO,VA,AEA,EN,Federal Contract Tower,0,80,61,9,150,0,0,90,0,90,0,80,151,9,240,136,44,180,420
06/24/2011,CHO,VA,AEA,EN,Federal Contract Tower,0,67,52,6,125,0,0,94,0,94,0,67,146,6,219,92,12,104,323
06/25/2011,CHO,VA,AEA,EN,Federal Contract Tower,0,55,47,2,104,0,0,97,0,97,0,55,144,2,201,106,0,106,307
06/26/2011,CHO,VA,AEA,EN,Federal Contract Tower,0,55,30,1,86,0,0,70,0,70,0,55,100,1,156,80,0,80,236
06/27/2011,CHO,VA,AEA,EN,Federal Contract Tower,0,40,44,13,97,0,0,35,1,36,0,40,79,14,133,20,30,50,183
06/28/2011,CHO,VA,AEA,EN,Federal Contract Tower,0,46,28,6,80,0,0,41,0,41,0,46,69,6,121,40,30,70,191
06/29/2011,CHO,VA,AEA,EN,Federal Contract Tower,0,59,54,11,124,0,0,101,0,101,0,59,155,11,225,56,44,100,325
06/30/2011,CHO,VA,AEA,EN,Federal Contract Tower,0,87,49,6,142,0,0,107,2,109,0,87,156,8,251,82,0,82,333
07/01/2011,CHO,VA,AEA,EN,Federal Contract Tower,0,72,73,2,147,0,0,114,0,114,0,72,187,2,261,70,0,70,331
07/02/2011,CHO,VA,AEA,EN,Federal Contract Tower,0,42,56,0,98,0,0,92,0,92,0,42,148,0,190,72,0,72,262
07/03/2011,CHO,VA,AEA,EN,Federal Contract Tower,0,40,38,0,78,0,0,70,0,70,0,40,108,0,148,32,0,32,180
07/04/2011,CHO,VA,AEA,EN,Federal Contract Tower,0,51,37,0,88,0,0,61,0,61,0,51,98,0,149,40,0,40,189
07/05/2011,CHO,VA,AEA,EN,Federal Contract Tower,0,47,33,4,84,0,0,44,4,48,0,47,77,8,132,48,20,68,200
07/06/2011,CHO,VA,AEA,EN,Federal Contract Tower,0,50,23,0,73,0,15,9,2,26,0,65,32,2,99,30,0,30,129
07/07/2011,CHO,VA,AEA,EN,Federal Contract Tower,0,72,32,2,106,0,0,53,4,57,0,72,85,6,163,54,14,68,231
07/08/2011,CHO,VA,AEA,EN,Federal Contract Tower,0,53,35,0,88,0,0,74,2,76,0,53,109,2,164,94,0,94,258
07/09/2011,CHO,VA,AEA,EN,Federal Contract Tower,0,45,58,0,103,0,0,99,0,99,0,45,157,0,202,96,0,96,298
07/10/2011,CHO,VA,AEA,EN,Federal Contract Tower,0,48,58,6,112,0,0,107,8,115,0,48,165,14,227,80,0,80,307
07/11/2011,CHO,VA,AEA,EN,Federal Contract Tower,0,48,51,4,103,0,0,125,0,125,0,48,176,4,228,60,6,66,294
07/12/2011,CHO,VA,AEA,EN,Federal Contract Tower,0,46,33,2,81,0,0,76,0,76,0,46,109,2,157,60,4,64,221
07/13/2011,CHO,VA,AEA,EN,Federal Contract Tower,0,46,27,4,77,0,0,50,0,50,0,46,77,4,127,10,4,14,141
07/14/2011,CHO,VA,AEA,EN,Federal Contract Tower,0,72,53,6,131,0,0,89,4,93,0,72,142,10,224,138,18,156,380
07/15/2011,CHO,VA,AEA,EN,Federal Contract Tower,0,70,49,0,119,0,0,118,0,118,0,70,167,0,237,154,0,154,391
07/16/2011,CHO,VA,AEA,EN,Federal Contract Tower,0,45,44,0,89,0,0,102,0,102,0,45,146,0,191,120,0,120,311
07/17/2011,CHO,VA,AEA,EN,Federal Contract Tower,0,46,52,1,99,0,0,68,1,69,0,46,120,2,168,50,0,50,218
07/18/2011,CHO,VA,AEA,EN,Federal Contract Tower,0,44,43,2,89,0,0,87,4,91,0,44,130,6,180,40,0,40,220
07/19/2011,CHO,VA,AEA,EN,Federal Contract Tower,0,42,27,2,71,0,0,53,0,53,0,42,80,2,124,52,0,52,176
07/20/2011,CHO,VA,AEA,EN,Federal Contract Tower,0,59,42,4,105,0,0,59,0,59,0,59,101,4,164,14,2,16,180
07/21/2011,CHO,VA,AEA,EN,Federal Contract Tower,0,71,53,8,132,0,86,2,0,88,0,157,55,8,220,128,38,166,386
07/22/2011,CHO,VA,AEA,EN,Federal Contract Tower,0,59,52,2,113,0,0,78,4,82,0,59,130,6,195,106,18,124,319
07/23/2011,CHO,VA,AEA,EN,Federal Contract Tower,0,37,55,0,92,0,0,81,0,81,0,37,136,0,173,110,0,110,283
07/24/2011,CHO,VA,AEA,EN,Federal Contract Tower,0,49,43,1,93,0,0,67,0,67,0,49,110,1,160,70,0,70,230
07/25/2011,CHO,VA,AEA,EN,Federal Contract Tower,0,46,43,0,89,0,0,62,2,64,0,46,105,2,153,82,0,82,235
07/26/2011,CHO,VA,AEA,EN,Federal Contract Tower,0,56,52,0,108,0,0,72,9,81,0,56,124,9,189,138,18,156,345
07/27/2011,CHO,VA,AEA,EN,Federal Contract Tower,0,60,39,2,101,0,0,96,1,97,0,60,135,3,198,56,0,56,254
07/28/2011,CHO,VA,AEA,EN,Federal Contract Tower,0,62,50,0,112,0,0,80,0,80,0,62,130,0,192,42,0,42,234
07/29/2011,CHO,VA,AEA,EN,Federal Contract Tower,0,58,46,3,107,0,0,92,5,97,0,58,138,8,204,78,0,78,282
07/30/2011,CHO,VA,AEA,EN,Federal Contract Tower,0,43,51,0,94,0,0,91,0,91,0,43,142,0,185,82,0,82,267
07/31/2011,CHO,VA,AEA,EN,Federal Contract Tower,0,28,26,0,54,0,0,60,0,60,0,28,86,0,114,50,0,50,164
08/01/2011,CHO,VA,AEA,EN,Federal Contract Tower,0,45,39,2,86,0,0,65,1,66,0,45,104,3,152,70,4,74,226
08/02/2011,CHO,VA,AEA,EN,Federal Contract Tower,0,44,32,2,78,0,0,81,8,89,0,44,113,10,167,84,0,84,251
08/03/2011,CHO,VA,AEA,EN,Federal Contract Tower,0,54,39,2,95,0,0,44,0,44,0,54,83,2,139,54,20,74,213
08/04/2011,CHO,VA,AEA,EN,Federal Contract Tower,0,65,52,2,119,0,0,65,2,67,0,65,117,4,186,140,6,146,332
08/05/2011,CHO,VA,AEA,EN,Federal Contract Tower,0,58,53,8,119,0,0,94,12,106,0,58,147,20,225,172,40,212,437
08/06/2011,CHO,VA,AEA,EN,Federal Contract Tower,0,45,59,0,104,0,0,45,0,45,0,45,104,0,149,44,0,44,193
08/07/2011,CHO,VA,AEA,EN,Federal Contract Tower,0,49,37,0,86,0,0,75,0,75,0,49,112,0,161,50,0,50,211
08/08/2011,CHO,VA,AEA,EN,Federal Contract Tower,0,40,35,8,83,0,0,93,1,94,0,40,128,9,177,60,0,60,237
08/09/2011,CHO,VA,AEA,EN,Federal Contract Tower,0,43,29,3,75,0,0,68,10,78,0,43,97,13,153,76,10,86,239
08/10/2011,CHO,VA,AEA,EN,Federal Contract Tower,0,62,40,8,110,0,0,54,6,60,0,62,94,14,170,54,6,60,230
08/11/2011,CHO,VA,AEA,EN,Federal Contract Tower,0,75,60,0,135,0,0,128,10,138,0,75,188,10,273,140,46,186,459
08/12/2011,CHO,VA,AEA,EN,Federal Contract Tower,0,62,57,4,123,0,0,113,14,127,0,62,170,18,250,124,0,124,374
08/13/2011,CHO,VA,AEA,EN,Federal Contract Tower,0,46,62,0,108,0,0,20,0,20,0,46,82,0,128,40,0,40,168
08/14/2011,CHO,VA,AEA,EN,Federal Contract Tower,0,49,47,0,96,0,0,40,0,40,0,49,87,0,136,40,0,40,176
08/15/2011,CHO,VA,AEA,EN,Federal Contract Tower,0,39,33,1,73,0,0,77,1,78,0,39,110,2,151,66,0,66,217
08/16/2011,CHO,VA,AEA,EN,Federal Contract Tower,0,56,39,2,97,0,0,85,8,93,0,56,124,10,190,80,40,120,310
08/17/2011,CHO,VA,AEA,EN,Federal Contract Tower,0,65,63,3,131,0,0,117,4,121,0,65,180,7,252,110,6,116,368
08/18/2011,CHO,VA,AEA,EN,Federal Contract Tower,0,76,57,6,139,0,0,111,12,123,0,76,168,18,262,168,60,228,490
08/19/2011,CHO,VA,AEA,EN,Federal Contract Tower,0,83,54,8,145,0,0,93,0,93,0,83,147,8,238,98,20,118,356
08/20/2011,CHO,VA,AEA,EN,Federal Contract Tower,0,42,68,3,113,0,0,110,1,111,0,42,178,4,224,126,16,142,366
08/21/2011,CHO,VA,AEA,EN,Federal Contract Tower,0,52,35,0,87,0,0,58,0,58,0,52,93,0,145,60,0,60,205
08/22/2011,CHO,VA,AEA,EN,Federal Contract Tower,0,47,35,6,88,0,0,120,20,140,0,47,155,26,228,80,0,80,308
08/23/2011,CHO,VA,AEA,EN,Federal Contract Tower,0,44,34,9,87,0,0,100,0,100,0,44,134,9,187,78,30,108,295
08/24/2011,CHO,VA,AEA,EN,Federal Contract Tower,0,69,59,7,135,0,0,120,0,120,0,69,179,7,255,42,26,68,323
08/25/2011,CHO,VA,AEA,EN,Federal Contract Tower,0,45,22,0,67,0,0,55,0,55,0,45,77,0,122,70,0,70,192
08/26/2011,CHO,VA,AEA,EN,Federal Contract Tower,0,61,45,2,108,0,0,59,2,61,0,61,104,4,169,36,0,36,205
08/27/2011,CHO,VA,AEA,EN,Federal Contract Tower,0,28,6,0,34,0,0,0,0,0,0,28,6,0,34,0,0,0,34
08/28/2011,CHO,VA,AEA,EN,Federal Contract Tower,0,36,28,0,64,0,0,80,0,80,0,36,108,0,144,30,0,30,174
08/29/2011,CHO,VA,AEA,EN,Federal Contract Tower,0,46,31,0,77,0,0,95,0,95,0,46,126,0,172,82,0,82,254
08/30/2011,CHO,VA,AEA,EN,Federal Contract Tower,0,42,36,0,78,0,0,81,0,81,0,42,117,0,159,70,0,70,229
08/31/2011,CHO,VA,AEA,EN,Federal Contract Tower,0,59,48,7,114,0,0,115,4,119,0,59,163,11,233,50,0,50,283
09/01/2011,CHO,VA,AEA,EN,Federal Contract Tower,0,58,36,5,99,0,0,102,4,106,0,58,138,9,205,110,24,134,339
09/02/2011,CHO,VA,AEA,EN,Federal Contract Tower,0,60,60,0,120,0,0,46,0,46,0,60,106,0,166,44,0,44,210
09/03/2011,CHO,VA,AEA,EN,Federal Contract Tower,0,48,44,0,92,0,0,89,0,89,0,48,133,0,181,80,0,80,261
09/04/2011,CHO,VA,AEA,EN,Federal Contract Tower,0,44,43,0,87,0,0,45,0,45,0,44,88,0,132,40,0,40,172
09/05/2011,CHO,VA,AEA,EN,Federal Contract Tower,0,40,40,0,80,0,0,30,0,30,0,40,70,0,110,44,0,44,154
09/06/2011,CHO,VA,AEA,EN,Federal Contract Tower,0,55,21,3,79,0,0,0,0,0,0,55,21,3,79,0,0,0,79
09/07/2011,CHO,VA,AEA,EN,Federal Contract Tower,0,51,34,0,85,0,0,0,0,0,0,51,34,0,85,0,0,0,85
09/08/2011,CHO,VA,AEA,EN,Federal Contract Tower,0,64,53,0,117,0,0,12,0,12,0,64,65,0,129,0,0,0,129
09/09/2011,CHO,VA,AEA,EN,Federal Contract Tower,2,62,64,12,140,0,0,56,0,56,2,62,120,12,196,54,22,76,272
09/10/2011,CHO,VA,AEA,EN,Federal Contract Tower,2,42,56,0,100,0,0,120,0,120,2,42,176,0,220,116,0,116,336
09/11/2011,CHO,VA,AEA,EN,Federal Contract Tower,0,46,39,0,85,0,0,82,0,82,0,46,121,0,167,70,0,70,237
09/12/2011,CHO,VA,AEA,EN,Federal Contract Tower,0,58,32,4,94,0,0,76,4,80,0,58,108,8,174,120,14,134,308
09/13/2011,CHO,VA,AEA,EN,Federal Contract Tower,0,41,31,0,72,0,0,65,0,65,0,41,96,0,137,64,0,64,201
09/14/2011,CHO,VA,AEA,EN,Federal Contract Tower,0,49,41,2,92,0,0,84,2,86,0,49,125,4,178,4,2,6,184
09/15/2011,CHO,VA,AEA,EN,Federal Contract Tower,0,48,34,10,92,0,0,46,4,50,0,48,80,14,142,94,12,106,248
09/16/2011,CHO,VA,AEA,EN,Federal Contract Tower,0,78,69,4,151,0,0,132,2,134,0,78,201,6,285,138,12,150,435
09/17/2011,CHO,VA,AEA,EN,Federal Contract Tower,0,60,56,0,116,0,0,87,0,87,0,60,143,0,203,86,0,86,289
09/18/2011,CHO,VA,AEA,EN,Federal Contract Tower,0,54,71,0,125,0,0,92,0,92,0,54,163,0,217,70,0,70,287
09/19/2011,CHO,VA,AEA,EN,Federal Contract Tower,0,50,36,0,86,0,0,65,0,65,0,50,101,0,151,60,0,60,211
09/20/2011,CHO,VA,AEA,EN,Federal Contract Tower,0,44,37,0,81,0,0,8,4,12,0,44,45,4,93,0,0,0,93
09/21/2011,CHO,VA,AEA,EN,Federal Contract Tower,0,50,24,4,78,0,0,4,0,4,0,50,28,4,82,12,0,12,94
09/22/2011,CHO,VA,AEA,EN,Federal Contract Tower,0,80,47,0,127,0,0,51,2,53,0,80,98,2,180,76,12,88,268
09/23/2011,CHO,VA,AEA,EN,Federal Contract Tower,1,56,40,1,98,0,0,1,0,1,1,56,41,1,99,0,0,0,99
09/24/2011,CHO,VA,AEA,EN,Federal Contract Tower,1,55,43,0,99,0,0,38,0,38,1,55,81,0,137,38,0,38,175
09/25/2011,CHO,VA,AEA,EN,Federal Contract Tower,0,58,59,1,118,0,0,0,0,0,0,58,59,1,118,0,0,0,118
09/26/2011,CHO,VA,AEA,EN,Federal Contract Tower,0,46,34,6,86,0,0,30,0,30,0,46,64,6,116,0,0,0,116
09/27/2011,CHO,VA,AEA,EN,Federal Contract Tower,0,47,19,2,68,0,0,15,0,15,0,47,34,2,83,0,0,0,83
09/28/2011,CHO,VA,AEA,EN,Federal Contract Tower,0,48,41,4,93,0,0,17,0,17,0,48,58,4,110,0,0,0,110
09/29/2011,CHO,VA,AEA,EN,Federal Contract Tower,0,71,63,12,146,0,0,64,0,64,0,71,127,12,210,68,40,108,318
09/30/2011,CHO,VA,AEA,EN,Federal Contract Tower,0,70,51,1,122,0,0,89,0,89,0,70,140,1,211,78,0,78,289
10/01/2011,CHO,VA,AEA,EN,Federal Contract Tower,1,49,40,0,90,0,0,98,0,98,1,49,138,0,188,60,0,60,248
10/02/2011,CHO,VA,AEA,EN,Federal Contract Tower,0,53,32,0,85,0,0,62,2,64,0,53,94,2,149,30,0,30,179
10/03/2011,CHO,VA,AEA,EN,Federal Contract Tower,0,54,40,4,98,0,0,59,3,62,0,54,99,7,160,40,0,40,200
10/04/2011,CHO,VA,AEA,EN,Federal Contract Tower,0,52,37,11,100,0,0,47,5,52,0,52,84,16,152,20,18,38,190
10/05/2011,CHO,VA,AEA,EN,Federal Contract Tower,0,56,34,3,93,0,0,93,5,98,0,56,127,8,191,96,22,118,309
10/06/2011,CHO,VA,AEA,EN,Federal Contract Tower,0,57,52,6,115,0,0,104,4,108,0,57,156,10,223,136,36,172,395
10/07/2011,CHO,VA,AEA,EN,Federal Contract Tower,0,54,53,0,107,0,126,4,0,130,0,180,57,0,237,102,0,102,339
10/08/2011,CHO,VA,AEA,EN,Federal Contract Tower,0,43,48,0,91,0,0,119,0,119,0,43,167,0,210,98,0,98,308
10/09/2011,CHO,VA,AEA,EN,Federal Contract Tower,0,46,43,0,89,0,0,125,0,125,0,46,168,0,214,70,0,70,284
10/10/2011,CHO,VA,AEA,EN,Federal Contract Tower,0,42,31,0,73,0,0,87,0,87,0,42,118,0,160,84,0,84,244
10/11/2011,CHO,VA,AEA,EN,Federal Contract Tower,0,48,31,4,83,0,0,65,2,67,0,48,96,6,150,48,14,62,212
10/12/2011,CHO,VA,AEA,EN,Federal Contract Tower,0,45,22,2,69,0,0,0,0,0,0,45,22,2,69,0,0,0,69
10/13/2011,CHO,VA,AEA,EN,Federal Contract Tower,0,57,31,0,88,0,0,0,0,0,0,57,31,0,88,0,0,0,88
10/14/2011,CHO,VA,AEA,EN,Federal Contract Tower,0,51,47,1,99,0,0,69,0,69,0,51,116,1,168,46,16,62,230
10/15/2011,CHO,VA,AEA,EN,Federal Contract Tower,2,41,55,0,98,0,0,82,4,86,2,41,137,4,184,110,6,116,300
10/16/2011,CHO,VA,AEA,EN,Federal Contract Tower,0,54,52,0,106,0,0,85,0,85,0,54,137,0,191,60,0,60,251
10/17/2011,CHO,VA,AEA,EN,Federal Contract Tower,0,50,43,2,95,0,0,70,0,70,0,50,113,2,165,70,0,70,235
10/18/2011,CHO,VA,AEA,EN,Federal Contract Tower,0,44,36,0,80,0,0,85,0,85,0,44,121,0,165,50,0,50,215
10/19/2011,CHO,VA,AEA,EN,Federal Contract Tower,0,55,33,0,88,0,0,0,0,0,0,55,33,0,88,0,0,0,88
10/20/2011,CHO,VA,AEA,EN,Federal Contract Tower,0,54,38,4,96,0,0,56,0,56,0,54,94,4,152,62,4,66,218
10/21/2011,CHO,VA,AEA,EN,Federal Contract Tower,0,64,64,12,140,0,0,119,6,125,0,64,183,18,265,124,46,170,435
10/22/2011,CHO,VA,AEA,EN,Federal Contract Tower,2,47,70,0,119,0,0,126,0,126,2,47,196,0,245,112,0,112,357
10/23/2011,CHO,VA,AEA,EN,Federal Contract Tower,0,54,51,0,105,0,0,111,0,111,0,54,162,0,216,80,0,80,296
10/24/2011,CHO,VA,AEA,EN,Federal Contract Tower,0,48,45,0,93,0,0,100,0,100,0,48,145,0,193,70,0,70,263
10/25/2011,CHO,VA,AEA,EN,Federal Contract Tower,0,43,25,8,76,0,0,90,4,94,0,43,115,12,170,40,28,68,238
10/26/2011,CHO,VA,AEA,EN,Federal Contract Tower,0,57,28,3,88,0,0,26,3,29,0,57,54,6,117,22,10,32,149
10/27/2011,CHO,VA,AEA,EN,Federal Contract Tower,0,68,37,3,108,0,0,14,0,14,0,68,51,3,122,0,0,0,122
10/28/2011,CHO,VA,AEA,EN,Federal Contract Tower,0,62,64,0,126,0,0,78,2,80,0,62,142,2,206,50,0,50,256
10/29/2011,CHO,VA,AEA,EN,Federal Contract Tower,0,36,27,0,63,0,0,40,0,40,0,36,67,0,103,20,0,20,123
10/30/2011,CHO,VA,AEA,EN,Federal Contract Tower,0,55,60,2,117,0,0,107,0,107,0,55,167,2,224,60,0,60,284
10/31/2011,CHO,VA,AEA,EN,Federal Contract Tower,0,51,23,4,78,0,0,71,8,79,0,51,94,12,157,30,20,50,207
11/01/2011,CHO,VA,AEA,EN,Federal Contract Tower,0,47,37,4,88,0,0,77,6,83,0,47,114,10,171,56,36,92,263
11/02/2011,CHO,VA,AEA,EN,Federal Contract Tower,0,43,21,2,66,0,0,48,3,51,0,43,69,5,117,6,6,12,129
11/03/2011,CHO,VA,AEA,EN,Federal Contract Tower,0,70,59,0,129,0,0,68,2,70,0,70,127,2,199,96,2,98,297
11/04/2011,CHO,VA,AEA,EN,Federal Contract Tower,0,72,65,14,151,0,0,69,0,69,0,72,134,14,220,50,26,76,296
11/05/2011,CHO,VA,AEA,EN,Federal Contract Tower,0,46,46,3,95,0,0,100,1,101,0,46,146,4,196,112,0,112,308
11/06/2011,CHO,VA,AEA,EN,Federal Contract Tower,0,49,50,0,99,0,0,82,0,82,0,49,132,0,181,70,0,70,251
11/07/2011,CHO,VA,AEA,EN,Federal Contract Tower,0,47,29,28,104,0,0,62,10,72,0,47,91,38,176,50,20,70,246
11/08/2011,CHO,VA,AEA,EN,Federal Contract Tower,0,54,56,8,118,0,0,66,9,75,0,54,122,17,193,65,9,74,267
11/09/2011,CHO,VA,AEA,EN,Federal Contract Tower,0,55,23,10,88,0,0,53,14,67,0,55,76,24,155,24,8,32,187
11/10/2011,CHO,VA,AEA,EN,Federal Contract Tower,0,58,54,3,115,0,0,47,4,51,0,58,101,7,166,70,6,76,242
11/11/2011,CHO,VA,AEA,EN,Federal Contract Tower,0,68,66,2,136,0,0,43,0,43,0,68,109,2,179,12,7,19,198
11/12/2011,CHO,VA,AEA,EN,Federal Contract Tower,0,48,52,0,100,0,0,91,6,97,0,48,143,6,197,90,0,90,287
11/13/2011,CHO,VA,AEA,EN,Federal Contract Tower,0,54,52,2,108,0,0,61,2,63,0,54,113,4,171,40,0,40,211
11/14/2011,CHO,VA,AEA,EN,Federal Contract Tower,0,49,29,6,84,0,0,44,2,46,0,49,73,8,130,60,36,96,226
11/15/2011,CHO,VA,AEA,EN,Federal Contract Tower,0,49,37,4,90,0,0,29,8,37,0,49,66,12,127,50,2,52,179
11/16/2011,CHO,VA,AEA,EN,Federal Contract Tower,0,45,41,8,94,0,0,0,0,0,0,45,41,8,94,0,0,0,94
11/17/2011,CHO,VA,AEA,EN,Federal Contract Tower,0,61,36,0,97,0,0,72,6,78,0,61,108,6,175,86,22,108,283
11/18/2011,CHO,VA,AEA,EN,Federal Contract Tower,0,53,52,4,109,0,0,102,2,104,0,53,154,6,213,70,0,70,283
11/19/2011,CHO,VA,AEA,EN,Federal Contract Tower,0,42,35,0,77,0,0,96,2,98,0,42,131,2,175,102,2,104,279
11/20/2011,CHO,VA,AEA,EN,Federal Contract Tower,0,52,33,0,85,0,0,66,2,68,0,52,99,2,153,80,2,82,235
11/21/2011,CHO,VA,AEA,EN,Federal Contract Tower,0,46,40,2,88,0,0,49,0,49,0,46,89,2,137,70,0,70,207
11/22/2011,CHO,VA,AEA,EN,Federal Contract Tower,0,54,47,0,101,0,0,0,0,0,0,54,47,0,101,0,0,0,101
11/23/2011,CHO,VA,AEA,EN,Federal Contract Tower,0,52,35,0,87,0,0,0,0,0,0,52,35,0,87,4,0,4,91
11/24/2011,CHO,VA,AEA,EN,Federal Contract Tower,0,39,24,0,63,0,0,30,0,30,0,39,54,0,93,0,0,0,93
11/25/2011,CHO,VA,AEA,EN,Federal Contract Tower,0,36,43,0,79,0,0,78,0,78,0,36,121,0,157,66,0,66,223
11/26/2011,CHO,VA,AEA,EN,Federal Contract Tower,0,52,82,0,134,0,0,113,3,116,0,52,195,3,250,46,0,46,296
11/27/2011,CHO,VA,AEA,EN,Federal Contract Tower,0,54,65,2,121,0,0,64,2,66,0,54,129,4,187,20,0,20,207
11/28/2011,CHO,VA,AEA,EN,Federal Contract Tower,0,50,36,0,86,0,0,70,4,74,0,50,106,4,160,80,0,80,240
11/29/2011,CHO,VA,AEA,EN,Federal Contract Tower,0,42,43,0,85,0,0,0,4,4,0,42,43,4,89,0,0,0,89
11/30/2011,CHO,VA,AEA,EN,Federal Contract Tower,0,50,28,2,80,0,0,41,5,46,0,50,69,7,126,46,20,66,192
12/01/2011,CHO,VA,AEA,EN,Federal Contract Tower,0,51,38,0,89,0,0,70,8,78,0,51,108,8,167,86,22,108,275
12/02/2011,CHO,VA,AEA,EN,Federal Contract Tower,0,46,45,2,93,0,0,0,0,0,0,46,45,2,93,30,2,32,125
12/03/2011,CHO,VA,AEA,EN,Federal Contract Tower,0,36,35,0,71,0,0,99,0,99,0,36,134,0,170,116,0,116,286
12/04/2011,CHO,VA,AEA,EN,Federal Contract Tower,0,43,25,0,68,0,0,80,0,80,0,43,105,0,148,76,0,76,224
12/05/2011,CHO,VA,AEA,EN,Federal Contract Tower,0,46,24,12,82,0,0,50,0,50,0,46,74,12,132,110,8,118,250
12/06/2011,CHO,VA,AEA,EN,Federal Contract Tower,0,44,27,0,71,0,0,0,0,0,0,44,27,0,71,0,0,0,71
12/07/2011,CHO,VA,AEA,EN,Federal Contract Tower,0,52,34,0,86,0,0,0,0,0,0,52,34,0,86,0,0,0,86
12/08/2011,CHO,VA,AEA,EN,Federal Contract Tower,0,50,40,3,93,0,0,60,6,66,0,50,100,9,159,119,38,157,316
12/09/2011,CHO,VA,AEA,EN,Federal Contract Tower,0,47,38,1,86,0,0,75,4,79,0,47,113,5,165,72,0,72,237
12/10/2011,CHO,VA,AEA,EN,Federal Contract Tower,0,39,56,0,95,0,0,79,2,81,0,39,135,2,176,112,0,112,288
12/11/2011,CHO,VA,AEA,EN,Federal Contract Tower,0,47,29,0,76,0,0,101,0,101,0,47,130,0,177,90,0,90,267
12/12/2011,CHO,VA,AEA,EN,Federal Contract Tower,0,46,37,2,85,0,0,67,5,72,0,46,104,7,157,70,0,70,227
12/13/2011,CHO,VA,AEA,EN,Federal Contract Tower,0,44,40,3,87,0,0,60,2,62,0,44,100,5,149,20,0,20,169
12/14/2011,CHO,VA,AEA,EN,Federal Contract Tower,0,54,33,1,88,0,0,60,4,64,0,54,93,5,152,40,0,40,192
12/15/2011,CHO,VA,AEA,EN,Federal Contract Tower,0,46,29,1,76,0,0,42,3,45,0,46,71,4,121,63,0,63,184
12/16/2011,CHO,VA,AEA,EN,Federal Contract Tower,0,56,54,6,116,0,0,53,5,58,0,56,107,11,174,30,18,48,222
12/17/2011,CHO,VA,AEA,EN,Federal Contract Tower,0,45,30,0,75,0,0,91,3,94,0,45,121,3,169,98,10,108,277
12/18/2011,CHO,VA,AEA,EN,Federal Contract Tower,0,48,35,0,83,0,0,73,0,73,0,48,108,0,156,80,0,80,236
12/19/2011,CHO,VA,AEA,EN,Federal Contract Tower,0,46,29,4,79,0,0,50,2,52,0,46,79,6,131,80,0,80,211
12/20/2011,CHO,VA,AEA,EN,Federal Contract Tower,0,43,31,8,82,0,0,55,3,58,0,43,86,11,140,46,14,60,200
12/21/2011,CHO,VA,AEA,EN,Federal Contract Tower,0,47,40,2,89,0,0,5,0,5,0,47,45,2,94,8,0,8,102
12/22/2011,CHO,VA,AEA,EN,Federal Contract Tower,0,60,32,0,92,0,0,53,8,61,0,60,85,8,153,86,4,90,243
12/23/2011,CHO,VA,AEA,EN,Federal Contract Tower,0,58,36,0,94,0,0,62,3,65,0,58,98,3,159,44,0,44,203
12/24/2011,CHO,VA,AEA,EN,Federal Contract Tower,0,34,26,0,60,0,0,83,2,85,0,34,109,2,145,94,0,94,239
12/25/2011,CHO,VA,AEA,EN,Federal Contract Tower,0,37,13,0,50,0,0,17,0,17,0,37,30,0,67,0,0,0,67
12/26/2011,CHO,VA,AEA,EN,Federal Contract Tower,0,44,34,0,78,0,0,62,0,62,0,44,96,0,140,80,0,80,220
12/27/2011,CHO,VA,AEA,EN,Federal Contract Tower,0,39,17,2,58,0,0,0,0,0,0,39,17,2,58,0,0,0,58
12/28/2011,CHO,VA,AEA,EN,Federal Contract Tower,0,48,28,4,80,0,0,23,6,29,0,48,51,10,109,4,10,14,123
12/29/2011,CHO,VA,AEA,EN,Federal Contract Tower,0,49,26,0,75,0,0,53,7,60,0,49,79,7,135,64,0,64,199
12/30/2011,CHO,VA,AEA,EN,Federal Contract Tower,0,43,37,0,80,0,0,73,1,74,0,43,110,1,154,12,0,12,166
12/31/2011,CHO,VA,AEA,EN,Federal Contract Tower,0,34,24,0,58,0,0,70,0,70,0,34,94,0,128,96,0,96,224
01/01/2012,CHO,VA,AEA,EN,Federal Contract Tower,0,45,32,0,77,0,0,51,0,51,0,45,83,0,128,40,0,40,168
01/02/2012,CHO,VA,AEA,EN,Federal Contract Tower,0,37,20,0,57,0,0,31,0,31,0,37,51,0,88,32,0,32,120
01/03/2012,CHO,VA,AEA,EN,Federal Contract Tower,0,45,15,6,66,0,0,11,0,11,0,45,26,6,77,0,0,0,77
01/04/2012,CHO,VA,AEA,EN,Federal Contract Tower,0,52,27,8,87,0,0,59,4,63,0,52,86,12,150,66,56,122,272
01/05/2012,CHO,VA,AEA,EN,Federal Contract Tower,0,47,29,6,82,0,0,51,18,69,0,47,80,24,151,54,33,87,238
01/06/2012,CHO,VA,AEA,EN,Federal Contract Tower,0,48,31,10,89,0,0,69,4,73,0,48,100,14,162,72,30,102,264
01/07/2012,CHO,VA,AEA,EN,Federal Contract Tower,0,35,36,0,71,0,0,88,4,92,0,35,124,4,163,138,0,138,301
01/08/2012,CHO,VA,AEA,EN,Federal Contract Tower,0,43,21,0,64,0,0,60,0,60,0,43,81,0,124,90,0,90,214
01/09/2012,CHO,VA,AEA,EN,Federal Contract Tower,0,43,18,13,74,0,0,15,2,17,0,43,33,15,91,0,6,6,97
01/10/2012,CHO,VA,AEA,EN,Federal Contract Tower,0,45,23,4,72,0,0,31,0,31,0,45,54,4,103,40,20,60,163
01/11/2012,CHO,VA,AEA,EN,Federal Contract Tower,2,49,10,2,63,0,0,4,0,4,2,49,14,2,67,0,0,0,67
01/12/2012,CHO,VA,AEA,EN,Federal Contract Tower,0,54,35,0,89,0,0,37,11,48,0,54,72,11,137,32,0,32,169
01/13/2012,CHO,VA,AEA,EN,Federal Contract Tower,0,55,40,3,98,0,0,23,3,26,0,55,63,6,124,20,6,26,150
01/14/2012,CHO,VA,AEA,EN,Federal Contract Tower,0,35,31,2,68,0,0,90,4,94,0,35,121,6,162,110,0,110,272
01/15/2012,CHO,VA,AEA,EN,Federal Contract Tower,0,44,41,0,85,0,0,92,0,92,0,44,133,0,177,60,0,60,237
01/16/2012,CHO,VA,AEA,EN,Federal Contract Tower,0,46,24,0,70,0,0,50,1,51,0,46,74,1,121,60,0,60,181
01/17/2012,CHO,VA,AEA,EN,Federal Contract Tower,0,41,19,2,62,0,0,12,4,16,0,41,31,6,78,0,2,2,80
01/18/2012,CHO,VA,AEA,EN,Federal Contract Tower,0,46,30,8,84,0,0,29,6,35,0,46,59,14,119,22,26,48,167
01/19/2012,CHO,VA,AEA,EN,Federal Contract Tower,0,56,32,9,97,0,0,80,21,101,0,56,112,30,198,96,84,180,378
01/20/2012,CHO,VA,AEA,EN,Federal Contract Tower,0,54,48,13,115,0,0,65,13,78,0,54,113,26,193,68,38,106,299
01/21/2012,CHO,VA,AEA,EN,Federal Contract Tower,0,29,19,0,48,0,0,0,0,0,0,29,19,0,48,0,0,0,48
01/22/2012,CHO,VA,AEA,EN,Federal Contract Tower,0,41,14,0,55,0,0,0,0,0,0,41,14,0,55,0,0,0,55
01/23/2012,CHO,VA,AEA,EN,Federal Contract Tower,0,35,34,2,71,0,0,0,0,0,0,35,34,2,71,0,0,0,71
01/24/2012,CHO,VA,AEA,EN,Federal Contract Tower,0,47,21,29,97,0,0,57,5,62,0,47,78,34,159,50,10,60,219
01/25/2012,CHO,VA,AEA,EN,Federal Contract Tower,0,50,39,17,106,0,0,75,4,79,0,50,114,21,185,58,32,90,275
01/26/2012,CHO,VA,AEA,EN,Federal Contract Tower,0,61,37,2,100,0,0,50,6,56,0,61,87,8,156,68,40,108,264
01/27/2012,CHO,VA,AEA,EN,Federal Contract Tower,0,52,24,7,83,0,0,54,2,56,0,52,78,9,139,92,40,132,271
01/28/2012,CHO,VA,AEA,EN,Federal Contract Tower,0,39,29,0,68,0,0,91,2,93,0,39,120,2,161,80,8,88,249
01/29/2012,CHO,VA,AEA,EN,Federal Contract Tower,0,52,28,0,80,0,0,60,0,60,0,52,88,0,140,72,0,72,212
01/30/2012,CHO,VA,AEA,EN,Federal Contract Tower,0,46,30,3,79,0,0,60,1,61,0,46,90,4,140,80,30,110,250
01/31/2012,CHO,VA,AEA,EN,Federal Contract Tower,0,40,14,12,66,0,0,59,7,66,0,40,73,19,132,50,20,70,202
02/01/2012,CHO,VA,AEA,EN,Federal Contract Tower,0,55,28,7,90,0,0,62,13,75,0,55,90,20,165,62,28,90,255
02/02/2012,CHO,VA,AEA,EN,Federal Contract Tower,0,52,42,8,102,0,0,76,0,76,0,52,118,8,178,128,42,170,348
02/03/2012,CHO,VA,AEA,EN,Federal Contract Tower,0,58,48,2,108,0,101,4,0,105,0,159,52,2,213,100,30,130,343
02/04/2012,CHO,VA,AEA,EN,Federal Contract Tower,0,48,35,0,83,0,0,65,2,67,0,48,100,2,150,106,0,106,256
02/05/2012,CHO,VA,AEA,EN,Federal Contract Tower,0,50,21,3,74,0,0,28,0,28,0,50,49,3,102,40,0,40,142
02/06/2012,CHO,VA,AEA,EN,Federal Contract Tower,0,48,30,6,84,0,0,52,4,56,0,48,82,10,140,90,10,100,240
02/07/2012,CHO,VA,AEA,EN,Federal Contract Tower,0,46,32,0,78,0,0,68,14,82,0,46,100,14,160,46,40,86,246
02/08/2012,CHO,VA,AEA,EN,Federal Contract Tower,0,48,20,0,68,0,0,0,0,0,0,48,20,0,68,0,0,0,68
02/09/2012,CHO,VA,AEA,EN,Federal Contract Tower,0,58,31,10,99,0,0,84,4,88,0,58,115,14,187,118,54,172,359
02/10/2012,CHO,VA,AEA,EN,Federal Contract Tower,0,54,42,2,98,0,0,64,0,64,0,54,106,2,162,48,0,48,210
02/11/2012,CHO,VA,AEA,EN,Federal Contract Tower,0,44,30,0,74,0,0,10,0,10,0,44,40,0,84,38,0,38,122
02/12/2012,CHO,VA,AEA,EN,Federal Contract Tower,0,51,12,1,64,0,0,30,0,30,0,51,42,1,94,10,0,10,104
02/13/2012,CHO,VA,AEA,EN,Federal Contract Tower,0,46,33,4,83,0,0,60,2,62,0,46,93,6,145,70,20,90,235
02/14/2012,CHO,VA,AEA,EN,Federal Contract Tower,0,42,9,8,59,0,0,53,4,57,0,42,62,12,116,24,2,26,142
02/15/2012,CHO,VA,AEA,EN,Federal Contract Tower,0,63,31,10,104,0,0,69,7,76,0,63,100,17,180,62,30,92,272
02/16/2012,CHO,VA,AEA,EN,Federal Contract Tower,0,55,35,4,94,0,0,25,4,29,0,55,60,8,123,36,36,72,195
02/17/2012,CHO,VA,AEA,EN,Federal Contract Tower,0,62,67,2,131,0,0,97,2,99,0,62,164,4,230,130,26,156,386
02/18/2012,CHO,VA,AEA,EN,Federal Contract Tower,0,43,53,0,96,0,0,103,6,109,0,43,156,6,205,82,0,82,287
02/19/2012,CHO,VA,AEA,EN,Federal Contract Tower,0,45,18,0,63,0,0,22,0,22,0,45,40,0,85,24,0,24,109
02/20/2012,CHO,VA,AEA,EN,Federal Contract Tower,0,52,39,0,91,0,0,40,0,40,0,52,79,0,131,40,0,40,171
02/21/2012,CHO,VA,AEA,EN,Federal Contract Tower,0,46,14,10,70,0,0,50,2,52,0,46,64,12,122,30,40,70,192
02/22/2012,CHO,VA,AEA,EN,Federal Contract Tower,0,55,18,4,77,0,0,29,4,33,0,55,47,8,110,40,14,54,164
02/23/2012,CHO,VA,AEA,EN,Federal Contract Tower,0,49,37,6,92,0,0,44,3,47,0,49,81,9,139,60,0,60,199
02/24/2012,CHO,VA,AEA,EN,Federal Contract Tower,0,55,31,0,86,0,0,26,0,26,0,55,57,0,112,12,0,12,124
02/25/2012,CHO,VA,AEA,EN,Federal Contract Tower,0,38,24,0,62,0,0,35,0,35,0,38,59,0,97,34,0,34,131
02/26/2012,CHO,VA,AEA,EN,Federal Contract Tower,0,54,41,0,95,0,0,95,1,96,0,54,136,1,191,80,0,80,271
02/27/2012,CHO,VA,AEA,EN,Federal Contract Tower,0,50,36,6,92,0,0,65,2,67,0,50,101,8,159,60,12,72,231
02/28/2012,CHO,VA,AEA,EN,Federal Contract Tower,0,46,34,9,89,0,0,70,4,74,0,46,104,13,163,30,30,60,223
02/29/2012,CHO,VA,AEA,EN,Federal Contract Tower,0,53,25,0,78,0,0,0,0,0,0,53,25,0,78,0,0,0,78
03/01/2012,CHO,VA,AEA,EN,Federal Contract Tower,0,63,42,6,111,0,0,47,2,49,0,63,89,8,160,40,6,46,206
03/02/2012,CHO,VA,AEA,EN,Federal Contract Tower,0,56,41,2,99,0,0,12,0,12,0,56,53,2,111,8,0,8,119
03/03/2012,CHO,VA,AEA,EN,Federal Contract Tower,0,47,29,0,76,0,0,75,7,82,0,47,104,7,158,72,4,76,234
03/04/2012,CHO,VA,AEA,EN,Federal Contract Tower,0,41,32,0,73,0,0,53,0,53,0,41,85,0,126,26,0,26,152
03/05/2012,CHO,VA,AEA,EN,Federal Contract Tower,0,46,13,0,59,0,0,0,0,0,0,46,13,0,59,0,0,0,59
03/06/2012,CHO,VA,AEA,EN,Federal Contract Tower,0,47,27,4,78,0,0,55,0,55,0,47,82,4,133,18,14,32,165
03/07/2012,CHO,VA,AEA,EN,Federal Contract Tower,0,49,22,6,77,0,0,50,0,50,0,49,72,6,127,4,32,36,163
03/08/2012,CHO,VA,AEA,EN,Federal Contract Tower,0,49,25,2,76,0,0,23,0,23,0,49,48,2,99,20,0,20,119
03/09/2012,CHO,VA,AEA,EN,Federal Contract Tower,0,48,29,1,78,0,0,38,7,45,0,48,67,8,123,42,0,42,165
03/10/2012,CHO,VA,AEA,EN,Federal Contract Tower,0,34,43,0,77,0,0,83,0,83,0,34,126,0,160,116,0,116,276
03/11/2012,CHO,VA,AEA,EN,Federal Contract Tower,0,51,34,1,86,0,0,78,0,78,0,51,112,1,164,60,0,60,224
03/12/2012,CHO,VA,AEA,EN,Federal Contract Tower,0,50,39,1,90,0,0,55,0,55,0,50,94,1,145,60,0,60,205
03/13/2012,CHO,VA,AEA,EN,Federal Contract Tower,0,52,26,8,86,0,0,61,4,65,0,52,87,12,151,88,72,160,311
03/14/2012,CHO,VA,AEA,EN,Federal Contract Tower,2,49,29,0,80,0,0,56,0,56,2,49,85,0,136,50,0,50,186
03/15/2012,CHO,VA,AEA,EN,Federal Contract Tower,0,62,45,0,107,0,0,72,10,82,0,62,117,10,189,134,28,162,351
03/16/2012,CHO,VA,AEA,EN,Federal Contract Tower,0,56,38,6,100,0,0,60,0,60,0,56,98,6,160,42,0,42,202
03/17/2012,CHO,VA,AEA,EN,Federal Contract Tower,0,46,37,2,85,0,0,97,2,99,0,46,134,4,184,100,4,104,288
03/18/2012,CHO,VA,AEA,EN,Federal Contract Tower,0,51,36,0,87,0,0,25,0,25,0,51,61,0,112,40,0,40,152
03/19/2012,CHO,VA,AEA,EN,Federal Contract Tower,0,48,33,2,83,0,0,75,0,75,0,48,108,2,158,70,20,90,248
03/20/2012,CHO,VA,AEA,EN,Federal Contract Tower,0,46,36,4,86,0,0,10,14,24,0,46,46,18,110,0,12,12,122
03/21/2012,CHO,VA,AEA,EN,Federal Contract Tower,0,65,31,8,104,0,0,18,0,18,0,65,49,8,122,28,0,28,150
03/22/2012,CHO,VA,AEA,EN,Federal Contract Tower,0,74,35,4,113,0,0,83,2,85,0,74,118,6,198,66,0,66,264
03/23/2012,CHO,VA,AEA,EN,Federal Contract Tower,0,65,32,12,109,0,0,96,12,108,0,65,128,24,217,116,58,174,391
03/24/2012,CHO,VA,AEA,EN,Federal Contract Tower,0,40,39,0,79,0,0,37,0,37,0,40,76,0,116,78,0,78,194
03/25/2012,CHO,VA,AEA,EN,Federal Contract Tower,0,53,52,0,105,0,0,0,0,0,0,53,52,0,105,0,0,0,105
03/26/2012,CHO,VA,AEA,EN,Federal Contract Tower,0,47,18,1,66,0,0,39,11,50,0,47,57,12,116,58,30,88,204
03/27/2012,CHO,VA,AEA,EN,Federal Contract Tower,0,46,24,8,78,0,0,63,8,71,0,46,87,16,149,56,0,56,205
03/28/2012,CHO,VA,AEA,EN,Federal Contract Tower,0,58,31,2,91,0,0,30,4,34,0,58,61,6,125,8,0,8,133
03/29/2012,CHO,VA,AEA,EN,Federal Contract Tower,0,61,17,9,87,0,0,62,0,62,0,61,79,9,149,78,10,88,237
03/30/2012,CHO,VA,AEA,EN,Federal Contract Tower,0,68,47,4,119,0,0,89,0,89,0,68,136,4,208,56,12,68,276
03/31/2012,CHO,VA,AEA,EN,Federal Contract Tower,0,41,33,1,75,0,0,85,5,90,0,41,118,6,165,108,18,126,291
04/01/2012,CHO,VA,AEA,EN,Federal Contract Tower,0,47,37,2,86,0,0,50,0,50,0,47,87,2,136,50,0,50,186
04/02/2012,CHO,VA,AEA,EN,Federal Contract Tower,0,54,22,0,76,0,0,50,6,56,0,54,72,6,132,60,10,70,202
04/03/2012,CHO,VA,AEA,EN,Federal Contract Tower,0,45,25,8,78,0,0,54,5,59,0,45,79,13,137,28,30,58,195
04/04/2012,CHO,VA,AEA,EN,Federal Contract Tower,0,50,31,15,96,0,0,46,0,46,0,50,77,15,142,48,0,48,190
04/05/2012,CHO,VA,AEA,EN,Federal Contract Tower,0,64,39,20,123,0,0,61,4,65,0,64,100,24,188,124,40,164,352
04/06/2012,CHO,VA,AEA,EN,Federal Contract Tower,0,67,41,12,120,0,0,71,6,77,0,67,112,18,197,60,28,88,285
04/07/2012,CHO,VA,AEA,EN,Federal Contract Tower,0,34,54,0,88,0,0,87,2,89,0,34,141,2,177,100,0,100,277
04/08/2012,CHO,VA,AEA,EN,Federal Contract Tower,0,54,30,0,84,0,0,71,0,71,0,54,101,0,155,40,0,40,195
04/09/2012,CHO,VA,AEA,EN,Federal Contract Tower,0,61,32,0,93,0,0,39,0,39,0,61,71,0,132,28,0,28,160
04/10/2012,CHO,VA,AEA,EN,Federal Contract Tower,0,46,23,4,73,0,0,38,2,40,0,46,61,6,113,24,28,52,165
04/11/2012,CHO,VA,AEA,EN,Federal Contract Tower,0,56,30,4,90,0,0,46,0,46,0,56,76,4,136,48,12,60,196
04/12/2012,CHO,VA,AEA,EN,Federal Contract Tower,0,64,40,10,114,0,0,78,8,86,0,64,118,18,200,112,60,172,372
04/13/2012,CHO,VA,AEA,EN,Federal Contract Tower,0,72,68,1,141,0,0,110,8,118,0,72,178,9,259,94,0,94,353
04/14/2012,CHO,VA,AEA,EN,Federal Contract Tower,0,47,48,0,95,0,0,96,0,96,0,47,144,0,191,92,0,92,283
04/15/2012,CHO,VA,AEA,EN,Federal Contract Tower,0,47,40,0,87,0,0,72,0,72,0,47,112,0,159,50,0,50,209
04/16/2012,CHO,VA,AEA,EN,Federal Contract Tower,0,50,24,10,84,0,0,46,5,51,0,50,70,15,135,60,20,80,215
04/17/2012,CHO,VA,AEA,EN,Federal Contract Tower,0,53,27,7,87,0,0,47,4,51,0,53,74,11,138,0,0,0,138
04/18/2012,CHO,VA,AEA,EN,Federal Contract Tower,0,57,26,1,84,0,0,28,0,28,0,57,54,1,112,38,0,38,150
04/19/2012,CHO,VA,AEA,EN,Federal Contract Tower,0,70,55,6,131,0,0,43,8,51,0,70,98,14,182,66,0,66,248
04/20/2012,CHO,VA,AEA,EN,Federal Contract Tower,0,69,53,13,135,0,0,55,9,64,0,69,108,22,199,67,26,93,292
04/21/2012,CHO,VA,AEA,EN,Federal Contract Tower,2,35,29,0,66,0,0,75,0,75,2,35,104,0,141,98,0,98,239
04/22/2012,CHO,VA,AEA,EN,Federal Contract Tower,0,51,38,2,91,0,0,10,0,10,0,51,48,2,101,10,0,10,111
04/23/2012,CHO,VA,AEA,EN,Federal Contract Tower,0,52,26,4,82,0,0,2,0,2,0,52,28,4,84,0,0,0,84
04/24/2012,CHO,VA,AEA,EN,Federal Contract Tower,0,48,26,14,88,0,0,54,4,58,0,48,80,18,146,52,40,92,238
04/25/2012,CHO,VA,AEA,EN,Federal Contract Tower,0,60,33,0,93,0,0,57,0,57,0,60,90,0,150,66,0,66,216
04/26/2012,CHO,VA,AEA,EN,Federal Contract Tower,0,55,47,5,107,0,0,39,4,43,0,55,86,9,150,36,22,58,208
04/27/2012,CHO,VA,AEA,EN,Federal Contract Tower,0,74,49,1,124,0,0,105,2,107,0,74,154,3,231,89,6,95,326
04/28/2012,CHO,VA,AEA,EN,Federal Contract Tower,0,33,36,0,69,0,0,73,0,73,0,33,109,0,142,98,0,98,240
04/29/2012,CHO,VA,AEA,EN,Federal Contract Tower,0,61,40,0,101,0,0,85,0,85,0,61,125,0,186,50,0,50,236
04/30/2012,CHO,VA,AEA,EN,Federal Contract Tower,0,52,51,0,103,0,0,4,0,4,0,52,55,0,107,16,0,16,123
05/01/2012,CHO,VA,AEA,EN,Federal Contract Tower,0,47,23,3,73,0,0,45,4,49,0,47,68,7,122,34,10,44,166
05/02/2012,CHO,VA,AEA,EN,Federal Contract Tower,0,60,49,2,111,0,0,68,0,68,0,60,117,2,179,64,0,64,243
05/03/2012,CHO,VA,AEA,EN,Federal Contract Tower,0,63,45,6,114,0,0,63,6,69,0,63,108,12,183,38,0,38,221
05/04/2012,CHO,VA,AEA,EN,Federal Contract Tower,0,52,39,2,93,0,0,57,2,59,0,52,96,4,152,51,10,61,213
05/05/2012,CHO,VA,AEA,EN,Federal Contract Tower,0,33,37,2,72,0,0,49,0,49,0,33,86,2,121,58,0,58,179
05/06/2012,CHO,VA,AEA,EN,Federal Contract Tower,0,43,65,0,108,0,0,33,0,33,0,43,98,0,141,10,0,10,151
05/07/2012,CHO,VA,AEA,EN,Federal Contract Tower,0,49,51,2,102,0,0,35,4,39,0,49,86,6,141,40,0,40,181
05/08/2012,CHO,VA,AEA,EN,Federal Contract Tower,0,44,22,12,78,0,0,14,0,14,0,44,36,12,92,6,30,36,128
05/09/2012,CHO,VA,AEA,EN,Federal Contract Tower,0,50,35,8,93,0,0,46,1,47,0,50,81,9,140,52,10,62,202
05/10/2012,CHO,VA,AEA,EN,Federal Contract Tower,0,62,38,0,100,0,0,73,2,75,0,62,111,2,175,108,0,108,283
05/11/2012,CHO,VA,AEA,EN,Federal Contract Tower,0,53,67,2,122,0,0,79,4,83,0,53,146,6,205,70,36,106,311
05/12/2012,CHO,VA,AEA,EN,Federal Contract Tower,0,45,35,0,80,0,0,99,0,99,0,45,134,0,179,104,0,104,283
05/13/2012,CHO,VA,AEA,EN,Federal Contract Tower,0,58,42,1,101,0,0,85,0,85,0,58,127,1,186,70,0,70,256
05/14/2012,CHO,VA,AEA,EN,Federal Contract Tower,0,52,22,2,76,0,0,2,0,2,0,52,24,2,78,0,0,0,78
05/15/2012,CHO,VA,AEA,EN,Federal Contract Tower,0,49,24,2,75,0,0,57,0,57,0,49,81,2,132,96,12,108,240
05/16/2012,CHO,VA,AEA,EN,Federal Contract Tower,0,60,50,4,114,0,0,72,4,76,0,60,122,8,190,108,28,136,326
05/17/2012,CHO,VA,AEA,EN,Federal Contract Tower,0,67,59,4,130,0,0,96,6,102,0,67,155,10,232,98,18,116,348
05/18/2012,CHO,VA,AEA,EN,Federal Contract Tower,0,58,61,12,131,0,0,76,2,78,0,58,137,14,209,49,40,89,298
05/19/2012,CHO,VA,AEA,EN,Federal Contract Tower,0,35,44,0,79,0,0,113,2,115,0,35,157,2,194,80,6,86,280
05/20/2012,CHO,VA,AEA,EN,Federal Contract Tower,0,52,66,1,119,0,0,95,2,97,0,52,161,3,216,50,2,52,268
05/21/2012,CHO,VA,AEA,EN,Federal Contract Tower,0,42,44,2,88,0,0,7,0,7,0,42,51,2,95,0,8,8,103
05/22/2012,CHO,VA,AEA,EN,Federal Contract Tower,0,47,46,11,104,0,0,12,6,18,0,47,58,17,122,34,20,54,176
05/23/2012,CHO,VA,AEA,EN,Federal Contract Tower,0,58,36,5,99,0,0,53,3,56,0,58,89,8,155,68,14,82,237
05/24/2012,CHO,VA,AEA,EN,Federal Contract Tower,0,56,45,0,101,0,0,42,2,44,0,56,87,2,145,10,0,10,155
05/25/2012,CHO,VA,AEA,EN,Federal Contract Tower,0,52,45,2,99,0,0,59,3,62,0,52,104,5,161,62,7,69,230
05/26/2012,CHO,VA,AEA,EN,Federal Contract Tower,0,31,46,0,77,0,0,91,0,91,0,31,137,0,168,86,0,86,254
05/27/2012,CHO,VA,AEA,EN,Federal Contract Tower,0,43,25,0,68,0,0,85,0,85,0,43,110,0,153,50,0,50,203
05/28/2012,CHO,VA,AEA,EN,Federal Contract Tower,0,47,11,0,58,0,0,74,0,74,0,47,85,0,132,50,0,50,182
05/29/2012,CHO,VA,AEA,EN,Federal Contract Tower,0,38,17,8,63,0,0,43,4,47,0,38,60,12,110,30,20,50,160
05/30/2012,CHO,VA,AEA,EN,Federal Contract Tower,0,55,26,6,87,0,0,41,9,50,0,55,67,15,137,56,26,82,219
05/31/2012,CHO,VA,AEA,EN,Federal Contract Tower,0,55,56,3,114,0,0,96,6,102,0,55,152,9,216,124,6,130,346
06/01/2012,CHO,VA,AEA,EN,Federal Contract Tower,0,50,64,0,114,0,0,20,0,20,0,50,84,0,134,13,0,13,147
06/02/2012,CHO,VA,AEA,EN,Federal Contract Tower,0,35,51,0,86,0,0,85,4,89,0,35,136,4,175,98,0,98,273
06/03/2012,CHO,VA,AEA,EN,Federal Contract Tower,0,45,53,0,98,0,0,97,0,97,0,45,150,0,195,60,0,60,255
06/04/2012,CHO,VA,AEA,EN,Federal Contract Tower,0,50,33,0,83,0,0,61,2,63,0,50,94,2,146,60,16,76,222
06/05/2012,CHO,VA,AEA,EN,Federal Contract Tower,0,58,29,1,88,0,0,42,2,44,0,58,71,3,132,36,0,36,168
06/06/2012,CHO,VA,AEA,EN,Federal Contract Tower,0,56,30,12,98,0,0,40,8,48,0,56,70,20,146,28,14,42,188
06/07/2012,CHO,VA,AEA,EN,Federal Contract Tower,0,64,53,0,117,0,0,92,2,94,0,64,145,2,211,148,24,172,383
06/08/2012,CHO,VA,AEA,EN,Federal Contract Tower,0,54,58,12,124,0,0,121,7,128,0,54,179,19,252,75,6,81,333
06/09/2012,CHO,VA,AEA,EN,Federal Contract Tower,0,32,34,2,68,0,0,103,0,103,0,32,137,2,171,80,0,80,251
06/10/2012,CHO,VA,AEA,EN,Federal Contract Tower,0,46,50,0,96,0,0,101,2,103,0,46,151,2,199,70,0,70,269
06/11/2012,CHO,VA,AEA,EN,Federal Contract Tower,0,49,21,5,75,0,0,20,2,22,0,49,41,7,97,10,30,40,137
06/12/2012,CHO,VA,AEA,EN,Federal Contract Tower,0,50,29,2,81,0,0,2,0,2,0,50,31,2,83,12,0,12,95
06/13/2012,CHO,VA,AEA,EN,Federal Contract Tower,0,64,35,4,103,0,0,69,2,71,0,64,104,6,174,130,34,164,338
06/14/2012,CHO,VA,AEA,EN,Federal Contract Tower,0,57,40,2,99,0,0,63,0,63,0,57,103,2,162,60,8,68,230
06/15/2012,CHO,VA,AEA,EN,Federal Contract Tower,0,61,43,9,113,0,0,76,4,80,0,61,119,13,193,98,20,118,311
06/16/2012,CHO,VA,AEA,EN,Federal Contract Tower,0,39,30,0,69,0,0,89,6,95,0,39,119,6,164,90,0,90,254
06/17/2012,CHO,VA,AEA,EN,Federal Contract Tower,0,41,36,0,77,0,0,97,0,97,0,41,133,0,174,126,0,126,300
06/18/2012,CHO,VA,AEA,EN,Federal Contract Tower,0,48,56,2,106,0,0,4,0,4,0,48,60,2,110,0,0,0,110
06/19/2012,CHO,VA,AEA,EN,Federal Contract Tower,0,46,27,4,77,0,0,41,4,45,0,46,68,8,122,26,0,26,148
06/20/2012,CHO,VA,AEA,EN,Federal Contract Tower,0,68,45,4,117,0,0,103,8,111,0,68,148,12,228,74,22,96,324
06/21/2012,CHO,VA,AEA,EN,Federal Contract Tower,0,64,40,5,109,0,0,84,2,86,0,64,124,7,195,68,16,84,279
06/22/2012,CHO,VA,AEA,EN,Federal Contract Tower,0,52,33,8,93,0,0,51,18,69,0,52,84,26,162,68,16,84,246
06/23/2012,CHO,VA,AEA,EN,Federal Contract Tower,0,39,25,0,64,0,0,67,2,69,0,39,92,2,133,65,0,65,198
06/24/2012,CHO,VA,AEA,EN,Federal Contract Tower,0,46,28,1,75,0,0,95,1,96,0,46,123,2,171,120,0,120,291
06/25/2012,CHO,VA,AEA,EN,Federal Contract Tower,0,49,27,4,80,0,0,40,4,44,0,49,67,8,124,60,20,80,204
06/26/2012,CHO,VA,AEA,EN,Federal Contract Tower,0,48,18,8,74,0,0,55,6,61,0,48,73,14,135,20,48,68,203
06/27/2012,CHO,VA,AEA,EN,Federal Contract Tower,0,51,27,0,78,0,0,83,4,87,0,51,110,4,165,44,0,44,209
06/28/2012,CHO,VA,AEA,EN,Federal Contract Tower,0,56,46,0,102,0,0,92,6,98,0,56,138,6,200,48,0,48,248
06/29/2012,CHO,VA,AEA,EN,Federal Contract Tower,0,53,41,2,96,0,0,77,0,77,0,53,118,2,173,68,2,70,243
06/30/2012,CHO,VA,AEA,EN,Federal Contract Tower,0,11,12,0,23,0,0,24,0,24,0,11,36,0,47,30,0,30,77
07/01/2012,CHO,VA,AEA,EN,Federal Contract Tower,0,41,32,0,73,0,0,69,0,69,0,41,101,0,142,84,0,84,226
07/02/2012,CHO,VA,AEA,EN,Federal Contract Tower,0,45,22,2,69,0,0,47,2,49,0,45,69,4,118,80,10,90,208
07/03/2012,CHO,VA,AEA,EN,Federal Contract Tower,0,48,21,1,70,0,0,41,1,42,0,48,62,2,112,38,0,38,150
07/04/2012,CHO,VA,AEA,EN,Federal Contract Tower,0,38,14,0,52,0,0,44,0,44,0,38,58,0,96,8,0,8,104
07/05/2012,CHO,VA,AEA,EN,Federal Contract Tower,0,48,33,4,85,0,0,85,0,85,0,48,118,4,170,102,18,120,290
07/06/2012,CHO,VA,AEA,EN,Federal Contract Tower,0,47,31,0,78,0,0,57,2,59,0,47,88,2,137,86,0,86,223
07/07/2012,CHO,VA,AEA,EN,Federal Contract Tower,0,33,34,0,67,0,0,84,0,84,0,33,118,0,151,102,0,102,253
07/08/2012,CHO,VA,AEA,EN,Federal Contract Tower,0,48,28,0,76,0,0,50,2,52,0,48,78,2,128,60,0,60,188
07/09/2012,CHO,VA,AEA,EN,Federal Contract Tower,0,48,19,6,73,0,0,46,0,46,0,48,65,6,119,44,0,44,163
07/10/2012,CHO,VA,AEA,EN,Federal Contract Tower,0,49,32,7,88,0,0,51,4,55,0,49,83,11,143,54,20,74,217
07/11/2012,CHO,VA,AEA,EN,Federal Contract Tower,0,49,24,4,77,0,0,100,1,101,0,49,124,5,178,56,2,58,236
07/12/2012,CHO,VA,AEA,EN,Federal Contract Tower,0,56,42,10,108,0,0,92,4,96,0,56,134,14,204,160,32,192,396
07/13/2012,CHO,VA,AEA,EN,Federal Contract Tower,0,54,44,2,100,0,0,82,1,83,0,54,126,3,183,100,4,104,287
07/14/2012,CHO,VA,AEA,EN,Federal Contract Tower,0,41,32,2,75,0,0,59,2,61,0,41,91,4,136,88,0,88,224
07/15/2012,CHO,VA,AEA,EN,Federal Contract Tower,0,50,28,4,82,0,0,35,0,35,0,50,63,4,117,60,0,60,177
07/16/2012,CHO,VA,AEA,EN,Federal Contract Tower,0,45,36,0,81,0,0,66,6,72,0,45,102,6,153,52,10,62,215
07/17/2012,CHO,VA,AEA,EN,Federal Contract Tower,0,43,24,4,71,0,0,69,10,79,0,43,93,14,150,42,14,56,206
07/18/2012,CHO,VA,AEA,EN,Federal Contract Tower,0,46,22,3,71,0,0,33,0,33,0,46,55,3,104,22,0,22,126
07/19/2012,CHO,VA,AEA,EN,Federal Contract Tower,0,60,30,0,90,0,0,73,5,78,0,60,103,5,168,82,26,108,276
07/20/2012,CHO,VA,AEA,EN,Federal Contract Tower,0,47,29,0,76,0,0,55,0,55,0,47,84,0,131,58,0,58,189
07/21/2012,CHO,VA,AEA,EN,Federal Contract Tower,0,42,32,0,74,0,0,0,0,0,0,42,32,0,74,0,0,0,74
07/22/2012,CHO,VA,AEA,EN,Federal Contract Tower,0,45,30,0,75,0,0,40,0,40,0,45,70,0,115,6,0,6,121
07/23/2012,CHO,VA,AEA,EN,Federal Contract Tower,0,42,30,2,74,0,0,79,4,83,0,42,109,6,157,70,20,90,247
07/24/2012,CHO,VA,AEA,EN,Federal Contract Tower,0,42,23,0,65,0,0,39,2,41,0,42,62,2,106,32,6,38,144
07/25/2012,CHO,VA,AEA,EN,Federal Contract Tower,0,56,36,5,97,0,0,73,4,77,0,56,109,9,174,52,18,70,244
07/26/2012,CHO,VA,AEA,EN,Federal Contract Tower,0,50,46,9,105,0,0,74,1,75,0,50,120,10,180,140,22,162,342
07/27/2012,CHO,VA,AEA,EN,Federal Contract Tower,0,44,42,3,89,0,0,54,0,54,0,44,96,3,143,64,0,64,207
07/28/2012,CHO,VA,AEA,EN,Federal Contract Tower,0,37,24,0,61,0,0,94,0,94,0,37,118,0,155,94,0,94,249
07/29/2012,CHO,VA,AEA,EN,Federal Contract Tower,0,46,37,0,83,0,0,90,2,92,0,46,127,2,175,50,0,50,225
07/30/2012,CHO,VA,AEA,EN,Federal Contract Tower,0,48,28,2,78,0,0,72,2,74,0,48,100,4,152,60,14,74,226
07/31/2012,CHO,VA,AEA,EN,Federal Contract Tower,0,53,41,4,98,0,0,46,0,46,0,53,87,4,144,50,14,64,208
08/01/2012,CHO,VA,AEA,EN,Federal Contract Tower,0,54,43,7,104,0,0,48,4,52,0,54,91,11,156,66,28,94,250
08/02/2012,CHO,VA,AEA,EN,Federal Contract Tower,0,61,34,8,103,0,0,78,8,86,0,61,112,16,189,130,30,160,349
08/03/2012,CHO,VA,AEA,EN,Federal Contract Tower,0,54,38,11,103,0,0,73,15,88,0,54,111,26,191,72,22,94,285
08/04/2012,CHO,VA,AEA,EN,Federal Contract Tower,0,34,26,0,60,0,0,77,0,77,0,34,103,0,137,102,0,102,239
08/05/2012,CHO,VA,AEA,EN,Federal Contract Tower,0,40,25,0,65,0,0,56,0,56,0,40,81,0,121,50,0,50,171
08/06/2012,CHO,VA,AEA,EN,Federal Contract Tower,0,40,27,3,70,0,0,43,7,50,0,40,70,10,120,30,10,40,160
08/07/2012,CHO,VA,AEA,EN,Federal Contract Tower,0,42,17,0,59,0,0,38,0,38,0,42,55,0,97,50,0,50,147
08/08/2012,CHO,VA,AEA,EN,Federal Contract Tower,0,48,24,11,83,0,0,64,0,64,0,48,88,11,147,44,0,44,191
08/09/2012,CHO,VA,AEA,EN,Federal Contract Tower,0,49,30,2,81,0,0,85,0,85,0,49,115,2,166,88,0,88,254
08/10/2012,CHO,VA,AEA,EN,Federal Contract Tower,0,47,36,8,91,0,0,31,6,37,0,47,67,14,128,26,16,42,170
08/11/2012,CHO,VA,AEA,EN,Federal Contract Tower,0,38,35,0,73,0,0,68,0,68,0,38,103,0,141,86,0,86,227
08/12/2012,CHO,VA,AEA,EN,Federal Contract Tower,0,42,47,0,89,0,0,70,0,70,0,42,117,0,159,60,0,60,219
08/13/2012,CHO,VA,AEA,EN,Federal Contract Tower,0,41,37,4,82,0,0,70,0,70,0,41,107,4,152,60,0,60,212
08/14/2012,CHO,VA,AEA,EN,Federal Contract Tower,0,40,37,5,82,0,0,52,3,55,0,40,89,8,137,30,0,30,167
08/15/2012,CHO,VA,AEA,EN,Federal Contract Tower,0,47,35,8,90,0,0,31,0,31,0,47,66,8,121,32,0,32,153
08/16/2012,CHO,VA,AEA,EN,Federal Contract Tower,0,54,46,5,105,0,0,90,8,98,0,54,136,13,203,176,22,198,401
08/17/2012,CHO,VA,AEA,EN,Federal Contract Tower,0,52,32,10,94,0,0,59,3,62,0,52,91,13,156,86,14,100,256
08/18/2012,CHO,VA,AEA,EN,Federal Contract Tower,0,37,36,0,73,0,0,97,0,97,0,37,133,0,170,102,0,102,272
08/19/2012,CHO,VA,AEA,EN,Federal Contract Tower,0,46,24,0,70,0,0,30,0,30,0,46,54,0,100,10,0,10,110
08/20/2012,CHO,VA,AEA,EN,Federal Contract Tower,0,39,23,2,64,0,0,24,0,24,0,39,47,2,88,20,4,24,112
08/21/2012,CHO,VA,AEA,EN,Federal Contract Tower,0,56,36,0,92,0,0,50,6,56,0,56,86,6,148,46,24,70,218
08/22/2012,CHO,VA,AEA,EN,Federal Contract Tower,0,62,49,2,113,0,0,89,10,99,0,62,138,12,212,140,50,190,402
08/23/2012,CHO,VA,AEA,EN,Federal Contract Tower,0,65,47,4,116,0,0,94,6,100,0,65,141,10,216,154,26,180,396
08/24/2012,CHO,VA,AEA,EN,Federal Contract Tower,0,50,35,2,87,0,0,73,6,79,0,50,108,8,166,128,46,174,340
08/25/2012,CHO,VA,AEA,EN,Federal Contract Tower,0,37,51,0,88,0,0,38,0,38,0,37,89,0,126,54,0,54,180
08/26/2012,CHO,VA,AEA,EN,Federal Contract Tower,0,44,45,0,89,0,0,25,0,25,0,44,70,0,114,0,0,0,114
08/27/2012,CHO,VA,AEA,EN,Federal Contract Tower,0,39,19,4,62,0,0,81,2,83,0,39,100,6,145,40,60,100,245
08/28/2012,CHO,VA,AEA,EN,Federal Contract Tower,0,55,28,15,98,0,0,68,6,74,0,55,96,21,172,100,30,130,302
08/29/2012,CHO,VA,AEA,EN,Federal Contract Tower,0,52,44,6,102,0,0,33,16,49,0,52,77,22,151,30,0,30,181
08/30/2012,CHO,VA,AEA,EN,Federal Contract Tower,0,56,41,6,103,0,0,82,2,84,0,56,123,8,187,132,28,160,347
08/31/2012,CHO,VA,AEA,EN,Federal Contract Tower,0,49,42,3,94,0,0,59,2,61,0,49,101,5,155,56,4,60,215
09/01/2012,CHO,VA,AEA,EN,Federal Contract Tower,0,37,33,2,72,0,0,78,0,78,0,37,111,2,150,64,4,68,218
09/02/2012,CHO,VA,AEA,EN,Federal Contract Tower,0,41,20,0,61,0,0,49,0,49,0,41,69,0,110,60,0,60,170
09/03/2012,CHO,VA,AEA,EN,Federal Contract Tower,0,42,37,0,79,0,0,13,0,13,0,42,50,0,92,0,0,0,92
09/04/2012,CHO,VA,AEA,EN,Federal Contract Tower,0,52,29,4,85,0,0,20,0,20,0,52,49,4,105,40,0,40,145
09/05/2012,CHO,VA,AEA,EN,Federal Contract Tower,0,64,37,4,105,0,0,62,6,68,0,64,99,10,173,100,44,144,317
09/06/2012,CHO,VA,AEA,EN,Federal Contract Tower,0,49,37,2,88,0,0,67,2,69,0,49,104,4,157,26,42,68,225
09/07/2012,CHO,VA,AEA,EN,Federal Contract Tower,0,50,63,10,123,0,0,105,13,118,0,50,168,23,241,110,32,142,383
09/08/2012,CHO,VA,AEA,EN,Federal Contract Tower,1,32,58,0,91,0,0,48,0,48,1,32,106,0,139,28,0,28,167
09/09/2012,CHO,VA,AEA,EN,Federal Contract Tower,0,43,38,0,81,0,0,73,0,73,0,43,111,0,154,50,0,50,204
09/10/2012,CHO,VA,AEA,EN,Federal Contract Tower,0,38,37,2,77,0,0,67,0,67,0,38,104,2,144,70,18,88,232
09/11/2012,CHO,VA,AEA,EN,Federal Contract Tower,0,39,21,10,70,0,0,65,0,65,0,39,86,10,135,86,20,106,241
09/12/2012,CHO,VA,AEA,EN,Federal Contract Tower,0,51,35,5,91,0,0,79,12,91,0,51,114,17,182,90,30,120,302
09/13/2012,CHO,VA,AEA,EN,Federal Contract Tower,0,53,39,0,92,0,82,8,0,90,0,135,47,0,182,116,30,146,328
09/14/2012,CHO,VA,AEA,EN,Federal Contract Tower,0,41,32,3,76,0,0,62,7,69,0,41,94,10,145,36,0,36,181
09/15/2012,CHO,VA,AEA,EN,Federal Contract Tower,2,38,26,0,66,0,0,89,0,89,2,38,115,0,155,88,0,88,243
09/16/2012,CHO,VA,AEA,EN,Federal Contract Tower,0,40,34,2,76,0,0,85,0,85,0,40,119,2,161,47,0,47,208
09/17/2012,CHO,VA,AEA,EN,Federal Contract Tower,0,46,30,4,80,0,0,25,5,30,0,46,55,9,110,10,49,59,169
09/18/2012,CHO,VA,AEA,EN,Federal Contract Tower,0,40,16,0,56,0,0,0,0,0,0,40,16,0,56,0,0,0,56
09/19/2012,CHO,VA,AEA,EN,Federal Contract Tower,0,55,31,7,93,0,0,47,6,53,0,55,78,13,146,48,20,68,214
09/20/2012,CHO,VA,AEA,EN,Federal Contract Tower,1,57,39,5,102,0,0,95,4,99,1,57,134,9,201,128,32,160,361
09/21/2012,CHO,VA,AEA,EN,Federal Contract Tower,0,51,39,5,95,0,0,59,10,69,0,51,98,15,164,43,0,43,207
09/22/2012,CHO,VA,AEA,EN,Federal Contract Tower,0,40,33,0,73,0,0,62,0,62,0,40,95,0,135,56,0,56,191
09/23/2012,CHO,VA,AEA,EN,Federal Contract Tower,0,40,39,0,79,0,0,87,0,87,0,40,126,0,166,74,0,74,240
09/24/2012,CHO,VA,AEA,EN,Federal Contract Tower,0,50,36,0,86,0,0,75,6,81,0,50,111,6,167,120,36,156,323
09/25/2012,CHO,VA,AEA,EN,Federal Contract Tower,0,42,27,13,82,0,0,46,8,54,0,42,73,21,136,40,20,60,196
09/26/2012,CHO,VA,AEA,EN,Federal Contract Tower,0,58,22,3,83,0,0,54,5,59,0,58,76,8,142,34,6,40,182
09/27/2012,CHO,VA,AEA,EN,Federal Contract Tower,0,52,35,1,88,0,0,76,7,83,0,52,111,8,171,94,18,112,283
09/28/2012,CHO,VA,AEA,EN,Federal Contract Tower,0,43,42,3,88,0,0,57,0,57,0,43,99,3,145,30,18,48,193
09/29/2012,CHO,VA,AEA,EN,Federal Contract Tower,1,31,44,0,76,0,0,78,0,78,1,31,122,0,154,58,0,58,212
09/30/2012,CHO,VA,AEA,EN,Federal Contract Tower,0,41,34,0,75,0,0,76,0,76,0,41,110,0,151,70,0,70,221
10/01/2012,CHO,VA,AEA,EN,Federal Contract Tower,0,39,21,3,63,0,0,50,0,50,0,39,71,3,113,10,0,10,123
10/02/2012,CHO,VA,AEA,EN,Federal Contract Tower,0,39,14,4,57,0,0,0,0,0,0,39,14,4,57,0,0,0,57
10/03/2012,CHO,VA,AEA,EN,Federal Contract Tower,0,55,41,6,102,0,0,53,2,55,0,55,94,8,157,38,34,72,229
10/04/2012,CHO,VA,AEA,EN,Federal Contract Tower,0,51,54,8,113,0,0,76,2,78,0,51,130,10,191,58,14,72,263
10/05/2012,CHO,VA,AEA,EN,Federal Contract Tower,0,54,69,3,126,0,0,105,0,105,0,54,174,3,231,105,6,111,342
10/06/2012,CHO,VA,AEA,EN,Federal Contract Tower,0,35,44,0,79,0,0,79,4,83,0,35,123,4,162,110,0,110,272
10/07/2012,CHO,VA,AEA,EN,Federal Contract Tower,0,39,56,0,95,0,0,18,0,18,0,39,74,0,113,12,0,12,125
10/08/2012,CHO,VA,AEA,EN,Federal Contract Tower,0,48,45,0,93,0,0,58,0,58,0,48,103,0,151,94,0,94,245
10/09/2012,CHO,VA,AEA,EN,Federal Contract Tower,0,50,29,14,93,0,0,55,0,55,0,50,84,14,148,66,8,74,222
10/10/2012,CHO,VA,AEA,EN,Federal Contract Tower,0,58,26,6,90,0,0,54,0,54,0,58,80,6,144,82,0,82,226
10/11/2012,CHO,VA,AEA,EN,Federal Contract Tower,0,59,64,5,128,0,0,92,4,96,0,59,156,9,224,100,18,118,342
10/12/2012,CHO,VA,AEA,EN,Federal Contract Tower,0,49,60,2,111,0,0,93,2,95,0,49,153,4,206,127,0,127,333
10/13/2012,CHO,VA,AEA,EN,Federal Contract Tower,0,47,64,0,111,0,0,117,6,123,0,47,181,6,234,149,0,149,383
10/14/2012,CHO,VA,AEA,EN,Federal Contract Tower,0,49,52,0,101,0,0,82,0,82,0,49,134,0,183,40,0,40,223
10/15/2012,CHO,VA,AEA,EN,Federal Contract Tower,0,42,30,2,74,0,0,20,4,24,0,42,50,6,98,20,0,20,118
10/16/2012,CHO,VA,AEA,EN,Federal Contract Tower,0,44,38,6,88,0,0,70,2,72,0,44,108,8,160,52,10,62,222
10/17/2012,CHO,VA,AEA,EN,Federal Contract Tower,0,52,32,4,88,0,0,83,2,85,0,52,115,6,173,30,4,34,207
10/18/2012,CHO,VA,AEA,EN,Federal Contract Tower,0,53,55,4,112,0,0,66,2,68,0,53,121,6,180,114,44,158,338
10/19/2012,CHO,VA,AEA,EN,Federal Contract Tower,0,52,67,21,140,0,0,63,0,63,0,52,130,21,203,47,40,87,290
10/20/2012,CHO,VA,AEA,EN,Federal Contract Tower,1,35,60,0,96,0,0,112,0,112,1,35,172,0,208,78,0,78,286
10/21/2012,CHO,VA,AEA,EN,Federal Contract Tower,0,57,69,1,127,0,0,85,0,85,0,57,154,1,212,60,0,60,272
10/22/2012,CHO,VA,AEA,EN,Federal Contract Tower,0,44,38,4,86,0,0,80,12,92,0,44,118,16,178,40,10,50,228
10/23/2012,CHO,VA,AEA,EN,Federal Contract Tower,0,50,33,8,91,0,0,85,0,85,0,50,118,8,176,10,18,28,204
10/24/2012,CHO,VA,AEA,EN,Federal Contract Tower,0,54,32,4,90,0,0,79,0,79,0,54,111,4,169,46,0,46,215
10/25/2012,CHO,VA,AEA,EN,Federal Contract Tower,0,63,68,2,133,0,0,97,6,103,0,63,165,8,236,112,20,132,368
10/26/2012,CHO,VA,AEA,EN,Federal Contract Tower,0,49,61,2,112,0,0,83,2,85,0,49,144,4,197,64,36,100,297
10/27/2012,CHO,VA,AEA,EN,Federal Contract Tower,0,36,51,0,87,0,0,76,0,76,0,36,127,0,163,56,0,56,219
10/28/2012,CHO,VA,AEA,EN,Federal Contract Tower,0,50,47,0,97,0,0,35,0,35,0,50,82,0,132,20,0,20,152
10/29/2012,CHO,VA,AEA,EN,Federal Contract Tower,0,12,5,0,17,0,0,0,0,0,0,12,5,0,17,0,0,0,17
10/30/2012,CHO,VA,AEA,EN,Federal Contract Tower,0,24,2,0,26,0,0,0,0,0,0,24,2,0,26,0,0,0,26
10/31/2012,CHO,VA,AEA,EN,Federal Contract Tower,0,40,18,0,58,0,0,8,0,8,0,40,26,0,66,0,0,0,66
11/01/2012,CHO,VA,AEA,EN,Federal Contract Tower,0,59,42,6,107,0,0,53,5,58,0,59,95,11,165,46,30,76,241
11/02/2012,CHO,VA,AEA,EN,Federal Contract Tower,0,43,43,13,99,0,0,68,7,75,0,43,111,20,174,54,30,84,258
11/03/2012,CHO,VA,AEA,EN,Federal Contract Tower,0,41,37,0,78,0,0,89,0,89,0,41,126,0,167,64,0,64,231
11/04/2012,CHO,VA,AEA,EN,Federal Contract Tower,0,49,47,0,96,0,0,83,0,83,0,49,130,0,179,40,0,40,219
11/05/2012,CHO,VA,AEA,EN,Federal Contract Tower,0,36,29,2,67,0,0,77,0,77,0,36,106,2,144,30,24,54,198
11/06/2012,CHO,VA,AEA,EN,Federal Contract Tower,0,40,18,10,68,0,0,58,0,58,0,40,76,10,126,34,0,34,160
11/07/2012,CHO,VA,AEA,EN,Federal Contract Tower,0,48,30,8,86,0,0,52,6,58,0,48,82,14,144,24,22,46,190
11/08/2012,CHO,VA,AEA,EN,Federal Contract Tower,0,54,47,0,101,0,0,56,4,60,0,54,103,4,161,60,22,82,243
11/09/2012,CHO,VA,AEA,EN,Federal Contract Tower,0,57,52,8,117,0,0,101,4,105,0,57,153,12,222,107,40,147,369
11/10/2012,CHO,VA,AEA,EN,Federal Contract Tower,1,46,43,0,90,0,0,98,0,98,1,46,141,0,188,124,0,124,312
11/11/2012,CHO,VA,AEA,EN,Federal Contract Tower,0,48,58,0,106,0,0,80,0,80,0,48,138,0,186,70,0,70,256
11/12/2012,CHO,VA,AEA,EN,Federal Contract Tower,0,44,32,0,76,0,0,35,0,35,0,44,67,0,111,70,0,70,181
11/13/2012,CHO,VA,AEA,EN,Federal Contract Tower,0,37,27,12,76,0,0,41,4,45,0,37,68,16,121,40,12,52,173
11/14/2012,CHO,VA,AEA,EN,Federal Contract Tower,0,44,29,0,73,0,0,54,0,54,0,44,83,0,127,64,0,64,191
11/15/2012,CHO,VA,AEA,EN,Federal Contract Tower,0,60,75,13,148,0,0,84,4,88,0,60,159,17,236,102,48,150,386
11/16/2012,CHO,VA,AEA,EN,Federal Contract Tower,0,45,54,0,99,0,0,91,0,91,0,45,145,0,190,83,0,83,273
11/17/2012,CHO,VA,AEA,EN,Federal Contract Tower,0,41,43,0,84,0,0,91,0,91,0,41,134,0,175,72,0,72,247
11/18/2012,CHO,VA,AEA,EN,Federal Contract Tower,0,48,34,2,84,0,0,71,2,73,0,48,105,4,157,40,0,40,197
11/19/2012,CHO,VA,AEA,EN,Federal Contract Tower,0,41,29,7,77,0,0,55,0,55,0,41,84,7,132,60,40,100,232
11/20/2012,CHO,VA,AEA,EN,Federal Contract Tower,0,54,48,1,103,0,0,72,3,75,0,54,120,4,178,40,0,40,218
11/21/2012,CHO,VA,AEA,EN,Federal Contract Tower,0,58,34,0,92,0,0,75,0,75,0,58,109,0,167,12,0,12,179
11/22/2012,CHO,VA,AEA,EN,Federal Contract Tower,0,21,9,0,30,0,0,15,0,15,0,21,24,0,45,10,0,10,55
11/23/2012,CHO,VA,AEA,EN,Federal Contract Tower,0,31,16,4,51,0,0,43,2,45,0,31,59,6,96,22,0,22,118
11/24/2012,CHO,VA,AEA,EN,Federal Contract Tower,0,44,44,0,88,0,0,71,0,71,0,44,115,0,159,44,0,44,203
11/25/2012,CHO,VA,AEA,EN,Federal Contract Tower,0,55,70,0,125,0,0,90,0,90,0,55,160,0,215,40,0,40,255
11/26/2012,CHO,VA,AEA,EN,Federal Contract Tower,0,53,28,2,83,0,0,62,13,75,0,53,90,15,158,50,10,60,218
11/27/2012,CHO,VA,AEA,EN,Federal Contract Tower,0,45,29,4,78,0,0,27,0,27,0,45,56,4,105,30,0,30,135
11/28/2012,CHO,VA,AEA,EN,Federal Contract Tower,0,54,30,8,92,0,0,67,5,72,0,54,97,13,164,32,14,46,210
11/29/2012,CHO,VA,AEA,EN,Federal Contract Tower,0,55,33,8,96,0,0,60,2,62,0,55,93,10,158,46,10,56,214
11/30/2012,CHO,VA,AEA,EN,Federal Contract Tower,0,49,38,0,87,0,0,66,5,71,0,49,104,5,158,53,0,53,211
12/01/2012,CHO,VA,AEA,EN,Federal Contract Tower,0,39,40,2,81,0,0,73,1,74,0,39,113,3,155,80,0,80,235
12/02/2012,CHO,VA,AEA,EN,Federal Contract Tower,0,41,35,1,77,0,0,45,0,45,0,41,80,1,122,50,0,50,172
12/03/2012,CHO,VA,AEA,EN,Federal Contract Tower,0,44,32,4,80,0,0,73,12,85,0,44,105,16,165,40,12,52,217
12/04/2012,CHO,VA,AEA,EN,Federal Contract Tower,0,43,23,11,77,0,0,65,1,66,0,43,88,12,143,40,0,40,183
12/05/2012,CHO,VA,AEA,EN,Federal Contract Tower,0,47,30,7,84,0,0,46,3,49,0,47,76,10,133,46,16,62,195
12/06/2012,CHO,VA,AEA,EN,Federal Contract Tower,0,51,40,10,101,0,0,66,2,68,0,51,106,12,169,100,18,118,287
12/07/2012,CHO,VA,AEA,EN,Federal Contract Tower,0,37,30,0,67,0,0,16,0,16,0,37,46,0,83,0,0,0,83
12/08/2012,CHO,VA,AEA,EN,Federal Contract Tower,0,40,33,0,73,0,0,70,0,70,0,40,103,0,143,72,0,72,215
12/09/2012,CHO,VA,AEA,EN,Federal Contract Tower,0,41,16,0,57,0,0,10,0,10,0,41,26,0,67,18,0,18,85
12/10/2012,CHO,VA,AEA,EN,Federal Contract Tower,0,37,34,0,71,0,0,1,0,1,0,37,35,0,72,0,0,0,72
12/11/2012,CHO,VA,AEA,EN,Federal Contract Tower,0,41,18,9,68,0,0,56,3,59,0,41,74,12,127,56,26,82,209
12/12/2012,CHO,VA,AEA,EN,Federal Contract Tower,0,50,31,4,85,0,0,62,18,80,0,50,93,22,165,36,0,36,201
12/13/2012,CHO,VA,AEA,EN,Federal Contract Tower,0,45,28,8,81,0,0,73,30,103,0,45,101,38,184,66,76,142,326
12/14/2012,CHO,VA,AEA,EN,Federal Contract Tower,0,45,33,1,79,0,0,59,13,72,0,45,92,14,151,16,0,16,167
12/15/2012,CHO,VA,AEA,EN,Federal Contract Tower,0,44,45,0,89,0,0,78,0,78,0,44,123,0,167,54,0,54,221
12/16/2012,CHO,VA,AEA,EN,Federal Contract Tower,0,41,20,1,62,0,0,36,0,36,0,41,56,1,98,42,0,42,140
12/17/2012,CHO,VA,AEA,EN,Federal Contract Tower,0,38,25,0,63,0,0,0,0,0,0,38,25,0,63,0,0,0,63
12/18/2012,CHO,VA,AEA,EN,Federal Contract Tower,0,48,20,3,71,0,0,46,3,49,0,48,66,6,120,50,0,50,170
12/19/2012,CHO,VA,AEA,EN,Federal Contract Tower,0,50,33,3,86,0,0,76,4,80,0,50,109,7,166,44,0,44,210
12/20/2012,CHO,VA,AEA,EN,Federal Contract Tower,0,39,33,2,74,0,0,25,0,25,0,39,58,2,99,18,12,30,129
12/21/2012,CHO,VA,AEA,EN,Federal Contract Tower,0,37,32,6,75,0,0,0,0,0,0,37,32,6,75,0,6,6,81
12/22/2012,CHO,VA,AEA,EN,Federal Contract Tower,0,35,20,0,55,0,0,29,0,29,0,35,49,0,84,16,0,16,100
12/23/2012,CHO,VA,AEA,EN,Federal Contract Tower,0,40,35,0,75,0,0,58,0,58,0,40,93,0,133,80,0,80,213
12/24/2012,CHO,VA,AEA,EN,Federal Contract Tower,0,31,3,0,34,0,0,5,0,5,0,31,8,0,39,10,0,10,49
12/25/2012,CHO,VA,AEA,EN,Federal Contract Tower,0,33,4,0,37,0,0,0,0,0,0,33,4,0,37,0,0,0,37
12/26/2012,CHO,VA,AEA,EN,Federal Contract Tower,0,38,14,0,52,0,0,0,0,0,0,38,14,0,52,0,0,0,52
12/27/2012,CHO,VA,AEA,EN,Federal Contract Tower,0,46,16,2,64,0,0,23,5,28,0,46,39,7,92,0,28,28,120
12/28/2012,CHO,VA,AEA,EN,Federal Contract Tower,0,47,27,6,80,0,0,76,3,79,0,47,103,9,159,74,14,88,247
12/29/2012,CHO,VA,AEA,EN,Federal Contract Tower,0,35,11,0,46,0,0,6,0,6,0,35,17,0,52,12,0,12,64
12/30/2012,CHO,VA,AEA,EN,Federal Contract Tower,0,38,11,0,49,0,0,10,0,10,0,38,21,0,59,0,0,0,59
12/31/2012,CHO,VA,AEA,EN,Federal Contract Tower,0,38,18,0,56,0,0,30,0,30,0,38,48,0,86,48,0,48,134
01/01/2013,CHO,VA,AEA,EN,Federal Contract Tower,0,31,10,0,41,0,0,14,0,14,0,31,24,0,55,0,0,0,55
01/02/2013,CHO,VA,AEA,EN,Federal Contract Tower,0,46,16,2,64,0,0,34,2,36,0,46,50,4,100,18,0,18,118
01/03/2013,CHO,VA,AEA,EN,Federal Contract Tower,0,43,23,6,72,0,0,39,3,42,0,43,62,9,114,32,6,38,152
01/04/2013,CHO,VA,AEA,EN,Federal Contract Tower,0,47,27,7,81,0,0,55,8,63,0,47,82,15,144,44,20,64,208
01/05/2013,CHO,VA,AEA,EN,Federal Contract Tower,0,39,32,2,73,0,0,79,0,79,0,39,111,2,152,140,10,150,302
01/06/2013,CHO,VA,AEA,EN,Federal Contract Tower,0,45,28,1,74,0,0,57,0,57,0,45,85,1,131,60,0,60,191
01/07/2013,CHO,VA,AEA,EN,Federal Contract Tower,0,39,26,3,68,0,0,57,0,57,0,39,83,3,125,50,40,90,215
01/08/2013,CHO,VA,AEA,EN,Federal Contract Tower,0,45,8,15,68,0,0,64,0,64,0,45,72,15,132,20,40,60,192
01/09/2013,CHO,VA,AEA,EN,Federal Contract Tower,0,44,22,8,74,0,0,75,2,77,0,44,97,10,151,24,6,30,181
01/10/2013,CHO,VA,AEA,EN,Federal Contract Tower,0,43,33,9,85,0,0,60,0,60,0,43,93,9,145,92,40,132,277
01/11/2013,CHO,VA,AEA,EN,Federal Contract Tower,0,41,26,4,71,0,0,25,0,25,0,41,51,4,96,20,4,24,120
01/12/2013,CHO,VA,AEA,EN,Federal Contract Tower,2,28,21,0,51,0,0,40,0,40,2,28,61,0,91,74,0,74,165
01/13/2013,CHO,VA,AEA,EN,Federal Contract Tower,0,44,34,0,78,0,0,20,0,20,0,44,54,0,98,0,0,0,98
01/14/2013,CHO,VA,AEA,EN,Federal Contract Tower,0,39,14,0,53,0,0,0,0,0,0,39,14,0,53,0,0,0,53
01/15/2013,CHO,VA,AEA,EN,Federal Contract Tower,0,42,21,2,65,0,0,0,0,0,0,42,21,2,65,0,0,0,65
01/16/2013,CHO,VA,AEA,EN,Federal Contract Tower,0,45,15,4,64,0,0,0,0,0,0,45,15,4,64,0,0,0,64
01/17/2013,CHO,VA,AEA,EN,Federal Contract Tower,0,38,16,4,58,0,0,0,0,0,0,38,16,4,58,0,0,0,58
01/18/2013,CHO,VA,AEA,EN,Federal Contract Tower,0,45,42,9,96,0,0,74,9,83,0,45,116,18,179,69,20,89,268
01/19/2013,CHO,VA,AEA,EN,Federal Contract Tower,0,31,27,0,58,0,0,72,0,72,0,31,99,0,130,112,0,112,242
01/20/2013,CHO,VA,AEA,EN,Federal Contract Tower,0,42,35,0,77,0,0,58,0,58,0,42,93,0,135,50,0,50,185
01/21/2013,CHO,VA,AEA,EN,Federal Contract Tower,0,36,40,0,76,0,0,51,0,51,0,36,91,0,127,60,0,60,187
01/22/2013,CHO,VA,AEA,EN,Federal Contract Tower,0,45,20,10,75,0,0,41,4,45,0,45,61,14,120,40,30,70,190
01/23/2013,CHO,VA,AEA,EN,Federal Contract Tower,0,40,13,2,55,0,0,47,7,54,0,40,60,9,109,34,0,34,143
01/24/2013,CHO,VA,AEA,EN,Federal Contract Tower,0,35,23,4,62,0,0,16,4,20,0,35,39,8,82,4,4,8,90
01/25/2013,CHO,VA,AEA,EN,Federal Contract Tower,0,40,26,4,70,0,0,21,0,21,0,40,47,4,91,18,0,18,109
01/26/2013,CHO,VA,AEA,EN,Federal Contract Tower,0,36,21,0,57,0,0,61,0,61,0,36,82,0,118,108,0,108,226
01/27/2013,CHO,VA,AEA,EN,Federal Contract Tower,0,45,38,0,83,0,0,82,1,83,0,45,120,1,166,50,0,50,216
01/28/2013,CHO,VA,AEA,EN,Federal Contract Tower,0,46,11,0,57,0,0,0,0,0,0,46,11,0,57,0,0,0,57
01/29/2013,CHO,VA,AEA,EN,Federal Contract Tower,0,45,36,3,84,0,0,73,5,78,0,45,109,8,162,70,20,90,252
01/30/2013,CHO,VA,AEA,EN,Federal Contract Tower,0,39,11,2,52,0,0,0,0,0,0,39,11,2,52,0,0,0,52
01/31/2013,CHO,VA,AEA,EN,Federal Contract Tower,0,30,15,0,45,0,0,1,0,1,0,30,16,0,46,0,0,0,46
02/01/2013,CHO,VA,AEA,EN,Federal Contract Tower,0,47,39,8,94,0,44,12,0,56,0,91,51,8,150,18,12,30,180
02/02/2013,CHO,VA,AEA,EN,Federal Contract Tower,0,45,24,0,69,0,0,59,0,59,0,45,83,0,128,86,0,86,214
02/03/2013,CHO,VA,AEA,EN,Federal Contract Tower,0,47,30,1,78,0,0,26,0,26,0,47,56,1,104,20,0,20,124
02/04/2013,CHO,VA,AEA,EN,Federal Contract Tower,0,45,23,4,72,0,0,42,6,48,0,45,65,10,120,70,4,74,194
02/05/2013,CHO,VA,AEA,EN,Federal Contract Tower,0,46,18,2,66,0,0,42,0,42,0,46,60,2,108,44,0,44,152
02/06/2013,CHO,VA,AEA,EN,Federal Contract Tower,0,49,23,4,76,0,0,65,4,69,0,49,88,8,145,84,24,108,253
02/07/2013,CHO,VA,AEA,EN,Federal Contract Tower,0,41,32,4,77,0,0,57,0,57,0,41,89,4,134,64,18,82,216
02/08/2013,CHO,VA,AEA,EN,Federal Contract Tower,0,42,17,2,61,0,0,31,0,31,0,42,48,2,92,22,6,28,120
02/09/2013,CHO,VA,AEA,EN,Federal Contract Tower,0,36,15,0,51,0,0,77,4,81,0,36,92,4,132,80,0,80,212
02/10/2013,CHO,VA,AEA,EN,Federal Contract Tower,0,49,36,0,85,0,0,80,0,80,0,49,116,0,165,90,0,90,255
02/11/2013,CHO,VA,AEA,EN,Federal Contract Tower,0,38,12,7,57,0,0,21,4,25,0,38,33,11,82,10,32,42,124
02/12/2013,CHO,VA,AEA,EN,Federal Contract Tower,0,45,19,10,74,0,0,59,0,59,0,45,78,10,133,52,30,82,215
02/13/2013,CHO,VA,AEA,EN,Federal Contract Tower,0,44,21,0,65,0,0,48,0,48,0,44,69,0,113,8,0,8,121
02/14/2013,CHO,VA,AEA,EN,Federal Contract Tower,0,48,31,5,84,0,0,89,6,95,0,48,120,11,179,138,0,138,317
02/15/2013,CHO,VA,AEA,EN,Federal Contract Tower,0,43,47,12,102,0,0,59,15,74,0,43,106,27,176,42,32,74,250
02/16/2013,CHO,VA,AEA,EN,Federal Contract Tower,0,28,29,2,59,0,0,40,0,40,0,28,69,2,99,86,0,86,185
02/17/2013,CHO,VA,AEA,EN,Federal Contract Tower,0,41,33,0,74,0,0,40,0,40,0,41,73,0,114,12,0,12,126
02/18/2013,CHO,VA,AEA,EN,Federal Contract Tower,0,40,38,0,78,0,0,60,2,62,0,40,98,2,140,90,4,94,234
02/19/2013,CHO,VA,AEA,EN,Federal Contract Tower,0,38,19,0,57,0,0,7,2,9,0,38,26,2,66,22,0,22,88
02/20/2013,CHO,VA,AEA,EN,Federal Contract Tower,0,51,15,6,72,0,0,59,11,70,0,51,74,17,142,64,54,118,260
02/21/2013,CHO,VA,AEA,EN,Federal Contract Tower,0,48,23,14,85,0,0,52,16,68,0,48,75,30,153,34,12,46,199
02/22/2013,CHO,VA,AEA,EN,Federal Contract Tower,0,42,21,1,64,0,0,34,0,34,0,42,55,1,98,24,0,24,122
02/23/2013,CHO,VA,AEA,EN,Federal Contract Tower,2,33,14,0,49,0,0,49,0,49,2,33,63,0,98,68,0,68,166
02/24/2013,CHO,VA,AEA,EN,Federal Contract Tower,0,44,48,0,92,0,0,75,0,75,0,44,123,0,167,70,0,70,237
02/25/2013,CHO,VA,AEA,EN,Federal Contract Tower,0,47,30,4,81,0,0,81,5,86,0,47,111,9,167,70,20,90,257
02/26/2013,CHO,VA,AEA,EN,Federal Contract Tower,0,39,16,0,55,0,0,5,0,5,0,39,21,0,60,20,0,20,80
02/27/2013,CHO,VA,AEA,EN,Federal Contract Tower,0,56,34,8,98,0,0,65,10,75,0,56,99,18,173,50,14,64,237
02/28/2013,CHO,VA,AEA,EN,Federal Contract Tower,0,52,47,10,109,0,0,67,10,77,0,52,114,20,186,84,18,102,288
03/01/2013,CHO,VA,AEA,EN,Federal Contract Tower,0,49,39,8,96,0,0,68,4,72,0,49,107,12,168,61,34,95,263
03/02/2013,CHO,VA,AEA,EN,Federal Contract Tower,0,49,42,0,91,0,0,64,0,64,0,49,106,0,155,88,0,88,243
03/03/2013,CHO,VA,AEA,EN,Federal Contract Tower,0,54,22,1,77,0,0,90,0,90,0,54,112,1,167,60,0,60,227
03/04/2013,CHO,VA,AEA,EN,Federal Contract Tower,0,52,25,13,90,0,0,65,0,65,0,52,90,13,155,62,12,74,229
03/05/2013,CHO,VA,AEA,EN,Federal Contract Tower,0,44,20,0,64,0,0,45,0,45,0,44,65,0,109,20,0,20,129
03/06/2013,CHO,VA,AEA,EN,Federal Contract Tower,0,6,4,0,10,0,0,0,0,0,0,6,4,0,10,4,0,4,14
03/07/2013,CHO,VA,AEA,EN,Federal Contract Tower,0,49,22,13,84,0,6,35,6,47,0,55,57,19,131,8,0,8,139
03/08/2013,CHO,VA,AEA,EN,Federal Contract Tower,0,65,19,4,88,0,2,27,2,31,0,67,46,6,119,0,2,2,121
03/09/2013,CHO,VA,AEA,EN,Federal Contract Tower,0,47,37,12,96,0,2,127,0,129,0,49,164,12,225,120,0,120,345
03/10/2013,CHO,VA,AEA,EN,Federal Contract Tower,0,59,46,0,105,0,0,105,0,105,0,59,151,0,210,70,0,70,280
03/11/2013,CHO,VA,AEA,EN,Federal Contract Tower,0,45,17,8,70,0,0,46,1,47,0,45,63,9,117,30,20,50,167
03/12/2013,CHO,VA,AEA,EN,Federal Contract Tower,0,42,11,6,59,0,6,25,0,31,0,48,36,6,90,0,18,18,108
03/13/2013,CHO,VA,AEA,EN,Federal Contract Tower,0,46,25,6,77,0,0,40,0,40,0,46,65,6,117,32,0,32,149
03/14/2013,CHO,VA,AEA,EN,Federal Contract Tower,0,56,30,5,91,0,2,51,0,53,0,58,81,5,144,40,0,40,184
03/15/2013,CHO,VA,AEA,EN,Federal Contract Tower,0,51,30,4,85,0,0,78,8,86,0,51,108,12,171,70,20,90,261
03/16/2013,CHO,VA,AEA,EN,Federal Contract Tower,0,40,18,0,58,0,0,55,0,55,0,40,73,0,113,86,0,86,199
03/17/2013,CHO,VA,AEA,EN,Federal Contract Tower,0,46,34,0,80,0,0,0,0,0,0,46,34,0,80,0,0,0,80
03/18/2013,CHO,VA,AEA,EN,Federal Contract Tower,0,37,7,0,44,0,0,0,0,0,0,37,7,0,44,0,0,0,44
03/19/2013,CHO,VA,AEA,EN,Federal Contract Tower,0,50,35,14,99,0,0,15,7,22,0,50,50,21,121,30,20,50,171
03/20/2013,CHO,VA,AEA,EN,Federal Contract Tower,0,45,22,2,69,0,0,54,4,58,0,45,76,6,127,50,10,60,187
03/21/2013,CHO,VA,AEA,EN,Federal Contract Tower,0,66,57,14,137,0,7,66,4,77,0,73,123,18,214,80,46,126,340
03/22/2013,CHO,VA,AEA,EN,Federal Contract Tower,0,49,35,14,98,0,27,42,0,69,0,76,77,14,167,57,28,85,252
03/23/2013,CHO,VA,AEA,EN,Federal Contract Tower,0,43,19,0,62,0,5,90,1,96,0,48,109,1,158,100,0,100,258
03/24/2013,CHO,VA,AEA,EN,Federal Contract Tower,0,42,29,0,71,0,0,40,0,40,0,42,69,0,111,62,0,62,173
03/25/2013,CHO,VA,AEA,EN,Federal Contract Tower,0,43,10,0,53,0,0,0,0,0,0,43,10,0,53,0,0,0,53
03/26/2013,CHO,VA,AEA,EN,Federal Contract Tower,0,50,17,15,82,0,0,49,8,57,0,50,66,23,139,40,34,74,213
03/27/2013,CHO,VA,AEA,EN,Federal Contract Tower,0,46,13,18,77,0,9,37,2,48,0,55,50,20,125,28,12,40,165
03/28/2013,CHO,VA,AEA,EN,Federal Contract Tower,0,54,29,7,90,0,5,55,2,62,0,59,84,9,152,44,12,56,208
03/29/2013,CHO,VA,AEA,EN,Federal Contract Tower,0,51,38,2,91,0,4,88,3,95,0,55,126,5,186,74,0,74,260
03/30/2013,CHO,VA,AEA,EN,Federal Contract Tower,0,48,43,0,91,0,10,115,0,125,0,58,158,0,216,98,0,98,314
03/31/2013,CHO,VA,AEA,EN,Federal Contract Tower,0,66,30,0,96,0,0,20,0,20,0,66,50,0,116,26,0,26,142
04/01/2013,CHO,VA,AEA,EN,Federal Contract Tower,0,50,18,0,68,0,0,42,3,45,0,50,60,3,113,50,0,50,163
04/02/2013,CHO,VA,AEA,EN,Federal Contract Tower,0,42,13,8,63,0,0,25,0,25,0,42,38,8,88,22,24,46,134
04/03/2013,CHO,VA,AEA,EN,Federal Contract Tower,0,46,12,2,60,0,10,63,4,77,0,56,75,6,137,40,2,42,179
04/04/2013,CHO,VA,AEA,EN,Federal Contract Tower,0,51,29,10,90,0,5,39,6,50,0,56,68,16,140,80,62,142,282
04/05/2013,CHO,VA,AEA,EN,Federal Contract Tower,0,57,46,3,106,0,7,45,0,52,0,64,91,3,158,50,8,58,216
04/06/2013,CHO,VA,AEA,EN,Federal Contract Tower,0,48,33,0,81,0,9,110,0,119,0,57,143,0,200,96,0,96,296
04/07/2013,CHO,VA,AEA,EN,Federal Contract Tower,0,56,40,5,101,0,0,85,0,85,0,56,125,5,186,70,0,70,256
04/08/2013,CHO,VA,AEA,EN,Federal Contract Tower,0,50,14,6,70,0,7,70,4,81,0,57,84,10,151,58,0,58,209
04/09/2013,CHO,VA,AEA,EN,Federal Contract Tower,0,48,14,2,64,0,3,40,4,47,0,51,54,6,111,56,8,64,175
04/10/2013,CHO,VA,AEA,EN,Federal Contract Tower,0,46,22,6,74,0,4,47,4,55,0,50,69,10,129,42,14,56,185
04/11/2013,CHO,VA,AEA,EN,Federal Contract Tower,0,66,32,1,99,0,3,66,6,75,0,69,98,7,174,84,36,120,294
04/12/2013,CHO,VA,AEA,EN,Federal Contract Tower,0,54,31,0,85,0,3,35,1,39,0,57,66,1,124,32,0,32,156
04/13/2013,CHO,VA,AEA,EN,Federal Contract Tower,0,47,29,0,76,0,15,97,2,114,0,62,126,2,190,62,0,62,252
04/14/2013,CHO,VA,AEA,EN,Federal Contract Tower,0,50,41,0,91,0,7,82,6,95,0,57,123,6,186,70,0,70,256
04/15/2013,CHO,VA,AEA,EN,Federal Contract Tower,0,44,31,0,75,0,2,25,0,27,0,46,56,0,102,10,0,10,112
04/16/2013,CHO,VA,AEA,EN,Federal Contract Tower,0,42,25,3,70,0,2,8,0,10,0,44,33,3,80,8,0,8,88
04/17/2013,CHO,VA,AEA,EN,Federal Contract Tower,0,55,24,0,79,0,6,51,2,59,0,61,75,2,138,44,0,44,182
04/18/2013,CHO,VA,AEA,EN,Federal Contract Tower,0,51,40,0,91,0,6,45,2,53,0,57,85,2,144,46,0,46,190
04/19/2013,CHO,VA,AEA,EN,Federal Contract Tower,0,49,21,3,73,0,3,26,0,29,0,52,47,3,102,16,0,16,118
04/20/2013,CHO,VA,AEA,EN,Federal Contract Tower,0,45,30,0,75,0,7,84,0,91,0,52,114,0,166,54,0,54,220
04/21/2013,CHO,VA,AEA,EN,Federal Contract Tower,0,68,36,0,104,0,8,90,0,98,0,76,126,0,202,96,0,96,298
04/22/2013,CHO,VA,AEA,EN,Federal Contract Tower,0,51,32,0,83,0,6,66,2,74,0,57,98,2,157,82,16,98,255
04/23/2013,CHO,VA,AEA,EN,Federal Contract Tower,0,59,39,2,100,0,3,77,5,85,0,62,116,7,185,90,34,124,309
04/24/2013,CHO,VA,AEA,EN,Federal Contract Tower,0,50,31,4,85,0,4,46,2,52,0,54,77,6,137,98,26,124,261
04/25/2013,CHO,VA,AEA,EN,Federal Contract Tower,0,67,55,10,132,0,11,93,6,110,0,78,148,16,242,76,4,80,322
04/26/2013,CHO,VA,AEA,EN,Federal Contract Tower,0,63,46,0,109,0,6,65,2,73,0,69,111,2,182,69,0,69,251
04/27/2013,CHO,VA,AEA,EN,Federal Contract Tower,0,53,36,10,99,0,7,93,4,104,0,60,129,14,203,78,0,78,281
04/28/2013,CHO,VA,AEA,EN,Federal Contract Tower,0,50,31,1,82,0,11,30,0,41,0,61,61,1,123,30,0,30,153
04/29/2013,CHO,VA,AEA,EN,Federal Contract Tower,0,55,17,8,80,0,0,0,0,0,0,55,17,8,80,0,0,0,80
04/30/2013,CHO,VA,AEA,EN,Federal Contract Tower,0,50,33,2,85,0,0,10,0,10,0,50,43,2,95,0,16,16,111
05/01/2013,CHO,VA,AEA,EN,Federal Contract Tower,0,51,33,8,92,0,6,50,4,60,0,57,83,12,152,106,14,120,272
05/02/2013,CHO,VA,AEA,EN,Federal Contract Tower,0,47,24,5,76,0,7,72,8,87,0,54,96,13,163,86,52,138,301
05/03/2013,CHO,VA,AEA,EN,Federal Contract Tower,0,55,27,3,85,0,7,56,0,63,0,62,83,3,148,52,0,52,200
05/04/2013,CHO,VA,AEA,EN,Federal Contract Tower,0,45,40,0,85,0,11,68,5,84,0,56,108,5,169,62,0,62,231
05/05/2013,CHO,VA,AEA,EN,Federal Contract Tower,0,48,17,0,65,0,4,77,0,81,0,52,94,0,146,52,0,52,198
05/06/2013,CHO,VA,AEA,EN,Federal Contract Tower,0,54,40,0,94,0,0,0,0,0,0,54,40,0,94,0,0,0,94
05/07/2013,CHO,VA,AEA,EN,Federal Contract Tower,0,48,23,0,71,0,0,0,0,0,0,48,23,0,71,0,0,0,71
05/08/2013,CHO,VA,AEA,EN,Federal Contract Tower,0,51,34,0,85,0,1,22,0,23,0,52,56,0,108,28,0,28,136
05/09/2013,CHO,VA,AEA,EN,Federal Contract Tower,0,57,36,4,97,0,6,85,6,97,0,63,121,10,194,84,52,136,330
05/10/2013,CHO,VA,AEA,EN,Federal Contract Tower,0,53,39,0,92,0,5,51,0,56,0,58,90,0,148,60,0,60,208
05/11/2013,CHO,VA,AEA,EN,Federal Contract Tower,0,43,27,0,70,0,1,58,0,59,0,44,85,0,129,66,0,66,195
05/12/2013,CHO,VA,AEA,EN,Federal Contract Tower,0,48,38,0,86,0,10,44,0,54,0,58,82,0,140,26,0,26,166
05/13/2013,CHO,VA,AEA,EN,Federal Contract Tower,0,44,18,0,62,0,12,60,0,72,0,56,78,0,134,26,0,26,160
05/14/2013,CHO,VA,AEA,EN,Federal Contract Tower,0,44,15,8,67,0,4,80,0,84,0,48,95,8,151,46,20,66,217
05/15/2013,CHO,VA,AEA,EN,Federal Contract Tower,0,41,25,5,71,0,5,43,6,54,0,46,68,11,125,34,0,34,159
05/16/2013,CHO,VA,AEA,EN,Federal Contract Tower,0,51,21,19,91,0,11,88,4,103,0,62,109,23,194,116,20,136,330
05/17/2013,CHO,VA,AEA,EN,Federal Contract Tower,0,56,40,2,98,0,5,75,4,84,0,61,115,6,182,67,42,109,291
05/18/2013,CHO,VA,AEA,EN,Federal Contract Tower,0,45,28,0,73,0,0,0,0,0,0,45,28,0,73,0,0,0,73
05/19/2013,CHO,VA,AEA,EN,Federal Contract Tower,0,52,32,0,84,0,0,0,0,0,0,52,32,0,84,0,0,0,84
05/20/2013,CHO,VA,AEA,EN,Federal Contract Tower,0,51,25,0,76,0,2,5,0,7,0,53,30,0,83,10,0,10,93
05/21/2013,CHO,VA,AEA,EN,Federal Contract Tower,0,49,47,5,101,0,1,66,0,67,0,50,113,5,168,50,0,50,218
05/22/2013,CHO,VA,AEA,EN,Federal Contract Tower,0,48,28,3,79,0,4,67,2,73,0,52,95,5,152,34,0,34,186
05/23/2013,CHO,VA,AEA,EN,Federal Contract Tower,0,55,31,1,87,0,4,36,0,40,0,59,67,1,127,74,0,74,201
05/24/2013,CHO,VA,AEA,EN,Federal Contract Tower,0,48,30,1,79,0,5,51,0,56,0,53,81,1,135,30,4,34,169
05/25/2013,CHO,VA,AEA,EN,Federal Contract Tower,0,41,28,2,71,0,5,77,2,84,0,46,105,4,155,34,0,34,189
05/26/2013,CHO,VA,AEA,EN,Federal Contract Tower,0,47,26,1,74,0,9,92,0,101,0,56,118,1,175,50,0,50,225
05/27/2013,CHO,VA,AEA,EN,Federal Contract Tower,0,43,23,0,66,0,4,75,2,81,0,47,98,2,147,60,30,90,237
05/28/2013,CHO,VA,AEA,EN,Federal Contract Tower,0,53,13,4,70,0,0,73,3,76,0,53,86,7,146,34,0,34,180
05/29/2013,CHO,VA,AEA,EN,Federal Contract Tower,0,48,31,6,85,0,1,55,3,59,0,49,86,9,144,82,30,112,256
05/30/2013,CHO,VA,AEA,EN,Federal Contract Tower,0,57,39,13,109,0,2,85,6,93,0,59,124,19,202,102,42,144,346
05/31/2013,CHO,VA,AEA,EN,Federal Contract Tower,0,50,30,4,84,0,1,84,2,87,0,51,114,6,171,70,6,76,247
06/01/2013,CHO,VA,AEA,EN,Federal Contract Tower,0,43,27,0,70,0,2,86,0,88,0,45,113,0,158,60,0,60,218
06/02/2013,CHO,VA,AEA,EN,Federal Contract Tower,0,45,24,0,69,0,7,60,0,67,0,52,84,0,136,30,0,30,166
06/03/2013,CHO,VA,AEA,EN,Federal Contract Tower,0,47,19,0,66,0,2,25,0,27,0,49,44,0,93,20,0,20,113
06/04/2013,CHO,VA,AEA,EN,Federal Contract Tower,0,43,27,3,73,0,2,80,2,84,0,45,107,5,157,42,0,42,199
06/05/2013,CHO,VA,AEA,EN,Federal Contract Tower,0,49,18,7,74,0,5,66,1,72,0,54,84,8,146,44,4,48,194
06/06/2013,CHO,VA,AEA,EN,Federal Contract Tower,4,50,20,2,76,0,3,0,0,3,4,53,20,2,79,12,0,12,91
06/07/2013,CHO,VA,AEA,EN,Federal Contract Tower,0,57,39,0,96,0,4,0,0,4,0,61,39,0,100,0,0,0,100
06/08/2013,CHO,VA,AEA,EN,Federal Contract Tower,0,43,18,0,61,0,9,67,0,76,0,52,85,0,137,96,0,96,233
06/09/2013,CHO,VA,AEA,EN,Federal Contract Tower,0,52,25,0,77,0,9,35,5,49,0,61,60,5,126,22,0,22,148
06/10/2013,CHO,VA,AEA,EN,Federal Contract Tower,0,49,12,0,61,0,0,0,0,0,0,49,12,0,61,0,0,0,61
06/11/2013,CHO,VA,AEA,EN,Federal Contract Tower,0,49,22,2,73,0,24,60,0,84,0,73,82,2,157,48,0,48,205
06/12/2013,CHO,VA,AEA,EN,Federal Contract Tower,0,53,28,2,83,0,3,63,3,69,0,56,91,5,152,46,0,46,198
06/13/2013,CHO,VA,AEA,EN,Federal Contract Tower,0,44,32,2,78,0,2,14,0,16,0,46,46,2,94,16,0,16,110
06/14/2013,CHO,VA,AEA,EN,Federal Contract Tower,0,50,40,12,102,0,4,54,0,58,0,54,94,12,160,48,42,90,250
06/15/2013,CHO,VA,AEA,EN,Federal Contract Tower,0,42,25,0,67,0,11,116,0,127,0,53,141,0,194,84,0,84,278
06/16/2013,CHO,VA,AEA,EN,Federal Contract Tower,0,60,31,0,91,0,7,69,0,76,0,67,100,0,167,48,0,48,215
06/17/2013,CHO,VA,AEA,EN,Federal Contract Tower,0,55,21,0,76,0,1,43,2,46,0,56,64,2,122,78,10,88,210
06/18/2013,CHO,VA,AEA,EN,Federal Contract Tower,0,43,11,2,56,0,0,8,0,8,0,43,19,2,64,0,0,0,64
06/19/2013,CHO,VA,AEA,EN,Federal Contract Tower,0,47,27,4,78,0,3,53,10,66,0,50,80,14,144,36,2,38,182
06/20/2013,CHO,VA,AEA,EN,Federal Contract Tower,0,60,35,4,99,0,4,95,4,103,0,64,130,8,202,134,0,134,336
06/21/2013,CHO,VA,AEA,EN,Federal Contract Tower,0,50,25,6,81,0,4,52,3,59,0,54,77,9,140,58,20,78,218
06/22/2013,CHO,VA,AEA,EN,Federal Contract Tower,0,44,31,4,79,0,5,67,0,72,0,49,98,4,151,52,0,52,203
06/23/2013,CHO,VA,AEA,EN,Federal Contract Tower,0,51,21,2,74,0,8,23,0,31,0,59,44,2,105,8,2,10,115
06/24/2013,CHO,VA,AEA,EN,Federal Contract Tower,0,52,13,0,65,0,9,40,0,49,0,61,53,0,114,30,20,50,164
06/25/2013,CHO,VA,AEA,EN,Federal Contract Tower,0,47,22,5,74,0,0,60,3,63,0,47,82,8,137,60,20,80,217
06/26/2013,CHO,VA,AEA,EN,Federal Contract Tower,0,41,21,4,66,0,2,30,0,32,0,43,51,4,98,12,10,22,120
06/27/2013,CHO,VA,AEA,EN,Federal Contract Tower,0,53,32,0,85,0,2,22,0,24,0,55,54,0,109,28,0,28,137
06/28/2013,CHO,VA,AEA,EN,Federal Contract Tower,0,44,23,2,69,0,4,54,0,58,0,48,77,2,127,54,0,54,181
06/29/2013,CHO,VA,AEA,EN,Federal Contract Tower,0,45,26,0,71,0,16,91,0,107,0,61,117,0,178,94,0,94,272
06/30/2013,CHO,VA,AEA,EN,Federal Contract Tower,0,45,21,0,66,0,8,25,0,33,0,53,46,0,99,30,0,30,129
07/01/2013,CHO,VA,AEA,EN,Federal Contract Tower,0,39,20,2,61,0,7,5,0,12,0,46,25,2,73,0,10,10,83
07/02/2013,CHO,VA,AEA,EN,Federal Contract Tower,0,47,20,0,67,0,2,17,0,19,0,49,37,0,86,24,0,24,110
07/03/2013,CHO,VA,AEA,EN,Federal Contract Tower,0,51,29,4,84,0,2,26,8,36,0,53,55,12,120,28,0,28,148
07/04/2013,CHO,VA,AEA,EN,Federal Contract Tower,0,48,31,0,79,0,5,72,0,77,0,53,103,0,156,108,0,108,264
07/05/2013,CHO,VA,AEA,EN,Federal Contract Tower,0,42,31,0,73,0,7,58,8,73,0,49,89,8,146,70,0,70,216
07/06/2013,CHO,VA,AEA,EN,Federal Contract Tower,0,40,20,0,60,0,6,79,0,85,0,46,99,0,145,82,0,82,227
07/07/2013,CHO,VA,AEA,EN,Federal Contract Tower,0,51,28,0,79,0,3,52,0,55,0,54,80,0,134,40,0,40,174
07/08/2013,CHO,VA,AEA,EN,Federal Contract Tower,0,63,28,14,105,0,4,70,6,80,0,67,98,20,185,70,40,110,295
07/09/2013,CHO,VA,AEA,EN,Federal Contract Tower,0,55,21,2,78,0,7,56,2,65,0,62,77,4,143,30,10,40,183
07/10/2013,CHO,VA,AEA,EN,Federal Contract Tower,0,49,30,0,79,0,4,36,4,44,0,53,66,4,123,12,0,12,135
07/11/2013,CHO,VA,AEA,EN,Federal Contract Tower,0,50,34,0,84,0,7,33,0,40,0,57,67,0,124,46,0,46,170
07/12/2013,CHO,VA,AEA,EN,Federal Contract Tower,0,52,40,2,94,0,3,24,0,27,0,55,64,2,121,8,0,8,129
07/13/2013,CHO,VA,AEA,EN,Federal Contract Tower,0,42,25,0,67,0,4,43,0,47,0,46,68,0,114,26,0,26,140
07/14/2013,CHO,VA,AEA,EN,Federal Contract Tower,0,41,28,7,76,0,2,32,0,34,0,43,60,7,110,40,0,40,150
07/15/2013,CHO,VA,AEA,EN,Federal Contract Tower,0,47,25,4,76,0,0,65,0,65,0,47,90,4,141,48,10,58,199
07/16/2013,CHO,VA,AEA,EN,Federal Contract Tower,0,53,21,6,80,0,7,66,2,75,0,60,87,8,155,40,28,68,223
07/17/2013,CHO,VA,AEA,EN,Federal Contract Tower,0,44,16,0,60,0,5,60,3,68,0,49,76,3,128,56,0,56,184
07/18/2013,CHO,VA,AEA,EN,Federal Contract Tower,0,53,37,4,94,0,5,62,4,71,0,58,99,8,165,92,0,92,257
07/19/2013,CHO,VA,AEA,EN,Federal Contract Tower,0,51,28,0,79,0,3,42,0,45,0,54,70,0,124,54,0,54,178
07/20/2013,CHO,VA,AEA,EN,Federal Contract Tower,0,43,19,0,62,0,2,62,2,66,0,45,81,2,128,74,0,74,202
07/21/2013,CHO,VA,AEA,EN,Federal Contract Tower,0,53,25,0,78,0,1,52,2,55,0,54,77,2,133,70,0,70,203
07/22/2013,CHO,VA,AEA,EN,Federal Contract Tower,0,50,21,4,75,0,0,9,0,9,0,50,30,4,84,6,8,14,98
07/23/2013,CHO,VA,AEA,EN,Federal Contract Tower,0,50,23,2,75,0,1,45,10,56,0,51,68,12,131,36,0,36,167
07/24/2013,CHO,VA,AEA,EN,Federal Contract Tower,0,56,32,0,88,0,4,54,4,62,0,60,86,4,150,46,0,46,196
07/25/2013,CHO,VA,AEA,EN,Federal Contract Tower,0,63,40,8,111,0,8,82,9,99,0,71,122,17,210,104,50,154,364
07/26/2013,CHO,VA,AEA,EN,Federal Contract Tower,0,47,30,6,83,0,17,75,4,96,0,64,105,10,179,92,24,116,295
07/27/2013,CHO,VA,AEA,EN,Federal Contract Tower,0,46,15,0,61,0,6,55,0,61,0,52,70,0,122,62,0,62,184
07/28/2013,CHO,VA,AEA,EN,Federal Contract Tower,0,41,24,1,66,0,7,32,0,39,0,48,56,1,105,30,0,30,135
07/29/2013,CHO,VA,AEA,EN,Federal Contract Tower,0,45,16,2,63,0,0,60,0,60,0,45,76,2,123,30,0,30,153
07/30/2013,CHO,VA,AEA,EN,Federal Contract Tower,0,55,29,0,84,0,3,69,5,77,0,58,98,5,161,26,2,28,189
07/31/2013,CHO,VA,AEA,EN,Federal Contract Tower,0,54,34,4,92,0,5,48,2,55,0,59,82,6,147,72,34,106,253
08/01/2013,CHO,VA,AEA,EN,Federal Contract Tower,0,49,31,0,80,0,4,39,1,44,0,53,70,1,124,42,0,42,166
08/02/2013,CHO,VA,AEA,EN,Federal Contract Tower,0,49,33,0,82,0,8,90,3,101,0,57,123,3,183,88,0,88,271
08/03/2013,CHO,VA,AEA,EN,Federal Contract Tower,0,47,29,0,76,0,8,82,0,90,0,55,111,0,166,76,0,76,242
08/04/2013,CHO,VA,AEA,EN,Federal Contract Tower,0,47,35,2,84,0,13,95,0,108,0,60,130,2,192,50,0,50,242
08/05/2013,CHO,VA,AEA,EN,Federal Contract Tower,0,49,22,2,73,0,6,80,2,88,0,55,102,4,161,40,14,54,215
08/06/2013,CHO,VA,AEA,EN,Federal Contract Tower,0,53,32,6,91,0,6,90,0,96,0,59,122,6,187,100,48,148,335
08/07/2013,CHO,VA,AEA,EN,Federal Contract Tower,0,61,59,2,122,0,8,51,4,63,0,69,110,6,185,68,18,86,271
08/08/2013,CHO,VA,AEA,EN,Federal Contract Tower,0,53,39,9,101,0,4,60,4,68,0,57,99,13,169,88,24,112,281
08/09/2013,CHO,VA,AEA,EN,Federal Contract Tower,0,60,34,3,97,0,7,58,0,65,0,67,92,3,162,48,6,54,216
08/10/2013,CHO,VA,AEA,EN,Federal Contract Tower,0,40,23,0,63,0,6,28,0,34,0,46,51,0,97,36,0,36,133
08/11/2013,CHO,VA,AEA,EN,Federal Contract Tower,0,54,35,9,98,0,2,11,0,13,0,56,46,9,111,0,0,0,111
08/12/2013,CHO,VA,AEA,EN,Federal Contract Tower,0,54,12,0,66,0,8,36,2,46,0,62,48,2,112,50,0,50,162
08/13/2013,CHO,VA,AEA,EN,Federal Contract Tower,0,46,25,0,71,0,5,33,0,38,0,51,58,0,109,14,0,14,123
08/14/2013,CHO,VA,AEA,EN,Federal Contract Tower,0,47,16,0,63,0,5,72,0,77,0,52,88,0,140,58,0,58,198
08/15/2013,CHO,VA,AEA,EN,Federal Contract Tower,0,46,30,4,80,0,3,64,2,69,0,49,94,6,149,54,42,96,245
08/16/2013,CHO,VA,AEA,EN,Federal Contract Tower,0,57,31,28,116,0,7,57,14,78,0,64,88,42,194,72,40,112,306
08/17/2013,CHO,VA,AEA,EN,Federal Contract Tower,0,42,32,0,74,0,7,67,0,74,0,49,99,0,148,80,0,80,228
08/18/2013,CHO,VA,AEA,EN,Federal Contract Tower,0,44,34,5,83,0,0,0,0,0,0,44,34,5,83,0,0,0,83
08/19/2013,CHO,VA,AEA,EN,Federal Contract Tower,0,63,28,1,92,0,0,0,1,1,0,63,28,2,93,0,16,16,109
08/20/2013,CHO,VA,AEA,EN,Federal Contract Tower,0,53,31,8,92,0,2,83,10,95,0,55,114,18,187,58,10,68,255
08/21/2013,CHO,VA,AEA,EN,Federal Contract Tower,0,61,39,0,100,0,0,75,3,78,0,61,114,3,178,116,0,116,294
08/22/2013,CHO,VA,AEA,EN,Federal Contract Tower,0,66,34,4,104,0,6,79,0,85,0,72,113,4,189,82,8,90,279
08/23/2013,CHO,VA,AEA,EN,Federal Contract Tower,0,58,36,0,94,0,2,28,0,30,0,60,64,0,124,36,0,36,160
08/24/2013,CHO,VA,AEA,EN,Federal Contract Tower,0,49,33,0,82,0,7,110,0,117,0,56,143,0,199,82,0,82,281
08/25/2013,CHO,VA,AEA,EN,Federal Contract Tower,0,52,24,0,76,0,6,80,0,86,0,58,104,0,162,40,0,40,202
08/26/2013,CHO,VA,AEA,EN,Federal Contract Tower,0,42,16,4,62,0,6,52,4,62,0,48,68,8,124,30,0,30,154
08/27/2013,CHO,VA,AEA,EN,Federal Contract Tower,0,47,22,3,72,0,2,59,5,66,0,49,81,8,138,36,0,36,174
08/28/2013,CHO,VA,AEA,EN,Federal Contract Tower,0,43,27,2,72,0,0,0,0,0,0,43,27,2,72,0,0,0,72
08/29/2013,CHO,VA,AEA,EN,Federal Contract Tower,0,65,38,7,110,0,0,77,2,79,0,65,115,9,189,76,48,124,313
08/30/2013,CHO,VA,AEA,EN,Federal Contract Tower,1,58,33,2,94,0,3,66,4,73,1,61,99,6,167,68,16,84,251
08/31/2013,CHO,VA,AEA,EN,Federal Contract Tower,4,42,25,0,71,0,2,77,0,79,4,44,102,0,150,66,0,66,216
09/01/2013,CHO,VA,AEA,EN,Federal Contract Tower,0,35,18,0,53,0,3,77,0,80,0,38,95,0,133,20,0,20,153
09/02/2013,CHO,VA,AEA,EN,Federal Contract Tower,0,47,12,0,59,0,2,59,0,61,0,49,71,0,120,40,0,40,160
09/03/2013,CHO,VA,AEA,EN,Federal Contract Tower,0,54,35,8,97,0,3,91,2,96,0,57,126,10,193,100,60,160,353
09/04/2013,CHO,VA,AEA,EN,Federal Contract Tower,0,56,40,4,100,0,5,80,1,86,0,61,120,5,186,90,24,114,300
09/05/2013,CHO,VA,AEA,EN,Federal Contract Tower,0,68,51,13,132,0,14,84,8,106,0,82,135,21,238,128,86,214,452
09/06/2013,CHO,VA,AEA,EN,Federal Contract Tower,0,59,36,11,106,0,4,81,6,91,0,63,117,17,197,72,4,76,273
09/07/2013,CHO,VA,AEA,EN,Federal Contract Tower,0,50,32,0,82,0,7,106,0,113,0,57,138,0,195,54,0,54,249
09/08/2013,CHO,VA,AEA,EN,Federal Contract Tower,0,53,30,1,84,0,3,64,0,67,0,56,94,1,151,40,0,40,191
09/09/2013,CHO,VA,AEA,EN,Federal Contract Tower,0,45,22,4,71,0,2,40,0,42,0,47,62,4,113,60,10,70,183
09/10/2013,CHO,VA,AEA,EN,Federal Contract Tower,0,46,26,2,74,0,4,58,4,66,0,50,84,6,140,34,0,34,174
09/11/2013,CHO,VA,AEA,EN,Federal Contract Tower,0,40,25,1,66,0,3,67,3,73,0,43,92,4,139,60,40,100,239
09/12/2013,CHO,VA,AEA,EN,Federal Contract Tower,0,56,40,5,101,0,3,59,0,62,0,59,99,5,163,74,26,100,263
09/13/2013,CHO,VA,AEA,EN,Federal Contract Tower,0,56,47,4,107,0,6,81,4,91,0,62,128,8,198,72,14,86,284
09/14/2013,CHO,VA,AEA,EN,Federal Contract Tower,0,36,25,0,61,0,7,100,0,107,0,43,125,0,168,62,0,62,230
09/15/2013,CHO,VA,AEA,EN,Federal Contract Tower,0,50,29,0,79,0,17,70,0,87,0,67,99,0,166,70,0,70,236
09/16/2013,CHO,VA,AEA,EN,Federal Contract Tower,0,44,26,4,74,0,0,50,7,57,0,44,76,11,131,20,40,60,191
09/17/2013,CHO,VA,AEA,EN,Federal Contract Tower,0,42,25,11,78,0,5,31,0,36,0,47,56,11,114,12,10,22,136
09/18/2013,CHO,VA,AEA,EN,Federal Contract Tower,0,56,41,2,99,0,2,52,4,58,0,58,93,6,157,62,24,86,243
09/19/2013,CHO,VA,AEA,EN,Federal Contract Tower,0,55,31,0,86,0,6,69,4,79,0,61,100,4,165,74,22,96,261
09/20/2013,CHO,VA,AEA,EN,Federal Contract Tower,0,59,39,0,98,0,7,62,0,69,0,66,101,0,167,56,0,56,223
09/21/2013,CHO,VA,AEA,EN,Federal Contract Tower,0,36,8,0,44,0,0,0,0,0,0,36,8,0,44,0,0,0,44
09/22/2013,CHO,VA,AEA,EN,Federal Contract Tower,0,55,29,0,84,0,3,91,0,94,0,58,120,0,178,40,0,40,218
09/23/2013,CHO,VA,AEA,EN,Federal Contract Tower,0,49,18,7,74,0,3,66,4,73,0,52,84,11,147,50,30,80,227
09/24/2013,CHO,VA,AEA,EN,Federal Contract Tower,0,45,24,4,73,0,0,70,2,72,0,45,94,6,145,36,10,46,191
09/25/2013,CHO,VA,AEA,EN,Federal Contract Tower,0,44,34,6,84,0,3,66,2,71,0,47,100,8,155,42,12,54,209
09/26/2013,CHO,VA,AEA,EN,Federal Contract Tower,0,55,30,6,91,0,10,70,4,84,0,65,100,10,175,52,10,62,237
09/27/2013,CHO,VA,AEA,EN,Federal Contract Tower,2,47,52,2,103,0,8,93,3,104,2,55,145,5,207,114,12,126,333
09/28/2013,CHO,VA,AEA,EN,Federal Contract Tower,2,50,18,0,70,0,3,80,0,83,2,53,98,0,153,88,0,88,241
09/29/2013,CHO,VA,AEA,EN,Federal Contract Tower,0,52,39,1,92,0,8,75,0,83,0,60,114,1,175,30,0,30,205
09/30/2013,CHO,VA,AEA,EN,Federal Contract Tower,0,52,13,0,65,0,4,42,0,46,0,56,55,0,111,60,0,60,171
10/01/2013,CHO,VA,AEA,EN,Federal Contract Tower,0,51,16,2,69,0,2,72,2,76,0,53,88,4,145,80,0,80,225
10/02/2013,CHO,VA,AEA,EN,Federal Contract Tower,0,46,27,2,75,0,3,86,0,89,0,49,113,2,164,58,12,70,234
10/03/2013,CHO,VA,AEA,EN,Federal Contract Tower,0,57,43,6,106,0,4,73,6,83,0,61,116,12,189,126,74,200,389
10/04/2013,CHO,VA,AEA,EN,Federal Contract Tower,0,60,39,0,99,0,7,100,4,111,0,67,139,4,210,120,24,144,354
10/05/2013,CHO,VA,AEA,EN,Federal Contract Tower,2,42,37,0,81,0,5,107,0,112,2,47,144,0,193,118,0,118,311
10/06/2013,CHO,VA,AEA,EN,Federal Contract Tower,0,58,34,0,92,0,4,72,8,84,0,62,106,8,176,40,0,40,216
10/07/2013,CHO,VA,AEA,EN,Federal Contract Tower,0,52,17,0,69,0,0,0,0,0,0,52,17,0,69,0,0,0,69
10/08/2013,CHO,VA,AEA,EN,Federal Contract Tower,0,61,35,6,102,0,8,67,4,79,0,69,102,10,181,86,66,152,333
10/09/2013,CHO,VA,AEA,EN,Federal Contract Tower,0,59,46,2,107,0,3,75,4,82,0,62,121,6,189,72,2,74,263
10/10/2013,CHO,VA,AEA,EN,Federal Contract Tower,0,62,38,4,104,0,0,0,0,0,0,62,38,4,104,0,0,0,104
10/11/2013,CHO,VA,AEA,EN,Federal Contract Tower,0,56,34,4,94,0,3,34,12,49,0,59,68,16,143,40,0,40,183
10/12/2013,CHO,VA,AEA,EN,Federal Contract Tower,0,50,12,0,62,0,0,0,0,0,0,50,12,0,62,0,0,0,62
10/13/2013,CHO,VA,AEA,EN,Federal Contract Tower,0,51,25,0,76,0,0,0,0,0,0,51,25,0,76,0,0,0,76
10/14/2013,CHO,VA,AEA,EN,Federal Contract Tower,0,51,35,0,86,0,6,10,0,16,0,57,45,0,102,0,0,0,102
10/15/2013,CHO,VA,AEA,EN,Federal Contract Tower,0,51,44,0,95,0,1,48,2,51,0,52,92,2,146,44,0,44,190
10/16/2013,CHO,VA,AEA,EN,Federal Contract Tower,0,51,30,6,87,0,3,49,2,54,0,54,79,8,141,72,28,100,241
10/17/2013,CHO,VA,AEA,EN,Federal Contract Tower,0,54,48,10,112,0,3,53,0,56,0,57,101,10,168,98,34,132,300
10/18/2013,CHO,VA,AEA,EN,Federal Contract Tower,0,68,44,4,116,0,9,87,4,100,0,77,131,8,216,110,24,134,350
10/19/2013,CHO,VA,AEA,EN,Federal Contract Tower,0,45,37,0,82,0,4,85,0,89,0,49,122,0,171,102,0,102,273
10/20/2013,CHO,VA,AEA,EN,Federal Contract Tower,0,53,44,0,97,0,3,98,0,101,0,56,142,0,198,90,0,90,288
10/21/2013,CHO,VA,AEA,EN,Federal Contract Tower,0,46,28,4,78,0,4,77,0,81,0,50,105,4,159,70,10,80,239
10/22/2013,CHO,VA,AEA,EN,Federal Contract Tower,0,55,30,2,87,0,3,63,0,66,0,58,93,2,153,12,20,32,185
10/23/2013,CHO,VA,AEA,EN,Federal Contract Tower,0,51,32,6,89,0,5,42,2,49,0,56,74,8,138,56,0,56,194
10/24/2013,CHO,VA,AEA,EN,Federal Contract Tower,0,73,58,8,139,0,11,79,10,100,0,84,137,18,239,144,42,186,425
10/25/2013,CHO,VA,AEA,EN,Federal Contract Tower,2,69,52,10,133,0,5,96,2,103,2,74,148,12,236,128,28,156,392
10/26/2013,CHO,VA,AEA,EN,Federal Contract Tower,2,57,34,2,95,0,5,84,4,93,2,62,118,6,188,56,16,72,260
10/27/2013,CHO,VA,AEA,EN,Federal Contract Tower,0,63,31,2,96,0,5,100,0,105,0,68,131,2,201,20,0,20,221
10/28/2013,CHO,VA,AEA,EN,Federal Contract Tower,0,49,31,3,83,0,5,50,16,71,0,54,81,19,154,60,40,100,254
10/29/2013,CHO,VA,AEA,EN,Federal Contract Tower,0,59,24,9,92,0,3,62,2,67,0,62,86,11,159,38,38,76,235
10/30/2013,CHO,VA,AEA,EN,Federal Contract Tower,0,53,45,6,104,0,4,72,2,78,0,57,117,8,182,90,26,116,298
10/31/2013,CHO,VA,AEA,EN,Federal Contract Tower,0,53,33,7,93,0,5,36,0,41,0,58,69,7,134,32,0,32,166
11/01/2013,CHO,VA,AEA,EN,Federal Contract Tower,2,63,50,0,115,0,7,85,0,92,2,70,135,0,207,86,0,86,293
11/02/2013,CHO,VA,AEA,EN,Federal Contract Tower,2,46,51,0,99,0,11,87,10,108,2,57,138,10,207,76,0,76,283
11/03/2013,CHO,VA,AEA,EN,Federal Contract Tower,0,52,33,0,85,0,5,50,0,55,0,57,83,0,140,30,0,30,170
11/04/2013,CHO,VA,AEA,EN,Federal Contract Tower,0,54,32,1,87,0,3,70,0,73,0,57,102,1,160,60,0,60,220
11/05/2013,CHO,VA,AEA,EN,Federal Contract Tower,0,49,34,6,89,0,0,46,4,50,0,49,80,10,139,20,12,32,171
11/06/2013,CHO,VA,AEA,EN,Federal Contract Tower,0,55,29,4,88,0,4,84,6,94,0,59,113,10,182,128,16,144,326
11/07/2013,CHO,VA,AEA,EN,Federal Contract Tower,0,72,51,4,127,0,8,66,4,78,0,80,117,8,205,92,42,134,339
11/08/2013,CHO,VA,AEA,EN,Federal Contract Tower,0,63,38,15,116,0,7,74,2,83,0,70,112,17,199,64,46,110,309
11/09/2013,CHO,VA,AEA,EN,Federal Contract Tower,0,49,35,0,84,0,6,81,0,87,0,55,116,0,171,78,0,78,249
11/10/2013,CHO,VA,AEA,EN,Federal Contract Tower,0,58,32,0,90,0,5,67,0,72,0,63,99,0,162,20,0,20,182
11/11/2013,CHO,VA,AEA,EN,Federal Contract Tower,0,49,22,0,71,0,4,80,0,84,0,53,102,0,155,20,0,20,175
11/12/2013,CHO,VA,AEA,EN,Federal Contract Tower,0,47,10,0,57,0,0,3,2,5,0,47,13,2,62,0,0,0,62
11/13/2013,CHO,VA,AEA,EN,Federal Contract Tower,0,55,36,6,97,0,10,67,2,79,0,65,103,8,176,90,0,90,266
11/14/2013,CHO,VA,AEA,EN,Federal Contract Tower,0,72,45,8,125,0,3,78,4,85,0,75,123,12,210,88,70,158,368
11/15/2013,CHO,VA,AEA,EN,Federal Contract Tower,0,63,53,8,124,0,5,77,4,86,0,68,130,12,210,74,36,110,320
11/16/2013,CHO,VA,AEA,EN,Federal Contract Tower,0,42,25,0,67,0,2,12,0,14,0,44,37,0,81,46,0,46,127
11/17/2013,CHO,VA,AEA,EN,Federal Contract Tower,0,42,20,8,70,0,0,0,0,0,0,42,20,8,70,0,0,0,70
11/18/2013,CHO,VA,AEA,EN,Federal Contract Tower,0,50,13,4,67,0,5,14,2,21,0,55,27,6,88,0,0,0,88
11/19/2013,CHO,VA,AEA,EN,Federal Contract Tower,0,46,17,2,65,0,4,26,3,33,0,50,43,5,98,20,0,20,118
11/20/2013,CHO,VA,AEA,EN,Federal Contract Tower,0,50,8,5,63,0,3,67,2,72,0,53,75,7,135,52,30,82,217
11/21/2013,CHO,VA,AEA,EN,Federal Contract Tower,2,60,29,6,97,0,3,54,4,61,2,63,83,10,158,94,46,140,298
11/22/2013,CHO,VA,AEA,EN,Federal Contract Tower,2,71,53,2,128,0,5,71,2,78,2,76,124,4,206,82,22,104,310
11/23/2013,CHO,VA,AEA,EN,Federal Contract Tower,2,48,23,0,73,0,11,56,4,71,2,59,79,4,144,98,0,98,242
11/24/2013,CHO,VA,AEA,EN,Federal Contract Tower,0,48,15,0,63,0,7,11,0,18,0,55,26,0,81,10,0,10,91
11/25/2013,CHO,VA,AEA,EN,Federal Contract Tower,0,53,29,2,84,0,10,65,0,75,0,63,94,2,159,40,0,40,199
11/26/2013,CHO,VA,AEA,EN,Federal Contract Tower,0,51,17,0,68,0,0,0,0,0,0,51,17,0,68,0,0,0,68
11/27/2013,CHO,VA,AEA,EN,Federal Contract Tower,0,56,28,0,84,0,0,0,0,0,0,56,28,0,84,0,0,0,84
11/28/2013,CHO,VA,AEA,EN,Federal Contract Tower,2,27,11,0,40,0,3,11,0,14,2,30,22,0,54,36,0,36,90
11/29/2013,CHO,VA,AEA,EN,Federal Contract Tower,0,35,21,0,56,0,9,67,0,76,0,44,88,0,132,80,0,80,212
11/30/2013,CHO,VA,AEA,EN,Federal Contract Tower,0,55,39,0,94,0,6,71,0,77,0,61,110,0,171,54,0,54,225
12/01/2013,CHO,VA,AEA,EN,Federal Contract Tower,0,66,46,0,112,0,9,82,0,91,0,75,128,0,203,30,0,30,233
12/02/2013,CHO,VA,AEA,EN,Federal Contract Tower,0,60,22,0,82,0,4,65,2,71,0,64,87,2,153,42,10,52,205
12/03/2013,CHO,VA,AEA,EN,Federal Contract Tower,0,48,9,2,59,0,2,60,3,65,0,50,69,5,124,40,0,40,164
12/04/2013,CHO,VA,AEA,EN,Federal Contract Tower,0,57,35,6,98,0,6,36,0,42,0,63,71,6,140,68,0,68,208
12/05/2013,CHO,VA,AEA,EN,Federal Contract Tower,2,52,27,1,82,0,2,19,0,21,2,54,46,1,103,16,0,16,119
12/06/2013,CHO,VA,AEA,EN,Federal Contract Tower,0,50,27,0,77,0,0,0,0,0,0,50,27,0,77,0,0,0,77
12/07/2013,CHO,VA,AEA,EN,Federal Contract Tower,0,42,20,2,64,0,2,80,2,84,0,44,100,4,148,64,10,74,222
12/08/2013,CHO,VA,AEA,EN,Federal Contract Tower,0,27,4,0,31,0,0,0,0,0,0,27,4,0,31,0,0,0,31
12/09/2013,CHO,VA,AEA,EN,Federal Contract Tower,0,30,13,0,43,0,0,0,0,0,0,30,13,0,43,0,0,0,43
12/10/2013,CHO,VA,AEA,EN,Federal Contract Tower,0,39,9,0,48,0,0,0,0,0,0,39,9,0,48,0,0,0,48
12/11/2013,CHO,VA,AEA,EN,Federal Contract Tower,0,47,23,4,74,0,3,65,0,68,0,50,88,4,142,68,10,78,220
12/12/2013,CHO,VA,AEA,EN,Federal Contract Tower,2,58,34,13,107,0,9,72,4,85,2,67,106,17,192,94,44,138,330
12/13/2013,CHO,VA,AEA,EN,Federal Contract Tower,0,52,30,0,82,0,3,77,0,80,0,55,107,0,162,92,0,92,254
12/14/2013,CHO,VA,AEA,EN,Federal Contract Tower,0,37,13,0,50,0,1,15,0,16,0,38,28,0,66,22,0,22,88
12/15/2013,CHO,VA,AEA,EN,Federal Contract Tower,0,48,25,0,73,0,5,47,0,52,0,53,72,0,125,50,0,50,175
12/16/2013,CHO,VA,AEA,EN,Federal Contract Tower,0,40,28,24,92,0,0,51,4,55,0,40,79,28,147,42,10,52,199
12/17/2013,CHO,VA,AEA,EN,Federal Contract Tower,0,39,24,0,63,0,3,58,2,63,0,42,82,2,126,70,0,70,196
12/18/2013,CHO,VA,AEA,EN,Federal Contract Tower,0,37,18,6,61,0,5,53,0,58,0,42,71,6,119,20,10,30,149
12/19/2013,CHO,VA,AEA,EN,Federal Contract Tower,2,52,24,8,86,0,4,62,2,68,2,56,86,10,154,60,30,90,244
12/20/2013,CHO,VA,AEA,EN,Federal Contract Tower,0,58,44,0,102,0,2,65,8,75,0,60,109,8,177,82,40,122,299
12/21/2013,CHO,VA,AEA,EN,Federal Contract Tower,0,50,25,0,75,0,4,62,0,66,0,54,87,0,141,68,0,68,209
12/22/2013,CHO,VA,AEA,EN,Federal Contract Tower,0,50,11,0,61,0,1,0,0,1,0,51,11,0,62,0,0,0,62
12/23/2013,CHO,VA,AEA,EN,Federal Contract Tower,0,48,22,2,72,0,6,1,0,7,0,54,23,2,79,0,0,0,79
12/24/2013,CHO,VA,AEA,EN,Federal Contract Tower,0,26,9,0,35,0,0,44,0,44,0,26,53,0,79,40,0,40,119
12/25/2013,CHO,VA,AEA,EN,Federal Contract Tower,0,29,11,0,40,0,6,18,0,24,0,35,29,0,64,0,0,0,64
12/26/2013,CHO,VA,AEA,EN,Federal Contract Tower,2,49,32,0,83,0,3,58,0,61,2,52,90,0,144,60,0,60,204
12/27/2013,CHO,VA,AEA,EN,Federal Contract Tower,0,52,21,7,80,0,3,75,2,80,0,55,96,9,160,68,14,82,242
12/28/2013,CHO,VA,AEA,EN,Federal Contract Tower,0,50,40,0,90,0,5,108,0,113,0,55,148,0,203,138,0,138,341
12/29/2013,CHO,VA,AEA,EN,Federal Contract Tower,2,43,12,0,57,0,0,0,0,0,2,43,12,0,57,0,0,0,57
12/30/2013,CHO,VA,AEA,EN,Federal Contract Tower,0,48,14,4,66,0,7,60,2,69,0,55,74,6,135,40,32,72,207
12/31/2013,CHO,VA,AEA,EN,Federal Contract Tower,0,41,23,0,64,0,6,33,2,41,0,47,56,2,105,58,12,70,175
01/01/2014,CHO,VA,AEA,EN,Federal Contract Tower,0,41,23,0,64,0,4,35,0,39,0,45,58,0,103,72,0,72,175
01/02/2014,CHO,VA,AEA,EN,Federal Contract Tower,2,41,27,2,72,0,3,31,0,34,2,44,58,2,106,42,0,42,148
01/03/2014,CHO,VA,AEA,EN,Federal Contract Tower,0,35,17,0,52,0,3,9,0,12,0,38,26,0,64,0,0,0,64
01/04/2014,CHO,VA,AEA,EN,Federal Contract Tower,0,40,25,0,65,0,2,70,0,72,0,42,95,0,137,64,0,64,201
01/05/2014,CHO,VA,AEA,EN,Federal Contract Tower,0,39,15,0,54,0,1,8,0,9,0,40,23,0,63,10,0,10,73
01/06/2014,CHO,VA,AEA,EN,Federal Contract Tower,0,39,12,5,56,0,6,5,0,11,0,45,17,5,67,0,50,50,117
01/07/2014,CHO,VA,AEA,EN,Federal Contract Tower,0,35,6,6,47,0,2,9,2,13,0,37,15,8,60,0,0,0,60
01/08/2014,CHO,VA,AEA,EN,Federal Contract Tower,0,41,12,6,59,0,2,58,0,60,0,43,70,6,119,42,10,52,171
01/09/2014,CHO,VA,AEA,EN,Federal Contract Tower,2,43,27,0,72,0,3,51,0,54,2,46,78,0,126,70,0,70,196
01/10/2014,CHO,VA,AEA,EN,Federal Contract Tower,0,37,17,0,54,0,0,17,0,17,0,37,34,0,71,18,0,18,89
01/11/2014,CHO,VA,AEA,EN,Federal Contract Tower,0,38,10,0,48,0,0,0,0,0,0,38,10,0,48,0,0,0,48
01/12/2014,CHO,VA,AEA,EN,Federal Contract Tower,0,49,18,2,69,0,7,55,0,62,0,56,73,2,131,50,0,50,181
01/13/2014,CHO,VA,AEA,EN,Federal Contract Tower,0,44,15,4,63,0,0,30,2,32,0,44,45,6,95,50,3,53,148
01/14/2014,CHO,VA,AEA,EN,Federal Contract Tower,0,47,19,5,71,0,1,23,0,24,0,48,42,5,95,10,22,32,127
01/15/2014,CHO,VA,AEA,EN,Federal Contract Tower,0,43,26,6,75,0,6,30,2,38,0,49,56,8,113,22,10,32,145
01/16/2014,CHO,VA,AEA,EN,Federal Contract Tower,2,49,46,6,103,0,1,100,6,107,2,50,146,12,210,112,12,124,334
01/17/2014,CHO,VA,AEA,EN,Federal Contract Tower,0,51,38,2,91,0,6,75,4,85,0,57,113,6,176,90,18,108,284
01/18/2014,CHO,VA,AEA,EN,Federal Contract Tower,0,43,35,2,80,0,10,63,4,77,0,53,98,6,157,66,0,66,223
01/19/2014,CHO,VA,AEA,EN,Federal Contract Tower,2,50,18,0,70,0,14,52,0,66,2,64,70,0,136,50,0,50,186
01/20/2014,CHO,VA,AEA,EN,Federal Contract Tower,0,47,36,0,83,0,4,35,0,39,0,51,71,0,122,0,0,0,122
01/21/2014,CHO,VA,AEA,EN,Federal Contract Tower,0,34,13,0,47,0,1,3,0,4,0,35,16,0,51,0,0,0,51
01/22/2014,CHO,VA,AEA,EN,Federal Contract Tower,0,39,26,0,65,0,7,41,2,50,0,46,67,2,115,34,0,34,149
01/23/2014,CHO,VA,AEA,EN,Federal Contract Tower,0,48,38,6,92,0,14,49,0,63,0,62,87,6,155,60,30,90,245
01/24/2014,CHO,VA,AEA,EN,Federal Contract Tower,0,55,47,8,110,0,10,82,10,102,0,65,129,18,212,86,24,110,322
01/25/2014,CHO,VA,AEA,EN,Federal Contract Tower,0,44,23,0,67,0,7,38,0,45,0,51,61,0,112,44,0,44,156
01/26/2014,CHO,VA,AEA,EN,Federal Contract Tower,2,53,28,0,83,0,2,60,0,62,2,55,88,0,145,70,0,70,215
01/27/2014,CHO,VA,AEA,EN,Federal Contract Tower,0,42,17,4,63,0,6,45,2,53,0,48,62,6,116,20,0,20,136
01/28/2014,CHO,VA,AEA,EN,Federal Contract Tower,0,31,14,0,45,0,0,31,0,31,0,31,45,0,76,10,0,10,86
01/29/2014,CHO,VA,AEA,EN,Federal Contract Tower,0,41,19,6,66,0,2,31,4,37,0,43,50,10,103,38,16,54,157
01/30/2014,CHO,VA,AEA,EN,Federal Contract Tower,2,51,30,4,87,0,7,63,5,75,2,58,93,9,162,88,10,98,260
01/31/2014,CHO,VA,AEA,EN,Federal Contract Tower,0,44,34,4,82,0,8,76,4,88,0,52,110,8,170,86,32,118,288
02/01/2014,CHO,VA,AEA,EN,Federal Contract Tower,0,51,40,4,95,0,19,94,8,121,0,70,134,12,216,108,4,112,328
02/02/2014,CHO,VA,AEA,EN,Federal Contract Tower,2,46,40,0,88,0,11,70,0,81,2,57,110,0,169,30,0,30,199
02/03/2014,CHO,VA,AEA,EN,Federal Contract Tower,0,47,27,0,74,0,2,0,0,2,0,49,27,0,76,0,0,0,76
02/04/2014,CHO,VA,AEA,EN,Federal Contract Tower,0,36,11,0,47,0,1,5,0,6,0,37,16,0,53,0,0,0,53
02/05/2014,CHO,VA,AEA,EN,Federal Contract Tower,0,34,11,16,61,0,3,22,0,25,0,37,33,16,86,28,0,28,114
02/06/2014,CHO,VA,AEA,EN,Federal Contract Tower,1,51,30,3,85,0,7,61,6,74,1,58,91,9,159,62,22,84,243
02/07/2014,CHO,VA,AEA,EN,Federal Contract Tower,0,56,48,7,111,0,6,80,11,97,0,62,128,18,208,80,61,141,349
02/08/2014,CHO,VA,AEA,EN,Federal Contract Tower,0,38,16,0,54,0,4,48,0,52,0,42,64,0,106,70,0,70,176
02/09/2014,CHO,VA,AEA,EN,Federal Contract Tower,2,50,27,7,86,0,5,26,9,40,2,55,53,16,126,16,14,30,156
02/10/2014,CHO,VA,AEA,EN,Federal Contract Tower,0,44,26,6,76,0,3,27,11,41,0,47,53,17,117,0,0,0,117
02/11/2014,CHO,VA,AEA,EN,Federal Contract Tower,0,50,28,7,85,0,2,50,7,59,0,52,78,14,144,52,20,72,216
02/12/2014,CHO,VA,AEA,EN,Federal Contract Tower,0,24,15,10,49,0,3,27,0,30,0,27,42,10,79,12,0,12,91
02/13/2014,CHO,VA,AEA,EN,Federal Contract Tower,0,0,0,0,0,0,0,0,0,0,0,0,0,0,0,0,0,0,0
02/14/2014,CHO,VA,AEA,EN,Federal Contract Tower,0,49,26,4,79,0,4,39,0,43,0,53,65,4,122,44,46,90,212
02/15/2014,CHO,VA,AEA,EN,Federal Contract Tower,0,35,16,0,51,0,2,2,0,4,0,37,18,0,55,0,0,0,55
02/16/2014,CHO,VA,AEA,EN,Federal Contract Tower,0,43,28,0,71,0,12,50,0,62,0,55,78,0,133,50,0,50,183
02/17/2014,CHO,VA,AEA,EN,Federal Contract Tower,0,43,25,2,70,0,0,75,2,77,0,43,100,4,147,90,0,90,237
02/18/2014,CHO,VA,AEA,EN,Federal Contract Tower,0,49,13,2,64,0,3,62,10,75,0,52,75,12,139,46,20,66,205
02/19/2014,CHO,VA,AEA,EN,Federal Contract Tower,0,50,23,2,75,0,2,40,2,44,0,52,63,4,119,42,4,46,165
02/20/2014,CHO,VA,AEA,EN,Federal Contract Tower,2,55,29,6,92,0,5,55,2,62,2,60,84,8,154,84,12,96,250
02/21/2014,CHO,VA,AEA,EN,Federal Contract Tower,0,51,39,1,91,0,2,40,0,42,0,53,79,1,133,72,0,72,205
02/22/2014,CHO,VA,AEA,EN,Federal Contract Tower,0,37,38,0,75,0,16,80,0,96,0,53,118,0,171,92,0,92,263
02/23/2014,CHO,VA,AEA,EN,Federal Contract Tower,2,45,22,1,70,0,10,60,2,72,2,55,82,3,142,40,0,40,182
02/24/2014,CHO,VA,AEA,EN,Federal Contract Tower,0,40,15,4,59,0,13,27,0,40,0,53,42,4,99,14,26,40,139
02/25/2014,CHO,VA,AEA,EN,Federal Contract Tower,0,39,20,11,70,0,0,45,0,45,0,39,65,11,115,50,24,74,189
02/26/2014,CHO,VA,AEA,EN,Federal Contract Tower,0,47,26,3,76,0,2,36,0,38,0,49,62,3,114,28,0,28,142
02/27/2014,CHO,VA,AEA,EN,Federal Contract Tower,0,46,36,8,90,0,10,33,2,45,0,56,69,10,135,60,10,70,205
02/28/2014,CHO,VA,AEA,EN,Federal Contract Tower,0,56,32,16,104,0,18,88,2,108,0,74,120,18,212,112,34,146,358
03/01/2014,CHO,VA,AEA,EN,Federal Contract Tower,2,51,54,1,108,0,17,95,0,112,2,68,149,1,220,88,0,88,308
03/02/2014,CHO,VA,AEA,EN,Federal Contract Tower,0,55,24,0,79,0,9,31,0,40,0,64,55,0,119,46,0,46,165
03/03/2014,CHO,VA,AEA,EN,Federal Contract Tower,0,23,1,0,24,0,2,0,0,2,0,25,1,0,26,0,0,0,26
03/04/2014,CHO,VA,AEA,EN,Federal Contract Tower,0,44,19,0,63,0,3,8,0,11,0,47,27,0,74,0,0,0,74
03/05/2014,CHO,VA,AEA,EN,Federal Contract Tower,0,41,22,2,65,0,4,71,1,76,0,45,93,3,141,30,18,48,189
03/06/2014,CHO,VA,AEA,EN,Federal Contract Tower,0,45,29,11,85,0,11,69,9,89,0,56,98,20,174,84,70,154,328
03/07/2014,CHO,VA,AEA,EN,Federal Contract Tower,0,55,38,0,93,0,6,32,0,38,0,61,70,0,131,34,0,34,165
03/08/2014,CHO,VA,AEA,EN,Federal Contract Tower,0,49,36,2,87,0,15,81,0,96,0,64,117,2,183,94,24,118,301
03/09/2014,CHO,VA,AEA,EN,Federal Contract Tower,0,40,24,0,64,0,9,60,0,69,0,49,84,0,133,50,0,50,183
03/10/2014,CHO,VA,AEA,EN,Federal Contract Tower,0,49,20,8,77,0,5,65,2,72,0,54,85,10,149,70,40,110,259
03/11/2014,CHO,VA,AEA,EN,Federal Contract Tower,0,49,12,0,61,0,3,65,2,70,0,52,77,2,131,40,0,40,171
03/12/2014,CHO,VA,AEA,EN,Federal Contract Tower,0,40,18,2,60,0,0,2,2,4,0,40,20,4,64,0,10,10,74
03/13/2014,CHO,VA,AEA,EN,Federal Contract Tower,0,56,35,4,95,0,3,35,0,38,0,59,70,4,133,34,12,46,179
03/14/2014,CHO,VA,AEA,EN,Federal Contract Tower,0,47,33,2,82,0,7,46,6,59,0,54,79,8,141,48,0,48,189
03/15/2014,CHO,VA,AEA,EN,Federal Contract Tower,0,53,23,2,78,0,3,71,0,74,0,56,94,2,152,54,0,54,206
03/16/2014,CHO,VA,AEA,EN,Federal Contract Tower,0,49,36,0,85,0,3,40,0,43,0,52,76,0,128,60,0,60,188
03/17/2014,CHO,VA,AEA,EN,Federal Contract Tower,0,42,9,0,51,0,0,0,0,0,0,42,9,0,51,0,0,0,51
03/18/2014,CHO,VA,AEA,EN,Federal Contract Tower,0,49,32,4,85,0,0,42,5,47,0,49,74,9,132,76,0,76,208
03/19/2014,CHO,VA,AEA,EN,Federal Contract Tower,0,44,12,6,62,0,0,0,0,0,0,44,12,6,62,0,0,0,62
03/20/2014,CHO,VA,AEA,EN,Federal Contract Tower,0,53,33,4,90,0,11,70,4,85,0,64,103,8,175,94,28,122,297
03/21/2014,CHO,VA,AEA,EN,Federal Contract Tower,0,61,38,6,105,0,15,102,4,121,0,76,140,10,226,216,44,260,486
03/22/2014,CHO,VA,AEA,EN,Federal Contract Tower,0,47,29,0,76,0,12,76,0,88,0,59,105,0,164,68,0,68,232
03/23/2014,CHO,VA,AEA,EN,Federal Contract Tower,0,51,51,0,102,0,4,60,0,64,0,55,111,0,166,60,0,60,226
03/24/2014,CHO,VA,AEA,EN,Federal Contract Tower,0,48,19,5,72,0,6,65,3,74,0,54,84,8,146,80,10,90,236
03/25/2014,CHO,VA,AEA,EN,Federal Contract Tower,0,42,11,0,53,0,0,0,0,0,0,42,11,0,53,0,0,0,53
03/26/2014,CHO,VA,AEA,EN,Federal Contract Tower,0,47,16,4,67,0,4,30,0,34,0,51,46,4,101,46,10,56,157
03/27/2014,CHO,VA,AEA,EN,Federal Contract Tower,0,49,36,4,89,0,9,81,5,95,0,58,117,9,184,126,48,174,358
03/28/2014,CHO,VA,AEA,EN,Federal Contract Tower,0,49,44,2,95,0,11,46,0,57,0,60,90,2,152,30,8,38,190
03/29/2014,CHO,VA,AEA,EN,Federal Contract Tower,0,51,23,0,74,0,0,0,0,0,0,51,23,0,74,0,0,0,74
03/30/2014,CHO,VA,AEA,EN,Federal Contract Tower,0,53,25,0,78,0,3,7,0,10,0,56,32,0,88,8,0,8,96
03/31/2014,CHO,VA,AEA,EN,Federal Contract Tower,0,48,11,4,63,0,5,51,7,63,0,53,62,11,126,22,14,36,162
04/01/2014,CHO,VA,AEA,EN,Federal Contract Tower,0,51,18,6,75,0,1,59,0,60,0,52,77,6,135,70,6,76,211
04/02/2014,CHO,VA,AEA,EN,Federal Contract Tower,0,56,38,6,100,0,7,70,6,83,0,63,108,12,183,62,28,90,273
04/03/2014,CHO,VA,AEA,EN,Federal Contract Tower,0,54,40,8,102,0,9,77,4,90,0,63,117,12,192,130,74,204,396
04/04/2014,CHO,VA,AEA,EN,Federal Contract Tower,1,58,49,2,110,0,9,54,6,69,1,67,103,8,179,42,0,42,221
04/05/2014,CHO,VA,AEA,EN,Federal Contract Tower,0,45,32,2,79,0,14,65,0,79,0,59,97,2,158,56,0,56,214
04/06/2014,CHO,VA,AEA,EN,Federal Contract Tower,0,56,46,0,102,0,6,105,0,111,0,62,151,0,213,80,0,80,293
04/07/2014,CHO,VA,AEA,EN,Federal Contract Tower,0,43,15,0,58,0,0,0,0,0,0,43,15,0,58,0,0,0,58
04/08/2014,CHO,VA,AEA,EN,Federal Contract Tower,0,52,32,4,88,0,1,29,0,30,0,53,61,4,118,20,28,48,166
04/09/2014,CHO,VA,AEA,EN,Federal Contract Tower,0,54,31,2,87,0,6,73,11,90,0,60,104,13,177,44,6,50,227
04/10/2014,CHO,VA,AEA,EN,Federal Contract Tower,0,65,57,4,126,0,10,93,1,104,0,75,150,5,230,128,28,156,386
04/11/2014,CHO,VA,AEA,EN,Federal Contract Tower,0,82,61,0,143,0,7,89,6,102,0,89,150,6,245,132,34,166,411
04/12/2014,CHO,VA,AEA,EN,Federal Contract Tower,0,50,34,3,87,0,13,73,1,87,0,63,107,4,174,72,0,72,246
04/13/2014,CHO,VA,AEA,EN,Federal Contract Tower,0,59,38,0,97,0,12,70,0,82,0,71,108,0,179,60,0,60,239
04/14/2014,CHO,VA,AEA,EN,Federal Contract Tower,0,56,20,8,84,0,5,15,2,22,0,61,35,10,106,0,50,50,156
04/15/2014,CHO,VA,AEA,EN,Federal Contract Tower,0,48,12,2,62,0,0,4,0,4,0,48,16,2,66,16,10,26,92
04/16/2014,CHO,VA,AEA,EN,Federal Contract Tower,0,73,26,0,99,0,5,72,4,81,0,78,98,4,180,54,0,54,234
04/17/2014,CHO,VA,AEA,EN,Federal Contract Tower,0,65,44,6,115,0,22,101,6,129,0,87,145,12,244,132,44,176,420
04/18/2014,CHO,VA,AEA,EN,Federal Contract Tower,0,55,37,2,94,0,10,82,4,96,0,65,119,6,190,140,4,144,334
04/19/2014,CHO,VA,AEA,EN,Federal Contract Tower,0,47,37,8,92,0,13,86,0,99,0,60,123,8,191,78,0,78,269
04/20/2014,CHO,VA,AEA,EN,Federal Contract Tower,0,63,28,0,91,0,15,74,0,89,0,78,102,0,180,80,0,80,260
04/21/2014,CHO,VA,AEA,EN,Federal Contract Tower,0,56,32,6,94,0,3,72,4,79,0,59,104,10,173,90,28,118,291
04/22/2014,CHO,VA,AEA,EN,Federal Contract Tower,0,52,26,1,79,0,2,39,1,42,0,54,65,2,121,40,0,40,161
04/23/2014,CHO,VA,AEA,EN,Federal Contract Tower,0,48,19,6,73,0,4,26,2,32,0,52,45,8,105,14,8,22,127
04/24/2014,CHO,VA,AEA,EN,Federal Contract Tower,0,75,62,8,145,0,15,136,10,161,0,90,198,18,306,120,70,190,496
04/25/2014,CHO,VA,AEA,EN,Federal Contract Tower,0,67,41,0,108,0,3,40,0,43,0,70,81,0,151,42,0,42,193
04/26/2014,CHO,VA,AEA,EN,Federal Contract Tower,0,47,27,0,74,0,11,73,0,84,0,58,100,0,158,74,0,74,232
04/27/2014,CHO,VA,AEA,EN,Federal Contract Tower,0,66,37,1,104,0,10,86,1,97,0,76,123,2,201,100,0,100,301
04/28/2014,CHO,VA,AEA,EN,Federal Contract Tower,0,53,21,6,80,0,7,30,0,37,0,60,51,6,117,30,10,40,157
04/29/2014,CHO,VA,AEA,EN,Federal Contract Tower,0,50,5,0,55,0,0,0,0,0,0,50,5,0,55,0,0,0,55
04/30/2014,CHO,VA,AEA,EN,Federal Contract Tower,0,51,10,0,61,0,0,0,0,0,0,51,10,0,61,0,0,0,61
05/01/2014,CHO,VA,AEA,EN,Federal Contract Tower,0,53,43,4,100,0,8,78,9,95,0,61,121,13,195,124,46,170,365
05/02/2014,CHO,VA,AEA,EN,Federal Contract Tower,0,48,38,2,88,0,10,77,2,89,0,58,115,4,177,90,24,114,291
05/03/2014,CHO,VA,AEA,EN,Federal Contract Tower,0,42,32,0,74,0,13,81,0,94,0,55,113,0,168,62,0,62,230
05/04/2014,CHO,VA,AEA,EN,Federal Contract Tower,0,44,22,0,66,0,12,40,0,52,0,56,62,0,118,44,0,44,162
05/05/2014,CHO,VA,AEA,EN,Federal Contract Tower,0,48,23,1,72,0,9,41,13,63,0,57,64,14,135,66,10,76,211
05/06/2014,CHO,VA,AEA,EN,Federal Contract Tower,0,43,20,0,63,0,1,86,4,91,0,44,106,4,154,56,0,56,210
05/07/2014,CHO,VA,AEA,EN,Federal Contract Tower,0,55,34,2,91,0,5,67,0,72,0,60,101,2,163,70,22,92,255
05/08/2014,CHO,VA,AEA,EN,Federal Contract Tower,0,63,46,4,113,0,9,82,2,93,0,72,128,6,206,150,26,176,382
05/09/2014,CHO,VA,AEA,EN,Federal Contract Tower,0,67,75,2,144,0,15,103,2,120,0,82,178,4,264,170,22,192,456
05/10/2014,CHO,VA,AEA,EN,Federal Contract Tower,0,53,27,4,84,0,3,80,0,83,0,56,107,4,167,78,0,78,245
05/11/2014,CHO,VA,AEA,EN,Federal Contract Tower,0,59,25,0,84,0,12,80,0,92,0,71,105,0,176,70,0,70,246
05/12/2014,CHO,VA,AEA,EN,Federal Contract Tower,0,53,27,2,82,0,4,50,4,58,0,57,77,6,140,40,30,70,210
05/13/2014,CHO,VA,AEA,EN,Federal Contract Tower,0,52,23,2,77,0,4,65,2,71,0,56,88,4,148,48,20,68,216
05/14/2014,CHO,VA,AEA,EN,Federal Contract Tower,0,44,33,10,87,0,0,0,0,0,0,44,33,10,87,0,0,0,87
05/15/2014,CHO,VA,AEA,EN,Federal Contract Tower,0,46,21,2,69,0,0,11,0,11,0,46,32,2,80,0,0,0,80
05/16/2014,CHO,VA,AEA,EN,Federal Contract Tower,0,59,43,6,108,0,15,88,6,109,0,74,131,12,217,93,20,113,330
05/17/2014,CHO,VA,AEA,EN,Federal Contract Tower,0,50,32,1,83,0,18,92,1,111,0,68,124,2,194,56,0,56,250
05/18/2014,CHO,VA,AEA,EN,Federal Contract Tower,0,62,36,0,98,0,9,82,0,91,0,71,118,0,189,60,0,60,249
05/19/2014,CHO,VA,AEA,EN,Federal Contract Tower,0,60,44,6,110,0,14,75,0,89,0,74,119,6,199,110,20,130,329
05/20/2014,CHO,VA,AEA,EN,Federal Contract Tower,0,44,38,6,88,0,2,87,0,89,0,46,125,6,177,30,10,40,217
05/21/2014,CHO,VA,AEA,EN,Federal Contract Tower,0,61,40,7,108,0,8,87,6,101,0,69,127,13,209,110,44,154,363
05/22/2014,CHO,VA,AEA,EN,Federal Contract Tower,0,54,36,2,92,0,8,65,0,73,0,62,101,2,165,62,22,84,249
05/23/2014,CHO,VA,AEA,EN,Federal Contract Tower,0,53,49,0,102,0,11,74,4,89,0,64,123,4,191,128,28,156,347
05/24/2014,CHO,VA,AEA,EN,Federal Contract Tower,0,41,38,3,82,0,6,83,0,89,0,47,121,3,171,78,0,78,249
05/25/2014,CHO,VA,AEA,EN,Federal Contract Tower,0,37,24,0,61,0,10,70,0,80,0,47,94,0,141,50,0,50,191
05/26/2014,CHO,VA,AEA,EN,Federal Contract Tower,0,44,17,0,61,0,7,82,0,89,0,51,99,0,150,40,0,40,190
05/27/2014,CHO,VA,AEA,EN,Federal Contract Tower,0,51,28,9,88,0,5,65,2,72,0,56,93,11,160,90,50,140,300
05/28/2014,CHO,VA,AEA,EN,Federal Contract Tower,0,56,40,2,98,0,9,43,2,54,0,65,83,4,152,50,26,76,228
05/29/2014,CHO,VA,AEA,EN,Federal Contract Tower,0,53,44,4,101,0,0,0,0,0,0,53,44,4,101,0,0,0,101
05/30/2014,CHO,VA,AEA,EN,Federal Contract Tower,0,60,42,4,106,0,1,14,0,15,0,61,56,4,121,48,0,48,169
05/31/2014,CHO,VA,AEA,EN,Federal Contract Tower,0,47,25,0,72,0,12,103,0,115,0,59,128,0,187,124,0,124,311
06/01/2014,CHO,VA,AEA,EN,Federal Contract Tower,0,47,31,0,78,0,4,95,0,99,0,51,126,0,177,50,0,50,227
06/02/2014,CHO,VA,AEA,EN,Federal Contract Tower,0,52,27,4,83,0,7,80,0,87,0,59,107,4,170,60,0,60,230
06/03/2014,CHO,VA,AEA,EN,Federal Contract Tower,0,64,31,12,107,0,7,57,0,64,0,71,88,12,171,80,90,170,341
06/04/2014,CHO,VA,AEA,EN,Federal Contract Tower,0,61,32,2,95,0,10,87,4,101,0,71,119,6,196,86,18,104,300
06/05/2014,CHO,VA,AEA,EN,Federal Contract Tower,0,64,42,14,120,0,7,73,2,82,0,71,115,16,202,92,38,130,332
06/06/2014,CHO,VA,AEA,EN,Federal Contract Tower,0,63,41,6,110,0,12,119,6,137,0,75,160,12,247,128,48,176,423
06/07/2014,CHO,VA,AEA,EN,Federal Contract Tower,0,41,28,0,69,0,13,109,12,134,0,54,137,12,203,80,0,80,283
06/08/2014,CHO,VA,AEA,EN,Federal Contract Tower,0,53,20,6,79,0,8,60,0,68,0,61,80,6,147,60,0,60,207
06/09/2014,CHO,VA,AEA,EN,Federal Contract Tower,0,53,17,11,81,0,9,57,10,76,0,62,74,21,157,40,50,90,247
06/10/2014,CHO,VA,AEA,EN,Federal Contract Tower,0,41,14,14,69,0,0,35,2,37,0,41,49,16,106,40,6,46,152
06/11/2014,CHO,VA,AEA,EN,Federal Contract Tower,0,43,30,0,73,0,0,37,0,37,0,43,67,0,110,22,0,22,132
06/12/2014,CHO,VA,AEA,EN,Federal Contract Tower,2,53,38,0,93,0,0,0,0,0,2,53,38,0,93,0,0,0,93
06/13/2014,CHO,VA,AEA,EN,Federal Contract Tower,0,57,35,7,99,0,7,40,10,57,0,64,75,17,156,40,28,68,224
06/14/2014,CHO,VA,AEA,EN,Federal Contract Tower,0,48,31,0,79,0,12,79,0,91,0,60,110,0,170,90,0,90,260
06/15/2014,CHO,VA,AEA,EN,Federal Contract Tower,0,59,29,0,88,0,10,65,0,75,0,69,94,0,163,70,0,70,233
06/16/2014,CHO,VA,AEA,EN,Federal Contract Tower,0,49,21,6,76,0,3,85,2,90,0,52,106,8,166,50,6,56,222
06/17/2014,CHO,VA,AEA,EN,Federal Contract Tower,0,44,17,6,67,0,2,58,0,60,0,46,75,6,127,56,4,60,187
06/18/2014,CHO,VA,AEA,EN,Federal Contract Tower,0,47,20,14,81,0,2,40,2,44,0,49,60,16,125,32,8,40,165
06/19/2014,CHO,VA,AEA,EN,Federal Contract Tower,0,60,47,6,113,0,10,82,2,94,0,70,129,8,207,116,34,150,357
06/20/2014,CHO,VA,AEA,EN,Federal Contract Tower,0,60,45,19,124,0,12,92,8,112,0,72,137,27,236,128,24,152,388
06/21/2014,CHO,VA,AEA,EN,Federal Contract Tower,0,47,25,0,72,0,8,30,0,38,0,55,55,0,110,26,0,26,136
06/22/2014,CHO,VA,AEA,EN,Federal Contract Tower,0,46,34,0,80,0,9,50,0,59,0,55,84,0,139,50,0,50,189
06/23/2014,CHO,VA,AEA,EN,Federal Contract Tower,0,63,25,2,90,0,4,120,0,124,0,67,145,2,214,90,0,90,304
06/24/2014,CHO,VA,AEA,EN,Federal Contract Tower,0,54,24,1,79,0,1,67,6,74,0,55,91,7,153,46,0,46,199
06/25/2014,CHO,VA,AEA,EN,Federal Contract Tower,0,47,23,3,73,0,2,62,1,65,0,49,85,4,138,38,10,48,186
06/26/2014,CHO,VA,AEA,EN,Federal Contract Tower,2,60,68,6,136,0,11,131,4,146,2,71,199,10,282,176,44,220,502
06/27/2014,CHO,VA,AEA,EN,Federal Contract Tower,0,54,43,14,111,0,14,108,0,122,0,68,151,14,233,116,28,144,377
06/28/2014,CHO,VA,AEA,EN,Federal Contract Tower,0,62,63,2,127,0,9,233,0,242,0,71,296,2,369,184,0,184,553
06/29/2014,CHO,VA,AEA,EN,Federal Contract Tower,0,45,45,0,90,0,10,113,2,125,0,55,158,2,215,60,0,60,275
06/30/2014,CHO,VA,AEA,EN,Federal Contract Tower,0,50,26,2,78,0,5,41,6,52,0,55,67,8,130,20,10,30,160
07/01/2014,CHO,VA,AEA,EN,Federal Contract Tower,0,44,29,3,76,0,0,47,0,47,0,44,76,3,123,30,20,50,173
07/02/2014,CHO,VA,AEA,EN,Federal Contract Tower,0,55,30,12,97,0,4,36,0,40,0,59,66,12,137,70,50,120,257
07/03/2014,CHO,VA,AEA,EN,Federal Contract Tower,0,66,44,8,118,0,4,42,0,46,0,70,86,8,164,92,44,136,300
07/04/2014,CHO,VA,AEA,EN,Federal Contract Tower,0,36,25,0,61,0,13,59,0,72,0,49,84,0,133,40,0,40,173
07/05/2014,CHO,VA,AEA,EN,Federal Contract Tower,0,37,23,0,60,0,11,81,0,92,0,48,104,0,152,90,0,90,242
07/06/2014,CHO,VA,AEA,EN,Federal Contract Tower,0,53,27,0,80,0,11,77,0,88,0,64,104,0,168,60,0,60,228
07/07/2014,CHO,VA,AEA,EN,Federal Contract Tower,0,57,21,0,78,0,9,50,2,61,0,66,71,2,139,70,10,80,219
07/08/2014,CHO,VA,AEA,EN,Federal Contract Tower,0,45,30,4,79,0,8,56,0,64,0,53,86,4,143,16,16,32,175
07/09/2014,CHO,VA,AEA,EN,Federal Contract Tower,0,46,38,2,86,0,3,51,4,58,0,49,89,6,144,68,0,68,212
07/10/2014,CHO,VA,AEA,EN,Federal Contract Tower,0,52,29,6,87,0,13,44,2,59,0,65,73,8,146,64,10,74,220
07/11/2014,CHO,VA,AEA,EN,Federal Contract Tower,0,55,36,10,101,0,26,119,1,146,0,81,155,11,247,104,26,130,377
07/12/2014,CHO,VA,AEA,EN,Federal Contract Tower,0,42,27,0,69,0,10,89,0,99,0,52,116,0,168,68,0,68,236
07/13/2014,CHO,VA,AEA,EN,Federal Contract Tower,0,55,23,4,82,0,8,60,0,68,0,63,83,4,150,70,4,74,224
07/14/2014,CHO,VA,AEA,EN,Federal Contract Tower,0,53,17,2,72,0,6,40,0,46,0,59,57,2,118,50,0,50,168
07/15/2014,CHO,VA,AEA,EN,Federal Contract Tower,0,48,23,4,75,0,3,25,0,28,0,51,48,4,103,10,14,24,127
07/16/2014,CHO,VA,AEA,EN,Federal Contract Tower,0,44,23,0,67,0,4,69,0,73,0,48,92,0,140,60,0,60,200
07/17/2014,CHO,VA,AEA,EN,Federal Contract Tower,0,45,30,2,77,0,7,69,2,78,0,52,99,4,155,62,0,62,217
07/18/2014,CHO,VA,AEA,EN,Federal Contract Tower,0,54,34,8,96,0,7,76,5,88,0,61,110,13,184,100,22,122,306
07/19/2014,CHO,VA,AEA,EN,Federal Contract Tower,0,46,31,1,78,0,13,77,0,90,0,59,108,1,168,68,0,68,236
07/20/2014,CHO,VA,AEA,EN,Federal Contract Tower,0,47,38,0,85,0,10,80,0,90,0,57,118,0,175,40,0,40,215
07/21/2014,CHO,VA,AEA,EN,Federal Contract Tower,0,49,31,2,82,0,1,2,2,5,0,50,33,4,87,0,0,0,87
07/22/2014,CHO,VA,AEA,EN,Federal Contract Tower,0,59,24,4,87,0,0,53,3,56,0,59,77,7,143,50,10,60,203
07/23/2014,CHO,VA,AEA,EN,Federal Contract Tower,0,51,29,8,88,0,6,53,0,59,0,57,82,8,147,66,2,68,215
07/24/2014,CHO,VA,AEA,EN,Federal Contract Tower,0,63,41,0,104,0,0,7,0,7,0,63,48,0,111,0,0,0,111
07/25/2014,CHO,VA,AEA,EN,Federal Contract Tower,0,58,38,9,105,0,14,116,2,132,0,72,154,11,237,112,18,130,367
07/26/2014,CHO,VA,AEA,EN,Federal Contract Tower,0,39,25,0,64,0,14,84,0,98,0,53,109,0,162,68,0,68,230
07/27/2014,CHO,VA,AEA,EN,Federal Contract Tower,0,45,28,0,73,0,5,35,0,40,0,50,63,0,113,40,0,40,153
07/28/2014,CHO,VA,AEA,EN,Federal Contract Tower,0,46,15,4,65,0,4,50,0,54,0,50,65,4,119,30,28,58,177
07/29/2014,CHO,VA,AEA,EN,Federal Contract Tower,0,47,18,0,65,0,6,65,13,84,0,53,83,13,149,50,0,50,199
07/30/2014,CHO,VA,AEA,EN,Federal Contract Tower,0,45,28,2,75,0,5,88,6,99,0,50,116,8,174,76,28,104,278
07/31/2014,CHO,VA,AEA,EN,Federal Contract Tower,0,50,29,6,85,0,1,71,2,74,0,51,100,8,159,98,18,116,275
08/01/2014,CHO,VA,AEA,EN,Federal Contract Tower,0,55,40,4,99,0,10,50,2,62,0,65,90,6,161,50,18,68,229
08/02/2014,CHO,VA,AEA,EN,Federal Contract Tower,0,37,23,0,60,0,5,44,0,49,0,42,67,0,109,40,0,40,149
08/03/2014,CHO,VA,AEA,EN,Federal Contract Tower,0,41,32,0,73,0,4,40,0,44,0,45,72,0,117,60,0,60,177
08/04/2014,CHO,VA,AEA,EN,Federal Contract Tower,0,53,19,3,75,0,8,63,0,71,0,61,82,3,146,60,20,80,226
08/05/2014,CHO,VA,AEA,EN,Federal Contract Tower,0,47,24,2,73,0,6,55,5,66,0,53,79,7,139,44,20,64,203
08/06/2014,CHO,VA,AEA,EN,Federal Contract Tower,0,41,30,8,79,0,6,63,4,73,0,47,93,12,152,68,6,74,226
08/07/2014,CHO,VA,AEA,EN,Federal Contract Tower,0,46,40,4,90,0,6,91,0,97,0,52,131,4,187,154,14,168,355
08/08/2014,CHO,VA,AEA,EN,Federal Contract Tower,0,51,32,11,94,0,15,99,0,114,0,66,131,11,208,114,54,168,376
08/09/2014,CHO,VA,AEA,EN,Federal Contract Tower,0,38,22,6,66,0,6,56,0,62,0,44,78,6,128,86,0,86,214
08/10/2014,CHO,VA,AEA,EN,Federal Contract Tower,0,50,27,3,80,0,10,55,1,66,0,60,82,4,146,50,0,50,196
08/11/2014,CHO,VA,AEA,EN,Federal Contract Tower,0,48,18,1,67,0,6,25,1,32,0,54,43,2,99,52,0,52,151
08/12/2014,CHO,VA,AEA,EN,Federal Contract Tower,0,41,21,0,62,0,0,0,0,0,0,41,21,0,62,0,0,0,62
08/13/2014,CHO,VA,AEA,EN,Federal Contract Tower,0,47,20,2,69,0,5,57,8,70,0,52,77,10,139,48,0,48,187
08/14/2014,CHO,VA,AEA,EN,Federal Contract Tower,0,48,27,6,81,0,4,86,1,91,0,52,113,7,172,94,48,142,314
08/15/2014,CHO,VA,AEA,EN,Federal Contract Tower,0,55,46,4,105,0,14,94,2,110,0,69,140,6,215,96,30,126,341
08/16/2014,CHO,VA,AEA,EN,Federal Contract Tower,0,43,25,0,68,0,16,80,2,98,0,59,105,2,166,88,0,88,254
08/17/2014,CHO,VA,AEA,EN,Federal Contract Tower,0,48,24,0,72,0,7,45,0,52,0,55,69,0,124,30,0,30,154
08/18/2014,CHO,VA,AEA,EN,Federal Contract Tower,0,57,8,2,67,0,7,42,2,51,0,64,50,4,118,90,0,90,208
08/19/2014,CHO,VA,AEA,EN,Federal Contract Tower,0,54,17,14,85,0,2,22,2,26,0,56,39,16,111,0,0,0,111
08/20/2014,CHO,VA,AEA,EN,Federal Contract Tower,0,53,24,4,81,0,4,41,0,45,0,57,65,4,126,42,0,42,168
08/21/2014,CHO,VA,AEA,EN,Federal Contract Tower,0,54,37,11,102,0,10,50,4,64,0,64,87,15,166,54,30,84,250
08/22/2014,CHO,VA,AEA,EN,Federal Contract Tower,0,58,39,22,119,0,13,73,4,90,0,71,112,26,209,132,34,166,375
08/23/2014,CHO,VA,AEA,EN,Federal Contract Tower,0,47,30,2,79,0,0,0,0,0,0,47,30,2,79,0,0,0,79
08/24/2014,CHO,VA,AEA,EN,Federal Contract Tower,0,54,30,16,100,0,5,60,0,65,0,59,90,16,165,40,0,40,205
08/25/2014,CHO,VA,AEA,EN,Federal Contract Tower,1,41,17,4,63,0,8,85,2,95,1,49,102,6,158,50,30,80,238
08/26/2014,CHO,VA,AEA,EN,Federal Contract Tower,0,49,20,0,69,0,1,52,0,53,0,50,72,0,122,26,0,26,148
08/27/2014,CHO,VA,AEA,EN,Federal Contract Tower,0,50,28,2,80,0,9,72,5,86,0,59,100,7,166,108,18,126,292
08/28/2014,CHO,VA,AEA,EN,Federal Contract Tower,0,61,55,4,120,0,8,106,10,124,0,69,161,14,244,180,56,236,480
08/29/2014,CHO,VA,AEA,EN,Federal Contract Tower,0,62,44,6,112,0,10,113,0,123,0,72,157,6,235,170,14,184,419
08/30/2014,CHO,VA,AEA,EN,Federal Contract Tower,0,40,39,0,79,0,8,40,0,48,0,48,79,0,127,58,0,58,185
08/31/2014,CHO,VA,AEA,EN,Federal Contract Tower,0,40,23,0,63,0,5,95,0,100,0,45,118,0,163,70,0,70,233
09/01/2014,CHO,VA,AEA,EN,Federal Contract Tower,0,51,20,0,71,0,9,62,0,71,0,60,82,0,142,40,0,40,182
09/02/2014,CHO,VA,AEA,EN,Federal Contract Tower,0,46,21,0,67,0,0,32,3,35,0,46,53,3,102,40,0,40,142
09/03/2014,CHO,VA,AEA,EN,Federal Contract Tower,2,48,38,4,92,0,3,51,2,56,2,51,89,6,148,44,16,60,208
09/04/2014,CHO,VA,AEA,EN,Federal Contract Tower,2,47,35,8,92,0,5,85,0,90,2,52,120,8,182,120,16,136,318
09/05/2014,CHO,VA,AEA,EN,Federal Contract Tower,1,51,40,16,108,0,10,75,6,91,1,61,115,22,199,114,20,134,333
09/06/2014,CHO,VA,AEA,EN,Federal Contract Tower,2,42,26,0,70,0,5,65,0,70,2,47,91,0,140,88,0,88,228
09/07/2014,CHO,VA,AEA,EN,Federal Contract Tower,2,47,35,0,84,0,7,70,0,77,2,54,105,0,161,52,0,52,213
09/08/2014,CHO,VA,AEA,EN,Federal Contract Tower,2,56,43,4,105,0,3,45,2,50,2,59,88,6,155,80,0,80,235
09/09/2014,CHO,VA,AEA,EN,Federal Contract Tower,2,55,29,0,86,0,0,2,0,2,2,55,31,0,88,0,0,0,88
09/10/2014,CHO,VA,AEA,EN,Federal Contract Tower,2,49,29,0,80,0,3,23,4,30,2,52,52,4,110,32,4,36,146
09/11/2014,CHO,VA,AEA,EN,Federal Contract Tower,2,53,43,10,108,0,2,74,5,81,2,55,117,15,189,128,36,164,353
09/12/2014,CHO,VA,AEA,EN,Federal Contract Tower,2,55,44,21,122,0,10,90,2,102,2,65,134,23,224,144,46,190,414
09/13/2014,CHO,VA,AEA,EN,Federal Contract Tower,3,48,43,0,94,0,0,31,0,31,3,48,74,0,125,14,0,14,139
09/14/2014,CHO,VA,AEA,EN,Federal Contract Tower,2,56,36,0,94,0,9,70,0,79,2,65,106,0,173,70,0,70,243
09/15/2014,CHO,VA,AEA,EN,Federal Contract Tower,2,49,22,0,73,0,2,55,3,60,2,51,77,3,133,50,0,50,183
09/16/2014,CHO,VA,AEA,EN,Federal Contract Tower,2,52,38,4,96,0,8,90,4,102,2,60,128,8,198,70,10,80,278
09/17/2014,CHO,VA,AEA,EN,Federal Contract Tower,2,53,24,6,85,0,6,82,6,94,2,59,106,12,179,98,20,118,297
09/18/2014,CHO,VA,AEA,EN,Federal Contract Tower,2,73,71,6,152,0,5,93,0,98,2,78,164,6,250,144,38,182,432
09/19/2014,CHO,VA,AEA,EN,Federal Contract Tower,1,62,41,3,107,0,11,74,2,87,1,73,115,5,194,84,10,94,288
09/20/2014,CHO,VA,AEA,EN,Federal Contract Tower,2,44,40,0,86,0,16,66,1,83,2,60,106,1,169,68,0,68,237
09/21/2014,CHO,VA,AEA,EN,Federal Contract Tower,4,66,62,1,133,0,2,72,0,74,4,68,134,1,207,90,0,90,297
09/22/2014,CHO,VA,AEA,EN,Federal Contract Tower,2,55,34,4,95,0,3,51,4,58,2,58,85,8,153,130,22,152,305
09/23/2014,CHO,VA,AEA,EN,Federal Contract Tower,2,56,33,6,97,0,4,67,4,75,2,60,100,10,172,90,34,124,296
09/24/2014,CHO,VA,AEA,EN,Federal Contract Tower,2,47,24,7,80,0,4,44,0,48,2,51,68,7,128,80,24,104,232
09/25/2014,CHO,VA,AEA,EN,Federal Contract Tower,2,56,43,10,111,0,2,51,0,53,2,58,94,10,164,54,12,66,230
09/26/2014,CHO,VA,AEA,EN,Federal Contract Tower,3,53,45,7,108,0,8,89,1,98,3,61,134,8,206,104,28,132,338
09/27/2014,CHO,VA,AEA,EN,Federal Contract Tower,3,44,39,1,87,0,7,92,1,100,3,51,131,2,187,98,0,98,285
09/28/2014,CHO,VA,AEA,EN,Federal Contract Tower,2,47,33,0,82,0,10,95,0,105,2,57,128,0,187,70,0,70,257
09/29/2014,CHO,VA,AEA,EN,Federal Contract Tower,2,60,23,4,89,0,15,65,2,82,2,75,88,6,171,40,10,50,221
09/30/2014,CHO,VA,AEA,EN,Federal Contract Tower,2,45,28,2,77,0,0,0,0,0,2,45,28,2,77,0,0,0,77
10/01/2014,CHO,VA,AEA,EN,Federal Contract Tower,2,78,49,2,131,0,6,52,4,62,2,84,101,6,193,92,18,110,303
10/02/2014,CHO,VA,AEA,EN,Federal Contract Tower,2,59,48,0,109,0,4,57,2,63,2,63,105,2,172,64,38,102,274
10/03/2014,CHO,VA,AEA,EN,Federal Contract Tower,3,60,59,2,124,0,0,0,0,0,3,60,59,2,124,0,0,0,124
10/04/2014,CHO,VA,AEA,EN,Federal Contract Tower,4,38,28,0,70,0,9,66,0,75,4,47,94,0,145,72,0,72,217
10/05/2014,CHO,VA,AEA,EN,Federal Contract Tower,2,66,58,0,126,0,14,85,2,101,2,80,143,2,227,50,0,50,277
10/06/2014,CHO,VA,AEA,EN,Federal Contract Tower,2,50,28,1,81,0,3,75,2,80,2,53,103,3,161,40,14,54,215
10/07/2014,CHO,VA,AEA,EN,Federal Contract Tower,2,51,22,0,75,0,1,40,5,46,2,52,62,5,121,40,0,40,161
10/08/2014,CHO,VA,AEA,EN,Federal Contract Tower,2,54,46,6,108,0,6,76,4,86,2,60,122,10,194,100,32,132,326
10/09/2014,CHO,VA,AEA,EN,Federal Contract Tower,2,61,65,9,137,0,4,84,4,92,2,65,149,13,229,116,48,164,393
10/10/2014,CHO,VA,AEA,EN,Federal Contract Tower,2,57,49,5,113,0,2,38,0,40,2,59,87,5,153,38,18,56,209
10/11/2014,CHO,VA,AEA,EN,Federal Contract Tower,0,48,37,0,85,0,2,0,0,2,0,50,37,0,87,0,0,0,87
10/12/2014,CHO,VA,AEA,EN,Federal Contract Tower,1,60,32,0,93,0,1,25,0,26,1,61,57,0,119,30,0,30,149
10/13/2014,CHO,VA,AEA,EN,Federal Contract Tower,2,48,25,0,75,0,0,0,0,0,2,48,25,0,75,0,0,0,75
10/14/2014,CHO,VA,AEA,EN,Federal Contract Tower,2,49,40,0,91,0,2,3,0,5,2,51,43,0,96,2,4,6,102
10/15/2014,CHO,VA,AEA,EN,Federal Contract Tower,2,54,37,0,93,0,0,0,0,0,2,54,37,0,93,32,0,32,125
10/16/2014,CHO,VA,AEA,EN,Federal Contract Tower,2,55,43,7,107,0,6,26,2,34,2,61,69,9,141,26,0,26,167
10/17/2014,CHO,VA,AEA,EN,Federal Contract Tower,2,65,43,8,118,0,8,94,6,108,2,73,137,14,226,106,32,138,364
10/18/2014,CHO,VA,AEA,EN,Federal Contract Tower,2,44,39,1,86,0,9,73,1,83,2,53,112,2,169,60,0,60,229
10/19/2014,CHO,VA,AEA,EN,Federal Contract Tower,2,63,44,0,109,0,10,80,0,90,2,73,124,0,199,70,0,70,269
10/20/2014,CHO,VA,AEA,EN,Federal Contract Tower,2,47,22,4,75,0,6,62,0,68,2,53,84,4,143,50,0,50,193
10/21/2014,CHO,VA,AEA,EN,Federal Contract Tower,2,52,17,10,81,0,2,58,5,65,2,54,75,15,146,22,20,42,188
10/22/2014,CHO,VA,AEA,EN,Federal Contract Tower,2,53,24,12,91,0,0,0,0,0,2,53,24,12,91,24,30,54,145
10/23/2014,CHO,VA,AEA,EN,Federal Contract Tower,2,54,47,7,110,0,5,71,0,76,2,59,118,7,186,90,10,100,286
10/24/2014,CHO,VA,AEA,EN,Federal Contract Tower,2,79,72,26,179,0,11,107,13,131,2,90,179,39,310,160,48,208,518
10/25/2014,CHO,VA,AEA,EN,Federal Contract Tower,2,49,43,0,94,0,15,91,0,106,2,64,134,0,200,68,0,68,268
10/26/2014,CHO,VA,AEA,EN,Federal Contract Tower,2,80,58,5,145,0,7,70,8,85,2,87,128,13,230,60,4,64,294
10/27/2014,CHO,VA,AEA,EN,Federal Contract Tower,2,53,37,14,106,0,3,85,4,92,2,56,122,18,198,90,70,160,358
10/28/2014,CHO,VA,AEA,EN,Federal Contract Tower,2,57,21,6,86,0,58,0,0,58,2,115,21,6,144,34,8,42,186
10/29/2014,CHO,VA,AEA,EN,Federal Contract Tower,2,45,31,0,78,0,2,50,8,60,2,47,81,8,138,80,26,106,244
10/30/2014,CHO,VA,AEA,EN,Federal Contract Tower,2,52,36,0,90,0,4,63,2,69,2,56,99,2,159,48,6,54,213
10/31/2014,CHO,VA,AEA,EN,Federal Contract Tower,4,52,36,4,96,0,7,87,0,94,4,59,123,4,190,84,10,94,284
11/01/2014,CHO,VA,AEA,EN,Federal Contract Tower,4,45,33,0,82,0,2,43,0,45,4,47,76,0,127,38,0,38,165
11/02/2014,CHO,VA,AEA,EN,Federal Contract Tower,3,62,26,9,100,0,4,50,0,54,3,66,76,9,154,30,0,30,184
11/03/2014,CHO,VA,AEA,EN,Federal Contract Tower,2,42,24,4,72,0,3,57,5,65,2,45,81,9,137,80,0,80,217
11/04/2014,CHO,VA,AEA,EN,Federal Contract Tower,2,47,21,6,76,0,2,37,0,39,2,49,58,6,115,50,8,58,173
11/05/2014,CHO,VA,AEA,EN,Federal Contract Tower,2,45,22,0,69,0,2,53,0,55,2,47,75,0,124,22,0,22,146
11/06/2014,CHO,VA,AEA,EN,Federal Contract Tower,2,64,43,12,121,0,3,55,3,61,2,67,98,15,182,72,46,118,300
11/07/2014,CHO,VA,AEA,EN,Federal Contract Tower,4,66,53,1,124,0,7,76,2,85,4,73,129,3,209,88,14,102,311
11/08/2014,CHO,VA,AEA,EN,Federal Contract Tower,2,44,34,0,80,0,5,68,0,73,2,49,102,0,153,64,0,64,217
11/09/2014,CHO,VA,AEA,EN,Federal Contract Tower,2,56,39,0,97,0,6,70,0,76,2,62,109,0,173,60,0,60,233
11/10/2014,CHO,VA,AEA,EN,Federal Contract Tower,2,46,45,2,95,0,8,60,4,72,2,54,105,6,167,52,14,66,233
11/11/2014,CHO,VA,AEA,EN,Federal Contract Tower,2,48,20,0,70,0,3,48,0,51,2,51,68,0,121,18,0,18,139
11/12/2014,CHO,VA,AEA,EN,Federal Contract Tower,2,52,27,4,85,0,5,44,0,49,2,57,71,4,134,40,0,40,174
11/13/2014,CHO,VA,AEA,EN,Federal Contract Tower,2,49,37,7,95,0,4,37,7,48,2,53,74,14,143,82,28,110,253
11/14/2014,CHO,VA,AEA,EN,Federal Contract Tower,2,62,49,3,116,0,3,66,4,73,2,65,115,7,189,94,40,134,323
11/15/2014,CHO,VA,AEA,EN,Federal Contract Tower,2,44,19,0,65,0,8,87,0,95,2,52,106,0,160,58,0,58,218
11/16/2014,CHO,VA,AEA,EN,Federal Contract Tower,2,56,28,0,86,0,9,50,0,59,2,65,78,0,145,70,0,70,215
11/17/2014,CHO,VA,AEA,EN,Federal Contract Tower,2,49,17,2,70,0,2,0,0,2,2,51,17,2,72,0,0,0,72
11/18/2014,CHO,VA,AEA,EN,Federal Contract Tower,2,44,9,6,61,0,2,9,0,11,2,46,18,6,72,0,20,20,92
11/19/2014,CHO,VA,AEA,EN,Federal Contract Tower,2,44,30,7,83,0,4,53,0,57,2,48,83,7,140,32,44,76,216
11/21/2014,CHO,VA,AEA,EN,Federal Contract Tower,4,60,45,0,109,0,4,73,0,77,4,64,118,0,186,58,0,58,244
11/22/2014,CHO,VA,AEA,EN,Federal Contract Tower,3,46,31,0,80,0,8,81,0,89,3,54,112,0,169,68,0,68,237
11/23/2014,CHO,VA,AEA,EN,Federal Contract Tower,3,50,33,0,86,0,1,45,0,46,3,51,78,0,132,40,0,40,172
11/24/2014,CHO,VA,AEA,EN,Federal Contract Tower,2,50,21,4,77,0,2,35,7,44,2,52,56,11,121,30,34,64,185
11/25/2014,CHO,VA,AEA,EN,Federal Contract Tower,2,53,39,29,123,0,0,54,7,61,2,53,93,36,184,20,110,130,314
11/26/2014,CHO,VA,AEA,EN,Federal Contract Tower,2,49,25,0,76,0,0,0,0,0,2,49,25,0,76,0,0,0,76
11/27/2014,CHO,VA,AEA,EN,Federal Contract Tower,2,31,25,0,58,0,1,8,0,9,2,32,33,0,67,0,0,0,67
11/28/2014,CHO,VA,AEA,EN,Federal Contract Tower,2,38,22,0,62,0,2,31,0,33,2,40,53,0,95,34,0,34,129
11/29/2014,CHO,VA,AEA,EN,Federal Contract Tower,2,50,32,0,84,0,3,74,0,77,2,53,106,0,161,82,0,82,243
11/30/2014,CHO,VA,AEA,EN,Federal Contract Tower,3,75,41,0,119,0,6,85,0,91,3,81,126,0,210,70,0,70,280
12/01/2014,CHO,VA,AEA,EN,Federal Contract Tower,2,49,41,2,94,0,2,51,0,53,2,51,92,2,147,50,20,70,217
12/02/2014,CHO,VA,AEA,EN,Federal Contract Tower,2,52,23,2,79,0,0,12,0,12,2,52,35,2,91,24,0,24,115
12/03/2014,CHO,VA,AEA,EN,Federal Contract Tower,2,58,16,2,78,0,2,10,0,12,2,60,26,2,90,0,0,0,90
12/04/2014,CHO,VA,AEA,EN,Federal Contract Tower,2,57,37,11,107,0,5,69,9,83,2,62,106,20,190,108,44,152,342
12/05/2014,CHO,VA,AEA,EN,Federal Contract Tower,2,57,34,0,93,0,2,43,4,49,2,59,77,4,142,56,18,74,216
12/06/2014,CHO,VA,AEA,EN,Federal Contract Tower,2,37,21,1,61,0,1,12,0,13,2,38,33,1,74,12,0,12,86
12/07/2014,CHO,VA,AEA,EN,Federal Contract Tower,2,53,20,0,75,0,3,50,0,53,2,56,70,0,128,50,0,50,178
12/08/2014,CHO,VA,AEA,EN,Federal Contract Tower,2,59,16,5,82,0,0,20,4,24,2,59,36,9,106,60,30,90,196
12/09/2014,CHO,VA,AEA,EN,Federal Contract Tower,2,43,9,13,67,0,0,4,0,4,2,43,13,13,71,0,60,60,131
12/10/2014,CHO,VA,AEA,EN,Federal Contract Tower,2,41,22,6,71,0,2,35,5,42,2,43,57,11,113,24,66,90,203
12/11/2014,CHO,VA,AEA,EN,Federal Contract Tower,2,48,36,6,92,0,5,56,10,71,2,53,92,16,163,82,42,124,287
12/12/2014,CHO,VA,AEA,EN,Federal Contract Tower,2,62,42,1,107,0,4,63,4,71,2,66,105,5,178,96,10,106,284
12/13/2014,CHO,VA,AEA,EN,Federal Contract Tower,2,28,23,0,53,0,4,81,0,85,2,32,104,0,138,78,0,78,216
12/14/2014,CHO,VA,AEA,EN,Federal Contract Tower,2,38,37,0,77,0,2,90,0,92,2,40,127,0,169,110,0,110,279
12/15/2014,CHO,VA,AEA,EN,Federal Contract Tower,2,45,41,6,94,0,0,75,4,79,2,45,116,10,173,70,16,86,259
12/16/2014,CHO,VA,AEA,EN,Federal Contract Tower,2,38,15,10,65,0,0,0,0,0,2,38,15,10,65,1,0,1,66
12/17/2014,CHO,VA,AEA,EN,Federal Contract Tower,2,50,36,6,94,0,3,54,4,61,2,53,90,10,155,90,26,116,271
12/18/2014,CHO,VA,AEA,EN,Federal Contract Tower,2,42,38,7,89,0,2,49,4,55,2,44,87,11,144,46,12,58,202
12/19/2014,CHO,VA,AEA,EN,Federal Contract Tower,1,51,57,7,116,0,5,79,2,86,1,56,136,9,202,82,12,94,296
12/20/2014,CHO,VA,AEA,EN,Federal Contract Tower,1,40,25,3,69,0,1,48,0,49,1,41,73,3,118,82,0,82,200
12/21/2014,CHO,VA,AEA,EN,Federal Contract Tower,2,53,36,0,91,0,6,55,0,61,2,59,91,0,152,60,0,60,212
12/22/2014,CHO,VA,AEA,EN,Federal Contract Tower,2,44,28,0,74,0,0,0,0,0,2,44,28,0,74,0,0,0,74
12/23/2014,CHO,VA,AEA,EN,Federal Contract Tower,2,35,13,0,50,0,0,0,0,0,2,35,13,0,50,0,0,0,50
12/24/2014,CHO,VA,AEA,EN,Federal Contract Tower,1,30,11,0,42,0,0,0,0,0,1,30,11,0,42,0,0,0,42
12/25/2014,CHO,VA,AEA,EN,Federal Contract Tower,1,31,5,0,37,0,0,0,0,0,1,31,5,0,37,0,0,0,37
12/26/2014,CHO,VA,AEA,EN,Federal Contract Tower,2,47,35,0,84,0,5,63,0,68,2,52,98,0,152,58,0,58,210
12/27/2014,CHO,VA,AEA,EN,Federal Contract Tower,2,44,25,0,71,0,5,61,0,66,2,49,86,0,137,76,0,76,213
12/28/2014,CHO,VA,AEA,EN,Federal Contract Tower,2,44,14,0,60,0,6,45,0,51,2,50,59,0,111,50,0,50,161
12/30/2014,CHO,VA,AEA,EN,Federal Contract Tower,2,50,23,4,79,0,4,70,6,80,2,54,93,10,159,80,30,110,269
12/31/2014,CHO,VA,AEA,EN,Federal Contract Tower,2,39,28,0,69,0,4,56,4,64,2,43,84,4,133,56,0,56,189
01/01/2015,CHO,VA,AEA,EN,Federal Contract Tower,2,49,36,0,87,0,3,55,0,58,2,52,91,0,145,102,0,102,247
01/02/2015,CHO,VA,AEA,EN,Federal Contract Tower,2,48,35,0,85,0,7,77,0,84,2,55,112,0,169,150,0,150,319
01/03/2015,CHO,VA,AEA,EN,Federal Contract Tower,2,45,8,0,55,0,1,6,0,7,2,46,14,0,62,12,0,12,74
01/04/2015,CHO,VA,AEA,EN,Federal Contract Tower,1,47,14,0,62,0,2,5,0,7,1,49,19,0,69,0,0,0,69
01/05/2015,CHO,VA,AEA,EN,Federal Contract Tower,1,42,13,22,78,0,2,20,0,22,1,44,33,22,100,10,50,60,160
01/06/2015,CHO,VA,AEA,EN,Federal Contract Tower,1,46,9,4,60,0,2,20,0,22,1,48,29,4,82,30,8,38,120
01/07/2015,CHO,VA,AEA,EN,Federal Contract Tower,3,49,13,4,69,0,0,0,0,0,3,49,13,4,69,0,0,0,69
01/08/2015,CHO,VA,AEA,EN,Federal Contract Tower,2,38,20,4,64,0,6,46,2,54,2,44,66,6,118,44,0,44,162
01/09/2015,CHO,VA,AEA,EN,Federal Contract Tower,2,53,28,2,85,0,7,64,7,78,2,60,92,9,163,104,10,114,277
01/10/2015,CHO,VA,AEA,EN,Federal Contract Tower,2,42,24,0,68,0,4,82,0,86,2,46,106,0,154,100,0,100,254
01/11/2015,CHO,VA,AEA,EN,Federal Contract Tower,2,55,38,0,95,0,4,96,2,102,2,59,134,2,197,104,0,104,301
01/12/2015,CHO,VA,AEA,EN,Federal Contract Tower,2,53,20,0,75,0,0,0,0,0,2,53,20,0,75,0,0,0,75
01/13/2015,CHO,VA,AEA,EN,Federal Contract Tower,1,48,31,10,90,0,2,33,4,39,1,50,64,14,129,72,8,80,209
01/14/2015,CHO,VA,AEA,EN,Federal Contract Tower,2,44,25,8,79,0,3,25,4,32,2,47,50,12,111,36,10,46,157
01/15/2015,CHO,VA,AEA,EN,Federal Contract Tower,2,44,37,7,90,0,7,52,12,71,2,51,89,19,161,64,24,88,249
01/16/2015,CHO,VA,AEA,EN,Federal Contract Tower,2,45,35,4,86,0,6,63,3,72,2,51,98,7,158,98,12,110,268
01/17/2015,CHO,VA,AEA,EN,Federal Contract Tower,1,48,25,0,74,0,6,99,0,105,1,54,124,0,179,86,0,86,265
01/18/2015,CHO,VA,AEA,EN,Federal Contract Tower,2,45,22,2,71,0,6,73,0,79,2,51,95,2,150,74,4,78,228
01/19/2015,CHO,VA,AEA,EN,Federal Contract Tower,2,54,29,3,88,0,5,82,0,87,2,59,111,3,175,106,6,112,287
01/20/2015,CHO,VA,AEA,EN,Federal Contract Tower,1,54,25,6,86,0,2,78,2,82,1,56,103,8,168,79,14,93,261
01/21/2015,CHO,VA,AEA,EN,Federal Contract Tower,4,51,31,5,91,0,4,43,0,47,4,55,74,5,138,66,22,88,226
01/22/2015,CHO,VA,AEA,EN,Federal Contract Tower,2,47,32,9,90,0,3,65,4,72,2,50,97,13,162,60,68,128,290
01/23/2015,CHO,VA,AEA,EN,Federal Contract Tower,2,50,27,4,83,0,3,46,8,57,2,53,73,12,140,82,30,112,252
01/24/2015,CHO,VA,AEA,EN,Federal Contract Tower,2,41,18,0,61,0,2,12,0,14,2,43,30,0,75,70,0,70,145
01/25/2015,CHO,VA,AEA,EN,Federal Contract Tower,2,44,20,0,66,0,7,75,0,82,2,51,95,0,148,70,0,70,218
01/26/2015,CHO,VA,AEA,EN,Federal Contract Tower,2,34,20,0,56,0,0,0,0,0,2,34,20,0,56,0,0,0,56
01/27/2015,CHO,VA,AEA,EN,Federal Contract Tower,1,31,15,6,53,0,0,31,2,33,1,31,46,8,86,16,0,16,102
01/28/2015,CHO,VA,AEA,EN,Federal Contract Tower,2,41,17,6,66,0,3,40,4,47,2,44,57,10,113,52,0,52,165
01/29/2015,CHO,VA,AEA,EN,Federal Contract Tower,2,51,34,2,89,0,4,55,6,65,2,55,89,8,154,90,0,90,244
01/30/2015,CHO,VA,AEA,EN,Federal Contract Tower,2,44,28,2,76,0,1,34,5,40,2,45,62,7,116,58,0,58,174
01/31/2015,CHO,VA,AEA,EN,Federal Contract Tower,1,53,40,0,94,0,2,78,8,88,1,55,118,8,182,76,0,76,258
02/01/2015,CHO,VA,AEA,EN,Federal Contract Tower,2,36,36,0,74,0,1,41,0,42,2,37,77,0,116,30,0,30,146
02/02/2015,CHO,VA,AEA,EN,Federal Contract Tower,2,35,10,2,49,0,0,0,0,0,2,35,10,2,49,0,0,0,49
02/03/2015,CHO,VA,AEA,EN,Federal Contract Tower,1,58,26,14,99,0,4,60,7,71,1,62,86,21,170,60,40,100,270
02/04/2015,CHO,VA,AEA,EN,Federal Contract Tower,2,56,31,6,95,0,5,80,2,87,2,61,111,8,182,94,44,138,320
02/05/2015,CHO,VA,AEA,EN,Federal Contract Tower,2,59,34,4,99,0,0,0,0,0,2,59,34,4,99,0,0,0,99
02/06/2015,CHO,VA,AEA,EN,Federal Contract Tower,2,52,35,7,96,0,1,73,2,76,2,53,108,9,172,74,14,88,260
02/07/2015,CHO,VA,AEA,EN,Federal Contract Tower,4,66,42,0,112,0,7,92,0,99,4,73,134,0,211,86,0,86,297
02/08/2015,CHO,VA,AEA,EN,Federal Contract Tower,2,52,34,0,88,0,7,93,0,100,2,59,127,0,188,80,0,80,268
02/09/2015,CHO,VA,AEA,EN,Federal Contract Tower,2,38,26,0,66,0,2,45,0,47,2,40,71,0,113,70,0,70,183
02/10/2015,CHO,VA,AEA,EN,Federal Contract Tower,1,39,18,2,60,0,1,14,2,17,1,40,32,4,77,20,0,20,97
02/11/2015,CHO,VA,AEA,EN,Federal Contract Tower,2,52,32,16,102,0,2,68,8,78,2,54,100,24,180,62,36,98,278
02/12/2015,CHO,VA,AEA,EN,Federal Contract Tower,2,48,31,4,85,0,2,28,0,30,2,50,59,4,115,0,0,0,115
02/13/2015,CHO,VA,AEA,EN,Federal Contract Tower,2,55,35,4,96,0,1,68,0,69,2,56,103,4,165,96,6,102,267
02/14/2015,CHO,VA,AEA,EN,Federal Contract Tower,2,53,22,0,77,0,2,35,0,37,2,55,57,0,114,14,0,14,128
02/15/2015,CHO,VA,AEA,EN,Federal Contract Tower,2,45,16,0,63,0,3,5,0,8,2,48,21,0,71,0,0,0,71
02/16/2015,CHO,VA,AEA,EN,Federal Contract Tower,1,37,10,0,48,0,1,8,0,9,1,38,18,0,57,10,0,10,67
02/17/2015,CHO,VA,AEA,EN,Federal Contract Tower,1,36,12,0,49,0,2,15,0,17,1,38,27,0,66,10,0,10,76
02/18/2015,CHO,VA,AEA,EN,Federal Contract Tower,2,46,25,0,73,0,0,26,0,26,2,46,51,0,99,16,0,16,115
02/19/2015,CHO,VA,AEA,EN,Federal Contract Tower,2,48,16,2,68,0,0,0,0,0,2,48,16,2,68,0,0,0,68
02/20/2015,CHO,VA,AEA,EN,Federal Contract Tower,2,48,33,0,83,0,2,48,0,50,2,50,81,0,133,64,0,64,197
02/21/2015,CHO,VA,AEA,EN,Federal Contract Tower,0,16,5,0,21,0,0,0,0,0,0,16,5,0,21,0,0,0,21
02/22/2015,CHO,VA,AEA,EN,Federal Contract Tower,1,47,15,0,63,0,2,0,0,2,1,49,15,0,65,0,0,0,65
02/23/2015,CHO,VA,AEA,EN,Federal Contract Tower,2,49,14,16,81,0,5,30,0,35,2,54,44,16,116,40,70,110,226
02/24/2015,CHO,VA,AEA,EN,Federal Contract Tower,2,41,17,4,64,0,2,36,4,42,2,43,53,8,106,24,6,30,136
02/25/2015,CHO,VA,AEA,EN,Federal Contract Tower,2,49,30,7,88,0,6,72,11,89,2,55,102,18,177,40,20,60,237
02/26/2015,CHO,VA,AEA,EN,Federal Contract Tower,1,48,31,0,80,0,1,16,0,17,1,49,47,0,97,46,0,46,143
02/27/2015,CHO,VA,AEA,EN,Federal Contract Tower,2,50,37,4,93,0,2,55,0,57,2,52,92,4,150,94,12,106,256
02/28/2015,CHO,VA,AEA,EN,Federal Contract Tower,2,39,37,3,81,0,0,78,0,78,2,39,115,3,159,76,0,76,235
03/01/2015,CHO,VA,AEA,EN,Federal Contract Tower,2,36,5,0,43,0,0,0,0,0,2,36,5,0,43,0,0,0,43
03/02/2015,CHO,VA,AEA,EN,Federal Contract Tower,2,53,20,14,89,0,2,55,0,57,2,55,75,14,146,50,80,130,276
03/03/2015,CHO,VA,AEA,EN,Federal Contract Tower,2,47,6,2,57,0,1,13,0,14,2,48,19,2,71,44,0,44,115
03/04/2015,CHO,VA,AEA,EN,Federal Contract Tower,2,47,15,12,76,0,0,2,0,2,2,47,17,12,78,24,0,24,102
03/05/2015,CHO,VA,AEA,EN,Federal Contract Tower,2,20,3,0,25,0,0,0,0,0,2,20,3,0,25,0,0,0,25
03/06/2015,CHO,VA,AEA,EN,Federal Contract Tower,2,54,34,2,92,0,4,62,2,68,2,58,96,4,160,94,20,114,274
03/07/2015,CHO,VA,AEA,EN,Federal Contract Tower,2,37,31,5,75,0,8,88,0,96,2,45,119,5,171,114,0,114,285
03/08/2015,CHO,VA,AEA,EN,Federal Contract Tower,2,37,26,0,65,0,5,71,0,76,2,42,97,0,141,80,0,80,221
03/09/2015,CHO,VA,AEA,EN,Federal Contract Tower,2,44,24,2,72,0,4,80,2,86,2,48,104,4,158,70,2,72,230
03/10/2015,CHO,VA,AEA,EN,Federal Contract Tower,2,33,17,0,52,0,0,8,2,10,2,33,25,2,62,8,0,8,70
03/11/2015,CHO,VA,AEA,EN,Federal Contract Tower,2,35,23,5,65,0,0,10,0,10,2,35,33,5,75,10,0,10,85
03/12/2015,CHO,VA,AEA,EN,Federal Contract Tower,2,50,24,2,78,0,1,57,0,58,2,51,81,2,136,74,0,74,210
03/13/2015,CHO,VA,AEA,EN,Federal Contract Tower,4,53,33,6,96,0,5,59,2,66,4,58,92,8,162,78,12,90,252
03/14/2015,CHO,VA,AEA,EN,Federal Contract Tower,2,40,38,0,80,0,2,4,0,6,2,42,42,0,86,14,0,14,100
03/15/2015,CHO,VA,AEA,EN,Federal Contract Tower,2,45,23,2,72,0,4,20,0,24,2,49,43,2,96,30,0,30,126
03/16/2015,CHO,VA,AEA,EN,Federal Contract Tower,2,43,29,0,74,0,2,60,0,62,2,45,89,0,136,60,0,60,196
03/17/2015,CHO,VA,AEA,EN,Federal Contract Tower,1,41,17,0,59,0,0,17,2,19,1,41,34,2,78,16,4,20,98
03/18/2015,CHO,VA,AEA,EN,Federal Contract Tower,2,46,21,8,77,0,3,80,2,85,2,49,101,10,162,28,24,52,214
03/19/2015,CHO,VA,AEA,EN,Federal Contract Tower,2,53,32,0,87,0,4,71,2,77,2,57,103,2,164,112,12,124,288
03/20/2015,CHO,VA,AEA,EN,Federal Contract Tower,2,48,25,0,75,0,0,0,0,0,2,48,25,0,75,0,0,0,75
03/21/2015,CHO,VA,AEA,EN,Federal Contract Tower,2,40,28,4,74,0,0,67,2,69,2,40,95,6,143,94,0,94,237
03/22/2015,CHO,VA,AEA,EN,Federal Contract Tower,2,53,42,0,97,0,3,83,0,86,2,56,125,0,183,100,0,100,283
03/23/2015,CHO,VA,AEA,EN,Federal Contract Tower,2,54,22,10,88,0,5,70,0,75,2,59,92,10,163,70,0,70,233
03/24/2015,CHO,VA,AEA,EN,Federal Contract Tower,2,51,14,1,68,0,0,50,8,58,2,51,64,9,126,48,10,58,184
03/25/2015,CHO,VA,AEA,EN,Federal Contract Tower,2,49,29,3,83,0,2,14,2,18,2,51,43,5,101,10,14,24,125
03/26/2015,CHO,VA,AEA,EN,Federal Contract Tower,2,49,42,4,97,0,1,31,2,34,2,50,73,6,131,28,18,46,177
03/27/2015,CHO,VA,AEA,EN,Federal Contract Tower,2,55,48,0,105,0,0,26,0,26,2,55,74,0,131,74,0,74,205
03/28/2015,CHO,VA,AEA,EN,Federal Contract Tower,2,38,25,0,65,0,2,38,0,40,2,40,63,0,105,38,0,38,143
03/29/2015,CHO,VA,AEA,EN,Federal Contract Tower,2,54,31,0,87,0,3,75,0,78,2,57,106,0,165,50,0,50,215
03/30/2015,CHO,VA,AEA,EN,Federal Contract Tower,2,43,27,4,76,0,3,45,4,52,2,46,72,8,128,60,0,60,188
03/31/2015,CHO,VA,AEA,EN,Federal Contract Tower,2,49,30,0,81,0,4,20,2,26,2,53,50,2,107,14,0,14,121
04/01/2015,CHO,VA,AEA,EN,Federal Contract Tower,2,41,31,4,78,0,4,84,2,90,2,45,115,6,168,34,26,60,228
04/02/2015,CHO,VA,AEA,EN,Federal Contract Tower,2,55,37,0,94,0,4,22,0,26,2,59,59,0,120,32,0,32,152
04/03/2015,CHO,VA,AEA,EN,Federal Contract Tower,2,55,43,0,100,0,4,48,11,63,2,59,91,11,163,74,0,74,237
04/04/2015,CHO,VA,AEA,EN,Federal Contract Tower,2,39,27,0,68,0,4,24,0,28,2,43,51,0,96,6,0,6,102
04/05/2015,CHO,VA,AEA,EN,Federal Contract Tower,2,52,32,0,86,0,2,60,0,62,2,54,92,0,148,50,0,50,198
04/06/2015,CHO,VA,AEA,EN,Federal Contract Tower,2,41,14,0,57,0,0,65,20,85,2,41,79,20,142,70,0,70,212
04/07/2015,CHO,VA,AEA,EN,Federal Contract Tower,2,39,16,5,62,0,0,18,0,18,2,39,34,5,80,50,0,50,130
04/08/2015,CHO,VA,AEA,EN,Federal Contract Tower,2,44,16,0,62,0,0,0,0,0,2,44,16,0,62,0,0,0,62
04/09/2015,CHO,VA,AEA,EN,Federal Contract Tower,2,52,33,0,87,0,0,0,0,0,2,52,33,0,87,0,0,0,87
04/10/2015,CHO,VA,AEA,EN,Federal Contract Tower,2,54,33,2,91,0,0,12,0,12,2,54,45,2,103,10,0,10,113
04/11/2015,CHO,VA,AEA,EN,Federal Contract Tower,2,46,31,0,79,0,17,65,10,92,2,63,96,10,171,78,0,78,249
04/12/2015,CHO,VA,AEA,EN,Federal Contract Tower,2,60,48,0,110,0,8,125,0,133,2,68,173,0,243,70,0,70,313
04/13/2015,CHO,VA,AEA,EN,Federal Contract Tower,2,46,33,4,85,0,4,52,2,58,2,50,85,6,143,40,70,110,253
04/14/2015,CHO,VA,AEA,EN,Federal Contract Tower,2,38,13,0,53,0,0,0,0,0,2,38,13,0,53,0,0,0,53
04/15/2015,CHO,VA,AEA,EN,Federal Contract Tower,2,49,30,4,85,0,3,51,15,69,2,52,81,19,154,36,10,46,200
04/16/2015,CHO,VA,AEA,EN,Federal Contract Tower,4,59,37,2,102,0,3,42,2,47,4,62,79,4,149,42,0,42,191
04/17/2015,CHO,VA,AEA,EN,Federal Contract Tower,2,74,60,2,138,0,3,67,6,76,2,77,127,8,214,98,22,120,334
04/18/2015,CHO,VA,AEA,EN,Federal Contract Tower,4,45,31,0,80,0,11,69,2,82,4,56,100,2,162,100,0,100,262
04/19/2015,CHO,VA,AEA,EN,Federal Contract Tower,4,64,33,2,103,0,2,35,2,39,4,66,68,4,142,46,0,46,188
04/20/2015,CHO,VA,AEA,EN,Federal Contract Tower,2,47,18,2,69,0,0,20,6,26,2,47,38,8,95,50,0,50,145
04/21/2015,CHO,VA,AEA,EN,Federal Contract Tower,2,36,17,8,63,0,2,24,0,26,2,38,41,8,89,16,0,16,105
04/22/2015,CHO,VA,AEA,EN,Federal Contract Tower,2,47,32,4,85,0,3,21,3,27,2,50,53,7,112,20,10,30,142
04/23/2015,CHO,VA,AEA,EN,Federal Contract Tower,2,73,63,4,142,0,7,47,6,60,2,80,110,10,202,52,8,60,262
04/24/2015,CHO,VA,AEA,EN,Federal Contract Tower,2,68,55,2,127,0,3,67,4,74,2,71,122,6,201,66,44,110,311
04/25/2015,CHO,VA,AEA,EN,Federal Contract Tower,2,38,33,0,73,0,1,29,0,30,2,39,62,0,103,78,0,78,181
04/26/2015,CHO,VA,AEA,EN,Federal Contract Tower,2,55,42,0,99,0,5,30,0,35,2,60,72,0,134,30,0,30,164
04/27/2015,CHO,VA,AEA,EN,Federal Contract Tower,2,45,21,0,68,0,4,50,4,58,2,49,71,4,126,40,0,40,166
04/28/2015,CHO,VA,AEA,EN,Federal Contract Tower,2,38,33,13,86,0,7,58,0,65,2,45,91,13,151,30,30,60,211
04/29/2015,CHO,VA,AEA,EN,Federal Contract Tower,2,60,33,2,97,0,6,67,3,76,2,66,100,5,173,98,4,102,275
04/30/2015,CHO,VA,AEA,EN,Federal Contract Tower,2,50,35,0,87,0,5,50,4,59,2,55,85,4,146,58,18,76,222
05/01/2015,CHO,VA,AEA,EN,Federal Contract Tower,2,54,47,0,103,0,2,13,0,15,2,56,60,0,118,18,0,18,136
05/02/2015,CHO,VA,AEA,EN,Federal Contract Tower,2,35,31,0,68,0,4,71,0,75,2,39,102,0,143,58,0,58,201
05/03/2015,CHO,VA,AEA,EN,Federal Contract Tower,2,47,32,0,81,0,5,110,0,115,2,52,142,0,196,100,0,100,296
05/04/2015,CHO,VA,AEA,EN,Federal Contract Tower,2,46,27,10,85,0,10,60,2,72,2,56,87,12,157,44,22,66,223
05/05/2015,CHO,VA,AEA,EN,Federal Contract Tower,1,47,24,4,76,0,4,44,12,60,1,51,68,16,136,30,32,62,198
05/06/2015,CHO,VA,AEA,EN,Federal Contract Tower,3,48,21,3,75,0,0,0,0,0,3,48,21,3,75,6,0,6,81
05/07/2015,CHO,VA,AEA,EN,Federal Contract Tower,2,53,31,7,93,0,3,36,5,44,2,56,67,12,137,46,22,68,205
05/08/2015,CHO,VA,AEA,EN,Federal Contract Tower,2,60,47,4,113,0,5,64,3,72,2,65,111,7,185,66,26,92,277
05/09/2015,CHO,VA,AEA,EN,Federal Contract Tower,2,40,25,0,67,0,0,42,0,42,2,40,67,0,109,26,0,26,135
05/10/2015,CHO,VA,AEA,EN,Federal Contract Tower,2,65,32,0,99,0,4,31,0,35,2,69,63,0,134,2,0,2,136
05/11/2015,CHO,VA,AEA,EN,Federal Contract Tower,2,55,30,17,104,0,3,36,0,39,2,58,66,17,143,30,0,30,173
05/12/2015,CHO,VA,AEA,EN,Federal Contract Tower,1,49,19,8,77,0,8,31,0,39,1,57,50,8,116,30,10,40,156
05/13/2015,CHO,VA,AEA,EN,Federal Contract Tower,2,49,18,0,69,0,4,48,0,52,2,53,66,0,121,32,0,32,153
05/14/2015,CHO,VA,AEA,EN,Federal Contract Tower,2,50,29,8,89,0,5,58,1,64,2,55,87,9,153,38,50,88,241
05/15/2015,CHO,VA,AEA,EN,Federal Contract Tower,2,64,34,3,103,0,2,48,5,55,2,66,82,8,158,60,14,74,232
05/16/2015,CHO,VA,AEA,EN,Federal Contract Tower,2,48,23,2,75,0,1,56,1,58,2,49,79,3,133,48,0,48,181
05/17/2015,CHO,VA,AEA,EN,Federal Contract Tower,2,83,34,0,119,0,4,30,0,34,2,87,64,0,153,10,0,10,163
05/18/2015,CHO,VA,AEA,EN,Federal Contract Tower,2,62,36,4,104,0,4,25,0,29,2,66,61,4,133,40,30,70,203
05/19/2015,CHO,VA,AEA,EN,Federal Contract Tower,2,51,21,2,76,0,2,61,1,64,2,53,82,3,140,30,20,50,190
05/20/2015,CHO,VA,AEA,EN,Federal Contract Tower,2,51,35,2,90,0,6,54,8,68,2,57,89,10,158,84,22,106,264
05/21/2015,CHO,VA,AEA,EN,Federal Contract Tower,2,52,27,0,81,0,0,0,0,0,2,52,27,0,81,0,0,0,81
05/22/2015,CHO,VA,AEA,EN,Federal Contract Tower,2,61,45,0,108,0,7,62,0,69,2,68,107,0,177,98,2,100,277
05/23/2015,CHO,VA,AEA,EN,Federal Contract Tower,2,38,17,0,57,0,4,77,0,81,2,42,94,0,138,80,4,84,222
05/24/2015,CHO,VA,AEA,EN,Federal Contract Tower,2,40,25,3,70,0,7,60,1,68,2,47,85,4,138,50,0,50,188
05/25/2015,CHO,VA,AEA,EN,Federal Contract Tower,2,49,17,2,70,0,2,45,0,47,2,51,62,2,117,50,10,60,177
05/26/2015,CHO,VA,AEA,EN,Federal Contract Tower,1,47,20,3,71,0,2,47,2,51,1,49,67,5,122,20,0,20,142
05/27/2015,CHO,VA,AEA,EN,Federal Contract Tower,2,55,26,2,85,0,2,41,2,45,2,57,67,4,130,34,10,44,174
05/28/2015,CHO,VA,AEA,EN,Federal Contract Tower,2,51,28,6,87,0,4,47,1,52,2,55,75,7,139,76,14,90,229
05/29/2015,CHO,VA,AEA,EN,Federal Contract Tower,2,44,31,2,79,0,4,27,5,36,2,48,58,7,115,20,0,20,135
05/30/2015,CHO,VA,AEA,EN,Federal Contract Tower,2,45,28,0,75,0,1,63,2,66,2,46,91,2,141,76,2,78,219
05/31/2015,CHO,VA,AEA,EN,Federal Contract Tower,2,53,29,1,85,0,1,60,0,61,2,54,89,1,146,50,4,54,200
06/01/2015,CHO,VA,AEA,EN,Federal Contract Tower,2,49,24,8,83,0,4,50,0,54,2,53,74,8,137,40,40,80,217
06/02/2015,CHO,VA,AEA,EN,Federal Contract Tower,2,43,34,4,83,0,0,0,0,0,2,43,34,4,83,0,0,0,83
06/03/2015,CHO,VA,AEA,EN,Federal Contract Tower,2,50,29,6,87,0,0,0,0,0,2,50,29,6,87,0,0,0,87
06/04/2015,CHO,VA,AEA,EN,Federal Contract Tower,2,46,21,0,69,0,0,0,0,0,2,46,21,0,69,0,0,0,69
06/05/2015,CHO,VA,AEA,EN,Federal Contract Tower,2,48,45,0,95,0,0,30,0,30,2,48,75,0,125,47,0,47,172
06/06/2015,CHO,VA,AEA,EN,Federal Contract Tower,4,47,30,1,82,0,3,61,0,64,4,50,91,1,146,102,2,104,250
06/07/2015,CHO,VA,AEA,EN,Federal Contract Tower,2,44,45,0,91,0,7,60,3,70,2,51,105,3,161,60,0,60,221
06/08/2015,CHO,VA,AEA,EN,Federal Contract Tower,2,44,22,0,68,0,2,40,0,42,2,46,62,0,110,50,0,50,160
06/09/2015,CHO,VA,AEA,EN,Federal Contract Tower,2,49,25,8,84,0,7,56,2,65,2,56,81,10,149,40,20,60,209
06/10/2015,CHO,VA,AEA,EN,Federal Contract Tower,2,46,30,4,82,0,3,73,3,79,2,49,103,7,161,32,4,36,197
06/11/2015,CHO,VA,AEA,EN,Federal Contract Tower,4,49,34,6,93,0,7,62,0,69,4,56,96,6,162,70,22,92,254
06/12/2015,CHO,VA,AEA,EN,Federal Contract Tower,2,60,44,13,119,0,8,57,10,75,2,68,101,23,194,72,8,80,274
06/13/2015,CHO,VA,AEA,EN,Federal Contract Tower,2,43,29,0,74,0,3,52,0,55,2,46,81,0,129,100,0,100,229
06/14/2015,CHO,VA,AEA,EN,Federal Contract Tower,2,46,29,0,77,0,3,45,0,48,2,49,74,0,125,30,0,30,155
06/15/2015,CHO,VA,AEA,EN,Federal Contract Tower,2,54,31,0,87,0,5,30,4,39,2,59,61,4,126,62,18,80,206
06/16/2015,CHO,VA,AEA,EN,Federal Contract Tower,2,45,18,2,67,0,3,32,3,38,2,48,50,5,105,54,26,80,185
06/17/2015,CHO,VA,AEA,EN,Federal Contract Tower,2,49,32,6,89,0,4,54,2,60,2,53,86,8,149,72,14,86,235
06/18/2015,CHO,VA,AEA,EN,Federal Contract Tower,2,51,27,2,82,0,3,68,0,71,2,54,95,2,153,82,0,82,235
06/19/2015,CHO,VA,AEA,EN,Federal Contract Tower,4,47,30,2,83,0,3,47,0,50,4,50,77,2,133,66,0,66,199
06/20/2015,CHO,VA,AEA,EN,Federal Contract Tower,2,34,24,0,60,0,2,54,0,56,2,36,78,0,116,60,0,60,176
06/21/2015,CHO,VA,AEA,EN,Federal Contract Tower,2,51,32,0,85,0,5,57,0,62,2,56,89,0,147,50,0,50,197
06/22/2015,CHO,VA,AEA,EN,Federal Contract Tower,2,50,27,11,90,0,4,45,0,49,2,54,72,11,139,40,40,80,219
06/23/2015,CHO,VA,AEA,EN,Federal Contract Tower,2,48,15,2,67,0,0,33,0,33,2,48,48,2,100,40,0,40,140
06/24/2015,CHO,VA,AEA,EN,Federal Contract Tower,2,46,35,7,90,0,6,62,2,70,2,52,97,9,160,44,0,44,204
06/25/2015,CHO,VA,AEA,EN,Federal Contract Tower,4,61,41,1,107,0,4,63,0,67,4,65,104,1,174,74,0,74,248
06/26/2015,CHO,VA,AEA,EN,Federal Contract Tower,2,46,32,0,80,0,0,0,0,0,2,46,32,0,80,8,0,8,88
06/27/2015,CHO,VA,AEA,EN,Federal Contract Tower,2,37,14,0,53,0,4,0,0,4,2,41,14,0,57,0,0,0,57
06/28/2015,CHO,VA,AEA,EN,Federal Contract Tower,2,46,21,0,69,0,4,70,2,76,2,50,91,2,145,40,2,42,187
06/29/2015,CHO,VA,AEA,EN,Federal Contract Tower,2,43,18,6,69,0,4,75,6,85,2,47,93,12,154,48,40,88,242
06/30/2015,CHO,VA,AEA,EN,Federal Contract Tower,2,40,20,6,68,0,2,59,0,61,2,42,79,6,129,30,0,30,159
07/01/2015,CHO,VA,AEA,EN,Federal Contract Tower,2,44,32,6,84,0,4,59,2,65,2,48,91,8,149,76,0,76,225
07/02/2015,CHO,VA,AEA,EN,Federal Contract Tower,2,42,30,1,75,0,2,42,0,44,2,44,72,1,119,54,0,54,173
07/03/2015,CHO,VA,AEA,EN,Federal Contract Tower,2,42,31,0,75,0,0,0,0,0,2,42,31,0,75,0,0,0,75
07/04/2015,CHO,VA,AEA,EN,Federal Contract Tower,4,21,13,1,39,0,0,21,0,21,4,21,34,1,60,20,0,20,80
07/05/2015,CHO,VA,AEA,EN,Federal Contract Tower,2,39,36,0,77,0,0,0,0,0,2,39,36,0,77,0,0,0,77
07/06/2015,CHO,VA,AEA,EN,Federal Contract Tower,2,52,23,0,77,0,5,5,2,12,2,57,28,2,89,10,0,10,99
07/07/2015,CHO,VA,AEA,EN,Federal Contract Tower,0,50,36,0,86,0,2,78,0,80,0,52,114,0,166,76,0,76,242
07/08/2015,CHO,VA,AEA,EN,Federal Contract Tower,2,44,31,3,80,0,2,59,0,61,2,46,90,3,141,64,0,64,205
07/09/2015,CHO,VA,AEA,EN,Federal Contract Tower,2,44,36,7,89,0,2,81,2,85,2,46,117,9,174,76,26,102,276
07/10/2015,CHO,VA,AEA,EN,Federal Contract Tower,2,42,36,0,80,0,2,66,4,72,2,44,102,4,152,102,0,102,254
07/11/2015,CHO,VA,AEA,EN,Federal Contract Tower,2,28,27,2,59,0,1,20,2,23,2,29,47,4,82,82,0,82,164
07/12/2015,CHO,VA,AEA,EN,Federal Contract Tower,1,46,39,0,86,0,5,75,0,80,1,51,114,0,166,90,0,90,256
07/13/2015,CHO,VA,AEA,EN,Federal Contract Tower,2,43,17,0,62,0,20,2,0,22,2,63,19,0,84,0,0,0,84
07/14/2015,CHO,VA,AEA,EN,Federal Contract Tower,2,49,41,2,94,0,2,65,2,69,2,51,106,4,163,60,16,76,239
07/15/2015,CHO,VA,AEA,EN,Federal Contract Tower,2,42,34,4,82,0,2,53,2,57,2,44,87,6,139,56,8,64,203
07/16/2015,CHO,VA,AEA,EN,Federal Contract Tower,2,45,40,12,99,0,5,77,8,90,2,50,117,20,189,126,12,138,327
07/17/2015,CHO,VA,AEA,EN,Federal Contract Tower,2,48,31,0,81,0,0,54,0,54,2,48,85,0,135,76,0,76,211
07/18/2015,CHO,VA,AEA,EN,Federal Contract Tower,2,33,15,3,53,0,1,39,0,40,2,34,54,3,93,43,0,43,136
07/19/2015,CHO,VA,AEA,EN,Federal Contract Tower,2,38,25,0,65,0,2,30,2,34,2,40,55,2,99,40,2,42,141
07/20/2015,CHO,VA,AEA,EN,Federal Contract Tower,2,49,19,3,73,0,2,28,0,30,2,51,47,3,103,30,30,60,163
07/21/2015,CHO,VA,AEA,EN,Federal Contract Tower,2,39,23,0,64,0,1,26,0,27,2,40,49,0,91,4,0,4,95
07/22/2015,CHO,VA,AEA,EN,Federal Contract Tower,2,52,18,2,74,0,4,69,0,73,2,56,87,2,147,26,2,28,175
07/23/2015,CHO,VA,AEA,EN,Federal Contract Tower,2,47,27,2,78,0,4,59,0,63,2,51,86,2,141,100,0,100,241
07/24/2015,CHO,VA,AEA,EN,Federal Contract Tower,2,43,36,4,85,0,7,65,16,88,2,50,101,20,173,129,20,149,322
07/25/2015,CHO,VA,AEA,EN,Federal Contract Tower,2,30,21,0,53,0,1,48,0,49,2,31,69,0,102,96,0,96,198
07/26/2015,CHO,VA,AEA,EN,Federal Contract Tower,2,56,25,0,83,0,3,70,0,73,2,59,95,0,156,40,0,40,196
07/27/2015,CHO,VA,AEA,EN,Federal Contract Tower,2,45,24,0,71,0,0,11,0,11,2,45,35,0,82,12,0,12,94
07/28/2015,CHO,VA,AEA,EN,Federal Contract Tower,2,39,17,8,66,0,2,10,2,14,2,41,27,10,80,30,0,30,110
07/29/2015,CHO,VA,AEA,EN,Federal Contract Tower,2,41,29,6,78,0,2,25,1,28,2,43,54,7,106,38,0,38,144
07/30/2015,CHO,VA,AEA,EN,Federal Contract Tower,2,54,27,3,86,0,5,46,4,55,2,59,73,7,141,78,6,84,225
07/31/2015,CHO,VA,AEA,EN,Federal Contract Tower,2,45,27,1,75,0,1,63,4,68,2,46,90,5,143,55,12,67,210
08/01/2015,CHO,VA,AEA,EN,Federal Contract Tower,2,34,25,0,61,0,4,45,0,49,2,38,70,0,110,54,0,54,164
08/02/2015,CHO,VA,AEA,EN,Federal Contract Tower,2,45,20,0,67,0,6,70,0,76,2,51,90,0,143,50,0,50,193
08/03/2015,CHO,VA,AEA,EN,Federal Contract Tower,2,48,27,4,81,0,3,35,0,38,2,51,62,4,119,10,8,18,137
08/04/2015,CHO,VA,AEA,EN,Federal Contract Tower,2,48,36,0,86,0,3,25,4,32,2,51,61,4,118,72,0,72,190
08/05/2015,CHO,VA,AEA,EN,Federal Contract Tower,2,41,15,2,60,0,3,43,2,48,2,44,58,4,108,60,0,60,168
08/06/2015,CHO,VA,AEA,EN,Federal Contract Tower,2,47,40,6,95,0,3,55,2,60,2,50,95,8,155,58,28,86,241
08/07/2015,CHO,VA,AEA,EN,Federal Contract Tower,2,40,32,5,79,0,1,19,0,20,2,41,51,5,99,18,0,18,117
08/08/2015,CHO,VA,AEA,EN,Federal Contract Tower,2,36,32,0,70,0,5,42,0,47,2,41,74,0,117,62,0,62,179
08/09/2015,CHO,VA,AEA,EN,Federal Contract Tower,2,45,24,0,71,0,4,57,1,62,2,49,81,1,133,50,0,50,183
08/10/2015,CHO,VA,AEA,EN,Federal Contract Tower,2,48,23,0,73,0,0,5,0,5,2,48,28,0,78,0,0,0,78
08/11/2015,CHO,VA,AEA,EN,Federal Contract Tower,2,50,29,4,85,0,0,20,0,20,2,50,49,4,105,20,0,20,125
08/12/2015,CHO,VA,AEA,EN,Federal Contract Tower,2,48,26,4,80,0,12,55,6,73,2,60,81,10,153,58,16,74,227
08/13/2015,CHO,VA,AEA,EN,Federal Contract Tower,2,51,33,4,90,0,7,52,4,63,2,58,85,8,153,84,20,104,257
08/14/2015,CHO,VA,AEA,EN,Federal Contract Tower,2,38,31,0,71,0,1,50,2,53,2,39,81,2,124,32,2,34,158
08/15/2015,CHO,VA,AEA,EN,Federal Contract Tower,2,32,13,0,47,0,2,30,2,34,2,34,43,2,81,45,0,45,126
08/16/2015,CHO,VA,AEA,EN,Federal Contract Tower,2,58,36,0,96,0,4,60,0,64,2,62,96,0,160,50,0,50,210
08/17/2015,CHO,VA,AEA,EN,Federal Contract Tower,2,47,32,4,85,0,3,50,14,67,2,50,82,18,152,40,6,46,198
08/18/2015,CHO,VA,AEA,EN,Federal Contract Tower,3,45,16,0,64,0,2,17,14,33,3,47,33,14,97,18,30,48,145
08/19/2015,CHO,VA,AEA,EN,Federal Contract Tower,2,37,18,6,63,0,0,2,0,2,2,37,20,6,65,0,0,0,65
08/20/2015,CHO,VA,AEA,EN,Federal Contract Tower,2,51,33,0,86,0,1,4,2,7,2,52,37,2,93,22,8,30,123
08/21/2015,CHO,VA,AEA,EN,Federal Contract Tower,2,57,46,2,107,0,6,59,9,74,2,63,105,11,181,64,6,70,251
08/22/2015,CHO,VA,AEA,EN,Federal Contract Tower,2,45,26,0,73,0,2,62,1,65,2,47,88,1,138,43,0,43,181
08/23/2015,CHO,VA,AEA,EN,Federal Contract Tower,2,55,25,0,82,0,5,40,0,45,2,60,65,0,127,30,0,30,157
08/24/2015,CHO,VA,AEA,EN,Federal Contract Tower,2,45,19,4,70,0,1,25,2,28,2,46,44,6,98,20,20,40,138
08/25/2015,CHO,VA,AEA,EN,Federal Contract Tower,1,50,23,12,86,0,2,58,2,62,1,52,81,14,148,24,22,46,194
08/26/2015,CHO,VA,AEA,EN,Federal Contract Tower,2,45,27,6,80,0,3,76,4,83,2,48,103,10,163,28,20,48,211
08/27/2015,CHO,VA,AEA,EN,Federal Contract Tower,2,46,31,4,83,0,7,60,4,71,2,53,91,8,154,64,12,76,230
08/28/2015,CHO,VA,AEA,EN,Federal Contract Tower,2,45,38,0,85,0,2,31,0,33,2,47,69,0,118,24,0,24,142
08/29/2015,CHO,VA,AEA,EN,Federal Contract Tower,2,34,20,0,56,0,3,48,0,51,2,37,68,0,107,42,0,42,149
08/30/2015,CHO,VA,AEA,EN,Federal Contract Tower,2,49,25,0,76,0,1,48,0,49,2,50,73,0,125,40,0,40,165
08/31/2015,CHO,VA,AEA,EN,Federal Contract Tower,2,48,21,4,75,0,3,45,0,48,2,51,66,4,123,30,20,50,173
09/01/2015,CHO,VA,AEA,EN,Federal Contract Tower,1,41,12,0,54,0,2,29,5,36,1,43,41,5,90,10,0,10,100
09/02/2015,CHO,VA,AEA,EN,Federal Contract Tower,2,55,24,2,83,0,1,27,3,31,2,56,51,5,114,18,2,20,134
09/03/2015,CHO,VA,AEA,EN,Federal Contract Tower,2,44,14,4,64,0,2,22,2,26,2,46,36,6,90,14,6,20,110
09/04/2015,CHO,VA,AEA,EN,Federal Contract Tower,5,46,31,0,82,0,2,27,0,29,5,48,58,0,111,32,0,32,143
09/05/2015,CHO,VA,AEA,EN,Federal Contract Tower,2,33,25,0,60,0,3,15,0,18,2,36,40,0,78,6,0,6,84
09/06/2015,CHO,VA,AEA,EN,Federal Contract Tower,4,46,22,4,76,0,3,40,3,46,4,49,62,7,122,50,2,52,174
09/07/2015,CHO,VA,AEA,EN,Federal Contract Tower,3,56,34,0,93,0,7,50,4,61,3,63,84,4,154,40,6,46,200
09/08/2015,CHO,VA,AEA,EN,Federal Contract Tower,2,50,33,6,91,0,2,53,12,67,2,52,86,18,158,50,0,50,208
09/09/2015,CHO,VA,AEA,EN,Federal Contract Tower,2,42,19,0,63,0,4,27,0,31,2,46,46,0,94,12,0,12,106
09/10/2015,CHO,VA,AEA,EN,Federal Contract Tower,2,49,26,10,87,0,0,0,0,0,2,49,26,10,87,0,0,0,87
09/11/2015,CHO,VA,AEA,EN,Federal Contract Tower,6,65,53,2,126,0,6,72,0,78,6,71,125,2,204,94,4,98,302
09/12/2015,CHO,VA,AEA,EN,Federal Contract Tower,4,45,19,0,68,0,0,4,0,4,4,45,23,0,72,7,0,7,79
09/13/2015,CHO,VA,AEA,EN,Federal Contract Tower,3,59,32,1,95,0,2,45,1,48,3,61,77,2,143,40,0,40,183
09/14/2015,CHO,VA,AEA,EN,Federal Contract Tower,2,52,34,6,94,0,6,45,2,53,2,58,79,8,147,30,8,38,185
09/15/2015,CHO,VA,AEA,EN,Federal Contract Tower,9,46,35,5,95,3,0,41,0,44,12,46,76,5,139,20,34,54,193
09/16/2015,CHO,VA,AEA,EN,Federal Contract Tower,2,44,29,0,75,0,0,0,0,0,2,44,29,0,75,24,8,32,107
09/17/2015,CHO,VA,AEA,EN,Federal Contract Tower,2,56,31,10,99,0,9,40,0,49,2,65,71,10,148,56,36,92,240
09/18/2015,CHO,VA,AEA,EN,Federal Contract Tower,2,53,33,6,94,0,2,53,4,59,2,55,86,10,153,44,0,44,197
09/19/2015,CHO,VA,AEA,EN,Federal Contract Tower,2,35,20,0,57,0,2,41,0,43,2,37,61,0,100,86,0,86,186
09/20/2015,CHO,VA,AEA,EN,Federal Contract Tower,2,51,26,0,79,0,4,40,0,44,2,55,66,0,123,20,0,20,143
09/21/2015,CHO,VA,AEA,EN,Federal Contract Tower,2,54,17,2,75,0,1,12,0,13,2,55,29,2,88,24,0,24,112
09/22/2015,CHO,VA,AEA,EN,Federal Contract Tower,1,37,26,12,76,0,4,7,14,25,1,41,33,26,101,0,14,14,115
09/23/2015,CHO,VA,AEA,EN,Federal Contract Tower,4,54,38,6,102,0,3,45,0,48,4,57,83,6,150,20,0,20,170
09/24/2015,CHO,VA,AEA,EN,Federal Contract Tower,4,45,18,4,71,0,0,25,0,25,4,45,43,4,96,22,0,22,118
09/25/2015,CHO,VA,AEA,EN,Federal Contract Tower,6,49,37,0,92,0,1,8,0,9,6,50,45,0,101,10,0,10,111
09/26/2015,CHO,VA,AEA,EN,Federal Contract Tower,3,35,24,0,62,0,0,0,0,0,3,35,24,0,62,2,0,2,64
09/27/2015,CHO,VA,AEA,EN,Federal Contract Tower,3,55,23,0,81,0,0,2,0,2,3,55,25,0,83,0,0,0,83
09/28/2015,CHO,VA,AEA,EN,Federal Contract Tower,2,52,34,0,88,0,0,0,0,0,2,52,34,0,88,0,0,0,88
09/29/2015,CHO,VA,AEA,EN,Federal Contract Tower,3,39,8,0,50,0,0,0,0,0,3,39,8,0,50,0,0,0,50
09/30/2015,CHO,VA,AEA,EN,Federal Contract Tower,4,48,50,4,106,0,2,28,0,30,4,50,78,4,136,20,0,20,156
10/01/2015,CHO,VA,AEA,EN,Federal Contract Tower,4,46,22,4,76,0,1,0,0,1,4,47,22,4,77,0,0,0,77
10/02/2015,CHO,VA,AEA,EN,Federal Contract Tower,4,44,13,0,61,0,0,0,0,0,4,44,13,0,61,0,0,0,61
10/03/2015,CHO,VA,AEA,EN,Federal Contract Tower,4,38,23,0,65,0,0,0,0,0,4,38,23,0,65,0,0,0,65
10/04/2015,CHO,VA,AEA,EN,Federal Contract Tower,4,46,18,0,68,0,0,0,0,0,4,46,18,0,68,0,0,0,68
10/05/2015,CHO,VA,AEA,EN,Federal Contract Tower,4,45,39,0,88,0,2,38,10,50,4,47,77,10,138,55,12,67,205
10/06/2015,CHO,VA,AEA,EN,Federal Contract Tower,3,44,31,2,80,0,1,65,0,66,3,45,96,2,146,64,8,72,218
10/07/2015,CHO,VA,AEA,EN,Federal Contract Tower,4,54,39,4,101,0,2,50,4,56,4,56,89,8,157,83,24,107,264
10/08/2015,CHO,VA,AEA,EN,Federal Contract Tower,4,43,39,8,94,0,3,57,5,65,4,46,96,13,159,46,40,86,245
10/09/2015,CHO,VA,AEA,EN,Federal Contract Tower,5,50,28,0,83,0,1,33,0,34,5,51,61,0,117,40,0,40,157
10/10/2015,CHO,VA,AEA,EN,Federal Contract Tower,6,44,24,0,74,0,0,26,0,26,6,44,50,0,100,52,0,52,152
10/11/2015,CHO,VA,AEA,EN,Federal Contract Tower,6,44,21,0,71,0,0,60,0,60,6,44,81,0,131,56,0,56,187
10/12/2015,CHO,VA,AEA,EN,Federal Contract Tower,3,51,50,6,110,0,5,50,0,55,3,56,100,6,165,62,20,82,247
10/13/2015,CHO,VA,AEA,EN,Federal Contract Tower,4,39,19,0,62,0,2,18,20,40,4,41,37,20,102,11,0,11,113
10/14/2015,CHO,VA,AEA,EN,Federal Contract Tower,3,49,31,12,95,0,2,56,0,58,3,51,87,12,153,30,20,50,203
10/15/2015,CHO,VA,AEA,EN,Federal Contract Tower,4,55,42,2,103,0,2,41,0,43,4,57,83,2,146,58,20,78,224
10/16/2015,CHO,VA,AEA,EN,Federal Contract Tower,6,63,33,8,110,0,4,60,0,64,6,67,93,8,174,24,4,28,202
10/17/2015,CHO,VA,AEA,EN,Federal Contract Tower,6,50,33,0,89,0,7,37,0,44,6,57,70,0,133,64,0,64,197
10/18/2015,CHO,VA,AEA,EN,Federal Contract Tower,4,70,45,0,119,0,6,26,0,32,4,76,71,0,151,20,0,20,171
10/19/2015,CHO,VA,AEA,EN,Federal Contract Tower,4,59,38,8,109,0,7,42,0,49,4,66,80,8,158,40,30,70,228
10/20/2015,CHO,VA,AEA,EN,Federal Contract Tower,3,49,31,4,87,0,4,60,4,68,3,53,91,8,155,34,10,44,199
10/21/2015,CHO,VA,AEA,EN,Federal Contract Tower,4,57,34,4,99,0,2,49,0,51,4,59,83,4,150,60,24,84,234
10/22/2015,CHO,VA,AEA,EN,Federal Contract Tower,4,45,36,8,93,0,2,53,4,59,4,47,89,12,152,71,26,97,249
10/23/2015,CHO,VA,AEA,EN,Federal Contract Tower,3,51,40,10,104,0,2,47,0,49,3,53,87,10,153,52,0,52,205
10/24/2015,CHO,VA,AEA,EN,Federal Contract Tower,4,38,29,0,71,0,5,56,0,61,4,43,85,0,132,48,0,48,180
10/25/2015,CHO,VA,AEA,EN,Federal Contract Tower,6,52,40,4,102,0,7,35,0,42,6,59,75,4,144,20,10,30,174
10/26/2015,CHO,VA,AEA,EN,Federal Contract Tower,4,55,33,14,106,0,6,57,4,67,4,61,90,18,173,52,16,68,241
10/27/2015,CHO,VA,AEA,EN,Federal Contract Tower,4,57,36,4,101,0,0,3,0,3,4,57,39,4,104,0,0,0,104
10/28/2015,CHO,VA,AEA,EN,Federal Contract Tower,3,42,33,4,82,0,0,0,0,0,3,42,33,4,82,0,0,0,82
10/29/2015,CHO,VA,AEA,EN,Federal Contract Tower,6,55,45,4,110,0,4,48,0,52,6,59,93,4,162,72,22,94,256
10/30/2015,CHO,VA,AEA,EN,Federal Contract Tower,6,46,40,5,97,0,13,57,0,70,6,59,97,5,167,26,20,46,213
10/31/2015,CHO,VA,AEA,EN,Federal Contract Tower,5,39,33,0,77,0,3,64,1,68,5,42,97,1,145,86,0,86,231
11/01/2015,CHO,VA,AEA,EN,Federal Contract Tower,4,49,25,1,79,0,2,30,0,32,4,51,55,1,111,30,0,30,141
11/02/2015,CHO,VA,AEA,EN,Federal Contract Tower,4,54,30,10,98,0,5,45,2,52,4,59,75,12,150,50,70,120,270
11/03/2015,CHO,VA,AEA,EN,Federal Contract Tower,4,53,33,4,94,0,2,72,0,74,4,55,105,4,168,50,22,72,240
11/04/2015,CHO,VA,AEA,EN,Federal Contract Tower,4,48,30,11,93,0,2,56,6,64,4,50,86,17,157,50,60,110,267
11/05/2015,CHO,VA,AEA,EN,Federal Contract Tower,6,42,39,4,91,0,0,56,0,56,6,42,95,4,147,42,16,58,205
11/06/2015,CHO,VA,AEA,EN,Federal Contract Tower,7,56,32,10,105,0,2,7,0,9,7,58,39,10,114,6,8,14,128
11/07/2015,CHO,VA,AEA,EN,Federal Contract Tower,4,40,22,0,66,0,0,0,0,0,4,40,22,0,66,0,0,0,66
11/08/2015,CHO,VA,AEA,EN,Federal Contract Tower,5,57,29,1,92,0,4,66,2,72,5,61,95,3,164,80,0,80,244
11/09/2015,CHO,VA,AEA,EN,Federal Contract Tower,5,53,39,4,101,0,2,28,2,32,5,55,67,6,133,46,22,68,201
11/10/2015,CHO,VA,AEA,EN,Federal Contract Tower,4,37,14,0,55,0,0,2,0,2,4,37,16,0,57,0,0,0,57
11/11/2015,CHO,VA,AEA,EN,Federal Contract Tower,3,46,26,4,79,0,2,54,0,56,3,48,80,4,135,30,12,42,177
11/12/2015,CHO,VA,AEA,EN,Federal Contract Tower,6,47,18,9,80,0,0,11,0,11,6,47,29,9,91,28,0,28,119
11/13/2015,CHO,VA,AEA,EN,Federal Contract Tower,6,61,28,0,95,0,4,12,1,17,6,65,40,1,112,18,0,18,130
11/14/2015,CHO,VA,AEA,EN,Federal Contract Tower,5,41,21,0,67,0,10,25,0,35,5,51,46,0,102,76,2,78,180
11/15/2015,CHO,VA,AEA,EN,Federal Contract Tower,6,57,24,0,87,0,6,45,1,52,6,63,69,1,139,50,0,50,189
11/16/2015,CHO,VA,AEA,EN,Federal Contract Tower,6,49,27,2,84,0,6,55,2,63,6,55,82,4,147,30,20,50,197
11/17/2015,CHO,VA,AEA,EN,Federal Contract Tower,7,38,35,0,80,0,7,44,0,51,7,45,79,0,131,10,0,10,141
11/18/2015,CHO,VA,AEA,EN,Federal Contract Tower,3,46,32,6,87,0,0,0,0,0,3,46,32,6,87,0,0,0,87
11/19/2015,CHO,VA,AEA,EN,Federal Contract Tower,4,46,36,19,105,0,2,2,0,4,4,48,38,19,109,0,0,0,109
11/20/2015,CHO,VA,AEA,EN,Federal Contract Tower,6,59,32,3,100,0,9,66,0,75,6,68,98,3,175,34,6,40,215
11/21/2015,CHO,VA,AEA,EN,Federal Contract Tower,3,33,29,0,65,0,3,53,2,58,3,36,82,2,123,58,20,78,201
11/22/2015,CHO,VA,AEA,EN,Federal Contract Tower,6,36,30,2,74,0,4,25,0,29,6,40,55,2,103,20,0,20,123
11/23/2015,CHO,VA,AEA,EN,Federal Contract Tower,5,53,30,4,92,0,6,40,4,50,5,59,70,8,142,34,20,54,196
11/24/2015,CHO,VA,AEA,EN,Federal Contract Tower,3,52,28,13,96,0,3,45,1,49,3,55,73,14,145,60,40,100,245
11/25/2015,CHO,VA,AEA,EN,Federal Contract Tower,5,50,29,6,90,0,6,51,2,59,5,56,80,8,149,40,30,70,219
11/26/2015,CHO,VA,AEA,EN,Federal Contract Tower,3,27,22,0,52,0,0,24,0,24,3,27,46,0,76,8,0,8,84
11/27/2015,CHO,VA,AEA,EN,Federal Contract Tower,4,41,25,0,70,0,1,44,0,45,4,42,69,0,115,56,0,56,171
11/28/2015,CHO,VA,AEA,EN,Federal Contract Tower,6,45,42,0,93,0,13,47,0,60,6,58,89,0,153,88,0,88,241
11/29/2015,CHO,VA,AEA,EN,Federal Contract Tower,7,54,32,0,93,0,0,0,0,0,7,54,32,0,93,0,0,0,93
11/30/2015,CHO,VA,AEA,EN,Federal Contract Tower,4,52,30,2,88,0,0,0,0,0,4,52,30,2,88,0,0,0,88
12/01/2015,CHO,VA,AEA,EN,Federal Contract Tower,6,43,27,0,76,0,0,0,0,0,6,43,27,0,76,0,0,0,76
12/02/2015,CHO,VA,AEA,EN,Federal Contract Tower,8,38,27,0,73,0,0,0,0,0,8,38,27,0,73,0,0,0,73
12/03/2015,CHO,VA,AEA,EN,Federal Contract Tower,4,45,26,3,78,0,3,8,0,11,4,48,34,3,89,16,0,16,105
12/04/2015,CHO,VA,AEA,EN,Federal Contract Tower,6,47,25,5,83,0,6,53,3,62,6,53,78,8,145,72,24,96,241
12/05/2015,CHO,VA,AEA,EN,Federal Contract Tower,3,36,25,0,64,0,10,52,4,66,3,46,77,4,130,78,0,78,208
12/06/2015,CHO,VA,AEA,EN,Federal Contract Tower,5,44,25,0,74,0,4,45,2,51,5,48,70,2,125,10,0,10,135
12/07/2015,CHO,VA,AEA,EN,Federal Contract Tower,6,52,31,4,93,0,3,71,0,74,6,55,102,4,167,90,0,90,257
12/08/2015,CHO,VA,AEA,EN,Federal Contract Tower,5,54,29,12,100,0,7,58,4,69,5,61,87,16,169,82,30,112,281
12/09/2015,CHO,VA,AEA,EN,Federal Contract Tower,5,67,32,8,112,0,3,30,0,33,5,70,62,8,145,30,30,60,205
12/10/2015,CHO,VA,AEA,EN,Federal Contract Tower,4,46,17,0,67,0,0,22,0,22,4,46,39,0,89,30,0,30,119
12/11/2015,CHO,VA,AEA,EN,Federal Contract Tower,6,49,23,2,80,0,2,33,4,39,6,51,56,6,119,84,14,98,217
12/12/2015,CHO,VA,AEA,EN,Federal Contract Tower,4,33,13,3,53,0,0,42,1,43,4,33,55,4,96,42,34,76,172
12/13/2015,CHO,VA,AEA,EN,Federal Contract Tower,4,42,11,0,57,0,6,51,6,63,4,48,62,6,120,40,4,44,164
12/14/2015,CHO,VA,AEA,EN,Federal Contract Tower,8,49,25,8,90,0,5,30,0,35,8,54,55,8,125,40,24,64,189
12/15/2015,CHO,VA,AEA,EN,Federal Contract Tower,5,40,32,10,87,0,4,44,2,50,5,44,76,12,137,28,10,38,175
12/16/2015,CHO,VA,AEA,EN,Federal Contract Tower,4,40,29,6,79,0,1,65,2,68,4,41,94,8,147,32,16,48,195
12/17/2015,CHO,VA,AEA,EN,Federal Contract Tower,2,44,42,0,88,0,0,0,0,0,2,44,42,0,88,0,0,0,88
12/18/2015,CHO,VA,AEA,EN,Federal Contract Tower,8,51,38,2,99,0,3,43,0,46,8,54,81,2,145,42,0,42,187
12/19/2015,CHO,VA,AEA,EN,Federal Contract Tower,4,52,33,0,89,0,2,17,0,19,4,54,50,0,108,38,0,38,146
12/20/2015,CHO,VA,AEA,EN,Federal Contract Tower,3,48,10,0,61,0,13,27,0,40,3,61,37,0,101,60,0,60,161
12/21/2015,CHO,VA,AEA,EN,Federal Contract Tower,4,45,27,8,84,0,4,41,2,47,4,49,68,10,131,76,32,108,239
12/22/2015,CHO,VA,AEA,EN,Federal Contract Tower,4,47,30,6,87,0,0,0,10,10,4,47,30,16,97,0,0,0,97
12/23/2015,CHO,VA,AEA,EN,Federal Contract Tower,2,28,13,2,45,0,0,0,0,0,2,28,13,2,45,0,0,0,45
12/24/2015,CHO,VA,AEA,EN,Federal Contract Tower,2,29,7,0,38,0,2,0,0,2,2,31,7,0,40,0,2,2,42
12/25/2015,CHO,VA,AEA,EN,Federal Contract Tower,2,25,3,0,30,0,0,2,0,2,2,25,5,0,32,0,0,0,32
12/26/2015,CHO,VA,AEA,EN,Federal Contract Tower,2,29,11,0,42,0,0,0,0,0,2,29,11,0,42,0,0,0,42
12/27/2015,CHO,VA,AEA,EN,Federal Contract Tower,2,44,22,0,68,0,2,35,0,37,2,46,57,0,105,30,0,30,135
12/28/2015,CHO,VA,AEA,EN,Federal Contract Tower,4,41,13,6,64,0,7,0,0,7,4,48,13,6,71,12,0,12,83
12/29/2015,CHO,VA,AEA,EN,Federal Contract Tower,4,45,16,0,65,0,10,10,0,20,4,55,26,0,85,14,0,14,99
12/30/2015,CHO,VA,AEA,EN,Federal Contract Tower,2,36,10,0,48,0,0,0,0,0,2,36,10,0,48,0,0,0,48
12/31/2015,CHO,VA,AEA,EN,Federal Contract Tower,2,27,17,0,46,0,0,10,0,10,2,27,27,0,56,6,0,6,62
01/01/2016,CHO,VA,AEA,EN,Federal Contract Tower,2,32,9,0,43,0,4,29,0,33,2,36,38,0,76,56,0,56,132
01/02/2016,CHO,VA,AEA,EN,Federal Contract Tower,6,29,32,0,67,0,8,48,0,56,6,37,80,0,123,32,0,32,155
01/03/2016,CHO,VA,AEA,EN,Federal Contract Tower,4,52,12,0,68,0,8,45,0,53,4,60,57,0,121,20,0,20,141
01/04/2016,CHO,VA,AEA,EN,Federal Contract Tower,6,48,38,3,95,0,5,35,2,42,6,53,73,5,137,50,0,50,187
01/05/2016,CHO,VA,AEA,EN,Federal Contract Tower,7,48,20,2,77,0,2,50,6,58,7,50,70,8,135,54,24,78,213
01/06/2016,CHO,VA,AEA,EN,Federal Contract Tower,7,60,26,6,99,0,0,37,4,41,7,60,63,10,140,42,20,62,202
01/07/2016,CHO,VA,AEA,EN,Federal Contract Tower,6,36,19,10,71,0,0,4,0,4,6,36,23,10,75,0,0,0,75
01/08/2016,CHO,VA,AEA,EN,Federal Contract Tower,6,55,46,0,107,0,0,0,0,0,6,55,46,0,107,0,0,0,107
01/09/2016,CHO,VA,AEA,EN,Federal Contract Tower,2,25,7,0,34,0,0,0,0,0,2,25,7,0,34,0,0,0,34
01/10/2016,CHO,VA,AEA,EN,Federal Contract Tower,6,32,16,0,54,0,2,15,0,17,6,34,31,0,71,10,0,10,81
01/11/2016,CHO,VA,AEA,EN,Federal Contract Tower,7,44,19,8,78,0,7,26,2,35,7,51,45,10,113,36,36,72,185
01/12/2016,CHO,VA,AEA,EN,Federal Contract Tower,7,37,21,0,65,0,3,22,4,29,7,40,43,4,94,6,4,10,104
01/13/2016,CHO,VA,AEA,EN,Federal Contract Tower,6,46,29,4,85,0,3,42,0,45,6,49,71,4,130,44,30,74,204
01/14/2016,CHO,VA,AEA,EN,Federal Contract Tower,5,50,31,2,88,0,3,36,2,41,5,53,67,4,129,78,6,84,213
01/15/2016,CHO,VA,AEA,EN,Federal Contract Tower,6,63,40,4,113,0,2,48,2,52,6,65,88,6,165,36,18,54,219
01/16/2016,CHO,VA,AEA,EN,Federal Contract Tower,4,26,15,0,45,0,4,27,0,31,4,30,42,0,76,65,0,65,141
01/17/2016,CHO,VA,AEA,EN,Federal Contract Tower,4,39,7,0,50,0,3,0,0,3,4,42,7,0,53,0,0,0,53
01/18/2016,CHO,VA,AEA,EN,Federal Contract Tower,6,51,22,0,79,0,6,60,0,66,6,57,82,0,145,40,0,40,185
01/19/2016,CHO,VA,AEA,EN,Federal Contract Tower,5,45,29,8,87,0,2,42,10,54,5,47,71,18,141,14,12,26,167
01/20/2016,CHO,VA,AEA,EN,Federal Contract Tower,5,36,11,7,59,0,1,30,0,31,5,37,41,7,90,26,0,26,116
01/21/2016,CHO,VA,AEA,EN,Federal Contract Tower,5,57,46,4,112,0,1,61,4,66,5,58,107,8,178,54,18,72,250
01/22/2016,CHO,VA,AEA,EN,Federal Contract Tower,2,12,15,0,29,0,0,0,0,0,2,12,15,0,29,0,0,0,29
01/23/2016,CHO,VA,AEA,EN,Federal Contract Tower,0,0,0,0,0,0,0,0,0,0,0,0,0,0,0,0,0,0,0
01/24/2016,CHO,VA,AEA,EN,Federal Contract Tower,3,32,7,0,42,0,6,20,0,26,3,38,27,0,68,0,0,0,68
01/25/2016,CHO,VA,AEA,EN,Federal Contract Tower,5,42,30,0,77,0,6,55,0,61,5,48,85,0,138,60,0,60,198
01/26/2016,CHO,VA,AEA,EN,Federal Contract Tower,5,44,28,4,81,0,2,33,2,37,5,46,61,6,118,20,18,38,156
01/27/2016,CHO,VA,AEA,EN,Federal Contract Tower,6,35,18,8,67,0,0,45,2,47,6,35,63,10,114,56,10,66,180
01/28/2016,CHO,VA,AEA,EN,Federal Contract Tower,6,63,54,4,127,0,2,57,2,61,6,65,111,6,188,56,0,56,244
01/29/2016,CHO,VA,AEA,EN,Federal Contract Tower,6,61,24,2,93,0,2,10,0,12,6,63,34,2,105,18,16,34,139
01/30/2016,CHO,VA,AEA,EN,Federal Contract Tower,4,27,19,0,50,0,5,73,0,78,4,32,92,0,128,36,0,36,164
01/31/2016,CHO,VA,AEA,EN,Federal Contract Tower,5,38,21,1,65,0,11,80,0,91,5,49,101,1,156,50,0,50,206
02/01/2016,CHO,VA,AEA,EN,Federal Contract Tower,6,51,34,4,95,0,3,35,4,42,6,54,69,8,137,46,22,68,205
02/02/2016,CHO,VA,AEA,EN,Federal Contract Tower,5,40,13,0,58,0,1,38,0,39,5,41,51,0,97,32,0,32,129
02/03/2016,CHO,VA,AEA,EN,Federal Contract Tower,4,51,33,0,88,0,0,0,0,0,4,51,33,0,88,0,0,0,88
02/04/2016,CHO,VA,AEA,EN,Federal Contract Tower,8,55,35,16,114,0,2,59,8,69,8,57,94,24,183,86,88,174,357
02/05/2016,CHO,VA,AEA,EN,Federal Contract Tower,10,50,27,6,93,0,11,46,2,59,10,61,73,8,152,70,52,122,274
02/06/2016,CHO,VA,AEA,EN,Federal Contract Tower,6,32,9,4,51,0,3,54,1,58,6,35,63,5,109,32,10,42,151
02/07/2016,CHO,VA,AEA,EN,Federal Contract Tower,6,36,13,0,55,0,6,47,0,53,6,42,60,0,108,40,0,40,148
02/08/2016,CHO,VA,AEA,EN,Federal Contract Tower,6,51,27,4,88,0,3,30,10,43,6,54,57,14,131,50,34,84,215
02/09/2016,CHO,VA,AEA,EN,Federal Contract Tower,5,35,15,2,57,0,0,22,0,22,5,35,37,2,79,26,0,26,105
02/10/2016,CHO,VA,AEA,EN,Federal Contract Tower,6,39,21,7,73,0,0,52,2,54,6,39,73,9,127,18,28,46,173
02/11/2016,CHO,VA,AEA,EN,Federal Contract Tower,6,57,32,6,101,0,2,67,1,70,6,59,99,7,171,46,0,46,217
02/12/2016,CHO,VA,AEA,EN,Federal Contract Tower,7,53,29,8,97,0,2,55,2,59,7,55,84,10,156,68,30,98,254
02/13/2016,CHO,VA,AEA,EN,Federal Contract Tower,2,32,11,0,45,0,0,9,0,9,2,32,20,0,54,16,0,16,70
02/14/2016,CHO,VA,AEA,EN,Federal Contract Tower,5,39,19,2,65,0,10,30,0,40,5,49,49,2,105,70,6,76,181
02/15/2016,CHO,VA,AEA,EN,Federal Contract Tower,6,28,9,0,43,0,0,0,0,0,6,28,9,0,43,0,0,0,43
02/16/2016,CHO,VA,AEA,EN,Federal Contract Tower,7,35,19,0,61,0,4,29,0,33,7,39,48,0,94,10,0,10,104
02/17/2016,CHO,VA,AEA,EN,Federal Contract Tower,8,40,17,7,72,0,6,54,3,63,8,46,71,10,135,86,16,102,237
02/18/2016,CHO,VA,AEA,EN,Federal Contract Tower,8,51,38,15,112,0,2,47,4,53,8,53,85,19,165,70,16,86,251
02/19/2016,CHO,VA,AEA,EN,Federal Contract Tower,7,60,38,6,111,0,6,55,2,63,7,66,93,8,174,68,24,92,266
02/20/2016,CHO,VA,AEA,EN,Federal Contract Tower,4,29,13,0,46,0,5,63,0,68,4,34,76,0,114,120,0,120,234
02/21/2016,CHO,VA,AEA,EN,Federal Contract Tower,3,32,23,0,58,0,0,4,0,4,3,32,27,0,62,0,0,0,62
02/22/2016,CHO,VA,AEA,EN,Federal Contract Tower,6,56,30,6,98,0,4,10,0,14,6,60,40,6,112,12,4,16,128
02/23/2016,CHO,VA,AEA,EN,Federal Contract Tower,6,39,20,0,65,0,0,0,0,0,6,39,20,0,65,0,0,0,65
02/24/2016,CHO,VA,AEA,EN,Federal Contract Tower,7,25,12,0,44,0,0,0,0,0,7,25,12,0,44,0,0,0,44
02/25/2016,CHO,VA,AEA,EN,Federal Contract Tower,8,50,34,4,96,0,5,11,0,16,8,55,45,4,112,0,14,14,126
02/26/2016,CHO,VA,AEA,EN,Federal Contract Tower,8,59,45,4,116,0,5,56,4,65,8,64,101,8,181,72,26,98,279
02/27/2016,CHO,VA,AEA,EN,Federal Contract Tower,4,47,35,0,86,0,6,65,0,71,4,53,100,0,157,70,0,70,227
02/28/2016,CHO,VA,AEA,EN,Federal Contract Tower,4,56,32,2,94,0,6,75,0,81,4,62,107,2,175,110,0,110,285
02/29/2016,CHO,VA,AEA,EN,Federal Contract Tower,6,58,29,2,95,0,8,65,4,77,6,66,94,6,172,50,34,84,256
03/01/2016,CHO,VA,AEA,EN,Federal Contract Tower,6,39,28,6,79,0,3,40,0,43,6,42,68,6,122,30,40,70,192
03/02/2016,CHO,VA,AEA,EN,Federal Contract Tower,5,37,22,2,66,0,0,23,0,23,5,37,45,2,89,10,20,30,119
03/03/2016,CHO,VA,AEA,EN,Federal Contract Tower,8,61,43,11,123,0,2,47,8,57,8,63,90,19,180,50,40,90,270
03/04/2016,CHO,VA,AEA,EN,Federal Contract Tower,9,65,47,11,132,0,2,32,2,36,9,67,79,13,168,78,61,139,307
03/05/2016,CHO,VA,AEA,EN,Federal Contract Tower,6,40,28,0,74,0,1,44,0,45,6,41,72,0,119,76,0,76,195
03/06/2016,CHO,VA,AEA,EN,Federal Contract Tower,6,40,32,4,82,0,7,55,1,63,6,47,87,5,145,40,0,40,185
03/07/2016,CHO,VA,AEA,EN,Federal Contract Tower,3,48,23,0,74,0,5,27,0,32,3,53,50,0,106,10,4,14,120
03/08/2016,CHO,VA,AEA,EN,Federal Contract Tower,7,43,31,0,81,0,4,52,2,58,7,47,83,2,139,30,0,30,169
03/09/2016,CHO,VA,AEA,EN,Federal Contract Tower,6,41,20,10,77,0,2,52,0,54,6,43,72,10,131,20,28,48,179
03/10/2016,CHO,VA,AEA,EN,Federal Contract Tower,4,48,32,6,90,0,2,45,6,53,4,50,77,12,143,54,56,110,253
03/11/2016,CHO,VA,AEA,EN,Federal Contract Tower,7,57,42,14,120,0,3,52,5,60,7,60,94,19,180,98,36,134,314
03/12/2016,CHO,VA,AEA,EN,Federal Contract Tower,1,36,29,5,71,0,2,42,0,44,1,38,71,5,115,43,0,43,158
03/13/2016,CHO,VA,AEA,EN,Federal Contract Tower,4,52,22,3,81,0,0,15,1,16,4,52,37,4,97,10,0,10,107
03/14/2016,CHO,VA,AEA,EN,Federal Contract Tower,7,58,32,4,101,0,0,0,0,0,7,58,32,4,101,0,0,0,101
03/15/2016,CHO,VA,AEA,EN,Federal Contract Tower,7,58,40,0,105,0,2,41,5,48,7,60,81,5,153,16,6,22,175
03/16/2016,CHO,VA,AEA,EN,Federal Contract Tower,4,69,40,4,117,0,2,46,0,48,4,71,86,4,165,52,12,64,229
03/17/2016,CHO,VA,AEA,EN,Federal Contract Tower,7,55,43,17,122,0,2,57,4,63,7,57,100,21,185,56,28,84,269
03/18/2016,CHO,VA,AEA,EN,Federal Contract Tower,11,52,40,10,113,0,6,34,2,42,11,58,74,12,155,28,24,52,207
03/19/2016,CHO,VA,AEA,EN,Federal Contract Tower,5,39,30,6,80,0,1,11,0,12,5,40,41,6,92,22,0,22,114
03/20/2016,CHO,VA,AEA,EN,Federal Contract Tower,5,46,12,0,63,0,10,10,0,20,5,56,22,0,83,0,0,0,83
03/21/2016,CHO,VA,AEA,EN,Federal Contract Tower,5,57,33,4,99,0,5,53,4,62,5,62,86,8,161,50,34,84,245
03/22/2016,CHO,VA,AEA,EN,Federal Contract Tower,7,39,20,7,73,0,2,55,2,59,7,41,75,9,132,24,40,64,196
03/23/2016,CHO,VA,AEA,EN,Federal Contract Tower,15,39,17,6,77,0,0,60,1,61,15,39,77,7,138,52,6,58,196
03/24/2016,CHO,VA,AEA,EN,Federal Contract Tower,5,58,22,5,90,0,0,50,4,54,5,58,72,9,144,44,8,52,196
03/25/2016,CHO,VA,AEA,EN,Federal Contract Tower,7,65,32,0,104,0,0,30,0,30,7,65,62,0,134,58,0,58,192
03/26/2016,CHO,VA,AEA,EN,Federal Contract Tower,3,38,34,0,75,0,3,57,0,60,3,41,91,0,135,24,0,24,159
03/27/2016,CHO,VA,AEA,EN,Federal Contract Tower,9,56,15,0,80,0,0,15,0,15,9,56,30,0,95,0,0,0,95
03/28/2016,CHO,VA,AEA,EN,Federal Contract Tower,8,59,25,4,96,0,1,20,5,26,8,60,45,9,122,10,0,10,132
03/29/2016,CHO,VA,AEA,EN,Federal Contract Tower,7,57,31,6,101,0,2,62,5,69,7,59,93,11,170,40,30,70,240
03/30/2016,CHO,VA,AEA,EN,Federal Contract Tower,3,59,24,0,86,0,0,62,8,70,3,59,86,8,156,14,0,14,170
03/31/2016,CHO,VA,AEA,EN,Federal Contract Tower,5,54,37,10,106,0,3,18,2,23,5,57,55,12,129,0,8,8,137
04/01/2016,CHO,VA,AEA,EN,Federal Contract Tower,5,65,37,6,113,0,5,41,2,48,5,70,78,8,161,48,24,72,233
04/02/2016,CHO,VA,AEA,EN,Federal Contract Tower,3,36,37,0,76,0,6,20,0,26,3,42,57,0,102,60,0,60,162
04/03/2016,CHO,VA,AEA,EN,Federal Contract Tower,1,58,30,0,89,0,3,35,0,38,1,61,65,0,127,40,0,40,167
04/04/2016,CHO,VA,AEA,EN,Federal Contract Tower,6,59,28,6,99,0,8,45,2,55,6,67,73,8,154,50,34,84,238
04/05/2016,CHO,VA,AEA,EN,Federal Contract Tower,5,48,11,6,70,0,8,36,0,44,5,56,47,6,114,74,6,80,194
04/06/2016,CHO,VA,AEA,EN,Federal Contract Tower,2,46,25,6,79,0,0,55,5,60,2,46,80,11,139,6,0,6,145
04/07/2016,CHO,VA,AEA,EN,Federal Contract Tower,8,51,25,1,85,0,0,6,6,12,8,51,31,7,97,8,0,8,105
04/08/2016,CHO,VA,AEA,EN,Federal Contract Tower,7,64,26,11,108,0,3,34,4,41,7,67,60,15,149,56,22,78,227
04/09/2016,CHO,VA,AEA,EN,Federal Contract Tower,2,43,20,0,65,0,4,11,0,15,2,47,31,0,80,0,0,0,80
04/10/2016,CHO,VA,AEA,EN,Federal Contract Tower,2,52,23,0,77,0,1,75,0,76,2,53,98,0,153,20,0,20,173
04/11/2016,CHO,VA,AEA,EN,Federal Contract Tower,7,50,17,8,82,0,7,25,6,38,7,57,42,14,120,42,50,92,212
04/12/2016,CHO,VA,AEA,EN,Federal Contract Tower,7,50,46,9,112,0,3,49,2,54,7,53,95,11,166,70,20,90,256
04/13/2016,CHO,VA,AEA,EN,Federal Contract Tower,6,42,37,6,91,0,0,61,22,83,6,42,98,28,174,68,0,68,242
04/14/2016,CHO,VA,AEA,EN,Federal Contract Tower,5,66,39,4,114,0,4,67,10,81,5,70,106,14,195,112,34,146,341
04/15/2016,CHO,VA,AEA,EN,Federal Contract Tower,7,74,50,8,139,0,2,51,5,58,7,76,101,13,197,76,60,136,333
04/16/2016,CHO,VA,AEA,EN,Federal Contract Tower,2,42,27,0,71,0,7,53,0,60,2,49,80,0,131,84,0,84,215
04/17/2016,CHO,VA,AEA,EN,Federal Contract Tower,2,76,22,0,100,0,6,56,0,62,2,82,78,0,162,82,0,82,244
04/18/2016,CHO,VA,AEA,EN,Federal Contract Tower,6,58,27,6,97,0,17,48,5,70,6,75,75,11,167,72,20,92,259
04/19/2016,CHO,VA,AEA,EN,Federal Contract Tower,5,54,43,4,106,0,5,62,14,81,5,59,105,18,187,74,32,106,293
04/20/2016,CHO,VA,AEA,EN,Federal Contract Tower,6,64,44,12,126,0,6,65,10,81,6,70,109,22,207,146,58,204,411
04/21/2016,CHO,VA,AEA,EN,Federal Contract Tower,3,67,44,8,122,0,5,70,4,79,3,72,114,12,201,80,36,116,317
04/22/2016,CHO,VA,AEA,EN,Federal Contract Tower,9,58,48,6,121,0,3,42,4,49,9,61,90,10,170,40,0,40,210
04/23/2016,CHO,VA,AEA,EN,Federal Contract Tower,2,40,18,0,60,0,8,27,1,36,2,48,45,1,96,104,0,104,200
04/24/2016,CHO,VA,AEA,EN,Federal Contract Tower,2,58,39,0,99,0,10,70,0,80,2,68,109,0,179,88,0,88,267
04/25/2016,CHO,VA,AEA,EN,Federal Contract Tower,7,57,47,8,119,0,14,55,7,76,7,71,102,15,195,126,22,148,343
04/26/2016,CHO,VA,AEA,EN,Federal Contract Tower,6,53,32,6,97,0,3,37,8,48,6,56,69,14,145,52,24,76,221
04/27/2016,CHO,VA,AEA,EN,Federal Contract Tower,3,63,32,4,102,0,2,18,2,22,3,65,50,6,124,12,14,26,150
04/28/2016,CHO,VA,AEA,EN,Federal Contract Tower,6,67,35,0,108,0,0,0,0,0,6,67,35,0,108,0,0,0,108
04/29/2016,CHO,VA,AEA,EN,Federal Contract Tower,8,57,38,5,108,0,0,0,0,0,8,57,38,5,108,0,0,0,108
04/30/2016,CHO,VA,AEA,EN,Federal Contract Tower,2,33,25,0,60,0,2,0,0,2,2,35,25,0,62,0,0,0,62
05/01/2016,CHO,VA,AEA,EN,Federal Contract Tower,2,54,30,0,86,0,5,0,0,5,2,59,30,0,91,0,0,0,91
05/02/2016,CHO,VA,AEA,EN,Federal Contract Tower,7,53,26,5,91,0,3,10,0,13,7,56,36,5,104,60,0,60,164
05/03/2016,CHO,VA,AEA,EN,Federal Contract Tower,5,45,19,30,99,0,0,68,13,81,5,45,87,43,180,46,110,156,336
05/04/2016,CHO,VA,AEA,EN,Federal Contract Tower,5,36,9,15,65,0,0,23,0,23,5,36,32,15,88,6,0,6,94
05/05/2016,CHO,VA,AEA,EN,Federal Contract Tower,6,53,16,0,75,0,0,1,0,1,6,53,17,0,76,0,0,0,76
05/06/2016,CHO,VA,AEA,EN,Federal Contract Tower,8,55,15,1,79,0,0,0,0,0,8,55,15,1,79,0,0,0,79
05/07/2016,CHO,VA,AEA,EN,Federal Contract Tower,4,44,28,3,79,0,0,48,0,48,4,44,76,3,127,72,0,72,199
05/08/2016,CHO,VA,AEA,EN,Federal Contract Tower,4,52,21,0,77,0,3,25,0,28,4,55,46,0,105,0,0,0,105
05/09/2016,CHO,VA,AEA,EN,Federal Contract Tower,5,53,23,7,88,0,13,50,3,66,5,66,73,10,154,50,22,72,226
05/10/2016,CHO,VA,AEA,EN,Federal Contract Tower,7,51,39,8,105,0,2,29,8,39,7,53,68,16,144,20,14,34,178
05/11/2016,CHO,VA,AEA,EN,Federal Contract Tower,5,49,13,0,67,0,0,0,0,0,5,49,13,0,67,0,0,0,67
05/12/2016,CHO,VA,AEA,EN,Federal Contract Tower,3,58,34,4,99,0,0,2,4,6,3,58,36,8,105,0,0,0,105
05/13/2016,CHO,VA,AEA,EN,Federal Contract Tower,5,59,26,0,90,0,8,20,0,28,5,67,46,0,118,42,0,42,160
05/14/2016,CHO,VA,AEA,EN,Federal Contract Tower,5,31,19,0,55,0,9,36,0,45,5,40,55,0,100,16,0,16,116
05/15/2016,CHO,VA,AEA,EN,Federal Contract Tower,4,54,13,0,71,0,3,20,0,23,4,57,33,0,94,30,0,30,124
05/16/2016,CHO,VA,AEA,EN,Federal Contract Tower,4,47,19,5,75,0,3,65,4,72,4,50,84,9,147,60,0,60,207
05/17/2016,CHO,VA,AEA,EN,Federal Contract Tower,4,53,45,6,108,0,0,0,0,0,4,53,45,6,108,0,0,0,108
05/18/2016,CHO,VA,AEA,EN,Federal Contract Tower,4,47,25,7,83,0,0,11,4,15,4,47,36,11,98,86,60,146,244
05/19/2016,CHO,VA,AEA,EN,Federal Contract Tower,5,57,35,2,99,0,0,40,0,40,5,57,75,2,139,94,12,106,245
05/20/2016,CHO,VA,AEA,EN,Federal Contract Tower,3,63,45,10,121,0,2,65,6,73,3,65,110,16,194,86,30,116,310
05/21/2016,CHO,VA,AEA,EN,Federal Contract Tower,4,43,22,0,69,0,0,0,0,0,4,43,22,0,69,0,0,0,69
05/22/2016,CHO,VA,AEA,EN,Federal Contract Tower,7,62,35,0,104,0,0,5,3,8,7,62,40,3,112,0,0,0,112
05/23/2016,CHO,VA,AEA,EN,Federal Contract Tower,6,47,32,3,88,0,5,5,3,13,6,52,37,6,101,0,0,0,101
05/24/2016,CHO,VA,AEA,EN,Federal Contract Tower,4,44,28,1,77,0,7,54,1,62,4,51,82,2,139,64,0,64,203
05/25/2016,CHO,VA,AEA,EN,Federal Contract Tower,5,46,15,6,72,0,0,68,3,71,5,46,83,9,143,70,20,90,233
05/26/2016,CHO,VA,AEA,EN,Federal Contract Tower,6,46,33,11,96,0,0,29,0,29,6,46,62,11,125,50,28,78,203
05/27/2016,CHO,VA,AEA,EN,Federal Contract Tower,4,51,34,2,91,0,3,32,0,35,4,54,66,2,126,74,0,74,200
05/28/2016,CHO,VA,AEA,EN,Federal Contract Tower,4,27,22,0,53,0,2,57,0,59,4,29,79,0,112,38,0,38,150
05/29/2016,CHO,VA,AEA,EN,Federal Contract Tower,2,38,16,0,56,0,1,10,0,11,2,39,26,0,67,0,0,0,67
05/30/2016,CHO,VA,AEA,EN,Federal Contract Tower,5,51,13,0,69,0,1,18,6,25,5,52,31,6,94,0,0,0,94
05/31/2016,CHO,VA,AEA,EN,Federal Contract Tower,4,43,27,18,92,0,1,50,7,58,4,44,77,25,150,100,30,130,280
06/01/2016,CHO,VA,AEA,EN,Federal Contract Tower,5,48,21,4,78,0,2,54,12,68,5,50,75,16,146,64,30,94,240
06/02/2016,CHO,VA,AEA,EN,Federal Contract Tower,4,53,32,8,97,0,0,12,1,13,4,53,44,9,110,10,12,22,132
06/03/2016,CHO,VA,AEA,EN,Federal Contract Tower,4,53,25,14,96,0,0,16,0,16,4,53,41,14,112,28,30,58,170
06/04/2016,CHO,VA,AEA,EN,Federal Contract Tower,2,44,17,0,63,0,3,13,0,16,2,47,30,0,79,76,0,76,155
06/05/2016,CHO,VA,AEA,EN,Federal Contract Tower,5,48,21,2,76,0,4,1,0,5,5,52,22,2,81,0,0,0,81
06/06/2016,CHO,VA,AEA,EN,Federal Contract Tower,5,52,29,7,93,0,13,55,26,94,5,65,84,33,187,60,16,76,263
06/08/2016,CHO,VA,AEA,EN,Federal Contract Tower,3,39,13,3,58,0,1,31,2,34,3,40,44,5,92,56,12,68,160
06/09/2016,CHO,VA,AEA,EN,Federal Contract Tower,7,56,42,8,113,0,2,68,2,72,7,58,110,10,185,96,14,110,295
06/10/2016,CHO,VA,AEA,EN,Federal Contract Tower,5,50,29,4,88,0,4,57,9,70,5,54,86,13,158,104,28,132,290
06/11/2016,CHO,VA,AEA,EN,Federal Contract Tower,4,38,8,0,50,0,2,36,0,38,4,40,44,0,88,30,0,30,118
06/12/2016,CHO,VA,AEA,EN,Federal Contract Tower,5,58,19,2,84,0,7,25,2,34,5,65,44,4,118,0,0,0,118
06/13/2016,CHO,VA,AEA,EN,Federal Contract Tower,2,45,26,6,79,0,2,40,5,47,2,47,66,11,126,0,10,10,136
06/14/2016,CHO,VA,AEA,EN,Federal Contract Tower,2,45,16,0,63,0,1,34,1,36,2,46,50,1,99,40,0,40,139
06/15/2016,CHO,VA,AEA,EN,Federal Contract Tower,4,47,9,8,68,0,1,33,0,34,4,48,42,8,102,80,0,80,182
06/16/2016,CHO,VA,AEA,EN,Federal Contract Tower,2,52,26,4,84,0,7,17,0,24,2,59,43,4,108,18,34,52,160
06/17/2016,CHO,VA,AEA,EN,Federal Contract Tower,3,44,21,0,68,0,2,35,0,37,3,46,56,0,105,44,0,44,149
06/18/2016,CHO,VA,AEA,EN,Federal Contract Tower,2,30,18,0,50,0,0,52,0,52,2,30,70,0,102,10,0,10,112
06/19/2016,CHO,VA,AEA,EN,Federal Contract Tower,5,48,17,1,71,0,6,60,1,67,5,54,77,2,138,50,0,50,188
06/20/2016,CHO,VA,AEA,EN,Federal Contract Tower,4,46,26,6,82,0,3,75,0,78,4,49,101,6,160,50,20,70,230
06/21/2016,CHO,VA,AEA,EN,Federal Contract Tower,4,40,14,8,66,0,0,22,0,22,4,40,36,8,88,40,10,50,138
06/22/2016,CHO,VA,AEA,EN,Federal Contract Tower,2,40,26,2,70,0,2,55,13,70,2,42,81,15,140,26,2,28,168
06/23/2016,CHO,VA,AEA,EN,Federal Contract Tower,3,44,30,0,77,0,2,6,0,8,3,46,36,0,85,0,0,0,85
06/24/2016,CHO,VA,AEA,EN,Federal Contract Tower,5,42,40,0,87,0,11,38,2,51,5,53,78,2,138,30,0,30,168
06/25/2016,CHO,VA,AEA,EN,Federal Contract Tower,2,31,21,0,54,0,14,33,0,47,2,45,54,0,101,34,0,34,135
06/26/2016,CHO,VA,AEA,EN,Federal Contract Tower,4,42,17,0,63,0,4,70,1,75,4,46,87,1,138,40,0,40,178
06/27/2016,CHO,VA,AEA,EN,Federal Contract Tower,4,39,7,2,52,0,8,25,5,38,4,47,32,7,90,0,10,10,100
06/28/2016,CHO,VA,AEA,EN,Federal Contract Tower,4,40,16,9,69,0,8,42,4,54,4,48,58,13,123,34,10,44,167
06/29/2016,CHO,VA,AEA,EN,Federal Contract Tower,5,53,30,6,94,0,8,98,4,110,5,61,128,10,204,86,12,98,302
06/30/2016,CHO,VA,AEA,EN,Federal Contract Tower,2,52,20,9,83,0,4,57,1,62,2,56,77,10,145,54,20,74,219
07/01/2016,CHO,VA,AEA,EN,Federal Contract Tower,5,47,27,2,81,0,9,41,0,50,5,56,68,2,131,92,14,106,237
07/02/2016,CHO,VA,AEA,EN,Federal Contract Tower,2,29,19,0,50,0,2,43,0,45,2,31,62,0,95,40,0,40,135
07/03/2016,CHO,VA,AEA,EN,Federal Contract Tower,5,24,18,0,47,0,0,2,0,2,5,24,20,0,49,0,0,0,49
07/04/2016,CHO,VA,AEA,EN,Federal Contract Tower,7,36,20,0,63,0,0,0,0,0,7,36,20,0,63,0,0,0,63
07/05/2016,CHO,VA,AEA,EN,Federal Contract Tower,5,49,22,4,80,0,4,45,2,51,5,53,67,6,131,60,0,60,191
07/06/2016,CHO,VA,AEA,EN,Federal Contract Tower,2,45,16,8,71,0,2,21,0,23,2,47,37,8,94,36,42,78,172
07/07/2016,CHO,VA,AEA,EN,Federal Contract Tower,2,50,14,0,66,0,0,33,8,41,2,50,47,8,107,62,2,64,171
07/08/2016,CHO,VA,AEA,EN,Federal Contract Tower,5,37,27,4,73,0,2,34,4,40,5,39,61,8,113,62,22,84,197
07/09/2016,CHO,VA,AEA,EN,Federal Contract Tower,2,35,20,0,57,0,2,34,2,38,2,37,54,2,95,12,0,12,107
07/10/2016,CHO,VA,AEA,EN,Federal Contract Tower,4,39,29,0,72,0,1,45,0,46,4,40,74,0,118,20,0,20,138
07/11/2016,CHO,VA,AEA,EN,Federal Contract Tower,5,49,35,4,93,0,6,70,6,82,5,55,105,10,175,60,20,80,255
07/12/2016,CHO,VA,AEA,EN,Federal Contract Tower,2,54,24,6,86,0,0,20,0,20,2,54,44,6,106,40,0,40,146
07/13/2016,CHO,VA,AEA,EN,Federal Contract Tower,4,37,14,0,55,0,0,17,0,17,4,37,31,0,72,32,0,32,104
07/14/2016,CHO,VA,AEA,EN,Federal Contract Tower,4,41,18,10,73,0,0,44,0,44,4,41,62,10,117,46,6,52,169
07/15/2016,CHO,VA,AEA,EN,Federal Contract Tower,5,49,23,8,85,0,2,52,2,56,5,51,75,10,141,74,22,96,237
07/16/2016,CHO,VA,AEA,EN,Federal Contract Tower,2,39,15,0,56,0,0,33,0,33,2,39,48,0,89,60,0,60,149
07/17/2016,CHO,VA,AEA,EN,Federal Contract Tower,4,42,14,0,60,0,10,40,0,50,4,52,54,0,110,10,0,10,120
07/18/2016,CHO,VA,AEA,EN,Federal Contract Tower,6,50,29,6,91,0,5,50,2,57,6,55,79,8,148,48,28,76,224
07/19/2016,CHO,VA,AEA,EN,Federal Contract Tower,4,44,22,8,78,0,1,27,5,33,4,45,49,13,111,8,40,48,159
07/20/2016,CHO,VA,AEA,EN,Federal Contract Tower,6,47,42,4,99,0,5,58,4,67,6,52,100,8,166,96,30,126,292
07/21/2016,CHO,VA,AEA,EN,Federal Contract Tower,4,55,34,9,102,0,7,60,4,71,4,62,94,13,173,62,32,94,267
07/22/2016,CHO,VA,AEA,EN,Federal Contract Tower,3,53,32,1,89,0,8,46,4,58,3,61,78,5,147,56,0,56,203
07/23/2016,CHO,VA,AEA,EN,Federal Contract Tower,4,28,12,0,44,0,10,37,0,47,4,38,49,0,91,38,0,38,129
07/24/2016,CHO,VA,AEA,EN,Federal Contract Tower,5,43,10,0,58,0,2,27,0,29,5,45,37,0,87,14,0,14,101
07/25/2016,CHO,VA,AEA,EN,Federal Contract Tower,4,39,9,2,54,0,8,45,0,53,4,47,54,2,107,38,20,58,165
07/26/2016,CHO,VA,AEA,EN,Federal Contract Tower,4,37,23,2,66,0,0,30,0,30,4,37,53,2,96,66,0,66,162
07/27/2016,CHO,VA,AEA,EN,Federal Contract Tower,4,49,22,7,82,0,0,42,2,44,4,49,64,9,126,38,20,58,184
07/28/2016,CHO,VA,AEA,EN,Federal Contract Tower,5,58,40,10,113,0,6,37,4,47,5,64,77,14,160,54,36,90,250
07/29/2016,CHO,VA,AEA,EN,Federal Contract Tower,3,57,35,7,102,0,2,50,2,54,3,59,85,9,156,38,0,38,194
07/30/2016,CHO,VA,AEA,EN,Federal Contract Tower,2,38,17,0,57,0,0,18,3,21,2,38,35,3,78,8,0,8,86
07/31/2016,CHO,VA,AEA,EN,Federal Contract Tower,4,52,16,3,75,0,1,12,0,13,4,53,28,3,88,10,0,10,98
08/01/2016,CHO,VA,AEA,EN,Federal Contract Tower,4,44,12,5,65,0,13,50,2,65,4,57,62,7,130,72,40,112,242
08/02/2016,CHO,VA,AEA,EN,Federal Contract Tower,5,70,39,10,124,0,6,52,6,64,5,76,91,16,188,64,22,86,274
08/03/2016,CHO,VA,AEA,EN,Federal Contract Tower,5,53,34,2,94,0,1,20,2,23,5,54,54,4,117,0,0,0,117
08/04/2016,CHO,VA,AEA,EN,Federal Contract Tower,6,57,44,0,107,0,4,27,2,33,6,61,71,2,140,22,0,22,162
08/05/2016,CHO,VA,AEA,EN,Federal Contract Tower,11,53,30,0,94,0,2,18,0,20,11,55,48,0,114,0,0,0,114
08/06/2016,CHO,VA,AEA,EN,Federal Contract Tower,7,33,9,2,51,0,3,23,0,26,7,36,32,2,77,48,6,54,131
08/07/2016,CHO,VA,AEA,EN,Federal Contract Tower,8,26,18,4,56,0,4,40,0,44,8,30,58,4,100,60,0,60,160
08/08/2016,CHO,VA,AEA,EN,Federal Contract Tower,11,41,18,2,72,0,4,16,0,20,11,45,34,2,92,0,0,0,92
08/09/2016,CHO,VA,AEA,EN,Federal Contract Tower,10,60,43,2,115,0,0,0,0,0,10,60,43,2,115,0,0,0,115
08/10/2016,CHO,VA,AEA,EN,Federal Contract Tower,12,53,26,7,98,0,6,59,6,71,12,59,85,13,169,108,28,136,305
08/11/2016,CHO,VA,AEA,EN,Federal Contract Tower,14,53,28,4,99,0,10,54,0,64,14,63,82,4,163,68,12,80,243
08/12/2016,CHO,VA,AEA,EN,Federal Contract Tower,11,42,23,8,84,0,4,49,2,55,11,46,72,10,139,80,0,80,219
08/13/2016,CHO,VA,AEA,EN,Federal Contract Tower,8,37,33,2,80,0,3,40,0,43,8,40,73,2,123,58,0,58,181
08/14/2016,CHO,VA,AEA,EN,Federal Contract Tower,12,41,20,1,74,0,4,30,0,34,12,45,50,1,108,10,0,10,118
08/15/2016,CHO,VA,AEA,EN,Federal Contract Tower,11,42,20,3,76,0,3,32,4,39,11,45,52,7,115,40,0,40,155
08/16/2016,CHO,VA,AEA,EN,Federal Contract Tower,7,44,12,4,67,0,5,20,0,25,7,49,32,4,92,8,0,8,100
08/17/2016,CHO,VA,AEA,EN,Federal Contract Tower,9,46,21,14,90,0,6,60,0,66,9,52,81,14,156,48,0,48,204
08/18/2016,CHO,VA,AEA,EN,Federal Contract Tower,16,53,42,5,116,0,3,51,5,59,16,56,93,10,175,58,22,80,255
08/19/2016,CHO,VA,AEA,EN,Federal Contract Tower,11,42,34,2,89,0,4,40,0,44,11,46,74,2,133,90,0,90,223
08/20/2016,CHO,VA,AEA,EN,Federal Contract Tower,7,33,23,0,63,0,0,51,0,51,7,33,74,0,114,42,0,42,156
08/21/2016,CHO,VA,AEA,EN,Federal Contract Tower,11,39,24,0,74,0,2,22,0,24,11,41,46,0,98,32,0,32,130
08/22/2016,CHO,VA,AEA,EN,Federal Contract Tower,10,36,18,4,68,0,6,31,0,37,10,42,49,4,105,48,0,48,153
08/23/2016,CHO,VA,AEA,EN,Federal Contract Tower,10,36,22,9,77,0,15,48,4,67,10,51,70,13,144,56,20,76,220
08/24/2016,CHO,VA,AEA,EN,Federal Contract Tower,15,52,35,7,109,0,3,71,3,77,15,55,106,10,186,64,32,96,282
08/25/2016,CHO,VA,AEA,EN,Federal Contract Tower,15,43,23,2,83,0,2,43,3,48,15,45,66,5,131,42,8,50,181
08/26/2016,CHO,VA,AEA,EN,Federal Contract Tower,10,38,32,1,81,0,12,38,0,50,10,50,70,1,131,38,0,38,169
08/27/2016,CHO,VA,AEA,EN,Federal Contract Tower,7,28,23,0,58,0,8,48,0,56,7,36,71,0,114,60,0,60,174
08/28/2016,CHO,VA,AEA,EN,Federal Contract Tower,12,44,40,1,97,0,6,55,10,71,12,50,95,11,168,20,0,20,188
08/29/2016,CHO,VA,AEA,EN,Federal Contract Tower,14,49,33,4,100,0,9,65,4,78,14,58,98,8,178,70,26,96,274
08/30/2016,CHO,VA,AEA,EN,Federal Contract Tower,9,48,42,10,109,0,5,40,2,47,9,53,82,12,156,64,32,96,252
08/31/2016,CHO,VA,AEA,EN,Federal Contract Tower,13,53,24,7,97,0,0,40,2,42,13,53,64,9,139,22,4,26,165
09/01/2016,CHO,VA,AEA,EN,Federal Contract Tower,17,66,50,7,140,0,4,52,0,56,17,70,102,7,196,44,0,44,240
09/02/2016,CHO,VA,AEA,EN,Federal Contract Tower,14,39,31,1,85,0,3,47,5,55,14,42,78,6,140,58,0,58,198
09/03/2016,CHO,VA,AEA,EN,Federal Contract Tower,10,34,20,0,64,0,5,32,0,37,10,39,52,0,101,38,0,38,139
09/04/2016,CHO,VA,AEA,EN,Federal Contract Tower,14,30,12,0,56,0,6,45,0,51,14,36,57,0,107,4,0,4,111
09/05/2016,CHO,VA,AEA,EN,Federal Contract Tower,9,41,26,0,76,0,5,75,0,80,9,46,101,0,156,70,0,70,226
09/06/2016,CHO,VA,AEA,EN,Federal Contract Tower,8,36,24,13,81,0,2,45,5,52,8,38,69,18,133,14,20,34,167
09/07/2016,CHO,VA,AEA,EN,Federal Contract Tower,17,54,26,9,106,0,4,66,0,70,17,58,92,9,176,2,0,2,178
09/08/2016,CHO,VA,AEA,EN,Federal Contract Tower,14,45,40,8,107,0,4,68,8,80,14,49,108,16,187,56,28,84,271
09/09/2016,CHO,VA,AEA,EN,Federal Contract Tower,15,45,45,4,109,0,14,60,0,74,15,59,105,4,183,52,12,64,247
09/10/2016,CHO,VA,AEA,EN,Federal Contract Tower,9,46,26,1,82,0,8,41,0,49,9,54,67,1,131,26,0,26,157
09/11/2016,CHO,VA,AEA,EN,Federal Contract Tower,15,53,20,5,93,0,3,51,0,54,15,56,71,5,147,40,0,40,187
09/12/2016,CHO,VA,AEA,EN,Federal Contract Tower,14,48,31,10,103,0,7,45,6,58,14,55,76,16,161,50,26,76,237
09/13/2016,CHO,VA,AEA,EN,Federal Contract Tower,9,42,41,4,96,0,2,62,7,71,9,44,103,11,167,68,26,94,261
09/14/2016,CHO,VA,AEA,EN,Federal Contract Tower,18,58,37,9,122,0,3,68,3,74,18,61,105,12,196,78,30,108,304
09/15/2016,CHO,VA,AEA,EN,Federal Contract Tower,13,41,38,6,98,0,2,54,0,56,13,43,92,6,154,52,2,54,208
09/16/2016,CHO,VA,AEA,EN,Federal Contract Tower,17,56,41,5,119,0,6,40,10,56,17,62,81,15,175,38,6,44,219
09/17/2016,CHO,VA,AEA,EN,Federal Contract Tower,14,38,21,1,74,0,8,29,0,37,14,46,50,1,111,36,0,36,147
09/18/2016,CHO,VA,AEA,EN,Federal Contract Tower,15,52,31,0,98,0,4,41,0,45,15,56,72,0,143,20,0,20,163
09/19/2016,CHO,VA,AEA,EN,Federal Contract Tower,13,36,16,6,71,0,2,0,0,2,13,38,16,6,73,1,0,1,74
09/20/2016,CHO,VA,AEA,EN,Federal Contract Tower,9,39,41,17,106,0,0,13,0,13,9,39,54,17,119,18,20,38,157
09/21/2016,CHO,VA,AEA,EN,Federal Contract Tower,14,64,38,16,132,0,5,50,0,55,14,69,88,16,187,30,72,102,289
09/22/2016,CHO,VA,AEA,EN,Federal Contract Tower,16,37,47,6,106,0,0,59,3,62,16,37,106,9,168,40,40,80,248
09/23/2016,CHO,VA,AEA,EN,Federal Contract Tower,14,57,28,3,102,0,2,46,0,48,14,59,74,3,150,46,16,62,212
09/24/2016,CHO,VA,AEA,EN,Federal Contract Tower,14,45,27,2,88,0,6,43,0,49,14,51,70,2,137,34,0,34,171
09/25/2016,CHO,VA,AEA,EN,Federal Contract Tower,14,40,42,1,97,0,3,19,0,22,14,43,61,1,119,30,0,30,149
09/26/2016,CHO,VA,AEA,EN,Federal Contract Tower,15,45,37,7,104,0,4,26,6,36,15,49,63,13,140,32,24,56,196
09/27/2016,CHO,VA,AEA,EN,Federal Contract Tower,10,56,21,4,91,0,0,31,2,33,10,56,52,6,124,38,4,42,166
09/28/2016,CHO,VA,AEA,EN,Federal Contract Tower,13,51,46,2,112,0,0,0,0,0,13,51,46,2,112,0,0,0,112
09/29/2016,CHO,VA,AEA,EN,Federal Contract Tower,16,39,33,7,95,0,2,22,0,24,16,41,55,7,119,0,0,0,119
09/30/2016,CHO,VA,AEA,EN,Federal Contract Tower,13,50,56,6,125,0,8,20,7,35,13,58,76,13,160,20,8,28,188
10/01/2016,CHO,VA,AEA,EN,Federal Contract Tower,10,46,54,1,111,0,3,10,0,13,10,49,64,1,124,0,0,0,124
10/02/2016,CHO,VA,AEA,EN,Federal Contract Tower,14,47,37,0,98,0,6,35,0,41,14,53,72,0,139,10,0,10,149
10/03/2016,CHO,VA,AEA,EN,Federal Contract Tower,17,43,31,10,101,0,2,60,16,78,17,45,91,26,179,20,0,20,199
10/04/2016,CHO,VA,AEA,EN,Federal Contract Tower,9,38,26,10,83,0,2,50,2,54,9,40,76,12,137,16,60,76,213
10/05/2016,CHO,VA,AEA,EN,Federal Contract Tower,13,62,38,6,119,0,3,63,0,66,13,65,101,6,185,60,2,62,247
10/06/2016,CHO,VA,AEA,EN,Federal Contract Tower,13,61,38,7,119,0,5,55,2,62,13,66,93,9,181,90,0,90,271
10/07/2016,CHO,VA,AEA,EN,Federal Contract Tower,11,66,49,3,129,0,0,12,0,12,11,66,61,3,141,14,0,14,155
10/08/2016,CHO,VA,AEA,EN,Federal Contract Tower,10,40,25,0,75,0,0,0,0,0,10,40,25,0,75,0,0,0,75
10/09/2016,CHO,VA,AEA,EN,Federal Contract Tower,11,43,34,0,88,0,7,15,0,22,11,50,49,0,110,26,0,26,136
10/10/2016,CHO,VA,AEA,EN,Federal Contract Tower,13,51,37,4,105,0,9,54,6,69,13,60,91,10,174,90,28,118,292
10/11/2016,CHO,VA,AEA,EN,Federal Contract Tower,10,53,54,13,130,0,4,63,4,71,10,57,117,17,201,102,30,132,333
10/12/2016,CHO,VA,AEA,EN,Federal Contract Tower,15,59,48,6,128,0,6,69,4,79,15,65,117,10,207,96,28,124,331
10/13/2016,CHO,VA,AEA,EN,Federal Contract Tower,15,67,62,6,150,0,18,62,6,86,15,85,124,12,236,68,28,96,332
10/14/2016,CHO,VA,AEA,EN,Federal Contract Tower,15,88,63,16,182,0,5,72,6,83,15,93,135,22,265,84,44,128,393
10/15/2016,CHO,VA,AEA,EN,Federal Contract Tower,14,44,39,0,97,0,3,51,0,54,14,47,90,0,151,12,0,12,163
10/16/2016,CHO,VA,AEA,EN,Federal Contract Tower,12,58,48,0,118,0,4,65,0,69,12,62,113,0,187,12,0,12,199
10/17/2016,CHO,VA,AEA,EN,Federal Contract Tower,13,61,40,4,118,0,13,55,0,68,13,74,95,4,186,62,12,74,260
10/18/2016,CHO,VA,AEA,EN,Federal Contract Tower,9,56,30,2,97,0,0,57,0,57,9,56,87,2,154,56,0,56,210
10/19/2016,CHO,VA,AEA,EN,Federal Contract Tower,13,59,45,10,127,0,6,65,2,73,13,65,110,12,200,64,32,96,296
10/20/2016,CHO,VA,AEA,EN,Federal Contract Tower,14,63,54,5,136,0,4,69,3,76,14,67,123,8,212,68,8,76,288
10/21/2016,CHO,VA,AEA,EN,Federal Contract Tower,14,77,48,2,141,0,5,29,2,36,14,82,77,4,177,40,0,40,217
10/22/2016,CHO,VA,AEA,EN,Federal Contract Tower,9,51,28,2,90,0,3,27,0,30,9,54,55,2,120,0,0,0,120
10/23/2016,CHO,VA,AEA,EN,Federal Contract Tower,14,68,34,0,116,0,7,55,3,65,14,75,89,3,181,20,0,20,201
10/24/2016,CHO,VA,AEA,EN,Federal Contract Tower,10,61,43,5,119,0,15,50,0,65,10,76,93,5,184,70,18,88,272
10/25/2016,CHO,VA,AEA,EN,Federal Contract Tower,11,51,32,2,96,0,11,73,0,84,11,62,105,2,180,126,0,126,306
10/26/2016,CHO,VA,AEA,EN,Federal Contract Tower,11,47,45,6,109,0,8,65,1,74,11,55,110,7,183,78,32,110,293
10/27/2016,CHO,VA,AEA,EN,Federal Contract Tower,11,57,31,4,103,0,3,36,0,39,11,60,67,4,142,14,50,64,206
10/28/2016,CHO,VA,AEA,EN,Federal Contract Tower,11,55,54,3,123,0,10,62,2,74,11,65,116,5,197,30,14,44,241
10/29/2016,CHO,VA,AEA,EN,Federal Contract Tower,10,40,36,0,86,0,9,60,1,70,10,49,96,1,156,34,0,34,190
10/30/2016,CHO,VA,AEA,EN,Federal Contract Tower,13,51,20,0,84,0,5,45,0,50,13,56,65,0,134,10,0,10,144
10/31/2016,CHO,VA,AEA,EN,Federal Contract Tower,16,51,41,5,113,0,4,50,4,58,16,55,91,9,171,50,26,76,247
11/01/2016,CHO,VA,AEA,EN,Federal Contract Tower,12,60,25,6,103,0,12,20,2,34,12,72,45,8,137,4,0,4,141
11/02/2016,CHO,VA,AEA,EN,Federal Contract Tower,12,54,48,10,124,0,11,72,3,86,12,65,120,13,210,50,30,80,290
11/03/2016,CHO,VA,AEA,EN,Federal Contract Tower,14,63,62,8,147,0,6,54,4,64,14,69,116,12,211,72,39,111,322
11/04/2016,CHO,VA,AEA,EN,Federal Contract Tower,12,77,52,4,145,0,8,60,4,72,12,85,112,8,217,30,36,66,283
11/05/2016,CHO,VA,AEA,EN,Federal Contract Tower,5,38,25,0,68,0,0,68,0,68,5,38,93,0,136,26,0,26,162
11/06/2016,CHO,VA,AEA,EN,Federal Contract Tower,9,64,39,0,112,0,0,45,0,45,9,64,84,0,157,10,0,10,167
11/07/2016,CHO,VA,AEA,EN,Federal Contract Tower,12,50,32,4,98,0,0,45,0,45,12,50,77,4,143,20,6,26,169
11/08/2016,CHO,VA,AEA,EN,Federal Contract Tower,9,48,25,5,87,0,4,46,2,52,9,52,71,7,139,40,30,70,209
11/09/2016,CHO,VA,AEA,EN,Federal Contract Tower,12,53,44,4,113,0,2,47,6,55,12,55,91,10,168,26,30,56,224
11/10/2016,CHO,VA,AEA,EN,Federal Contract Tower,16,68,37,9,130,0,5,77,8,90,16,73,114,17,220,92,24,116,336
11/11/2016,CHO,VA,AEA,EN,Federal Contract Tower,16,68,55,2,141,0,10,56,4,70,16,78,111,6,211,44,22,66,277
11/12/2016,CHO,VA,AEA,EN,Federal Contract Tower,8,46,28,0,82,0,2,51,0,53,8,48,79,0,135,10,0,10,145
11/13/2016,CHO,VA,AEA,EN,Federal Contract Tower,8,65,27,0,100,0,16,45,0,61,8,81,72,0,161,10,0,10,171
11/14/2016,CHO,VA,AEA,EN,Federal Contract Tower,13,47,19,4,83,0,5,20,1,26,13,52,39,5,109,30,0,30,139
11/15/2016,CHO,VA,AEA,EN,Federal Contract Tower,10,50,27,4,91,0,4,87,2,93,10,54,114,6,184,108,24,132,316
11/16/2016,CHO,VA,AEA,EN,Federal Contract Tower,13,55,40,12,120,0,11,58,6,75,13,66,98,18,195,50,20,70,265
11/17/2016,CHO,VA,AEA,EN,Federal Contract Tower,16,58,52,9,135,0,8,70,7,85,16,66,122,16,220,100,48,148,368
11/18/2016,CHO,VA,AEA,EN,Federal Contract Tower,20,62,47,5,134,0,19,52,3,74,20,81,99,8,208,80,26,106,314
11/19/2016,CHO,VA,AEA,EN,Federal Contract Tower,5,42,25,0,72,0,0,44,0,44,5,42,69,0,116,14,0,14,130
11/20/2016,CHO,VA,AEA,EN,Federal Contract Tower,12,49,13,0,74,0,2,5,0,7,12,51,18,0,81,0,0,0,81
11/21/2016,CHO,VA,AEA,EN,Federal Contract Tower,21,55,33,4,113,0,10,37,7,54,21,65,70,11,167,50,28,78,245
11/22/2016,CHO,VA,AEA,EN,Federal Contract Tower,10,62,44,14,130,0,7,58,3,68,10,69,102,17,198,44,22,66,264
11/23/2016,CHO,VA,AEA,EN,Federal Contract Tower,14,71,56,4,145,0,8,71,4,83,14,79,127,8,228,76,26,102,330
11/24/2016,CHO,VA,AEA,EN,Federal Contract Tower,14,42,32,0,88,0,6,24,0,30,14,48,56,0,118,30,0,30,148
11/25/2016,CHO,VA,AEA,EN,Federal Contract Tower,17,38,28,0,83,0,4,43,0,47,17,42,71,0,130,24,0,24,154
11/26/2016,CHO,VA,AEA,EN,Federal Contract Tower,4,50,33,0,87,0,2,35,0,37,4,52,68,0,124,4,0,4,128
11/27/2016,CHO,VA,AEA,EN,Federal Contract Tower,12,69,59,0,140,0,27,80,0,107,12,96,139,0,247,10,0,10,257
11/28/2016,CHO,VA,AEA,EN,Federal Contract Tower,18,56,33,2,109,0,5,35,0,40,18,61,68,2,149,24,12,36,185
11/29/2016,CHO,VA,AEA,EN,Federal Contract Tower,6,50,20,0,76,0,0,0,0,0,6,50,20,0,76,0,0,0,76
11/30/2016,CHO,VA,AEA,EN,Federal Contract Tower,11,53,43,0,107,0,0,1,0,1,11,53,44,0,108,0,0,0,108
12/01/2016,CHO,VA,AEA,EN,Federal Contract Tower,20,68,47,20,155,0,4,45,15,64,20,72,92,35,219,72,36,108,327
12/02/2016,CHO,VA,AEA,EN,Federal Contract Tower,19,56,44,8,127,0,5,55,8,68,19,61,99,16,195,60,22,82,277
12/03/2016,CHO,VA,AEA,EN,Federal Contract Tower,13,36,27,0,76,0,4,40,0,44,13,40,67,0,120,20,0,20,140
12/04/2016,CHO,VA,AEA,EN,Federal Contract Tower,10,44,17,2,73,0,6,20,0,26,10,50,37,2,99,28,0,28,127
12/05/2016,CHO,VA,AEA,EN,Federal Contract Tower,13,42,31,4,90,0,2,10,1,13,13,44,41,5,103,10,0,10,113
12/06/2016,CHO,VA,AEA,EN,Federal Contract Tower,16,44,22,2,84,0,3,14,0,17,16,47,36,2,101,0,0,0,101
12/07/2016,CHO,VA,AEA,EN,Federal Contract Tower,19,51,43,12,125,0,7,66,7,80,19,58,109,19,205,30,24,54,259
12/08/2016,CHO,VA,AEA,EN,Federal Contract Tower,27,46,30,6,109,0,5,34,8,47,27,51,64,14,156,36,30,66,222
12/09/2016,CHO,VA,AEA,EN,Federal Contract Tower,15,48,34,7,104,0,6,43,0,49,15,54,77,7,153,64,16,80,233
12/10/2016,CHO,VA,AEA,EN,Federal Contract Tower,14,26,20,0,60,0,15,58,2,75,14,41,78,2,135,26,0,26,161
12/11/2016,CHO,VA,AEA,EN,Federal Contract Tower,10,37,18,0,65,0,3,25,0,28,10,40,43,0,93,10,0,10,103
12/12/2016,CHO,VA,AEA,EN,Federal Contract Tower,15,35,33,2,85,0,3,7,0,10,15,38,40,2,95,0,0,0,95
12/13/2016,CHO,VA,AEA,EN,Federal Contract Tower,12,45,37,5,99,0,1,35,1,37,12,46,72,6,136,10,0,10,146
12/14/2016,CHO,VA,AEA,EN,Federal Contract Tower,17,40,25,2,84,0,1,57,3,61,17,41,82,5,145,62,2,64,209
12/15/2016,CHO,VA,AEA,EN,Federal Contract Tower,15,55,30,4,104,0,1,20,0,21,15,56,50,4,125,0,0,0,125
12/16/2016,CHO,VA,AEA,EN,Federal Contract Tower,18,55,44,6,123,0,14,36,0,50,18,69,80,6,173,38,32,70,243
12/17/2016,CHO,VA,AEA,EN,Federal Contract Tower,15,34,12,0,61,0,10,6,0,16,15,44,18,0,77,2,0,2,79
12/18/2016,CHO,VA,AEA,EN,Federal Contract Tower,10,35,12,0,57,0,8,0,0,8,10,43,12,0,65,0,0,0,65
12/19/2016,CHO,VA,AEA,EN,Federal Contract Tower,13,33,17,4,67,0,1,25,2,28,13,34,42,6,95,10,0,10,105
12/20/2016,CHO,VA,AEA,EN,Federal Contract Tower,11,40,26,3,80,0,10,38,4,52,11,50,64,7,132,34,16,50,182
12/21/2016,CHO,VA,AEA,EN,Federal Contract Tower,10,38,34,6,88,0,0,58,1,59,10,38,92,7,147,34,32,66,213
12/22/2016,CHO,VA,AEA,EN,Federal Contract Tower,20,44,33,8,105,0,9,46,8,63,20,53,79,16,168,42,24,66,234
12/23/2016,CHO,VA,AEA,EN,Federal Contract Tower,17,40,36,4,97,0,7,59,0,66,17,47,95,4,163,94,18,112,275
12/24/2016,CHO,VA,AEA,EN,Federal Contract Tower,8,25,8,0,41,0,0,0,0,0,8,25,8,0,41,0,0,0,41
12/25/2016,CHO,VA,AEA,EN,Federal Contract Tower,9,28,4,0,41,0,2,1,0,3,9,30,5,0,44,6,0,6,50
12/26/2016,CHO,VA,AEA,EN,Federal Contract Tower,13,43,20,0,76,0,0,0,0,0,13,43,20,0,76,0,0,0,76
12/27/2016,CHO,VA,AEA,EN,Federal Contract Tower,17,58,38,0,113,0,8,35,0,43,17,66,73,0,156,30,0,30,186
12/28/2016,CHO,VA,AEA,EN,Federal Contract Tower,10,46,30,0,86,0,3,69,8,80,10,49,99,8,166,60,4,64,230
12/29/2016,CHO,VA,AEA,EN,Federal Contract Tower,13,38,15,5,71,0,2,8,0,10,13,40,23,5,81,0,18,18,99
12/30/2016,CHO,VA,AEA,EN,Federal Contract Tower,16,36,35,4,91,0,13,31,0,44,16,49,66,4,135,44,4,48,183
12/31/2016,CHO,VA,AEA,EN,Federal Contract Tower,16,20,20,0,56,0,3,25,0,28,16,23,45,0,84,0,0,0,84
01/01/2017,CHO,VA,AEA,EN,Federal Contract Tower,9,34,8,0,51,0,3,15,0,18,9,37,23,0,69,50,0,50,119
01/02/2017,CHO,VA,AEA,EN,Federal Contract Tower,12,40,14,0,66,0,0,0,0,0,12,40,14,0,66,0,0,0,66
01/03/2017,CHO,VA,AEA,EN,Federal Contract Tower,14,31,26,0,71,0,0,0,0,0,14,31,26,0,71,0,0,0,71
01/04/2017,CHO,VA,AEA,EN,Federal Contract Tower,15,46,29,15,105,0,0,44,0,44,15,46,73,15,149,20,0,20,169
01/05/2017,CHO,VA,AEA,EN,Federal Contract Tower,12,32,20,0,64,0,4,60,0,64,12,36,80,0,128,74,0,74,202
01/06/2017,CHO,VA,AEA,EN,Federal Contract Tower,15,43,19,4,81,0,6,23,4,33,15,49,42,8,114,30,8,38,152
01/07/2017,CHO,VA,AEA,EN,Federal Contract Tower,6,21,4,0,31,0,1,2,0,3,6,22,6,0,34,0,0,0,34
01/08/2017,CHO,VA,AEA,EN,Federal Contract Tower,10,26,12,0,48,0,2,13,0,15,10,28,25,0,63,0,0,0,63
01/09/2017,CHO,VA,AEA,EN,Federal Contract Tower,16,30,11,0,57,0,0,17,32,49,16,30,28,32,106,10,0,10,116
01/10/2017,CHO,VA,AEA,EN,Federal Contract Tower,21,31,27,5,84,0,7,42,0,49,21,38,69,5,133,40,0,40,173
01/11/2017,CHO,VA,AEA,EN,Federal Contract Tower,15,41,27,4,87,0,5,38,0,43,15,46,65,4,130,40,0,40,170
01/12/2017,CHO,VA,AEA,EN,Federal Contract Tower,15,46,17,1,79,0,2,58,3,63,15,48,75,4,142,68,4,72,214
01/13/2017,CHO,VA,AEA,EN,Federal Contract Tower,16,42,47,7,112,0,9,54,7,70,16,51,101,14,182,42,38,80,262
01/14/2017,CHO,VA,AEA,EN,Federal Contract Tower,13,18,11,0,42,0,0,0,0,0,13,18,11,0,42,0,0,0,42
01/15/2017,CHO,VA,AEA,EN,Federal Contract Tower,12,30,14,0,56,0,0,1,0,1,12,30,15,0,57,0,0,0,57
01/16/2017,CHO,VA,AEA,EN,Federal Contract Tower,17,36,28,0,81,0,0,0,0,0,17,36,28,0,81,0,0,0,81
01/17/2017,CHO,VA,AEA,EN,Federal Contract Tower,25,38,35,0,98,0,4,1,0,5,25,42,36,0,103,0,0,0,103
01/18/2017,CHO,VA,AEA,EN,Federal Contract Tower,19,34,13,11,77,0,2,44,1,47,19,36,57,12,124,16,18,34,158
01/19/2017,CHO,VA,AEA,EN,Federal Contract Tower,16,43,26,10,95,0,2,72,6,80,16,45,98,16,175,52,10,62,237
01/20/2017,CHO,VA,AEA,EN,Federal Contract Tower,16,45,19,2,82,0,0,0,0,0,16,45,19,2,82,0,0,0,82
01/21/2017,CHO,VA,AEA,EN,Federal Contract Tower,14,22,19,0,55,0,0,0,0,0,14,22,19,0,55,0,0,0,55
01/22/2017,CHO,VA,AEA,EN,Federal Contract Tower,11,35,15,0,61,0,0,0,0,0,11,35,15,0,61,0,0,0,61
01/23/2017,CHO,VA,AEA,EN,Federal Contract Tower,17,32,11,2,62,0,0,0,0,0,17,32,11,2,62,0,0,0,62
01/24/2017,CHO,VA,AEA,EN,Federal Contract Tower,19,26,13,6,64,0,8,32,0,40,19,34,45,6,104,6,40,46,150
01/25/2017,CHO,VA,AEA,EN,Federal Contract Tower,19,38,37,15,109,0,6,87,0,93,19,44,124,15,202,150,10,160,362
01/26/2017,CHO,VA,AEA,EN,Federal Contract Tower,19,33,28,9,89,0,4,28,8,40,19,37,56,17,129,36,36,72,201
01/27/2017,CHO,VA,AEA,EN,Federal Contract Tower,17,38,35,10,100,0,8,47,1,56,17,46,82,11,156,40,34,74,230
01/28/2017,CHO,VA,AEA,EN,Federal Contract Tower,10,22,30,0,62,0,0,49,0,49,10,22,79,0,111,44,0,44,155
01/29/2017,CHO,VA,AEA,EN,Federal Contract Tower,15,38,26,0,79,0,4,25,0,29,15,42,51,0,108,50,0,50,158
01/30/2017,CHO,VA,AEA,EN,Federal Contract Tower,20,39,28,10,97,0,14,27,0,41,20,53,55,10,138,40,40,80,218
01/31/2017,CHO,VA,AEA,EN,Federal Contract Tower,20,27,22,7,76,0,4,15,6,25,20,31,37,13,101,0,9,9,110
02/01/2017,CHO,VA,AEA,EN,Federal Contract Tower,21,44,54,17,136,0,10,61,4,75,21,54,115,21,211,50,30,80,291
02/02/2017,CHO,VA,AEA,EN,Federal Contract Tower,21,47,30,8,106,0,9,56,6,71,21,56,86,14,177,66,48,114,291
02/03/2017,CHO,VA,AEA,EN,Federal Contract Tower,18,44,38,6,106,0,7,59,1,67,18,51,97,7,173,52,24,76,249
02/04/2017,CHO,VA,AEA,EN,Federal Contract Tower,15,18,12,0,45,0,0,45,0,45,15,18,57,0,90,36,0,36,126
02/05/2017,CHO,VA,AEA,EN,Federal Contract Tower,15,34,17,0,66,0,5,40,0,45,15,39,57,0,111,30,0,30,141
02/06/2017,CHO,VA,AEA,EN,Federal Contract Tower,19,35,28,0,82,0,6,38,4,48,19,41,66,4,130,60,8,68,198
02/07/2017,CHO,VA,AEA,EN,Federal Contract Tower,21,45,37,6,109,0,9,37,4,50,21,54,74,10,159,60,10,70,229
02/08/2017,CHO,VA,AEA,EN,Federal Contract Tower,17,42,21,8,88,0,1,73,5,79,17,43,94,13,167,52,0,52,219
02/09/2017,CHO,VA,AEA,EN,Federal Contract Tower,20,39,19,0,78,0,4,26,0,30,20,43,45,0,108,10,0,10,118
02/10/2017,CHO,VA,AEA,EN,Federal Contract Tower,18,41,33,7,99,0,12,50,1,63,18,53,83,8,162,76,40,116,278
02/11/2017,CHO,VA,AEA,EN,Federal Contract Tower,13,25,14,0,52,0,10,40,2,52,13,35,54,2,104,60,20,80,184
02/12/2017,CHO,VA,AEA,EN,Federal Contract Tower,12,36,8,0,56,0,6,25,0,31,12,42,33,0,87,32,4,36,123
02/13/2017,CHO,VA,AEA,EN,Federal Contract Tower,18,36,24,1,79,0,12,5,8,25,18,48,29,9,104,0,0,0,104
02/14/2017,CHO,VA,AEA,EN,Federal Contract Tower,21,33,24,8,86,0,1,16,8,25,21,34,40,16,111,10,6,16,127
02/15/2017,CHO,VA,AEA,EN,Federal Contract Tower,25,50,44,11,130,0,8,38,4,50,25,58,82,15,180,48,58,106,286
02/16/2017,CHO,VA,AEA,EN,Federal Contract Tower,19,49,34,16,118,0,7,67,0,74,19,56,101,16,192,52,12,64,256
02/17/2017,CHO,VA,AEA,EN,Federal Contract Tower,17,44,38,8,107,0,5,61,2,68,17,49,99,10,175,56,50,106,281
02/18/2017,CHO,VA,AEA,EN,Federal Contract Tower,12,29,15,0,56,0,1,65,3,69,12,30,80,3,125,70,2,72,197
02/20/2017,CHO,VA,AEA,EN,Federal Contract Tower,16,39,28,0,83,0,2,60,0,62,16,41,88,0,145,40,0,40,185
02/21/2017,CHO,VA,AEA,EN,Federal Contract Tower,17,43,25,4,89,0,10,41,4,55,17,53,66,8,144,36,34,70,214
02/22/2017,CHO,VA,AEA,EN,Federal Contract Tower,18,35,20,2,75,0,1,46,0,47,18,36,66,2,122,10,32,42,164
02/23/2017,CHO,VA,AEA,EN,Federal Contract Tower,17,49,34,1,101,0,6,64,0,70,17,55,98,1,171,92,6,98,269
02/24/2017,CHO,VA,AEA,EN,Federal Contract Tower,18,37,34,4,93,0,9,46,8,63,18,46,80,12,156,48,36,84,240
02/25/2017,CHO,VA,AEA,EN,Federal Contract Tower,15,24,10,0,49,0,0,20,0,20,15,24,30,0,69,24,0,24,93
02/26/2017,CHO,VA,AEA,EN,Federal Contract Tower,13,47,27,0,87,0,4,60,0,64,13,51,87,0,151,6,0,6,157
02/27/2017,CHO,VA,AEA,EN,Federal Contract Tower,19,39,34,0,92,0,3,35,0,38,19,42,69,0,130,20,0,20,150
02/28/2017,CHO,VA,AEA,EN,Federal Contract Tower,16,41,20,2,79,0,0,50,0,50,16,41,70,2,129,14,10,24,153
03/01/2017,CHO,VA,AEA,EN,Federal Contract Tower,19,49,16,6,90,0,2,14,0,16,19,51,30,6,106,6,0,6,112
03/02/2017,CHO,VA,AEA,EN,Federal Contract Tower,22,45,31,0,98,0,16,19,0,35,22,61,50,0,133,12,0,12,145
03/03/2017,CHO,VA,AEA,EN,Federal Contract Tower,17,54,44,4,119,0,3,36,2,41,17,57,80,6,160,42,22,64,224
03/04/2017,CHO,VA,AEA,EN,Federal Contract Tower,14,29,29,0,72,0,5,58,2,65,14,34,87,2,137,44,24,68,205
03/05/2017,CHO,VA,AEA,EN,Federal Contract Tower,14,35,15,1,65,0,3,55,0,58,14,38,70,1,123,30,0,30,153
03/06/2017,CHO,VA,AEA,EN,Federal Contract Tower,16,36,13,2,67,0,6,30,1,37,16,42,43,3,104,40,30,70,174
03/07/2017,CHO,VA,AEA,EN,Federal Contract Tower,18,29,13,2,62,0,5,11,2,18,18,34,24,4,80,10,10,20,100
03/08/2017,CHO,VA,AEA,EN,Federal Contract Tower,18,45,22,3,88,0,5,44,2,51,18,50,66,5,139,52,20,72,211
03/09/2017,CHO,VA,AEA,EN,Federal Contract Tower,17,46,31,9,103,0,1,65,0,66,17,47,96,9,169,36,20,56,225
03/10/2017,CHO,VA,AEA,EN,Federal Contract Tower,20,42,30,0,92,0,8,27,0,35,20,50,57,0,127,26,0,26,153
03/11/2017,CHO,VA,AEA,EN,Federal Contract Tower,14,43,19,0,76,0,8,50,0,58,14,51,69,0,134,70,0,70,204
03/12/2017,CHO,VA,AEA,EN,Federal Contract Tower,12,36,28,2,78,0,22,45,0,67,12,58,73,2,145,10,0,10,155
03/13/2017,CHO,VA,AEA,EN,Federal Contract Tower,15,43,23,0,81,0,10,20,0,30,15,53,43,0,111,0,0,0,111
03/14/2017,CHO,VA,AEA,EN,Federal Contract Tower,15,14,8,2,39,0,6,0,0,6,15,20,8,2,45,0,0,0,45
03/15/2017,CHO,VA,AEA,EN,Federal Contract Tower,19,32,20,0,71,0,2,2,2,6,19,34,22,2,77,0,0,0,77
03/16/2017,CHO,VA,AEA,EN,Federal Contract Tower,28,48,38,6,120,0,10,69,4,83,28,58,107,10,203,98,22,120,323
03/17/2017,CHO,VA,AEA,EN,Federal Contract Tower,18,43,34,8,103,0,5,49,4,58,18,48,83,12,161,54,38,92,253
03/18/2017,CHO,VA,AEA,EN,Federal Contract Tower,12,39,19,0,70,0,16,38,0,54,12,55,57,0,124,48,0,48,172
03/19/2017,CHO,VA,AEA,EN,Federal Contract Tower,14,40,29,0,83,0,1,40,3,44,14,41,69,3,127,10,0,10,137
03/20/2017,CHO,VA,AEA,EN,Federal Contract Tower,20,48,40,1,109,0,10,75,2,87,20,58,115,3,196,60,8,68,264
03/21/2017,CHO,VA,AEA,EN,Federal Contract Tower,24,38,38,22,122,0,4,54,18,76,24,42,92,40,198,64,82,146,344
03/22/2017,CHO,VA,AEA,EN,Federal Contract Tower,22,52,33,4,111,0,4,33,0,37,22,56,66,4,148,0,0,0,148
03/23/2017,CHO,VA,AEA,EN,Federal Contract Tower,17,42,27,7,93,0,3,60,6,69,17,45,87,13,162,72,26,98,260
03/24/2017,CHO,VA,AEA,EN,Federal Contract Tower,16,39,31,8,94,0,7,45,5,57,16,46,76,13,151,40,48,88,239
03/25/2017,CHO,VA,AEA,EN,Federal Contract Tower,14,34,17,0,65,0,8,71,0,79,14,42,88,0,144,90,0,90,234
03/27/2017,CHO,VA,AEA,EN,Federal Contract Tower,15,43,29,11,98,0,3,15,2,20,15,46,44,13,118,20,74,94,212
03/28/2017,CHO,VA,AEA,EN,Federal Contract Tower,18,42,19,6,85,0,4,12,8,24,18,46,31,14,109,32,0,32,141
03/29/2017,CHO,VA,AEA,EN,Federal Contract Tower,16,50,39,5,110,0,2,62,10,74,16,52,101,15,184,54,10,64,248
03/30/2017,CHO,VA,AEA,EN,Federal Contract Tower,21,43,28,10,102,0,5,67,5,77,21,48,95,15,179,58,32,90,269
03/31/2017,CHO,VA,AEA,EN,Federal Contract Tower,13,47,25,0,85,0,0,11,0,11,13,47,36,0,96,22,0,22,118
04/01/2017,CHO,VA,AEA,EN,Federal Contract Tower,11,40,25,0,76,0,8,41,0,49,11,48,66,0,125,46,0,46,171
04/02/2017,CHO,VA,AEA,EN,Federal Contract Tower,13,49,32,0,94,0,3,72,1,76,13,52,104,1,170,60,0,60,230
04/03/2017,CHO,VA,AEA,EN,Federal Contract Tower,15,54,24,0,93,0,0,17,2,19,15,54,41,2,112,34,0,34,146
04/04/2017,CHO,VA,AEA,EN,Federal Contract Tower,9,54,24,11,98,0,0,11,0,11,9,54,35,11,109,12,0,12,121
04/05/2017,CHO,VA,AEA,EN,Federal Contract Tower,17,44,29,2,92,0,2,77,10,89,17,46,106,12,181,14,0,14,195
04/06/2017,CHO,VA,AEA,EN,Federal Contract Tower,15,40,23,0,78,0,0,0,0,0,15,40,23,0,78,0,0,0,78
04/07/2017,CHO,VA,AEA,EN,Federal Contract Tower,11,52,38,9,110,0,21,17,3,41,11,73,55,12,151,0,14,14,165
04/08/2017,CHO,VA,AEA,EN,Federal Contract Tower,8,35,42,2,87,0,15,75,1,91,8,50,117,3,178,56,0,56,234
04/09/2017,CHO,VA,AEA,EN,Federal Contract Tower,13,56,24,2,95,0,4,80,2,86,13,60,104,4,181,30,74,104,285
04/10/2017,CHO,VA,AEA,EN,Federal Contract Tower,13,47,18,2,80,0,4,50,0,54,13,51,68,2,134,40,42,82,216
04/11/2017,CHO,VA,AEA,EN,Federal Contract Tower,16,36,16,2,70,0,1,24,2,27,16,37,40,4,97,24,0,24,121
04/12/2017,CHO,VA,AEA,EN,Federal Contract Tower,18,50,25,0,93,0,0,44,0,44,18,50,69,0,137,118,0,118,255
04/13/2017,CHO,VA,AEA,EN,Federal Contract Tower,15,53,32,8,108,0,0,72,0,72,15,53,104,8,180,92,8,100,280
04/14/2017,CHO,VA,AEA,EN,Federal Contract Tower,15,59,41,4,119,0,9,62,3,74,15,68,103,7,193,48,32,80,273
04/15/2017,CHO,VA,AEA,EN,Federal Contract Tower,12,27,14,0,53,0,8,31,0,39,12,35,45,0,92,52,0,52,144
04/16/2017,CHO,VA,AEA,EN,Federal Contract Tower,12,61,17,1,91,0,14,26,0,40,12,75,43,1,131,10,2,12,143
04/17/2017,CHO,VA,AEA,EN,Federal Contract Tower,15,61,35,0,111,0,4,17,0,21,15,65,52,0,132,0,0,0,132
04/18/2017,CHO,VA,AEA,EN,Federal Contract Tower,18,35,31,9,93,0,6,54,1,61,18,41,85,10,154,76,44,120,274
04/19/2017,CHO,VA,AEA,EN,Federal Contract Tower,23,43,25,4,95,0,3,8,0,11,23,46,33,4,106,0,0,0,106
04/20/2017,CHO,VA,AEA,EN,Federal Contract Tower,14,45,34,0,93,0,3,53,0,56,14,48,87,0,149,98,6,104,253
04/21/2017,CHO,VA,AEA,EN,Federal Contract Tower,16,49,42,7,114,0,8,45,0,53,16,57,87,7,167,66,26,92,259
04/22/2017,CHO,VA,AEA,EN,Federal Contract Tower,14,36,32,1,83,0,0,0,0,0,14,36,32,1,83,0,0,0,83
04/23/2017,CHO,VA,AEA,EN,Federal Contract Tower,13,50,29,0,92,0,1,25,0,26,13,51,54,0,118,10,0,10,128
04/24/2017,CHO,VA,AEA,EN,Federal Contract Tower,16,38,31,6,91,0,0,0,0,0,16,38,31,6,91,0,0,0,91
04/25/2017,CHO,VA,AEA,EN,Federal Contract Tower,14,42,31,4,91,0,1,0,0,1,14,43,31,4,92,0,0,0,92
04/26/2017,CHO,VA,AEA,EN,Federal Contract Tower,18,55,36,4,113,0,1,80,0,81,18,56,116,4,194,70,22,92,286
04/27/2017,CHO,VA,AEA,EN,Federal Contract Tower,30,50,51,6,137,0,4,59,4,67,30,54,110,10,204,86,34,120,324
04/28/2017,CHO,VA,AEA,EN,Federal Contract Tower,18,52,52,5,127,0,14,70,0,84,18,66,122,5,211,104,22,126,337
04/29/2017,CHO,VA,AEA,EN,Federal Contract Tower,13,38,37,2,90,0,8,52,2,62,13,46,89,4,152,44,20,64,216
04/30/2017,CHO,VA,AEA,EN,Federal Contract Tower,16,49,40,2,107,0,0,55,0,55,16,49,95,2,162,40,0,40,202
05/01/2017,CHO,VA,AEA,EN,Federal Contract Tower,15,42,12,4,73,0,0,17,0,17,15,42,29,4,90,0,14,14,104
05/02/2017,CHO,VA,AEA,EN,Federal Contract Tower,15,43,16,13,87,0,2,5,0,7,15,45,21,13,94,0,16,16,110
05/03/2017,CHO,VA,AEA,EN,Federal Contract Tower,22,51,39,4,116,0,12,69,2,83,22,63,108,6,199,92,14,106,305
05/04/2017,CHO,VA,AEA,EN,Federal Contract Tower,14,50,33,4,101,0,0,38,0,38,14,50,71,4,139,38,30,68,207
05/05/2017,CHO,VA,AEA,EN,Federal Contract Tower,14,47,37,4,102,0,0,8,0,8,14,47,45,4,110,0,0,0,110
05/06/2017,CHO,VA,AEA,EN,Federal Contract Tower,8,36,27,0,71,0,2,2,0,4,8,38,29,0,75,16,0,16,91
05/07/2017,CHO,VA,AEA,EN,Federal Contract Tower,7,47,26,2,82,0,3,35,0,38,7,50,61,2,120,20,0,20,140
05/08/2017,CHO,VA,AEA,EN,Federal Contract Tower,12,56,31,8,107,0,8,35,4,47,12,64,66,12,154,60,24,84,238
05/09/2017,CHO,VA,AEA,EN,Federal Contract Tower,16,59,26,2,103,0,0,72,8,80,16,59,98,10,183,54,10,64,247
05/10/2017,CHO,VA,AEA,EN,Federal Contract Tower,17,51,35,16,119,0,1,88,5,94,17,52,123,21,213,52,8,60,273
05/11/2017,CHO,VA,AEA,EN,Federal Contract Tower,24,60,30,0,114,0,0,0,0,0,24,60,30,0,114,0,0,0,114
05/12/2017,CHO,VA,AEA,EN,Federal Contract Tower,18,63,38,2,121,0,0,0,0,0,18,63,38,2,121,0,0,0,121
05/13/2017,CHO,VA,AEA,EN,Federal Contract Tower,9,44,31,1,85,0,9,2,0,11,9,53,33,1,96,0,0,0,96
05/14/2017,CHO,VA,AEA,EN,Federal Contract Tower,9,45,30,0,84,0,7,38,0,45,9,52,68,0,129,36,0,36,165
05/15/2017,CHO,VA,AEA,EN,Federal Contract Tower,16,47,33,0,96,0,15,68,0,83,16,62,101,0,179,46,0,46,225
05/16/2017,CHO,VA,AEA,EN,Federal Contract Tower,20,51,32,4,107,0,13,56,0,69,20,64,88,4,176,56,50,106,282
05/17/2017,CHO,VA,AEA,EN,Federal Contract Tower,20,50,33,7,110,0,4,68,9,81,20,54,101,16,191,72,44,116,307
05/18/2017,CHO,VA,AEA,EN,Federal Contract Tower,20,60,32,9,121,0,2,65,5,72,20,62,97,14,193,98,38,136,329
05/19/2017,CHO,VA,AEA,EN,Federal Contract Tower,17,56,44,3,120,0,3,65,5,73,17,59,109,8,193,58,26,84,277
05/20/2017,CHO,VA,AEA,EN,Federal Contract Tower,10,44,19,0,73,0,2,31,0,33,10,46,50,0,106,36,0,36,142
05/21/2017,CHO,VA,AEA,EN,Federal Contract Tower,8,80,40,0,128,0,1,25,0,26,8,81,65,0,154,10,0,10,164
05/22/2017,CHO,VA,AEA,EN,Federal Contract Tower,15,57,34,0,106,0,4,15,0,19,15,61,49,0,125,30,0,30,155
05/23/2017,CHO,VA,AEA,EN,Federal Contract Tower,17,52,29,0,98,0,3,5,0,8,17,55,34,0,106,0,0,0,106
05/24/2017,CHO,VA,AEA,EN,Federal Contract Tower,13,49,28,3,93,0,0,0,0,0,13,49,28,3,93,0,0,0,93
05/25/2017,CHO,VA,AEA,EN,Federal Contract Tower,13,42,31,0,86,0,2,14,0,16,13,44,45,0,102,36,0,36,138
05/26/2017,CHO,VA,AEA,EN,Federal Contract Tower,18,45,47,2,112,0,3,62,2,67,18,48,109,4,179,64,16,80,259
05/27/2017,CHO,VA,AEA,EN,Federal Contract Tower,10,36,25,1,72,0,2,37,1,40,10,38,62,2,112,36,0,36,148
05/28/2017,CHO,VA,AEA,EN,Federal Contract Tower,11,40,25,0,76,0,0,0,0,0,11,40,25,0,76,0,0,0,76
05/29/2017,CHO,VA,AEA,EN,Federal Contract Tower,16,55,28,0,99,0,2,51,0,53,16,57,79,0,152,54,0,54,206
05/30/2017,CHO,VA,AEA,EN,Federal Contract Tower,16,46,23,2,87,0,2,38,0,40,16,48,61,2,127,64,0,64,191
05/31/2017,CHO,VA,AEA,EN,Federal Contract Tower,24,45,28,8,105,0,6,68,6,80,24,51,96,14,185,86,30,116,301
06/01/2017,CHO,VA,AEA,EN,Federal Contract Tower,14,47,31,3,95,0,2,68,2,72,14,49,99,5,167,138,26,164,331
06/02/2017,CHO,VA,AEA,EN,Federal Contract Tower,21,55,42,9,127,0,12,56,4,72,21,67,98,13,199,56,34,90,289
06/03/2017,CHO,VA,AEA,EN,Federal Contract Tower,9,35,17,0,61,0,11,65,0,76,9,46,82,0,137,52,0,52,189
06/04/2017,CHO,VA,AEA,EN,Federal Contract Tower,10,45,25,2,82,0,6,57,0,63,10,51,82,2,145,40,0,40,185
06/05/2017,CHO,VA,AEA,EN,Federal Contract Tower,11,57,27,2,97,0,1,5,0,6,11,58,32,2,103,20,0,20,123
06/06/2017,CHO,VA,AEA,EN,Federal Contract Tower,16,45,27,10,98,0,11,48,0,59,16,56,75,10,157,68,0,68,225
06/07/2017,CHO,VA,AEA,EN,Federal Contract Tower,17,42,46,3,108,0,3,39,0,42,17,45,85,3,150,32,12,44,194
06/08/2017,CHO,VA,AEA,EN,Federal Contract Tower,13,60,28,2,103,0,3,73,4,80,13,63,101,6,183,50,12,62,245
06/09/2017,CHO,VA,AEA,EN,Federal Contract Tower,10,48,43,5,106,0,4,65,3,72,10,52,108,8,178,118,6,124,302
06/10/2017,CHO,VA,AEA,EN,Federal Contract Tower,10,37,22,0,69,0,13,66,1,80,10,50,88,1,149,54,0,54,203
06/11/2017,CHO,VA,AEA,EN,Federal Contract Tower,10,41,20,0,71,0,5,57,1,63,10,46,77,1,134,20,0,20,154
06/12/2017,CHO,VA,AEA,EN,Federal Contract Tower,21,48,25,2,96,0,15,40,0,55,21,63,65,2,151,80,10,90,241
06/13/2017,CHO,VA,AEA,EN,Federal Contract Tower,15,45,19,2,81,0,11,20,0,31,15,56,39,2,112,40,0,40,152
06/14/2017,CHO,VA,AEA,EN,Federal Contract Tower,14,58,23,1,96,0,5,36,2,43,14,63,59,3,139,12,4,16,155
06/15/2017,CHO,VA,AEA,EN,Federal Contract Tower,18,49,33,2,102,0,4,57,7,68,18,53,90,9,170,60,24,84,254
06/16/2017,CHO,VA,AEA,EN,Federal Contract Tower,16,49,29,5,99,0,5,40,0,45,16,54,69,5,144,50,22,72,216
06/17/2017,CHO,VA,AEA,EN,Federal Contract Tower,7,37,26,0,70,0,6,19,0,25,7,43,45,0,95,68,0,68,163
06/18/2017,CHO,VA,AEA,EN,Federal Contract Tower,8,44,25,0,77,0,5,30,0,35,8,49,55,0,112,30,0,30,142
06/19/2017,CHO,VA,AEA,EN,Federal Contract Tower,11,43,26,0,80,0,0,16,0,16,11,43,42,0,96,4,0,4,100
06/20/2017,CHO,VA,AEA,EN,Federal Contract Tower,23,36,21,4,84,0,2,72,15,89,23,38,93,19,173,40,0,40,213
06/21/2017,CHO,VA,AEA,EN,Federal Contract Tower,14,52,31,11,108,0,5,75,2,82,14,57,106,13,190,110,46,156,346
06/22/2017,CHO,VA,AEA,EN,Federal Contract Tower,21,53,45,21,140,0,11,90,8,109,21,64,135,29,249,124,58,182,431
06/23/2017,CHO,VA,AEA,EN,Federal Contract Tower,18,44,34,9,105,0,4,32,0,36,18,48,66,9,141,26,5,31,172
06/24/2017,CHO,VA,AEA,EN,Federal Contract Tower,9,42,22,0,73,0,4,31,0,35,9,46,53,0,108,36,0,36,144
06/25/2017,CHO,VA,AEA,EN,Federal Contract Tower,10,45,26,0,81,0,3,65,0,68,10,48,91,0,149,40,0,40,189
06/26/2017,CHO,VA,AEA,EN,Federal Contract Tower,8,46,27,1,82,0,2,44,1,47,8,48,71,2,129,40,0,40,169
06/27/2017,CHO,VA,AEA,EN,Federal Contract Tower,17,39,25,8,89,0,3,36,0,39,17,42,61,8,128,58,0,58,186
06/28/2017,CHO,VA,AEA,EN,Federal Contract Tower,15,45,37,3,100,0,3,78,3,84,15,48,115,6,184,86,0,86,270
06/29/2017,CHO,VA,AEA,EN,Federal Contract Tower,20,62,30,17,129,0,9,63,8,80,20,71,93,25,209,82,58,140,349
06/30/2017,CHO,VA,AEA,EN,Federal Contract Tower,20,43,37,10,110,0,12,50,4,66,20,55,87,14,176,70,52,122,298
07/01/2017,CHO,VA,AEA,EN,Federal Contract Tower,9,46,22,0,77,0,0,23,0,23,9,46,45,0,100,44,0,44,144
07/02/2017,CHO,VA,AEA,EN,Federal Contract Tower,7,33,11,0,51,0,5,55,0,60,7,38,66,0,111,30,0,30,141
07/03/2017,CHO,VA,AEA,EN,Federal Contract Tower,8,35,16,0,59,0,7,40,0,47,8,42,56,0,106,50,0,50,156
07/04/2017,CHO,VA,AEA,EN,Federal Contract Tower,20,35,10,0,65,0,9,8,0,17,20,44,18,0,82,10,0,10,92
07/05/2017,CHO,VA,AEA,EN,Federal Contract Tower,9,49,13,2,73,0,2,0,0,2,9,51,13,2,75,0,0,0,75
07/06/2017,CHO,VA,AEA,EN,Federal Contract Tower,20,59,29,2,110,0,0,38,0,38,20,59,67,2,148,70,0,70,218
07/07/2017,CHO,VA,AEA,EN,Federal Contract Tower,11,46,30,2,89,0,5,69,6,80,11,51,99,8,169,54,26,80,249
07/08/2017,CHO,VA,AEA,EN,Federal Contract Tower,5,53,20,0,78,0,6,48,7,61,5,59,68,7,139,70,0,70,209
07/09/2017,CHO,VA,AEA,EN,Federal Contract Tower,6,50,17,0,73,0,7,75,0,82,6,57,92,0,155,110,0,110,265
07/10/2017,CHO,VA,AEA,EN,Federal Contract Tower,4,40,22,6,72,0,2,45,0,47,4,42,67,6,119,80,20,100,219
07/11/2017,CHO,VA,AEA,EN,Federal Contract Tower,13,46,18,8,85,0,2,43,2,47,13,48,61,10,132,34,10,44,176
07/12/2017,CHO,VA,AEA,EN,Federal Contract Tower,15,44,23,1,83,0,0,52,1,53,15,44,75,2,136,48,0,48,184
07/13/2017,CHO,VA,AEA,EN,Federal Contract Tower,6,52,24,4,86,0,2,52,4,58,6,54,76,8,144,40,36,76,220
07/14/2017,CHO,VA,AEA,EN,Federal Contract Tower,15,38,31,9,93,0,7,50,1,58,15,45,81,10,151,44,36,80,231
07/15/2017,CHO,VA,AEA,EN,Federal Contract Tower,6,44,18,0,68,0,4,52,0,56,6,48,70,0,124,58,0,58,182
07/16/2017,CHO,VA,AEA,EN,Federal Contract Tower,5,49,20,1,75,0,6,60,5,71,5,55,80,6,146,30,0,30,176
07/18/2017,CHO,VA,AEA,EN,Federal Contract Tower,14,50,32,4,100,0,5,37,0,42,14,55,69,4,142,20,0,20,162
07/19/2017,CHO,VA,AEA,EN,Federal Contract Tower,12,51,47,10,120,0,0,56,1,57,12,51,103,11,177,26,48,74,251
07/20/2017,CHO,VA,AEA,EN,Federal Contract Tower,18,45,44,10,117,0,7,71,2,80,18,52,115,12,197,60,10,70,267
07/21/2017,CHO,VA,AEA,EN,Federal Contract Tower,14,53,36,6,109,0,5,49,3,57,14,58,85,9,166,72,24,96,262
07/22/2017,CHO,VA,AEA,EN,Federal Contract Tower,11,37,22,0,70,0,2,61,0,63,11,39,83,0,133,68,0,68,201
07/23/2017,CHO,VA,AEA,EN,Federal Contract Tower,8,50,27,1,86,0,4,22,0,26,8,54,49,1,112,22,0,22,134
07/24/2017,CHO,VA,AEA,EN,Federal Contract Tower,8,45,25,4,82,0,6,32,0,38,8,51,57,4,120,24,0,24,144
07/25/2017,CHO,VA,AEA,EN,Federal Contract Tower,16,45,25,3,89,0,3,42,0,45,16,48,67,3,134,30,2,32,166
07/26/2017,CHO,VA,AEA,EN,Federal Contract Tower,16,49,32,0,97,0,12,71,5,88,16,61,103,5,185,18,16,34,219
07/27/2017,CHO,VA,AEA,EN,Federal Contract Tower,11,53,28,12,104,0,5,56,9,70,11,58,84,21,174,72,16,88,262
07/28/2017,CHO,VA,AEA,EN,Federal Contract Tower,16,39,27,9,91,0,7,30,0,37,16,46,57,9,128,52,26,78,206
07/29/2017,CHO,VA,AEA,EN,Federal Contract Tower,7,38,21,0,66,0,0,12,0,12,7,38,33,0,78,0,0,0,78
07/30/2017,CHO,VA,AEA,EN,Federal Contract Tower,7,50,30,0,87,0,4,75,0,79,7,54,105,0,166,30,0,30,196
07/31/2017,CHO,VA,AEA,EN,Federal Contract Tower,15,56,19,2,92,0,5,60,4,69,15,61,79,6,161,50,24,74,235
08/01/2017,CHO,VA,AEA,EN,Federal Contract Tower,23,42,27,10,102,0,8,70,0,78,23,50,97,10,180,94,94,188,368
08/02/2017,CHO,VA,AEA,EN,Federal Contract Tower,14,52,46,9,121,0,5,63,0,68,14,57,109,9,189,44,76,120,309
08/03/2017,CHO,VA,AEA,EN,Federal Contract Tower,13,51,31,9,104,0,2,66,0,68,13,53,97,9,172,52,16,68,240
08/04/2017,CHO,VA,AEA,EN,Federal Contract Tower,15,50,35,4,104,0,12,62,0,74,15,62,97,4,178,64,68,132,310
08/05/2017,CHO,VA,AEA,EN,Federal Contract Tower,9,39,18,0,66,0,5,63,0,68,9,44,81,0,134,42,0,42,176
08/06/2017,CHO,VA,AEA,EN,Federal Contract Tower,7,42,32,1,82,0,5,60,1,66,7,47,92,2,148,70,0,70,218
08/07/2017,CHO,VA,AEA,EN,Federal Contract Tower,18,53,32,0,103,0,4,0,0,4,18,57,32,0,107,6,0,6,113
08/08/2017,CHO,VA,AEA,EN,Federal Contract Tower,14,46,26,6,92,0,4,55,4,63,14,50,81,10,155,54,4,58,213
08/09/2017,CHO,VA,AEA,EN,Federal Contract Tower,18,62,35,4,119,0,1,82,4,87,18,63,117,8,206,154,20,174,380
08/10/2017,CHO,VA,AEA,EN,Federal Contract Tower,11,50,16,6,83,0,4,71,6,81,11,54,87,12,164,60,10,70,234
08/11/2017,CHO,VA,AEA,EN,Federal Contract Tower,13,40,34,5,92,0,9,51,0,60,13,49,85,5,152,58,32,90,242
08/12/2017,CHO,VA,AEA,EN,Federal Contract Tower,6,40,23,2,71,0,16,13,0,29,6,56,36,2,100,20,0,20,120
08/13/2017,CHO,VA,AEA,EN,Federal Contract Tower,5,49,27,0,81,0,8,85,0,93,5,57,112,0,174,50,0,50,224
08/14/2017,CHO,VA,AEA,EN,Federal Contract Tower,5,53,39,11,108,0,2,55,4,61,5,55,94,15,169,20,30,50,219
08/15/2017,CHO,VA,AEA,EN,Federal Contract Tower,19,46,21,1,87,0,0,5,0,5,19,46,26,1,92,26,0,26,118
08/16/2017,CHO,VA,AEA,EN,Federal Contract Tower,20,42,34,3,99,0,4,59,2,65,20,46,93,5,164,28,10,38,202
08/17/2017,CHO,VA,AEA,EN,Federal Contract Tower,17,55,25,2,99,0,3,51,0,54,17,58,76,2,153,44,0,44,197
08/18/2017,CHO,VA,AEA,EN,Federal Contract Tower,13,46,33,8,100,0,11,46,4,61,13,57,79,12,161,48,62,110,271
08/19/2017,CHO,VA,AEA,EN,Federal Contract Tower,10,44,23,0,77,0,13,52,0,65,10,57,75,0,142,54,0,54,196
08/20/2017,CHO,VA,AEA,EN,Federal Contract Tower,7,51,43,0,101,0,3,50,0,53,7,54,93,0,154,40,0,40,194
08/21/2017,CHO,VA,AEA,EN,Federal Contract Tower,16,41,52,10,119,0,16,72,4,92,16,57,124,14,211,40,0,40,251
08/22/2017,CHO,VA,AEA,EN,Federal Contract Tower,25,37,39,9,110,0,4,61,4,69,25,41,100,13,179,38,30,68,247
08/23/2017,CHO,VA,AEA,EN,Federal Contract Tower,33,43,54,13,143,0,12,68,6,86,33,55,122,19,229,84,46,130,359
08/24/2017,CHO,VA,AEA,EN,Federal Contract Tower,24,37,47,6,114,0,9,55,0,64,24,46,102,6,178,78,40,118,296
08/25/2017,CHO,VA,AEA,EN,Federal Contract Tower,15,52,27,7,101,0,3,64,2,69,15,55,91,9,170,60,26,86,256
08/26/2017,CHO,VA,AEA,EN,Federal Contract Tower,12,34,23,0,69,0,6,65,0,71,12,40,88,0,140,88,0,88,228
08/27/2017,CHO,VA,AEA,EN,Federal Contract Tower,11,46,17,1,75,0,13,40,0,53,11,59,57,1,128,40,0,40,168
08/28/2017,CHO,VA,AEA,EN,Federal Contract Tower,11,50,28,4,93,0,2,45,2,49,11,52,73,6,142,20,14,34,176
08/29/2017,CHO,VA,AEA,EN,Federal Contract Tower,27,44,30,4,105,0,0,0,0,0,27,44,30,4,105,0,0,0,105
08/30/2017,CHO,VA,AEA,EN,Federal Contract Tower,27,42,41,8,118,0,7,70,4,81,27,49,111,12,199,118,30,148,347
08/31/2017,CHO,VA,AEA,EN,Federal Contract Tower,19,40,35,6,100,0,6,71,0,77,19,46,106,6,177,80,26,106,283
09/01/2017,CHO,VA,AEA,EN,Federal Contract Tower,21,44,42,4,111,0,7,18,0,25,21,51,60,4,136,32,0,32,168
09/02/2017,CHO,VA,AEA,EN,Federal Contract Tower,14,39,24,1,78,0,0,0,0,0,14,39,24,1,78,0,0,0,78
09/03/2017,CHO,VA,AEA,EN,Federal Contract Tower,9,43,27,0,79,0,1,55,0,56,9,44,82,0,135,50,0,50,185
09/04/2017,CHO,VA,AEA,EN,Federal Contract Tower,20,39,40,0,99,0,8,71,4,83,20,47,111,4,182,60,4,64,246
09/05/2017,CHO,VA,AEA,EN,Federal Contract Tower,24,40,31,4,99,0,7,46,2,55,24,47,77,6,154,40,40,80,234
09/06/2017,CHO,VA,AEA,EN,Federal Contract Tower,24,36,19,1,80,0,0,0,0,0,24,36,19,1,80,0,0,0,80
09/07/2017,CHO,VA,AEA,EN,Federal Contract Tower,19,50,35,4,108,0,5,75,1,81,19,55,110,5,189,126,0,126,315
09/08/2017,CHO,VA,AEA,EN,Federal Contract Tower,21,42,28,2,93,0,4,71,3,78,21,46,99,5,171,82,10,92,263
09/09/2017,CHO,VA,AEA,EN,Federal Contract Tower,12,34,24,0,70,0,4,51,26,81,12,38,75,26,151,58,0,58,209
09/10/2017,CHO,VA,AEA,EN,Federal Contract Tower,13,40,31,0,84,0,7,60,2,69,13,47,91,2,153,50,0,50,203
09/11/2017,CHO,VA,AEA,EN,Federal Contract Tower,8,43,29,6,86,0,1,45,0,46,8,44,74,6,132,20,0,20,152
09/12/2017,CHO,VA,AEA,EN,Federal Contract Tower,27,36,40,8,111,0,8,35,2,45,27,44,75,10,156,40,34,74,230
09/13/2017,CHO,VA,AEA,EN,Federal Contract Tower,33,38,36,2,109,0,1,28,4,33,33,39,64,6,142,22,0,22,164
09/14/2017,CHO,VA,AEA,EN,Federal Contract Tower,22,46,39,4,111,0,6,73,4,83,22,52,112,8,194,56,46,102,296
09/15/2017,CHO,VA,AEA,EN,Federal Contract Tower,19,52,42,4,117,0,4,52,2,58,19,56,94,6,175,38,18,56,231
09/16/2017,CHO,VA,AEA,EN,Federal Contract Tower,11,29,30,0,70,0,5,50,2,57,11,34,80,2,127,58,4,62,189
09/17/2017,CHO,VA,AEA,EN,Federal Contract Tower,12,50,26,0,88,0,0,54,4,58,12,50,80,4,146,46,18,64,210
09/18/2017,CHO,VA,AEA,EN,Federal Contract Tower,14,38,27,2,81,0,2,10,0,12,14,40,37,2,93,34,0,34,127
09/19/2017,CHO,VA,AEA,EN,Federal Contract Tower,14,49,36,11,110,0,2,49,2,53,14,51,85,13,163,52,60,112,275
09/20/2017,CHO,VA,AEA,EN,Federal Contract Tower,19,45,33,10,107,0,2,66,3,71,19,47,99,13,178,66,10,76,254
09/21/2017,CHO,VA,AEA,EN,Federal Contract Tower,19,51,22,6,98,0,2,71,1,74,19,53,93,7,172,54,26,80,252
09/22/2017,CHO,VA,AEA,EN,Federal Contract Tower,21,55,40,3,119,0,2,61,5,68,21,57,101,8,187,86,24,110,297
09/23/2017,CHO,VA,AEA,EN,Federal Contract Tower,15,42,34,0,91,0,6,34,2,42,15,48,68,2,133,30,0,30,163
09/24/2017,CHO,VA,AEA,EN,Federal Contract Tower,13,82,47,0,142,0,7,35,0,42,13,89,82,0,184,10,0,10,194
09/25/2017,CHO,VA,AEA,EN,Federal Contract Tower,20,40,32,7,99,0,5,42,1,48,20,45,74,8,147,70,50,120,267
09/26/2017,CHO,VA,AEA,EN,Federal Contract Tower,23,59,36,16,134,0,5,74,0,79,23,64,110,16,213,72,50,122,335
09/27/2017,CHO,VA,AEA,EN,Federal Contract Tower,26,37,44,10,117,0,4,61,3,68,26,41,105,13,185,62,60,122,307
09/28/2017,CHO,VA,AEA,EN,Federal Contract Tower,22,47,39,2,110,0,5,55,2,62,22,52,94,4,172,50,16,66,238
09/29/2017,CHO,VA,AEA,EN,Federal Contract Tower,21,57,40,6,124,0,6,62,4,72,21,63,102,10,196,50,36,86,282
09/30/2017,CHO,VA,AEA,EN,Federal Contract Tower,9,47,21,0,77,0,8,47,2,57,9,55,68,2,134,62,0,62,196
10/01/2017,CHO,VA,AEA,EN,Federal Contract Tower,16,53,46,0,115,0,6,70,0,76,16,59,116,0,191,40,0,40,231
10/02/2017,CHO,VA,AEA,EN,Federal Contract Tower,13,52,33,1,99,0,8,52,0,60,13,60,85,1,159,60,42,102,261
10/03/2017,CHO,VA,AEA,EN,Federal Contract Tower,13,41,30,19,103,0,7,42,0,49,13,48,72,19,152,56,48,104,256
10/04/2017,CHO,VA,AEA,EN,Federal Contract Tower,26,50,54,5,135,0,5,61,1,67,26,55,115,6,202,66,26,92,294
10/05/2017,CHO,VA,AEA,EN,Federal Contract Tower,22,59,51,4,136,0,4,68,0,72,22,63,119,4,208,80,18,98,306
10/06/2017,CHO,VA,AEA,EN,Federal Contract Tower,15,61,59,0,135,0,12,77,0,89,15,73,136,0,224,84,0,84,308
10/07/2017,CHO,VA,AEA,EN,Federal Contract Tower,15,51,53,0,119,0,8,48,2,58,15,59,101,2,177,56,0,56,233
10/08/2017,CHO,VA,AEA,EN,Federal Contract Tower,13,62,37,0,112,0,4,10,0,14,13,66,47,0,126,14,0,14,140
10/09/2017,CHO,VA,AEA,EN,Federal Contract Tower,24,43,40,0,107,0,1,4,0,5,24,44,44,0,112,12,0,12,124
10/10/2017,CHO,VA,AEA,EN,Federal Contract Tower,38,44,50,9,141,0,7,62,0,69,38,51,112,9,210,76,50,126,336
10/11/2017,CHO,VA,AEA,EN,Federal Contract Tower,32,44,46,8,130,0,0,0,0,0,32,44,46,8,130,0,0,0,130
10/12/2017,CHO,VA,AEA,EN,Federal Contract Tower,21,46,43,0,110,0,0,0,0,0,21,46,43,0,110,0,0,0,110
10/13/2017,CHO,VA,AEA,EN,Federal Contract Tower,25,49,45,0,119,0,0,0,0,0,25,49,45,0,119,0,0,0,119
10/14/2017,CHO,VA,AEA,EN,Federal Contract Tower,9,32,13,0,54,0,14,12,0,26,9,46,25,0,80,14,0,14,94
10/15/2017,CHO,VA,AEA,EN,Federal Contract Tower,15,51,27,0,93,0,1,15,0,16,15,52,42,0,109,10,0,10,119
10/16/2017,CHO,VA,AEA,EN,Federal Contract Tower,13,53,43,5,114,0,8,25,0,33,13,61,68,5,147,20,22,42,189
10/17/2017,CHO,VA,AEA,EN,Federal Contract Tower,16,48,28,26,118,0,7,53,0,60,16,55,81,26,178,54,70,124,302
10/18/2017,CHO,VA,AEA,EN,Federal Contract Tower,29,51,30,8,118,0,9,61,0,70,29,60,91,8,188,100,30,130,318
10/19/2017,CHO,VA,AEA,EN,Federal Contract Tower,26,40,40,7,113,0,3,71,2,76,26,43,111,9,189,92,28,120,309
10/20/2017,CHO,VA,AEA,EN,Federal Contract Tower,15,56,49,6,126,0,6,68,2,76,15,62,117,8,202,46,26,72,274
10/21/2017,CHO,VA,AEA,EN,Federal Contract Tower,15,41,26,0,82,0,7,66,1,74,15,48,92,1,156,34,0,34,190
10/22/2017,CHO,VA,AEA,EN,Federal Contract Tower,15,52,37,0,104,0,12,90,0,102,15,64,127,0,206,30,0,30,236
10/23/2017,CHO,VA,AEA,EN,Federal Contract Tower,18,39,35,6,98,0,4,30,2,36,18,43,65,8,134,62,30,92,226
10/24/2017,CHO,VA,AEA,EN,Federal Contract Tower,16,39,43,13,111,0,5,42,2,49,16,44,85,15,160,22,24,46,206
10/25/2017,CHO,VA,AEA,EN,Federal Contract Tower,29,41,39,0,109,0,6,76,5,87,29,47,115,5,196,46,20,66,262
10/26/2017,CHO,VA,AEA,EN,Federal Contract Tower,24,37,37,4,102,0,4,57,8,69,24,41,94,12,171,60,54,114,285
10/27/2017,CHO,VA,AEA,EN,Federal Contract Tower,20,44,48,9,121,0,4,52,6,62,20,48,100,15,183,54,38,92,275
10/28/2017,CHO,VA,AEA,EN,Federal Contract Tower,16,44,27,0,87,0,14,49,2,65,16,58,76,2,152,34,12,46,198
10/29/2017,CHO,VA,AEA,EN,Federal Contract Tower,16,45,19,0,80,0,0,0,0,0,16,45,19,0,80,0,0,0,80
10/30/2017,CHO,VA,AEA,EN,Federal Contract Tower,12,53,28,0,93,0,6,25,0,31,12,59,53,0,124,10,0,10,134
10/31/2017,CHO,VA,AEA,EN,Federal Contract Tower,16,43,19,13,91,0,1,49,5,55,16,44,68,18,146,8,30,38,184
11/01/2017,CHO,VA,AEA,EN,Federal Contract Tower,20,47,39,12,118,0,0,52,0,52,20,47,91,12,170,46,30,76,246
11/02/2017,CHO,VA,AEA,EN,Federal Contract Tower,19,57,29,2,107,0,1,67,4,72,19,58,96,6,179,84,18,102,281
11/03/2017,CHO,VA,AEA,EN,Federal Contract Tower,23,59,52,4,138,0,3,75,4,82,23,62,127,8,220,68,48,116,336
11/04/2017,CHO,VA,AEA,EN,Federal Contract Tower,9,47,36,0,92,0,0,34,0,34,9,47,70,0,126,22,0,22,148
11/05/2017,CHO,VA,AEA,EN,Federal Contract Tower,11,73,36,0,120,0,0,0,0,0,11,73,36,0,120,0,0,0,120
11/06/2017,CHO,VA,AEA,EN,Federal Contract Tower,13,52,28,0,93,0,1,20,0,21,13,53,48,0,114,12,0,12,126
11/07/2017,CHO,VA,AEA,EN,Federal Contract Tower,28,38,43,0,109,0,2,7,0,9,28,40,50,0,118,0,0,0,118
11/08/2017,CHO,VA,AEA,EN,Federal Contract Tower,37,36,35,0,108,0,4,21,0,25,37,40,56,0,133,32,0,32,165
11/09/2017,CHO,VA,AEA,EN,Federal Contract Tower,19,47,30,0,96,0,0,0,0,0,19,47,30,0,96,0,0,0,96
11/10/2017,CHO,VA,AEA,EN,Federal Contract Tower,31,50,44,6,131,0,12,51,3,66,31,62,95,9,197,54,26,80,277
11/11/2017,CHO,VA,AEA,EN,Federal Contract Tower,14,42,37,0,93,0,6,61,0,67,14,48,98,0,160,28,0,28,188
11/12/2017,CHO,VA,AEA,EN,Federal Contract Tower,14,43,39,0,96,0,0,57,0,57,14,43,96,0,153,0,0,0,153
11/13/2017,CHO,VA,AEA,EN,Federal Contract Tower,22,42,45,2,111,0,8,61,10,79,22,50,106,12,190,68,44,112,302
11/14/2017,CHO,VA,AEA,EN,Federal Contract Tower,34,53,46,7,140,0,8,59,3,70,34,61,105,10,210,70,18,88,298
11/15/2017,CHO,VA,AEA,EN,Federal Contract Tower,34,49,41,9,133,0,7,40,1,48,34,56,81,10,181,38,36,74,255
11/16/2017,CHO,VA,AEA,EN,Federal Contract Tower,29,48,61,8,146,0,9,78,12,99,29,57,139,20,245,70,74,144,389
11/17/2017,CHO,VA,AEA,EN,Federal Contract Tower,20,57,49,4,130,0,12,60,0,72,20,69,109,4,202,54,24,78,280
11/18/2017,CHO,VA,AEA,EN,Federal Contract Tower,15,53,21,0,89,0,5,36,0,41,15,58,57,0,130,28,0,28,158
11/19/2017,CHO,VA,AEA,EN,Federal Contract Tower,15,49,12,0,76,0,6,0,0,6,15,55,12,0,82,12,0,12,94
11/20/2017,CHO,VA,AEA,EN,Federal Contract Tower,27,45,31,6,109,0,13,49,4,66,27,58,80,10,175,102,24,126,301
11/21/2017,CHO,VA,AEA,EN,Federal Contract Tower,28,52,45,4,129,0,5,49,0,54,28,57,94,4,183,52,38,90,273
11/22/2017,CHO,VA,AEA,EN,Federal Contract Tower,30,45,43,6,124,0,7,73,0,80,30,52,116,6,204,56,28,84,288
11/23/2017,CHO,VA,AEA,EN,Federal Contract Tower,15,26,17,0,58,0,4,37,0,41,15,30,54,0,99,12,0,12,111
11/24/2017,CHO,VA,AEA,EN,Federal Contract Tower,24,42,36,0,102,0,12,60,0,72,24,54,96,0,174,94,0,94,268
11/25/2017,CHO,VA,AEA,EN,Federal Contract Tower,20,50,26,0,96,0,15,49,0,64,20,65,75,0,160,44,0,44,204
11/26/2017,CHO,VA,AEA,EN,Federal Contract Tower,28,42,42,0,112,0,7,73,0,80,28,49,115,0,192,68,0,68,260
11/27/2017,CHO,VA,AEA,EN,Federal Contract Tower,30,64,60,4,158,0,8,75,4,87,30,72,135,8,245,62,26,88,333
11/28/2017,CHO,VA,AEA,EN,Federal Contract Tower,26,48,43,14,131,0,9,51,1,61,26,57,94,15,192,68,48,116,308
11/29/2017,CHO,VA,AEA,EN,Federal Contract Tower,29,52,39,8,128,0,9,67,8,84,29,61,106,16,212,64,8,72,284
11/30/2017,CHO,VA,AEA,EN,Federal Contract Tower,24,37,31,2,94,0,6,54,4,64,24,43,85,6,158,62,34,96,254
12/01/2017,CHO,VA,AEA,EN,Federal Contract Tower,20,50,43,0,113,0,11,43,4,58,20,61,86,4,171,54,48,102,273
12/02/2017,CHO,VA,AEA,EN,Federal Contract Tower,11,37,20,0,68,0,13,30,35,78,11,50,50,35,146,24,0,24,170
12/03/2017,CHO,VA,AEA,EN,Federal Contract Tower,15,41,27,0,83,0,3,48,0,51,15,44,75,0,134,76,0,76,210
12/04/2017,CHO,VA,AEA,EN,Federal Contract Tower,24,47,45,4,120,0,6,43,0,49,24,53,88,4,169,76,22,98,267
12/05/2017,CHO,VA,AEA,EN,Federal Contract Tower,26,57,30,9,122,0,11,35,0,46,26,68,65,9,168,51,0,51,219
12/06/2017,CHO,VA,AEA,EN,Federal Contract Tower,32,59,25,0,116,0,15,50,7,72,32,74,75,7,188,82,20,102,290
12/07/2017,CHO,VA,AEA,EN,Federal Contract Tower,28,36,38,8,110,0,4,62,0,66,28,40,100,8,176,70,30,100,276
12/08/2017,CHO,VA,AEA,EN,Federal Contract Tower,19,33,23,4,79,0,8,38,0,46,19,41,61,4,125,56,36,92,217
12/09/2017,CHO,VA,AEA,EN,Federal Contract Tower,9,26,4,0,39,0,0,0,0,0,9,26,4,0,39,0,0,0,39
12/10/2017,CHO,VA,AEA,EN,Federal Contract Tower,15,32,28,0,75,0,0,42,0,42,15,32,70,0,117,52,0,52,169
12/11/2017,CHO,VA,AEA,EN,Federal Contract Tower,18,44,24,15,101,0,9,53,0,62,18,53,77,15,163,84,16,100,263
12/12/2017,CHO,VA,AEA,EN,Federal Contract Tower,28,42,23,8,101,0,0,25,12,37,28,42,48,20,138,14,12,26,164
12/13/2017,CHO,VA,AEA,EN,Federal Contract Tower,29,48,37,4,118,0,3,62,0,65,29,51,99,4,183,48,24,72,255
12/14/2017,CHO,VA,AEA,EN,Federal Contract Tower,22,42,17,5,86,0,4,45,22,71,22,46,62,27,157,58,18,76,233
12/15/2017,CHO,VA,AEA,EN,Federal Contract Tower,21,30,33,8,92,0,0,28,0,28,21,30,61,8,120,40,0,40,160
12/16/2017,CHO,VA,AEA,EN,Federal Contract Tower,11,35,17,0,63,0,5,61,0,66,11,40,78,0,129,68,0,68,197
12/17/2017,CHO,VA,AEA,EN,Federal Contract Tower,18,37,20,0,75,0,6,36,1,43,18,43,56,1,118,38,0,38,156
12/18/2017,CHO,VA,AEA,EN,Federal Contract Tower,24,35,24,4,87,0,4,49,4,57,24,39,73,8,144,40,0,40,184
12/19/2017,CHO,VA,AEA,EN,Federal Contract Tower,20,39,29,0,88,0,18,35,0,53,20,57,64,0,141,20,0,20,161
12/20/2017,CHO,VA,AEA,EN,Federal Contract Tower,28,57,51,6,142,0,9,67,0,76,28,66,118,6,218,104,44,148,366
12/21/2017,CHO,VA,AEA,EN,Federal Contract Tower,26,35,36,6,103,0,5,60,0,65,26,40,96,6,168,74,34,108,276
12/22/2017,CHO,VA,AEA,EN,Federal Contract Tower,20,29,30,8,87,0,9,47,0,56,20,38,77,8,143,52,46,98,241
12/23/2017,CHO,VA,AEA,EN,Federal Contract Tower,13,34,14,0,61,0,2,2,0,4,13,36,16,0,65,0,0,0,65
12/24/2017,CHO,VA,AEA,EN,Federal Contract Tower,8,28,16,0,52,0,2,24,0,26,8,30,40,0,78,22,0,22,100
12/25/2017,CHO,VA,AEA,EN,Federal Contract Tower,10,21,2,0,33,0,5,0,0,5,10,26,2,0,38,0,0,0,38
12/26/2017,CHO,VA,AEA,EN,Federal Contract Tower,15,30,24,0,69,0,5,21,0,26,15,35,45,0,95,6,0,6,101
12/27/2017,CHO,VA,AEA,EN,Federal Contract Tower,27,44,31,6,108,0,6,44,0,50,27,50,75,6,158,54,12,66,224
12/28/2017,CHO,VA,AEA,EN,Federal Contract Tower,27,39,37,11,114,0,6,59,0,65,27,45,96,11,179,92,38,130,309
12/29/2017,CHO,VA,AEA,EN,Federal Contract Tower,20,37,15,7,79,0,4,55,2,61,20,41,70,9,140,56,16,72,212
12/30/2017,CHO,VA,AEA,EN,Federal Contract Tower,13,33,24,0,70,0,4,16,0,20,13,37,40,0,90,0,0,0,90
12/31/2017,CHO,VA,AEA,EN,Federal Contract Tower,11,27,19,0,57,0,4,23,2,29,11,31,42,2,86,14,0,14,100
01/01/2018,CHO,VA,AEA,EN,Federal Contract Tower,14,31,15,0,60,0,3,14,0,17,14,34,29,0,77,14,0,14,91
01/02/2018,CHO,VA,AEA,EN,Federal Contract Tower,18,46,26,0,90,0,9,45,0,54,18,55,71,0,144,60,0,60,204
01/03/2018,CHO,VA,AEA,EN,Federal Contract Tower,24,39,28,2,93,0,6,56,2,64,24,45,84,4,157,98,4,102,259
01/04/2018,CHO,VA,AEA,EN,Federal Contract Tower,24,31,33,5,93,0,9,36,0,45,24,40,69,5,138,36,18,54,192
01/05/2018,CHO,VA,AEA,EN,Federal Contract Tower,31,37,38,5,111,0,7,40,1,48,31,44,78,6,159,48,38,86,245
01/06/2018,CHO,VA,AEA,EN,Federal Contract Tower,14,48,32,0,94,0,3,37,0,40,14,51,69,0,134,8,0,8,142
01/07/2018,CHO,VA,AEA,EN,Federal Contract Tower,17,48,34,0,99,0,2,41,0,43,17,50,75,0,142,54,0,54,196
01/08/2018,CHO,VA,AEA,EN,Federal Contract Tower,30,49,42,0,121,0,5,23,0,28,30,54,65,0,149,16,0,16,165
01/09/2018,CHO,VA,AEA,EN,Federal Contract Tower,27,33,44,11,115,0,8,51,7,66,27,41,95,18,181,52,72,124,305
01/10/2018,CHO,VA,AEA,EN,Federal Contract Tower,22,48,35,3,108,0,1,77,5,83,22,49,112,8,191,124,22,146,337
01/11/2018,CHO,VA,AEA,EN,Federal Contract Tower,30,47,43,14,134,0,0,0,0,0,30,47,43,14,134,0,0,0,134
01/12/2018,CHO,VA,AEA,EN,Federal Contract Tower,18,40,31,4,93,0,1,0,0,1,18,41,31,4,94,0,0,0,94
01/13/2018,CHO,VA,AEA,EN,Federal Contract Tower,14,47,23,0,84,0,2,24,0,26,14,49,47,0,110,22,0,22,132
01/14/2018,CHO,VA,AEA,EN,Federal Contract Tower,16,57,36,0,109,0,7,60,0,67,16,64,96,0,176,74,0,74,250
01/15/2018,CHO,VA,AEA,EN,Federal Contract Tower,21,46,27,0,94,0,6,58,4,68,21,52,85,4,162,86,34,120,282
01/16/2018,CHO,VA,AEA,EN,Federal Contract Tower,27,44,32,6,109,0,9,55,0,64,27,53,87,6,173,58,32,90,263
01/17/2018,CHO,VA,AEA,EN,Federal Contract Tower,25,43,38,1,107,0,0,16,0,16,25,43,54,1,123,0,8,8,131
01/18/2018,CHO,VA,AEA,EN,Federal Contract Tower,24,41,20,3,88,0,2,49,0,51,24,43,69,3,139,56,0,56,195
01/19/2018,CHO,VA,AEA,EN,Federal Contract Tower,24,54,46,0,124,0,2,75,6,83,24,56,121,6,207,90,58,148,355
01/20/2018,CHO,VA,AEA,EN,Federal Contract Tower,20,38,35,0,93,0,11,62,0,73,20,49,97,0,166,92,0,92,258
01/21/2018,CHO,VA,AEA,EN,Federal Contract Tower,23,57,37,0,117,0,3,57,0,60,23,60,94,0,177,86,0,86,263
01/22/2018,CHO,VA,AEA,EN,Federal Contract Tower,21,52,32,0,105,0,8,53,0,61,21,60,85,0,166,106,8,114,280
01/23/2018,CHO,VA,AEA,EN,Federal Contract Tower,28,50,40,2,120,0,4,14,0,18,28,54,54,2,138,0,20,20,158
01/24/2018,CHO,VA,AEA,EN,Federal Contract Tower,34,46,44,6,130,0,8,47,0,55,34,54,91,6,185,40,18,58,243
01/25/2018,CHO,VA,AEA,EN,Federal Contract Tower,33,42,26,6,107,0,6,30,2,38,33,48,56,8,145,66,44,110,255
01/26/2018,CHO,VA,AEA,EN,Federal Contract Tower,24,46,37,4,111,0,11,54,2,67,24,57,91,6,178,64,50,114,292
01/27/2018,CHO,VA,AEA,EN,Federal Contract Tower,13,52,38,0,103,0,2,52,11,65,13,54,90,11,168,58,0,58,226
01/28/2018,CHO,VA,AEA,EN,Federal Contract Tower,16,49,32,0,97,0,0,0,0,0,16,49,32,0,97,0,0,0,97
01/29/2018,CHO,VA,AEA,EN,Federal Contract Tower,17,47,30,12,106,0,2,4,0,6,17,49,34,12,112,6,66,72,184
01/30/2018,CHO,VA,AEA,EN,Federal Contract Tower,33,44,47,8,132,0,8,44,0,52,33,52,91,8,184,60,34,94,278
01/31/2018,CHO,VA,AEA,EN,Federal Contract Tower,37,57,56,6,156,0,7,74,4,85,37,64,130,10,241,54,34,88,329
02/01/2018,CHO,VA,AEA,EN,Federal Contract Tower,23,48,36,8,115,0,9,47,10,66,23,57,83,18,181,54,60,114,295
02/02/2018,CHO,VA,AEA,EN,Federal Contract Tower,20,48,52,8,128,0,7,44,6,57,20,55,96,14,185,54,28,82,267
02/03/2018,CHO,VA,AEA,EN,Federal Contract Tower,12,37,33,0,82,0,10,74,0,84,12,47,107,0,166,86,14,100,266
02/04/2018,CHO,VA,AEA,EN,Federal Contract Tower,10,31,14,0,55,0,0,0,0,0,10,31,14,0,55,0,0,0,55
02/05/2018,CHO,VA,AEA,EN,Federal Contract Tower,30,38,39,8,115,0,9,52,10,71,30,47,91,18,186,52,46,98,284
02/06/2018,CHO,VA,AEA,EN,Federal Contract Tower,30,39,50,12,131,0,13,50,8,71,30,52,100,20,202,88,44,132,334
02/07/2018,CHO,VA,AEA,EN,Federal Contract Tower,24,39,29,0,92,0,0,0,0,0,24,39,29,0,92,0,0,0,92
02/08/2018,CHO,VA,AEA,EN,Federal Contract Tower,22,54,38,8,122,0,8,55,8,71,22,62,93,16,193,108,34,142,335
02/09/2018,CHO,VA,AEA,EN,Federal Contract Tower,20,49,50,10,129,0,10,63,6,79,20,59,113,16,208,62,34,96,304
02/10/2018,CHO,VA,AEA,EN,Federal Contract Tower,11,59,50,0,120,0,0,10,0,10,11,59,60,0,130,4,0,4,134
02/11/2018,CHO,VA,AEA,EN,Federal Contract Tower,18,54,29,0,101,0,0,1,0,1,18,54,30,0,102,0,0,0,102
02/12/2018,CHO,VA,AEA,EN,Federal Contract Tower,29,52,49,11,141,0,0,56,4,60,29,52,105,15,201,50,30,80,281
02/13/2018,CHO,VA,AEA,EN,Federal Contract Tower,27,39,45,6,117,0,9,42,4,55,27,48,87,10,172,42,36,78,250
02/14/2018,CHO,VA,AEA,EN,Federal Contract Tower,30,55,51,4,140,0,7,64,8,79,30,62,115,12,219,48,42,90,309
02/15/2018,CHO,VA,AEA,EN,Federal Contract Tower,23,58,50,4,135,0,7,59,8,74,23,65,109,12,209,58,0,58,267
02/16/2018,CHO,VA,AEA,EN,Federal Contract Tower,19,49,42,8,118,0,8,50,6,64,19,57,92,14,182,52,30,82,264
02/17/2018,CHO,VA,AEA,EN,Federal Contract Tower,19,54,38,0,111,0,1,34,0,35,19,55,72,0,146,28,0,28,174
02/18/2018,CHO,VA,AEA,EN,Federal Contract Tower,17,51,41,0,109,0,6,50,0,56,17,57,91,0,165,54,0,54,219
02/19/2018,CHO,VA,AEA,EN,Federal Contract Tower,23,68,64,0,155,0,2,10,0,12,23,70,74,0,167,0,0,0,167
02/20/2018,CHO,VA,AEA,EN,Federal Contract Tower,28,46,46,6,126,0,9,75,4,88,28,55,121,10,214,70,28,98,312
02/21/2018,CHO,VA,AEA,EN,Federal Contract Tower,26,55,50,11,142,0,9,77,4,90,26,64,127,15,232,44,44,88,320
02/22/2018,CHO,VA,AEA,EN,Federal Contract Tower,21,50,36,10,117,0,3,0,0,3,21,53,36,10,120,0,0,0,120
02/23/2018,CHO,VA,AEA,EN,Federal Contract Tower,21,57,45,0,123,0,0,0,0,0,21,57,45,0,123,0,0,0,123
02/24/2018,CHO,VA,AEA,EN,Federal Contract Tower,23,63,50,0,136,0,0,0,0,0,23,63,50,0,136,0,0,0,136
02/25/2018,CHO,VA,AEA,EN,Federal Contract Tower,22,58,43,0,123,0,4,2,0,6,22,62,45,0,129,8,0,8,137
02/26/2018,CHO,VA,AEA,EN,Federal Contract Tower,28,55,52,8,143,0,7,51,2,60,28,62,103,10,203,92,32,124,327
02/27/2018,CHO,VA,AEA,EN,Federal Contract Tower,34,56,43,10,143,0,8,57,4,69,34,64,100,14,212,84,36,120,332
02/28/2018,CHO,VA,AEA,EN,Federal Contract Tower,26,59,39,14,138,0,4,47,0,51,26,63,86,14,189,60,78,138,327
03/01/2018,CHO,VA,AEA,EN,Federal Contract Tower,13,51,31,0,95,0,0,15,0,15,13,51,46,0,110,0,0,0,110
03/02/2018,CHO,VA,AEA,EN,Federal Contract Tower,14,35,2,0,51,0,2,0,0,2,14,37,2,0,53,2,0,2,55
03/03/2018,CHO,VA,AEA,EN,Federal Contract Tower,27,69,77,0,173,0,4,28,0,32,27,73,105,0,205,14,0,14,219
03/04/2018,CHO,VA,AEA,EN,Federal Contract Tower,20,56,32,0,108,0,4,53,0,57,20,60,85,0,165,50,0,50,215
03/05/2018,CHO,VA,AEA,EN,Federal Contract Tower,27,47,48,4,126,0,9,53,8,70,27,56,101,12,196,60,34,94,290
03/06/2018,CHO,VA,AEA,EN,Federal Contract Tower,35,51,52,8,146,0,7,36,6,49,35,58,88,14,195,54,28,82,277
03/07/2018,CHO,VA,AEA,EN,Federal Contract Tower,21,51,39,5,116,0,0,18,10,28,21,51,57,15,144,0,0,0,144
03/08/2018,CHO,VA,AEA,EN,Federal Contract Tower,17,50,44,6,117,0,7,45,8,60,17,57,89,14,177,54,64,118,295
03/09/2018,CHO,VA,AEA,EN,Federal Contract Tower,19,63,49,4,135,0,10,61,6,77,19,73,110,10,212,84,22,106,318
03/10/2018,CHO,VA,AEA,EN,Federal Contract Tower,19,65,61,0,145,0,2,102,2,106,19,67,163,2,251,46,0,46,297
03/11/2018,CHO,VA,AEA,EN,Federal Contract Tower,23,59,39,0,121,0,0,71,0,71,23,59,110,0,192,84,0,84,276
03/12/2018,CHO,VA,AEA,EN,Federal Contract Tower,29,55,43,4,131,0,0,0,0,0,29,55,43,4,131,0,0,0,131
03/13/2018,CHO,VA,AEA,EN,Federal Contract Tower,32,44,46,8,130,0,2,40,0,42,32,46,86,8,172,36,0,36,208
03/14/2018,CHO,VA,AEA,EN,Federal Contract Tower,31,59,46,8,144,0,11,19,2,32,31,70,65,10,176,24,12,36,212
03/15/2018,CHO,VA,AEA,EN,Federal Contract Tower,21,39,17,1,78,0,2,2,3,7,21,41,19,4,85,0,0,0,85
03/16/2018,CHO,VA,AEA,EN,Federal Contract Tower,31,39,43,4,117,0,5,44,8,57,31,44,87,12,174,48,28,76,250
03/17/2018,CHO,VA,AEA,EN,Federal Contract Tower,20,46,33,0,99,0,4,57,0,61,20,50,90,0,160,68,0,68,228
03/18/2018,CHO,VA,AEA,EN,Federal Contract Tower,25,56,41,1,123,0,4,95,2,101,25,60,136,3,224,60,0,60,284
03/19/2018,CHO,VA,AEA,EN,Federal Contract Tower,27,45,49,14,135,0,7,46,0,53,27,52,95,14,188,34,6,40,228
03/20/2018,CHO,VA,AEA,EN,Federal Contract Tower,19,27,22,2,70,0,0,0,0,0,19,27,22,2,70,0,0,0,70
03/21/2018,CHO,VA,AEA,EN,Federal Contract Tower,11,37,11,2,61,0,0,0,0,0,11,37,11,2,61,0,0,0,61
03/22/2018,CHO,VA,AEA,EN,Federal Contract Tower,23,59,41,12,135,0,9,69,4,82,23,68,110,16,217,94,50,144,361
03/23/2018,CHO,VA,AEA,EN,Federal Contract Tower,39,28,30,11,108,0,6,34,4,44,39,34,64,15,152,38,38,76,228
03/24/2018,CHO,VA,AEA,EN,Federal Contract Tower,27,49,29,0,105,0,2,90,0,92,27,51,119,0,197,92,0,92,289
03/25/2018,CHO,VA,AEA,EN,Federal Contract Tower,31,49,51,0,131,0,15,37,0,52,31,64,88,0,183,6,0,6,189
03/26/2018,CHO,VA,AEA,EN,Federal Contract Tower,29,50,54,8,141,0,12,42,0,54,29,62,96,8,195,66,24,90,285
03/27/2018,CHO,VA,AEA,EN,Federal Contract Tower,30,41,32,5,108,0,4,13,0,17,30,45,45,5,125,2,0,2,127
03/28/2018,CHO,VA,AEA,EN,Federal Contract Tower,29,49,52,0,130,0,7,48,0,55,29,56,100,0,185,30,0,30,215
03/29/2018,CHO,VA,AEA,EN,Federal Contract Tower,30,56,51,9,146,0,7,69,0,76,30,63,120,9,222,94,46,140,362
03/30/2018,CHO,VA,AEA,EN,Federal Contract Tower,35,46,52,8,141,0,10,52,4,66,35,56,104,12,207,46,40,86,293
03/31/2018,CHO,VA,AEA,EN,Federal Contract Tower,28,60,43,0,131,0,4,100,0,104,28,64,143,0,235,118,0,118,353
04/01/2018,CHO,VA,AEA,EN,Federal Contract Tower,30,46,32,0,108,0,10,48,0,58,30,56,80,0,166,34,0,34,200
04/02/2018,CHO,VA,AEA,EN,Federal Contract Tower,31,59,55,0,145,0,4,20,0,24,31,63,75,0,169,46,0,46,215
04/03/2018,CHO,VA,AEA,EN,Federal Contract Tower,29,63,41,2,135,0,3,25,0,28,29,66,66,2,163,14,20,34,197
04/04/2018,CHO,VA,AEA,EN,Federal Contract Tower,28,55,15,2,100,0,2,10,0,12,28,57,25,2,112,0,0,0,112
04/05/2018,CHO,VA,AEA,EN,Federal Contract Tower,28,50,39,10,127,0,14,87,6,107,28,64,126,16,234,110,30,140,374
04/06/2018,CHO,VA,AEA,EN,Federal Contract Tower,25,49,46,18,138,0,10,56,4,70,25,59,102,22,208,54,34,88,296
04/07/2018,CHO,VA,AEA,EN,Federal Contract Tower,18,55,29,0,102,0,4,4,0,8,18,59,33,0,110,6,0,6,116
04/08/2018,CHO,VA,AEA,EN,Federal Contract Tower,27,62,43,0,132,0,7,59,0,66,27,69,102,0,198,64,0,64,262
04/09/2018,CHO,VA,AEA,EN,Federal Contract Tower,27,53,42,8,130,0,9,26,4,39,27,62,68,12,169,32,38,70,239
04/10/2018,CHO,VA,AEA,EN,Federal Contract Tower,28,55,30,16,129,0,4,35,0,39,28,59,65,16,168,58,14,72,240
04/11/2018,CHO,VA,AEA,EN,Federal Contract Tower,27,58,44,0,129,0,4,58,2,64,27,62,102,2,193,150,34,184,377
04/12/2018,CHO,VA,AEA,EN,Federal Contract Tower,29,58,42,6,135,0,10,64,8,82,29,68,106,14,217,42,34,76,293
04/13/2018,CHO,VA,AEA,EN,Federal Contract Tower,19,77,41,16,153,0,13,70,12,95,19,90,111,28,248,62,78,140,388
04/14/2018,CHO,VA,AEA,EN,Federal Contract Tower,23,69,40,0,132,0,2,64,0,66,23,71,104,0,198,70,0,70,268
04/15/2018,CHO,VA,AEA,EN,Federal Contract Tower,22,56,36,0,114,0,4,0,0,4,22,60,36,0,118,0,0,0,118
04/16/2018,CHO,VA,AEA,EN,Federal Contract Tower,34,50,45,6,135,0,11,20,0,31,34,61,65,6,166,40,36,76,242
04/17/2018,CHO,VA,AEA,EN,Federal Contract Tower,35,51,44,8,138,0,20,48,8,76,35,71,92,16,214,66,38,104,318
04/18/2018,CHO,VA,AEA,EN,Federal Contract Tower,32,52,51,4,139,0,10,84,9,103,32,62,135,13,242,128,20,148,390
04/19/2018,CHO,VA,AEA,EN,Federal Contract Tower,30,60,52,8,150,0,7,55,4,66,30,67,107,12,216,42,38,80,296
04/20/2018,CHO,VA,AEA,EN,Federal Contract Tower,20,61,49,6,136,0,13,70,6,89,20,74,119,12,225,58,28,86,311
04/21/2018,CHO,VA,AEA,EN,Federal Contract Tower,20,72,56,0,148,0,2,82,0,84,20,74,138,0,232,64,0,64,296
04/22/2018,CHO,VA,AEA,EN,Federal Contract Tower,33,69,61,0,163,0,6,65,0,71,33,75,126,0,234,118,0,118,352
04/23/2018,CHO,VA,AEA,EN,Federal Contract Tower,35,52,55,6,148,0,11,52,4,67,35,63,107,10,215,70,30,100,315
04/24/2018,CHO,VA,AEA,EN,Federal Contract Tower,32,64,61,2,159,0,2,0,0,2,32,66,61,2,161,0,0,0,161
04/25/2018,CHO,VA,AEA,EN,Federal Contract Tower,40,49,35,9,133,0,5,24,14,43,40,54,59,23,176,12,16,28,204
04/26/2018,CHO,VA,AEA,EN,Federal Contract Tower,39,53,39,12,143,0,9,54,11,74,39,62,93,23,217,72,64,136,353
04/27/2018,CHO,VA,AEA,EN,Federal Contract Tower,19,58,49,12,138,0,3,46,0,49,19,61,95,12,187,46,0,46,233
04/28/2018,CHO,VA,AEA,EN,Federal Contract Tower,26,69,44,0,139,0,6,87,0,93,26,75,131,0,232,76,0,76,308
04/29/2018,CHO,VA,AEA,EN,Federal Contract Tower,31,78,50,0,159,0,6,37,0,43,31,84,87,0,202,20,0,20,222
05/01/2018,CHO,VA,AEA,EN,Federal Contract Tower,40,55,51,10,156,0,23,79,8,110,40,78,130,18,266,104,70,174,440
05/02/2018,CHO,VA,AEA,EN,Federal Contract Tower,30,57,39,0,126,0,4,80,0,84,30,61,119,0,210,84,8,92,302
05/03/2018,CHO,VA,AEA,EN,Federal Contract Tower,28,51,46,9,134,0,9,52,6,67,28,60,98,15,201,50,18,68,269
05/04/2018,CHO,VA,AEA,EN,Federal Contract Tower,23,59,39,15,136,0,11,73,4,88,23,70,112,19,224,84,30,114,338
05/05/2018,CHO,VA,AEA,EN,Federal Contract Tower,19,64,45,0,128,0,4,72,0,76,19,68,117,0,204,50,0,50,254
05/06/2018,CHO,VA,AEA,EN,Federal Contract Tower,25,61,62,0,148,0,14,28,0,42,25,75,90,0,190,86,0,86,276
05/07/2018,CHO,VA,AEA,EN,Federal Contract Tower,34,58,56,7,155,0,15,52,5,72,34,73,108,12,227,82,40,122,349
05/08/2018,CHO,VA,AEA,EN,Federal Contract Tower,36,58,47,10,151,0,9,65,0,74,36,67,112,10,225,110,42,152,377
05/09/2018,CHO,VA,AEA,EN,Federal Contract Tower,38,59,49,7,153,0,9,68,4,81,38,68,117,11,234,74,74,148,382
05/10/2018,CHO,VA,AEA,EN,Federal Contract Tower,30,48,40,6,124,0,8,37,8,53,30,56,77,14,177,42,28,70,247
05/11/2018,CHO,VA,AEA,EN,Federal Contract Tower,28,48,53,8,137,0,8,79,2,89,28,56,132,10,226,96,40,136,362
05/12/2018,CHO,VA,AEA,EN,Federal Contract Tower,17,67,44,0,128,0,3,80,0,83,17,70,124,0,211,64,0,64,275
05/13/2018,CHO,VA,AEA,EN,Federal Contract Tower,26,70,45,0,141,0,6,84,0,90,26,76,129,0,231,102,0,102,333
05/14/2018,CHO,VA,AEA,EN,Federal Contract Tower,31,61,54,8,154,0,11,48,0,59,31,72,102,8,213,50,40,90,303
05/15/2018,CHO,VA,AEA,EN,Federal Contract Tower,23,47,39,5,114,0,4,37,0,41,23,51,76,5,155,82,20,102,257
05/16/2018,CHO,VA,AEA,EN,Federal Contract Tower,28,47,42,2,119,0,0,0,0,0,28,47,42,2,119,0,0,0,119
05/17/2018,CHO,VA,AEA,EN,Federal Contract Tower,36,53,37,6,132,0,0,0,0,0,36,53,37,6,132,0,0,0,132
05/18/2018,CHO,VA,AEA,EN,Federal Contract Tower,24,57,58,6,145,0,0,0,0,0,24,57,58,6,145,0,0,0,145
05/19/2018,CHO,VA,AEA,EN,Federal Contract Tower,21,58,57,2,138,0,0,0,0,0,21,58,57,2,138,0,0,0,138
05/20/2018,CHO,VA,AEA,EN,Federal Contract Tower,30,62,63,0,155,0,6,83,0,89,30,68,146,0,244,146,0,146,390
05/21/2018,CHO,VA,AEA,EN,Federal Contract Tower,33,53,47,10,143,0,12,58,6,76,33,65,105,16,219,60,24,84,303
05/22/2018,CHO,VA,AEA,EN,Federal Contract Tower,32,76,59,0,167,0,0,18,2,20,32,76,77,2,187,16,4,20,207
05/23/2018,CHO,VA,AEA,EN,Federal Contract Tower,26,69,63,4,162,0,2,81,0,83,26,71,144,4,245,140,58,198,443
05/24/2018,CHO,VA,AEA,EN,Federal Contract Tower,34,57,49,13,153,0,11,81,4,96,34,68,130,17,249,98,34,132,381
05/25/2018,CHO,VA,AEA,EN,Federal Contract Tower,28,115,49,9,201,0,8,77,6,91,28,123,126,15,292,102,30,132,424
05/26/2018,CHO,VA,AEA,EN,Federal Contract Tower,17,63,34,0,114,0,4,69,0,73,17,67,103,0,187,120,0,120,307
05/27/2018,CHO,VA,AEA,EN,Federal Contract Tower,24,56,36,0,116,0,4,53,0,57,24,60,89,0,173,54,0,54,227
05/28/2018,CHO,VA,AEA,EN,Federal Contract Tower,30,52,51,0,133,0,8,62,0,70,30,60,113,0,203,54,0,54,257
05/29/2018,CHO,VA,AEA,EN,Federal Contract Tower,30,72,49,4,155,0,6,50,0,56,30,78,99,4,211,136,4,140,351
05/30/2018,CHO,VA,AEA,EN,Federal Contract Tower,24,56,35,4,119,0,0,0,0,0,24,56,35,4,119,0,0,0,119
05/31/2018,CHO,VA,AEA,EN,Federal Contract Tower,35,47,43,8,133,0,4,52,0,56,35,51,95,8,189,44,0,44,233
06/01/2018,CHO,VA,AEA,EN,Federal Contract Tower,25,56,39,10,130,0,10,68,6,84,25,66,107,16,214,84,32,116,330
06/02/2018,CHO,VA,AEA,EN,Federal Contract Tower,16,56,40,0,112,0,4,52,0,56,16,60,92,0,168,84,0,84,252
06/03/2018,CHO,VA,AEA,EN,Federal Contract Tower,24,72,45,0,141,0,0,0,0,0,24,72,45,0,141,0,0,0,141
06/04/2018,CHO,VA,AEA,EN,Federal Contract Tower,31,62,47,6,146,0,13,66,4,83,31,75,113,10,229,78,28,106,335
06/05/2018,CHO,VA,AEA,EN,Federal Contract Tower,29,63,55,0,147,0,4,103,0,107,29,67,158,0,254,94,0,94,348
06/06/2018,CHO,VA,AEA,EN,Federal Contract Tower,30,68,57,8,163,0,5,57,0,62,30,73,114,8,225,100,2,102,327
06/07/2018,CHO,VA,AEA,EN,Federal Contract Tower,31,61,40,0,132,0,4,71,0,75,31,65,111,0,207,124,30,154,361
06/08/2018,CHO,VA,AEA,EN,Federal Contract Tower,21,72,45,10,148,0,10,86,4,100,21,82,131,14,248,82,56,138,386
06/09/2018,CHO,VA,AEA,EN,Federal Contract Tower,32,70,37,0,139,0,9,71,0,80,32,79,108,0,219,102,0,102,321
06/10/2018,CHO,VA,AEA,EN,Federal Contract Tower,37,73,49,2,161,0,5,57,0,62,37,78,106,2,223,86,0,86,309
06/11/2018,CHO,VA,AEA,EN,Federal Contract Tower,22,44,29,4,99,0,0,0,0,0,22,44,29,4,99,0,0,0,99
06/12/2018,CHO,VA,AEA,EN,Federal Contract Tower,24,42,28,4,98,0,2,46,0,48,24,44,74,4,146,116,0,116,262
06/13/2018,CHO,VA,AEA,EN,Federal Contract Tower,30,62,43,7,142,0,8,75,4,87,30,70,118,11,229,98,34,132,361
06/14/2018,CHO,VA,AEA,EN,Federal Contract Tower,29,58,55,12,154,0,10,80,4,94,29,68,135,16,248,78,38,116,364
06/15/2018,CHO,VA,AEA,EN,Federal Contract Tower,22,58,36,14,130,0,14,82,10,106,22,72,118,24,236,118,28,146,382
06/16/2018,CHO,VA,AEA,EN,Federal Contract Tower,15,58,33,0,106,0,2,86,0,88,15,60,119,0,194,104,0,104,298
06/17/2018,CHO,VA,AEA,EN,Federal Contract Tower,24,63,46,0,133,0,9,106,0,115,24,72,152,0,248,98,0,98,346
06/18/2018,CHO,VA,AEA,EN,Federal Contract Tower,32,54,48,5,139,0,17,60,4,81,32,71,108,9,220,88,34,122,342
06/19/2018,CHO,VA,AEA,EN,Federal Contract Tower,31,54,50,3,138,0,4,43,0,47,31,58,93,3,185,74,14,88,273
06/20/2018,CHO,VA,AEA,EN,Federal Contract Tower,20,52,45,4,121,0,0,28,0,28,20,52,73,4,149,20,0,20,169
06/21/2018,CHO,VA,AEA,EN,Federal Contract Tower,32,45,38,11,126,0,5,20,1,26,32,50,58,12,152,166,62,228,380
06/22/2018,CHO,VA,AEA,EN,Federal Contract Tower,19,65,37,2,123,0,4,24,0,28,19,69,61,2,151,38,0,38,189
06/23/2018,CHO,VA,AEA,EN,Federal Contract Tower,16,52,33,0,101,0,4,40,0,44,16,56,73,0,145,76,0,76,221
06/24/2018,CHO,VA,AEA,EN,Federal Contract Tower,26,63,46,0,135,0,8,62,0,70,26,71,108,0,205,90,0,90,295
06/25/2018,CHO,VA,AEA,EN,Federal Contract Tower,31,50,35,0,116,0,14,68,2,84,31,64,103,2,200,98,0,98,298
06/26/2018,CHO,VA,AEA,EN,Federal Contract Tower,31,56,47,2,136,0,6,57,1,64,31,62,104,3,200,134,36,170,370
06/27/2018,CHO,VA,AEA,EN,Federal Contract Tower,30,72,62,6,170,0,6,70,0,76,30,78,132,6,246,40,50,90,336
06/28/2018,CHO,VA,AEA,EN,Federal Contract Tower,16,63,42,7,128,0,4,70,0,74,16,67,112,7,202,92,48,140,342
06/29/2018,CHO,VA,AEA,EN,Federal Contract Tower,23,53,47,7,130,0,10,70,1,81,23,63,117,8,211,114,38,152,363
06/30/2018,CHO,VA,AEA,EN,Federal Contract Tower,21,64,38,0,123,0,2,78,0,80,21,66,116,0,203,108,0,108,311
07/01/2018,CHO,VA,AEA,EN,Federal Contract Tower,21,56,47,0,124,0,6,68,0,74,21,62,115,0,198,106,0,106,304
07/02/2018,CHO,VA,AEA,EN,Federal Contract Tower,26,55,41,14,136,0,6,88,2,96,26,61,129,16,232,122,14,136,368
07/03/2018,CHO,VA,AEA,EN,Federal Contract Tower,31,65,41,6,143,0,4,61,0,65,31,69,102,6,208,92,36,128,336
07/04/2018,CHO,VA,AEA,EN,Federal Contract Tower,24,43,26,0,93,0,5,47,0,52,24,48,73,0,145,44,0,44,189
07/05/2018,CHO,VA,AEA,EN,Federal Contract Tower,14,59,48,0,121,0,2,69,0,71,14,61,117,0,192,70,16,86,278
07/06/2018,CHO,VA,AEA,EN,Federal Contract Tower,17,48,39,6,110,0,9,64,6,79,17,57,103,12,189,82,24,106,295
07/07/2018,CHO,VA,AEA,EN,Federal Contract Tower,19,52,41,0,112,0,4,85,0,89,19,56,126,0,201,102,0,102,303
07/08/2018,CHO,VA,AEA,EN,Federal Contract Tower,24,84,46,0,154,0,4,83,0,87,24,88,129,0,241,100,0,100,341
07/09/2018,CHO,VA,AEA,EN,Federal Contract Tower,23,61,40,3,127,0,6,88,0,94,23,67,128,3,221,114,26,140,361
07/10/2018,CHO,VA,AEA,EN,Federal Contract Tower,27,64,52,2,145,0,2,117,2,121,27,66,169,4,266,108,8,116,382
07/11/2018,CHO,VA,AEA,EN,Federal Contract Tower,29,68,45,20,162,0,9,85,0,94,29,77,130,20,256,72,68,140,396
07/12/2018,CHO,VA,AEA,EN,Federal Contract Tower,19,61,36,11,127,0,4,81,7,92,19,65,117,18,219,76,46,122,341
07/13/2018,CHO,VA,AEA,EN,Federal Contract Tower,10,44,42,13,109,0,17,105,5,127,10,61,147,18,236,124,0,124,360
07/14/2018,CHO,VA,AEA,EN,Federal Contract Tower,16,68,43,0,127,0,4,88,0,92,16,72,131,0,219,148,0,148,367
07/15/2018,CHO,VA,AEA,EN,Federal Contract Tower,28,58,44,0,130,0,7,64,0,71,28,65,108,0,201,130,0,130,331
07/16/2018,CHO,VA,AEA,EN,Federal Contract Tower,25,46,21,2,94,0,0,49,16,65,25,46,70,18,159,148,0,148,307
07/17/2018,CHO,VA,AEA,EN,Federal Contract Tower,27,52,44,2,125,0,2,69,0,71,27,54,113,2,196,86,20,106,302
07/18/2018,CHO,VA,AEA,EN,Federal Contract Tower,24,62,46,6,138,0,7,61,1,69,24,69,107,7,207,138,64,202,409
07/19/2018,CHO,VA,AEA,EN,Federal Contract Tower,19,51,52,0,122,0,4,76,6,86,19,55,128,6,208,122,12,134,342
07/20/2018,CHO,VA,AEA,EN,Federal Contract Tower,13,60,44,8,125,0,10,108,18,136,13,70,152,26,261,128,48,176,437
07/21/2018,CHO,VA,AEA,EN,Federal Contract Tower,16,51,41,0,108,0,2,88,0,90,16,53,129,0,198,80,0,80,278
07/22/2018,CHO,VA,AEA,EN,Federal Contract Tower,26,66,48,0,140,0,4,19,0,23,26,70,67,0,163,86,0,86,249
07/23/2018,CHO,VA,AEA,EN,Federal Contract Tower,21,66,29,2,118,0,5,27,0,32,21,71,56,2,150,56,0,56,206
07/24/2018,CHO,VA,AEA,EN,Federal Contract Tower,25,51,36,3,115,0,3,9,0,12,25,54,45,3,127,24,0,24,151
07/25/2018,CHO,VA,AEA,EN,Federal Contract Tower,18,63,46,2,129,0,4,9,0,13,18,67,55,2,142,22,0,22,164
07/26/2018,CHO,VA,AEA,EN,Federal Contract Tower,20,62,48,9,139,0,5,60,2,67,20,67,108,11,206,122,24,146,352
07/27/2018,CHO,VA,AEA,EN,Federal Contract Tower,17,43,44,9,113,0,10,69,6,85,17,53,113,15,198,132,22,154,352
07/28/2018,CHO,VA,AEA,EN,Federal Contract Tower,15,54,43,0,112,0,4,87,0,91,15,58,130,0,203,102,0,102,305
07/29/2018,CHO,VA,AEA,EN,Federal Contract Tower,26,76,40,0,142,0,4,74,0,78,26,80,114,0,220,122,0,122,342
07/30/2018,CHO,VA,AEA,EN,Federal Contract Tower,20,57,42,0,119,0,6,18,0,24,20,63,60,0,143,0,0,0,143
07/31/2018,CHO,VA,AEA,EN,Federal Contract Tower,29,50,31,0,110,0,0,0,0,0,29,50,31,0,110,0,0,0,110
08/01/2018,CHO,VA,AEA,EN,Federal Contract Tower,29,64,42,4,139,0,2,35,0,37,29,66,77,4,176,30,0,30,206
08/02/2018,CHO,VA,AEA,EN,Federal Contract Tower,22,49,31,0,102,0,0,3,0,3,22,49,34,0,105,8,0,8,113
08/03/2018,CHO,VA,AEA,EN,Federal Contract Tower,17,47,30,2,96,0,0,0,0,0,17,47,30,2,96,0,0,0,96
08/04/2018,CHO,VA,AEA,EN,Federal Contract Tower,26,65,41,0,132,0,5,103,0,108,26,70,144,0,240,138,0,138,378
08/05/2018,CHO,VA,AEA,EN,Federal Contract Tower,23,55,57,1,136,0,11,116,0,127,23,66,173,1,263,194,0,194,457
08/06/2018,CHO,VA,AEA,EN,Federal Contract Tower,21,53,41,2,117,0,6,109,4,119,21,59,150,6,236,119,18,137,373
08/07/2018,CHO,VA,AEA,EN,Federal Contract Tower,24,50,23,4,101,0,2,69,0,71,24,52,92,4,172,132,10,142,314
08/08/2018,CHO,VA,AEA,EN,Federal Contract Tower,25,56,60,5,146,0,8,62,0,70,25,64,122,5,216,160,0,160,376
08/09/2018,CHO,VA,AEA,EN,Federal Contract Tower,22,47,42,5,116,0,7,90,9,106,22,54,132,14,222,128,0,128,350
08/10/2018,CHO,VA,AEA,EN,Federal Contract Tower,16,49,33,5,103,0,9,108,7,124,16,58,141,12,227,98,0,98,325
08/11/2018,CHO,VA,AEA,EN,Federal Contract Tower,18,49,34,0,101,0,24,93,4,121,18,73,127,4,222,128,6,134,356
08/12/2018,CHO,VA,AEA,EN,Federal Contract Tower,21,53,47,0,121,0,18,47,1,66,21,71,94,1,187,52,0,52,239
08/13/2018,CHO,VA,AEA,EN,Federal Contract Tower,22,59,41,4,126,0,4,49,6,59,22,63,90,10,185,62,18,80,265
08/14/2018,CHO,VA,AEA,EN,Federal Contract Tower,24,68,55,2,149,0,8,73,0,81,24,76,128,2,230,102,16,118,348
08/15/2018,CHO,VA,AEA,EN,Federal Contract Tower,24,63,39,4,130,0,5,75,2,82,24,68,114,6,212,154,46,200,412
08/16/2018,CHO,VA,AEA,EN,Federal Contract Tower,19,51,42,6,118,0,7,49,0,56,19,58,91,6,174,62,0,62,236
08/17/2018,CHO,VA,AEA,EN,Federal Contract Tower,11,41,21,6,79,0,8,77,0,85,11,49,98,6,164,172,26,198,362
08/18/2018,CHO,VA,AEA,EN,Federal Contract Tower,16,47,34,0,97,0,6,74,0,80,16,53,108,0,177,122,0,122,299
08/19/2018,CHO,VA,AEA,EN,Federal Contract Tower,30,45,78,2,155,0,6,31,0,37,30,51,109,2,192,78,0,78,270
08/20/2018,CHO,VA,AEA,EN,Federal Contract Tower,19,60,30,4,113,0,4,0,0,4,19,64,30,4,117,26,0,26,143
08/21/2018,CHO,VA,AEA,EN,Federal Contract Tower,15,55,28,2,100,0,0,0,0,0,15,55,28,2,100,0,0,0,100
08/22/2018,CHO,VA,AEA,EN,Federal Contract Tower,25,56,44,14,139,0,7,70,12,89,25,63,114,26,228,140,76,216,444
08/23/2018,CHO,VA,AEA,EN,Federal Contract Tower,28,52,45,15,140,0,9,77,4,90,28,61,122,19,230,140,74,214,444
08/24/2018,CHO,VA,AEA,EN,Federal Contract Tower,23,38,48,11,120,0,14,85,10,109,23,52,133,21,229,114,34,148,377
08/25/2018,CHO,VA,AEA,EN,Federal Contract Tower,16,48,43,0,107,0,0,89,0,89,16,48,132,0,196,120,0,120,316
08/26/2018,CHO,VA,AEA,EN,Federal Contract Tower,22,54,45,0,121,0,5,92,0,97,22,59,137,0,218,86,0,86,304
08/27/2018,CHO,VA,AEA,EN,Federal Contract Tower,20,55,54,2,131,0,10,84,1,95,20,65,138,3,226,80,16,96,322
08/28/2018,CHO,VA,AEA,EN,Federal Contract Tower,21,54,45,5,125,0,5,84,0,89,21,59,129,5,214,78,12,90,304
08/29/2018,CHO,VA,AEA,EN,Federal Contract Tower,28,64,71,16,179,0,6,66,4,76,28,70,137,20,255,88,90,178,433
08/30/2018,CHO,VA,AEA,EN,Federal Contract Tower,28,42,51,11,132,0,0,66,18,84,28,42,117,29,216,92,24,116,332
08/31/2018,CHO,VA,AEA,EN,Federal Contract Tower,20,45,34,6,105,0,10,64,4,78,20,55,98,10,183,64,18,82,265
09/01/2018,CHO,VA,AEA,EN,Federal Contract Tower,18,42,44,0,104,0,6,33,0,39,18,48,77,0,143,48,0,48,191
09/02/2018,CHO,VA,AEA,EN,Federal Contract Tower,16,62,51,0,129,0,4,53,0,57,16,66,104,0,186,70,0,70,256
09/03/2018,CHO,VA,AEA,EN,Federal Contract Tower,20,64,48,0,132,0,11,106,0,117,20,75,154,0,249,145,0,145,394
09/04/2018,CHO,VA,AEA,EN,Federal Contract Tower,23,66,68,4,161,0,7,96,0,103,23,73,164,4,264,78,28,106,370
09/05/2018,CHO,VA,AEA,EN,Federal Contract Tower,25,64,51,4,144,0,6,79,0,85,25,70,130,4,229,80,28,108,337
09/06/2018,CHO,VA,AEA,EN,Federal Contract Tower,19,65,45,0,129,0,3,67,0,70,19,68,112,0,199,48,0,48,247
09/07/2018,CHO,VA,AEA,EN,Federal Contract Tower,18,59,54,6,137,0,7,44,8,59,18,66,98,14,196,64,36,100,296
09/08/2018,CHO,VA,AEA,EN,Federal Contract Tower,19,65,52,0,136,0,3,25,0,28,19,68,77,0,164,20,0,20,184
09/09/2018,CHO,VA,AEA,EN,Federal Contract Tower,27,84,57,0,168,0,0,0,0,0,27,84,57,0,168,0,0,0,168
09/10/2018,CHO,VA,AEA,EN,Federal Contract Tower,18,69,50,3,140,0,0,0,0,0,18,69,50,3,140,0,0,0,140
09/11/2018,CHO,VA,AEA,EN,Federal Contract Tower,26,66,55,8,155,0,0,0,0,0,26,66,55,8,155,0,0,0,155
09/12/2018,CHO,VA,AEA,EN,Federal Contract Tower,28,64,50,0,142,0,0,4,0,4,28,64,54,0,146,8,0,8,154
09/13/2018,CHO,VA,AEA,EN,Federal Contract Tower,22,56,45,6,129,0,0,6,0,6,22,56,51,6,135,0,6,6,141
09/14/2018,CHO,VA,AEA,EN,Federal Contract Tower,17,46,29,0,92,0,0,0,0,0,17,46,29,0,92,0,0,0,92
09/15/2018,CHO,VA,AEA,EN,Federal Contract Tower,14,41,28,0,83,0,0,0,0,0,14,41,28,0,83,0,0,0,83
09/16/2018,CHO,VA,AEA,EN,Federal Contract Tower,22,61,39,2,124,0,0,0,0,0,22,61,39,2,124,0,0,0,124
09/17/2018,CHO,VA,AEA,EN,Federal Contract Tower,20,69,59,4,152,0,0,0,0,0,20,69,59,4,152,0,0,0,152
09/18/2018,CHO,VA,AEA,EN,Federal Contract Tower,23,67,71,3,164,0,8,29,18,55,23,75,100,21,219,4,8,12,231
09/19/2018,CHO,VA,AEA,EN,Federal Contract Tower,27,67,55,7,156,0,11,64,7,82,27,78,119,14,238,86,8,94,332
09/20/2018,CHO,VA,AEA,EN,Federal Contract Tower,18,63,59,8,148,0,14,63,7,84,18,77,122,15,232,92,36,128,360
09/21/2018,CHO,VA,AEA,EN,Federal Contract Tower,18,62,59,12,151,0,0,18,4,22,18,62,77,16,173,26,0,26,199
09/22/2018,CHO,VA,AEA,EN,Federal Contract Tower,19,68,54,0,141,0,4,46,0,50,19,72,100,0,191,63,0,63,254
09/23/2018,CHO,VA,AEA,EN,Federal Contract Tower,19,67,47,0,133,0,0,0,0,0,19,67,47,0,133,0,0,0,133
09/24/2018,CHO,VA,AEA,EN,Federal Contract Tower,19,62,44,0,125,0,0,0,0,0,19,62,44,0,125,0,0,0,125
09/25/2018,CHO,VA,AEA,EN,Federal Contract Tower,27,60,45,4,136,0,0,4,0,4,27,60,49,4,140,4,0,4,144
09/26/2018,CHO,VA,AEA,EN,Federal Contract Tower,27,64,49,4,144,0,4,41,0,45,27,68,90,4,189,44,8,52,241
09/27/2018,CHO,VA,AEA,EN,Federal Contract Tower,19,45,47,0,111,0,4,18,0,22,19,49,65,0,133,30,0,30,163
09/28/2018,CHO,VA,AEA,EN,Federal Contract Tower,13,64,48,5,130,0,3,59,0,62,13,67,107,5,192,88,4,92,284
09/29/2018,CHO,VA,AEA,EN,Federal Contract Tower,18,60,43,0,121,0,4,63,0,67,18,64,106,0,188,102,0,102,290
09/30/2018,CHO,VA,AEA,EN,Federal Contract Tower,20,65,38,0,123,0,4,51,0,55,20,69,89,0,178,90,0,90,268
10/01/2018,CHO,VA,AEA,EN,Federal Contract Tower,21,64,48,10,143,0,11,61,4,76,21,75,109,14,219,108,36,144,363
10/02/2018,CHO,VA,AEA,EN,Federal Contract Tower,26,63,60,5,154,0,9,91,8,108,26,72,151,13,262,176,60,236,498
10/03/2018,CHO,VA,AEA,EN,Federal Contract Tower,27,64,47,6,144,0,4,59,0,63,27,68,106,6,207,152,88,240,447
10/04/2018,CHO,VA,AEA,EN,Federal Contract Tower,16,54,52,10,132,0,11,66,4,81,16,65,118,14,213,64,28,92,305
10/05/2018,CHO,VA,AEA,EN,Federal Contract Tower,14,56,43,7,120,0,8,47,4,59,14,64,90,11,179,56,26,82,261
10/06/2018,CHO,VA,AEA,EN,Federal Contract Tower,17,72,34,0,123,0,6,39,0,45,17,78,73,0,168,48,0,48,216
10/07/2018,CHO,VA,AEA,EN,Federal Contract Tower,19,65,47,0,131,0,13,68,0,81,19,78,115,0,212,84,0,84,296
10/08/2018,CHO,VA,AEA,EN,Federal Contract Tower,20,58,32,0,110,0,3,32,0,35,20,61,64,0,145,66,0,66,211
10/09/2018,CHO,VA,AEA,EN,Federal Contract Tower,24,56,39,2,121,0,4,53,0,57,24,60,92,2,178,72,20,92,270
10/10/2018,CHO,VA,AEA,EN,Federal Contract Tower,25,61,36,6,128,0,4,8,0,12,25,65,44,6,140,16,0,16,156
10/11/2018,CHO,VA,AEA,EN,Federal Contract Tower,20,50,29,1,100,0,0,0,0,0,20,50,29,1,100,0,0,0,100
10/12/2018,CHO,VA,AEA,EN,Federal Contract Tower,17,62,41,14,134,0,11,59,6,76,17,73,100,20,210,102,26,128,338
10/13/2018,CHO,VA,AEA,EN,Federal Contract Tower,17,72,40,0,129,0,7,96,0,103,17,79,136,0,232,88,0,88,320
10/14/2018,CHO,VA,AEA,EN,Federal Contract Tower,23,98,65,0,186,0,7,56,0,63,23,105,121,0,249,102,0,102,351
10/15/2018,CHO,VA,AEA,EN,Federal Contract Tower,18,84,46,4,152,0,7,27,0,34,18,91,73,4,186,42,0,42,228
10/16/2018,CHO,VA,AEA,EN,Federal Contract Tower,24,63,59,4,150,0,6,71,0,77,24,69,130,4,227,102,28,130,357
10/17/2018,CHO,VA,AEA,EN,Federal Contract Tower,25,68,60,9,162,0,8,79,6,93,25,76,139,15,255,74,52,126,381
10/18/2018,CHO,VA,AEA,EN,Federal Contract Tower,20,61,47,7,135,0,7,71,4,82,20,68,118,11,217,46,40,86,303
10/19/2018,CHO,VA,AEA,EN,Federal Contract Tower,19,68,41,11,139,0,8,72,6,86,19,76,113,17,225,70,18,88,313
10/20/2018,CHO,VA,AEA,EN,Federal Contract Tower,19,62,45,0,126,0,4,58,0,62,19,66,103,0,188,70,0,70,258
10/21/2018,CHO,VA,AEA,EN,Federal Contract Tower,20,76,45,0,141,0,6,42,0,48,20,82,87,0,189,50,0,50,239
10/22/2018,CHO,VA,AEA,EN,Federal Contract Tower,18,64,35,9,126,0,8,48,2,58,18,72,83,11,184,68,94,162,346
10/23/2018,CHO,VA,AEA,EN,Federal Contract Tower,20,72,61,10,163,0,8,72,0,80,20,80,133,10,243,84,20,104,347
10/24/2018,CHO,VA,AEA,EN,Federal Contract Tower,26,73,60,13,172,0,4,63,0,67,26,77,123,13,239,78,52,130,369
10/25/2018,CHO,VA,AEA,EN,Federal Contract Tower,19,66,38,4,127,0,0,58,5,63,19,66,96,9,190,46,26,72,262
10/26/2018,CHO,VA,AEA,EN,Federal Contract Tower,19,76,38,6,139,0,0,17,1,18,19,76,55,7,157,14,0,14,171
10/27/2018,CHO,VA,AEA,EN,Federal Contract Tower,20,63,39,0,122,0,5,36,1,42,20,68,75,1,164,58,0,58,222
10/28/2018,CHO,VA,AEA,EN,Federal Contract Tower,17,84,78,0,179,0,4,52,0,56,17,88,130,0,235,70,0,70,305
10/29/2018,CHO,VA,AEA,EN,Federal Contract Tower,14,71,46,9,140,0,4,67,0,71,14,75,113,9,211,70,22,92,303
10/30/2018,CHO,VA,AEA,EN,Federal Contract Tower,25,65,48,4,142,0,4,87,2,93,25,69,135,6,235,92,28,120,355
10/31/2018,CHO,VA,AEA,EN,Federal Contract Tower,24,85,70,4,183,0,8,78,0,86,24,93,148,4,269,100,44,144,413
11/01/2018,CHO,VA,AEA,EN,Federal Contract Tower,20,49,40,6,115,0,10,53,6,69,20,59,93,12,184,50,36,86,270
11/02/2018,CHO,VA,AEA,EN,Federal Contract Tower,15,64,47,9,135,0,9,24,4,37,15,73,71,13,172,42,36,78,250
11/03/2018,CHO,VA,AEA,EN,Federal Contract Tower,21,58,35,0,114,0,4,70,0,74,21,62,105,0,188,46,0,46,234
11/04/2018,CHO,VA,AEA,EN,Federal Contract Tower,21,77,54,0,152,0,10,96,0,106,21,87,150,0,258,94,0,94,352
11/05/2018,CHO,VA,AEA,EN,Federal Contract Tower,18,64,28,2,112,0,0,0,0,0,18,64,28,2,112,0,0,0,112
11/06/2018,CHO,VA,AEA,EN,Federal Contract Tower,21,67,31,2,121,0,4,26,0,30,21,71,57,2,151,0,0,0,151
11/07/2018,CHO,VA,AEA,EN,Federal Contract Tower,27,66,49,12,154,0,4,67,2,73,27,70,116,14,227,96,10,106,333
11/08/2018,CHO,VA,AEA,EN,Federal Contract Tower,23,68,56,11,158,0,6,60,8,74,23,74,116,19,232,84,40,124,356
11/09/2018,CHO,VA,AEA,EN,Federal Contract Tower,14,69,54,6,143,0,3,13,0,16,14,72,67,6,159,6,0,6,165
11/10/2018,CHO,VA,AEA,EN,Federal Contract Tower,21,57,42,0,120,0,4,62,0,66,21,61,104,0,186,34,0,34,220
11/11/2018,CHO,VA,AEA,EN,Federal Contract Tower,20,82,83,2,187,0,6,75,0,81,20,88,158,2,268,72,0,72,340
11/12/2018,CHO,VA,AEA,EN,Federal Contract Tower,15,65,52,0,132,0,4,43,0,47,15,69,95,0,179,24,0,24,203
11/13/2018,CHO,VA,AEA,EN,Federal Contract Tower,30,75,52,2,159,0,13,31,0,44,30,88,83,2,203,34,0,34,237
11/14/2018,CHO,VA,AEA,EN,Federal Contract Tower,28,70,53,11,162,0,4,64,0,68,28,74,117,11,230,106,10,116,346
11/15/2018,CHO,VA,AEA,EN,Federal Contract Tower,14,53,60,6,133,0,24,8,0,32,14,77,68,6,165,0,0,0,165
11/16/2018,CHO,VA,AEA,EN,Federal Contract Tower,13,38,43,6,100,0,7,34,0,41,13,45,77,6,141,72,22,94,235
11/17/2018,CHO,VA,AEA,EN,Federal Contract Tower,13,56,54,9,132,0,17,60,10,87,13,73,114,19,219,70,34,104,323
11/18/2018,CHO,VA,AEA,EN,Federal Contract Tower,13,59,49,12,133,0,13,74,4,91,13,72,123,16,224,48,32,80,304
11/19/2018,CHO,VA,AEA,EN,Federal Contract Tower,14,54,47,10,125,0,9,72,5,86,14,63,119,15,211,58,12,70,281
11/20/2018,CHO,VA,AEA,EN,Federal Contract Tower,13,65,46,0,124,0,12,87,0,99,13,77,133,0,223,50,0,50,273
11/21/2018,CHO,VA,AEA,EN,Federal Contract Tower,26,56,41,5,128,0,6,72,0,78,26,62,113,5,206,60,14,74,280
11/22/2018,CHO,VA,AEA,EN,Federal Contract Tower,10,28,28,0,66,0,7,33,0,40,10,35,61,0,106,0,0,0,106
11/23/2018,CHO,VA,AEA,EN,Federal Contract Tower,7,42,28,1,78,0,5,53,0,58,7,47,81,1,136,56,0,56,192
11/24/2018,CHO,VA,AEA,EN,Federal Contract Tower,24,68,34,0,126,0,2,6,0,8,24,70,40,0,134,22,0,22,156
11/25/2018,CHO,VA,AEA,EN,Federal Contract Tower,26,83,81,0,190,0,4,60,0,64,26,87,141,0,254,80,0,80,334
11/26/2018,CHO,VA,AEA,EN,Federal Contract Tower,19,74,35,5,133,0,4,14,0,18,19,78,49,5,151,12,36,48,199
11/27/2018,CHO,VA,AEA,EN,Federal Contract Tower,27,58,46,4,135,0,4,54,0,58,27,62,100,4,193,40,0,40,233
11/28/2018,CHO,VA,AEA,EN,Federal Contract Tower,24,72,40,4,140,0,6,49,0,55,24,78,89,4,195,54,0,54,249
11/29/2018,CHO,VA,AEA,EN,Federal Contract Tower,16,55,35,8,114,0,11,73,4,88,16,66,108,12,202,101,36,137,339
11/30/2018,CHO,VA,AEA,EN,Federal Contract Tower,15,68,43,6,132,0,7,83,4,94,15,75,126,10,226,100,28,128,354
12/01/2018,CHO,VA,AEA,EN,Federal Contract Tower,12,62,35,0,109,0,0,0,0,0,12,62,35,0,109,0,0,0,109
12/02/2018,CHO,VA,AEA,EN,Federal Contract Tower,13,62,47,0,122,0,0,11,0,11,13,62,58,0,133,0,0,0,133
12/03/2018,CHO,VA,AEA,EN,Federal Contract Tower,17,58,46,6,127,0,14,39,11,64,17,72,85,17,191,86,36,122,313
12/04/2018,CHO,VA,AEA,EN,Federal Contract Tower,27,60,40,2,129,0,4,57,0,61,27,64,97,2,190,48,12,60,250
12/05/2018,CHO,VA,AEA,EN,Federal Contract Tower,28,58,31,4,121,0,0,22,0,22,28,58,53,4,143,34,0,34,177
12/06/2018,CHO,VA,AEA,EN,Federal Contract Tower,20,66,54,4,144,0,7,61,0,68,20,73,115,4,212,38,16,54,266
12/07/2018,CHO,VA,AEA,EN,Federal Contract Tower,14,52,33,12,111,0,10,52,9,71,14,62,85,21,182,76,32,108,290
12/08/2018,CHO,VA,AEA,EN,Federal Contract Tower,13,45,33,0,91,0,6,76,8,90,13,51,109,8,181,74,6,80,261
12/09/2018,CHO,VA,AEA,EN,Federal Contract Tower,6,17,14,0,37,0,0,0,0,0,6,17,14,0,37,0,0,0,37
12/10/2018,CHO,VA,AEA,EN,Federal Contract Tower,6,42,37,2,87,0,8,22,1,31,6,50,59,3,118,34,6,40,158
12/11/2018,CHO,VA,AEA,EN,Federal Contract Tower,21,62,59,19,161,0,21,69,10,100,21,83,128,29,261,72,52,124,385
12/12/2018,CHO,VA,AEA,EN,Federal Contract Tower,21,47,38,6,112,0,10,65,6,81,21,57,103,12,193,40,36,76,269
12/13/2018,CHO,VA,AEA,EN,Federal Contract Tower,19,48,39,14,120,0,4,51,0,55,19,52,90,14,175,32,0,32,207
12/14/2018,CHO,VA,AEA,EN,Federal Contract Tower,23,43,41,8,115,0,8,18,6,32,23,51,59,14,147,30,30,60,207
12/15/2018,CHO,VA,AEA,EN,Federal Contract Tower,18,63,35,0,116,0,0,0,0,0,18,63,35,0,116,0,0,0,116
12/16/2018,CHO,VA,AEA,EN,Federal Contract Tower,18,63,28,0,109,0,2,20,0,22,18,65,48,0,131,4,0,4,135
12/17/2018,CHO,VA,AEA,EN,Federal Contract Tower,16,59,48,10,133,0,8,61,8,77,16,67,109,18,210,56,8,64,274
12/18/2018,CHO,VA,AEA,EN,Federal Contract Tower,22,74,58,22,176,0,10,93,3,106,22,84,151,25,282,108,38,146,428
12/19/2018,CHO,VA,AEA,EN,Federal Contract Tower,26,61,43,4,134,0,4,83,0,87,26,65,126,4,221,120,0,120,341
12/20/2018,CHO,VA,AEA,EN,Federal Contract Tower,30,50,41,0,121,0,0,0,0,0,30,50,41,0,121,0,0,0,121
12/21/2018,CHO,VA,AEA,EN,Federal Contract Tower,18,45,37,2,102,0,0,0,2,2,18,45,37,4,104,0,0,0,104
12/22/2018,CHO,VA,AEA,EN,Federal Contract Tower,13,64,38,0,115,0,6,33,0,39,13,70,71,0,154,48,0,48,202
12/23/2018,CHO,VA,AEA,EN,Federal Contract Tower,17,55,23,0,95,0,5,50,0,55,17,60,73,0,150,36,0,36,186
12/24/2018,CHO,VA,AEA,EN,Federal Contract Tower,19,49,42,0,110,0,6,42,0,48,19,55,84,0,158,54,0,54,212
12/25/2018,CHO,VA,AEA,EN,Federal Contract Tower,13,30,8,0,51,0,4,18,0,22,13,34,26,0,73,0,0,0,73
12/26/2018,CHO,VA,AEA,EN,Federal Contract Tower,22,50,25,0,97,0,5,56,0,61,22,55,81,0,158,48,0,48,206
12/27/2018,CHO,VA,AEA,EN,Federal Contract Tower,24,36,28,6,94,0,4,40,0,44,24,40,68,6,138,40,42,82,220
12/28/2018,CHO,VA,AEA,EN,Federal Contract Tower,16,30,20,0,66,0,0,0,0,0,16,30,20,0,66,0,0,0,66
12/29/2018,CHO,VA,AEA,EN,Federal Contract Tower,18,48,38,0,104,0,8,76,0,84,18,56,114,0,188,102,0,102,290
12/30/2018,CHO,VA,AEA,EN,Federal Contract Tower,16,65,39,0,120,0,10,63,0,73,16,75,102,0,193,84,0,84,277
12/31/2018,CHO,VA,AEA,EN,Federal Contract Tower,16,51,34,0,101,0,0,0,0,0,16,51,34,0,101,0,0,0,101
01/01/2019,CHO,VA,AEA,EN,Federal Contract Tower,22,57,47,0,126,0,6,58,0,64,22,63,105,0,190,74,0,74,264
01/02/2019,CHO,VA,AEA,EN,Federal Contract Tower,18,42,40,10,110,0,7,50,6,63,18,49,90,16,173,46,30,76,249
01/03/2019,CHO,VA,AEA,EN,Federal Contract Tower,23,37,36,12,108,0,0,52,13,65,23,37,88,25,173,18,20,38,211
01/04/2019,CHO,VA,AEA,EN,Federal Contract Tower,16,41,26,1,84,0,4,11,0,15,16,45,37,1,99,12,0,12,111
01/05/2019,CHO,VA,AEA,EN,Federal Contract Tower,16,54,35,0,105,0,4,48,0,52,16,58,83,0,157,62,0,62,219
01/06/2019,CHO,VA,AEA,EN,Federal Contract Tower,21,72,52,0,145,0,8,65,0,73,21,80,117,0,218,72,0,72,290
01/07/2019,CHO,VA,AEA,EN,Federal Contract Tower,16,71,42,5,134,0,9,47,2,58,16,80,89,7,192,50,42,92,284
01/08/2019,CHO,VA,AEA,EN,Federal Contract Tower,17,68,37,9,131,0,11,49,4,64,17,79,86,13,195,68,98,166,361
01/09/2019,CHO,VA,AEA,EN,Federal Contract Tower,24,63,28,14,129,0,7,41,0,48,24,70,69,14,177,46,66,112,289
01/10/2019,CHO,VA,AEA,EN,Federal Contract Tower,23,44,23,0,90,0,0,21,2,23,23,44,44,2,113,6,8,14,127
01/11/2019,CHO,VA,AEA,EN,Federal Contract Tower,21,45,19,9,94,0,6,65,14,85,21,51,84,23,179,62,32,94,273
01/12/2019,CHO,VA,AEA,EN,Federal Contract Tower,20,44,25,0,89,0,4,20,0,24,20,48,45,0,113,0,0,0,113
01/13/2019,CHO,VA,AEA,EN,Federal Contract Tower,12,44,11,0,67,0,0,0,0,0,12,44,11,0,67,0,0,0,67
01/14/2019,CHO,VA,AEA,EN,Federal Contract Tower,19,61,46,8,134,0,7,29,0,36,19,68,75,8,170,28,46,74,244
01/15/2019,CHO,VA,AEA,EN,Federal Contract Tower,24,64,66,8,162,0,6,42,2,50,24,70,108,10,212,70,36,106,318
01/16/2019,CHO,VA,AEA,EN,Federal Contract Tower,22,57,33,10,122,0,7,60,10,77,22,64,93,20,199,60,64,124,323
01/17/2019,CHO,VA,AEA,EN,Federal Contract Tower,17,60,29,5,111,0,3,29,0,32,17,63,58,5,143,48,14,62,205
01/18/2019,CHO,VA,AEA,EN,Federal Contract Tower,15,35,29,6,85,0,0,7,0,7,15,35,36,6,92,0,0,0,92
01/19/2019,CHO,VA,AEA,EN,Federal Contract Tower,8,22,7,0,37,0,0,0,0,0,8,22,7,0,37,0,0,0,37
01/20/2019,CHO,VA,AEA,EN,Federal Contract Tower,15,31,3,0,49,0,0,14,0,14,15,31,17,0,63,0,0,0,63
01/21/2019,CHO,VA,AEA,EN,Federal Contract Tower,14,36,35,4,89,0,14,37,4,55,14,50,72,8,144,72,22,94,238
01/22/2019,CHO,VA,AEA,EN,Federal Contract Tower,24,67,52,7,150,0,15,65,3,83,24,82,117,10,233,94,70,164,397
01/23/2019,CHO,VA,AEA,EN,Federal Contract Tower,22,60,27,4,113,0,2,12,0,14,22,62,39,4,127,12,0,12,139
01/24/2019,CHO,VA,AEA,EN,Federal Contract Tower,14,46,27,2,89,0,0,12,2,14,14,46,39,4,103,16,22,38,141
01/25/2019,CHO,VA,AEA,EN,Federal Contract Tower,19,50,35,11,115,0,12,57,6,75,19,62,92,17,190,47,42,89,279
01/26/2019,CHO,VA,AEA,EN,Federal Contract Tower,16,47,33,0,96,0,5,82,0,87,16,52,115,0,183,108,0,108,291
01/27/2019,CHO,VA,AEA,EN,Federal Contract Tower,18,64,42,0,124,0,8,60,0,68,18,72,102,0,192,66,0,66,258
01/28/2019,CHO,VA,AEA,EN,Federal Contract Tower,24,60,38,6,128,0,8,52,0,60,24,68,90,6,188,62,32,94,282
01/29/2019,CHO,VA,AEA,EN,Federal Contract Tower,22,43,42,4,111,0,7,29,0,36,22,50,71,4,147,46,0,46,193
01/30/2019,CHO,VA,AEA,EN,Federal Contract Tower,17,49,29,10,105,0,10,15,0,25,17,59,44,10,130,0,0,0,130
01/31/2019,CHO,VA,AEA,EN,Federal Contract Tower,19,47,42,8,116,0,15,63,10,88,19,62,105,18,204,62,46,108,312
02/01/2019,CHO,VA,AEA,EN,Federal Contract Tower,15,43,43,8,109,0,10,52,6,68,15,53,95,14,177,74,24,98,275
02/02/2019,CHO,VA,AEA,EN,Federal Contract Tower,18,55,39,0,112,0,8,71,0,79,18,63,110,0,191,108,0,108,299
02/03/2019,CHO,VA,AEA,EN,Federal Contract Tower,13,51,45,0,109,0,20,78,0,98,13,71,123,0,207,112,0,112,319
02/04/2019,CHO,VA,AEA,EN,Federal Contract Tower,23,61,55,4,143,0,10,69,2,81,23,71,124,6,224,92,0,92,316
02/05/2019,CHO,VA,AEA,EN,Federal Contract Tower,21,53,66,6,146,0,10,75,0,85,21,63,141,6,231,112,26,138,369
02/06/2019,CHO,VA,AEA,EN,Federal Contract Tower,21,56,45,5,127,0,5,33,0,38,21,61,78,5,165,40,8,48,213
02/07/2019,CHO,VA,AEA,EN,Federal Contract Tower,11,45,25,6,87,0,0,0,0,0,11,45,25,6,87,0,0,0,87
02/08/2019,CHO,VA,AEA,EN,Federal Contract Tower,19,58,43,8,128,0,0,17,0,17,19,58,60,8,145,0,0,0,145
02/09/2019,CHO,VA,AEA,EN,Federal Contract Tower,22,106,70,0,198,0,8,84,0,92,22,114,154,0,290,82,36,118,408
02/10/2019,CHO,VA,AEA,EN,Federal Contract Tower,19,76,47,0,142,0,4,99,0,103,19,80,146,0,245,80,0,80,325
02/11/2019,CHO,VA,AEA,EN,Federal Contract Tower,23,59,43,1,126,0,0,0,0,0,23,59,43,1,126,0,0,0,126
02/12/2019,CHO,VA,AEA,EN,Federal Contract Tower,25,52,31,4,112,0,0,0,0,0,25,52,31,4,112,0,0,0,112
02/13/2019,CHO,VA,AEA,EN,Federal Contract Tower,23,57,22,2,104,0,2,18,2,22,23,59,40,4,126,0,0,0,126
02/14/2019,CHO,VA,AEA,EN,Federal Contract Tower,18,55,38,8,119,0,9,63,6,78,18,64,101,14,197,82,38,120,317
02/15/2019,CHO,VA,AEA,EN,Federal Contract Tower,19,57,41,8,125,0,12,57,5,74,19,69,98,13,199,48,30,78,277
02/16/2019,CHO,VA,AEA,EN,Federal Contract Tower,19,53,38,0,110,0,10,60,0,70,19,63,98,0,180,64,0,64,244
02/17/2019,CHO,VA,AEA,EN,Federal Contract Tower,15,60,39,0,114,0,4,40,0,44,15,64,79,0,158,60,0,60,218
02/18/2019,CHO,VA,AEA,EN,Federal Contract Tower,18,82,42,2,144,0,6,57,0,63,18,88,99,2,207,50,0,50,257
02/19/2019,CHO,VA,AEA,EN,Federal Contract Tower,26,68,51,7,152,0,8,78,0,86,26,76,129,7,238,64,14,78,316
02/20/2019,CHO,VA,AEA,EN,Federal Contract Tower,16,33,9,2,60,0,0,0,0,0,16,33,9,2,60,0,0,0,60
02/21/2019,CHO,VA,AEA,EN,Federal Contract Tower,19,54,25,5,103,0,10,55,6,71,19,64,80,11,174,58,24,82,256
02/22/2019,CHO,VA,AEA,EN,Federal Contract Tower,20,44,43,6,113,0,0,24,0,24,20,44,67,6,137,12,0,12,149
02/23/2019,CHO,VA,AEA,EN,Federal Contract Tower,19,44,32,0,95,0,0,0,0,0,19,44,32,0,95,0,0,0,95
02/24/2019,CHO,VA,AEA,EN,Federal Contract Tower,14,56,41,0,111,0,4,21,0,25,14,60,62,0,136,0,0,0,136
02/25/2019,CHO,VA,AEA,EN,Federal Contract Tower,23,57,40,5,125,0,8,20,0,28,23,65,60,5,153,0,6,6,159
02/26/2019,CHO,VA,AEA,EN,Federal Contract Tower,26,55,54,6,141,0,6,77,4,87,26,61,131,10,228,68,50,118,346
02/27/2019,CHO,VA,AEA,EN,Federal Contract Tower,18,55,34,17,124,0,15,71,6,92,18,70,105,23,216,46,84,130,346
02/28/2019,CHO,VA,AEA,EN,Federal Contract Tower,15,48,39,10,112,0,16,55,10,81,15,64,94,20,193,54,30,84,277
03/01/2019,CHO,VA,AEA,EN,Federal Contract Tower,16,50,41,6,113,0,0,0,0,0,16,50,41,6,113,0,0,0,113
03/02/2019,CHO,VA,AEA,EN,Federal Contract Tower,20,57,39,0,116,0,4,38,0,42,20,61,77,0,158,124,0,124,282
03/03/2019,CHO,VA,AEA,EN,Federal Contract Tower,17,71,30,0,118,0,0,0,0,0,17,71,30,0,118,0,0,0,118
03/04/2019,CHO,VA,AEA,EN,Federal Contract Tower,22,76,53,4,155,0,8,47,0,55,22,84,100,4,210,88,0,88,298
03/05/2019,CHO,VA,AEA,EN,Federal Contract Tower,24,75,52,2,153,0,6,87,1,94,24,81,139,3,247,794,16,810,1057
03/06/2019,CHO,VA,AEA,EN,Federal Contract Tower,24,58,30,4,116,0,2,60,0,62,24,60,90,4,178,12,0,12,190
03/07/2019,CHO,VA,AEA,EN,Federal Contract Tower,15,54,41,14,124,0,12,61,6,79,15,66,102,20,203,80,32,112,315
03/08/2019,CHO,VA,AEA,EN,Federal Contract Tower,20,53,26,12,111,0,0,0,0,0,20,53,26,12,111,0,0,0,111
03/09/2019,CHO,VA,AEA,EN,Federal Contract Tower,22,64,36,0,122,0,0,0,0,0,22,64,36,0,122,0,0,0,122
03/10/2019,CHO,VA,AEA,EN,Federal Contract Tower,19,69,48,7,143,0,6,40,0,46,19,75,88,7,189,54,0,54,243
03/11/2019,CHO,VA,AEA,EN,Federal Contract Tower,20,74,55,4,153,0,11,66,2,79,20,85,121,6,232,110,6,116,348
03/12/2019,CHO,VA,AEA,EN,Federal Contract Tower,25,63,52,4,144,0,6,81,0,87,25,69,133,4,231,128,16,144,375
03/13/2019,CHO,VA,AEA,EN,Federal Contract Tower,23,62,41,4,130,0,7,67,2,76,23,69,108,6,206,70,30,100,306
03/14/2019,CHO,VA,AEA,EN,Federal Contract Tower,24,64,32,4,124,0,5,71,1,77,24,69,103,5,201,38,32,70,271
03/15/2019,CHO,VA,AEA,EN,Federal Contract Tower,14,46,41,8,109,0,10,44,8,62,14,56,85,16,171,58,22,80,251
03/16/2019,CHO,VA,AEA,EN,Federal Contract Tower,20,55,31,0,106,0,5,61,0,66,20,60,92,0,172,64,0,64,236
03/17/2019,CHO,VA,AEA,EN,Federal Contract Tower,21,65,60,0,146,0,7,102,0,109,21,72,162,0,255,202,0,202,457
03/18/2019,CHO,VA,AEA,EN,Federal Contract Tower,19,70,47,8,144,0,6,72,5,83,19,76,119,13,227,126,44,170,397
03/19/2019,CHO,VA,AEA,EN,Federal Contract Tower,21,62,66,12,161,0,20,67,8,95,21,82,133,20,256,106,52,158,414
03/20/2019,CHO,VA,AEA,EN,Federal Contract Tower,21,76,45,6,148,0,17,68,2,87,21,93,113,8,235,88,44,132,367
03/21/2019,CHO,VA,AEA,EN,Federal Contract Tower,15,57,47,7,126,0,12,39,8,59,15,69,86,15,185,32,38,70,255
03/22/2019,CHO,VA,AEA,EN,Federal Contract Tower,18,43,34,10,105,0,10,36,10,56,18,53,70,20,161,34,40,74,235
03/23/2019,CHO,VA,AEA,EN,Federal Contract Tower,20,74,39,0,133,0,7,86,0,93,20,81,125,0,226,24,0,24,250
03/24/2019,CHO,VA,AEA,EN,Federal Contract Tower,21,64,46,0,131,0,7,122,0,129,21,71,168,0,260,114,0,114,374
03/25/2019,CHO,VA,AEA,EN,Federal Contract Tower,21,60,42,4,127,0,6,44,0,50,21,66,86,4,177,44,22,66,243
03/26/2019,CHO,VA,AEA,EN,Federal Contract Tower,26,68,37,9,140,0,10,97,2,109,26,78,134,11,249,80,84,164,413
03/27/2019,CHO,VA,AEA,EN,Federal Contract Tower,23,63,40,12,138,0,10,74,0,84,23,73,114,12,222,96,46,142,364
03/28/2019,CHO,VA,AEA,EN,Federal Contract Tower,15,56,42,8,121,0,8,75,4,87,15,64,117,12,208,76,28,104,312
03/29/2019,CHO,VA,AEA,EN,Federal Contract Tower,15,46,39,8,108,0,10,69,15,94,15,56,108,23,202,68,36,104,306
03/30/2019,CHO,VA,AEA,EN,Federal Contract Tower,16,71,49,0,136,0,5,69,0,74,16,76,118,0,210,42,0,42,252
03/31/2019,CHO,VA,AEA,EN,Federal Contract Tower,24,67,52,0,143,0,5,35,0,40,24,72,87,0,183,18,0,18,201
04/01/2019,CHO,VA,AEA,EN,Federal Contract Tower,18,60,62,10,150,0,16,57,8,81,18,76,119,18,231,72,48,120,351
04/02/2019,CHO,VA,AEA,EN,Federal Contract Tower,25,61,37,2,125,0,5,51,0,56,25,66,88,2,181,70,36,106,287
04/03/2019,CHO,VA,AEA,EN,Federal Contract Tower,24,64,31,2,121,0,4,42,0,46,24,68,73,2,167,40,0,40,207
04/04/2019,CHO,VA,AEA,EN,Federal Contract Tower,20,43,34,10,107,0,10,68,0,78,20,53,102,10,185,56,30,86,271
04/05/2019,CHO,VA,AEA,EN,Federal Contract Tower,26,66,24,2,118,0,0,0,0,0,26,66,24,2,118,0,0,0,118
04/06/2019,CHO,VA,AEA,EN,Federal Contract Tower,16,79,40,4,139,0,7,46,0,53,16,86,86,4,192,60,0,60,252
04/07/2019,CHO,VA,AEA,EN,Federal Contract Tower,18,76,49,1,144,0,6,51,0,57,18,82,100,1,201,62,0,62,263
04/08/2019,CHO,VA,AEA,EN,Federal Contract Tower,23,71,49,3,146,0,5,46,0,51,23,76,95,3,197,42,0,42,239
04/09/2019,CHO,VA,AEA,EN,Federal Contract Tower,26,48,64,8,146,0,16,76,8,100,26,64,140,16,246,92,44,136,382
04/10/2019,CHO,VA,AEA,EN,Federal Contract Tower,16,58,32,8,114,0,6,62,0,68,16,64,94,8,182,26,0,26,208
04/11/2019,CHO,VA,AEA,EN,Federal Contract Tower,17,60,46,19,142,0,14,99,8,121,17,74,145,27,263,126,46,172,435
04/12/2019,CHO,VA,AEA,EN,Federal Contract Tower,20,65,47,8,140,0,8,27,5,40,20,73,74,13,180,28,26,54,234
04/13/2019,CHO,VA,AEA,EN,Federal Contract Tower,17,63,38,0,118,0,5,57,0,62,17,68,95,0,180,76,0,76,256
04/14/2019,CHO,VA,AEA,EN,Federal Contract Tower,14,60,42,0,116,0,0,0,0,0,14,60,42,0,116,0,0,0,116
04/15/2019,CHO,VA,AEA,EN,Federal Contract Tower,17,55,44,0,116,0,5,13,0,18,17,60,57,0,134,0,0,0,134
04/16/2019,CHO,VA,AEA,EN,Federal Contract Tower,27,72,47,12,158,0,8,74,0,82,27,80,121,12,240,102,92,194,434
04/17/2019,CHO,VA,AEA,EN,Federal Contract Tower,26,70,53,34,183,0,10,74,7,91,26,80,127,41,274,70,104,174,448
04/18/2019,CHO,VA,AEA,EN,Federal Contract Tower,17,65,38,15,135,0,13,65,7,85,17,78,103,22,220,68,118,186,406
04/19/2019,CHO,VA,AEA,EN,Federal Contract Tower,16,50,34,0,100,0,3,5,0,8,16,53,39,0,108,0,0,0,108
04/20/2019,CHO,VA,AEA,EN,Federal Contract Tower,18,61,30,0,109,0,5,36,1,42,18,66,66,1,151,50,12,62,213
04/21/2019,CHO,VA,AEA,EN,Federal Contract Tower,16,73,42,0,131,0,6,70,0,76,16,79,112,0,207,78,0,78,285
04/22/2019,CHO,VA,AEA,EN,Federal Contract Tower,21,81,56,6,164,0,7,102,6,115,21,88,158,12,279,100,22,122,401
04/23/2019,CHO,VA,AEA,EN,Federal Contract Tower,21,65,53,4,143,0,4,83,0,87,21,69,136,4,230,108,0,108,338
04/24/2019,CHO,VA,AEA,EN,Federal Contract Tower,24,71,43,4,142,0,8,74,2,84,24,79,117,6,226,86,80,166,392
04/25/2019,CHO,VA,AEA,EN,Federal Contract Tower,15,59,41,7,122,0,13,71,6,90,15,72,112,13,212,96,60,156,368
04/26/2019,CHO,VA,AEA,EN,Federal Contract Tower,12,72,51,12,147,0,2,0,0,2,12,74,51,12,149,0,0,0,149
04/27/2019,CHO,VA,AEA,EN,Federal Contract Tower,18,51,49,0,118,0,5,90,0,95,18,56,139,0,213,70,0,70,283
04/28/2019,CHO,VA,AEA,EN,Federal Contract Tower,16,67,51,0,134,0,6,57,0,63,16,73,108,0,197,86,0,86,283
04/29/2019,CHO,VA,AEA,EN,Federal Contract Tower,22,61,41,4,128,0,17,53,2,72,22,78,94,6,200,64,26,90,290
04/30/2019,CHO,VA,AEA,EN,Federal Contract Tower,24,45,43,10,122,0,13,58,7,78,24,58,101,17,200,70,34,104,304
05/01/2019,CHO,VA,AEA,EN,Federal Contract Tower,25,54,29,3,111,0,2,23,0,25,25,56,52,3,136,66,0,66,202
05/02/2019,CHO,VA,AEA,EN,Federal Contract Tower,14,52,47,10,123,0,19,53,11,83,14,71,100,21,206,80,38,118,324
05/03/2019,CHO,VA,AEA,EN,Federal Contract Tower,15,47,43,6,111,0,16,74,6,96,15,63,117,12,207,84,38,122,329
05/04/2019,CHO,VA,AEA,EN,Federal Contract Tower,19,53,34,0,106,0,5,53,0,58,19,58,87,0,164,62,0,62,226
05/05/2019,CHO,VA,AEA,EN,Federal Contract Tower,16,71,44,0,131,0,2,14,0,16,16,73,58,0,147,52,0,52,199
05/06/2019,CHO,VA,AEA,EN,Federal Contract Tower,22,63,47,13,145,0,6,78,8,92,22,69,125,21,237,110,70,180,417
05/07/2019,CHO,VA,AEA,EN,Federal Contract Tower,24,78,54,15,171,0,6,91,3,100,24,84,145,18,271,124,152,276,547
05/08/2019,CHO,VA,AEA,EN,Federal Contract Tower,22,63,30,5,120,0,4,30,4,38,22,67,60,9,158,36,0,36,194
05/09/2019,CHO,VA,AEA,EN,Federal Contract Tower,22,58,37,15,132,0,1,32,2,35,22,59,69,17,167,74,0,74,241
05/10/2019,CHO,VA,AEA,EN,Federal Contract Tower,15,50,48,6,119,0,10,49,6,65,15,60,97,12,184,82,30,112,296
05/11/2019,CHO,VA,AEA,EN,Federal Contract Tower,17,55,41,0,113,0,2,21,0,23,17,57,62,0,136,26,0,26,162
05/12/2019,CHO,VA,AEA,EN,Federal Contract Tower,14,81,60,5,160,0,0,0,0,0,14,81,60,5,160,0,0,0,160
05/13/2019,CHO,VA,AEA,EN,Federal Contract Tower,19,63,43,4,129,0,8,22,0,30,19,71,65,4,159,16,0,16,175
05/14/2019,CHO,VA,AEA,EN,Federal Contract Tower,21,64,50,10,145,0,9,54,0,63,21,73,104,10,208,36,0,36,244
05/15/2019,CHO,VA,AEA,EN,Federal Contract Tower,18,59,32,3,112,0,5,58,2,65,18,64,90,5,177,74,26,100,277
05/16/2019,CHO,VA,AEA,EN,Federal Contract Tower,12,62,43,9,126,0,11,82,4,97,12,73,125,13,223,104,44,148,371
05/17/2019,CHO,VA,AEA,EN,Federal Contract Tower,14,58,63,6,141,0,10,71,8,89,14,68,134,14,230,82,32,114,344
05/18/2019,CHO,VA,AEA,EN,Federal Contract Tower,19,60,54,0,133,0,10,109,0,119,19,70,163,0,252,130,0,130,382
05/19/2019,CHO,VA,AEA,EN,Federal Contract Tower,23,81,53,0,157,0,8,50,0,58,23,89,103,0,215,76,0,76,291
05/21/2019,CHO,VA,AEA,EN,Federal Contract Tower,25,71,52,6,154,0,10,88,4,102,25,81,140,10,256,94,68,162,418
05/22/2019,CHO,VA,AEA,EN,Federal Contract Tower,20,61,46,26,153,0,5,77,2,84,20,66,123,28,237,106,60,166,403
05/23/2019,CHO,VA,AEA,EN,Federal Contract Tower,20,57,48,11,136,0,15,69,10,94,20,72,117,21,230,82,38,120,350
05/24/2019,CHO,VA,AEA,EN,Federal Contract Tower,21,60,65,6,152,0,17,79,7,103,21,77,144,13,255,90,48,138,393
05/25/2019,CHO,VA,AEA,EN,Federal Contract Tower,23,55,43,0,121,0,4,68,0,72,23,59,111,0,193,66,0,66,259
05/26/2019,CHO,VA,AEA,EN,Federal Contract Tower,22,59,38,0,119,0,4,53,0,57,22,63,91,0,176,60,0,60,236
05/27/2019,CHO,VA,AEA,EN,Federal Contract Tower,19,49,43,0,111,0,10,68,0,78,19,59,111,0,189,92,0,92,281
05/28/2019,CHO,VA,AEA,EN,Federal Contract Tower,23,64,53,8,148,0,7,72,2,81,23,71,125,10,229,86,100,186,415
05/29/2019,CHO,VA,AEA,EN,Federal Contract Tower,19,63,42,6,130,0,11,61,4,76,19,74,103,10,206,82,50,132,338
05/30/2019,CHO,VA,AEA,EN,Federal Contract Tower,14,46,41,11,112,0,14,60,8,82,14,60,101,19,194,106,58,164,358
05/31/2019,CHO,VA,AEA,EN,Federal Contract Tower,15,55,42,12,124,0,16,55,8,79,15,71,97,20,203,86,56,142,345
06/01/2019,CHO,VA,AEA,EN,Federal Contract Tower,17,47,41,0,105,0,9,86,0,95,17,56,127,0,200,110,0,110,310
06/02/2019,CHO,VA,AEA,EN,Federal Contract Tower,18,66,45,0,129,0,6,75,0,81,18,72,120,0,210,54,36,90,300
06/03/2019,CHO,VA,AEA,EN,Federal Contract Tower,22,61,41,7,131,0,17,71,0,88,22,78,112,7,219,88,32,120,339
06/04/2019,CHO,VA,AEA,EN,Federal Contract Tower,24,66,54,4,148,0,8,91,3,102,24,74,145,7,250,106,12,118,368
06/05/2019,CHO,VA,AEA,EN,Federal Contract Tower,16,59,35,4,114,0,4,42,0,46,16,63,77,4,160,62,10,72,232
06/06/2019,CHO,VA,AEA,EN,Federal Contract Tower,12,61,50,16,139,0,10,63,14,87,12,71,113,30,226,78,78,156,382
06/07/2019,CHO,VA,AEA,EN,Federal Contract Tower,16,58,41,6,121,0,9,34,8,51,16,67,75,14,172,48,44,92,264
06/08/2019,CHO,VA,AEA,EN,Federal Contract Tower,15,61,31,0,107,0,4,56,0,60,15,65,87,0,167,74,0,74,241
06/09/2019,CHO,VA,AEA,EN,Federal Contract Tower,25,63,57,0,145,0,0,1,0,1,25,63,58,0,146,0,0,0,146
06/10/2019,CHO,VA,AEA,EN,Federal Contract Tower,21,61,62,2,146,0,2,9,0,11,21,63,71,2,157,32,0,32,189
06/11/2019,CHO,VA,AEA,EN,Federal Contract Tower,24,65,46,4,139,0,5,60,0,65,24,70,106,4,204,28,44,72,276
06/12/2019,CHO,VA,AEA,EN,Federal Contract Tower,21,60,73,11,165,0,9,63,5,77,21,69,136,16,242,58,22,80,322
06/13/2019,CHO,VA,AEA,EN,Federal Contract Tower,15,98,80,17,210,0,9,58,10,77,15,107,138,27,287,72,46,118,405
06/14/2019,CHO,VA,AEA,EN,Federal Contract Tower,13,89,102,10,214,0,11,77,8,96,13,100,179,18,310,90,22,112,422
06/15/2019,CHO,VA,AEA,EN,Federal Contract Tower,17,50,41,0,108,0,7,84,0,91,17,57,125,0,199,98,0,98,297
06/16/2019,CHO,VA,AEA,EN,Federal Contract Tower,16,64,42,0,122,0,4,61,0,65,16,68,103,0,187,86,0,86,273
06/17/2019,CHO,VA,AEA,EN,Federal Contract Tower,23,60,38,4,125,0,16,53,0,69,23,76,91,4,194,74,0,74,268
06/18/2019,CHO,VA,AEA,EN,Federal Contract Tower,26,61,40,5,132,0,9,65,0,74,26,70,105,5,206,88,0,88,294
06/19/2019,CHO,VA,AEA,EN,Federal Contract Tower,19,70,35,11,135,0,8,55,6,69,19,78,90,17,204,98,84,182,386
06/20/2019,CHO,VA,AEA,EN,Federal Contract Tower,14,39,29,6,88,0,7,35,5,47,14,46,64,11,135,30,24,54,189
06/21/2019,CHO,VA,AEA,EN,Federal Contract Tower,17,52,50,8,127,0,12,79,6,97,17,64,129,14,224,124,44,168,392
06/22/2019,CHO,VA,AEA,EN,Federal Contract Tower,16,63,37,0,116,0,4,77,0,81,16,67,114,0,197,100,0,100,297
06/23/2019,CHO,VA,AEA,EN,Federal Contract Tower,17,71,44,2,134,0,6,70,0,76,17,77,114,2,210,88,0,88,298
06/24/2019,CHO,VA,AEA,EN,Federal Contract Tower,22,52,36,2,112,0,10,61,0,71,22,62,97,2,183,86,0,86,269
06/25/2019,CHO,VA,AEA,EN,Federal Contract Tower,25,68,38,4,135,0,7,68,0,75,25,75,106,4,210,120,64,184,394
06/26/2019,CHO,VA,AEA,EN,Federal Contract Tower,16,73,46,10,145,0,10,81,0,91,16,83,127,10,236,134,50,184,420
06/27/2019,CHO,VA,AEA,EN,Federal Contract Tower,13,53,49,8,123,0,7,67,8,82,13,60,116,16,205,68,32,100,305
06/28/2019,CHO,VA,AEA,EN,Federal Contract Tower,16,57,43,3,119,0,17,60,6,83,16,74,103,9,202,44,38,82,284
06/29/2019,CHO,VA,AEA,EN,Federal Contract Tower,20,49,26,0,95,0,14,65,0,79,20,63,91,0,174,120,0,120,294
06/30/2019,CHO,VA,AEA,EN,Federal Contract Tower,20,65,35,0,120,0,20,60,0,80,20,85,95,0,200,122,0,122,322
07/01/2019,CHO,VA,AEA,EN,Federal Contract Tower,19,47,33,2,101,0,11,50,4,65,19,58,83,6,166,80,6,86,252
07/02/2019,CHO,VA,AEA,EN,Federal Contract Tower,22,56,47,18,143,0,11,71,7,89,22,67,118,25,232,128,32,160,392
07/03/2019,CHO,VA,AEA,EN,Federal Contract Tower,16,52,28,4,100,0,9,62,2,73,16,61,90,6,173,132,42,174,347
07/04/2019,CHO,VA,AEA,EN,Federal Contract Tower,10,38,12,0,60,0,1,36,0,37,10,39,48,0,97,50,0,50,147
07/05/2019,CHO,VA,AEA,EN,Federal Contract Tower,16,43,52,0,111,0,10,73,0,83,16,53,125,0,194,126,0,126,320
07/06/2019,CHO,VA,AEA,EN,Federal Contract Tower,12,42,29,0,83,0,8,58,8,74,12,50,87,8,157,126,0,126,283
07/07/2019,CHO,VA,AEA,EN,Federal Contract Tower,16,66,45,0,127,0,0,59,0,59,16,66,104,0,186,112,0,112,298
07/08/2019,CHO,VA,AEA,EN,Federal Contract Tower,24,51,39,4,118,0,5,35,0,40,24,56,74,4,158,54,6,60,218
07/09/2019,CHO,VA,AEA,EN,Federal Contract Tower,18,56,54,8,136,0,19,74,11,104,18,75,128,19,240,132,34,166,406
07/10/2019,CHO,VA,AEA,EN,Federal Contract Tower,16,66,27,7,116,0,5,66,3,74,16,71,93,10,190,66,2,68,258
07/11/2019,CHO,VA,AEA,EN,Federal Contract Tower,10,44,33,6,93,0,7,57,10,74,10,51,90,16,167,44,34,78,245
07/12/2019,CHO,VA,AEA,EN,Federal Contract Tower,17,48,41,6,112,0,19,87,6,112,17,67,128,12,224,108,18,126,350
07/13/2019,CHO,VA,AEA,EN,Federal Contract Tower,19,56,31,0,106,0,5,89,0,94,19,61,120,0,200,172,0,172,372
07/14/2019,CHO,VA,AEA,EN,Federal Contract Tower,19,62,41,4,126,0,6,71,2,79,19,68,112,6,205,110,0,110,315
07/15/2019,CHO,VA,AEA,EN,Federal Contract Tower,23,53,41,12,129,0,12,72,0,84,23,65,113,12,213,106,0,106,319
07/16/2019,CHO,VA,AEA,EN,Federal Contract Tower,18,62,46,9,135,0,10,77,2,89,18,72,123,11,224,160,44,204,428
07/17/2019,CHO,VA,AEA,EN,Federal Contract Tower,16,59,33,24,132,0,5,45,0,50,16,64,78,24,182,66,46,112,294
07/18/2019,CHO,VA,AEA,EN,Federal Contract Tower,17,65,38,4,124,0,4,39,5,48,17,69,77,9,172,56,80,136,308
07/19/2019,CHO,VA,AEA,EN,Federal Contract Tower,21,50,43,6,120,0,8,77,6,91,21,58,120,12,211,88,6,94,305
07/20/2019,CHO,VA,AEA,EN,Federal Contract Tower,12,48,28,0,88,0,4,70,0,74,12,52,98,0,162,82,0,82,244
07/21/2019,CHO,VA,AEA,EN,Federal Contract Tower,21,69,26,0,116,0,6,59,0,65,21,75,85,0,181,58,0,58,239
07/22/2019,CHO,VA,AEA,EN,Federal Contract Tower,19,50,43,7,119,0,14,58,0,72,19,64,101,7,191,78,0,78,269
07/23/2019,CHO,VA,AEA,EN,Federal Contract Tower,21,59,29,2,111,0,5,25,0,30,21,64,54,2,141,64,0,64,205
07/24/2019,CHO,VA,AEA,EN,Federal Contract Tower,27,60,21,6,114,0,4,63,1,68,27,64,84,7,182,92,96,188,370
07/25/2019,CHO,VA,AEA,EN,Federal Contract Tower,14,48,30,11,103,0,4,54,9,67,14,52,84,20,170,38,104,142,312
07/26/2019,CHO,VA,AEA,EN,Federal Contract Tower,16,62,27,2,107,0,5,84,4,93,16,67,111,6,200,68,0,68,268
07/27/2019,CHO,VA,AEA,EN,Federal Contract Tower,15,55,45,0,115,0,7,85,0,92,15,62,130,0,207,106,0,106,313
07/28/2019,CHO,VA,AEA,EN,Federal Contract Tower,19,70,47,0,136,0,6,94,0,100,19,76,141,0,236,116,0,116,352
07/29/2019,CHO,VA,AEA,EN,Federal Contract Tower,20,45,60,12,137,0,12,60,5,77,20,57,120,17,214,104,82,186,400
07/30/2019,CHO,VA,AEA,EN,Federal Contract Tower,18,53,58,20,149,0,13,67,14,94,18,66,125,34,243,72,46,118,361
08/01/2019,CHO,VA,AEA,EN,Federal Contract Tower,7,56,29,1,93,0,0,50,0,50,7,56,79,1,143,60,6,66,209
08/02/2019,CHO,VA,AEA,EN,Federal Contract Tower,13,48,22,0,83,0,3,62,2,67,13,51,84,2,150,42,0,42,192
08/03/2019,CHO,VA,AEA,EN,Federal Contract Tower,20,46,40,0,106,0,4,49,0,53,20,50,89,0,159,66,0,66,225
08/04/2019,CHO,VA,AEA,EN,Federal Contract Tower,17,62,38,0,117,0,6,71,0,77,17,68,109,0,194,114,0,114,308
08/05/2019,CHO,VA,AEA,EN,Federal Contract Tower,19,55,57,17,148,0,14,69,10,93,19,69,126,27,241,68,198,266,507
08/06/2019,CHO,VA,AEA,EN,Federal Contract Tower,17,47,61,12,137,0,20,58,10,88,17,67,119,22,225,58,42,100,325
08/07/2019,CHO,VA,AEA,EN,Federal Contract Tower,20,75,35,1,131,0,6,66,0,72,20,81,101,1,203,98,12,110,313
08/08/2019,CHO,VA,AEA,EN,Federal Contract Tower,10,56,32,0,98,0,2,67,2,71,10,58,99,2,169,112,24,136,305
08/09/2019,CHO,VA,AEA,EN,Federal Contract Tower,14,57,44,8,123,0,13,63,8,84,14,70,107,16,207,87,54,141,348
08/10/2019,CHO,VA,AEA,EN,Federal Contract Tower,14,50,29,0,93,0,7,74,0,81,14,57,103,0,174,138,0,138,312
08/11/2019,CHO,VA,AEA,EN,Federal Contract Tower,16,60,34,0,110,0,6,61,0,67,16,66,95,0,177,98,0,98,275
08/12/2019,CHO,VA,AEA,EN,Federal Contract Tower,21,58,46,0,125,0,9,68,5,82,21,67,114,5,207,80,4,84,291
08/13/2019,CHO,VA,AEA,EN,Federal Contract Tower,22,50,35,5,112,0,6,35,0,41,22,56,70,5,153,46,22,68,221
08/14/2019,CHO,VA,AEA,EN,Federal Contract Tower,17,57,40,4,118,0,4,71,8,83,17,61,111,12,201,124,46,170,371
08/15/2019,CHO,VA,AEA,EN,Federal Contract Tower,19,47,23,12,101,0,6,28,0,34,19,53,51,12,135,4,6,10,145
08/16/2019,CHO,VA,AEA,EN,Federal Contract Tower,13,39,31,8,91,0,10,62,4,76,13,49,93,12,167,90,32,122,289
08/17/2019,CHO,VA,AEA,EN,Federal Contract Tower,16,61,23,2,102,0,5,69,0,74,16,66,92,2,176,84,14,98,274
08/18/2019,CHO,VA,AEA,EN,Federal Contract Tower,15,62,40,0,117,0,6,62,0,68,15,68,102,0,185,76,0,76,261
08/19/2019,CHO,VA,AEA,EN,Federal Contract Tower,24,52,40,5,121,0,6,38,0,44,24,58,78,5,165,48,0,48,213
08/20/2019,CHO,VA,AEA,EN,Federal Contract Tower,19,43,37,12,111,0,12,51,6,69,19,55,88,18,180,14,4,18,198
08/21/2019,CHO,VA,AEA,EN,Federal Contract Tower,17,50,38,8,113,0,10,68,6,84,17,60,106,14,197,118,50,168,365
08/22/2019,CHO,VA,AEA,EN,Federal Contract Tower,11,53,33,9,106,0,15,31,10,56,11,68,64,19,162,84,38,122,284
08/23/2019,CHO,VA,AEA,EN,Federal Contract Tower,15,47,42,8,112,0,9,29,4,42,15,56,71,12,154,36,24,60,214
08/24/2019,CHO,VA,AEA,EN,Federal Contract Tower,13,61,30,0,104,0,0,78,1,79,13,61,108,1,183,72,0,72,255
08/25/2019,CHO,VA,AEA,EN,Federal Contract Tower,18,74,67,0,159,0,19,84,0,103,18,93,151,0,262,64,0,64,326
08/26/2019,CHO,VA,AEA,EN,Federal Contract Tower,25,63,74,2,164,0,5,44,8,57,25,68,118,10,221,22,0,22,243
08/27/2019,CHO,VA,AEA,EN,Federal Contract Tower,22,64,41,11,138,0,4,46,0,50,22,68,87,11,188,38,8,46,234
08/28/2019,CHO,VA,AEA,EN,Federal Contract Tower,24,64,34,5,127,0,6,46,0,52,24,70,80,5,179,100,8,108,287
08/29/2019,CHO,VA,AEA,EN,Federal Contract Tower,16,46,34,8,104,0,10,63,6,79,16,56,97,14,183,100,40,140,323
08/30/2019,CHO,VA,AEA,EN,Federal Contract Tower,19,44,48,11,122,0,13,71,6,90,19,57,119,17,212,92,32,124,336
08/31/2019,CHO,VA,AEA,EN,Federal Contract Tower,15,51,42,0,108,0,4,63,0,67,15,55,105,0,175,86,0,86,261
09/01/2019,CHO,VA,AEA,EN,Federal Contract Tower,12,53,52,0,117,0,8,31,0,39,12,61,83,0,156,66,0,66,222
09/02/2019,CHO,VA,AEA,EN,Federal Contract Tower,19,50,41,0,110,0,6,43,0,49,19,56,84,0,159,48,0,48,207
09/03/2019,CHO,VA,AEA,EN,Federal Contract Tower,18,47,36,11,112,0,12,67,7,86,18,59,103,18,198,92,50,142,340
09/04/2019,CHO,VA,AEA,EN,Federal Contract Tower,17,53,35,12,117,0,17,55,6,78,17,70,90,18,195,110,42,152,347
09/05/2019,CHO,VA,AEA,EN,Federal Contract Tower,10,51,40,8,109,0,17,63,11,91,10,68,103,19,200,114,42,156,356
09/06/2019,CHO,VA,AEA,EN,Federal Contract Tower,25,40,45,8,118,0,17,47,4,68,25,57,92,12,186,74,38,112,298
09/07/2019,CHO,VA,AEA,EN,Federal Contract Tower,17,59,45,0,121,0,8,84,0,92,17,67,129,0,213,102,6,108,321
09/08/2019,CHO,VA,AEA,EN,Federal Contract Tower,18,59,45,0,122,0,7,64,0,71,18,66,109,0,193,58,0,58,251
09/09/2019,CHO,VA,AEA,EN,Federal Contract Tower,22,61,54,2,139,0,6,42,0,48,22,67,96,2,187,94,0,94,281
09/10/2019,CHO,VA,AEA,EN,Federal Contract Tower,19,52,43,2,116,0,4,45,0,49,19,56,88,2,165,58,0,58,223
09/11/2019,CHO,VA,AEA,EN,Federal Contract Tower,17,65,56,60,198,0,4,56,2,62,17,69,112,62,260,150,58,208,468
09/12/2019,CHO,VA,AEA,EN,Federal Contract Tower,11,60,33,0,104,0,6,57,0,63,11,66,90,0,167,148,0,148,315
09/13/2019,CHO,VA,AEA,EN,Federal Contract Tower,13,57,53,8,131,0,2,3,0,5,13,59,56,8,136,8,0,8,144
09/14/2019,CHO,VA,AEA,EN,Federal Contract Tower,17,60,41,0,118,0,6,21,0,27,17,66,62,0,145,6,0,6,151
09/15/2019,CHO,VA,AEA,EN,Federal Contract Tower,18,75,51,2,146,0,8,58,0,66,18,83,109,2,212,150,0,150,362
09/16/2019,CHO,VA,AEA,EN,Federal Contract Tower,20,62,57,4,143,0,6,53,1,60,20,68,110,5,203,96,18,114,317
09/17/2019,CHO,VA,AEA,EN,Federal Contract Tower,26,62,34,4,126,0,5,14,2,21,26,67,48,6,147,20,4,24,171
09/18/2019,CHO,VA,AEA,EN,Federal Contract Tower,22,74,49,4,149,0,6,55,1,62,22,80,104,5,211,114,0,114,325
09/19/2019,CHO,VA,AEA,EN,Federal Contract Tower,14,49,36,10,109,0,14,69,8,91,14,63,105,18,200,124,46,170,370
09/20/2019,CHO,VA,AEA,EN,Federal Contract Tower,20,51,44,12,127,0,25,72,4,101,20,76,116,16,228,98,42,140,368
09/21/2019,CHO,VA,AEA,EN,Federal Contract Tower,17,53,43,0,113,0,6,76,0,82,17,59,119,0,195,88,0,88,283
09/22/2019,CHO,VA,AEA,EN,Federal Contract Tower,26,58,52,0,136,0,4,74,0,78,26,62,126,0,214,88,0,88,302
09/23/2019,CHO,VA,AEA,EN,Federal Contract Tower,24,59,38,0,121,0,8,71,7,86,24,67,109,7,207,96,4,100,307
09/24/2019,CHO,VA,AEA,EN,Federal Contract Tower,20,53,44,10,127,0,13,62,10,85,20,66,106,20,212,90,40,130,342
09/25/2019,CHO,VA,AEA,EN,Federal Contract Tower,17,49,43,8,117,0,13,50,0,63,17,62,93,8,180,78,40,118,298
09/26/2019,CHO,VA,AEA,EN,Federal Contract Tower,14,60,52,9,135,0,13,58,5,76,14,73,110,14,211,70,50,120,331
09/27/2019,CHO,VA,AEA,EN,Federal Contract Tower,18,50,48,5,121,0,19,74,6,99,18,69,122,11,220,78,26,104,324
09/28/2019,CHO,VA,AEA,EN,Federal Contract Tower,15,58,48,0,121,0,4,64,0,68,15,62,112,0,189,106,0,106,295
09/29/2019,CHO,VA,AEA,EN,Federal Contract Tower,22,77,43,0,142,1,12,71,0,84,23,89,114,0,226,74,0,74,300
09/30/2019,CHO,VA,AEA,EN,Federal Contract Tower,20,55,33,2,110,0,5,3,0,8,20,60,36,2,118,0,0,0,118
10/01/2019,CHO,VA,AEA,EN,Federal Contract Tower,23,58,49,5,135,0,6,447,0,453,23,64,496,5,588,94,0,94,682
10/02/2019,CHO,VA,AEA,EN,Federal Contract Tower,20,68,41,5,134,0,4,53,0,57,20,72,94,5,191,76,58,134,325
10/03/2019,CHO,VA,AEA,EN,Federal Contract Tower,20,63,38,4,125,0,2,57,8,67,20,65,95,12,192,32,8,40,232
10/04/2019,CHO,VA,AEA,EN,Federal Contract Tower,25,71,46,8,150,0,5,102,4,111,25,76,148,12,261,134,14,148,409
10/05/2019,CHO,VA,AEA,EN,Federal Contract Tower,13,63,48,0,124,0,5,65,0,70,13,68,113,0,194,82,0,82,276
10/06/2019,CHO,VA,AEA,EN,Federal Contract Tower,18,64,51,0,133,0,0,11,0,11,18,64,62,0,144,56,0,56,200
10/07/2019,CHO,VA,AEA,EN,Federal Contract Tower,26,60,52,6,144,0,6,44,0,50,26,66,96,6,194,54,54,108,302
10/08/2019,CHO,VA,AEA,EN,Federal Contract Tower,22,61,20,3,106,0,6,53,12,71,22,67,73,15,177,56,0,56,233
10/09/2019,CHO,VA,AEA,EN,Federal Contract Tower,16,55,38,10,119,0,10,65,8,83,16,65,103,18,202,92,84,176,378
10/10/2019,CHO,VA,AEA,EN,Federal Contract Tower,18,67,36,7,128,0,2,74,2,78,18,69,110,9,206,72,80,152,358
10/11/2019,CHO,VA,AEA,EN,Federal Contract Tower,25,71,64,9,169,0,10,62,4,76,25,81,126,13,245,124,46,170,415
10/12/2019,CHO,VA,AEA,EN,Federal Contract Tower,13,60,28,0,101,0,5,56,0,61,13,65,84,0,162,84,0,84,246
10/13/2019,CHO,VA,AEA,EN,Federal Contract Tower,11,58,32,0,101,0,6,44,0,50,11,64,76,0,151,42,0,42,193
10/14/2019,CHO,VA,AEA,EN,Federal Contract Tower,12,62,28,0,102,0,7,43,0,50,12,69,71,0,152,72,0,72,224
10/15/2019,CHO,VA,AEA,EN,Federal Contract Tower,14,53,42,6,115,0,17,76,4,97,14,70,118,10,212,74,36,110,322
10/16/2019,CHO,VA,AEA,EN,Federal Contract Tower,21,45,42,8,116,0,16,47,9,72,21,61,89,17,188,78,38,116,304
10/17/2019,CHO,VA,AEA,EN,Federal Contract Tower,17,50,35,8,110,0,10,34,0,44,17,60,69,8,154,22,22,44,198
10/18/2019,CHO,VA,AEA,EN,Federal Contract Tower,22,71,93,9,195,0,21,57,9,87,22,92,150,18,282,72,46,118,400
10/19/2019,CHO,VA,AEA,EN,Federal Contract Tower,15,99,69,0,183,0,17,0,0,17,15,116,69,0,200,102,0,102,302
10/20/2019,CHO,VA,AEA,EN,Federal Contract Tower,20,107,63,0,190,0,0,2,0,2,20,107,65,0,192,0,0,0,192
10/21/2019,CHO,VA,AEA,EN,Federal Contract Tower,19,56,51,16,142,0,18,68,8,94,19,74,119,24,236,110,100,210,446
10/22/2019,CHO,VA,AEA,EN,Federal Contract Tower,20,59,46,10,135,0,11,33,6,50,20,70,79,16,185,36,52,88,273
10/23/2019,CHO,VA,AEA,EN,Federal Contract Tower,18,61,37,7,123,0,9,73,10,92,18,70,110,17,215,76,50,126,341
10/24/2019,CHO,VA,AEA,EN,Federal Contract Tower,14,59,50,8,131,0,14,81,7,102,14,73,131,15,233,130,52,182,415
10/25/2019,CHO,VA,AEA,EN,Federal Contract Tower,17,65,52,6,140,0,8,73,0,81,17,73,125,6,221,104,12,116,337
10/26/2019,CHO,VA,AEA,EN,Federal Contract Tower,21,63,38,0,122,0,0,58,0,58,21,63,96,0,180,100,0,100,280
10/27/2019,CHO,VA,AEA,EN,Federal Contract Tower,15,78,29,0,122,0,4,41,0,45,15,82,70,0,167,70,0,70,237
10/28/2019,CHO,VA,AEA,EN,Federal Contract Tower,12,75,50,8,145,0,17,91,10,118,12,92,141,18,263,140,34,174,437
10/29/2019,CHO,VA,AEA,EN,Federal Contract Tower,13,65,45,6,129,0,12,44,6,62,13,77,89,12,191,38,36,74,265
10/30/2019,CHO,VA,AEA,EN,Federal Contract Tower,21,52,56,6,135,0,8,34,4,46,21,60,90,10,181,30,32,62,243
10/31/2019,CHO,VA,AEA,EN,Federal Contract Tower,12,68,32,0,112,0,0,0,0,0,12,68,32,0,112,0,0,0,112
11/01/2019,CHO,VA,AEA,EN,Federal Contract Tower,19,49,44,9,121,0,11,50,0,61,19,60,94,9,182,20,20,40,222
11/02/2019,CHO,VA,AEA,EN,Federal Contract Tower,22,42,29,3,96,0,5,32,3,40,22,47,61,6,136,38,0,38,174
11/03/2019,CHO,VA,AEA,EN,Federal Contract Tower,15,55,35,0,105,0,0,49,0,49,15,55,84,0,154,56,0,56,210
11/04/2019,CHO,VA,AEA,EN,Federal Contract Tower,16,58,30,2,106,0,3,47,0,50,16,61,77,2,156,116,0,116,272
11/05/2019,CHO,VA,AEA,EN,Federal Contract Tower,15,59,41,8,123,0,15,57,4,76,15,74,98,12,199,88,58,146,345
11/06/2019,CHO,VA,AEA,EN,Federal Contract Tower,17,66,37,8,128,0,12,81,12,105,17,78,118,20,233,72,48,120,353
11/07/2019,CHO,VA,AEA,EN,Federal Contract Tower,14,55,36,10,115,0,15,64,8,87,14,70,100,18,202,90,52,142,344
11/08/2019,CHO,VA,AEA,EN,Federal Contract Tower,22,61,56,6,145,2,15,45,7,69,24,76,101,13,214,60,48,108,322
11/09/2019,CHO,VA,AEA,EN,Federal Contract Tower,23,89,50,2,164,0,12,80,0,92,23,101,130,2,256,166,0,166,422
11/10/2019,CHO,VA,AEA,EN,Federal Contract Tower,17,85,75,0,177,0,8,85,0,93,17,93,160,0,270,114,0,114,384
11/11/2019,CHO,VA,AEA,EN,Federal Contract Tower,14,65,46,6,131,0,15,53,0,68,14,80,99,6,199,100,30,130,329
11/12/2019,CHO,VA,AEA,EN,Federal Contract Tower,13,58,39,12,122,0,9,35,0,44,13,67,74,12,166,52,0,52,218
11/13/2019,CHO,VA,AEA,EN,Federal Contract Tower,15,55,30,2,102,0,2,54,0,56,15,57,84,2,158,48,0,48,206
11/14/2019,CHO,VA,AEA,EN,Federal Contract Tower,16,49,39,7,111,0,15,49,8,72,16,64,88,15,183,70,36,106,289
11/15/2019,CHO,VA,AEA,EN,Federal Contract Tower,16,73,62,4,155,0,16,57,6,79,16,89,119,10,234,86,34,120,354
11/16/2019,CHO,VA,AEA,EN,Federal Contract Tower,16,77,45,0,138,0,6,59,0,65,16,83,104,0,203,50,0,50,253
11/17/2019,CHO,VA,AEA,EN,Federal Contract Tower,8,70,37,0,115,0,1,23,0,24,8,71,60,0,139,26,0,26,165
11/18/2019,CHO,VA,AEA,EN,Federal Contract Tower,16,68,38,4,126,0,6,41,0,47,16,74,79,4,173,64,12,76,249
11/19/2019,CHO,VA,AEA,EN,Federal Contract Tower,14,58,36,4,112,0,14,58,4,76,14,72,94,8,188,60,26,86,274
11/20/2019,CHO,VA,AEA,EN,Federal Contract Tower,14,67,40,2,123,0,6,56,0,62,14,73,96,2,185,96,18,114,299
11/21/2019,CHO,VA,AEA,EN,Federal Contract Tower,19,52,38,6,115,0,12,43,8,63,19,64,81,14,178,66,44,110,288
11/22/2019,CHO,VA,AEA,EN,Federal Contract Tower,19,49,51,9,128,0,22,67,10,99,19,71,118,19,227,88,32,120,347
11/23/2019,CHO,VA,AEA,EN,Federal Contract Tower,17,67,33,0,117,0,4,39,0,43,17,71,72,0,160,0,0,0,160
11/24/2019,CHO,VA,AEA,EN,Federal Contract Tower,16,68,51,0,135,0,9,46,0,55,16,77,97,0,190,106,0,106,296
11/25/2019,CHO,VA,AEA,EN,Federal Contract Tower,17,64,53,6,140,0,10,55,6,71,17,74,108,12,211,104,32,136,347
11/26/2019,CHO,VA,AEA,EN,Federal Contract Tower,21,125,72,2,220,0,28,107,2,137,21,153,179,4,357,168,22,190,547
11/27/2019,CHO,VA,AEA,EN,Federal Contract Tower,19,53,76,0,148,0,8,36,0,44,19,61,112,0,192,26,0,26,218
11/28/2019,CHO,VA,AEA,EN,Federal Contract Tower,11,42,39,0,92,0,14,28,0,42,11,56,67,0,134,0,0,0,134
11/29/2019,CHO,VA,AEA,EN,Federal Contract Tower,17,104,52,0,173,0,12,61,0,73,17,116,113,0,246,90,0,90,336
11/30/2019,CHO,VA,AEA,EN,Federal Contract Tower,16,80,50,0,146,0,4,31,0,35,16,84,81,0,181,38,0,38,219
12/01/2019,CHO,VA,AEA,EN,Federal Contract Tower,17,98,61,0,176,0,0,0,0,0,17,98,61,0,176,0,0,0,176
12/02/2019,CHO,VA,AEA,EN,Federal Contract Tower,17,71,24,0,112,0,6,34,0,40,17,77,58,0,152,56,12,68,220
12/03/2019,CHO,VA,AEA,EN,Federal Contract Tower,13,61,51,8,133,0,16,53,7,76,13,77,104,15,209,76,62,138,347
12/04/2019,CHO,VA,AEA,EN,Federal Contract Tower,20,65,30,4,119,0,7,54,0,61,20,72,84,4,180,74,0,74,254
12/05/2019,CHO,VA,AEA,EN,Federal Contract Tower,11,49,6,0,66,0,1,37,6,44,11,50,43,6,110,38,0,38,148
12/06/2019,CHO,VA,AEA,EN,Federal Contract Tower,14,47,31,3,95,0,12,42,2,56,14,59,73,5,151,72,30,102,253
12/07/2019,CHO,VA,AEA,EN,Federal Contract Tower,21,80,31,0,132,0,4,59,0,63,21,84,90,0,195,114,0,114,309
12/08/2019,CHO,VA,AEA,EN,Federal Contract Tower,21,89,59,0,169,0,8,58,0,66,21,97,117,0,235,66,0,66,301
12/09/2019,CHO,VA,AEA,EN,Federal Contract Tower,15,73,47,0,135,0,0,0,0,0,15,73,47,0,135,0,0,0,135
12/10/2019,CHO,VA,AEA,EN,Federal Contract Tower,17,55,39,4,115,0,6,27,0,33,17,61,66,4,148,36,0,36,184
12/11/2019,CHO,VA,AEA,EN,Federal Contract Tower,17,58,41,5,121,0,8,69,4,81,17,66,110,9,202,74,30,104,306
12/12/2019,CHO,VA,AEA,EN,Federal Contract Tower,15,55,35,3,108,0,5,36,0,41,15,60,71,3,149,72,4,76,225
12/13/2019,CHO,VA,AEA,EN,Federal Contract Tower,14,46,22,0,82,0,0,0,0,0,14,46,22,0,82,0,0,0,82
12/14/2019,CHO,VA,AEA,EN,Federal Contract Tower,18,89,39,0,146,0,4,32,0,36,18,93,71,0,182,58,0,58,240
12/15/2019,CHO,VA,AEA,EN,Federal Contract Tower,15,73,49,0,137,0,4,57,0,61,15,77,106,0,198,94,0,94,292
12/16/2019,CHO,VA,AEA,EN,Federal Contract Tower,17,59,32,2,110,0,0,0,0,0,17,59,32,2,110,0,0,0,110
12/17/2019,CHO,VA,AEA,EN,Federal Contract Tower,14,57,44,8,123,0,4,0,0,4,14,61,44,8,127,0,0,0,127
12/18/2019,CHO,VA,AEA,EN,Federal Contract Tower,17,50,45,7,119,0,12,63,6,81,17,62,108,13,200,64,38,102,302
12/19/2019,CHO,VA,AEA,EN,Federal Contract Tower,13,65,31,5,114,0,10,52,2,64,13,75,83,7,178,48,44,92,270
12/20/2019,CHO,VA,AEA,EN,Federal Contract Tower,21,47,51,6,125,0,9,56,3,68,21,56,107,9,193,66,58,124,317
12/21/2019,CHO,VA,AEA,EN,Federal Contract Tower,21,79,50,0,150,0,0,60,0,60,21,79,110,0,210,82,0,82,292
12/22/2019,CHO,VA,AEA,EN,Federal Contract Tower,18,80,46,0,144,0,7,68,0,75,18,87,114,0,219,70,0,70,289
12/23/2019,CHO,VA,AEA,EN,Federal Contract Tower,15,57,43,6,121,0,13,50,6,69,15,70,93,12,190,88,48,136,326
12/24/2019,CHO,VA,AEA,EN,Federal Contract Tower,17,66,39,0,122,0,10,59,0,69,17,76,98,0,191,86,0,86,277
12/25/2019,CHO,VA,AEA,EN,Federal Contract Tower,4,40,32,0,76,0,9,27,0,36,4,49,59,0,112,0,0,0,112
12/26/2019,CHO,VA,AEA,EN,Federal Contract Tower,19,74,59,2,154,0,6,68,0,74,19,80,127,2,228,86,0,86,314
12/27/2019,CHO,VA,AEA,EN,Federal Contract Tower,12,53,25,3,93,0,8,33,0,41,12,61,58,3,134,56,10,66,200
12/28/2019,CHO,VA,AEA,EN,Federal Contract Tower,20,66,44,0,130,0,5,86,0,91,20,71,130,0,221,98,0,98,319
12/29/2019,CHO,VA,AEA,EN,Federal Contract Tower,16,73,37,0,126,0,0,0,0,0,16,73,37,0,126,0,0,0,126
12/30/2019,CHO,VA,AEA,EN,Federal Contract Tower,18,66,42,2,128,0,6,39,0,45,18,72,81,2,173,68,14,82,255
12/31/2019,CHO,VA,AEA,EN,Federal Contract Tower,19,61,51,6,137,0,12,58,2,72,19,73,109,8,209,48,44,92,301
01/01/2020,CHO,VA,AEA,EN,Federal Contract Tower,9,63,55,0,127,0,10,70,0,80,9,73,125,0,207,82,0,82,289
01/02/2020,CHO,VA,AEA,EN,Federal Contract Tower,15,47,39,0,101,0,8,41,0,49,15,55,80,0,150,64,0,64,214
01/03/2020,CHO,VA,AEA,EN,Federal Contract Tower,19,47,44,0,110,0,3,17,0,20,19,50,61,0,130,26,0,26,156
01/04/2020,CHO,VA,AEA,EN,Federal Contract Tower,19,75,48,0,142,0,6,42,0,48,19,81,90,0,190,76,0,76,266
01/05/2020,CHO,VA,AEA,EN,Federal Contract Tower,16,67,43,2,128,0,8,59,0,67,16,75,102,2,195,146,0,146,341
01/06/2020,CHO,VA,AEA,EN,Federal Contract Tower,17,65,37,2,121,0,11,55,0,66,17,76,92,2,187,88,0,88,275
01/07/2020,CHO,VA,AEA,EN,Federal Contract Tower,15,57,32,0,104,0,2,2,0,4,15,59,34,0,108,18,0,18,126
01/08/2020,CHO,VA,AEA,EN,Federal Contract Tower,20,69,34,2,125,0,4,49,0,53,20,73,83,2,178,50,18,68,246
01/09/2020,CHO,VA,AEA,EN,Federal Contract Tower,20,73,51,7,151,0,3,57,2,62,20,76,108,9,213,80,64,144,357
01/10/2020,CHO,VA,AEA,EN,Federal Contract Tower,17,53,55,8,133,0,11,51,8,70,17,64,106,16,203,60,62,122,325
01/11/2020,CHO,VA,AEA,EN,Federal Contract Tower,18,68,31,0,117,0,4,0,0,4,18,72,31,0,121,0,0,0,121
01/12/2020,CHO,VA,AEA,EN,Federal Contract Tower,17,65,48,0,130,0,6,64,0,70,17,71,112,0,200,252,0,252,452
01/13/2020,CHO,VA,AEA,EN,Federal Contract Tower,21,76,40,4,141,0,10,84,0,94,21,86,124,4,235,156,170,326,561
01/14/2020,CHO,VA,AEA,EN,Federal Contract Tower,13,36,37,0,86,0,0,0,0,0,13,36,37,0,86,0,0,0,86
01/15/2020,CHO,VA,AEA,EN,Federal Contract Tower,18,57,45,16,136,0,6,77,0,83,18,63,122,16,219,134,184,318,537
01/16/2020,CHO,VA,AEA,EN,Federal Contract Tower,14,58,50,6,128,0,8,53,0,61,14,66,103,6,189,56,48,104,293
01/17/2020,CHO,VA,AEA,EN,Federal Contract Tower,19,45,44,6,114,0,11,65,0,76,19,56,109,6,190,76,30,106,296
01/18/2020,CHO,VA,AEA,EN,Federal Contract Tower,15,61,34,0,110,0,4,20,0,24,15,65,54,0,134,0,28,28,162
01/19/2020,CHO,VA,AEA,EN,Federal Contract Tower,12,53,35,0,100,0,11,59,0,70,12,64,94,0,170,64,0,64,234
01/20/2020,CHO,VA,AEA,EN,Federal Contract Tower,20,65,39,0,124,0,15,71,0,86,20,80,110,0,210,158,0,158,368
01/21/2020,CHO,VA,AEA,EN,Federal Contract Tower,13,68,35,7,123,0,6,65,5,76,13,74,100,12,199,92,0,92,291
01/22/2020,CHO,VA,AEA,EN,Federal Contract Tower,11,73,43,6,133,0,7,74,0,81,11,80,117,6,214,108,52,160,374
01/23/2020,CHO,VA,AEA,EN,Federal Contract Tower,13,68,37,10,128,0,7,60,8,75,13,75,97,18,203,112,56,168,371
01/24/2020,CHO,VA,AEA,EN,Federal Contract Tower,18,65,57,8,148,0,14,48,6,68,18,79,105,14,216,68,70,138,354
01/25/2020,CHO,VA,AEA,EN,Federal Contract Tower,15,64,38,0,117,0,7,38,0,45,15,71,76,0,162,66,0,66,228
01/26/2020,CHO,VA,AEA,EN,Federal Contract Tower,21,69,59,2,151,0,12,72,0,84,21,81,131,2,235,158,0,158,393
01/27/2020,CHO,VA,AEA,EN,Federal Contract Tower,18,67,40,4,129,0,6,46,0,52,18,73,86,4,181,142,6,148,329
01/28/2020,CHO,VA,AEA,EN,Federal Contract Tower,14,78,53,5,150,0,8,74,8,90,14,86,127,13,240,78,58,136,376
01/29/2020,CHO,VA,AEA,EN,Federal Contract Tower,11,61,47,9,128,0,12,58,8,78,11,73,105,17,206,54,68,122,328
01/30/2020,CHO,VA,AEA,EN,Federal Contract Tower,13,52,37,8,110,0,11,52,6,69,13,63,89,14,179,78,76,154,333
01/31/2020,CHO,VA,AEA,EN,Federal Contract Tower,18,46,53,6,123,0,18,39,5,62,18,64,92,11,185,50,38,88,273
02/01/2020,CHO,VA,AEA,EN,Federal Contract Tower,13,55,37,0,105,0,7,41,0,48,13,62,78,0,153,68,0,68,221
02/02/2020,CHO,VA,AEA,EN,Federal Contract Tower,12,59,36,0,107,0,5,48,0,53,12,64,84,0,160,84,0,84,244
02/03/2020,CHO,VA,AEA,EN,Federal Contract Tower,16,45,56,8,125,0,9,55,6,70,16,54,111,14,195,82,48,130,325
02/04/2020,CHO,VA,AEA,EN,Federal Contract Tower,16,57,61,7,141,0,17,69,4,90,16,74,130,11,231,124,38,162,393
02/05/2020,CHO,VA,AEA,EN,Federal Contract Tower,8,69,33,4,114,0,6,34,0,40,8,75,67,4,154,46,0,46,200
02/06/2020,CHO,VA,AEA,EN,Federal Contract Tower,9,56,55,0,120,0,0,0,0,0,9,56,55,0,120,0,0,0,120
02/07/2020,CHO,VA,AEA,EN,Federal Contract Tower,20,47,70,9,146,0,4,4,0,8,20,51,74,9,154,6,0,6,160
02/08/2020,CHO,VA,AEA,EN,Federal Contract Tower,16,77,48,0,141,0,9,62,2,73,16,86,110,2,214,178,0,178,392
02/09/2020,CHO,VA,AEA,EN,Federal Contract Tower,15,75,60,2,152,0,11,74,0,85,15,86,134,2,237,164,0,164,401
02/10/2020,CHO,VA,AEA,EN,Federal Contract Tower,17,62,44,7,130,0,13,46,3,62,17,75,90,10,192,32,50,82,274
02/11/2020,CHO,VA,AEA,EN,Federal Contract Tower,11,59,49,7,126,0,13,31,6,50,11,72,80,13,176,30,44,74,250
02/12/2020,CHO,VA,AEA,EN,Federal Contract Tower,13,74,32,2,121,0,4,50,0,54,13,78,82,2,175,66,18,84,259
02/13/2020,CHO,VA,AEA,EN,Federal Contract Tower,11,54,49,11,125,0,0,12,2,14,11,54,61,13,139,12,48,60,199
02/14/2020,CHO,VA,AEA,EN,Federal Contract Tower,18,47,51,7,123,0,14,91,5,110,18,61,142,12,233,116,40,156,389
02/15/2020,CHO,VA,AEA,EN,Federal Contract Tower,12,58,35,0,105,0,16,59,0,75,12,74,94,0,180,104,0,104,284
02/16/2020,CHO,VA,AEA,EN,Federal Contract Tower,16,64,43,2,125,0,10,72,0,82,16,74,115,2,207,122,0,122,329
02/17/2020,CHO,VA,AEA,EN,Federal Contract Tower,17,73,59,0,149,0,15,110,0,125,17,88,169,0,274,194,0,194,468
02/18/2020,CHO,VA,AEA,EN,Federal Contract Tower,23,71,33,2,129,0,6,70,0,76,23,77,103,2,205,166,0,166,371
02/19/2020,CHO,VA,AEA,EN,Federal Contract Tower,11,49,55,15,130,0,27,88,8,123,11,76,143,23,253,112,86,198,451
02/20/2020,CHO,VA,AEA,EN,Federal Contract Tower,15,64,44,13,136,0,9,74,4,87,15,73,118,17,223,113,38,151,374
02/21/2020,CHO,VA,AEA,EN,Federal Contract Tower,16,52,59,10,137,0,22,84,8,114,16,74,143,18,251,118,62,180,431
02/22/2020,CHO,VA,AEA,EN,Federal Contract Tower,12,68,40,1,121,0,6,93,0,99,12,74,133,1,220,154,0,154,374
02/23/2020,CHO,VA,AEA,EN,Federal Contract Tower,13,78,40,1,132,0,13,100,0,113,13,91,140,1,245,116,0,116,361
02/24/2020,CHO,VA,AEA,EN,Federal Contract Tower,13,64,46,11,134,0,11,75,8,94,13,75,121,19,228,96,40,136,364
02/25/2020,CHO,VA,AEA,EN,Federal Contract Tower,9,73,31,0,113,0,1,3,0,4,9,74,34,0,117,0,0,0,117
02/26/2020,CHO,VA,AEA,EN,Federal Contract Tower,11,65,49,6,131,0,0,0,0,0,11,65,49,6,131,0,0,0,131
02/27/2020,CHO,VA,AEA,EN,Federal Contract Tower,13,63,42,8,126,0,10,36,4,50,13,73,78,12,176,50,46,96,272
02/28/2020,CHO,VA,AEA,EN,Federal Contract Tower,17,56,59,6,138,0,19,46,4,69,17,75,105,10,207,65,24,89,296
02/29/2020,CHO,VA,AEA,EN,Federal Contract Tower,16,100,68,0,184,0,8,78,0,86,16,108,146,0,270,54,18,72,342
03/01/2020,CHO,VA,AEA,EN,Federal Contract Tower,16,89,59,0,164,0,6,98,0,104,16,95,157,0,268,146,0,146,414
03/02/2020,CHO,VA,AEA,EN,Federal Contract Tower,13,58,42,2,115,0,6,37,2,45,13,64,79,4,160,80,14,94,254
03/03/2020,CHO,VA,AEA,EN,Federal Contract Tower,15,62,44,11,132,0,22,61,10,93,15,84,105,21,225,82,126,208,433
03/04/2020,CHO,VA,AEA,EN,Federal Contract Tower,12,77,55,7,151,0,23,74,5,102,12,100,129,12,253,108,74,182,435
03/05/2020,CHO,VA,AEA,EN,Federal Contract Tower,12,74,40,8,134,0,14,68,0,82,12,88,108,8,216,114,62,176,392
03/06/2020,CHO,VA,AEA,EN,Federal Contract Tower,20,55,52,8,135,0,16,57,7,80,20,71,109,15,215,62,56,118,333
03/07/2020,CHO,VA,AEA,EN,Federal Contract Tower,12,72,46,2,132,0,11,54,0,65,12,83,100,2,197,140,0,140,337
03/08/2020,CHO,VA,AEA,EN,Federal Contract Tower,14,72,50,0,136,0,6,81,0,87,14,78,131,0,223,200,0,200,423
03/09/2020,CHO,VA,AEA,EN,Federal Contract Tower,11,60,41,7,119,0,12,60,2,74,11,72,101,9,193,148,48,196,389
03/10/2020,CHO,VA,AEA,EN,Federal Contract Tower,11,71,30,2,114,0,7,48,3,58,11,78,78,5,172,86,12,98,270
03/11/2020,CHO,VA,AEA,EN,Federal Contract Tower,11,59,51,6,127,0,17,73,8,98,11,76,124,14,225,152,46,198,423
03/12/2020,CHO,VA,AEA,EN,Federal Contract Tower,15,69,42,8,134,0,18,59,10,87,15,87,101,18,221,84,60,144,365
03/13/2020,CHO,VA,AEA,EN,Federal Contract Tower,18,56,56,10,140,0,6,46,2,54,18,62,102,12,194,64,22,86,280
03/14/2020,CHO,VA,AEA,EN,Federal Contract Tower,11,63,35,0,109,0,16,70,0,86,11,79,105,0,195,182,0,182,377
03/15/2020,CHO,VA,AEA,EN,Federal Contract Tower,14,64,25,0,103,0,2,2,0,4,14,66,27,0,107,0,0,0,107
03/16/2020,CHO,VA,AEA,EN,Federal Contract Tower,12,52,62,6,132,0,13,68,5,86,12,65,130,11,218,110,46,156,374
03/17/2020,CHO,VA,AEA,EN,Federal Contract Tower,11,59,42,9,121,0,26,66,7,99,11,85,108,16,220,106,38,144,364
03/18/2020,CHO,VA,AEA,EN,Federal Contract Tower,12,68,51,4,135,0,11,81,1,93,12,79,132,5,228,168,32,200,428
03/19/2020,CHO,VA,AEA,EN,Federal Contract Tower,8,49,37,3,97,0,12,61,7,80,8,61,98,10,177,126,54,180,357
03/21/2020,CHO,VA,AEA,EN,Federal Contract Tower,5,49,25,0,79,0,6,51,0,57,5,55,76,0,136,138,0,138,274
03/22/2020,CHO,VA,AEA,EN,Federal Contract Tower,7,60,39,0,106,0,4,50,0,54,7,64,89,0,160,124,0,124,284
03/23/2020,CHO,VA,AEA,EN,Federal Contract Tower,7,61,58,4,130,0,0,0,0,0,7,61,58,4,130,0,0,0,130
03/24/2020,CHO,VA,AEA,EN,Federal Contract Tower,9,48,47,12,116,0,10,58,0,68,9,58,105,12,184,130,46,176,360
03/25/2020,CHO,VA,AEA,EN,Federal Contract Tower,12,63,51,6,132,0,4,0,0,4,12,67,51,6,136,0,0,0,136
03/26/2020,CHO,VA,AEA,EN,Federal Contract Tower,5,57,59,4,125,0,15,56,0,71,5,72,115,4,196,76,30,106,302
03/27/2020,CHO,VA,AEA,EN,Federal Contract Tower,8,51,55,0,114,0,14,50,0,64,8,65,105,0,178,126,0,126,304
03/28/2020,CHO,VA,AEA,EN,Federal Contract Tower,8,45,19,0,72,0,0,0,0,0,8,45,19,0,72,70,0,70,142
03/29/2020,CHO,VA,AEA,EN,Federal Contract Tower,7,39,16,0,62,0,8,13,0,21,7,47,29,0,83,22,0,22,105
03/30/2020,CHO,VA,AEA,EN,Federal Contract Tower,8,41,23,2,74,0,7,36,0,43,8,48,59,2,117,96,0,96,213
03/31/2020,CHO,VA,AEA,EN,Federal Contract Tower,5,38,12,0,55,0,9,43,0,52,5,47,55,0,107,140,0,140,247
04/01/2020,CHO,VA,AEA,EN,Federal Contract Tower,6,30,24,0,60,0,8,25,0,33,6,38,49,0,93,42,0,42,135
04/02/2020,CHO,VA,AEA,EN,Federal Contract Tower,9,27,19,0,55,0,4,26,0,30,9,31,45,0,85,0,0,0,85
04/03/2020,CHO,VA,AEA,EN,Federal Contract Tower,10,25,19,0,54,0,10,24,0,34,10,35,43,0,88,26,0,26,114
04/04/2020,CHO,VA,AEA,EN,Federal Contract Tower,5,30,22,0,57,0,5,44,0,49,5,35,66,0,106,82,0,82,188
04/05/2020,CHO,VA,AEA,EN,Federal Contract Tower,4,28,20,0,52,0,4,69,0,73,4,32,89,0,125,136,0,136,261
04/06/2020,CHO,VA,AEA,EN,Federal Contract Tower,7,27,20,2,56,0,6,46,2,54,7,33,66,4,110,54,0,54,164
04/07/2020,CHO,VA,AEA,EN,Federal Contract Tower,3,31,15,0,49,0,5,52,0,57,3,36,67,0,106,150,0,150,256
04/08/2020,CHO,VA,AEA,EN,Federal Contract Tower,4,31,12,1,48,0,0,28,0,28,4,31,40,1,76,40,10,50,126
04/09/2020,CHO,VA,AEA,EN,Federal Contract Tower,3,9,0,2,14,0,0,0,1,1,3,9,0,3,15,0,0,0,15
04/10/2020,CHO,VA,AEA,EN,Federal Contract Tower,6,16,3,2,27,0,2,0,0,2,6,18,3,2,29,0,8,8,37
04/11/2020,CHO,VA,AEA,EN,Federal Contract Tower,5,22,11,0,38,0,4,34,0,38,5,26,45,0,76,96,0,96,172
04/12/2020,CHO,VA,AEA,EN,Federal Contract Tower,4,21,7,0,32,0,4,34,0,38,4,25,41,0,70,58,0,58,128
04/13/2020,CHO,VA,AEA,EN,Federal Contract Tower,5,18,2,0,25,0,4,4,0,8,5,22,6,0,33,8,0,8,41
04/14/2020,CHO,VA,AEA,EN,Federal Contract Tower,1,17,7,0,25,0,6,37,1,44,1,23,44,1,69,48,0,48,117
04/15/2020,CHO,VA,AEA,EN,Federal Contract Tower,4,26,27,1,58,0,4,42,5,51,4,30,69,6,109,54,36,90,199
04/16/2020,CHO,VA,AEA,EN,Federal Contract Tower,6,15,15,1,37,0,12,34,0,46,6,27,49,1,83,42,2,44,127
04/17/2020,CHO,VA,AEA,EN,Federal Contract Tower,7,15,14,7,43,0,9,27,5,41,7,24,41,12,84,114,36,150,234
04/18/2020,CHO,VA,AEA,EN,Federal Contract Tower,4,14,8,0,26,0,7,29,0,36,4,21,37,0,62,74,0,74,136
04/19/2020,CHO,VA,AEA,EN,Federal Contract Tower,5,21,12,2,40,0,4,57,0,61,5,25,69,2,101,130,12,142,243
04/20/2020,CHO,VA,AEA,EN,Federal Contract Tower,5,5,25,22,57,0,14,26,0,40,5,19,51,22,97,76,112,188,285
04/21/2020,CHO,VA,AEA,EN,Federal Contract Tower,3,9,29,0,41,0,15,51,6,72,3,24,80,6,113,64,66,130,243
04/22/2020,CHO,VA,AEA,EN,Federal Contract Tower,4,16,32,8,60,0,11,54,5,70,4,27,86,13,130,60,92,152,282
04/23/2020,CHO,VA,AEA,EN,Federal Contract Tower,10,22,23,8,63,0,12,33,6,51,10,34,56,14,114,42,62,104,218
04/24/2020,CHO,VA,AEA,EN,Federal Contract Tower,5,11,20,0,36,0,0,0,0,0,5,11,20,0,36,0,0,0,36
04/25/2020,CHO,VA,AEA,EN,Federal Contract Tower,4,9,15,0,28,0,8,31,0,39,4,17,46,0,67,120,0,120,187
04/26/2020,CHO,VA,AEA,EN,Federal Contract Tower,6,15,12,0,33,0,0,18,0,18,6,15,30,0,51,66,0,66,117
04/27/2020,CHO,VA,AEA,EN,Federal Contract Tower,7,13,7,0,27,0,4,37,2,43,7,17,44,2,70,84,6,90,160
04/28/2020,CHO,VA,AEA,EN,Federal Contract Tower,4,20,22,10,56,0,4,50,0,54,4,24,72,10,110,152,0,152,262
04/29/2020,CHO,VA,AEA,EN,Federal Contract Tower,3,9,20,6,38,0,6,38,6,50,3,15,58,12,88,54,34,88,176
04/30/2020,CHO,VA,AEA,EN,Federal Contract Tower,3,8,17,0,28,0,0,4,0,4,3,8,21,0,32,20,0,20,52
05/01/2020,CHO,VA,AEA,EN,Federal Contract Tower,5,13,25,7,50,0,9,43,0,52,5,22,68,7,102,54,44,98,200
05/02/2020,CHO,VA,AEA,EN,Federal Contract Tower,1,7,11,0,19,0,8,83,0,91,1,15,94,0,110,136,0,136,246
05/03/2020,CHO,VA,AEA,EN,Federal Contract Tower,2,9,14,0,25,0,16,39,0,55,2,25,53,0,80,136,0,136,216
05/04/2020,CHO,VA,AEA,EN,Federal Contract Tower,1,15,18,12,46,0,7,59,9,75,1,22,77,21,121,78,46,124,245
05/05/2020,CHO,VA,AEA,EN,Federal Contract Tower,3,9,8,0,20,0,0,3,0,3,3,9,11,0,23,56,0,56,79
05/06/2020,CHO,VA,AEA,EN,Federal Contract Tower,0,13,9,6,28,0,0,16,0,16,0,13,25,6,44,44,68,112,156
05/07/2020,CHO,VA,AEA,EN,Federal Contract Tower,3,5,19,4,31,0,5,43,0,48,3,10,62,4,79,90,0,90,169
05/08/2020,CHO,VA,AEA,EN,Federal Contract Tower,2,11,7,0,20,0,9,24,0,33,2,20,31,0,53,56,0,56,109
05/09/2020,CHO,VA,AEA,EN,Federal Contract Tower,1,7,4,0,12,0,6,35,4,45,1,13,39,4,57,76,20,96,153
05/10/2020,CHO,VA,AEA,EN,Federal Contract Tower,3,12,19,0,34,0,9,46,0,55,3,21,65,0,89,66,0,66,155
05/11/2020,CHO,VA,AEA,EN,Federal Contract Tower,4,15,7,0,26,0,5,11,0,16,4,20,18,0,42,62,0,62,104
05/12/2020,CHO,VA,AEA,EN,Federal Contract Tower,1,10,16,4,31,0,2,43,0,45,1,12,59,4,76,66,46,112,188
05/13/2020,CHO,VA,AEA,EN,Federal Contract Tower,1,12,20,12,45,0,8,73,0,81,1,20,93,12,126,136,80,216,342
05/14/2020,CHO,VA,AEA,EN,Federal Contract Tower,2,12,18,2,34,0,4,57,0,61,2,16,75,2,95,126,0,126,221
05/15/2020,CHO,VA,AEA,EN,Federal Contract Tower,1,15,35,6,57,0,9,52,10,71,1,24,87,16,128,108,84,192,320
05/16/2020,CHO,VA,AEA,EN,Federal Contract Tower,3,8,11,0,22,0,6,65,0,71,3,14,76,0,93,110,0,110,203
05/17/2020,CHO,VA,AEA,EN,Federal Contract Tower,3,12,37,0,52,0,3,21,0,24,3,15,58,0,76,48,0,48,124
05/18/2020,CHO,VA,AEA,EN,Federal Contract Tower,4,10,23,4,41,0,9,31,0,40,4,19,54,4,81,86,20,106,187
05/19/2020,CHO,VA,AEA,EN,Federal Contract Tower,2,22,20,8,52,0,5,29,0,34,2,27,49,8,86,54,0,54,140
05/20/2020,CHO,VA,AEA,EN,Federal Contract Tower,2,11,19,8,40,0,11,35,0,46,2,22,54,8,86,54,14,68,154
05/21/2020,CHO,VA,AEA,EN,Federal Contract Tower,3,23,27,2,55,0,4,30,0,34,3,27,57,2,89,66,0,66,155
05/22/2020,CHO,VA,AEA,EN,Federal Contract Tower,0,9,29,4,42,0,9,13,0,22,0,18,42,4,64,72,0,72,136
05/23/2020,CHO,VA,AEA,EN,Federal Contract Tower,2,7,31,0,40,0,8,58,0,66,2,15,89,0,106,126,0,126,232
05/24/2020,CHO,VA,AEA,EN,Federal Contract Tower,4,9,16,0,29,0,7,31,0,38,4,16,47,0,67,40,0,40,107
05/25/2020,CHO,VA,AEA,EN,Federal Contract Tower,3,14,21,0,38,0,4,41,0,45,3,18,62,0,83,102,0,102,185
05/26/2020,CHO,VA,AEA,EN,Federal Contract Tower,3,25,26,4,58,0,2,51,2,55,3,27,77,6,113,122,40,162,275
05/27/2020,CHO,VA,AEA,EN,Federal Contract Tower,1,17,27,6,51,0,6,54,0,60,1,23,81,6,111,78,30,108,219
05/28/2020,CHO,VA,AEA,EN,Federal Contract Tower,5,11,31,9,56,0,5,45,0,50,5,16,76,9,106,64,2,66,172
05/29/2020,CHO,VA,AEA,EN,Federal Contract Tower,2,12,35,7,56,0,6,41,4,51,2,18,76,11,107,54,18,72,179
05/30/2020,CHO,VA,AEA,EN,Federal Contract Tower,3,17,37,0,57,0,4,44,0,48,3,21,81,0,105,174,0,174,279
05/31/2020,CHO,VA,AEA,EN,Federal Contract Tower,5,22,42,0,69,0,7,75,0,82,5,29,117,0,151,148,0,148,299
06/01/2020,CHO,VA,AEA,EN,Federal Contract Tower,3,12,48,12,75,0,15,51,9,75,3,27,99,21,150,164,160,324,474
06/02/2020,CHO,VA,AEA,EN,Federal Contract Tower,3,33,30,4,70,0,4,77,0,81,3,37,107,4,151,126,54,180,331
06/03/2020,CHO,VA,AEA,EN,Federal Contract Tower,2,31,31,16,80,0,9,66,4,79,2,40,97,20,159,110,92,202,361
06/04/2020,CHO,VA,AEA,EN,Federal Contract Tower,5,29,29,12,75,0,8,41,4,53,5,37,70,16,128,36,66,102,230
06/05/2020,CHO,VA,AEA,EN,Federal Contract Tower,2,26,34,10,72,0,19,37,4,60,2,45,71,14,132,50,70,120,252
06/06/2020,CHO,VA,AEA,EN,Federal Contract Tower,2,23,30,4,59,0,6,55,1,62,2,29,85,5,121,138,6,144,265
06/07/2020,CHO,VA,AEA,EN,Federal Contract Tower,3,29,42,0,74,0,11,76,0,87,3,40,118,0,161,170,0,170,331
06/08/2020,CHO,VA,AEA,EN,Federal Contract Tower,3,28,38,10,79,0,12,61,4,77,3,40,99,14,156,116,52,168,324
06/09/2020,CHO,VA,AEA,EN,Federal Contract Tower,2,21,35,10,68,0,15,46,12,73,2,36,81,22,141,80,68,148,289
06/10/2020,CHO,VA,AEA,EN,Federal Contract Tower,1,35,37,8,81,0,7,53,10,70,1,42,90,18,151,58,82,140,291
06/11/2020,CHO,VA,AEA,EN,Federal Contract Tower,3,31,34,8,76,0,7,47,4,58,3,38,81,12,134,74,82,156,290
06/12/2020,CHO,VA,AEA,EN,Federal Contract Tower,2,22,35,8,67,0,8,46,4,58,2,30,81,12,125,72,38,110,235
06/13/2020,CHO,VA,AEA,EN,Federal Contract Tower,3,27,38,0,68,0,5,73,0,78,3,32,111,0,146,142,0,142,288
06/14/2020,CHO,VA,AEA,EN,Federal Contract Tower,6,35,33,2,76,0,9,82,0,91,6,44,115,2,167,168,12,180,347
06/15/2020,CHO,VA,AEA,EN,Federal Contract Tower,6,44,55,2,107,0,10,78,0,88,6,54,133,2,195,150,54,204,399
06/16/2020,CHO,VA,AEA,EN,Federal Contract Tower,1,35,36,8,80,0,7,56,10,73,1,42,92,18,153,58,82,140,293
06/17/2020,CHO,VA,AEA,EN,Federal Contract Tower,2,31,27,8,68,0,7,40,0,47,2,38,67,8,115,66,44,110,225
06/18/2020,CHO,VA,AEA,EN,Federal Contract Tower,3,20,8,1,32,0,0,13,0,13,3,20,21,1,45,18,0,18,63
06/19/2020,CHO,VA,AEA,EN,Federal Contract Tower,3,26,54,0,83,0,4,34,0,38,3,30,88,0,121,56,0,56,177
06/20/2020,CHO,VA,AEA,EN,Federal Contract Tower,4,30,31,0,65,0,6,30,0,36,4,36,61,0,101,70,0,70,171
06/21/2020,CHO,VA,AEA,EN,Federal Contract Tower,3,33,41,0,77,0,7,61,0,68,3,40,102,0,145,106,0,106,251
06/22/2020,CHO,VA,AEA,EN,Federal Contract Tower,5,34,38,4,81,0,11,57,0,68,5,45,95,4,149,66,36,102,251
06/23/2020,CHO,VA,AEA,EN,Federal Contract Tower,5,42,43,0,90,0,6,60,8,74,5,48,103,8,164,96,56,152,316
06/24/2020,CHO,VA,AEA,EN,Federal Contract Tower,4,41,35,6,86,0,9,83,4,96,4,50,118,10,182,140,68,208,390
06/25/2020,CHO,VA,AEA,EN,Federal Contract Tower,5,28,40,10,83,0,11,65,0,76,5,39,105,10,159,108,50,158,317
06/26/2020,CHO,VA,AEA,EN,Federal Contract Tower,5,30,44,4,83,0,29,67,4,100,5,59,111,8,183,136,54,190,373
06/27/2020,CHO,VA,AEA,EN,Federal Contract Tower,3,40,25,0,68,0,5,74,0,79,3,45,99,0,147,130,0,130,277
06/28/2020,CHO,VA,AEA,EN,Federal Contract Tower,5,28,25,1,59,0,5,58,0,63,5,33,83,1,122,68,0,68,190
06/29/2020,CHO,VA,AEA,EN,Federal Contract Tower,6,37,46,6,95,0,22,58,6,86,6,59,104,12,181,112,36,148,329
06/30/2020,CHO,VA,AEA,EN,Federal Contract Tower,3,41,30,5,79,0,5,69,1,75,3,46,99,6,154,150,0,150,304
07/01/2020,CHO,VA,AEA,EN,Federal Contract Tower,4,65,33,4,106,0,8,59,0,67,4,73,92,4,173,88,32,120,293
07/02/2020,CHO,VA,AEA,EN,Federal Contract Tower,5,43,37,6,91,0,12,68,2,82,5,55,105,8,173,224,28,252,425
07/03/2020,CHO,VA,AEA,EN,Federal Contract Tower,4,25,35,4,68,0,14,65,0,79,4,39,100,4,147,124,20,144,291
07/04/2020,CHO,VA,AEA,EN,Federal Contract Tower,6,36,26,0,68,0,12,72,0,84,6,48,98,0,152,112,0,112,264
07/05/2020,CHO,VA,AEA,EN,Federal Contract Tower,4,46,31,0,81,0,8,41,0,49,4,54,72,0,130,84,0,84,214
07/06/2020,CHO,VA,AEA,EN,Federal Contract Tower,6,67,52,0,125,0,11,93,0,104,6,78,145,0,229,118,0,118,347
07/07/2020,CHO,VA,AEA,EN,Federal Contract Tower,5,47,46,9,107,0,13,69,9,91,5,60,115,18,198,132,44,176,374
07/08/2020,CHO,VA,AEA,EN,Federal Contract Tower,6,44,47,6,103,0,24,60,8,92,6,68,107,14,195,82,48,130,325
07/09/2020,CHO,VA,AEA,EN,Federal Contract Tower,9,42,41,12,104,0,14,50,12,76,9,56,91,24,180,64,46,110,290
07/10/2020,CHO,VA,AEA,EN,Federal Contract Tower,10,45,36,8,99,0,20,52,5,77,10,65,88,13,176,86,46,132,308
07/11/2020,CHO,VA,AEA,EN,Federal Contract Tower,4,48,35,0,87,0,22,33,0,55,4,70,68,0,142,140,0,140,282
07/12/2020,CHO,VA,AEA,EN,Federal Contract Tower,7,49,37,2,95,1,7,46,0,54,8,56,83,2,149,98,0,98,247
07/13/2020,CHO,VA,AEA,EN,Federal Contract Tower,7,49,31,4,91,0,7,65,0,72,7,56,96,4,163,148,6,154,317
07/14/2020,CHO,VA,AEA,EN,Federal Contract Tower,4,54,41,4,103,0,6,77,0,83,4,60,118,4,186,170,0,170,356
07/15/2020,CHO,VA,AEA,EN,Federal Contract Tower,5,60,38,4,107,0,7,88,0,95,5,67,126,4,202,138,22,160,362
07/16/2020,CHO,VA,AEA,EN,Federal Contract Tower,4,43,25,2,74,0,6,73,2,81,4,49,98,4,155,170,36,206,361
07/17/2020,CHO,VA,AEA,EN,Federal Contract Tower,8,48,56,7,119,0,18,91,4,113,8,66,147,11,232,92,70,162,394
07/19/2020,CHO,VA,AEA,EN,Federal Contract Tower,7,48,36,0,91,0,7,77,0,84,7,55,113,0,175,154,0,154,329
07/20/2020,CHO,VA,AEA,EN,Federal Contract Tower,6,46,52,2,106,0,12,70,0,82,6,58,122,2,188,142,0,142,330
07/21/2020,CHO,VA,AEA,EN,Federal Contract Tower,5,33,39,8,85,0,15,59,0,74,5,48,98,8,159,60,60,120,279
07/22/2020,CHO,VA,AEA,EN,Federal Contract Tower,4,40,37,4,85,0,10,41,6,57,4,50,78,10,142,50,38,88,230
07/23/2020,CHO,VA,AEA,EN,Federal Contract Tower,5,43,23,2,73,0,4,43,0,47,5,47,66,2,120,92,34,126,246
07/24/2020,CHO,VA,AEA,EN,Federal Contract Tower,7,42,35,8,92,0,11,42,6,59,7,53,77,14,151,78,44,122,273
07/25/2020,CHO,VA,AEA,EN,Federal Contract Tower,4,49,46,0,99,0,11,80,0,91,4,60,126,0,190,180,0,180,370
07/26/2020,CHO,VA,AEA,EN,Federal Contract Tower,4,43,42,0,89,0,6,80,0,86,4,49,122,0,175,160,0,160,335
07/27/2020,CHO,VA,AEA,EN,Federal Contract Tower,6,49,50,8,113,0,15,87,6,108,6,64,137,14,221,180,38,218,439
07/28/2020,CHO,VA,AEA,EN,Federal Contract Tower,3,44,32,6,85,0,6,49,0,55,3,50,81,6,140,138,14,152,292
07/29/2020,CHO,VA,AEA,EN,Federal Contract Tower,2,40,51,10,103,0,10,61,6,77,2,50,112,16,180,104,40,144,324
07/30/2020,CHO,VA,AEA,EN,Federal Contract Tower,6,37,46,7,96,0,9,48,4,61,6,46,94,11,157,90,48,138,295
07/31/2020,CHO,VA,AEA,EN,Federal Contract Tower,7,47,51,0,105,0,7,11,0,18,7,54,62,0,123,28,0,28,151
08/01/2020,CHO,VA,AEA,EN,Federal Contract Tower,7,50,41,0,98,0,13,49,2,64,7,63,90,2,162,98,0,98,260
08/02/2020,CHO,VA,AEA,EN,Federal Contract Tower,7,52,33,0,92,0,6,46,4,56,7,58,79,4,148,52,0,52,200
08/03/2020,CHO,VA,AEA,EN,Federal Contract Tower,8,35,46,6,95,0,7,36,0,43,8,42,82,6,138,42,28,70,208
08/04/2020,CHO,VA,AEA,EN,Federal Contract Tower,5,43,19,2,69,0,2,51,0,53,5,45,70,2,122,106,12,118,240
08/05/2020,CHO,VA,AEA,EN,Federal Contract Tower,2,45,32,4,83,0,6,86,4,96,2,51,118,8,179,158,24,182,361
08/06/2020,CHO,VA,AEA,EN,Federal Contract Tower,1,38,35,0,74,0,6,22,0,28,1,44,57,0,102,40,0,40,142
08/07/2020,CHO,VA,AEA,EN,Federal Contract Tower,3,26,34,0,63,0,0,17,1,18,3,26,51,1,81,62,0,62,143
08/08/2020,CHO,VA,AEA,EN,Federal Contract Tower,5,53,31,6,95,0,8,43,0,51,5,61,74,6,146,116,0,116,262
08/09/2020,CHO,VA,AEA,EN,Federal Contract Tower,7,47,35,0,89,0,12,74,0,86,7,59,109,0,175,194,0,194,369
08/10/2020,CHO,VA,AEA,EN,Federal Contract Tower,6,47,39,5,97,0,6,84,2,92,6,53,123,7,189,154,32,186,375
08/11/2020,CHO,VA,AEA,EN,Federal Contract Tower,3,47,25,8,83,0,6,82,0,88,3,53,107,8,171,134,72,206,377
08/12/2020,CHO,VA,AEA,EN,Federal Contract Tower,1,31,41,11,84,0,13,55,6,74,1,44,96,17,158,74,72,146,304
08/13/2020,CHO,VA,AEA,EN,Federal Contract Tower,3,36,32,3,74,0,0,0,0,0,3,36,32,3,74,0,0,0,74
08/14/2020,CHO,VA,AEA,EN,Federal Contract Tower,5,34,35,0,74,0,1,8,0,9,5,35,43,0,83,42,0,42,125
08/15/2020,CHO,VA,AEA,EN,Federal Contract Tower,5,42,30,0,77,0,7,22,0,29,5,49,52,0,106,18,0,18,124
08/16/2020,CHO,VA,AEA,EN,Federal Contract Tower,8,52,35,0,95,0,7,50,0,57,8,59,85,0,152,78,0,78,230
08/17/2020,CHO,VA,AEA,EN,Federal Contract Tower,6,59,60,4,129,0,17,100,4,121,6,76,160,8,250,130,0,130,380
08/18/2020,CHO,VA,AEA,EN,Federal Contract Tower,5,48,36,14,103,0,12,69,14,95,5,60,105,28,198,174,58,232,430
08/19/2020,CHO,VA,AEA,EN,Federal Contract Tower,4,51,33,7,95,0,5,61,0,66,4,56,94,7,161,118,44,162,323
08/20/2020,CHO,VA,AEA,EN,Federal Contract Tower,7,37,32,10,86,0,15,69,8,92,7,52,101,18,178,88,40,128,306
08/21/2020,CHO,VA,AEA,EN,Federal Contract Tower,8,57,44,8,117,0,8,46,4,58,8,65,90,12,175,54,22,76,251
08/22/2020,CHO,VA,AEA,EN,Federal Contract Tower,7,51,48,2,108,0,7,35,0,42,7,58,83,2,150,60,46,106,256
08/23/2020,CHO,VA,AEA,EN,Federal Contract Tower,8,53,51,0,112,0,10,81,0,91,8,63,132,0,203,166,0,166,369
08/24/2020,CHO,VA,AEA,EN,Federal Contract Tower,7,47,44,10,108,0,6,68,2,76,7,53,112,12,184,144,38,182,366
08/25/2020,CHO,VA,AEA,EN,Federal Contract Tower,6,38,35,6,85,0,13,61,4,78,6,51,96,10,163,70,36,106,269
08/26/2020,CHO,VA,AEA,EN,Federal Contract Tower,8,41,59,8,116,0,21,79,6,106,8,62,138,14,222,136,38,174,396
08/27/2020,CHO,VA,AEA,EN,Federal Contract Tower,6,41,41,8,96,0,12,50,6,68,6,53,91,14,164,50,46,96,260
08/28/2020,CHO,VA,AEA,EN,Federal Contract Tower,6,33,45,6,90,0,16,49,4,69,6,49,94,10,159,74,26,100,259
08/29/2020,CHO,VA,AEA,EN,Federal Contract Tower,5,45,40,0,90,0,0,22,0,22,5,45,62,0,112,56,0,56,168
08/30/2020,CHO,VA,AEA,EN,Federal Contract Tower,7,63,49,0,119,0,3,106,0,109,7,66,155,0,228,140,0,140,368
08/31/2020,CHO,VA,AEA,EN,Federal Contract Tower,6,49,23,2,80,0,4,0,0,4,6,53,23,2,84,0,0,0,84
09/01/2020,CHO,VA,AEA,EN,Federal Contract Tower,4,43,30,2,79,0,0,0,0,0,4,43,30,2,79,0,0,0,79
09/02/2020,CHO,VA,AEA,EN,Federal Contract Tower,4,50,32,6,92,0,4,45,0,49,4,54,77,6,141,78,26,104,245
09/03/2020,CHO,VA,AEA,EN,Federal Contract Tower,5,42,30,6,83,0,11,62,6,79,5,53,92,12,162,130,6,136,298
09/04/2020,CHO,VA,AEA,EN,Federal Contract Tower,6,49,47,4,106,0,30,66,6,102,6,79,113,10,208,128,20,148,356
09/05/2020,CHO,VA,AEA,EN,Federal Contract Tower,6,61,42,0,109,0,8,93,0,101,6,69,135,0,210,146,0,146,356
09/06/2020,CHO,VA,AEA,EN,Federal Contract Tower,8,70,24,0,102,0,12,102,0,114,8,82,126,0,216,134,0,134,350
09/07/2020,CHO,VA,AEA,EN,Federal Contract Tower,6,39,43,0,88,0,10,67,0,77,6,49,110,0,165,115,0,115,280
09/08/2020,CHO,VA,AEA,EN,Federal Contract Tower,3,42,40,6,91,0,11,58,5,74,3,53,98,11,165,104,16,120,285
09/09/2020,CHO,VA,AEA,EN,Federal Contract Tower,4,49,56,6,115,0,13,51,6,70,4,62,107,12,185,80,28,108,293
09/10/2020,CHO,VA,AEA,EN,Federal Contract Tower,4,40,35,4,83,0,7,27,3,37,4,47,62,7,120,70,8,78,198
09/11/2020,CHO,VA,AEA,EN,Federal Contract Tower,5,42,41,6,94,0,13,57,4,74,5,55,98,10,168,82,20,102,270
09/12/2020,CHO,VA,AEA,EN,Federal Contract Tower,5,54,50,0,109,0,6,20,0,26,5,60,70,0,135,40,0,40,175
09/13/2020,CHO,VA,AEA,EN,Federal Contract Tower,6,55,47,0,108,0,10,70,2,82,6,65,117,2,190,142,0,142,332
09/14/2020,CHO,VA,AEA,EN,Federal Contract Tower,6,57,69,2,134,0,17,83,2,102,6,74,152,4,236,132,72,204,440
09/15/2020,CHO,VA,AEA,EN,Federal Contract Tower,4,42,36,6,88,0,18,60,6,84,4,60,96,12,172,66,30,96,268
09/16/2020,CHO,VA,AEA,EN,Federal Contract Tower,5,55,43,6,109,0,5,74,6,85,5,60,117,12,194,104,40,144,338
09/17/2020,CHO,VA,AEA,EN,Federal Contract Tower,3,43,42,8,96,0,8,24,0,32,3,51,66,8,128,36,34,70,198
09/18/2020,CHO,VA,AEA,EN,Federal Contract Tower,6,41,49,6,102,0,9,29,1,39,6,50,78,7,141,73,66,139,280
09/19/2020,CHO,VA,AEA,EN,Federal Contract Tower,5,65,44,0,114,0,9,68,0,77,5,74,112,0,191,126,0,126,317
09/20/2020,CHO,VA,AEA,EN,Federal Contract Tower,6,64,42,0,112,0,11,94,0,105,6,75,136,0,217,198,0,198,415
09/21/2020,CHO,VA,AEA,EN,Federal Contract Tower,6,51,43,6,106,0,10,64,6,80,6,61,107,12,186,100,32,132,318
09/22/2020,CHO,VA,AEA,EN,Federal Contract Tower,4,38,48,8,98,0,10,65,0,75,4,48,113,8,173,144,30,174,347
09/23/2020,CHO,VA,AEA,EN,Federal Contract Tower,4,94,44,6,148,0,9,72,0,81,4,103,116,6,229,122,54,176,405
09/24/2020,CHO,VA,AEA,EN,Federal Contract Tower,4,41,36,0,81,0,11,41,4,56,4,52,77,4,137,74,4,78,215
09/25/2020,CHO,VA,AEA,EN,Federal Contract Tower,6,46,44,6,102,0,6,34,6,46,6,52,78,12,148,38,28,66,214
09/26/2020,CHO,VA,AEA,EN,Federal Contract Tower,5,58,32,0,95,0,14,26,0,40,5,72,58,0,135,40,0,40,175
09/27/2020,CHO,VA,AEA,EN,Federal Contract Tower,6,54,40,0,100,0,4,38,0,42,6,58,78,0,142,84,0,84,226
09/28/2020,CHO,VA,AEA,EN,Federal Contract Tower,5,54,35,2,96,0,4,40,0,44,5,58,75,2,140,66,0,66,206
09/29/2020,CHO,VA,AEA,EN,Federal Contract Tower,4,55,30,2,91,0,4,3,2,9,4,59,33,4,100,0,0,0,100
09/30/2020,CHO,VA,AEA,EN,Federal Contract Tower,3,54,43,6,106,0,12,74,8,94,3,66,117,14,200,100,40,140,340
10/01/2020,CHO,VA,AEA,EN,Federal Contract Tower,5,39,41,14,99,0,15,59,1,75,5,54,100,15,174,96,56,152,326
10/02/2020,CHO,VA,AEA,EN,Federal Contract Tower,6,34,32,4,76,0,9,42,2,53,6,43,74,6,129,64,14,78,207
10/03/2020,CHO,VA,AEA,EN,Federal Contract Tower,6,45,31,2,84,0,6,79,3,88,6,51,110,5,172,120,32,152,324
10/04/2020,CHO,VA,AEA,EN,Federal Contract Tower,5,47,36,2,90,0,6,56,0,62,5,53,92,2,152,100,0,100,252
10/05/2020,CHO,VA,AEA,EN,Federal Contract Tower,8,54,41,2,105,0,7,67,2,76,8,61,108,4,181,120,24,144,325
10/06/2020,CHO,VA,AEA,EN,Federal Contract Tower,4,52,32,5,93,0,2,79,2,83,4,54,111,7,176,128,38,166,342
10/07/2020,CHO,VA,AEA,EN,Federal Contract Tower,4,41,51,4,100,0,9,49,8,66,4,50,100,12,166,54,14,68,234
10/08/2020,CHO,VA,AEA,EN,Federal Contract Tower,6,43,40,8,97,0,8,65,4,77,6,51,105,12,174,110,30,140,314
10/09/2020,CHO,VA,AEA,EN,Federal Contract Tower,9,46,45,4,104,0,13,55,0,68,9,59,100,4,172,96,26,122,294
10/10/2020,CHO,VA,AEA,EN,Federal Contract Tower,5,55,32,0,92,0,4,124,0,128,5,59,156,0,220,98,0,98,318
10/11/2020,CHO,VA,AEA,EN,Federal Contract Tower,9,63,46,0,118,0,0,0,0,0,9,63,46,0,118,0,0,0,118
10/12/2020,CHO,VA,AEA,EN,Federal Contract Tower,9,61,42,2,114,0,0,2,0,2,9,61,44,2,116,0,0,0,116
10/13/2020,CHO,VA,AEA,EN,Federal Contract Tower,8,59,35,6,108,0,7,66,0,73,8,66,101,6,181,150,18,168,349
10/14/2020,CHO,VA,AEA,EN,Federal Contract Tower,6,46,50,6,108,0,14,74,6,94,6,60,124,12,202,108,44,152,354
10/15/2020,CHO,VA,AEA,EN,Federal Contract Tower,5,35,30,8,78,0,12,58,8,78,5,47,88,16,156,42,58,100,256
10/17/2020,CHO,VA,AEA,EN,Federal Contract Tower,6,63,49,0,118,0,6,111,0,117,6,69,160,0,235,234,0,234,469
10/18/2020,CHO,VA,AEA,EN,Federal Contract Tower,10,55,45,10,120,0,9,80,0,89,10,64,125,10,209,166,40,206,415
10/19/2020,CHO,VA,AEA,EN,Federal Contract Tower,7,56,37,4,104,0,6,75,0,81,7,62,112,4,185,96,70,166,351
10/20/2020,CHO,VA,AEA,EN,Federal Contract Tower,7,58,35,4,104,0,3,71,0,74,7,61,106,4,178,138,118,256,434
10/21/2020,CHO,VA,AEA,EN,Federal Contract Tower,6,50,50,12,118,0,14,62,4,80,6,64,112,16,198,110,54,164,362
10/22/2020,CHO,VA,AEA,EN,Federal Contract Tower,10,44,51,10,115,0,12,71,4,87,10,56,122,14,202,106,54,160,362
10/23/2020,CHO,VA,AEA,EN,Federal Contract Tower,8,46,44,8,106,0,11,64,6,81,8,57,108,14,187,132,36,168,355
10/24/2020,CHO,VA,AEA,EN,Federal Contract Tower,6,43,27,0,76,0,4,61,0,65,6,47,88,0,141,138,0,138,279
10/25/2020,CHO,VA,AEA,EN,Federal Contract Tower,9,45,44,0,98,0,0,0,0,0,9,45,44,0,98,0,0,0,98
10/26/2020,CHO,VA,AEA,EN,Federal Contract Tower,8,50,38,4,100,0,2,41,0,43,8,52,79,4,143,78,0,78,221
10/27/2020,CHO,VA,AEA,EN,Federal Contract Tower,8,63,42,4,117,0,4,5,0,9,8,67,47,4,126,0,0,0,126
10/28/2020,CHO,VA,AEA,EN,Federal Contract Tower,6,43,43,6,98,0,7,66,4,77,6,50,109,10,175,140,32,172,347
10/29/2020,CHO,VA,AEA,EN,Federal Contract Tower,7,36,35,0,78,0,0,3,0,3,7,36,38,0,81,12,0,12,93
10/30/2020,CHO,VA,AEA,EN,Federal Contract Tower,8,37,52,11,108,0,18,51,6,75,8,55,103,17,183,108,44,152,335
10/31/2020,CHO,VA,AEA,EN,Federal Contract Tower,7,59,42,0,108,0,9,76,0,85,7,68,118,0,193,166,0,166,359
11/01/2020,CHO,VA,AEA,EN,Federal Contract Tower,7,42,25,0,74,0,0,0,0,0,7,42,25,0,74,0,0,0,74
11/02/2020,CHO,VA,AEA,EN,Federal Contract Tower,6,61,51,3,121,0,17,74,0,91,6,78,125,3,212,160,0,160,372
11/03/2020,CHO,VA,AEA,EN,Federal Contract Tower,8,43,54,8,113,0,20,49,4,73,8,63,103,12,186,78,40,118,304
11/04/2020,CHO,VA,AEA,EN,Federal Contract Tower,7,47,61,10,125,0,17,62,15,94,7,64,123,25,219,92,66,158,377
11/05/2020,CHO,VA,AEA,EN,Federal Contract Tower,6,43,28,0,77,0,2,74,0,76,6,45,102,0,153,206,0,206,359
11/06/2020,CHO,VA,AEA,EN,Federal Contract Tower,9,51,65,8,133,0,23,63,8,94,9,74,128,16,227,90,56,146,373
11/07/2020,CHO,VA,AEA,EN,Federal Contract Tower,8,51,29,4,92,0,8,93,2,103,8,59,122,6,195,170,14,184,379
11/08/2020,CHO,VA,AEA,EN,Federal Contract Tower,7,54,39,0,100,0,11,79,0,90,7,65,118,0,190,214,0,214,404
11/09/2020,CHO,VA,AEA,EN,Federal Contract Tower,6,57,55,0,118,0,10,88,0,98,6,67,143,0,216,142,0,142,358
11/10/2020,CHO,VA,AEA,EN,Federal Contract Tower,7,50,59,2,118,0,15,77,0,92,7,65,136,2,210,218,0,218,428
11/11/2020,CHO,VA,AEA,EN,Federal Contract Tower,6,46,45,6,103,0,0,0,0,0,6,46,45,6,103,0,0,0,103
11/12/2020,CHO,VA,AEA,EN,Federal Contract Tower,7,49,50,8,114,0,0,2,0,2,7,49,52,8,116,0,0,0,116
11/13/2020,CHO,VA,AEA,EN,Federal Contract Tower,8,41,48,6,103,0,13,64,6,83,8,54,112,12,186,150,68,218,404
11/14/2020,CHO,VA,AEA,EN,Federal Contract Tower,9,50,20,2,81,0,4,83,0,87,9,54,103,2,168,232,0,232,400
11/15/2020,CHO,VA,AEA,EN,Federal Contract Tower,7,53,27,0,87,0,2,0,0,2,7,55,27,0,89,0,0,0,89
11/16/2020,CHO,VA,AEA,EN,Federal Contract Tower,7,52,46,2,107,0,20,52,4,76,7,72,98,6,183,120,22,142,325
11/17/2020,CHO,VA,AEA,EN,Federal Contract Tower,7,43,50,8,108,0,10,18,0,28,7,53,68,8,136,32,34,66,202
11/18/2020,CHO,VA,AEA,EN,Federal Contract Tower,8,52,53,6,119,0,11,69,4,84,8,63,122,10,203,134,60,194,397
11/19/2020,CHO,VA,AEA,EN,Federal Contract Tower,12,42,49,10,113,0,16,54,4,74,12,58,103,14,187,88,44,132,319
11/20/2020,CHO,VA,AEA,EN,Federal Contract Tower,8,44,63,6,121,0,21,62,10,93,8,65,125,16,214,102,46,148,362
11/21/2020,CHO,VA,AEA,EN,Federal Contract Tower,7,49,32,0,88,0,6,89,0,95,7,55,121,0,183,262,0,262,445
11/22/2020,CHO,VA,AEA,EN,Federal Contract Tower,7,45,33,0,85,0,6,46,0,52,7,51,79,0,137,174,0,174,311
11/23/2020,CHO,VA,AEA,EN,Federal Contract Tower,7,48,39,0,94,0,4,41,2,47,7,52,80,2,141,100,0,100,241
11/24/2020,CHO,VA,AEA,EN,Federal Contract Tower,6,54,39,0,99,0,4,58,0,62,6,58,97,0,161,162,0,162,323
11/25/2020,CHO,VA,AEA,EN,Federal Contract Tower,8,98,50,8,164,0,11,73,0,84,8,109,123,8,248,164,38,202,450
11/26/2020,CHO,VA,AEA,EN,Federal Contract Tower,2,12,27,0,41,0,9,24,0,33,2,21,51,0,74,66,0,66,140
11/27/2020,CHO,VA,AEA,EN,Federal Contract Tower,10,44,51,0,105,0,15,56,0,71,10,59,107,0,176,70,0,70,246
11/28/2020,CHO,VA,AEA,EN,Federal Contract Tower,7,54,40,0,101,0,8,82,0,90,7,62,122,0,191,148,0,148,339
11/29/2020,CHO,VA,AEA,EN,Federal Contract Tower,7,54,36,0,97,0,10,73,0,83,7,64,109,0,180,128,0,128,308
11/30/2020,CHO,VA,AEA,EN,Federal Contract Tower,8,50,28,0,86,0,2,37,0,39,8,52,65,0,125,28,0,28,153
12/01/2020,CHO,VA,AEA,EN,Federal Contract Tower,8,56,53,10,127,0,10,52,4,66,8,66,105,14,193,68,48,116,309
12/02/2020,CHO,VA,AEA,EN,Federal Contract Tower,6,50,43,8,107,0,5,74,4,83,6,55,117,12,190,120,46,166,356
12/03/2020,CHO,VA,AEA,EN,Federal Contract Tower,8,50,62,12,132,0,24,68,4,96,8,74,130,16,228,100,74,174,402
12/04/2020,CHO,VA,AEA,EN,Federal Contract Tower,5,33,38,8,84,0,13,33,4,50,5,46,71,12,134,58,50,108,242
12/05/2020,CHO,VA,AEA,EN,Federal Contract Tower,7,45,42,0,94,0,18,89,2,109,7,63,131,2,203,110,6,116,319
12/06/2020,CHO,VA,AEA,EN,Federal Contract Tower,6,63,46,2,117,0,12,95,0,107,6,75,141,2,224,202,36,238,462
12/07/2020,CHO,VA,AEA,EN,Federal Contract Tower,6,38,54,0,98,0,14,53,4,71,6,52,107,4,169,108,4,112,281
12/08/2020,CHO,VA,AEA,EN,Federal Contract Tower,6,42,33,5,86,0,14,56,0,70,6,56,89,5,156,66,0,66,222
12/09/2020,CHO,VA,AEA,EN,Federal Contract Tower,6,42,42,14,104,0,13,66,8,87,6,55,108,22,191,166,42,208,399
12/10/2020,CHO,VA,AEA,EN,Federal Contract Tower,4,49,35,10,98,0,5,77,4,86,4,54,112,14,184,144,46,190,374
12/11/2020,CHO,VA,AEA,EN,Federal Contract Tower,7,39,55,10,111,0,18,56,10,84,7,57,111,20,195,84,58,142,337
12/12/2020,CHO,VA,AEA,EN,Federal Contract Tower,8,39,50,0,97,0,14,75,0,89,8,53,125,0,186,122,0,122,308
12/13/2020,CHO,VA,AEA,EN,Federal Contract Tower,8,42,35,0,85,0,7,69,0,76,8,49,104,0,161,142,0,142,303
12/14/2020,CHO,VA,AEA,EN,Federal Contract Tower,7,36,26,0,69,0,3,21,0,24,7,39,47,0,93,40,0,40,133
12/15/2020,CHO,VA,AEA,EN,Federal Contract Tower,6,48,63,6,123,0,15,89,11,115,6,63,152,17,238,105,74,179,417
12/16/2020,CHO,VA,AEA,EN,Federal Contract Tower,5,16,14,0,35,0,0,0,0,0,5,16,14,0,35,0,0,0,35
12/17/2020,CHO,VA,AEA,EN,Federal Contract Tower,8,38,28,0,74,0,6,2,0,8,8,44,30,0,82,0,0,0,82
12/18/2020,CHO,VA,AEA,EN,Federal Contract Tower,6,45,37,5,93,0,7,43,0,50,6,52,80,5,143,66,30,96,239
12/19/2020,CHO,VA,AEA,EN,Federal Contract Tower,4,52,51,0,107,0,8,66,0,74,4,60,117,0,181,114,0,114,295
12/20/2020,CHO,VA,AEA,EN,Federal Contract Tower,7,38,35,0,80,0,6,58,0,64,7,44,93,0,144,124,0,124,268
12/21/2020,CHO,VA,AEA,EN,Federal Contract Tower,7,31,35,0,73,0,10,47,0,57,7,41,82,0,130,136,0,136,266
12/22/2020,CHO,VA,AEA,EN,Federal Contract Tower,4,44,61,12,121,0,11,47,4,62,4,55,108,16,183,63,56,119,302
12/23/2020,CHO,VA,AEA,EN,Federal Contract Tower,7,61,64,8,140,0,13,103,10,126,7,74,167,18,266,142,54,196,462
12/24/2020,CHO,VA,AEA,EN,Federal Contract Tower,5,40,31,0,76,0,0,0,0,0,5,40,31,0,76,0,0,0,76
12/25/2020,CHO,VA,AEA,EN,Federal Contract Tower,0,21,28,0,49,0,0,12,0,12,0,21,40,0,61,0,0,0,61
12/26/2020,CHO,VA,AEA,EN,Federal Contract Tower,4,53,37,0,94,0,6,68,0,74,4,59,105,0,168,104,0,104,272
12/27/2020,CHO,VA,AEA,EN,Federal Contract Tower,6,53,33,0,92,0,8,82,0,90,6,61,115,0,182,292,0,292,474
12/28/2020,CHO,VA,AEA,EN,Federal Contract Tower,5,46,39,2,92,0,21,63,0,84,5,67,102,2,176,96,24,120,296
12/29/2020,CHO,VA,AEA,EN,Federal Contract Tower,8,42,54,18,122,0,15,59,6,80,8,57,113,24,202,127,58,185,387
12/30/2020,CHO,VA,AEA,EN,Federal Contract Tower,5,51,57,10,123,0,14,75,6,95,5,65,132,16,218,140,52,192,410
12/31/2020,CHO,VA,AEA,EN,Federal Contract Tower,5,41,43,8,97,0,15,65,12,92,5,56,108,20,189,92,52,144,333
01/01/2021,CHO,VA,AEA,EN,Federal Contract Tower,4,30,21,0,55,0,5,21,0,26,4,35,42,0,81,28,0,28,109
01/02/2021,CHO,VA,AEA,EN,Federal Contract Tower,4,55,39,0,98,0,7,71,0,78,4,62,110,0,176,170,0,170,346
01/03/2021,CHO,VA,AEA,EN,Federal Contract Tower,7,48,30,4,89,0,0,0,0,0,7,48,30,4,89,0,0,0,89
01/04/2021,CHO,VA,AEA,EN,Federal Contract Tower,6,36,42,2,86,0,15,58,0,73,6,51,100,2,159,142,8,150,309
01/05/2021,CHO,VA,AEA,EN,Federal Contract Tower,6,62,45,2,115,0,4,57,2,63,6,66,102,4,178,88,10,98,276
01/06/2021,CHO,VA,AEA,EN,Federal Contract Tower,9,41,53,12,115,0,12,66,8,86,9,53,119,20,201,72,62,134,335
01/07/2021,CHO,VA,AEA,EN,Federal Contract Tower,5,45,43,6,99,0,10,63,10,83,5,55,106,16,182,92,92,184,366
01/08/2021,CHO,VA,AEA,EN,Federal Contract Tower,10,41,47,8,106,0,18,64,4,86,10,59,111,12,192,120,50,170,362
01/09/2021,CHO,VA,AEA,EN,Federal Contract Tower,6,47,32,0,85,0,9,75,0,84,6,56,107,0,169,154,0,154,323
01/10/2021,CHO,VA,AEA,EN,Federal Contract Tower,8,52,42,0,102,0,11,80,0,91,8,63,122,0,193,238,0,238,431
01/11/2021,CHO,VA,AEA,EN,Federal Contract Tower,7,58,42,2,109,0,6,73,0,79,7,64,115,2,188,158,24,182,370
01/12/2021,CHO,VA,AEA,EN,Federal Contract Tower,10,52,51,10,123,0,13,75,6,94,10,65,126,16,217,108,72,180,397
01/13/2021,CHO,VA,AEA,EN,Federal Contract Tower,8,40,46,4,98,0,14,60,6,80,8,54,106,10,178,118,48,166,344
01/14/2021,CHO,VA,AEA,EN,Federal Contract Tower,6,45,40,15,106,0,4,68,0,72,6,49,108,15,178,144,36,180,358
01/15/2021,CHO,VA,AEA,EN,Federal Contract Tower,10,43,49,8,110,0,20,60,8,88,10,63,109,16,198,130,58,188,386
01/16/2021,CHO,VA,AEA,EN,Federal Contract Tower,8,53,39,0,100,0,5,71,0,76,8,58,110,0,176,118,0,118,294
01/17/2021,CHO,VA,AEA,EN,Federal Contract Tower,7,48,39,3,97,0,11,69,3,83,7,59,108,6,180,188,20,208,388
01/18/2021,CHO,VA,AEA,EN,Federal Contract Tower,7,44,43,0,94,0,8,73,0,81,7,52,116,0,175,200,0,200,375
01/19/2021,CHO,VA,AEA,EN,Federal Contract Tower,7,45,40,8,100,0,16,61,8,85,7,61,101,16,185,32,0,32,217
01/20/2021,CHO,VA,AEA,EN,Federal Contract Tower,6,41,51,4,102,0,10,56,6,72,6,51,107,10,174,65,20,85,259
01/21/2021,CHO,VA,AEA,EN,Federal Contract Tower,4,55,43,12,114,0,13,66,17,96,4,68,109,29,210,104,100,204,414
01/22/2021,CHO,VA,AEA,EN,Federal Contract Tower,8,44,61,10,123,0,21,73,8,102,8,65,134,18,225,132,64,196,421
01/23/2021,CHO,VA,AEA,EN,Federal Contract Tower,8,49,34,0,91,0,6,65,0,71,8,55,99,0,162,130,0,130,292
01/24/2021,CHO,VA,AEA,EN,Federal Contract Tower,9,40,32,1,82,0,10,64,0,74,9,50,96,1,156,138,0,138,294
01/25/2021,CHO,VA,AEA,EN,Federal Contract Tower,6,52,36,2,96,0,4,36,0,40,6,56,72,2,136,80,18,98,234
01/26/2021,CHO,VA,AEA,EN,Federal Contract Tower,7,28,22,0,57,0,0,0,0,0,7,28,22,0,57,0,0,0,57
01/27/2021,CHO,VA,AEA,EN,Federal Contract Tower,6,41,52,6,105,0,8,51,6,65,6,49,103,12,170,70,40,110,280
01/28/2021,CHO,VA,AEA,EN,Federal Contract Tower,4,45,44,8,101,0,16,47,0,63,4,61,91,8,164,42,44,86,250
01/29/2021,CHO,VA,AEA,EN,Federal Contract Tower,6,42,47,9,104,0,25,51,5,81,6,67,98,14,185,76,54,130,315
01/30/2021,CHO,VA,AEA,EN,Federal Contract Tower,9,54,35,0,98,0,8,97,0,105,9,62,132,0,203,166,0,166,369
01/31/2021,CHO,VA,AEA,EN,Federal Contract Tower,8,36,21,0,65,0,0,0,0,0,8,36,21,0,65,0,0,0,65
02/01/2021,CHO,VA,AEA,EN,Federal Contract Tower,5,39,28,0,72,0,8,15,3,26,5,47,43,3,98,40,30,70,168
02/02/2021,CHO,VA,AEA,EN,Federal Contract Tower,7,45,48,11,111,0,16,60,8,84,7,61,108,19,195,72,54,126,321
02/03/2021,CHO,VA,AEA,EN,Federal Contract Tower,7,48,41,8,104,0,7,36,2,45,7,55,77,10,149,13,10,23,172
02/04/2021,CHO,VA,AEA,EN,Federal Contract Tower,10,30,27,2,69,0,0,63,8,71,10,30,90,10,140,106,52,158,298
02/05/2021,CHO,VA,AEA,EN,Federal Contract Tower,5,39,33,0,77,0,13,56,0,69,5,52,89,0,146,90,0,90,236
02/06/2021,CHO,VA,AEA,EN,Federal Contract Tower,8,52,34,0,94,0,6,66,0,72,8,58,100,0,166,118,0,118,284
02/07/2021,CHO,VA,AEA,EN,Federal Contract Tower,7,39,29,0,75,0,4,34,0,38,7,43,63,0,113,64,0,64,177
02/08/2021,CHO,VA,AEA,EN,Federal Contract Tower,7,43,66,5,121,0,25,78,0,103,7,68,144,5,224,208,38,246,470
02/09/2021,CHO,VA,AEA,EN,Federal Contract Tower,7,57,52,4,120,0,11,76,0,87,7,68,128,4,207,166,68,234,441
02/10/2021,CHO,VA,AEA,EN,Federal Contract Tower,9,44,26,2,81,0,4,37,24,65,9,48,63,26,146,96,0,96,242
02/11/2021,CHO,VA,AEA,EN,Federal Contract Tower,12,43,27,0,82,0,0,0,0,0,12,43,27,0,82,0,0,0,82
02/12/2021,CHO,VA,AEA,EN,Federal Contract Tower,10,29,15,0,54,0,0,0,0,0,10,29,15,0,54,0,0,0,54
02/13/2021,CHO,VA,AEA,EN,Federal Contract Tower,8,23,16,0,47,0,0,0,0,0,8,23,16,0,47,0,0,0,47
02/14/2021,CHO,VA,AEA,EN,Federal Contract Tower,9,46,34,0,89,0,0,0,0,0,9,46,34,0,89,0,0,0,89
02/15/2021,CHO,VA,AEA,EN,Federal Contract Tower,7,48,27,0,82,0,0,0,0,0,7,48,27,0,82,0,0,0,82
02/16/2021,CHO,VA,AEA,EN,Federal Contract Tower,7,54,28,13,102,0,3,21,6,30,7,57,49,19,132,0,54,54,186
02/17/2021,CHO,VA,AEA,EN,Federal Contract Tower,9,47,33,22,111,0,3,61,17,81,9,50,94,39,192,126,68,194,386
02/18/2021,CHO,VA,AEA,EN,Federal Contract Tower,5,9,0,0,14,0,0,0,0,0,5,9,0,0,14,0,0,0,14
02/19/2021,CHO,VA,AEA,EN,Federal Contract Tower,9,30,15,2,56,0,0,2,0,2,9,30,17,2,58,0,0,0,58
02/20/2021,CHO,VA,AEA,EN,Federal Contract Tower,8,57,27,0,92,0,10,66,0,76,8,67,93,0,168,106,0,106,274
02/21/2021,CHO,VA,AEA,EN,Federal Contract Tower,8,53,33,2,96,0,14,77,0,91,8,67,110,2,187,222,6,228,415
02/22/2021,CHO,VA,AEA,EN,Federal Contract Tower,8,36,56,4,104,0,2,19,4,25,8,38,75,8,129,34,24,58,187
02/23/2021,CHO,VA,AEA,EN,Federal Contract Tower,8,40,57,14,119,0,16,62,12,90,8,56,119,26,209,64,92,156,365
02/24/2021,CHO,VA,AEA,EN,Federal Contract Tower,12,39,22,3,76,0,2,52,6,60,12,41,74,9,136,94,15,109,245
02/25/2021,CHO,VA,AEA,EN,Federal Contract Tower,11,37,42,12,102,0,6,69,8,83,11,43,111,20,185,144,52,196,381
02/26/2021,CHO,VA,AEA,EN,Federal Contract Tower,10,31,32,4,77,0,14,34,4,52,10,45,66,8,129,46,28,74,203
02/27/2021,CHO,VA,AEA,EN,Federal Contract Tower,11,51,32,0,94,0,7,49,0,56,11,58,81,0,150,108,0,108,258
02/28/2021,CHO,VA,AEA,EN,Federal Contract Tower,5,30,23,0,58,0,0,0,0,0,5,30,23,0,58,0,0,0,58
03/01/2021,CHO,VA,AEA,EN,Federal Contract Tower,7,51,27,4,89,0,4,38,2,44,7,55,65,6,133,70,72,142,275
03/02/2021,CHO,VA,AEA,EN,Federal Contract Tower,6,61,48,21,136,0,12,79,0,91,6,73,127,21,227,170,74,244,471
03/03/2021,CHO,VA,AEA,EN,Federal Contract Tower,10,42,26,11,89,0,10,57,6,73,10,52,83,17,162,76,76,152,314
03/04/2021,CHO,VA,AEA,EN,Federal Contract Tower,9,40,29,8,86,0,5,46,2,53,9,45,75,10,139,40,44,84,223
03/05/2021,CHO,VA,AEA,EN,Federal Contract Tower,13,45,57,12,127,0,20,75,8,103,13,65,132,20,230,104,75,179,409
03/06/2021,CHO,VA,AEA,EN,Federal Contract Tower,18,79,51,0,148,0,10,102,0,112,18,89,153,0,260,138,0,138,398
03/07/2021,CHO,VA,AEA,EN,Federal Contract Tower,9,65,39,0,113,0,9,92,0,101,9,74,131,0,214,178,0,178,392
03/08/2021,CHO,VA,AEA,EN,Federal Contract Tower,9,54,34,7,104,0,21,80,2,103,9,75,114,9,207,136,6,142,349
03/09/2021,CHO,VA,AEA,EN,Federal Contract Tower,6,51,31,2,90,0,14,78,4,96,6,65,109,6,186,162,0,162,348
03/10/2021,CHO,VA,AEA,EN,Federal Contract Tower,14,39,25,12,90,0,15,75,0,90,14,54,100,12,180,148,30,178,358
03/11/2021,CHO,VA,AEA,EN,Federal Contract Tower,11,45,29,15,100,0,10,61,18,89,11,55,90,33,189,120,74,194,383
03/12/2021,CHO,VA,AEA,EN,Federal Contract Tower,15,35,31,5,86,0,12,58,9,79,15,47,89,14,165,140,14,154,319
03/13/2021,CHO,VA,AEA,EN,Federal Contract Tower,11,49,37,4,101,0,6,83,0,89,11,55,120,4,190,134,8,142,332
03/14/2021,CHO,VA,AEA,EN,Federal Contract Tower,9,50,33,0,92,0,7,55,0,62,9,57,88,0,154,112,0,112,266
03/15/2021,CHO,VA,AEA,EN,Federal Contract Tower,9,57,32,8,106,0,17,43,0,60,9,74,75,8,166,114,18,132,298
03/16/2021,CHO,VA,AEA,EN,Federal Contract Tower,8,59,53,0,120,0,0,0,0,0,8,59,53,0,120,0,0,0,120
03/17/2021,CHO,VA,AEA,EN,Federal Contract Tower,10,48,34,12,104,0,0,0,0,0,10,48,34,12,104,0,0,0,104
03/18/2021,CHO,VA,AEA,EN,Federal Contract Tower,9,30,25,0,64,0,0,0,0,0,9,30,25,0,64,0,0,0,64
03/19/2021,CHO,VA,AEA,EN,Federal Contract Tower,12,45,40,8,105,0,3,32,2,37,12,48,72,10,142,16,16,32,174
03/20/2021,CHO,VA,AEA,EN,Federal Contract Tower,13,59,43,0,115,0,18,94,1,113,13,77,137,1,228,206,0,206,434
03/21/2021,CHO,VA,AEA,EN,Federal Contract Tower,11,56,37,0,104,0,15,109,0,124,11,71,146,0,228,270,0,270,498
03/22/2021,CHO,VA,AEA,EN,Federal Contract Tower,11,58,42,13,124,0,24,79,0,103,11,82,121,13,227,194,140,334,561
03/23/2021,CHO,VA,AEA,EN,Federal Contract Tower,9,57,43,6,115,0,8,62,4,74,9,65,105,10,189,200,50,250,439
03/24/2021,CHO,VA,AEA,EN,Federal Contract Tower,11,42,45,2,100,0,0,0,0,0,11,42,45,2,100,0,0,0,100
03/25/2021,CHO,VA,AEA,EN,Federal Contract Tower,10,33,19,0,62,0,0,0,0,0,10,33,19,0,62,0,0,0,62
03/26/2021,CHO,VA,AEA,EN,Federal Contract Tower,15,37,31,2,85,0,27,16,6,49,15,64,47,8,134,80,0,80,214
03/27/2021,CHO,VA,AEA,EN,Federal Contract Tower,12,57,47,0,116,0,8,86,0,94,12,65,133,0,210,144,0,144,354
03/28/2021,CHO,VA,AEA,EN,Federal Contract Tower,11,49,29,0,89,0,0,0,0,0,11,49,29,0,89,0,0,0,89
03/29/2021,CHO,VA,AEA,EN,Federal Contract Tower,11,61,40,4,116,0,7,90,30,127,11,68,130,34,243,146,0,146,389
03/30/2021,CHO,VA,AEA,EN,Federal Contract Tower,12,64,41,4,121,0,10,90,0,100,12,74,131,4,221,224,66,290,511
03/31/2021,CHO,VA,AEA,EN,Federal Contract Tower,10,37,36,0,83,0,2,11,0,13,10,39,47,0,96,18,0,18,114
04/01/2021,CHO,VA,AEA,EN,Federal Contract Tower,9,52,30,4,95,0,9,39,5,53,9,61,69,9,148,46,26,72,220
04/02/2021,CHO,VA,AEA,EN,Federal Contract Tower,7,34,49,10,100,0,11,41,10,62,7,45,90,20,162,42,58,100,262
04/03/2021,CHO,VA,AEA,EN,Federal Contract Tower,14,63,52,2,131,0,13,86,0,99,14,76,138,2,230,190,8,198,428
04/04/2021,CHO,VA,AEA,EN,Federal Contract Tower,12,59,43,0,114,0,10,58,0,68,12,69,101,0,182,122,0,122,304
04/05/2021,CHO,VA,AEA,EN,Federal Contract Tower,14,67,51,2,134,0,10,99,0,109,14,77,150,2,243,262,6,268,511
04/06/2021,CHO,VA,AEA,EN,Federal Contract Tower,9,56,52,13,130,0,24,62,10,96,9,80,114,23,226,132,120,252,478
04/07/2021,CHO,VA,AEA,EN,Federal Contract Tower,13,37,60,18,128,0,21,76,12,109,13,58,136,30,237,148,88,236,473
04/08/2021,CHO,VA,AEA,EN,Federal Contract Tower,13,43,40,6,102,0,11,53,0,64,13,54,93,6,166,62,26,88,254
04/09/2021,CHO,VA,AEA,EN,Federal Contract Tower,10,48,55,4,117,0,2,15,0,17,10,50,70,4,134,12,0,12,146
04/10/2021,CHO,VA,AEA,EN,Federal Contract Tower,9,54,40,2,105,0,4,25,0,29,9,58,65,2,134,72,0,72,206
04/11/2021,CHO,VA,AEA,EN,Federal Contract Tower,12,54,48,0,114,0,17,81,0,98,12,71,129,0,212,160,0,160,372
04/12/2021,CHO,VA,AEA,EN,Federal Contract Tower,10,51,39,4,104,0,6,81,2,89,10,57,120,6,193,162,30,192,385
04/13/2021,CHO,VA,AEA,EN,Federal Contract Tower,10,54,58,8,130,0,12,81,4,97,10,66,139,12,227,210,132,342,569
04/14/2021,CHO,VA,AEA,EN,Federal Contract Tower,13,43,37,4,97,0,5,56,5,66,13,48,93,9,163,108,28,136,299
04/15/2021,CHO,VA,AEA,EN,Federal Contract Tower,16,46,47,6,115,0,12,54,2,68,16,58,101,8,183,71,38,109,292
04/17/2021,CHO,VA,AEA,EN,Federal Contract Tower,13,56,43,0,112,0,10,77,0,87,13,66,120,0,199,134,0,134,333
04/18/2021,CHO,VA,AEA,EN,Federal Contract Tower,10,50,33,0,93,0,4,79,0,83,10,54,112,0,176,128,0,128,304
04/19/2021,CHO,VA,AEA,EN,Federal Contract Tower,10,55,45,19,129,0,17,64,0,81,10,72,109,19,210,124,4,128,338
04/20/2021,CHO,VA,AEA,EN,Federal Contract Tower,13,74,47,10,144,0,13,78,8,99,13,87,125,18,243,86,68,154,397
04/21/2021,CHO,VA,AEA,EN,Federal Contract Tower,17,56,52,10,135,0,20,66,18,104,17,76,118,28,239,52,70,122,361
04/22/2021,CHO,VA,AEA,EN,Federal Contract Tower,12,66,58,16,152,0,18,63,8,89,12,84,121,24,241,58,50,108,349
04/23/2021,CHO,VA,AEA,EN,Federal Contract Tower,18,53,41,8,120,0,21,63,8,92,18,74,104,16,212,122,44,166,378
04/24/2021,CHO,VA,AEA,EN,Federal Contract Tower,18,65,48,0,131,0,8,63,0,71,18,73,111,0,202,110,0,110,312
04/25/2021,CHO,VA,AEA,EN,Federal Contract Tower,16,74,44,0,134,0,17,93,0,110,16,91,137,0,244,162,0,162,406
04/26/2021,CHO,VA,AEA,EN,Federal Contract Tower,14,54,57,9,134,0,21,81,9,111,14,75,138,18,245,152,98,250,495
04/27/2021,CHO,VA,AEA,EN,Federal Contract Tower,12,58,70,8,148,0,26,96,10,132,12,84,166,18,280,100,44,144,424
04/28/2021,CHO,VA,AEA,EN,Federal Contract Tower,15,59,42,7,123,0,8,73,5,86,15,67,115,12,209,150,88,238,447
04/29/2021,CHO,VA,AEA,EN,Federal Contract Tower,14,41,38,5,98,0,10,58,12,80,14,51,96,17,178,86,50,136,314
04/30/2021,CHO,VA,AEA,EN,Federal Contract Tower,15,43,50,8,116,0,15,41,9,65,15,58,91,17,181,48,64,112,293
05/01/2021,CHO,VA,AEA,EN,Federal Contract Tower,8,51,41,0,100,0,8,86,0,94,8,59,127,0,194,156,0,156,350
05/02/2021,CHO,VA,AEA,EN,Federal Contract Tower,11,54,58,0,123,0,11,86,0,97,11,65,144,0,220,170,0,170,390
05/03/2021,CHO,VA,AEA,EN,Federal Contract Tower,8,44,72,0,124,0,0,0,0,0,8,44,72,0,124,0,0,0,124
05/04/2021,CHO,VA,AEA,EN,Federal Contract Tower,16,68,69,12,165,0,30,87,8,125,16,98,156,20,290,96,72,168,458
05/05/2021,CHO,VA,AEA,EN,Federal Contract Tower,13,53,42,2,110,0,10,71,0,81,13,63,113,2,191,100,0,100,291
05/06/2021,CHO,VA,AEA,EN,Federal Contract Tower,12,53,28,5,98,0,13,64,8,85,12,66,92,13,183,164,32,196,379
05/07/2021,CHO,VA,AEA,EN,Federal Contract Tower,10,43,56,10,119,0,15,72,6,93,10,58,128,16,212,86,46,132,344
05/08/2021,CHO,VA,AEA,EN,Federal Contract Tower,12,45,38,0,95,0,5,68,0,73,12,50,106,0,168,140,0,140,308
05/09/2021,CHO,VA,AEA,EN,Federal Contract Tower,15,56,46,0,117,0,6,84,0,90,15,62,130,0,207,132,0,132,339
05/10/2021,CHO,VA,AEA,EN,Federal Contract Tower,11,56,58,12,137,0,15,73,6,94,11,71,131,18,231,118,116,234,465
05/11/2021,CHO,VA,AEA,EN,Federal Contract Tower,13,63,54,21,151,0,15,86,10,111,13,78,140,31,262,156,78,234,496
05/12/2021,CHO,VA,AEA,EN,Federal Contract Tower,16,61,46,13,136,0,4,78,4,86,16,65,124,17,222,234,52,286,508
05/13/2021,CHO,VA,AEA,EN,Federal Contract Tower,13,64,49,7,133,0,12,81,4,97,13,76,130,11,230,166,86,252,482
05/14/2021,CHO,VA,AEA,EN,Federal Contract Tower,15,37,52,8,112,0,18,64,8,90,15,55,116,16,202,88,50,138,340
05/15/2021,CHO,VA,AEA,EN,Federal Contract Tower,11,68,56,2,137,0,11,92,0,103,11,79,148,2,240,206,16,222,462
05/16/2021,CHO,VA,AEA,EN,Federal Contract Tower,12,53,40,0,105,0,7,65,0,72,12,60,105,0,177,128,0,128,305
05/17/2021,CHO,VA,AEA,EN,Federal Contract Tower,12,50,50,10,122,0,13,72,10,95,12,63,122,20,217,86,70,156,373
05/18/2021,CHO,VA,AEA,EN,Federal Contract Tower,11,88,60,8,167,0,14,113,2,129,11,102,173,10,296,160,64,224,520
05/19/2021,CHO,VA,AEA,EN,Federal Contract Tower,15,62,51,3,131,0,9,80,0,89,15,71,131,3,220,194,12,206,426
05/20/2021,CHO,VA,AEA,EN,Federal Contract Tower,13,70,55,8,146,0,22,95,8,125,13,92,150,16,271,144,58,202,473
05/21/2021,CHO,VA,AEA,EN,Federal Contract Tower,12,51,69,10,142,0,27,70,10,107,12,78,139,20,249,164,70,234,483
05/22/2021,CHO,VA,AEA,EN,Federal Contract Tower,11,53,32,0,96,0,16,76,0,92,11,69,108,0,188,168,0,168,356
05/23/2021,CHO,VA,AEA,EN,Federal Contract Tower,20,90,59,0,169,0,17,87,0,104,20,107,146,0,273,136,0,136,409
05/24/2021,CHO,VA,AEA,EN,Federal Contract Tower,10,60,39,4,113,0,4,47,0,51,10,64,86,4,164,110,18,128,292
05/25/2021,CHO,VA,AEA,EN,Federal Contract Tower,11,57,73,14,155,0,20,83,13,116,11,77,156,27,271,116,80,196,467
05/27/2021,CHO,VA,AEA,EN,Federal Contract Tower,15,52,67,17,151,0,21,98,12,131,15,73,165,29,282,156,108,264,546
05/28/2021,CHO,VA,AEA,EN,Federal Contract Tower,15,59,42,7,123,0,8,73,5,86,15,67,115,12,209,150,88,238,447
05/29/2021,CHO,VA,AEA,EN,Federal Contract Tower,10,53,36,0,99,0,0,0,0,0,10,53,36,0,99,0,0,0,99
05/30/2021,CHO,VA,AEA,EN,Federal Contract Tower,11,53,37,0,101,0,4,40,0,44,11,57,77,0,145,110,0,110,255
05/31/2021,CHO,VA,AEA,EN,Federal Contract Tower,10,60,61,0,131,0,11,90,0,101,10,71,151,0,232,158,0,158,390
06/01/2021,CHO,VA,AEA,EN,Federal Contract Tower,11,49,69,10,139,0,16,76,14,106,11,65,145,24,245,98,70,168,413
06/02/2021,CHO,VA,AEA,EN,Federal Contract Tower,18,53,45,6,122,0,9,66,4,79,18,62,111,10,201,144,68,212,413
06/03/2021,CHO,VA,AEA,EN,Federal Contract Tower,14,48,57,10,129,0,20,53,8,81,14,68,110,18,210,68,56,124,334
06/04/2021,CHO,VA,AEA,EN,Federal Contract Tower,14,43,48,8,113,0,29,63,8,100,14,72,111,16,213,124,42,166,379
06/05/2021,CHO,VA,AEA,EN,Federal Contract Tower,13,48,41,0,102,0,19,97,0,116,13,67,138,0,218,214,22,236,454
06/06/2021,CHO,VA,AEA,EN,Federal Contract Tower,13,59,35,0,107,0,1,86,0,87,13,60,121,0,194,194,0,194,388
06/07/2021,CHO,VA,AEA,EN,Federal Contract Tower,10,54,63,12,139,0,22,79,8,109,10,76,142,20,248,150,84,234,482
06/08/2021,CHO,VA,AEA,EN,Federal Contract Tower,11,56,68,12,147,0,16,74,10,100,11,72,142,22,247,78,48,126,373
06/09/2021,CHO,VA,AEA,EN,Federal Contract Tower,17,45,31,2,95,0,6,51,0,57,17,51,82,2,152,96,24,120,272
06/10/2021,CHO,VA,AEA,EN,Federal Contract Tower,13,31,18,7,69,0,5,31,0,36,13,36,49,7,105,78,0,78,183
06/11/2021,CHO,VA,AEA,EN,Federal Contract Tower,15,62,59,0,136,0,0,0,0,0,15,62,59,0,136,0,0,0,136
06/12/2021,CHO,VA,AEA,EN,Federal Contract Tower,11,54,55,0,120,0,8,47,0,55,11,62,102,0,175,84,0,84,259
06/13/2021,CHO,VA,AEA,EN,Federal Contract Tower,15,49,31,0,95,0,4,31,0,35,15,53,62,0,130,104,0,104,234
06/14/2021,CHO,VA,AEA,EN,Federal Contract Tower,12,66,49,2,129,0,13,80,0,93,12,79,129,2,222,206,12,218,440
06/15/2021,CHO,VA,AEA,EN,Federal Contract Tower,15,41,59,10,125,0,28,89,0,117,15,69,148,10,242,96,74,170,412
06/16/2021,CHO,VA,AEA,EN,Federal Contract Tower,14,49,30,4,97,0,9,79,2,90,14,58,109,6,187,176,0,176,363
06/17/2021,CHO,VA,AEA,EN,Federal Contract Tower,16,48,63,12,139,0,15,97,0,112,16,63,160,12,251,140,70,210,461
06/18/2021,CHO,VA,AEA,EN,Federal Contract Tower,13,53,53,10,129,0,13,73,6,92,13,66,126,16,221,130,38,168,389
06/19/2021,CHO,VA,AEA,EN,Federal Contract Tower,12,48,41,0,101,0,7,75,0,82,12,55,116,0,183,128,0,128,311
06/20/2021,CHO,VA,AEA,EN,Federal Contract Tower,11,61,47,0,119,0,8,91,0,99,11,69,138,0,218,158,0,158,376
06/21/2021,CHO,VA,AEA,EN,Federal Contract Tower,10,63,45,5,123,0,9,56,3,68,10,72,101,8,191,124,88,212,403
06/22/2021,CHO,VA,AEA,EN,Federal Contract Tower,13,58,47,2,120,0,7,46,0,53,13,65,93,2,173,142,0,142,315
06/23/2021,CHO,VA,AEA,EN,Federal Contract Tower,18,64,51,10,143,0,7,79,4,90,18,71,130,14,233,238,24,262,495
06/25/2021,CHO,VA,AEA,EN,Federal Contract Tower,14,49,33,0,96,0,7,66,0,73,14,56,99,0,169,150,0,150,319
06/26/2021,CHO,VA,AEA,EN,Federal Contract Tower,15,58,46,0,119,0,18,74,0,92,15,76,120,0,211,132,0,132,343
06/27/2021,CHO,VA,AEA,EN,Federal Contract Tower,11,63,42,0,116,0,5,96,0,101,11,68,138,0,217,130,0,130,347
06/28/2021,CHO,VA,AEA,EN,Federal Contract Tower,12,55,49,14,130,0,22,78,10,110,12,77,127,24,240,98,84,182,422
06/29/2021,CHO,VA,AEA,EN,Federal Contract Tower,11,72,93,12,188,0,34,95,10,139,11,106,188,22,327,142,74,216,543
06/30/2021,CHO,VA,AEA,EN,Federal Contract Tower,17,33,43,14,107,0,16,79,8,103,17,49,122,22,210,90,74,164,374
07/01/2021,CHO,VA,AEA,EN,Federal Contract Tower,14,53,55,6,128,0,27,86,6,119,14,80,141,12,247,104,22,126,373
07/03/2021,CHO,VA,AEA,EN,Federal Contract Tower,11,41,30,0,82,0,8,81,0,89,11,49,111,0,171,178,0,178,349
07/04/2021,CHO,VA,AEA,EN,Federal Contract Tower,10,44,37,0,91,0,11,53,0,64,10,55,90,0,155,106,0,106,261
07/05/2021,CHO,VA,AEA,EN,Federal Contract Tower,10,63,55,0,128,0,11,103,0,114,10,74,158,0,242,140,0,140,382
07/06/2021,CHO,VA,AEA,EN,Federal Contract Tower,15,60,38,3,116,0,5,82,1,88,15,65,120,4,204,136,92,228,432
07/07/2021,CHO,VA,AEA,EN,Federal Contract Tower,17,41,58,10,126,0,19,77,6,102,17,60,135,16,228,116,66,182,410
07/08/2021,CHO,VA,AEA,EN,Federal Contract Tower,13,37,35,4,89,0,0,31,0,31,13,37,66,4,120,80,20,100,220
07/11/2021,CHO,VA,AEA,EN,Federal Contract Tower,13,75,62,0,150,0,26,89,0,115,13,101,151,0,265,186,0,186,451
07/12/2021,CHO,VA,AEA,EN,Federal Contract Tower,11,69,45,4,129,0,8,84,2,94,11,77,129,6,223,116,64,180,403
07/14/2021,CHO,VA,AEA,EN,Federal Contract Tower,21,55,60,12,148,0,27,77,6,110,21,82,137,18,258,78,80,158,416
07/15/2021,CHO,VA,AEA,EN,Federal Contract Tower,13,49,52,10,124,0,13,74,10,97,13,62,126,20,221,64,54,118,339
07/16/2021,CHO,VA,AEA,EN,Federal Contract Tower,18,54,70,8,150,0,28,83,6,117,18,82,153,14,267,156,52,208,475
07/17/2021,CHO,VA,AEA,EN,Federal Contract Tower,17,52,37,0,106,0,10,68,0,78,17,62,105,0,184,118,0,118,302
07/18/2021,CHO,VA,AEA,EN,Federal Contract Tower,13,51,50,0,114,0,13,63,0,76,13,64,113,0,190,144,0,144,334
07/19/2021,CHO,VA,AEA,EN,Federal Contract Tower,11,51,52,12,126,0,29,67,8,104,11,80,119,20,230,76,40,116,346
07/20/2021,CHO,VA,AEA,EN,Federal Contract Tower,16,61,44,10,131,0,6,83,2,91,16,67,127,12,222,162,38,200,422
07/21/2021,CHO,VA,AEA,EN,Federal Contract Tower,17,36,46,0,99,0,10,66,0,76,17,46,112,0,175,118,0,118,293
07/22/2021,CHO,VA,AEA,EN,Federal Contract Tower,13,59,50,4,126,0,4,93,0,97,13,63,143,4,223,218,34,252,475
07/23/2021,CHO,VA,AEA,EN,Federal Contract Tower,13,63,48,10,134,0,35,81,9,125,13,98,129,19,259,152,46,198,457
07/24/2021,CHO,VA,AEA,EN,Federal Contract Tower,13,45,35,0,93,0,10,77,0,87,13,55,112,0,180,206,0,206,386
07/25/2021,CHO,VA,AEA,EN,Federal Contract Tower,14,62,51,0,127,0,22,78,0,100,14,84,129,0,227,166,0,166,393
07/26/2021,CHO,VA,AEA,EN,Federal Contract Tower,9,52,49,4,114,0,7,57,0,64,9,59,106,4,178,141,54,195,373
07/27/2021,CHO,VA,AEA,EN,Federal Contract Tower,18,73,61,6,158,0,3,80,6,89,18,76,141,12,247,236,104,340,587
07/28/2021,CHO,VA,AEA,EN,Federal Contract Tower,17,49,38,2,106,0,10,74,0,84,17,59,112,2,190,166,66,232,422
07/29/2021,CHO,VA,AEA,EN,Federal Contract Tower,17,54,36,0,107,0,6,64,0,70,17,60,100,0,177,178,0,178,355
07/30/2021,CHO,VA,AEA,EN,Federal Contract Tower,13,43,39,0,95,0,12,57,2,71,13,55,96,2,166,92,0,92,258
07/31/2021,CHO,VA,AEA,EN,Federal Contract Tower,12,47,36,0,95,0,14,75,0,89,12,61,111,0,184,156,0,156,340
08/01/2021,CHO,VA,AEA,EN,Federal Contract Tower,14,60,67,6,147,0,6,59,0,65,14,66,126,6,212,98,0,98,310
08/02/2021,CHO,VA,AEA,EN,Federal Contract Tower,11,66,42,4,123,0,6,86,0,92,11,72,128,4,215,196,62,258,473
08/03/2021,CHO,VA,AEA,EN,Federal Contract Tower,11,66,42,9,128,0,4,89,0,93,11,70,131,9,221,178,70,248,469
08/04/2021,CHO,VA,AEA,EN,Federal Contract Tower,15,39,30,8,92,0,13,77,4,94,15,52,107,12,186,122,64,186,372
08/05/2021,CHO,VA,AEA,EN,Federal Contract Tower,19,23,21,6,69,0,4,47,3,54,19,27,68,9,123,112,12,124,247
08/06/2021,CHO,VA,AEA,EN,Federal Contract Tower,13,43,66,8,130,0,20,80,8,108,13,63,146,16,238,142,66,208,446
08/07/2021,CHO,VA,AEA,EN,Federal Contract Tower,12,52,48,0,112,0,9,48,0,57,12,61,96,0,169,78,0,78,247
08/08/2021,CHO,VA,AEA,EN,Federal Contract Tower,14,55,57,2,128,0,23,72,1,96,14,78,129,3,224,216,2,218,442
08/09/2021,CHO,VA,AEA,EN,Federal Contract Tower,10,57,44,4,115,0,4,82,0,86,10,61,126,4,201,150,54,204,405
08/10/2021,CHO,VA,AEA,EN,Federal Contract Tower,15,63,51,4,133,0,7,73,0,80,15,70,124,4,213,150,80,230,443
08/11/2021,CHO,VA,AEA,EN,Federal Contract Tower,15,29,48,10,102,0,26,66,8,100,15,55,114,18,202,80,56,136,338
08/12/2021,CHO,VA,AEA,EN,Federal Contract Tower,12,47,44,0,103,0,8,79,0,87,12,55,123,0,190,124,0,124,314
08/13/2021,CHO,VA,AEA,EN,Federal Contract Tower,13,42,52,10,117,0,14,66,10,90,13,56,118,20,207,74,84,158,365
08/14/2021,CHO,VA,AEA,EN,Federal Contract Tower,15,54,41,0,110,0,6,82,0,88,15,60,123,0,198,136,12,148,346
08/15/2021,CHO,VA,AEA,EN,Federal Contract Tower,12,61,53,0,126,0,4,50,0,54,12,65,103,0,180,110,0,110,290
08/16/2021,CHO,VA,AEA,EN,Federal Contract Tower,15,63,58,8,144,0,4,34,0,38,15,67,92,8,182,76,0,76,258
08/17/2021,CHO,VA,AEA,EN,Federal Contract Tower,12,59,60,10,141,0,4,28,2,34,12,63,88,12,175,88,0,88,263
08/18/2021,CHO,VA,AEA,EN,Federal Contract Tower,19,50,64,12,145,0,11,47,0,58,19,61,111,12,203,60,0,60,263
08/19/2021,CHO,VA,AEA,EN,Federal Contract Tower,15,41,61,10,127,0,14,72,9,95,15,55,133,19,222,82,72,154,376
08/20/2021,CHO,VA,AEA,EN,Federal Contract Tower,16,54,69,8,147,0,10,41,0,51,16,64,110,8,198,86,20,106,304
08/21/2021,CHO,VA,AEA,EN,Federal Contract Tower,13,48,41,0,102,0,14,85,0,99,13,62,126,0,201,216,0,216,417
08/22/2021,CHO,VA,AEA,EN,Federal Contract Tower,14,46,33,0,93,0,7,74,0,81,14,53,107,0,174,166,0,166,340
08/23/2021,CHO,VA,AEA,EN,Federal Contract Tower,12,55,65,22,154,0,26,60,8,94,12,81,125,30,248,148,82,230,478
08/24/2021,CHO,VA,AEA,EN,Federal Contract Tower,14,45,44,10,113,0,17,66,6,89,14,62,110,16,202,102,56,158,360
08/25/2021,CHO,VA,AEA,EN,Federal Contract Tower,16,32,51,10,109,0,24,60,10,94,16,56,111,20,203,104,74,178,381
08/26/2021,CHO,VA,AEA,EN,Federal Contract Tower,10,43,59,10,122,0,28,68,8,104,10,71,127,18,226,94,56,150,376
08/27/2021,CHO,VA,AEA,EN,Federal Contract Tower,15,41,57,4,117,0,14,62,23,99,15,55,119,27,216,98,80,178,394
08/28/2021,CHO,VA,AEA,EN,Federal Contract Tower,7,29,27,0,63,0,6,46,0,52,7,35,73,0,115,102,0,102,217
08/29/2021,CHO,VA,AEA,EN,Federal Contract Tower,14,45,77,0,136,2,17,14,0,33,16,62,91,0,169,42,0,42,211
08/30/2021,CHO,VA,AEA,EN,Federal Contract Tower,15,53,55,8,131,0,15,47,10,72,15,68,102,18,203,60,58,118,321
08/31/2021,CHO,VA,AEA,EN,Federal Contract Tower,13,47,64,14,138,0,14,47,8,69,13,61,111,22,207,70,72,142,349
09/01/2021,CHO,VA,AEA,EN,Federal Contract Tower,13,39,58,0,110,0,0,2,0,2,13,39,60,0,112,12,0,12,124
09/02/2021,CHO,VA,AEA,EN,Federal Contract Tower,14,50,81,8,153,0,14,75,12,101,14,64,156,20,254,122,66,188,442
09/03/2021,CHO,VA,AEA,EN,Federal Contract Tower,19,55,84,13,171,0,26,97,10,133,19,81,181,23,304,174,46,220,524
09/04/2021,CHO,VA,AEA,EN,Federal Contract Tower,11,58,44,0,113,0,10,80,0,90,11,68,124,0,203,134,0,134,337
09/05/2021,CHO,VA,AEA,EN,Federal Contract Tower,14,90,69,0,173,0,9,103,0,112,14,99,172,0,285,132,0,132,417
09/06/2021,CHO,VA,AEA,EN,Federal Contract Tower,12,64,52,0,128,0,9,81,0,90,12,73,133,0,218,200,0,200,418
09/07/2021,CHO,VA,AEA,EN,Federal Contract Tower,15,45,55,10,125,0,14,70,10,94,15,59,125,20,219,182,62,244,463
09/08/2021,CHO,VA,AEA,EN,Federal Contract Tower,21,73,58,13,165,0,7,80,0,87,21,80,138,13,252,178,72,250,502
09/09/2021,CHO,VA,AEA,EN,Federal Contract Tower,17,37,38,7,99,0,9,57,0,66,17,46,95,7,165,112,36,148,313
09/10/2021,CHO,VA,AEA,EN,Federal Contract Tower,17,54,65,12,148,0,26,81,8,115,17,80,146,20,263,128,62,190,453
09/11/2021,CHO,VA,AEA,EN,Federal Contract Tower,11,61,45,6,123,0,14,83,0,97,11,75,128,6,220,165,4,169,389
09/12/2021,CHO,VA,AEA,EN,Federal Contract Tower,15,77,53,0,145,0,7,98,2,107,15,84,151,2,252,162,0,162,414
09/13/2021,CHO,VA,AEA,EN,Federal Contract Tower,12,62,64,8,146,0,23,90,0,113,12,85,154,8,259,202,0,202,461
09/14/2021,CHO,VA,AEA,EN,Federal Contract Tower,18,59,73,18,168,0,28,77,18,123,18,87,150,36,291,110,106,216,507
09/15/2021,CHO,VA,AEA,EN,Federal Contract Tower,18,72,50,14,154,0,26,81,8,115,18,98,131,22,269,114,82,196,465
09/16/2021,CHO,VA,AEA,EN,Federal Contract Tower,20,59,81,12,172,0,17,65,9,91,20,76,146,21,263,130,86,216,479
09/17/2021,CHO,VA,AEA,EN,Federal Contract Tower,18,47,57,10,132,0,28,67,10,105,18,75,124,20,237,120,48,168,405
09/18/2021,CHO,VA,AEA,EN,Federal Contract Tower,18,69,39,0,126,0,9,71,0,80,18,78,110,0,206,160,0,160,366
09/19/2021,CHO,VA,AEA,EN,Federal Contract Tower,16,78,63,0,157,0,18,95,0,113,16,96,158,0,270,228,0,228,498
09/20/2021,CHO,VA,AEA,EN,Federal Contract Tower,12,65,67,12,156,0,24,79,11,114,12,89,146,23,270,76,66,142,412
09/21/2021,CHO,VA,AEA,EN,Federal Contract Tower,13,53,59,10,135,0,12,72,10,94,13,65,131,20,229,104,42,146,375
09/22/2021,CHO,VA,AEA,EN,Federal Contract Tower,20,50,52,0,122,0,8,38,0,46,20,58,90,0,168,62,0,62,230
09/23/2021,CHO,VA,AEA,EN,Federal Contract Tower,19,53,55,12,139,0,17,71,12,100,19,70,126,24,239,118,76,194,433
09/24/2021,CHO,VA,AEA,EN,Federal Contract Tower,16,58,78,12,164,0,25,69,10,104,16,83,147,22,268,192,58,250,518
09/25/2021,CHO,VA,AEA,EN,Federal Contract Tower,17,52,33,0,102,0,0,63,0,63,17,52,96,0,165,104,0,104,269
09/26/2021,CHO,VA,AEA,EN,Federal Contract Tower,23,95,76,0,194,0,29,73,0,102,23,124,149,0,296,182,0,182,478
09/27/2021,CHO,VA,AEA,EN,Federal Contract Tower,14,53,53,10,130,0,17,87,14,118,14,70,140,24,248,86,60,146,394
09/28/2021,CHO,VA,AEA,EN,Federal Contract Tower,16,48,55,10,129,0,21,70,14,105,16,69,125,24,234,120,86,206,440
09/29/2021,CHO,VA,AEA,EN,Federal Contract Tower,20,50,34,12,116,0,14,75,12,101,20,64,109,24,217,90,102,192,409
09/30/2021,CHO,VA,AEA,EN,Federal Contract Tower,16,45,51,6,118,0,12,75,5,92,16,57,126,11,210,112,56,168,378
10/01/2021,CHO,VA,AEA,EN,Federal Contract Tower,20,54,65,8,147,0,18,88,10,116,20,72,153,18,263,102,42,144,407
10/02/2021,CHO,VA,AEA,EN,Federal Contract Tower,12,56,39,0,107,0,10,96,0,106,12,66,135,0,213,150,0,150,363
10/03/2021,CHO,VA,AEA,EN,Federal Contract Tower,15,56,39,0,110,0,7,69,0,76,15,63,108,0,186,144,0,144,330
10/04/2021,CHO,VA,AEA,EN,Federal Contract Tower,14,58,45,6,123,0,12,69,0,81,14,70,114,6,204,104,36,140,344
10/05/2021,CHO,VA,AEA,EN,Federal Contract Tower,18,59,65,11,153,0,16,72,6,94,18,75,137,17,247,108,36,144,391
10/06/2021,CHO,VA,AEA,EN,Federal Contract Tower,20,48,61,8,137,0,0,0,0,0,20,48,61,8,137,0,0,0,137
10/07/2021,CHO,VA,AEA,EN,Federal Contract Tower,21,65,50,8,144,0,0,15,0,15,21,65,65,8,159,62,0,62,221
10/08/2021,CHO,VA,AEA,EN,Federal Contract Tower,19,88,93,12,212,0,26,61,6,93,19,114,154,18,305,86,68,154,459
10/09/2021,CHO,VA,AEA,EN,Federal Contract Tower,14,60,40,0,114,0,8,34,0,42,14,68,74,0,156,70,0,70,226
10/10/2021,CHO,VA,AEA,EN,Federal Contract Tower,18,60,39,0,117,0,0,0,0,0,18,60,39,0,117,0,0,0,117
10/11/2021,CHO,VA,AEA,EN,Federal Contract Tower,16,71,75,0,162,0,6,58,0,64,16,77,133,0,226,92,0,92,318
10/12/2021,CHO,VA,AEA,EN,Federal Contract Tower,20,61,66,12,159,0,17,62,6,85,20,78,128,18,244,100,52,152,396
10/13/2021,CHO,VA,AEA,EN,Federal Contract Tower,22,45,33,6,106,0,11,41,0,52,22,56,74,6,158,96,38,134,292
10/14/2021,CHO,VA,AEA,EN,Federal Contract Tower,19,47,47,3,116,0,9,62,5,76,19,56,109,8,192,106,26,132,324
10/15/2021,CHO,VA,AEA,EN,Federal Contract Tower,20,45,76,10,151,0,35,71,10,116,20,80,147,20,267,123,52,175,442
10/16/2021,CHO,VA,AEA,EN,Federal Contract Tower,13,74,56,0,143,0,7,39,0,46,13,81,95,0,189,64,0,64,253
10/17/2021,CHO,VA,AEA,EN,Federal Contract Tower,18,73,77,0,168,0,7,72,0,79,18,80,149,0,247,110,0,110,357
10/18/2021,CHO,VA,AEA,EN,Federal Contract Tower,15,75,65,4,159,0,24,66,0,90,15,99,131,4,249,140,106,246,495
10/19/2021,CHO,VA,AEA,EN,Federal Contract Tower,16,56,69,12,153,0,16,80,10,106,16,72,149,22,259,78,112,190,449
10/20/2021,CHO,VA,AEA,EN,Federal Contract Tower,22,40,56,10,128,0,8,60,0,68,22,48,116,10,196,102,60,162,358
10/21/2021,CHO,VA,AEA,EN,Federal Contract Tower,19,46,66,10,141,0,17,87,8,112,19,63,153,18,253,128,35,163,416
10/22/2021,CHO,VA,AEA,EN,Federal Contract Tower,18,70,71,10,169,0,35,77,14,126,18,105,148,24,295,84,52,136,431
10/23/2021,CHO,VA,AEA,EN,Federal Contract Tower,14,63,46,0,123,0,8,79,0,87,14,71,125,0,210,172,0,172,382
10/24/2021,CHO,VA,AEA,EN,Federal Contract Tower,25,91,70,0,186,0,8,79,0,87,25,99,149,0,273,78,0,78,351
10/25/2021,CHO,VA,AEA,EN,Federal Contract Tower,15,48,35,10,108,0,16,47,12,75,15,64,82,22,183,56,50,106,289
10/26/2021,CHO,VA,AEA,EN,Federal Contract Tower,19,54,60,14,147,0,25,72,10,107,19,79,132,24,254,68,58,126,380
10/27/2021,CHO,VA,AEA,EN,Federal Contract Tower,20,53,28,12,113,0,7,79,0,86,20,60,107,12,199,142,8,150,349
10/28/2021,CHO,VA,AEA,EN,Federal Contract Tower,21,45,47,6,119,0,21,59,6,86,21,66,106,12,205,50,50,100,305
10/29/2021,CHO,VA,AEA,EN,Federal Contract Tower,18,51,73,10,152,0,3,4,0,7,18,54,77,10,159,12,0,12,171
10/30/2021,CHO,VA,AEA,EN,Federal Contract Tower,16,50,40,0,106,0,5,0,0,5,16,55,40,0,111,0,0,0,111
10/31/2021,CHO,VA,AEA,EN,Federal Contract Tower,15,65,37,0,117,0,6,76,0,82,15,71,113,0,199,128,0,128,327
11/01/2021,CHO,VA,AEA,EN,Federal Contract Tower,15,60,51,0,126,0,8,73,0,81,15,68,124,0,207,117,0,117,324
11/02/2021,CHO,VA,AEA,EN,Federal Contract Tower,14,52,36,8,110,0,17,40,10,67,14,69,76,18,177,40,36,76,253
11/03/2021,CHO,VA,AEA,EN,Federal Contract Tower,19,55,33,3,110,0,7,55,2,64,19,62,88,5,174,144,28,172,346
11/04/2021,CHO,VA,AEA,EN,Federal Contract Tower,22,45,33,6,106,0,7,39,3,49,22,52,72,9,155,82,50,132,287
11/05/2021,CHO,VA,AEA,EN,Federal Contract Tower,17,50,43,13,123,0,19,56,8,83,17,69,99,21,206,98,66,164,370
11/06/2021,CHO,VA,AEA,EN,Federal Contract Tower,11,56,86,2,155,0,12,93,24,129,11,68,179,26,284,214,0,214,498
11/07/2021,CHO,VA,AEA,EN,Federal Contract Tower,16,65,49,0,130,0,6,71,0,77,16,71,120,0,207,126,0,126,333
11/08/2021,CHO,VA,AEA,EN,Federal Contract Tower,17,49,55,10,131,0,23,70,9,102,17,72,125,19,233,110,94,204,437
11/09/2021,CHO,VA,AEA,EN,Federal Contract Tower,18,61,54,8,141,0,20,68,12,100,18,81,122,20,241,120,44,164,405
11/10/2021,CHO,VA,AEA,EN,Federal Contract Tower,26,46,43,9,124,0,11,73,6,90,26,57,116,15,214,144,38,182,396
11/11/2021,CHO,VA,AEA,EN,Federal Contract Tower,19,56,33,3,111,0,7,55,2,64,19,63,88,5,175,98,66,164,339
11/12/2021,CHO,VA,AEA,EN,Federal Contract Tower,16,58,74,6,154,0,25,76,16,117,16,83,150,22,271,118,42,160,431
11/13/2021,CHO,VA,AEA,EN,Federal Contract Tower,25,63,52,2,142,0,6,56,0,62,25,69,108,2,204,94,0,94,298
11/14/2021,CHO,VA,AEA,EN,Federal Contract Tower,20,81,106,0,207,0,9,55,0,64,20,90,161,0,271,136,0,136,407
11/15/2021,CHO,VA,AEA,EN,Federal Contract Tower,15,68,31,4,118,0,8,62,0,70,15,76,93,4,188,102,18,120,308
11/16/2021,CHO,VA,AEA,EN,Federal Contract Tower,16,57,49,8,130,0,21,67,10,98,16,78,116,18,228,78,44,122,350
11/17/2021,CHO,VA,AEA,EN,Federal Contract Tower,15,45,73,12,145,0,27,94,10,131,15,72,167,22,276,88,54,142,418
11/18/2021,CHO,VA,AEA,EN,Federal Contract Tower,20,50,57,8,135,0,14,54,8,76,20,64,111,16,211,70,40,110,321
11/19/2021,CHO,VA,AEA,EN,Federal Contract Tower,21,58,91,12,182,0,18,68,10,96,21,76,159,22,278,148,44,192,470
11/20/2021,CHO,VA,AEA,EN,Federal Contract Tower,17,69,57,0,143,0,9,71,0,80,17,78,128,0,223,180,0,180,403
11/21/2021,CHO,VA,AEA,EN,Federal Contract Tower,17,78,40,0,135,0,6,77,0,83,17,84,117,0,218,156,0,156,374
11/22/2021,CHO,VA,AEA,EN,Federal Contract Tower,20,58,48,22,148,0,15,62,8,85,20,73,110,30,233,66,84,150,383
11/23/2021,CHO,VA,AEA,EN,Federal Contract Tower,16,68,60,10,154,0,22,73,20,115,16,90,133,30,269,114,56,170,439
11/24/2021,CHO,VA,AEA,EN,Federal Contract Tower,22,47,56,10,135,0,22,83,10,115,22,69,139,20,250,70,62,132,382
11/25/2021,CHO,VA,AEA,EN,Federal Contract Tower,13,49,31,0,93,0,9,31,0,40,13,58,62,0,133,4,0,4,137
11/26/2021,CHO,VA,AEA,EN,Federal Contract Tower,13,33,35,0,81,0,10,45,0,55,13,43,80,0,136,44,0,44,180
11/27/2021,CHO,VA,AEA,EN,Federal Contract Tower,11,79,63,0,153,0,10,89,0,99,11,89,152,0,252,168,0,168,420
11/28/2021,CHO,VA,AEA,EN,Federal Contract Tower,15,75,60,0,150,0,14,76,0,90,15,89,136,0,240,136,0,136,376
11/29/2021,CHO,VA,AEA,EN,Federal Contract Tower,13,67,44,2,126,0,13,47,0,60,13,80,91,2,186,182,24,206,392
11/30/2021,CHO,VA,AEA,EN,Federal Contract Tower,18,56,59,14,147,0,23,64,10,97,18,79,123,24,244,92,68,160,404
12/01/2021,CHO,VA,AEA,EN,Federal Contract Tower,19,51,31,6,107,0,4,57,0,61,19,55,88,6,168,112,78,190,358
12/02/2021,CHO,VA,AEA,EN,Federal Contract Tower,17,43,60,10,130,0,27,60,10,97,17,70,120,20,227,88,50,138,365
12/03/2021,CHO,VA,AEA,EN,Federal Contract Tower,18,42,60,14,134,0,31,63,11,105,18,73,123,25,239,138,48,186,425
12/04/2021,CHO,VA,AEA,EN,Federal Contract Tower,11,57,45,0,113,0,10,90,0,100,11,67,135,0,213,180,0,180,393
12/05/2021,CHO,VA,AEA,EN,Federal Contract Tower,15,64,46,0,125,0,20,91,0,111,15,84,137,0,236,164,0,164,400
12/06/2021,CHO,VA,AEA,EN,Federal Contract Tower,11,59,36,8,114,0,6,54,2,62,11,65,90,10,176,90,66,156,332
12/07/2021,CHO,VA,AEA,EN,Federal Contract Tower,13,43,61,12,129,0,34,74,8,116,13,77,135,20,245,60,58,118,363
12/08/2021,CHO,VA,AEA,EN,Federal Contract Tower,23,51,32,11,117,0,27,60,10,97,23,78,92,21,214,84,58,142,356
12/09/2021,CHO,VA,AEA,EN,Federal Contract Tower,24,34,29,15,102,0,23,57,10,90,24,57,86,25,192,40,16,56,248
12/10/2021,CHO,VA,AEA,EN,Federal Contract Tower,15,42,62,12,131,0,30,55,8,93,15,72,117,20,224,74,48,122,346
12/11/2021,CHO,VA,AEA,EN,Federal Contract Tower,12,59,34,0,105,0,0,0,0,0,12,59,34,0,105,0,0,0,105
12/12/2021,CHO,VA,AEA,EN,Federal Contract Tower,17,72,54,0,143,0,14,77,0,91,17,86,131,0,234,174,0,174,408
12/13/2021,CHO,VA,AEA,EN,Federal Contract Tower,16,55,51,12,134,0,25,73,12,110,16,80,124,24,244,190,48,238,482
12/14/2021,CHO,VA,AEA,EN,Federal Contract Tower,17,51,53,10,131,0,17,72,8,97,17,68,125,18,228,78,42,120,348
12/15/2021,CHO,VA,AEA,EN,Federal Contract Tower,23,28,46,12,109,0,19,48,10,77,23,47,94,22,186,68,50,118,304
12/16/2021,CHO,VA,AEA,EN,Federal Contract Tower,23,36,49,12,120,0,17,79,8,104,23,53,128,20,224,118,66,184,408
12/17/2021,CHO,VA,AEA,EN,Federal Contract Tower,21,51,60,10,142,0,21,49,10,80,21,72,109,20,222,72,36,108,330
12/18/2021,CHO,VA,AEA,EN,Federal Contract Tower,20,68,43,0,131,0,0,45,0,45,20,68,88,0,176,88,0,88,264
12/19/2021,CHO,VA,AEA,EN,Federal Contract Tower,15,56,34,0,105,0,6,50,0,56,15,62,84,0,161,92,0,92,253
12/20/2021,CHO,VA,AEA,EN,Federal Contract Tower,16,51,50,9,126,0,25,67,10,102,16,76,117,19,228,96,46,142,370
12/21/2021,CHO,VA,AEA,EN,Federal Contract Tower,16,47,54,10,127,0,26,62,12,100,16,73,116,22,227,100,42,142,369
12/22/2021,CHO,VA,AEA,EN,Federal Contract Tower,19,65,49,4,137,0,8,58,0,66,19,73,107,4,203,114,40,154,357
12/23/2021,CHO,VA,AEA,EN,Federal Contract Tower,21,39,67,10,137,0,34,72,6,112,21,73,139,16,249,90,54,144,393
12/24/2021,CHO,VA,AEA,EN,Federal Contract Tower,15,35,48,0,98,0,17,60,0,77,15,52,108,0,175,68,0,68,243
12/25/2021,CHO,VA,AEA,EN,Federal Contract Tower,19,57,17,0,93,0,10,32,0,42,19,67,49,0,135,40,0,40,175
12/26/2021,CHO,VA,AEA,EN,Federal Contract Tower,14,55,44,0,113,0,9,61,0,70,14,64,105,0,183,160,0,160,343
12/27/2021,CHO,VA,AEA,EN,Federal Contract Tower,16,45,44,4,109,0,22,72,24,118,16,67,116,28,227,72,0,72,299
12/28/2021,CHO,VA,AEA,EN,Federal Contract Tower,13,48,55,8,124,0,32,58,0,90,13,80,113,8,214,100,50,150,364
12/29/2021,CHO,VA,AEA,EN,Federal Contract Tower,21,33,50,14,118,0,30,53,8,91,21,63,103,22,209,74,54,128,337
12/30/2021,CHO,VA,AEA,EN,Federal Contract Tower,20,39,53,14,126,0,0,0,0,0,20,39,53,14,126,0,0,0,126
12/31/2021,CHO,VA,AEA,EN,Federal Contract Tower,16,45,56,0,117,0,3,18,0,21,16,48,74,0,138,36,0,36,174
01/01/2022,CHO,VA,AEA,EN,Federal Contract Tower,14,25,14,0,53,0,0,12,0,12,14,25,26,0,65,46,0,46,111
01/02/2022,CHO,VA,AEA,EN,Federal Contract Tower,17,47,39,0,103,0,4,46,0,50,17,51,85,0,153,92,0,92,245
01/03/2022,CHO,VA,AEA,EN,Federal Contract Tower,17,48,21,0,86,0,0,0,0,0,17,48,21,0,86,0,0,0,86
01/04/2022,CHO,VA,AEA,EN,Federal Contract Tower,14,53,59,10,136,0,27,64,8,99,14,80,123,18,235,62,52,114,349
01/05/2022,CHO,VA,AEA,EN,Federal Contract Tower,26,37,47,12,122,0,25,55,8,88,26,62,102,20,210,60,56,116,326
01/06/2022,CHO,VA,AEA,EN,Federal Contract Tower,14,44,57,14,129,0,19,65,8,92,14,63,122,22,221,62,80,142,363
01/07/2022,CHO,VA,AEA,EN,Federal Contract Tower,14,46,62,20,142,0,26,51,14,91,14,72,113,34,233,42,60,102,335
01/08/2022,CHO,VA,AEA,EN,Federal Contract Tower,16,55,23,0,94,0,6,51,0,57,16,61,74,0,151,128,0,128,279
01/09/2022,CHO,VA,AEA,EN,Federal Contract Tower,16,45,25,0,86,0,5,27,0,32,16,50,52,0,118,104,0,104,222
01/10/2022,CHO,VA,AEA,EN,Federal Contract Tower,11,61,34,2,108,0,6,59,0,65,11,67,93,2,173,82,12,94,267
01/11/2022,CHO,VA,AEA,EN,Federal Contract Tower,15,52,48,10,125,0,22,62,10,94,15,74,110,20,219,56,30,86,305
01/12/2022,CHO,VA,AEA,EN,Federal Contract Tower,23,29,47,8,107,0,14,47,10,71,23,43,94,18,178,64,38,102,280
01/13/2022,CHO,VA,AEA,EN,Federal Contract Tower,18,38,42,6,104,0,20,53,0,73,18,58,95,6,177,114,42,156,333
01/14/2022,CHO,VA,AEA,EN,Federal Contract Tower,14,42,67,14,137,0,25,62,8,95,14,67,129,22,232,82,52,134,366
01/15/2022,CHO,VA,AEA,EN,Federal Contract Tower,10,56,29,0,95,0,7,63,0,70,10,63,92,0,165,116,0,116,281
01/16/2022,CHO,VA,AEA,EN,Federal Contract Tower,5,17,6,0,28,0,0,0,0,0,5,17,6,0,28,0,0,0,28
01/17/2022,CHO,VA,AEA,EN,Federal Contract Tower,9,34,15,4,62,0,0,0,0,0,9,34,15,4,62,0,0,0,62
01/18/2022,CHO,VA,AEA,EN,Federal Contract Tower,13,50,45,8,116,0,19,64,12,95,13,69,109,20,211,60,36,96,307
01/19/2022,CHO,VA,AEA,EN,Federal Contract Tower,22,35,56,8,121,0,14,48,9,71,22,49,104,17,192,52,28,80,272
01/20/2022,CHO,VA,AEA,EN,Federal Contract Tower,18,47,39,0,104,0,0,0,0,0,18,47,39,0,104,0,0,0,104
01/21/2022,CHO,VA,AEA,EN,Federal Contract Tower,14,48,61,14,137,0,11,77,0,88,14,59,138,14,225,86,46,132,357
01/22/2022,CHO,VA,AEA,EN,Federal Contract Tower,10,37,24,0,71,0,4,61,0,65,10,41,85,0,136,116,0,116,252
01/23/2022,CHO,VA,AEA,EN,Federal Contract Tower,14,56,41,0,111,0,11,77,0,88,14,67,118,0,199,146,0,146,345
01/24/2022,CHO,VA,AEA,EN,Federal Contract Tower,14,60,53,0,127,0,19,99,2,120,14,79,152,2,247,224,0,224,471
01/25/2022,CHO,VA,AEA,EN,Federal Contract Tower,14,48,57,10,129,0,21,76,11,108,14,69,133,21,237,120,48,168,405
01/26/2022,CHO,VA,AEA,EN,Federal Contract Tower,14,53,59,10,136,0,14,48,9,71,14,67,107,19,207,64,40,104,311
01/27/2022,CHO,VA,AEA,EN,Federal Contract Tower,13,43,63,10,129,0,28,73,8,109,13,71,136,18,238,50,52,102,340
01/28/2022,CHO,VA,AEA,EN,Federal Contract Tower,11,36,46,10,103,0,14,30,0,44,11,50,76,10,147,38,34,72,219
01/29/2022,CHO,VA,AEA,EN,Federal Contract Tower,11,32,39,0,82,0,21,25,0,46,11,53,64,0,128,8,0,8,136
01/30/2022,CHO,VA,AEA,EN,Federal Contract Tower,14,55,34,0,103,0,5,49,0,54,14,60,83,0,157,132,0,132,289
01/31/2022,CHO,VA,AEA,EN,Federal Contract Tower,15,56,38,2,111,0,16,66,0,82,15,72,104,2,193,178,44,222,415
02/01/2022,CHO,VA,AEA,EN,Federal Contract Tower,14,47,48,12,121,0,21,66,10,97,14,68,114,22,218,86,54,140,358
02/02/2022,CHO,VA,AEA,EN,Federal Contract Tower,9,30,49,10,98,0,23,49,10,82,9,53,98,20,180,60,48,108,288
02/03/2022,CHO,VA,AEA,EN,Federal Contract Tower,11,30,0,0,41,0,0,0,0,0,11,30,0,0,41,0,0,0,41
02/04/2022,CHO,VA,AEA,EN,Federal Contract Tower,12,36,45,0,93,0,0,0,0,0,12,36,45,0,93,0,0,0,93
02/05/2022,CHO,VA,AEA,EN,Federal Contract Tower,12,48,46,0,106,0,18,82,0,100,12,66,128,0,206,106,0,106,312
02/06/2022,CHO,VA,AEA,EN,Federal Contract Tower,13,59,37,2,111,0,9,85,0,94,13,68,122,2,205,182,0,182,387
02/07/2022,CHO,VA,AEA,EN,Federal Contract Tower,16,46,51,12,125,0,16,52,12,80,16,62,103,24,205,54,70,124,329
02/08/2022,CHO,VA,AEA,EN,Federal Contract Tower,17,44,47,26,134,0,16,83,10,109,17,60,130,36,243,78,98,176,419
02/09/2022,CHO,VA,AEA,EN,Federal Contract Tower,12,36,37,16,101,0,23,51,0,74,12,59,88,16,175,80,70,150,325
02/10/2022,CHO,VA,AEA,EN,Federal Contract Tower,16,52,52,12,132,0,18,66,10,94,16,70,118,22,226,66,56,122,348
02/11/2022,CHO,VA,AEA,EN,Federal Contract Tower,15,45,64,12,136,0,22,83,10,115,15,67,147,22,251,66,64,130,381
02/12/2022,CHO,VA,AEA,EN,Federal Contract Tower,13,53,33,0,99,0,9,56,0,65,13,62,89,0,164,40,0,40,204
02/13/2022,CHO,VA,AEA,EN,Federal Contract Tower,15,36,40,0,91,0,10,32,0,42,15,46,72,0,133,0,0,0,133
02/14/2022,CHO,VA,AEA,EN,Federal Contract Tower,15,48,46,14,123,0,16,58,10,84,15,64,104,24,207,68,72,140,347
02/15/2022,CHO,VA,AEA,EN,Federal Contract Tower,15,49,71,14,149,0,57,89,8,154,15,106,160,22,303,158,64,222,525
02/16/2022,CHO,VA,AEA,EN,Federal Contract Tower,13,37,52,16,118,0,21,63,8,92,13,58,115,24,210,78,52,130,340
02/17/2022,CHO,VA,AEA,EN,Federal Contract Tower,12,39,47,13,111,0,22,68,10,100,12,61,115,23,211,66,48,114,325
02/18/2022,CHO,VA,AEA,EN,Federal Contract Tower,11,46,40,0,97,0,14,48,0,62,11,60,88,0,159,120,0,120,279
02/19/2022,CHO,VA,AEA,EN,Federal Contract Tower,19,66,47,2,134,0,11,56,0,67,19,77,103,2,201,0,0,0,201
02/20/2022,CHO,VA,AEA,EN,Federal Contract Tower,16,48,54,0,118,0,23,74,0,97,16,71,128,0,215,120,0,120,335
02/21/2022,CHO,VA,AEA,EN,Federal Contract Tower,17,40,76,0,133,0,32,81,0,113,17,72,157,0,246,192,0,192,438
02/22/2022,CHO,VA,AEA,EN,Federal Contract Tower,17,49,54,8,128,0,18,31,6,55,17,67,85,14,183,60,28,88,271
02/23/2022,CHO,VA,AEA,EN,Federal Contract Tower,17,52,73,0,142,0,20,48,0,68,17,72,121,0,210,128,0,128,338
02/24/2022,CHO,VA,AEA,EN,Federal Contract Tower,13,40,57,10,120,0,21,55,10,86,13,61,112,20,206,60,58,118,324
02/25/2022,CHO,VA,AEA,EN,Federal Contract Tower,15,43,44,0,102,0,11,27,0,38,15,54,71,0,140,64,0,64,204
02/26/2022,CHO,VA,AEA,EN,Federal Contract Tower,21,74,50,0,145,0,11,66,0,77,21,85,116,0,222,144,0,144,366
02/27/2022,CHO,VA,AEA,EN,Federal Contract Tower,11,44,45,0,100,0,23,95,0,118,11,67,140,0,218,232,0,232,450
02/28/2022,CHO,VA,AEA,EN,Federal Contract Tower,10,39,61,8,118,0,20,61,8,89,10,59,122,16,207,144,58,202,409
03/01/2022,CHO,VA,AEA,EN,Federal Contract Tower,13,42,49,12,116,0,29,61,8,98,13,71,110,20,214,112,56,168,382
03/02/2022,CHO,VA,AEA,EN,Federal Contract Tower,16,51,51,10,128,0,29,86,10,125,16,80,137,20,253,146,80,226,479
03/03/2022,CHO,VA,AEA,EN,Federal Contract Tower,8,43,44,16,111,0,21,56,13,90,8,64,100,29,201,104,68,172,373
03/04/2022,CHO,VA,AEA,EN,Federal Contract Tower,13,48,54,12,127,0,19,60,10,89,13,67,114,22,216,100,58,158,374
03/05/2022,CHO,VA,AEA,EN,Federal Contract Tower,14,67,42,0,123,0,10,80,0,90,14,77,122,0,213,152,0,152,365
03/06/2022,CHO,VA,AEA,EN,Federal Contract Tower,14,46,56,0,116,0,16,60,0,76,14,62,116,0,192,96,0,96,288
03/07/2022,CHO,VA,AEA,EN,Federal Contract Tower,15,40,41,10,106,0,15,45,10,70,15,55,86,20,176,70,46,116,292
03/08/2022,CHO,VA,AEA,EN,Federal Contract Tower,16,49,50,19,134,0,31,66,0,97,16,80,116,19,231,63,50,113,344
03/09/2022,CHO,VA,AEA,EN,Federal Contract Tower,13,43,51,0,107,0,17,29,0,46,13,60,80,0,153,38,0,38,191
03/10/2022,CHO,VA,AEA,EN,Federal Contract Tower,16,44,58,11,129,0,32,62,8,102,16,76,120,19,231,98,52,150,381
03/11/2022,CHO,VA,AEA,EN,Federal Contract Tower,16,44,48,12,120,0,22,56,6,84,16,66,104,18,204,60,46,106,310
03/12/2022,CHO,VA,AEA,EN,Federal Contract Tower,11,42,35,0,88,0,0,0,0,0,11,42,35,0,88,0,0,0,88
03/13/2022,CHO,VA,AEA,EN,Federal Contract Tower,15,55,59,0,129,0,19,81,0,100,15,74,140,0,229,125,0,125,354
03/14/2022,CHO,VA,AEA,EN,Federal Contract Tower,13,43,51,10,117,0,37,60,8,105,13,80,111,18,222,103,48,151,373
03/15/2022,CHO,VA,AEA,EN,Federal Contract Tower,13,47,60,12,132,0,32,81,8,121,13,79,141,20,253,122,86,208,461
03/16/2022,CHO,VA,AEA,EN,Federal Contract Tower,17,44,63,12,136,0,33,76,8,117,17,77,139,20,253,118,48,166,419
03/17/2022,CHO,VA,AEA,EN,Federal Contract Tower,17,39,57,0,113,0,2,8,0,10,17,41,65,0,123,24,0,24,147
03/18/2022,CHO,VA,AEA,EN,Federal Contract Tower,12,43,50,12,117,0,14,55,8,77,12,57,105,20,194,100,92,192,386
03/19/2022,CHO,VA,AEA,EN,Federal Contract Tower,10,47,25,0,82,0,0,21,0,21,10,47,46,0,103,64,0,64,167
03/20/2022,CHO,VA,AEA,EN,Federal Contract Tower,15,43,55,0,113,0,23,65,0,88,15,66,120,0,201,86,0,86,287
03/21/2022,CHO,VA,AEA,EN,Federal Contract Tower,16,50,44,19,129,0,17,74,0,91,16,67,118,19,220,102,48,150,370
03/22/2022,CHO,VA,AEA,EN,Federal Contract Tower,14,52,61,15,142,0,38,76,8,122,14,90,137,23,264,128,64,192,456
03/23/2022,CHO,VA,AEA,EN,Federal Contract Tower,15,46,50,0,111,0,14,35,0,49,15,60,85,0,160,70,0,70,230
03/24/2022,CHO,VA,AEA,EN,Federal Contract Tower,13,45,55,8,121,0,0,0,0,0,13,45,55,8,121,0,0,0,121
03/25/2022,CHO,VA,AEA,EN,Federal Contract Tower,14,38,48,14,114,0,18,60,10,88,14,56,108,24,202,74,64,138,340
03/26/2022,CHO,VA,AEA,EN,Federal Contract Tower,15,51,48,0,114,0,14,64,0,78,15,65,112,0,192,36,0,36,228
03/27/2022,CHO,VA,AEA,EN,Federal Contract Tower,12,58,47,0,117,0,5,43,0,48,12,63,90,0,165,94,0,94,259
03/28/2022,CHO,VA,AEA,EN,Federal Contract Tower,14,42,53,2,111,0,20,46,0,66,14,62,99,2,177,66,20,86,263
03/29/2022,CHO,VA,AEA,EN,Federal Contract Tower,13,41,63,10,127,0,24,74,15,113,13,65,137,25,240,142,50,192,432
03/30/2022,CHO,VA,AEA,EN,Federal Contract Tower,14,36,48,12,110,0,30,73,10,113,14,66,121,22,223,76,66,142,365
03/31/2022,CHO,VA,AEA,EN,Federal Contract Tower,12,43,53,8,116,0,7,14,0,21,12,50,67,8,137,32,0,32,169
04/01/2022,CHO,VA,AEA,EN,Federal Contract Tower,14,50,49,16,129,0,20,54,10,84,14,70,103,26,213,82,58,140,353
04/02/2022,CHO,VA,AEA,EN,Federal Contract Tower,20,62,41,0,123,0,0,86,0,86,20,62,127,0,209,126,0,126,335
04/03/2022,CHO,VA,AEA,EN,Federal Contract Tower,18,82,56,0,156,0,23,97,0,120,18,105,153,0,276,98,0,98,374
04/04/2022,CHO,VA,AEA,EN,Federal Contract Tower,15,51,52,16,134,0,0,83,8,91,15,51,135,24,225,104,60,164,389
04/05/2022,CHO,VA,AEA,EN,Federal Contract Tower,15,56,31,2,104,0,4,35,0,39,15,60,66,2,143,80,34,114,257
04/06/2022,CHO,VA,AEA,EN,Federal Contract Tower,17,64,62,12,155,0,19,50,8,77,17,83,112,20,232,118,40,158,390
04/07/2022,CHO,VA,AEA,EN,Federal Contract Tower,21,42,50,0,113,0,3,19,0,22,21,45,69,0,135,70,0,70,205
04/08/2022,CHO,VA,AEA,EN,Federal Contract Tower,17,38,51,10,116,0,23,55,12,90,17,61,106,22,206,74,60,134,340
04/09/2022,CHO,VA,AEA,EN,Federal Contract Tower,18,75,61,2,156,0,10,73,0,83,18,85,134,2,239,134,0,134,373
04/10/2022,CHO,VA,AEA,EN,Federal Contract Tower,17,67,61,0,145,0,10,54,0,64,17,77,115,0,209,84,0,84,293
04/11/2022,CHO,VA,AEA,EN,Federal Contract Tower,19,70,45,0,134,0,20,55,10,85,19,90,100,10,219,126,0,126,345
04/12/2022,CHO,VA,AEA,EN,Federal Contract Tower,14,77,61,2,154,0,15,92,0,107,14,92,153,2,261,190,0,190,451
04/13/2022,CHO,VA,AEA,EN,Federal Contract Tower,14,40,53,8,115,0,16,67,8,91,14,56,120,16,206,64,60,124,330
04/14/2022,CHO,VA,AEA,EN,Federal Contract Tower,15,38,50,14,117,0,15,72,12,99,15,53,122,26,216,42,112,154,370
04/15/2022,CHO,VA,AEA,EN,Federal Contract Tower,15,52,52,12,131,0,26,65,10,101,15,78,117,22,232,104,56,160,392
04/16/2022,CHO,VA,AEA,EN,Federal Contract Tower,17,57,31,0,105,0,4,74,0,78,17,61,105,0,183,106,0,106,289
04/17/2022,CHO,VA,AEA,EN,Federal Contract Tower,16,65,33,0,114,0,10,78,0,88,16,75,111,0,202,164,0,164,366
04/18/2022,CHO,VA,AEA,EN,Federal Contract Tower,16,66,44,0,126,0,0,0,0,0,16,66,44,0,126,0,0,0,126
04/19/2022,CHO,VA,AEA,EN,Federal Contract Tower,16,65,47,2,130,0,11,51,0,62,16,76,98,2,192,86,28,114,306
04/20/2022,CHO,VA,AEA,EN,Federal Contract Tower,16,62,64,10,152,0,53,87,10,150,16,115,151,20,302,180,58,238,540
04/21/2022,CHO,VA,AEA,EN,Federal Contract Tower,13,50,66,12,141,0,30,62,8,100,13,80,128,20,241,96,66,162,403
04/22/2022,CHO,VA,AEA,EN,Federal Contract Tower,12,43,46,22,123,0,36,71,8,115,12,79,117,30,238,74,58,132,370
04/23/2022,CHO,VA,AEA,EN,Federal Contract Tower,16,59,35,0,110,0,23,60,0,83,16,82,95,0,193,92,0,92,285
04/24/2022,CHO,VA,AEA,EN,Federal Contract Tower,15,73,79,0,167,0,14,95,0,109,15,87,174,0,276,194,0,194,470
04/25/2022,CHO,VA,AEA,EN,Federal Contract Tower,18,63,46,4,131,0,10,43,0,53,18,73,89,4,184,96,0,96,280
04/26/2022,CHO,VA,AEA,EN,Federal Contract Tower,18,56,32,0,106,0,4,11,0,15,18,60,43,0,121,6,0,6,127
04/27/2022,CHO,VA,AEA,EN,Federal Contract Tower,17,53,58,11,139,0,25,76,10,111,17,78,134,21,250,118,94,212,462
04/28/2022,CHO,VA,AEA,EN,Federal Contract Tower,13,47,61,12,133,0,28,71,6,105,13,75,132,18,238,122,46,168,406
04/29/2022,CHO,VA,AEA,EN,Federal Contract Tower,13,42,45,10,110,0,22,76,8,106,13,64,121,18,216,94,48,142,358
04/30/2022,CHO,VA,AEA,EN,Federal Contract Tower,11,53,43,0,107,0,6,60,0,66,11,59,103,0,173,154,0,154,327
05/01/2022,CHO,VA,AEA,EN,Federal Contract Tower,13,62,47,0,122,0,9,46,0,55,13,71,93,0,177,136,0,136,313
05/02/2022,CHO,VA,AEA,EN,Federal Contract Tower,19,52,74,19,164,0,40,75,8,123,19,92,149,27,287,120,74,194,481
05/03/2022,CHO,VA,AEA,EN,Federal Contract Tower,14,53,55,10,132,0,31,67,10,108,14,84,122,20,240,92,62,154,394
05/04/2022,CHO,VA,AEA,EN,Federal Contract Tower,15,50,52,10,127,0,26,55,8,89,15,76,107,18,216,104,46,150,366
05/05/2022,CHO,VA,AEA,EN,Federal Contract Tower,15,47,57,14,133,0,23,71,8,102,15,70,128,22,235,126,62,188,423
05/06/2022,CHO,VA,AEA,EN,Federal Contract Tower,15,36,51,8,110,0,16,43,6,65,15,52,94,14,175,62,20,82,257
05/07/2022,CHO,VA,AEA,EN,Federal Contract Tower,20,56,53,0,129,0,19,57,0,76,20,75,110,0,205,100,0,100,305
05/08/2022,CHO,VA,AEA,EN,Federal Contract Tower,14,66,60,0,140,0,4,0,0,4,14,70,60,0,144,46,0,46,190
05/09/2022,CHO,VA,AEA,EN,Federal Contract Tower,14,63,54,6,137,0,16,75,24,115,14,79,129,30,252,150,30,180,432
05/10/2022,CHO,VA,AEA,EN,Federal Contract Tower,20,72,50,4,146,0,24,86,6,116,20,96,136,10,262,214,82,296,558
05/11/2022,CHO,VA,AEA,EN,Federal Contract Tower,19,58,56,12,145,0,37,71,14,122,19,95,127,26,267,150,74,224,491
05/12/2022,CHO,VA,AEA,EN,Federal Contract Tower,14,54,78,12,158,0,18,65,10,93,14,72,143,22,251,74,72,146,397
05/13/2022,CHO,VA,AEA,EN,Federal Contract Tower,11,52,72,0,135,0,0,0,0,0,11,52,72,0,135,0,0,0,135
05/14/2022,CHO,VA,AEA,EN,Federal Contract Tower,16,85,66,0,167,0,0,0,0,0,16,85,66,0,167,0,0,0,167
05/15/2022,CHO,VA,AEA,EN,Federal Contract Tower,15,66,41,0,122,0,10,60,0,70,15,76,101,0,192,124,0,124,316
05/16/2022,CHO,VA,AEA,EN,Federal Contract Tower,14,72,46,2,134,0,10,72,0,82,14,82,118,2,216,148,34,182,398
05/17/2022,CHO,VA,AEA,EN,Federal Contract Tower,18,74,54,4,150,1,16,98,2,117,19,90,152,6,267,222,24,246,513
05/18/2022,CHO,VA,AEA,EN,Federal Contract Tower,13,52,63,10,138,0,26,88,10,124,13,78,151,20,262,138,48,186,448
05/19/2022,CHO,VA,AEA,EN,Federal Contract Tower,11,56,72,10,149,0,23,69,10,102,11,79,141,20,251,122,56,178,429
05/20/2022,CHO,VA,AEA,EN,Federal Contract Tower,11,80,78,13,182,0,19,74,8,101,11,99,152,21,283,104,56,160,443
05/21/2022,CHO,VA,AEA,EN,Federal Contract Tower,28,108,66,0,202,0,22,111,0,133,28,130,177,0,335,190,0,190,525
05/22/2022,CHO,VA,AEA,EN,Federal Contract Tower,22,99,76,0,197,0,16,92,0,108,22,115,168,0,305,170,0,170,475
05/23/2022,CHO,VA,AEA,EN,Federal Contract Tower,14,54,63,12,143,0,26,61,12,99,14,80,124,24,242,72,74,146,388
05/24/2022,CHO,VA,AEA,EN,Federal Contract Tower,13,63,61,8,145,0,0,0,0,0,13,63,61,8,145,0,0,0,145
05/25/2022,CHO,VA,AEA,EN,Federal Contract Tower,34,55,80,12,181,0,11,57,10,78,34,66,137,22,259,70,62,132,391
05/26/2022,CHO,VA,AEA,EN,Federal Contract Tower,12,55,79,10,156,0,11,39,0,50,12,66,118,10,206,54,0,54,260
05/27/2022,CHO,VA,AEA,EN,Federal Contract Tower,10,57,73,0,140,0,0,0,0,0,10,57,73,0,140,0,0,0,140
05/28/2022,CHO,VA,AEA,EN,Federal Contract Tower,20,82,51,0,153,0,20,89,0,109,20,102,140,0,262,172,0,172,434
05/29/2022,CHO,VA,AEA,EN,Federal Contract Tower,15,65,55,0,135,0,23,96,0,119,15,88,151,0,254,186,0,186,440
05/30/2022,CHO,VA,AEA,EN,Federal Contract Tower,17,68,52,0,137,0,28,101,0,129,17,96,153,0,266,188,0,188,454
05/31/2022,CHO,VA,AEA,EN,Federal Contract Tower,19,76,58,0,153,0,18,86,0,104,19,94,144,0,257,214,0,214,471
06/01/2022,CHO,VA,AEA,EN,Federal Contract Tower,13,65,84,14,176,0,39,79,10,128,13,104,163,24,304,172,98,270,574
06/02/2022,CHO,VA,AEA,EN,Federal Contract Tower,14,43,55,10,122,0,26,62,12,100,14,69,117,22,222,64,72,136,358
06/03/2022,CHO,VA,AEA,EN,Federal Contract Tower,16,68,64,12,160,0,16,60,12,88,16,84,124,24,248,112,96,208,456
06/04/2022,CHO,VA,AEA,EN,Federal Contract Tower,11,64,37,0,112,0,8,73,0,81,11,72,110,0,193,174,0,174,367
06/05/2022,CHO,VA,AEA,EN,Federal Contract Tower,14,41,53,0,108,0,12,82,0,94,14,53,135,0,202,154,0,154,356
06/06/2022,CHO,VA,AEA,EN,Federal Contract Tower,13,43,49,2,107,0,27,62,0,89,13,70,111,2,196,176,46,222,418
06/07/2022,CHO,VA,AEA,EN,Federal Contract Tower,16,70,47,2,135,0,4,51,0,55,16,74,98,2,190,98,34,132,322
06/08/2022,CHO,VA,AEA,EN,Federal Contract Tower,17,66,58,0,141,0,17,53,0,70,17,83,111,0,211,154,0,154,365
06/09/2022,CHO,VA,AEA,EN,Federal Contract Tower,17,61,45,0,123,0,8,59,2,69,17,69,104,2,192,122,0,122,314
06/10/2022,CHO,VA,AEA,EN,Federal Contract Tower,16,53,43,0,112,0,3,69,4,76,16,56,112,4,188,174,22,196,384
06/11/2022,CHO,VA,AEA,EN,Federal Contract Tower,9,40,53,0,102,0,10,51,0,61,9,50,104,0,163,52,0,52,215
06/12/2022,CHO,VA,AEA,EN,Federal Contract Tower,16,66,67,0,149,0,4,31,0,35,16,70,98,0,184,88,0,88,272
06/13/2022,CHO,VA,AEA,EN,Federal Contract Tower,16,72,44,4,136,0,11,80,0,91,16,83,124,4,227,196,50,246,473
06/14/2022,CHO,VA,AEA,EN,Federal Contract Tower,13,56,58,10,137,0,22,69,12,103,13,78,127,22,240,106,66,172,412
06/15/2022,CHO,VA,AEA,EN,Federal Contract Tower,19,58,64,14,155,0,26,62,8,96,19,84,126,22,251,122,62,184,435
06/16/2022,CHO,VA,AEA,EN,Federal Contract Tower,12,50,50,12,124,0,21,59,0,80,12,71,109,12,204,64,62,126,330
06/17/2022,CHO,VA,AEA,EN,Federal Contract Tower,13,53,61,12,139,0,30,71,12,113,13,83,132,24,252,80,64,144,396
06/18/2022,CHO,VA,AEA,EN,Federal Contract Tower,15,62,43,0,120,0,7,73,0,80,15,69,116,0,200,146,0,146,346
06/19/2022,CHO,VA,AEA,EN,Federal Contract Tower,14,58,50,0,122,0,10,81,0,91,14,68,131,0,213,156,0,156,369
06/20/2022,CHO,VA,AEA,EN,Federal Contract Tower,15,56,67,12,150,0,41,75,10,126,15,97,142,22,276,164,58,222,498
06/21/2022,CHO,VA,AEA,EN,Federal Contract Tower,16,59,37,2,114,0,18,99,0,117,16,77,136,2,231,186,54,240,471
06/22/2022,CHO,VA,AEA,EN,Federal Contract Tower,14,44,64,10,132,0,22,65,8,95,14,66,129,18,227,64,60,124,351
06/23/2022,CHO,VA,AEA,EN,Federal Contract Tower,18,59,49,0,126,0,8,31,0,39,18,67,80,0,165,0,0,0,165
06/24/2022,CHO,VA,AEA,EN,Federal Contract Tower,8,49,76,10,143,0,26,70,10,106,8,75,146,20,249,90,54,144,393
06/25/2022,CHO,VA,AEA,EN,Federal Contract Tower,13,45,26,0,84,0,4,44,0,48,13,49,70,0,132,120,0,120,252
06/26/2022,CHO,VA,AEA,EN,Federal Contract Tower,11,54,55,0,120,0,8,63,0,71,11,62,118,0,191,118,0,118,309
06/27/2022,CHO,VA,AEA,EN,Federal Contract Tower,12,51,80,0,143,0,6,35,0,41,12,57,115,0,184,84,0,84,268
06/28/2022,CHO,VA,AEA,EN,Federal Contract Tower,17,67,47,4,135,0,12,82,4,98,17,79,129,8,233,178,46,224,457
06/29/2022,CHO,VA,AEA,EN,Federal Contract Tower,14,67,78,12,171,0,35,83,0,118,14,102,161,12,289,132,68,200,489
06/30/2022,CHO,VA,AEA,EN,Federal Contract Tower,12,59,71,10,152,0,14,66,9,89,12,73,137,19,241,108,88,196,437
07/01/2022,CHO,VA,AEA,EN,Federal Contract Tower,9,48,53,12,122,0,24,70,10,104,9,72,123,22,226,84,64,148,374
07/02/2022,CHO,VA,AEA,EN,Federal Contract Tower,15,61,44,0,120,0,13,65,0,78,15,74,109,0,198,118,0,118,316
07/03/2022,CHO,VA,AEA,EN,Federal Contract Tower,14,58,39,0,111,0,6,59,0,65,14,64,98,0,176,146,0,146,322
07/04/2022,CHO,VA,AEA,EN,Federal Contract Tower,11,48,40,0,99,0,6,63,0,69,11,54,103,0,168,120,0,120,288
07/05/2022,CHO,VA,AEA,EN,Federal Contract Tower,10,53,49,12,124,0,23,83,10,116,10,76,132,22,240,96,60,156,396
07/06/2022,CHO,VA,AEA,EN,Federal Contract Tower,10,48,52,10,120,0,11,72,0,83,10,59,124,10,203,88,60,148,351
07/07/2022,CHO,VA,AEA,EN,Federal Contract Tower,15,48,52,10,125,0,16,74,10,100,15,64,126,20,225,88,40,128,353
07/08/2022,CHO,VA,AEA,EN,Federal Contract Tower,8,44,51,6,109,0,19,70,0,89,8,63,121,6,198,136,10,146,344
07/09/2022,CHO,VA,AEA,EN,Federal Contract Tower,20,73,55,0,148,0,0,0,0,0,20,73,55,0,148,0,0,0,148
07/10/2022,CHO,VA,AEA,EN,Federal Contract Tower,14,48,45,0,107,0,8,45,0,53,14,56,90,0,160,134,0,134,294
07/11/2022,CHO,VA,AEA,EN,Federal Contract Tower,19,75,65,16,175,0,30,105,12,147,19,105,170,28,322,176,114,290,612
07/12/2022,CHO,VA,AEA,EN,Federal Contract Tower,19,78,67,6,170,0,12,78,4,94,19,90,145,10,264,156,64,220,484
07/13/2022,CHO,VA,AEA,EN,Federal Contract Tower,15,50,62,14,141,0,23,92,18,133,15,73,154,32,274,102,86,188,462
07/14/2022,CHO,VA,AEA,EN,Federal Contract Tower,12,45,41,15,113,0,24,75,9,108,12,69,116,24,221,78,78,156,377
07/15/2022,CHO,VA,AEA,EN,Federal Contract Tower,11,47,44,16,118,0,16,80,10,106,11,63,124,26,224,90,78,168,392
07/16/2022,CHO,VA,AEA,EN,Federal Contract Tower,16,69,45,0,130,0,11,54,0,65,16,80,99,0,195,0,0,0,195
07/17/2022,CHO,VA,AEA,EN,Federal Contract Tower,11,57,31,0,99,0,6,52,0,58,11,63,83,0,157,106,0,106,263
07/18/2022,CHO,VA,AEA,EN,Federal Contract Tower,15,55,38,2,110,0,6,58,0,64,15,61,96,2,174,126,0,126,300
07/19/2022,CHO,VA,AEA,EN,Federal Contract Tower,17,60,46,6,129,0,10,76,10,96,17,70,122,16,225,132,34,166,391
07/20/2022,CHO,VA,AEA,EN,Federal Contract Tower,17,68,56,9,150,0,12,97,4,113,17,80,153,13,263,200,46,246,509
07/21/2022,CHO,VA,AEA,EN,Federal Contract Tower,18,63,62,0,143,0,10,55,1,66,18,73,117,1,209,140,10,150,359
07/22/2022,CHO,VA,AEA,EN,Federal Contract Tower,10,46,43,12,111,0,13,75,12,100,10,59,118,24,211,80,74,154,365
07/23/2022,CHO,VA,AEA,EN,Federal Contract Tower,15,73,42,0,130,0,7,75,0,82,15,80,117,0,212,132,0,132,344
07/24/2022,CHO,VA,AEA,EN,Federal Contract Tower,16,60,41,0,117,0,8,86,0,94,16,68,127,0,211,210,0,210,421
07/25/2022,CHO,VA,AEA,EN,Federal Contract Tower,13,70,42,4,129,0,7,67,0,74,13,77,109,4,203,162,24,186,389
07/26/2022,CHO,VA,AEA,EN,Federal Contract Tower,17,64,45,2,128,0,2,2,0,4,17,66,47,2,132,2,0,2,134
07/27/2022,CHO,VA,AEA,EN,Federal Contract Tower,17,58,70,14,159,0,23,88,12,123,17,81,158,26,282,164,64,228,510
07/28/2022,CHO,VA,AEA,EN,Federal Contract Tower,11,43,48,10,112,0,12,68,12,92,11,55,116,22,204,124,42,166,370
07/29/2022,CHO,VA,AEA,EN,Federal Contract Tower,10,43,44,0,97,0,12,48,0,60,10,55,92,0,157,104,0,104,261
07/30/2022,CHO,VA,AEA,EN,Federal Contract Tower,11,50,55,0,116,0,14,79,0,93,11,64,134,0,209,138,0,138,347
07/31/2022,CHO,VA,AEA,EN,Federal Contract Tower,16,61,33,0,110,0,4,44,0,48,16,65,77,0,158,114,0,114,272
08/01/2022,CHO,VA,AEA,EN,Federal Contract Tower,15,52,33,0,100,0,23,62,0,85,15,75,95,0,185,142,0,142,327
08/02/2022,CHO,VA,AEA,EN,Federal Contract Tower,16,67,50,8,141,0,18,90,0,108,16,85,140,8,249,226,34,260,509
08/03/2022,CHO,VA,AEA,EN,Federal Contract Tower,15,49,50,13,127,0,25,56,8,89,15,74,106,21,216,86,50,136,352
08/04/2022,CHO,VA,AEA,EN,Federal Contract Tower,14,47,50,0,111,0,15,84,0,99,14,62,134,0,210,122,0,122,332
08/05/2022,CHO,VA,AEA,EN,Federal Contract Tower,11,43,59,14,127,0,16,58,10,84,11,59,117,24,211,78,70,148,359
08/06/2022,CHO,VA,AEA,EN,Federal Contract Tower,13,73,56,0,142,0,10,60,0,70,13,83,116,0,212,92,0,92,304
08/07/2022,CHO,VA,AEA,EN,Federal Contract Tower,12,55,39,2,108,0,11,77,0,88,12,66,116,2,196,190,0,190,386
08/08/2022,CHO,VA,AEA,EN,Federal Contract Tower,15,52,60,10,137,0,14,73,0,87,15,66,133,10,224,80,12,92,316
08/09/2022,CHO,VA,AEA,EN,Federal Contract Tower,17,71,48,6,142,0,8,84,4,96,17,79,132,10,238,152,24,176,414
08/10/2022,CHO,VA,AEA,EN,Federal Contract Tower,14,50,57,14,135,0,16,52,12,80,14,66,109,26,215,86,74,160,375
08/11/2022,CHO,VA,AEA,EN,Federal Contract Tower,14,51,54,12,131,0,28,82,14,124,14,79,136,26,255,138,62,200,455
08/12/2022,CHO,VA,AEA,EN,Federal Contract Tower,12,55,51,2,120,0,19,52,0,71,12,74,103,2,191,122,0,122,313
08/13/2022,CHO,VA,AEA,EN,Federal Contract Tower,14,71,60,0,145,0,16,72,0,88,14,87,132,0,233,166,0,166,399
08/14/2022,CHO,VA,AEA,EN,Federal Contract Tower,15,50,41,1,107,0,8,62,3,73,15,58,103,4,180,128,0,128,308
08/15/2022,CHO,VA,AEA,EN,Federal Contract Tower,10,53,51,0,114,0,11,25,0,36,10,64,76,0,150,82,0,82,232
08/16/2022,CHO,VA,AEA,EN,Federal Contract Tower,11,51,62,0,124,0,7,59,0,66,11,58,121,0,190,185,0,185,375
08/17/2022,CHO,VA,AEA,EN,Federal Contract Tower,0,23,50,12,85,0,12,73,10,95,0,35,123,22,180,100,68,168,348
08/18/2022,CHO,VA,AEA,EN,Federal Contract Tower,21,59,54,14,148,0,14,78,12,104,21,73,132,26,252,130,70,200,452
08/19/2022,CHO,VA,AEA,EN,Federal Contract Tower,14,46,63,14,137,0,20,75,10,105,14,66,138,24,242,118,64,182,424
08/20/2022,CHO,VA,AEA,EN,Federal Contract Tower,9,57,33,0,99,0,6,68,0,74,9,63,101,0,173,130,0,130,303
08/22/2022,CHO,VA,AEA,EN,Federal Contract Tower,15,48,49,12,124,0,12,47,2,61,15,60,96,14,185,86,56,142,327
08/23/2022,CHO,VA,AEA,EN,Federal Contract Tower,15,51,50,12,128,0,40,68,8,116,15,91,118,20,244,166,64,230,474
08/24/2022,CHO,VA,AEA,EN,Federal Contract Tower,13,54,61,12,140,0,37,79,12,128,13,91,140,24,268,166,68,234,502
08/25/2022,CHO,VA,AEA,EN,Federal Contract Tower,14,46,57,12,129,0,15,82,14,111,14,61,139,26,240,108,62,170,410
08/26/2022,CHO,VA,AEA,EN,Federal Contract Tower,11,45,53,10,119,0,23,48,6,77,11,68,101,16,196,96,54,150,346
08/27/2022,CHO,VA,AEA,EN,Federal Contract Tower,7,47,44,0,98,0,0,425,0,425,7,47,469,0,523,118,0,118,641
08/28/2022,CHO,VA,AEA,EN,Federal Contract Tower,12,51,41,0,104,0,14,84,0,98,12,65,125,0,202,116,0,116,318
08/29/2022,CHO,VA,AEA,EN,Federal Contract Tower,15,66,63,3,147,0,29,64,2,95,15,95,127,5,242,140,0,140,382
08/30/2022,CHO,VA,AEA,EN,Federal Contract Tower,16,53,60,12,141,0,15,58,8,81,16,68,118,20,222,60,58,118,340
08/31/2022,CHO,VA,AEA,EN,Federal Contract Tower,14,53,62,10,139,0,24,67,8,99,14,77,129,18,238,90,58,148,386
09/01/2022,CHO,VA,AEA,EN,Federal Contract Tower,13,48,64,14,139,0,12,67,6,85,13,60,131,20,224,126,58,184,408
09/02/2022,CHO,VA,AEA,EN,Federal Contract Tower,10,53,68,8,139,0,12,82,10,104,10,65,150,18,243,94,62,156,399
09/03/2022,CHO,VA,AEA,EN,Federal Contract Tower,15,77,59,0,151,0,8,45,0,53,15,85,104,0,204,136,0,136,340
09/04/2022,CHO,VA,AEA,EN,Federal Contract Tower,13,59,67,0,139,0,19,67,0,86,13,78,134,0,225,120,0,120,345
09/05/2022,CHO,VA,AEA,EN,Federal Contract Tower,16,55,60,0,131,0,17,57,0,74,16,72,117,0,205,84,0,84,289
09/06/2022,CHO,VA,AEA,EN,Federal Contract Tower,21,56,56,24,157,0,26,88,6,120,21,82,144,30,277,198,60,258,535
09/07/2022,CHO,VA,AEA,EN,Federal Contract Tower,16,54,52,0,122,0,2,2,0,4,16,56,54,0,126,0,0,0,126
09/08/2022,CHO,VA,AEA,EN,Federal Contract Tower,14,44,44,10,112,0,15,49,0,64,14,59,93,10,176,92,74,166,342
09/09/2022,CHO,VA,AEA,EN,Federal Contract Tower,10,53,54,10,127,0,15,76,8,99,10,68,130,18,226,106,62,168,394
09/10/2022,CHO,VA,AEA,EN,Federal Contract Tower,10,46,35,0,91,0,0,17,0,17,10,46,52,0,108,28,0,28,136
09/11/2022,CHO,VA,AEA,EN,Federal Contract Tower,16,58,53,0,127,0,0,0,0,0,16,58,53,0,127,0,0,0,127
09/12/2022,CHO,VA,AEA,EN,Federal Contract Tower,15,45,57,4,121,0,10,42,0,52,15,55,99,4,173,88,0,88,261
09/13/2022,CHO,VA,AEA,EN,Federal Contract Tower,16,53,49,10,128,0,23,71,12,106,16,76,120,22,234,126,94,220,454
09/14/2022,CHO,VA,AEA,EN,Federal Contract Tower,18,53,60,12,143,0,19,78,8,105,18,72,138,20,248,106,68,174,422
09/15/2022,CHO,VA,AEA,EN,Federal Contract Tower,18,57,49,8,132,0,18,86,8,112,18,75,135,16,244,180,62,242,486
09/16/2022,CHO,VA,AEA,EN,Federal Contract Tower,17,61,64,10,152,0,18,70,8,96,17,79,134,18,248,122,70,192,440
09/17/2022,CHO,VA,AEA,EN,Federal Contract Tower,24,83,77,0,184,0,20,58,0,78,24,103,135,0,262,170,0,170,432
09/18/2022,CHO,VA,AEA,EN,Federal Contract Tower,17,60,69,0,146,0,16,69,0,85,17,76,138,0,231,166,0,166,397
09/19/2022,CHO,VA,AEA,EN,Federal Contract Tower,15,53,63,6,137,0,15,68,10,93,15,68,131,16,230,114,56,170,400
09/20/2022,CHO,VA,AEA,EN,Federal Contract Tower,13,24,60,10,107,0,20,78,12,110,13,44,138,22,217,120,64,184,401
09/21/2022,CHO,VA,AEA,EN,Federal Contract Tower,14,46,50,12,122,0,14,72,8,94,14,60,122,20,216,114,90,204,420
09/22/2022,CHO,VA,AEA,EN,Federal Contract Tower,17,59,42,12,130,0,14,65,10,89,17,73,107,22,219,106,62,168,387
09/23/2022,CHO,VA,AEA,EN,Federal Contract Tower,11,45,47,10,113,0,18,85,6,109,11,63,132,16,222,104,66,170,392
09/24/2022,CHO,VA,AEA,EN,Federal Contract Tower,11,43,43,0,97,0,28,73,0,101,11,71,116,0,198,200,0,200,398
09/25/2022,CHO,VA,AEA,EN,Federal Contract Tower,13,52,67,0,132,0,12,106,0,118,13,64,173,0,250,149,0,149,399
09/26/2022,CHO,VA,AEA,EN,Federal Contract Tower,14,49,57,8,128,0,23,75,10,108,14,72,132,18,236,92,58,150,386
09/27/2022,CHO,VA,AEA,EN,Federal Contract Tower,18,62,65,13,158,0,21,70,14,105,18,83,135,27,263,115,60,175,438
09/28/2022,CHO,VA,AEA,EN,Federal Contract Tower,12,48,53,10,123,0,16,87,10,113,12,64,140,20,236,106,58,164,400
09/29/2022,CHO,VA,AEA,EN,Federal Contract Tower,14,55,59,12,140,0,17,60,4,81,14,72,119,16,221,104,62,166,387
09/30/2022,CHO,VA,AEA,EN,Federal Contract Tower,12,55,64,0,131,0,10,31,0,41,12,65,95,0,172,62,0,62,234
10/01/2022,CHO,VA,AEA,EN,Federal Contract Tower,11,45,21,0,77,0,0,0,0,0,11,45,21,0,77,0,0,0,77
10/02/2022,CHO,VA,AEA,EN,Federal Contract Tower,9,40,32,0,81,0,0,0,0,0,9,40,32,0,81,0,0,0,81
10/03/2022,CHO,VA,AEA,EN,Federal Contract Tower,15,60,71,0,146,0,12,26,0,38,15,72,97,0,184,64,0,64,248
10/04/2022,CHO,VA,AEA,EN,Federal Contract Tower,15,51,64,0,130,0,18,67,8,93,15,69,131,8,223,90,54,144,367
10/05/2022,CHO,VA,AEA,EN,Federal Contract Tower,14,59,69,12,154,0,17,77,8,102,14,76,146,20,256,124,76,200,456
10/06/2022,CHO,VA,AEA,EN,Federal Contract Tower,15,53,55,10,133,0,14,81,0,95,15,67,136,10,228,126,56,182,410
10/07/2022,CHO,VA,AEA,EN,Federal Contract Tower,11,48,76,8,143,0,17,78,8,103,11,65,154,16,246,92,66,158,404
10/08/2022,CHO,VA,AEA,EN,Federal Contract Tower,11,44,24,0,79,0,2,42,0,44,11,46,66,0,123,102,0,102,225
10/09/2022,CHO,VA,AEA,EN,Federal Contract Tower,12,56,64,0,132,0,14,64,0,78,12,70,128,0,210,166,0,166,376
10/10/2022,CHO,VA,AEA,EN,Federal Contract Tower,14,54,49,0,117,0,9,63,0,72,14,63,112,0,189,118,0,118,307
10/11/2022,CHO,VA,AEA,EN,Federal Contract Tower,16,51,73,10,150,0,27,89,14,130,16,78,162,24,280,179,60,239,519
10/12/2022,CHO,VA,AEA,EN,Federal Contract Tower,10,52,66,8,136,0,15,88,2,105,10,67,154,10,241,98,58,156,397
10/13/2022,CHO,VA,AEA,EN,Federal Contract Tower,10,60,57,14,141,0,4,31,36,71,10,64,88,50,212,16,0,16,228
10/14/2022,CHO,VA,AEA,EN,Federal Contract Tower,10,58,50,12,130,0,20,53,8,81,10,78,103,20,211,84,62,146,357
10/15/2022,CHO,VA,AEA,EN,Federal Contract Tower,20,80,66,0,166,0,18,92,0,110,20,98,158,0,276,128,0,128,404
10/16/2022,CHO,VA,AEA,EN,Federal Contract Tower,13,53,64,0,130,0,18,95,0,113,13,71,159,0,243,126,0,126,369
10/17/2022,CHO,VA,AEA,EN,Federal Contract Tower,11,55,46,2,114,0,0,9,0,9,11,55,55,2,123,18,0,18,141
10/18/2022,CHO,VA,AEA,EN,Federal Contract Tower,13,57,67,8,145,0,19,79,10,108,13,76,146,18,253,200,66,266,519
10/19/2022,CHO,VA,AEA,EN,Federal Contract Tower,12,53,49,10,124,0,19,72,4,95,12,72,121,14,219,112,68,180,399
10/20/2022,CHO,VA,AEA,EN,Federal Contract Tower,13,50,57,10,130,0,20,75,10,105,13,70,132,20,235,142,74,216,451
10/21/2022,CHO,VA,AEA,EN,Federal Contract Tower,13,47,56,10,126,0,16,80,0,96,13,63,136,10,222,128,56,184,406
10/22/2022,CHO,VA,AEA,EN,Federal Contract Tower,12,55,67,0,134,0,16,80,0,96,12,71,147,0,230,171,0,171,401
10/23/2022,CHO,VA,AEA,EN,Federal Contract Tower,17,60,74,0,151,0,13,65,0,78,17,73,139,0,229,146,0,146,375
10/24/2022,CHO,VA,AEA,EN,Federal Contract Tower,17,64,78,17,176,0,23,90,22,135,17,87,168,39,311,136,94,230,541
10/25/2022,CHO,VA,AEA,EN,Federal Contract Tower,8,51,53,8,120,0,5,24,2,31,8,56,77,10,151,40,22,62,213
10/26/2022,CHO,VA,AEA,EN,Federal Contract Tower,9,63,58,8,138,0,0,20,0,20,9,63,78,8,158,44,0,44,202
10/27/2022,CHO,VA,AEA,EN,Federal Contract Tower,20,83,73,10,186,0,16,89,2,107,20,99,162,12,293,178,68,246,539
10/28/2022,CHO,VA,AEA,EN,Federal Contract Tower,13,59,74,10,156,0,18,83,0,101,13,77,157,10,257,114,74,188,445
10/29/2022,CHO,VA,AEA,EN,Federal Contract Tower,15,71,68,0,154,0,10,95,0,105,15,81,163,0,259,177,0,177,436
10/31/2022,CHO,VA,AEA,EN,Federal Contract Tower,18,60,51,0,129,0,10,49,0,59,18,70,100,0,188,72,0,72,260
11/01/2022,CHO,VA,AEA,EN,Federal Contract Tower,8,54,61,0,123,0,11,75,0,86,8,65,136,0,209,108,0,108,317
11/02/2022,CHO,VA,AEA,EN,Federal Contract Tower,14,62,65,14,155,0,18,81,12,111,14,80,146,26,266,114,94,208,474
11/03/2022,CHO,VA,AEA,EN,Federal Contract Tower,15,61,63,12,151,0,18,56,0,74,15,79,119,12,225,94,72,166,391
11/04/2022,CHO,VA,AEA,EN,Federal Contract Tower,13,19,43,14,89,0,12,72,0,84,13,31,115,14,173,82,64,146,319
11/05/2022,CHO,VA,AEA,EN,Federal Contract Tower,20,77,50,0,147,0,31,43,2,76,20,108,93,2,223,108,0,108,331
11/06/2022,CHO,VA,AEA,EN,Federal Contract Tower,14,57,51,2,124,0,0,0,0,0,14,57,51,2,124,0,0,0,124
11/07/2022,CHO,VA,AEA,EN,Federal Contract Tower,15,47,43,0,105,0,0,79,8,87,15,47,122,8,192,145,42,187,379
11/08/2022,CHO,VA,AEA,EN,Federal Contract Tower,11,48,55,12,126,0,15,60,4,79,11,63,115,16,205,104,76,180,385
11/09/2022,CHO,VA,AEA,EN,Federal Contract Tower,20,66,53,10,149,0,18,77,6,101,20,84,130,16,250,114,68,182,432
11/10/2022,CHO,VA,AEA,EN,Federal Contract Tower,15,52,60,0,127,0,19,61,1,81,15,71,121,1,208,122,6,128,336
11/11/2022,CHO,VA,AEA,EN,Federal Contract Tower,12,51,65,0,128,0,0,0,0,0,12,51,65,0,128,0,0,0,128
11/12/2022,CHO,VA,AEA,EN,Federal Contract Tower,11,54,67,0,132,0,16,83,0,99,11,70,150,0,231,153,0,153,384
11/13/2022,CHO,VA,AEA,EN,Federal Contract Tower,23,84,70,0,177,0,23,60,0,83,23,107,130,0,260,0,0,0,260
11/14/2022,CHO,VA,AEA,EN,Federal Contract Tower,19,50,60,10,139,0,21,76,6,103,19,71,136,16,242,91,78,169,411
11/15/2022,CHO,VA,AEA,EN,Federal Contract Tower,14,48,53,12,127,0,20,64,0,84,14,68,117,12,211,76,64,140,351
11/16/2022,CHO,VA,AEA,EN,Federal Contract Tower,9,51,50,8,118,0,16,70,0,86,9,67,120,8,204,136,0,136,340
11/17/2022,CHO,VA,AEA,EN,Federal Contract Tower,19,47,61,8,135,0,14,54,6,74,19,61,115,14,209,24,10,34,243
11/18/2022,CHO,VA,AEA,EN,Federal Contract Tower,16,50,60,12,138,0,17,57,8,82,16,67,117,20,220,74,72,146,366
11/19/2022,CHO,VA,AEA,EN,Federal Contract Tower,23,84,60,0,167,0,22,85,0,107,23,106,145,0,274,94,0,94,368
11/20/2022,CHO,VA,AEA,EN,Federal Contract Tower,21,54,46,0,121,0,3,17,0,20,21,57,63,0,141,0,0,0,141
11/21/2022,CHO,VA,AEA,EN,Federal Contract Tower,18,55,69,17,159,0,24,83,0,107,18,79,152,17,266,92,78,170,436
11/22/2022,CHO,VA,AEA,EN,Federal Contract Tower,14,49,54,15,132,0,21,74,8,103,14,70,128,23,235,92,80,172,407
11/23/2022,CHO,VA,AEA,EN,Federal Contract Tower,11,44,69,14,138,0,27,78,0,105,11,71,147,14,243,116,0,116,359
11/24/2022,CHO,VA,AEA,EN,Federal Contract Tower,11,35,36,0,82,0,14,44,0,58,11,49,80,0,140,36,0,36,176
11/25/2022,CHO,VA,AEA,EN,Federal Contract Tower,14,48,51,0,113,0,0,11,56,67,14,48,62,56,180,82,0,82,262
11/26/2022,CHO,VA,AEA,EN,Federal Contract Tower,16,84,65,0,165,0,6,78,0,84,16,90,143,0,249,106,0,106,355
11/27/2022,CHO,VA,AEA,EN,Federal Contract Tower,29,104,70,0,203,0,0,3,0,3,29,104,73,0,206,0,0,0,206
11/28/2022,CHO,VA,AEA,EN,Federal Contract Tower,18,52,45,0,115,0,18,53,10,81,18,70,98,10,196,74,0,74,270
11/29/2022,CHO,VA,AEA,EN,Federal Contract Tower,9,47,35,6,97,0,16,60,0,76,9,63,95,6,173,98,0,98,271
11/30/2022,CHO,VA,AEA,EN,Federal Contract Tower,10,46,54,0,110,0,0,0,0,0,10,46,54,0,110,0,0,0,110
12/01/2022,CHO,VA,AEA,EN,Federal Contract Tower,12,52,51,10,125,0,19,65,0,84,12,71,116,10,209,90,60,150,359
12/02/2022,CHO,VA,AEA,EN,Federal Contract Tower,13,45,51,0,109,0,14,62,0,76,13,59,113,0,185,96,0,96,281
12/03/2022,CHO,VA,AEA,EN,Federal Contract Tower,21,51,8,0,80,0,12,20,0,32,21,63,28,0,112,47,0,47,159
12/04/2022,CHO,VA,AEA,EN,Federal Contract Tower,18,58,74,0,150,0,30,23,0,53,18,88,97,0,203,77,0,77,280
12/05/2022,CHO,VA,AEA,EN,Federal Contract Tower,14,57,51,9,131,0,44,45,10,99,14,101,96,19,230,200,0,200,430
12/06/2022,CHO,VA,AEA,EN,Federal Contract Tower,11,40,44,0,95,0,13,42,0,55,11,53,86,0,150,92,0,92,242
12/07/2022,CHO,VA,AEA,EN,Federal Contract Tower,13,44,18,0,75,0,0,0,0,0,13,44,18,0,75,0,0,0,75
12/08/2022,CHO,VA,AEA,EN,Federal Contract Tower,10,41,29,4,84,0,0,30,2,32,10,41,59,6,116,68,40,108,224
12/09/2022,CHO,VA,AEA,EN,Federal Contract Tower,16,54,43,6,119,0,8,28,1,37,16,62,71,7,156,64,10,74,230
12/10/2022,CHO,VA,AEA,EN,Federal Contract Tower,10,45,43,0,98,0,37,37,0,74,10,82,80,0,172,68,0,68,240
12/11/2022,CHO,VA,AEA,EN,Federal Contract Tower,11,45,34,0,90,0,13,32,0,45,11,58,66,0,135,90,0,90,225
12/12/2022,CHO,VA,AEA,EN,Federal Contract Tower,18,44,49,12,123,0,31,68,6,105,18,75,117,18,228,107,83,190,418
12/13/2022,CHO,VA,AEA,EN,Federal Contract Tower,12,47,44,6,109,0,12,57,6,75,12,59,101,12,184,138,100,238,422
12/14/2022,CHO,VA,AEA,EN,Federal Contract Tower,14,56,49,6,125,0,15,64,10,89,14,71,113,16,214,92,58,150,364
12/15/2022,CHO,VA,AEA,EN,Federal Contract Tower,15,55,66,0,136,0,0,0,0,0,15,55,66,0,136,0,0,0,136
12/16/2022,CHO,VA,AEA,EN,Federal Contract Tower,15,52,57,12,136,0,17,65,0,82,15,69,122,12,218,98,72,170,388
12/17/2022,CHO,VA,AEA,EN,Federal Contract Tower,10,58,45,0,113,0,11,60,0,71,10,69,105,0,184,47,0,47,231
12/18/2022,CHO,VA,AEA,EN,Federal Contract Tower,13,43,24,0,80,0,0,34,0,34,13,43,58,0,114,26,0,26,140
12/19/2022,CHO,VA,AEA,EN,Federal Contract Tower,15,38,54,10,117,0,27,51,20,98,15,65,105,30,215,152,66,218,433
12/20/2022,CHO,VA,AEA,EN,Federal Contract Tower,13,51,59,10,133,0,19,78,0,97,13,70,137,10,230,178,68,246,476
12/21/2022,CHO,VA,AEA,EN,Federal Contract Tower,14,56,76,14,160,0,21,69,0,90,14,77,145,14,250,140,0,140,390
12/22/2022,CHO,VA,AEA,EN,Federal Contract Tower,15,58,68,0,141,0,0,0,0,0,15,58,68,0,141,0,0,0,141
12/23/2022,CHO,VA,AEA,EN,Federal Contract Tower,13,57,51,0,121,0,0,0,0,0,13,57,51,0,121,0,0,0,121
12/24/2022,CHO,VA,AEA,EN,Federal Contract Tower,14,39,18,0,71,0,0,13,0,13,14,39,31,0,84,0,0,0,84
12/25/2022,CHO,VA,AEA,EN,Federal Contract Tower,11,24,7,0,42,0,0,0,0,0,11,24,7,0,42,0,0,0,42
12/26/2022,CHO,VA,AEA,EN,Federal Contract Tower,15,55,59,0,129,0,16,73,0,89,15,71,132,0,218,120,0,120,338
12/27/2022,CHO,VA,AEA,EN,Federal Contract Tower,12,50,51,0,113,0,23,67,0,90,12,73,118,0,203,140,0,140,343
12/28/2022,CHO,VA,AEA,EN,Federal Contract Tower,13,73,74,0,160,0,34,75,0,109,13,107,149,0,269,204,0,204,473
12/29/2022,CHO,VA,AEA,EN,Federal Contract Tower,17,52,34,10,113,0,8,54,8,70,17,60,88,18,183,84,0,84,267
12/30/2022,CHO,VA,AEA,EN,Federal Contract Tower,14,51,55,0,120,0,18,83,0,101,14,69,138,0,221,146,0,146,367
12/31/2022,CHO,VA,AEA,EN,Federal Contract Tower,7,21,18,0,46,0,0,2,0,2,7,21,20,0,48,0,0,0,48
01/01/2023,CHO,VA,AEA,EN,Federal Contract Tower,14,42,22,0,78,0,3,30,0,33,14,45,52,0,111,15,0,15,126
01/02/2023,CHO,VA,AEA,EN,Federal Contract Tower,14,51,55,12,132,0,22,62,0,84,14,73,117,12,216,115,70,185,401
01/03/2023,CHO,VA,AEA,EN,Federal Contract Tower,8,43,49,10,110,0,23,58,0,81,8,66,107,10,191,102,0,102,293
01/04/2023,CHO,VA,AEA,EN,Federal Contract Tower,9,44,29,12,94,0,0,0,0,0,9,44,29,12,94,0,0,0,94
01/05/2023,CHO,VA,AEA,EN,Federal Contract Tower,14,51,59,10,134,0,16,75,4,95,14,67,134,14,229,164,30,194,423
01/06/2023,CHO,VA,AEA,EN,Federal Contract Tower,14,56,46,0,116,0,19,76,0,95,14,75,122,0,211,130,0,130,341
01/07/2023,CHO,VA,AEA,EN,Federal Contract Tower,14,64,44,0,122,0,14,92,0,106,14,78,136,0,228,206,0,206,434
01/08/2023,CHO,VA,AEA,EN,Federal Contract Tower,13,44,19,0,76,0,0,26,0,26,13,44,45,0,102,100,0,100,202
01/09/2023,CHO,VA,AEA,EN,Federal Contract Tower,16,62,60,0,138,0,19,80,0,99,16,81,140,0,237,128,0,128,365
01/10/2023,CHO,VA,AEA,EN,Federal Contract Tower,11,46,62,10,129,0,17,63,0,80,11,63,125,10,209,94,60,154,363
01/11/2023,CHO,VA,AEA,EN,Federal Contract Tower,9,41,16,3,69,0,8,29,0,37,9,49,45,3,106,82,0,82,188
01/12/2023,CHO,VA,AEA,EN,Federal Contract Tower,12,59,73,0,144,0,18,72,0,90,12,77,145,0,234,132,0,132,366
01/13/2023,CHO,VA,AEA,EN,Federal Contract Tower,15,61,65,0,141,0,14,78,4,96,15,75,143,4,237,136,50,186,423
01/14/2023,CHO,VA,AEA,EN,Federal Contract Tower,8,26,19,0,53,0,18,19,0,37,8,44,38,0,90,41,0,41,131
01/15/2023,CHO,VA,AEA,EN,Federal Contract Tower,15,40,38,0,93,0,6,15,0,21,15,46,53,0,114,77,0,77,191
01/16/2023,CHO,VA,AEA,EN,Federal Contract Tower,16,65,72,6,159,0,23,62,0,85,16,88,134,6,244,100,66,166,410
01/17/2023,CHO,VA,AEA,EN,Federal Contract Tower,10,49,52,0,111,0,16,70,1,87,10,65,122,1,198,114,6,120,318
01/18/2023,CHO,VA,AEA,EN,Federal Contract Tower,9,54,72,8,143,0,12,66,0,78,9,66,138,8,221,120,64,184,405
01/19/2023,CHO,VA,AEA,EN,Federal Contract Tower,9,33,40,0,82,0,5,14,0,19,9,38,54,0,101,10,0,10,111
01/20/2023,CHO,VA,AEA,EN,Federal Contract Tower,14,58,64,0,136,0,12,42,0,54,14,70,106,0,190,0,0,0,190
01/21/2023,CHO,VA,AEA,EN,Federal Contract Tower,15,61,50,0,126,0,12,93,0,105,15,73,143,0,231,182,0,182,413
01/22/2023,CHO,VA,AEA,EN,Federal Contract Tower,8,33,19,0,60,0,4,20,0,24,8,37,39,0,84,54,0,54,138
01/23/2023,CHO,VA,AEA,EN,Federal Contract Tower,14,60,64,9,147,0,24,64,0,88,14,84,128,9,235,80,42,122,357
01/24/2023,CHO,VA,AEA,EN,Federal Contract Tower,10,53,64,12,139,0,13,80,0,93,10,66,144,12,232,78,82,160,392
01/25/2023,CHO,VA,AEA,EN,Federal Contract Tower,10,41,30,0,81,0,9,12,0,21,10,50,42,0,102,46,0,46,148
01/26/2023,CHO,VA,AEA,EN,Federal Contract Tower,18,40,33,10,101,0,4,23,10,37,18,44,56,20,138,44,0,44,182
01/27/2023,CHO,VA,AEA,EN,Federal Contract Tower,15,66,51,6,138,0,12,61,0,73,15,78,112,6,211,115,50,165,376
01/28/2023,CHO,VA,AEA,EN,Federal Contract Tower,18,56,58,0,132,0,9,55,0,64,18,65,113,0,196,86,0,86,282
01/29/2023,CHO,VA,AEA,EN,Federal Contract Tower,14,57,25,0,96,0,6,21,0,27,14,63,46,0,123,25,0,25,148
01/30/2023,CHO,VA,AEA,EN,Federal Contract Tower,14,62,51,8,135,0,24,61,0,85,14,86,112,8,220,118,58,176,396
01/31/2023,CHO,VA,AEA,EN,Federal Contract Tower,9,50,47,10,116,0,7,62,0,69,9,57,109,10,185,64,60,124,309
02/01/2023,CHO,VA,AEA,EN,Federal Contract Tower,14,37,37,0,88,0,0,2,2,4,14,37,39,2,92,6,0,6,98
02/02/2023,CHO,VA,AEA,EN,Federal Contract Tower,9,66,52,0,127,0,11,36,0,47,9,77,88,0,174,100,0,100,274
02/03/2023,CHO,VA,AEA,EN,Federal Contract Tower,10,51,57,0,118,0,12,31,0,43,10,63,88,0,161,50,0,50,211
02/04/2023,CHO,VA,AEA,EN,Federal Contract Tower,8,51,56,0,115,0,16,67,0,83,8,67,123,0,198,142,0,142,340
02/05/2023,CHO,VA,AEA,EN,Federal Contract Tower,16,61,55,0,132,0,15,82,0,97,16,76,137,0,229,190,0,190,419
02/06/2023,CHO,VA,AEA,EN,Federal Contract Tower,17,57,62,12,148,0,23,71,0,94,17,80,133,12,242,124,66,190,432
02/07/2023,CHO,VA,AEA,EN,Federal Contract Tower,10,58,70,10,148,0,17,74,1,92,10,75,144,11,240,100,100,200,440
02/08/2023,CHO,VA,AEA,EN,Federal Contract Tower,10,60,44,14,128,0,12,70,12,94,10,72,114,26,222,92,42,134,356
02/09/2023,CHO,VA,AEA,EN,Federal Contract Tower,13,51,63,8,135,0,16,69,0,85,13,67,132,8,220,124,50,174,394
02/10/2023,CHO,VA,AEA,EN,Federal Contract Tower,12,50,51,0,113,0,16,39,0,55,12,66,90,0,168,106,0,106,274
02/11/2023,CHO,VA,AEA,EN,Federal Contract Tower,16,72,50,0,138,0,11,78,0,89,16,83,128,0,227,168,0,168,395
02/12/2023,CHO,VA,AEA,EN,Federal Contract Tower,14,29,11,0,54,0,0,0,0,0,14,29,11,0,54,0,0,0,54
02/13/2023,CHO,VA,AEA,EN,Federal Contract Tower,15,56,64,8,143,0,28,65,0,93,15,84,129,8,236,156,68,224,460
02/14/2023,CHO,VA,AEA,EN,Federal Contract Tower,11,50,55,12,128,0,15,64,0,79,11,65,119,12,207,114,58,172,379
02/15/2023,CHO,VA,AEA,EN,Federal Contract Tower,13,46,26,0,85,0,23,40,0,63,13,69,66,0,148,160,6,166,314
02/16/2023,CHO,VA,AEA,EN,Federal Contract Tower,12,50,60,6,128,0,12,70,0,82,12,62,130,6,210,96,50,146,356
02/17/2023,CHO,VA,AEA,EN,Federal Contract Tower,15,51,51,0,117,0,7,36,0,43,15,58,87,0,160,96,0,96,256
02/18/2023,CHO,VA,AEA,EN,Federal Contract Tower,14,44,37,0,95,0,0,51,0,51,14,44,88,0,146,100,0,100,246
02/19/2023,CHO,VA,AEA,EN,Federal Contract Tower,19,70,35,0,124,0,12,62,0,74,19,82,97,0,198,124,0,124,322
02/20/2023,CHO,VA,AEA,EN,Federal Contract Tower,13,63,62,10,148,0,18,78,0,96,13,81,140,10,244,96,68,164,408
02/21/2023,CHO,VA,AEA,EN,Federal Contract Tower,9,41,44,8,102,0,13,68,1,82,9,54,112,9,184,84,66,150,334
02/22/2023,CHO,VA,AEA,EN,Federal Contract Tower,14,34,24,0,72,0,12,34,0,46,14,46,58,0,118,86,0,86,204
02/23/2023,CHO,VA,AEA,EN,Federal Contract Tower,13,48,54,6,121,0,23,62,0,85,13,71,116,6,206,120,56,176,382
02/24/2023,CHO,VA,AEA,EN,Federal Contract Tower,12,51,64,6,133,0,14,36,0,50,12,65,100,6,183,74,54,128,311
02/25/2023,CHO,VA,AEA,EN,Federal Contract Tower,10,38,28,0,76,0,0,21,0,21,10,38,49,0,97,67,0,67,164
02/26/2023,CHO,VA,AEA,EN,Federal Contract Tower,22,70,43,0,135,0,13,34,0,47,22,83,77,0,182,127,0,127,309
02/27/2023,CHO,VA,AEA,EN,Federal Contract Tower,11,50,67,6,134,0,12,32,0,44,11,62,99,6,178,72,56,128,306
02/28/2023,CHO,VA,AEA,EN,Federal Contract Tower,17,52,70,13,152,0,18,61,0,79,17,70,131,13,231,78,74,152,383
03/01/2023,CHO,VA,AEA,EN,Federal Contract Tower,3,44,26,0,73,0,0,51,0,51,3,44,77,0,124,56,0,56,180
03/02/2023,CHO,VA,AEA,EN,Federal Contract Tower,15,55,51,6,127,0,13,75,0,88,15,68,126,6,215,142,38,180,395
03/03/2023,CHO,VA,AEA,EN,Federal Contract Tower,13,55,65,0,133,0,5,20,0,25,13,60,85,0,158,50,0,50,208
03/04/2023,CHO,VA,AEA,EN,Federal Contract Tower,9,33,14,0,56,0,0,26,0,26,9,33,40,0,82,50,0,50,132
03/05/2023,CHO,VA,AEA,EN,Federal Contract Tower,16,54,27,0,97,0,3,75,0,78,16,57,102,0,175,150,0,150,325
03/06/2023,CHO,VA,AEA,EN,Federal Contract Tower,11,52,62,0,125,0,18,70,0,88,11,70,132,0,213,138,0,138,351
03/07/2023,CHO,VA,AEA,EN,Federal Contract Tower,12,41,62,11,126,0,16,56,8,80,12,57,118,19,206,86,12,98,304
03/08/2023,CHO,VA,AEA,EN,Federal Contract Tower,16,58,28,12,114,0,12,60,20,92,16,70,88,32,206,76,20,96,302
03/09/2023,CHO,VA,AEA,EN,Federal Contract Tower,9,45,61,6,121,0,14,104,10,128,9,59,165,16,249,180,12,192,441
03/10/2023,CHO,VA,AEA,EN,Federal Contract Tower,15,57,47,0,119,0,18,58,0,76,15,75,105,0,195,94,0,94,289
03/11/2023,CHO,VA,AEA,EN,Federal Contract Tower,10,47,18,0,75,0,2,43,0,45,10,49,61,0,120,52,0,52,172
03/12/2023,CHO,VA,AEA,EN,Federal Contract Tower,13,45,22,0,80,0,0,9,0,9,13,45,31,0,89,0,0,0,89
03/13/2023,CHO,VA,AEA,EN,Federal Contract Tower,9,36,19,0,64,0,12,18,6,36,9,48,37,6,100,23,0,23,123
03/14/2023,CHO,VA,AEA,EN,Federal Contract Tower,13,49,50,0,112,0,15,43,2,60,13,64,93,2,172,86,38,124,296
03/15/2023,CHO,VA,AEA,EN,Federal Contract Tower,9,45,43,0,97,0,10,47,0,57,9,55,90,0,154,97,0,97,251
03/16/2023,CHO,VA,AEA,EN,Federal Contract Tower,13,48,52,0,113,0,14,75,0,89,13,62,127,0,202,148,0,148,350
03/17/2023,CHO,VA,AEA,EN,Federal Contract Tower,12,48,45,0,105,0,10,77,0,87,12,58,122,0,192,132,0,132,324
03/18/2023,CHO,VA,AEA,EN,Federal Contract Tower,10,41,27,0,78,0,0,54,0,54,10,41,81,0,132,89,0,89,221
03/19/2023,CHO,VA,AEA,EN,Federal Contract Tower,13,40,10,0,63,0,0,59,0,59,13,40,69,0,122,112,0,112,234
03/20/2023,CHO,VA,AEA,EN,Federal Contract Tower,14,38,58,0,110,0,20,65,0,85,14,58,123,0,195,156,0,156,351
03/21/2023,CHO,VA,AEA,EN,Federal Contract Tower,13,38,54,4,109,0,23,75,0,98,13,61,129,4,207,125,40,165,372
03/22/2023,CHO,VA,AEA,EN,Federal Contract Tower,10,46,65,8,129,16,70,0,0,86,26,116,65,8,215,126,76,202,417
03/23/2023,CHO,VA,AEA,EN,Federal Contract Tower,15,50,52,10,127,0,14,78,0,92,15,64,130,10,219,108,82,190,409
03/24/2023,CHO,VA,AEA,EN,Federal Contract Tower,15,59,60,6,140,0,10,52,0,62,15,69,112,6,202,104,56,160,362
03/25/2023,CHO,VA,AEA,EN,Federal Contract Tower,8,49,48,0,105,0,7,38,0,45,8,56,86,0,150,63,0,63,213
03/26/2023,CHO,VA,AEA,EN,Federal Contract Tower,19,75,69,11,174,0,33,100,0,133,19,108,169,11,307,194,24,218,525
03/27/2023,CHO,VA,AEA,EN,Federal Contract Tower,14,60,60,8,142,0,17,71,0,88,14,77,131,8,230,84,62,146,376
03/28/2023,CHO,VA,AEA,EN,Federal Contract Tower,11,47,61,9,128,0,12,67,1,80,11,59,128,10,208,102,70,172,380
03/29/2023,CHO,VA,AEA,EN,Federal Contract Tower,9,46,63,0,118,0,13,73,1,87,9,59,136,1,205,156,4,160,365
03/30/2023,CHO,VA,AEA,EN,Federal Contract Tower,18,50,45,0,113,0,6,56,1,63,18,56,101,1,176,113,2,115,291
03/31/2023,CHO,VA,AEA,EN,Federal Contract Tower,14,39,53,9,115,0,15,73,0,88,14,54,126,9,203,66,60,126,329
04/01/2023,CHO,VA,AEA,EN,Federal Contract Tower,12,51,43,4,110,0,18,32,0,50,12,69,75,4,160,23,0,23,183
04/02/2023,CHO,VA,AEA,EN,Federal Contract Tower,23,74,63,0,160,0,18,57,0,75,23,92,120,0,235,138,0,138,373
04/03/2023,CHO,VA,AEA,EN,Federal Contract Tower,15,49,61,10,135,0,27,64,0,91,15,76,125,10,226,124,72,196,422
04/04/2023,CHO,VA,AEA,EN,Federal Contract Tower,9,50,52,10,121,0,12,75,0,87,9,62,127,10,208,114,78,192,400
04/05/2023,CHO,VA,AEA,EN,Federal Contract Tower,9,49,60,10,128,0,15,70,0,85,9,64,130,10,213,110,76,186,399
04/06/2023,CHO,VA,AEA,EN,Federal Contract Tower,10,41,40,0,91,0,10,61,2,73,10,51,101,2,164,115,26,141,305
04/07/2023,CHO,VA,AEA,EN,Federal Contract Tower,9,54,59,0,122,0,13,76,0,89,9,67,135,0,211,156,0,156,367
04/08/2023,CHO,VA,AEA,EN,Federal Contract Tower,20,45,52,0,117,0,2,66,0,68,20,47,118,0,185,104,0,104,289
04/09/2023,CHO,VA,AEA,EN,Federal Contract Tower,12,55,55,0,122,0,25,75,0,100,12,80,130,0,222,104,0,104,326
04/10/2023,CHO,VA,AEA,EN,Federal Contract Tower,15,58,76,8,157,0,25,79,0,104,15,83,155,8,261,144,68,212,473
04/11/2023,CHO,VA,AEA,EN,Federal Contract Tower,20,66,65,2,153,0,41,83,2,126,20,107,148,4,279,162,24,186,465
04/12/2023,CHO,VA,AEA,EN,Federal Contract Tower,9,42,47,12,110,0,16,78,0,94,9,58,125,12,204,112,80,192,396
04/13/2023,CHO,VA,AEA,EN,Federal Contract Tower,14,67,61,12,154,0,11,93,10,114,14,78,154,22,268,138,66,204,472
04/14/2023,CHO,VA,AEA,EN,Federal Contract Tower,9,46,68,8,131,0,14,81,0,95,9,60,149,8,226,104,86,190,416
04/15/2023,CHO,VA,AEA,EN,Federal Contract Tower,9,43,53,2,107,0,21,81,0,102,9,64,134,2,209,146,0,146,355
04/16/2023,CHO,VA,AEA,EN,Federal Contract Tower,10,42,53,2,107,0,29,64,0,93,10,71,117,2,200,82,0,82,282
04/17/2023,CHO,VA,AEA,EN,Federal Contract Tower,15,43,53,6,117,0,26,69,0,95,15,69,122,6,212,98,80,178,390
04/18/2023,CHO,VA,AEA,EN,Federal Contract Tower,15,44,57,8,124,0,17,73,0,90,15,61,130,8,214,88,90,178,392
04/19/2023,CHO,VA,AEA,EN,Federal Contract Tower,9,45,57,10,121,0,19,69,0,88,9,64,126,10,209,104,80,184,393
04/20/2023,CHO,VA,AEA,EN,Federal Contract Tower,13,44,56,8,121,0,17,81,0,98,13,61,137,8,219,136,68,204,423
04/21/2023,CHO,VA,AEA,EN,Federal Contract Tower,21,66,61,12,160,0,25,76,2,103,21,91,137,14,263,148,14,162,425
04/22/2023,CHO,VA,AEA,EN,Federal Contract Tower,12,58,55,0,125,0,12,64,0,76,12,70,119,0,201,20,0,20,221
04/23/2023,CHO,VA,AEA,EN,Federal Contract Tower,20,63,62,0,145,0,15,77,0,92,20,78,139,0,237,170,0,170,407
04/24/2023,CHO,VA,AEA,EN,Federal Contract Tower,12,50,55,12,129,0,15,93,2,110,12,65,148,14,239,132,62,194,433
04/25/2023,CHO,VA,AEA,EN,Federal Contract Tower,11,47,57,10,125,0,15,73,2,90,11,62,130,12,215,164,76,240,455
04/26/2023,CHO,VA,AEA,EN,Federal Contract Tower,12,43,63,12,130,0,21,102,0,123,12,64,165,12,253,144,66,210,463
04/27/2023,CHO,VA,AEA,EN,Federal Contract Tower,12,51,45,10,118,0,16,80,0,96,12,67,125,10,214,140,72,212,426
04/28/2023,CHO,VA,AEA,EN,Federal Contract Tower,13,49,56,0,118,0,0,0,0,0,13,49,56,0,118,0,0,0,118
04/29/2023,CHO,VA,AEA,EN,Federal Contract Tower,19,84,67,0,170,0,25,54,0,79,19,109,121,0,249,162,0,162,411
04/30/2023,CHO,VA,AEA,EN,Federal Contract Tower,13,58,69,0,140,0,0,1,0,1,13,58,70,0,141,12,0,12,153
05/01/2023,CHO,VA,AEA,EN,Federal Contract Tower,22,45,54,8,129,0,22,38,0,60,22,67,92,8,189,64,74,138,327
05/02/2023,CHO,VA,AEA,EN,Federal Contract Tower,20,68,55,6,149,0,22,76,0,98,20,90,131,6,247,134,64,198,445
05/03/2023,CHO,VA,AEA,EN,Federal Contract Tower,17,63,54,19,153,0,20,78,0,98,17,83,132,19,251,108,62,170,421
05/04/2023,CHO,VA,AEA,EN,Federal Contract Tower,18,59,54,8,139,0,21,90,0,111,18,80,144,8,250,128,56,184,434
05/05/2023,CHO,VA,AEA,EN,Federal Contract Tower,16,54,56,8,134,0,15,80,0,95,16,69,136,8,229,118,70,188,417
05/06/2023,CHO,VA,AEA,EN,Federal Contract Tower,22,63,60,0,145,0,19,87,0,106,22,82,147,0,251,120,0,120,371
05/07/2023,CHO,VA,AEA,EN,Federal Contract Tower,26,88,53,0,167,0,25,65,0,90,26,113,118,0,257,120,0,120,377
05/08/2023,CHO,VA,AEA,EN,Federal Contract Tower,17,60,53,21,151,0,24,53,0,77,17,84,106,21,228,116,58,174,402
05/09/2023,CHO,VA,AEA,EN,Federal Contract Tower,12,41,46,8,107,0,17,55,0,72,12,58,101,8,179,92,64,156,335
05/10/2023,CHO,VA,AEA,EN,Federal Contract Tower,10,49,58,10,127,0,16,71,0,87,10,65,129,10,214,84,72,156,370
05/11/2023,CHO,VA,AEA,EN,Federal Contract Tower,16,54,40,12,122,0,12,78,0,90,16,66,118,12,212,130,78,208,420
05/12/2023,CHO,VA,AEA,EN,Federal Contract Tower,16,60,60,10,146,0,21,90,0,111,16,81,150,10,257,120,80,200,457
05/13/2023,CHO,VA,AEA,EN,Federal Contract Tower,20,71,58,0,149,0,15,65,0,80,20,86,123,0,229,50,0,50,279
05/14/2023,CHO,VA,AEA,EN,Federal Contract Tower,10,41,53,0,104,0,15,81,0,96,10,56,134,0,200,140,0,140,340
05/15/2023,CHO,VA,AEA,EN,Federal Contract Tower,11,42,39,8,100,0,12,61,0,73,11,54,100,8,173,90,72,162,335
05/16/2023,CHO,VA,AEA,EN,Federal Contract Tower,9,43,60,8,120,0,13,68,0,81,9,56,128,8,201,92,66,158,359
05/17/2023,CHO,VA,AEA,EN,Federal Contract Tower,10,44,49,6,109,0,12,69,0,81,10,56,118,6,190,106,48,154,344
05/18/2023,CHO,VA,AEA,EN,Federal Contract Tower,15,51,34,6,106,0,14,68,0,82,15,65,102,6,188,140,62,202,390
05/19/2023,CHO,VA,AEA,EN,Federal Contract Tower,27,90,77,12,206,0,19,84,0,103,27,109,161,12,309,116,80,196,505
05/20/2023,CHO,VA,AEA,EN,Federal Contract Tower,15,49,51,0,115,0,18,75,0,93,15,67,126,0,208,90,0,90,298
05/21/2023,CHO,VA,AEA,EN,Federal Contract Tower,13,97,102,0,212,0,22,96,0,118,13,119,198,0,330,166,0,166,496
05/22/2023,CHO,VA,AEA,EN,Federal Contract Tower,12,68,59,6,145,0,23,64,0,87,12,91,123,6,232,122,56,178,410
05/23/2023,CHO,VA,AEA,EN,Federal Contract Tower,15,50,66,10,141,0,17,75,0,92,15,67,141,10,233,114,42,156,389
05/24/2023,CHO,VA,AEA,EN,Federal Contract Tower,20,52,59,1,132,0,22,81,0,103,20,74,140,1,235,134,18,152,387
05/25/2023,CHO,VA,AEA,EN,Federal Contract Tower,19,50,52,10,131,0,10,53,1,64,19,60,105,11,195,76,60,136,331
05/26/2023,CHO,VA,AEA,EN,Federal Contract Tower,15,47,67,6,135,0,21,79,0,100,15,68,146,6,235,160,62,222,457
05/27/2023,CHO,VA,AEA,EN,Federal Contract Tower,13,63,47,6,129,0,23,68,0,91,13,86,115,6,220,110,0,110,330
05/28/2023,CHO,VA,AEA,EN,Federal Contract Tower,12,68,56,0,136,0,21,74,0,95,12,89,130,0,231,186,0,186,417
05/29/2023,CHO,VA,AEA,EN,Federal Contract Tower,13,58,80,0,151,0,0,1,0,1,13,58,81,0,152,4,0,4,156
05/30/2023,CHO,VA,AEA,EN,Federal Contract Tower,16,50,52,0,118,0,11,57,0,68,16,61,109,0,186,100,0,100,286
05/31/2023,CHO,VA,AEA,EN,Federal Contract Tower,16,63,80,6,165,0,21,84,0,105,16,84,164,6,270,176,60,236,506
06/01/2023,CHO,VA,AEA,EN,Federal Contract Tower,16,49,65,7,137,0,14,66,0,80,16,63,131,7,217,98,74,172,389
06/02/2023,CHO,VA,AEA,EN,Federal Contract Tower,11,45,18,0,74,0,14,57,1,72,11,59,75,1,146,58,30,88,234
06/03/2023,CHO,VA,AEA,EN,Federal Contract Tower,11,47,69,0,127,0,13,91,0,104,11,60,160,0,231,168,0,168,399
06/04/2023,CHO,VA,AEA,EN,Federal Contract Tower,14,73,86,0,173,0,22,87,0,109,14,95,173,0,282,170,0,170,452
06/05/2023,CHO,VA,AEA,EN,Federal Contract Tower,15,44,57,8,124,2,22,60,0,84,17,66,117,8,208,136,56,192,400
06/06/2023,CHO,VA,AEA,EN,Federal Contract Tower,15,43,53,6,117,0,19,68,0,87,15,62,121,6,204,86,70,156,360
06/07/2023,CHO,VA,AEA,EN,Federal Contract Tower,19,58,74,8,159,0,25,78,0,103,19,83,152,8,262,155,56,211,473
06/08/2023,CHO,VA,AEA,EN,Federal Contract Tower,16,51,58,6,131,0,0,16,0,16,16,51,74,6,147,88,0,88,235
06/09/2023,CHO,VA,AEA,EN,Federal Contract Tower,13,43,52,8,116,0,17,98,0,115,13,60,150,8,231,134,50,184,415
06/10/2023,CHO,VA,AEA,EN,Federal Contract Tower,14,53,68,0,135,0,12,67,1,80,14,65,135,1,215,102,0,102,317
06/11/2023,CHO,VA,AEA,EN,Federal Contract Tower,15,80,60,0,155,0,10,69,0,79,15,90,129,0,234,132,0,132,366
06/12/2023,CHO,VA,AEA,EN,Federal Contract Tower,14,57,53,0,124,0,12,63,0,75,14,69,116,0,199,154,0,154,353
06/13/2023,CHO,VA,AEA,EN,Federal Contract Tower,9,44,26,8,87,0,16,54,0,70,9,60,80,8,157,94,54,148,305
06/14/2023,CHO,VA,AEA,EN,Federal Contract Tower,18,46,44,9,117,0,12,68,8,88,18,58,112,17,205,18,44,62,267
06/15/2023,CHO,VA,AEA,EN,Federal Contract Tower,17,63,39,6,125,0,25,91,0,116,17,88,130,6,241,178,54,232,473
06/16/2023,CHO,VA,AEA,EN,Federal Contract Tower,16,62,67,6,151,0,23,81,0,104,16,85,148,6,255,80,64,144,399
06/17/2023,CHO,VA,AEA,EN,Federal Contract Tower,17,74,65,0,156,2,15,81,0,98,19,89,146,0,254,106,0,106,360
06/18/2023,CHO,VA,AEA,EN,Federal Contract Tower,16,78,69,0,163,0,12,84,0,96,16,90,153,0,259,206,0,206,465
06/19/2023,CHO,VA,AEA,EN,Federal Contract Tower,19,54,66,5,144,0,7,42,0,49,19,61,108,5,193,70,0,70,263
06/20/2023,CHO,VA,AEA,EN,Federal Contract Tower,6,35,30,0,71,0,0,0,0,0,6,35,30,0,71,0,0,0,71
06/21/2023,CHO,VA,AEA,EN,Federal Contract Tower,7,37,29,0,73,0,0,0,0,0,7,37,29,0,73,0,0,0,73
06/22/2023,CHO,VA,AEA,EN,Federal Contract Tower,13,53,55,0,121,0,0,0,0,0,13,53,55,0,121,0,0,0,121
06/23/2023,CHO,VA,AEA,EN,Federal Contract Tower,12,68,70,0,150,0,0,0,0,0,12,68,70,0,150,0,0,0,150
06/24/2023,CHO,VA,AEA,EN,Federal Contract Tower,16,68,59,0,143,0,6,31,0,37,16,74,90,0,180,4,0,4,184
06/25/2023,CHO,VA,AEA,EN,Federal Contract Tower,20,78,42,0,140,0,10,83,0,93,20,88,125,0,233,212,0,212,445
06/26/2023,CHO,VA,AEA,EN,Federal Contract Tower,11,44,54,8,117,0,12,60,0,72,11,56,114,8,189,84,56,140,329
06/27/2023,CHO,VA,AEA,EN,Federal Contract Tower,11,25,19,4,59,0,7,68,9,84,11,32,87,13,143,185,42,227,370
06/28/2023,CHO,VA,AEA,EN,Federal Contract Tower,17,84,65,2,168,0,15,59,0,74,17,99,124,2,242,122,10,132,374
06/29/2023,CHO,VA,AEA,EN,Federal Contract Tower,18,65,78,0,161,0,0,0,0,0,18,65,78,0,161,0,0,0,161
06/30/2023,CHO,VA,AEA,EN,Federal Contract Tower,15,60,72,0,147,0,0,4,0,4,15,60,76,0,151,0,0,0,151
07/01/2023,CHO,VA,AEA,EN,Federal Contract Tower,18,67,67,0,152,0,4,32,0,36,18,71,99,0,188,36,0,36,224
07/02/2023,CHO,VA,AEA,EN,Federal Contract Tower,18,57,56,0,131,0,6,67,0,73,18,63,123,0,204,134,0,134,338
07/03/2023,CHO,VA,AEA,EN,Federal Contract Tower,11,45,53,8,117,0,15,67,0,82,11,60,120,8,199,114,52,166,365
07/04/2023,CHO,VA,AEA,EN,Federal Contract Tower,11,47,61,0,119,0,16,89,0,105,11,63,150,0,224,146,0,146,370
07/05/2023,CHO,VA,AEA,EN,Federal Contract Tower,16,72,55,0,143,0,4,63,0,67,16,76,118,0,210,144,0,144,354
07/06/2023,CHO,VA,AEA,EN,Federal Contract Tower,11,51,59,10,131,0,15,67,0,82,11,66,126,10,213,98,88,186,399
07/07/2023,CHO,VA,AEA,EN,Federal Contract Tower,20,62,58,6,146,0,19,79,8,106,20,81,137,14,252,166,60,226,478
07/08/2023,CHO,VA,AEA,EN,Federal Contract Tower,16,75,74,0,165,0,14,71,0,85,16,89,145,0,250,128,0,128,378
07/09/2023,CHO,VA,AEA,EN,Federal Contract Tower,19,67,62,0,148,0,2,4,0,6,19,69,66,0,154,0,0,0,154
07/10/2023,CHO,VA,AEA,EN,Federal Contract Tower,11,50,52,0,113,0,0,58,0,58,11,50,110,0,171,126,0,126,297
07/11/2023,CHO,VA,AEA,EN,Federal Contract Tower,6,60,64,0,130,0,9,70,5,84,6,69,134,5,214,154,0,154,368
07/12/2023,CHO,VA,AEA,EN,Federal Contract Tower,12,52,56,4,124,0,9,86,1,96,12,61,142,5,220,142,0,142,362
07/13/2023,CHO,VA,AEA,EN,Federal Contract Tower,10,52,55,10,127,0,7,53,0,60,10,59,108,10,187,64,0,64,251
07/14/2023,CHO,VA,AEA,EN,Federal Contract Tower,16,76,49,12,153,0,17,78,8,103,16,93,127,20,256,131,56,187,443
07/15/2023,CHO,VA,AEA,EN,Federal Contract Tower,13,52,56,0,121,0,7,30,0,37,13,59,86,0,158,96,0,96,254
07/16/2023,CHO,VA,AEA,EN,Federal Contract Tower,14,47,41,0,102,0,4,63,0,67,14,51,104,0,169,136,0,136,305
07/17/2023,CHO,VA,AEA,EN,Federal Contract Tower,16,61,46,0,123,0,8,48,0,56,16,69,94,0,179,72,0,72,251
07/18/2023,CHO,VA,AEA,EN,Federal Contract Tower,9,50,49,4,112,0,0,40,7,47,9,50,89,11,159,128,24,152,311
07/19/2023,CHO,VA,AEA,EN,Federal Contract Tower,15,63,45,6,129,0,0,47,7,54,15,63,92,13,183,94,28,122,305
07/20/2023,CHO,VA,AEA,EN,Federal Contract Tower,13,58,48,8,127,0,16,78,6,100,13,74,126,14,227,120,38,158,385
07/21/2023,CHO,VA,AEA,EN,Federal Contract Tower,8,70,79,0,157,0,5,51,5,61,8,75,130,5,218,84,0,84,302
07/22/2023,CHO,VA,AEA,EN,Federal Contract Tower,7,49,59,3,118,0,9,72,4,85,7,58,131,7,203,58,0,58,261
07/23/2023,CHO,VA,AEA,EN,Federal Contract Tower,11,62,64,0,137,0,0,54,0,54,11,62,118,0,191,102,0,102,293
07/24/2023,CHO,VA,AEA,EN,Federal Contract Tower,10,52,58,10,130,0,13,77,0,90,10,65,135,10,220,134,74,208,428
07/25/2023,CHO,VA,AEA,EN,Federal Contract Tower,12,48,33,0,93,0,4,48,1,53,12,52,81,1,146,106,2,108,254
07/26/2023,CHO,VA,AEA,EN,Federal Contract Tower,8,60,64,5,137,13,58,0,0,71,21,118,64,5,208,56,22,78,286
07/27/2023,CHO,VA,AEA,EN,Federal Contract Tower,15,51,51,10,127,0,20,63,0,83,15,71,114,10,210,108,58,166,376
07/28/2023,CHO,VA,AEA,EN,Federal Contract Tower,13,41,52,10,116,0,15,60,0,75,13,56,112,10,191,84,66,150,341
07/29/2023,CHO,VA,AEA,EN,Federal Contract Tower,11,57,48,0,116,0,14,56,0,70,11,71,104,0,186,80,10,90,276
07/30/2023,CHO,VA,AEA,EN,Federal Contract Tower,16,74,66,0,156,0,10,76,0,86,16,84,142,0,242,130,0,130,372
07/31/2023,CHO,VA,AEA,EN,Federal Contract Tower,13,54,66,10,143,0,18,86,0,104,13,72,152,10,247,146,72,218,465
08/01/2023,CHO,VA,AEA,EN,Federal Contract Tower,24,43,29,0,96,0,8,52,1,61,24,51,81,1,157,136,12,148,305
08/02/2023,CHO,VA,AEA,EN,Federal Contract Tower,16,68,49,6,139,0,8,66,3,77,16,76,115,9,216,114,8,122,338
08/03/2023,CHO,VA,AEA,EN,Federal Contract Tower,11,56,53,10,130,0,13,59,0,72,11,69,112,10,202,108,70,178,380
08/04/2023,CHO,VA,AEA,EN,Federal Contract Tower,24,44,51,0,119,0,11,72,0,83,24,55,123,0,202,165,0,165,367
08/05/2023,CHO,VA,AEA,EN,Federal Contract Tower,13,43,40,0,96,0,0,40,0,40,13,43,80,0,136,76,0,76,212
08/06/2023,CHO,VA,AEA,EN,Federal Contract Tower,13,58,56,0,127,0,18,57,0,75,13,76,113,0,202,120,0,120,322
08/07/2023,CHO,VA,AEA,EN,Federal Contract Tower,14,49,51,10,124,0,19,72,0,91,14,68,123,10,215,106,56,162,377
08/08/2023,CHO,VA,AEA,EN,Federal Contract Tower,15,67,51,0,133,0,8,52,4,64,15,75,103,4,197,114,40,154,351
08/09/2023,CHO,VA,AEA,EN,Federal Contract Tower,17,54,48,6,125,0,16,62,0,78,17,70,110,6,203,84,18,102,305
08/10/2023,CHO,VA,AEA,EN,Federal Contract Tower,8,59,68,10,145,0,26,72,1,99,8,85,140,11,244,114,80,194,438
08/11/2023,CHO,VA,AEA,EN,Federal Contract Tower,16,79,67,12,174,0,16,96,6,118,16,95,163,18,292,144,56,200,492
08/12/2023,CHO,VA,AEA,EN,Federal Contract Tower,26,38,30,0,94,0,6,55,0,61,26,44,85,0,155,64,0,64,219
08/13/2023,CHO,VA,AEA,EN,Federal Contract Tower,18,70,48,0,136,0,14,71,0,85,18,84,119,0,221,188,0,188,409
08/14/2023,CHO,VA,AEA,EN,Federal Contract Tower,10,48,61,10,129,0,16,84,0,100,10,64,145,10,229,130,80,210,439
08/15/2023,CHO,VA,AEA,EN,Federal Contract Tower,10,42,49,2,103,0,16,40,1,57,10,58,89,3,160,98,10,108,268
08/16/2023,CHO,VA,AEA,EN,Federal Contract Tower,11,45,30,0,86,0,0,56,3,59,11,45,86,3,145,216,2,218,363
08/17/2023,CHO,VA,AEA,EN,Federal Contract Tower,12,64,68,12,156,0,32,78,0,110,12,96,146,12,266,218,74,292,558
08/18/2023,CHO,VA,AEA,EN,Federal Contract Tower,15,50,65,8,138,0,17,85,0,102,15,67,150,8,240,138,62,200,440
08/19/2023,CHO,VA,AEA,EN,Federal Contract Tower,18,36,32,0,86,0,14,63,0,77,18,50,95,0,163,98,0,98,261
08/20/2023,CHO,VA,AEA,EN,Federal Contract Tower,19,88,65,0,172,0,15,87,0,102,19,103,152,0,274,160,0,160,434
08/21/2023,CHO,VA,AEA,EN,Federal Contract Tower,13,56,56,10,135,0,19,79,2,100,13,75,135,12,235,190,84,274,509
08/22/2023,CHO,VA,AEA,EN,Federal Contract Tower,15,55,42,10,122,0,22,69,0,91,15,77,111,10,213,178,72,250,463
08/23/2023,CHO,VA,AEA,EN,Federal Contract Tower,17,84,69,6,176,0,16,86,0,102,17,100,155,6,278,98,18,116,394
08/24/2023,CHO,VA,AEA,EN,Federal Contract Tower,12,57,54,12,135,0,23,71,0,94,12,80,125,12,229,156,98,254,483
08/25/2023,CHO,VA,AEA,EN,Federal Contract Tower,12,54,65,8,139,0,23,83,0,106,12,77,148,8,245,141,66,207,452
08/26/2023,CHO,VA,AEA,EN,Federal Contract Tower,19,38,33,0,90,0,9,54,3,66,19,47,87,3,156,158,12,170,326
08/27/2023,CHO,VA,AEA,EN,Federal Contract Tower,8,52,54,0,114,0,13,66,0,79,8,65,120,0,193,150,0,150,343
08/29/2023,CHO,VA,AEA,EN,Federal Contract Tower,10,57,64,0,131,0,8,50,0,58,10,65,114,0,189,124,0,124,313
08/30/2023,CHO,VA,AEA,EN,Federal Contract Tower,10,52,59,8,129,0,16,73,2,91,10,68,132,10,220,144,76,220,440
08/31/2023,CHO,VA,AEA,EN,Federal Contract Tower,10,47,55,10,122,0,23,75,0,98,10,70,130,10,220,144,84,228,448
