01/01/2000,CHS,SC,ASO,ES,Towers with Radar,19,32,23,1,75,10,1,41,0,52,29,33,64,1,127,12,0,12,139
01/02/2000,CHS,SC,ASO,ES,Towers with Radar,38,50,43,2,133,0,0,32,0,32,38,50,75,2,165,10,0,10,175
01/03/2000,CHS,SC,ASO,ES,Towers with Radar,40,64,46,44,194,0,8,18,0,26,40,72,64,44,220,6,214,220,440
01/04/2000,CHS,SC,ASO,ES,Towers with Radar,39,60,39,68,206,2,7,0,0,9,41,67,39,68,215,0,232,232,447
01/05/2000,CHS,SC,ASO,ES,Towers with Radar,42,66,51,56,215,0,0,24,0,24,42,66,75,56,239,18,220,238,477
01/06/2000,CHS,SC,ASO,ES,Towers with Radar,46,63,56,59,224,0,0,33,0,33,46,63,89,59,257,26,218,244,501
01/07/2000,CHS,SC,ASO,ES,Towers with Radar,37,66,48,65,216,0,6,23,0,29,37,72,71,65,245,30,108,138,383
01/08/2000,CHS,SC,ASO,ES,Towers with Radar,35,57,42,36,170,3,10,66,0,79,38,67,108,36,249,38,6,44,293
01/09/2000,CHS,SC,ASO,ES,Towers with Radar,37,54,44,38,173,0,0,29,0,29,37,54,73,38,202,30,100,130,332
01/10/2000,CHS,SC,ASO,ES,Towers with Radar,33,54,40,53,180,5,5,14,0,24,38,59,54,53,204,4,104,108,312
01/11/2000,CHS,SC,ASO,ES,Towers with Radar,47,71,62,109,289,0,0,47,30,77,47,71,109,139,366,54,234,288,654
01/12/2000,CHS,SC,ASO,ES,Towers with Radar,42,71,52,53,218,0,7,62,0,69,42,78,114,53,287,50,152,202,489
01/13/2000,CHS,SC,ASO,ES,Towers with Radar,41,65,54,72,232,0,0,39,0,39,41,65,93,72,271,10,182,192,463
01/14/2000,CHS,SC,ASO,ES,Towers with Radar,46,64,57,76,243,0,0,39,0,39,46,64,96,76,282,6,170,176,458
01/15/2000,CHS,SC,ASO,ES,Towers with Radar,29,47,35,20,131,8,5,61,0,74,37,52,96,20,205,14,42,56,261
01/16/2000,CHS,SC,ASO,ES,Towers with Radar,29,47,35,17,128,7,6,29,0,42,36,53,64,17,170,12,18,30,200
01/17/2000,CHS,SC,ASO,ES,Towers with Radar,33,54,41,14,142,5,12,45,0,62,38,66,86,14,204,8,10,18,222
01/18/2000,CHS,SC,ASO,ES,Towers with Radar,31,51,33,46,161,6,11,0,0,17,37,62,33,46,178,4,96,100,278
01/19/2000,CHS,SC,ASO,ES,Towers with Radar,38,70,56,68,232,0,0,21,0,21,38,70,77,68,253,40,202,242,495
01/20/2000,CHS,SC,ASO,ES,Towers with Radar,45,67,57,85,254,0,0,34,0,34,45,67,91,85,288,30,253,283,571
01/21/2000,CHS,SC,ASO,ES,Towers with Radar,38,67,54,79,238,0,0,76,0,76,38,67,130,79,314,44,118,162,476
01/22/2000,CHS,SC,ASO,ES,Towers with Radar,36,56,43,37,172,1,17,37,0,55,37,73,80,37,227,48,96,144,371
01/23/2000,CHS,SC,ASO,ES,Towers with Radar,25,46,27,23,121,0,2,0,0,2,25,48,27,23,123,10,32,42,165
01/24/2000,CHS,SC,ASO,ES,Towers with Radar,41,59,32,39,171,0,2,0,0,2,41,61,32,39,173,0,108,108,281
01/25/2000,CHS,SC,ASO,ES,Towers with Radar,27,40,31,46,144,5,0,33,0,38,32,40,64,46,182,12,140,152,334
01/26/2000,CHS,SC,ASO,ES,Towers with Radar,32,58,45,57,192,0,0,14,0,14,32,58,59,57,206,34,254,288,494
01/27/2000,CHS,SC,ASO,ES,Towers with Radar,43,47,48,58,196,0,0,60,0,60,43,47,108,58,256,26,154,180,436
01/28/2000,CHS,SC,ASO,ES,Towers with Radar,21,34,24,45,124,9,25,56,38,128,30,59,80,83,252,6,280,286,538
01/29/2000,CHS,SC,ASO,ES,Towers with Radar,25,46,11,44,126,0,2,1,0,3,25,48,12,44,129,12,154,166,295
01/30/2000,CHS,SC,ASO,ES,Towers with Radar,24,38,21,18,101,0,2,1,0,3,24,40,22,18,104,18,0,18,122
01/31/2000,CHS,SC,ASO,ES,Towers with Radar,38,64,50,59,211,0,0,26,0,26,38,64,76,59,237,20,182,202,439
02/01/2000,CHS,SC,ASO,ES,Towers with Radar,36,81,70,52,239,0,1,51,0,52,36,82,121,52,291,112,220,332,623
02/02/2000,CHS,SC,ASO,ES,Towers with Radar,39,68,66,60,233,0,15,43,0,58,39,83,109,60,291,22,168,190,481
02/03/2000,CHS,SC,ASO,ES,Towers with Radar,36,71,67,68,242,0,5,42,0,47,36,76,109,68,289,40,204,244,533
02/04/2000,CHS,SC,ASO,ES,Towers with Radar,33,62,60,60,215,0,6,25,0,31,33,68,85,60,246,12,154,166,412
02/05/2000,CHS,SC,ASO,ES,Towers with Radar,27,41,40,30,138,11,11,37,0,59,38,52,77,30,197,14,56,70,267
02/06/2000,CHS,SC,ASO,ES,Towers with Radar,32,51,49,26,158,6,4,83,0,93,38,55,132,26,251,24,14,38,289
02/07/2000,CHS,SC,ASO,ES,Towers with Radar,32,53,51,51,187,0,4,30,0,34,32,57,81,51,221,40,156,196,417
02/08/2000,CHS,SC,ASO,ES,Towers with Radar,34,54,52,37,177,8,11,28,0,47,42,65,80,37,224,32,106,138,362
02/09/2000,CHS,SC,ASO,ES,Towers with Radar,35,63,61,51,210,0,5,38,0,43,35,68,99,51,253,42,116,158,411
02/10/2000,CHS,SC,ASO,ES,Towers with Radar,38,67,65,42,212,0,12,58,0,70,38,79,123,42,282,60,134,194,476
02/11/2000,CHS,SC,ASO,ES,Towers with Radar,44,74,71,85,274,0,2,42,28,72,44,76,113,113,346,24,218,242,588
02/12/2000,CHS,SC,ASO,ES,Towers with Radar,28,46,45,36,155,10,9,26,0,45,38,55,71,36,200,46,80,126,326
02/13/2000,CHS,SC,ASO,ES,Towers with Radar,37,50,59,39,185,17,0,17,0,34,54,50,76,39,219,16,22,38,257
02/14/2000,CHS,SC,ASO,ES,Towers with Radar,31,51,48,60,190,9,9,0,15,33,40,60,48,75,223,8,96,104,327
02/15/2000,CHS,SC,ASO,ES,Towers with Radar,44,74,78,79,275,0,0,65,0,65,44,74,143,79,340,32,134,166,506
02/16/2000,CHS,SC,ASO,ES,Towers with Radar,42,67,65,33,207,0,0,106,0,106,42,67,171,33,313,72,90,162,475
02/17/2000,CHS,SC,ASO,ES,Towers with Radar,38,76,91,64,269,0,0,38,0,38,38,76,129,64,307,18,180,198,505
02/18/2000,CHS,SC,ASO,ES,Towers with Radar,41,58,65,59,223,4,0,46,0,50,45,58,111,59,273,34,142,176,449
02/19/2000,CHS,SC,ASO,ES,Towers with Radar,33,54,53,37,177,7,5,41,0,53,40,59,94,37,230,22,114,136,366
02/20/2000,CHS,SC,ASO,ES,Towers with Radar,40,54,67,30,191,0,0,66,0,66,40,54,133,30,257,24,24,48,305
02/21/2000,CHS,SC,ASO,ES,Towers with Radar,37,57,59,25,178,12,0,86,0,98,49,57,145,25,276,34,20,54,330
02/22/2000,CHS,SC,ASO,ES,Towers with Radar,37,65,64,56,222,0,1,55,0,56,37,66,119,56,278,34,100,134,412
02/23/2000,CHS,SC,ASO,ES,Towers with Radar,37,73,79,65,254,0,0,30,0,30,37,73,109,65,284,56,216,272,556
02/24/2000,CHS,SC,ASO,ES,Towers with Radar,44,69,78,91,282,0,0,12,25,37,44,69,90,116,319,20,198,218,537
02/25/2000,CHS,SC,ASO,ES,Towers with Radar,37,74,72,71,254,0,5,45,0,50,37,79,117,71,304,16,154,170,474
02/26/2000,CHS,SC,ASO,ES,Towers with Radar,34,55,54,29,172,3,4,53,0,60,37,59,107,29,232,26,18,44,276
02/27/2000,CHS,SC,ASO,ES,Towers with Radar,33,52,51,37,173,7,1,25,0,33,40,53,76,37,206,22,30,52,258
02/28/2000,CHS,SC,ASO,ES,Towers with Radar,41,61,77,91,270,0,0,2,71,73,41,61,79,162,343,12,282,294,637
02/29/2000,CHS,SC,ASO,ES,Towers with Radar,44,68,77,91,280,0,0,35,27,62,44,68,112,118,342,38,226,264,606
03/01/2000,CHS,SC,ASO,ES,Towers with Radar,42,74,71,76,263,0,0,53,24,77,42,74,124,100,340,52,227,279,619
03/02/2000,CHS,SC,ASO,ES,Towers with Radar,38,83,69,53,243,0,0,32,0,32,38,83,101,53,275,28,156,184,459
03/03/2000,CHS,SC,ASO,ES,Towers with Radar,39,84,73,56,252,0,0,54,0,54,39,84,127,56,306,36,92,128,434
03/04/2000,CHS,SC,ASO,ES,Towers with Radar,41,77,54,31,203,1,1,8,0,10,42,78,62,31,213,50,16,66,279
03/05/2000,CHS,SC,ASO,ES,Towers with Radar,40,61,64,67,232,10,0,55,5,70,50,61,119,72,302,50,80,130,432
03/06/2000,CHS,SC,ASO,ES,Towers with Radar,39,57,61,66,223,8,0,32,22,62,47,57,93,88,285,34,198,232,517
03/07/2000,CHS,SC,ASO,ES,Towers with Radar,44,67,68,73,252,7,0,82,3,92,51,67,150,76,344,44,174,218,562
03/08/2000,CHS,SC,ASO,ES,Towers with Radar,46,69,71,75,261,0,0,45,12,57,46,69,116,87,318,30,210,240,558
03/09/2000,CHS,SC,ASO,ES,Towers with Radar,48,84,73,63,268,1,0,64,0,65,49,84,137,63,333,28,136,164,497
03/10/2000,CHS,SC,ASO,ES,Towers with Radar,36,71,73,61,241,0,0,44,0,44,36,71,117,61,285,20,204,224,509
03/11/2000,CHS,SC,ASO,ES,Towers with Radar,26,46,39,35,146,15,13,2,0,30,41,59,41,35,176,20,102,122,298
03/12/2000,CHS,SC,ASO,ES,Towers with Radar,37,58,56,44,195,7,0,18,0,25,44,58,74,44,220,14,36,50,270
03/13/2000,CHS,SC,ASO,ES,Towers with Radar,31,54,47,27,159,6,17,27,0,50,37,71,74,27,209,38,30,68,277
03/14/2000,CHS,SC,ASO,ES,Towers with Radar,36,73,63,50,222,0,5,11,0,16,36,78,74,50,238,42,114,156,394
03/15/2000,CHS,SC,ASO,ES,Towers with Radar,39,81,57,34,211,0,2,60,0,62,39,83,117,34,273,16,116,132,405
03/16/2000,CHS,SC,ASO,ES,Towers with Radar,39,81,69,57,246,0,2,12,0,14,39,83,81,57,260,12,126,138,398
03/17/2000,CHS,SC,ASO,ES,Towers with Radar,41,77,73,58,249,0,0,33,0,33,41,77,106,58,282,12,98,110,392
03/18/2000,CHS,SC,ASO,ES,Towers with Radar,38,66,57,36,197,2,1,9,0,12,40,67,66,36,209,38,46,84,293
03/19/2000,CHS,SC,ASO,ES,Towers with Radar,36,59,56,27,178,0,0,6,0,6,36,59,62,27,184,8,12,20,204
03/20/2000,CHS,SC,ASO,ES,Towers with Radar,31,54,47,41,173,9,13,33,0,55,40,67,80,41,228,10,96,106,334
03/21/2000,CHS,SC,ASO,ES,Towers with Radar,38,68,59,41,206,3,11,28,0,42,41,79,87,41,248,30,90,120,368
03/22/2000,CHS,SC,ASO,ES,Towers with Radar,35,72,62,32,201,0,7,65,0,72,35,79,127,32,273,24,86,110,383
03/23/2000,CHS,SC,ASO,ES,Towers with Radar,39,77,66,42,224,0,9,23,0,32,39,86,89,42,256,20,110,130,386
03/24/2000,CHS,SC,ASO,ES,Towers with Radar,45,88,75,52,260,0,1,49,0,50,45,89,124,52,310,20,134,154,464
03/25/2000,CHS,SC,ASO,ES,Towers with Radar,31,57,47,16,151,9,8,81,0,98,40,65,128,16,249,20,44,64,313
03/26/2000,CHS,SC,ASO,ES,Towers with Radar,39,65,58,21,183,0,0,54,0,54,39,65,112,21,237,20,26,46,283
03/27/2000,CHS,SC,ASO,ES,Towers with Radar,31,56,46,18,151,9,15,13,0,37,40,71,59,18,188,0,16,16,204
03/28/2000,CHS,SC,ASO,ES,Towers with Radar,37,65,55,31,188,0,8,53,0,61,37,73,108,31,249,40,50,90,339
03/29/2000,CHS,SC,ASO,ES,Towers with Radar,37,79,66,50,232,0,0,59,0,59,37,79,125,50,291,14,162,176,467
03/30/2000,CHS,SC,ASO,ES,Towers with Radar,36,74,62,50,222,0,4,12,0,16,36,78,74,50,238,42,114,156,394
03/31/2000,CHS,SC,ASO,ES,Towers with Radar,48,90,80,50,268,0,0,74,0,74,48,90,154,50,342,36,188,224,566
04/01/2000,CHS,SC,ASO,ES,Towers with Radar,34,61,50,14,159,8,19,67,0,94,42,80,117,14,253,12,30,42,295
04/02/2000,CHS,SC,ASO,ES,Towers with Radar,38,69,57,23,187,4,1,40,0,45,42,70,97,23,232,12,14,26,258
04/03/2000,CHS,SC,ASO,ES,Towers with Radar,37,67,55,53,212,1,6,17,0,24,38,73,72,53,236,10,124,134,370
04/04/2000,CHS,SC,ASO,ES,Towers with Radar,37,66,55,48,206,2,20,14,0,36,39,86,69,48,242,10,114,124,366
04/05/2000,CHS,SC,ASO,ES,Towers with Radar,42,76,63,50,231,0,9,54,0,63,42,85,117,50,294,44,140,184,478
04/06/2000,CHS,SC,ASO,ES,Towers with Radar,38,71,59,48,216,12,13,61,0,86,50,84,120,48,302,120,102,222,524
04/07/2000,CHS,SC,ASO,ES,Towers with Radar,49,76,74,57,256,1,0,55,0,56,50,76,129,57,312,92,102,194,506
04/08/2000,CHS,SC,ASO,ES,Towers with Radar,35,64,53,39,191,8,1,35,0,44,43,65,88,39,235,16,36,52,287
04/09/2000,CHS,SC,ASO,ES,Towers with Radar,36,60,55,26,177,10,0,66,0,76,46,60,121,26,253,12,16,28,281
04/10/2000,CHS,SC,ASO,ES,Towers with Radar,40,71,77,81,269,0,0,78,0,78,40,71,155,81,347,36,170,206,553
04/11/2000,CHS,SC,ASO,ES,Towers with Radar,43,81,74,66,264,0,0,32,0,32,43,81,106,66,296,58,158,216,512
04/12/2000,CHS,SC,ASO,ES,Towers with Radar,35,75,71,61,242,0,0,43,0,43,35,75,114,61,285,12,162,174,459
04/13/2000,CHS,SC,ASO,ES,Towers with Radar,44,77,88,87,296,0,0,26,0,26,44,77,114,87,322,24,92,116,438
04/14/2000,CHS,SC,ASO,ES,Towers with Radar,21,39,32,17,109,4,6,4,0,14,25,45,36,17,123,6,36,42,165
04/15/2000,CHS,SC,ASO,ES,Towers with Radar,37,68,56,40,201,5,9,21,0,35,42,77,77,40,236,6,22,28,264
04/16/2000,CHS,SC,ASO,ES,Towers with Radar,41,61,63,35,200,1,0,48,0,49,42,61,111,35,249,14,6,20,269
04/17/2000,CHS,SC,ASO,ES,Towers with Radar,35,72,60,62,229,0,6,10,0,16,35,78,70,62,245,4,242,246,491
04/18/2000,CHS,SC,ASO,ES,Towers with Radar,40,78,63,69,250,0,1,33,7,41,40,79,96,76,291,22,118,140,431
04/19/2000,CHS,SC,ASO,ES,Towers with Radar,38,85,75,64,262,0,0,43,0,43,38,85,118,64,305,28,196,224,529
04/20/2000,CHS,SC,ASO,ES,Towers with Radar,38,84,74,73,269,0,0,44,0,44,38,84,118,73,313,10,116,126,439
04/21/2000,CHS,SC,ASO,ES,Towers with Radar,39,74,60,65,238,0,0,22,0,22,39,74,82,65,260,0,144,144,404
04/22/2000,CHS,SC,ASO,ES,Towers with Radar,34,63,51,26,174,7,14,51,0,72,41,77,102,26,246,44,22,66,312
04/23/2000,CHS,SC,ASO,ES,Towers with Radar,35,59,53,12,159,4,0,44,0,48,39,59,97,12,207,22,0,22,229
04/24/2000,CHS,SC,ASO,ES,Towers with Radar,39,71,68,53,231,0,0,24,0,24,39,71,92,53,255,4,136,140,395
04/25/2000,CHS,SC,ASO,ES,Towers with Radar,38,72,57,54,221,8,26,5,0,39,46,98,62,54,260,46,104,150,410
04/26/2000,CHS,SC,ASO,ES,Towers with Radar,40,80,65,46,231,0,17,36,0,53,40,97,101,46,284,25,93,118,402
04/27/2000,CHS,SC,ASO,ES,Towers with Radar,42,85,77,59,263,0,0,45,0,45,42,85,122,59,308,22,156,178,486
04/28/2000,CHS,SC,ASO,ES,Towers with Radar,44,82,67,59,252,1,3,20,0,24,45,85,87,59,276,12,116,128,404
04/29/2000,CHS,SC,ASO,ES,Towers with Radar,36,68,55,37,196,11,6,44,0,61,47,74,99,37,257,10,72,82,339
04/30/2000,CHS,SC,ASO,ES,Towers with Radar,37,70,56,33,196,4,2,45,0,51,41,72,101,33,247,18,24,42,289
05/01/2000,CHS,SC,ASO,ES,Towers with Radar,36,67,57,55,215,0,8,51,0,59,36,75,108,55,274,22,166,188,462
05/02/2000,CHS,SC,ASO,ES,Towers with Radar,41,71,60,27,199,9,4,36,0,49,50,75,96,27,248,31,134,165,413
05/03/2000,CHS,SC,ASO,ES,Towers with Radar,47,82,69,55,253,3,0,18,0,21,50,82,87,55,274,60,128,188,462
05/04/2000,CHS,SC,ASO,ES,Towers with Radar,43,78,71,58,250,0,0,45,0,45,43,78,116,58,295,18,142,160,455
05/05/2000,CHS,SC,ASO,ES,Towers with Radar,44,81,73,66,264,0,1,67,0,68,44,82,140,66,332,24,108,132,464
05/06/2000,CHS,SC,ASO,ES,Towers with Radar,40,71,58,40,209,4,0,32,0,36,44,71,90,40,245,22,34,56,301
05/07/2000,CHS,SC,ASO,ES,Towers with Radar,38,63,54,32,187,4,0,58,0,62,42,63,112,32,249,10,48,58,307
05/08/2000,CHS,SC,ASO,ES,Towers with Radar,41,69,64,47,221,0,0,57,0,57,41,69,121,47,278,20,218,238,516
05/09/2000,CHS,SC,ASO,ES,Towers with Radar,38,78,64,71,251,0,4,39,16,59,38,82,103,87,310,52,182,234,544
05/10/2000,CHS,SC,ASO,ES,Towers with Radar,37,70,61,37,205,0,0,41,0,41,37,70,102,37,246,50,208,258,504
05/11/2000,CHS,SC,ASO,ES,Towers with Radar,40,86,70,56,252,0,6,45,0,51,40,92,115,56,303,14,120,134,437
05/12/2000,CHS,SC,ASO,ES,Towers with Radar,46,84,73,55,258,0,0,47,0,47,46,84,120,55,305,38,98,136,441
05/13/2000,CHS,SC,ASO,ES,Towers with Radar,32,56,46,30,164,12,9,25,0,46,44,65,71,30,210,12,62,74,284
05/14/2000,CHS,SC,ASO,ES,Towers with Radar,37,63,51,32,183,3,5,45,0,53,40,68,96,32,236,12,24,36,272
05/15/2000,CHS,SC,ASO,ES,Towers with Radar,40,71,59,46,216,0,0,34,0,34,40,71,93,46,250,8,146,154,404
05/16/2000,CHS,SC,ASO,ES,Towers with Radar,38,76,64,56,234,0,0,47,0,47,38,76,111,56,281,18,128,146,427
05/17/2000,CHS,SC,ASO,ES,Towers with Radar,42,77,72,65,256,0,0,45,0,45,42,77,117,65,301,46,142,188,489
05/18/2000,CHS,SC,ASO,ES,Towers with Radar,42,76,77,80,275,0,0,57,0,57,42,76,134,80,332,18,180,198,530
05/19/2000,CHS,SC,ASO,ES,Towers with Radar,39,63,58,58,218,2,0,32,0,34,41,63,90,58,252,14,136,150,402
05/20/2000,CHS,SC,ASO,ES,Towers with Radar,33,60,50,25,168,15,20,25,0,60,48,80,75,25,228,48,22,70,298
05/21/2000,CHS,SC,ASO,ES,Towers with Radar,35,62,52,45,194,11,0,30,0,41,46,62,82,45,235,70,29,99,334
05/22/2000,CHS,SC,ASO,ES,Towers with Radar,38,66,55,42,201,3,5,32,0,40,41,71,87,42,241,24,138,162,403
05/23/2000,CHS,SC,ASO,ES,Towers with Radar,47,78,73,72,270,0,0,44,0,44,47,78,117,72,314,40,248,288,602
05/24/2000,CHS,SC,ASO,ES,Towers with Radar,41,79,67,48,235,0,0,76,0,76,41,79,143,48,311,48,158,206,517
05/25/2000,CHS,SC,ASO,ES,Towers with Radar,38,81,68,48,235,0,1,58,0,59,38,82,126,48,294,10,78,88,382
05/26/2000,CHS,SC,ASO,ES,Towers with Radar,44,82,76,39,241,0,0,52,0,52,44,82,128,39,293,26,87,113,406
05/27/2000,CHS,SC,ASO,ES,Towers with Radar,32,58,48,18,156,9,10,53,0,72,41,68,101,18,228,22,24,46,274
05/28/2000,CHS,SC,ASO,ES,Towers with Radar,25,45,37,19,126,10,13,32,0,55,35,58,69,19,181,2,6,8,189
05/29/2000,CHS,SC,ASO,ES,Towers with Radar,34,61,51,23,169,4,3,51,0,58,38,64,102,23,227,18,28,46,273
05/30/2000,CHS,SC,ASO,ES,Towers with Radar,39,76,65,55,235,0,0,32,0,32,39,76,97,55,267,28,108,136,403
05/31/2000,CHS,SC,ASO,ES,Towers with Radar,38,72,59,44,213,0,13,51,0,64,38,85,110,44,277,8,80,88,365
06/01/2000,CHS,SC,ASO,ES,Towers with Radar,39,72,56,31,198,0,6,62,0,68,39,78,118,31,266,2,44,46,312
06/02/2000,CHS,SC,ASO,ES,Towers with Radar,40,72,63,44,219,0,0,48,0,48,40,72,111,44,267,20,88,108,375
06/03/2000,CHS,SC,ASO,ES,Towers with Radar,28,52,41,22,143,10,15,55,0,80,38,67,96,22,223,14,20,34,257
06/04/2000,CHS,SC,ASO,ES,Towers with Radar,32,58,45,20,155,15,3,17,0,35,47,61,62,20,190,10,8,18,208
06/05/2000,CHS,SC,ASO,ES,Towers with Radar,34,64,50,34,182,5,2,31,0,38,39,66,81,34,220,16,72,88,308
06/06/2000,CHS,SC,ASO,ES,Towers with Radar,35,64,50,29,178,9,13,40,0,62,44,77,90,29,240,60,50,110,350
06/07/2000,CHS,SC,ASO,ES,Towers with Radar,37,70,55,34,196,3,18,58,0,79,40,88,113,34,275,72,48,120,395
06/08/2000,CHS,SC,ASO,ES,Towers with Radar,44,90,71,68,273,0,10,33,0,43,44,100,104,68,316,62,118,180,496
06/09/2000,CHS,SC,ASO,ES,Towers with Radar,45,79,74,71,269,0,0,27,0,27,45,79,101,71,296,40,150,190,486
06/10/2000,CHS,SC,ASO,ES,Towers with Radar,32,59,47,34,172,9,13,24,0,46,41,72,71,34,218,12,42,54,272
06/11/2000,CHS,SC,ASO,ES,Towers with Radar,35,62,51,36,184,6,0,35,0,41,41,62,86,36,225,6,62,68,293
06/12/2000,CHS,SC,ASO,ES,Towers with Radar,37,68,53,54,212,0,1,38,0,39,37,69,91,54,251,10,122,132,383
06/13/2000,CHS,SC,ASO,ES,Towers with Radar,40,83,64,55,242,0,5,28,0,33,40,88,92,55,275,16,210,226,501
06/14/2000,CHS,SC,ASO,ES,Towers with Radar,35,78,61,50,224,0,2,39,0,41,35,80,100,50,265,10,168,178,443
06/15/2000,CHS,SC,ASO,ES,Towers with Radar,40,75,66,43,224,0,0,43,0,43,40,75,109,43,267,14,138,152,419
06/16/2000,CHS,SC,ASO,ES,Towers with Radar,40,81,70,42,233,0,0,46,0,46,40,81,116,42,279,4,104,108,387
06/17/2000,CHS,SC,ASO,ES,Towers with Radar,36,69,52,32,189,10,3,38,0,51,46,72,90,32,240,46,62,108,348
06/18/2000,CHS,SC,ASO,ES,Towers with Radar,33,63,48,36,180,2,6,27,0,35,35,69,75,36,215,8,24,32,247
06/19/2000,CHS,SC,ASO,ES,Towers with Radar,39,64,58,54,215,0,0,38,0,38,39,64,96,54,253,10,124,134,387
06/20/2000,CHS,SC,ASO,ES,Towers with Radar,36,77,58,63,234,0,2,32,0,34,36,79,90,63,268,34,176,210,478
06/21/2000,CHS,SC,ASO,ES,Towers with Radar,43,85,70,72,270,0,0,44,0,44,43,85,114,72,314,54,182,236,550
06/22/2000,CHS,SC,ASO,ES,Towers with Radar,43,80,64,43,230,2,0,29,0,31,45,80,93,43,261,20,120,140,401
06/23/2000,CHS,SC,ASO,ES,Towers with Radar,42,90,70,54,256,0,1,59,0,60,42,91,129,54,316,26,104,130,446
06/24/2000,CHS,SC,ASO,ES,Towers with Radar,41,73,62,43,219,0,0,47,0,47,41,73,109,43,266,28,160,188,454
06/25/2000,CHS,SC,ASO,ES,Towers with Radar,35,61,52,28,176,5,0,38,0,43,40,61,90,28,219,8,16,24,243
06/26/2000,CHS,SC,ASO,ES,Towers with Radar,37,72,56,43,208,3,1,18,0,22,40,73,74,43,230,8,80,88,318
06/27/2000,CHS,SC,ASO,ES,Towers with Radar,35,76,52,60,223,0,0,28,0,28,35,76,80,60,251,4,158,162,413
06/28/2000,CHS,SC,ASO,ES,Towers with Radar,34,77,67,59,237,0,0,30,0,30,34,77,97,59,267,14,84,98,365
06/29/2000,CHS,SC,ASO,ES,Towers with Radar,36,77,60,48,221,0,8,14,0,22,36,85,74,48,243,4,64,68,311
06/30/2000,CHS,SC,ASO,ES,Towers with Radar,40,87,77,52,256,0,0,31,0,31,40,87,108,52,287,4,176,180,467
07/01/2000,CHS,SC,ASO,ES,Towers with Radar,40,75,50,13,178,3,0,49,0,52,43,75,99,13,230,26,12,38,268
07/02/2000,CHS,SC,ASO,ES,Towers with Radar,30,56,36,27,149,2,4,37,0,43,32,60,73,27,192,10,34,44,236
07/03/2000,CHS,SC,ASO,ES,Towers with Radar,23,45,28,9,105,9,18,41,0,68,32,63,69,9,173,8,2,10,183
07/04/2000,CHS,SC,ASO,ES,Towers with Radar,23,43,27,1,94,10,18,50,0,78,33,61,77,1,172,6,0,6,178
07/05/2000,CHS,SC,ASO,ES,Towers with Radar,38,74,52,31,195,0,0,55,0,55,38,74,107,31,250,32,50,82,332
07/06/2000,CHS,SC,ASO,ES,Towers with Radar,38,77,52,43,210,0,0,18,0,18,38,77,70,43,228,0,144,144,372
07/07/2000,CHS,SC,ASO,ES,Towers with Radar,44,98,64,51,257,0,0,25,0,25,44,98,89,51,282,30,146,176,458
07/08/2000,CHS,SC,ASO,ES,Towers with Radar,42,84,55,40,221,0,3,1,0,4,42,87,56,40,225,40,134,174,399
07/09/2000,CHS,SC,ASO,ES,Towers with Radar,40,79,50,39,208,7,5,33,0,45,47,84,83,39,253,86,72,158,411
07/10/2000,CHS,SC,ASO,ES,Towers with Radar,38,73,49,45,205,0,0,40,0,40,38,73,89,45,245,18,108,126,371
07/11/2000,CHS,SC,ASO,ES,Towers with Radar,33,76,50,45,204,0,5,58,0,63,33,81,108,45,267,14,62,76,343
07/12/2000,CHS,SC,ASO,ES,Towers with Radar,36,77,50,45,208,0,2,33,0,35,36,79,83,45,243,2,84,86,329
07/13/2000,CHS,SC,ASO,ES,Towers with Radar,40,85,55,50,230,0,2,51,0,53,40,87,106,50,283,28,47,75,358
07/14/2000,CHS,SC,ASO,ES,Towers with Radar,39,67,58,53,217,0,0,15,0,15,39,67,73,53,232,25,76,101,333
07/15/2000,CHS,SC,ASO,ES,Towers with Radar,36,69,48,38,191,3,0,40,0,43,39,69,88,38,234,20,88,108,342
07/16/2000,CHS,SC,ASO,ES,Towers with Radar,36,62,35,30,163,0,0,24,0,24,36,62,59,30,187,22,42,64,251
07/17/2000,CHS,SC,ASO,ES,Towers with Radar,40,75,55,49,219,0,0,25,0,25,40,75,80,49,244,10,170,180,424
07/18/2000,CHS,SC,ASO,ES,Towers with Radar,41,81,54,48,224,2,0,48,0,50,43,81,102,48,274,8,132,140,414
07/19/2000,CHS,SC,ASO,ES,Towers with Radar,39,83,62,56,240,0,0,35,0,35,39,83,97,56,275,18,128,146,421
07/20/2000,CHS,SC,ASO,ES,Towers with Radar,36,85,59,46,226,0,0,33,0,33,36,85,92,46,259,14,112,126,385
07/21/2000,CHS,SC,ASO,ES,Towers with Radar,40,84,61,60,245,0,0,27,0,27,40,84,88,60,272,20,74,94,366
07/22/2000,CHS,SC,ASO,ES,Towers with Radar,38,79,40,52,209,0,0,20,0,20,38,79,60,52,229,14,92,106,335
07/23/2000,CHS,SC,ASO,ES,Towers with Radar,35,65,45,24,169,0,0,18,5,23,35,65,63,29,192,16,1,17,209
07/24/2000,CHS,SC,ASO,ES,Towers with Radar,38,87,60,35,220,0,0,2,0,2,38,87,62,35,222,18,24,42,264
07/25/2000,CHS,SC,ASO,ES,Towers with Radar,39,83,54,30,206,0,0,56,0,56,39,83,110,30,262,76,85,161,423
07/26/2000,CHS,SC,ASO,ES,Towers with Radar,39,82,53,31,205,0,6,33,0,39,39,88,86,31,244,50,38,88,332
07/27/2000,CHS,SC,ASO,ES,Towers with Radar,37,87,59,49,232,0,0,40,0,40,37,87,99,49,272,16,96,112,384
07/28/2000,CHS,SC,ASO,ES,Towers with Radar,40,67,68,56,231,0,0,25,0,25,40,67,93,56,256,12,99,111,367
07/29/2000,CHS,SC,ASO,ES,Towers with Radar,36,73,48,38,195,15,9,6,0,30,51,82,54,38,225,32,68,100,325
07/30/2000,CHS,SC,ASO,ES,Towers with Radar,30,59,39,35,163,11,0,11,0,22,41,59,50,35,185,10,26,36,221
07/31/2000,CHS,SC,ASO,ES,Towers with Radar,32,82,36,52,202,0,0,18,0,18,32,82,54,52,220,4,72,76,296
08/01/2000,CHS,SC,ASO,ES,Towers with Radar,34,89,53,57,233,0,0,36,0,36,34,89,89,57,269,28,160,188,457
08/02/2000,CHS,SC,ASO,ES,Towers with Radar,37,82,63,46,228,0,0,42,0,42,37,82,105,46,270,44,96,140,410
08/03/2000,CHS,SC,ASO,ES,Towers with Radar,38,78,54,55,225,0,0,25,0,25,38,78,79,55,250,6,78,84,334
08/04/2000,CHS,SC,ASO,ES,Towers with Radar,40,73,51,60,224,0,0,7,0,7,40,73,58,60,231,10,100,110,341
08/05/2000,CHS,SC,ASO,ES,Towers with Radar,42,78,55,38,213,0,0,23,0,23,42,78,78,38,236,34,74,108,344
08/06/2000,CHS,SC,ASO,ES,Towers with Radar,36,60,44,31,171,2,0,39,0,41,38,60,83,31,212,20,10,30,242
08/07/2000,CHS,SC,ASO,ES,Towers with Radar,35,72,44,42,193,4,7,31,7,49,39,79,75,49,242,8,76,84,326
08/08/2000,CHS,SC,ASO,ES,Towers with Radar,40,81,50,40,211,0,12,38,0,50,40,93,88,40,261,14,78,92,353
08/09/2000,CHS,SC,ASO,ES,Towers with Radar,35,80,55,33,203,0,0,40,0,40,35,80,95,33,243,22,54,76,319
08/10/2000,CHS,SC,ASO,ES,Towers with Radar,42,84,53,31,210,0,0,42,0,42,42,84,95,31,252,20,76,96,348
08/11/2000,CHS,SC,ASO,ES,Towers with Radar,42,71,35,36,184,0,0,17,0,17,42,71,52,36,201,8,50,58,259
08/12/2000,CHS,SC,ASO,ES,Towers with Radar,38,75,47,26,186,3,3,36,0,42,41,78,83,26,228,10,22,32,260
08/13/2000,CHS,SC,ASO,ES,Towers with Radar,30,59,37,19,145,8,7,35,0,50,38,66,72,19,195,24,0,24,219
08/14/2000,CHS,SC,ASO,ES,Towers with Radar,34,72,49,35,190,0,0,28,0,28,34,72,77,35,218,8,64,72,290
08/15/2000,CHS,SC,ASO,ES,Towers with Radar,42,79,57,42,220,0,0,64,0,64,42,79,121,42,284,44,114,158,442
08/16/2000,CHS,SC,ASO,ES,Towers with Radar,40,86,54,42,222,0,2,62,0,64,40,88,116,42,286,30,108,138,424
08/17/2000,CHS,SC,ASO,ES,Towers with Radar,40,85,72,25,222,0,0,61,6,67,40,85,133,31,289,18,44,62,351
08/18/2000,CHS,SC,ASO,ES,Towers with Radar,42,88,56,34,220,0,0,38,0,38,42,88,94,34,258,14,36,50,308
08/19/2000,CHS,SC,ASO,ES,Towers with Radar,33,66,42,16,157,12,13,18,0,43,45,79,60,16,200,18,12,30,230
08/20/2000,CHS,SC,ASO,ES,Towers with Radar,35,69,43,26,173,5,0,5,0,10,40,69,48,26,183,4,30,34,217
08/21/2000,CHS,SC,ASO,ES,Towers with Radar,33,67,42,16,158,5,15,24,0,44,38,82,66,16,202,0,10,10,212
08/22/2000,CHS,SC,ASO,ES,Towers with Radar,38,75,47,42,202,4,11,38,9,62,42,86,85,51,264,20,96,116,380
08/23/2000,CHS,SC,ASO,ES,Towers with Radar,38,86,55,47,226,0,2,54,0,56,38,88,109,47,282,24,118,142,424
08/24/2000,CHS,SC,ASO,ES,Towers with Radar,38,81,55,59,233,0,0,52,0,52,38,81,107,59,285,42,112,154,439
08/25/2000,CHS,SC,ASO,ES,Towers with Radar,44,75,57,52,228,8,0,28,18,54,52,75,85,70,282,0,92,92,374
08/26/2000,CHS,SC,ASO,ES,Towers with Radar,30,59,38,33,160,11,16,10,0,37,41,75,48,33,197,14,46,60,257
08/27/2000,CHS,SC,ASO,ES,Towers with Radar,36,68,45,17,166,0,0,4,0,4,36,68,49,17,170,18,16,34,204
08/28/2000,CHS,SC,ASO,ES,Towers with Radar,38,74,47,30,189,1,6,17,0,24,39,80,64,30,213,10,30,40,253
08/29/2000,CHS,SC,ASO,ES,Towers with Radar,37,77,49,29,192,1,15,19,0,35,38,92,68,29,227,24,70,94,321
08/30/2000,CHS,SC,ASO,ES,Towers with Radar,39,84,60,33,216,0,0,38,0,38,39,84,98,33,254,42,54,96,350
08/31/2000,CHS,SC,ASO,ES,Towers with Radar,36,80,55,34,205,0,0,59,0,59,36,80,114,34,264,18,16,34,298
09/01/2000,CHS,SC,ASO,ES,Towers with Radar,43,86,59,33,221,0,0,34,0,34,43,86,93,33,255,30,36,66,321
09/02/2000,CHS,SC,ASO,ES,Towers with Radar,33,62,42,12,149,5,17,32,0,54,38,79,74,12,203,34,0,34,237
09/03/2000,CHS,SC,ASO,ES,Towers with Radar,26,48,32,20,126,6,13,16,0,35,32,61,48,20,161,30,8,38,199
09/04/2000,CHS,SC,ASO,ES,Towers with Radar,35,63,43,13,154,6,0,15,0,21,41,63,58,13,175,8,20,28,203
09/05/2000,CHS,SC,ASO,ES,Towers with Radar,43,81,49,30,203,1,2,0,0,3,44,83,49,30,206,14,36,50,256
09/06/2000,CHS,SC,ASO,ES,Towers with Radar,40,75,49,45,209,1,5,21,0,27,41,80,70,45,236,2,58,60,296
09/07/2000,CHS,SC,ASO,ES,Towers with Radar,41,90,62,37,230,0,0,38,0,38,41,90,100,37,268,30,44,74,342
09/08/2000,CHS,SC,ASO,ES,Towers with Radar,47,79,60,58,244,0,0,17,0,17,47,79,77,58,261,18,130,148,409
09/09/2000,CHS,SC,ASO,ES,Towers with Radar,34,64,41,35,174,3,14,43,0,60,37,78,84,35,234,14,46,60,294
09/10/2000,CHS,SC,ASO,ES,Towers with Radar,40,66,48,36,190,3,0,59,0,62,43,66,107,36,252,12,38,50,302
09/11/2000,CHS,SC,ASO,ES,Towers with Radar,39,77,43,59,218,1,2,47,0,50,40,79,90,59,268,14,68,82,350
09/12/2000,CHS,SC,ASO,ES,Towers with Radar,40,76,49,40,205,4,1,47,0,52,44,77,96,40,257,8,58,66,323
09/13/2000,CHS,SC,ASO,ES,Towers with Radar,45,82,55,52,234,1,0,59,0,60,46,82,114,52,294,22,134,156,450
09/14/2000,CHS,SC,ASO,ES,Towers with Radar,44,85,59,42,230,0,0,68,0,68,44,85,127,42,298,32,110,142,440
09/15/2000,CHS,SC,ASO,ES,Towers with Radar,43,85,55,36,219,0,7,41,0,48,43,92,96,36,267,24,34,58,325
09/16/2000,CHS,SC,ASO,ES,Towers with Radar,32,61,40,24,157,5,19,74,0,98,37,80,114,24,255,42,62,104,359
09/17/2000,CHS,SC,ASO,ES,Towers with Radar,36,65,43,20,164,6,0,45,0,51,42,65,88,20,215,14,0,14,229
09/18/2000,CHS,SC,ASO,ES,Towers with Radar,38,62,25,20,145,1,2,3,0,6,39,64,28,20,151,0,8,8,159
09/19/2000,CHS,SC,ASO,ES,Towers with Radar,43,78,52,54,227,1,0,35,0,36,44,78,87,54,263,32,136,168,431
09/20/2000,CHS,SC,ASO,ES,Towers with Radar,48,78,58,51,235,1,0,17,0,18,49,78,75,51,253,32,108,140,393
09/21/2000,CHS,SC,ASO,ES,Towers with Radar,43,79,54,48,224,0,0,28,0,28,43,79,82,48,252,8,36,44,296
09/22/2000,CHS,SC,ASO,ES,Towers with Radar,40,72,47,35,194,0,8,30,0,38,40,80,77,35,232,6,74,80,312
09/23/2000,CHS,SC,ASO,ES,Towers with Radar,39,75,24,27,165,0,2,5,0,7,39,77,29,27,172,2,20,22,194
09/24/2000,CHS,SC,ASO,ES,Towers with Radar,38,66,45,39,188,1,0,19,0,20,39,66,64,39,208,16,54,70,278
09/25/2000,CHS,SC,ASO,ES,Towers with Radar,40,73,48,48,209,0,1,23,0,24,40,74,71,48,233,12,176,188,421
09/26/2000,CHS,SC,ASO,ES,Towers with Radar,44,80,52,37,213,5,3,25,0,33,49,83,77,37,246,20,102,122,368
09/27/2000,CHS,SC,ASO,ES,Towers with Radar,45,78,63,56,242,0,0,55,0,55,45,78,118,56,297,68,194,262,559
09/28/2000,CHS,SC,ASO,ES,Towers with Radar,42,90,61,64,257,0,0,62,0,62,42,90,123,64,319,10,150,160,479
09/29/2000,CHS,SC,ASO,ES,Towers with Radar,43,78,58,44,223,0,0,40,0,40,43,78,98,44,263,0,154,154,417
09/30/2000,CHS,SC,ASO,ES,Towers with Radar,41,75,49,26,191,0,2,29,0,31,41,77,78,26,222,6,150,156,378
10/01/2000,CHS,SC,ASO,ES,Towers with Radar,38,70,49,12,169,5,0,57,0,62,43,70,106,12,231,28,2,30,261
10/02/2000,CHS,SC,ASO,ES,Towers with Radar,40,78,49,46,213,6,5,62,17,90,46,83,111,63,303,36,124,160,463
10/03/2000,CHS,SC,ASO,ES,Towers with Radar,42,84,53,34,213,3,3,61,0,67,45,87,114,34,280,26,70,96,376
10/04/2000,CHS,SC,ASO,ES,Towers with Radar,43,91,68,62,264,0,0,66,8,74,43,91,134,70,338,28,124,152,490
10/05/2000,CHS,SC,ASO,ES,Towers with Radar,42,88,75,52,257,0,0,41,0,41,42,88,116,52,298,28,140,168,466
10/06/2000,CHS,SC,ASO,ES,Towers with Radar,46,94,65,61,266,0,0,69,1,70,46,94,134,62,336,12,124,136,472
10/07/2000,CHS,SC,ASO,ES,Towers with Radar,33,68,43,17,161,6,19,43,0,68,39,87,86,17,229,18,56,74,303
10/08/2000,CHS,SC,ASO,ES,Towers with Radar,39,76,56,28,199,0,0,17,0,17,39,76,73,28,216,10,12,22,238
10/09/2000,CHS,SC,ASO,ES,Towers with Radar,36,74,47,13,170,7,16,47,0,70,43,90,94,13,240,10,2,12,252
10/10/2000,CHS,SC,ASO,ES,Towers with Radar,42,83,55,39,219,4,0,66,0,70,46,83,121,39,289,22,148,170,459
10/11/2000,CHS,SC,ASO,ES,Towers with Radar,45,90,59,41,235,1,0,23,0,24,46,90,82,41,259,32,120,152,411
10/12/2000,CHS,SC,ASO,ES,Towers with Radar,42,89,56,23,210,0,15,71,0,86,42,104,127,23,296,41,44,85,381
10/13/2000,CHS,SC,ASO,ES,Towers with Radar,40,87,55,52,234,0,15,79,1,95,40,102,134,53,329,10,60,70,399
10/14/2000,CHS,SC,ASO,ES,Towers with Radar,24,51,32,15,122,7,15,8,0,30,31,66,40,15,152,10,0,10,162
10/15/2000,CHS,SC,ASO,ES,Towers with Radar,38,79,52,40,209,2,0,51,0,53,40,79,103,40,262,28,6,34,296
10/16/2000,CHS,SC,ASO,ES,Towers with Radar,42,82,57,52,233,2,0,49,4,55,44,82,106,56,288,14,76,90,378
10/17/2000,CHS,SC,ASO,ES,Towers with Radar,39,82,53,42,216,9,9,57,0,75,48,91,110,42,291,38,100,138,429
10/18/2000,CHS,SC,ASO,ES,Towers with Radar,39,98,63,55,255,0,1,69,0,70,39,99,132,55,325,30,112,142,467
10/19/2000,CHS,SC,ASO,ES,Towers with Radar,45,89,68,44,246,0,0,53,0,53,45,89,121,44,299,34,106,140,439
10/20/2000,CHS,SC,ASO,ES,Towers with Radar,48,96,73,49,266,0,0,68,0,68,48,96,141,49,334,20,130,150,484
10/21/2000,CHS,SC,ASO,ES,Towers with Radar,33,70,45,38,186,5,17,38,0,60,38,87,83,38,246,22,24,46,292
10/22/2000,CHS,SC,ASO,ES,Towers with Radar,39,77,55,33,204,0,0,53,0,53,39,77,108,33,257,6,42,48,305
10/23/2000,CHS,SC,ASO,ES,Towers with Radar,41,86,55,49,231,2,1,22,0,25,43,87,77,49,256,8,76,84,340
10/24/2000,CHS,SC,ASO,ES,Towers with Radar,43,91,59,54,247,0,15,8,17,40,43,106,67,71,287,32,102,134,421
10/25/2000,CHS,SC,ASO,ES,Towers with Radar,42,88,57,48,235,1,0,62,0,63,43,88,119,48,298,26,86,112,410
10/26/2000,CHS,SC,ASO,ES,Towers with Radar,46,104,75,51,276,0,0,89,0,89,46,104,164,51,365,40,108,148,513
10/27/2000,CHS,SC,ASO,ES,Towers with Radar,43,94,70,65,272,0,0,60,27,87,43,94,130,92,359,8,112,120,479
10/28/2000,CHS,SC,ASO,ES,Towers with Radar,37,76,49,43,205,2,16,16,0,34,39,92,65,43,239,16,68,84,323
10/29/2000,CHS,SC,ASO,ES,Towers with Radar,38,78,52,18,186,4,0,62,0,66,42,78,114,18,252,14,6,20,272
10/30/2000,CHS,SC,ASO,ES,Towers with Radar,44,92,62,57,255,0,0,32,18,50,44,92,94,75,305,12,112,124,429
10/31/2000,CHS,SC,ASO,ES,Towers with Radar,44,84,40,49,217,0,0,50,0,50,44,84,90,49,267,28,130,158,425
11/01/2000,CHS,SC,ASO,ES,Towers with Radar,39,91,69,54,253,0,1,53,26,80,39,92,122,80,333,20,68,88,421
11/02/2000,CHS,SC,ASO,ES,Towers with Radar,43,95,78,61,277,0,0,56,10,66,43,95,134,71,343,46,156,202,545
11/03/2000,CHS,SC,ASO,ES,Towers with Radar,45,96,84,66,291,0,0,102,22,124,45,96,186,88,415,29,122,151,566
11/04/2000,CHS,SC,ASO,ES,Towers with Radar,40,81,47,26,194,1,4,25,0,30,41,85,72,26,224,32,56,88,312
11/05/2000,CHS,SC,ASO,ES,Towers with Radar,37,73,59,22,191,4,0,27,0,31,41,73,86,22,222,10,14,24,246
11/06/2000,CHS,SC,ASO,ES,Towers with Radar,35,74,56,24,189,3,6,10,0,19,38,80,66,24,208,10,76,86,294
11/07/2000,CHS,SC,ASO,ES,Towers with Radar,40,91,57,24,212,1,3,28,0,32,41,94,85,24,244,26,74,100,344
11/08/2000,CHS,SC,ASO,ES,Towers with Radar,34,69,53,33,189,7,15,42,0,64,41,84,95,33,253,8,64,72,325
11/09/2000,CHS,SC,ASO,ES,Towers with Radar,40,79,63,35,217,0,0,25,0,25,40,79,88,35,242,2,70,72,314
11/10/2000,CHS,SC,ASO,ES,Towers with Radar,38,79,60,39,216,5,11,49,0,65,43,90,109,39,281,6,80,86,367
11/11/2000,CHS,SC,ASO,ES,Towers with Radar,28,60,45,19,152,13,28,59,0,100,41,88,104,19,252,22,14,36,288
11/12/2000,CHS,SC,ASO,ES,Towers with Radar,36,75,55,31,197,0,2,67,0,69,36,77,122,31,266,32,32,64,330
11/13/2000,CHS,SC,ASO,ES,Towers with Radar,37,76,57,46,216,4,17,44,1,66,41,93,101,47,282,16,76,92,374
11/14/2000,CHS,SC,ASO,ES,Towers with Radar,35,73,54,44,206,7,15,30,8,60,42,88,84,52,266,17,91,108,374
11/15/2000,CHS,SC,ASO,ES,Towers with Radar,39,91,69,55,254,0,0,84,5,89,39,91,153,60,343,24,148,172,515
11/16/2000,CHS,SC,ASO,ES,Towers with Radar,42,91,68,29,230,0,4,83,0,87,42,95,151,29,317,66,118,184,501
11/17/2000,CHS,SC,ASO,ES,Towers with Radar,40,85,89,25,239,1,2,20,0,23,41,87,109,25,262,16,26,42,304
11/18/2000,CHS,SC,ASO,ES,Towers with Radar,38,78,59,27,202,4,5,42,0,51,42,83,101,27,253,22,218,240,493
11/19/2000,CHS,SC,ASO,ES,Towers with Radar,31,63,48,22,164,8,18,2,0,28,39,81,50,22,192,0,8,8,200
11/20/2000,CHS,SC,ASO,ES,Towers with Radar,42,80,71,45,238,0,0,13,0,13,42,80,84,45,251,24,182,206,457
11/21/2000,CHS,SC,ASO,ES,Towers with Radar,37,81,78,49,245,0,0,96,0,96,37,81,174,49,341,22,120,142,483
11/22/2000,CHS,SC,ASO,ES,Towers with Radar,44,88,95,73,300,0,0,52,18,70,44,88,147,91,370,40,218,258,628
11/23/2000,CHS,SC,ASO,ES,Towers with Radar,35,67,29,10,141,1,2,19,0,22,36,69,48,10,163,0,0,0,163
11/24/2000,CHS,SC,ASO,ES,Towers with Radar,35,63,54,7,159,3,0,58,0,61,38,63,112,7,220,14,0,14,234
11/25/2000,CHS,SC,ASO,ES,Towers with Radar,42,84,28,5,159,0,3,0,0,3,42,87,28,5,162,6,0,6,168
11/26/2000,CHS,SC,ASO,ES,Towers with Radar,36,77,88,9,210,0,0,40,0,40,36,77,128,9,250,16,0,16,266
11/27/2000,CHS,SC,ASO,ES,Towers with Radar,46,85,72,56,259,5,0,43,20,68,51,85,115,76,327,14,146,160,487
11/28/2000,CHS,SC,ASO,ES,Towers with Radar,38,78,60,44,220,7,6,29,0,42,45,84,89,44,262,32,160,192,454
11/29/2000,CHS,SC,ASO,ES,Towers with Radar,40,80,61,37,218,2,19,39,0,60,42,99,100,37,278,22,130,152,430
11/30/2000,CHS,SC,ASO,ES,Towers with Radar,39,78,60,31,208,3,20,55,0,78,42,98,115,31,286,76,68,144,430
12/01/2000,CHS,SC,ASO,ES,Towers with Radar,43,93,58,52,246,0,0,47,0,47,43,93,105,52,293,10,80,90,383
12/02/2000,CHS,SC,ASO,ES,Towers with Radar,33,67,38,29,167,10,13,35,0,58,43,80,73,29,225,12,30,42,267
12/03/2000,CHS,SC,ASO,ES,Towers with Radar,38,75,46,20,179,0,0,3,2,5,38,75,49,22,184,2,0,2,186
12/04/2000,CHS,SC,ASO,ES,Towers with Radar,43,86,56,48,233,0,0,16,0,16,43,86,72,48,249,6,78,84,333
12/05/2000,CHS,SC,ASO,ES,Towers with Radar,47,92,56,58,253,3,0,47,0,50,50,92,103,58,303,42,132,174,477
12/06/2000,CHS,SC,ASO,ES,Towers with Radar,44,104,61,43,252,0,6,71,0,77,44,110,132,43,329,8,142,150,479
12/07/2000,CHS,SC,ASO,ES,Towers with Radar,44,103,61,62,270,0,8,60,2,70,44,111,121,64,340,42,76,118,458
12/08/2000,CHS,SC,ASO,ES,Towers with Radar,47,88,75,64,274,0,0,62,0,62,47,88,137,64,336,22,70,92,428
12/09/2000,CHS,SC,ASO,ES,Towers with Radar,41,75,49,34,199,21,0,46,0,67,62,75,95,34,266,160,48,208,474
12/10/2000,CHS,SC,ASO,ES,Towers with Radar,39,72,37,33,181,0,0,4,0,4,39,72,41,33,185,0,26,26,211
12/11/2000,CHS,SC,ASO,ES,Towers with Radar,38,85,74,49,246,0,0,2,0,2,38,85,76,49,248,12,144,156,404
12/12/2000,CHS,SC,ASO,ES,Towers with Radar,38,79,46,21,184,0,18,27,0,45,38,97,73,21,229,24,76,100,329
12/13/2000,CHS,SC,ASO,ES,Towers with Radar,40,86,63,45,234,0,0,14,0,14,40,86,77,45,248,86,104,190,438
12/14/2000,CHS,SC,ASO,ES,Towers with Radar,63,98,75,44,280,0,0,3,0,3,63,98,78,44,283,52,46,98,381
12/15/2000,CHS,SC,ASO,ES,Towers with Radar,46,96,68,68,278,0,0,3,0,3,46,96,71,68,281,12,130,142,423
12/16/2000,CHS,SC,ASO,ES,Towers with Radar,39,80,35,32,186,0,0,24,2,26,39,80,59,34,212,30,30,60,272
12/17/2000,CHS,SC,ASO,ES,Towers with Radar,25,51,29,23,128,18,11,2,0,31,43,62,31,23,159,2,18,20,179
12/18/2000,CHS,SC,ASO,ES,Towers with Radar,44,93,65,67,269,0,0,38,44,82,44,93,103,111,351,20,178,198,549
12/19/2000,CHS,SC,ASO,ES,Towers with Radar,37,79,46,47,209,0,14,0,4,18,37,93,46,51,227,22,164,186,413
12/20/2000,CHS,SC,ASO,ES,Towers with Radar,43,85,55,56,239,0,0,75,0,75,43,85,130,56,314,26,86,112,426
12/21/2000,CHS,SC,ASO,ES,Towers with Radar,33,102,65,67,267,0,0,56,3,59,33,102,121,70,326,16,68,84,410
12/22/2000,CHS,SC,ASO,ES,Towers with Radar,46,101,61,45,253,0,9,59,0,68,46,110,120,45,321,24,122,146,467
12/23/2000,CHS,SC,ASO,ES,Towers with Radar,31,65,37,6,139,12,19,68,0,99,43,84,105,6,238,20,4,24,262
12/24/2000,CHS,SC,ASO,ES,Towers with Radar,18,39,22,4,83,14,14,38,0,66,32,53,60,4,149,14,0,14,163
12/25/2000,CHS,SC,ASO,ES,Towers with Radar,16,32,17,0,65,1,25,11,0,37,17,57,28,0,102,4,0,4,106
12/26/2000,CHS,SC,ASO,ES,Towers with Radar,41,84,64,34,223,0,0,48,0,48,41,84,112,34,271,28,80,108,379
12/27/2000,CHS,SC,ASO,ES,Towers with Radar,45,84,62,64,255,0,0,27,0,27,45,84,89,64,282,18,124,142,424
12/28/2000,CHS,SC,ASO,ES,Towers with Radar,45,91,47,85,268,0,0,6,0,6,45,91,53,85,274,4,142,146,420
12/29/2000,CHS,SC,ASO,ES,Towers with Radar,41,90,56,51,238,0,0,17,0,17,41,90,73,51,255,10,104,114,369
12/30/2000,CHS,SC,ASO,ES,Towers with Radar,30,58,35,14,137,9,0,42,0,51,39,58,77,14,188,26,0,26,214
12/31/2000,CHS,SC,ASO,ES,Towers with Radar,24,49,28,8,109,13,6,33,0,52,37,55,61,8,161,2,0,2,163
01/01/2001,CHS,SC,ASO,ES,Towers with Radar,29,72,46,4,151,0,1,25,0,26,29,73,71,4,177,16,0,16,193
01/02/2001,CHS,SC,ASO,ES,Towers with Radar,41,87,60,56,244,0,0,32,0,32,41,87,92,56,276,8,112,120,396
01/03/2001,CHS,SC,ASO,ES,Towers with Radar,42,84,53,55,234,3,8,31,0,42,45,92,84,55,276,34,200,234,510
01/04/2001,CHS,SC,ASO,ES,Towers with Radar,33,89,56,51,229,0,14,30,0,44,33,103,86,51,273,30,158,188,461
01/05/2001,CHS,SC,ASO,ES,Towers with Radar,43,87,56,71,257,1,0,60,8,69,44,87,116,79,326,40,164,204,530
01/06/2001,CHS,SC,ASO,ES,Towers with Radar,51,63,63,82,259,8,0,106,0,114,59,63,169,82,373,136,100,236,609
01/07/2001,CHS,SC,ASO,ES,Towers with Radar,35,65,45,49,194,4,0,46,0,50,39,65,91,49,244,16,114,130,374
01/08/2001,CHS,SC,ASO,ES,Towers with Radar,35,83,52,42,212,0,0,11,0,11,35,83,63,42,223,18,120,138,361
01/09/2001,CHS,SC,ASO,ES,Towers with Radar,41,83,52,48,224,1,5,32,0,38,42,88,84,48,262,14,126,140,402
01/10/2001,CHS,SC,ASO,ES,Towers with Radar,35,88,55,46,224,0,0,71,0,71,35,88,126,46,295,20,106,126,421
01/11/2001,CHS,SC,ASO,ES,Towers with Radar,39,89,56,41,225,0,19,41,0,60,39,108,97,41,285,110,148,258,543
01/12/2001,CHS,SC,ASO,ES,Towers with Radar,41,96,65,55,257,0,0,12,0,12,41,96,77,55,269,30,54,84,353
01/13/2001,CHS,SC,ASO,ES,Towers with Radar,40,80,50,60,230,3,9,39,0,51,43,89,89,60,281,84,186,270,551
01/14/2001,CHS,SC,ASO,ES,Towers with Radar,41,79,52,38,210,18,0,1,0,19,59,79,53,38,229,76,46,122,351
01/15/2001,CHS,SC,ASO,ES,Towers with Radar,37,74,47,37,195,2,10,35,0,47,39,84,82,37,242,10,82,92,334
01/16/2001,CHS,SC,ASO,ES,Towers with Radar,45,85,57,44,231,3,0,10,0,13,48,85,67,44,244,130,154,284,528
01/17/2001,CHS,SC,ASO,ES,Towers with Radar,52,99,62,43,256,0,2,27,0,29,52,101,89,43,285,96,108,204,489
01/18/2001,CHS,SC,ASO,ES,Towers with Radar,41,99,63,46,249,0,0,24,0,24,41,99,87,46,273,64,160,224,497
01/19/2001,CHS,SC,ASO,ES,Towers with Radar,52,81,43,79,255,0,1,13,0,14,52,82,56,79,269,18,102,120,389
01/20/2001,CHS,SC,ASO,ES,Towers with Radar,31,61,28,43,163,10,10,0,0,20,41,71,28,43,183,24,88,112,295
01/21/2001,CHS,SC,ASO,ES,Towers with Radar,40,80,49,32,201,0,1,57,0,58,40,81,106,32,259,46,36,82,341
01/22/2001,CHS,SC,ASO,ES,Towers with Radar,37,95,45,57,234,0,1,16,0,17,37,96,61,57,251,24,113,137,388
01/23/2001,CHS,SC,ASO,ES,Towers with Radar,46,91,58,59,254,2,0,51,0,53,48,91,109,59,307,18,149,167,474
01/24/2001,CHS,SC,ASO,ES,Towers with Radar,43,93,65,83,284,0,0,42,0,42,43,93,107,83,326,10,104,114,440
01/25/2001,CHS,SC,ASO,ES,Towers with Radar,37,77,48,39,201,0,17,53,0,70,37,94,101,39,271,12,62,74,345
01/26/2001,CHS,SC,ASO,ES,Towers with Radar,45,84,69,90,288,0,0,81,9,90,45,84,150,99,378,42,142,184,562
01/27/2001,CHS,SC,ASO,ES,Towers with Radar,41,67,51,67,226,15,0,50,1,66,56,67,101,68,292,40,86,126,418
01/28/2001,CHS,SC,ASO,ES,Towers with Radar,33,66,41,27,167,6,13,63,0,82,39,79,104,27,249,32,10,42,291
01/29/2001,CHS,SC,ASO,ES,Towers with Radar,35,78,49,40,202,0,17,31,0,48,35,95,80,40,250,14,92,106,356
01/30/2001,CHS,SC,ASO,ES,Towers with Radar,35,70,44,46,195,7,16,6,0,29,42,86,50,46,224,18,106,124,348
01/31/2001,CHS,SC,ASO,ES,Towers with Radar,46,84,58,46,234,6,0,57,0,63,52,84,115,46,297,34,206,240,537
02/01/2001,CHS,SC,ASO,ES,Towers with Radar,40,91,61,52,244,0,0,24,0,24,40,91,85,52,268,6,118,124,392
02/02/2001,CHS,SC,ASO,ES,Towers with Radar,47,90,71,82,290,0,0,40,11,51,47,90,111,93,341,22,126,148,489
02/03/2001,CHS,SC,ASO,ES,Towers with Radar,30,60,40,39,169,10,16,43,0,69,40,76,83,39,238,16,48,64,302
02/04/2001,CHS,SC,ASO,ES,Towers with Radar,35,70,47,38,190,4,7,4,0,15,39,77,51,38,205,12,12,24,229
02/05/2001,CHS,SC,ASO,ES,Towers with Radar,37,73,56,54,220,0,0,34,0,34,37,73,90,54,254,24,110,134,388
02/06/2001,CHS,SC,ASO,ES,Towers with Radar,40,83,55,41,219,8,2,14,0,24,48,85,69,41,243,24,140,164,407
02/07/2001,CHS,SC,ASO,ES,Towers with Radar,40,83,55,40,218,1,5,67,0,73,41,88,122,40,291,29,128,157,448
02/08/2001,CHS,SC,ASO,ES,Towers with Radar,39,89,59,47,234,0,4,49,0,53,39,93,108,47,287,16,116,132,419
02/09/2001,CHS,SC,ASO,ES,Towers with Radar,39,85,57,50,231,0,4,67,0,71,39,89,124,50,302,18,50,68,370
02/10/2001,CHS,SC,ASO,ES,Towers with Radar,26,55,35,26,142,11,15,6,0,32,37,70,41,26,174,6,8,14,188
02/11/2001,CHS,SC,ASO,ES,Towers with Radar,34,70,46,26,176,8,5,54,0,67,42,75,100,26,243,14,46,60,303
02/12/2001,CHS,SC,ASO,ES,Towers with Radar,34,72,41,56,203,1,17,0,4,22,35,89,41,60,225,4,80,84,309
02/13/2001,CHS,SC,ASO,ES,Towers with Radar,41,85,56,38,220,0,8,18,0,26,41,93,74,38,246,10,72,82,328
02/14/2001,CHS,SC,ASO,ES,Towers with Radar,43,89,59,59,250,2,14,23,0,39,45,103,82,59,289,14,80,94,383
02/15/2001,CHS,SC,ASO,ES,Towers with Radar,43,94,76,57,270,0,0,46,0,46,43,94,122,57,316,14,144,158,474
02/16/2001,CHS,SC,ASO,ES,Towers with Radar,37,102,71,57,267,0,0,52,0,52,37,102,123,57,319,38,136,174,493
02/17/2001,CHS,SC,ASO,ES,Towers with Radar,34,73,46,35,188,7,17,11,0,35,41,90,57,35,223,18,16,34,257
02/18/2001,CHS,SC,ASO,ES,Towers with Radar,37,77,49,22,185,3,0,82,0,85,40,77,131,22,270,32,12,44,314
02/19/2001,CHS,SC,ASO,ES,Towers with Radar,39,81,52,23,195,2,13,69,0,84,41,94,121,23,279,18,18,36,315
02/20/2001,CHS,SC,ASO,ES,Towers with Radar,41,84,63,76,264,0,0,41,14,55,41,84,104,90,319,28,162,190,509
02/21/2001,CHS,SC,ASO,ES,Towers with Radar,52,87,74,66,279,0,0,28,0,28,52,87,102,66,307,30,172,202,509
02/22/2001,CHS,SC,ASO,ES,Towers with Radar,37,79,52,41,209,0,11,26,0,37,37,90,78,41,246,12,22,34,280
02/23/2001,CHS,SC,ASO,ES,Towers with Radar,56,85,75,77,293,10,0,23,0,33,66,85,98,77,326,150,112,262,588
02/24/2001,CHS,SC,ASO,ES,Towers with Radar,37,73,54,50,214,0,0,23,0,23,37,73,77,50,237,42,104,146,383
02/25/2001,CHS,SC,ASO,ES,Towers with Radar,37,78,51,41,207,1,6,3,0,10,38,84,54,41,217,4,4,8,225
02/26/2001,CHS,SC,ASO,ES,Towers with Radar,39,83,56,50,228,0,0,65,0,65,39,83,121,50,293,42,116,158,451
02/27/2001,CHS,SC,ASO,ES,Towers with Radar,41,91,58,69,259,0,5,32,7,44,41,96,90,76,303,40,214,254,557
02/28/2001,CHS,SC,ASO,ES,Towers with Radar,41,88,60,49,238,0,0,28,0,28,41,88,88,49,266,8,158,166,432
03/01/2001,CHS,SC,ASO,ES,Towers with Radar,37,92,70,76,275,0,0,50,0,50,37,92,120,76,325,24,140,164,489
03/02/2001,CHS,SC,ASO,ES,Towers with Radar,42,95,63,65,265,0,0,23,0,23,42,95,86,65,288,76,102,178,466
03/03/2001,CHS,SC,ASO,ES,Towers with Radar,37,80,39,40,196,1,4,6,0,11,38,84,45,40,207,18,56,74,281
03/04/2001,CHS,SC,ASO,ES,Towers with Radar,39,74,27,49,189,1,4,7,0,12,40,78,34,49,201,4,44,48,249
03/05/2001,CHS,SC,ASO,ES,Towers with Radar,26,56,36,42,160,13,12,16,0,41,39,68,52,42,201,6,68,74,275
03/06/2001,CHS,SC,ASO,ES,Towers with Radar,28,59,39,39,165,13,18,9,0,40,41,77,48,39,205,2,36,38,243
03/07/2001,CHS,SC,ASO,ES,Towers with Radar,36,79,51,44,210,8,6,60,0,74,44,85,111,44,284,36,60,96,380
03/08/2001,CHS,SC,ASO,ES,Towers with Radar,42,92,66,64,264,0,0,57,0,57,42,92,123,64,321,20,98,118,439
03/09/2001,CHS,SC,ASO,ES,Towers with Radar,43,93,70,72,278,0,0,39,0,39,43,93,109,72,317,20,148,168,485
03/10/2001,CHS,SC,ASO,ES,Towers with Radar,29,62,40,19,150,8,7,57,0,72,37,69,97,19,222,30,32,62,284
03/11/2001,CHS,SC,ASO,ES,Towers with Radar,38,70,52,32,192,2,0,68,0,70,40,70,120,32,262,26,32,58,320
03/12/2001,CHS,SC,ASO,ES,Towers with Radar,37,84,54,66,241,0,0,10,14,24,37,84,64,80,265,20,122,142,407
03/13/2001,CHS,SC,ASO,ES,Towers with Radar,35,77,49,40,201,7,16,29,0,52,42,93,78,40,253,4,64,68,321
03/14/2001,CHS,SC,ASO,ES,Towers with Radar,42,88,65,72,267,0,0,89,0,89,42,88,154,72,356,30,110,140,496
03/15/2001,CHS,SC,ASO,ES,Towers with Radar,38,92,37,37,204,1,3,7,0,11,39,95,44,37,215,18,70,88,303
03/16/2001,CHS,SC,ASO,ES,Towers with Radar,38,103,70,77,288,0,0,34,0,34,38,103,104,77,322,14,140,154,476
03/17/2001,CHS,SC,ASO,ES,Towers with Radar,37,78,51,47,213,4,0,60,0,64,41,78,111,47,277,18,74,92,369
03/18/2001,CHS,SC,ASO,ES,Towers with Radar,37,78,54,32,201,0,0,50,0,50,37,78,104,32,251,14,14,28,279
03/19/2001,CHS,SC,ASO,ES,Towers with Radar,38,82,53,63,236,3,6,7,5,21,41,88,60,68,257,12,90,102,359
03/20/2001,CHS,SC,ASO,ES,Towers with Radar,36,96,28,13,173,1,3,7,0,11,37,99,35,13,184,2,20,22,206
03/21/2001,CHS,SC,ASO,ES,Towers with Radar,40,87,55,41,223,3,0,8,0,11,43,87,63,41,234,24,58,82,316
03/22/2001,CHS,SC,ASO,ES,Towers with Radar,40,107,61,29,237,0,6,49,0,55,40,113,110,29,292,12,82,94,386
03/23/2001,CHS,SC,ASO,ES,Towers with Radar,39,101,64,57,261,0,4,72,0,76,39,105,136,57,337,28,133,161,498
03/24/2001,CHS,SC,ASO,ES,Towers with Radar,35,73,47,30,185,5,19,70,0,94,40,92,117,30,279,68,46,114,393
03/25/2001,CHS,SC,ASO,ES,Towers with Radar,37,85,55,37,214,0,0,0,0,0,37,85,55,37,214,12,52,64,278
03/26/2001,CHS,SC,ASO,ES,Towers with Radar,42,91,59,71,263,0,0,57,11,68,42,91,116,82,331,16,124,140,471
03/27/2001,CHS,SC,ASO,ES,Towers with Radar,39,89,57,50,235,0,0,92,0,92,39,89,149,50,327,24,136,160,487
03/28/2001,CHS,SC,ASO,ES,Towers with Radar,41,78,57,54,230,0,0,49,0,49,41,78,106,54,279,8,134,142,421
03/29/2001,CHS,SC,ASO,ES,Towers with Radar,34,71,45,26,176,11,11,16,0,38,45,82,61,26,214,8,26,34,248
03/30/2001,CHS,SC,ASO,ES,Towers with Radar,42,95,63,79,279,0,0,41,1,42,42,95,104,80,321,8,124,132,453
03/31/2001,CHS,SC,ASO,ES,Towers with Radar,39,82,52,37,210,0,2,27,0,29,39,84,79,37,239,52,20,72,311
04/01/2001,CHS,SC,ASO,ES,Towers with Radar,33,68,59,41,201,10,14,11,0,35,43,82,70,41,236,16,74,90,326
04/02/2001,CHS,SC,ASO,ES,Towers with Radar,39,80,53,50,222,1,1,47,0,49,40,81,100,50,271,14,96,110,381
04/03/2001,CHS,SC,ASO,ES,Towers with Radar,38,88,50,63,239,0,2,20,0,22,38,90,70,63,261,6,144,150,411
04/04/2001,CHS,SC,ASO,ES,Towers with Radar,40,80,70,54,244,0,5,20,7,32,40,85,90,61,276,12,106,118,394
04/05/2001,CHS,SC,ASO,ES,Towers with Radar,41,79,69,47,236,1,5,31,0,37,42,84,100,47,273,24,54,78,351
04/06/2001,CHS,SC,ASO,ES,Towers with Radar,43,85,90,59,277,0,0,96,0,96,43,85,186,59,373,10,38,48,421
04/07/2001,CHS,SC,ASO,ES,Towers with Radar,43,78,84,51,256,0,0,37,0,37,43,78,121,51,293,4,20,24,317
04/08/2001,CHS,SC,ASO,ES,Towers with Radar,43,76,71,38,228,0,0,38,0,38,43,76,109,38,266,0,8,8,274
04/09/2001,CHS,SC,ASO,ES,Towers with Radar,48,77,81,62,268,0,0,30,9,39,48,77,111,71,307,36,76,112,419
04/10/2001,CHS,SC,ASO,ES,Towers with Radar,46,79,78,43,246,0,0,28,0,28,46,79,106,43,274,28,114,142,416
04/11/2001,CHS,SC,ASO,ES,Towers with Radar,42,75,93,55,265,0,0,64,0,64,42,75,157,55,329,30,154,184,513
04/12/2001,CHS,SC,ASO,ES,Towers with Radar,43,98,94,39,274,0,0,39,0,39,43,98,133,39,313,5,34,39,352
04/13/2001,CHS,SC,ASO,ES,Towers with Radar,41,91,81,52,265,0,0,44,0,44,41,91,125,52,309,2,86,88,397
04/14/2001,CHS,SC,ASO,ES,Towers with Radar,40,71,64,27,202,0,0,70,0,70,40,71,134,27,272,2,10,12,284
04/15/2001,CHS,SC,ASO,ES,Towers with Radar,35,65,55,11,166,3,1,16,0,20,38,66,71,11,186,2,0,2,188
04/16/2001,CHS,SC,ASO,ES,Towers with Radar,40,85,74,43,242,0,0,45,0,45,40,85,119,43,287,6,74,80,367
04/17/2001,CHS,SC,ASO,ES,Towers with Radar,37,69,59,45,210,5,16,18,9,48,42,85,77,54,258,16,102,118,376
04/18/2001,CHS,SC,ASO,ES,Towers with Radar,47,80,75,45,247,0,0,75,0,75,47,80,150,45,322,38,62,100,422
04/19/2001,CHS,SC,ASO,ES,Towers with Radar,42,85,72,41,240,0,5,76,0,81,42,90,148,41,321,46,107,153,474
04/20/2001,CHS,SC,ASO,ES,Towers with Radar,40,86,78,61,265,0,0,71,6,77,40,86,149,67,342,12,120,132,474
04/21/2001,CHS,SC,ASO,ES,Towers with Radar,33,64,55,37,189,8,12,46,0,66,41,76,101,37,255,8,16,24,279
04/22/2001,CHS,SC,ASO,ES,Towers with Radar,43,83,73,35,234,0,0,59,0,59,43,83,132,35,293,4,14,18,311
04/23/2001,CHS,SC,ASO,ES,Towers with Radar,32,62,53,41,188,7,22,47,1,77,39,84,100,42,265,16,54,70,335
04/24/2001,CHS,SC,ASO,ES,Towers with Radar,34,67,57,32,190,10,8,69,0,87,44,75,126,32,277,22,56,78,355
04/25/2001,CHS,SC,ASO,ES,Towers with Radar,39,75,64,30,208,9,5,18,0,32,48,80,82,30,240,4,74,78,318
04/26/2001,CHS,SC,ASO,ES,Towers with Radar,43,83,71,38,235,8,2,58,0,68,51,85,129,38,303,20,44,64,367
04/27/2001,CHS,SC,ASO,ES,Towers with Radar,42,85,72,56,255,0,9,66,3,78,42,94,138,59,333,24,78,102,435
04/28/2001,CHS,SC,ASO,ES,Towers with Radar,30,58,50,20,158,13,12,38,0,63,43,70,88,20,221,0,18,18,239
04/29/2001,CHS,SC,ASO,ES,Towers with Radar,33,65,55,19,172,9,12,28,0,49,42,77,83,19,221,0,32,32,253
04/30/2001,CHS,SC,ASO,ES,Towers with Radar,34,67,57,40,198,5,13,27,0,45,39,80,84,40,243,18,108,126,369
05/01/2001,CHS,SC,ASO,ES,Towers with Radar,38,79,51,47,215,5,12,34,0,51,43,91,85,47,266,28,186,214,480
05/02/2001,CHS,SC,ASO,ES,Towers with Radar,41,89,57,59,246,0,15,47,0,62,41,104,104,59,308,20,164,184,492
05/03/2001,CHS,SC,ASO,ES,Towers with Radar,40,81,55,43,219,3,0,48,0,51,43,81,103,43,270,10,86,96,366
05/04/2001,CHS,SC,ASO,ES,Towers with Radar,50,93,73,51,267,0,0,30,0,30,50,93,103,51,297,28,158,186,483
05/05/2001,CHS,SC,ASO,ES,Towers with Radar,38,98,34,58,228,0,2,39,0,41,38,100,73,58,269,16,20,36,305
05/06/2001,CHS,SC,ASO,ES,Towers with Radar,36,77,48,49,210,7,1,23,0,31,43,78,71,49,241,10,24,34,275
05/07/2001,CHS,SC,ASO,ES,Towers with Radar,36,82,52,51,221,0,2,29,0,31,36,84,81,51,252,4,124,128,380
05/08/2001,CHS,SC,ASO,ES,Towers with Radar,39,86,55,64,244,0,18,34,8,60,39,104,89,72,304,46,144,190,494
05/09/2001,CHS,SC,ASO,ES,Towers with Radar,40,98,64,68,270,0,0,36,0,36,40,98,100,68,306,16,114,130,436
05/10/2001,CHS,SC,ASO,ES,Towers with Radar,37,101,65,52,255,0,2,57,0,59,37,103,122,52,314,28,82,110,424
05/11/2001,CHS,SC,ASO,ES,Towers with Radar,43,99,62,66,270,0,3,42,0,45,43,102,104,66,315,18,50,68,383
05/12/2001,CHS,SC,ASO,ES,Towers with Radar,41,83,32,40,196,0,2,40,0,42,41,85,72,40,238,30,80,110,348
05/13/2001,CHS,SC,ASO,ES,Towers with Radar,39,67,30,29,165,0,2,39,0,41,39,69,69,29,206,14,6,20,226
05/14/2001,CHS,SC,ASO,ES,Towers with Radar,38,81,50,52,221,3,0,52,0,55,41,81,102,52,276,14,102,116,392
05/15/2001,CHS,SC,ASO,ES,Towers with Radar,36,76,48,51,211,4,12,74,0,90,40,88,122,51,301,34,96,130,431
05/16/2001,CHS,SC,ASO,ES,Towers with Radar,39,84,53,42,218,1,0,47,0,48,40,84,100,42,266,22,138,160,426
05/17/2001,CHS,SC,ASO,ES,Towers with Radar,37,84,53,27,201,0,3,63,0,66,37,87,116,27,267,12,10,22,289
05/18/2001,CHS,SC,ASO,ES,Towers with Radar,37,92,57,43,229,0,4,33,11,48,37,96,90,54,277,32,144,176,453
05/19/2001,CHS,SC,ASO,ES,Towers with Radar,26,44,35,11,116,4,0,29,0,33,30,44,64,11,149,10,0,10,159
05/20/2001,CHS,SC,ASO,ES,Towers with Radar,38,74,50,58,220,5,0,33,3,41,43,74,83,61,261,12,74,86,347
05/21/2001,CHS,SC,ASO,ES,Towers with Radar,36,77,48,54,215,1,5,10,0,16,37,82,58,54,231,32,60,92,323
05/22/2001,CHS,SC,ASO,ES,Towers with Radar,34,72,46,44,196,5,0,32,0,37,39,72,78,44,233,0,74,74,307
05/23/2001,CHS,SC,ASO,ES,Towers with Radar,42,89,62,51,244,0,0,69,0,69,42,89,131,51,313,18,118,136,449
05/24/2001,CHS,SC,ASO,ES,Towers with Radar,42,80,55,44,221,0,0,57,0,57,42,80,112,44,278,22,118,140,418
05/25/2001,CHS,SC,ASO,ES,Towers with Radar,38,87,65,37,227,0,0,69,0,69,38,87,134,37,296,6,108,114,410
05/26/2001,CHS,SC,ASO,ES,Towers with Radar,32,79,50,23,184,0,1,38,0,39,32,80,88,23,223,20,36,56,279
05/27/2001,CHS,SC,ASO,ES,Towers with Radar,26,54,34,13,127,8,9,41,0,58,34,63,75,13,185,12,8,20,205
05/28/2001,CHS,SC,ASO,ES,Towers with Radar,38,64,70,20,192,0,1,21,1,23,38,65,91,21,215,10,0,10,225
05/29/2001,CHS,SC,ASO,ES,Towers with Radar,37,78,49,38,202,2,0,30,0,32,39,78,79,38,234,20,94,114,348
05/30/2001,CHS,SC,ASO,ES,Towers with Radar,38,84,53,46,221,0,4,29,0,33,38,88,82,46,254,16,60,76,330
05/31/2001,CHS,SC,ASO,ES,Towers with Radar,39,83,55,50,227,0,0,53,0,53,39,83,108,50,280,10,48,58,338
06/01/2001,CHS,SC,ASO,ES,Towers with Radar,36,82,59,51,228,0,1,26,0,27,36,83,85,51,255,8,56,64,319
06/02/2001,CHS,SC,ASO,ES,Towers with Radar,31,65,43,26,165,7,20,9,0,36,38,85,52,26,201,10,26,36,237
06/03/2001,CHS,SC,ASO,ES,Towers with Radar,33,71,47,37,188,6,12,34,0,52,39,83,81,37,240,20,44,64,304
06/04/2001,CHS,SC,ASO,ES,Towers with Radar,39,83,54,40,216,0,0,40,0,40,39,83,94,40,256,14,50,64,320
06/05/2001,CHS,SC,ASO,ES,Towers with Radar,37,86,56,53,232,0,3,48,0,51,37,89,104,53,283,8,36,44,327
06/06/2001,CHS,SC,ASO,ES,Towers with Radar,36,89,57,46,228,0,1,42,0,43,36,90,99,46,271,18,98,116,387
06/07/2001,CHS,SC,ASO,ES,Towers with Radar,36,99,64,29,228,0,0,44,0,44,36,99,108,29,272,6,42,48,320
06/08/2001,CHS,SC,ASO,ES,Towers with Radar,39,98,64,48,249,0,14,5,0,19,39,112,69,48,268,28,76,104,372
06/09/2001,CHS,SC,ASO,ES,Towers with Radar,37,80,64,31,212,0,1,5,0,6,37,81,69,31,218,8,50,58,276
06/10/2001,CHS,SC,ASO,ES,Towers with Radar,40,75,79,50,244,0,1,12,0,13,40,76,91,50,257,46,78,124,381
06/11/2001,CHS,SC,ASO,ES,Towers with Radar,36,83,54,52,225,0,7,39,0,46,36,90,93,52,271,4,122,126,397
06/12/2001,CHS,SC,ASO,ES,Towers with Radar,35,77,51,34,197,0,9,23,0,32,35,86,74,34,229,26,56,82,311
06/13/2001,CHS,SC,ASO,ES,Towers with Radar,33,79,36,34,182,0,1,9,0,10,33,80,45,34,192,16,34,50,242
06/14/2001,CHS,SC,ASO,ES,Towers with Radar,47,72,67,73,259,4,0,44,2,50,51,72,111,75,309,18,110,128,437
06/15/2001,CHS,SC,ASO,ES,Towers with Radar,34,69,54,53,210,0,0,47,0,47,34,69,101,53,257,10,104,114,371
06/16/2001,CHS,SC,ASO,ES,Towers with Radar,36,76,51,41,204,6,0,48,0,54,42,76,99,41,258,20,68,88,346
06/17/2001,CHS,SC,ASO,ES,Towers with Radar,35,76,49,30,190,1,0,32,0,33,36,76,81,30,223,20,38,58,281
06/18/2001,CHS,SC,ASO,ES,Towers with Radar,46,86,65,49,246,3,0,6,0,9,49,86,71,49,255,20,214,234,489
06/19/2001,CHS,SC,ASO,ES,Towers with Radar,39,84,55,52,230,5,0,19,0,24,44,84,74,52,254,14,88,102,356
06/20/2001,CHS,SC,ASO,ES,Towers with Radar,37,83,53,48,221,3,4,19,0,26,40,87,72,48,247,10,74,84,331
06/21/2001,CHS,SC,ASO,ES,Towers with Radar,44,78,62,43,227,1,0,25,0,26,45,78,87,43,253,46,88,134,387
06/22/2001,CHS,SC,ASO,ES,Towers with Radar,38,86,58,52,234,0,0,51,0,51,38,86,109,52,285,38,80,118,403
06/23/2001,CHS,SC,ASO,ES,Towers with Radar,34,77,48,39,198,9,0,37,0,46,43,77,85,39,244,18,32,50,294
06/24/2001,CHS,SC,ASO,ES,Towers with Radar,31,69,44,29,173,4,10,31,0,45,35,79,75,29,218,2,2,4,222
06/25/2001,CHS,SC,ASO,ES,Towers with Radar,35,83,53,59,230,0,5,41,7,53,35,88,94,66,283,14,66,80,363
06/26/2001,CHS,SC,ASO,ES,Towers with Radar,45,91,65,73,274,0,0,51,1,52,45,91,116,74,326,76,154,230,556
06/27/2001,CHS,SC,ASO,ES,Towers with Radar,40,91,59,47,237,0,0,66,0,66,40,91,125,47,303,46,48,94,397
06/28/2001,CHS,SC,ASO,ES,Towers with Radar,32,88,56,42,218,0,4,48,0,52,32,92,104,42,270,24,18,42,312
06/29/2001,CHS,SC,ASO,ES,Towers with Radar,39,103,66,49,257,0,7,58,0,65,39,110,124,49,322,32,140,172,494
06/30/2001,CHS,SC,ASO,ES,Towers with Radar,35,77,49,51,212,3,6,51,0,60,38,83,100,51,272,44,100,144,416
07/01/2001,CHS,SC,ASO,ES,Towers with Radar,28,54,36,33,151,6,0,18,0,24,34,54,54,33,175,36,19,55,230
07/02/2001,CHS,SC,ASO,ES,Towers with Radar,33,90,28,41,192,0,1,36,0,37,33,91,64,41,229,0,48,48,277
07/03/2001,CHS,SC,ASO,ES,Towers with Radar,32,71,39,15,157,1,20,32,0,53,33,91,71,15,210,20,10,30,240
07/04/2001,CHS,SC,ASO,ES,Towers with Radar,25,57,31,6,119,6,17,7,0,30,31,74,38,6,149,22,2,24,173
07/05/2001,CHS,SC,ASO,ES,Towers with Radar,38,82,49,40,209,3,0,21,0,24,41,82,70,40,233,20,46,66,299
07/06/2001,CHS,SC,ASO,ES,Towers with Radar,38,84,49,42,213,1,0,51,0,52,39,84,100,42,265,18,50,68,333
07/07/2001,CHS,SC,ASO,ES,Towers with Radar,35,78,45,51,209,3,0,42,0,45,38,78,87,51,254,44,70,114,368
07/08/2001,CHS,SC,ASO,ES,Towers with Radar,36,74,45,30,185,0,0,43,0,43,36,74,88,30,228,18,22,40,268
07/09/2001,CHS,SC,ASO,ES,Towers with Radar,33,75,41,37,186,0,6,54,0,60,33,81,95,37,246,8,58,66,312
07/10/2001,CHS,SC,ASO,ES,Towers with Radar,32,75,42,42,191,4,10,35,0,49,36,85,77,42,240,36,82,118,358
07/11/2001,CHS,SC,ASO,ES,Towers with Radar,32,82,46,34,194,0,11,59,0,70,32,93,105,34,264,19,98,117,381
07/12/2001,CHS,SC,ASO,ES,Towers with Radar,36,94,66,44,240,0,1,25,0,26,36,95,91,44,266,20,50,70,336
07/13/2001,CHS,SC,ASO,ES,Towers with Radar,37,93,57,59,246,0,0,27,0,27,37,93,84,59,273,7,86,93,366
07/14/2001,CHS,SC,ASO,ES,Towers with Radar,32,73,40,41,186,3,3,34,0,40,35,76,74,41,226,29,38,67,293
07/15/2001,CHS,SC,ASO,ES,Towers with Radar,36,74,46,51,207,1,0,43,0,44,37,74,89,51,251,24,160,184,435
07/16/2001,CHS,SC,ASO,ES,Towers with Radar,34,85,47,49,215,0,7,47,0,54,34,92,94,49,269,14,116,130,399
07/17/2001,CHS,SC,ASO,ES,Towers with Radar,38,84,49,44,215,3,0,89,0,92,41,84,138,44,307,40,124,164,471
07/18/2001,CHS,SC,ASO,ES,Towers with Radar,37,86,47,49,219,0,4,38,0,42,37,90,85,49,261,40,66,106,367
07/19/2001,CHS,SC,ASO,ES,Towers with Radar,37,89,58,52,236,0,0,46,0,46,37,89,104,52,282,20,192,212,494
07/20/2001,CHS,SC,ASO,ES,Towers with Radar,46,76,59,52,233,0,0,0,0,0,46,76,59,52,233,8,121,129,362
07/21/2001,CHS,SC,ASO,ES,Towers with Radar,36,85,47,42,210,0,5,18,0,23,36,90,65,42,233,32,52,84,317
07/22/2001,CHS,SC,ASO,ES,Towers with Radar,35,82,47,44,208,1,0,36,0,37,36,82,83,44,245,16,64,80,325
07/23/2001,CHS,SC,ASO,ES,Towers with Radar,30,87,71,35,223,0,1,22,0,23,30,88,93,35,246,46,84,130,376
07/24/2001,CHS,SC,ASO,ES,Towers with Radar,34,81,45,50,210,3,7,29,0,39,37,88,74,50,249,14,76,90,339
07/25/2001,CHS,SC,ASO,ES,Towers with Radar,32,92,55,54,233,0,0,53,0,53,32,92,108,54,286,36,90,126,412
07/26/2001,CHS,SC,ASO,ES,Towers with Radar,37,81,49,41,208,1,0,25,0,26,38,81,74,41,234,2,96,98,332
07/27/2001,CHS,SC,ASO,ES,Towers with Radar,31,95,53,43,222,0,2,31,0,33,31,97,84,43,255,22,86,108,363
07/28/2001,CHS,SC,ASO,ES,Towers with Radar,29,70,36,26,161,11,21,0,0,32,40,91,36,26,193,11,4,15,208
07/29/2001,CHS,SC,ASO,ES,Towers with Radar,34,83,47,42,206,0,2,39,0,41,34,85,86,42,247,27,18,45,292
07/30/2001,CHS,SC,ASO,ES,Towers with Radar,34,94,51,36,215,0,0,44,0,44,34,94,95,36,259,20,84,104,363
07/31/2001,CHS,SC,ASO,ES,Towers with Radar,33,79,43,34,189,5,14,36,0,55,38,93,79,34,244,18,58,76,320
08/01/2001,CHS,SC,ASO,ES,Towers with Radar,39,88,53,49,229,0,0,68,0,68,39,88,121,49,297,18,90,108,405
08/02/2001,CHS,SC,ASO,ES,Towers with Radar,35,91,53,34,213,0,3,54,0,57,35,94,107,34,270,12,76,88,358
08/03/2001,CHS,SC,ASO,ES,Towers with Radar,52,82,71,69,274,0,0,16,0,16,52,82,87,69,290,32,158,190,480
08/04/2001,CHS,SC,ASO,ES,Towers with Radar,34,77,45,47,203,3,9,24,0,36,37,86,69,47,239,22,38,60,299
08/05/2001,CHS,SC,ASO,ES,Towers with Radar,37,77,17,45,176,0,1,31,0,32,37,78,48,45,208,24,16,40,248
08/06/2001,CHS,SC,ASO,ES,Towers with Radar,35,88,51,59,233,0,9,32,14,55,35,97,83,73,288,8,164,172,460
08/07/2001,CHS,SC,ASO,ES,Towers with Radar,36,96,43,52,227,0,1,78,0,79,36,97,121,52,306,26,182,208,514
08/08/2001,CHS,SC,ASO,ES,Towers with Radar,37,89,53,60,239,1,1,34,3,39,38,90,87,63,278,20,120,140,418
08/09/2001,CHS,SC,ASO,ES,Towers with Radar,32,83,50,35,200,0,3,54,0,57,32,86,104,35,257,14,66,80,337
08/10/2001,CHS,SC,ASO,ES,Towers with Radar,38,82,55,56,231,0,0,67,0,67,38,82,122,56,298,4,64,68,366
08/11/2001,CHS,SC,ASO,ES,Towers with Radar,28,66,40,45,179,4,14,24,9,51,32,80,64,54,230,8,66,74,304
08/12/2001,CHS,SC,ASO,ES,Towers with Radar,35,79,51,48,213,0,0,31,0,31,35,79,82,48,244,34,74,108,352
08/13/2001,CHS,SC,ASO,ES,Towers with Radar,33,80,48,28,189,4,11,28,0,43,37,91,76,28,232,18,18,36,268
08/14/2001,CHS,SC,ASO,ES,Towers with Radar,39,91,70,42,242,0,1,20,0,21,39,92,90,42,263,2,44,46,309
08/15/2001,CHS,SC,ASO,ES,Towers with Radar,35,97,57,41,230,0,3,77,0,80,35,100,134,41,310,44,108,152,462
08/16/2001,CHS,SC,ASO,ES,Towers with Radar,32,91,58,41,222,0,0,39,0,39,32,91,97,41,261,38,64,102,363
08/17/2001,CHS,SC,ASO,ES,Towers with Radar,34,100,59,57,250,0,0,59,0,59,34,100,118,57,309,28,116,144,453
08/18/2001,CHS,SC,ASO,ES,Towers with Radar,28,68,40,24,160,10,18,25,0,53,38,86,65,24,213,28,18,46,259
08/19/2001,CHS,SC,ASO,ES,Towers with Radar,36,79,39,30,184,0,0,22,0,22,36,79,61,30,206,20,84,104,310
08/20/2001,CHS,SC,ASO,ES,Towers with Radar,30,81,48,42,201,0,12,34,0,46,30,93,82,42,247,32,56,88,335
08/21/2001,CHS,SC,ASO,ES,Towers with Radar,35,84,49,36,204,3,9,45,0,57,38,93,94,36,261,34,46,80,341
08/22/2001,CHS,SC,ASO,ES,Towers with Radar,37,89,52,55,233,4,3,51,0,58,41,92,103,55,291,22,74,96,387
08/23/2001,CHS,SC,ASO,ES,Towers with Radar,35,99,60,42,236,0,0,64,0,64,35,99,124,42,300,20,88,108,408
08/24/2001,CHS,SC,ASO,ES,Towers with Radar,37,93,54,42,226,0,7,47,0,54,37,100,101,42,280,22,64,86,366
08/25/2001,CHS,SC,ASO,ES,Towers with Radar,34,75,35,18,162,13,0,0,0,13,47,75,35,18,175,40,34,74,249
08/26/2001,CHS,SC,ASO,ES,Towers with Radar,33,62,47,54,196,25,0,32,7,64,58,62,79,61,260,18,50,68,328
08/27/2001,CHS,SC,ASO,ES,Towers with Radar,33,81,47,54,215,2,5,44,18,69,35,86,91,72,284,26,74,100,384
08/28/2001,CHS,SC,ASO,ES,Towers with Radar,36,102,58,66,262,0,3,79,0,82,36,105,137,66,344,48,142,190,534
08/29/2001,CHS,SC,ASO,ES,Towers with Radar,33,81,47,38,199,1,13,42,0,56,34,94,89,38,255,24,42,66,321
08/30/2001,CHS,SC,ASO,ES,Towers with Radar,34,96,58,39,227,0,0,59,0,59,34,96,117,39,286,20,74,94,380
08/31/2001,CHS,SC,ASO,ES,Towers with Radar,37,90,55,34,216,0,0,43,0,43,37,90,98,34,259,38,80,118,377
09/01/2001,CHS,SC,ASO,ES,Towers with Radar,25,56,40,19,140,10,26,18,0,54,35,82,58,19,194,10,6,16,210
09/02/2001,CHS,SC,ASO,ES,Towers with Radar,21,47,35,10,113,9,25,10,0,44,30,72,45,10,157,8,0,8,165
09/03/2001,CHS,SC,ASO,ES,Towers with Radar,32,83,41,22,178,0,1,23,0,24,32,84,64,22,202,29,6,35,237
09/04/2001,CHS,SC,ASO,ES,Towers with Radar,36,91,40,34,201,0,1,11,0,12,36,92,51,34,213,8,42,50,263
09/05/2001,CHS,SC,ASO,ES,Towers with Radar,30,68,50,27,175,5,23,25,0,53,35,91,75,27,228,20,44,64,292
09/06/2001,CHS,SC,ASO,ES,Towers with Radar,34,79,57,34,204,2,4,55,0,61,36,83,112,34,265,30,96,126,391
09/07/2001,CHS,SC,ASO,ES,Towers with Radar,38,69,65,57,229,17,0,37,0,54,55,69,102,57,283,10,118,128,411
09/08/2001,CHS,SC,ASO,ES,Towers with Radar,27,61,45,40,173,9,13,21,16,59,36,74,66,56,232,4,86,90,322
09/09/2001,CHS,SC,ASO,ES,Towers with Radar,36,78,63,56,233,0,0,12,3,15,36,78,75,59,248,2,68,70,318
09/10/2001,CHS,SC,ASO,ES,Towers with Radar,30,70,51,43,194,4,13,23,0,40,34,83,74,43,234,10,78,88,322
09/11/2001,CHS,SC,ASO,ES,Towers with Radar,12,21,20,18,71,9,0,5,2,16,21,21,25,20,87,4,22,26,113
09/12/2001,CHS,SC,ASO,ES,Towers with Radar,0,0,1,5,6,0,0,2,2,4,0,0,3,7,10,0,0,0,10
09/13/2001,CHS,SC,ASO,ES,Towers with Radar,6,11,4,9,30,1,0,0,9,10,7,11,4,18,40,0,2,2,42
09/14/2001,CHS,SC,ASO,ES,Towers with Radar,18,41,17,27,103,2,9,0,8,19,20,50,17,35,122,0,66,66,188
09/15/2001,CHS,SC,ASO,ES,Towers with Radar,22,47,25,34,128,8,0,0,4,12,30,47,25,38,140,0,40,40,180
09/16/2001,CHS,SC,ASO,ES,Towers with Radar,22,53,39,34,148,0,0,0,0,0,22,53,39,34,148,8,72,80,228
09/17/2001,CHS,SC,ASO,ES,Towers with Radar,27,73,57,59,216,0,0,0,0,0,27,73,57,59,216,20,152,172,388
09/18/2001,CHS,SC,ASO,ES,Towers with Radar,33,75,82,51,241,0,1,2,0,3,33,76,84,51,244,38,96,134,378
09/19/2001,CHS,SC,ASO,ES,Towers with Radar,33,83,69,33,218,0,0,46,0,46,33,83,115,33,264,40,70,110,374
09/20/2001,CHS,SC,ASO,ES,Towers with Radar,29,75,57,44,205,0,0,13,0,13,29,75,70,44,218,6,70,76,294
09/21/2001,CHS,SC,ASO,ES,Towers with Radar,28,75,63,57,223,0,0,10,0,10,28,75,73,57,233,30,134,164,397
09/22/2001,CHS,SC,ASO,ES,Towers with Radar,25,60,44,24,153,0,5,8,0,13,25,65,52,24,166,6,30,36,202
09/23/2001,CHS,SC,ASO,ES,Towers with Radar,24,64,54,27,169,0,0,21,0,21,24,64,75,27,190,2,8,10,200
09/24/2001,CHS,SC,ASO,ES,Towers with Radar,24,58,42,31,155,1,18,0,0,19,25,76,42,31,174,16,18,34,208
09/25/2001,CHS,SC,ASO,ES,Towers with Radar,29,76,56,45,206,0,0,64,0,64,29,76,120,45,270,28,30,58,328
09/26/2001,CHS,SC,ASO,ES,Towers with Radar,26,73,58,53,210,0,0,78,2,80,26,73,136,55,290,6,28,34,324
09/27/2001,CHS,SC,ASO,ES,Towers with Radar,26,76,64,53,219,0,0,86,0,86,26,76,150,53,305,10,10,20,325
09/28/2001,CHS,SC,ASO,ES,Towers with Radar,30,78,62,41,211,0,0,64,0,64,30,78,126,41,275,20,10,30,305
09/29/2001,CHS,SC,ASO,ES,Towers with Radar,22,54,38,35,149,4,7,27,3,41,26,61,65,38,190,22,4,26,216
09/30/2001,CHS,SC,ASO,ES,Towers with Radar,28,64,61,56,209,0,0,23,3,26,28,64,84,59,235,8,40,48,283
10/01/2001,CHS,SC,ASO,ES,Towers with Radar,26,64,46,36,172,3,9,21,15,48,29,73,67,51,220,18,22,40,260
10/02/2001,CHS,SC,ASO,ES,Towers with Radar,29,74,54,42,199,0,5,58,4,67,29,79,112,46,266,26,46,72,338
10/03/2001,CHS,SC,ASO,ES,Towers with Radar,31,75,55,28,189,2,2,68,0,72,33,77,123,28,261,22,20,42,303
10/04/2001,CHS,SC,ASO,ES,Towers with Radar,31,80,61,47,219,0,0,54,11,65,31,80,115,58,284,28,10,38,322
10/05/2001,CHS,SC,ASO,ES,Towers with Radar,31,87,64,49,231,0,0,36,3,39,31,87,100,52,270,32,22,54,324
10/06/2001,CHS,SC,ASO,ES,Towers with Radar,20,48,34,27,129,9,20,21,2,52,29,68,55,29,181,12,24,36,217
10/07/2001,CHS,SC,ASO,ES,Towers with Radar,28,72,61,36,197,0,0,45,1,46,28,72,106,37,243,36,8,44,287
10/08/2001,CHS,SC,ASO,ES,Towers with Radar,27,67,50,25,169,1,5,30,0,36,28,72,80,25,205,32,8,40,245
10/09/2001,CHS,SC,ASO,ES,Towers with Radar,26,64,48,24,162,4,14,33,0,51,30,78,81,24,213,34,24,58,271
10/10/2001,CHS,SC,ASO,ES,Towers with Radar,33,84,63,38,218,0,10,17,0,27,33,94,80,38,245,22,22,44,289
10/11/2001,CHS,SC,ASO,ES,Towers with Radar,31,85,64,34,214,0,4,38,0,42,31,89,102,34,256,52,42,94,350
10/12/2001,CHS,SC,ASO,ES,Towers with Radar,32,80,70,49,231,0,0,49,0,49,32,80,119,49,280,32,20,52,332
10/13/2001,CHS,SC,ASO,ES,Towers with Radar,24,65,48,36,173,4,1,49,14,68,28,66,97,50,241,38,8,46,287
10/14/2001,CHS,SC,ASO,ES,Towers with Radar,32,69,62,49,212,0,0,0,1,1,32,69,62,50,213,4,8,12,225
10/15/2001,CHS,SC,ASO,ES,Towers with Radar,30,76,59,43,208,3,0,36,0,39,33,76,95,43,247,20,50,70,317
10/16/2001,CHS,SC,ASO,ES,Towers with Radar,31,82,61,41,215,1,3,58,0,62,32,85,119,41,277,34,48,82,359
10/17/2001,CHS,SC,ASO,ES,Towers with Radar,30,86,64,34,214,0,3,37,0,40,30,89,101,34,254,30,8,38,292
10/18/2001,CHS,SC,ASO,ES,Towers with Radar,31,78,68,51,228,0,0,59,1,60,31,78,127,52,288,42,48,90,378
10/19/2001,CHS,SC,ASO,ES,Towers with Radar,30,80,63,34,207,0,0,42,0,42,30,80,105,34,249,28,8,36,285
10/20/2001,CHS,SC,ASO,ES,Towers with Radar,28,75,56,28,187,1,0,57,0,58,29,75,113,28,245,40,60,100,345
10/21/2001,CHS,SC,ASO,ES,Towers with Radar,30,62,68,37,197,0,0,36,0,36,30,62,104,37,233,16,12,28,261
10/22/2001,CHS,SC,ASO,ES,Towers with Radar,29,78,61,39,207,0,0,7,0,7,29,78,68,39,214,34,34,68,282
10/23/2001,CHS,SC,ASO,ES,Towers with Radar,31,82,61,46,220,0,5,35,4,44,31,87,96,50,264,16,58,74,338
10/24/2001,CHS,SC,ASO,ES,Towers with Radar,36,67,89,45,237,0,13,7,0,20,36,80,96,45,257,44,72,116,373
10/25/2001,CHS,SC,ASO,ES,Towers with Radar,33,83,65,31,212,3,0,46,0,49,36,83,111,31,261,22,44,66,327
10/26/2001,CHS,SC,ASO,ES,Towers with Radar,30,86,73,41,230,0,0,47,0,47,30,86,120,41,277,16,78,94,371
10/27/2001,CHS,SC,ASO,ES,Towers with Radar,22,57,42,32,153,8,12,38,0,58,30,69,80,32,211,14,28,42,253
10/28/2001,CHS,SC,ASO,ES,Towers with Radar,32,75,77,49,233,0,0,20,0,20,32,75,97,49,253,12,46,58,311
10/29/2001,CHS,SC,ASO,ES,Towers with Radar,28,78,59,42,207,0,1,43,0,44,28,79,102,42,251,16,32,48,299
10/30/2001,CHS,SC,ASO,ES,Towers with Radar,29,77,57,41,204,0,0,37,0,37,29,77,94,41,241,32,152,184,425
10/31/2001,CHS,SC,ASO,ES,Towers with Radar,27,72,54,40,193,4,16,30,0,50,31,88,84,40,243,0,48,48,291
11/01/2001,CHS,SC,ASO,ES,Towers with Radar,30,83,76,46,235,0,0,58,0,58,30,83,134,46,293,28,116,144,437
11/02/2001,CHS,SC,ASO,ES,Towers with Radar,27,80,69,45,221,0,8,42,0,50,27,88,111,45,271,18,57,75,346
11/03/2001,CHS,SC,ASO,ES,Towers with Radar,25,61,52,34,172,0,7,44,13,64,25,68,96,47,236,30,76,106,342
11/04/2001,CHS,SC,ASO,ES,Towers with Radar,24,75,72,48,219,0,0,56,1,57,24,75,128,49,276,20,16,36,312
11/05/2001,CHS,SC,ASO,ES,Towers with Radar,26,76,67,44,213,0,0,11,24,35,26,76,78,68,248,2,46,48,296
11/06/2001,CHS,SC,ASO,ES,Towers with Radar,26,75,64,42,207,0,10,50,13,73,26,85,114,55,280,46,58,104,384
11/07/2001,CHS,SC,ASO,ES,Towers with Radar,33,78,70,46,227,0,0,30,2,32,33,78,100,48,259,21,73,94,353
11/08/2001,CHS,SC,ASO,ES,Towers with Radar,41,86,84,49,260,4,0,64,0,68,45,86,148,49,328,48,92,140,468
11/09/2001,CHS,SC,ASO,ES,Towers with Radar,36,86,74,47,243,2,2,24,0,28,38,88,98,47,271,24,58,82,353
11/10/2001,CHS,SC,ASO,ES,Towers with Radar,26,59,51,28,164,3,15,53,0,71,29,74,104,28,235,9,22,31,266
11/11/2001,CHS,SC,ASO,ES,Towers with Radar,36,65,73,43,217,1,0,46,0,47,37,65,119,43,264,12,10,22,286
11/12/2001,CHS,SC,ASO,ES,Towers with Radar,30,55,62,42,189,17,0,49,3,69,47,55,111,45,258,22,22,44,302
11/13/2001,CHS,SC,ASO,ES,Towers with Radar,32,76,65,36,209,4,15,64,0,83,36,91,129,36,292,28,18,46,338
11/14/2001,CHS,SC,ASO,ES,Towers with Radar,31,81,68,42,222,0,15,30,0,45,31,96,98,42,267,32,122,154,421
11/15/2001,CHS,SC,ASO,ES,Towers with Radar,30,87,73,49,239,0,0,47,11,58,30,87,120,60,297,16,44,60,357
11/16/2001,CHS,SC,ASO,ES,Towers with Radar,31,78,65,35,209,6,5,42,0,53,37,83,107,35,262,58,22,80,342
11/17/2001,CHS,SC,ASO,ES,Towers with Radar,23,58,48,31,160,3,16,47,0,66,26,74,95,31,226,24,20,44,270
11/18/2001,CHS,SC,ASO,ES,Towers with Radar,27,73,73,37,210,0,0,3,0,3,27,73,76,37,213,16,4,20,233
11/19/2001,CHS,SC,ASO,ES,Towers with Radar,26,64,53,37,180,0,17,17,0,34,26,81,70,37,214,18,64,82,296
11/20/2001,CHS,SC,ASO,ES,Towers with Radar,28,87,73,34,222,0,2,60,0,62,28,89,133,34,284,42,62,104,388
11/21/2001,CHS,SC,ASO,ES,Towers with Radar,42,73,87,28,230,7,0,12,0,19,49,73,99,28,249,26,24,50,299
11/22/2001,CHS,SC,ASO,ES,Towers with Radar,20,46,41,10,117,15,0,44,0,59,35,46,85,10,176,34,0,34,210
11/23/2001,CHS,SC,ASO,ES,Towers with Radar,22,44,42,21,129,20,0,0,0,20,42,44,42,21,149,6,2,8,157
11/24/2001,CHS,SC,ASO,ES,Towers with Radar,24,60,50,6,140,7,3,33,0,43,31,63,83,6,183,20,0,20,203
11/25/2001,CHS,SC,ASO,ES,Towers with Radar,26,79,91,22,218,0,0,1,0,1,26,79,92,22,219,10,34,44,263
11/26/2001,CHS,SC,ASO,ES,Towers with Radar,28,83,77,51,239,0,0,26,0,26,28,83,103,51,265,18,68,86,351
11/27/2001,CHS,SC,ASO,ES,Towers with Radar,28,73,61,31,193,0,15,48,0,63,28,88,109,31,256,48,50,98,354
11/28/2001,CHS,SC,ASO,ES,Towers with Radar,29,76,64,42,211,0,10,29,1,40,29,86,93,43,251,10,98,108,359
11/29/2001,CHS,SC,ASO,ES,Towers with Radar,28,71,60,34,193,1,16,55,0,72,29,87,115,34,265,8,24,32,297
11/30/2001,CHS,SC,ASO,ES,Towers with Radar,27,67,56,37,187,2,18,20,8,48,29,85,76,45,235,6,54,60,295
12/01/2001,CHS,SC,ASO,ES,Towers with Radar,22,60,39,34,155,0,9,26,1,36,22,69,65,35,191,12,18,30,221
12/02/2001,CHS,SC,ASO,ES,Towers with Radar,21,68,44,24,157,0,2,34,0,36,21,70,78,24,193,2,14,16,209
12/03/2001,CHS,SC,ASO,ES,Towers with Radar,31,75,49,42,197,0,4,22,3,29,31,79,71,45,226,10,8,18,244
12/04/2001,CHS,SC,ASO,ES,Towers with Radar,28,76,49,29,182,0,9,47,0,56,28,85,96,29,238,16,18,34,272
12/05/2001,CHS,SC,ASO,ES,Towers with Radar,40,67,59,37,203,14,0,10,0,24,54,67,69,37,227,34,72,106,333
12/06/2001,CHS,SC,ASO,ES,Towers with Radar,30,88,57,47,222,0,1,33,0,34,30,89,90,47,256,24,72,96,352
12/07/2001,CHS,SC,ASO,ES,Towers with Radar,44,73,66,59,242,0,0,12,25,37,44,73,78,84,279,30,118,148,427
12/08/2001,CHS,SC,ASO,ES,Towers with Radar,28,72,44,41,185,0,4,0,17,21,28,76,44,58,206,10,94,104,310
12/09/2001,CHS,SC,ASO,ES,Towers with Radar,26,75,28,20,149,0,1,29,1,31,26,76,57,21,180,8,0,8,188
12/10/2001,CHS,SC,ASO,ES,Towers with Radar,26,85,56,41,208,0,1,0,0,1,26,86,56,41,209,8,48,56,265
12/11/2001,CHS,SC,ASO,ES,Towers with Radar,27,81,52,44,204,0,21,12,0,33,27,102,64,44,237,2,26,28,265
12/12/2001,CHS,SC,ASO,ES,Towers with Radar,34,91,81,61,267,0,1,5,0,6,34,92,86,61,273,26,96,122,395
12/13/2001,CHS,SC,ASO,ES,Towers with Radar,31,81,52,43,207,0,4,17,0,21,31,85,69,43,228,16,72,88,316
12/14/2001,CHS,SC,ASO,ES,Towers with Radar,28,83,59,33,203,0,1,8,0,9,28,84,67,33,212,12,46,58,270
12/15/2001,CHS,SC,ASO,ES,Towers with Radar,24,56,37,22,139,4,15,45,0,64,28,71,82,22,203,10,52,62,265
12/16/2001,CHS,SC,ASO,ES,Towers with Radar,24,58,38,31,151,2,8,40,0,50,26,66,78,31,201,6,18,24,225
12/17/2001,CHS,SC,ASO,ES,Towers with Radar,30,82,50,47,209,0,6,0,5,11,30,88,50,52,220,10,82,92,312
12/18/2001,CHS,SC,ASO,ES,Towers with Radar,29,78,49,44,200,0,7,55,24,86,29,85,104,68,286,46,140,186,472
12/19/2001,CHS,SC,ASO,ES,Towers with Radar,28,83,54,38,203,0,0,51,0,51,28,83,105,38,254,22,80,102,356
12/20/2001,CHS,SC,ASO,ES,Towers with Radar,34,90,58,53,235,0,0,54,0,54,34,90,112,53,289,26,152,178,467
12/21/2001,CHS,SC,ASO,ES,Towers with Radar,30,91,58,35,214,0,0,46,0,46,30,91,104,35,260,20,42,62,322
12/22/2001,CHS,SC,ASO,ES,Towers with Radar,28,64,40,5,137,6,13,21,0,40,34,77,61,5,177,12,0,12,189
12/23/2001,CHS,SC,ASO,ES,Towers with Radar,22,50,31,9,112,4,12,11,0,27,26,62,42,9,139,2,0,2,141
12/24/2001,CHS,SC,ASO,ES,Towers with Radar,30,47,10,5,92,0,0,26,1,27,30,47,36,6,119,6,0,6,125
12/25/2001,CHS,SC,ASO,ES,Towers with Radar,16,37,23,3,79,16,13,0,0,29,32,50,23,3,108,4,0,4,112
12/26/2001,CHS,SC,ASO,ES,Towers with Radar,39,77,64,36,216,0,0,9,0,9,39,77,73,36,225,10,82,92,317
12/27/2001,CHS,SC,ASO,ES,Towers with Radar,50,78,60,47,235,0,0,11,0,11,50,78,71,47,246,30,144,174,420
12/28/2001,CHS,SC,ASO,ES,Towers with Radar,39,79,61,55,234,0,0,27,2,29,39,79,88,57,263,8,88,96,359
12/29/2001,CHS,SC,ASO,ES,Towers with Radar,35,48,53,14,150,37,0,3,0,40,72,48,56,14,190,32,20,52,242
12/30/2001,CHS,SC,ASO,ES,Towers with Radar,26,70,44,6,146,0,0,40,0,40,26,70,84,6,186,4,0,4,190
12/31/2001,CHS,SC,ASO,ES,Towers with Radar,25,60,37,12,134,1,12,19,0,32,26,72,56,12,166,12,2,14,180
01/01/2002,CHS,SC,ASO,ES,Towers with Radar,22,62,45,8,137,4,0,23,0,27,26,62,68,8,164,12,18,30,194
01/02/2002,CHS,SC,ASO,ES,Towers with Radar,19,55,38,14,126,1,22,5,0,28,20,77,43,14,154,0,8,8,162
01/03/2002,CHS,SC,ASO,ES,Towers with Radar,23,61,22,8,114,0,5,0,0,5,23,66,22,8,119,0,0,0,119
01/04/2002,CHS,SC,ASO,ES,Towers with Radar,39,67,77,49,232,17,0,6,0,23,56,67,83,49,255,40,106,146,401
01/05/2002,CHS,SC,ASO,ES,Towers with Radar,22,65,43,22,152,3,10,39,0,52,25,75,82,22,204,56,50,106,310
01/06/2002,CHS,SC,ASO,ES,Towers with Radar,27,67,31,27,152,0,4,5,0,9,27,71,36,27,161,2,4,6,167
01/07/2002,CHS,SC,ASO,ES,Towers with Radar,26,78,51,54,209,2,8,12,0,22,28,86,63,54,231,40,84,124,355
01/08/2002,CHS,SC,ASO,ES,Towers with Radar,25,75,49,50,199,0,24,33,0,57,25,99,82,50,256,31,116,147,403
01/09/2002,CHS,SC,ASO,ES,Towers with Radar,27,90,58,43,218,0,4,49,0,53,27,94,107,43,271,38,92,130,401
01/10/2002,CHS,SC,ASO,ES,Towers with Radar,25,75,49,26,175,2,19,29,0,50,27,94,78,26,225,24,76,100,325
01/11/2002,CHS,SC,ASO,ES,Towers with Radar,38,85,73,73,269,1,0,2,0,3,39,85,75,73,272,24,184,208,480
01/12/2002,CHS,SC,ASO,ES,Towers with Radar,19,62,41,34,156,0,14,60,0,74,19,76,101,34,230,46,56,102,332
01/13/2002,CHS,SC,ASO,ES,Towers with Radar,22,75,36,31,164,1,4,46,0,51,23,79,82,31,215,18,18,36,251
01/14/2002,CHS,SC,ASO,ES,Towers with Radar,26,87,57,43,213,0,6,14,0,20,26,93,71,43,233,16,68,84,317
01/15/2002,CHS,SC,ASO,ES,Towers with Radar,24,95,55,52,226,1,4,59,0,64,25,99,114,52,290,58,74,132,422
01/16/2002,CHS,SC,ASO,ES,Towers with Radar,33,98,70,59,260,0,0,32,0,32,33,98,102,59,292,32,146,178,470
01/17/2002,CHS,SC,ASO,ES,Towers with Radar,30,100,67,62,259,0,0,58,0,58,30,100,125,62,317,18,118,136,453
01/18/2002,CHS,SC,ASO,ES,Towers with Radar,37,87,73,73,270,1,0,61,0,62,38,87,134,73,332,22,160,182,514
01/19/2002,CHS,SC,ASO,ES,Towers with Radar,17,54,37,40,148,0,16,2,10,28,17,70,39,50,176,4,90,94,270
01/20/2002,CHS,SC,ASO,ES,Towers with Radar,23,76,50,36,185,0,5,35,0,40,23,81,85,36,225,14,50,64,289
01/21/2002,CHS,SC,ASO,ES,Towers with Radar,23,97,49,46,215,1,4,12,1,18,24,101,61,47,233,16,26,42,275
01/22/2002,CHS,SC,ASO,ES,Towers with Radar,26,92,66,50,234,0,0,60,0,60,26,92,126,50,294,44,70,114,408
01/23/2002,CHS,SC,ASO,ES,Towers with Radar,30,96,61,68,255,0,0,20,4,24,30,96,81,72,279,28,170,198,477
01/24/2002,CHS,SC,ASO,ES,Towers with Radar,28,90,61,55,234,0,0,48,0,48,28,90,109,55,282,4,42,46,328
01/25/2002,CHS,SC,ASO,ES,Towers with Radar,29,89,61,58,237,0,0,36,0,36,29,89,97,58,273,22,94,116,389
01/26/2002,CHS,SC,ASO,ES,Towers with Radar,24,77,50,38,189,0,3,44,0,47,24,80,94,38,236,52,76,128,364
01/27/2002,CHS,SC,ASO,ES,Towers with Radar,23,89,57,26,195,0,1,34,0,35,23,90,91,26,230,42,10,52,282
01/28/2002,CHS,SC,ASO,ES,Towers with Radar,28,84,55,60,227,0,0,35,3,38,28,84,90,63,265,18,114,132,397
01/29/2002,CHS,SC,ASO,ES,Towers with Radar,25,98,52,54,229,0,4,38,0,42,25,102,90,54,271,38,103,141,412
01/30/2002,CHS,SC,ASO,ES,Towers with Radar,28,89,40,41,198,0,4,34,0,38,28,93,74,41,236,24,76,100,336
01/31/2002,CHS,SC,ASO,ES,Towers with Radar,27,77,53,31,188,3,0,17,0,20,30,77,70,31,208,20,90,110,318
02/01/2002,CHS,SC,ASO,ES,Towers with Radar,27,91,58,59,235,3,0,56,17,76,30,91,114,76,311,18,108,126,437
02/02/2002,CHS,SC,ASO,ES,Towers with Radar,23,82,50,50,205,2,0,34,9,45,25,82,84,59,250,2,124,126,376
02/03/2002,CHS,SC,ASO,ES,Towers with Radar,23,78,51,51,203,0,0,22,8,30,23,78,73,59,233,26,126,152,385
02/04/2002,CHS,SC,ASO,ES,Towers with Radar,24,91,37,49,201,0,0,26,0,26,24,91,63,49,227,7,96,103,330
02/05/2002,CHS,SC,ASO,ES,Towers with Radar,23,80,49,32,184,5,12,42,0,59,28,92,91,32,243,16,74,90,333
02/06/2002,CHS,SC,ASO,ES,Towers with Radar,20,72,40,29,161,5,18,0,0,23,25,90,40,29,184,6,112,118,302
02/07/2002,CHS,SC,ASO,ES,Towers with Radar,23,82,50,37,192,2,31,7,0,40,25,113,57,37,232,0,48,48,280
02/08/2002,CHS,SC,ASO,ES,Towers with Radar,29,100,62,50,241,5,0,61,0,66,34,100,123,50,307,54,66,120,427
02/09/2002,CHS,SC,ASO,ES,Towers with Radar,18,65,40,41,164,1,11,62,0,74,19,76,102,41,238,32,68,100,338
02/10/2002,CHS,SC,ASO,ES,Towers with Radar,25,88,58,47,218,0,0,13,0,13,25,88,71,47,231,4,70,74,305
02/11/2002,CHS,SC,ASO,ES,Towers with Radar,25,88,53,41,207,1,8,27,0,36,26,96,80,41,243,12,128,140,383
02/12/2002,CHS,SC,ASO,ES,Towers with Radar,26,93,55,43,217,2,1,58,0,61,28,94,113,43,278,24,96,120,398
02/13/2002,CHS,SC,ASO,ES,Towers with Radar,26,92,56,25,199,0,0,72,0,72,26,92,128,25,271,28,102,130,401
02/14/2002,CHS,SC,ASO,ES,Towers with Radar,28,97,57,29,211,1,8,63,0,72,29,105,120,29,283,16,84,100,383
02/15/2002,CHS,SC,ASO,ES,Towers with Radar,26,96,67,36,225,0,0,49,0,49,26,96,116,36,274,16,36,52,326
02/16/2002,CHS,SC,ASO,ES,Towers with Radar,23,79,52,51,205,0,0,44,0,44,23,79,96,51,249,10,112,122,371
02/17/2002,CHS,SC,ASO,ES,Towers with Radar,23,81,52,34,190,0,0,82,0,82,23,81,134,34,272,32,64,96,368
02/18/2002,CHS,SC,ASO,ES,Towers with Radar,25,77,51,23,176,1,0,76,0,77,26,77,127,23,253,26,56,82,335
02/19/2002,CHS,SC,ASO,ES,Towers with Radar,28,97,57,28,210,0,8,65,0,73,28,105,122,28,283,24,90,114,397
02/20/2002,CHS,SC,ASO,ES,Towers with Radar,49,65,76,52,242,0,0,3,0,3,49,65,79,52,245,14,106,120,365
02/21/2002,CHS,SC,ASO,ES,Towers with Radar,29,95,61,52,237,8,0,60,0,68,37,95,121,52,305,52,76,128,433
02/22/2002,CHS,SC,ASO,ES,Towers with Radar,30,103,75,76,284,0,0,34,14,48,30,103,109,90,332,20,208,228,560
02/23/2002,CHS,SC,ASO,ES,Towers with Radar,23,90,55,49,217,0,8,20,0,28,23,98,75,49,245,8,44,52,297
02/24/2002,CHS,SC,ASO,ES,Towers with Radar,24,79,58,41,202,0,0,65,0,65,24,79,123,41,267,34,48,82,349
02/25/2002,CHS,SC,ASO,ES,Towers with Radar,21,77,46,46,190,3,7,34,6,50,24,84,80,52,240,20,89,109,349
02/26/2002,CHS,SC,ASO,ES,Towers with Radar,23,81,49,47,200,2,8,18,0,28,25,89,67,47,228,24,74,98,326
02/27/2002,CHS,SC,ASO,ES,Towers with Radar,23,80,48,38,189,4,14,18,0,36,27,94,66,38,225,6,30,36,261
02/28/2002,CHS,SC,ASO,ES,Towers with Radar,27,96,57,29,209,1,2,50,0,53,28,98,107,29,262,42,44,86,348
03/01/2002,CHS,SC,ASO,ES,Towers with Radar,26,94,72,62,254,0,0,43,16,59,26,94,115,78,313,16,42,58,371
03/02/2002,CHS,SC,ASO,ES,Towers with Radar,25,77,36,45,183,0,1,1,0,2,25,78,37,45,185,8,52,60,245
03/03/2002,CHS,SC,ASO,ES,Towers with Radar,27,71,53,30,181,1,14,2,0,17,28,85,55,30,198,2,42,44,242
03/04/2002,CHS,SC,ASO,ES,Towers with Radar,27,77,58,39,201,0,17,13,0,30,27,94,71,39,231,20,40,60,291
03/05/2002,CHS,SC,ASO,ES,Towers with Radar,23,64,48,41,176,5,25,52,6,88,28,89,100,47,264,52,36,88,352
03/06/2002,CHS,SC,ASO,ES,Towers with Radar,35,70,72,40,217,24,0,30,0,54,59,70,102,40,271,32,110,142,413
03/07/2002,CHS,SC,ASO,ES,Towers with Radar,28,77,58,30,193,1,11,55,0,67,29,88,113,30,260,14,50,64,324
03/08/2002,CHS,SC,ASO,ES,Towers with Radar,30,86,65,47,228,0,3,55,0,58,30,89,120,47,286,24,66,90,376
03/09/2002,CHS,SC,ASO,ES,Towers with Radar,27,74,56,45,202,1,1,36,0,38,28,75,92,45,240,17,86,103,343
03/10/2002,CHS,SC,ASO,ES,Towers with Radar,29,78,66,41,214,0,0,111,0,111,29,78,177,41,325,43,34,77,402
03/11/2002,CHS,SC,ASO,ES,Towers with Radar,26,75,56,29,186,0,6,26,0,32,26,81,82,29,218,4,34,38,256
03/12/2002,CHS,SC,ASO,ES,Towers with Radar,26,75,57,47,205,0,11,23,0,34,26,86,80,47,239,16,76,92,331
03/13/2002,CHS,SC,ASO,ES,Towers with Radar,31,86,66,37,220,0,0,40,0,40,31,86,106,37,260,24,104,128,388
03/14/2002,CHS,SC,ASO,ES,Towers with Radar,31,85,75,29,220,0,1,48,0,49,31,86,123,29,269,10,92,102,371
03/15/2002,CHS,SC,ASO,ES,Towers with Radar,39,66,78,51,234,10,0,0,0,10,49,66,78,51,244,26,112,138,382
03/16/2002,CHS,SC,ASO,ES,Towers with Radar,24,67,48,42,181,3,12,8,8,31,27,79,56,50,212,16,98,114,326
03/17/2002,CHS,SC,ASO,ES,Towers with Radar,25,81,66,58,230,0,0,36,10,46,25,81,102,68,276,46,32,78,354
03/18/2002,CHS,SC,ASO,ES,Towers with Radar,25,82,62,54,223,0,0,18,0,18,25,82,80,54,241,0,80,80,321
03/19/2002,CHS,SC,ASO,ES,Towers with Radar,29,87,91,56,263,0,0,22,0,22,29,87,113,56,285,30,138,168,453
03/20/2002,CHS,SC,ASO,ES,Towers with Radar,28,87,67,46,228,0,0,41,0,41,28,87,108,46,269,36,92,128,397
03/21/2002,CHS,SC,ASO,ES,Towers with Radar,27,99,73,39,238,0,12,1,0,13,27,111,74,39,251,8,96,104,355
03/22/2002,CHS,SC,ASO,ES,Towers with Radar,34,93,74,54,255,4,0,30,0,34,38,93,104,54,289,6,112,118,407
03/23/2002,CHS,SC,ASO,ES,Towers with Radar,27,76,59,42,204,0,0,58,0,58,27,76,117,42,262,10,46,56,318
03/24/2002,CHS,SC,ASO,ES,Towers with Radar,25,83,62,31,201,0,6,63,0,69,25,89,125,31,270,48,36,84,354
03/25/2002,CHS,SC,ASO,ES,Towers with Radar,26,80,60,51,217,0,9,65,4,78,26,89,125,55,295,20,84,104,399
03/26/2002,CHS,SC,ASO,ES,Towers with Radar,27,82,61,52,222,0,2,21,6,29,27,84,82,58,251,18,176,194,445
03/27/2002,CHS,SC,ASO,ES,Towers with Radar,31,85,67,37,220,3,0,69,0,72,34,85,136,37,292,14,84,98,390
03/28/2002,CHS,SC,ASO,ES,Towers with Radar,27,106,81,34,248,0,0,54,0,54,27,106,135,34,302,30,44,74,376
03/29/2002,CHS,SC,ASO,ES,Towers with Radar,43,85,93,59,280,8,0,41,0,49,51,85,134,59,329,42,132,174,503
03/30/2002,CHS,SC,ASO,ES,Towers with Radar,24,75,56,40,195,0,11,34,0,45,24,86,90,40,240,6,54,60,300
03/31/2002,CHS,SC,ASO,ES,Towers with Radar,23,66,49,8,146,1,20,9,0,30,24,86,58,8,176,6,0,6,182
04/01/2002,CHS,SC,ASO,ES,Towers with Radar,39,70,78,49,236,7,0,39,0,46,46,70,117,49,282,14,66,80,362
04/02/2002,CHS,SC,ASO,ES,Towers with Radar,28,87,64,31,210,0,8,69,0,77,28,95,133,31,287,42,61,103,390
04/03/2002,CHS,SC,ASO,ES,Towers with Radar,28,75,55,32,190,12,2,12,0,26,40,77,67,32,216,16,82,98,314
04/04/2002,CHS,SC,ASO,ES,Towers with Radar,32,88,65,16,201,15,5,26,0,46,47,93,91,16,247,34,16,50,297
04/05/2002,CHS,SC,ASO,ES,Towers with Radar,31,94,82,39,246,0,0,65,0,65,31,94,147,39,311,32,46,78,389
04/06/2002,CHS,SC,ASO,ES,Towers with Radar,31,88,75,42,236,0,0,35,0,35,31,88,110,42,271,16,74,90,361
04/07/2002,CHS,SC,ASO,ES,Towers with Radar,26,79,74,32,211,0,0,48,0,48,26,79,122,32,259,0,14,14,273
04/08/2002,CHS,SC,ASO,ES,Towers with Radar,35,88,73,39,235,0,0,26,0,26,35,88,99,39,261,6,44,50,311
04/09/2002,CHS,SC,ASO,ES,Towers with Radar,36,86,74,50,246,9,0,33,0,42,45,86,107,50,288,15,78,93,381
04/10/2002,CHS,SC,ASO,ES,Towers with Radar,30,88,65,29,212,0,10,2,0,12,30,98,67,29,224,30,22,52,276
04/11/2002,CHS,SC,ASO,ES,Towers with Radar,32,94,79,25,230,0,0,13,0,13,32,94,92,25,243,32,40,72,315
04/12/2002,CHS,SC,ASO,ES,Towers with Radar,29,105,87,51,272,0,0,38,0,38,29,105,125,51,310,22,56,78,388
04/13/2002,CHS,SC,ASO,ES,Towers with Radar,30,81,60,28,199,3,0,33,0,36,33,81,93,28,235,18,20,38,273
04/14/2002,CHS,SC,ASO,ES,Towers with Radar,30,93,74,34,231,0,0,43,0,43,30,93,117,34,274,20,26,46,320
04/15/2002,CHS,SC,ASO,ES,Towers with Radar,27,80,59,40,206,0,22,32,3,57,27,102,91,43,263,14,72,86,349
04/16/2002,CHS,SC,ASO,ES,Towers with Radar,29,83,62,41,215,0,17,63,3,83,29,100,125,44,298,36,104,140,438
04/17/2002,CHS,SC,ASO,ES,Towers with Radar,28,102,63,34,227,0,4,50,0,54,28,106,113,34,281,20,88,108,389
04/18/2002,CHS,SC,ASO,ES,Towers with Radar,29,91,68,31,219,0,3,39,0,42,29,94,107,31,261,4,66,70,331
04/19/2002,CHS,SC,ASO,ES,Towers with Radar,31,89,66,28,214,12,13,26,0,51,43,102,92,28,265,20,42,62,327
04/20/2002,CHS,SC,ASO,ES,Towers with Radar,25,68,53,28,174,6,0,42,0,48,31,68,95,28,222,8,64,72,294
04/21/2002,CHS,SC,ASO,ES,Towers with Radar,26,79,70,23,198,0,0,61,0,61,26,79,131,23,259,10,16,26,285
04/22/2002,CHS,SC,ASO,ES,Towers with Radar,25,73,54,35,187,0,31,39,0,70,25,104,93,35,257,6,28,34,291
04/23/2002,CHS,SC,ASO,ES,Towers with Radar,28,80,59,41,208,1,9,70,7,87,29,89,129,48,295,34,78,112,407
04/24/2002,CHS,SC,ASO,ES,Towers with Radar,28,79,59,36,202,5,13,94,0,112,33,92,153,36,314,18,30,48,362
04/25/2002,CHS,SC,ASO,ES,Towers with Radar,33,91,90,30,244,0,1,38,0,39,33,92,128,30,283,14,46,60,343
04/26/2002,CHS,SC,ASO,ES,Towers with Radar,30,87,64,40,221,0,11,62,0,73,30,98,126,40,294,48,52,100,394
04/27/2002,CHS,SC,ASO,ES,Towers with Radar,28,76,58,33,195,4,0,15,0,19,32,76,73,33,214,18,32,50,264
04/28/2002,CHS,SC,ASO,ES,Towers with Radar,23,75,56,33,187,0,15,40,0,55,23,90,96,33,242,12,38,50,292
04/29/2002,CHS,SC,ASO,ES,Towers with Radar,26,78,56,38,198,0,10,27,16,53,26,88,83,54,251,18,40,58,309
04/30/2002,CHS,SC,ASO,ES,Towers with Radar,28,79,57,39,203,4,7,48,0,59,32,86,105,39,262,24,32,56,318
05/01/2002,CHS,SC,ASO,ES,Towers with Radar,42,77,66,40,225,0,2,17,0,19,42,79,83,40,244,16,64,80,324
05/02/2002,CHS,SC,ASO,ES,Towers with Radar,38,70,59,46,213,16,1,38,0,55,54,71,97,46,268,18,102,120,388
05/03/2002,CHS,SC,ASO,ES,Towers with Radar,53,89,82,67,291,0,0,9,28,37,53,89,91,95,328,10,128,138,466
05/04/2002,CHS,SC,ASO,ES,Towers with Radar,31,62,53,42,188,0,25,7,3,35,31,87,60,45,223,10,56,66,289
05/05/2002,CHS,SC,ASO,ES,Towers with Radar,25,82,69,46,222,0,0,37,0,37,25,82,106,46,259,16,54,70,329
05/06/2002,CHS,SC,ASO,ES,Towers with Radar,42,67,65,53,227,10,0,68,2,80,52,67,133,55,307,36,66,102,409
05/07/2002,CHS,SC,ASO,ES,Towers with Radar,46,82,69,51,248,8,5,70,0,83,54,87,139,51,331,30,130,160,491
05/08/2002,CHS,SC,ASO,ES,Towers with Radar,46,79,75,58,258,0,0,57,0,57,46,79,132,58,315,24,80,104,419
05/09/2002,CHS,SC,ASO,ES,Towers with Radar,43,69,65,39,216,11,0,34,0,45,54,69,99,39,261,2,94,96,357
05/10/2002,CHS,SC,ASO,ES,Towers with Radar,29,81,70,54,234,0,25,25,0,50,29,106,95,54,284,14,56,70,354
05/11/2002,CHS,SC,ASO,ES,Towers with Radar,29,58,51,41,179,0,23,11,10,44,29,81,62,51,223,8,80,88,311
05/12/2002,CHS,SC,ASO,ES,Towers with Radar,24,65,55,36,180,0,21,32,0,53,24,86,87,36,233,12,38,50,283
05/13/2002,CHS,SC,ASO,ES,Towers with Radar,41,61,60,32,194,20,0,36,0,56,61,61,96,32,250,30,40,70,320
05/14/2002,CHS,SC,ASO,ES,Towers with Radar,44,68,66,30,208,10,0,46,0,56,54,68,112,30,264,24,42,66,330
05/15/2002,CHS,SC,ASO,ES,Towers with Radar,26,68,59,5,158,0,7,46,0,53,26,75,105,5,211,18,2,20,231
05/16/2002,CHS,SC,ASO,ES,Towers with Radar,31,85,73,40,229,0,27,41,0,68,31,112,114,40,297,10,60,70,367
05/17/2002,CHS,SC,ASO,ES,Towers with Radar,50,100,87,72,309,0,0,7,0,7,50,100,94,72,316,32,182,214,530
05/18/2002,CHS,SC,ASO,ES,Towers with Radar,59,58,32,46,195,0,0,2,0,2,59,58,34,46,197,28,28,56,253
05/19/2002,CHS,SC,ASO,ES,Towers with Radar,27,83,72,60,242,0,0,3,2,5,27,83,75,62,247,2,48,50,297
05/20/2002,CHS,SC,ASO,ES,Towers with Radar,49,70,71,59,249,4,0,10,5,19,53,70,81,64,268,38,113,151,419
05/21/2002,CHS,SC,ASO,ES,Towers with Radar,35,82,69,48,234,0,6,47,0,53,35,88,116,48,287,48,70,118,405
05/22/2002,CHS,SC,ASO,ES,Towers with Radar,42,67,63,43,215,8,0,50,0,58,50,67,113,43,273,22,80,102,375
05/23/2002,CHS,SC,ASO,ES,Towers with Radar,57,66,84,68,275,12,0,30,1,43,69,66,114,69,318,50,124,174,492
05/24/2002,CHS,SC,ASO,ES,Towers with Radar,56,54,84,31,225,14,0,14,0,28,70,54,98,31,253,70,36,106,359
05/25/2002,CHS,SC,ASO,ES,Towers with Radar,31,55,47,11,144,20,5,21,0,46,51,60,68,11,190,14,6,20,210
05/26/2002,CHS,SC,ASO,ES,Towers with Radar,32,56,48,14,150,12,6,33,0,51,44,62,81,14,201,43,30,73,274
05/27/2002,CHS,SC,ASO,ES,Towers with Radar,26,74,63,5,168,0,0,41,0,41,26,74,104,5,209,18,2,20,229
05/28/2002,CHS,SC,ASO,ES,Towers with Radar,43,68,64,52,227,8,0,27,1,36,51,68,91,53,263,16,80,96,359
05/29/2002,CHS,SC,ASO,ES,Towers with Radar,36,73,62,47,218,0,17,53,0,70,36,90,115,47,288,16,114,130,418
05/30/2002,CHS,SC,ASO,ES,Towers with Radar,38,68,58,33,197,7,4,21,0,32,45,72,79,33,229,8,72,80,309
05/31/2002,CHS,SC,ASO,ES,Towers with Radar,43,76,82,65,266,0,0,35,0,35,43,76,117,65,301,0,180,180,481
06/01/2002,CHS,SC,ASO,ES,Towers with Radar,28,75,46,51,200,5,3,40,12,60,33,78,86,63,260,30,86,116,376
06/02/2002,CHS,SC,ASO,ES,Towers with Radar,24,78,57,62,221,0,0,71,0,71,24,78,128,62,292,28,126,154,446
06/03/2002,CHS,SC,ASO,ES,Towers with Radar,26,85,52,37,200,0,0,34,0,34,26,85,86,37,234,16,50,66,300
06/04/2002,CHS,SC,ASO,ES,Towers with Radar,33,78,56,55,222,7,0,60,0,67,40,78,116,55,289,28,96,124,413
06/05/2002,CHS,SC,ASO,ES,Towers with Radar,35,81,59,39,214,1,0,60,0,61,36,81,119,39,275,14,102,116,391
06/06/2002,CHS,SC,ASO,ES,Towers with Radar,31,90,56,30,207,0,0,43,0,43,31,90,99,30,250,0,32,32,282
06/07/2002,CHS,SC,ASO,ES,Towers with Radar,31,92,58,63,244,0,0,26,8,34,31,92,84,71,278,4,56,60,338
06/08/2002,CHS,SC,ASO,ES,Towers with Radar,28,76,48,52,204,0,2,40,7,49,28,78,88,59,253,42,90,132,385
06/09/2002,CHS,SC,ASO,ES,Towers with Radar,25,82,57,62,226,0,0,62,9,71,25,82,119,71,297,18,40,58,355
06/10/2002,CHS,SC,ASO,ES,Towers with Radar,29,78,48,41,196,1,3,61,0,65,30,81,109,41,261,20,68,88,349
06/11/2002,CHS,SC,ASO,ES,Towers with Radar,31,88,55,49,223,0,10,64,0,74,31,98,119,49,297,10,48,58,355
06/12/2002,CHS,SC,ASO,ES,Towers with Radar,29,94,57,50,230,0,9,60,0,69,29,103,117,50,299,69,114,183,482
06/13/2002,CHS,SC,ASO,ES,Towers with Radar,39,75,66,54,234,17,0,49,0,66,56,75,115,54,300,60,114,174,474
06/14/2002,CHS,SC,ASO,ES,Towers with Radar,36,76,60,66,238,22,0,17,0,39,58,76,77,66,277,4,142,146,423
06/15/2002,CHS,SC,ASO,ES,Towers with Radar,29,78,48,50,205,0,9,49,0,58,29,87,97,50,263,20,54,74,337
06/16/2002,CHS,SC,ASO,ES,Towers with Radar,27,88,55,57,227,0,4,27,0,31,27,92,82,57,258,4,74,78,336
06/17/2002,CHS,SC,ASO,ES,Towers with Radar,27,83,52,53,215,0,9,19,0,28,27,92,71,53,243,10,62,72,315
06/18/2002,CHS,SC,ASO,ES,Towers with Radar,27,86,52,55,220,0,12,33,0,45,27,98,85,55,265,2,84,86,351
06/19/2002,CHS,SC,ASO,ES,Towers with Radar,29,97,64,62,252,0,0,25,0,25,29,97,89,62,277,14,162,176,453
06/20/2002,CHS,SC,ASO,ES,Towers with Radar,34,96,59,46,235,0,16,0,0,16,34,112,59,46,251,2,74,76,327
06/21/2002,CHS,SC,ASO,ES,Towers with Radar,29,113,51,57,250,0,2,6,0,8,29,115,57,57,258,2,66,68,326
06/22/2002,CHS,SC,ASO,ES,Towers with Radar,25,70,30,47,172,6,11,0,0,17,31,81,30,47,189,10,28,38,227
06/23/2002,CHS,SC,ASO,ES,Towers with Radar,26,78,47,26,177,0,7,26,0,33,26,85,73,26,210,12,30,42,252
06/24/2002,CHS,SC,ASO,ES,Towers with Radar,28,78,47,27,180,7,14,18,0,39,35,92,65,27,219,0,14,14,233
06/25/2002,CHS,SC,ASO,ES,Towers with Radar,28,96,58,32,214,0,3,22,0,25,28,99,80,32,239,4,4,8,247
06/26/2002,CHS,SC,ASO,ES,Towers with Radar,30,87,53,40,210,0,0,39,0,39,30,87,92,40,249,6,50,56,305
06/27/2002,CHS,SC,ASO,ES,Towers with Radar,28,104,63,40,235,0,3,19,0,22,28,107,82,40,257,14,92,106,363
06/28/2002,CHS,SC,ASO,ES,Towers with Radar,33,94,57,51,235,2,4,60,0,66,35,98,117,51,301,40,110,150,451
06/29/2002,CHS,SC,ASO,ES,Towers with Radar,28,80,48,40,196,3,4,44,0,51,31,84,92,40,247,16,76,92,339
06/30/2002,CHS,SC,ASO,ES,Towers with Radar,26,74,45,29,174,0,9,32,0,41,26,83,77,29,215,4,18,22,237
07/01/2002,CHS,SC,ASO,ES,Towers with Radar,26,89,48,40,203,0,1,48,7,56,26,90,96,47,259,15,11,26,285
07/02/2002,CHS,SC,ASO,ES,Towers with Radar,31,102,58,47,238,0,0,53,6,59,31,102,111,53,297,38,32,70,367
07/03/2002,CHS,SC,ASO,ES,Towers with Radar,34,90,56,30,210,0,0,46,0,46,34,90,102,30,256,12,14,26,282
07/04/2002,CHS,SC,ASO,ES,Towers with Radar,19,57,30,10,116,7,12,34,0,53,26,69,64,10,169,2,8,10,179
07/05/2002,CHS,SC,ASO,ES,Towers with Radar,21,64,34,13,132,4,14,32,0,50,25,78,66,13,182,10,12,22,204
07/06/2002,CHS,SC,ASO,ES,Towers with Radar,21,64,34,13,132,9,12,12,0,33,30,76,46,13,165,4,0,4,169
07/07/2002,CHS,SC,ASO,ES,Towers with Radar,29,82,55,9,175,0,0,26,0,26,29,82,81,9,201,12,0,12,213
07/08/2002,CHS,SC,ASO,ES,Towers with Radar,28,89,53,45,215,0,0,44,4,48,28,89,97,49,263,30,68,98,361
07/09/2002,CHS,SC,ASO,ES,Towers with Radar,31,94,50,42,217,0,0,36,14,50,31,94,86,56,267,6,68,74,341
07/10/2002,CHS,SC,ASO,ES,Towers with Radar,30,92,49,35,206,2,17,58,0,77,32,109,107,35,283,20,22,42,325
07/11/2002,CHS,SC,ASO,ES,Towers with Radar,29,102,48,27,206,0,1,20,0,21,29,103,68,27,227,4,42,46,273
07/12/2002,CHS,SC,ASO,ES,Towers with Radar,31,103,55,44,233,0,0,25,0,25,31,103,80,44,258,16,14,30,288
07/13/2002,CHS,SC,ASO,ES,Towers with Radar,22,70,37,33,162,8,8,13,10,39,30,78,50,43,201,10,36,46,247
07/14/2002,CHS,SC,ASO,ES,Towers with Radar,27,86,49,37,199,0,0,29,0,29,27,86,78,37,228,47,24,71,299
07/15/2002,CHS,SC,ASO,ES,Towers with Radar,25,94,50,35,204,0,5,48,0,53,25,99,98,35,257,18,44,62,319
07/16/2002,CHS,SC,ASO,ES,Towers with Radar,29,92,53,29,203,0,3,42,0,45,29,95,95,29,248,33,24,57,305
07/17/2002,CHS,SC,ASO,ES,Towers with Radar,31,109,58,25,223,0,3,34,0,37,31,112,92,25,260,8,44,52,312
07/18/2002,CHS,SC,ASO,ES,Towers with Radar,26,92,49,36,203,0,4,19,0,23,26,96,68,36,226,20,32,52,278
07/19/2002,CHS,SC,ASO,ES,Towers with Radar,32,95,54,45,226,8,0,41,11,60,40,95,95,56,286,22,32,54,340
07/20/2002,CHS,SC,ASO,ES,Towers with Radar,24,78,41,35,178,6,10,24,7,47,30,88,65,42,225,12,16,28,253
07/21/2002,CHS,SC,ASO,ES,Towers with Radar,26,86,46,29,187,0,0,17,0,17,26,86,63,29,204,14,16,30,234
07/22/2002,CHS,SC,ASO,ES,Towers with Radar,27,94,50,39,210,0,12,15,0,27,27,106,65,39,237,14,52,66,303
07/23/2002,CHS,SC,ASO,ES,Towers with Radar,29,99,55,45,228,0,0,21,14,35,29,99,76,59,263,26,76,102,365
07/24/2002,CHS,SC,ASO,ES,Towers with Radar,28,94,60,43,225,0,0,28,0,28,28,94,88,43,253,12,32,44,297
07/25/2002,CHS,SC,ASO,ES,Towers with Radar,29,95,54,42,220,0,0,75,0,75,29,95,129,42,295,66,80,146,441
07/26/2002,CHS,SC,ASO,ES,Towers with Radar,31,89,54,44,218,2,0,53,7,62,33,89,107,51,280,14,66,80,360
07/27/2002,CHS,SC,ASO,ES,Towers with Radar,23,74,40,9,146,6,7,33,0,46,29,81,73,9,192,36,6,42,234
07/28/2002,CHS,SC,ASO,ES,Towers with Radar,24,75,45,22,166,0,0,20,0,20,24,75,65,22,186,36,8,44,230
07/29/2002,CHS,SC,ASO,ES,Towers with Radar,26,89,48,35,198,0,11,35,0,46,26,100,83,35,244,20,72,92,336
07/30/2002,CHS,SC,ASO,ES,Towers with Radar,28,91,49,41,209,0,7,29,16,52,28,98,78,57,261,16,144,160,421
07/31/2002,CHS,SC,ASO,ES,Towers with Radar,30,106,59,47,242,0,0,48,0,48,30,106,107,47,290,8,82,90,380
08/01/2002,CHS,SC,ASO,ES,Towers with Radar,28,99,56,30,213,0,0,44,0,44,28,99,100,30,257,14,56,70,327
08/02/2002,CHS,SC,ASO,ES,Towers with Radar,31,94,50,52,227,2,3,52,22,79,33,97,102,74,306,14,58,72,378
08/03/2002,CHS,SC,ASO,ES,Towers with Radar,26,80,43,27,176,6,5,27,0,38,32,85,70,27,214,32,42,74,288
08/04/2002,CHS,SC,ASO,ES,Towers with Radar,27,82,50,32,191,0,0,22,0,22,27,82,72,32,213,8,4,12,225
08/05/2002,CHS,SC,ASO,ES,Towers with Radar,27,80,44,45,196,4,9,35,0,48,31,89,79,45,244,26,68,94,338
08/06/2002,CHS,SC,ASO,ES,Towers with Radar,28,89,48,49,214,0,9,30,0,39,28,98,78,49,253,16,76,92,345
08/07/2002,CHS,SC,ASO,ES,Towers with Radar,29,87,47,32,195,0,13,32,0,45,29,100,79,32,240,24,80,104,344
08/08/2002,CHS,SC,ASO,ES,Towers with Radar,27,97,59,62,245,0,0,55,0,55,27,97,114,62,300,48,122,170,470
08/09/2002,CHS,SC,ASO,ES,Towers with Radar,27,99,55,57,238,0,0,67,9,76,27,99,122,66,314,28,80,108,422
08/10/2002,CHS,SC,ASO,ES,Towers with Radar,26,70,43,28,167,17,0,53,0,70,43,70,96,28,237,28,18,46,283
08/11/2002,CHS,SC,ASO,ES,Towers with Radar,26,83,43,35,187,1,0,53,0,54,27,83,96,35,241,11,38,49,290
08/12/2002,CHS,SC,ASO,ES,Towers with Radar,28,92,47,41,208,0,1,47,0,48,28,93,94,41,256,16,70,86,342
08/13/2002,CHS,SC,ASO,ES,Towers with Radar,28,90,49,52,219,0,0,24,7,31,28,90,73,59,250,34,176,210,460
08/14/2002,CHS,SC,ASO,ES,Towers with Radar,27,101,53,56,237,0,6,3,4,13,27,107,56,60,250,16,108,124,374
08/15/2002,CHS,SC,ASO,ES,Towers with Radar,30,101,61,55,247,0,0,40,0,40,30,101,101,55,287,34,180,214,501
08/16/2002,CHS,SC,ASO,ES,Towers with Radar,30,103,58,61,252,0,0,42,9,51,30,103,100,70,303,16,106,122,425
08/17/2002,CHS,SC,ASO,ES,Towers with Radar,27,84,45,36,192,4,0,32,0,36,31,84,77,36,228,16,96,112,340
08/18/2002,CHS,SC,ASO,ES,Towers with Radar,26,78,43,35,182,3,0,44,0,47,29,78,87,35,229,18,68,86,315
08/19/2002,CHS,SC,ASO,ES,Towers with Radar,26,90,47,49,212,0,1,39,1,41,26,91,86,50,253,14,98,112,365
08/20/2002,CHS,SC,ASO,ES,Towers with Radar,32,96,51,39,218,0,1,31,0,32,32,97,82,39,250,26,12,38,288
08/21/2002,CHS,SC,ASO,ES,Towers with Radar,29,93,49,41,212,1,5,32,0,38,30,98,81,41,250,18,42,60,310
08/22/2002,CHS,SC,ASO,ES,Towers with Radar,29,91,47,40,207,0,2,51,0,53,29,93,98,40,260,22,62,84,344
08/23/2002,CHS,SC,ASO,ES,Towers with Radar,29,96,52,52,229,0,2,54,9,65,29,98,106,61,294,42,68,110,404
08/24/2002,CHS,SC,ASO,ES,Towers with Radar,25,80,43,34,182,6,2,22,0,30,31,82,65,34,212,32,50,82,294
08/25/2002,CHS,SC,ASO,ES,Towers with Radar,28,84,47,35,194,4,0,7,0,11,32,84,54,35,205,10,20,30,235
08/26/2002,CHS,SC,ASO,ES,Towers with Radar,26,101,55,53,235,0,0,15,0,15,26,101,70,53,250,36,46,82,332
08/27/2002,CHS,SC,ASO,ES,Towers with Radar,26,91,49,43,209,0,2,31,0,33,26,93,80,43,242,6,80,86,328
08/28/2002,CHS,SC,ASO,ES,Towers with Radar,29,92,49,42,212,3,12,12,0,27,32,104,61,42,239,20,98,118,357
08/29/2002,CHS,SC,ASO,ES,Towers with Radar,27,94,52,50,223,0,1,14,0,15,27,95,66,50,238,6,44,50,288
08/30/2002,CHS,SC,ASO,ES,Towers with Radar,26,83,45,27,181,3,11,6,0,20,29,94,51,27,201,12,54,66,267
08/31/2002,CHS,SC,ASO,ES,Towers with Radar,27,76,33,16,152,0,1,3,0,4,27,77,36,16,156,0,0,0,156
09/01/2002,CHS,SC,ASO,ES,Towers with Radar,25,61,45,12,143,0,1,0,0,1,25,62,45,12,144,22,9,31,175
09/02/2002,CHS,SC,ASO,ES,Towers with Radar,22,70,31,13,136,0,1,0,0,1,22,71,31,13,137,0,4,4,141
09/03/2002,CHS,SC,ASO,ES,Towers with Radar,24,76,48,31,179,2,19,65,0,86,26,95,113,31,265,40,38,78,343
09/04/2002,CHS,SC,ASO,ES,Towers with Radar,26,84,54,46,210,3,12,30,0,45,29,96,84,46,255,38,121,159,414
09/05/2002,CHS,SC,ASO,ES,Towers with Radar,38,83,77,53,251,16,0,40,0,56,54,83,117,53,307,56,148,204,511
09/06/2002,CHS,SC,ASO,ES,Towers with Radar,28,95,61,54,238,0,4,52,7,63,28,99,113,61,301,28,120,148,449
09/07/2002,CHS,SC,ASO,ES,Towers with Radar,22,70,45,41,178,6,1,44,13,64,28,71,89,54,242,30,74,104,346
09/08/2002,CHS,SC,ASO,ES,Towers with Radar,25,83,53,42,203,0,6,32,0,38,25,89,85,42,241,26,32,58,299
09/09/2002,CHS,SC,ASO,ES,Towers with Radar,26,83,53,30,192,0,7,23,0,30,26,90,76,30,222,32,44,76,298
09/10/2002,CHS,SC,ASO,ES,Towers with Radar,22,84,54,32,192,0,6,55,0,61,22,90,109,32,253,35,41,76,329
09/11/2002,CHS,SC,ASO,ES,Towers with Radar,27,87,56,35,205,4,7,56,0,67,31,94,112,35,272,34,42,76,348
09/12/2002,CHS,SC,ASO,ES,Towers with Radar,26,93,60,43,222,0,3,40,0,43,26,96,100,43,265,34,76,110,375
09/13/2002,CHS,SC,ASO,ES,Towers with Radar,29,117,75,67,288,0,1,29,3,33,29,118,104,70,321,40,120,160,481
09/14/2002,CHS,SC,ASO,ES,Towers with Radar,17,56,36,23,132,7,16,7,0,30,24,72,43,23,162,6,8,14,176
09/15/2002,CHS,SC,ASO,ES,Towers with Radar,24,76,41,23,164,0,1,9,9,19,24,77,50,32,183,2,4,6,189
09/16/2002,CHS,SC,ASO,ES,Towers with Radar,25,91,60,30,206,0,9,29,0,38,25,100,89,30,244,42,62,104,348
09/17/2002,CHS,SC,ASO,ES,Towers with Radar,28,90,58,39,215,0,10,62,0,72,28,100,120,39,287,68,44,112,399
09/18/2002,CHS,SC,ASO,ES,Towers with Radar,30,91,62,39,222,3,0,16,0,19,33,91,78,39,241,32,62,94,335
09/19/2002,CHS,SC,ASO,ES,Towers with Radar,34,97,71,50,252,1,0,33,0,34,35,97,104,50,286,20,108,128,414
09/20/2002,CHS,SC,ASO,ES,Towers with Radar,25,102,70,60,257,0,0,47,11,58,25,102,117,71,315,40,108,148,463
09/21/2002,CHS,SC,ASO,ES,Towers with Radar,23,75,49,43,190,2,0,36,7,45,25,75,85,50,235,30,72,102,337
09/22/2002,CHS,SC,ASO,ES,Towers with Radar,22,83,60,44,209,0,0,53,0,53,22,83,113,44,262,28,16,44,306
09/23/2002,CHS,SC,ASO,ES,Towers with Radar,34,92,50,46,222,0,1,21,0,22,34,93,71,46,244,32,80,112,356
09/24/2002,CHS,SC,ASO,ES,Towers with Radar,24,98,45,48,215,0,8,0,0,8,24,106,45,48,223,8,104,112,335
09/25/2002,CHS,SC,ASO,ES,Towers with Radar,23,99,67,45,234,0,0,0,0,0,23,99,67,45,234,8,120,128,362
09/26/2002,CHS,SC,ASO,ES,Towers with Radar,26,92,68,70,256,0,0,20,0,20,26,92,88,70,276,14,116,130,406
09/27/2002,CHS,SC,ASO,ES,Towers with Radar,26,101,64,58,249,0,0,11,2,13,26,101,75,60,262,8,72,80,342
09/28/2002,CHS,SC,ASO,ES,Towers with Radar,23,75,48,25,171,5,0,11,0,16,28,75,59,25,187,2,20,22,209
09/29/2002,CHS,SC,ASO,ES,Towers with Radar,29,76,59,24,188,1,0,19,0,20,30,76,78,24,208,20,6,26,234
09/30/2002,CHS,SC,ASO,ES,Towers with Radar,28,76,58,38,200,12,0,22,0,34,40,76,80,38,234,30,60,90,324
10/01/2002,CHS,SC,ASO,ES,Towers with Radar,22,96,54,35,207,1,2,53,0,56,23,98,107,35,263,20,44,64,327
10/02/2002,CHS,SC,ASO,ES,Towers with Radar,25,84,56,41,206,4,18,50,0,72,29,102,106,41,278,28,108,136,414
10/03/2002,CHS,SC,ASO,ES,Towers with Radar,26,86,57,47,216,3,17,64,0,84,29,103,121,47,300,48,62,110,410
10/04/2002,CHS,SC,ASO,ES,Towers with Radar,27,112,82,81,302,0,0,49,31,80,27,112,131,112,382,32,216,248,630
10/05/2002,CHS,SC,ASO,ES,Towers with Radar,24,79,52,53,208,1,9,26,27,63,25,88,78,80,271,22,94,116,387
10/06/2002,CHS,SC,ASO,ES,Towers with Radar,25,77,60,51,213,0,0,29,0,29,25,77,89,51,242,4,44,48,290
10/07/2002,CHS,SC,ASO,ES,Towers with Radar,23,79,52,53,207,1,21,26,2,50,24,100,78,55,257,10,52,62,319
10/08/2002,CHS,SC,ASO,ES,Towers with Radar,25,98,62,41,226,0,1,5,0,6,25,99,67,41,232,0,34,34,266
10/09/2002,CHS,SC,ASO,ES,Towers with Radar,27,99,66,38,230,0,0,34,0,34,27,99,100,38,264,35,74,109,373
10/10/2002,CHS,SC,ASO,ES,Towers with Radar,46,85,93,64,288,0,1,12,0,13,46,86,105,64,301,44,76,120,421
10/11/2002,CHS,SC,ASO,ES,Towers with Radar,26,109,55,21,211,0,1,9,0,10,26,110,64,21,221,0,14,14,235
10/12/2002,CHS,SC,ASO,ES,Towers with Radar,20,68,46,20,154,7,6,60,0,73,27,74,106,20,227,26,28,54,281
10/13/2002,CHS,SC,ASO,ES,Towers with Radar,26,76,58,18,178,0,2,12,0,14,26,78,70,18,192,18,18,36,228
10/14/2002,CHS,SC,ASO,ES,Towers with Radar,24,97,74,22,217,0,2,6,0,8,24,99,80,22,225,8,24,32,257
10/15/2002,CHS,SC,ASO,ES,Towers with Radar,27,98,51,39,215,0,2,3,0,5,27,100,54,39,220,2,40,42,262
10/16/2002,CHS,SC,ASO,ES,Towers with Radar,31,76,71,67,245,7,0,6,0,13,38,76,77,67,258,24,134,158,416
10/17/2002,CHS,SC,ASO,ES,Towers with Radar,26,99,73,49,247,0,0,14,0,14,26,99,87,49,261,14,68,82,343
10/18/2002,CHS,SC,ASO,ES,Towers with Radar,29,91,68,43,231,13,0,27,0,40,42,91,95,43,271,14,94,108,379
10/19/2002,CHS,SC,ASO,ES,Towers with Radar,20,67,46,46,179,6,8,46,5,65,26,75,92,51,244,36,103,139,383
10/20/2002,CHS,SC,ASO,ES,Towers with Radar,25,75,77,47,224,0,0,6,0,6,25,75,83,47,230,14,74,88,318
10/21/2002,CHS,SC,ASO,ES,Towers with Radar,24,98,69,49,240,0,0,5,0,5,24,98,74,49,245,10,100,110,355
10/22/2002,CHS,SC,ASO,ES,Towers with Radar,27,93,65,43,228,0,9,11,0,20,27,102,76,43,248,0,100,100,348
10/23/2002,CHS,SC,ASO,ES,Towers with Radar,32,90,68,67,257,1,1,21,0,23,33,91,89,67,280,34,100,134,414
10/24/2002,CHS,SC,ASO,ES,Towers with Radar,30,98,100,48,276,0,1,2,0,3,30,99,102,48,279,28,42,70,349
10/25/2002,CHS,SC,ASO,ES,Towers with Radar,30,102,89,61,282,0,1,11,0,12,30,103,100,61,294,30,130,160,454
10/26/2002,CHS,SC,ASO,ES,Towers with Radar,24,81,55,42,202,2,5,10,0,17,26,86,65,42,219,33,68,101,320
10/27/2002,CHS,SC,ASO,ES,Towers with Radar,24,74,59,26,183,0,0,52,0,52,24,74,111,26,235,32,42,74,309
10/28/2002,CHS,SC,ASO,ES,Towers with Radar,23,94,64,61,242,0,0,15,8,23,23,94,79,69,265,14,84,98,363
10/29/2002,CHS,SC,ASO,ES,Towers with Radar,29,100,68,65,262,0,5,38,8,51,29,105,106,73,313,16,130,146,459
10/30/2002,CHS,SC,ASO,ES,Towers with Radar,26,89,60,58,233,0,9,34,0,43,26,98,94,58,276,14,118,132,408
10/31/2002,CHS,SC,ASO,ES,Towers with Radar,29,99,72,62,262,0,0,70,0,70,29,99,142,62,332,20,34,54,386
11/01/2002,CHS,SC,ASO,ES,Towers with Radar,34,93,70,62,259,12,0,35,0,47,46,93,105,62,306,14,48,62,368
11/02/2002,CHS,SC,ASO,ES,Towers with Radar,29,77,58,53,217,5,0,38,6,49,34,77,96,59,266,6,112,118,384
11/03/2002,CHS,SC,ASO,ES,Towers with Radar,26,77,61,47,211,0,1,46,0,47,26,78,107,47,258,18,72,90,348
11/04/2002,CHS,SC,ASO,ES,Towers with Radar,25,103,72,65,265,0,0,4,39,43,25,103,76,104,308,12,120,132,440
11/05/2002,CHS,SC,ASO,ES,Towers with Radar,25,89,59,45,218,0,6,3,0,9,25,95,62,45,227,3,94,97,324
11/06/2002,CHS,SC,ASO,ES,Towers with Radar,24,79,52,42,197,0,26,23,0,49,24,105,75,42,246,0,70,70,316
11/07/2002,CHS,SC,ASO,ES,Towers with Radar,26,93,61,56,236,0,13,43,6,62,26,106,104,62,298,20,102,122,420
11/08/2002,CHS,SC,ASO,ES,Towers with Radar,33,96,72,60,261,0,0,77,0,77,33,96,149,60,338,44,68,112,450
11/09/2002,CHS,SC,ASO,ES,Towers with Radar,24,72,48,30,174,2,12,62,0,76,26,84,110,30,250,8,58,66,316
11/10/2002,CHS,SC,ASO,ES,Towers with Radar,25,86,69,28,208,0,0,13,0,13,25,86,82,28,221,16,30,46,267
11/11/2002,CHS,SC,ASO,ES,Towers with Radar,19,57,38,22,136,5,39,8,0,52,24,96,46,22,188,6,22,28,216
11/12/2002,CHS,SC,ASO,ES,Towers with Radar,22,68,44,36,170,5,32,0,0,37,27,100,44,36,207,0,70,70,277
11/13/2002,CHS,SC,ASO,ES,Towers with Radar,23,104,68,36,231,0,1,35,0,36,23,105,103,36,267,6,84,90,357
11/14/2002,CHS,SC,ASO,ES,Towers with Radar,28,102,67,60,257,0,0,53,4,57,28,102,120,64,314,18,84,102,416
11/15/2002,CHS,SC,ASO,ES,Towers with Radar,28,107,101,58,294,0,1,42,0,43,28,108,143,58,337,24,46,70,407
11/16/2002,CHS,SC,ASO,ES,Towers with Radar,26,77,28,29,160,0,1,0,0,1,26,78,28,29,161,2,28,30,191
11/17/2002,CHS,SC,ASO,ES,Towers with Radar,28,90,52,43,213,0,0,0,0,0,28,90,52,43,213,2,70,72,285
11/18/2002,CHS,SC,ASO,ES,Towers with Radar,25,90,62,39,216,0,0,45,0,45,25,90,107,39,261,14,72,86,347
11/19/2002,CHS,SC,ASO,ES,Towers with Radar,24,92,59,47,222,0,6,35,0,41,24,98,94,47,263,12,70,82,345
11/20/2002,CHS,SC,ASO,ES,Towers with Radar,30,80,62,43,215,20,0,43,0,63,50,80,105,43,278,12,36,48,326
11/21/2002,CHS,SC,ASO,ES,Towers with Radar,38,67,78,72,255,20,0,23,10,53,58,67,101,82,308,22,94,116,424
11/22/2002,CHS,SC,ASO,ES,Towers with Radar,30,84,70,49,233,0,0,62,0,62,30,84,132,49,295,24,70,94,389
11/23/2002,CHS,SC,ASO,ES,Towers with Radar,26,80,54,47,207,2,0,48,0,50,28,80,102,47,257,16,86,102,359
11/24/2002,CHS,SC,ASO,ES,Towers with Radar,26,84,56,16,182,0,0,60,0,60,26,84,116,16,242,20,4,24,266
11/25/2002,CHS,SC,ASO,ES,Towers with Radar,24,86,56,33,199,0,10,52,0,62,24,96,108,33,261,52,44,96,357
11/26/2002,CHS,SC,ASO,ES,Towers with Radar,26,96,71,61,254,0,0,40,0,40,26,96,111,61,294,10,124,134,428
11/27/2002,CHS,SC,ASO,ES,Towers with Radar,37,101,77,31,246,2,0,37,0,39,39,101,114,31,285,12,62,74,359
11/28/2002,CHS,SC,ASO,ES,Towers with Radar,13,44,28,1,86,6,23,16,0,45,19,67,44,1,131,2,0,2,133
11/29/2002,CHS,SC,ASO,ES,Towers with Radar,16,58,37,7,118,0,20,20,0,40,16,78,57,7,158,0,4,4,162
11/30/2002,CHS,SC,ASO,ES,Towers with Radar,22,75,49,24,170,0,8,11,0,19,22,83,60,24,189,14,98,112,301
12/01/2002,CHS,SC,ASO,ES,Towers with Radar,22,96,79,38,235,0,0,47,0,47,22,96,126,38,282,18,34,52,334
12/02/2002,CHS,SC,ASO,ES,Towers with Radar,24,93,53,51,221,0,0,67,0,67,24,93,120,51,288,10,92,102,390
12/03/2002,CHS,SC,ASO,ES,Towers with Radar,15,50,28,23,116,0,1,14,0,15,15,51,42,23,131,0,68,68,199
12/04/2002,CHS,SC,ASO,ES,Towers with Radar,22,82,45,45,194,0,9,8,1,18,22,91,53,46,212,10,186,196,408
12/05/2002,CHS,SC,ASO,ES,Towers with Radar,24,90,49,33,196,0,3,1,0,4,24,93,50,33,200,0,34,34,234
12/06/2002,CHS,SC,ASO,ES,Towers with Radar,26,102,61,59,248,0,0,55,15,70,26,102,116,74,318,26,140,166,484
12/07/2002,CHS,SC,ASO,ES,Towers with Radar,19,65,36,20,140,4,12,52,0,68,23,77,88,20,208,21,56,77,285
12/08/2002,CHS,SC,ASO,ES,Towers with Radar,22,76,42,39,179,3,3,55,0,61,25,79,97,39,240,24,64,88,328
12/09/2002,CHS,SC,ASO,ES,Towers with Radar,24,99,56,53,232,0,0,9,16,25,24,99,65,69,257,4,58,62,319
12/10/2002,CHS,SC,ASO,ES,Towers with Radar,21,72,36,38,167,8,21,0,4,33,29,93,36,42,200,8,54,62,262
12/11/2002,CHS,SC,ASO,ES,Towers with Radar,24,82,46,43,195,2,6,2,10,20,26,88,48,53,215,6,81,87,302
12/12/2002,CHS,SC,ASO,ES,Towers with Radar,25,93,69,57,244,0,0,67,0,67,25,93,136,57,311,30,100,130,441
12/13/2002,CHS,SC,ASO,ES,Towers with Radar,26,97,54,42,219,0,3,1,0,4,26,100,55,42,223,4,62,66,289
12/14/2002,CHS,SC,ASO,ES,Towers with Radar,19,64,37,19,139,7,32,50,0,89,26,96,87,19,228,38,8,46,274
12/15/2002,CHS,SC,ASO,ES,Towers with Radar,20,67,38,20,145,1,12,39,0,52,21,79,77,20,197,46,4,50,247
12/16/2002,CHS,SC,ASO,ES,Towers with Radar,22,80,45,44,191,0,20,43,0,63,22,100,88,44,254,14,38,52,306
12/17/2002,CHS,SC,ASO,ES,Towers with Radar,25,86,48,34,193,4,16,42,0,62,29,102,90,34,255,26,40,66,321
12/18/2002,CHS,SC,ASO,ES,Towers with Radar,25,99,60,38,222,0,0,31,0,31,25,99,91,38,253,9,98,107,360
12/19/2002,CHS,SC,ASO,ES,Towers with Radar,25,99,59,57,240,0,0,47,6,53,25,99,106,63,293,6,58,64,357
12/20/2002,CHS,SC,ASO,ES,Towers with Radar,24,83,47,45,199,3,24,32,8,67,27,107,79,53,266,16,68,84,350
12/21/2002,CHS,SC,ASO,ES,Towers with Radar,24,74,51,32,181,0,0,55,0,55,24,74,106,32,236,28,116,144,380
12/22/2002,CHS,SC,ASO,ES,Towers with Radar,21,72,39,27,159,1,2,16,0,19,22,74,55,27,178,37,36,73,251
12/23/2002,CHS,SC,ASO,ES,Towers with Radar,23,88,48,46,205,0,9,44,7,60,23,97,92,53,265,10,88,98,363
12/24/2002,CHS,SC,ASO,ES,Towers with Radar,24,84,17,9,134,0,2,7,0,9,24,86,24,9,143,0,10,10,153
12/25/2002,CHS,SC,ASO,ES,Towers with Radar,8,26,8,0,42,47,0,0,0,47,55,26,8,0,89,0,0,0,89
12/26/2002,CHS,SC,ASO,ES,Towers with Radar,27,91,50,4,172,5,0,38,0,43,32,91,88,4,215,0,0,0,215
12/27/2002,CHS,SC,ASO,ES,Towers with Radar,26,105,59,28,218,0,0,15,0,15,26,105,74,28,233,10,88,98,331
12/28/2002,CHS,SC,ASO,ES,Towers with Radar,21,70,40,26,157,5,0,50,0,55,26,70,90,26,212,32,66,98,310
12/29/2002,CHS,SC,ASO,ES,Towers with Radar,21,73,51,25,170,0,0,25,0,25,21,73,76,25,195,10,56,66,261
12/30/2002,CHS,SC,ASO,ES,Towers with Radar,23,86,56,38,203,0,0,34,0,34,23,86,90,38,237,18,74,92,329
12/31/2002,CHS,SC,ASO,ES,Towers with Radar,19,66,36,6,127,8,10,32,0,50,27,76,68,6,177,4,4,8,185
01/01/2003,CHS,SC,ASO,ES,Towers with Radar,14,58,24,1,97,11,6,0,0,17,25,64,24,1,114,6,0,6,120
01/02/2003,CHS,SC,ASO,ES,Towers with Radar,23,90,49,5,167,0,0,12,0,12,23,90,61,5,179,16,2,18,197
01/03/2003,CHS,SC,ASO,ES,Towers with Radar,24,98,47,39,208,3,0,4,0,7,27,98,51,39,215,6,52,58,273
01/04/2003,CHS,SC,ASO,ES,Towers with Radar,23,85,43,25,176,0,0,44,0,44,23,85,87,25,220,10,48,58,278
01/05/2003,CHS,SC,ASO,ES,Towers with Radar,17,78,44,26,165,0,0,46,0,46,17,78,90,26,211,30,42,72,283
01/06/2003,CHS,SC,ASO,ES,Towers with Radar,19,78,36,33,166,1,20,11,0,32,20,98,47,33,198,14,32,46,244
01/07/2003,CHS,SC,ASO,ES,Towers with Radar,25,102,50,52,229,0,0,47,3,50,25,102,97,55,279,8,80,88,367
01/08/2003,CHS,SC,ASO,ES,Towers with Radar,22,97,46,42,207,0,0,31,0,31,22,97,77,42,238,18,74,92,330
01/09/2003,CHS,SC,ASO,ES,Towers with Radar,22,101,55,51,229,0,0,53,0,53,22,101,108,51,282,24,34,58,340
01/10/2003,CHS,SC,ASO,ES,Towers with Radar,24,110,55,58,247,0,0,32,12,44,24,110,87,70,291,26,84,110,401
01/11/2003,CHS,SC,ASO,ES,Towers with Radar,17,80,36,38,171,0,4,67,0,71,17,84,103,38,242,32,42,74,316
01/12/2003,CHS,SC,ASO,ES,Towers with Radar,18,86,45,47,196,0,0,56,0,56,18,86,101,47,252,20,55,75,327
01/13/2003,CHS,SC,ASO,ES,Towers with Radar,20,96,45,47,208,0,3,28,3,34,20,99,73,50,242,25,56,81,323
01/14/2003,CHS,SC,ASO,ES,Towers with Radar,22,91,44,41,198,13,0,51,0,64,35,91,95,41,262,32,38,70,332
01/15/2003,CHS,SC,ASO,ES,Towers with Radar,23,103,50,51,227,0,0,35,0,35,23,103,85,51,262,0,40,40,302
01/16/2003,CHS,SC,ASO,ES,Towers with Radar,20,97,60,63,240,0,0,30,0,30,20,97,90,63,270,4,135,139,409
01/17/2003,CHS,SC,ASO,ES,Towers with Radar,21,106,49,52,228,0,17,36,0,53,21,123,85,52,281,14,94,108,389
01/18/2003,CHS,SC,ASO,ES,Towers with Radar,16,73,39,40,168,0,0,65,1,66,16,73,104,41,234,34,30,64,298
01/19/2003,CHS,SC,ASO,ES,Towers with Radar,17,73,33,33,156,1,7,33,0,41,18,80,66,33,197,26,62,88,285
01/20/2003,CHS,SC,ASO,ES,Towers with Radar,18,79,37,26,160,4,16,34,0,54,22,95,71,26,214,26,16,42,256
01/21/2003,CHS,SC,ASO,ES,Towers with Radar,23,98,47,46,214,1,0,37,0,38,24,98,84,46,252,18,92,110,362
01/22/2003,CHS,SC,ASO,ES,Towers with Radar,22,97,46,38,203,0,8,9,0,17,22,105,55,38,220,0,88,88,308
01/23/2003,CHS,SC,ASO,ES,Towers with Radar,19,82,36,35,172,2,11,0,0,13,21,93,36,35,185,0,76,76,261
01/24/2003,CHS,SC,ASO,ES,Towers with Radar,23,111,0,0,134,0,0,0,0,0,23,111,0,0,134,14,90,104,238
01/25/2003,CHS,SC,ASO,ES,Towers with Radar,15,76,36,33,160,0,3,41,0,44,15,79,77,33,204,14,30,44,248
01/26/2003,CHS,SC,ASO,ES,Towers with Radar,17,76,37,37,167,1,6,19,13,39,18,82,56,50,206,18,44,62,268
01/27/2003,CHS,SC,ASO,ES,Towers with Radar,18,80,38,15,151,3,18,29,0,50,21,98,67,15,201,22,30,52,253
01/28/2003,CHS,SC,ASO,ES,Towers with Radar,25,101,53,42,221,0,0,52,0,52,25,101,105,42,273,42,78,120,393
01/29/2003,CHS,SC,ASO,ES,Towers with Radar,23,99,50,43,215,0,0,42,0,42,23,99,92,43,257,18,40,58,315
01/30/2003,CHS,SC,ASO,ES,Towers with Radar,23,102,48,44,217,0,2,19,0,21,23,104,67,44,238,26,26,52,290
01/31/2003,CHS,SC,ASO,ES,Towers with Radar,25,106,69,52,252,0,0,0,0,0,25,106,69,52,252,16,68,84,336
02/01/2003,CHS,SC,ASO,ES,Towers with Radar,12,67,37,43,159,0,6,15,0,21,12,73,52,43,180,8,46,54,234
02/02/2003,CHS,SC,ASO,ES,Towers with Radar,21,79,53,42,195,0,0,48,0,48,21,79,101,42,243,22,50,72,315
02/03/2003,CHS,SC,ASO,ES,Towers with Radar,20,93,51,55,219,2,0,42,0,44,22,93,93,55,263,16,70,86,349
02/04/2003,CHS,SC,ASO,ES,Towers with Radar,18,85,46,53,202,4,11,17,0,32,22,96,63,53,234,2,116,118,352
02/05/2003,CHS,SC,ASO,ES,Towers with Radar,19,90,49,55,213,0,6,72,0,78,19,96,121,55,291,34,26,60,351
02/06/2003,CHS,SC,ASO,ES,Towers with Radar,20,102,63,53,238,0,0,29,0,29,20,102,92,53,267,12,80,92,359
02/07/2003,CHS,SC,ASO,ES,Towers with Radar,23,100,54,65,242,0,0,23,8,31,23,100,77,73,273,10,26,36,309
02/08/2003,CHS,SC,ASO,ES,Towers with Radar,11,77,43,52,183,0,0,43,3,46,11,77,86,55,229,12,8,20,249
02/09/2003,CHS,SC,ASO,ES,Towers with Radar,18,81,44,47,190,1,2,35,0,38,19,83,79,47,228,10,6,16,244
02/10/2003,CHS,SC,ASO,ES,Towers with Radar,16,72,39,40,167,4,22,1,0,27,20,94,40,40,194,6,28,34,228
02/11/2003,CHS,SC,ASO,ES,Towers with Radar,22,95,51,62,230,1,7,44,3,55,23,102,95,65,285,14,52,66,351
02/12/2003,CHS,SC,ASO,ES,Towers with Radar,22,101,64,41,228,1,0,35,0,36,23,101,99,41,264,14,42,56,320
02/13/2003,CHS,SC,ASO,ES,Towers with Radar,26,105,67,49,247,0,0,42,0,42,26,105,109,49,289,2,58,60,349
02/14/2003,CHS,SC,ASO,ES,Towers with Radar,25,104,67,77,273,0,0,67,3,70,25,104,134,80,343,20,86,106,449
02/15/2003,CHS,SC,ASO,ES,Towers with Radar,34,83,39,47,203,1,0,27,0,28,35,83,66,47,231,70,25,95,326
02/16/2003,CHS,SC,ASO,ES,Towers with Radar,10,48,26,24,108,7,9,11,0,27,17,57,37,24,135,0,6,6,141
02/17/2003,CHS,SC,ASO,ES,Towers with Radar,26,50,60,42,178,0,0,0,0,0,26,50,60,42,178,12,2,14,192
02/18/2003,CHS,SC,ASO,ES,Towers with Radar,26,96,66,67,255,0,0,28,0,28,26,96,94,67,283,21,90,111,394
02/19/2003,CHS,SC,ASO,ES,Towers with Radar,22,109,63,73,267,0,0,58,0,58,22,109,121,73,325,18,82,100,425
02/20/2003,CHS,SC,ASO,ES,Towers with Radar,22,94,56,60,232,0,0,45,0,45,22,94,101,60,277,22,42,64,341
02/21/2003,CHS,SC,ASO,ES,Towers with Radar,25,114,65,61,265,0,0,0,0,0,25,114,65,61,265,16,38,54,319
02/22/2003,CHS,SC,ASO,ES,Towers with Radar,19,67,7,36,129,0,0,0,2,2,19,67,7,38,131,2,2,4,135
02/23/2003,CHS,SC,ASO,ES,Towers with Radar,22,79,47,57,205,0,0,5,0,5,22,79,52,57,210,12,14,26,236
02/24/2003,CHS,SC,ASO,ES,Towers with Radar,22,96,53,60,231,0,15,74,0,89,22,111,127,60,320,18,16,34,354
02/25/2003,CHS,SC,ASO,ES,Towers with Radar,20,81,44,46,191,7,28,17,0,52,27,109,61,46,243,16,42,58,301
02/26/2003,CHS,SC,ASO,ES,Towers with Radar,23,96,53,58,230,3,6,8,0,17,26,102,61,58,247,10,52,62,309
02/27/2003,CHS,SC,ASO,ES,Towers with Radar,19,79,44,51,193,5,28,0,5,38,24,107,44,56,231,0,24,24,255
02/28/2003,CHS,SC,ASO,ES,Towers with Radar,27,121,66,67,281,0,5,29,0,34,27,126,95,67,315,44,32,76,391
03/01/2003,CHS,SC,ASO,ES,Towers with Radar,21,70,37,36,164,2,17,3,0,22,23,87,40,36,186,6,14,20,206
03/02/2003,CHS,SC,ASO,ES,Towers with Radar,25,84,45,53,207,0,0,12,13,25,25,84,57,66,232,8,40,48,280
03/03/2003,CHS,SC,ASO,ES,Towers with Radar,28,91,47,46,212,2,7,46,0,55,30,98,93,46,267,10,66,76,343
03/04/2003,CHS,SC,ASO,ES,Towers with Radar,31,103,49,48,231,1,9,0,0,10,32,112,49,48,241,20,44,64,305
03/05/2003,CHS,SC,ASO,ES,Towers with Radar,30,113,46,59,248,0,2,30,0,32,30,115,76,59,280,30,18,48,328
03/06/2003,CHS,SC,ASO,ES,Towers with Radar,31,101,50,61,243,8,13,0,15,36,39,114,50,76,279,10,62,72,351
03/07/2003,CHS,SC,ASO,ES,Towers with Radar,33,112,62,48,255,0,2,2,1,5,33,114,64,49,260,2,0,2,262
03/08/2003,CHS,SC,ASO,ES,Towers with Radar,25,92,55,64,236,0,0,61,10,71,25,92,116,74,307,26,38,64,371
03/09/2003,CHS,SC,ASO,ES,Towers with Radar,25,100,54,57,236,0,0,34,0,34,25,100,88,57,270,44,32,76,346
03/10/2003,CHS,SC,ASO,ES,Towers with Radar,27,102,53,62,244,0,0,37,2,39,27,102,90,64,283,12,30,42,325
03/11/2003,CHS,SC,ASO,ES,Towers with Radar,32,105,55,63,255,1,8,34,0,43,33,113,89,63,298,8,43,51,349
03/12/2003,CHS,SC,ASO,ES,Towers with Radar,26,116,60,57,259,0,6,78,0,84,26,122,138,57,343,28,48,76,419
03/13/2003,CHS,SC,ASO,ES,Towers with Radar,34,108,60,69,271,1,0,18,0,19,35,108,78,69,290,18,84,102,392
03/14/2003,CHS,SC,ASO,ES,Towers with Radar,34,102,74,85,295,0,0,31,8,39,34,102,105,93,334,18,62,80,414
03/15/2003,CHS,SC,ASO,ES,Towers with Radar,22,76,19,45,162,5,22,0,7,34,27,98,19,52,196,2,12,14,210
03/16/2003,CHS,SC,ASO,ES,Towers with Radar,27,89,47,58,221,0,1,18,0,19,27,90,65,58,240,18,18,36,276
03/17/2003,CHS,SC,ASO,ES,Towers with Radar,24,83,36,49,192,4,30,0,10,44,28,113,36,59,236,2,4,6,242
03/18/2003,CHS,SC,ASO,ES,Towers with Radar,32,111,53,94,290,0,1,11,2,14,32,112,64,96,304,18,42,60,364
03/19/2003,CHS,SC,ASO,ES,Towers with Radar,26,107,60,65,258,0,0,12,0,12,26,107,72,65,270,0,50,50,320
03/20/2003,CHS,SC,ASO,ES,Towers with Radar,29,111,30,51,221,0,1,0,0,1,29,112,30,51,222,10,22,32,254
03/21/2003,CHS,SC,ASO,ES,Towers with Radar,34,120,67,70,291,0,1,30,0,31,34,121,97,70,322,46,70,116,438
03/22/2003,CHS,SC,ASO,ES,Towers with Radar,31,104,55,45,235,5,0,46,0,51,36,104,101,45,286,8,18,26,312
03/23/2003,CHS,SC,ASO,ES,Towers with Radar,22,95,55,59,231,0,0,62,0,62,22,95,117,59,293,26,14,40,333
03/24/2003,CHS,SC,ASO,ES,Towers with Radar,29,99,51,50,229,4,5,45,0,54,33,104,96,50,283,8,20,28,311
03/25/2003,CHS,SC,ASO,ES,Towers with Radar,33,104,58,57,252,1,0,36,0,37,34,104,94,57,289,14,36,50,339
03/26/2003,CHS,SC,ASO,ES,Towers with Radar,32,109,55,59,255,8,0,21,0,29,40,109,76,59,284,10,114,124,408
03/27/2003,CHS,SC,ASO,ES,Towers with Radar,33,105,57,52,247,2,0,24,0,26,35,105,81,52,273,8,58,66,339
03/28/2003,CHS,SC,ASO,ES,Towers with Radar,35,114,63,50,262,0,0,6,0,6,35,114,69,50,268,2,50,52,320
03/29/2003,CHS,SC,ASO,ES,Towers with Radar,30,104,53,53,240,9,1,22,0,32,39,105,75,53,272,14,42,56,328
03/30/2003,CHS,SC,ASO,ES,Towers with Radar,30,101,52,45,228,7,0,1,0,8,37,101,53,45,236,0,0,0,236
03/31/2003,CHS,SC,ASO,ES,Towers with Radar,30,112,61,67,270,0,0,51,0,51,30,112,112,67,321,24,66,90,411
04/01/2003,CHS,SC,ASO,ES,Towers with Radar,28,104,61,48,241,7,2,58,1,68,35,106,119,49,309,18,4,22,331
04/02/2003,CHS,SC,ASO,ES,Towers with Radar,23,107,62,47,239,0,0,75,0,75,23,107,137,47,314,22,22,44,358
04/03/2003,CHS,SC,ASO,ES,Towers with Radar,25,101,78,58,262,0,0,38,0,38,25,101,116,58,300,14,22,36,336
04/04/2003,CHS,SC,ASO,ES,Towers with Radar,35,101,76,59,271,0,0,90,0,90,35,101,166,59,361,32,10,42,403
04/05/2003,CHS,SC,ASO,ES,Towers with Radar,24,86,49,29,188,3,4,49,0,56,27,90,98,29,244,18,4,22,266
04/06/2003,CHS,SC,ASO,ES,Towers with Radar,24,107,100,37,268,0,0,51,0,51,24,107,151,37,319,18,0,18,337
04/07/2003,CHS,SC,ASO,ES,Towers with Radar,26,88,50,40,204,3,12,2,0,17,29,100,52,40,221,10,54,64,285
04/08/2003,CHS,SC,ASO,ES,Towers with Radar,37,128,64,38,267,0,2,4,0,6,37,130,68,38,273,8,0,8,281
04/09/2003,CHS,SC,ASO,ES,Towers with Radar,28,118,89,46,281,0,2,2,0,4,28,120,91,46,285,6,46,52,337
04/10/2003,CHS,SC,ASO,ES,Towers with Radar,30,107,63,49,249,4,17,14,0,35,34,124,77,49,284,6,52,58,342
04/11/2003,CHS,SC,ASO,ES,Towers with Radar,33,122,72,56,283,0,1,32,6,39,33,123,104,62,322,10,48,58,380
04/12/2003,CHS,SC,ASO,ES,Towers with Radar,32,108,69,54,263,0,0,69,5,74,32,108,138,59,337,16,38,54,391
04/13/2003,CHS,SC,ASO,ES,Towers with Radar,34,112,72,53,271,3,0,44,0,47,37,112,116,53,318,22,24,46,364
04/14/2003,CHS,SC,ASO,ES,Towers with Radar,26,98,58,45,227,0,15,37,12,64,26,113,95,57,291,14,30,44,335
04/15/2003,CHS,SC,ASO,ES,Towers with Radar,29,105,62,48,244,5,2,35,20,62,34,107,97,68,306,26,47,73,379
04/16/2003,CHS,SC,ASO,ES,Towers with Radar,28,123,73,47,271,0,6,43,0,49,28,129,116,47,320,10,16,26,346
04/17/2003,CHS,SC,ASO,ES,Towers with Radar,29,138,89,46,302,0,0,36,0,36,29,138,125,46,338,26,20,46,384
04/18/2003,CHS,SC,ASO,ES,Towers with Radar,31,114,67,53,265,0,6,7,11,24,31,120,74,64,289,4,24,28,317
04/19/2003,CHS,SC,ASO,ES,Towers with Radar,30,97,71,33,231,0,2,9,1,12,30,99,80,34,243,2,0,2,245
04/20/2003,CHS,SC,ASO,ES,Towers with Radar,29,103,61,23,216,4,3,21,0,28,33,106,82,23,244,14,0,14,258
04/21/2003,CHS,SC,ASO,ES,Towers with Radar,28,123,73,49,273,0,3,21,0,24,28,126,94,49,297,34,52,86,383
04/22/2003,CHS,SC,ASO,ES,Towers with Radar,24,87,51,31,193,7,26,23,0,56,31,113,74,31,249,20,44,64,313
04/23/2003,CHS,SC,ASO,ES,Towers with Radar,34,110,68,51,263,0,2,48,0,50,34,112,116,51,313,10,48,58,371
04/24/2003,CHS,SC,ASO,ES,Towers with Radar,31,112,68,39,250,0,0,56,0,56,31,112,124,39,306,54,20,74,380
04/25/2003,CHS,SC,ASO,ES,Towers with Radar,27,95,56,45,223,4,22,6,9,41,31,117,62,54,264,0,2,2,266
04/26/2003,CHS,SC,ASO,ES,Towers with Radar,25,90,48,42,205,4,14,0,20,38,29,104,48,62,243,12,74,86,329
04/27/2003,CHS,SC,ASO,ES,Towers with Radar,34,100,71,39,244,1,0,43,0,44,35,100,114,39,288,16,8,24,312
04/28/2003,CHS,SC,ASO,ES,Towers with Radar,24,87,51,41,203,1,34,6,16,57,25,121,57,57,260,6,36,42,302
04/29/2003,CHS,SC,ASO,ES,Towers with Radar,29,103,60,48,240,7,27,37,15,86,36,130,97,63,326,14,44,58,384
04/30/2003,CHS,SC,ASO,ES,Towers with Radar,29,89,61,42,221,28,0,43,0,71,57,89,104,42,292,10,42,52,344
05/01/2003,CHS,SC,ASO,ES,Towers with Radar,32,116,73,79,300,0,0,43,4,47,32,116,116,83,347,18,110,128,475
05/02/2003,CHS,SC,ASO,ES,Towers with Radar,33,126,65,69,293,0,6,40,3,49,33,132,105,72,342,10,76,86,428
05/03/2003,CHS,SC,ASO,ES,Towers with Radar,27,97,50,53,227,1,6,41,6,54,28,103,91,59,281,40,22,62,343
05/04/2003,CHS,SC,ASO,ES,Towers with Radar,35,122,59,42,258,0,0,0,0,0,35,122,59,42,258,8,46,54,312
05/05/2003,CHS,SC,ASO,ES,Towers with Radar,22,102,53,56,233,0,4,12,4,20,22,106,65,60,253,10,18,28,281
05/06/2003,CHS,SC,ASO,ES,Towers with Radar,30,105,52,50,237,18,0,0,0,18,48,105,52,50,255,20,20,40,295
05/07/2003,CHS,SC,ASO,ES,Towers with Radar,26,94,49,45,214,4,16,34,0,54,30,110,83,45,268,18,14,32,300
05/08/2003,CHS,SC,ASO,ES,Towers with Radar,28,119,63,52,262,0,0,20,0,20,28,119,83,52,282,0,34,34,316
05/09/2003,CHS,SC,ASO,ES,Towers with Radar,34,116,64,68,282,6,0,37,29,72,40,116,101,97,354,14,92,106,460
05/10/2003,CHS,SC,ASO,ES,Towers with Radar,27,89,50,54,220,4,0,17,15,36,31,89,67,69,256,16,66,82,338
05/11/2003,CHS,SC,ASO,ES,Towers with Radar,29,105,56,56,246,0,0,19,0,19,29,105,75,56,265,0,16,16,281
05/12/2003,CHS,SC,ASO,ES,Towers with Radar,28,99,51,46,224,3,15,18,0,36,31,114,69,46,260,12,14,26,286
05/13/2003,CHS,SC,ASO,ES,Towers with Radar,32,117,61,65,275,9,0,35,0,44,41,117,96,65,319,32,66,98,417
05/14/2003,CHS,SC,ASO,ES,Towers with Radar,33,118,61,56,268,1,4,54,0,59,34,122,115,56,327,16,68,84,411
05/15/2003,CHS,SC,ASO,ES,Towers with Radar,31,112,57,57,257,3,9,12,0,24,34,121,69,57,281,18,14,32,313
05/16/2003,CHS,SC,ASO,ES,Towers with Radar,32,117,61,58,268,0,0,46,0,46,32,117,107,58,314,30,40,70,384
05/17/2003,CHS,SC,ASO,ES,Towers with Radar,25,104,51,58,238,0,3,0,26,29,25,107,51,84,267,16,66,82,349
05/18/2003,CHS,SC,ASO,ES,Towers with Radar,20,101,52,36,209,0,0,6,0,6,20,101,58,36,215,6,0,6,221
05/19/2003,CHS,SC,ASO,ES,Towers with Radar,27,98,50,55,230,1,6,8,9,24,28,104,58,64,254,6,6,12,266
05/20/2003,CHS,SC,ASO,ES,Towers with Radar,33,112,63,59,267,1,0,62,0,63,34,112,125,59,330,54,92,146,476
05/21/2003,CHS,SC,ASO,ES,Towers with Radar,23,109,62,58,252,0,0,44,0,44,23,109,106,58,296,12,42,54,350
05/22/2003,CHS,SC,ASO,ES,Towers with Radar,29,121,61,67,278,0,3,41,2,46,29,124,102,69,324,8,96,104,428
05/23/2003,CHS,SC,ASO,ES,Towers with Radar,32,124,63,54,273,0,0,30,0,30,32,124,93,54,303,20,20,40,343
05/24/2003,CHS,SC,ASO,ES,Towers with Radar,26,99,50,55,230,6,3,51,2,62,32,102,101,57,292,20,8,28,320
05/25/2003,CHS,SC,ASO,ES,Towers with Radar,21,80,40,44,185,4,8,16,0,28,25,88,56,44,213,4,20,24,237
05/26/2003,CHS,SC,ASO,ES,Towers with Radar,20,93,47,32,192,0,7,31,0,38,20,100,78,32,230,14,6,20,250
05/27/2003,CHS,SC,ASO,ES,Towers with Radar,28,107,54,56,245,1,0,33,0,34,29,107,87,56,279,16,28,44,323
05/28/2003,CHS,SC,ASO,ES,Towers with Radar,29,109,56,47,241,2,8,56,0,66,31,117,112,47,307,28,84,112,419
05/29/2003,CHS,SC,ASO,ES,Towers with Radar,30,121,62,61,274,0,2,40,0,42,30,123,102,61,316,32,42,74,390
05/30/2003,CHS,SC,ASO,ES,Towers with Radar,30,120,68,72,290,0,0,25,7,32,30,120,93,79,322,26,76,102,424
05/31/2003,CHS,SC,ASO,ES,Towers with Radar,23,87,45,44,199,0,15,47,0,62,23,102,92,44,261,0,28,28,289
06/01/2003,CHS,SC,ASO,ES,Towers with Radar,26,108,0,0,134,0,0,0,0,0,26,108,0,0,134,0,0,0,134
06/02/2003,CHS,SC,ASO,ES,Towers with Radar,27,103,49,50,229,0,5,30,0,35,27,108,79,50,264,10,68,78,342
06/03/2003,CHS,SC,ASO,ES,Towers with Radar,26,97,46,55,224,12,22,28,0,62,38,119,74,55,286,8,42,50,336
06/04/2003,CHS,SC,ASO,ES,Towers with Radar,30,114,57,64,265,0,1,11,0,12,30,115,68,64,277,24,60,84,361
06/05/2003,CHS,SC,ASO,ES,Towers with Radar,28,118,56,63,265,0,5,53,0,58,28,123,109,63,323,34,44,78,401
06/06/2003,CHS,SC,ASO,ES,Towers with Radar,31,118,56,60,265,5,0,28,0,33,36,118,84,60,298,12,28,40,338
06/07/2003,CHS,SC,ASO,ES,Towers with Radar,29,102,49,58,238,0,1,11,0,12,29,103,60,58,250,4,44,48,298
06/08/2003,CHS,SC,ASO,ES,Towers with Radar,21,90,60,55,226,0,1,8,0,9,21,91,68,55,235,6,46,52,287
06/09/2003,CHS,SC,ASO,ES,Towers with Radar,30,114,54,59,257,0,5,47,0,52,30,119,101,59,309,8,54,62,371
06/10/2003,CHS,SC,ASO,ES,Towers with Radar,35,115,62,53,265,0,1,48,0,49,35,116,110,53,314,16,46,62,376
06/11/2003,CHS,SC,ASO,ES,Towers with Radar,32,117,56,61,266,0,0,39,0,39,32,117,95,61,305,18,78,96,401
06/12/2003,CHS,SC,ASO,ES,Towers with Radar,26,124,61,63,274,0,0,39,0,39,26,124,100,63,313,16,65,81,394
06/13/2003,CHS,SC,ASO,ES,Towers with Radar,29,109,51,62,251,4,5,32,0,41,33,114,83,62,292,8,68,76,368
06/14/2003,CHS,SC,ASO,ES,Towers with Radar,24,93,44,55,216,8,5,47,0,60,32,98,91,55,276,22,42,64,340
06/15/2003,CHS,SC,ASO,ES,Towers with Radar,24,82,43,38,187,4,0,46,0,50,28,82,89,38,237,28,20,48,285
06/16/2003,CHS,SC,ASO,ES,Towers with Radar,23,109,51,65,248,0,1,29,13,43,23,110,80,78,291,8,102,110,401
06/17/2003,CHS,SC,ASO,ES,Towers with Radar,31,118,55,70,274,2,2,23,12,39,33,120,78,82,313,14,58,72,385
06/18/2003,CHS,SC,ASO,ES,Towers with Radar,29,109,51,58,247,0,0,0,0,0,29,109,51,58,247,28,70,98,345
06/19/2003,CHS,SC,ASO,ES,Towers with Radar,31,126,65,57,279,0,0,48,0,48,31,126,113,57,327,10,118,128,455
06/20/2003,CHS,SC,ASO,ES,Towers with Radar,32,132,64,81,309,0,0,57,4,61,32,132,121,85,370,38,66,104,474
06/21/2003,CHS,SC,ASO,ES,Towers with Radar,29,98,52,66,245,2,0,55,23,80,31,98,107,89,325,31,98,129,454
06/22/2003,CHS,SC,ASO,ES,Towers with Radar,21,115,55,67,258,0,0,82,0,82,21,115,137,67,340,52,38,90,430
06/23/2003,CHS,SC,ASO,ES,Towers with Radar,27,103,52,66,248,0,0,40,14,54,27,103,92,80,302,4,94,98,400
06/24/2003,CHS,SC,ASO,ES,Towers with Radar,41,114,50,46,251,0,0,58,0,58,41,114,108,46,309,8,18,26,335
06/25/2003,CHS,SC,ASO,ES,Towers with Radar,30,113,53,51,247,2,0,64,0,66,32,113,117,51,313,36,70,106,419
06/26/2003,CHS,SC,ASO,ES,Towers with Radar,32,122,58,53,265,0,1,54,0,55,32,123,112,53,320,12,20,32,352
06/27/2003,CHS,SC,ASO,ES,Towers with Radar,30,115,55,51,251,1,3,19,0,23,31,118,74,51,274,20,94,114,388
06/28/2003,CHS,SC,ASO,ES,Towers with Radar,28,95,49,63,235,7,0,20,0,27,35,95,69,63,262,4,90,94,356
06/29/2003,CHS,SC,ASO,ES,Towers with Radar,19,98,49,35,201,0,0,12,0,12,19,98,61,35,213,4,18,22,235
06/30/2003,CHS,SC,ASO,ES,Towers with Radar,26,99,46,59,230,3,12,18,4,37,29,111,64,63,267,30,62,92,359
07/01/2003,CHS,SC,ASO,ES,Towers with Radar,29,116,49,56,250,7,1,7,9,24,36,117,56,65,274,8,120,128,402
07/02/2003,CHS,SC,ASO,ES,Towers with Radar,25,100,40,48,213,4,15,0,1,20,29,115,40,49,233,0,120,120,353
07/03/2003,CHS,SC,ASO,ES,Towers with Radar,32,123,56,54,265,0,0,29,0,29,32,123,85,54,294,36,58,94,388
07/04/2003,CHS,SC,ASO,ES,Towers with Radar,17,66,28,16,127,4,15,19,0,38,21,81,47,16,165,6,4,10,175
07/05/2003,CHS,SC,ASO,ES,Towers with Radar,21,83,36,25,165,3,4,40,0,47,24,87,76,25,212,32,28,60,272
07/06/2003,CHS,SC,ASO,ES,Towers with Radar,21,89,49,30,189,0,0,42,0,42,21,89,91,30,231,36,8,44,275
07/07/2003,CHS,SC,ASO,ES,Towers with Radar,25,99,42,47,213,3,6,35,1,45,28,105,77,48,258,24,24,48,306
07/08/2003,CHS,SC,ASO,ES,Towers with Radar,23,89,38,31,181,3,25,40,0,68,26,114,78,31,249,52,32,84,333
07/09/2003,CHS,SC,ASO,ES,Towers with Radar,27,110,48,40,225,0,0,55,0,55,27,110,103,40,280,36,54,90,370
07/10/2003,CHS,SC,ASO,ES,Towers with Radar,25,115,58,43,241,0,1,38,0,39,25,116,96,43,280,40,20,60,340
07/11/2003,CHS,SC,ASO,ES,Towers with Radar,31,111,51,54,247,0,0,44,0,44,31,111,95,54,291,16,46,62,353
07/12/2003,CHS,SC,ASO,ES,Towers with Radar,24,96,41,38,199,3,0,36,0,39,27,96,77,38,238,14,4,18,256
07/13/2003,CHS,SC,ASO,ES,Towers with Radar,18,99,47,42,206,0,0,40,0,40,18,99,87,42,246,34,16,50,296
07/14/2003,CHS,SC,ASO,ES,Towers with Radar,25,99,42,48,214,2,17,4,7,30,27,116,46,55,244,0,18,18,262
07/15/2003,CHS,SC,ASO,ES,Towers with Radar,29,115,48,47,239,11,3,12,0,26,40,118,60,47,265,34,92,126,391
07/16/2003,CHS,SC,ASO,ES,Towers with Radar,29,112,50,48,239,3,0,66,0,69,32,112,116,48,308,42,52,94,402
07/17/2003,CHS,SC,ASO,ES,Towers with Radar,24,114,52,59,249,0,0,40,5,45,24,114,92,64,294,12,40,52,346
07/18/2003,CHS,SC,ASO,ES,Towers with Radar,32,117,53,52,254,0,0,47,0,47,32,117,100,52,301,16,68,84,385
07/19/2003,CHS,SC,ASO,ES,Towers with Radar,30,115,50,57,252,1,0,25,0,26,31,115,75,57,278,20,102,122,400
07/20/2003,CHS,SC,ASO,ES,Towers with Radar,16,72,40,44,172,0,0,7,0,7,16,72,47,44,179,4,138,142,321
07/21/2003,CHS,SC,ASO,ES,Towers with Radar,24,108,47,51,230,0,0,41,0,41,24,108,88,51,271,16,92,108,379
07/22/2003,CHS,SC,ASO,ES,Towers with Radar,25,104,43,39,211,4,6,27,0,37,29,110,70,39,248,22,94,116,364
07/23/2003,CHS,SC,ASO,ES,Towers with Radar,25,102,42,49,218,0,19,7,2,28,25,121,49,51,246,22,50,72,318
07/24/2003,CHS,SC,ASO,ES,Towers with Radar,23,116,51,36,226,0,0,16,0,16,23,116,67,36,242,12,46,58,300
07/25/2003,CHS,SC,ASO,ES,Towers with Radar,24,115,49,39,227,0,0,33,0,33,24,115,82,39,260,14,16,30,290
07/26/2003,CHS,SC,ASO,ES,Towers with Radar,22,93,31,41,187,7,2,0,0,9,29,95,31,41,196,16,22,38,234
07/27/2003,CHS,SC,ASO,ES,Towers with Radar,20,99,41,29,189,0,4,24,0,28,20,103,65,29,217,0,6,6,223
07/28/2003,CHS,SC,ASO,ES,Towers with Radar,25,103,42,41,211,2,24,14,0,40,27,127,56,41,251,8,12,20,271
07/29/2003,CHS,SC,ASO,ES,Towers with Radar,28,108,46,55,237,8,0,41,25,74,36,108,87,80,311,4,105,109,420
07/30/2003,CHS,SC,ASO,ES,Towers with Radar,22,116,48,52,238,0,3,34,0,37,22,119,82,52,275,12,12,24,299
07/31/2003,CHS,SC,ASO,ES,Towers with Radar,26,115,49,57,247,0,0,38,0,38,26,115,87,57,285,44,88,132,417
08/01/2003,CHS,SC,ASO,ES,Towers with Radar,28,113,57,51,249,0,1,15,0,16,28,114,72,51,265,12,26,38,303
08/02/2003,CHS,SC,ASO,ES,Towers with Radar,25,93,39,44,201,4,3,17,0,24,29,96,56,44,225,15,38,53,278
08/03/2003,CHS,SC,ASO,ES,Towers with Radar,21,99,44,34,198,0,0,14,0,14,21,99,58,34,212,8,16,24,236
08/04/2003,CHS,SC,ASO,ES,Towers with Radar,26,99,43,32,200,1,21,11,0,33,27,120,54,32,233,12,38,50,283
08/05/2003,CHS,SC,ASO,ES,Towers with Radar,29,111,48,56,244,2,9,36,19,66,31,120,84,75,310,12,100,112,422
08/06/2003,CHS,SC,ASO,ES,Towers with Radar,28,120,53,59,260,0,0,20,0,20,28,120,73,59,280,2,70,72,352
08/07/2003,CHS,SC,ASO,ES,Towers with Radar,28,113,51,59,251,0,0,15,15,30,28,113,66,74,281,6,26,32,313
08/08/2003,CHS,SC,ASO,ES,Towers with Radar,23,115,50,57,245,0,1,7,0,8,23,116,57,57,253,12,180,192,445
08/09/2003,CHS,SC,ASO,ES,Towers with Radar,25,92,40,48,205,4,0,14,0,18,29,92,54,48,223,28,34,62,285
08/10/2003,CHS,SC,ASO,ES,Towers with Radar,24,93,39,47,203,0,3,21,6,30,24,96,60,53,233,18,47,65,298
08/11/2003,CHS,SC,ASO,ES,Towers with Radar,27,103,43,46,219,0,3,10,0,13,27,106,53,46,232,14,18,32,264
08/12/2003,CHS,SC,ASO,ES,Towers with Radar,29,114,49,56,248,0,1,23,17,41,29,115,72,73,289,10,64,74,363
08/13/2003,CHS,SC,ASO,ES,Towers with Radar,28,106,56,55,245,0,0,10,5,15,28,106,66,60,260,8,74,82,342
08/14/2003,CHS,SC,ASO,ES,Towers with Radar,33,116,56,52,257,6,0,27,0,33,39,116,83,52,290,62,34,96,386
08/15/2003,CHS,SC,ASO,ES,Towers with Radar,29,113,49,57,248,3,2,46,3,54,32,115,95,60,302,30,91,121,423
08/16/2003,CHS,SC,ASO,ES,Towers with Radar,22,82,38,39,181,12,0,11,0,23,34,82,49,39,204,20,60,80,284
08/17/2003,CHS,SC,ASO,ES,Towers with Radar,22,96,40,31,189,0,9,22,0,31,22,105,62,31,220,18,38,56,276
08/18/2003,CHS,SC,ASO,ES,Towers with Radar,26,115,43,59,243,0,0,18,0,18,26,115,61,59,261,4,104,108,369
08/19/2003,CHS,SC,ASO,ES,Towers with Radar,32,103,45,51,231,0,0,21,0,21,32,103,66,51,252,0,78,78,330
08/20/2003,CHS,SC,ASO,ES,Towers with Radar,29,134,57,61,281,0,0,60,0,60,29,134,117,61,341,22,124,146,487
08/21/2003,CHS,SC,ASO,ES,Towers with Radar,29,118,53,54,254,0,0,34,0,34,29,118,87,54,288,14,86,100,388
08/22/2003,CHS,SC,ASO,ES,Towers with Radar,26,110,52,60,248,0,0,58,0,58,26,110,110,60,306,30,142,172,478
08/23/2003,CHS,SC,ASO,ES,Towers with Radar,26,99,45,50,220,3,0,34,0,37,29,99,79,50,257,18,66,84,341
08/24/2003,CHS,SC,ASO,ES,Towers with Radar,19,97,48,30,194,0,0,26,0,26,19,97,74,30,220,30,34,64,284
08/25/2003,CHS,SC,ASO,ES,Towers with Radar,26,102,43,45,216,2,17,11,0,30,28,119,54,45,246,6,46,52,298
08/26/2003,CHS,SC,ASO,ES,Towers with Radar,31,111,66,52,260,0,0,37,0,37,31,111,103,52,297,12,90,102,399
08/27/2003,CHS,SC,ASO,ES,Towers with Radar,28,109,46,46,229,1,1,42,0,44,29,110,88,46,273,35,52,87,360
08/28/2003,CHS,SC,ASO,ES,Towers with Radar,28,110,47,48,233,0,3,48,0,51,28,113,95,48,284,26,52,78,362
08/29/2003,CHS,SC,ASO,ES,Towers with Radar,27,113,55,38,233,0,0,34,0,34,27,113,89,38,267,18,66,84,351
08/30/2003,CHS,SC,ASO,ES,Towers with Radar,20,81,35,16,152,10,10,42,0,62,30,91,77,16,214,8,2,10,224
08/31/2003,CHS,SC,ASO,ES,Towers with Radar,18,72,30,24,144,2,4,33,0,39,20,76,63,24,183,22,12,34,217
09/01/2003,CHS,SC,ASO,ES,Towers with Radar,25,88,45,17,175,0,0,31,0,31,25,88,76,17,206,0,2,2,208
09/02/2003,CHS,SC,ASO,ES,Towers with Radar,26,108,50,36,220,0,0,44,0,44,26,108,94,36,264,8,38,46,310
09/03/2003,CHS,SC,ASO,ES,Towers with Radar,25,108,51,52,236,0,0,55,3,58,25,108,106,55,294,12,66,78,372
09/04/2003,CHS,SC,ASO,ES,Towers with Radar,25,106,49,50,230,0,15,17,7,39,25,121,66,57,269,12,102,114,383
09/05/2003,CHS,SC,ASO,ES,Towers with Radar,30,121,59,60,270,0,0,10,13,23,30,121,69,73,293,8,130,138,431
09/06/2003,CHS,SC,ASO,ES,Towers with Radar,18,71,19,29,137,11,23,0,0,34,29,94,19,29,171,0,4,4,175
09/07/2003,CHS,SC,ASO,ES,Towers with Radar,24,85,35,36,180,0,2,0,0,2,24,87,35,36,182,0,16,16,198
09/08/2003,CHS,SC,ASO,ES,Towers with Radar,25,100,39,47,211,4,16,0,2,22,29,116,39,49,233,12,40,52,285
09/09/2003,CHS,SC,ASO,ES,Towers with Radar,30,116,56,56,258,0,0,34,4,38,30,116,90,60,296,16,70,86,382
09/10/2003,CHS,SC,ASO,ES,Towers with Radar,23,99,49,44,215,0,0,48,0,48,23,99,97,44,263,12,42,54,317
09/11/2003,CHS,SC,ASO,ES,Towers with Radar,27,110,54,51,242,0,0,66,0,66,27,110,120,51,308,18,50,68,376
09/12/2003,CHS,SC,ASO,ES,Towers with Radar,29,120,75,76,300,0,0,20,7,27,29,120,95,83,327,28,174,202,529
09/13/2003,CHS,SC,ASO,ES,Towers with Radar,28,92,55,57,232,0,0,48,19,67,28,92,103,76,299,6,122,128,427
09/14/2003,CHS,SC,ASO,ES,Towers with Radar,25,96,51,53,225,0,0,44,18,62,25,96,95,71,287,18,84,102,389
09/15/2003,CHS,SC,ASO,ES,Towers with Radar,29,113,51,47,240,5,2,12,0,19,34,115,63,47,259,12,28,40,299
09/16/2003,CHS,SC,ASO,ES,Towers with Radar,26,102,47,38,213,4,18,35,0,57,30,120,82,38,270,26,10,36,306
09/17/2003,CHS,SC,ASO,ES,Towers with Radar,23,89,41,31,184,5,18,13,0,36,28,107,54,31,220,0,2,2,222
09/18/2003,CHS,SC,ASO,ES,Towers with Radar,26,98,17,43,184,0,2,10,2,14,26,100,27,45,198,0,0,0,198
09/19/2003,CHS,SC,ASO,ES,Towers with Radar,23,91,42,42,198,6,20,16,0,42,29,111,58,42,240,2,14,16,256
09/20/2003,CHS,SC,ASO,ES,Towers with Radar,23,90,41,42,196,4,1,27,5,37,27,91,68,47,233,2,10,12,245
09/21/2003,CHS,SC,ASO,ES,Towers with Radar,24,95,44,30,193,3,0,3,0,6,27,95,47,30,199,6,2,8,207
09/22/2003,CHS,SC,ASO,ES,Towers with Radar,27,108,49,45,229,2,2,13,0,17,29,110,62,45,246,0,8,8,254
09/23/2003,CHS,SC,ASO,ES,Towers with Radar,26,103,47,39,215,5,10,22,0,37,31,113,69,39,252,8,28,36,288
09/24/2003,CHS,SC,ASO,ES,Towers with Radar,28,110,50,28,216,0,9,47,0,56,28,119,97,28,272,4,10,14,286
09/25/2003,CHS,SC,ASO,ES,Towers with Radar,29,125,57,42,253,0,0,27,0,27,29,125,84,42,280,2,0,2,282
09/26/2003,CHS,SC,ASO,ES,Towers with Radar,27,118,55,54,254,0,0,33,0,33,27,118,88,54,287,0,2,2,289
09/27/2003,CHS,SC,ASO,ES,Towers with Radar,22,86,39,39,186,2,6,1,10,19,24,92,40,49,205,0,2,2,207
09/28/2003,CHS,SC,ASO,ES,Towers with Radar,20,96,50,44,210,0,0,22,0,22,20,96,72,44,232,4,0,4,236
09/29/2003,CHS,SC,ASO,ES,Towers with Radar,26,113,43,31,213,0,1,17,0,18,26,114,60,31,231,2,26,28,259
09/30/2003,CHS,SC,ASO,ES,Towers with Radar,29,113,51,41,234,2,2,32,0,36,31,115,83,41,270,10,6,16,286
10/01/2003,CHS,SC,ASO,ES,Towers with Radar,26,103,57,42,228,1,11,33,0,45,27,114,90,42,273,4,8,12,285
10/02/2003,CHS,SC,ASO,ES,Towers with Radar,28,121,70,51,270,0,0,39,0,39,28,121,109,51,309,2,14,16,325
10/03/2003,CHS,SC,ASO,ES,Towers with Radar,28,126,76,52,282,0,0,38,0,38,28,126,114,52,320,16,22,38,358
10/04/2003,CHS,SC,ASO,ES,Towers with Radar,23,87,54,28,192,0,0,7,0,7,23,87,61,28,199,6,38,44,243
10/05/2003,CHS,SC,ASO,ES,Towers with Radar,24,99,63,53,239,0,0,19,1,20,24,99,82,54,259,2,30,32,291
10/06/2003,CHS,SC,ASO,ES,Towers with Radar,29,110,63,44,246,0,0,16,0,16,29,110,79,44,262,0,64,64,326
10/07/2003,CHS,SC,ASO,ES,Towers with Radar,22,90,51,31,194,0,20,5,0,25,22,110,56,31,219,0,20,20,239
10/08/2003,CHS,SC,ASO,ES,Towers with Radar,27,103,59,42,231,6,0,28,0,34,33,103,87,42,265,2,16,18,283
10/09/2003,CHS,SC,ASO,ES,Towers with Radar,32,120,70,41,263,0,0,0,0,0,32,120,70,41,263,10,2,12,275
10/10/2003,CHS,SC,ASO,ES,Towers with Radar,27,117,70,48,262,0,0,19,0,19,27,117,89,48,281,0,22,22,303
10/11/2003,CHS,SC,ASO,ES,Towers with Radar,22,85,48,21,176,4,10,8,0,22,26,95,56,21,198,2,0,2,200
10/12/2003,CHS,SC,ASO,ES,Towers with Radar,27,96,61,43,227,0,0,6,0,6,27,96,67,43,233,16,92,108,341
10/13/2003,CHS,SC,ASO,ES,Towers with Radar,24,99,56,32,211,2,6,31,0,39,26,105,87,32,250,4,14,18,268
10/14/2003,CHS,SC,ASO,ES,Towers with Radar,30,111,66,56,263,4,0,0,0,4,34,111,66,56,267,0,90,90,357
10/15/2003,CHS,SC,ASO,ES,Towers with Radar,27,113,64,51,255,0,5,49,0,54,27,118,113,51,309,12,26,38,347
10/16/2003,CHS,SC,ASO,ES,Towers with Radar,30,115,66,58,269,0,0,14,0,14,30,115,80,58,283,8,38,46,329
10/17/2003,CHS,SC,ASO,ES,Towers with Radar,26,116,73,65,280,0,0,47,3,50,26,116,120,68,330,4,38,42,372
10/18/2003,CHS,SC,ASO,ES,Towers with Radar,21,85,47,39,192,6,8,23,0,37,27,93,70,39,229,8,14,22,251
10/19/2003,CHS,SC,ASO,ES,Towers with Radar,25,95,56,36,212,1,0,53,0,54,26,95,109,36,266,14,12,26,292
10/20/2003,CHS,SC,ASO,ES,Towers with Radar,24,103,56,50,233,0,2,42,21,65,24,105,98,71,298,16,70,86,384
10/21/2003,CHS,SC,ASO,ES,Towers with Radar,26,105,58,51,240,1,13,22,17,53,27,118,80,68,293,8,86,94,387
10/22/2003,CHS,SC,ASO,ES,Towers with Radar,30,119,65,58,272,1,3,25,21,50,31,122,90,79,322,4,72,76,398
10/23/2003,CHS,SC,ASO,ES,Towers with Radar,30,122,67,60,279,0,0,45,6,51,30,122,112,66,330,20,90,110,440
10/24/2003,CHS,SC,ASO,ES,Towers with Radar,28,109,63,56,256,2,0,11,1,14,30,109,74,57,270,2,62,64,334
10/25/2003,CHS,SC,ASO,ES,Towers with Radar,21,87,48,42,198,7,0,52,0,59,28,87,100,42,257,2,38,40,297
10/26/2003,CHS,SC,ASO,ES,Towers with Radar,26,117,65,51,259,0,0,19,0,19,26,117,84,51,278,2,22,24,302
10/27/2003,CHS,SC,ASO,ES,Towers with Radar,25,101,52,49,227,0,13,0,2,15,25,114,52,51,242,8,108,116,358
10/28/2003,CHS,SC,ASO,ES,Towers with Radar,24,99,54,46,223,5,23,5,0,33,29,122,59,46,256,0,46,46,302
10/29/2003,CHS,SC,ASO,ES,Towers with Radar,27,110,60,37,234,0,3,45,0,48,27,113,105,37,282,32,28,60,342
10/30/2003,CHS,SC,ASO,ES,Towers with Radar,30,128,73,50,281,0,0,42,0,42,30,128,115,50,323,10,72,82,405
10/31/2003,CHS,SC,ASO,ES,Towers with Radar,26,109,60,50,245,0,4,44,0,48,26,113,104,50,293,18,60,78,371
11/01/2003,CHS,SC,ASO,ES,Towers with Radar,22,87,48,50,207,5,0,22,9,36,27,87,70,59,243,24,56,80,323
11/02/2003,CHS,SC,ASO,ES,Towers with Radar,24,99,63,60,246,0,0,46,0,46,24,99,109,60,292,24,96,120,412
11/03/2003,CHS,SC,ASO,ES,Towers with Radar,24,99,53,49,225,2,18,2,0,22,26,117,55,49,247,0,60,60,307
11/04/2003,CHS,SC,ASO,ES,Towers with Radar,26,107,58,59,250,0,0,29,0,29,26,107,87,59,279,22,124,146,425
11/05/2003,CHS,SC,ASO,ES,Towers with Radar,23,97,52,51,223,5,4,37,0,46,28,101,89,51,269,16,56,72,341
11/06/2003,CHS,SC,ASO,ES,Towers with Radar,26,117,63,65,271,0,3,24,9,36,26,120,87,74,307,20,102,122,429
11/07/2003,CHS,SC,ASO,ES,Towers with Radar,32,123,75,56,286,0,0,58,0,58,32,123,133,56,344,10,4,14,358
11/08/2003,CHS,SC,ASO,ES,Towers with Radar,22,89,46,41,198,4,12,0,0,16,26,101,46,41,214,4,14,18,232
11/09/2003,CHS,SC,ASO,ES,Towers with Radar,28,112,61,48,249,0,0,33,0,33,28,112,94,48,282,10,72,82,364
11/10/2003,CHS,SC,ASO,ES,Towers with Radar,22,98,53,48,221,0,19,32,0,51,22,117,85,48,272,8,44,52,324
11/11/2003,CHS,SC,ASO,ES,Towers with Radar,24,101,54,28,207,2,18,38,0,58,26,119,92,28,265,38,6,44,309
11/12/2003,CHS,SC,ASO,ES,Towers with Radar,28,114,61,51,254,2,0,47,0,49,30,114,108,51,303,32,22,54,357
11/13/2003,CHS,SC,ASO,ES,Towers with Radar,26,109,58,51,244,0,10,56,0,66,26,119,114,51,310,6,20,26,336
11/14/2003,CHS,SC,ASO,ES,Towers with Radar,28,124,68,72,292,0,0,45,1,46,28,124,113,73,338,20,68,88,426
11/15/2003,CHS,SC,ASO,ES,Towers with Radar,20,88,47,50,205,8,6,40,24,78,28,94,87,74,283,22,34,56,339
11/16/2003,CHS,SC,ASO,ES,Towers with Radar,23,103,58,50,234,0,0,39,0,39,23,103,97,50,273,4,88,92,365
11/17/2003,CHS,SC,ASO,ES,Towers with Radar,24,105,57,59,245,2,3,32,11,48,26,108,89,70,293,32,84,116,409
11/18/2003,CHS,SC,ASO,ES,Towers with Radar,25,104,54,58,241,1,18,25,8,52,26,122,79,66,293,0,72,72,365
11/19/2003,CHS,SC,ASO,ES,Towers with Radar,20,88,43,49,200,6,27,0,26,59,26,115,43,75,259,6,84,90,349
11/20/2003,CHS,SC,ASO,ES,Towers with Radar,25,111,65,69,270,0,0,60,20,80,25,111,125,89,350,30,88,118,468
11/21/2003,CHS,SC,ASO,ES,Towers with Radar,29,119,67,69,284,0,0,57,0,57,29,119,124,69,341,14,50,64,405
11/22/2003,CHS,SC,ASO,ES,Towers with Radar,24,94,56,53,227,3,0,53,0,56,27,94,109,53,283,32,70,102,385
11/23/2003,CHS,SC,ASO,ES,Towers with Radar,21,91,47,46,205,0,0,41,0,41,21,91,88,46,246,18,14,32,278
11/24/2003,CHS,SC,ASO,ES,Towers with Radar,23,101,53,40,217,0,0,13,0,13,23,101,66,40,230,12,80,92,322
11/25/2003,CHS,SC,ASO,ES,Towers with Radar,24,125,68,59,276,0,0,29,0,29,24,125,97,59,305,0,104,104,409
11/26/2003,CHS,SC,ASO,ES,Towers with Radar,26,109,74,46,255,0,0,37,0,37,26,109,111,46,292,8,86,94,386
11/27/2003,CHS,SC,ASO,ES,Towers with Radar,14,61,28,12,115,2,21,0,0,23,16,82,28,12,138,0,0,0,138
11/28/2003,CHS,SC,ASO,ES,Towers with Radar,14,62,33,13,122,3,24,6,0,33,17,86,39,13,155,4,0,4,159
11/29/2003,CHS,SC,ASO,ES,Towers with Radar,22,91,51,50,214,2,0,37,0,39,24,91,88,50,253,6,70,76,329
11/30/2003,CHS,SC,ASO,ES,Towers with Radar,24,108,83,20,235,0,0,42,0,42,24,108,125,20,277,12,8,20,297
12/01/2003,CHS,SC,ASO,ES,Towers with Radar,22,111,53,49,235,0,0,18,0,18,22,111,71,49,253,20,110,130,383
12/02/2003,CHS,SC,ASO,ES,Towers with Radar,24,113,55,48,240,0,0,32,0,32,24,113,87,48,272,26,128,154,426
12/03/2003,CHS,SC,ASO,ES,Towers with Radar,23,108,50,59,240,2,8,27,0,37,25,116,77,59,277,16,60,76,353
12/04/2003,CHS,SC,ASO,ES,Towers with Radar,22,104,48,62,236,2,13,7,7,29,24,117,55,69,265,6,86,92,357
12/05/2003,CHS,SC,ASO,ES,Towers with Radar,24,113,54,70,261,3,0,45,7,55,27,113,99,77,316,4,34,38,354
12/06/2003,CHS,SC,ASO,ES,Towers with Radar,17,83,42,55,197,0,0,21,37,58,17,83,63,92,255,12,118,130,385
12/07/2003,CHS,SC,ASO,ES,Towers with Radar,17,78,37,37,169,0,8,58,0,66,17,86,95,37,235,34,72,106,341
12/08/2003,CHS,SC,ASO,ES,Towers with Radar,21,102,46,61,230,0,14,39,11,64,21,116,85,72,294,36,52,88,382
12/09/2003,CHS,SC,ASO,ES,Towers with Radar,23,110,51,66,250,0,3,61,6,70,23,113,112,72,320,4,96,100,420
12/10/2003,CHS,SC,ASO,ES,Towers with Radar,23,108,50,65,246,1,9,13,13,36,24,117,63,78,282,12,86,98,380
12/11/2003,CHS,SC,ASO,ES,Towers with Radar,23,107,50,64,244,7,8,26,7,48,30,115,76,71,292,10,68,78,370
12/12/2003,CHS,SC,ASO,ES,Towers with Radar,26,125,61,81,293,0,0,50,24,74,26,125,111,105,367,12,74,86,453
12/13/2003,CHS,SC,ASO,ES,Towers with Radar,19,91,52,55,217,0,0,3,0,3,19,91,55,55,220,14,122,136,356
12/14/2003,CHS,SC,ASO,ES,Towers with Radar,14,66,31,23,134,6,20,12,0,38,20,86,43,23,172,8,18,26,198
12/15/2003,CHS,SC,ASO,ES,Towers with Radar,20,109,54,57,240,0,0,55,0,55,20,109,109,57,295,8,98,106,401
12/16/2003,CHS,SC,ASO,ES,Towers with Radar,26,110,69,72,277,0,0,51,0,51,26,110,120,72,328,20,182,202,530
12/17/2003,CHS,SC,ASO,ES,Towers with Radar,23,110,58,69,260,0,0,16,0,16,23,110,74,69,276,14,180,194,470
12/18/2003,CHS,SC,ASO,ES,Towers with Radar,26,118,59,73,276,0,0,45,0,45,26,118,104,73,321,14,58,72,393
12/19/2003,CHS,SC,ASO,ES,Towers with Radar,25,119,57,67,268,1,0,38,0,39,26,119,95,67,307,16,54,70,377
12/20/2003,CHS,SC,ASO,ES,Towers with Radar,19,103,48,41,211,0,0,34,0,34,19,103,82,41,245,28,36,64,309
12/21/2003,CHS,SC,ASO,ES,Towers with Radar,18,90,40,22,170,1,12,45,0,58,19,102,85,22,228,22,24,46,274
12/22/2003,CHS,SC,ASO,ES,Towers with Radar,23,114,52,64,253,0,2,38,0,40,23,116,90,64,293,4,104,108,401
12/23/2003,CHS,SC,ASO,ES,Towers with Radar,21,107,48,45,221,3,3,27,0,33,24,110,75,45,254,6,32,38,292
12/24/2003,CHS,SC,ASO,ES,Towers with Radar,15,76,34,42,167,8,20,5,0,33,23,96,39,42,200,4,22,26,226
12/25/2003,CHS,SC,ASO,ES,Towers with Radar,12,58,25,13,108,2,33,7,0,42,14,91,32,13,150,0,0,0,150
12/26/2003,CHS,SC,ASO,ES,Towers with Radar,20,98,44,16,178,1,12,43,0,56,21,110,87,16,234,6,0,6,240
12/27/2003,CHS,SC,ASO,ES,Towers with Radar,17,94,50,36,197,0,0,25,0,25,17,94,75,36,222,6,38,44,266
12/28/2003,CHS,SC,ASO,ES,Towers with Radar,17,93,43,15,168,0,5,10,0,15,17,98,53,15,183,14,4,18,201
12/29/2003,CHS,SC,ASO,ES,Towers with Radar,24,101,54,43,222,3,0,17,0,20,27,101,71,43,242,6,76,82,324
12/30/2003,CHS,SC,ASO,ES,Towers with Radar,24,109,54,43,230,0,0,29,0,29,24,109,83,43,259,10,102,112,371
12/31/2003,CHS,SC,ASO,ES,Towers with Radar,15,103,48,40,206,0,8,26,0,34,15,111,74,40,240,18,56,74,314
01/01/2004,CHS,SC,ASO,ES,Towers with Radar,17,79,38,10,144,0,15,22,0,37,17,94,60,10,181,6,0,6,187
01/02/2004,CHS,SC,ASO,ES,Towers with Radar,20,95,46,27,188,0,15,17,0,32,20,110,63,27,220,14,6,20,240
01/03/2004,CHS,SC,ASO,ES,Towers with Radar,18,92,62,48,220,0,0,11,0,11,18,92,73,48,231,20,112,132,363
01/04/2004,CHS,SC,ASO,ES,Towers with Radar,16,98,51,40,205,0,0,29,0,29,16,98,80,40,234,16,24,40,274
01/05/2004,CHS,SC,ASO,ES,Towers with Radar,21,94,44,39,198,3,26,3,0,32,24,120,47,39,230,12,73,85,315
01/06/2004,CHS,SC,ASO,ES,Towers with Radar,26,112,55,46,239,2,0,29,0,31,28,112,84,46,270,14,138,152,422
01/07/2004,CHS,SC,ASO,ES,Towers with Radar,24,98,51,65,238,0,0,32,16,48,24,98,83,81,286,20,86,106,392
01/08/2004,CHS,SC,ASO,ES,Towers with Radar,23,101,49,62,235,0,0,48,5,53,23,101,97,67,288,12,42,54,342
01/09/2004,CHS,SC,ASO,ES,Towers with Radar,22,96,40,58,216,1,22,0,17,40,23,118,40,75,256,2,68,70,326
01/10/2004,CHS,SC,ASO,ES,Towers with Radar,18,79,38,48,183,0,1,15,4,20,18,80,53,52,203,6,63,69,272
01/11/2004,CHS,SC,ASO,ES,Towers with Radar,17,85,41,37,180,0,0,37,0,37,17,85,78,37,217,30,4,34,251
01/12/2004,CHS,SC,ASO,ES,Towers with Radar,21,92,44,52,209,1,18,8,0,27,22,110,52,52,236,8,48,56,292
01/13/2004,CHS,SC,ASO,ES,Towers with Radar,20,95,46,55,216,4,12,25,0,41,24,107,71,55,257,4,38,42,299
01/14/2004,CHS,SC,ASO,ES,Towers with Radar,24,105,55,49,233,0,0,41,0,41,24,105,96,49,274,10,68,78,352
01/15/2004,CHS,SC,ASO,ES,Towers with Radar,24,90,53,68,235,2,0,44,0,46,26,90,97,68,281,18,54,72,353
01/16/2004,CHS,SC,ASO,ES,Towers with Radar,24,125,60,35,244,0,0,46,0,46,24,125,106,35,290,8,46,54,344
01/17/2004,CHS,SC,ASO,ES,Towers with Radar,17,86,45,32,180,0,0,62,0,62,17,86,107,32,242,28,4,32,274
01/18/2004,CHS,SC,ASO,ES,Towers with Radar,15,76,32,46,169,0,11,0,6,17,15,87,32,52,186,6,36,42,228
01/19/2004,CHS,SC,ASO,ES,Towers with Radar,22,106,50,41,219,0,0,27,0,27,22,106,77,41,246,22,46,68,314
01/20/2004,CHS,SC,ASO,ES,Towers with Radar,23,106,49,59,237,1,2,55,0,58,24,108,104,59,295,12,60,72,367
01/21/2004,CHS,SC,ASO,ES,Towers with Radar,24,114,53,55,246,0,1,38,0,39,24,115,91,55,285,38,64,102,387
01/22/2004,CHS,SC,ASO,ES,Towers with Radar,25,109,54,70,258,1,0,55,1,57,26,109,109,71,315,10,44,54,369
01/23/2004,CHS,SC,ASO,ES,Towers with Radar,24,85,53,68,230,14,0,85,9,108,38,85,138,77,338,2,56,58,396
01/24/2004,CHS,SC,ASO,ES,Towers with Radar,18,83,44,56,201,0,0,35,19,54,18,83,79,75,255,10,78,88,343
01/25/2004,CHS,SC,ASO,ES,Towers with Radar,17,79,31,35,162,0,17,0,0,17,17,96,31,35,179,15,29,44,223
01/26/2004,CHS,SC,ASO,ES,Towers with Radar,13,64,27,35,139,3,29,0,0,32,16,93,27,35,171,6,48,54,225
01/27/2004,CHS,SC,ASO,ES,Towers with Radar,14,68,22,40,144,9,30,0,3,42,23,98,22,43,186,0,34,34,220
01/28/2004,CHS,SC,ASO,ES,Towers with Radar,24,109,56,54,243,0,0,41,0,41,24,109,97,54,284,28,102,130,414
01/29/2004,CHS,SC,ASO,ES,Towers with Radar,22,115,58,72,267,0,0,56,0,56,22,115,114,72,323,22,86,108,431
01/30/2004,CHS,SC,ASO,ES,Towers with Radar,24,94,53,67,238,4,0,56,22,82,28,94,109,89,320,22,50,72,392
01/31/2004,CHS,SC,ASO,ES,Towers with Radar,18,89,48,57,212,0,0,62,0,62,18,89,110,57,274,38,56,94,368
02/01/2004,CHS,SC,ASO,ES,Towers with Radar,16,83,45,38,182,0,5,29,0,34,16,88,74,38,216,6,2,8,224
02/02/2004,CHS,SC,ASO,ES,Towers with Radar,22,94,45,52,213,2,19,0,5,26,24,113,45,57,239,14,52,66,305
02/03/2004,CHS,SC,ASO,ES,Towers with Radar,22,92,51,45,210,1,17,9,0,27,23,109,60,45,237,23,18,41,278
02/04/2004,CHS,SC,ASO,ES,Towers with Radar,26,109,64,56,255,0,0,34,0,34,26,109,98,56,289,10,92,102,391
02/05/2004,CHS,SC,ASO,ES,Towers with Radar,23,94,62,56,235,0,0,39,0,39,23,94,101,56,274,2,8,10,284
02/06/2004,CHS,SC,ASO,ES,Towers with Radar,22,93,52,52,219,1,11,14,2,28,23,104,66,54,247,2,34,36,283
02/07/2004,CHS,SC,ASO,ES,Towers with Radar,19,85,46,48,198,0,13,18,9,40,19,98,64,57,238,32,52,84,322
02/08/2004,CHS,SC,ASO,ES,Towers with Radar,21,88,50,42,201,0,0,46,0,46,21,88,96,42,247,35,24,59,306
02/09/2004,CHS,SC,ASO,ES,Towers with Radar,20,112,65,64,261,0,0,13,0,13,20,112,78,64,274,6,90,96,370
02/10/2004,CHS,SC,ASO,ES,Towers with Radar,22,103,57,58,240,0,6,22,2,30,22,109,79,60,270,14,96,110,380
02/11/2004,CHS,SC,ASO,ES,Towers with Radar,22,114,71,59,266,0,0,26,0,26,22,114,97,59,292,8,70,78,370
02/12/2004,CHS,SC,ASO,ES,Towers with Radar,22,97,53,45,217,0,15,19,0,34,22,112,72,45,251,0,6,6,257
02/13/2004,CHS,SC,ASO,ES,Towers with Radar,27,111,87,88,313,0,0,42,13,55,27,111,129,101,368,36,100,136,504
02/14/2004,CHS,SC,ASO,ES,Towers with Radar,19,84,50,29,182,0,0,25,0,25,19,84,75,29,207,20,37,57,264
02/15/2004,CHS,SC,ASO,ES,Towers with Radar,20,84,46,25,175,6,21,4,0,31,26,105,50,25,206,4,12,16,222
02/16/2004,CHS,SC,ASO,ES,Towers with Radar,25,99,59,35,218,1,0,34,0,35,26,99,93,35,253,8,34,42,295
02/17/2004,CHS,SC,ASO,ES,Towers with Radar,20,92,43,46,201,9,16,0,0,25,29,108,43,46,226,0,72,72,298
02/18/2004,CHS,SC,ASO,ES,Towers with Radar,24,107,57,40,228,4,5,42,0,51,28,112,99,40,279,4,46,50,329
02/19/2004,CHS,SC,ASO,ES,Towers with Radar,26,102,61,63,252,1,0,45,3,49,27,102,106,66,301,22,36,58,359
02/20/2004,CHS,SC,ASO,ES,Towers with Radar,29,85,70,72,256,19,0,26,3,48,48,85,96,75,304,16,24,40,344
02/21/2004,CHS,SC,ASO,ES,Towers with Radar,17,75,40,41,173,3,5,16,2,26,20,80,56,43,199,14,28,42,241
02/22/2004,CHS,SC,ASO,ES,Towers with Radar,20,99,56,26,201,0,0,46,0,46,20,99,102,26,247,8,58,66,313
02/23/2004,CHS,SC,ASO,ES,Towers with Radar,22,97,57,36,212,0,0,42,0,42,22,97,99,36,254,22,52,74,328
02/24/2004,CHS,SC,ASO,ES,Towers with Radar,20,91,50,48,209,6,17,10,0,33,26,108,60,48,242,12,116,128,370
02/25/2004,CHS,SC,ASO,ES,Towers with Radar,20,91,44,39,194,4,13,0,0,17,24,104,44,39,211,0,86,86,297
02/26/2004,CHS,SC,ASO,ES,Towers with Radar,16,77,40,42,175,0,31,0,7,38,16,108,40,49,213,0,56,56,269
02/27/2004,CHS,SC,ASO,ES,Towers with Radar,22,98,53,47,220,1,19,5,0,25,23,117,58,47,245,4,50,54,299
02/28/2004,CHS,SC,ASO,ES,Towers with Radar,17,93,58,55,223,0,0,22,0,22,17,93,80,55,245,26,58,84,329
02/29/2004,CHS,SC,ASO,ES,Towers with Radar,18,97,60,47,222,0,0,32,0,32,18,97,92,47,254,18,16,34,288
03/01/2004,CHS,SC,ASO,ES,Towers with Radar,0,82,49,40,171,0,24,35,0,59,0,106,84,40,230,28,8,36,266
03/02/2004,CHS,SC,ASO,ES,Towers with Radar,19,91,54,30,194,5,25,27,0,57,24,116,81,30,251,14,12,26,277
03/03/2004,CHS,SC,ASO,ES,Towers with Radar,20,96,58,40,214,3,12,35,0,50,23,108,93,40,264,14,8,22,286
03/04/2004,CHS,SC,ASO,ES,Towers with Radar,22,103,62,37,224,1,4,50,0,55,23,107,112,37,279,10,22,32,311
03/05/2004,CHS,SC,ASO,ES,Towers with Radar,26,111,77,76,290,0,0,34,22,56,26,111,111,98,346,4,8,12,358
03/06/2004,CHS,SC,ASO,ES,Towers with Radar,17,90,54,53,214,0,3,16,12,31,17,93,70,65,245,18,36,54,299
03/07/2004,CHS,SC,ASO,ES,Towers with Radar,22,97,61,52,232,1,0,35,0,36,23,97,96,52,268,12,14,26,294
03/08/2004,CHS,SC,ASO,ES,Towers with Radar,19,92,55,48,214,5,10,27,0,42,24,102,82,48,256,0,76,76,332
03/09/2004,CHS,SC,ASO,ES,Towers with Radar,22,102,61,60,245,3,11,25,0,39,25,113,86,60,284,18,102,120,404
03/10/2004,CHS,SC,ASO,ES,Towers with Radar,23,111,66,59,259,3,3,26,0,32,26,114,92,59,291,18,112,130,421
03/11/2004,CHS,SC,ASO,ES,Towers with Radar,26,115,74,73,288,0,0,48,9,57,26,115,122,82,345,20,34,54,399
03/12/2004,CHS,SC,ASO,ES,Towers with Radar,23,113,74,73,283,0,0,20,10,30,23,113,94,83,313,0,88,88,401
03/13/2004,CHS,SC,ASO,ES,Towers with Radar,19,92,55,44,210,0,0,63,0,63,19,92,118,44,273,44,50,94,367
03/14/2004,CHS,SC,ASO,ES,Towers with Radar,18,102,61,30,211,0,2,40,0,42,18,104,101,30,253,56,14,70,323
03/15/2004,CHS,SC,ASO,ES,Towers with Radar,21,100,59,43,223,3,10,25,0,38,24,110,84,43,261,10,52,62,323
03/16/2004,CHS,SC,ASO,ES,Towers with Radar,18,89,52,46,205,6,13,19,0,38,24,102,71,46,243,20,46,66,309
03/17/2004,CHS,SC,ASO,ES,Towers with Radar,23,113,68,50,254,3,0,23,0,26,26,113,91,50,280,20,60,80,360
03/18/2004,CHS,SC,ASO,ES,Towers with Radar,21,114,71,59,265,0,0,52,0,52,21,114,123,59,317,34,50,84,401
03/19/2004,CHS,SC,ASO,ES,Towers with Radar,27,106,77,76,286,2,0,24,19,45,29,106,101,95,331,14,74,88,419
03/20/2004,CHS,SC,ASO,ES,Towers with Radar,18,98,68,67,251,0,0,8,14,22,18,98,76,81,273,6,26,32,305
03/21/2004,CHS,SC,ASO,ES,Towers with Radar,16,105,69,51,241,0,0,23,0,23,16,105,92,51,264,4,32,36,300
03/22/2004,CHS,SC,ASO,ES,Towers with Radar,21,103,60,48,232,3,0,24,0,27,24,103,84,48,259,2,48,50,309
03/23/2004,CHS,SC,ASO,ES,Towers with Radar,23,100,65,49,237,4,0,28,0,32,27,100,93,49,269,14,78,92,361
03/24/2004,CHS,SC,ASO,ES,Towers with Radar,21,106,61,55,243,3,2,32,0,37,24,108,93,55,280,2,28,30,310
03/25/2004,CHS,SC,ASO,ES,Towers with Radar,22,108,63,46,239,2,2,35,0,39,24,110,98,46,278,22,32,54,332
03/26/2004,CHS,SC,ASO,ES,Towers with Radar,25,124,72,71,292,1,2,28,8,39,26,126,100,79,331,10,42,52,383
03/27/2004,CHS,SC,ASO,ES,Towers with Radar,18,89,51,51,209,0,10,24,9,43,18,99,75,60,252,6,72,78,330
03/28/2004,CHS,SC,ASO,ES,Towers with Radar,16,107,73,41,237,0,0,30,0,30,16,107,103,41,267,24,16,40,307
03/29/2004,CHS,SC,ASO,ES,Towers with Radar,21,106,61,61,249,5,12,38,10,65,26,118,99,71,314,20,108,128,442
03/30/2004,CHS,SC,ASO,ES,Towers with Radar,22,108,64,42,236,2,15,24,0,41,24,123,88,42,277,16,10,26,303
03/31/2004,CHS,SC,ASO,ES,Towers with Radar,13,66,41,39,159,0,0,25,31,56,13,66,66,70,215,0,66,66,281
04/01/2004,CHS,SC,ASO,ES,Towers with Radar,26,113,72,61,272,3,0,60,18,81,29,113,132,79,353,18,66,84,437
04/02/2004,CHS,SC,ASO,ES,Towers with Radar,26,128,81,68,303,0,0,56,8,64,26,128,137,76,367,2,70,72,439
04/03/2004,CHS,SC,ASO,ES,Towers with Radar,19,100,63,47,229,0,4,15,0,19,19,104,78,47,248,10,84,94,342
04/04/2004,CHS,SC,ASO,ES,Towers with Radar,17,106,69,36,228,0,0,44,0,44,17,106,113,36,272,12,28,40,312
04/05/2004,CHS,SC,ASO,ES,Towers with Radar,21,97,62,50,230,0,7,27,6,40,21,104,89,56,270,20,128,148,418
04/06/2004,CHS,SC,ASO,ES,Towers with Radar,22,96,61,50,229,3,16,33,16,68,25,112,94,66,297,16,74,90,387
04/07/2004,CHS,SC,ASO,ES,Towers with Radar,25,104,72,55,256,0,0,26,0,26,25,104,98,55,282,14,38,52,334
04/08/2004,CHS,SC,ASO,ES,Towers with Radar,25,108,77,63,273,0,0,18,18,36,25,108,95,81,309,18,112,130,439
04/09/2004,CHS,SC,ASO,ES,Towers with Radar,30,117,84,51,282,1,0,52,0,53,31,117,136,51,335,6,67,73,408
04/10/2004,CHS,SC,ASO,ES,Towers with Radar,20,98,62,28,208,0,0,30,0,30,20,98,92,28,238,19,18,37,275
04/11/2004,CHS,SC,ASO,ES,Towers with Radar,16,102,65,27,210,0,7,1,0,8,16,109,66,27,218,0,0,0,218
04/12/2004,CHS,SC,ASO,ES,Towers with Radar,21,113,72,50,256,0,4,15,0,19,21,117,87,50,275,6,48,54,329
04/13/2004,CHS,SC,ASO,ES,Towers with Radar,21,91,58,34,204,4,20,15,0,39,25,111,73,34,243,4,78,82,325
04/14/2004,CHS,SC,ASO,ES,Towers with Radar,24,114,78,44,260,0,0,19,0,19,24,114,97,44,279,6,64,70,349
04/15/2004,CHS,SC,ASO,ES,Towers with Radar,26,106,90,31,253,0,0,61,0,61,26,106,151,31,314,2,38,40,354
04/16/2004,CHS,SC,ASO,ES,Towers with Radar,27,114,76,58,275,0,0,58,0,58,27,114,134,58,333,4,54,58,391
04/17/2004,CHS,SC,ASO,ES,Towers with Radar,20,81,63,32,196,0,0,53,0,53,20,81,116,32,249,8,50,58,307
04/18/2004,CHS,SC,ASO,ES,Towers with Radar,24,117,88,39,268,0,0,26,0,26,24,117,114,39,294,2,12,14,308
04/19/2004,CHS,SC,ASO,ES,Towers with Radar,21,97,60,47,225,3,2,43,0,48,24,99,103,47,273,14,8,22,295
04/20/2004,CHS,SC,ASO,ES,Towers with Radar,25,116,72,61,274,1,7,44,19,71,26,123,116,80,345,2,102,104,449
04/21/2004,CHS,SC,ASO,ES,Towers with Radar,24,111,69,57,261,5,9,41,17,72,29,120,110,74,333,8,44,52,385
04/22/2004,CHS,SC,ASO,ES,Towers with Radar,26,119,74,62,281,0,3,35,5,43,26,122,109,67,324,8,38,46,370
04/23/2004,CHS,SC,ASO,ES,Towers with Radar,25,113,70,59,267,4,7,57,2,70,29,120,127,61,337,14,34,48,385
04/24/2004,CHS,SC,ASO,ES,Towers with Radar,21,95,59,48,223,10,3,27,15,55,31,98,86,63,278,10,30,40,318
04/25/2004,CHS,SC,ASO,ES,Towers with Radar,21,114,72,43,250,0,0,17,0,17,21,114,89,43,267,4,44,48,315
04/26/2004,CHS,SC,ASO,ES,Towers with Radar,19,89,55,40,203,7,23,10,0,40,26,112,65,40,243,0,26,26,269
04/27/2004,CHS,SC,ASO,ES,Towers with Radar,23,106,66,33,228,4,13,43,0,60,27,119,109,33,288,30,72,102,390
04/28/2004,CHS,SC,ASO,ES,Towers with Radar,24,111,69,57,261,8,6,39,3,56,32,117,108,60,317,12,50,62,379
04/29/2004,CHS,SC,ASO,ES,Towers with Radar,24,112,69,58,263,0,4,57,13,74,24,116,126,71,337,20,80,100,437
04/30/2004,CHS,SC,ASO,ES,Towers with Radar,26,121,75,63,285,7,10,18,9,44,33,131,93,72,329,4,62,66,395
05/01/2004,CHS,SC,ASO,ES,Towers with Radar,0,72,40,34,146,0,32,7,3,42,0,104,47,37,188,4,0,4,192
05/02/2004,CHS,SC,ASO,ES,Towers with Radar,22,103,56,38,219,0,16,1,0,17,22,119,57,38,236,0,70,70,306
05/03/2004,CHS,SC,ASO,ES,Towers with Radar,24,100,55,43,222,1,9,0,0,10,25,109,55,43,232,8,26,34,266
05/04/2004,CHS,SC,ASO,ES,Towers with Radar,26,106,58,46,236,0,14,41,0,55,26,120,99,46,291,14,18,32,323
05/05/2004,CHS,SC,ASO,ES,Towers with Radar,27,111,61,47,246,2,8,64,0,74,29,119,125,47,320,10,36,46,366
05/06/2004,CHS,SC,ASO,ES,Towers with Radar,25,121,72,62,280,0,0,84,0,84,25,121,156,62,364,52,126,178,542
05/07/2004,CHS,SC,ASO,ES,Towers with Radar,30,119,73,64,286,0,0,38,17,55,30,119,111,81,341,20,78,98,439
05/08/2004,CHS,SC,ASO,ES,Towers with Radar,24,96,53,46,219,1,19,40,6,66,25,115,93,52,285,2,28,30,315
05/09/2004,CHS,SC,ASO,ES,Towers with Radar,21,104,68,40,233,0,0,35,0,35,21,104,103,40,268,22,42,64,332
05/10/2004,CHS,SC,ASO,ES,Towers with Radar,26,107,59,50,242,1,8,26,0,35,27,115,85,50,277,4,80,84,361
05/11/2004,CHS,SC,ASO,ES,Towers with Radar,30,122,67,59,278,1,0,20,23,44,31,122,87,82,322,22,94,116,438
05/12/2004,CHS,SC,ASO,ES,Towers with Radar,30,124,74,65,293,0,0,22,29,51,30,124,96,94,344,6,74,80,424
05/13/2004,CHS,SC,ASO,ES,Towers with Radar,34,135,76,60,305,2,0,31,0,33,36,135,107,60,338,12,86,98,436
05/14/2004,CHS,SC,ASO,ES,Towers with Radar,31,117,68,52,268,5,0,41,0,46,36,117,109,52,314,8,54,62,376
05/15/2004,CHS,SC,ASO,ES,Towers with Radar,25,104,57,46,232,5,2,35,0,42,30,106,92,46,274,6,46,52,326
05/16/2004,CHS,SC,ASO,ES,Towers with Radar,30,108,68,60,266,5,0,26,0,31,35,108,94,60,297,32,42,74,371
05/17/2004,CHS,SC,ASO,ES,Towers with Radar,25,108,58,48,239,3,5,45,0,53,28,113,103,48,292,14,74,88,380
05/18/2004,CHS,SC,ASO,ES,Towers with Radar,26,112,60,51,249,2,1,33,0,36,28,113,93,51,285,6,50,56,341
05/19/2004,CHS,SC,ASO,ES,Towers with Radar,27,115,62,56,260,0,3,37,14,54,27,118,99,70,314,6,80,86,400
05/20/2004,CHS,SC,ASO,ES,Towers with Radar,27,123,65,59,274,0,12,50,27,89,27,135,115,86,363,10,100,110,473
05/21/2004,CHS,SC,ASO,ES,Towers with Radar,27,103,62,49,241,2,0,19,0,21,29,103,81,49,262,16,114,130,392
05/22/2004,CHS,SC,ASO,ES,Towers with Radar,17,58,34,18,127,0,0,0,0,0,17,58,34,18,127,2,0,2,129
05/23/2004,CHS,SC,ASO,ES,Towers with Radar,23,107,61,38,229,0,0,25,0,25,23,107,86,38,254,0,34,34,288
05/24/2004,CHS,SC,ASO,ES,Towers with Radar,28,109,63,57,257,0,0,48,0,48,28,109,111,57,305,10,90,100,405
05/25/2004,CHS,SC,ASO,ES,Towers with Radar,26,112,60,55,253,10,8,44,0,62,36,120,104,55,315,22,66,88,403
05/26/2004,CHS,SC,ASO,ES,Towers with Radar,24,105,56,51,236,3,8,56,3,70,27,113,112,54,306,0,48,48,354
05/27/2004,CHS,SC,ASO,ES,Towers with Radar,34,145,85,58,322,0,0,54,0,54,34,145,139,58,376,0,46,46,422
05/28/2004,CHS,SC,ASO,ES,Towers with Radar,27,129,73,41,270,0,0,41,0,41,27,129,114,41,311,20,50,70,381
05/29/2004,CHS,SC,ASO,ES,Towers with Radar,21,92,49,25,187,6,7,47,0,60,27,99,96,25,247,10,6,16,263
05/30/2004,CHS,SC,ASO,ES,Towers with Radar,18,79,42,24,163,10,5,24,0,39,28,84,66,24,202,16,36,52,254
05/31/2004,CHS,SC,ASO,ES,Towers with Radar,23,101,55,24,203,2,20,4,0,26,25,121,59,24,229,2,6,8,237
06/01/2004,CHS,SC,ASO,ES,Towers with Radar,29,116,60,56,261,0,0,45,0,45,29,116,105,56,306,4,32,36,342
06/02/2004,CHS,SC,ASO,ES,Towers with Radar,29,111,56,47,243,3,7,25,0,35,32,118,81,47,278,10,116,126,404
06/03/2004,CHS,SC,ASO,ES,Towers with Radar,29,111,56,51,247,4,5,22,0,31,33,116,78,51,278,4,52,56,334
06/04/2004,CHS,SC,ASO,ES,Towers with Radar,27,107,53,60,247,0,15,16,8,39,27,122,69,68,286,8,63,71,357
06/05/2004,CHS,SC,ASO,ES,Towers with Radar,26,100,50,52,228,6,1,20,0,27,32,101,70,52,255,8,26,34,289
06/06/2004,CHS,SC,ASO,ES,Towers with Radar,27,96,52,47,222,0,0,28,0,28,27,96,80,47,250,20,50,70,320
06/07/2004,CHS,SC,ASO,ES,Towers with Radar,22,86,43,48,199,6,17,33,5,61,28,103,76,53,260,18,68,86,346
06/08/2004,CHS,SC,ASO,ES,Towers with Radar,29,114,56,57,256,4,12,0,0,16,33,126,56,57,272,8,70,78,350
06/09/2004,CHS,SC,ASO,ES,Towers with Radar,31,121,60,68,280,1,11,13,6,31,32,132,73,74,311,10,65,75,386
06/10/2004,CHS,SC,ASO,ES,Towers with Radar,29,112,56,63,260,2,10,37,6,55,31,122,93,69,315,20,58,78,393
06/11/2004,CHS,SC,ASO,ES,Towers with Radar,29,117,59,48,253,0,14,11,0,25,29,131,70,48,278,24,56,80,358
06/12/2004,CHS,SC,ASO,ES,Towers with Radar,26,111,55,62,254,0,1,8,2,11,26,112,63,64,265,2,62,64,329
06/13/2004,CHS,SC,ASO,ES,Towers with Radar,20,98,60,33,211,0,0,15,0,15,20,98,75,33,226,14,18,32,258
06/14/2004,CHS,SC,ASO,ES,Towers with Radar,24,116,59,44,243,0,0,9,0,9,24,116,68,44,252,2,80,82,334
06/15/2004,CHS,SC,ASO,ES,Towers with Radar,31,102,60,69,262,6,0,24,7,37,37,102,84,76,299,2,42,44,343
06/16/2004,CHS,SC,ASO,ES,Towers with Radar,31,115,64,56,266,0,0,26,0,26,31,115,90,56,292,4,102,106,398
06/17/2004,CHS,SC,ASO,ES,Towers with Radar,27,120,62,71,280,0,0,39,11,50,27,120,101,82,330,34,82,116,446
06/18/2004,CHS,SC,ASO,ES,Towers with Radar,30,119,59,68,276,0,0,27,24,51,30,119,86,92,327,12,130,142,469
06/19/2004,CHS,SC,ASO,ES,Towers with Radar,27,111,54,62,254,2,0,35,11,48,29,111,89,73,302,28,42,70,372
06/20/2004,CHS,SC,ASO,ES,Towers with Radar,26,105,51,28,210,0,10,7,0,17,26,115,58,28,227,12,44,56,283
06/21/2004,CHS,SC,ASO,ES,Towers with Radar,28,115,56,54,253,2,7,14,0,23,30,122,70,54,276,1,108,109,385
06/22/2004,CHS,SC,ASO,ES,Towers with Radar,27,119,58,51,255,0,4,22,0,26,27,123,80,51,281,4,68,72,353
06/23/2004,CHS,SC,ASO,ES,Towers with Radar,29,112,60,55,256,0,0,42,0,42,29,112,102,55,298,6,62,68,366
06/24/2004,CHS,SC,ASO,ES,Towers with Radar,32,122,63,72,289,3,0,49,13,65,35,122,112,85,354,14,78,92,446
06/25/2004,CHS,SC,ASO,ES,Towers with Radar,31,118,62,69,280,1,0,21,0,22,32,118,83,69,302,10,68,78,380
06/26/2004,CHS,SC,ASO,ES,Towers with Radar,26,106,53,32,217,1,1,16,0,18,27,107,69,32,235,28,86,114,349
06/27/2004,CHS,SC,ASO,ES,Towers with Radar,24,106,54,35,219,0,0,33,0,33,24,106,87,35,252,22,38,60,312
06/28/2004,CHS,SC,ASO,ES,Towers with Radar,27,109,50,35,221,0,7,0,0,7,27,116,50,35,228,18,60,78,306
06/29/2004,CHS,SC,ASO,ES,Towers with Radar,28,116,60,67,271,0,0,23,0,23,28,116,83,67,294,2,88,90,384
06/30/2004,CHS,SC,ASO,ES,Towers with Radar,26,111,56,49,242,0,0,19,0,19,26,111,75,49,261,0,86,86,347
07/01/2004,CHS,SC,ASO,ES,Towers with Radar,27,107,52,43,229,9,2,45,20,76,36,109,97,63,305,10,156,166,471
07/02/2004,CHS,SC,ASO,ES,Towers with Radar,34,123,70,50,277,0,0,21,0,21,34,123,91,50,298,15,16,31,329
07/03/2004,CHS,SC,ASO,ES,Towers with Radar,23,91,45,9,168,2,8,21,0,31,25,99,66,9,199,10,0,10,209
07/04/2004,CHS,SC,ASO,ES,Towers with Radar,16,64,32,4,116,9,24,0,0,33,25,88,32,4,149,10,0,10,159
07/05/2004,CHS,SC,ASO,ES,Towers with Radar,25,101,56,9,191,0,0,14,0,14,25,101,70,9,205,8,0,8,213
07/06/2004,CHS,SC,ASO,ES,Towers with Radar,27,112,59,46,244,0,0,9,0,9,27,112,68,46,253,6,120,126,379
07/07/2004,CHS,SC,ASO,ES,Towers with Radar,27,115,60,50,252,0,0,50,6,56,27,115,110,56,308,22,94,116,424
07/08/2004,CHS,SC,ASO,ES,Towers with Radar,29,117,57,40,243,1,11,25,0,37,30,128,82,40,280,4,36,40,320
07/09/2004,CHS,SC,ASO,ES,Towers with Radar,31,119,61,50,261,2,0,30,3,35,33,119,91,53,296,4,82,86,382
07/10/2004,CHS,SC,ASO,ES,Towers with Radar,28,105,55,38,226,0,0,12,0,12,28,105,67,38,238,6,46,52,290
07/11/2004,CHS,SC,ASO,ES,Towers with Radar,27,96,54,38,215,0,0,9,0,9,27,96,63,38,224,0,50,50,274
07/12/2004,CHS,SC,ASO,ES,Towers with Radar,25,100,49,40,214,6,4,34,0,44,31,104,83,40,258,14,34,48,306
07/13/2004,CHS,SC,ASO,ES,Towers with Radar,30,120,62,51,263,0,0,24,5,29,30,120,86,56,292,4,48,52,344
07/14/2004,CHS,SC,ASO,ES,Towers with Radar,27,108,53,45,233,4,1,48,0,53,31,109,101,45,286,12,30,42,328
07/15/2004,CHS,SC,ASO,ES,Towers with Radar,30,122,60,30,242,3,14,23,0,40,33,136,83,30,282,0,48,48,330
07/16/2004,CHS,SC,ASO,ES,Towers with Radar,27,107,57,40,231,0,0,51,0,51,27,107,108,40,282,22,44,66,348
07/17/2004,CHS,SC,ASO,ES,Towers with Radar,25,105,49,40,219,2,14,10,0,26,27,119,59,40,245,0,22,22,267
07/18/2004,CHS,SC,ASO,ES,Towers with Radar,23,97,43,24,187,3,11,0,0,14,26,108,43,24,201,0,0,0,201
07/19/2004,CHS,SC,ASO,ES,Towers with Radar,26,126,60,47,259,0,2,23,0,25,26,128,83,47,284,16,110,126,410
07/20/2004,CHS,SC,ASO,ES,Towers with Radar,27,119,57,49,252,0,0,45,17,62,27,119,102,66,314,6,40,46,360
07/21/2004,CHS,SC,ASO,ES,Towers with Radar,32,131,63,53,279,4,11,61,4,80,36,142,124,57,359,24,62,86,445
07/22/2004,CHS,SC,ASO,ES,Towers with Radar,26,119,57,48,250,0,8,42,3,53,26,127,99,51,303,4,78,82,385
07/23/2004,CHS,SC,ASO,ES,Towers with Radar,29,126,67,43,265,0,0,41,0,41,29,126,108,43,306,22,36,58,364
07/24/2004,CHS,SC,ASO,ES,Towers with Radar,25,123,59,37,244,0,19,21,0,40,25,142,80,37,284,31,18,49,333
07/25/2004,CHS,SC,ASO,ES,Towers with Radar,23,125,52,38,238,0,1,0,0,1,23,126,52,38,239,0,30,30,269
07/26/2004,CHS,SC,ASO,ES,Towers with Radar,28,124,59,51,262,0,9,13,8,30,28,133,72,59,292,28,98,126,418
07/27/2004,CHS,SC,ASO,ES,Towers with Radar,27,109,52,40,228,3,15,5,0,23,30,124,57,40,251,16,86,102,353
07/28/2004,CHS,SC,ASO,ES,Towers with Radar,27,111,53,45,236,1,25,16,7,49,28,136,69,52,285,10,146,156,441
07/29/2004,CHS,SC,ASO,ES,Towers with Radar,28,126,60,44,258,0,1,24,0,25,28,127,84,44,283,4,74,78,361
07/30/2004,CHS,SC,ASO,ES,Towers with Radar,29,132,62,36,259,0,6,0,0,6,29,138,62,36,265,22,48,70,335
07/31/2004,CHS,SC,ASO,ES,Towers with Radar,29,120,57,48,254,1,3,7,9,20,30,123,64,57,274,18,28,46,320
08/01/2004,CHS,SC,ASO,ES,Towers with Radar,22,98,40,39,199,0,12,11,13,36,22,110,51,52,235,12,76,88,323
08/02/2004,CHS,SC,ASO,ES,Towers with Radar,25,108,29,29,191,0,28,0,0,28,25,136,29,29,219,0,27,27,246
08/03/2004,CHS,SC,ASO,ES,Towers with Radar,30,125,51,47,253,3,6,1,0,10,33,131,52,47,263,0,70,70,333
08/04/2004,CHS,SC,ASO,ES,Towers with Radar,28,112,56,52,248,0,0,43,11,54,28,112,99,63,302,26,88,114,416
08/05/2004,CHS,SC,ASO,ES,Towers with Radar,27,141,58,55,281,0,1,1,26,28,27,142,59,81,309,12,96,108,417
08/06/2004,CHS,SC,ASO,ES,Towers with Radar,30,133,68,64,295,0,0,44,28,72,30,133,112,92,367,6,90,96,463
08/07/2004,CHS,SC,ASO,ES,Towers with Radar,25,108,45,42,220,1,8,6,14,29,26,116,51,56,249,14,70,84,333
08/08/2004,CHS,SC,ASO,ES,Towers with Radar,26,109,45,32,212,0,6,36,0,42,26,115,81,32,254,8,8,16,270
08/09/2004,CHS,SC,ASO,ES,Towers with Radar,28,126,52,49,255,2,0,23,3,28,30,126,75,52,283,18,60,78,361
08/10/2004,CHS,SC,ASO,ES,Towers with Radar,29,124,54,50,257,0,0,10,3,13,29,124,64,53,270,0,60,60,330
08/11/2004,CHS,SC,ASO,ES,Towers with Radar,27,118,51,44,240,1,0,10,0,11,28,118,61,44,251,4,30,34,285
08/12/2004,CHS,SC,ASO,ES,Towers with Radar,26,116,49,37,228,4,0,3,0,7,30,116,52,37,235,6,48,54,289
08/13/2004,CHS,SC,ASO,ES,Towers with Radar,24,104,31,26,185,6,39,0,0,45,30,143,31,26,230,2,0,2,232
08/14/2004,CHS,SC,ASO,ES,Towers with Radar,8,43,18,11,80,0,14,0,0,14,8,57,18,11,94,0,4,4,98
08/15/2004,CHS,SC,ASO,ES,Towers with Radar,22,99,39,22,182,6,27,0,0,33,28,126,39,22,215,4,2,6,221
08/16/2004,CHS,SC,ASO,ES,Towers with Radar,27,129,53,32,241,0,0,10,0,10,27,129,63,32,251,4,35,39,290
08/17/2004,CHS,SC,ASO,ES,Towers with Radar,24,110,46,34,214,7,15,22,0,44,31,125,68,34,258,4,0,4,262
08/18/2004,CHS,SC,ASO,ES,Towers with Radar,25,110,45,37,217,4,16,35,0,55,29,126,80,37,272,4,34,38,310
08/19/2004,CHS,SC,ASO,ES,Towers with Radar,27,120,48,35,230,2,10,61,0,73,29,130,109,35,303,16,40,56,359
08/20/2004,CHS,SC,ASO,ES,Towers with Radar,31,128,67,65,291,0,0,44,1,45,31,128,111,66,336,24,58,82,418
08/21/2004,CHS,SC,ASO,ES,Towers with Radar,26,109,48,47,230,9,0,12,8,29,35,109,60,55,259,28,102,130,389
08/22/2004,CHS,SC,ASO,ES,Towers with Radar,24,128,53,32,237,0,0,18,0,18,24,128,71,32,255,10,26,36,291
08/23/2004,CHS,SC,ASO,ES,Towers with Radar,27,117,46,46,236,0,4,0,7,11,27,121,46,53,247,12,76,88,335
08/24/2004,CHS,SC,ASO,ES,Towers with Radar,27,126,57,33,243,0,0,25,0,25,27,126,82,33,268,22,54,76,344
08/25/2004,CHS,SC,ASO,ES,Towers with Radar,28,123,60,54,265,0,0,40,0,40,28,123,100,54,305,6,54,60,365
08/26/2004,CHS,SC,ASO,ES,Towers with Radar,29,132,60,47,268,0,0,28,0,28,29,132,88,47,296,20,36,56,352
08/27/2004,CHS,SC,ASO,ES,Towers with Radar,32,127,63,49,271,0,0,32,0,32,32,127,95,49,303,26,44,70,373
08/28/2004,CHS,SC,ASO,ES,Towers with Radar,22,102,41,24,189,6,18,8,0,32,28,120,49,24,221,8,0,8,229
08/29/2004,CHS,SC,ASO,ES,Towers with Radar,7,54,15,21,97,0,7,0,9,16,7,61,15,30,113,0,2,2,115
08/30/2004,CHS,SC,ASO,ES,Towers with Radar,29,118,51,47,245,6,0,25,0,31,35,118,76,47,276,0,72,72,348
08/31/2004,CHS,SC,ASO,ES,Towers with Radar,25,129,53,51,258,0,0,21,1,22,25,129,74,52,280,4,46,50,330
09/01/2004,CHS,SC,ASO,ES,Towers with Radar,36,122,54,46,258,3,0,27,6,36,39,122,81,52,294,10,52,62,356
09/02/2004,CHS,SC,ASO,ES,Towers with Radar,32,122,55,28,237,0,0,23,0,23,32,122,78,28,260,18,40,58,318
09/03/2004,CHS,SC,ASO,ES,Towers with Radar,29,125,56,41,251,0,0,44,0,44,29,125,100,41,295,10,30,40,335
09/04/2004,CHS,SC,ASO,ES,Towers with Radar,20,77,24,12,133,0,20,0,0,20,20,97,24,12,153,12,0,12,165
09/05/2004,CHS,SC,ASO,ES,Towers with Radar,21,111,36,19,187,0,0,0,0,0,21,111,36,19,187,12,40,52,239
09/06/2004,CHS,SC,ASO,ES,Towers with Radar,22,79,33,10,144,2,31,11,0,44,24,110,44,10,188,4,0,4,192
09/07/2004,CHS,SC,ASO,ES,Towers with Radar,26,93,38,29,186,1,29,2,0,32,27,122,40,29,218,0,30,30,248
09/08/2004,CHS,SC,ASO,ES,Towers with Radar,29,112,52,40,233,0,0,10,0,10,29,112,62,40,243,2,64,66,309
09/09/2004,CHS,SC,ASO,ES,Towers with Radar,30,125,56,33,244,0,0,31,0,31,30,125,87,33,275,8,78,86,361
09/10/2004,CHS,SC,ASO,ES,Towers with Radar,34,120,54,46,254,0,0,2,22,24,34,120,56,68,278,10,106,116,394
09/11/2004,CHS,SC,ASO,ES,Towers with Radar,30,106,41,31,208,5,0,0,0,5,35,106,41,31,213,6,56,62,275
09/12/2004,CHS,SC,ASO,ES,Towers with Radar,34,106,51,36,227,0,0,9,0,9,34,106,60,36,236,16,38,54,290
09/13/2004,CHS,SC,ASO,ES,Towers with Radar,27,99,40,32,198,3,17,25,0,45,30,116,65,32,243,4,26,30,273
09/14/2004,CHS,SC,ASO,ES,Towers with Radar,30,114,46,36,226,3,0,18,0,21,33,114,64,36,247,13,34,47,294
09/15/2004,CHS,SC,ASO,ES,Towers with Radar,27,117,49,44,237,0,0,5,1,6,27,117,54,45,243,2,86,88,331
09/16/2004,CHS,SC,ASO,ES,Towers with Radar,31,119,33,43,226,8,5,0,3,16,39,124,33,46,242,4,46,50,292
09/17/2004,CHS,SC,ASO,ES,Towers with Radar,24,91,33,33,181,9,24,0,1,34,33,115,33,34,215,2,24,26,241
09/18/2004,CHS,SC,ASO,ES,Towers with Radar,23,90,34,29,176,14,19,0,0,33,37,109,34,29,209,14,42,56,265
09/19/2004,CHS,SC,ASO,ES,Towers with Radar,29,110,44,28,211,0,0,36,0,36,29,110,80,28,247,14,16,30,277
09/20/2004,CHS,SC,ASO,ES,Towers with Radar,30,113,45,41,229,8,1,5,1,15,38,114,50,42,244,0,16,16,260
09/21/2004,CHS,SC,ASO,ES,Towers with Radar,30,119,49,28,226,0,0,22,0,22,30,119,71,28,248,0,40,40,288
09/22/2004,CHS,SC,ASO,ES,Towers with Radar,34,122,52,47,255,2,0,40,6,48,36,122,92,53,303,6,54,60,363
09/23/2004,CHS,SC,ASO,ES,Towers with Radar,38,125,60,40,263,0,0,45,0,45,38,125,105,40,308,6,90,96,404
09/24/2004,CHS,SC,ASO,ES,Towers with Radar,33,119,58,43,253,0,0,56,0,56,33,119,114,43,309,32,36,68,377
09/25/2004,CHS,SC,ASO,ES,Towers with Radar,27,103,41,26,197,2,8,17,0,27,29,111,58,26,224,10,12,22,246
09/26/2004,CHS,SC,ASO,ES,Towers with Radar,30,119,51,28,228,0,0,9,0,9,30,119,60,28,237,0,2,2,239
09/27/2004,CHS,SC,ASO,ES,Towers with Radar,18,69,6,22,115,9,45,0,0,54,27,114,6,22,169,0,26,26,195
09/28/2004,CHS,SC,ASO,ES,Towers with Radar,29,109,44,38,220,8,14,6,8,36,37,123,50,46,256,8,64,72,328
09/29/2004,CHS,SC,ASO,ES,Towers with Radar,33,131,62,42,268,0,0,9,0,9,33,131,71,42,277,8,42,50,327
09/30/2004,CHS,SC,ASO,ES,Towers with Radar,33,143,65,42,283,0,0,21,0,21,33,143,86,42,304,2,0,2,306
10/01/2004,CHS,SC,ASO,ES,Towers with Radar,36,128,61,53,278,0,0,23,0,23,36,128,84,53,301,22,24,46,347
10/02/2004,CHS,SC,ASO,ES,Towers with Radar,24,106,31,38,199,0,0,11,0,11,24,106,42,38,210,0,22,22,232
10/03/2004,CHS,SC,ASO,ES,Towers with Radar,30,119,63,42,254,0,0,4,0,4,30,119,67,42,258,4,40,44,302
10/04/2004,CHS,SC,ASO,ES,Towers with Radar,28,115,64,72,279,0,0,1,7,8,28,115,65,79,287,2,48,50,337
10/05/2004,CHS,SC,ASO,ES,Towers with Radar,42,126,47,86,301,0,0,22,0,22,42,126,69,86,323,2,26,28,351
10/06/2004,CHS,SC,ASO,ES,Towers with Radar,31,127,96,51,305,0,0,40,0,40,31,127,136,51,345,14,50,64,409
10/07/2004,CHS,SC,ASO,ES,Towers with Radar,36,133,101,58,328,0,0,36,0,36,36,133,137,58,364,14,68,82,446
10/08/2004,CHS,SC,ASO,ES,Towers with Radar,38,107,99,49,293,0,0,23,0,23,38,107,122,49,316,2,44,46,362
10/09/2004,CHS,SC,ASO,ES,Towers with Radar,21,134,37,37,229,0,0,8,0,8,21,134,45,37,237,4,34,38,275
10/10/2004,CHS,SC,ASO,ES,Towers with Radar,26,120,63,19,228,0,0,41,1,42,26,120,104,20,270,6,16,22,292
10/11/2004,CHS,SC,ASO,ES,Towers with Radar,31,132,73,25,261,0,0,33,0,33,31,132,106,25,294,2,16,18,312
10/12/2004,CHS,SC,ASO,ES,Towers with Radar,30,125,69,59,283,0,0,36,0,36,30,125,105,59,319,22,82,104,423
10/13/2004,CHS,SC,ASO,ES,Towers with Radar,33,135,56,28,252,0,0,23,1,24,33,135,79,29,276,6,8,14,290
10/14/2004,CHS,SC,ASO,ES,Towers with Radar,35,139,90,45,309,0,1,32,8,41,35,140,122,53,350,16,22,38,388
10/15/2004,CHS,SC,ASO,ES,Towers with Radar,33,132,88,40,293,0,0,17,0,17,33,132,105,40,310,8,50,58,368
10/16/2004,CHS,SC,ASO,ES,Towers with Radar,25,121,40,36,222,0,1,34,0,35,25,122,74,36,257,7,20,27,284
10/17/2004,CHS,SC,ASO,ES,Towers with Radar,23,123,61,34,241,0,0,41,1,42,23,123,102,35,283,4,10,14,297
10/18/2004,CHS,SC,ASO,ES,Towers with Radar,0,0,0,0,0,0,0,0,0,0,0,0,0,0,0,0,0,0,0
10/19/2004,CHS,SC,ASO,ES,Towers with Radar,31,130,78,57,296,0,1,15,0,16,31,131,93,57,312,4,110,114,426
10/20/2004,CHS,SC,ASO,ES,Towers with Radar,30,131,74,39,274,0,0,17,0,17,30,131,91,39,291,6,32,38,329
10/21/2004,CHS,SC,ASO,ES,Towers with Radar,31,151,84,42,308,0,0,1,0,1,31,151,85,42,309,14,16,30,339
10/22/2004,CHS,SC,ASO,ES,Towers with Radar,36,135,98,55,324,0,0,24,0,24,36,135,122,55,348,4,36,40,388
10/23/2004,CHS,SC,ASO,ES,Towers with Radar,30,119,33,37,219,0,0,39,0,39,30,119,72,37,258,10,64,74,332
10/24/2004,CHS,SC,ASO,ES,Towers with Radar,23,128,81,32,264,0,0,16,0,16,23,128,97,32,280,8,34,42,322
10/25/2004,CHS,SC,ASO,ES,Towers with Radar,30,133,58,47,268,0,0,10,0,10,30,133,68,47,278,8,18,26,304
10/26/2004,CHS,SC,ASO,ES,Towers with Radar,31,129,67,36,263,0,1,21,0,22,31,130,88,36,285,8,22,30,315
10/27/2004,CHS,SC,ASO,ES,Towers with Radar,30,138,66,49,283,0,1,21,0,22,30,139,87,49,305,12,42,54,359
10/28/2004,CHS,SC,ASO,ES,Towers with Radar,34,128,111,72,345,0,0,2,0,2,34,128,113,72,347,20,66,86,433
10/29/2004,CHS,SC,ASO,ES,Towers with Radar,36,123,106,69,334,0,0,14,0,14,36,123,120,69,348,16,64,80,428
10/30/2004,CHS,SC,ASO,ES,Towers with Radar,25,118,56,49,248,0,0,21,2,23,25,118,77,51,271,24,6,30,301
10/31/2004,CHS,SC,ASO,ES,Towers with Radar,30,115,55,42,242,0,0,42,0,42,30,115,97,42,284,36,26,62,346
11/01/2004,CHS,SC,ASO,ES,Combined TRACON& Tower with Radar,28,145,58,46,277,0,0,20,0,20,28,145,78,46,297,10,50,60,357
11/02/2004,CHS,SC,ASO,ES,Combined TRACON& Tower with Radar,35,130,55,36,256,0,0,18,0,18,35,130,73,36,274,18,88,106,380
11/03/2004,CHS,SC,ASO,ES,Combined TRACON& Tower with Radar,35,134,60,43,272,0,0,0,0,0,35,134,60,43,272,22,92,114,386
11/04/2004,CHS,SC,ASO,ES,Combined TRACON& Tower with Radar,35,146,85,82,348,0,0,6,0,6,35,146,91,82,354,10,94,104,458
11/05/2004,CHS,SC,ASO,ES,Combined TRACON& Tower with Radar,34,162,75,91,362,0,0,40,0,40,34,162,115,91,402,2,62,64,466
11/06/2004,CHS,SC,ASO,ES,Combined TRACON& Tower with Radar,24,140,30,48,242,0,0,42,0,42,24,140,72,48,284,12,83,95,379
11/07/2004,CHS,SC,ASO,ES,Combined TRACON& Tower with Radar,24,136,66,55,281,0,0,36,0,36,24,136,102,55,317,26,32,58,375
11/08/2004,CHS,SC,ASO,ES,Combined TRACON& Tower with Radar,26,142,55,47,270,0,0,31,0,31,26,142,86,47,301,4,36,40,341
11/09/2004,CHS,SC,ASO,ES,Combined TRACON& Tower with Radar,32,141,65,45,283,0,0,37,0,37,32,141,102,45,320,14,56,70,390
11/10/2004,CHS,SC,ASO,ES,Combined TRACON& Tower with Radar,32,145,80,55,312,0,0,39,0,39,32,145,119,55,351,58,72,130,481
11/11/2004,CHS,SC,ASO,ES,Combined TRACON& Tower with Radar,32,141,82,40,295,0,0,30,0,30,32,141,112,40,325,14,50,64,389
11/12/2004,CHS,SC,ASO,ES,Combined TRACON& Tower with Radar,39,144,60,27,270,0,0,0,0,0,39,144,60,27,270,8,8,16,286
11/13/2004,CHS,SC,ASO,ES,Combined TRACON& Tower with Radar,26,128,38,29,221,0,0,2,0,2,26,128,40,29,223,100,42,142,365
11/14/2004,CHS,SC,ASO,ES,Combined TRACON& Tower with Radar,34,139,63,38,274,0,0,27,0,27,34,139,90,38,301,2,38,40,341
11/15/2004,CHS,SC,ASO,ES,Combined TRACON& Tower with Radar,28,137,52,52,269,0,0,24,0,24,28,137,76,52,293,10,74,84,377
11/16/2004,CHS,SC,ASO,ES,Combined TRACON& Tower with Radar,29,135,54,66,284,0,1,53,0,54,29,136,107,66,338,20,90,110,448
11/17/2004,CHS,SC,ASO,ES,Combined TRACON& Tower with Radar,30,140,67,42,279,0,0,47,1,48,30,140,114,43,327,18,40,58,385
11/18/2004,CHS,SC,ASO,ES,Combined TRACON& Tower with Radar,37,151,52,24,264,0,0,0,0,0,37,151,52,24,264,0,56,56,320
11/19/2004,CHS,SC,ASO,ES,Combined TRACON& Tower with Radar,34,139,102,100,375,0,0,35,2,37,34,139,137,102,412,14,88,102,514
11/20/2004,CHS,SC,ASO,ES,Combined TRACON& Tower with Radar,29,131,41,46,247,0,1,23,0,24,29,132,64,46,271,4,36,40,311
11/21/2004,CHS,SC,ASO,ES,Combined TRACON& Tower with Radar,31,132,66,49,278,0,0,13,0,13,31,132,79,49,291,4,46,50,341
11/22/2004,CHS,SC,ASO,ES,Combined TRACON& Tower with Radar,50,114,75,72,311,0,0,6,0,6,50,114,81,72,317,6,66,72,389
11/23/2004,CHS,SC,ASO,ES,Combined TRACON& Tower with Radar,30,150,80,72,332,0,1,22,0,23,30,151,102,72,355,2,46,48,403
11/24/2004,CHS,SC,ASO,ES,Combined TRACON& Tower with Radar,26,140,72,29,267,0,0,11,0,11,26,140,83,29,278,6,0,6,284
11/25/2004,CHS,SC,ASO,ES,Combined TRACON& Tower with Radar,18,121,25,8,172,0,0,1,0,1,18,121,26,8,173,0,0,0,173
11/26/2004,CHS,SC,ASO,ES,Combined TRACON& Tower with Radar,59,90,34,17,200,0,0,28,0,28,59,90,62,17,228,14,2,16,244
11/27/2004,CHS,SC,ASO,ES,Combined TRACON& Tower with Radar,26,138,26,35,225,0,0,13,0,13,26,138,39,35,238,4,74,78,316
11/28/2004,CHS,SC,ASO,ES,Combined TRACON& Tower with Radar,25,143,101,38,307,0,0,14,0,14,25,143,115,38,321,4,24,28,349
11/29/2004,CHS,SC,ASO,ES,Combined TRACON& Tower with Radar,28,134,66,53,281,0,0,18,0,18,28,134,84,53,299,10,102,112,411
11/30/2004,CHS,SC,ASO,ES,Combined TRACON& Tower with Radar,32,144,55,64,295,0,0,20,0,20,32,144,75,64,315,4,76,80,395
12/01/2004,CHS,SC,ASO,ES,Combined TRACON& Tower with Radar,28,146,69,54,297,0,0,18,0,18,28,146,87,54,315,28,30,58,373
12/02/2004,CHS,SC,ASO,ES,Combined TRACON& Tower with Radar,31,144,53,72,300,0,0,34,0,34,31,144,87,72,334,19,58,77,411
12/03/2004,CHS,SC,ASO,ES,Combined TRACON& Tower with Radar,28,138,76,96,338,0,0,41,0,41,28,138,117,96,379,18,68,86,465
12/04/2004,CHS,SC,ASO,ES,Combined TRACON& Tower with Radar,26,125,32,46,229,0,0,32,0,32,26,125,64,46,261,4,76,80,341
12/05/2004,CHS,SC,ASO,ES,Combined TRACON& Tower with Radar,22,132,49,28,231,0,0,23,0,23,22,132,72,28,254,16,36,52,306
12/06/2004,CHS,SC,ASO,ES,Combined TRACON& Tower with Radar,27,129,42,45,243,0,0,24,0,24,27,129,66,45,267,22,78,100,367
12/07/2004,CHS,SC,ASO,ES,Combined TRACON& Tower with Radar,31,129,59,70,289,0,0,34,12,46,31,129,93,82,335,16,44,60,395
12/08/2004,CHS,SC,ASO,ES,Combined TRACON& Tower with Radar,30,136,65,40,271,0,0,0,0,0,30,136,65,40,271,24,198,222,493
12/09/2004,CHS,SC,ASO,ES,Combined TRACON& Tower with Radar,33,143,65,126,367,0,0,7,0,7,33,143,72,126,374,10,84,94,468
12/10/2004,CHS,SC,ASO,ES,Combined TRACON& Tower with Radar,33,127,58,118,336,0,0,7,4,11,33,127,65,122,347,0,88,88,435
12/11/2004,CHS,SC,ASO,ES,Combined TRACON& Tower with Radar,24,135,19,50,228,0,0,32,0,32,24,135,51,50,260,4,56,60,320
12/12/2004,CHS,SC,ASO,ES,Combined TRACON& Tower with Radar,26,116,43,53,238,0,0,46,0,46,26,116,89,53,284,26,118,144,428
12/13/2004,CHS,SC,ASO,ES,Combined TRACON& Tower with Radar,32,129,50,75,286,0,1,24,2,27,32,130,74,77,313,12,116,128,441
12/14/2004,CHS,SC,ASO,ES,Combined TRACON& Tower with Radar,36,129,73,63,301,0,1,26,0,27,36,130,99,63,328,0,66,66,394
12/15/2004,CHS,SC,ASO,ES,Combined TRACON& Tower with Radar,31,134,70,57,292,0,0,3,0,3,31,134,73,57,295,2,58,60,355
12/16/2004,CHS,SC,ASO,ES,Combined TRACON& Tower with Radar,34,140,58,70,302,0,0,64,0,64,34,140,122,70,366,11,74,85,451
12/17/2004,CHS,SC,ASO,ES,Combined TRACON& Tower with Radar,36,133,57,99,325,0,0,40,0,40,36,133,97,99,365,18,94,112,477
12/18/2004,CHS,SC,ASO,ES,Combined TRACON& Tower with Radar,28,129,50,57,264,0,0,41,8,49,28,129,91,65,313,20,42,62,375
12/19/2004,CHS,SC,ASO,ES,Combined TRACON& Tower with Radar,24,127,28,40,219,0,0,18,0,18,24,127,46,40,237,6,36,42,279
12/20/2004,CHS,SC,ASO,ES,Combined TRACON& Tower with Radar,26,135,28,59,248,0,0,21,0,21,26,135,49,59,269,0,74,74,343
12/21/2004,CHS,SC,ASO,ES,Combined TRACON& Tower with Radar,29,149,67,53,298,0,0,33,0,33,29,149,100,53,331,0,76,76,407
12/22/2004,CHS,SC,ASO,ES,Combined TRACON& Tower with Radar,28,129,45,56,258,0,0,23,0,23,28,129,68,56,281,6,99,105,386
12/23/2004,CHS,SC,ASO,ES,Combined TRACON& Tower with Radar,32,119,34,67,252,0,0,1,1,2,32,119,35,68,254,6,32,38,292
12/24/2004,CHS,SC,ASO,ES,Combined TRACON& Tower with Radar,19,17,27,4,67,0,100,0,2,102,19,117,27,6,169,0,0,0,169
12/25/2004,CHS,SC,ASO,ES,Combined TRACON& Tower with Radar,12,103,21,2,138,0,0,5,0,5,12,103,26,2,143,0,0,0,143
12/26/2004,CHS,SC,ASO,ES,Combined TRACON& Tower with Radar,21,91,36,3,151,0,0,0,0,0,21,91,36,3,151,2,0,2,153
12/27/2004,CHS,SC,ASO,ES,Combined TRACON& Tower with Radar,25,114,49,58,246,0,0,30,2,32,25,114,79,60,278,16,78,94,372
12/28/2004,CHS,SC,ASO,ES,Combined TRACON& Tower with Radar,56,116,47,55,274,0,0,41,4,45,56,116,88,59,319,22,42,64,383
12/29/2004,CHS,SC,ASO,ES,Combined TRACON& Tower with Radar,30,138,39,61,268,0,0,40,0,40,30,138,79,61,308,20,52,72,380
12/30/2004,CHS,SC,ASO,ES,Combined TRACON& Tower with Radar,71,82,46,66,265,0,0,43,0,43,71,82,89,66,308,4,82,86,394
12/31/2004,CHS,SC,ASO,ES,Combined TRACON& Tower with Radar,50,97,34,24,205,0,0,33,2,35,50,97,67,26,240,2,4,6,246
01/01/2005,CHS,SC,ASO,ES,Combined TRACON& Tower with Radar,15,108,34,10,167,0,0,24,0,24,15,108,58,10,191,14,0,14,205
01/02/2005,CHS,SC,ASO,ES,Combined TRACON& Tower with Radar,27,125,55,18,225,0,0,20,1,21,27,125,75,19,246,6,0,6,252
01/03/2005,CHS,SC,ASO,ES,Combined TRACON& Tower with Radar,28,138,38,53,257,0,0,29,0,29,28,138,67,53,286,22,168,190,476
01/04/2005,CHS,SC,ASO,ES,Combined TRACON& Tower with Radar,34,144,40,48,266,0,0,26,0,26,34,144,66,48,292,12,30,42,334
01/05/2005,CHS,SC,ASO,ES,Combined TRACON& Tower with Radar,28,141,42,97,308,0,0,28,0,28,28,141,70,97,336,8,106,114,450
01/06/2005,CHS,SC,ASO,ES,Combined TRACON& Tower with Radar,31,136,49,74,290,0,0,32,0,32,31,136,81,74,322,16,84,100,422
01/07/2005,CHS,SC,ASO,ES,Combined TRACON& Tower with Radar,38,137,51,118,344,0,0,27,3,30,38,137,78,121,374,8,130,138,512
01/08/2005,CHS,SC,ASO,ES,Combined TRACON& Tower with Radar,25,123,44,45,237,0,0,10,0,10,25,123,54,45,247,32,76,108,355
01/09/2005,CHS,SC,ASO,ES,Combined TRACON& Tower with Radar,26,112,61,42,241,0,0,20,0,20,26,112,81,42,261,6,30,36,297
01/10/2005,CHS,SC,ASO,ES,Combined TRACON& Tower with Radar,30,116,50,34,230,0,0,32,0,32,30,116,82,34,262,12,18,30,292
01/11/2005,CHS,SC,ASO,ES,Combined TRACON& Tower with Radar,27,138,56,61,282,0,0,27,0,27,27,138,83,61,309,8,80,88,397
01/12/2005,CHS,SC,ASO,ES,Combined TRACON& Tower with Radar,29,125,71,25,250,0,0,7,0,7,29,125,78,25,257,8,20,28,285
01/13/2005,CHS,SC,ASO,ES,Combined TRACON& Tower with Radar,30,138,72,33,273,0,0,5,0,5,30,138,77,33,278,2,36,38,316
01/14/2005,CHS,SC,ASO,ES,Combined TRACON& Tower with Radar,33,151,58,79,321,0,0,1,3,4,33,151,59,82,325,7,57,64,389
01/15/2005,CHS,SC,ASO,ES,Combined TRACON& Tower with Radar,27,117,41,55,240,0,0,18,0,18,27,117,59,55,258,0,46,46,304
01/16/2005,CHS,SC,ASO,ES,Combined TRACON& Tower with Radar,30,120,35,23,208,0,0,18,1,19,30,120,53,24,227,0,2,2,229
01/17/2005,CHS,SC,ASO,ES,Combined TRACON& Tower with Radar,25,131,38,17,211,0,1,29,0,30,25,132,67,17,241,6,0,6,247
01/18/2005,CHS,SC,ASO,ES,Combined TRACON& Tower with Radar,33,140,66,44,283,0,0,29,0,29,33,140,95,44,312,8,122,130,442
01/19/2005,CHS,SC,ASO,ES,Combined TRACON& Tower with Radar,30,134,62,44,270,0,0,16,0,16,30,134,78,44,286,14,86,100,386
01/20/2005,CHS,SC,ASO,ES,Combined TRACON& Tower with Radar,33,146,51,68,298,0,0,28,0,28,33,146,79,68,326,6,74,80,406
01/21/2005,CHS,SC,ASO,ES,Combined TRACON& Tower with Radar,33,150,64,98,345,0,0,39,5,44,33,150,103,103,389,20,55,75,464
01/22/2005,CHS,SC,ASO,ES,Combined TRACON& Tower with Radar,28,105,21,50,204,0,0,11,0,11,28,105,32,50,215,2,103,105,320
01/23/2005,CHS,SC,ASO,ES,Combined TRACON& Tower with Radar,25,112,28,43,208,0,0,9,0,9,25,112,37,43,217,6,29,35,252
01/24/2005,CHS,SC,ASO,ES,Combined TRACON& Tower with Radar,27,143,54,50,274,0,0,33,0,33,27,143,87,50,307,20,42,62,369
01/25/2005,CHS,SC,ASO,ES,Combined TRACON& Tower with Radar,31,138,62,56,287,0,0,33,0,33,31,138,95,56,320,16,58,74,394
01/26/2005,CHS,SC,ASO,ES,Combined TRACON& Tower with Radar,28,138,73,55,294,0,0,32,0,32,28,138,105,55,326,0,28,28,354
01/27/2005,CHS,SC,ASO,ES,Combined TRACON& Tower with Radar,30,149,67,51,297,0,0,6,0,6,30,149,73,51,303,0,70,70,373
01/28/2005,CHS,SC,ASO,ES,Combined TRACON& Tower with Radar,41,143,57,56,297,0,1,20,0,21,41,144,77,56,318,6,92,98,416
01/29/2005,CHS,SC,ASO,ES,Combined TRACON& Tower with Radar,25,100,14,46,185,0,0,0,0,0,25,100,14,46,185,2,0,2,187
01/30/2005,CHS,SC,ASO,ES,Combined TRACON& Tower with Radar,24,113,42,21,200,0,0,3,0,3,24,113,45,21,203,0,12,12,215
01/31/2005,CHS,SC,ASO,ES,Combined TRACON& Tower with Radar,27,143,43,66,279,0,0,30,0,30,27,143,73,66,309,0,84,84,393
02/01/2005,CHS,SC,ASO,ES,Combined TRACON& Tower with Radar,27,124,37,41,229,0,0,26,0,26,27,124,63,41,255,6,78,84,339
02/02/2005,CHS,SC,ASO,ES,Combined TRACON& Tower with Radar,33,127,61,69,290,0,0,18,0,18,33,127,79,69,308,6,76,82,390
02/03/2005,CHS,SC,ASO,ES,Combined TRACON& Tower with Radar,35,146,49,51,281,0,0,0,0,0,35,146,49,51,281,0,18,18,299
02/04/2005,CHS,SC,ASO,ES,Combined TRACON& Tower with Radar,39,141,67,62,309,0,0,30,2,32,39,141,97,64,341,12,58,70,411
02/05/2005,CHS,SC,ASO,ES,Combined TRACON& Tower with Radar,29,106,36,27,198,0,0,39,0,39,29,106,75,27,237,30,40,70,307
02/06/2005,CHS,SC,ASO,ES,Combined TRACON& Tower with Radar,27,100,48,9,184,0,0,42,1,43,27,100,90,10,227,18,4,22,249
02/07/2005,CHS,SC,ASO,ES,Combined TRACON& Tower with Radar,38,131,43,48,260,0,0,29,0,29,38,131,72,48,289,20,36,56,345
02/08/2005,CHS,SC,ASO,ES,Combined TRACON& Tower with Radar,41,119,59,61,280,0,0,13,0,13,41,119,72,61,293,6,52,58,351
02/09/2005,CHS,SC,ASO,ES,Combined TRACON& Tower with Radar,32,113,79,76,300,0,0,15,0,15,32,113,94,76,315,8,40,48,363
02/10/2005,CHS,SC,ASO,ES,Combined TRACON& Tower with Radar,31,127,69,109,336,0,1,14,9,24,31,128,83,118,360,34,98,132,492
02/11/2005,CHS,SC,ASO,ES,Combined TRACON& Tower with Radar,45,131,75,89,340,0,0,36,0,36,45,131,111,89,376,28,80,108,484
02/12/2005,CHS,SC,ASO,ES,Combined TRACON& Tower with Radar,35,97,39,48,219,0,0,57,3,60,35,97,96,51,279,12,44,56,335
02/13/2005,CHS,SC,ASO,ES,Combined TRACON& Tower with Radar,34,107,42,36,219,0,0,29,0,29,34,107,71,36,248,0,6,6,254
02/14/2005,CHS,SC,ASO,ES,Combined TRACON& Tower with Radar,34,124,31,43,232,0,0,4,0,4,34,124,35,43,236,0,28,28,264
02/15/2005,CHS,SC,ASO,ES,Combined TRACON& Tower with Radar,33,125,68,72,298,0,0,15,0,15,33,125,83,72,313,4,66,70,383
02/16/2005,CHS,SC,ASO,ES,Combined TRACON& Tower with Radar,44,126,64,32,266,0,0,21,0,21,44,126,85,32,287,0,32,32,319
02/17/2005,CHS,SC,ASO,ES,Combined TRACON& Tower with Radar,32,148,74,55,309,0,0,17,0,17,32,148,91,55,326,0,60,60,386
02/18/2005,CHS,SC,ASO,ES,Combined TRACON& Tower with Radar,36,143,91,70,340,0,0,43,0,43,36,143,134,70,383,16,42,58,441
02/19/2005,CHS,SC,ASO,ES,Combined TRACON& Tower with Radar,31,123,47,57,258,0,0,51,0,51,31,123,98,57,309,2,38,40,349
02/20/2005,CHS,SC,ASO,ES,Combined TRACON& Tower with Radar,24,110,60,16,210,0,0,21,1,22,24,110,81,17,232,2,0,2,234
02/21/2005,CHS,SC,ASO,ES,Combined TRACON& Tower with Radar,46,128,58,19,251,0,0,14,0,14,46,128,72,19,265,0,2,2,267
02/22/2005,CHS,SC,ASO,ES,Combined TRACON& Tower with Radar,60,119,76,53,308,0,0,24,0,24,60,119,100,53,332,0,66,66,398
02/23/2005,CHS,SC,ASO,ES,Combined TRACON& Tower with Radar,54,134,73,60,321,0,0,9,0,9,54,134,82,60,330,26,32,58,388
02/24/2005,CHS,SC,ASO,ES,Combined TRACON& Tower with Radar,33,117,65,71,286,0,0,2,0,2,33,117,67,71,288,8,98,106,394
02/25/2005,CHS,SC,ASO,ES,Combined TRACON& Tower with Radar,72,93,105,77,347,0,0,29,0,29,72,93,134,77,376,14,48,62,438
02/26/2005,CHS,SC,ASO,ES,Combined TRACON& Tower with Radar,30,118,52,55,255,0,0,42,1,43,30,118,94,56,298,8,64,72,370
02/27/2005,CHS,SC,ASO,ES,Combined TRACON& Tower with Radar,28,123,54,32,237,0,0,6,0,6,28,123,60,32,243,4,30,34,277
02/28/2005,CHS,SC,ASO,ES,Combined TRACON& Tower with Radar,36,125,55,36,252,0,1,0,0,1,36,126,55,36,253,14,88,102,355
03/01/2005,CHS,SC,ASO,ES,Combined TRACON& Tower with Radar,34,127,47,46,254,0,0,13,0,13,34,127,60,46,267,2,46,48,315
03/02/2005,CHS,SC,ASO,ES,Combined TRACON& Tower with Radar,40,137,45,43,265,0,0,32,0,32,40,137,77,43,297,10,132,142,439
03/03/2005,CHS,SC,ASO,ES,Combined TRACON& Tower with Radar,35,137,49,47,268,0,0,29,0,29,35,137,78,47,297,14,84,98,395
03/04/2005,CHS,SC,ASO,ES,Combined TRACON& Tower with Radar,36,120,50,42,248,0,10,58,1,69,36,130,108,43,317,4,30,34,351
03/05/2005,CHS,SC,ASO,ES,Combined TRACON& Tower with Radar,36,119,47,26,228,0,0,9,0,9,36,119,56,26,237,8,24,32,269
03/06/2005,CHS,SC,ASO,ES,Combined TRACON& Tower with Radar,27,112,38,21,198,0,0,33,0,33,27,112,71,21,231,0,22,22,253
03/07/2005,CHS,SC,ASO,ES,Combined TRACON& Tower with Radar,32,126,42,42,242,0,0,18,0,18,32,126,60,42,260,6,50,56,316
03/08/2005,CHS,SC,ASO,ES,Combined TRACON& Tower with Radar,32,134,38,40,244,0,0,2,0,2,32,134,40,40,246,0,16,16,262
03/09/2005,CHS,SC,ASO,ES,Combined TRACON& Tower with Radar,36,125,58,58,277,0,0,15,0,15,36,125,73,58,292,2,80,82,374
03/10/2005,CHS,SC,ASO,ES,Combined TRACON& Tower with Radar,35,151,63,87,336,0,0,45,2,47,35,151,108,89,383,6,38,44,427
03/11/2005,CHS,SC,ASO,ES,Combined TRACON& Tower with Radar,40,134,48,72,294,0,0,12,4,16,40,134,60,76,310,4,42,46,356
03/12/2005,CHS,SC,ASO,ES,Combined TRACON& Tower with Radar,30,113,20,34,197,0,0,9,0,9,30,113,29,34,206,2,28,30,236
03/13/2005,CHS,SC,ASO,ES,Combined TRACON& Tower with Radar,31,128,59,44,262,0,0,52,5,57,31,128,111,49,319,6,50,56,375
03/14/2005,CHS,SC,ASO,ES,Combined TRACON& Tower with Radar,33,142,43,34,252,0,0,15,5,20,33,142,58,39,272,2,4,6,278
03/15/2005,CHS,SC,ASO,ES,Combined TRACON& Tower with Radar,34,143,59,32,268,0,0,16,0,16,34,143,75,32,284,2,42,44,328
03/16/2005,CHS,SC,ASO,ES,Combined TRACON& Tower with Radar,37,141,54,35,267,0,0,0,0,0,37,141,54,35,267,0,20,20,287
03/17/2005,CHS,SC,ASO,ES,Combined TRACON& Tower with Radar,40,147,67,46,300,0,0,0,0,0,40,147,67,46,300,2,12,14,314
03/18/2005,CHS,SC,ASO,ES,Combined TRACON& Tower with Radar,42,148,103,77,370,0,0,26,0,26,42,148,129,77,396,10,62,72,468
03/19/2005,CHS,SC,ASO,ES,Combined TRACON& Tower with Radar,36,120,37,45,238,0,0,40,0,40,36,120,77,45,278,8,18,26,304
03/20/2005,CHS,SC,ASO,ES,Combined TRACON& Tower with Radar,32,118,84,35,269,0,0,42,0,42,32,118,126,35,311,12,16,28,339
03/21/2005,CHS,SC,ASO,ES,Combined TRACON& Tower with Radar,37,141,43,24,245,0,0,18,1,19,37,141,61,25,264,22,10,32,296
03/22/2005,CHS,SC,ASO,ES,Combined TRACON& Tower with Radar,30,130,52,31,243,0,0,12,0,12,30,130,64,31,255,4,16,20,275
03/23/2005,CHS,SC,ASO,ES,Combined TRACON& Tower with Radar,33,131,58,39,261,0,1,5,0,6,33,132,63,39,267,6,28,34,301
03/24/2005,CHS,SC,ASO,ES,Combined TRACON& Tower with Radar,37,154,84,48,323,0,0,49,0,49,37,154,133,48,372,4,46,50,422
03/25/2005,CHS,SC,ASO,ES,Combined TRACON& Tower with Radar,35,146,92,48,321,0,0,24,0,24,35,146,116,48,345,2,13,15,360
03/26/2005,CHS,SC,ASO,ES,Combined TRACON& Tower with Radar,41,130,63,28,262,0,0,17,0,17,41,130,80,28,279,6,18,24,303
03/27/2005,CHS,SC,ASO,ES,Combined TRACON& Tower with Radar,28,141,25,6,200,0,0,0,0,0,28,141,25,6,200,0,0,0,200
03/28/2005,CHS,SC,ASO,ES,Combined TRACON& Tower with Radar,31,132,71,38,272,0,0,5,0,5,31,132,76,38,277,0,14,14,291
03/29/2005,CHS,SC,ASO,ES,Combined TRACON& Tower with Radar,45,142,69,61,317,0,1,46,0,47,45,143,115,61,364,6,46,52,416
03/30/2005,CHS,SC,ASO,ES,Combined TRACON& Tower with Radar,52,128,67,40,287,0,0,41,1,42,52,128,108,41,329,18,42,60,389
03/31/2005,CHS,SC,ASO,ES,Combined TRACON& Tower with Radar,31,138,83,51,303,0,0,27,5,32,31,138,110,56,335,2,34,36,371
04/01/2005,CHS,SC,ASO,ES,Combined TRACON& Tower with Radar,40,132,56,46,274,0,0,25,0,25,40,132,81,46,299,6,32,38,337
04/02/2005,CHS,SC,ASO,ES,Combined TRACON& Tower with Radar,34,132,53,40,259,0,0,10,0,10,34,132,63,40,269,4,28,32,301
04/03/2005,CHS,SC,ASO,ES,Combined TRACON& Tower with Radar,29,135,81,30,275,0,0,36,1,37,29,135,117,31,312,0,6,6,318
04/04/2005,CHS,SC,ASO,ES,Combined TRACON& Tower with Radar,33,143,58,14,248,0,0,42,0,42,33,143,100,14,290,8,4,12,302
04/05/2005,CHS,SC,ASO,ES,Combined TRACON& Tower with Radar,42,146,63,31,282,0,0,28,0,28,42,146,91,31,310,26,6,32,342
04/06/2005,CHS,SC,ASO,ES,Combined TRACON& Tower with Radar,37,141,77,31,286,0,0,31,0,31,37,141,108,31,317,8,44,52,369
04/07/2005,CHS,SC,ASO,ES,Combined TRACON& Tower with Radar,30,136,56,48,270,0,0,4,0,4,30,136,60,48,274,0,36,36,310
04/08/2005,CHS,SC,ASO,ES,Combined TRACON& Tower with Radar,47,133,78,36,294,0,0,21,2,23,47,133,99,38,317,6,34,40,357
04/09/2005,CHS,SC,ASO,ES,Combined TRACON& Tower with Radar,35,132,50,35,252,0,0,23,1,24,35,132,73,36,276,0,0,0,276
04/10/2005,CHS,SC,ASO,ES,Combined TRACON& Tower with Radar,31,123,65,36,255,0,0,52,0,52,31,123,117,36,307,0,2,2,309
04/11/2005,CHS,SC,ASO,ES,Combined TRACON& Tower with Radar,36,135,55,37,263,0,0,26,0,26,36,135,81,37,289,8,14,22,311
04/12/2005,CHS,SC,ASO,ES,Combined TRACON& Tower with Radar,42,142,62,50,296,0,0,20,0,20,42,142,82,50,316,0,28,28,344
04/13/2005,CHS,SC,ASO,ES,Combined TRACON& Tower with Radar,47,133,77,52,309,0,0,12,0,12,47,133,89,52,321,0,60,60,381
04/14/2005,CHS,SC,ASO,ES,Combined TRACON& Tower with Radar,40,134,99,42,315,0,0,13,340,353,40,134,112,382,668,16,0,16,684
04/15/2005,CHS,SC,ASO,ES,Combined TRACON& Tower with Radar,41,148,88,61,338,0,0,47,0,47,41,148,135,61,385,4,34,38,423
04/16/2005,CHS,SC,ASO,ES,Combined TRACON& Tower with Radar,37,128,55,53,273,0,0,45,4,49,37,128,100,57,322,10,28,38,360
04/17/2005,CHS,SC,ASO,ES,Combined TRACON& Tower with Radar,38,130,70,37,275,0,0,54,5,59,38,130,124,42,334,0,2,2,336
04/18/2005,CHS,SC,ASO,ES,Combined TRACON& Tower with Radar,46,126,77,32,281,0,0,41,3,44,46,126,118,35,325,0,16,16,341
04/19/2005,CHS,SC,ASO,ES,Combined TRACON& Tower with Radar,48,125,63,58,294,0,0,50,0,50,48,125,113,58,344,12,62,74,418
04/20/2005,CHS,SC,ASO,ES,Combined TRACON& Tower with Radar,41,138,85,47,311,0,0,45,0,45,41,138,130,47,356,8,18,26,382
04/21/2005,CHS,SC,ASO,ES,Combined TRACON& Tower with Radar,36,133,67,41,277,0,0,32,2,34,36,133,99,43,311,12,22,34,345
04/22/2005,CHS,SC,ASO,ES,Combined TRACON& Tower with Radar,37,140,88,47,312,0,0,27,0,27,37,140,115,47,339,2,32,34,373
04/23/2005,CHS,SC,ASO,ES,Combined TRACON& Tower with Radar,44,130,46,36,256,0,0,5,0,5,44,130,51,36,261,6,22,28,289
04/24/2005,CHS,SC,ASO,ES,Combined TRACON& Tower with Radar,33,129,64,36,262,0,0,23,0,23,33,129,87,36,285,12,12,24,309
04/25/2005,CHS,SC,ASO,ES,Combined TRACON& Tower with Radar,38,131,70,32,271,0,0,41,0,41,38,131,111,32,312,6,36,42,354
04/26/2005,CHS,SC,ASO,ES,Combined TRACON& Tower with Radar,33,135,60,46,274,0,0,24,0,24,33,135,84,46,298,0,72,72,370
04/27/2005,CHS,SC,ASO,ES,Combined TRACON& Tower with Radar,44,144,55,44,287,0,0,39,0,39,44,144,94,44,326,4,34,38,364
04/28/2005,CHS,SC,ASO,ES,Combined TRACON& Tower with Radar,47,126,69,44,286,0,0,54,0,54,47,126,123,44,340,12,54,66,406
04/29/2005,CHS,SC,ASO,ES,Combined TRACON& Tower with Radar,45,143,72,56,316,0,0,37,0,37,45,143,109,56,353,8,56,64,417
04/30/2005,CHS,SC,ASO,ES,Combined TRACON& Tower with Radar,23,95,27,30,175,0,0,13,0,13,23,95,40,30,188,10,20,30,218
05/01/2005,CHS,SC,ASO,ES,Combined TRACON& Tower with Radar,35,129,56,24,244,0,0,30,5,35,35,129,86,29,279,12,14,26,305
05/02/2005,CHS,SC,ASO,ES,Combined TRACON& Tower with Radar,40,147,79,85,351,0,0,43,0,43,40,147,122,85,394,6,70,76,470
05/03/2005,CHS,SC,ASO,ES,Combined TRACON& Tower with Radar,39,130,77,46,292,0,0,54,0,54,39,130,131,46,346,10,26,36,382
05/04/2005,CHS,SC,ASO,ES,Combined TRACON& Tower with Radar,44,130,64,70,308,0,0,44,0,44,44,130,108,70,352,14,40,54,406
05/05/2005,CHS,SC,ASO,ES,Combined TRACON& Tower with Radar,37,149,66,52,304,0,0,0,0,0,37,149,66,52,304,2,16,18,322
05/06/2005,CHS,SC,ASO,ES,Combined TRACON& Tower with Radar,41,138,76,43,298,0,0,9,0,9,41,138,85,43,307,0,64,64,371
05/07/2005,CHS,SC,ASO,ES,Combined TRACON& Tower with Radar,34,119,46,33,232,0,0,62,0,62,34,119,108,33,294,10,24,34,328
05/08/2005,CHS,SC,ASO,ES,Combined TRACON& Tower with Radar,45,116,60,32,253,0,0,33,0,33,45,116,93,32,286,16,20,36,322
05/09/2005,CHS,SC,ASO,ES,Combined TRACON& Tower with Radar,41,125,55,48,269,0,0,39,0,39,41,125,94,48,308,14,94,108,416
05/10/2005,CHS,SC,ASO,ES,Combined TRACON& Tower with Radar,33,127,53,46,259,0,0,39,0,39,33,127,92,46,298,2,58,60,358
05/11/2005,CHS,SC,ASO,ES,Combined TRACON& Tower with Radar,43,117,61,45,266,0,0,33,0,33,43,117,94,45,299,8,8,16,315
05/12/2005,CHS,SC,ASO,ES,Combined TRACON& Tower with Radar,50,142,69,61,322,0,0,40,0,40,50,142,109,61,362,13,46,59,421
05/13/2005,CHS,SC,ASO,ES,Combined TRACON& Tower with Radar,51,129,72,55,307,0,0,21,3,24,51,129,93,58,331,6,44,50,381
05/14/2005,CHS,SC,ASO,ES,Combined TRACON& Tower with Radar,39,127,43,28,237,0,0,21,0,21,39,127,64,28,258,12,10,22,280
05/15/2005,CHS,SC,ASO,ES,Combined TRACON& Tower with Radar,35,121,60,37,253,0,0,26,0,26,35,121,86,37,279,3,12,15,294
05/16/2005,CHS,SC,ASO,ES,Combined TRACON& Tower with Radar,41,134,44,41,260,0,0,6,0,6,41,134,50,41,266,2,30,32,298
05/17/2005,CHS,SC,ASO,ES,Combined TRACON& Tower with Radar,43,127,67,53,290,0,0,16,0,16,43,127,83,53,306,2,10,12,318
05/18/2005,CHS,SC,ASO,ES,Combined TRACON& Tower with Radar,42,135,95,55,327,0,1,30,0,31,42,136,125,55,358,4,74,78,436
05/19/2005,CHS,SC,ASO,ES,Combined TRACON& Tower with Radar,39,147,73,45,304,0,1,32,0,33,39,148,105,45,337,4,16,20,357
05/20/2005,CHS,SC,ASO,ES,Combined TRACON& Tower with Radar,43,137,52,55,287,0,0,10,0,10,43,137,62,55,297,0,36,36,333
05/21/2005,CHS,SC,ASO,ES,Combined TRACON& Tower with Radar,35,126,57,47,265,0,0,19,1,20,35,126,76,48,285,4,22,26,311
05/22/2005,CHS,SC,ASO,ES,Combined TRACON& Tower with Radar,36,114,73,40,263,0,0,31,0,31,36,114,104,40,294,10,26,36,330
05/23/2005,CHS,SC,ASO,ES,Combined TRACON& Tower with Radar,39,133,63,46,281,0,0,27,0,27,39,133,90,46,308,0,30,30,338
05/24/2005,CHS,SC,ASO,ES,Combined TRACON& Tower with Radar,40,131,71,63,305,0,0,47,0,47,40,131,118,63,352,6,94,100,452
05/25/2005,CHS,SC,ASO,ES,Combined TRACON& Tower with Radar,37,126,80,34,277,0,0,36,3,39,37,126,116,37,316,2,0,2,318
05/26/2005,CHS,SC,ASO,ES,Combined TRACON& Tower with Radar,43,135,78,78,334,0,0,45,0,45,43,135,123,78,379,10,70,80,459
05/27/2005,CHS,SC,ASO,ES,Combined TRACON& Tower with Radar,59,141,109,36,345,0,0,42,0,42,59,141,151,36,387,13,38,51,438
05/28/2005,CHS,SC,ASO,ES,Combined TRACON& Tower with Radar,34,132,43,21,230,0,0,40,0,40,34,132,83,21,270,8,10,18,288
05/29/2005,CHS,SC,ASO,ES,Combined TRACON& Tower with Radar,38,111,25,13,187,0,0,41,0,41,38,111,66,13,228,6,18,24,252
05/30/2005,CHS,SC,ASO,ES,Combined TRACON& Tower with Radar,38,116,70,18,242,0,0,2,0,2,38,116,72,18,244,0,0,0,244
05/31/2005,CHS,SC,ASO,ES,Combined TRACON& Tower with Radar,36,142,61,39,278,0,0,1,0,1,36,142,62,39,279,2,68,70,349
06/01/2005,CHS,SC,ASO,ES,Combined TRACON& Tower with Radar,36,123,69,58,286,0,0,0,0,0,36,123,69,58,286,6,124,130,416
06/02/2005,CHS,SC,ASO,ES,Combined TRACON& Tower with Radar,43,131,60,53,287,0,0,18,0,18,43,131,78,53,305,0,54,54,359
06/03/2005,CHS,SC,ASO,ES,Combined TRACON& Tower with Radar,43,130,106,53,332,0,0,8,0,8,43,130,114,53,340,8,82,90,430
06/04/2005,CHS,SC,ASO,ES,Combined TRACON& Tower with Radar,34,126,48,43,251,0,0,8,2,10,34,126,56,45,261,2,6,8,269
06/05/2005,CHS,SC,ASO,ES,Combined TRACON& Tower with Radar,36,112,63,50,261,0,0,17,0,17,36,112,80,50,278,0,38,38,316
06/06/2005,CHS,SC,ASO,ES,Combined TRACON& Tower with Radar,31,116,56,42,245,0,0,24,0,24,31,116,80,42,269,2,24,26,295
06/07/2005,CHS,SC,ASO,ES,Combined TRACON& Tower with Radar,37,132,72,54,295,0,0,26,0,26,37,132,98,54,321,14,50,64,385
06/08/2005,CHS,SC,ASO,ES,Combined TRACON& Tower with Radar,45,152,57,55,309,0,0,19,2,21,45,152,76,57,330,0,60,60,390
06/09/2005,CHS,SC,ASO,ES,Combined TRACON& Tower with Radar,38,133,67,66,304,0,0,24,2,26,38,133,91,68,330,10,72,82,412
06/10/2005,CHS,SC,ASO,ES,Combined TRACON& Tower with Radar,48,131,69,54,302,0,1,22,2,25,48,132,91,56,327,14,68,82,409
06/11/2005,CHS,SC,ASO,ES,Combined TRACON& Tower with Radar,35,131,41,38,245,0,0,29,0,29,35,131,70,38,274,4,14,18,292
06/12/2005,CHS,SC,ASO,ES,Combined TRACON& Tower with Radar,42,115,63,63,283,0,0,18,0,18,42,115,81,63,301,4,28,32,333
06/13/2005,CHS,SC,ASO,ES,Combined TRACON& Tower with Radar,45,118,51,41,255,0,0,21,3,24,45,118,72,44,279,2,66,68,347
06/14/2005,CHS,SC,ASO,ES,Combined TRACON& Tower with Radar,39,128,68,39,274,0,0,43,0,43,39,128,111,39,317,2,18,20,337
06/15/2005,CHS,SC,ASO,ES,Combined TRACON& Tower with Radar,39,139,62,41,281,0,0,32,0,32,39,139,94,41,313,6,30,36,349
06/16/2005,CHS,SC,ASO,ES,Combined TRACON& Tower with Radar,44,126,77,43,290,0,0,47,0,47,44,126,124,43,337,6,24,30,367
06/17/2005,CHS,SC,ASO,ES,Combined TRACON& Tower with Radar,47,137,80,48,312,0,1,41,0,42,47,138,121,48,354,14,44,58,412
06/18/2005,CHS,SC,ASO,ES,Combined TRACON& Tower with Radar,32,130,59,16,237,0,0,20,0,20,32,130,79,16,257,0,0,0,257
06/19/2005,CHS,SC,ASO,ES,Combined TRACON& Tower with Radar,33,119,78,30,260,0,0,0,0,0,33,119,78,30,260,22,50,72,332
06/20/2005,CHS,SC,ASO,ES,Combined TRACON& Tower with Radar,40,124,43,48,255,0,0,33,0,33,40,124,76,48,288,12,68,80,368
06/21/2005,CHS,SC,ASO,ES,Combined TRACON& Tower with Radar,37,136,77,58,308,0,0,40,0,40,37,136,117,58,348,12,32,44,392
06/22/2005,CHS,SC,ASO,ES,Combined TRACON& Tower with Radar,38,131,77,57,303,0,0,41,0,41,38,131,118,57,344,2,39,41,385
06/23/2005,CHS,SC,ASO,ES,Combined TRACON& Tower with Radar,43,141,54,61,299,0,0,43,6,49,43,141,97,67,348,2,24,26,374
06/24/2005,CHS,SC,ASO,ES,Combined TRACON& Tower with Radar,54,132,80,46,312,0,0,12,11,23,54,132,92,57,335,13,18,31,366
06/25/2005,CHS,SC,ASO,ES,Combined TRACON& Tower with Radar,34,120,26,34,214,0,0,0,1,1,34,120,26,35,215,6,0,6,221
06/26/2005,CHS,SC,ASO,ES,Combined TRACON& Tower with Radar,33,122,52,55,262,0,0,12,0,12,33,122,64,55,274,4,76,80,354
06/27/2005,CHS,SC,ASO,ES,Combined TRACON& Tower with Radar,39,138,64,46,287,0,0,13,0,13,39,138,77,46,300,0,54,54,354
06/28/2005,CHS,SC,ASO,ES,Combined TRACON& Tower with Radar,39,134,60,42,275,0,0,6,0,6,39,134,66,42,281,6,50,56,337
06/29/2005,CHS,SC,ASO,ES,Combined TRACON& Tower with Radar,36,143,70,41,290,0,0,5,0,5,36,143,75,41,295,6,56,62,357
06/30/2005,CHS,SC,ASO,ES,Combined TRACON& Tower with Radar,47,143,79,50,319,0,0,31,0,31,47,143,110,50,350,4,32,36,386
07/01/2005,CHS,SC,ASO,ES,Combined TRACON& Tower with Radar,42,134,63,24,263,0,0,40,0,40,42,134,103,24,303,24,6,30,333
07/02/2005,CHS,SC,ASO,ES,Combined TRACON& Tower with Radar,33,130,40,18,221,0,0,19,0,19,33,130,59,18,240,4,10,14,254
07/03/2005,CHS,SC,ASO,ES,Combined TRACON& Tower with Radar,27,105,20,7,159,0,0,17,0,17,27,105,37,7,176,6,10,16,192
07/04/2005,CHS,SC,ASO,ES,Combined TRACON& Tower with Radar,33,104,54,5,196,0,0,34,0,34,33,104,88,5,230,28,0,28,258
07/05/2005,CHS,SC,ASO,ES,Combined TRACON& Tower with Radar,34,126,62,45,267,0,0,37,0,37,34,126,99,45,304,0,42,42,346
07/06/2005,CHS,SC,ASO,ES,Combined TRACON& Tower with Radar,27,134,37,49,247,0,0,42,0,42,27,134,79,49,289,10,56,66,355
07/07/2005,CHS,SC,ASO,ES,Combined TRACON& Tower with Radar,39,130,66,65,300,0,0,32,0,32,39,130,98,65,332,4,20,24,356
07/08/2005,CHS,SC,ASO,ES,Combined TRACON& Tower with Radar,48,132,61,75,316,0,0,32,0,32,48,132,93,75,348,2,48,50,398
07/09/2005,CHS,SC,ASO,ES,Combined TRACON& Tower with Radar,36,128,28,39,231,0,0,13,0,13,36,128,41,39,244,2,24,26,270
07/10/2005,CHS,SC,ASO,ES,Combined TRACON& Tower with Radar,37,120,44,39,240,0,0,13,0,13,37,120,57,39,253,4,50,54,307
07/11/2005,CHS,SC,ASO,ES,Combined TRACON& Tower with Radar,40,123,51,66,280,0,0,12,0,12,40,123,63,66,292,6,38,44,336
07/12/2005,CHS,SC,ASO,ES,Combined TRACON& Tower with Radar,32,131,56,59,278,0,0,23,0,23,32,131,79,59,301,18,86,104,405
07/13/2005,CHS,SC,ASO,ES,Combined TRACON& Tower with Radar,34,125,79,50,288,0,0,24,0,24,34,125,103,50,312,22,32,54,366
07/14/2005,CHS,SC,ASO,ES,Combined TRACON& Tower with Radar,44,132,51,52,279,0,0,57,4,61,44,132,108,56,340,12,24,36,376
07/15/2005,CHS,SC,ASO,ES,Combined TRACON& Tower with Radar,42,122,61,51,276,0,0,47,0,47,42,122,108,51,323,8,62,70,393
07/16/2005,CHS,SC,ASO,ES,Combined TRACON& Tower with Radar,32,132,44,44,252,0,0,53,0,53,32,132,97,44,305,10,92,102,407
07/17/2005,CHS,SC,ASO,ES,Combined TRACON& Tower with Radar,38,119,45,46,248,0,0,32,2,34,38,119,77,48,282,28,37,65,347
07/18/2005,CHS,SC,ASO,ES,Combined TRACON& Tower with Radar,39,132,55,42,268,0,0,37,0,37,39,132,92,42,305,6,42,48,353
07/19/2005,CHS,SC,ASO,ES,Combined TRACON& Tower with Radar,35,133,70,58,296,0,0,27,0,27,35,133,97,58,323,2,20,22,345
07/20/2005,CHS,SC,ASO,ES,Combined TRACON& Tower with Radar,32,125,62,51,270,0,0,33,0,33,32,125,95,51,303,10,44,54,357
07/21/2005,CHS,SC,ASO,ES,Combined TRACON& Tower with Radar,40,136,63,54,293,0,1,25,0,26,40,137,88,54,319,0,46,46,365
07/22/2005,CHS,SC,ASO,ES,Combined TRACON& Tower with Radar,43,129,70,55,297,0,0,31,1,32,43,129,101,56,329,4,30,34,363
07/23/2005,CHS,SC,ASO,ES,Combined TRACON& Tower with Radar,32,118,30,80,260,0,0,20,0,20,32,118,50,80,280,18,38,56,336
07/24/2005,CHS,SC,ASO,ES,Combined TRACON& Tower with Radar,41,115,45,86,287,0,0,27,1,28,41,115,72,87,315,9,72,81,396
07/25/2005,CHS,SC,ASO,ES,Combined TRACON& Tower with Radar,39,112,57,55,263,0,0,29,0,29,39,112,86,55,292,2,34,36,328
07/26/2005,CHS,SC,ASO,ES,Combined TRACON& Tower with Radar,43,128,61,57,289,0,0,26,0,26,43,128,87,57,315,4,57,61,376
07/27/2005,CHS,SC,ASO,ES,Combined TRACON& Tower with Radar,55,107,64,59,285,0,0,35,0,35,55,107,99,59,320,0,56,56,376
07/28/2005,CHS,SC,ASO,ES,Combined TRACON& Tower with Radar,55,134,63,69,321,0,0,20,1,21,55,134,83,70,342,6,33,39,381
07/29/2005,CHS,SC,ASO,ES,Combined TRACON& Tower with Radar,42,122,46,79,289,0,0,22,1,23,42,122,68,80,312,0,58,58,370
07/30/2005,CHS,SC,ASO,ES,Combined TRACON& Tower with Radar,31,119,30,38,218,0,0,15,1,16,31,119,45,39,234,6,36,42,276
07/31/2005,CHS,SC,ASO,ES,Combined TRACON& Tower with Radar,37,116,50,40,243,0,0,2,0,2,37,116,52,40,245,4,12,16,261
08/01/2005,CHS,SC,ASO,ES,Combined TRACON& Tower with Radar,39,124,45,50,258,0,0,26,0,26,39,124,71,50,284,4,40,44,328
08/02/2005,CHS,SC,ASO,ES,Combined TRACON& Tower with Radar,37,132,45,45,259,0,0,33,0,33,37,132,78,45,292,2,58,60,352
08/03/2005,CHS,SC,ASO,ES,Combined TRACON& Tower with Radar,42,130,57,48,277,0,0,37,0,37,42,130,94,48,314,0,92,92,406
08/04/2005,CHS,SC,ASO,ES,Combined TRACON& Tower with Radar,37,124,67,48,276,0,0,33,0,33,37,124,100,48,309,2,44,46,355
08/05/2005,CHS,SC,ASO,ES,Combined TRACON& Tower with Radar,41,122,77,53,293,0,0,24,0,24,41,122,101,53,317,0,30,30,347
08/06/2005,CHS,SC,ASO,ES,Combined TRACON& Tower with Radar,30,120,57,23,230,0,4,0,0,4,30,124,57,23,234,24,10,34,268
08/07/2005,CHS,SC,ASO,ES,Combined TRACON& Tower with Radar,43,108,42,36,229,0,0,19,1,20,43,108,61,37,249,18,12,30,279
08/08/2005,CHS,SC,ASO,ES,Combined TRACON& Tower with Radar,33,121,60,34,248,0,0,12,0,12,33,121,72,34,260,6,38,44,304
08/09/2005,CHS,SC,ASO,ES,Combined TRACON& Tower with Radar,39,132,42,64,277,0,0,9,0,9,39,132,51,64,286,2,106,108,394
08/10/2005,CHS,SC,ASO,ES,Combined TRACON& Tower with Radar,36,126,74,45,281,0,0,32,0,32,36,126,106,45,313,8,18,26,339
08/11/2005,CHS,SC,ASO,ES,Combined TRACON& Tower with Radar,44,128,61,32,265,0,0,14,0,14,44,128,75,32,279,6,0,6,285
08/12/2005,CHS,SC,ASO,ES,Combined TRACON& Tower with Radar,66,103,64,53,286,0,0,14,1,15,66,103,78,54,301,2,8,10,311
08/13/2005,CHS,SC,ASO,ES,Combined TRACON& Tower with Radar,33,128,27,38,226,0,0,14,0,14,33,128,41,38,240,14,16,30,270
08/14/2005,CHS,SC,ASO,ES,Combined TRACON& Tower with Radar,31,115,50,31,227,0,0,21,2,23,31,115,71,33,250,6,16,22,272
08/15/2005,CHS,SC,ASO,ES,Combined TRACON& Tower with Radar,48,121,64,40,273,0,0,19,0,19,48,121,83,40,292,2,6,8,300
08/16/2005,CHS,SC,ASO,ES,Combined TRACON& Tower with Radar,33,134,51,39,257,0,0,38,0,38,33,134,89,39,295,6,30,36,331
08/17/2005,CHS,SC,ASO,ES,Combined TRACON& Tower with Radar,37,129,64,36,266,0,0,24,0,24,37,129,88,36,290,8,46,54,344
08/18/2005,CHS,SC,ASO,ES,Combined TRACON& Tower with Radar,43,126,55,66,290,0,0,31,0,31,43,126,86,66,321,6,48,54,375
08/19/2005,CHS,SC,ASO,ES,Combined TRACON& Tower with Radar,42,135,73,64,314,0,0,29,0,29,42,135,102,64,343,0,38,38,381
08/20/2005,CHS,SC,ASO,ES,Combined TRACON& Tower with Radar,28,137,26,32,223,0,0,27,1,28,28,137,53,33,251,8,0,8,259
08/21/2005,CHS,SC,ASO,ES,Combined TRACON& Tower with Radar,37,114,55,34,240,0,0,28,0,28,37,114,83,34,268,10,24,34,302
08/22/2005,CHS,SC,ASO,ES,Combined TRACON& Tower with Radar,45,130,51,36,262,0,0,6,0,6,45,130,57,36,268,2,46,48,316
08/23/2005,CHS,SC,ASO,ES,Combined TRACON& Tower with Radar,43,122,67,44,276,0,0,9,1,10,43,122,76,45,286,22,14,36,322
08/24/2005,CHS,SC,ASO,ES,Combined TRACON& Tower with Radar,38,122,63,29,252,0,0,28,0,28,38,122,91,29,280,12,10,22,302
08/25/2005,CHS,SC,ASO,ES,Combined TRACON& Tower with Radar,44,133,76,31,284,0,0,29,1,30,44,133,105,32,314,12,0,12,326
08/26/2005,CHS,SC,ASO,ES,Combined TRACON& Tower with Radar,45,123,62,54,284,0,0,23,0,23,45,123,85,54,307,4,16,20,327
08/27/2005,CHS,SC,ASO,ES,Combined TRACON& Tower with Radar,46,118,36,45,245,0,0,14,0,14,46,118,50,45,259,6,26,32,291
08/28/2005,CHS,SC,ASO,ES,Combined TRACON& Tower with Radar,38,106,33,43,220,0,0,24,1,25,38,106,57,44,245,26,42,68,313
08/29/2005,CHS,SC,ASO,ES,Combined TRACON& Tower with Radar,53,110,44,74,281,0,0,18,0,18,53,110,62,74,299,0,114,114,413
08/30/2005,CHS,SC,ASO,ES,Combined TRACON& Tower with Radar,50,119,41,38,248,0,0,25,0,25,50,119,66,38,273,4,24,28,301
08/31/2005,CHS,SC,ASO,ES,Combined TRACON& Tower with Radar,44,115,86,41,286,0,0,37,0,37,44,115,123,41,323,20,48,68,391
09/01/2005,CHS,SC,ASO,ES,Combined TRACON& Tower with Radar,43,130,61,34,268,0,0,26,0,26,43,130,87,34,294,6,58,64,358
09/02/2005,CHS,SC,ASO,ES,Combined TRACON& Tower with Radar,44,127,74,41,286,0,1,36,0,37,44,128,110,41,323,8,6,14,337
09/03/2005,CHS,SC,ASO,ES,Combined TRACON& Tower with Radar,36,106,32,23,197,0,0,28,0,28,36,106,60,23,225,0,0,0,225
09/04/2005,CHS,SC,ASO,ES,Combined TRACON& Tower with Radar,36,92,36,31,195,0,0,21,0,21,36,92,57,31,216,20,16,36,252
09/05/2005,CHS,SC,ASO,ES,Combined TRACON& Tower with Radar,53,100,46,39,238,0,0,40,0,40,53,100,86,39,278,17,2,19,297
09/06/2005,CHS,SC,ASO,ES,Combined TRACON& Tower with Radar,39,116,36,33,224,0,0,7,0,7,39,116,43,33,231,0,6,6,237
09/07/2005,CHS,SC,ASO,ES,Combined TRACON& Tower with Radar,38,123,62,46,269,0,0,10,0,10,38,123,72,46,279,2,24,26,305
09/08/2005,CHS,SC,ASO,ES,Combined TRACON& Tower with Radar,42,113,50,54,259,0,0,37,0,37,42,113,87,54,296,14,32,46,342
09/09/2005,CHS,SC,ASO,ES,Combined TRACON& Tower with Radar,47,114,56,67,284,0,0,42,9,51,47,114,98,76,335,8,58,66,401
09/10/2005,CHS,SC,ASO,ES,Combined TRACON& Tower with Radar,29,108,28,35,200,0,0,26,3,29,29,108,54,38,229,2,18,20,249
09/11/2005,CHS,SC,ASO,ES,Combined TRACON& Tower with Radar,0,109,40,32,181,33,0,15,0,48,33,109,55,32,229,0,0,0,229
09/12/2005,CHS,SC,ASO,ES,Combined TRACON& Tower with Radar,37,111,24,40,212,0,0,18,0,18,37,111,42,40,230,24,0,24,254
09/13/2005,CHS,SC,ASO,ES,Combined TRACON& Tower with Radar,46,102,34,39,221,0,0,5,0,5,46,102,39,39,226,8,30,38,264
09/14/2005,CHS,SC,ASO,ES,Combined TRACON& Tower with Radar,47,93,36,25,201,0,0,15,0,15,47,93,51,25,216,0,34,34,250
09/15/2005,CHS,SC,ASO,ES,Combined TRACON& Tower with Radar,45,117,37,40,239,0,0,30,0,30,45,117,67,40,269,10,52,62,331
09/16/2005,CHS,SC,ASO,ES,Combined TRACON& Tower with Radar,42,118,59,75,294,0,0,41,0,41,42,118,100,75,335,16,62,78,413
09/17/2005,CHS,SC,ASO,ES,Combined TRACON& Tower with Radar,49,93,35,33,210,0,0,25,1,26,49,93,60,34,236,8,31,39,275
09/18/2005,CHS,SC,ASO,ES,Combined TRACON& Tower with Radar,36,102,56,28,222,0,0,23,0,23,36,102,79,28,245,2,14,16,261
09/19/2005,CHS,SC,ASO,ES,Combined TRACON& Tower with Radar,45,109,46,41,241,0,0,19,0,19,45,109,65,41,260,0,20,20,280
09/20/2005,CHS,SC,ASO,ES,Combined TRACON& Tower with Radar,43,117,64,36,260,0,0,29,1,30,43,117,93,37,290,8,16,24,314
09/21/2005,CHS,SC,ASO,ES,Combined TRACON& Tower with Radar,41,109,69,37,256,0,0,24,1,25,41,109,93,38,281,0,8,8,289
09/22/2005,CHS,SC,ASO,ES,Combined TRACON& Tower with Radar,63,108,97,39,307,0,0,21,1,22,63,108,118,40,329,4,16,20,349
09/23/2005,CHS,SC,ASO,ES,Combined TRACON& Tower with Radar,47,97,61,38,243,0,0,35,0,35,47,97,96,38,278,6,20,26,304
09/24/2005,CHS,SC,ASO,ES,Combined TRACON& Tower with Radar,45,98,32,45,220,0,0,34,1,35,45,98,66,46,255,8,38,46,301
09/25/2005,CHS,SC,ASO,ES,Combined TRACON& Tower with Radar,39,96,55,34,224,0,0,14,0,14,39,96,69,34,238,2,6,8,246
09/26/2005,CHS,SC,ASO,ES,Combined TRACON& Tower with Radar,39,119,57,50,265,0,0,24,0,24,39,119,81,50,289,10,38,48,337
09/27/2005,CHS,SC,ASO,ES,Combined TRACON& Tower with Radar,41,118,64,41,264,0,0,8,0,8,41,118,72,41,272,1,46,47,319
09/28/2005,CHS,SC,ASO,ES,Combined TRACON& Tower with Radar,41,125,95,31,292,0,0,7,0,7,41,125,102,31,299,0,18,18,317
09/29/2005,CHS,SC,ASO,ES,Combined TRACON& Tower with Radar,45,116,75,47,283,0,0,26,0,26,45,116,101,47,309,8,44,52,361
09/30/2005,CHS,SC,ASO,ES,Combined TRACON& Tower with Radar,44,136,80,29,289,0,0,12,0,12,44,136,92,29,301,4,10,14,315
10/01/2005,CHS,SC,ASO,ES,Combined TRACON& Tower with Radar,38,91,41,36,206,0,0,18,0,18,38,91,59,36,224,4,14,18,242
10/02/2005,CHS,SC,ASO,ES,Combined TRACON& Tower with Radar,41,112,68,27,248,0,0,8,0,8,41,112,76,27,256,0,4,4,260
10/03/2005,CHS,SC,ASO,ES,Combined TRACON& Tower with Radar,36,106,53,36,231,0,1,10,0,11,36,107,63,36,242,4,10,14,256
10/04/2005,CHS,SC,ASO,ES,Combined TRACON& Tower with Radar,39,120,53,52,264,0,0,12,0,12,39,120,65,52,276,1,46,47,323
10/05/2005,CHS,SC,ASO,ES,Combined TRACON& Tower with Radar,37,115,80,60,292,0,0,3,0,3,37,115,83,60,295,0,32,32,327
10/06/2005,CHS,SC,ASO,ES,Combined TRACON& Tower with Radar,40,120,65,40,265,0,0,0,0,0,40,120,65,40,265,0,12,12,277
10/07/2005,CHS,SC,ASO,ES,Combined TRACON& Tower with Radar,52,123,83,34,292,0,0,0,0,0,52,123,83,34,292,14,16,30,322
10/08/2005,CHS,SC,ASO,ES,Combined TRACON& Tower with Radar,34,99,52,14,199,0,0,33,0,33,34,99,85,14,232,14,2,16,248
10/09/2005,CHS,SC,ASO,ES,Combined TRACON& Tower with Radar,44,112,48,19,223,0,0,15,0,15,44,112,63,19,238,4,18,22,260
10/10/2005,CHS,SC,ASO,ES,Combined TRACON& Tower with Radar,38,128,61,20,247,0,0,0,0,0,38,128,61,20,247,10,6,16,263
10/11/2005,CHS,SC,ASO,ES,Combined TRACON& Tower with Radar,52,111,66,28,257,0,0,2,0,2,52,111,68,28,259,0,8,8,267
10/12/2005,CHS,SC,ASO,ES,Combined TRACON& Tower with Radar,32,112,74,51,269,0,0,2,0,2,32,112,76,51,271,20,32,52,323
10/13/2005,CHS,SC,ASO,ES,Combined TRACON& Tower with Radar,58,111,70,56,295,0,0,27,0,27,58,111,97,56,322,7,60,67,389
10/14/2005,CHS,SC,ASO,ES,Combined TRACON& Tower with Radar,54,112,52,95,313,0,0,56,4,60,54,112,108,99,373,0,42,42,415
10/15/2005,CHS,SC,ASO,ES,Combined TRACON& Tower with Radar,43,98,33,29,203,0,0,44,0,44,43,98,77,29,247,6,12,18,265
10/16/2005,CHS,SC,ASO,ES,Combined TRACON& Tower with Radar,43,112,71,35,261,0,0,58,10,68,43,112,129,45,329,4,14,18,347
10/17/2005,CHS,SC,ASO,ES,Combined TRACON& Tower with Radar,40,126,49,49,264,0,0,36,3,39,40,126,85,52,303,10,70,80,383
10/18/2005,CHS,SC,ASO,ES,Combined TRACON& Tower with Radar,39,123,59,63,284,0,0,39,0,39,39,123,98,63,323,6,44,50,373
10/19/2005,CHS,SC,ASO,ES,Combined TRACON& Tower with Radar,33,127,92,70,322,0,0,39,2,41,33,127,131,72,363,8,38,46,409
10/20/2005,CHS,SC,ASO,ES,Combined TRACON& Tower with Radar,47,131,72,66,316,0,0,32,0,32,47,131,104,66,348,4,48,52,400
10/21/2005,CHS,SC,ASO,ES,Combined TRACON& Tower with Radar,60,118,53,58,289,0,0,14,0,14,60,118,67,58,303,2,20,22,325
10/22/2005,CHS,SC,ASO,ES,Combined TRACON& Tower with Radar,34,107,38,30,209,0,0,37,0,37,34,107,75,30,246,10,38,48,294
10/23/2005,CHS,SC,ASO,ES,Combined TRACON& Tower with Radar,35,108,62,29,234,0,1,36,0,37,35,109,98,29,271,0,0,0,271
10/24/2005,CHS,SC,ASO,ES,Combined TRACON& Tower with Radar,47,103,48,36,234,0,0,1,0,1,47,103,49,36,235,4,76,80,315
10/25/2005,CHS,SC,ASO,ES,Combined TRACON& Tower with Radar,38,110,55,44,247,0,2,28,0,30,38,112,83,44,277,6,8,14,291
10/26/2005,CHS,SC,ASO,ES,Combined TRACON& Tower with Radar,47,108,54,41,250,0,0,48,0,48,47,108,102,41,298,8,12,20,318
10/27/2005,CHS,SC,ASO,ES,Combined TRACON& Tower with Radar,56,116,83,52,307,0,1,40,0,41,56,117,123,52,348,4,10,14,362
10/28/2005,CHS,SC,ASO,ES,Combined TRACON& Tower with Radar,42,124,73,46,285,0,0,48,0,48,42,124,121,46,333,10,40,50,383
10/29/2005,CHS,SC,ASO,ES,Combined TRACON& Tower with Radar,35,116,41,16,208,0,0,27,1,28,35,116,68,17,236,2,0,2,238
10/30/2005,CHS,SC,ASO,ES,Combined TRACON& Tower with Radar,45,105,59,50,259,0,0,28,0,28,45,105,87,50,287,12,52,64,351
10/31/2005,CHS,SC,ASO,ES,Combined TRACON& Tower with Radar,41,102,55,29,227,0,0,37,0,37,41,102,92,29,264,0,22,22,286
11/01/2005,CHS,SC,ASO,ES,Combined TRACON& Tower with Radar,42,106,59,58,265,0,0,23,0,23,42,106,82,58,288,8,118,126,414
11/02/2005,CHS,SC,ASO,ES,Combined TRACON& Tower with Radar,42,107,65,41,255,0,0,32,0,32,42,107,97,41,287,22,30,52,339
11/03/2005,CHS,SC,ASO,ES,Combined TRACON& Tower with Radar,49,100,67,63,279,0,0,40,1,41,49,100,107,64,320,6,80,86,406
11/04/2005,CHS,SC,ASO,ES,Combined TRACON& Tower with Radar,50,102,47,61,260,0,0,45,7,52,50,102,92,68,312,4,53,57,369
11/05/2005,CHS,SC,ASO,ES,Combined TRACON& Tower with Radar,39,91,50,44,224,0,0,38,0,38,39,91,88,44,262,22,60,82,344
11/06/2005,CHS,SC,ASO,ES,Combined TRACON& Tower with Radar,40,106,71,30,247,0,0,21,0,21,40,106,92,30,268,0,0,0,268
11/07/2005,CHS,SC,ASO,ES,Combined TRACON& Tower with Radar,41,109,52,40,242,0,0,36,0,36,41,109,88,40,278,0,56,56,334
11/08/2005,CHS,SC,ASO,ES,Combined TRACON& Tower with Radar,42,96,66,47,251,0,0,33,0,33,42,96,99,47,284,4,40,44,328
11/09/2005,CHS,SC,ASO,ES,Combined TRACON& Tower with Radar,40,110,83,34,267,0,0,41,0,41,40,110,124,34,308,0,18,18,326
11/10/2005,CHS,SC,ASO,ES,Combined TRACON& Tower with Radar,45,130,85,38,298,0,0,27,0,27,45,130,112,38,325,2,14,16,341
11/11/2005,CHS,SC,ASO,ES,Combined TRACON& Tower with Radar,39,105,99,20,263,0,0,33,5,38,39,105,132,25,301,10,6,16,317
11/12/2005,CHS,SC,ASO,ES,Combined TRACON& Tower with Radar,33,105,49,17,204,0,0,40,1,41,33,105,89,18,245,12,2,14,259
11/13/2005,CHS,SC,ASO,ES,Combined TRACON& Tower with Radar,24,99,69,7,199,0,0,36,0,36,24,99,105,7,235,10,0,10,245
11/14/2005,CHS,SC,ASO,ES,Combined TRACON& Tower with Radar,31,117,48,24,220,0,2,24,0,26,31,119,72,24,246,10,18,28,274
11/15/2005,CHS,SC,ASO,ES,Combined TRACON& Tower with Radar,39,98,57,47,241,0,0,33,0,33,39,98,90,47,274,6,24,30,304
11/16/2005,CHS,SC,ASO,ES,Combined TRACON& Tower with Radar,34,101,82,58,275,0,0,24,0,24,34,101,106,58,299,12,32,44,343
11/17/2005,CHS,SC,ASO,ES,Combined TRACON& Tower with Radar,34,114,69,75,292,0,0,33,0,33,34,114,102,75,325,6,82,88,413
11/18/2005,CHS,SC,ASO,ES,Combined TRACON& Tower with Radar,37,113,81,68,299,0,0,37,0,37,37,113,118,68,336,14,50,64,400
11/19/2005,CHS,SC,ASO,ES,Combined TRACON& Tower with Radar,33,108,30,40,211,0,0,30,0,30,33,108,60,40,241,10,50,60,301
11/20/2005,CHS,SC,ASO,ES,Combined TRACON& Tower with Radar,30,110,59,72,271,0,0,4,0,4,30,110,63,72,275,0,46,46,321
11/21/2005,CHS,SC,ASO,ES,Combined TRACON& Tower with Radar,32,113,61,28,234,0,0,0,0,0,32,113,61,28,234,6,4,10,244
11/22/2005,CHS,SC,ASO,ES,Combined TRACON& Tower with Radar,36,139,76,63,314,0,0,23,6,29,36,139,99,69,343,16,30,46,389
11/23/2005,CHS,SC,ASO,ES,Combined TRACON& Tower with Radar,36,140,74,40,290,0,0,39,0,39,36,140,113,40,329,2,18,20,349
11/24/2005,CHS,SC,ASO,ES,Combined TRACON& Tower with Radar,22,92,16,12,142,0,0,11,0,11,22,92,27,12,153,2,2,4,157
11/25/2005,CHS,SC,ASO,ES,Combined TRACON& Tower with Radar,36,80,47,10,173,0,2,34,0,36,36,82,81,10,209,4,2,6,215
11/26/2005,CHS,SC,ASO,ES,Combined TRACON& Tower with Radar,30,105,62,11,208,0,0,38,2,40,30,105,100,13,248,14,6,20,268
11/27/2005,CHS,SC,ASO,ES,Combined TRACON& Tower with Radar,28,133,95,17,273,0,0,2,1,3,28,133,97,18,276,6,0,6,282
11/28/2005,CHS,SC,ASO,ES,Combined TRACON& Tower with Radar,30,123,42,67,262,0,1,17,1,19,30,124,59,68,281,12,64,76,357
11/29/2005,CHS,SC,ASO,ES,Combined TRACON& Tower with Radar,32,118,62,35,247,0,0,13,0,13,32,118,75,35,260,2,10,12,272
11/30/2005,CHS,SC,ASO,ES,Combined TRACON& Tower with Radar,28,115,54,61,258,0,1,49,6,56,28,116,103,67,314,18,48,66,380
12/01/2005,CHS,SC,ASO,ES,Combined TRACON& Tower with Radar,37,110,55,46,248,0,0,60,4,64,37,110,115,50,312,22,49,71,383
12/02/2005,CHS,SC,ASO,ES,Combined TRACON& Tower with Radar,35,108,54,45,242,0,0,49,6,55,35,108,103,51,297,2,44,46,343
12/03/2005,CHS,SC,ASO,ES,Combined TRACON& Tower with Radar,27,103,34,49,213,0,0,36,3,39,27,103,70,52,252,16,44,60,312
12/04/2005,CHS,SC,ASO,ES,Combined TRACON& Tower with Radar,27,97,51,57,232,0,0,24,0,24,27,97,75,57,256,0,38,38,294
12/05/2005,CHS,SC,ASO,ES,Combined TRACON& Tower with Radar,26,100,51,65,242,0,0,14,0,14,26,100,65,65,256,0,62,62,318
12/06/2005,CHS,SC,ASO,ES,Combined TRACON& Tower with Radar,35,92,59,59,245,0,0,40,0,40,35,92,99,59,285,14,24,38,323
12/07/2005,CHS,SC,ASO,ES,Combined TRACON& Tower with Radar,30,104,55,54,243,0,0,39,1,40,30,104,94,55,283,12,60,72,355
12/08/2005,CHS,SC,ASO,ES,Combined TRACON& Tower with Radar,36,105,64,64,269,0,0,8,0,8,36,105,72,64,277,2,42,44,321
12/09/2005,CHS,SC,ASO,ES,Combined TRACON& Tower with Radar,41,99,61,67,268,0,0,23,2,25,41,99,84,69,293,0,56,56,349
12/10/2005,CHS,SC,ASO,ES,Combined TRACON& Tower with Radar,26,111,39,42,218,0,0,42,1,43,26,111,81,43,261,16,32,48,309
12/11/2005,CHS,SC,ASO,ES,Combined TRACON& Tower with Radar,33,100,40,28,201,0,0,24,0,24,33,100,64,28,225,8,8,16,241
12/12/2005,CHS,SC,ASO,ES,Combined TRACON& Tower with Radar,31,114,49,40,234,0,0,36,2,38,31,114,85,42,272,4,34,38,310
12/13/2005,CHS,SC,ASO,ES,Combined TRACON& Tower with Radar,29,107,53,46,235,0,0,33,0,33,29,107,86,46,268,0,30,30,298
12/14/2005,CHS,SC,ASO,ES,Combined TRACON& Tower with Radar,25,99,77,48,249,0,0,32,0,32,25,99,109,48,281,8,42,50,331
12/15/2005,CHS,SC,ASO,ES,Combined TRACON& Tower with Radar,28,115,52,69,264,0,0,0,0,0,28,115,52,69,264,6,100,106,370
12/16/2005,CHS,SC,ASO,ES,Combined TRACON& Tower with Radar,35,102,62,40,239,0,0,21,2,23,35,102,83,42,262,2,10,12,274
12/17/2005,CHS,SC,ASO,ES,Combined TRACON& Tower with Radar,22,109,33,5,169,0,0,14,0,14,22,109,47,5,183,2,0,2,185
12/18/2005,CHS,SC,ASO,ES,Combined TRACON& Tower with Radar,24,97,41,15,177,0,0,0,0,0,24,97,41,15,177,0,12,12,189
12/19/2005,CHS,SC,ASO,ES,Combined TRACON& Tower with Radar,28,108,57,23,216,0,0,15,0,15,28,108,72,23,231,0,12,12,243
12/20/2005,CHS,SC,ASO,ES,Combined TRACON& Tower with Radar,33,88,54,41,216,1,0,29,10,40,34,88,83,51,256,8,22,30,286
12/21/2005,CHS,SC,ASO,ES,Combined TRACON& Tower with Radar,37,109,71,31,248,0,1,39,6,46,37,110,110,37,294,2,32,34,328
12/22/2005,CHS,SC,ASO,ES,Combined TRACON& Tower with Radar,31,115,44,46,236,0,1,35,2,38,31,116,79,48,274,4,34,38,312
12/23/2005,CHS,SC,ASO,ES,Combined TRACON& Tower with Radar,33,114,31,22,200,0,2,20,0,22,33,116,51,22,222,4,10,14,236
12/24/2005,CHS,SC,ASO,ES,Combined TRACON& Tower with Radar,20,92,20,1,133,0,0,23,0,23,20,92,43,1,156,0,0,0,156
12/25/2005,CHS,SC,ASO,ES,Combined TRACON& Tower with Radar,26,93,8,1,128,0,0,3,0,3,26,93,11,1,131,0,0,0,131
12/26/2005,CHS,SC,ASO,ES,Combined TRACON& Tower with Radar,38,90,51,8,187,0,0,18,5,23,38,90,69,13,210,6,0,6,216
12/27/2005,CHS,SC,ASO,ES,Combined TRACON& Tower with Radar,29,102,37,70,238,0,5,24,1,30,29,107,61,71,268,10,58,68,336
12/28/2005,CHS,SC,ASO,ES,Combined TRACON& Tower with Radar,22,102,42,48,214,0,0,23,43,66,22,102,65,91,280,20,68,88,368
12/29/2005,CHS,SC,ASO,ES,Combined TRACON& Tower with Radar,31,97,42,56,226,0,0,30,2,32,31,97,72,58,258,10,28,38,296
12/30/2005,CHS,SC,ASO,ES,Combined TRACON& Tower with Radar,39,106,38,24,207,0,0,35,0,35,39,106,73,24,242,2,6,8,250
12/31/2005,CHS,SC,ASO,ES,Combined TRACON& Tower with Radar,28,85,25,4,142,0,0,10,0,10,28,85,35,4,152,0,0,0,152
01/01/2006,CHS,SC,ASO,ES,Combined TRACON& Tower with Radar,16,101,41,1,159,0,0,13,0,13,16,101,54,1,172,6,0,6,178
01/02/2006,CHS,SC,ASO,ES,Combined TRACON& Tower with Radar,24,90,40,14,168,0,0,1,0,1,24,90,41,14,169,0,0,0,169
01/03/2006,CHS,SC,ASO,ES,Combined TRACON& Tower with Radar,37,103,58,45,243,0,1,22,0,23,37,104,80,45,266,2,36,38,304
01/04/2006,CHS,SC,ASO,ES,Combined TRACON& Tower with Radar,50,76,60,62,248,0,0,37,1,38,50,76,97,63,286,8,40,48,334
01/05/2006,CHS,SC,ASO,ES,Combined TRACON& Tower with Radar,35,91,50,68,244,0,0,32,4,36,35,91,82,72,280,8,36,44,324
01/06/2006,CHS,SC,ASO,ES,Combined TRACON& Tower with Radar,52,75,29,55,211,0,0,24,0,24,52,75,53,55,235,4,14,18,253
01/07/2006,CHS,SC,ASO,ES,Combined TRACON& Tower with Radar,38,64,26,25,153,0,0,29,0,29,38,64,55,25,182,12,4,16,198
01/08/2006,CHS,SC,ASO,ES,Combined TRACON& Tower with Radar,32,82,44,46,204,0,0,35,7,42,32,82,79,53,246,12,32,44,290
01/09/2006,CHS,SC,ASO,ES,Combined TRACON& Tower with Radar,36,99,62,42,239,0,0,13,0,13,36,99,75,42,252,2,24,26,278
01/10/2006,CHS,SC,ASO,ES,Combined TRACON& Tower with Radar,29,89,52,49,219,0,1,33,0,34,29,90,85,49,253,2,30,32,285
01/11/2006,CHS,SC,ASO,ES,Combined TRACON& Tower with Radar,29,102,57,45,233,0,0,23,0,23,29,102,80,45,256,0,32,32,288
01/12/2006,CHS,SC,ASO,ES,Combined TRACON& Tower with Radar,31,90,77,35,233,0,0,23,0,23,31,90,100,35,256,8,38,46,302
01/13/2006,CHS,SC,ASO,ES,Combined TRACON& Tower with Radar,31,98,68,51,248,0,0,23,0,23,31,98,91,51,271,2,44,46,317
01/14/2006,CHS,SC,ASO,ES,Combined TRACON& Tower with Radar,39,72,35,35,181,0,0,9,0,9,39,72,44,35,190,8,10,18,208
01/15/2006,CHS,SC,ASO,ES,Combined TRACON& Tower with Radar,37,77,31,22,167,0,0,15,0,15,37,77,46,22,182,2,4,6,188
01/16/2006,CHS,SC,ASO,ES,Combined TRACON& Tower with Radar,40,103,55,17,215,0,0,30,2,32,40,103,85,19,247,16,10,26,273
01/17/2006,CHS,SC,ASO,ES,Combined TRACON& Tower with Radar,40,91,45,41,217,0,2,14,0,16,40,93,59,41,233,0,22,22,255
01/18/2006,CHS,SC,ASO,ES,Combined TRACON& Tower with Radar,25,84,33,46,188,0,2,12,0,14,25,86,45,46,202,2,20,22,224
01/19/2006,CHS,SC,ASO,ES,Combined TRACON& Tower with Radar,44,81,59,66,250,0,2,61,1,64,44,83,120,67,314,8,12,20,334
01/20/2006,CHS,SC,ASO,ES,Combined TRACON& Tower with Radar,52,81,55,75,263,0,3,52,5,60,52,84,107,80,323,12,64,76,399
01/21/2006,CHS,SC,ASO,ES,Combined TRACON& Tower with Radar,37,65,39,63,204,0,0,27,1,28,37,65,66,64,232,10,52,62,294
01/22/2006,CHS,SC,ASO,ES,Combined TRACON& Tower with Radar,39,73,49,35,196,0,0,0,0,0,39,73,49,35,196,4,8,12,208
01/23/2006,CHS,SC,ASO,ES,Combined TRACON& Tower with Radar,31,97,62,29,219,0,0,0,0,0,31,97,62,29,219,8,20,28,247
01/24/2006,CHS,SC,ASO,ES,Combined TRACON& Tower with Radar,32,95,64,66,257,0,0,27,0,27,32,95,91,66,284,0,68,68,352
01/25/2006,CHS,SC,ASO,ES,Combined TRACON& Tower with Radar,33,85,48,48,214,0,1,38,1,40,33,86,86,49,254,10,46,56,310
01/26/2006,CHS,SC,ASO,ES,Combined TRACON& Tower with Radar,30,102,65,43,240,0,2,40,0,42,30,104,105,43,282,8,68,76,358
01/27/2006,CHS,SC,ASO,ES,Combined TRACON& Tower with Radar,48,90,71,56,265,0,1,21,0,22,48,91,92,56,287,4,54,58,345
01/28/2006,CHS,SC,ASO,ES,Combined TRACON& Tower with Radar,38,65,47,59,209,0,12,40,16,68,38,77,87,75,277,10,62,72,349
01/29/2006,CHS,SC,ASO,ES,Combined TRACON& Tower with Radar,35,81,45,59,220,0,0,9,4,13,35,81,54,63,233,0,34,34,267
01/30/2006,CHS,SC,ASO,ES,Combined TRACON& Tower with Radar,38,92,58,55,243,0,0,5,6,11,38,92,63,61,254,4,32,36,290
01/31/2006,CHS,SC,ASO,ES,Combined TRACON& Tower with Radar,61,65,72,89,287,0,0,16,0,16,61,65,88,89,303,18,42,60,363
02/01/2006,CHS,SC,ASO,ES,Combined TRACON& Tower with Radar,33,105,81,80,299,0,0,37,1,38,33,105,118,81,337,14,94,108,445
02/02/2006,CHS,SC,ASO,ES,Combined TRACON& Tower with Radar,29,92,61,73,255,0,0,25,0,25,29,92,86,73,280,10,62,72,352
02/03/2006,CHS,SC,ASO,ES,Combined TRACON& Tower with Radar,43,88,53,49,233,0,0,0,0,0,43,88,53,49,233,15,71,86,319
02/04/2006,CHS,SC,ASO,ES,Combined TRACON& Tower with Radar,35,64,33,26,158,0,0,2,1,3,35,64,35,27,161,0,0,0,161
02/05/2006,CHS,SC,ASO,ES,Combined TRACON& Tower with Radar,33,83,25,0,141,0,0,33,25,58,33,83,58,25,199,12,8,20,219
02/06/2006,CHS,SC,ASO,ES,Combined TRACON& Tower with Radar,28,84,36,44,192,0,0,23,1,24,28,84,59,45,216,2,46,48,264
02/07/2006,CHS,SC,ASO,ES,Combined TRACON& Tower with Radar,31,91,52,29,203,0,1,0,0,1,31,92,52,29,204,2,0,2,206
02/08/2006,CHS,SC,ASO,ES,Combined TRACON& Tower with Radar,34,95,54,83,266,0,0,38,3,41,34,95,92,86,307,1,16,17,324
02/09/2006,CHS,SC,ASO,ES,Combined TRACON& Tower with Radar,34,106,60,106,306,0,0,54,1,55,34,106,114,107,361,8,82,90,451
02/10/2006,CHS,SC,ASO,ES,Combined TRACON& Tower with Radar,47,90,73,65,275,0,1,27,6,34,47,91,100,71,309,8,46,54,363
02/11/2006,CHS,SC,ASO,ES,Combined TRACON& Tower with Radar,30,70,18,47,165,0,0,2,1,3,30,70,20,48,168,0,22,22,190
02/12/2006,CHS,SC,ASO,ES,Combined TRACON& Tower with Radar,33,63,43,44,183,0,0,14,0,14,33,63,57,44,197,6,32,38,235
02/13/2006,CHS,SC,ASO,ES,Combined TRACON& Tower with Radar,33,98,65,59,255,0,0,27,0,27,33,98,92,59,282,10,52,62,344
02/14/2006,CHS,SC,ASO,ES,Combined TRACON& Tower with Radar,36,92,55,62,245,0,0,11,0,11,36,92,66,62,256,4,16,20,276
02/15/2006,CHS,SC,ASO,ES,Combined TRACON& Tower with Radar,28,103,75,66,272,0,0,39,0,39,28,103,114,66,311,12,44,56,367
02/16/2006,CHS,SC,ASO,ES,Combined TRACON& Tower with Radar,38,98,80,55,271,0,0,26,5,31,38,98,106,60,302,6,60,66,368
02/17/2006,CHS,SC,ASO,ES,Combined TRACON& Tower with Radar,50,90,78,88,306,0,0,33,0,33,50,90,111,88,339,10,96,106,445
02/18/2006,CHS,SC,ASO,ES,Combined TRACON& Tower with Radar,34,70,39,25,168,0,0,21,0,21,34,70,60,25,189,8,8,16,205
02/19/2006,CHS,SC,ASO,ES,Combined TRACON& Tower with Radar,37,77,42,34,190,0,0,16,0,16,37,77,58,34,206,0,42,42,248
02/20/2006,CHS,SC,ASO,ES,Combined TRACON& Tower with Radar,34,96,85,18,233,0,5,7,0,12,34,101,92,18,245,0,0,0,245
02/21/2006,CHS,SC,ASO,ES,Combined TRACON& Tower with Radar,33,99,60,54,246,0,1,1,0,2,33,100,61,54,248,6,38,44,292
02/22/2006,CHS,SC,ASO,ES,Combined TRACON& Tower with Radar,36,88,60,61,245,0,1,16,0,17,36,89,76,61,262,6,50,56,318
02/23/2006,CHS,SC,ASO,ES,Combined TRACON& Tower with Radar,32,92,62,30,216,0,3,11,0,14,32,95,73,30,230,6,22,28,258
02/24/2006,CHS,SC,ASO,ES,Combined TRACON& Tower with Radar,44,87,98,51,280,0,5,44,3,52,44,92,142,54,332,14,61,75,407
02/25/2006,CHS,SC,ASO,ES,Combined TRACON& Tower with Radar,43,71,33,28,175,0,0,14,0,14,43,71,47,28,189,0,10,10,199
02/26/2006,CHS,SC,ASO,ES,Combined TRACON& Tower with Radar,44,70,43,36,193,0,0,24,7,31,44,70,67,43,224,2,4,6,230
02/27/2006,CHS,SC,ASO,ES,Combined TRACON& Tower with Radar,29,89,36,23,177,0,0,26,0,26,29,89,62,23,203,0,36,36,239
02/28/2006,CHS,SC,ASO,ES,Combined TRACON& Tower with Radar,44,77,52,38,211,0,0,18,0,18,44,77,70,38,229,10,20,30,259
03/01/2006,CHS,SC,ASO,ES,Combined TRACON& Tower with Radar,39,96,63,30,228,0,1,20,2,23,39,97,83,32,251,0,10,10,261
03/02/2006,CHS,SC,ASO,ES,Combined TRACON& Tower with Radar,37,84,69,54,244,0,0,13,2,15,37,84,82,56,259,0,50,50,309
03/03/2006,CHS,SC,ASO,ES,Combined TRACON& Tower with Radar,56,89,76,64,285,0,0,27,5,32,56,89,103,69,317,10,78,88,405
03/04/2006,CHS,SC,ASO,ES,Combined TRACON& Tower with Radar,34,87,36,73,230,0,0,45,1,46,34,87,81,74,276,8,36,44,320
03/05/2006,CHS,SC,ASO,ES,Combined TRACON& Tower with Radar,51,71,61,28,211,0,2,36,4,42,51,73,97,32,253,4,8,12,265
03/06/2006,CHS,SC,ASO,ES,Combined TRACON& Tower with Radar,32,94,67,37,230,0,0,21,3,24,32,94,88,40,254,8,22,30,284
03/07/2006,CHS,SC,ASO,ES,Combined TRACON& Tower with Radar,46,85,55,47,233,0,1,17,2,20,46,86,72,49,253,2,36,38,291
03/08/2006,CHS,SC,ASO,ES,Combined TRACON& Tower with Radar,37,89,72,66,264,0,0,32,2,34,37,89,104,68,298,2,99,101,399
03/09/2006,CHS,SC,ASO,ES,Combined TRACON& Tower with Radar,46,93,64,79,282,0,0,28,4,32,46,93,92,83,314,0,36,36,350
03/10/2006,CHS,SC,ASO,ES,Combined TRACON& Tower with Radar,51,97,58,69,275,0,0,5,4,9,51,97,63,73,284,2,70,72,356
03/11/2006,CHS,SC,ASO,ES,Combined TRACON& Tower with Radar,43,78,53,35,209,0,0,37,9,46,43,78,90,44,255,16,16,32,287
03/12/2006,CHS,SC,ASO,ES,Combined TRACON& Tower with Radar,33,84,77,39,233,0,0,35,1,36,33,84,112,40,269,14,48,62,331
03/13/2006,CHS,SC,ASO,ES,Combined TRACON& Tower with Radar,32,89,83,35,239,0,1,24,0,25,32,90,107,35,264,8,32,40,304
03/14/2006,CHS,SC,ASO,ES,Combined TRACON& Tower with Radar,46,85,59,46,236,0,0,21,0,21,46,85,80,46,257,0,22,22,279
03/15/2006,CHS,SC,ASO,ES,Combined TRACON& Tower with Radar,35,102,73,44,254,0,0,37,1,38,35,102,110,45,292,14,22,36,328
03/16/2006,CHS,SC,ASO,ES,Combined TRACON& Tower with Radar,39,94,86,39,258,0,1,27,3,31,39,95,113,42,289,8,48,56,345
03/17/2006,CHS,SC,ASO,ES,Combined TRACON& Tower with Radar,51,92,51,39,233,0,0,33,1,34,51,92,84,40,267,0,6,6,273
03/18/2006,CHS,SC,ASO,ES,Combined TRACON& Tower with Radar,43,81,51,47,222,0,0,30,0,30,43,81,81,47,252,8,26,34,286
03/19/2006,CHS,SC,ASO,ES,Combined TRACON& Tower with Radar,31,86,62,46,225,0,2,29,1,32,31,88,91,47,257,10,24,34,291
03/20/2006,CHS,SC,ASO,ES,Combined TRACON& Tower with Radar,29,101,57,45,232,0,0,17,0,17,29,101,74,45,249,4,40,44,293
03/21/2006,CHS,SC,ASO,ES,Combined TRACON& Tower with Radar,39,91,69,81,280,0,0,3,0,3,39,91,72,81,283,0,74,74,357
03/22/2006,CHS,SC,ASO,ES,Combined TRACON& Tower with Radar,34,94,63,70,261,0,0,50,2,52,34,94,113,72,313,14,54,68,381
03/23/2006,CHS,SC,ASO,ES,Combined TRACON& Tower with Radar,36,101,65,42,244,0,1,31,1,33,36,102,96,43,277,2,8,10,287
03/24/2006,CHS,SC,ASO,ES,Combined TRACON& Tower with Radar,49,99,91,42,281,0,1,28,2,31,49,100,119,44,312,14,24,38,350
03/25/2006,CHS,SC,ASO,ES,Combined TRACON& Tower with Radar,40,94,50,46,230,0,0,40,0,40,40,94,90,46,270,6,18,24,294
03/26/2006,CHS,SC,ASO,ES,Combined TRACON& Tower with Radar,40,85,76,45,246,0,0,32,1,33,40,85,108,46,279,4,20,24,303
03/27/2006,CHS,SC,ASO,ES,Combined TRACON& Tower with Radar,33,86,63,32,214,0,0,32,0,32,33,86,95,32,246,16,23,39,285
03/28/2006,CHS,SC,ASO,ES,Combined TRACON& Tower with Radar,42,93,73,55,263,0,0,34,0,34,42,93,107,55,297,14,62,76,373
03/29/2006,CHS,SC,ASO,ES,Combined TRACON& Tower with Radar,37,101,74,60,272,0,2,39,3,44,37,103,113,63,316,4,46,50,366
03/30/2006,CHS,SC,ASO,ES,Combined TRACON& Tower with Radar,40,94,90,41,265,0,2,31,0,33,40,96,121,41,298,0,12,12,310
03/31/2006,CHS,SC,ASO,ES,Combined TRACON& Tower with Radar,44,83,100,73,300,0,2,28,0,30,44,85,128,73,330,5,74,79,409
04/01/2006,CHS,SC,ASO,ES,Combined TRACON& Tower with Radar,42,82,35,53,212,0,0,39,2,41,42,82,74,55,253,4,26,30,283
04/02/2006,CHS,SC,ASO,ES,Combined TRACON& Tower with Radar,28,86,93,44,251,0,0,49,0,49,28,86,142,44,300,0,10,10,310
04/03/2006,CHS,SC,ASO,ES,Combined TRACON& Tower with Radar,33,104,37,53,227,0,0,22,0,22,33,104,59,53,249,12,52,64,313
04/04/2006,CHS,SC,ASO,ES,Combined TRACON& Tower with Radar,41,97,52,69,259,0,0,54,2,56,41,97,106,71,315,8,72,80,395
04/05/2006,CHS,SC,ASO,ES,Combined TRACON& Tower with Radar,29,108,53,56,246,0,2,44,1,47,29,110,97,57,293,4,20,24,317
04/06/2006,CHS,SC,ASO,ES,Combined TRACON& Tower with Radar,32,99,92,39,262,0,1,49,6,56,32,100,141,45,318,4,42,46,364
04/07/2006,CHS,SC,ASO,ES,Combined TRACON& Tower with Radar,40,78,64,39,221,0,2,42,10,54,40,80,106,49,275,0,32,32,307
04/08/2006,CHS,SC,ASO,ES,Combined TRACON& Tower with Radar,27,51,29,10,117,0,0,3,6,9,27,51,32,16,126,0,14,14,140
04/09/2006,CHS,SC,ASO,ES,Combined TRACON& Tower with Radar,35,105,81,57,278,0,0,55,9,64,35,105,136,66,342,2,4,6,348
04/10/2006,CHS,SC,ASO,ES,Combined TRACON& Tower with Radar,31,104,67,68,270,0,2,28,0,30,31,106,95,68,300,4,72,76,376
04/11/2006,CHS,SC,ASO,ES,Combined TRACON& Tower with Radar,51,87,61,48,247,0,0,27,0,27,51,87,88,48,274,0,38,38,312
04/12/2006,CHS,SC,ASO,ES,Combined TRACON& Tower with Radar,41,91,74,47,253,0,0,38,4,42,41,91,112,51,295,2,32,34,329
04/13/2006,CHS,SC,ASO,ES,Combined TRACON& Tower with Radar,45,103,85,64,297,0,0,30,0,30,45,103,115,64,327,8,42,50,377
04/14/2006,CHS,SC,ASO,ES,Combined TRACON& Tower with Radar,43,109,69,53,274,0,0,46,4,50,43,109,115,57,324,8,44,52,376
04/15/2006,CHS,SC,ASO,ES,Combined TRACON& Tower with Radar,38,85,36,15,174,0,0,27,1,28,38,85,63,16,202,0,0,0,202
04/16/2006,CHS,SC,ASO,ES,Combined TRACON& Tower with Radar,31,96,44,5,176,0,0,36,0,36,31,96,80,5,212,0,2,2,214
04/17/2006,CHS,SC,ASO,ES,Combined TRACON& Tower with Radar,35,127,76,37,275,0,0,21,0,21,35,127,97,37,296,20,0,20,316
04/18/2006,CHS,SC,ASO,ES,Combined TRACON& Tower with Radar,36,113,85,78,312,0,1,31,4,36,36,114,116,82,348,0,40,40,388
04/19/2006,CHS,SC,ASO,ES,Combined TRACON& Tower with Radar,36,107,77,58,278,0,1,22,0,23,36,108,99,58,301,0,56,56,357
04/20/2006,CHS,SC,ASO,ES,Combined TRACON& Tower with Radar,42,108,85,54,289,0,0,46,6,52,42,108,131,60,341,0,66,66,407
04/21/2006,CHS,SC,ASO,ES,Combined TRACON& Tower with Radar,49,96,77,52,274,0,1,49,1,51,49,97,126,53,325,10,52,62,387
04/22/2006,CHS,SC,ASO,ES,Combined TRACON& Tower with Radar,46,90,31,39,206,0,0,7,0,7,46,90,38,39,213,4,6,10,223
04/23/2006,CHS,SC,ASO,ES,Combined TRACON& Tower with Radar,31,123,68,40,262,0,0,29,4,33,31,123,97,44,295,4,36,40,335
04/24/2006,CHS,SC,ASO,ES,Combined TRACON& Tower with Radar,34,112,62,39,247,0,0,47,0,47,34,112,109,39,294,4,70,74,368
04/25/2006,CHS,SC,ASO,ES,Combined TRACON& Tower with Radar,42,96,62,63,263,0,0,37,3,40,42,96,99,66,303,4,54,58,361
04/26/2006,CHS,SC,ASO,ES,Combined TRACON& Tower with Radar,43,117,90,53,303,0,0,12,0,12,43,117,102,53,315,0,52,52,367
04/27/2006,CHS,SC,ASO,ES,Combined TRACON& Tower with Radar,29,112,121,40,302,0,0,8,0,8,29,112,129,40,310,10,36,46,356
04/28/2006,CHS,SC,ASO,ES,Combined TRACON& Tower with Radar,33,116,73,70,292,0,1,51,1,53,33,117,124,71,345,0,34,34,379
04/29/2006,CHS,SC,ASO,ES,Combined TRACON& Tower with Radar,43,78,38,43,202,0,0,37,2,39,43,78,75,45,241,8,18,26,267
04/30/2006,CHS,SC,ASO,ES,Combined TRACON& Tower with Radar,15,120,64,31,230,0,0,30,3,33,15,120,94,34,263,6,6,12,275
05/01/2006,CHS,SC,ASO,ES,Combined TRACON& Tower with Radar,23,114,53,42,232,0,1,33,0,34,23,115,86,42,266,0,30,30,296
05/02/2006,CHS,SC,ASO,ES,Combined TRACON& Tower with Radar,51,95,59,72,277,0,0,33,0,33,51,95,92,72,310,6,72,78,388
05/03/2006,CHS,SC,ASO,ES,Combined TRACON& Tower with Radar,29,116,78,54,277,0,0,38,13,51,29,116,116,67,328,0,26,26,354
05/04/2006,CHS,SC,ASO,ES,Combined TRACON& Tower with Radar,44,94,92,56,286,0,1,39,2,42,44,95,131,58,328,2,78,80,408
05/05/2006,CHS,SC,ASO,ES,Combined TRACON& Tower with Radar,36,99,50,44,229,0,0,25,0,25,36,99,75,44,254,2,28,30,284
05/06/2006,CHS,SC,ASO,ES,Combined TRACON& Tower with Radar,61,73,51,33,218,0,0,35,3,38,61,73,86,36,256,2,14,16,272
05/07/2006,CHS,SC,ASO,ES,Combined TRACON& Tower with Radar,0,0,0,0,0,37,91,67,39,234,37,91,67,39,234,4,22,26,260
05/08/2006,CHS,SC,ASO,ES,Combined TRACON& Tower with Radar,42,114,88,69,313,0,0,0,0,0,42,114,88,69,313,0,26,26,339
05/09/2006,CHS,SC,ASO,ES,Combined TRACON& Tower with Radar,33,100,63,45,241,0,0,16,0,16,33,100,79,45,257,10,22,32,289
05/10/2006,CHS,SC,ASO,ES,Combined TRACON& Tower with Radar,31,123,99,48,301,0,0,16,0,16,31,123,115,48,317,10,44,54,371
05/11/2006,CHS,SC,ASO,ES,Combined TRACON& Tower with Radar,31,115,66,62,274,0,2,22,4,28,31,117,88,66,302,4,32,36,338
05/12/2006,CHS,SC,ASO,ES,Combined TRACON& Tower with Radar,39,111,62,45,257,0,0,59,1,60,39,111,121,46,317,14,28,42,359
05/13/2006,CHS,SC,ASO,ES,Combined TRACON& Tower with Radar,0,0,0,0,0,44,96,77,50,267,44,96,77,50,267,24,28,52,319
05/14/2006,CHS,SC,ASO,ES,Combined TRACON& Tower with Radar,35,100,54,34,223,0,0,11,0,11,35,100,65,34,234,0,32,32,266
05/15/2006,CHS,SC,ASO,ES,Combined TRACON& Tower with Radar,44,109,43,40,236,0,0,13,3,16,44,109,56,43,252,0,26,26,278
05/16/2006,CHS,SC,ASO,ES,Combined TRACON& Tower with Radar,42,98,59,53,252,0,0,28,3,31,42,98,87,56,283,8,62,70,353
05/17/2006,CHS,SC,ASO,ES,Combined TRACON& Tower with Radar,38,112,94,53,297,0,0,61,3,64,38,112,155,56,361,8,32,40,401
05/18/2006,CHS,SC,ASO,ES,Combined TRACON& Tower with Radar,42,112,68,51,273,0,0,34,3,37,42,112,102,54,310,16,42,58,368
05/19/2006,CHS,SC,ASO,ES,Combined TRACON& Tower with Radar,55,99,74,41,269,0,0,26,4,30,55,99,100,45,299,0,30,30,329
05/20/2006,CHS,SC,ASO,ES,Combined TRACON& Tower with Radar,41,97,17,21,176,0,1,23,0,24,41,98,40,21,200,0,2,2,202
05/21/2006,CHS,SC,ASO,ES,Combined TRACON& Tower with Radar,50,86,63,30,229,0,0,28,0,28,50,86,91,30,257,14,4,18,275
05/22/2006,CHS,SC,ASO,ES,Combined TRACON& Tower with Radar,31,117,46,57,251,0,0,17,0,17,31,117,63,57,268,2,26,28,296
05/23/2006,CHS,SC,ASO,ES,Combined TRACON& Tower with Radar,40,96,63,74,273,0,0,28,3,31,40,96,91,77,304,20,58,78,382
05/24/2006,CHS,SC,ASO,ES,Combined TRACON& Tower with Radar,28,111,95,37,271,0,0,42,0,42,28,111,137,37,313,10,14,24,337
05/25/2006,CHS,SC,ASO,ES,Combined TRACON& Tower with Radar,31,127,83,33,274,0,1,25,0,26,31,128,108,33,300,2,4,6,306
05/26/2006,CHS,SC,ASO,ES,Combined TRACON& Tower with Radar,84,61,94,21,260,0,2,41,3,46,84,63,135,24,306,6,4,10,316
05/27/2006,CHS,SC,ASO,ES,Combined TRACON& Tower with Radar,38,91,81,13,223,0,0,0,0,0,38,91,81,13,223,12,0,12,235
05/28/2006,CHS,SC,ASO,ES,Combined TRACON& Tower with Radar,0,0,0,0,0,29,89,70,11,199,29,89,70,11,199,20,10,30,229
05/29/2006,CHS,SC,ASO,ES,Combined TRACON& Tower with Radar,0,0,0,0,0,46,85,60,14,205,46,85,60,14,205,16,0,16,221
05/30/2006,CHS,SC,ASO,ES,Combined TRACON& Tower with Radar,26,110,59,37,232,0,1,33,0,34,26,111,92,37,266,2,40,42,308
05/31/2006,CHS,SC,ASO,ES,Combined TRACON& Tower with Radar,29,116,64,52,261,0,0,23,0,23,29,116,87,52,284,6,10,16,300
06/01/2006,CHS,SC,ASO,ES,Combined TRACON& Tower with Radar,30,132,89,78,329,0,0,14,0,14,30,132,103,78,343,100,58,158,501
06/02/2006,CHS,SC,ASO,ES,Combined TRACON& Tower with Radar,53,84,66,54,257,0,3,26,0,29,53,87,92,54,286,4,78,82,368
06/03/2006,CHS,SC,ASO,ES,Combined TRACON& Tower with Radar,42,83,48,48,221,0,0,10,0,10,42,83,58,48,231,12,26,38,269
06/04/2006,CHS,SC,ASO,ES,Combined TRACON& Tower with Radar,0,0,0,0,0,29,117,97,45,288,29,117,97,45,288,0,22,22,310
06/05/2006,CHS,SC,ASO,ES,Combined TRACON& Tower with Radar,0,0,0,0,0,0,0,0,0,0,0,0,0,0,0,0,0,0,0
06/06/2006,CHS,SC,ASO,ES,Combined TRACON& Tower with Radar,42,94,66,47,249,0,1,30,10,41,42,95,96,57,290,0,42,42,332
06/07/2006,CHS,SC,ASO,ES,Combined TRACON& Tower with Radar,42,104,85,58,289,0,2,36,6,44,42,106,121,64,333,6,48,54,387
06/08/2006,CHS,SC,ASO,ES,Combined TRACON& Tower with Radar,49,103,68,52,272,0,5,32,0,37,49,108,100,52,309,2,16,18,327
06/09/2006,CHS,SC,ASO,ES,Combined TRACON& Tower with Radar,56,85,62,33,236,0,0,10,6,16,56,85,72,39,252,3,42,45,297
06/10/2006,CHS,SC,ASO,ES,Combined TRACON& Tower with Radar,32,115,52,34,233,0,0,34,0,34,32,115,86,34,267,2,14,16,283
06/11/2006,CHS,SC,ASO,ES,Combined TRACON& Tower with Radar,0,0,0,0,0,34,98,119,36,287,34,98,119,36,287,2,8,10,297
06/12/2006,CHS,SC,ASO,ES,Combined TRACON& Tower with Radar,39,96,59,25,219,0,0,23,0,23,39,96,82,25,242,20,26,46,288
06/13/2006,CHS,SC,ASO,ES,Combined TRACON& Tower with Radar,29,116,63,27,235,0,0,1,1,2,29,116,64,28,237,0,36,36,273
06/14/2006,CHS,SC,ASO,ES,Combined TRACON& Tower with Radar,43,99,48,48,238,0,5,8,0,13,43,104,56,48,251,2,38,40,291
06/15/2006,CHS,SC,ASO,ES,Combined TRACON& Tower with Radar,0,0,0,0,0,46,105,130,71,352,46,105,130,71,352,0,62,62,414
06/16/2006,CHS,SC,ASO,ES,Combined TRACON& Tower with Radar,42,98,95,41,276,0,2,39,2,43,42,100,134,43,319,6,28,34,353
06/17/2006,CHS,SC,ASO,ES,Combined TRACON& Tower with Radar,51,85,35,31,202,0,0,24,0,24,51,85,59,31,226,0,24,24,250
06/18/2006,CHS,SC,ASO,ES,Combined TRACON& Tower with Radar,0,0,0,0,0,31,88,55,44,218,31,88,55,44,218,6,14,20,238
06/19/2006,CHS,SC,ASO,ES,Combined TRACON& Tower with Radar,0,0,0,0,0,37,91,81,61,270,37,91,81,61,270,17,60,77,347
06/20/2006,CHS,SC,ASO,ES,Combined TRACON& Tower with Radar,35,107,66,64,272,0,0,39,4,43,35,107,105,68,315,2,18,20,335
06/21/2006,CHS,SC,ASO,ES,Combined TRACON& Tower with Radar,31,106,84,53,274,0,0,41,1,42,31,106,125,54,316,8,50,58,374
06/22/2006,CHS,SC,ASO,ES,Combined TRACON& Tower with Radar,39,108,82,65,294,0,0,54,0,54,39,108,136,65,348,14,74,88,436
06/23/2006,CHS,SC,ASO,ES,Combined TRACON& Tower with Radar,47,70,60,85,262,0,0,30,1,31,47,70,90,86,293,10,86,96,389
06/24/2006,CHS,SC,ASO,ES,Combined TRACON& Tower with Radar,41,88,37,60,226,0,0,29,5,34,41,88,66,65,260,8,32,40,300
06/25/2006,CHS,SC,ASO,ES,Combined TRACON& Tower with Radar,23,105,44,52,224,0,0,1,0,1,23,105,45,52,225,2,32,34,259
06/26/2006,CHS,SC,ASO,ES,Combined TRACON& Tower with Radar,51,69,48,49,217,0,0,0,0,0,51,69,48,49,217,29,77,106,323
06/27/2006,CHS,SC,ASO,ES,Combined TRACON& Tower with Radar,47,70,60,85,262,0,0,30,1,31,47,70,90,86,293,10,86,96,389
06/28/2006,CHS,SC,ASO,ES,Combined TRACON& Tower with Radar,45,66,60,79,250,0,0,30,1,31,45,66,90,80,281,10,86,96,377
06/29/2006,CHS,SC,ASO,ES,Combined TRACON& Tower with Radar,0,0,0,0,0,56,97,126,28,307,56,97,126,28,307,10,18,28,335
06/30/2006,CHS,SC,ASO,ES,Combined TRACON& Tower with Radar,53,89,83,61,286,0,2,55,1,58,53,91,138,62,344,8,38,46,390
07/01/2006,CHS,SC,ASO,ES,Combined TRACON& Tower with Radar,38,92,44,15,189,0,0,44,1,45,38,92,88,16,234,6,0,6,240
07/02/2006,CHS,SC,ASO,ES,Combined TRACON& Tower with Radar,27,85,35,7,154,0,0,36,0,36,27,85,71,7,190,2,0,2,192
07/03/2006,CHS,SC,ASO,ES,Combined TRACON& Tower with Radar,31,83,29,10,153,0,0,52,0,52,31,83,81,10,205,6,0,6,211
07/04/2006,CHS,SC,ASO,ES,Combined TRACON& Tower with Radar,34,72,16,8,130,0,0,21,0,21,34,72,37,8,151,6,0,6,157
07/05/2006,CHS,SC,ASO,ES,Combined TRACON& Tower with Radar,33,98,52,52,235,0,0,40,0,40,33,98,92,52,275,0,24,24,299
07/06/2006,CHS,SC,ASO,ES,Combined TRACON& Tower with Radar,33,105,47,35,220,0,0,14,0,14,33,105,61,35,234,6,2,8,242
07/07/2006,CHS,SC,ASO,ES,Combined TRACON& Tower with Radar,48,99,52,47,246,0,0,26,5,31,48,99,78,52,277,14,30,44,321
07/08/2006,CHS,SC,ASO,ES,Combined TRACON& Tower with Radar,39,87,47,52,225,0,0,38,1,39,39,87,85,53,264,8,22,30,294
07/09/2006,CHS,SC,ASO,ES,Combined TRACON& Tower with Radar,18,96,48,51,213,0,1,20,3,24,18,97,68,54,237,2,42,44,281
07/10/2006,CHS,SC,ASO,ES,Combined TRACON& Tower with Radar,28,112,22,15,177,0,0,2,0,2,28,112,24,15,179,2,38,40,219
07/11/2006,CHS,SC,ASO,ES,Combined TRACON& Tower with Radar,39,90,59,47,235,0,1,31,1,33,39,91,90,48,268,6,16,22,290
07/12/2006,CHS,SC,ASO,ES,Combined TRACON& Tower with Radar,49,85,56,37,227,0,2,32,0,34,49,87,88,37,261,10,10,20,281
07/13/2006,CHS,SC,ASO,ES,Combined TRACON& Tower with Radar,36,92,50,47,225,0,2,11,0,13,36,94,61,47,238,5,80,85,323
07/14/2006,CHS,SC,ASO,ES,Combined TRACON& Tower with Radar,49,93,64,65,271,0,0,32,3,35,49,93,96,68,306,4,38,42,348
07/15/2006,CHS,SC,ASO,ES,Combined TRACON& Tower with Radar,49,87,53,20,209,0,0,0,0,0,49,87,53,20,209,0,10,10,219
07/16/2006,CHS,SC,ASO,ES,Combined TRACON& Tower with Radar,48,70,40,43,201,0,0,17,5,22,48,70,57,48,223,6,6,12,235
07/17/2006,CHS,SC,ASO,ES,Combined TRACON& Tower with Radar,30,114,80,48,272,0,2,20,0,22,30,116,100,48,294,2,54,56,350
07/18/2006,CHS,SC,ASO,ES,Combined TRACON& Tower with Radar,29,112,57,46,244,0,0,40,2,42,29,112,97,48,286,4,10,14,300
07/19/2006,CHS,SC,ASO,ES,Combined TRACON& Tower with Radar,36,100,66,46,248,0,3,27,1,31,36,103,93,47,279,4,32,36,315
07/20/2006,CHS,SC,ASO,ES,Combined TRACON& Tower with Radar,28,108,66,50,252,0,0,35,2,37,28,108,101,52,289,8,24,32,321
07/21/2006,CHS,SC,ASO,ES,Combined TRACON& Tower with Radar,37,104,62,74,277,0,2,23,4,29,37,106,85,78,306,2,46,48,354
07/22/2006,CHS,SC,ASO,ES,Combined TRACON& Tower with Radar,43,79,38,59,219,0,0,33,2,35,43,79,71,61,254,4,24,28,282
07/23/2006,CHS,SC,ASO,ES,Combined TRACON& Tower with Radar,34,90,46,48,218,0,0,10,6,16,34,90,56,54,234,0,12,12,246
07/24/2006,CHS,SC,ASO,ES,Combined TRACON& Tower with Radar,27,115,41,43,226,0,0,14,0,14,27,115,55,43,240,12,30,42,282
07/25/2006,CHS,SC,ASO,ES,Combined TRACON& Tower with Radar,74,71,63,35,243,0,0,13,1,14,74,71,76,36,257,4,14,18,275
07/26/2006,CHS,SC,ASO,ES,Combined TRACON& Tower with Radar,41,106,57,47,251,0,1,36,0,37,41,107,93,47,288,14,8,22,310
07/27/2006,CHS,SC,ASO,ES,Combined TRACON& Tower with Radar,34,101,61,32,228,0,0,18,0,18,34,101,79,32,246,14,12,26,272
07/28/2006,CHS,SC,ASO,ES,Combined TRACON& Tower with Radar,44,90,58,48,240,0,0,0,2,2,44,90,58,50,242,0,22,22,264
07/29/2006,CHS,SC,ASO,ES,Combined TRACON& Tower with Radar,42,87,46,49,224,0,0,11,3,14,42,87,57,52,238,8,40,48,286
07/30/2006,CHS,SC,ASO,ES,Combined TRACON& Tower with Radar,37,92,43,29,201,0,0,22,1,23,37,92,65,30,224,8,6,14,238
07/31/2006,CHS,SC,ASO,ES,Combined TRACON& Tower with Radar,32,107,63,27,229,0,1,18,0,19,32,108,81,27,248,8,24,32,280
08/01/2006,CHS,SC,ASO,ES,Combined TRACON& Tower with Radar,34,111,52,38,235,0,0,0,0,0,34,111,52,38,235,2,34,36,271
08/02/2006,CHS,SC,ASO,ES,Combined TRACON& Tower with Radar,46,88,50,47,231,0,1,38,2,41,46,89,88,49,272,16,26,42,314
08/03/2006,CHS,SC,ASO,ES,Combined TRACON& Tower with Radar,49,88,55,64,256,0,0,31,0,31,49,88,86,64,287,0,32,32,319
08/04/2006,CHS,SC,ASO,ES,Combined TRACON& Tower with Radar,53,87,71,88,299,0,1,27,5,33,53,88,98,93,332,0,48,48,380
08/05/2006,CHS,SC,ASO,ES,Combined TRACON& Tower with Radar,44,94,47,48,233,0,0,29,0,29,44,94,76,48,262,4,34,38,300
08/06/2006,CHS,SC,ASO,ES,Combined TRACON& Tower with Radar,40,91,67,65,263,0,0,22,0,22,40,91,89,65,285,6,20,26,311
08/07/2006,CHS,SC,ASO,ES,Combined TRACON& Tower with Radar,36,98,75,44,253,0,0,24,0,24,36,98,99,44,277,2,36,38,315
08/08/2006,CHS,SC,ASO,ES,Combined TRACON& Tower with Radar,40,105,44,37,226,0,8,11,2,21,40,113,55,39,247,12,12,24,271
08/09/2006,CHS,SC,ASO,ES,Combined TRACON& Tower with Radar,39,103,60,37,239,0,0,28,1,29,39,103,88,38,268,2,8,10,278
08/10/2006,CHS,SC,ASO,ES,Combined TRACON& Tower with Radar,34,105,50,25,214,0,0,24,0,24,34,105,74,25,238,2,10,12,250
08/11/2006,CHS,SC,ASO,ES,Combined TRACON& Tower with Radar,41,94,41,29,205,0,0,22,0,22,41,94,63,29,227,4,24,28,255
08/12/2006,CHS,SC,ASO,ES,Combined TRACON& Tower with Radar,40,96,46,32,214,0,0,0,0,0,40,96,46,32,214,2,0,2,216
08/13/2006,CHS,SC,ASO,ES,Combined TRACON& Tower with Radar,26,89,42,32,189,0,0,43,0,43,26,89,85,32,232,8,0,8,240
08/14/2006,CHS,SC,ASO,ES,Combined TRACON& Tower with Radar,45,80,74,49,248,0,0,39,2,41,45,80,113,51,289,4,16,20,309
08/15/2006,CHS,SC,ASO,ES,Combined TRACON& Tower with Radar,43,97,55,50,245,0,0,25,0,25,43,97,80,50,270,4,38,42,312
08/16/2006,CHS,SC,ASO,ES,Combined TRACON& Tower with Radar,50,94,70,41,255,0,0,40,0,40,50,94,110,41,295,0,32,32,327
08/17/2006,CHS,SC,ASO,ES,Combined TRACON& Tower with Radar,45,97,57,38,237,0,3,26,0,29,45,100,83,38,266,8,12,20,286
08/18/2006,CHS,SC,ASO,ES,Combined TRACON& Tower with Radar,49,94,79,72,294,0,1,17,2,20,49,95,96,74,314,2,38,40,354
08/19/2006,CHS,SC,ASO,ES,Combined TRACON& Tower with Radar,44,91,41,47,223,0,0,0,0,0,44,91,41,47,223,3,32,35,258
08/20/2006,CHS,SC,ASO,ES,Combined TRACON& Tower with Radar,44,86,60,55,245,0,3,0,0,3,44,89,60,55,248,10,40,50,298
08/21/2006,CHS,SC,ASO,ES,Combined TRACON& Tower with Radar,40,84,49,20,193,0,0,30,2,32,40,84,79,22,225,6,8,14,239
08/22/2006,CHS,SC,ASO,ES,Combined TRACON& Tower with Radar,42,96,58,55,251,0,0,25,0,25,42,96,83,55,276,8,90,98,374
08/23/2006,CHS,SC,ASO,ES,Combined TRACON& Tower with Radar,42,89,74,37,242,0,0,29,2,31,42,89,103,39,273,2,32,34,307
08/24/2006,CHS,SC,ASO,ES,Combined TRACON& Tower with Radar,52,79,62,35,228,0,0,6,0,6,52,79,68,35,234,19,34,53,287
08/25/2006,CHS,SC,ASO,ES,Combined TRACON& Tower with Radar,63,68,62,29,222,0,0,17,0,17,63,68,79,29,239,4,12,16,255
08/26/2006,CHS,SC,ASO,ES,Combined TRACON& Tower with Radar,76,70,39,41,226,0,0,0,0,0,76,70,39,41,226,20,29,49,275
08/27/2006,CHS,SC,ASO,ES,Combined TRACON& Tower with Radar,0,0,0,0,0,49,62,78,27,216,49,62,78,27,216,12,4,16,232
08/28/2006,CHS,SC,ASO,ES,Combined TRACON& Tower with Radar,39,88,61,37,225,0,0,43,2,45,39,88,104,39,270,14,44,58,328
08/29/2006,CHS,SC,ASO,ES,Combined TRACON& Tower with Radar,40,93,56,37,226,0,0,37,1,38,40,93,93,38,264,26,22,48,312
08/30/2006,CHS,SC,ASO,ES,Combined TRACON& Tower with Radar,29,81,35,30,175,0,0,17,0,17,29,81,52,30,192,13,6,19,211
08/31/2006,CHS,SC,ASO,ES,Combined TRACON& Tower with Radar,0,0,0,0,0,14,36,15,0,65,14,36,15,0,65,4,0,4,69
09/01/2006,CHS,SC,ASO,ES,Combined TRACON& Tower with Radar,41,82,68,37,228,0,0,16,0,16,41,82,84,37,244,4,6,10,254
09/02/2006,CHS,SC,ASO,ES,Combined TRACON& Tower with Radar,51,80,43,15,189,0,0,18,0,18,51,80,61,15,207,1,0,1,208
09/03/2006,CHS,SC,ASO,ES,Combined TRACON& Tower with Radar,0,0,0,0,0,33,81,48,4,166,33,81,48,4,166,4,0,4,170
09/04/2006,CHS,SC,ASO,ES,Combined TRACON& Tower with Radar,38,89,41,13,181,0,0,17,0,17,38,89,58,13,198,20,9,29,227
09/05/2006,CHS,SC,ASO,ES,Combined TRACON& Tower with Radar,29,107,62,46,244,0,0,9,0,9,29,107,71,46,253,2,30,32,285
09/06/2006,CHS,SC,ASO,ES,Combined TRACON& Tower with Radar,45,92,51,40,228,0,1,22,2,25,45,93,73,42,253,20,52,72,325
09/07/2006,CHS,SC,ASO,ES,Combined TRACON& Tower with Radar,0,0,0,0,0,57,95,91,46,289,57,95,91,46,289,18,40,58,347
09/08/2006,CHS,SC,ASO,ES,Combined TRACON& Tower with Radar,74,69,75,49,267,0,1,29,8,38,74,70,104,57,305,4,26,30,335
09/09/2006,CHS,SC,ASO,ES,Combined TRACON& Tower with Radar,57,60,33,44,194,0,0,32,2,34,57,60,65,46,228,10,16,26,254
09/10/2006,CHS,SC,ASO,ES,Combined TRACON& Tower with Radar,31,96,53,50,230,0,0,35,0,35,31,96,88,50,265,4,26,30,295
09/11/2006,CHS,SC,ASO,ES,Combined TRACON& Tower with Radar,44,83,46,52,225,0,0,40,3,43,44,83,86,55,268,14,30,44,312
09/12/2006,CHS,SC,ASO,ES,Combined TRACON& Tower with Radar,47,80,41,60,228,0,0,30,1,31,47,80,71,61,259,2,52,54,313
09/13/2006,CHS,SC,ASO,ES,Combined TRACON& Tower with Radar,51,93,49,77,270,0,0,4,0,4,51,93,53,77,274,4,50,54,328
09/14/2006,CHS,SC,ASO,ES,Combined TRACON& Tower with Radar,45,111,69,59,284,0,0,13,1,14,45,111,82,60,298,2,46,48,346
09/15/2006,CHS,SC,ASO,ES,Combined TRACON& Tower with Radar,60,88,62,79,289,0,0,38,3,41,60,88,100,82,330,8,68,76,406
09/16/2006,CHS,SC,ASO,ES,Combined TRACON& Tower with Radar,62,56,26,46,190,0,0,35,4,39,62,56,61,50,229,10,18,28,257
09/17/2006,CHS,SC,ASO,ES,Combined TRACON& Tower with Radar,34,85,45,24,188,0,0,9,0,9,34,85,54,24,197,0,6,6,203
09/18/2006,CHS,SC,ASO,ES,Combined TRACON& Tower with Radar,38,98,47,50,233,0,0,33,0,33,38,98,80,50,266,7,27,34,300
09/19/2006,CHS,SC,ASO,ES,Combined TRACON& Tower with Radar,72,68,62,45,247,0,0,15,4,19,72,68,77,49,266,0,30,30,296
09/20/2006,CHS,SC,ASO,ES,Combined TRACON& Tower with Radar,60,98,63,26,247,0,1,43,1,45,60,99,106,27,292,6,8,14,306
09/21/2006,CHS,SC,ASO,ES,Combined TRACON& Tower with Radar,66,75,51,64,256,0,4,42,2,48,66,79,93,66,304,6,74,80,384
09/22/2006,CHS,SC,ASO,ES,Combined TRACON& Tower with Radar,95,49,62,55,261,0,0,33,3,36,95,49,95,58,297,16,10,26,323
09/23/2006,CHS,SC,ASO,ES,Combined TRACON& Tower with Radar,74,44,26,28,172,0,0,28,3,31,74,44,54,31,203,1,22,23,226
09/24/2006,CHS,SC,ASO,ES,Combined TRACON& Tower with Radar,30,87,42,39,198,0,0,27,0,27,30,87,69,39,225,2,17,19,244
09/25/2006,CHS,SC,ASO,ES,Combined TRACON& Tower with Radar,41,95,37,30,203,0,2,28,1,31,41,97,65,31,234,4,26,30,264
09/26/2006,CHS,SC,ASO,ES,Combined TRACON& Tower with Radar,45,96,61,49,251,0,1,35,0,36,45,97,96,49,287,4,40,44,331
09/27/2006,CHS,SC,ASO,ES,Combined TRACON& Tower with Radar,55,86,94,33,268,0,2,37,0,39,55,88,131,33,307,2,10,12,319
09/28/2006,CHS,SC,ASO,ES,Combined TRACON& Tower with Radar,70,86,58,32,246,0,1,26,2,29,70,87,84,34,275,0,10,10,285
09/29/2006,CHS,SC,ASO,ES,Combined TRACON& Tower with Radar,82,71,99,37,289,0,0,54,1,55,82,71,153,38,344,4,25,29,373
09/30/2006,CHS,SC,ASO,ES,Combined TRACON& Tower with Radar,62,74,37,36,209,0,0,39,6,45,62,74,76,42,254,18,24,42,296
10/01/2006,CHS,SC,ASO,ES,Combined TRACON& Tower with Radar,36,89,54,28,207,0,0,45,0,45,36,89,99,28,252,13,20,33,285
10/02/2006,CHS,SC,ASO,ES,Combined TRACON& Tower with Radar,43,89,60,26,218,0,0,0,0,0,43,89,60,26,218,0,16,16,234
10/03/2006,CHS,SC,ASO,ES,Combined TRACON& Tower with Radar,63,71,57,35,226,0,2,50,6,58,63,73,107,41,284,0,22,22,306
10/04/2006,CHS,SC,ASO,ES,Combined TRACON& Tower with Radar,64,76,59,36,235,0,0,38,0,38,64,76,97,36,273,0,58,58,331
10/05/2006,CHS,SC,ASO,ES,Combined TRACON& Tower with Radar,0,0,0,0,0,73,83,96,34,286,73,83,96,34,286,2,10,12,298
10/06/2006,CHS,SC,ASO,ES,Combined TRACON& Tower with Radar,0,0,0,0,0,80,73,120,35,308,80,73,120,35,308,12,4,16,324
10/07/2006,CHS,SC,ASO,ES,Combined TRACON& Tower with Radar,71,63,44,35,213,0,0,5,0,5,71,63,49,35,218,2,26,28,246
10/08/2006,CHS,SC,ASO,ES,Combined TRACON& Tower with Radar,32,112,62,37,243,0,1,8,2,11,32,113,70,39,254,6,26,32,286
10/09/2006,CHS,SC,ASO,ES,Combined TRACON& Tower with Radar,50,95,60,16,221,0,1,5,0,6,50,96,65,16,227,6,8,14,241
10/10/2006,CHS,SC,ASO,ES,Combined TRACON& Tower with Radar,48,98,58,0,204,0,0,47,57,104,48,98,105,57,308,0,8,8,316
10/11/2006,CHS,SC,ASO,ES,Combined TRACON& Tower with Radar,58,83,66,44,251,0,0,31,1,32,58,83,97,45,283,14,26,40,323
10/12/2006,CHS,SC,ASO,ES,Combined TRACON& Tower with Radar,53,86,68,94,301,0,0,47,0,47,53,86,115,94,348,0,108,108,456
10/13/2006,CHS,SC,ASO,ES,Combined TRACON& Tower with Radar,62,82,86,81,311,0,0,33,5,38,62,82,119,86,349,4,68,72,421
10/14/2006,CHS,SC,ASO,ES,Combined TRACON& Tower with Radar,63,58,31,37,189,0,0,34,1,35,63,58,65,38,224,0,4,4,228
10/15/2006,CHS,SC,ASO,ES,Combined TRACON& Tower with Radar,49,83,72,22,226,0,0,44,0,44,49,83,116,22,270,25,4,29,299
10/16/2006,CHS,SC,ASO,ES,Combined TRACON& Tower with Radar,47,92,59,48,246,0,0,23,5,28,47,92,82,53,274,0,34,34,308
10/17/2006,CHS,SC,ASO,ES,Combined TRACON& Tower with Radar,48,80,61,68,257,0,0,8,0,8,48,80,69,68,265,2,64,66,331
10/18/2006,CHS,SC,ASO,ES,Combined TRACON& Tower with Radar,63,92,83,34,272,0,1,10,7,18,63,93,93,41,290,2,26,28,318
10/19/2006,CHS,SC,ASO,ES,Combined TRACON& Tower with Radar,61,93,107,87,348,0,0,9,3,12,61,93,116,90,360,12,104,116,476
10/20/2006,CHS,SC,ASO,ES,Combined TRACON& Tower with Radar,64,99,69,62,294,0,2,24,5,31,64,101,93,67,325,16,24,40,365
10/21/2006,CHS,SC,ASO,ES,Combined TRACON& Tower with Radar,70,56,49,46,221,0,0,61,6,67,70,56,110,52,288,12,48,60,348
10/22/2006,CHS,SC,ASO,ES,Combined TRACON& Tower with Radar,76,61,90,48,275,0,0,8,0,8,76,61,98,48,283,4,36,40,323
10/23/2006,CHS,SC,ASO,ES,Combined TRACON& Tower with Radar,59,86,70,46,261,0,0,21,6,27,59,86,91,52,288,6,85,91,379
10/24/2006,CHS,SC,ASO,ES,Combined TRACON& Tower with Radar,69,66,56,51,242,0,0,32,2,34,69,66,88,53,276,12,44,56,332
10/25/2006,CHS,SC,ASO,ES,Combined TRACON& Tower with Radar,57,88,90,43,278,0,0,38,7,45,57,88,128,50,323,32,22,54,377
10/26/2006,CHS,SC,ASO,ES,Combined TRACON& Tower with Radar,68,104,71,26,269,0,0,27,7,34,68,104,98,33,303,6,12,18,321
10/27/2006,CHS,SC,ASO,ES,Combined TRACON& Tower with Radar,68,84,83,26,261,0,0,2,0,2,68,84,85,26,263,0,0,0,263
10/28/2006,CHS,SC,ASO,ES,Combined TRACON& Tower with Radar,56,63,49,20,188,0,1,14,2,17,56,64,63,22,205,4,22,26,231
10/29/2006,CHS,SC,ASO,ES,Combined TRACON& Tower with Radar,53,67,71,39,230,0,0,37,3,40,53,67,108,42,270,12,0,12,282
10/30/2006,CHS,SC,ASO,ES,Combined TRACON& Tower with Radar,43,104,73,60,280,0,1,38,5,44,43,105,111,65,324,8,26,34,358
10/31/2006,CHS,SC,ASO,ES,Combined TRACON& Tower with Radar,55,61,70,52,238,0,0,34,4,38,55,61,104,56,276,10,14,24,300
11/01/2006,CHS,SC,ASO,ES,Combined TRACON& Tower with Radar,70,77,87,76,310,0,1,47,7,55,70,78,134,83,365,14,48,62,427
11/02/2006,CHS,SC,ASO,ES,Combined TRACON& Tower with Radar,85,72,92,46,295,0,0,52,4,56,85,72,144,50,351,28,46,74,425
11/03/2006,CHS,SC,ASO,ES,Combined TRACON& Tower with Radar,91,79,93,44,307,0,0,27,6,33,91,79,120,50,340,16,18,34,374
11/04/2006,CHS,SC,ASO,ES,Combined TRACON& Tower with Radar,72,46,44,36,198,0,0,40,7,47,72,46,84,43,245,6,32,38,283
11/05/2006,CHS,SC,ASO,ES,Combined TRACON& Tower with Radar,34,119,72,32,257,0,0,35,5,40,34,119,107,37,297,14,22,36,333
11/06/2006,CHS,SC,ASO,ES,Combined TRACON& Tower with Radar,52,101,65,59,277,0,0,0,0,0,52,101,65,59,277,2,50,52,329
11/07/2006,CHS,SC,ASO,ES,Combined TRACON& Tower with Radar,51,119,15,18,203,0,0,0,0,0,51,119,15,18,203,0,58,58,261
11/08/2006,CHS,SC,ASO,ES,Combined TRACON& Tower with Radar,41,118,88,51,298,0,11,9,4,24,41,129,97,55,322,10,14,24,346
11/09/2006,CHS,SC,ASO,ES,Combined TRACON& Tower with Radar,75,101,91,41,308,0,0,5,0,5,75,101,96,41,313,2,34,36,349
11/10/2006,CHS,SC,ASO,ES,Combined TRACON& Tower with Radar,76,97,114,49,336,0,1,45,7,53,76,98,159,56,389,9,28,37,426
11/11/2006,CHS,SC,ASO,ES,Combined TRACON& Tower with Radar,0,0,0,0,0,57,77,26,13,173,57,77,26,13,173,16,24,40,213
11/12/2006,CHS,SC,ASO,ES,Combined TRACON& Tower with Radar,68,71,66,46,251,0,0,26,0,26,68,71,92,46,277,4,54,58,335
11/13/2006,CHS,SC,ASO,ES,Combined TRACON& Tower with Radar,51,100,53,57,261,0,0,49,1,50,51,100,102,58,311,28,48,76,387
11/14/2006,CHS,SC,ASO,ES,Combined TRACON& Tower with Radar,74,73,72,70,289,0,0,43,2,45,74,73,115,72,334,14,20,34,368
11/15/2006,CHS,SC,ASO,ES,Combined TRACON& Tower with Radar,73,84,58,40,255,0,0,13,6,19,73,84,71,46,274,10,22,32,306
11/16/2006,CHS,SC,ASO,ES,Combined TRACON& Tower with Radar,90,51,57,49,247,0,0,13,1,14,90,51,70,50,261,2,8,10,271
11/17/2006,CHS,SC,ASO,ES,Combined TRACON& Tower with Radar,78,92,82,86,338,0,0,51,0,51,78,92,133,86,389,0,46,46,435
11/18/2006,CHS,SC,ASO,ES,Combined TRACON& Tower with Radar,67,55,36,44,202,0,0,41,9,50,67,55,77,53,252,4,22,26,278
11/19/2006,CHS,SC,ASO,ES,Combined TRACON& Tower with Radar,65,78,45,41,229,0,0,30,46,76,65,78,75,87,305,0,16,16,321
11/20/2006,CHS,SC,ASO,ES,Combined TRACON& Tower with Radar,52,97,67,54,270,0,0,25,1,26,52,97,92,55,296,0,28,28,324
11/21/2006,CHS,SC,ASO,ES,Combined TRACON& Tower with Radar,67,109,60,29,265,0,1,0,2,3,67,110,60,31,268,0,0,0,268
11/22/2006,CHS,SC,ASO,ES,Combined TRACON& Tower with Radar,74,83,64,45,266,0,0,0,0,0,74,83,64,45,266,0,12,12,278
11/23/2006,CHS,SC,ASO,ES,Combined TRACON& Tower with Radar,41,53,23,10,127,0,0,0,0,0,41,53,23,10,127,0,0,0,127
11/24/2006,CHS,SC,ASO,ES,Combined TRACON& Tower with Radar,44,48,28,8,128,0,0,31,2,33,44,48,59,10,161,6,2,8,169
11/25/2006,CHS,SC,ASO,ES,Combined TRACON& Tower with Radar,59,81,45,32,217,0,0,24,0,24,59,81,69,32,241,4,16,20,261
11/26/2006,CHS,SC,ASO,ES,Combined TRACON& Tower with Radar,33,118,127,19,297,0,0,34,0,34,33,118,161,19,331,1,0,1,332
11/27/2006,CHS,SC,ASO,ES,Combined TRACON& Tower with Radar,41,126,63,68,298,0,2,25,3,30,41,128,88,71,328,6,48,54,382
11/28/2006,CHS,SC,ASO,ES,Combined TRACON& Tower with Radar,52,81,74,36,243,0,1,23,2,26,52,82,97,38,269,8,26,34,303
11/29/2006,CHS,SC,ASO,ES,Combined TRACON& Tower with Radar,59,88,64,44,255,0,3,30,3,36,59,91,94,47,291,0,0,0,291
11/30/2006,CHS,SC,ASO,ES,Combined TRACON& Tower with Radar,62,81,82,67,292,0,0,6,1,7,62,81,88,68,299,0,44,44,343
12/01/2006,CHS,SC,ASO,ES,Combined TRACON& Tower with Radar,61,75,70,67,273,0,0,4,0,4,61,75,74,67,277,0,20,20,297
12/02/2006,CHS,SC,ASO,ES,Combined TRACON& Tower with Radar,51,57,39,37,184,0,0,29,4,33,51,57,68,41,217,18,6,24,241
12/03/2006,CHS,SC,ASO,ES,Combined TRACON& Tower with Radar,46,78,71,30,225,0,0,0,0,0,46,78,71,30,225,14,12,26,251
12/04/2006,CHS,SC,ASO,ES,Combined TRACON& Tower with Radar,38,109,69,39,255,0,0,21,4,25,38,109,90,43,280,4,34,38,318
12/05/2006,CHS,SC,ASO,ES,Combined TRACON& Tower with Radar,70,70,73,41,254,0,0,39,1,40,70,70,112,42,294,2,32,34,328
12/06/2006,CHS,SC,ASO,ES,Combined TRACON& Tower with Radar,67,65,70,55,257,0,0,31,2,33,67,65,101,57,290,5,80,85,375
12/07/2006,CHS,SC,ASO,ES,Combined TRACON& Tower with Radar,0,0,0,0,0,71,80,99,40,290,71,80,99,40,290,2,18,20,310
12/08/2006,CHS,SC,ASO,ES,Combined TRACON& Tower with Radar,91,50,65,48,254,0,0,26,0,26,91,50,91,48,280,6,34,40,320
12/09/2006,CHS,SC,ASO,ES,Combined TRACON& Tower with Radar,39,66,35,41,181,0,4,30,2,36,39,70,65,43,217,2,16,18,235
12/10/2006,CHS,SC,ASO,ES,Combined TRACON& Tower with Radar,71,65,38,33,207,0,0,27,5,32,71,65,65,38,239,8,10,18,257
12/11/2006,CHS,SC,ASO,ES,Combined TRACON& Tower with Radar,50,94,59,41,244,0,7,29,2,38,50,101,88,43,282,4,34,38,320
12/12/2006,CHS,SC,ASO,ES,Combined TRACON& Tower with Radar,67,77,80,65,289,0,0,37,12,49,67,77,117,77,338,0,22,22,360
12/13/2006,CHS,SC,ASO,ES,Combined TRACON& Tower with Radar,53,84,86,93,316,0,1,3,14,18,53,85,89,107,334,2,88,90,424
12/14/2006,CHS,SC,ASO,ES,Combined TRACON& Tower with Radar,42,99,79,52,272,0,0,23,23,46,42,99,102,75,318,6,40,46,364
12/15/2006,CHS,SC,ASO,ES,Combined TRACON& Tower with Radar,49,97,48,91,285,0,0,37,1,38,49,97,85,92,323,4,37,41,364
12/16/2006,CHS,SC,ASO,ES,Combined TRACON& Tower with Radar,79,38,12,46,175,0,0,34,4,38,79,38,46,50,213,36,34,70,283
12/17/2006,CHS,SC,ASO,ES,Combined TRACON& Tower with Radar,40,80,5,6,131,0,0,0,0,0,40,80,5,6,131,3,12,15,146
12/18/2006,CHS,SC,ASO,ES,Combined TRACON& Tower with Radar,47,95,40,45,227,0,0,39,3,42,47,95,79,48,269,8,32,40,309
12/19/2006,CHS,SC,ASO,ES,Combined TRACON& Tower with Radar,28,112,70,56,266,2,1,15,10,28,30,113,85,66,294,8,50,58,352
12/20/2006,CHS,SC,ASO,ES,Combined TRACON& Tower with Radar,37,103,61,26,227,0,7,35,3,45,37,110,96,29,272,0,10,10,282
12/21/2006,CHS,SC,ASO,ES,Combined TRACON& Tower with Radar,37,97,54,35,223,0,2,25,0,27,37,99,79,35,250,0,26,26,276
12/22/2006,CHS,SC,ASO,ES,Combined TRACON& Tower with Radar,45,91,36,23,195,0,0,4,0,4,45,91,40,23,199,4,22,26,225
12/23/2006,CHS,SC,ASO,ES,Combined TRACON& Tower with Radar,88,44,0,0,132,0,0,0,0,0,88,44,0,0,132,6,3,9,141
12/24/2006,CHS,SC,ASO,ES,Combined TRACON& Tower with Radar,26,79,43,3,151,0,0,12,0,12,26,79,55,3,163,0,0,0,163
12/25/2006,CHS,SC,ASO,ES,Combined TRACON& Tower with Radar,51,55,6,1,113,0,0,0,0,0,51,55,6,1,113,0,0,0,113
12/26/2006,CHS,SC,ASO,ES,Combined TRACON& Tower with Radar,32,109,68,23,232,0,1,7,2,10,32,110,75,25,242,0,2,2,244
12/27/2006,CHS,SC,ASO,ES,Combined TRACON& Tower with Radar,39,116,61,55,271,0,1,35,4,40,39,117,96,59,311,15,25,40,351
12/28/2006,CHS,SC,ASO,ES,Combined TRACON& Tower with Radar,40,108,43,45,236,0,0,31,2,33,40,108,74,47,269,6,20,26,295
12/29/2006,CHS,SC,ASO,ES,Combined TRACON& Tower with Radar,39,82,53,22,196,0,0,29,0,29,39,82,82,22,225,6,6,12,237
12/30/2006,CHS,SC,ASO,ES,Combined TRACON& Tower with Radar,69,46,43,7,165,0,0,6,0,6,69,46,49,7,171,0,0,0,171
12/31/2006,CHS,SC,ASO,ES,Combined TRACON& Tower with Radar,0,0,0,0,0,64,42,42,9,157,64,42,42,9,157,4,0,4,161
01/01/2007,CHS,SC,ASO,ES,Combined TRACON& Tower with Radar,63,55,44,9,171,0,0,46,11,57,63,55,90,20,228,2,0,2,230
01/02/2007,CHS,SC,ASO,ES,Combined TRACON& Tower with Radar,35,114,72,28,249,0,0,110,28,138,35,114,182,56,387,0,6,6,393
01/03/2007,CHS,SC,ASO,ES,Combined TRACON& Tower with Radar,37,112,51,43,243,0,1,83,69,153,37,113,134,112,396,0,0,0,396
01/04/2007,CHS,SC,ASO,ES,Combined TRACON& Tower with Radar,38,96,70,83,287,0,0,6,24,30,38,96,76,107,317,12,44,56,373
01/05/2007,CHS,SC,ASO,ES,Combined TRACON& Tower with Radar,51,86,13,58,208,0,0,0,0,0,51,86,13,58,208,1,10,11,219
01/06/2007,CHS,SC,ASO,ES,Combined TRACON& Tower with Radar,50,75,35,19,179,0,0,0,0,0,50,75,35,19,179,6,20,26,205
01/07/2007,CHS,SC,ASO,ES,Combined TRACON& Tower with Radar,49,77,32,32,190,0,0,8,4,12,49,77,40,36,202,2,14,16,218
01/08/2007,CHS,SC,ASO,ES,Combined TRACON& Tower with Radar,59,69,27,26,181,0,0,0,0,0,59,69,27,26,181,2,4,6,187
01/09/2007,CHS,SC,ASO,ES,Combined TRACON& Tower with Radar,49,89,52,39,229,0,0,40,21,61,49,89,92,60,290,2,22,24,314
01/10/2007,CHS,SC,ASO,ES,Combined TRACON& Tower with Radar,52,74,49,72,247,0,1,20,2,23,52,75,69,74,270,4,76,80,350
01/11/2007,CHS,SC,ASO,ES,Combined TRACON& Tower with Radar,61,87,60,49,257,0,0,24,0,24,61,87,84,49,281,2,52,54,335
01/12/2007,CHS,SC,ASO,ES,Combined TRACON& Tower with Radar,50,81,51,54,236,0,0,43,0,43,50,81,94,54,279,20,38,58,337
01/13/2007,CHS,SC,ASO,ES,Combined TRACON& Tower with Radar,54,62,27,36,179,0,0,28,1,29,54,62,55,37,208,0,2,2,210
01/14/2007,CHS,SC,ASO,ES,Combined TRACON& Tower with Radar,0,0,0,0,0,49,73,75,41,238,49,73,75,41,238,12,14,26,264
01/15/2007,CHS,SC,ASO,ES,Combined TRACON& Tower with Radar,49,72,59,17,197,0,0,0,0,0,49,72,59,17,197,3,0,3,200
01/16/2007,CHS,SC,ASO,ES,Combined TRACON& Tower with Radar,44,86,2,6,138,0,0,0,0,0,44,86,2,6,138,0,8,8,146
01/17/2007,CHS,SC,ASO,ES,Combined TRACON& Tower with Radar,49,78,79,31,237,0,0,18,21,39,49,78,97,52,276,0,6,6,282
01/18/2007,CHS,SC,ASO,ES,Combined TRACON& Tower with Radar,53,74,50,42,219,0,1,0,4,5,53,75,50,46,224,0,20,20,244
01/19/2007,CHS,SC,ASO,ES,Combined TRACON& Tower with Radar,50,86,58,73,267,0,0,0,0,0,50,86,58,73,267,94,65,159,426
01/20/2007,CHS,SC,ASO,ES,Combined TRACON& Tower with Radar,55,62,45,42,204,0,0,26,0,26,55,62,71,42,230,3,16,19,249
01/21/2007,CHS,SC,ASO,ES,Combined TRACON& Tower with Radar,54,62,45,51,212,0,3,14,11,28,54,65,59,62,240,4,50,54,294
01/22/2007,CHS,SC,ASO,ES,Combined TRACON& Tower with Radar,51,73,40,46,210,0,0,2,0,2,51,73,42,46,212,2,48,50,262
01/23/2007,CHS,SC,ASO,ES,Combined TRACON& Tower with Radar,58,98,56,53,265,0,0,0,0,0,58,98,56,53,265,0,32,32,297
01/24/2007,CHS,SC,ASO,ES,Combined TRACON& Tower with Radar,49,86,81,33,249,0,0,22,0,22,49,86,103,33,271,2,22,24,295
01/25/2007,CHS,SC,ASO,ES,Combined TRACON& Tower with Radar,55,85,80,52,272,0,0,21,0,21,55,85,101,52,293,2,6,8,301
01/26/2007,CHS,SC,ASO,ES,Combined TRACON& Tower with Radar,52,70,6,7,135,0,1,0,0,1,52,71,6,7,136,9,28,37,173
01/27/2007,CHS,SC,ASO,ES,Combined TRACON& Tower with Radar,58,55,10,7,130,0,0,0,0,0,58,55,10,7,130,0,2,2,132
01/28/2007,CHS,SC,ASO,ES,Combined TRACON& Tower with Radar,55,67,41,42,205,0,0,7,0,7,55,67,48,42,212,8,22,30,242
01/29/2007,CHS,SC,ASO,ES,Combined TRACON& Tower with Radar,70,69,25,39,203,0,0,0,2,2,70,69,25,41,205,0,0,0,205
01/30/2007,CHS,SC,ASO,ES,Combined TRACON& Tower with Radar,64,74,10,12,160,0,0,0,0,0,64,74,10,12,160,0,1,1,161
01/31/2007,CHS,SC,ASO,ES,Combined TRACON& Tower with Radar,61,74,67,47,249,0,4,38,0,42,61,78,105,47,291,2,40,42,333
02/01/2007,CHS,SC,ASO,ES,Combined TRACON& Tower with Radar,54,62,45,35,196,0,0,0,0,0,54,62,45,35,196,0,32,32,228
02/02/2007,CHS,SC,ASO,ES,Combined TRACON& Tower with Radar,62,77,77,66,282,0,0,11,1,12,62,77,88,67,294,6,45,51,345
02/03/2007,CHS,SC,ASO,ES,Combined TRACON& Tower with Radar,46,68,34,44,192,0,0,15,0,15,46,68,49,44,207,9,31,40,247
02/04/2007,CHS,SC,ASO,ES,Combined TRACON& Tower with Radar,67,64,35,37,203,0,0,17,1,18,67,64,52,38,221,3,24,27,248
02/05/2007,CHS,SC,ASO,ES,Combined TRACON& Tower with Radar,52,73,62,39,226,0,0,1,2,3,52,73,63,41,229,2,12,14,243
02/06/2007,CHS,SC,ASO,ES,Combined TRACON& Tower with Radar,59,81,61,49,250,0,1,30,3,34,59,82,91,52,284,6,32,38,322
02/07/2007,CHS,SC,ASO,ES,Combined TRACON& Tower with Radar,62,68,62,57,249,0,0,26,5,31,62,68,88,62,280,4,38,42,322
02/08/2007,CHS,SC,ASO,ES,Combined TRACON& Tower with Radar,67,69,58,57,251,0,0,39,2,41,67,69,97,59,292,2,34,36,328
02/09/2007,CHS,SC,ASO,ES,Combined TRACON& Tower with Radar,62,74,78,63,277,0,0,33,2,35,62,74,111,65,312,6,72,78,390
02/10/2007,CHS,SC,ASO,ES,Combined TRACON& Tower with Radar,54,67,48,78,247,0,0,56,12,68,54,67,104,90,315,3,46,49,364
02/11/2007,CHS,SC,ASO,ES,Combined TRACON& Tower with Radar,0,0,0,0,0,52,73,93,47,265,52,73,93,47,265,18,15,33,298
02/12/2007,CHS,SC,ASO,ES,Combined TRACON& Tower with Radar,69,61,37,44,211,0,3,0,0,3,69,64,37,44,214,4,8,12,226
02/13/2007,CHS,SC,ASO,ES,Combined TRACON& Tower with Radar,52,63,40,48,203,0,0,0,0,0,52,63,40,48,203,0,4,4,207
02/14/2007,CHS,SC,ASO,ES,Combined TRACON& Tower with Radar,47,51,52,65,215,0,1,31,0,32,47,52,83,65,247,0,26,26,273
02/15/2007,CHS,SC,ASO,ES,Combined TRACON& Tower with Radar,62,67,110,55,294,0,0,45,2,47,62,67,155,57,341,4,30,34,375
02/16/2007,CHS,SC,ASO,ES,Combined TRACON& Tower with Radar,55,89,79,53,276,0,1,53,1,55,55,90,132,54,331,4,38,42,373
02/17/2007,CHS,SC,ASO,ES,Combined TRACON& Tower with Radar,65,63,46,22,196,0,0,44,1,45,65,63,90,23,241,4,0,4,245
02/18/2007,CHS,SC,ASO,ES,Combined TRACON& Tower with Radar,60,58,52,45,215,0,1,24,1,26,60,59,76,46,241,0,28,28,269
02/19/2007,CHS,SC,ASO,ES,Combined TRACON& Tower with Radar,68,76,72,19,235,0,1,26,0,27,68,77,98,19,262,0,6,6,268
02/20/2007,CHS,SC,ASO,ES,Combined TRACON& Tower with Radar,52,82,79,63,276,0,1,18,1,20,52,83,97,64,296,2,38,40,336
02/21/2007,CHS,SC,ASO,ES,Combined TRACON& Tower with Radar,68,74,92,64,298,0,0,5,1,6,68,74,97,65,304,0,16,16,320
02/22/2007,CHS,SC,ASO,ES,Combined TRACON& Tower with Radar,62,91,75,35,263,0,0,32,0,32,62,91,107,35,295,2,8,10,305
02/23/2007,CHS,SC,ASO,ES,Combined TRACON& Tower with Radar,56,80,93,53,282,0,0,29,5,34,56,80,122,58,316,4,20,24,340
02/24/2007,CHS,SC,ASO,ES,Combined TRACON& Tower with Radar,58,56,37,35,186,0,0,50,10,60,58,56,87,45,246,4,10,14,260
02/25/2007,CHS,SC,ASO,ES,Combined TRACON& Tower with Radar,67,57,38,30,192,0,0,0,11,11,67,57,38,41,203,0,24,24,227
02/26/2007,CHS,SC,ASO,ES,Combined TRACON& Tower with Radar,63,75,55,40,233,0,0,29,0,29,63,75,84,40,262,8,10,18,280
02/27/2007,CHS,SC,ASO,ES,Combined TRACON& Tower with Radar,62,72,28,8,170,0,0,0,0,0,62,72,28,8,170,4,8,12,182
02/28/2007,CHS,SC,ASO,ES,Combined TRACON& Tower with Radar,74,57,65,49,245,0,0,50,7,57,74,57,115,56,302,4,10,14,316
03/01/2007,CHS,SC,ASO,ES,Combined TRACON& Tower with Radar,50,85,41,40,216,0,0,5,0,5,50,85,46,40,221,0,20,20,241
03/02/2007,CHS,SC,ASO,ES,Combined TRACON& Tower with Radar,66,74,70,43,253,0,0,16,0,16,66,74,86,43,269,2,18,20,289
03/03/2007,CHS,SC,ASO,ES,Combined TRACON& Tower with Radar,63,69,46,25,203,0,0,19,3,22,63,69,65,28,225,0,0,0,225
03/04/2007,CHS,SC,ASO,ES,Combined TRACON& Tower with Radar,61,69,38,34,202,0,0,35,0,35,61,69,73,34,237,6,1,7,244
03/05/2007,CHS,SC,ASO,ES,Combined TRACON& Tower with Radar,75,59,46,15,195,0,2,49,0,51,75,61,95,15,246,16,24,40,286
03/06/2007,CHS,SC,ASO,ES,Combined TRACON& Tower with Radar,70,63,64,36,233,0,0,55,0,55,70,63,119,36,288,0,6,6,294
03/07/2007,CHS,SC,ASO,ES,Combined TRACON& Tower with Radar,59,73,71,57,260,0,0,39,0,39,59,73,110,57,299,12,48,60,359
03/08/2007,CHS,SC,ASO,ES,Combined TRACON& Tower with Radar,69,88,62,58,277,0,1,48,0,49,69,89,110,58,326,12,36,48,374
03/09/2007,CHS,SC,ASO,ES,Combined TRACON& Tower with Radar,66,87,90,66,309,0,0,18,3,21,66,87,108,69,330,8,16,24,354
03/10/2007,CHS,SC,ASO,ES,Combined TRACON& Tower with Radar,63,65,40,31,199,0,0,28,0,28,63,65,68,31,227,0,2,2,229
03/11/2007,CHS,SC,ASO,ES,Combined TRACON& Tower with Radar,57,92,73,24,246,0,0,40,0,40,57,92,113,24,286,24,30,54,340
03/12/2007,CHS,SC,ASO,ES,Combined TRACON& Tower with Radar,83,62,62,34,241,0,0,0,0,0,83,62,62,34,241,4,0,4,245
03/13/2007,CHS,SC,ASO,ES,Combined TRACON& Tower with Radar,60,74,69,46,249,0,0,25,13,38,60,74,94,59,287,6,2,8,295
03/14/2007,CHS,SC,ASO,ES,Combined TRACON& Tower with Radar,72,78,55,28,233,0,0,43,2,45,72,78,98,30,278,16,42,58,336
03/15/2007,CHS,SC,ASO,ES,Combined TRACON& Tower with Radar,0,0,0,0,0,73,82,90,37,282,73,82,90,37,282,4,26,30,312
03/16/2007,CHS,SC,ASO,ES,Combined TRACON& Tower with Radar,58,76,61,56,251,0,0,1,0,1,58,76,62,56,252,0,46,46,298
03/17/2007,CHS,SC,ASO,ES,Combined TRACON& Tower with Radar,61,58,30,46,195,0,0,30,3,33,61,58,60,49,228,0,10,10,238
03/18/2007,CHS,SC,ASO,ES,Combined TRACON& Tower with Radar,62,76,55,54,247,0,0,36,9,45,62,76,91,63,292,8,0,8,300
03/19/2007,CHS,SC,ASO,ES,Combined TRACON& Tower with Radar,75,69,62,35,241,0,0,37,3,40,75,69,99,38,281,11,11,22,303
03/20/2007,CHS,SC,ASO,ES,Combined TRACON& Tower with Radar,83,68,75,58,284,0,5,32,0,37,83,73,107,58,321,6,28,34,355
03/21/2007,CHS,SC,ASO,ES,Combined TRACON& Tower with Radar,68,80,67,40,255,0,1,30,6,37,68,81,97,46,292,2,4,6,298
03/22/2007,CHS,SC,ASO,ES,Combined TRACON& Tower with Radar,71,77,84,49,281,0,2,13,0,15,71,79,97,49,296,8,48,56,352
03/23/2007,CHS,SC,ASO,ES,Combined TRACON& Tower with Radar,60,85,103,52,300,0,0,28,9,37,60,85,131,61,337,6,44,50,387
03/24/2007,CHS,SC,ASO,ES,Combined TRACON& Tower with Radar,56,86,42,56,240,0,0,54,5,59,56,86,96,61,299,2,22,24,323
03/25/2007,CHS,SC,ASO,ES,Combined TRACON& Tower with Radar,55,77,89,34,255,0,0,0,0,0,55,77,89,34,255,22,4,26,281
03/26/2007,CHS,SC,ASO,ES,Combined TRACON& Tower with Radar,68,80,66,43,257,0,1,10,9,20,68,81,76,52,277,18,18,36,313
03/27/2007,CHS,SC,ASO,ES,Combined TRACON& Tower with Radar,59,78,87,51,275,0,1,30,0,31,59,79,117,51,306,0,60,60,366
03/28/2007,CHS,SC,ASO,ES,Combined TRACON& Tower with Radar,64,94,81,43,282,0,1,24,4,29,64,95,105,47,311,10,28,38,349
03/29/2007,CHS,SC,ASO,ES,Combined TRACON& Tower with Radar,63,94,93,40,290,0,1,15,0,16,63,95,108,40,306,0,24,24,330
03/30/2007,CHS,SC,ASO,ES,Combined TRACON& Tower with Radar,54,104,100,35,293,0,0,15,0,15,54,104,115,35,308,0,14,14,322
03/31/2007,CHS,SC,ASO,ES,Combined TRACON& Tower with Radar,65,69,57,24,215,0,0,36,2,38,65,69,93,26,253,4,8,12,265
04/01/2007,CHS,SC,ASO,ES,Combined TRACON& Tower with Radar,74,76,92,35,277,0,0,15,0,15,74,76,107,35,292,17,27,44,336
04/02/2007,CHS,SC,ASO,ES,Combined TRACON& Tower with Radar,60,83,66,41,250,0,0,23,0,23,60,83,89,41,273,8,44,52,325
04/03/2007,CHS,SC,ASO,ES,Combined TRACON& Tower with Radar,60,66,58,41,225,0,1,17,0,18,60,67,75,41,243,0,58,58,301
04/04/2007,CHS,SC,ASO,ES,Combined TRACON& Tower with Radar,62,69,78,57,266,0,1,22,0,23,62,70,100,57,289,15,64,79,368
04/05/2007,CHS,SC,ASO,ES,Combined TRACON& Tower with Radar,76,91,69,53,289,0,0,32,5,37,76,91,101,58,326,23,76,99,425
04/06/2007,CHS,SC,ASO,ES,Combined TRACON& Tower with Radar,57,90,70,34,251,0,1,24,0,25,57,91,94,34,276,9,14,23,299
04/07/2007,CHS,SC,ASO,ES,Combined TRACON& Tower with Radar,61,84,28,24,197,0,2,25,0,27,61,86,53,24,224,18,24,42,266
04/08/2007,CHS,SC,ASO,ES,Combined TRACON& Tower with Radar,63,85,54,16,218,0,1,25,0,26,63,86,79,16,244,4,4,8,252
04/09/2007,CHS,SC,ASO,ES,Combined TRACON& Tower with Radar,57,107,68,44,276,0,1,28,2,31,57,108,96,46,307,2,16,18,325
04/10/2007,CHS,SC,ASO,ES,Combined TRACON& Tower with Radar,55,94,26,24,199,0,0,0,0,0,55,94,26,24,199,11,36,47,246
04/11/2007,CHS,SC,ASO,ES,Combined TRACON& Tower with Radar,47,96,74,64,281,0,0,0,0,0,47,96,74,64,281,24,72,96,377
04/12/2007,CHS,SC,ASO,ES,Combined TRACON& Tower with Radar,63,104,69,84,320,0,0,29,3,32,63,104,98,87,352,8,88,96,448
04/13/2007,CHS,SC,ASO,ES,Combined TRACON& Tower with Radar,57,93,99,68,317,0,0,47,3,50,57,93,146,71,367,4,51,55,422
04/14/2007,CHS,SC,ASO,ES,Combined TRACON& Tower with Radar,52,89,63,48,252,0,0,44,1,45,52,89,107,49,297,8,22,30,327
04/15/2007,CHS,SC,ASO,ES,Combined TRACON& Tower with Radar,71,67,51,7,196,0,0,0,0,0,71,67,51,7,196,2,0,2,198
04/16/2007,CHS,SC,ASO,ES,Combined TRACON& Tower with Radar,59,76,65,60,260,0,0,22,4,26,59,76,87,64,286,1,20,21,307
04/17/2007,CHS,SC,ASO,ES,Combined TRACON& Tower with Radar,57,71,84,59,271,0,1,20,5,26,57,72,104,64,297,4,56,60,357
04/18/2007,CHS,SC,ASO,ES,Combined TRACON& Tower with Radar,75,73,87,58,293,0,0,47,3,50,75,73,134,61,343,2,24,26,369
04/19/2007,CHS,SC,ASO,ES,Combined TRACON& Tower with Radar,74,92,85,68,319,0,0,32,3,35,74,92,117,71,354,14,52,66,420
04/20/2007,CHS,SC,ASO,ES,Combined TRACON& Tower with Radar,77,84,91,73,325,0,1,30,0,31,77,85,121,73,356,14,44,58,414
04/21/2007,CHS,SC,ASO,ES,Combined TRACON& Tower with Radar,73,70,84,53,280,0,0,0,0,0,73,70,84,53,280,38,47,85,365
04/22/2007,CHS,SC,ASO,ES,Combined TRACON& Tower with Radar,73,68,50,42,233,12,0,79,10,101,85,68,129,52,334,10,50,60,394
04/23/2007,CHS,SC,ASO,ES,Combined TRACON& Tower with Radar,55,82,77,52,266,0,0,34,4,38,55,82,111,56,304,4,18,22,326
04/24/2007,CHS,SC,ASO,ES,Combined TRACON& Tower with Radar,62,62,77,51,252,0,2,36,6,44,62,64,113,57,296,22,28,50,346
04/25/2007,CHS,SC,ASO,ES,Combined TRACON& Tower with Radar,73,68,119,53,313,0,0,339,2,341,73,68,458,55,654,49,28,77,731
04/26/2007,CHS,SC,ASO,ES,Combined TRACON& Tower with Radar,69,85,106,58,318,0,2,53,1,56,69,87,159,59,374,6,30,36,410
04/27/2007,CHS,SC,ASO,ES,Combined TRACON& Tower with Radar,80,75,127,35,317,0,1,32,2,35,80,76,159,37,352,46,14,60,412
04/28/2007,CHS,SC,ASO,ES,Combined TRACON& Tower with Radar,85,86,47,33,251,0,0,3,0,3,85,86,50,33,254,16,3,19,273
04/29/2007,CHS,SC,ASO,ES,Combined TRACON& Tower with Radar,73,75,65,24,237,0,0,31,7,38,73,75,96,31,275,9,26,35,310
04/30/2007,CHS,SC,ASO,ES,Combined TRACON& Tower with Radar,75,63,51,23,212,0,0,31,0,31,75,63,82,23,243,4,18,22,265
05/01/2007,CHS,SC,ASO,ES,Combined TRACON& Tower with Radar,83,58,64,32,237,0,1,27,3,31,83,59,91,35,268,35,38,73,341
05/02/2007,CHS,SC,ASO,ES,Combined TRACON& Tower with Radar,77,63,63,42,245,0,1,26,0,27,77,64,89,42,272,5,46,51,323
05/03/2007,CHS,SC,ASO,ES,Combined TRACON& Tower with Radar,73,78,68,67,286,0,0,18,0,18,73,78,86,67,304,2,54,56,360
05/04/2007,CHS,SC,ASO,ES,Combined TRACON& Tower with Radar,60,76,72,78,286,0,1,4,0,5,60,77,76,78,291,2,4,6,297
05/05/2007,CHS,SC,ASO,ES,Combined TRACON& Tower with Radar,74,75,34,29,212,0,0,0,0,0,74,75,34,29,212,2,10,12,224
05/06/2007,CHS,SC,ASO,ES,Combined TRACON& Tower with Radar,69,72,60,46,247,0,0,16,5,21,69,72,76,51,268,6,26,32,300
05/07/2007,CHS,SC,ASO,ES,Combined TRACON& Tower with Radar,85,63,43,35,226,0,0,13,3,16,85,63,56,38,242,0,18,18,260
05/08/2007,CHS,SC,ASO,ES,Combined TRACON& Tower with Radar,79,73,77,58,287,0,0,8,0,8,79,73,85,58,295,8,24,32,327
05/09/2007,CHS,SC,ASO,ES,Combined TRACON& Tower with Radar,80,76,71,34,261,0,0,5,0,5,80,76,76,34,266,2,18,20,286
05/10/2007,CHS,SC,ASO,ES,Combined TRACON& Tower with Radar,74,83,78,26,261,0,2,21,2,25,74,85,99,28,286,6,2,8,294
05/11/2007,CHS,SC,ASO,ES,Combined TRACON& Tower with Radar,69,75,95,55,294,0,0,25,4,29,69,75,120,59,323,24,14,38,361
05/12/2007,CHS,SC,ASO,ES,Combined TRACON& Tower with Radar,77,54,35,32,198,0,0,45,1,46,77,54,80,33,244,29,5,34,278
05/13/2007,CHS,SC,ASO,ES,Combined TRACON& Tower with Radar,76,67,70,21,234,0,1,13,1,15,76,68,83,22,249,6,0,6,255
05/14/2007,CHS,SC,ASO,ES,Combined TRACON& Tower with Radar,74,72,62,33,241,0,2,41,0,43,74,74,103,33,284,2,32,34,318
05/15/2007,CHS,SC,ASO,ES,Combined TRACON& Tower with Radar,79,80,87,32,278,0,0,14,0,14,79,80,101,32,292,13,16,29,321
05/16/2007,CHS,SC,ASO,ES,Combined TRACON& Tower with Radar,75,74,84,48,281,0,0,22,0,22,75,74,106,48,303,20,27,47,350
05/17/2007,CHS,SC,ASO,ES,Combined TRACON& Tower with Radar,80,81,68,33,262,0,0,0,0,0,80,81,68,33,262,0,24,24,286
05/18/2007,CHS,SC,ASO,ES,Combined TRACON& Tower with Radar,83,87,71,62,303,0,0,20,0,20,83,87,91,62,323,13,48,61,384
05/19/2007,CHS,SC,ASO,ES,Combined TRACON& Tower with Radar,66,80,15,32,193,0,0,0,0,0,66,80,15,32,193,18,17,35,228
05/20/2007,CHS,SC,ASO,ES,Combined TRACON& Tower with Radar,66,80,46,32,224,0,0,29,0,29,66,80,75,32,253,18,17,35,288
05/21/2007,CHS,SC,ASO,ES,Combined TRACON& Tower with Radar,68,89,49,43,249,0,2,36,2,40,68,91,85,45,289,0,16,16,305
05/22/2007,CHS,SC,ASO,ES,Combined TRACON& Tower with Radar,57,90,51,46,244,0,0,24,0,24,57,90,75,46,268,20,28,48,316
05/23/2007,CHS,SC,ASO,ES,Combined TRACON& Tower with Radar,56,98,74,46,274,0,1,25,0,26,56,99,99,46,300,17,84,101,401
05/24/2007,CHS,SC,ASO,ES,Combined TRACON& Tower with Radar,65,90,65,67,287,0,4,24,0,28,65,94,89,67,315,4,52,56,371
05/25/2007,CHS,SC,ASO,ES,Combined TRACON& Tower with Radar,65,115,89,21,290,0,1,22,0,23,65,116,111,21,313,6,2,8,321
05/26/2007,CHS,SC,ASO,ES,Combined TRACON& Tower with Radar,67,76,46,33,222,0,0,31,0,31,67,76,77,33,253,28,18,46,299
05/27/2007,CHS,SC,ASO,ES,Combined TRACON& Tower with Radar,54,79,40,32,205,0,0,21,2,23,54,79,61,34,228,8,12,20,248
05/28/2007,CHS,SC,ASO,ES,Combined TRACON& Tower with Radar,66,83,45,30,224,0,1,18,3,22,66,84,63,33,246,11,24,35,281
05/29/2007,CHS,SC,ASO,ES,Combined TRACON& Tower with Radar,74,97,61,33,265,0,1,6,1,8,74,98,67,34,273,1,12,13,286
05/30/2007,CHS,SC,ASO,ES,Combined TRACON& Tower with Radar,55,93,37,42,227,0,0,35,0,35,55,93,72,42,262,6,20,26,288
05/31/2007,CHS,SC,ASO,ES,Combined TRACON& Tower with Radar,69,101,69,35,274,0,0,24,0,24,69,101,93,35,298,3,20,23,321
06/01/2007,CHS,SC,ASO,ES,Combined TRACON& Tower with Radar,68,79,56,40,243,0,1,40,6,47,68,80,96,46,290,0,40,40,330
06/02/2007,CHS,SC,ASO,ES,Combined TRACON& Tower with Radar,58,79,38,39,214,0,0,1,0,1,58,79,39,39,215,0,20,20,235
06/03/2007,CHS,SC,ASO,ES,Combined TRACON& Tower with Radar,52,94,38,29,213,0,0,0,0,0,52,94,38,29,213,0,5,5,218
06/04/2007,CHS,SC,ASO,ES,Combined TRACON& Tower with Radar,57,101,41,38,237,0,3,26,3,32,57,104,67,41,269,0,45,45,314
06/05/2007,CHS,SC,ASO,ES,Combined TRACON& Tower with Radar,64,95,34,52,245,0,0,23,2,25,64,95,57,54,270,0,48,48,318
06/06/2007,CHS,SC,ASO,ES,Combined TRACON& Tower with Radar,71,108,85,47,311,0,1,44,0,45,71,109,129,47,356,0,34,34,390
06/07/2007,CHS,SC,ASO,ES,Combined TRACON& Tower with Radar,62,102,67,52,283,0,0,19,0,19,62,102,86,52,302,0,34,34,336
06/08/2007,CHS,SC,ASO,ES,Combined TRACON& Tower with Radar,64,85,74,60,283,0,0,23,1,24,64,85,97,61,307,0,48,48,355
06/09/2007,CHS,SC,ASO,ES,Combined TRACON& Tower with Radar,67,78,38,50,233,0,0,0,0,0,67,78,38,50,233,0,50,50,283
06/10/2007,CHS,SC,ASO,ES,Combined TRACON& Tower with Radar,57,90,45,40,232,0,0,21,6,27,57,90,66,46,259,0,24,24,283
06/11/2007,CHS,SC,ASO,ES,Combined TRACON& Tower with Radar,64,88,76,55,283,0,1,6,7,14,64,89,82,62,297,0,15,15,312
06/12/2007,CHS,SC,ASO,ES,Combined TRACON& Tower with Radar,66,90,75,62,293,0,1,16,7,24,66,91,91,69,317,0,40,40,357
06/13/2007,CHS,SC,ASO,ES,Combined TRACON& Tower with Radar,66,89,76,30,261,0,1,11,8,20,66,90,87,38,281,0,14,14,295
06/14/2007,CHS,SC,ASO,ES,Combined TRACON& Tower with Radar,67,95,88,41,291,0,0,19,4,23,67,95,107,45,314,0,8,8,322
06/15/2007,CHS,SC,ASO,ES,Combined TRACON& Tower with Radar,68,88,75,41,272,0,0,6,0,6,68,88,81,41,278,0,2,2,280
06/16/2007,CHS,SC,ASO,ES,Combined TRACON& Tower with Radar,74,83,31,47,235,0,0,33,1,34,74,83,64,48,269,0,32,32,301
06/17/2007,CHS,SC,ASO,ES,Combined TRACON& Tower with Radar,55,84,54,40,233,0,12,24,2,38,55,96,78,42,271,0,5,5,276
06/18/2007,CHS,SC,ASO,ES,Combined TRACON& Tower with Radar,63,87,43,38,231,0,0,33,0,33,63,87,76,38,264,0,18,18,282
06/19/2007,CHS,SC,ASO,ES,Combined TRACON& Tower with Radar,72,98,45,28,243,0,1,49,1,51,72,99,94,29,294,0,14,14,308
06/20/2007,CHS,SC,ASO,ES,Combined TRACON& Tower with Radar,70,80,46,26,222,0,0,12,1,13,70,80,58,27,235,0,14,14,249
06/21/2007,CHS,SC,ASO,ES,Combined TRACON& Tower with Radar,66,95,65,62,288,0,0,34,1,35,66,95,99,63,323,0,52,52,375
06/22/2007,CHS,SC,ASO,ES,Combined TRACON& Tower with Radar,71,103,70,73,317,0,1,45,5,51,71,104,115,78,368,0,52,52,420
06/23/2007,CHS,SC,ASO,ES,Combined TRACON& Tower with Radar,71,76,28,48,223,0,2,45,11,58,71,78,73,59,281,0,14,14,295
06/24/2007,CHS,SC,ASO,ES,Combined TRACON& Tower with Radar,67,88,46,32,233,0,0,21,11,32,67,88,67,43,265,0,2,2,267
06/25/2007,CHS,SC,ASO,ES,Combined TRACON& Tower with Radar,62,89,70,59,280,0,4,23,3,30,62,93,93,62,310,0,52,52,362
06/26/2007,CHS,SC,ASO,ES,Combined TRACON& Tower with Radar,66,94,56,50,266,0,4,35,8,47,66,98,91,58,313,0,67,67,380
06/27/2007,CHS,SC,ASO,ES,Combined TRACON& Tower with Radar,67,86,69,43,265,0,4,41,1,46,67,90,110,44,311,0,33,33,344
06/28/2007,CHS,SC,ASO,ES,Combined TRACON& Tower with Radar,70,77,65,45,257,0,2,36,4,42,70,79,101,49,299,0,32,32,331
06/29/2007,CHS,SC,ASO,ES,Combined TRACON& Tower with Radar,68,79,93,71,311,0,1,47,2,50,68,80,140,73,361,0,26,26,387
06/30/2007,CHS,SC,ASO,ES,Combined TRACON& Tower with Radar,74,87,62,37,260,0,0,31,0,31,74,87,93,37,291,0,26,26,317
07/01/2007,CHS,SC,ASO,ES,Combined TRACON& Tower with Radar,62,72,37,28,199,0,0,17,0,17,62,72,54,28,216,0,8,8,224
07/02/2007,CHS,SC,ASO,ES,Combined TRACON& Tower with Radar,68,73,40,46,227,0,1,24,0,25,68,74,64,46,252,0,32,32,284
07/03/2007,CHS,SC,ASO,ES,Combined TRACON& Tower with Radar,61,74,46,70,251,0,1,43,4,48,61,75,89,74,299,0,54,54,353
07/04/2007,CHS,SC,ASO,ES,Combined TRACON& Tower with Radar,52,63,17,14,146,0,3,14,0,17,52,66,31,14,163,0,0,0,163
07/05/2007,CHS,SC,ASO,ES,Combined TRACON& Tower with Radar,67,69,57,80,273,0,0,39,0,39,67,69,96,80,312,0,34,34,346
07/06/2007,CHS,SC,ASO,ES,Combined TRACON& Tower with Radar,69,80,59,39,247,0,0,22,1,23,69,80,81,40,270,0,24,24,294
07/07/2007,CHS,SC,ASO,ES,Combined TRACON& Tower with Radar,73,80,29,40,222,0,0,28,1,29,73,80,57,41,251,0,18,18,269
07/08/2007,CHS,SC,ASO,ES,Combined TRACON& Tower with Radar,68,94,69,31,262,0,2,9,0,11,68,96,78,31,273,0,14,14,287
07/09/2007,CHS,SC,ASO,ES,Combined TRACON& Tower with Radar,59,86,48,40,233,0,1,8,0,9,59,87,56,40,242,0,38,38,280
07/10/2007,CHS,SC,ASO,ES,Combined TRACON& Tower with Radar,52,85,42,65,244,0,0,34,2,36,52,85,76,67,280,0,46,46,326
07/11/2007,CHS,SC,ASO,ES,Combined TRACON& Tower with Radar,57,80,57,61,255,0,0,28,4,32,57,80,85,65,287,0,64,64,351
07/12/2007,CHS,SC,ASO,ES,Combined TRACON& Tower with Radar,69,78,68,38,253,0,1,35,7,43,69,79,103,45,296,0,52,52,348
07/13/2007,CHS,SC,ASO,ES,Combined TRACON& Tower with Radar,64,89,58,50,261,0,0,0,0,0,64,89,58,50,261,0,46,46,307
07/14/2007,CHS,SC,ASO,ES,Combined TRACON& Tower with Radar,69,83,36,33,221,0,1,6,1,8,69,84,42,34,229,0,2,2,231
07/15/2007,CHS,SC,ASO,ES,Combined TRACON& Tower with Radar,69,66,60,52,247,0,0,9,1,10,69,66,69,53,257,0,45,45,302
07/16/2007,CHS,SC,ASO,ES,Combined TRACON& Tower with Radar,66,85,60,34,245,0,0,25,0,25,66,85,85,34,270,0,16,16,286
07/17/2007,CHS,SC,ASO,ES,Combined TRACON& Tower with Radar,57,89,57,97,300,0,0,39,0,39,57,89,96,97,339,0,88,88,427
07/18/2007,CHS,SC,ASO,ES,Combined TRACON& Tower with Radar,57,90,77,44,268,0,0,26,6,32,57,90,103,50,300,0,8,8,308
07/19/2007,CHS,SC,ASO,ES,Combined TRACON& Tower with Radar,47,91,67,56,261,0,2,32,16,50,47,93,99,72,311,0,44,44,355
07/20/2007,CHS,SC,ASO,ES,Combined TRACON& Tower with Radar,65,95,57,45,262,0,0,34,11,45,65,95,91,56,307,0,22,22,329
07/21/2007,CHS,SC,ASO,ES,Combined TRACON& Tower with Radar,69,76,45,34,224,0,0,29,5,34,69,76,74,39,258,0,8,8,266
07/22/2007,CHS,SC,ASO,ES,Combined TRACON& Tower with Radar,80,67,38,33,218,0,0,34,4,38,80,67,72,37,256,0,16,16,272
07/23/2007,CHS,SC,ASO,ES,Combined TRACON& Tower with Radar,61,86,80,85,312,0,0,30,7,37,61,86,110,92,349,0,93,93,442
07/24/2007,CHS,SC,ASO,ES,Combined TRACON& Tower with Radar,67,86,49,31,233,0,1,30,0,31,67,87,79,31,264,0,22,22,286
07/25/2007,CHS,SC,ASO,ES,Combined TRACON& Tower with Radar,65,99,64,32,260,0,0,0,0,0,65,99,64,32,260,0,20,20,280
07/26/2007,CHS,SC,ASO,ES,Combined TRACON& Tower with Radar,62,92,76,63,293,0,2,21,2,25,62,94,97,65,318,0,46,46,364
07/27/2007,CHS,SC,ASO,ES,Combined TRACON& Tower with Radar,53,97,72,40,262,5,0,18,3,26,58,97,90,43,288,0,10,10,298
07/28/2007,CHS,SC,ASO,ES,Combined TRACON& Tower with Radar,83,73,50,29,235,0,0,15,0,15,83,73,65,29,250,0,8,8,258
07/29/2007,CHS,SC,ASO,ES,Combined TRACON& Tower with Radar,65,59,47,34,205,0,0,10,9,19,65,59,57,43,224,0,14,14,238
07/30/2007,CHS,SC,ASO,ES,Combined TRACON& Tower with Radar,61,77,32,23,193,0,0,8,0,8,61,77,40,23,201,0,18,18,219
07/31/2007,CHS,SC,ASO,ES,Combined TRACON& Tower with Radar,64,79,59,57,259,0,2,29,1,32,64,81,88,58,291,0,50,50,341
08/01/2007,CHS,SC,ASO,ES,Combined TRACON& Tower with Radar,62,86,85,67,300,0,2,36,0,38,62,88,121,67,338,0,52,52,390
08/02/2007,CHS,SC,ASO,ES,Combined TRACON& Tower with Radar,66,91,75,83,315,0,2,37,2,41,66,93,112,85,356,0,74,74,430
08/03/2007,CHS,SC,ASO,ES,Combined TRACON& Tower with Radar,69,87,63,42,261,0,0,11,0,11,69,87,74,42,272,0,17,17,289
08/04/2007,CHS,SC,ASO,ES,Combined TRACON& Tower with Radar,67,80,34,32,213,0,0,13,2,15,67,80,47,34,228,0,16,16,244
08/05/2007,CHS,SC,ASO,ES,Combined TRACON& Tower with Radar,57,89,41,56,243,0,4,27,6,37,57,93,68,62,280,0,36,36,316
08/06/2007,CHS,SC,ASO,ES,Combined TRACON& Tower with Radar,60,88,78,44,270,0,0,32,0,32,60,88,110,44,302,0,42,42,344
08/07/2007,CHS,SC,ASO,ES,Combined TRACON& Tower with Radar,65,79,47,56,247,0,0,20,2,22,65,79,67,58,269,0,44,44,313
08/08/2007,CHS,SC,ASO,ES,Combined TRACON& Tower with Radar,51,84,49,72,256,0,0,34,1,35,51,84,83,73,291,0,48,48,339
08/09/2007,CHS,SC,ASO,ES,Combined TRACON& Tower with Radar,55,84,76,70,285,0,0,33,2,35,55,84,109,72,320,0,24,24,344
08/10/2007,CHS,SC,ASO,ES,Combined TRACON& Tower with Radar,71,74,70,57,272,0,0,26,2,28,71,74,96,59,300,0,50,50,350
08/11/2007,CHS,SC,ASO,ES,Combined TRACON& Tower with Radar,70,84,44,33,231,0,0,19,0,19,70,84,63,33,250,0,20,20,270
08/12/2007,CHS,SC,ASO,ES,Combined TRACON& Tower with Radar,67,88,63,24,242,0,0,33,6,39,67,88,96,30,281,0,18,18,299
08/13/2007,CHS,SC,ASO,ES,Combined TRACON& Tower with Radar,60,84,44,32,220,0,1,32,6,39,60,85,76,38,259,0,26,26,285
08/14/2007,CHS,SC,ASO,ES,Combined TRACON& Tower with Radar,66,88,54,51,259,0,1,33,14,48,66,89,87,65,307,0,54,54,361
08/15/2007,CHS,SC,ASO,ES,Combined TRACON& Tower with Radar,66,83,76,47,272,0,0,37,4,41,66,83,113,51,313,0,8,8,321
08/16/2007,CHS,SC,ASO,ES,Combined TRACON& Tower with Radar,70,88,60,42,260,0,1,27,1,29,70,89,87,43,289,0,22,22,311
08/17/2007,CHS,SC,ASO,ES,Combined TRACON& Tower with Radar,71,87,54,58,270,0,0,30,4,34,71,87,84,62,304,0,26,26,330
08/18/2007,CHS,SC,ASO,ES,Combined TRACON& Tower with Radar,73,77,25,35,210,0,0,40,2,42,73,77,65,37,252,0,10,10,262
08/19/2007,CHS,SC,ASO,ES,Combined TRACON& Tower with Radar,66,80,50,34,230,0,1,28,1,30,66,81,78,35,260,0,2,2,262
08/20/2007,CHS,SC,ASO,ES,Combined TRACON& Tower with Radar,64,80,41,56,241,0,2,37,3,42,64,82,78,59,283,0,40,40,323
08/21/2007,CHS,SC,ASO,ES,Combined TRACON& Tower with Radar,61,90,59,49,259,0,2,48,1,51,61,92,107,50,310,0,32,32,342
08/22/2007,CHS,SC,ASO,ES,Combined TRACON& Tower with Radar,75,83,59,54,271,0,1,40,3,44,75,84,99,57,315,0,36,36,351
08/23/2007,CHS,SC,ASO,ES,Combined TRACON& Tower with Radar,76,79,59,58,272,0,2,20,8,30,76,81,79,66,302,0,54,54,356
08/24/2007,CHS,SC,ASO,ES,Combined TRACON& Tower with Radar,71,78,73,7,229,0,2,39,67,108,71,80,112,74,337,0,49,49,386
08/25/2007,CHS,SC,ASO,ES,Combined TRACON& Tower with Radar,68,71,40,34,213,0,0,22,0,22,68,71,62,34,235,0,10,10,245
08/26/2007,CHS,SC,ASO,ES,Combined TRACON& Tower with Radar,66,75,47,60,248,0,0,23,6,29,66,75,70,66,277,0,78,78,355
08/27/2007,CHS,SC,ASO,ES,Combined TRACON& Tower with Radar,60,91,51,56,258,0,0,14,2,16,60,91,65,58,274,0,42,42,316
08/28/2007,CHS,SC,ASO,ES,Combined TRACON& Tower with Radar,61,86,34,48,229,0,2,19,1,22,61,88,53,49,251,0,40,40,291
08/29/2007,CHS,SC,ASO,ES,Combined TRACON& Tower with Radar,70,75,57,46,248,0,0,33,4,37,70,75,90,50,285,0,38,38,323
08/30/2007,CHS,SC,ASO,ES,Combined TRACON& Tower with Radar,68,88,68,58,282,0,0,12,1,13,68,88,80,59,295,0,54,54,349
08/31/2007,CHS,SC,ASO,ES,Combined TRACON& Tower with Radar,73,90,67,17,247,0,5,6,0,11,73,95,73,17,258,0,0,0,258
09/01/2007,CHS,SC,ASO,ES,Combined TRACON& Tower with Radar,65,63,33,14,175,0,0,0,0,0,65,63,33,14,175,0,0,0,175
09/02/2007,CHS,SC,ASO,ES,Combined TRACON& Tower with Radar,51,66,22,18,157,0,0,2,0,2,51,66,24,18,159,0,0,0,159
09/03/2007,CHS,SC,ASO,ES,Combined TRACON& Tower with Radar,65,65,75,18,223,0,0,34,0,34,65,65,109,18,257,0,24,24,281
09/04/2007,CHS,SC,ASO,ES,Combined TRACON& Tower with Radar,60,94,56,70,280,0,2,30,1,33,60,96,86,71,313,0,86,86,399
09/05/2007,CHS,SC,ASO,ES,Combined TRACON& Tower with Radar,70,76,48,72,266,0,8,37,1,46,70,84,85,73,312,0,64,64,376
09/06/2007,CHS,SC,ASO,ES,Combined TRACON& Tower with Radar,67,112,56,38,273,0,0,42,7,49,67,112,98,45,322,0,18,18,340
09/07/2007,CHS,SC,ASO,ES,Combined TRACON& Tower with Radar,70,91,66,32,259,0,0,45,2,47,70,91,111,34,306,0,18,18,324
09/08/2007,CHS,SC,ASO,ES,Combined TRACON& Tower with Radar,61,62,35,44,202,0,0,34,0,34,61,62,69,44,236,0,16,16,252
09/09/2007,CHS,SC,ASO,ES,Combined TRACON& Tower with Radar,57,95,51,17,220,0,0,35,6,41,57,95,86,23,261,0,6,6,267
09/10/2007,CHS,SC,ASO,ES,Combined TRACON& Tower with Radar,59,79,47,16,201,0,8,55,1,64,59,87,102,17,265,0,18,18,283
09/11/2007,CHS,SC,ASO,ES,Combined TRACON& Tower with Radar,67,80,58,30,235,0,1,25,0,26,67,81,83,30,261,0,22,22,283
09/12/2007,CHS,SC,ASO,ES,Combined TRACON& Tower with Radar,65,93,41,27,226,0,0,22,1,23,65,93,63,28,249,0,28,28,277
09/13/2007,CHS,SC,ASO,ES,Combined TRACON& Tower with Radar,71,85,54,37,247,0,0,22,1,23,71,85,76,38,270,0,12,12,282
09/14/2007,CHS,SC,ASO,ES,Combined TRACON& Tower with Radar,60,90,59,52,261,0,0,25,4,29,60,90,84,56,290,0,56,56,346
09/15/2007,CHS,SC,ASO,ES,Combined TRACON& Tower with Radar,69,69,41,25,204,0,0,11,0,11,69,69,52,25,215,0,4,4,219
09/16/2007,CHS,SC,ASO,ES,Combined TRACON& Tower with Radar,60,86,53,25,224,0,1,37,0,38,60,87,90,25,262,0,22,22,284
09/17/2007,CHS,SC,ASO,ES,Combined TRACON& Tower with Radar,62,87,51,22,222,0,0,37,2,39,62,87,88,24,261,0,6,6,267
09/18/2007,CHS,SC,ASO,ES,Combined TRACON& Tower with Radar,74,85,67,48,274,0,0,32,0,32,74,85,99,48,306,0,32,32,338
09/19/2007,CHS,SC,ASO,ES,Combined TRACON& Tower with Radar,69,96,76,39,280,0,0,29,1,30,69,96,105,40,310,0,18,18,328
09/20/2007,CHS,SC,ASO,ES,Combined TRACON& Tower with Radar,69,93,105,47,314,0,0,5,0,5,69,93,110,47,319,0,50,50,369
09/21/2007,CHS,SC,ASO,ES,Combined TRACON& Tower with Radar,68,93,97,62,320,0,0,6,0,6,68,93,103,62,326,0,22,22,348
09/22/2007,CHS,SC,ASO,ES,Combined TRACON& Tower with Radar,77,76,38,41,232,0,0,15,0,15,77,76,53,41,247,0,6,6,253
09/23/2007,CHS,SC,ASO,ES,Combined TRACON& Tower with Radar,65,79,80,31,255,0,0,28,4,32,65,79,108,35,287,0,4,4,291
09/24/2007,CHS,SC,ASO,ES,Combined TRACON& Tower with Radar,68,85,55,49,257,0,0,48,3,51,68,85,103,52,308,0,36,36,344
09/25/2007,CHS,SC,ASO,ES,Combined TRACON& Tower with Radar,64,90,76,43,273,0,1,34,0,35,64,91,110,43,308,0,24,24,332
09/26/2007,CHS,SC,ASO,ES,Combined TRACON& Tower with Radar,67,88,63,47,265,0,0,0,0,0,67,88,63,47,265,0,26,26,291
09/27/2007,CHS,SC,ASO,ES,Combined TRACON& Tower with Radar,71,84,62,32,249,0,0,38,0,38,71,84,100,32,287,0,24,24,311
09/28/2007,CHS,SC,ASO,ES,Combined TRACON& Tower with Radar,67,95,86,28,276,0,1,42,2,45,67,96,128,30,321,0,6,6,327
09/29/2007,CHS,SC,ASO,ES,Combined TRACON& Tower with Radar,77,76,52,15,220,0,0,33,2,35,77,76,85,17,255,0,10,10,265
09/30/2007,CHS,SC,ASO,ES,Combined TRACON& Tower with Radar,59,89,58,20,226,0,0,40,2,42,59,89,98,22,268,0,12,12,280
10/01/2007,CHS,SC,ASO,ES,Combined TRACON& Tower with Radar,67,83,40,54,244,0,2,33,0,35,67,85,73,54,279,0,48,48,327
10/02/2007,CHS,SC,ASO,ES,Combined TRACON& Tower with Radar,71,77,66,45,259,0,1,22,3,26,71,78,88,48,285,0,33,33,318
10/03/2007,CHS,SC,ASO,ES,Combined TRACON& Tower with Radar,66,95,89,48,298,0,0,0,0,0,66,95,89,48,298,0,36,36,334
10/04/2007,CHS,SC,ASO,ES,Combined TRACON& Tower with Radar,68,111,72,28,279,0,0,5,0,5,68,111,77,28,284,26,0,26,310
10/05/2007,CHS,SC,ASO,ES,Combined TRACON& Tower with Radar,74,105,77,11,267,0,0,17,0,17,74,105,94,11,284,0,2,2,286
10/06/2007,CHS,SC,ASO,ES,Combined TRACON& Tower with Radar,68,82,58,37,245,0,0,6,1,7,68,82,64,38,252,0,14,14,266
10/07/2007,CHS,SC,ASO,ES,Combined TRACON& Tower with Radar,70,86,84,28,268,0,0,21,0,21,70,86,105,28,289,0,12,12,301
10/08/2007,CHS,SC,ASO,ES,Combined TRACON& Tower with Radar,65,89,69,24,247,0,0,36,3,39,65,89,105,27,286,0,42,42,328
10/09/2007,CHS,SC,ASO,ES,Combined TRACON& Tower with Radar,66,85,56,47,254,0,1,29,0,30,66,86,85,47,284,0,28,28,312
10/10/2007,CHS,SC,ASO,ES,Combined TRACON& Tower with Radar,67,104,64,42,277,0,0,38,0,38,67,104,102,42,315,0,38,38,353
10/11/2007,CHS,SC,ASO,ES,Combined TRACON& Tower with Radar,72,86,85,46,289,0,1,56,6,63,72,87,141,52,352,0,26,26,378
10/12/2007,CHS,SC,ASO,ES,Combined TRACON& Tower with Radar,71,92,64,76,303,0,4,51,0,55,71,96,115,76,358,0,64,64,422
10/13/2007,CHS,SC,ASO,ES,Combined TRACON& Tower with Radar,65,74,47,63,249,0,0,42,0,42,65,74,89,63,291,0,80,80,371
10/14/2007,CHS,SC,ASO,ES,Combined TRACON& Tower with Radar,62,110,59,42,273,0,0,55,3,58,62,110,114,45,331,0,16,16,347
10/15/2007,CHS,SC,ASO,ES,Combined TRACON& Tower with Radar,61,91,58,78,288,0,0,27,4,31,61,91,85,82,319,0,78,78,397
10/16/2007,CHS,SC,ASO,ES,Combined TRACON& Tower with Radar,70,91,69,50,280,0,0,36,0,36,70,91,105,50,316,0,36,36,352
10/17/2007,CHS,SC,ASO,ES,Combined TRACON& Tower with Radar,68,103,70,83,324,0,0,38,0,38,68,103,108,83,362,0,76,76,438
10/18/2007,CHS,SC,ASO,ES,Combined TRACON& Tower with Radar,70,105,74,95,344,0,0,29,2,31,70,105,103,97,375,0,86,86,461
10/19/2007,CHS,SC,ASO,ES,Combined TRACON& Tower with Radar,70,98,62,70,300,0,1,2,0,3,70,99,64,70,303,0,52,52,355
10/20/2007,CHS,SC,ASO,ES,Combined TRACON& Tower with Radar,71,71,36,22,200,0,4,39,0,43,71,75,75,22,243,0,14,14,257
10/21/2007,CHS,SC,ASO,ES,Combined TRACON& Tower with Radar,68,100,85,55,308,0,0,41,2,43,68,100,126,57,351,0,32,32,383
10/22/2007,CHS,SC,ASO,ES,Combined TRACON& Tower with Radar,63,96,46,65,270,0,0,31,1,32,63,96,77,66,302,0,88,88,390
10/23/2007,CHS,SC,ASO,ES,Combined TRACON& Tower with Radar,65,79,49,56,249,0,0,21,2,23,65,79,70,58,272,0,64,64,336
10/24/2007,CHS,SC,ASO,ES,Combined TRACON& Tower with Radar,76,95,84,25,280,0,0,6,2,8,76,95,90,27,288,0,2,2,290
10/25/2007,CHS,SC,ASO,ES,Combined TRACON& Tower with Radar,64,121,84,34,303,0,0,19,0,19,64,121,103,34,322,0,14,14,336
10/26/2007,CHS,SC,ASO,ES,Combined TRACON& Tower with Radar,77,92,80,81,330,0,0,1,1,2,77,92,81,82,332,0,41,41,373
10/27/2007,CHS,SC,ASO,ES,Combined TRACON& Tower with Radar,59,87,33,37,216,0,1,23,1,25,59,88,56,38,241,0,8,8,249
10/28/2007,CHS,SC,ASO,ES,Combined TRACON& Tower with Radar,62,91,77,35,265,0,0,13,1,14,62,91,90,36,279,0,10,10,289
10/29/2007,CHS,SC,ASO,ES,Combined TRACON& Tower with Radar,60,91,53,47,251,0,0,28,7,35,60,91,81,54,286,0,38,38,324
10/30/2007,CHS,SC,ASO,ES,Combined TRACON& Tower with Radar,85,71,52,49,257,0,0,37,1,38,85,71,89,50,295,0,36,36,331
10/31/2007,CHS,SC,ASO,ES,Combined TRACON& Tower with Radar,69,99,39,47,254,0,0,37,6,43,69,99,76,53,297,0,15,15,312
11/01/2007,CHS,SC,ASO,ES,Combined TRACON& Tower with Radar,67,88,64,52,271,0,2,24,5,31,67,90,88,57,302,0,44,44,346
11/02/2007,CHS,SC,ASO,ES,Combined TRACON& Tower with Radar,68,92,101,18,279,0,0,21,5,26,68,92,122,23,305,0,18,18,323
11/03/2007,CHS,SC,ASO,ES,Combined TRACON& Tower with Radar,62,67,36,41,206,0,0,40,2,42,62,67,76,43,248,0,36,36,284
11/04/2007,CHS,SC,ASO,ES,Combined TRACON& Tower with Radar,63,90,80,43,276,0,2,36,9,47,63,92,116,52,323,0,24,24,347
11/05/2007,CHS,SC,ASO,ES,Combined TRACON& Tower with Radar,62,104,68,59,293,0,0,41,0,41,62,104,109,59,334,0,36,36,370
11/06/2007,CHS,SC,ASO,ES,Combined TRACON& Tower with Radar,67,98,64,69,298,0,1,31,1,33,67,99,95,70,331,0,44,44,375
11/07/2007,CHS,SC,ASO,ES,Combined TRACON& Tower with Radar,64,89,60,69,282,0,4,30,2,36,64,93,90,71,318,0,38,38,356
11/08/2007,CHS,SC,ASO,ES,Combined TRACON& Tower with Radar,59,105,89,48,301,0,0,55,0,55,59,105,144,48,356,0,10,10,366
11/09/2007,CHS,SC,ASO,ES,Combined TRACON& Tower with Radar,58,113,86,34,291,0,0,0,0,0,58,113,86,34,291,0,25,25,316
11/10/2007,CHS,SC,ASO,ES,Combined TRACON& Tower with Radar,68,85,64,15,232,0,0,40,3,43,68,85,104,18,275,0,24,24,299
11/11/2007,CHS,SC,ASO,ES,Combined TRACON& Tower with Radar,67,90,66,22,245,0,0,28,0,28,67,90,94,22,273,0,16,16,289
11/12/2007,CHS,SC,ASO,ES,Combined TRACON& Tower with Radar,62,93,54,14,223,0,1,35,1,37,62,94,89,15,260,0,38,38,298
11/13/2007,CHS,SC,ASO,ES,Combined TRACON& Tower with Radar,65,90,72,69,296,0,0,32,0,32,65,90,104,69,328,0,58,58,386
11/14/2007,CHS,SC,ASO,ES,Combined TRACON& Tower with Radar,71,92,65,55,283,0,1,40,0,41,71,93,105,55,324,0,44,44,368
11/15/2007,CHS,SC,ASO,ES,Combined TRACON& Tower with Radar,61,103,68,74,306,0,1,17,2,20,61,104,85,76,326,0,52,52,378
11/16/2007,CHS,SC,ASO,ES,Combined TRACON& Tower with Radar,72,106,84,78,340,0,0,37,1,38,72,106,121,79,378,0,32,32,410
11/17/2007,CHS,SC,ASO,ES,Combined TRACON& Tower with Radar,50,84,46,73,253,0,0,34,3,37,50,84,80,76,290,0,80,80,370
11/18/2007,CHS,SC,ASO,ES,Combined TRACON& Tower with Radar,67,82,59,59,267,0,0,19,1,20,67,82,78,60,287,0,50,50,337
11/19/2007,CHS,SC,ASO,ES,Combined TRACON& Tower with Radar,66,82,53,90,291,0,1,47,0,48,66,83,100,90,339,0,65,65,404
11/20/2007,CHS,SC,ASO,ES,Combined TRACON& Tower with Radar,71,99,63,54,287,0,1,32,2,35,71,100,95,56,322,0,38,38,360
11/21/2007,CHS,SC,ASO,ES,Combined TRACON& Tower with Radar,64,101,101,35,301,0,1,41,0,42,64,102,142,35,343,0,42,42,385
11/22/2007,CHS,SC,ASO,ES,Combined TRACON& Tower with Radar,53,64,7,3,127,0,1,5,0,6,53,65,12,3,133,0,2,2,135
11/23/2007,CHS,SC,ASO,ES,Combined TRACON& Tower with Radar,58,54,33,10,155,0,0,27,0,27,58,54,60,10,182,0,2,2,184
11/24/2007,CHS,SC,ASO,ES,Combined TRACON& Tower with Radar,65,83,58,15,221,0,0,20,0,20,65,83,78,15,241,0,15,15,256
11/25/2007,CHS,SC,ASO,ES,Combined TRACON& Tower with Radar,52,112,97,19,280,0,2,2,0,4,52,114,99,19,284,0,2,2,286
11/26/2007,CHS,SC,ASO,ES,Combined TRACON& Tower with Radar,59,101,51,144,355,0,0,15,4,19,59,101,66,148,374,0,144,144,518
11/27/2007,CHS,SC,ASO,ES,Combined TRACON& Tower with Radar,63,95,50,33,241,0,0,26,1,27,63,95,76,34,268,0,4,4,272
11/28/2007,CHS,SC,ASO,ES,Combined TRACON& Tower with Radar,63,92,72,76,303,0,3,35,3,41,63,95,107,79,344,0,66,66,410
11/29/2007,CHS,SC,ASO,ES,Combined TRACON& Tower with Radar,69,104,71,77,321,0,2,47,0,49,69,106,118,77,370,0,38,38,408
11/30/2007,CHS,SC,ASO,ES,Combined TRACON& Tower with Radar,66,83,75,102,326,0,3,32,2,37,66,86,107,104,363,0,62,62,425
12/01/2007,CHS,SC,ASO,ES,Combined TRACON& Tower with Radar,65,68,41,71,245,0,2,32,12,46,65,70,73,83,291,0,74,74,365
12/02/2007,CHS,SC,ASO,ES,Combined TRACON& Tower with Radar,56,76,37,55,224,0,1,21,9,31,56,77,58,64,255,0,26,26,281
12/03/2007,CHS,SC,ASO,ES,Combined TRACON& Tower with Radar,66,88,38,99,291,0,0,19,2,21,66,88,57,101,312,0,60,60,372
12/04/2007,CHS,SC,ASO,ES,Combined TRACON& Tower with Radar,64,87,62,33,246,0,1,26,1,28,64,88,88,34,274,0,26,26,300
12/05/2007,CHS,SC,ASO,ES,Combined TRACON& Tower with Radar,66,83,46,81,276,0,0,31,2,33,66,83,77,83,309,0,66,66,375
12/06/2007,CHS,SC,ASO,ES,Combined TRACON& Tower with Radar,60,91,58,71,280,0,1,36,10,47,60,92,94,81,327,64,0,64,391
12/07/2007,CHS,SC,ASO,ES,Combined TRACON& Tower with Radar,60,104,62,89,315,0,1,18,1,20,60,105,80,90,335,0,56,56,391
12/08/2007,CHS,SC,ASO,ES,Combined TRACON& Tower with Radar,72,74,30,44,220,0,0,27,12,39,72,74,57,56,259,0,54,54,313
12/09/2007,CHS,SC,ASO,ES,Combined TRACON& Tower with Radar,59,87,40,39,225,0,0,41,9,50,59,87,81,48,275,0,18,18,293
12/10/2007,CHS,SC,ASO,ES,Combined TRACON& Tower with Radar,66,92,55,58,271,0,0,40,3,43,66,92,95,61,314,0,42,42,356
12/11/2007,CHS,SC,ASO,ES,Combined TRACON& Tower with Radar,63,84,67,43,257,0,0,31,0,31,63,84,98,43,288,0,20,20,308
12/12/2007,CHS,SC,ASO,ES,Combined TRACON& Tower with Radar,57,96,95,69,317,0,0,0,0,0,57,96,95,69,317,0,42,42,359
12/13/2007,CHS,SC,ASO,ES,Combined TRACON& Tower with Radar,68,93,56,44,261,0,0,38,2,40,68,93,94,46,301,0,44,44,345
12/14/2007,CHS,SC,ASO,ES,Combined TRACON& Tower with Radar,63,106,67,66,302,0,0,34,1,35,63,106,101,67,337,0,28,28,365
12/15/2007,CHS,SC,ASO,ES,Combined TRACON& Tower with Radar,66,73,37,20,196,0,0,16,0,16,66,73,53,20,212,0,8,8,220
12/16/2007,CHS,SC,ASO,ES,Combined TRACON& Tower with Radar,55,87,28,36,206,0,0,7,2,9,55,87,35,38,215,0,12,12,227
12/17/2007,CHS,SC,ASO,ES,Combined TRACON& Tower with Radar,60,96,30,79,265,0,1,33,2,36,60,97,63,81,301,0,68,68,369
12/18/2007,CHS,SC,ASO,ES,Combined TRACON& Tower with Radar,59,90,53,57,259,0,1,33,4,38,59,91,86,61,297,0,38,38,335
12/19/2007,CHS,SC,ASO,ES,Combined TRACON& Tower with Radar,64,109,68,37,278,0,0,35,4,39,64,109,103,41,317,0,30,30,347
12/20/2007,CHS,SC,ASO,ES,Combined TRACON& Tower with Radar,59,105,52,26,242,0,0,28,6,34,59,105,80,32,276,0,24,24,300
12/21/2007,CHS,SC,ASO,ES,Combined TRACON& Tower with Radar,57,103,39,19,218,0,0,3,0,3,57,103,42,19,221,0,0,0,221
12/22/2007,CHS,SC,ASO,ES,Combined TRACON& Tower with Radar,55,104,33,37,229,0,0,0,0,0,55,104,33,37,229,0,20,20,249
12/23/2007,CHS,SC,ASO,ES,Combined TRACON& Tower with Radar,53,99,38,19,209,0,0,5,0,5,53,99,43,19,214,0,8,8,222
12/24/2007,CHS,SC,ASO,ES,Combined TRACON& Tower with Radar,39,71,17,3,130,0,4,13,0,17,39,75,30,3,147,0,7,7,154
12/25/2007,CHS,SC,ASO,ES,Combined TRACON& Tower with Radar,34,79,16,1,130,0,0,5,0,5,34,79,21,1,135,2,0,2,137
12/26/2007,CHS,SC,ASO,ES,Combined TRACON& Tower with Radar,52,98,73,41,264,0,0,10,2,12,52,98,83,43,276,0,36,36,312
12/27/2007,CHS,SC,ASO,ES,Combined TRACON& Tower with Radar,61,113,46,79,299,0,0,21,0,21,61,113,67,79,320,0,52,52,372
12/28/2007,CHS,SC,ASO,ES,Combined TRACON& Tower with Radar,55,109,55,47,266,0,0,30,0,30,55,109,85,47,296,0,34,34,330
12/29/2007,CHS,SC,ASO,ES,Combined TRACON& Tower with Radar,53,93,28,22,196,0,0,8,0,8,53,93,36,22,204,0,16,16,220
12/30/2007,CHS,SC,ASO,ES,Combined TRACON& Tower with Radar,45,80,27,3,155,0,0,7,0,7,45,80,34,3,162,0,0,0,162
12/31/2007,CHS,SC,ASO,ES,Combined TRACON& Tower with Radar,51,73,45,8,177,0,0,20,0,20,51,73,65,8,197,0,2,2,199
01/01/2008,CHS,SC,ASO,ES,Combined TRACON& Tower with Radar,43,79,25,8,155,0,0,18,0,18,43,79,43,8,173,0,2,2,175
01/02/2008,CHS,SC,ASO,ES,Combined TRACON& Tower with Radar,60,110,39,57,266,0,3,23,1,27,60,113,62,58,293,0,62,62,355
01/03/2008,CHS,SC,ASO,ES,Combined TRACON& Tower with Radar,63,103,37,45,248,0,1,25,0,26,63,104,62,45,274,0,58,58,332
01/04/2008,CHS,SC,ASO,ES,Combined TRACON& Tower with Radar,50,86,54,46,236,0,0,33,9,42,50,86,87,55,278,0,34,34,312
01/05/2008,CHS,SC,ASO,ES,Combined TRACON& Tower with Radar,52,73,34,26,185,0,1,40,0,41,52,74,74,26,226,0,18,18,244
01/06/2008,CHS,SC,ASO,ES,Combined TRACON& Tower with Radar,50,92,43,35,220,0,0,31,3,34,50,92,74,38,254,0,20,20,274
01/07/2008,CHS,SC,ASO,ES,Combined TRACON& Tower with Radar,45,87,46,71,249,0,4,42,1,47,45,91,88,72,296,0,36,36,332
01/08/2008,CHS,SC,ASO,ES,Combined TRACON& Tower with Radar,47,86,57,50,240,0,0,29,3,32,47,86,86,53,272,0,62,62,334
01/09/2008,CHS,SC,ASO,ES,Combined TRACON& Tower with Radar,49,98,52,92,291,0,0,31,0,31,49,98,83,92,322,72,0,72,394
01/10/2008,CHS,SC,ASO,ES,Combined TRACON& Tower with Radar,50,102,57,55,264,0,0,25,0,25,50,102,82,55,289,0,32,32,321
01/11/2008,CHS,SC,ASO,ES,Combined TRACON& Tower with Radar,54,99,56,75,284,0,2,11,1,14,54,101,67,76,298,0,79,79,377
01/12/2008,CHS,SC,ASO,ES,Combined TRACON& Tower with Radar,51,75,35,40,201,0,0,17,4,21,51,75,52,44,222,0,41,41,263
01/13/2008,CHS,SC,ASO,ES,Combined TRACON& Tower with Radar,50,85,53,55,243,0,0,4,0,4,50,85,57,55,247,0,38,38,285
01/14/2008,CHS,SC,ASO,ES,Combined TRACON& Tower with Radar,45,95,47,74,261,0,2,36,1,39,45,97,83,75,300,0,104,104,404
01/15/2008,CHS,SC,ASO,ES,Combined TRACON& Tower with Radar,54,91,71,40,256,0,0,30,3,33,54,91,101,43,289,0,42,42,331
01/16/2008,CHS,SC,ASO,ES,Combined TRACON& Tower with Radar,48,98,70,70,286,0,0,17,1,18,48,98,87,71,304,58,0,58,362
01/17/2008,CHS,SC,ASO,ES,Combined TRACON& Tower with Radar,54,81,43,43,221,0,0,1,0,1,54,81,44,43,222,0,36,36,258
01/18/2008,CHS,SC,ASO,ES,Combined TRACON& Tower with Radar,54,106,98,36,294,0,1,18,2,21,54,107,116,38,315,0,18,18,333
01/19/2008,CHS,SC,ASO,ES,Combined TRACON& Tower with Radar,44,71,23,25,163,0,0,11,0,11,44,71,34,25,174,0,22,22,196
01/20/2008,CHS,SC,ASO,ES,Combined TRACON& Tower with Radar,48,82,45,48,223,0,1,18,7,26,48,83,63,55,249,0,50,50,299
01/21/2008,CHS,SC,ASO,ES,Combined TRACON& Tower with Radar,42,98,55,9,204,0,0,29,3,32,42,98,84,12,236,0,10,10,246
01/22/2008,CHS,SC,ASO,ES,Combined TRACON& Tower with Radar,47,93,56,45,241,0,0,15,3,18,47,93,71,48,259,0,58,58,317
01/23/2008,CHS,SC,ASO,ES,Combined TRACON& Tower with Radar,50,100,68,74,292,0,1,27,1,29,50,101,95,75,321,0,78,78,399
01/24/2008,CHS,SC,ASO,ES,Combined TRACON& Tower with Radar,50,105,52,46,253,0,0,18,2,20,50,105,70,48,273,0,42,42,315
01/25/2008,CHS,SC,ASO,ES,Combined TRACON& Tower with Radar,53,92,50,51,246,0,0,39,5,44,53,92,89,56,290,0,10,10,300
01/26/2008,CHS,SC,ASO,ES,Combined TRACON& Tower with Radar,46,75,36,32,189,0,0,11,0,11,46,75,47,32,200,0,24,24,224
01/27/2008,CHS,SC,ASO,ES,Combined TRACON& Tower with Radar,47,81,51,41,220,0,1,40,6,47,47,82,91,47,267,0,32,32,299
01/28/2008,CHS,SC,ASO,ES,Combined TRACON& Tower with Radar,46,93,36,27,202,0,0,36,3,39,46,93,72,30,241,0,18,18,259
01/29/2008,CHS,SC,ASO,ES,Combined TRACON& Tower with Radar,48,86,50,42,226,0,0,21,2,23,48,86,71,44,249,0,70,70,319
01/30/2008,CHS,SC,ASO,ES,Combined TRACON& Tower with Radar,50,96,62,54,262,0,0,25,0,25,50,96,87,54,287,0,40,40,327
01/31/2008,CHS,SC,ASO,ES,Combined TRACON& Tower with Radar,41,105,57,33,236,0,0,10,0,10,41,105,67,33,246,0,24,24,270
02/01/2008,CHS,SC,ASO,ES,Combined TRACON& Tower with Radar,49,106,46,34,235,0,1,12,1,14,49,107,58,35,249,0,18,18,267
02/02/2008,CHS,SC,ASO,ES,Combined TRACON& Tower with Radar,50,76,41,47,214,0,0,39,2,41,50,76,80,49,255,0,90,90,345
02/03/2008,CHS,SC,ASO,ES,Combined TRACON& Tower with Radar,38,76,38,22,174,0,0,28,2,30,38,76,66,24,204,0,12,12,216
02/04/2008,CHS,SC,ASO,ES,Combined TRACON& Tower with Radar,45,88,45,55,233,0,0,7,0,7,45,88,52,55,240,0,54,54,294
02/05/2008,CHS,SC,ASO,ES,Combined TRACON& Tower with Radar,46,64,41,59,210,0,2,13,0,15,46,66,54,59,225,0,44,44,269
02/06/2008,CHS,SC,ASO,ES,Combined TRACON& Tower with Radar,44,90,31,72,237,0,0,8,0,8,44,90,39,72,245,0,52,52,297
02/07/2008,CHS,SC,ASO,ES,Combined TRACON& Tower with Radar,49,86,68,67,270,0,0,47,1,48,49,86,115,68,318,0,68,68,386
02/08/2008,CHS,SC,ASO,ES,Combined TRACON& Tower with Radar,49,84,45,60,238,0,1,35,3,39,49,85,80,63,277,0,36,36,313
02/09/2008,CHS,SC,ASO,ES,Combined TRACON& Tower with Radar,51,67,28,40,186,0,0,42,5,47,51,67,70,45,233,0,14,14,247
02/10/2008,CHS,SC,ASO,ES,Combined TRACON& Tower with Radar,43,80,30,46,199,0,0,20,1,21,43,80,50,47,220,0,38,38,258
02/11/2008,CHS,SC,ASO,ES,Combined TRACON& Tower with Radar,47,88,48,32,215,0,2,28,0,30,47,90,76,32,245,0,32,32,277
02/12/2008,CHS,SC,ASO,ES,Combined TRACON& Tower with Radar,42,77,33,29,181,0,1,9,0,10,42,78,42,29,191,0,14,14,205
02/13/2008,CHS,SC,ASO,ES,Combined TRACON& Tower with Radar,47,97,65,50,259,0,0,10,0,10,47,97,75,50,269,0,34,34,303
02/14/2008,CHS,SC,ASO,ES,Combined TRACON& Tower with Radar,54,102,86,29,271,0,0,67,0,67,54,102,153,29,338,0,56,56,394
02/15/2008,CHS,SC,ASO,ES,Combined TRACON& Tower with Radar,56,121,71,37,285,0,0,40,3,43,56,121,111,40,328,0,36,36,364
02/16/2008,CHS,SC,ASO,ES,Combined TRACON& Tower with Radar,54,84,43,28,209,0,0,47,0,47,54,84,90,28,256,0,18,18,274
02/17/2008,CHS,SC,ASO,ES,Combined TRACON& Tower with Radar,45,78,65,28,216,0,0,27,2,29,45,78,92,30,245,0,6,6,251
02/18/2008,CHS,SC,ASO,ES,Combined TRACON& Tower with Radar,53,97,56,11,217,0,0,9,0,9,53,97,65,11,226,0,10,10,236
02/19/2008,CHS,SC,ASO,ES,Combined TRACON& Tower with Radar,54,110,64,64,292,0,2,23,0,25,54,112,87,64,317,0,56,56,373
02/20/2008,CHS,SC,ASO,ES,Combined TRACON& Tower with Radar,57,90,66,21,234,0,2,35,0,37,57,92,101,21,271,0,26,26,297
02/21/2008,CHS,SC,ASO,ES,Combined TRACON& Tower with Radar,59,91,80,18,248,0,0,23,0,23,59,91,103,18,271,0,10,10,281
02/22/2008,CHS,SC,ASO,ES,Combined TRACON& Tower with Radar,59,85,55,32,231,0,0,0,0,0,59,85,55,32,231,0,0,0,231
02/23/2008,CHS,SC,ASO,ES,Combined TRACON& Tower with Radar,56,93,42,66,257,0,0,39,5,44,56,93,81,71,301,0,68,68,369
02/24/2008,CHS,SC,ASO,ES,Combined TRACON& Tower with Radar,55,92,66,60,273,0,0,21,3,24,55,92,87,63,297,0,24,24,321
02/25/2008,CHS,SC,ASO,ES,Combined TRACON& Tower with Radar,51,97,54,38,240,0,1,24,5,30,51,98,78,43,270,0,72,72,342
02/26/2008,CHS,SC,ASO,ES,Combined TRACON& Tower with Radar,51,97,38,30,216,0,0,3,2,5,51,97,41,32,221,0,28,28,249
02/27/2008,CHS,SC,ASO,ES,Combined TRACON& Tower with Radar,52,94,45,62,253,0,2,28,7,37,52,96,73,69,290,0,44,44,334
02/28/2008,CHS,SC,ASO,ES,Combined TRACON& Tower with Radar,51,110,55,42,258,0,3,42,9,54,51,113,97,51,312,0,40,40,352
02/29/2008,CHS,SC,ASO,ES,Combined TRACON& Tower with Radar,56,98,71,55,280,0,2,37,7,46,56,100,108,62,326,0,36,36,362
03/01/2008,CHS,SC,ASO,ES,Combined TRACON& Tower with Radar,52,84,44,50,230,0,0,27,12,39,52,84,71,62,269,0,52,52,321
03/02/2008,CHS,SC,ASO,ES,Combined TRACON& Tower with Radar,49,99,53,62,263,0,0,33,8,41,49,99,86,70,304,0,34,34,338
03/03/2008,CHS,SC,ASO,ES,Combined TRACON& Tower with Radar,53,87,44,49,233,0,2,30,0,32,53,89,74,49,265,0,48,48,313
03/04/2008,CHS,SC,ASO,ES,Combined TRACON& Tower with Radar,48,78,31,32,189,0,0,2,0,2,48,78,33,32,191,0,36,36,227
03/05/2008,CHS,SC,ASO,ES,Combined TRACON& Tower with Radar,64,95,72,23,254,0,0,23,1,24,64,95,95,24,278,0,4,4,282
03/06/2008,CHS,SC,ASO,ES,Combined TRACON& Tower with Radar,60,101,64,46,271,0,0,36,1,37,60,101,100,47,308,0,64,64,372
03/07/2008,CHS,SC,ASO,ES,Combined TRACON& Tower with Radar,57,93,50,33,233,0,0,1,1,2,57,93,51,34,235,0,8,8,243
03/08/2008,CHS,SC,ASO,ES,Combined TRACON& Tower with Radar,56,96,30,32,214,0,0,4,1,5,56,96,34,33,219,0,24,24,243
03/09/2008,CHS,SC,ASO,ES,Combined TRACON& Tower with Radar,55,92,83,24,254,0,0,37,3,40,55,92,120,27,294,0,12,12,306
03/10/2008,CHS,SC,ASO,ES,Combined TRACON& Tower with Radar,56,104,41,61,262,0,5,44,2,51,56,109,85,63,313,0,48,48,361
03/11/2008,CHS,SC,ASO,ES,Combined TRACON& Tower with Radar,55,93,54,56,258,4,2,33,0,39,59,95,87,56,297,0,64,64,361
03/12/2008,CHS,SC,ASO,ES,Combined TRACON& Tower with Radar,58,95,45,34,232,0,2,33,1,36,58,97,78,35,268,0,23,23,291
03/13/2008,CHS,SC,ASO,ES,Combined TRACON& Tower with Radar,59,94,66,62,281,0,0,41,6,47,59,94,107,68,328,0,46,46,374
03/14/2008,CHS,SC,ASO,ES,Combined TRACON& Tower with Radar,57,111,55,77,300,0,4,21,5,30,57,115,76,82,330,0,50,50,380
03/15/2008,CHS,SC,ASO,ES,Combined TRACON& Tower with Radar,58,95,36,61,250,0,0,9,0,9,58,95,45,61,259,0,70,70,329
03/16/2008,CHS,SC,ASO,ES,Combined TRACON& Tower with Radar,63,94,75,37,269,0,0,31,6,37,63,94,106,43,306,0,11,11,317
03/17/2008,CHS,SC,ASO,ES,Combined TRACON& Tower with Radar,56,90,50,33,229,0,0,37,5,42,56,90,87,38,271,0,22,22,293
03/18/2008,CHS,SC,ASO,ES,Combined TRACON& Tower with Radar,47,88,55,30,220,0,0,28,1,29,47,88,83,31,249,0,6,6,255
03/19/2008,CHS,SC,ASO,ES,Combined TRACON& Tower with Radar,57,73,63,27,220,0,1,11,0,12,57,74,74,27,232,0,10,10,242
03/20/2008,CHS,SC,ASO,ES,Combined TRACON& Tower with Radar,58,109,66,66,299,0,4,24,1,29,58,113,90,67,328,0,30,30,358
03/21/2008,CHS,SC,ASO,ES,Combined TRACON& Tower with Radar,57,101,74,43,275,0,1,62,1,64,57,102,136,44,339,0,38,38,377
03/22/2008,CHS,SC,ASO,ES,Combined TRACON& Tower with Radar,56,95,38,24,213,0,0,40,2,42,56,95,78,26,255,0,38,38,293
03/23/2008,CHS,SC,ASO,ES,Combined TRACON& Tower with Radar,48,85,40,8,181,0,0,16,0,16,48,85,56,8,197,0,4,4,201
03/24/2008,CHS,SC,ASO,ES,Combined TRACON& Tower with Radar,55,95,52,19,221,0,3,21,1,25,55,98,73,20,246,0,28,28,274
03/25/2008,CHS,SC,ASO,ES,Combined TRACON& Tower with Radar,58,92,46,47,243,0,0,41,4,45,58,92,87,51,288,0,34,34,322
03/26/2008,CHS,SC,ASO,ES,Combined TRACON& Tower with Radar,52,86,60,49,247,0,2,35,3,40,52,88,95,52,287,0,42,42,329
03/27/2008,CHS,SC,ASO,ES,Combined TRACON& Tower with Radar,50,113,56,35,254,0,1,15,2,18,50,114,71,37,272,0,20,20,292
03/28/2008,CHS,SC,ASO,ES,Combined TRACON& Tower with Radar,56,91,66,41,254,0,2,23,11,36,56,93,89,52,290,0,10,10,300
03/29/2008,CHS,SC,ASO,ES,Combined TRACON& Tower with Radar,51,93,46,42,232,0,0,28,4,32,51,93,74,46,264,0,18,18,282
03/30/2008,CHS,SC,ASO,ES,Combined TRACON& Tower with Radar,52,94,58,22,226,0,0,1,1,2,52,94,59,23,228,0,40,40,268
03/31/2008,CHS,SC,ASO,ES,Combined TRACON& Tower with Radar,55,83,42,32,212,0,1,3,1,5,55,84,45,33,217,0,46,46,263
04/01/2008,CHS,SC,ASO,ES,Combined TRACON& Tower with Radar,54,89,43,95,281,0,1,9,0,10,54,90,52,95,291,0,98,98,389
04/02/2008,CHS,SC,ASO,ES,Combined TRACON& Tower with Radar,64,89,60,37,250,0,0,23,0,23,64,89,83,37,273,0,30,30,303
04/03/2008,CHS,SC,ASO,ES,Combined TRACON& Tower with Radar,55,99,58,35,247,0,0,0,0,0,55,99,58,35,247,0,34,34,281
04/04/2008,CHS,SC,ASO,ES,Combined TRACON& Tower with Radar,53,103,69,53,278,0,0,12,0,12,53,103,81,53,290,0,16,16,306
04/05/2008,CHS,SC,ASO,ES,Combined TRACON& Tower with Radar,59,96,28,32,215,0,0,2,0,2,59,96,30,32,217,0,34,34,251
04/06/2008,CHS,SC,ASO,ES,Combined TRACON& Tower with Radar,65,91,84,55,295,0,0,19,2,21,65,91,103,57,316,0,44,44,360
04/07/2008,CHS,SC,ASO,ES,Combined TRACON& Tower with Radar,59,102,53,68,282,0,0,14,0,14,59,102,67,68,296,0,86,86,382
04/08/2008,CHS,SC,ASO,ES,Combined TRACON& Tower with Radar,53,93,53,32,231,0,0,15,2,17,53,93,68,34,248,0,12,12,260
04/09/2008,CHS,SC,ASO,ES,Combined TRACON& Tower with Radar,57,95,71,59,282,0,1,31,0,32,57,96,102,59,314,0,58,58,372
04/10/2008,CHS,SC,ASO,ES,Combined TRACON& Tower with Radar,62,126,95,49,332,0,0,46,4,50,62,126,141,53,382,0,32,32,414
04/11/2008,CHS,SC,ASO,ES,Combined TRACON& Tower with Radar,64,117,82,41,304,0,0,38,3,41,64,117,120,44,345,0,26,26,371
04/12/2008,CHS,SC,ASO,ES,Combined TRACON& Tower with Radar,51,94,42,23,210,0,0,11,3,14,51,94,53,26,224,0,4,4,228
04/13/2008,CHS,SC,ASO,ES,Combined TRACON& Tower with Radar,60,104,79,34,277,0,0,23,2,25,60,104,102,36,302,0,40,40,342
04/14/2008,CHS,SC,ASO,ES,Combined TRACON& Tower with Radar,60,117,56,21,254,0,1,14,0,15,60,118,70,21,269,0,8,8,277
04/15/2008,CHS,SC,ASO,ES,Combined TRACON& Tower with Radar,57,99,63,47,266,0,1,10,1,12,57,100,73,48,278,0,24,24,302
04/16/2008,CHS,SC,ASO,ES,Combined TRACON& Tower with Radar,62,101,75,49,287,0,1,25,0,26,62,102,100,49,313,0,58,58,371
04/17/2008,CHS,SC,ASO,ES,Combined TRACON& Tower with Radar,56,122,55,49,282,0,1,37,0,38,56,123,92,49,320,0,38,38,358
04/18/2008,CHS,SC,ASO,ES,Combined TRACON& Tower with Radar,57,107,73,47,284,0,2,30,2,34,57,109,103,49,318,0,18,18,336
04/19/2008,CHS,SC,ASO,ES,Combined TRACON& Tower with Radar,54,92,45,50,241,0,0,28,2,30,54,92,73,52,271,0,32,32,303
04/20/2008,CHS,SC,ASO,ES,Combined TRACON& Tower with Radar,57,117,57,46,277,0,0,29,0,29,57,117,86,46,306,0,44,44,350
04/21/2008,CHS,SC,ASO,ES,Combined TRACON& Tower with Radar,55,108,51,46,260,0,1,22,2,25,55,109,73,48,285,0,44,44,329
04/22/2008,CHS,SC,ASO,ES,Combined TRACON& Tower with Radar,53,102,57,46,258,0,0,11,1,12,53,102,68,47,270,0,26,26,296
04/23/2008,CHS,SC,ASO,ES,Combined TRACON& Tower with Radar,64,111,73,44,292,0,0,8,0,8,64,111,81,44,300,0,26,26,326
04/24/2008,CHS,SC,ASO,ES,Combined TRACON& Tower with Radar,60,109,73,55,297,0,0,52,3,55,60,109,125,58,352,0,42,42,394
04/25/2008,CHS,SC,ASO,ES,Combined TRACON& Tower with Radar,47,84,52,43,226,0,1,47,5,53,47,85,99,48,279,0,12,12,291
04/26/2008,CHS,SC,ASO,ES,Combined TRACON& Tower with Radar,40,47,25,7,119,0,0,18,2,20,40,47,43,9,139,0,10,10,149
04/27/2008,CHS,SC,ASO,ES,Combined TRACON& Tower with Radar,59,109,62,37,267,0,0,34,2,36,59,109,96,39,303,0,18,18,321
04/28/2008,CHS,SC,ASO,ES,Combined TRACON& Tower with Radar,63,92,57,53,265,0,0,26,0,26,63,92,83,53,291,0,58,58,349
04/29/2008,CHS,SC,ASO,ES,Combined TRACON& Tower with Radar,57,96,50,56,259,0,0,18,4,22,57,96,68,60,281,0,44,44,325
04/30/2008,CHS,SC,ASO,ES,Combined TRACON& Tower with Radar,61,96,78,45,280,0,1,42,4,47,61,97,120,49,327,0,74,74,401
05/01/2008,CHS,SC,ASO,ES,Combined TRACON& Tower with Radar,58,101,79,38,276,0,0,28,0,28,58,101,107,38,304,0,31,31,335
05/02/2008,CHS,SC,ASO,ES,Combined TRACON& Tower with Radar,58,90,64,61,273,0,0,33,5,38,58,90,97,66,311,0,26,26,337
05/03/2008,CHS,SC,ASO,ES,Combined TRACON& Tower with Radar,60,74,31,45,210,0,1,30,3,34,60,75,61,48,244,0,24,24,268
05/04/2008,CHS,SC,ASO,ES,Combined TRACON& Tower with Radar,53,93,45,25,216,0,0,19,0,19,53,93,64,25,235,0,16,16,251
05/05/2008,CHS,SC,ASO,ES,Combined TRACON& Tower with Radar,59,103,56,25,243,0,0,19,2,21,59,103,75,27,264,0,22,22,286
05/06/2008,CHS,SC,ASO,ES,Combined TRACON& Tower with Radar,60,97,68,32,257,0,0,24,1,25,60,97,92,33,282,0,31,31,313
05/07/2008,CHS,SC,ASO,ES,Combined TRACON& Tower with Radar,68,100,66,60,294,0,0,29,0,29,68,100,95,60,323,0,56,56,379
05/08/2008,CHS,SC,ASO,ES,Combined TRACON& Tower with Radar,61,117,76,34,288,0,1,19,0,20,61,118,95,34,308,0,30,30,338
05/09/2008,CHS,SC,ASO,ES,Combined TRACON& Tower with Radar,66,96,71,15,248,0,1,12,2,15,66,97,83,17,263,0,18,18,281
05/10/2008,CHS,SC,ASO,ES,Combined TRACON& Tower with Radar,57,76,41,25,199,0,1,26,0,27,57,77,67,25,226,0,18,18,244
05/11/2008,CHS,SC,ASO,ES,Combined TRACON& Tower with Radar,53,97,35,16,201,0,0,1,0,1,53,97,36,16,202,0,6,6,208
05/12/2008,CHS,SC,ASO,ES,Combined TRACON& Tower with Radar,67,81,51,61,260,0,0,6,0,6,67,81,57,61,266,0,62,62,328
05/13/2008,CHS,SC,ASO,ES,Combined TRACON& Tower with Radar,68,96,62,48,274,0,0,39,5,44,68,96,101,53,318,0,42,42,360
05/14/2008,CHS,SC,ASO,ES,Combined TRACON& Tower with Radar,65,100,60,34,259,0,0,46,5,51,65,100,106,39,310,0,32,32,342
05/15/2008,CHS,SC,ASO,ES,Combined TRACON& Tower with Radar,59,90,62,19,230,0,0,40,6,46,59,90,102,25,276,0,10,10,286
05/16/2008,CHS,SC,ASO,ES,Combined TRACON& Tower with Radar,65,117,54,44,280,0,1,19,3,23,65,118,73,47,303,0,20,20,323
05/17/2008,CHS,SC,ASO,ES,Combined TRACON& Tower with Radar,64,71,27,30,192,0,1,45,1,47,64,72,72,31,239,0,18,18,257
05/18/2008,CHS,SC,ASO,ES,Combined TRACON& Tower with Radar,58,101,46,36,241,0,2,22,1,25,58,103,68,37,266,0,18,18,284
05/19/2008,CHS,SC,ASO,ES,Combined TRACON& Tower with Radar,60,95,46,38,239,0,0,20,0,20,60,95,66,38,259,0,34,34,293
05/20/2008,CHS,SC,ASO,ES,Combined TRACON& Tower with Radar,56,87,47,23,213,0,2,14,0,16,56,89,61,23,229,0,12,12,241
05/21/2008,CHS,SC,ASO,ES,Combined TRACON& Tower with Radar,71,92,66,47,276,0,2,46,2,50,71,94,112,49,326,0,24,24,350
05/22/2008,CHS,SC,ASO,ES,Combined TRACON& Tower with Radar,60,105,81,36,282,0,1,41,0,42,60,106,122,36,324,0,30,30,354
05/23/2008,CHS,SC,ASO,ES,Combined TRACON& Tower with Radar,64,108,77,16,265,0,0,36,1,37,64,108,113,17,302,0,20,20,322
05/24/2008,CHS,SC,ASO,ES,Combined TRACON& Tower with Radar,66,71,34,37,208,0,0,27,0,27,66,71,61,37,235,0,10,10,245
05/25/2008,CHS,SC,ASO,ES,Combined TRACON& Tower with Radar,51,84,41,34,210,0,0,27,0,27,51,84,68,34,237,0,64,64,301
05/26/2008,CHS,SC,ASO,ES,Combined TRACON& Tower with Radar,54,103,70,7,234,0,0,30,0,30,54,103,100,7,264,0,4,4,268
05/27/2008,CHS,SC,ASO,ES,Combined TRACON& Tower with Radar,62,86,71,46,265,0,1,33,3,37,62,87,104,49,302,0,26,26,328
05/28/2008,CHS,SC,ASO,ES,Combined TRACON& Tower with Radar,63,109,51,62,285,0,0,36,5,41,63,109,87,67,326,0,44,44,370
05/29/2008,CHS,SC,ASO,ES,Combined TRACON& Tower with Radar,66,111,100,61,338,0,0,0,0,0,66,111,100,61,338,0,38,38,376
05/30/2008,CHS,SC,ASO,ES,Combined TRACON& Tower with Radar,58,105,94,58,315,0,0,45,0,45,58,105,139,58,360,0,48,48,408
05/31/2008,CHS,SC,ASO,ES,Combined TRACON& Tower with Radar,54,77,48,66,245,0,1,20,0,21,54,78,68,66,266,0,14,14,280
06/01/2008,CHS,SC,ASO,ES,Combined TRACON& Tower with Radar,60,83,57,32,232,0,0,18,0,18,60,83,75,32,250,0,11,11,261
06/02/2008,CHS,SC,ASO,ES,Combined TRACON& Tower with Radar,60,104,40,44,248,0,0,19,0,19,60,104,59,44,267,0,30,30,297
06/03/2008,CHS,SC,ASO,ES,Combined TRACON& Tower with Radar,63,91,50,36,240,0,0,25,1,26,63,91,75,37,266,0,35,35,301
06/04/2008,CHS,SC,ASO,ES,Combined TRACON& Tower with Radar,57,91,53,43,244,0,0,21,4,25,57,91,74,47,269,0,20,20,289
06/05/2008,CHS,SC,ASO,ES,Combined TRACON& Tower with Radar,57,100,73,31,261,0,0,46,6,52,57,100,119,37,313,0,20,20,333
06/06/2008,CHS,SC,ASO,ES,Combined TRACON& Tower with Radar,58,104,52,24,238,0,2,47,6,55,58,106,99,30,293,0,4,4,297
06/07/2008,CHS,SC,ASO,ES,Combined TRACON& Tower with Radar,56,89,29,19,193,0,0,44,0,44,56,89,73,19,237,0,16,16,253
06/08/2008,CHS,SC,ASO,ES,Combined TRACON& Tower with Radar,52,94,49,20,215,0,0,21,1,22,52,94,70,21,237,0,8,8,245
06/09/2008,CHS,SC,ASO,ES,Combined TRACON& Tower with Radar,59,91,31,20,201,0,0,30,0,30,59,91,61,20,231,0,26,26,257
06/10/2008,CHS,SC,ASO,ES,Combined TRACON& Tower with Radar,65,88,43,32,228,0,1,27,0,28,65,89,70,32,256,0,26,26,282
06/11/2008,CHS,SC,ASO,ES,Combined TRACON& Tower with Radar,55,100,63,49,267,0,0,28,1,29,55,100,91,50,296,0,44,44,340
06/12/2008,CHS,SC,ASO,ES,Combined TRACON& Tower with Radar,63,95,64,40,262,0,0,22,6,28,63,95,86,46,290,0,16,16,306
06/13/2008,CHS,SC,ASO,ES,Combined TRACON& Tower with Radar,65,96,70,56,287,0,0,21,15,36,65,96,91,71,323,0,34,34,357
06/14/2008,CHS,SC,ASO,ES,Combined TRACON& Tower with Radar,61,77,45,40,223,0,2,26,11,39,61,79,71,51,262,0,32,32,294
06/15/2008,CHS,SC,ASO,ES,Combined TRACON& Tower with Radar,66,80,49,46,241,0,0,9,10,19,66,80,58,56,260,0,14,14,274
06/16/2008,CHS,SC,ASO,ES,Combined TRACON& Tower with Radar,58,74,63,74,269,0,1,24,4,29,58,75,87,78,298,0,88,88,386
06/17/2008,CHS,SC,ASO,ES,Combined TRACON& Tower with Radar,65,88,50,65,268,0,1,26,0,27,65,89,76,65,295,0,48,48,343
06/18/2008,CHS,SC,ASO,ES,Combined TRACON& Tower with Radar,65,91,72,42,270,0,1,43,2,46,65,92,115,44,316,0,42,42,358
06/19/2008,CHS,SC,ASO,ES,Combined TRACON& Tower with Radar,56,74,69,52,251,0,0,29,2,31,56,74,98,54,282,0,22,22,304
06/20/2008,CHS,SC,ASO,ES,Combined TRACON& Tower with Radar,57,90,67,49,263,0,0,32,3,35,57,90,99,52,298,0,10,10,308
06/21/2008,CHS,SC,ASO,ES,Combined TRACON& Tower with Radar,62,80,49,30,221,0,1,40,1,42,62,81,89,31,263,0,42,42,305
06/22/2008,CHS,SC,ASO,ES,Combined TRACON& Tower with Radar,44,95,57,28,224,0,0,14,1,15,44,95,71,29,239,0,4,4,243
06/23/2008,CHS,SC,ASO,ES,Combined TRACON& Tower with Radar,64,90,44,37,235,0,0,17,0,17,64,90,61,37,252,0,24,24,276
06/24/2008,CHS,SC,ASO,ES,Combined TRACON& Tower with Radar,58,95,48,34,235,0,1,50,1,52,58,96,98,35,287,0,34,34,321
06/25/2008,CHS,SC,ASO,ES,Combined TRACON& Tower with Radar,65,91,80,44,280,0,0,29,1,30,65,91,109,45,310,0,62,62,372
06/26/2008,CHS,SC,ASO,ES,Combined TRACON& Tower with Radar,64,95,57,48,264,0,0,29,0,29,64,95,86,48,293,0,24,24,317
06/27/2008,CHS,SC,ASO,ES,Combined TRACON& Tower with Radar,65,93,71,49,278,0,0,23,5,28,65,93,94,54,306,0,62,62,368
06/28/2008,CHS,SC,ASO,ES,Combined TRACON& Tower with Radar,58,85,50,26,219,0,0,27,4,31,58,85,77,30,250,0,62,62,312
06/29/2008,CHS,SC,ASO,ES,Combined TRACON& Tower with Radar,56,75,34,39,204,0,0,5,4,9,56,75,39,43,213,0,38,38,251
06/30/2008,CHS,SC,ASO,ES,Combined TRACON& Tower with Radar,70,80,45,37,232,0,1,25,4,30,70,81,70,41,262,0,38,38,300
07/01/2008,CHS,SC,ASO,ES,Combined TRACON& Tower with Radar,61,104,42,43,250,0,0,0,0,0,61,104,42,43,250,5,30,35,285
07/02/2008,CHS,SC,ASO,ES,Combined TRACON& Tower with Radar,61,95,48,79,283,0,0,48,0,48,61,95,96,79,331,7,61,68,399
07/03/2008,CHS,SC,ASO,ES,Combined TRACON& Tower with Radar,63,84,64,22,233,0,3,36,2,41,63,87,100,24,274,0,8,8,282
07/04/2008,CHS,SC,ASO,ES,Combined TRACON& Tower with Radar,54,71,23,13,161,0,1,22,2,25,54,72,45,15,186,0,0,0,186
07/05/2008,CHS,SC,ASO,ES,Combined TRACON& Tower with Radar,51,82,26,7,166,0,0,12,2,14,51,82,38,9,180,0,0,0,180
07/06/2008,CHS,SC,ASO,ES,Combined TRACON& Tower with Radar,50,85,49,4,188,0,0,11,0,11,50,85,60,4,199,6,0,6,205
07/07/2008,CHS,SC,ASO,ES,Combined TRACON& Tower with Radar,64,107,55,35,261,0,2,35,0,37,64,109,90,35,298,4,20,24,322
07/08/2008,CHS,SC,ASO,ES,Combined TRACON& Tower with Radar,60,100,47,59,266,0,0,29,1,30,60,100,76,60,296,4,40,44,340
07/09/2008,CHS,SC,ASO,ES,Combined TRACON& Tower with Radar,61,91,70,53,275,0,2,51,0,53,61,93,121,53,328,6,52,58,386
07/10/2008,CHS,SC,ASO,ES,Combined TRACON& Tower with Radar,52,115,42,50,259,0,1,23,0,24,52,116,65,50,283,4,49,53,336
07/11/2008,CHS,SC,ASO,ES,Combined TRACON& Tower with Radar,65,89,52,38,244,0,1,21,1,23,65,90,73,39,267,0,20,20,287
07/12/2008,CHS,SC,ASO,ES,Combined TRACON& Tower with Radar,54,88,46,20,208,0,0,16,0,16,54,88,62,20,224,0,18,18,242
07/13/2008,CHS,SC,ASO,ES,Combined TRACON& Tower with Radar,43,76,43,22,184,0,1,25,4,30,43,77,68,26,214,0,6,6,220
07/14/2008,CHS,SC,ASO,ES,Combined TRACON& Tower with Radar,57,89,45,34,225,0,0,23,3,26,57,89,68,37,251,0,20,20,271
07/15/2008,CHS,SC,ASO,ES,Combined TRACON& Tower with Radar,59,99,49,55,262,0,0,14,3,17,59,99,63,58,279,4,30,34,313
07/16/2008,CHS,SC,ASO,ES,Combined TRACON& Tower with Radar,59,95,70,52,276,0,1,27,3,31,59,96,97,55,307,0,33,33,340
07/17/2008,CHS,SC,ASO,ES,Combined TRACON& Tower with Radar,61,98,42,51,252,0,1,26,0,27,61,99,68,51,279,0,30,30,309
07/18/2008,CHS,SC,ASO,ES,Combined TRACON& Tower with Radar,62,101,60,40,263,0,0,2,0,2,62,101,62,40,265,0,26,26,291
07/19/2008,CHS,SC,ASO,ES,Combined TRACON& Tower with Radar,55,86,35,52,228,0,0,0,0,0,55,86,35,52,228,0,30,30,258
07/20/2008,CHS,SC,ASO,ES,Combined TRACON& Tower with Radar,52,83,39,35,209,0,0,23,2,25,52,83,62,37,234,3,11,14,248
07/21/2008,CHS,SC,ASO,ES,Combined TRACON& Tower with Radar,60,93,46,22,221,0,2,21,3,26,60,95,67,25,247,2,10,12,259
07/22/2008,CHS,SC,ASO,ES,Combined TRACON& Tower with Radar,58,110,44,32,244,0,3,43,7,53,58,113,87,39,297,2,26,28,325
07/23/2008,CHS,SC,ASO,ES,Combined TRACON& Tower with Radar,56,88,68,62,274,0,0,38,1,39,56,88,106,63,313,0,56,56,369
07/24/2008,CHS,SC,ASO,ES,Combined TRACON& Tower with Radar,59,94,50,55,258,0,0,35,2,37,59,94,85,57,295,0,24,24,319
07/25/2008,CHS,SC,ASO,ES,Combined TRACON& Tower with Radar,58,102,57,57,274,0,2,29,6,37,58,104,86,63,311,0,34,34,345
07/26/2008,CHS,SC,ASO,ES,Combined TRACON& Tower with Radar,57,81,29,25,192,0,0,25,0,25,57,81,54,25,217,0,4,4,221
07/27/2008,CHS,SC,ASO,ES,Combined TRACON& Tower with Radar,51,73,55,38,217,0,1,17,6,24,51,74,72,44,241,2,10,12,253
07/28/2008,CHS,SC,ASO,ES,Combined TRACON& Tower with Radar,59,93,39,65,256,0,0,31,0,31,59,93,70,65,287,10,36,46,333
07/29/2008,CHS,SC,ASO,ES,Combined TRACON& Tower with Radar,59,88,48,64,259,0,0,34,1,35,59,88,82,65,294,0,46,46,340
07/30/2008,CHS,SC,ASO,ES,Combined TRACON& Tower with Radar,61,104,69,38,272,0,1,22,0,23,61,105,91,38,295,0,40,40,335
07/31/2008,CHS,SC,ASO,ES,Combined TRACON& Tower with Radar,61,104,69,38,272,0,1,22,0,23,61,105,91,38,295,0,40,40,335
08/01/2008,CHS,SC,ASO,ES,Combined TRACON& Tower with Radar,65,96,32,39,232,0,1,26,12,39,65,97,58,51,271,5,28,33,304
08/02/2008,CHS,SC,ASO,ES,Combined TRACON& Tower with Radar,59,76,35,22,192,0,0,39,1,40,59,76,74,23,232,2,30,32,264
08/03/2008,CHS,SC,ASO,ES,Combined TRACON& Tower with Radar,58,82,38,15,193,0,0,30,11,41,58,82,68,26,234,4,2,6,240
08/04/2008,CHS,SC,ASO,ES,Combined TRACON& Tower with Radar,57,94,48,16,215,0,0,27,1,28,57,94,75,17,243,12,0,12,255
08/05/2008,CHS,SC,ASO,ES,Combined TRACON& Tower with Radar,59,104,45,33,241,0,0,25,9,34,59,104,70,42,275,12,18,30,305
08/06/2008,CHS,SC,ASO,ES,Combined TRACON& Tower with Radar,59,90,63,29,241,0,0,38,1,39,59,90,101,30,280,18,40,58,338
08/07/2008,CHS,SC,ASO,ES,Combined TRACON& Tower with Radar,62,95,88,12,257,0,0,27,1,28,62,95,115,13,285,13,2,15,300
08/08/2008,CHS,SC,ASO,ES,Combined TRACON& Tower with Radar,68,102,59,20,249,0,2,23,6,31,68,104,82,26,280,4,4,8,288
08/09/2008,CHS,SC,ASO,ES,Combined TRACON& Tower with Radar,62,101,36,30,229,0,1,28,8,37,62,102,64,38,266,0,0,0,266
08/10/2008,CHS,SC,ASO,ES,Combined TRACON& Tower with Radar,52,87,53,27,219,0,0,21,0,21,52,87,74,27,240,6,8,14,254
08/11/2008,CHS,SC,ASO,ES,Combined TRACON& Tower with Radar,56,95,48,49,248,0,1,31,2,34,56,96,79,51,282,18,42,60,342
08/12/2008,CHS,SC,ASO,ES,Combined TRACON& Tower with Radar,61,96,48,57,262,0,0,13,1,14,61,96,61,58,276,4,22,26,302
08/13/2008,CHS,SC,ASO,ES,Combined TRACON& Tower with Radar,63,98,43,67,271,0,0,1,1,2,63,98,44,68,273,0,56,56,329
08/14/2008,CHS,SC,ASO,ES,Combined TRACON& Tower with Radar,56,96,46,62,260,0,0,20,4,24,56,96,66,66,284,6,48,54,338
08/15/2008,CHS,SC,ASO,ES,Combined TRACON& Tower with Radar,61,88,63,62,274,0,0,23,4,27,61,88,86,66,301,3,19,22,323
08/16/2008,CHS,SC,ASO,ES,Combined TRACON& Tower with Radar,60,84,48,54,246,0,1,22,3,26,60,85,70,57,272,6,16,22,294
08/17/2008,CHS,SC,ASO,ES,Combined TRACON& Tower with Radar,56,97,47,48,248,0,1,13,1,15,56,98,60,49,263,0,0,0,263
08/18/2008,CHS,SC,ASO,ES,Combined TRACON& Tower with Radar,59,99,34,61,253,0,0,16,0,16,59,99,50,61,269,6,22,28,297
08/19/2008,CHS,SC,ASO,ES,Combined TRACON& Tower with Radar,62,92,53,47,254,0,1,25,0,26,62,93,78,47,280,0,18,18,298
08/20/2008,CHS,SC,ASO,ES,Combined TRACON& Tower with Radar,57,96,50,44,247,0,0,7,1,8,57,96,57,45,255,4,28,32,287
08/21/2008,CHS,SC,ASO,ES,Combined TRACON& Tower with Radar,61,97,33,42,233,0,0,2,0,2,61,97,35,42,235,16,16,32,267
08/22/2008,CHS,SC,ASO,ES,Combined TRACON& Tower with Radar,60,97,40,57,254,0,0,0,0,0,60,97,40,57,254,9,41,50,304
08/23/2008,CHS,SC,ASO,ES,Combined TRACON& Tower with Radar,57,79,29,18,183,0,0,2,1,3,57,79,31,19,186,4,2,6,192
08/24/2008,CHS,SC,ASO,ES,Combined TRACON& Tower with Radar,32,66,24,22,144,0,0,12,1,13,32,66,36,23,157,5,27,32,189
08/25/2008,CHS,SC,ASO,ES,Combined TRACON& Tower with Radar,56,93,40,78,267,0,0,4,0,4,56,93,44,78,271,15,52,67,338
08/26/2008,CHS,SC,ASO,ES,Combined TRACON& Tower with Radar,50,95,54,44,243,0,0,13,0,13,50,95,67,44,256,10,20,30,286
08/27/2008,CHS,SC,ASO,ES,Combined TRACON& Tower with Radar,62,100,73,56,291,0,0,9,0,9,62,100,82,56,300,10,38,48,348
08/28/2008,CHS,SC,ASO,ES,Combined TRACON& Tower with Radar,60,95,65,21,241,0,2,32,0,34,60,97,97,21,275,45,2,47,322
08/29/2008,CHS,SC,ASO,ES,Combined TRACON& Tower with Radar,60,87,67,35,249,0,2,14,0,16,60,89,81,35,265,36,26,62,327
08/30/2008,CHS,SC,ASO,ES,Combined TRACON& Tower with Radar,55,71,42,8,176,0,0,16,1,17,55,71,58,9,193,0,0,0,193
08/31/2008,CHS,SC,ASO,ES,Combined TRACON& Tower with Radar,36,62,46,12,156,0,0,8,2,10,36,62,54,14,166,3,2,5,171
09/01/2008,CHS,SC,ASO,ES,Combined TRACON& Tower with Radar,58,77,52,13,200,0,1,12,0,13,58,78,64,13,213,8,0,8,221
09/02/2008,CHS,SC,ASO,ES,Combined TRACON& Tower with Radar,58,96,55,23,232,0,0,23,2,25,58,96,78,25,257,16,2,18,275
09/03/2008,CHS,SC,ASO,ES,Combined TRACON& Tower with Radar,62,76,58,25,221,0,1,21,2,24,62,77,79,27,245,20,3,23,268
09/04/2008,CHS,SC,ASO,ES,Combined TRACON& Tower with Radar,60,80,38,21,199,0,2,16,0,18,60,82,54,21,217,5,0,5,222
09/05/2008,CHS,SC,ASO,ES,Combined TRACON& Tower with Radar,39,37,19,0,95,0,0,5,0,5,39,37,24,0,100,0,0,0,100
09/06/2008,CHS,SC,ASO,ES,Combined TRACON& Tower with Radar,37,46,12,22,117,0,1,2,3,6,37,47,14,25,123,20,0,20,143
09/07/2008,CHS,SC,ASO,ES,Combined TRACON& Tower with Radar,55,76,29,11,171,0,1,16,0,17,55,77,45,11,188,25,1,26,214
09/08/2008,CHS,SC,ASO,ES,Combined TRACON& Tower with Radar,51,85,37,29,202,0,1,26,2,29,51,86,63,31,231,14,20,34,265
09/09/2008,CHS,SC,ASO,ES,Combined TRACON& Tower with Radar,57,69,36,95,257,0,3,24,2,29,57,72,60,97,286,30,50,80,366
09/10/2008,CHS,SC,ASO,ES,Combined TRACON& Tower with Radar,56,68,73,65,262,0,1,14,0,15,56,69,87,65,277,25,50,75,352
09/11/2008,CHS,SC,ASO,ES,Combined TRACON& Tower with Radar,62,82,47,34,225,0,0,19,2,21,62,82,66,36,246,18,22,40,286
09/12/2008,CHS,SC,ASO,ES,Combined TRACON& Tower with Radar,62,79,55,39,235,0,1,21,3,25,62,80,76,42,260,22,40,62,322
09/13/2008,CHS,SC,ASO,ES,Combined TRACON& Tower with Radar,53,52,45,32,182,0,0,20,0,20,53,52,65,32,202,24,6,30,232
09/14/2008,CHS,SC,ASO,ES,Combined TRACON& Tower with Radar,55,62,38,16,171,0,0,22,2,24,55,62,60,18,195,15,9,24,219
09/15/2008,CHS,SC,ASO,ES,Combined TRACON& Tower with Radar,58,77,62,55,252,0,1,18,1,20,58,78,80,56,272,32,34,66,338
09/16/2008,CHS,SC,ASO,ES,Combined TRACON& Tower with Radar,55,71,63,49,238,0,0,8,1,9,55,71,71,50,247,18,52,70,317
09/17/2008,CHS,SC,ASO,ES,Combined TRACON& Tower with Radar,57,74,64,57,252,0,1,2,0,3,57,75,66,57,255,14,50,64,319
09/18/2008,CHS,SC,ASO,ES,Combined TRACON& Tower with Radar,55,59,47,52,213,0,0,25,0,25,55,59,72,52,238,49,58,107,345
09/19/2008,CHS,SC,ASO,ES,Combined TRACON& Tower with Radar,59,87,63,40,249,0,1,26,0,27,59,88,89,40,276,90,16,106,382
09/20/2008,CHS,SC,ASO,ES,Combined TRACON& Tower with Radar,55,63,40,42,200,0,4,11,8,23,55,67,51,50,223,7,8,15,238
09/21/2008,CHS,SC,ASO,ES,Combined TRACON& Tower with Radar,53,69,40,42,204,0,1,16,1,18,53,70,56,43,222,3,10,13,235
09/22/2008,CHS,SC,ASO,ES,Combined TRACON& Tower with Radar,55,71,53,56,235,0,3,18,0,21,55,74,71,56,256,20,21,41,297
09/23/2008,CHS,SC,ASO,ES,Combined TRACON& Tower with Radar,56,75,62,51,244,0,1,18,0,19,56,76,80,51,263,24,50,74,337
09/24/2008,CHS,SC,ASO,ES,Combined TRACON& Tower with Radar,55,71,55,54,235,0,2,20,2,24,55,73,75,56,259,12,24,36,295
09/25/2008,CHS,SC,ASO,ES,Combined TRACON& Tower with Radar,59,86,54,33,232,0,0,5,0,5,59,86,59,33,237,19,6,25,262
09/26/2008,CHS,SC,ASO,ES,Combined TRACON& Tower with Radar,58,81,66,56,261,0,0,2,0,2,58,81,68,56,263,22,42,64,327
09/27/2008,CHS,SC,ASO,ES,Combined TRACON& Tower with Radar,51,68,29,51,199,0,1,33,2,36,51,69,62,53,235,0,0,0,235
09/28/2008,CHS,SC,ASO,ES,Combined TRACON& Tower with Radar,56,84,66,19,225,0,1,24,2,27,56,85,90,21,252,10,4,14,266
09/29/2008,CHS,SC,ASO,ES,Combined TRACON& Tower with Radar,57,83,91,41,272,0,0,50,0,50,57,83,141,41,322,37,26,63,385
09/30/2008,CHS,SC,ASO,ES,Combined TRACON& Tower with Radar,56,78,54,32,220,0,0,23,0,23,56,78,77,32,243,15,18,33,276
10/01/2008,CHS,SC,ASO,ES,Combined TRACON& Tower with Radar,56,78,60,50,244,0,0,20,2,22,56,78,80,52,266,18,34,52,318
10/02/2008,CHS,SC,ASO,ES,Combined TRACON& Tower with Radar,59,85,59,28,231,0,0,33,1,34,59,85,92,29,265,50,46,96,361
10/03/2008,CHS,SC,ASO,ES,Combined TRACON& Tower with Radar,58,87,72,59,276,0,0,36,7,43,58,87,108,66,319,13,44,57,376
10/04/2008,CHS,SC,ASO,ES,Combined TRACON& Tower with Radar,48,66,32,32,178,0,1,37,2,40,48,67,69,34,218,26,20,46,264
10/05/2008,CHS,SC,ASO,ES,Combined TRACON& Tower with Radar,52,87,71,33,243,0,0,20,2,22,52,87,91,35,265,21,12,33,298
10/06/2008,CHS,SC,ASO,ES,Combined TRACON& Tower with Radar,54,84,60,52,250,0,1,24,0,25,54,85,84,52,275,14,32,46,321
10/07/2008,CHS,SC,ASO,ES,Combined TRACON& Tower with Radar,58,76,68,14,216,0,1,22,4,27,58,77,90,18,243,35,6,41,284
10/08/2008,CHS,SC,ASO,ES,Combined TRACON& Tower with Radar,55,77,73,46,251,0,0,6,5,11,55,77,79,51,262,22,24,46,308
10/09/2008,CHS,SC,ASO,ES,Combined TRACON& Tower with Radar,63,96,61,49,269,0,0,7,1,8,63,96,68,50,277,22,41,63,340
10/10/2008,CHS,SC,ASO,ES,Combined TRACON& Tower with Radar,65,97,87,41,290,0,0,2,4,6,65,97,89,45,296,21,36,57,353
10/11/2008,CHS,SC,ASO,ES,Combined TRACON& Tower with Radar,50,71,44,28,193,0,0,0,1,1,50,71,44,29,194,3,10,13,207
10/12/2008,CHS,SC,ASO,ES,Combined TRACON& Tower with Radar,58,93,65,26,242,0,0,1,0,1,58,93,66,26,243,6,14,20,263
10/13/2008,CHS,SC,ASO,ES,Combined TRACON& Tower with Radar,61,96,60,18,235,0,0,17,0,17,61,96,77,18,252,14,7,21,273
10/14/2008,CHS,SC,ASO,ES,Combined TRACON& Tower with Radar,58,75,48,61,242,0,3,31,2,36,58,78,79,63,278,39,44,83,361
10/15/2008,CHS,SC,ASO,ES,Combined TRACON& Tower with Radar,57,74,57,60,248,0,1,36,1,38,57,75,93,61,286,44,44,88,374
10/16/2008,CHS,SC,ASO,ES,Combined TRACON& Tower with Radar,59,93,99,40,291,0,0,39,6,45,59,93,138,46,336,51,54,105,441
10/17/2008,CHS,SC,ASO,ES,Combined TRACON& Tower with Radar,64,92,86,62,304,0,0,24,1,25,64,92,110,63,329,24,38,62,391
10/18/2008,CHS,SC,ASO,ES,Combined TRACON& Tower with Radar,54,57,44,40,195,0,0,1,1,2,54,57,45,41,197,0,26,26,223
10/19/2008,CHS,SC,ASO,ES,Combined TRACON& Tower with Radar,58,80,61,36,235,0,0,28,2,30,58,80,89,38,265,14,16,30,295
10/20/2008,CHS,SC,ASO,ES,Combined TRACON& Tower with Radar,56,81,46,34,217,0,3,32,2,37,56,84,78,36,254,28,29,57,311
10/21/2008,CHS,SC,ASO,ES,Combined TRACON& Tower with Radar,56,78,51,43,228,0,0,60,5,65,56,78,111,48,293,40,16,56,349
10/22/2008,CHS,SC,ASO,ES,Combined TRACON& Tower with Radar,58,75,55,32,220,0,3,39,9,51,58,78,94,41,271,8,30,38,309
10/23/2008,CHS,SC,ASO,ES,Combined TRACON& Tower with Radar,59,86,78,22,245,0,0,32,7,39,59,86,110,29,284,24,4,28,312
10/24/2008,CHS,SC,ASO,ES,Combined TRACON& Tower with Radar,58,87,44,22,211,0,0,1,1,2,58,87,45,23,213,10,6,16,229
10/25/2008,CHS,SC,ASO,ES,Combined TRACON& Tower with Radar,53,60,36,51,200,0,0,8,0,8,53,60,44,51,208,8,12,20,228
10/26/2008,CHS,SC,ASO,ES,Combined TRACON& Tower with Radar,58,92,69,34,253,0,0,23,1,24,58,92,92,35,277,24,14,38,315
10/27/2008,CHS,SC,ASO,ES,Combined TRACON& Tower with Radar,57,83,53,17,210,0,1,31,0,32,57,84,84,17,242,23,5,28,270
10/28/2008,CHS,SC,ASO,ES,Combined TRACON& Tower with Radar,59,79,52,69,259,0,1,29,0,30,59,80,81,69,289,18,10,28,317
10/29/2008,CHS,SC,ASO,ES,Combined TRACON& Tower with Radar,55,85,65,52,257,0,2,32,2,36,55,87,97,54,293,27,21,48,341
10/30/2008,CHS,SC,ASO,ES,Combined TRACON& Tower with Radar,61,84,65,32,242,0,0,33,2,35,61,84,98,34,277,44,3,47,324
10/31/2008,CHS,SC,ASO,ES,Combined TRACON& Tower with Radar,59,98,47,30,234,0,0,38,1,39,59,98,85,31,273,27,26,53,326
11/01/2008,CHS,SC,ASO,ES,Combined TRACON& Tower with Radar,53,62,37,20,172,0,0,17,2,19,53,62,54,22,191,35,10,45,236
11/02/2008,CHS,SC,ASO,ES,Combined TRACON& Tower with Radar,47,79,70,26,222,0,3,36,0,39,47,82,106,26,261,31,17,48,309
11/03/2008,CHS,SC,ASO,ES,Combined TRACON& Tower with Radar,52,96,53,59,260,0,0,1,0,1,52,96,54,59,261,8,12,20,281
11/04/2008,CHS,SC,ASO,ES,Combined TRACON& Tower with Radar,38,37,27,19,121,0,0,0,0,0,38,37,27,19,121,0,22,22,143
11/05/2008,CHS,SC,ASO,ES,Combined TRACON& Tower with Radar,54,77,82,62,275,0,0,7,0,7,54,77,89,62,282,14,31,45,327
11/06/2008,CHS,SC,ASO,ES,Combined TRACON& Tower with Radar,53,83,59,67,262,0,2,35,2,39,53,85,94,69,301,14,24,38,339
11/07/2008,CHS,SC,ASO,ES,Combined TRACON& Tower with Radar,56,94,53,34,237,0,1,25,1,27,56,95,78,35,264,17,10,27,291
11/08/2008,CHS,SC,ASO,ES,Combined TRACON& Tower with Radar,42,75,32,50,199,0,0,39,5,44,42,75,71,55,243,18,16,34,277
11/09/2008,CHS,SC,ASO,ES,Combined TRACON& Tower with Radar,48,76,59,32,215,0,0,30,2,32,48,76,89,34,247,29,17,46,293
11/10/2008,CHS,SC,ASO,ES,Combined TRACON& Tower with Radar,54,88,47,49,238,0,1,29,5,35,54,89,76,54,273,22,42,64,337
11/11/2008,CHS,SC,ASO,ES,Combined TRACON& Tower with Radar,57,71,44,25,197,0,2,28,2,32,57,73,72,27,229,10,4,14,243
11/12/2008,CHS,SC,ASO,ES,Combined TRACON& Tower with Radar,58,81,72,49,260,0,1,29,1,31,58,82,101,50,291,29,28,57,348
11/13/2008,CHS,SC,ASO,ES,Combined TRACON& Tower with Radar,53,96,56,95,300,0,0,3,0,3,53,96,59,95,303,5,56,61,364
11/14/2008,CHS,SC,ASO,ES,Combined TRACON& Tower with Radar,52,87,79,108,326,0,0,4,1,5,52,87,83,109,331,4,58,62,393
11/15/2008,CHS,SC,ASO,ES,Combined TRACON& Tower with Radar,45,70,38,52,205,0,0,10,2,12,45,70,48,54,217,7,20,27,244
11/16/2008,CHS,SC,ASO,ES,Combined TRACON& Tower with Radar,49,77,48,48,222,0,0,34,2,36,49,77,82,50,258,23,14,37,295
11/17/2008,CHS,SC,ASO,ES,Combined TRACON& Tower with Radar,59,85,44,70,258,0,0,29,0,29,59,85,73,70,287,2,46,48,335
11/18/2008,CHS,SC,ASO,ES,Combined TRACON& Tower with Radar,57,77,48,67,249,0,0,23,2,25,57,77,71,69,274,9,26,35,309
11/19/2008,CHS,SC,ASO,ES,Combined TRACON& Tower with Radar,56,77,67,44,244,0,1,25,3,29,56,78,92,47,273,22,32,54,327
11/20/2008,CHS,SC,ASO,ES,Combined TRACON& Tower with Radar,56,80,49,47,232,0,0,31,4,35,56,80,80,51,267,32,16,48,315
11/21/2008,CHS,SC,ASO,ES,Combined TRACON& Tower with Radar,61,91,55,64,271,0,5,18,3,26,61,96,73,67,297,4,44,48,345
11/22/2008,CHS,SC,ASO,ES,Combined TRACON& Tower with Radar,43,70,23,30,166,0,0,23,2,25,43,70,46,32,191,9,18,27,218
11/23/2008,CHS,SC,ASO,ES,Combined TRACON& Tower with Radar,50,75,56,36,217,0,0,26,0,26,50,75,82,36,243,7,3,10,253
11/24/2008,CHS,SC,ASO,ES,Combined TRACON& Tower with Radar,55,79,49,36,219,0,1,23,0,24,55,80,72,36,243,2,34,36,279
11/25/2008,CHS,SC,ASO,ES,Combined TRACON& Tower with Radar,57,80,63,60,260,0,1,22,1,24,57,81,85,61,284,14,31,45,329
11/26/2008,CHS,SC,ASO,ES,Combined TRACON& Tower with Radar,57,90,52,25,224,0,2,16,2,20,57,92,68,27,244,21,8,29,273
11/27/2008,CHS,SC,ASO,ES,Combined TRACON& Tower with Radar,32,43,10,6,91,0,0,6,0,6,32,43,16,6,97,6,0,6,103
11/28/2008,CHS,SC,ASO,ES,Combined TRACON& Tower with Radar,42,62,40,7,151,0,1,23,0,24,42,63,63,7,175,20,0,20,195
11/29/2008,CHS,SC,ASO,ES,Combined TRACON& Tower with Radar,45,93,36,7,181,0,0,0,0,0,45,93,36,7,181,0,0,0,181
11/30/2008,CHS,SC,ASO,ES,Combined TRACON& Tower with Radar,49,88,78,7,222,0,0,2,0,2,49,88,80,7,224,1,0,1,225
12/01/2008,CHS,SC,ASO,ES,Combined TRACON& Tower with Radar,52,92,70,52,266,0,2,9,0,11,52,94,79,52,277,7,44,51,328
12/02/2008,CHS,SC,ASO,ES,Combined TRACON& Tower with Radar,53,76,53,59,241,0,2,20,1,23,53,78,73,60,264,2,52,54,318
12/03/2008,CHS,SC,ASO,ES,Combined TRACON& Tower with Radar,54,83,62,72,271,0,4,34,3,41,54,87,96,75,312,2,58,60,372
12/04/2008,CHS,SC,ASO,ES,Combined TRACON& Tower with Radar,52,73,45,77,247,0,0,28,6,34,52,73,73,83,281,15,42,57,338
12/05/2008,CHS,SC,ASO,ES,Combined TRACON& Tower with Radar,52,100,60,67,279,0,0,15,2,17,52,100,75,69,296,10,46,56,352
12/06/2008,CHS,SC,ASO,ES,Combined TRACON& Tower with Radar,41,63,27,50,181,0,0,18,6,24,41,63,45,56,205,0,32,32,237
12/07/2008,CHS,SC,ASO,ES,Combined TRACON& Tower with Radar,50,74,34,23,181,0,0,22,8,30,50,74,56,31,211,13,9,22,233
12/08/2008,CHS,SC,ASO,ES,Combined TRACON& Tower with Radar,50,76,43,51,220,0,0,15,3,18,50,76,58,54,238,0,22,22,260
12/09/2008,CHS,SC,ASO,ES,Combined TRACON& Tower with Radar,50,80,57,76,263,0,0,11,7,18,50,80,68,83,281,8,46,54,335
12/10/2008,CHS,SC,ASO,ES,Combined TRACON& Tower with Radar,47,74,53,51,225,0,0,0,0,0,47,74,53,51,225,2,17,19,244
12/11/2008,CHS,SC,ASO,ES,Combined TRACON& Tower with Radar,50,82,30,34,196,0,0,1,0,1,50,82,31,34,197,0,54,54,251
12/12/2008,CHS,SC,ASO,ES,Combined TRACON& Tower with Radar,56,87,54,64,261,0,1,25,3,29,56,88,79,67,290,2,32,34,324
12/13/2008,CHS,SC,ASO,ES,Combined TRACON& Tower with Radar,41,67,24,53,185,0,2,27,5,34,41,69,51,58,219,8,34,42,261
12/14/2008,CHS,SC,ASO,ES,Combined TRACON& Tower with Radar,48,80,32,51,211,0,1,12,2,15,48,81,44,53,226,10,28,38,264
12/15/2008,CHS,SC,ASO,ES,Combined TRACON& Tower with Radar,53,74,46,46,219,0,1,18,1,20,53,75,64,47,239,4,30,34,273
12/16/2008,CHS,SC,ASO,ES,Combined TRACON& Tower with Radar,47,68,51,101,267,0,0,4,1,5,47,68,55,102,272,4,74,78,350
12/17/2008,CHS,SC,ASO,ES,Combined TRACON& Tower with Radar,52,86,92,42,272,0,0,19,0,19,52,86,111,42,291,6,30,36,327
12/18/2008,CHS,SC,ASO,ES,Combined TRACON& Tower with Radar,49,80,67,34,230,0,0,35,1,36,49,80,102,35,266,3,6,9,275
12/19/2008,CHS,SC,ASO,ES,Combined TRACON& Tower with Radar,54,81,62,42,239,0,0,31,0,31,54,81,93,42,270,10,24,34,304
12/20/2008,CHS,SC,ASO,ES,Combined TRACON& Tower with Radar,46,71,34,60,211,0,0,4,0,4,46,71,38,60,215,8,40,48,263
12/21/2008,CHS,SC,ASO,ES,Combined TRACON& Tower with Radar,47,68,16,30,161,0,0,6,0,6,47,68,22,30,167,3,26,29,196
12/22/2008,CHS,SC,ASO,ES,Combined TRACON& Tower with Radar,56,78,19,78,231,0,0,32,3,35,56,78,51,81,266,5,54,59,325
12/23/2008,CHS,SC,ASO,ES,Combined TRACON& Tower with Radar,59,81,68,78,286,0,1,25,1,27,59,82,93,79,313,2,42,44,357
12/24/2008,CHS,SC,ASO,ES,Combined TRACON& Tower with Radar,43,60,19,7,129,0,0,9,0,9,43,60,28,7,138,15,7,22,160
12/25/2008,CHS,SC,ASO,ES,Combined TRACON& Tower with Radar,41,68,21,2,132,0,0,3,0,3,41,68,24,2,135,6,0,6,141
12/26/2008,CHS,SC,ASO,ES,Combined TRACON& Tower with Radar,54,84,61,10,209,0,0,0,0,0,54,84,61,10,209,10,2,12,221
12/27/2008,CHS,SC,ASO,ES,Combined TRACON& Tower with Radar,42,108,61,5,216,0,0,3,0,3,42,108,64,5,219,4,0,4,223
12/28/2008,CHS,SC,ASO,ES,Combined TRACON& Tower with Radar,52,85,48,4,189,0,0,20,0,20,52,85,68,4,209,8,0,8,217
12/29/2008,CHS,SC,ASO,ES,Combined TRACON& Tower with Radar,55,84,33,48,220,0,1,9,1,11,55,85,42,49,231,0,0,0,231
12/30/2008,CHS,SC,ASO,ES,Combined TRACON& Tower with Radar,54,81,51,46,232,0,2,35,0,37,54,83,86,46,269,10,28,38,307
12/31/2008,CHS,SC,ASO,ES,Combined TRACON& Tower with Radar,45,66,41,33,185,0,0,13,1,14,45,66,54,34,199,4,14,18,217
01/01/2009,CHS,SC,ASO,ES,Combined TRACON& Tower with Radar,41,77,24,5,147,0,0,15,0,15,41,77,39,5,162,0,0,0,162
01/02/2009,CHS,SC,ASO,ES,Combined TRACON& Tower with Radar,53,81,29,11,174,0,0,12,3,15,53,81,41,14,189,0,4,4,193
01/03/2009,CHS,SC,ASO,ES,Combined TRACON& Tower with Radar,46,91,43,13,193,0,0,0,0,0,46,91,43,13,193,0,0,0,193
01/04/2009,CHS,SC,ASO,ES,Combined TRACON& Tower with Radar,46,72,43,6,167,0,0,1,0,1,46,72,44,6,168,4,0,4,172
01/05/2009,CHS,SC,ASO,ES,Combined TRACON& Tower with Radar,48,83,50,45,226,0,0,6,4,10,48,83,56,49,236,10,16,26,262
01/06/2009,CHS,SC,ASO,ES,Combined TRACON& Tower with Radar,53,72,27,42,194,0,0,9,3,12,53,72,36,45,206,0,22,22,228
01/07/2009,CHS,SC,ASO,ES,Combined TRACON& Tower with Radar,50,67,49,57,223,0,0,4,2,6,50,67,53,59,229,4,26,30,259
01/08/2009,CHS,SC,ASO,ES,Combined TRACON& Tower with Radar,53,76,43,65,237,0,0,21,2,23,53,76,64,67,260,14,54,68,328
01/09/2009,CHS,SC,ASO,ES,Combined TRACON& Tower with Radar,54,81,69,55,259,0,1,31,4,36,54,82,100,59,295,10,26,36,331
01/10/2009,CHS,SC,ASO,ES,Combined TRACON& Tower with Radar,45,47,36,64,192,0,0,25,7,32,45,47,61,71,224,10,44,54,278
01/11/2009,CHS,SC,ASO,ES,Combined TRACON& Tower with Radar,43,63,31,28,165,0,2,5,0,7,43,65,36,28,172,0,0,0,172
01/12/2009,CHS,SC,ASO,ES,Combined TRACON& Tower with Radar,52,75,30,57,214,0,0,22,0,22,52,75,52,57,236,2,38,40,276
01/13/2009,CHS,SC,ASO,ES,Combined TRACON& Tower with Radar,52,71,34,25,182,0,0,0,1,1,52,71,34,26,183,0,0,0,183
01/14/2009,CHS,SC,ASO,ES,Combined TRACON& Tower with Radar,51,74,46,50,221,0,0,27,1,28,51,74,73,51,249,2,46,48,297
01/15/2009,CHS,SC,ASO,ES,Combined TRACON& Tower with Radar,54,81,49,26,210,0,0,28,3,31,54,81,77,29,241,8,0,8,249
01/16/2009,CHS,SC,ASO,ES,Combined TRACON& Tower with Radar,51,86,46,41,224,0,1,25,0,26,51,87,71,41,250,14,38,52,302
01/17/2009,CHS,SC,ASO,ES,Combined TRACON& Tower with Radar,40,53,31,34,158,0,0,24,2,26,40,53,55,36,184,10,32,42,226
01/18/2009,CHS,SC,ASO,ES,Combined TRACON& Tower with Radar,41,63,16,44,164,0,0,2,0,2,41,63,18,44,166,2,38,40,206
01/19/2009,CHS,SC,ASO,ES,Combined TRACON& Tower with Radar,55,79,51,37,222,0,0,15,0,15,55,79,66,37,237,2,36,38,275
01/20/2009,CHS,SC,ASO,ES,Combined TRACON& Tower with Radar,54,68,32,60,214,0,0,1,0,1,54,68,33,60,215,0,28,28,243
01/21/2009,CHS,SC,ASO,ES,Combined TRACON& Tower with Radar,54,78,48,68,248,0,0,22,1,23,54,78,70,69,271,7,50,57,328
01/22/2009,CHS,SC,ASO,ES,Combined TRACON& Tower with Radar,52,81,60,54,247,0,1,39,1,41,52,82,99,55,288,36,38,74,362
01/23/2009,CHS,SC,ASO,ES,Combined TRACON& Tower with Radar,52,74,73,67,266,0,2,37,3,42,52,76,110,70,308,25,30,55,363
01/24/2009,CHS,SC,ASO,ES,Combined TRACON& Tower with Radar,47,48,30,69,194,0,0,7,0,7,47,48,37,69,201,6,56,62,263
01/25/2009,CHS,SC,ASO,ES,Combined TRACON& Tower with Radar,48,69,40,48,205,0,0,8,7,15,48,69,48,55,220,4,44,48,268
01/26/2009,CHS,SC,ASO,ES,Combined TRACON& Tower with Radar,49,80,25,96,250,0,0,0,0,0,49,80,25,96,250,0,54,54,304
01/27/2009,CHS,SC,ASO,ES,Combined TRACON& Tower with Radar,44,64,53,52,213,0,0,19,1,20,44,64,72,53,233,20,50,70,303
01/28/2009,CHS,SC,ASO,ES,Combined TRACON& Tower with Radar,55,54,23,41,173,0,0,2,1,3,55,54,25,42,176,0,34,34,210
01/29/2009,CHS,SC,ASO,ES,Combined TRACON& Tower with Radar,54,73,51,47,225,0,2,26,1,29,54,75,77,48,254,18,24,42,296
01/30/2009,CHS,SC,ASO,ES,Combined TRACON& Tower with Radar,52,84,56,43,235,0,1,26,0,27,52,85,82,43,262,24,16,40,302
01/31/2009,CHS,SC,ASO,ES,Combined TRACON& Tower with Radar,40,46,29,28,143,0,0,30,0,30,40,46,59,28,173,0,0,0,173
02/01/2009,CHS,SC,ASO,ES,Combined TRACON& Tower with Radar,39,63,36,16,154,0,2,19,0,21,39,65,55,16,175,10,0,10,185
02/02/2009,CHS,SC,ASO,ES,Combined TRACON& Tower with Radar,55,72,30,67,224,0,0,26,1,27,55,72,56,68,251,4,54,58,309
02/03/2009,CHS,SC,ASO,ES,Combined TRACON& Tower with Radar,50,68,29,45,192,0,1,28,2,31,50,69,57,47,223,2,58,60,283
02/04/2009,CHS,SC,ASO,ES,Combined TRACON& Tower with Radar,50,65,43,55,213,0,0,13,1,14,50,65,56,56,227,0,36,36,263
02/05/2009,CHS,SC,ASO,ES,Combined TRACON& Tower with Radar,51,84,77,38,250,0,0,26,2,28,51,84,103,40,278,28,24,52,330
02/06/2009,CHS,SC,ASO,ES,Combined TRACON& Tower with Radar,52,80,60,58,250,0,1,40,1,42,52,81,100,59,292,26,12,38,330
02/07/2009,CHS,SC,ASO,ES,Combined TRACON& Tower with Radar,42,42,28,41,153,0,0,32,0,32,42,42,60,41,185,17,22,39,224
02/08/2009,CHS,SC,ASO,ES,Combined TRACON& Tower with Radar,43,67,46,29,185,0,0,31,2,33,43,67,77,31,218,8,16,24,242
02/09/2009,CHS,SC,ASO,ES,Combined TRACON& Tower with Radar,46,81,30,58,215,0,0,33,1,34,46,81,63,59,249,4,42,46,295
02/10/2009,CHS,SC,ASO,ES,Combined TRACON& Tower with Radar,51,66,46,49,212,0,1,32,2,35,51,67,78,51,247,22,36,58,305
02/11/2009,CHS,SC,ASO,ES,Combined TRACON& Tower with Radar,51,73,50,44,218,0,0,11,6,17,51,73,61,50,235,12,28,40,275
02/12/2009,CHS,SC,ASO,ES,Combined TRACON& Tower with Radar,55,76,52,56,239,0,0,29,3,32,55,76,81,59,271,6,62,68,339
02/13/2009,CHS,SC,ASO,ES,Combined TRACON& Tower with Radar,53,93,90,62,298,0,0,33,1,34,53,93,123,63,332,17,32,49,381
02/14/2009,CHS,SC,ASO,ES,Combined TRACON& Tower with Radar,50,58,36,60,204,0,0,0,0,0,50,58,36,60,204,2,26,28,232
02/15/2009,CHS,SC,ASO,ES,Combined TRACON& Tower with Radar,46,76,57,61,240,0,1,36,1,38,46,77,93,62,278,2,28,30,308
02/16/2009,CHS,SC,ASO,ES,Combined TRACON& Tower with Radar,48,92,62,16,218,0,1,37,1,39,48,93,99,17,257,0,6,6,263
02/17/2009,CHS,SC,ASO,ES,Combined TRACON& Tower with Radar,49,69,67,54,239,0,1,25,1,27,49,70,92,55,266,16,46,62,328
02/18/2009,CHS,SC,ASO,ES,Combined TRACON& Tower with Radar,52,76,35,50,213,0,0,2,0,2,52,76,37,50,215,0,34,34,249
02/19/2009,CHS,SC,ASO,ES,Combined TRACON& Tower with Radar,53,85,45,63,246,0,1,15,4,20,53,86,60,67,266,8,28,36,302
02/20/2009,CHS,SC,ASO,ES,Combined TRACON& Tower with Radar,50,87,54,52,243,0,0,30,2,32,50,87,84,54,275,5,6,11,286
02/21/2009,CHS,SC,ASO,ES,Combined TRACON& Tower with Radar,46,65,39,39,189,0,0,33,3,36,46,65,72,42,225,7,0,7,232
02/22/2009,CHS,SC,ASO,ES,Combined TRACON& Tower with Radar,44,81,34,41,200,0,0,15,0,15,44,81,49,41,215,6,20,26,241
02/23/2009,CHS,SC,ASO,ES,Combined TRACON& Tower with Radar,47,81,44,60,232,0,3,30,0,33,47,84,74,60,265,4,58,62,327
02/24/2009,CHS,SC,ASO,ES,Combined TRACON& Tower with Radar,52,71,40,51,214,0,4,31,2,37,52,75,71,53,251,2,54,56,307
02/25/2009,CHS,SC,ASO,ES,Combined TRACON& Tower with Radar,50,83,71,50,254,0,1,29,0,30,50,84,100,50,284,8,22,30,314
02/26/2009,CHS,SC,ASO,ES,Combined TRACON& Tower with Radar,52,87,65,32,236,0,1,24,2,27,52,88,89,34,263,0,10,10,273
02/27/2009,CHS,SC,ASO,ES,Combined TRACON& Tower with Radar,52,88,52,53,245,0,0,27,4,31,52,88,79,57,276,36,24,60,336
02/28/2009,CHS,SC,ASO,ES,Combined TRACON& Tower with Radar,48,54,31,54,187,0,1,4,0,5,48,55,35,54,192,6,56,62,254
03/01/2009,CHS,SC,ASO,ES,Combined TRACON& Tower with Radar,22,83,31,24,160,0,0,0,2,2,22,83,31,26,162,6,2,8,170
03/02/2009,CHS,SC,ASO,ES,Combined TRACON& Tower with Radar,40,58,32,30,160,0,2,8,1,11,40,60,40,31,171,4,22,26,197
03/03/2009,CHS,SC,ASO,ES,Combined TRACON& Tower with Radar,53,75,40,53,221,0,1,21,2,24,53,76,61,55,245,8,48,56,301
03/04/2009,CHS,SC,ASO,ES,Combined TRACON& Tower with Radar,53,69,69,35,226,0,1,32,4,37,53,70,101,39,263,14,24,38,301
03/05/2009,CHS,SC,ASO,ES,Combined TRACON& Tower with Radar,60,79,49,39,227,0,1,35,3,39,60,80,84,42,266,8,18,26,292
03/06/2009,CHS,SC,ASO,ES,Combined TRACON& Tower with Radar,58,80,67,60,265,0,2,44,3,49,58,82,111,63,314,10,52,62,376
03/07/2009,CHS,SC,ASO,ES,Combined TRACON& Tower with Radar,51,78,49,39,217,0,1,38,3,42,51,79,87,42,259,28,8,36,295
03/08/2009,CHS,SC,ASO,ES,Combined TRACON& Tower with Radar,46,84,60,56,246,0,0,35,5,40,46,84,95,61,286,4,24,28,314
03/09/2009,CHS,SC,ASO,ES,Combined TRACON& Tower with Radar,53,74,50,89,266,0,5,27,0,32,53,79,77,89,298,14,78,92,390
03/10/2009,CHS,SC,ASO,ES,Combined TRACON& Tower with Radar,53,68,49,53,223,0,0,26,0,26,53,68,75,53,249,4,28,32,281
03/11/2009,CHS,SC,ASO,ES,Combined TRACON& Tower with Radar,56,79,59,58,252,0,0,25,8,33,56,79,84,66,285,26,34,60,345
03/12/2009,CHS,SC,ASO,ES,Combined TRACON& Tower with Radar,53,86,44,66,249,0,1,24,2,27,53,87,68,68,276,6,18,24,300
03/13/2009,CHS,SC,ASO,ES,Combined TRACON& Tower with Radar,56,103,62,35,256,0,0,5,0,5,56,103,67,35,261,12,4,16,277
03/14/2009,CHS,SC,ASO,ES,Combined TRACON& Tower with Radar,50,72,62,36,220,0,0,3,0,3,50,72,65,36,223,10,6,16,239
03/15/2009,CHS,SC,ASO,ES,Combined TRACON& Tower with Radar,46,80,61,33,220,0,0,5,0,5,46,80,66,33,225,2,18,20,245
03/16/2009,CHS,SC,ASO,ES,Combined TRACON& Tower with Radar,53,84,30,29,196,0,0,1,0,1,53,84,31,29,197,0,0,0,197
03/17/2009,CHS,SC,ASO,ES,Combined TRACON& Tower with Radar,57,79,67,34,237,0,0,17,6,23,57,79,84,40,260,0,20,20,280
03/18/2009,CHS,SC,ASO,ES,Combined TRACON& Tower with Radar,65,83,42,39,229,0,0,37,2,39,65,83,79,41,268,9,16,25,293
03/19/2009,CHS,SC,ASO,ES,Combined TRACON& Tower with Radar,58,90,63,70,281,0,3,23,5,31,58,93,86,75,312,4,32,36,348
03/20/2009,CHS,SC,ASO,ES,Combined TRACON& Tower with Radar,57,100,53,63,273,0,2,23,9,34,57,102,76,72,307,8,18,26,333
03/21/2009,CHS,SC,ASO,ES,Combined TRACON& Tower with Radar,52,76,68,27,223,0,0,26,7,33,52,76,94,34,256,5,0,5,261
03/22/2009,CHS,SC,ASO,ES,Combined TRACON& Tower with Radar,54,96,55,33,238,0,0,42,13,55,54,96,97,46,293,18,10,28,321
03/23/2009,CHS,SC,ASO,ES,Combined TRACON& Tower with Radar,55,74,46,59,234,0,0,31,3,34,55,74,77,62,268,14,26,40,308
03/24/2009,CHS,SC,ASO,ES,Combined TRACON& Tower with Radar,58,73,36,35,202,0,1,27,7,35,58,74,63,42,237,14,12,26,263
03/25/2009,CHS,SC,ASO,ES,Combined TRACON& Tower with Radar,55,82,65,67,269,0,0,4,9,13,55,82,69,76,282,4,16,20,302
03/26/2009,CHS,SC,ASO,ES,Combined TRACON& Tower with Radar,57,95,46,42,240,0,0,9,0,9,57,95,55,42,249,2,28,30,279
03/27/2009,CHS,SC,ASO,ES,Combined TRACON& Tower with Radar,58,82,47,26,213,0,0,6,1,7,58,82,53,27,220,2,10,12,232
03/28/2009,CHS,SC,ASO,ES,Combined TRACON& Tower with Radar,53,80,30,25,188,0,0,0,1,1,53,80,30,26,189,8,8,16,205
03/29/2009,CHS,SC,ASO,ES,Combined TRACON& Tower with Radar,51,96,53,11,211,0,1,10,0,11,51,97,63,11,222,0,0,0,222
03/30/2009,CHS,SC,ASO,ES,Combined TRACON& Tower with Radar,53,72,65,64,254,0,0,34,0,34,53,72,99,64,288,22,32,54,342
03/31/2009,CHS,SC,ASO,ES,Combined TRACON& Tower with Radar,56,76,54,33,219,0,0,33,1,34,56,76,87,34,253,0,28,28,281
04/01/2009,CHS,SC,ASO,ES,Combined TRACON& Tower with Radar,60,81,44,49,234,0,0,1,0,1,60,81,45,49,235,2,22,24,259
04/02/2009,CHS,SC,ASO,ES,Combined TRACON& Tower with Radar,48,83,29,39,199,0,0,0,0,0,48,83,29,39,199,0,28,28,227
04/03/2009,CHS,SC,ASO,ES,Combined TRACON& Tower with Radar,56,87,74,43,260,0,1,24,0,25,56,88,98,43,285,6,4,10,295
04/04/2009,CHS,SC,ASO,ES,Combined TRACON& Tower with Radar,56,77,76,59,268,0,1,51,3,55,56,78,127,62,323,10,48,58,381
04/05/2009,CHS,SC,ASO,ES,Combined TRACON& Tower with Radar,53,78,54,25,210,0,0,29,0,29,53,78,83,25,239,12,16,28,267
04/06/2009,CHS,SC,ASO,ES,Combined TRACON& Tower with Radar,54,84,26,44,208,0,0,5,2,7,54,84,31,46,215,6,34,40,255
04/07/2009,CHS,SC,ASO,ES,Combined TRACON& Tower with Radar,55,91,63,59,268,0,0,5,0,5,55,91,68,59,273,4,16,20,293
04/08/2009,CHS,SC,ASO,ES,Combined TRACON& Tower with Radar,58,83,61,51,253,0,0,35,1,36,58,83,96,52,289,9,46,55,344
04/09/2009,CHS,SC,ASO,ES,Combined TRACON& Tower with Radar,54,99,80,45,278,0,2,35,0,37,54,101,115,45,315,2,16,18,333
04/10/2009,CHS,SC,ASO,ES,Combined TRACON& Tower with Radar,61,83,51,79,274,0,3,24,3,30,61,86,75,82,304,10,54,64,368
04/11/2009,CHS,SC,ASO,ES,Combined TRACON& Tower with Radar,55,75,32,23,185,0,1,43,3,47,55,76,75,26,232,14,12,26,258
04/12/2009,CHS,SC,ASO,ES,Combined TRACON& Tower with Radar,56,91,54,26,227,0,0,19,8,27,56,91,73,34,254,4,6,10,264
04/13/2009,CHS,SC,ASO,ES,Combined TRACON& Tower with Radar,55,77,47,55,234,0,0,12,0,12,55,77,59,55,246,2,60,62,308
04/14/2009,CHS,SC,ASO,ES,Combined TRACON& Tower with Radar,65,85,26,35,211,0,0,4,0,4,65,85,30,35,215,0,10,10,225
04/15/2009,CHS,SC,ASO,ES,Combined TRACON& Tower with Radar,64,86,69,23,242,0,1,26,4,31,64,87,95,27,273,0,14,14,287
04/16/2009,CHS,SC,ASO,ES,Combined TRACON& Tower with Radar,62,99,52,27,240,0,5,31,2,38,62,104,83,29,278,8,16,24,302
04/17/2009,CHS,SC,ASO,ES,Combined TRACON& Tower with Radar,62,91,76,68,297,0,0,37,8,45,62,91,113,76,342,14,52,66,408
04/18/2009,CHS,SC,ASO,ES,Combined TRACON& Tower with Radar,57,74,46,45,222,0,1,32,3,36,57,75,78,48,258,8,48,56,314
04/19/2009,CHS,SC,ASO,ES,Combined TRACON& Tower with Radar,57,95,65,30,247,0,0,16,5,21,57,95,81,35,268,0,16,16,284
04/20/2009,CHS,SC,ASO,ES,Combined TRACON& Tower with Radar,60,80,34,42,216,0,0,3,0,3,60,80,37,42,219,0,8,8,227
04/21/2009,CHS,SC,ASO,ES,Combined TRACON& Tower with Radar,57,84,33,31,205,0,0,19,2,21,57,84,52,33,226,4,8,12,238
04/22/2009,CHS,SC,ASO,ES,Combined TRACON& Tower with Radar,58,84,56,45,243,0,1,26,2,29,58,85,82,47,272,8,20,28,300
04/23/2009,CHS,SC,ASO,ES,Combined TRACON& Tower with Radar,59,86,72,33,250,0,2,55,0,57,59,88,127,33,307,24,12,36,343
04/24/2009,CHS,SC,ASO,ES,Combined TRACON& Tower with Radar,61,95,60,54,270,0,2,25,1,28,61,97,85,55,298,8,18,26,324
04/25/2009,CHS,SC,ASO,ES,Combined TRACON& Tower with Radar,52,75,45,47,219,0,1,44,1,46,52,76,89,48,265,8,22,30,295
04/26/2009,CHS,SC,ASO,ES,Combined TRACON& Tower with Radar,54,79,49,37,219,0,1,38,1,40,54,80,87,38,259,4,14,18,277
04/27/2009,CHS,SC,ASO,ES,Combined TRACON& Tower with Radar,56,83,29,74,242,0,0,12,0,12,56,83,41,74,254,0,24,24,278
04/28/2009,CHS,SC,ASO,ES,Combined TRACON& Tower with Radar,62,72,65,54,253,0,2,30,10,42,62,74,95,64,295,2,10,12,307
04/29/2009,CHS,SC,ASO,ES,Combined TRACON& Tower with Radar,59,69,52,36,216,0,1,26,0,27,59,70,78,36,243,2,14,16,259
04/30/2009,CHS,SC,ASO,ES,Combined TRACON& Tower with Radar,57,86,65,38,246,0,1,36,2,39,57,87,101,40,285,8,24,32,317
05/01/2009,CHS,SC,ASO,ES,Combined TRACON& Tower with Radar,59,81,42,53,235,0,4,23,6,33,59,85,65,59,268,2,20,22,290
05/02/2009,CHS,SC,ASO,ES,Combined TRACON& Tower with Radar,59,70,30,33,192,0,1,24,2,27,59,71,54,35,219,0,0,0,219
05/03/2009,CHS,SC,ASO,ES,Combined TRACON& Tower with Radar,52,74,45,37,208,0,0,12,1,13,52,74,57,38,221,2,14,16,237
05/04/2009,CHS,SC,ASO,ES,Combined TRACON& Tower with Radar,54,79,41,26,200,0,1,13,5,19,54,80,54,31,219,0,12,12,231
05/05/2009,CHS,SC,ASO,ES,Combined TRACON& Tower with Radar,54,69,31,58,212,0,1,8,0,9,54,70,39,58,221,0,24,24,245
05/06/2009,CHS,SC,ASO,ES,Combined TRACON& Tower with Radar,51,71,57,65,244,0,2,14,1,17,51,73,71,66,261,0,78,78,339
05/07/2009,CHS,SC,ASO,ES,Combined TRACON& Tower with Radar,54,84,64,25,227,0,0,13,0,13,54,84,77,25,240,0,8,8,248
05/08/2009,CHS,SC,ASO,ES,Combined TRACON& Tower with Radar,56,103,65,39,263,0,1,17,7,25,56,104,82,46,288,0,30,30,318
05/09/2009,CHS,SC,ASO,ES,Combined TRACON& Tower with Radar,57,75,54,13,199,0,0,34,5,39,57,75,88,18,238,2,0,2,240
05/10/2009,CHS,SC,ASO,ES,Combined TRACON& Tower with Radar,58,87,47,22,214,0,0,19,2,21,58,87,66,24,235,4,4,8,243
05/11/2009,CHS,SC,ASO,ES,Combined TRACON& Tower with Radar,56,89,36,42,223,0,0,5,1,6,56,89,41,43,229,8,10,18,247
05/12/2009,CHS,SC,ASO,ES,Combined TRACON& Tower with Radar,57,73,48,34,212,0,0,19,2,21,57,73,67,36,233,4,16,20,253
05/13/2009,CHS,SC,ASO,ES,Combined TRACON& Tower with Radar,52,79,51,22,204,0,0,16,2,18,52,79,67,24,222,0,6,6,228
05/14/2009,CHS,SC,ASO,ES,Combined TRACON& Tower with Radar,60,90,46,37,233,0,1,4,1,6,60,91,50,38,239,6,50,56,295
05/15/2009,CHS,SC,ASO,ES,Combined TRACON& Tower with Radar,58,90,56,45,249,0,1,6,0,7,58,91,62,45,256,6,8,14,270
05/16/2009,CHS,SC,ASO,ES,Combined TRACON& Tower with Radar,53,68,45,35,201,0,1,9,1,11,53,69,54,36,212,20,18,38,250
05/17/2009,CHS,SC,ASO,ES,Combined TRACON& Tower with Radar,55,82,49,24,210,0,0,1,0,1,55,82,50,24,211,2,16,18,229
05/18/2009,CHS,SC,ASO,ES,Combined TRACON& Tower with Radar,51,90,34,29,204,0,0,2,0,2,51,90,36,29,206,0,12,12,218
05/19/2009,CHS,SC,ASO,ES,Combined TRACON& Tower with Radar,58,86,55,47,246,0,1,0,3,4,58,87,55,50,250,2,8,10,260
05/20/2009,CHS,SC,ASO,ES,Combined TRACON& Tower with Radar,53,78,62,42,235,0,0,8,0,8,53,78,70,42,243,6,30,36,279
05/21/2009,CHS,SC,ASO,ES,Combined TRACON& Tower with Radar,58,92,59,27,236,0,0,5,0,5,58,92,64,27,241,2,12,14,255
05/22/2009,CHS,SC,ASO,ES,Combined TRACON& Tower with Radar,63,94,62,10,229,0,0,32,0,32,63,94,94,10,261,6,4,10,271
05/23/2009,CHS,SC,ASO,ES,Combined TRACON& Tower with Radar,56,68,48,27,199,0,0,26,2,28,56,68,74,29,227,4,0,4,231
05/24/2009,CHS,SC,ASO,ES,Combined TRACON& Tower with Radar,57,73,33,59,222,0,0,1,0,1,57,73,34,59,223,2,44,46,269
05/25/2009,CHS,SC,ASO,ES,Combined TRACON& Tower with Radar,55,66,53,13,187,0,0,13,0,13,55,66,66,13,200,4,6,10,210
05/26/2009,CHS,SC,ASO,ES,Combined TRACON& Tower with Radar,54,91,56,34,235,0,0,12,0,12,54,91,68,34,247,2,18,20,267
05/27/2009,CHS,SC,ASO,ES,Combined TRACON& Tower with Radar,58,81,48,36,223,0,2,8,8,18,58,83,56,44,241,0,96,96,337
05/28/2009,CHS,SC,ASO,ES,Combined TRACON& Tower with Radar,65,92,77,31,265,0,0,23,0,23,65,92,100,31,288,26,20,46,334
05/29/2009,CHS,SC,ASO,ES,Combined TRACON& Tower with Radar,64,82,55,51,252,0,3,22,1,26,64,85,77,52,278,2,24,26,304
05/30/2009,CHS,SC,ASO,ES,Combined TRACON& Tower with Radar,57,74,38,34,203,0,1,35,2,38,57,75,73,36,241,16,2,18,259
05/31/2009,CHS,SC,ASO,ES,Combined TRACON& Tower with Radar,55,76,48,83,262,0,2,28,1,31,55,78,76,84,293,8,48,56,349
06/01/2009,CHS,SC,ASO,ES,Combined TRACON& Tower with Radar,60,80,43,75,258,0,1,25,2,28,60,81,68,77,286,0,70,70,356
06/02/2009,CHS,SC,ASO,ES,Combined TRACON& Tower with Radar,63,86,45,54,248,0,0,21,1,22,63,86,66,55,270,4,38,42,312
06/03/2009,CHS,SC,ASO,ES,Combined TRACON& Tower with Radar,58,86,51,55,250,0,4,40,3,47,58,90,91,58,297,14,36,50,347
06/04/2009,CHS,SC,ASO,ES,Combined TRACON& Tower with Radar,64,94,39,50,247,0,0,10,0,10,64,94,49,50,257,0,26,26,283
06/05/2009,CHS,SC,ASO,ES,Combined TRACON& Tower with Radar,62,89,48,36,235,0,0,10,2,12,62,89,58,38,247,0,0,0,247
06/06/2009,CHS,SC,ASO,ES,Combined TRACON& Tower with Radar,58,75,34,23,190,0,0,1,0,1,58,75,35,23,191,4,8,12,203
06/07/2009,CHS,SC,ASO,ES,Combined TRACON& Tower with Radar,56,77,41,19,193,0,2,6,0,8,56,79,47,19,201,4,0,4,205
06/08/2009,CHS,SC,ASO,ES,Combined TRACON& Tower with Radar,60,93,56,42,251,0,1,12,0,13,60,94,68,42,264,16,16,32,296
06/09/2009,CHS,SC,ASO,ES,Combined TRACON& Tower with Radar,63,61,30,45,199,0,0,29,0,29,63,61,59,45,228,14,34,48,276
06/10/2009,CHS,SC,ASO,ES,Combined TRACON& Tower with Radar,63,79,69,27,238,0,0,16,1,17,63,79,85,28,255,4,8,12,267
06/11/2009,CHS,SC,ASO,ES,Combined TRACON& Tower with Radar,62,71,53,32,218,1,3,28,2,34,63,74,81,34,252,2,8,10,262
06/12/2009,CHS,SC,ASO,ES,Combined TRACON& Tower with Radar,58,86,55,57,256,0,1,26,0,27,58,87,81,57,283,0,12,12,295
06/13/2009,CHS,SC,ASO,ES,Combined TRACON& Tower with Radar,60,67,41,43,211,0,0,16,0,16,60,67,57,43,227,6,8,14,241
06/14/2009,CHS,SC,ASO,ES,Combined TRACON& Tower with Radar,58,76,56,57,247,0,2,19,5,26,58,78,75,62,273,4,49,53,326
06/15/2009,CHS,SC,ASO,ES,Combined TRACON& Tower with Radar,61,85,28,40,214,0,2,22,1,25,61,87,50,41,239,10,36,46,285
06/16/2009,CHS,SC,ASO,ES,Combined TRACON& Tower with Radar,59,70,42,43,214,0,0,13,0,13,59,70,55,43,227,0,28,28,255
06/17/2009,CHS,SC,ASO,ES,Combined TRACON& Tower with Radar,61,73,40,38,212,0,0,21,4,25,61,73,61,42,237,0,26,26,263
06/18/2009,CHS,SC,ASO,ES,Combined TRACON& Tower with Radar,60,76,44,31,211,0,0,22,3,25,60,76,66,34,236,10,10,20,256
06/19/2009,CHS,SC,ASO,ES,Combined TRACON& Tower with Radar,60,84,39,52,235,0,0,30,3,33,60,84,69,55,268,4,36,40,308
06/20/2009,CHS,SC,ASO,ES,Combined TRACON& Tower with Radar,59,64,36,30,189,0,0,39,1,40,59,64,75,31,229,6,12,18,247
06/21/2009,CHS,SC,ASO,ES,Combined TRACON& Tower with Radar,60,79,40,31,210,0,0,33,0,33,60,79,73,31,243,6,20,26,269
06/22/2009,CHS,SC,ASO,ES,Combined TRACON& Tower with Radar,57,80,48,54,239,0,1,18,4,23,57,81,66,58,262,6,20,26,288
06/23/2009,CHS,SC,ASO,ES,Combined TRACON& Tower with Radar,60,81,51,51,243,0,2,31,6,39,60,83,82,57,282,12,16,28,310
06/24/2009,CHS,SC,ASO,ES,Combined TRACON& Tower with Radar,60,79,58,42,239,0,3,27,1,31,60,82,85,43,270,12,18,30,300
06/25/2009,CHS,SC,ASO,ES,Combined TRACON& Tower with Radar,60,87,46,47,240,0,3,34,2,39,60,90,80,49,279,4,18,22,301
06/26/2009,CHS,SC,ASO,ES,Combined TRACON& Tower with Radar,62,89,54,54,259,0,0,19,5,24,62,89,73,59,283,2,6,8,291
06/27/2009,CHS,SC,ASO,ES,Combined TRACON& Tower with Radar,58,70,39,40,207,0,0,12,6,18,58,70,51,46,225,4,50,54,279
06/28/2009,CHS,SC,ASO,ES,Combined TRACON& Tower with Radar,58,73,43,57,231,0,1,6,7,14,58,74,49,64,245,2,20,22,267
06/29/2009,CHS,SC,ASO,ES,Combined TRACON& Tower with Radar,59,82,32,42,215,0,1,16,2,19,59,83,48,44,234,4,10,14,248
06/30/2009,CHS,SC,ASO,ES,Combined TRACON& Tower with Radar,64,78,40,34,216,0,3,37,2,42,64,81,77,36,258,0,10,10,268
07/01/2009,CHS,SC,ASO,ES,Combined TRACON& Tower with Radar,60,75,49,64,248,0,3,14,1,18,60,78,63,65,266,0,42,42,308
07/02/2009,CHS,SC,ASO,ES,Combined TRACON& Tower with Radar,63,77,47,30,217,0,1,30,0,31,63,78,77,30,248,0,4,4,252
07/03/2009,CHS,SC,ASO,ES,Combined TRACON& Tower with Radar,60,68,22,6,156,0,1,14,0,15,60,69,36,6,171,0,0,0,171
07/04/2009,CHS,SC,ASO,ES,Combined TRACON& Tower with Radar,48,49,22,10,129,0,1,17,0,18,48,50,39,10,147,4,2,6,153
07/05/2009,CHS,SC,ASO,ES,Combined TRACON& Tower with Radar,63,65,29,16,173,0,0,8,0,8,63,65,37,16,181,2,0,2,183
07/06/2009,CHS,SC,ASO,ES,Combined TRACON& Tower with Radar,63,78,30,53,224,0,1,4,2,7,63,79,34,55,231,0,22,22,253
07/07/2009,CHS,SC,ASO,ES,Combined TRACON& Tower with Radar,63,80,56,44,243,0,0,5,2,7,63,80,61,46,250,6,22,28,278
07/08/2009,CHS,SC,ASO,ES,Combined TRACON& Tower with Radar,57,81,51,43,232,0,1,4,1,6,57,82,55,44,238,0,38,38,276
07/09/2009,CHS,SC,ASO,ES,Combined TRACON& Tower with Radar,62,80,49,62,253,0,0,10,0,10,62,80,59,62,263,0,0,0,263
07/10/2009,CHS,SC,ASO,ES,Combined TRACON& Tower with Radar,63,85,46,46,240,0,3,25,3,31,63,88,71,49,271,0,36,36,307
07/11/2009,CHS,SC,ASO,ES,Combined TRACON& Tower with Radar,56,66,42,26,190,0,0,29,1,30,56,66,71,27,220,4,18,22,242
07/12/2009,CHS,SC,ASO,ES,Combined TRACON& Tower with Radar,54,76,36,32,198,0,1,25,3,29,54,77,61,35,227,0,12,12,239
07/13/2009,CHS,SC,ASO,ES,Combined TRACON& Tower with Radar,61,72,27,44,204,0,0,11,2,13,61,72,38,46,217,0,24,24,241
07/14/2009,CHS,SC,ASO,ES,Combined TRACON& Tower with Radar,60,76,44,53,233,0,0,18,3,21,60,76,62,56,254,4,26,30,284
07/15/2009,CHS,SC,ASO,ES,Combined TRACON& Tower with Radar,57,83,43,42,225,0,0,23,0,23,57,83,66,42,248,0,34,34,282
07/16/2009,CHS,SC,ASO,ES,Combined TRACON& Tower with Radar,59,76,45,40,220,0,1,25,2,28,59,77,70,42,248,2,26,28,276
07/17/2009,CHS,SC,ASO,ES,Combined TRACON& Tower with Radar,61,85,52,79,277,0,2,23,0,25,61,87,75,79,302,2,34,36,338
07/18/2009,CHS,SC,ASO,ES,Combined TRACON& Tower with Radar,54,66,26,19,165,0,1,28,0,29,54,67,54,19,194,10,32,42,236
07/19/2009,CHS,SC,ASO,ES,Combined TRACON& Tower with Radar,60,80,39,26,205,0,0,30,3,33,60,80,69,29,238,12,10,22,260
07/20/2009,CHS,SC,ASO,ES,Combined TRACON& Tower with Radar,58,79,30,41,208,0,0,28,7,35,58,79,58,48,243,0,0,0,243
07/21/2009,CHS,SC,ASO,ES,Combined TRACON& Tower with Radar,58,74,34,15,181,0,0,29,4,33,58,74,63,19,214,6,24,30,244
07/22/2009,CHS,SC,ASO,ES,Combined TRACON& Tower with Radar,57,85,46,18,206,0,0,17,0,17,57,85,63,18,223,6,14,20,243
07/23/2009,CHS,SC,ASO,ES,Combined TRACON& Tower with Radar,58,86,51,43,238,0,2,10,2,14,58,88,61,45,252,4,38,42,294
07/24/2009,CHS,SC,ASO,ES,Combined TRACON& Tower with Radar,61,89,39,16,205,0,1,19,1,21,61,90,58,17,226,2,6,8,234
07/25/2009,CHS,SC,ASO,ES,Combined TRACON& Tower with Radar,59,68,24,15,166,0,0,22,1,23,59,68,46,16,189,4,8,12,201
07/26/2009,CHS,SC,ASO,ES,Combined TRACON& Tower with Radar,53,73,31,21,178,0,0,16,0,16,53,73,47,21,194,10,0,10,204
07/27/2009,CHS,SC,ASO,ES,Combined TRACON& Tower with Radar,58,89,30,33,210,0,0,13,1,14,58,89,43,34,224,18,24,42,266
07/28/2009,CHS,SC,ASO,ES,Combined TRACON& Tower with Radar,58,82,36,91,267,0,3,21,1,25,58,85,57,92,292,0,18,18,310
07/29/2009,CHS,SC,ASO,ES,Combined TRACON& Tower with Radar,56,69,38,34,197,0,0,16,2,18,56,69,54,36,215,0,0,0,215
07/30/2009,CHS,SC,ASO,ES,Combined TRACON& Tower with Radar,58,87,47,45,237,0,0,12,4,16,58,87,59,49,253,2,48,50,303
07/31/2009,CHS,SC,ASO,ES,Combined TRACON& Tower with Radar,57,78,34,40,209,0,1,19,1,21,57,79,53,41,230,2,8,10,240
08/01/2009,CHS,SC,ASO,ES,Combined TRACON& Tower with Radar,64,81,33,37,215,0,2,16,3,21,64,83,49,40,236,8,14,22,258
08/02/2009,CHS,SC,ASO,ES,Combined TRACON& Tower with Radar,56,65,24,42,187,0,0,8,0,8,56,65,32,42,195,2,18,20,215
08/03/2009,CHS,SC,ASO,ES,Combined TRACON& Tower with Radar,67,99,54,13,233,0,1,18,4,23,67,100,72,17,256,4,20,24,280
08/04/2009,CHS,SC,ASO,ES,Combined TRACON& Tower with Radar,59,77,33,53,222,0,1,17,0,18,59,78,50,53,240,0,12,12,252
08/05/2009,CHS,SC,ASO,ES,Combined TRACON& Tower with Radar,58,80,53,42,233,0,1,26,0,27,58,81,79,42,260,0,14,14,274
08/06/2009,CHS,SC,ASO,ES,Combined TRACON& Tower with Radar,65,93,46,49,253,0,1,20,5,26,65,94,66,54,279,2,24,26,305
08/07/2009,CHS,SC,ASO,ES,Combined TRACON& Tower with Radar,59,84,41,54,238,0,2,23,0,25,59,86,64,54,263,0,16,16,279
08/08/2009,CHS,SC,ASO,ES,Combined TRACON& Tower with Radar,58,64,30,40,192,0,0,39,3,42,58,64,69,43,234,2,14,16,250
08/09/2009,CHS,SC,ASO,ES,Combined TRACON& Tower with Radar,55,73,40,28,196,0,0,20,2,22,55,73,60,30,218,2,0,2,220
08/10/2009,CHS,SC,ASO,ES,Combined TRACON& Tower with Radar,59,89,28,32,208,0,1,24,2,27,59,90,52,34,235,16,18,34,269
08/11/2009,CHS,SC,ASO,ES,Combined TRACON& Tower with Radar,58,84,38,51,231,0,0,12,1,13,58,84,50,52,244,0,26,26,270
08/12/2009,CHS,SC,ASO,ES,Combined TRACON& Tower with Radar,51,76,41,30,198,0,0,9,2,11,51,76,50,32,209,0,4,4,213
08/13/2009,CHS,SC,ASO,ES,Combined TRACON& Tower with Radar,59,94,56,41,250,0,0,7,6,13,59,94,63,47,263,16,8,24,287
08/14/2009,CHS,SC,ASO,ES,Combined TRACON& Tower with Radar,62,82,62,55,261,0,0,9,3,12,62,82,71,58,273,0,26,26,299
08/15/2009,CHS,SC,ASO,ES,Combined TRACON& Tower with Radar,58,61,33,65,217,0,0,17,3,20,58,61,50,68,237,6,38,44,281
08/16/2009,CHS,SC,ASO,ES,Combined TRACON& Tower with Radar,53,80,41,43,217,0,0,14,3,17,53,80,55,46,234,0,20,20,254
08/17/2009,CHS,SC,ASO,ES,Combined TRACON& Tower with Radar,57,83,31,61,232,0,2,25,6,33,57,85,56,67,265,0,32,32,297
08/18/2009,CHS,SC,ASO,ES,Combined TRACON& Tower with Radar,61,74,37,64,236,0,1,20,2,23,61,75,57,66,259,0,100,100,359
08/19/2009,CHS,SC,ASO,ES,Combined TRACON& Tower with Radar,58,71,32,79,240,0,1,13,2,16,58,72,45,81,256,8,74,82,338
08/20/2009,CHS,SC,ASO,ES,Combined TRACON& Tower with Radar,60,83,29,48,220,0,1,13,2,16,60,84,42,50,236,0,34,34,270
08/21/2009,CHS,SC,ASO,ES,Combined TRACON& Tower with Radar,61,77,61,57,256,0,0,20,8,28,61,77,81,65,284,0,24,24,308
08/22/2009,CHS,SC,ASO,ES,Combined TRACON& Tower with Radar,56,67,24,75,222,0,2,21,2,25,56,69,45,77,247,0,44,44,291
08/23/2009,CHS,SC,ASO,ES,Combined TRACON& Tower with Radar,55,67,37,40,199,0,0,19,4,23,55,67,56,44,222,4,65,69,291
08/24/2009,CHS,SC,ASO,ES,Combined TRACON& Tower with Radar,57,82,43,37,219,0,2,26,2,30,57,84,69,39,249,2,22,24,273
08/25/2009,CHS,SC,ASO,ES,Combined TRACON& Tower with Radar,59,78,78,59,274,0,2,22,1,25,59,80,100,60,299,18,44,62,361
08/26/2009,CHS,SC,ASO,ES,Combined TRACON& Tower with Radar,63,83,59,30,235,0,1,20,1,22,63,84,79,31,257,2,24,26,283
08/27/2009,CHS,SC,ASO,ES,Combined TRACON& Tower with Radar,63,75,42,26,206,0,2,14,2,18,63,77,56,28,224,0,22,22,246
08/28/2009,CHS,SC,ASO,ES,Combined TRACON& Tower with Radar,58,71,36,40,205,0,0,2,2,4,58,71,38,42,209,4,34,38,247
08/29/2009,CHS,SC,ASO,ES,Combined TRACON& Tower with Radar,53,72,31,35,191,0,0,4,0,4,53,72,35,35,195,0,0,0,195
08/30/2009,CHS,SC,ASO,ES,Combined TRACON& Tower with Radar,55,61,31,40,187,0,0,20,0,20,55,61,51,40,207,6,6,12,219
08/31/2009,CHS,SC,ASO,ES,Combined TRACON& Tower with Radar,58,74,25,49,206,0,1,3,0,4,58,75,28,49,210,4,32,36,246
09/01/2009,CHS,SC,ASO,ES,Combined TRACON& Tower with Radar,59,61,41,68,229,0,4,4,3,11,59,65,45,71,240,4,40,44,284
09/02/2009,CHS,SC,ASO,ES,Combined TRACON& Tower with Radar,60,69,33,43,205,0,0,9,0,9,60,69,42,43,214,8,28,36,250
09/03/2009,CHS,SC,ASO,ES,Combined TRACON& Tower with Radar,61,71,43,29,204,0,0,9,2,11,61,71,52,31,215,0,32,32,247
09/04/2009,CHS,SC,ASO,ES,Combined TRACON& Tower with Radar,60,74,73,16,223,0,3,43,0,46,60,77,116,16,269,8,0,8,277
09/05/2009,CHS,SC,ASO,ES,Combined TRACON& Tower with Radar,46,59,19,7,131,0,2,27,0,29,46,61,46,7,160,0,28,28,188
09/06/2009,CHS,SC,ASO,ES,Combined TRACON& Tower with Radar,46,48,26,8,128,0,3,19,0,22,46,51,45,8,150,14,0,14,164
09/07/2009,CHS,SC,ASO,ES,Combined TRACON& Tower with Radar,54,60,41,13,168,0,1,19,1,21,54,61,60,14,189,0,0,0,189
09/08/2009,CHS,SC,ASO,ES,Combined TRACON& Tower with Radar,59,66,27,96,248,0,0,25,0,25,59,66,52,96,273,0,90,90,363
09/09/2009,CHS,SC,ASO,ES,Combined TRACON& Tower with Radar,62,77,40,41,220,0,0,37,1,38,62,77,77,42,258,0,22,22,280
09/10/2009,CHS,SC,ASO,ES,Combined TRACON& Tower with Radar,62,73,41,37,213,0,1,27,1,29,62,74,68,38,242,6,8,14,256
09/11/2009,CHS,SC,ASO,ES,Combined TRACON& Tower with Radar,64,75,64,57,260,0,0,30,2,32,64,75,94,59,292,8,18,26,318
09/12/2009,CHS,SC,ASO,ES,Combined TRACON& Tower with Radar,45,53,34,38,170,0,2,25,0,27,45,55,59,38,197,2,4,6,203
09/13/2009,CHS,SC,ASO,ES,Combined TRACON& Tower with Radar,59,68,36,20,183,0,1,22,1,24,59,69,58,21,207,2,0,2,209
09/14/2009,CHS,SC,ASO,ES,Combined TRACON& Tower with Radar,58,76,55,45,234,0,0,22,1,23,58,76,77,46,257,6,42,48,305
09/15/2009,CHS,SC,ASO,ES,Combined TRACON& Tower with Radar,59,70,29,47,205,0,1,22,5,28,59,71,51,52,233,0,24,24,257
09/16/2009,CHS,SC,ASO,ES,Combined TRACON& Tower with Radar,66,69,35,18,188,0,0,23,2,25,66,69,58,20,213,0,34,34,247
09/17/2009,CHS,SC,ASO,ES,Combined TRACON& Tower with Radar,64,82,33,96,275,0,0,19,1,20,64,82,52,97,295,0,90,90,385
09/18/2009,CHS,SC,ASO,ES,Combined TRACON& Tower with Radar,65,76,46,59,246,0,2,7,1,10,65,78,53,60,256,4,42,46,302
09/19/2009,CHS,SC,ASO,ES,Combined TRACON& Tower with Radar,44,55,15,24,138,0,0,14,0,14,44,55,29,24,152,2,20,22,174
09/20/2009,CHS,SC,ASO,ES,Combined TRACON& Tower with Radar,53,74,50,31,208,0,0,7,5,12,53,74,57,36,220,0,6,6,226
09/21/2009,CHS,SC,ASO,ES,Combined TRACON& Tower with Radar,53,71,24,58,206,0,0,25,7,32,53,71,49,65,238,8,54,62,300
09/22/2009,CHS,SC,ASO,ES,Combined TRACON& Tower with Radar,61,69,41,45,216,0,1,4,1,6,61,70,45,46,222,0,32,32,254
09/23/2009,CHS,SC,ASO,ES,Combined TRACON& Tower with Radar,59,78,45,66,248,0,1,6,0,7,59,79,51,66,255,0,60,60,315
09/24/2009,CHS,SC,ASO,ES,Combined TRACON& Tower with Radar,62,84,68,40,254,0,2,43,0,45,62,86,111,40,299,14,16,30,329
09/25/2009,CHS,SC,ASO,ES,Combined TRACON& Tower with Radar,64,76,63,42,245,0,0,21,5,26,64,76,84,47,271,0,10,10,281
09/26/2009,CHS,SC,ASO,ES,Combined TRACON& Tower with Radar,47,53,38,54,192,0,0,5,2,7,47,53,43,56,199,20,22,42,241
09/27/2009,CHS,SC,ASO,ES,Combined TRACON& Tower with Radar,57,78,68,44,247,0,0,20,2,22,57,78,88,46,269,10,38,48,317
09/28/2009,CHS,SC,ASO,ES,Combined TRACON& Tower with Radar,60,79,18,49,206,0,1,21,0,22,60,80,39,49,228,0,34,34,262
09/29/2009,CHS,SC,ASO,ES,Combined TRACON& Tower with Radar,62,77,41,32,212,0,1,25,6,32,62,78,66,38,244,4,8,12,256
09/30/2009,CHS,SC,ASO,ES,Combined TRACON& Tower with Radar,62,72,45,27,206,0,0,26,1,27,62,72,71,28,233,2,6,8,241
10/01/2009,CHS,SC,ASO,ES,Combined TRACON& Tower with Radar,65,79,42,81,267,0,0,33,0,33,65,79,75,81,300,10,42,52,352
10/02/2009,CHS,SC,ASO,ES,Combined TRACON& Tower with Radar,65,84,65,31,245,0,0,23,0,23,65,84,88,31,268,0,4,4,272
10/03/2009,CHS,SC,ASO,ES,Combined TRACON& Tower with Radar,46,54,34,21,155,0,1,16,1,18,46,55,50,22,173,0,0,0,173
10/04/2009,CHS,SC,ASO,ES,Combined TRACON& Tower with Radar,60,79,75,29,243,0,0,27,2,29,60,79,102,31,272,12,14,26,298
10/05/2009,CHS,SC,ASO,ES,Combined TRACON& Tower with Radar,58,72,44,39,213,0,0,1,0,1,58,72,45,39,214,0,12,12,226
10/06/2009,CHS,SC,ASO,ES,Combined TRACON& Tower with Radar,58,69,66,38,231,0,0,8,0,8,58,69,74,38,239,10,18,28,267
10/07/2009,CHS,SC,ASO,ES,Combined TRACON& Tower with Radar,62,64,55,35,216,0,0,7,2,9,62,64,62,37,225,10,10,20,245
10/08/2009,CHS,SC,ASO,ES,Combined TRACON& Tower with Radar,64,80,77,36,257,0,0,56,2,58,64,80,133,38,315,24,32,56,371
10/09/2009,CHS,SC,ASO,ES,Combined TRACON& Tower with Radar,68,77,71,72,288,0,0,35,0,35,68,77,106,72,323,0,62,62,385
10/10/2009,CHS,SC,ASO,ES,Combined TRACON& Tower with Radar,50,55,40,27,172,0,0,29,0,29,50,55,69,27,201,10,30,40,241
10/11/2009,CHS,SC,ASO,ES,Combined TRACON& Tower with Radar,56,83,53,28,220,0,0,9,0,9,56,83,62,28,229,4,4,8,237
10/12/2009,CHS,SC,ASO,ES,Combined TRACON& Tower with Radar,52,83,35,75,245,0,0,4,1,5,52,83,39,76,250,20,58,78,328
10/13/2009,CHS,SC,ASO,ES,Combined TRACON& Tower with Radar,64,70,70,37,241,0,0,38,9,47,64,70,108,46,288,10,14,24,312
10/14/2009,CHS,SC,ASO,ES,Combined TRACON& Tower with Radar,62,76,46,20,204,0,0,0,0,0,62,76,46,20,204,4,14,18,222
10/15/2009,CHS,SC,ASO,ES,Combined TRACON& Tower with Radar,63,80,61,66,270,0,0,5,0,5,63,80,66,66,275,6,28,34,309
10/16/2009,CHS,SC,ASO,ES,Combined TRACON& Tower with Radar,65,94,59,79,297,0,4,0,5,9,65,98,59,84,306,10,58,68,374
10/17/2009,CHS,SC,ASO,ES,Combined TRACON& Tower with Radar,49,57,38,63,207,0,2,14,18,34,49,59,52,81,241,6,12,18,259
10/18/2009,CHS,SC,ASO,ES,Combined TRACON& Tower with Radar,59,90,61,19,229,0,0,20,1,21,59,90,81,20,250,2,10,12,262
10/19/2009,CHS,SC,ASO,ES,Combined TRACON& Tower with Radar,59,78,39,11,187,0,0,24,1,25,59,78,63,12,212,8,2,10,222
10/20/2009,CHS,SC,ASO,ES,Combined TRACON& Tower with Radar,61,74,77,44,256,0,0,31,0,31,61,74,108,44,287,32,18,50,337
10/21/2009,CHS,SC,ASO,ES,Combined TRACON& Tower with Radar,65,77,52,40,234,0,0,45,4,49,65,77,97,44,283,4,20,24,307
10/22/2009,CHS,SC,ASO,ES,Combined TRACON& Tower with Radar,62,80,65,42,249,0,1,25,2,28,62,81,90,44,277,4,22,26,303
10/23/2009,CHS,SC,ASO,ES,Combined TRACON& Tower with Radar,60,94,67,60,281,0,0,21,2,23,60,94,88,62,304,6,28,34,338
10/24/2009,CHS,SC,ASO,ES,Combined TRACON& Tower with Radar,50,61,28,27,166,0,0,16,3,19,50,61,44,30,185,0,18,18,203
10/25/2009,CHS,SC,ASO,ES,Combined TRACON& Tower with Radar,58,80,59,33,230,0,0,24,0,24,58,80,83,33,254,12,8,20,274
10/26/2009,CHS,SC,ASO,ES,Combined TRACON& Tower with Radar,61,76,66,40,243,0,0,3,1,4,61,76,69,41,247,6,12,18,265
10/27/2009,CHS,SC,ASO,ES,Combined TRACON& Tower with Radar,60,68,45,43,216,0,0,0,1,1,60,68,45,44,217,2,32,34,251
10/28/2009,CHS,SC,ASO,ES,Combined TRACON& Tower with Radar,63,71,76,75,285,0,0,21,4,25,63,71,97,79,310,2,44,46,356
10/29/2009,CHS,SC,ASO,ES,Combined TRACON& Tower with Radar,61,70,52,73,256,0,1,53,5,59,61,71,105,78,315,8,38,46,361
10/30/2009,CHS,SC,ASO,ES,Combined TRACON& Tower with Radar,63,84,72,56,275,0,0,7,1,8,63,84,79,57,283,0,0,0,283
10/31/2009,CHS,SC,ASO,ES,Combined TRACON& Tower with Radar,55,62,26,32,175,0,1,14,1,16,55,63,40,33,191,4,14,18,209
11/01/2009,CHS,SC,ASO,ES,Combined TRACON& Tower with Radar,62,71,55,39,227,0,0,7,3,10,62,71,62,42,237,0,16,16,253
11/02/2009,CHS,SC,ASO,ES,Combined TRACON& Tower with Radar,58,74,53,54,239,0,0,2,0,2,58,74,55,54,241,6,16,22,263
11/03/2009,CHS,SC,ASO,ES,Combined TRACON& Tower with Radar,58,79,51,69,257,0,1,14,5,20,58,80,65,74,277,0,94,94,371
11/04/2009,CHS,SC,ASO,ES,Combined TRACON& Tower with Radar,60,72,64,43,239,0,0,27,3,30,60,72,91,46,269,3,22,25,294
11/05/2009,CHS,SC,ASO,ES,Combined TRACON& Tower with Radar,61,82,52,42,237,0,0,35,1,36,61,82,87,43,273,0,34,34,307
11/06/2009,CHS,SC,ASO,ES,Combined TRACON& Tower with Radar,64,82,63,50,259,0,0,24,4,28,64,82,87,54,287,6,24,30,317
11/07/2009,CHS,SC,ASO,ES,Combined TRACON& Tower with Radar,51,53,35,19,158,0,0,32,11,43,51,53,67,30,201,0,0,0,201
11/08/2009,CHS,SC,ASO,ES,Combined TRACON& Tower with Radar,59,77,63,35,234,0,0,25,3,28,59,77,88,38,262,0,0,0,262
11/09/2009,CHS,SC,ASO,ES,Combined TRACON& Tower with Radar,59,86,56,47,248,0,3,24,2,29,59,89,80,49,277,6,48,54,331
11/10/2009,CHS,SC,ASO,ES,Combined TRACON& Tower with Radar,61,82,38,49,230,0,0,0,3,3,61,82,38,52,233,4,58,62,295
11/11/2009,CHS,SC,ASO,ES,Combined TRACON& Tower with Radar,58,81,49,18,206,0,0,0,0,0,58,81,49,18,206,0,0,0,206
11/12/2009,CHS,SC,ASO,ES,Combined TRACON& Tower with Radar,61,85,72,56,274,0,0,1,1,2,61,85,73,57,276,0,16,16,292
11/13/2009,CHS,SC,ASO,ES,Combined TRACON& Tower with Radar,61,74,60,69,264,0,1,5,6,12,61,75,65,75,276,2,32,34,310
11/14/2009,CHS,SC,ASO,ES,Combined TRACON& Tower with Radar,50,52,29,62,193,0,2,46,4,52,50,54,75,66,245,8,36,44,289
11/15/2009,CHS,SC,ASO,ES,Combined TRACON& Tower with Radar,57,74,38,43,212,0,0,27,5,32,57,74,65,48,244,8,30,38,282
11/16/2009,CHS,SC,ASO,ES,Combined TRACON& Tower with Radar,57,73,28,24,182,0,0,23,2,25,57,73,51,26,207,0,0,0,207
11/17/2009,CHS,SC,ASO,ES,Combined TRACON& Tower with Radar,58,78,39,39,214,0,0,23,1,24,58,78,62,40,238,12,28,40,278
11/18/2009,CHS,SC,ASO,ES,Combined TRACON& Tower with Radar,63,85,47,75,270,0,2,9,0,11,63,87,56,75,281,16,70,86,367
11/19/2009,CHS,SC,ASO,ES,Combined TRACON& Tower with Radar,55,79,56,54,244,0,0,19,3,22,55,79,75,57,266,0,56,56,322
11/20/2009,CHS,SC,ASO,ES,Combined TRACON& Tower with Radar,59,84,99,53,295,0,0,21,2,23,59,84,120,55,318,6,10,16,334
11/21/2009,CHS,SC,ASO,ES,Combined TRACON& Tower with Radar,45,52,39,23,159,0,0,19,3,22,45,52,58,26,181,2,20,22,203
11/22/2009,CHS,SC,ASO,ES,Combined TRACON& Tower with Radar,53,73,28,58,212,0,0,1,0,1,53,73,29,58,213,0,18,18,231
11/23/2009,CHS,SC,ASO,ES,Combined TRACON& Tower with Radar,57,78,49,23,207,0,0,0,0,0,57,78,49,23,207,4,0,4,211
11/24/2009,CHS,SC,ASO,ES,Combined TRACON& Tower with Radar,59,94,95,32,280,0,0,2,0,2,59,94,97,32,282,6,14,20,302
11/25/2009,CHS,SC,ASO,ES,Combined TRACON& Tower with Radar,60,86,65,34,245,0,0,7,0,7,60,86,72,34,252,0,28,28,280
11/26/2009,CHS,SC,ASO,ES,Combined TRACON& Tower with Radar,30,44,20,5,99,0,0,12,0,12,30,44,32,5,111,4,0,4,115
11/27/2009,CHS,SC,ASO,ES,Combined TRACON& Tower with Radar,45,58,43,22,168,0,0,27,0,27,45,58,70,22,195,0,6,6,201
11/28/2009,CHS,SC,ASO,ES,Combined TRACON& Tower with Radar,49,77,45,7,178,0,2,23,0,25,49,79,68,7,203,2,4,6,209
11/29/2009,CHS,SC,ASO,ES,Combined TRACON& Tower with Radar,62,89,100,15,266,0,0,32,1,33,62,89,132,16,299,6,0,6,305
11/30/2009,CHS,SC,ASO,ES,Combined TRACON& Tower with Radar,56,83,72,35,246,0,1,26,5,32,56,84,98,40,278,2,0,2,280
12/01/2009,CHS,SC,ASO,ES,Combined TRACON& Tower with Radar,60,82,55,41,238,0,0,27,2,29,60,82,82,43,267,32,14,46,313
12/02/2009,CHS,SC,ASO,ES,Combined TRACON& Tower with Radar,54,80,47,36,217,0,0,0,0,0,54,80,47,36,217,0,22,22,239
12/03/2009,CHS,SC,ASO,ES,Combined TRACON& Tower with Radar,63,91,59,24,237,0,1,29,3,33,63,92,88,27,270,6,42,48,318
12/04/2009,CHS,SC,ASO,ES,Combined TRACON& Tower with Radar,55,81,67,40,243,0,0,17,3,20,55,81,84,43,263,6,20,26,289
12/05/2009,CHS,SC,ASO,ES,Combined TRACON& Tower with Radar,41,53,25,27,146,0,1,3,1,5,41,54,28,28,151,12,6,18,169
12/06/2009,CHS,SC,ASO,ES,Combined TRACON& Tower with Radar,51,66,66,31,214,0,0,16,1,17,51,66,82,32,231,8,0,8,239
12/07/2009,CHS,SC,ASO,ES,Combined TRACON& Tower with Radar,54,83,50,59,246,0,0,12,0,12,54,83,62,59,258,8,38,46,304
12/08/2009,CHS,SC,ASO,ES,Combined TRACON& Tower with Radar,50,70,61,37,218,0,0,14,1,15,50,70,75,38,233,2,12,14,247
12/09/2009,CHS,SC,ASO,ES,Combined TRACON& Tower with Radar,50,66,56,31,203,0,0,2,0,2,50,66,58,31,205,0,12,12,217
12/10/2009,CHS,SC,ASO,ES,Combined TRACON& Tower with Radar,56,73,56,35,220,0,0,36,0,36,56,73,92,35,256,12,22,34,290
12/11/2009,CHS,SC,ASO,ES,Combined TRACON& Tower with Radar,53,69,45,71,238,0,0,45,0,45,53,69,90,71,283,16,40,56,339
12/12/2009,CHS,SC,ASO,ES,Combined TRACON& Tower with Radar,41,51,26,29,147,0,0,8,0,8,41,51,34,29,155,8,10,18,173
12/13/2009,CHS,SC,ASO,ES,Combined TRACON& Tower with Radar,50,60,31,40,181,0,0,0,0,0,50,60,31,40,181,0,12,12,193
12/14/2009,CHS,SC,ASO,ES,Combined TRACON& Tower with Radar,47,74,56,48,225,0,0,0,0,0,47,74,56,48,225,8,16,24,249
12/15/2009,CHS,SC,ASO,ES,Combined TRACON& Tower with Radar,54,63,49,45,211,0,0,6,0,6,54,63,55,45,217,2,66,68,285
12/16/2009,CHS,SC,ASO,ES,Combined TRACON& Tower with Radar,53,69,70,42,234,0,0,35,3,38,53,69,105,45,272,10,16,26,298
12/17/2009,CHS,SC,ASO,ES,Combined TRACON& Tower with Radar,48,75,65,12,200,0,2,33,2,37,48,77,98,14,237,4,10,14,251
12/18/2009,CHS,SC,ASO,ES,Combined TRACON& Tower with Radar,43,77,36,38,194,0,0,0,1,1,43,77,36,39,195,4,16,20,215
12/19/2009,CHS,SC,ASO,ES,Combined TRACON& Tower with Radar,45,52,23,23,143,0,0,4,0,4,45,52,27,23,147,0,8,8,155
12/20/2009,CHS,SC,ASO,ES,Combined TRACON& Tower with Radar,41,54,39,34,168,0,2,34,1,37,41,56,73,35,205,2,12,14,219
12/21/2009,CHS,SC,ASO,ES,Combined TRACON& Tower with Radar,39,73,53,45,210,0,1,41,0,42,39,74,94,45,252,16,14,30,282
12/22/2009,CHS,SC,ASO,ES,Combined TRACON& Tower with Radar,49,94,46,50,239,0,1,22,3,26,49,95,68,53,265,10,16,26,291
12/23/2009,CHS,SC,ASO,ES,Combined TRACON& Tower with Radar,46,82,45,43,216,0,2,12,0,14,46,84,57,43,230,0,18,18,248
12/24/2009,CHS,SC,ASO,ES,Combined TRACON& Tower with Radar,40,57,11,9,117,0,0,5,0,5,40,57,16,9,122,0,0,0,122
12/25/2009,CHS,SC,ASO,ES,Combined TRACON& Tower with Radar,37,47,12,2,98,0,0,0,0,0,37,47,12,2,98,0,0,0,98
12/26/2009,CHS,SC,ASO,ES,Combined TRACON& Tower with Radar,39,75,52,8,174,0,0,12,0,12,39,75,64,8,186,0,0,0,186
12/27/2009,CHS,SC,ASO,ES,Combined TRACON& Tower with Radar,41,85,62,7,195,0,0,12,0,12,41,85,74,7,207,4,0,4,211
12/28/2009,CHS,SC,ASO,ES,Combined TRACON& Tower with Radar,44,86,34,23,187,0,0,16,0,16,44,86,50,23,203,0,32,32,235
12/29/2009,CHS,SC,ASO,ES,Combined TRACON& Tower with Radar,47,79,40,37,203,0,0,19,1,20,47,79,59,38,223,12,10,22,245
12/30/2009,CHS,SC,ASO,ES,Combined TRACON& Tower with Radar,48,92,40,52,232,0,0,22,1,23,48,92,62,53,255,2,14,16,271
12/31/2009,CHS,SC,ASO,ES,Combined TRACON& Tower with Radar,41,57,17,16,131,0,0,1,0,1,41,57,18,16,132,2,10,12,144
01/01/2010,CHS,SC,ASO,ES,Combined TRACON& Tower with Radar,39,62,20,9,130,0,0,0,0,0,39,62,20,9,130,0,0,0,130
01/02/2010,CHS,SC,ASO,ES,Combined TRACON& Tower with Radar,47,78,38,6,169,0,1,12,0,13,47,79,50,6,182,0,0,0,182
01/03/2010,CHS,SC,ASO,ES,Combined TRACON& Tower with Radar,48,81,64,6,199,0,1,13,0,14,48,82,77,6,213,4,0,4,217
01/04/2010,CHS,SC,ASO,ES,Combined TRACON& Tower with Radar,48,80,40,57,225,0,0,22,2,24,48,80,62,59,249,18,48,66,315
01/05/2010,CHS,SC,ASO,ES,Combined TRACON& Tower with Radar,48,70,44,51,213,0,2,18,2,22,48,72,62,53,235,6,40,46,281
01/06/2010,CHS,SC,ASO,ES,Combined TRACON& Tower with Radar,55,70,45,33,203,0,1,32,2,35,55,71,77,35,238,24,18,42,280
01/07/2010,CHS,SC,ASO,ES,Combined TRACON& Tower with Radar,49,74,32,56,211,0,2,21,0,23,49,76,53,56,234,14,34,48,282
01/08/2010,CHS,SC,ASO,ES,Combined TRACON& Tower with Radar,47,82,22,50,201,0,0,14,0,14,47,82,36,50,215,6,44,50,265
01/09/2010,CHS,SC,ASO,ES,Combined TRACON& Tower with Radar,37,54,22,34,147,0,2,15,5,22,37,56,37,39,169,4,28,32,201
01/10/2010,CHS,SC,ASO,ES,Combined TRACON& Tower with Radar,46,57,26,24,153,0,0,19,0,19,46,57,45,24,172,0,0,0,172
01/11/2010,CHS,SC,ASO,ES,Combined TRACON& Tower with Radar,47,76,35,57,215,0,0,22,3,25,47,76,57,60,240,2,28,30,270
01/12/2010,CHS,SC,ASO,ES,Combined TRACON& Tower with Radar,45,85,60,34,224,0,0,17,1,18,45,85,77,35,242,12,12,24,266
01/13/2010,CHS,SC,ASO,ES,Combined TRACON& Tower with Radar,54,84,35,27,200,0,2,30,1,33,54,86,65,28,233,8,8,16,249
01/14/2010,CHS,SC,ASO,ES,Combined TRACON& Tower with Radar,49,79,60,55,243,0,0,27,1,28,49,79,87,56,271,28,12,40,311
01/15/2010,CHS,SC,ASO,ES,Combined TRACON& Tower with Radar,54,75,65,65,259,0,1,27,6,34,54,76,92,71,293,4,18,22,315
01/16/2010,CHS,SC,ASO,ES,Combined TRACON& Tower with Radar,29,43,21,34,127,0,0,11,0,11,29,43,32,34,138,8,6,14,152
01/17/2010,CHS,SC,ASO,ES,Combined TRACON& Tower with Radar,44,57,37,28,166,0,0,2,1,3,44,57,39,29,169,0,0,0,169
01/18/2010,CHS,SC,ASO,ES,Combined TRACON& Tower with Radar,47,65,42,46,200,0,0,21,0,21,47,65,63,46,221,2,0,2,223
01/19/2010,CHS,SC,ASO,ES,Combined TRACON& Tower with Radar,48,73,28,55,204,0,0,12,2,14,48,73,40,57,218,2,30,32,250
01/20/2010,CHS,SC,ASO,ES,Combined TRACON& Tower with Radar,45,72,44,76,237,0,0,32,3,35,45,72,76,79,272,10,18,28,300
01/21/2010,CHS,SC,ASO,ES,Combined TRACON& Tower with Radar,57,82,41,72,252,0,0,1,2,3,57,82,42,74,255,0,18,18,273
01/22/2010,CHS,SC,ASO,ES,Combined TRACON& Tower with Radar,56,87,48,87,278,0,0,1,2,3,56,87,49,89,281,0,12,12,293
01/23/2010,CHS,SC,ASO,ES,Combined TRACON& Tower with Radar,38,48,48,68,202,0,0,15,0,15,38,48,63,68,217,6,40,46,263
01/24/2010,CHS,SC,ASO,ES,Combined TRACON& Tower with Radar,44,65,37,59,205,0,0,4,2,6,44,65,41,61,211,2,26,28,239
01/25/2010,CHS,SC,ASO,ES,Combined TRACON& Tower with Radar,49,75,37,75,236,0,0,10,1,11,49,75,47,76,247,2,26,28,275
01/26/2010,CHS,SC,ASO,ES,Combined TRACON& Tower with Radar,48,83,39,63,233,0,1,11,1,13,48,84,50,64,246,0,18,18,264
01/27/2010,CHS,SC,ASO,ES,Combined TRACON& Tower with Radar,52,73,59,68,252,0,0,35,1,36,52,73,94,69,288,0,14,14,302
01/28/2010,CHS,SC,ASO,ES,Combined TRACON& Tower with Radar,55,69,46,71,241,0,2,25,0,27,55,71,71,71,268,16,28,44,312
01/29/2010,CHS,SC,ASO,ES,Combined TRACON& Tower with Radar,56,75,76,70,277,0,2,19,4,25,56,77,95,74,302,14,10,24,326
01/30/2010,CHS,SC,ASO,ES,Combined TRACON& Tower with Radar,35,48,22,48,153,0,0,0,0,0,35,48,22,48,153,0,0,0,153
01/31/2010,CHS,SC,ASO,ES,Combined TRACON& Tower with Radar,51,69,47,47,214,0,0,36,1,37,51,69,83,48,251,18,4,22,273
02/01/2010,CHS,SC,ASO,ES,Combined TRACON& Tower with Radar,49,75,39,56,219,0,0,24,1,25,49,75,63,57,244,4,22,26,270
02/02/2010,CHS,SC,ASO,ES,Combined TRACON& Tower with Radar,49,72,32,59,212,0,0,0,0,0,49,72,32,59,212,0,28,28,240
02/03/2010,CHS,SC,ASO,ES,Combined TRACON& Tower with Radar,46,66,52,104,268,0,0,25,5,30,46,66,77,109,298,14,46,60,358
02/04/2010,CHS,SC,ASO,ES,Combined TRACON& Tower with Radar,54,94,68,64,280,0,0,19,9,28,54,94,87,73,308,16,34,50,358
02/05/2010,CHS,SC,ASO,ES,Combined TRACON& Tower with Radar,48,76,34,65,223,0,0,0,0,0,48,76,34,65,223,0,30,30,253
02/06/2010,CHS,SC,ASO,ES,Combined TRACON& Tower with Radar,32,44,27,51,154,0,0,2,4,6,32,44,29,55,160,0,0,0,160
02/07/2010,CHS,SC,ASO,ES,Combined TRACON& Tower with Radar,46,49,45,36,176,0,2,27,0,29,46,51,72,36,205,8,10,18,223
02/08/2010,CHS,SC,ASO,ES,Combined TRACON& Tower with Radar,52,70,57,73,252,0,0,34,1,35,52,70,91,74,287,18,26,44,331
02/09/2010,CHS,SC,ASO,ES,Combined TRACON& Tower with Radar,53,65,34,58,210,0,0,6,2,8,53,65,40,60,218,4,20,24,242
02/10/2010,CHS,SC,ASO,ES,Combined TRACON& Tower with Radar,45,54,36,61,196,0,1,4,3,8,45,55,40,64,204,0,16,16,220
02/11/2010,CHS,SC,ASO,ES,Combined TRACON& Tower with Radar,50,79,67,69,265,0,1,39,19,59,50,80,106,88,324,14,54,68,392
02/12/2010,CHS,SC,ASO,ES,Combined TRACON& Tower with Radar,35,54,54,27,170,0,0,9,0,9,35,54,63,27,179,18,6,24,203
02/13/2010,CHS,SC,ASO,ES,Combined TRACON& Tower with Radar,37,51,42,21,151,0,0,7,0,7,37,51,49,21,158,4,2,6,164
02/14/2010,CHS,SC,ASO,ES,Combined TRACON& Tower with Radar,56,55,54,23,188,0,0,20,4,24,56,55,74,27,212,10,10,20,232
02/15/2010,CHS,SC,ASO,ES,Combined TRACON& Tower with Radar,46,80,34,19,179,0,1,11,0,12,46,81,45,19,191,4,8,12,203
02/16/2010,CHS,SC,ASO,ES,Combined TRACON& Tower with Radar,60,78,30,47,215,0,2,21,0,23,60,80,51,47,238,0,32,32,270
02/17/2010,CHS,SC,ASO,ES,Combined TRACON& Tower with Radar,58,83,74,58,273,0,0,20,4,24,58,83,94,62,297,8,30,38,335
02/18/2010,CHS,SC,ASO,ES,Combined TRACON& Tower with Radar,58,91,57,40,246,0,0,35,0,35,58,91,92,40,281,2,24,26,307
02/19/2010,CHS,SC,ASO,ES,Combined TRACON& Tower with Radar,62,69,57,60,248,0,2,46,3,51,62,71,103,63,299,2,16,18,317
02/20/2010,CHS,SC,ASO,ES,Combined TRACON& Tower with Radar,44,64,35,46,189,0,1,23,2,26,44,65,58,48,215,10,10,20,235
02/21/2010,CHS,SC,ASO,ES,Combined TRACON& Tower with Radar,50,76,56,45,227,0,0,36,3,39,50,76,92,48,266,8,16,24,290
02/22/2010,CHS,SC,ASO,ES,Combined TRACON& Tower with Radar,45,78,25,45,193,0,0,0,0,0,45,78,25,45,193,2,8,10,203
02/23/2010,CHS,SC,ASO,ES,Combined TRACON& Tower with Radar,48,58,51,51,208,0,0,13,4,17,48,58,64,55,225,4,54,58,283
02/24/2010,CHS,SC,ASO,ES,Combined TRACON& Tower with Radar,58,67,44,46,215,0,0,19,0,19,58,67,63,46,234,2,20,22,256
02/25/2010,CHS,SC,ASO,ES,Combined TRACON& Tower with Radar,52,69,45,38,204,0,0,11,3,14,52,69,56,41,218,4,6,10,228
02/26/2010,CHS,SC,ASO,ES,Combined TRACON& Tower with Radar,57,71,53,67,248,0,1,15,1,17,57,72,68,68,265,6,78,84,349
02/27/2010,CHS,SC,ASO,ES,Combined TRACON& Tower with Radar,53,59,19,49,180,0,0,21,1,22,53,59,40,50,202,2,42,44,246
02/28/2010,CHS,SC,ASO,ES,Combined TRACON& Tower with Radar,57,87,41,55,240,0,0,27,5,32,57,87,68,60,272,8,22,30,302
03/01/2010,CHS,SC,ASO,ES,Combined TRACON& Tower with Radar,44,81,36,50,211,0,0,21,4,25,44,81,57,54,236,4,4,8,244
03/02/2010,CHS,SC,ASO,ES,Combined TRACON& Tower with Radar,45,68,25,55,193,0,0,2,0,2,45,68,27,55,195,2,20,22,217
03/03/2010,CHS,SC,ASO,ES,Combined TRACON& Tower with Radar,55,66,34,41,196,0,0,15,0,15,55,66,49,41,211,2,14,16,227
03/04/2010,CHS,SC,ASO,ES,Combined TRACON& Tower with Radar,56,67,54,40,217,0,0,21,1,22,56,67,75,41,239,12,10,22,261
03/05/2010,CHS,SC,ASO,ES,Combined TRACON& Tower with Radar,57,73,74,52,256,0,2,40,4,46,57,75,114,56,302,12,26,38,340
03/06/2010,CHS,SC,ASO,ES,Combined TRACON& Tower with Radar,48,59,46,54,207,0,1,23,1,25,48,60,69,55,232,6,20,26,258
03/07/2010,CHS,SC,ASO,ES,Combined TRACON& Tower with Radar,52,74,60,31,217,0,0,32,0,32,52,74,92,31,249,6,0,6,255
03/08/2010,CHS,SC,ASO,ES,Combined TRACON& Tower with Radar,56,75,40,59,230,0,1,36,0,37,56,76,76,59,267,10,28,38,305
03/09/2010,CHS,SC,ASO,ES,Combined TRACON& Tower with Radar,56,71,53,82,262,0,1,30,3,34,56,72,83,85,296,2,56,58,354
03/10/2010,CHS,SC,ASO,ES,Combined TRACON& Tower with Radar,52,78,35,43,208,0,0,13,0,13,52,78,48,43,221,0,0,0,221
03/11/2010,CHS,SC,ASO,ES,Combined TRACON& Tower with Radar,52,76,34,76,238,0,0,1,0,1,52,76,35,76,239,4,36,40,279
03/12/2010,CHS,SC,ASO,ES,Combined TRACON& Tower with Radar,52,82,60,65,259,0,0,1,0,1,52,82,61,65,260,0,24,24,284
03/13/2010,CHS,SC,ASO,ES,Combined TRACON& Tower with Radar,60,65,44,36,205,0,0,11,1,12,60,65,55,37,217,0,14,14,231
03/14/2010,CHS,SC,ASO,ES,Combined TRACON& Tower with Radar,52,74,50,37,213,0,0,32,1,33,52,74,82,38,246,4,8,12,258
03/15/2010,CHS,SC,ASO,ES,Combined TRACON& Tower with Radar,53,73,49,47,222,0,0,23,0,23,53,73,72,47,245,0,12,12,257
03/16/2010,CHS,SC,ASO,ES,Combined TRACON& Tower with Radar,51,82,69,67,269,0,1,27,1,29,51,83,96,68,298,10,68,78,376
03/17/2010,CHS,SC,ASO,ES,Combined TRACON& Tower with Radar,51,75,84,78,288,0,0,14,1,15,51,75,98,79,303,10,16,26,329
03/18/2010,CHS,SC,ASO,ES,Combined TRACON& Tower with Radar,54,93,66,46,259,0,0,22,4,26,54,93,88,50,285,30,16,46,331
03/19/2010,CHS,SC,ASO,ES,Combined TRACON& Tower with Radar,59,78,69,63,269,0,1,17,4,22,59,79,86,67,291,0,18,18,309
03/20/2010,CHS,SC,ASO,ES,Combined TRACON& Tower with Radar,55,63,37,38,193,0,1,43,6,50,55,64,80,44,243,4,6,10,253
03/21/2010,CHS,SC,ASO,ES,Combined TRACON& Tower with Radar,51,87,66,65,269,0,0,4,1,5,51,87,70,66,274,0,28,28,302
03/22/2010,CHS,SC,ASO,ES,Combined TRACON& Tower with Radar,57,71,47,48,223,0,0,11,1,12,57,71,58,49,235,0,20,20,255
03/23/2010,CHS,SC,ASO,ES,Combined TRACON& Tower with Radar,55,80,67,41,243,0,1,19,0,20,55,81,86,41,263,4,8,12,275
03/24/2010,CHS,SC,ASO,ES,Combined TRACON& Tower with Radar,55,75,74,68,272,0,2,34,5,41,55,77,108,73,313,8,24,32,345
03/25/2010,CHS,SC,ASO,ES,Combined TRACON& Tower with Radar,58,88,56,58,260,0,0,19,7,26,58,88,75,65,286,0,30,30,316
03/26/2010,CHS,SC,ASO,ES,Combined TRACON& Tower with Radar,61,87,72,81,301,0,0,13,3,16,61,87,85,84,317,6,10,16,333
03/27/2010,CHS,SC,ASO,ES,Combined TRACON& Tower with Radar,53,77,60,52,242,0,0,22,6,28,53,77,82,58,270,2,4,6,276
03/28/2010,CHS,SC,ASO,ES,Combined TRACON& Tower with Radar,56,91,83,64,294,0,1,4,0,5,56,92,87,64,299,6,8,14,313
03/29/2010,CHS,SC,ASO,ES,Combined TRACON& Tower with Radar,57,89,40,83,269,0,0,7,2,9,57,89,47,85,278,6,40,46,324
03/30/2010,CHS,SC,ASO,ES,Combined TRACON& Tower with Radar,50,65,60,62,237,0,0,37,4,41,50,65,97,66,278,16,26,42,320
03/31/2010,CHS,SC,ASO,ES,Combined TRACON& Tower with Radar,54,87,71,43,255,0,0,32,0,32,54,87,103,43,287,16,10,26,313
04/01/2010,CHS,SC,ASO,ES,Combined TRACON& Tower with Radar,57,97,78,60,292,0,0,37,1,38,57,97,115,61,330,2,14,16,346
04/02/2010,CHS,SC,ASO,ES,Combined TRACON& Tower with Radar,58,89,73,49,269,0,1,46,5,52,58,90,119,54,321,14,26,40,361
04/03/2010,CHS,SC,ASO,ES,Combined TRACON& Tower with Radar,53,76,50,34,213,0,0,23,2,25,53,76,73,36,238,0,0,0,238
04/04/2010,CHS,SC,ASO,ES,Combined TRACON& Tower with Radar,62,81,47,17,207,0,0,14,3,17,62,81,61,20,224,4,6,10,234
04/05/2010,CHS,SC,ASO,ES,Combined TRACON& Tower with Radar,47,91,52,31,221,0,0,21,0,21,47,91,73,31,242,0,26,26,268
04/06/2010,CHS,SC,ASO,ES,Combined TRACON& Tower with Radar,51,88,44,49,232,0,1,23,1,25,51,89,67,50,257,0,14,14,271
04/07/2010,CHS,SC,ASO,ES,Combined TRACON& Tower with Radar,55,80,53,74,262,0,0,31,0,31,55,80,84,74,293,6,40,46,339
04/08/2010,CHS,SC,ASO,ES,Combined TRACON& Tower with Radar,56,101,76,33,266,0,1,15,1,17,56,102,91,34,283,12,80,92,375
04/09/2010,CHS,SC,ASO,ES,Combined TRACON& Tower with Radar,55,100,56,37,248,0,0,24,3,27,55,100,80,40,275,8,16,24,299
04/10/2010,CHS,SC,ASO,ES,Combined TRACON& Tower with Radar,52,82,54,35,223,0,0,34,1,35,52,82,88,36,258,4,6,10,268
04/11/2010,CHS,SC,ASO,ES,Combined TRACON& Tower with Radar,49,94,96,26,265,0,1,38,5,44,49,95,134,31,309,0,8,8,317
04/12/2010,CHS,SC,ASO,ES,Combined TRACON& Tower with Radar,57,87,50,47,241,0,1,12,3,16,57,88,62,50,257,10,24,34,291
04/13/2010,CHS,SC,ASO,ES,Combined TRACON& Tower with Radar,51,87,62,58,258,0,0,18,0,18,51,87,80,58,276,4,18,22,298
04/14/2010,CHS,SC,ASO,ES,Combined TRACON& Tower with Radar,56,88,75,73,292,0,0,16,0,16,56,88,91,73,308,0,36,36,344
04/15/2010,CHS,SC,ASO,ES,Combined TRACON& Tower with Radar,49,93,71,82,295,0,2,37,10,49,49,95,108,92,344,2,32,34,378
04/16/2010,CHS,SC,ASO,ES,Combined TRACON& Tower with Radar,41,76,75,82,274,0,0,29,8,37,41,76,104,90,311,14,58,72,383
04/17/2010,CHS,SC,ASO,ES,Combined TRACON& Tower with Radar,24,52,54,35,165,0,0,24,9,33,24,52,78,44,198,4,34,38,236
04/18/2010,CHS,SC,ASO,ES,Combined TRACON& Tower with Radar,51,92,80,40,263,0,0,25,4,29,51,92,105,44,292,0,30,30,322
04/19/2010,CHS,SC,ASO,ES,Combined TRACON& Tower with Radar,52,91,63,48,254,0,0,20,3,23,52,91,83,51,277,12,34,46,323
04/20/2010,CHS,SC,ASO,ES,Combined TRACON& Tower with Radar,55,86,37,45,223,1,1,12,0,14,56,87,49,45,237,0,18,18,255
04/21/2010,CHS,SC,ASO,ES,Combined TRACON& Tower with Radar,55,91,68,41,255,0,0,18,4,22,55,91,86,45,277,4,18,22,299
04/22/2010,CHS,SC,ASO,ES,Combined TRACON& Tower with Radar,58,89,77,76,300,0,0,36,1,37,58,89,113,77,337,2,34,36,373
04/23/2010,CHS,SC,ASO,ES,Combined TRACON& Tower with Radar,61,92,69,85,307,0,0,35,15,50,61,92,104,100,357,8,60,68,425
04/24/2010,CHS,SC,ASO,ES,Combined TRACON& Tower with Radar,45,77,44,76,242,0,0,12,4,16,45,77,56,80,258,8,38,46,304
04/25/2010,CHS,SC,ASO,ES,Combined TRACON& Tower with Radar,51,89,63,49,252,0,0,2,3,5,51,89,65,52,257,2,6,8,265
04/26/2010,CHS,SC,ASO,ES,Combined TRACON& Tower with Radar,52,88,55,44,239,0,0,8,3,11,52,88,63,47,250,4,24,28,278
04/27/2010,CHS,SC,ASO,ES,Combined TRACON& Tower with Radar,52,84,49,40,225,0,0,7,5,12,52,84,56,45,237,2,22,24,261
04/28/2010,CHS,SC,ASO,ES,Combined TRACON& Tower with Radar,60,84,69,44,257,0,0,25,3,28,60,84,94,47,285,0,12,12,297
04/29/2010,CHS,SC,ASO,ES,Combined TRACON& Tower with Radar,62,90,57,41,250,0,0,34,2,36,62,90,91,43,286,6,26,32,318
04/30/2010,CHS,SC,ASO,ES,Combined TRACON& Tower with Radar,61,93,52,37,243,0,1,19,3,23,61,94,71,40,266,0,30,30,296
05/01/2010,CHS,SC,ASO,ES,Combined TRACON& Tower with Radar,47,78,31,30,186,0,0,5,2,7,47,78,36,32,193,4,2,6,199
05/02/2010,CHS,SC,ASO,ES,Combined TRACON& Tower with Radar,51,90,49,25,215,0,0,7,0,7,51,90,56,25,222,0,0,0,222
05/03/2010,CHS,SC,ASO,ES,Combined TRACON& Tower with Radar,56,75,41,51,223,0,1,8,1,10,56,76,49,52,233,6,26,32,265
05/04/2010,CHS,SC,ASO,ES,Combined TRACON& Tower with Radar,57,89,49,53,248,0,0,2,2,4,57,89,51,55,252,0,4,4,256
05/05/2010,CHS,SC,ASO,ES,Combined TRACON& Tower with Radar,58,82,67,59,266,0,3,18,7,28,58,85,85,66,294,4,44,48,342
05/06/2010,CHS,SC,ASO,ES,Combined TRACON& Tower with Radar,58,98,87,83,326,0,3,25,4,32,58,101,112,87,358,4,80,84,442
05/07/2010,CHS,SC,ASO,ES,Combined TRACON& Tower with Radar,61,93,58,48,260,0,0,34,2,36,61,93,92,50,296,0,16,16,312
05/08/2010,CHS,SC,ASO,ES,Combined TRACON& Tower with Radar,44,79,36,54,213,0,1,32,8,41,44,80,68,62,254,2,12,14,268
05/09/2010,CHS,SC,ASO,ES,Combined TRACON& Tower with Radar,52,95,65,45,257,0,0,22,3,25,52,95,87,48,282,2,60,62,344
05/10/2010,CHS,SC,ASO,ES,Combined TRACON& Tower with Radar,61,88,58,20,227,0,1,14,3,18,61,89,72,23,245,8,0,8,253
05/11/2010,CHS,SC,ASO,ES,Combined TRACON& Tower with Radar,66,79,46,62,253,0,2,26,4,32,66,81,72,66,285,0,14,14,299
05/12/2010,CHS,SC,ASO,ES,Combined TRACON& Tower with Radar,65,67,67,50,249,0,0,24,4,28,65,67,91,54,277,4,12,16,293
05/13/2010,CHS,SC,ASO,ES,Combined TRACON& Tower with Radar,58,101,67,65,291,0,1,23,10,34,58,102,90,75,325,0,36,36,361
05/14/2010,CHS,SC,ASO,ES,Combined TRACON& Tower with Radar,60,84,78,100,322,0,0,32,4,36,60,84,110,104,358,6,84,90,448
05/15/2010,CHS,SC,ASO,ES,Combined TRACON& Tower with Radar,53,72,34,51,210,0,0,25,4,29,53,72,59,55,239,0,12,12,251
05/16/2010,CHS,SC,ASO,ES,Combined TRACON& Tower with Radar,58,88,58,75,279,0,0,12,2,14,58,88,70,77,293,6,50,56,349
05/17/2010,CHS,SC,ASO,ES,Combined TRACON& Tower with Radar,61,88,33,42,224,0,0,6,0,6,61,88,39,42,230,0,12,12,242
05/18/2010,CHS,SC,ASO,ES,Combined TRACON& Tower with Radar,60,86,40,72,258,0,0,27,0,27,60,86,67,72,285,4,42,46,331
05/19/2010,CHS,SC,ASO,ES,Combined TRACON& Tower with Radar,61,78,61,43,243,0,4,28,6,38,61,82,89,49,281,18,18,36,317
05/20/2010,CHS,SC,ASO,ES,Combined TRACON& Tower with Radar,63,85,91,56,295,0,0,29,1,30,63,85,120,57,325,8,26,34,359
05/21/2010,CHS,SC,ASO,ES,Combined TRACON& Tower with Radar,57,83,85,63,288,0,3,23,5,31,57,86,108,68,319,10,50,60,379
05/22/2010,CHS,SC,ASO,ES,Combined TRACON& Tower with Radar,53,69,35,28,185,0,0,13,0,13,53,69,48,28,198,12,8,20,218
05/23/2010,CHS,SC,ASO,ES,Combined TRACON& Tower with Radar,52,72,55,38,217,0,1,11,2,14,52,73,66,40,231,8,14,22,253
05/24/2010,CHS,SC,ASO,ES,Combined TRACON& Tower with Radar,60,74,36,63,233,0,0,6,0,6,60,74,42,63,239,0,36,36,275
05/25/2010,CHS,SC,ASO,ES,Combined TRACON& Tower with Radar,61,82,40,53,236,0,0,13,1,14,61,82,53,54,250,8,20,28,278
05/26/2010,CHS,SC,ASO,ES,Combined TRACON& Tower with Radar,56,90,58,59,263,0,1,12,1,14,56,91,70,60,277,2,34,36,313
05/27/2010,CHS,SC,ASO,ES,Combined TRACON& Tower with Radar,61,97,76,54,288,0,0,29,0,29,61,97,105,54,317,14,4,18,335
05/28/2010,CHS,SC,ASO,ES,Combined TRACON& Tower with Radar,59,107,63,57,286,0,1,31,0,32,59,108,94,57,318,10,6,16,334
05/29/2010,CHS,SC,ASO,ES,Combined TRACON& Tower with Radar,52,68,43,39,202,0,0,6,2,8,52,68,49,41,210,0,24,24,234
05/30/2010,CHS,SC,ASO,ES,Combined TRACON& Tower with Radar,53,64,47,21,185,0,0,6,0,6,53,64,53,21,191,0,0,0,191
05/31/2010,CHS,SC,ASO,ES,Combined TRACON& Tower with Radar,55,91,50,17,213,0,0,9,0,9,55,91,59,17,222,4,2,6,228
06/01/2010,CHS,SC,ASO,ES,Combined TRACON& Tower with Radar,55,81,37,53,226,0,0,5,1,6,55,81,42,54,232,4,20,24,256
06/02/2010,CHS,SC,ASO,ES,Combined TRACON& Tower with Radar,62,92,51,37,242,0,0,18,1,19,62,92,69,38,261,0,8,8,269
06/03/2010,CHS,SC,ASO,ES,Combined TRACON& Tower with Radar,57,87,49,43,236,0,0,21,2,23,57,87,70,45,259,10,16,26,285
06/04/2010,CHS,SC,ASO,ES,Combined TRACON& Tower with Radar,59,97,51,61,268,0,0,24,2,26,59,97,75,63,294,20,36,56,350
06/05/2010,CHS,SC,ASO,ES,Combined TRACON& Tower with Radar,54,70,25,33,182,0,0,25,1,26,54,70,50,34,208,2,16,18,226
06/06/2010,CHS,SC,ASO,ES,Combined TRACON& Tower with Radar,56,83,47,72,258,0,1,26,2,29,56,84,73,74,287,6,30,36,323
06/07/2010,CHS,SC,ASO,ES,Combined TRACON& Tower with Radar,54,80,50,75,259,0,1,29,3,33,54,81,79,78,292,10,64,74,366
06/08/2010,CHS,SC,ASO,ES,Combined TRACON& Tower with Radar,56,89,47,71,263,0,1,28,0,29,56,90,75,71,292,4,30,34,326
06/09/2010,CHS,SC,ASO,ES,Combined TRACON& Tower with Radar,56,84,47,64,251,0,0,31,4,35,56,84,78,68,286,8,30,38,324
06/10/2010,CHS,SC,ASO,ES,Combined TRACON& Tower with Radar,61,83,57,39,240,0,2,44,12,58,61,85,101,51,298,2,32,34,332
06/11/2010,CHS,SC,ASO,ES,Combined TRACON& Tower with Radar,56,87,85,58,286,0,3,33,10,46,56,90,118,68,332,18,16,34,366
06/12/2010,CHS,SC,ASO,ES,Combined TRACON& Tower with Radar,54,76,38,51,219,0,0,27,9,36,54,76,65,60,255,14,62,76,331
06/13/2010,CHS,SC,ASO,ES,Combined TRACON& Tower with Radar,65,72,62,47,246,0,1,12,7,20,65,73,74,54,266,6,24,30,296
06/14/2010,CHS,SC,ASO,ES,Combined TRACON& Tower with Radar,59,88,54,35,236,0,10,18,8,36,59,98,72,43,272,2,14,16,288
06/15/2010,CHS,SC,ASO,ES,Combined TRACON& Tower with Radar,58,73,54,46,231,0,0,14,10,24,58,73,68,56,255,8,28,36,291
06/16/2010,CHS,SC,ASO,ES,Combined TRACON& Tower with Radar,61,70,59,51,241,0,1,28,2,31,61,71,87,53,272,8,30,38,310
06/17/2010,CHS,SC,ASO,ES,Combined TRACON& Tower with Radar,58,82,54,29,223,0,1,26,5,32,58,83,80,34,255,2,10,12,267
06/18/2010,CHS,SC,ASO,ES,Combined TRACON& Tower with Radar,57,79,44,29,209,0,1,20,7,28,57,80,64,36,237,6,22,28,265
06/19/2010,CHS,SC,ASO,ES,Combined TRACON& Tower with Radar,52,75,39,35,201,0,0,12,0,12,52,75,51,35,213,20,26,46,259
06/20/2010,CHS,SC,ASO,ES,Combined TRACON& Tower with Radar,58,87,42,23,210,0,0,18,0,18,58,87,60,23,228,6,4,10,238
06/21/2010,CHS,SC,ASO,ES,Combined TRACON& Tower with Radar,53,79,51,56,239,0,0,25,4,29,53,79,76,60,268,20,42,62,330
06/22/2010,CHS,SC,ASO,ES,Combined TRACON& Tower with Radar,53,77,58,60,248,0,2,32,1,35,53,79,90,61,283,0,22,22,305
06/23/2010,CHS,SC,ASO,ES,Combined TRACON& Tower with Radar,53,80,62,41,236,0,1,32,0,33,53,81,94,41,269,6,18,24,293
06/24/2010,CHS,SC,ASO,ES,Combined TRACON& Tower with Radar,56,75,51,47,229,0,1,27,3,31,56,76,78,50,260,0,14,14,274
06/25/2010,CHS,SC,ASO,ES,Combined TRACON& Tower with Radar,64,89,48,55,256,0,0,27,1,28,64,89,75,56,284,2,28,30,314
06/26/2010,CHS,SC,ASO,ES,Combined TRACON& Tower with Radar,56,84,36,43,219,0,0,28,0,28,56,84,64,43,247,8,16,24,271
06/27/2010,CHS,SC,ASO,ES,Combined TRACON& Tower with Radar,63,65,28,59,215,0,0,14,0,14,63,65,42,59,229,0,18,18,247
06/28/2010,CHS,SC,ASO,ES,Combined TRACON& Tower with Radar,58,75,29,43,205,0,1,13,0,14,58,76,42,43,219,4,44,48,267
06/29/2010,CHS,SC,ASO,ES,Combined TRACON& Tower with Radar,55,84,23,43,205,0,1,23,3,27,55,85,46,46,232,8,42,50,282
06/30/2010,CHS,SC,ASO,ES,Combined TRACON& Tower with Radar,59,90,57,59,265,0,1,29,0,30,59,91,86,59,295,6,16,22,317
07/01/2010,CHS,SC,ASO,ES,Combined TRACON& Tower with Radar,56,68,73,31,228,0,0,11,0,11,56,68,84,31,239,22,0,22,261
07/02/2010,CHS,SC,ASO,ES,Combined TRACON& Tower with Radar,57,71,64,16,208,0,0,34,11,45,57,71,98,27,253,6,0,6,259
07/03/2010,CHS,SC,ASO,ES,Combined TRACON& Tower with Radar,49,70,30,22,171,0,1,16,4,21,49,71,46,26,192,6,10,16,208
07/04/2010,CHS,SC,ASO,ES,Combined TRACON& Tower with Radar,44,74,17,14,149,0,0,27,3,30,44,74,44,17,179,3,0,3,182
07/05/2010,CHS,SC,ASO,ES,Combined TRACON& Tower with Radar,48,80,54,12,194,0,1,20,6,27,48,81,74,18,221,10,4,14,235
07/06/2010,CHS,SC,ASO,ES,Combined TRACON& Tower with Radar,57,76,45,42,220,0,0,29,4,33,57,76,74,46,253,0,14,14,267
07/07/2010,CHS,SC,ASO,ES,Combined TRACON& Tower with Radar,57,81,51,40,229,0,0,25,0,25,57,81,76,40,254,2,22,24,278
07/08/2010,CHS,SC,ASO,ES,Combined TRACON& Tower with Radar,58,76,59,49,242,0,1,22,4,27,58,77,81,53,269,4,12,16,285
07/09/2010,CHS,SC,ASO,ES,Combined TRACON& Tower with Radar,58,73,57,111,299,0,0,32,1,33,58,73,89,112,332,10,58,68,400
07/10/2010,CHS,SC,ASO,ES,Combined TRACON& Tower with Radar,52,76,37,36,201,0,1,19,1,21,52,77,56,37,222,2,10,12,234
07/11/2010,CHS,SC,ASO,ES,Combined TRACON& Tower with Radar,55,93,60,68,276,0,0,10,4,14,55,93,70,72,290,0,16,16,306
07/12/2010,CHS,SC,ASO,ES,Combined TRACON& Tower with Radar,58,75,33,61,227,0,0,9,1,10,58,75,42,62,237,0,66,66,303
07/13/2010,CHS,SC,ASO,ES,Combined TRACON& Tower with Radar,61,67,31,71,230,0,0,11,4,15,61,67,42,75,245,4,48,52,297
07/14/2010,CHS,SC,ASO,ES,Combined TRACON& Tower with Radar,57,76,39,47,219,0,1,22,0,23,57,77,61,47,242,16,14,30,272
07/15/2010,CHS,SC,ASO,ES,Combined TRACON& Tower with Radar,60,85,66,33,244,0,1,30,24,55,60,86,96,57,299,34,4,38,337
07/16/2010,CHS,SC,ASO,ES,Combined TRACON& Tower with Radar,55,75,56,49,235,0,0,33,6,39,55,75,89,55,274,18,24,42,316
07/17/2010,CHS,SC,ASO,ES,Combined TRACON& Tower with Radar,56,66,31,42,195,0,0,25,3,28,56,66,56,45,223,6,10,16,239
07/18/2010,CHS,SC,ASO,ES,Combined TRACON& Tower with Radar,56,73,45,45,219,0,1,8,3,12,56,74,53,48,231,0,24,24,255
07/19/2010,CHS,SC,ASO,ES,Combined TRACON& Tower with Radar,53,66,43,55,217,0,1,23,0,24,53,67,66,55,241,2,54,56,297
07/20/2010,CHS,SC,ASO,ES,Combined TRACON& Tower with Radar,61,77,42,38,218,0,0,27,2,29,61,77,69,40,247,8,2,10,257
07/21/2010,CHS,SC,ASO,ES,Combined TRACON& Tower with Radar,64,70,45,58,237,0,1,19,4,24,64,71,64,62,261,0,26,26,287
07/22/2010,CHS,SC,ASO,ES,Combined TRACON& Tower with Radar,58,75,62,53,248,0,0,23,9,32,58,75,85,62,280,4,12,16,296
07/23/2010,CHS,SC,ASO,ES,Combined TRACON& Tower with Radar,55,75,44,83,257,0,2,14,6,22,55,77,58,89,279,10,86,96,375
07/24/2010,CHS,SC,ASO,ES,Combined TRACON& Tower with Radar,49,71,40,17,177,0,1,16,1,18,49,72,56,18,195,6,0,6,201
07/25/2010,CHS,SC,ASO,ES,Combined TRACON& Tower with Radar,55,67,31,45,198,0,1,18,7,26,55,68,49,52,224,0,0,0,224
07/26/2010,CHS,SC,ASO,ES,Combined TRACON& Tower with Radar,54,75,31,34,194,0,0,8,0,8,54,75,39,34,202,0,22,22,224
07/27/2010,CHS,SC,ASO,ES,Combined TRACON& Tower with Radar,62,66,31,76,235,0,0,9,3,12,62,66,40,79,247,6,32,38,285
07/28/2010,CHS,SC,ASO,ES,Combined TRACON& Tower with Radar,54,72,33,52,211,0,2,20,2,24,54,74,53,54,235,0,16,16,251
07/29/2010,CHS,SC,ASO,ES,Combined TRACON& Tower with Radar,54,79,63,44,240,0,0,15,4,19,54,79,78,48,259,8,14,22,281
07/30/2010,CHS,SC,ASO,ES,Combined TRACON& Tower with Radar,59,73,49,62,243,0,0,38,20,58,59,73,87,82,301,2,20,22,323
07/31/2010,CHS,SC,ASO,ES,Combined TRACON& Tower with Radar,51,71,26,43,191,0,1,25,2,28,51,72,51,45,219,14,16,30,249
08/01/2010,CHS,SC,ASO,ES,Combined TRACON& Tower with Radar,57,52,42,30,181,0,0,10,1,11,57,52,52,31,192,2,16,18,210
08/02/2010,CHS,SC,ASO,ES,Combined TRACON& Tower with Radar,57,72,27,74,230,0,1,10,0,11,57,73,37,74,241,2,50,52,293
08/03/2010,CHS,SC,ASO,ES,Combined TRACON& Tower with Radar,53,66,38,55,212,0,1,20,5,26,53,67,58,60,238,6,30,36,274
08/04/2010,CHS,SC,ASO,ES,Combined TRACON& Tower with Radar,55,70,59,79,263,0,0,45,1,46,55,70,104,80,309,8,36,44,353
08/05/2010,CHS,SC,ASO,ES,Combined TRACON& Tower with Radar,57,77,42,100,276,0,3,24,1,28,57,80,66,101,304,12,86,98,402
08/06/2010,CHS,SC,ASO,ES,Combined TRACON& Tower with Radar,52,78,51,53,234,0,0,12,0,12,52,78,63,53,246,8,28,36,282
08/07/2010,CHS,SC,ASO,ES,Combined TRACON& Tower with Radar,54,74,38,43,209,0,0,12,6,18,54,74,50,49,227,2,6,8,235
08/08/2010,CHS,SC,ASO,ES,Combined TRACON& Tower with Radar,59,68,53,62,242,0,0,24,1,25,59,68,77,63,267,6,10,16,283
08/09/2010,CHS,SC,ASO,ES,Combined TRACON& Tower with Radar,54,72,49,58,233,0,0,20,2,22,54,72,69,60,255,0,48,48,303
08/10/2010,CHS,SC,ASO,ES,Combined TRACON& Tower with Radar,54,78,52,86,270,0,0,16,0,16,54,78,68,86,286,10,52,62,348
08/11/2010,CHS,SC,ASO,ES,Combined TRACON& Tower with Radar,55,81,55,59,250,0,0,22,2,24,55,81,77,61,274,4,44,48,322
08/12/2010,CHS,SC,ASO,ES,Combined TRACON& Tower with Radar,54,74,71,54,253,0,1,28,7,36,54,75,99,61,289,2,16,18,307
08/13/2010,CHS,SC,ASO,ES,Combined TRACON& Tower with Radar,60,76,60,36,232,0,0,20,0,20,60,76,80,36,252,2,14,16,268
08/14/2010,CHS,SC,ASO,ES,Combined TRACON& Tower with Radar,50,71,47,44,212,0,0,3,2,5,50,71,50,46,217,4,14,18,235
08/15/2010,CHS,SC,ASO,ES,Combined TRACON& Tower with Radar,62,79,46,43,230,0,2,5,0,7,62,81,51,43,237,4,12,16,253
08/16/2010,CHS,SC,ASO,ES,Combined TRACON& Tower with Radar,60,75,51,60,246,0,0,12,2,14,60,75,63,62,260,6,14,20,280
08/17/2010,CHS,SC,ASO,ES,Combined TRACON& Tower with Radar,53,74,61,57,245,0,1,8,1,10,53,75,69,58,255,0,24,24,279
08/18/2010,CHS,SC,ASO,ES,Combined TRACON& Tower with Radar,56,68,47,54,225,0,0,19,1,20,56,68,66,55,245,6,20,26,271
08/19/2010,CHS,SC,ASO,ES,Combined TRACON& Tower with Radar,57,80,63,50,250,0,0,32,11,43,57,80,95,61,293,2,14,16,309
08/20/2010,CHS,SC,ASO,ES,Combined TRACON& Tower with Radar,51,81,58,64,254,0,0,16,0,16,51,81,74,64,270,18,12,30,300
08/21/2010,CHS,SC,ASO,ES,Combined TRACON& Tower with Radar,50,77,36,38,201,0,0,10,4,14,50,77,46,42,215,6,24,30,245
08/22/2010,CHS,SC,ASO,ES,Combined TRACON& Tower with Radar,60,70,58,64,252,0,0,16,2,18,60,70,74,66,270,2,12,14,284
08/23/2010,CHS,SC,ASO,ES,Combined TRACON& Tower with Radar,58,71,42,95,266,0,0,7,2,9,58,71,49,97,275,0,94,94,369
08/24/2010,CHS,SC,ASO,ES,Combined TRACON& Tower with Radar,57,77,64,50,248,0,1,22,8,31,57,78,86,58,279,14,16,30,309
08/25/2010,CHS,SC,ASO,ES,Combined TRACON& Tower with Radar,56,68,45,68,237,0,0,33,9,42,56,68,78,77,279,20,24,44,323
08/26/2010,CHS,SC,ASO,ES,Combined TRACON& Tower with Radar,56,75,60,76,267,0,0,19,9,28,56,75,79,85,295,28,8,36,331
08/27/2010,CHS,SC,ASO,ES,Combined TRACON& Tower with Radar,60,83,46,71,260,0,0,14,5,19,60,83,60,76,279,12,14,26,305
08/28/2010,CHS,SC,ASO,ES,Combined TRACON& Tower with Radar,49,67,36,51,203,0,0,14,7,21,49,67,50,58,224,20,16,36,260
08/29/2010,CHS,SC,ASO,ES,Combined TRACON& Tower with Radar,48,75,31,55,209,0,0,13,9,22,48,75,44,64,231,4,0,4,235
08/30/2010,CHS,SC,ASO,ES,Combined TRACON& Tower with Radar,51,69,31,56,207,0,0,15,5,20,51,69,46,61,227,2,24,26,253
08/31/2010,CHS,SC,ASO,ES,Combined TRACON& Tower with Radar,59,60,53,56,228,0,0,36,5,41,59,60,89,61,269,2,44,46,315
09/01/2010,CHS,SC,ASO,ES,Combined TRACON& Tower with Radar,58,71,45,46,220,0,0,26,5,31,58,71,71,51,251,0,30,30,281
09/02/2010,CHS,SC,ASO,ES,Combined TRACON& Tower with Radar,58,73,37,57,225,0,4,12,5,21,58,77,49,62,246,0,40,40,286
09/03/2010,CHS,SC,ASO,ES,Combined TRACON& Tower with Radar,56,69,49,25,199,0,0,23,2,25,56,69,72,27,224,2,0,2,226
09/04/2010,CHS,SC,ASO,ES,Combined TRACON& Tower with Radar,45,59,23,25,152,0,0,16,2,18,45,59,39,27,170,10,2,12,182
09/05/2010,CHS,SC,ASO,ES,Combined TRACON& Tower with Radar,38,64,24,22,148,0,0,15,7,22,38,64,39,29,170,6,4,10,180
09/06/2010,CHS,SC,ASO,ES,Combined TRACON& Tower with Radar,52,63,33,14,162,0,0,17,8,25,52,63,50,22,187,0,12,12,199
09/07/2010,CHS,SC,ASO,ES,Combined TRACON& Tower with Radar,52,81,50,62,245,0,0,13,4,17,52,81,63,66,262,6,28,34,296
09/08/2010,CHS,SC,ASO,ES,Combined TRACON& Tower with Radar,54,74,45,60,233,0,0,24,8,32,54,74,69,68,265,4,80,84,349
09/09/2010,CHS,SC,ASO,ES,Combined TRACON& Tower with Radar,56,83,35,73,247,0,0,21,1,22,56,83,56,74,269,0,73,73,342
09/10/2010,CHS,SC,ASO,ES,Combined TRACON& Tower with Radar,58,73,66,67,264,0,1,23,6,30,58,74,89,73,294,0,42,42,336
09/11/2010,CHS,SC,ASO,ES,Combined TRACON& Tower with Radar,53,59,33,75,220,0,1,18,8,27,53,60,51,83,247,0,60,60,307
09/12/2010,CHS,SC,ASO,ES,Combined TRACON& Tower with Radar,49,86,40,32,207,0,1,12,5,18,49,87,52,37,225,0,0,0,225
09/13/2010,CHS,SC,ASO,ES,Combined TRACON& Tower with Radar,53,79,36,22,190,0,0,25,4,29,53,79,61,26,219,0,10,10,229
09/14/2010,CHS,SC,ASO,ES,Combined TRACON& Tower with Radar,55,74,35,36,200,0,1,29,2,32,55,75,64,38,232,4,18,22,254
09/15/2010,CHS,SC,ASO,ES,Combined TRACON& Tower with Radar,61,75,34,43,213,0,1,22,5,28,61,76,56,48,241,6,26,32,273
09/16/2010,CHS,SC,ASO,ES,Combined TRACON& Tower with Radar,57,78,55,92,282,0,0,43,2,45,57,78,98,94,327,2,62,64,391
09/17/2010,CHS,SC,ASO,ES,Combined TRACON& Tower with Radar,60,84,50,43,237,0,4,24,6,34,60,88,74,49,271,2,20,22,293
09/18/2010,CHS,SC,ASO,ES,Combined TRACON& Tower with Radar,51,43,43,32,169,0,0,31,3,34,51,43,74,35,203,6,26,32,235
09/19/2010,CHS,SC,ASO,ES,Combined TRACON& Tower with Radar,47,82,48,43,220,0,0,18,4,22,47,82,66,47,242,2,54,56,298
09/20/2010,CHS,SC,ASO,ES,Combined TRACON& Tower with Radar,55,73,50,28,206,0,1,13,3,17,55,74,63,31,223,2,20,22,245
09/21/2010,CHS,SC,ASO,ES,Combined TRACON& Tower with Radar,60,72,54,44,230,0,2,26,2,30,60,74,80,46,260,0,8,8,268
09/22/2010,CHS,SC,ASO,ES,Combined TRACON& Tower with Radar,57,68,46,55,226,0,1,27,3,31,57,69,73,58,257,0,32,32,289
09/23/2010,CHS,SC,ASO,ES,Combined TRACON& Tower with Radar,60,81,57,29,227,0,0,41,2,43,60,81,98,31,270,8,6,14,284
09/24/2010,CHS,SC,ASO,ES,Combined TRACON& Tower with Radar,60,77,58,42,237,0,1,19,0,20,60,78,77,42,257,12,18,30,287
09/25/2010,CHS,SC,ASO,ES,Combined TRACON& Tower with Radar,53,54,41,28,176,0,0,12,7,19,53,54,53,35,195,0,14,14,209
09/26/2010,CHS,SC,ASO,ES,Combined TRACON& Tower with Radar,50,79,50,34,213,0,1,8,1,10,50,80,58,35,223,0,0,0,223
09/27/2010,CHS,SC,ASO,ES,Combined TRACON& Tower with Radar,56,67,29,38,190,0,0,2,0,2,56,67,31,38,192,0,44,44,236
09/28/2010,CHS,SC,ASO,ES,Combined TRACON& Tower with Radar,61,72,65,37,235,0,1,22,8,31,61,73,87,45,266,0,8,8,274
09/29/2010,CHS,SC,ASO,ES,Combined TRACON& Tower with Radar,57,78,50,50,235,0,0,2,0,2,57,78,52,50,237,4,24,28,265
09/30/2010,CHS,SC,ASO,ES,Combined TRACON& Tower with Radar,58,80,53,57,248,0,1,4,2,7,58,81,57,59,255,8,12,20,275
10/01/2010,CHS,SC,ASO,ES,Combined TRACON& Tower with Radar,58,77,77,33,245,0,0,41,1,42,58,77,118,34,287,10,14,24,311
10/02/2010,CHS,SC,ASO,ES,Combined TRACON& Tower with Radar,48,60,40,35,183,0,1,27,4,32,48,61,67,39,215,0,8,8,223
10/03/2010,CHS,SC,ASO,ES,Combined TRACON& Tower with Radar,43,88,48,48,227,0,1,31,3,35,43,89,79,51,262,0,22,22,284
10/04/2010,CHS,SC,ASO,ES,Combined TRACON& Tower with Radar,54,76,46,44,220,0,0,31,3,34,54,76,77,47,254,8,6,14,268
10/05/2010,CHS,SC,ASO,ES,Combined TRACON& Tower with Radar,61,72,52,32,217,0,0,32,2,34,61,72,84,34,251,4,31,35,286
10/06/2010,CHS,SC,ASO,ES,Combined TRACON& Tower with Radar,57,69,55,50,231,0,0,29,1,30,57,69,84,51,261,8,34,42,303
10/07/2010,CHS,SC,ASO,ES,Combined TRACON& Tower with Radar,51,74,44,64,233,0,0,17,3,20,51,74,61,67,253,8,36,44,297
10/08/2010,CHS,SC,ASO,ES,Combined TRACON& Tower with Radar,62,79,57,42,240,0,0,24,2,26,62,79,81,44,266,0,8,8,274
10/09/2010,CHS,SC,ASO,ES,Combined TRACON& Tower with Radar,53,57,44,24,178,0,0,16,4,20,53,57,60,28,198,10,12,22,220
10/10/2010,CHS,SC,ASO,ES,Combined TRACON& Tower with Radar,46,81,61,16,204,0,1,23,2,26,46,82,84,18,230,0,22,22,252
10/11/2010,CHS,SC,ASO,ES,Combined TRACON& Tower with Radar,58,82,38,18,196,0,1,44,0,45,58,83,82,18,241,26,2,28,269
10/12/2010,CHS,SC,ASO,ES,Combined TRACON& Tower with Radar,64,89,49,86,288,0,1,37,2,40,64,90,86,88,328,12,94,106,434
10/13/2010,CHS,SC,ASO,ES,Combined TRACON& Tower with Radar,61,91,65,34,251,0,0,40,6,46,61,91,105,40,297,10,2,12,309
10/14/2010,CHS,SC,ASO,ES,Combined TRACON& Tower with Radar,59,95,72,18,244,0,0,24,2,26,59,95,96,20,270,8,0,8,278
10/15/2010,CHS,SC,ASO,ES,Combined TRACON& Tower with Radar,61,92,74,59,286,0,0,30,4,34,61,92,104,63,320,16,40,56,376
10/16/2010,CHS,SC,ASO,ES,Combined TRACON& Tower with Radar,54,69,42,45,210,0,2,74,7,83,54,71,116,52,293,10,20,30,323
10/17/2010,CHS,SC,ASO,ES,Combined TRACON& Tower with Radar,46,109,88,34,277,0,0,28,6,34,46,109,116,40,311,0,16,16,327
10/18/2010,CHS,SC,ASO,ES,Combined TRACON& Tower with Radar,58,89,43,67,257,0,1,36,5,42,58,90,79,72,299,2,78,80,379
10/19/2010,CHS,SC,ASO,ES,Combined TRACON& Tower with Radar,60,71,60,66,257,0,2,52,4,58,60,73,112,70,315,10,36,46,361
10/20/2010,CHS,SC,ASO,ES,Combined TRACON& Tower with Radar,62,77,52,33,224,0,1,29,5,35,62,78,81,38,259,0,4,4,263
10/21/2010,CHS,SC,ASO,ES,Combined TRACON& Tower with Radar,58,92,77,39,266,0,0,32,2,34,58,92,109,41,300,10,22,32,332
10/22/2010,CHS,SC,ASO,ES,Combined TRACON& Tower with Radar,60,88,53,57,258,0,1,27,4,32,60,89,80,61,290,2,16,18,308
10/23/2010,CHS,SC,ASO,ES,Combined TRACON& Tower with Radar,52,60,28,34,174,0,2,25,5,32,52,62,53,39,206,2,14,16,222
10/24/2010,CHS,SC,ASO,ES,Combined TRACON& Tower with Radar,50,89,48,31,218,0,0,27,4,31,50,89,75,35,249,6,2,8,257
10/25/2010,CHS,SC,ASO,ES,Combined TRACON& Tower with Radar,56,80,50,22,208,0,0,3,7,10,56,80,53,29,218,18,8,26,244
10/26/2010,CHS,SC,ASO,ES,Combined TRACON& Tower with Radar,54,78,63,60,255,0,1,15,3,19,54,79,78,63,274,2,34,36,310
10/27/2010,CHS,SC,ASO,ES,Combined TRACON& Tower with Radar,43,88,64,32,227,0,0,10,1,11,43,88,74,33,238,0,0,0,238
10/28/2010,CHS,SC,ASO,ES,Combined TRACON& Tower with Radar,68,93,84,36,281,0,0,22,1,23,68,93,106,37,304,12,10,22,326
10/29/2010,CHS,SC,ASO,ES,Combined TRACON& Tower with Radar,61,103,66,39,269,0,0,32,4,36,61,103,98,43,305,16,12,28,333
10/30/2010,CHS,SC,ASO,ES,Combined TRACON& Tower with Radar,55,71,33,16,175,0,0,19,1,20,55,71,52,17,195,17,12,29,224
10/31/2010,CHS,SC,ASO,ES,Combined TRACON& Tower with Radar,47,88,66,34,235,0,0,30,4,34,47,88,96,38,269,2,4,6,275
11/01/2010,CHS,SC,ASO,ES,Combined TRACON& Tower with Radar,59,86,46,33,224,0,0,25,1,26,59,86,71,34,250,0,30,30,280
11/02/2010,CHS,SC,ASO,ES,Combined TRACON& Tower with Radar,60,83,57,26,226,0,0,11,4,15,60,83,68,30,241,4,40,44,285
11/03/2010,CHS,SC,ASO,ES,Combined TRACON& Tower with Radar,62,85,70,63,280,0,2,2,1,5,62,87,72,64,285,0,18,18,303
11/04/2010,CHS,SC,ASO,ES,Combined TRACON& Tower with Radar,58,88,51,36,233,0,0,0,0,0,58,88,51,36,233,2,8,10,243
11/05/2010,CHS,SC,ASO,ES,Combined TRACON& Tower with Radar,73,83,64,42,262,0,1,42,10,53,73,84,106,52,315,0,14,14,329
11/06/2010,CHS,SC,ASO,ES,Combined TRACON& Tower with Radar,55,60,42,17,174,0,1,17,2,20,55,61,59,19,194,6,10,16,210
11/07/2010,CHS,SC,ASO,ES,Combined TRACON& Tower with Radar,61,76,48,31,216,0,1,19,2,22,61,77,67,33,238,0,6,6,244
11/08/2010,CHS,SC,ASO,ES,Combined TRACON& Tower with Radar,63,80,41,45,229,0,0,27,1,28,63,80,68,46,257,10,52,62,319
11/09/2010,CHS,SC,ASO,ES,Combined TRACON& Tower with Radar,67,82,67,66,282,0,0,28,1,29,67,82,95,67,311,4,44,48,359
11/10/2010,CHS,SC,ASO,ES,Combined TRACON& Tower with Radar,64,81,59,85,289,0,1,45,2,48,64,82,104,87,337,0,84,84,421
11/11/2010,CHS,SC,ASO,ES,Combined TRACON& Tower with Radar,66,80,73,23,242,0,0,35,0,35,66,80,108,23,277,0,8,8,285
11/12/2010,CHS,SC,ASO,ES,Combined TRACON& Tower with Radar,62,82,55,74,273,0,0,25,0,25,62,82,80,74,298,2,68,70,368
11/13/2010,CHS,SC,ASO,ES,Combined TRACON& Tower with Radar,49,58,26,42,175,0,0,24,12,36,49,58,50,54,211,24,26,50,261
11/14/2010,CHS,SC,ASO,ES,Combined TRACON& Tower with Radar,57,71,51,35,214,0,1,26,0,27,57,72,77,35,241,8,14,22,263
11/15/2010,CHS,SC,ASO,ES,Combined TRACON& Tower with Radar,57,83,44,22,206,0,0,23,4,27,57,83,67,26,233,8,10,18,251
11/16/2010,CHS,SC,ASO,ES,Combined TRACON& Tower with Radar,63,87,54,43,247,0,0,10,0,10,63,87,64,43,257,0,24,24,281
11/17/2010,CHS,SC,ASO,ES,Combined TRACON& Tower with Radar,60,79,51,53,243,0,1,31,2,34,60,80,82,55,277,4,38,42,319
11/18/2010,CHS,SC,ASO,ES,Combined TRACON& Tower with Radar,63,81,91,60,295,0,0,37,1,38,63,81,128,61,333,6,44,50,383
11/19/2010,CHS,SC,ASO,ES,Combined TRACON& Tower with Radar,62,94,51,33,240,0,0,41,5,46,62,94,92,38,286,0,6,6,292
11/20/2010,CHS,SC,ASO,ES,Combined TRACON& Tower with Radar,52,61,47,35,195,0,1,17,2,20,52,62,64,37,215,0,20,20,235
11/21/2010,CHS,SC,ASO,ES,Combined TRACON& Tower with Radar,56,74,35,26,191,0,2,32,2,36,56,76,67,28,227,0,8,8,235
11/22/2010,CHS,SC,ASO,ES,Combined TRACON& Tower with Radar,60,73,37,32,202,0,1,32,1,34,60,74,69,33,236,2,14,16,252
11/23/2010,CHS,SC,ASO,ES,Combined TRACON& Tower with Radar,63,82,84,52,281,0,0,34,6,40,63,82,118,58,321,6,24,30,351
11/24/2010,CHS,SC,ASO,ES,Combined TRACON& Tower with Radar,63,73,67,31,234,0,1,18,0,19,63,74,85,31,253,0,24,24,277
11/25/2010,CHS,SC,ASO,ES,Combined TRACON& Tower with Radar,29,42,15,3,89,0,0,4,1,5,29,42,19,4,94,0,0,0,94
11/26/2010,CHS,SC,ASO,ES,Combined TRACON& Tower with Radar,48,56,22,6,132,0,0,3,0,3,48,56,25,6,135,0,0,0,135
11/27/2010,CHS,SC,ASO,ES,Combined TRACON& Tower with Radar,53,76,44,1,174,0,0,36,0,36,53,76,80,1,210,2,0,2,212
11/28/2010,CHS,SC,ASO,ES,Combined TRACON& Tower with Radar,59,90,84,5,238,0,1,30,0,31,59,91,114,5,269,0,0,0,269
11/29/2010,CHS,SC,ASO,ES,Combined TRACON& Tower with Radar,61,72,45,73,251,0,0,3,1,4,61,72,48,74,255,4,42,46,301
11/30/2010,CHS,SC,ASO,ES,Combined TRACON& Tower with Radar,63,66,28,44,201,0,0,2,2,4,63,66,30,46,205,0,38,38,243
12/01/2010,CHS,SC,ASO,ES,Combined TRACON& Tower with Radar,58,59,21,43,181,0,1,9,4,14,58,60,30,47,195,0,14,14,209
12/02/2010,CHS,SC,ASO,ES,Combined TRACON& Tower with Radar,63,75,55,79,272,0,0,31,4,35,63,75,86,83,307,2,40,42,349
12/03/2010,CHS,SC,ASO,ES,Combined TRACON& Tower with Radar,58,74,54,72,258,0,1,30,1,32,58,75,84,73,290,0,54,54,344
12/04/2010,CHS,SC,ASO,ES,Combined TRACON& Tower with Radar,48,47,36,34,165,0,0,24,2,26,48,47,60,36,191,2,16,18,209
12/05/2010,CHS,SC,ASO,ES,Combined TRACON& Tower with Radar,50,62,40,37,189,0,0,15,1,16,50,62,55,38,205,0,14,14,219
12/06/2010,CHS,SC,ASO,ES,Combined TRACON& Tower with Radar,52,77,43,39,211,0,1,13,7,21,52,78,56,46,232,0,38,38,270
12/07/2010,CHS,SC,ASO,ES,Combined TRACON& Tower with Radar,56,69,64,55,244,0,1,12,3,16,56,70,76,58,260,0,38,38,298
12/08/2010,CHS,SC,ASO,ES,Combined TRACON& Tower with Radar,61,63,51,32,207,0,0,32,3,35,61,63,83,35,242,2,30,32,274
12/09/2010,CHS,SC,ASO,ES,Combined TRACON& Tower with Radar,58,73,46,31,208,0,0,35,3,38,58,73,81,34,246,2,10,12,258
12/10/2010,CHS,SC,ASO,ES,Combined TRACON& Tower with Radar,57,77,33,59,226,0,0,28,6,34,57,77,61,65,260,0,6,6,266
12/11/2010,CHS,SC,ASO,ES,Combined TRACON& Tower with Radar,55,56,29,22,162,0,0,0,0,0,55,56,29,22,162,20,16,36,198
12/12/2010,CHS,SC,ASO,ES,Combined TRACON& Tower with Radar,38,54,16,49,157,0,0,2,4,6,38,54,18,53,163,2,22,24,187
12/13/2010,CHS,SC,ASO,ES,Combined TRACON& Tower with Radar,52,68,28,41,189,0,0,15,3,18,52,68,43,44,207,2,18,20,227
12/14/2010,CHS,SC,ASO,ES,Combined TRACON& Tower with Radar,62,63,29,39,193,0,1,22,3,26,62,64,51,42,219,0,34,34,253
12/15/2010,CHS,SC,ASO,ES,Combined TRACON& Tower with Radar,65,82,38,19,204,0,2,31,6,39,65,84,69,25,243,0,0,0,243
12/16/2010,CHS,SC,ASO,ES,Combined TRACON& Tower with Radar,61,75,41,26,203,0,2,9,5,16,61,77,50,31,219,0,0,0,219
12/17/2010,CHS,SC,ASO,ES,Combined TRACON& Tower with Radar,73,77,72,45,267,0,0,13,4,17,73,77,85,49,284,4,22,26,310
12/18/2010,CHS,SC,ASO,ES,Combined TRACON& Tower with Radar,52,64,20,26,162,0,0,0,0,0,52,64,20,26,162,0,12,12,174
12/19/2010,CHS,SC,ASO,ES,Combined TRACON& Tower with Radar,51,63,31,19,164,0,0,9,0,9,51,63,40,19,173,0,0,0,173
12/20/2010,CHS,SC,ASO,ES,Combined TRACON& Tower with Radar,51,81,46,50,228,0,2,31,2,35,51,83,77,52,263,4,20,24,287
12/21/2010,CHS,SC,ASO,ES,Combined TRACON& Tower with Radar,54,70,57,42,223,0,0,27,4,31,54,70,84,46,254,2,14,16,270
12/22/2010,CHS,SC,ASO,ES,Combined TRACON& Tower with Radar,63,80,54,66,263,0,0,14,2,16,63,80,68,68,279,6,32,38,317
12/23/2010,CHS,SC,ASO,ES,Combined TRACON& Tower with Radar,59,84,41,23,207,0,0,20,2,22,59,84,61,25,229,6,8,14,243
12/24/2010,CHS,SC,ASO,ES,Combined TRACON& Tower with Radar,51,50,22,2,125,0,0,13,0,13,51,50,35,2,138,0,0,0,138
12/25/2010,CHS,SC,ASO,ES,Combined TRACON& Tower with Radar,29,60,8,3,100,0,0,0,0,0,29,60,8,3,100,0,0,0,100
12/26/2010,CHS,SC,ASO,ES,Combined TRACON& Tower with Radar,49,50,37,5,141,0,0,0,0,0,49,50,37,5,141,0,0,0,141
12/27/2010,CHS,SC,ASO,ES,Combined TRACON& Tower with Radar,50,62,40,15,167,0,0,14,0,14,50,62,54,15,181,10,0,10,191
12/28/2010,CHS,SC,ASO,ES,Combined TRACON& Tower with Radar,53,66,57,35,211,0,0,33,0,33,53,66,90,35,244,20,4,24,268
12/29/2010,CHS,SC,ASO,ES,Combined TRACON& Tower with Radar,53,84,69,35,241,0,2,40,1,43,53,86,109,36,284,14,22,36,320
12/30/2010,CHS,SC,ASO,ES,Combined TRACON& Tower with Radar,52,81,51,49,233,0,2,19,2,23,52,83,70,51,256,4,12,16,272
12/31/2010,CHS,SC,ASO,ES,Combined TRACON& Tower with Radar,48,58,49,20,175,0,1,41,0,42,48,59,90,20,217,4,16,20,237
01/01/2011,CHS,SC,ASO,ES,Combined TRACON& Tower with Radar,43,60,33,2,138,0,0,6,0,6,43,60,39,2,144,0,0,0,144
01/02/2011,CHS,SC,ASO,ES,Combined TRACON& Tower with Radar,49,84,55,10,198,0,0,0,0,0,49,84,55,10,198,0,2,2,200
01/03/2011,CHS,SC,ASO,ES,Combined TRACON& Tower with Radar,57,78,40,41,216,0,0,25,2,27,57,78,65,43,243,10,30,40,283
01/04/2011,CHS,SC,ASO,ES,Combined TRACON& Tower with Radar,52,78,43,64,237,0,2,17,2,21,52,80,60,66,258,0,58,58,316
01/05/2011,CHS,SC,ASO,ES,Combined TRACON& Tower with Radar,48,77,51,60,236,0,0,3,0,3,48,77,54,60,239,0,20,20,259
01/06/2011,CHS,SC,ASO,ES,Combined TRACON& Tower with Radar,48,67,50,96,261,0,0,4,4,8,48,67,54,100,269,10,52,62,331
01/07/2011,CHS,SC,ASO,ES,Combined TRACON& Tower with Radar,54,69,37,38,198,0,0,23,2,25,54,69,60,40,223,0,34,34,257
01/08/2011,CHS,SC,ASO,ES,Combined TRACON& Tower with Radar,32,66,16,16,130,0,1,27,2,30,32,67,43,18,160,2,2,4,164
01/09/2011,CHS,SC,ASO,ES,Combined TRACON& Tower with Radar,38,65,52,25,180,0,0,20,3,23,38,65,72,28,203,2,14,16,219
01/10/2011,CHS,SC,ASO,ES,Combined TRACON& Tower with Radar,18,42,12,3,75,0,0,0,0,0,18,42,12,3,75,0,0,0,75
01/11/2011,CHS,SC,ASO,ES,Combined TRACON& Tower with Radar,22,61,25,48,156,0,0,0,2,2,22,61,25,50,158,0,20,20,178
01/12/2011,CHS,SC,ASO,ES,Combined TRACON& Tower with Radar,39,57,46,89,231,0,3,13,4,20,39,60,59,93,251,0,30,30,281
01/13/2011,CHS,SC,ASO,ES,Combined TRACON& Tower with Radar,49,81,42,72,244,0,0,30,4,34,49,81,72,76,278,4,34,38,316
01/14/2011,CHS,SC,ASO,ES,Combined TRACON& Tower with Radar,56,82,46,47,231,0,0,27,1,28,56,82,73,48,259,0,26,26,285
01/15/2011,CHS,SC,ASO,ES,Combined TRACON& Tower with Radar,36,55,27,36,154,0,0,41,5,46,36,55,68,41,200,4,6,10,210
01/16/2011,CHS,SC,ASO,ES,Combined TRACON& Tower with Radar,56,62,42,19,179,0,0,30,2,32,56,62,72,21,211,0,0,0,211
01/17/2011,CHS,SC,ASO,ES,Combined TRACON& Tower with Radar,45,67,66,7,185,0,0,10,1,11,45,67,76,8,196,6,0,6,202
01/18/2011,CHS,SC,ASO,ES,Combined TRACON& Tower with Radar,47,69,55,44,215,0,0,1,1,2,47,69,56,45,217,2,20,22,239
01/19/2011,CHS,SC,ASO,ES,Combined TRACON& Tower with Radar,51,85,72,67,275,0,0,15,2,17,51,85,87,69,292,6,78,84,376
01/20/2011,CHS,SC,ASO,ES,Combined TRACON& Tower with Radar,48,79,55,83,265,0,0,39,2,41,48,79,94,85,306,8,68,76,382
01/21/2011,CHS,SC,ASO,ES,Combined TRACON& Tower with Radar,44,72,44,47,207,0,2,21,5,28,44,74,65,52,235,12,28,40,275
01/22/2011,CHS,SC,ASO,ES,Combined TRACON& Tower with Radar,33,56,26,32,147,0,1,16,11,28,33,57,42,43,175,10,26,36,211
01/23/2011,CHS,SC,ASO,ES,Combined TRACON& Tower with Radar,43,77,50,25,195,0,1,26,4,31,43,78,76,29,226,16,16,32,258
01/24/2011,CHS,SC,ASO,ES,Combined TRACON& Tower with Radar,48,74,51,46,219,0,0,18,3,21,48,74,69,49,240,14,14,28,268
01/25/2011,CHS,SC,ASO,ES,Combined TRACON& Tower with Radar,52,73,27,48,200,0,0,0,0,0,52,73,27,48,200,2,32,34,234
01/26/2011,CHS,SC,ASO,ES,Combined TRACON& Tower with Radar,47,54,52,81,234,0,1,1,1,3,47,55,53,82,237,2,30,32,269
01/27/2011,CHS,SC,ASO,ES,Combined TRACON& Tower with Radar,44,81,51,55,231,0,2,36,5,43,44,83,87,60,274,8,58,66,340
01/28/2011,CHS,SC,ASO,ES,Combined TRACON& Tower with Radar,50,83,53,53,239,0,4,24,2,30,50,87,77,55,269,4,32,36,305
01/29/2011,CHS,SC,ASO,ES,Combined TRACON& Tower with Radar,36,55,42,25,158,0,0,47,3,50,36,55,89,28,208,18,4,22,230
01/30/2011,CHS,SC,ASO,ES,Combined TRACON& Tower with Radar,45,68,54,28,195,0,1,22,0,23,45,69,76,28,218,4,20,24,242
01/31/2011,CHS,SC,ASO,ES,Combined TRACON& Tower with Radar,44,75,30,23,172,0,0,20,0,20,44,75,50,23,192,2,10,12,204
02/01/2011,CHS,SC,ASO,ES,Combined TRACON& Tower with Radar,43,49,38,39,169,0,0,0,0,0,43,49,38,39,169,4,12,16,185
02/02/2011,CHS,SC,ASO,ES,Combined TRACON& Tower with Radar,46,63,45,49,203,0,0,18,3,21,46,63,63,52,224,2,26,28,252
02/03/2011,CHS,SC,ASO,ES,Combined TRACON& Tower with Radar,47,61,40,62,210,0,0,8,3,11,47,61,48,65,221,0,60,60,281
02/04/2011,CHS,SC,ASO,ES,Combined TRACON& Tower with Radar,50,69,26,46,191,0,0,0,0,0,50,69,26,46,191,0,18,18,209
02/05/2011,CHS,SC,ASO,ES,Combined TRACON& Tower with Radar,42,60,24,30,156,0,0,1,0,1,42,60,25,30,157,4,10,14,171
02/06/2011,CHS,SC,ASO,ES,Combined TRACON& Tower with Radar,47,64,45,13,169,0,0,12,2,14,47,64,57,15,183,6,16,22,205
02/07/2011,CHS,SC,ASO,ES,Combined TRACON& Tower with Radar,51,69,40,59,219,0,0,1,0,1,51,69,41,59,220,4,52,56,276
02/08/2011,CHS,SC,ASO,ES,Combined TRACON& Tower with Radar,53,71,55,54,233,0,0,40,9,49,53,71,95,63,282,2,40,42,324
02/09/2011,CHS,SC,ASO,ES,Combined TRACON& Tower with Radar,55,87,45,31,218,0,0,26,0,26,55,87,71,31,244,4,12,16,260
02/10/2011,CHS,SC,ASO,ES,Combined TRACON& Tower with Radar,50,85,48,75,258,0,2,5,0,7,50,87,53,75,265,2,40,42,307
02/11/2011,CHS,SC,ASO,ES,Combined TRACON& Tower with Radar,51,94,53,50,248,0,0,12,6,18,51,94,65,56,266,8,8,16,282
02/12/2011,CHS,SC,ASO,ES,Combined TRACON& Tower with Radar,33,58,28,49,168,0,0,36,9,45,33,58,64,58,213,28,42,70,283
02/13/2011,CHS,SC,ASO,ES,Combined TRACON& Tower with Radar,42,69,40,44,195,0,0,45,3,48,42,69,85,47,243,8,14,22,265
02/14/2011,CHS,SC,ASO,ES,Combined TRACON& Tower with Radar,47,67,24,36,174,0,1,18,3,22,47,68,42,39,196,2,14,16,212
02/15/2011,CHS,SC,ASO,ES,Combined TRACON& Tower with Radar,47,74,39,70,230,0,1,29,1,31,47,75,68,71,261,0,54,54,315
02/16/2011,CHS,SC,ASO,ES,Combined TRACON& Tower with Radar,47,79,44,41,211,0,1,34,3,38,47,80,78,44,249,4,16,20,269
02/17/2011,CHS,SC,ASO,ES,Combined TRACON& Tower with Radar,51,86,72,42,251,0,0,22,4,26,51,86,94,46,277,4,48,52,329
02/18/2011,CHS,SC,ASO,ES,Combined TRACON& Tower with Radar,52,86,80,25,243,0,3,43,8,54,52,89,123,33,297,8,20,28,325
02/19/2011,CHS,SC,ASO,ES,Combined TRACON& Tower with Radar,43,55,34,42,174,0,0,38,5,43,43,55,72,47,217,10,80,90,307
02/20/2011,CHS,SC,ASO,ES,Combined TRACON& Tower with Radar,48,62,59,63,232,0,0,33,1,34,48,62,92,64,266,2,72,74,340
02/21/2011,CHS,SC,ASO,ES,Combined TRACON& Tower with Radar,55,71,46,47,219,0,0,19,7,26,55,71,65,54,245,12,58,70,315
02/22/2011,CHS,SC,ASO,ES,Combined TRACON& Tower with Radar,54,71,49,60,234,0,0,19,0,19,54,71,68,60,253,2,44,46,299
02/23/2011,CHS,SC,ASO,ES,Combined TRACON& Tower with Radar,51,69,79,54,253,0,0,21,9,30,51,69,100,63,283,2,30,32,315
02/24/2011,CHS,SC,ASO,ES,Combined TRACON& Tower with Radar,52,86,77,49,264,0,0,28,5,33,52,86,105,54,297,12,42,54,351
02/25/2011,CHS,SC,ASO,ES,Combined TRACON& Tower with Radar,53,78,39,46,216,0,1,9,1,11,53,79,48,47,227,0,10,10,237
02/26/2011,CHS,SC,ASO,ES,Combined TRACON& Tower with Radar,41,64,55,56,216,0,0,34,5,39,41,64,89,61,255,6,68,74,329
02/27/2011,CHS,SC,ASO,ES,Combined TRACON& Tower with Radar,51,67,45,19,182,0,0,20,2,22,51,67,65,21,204,0,0,0,204
02/28/2011,CHS,SC,ASO,ES,Combined TRACON& Tower with Radar,64,88,26,49,227,0,0,7,0,7,64,88,33,49,234,24,56,80,314
03/01/2011,CHS,SC,ASO,ES,Combined TRACON& Tower with Radar,58,74,47,70,249,0,1,28,5,34,58,75,75,75,283,2,36,38,321
03/02/2011,CHS,SC,ASO,ES,Combined TRACON& Tower with Radar,65,69,50,55,239,0,1,38,4,43,65,70,88,59,282,2,46,48,330
03/03/2011,CHS,SC,ASO,ES,Combined TRACON& Tower with Radar,56,95,62,49,262,0,1,35,2,38,56,96,97,51,300,8,26,34,334
03/04/2011,CHS,SC,ASO,ES,Combined TRACON& Tower with Radar,64,93,78,34,269,0,2,22,1,25,64,95,100,35,294,16,30,46,340
03/05/2011,CHS,SC,ASO,ES,Combined TRACON& Tower with Radar,56,68,30,43,197,0,0,28,3,31,56,68,58,46,228,18,48,66,294
03/06/2011,CHS,SC,ASO,ES,Combined TRACON& Tower with Radar,51,77,44,19,191,0,0,2,1,3,51,77,46,20,194,0,0,0,194
03/07/2011,CHS,SC,ASO,ES,Combined TRACON& Tower with Radar,64,96,39,43,242,0,1,33,0,34,64,97,72,43,276,4,38,42,318
03/08/2011,CHS,SC,ASO,ES,Combined TRACON& Tower with Radar,61,86,53,71,271,0,0,31,0,31,61,86,84,71,302,2,62,64,366
03/09/2011,CHS,SC,ASO,ES,Combined TRACON& Tower with Radar,61,83,34,54,232,0,0,12,0,12,61,83,46,54,244,0,46,46,290
03/10/2011,CHS,SC,ASO,ES,Combined TRACON& Tower with Radar,63,78,46,80,267,0,1,6,0,7,63,79,52,80,274,6,50,56,330
03/11/2011,CHS,SC,ASO,ES,Combined TRACON& Tower with Radar,62,84,56,49,251,0,2,37,3,42,62,86,93,52,293,6,32,38,331
03/12/2011,CHS,SC,ASO,ES,Combined TRACON& Tower with Radar,50,63,41,42,196,0,0,46,9,55,50,63,87,51,251,14,38,52,303
03/13/2011,CHS,SC,ASO,ES,Combined TRACON& Tower with Radar,78,74,52,15,219,0,0,40,2,42,78,74,92,17,261,6,4,10,271
03/14/2011,CHS,SC,ASO,ES,Combined TRACON& Tower with Radar,73,96,33,48,250,0,3,35,1,39,73,99,68,49,289,4,30,34,323
03/15/2011,CHS,SC,ASO,ES,Combined TRACON& Tower with Radar,81,80,69,30,260,0,1,12,7,20,81,81,81,37,280,14,26,40,320
03/16/2011,CHS,SC,ASO,ES,Combined TRACON& Tower with Radar,75,77,59,48,259,0,0,26,9,35,75,77,85,57,294,6,54,60,354
03/17/2011,CHS,SC,ASO,ES,Combined TRACON& Tower with Radar,80,91,46,32,249,0,1,47,7,55,80,92,93,39,304,4,6,10,314
03/18/2011,CHS,SC,ASO,ES,Combined TRACON& Tower with Radar,83,99,82,44,308,0,0,39,6,45,83,99,121,50,353,0,16,16,369
03/19/2011,CHS,SC,ASO,ES,Combined TRACON& Tower with Radar,64,71,63,18,216,0,0,35,8,43,64,71,98,26,259,16,18,34,293
03/20/2011,CHS,SC,ASO,ES,Combined TRACON& Tower with Radar,80,77,67,18,242,0,0,11,0,11,80,77,78,18,253,0,8,8,261
03/21/2011,CHS,SC,ASO,ES,Combined TRACON& Tower with Radar,72,84,36,44,236,0,0,27,0,27,72,84,63,44,263,4,50,54,317
03/22/2011,CHS,SC,ASO,ES,Combined TRACON& Tower with Radar,73,86,68,41,268,0,0,28,3,31,73,86,96,44,299,4,22,26,325
03/23/2011,CHS,SC,ASO,ES,Combined TRACON& Tower with Radar,67,69,51,50,237,0,0,15,3,18,67,69,66,53,255,0,26,26,281
03/24/2011,CHS,SC,ASO,ES,Combined TRACON& Tower with Radar,71,103,61,33,268,0,6,15,3,24,71,109,76,36,292,0,16,16,308
03/25/2011,CHS,SC,ASO,ES,Combined TRACON& Tower with Radar,68,84,73,38,263,0,1,34,5,40,68,85,107,43,303,8,24,32,335
03/26/2011,CHS,SC,ASO,ES,Combined TRACON& Tower with Radar,64,68,39,13,184,0,0,27,8,35,64,68,66,21,219,0,2,2,221
03/27/2011,CHS,SC,ASO,ES,Combined TRACON& Tower with Radar,65,82,56,12,215,0,0,0,0,0,65,82,56,12,215,2,0,2,217
03/28/2011,CHS,SC,ASO,ES,Combined TRACON& Tower with Radar,68,80,62,31,241,0,0,0,0,0,68,80,62,31,241,0,4,4,245
03/29/2011,CHS,SC,ASO,ES,Combined TRACON& Tower with Radar,67,79,74,42,262,0,0,36,2,38,67,79,110,44,300,2,8,10,310
03/30/2011,CHS,SC,ASO,ES,Combined TRACON& Tower with Radar,66,74,41,49,230,0,0,0,0,0,66,74,41,49,230,2,38,40,270
03/31/2011,CHS,SC,ASO,ES,Combined TRACON& Tower with Radar,64,92,54,57,267,0,0,0,0,0,64,92,54,57,267,0,40,40,307
04/01/2011,CHS,SC,ASO,ES,Combined TRACON& Tower with Radar,73,96,104,40,313,0,0,27,8,35,73,96,131,48,348,12,62,74,422
04/02/2011,CHS,SC,ASO,ES,Combined TRACON& Tower with Radar,55,68,52,36,211,0,0,17,4,21,55,68,69,40,232,0,44,44,276
04/03/2011,CHS,SC,ASO,ES,Combined TRACON& Tower with Radar,56,101,89,17,263,0,0,44,3,47,56,101,133,20,310,4,12,16,326
04/04/2011,CHS,SC,ASO,ES,Combined TRACON& Tower with Radar,63,78,36,39,216,0,0,20,5,25,63,78,56,44,241,6,24,30,271
04/05/2011,CHS,SC,ASO,ES,Combined TRACON& Tower with Radar,65,91,16,30,202,0,0,5,0,5,65,91,21,30,207,0,8,8,215
04/06/2011,CHS,SC,ASO,ES,Combined TRACON& Tower with Radar,64,88,50,29,231,0,1,45,3,49,64,89,95,32,280,28,4,32,312
04/07/2011,CHS,SC,ASO,ES,Combined TRACON& Tower with Radar,64,98,68,15,245,0,1,42,24,67,64,99,110,39,312,2,26,28,340
04/08/2011,CHS,SC,ASO,ES,Combined TRACON& Tower with Radar,58,67,41,25,191,0,1,26,24,51,58,68,67,49,242,20,42,62,304
04/09/2011,CHS,SC,ASO,ES,Combined TRACON& Tower with Radar,64,65,22,3,154,0,1,7,15,23,64,66,29,18,177,2,18,20,197
04/10/2011,CHS,SC,ASO,ES,Combined TRACON& Tower with Radar,60,85,54,24,223,0,0,20,6,26,60,85,74,30,249,4,8,12,261
04/11/2011,CHS,SC,ASO,ES,Combined TRACON& Tower with Radar,62,93,50,41,246,0,0,22,5,27,62,93,72,46,273,8,40,48,321
04/12/2011,CHS,SC,ASO,ES,Combined TRACON& Tower with Radar,68,77,45,39,229,0,2,19,7,28,68,79,64,46,257,10,22,32,289
04/13/2011,CHS,SC,ASO,ES,Combined TRACON& Tower with Radar,67,99,57,45,268,0,0,56,4,60,67,99,113,49,328,4,20,24,352
04/14/2011,CHS,SC,ASO,ES,Combined TRACON& Tower with Radar,67,109,52,78,306,0,0,35,1,36,67,109,87,79,342,0,44,44,386
04/15/2011,CHS,SC,ASO,ES,Combined TRACON& Tower with Radar,65,95,59,28,247,0,3,35,9,47,65,98,94,37,294,4,8,12,306
04/16/2011,CHS,SC,ASO,ES,Combined TRACON& Tower with Radar,62,59,28,16,165,0,0,4,0,4,62,59,32,16,169,0,8,8,177
04/17/2011,CHS,SC,ASO,ES,Combined TRACON& Tower with Radar,66,83,58,10,217,0,1,31,4,36,66,84,89,14,253,6,0,6,259
04/18/2011,CHS,SC,ASO,ES,Combined TRACON& Tower with Radar,59,90,47,41,237,0,0,27,0,27,59,90,74,41,264,0,20,20,284
04/19/2011,CHS,SC,ASO,ES,Combined TRACON& Tower with Radar,64,83,40,62,249,0,0,26,6,32,64,83,66,68,281,6,48,54,335
04/20/2011,CHS,SC,ASO,ES,Combined TRACON& Tower with Radar,59,89,69,38,255,0,0,30,4,34,59,89,99,42,289,2,22,24,313
04/21/2011,CHS,SC,ASO,ES,Combined TRACON& Tower with Radar,70,123,66,51,310,0,0,10,1,11,70,123,76,52,321,16,42,58,379
04/22/2011,CHS,SC,ASO,ES,Combined TRACON& Tower with Radar,67,87,48,41,243,0,0,1,2,3,67,87,49,43,246,0,6,6,252
04/23/2011,CHS,SC,ASO,ES,Combined TRACON& Tower with Radar,52,73,40,7,172,0,1,11,8,20,52,74,51,15,192,2,0,2,194
04/24/2011,CHS,SC,ASO,ES,Combined TRACON& Tower with Radar,60,84,67,5,216,0,0,8,0,8,60,84,75,5,224,6,0,6,230
04/25/2011,CHS,SC,ASO,ES,Combined TRACON& Tower with Radar,65,88,60,52,265,0,0,25,4,29,65,88,85,56,294,0,34,34,328
04/26/2011,CHS,SC,ASO,ES,Combined TRACON& Tower with Radar,68,82,54,47,251,0,1,11,1,13,68,83,65,48,264,8,36,44,308
04/27/2011,CHS,SC,ASO,ES,Combined TRACON& Tower with Radar,58,91,47,63,259,0,0,5,2,7,58,91,52,65,266,0,30,30,296
04/28/2011,CHS,SC,ASO,ES,Combined TRACON& Tower with Radar,65,77,30,22,194,0,1,3,0,4,65,78,33,22,198,2,6,8,206
04/29/2011,CHS,SC,ASO,ES,Combined TRACON& Tower with Radar,63,95,63,71,292,0,4,39,7,50,63,99,102,78,342,2,26,28,370
04/30/2011,CHS,SC,ASO,ES,Combined TRACON& Tower with Radar,54,76,50,38,218,0,0,25,6,31,54,76,75,44,249,10,74,84,333
05/01/2011,CHS,SC,ASO,ES,Combined TRACON& Tower with Radar,62,81,59,36,238,0,1,36,0,37,62,82,95,36,275,6,34,40,315
05/02/2011,CHS,SC,ASO,ES,Combined TRACON& Tower with Radar,66,84,52,58,260,0,0,24,4,28,66,84,76,62,288,6,50,56,344
05/03/2011,CHS,SC,ASO,ES,Combined TRACON& Tower with Radar,68,92,40,56,256,0,1,28,2,31,68,93,68,58,287,0,74,74,361
05/04/2011,CHS,SC,ASO,ES,Combined TRACON& Tower with Radar,68,80,54,42,244,0,1,11,3,15,68,81,65,45,259,2,14,16,275
05/05/2011,CHS,SC,ASO,ES,Combined TRACON& Tower with Radar,73,98,52,33,256,0,0,32,3,35,73,98,84,36,291,4,18,22,313
05/06/2011,CHS,SC,ASO,ES,Combined TRACON& Tower with Radar,69,88,72,37,266,0,2,19,2,23,69,90,91,39,289,4,6,10,299
05/07/2011,CHS,SC,ASO,ES,Combined TRACON& Tower with Radar,60,72,43,19,194,0,0,31,6,37,60,72,74,25,231,2,8,10,241
05/08/2011,CHS,SC,ASO,ES,Combined TRACON& Tower with Radar,68,86,42,11,207,0,0,31,1,32,68,86,73,12,239,4,2,6,245
05/09/2011,CHS,SC,ASO,ES,Combined TRACON& Tower with Radar,64,91,25,28,208,0,0,19,1,20,64,91,44,29,228,4,22,26,254
05/10/2011,CHS,SC,ASO,ES,Combined TRACON& Tower with Radar,66,82,41,36,225,0,0,23,4,27,66,82,64,40,252,2,26,28,280
05/11/2011,CHS,SC,ASO,ES,Combined TRACON& Tower with Radar,65,89,55,41,250,0,1,16,4,21,65,90,71,45,271,8,20,28,299
05/12/2011,CHS,SC,ASO,ES,Combined TRACON& Tower with Radar,65,93,76,48,282,0,0,14,3,17,65,93,90,51,299,10,44,54,353
05/13/2011,CHS,SC,ASO,ES,Combined TRACON& Tower with Radar,72,85,60,40,257,0,3,33,3,39,72,88,93,43,296,10,20,30,326
05/14/2011,CHS,SC,ASO,ES,Combined TRACON& Tower with Radar,69,77,32,15,193,0,1,8,7,16,69,78,40,22,209,16,6,22,231
05/15/2011,CHS,SC,ASO,ES,Combined TRACON& Tower with Radar,67,84,65,17,233,0,0,16,4,20,67,84,81,21,253,18,0,18,271
05/16/2011,CHS,SC,ASO,ES,Combined TRACON& Tower with Radar,65,88,46,47,246,0,0,27,7,34,65,88,73,54,280,0,40,40,320
05/17/2011,CHS,SC,ASO,ES,Combined TRACON& Tower with Radar,66,86,53,61,266,0,0,16,0,16,66,86,69,61,282,6,34,40,322
05/18/2011,CHS,SC,ASO,ES,Combined TRACON& Tower with Radar,65,79,60,44,248,0,0,42,0,42,65,79,102,44,290,6,34,40,330
05/19/2011,CHS,SC,ASO,ES,Combined TRACON& Tower with Radar,67,87,55,49,258,0,2,25,4,31,67,89,80,53,289,2,32,34,323
05/20/2011,CHS,SC,ASO,ES,Combined TRACON& Tower with Radar,70,84,58,57,269,0,0,34,2,36,70,84,92,59,305,18,50,68,373
05/21/2011,CHS,SC,ASO,ES,Combined TRACON& Tower with Radar,61,70,34,10,175,0,0,47,9,56,61,70,81,19,231,8,6,14,245
05/22/2011,CHS,SC,ASO,ES,Combined TRACON& Tower with Radar,67,77,32,21,197,0,1,16,0,17,67,78,48,21,214,0,14,14,228
05/23/2011,CHS,SC,ASO,ES,Combined TRACON& Tower with Radar,63,76,39,62,240,0,0,20,1,21,63,76,59,63,261,4,46,50,311
05/24/2011,CHS,SC,ASO,ES,Combined TRACON& Tower with Radar,68,83,39,75,265,0,0,28,7,35,68,83,67,82,300,0,70,70,370
05/25/2011,CHS,SC,ASO,ES,Combined TRACON& Tower with Radar,67,82,51,91,291,0,0,27,4,31,67,82,78,95,322,0,82,82,404
05/26/2011,CHS,SC,ASO,ES,Combined TRACON& Tower with Radar,62,104,80,24,270,0,0,26,1,27,62,104,106,25,297,4,4,8,305
05/27/2011,CHS,SC,ASO,ES,Combined TRACON& Tower with Radar,65,109,64,20,258,0,1,11,3,15,65,110,75,23,273,6,2,8,281
05/28/2011,CHS,SC,ASO,ES,Combined TRACON& Tower with Radar,65,72,20,15,172,0,2,15,0,17,65,74,35,15,189,8,4,12,201
05/29/2011,CHS,SC,ASO,ES,Combined TRACON& Tower with Radar,65,71,15,8,159,0,1,21,0,22,65,72,36,8,181,0,0,0,181
05/30/2011,CHS,SC,ASO,ES,Combined TRACON& Tower with Radar,61,90,39,14,204,0,1,32,0,33,61,91,71,14,237,0,2,2,239
05/31/2011,CHS,SC,ASO,ES,Combined TRACON& Tower with Radar,70,96,51,67,284,0,0,25,2,27,70,96,76,69,311,16,20,36,347
06/01/2011,CHS,SC,ASO,ES,Combined TRACON& Tower with Radar,70,88,45,44,247,0,2,20,0,22,70,90,65,44,269,2,40,42,311
06/02/2011,CHS,SC,ASO,ES,Combined TRACON& Tower with Radar,66,92,49,29,236,0,0,18,0,18,66,92,67,29,254,2,16,18,272
06/03/2011,CHS,SC,ASO,ES,Combined TRACON& Tower with Radar,65,92,54,69,280,0,0,39,2,41,65,92,93,71,321,6,48,54,375
06/04/2011,CHS,SC,ASO,ES,Combined TRACON& Tower with Radar,64,70,33,31,198,0,0,17,5,22,64,70,50,36,220,2,14,16,236
06/05/2011,CHS,SC,ASO,ES,Combined TRACON& Tower with Radar,76,79,42,20,217,0,1,13,1,15,76,80,55,21,232,0,2,2,234
06/06/2011,CHS,SC,ASO,ES,Combined TRACON& Tower with Radar,64,95,35,79,273,0,1,22,7,30,64,96,57,86,303,0,86,86,389
06/07/2011,CHS,SC,ASO,ES,Combined TRACON& Tower with Radar,64,94,43,56,257,0,2,30,1,33,64,96,73,57,290,2,26,28,318
06/08/2011,CHS,SC,ASO,ES,Combined TRACON& Tower with Radar,64,85,48,75,272,0,1,32,3,36,64,86,80,78,308,0,64,64,372
06/09/2011,CHS,SC,ASO,ES,Combined TRACON& Tower with Radar,65,67,54,55,241,0,2,35,3,40,65,69,89,58,281,0,12,12,293
06/10/2011,CHS,SC,ASO,ES,Combined TRACON& Tower with Radar,73,86,58,54,271,0,2,30,10,42,73,88,88,64,313,8,16,24,337
06/11/2011,CHS,SC,ASO,ES,Combined TRACON& Tower with Radar,72,61,38,29,200,0,0,29,11,40,72,61,67,40,240,16,20,36,276
06/12/2011,CHS,SC,ASO,ES,Combined TRACON& Tower with Radar,67,74,41,33,215,0,1,13,8,22,67,75,54,41,237,4,12,16,253
06/13/2011,CHS,SC,ASO,ES,Combined TRACON& Tower with Radar,76,81,33,33,223,0,0,21,5,26,76,81,54,38,249,0,18,18,267
06/14/2011,CHS,SC,ASO,ES,Combined TRACON& Tower with Radar,66,82,59,69,276,0,1,29,4,34,66,83,88,73,310,14,34,48,358
06/15/2011,CHS,SC,ASO,ES,Combined TRACON& Tower with Radar,68,79,38,65,250,0,0,28,8,36,68,79,66,73,286,4,24,28,314
06/16/2011,CHS,SC,ASO,ES,Combined TRACON& Tower with Radar,69,83,41,35,228,0,0,28,3,31,69,83,69,38,259,4,8,12,271
06/17/2011,CHS,SC,ASO,ES,Combined TRACON& Tower with Radar,70,86,44,34,234,0,2,31,1,34,70,88,75,35,268,6,24,30,298
06/18/2011,CHS,SC,ASO,ES,Combined TRACON& Tower with Radar,70,67,47,25,209,0,0,24,0,24,70,67,71,25,233,4,12,16,249
06/19/2011,CHS,SC,ASO,ES,Combined TRACON& Tower with Radar,67,79,29,12,187,0,0,22,0,22,67,79,51,12,209,0,0,0,209
06/20/2011,CHS,SC,ASO,ES,Combined TRACON& Tower with Radar,69,80,47,33,229,0,0,17,2,19,69,80,64,35,248,4,6,10,258
06/21/2011,CHS,SC,ASO,ES,Combined TRACON& Tower with Radar,65,78,49,36,228,0,0,34,4,38,65,78,83,40,266,0,10,10,276
06/22/2011,CHS,SC,ASO,ES,Combined TRACON& Tower with Radar,70,71,46,47,234,0,0,43,0,43,70,71,89,47,277,4,48,52,329
06/23/2011,CHS,SC,ASO,ES,Combined TRACON& Tower with Radar,70,78,54,38,240,0,0,13,2,15,70,78,67,40,255,2,44,46,301
06/24/2011,CHS,SC,ASO,ES,Combined TRACON& Tower with Radar,69,79,47,62,257,0,1,22,5,28,69,80,69,67,285,8,44,52,337
06/25/2011,CHS,SC,ASO,ES,Combined TRACON& Tower with Radar,72,75,29,47,223,0,0,21,2,23,72,75,50,49,246,2,18,20,266
06/26/2011,CHS,SC,ASO,ES,Combined TRACON& Tower with Radar,60,70,57,20,207,0,2,38,3,43,60,72,95,23,250,42,2,44,294
06/27/2011,CHS,SC,ASO,ES,Combined TRACON& Tower with Radar,72,77,54,91,294,0,2,17,2,21,72,79,71,93,315,14,24,38,353
06/28/2011,CHS,SC,ASO,ES,Combined TRACON& Tower with Radar,58,79,39,47,223,0,4,26,2,32,58,83,65,49,255,2,52,54,309
06/29/2011,CHS,SC,ASO,ES,Combined TRACON& Tower with Radar,68,97,57,40,262,0,0,28,3,31,68,97,85,43,293,2,20,22,315
06/30/2011,CHS,SC,ASO,ES,Combined TRACON& Tower with Radar,71,82,74,39,266,0,1,24,5,30,71,83,98,44,296,8,14,22,318
07/01/2011,CHS,SC,ASO,ES,Combined TRACON& Tower with Radar,72,89,52,10,223,0,3,21,2,26,72,92,73,12,249,0,0,0,249
07/02/2011,CHS,SC,ASO,ES,Combined TRACON& Tower with Radar,66,70,32,6,174,0,1,27,0,28,66,71,59,6,202,0,0,0,202
07/03/2011,CHS,SC,ASO,ES,Combined TRACON& Tower with Radar,54,61,21,8,144,0,4,23,0,27,54,65,44,8,171,4,0,4,175
07/04/2011,CHS,SC,ASO,ES,Combined TRACON& Tower with Radar,71,63,19,1,154,0,6,8,4,18,71,69,27,5,172,0,0,0,172
07/05/2011,CHS,SC,ASO,ES,Combined TRACON& Tower with Radar,80,75,37,38,230,0,0,28,1,29,80,75,65,39,259,2,24,26,285
07/06/2011,CHS,SC,ASO,ES,Combined TRACON& Tower with Radar,81,78,37,51,247,0,1,12,1,14,81,79,49,52,261,0,48,48,309
07/07/2011,CHS,SC,ASO,ES,Combined TRACON& Tower with Radar,71,79,55,44,249,0,1,32,6,39,71,80,87,50,288,8,24,32,320
07/08/2011,CHS,SC,ASO,ES,Combined TRACON& Tower with Radar,69,68,39,39,215,0,3,5,3,11,69,71,44,42,226,4,10,14,240
07/09/2011,CHS,SC,ASO,ES,Combined TRACON& Tower with Radar,63,59,23,26,171,0,0,13,4,17,63,59,36,30,188,0,0,0,188
07/10/2011,CHS,SC,ASO,ES,Combined TRACON& Tower with Radar,69,76,37,30,212,0,1,8,3,12,69,77,45,33,224,10,12,22,246
07/11/2011,CHS,SC,ASO,ES,Combined TRACON& Tower with Radar,69,73,47,51,240,0,3,22,3,28,69,76,69,54,268,0,38,38,306
07/12/2011,CHS,SC,ASO,ES,Combined TRACON& Tower with Radar,71,77,38,71,257,0,2,29,3,34,71,79,67,74,291,2,42,44,335
07/13/2011,CHS,SC,ASO,ES,Combined TRACON& Tower with Radar,74,82,53,29,238,0,0,21,1,22,74,82,74,30,260,4,8,12,272
07/14/2011,CHS,SC,ASO,ES,Combined TRACON& Tower with Radar,67,94,31,32,224,0,0,12,5,17,67,94,43,37,241,2,8,10,251
07/15/2011,CHS,SC,ASO,ES,Combined TRACON& Tower with Radar,72,80,39,45,236,0,1,15,7,23,72,81,54,52,259,0,4,4,263
07/16/2011,CHS,SC,ASO,ES,Combined TRACON& Tower with Radar,66,71,27,36,200,0,0,12,9,21,66,71,39,45,221,4,42,46,267
07/17/2011,CHS,SC,ASO,ES,Combined TRACON& Tower with Radar,72,67,28,14,181,0,2,22,1,25,72,69,50,15,206,2,16,18,224
07/18/2011,CHS,SC,ASO,ES,Combined TRACON& Tower with Radar,70,76,47,47,240,0,1,20,9,30,70,77,67,56,270,10,18,28,298
07/19/2011,CHS,SC,ASO,ES,Combined TRACON& Tower with Radar,65,86,34,37,222,0,3,25,6,34,65,89,59,43,256,0,34,34,290
07/20/2011,CHS,SC,ASO,ES,Combined TRACON& Tower with Radar,66,81,44,53,244,0,3,28,4,35,66,84,72,57,279,0,34,34,313
07/21/2011,CHS,SC,ASO,ES,Combined TRACON& Tower with Radar,75,88,39,52,254,0,1,21,4,26,75,89,60,56,280,0,40,40,320
07/22/2011,CHS,SC,ASO,ES,Combined TRACON& Tower with Radar,70,96,43,53,262,0,3,28,8,39,70,99,71,61,301,10,42,52,353
07/23/2011,CHS,SC,ASO,ES,Combined TRACON& Tower with Radar,70,71,29,19,189,0,2,9,7,18,70,73,38,26,207,0,6,6,213
07/24/2011,CHS,SC,ASO,ES,Combined TRACON& Tower with Radar,69,65,33,23,190,0,4,14,3,21,69,69,47,26,211,0,8,8,219
07/25/2011,CHS,SC,ASO,ES,Combined TRACON& Tower with Radar,67,72,26,26,191,0,3,20,5,28,67,75,46,31,219,10,6,16,235
07/26/2011,CHS,SC,ASO,ES,Combined TRACON& Tower with Radar,74,88,35,15,212,0,0,1,2,3,74,88,36,17,215,0,0,0,215
07/27/2011,CHS,SC,ASO,ES,Combined TRACON& Tower with Radar,70,83,56,25,234,0,1,14,4,19,70,84,70,29,253,0,2,2,255
07/28/2011,CHS,SC,ASO,ES,Combined TRACON& Tower with Radar,68,78,49,46,241,0,1,34,4,39,68,79,83,50,280,8,16,24,304
07/29/2011,CHS,SC,ASO,ES,Combined TRACON& Tower with Radar,74,77,46,24,221,0,2,32,5,39,74,79,78,29,260,0,18,18,278
07/30/2011,CHS,SC,ASO,ES,Combined TRACON& Tower with Radar,66,73,22,23,184,0,4,20,2,26,66,77,42,25,210,2,16,18,228
07/31/2011,CHS,SC,ASO,ES,Combined TRACON& Tower with Radar,65,71,27,13,176,0,0,12,2,14,65,71,39,15,190,2,10,12,202
08/01/2011,CHS,SC,ASO,ES,Combined TRACON& Tower with Radar,72,78,31,36,217,0,3,13,3,19,72,81,44,39,236,4,0,4,240
08/02/2011,CHS,SC,ASO,ES,Combined TRACON& Tower with Radar,73,79,56,37,245,0,1,26,4,31,73,80,82,41,276,8,22,30,306
08/03/2011,CHS,SC,ASO,ES,Combined TRACON& Tower with Radar,71,87,49,20,227,0,2,33,6,41,71,89,82,26,268,0,2,2,270
08/04/2011,CHS,SC,ASO,ES,Combined TRACON& Tower with Radar,68,93,41,64,266,0,1,34,5,40,68,94,75,69,306,2,26,28,334
08/05/2011,CHS,SC,ASO,ES,Combined TRACON& Tower with Radar,77,85,49,35,246,0,1,25,5,31,77,86,74,40,277,0,46,46,323
08/06/2011,CHS,SC,ASO,ES,Combined TRACON& Tower with Radar,65,72,17,16,170,0,0,13,1,14,65,72,30,17,184,4,0,4,188
08/07/2011,CHS,SC,ASO,ES,Combined TRACON& Tower with Radar,65,73,31,19,188,0,4,14,1,19,65,77,45,20,207,0,0,0,207
08/08/2011,CHS,SC,ASO,ES,Combined TRACON& Tower with Radar,67,82,26,77,252,0,1,32,2,35,67,83,58,79,287,0,20,20,307
08/09/2011,CHS,SC,ASO,ES,Combined TRACON& Tower with Radar,78,74,29,49,230,0,0,28,0,28,78,74,57,49,258,6,32,38,296
08/10/2011,CHS,SC,ASO,ES,Combined TRACON& Tower with Radar,68,86,70,52,276,0,2,29,3,34,68,88,99,55,310,26,54,80,390
08/11/2011,CHS,SC,ASO,ES,Combined TRACON& Tower with Radar,69,83,37,36,225,0,2,49,1,52,69,85,86,37,277,0,32,32,309
08/12/2011,CHS,SC,ASO,ES,Combined TRACON& Tower with Radar,75,94,44,45,258,0,0,14,3,17,75,94,58,48,275,8,14,22,297
08/13/2011,CHS,SC,ASO,ES,Combined TRACON& Tower with Radar,64,69,32,25,190,0,1,10,5,16,64,70,42,30,206,2,30,32,238
08/14/2011,CHS,SC,ASO,ES,Combined TRACON& Tower with Radar,64,62,36,14,176,0,0,7,4,11,64,62,43,18,187,8,28,36,223
08/15/2011,CHS,SC,ASO,ES,Combined TRACON& Tower with Radar,63,88,69,49,269,0,2,27,2,31,63,90,96,51,300,16,30,46,346
08/16/2011,CHS,SC,ASO,ES,Combined TRACON& Tower with Radar,71,79,32,53,235,0,2,41,9,52,71,81,73,62,287,10,58,68,355
08/17/2011,CHS,SC,ASO,ES,Combined TRACON& Tower with Radar,70,73,34,53,230,0,1,24,2,27,70,74,58,55,257,8,16,24,281
08/18/2011,CHS,SC,ASO,ES,Combined TRACON& Tower with Radar,66,84,29,50,229,0,3,10,4,17,66,87,39,54,246,0,38,38,284
08/19/2011,CHS,SC,ASO,ES,Combined TRACON& Tower with Radar,68,80,44,37,229,0,1,32,3,36,68,81,76,40,265,32,22,54,319
08/20/2011,CHS,SC,ASO,ES,Combined TRACON& Tower with Radar,63,64,30,9,166,0,1,28,0,29,63,65,58,9,195,4,0,4,199
08/21/2011,CHS,SC,ASO,ES,Combined TRACON& Tower with Radar,63,72,36,12,183,0,0,18,0,18,63,72,54,12,201,2,4,6,207
08/22/2011,CHS,SC,ASO,ES,Combined TRACON& Tower with Radar,70,87,21,39,217,0,1,11,1,13,70,88,32,40,230,2,22,24,254
08/23/2011,CHS,SC,ASO,ES,Combined TRACON& Tower with Radar,74,76,35,44,229,0,3,16,5,24,74,79,51,49,253,2,16,18,271
08/24/2011,CHS,SC,ASO,ES,Combined TRACON& Tower with Radar,70,86,38,50,244,0,1,6,4,11,70,87,44,54,255,6,22,28,283
08/25/2011,CHS,SC,ASO,ES,Combined TRACON& Tower with Radar,74,84,37,33,228,0,2,9,11,22,74,86,46,44,250,0,6,6,256
08/26/2011,CHS,SC,ASO,ES,Combined TRACON& Tower with Radar,59,70,17,30,176,0,0,0,0,0,59,70,17,30,176,4,18,22,198
08/27/2011,CHS,SC,ASO,ES,Combined TRACON& Tower with Radar,53,51,14,16,134,0,3,3,7,13,53,54,17,23,147,0,0,0,147
08/28/2011,CHS,SC,ASO,ES,Combined TRACON& Tower with Radar,57,48,21,11,137,0,1,22,4,27,57,49,43,15,164,6,0,6,170
08/29/2011,CHS,SC,ASO,ES,Combined TRACON& Tower with Radar,59,75,27,43,204,0,1,14,8,23,59,76,41,51,227,0,14,14,241
08/30/2011,CHS,SC,ASO,ES,Combined TRACON& Tower with Radar,61,89,54,58,262,0,5,15,3,23,61,94,69,61,285,0,56,56,341
08/31/2011,CHS,SC,ASO,ES,Combined TRACON& Tower with Radar,66,80,37,37,220,0,2,16,9,27,66,82,53,46,247,4,14,18,265
09/01/2011,CHS,SC,ASO,ES,Combined TRACON& Tower with Radar,68,97,41,26,232,0,0,32,4,36,68,97,73,30,268,8,10,18,286
09/02/2011,CHS,SC,ASO,ES,Combined TRACON& Tower with Radar,69,89,50,18,226,0,5,28,2,35,69,94,78,20,261,10,12,22,283
09/03/2011,CHS,SC,ASO,ES,Combined TRACON& Tower with Radar,53,51,27,8,139,0,0,20,2,22,53,51,47,10,161,2,0,2,163
09/04/2011,CHS,SC,ASO,ES,Combined TRACON& Tower with Radar,56,48,22,8,134,0,3,14,3,20,56,51,36,11,154,2,0,2,156
09/05/2011,CHS,SC,ASO,ES,Combined TRACON& Tower with Radar,64,82,36,5,187,0,1,6,1,8,64,83,42,6,195,16,4,20,215
09/06/2011,CHS,SC,ASO,ES,Combined TRACON& Tower with Radar,62,81,23,28,194,0,1,1,3,5,62,82,24,31,199,0,32,32,231
09/07/2011,CHS,SC,ASO,ES,Combined TRACON& Tower with Radar,58,82,65,60,265,0,5,25,11,41,58,87,90,71,306,10,60,70,376
09/08/2011,CHS,SC,ASO,ES,Combined TRACON& Tower with Radar,66,82,40,29,217,0,1,31,5,37,66,83,71,34,254,12,4,16,270
09/09/2011,CHS,SC,ASO,ES,Combined TRACON& Tower with Radar,64,101,76,44,285,0,3,37,10,50,64,104,113,54,335,6,36,42,377
09/10/2011,CHS,SC,ASO,ES,Combined TRACON& Tower with Radar,56,57,35,29,177,0,3,30,6,39,56,60,65,35,216,2,18,20,236
09/11/2011,CHS,SC,ASO,ES,Combined TRACON& Tower with Radar,58,82,41,13,194,0,3,31,2,36,58,85,72,15,230,12,2,14,244
09/12/2011,CHS,SC,ASO,ES,Combined TRACON& Tower with Radar,61,80,52,40,233,0,1,13,7,21,61,81,65,47,254,4,14,18,272
09/13/2011,CHS,SC,ASO,ES,Combined TRACON& Tower with Radar,63,79,37,56,235,0,0,33,6,39,63,79,70,62,274,0,22,22,296
09/14/2011,CHS,SC,ASO,ES,Combined TRACON& Tower with Radar,59,91,41,44,235,0,1,28,8,37,59,92,69,52,272,10,36,46,318
09/15/2011,CHS,SC,ASO,ES,Combined TRACON& Tower with Radar,67,90,57,79,293,0,2,26,12,40,67,92,83,91,333,18,70,88,421
09/16/2011,CHS,SC,ASO,ES,Combined TRACON& Tower with Radar,74,89,49,42,254,0,2,3,10,15,74,91,52,52,269,16,6,22,291
09/17/2011,CHS,SC,ASO,ES,Combined TRACON& Tower with Radar,58,45,47,16,166,0,0,1,4,5,58,45,48,20,171,16,6,22,193
09/18/2011,CHS,SC,ASO,ES,Combined TRACON& Tower with Radar,60,77,50,13,200,0,1,7,4,12,60,78,57,17,212,0,10,10,222
09/19/2011,CHS,SC,ASO,ES,Combined TRACON& Tower with Radar,65,80,33,55,233,0,2,19,7,28,65,82,52,62,261,0,58,58,319
09/20/2011,CHS,SC,ASO,ES,Combined TRACON& Tower with Radar,64,72,38,74,248,0,0,14,2,16,64,72,52,76,264,2,92,94,358
09/21/2011,CHS,SC,ASO,ES,Combined TRACON& Tower with Radar,60,83,43,90,276,0,0,9,8,17,60,83,52,98,293,10,76,86,379
09/22/2011,CHS,SC,ASO,ES,Combined TRACON& Tower with Radar,67,89,49,35,240,0,1,3,2,6,67,90,52,37,246,20,32,52,298
09/23/2011,CHS,SC,ASO,ES,Combined TRACON& Tower with Radar,67,91,40,44,242,0,0,11,3,14,67,91,51,47,256,6,38,44,300
09/24/2011,CHS,SC,ASO,ES,Combined TRACON& Tower with Radar,58,63,30,24,175,0,2,8,5,15,58,65,38,29,190,8,16,24,214
09/25/2011,CHS,SC,ASO,ES,Combined TRACON& Tower with Radar,62,86,42,25,215,0,1,8,3,12,62,87,50,28,227,2,36,38,265
09/26/2011,CHS,SC,ASO,ES,Combined TRACON& Tower with Radar,66,83,41,55,245,0,1,8,5,14,66,84,49,60,259,2,70,72,331
09/27/2011,CHS,SC,ASO,ES,Combined TRACON& Tower with Radar,64,82,46,67,259,0,1,27,3,31,64,83,73,70,290,30,78,108,398
09/28/2011,CHS,SC,ASO,ES,Combined TRACON& Tower with Radar,58,78,46,36,218,0,1,20,7,28,58,79,66,43,246,26,24,50,296
09/29/2011,CHS,SC,ASO,ES,Combined TRACON& Tower with Radar,64,100,40,57,261,0,1,23,8,32,64,101,63,65,293,12,24,36,329
09/30/2011,CHS,SC,ASO,ES,Combined TRACON& Tower with Radar,65,98,68,54,285,0,2,27,5,34,65,100,95,59,319,8,56,64,383
10/01/2011,CHS,SC,ASO,ES,Combined TRACON& Tower with Radar,54,60,16,15,145,0,0,17,5,22,54,60,33,20,167,18,6,24,191
10/02/2011,CHS,SC,ASO,ES,Combined TRACON& Tower with Radar,60,84,38,9,191,0,3,24,2,29,60,87,62,11,220,8,10,18,238
10/03/2011,CHS,SC,ASO,ES,Combined TRACON& Tower with Radar,61,97,43,52,253,0,0,22,0,22,61,97,65,52,275,2,50,52,327
10/04/2011,CHS,SC,ASO,ES,Combined TRACON& Tower with Radar,60,99,58,66,283,0,2,28,8,38,60,101,86,74,321,18,66,84,405
10/05/2011,CHS,SC,ASO,ES,Combined TRACON& Tower with Radar,65,103,51,46,265,0,3,37,5,45,65,106,88,51,310,34,46,80,390
10/06/2011,CHS,SC,ASO,ES,Combined TRACON& Tower with Radar,61,109,63,49,282,0,3,27,11,41,61,112,90,60,323,14,24,38,361
10/07/2011,CHS,SC,ASO,ES,Combined TRACON& Tower with Radar,65,104,68,57,294,0,1,30,7,38,65,105,98,64,332,32,72,104,436
10/08/2011,CHS,SC,ASO,ES,Combined TRACON& Tower with Radar,55,62,45,14,176,0,2,17,4,23,55,64,62,18,199,48,20,68,267
10/09/2011,CHS,SC,ASO,ES,Combined TRACON& Tower with Radar,60,72,45,5,182,0,1,5,2,8,60,73,50,7,190,4,4,8,198
10/10/2011,CHS,SC,ASO,ES,Combined TRACON& Tower with Radar,57,101,43,1,202,0,0,0,0,0,57,101,43,1,202,4,0,4,206
10/11/2011,CHS,SC,ASO,ES,Combined TRACON& Tower with Radar,60,97,42,87,286,0,0,1,0,1,60,97,43,87,287,8,76,84,371
10/12/2011,CHS,SC,ASO,ES,Combined TRACON& Tower with Radar,63,99,60,81,303,0,0,12,3,15,63,99,72,84,318,14,76,90,408
10/13/2011,CHS,SC,ASO,ES,Combined TRACON& Tower with Radar,63,84,66,35,248,0,1,30,2,33,63,85,96,37,281,10,38,48,329
10/14/2011,CHS,SC,ASO,ES,Combined TRACON& Tower with Radar,62,100,70,62,294,0,4,43,14,61,62,104,113,76,355,48,56,104,459
10/15/2011,CHS,SC,ASO,ES,Combined TRACON& Tower with Radar,57,63,36,15,171,0,1,38,9,48,57,64,74,24,219,32,18,50,269
10/16/2011,CHS,SC,ASO,ES,Combined TRACON& Tower with Radar,60,78,58,21,217,0,2,32,7,41,60,80,90,28,258,22,16,38,296
10/17/2011,CHS,SC,ASO,ES,Combined TRACON& Tower with Radar,57,94,52,41,244,0,1,31,8,40,57,95,83,49,284,30,42,72,356
10/18/2011,CHS,SC,ASO,ES,Combined TRACON& Tower with Radar,60,102,51,42,255,0,0,10,1,11,60,102,61,43,266,18,32,50,316
10/19/2011,CHS,SC,ASO,ES,Combined TRACON& Tower with Radar,67,125,39,55,286,0,1,4,4,9,67,126,43,59,295,62,52,114,409
10/20/2011,CHS,SC,ASO,ES,Combined TRACON& Tower with Radar,67,111,42,47,267,0,2,18,10,30,67,113,60,57,297,16,44,60,357
10/21/2011,CHS,SC,ASO,ES,Combined TRACON& Tower with Radar,71,100,67,80,318,0,1,47,9,57,71,101,114,89,375,30,70,100,475
10/22/2011,CHS,SC,ASO,ES,Combined TRACON& Tower with Radar,52,63,31,39,185,0,0,37,6,43,52,63,68,45,228,16,56,72,300
10/23/2011,CHS,SC,ASO,ES,Combined TRACON& Tower with Radar,64,87,56,31,238,0,1,19,4,24,64,88,75,35,262,22,46,68,330
10/24/2011,CHS,SC,ASO,ES,Combined TRACON& Tower with Radar,59,98,59,12,228,0,3,22,5,30,59,101,81,17,258,10,6,16,274
10/25/2011,CHS,SC,ASO,ES,Combined TRACON& Tower with Radar,57,101,38,33,229,0,5,13,3,21,57,106,51,36,250,12,20,32,282
10/26/2011,CHS,SC,ASO,ES,Combined TRACON& Tower with Radar,65,96,63,26,250,0,6,32,7,45,65,102,95,33,295,22,40,62,357
10/27/2011,CHS,SC,ASO,ES,Combined TRACON& Tower with Radar,63,103,70,13,249,0,3,13,5,21,63,106,83,18,270,36,24,60,330
10/28/2011,CHS,SC,ASO,ES,Combined TRACON& Tower with Radar,71,96,70,32,269,0,1,26,5,32,71,97,96,37,301,26,26,52,353
10/29/2011,CHS,SC,ASO,ES,Combined TRACON& Tower with Radar,55,62,32,22,171,0,2,2,1,5,55,64,34,23,176,10,4,14,190
10/30/2011,CHS,SC,ASO,ES,Combined TRACON& Tower with Radar,59,71,69,28,227,0,3,21,9,33,59,74,90,37,260,28,8,36,296
10/31/2011,CHS,SC,ASO,ES,Combined TRACON& Tower with Radar,56,80,37,27,200,0,2,11,5,18,56,82,48,32,218,0,20,20,238
11/01/2011,CHS,SC,ASO,ES,Combined TRACON& Tower with Radar,64,88,65,42,259,0,1,27,4,32,64,89,92,46,291,26,20,46,337
11/02/2011,CHS,SC,ASO,ES,Combined TRACON& Tower with Radar,68,95,58,38,259,0,1,26,4,31,68,96,84,42,290,28,18,46,336
11/03/2011,CHS,SC,ASO,ES,Combined TRACON& Tower with Radar,68,97,73,34,272,0,3,25,9,37,68,100,98,43,309,80,16,96,405
11/04/2011,CHS,SC,ASO,ES,Combined TRACON& Tower with Radar,64,101,54,50,269,0,1,3,5,9,64,102,57,55,278,32,28,60,338
11/05/2011,CHS,SC,ASO,ES,Combined TRACON& Tower with Radar,62,58,37,26,183,0,0,11,6,17,62,58,48,32,200,102,12,114,314
11/06/2011,CHS,SC,ASO,ES,Combined TRACON& Tower with Radar,66,87,61,32,246,0,2,16,7,25,66,89,77,39,271,14,38,52,323
11/07/2011,CHS,SC,ASO,ES,Combined TRACON& Tower with Radar,58,83,49,64,254,0,3,31,7,41,58,86,80,71,295,10,62,72,367
11/08/2011,CHS,SC,ASO,ES,Combined TRACON& Tower with Radar,62,95,44,44,245,0,0,36,7,43,62,95,80,51,288,30,26,56,344
11/09/2011,CHS,SC,ASO,ES,Combined TRACON& Tower with Radar,64,96,64,56,280,0,1,31,8,40,64,97,95,64,320,26,32,58,378
11/10/2011,CHS,SC,ASO,ES,Combined TRACON& Tower with Radar,68,93,56,30,247,0,3,13,7,23,68,96,69,37,270,16,28,44,314
11/11/2011,CHS,SC,ASO,ES,Combined TRACON& Tower with Radar,71,84,70,12,237,0,2,35,2,39,71,86,105,14,276,26,22,48,324
11/12/2011,CHS,SC,ASO,ES,Combined TRACON& Tower with Radar,63,49,41,12,165,0,4,45,3,52,63,53,86,15,217,28,28,56,273
11/13/2011,CHS,SC,ASO,ES,Combined TRACON& Tower with Radar,66,76,52,9,203,0,2,28,5,35,66,78,80,14,238,2,8,10,248
11/14/2011,CHS,SC,ASO,ES,Combined TRACON& Tower with Radar,58,83,56,34,231,0,2,14,7,23,58,85,70,41,254,10,36,46,300
11/15/2011,CHS,SC,ASO,ES,Combined TRACON& Tower with Radar,63,102,63,26,254,0,1,8,2,11,63,103,71,28,265,26,8,34,299
11/16/2011,CHS,SC,ASO,ES,Combined TRACON& Tower with Radar,71,95,38,46,250,0,0,4,5,9,71,95,42,51,259,12,18,30,289
11/17/2011,CHS,SC,ASO,ES,Combined TRACON& Tower with Radar,70,103,41,30,244,0,3,9,8,20,70,106,50,38,264,12,10,22,286
11/18/2011,CHS,SC,ASO,ES,Combined TRACON& Tower with Radar,65,98,66,67,296,0,0,43,9,52,65,98,109,76,348,18,40,58,406
11/19/2011,CHS,SC,ASO,ES,Combined TRACON& Tower with Radar,64,60,39,43,206,0,2,13,10,25,64,62,52,53,231,22,84,106,337
11/20/2011,CHS,SC,ASO,ES,Combined TRACON& Tower with Radar,60,91,45,39,235,0,0,18,3,21,60,91,63,42,256,4,10,14,270
11/21/2011,CHS,SC,ASO,ES,Combined TRACON& Tower with Radar,62,84,67,43,256,0,1,31,1,33,62,85,98,44,289,2,26,28,317
11/22/2011,CHS,SC,ASO,ES,Combined TRACON& Tower with Radar,65,108,63,30,266,0,1,25,4,30,65,109,88,34,296,16,22,38,334
11/23/2011,CHS,SC,ASO,ES,Combined TRACON& Tower with Radar,62,109,50,38,259,0,2,7,2,11,62,111,57,40,270,8,22,30,300
11/24/2011,CHS,SC,ASO,ES,Combined TRACON& Tower with Radar,44,49,8,6,107,0,0,7,0,7,44,49,15,6,114,6,0,6,120
11/25/2011,CHS,SC,ASO,ES,Combined TRACON& Tower with Radar,55,60,29,4,148,0,0,22,6,28,55,60,51,10,176,24,0,24,200
11/26/2011,CHS,SC,ASO,ES,Combined TRACON& Tower with Radar,65,81,36,2,184,0,3,24,8,35,65,84,60,10,219,28,0,28,247
11/27/2011,CHS,SC,ASO,ES,Combined TRACON& Tower with Radar,65,113,93,9,280,0,2,23,2,27,65,115,116,11,307,30,0,30,337
11/28/2011,CHS,SC,ASO,ES,Combined TRACON& Tower with Radar,66,92,38,16,212,0,1,8,1,10,66,93,46,17,222,12,4,16,238
11/29/2011,CHS,SC,ASO,ES,Combined TRACON& Tower with Radar,61,83,39,24,207,0,0,16,3,19,61,83,55,27,226,4,8,12,238
11/30/2011,CHS,SC,ASO,ES,Combined TRACON& Tower with Radar,62,72,56,16,206,0,1,23,4,28,62,73,79,20,234,8,0,8,242
12/01/2011,CHS,SC,ASO,ES,Combined TRACON& Tower with Radar,63,88,52,26,229,0,1,20,7,28,63,89,72,33,257,20,10,30,287
12/02/2011,CHS,SC,ASO,ES,Combined TRACON& Tower with Radar,64,76,44,49,233,0,1,29,6,36,64,77,73,55,269,18,32,50,319
12/03/2011,CHS,SC,ASO,ES,Combined TRACON& Tower with Radar,52,48,32,32,164,0,5,12,9,26,52,53,44,41,190,26,52,78,268
12/04/2011,CHS,SC,ASO,ES,Combined TRACON& Tower with Radar,61,77,61,24,223,0,2,17,2,21,61,79,78,26,244,10,4,14,258
12/05/2011,CHS,SC,ASO,ES,Combined TRACON& Tower with Radar,61,83,49,28,221,0,1,12,5,18,61,84,61,33,239,16,8,24,263
12/06/2011,CHS,SC,ASO,ES,Combined TRACON& Tower with Radar,62,81,53,36,232,0,2,18,8,28,62,83,71,44,260,4,32,36,296
12/07/2011,CHS,SC,ASO,ES,Combined TRACON& Tower with Radar,69,81,60,26,236,0,1,5,1,7,69,82,65,27,243,16,4,20,263
12/08/2011,CHS,SC,ASO,ES,Combined TRACON& Tower with Radar,86,88,42,38,254,0,0,17,0,17,86,88,59,38,271,26,32,58,329
12/09/2011,CHS,SC,ASO,ES,Combined TRACON& Tower with Radar,69,88,46,44,247,0,2,19,6,27,69,90,65,50,274,32,16,48,322
12/10/2011,CHS,SC,ASO,ES,Combined TRACON& Tower with Radar,60,44,24,21,149,0,0,26,2,28,60,44,50,23,177,52,18,70,247
12/11/2011,CHS,SC,ASO,ES,Combined TRACON& Tower with Radar,63,64,36,28,191,0,0,12,5,17,63,64,48,33,208,16,16,32,240
12/12/2011,CHS,SC,ASO,ES,Combined TRACON& Tower with Radar,61,76,27,33,197,0,3,7,9,19,61,79,34,42,216,6,8,14,230
12/13/2011,CHS,SC,ASO,ES,Combined TRACON& Tower with Radar,63,84,47,28,222,0,2,22,11,35,63,86,69,39,257,20,24,44,301
12/14/2011,CHS,SC,ASO,ES,Combined TRACON& Tower with Radar,70,84,72,55,281,0,6,30,7,43,70,90,102,62,324,16,32,48,372
12/15/2011,CHS,SC,ASO,ES,Combined TRACON& Tower with Radar,69,87,57,34,247,0,0,28,8,36,69,87,85,42,283,14,12,26,309
12/16/2011,CHS,SC,ASO,ES,Combined TRACON& Tower with Radar,68,89,48,33,238,0,2,32,3,37,68,91,80,36,275,34,18,52,327
12/17/2011,CHS,SC,ASO,ES,Combined TRACON& Tower with Radar,65,68,28,34,195,0,3,17,14,34,65,71,45,48,229,56,26,82,311
12/18/2011,CHS,SC,ASO,ES,Combined TRACON& Tower with Radar,56,72,42,26,196,0,1,26,4,31,56,73,68,30,227,70,24,94,321
12/19/2011,CHS,SC,ASO,ES,Combined TRACON& Tower with Radar,61,84,44,27,216,0,2,21,7,30,61,86,65,34,246,20,14,34,280
12/20/2011,CHS,SC,ASO,ES,Combined TRACON& Tower with Radar,56,87,55,58,256,0,1,34,17,52,56,88,89,75,308,14,56,70,378
12/21/2011,CHS,SC,ASO,ES,Combined TRACON& Tower with Radar,64,85,46,49,244,0,2,17,3,22,64,87,63,52,266,14,34,48,314
12/22/2011,CHS,SC,ASO,ES,Combined TRACON& Tower with Radar,63,98,37,38,236,0,2,21,9,32,63,100,58,47,268,6,56,62,330
12/23/2011,CHS,SC,ASO,ES,Combined TRACON& Tower with Radar,59,95,24,5,183,0,5,11,13,29,59,100,35,18,212,22,4,26,238
12/24/2011,CHS,SC,ASO,ES,Combined TRACON& Tower with Radar,55,50,13,2,120,0,1,14,2,17,55,51,27,4,137,0,0,0,137
12/25/2011,CHS,SC,ASO,ES,Combined TRACON& Tower with Radar,53,60,12,5,130,0,0,7,0,7,53,60,19,5,137,8,0,8,145
12/26/2011,CHS,SC,ASO,ES,Combined TRACON& Tower with Radar,59,93,55,5,212,0,2,17,7,26,59,95,72,12,238,12,4,16,254
12/27/2011,CHS,SC,ASO,ES,Combined TRACON& Tower with Radar,60,95,38,48,241,0,1,5,2,8,60,96,43,50,249,24,68,92,341
12/28/2011,CHS,SC,ASO,ES,Combined TRACON& Tower with Radar,63,101,39,38,241,0,4,26,14,44,63,105,65,52,285,48,46,94,379
12/29/2011,CHS,SC,ASO,ES,Combined TRACON& Tower with Radar,60,107,50,32,249,0,0,36,12,48,60,107,86,44,297,12,46,58,355
12/30/2011,CHS,SC,ASO,ES,Combined TRACON& Tower with Radar,63,94,35,22,214,0,1,37,13,51,63,95,72,35,265,50,12,62,327
12/31/2011,CHS,SC,ASO,ES,Combined TRACON& Tower with Radar,58,48,19,4,129,0,2,24,0,26,58,50,43,4,155,22,0,22,177
01/01/2012,CHS,SC,ASO,ES,Combined TRACON& Tower with Radar,54,67,33,3,157,0,1,14,4,19,54,68,47,7,176,8,2,10,186
01/02/2012,CHS,SC,ASO,ES,Combined TRACON& Tower with Radar,58,89,70,8,225,0,3,32,5,40,58,92,102,13,265,10,2,12,277
01/03/2012,CHS,SC,ASO,ES,Combined TRACON& Tower with Radar,57,87,36,60,240,0,6,22,10,38,57,93,58,70,278,2,20,22,300
01/04/2012,CHS,SC,ASO,ES,Combined TRACON& Tower with Radar,68,82,44,39,233,0,1,21,9,31,68,83,65,48,264,18,40,58,322
01/05/2012,CHS,SC,ASO,ES,Combined TRACON& Tower with Radar,71,75,43,46,235,0,2,31,5,38,71,77,74,51,273,38,20,58,331
01/06/2012,CHS,SC,ASO,ES,Combined TRACON& Tower with Radar,69,78,44,64,255,0,2,23,11,36,69,80,67,75,291,38,76,114,405
01/07/2012,CHS,SC,ASO,ES,Combined TRACON& Tower with Radar,63,40,25,61,189,0,2,30,8,40,63,42,55,69,229,36,64,100,329
01/08/2012,CHS,SC,ASO,ES,Combined TRACON& Tower with Radar,63,62,26,26,177,0,1,15,1,17,63,63,41,27,194,4,20,24,218
01/09/2012,CHS,SC,ASO,ES,Combined TRACON& Tower with Radar,67,76,33,49,225,0,2,11,5,18,67,78,44,54,243,6,34,40,283
01/10/2012,CHS,SC,ASO,ES,Combined TRACON& Tower with Radar,65,72,42,60,239,0,1,11,9,21,65,73,53,69,260,14,56,70,330
01/11/2012,CHS,SC,ASO,ES,Combined TRACON& Tower with Radar,65,81,37,46,229,0,0,5,4,9,65,81,42,50,238,10,56,66,304
01/12/2012,CHS,SC,ASO,ES,Combined TRACON& Tower with Radar,67,72,56,68,263,0,5,20,10,35,67,77,76,78,298,58,72,130,428
01/13/2012,CHS,SC,ASO,ES,Combined TRACON& Tower with Radar,69,81,49,43,242,0,1,24,11,36,69,82,73,54,278,34,20,54,332
01/14/2012,CHS,SC,ASO,ES,Combined TRACON& Tower with Radar,54,52,29,36,171,0,0,18,10,28,54,52,47,46,199,32,32,64,263
01/15/2012,CHS,SC,ASO,ES,Combined TRACON& Tower with Radar,61,68,27,20,176,0,1,23,7,31,61,69,50,27,207,10,4,14,221
01/16/2012,CHS,SC,ASO,ES,Combined TRACON& Tower with Radar,61,75,57,31,224,0,2,41,3,46,61,77,98,34,270,26,30,56,326
01/17/2012,CHS,SC,ASO,ES,Combined TRACON& Tower with Radar,60,73,46,45,224,0,2,17,8,27,60,75,63,53,251,22,38,60,311
01/18/2012,CHS,SC,ASO,ES,Combined TRACON& Tower with Radar,63,92,50,49,254,0,3,5,5,13,63,95,55,54,267,6,42,48,315
01/19/2012,CHS,SC,ASO,ES,Combined TRACON& Tower with Radar,69,87,54,50,260,0,5,30,12,47,69,92,84,62,307,20,34,54,361
01/20/2012,CHS,SC,ASO,ES,Combined TRACON& Tower with Radar,63,86,78,82,309,0,1,25,9,35,63,87,103,91,344,18,70,88,432
01/21/2012,CHS,SC,ASO,ES,Combined TRACON& Tower with Radar,60,31,22,32,145,0,1,6,8,15,60,32,28,40,160,48,36,84,244
01/22/2012,CHS,SC,ASO,ES,Combined TRACON& Tower with Radar,60,66,35,53,214,0,0,0,0,0,60,66,35,53,214,10,32,42,256
01/23/2012,CHS,SC,ASO,ES,Combined TRACON& Tower with Radar,57,65,30,69,221,0,0,10,2,12,57,65,40,71,233,16,82,98,331
01/24/2012,CHS,SC,ASO,ES,Combined TRACON& Tower with Radar,69,73,43,53,238,0,4,17,11,32,69,77,60,64,270,4,18,22,292
01/25/2012,CHS,SC,ASO,ES,Combined TRACON& Tower with Radar,68,83,61,64,276,0,6,18,5,29,68,89,79,69,305,8,40,48,353
01/26/2012,CHS,SC,ASO,ES,Combined TRACON& Tower with Radar,64,77,54,9,204,0,3,15,5,23,64,80,69,14,227,0,0,0,227
01/27/2012,CHS,SC,ASO,ES,Combined TRACON& Tower with Radar,68,78,28,39,213,0,1,16,9,26,68,79,44,48,239,2,36,38,277
01/28/2012,CHS,SC,ASO,ES,Combined TRACON& Tower with Radar,57,39,29,61,186,0,1,36,17,54,57,40,65,78,240,40,44,84,324
01/29/2012,CHS,SC,ASO,ES,Combined TRACON& Tower with Radar,62,65,52,11,190,0,2,32,4,38,62,67,84,15,228,16,16,32,260
01/30/2012,CHS,SC,ASO,ES,Combined TRACON& Tower with Radar,60,77,36,44,217,0,1,31,5,37,60,78,67,49,254,14,40,54,308
01/31/2012,CHS,SC,ASO,ES,Combined TRACON& Tower with Radar,63,78,38,34,213,0,4,22,4,30,63,82,60,38,243,40,50,90,333
02/01/2012,CHS,SC,ASO,ES,Combined TRACON& Tower with Radar,77,73,50,59,259,0,1,16,8,25,77,74,66,67,284,12,38,50,334
02/02/2012,CHS,SC,ASO,ES,Combined TRACON& Tower with Radar,64,86,46,51,247,0,1,17,5,23,64,87,63,56,270,12,38,50,320
02/03/2012,CHS,SC,ASO,ES,Combined TRACON& Tower with Radar,68,77,47,53,245,0,4,31,13,48,68,81,78,66,293,34,50,84,377
02/04/2012,CHS,SC,ASO,ES,Combined TRACON& Tower with Radar,56,48,30,44,178,0,1,18,11,30,56,49,48,55,208,26,44,70,278
02/05/2012,CHS,SC,ASO,ES,Combined TRACON& Tower with Radar,61,64,25,25,175,0,4,5,3,12,61,68,30,28,187,12,8,20,207
02/06/2012,CHS,SC,ASO,ES,Combined TRACON& Tower with Radar,61,74,47,53,235,0,4,11,6,21,61,78,58,59,256,10,40,50,306
02/07/2012,CHS,SC,ASO,ES,Combined TRACON& Tower with Radar,62,74,50,80,266,0,0,15,8,23,62,74,65,88,289,20,86,106,395
02/08/2012,CHS,SC,ASO,ES,Combined TRACON& Tower with Radar,65,75,56,60,256,0,1,16,13,30,65,76,72,73,286,22,58,80,366
02/09/2012,CHS,SC,ASO,ES,Combined TRACON& Tower with Radar,66,86,43,47,242,0,1,33,10,44,66,87,76,57,286,16,36,52,338
02/10/2012,CHS,SC,ASO,ES,Combined TRACON& Tower with Radar,69,79,50,48,246,0,1,21,6,28,69,80,71,54,274,4,38,42,316
02/11/2012,CHS,SC,ASO,ES,Combined TRACON& Tower with Radar,59,44,15,43,161,0,0,13,10,23,59,44,28,53,184,26,68,94,278
02/12/2012,CHS,SC,ASO,ES,Combined TRACON& Tower with Radar,63,71,43,34,211,0,4,27,8,39,63,75,70,42,250,0,36,36,286
02/13/2012,CHS,SC,ASO,ES,Combined TRACON& Tower with Radar,66,80,44,72,262,0,1,16,5,22,66,81,60,77,284,12,42,54,338
02/14/2012,CHS,SC,ASO,ES,Combined TRACON& Tower with Radar,68,83,24,79,254,0,2,8,1,11,68,85,32,80,265,0,42,42,307
02/15/2012,CHS,SC,ASO,ES,Combined TRACON& Tower with Radar,63,80,39,44,226,0,2,20,12,34,63,82,59,56,260,4,22,26,286
02/16/2012,CHS,SC,ASO,ES,Combined TRACON& Tower with Radar,67,96,55,43,261,0,0,4,3,7,67,96,59,46,268,8,40,48,316
02/17/2012,CHS,SC,ASO,ES,Combined TRACON& Tower with Radar,64,88,77,44,273,0,1,22,7,30,64,89,99,51,303,12,12,24,327
02/18/2012,CHS,SC,ASO,ES,Combined TRACON& Tower with Radar,61,57,32,15,165,0,1,19,10,30,61,58,51,25,195,16,4,20,215
02/19/2012,CHS,SC,ASO,ES,Combined TRACON& Tower with Radar,62,63,30,12,167,0,0,0,0,0,62,63,30,12,167,6,0,6,173
02/20/2012,CHS,SC,ASO,ES,Combined TRACON& Tower with Radar,61,81,62,14,218,0,3,41,11,55,61,84,103,25,273,24,2,26,299
02/21/2012,CHS,SC,ASO,ES,Combined TRACON& Tower with Radar,62,83,36,28,209,0,2,13,16,31,62,85,49,44,240,30,14,44,284
02/22/2012,CHS,SC,ASO,ES,Combined TRACON& Tower with Radar,66,86,44,50,246,0,3,21,10,34,66,89,65,60,280,0,62,62,342
02/23/2012,CHS,SC,ASO,ES,Combined TRACON& Tower with Radar,65,81,61,55,262,0,0,10,3,13,65,81,71,58,275,4,46,50,325
02/24/2012,CHS,SC,ASO,ES,Combined TRACON& Tower with Radar,66,83,47,58,254,0,0,7,5,12,66,83,54,63,266,2,60,62,328
02/25/2012,CHS,SC,ASO,ES,Combined TRACON& Tower with Radar,63,49,40,13,165,0,2,24,12,38,63,51,64,25,203,32,10,42,245
02/26/2012,CHS,SC,ASO,ES,Combined TRACON& Tower with Radar,58,89,62,27,236,0,0,11,1,12,58,89,73,28,248,22,14,36,284
02/27/2012,CHS,SC,ASO,ES,Combined TRACON& Tower with Radar,62,78,34,94,268,0,0,1,0,1,62,78,35,94,269,4,82,86,355
02/28/2012,CHS,SC,ASO,ES,Combined TRACON& Tower with Radar,62,72,60,62,256,0,1,25,2,28,62,73,85,64,284,16,76,92,376
02/29/2012,CHS,SC,ASO,ES,Combined TRACON& Tower with Radar,67,75,40,49,231,0,1,10,10,21,67,76,50,59,252,18,64,82,334
03/01/2012,CHS,SC,ASO,ES,Combined TRACON& Tower with Radar,64,74,40,69,247,0,1,12,1,14,64,75,52,70,261,2,63,65,326
03/02/2012,CHS,SC,ASO,ES,Combined TRACON& Tower with Radar,75,83,56,53,267,0,0,19,8,27,75,83,75,61,294,8,34,42,336
03/03/2012,CHS,SC,ASO,ES,Combined TRACON& Tower with Radar,60,60,17,19,156,0,1,0,0,1,60,61,17,19,157,8,28,36,193
03/04/2012,CHS,SC,ASO,ES,Combined TRACON& Tower with Radar,63,87,31,27,208,0,0,3,3,6,63,87,34,30,214,8,30,38,252
03/05/2012,CHS,SC,ASO,ES,Combined TRACON& Tower with Radar,65,94,32,36,227,0,1,14,4,19,65,95,46,40,246,14,10,24,270
03/06/2012,CHS,SC,ASO,ES,Combined TRACON& Tower with Radar,68,73,39,59,239,0,2,19,7,28,68,75,58,66,267,10,50,60,327
03/07/2012,CHS,SC,ASO,ES,Combined TRACON& Tower with Radar,65,82,48,53,248,0,3,21,16,40,65,85,69,69,288,20,44,64,352
03/08/2012,CHS,SC,ASO,ES,Combined TRACON& Tower with Radar,65,79,58,68,270,0,3,12,7,22,65,82,70,75,292,14,48,62,354
03/09/2012,CHS,SC,ASO,ES,Combined TRACON& Tower with Radar,71,87,60,46,264,0,2,4,7,13,71,89,64,53,277,32,20,52,329
03/10/2012,CHS,SC,ASO,ES,Combined TRACON& Tower with Radar,59,59,33,15,166,0,1,32,4,37,59,60,65,19,203,22,24,46,249
03/11/2012,CHS,SC,ASO,ES,Combined TRACON& Tower with Radar,62,74,51,19,206,0,1,12,1,14,62,75,63,20,220,0,4,4,224
03/12/2012,CHS,SC,ASO,ES,Combined TRACON& Tower with Radar,65,81,32,39,217,0,4,16,13,33,65,85,48,52,250,12,29,41,291
03/13/2012,CHS,SC,ASO,ES,Combined TRACON& Tower with Radar,65,86,44,45,240,0,0,10,1,11,65,86,54,46,251,8,34,42,293
03/14/2012,CHS,SC,ASO,ES,Combined TRACON& Tower with Radar,65,76,47,63,251,0,2,27,9,38,65,78,74,72,289,12,70,82,371
03/15/2012,CHS,SC,ASO,ES,Combined TRACON& Tower with Radar,66,90,67,93,316,0,3,44,8,55,66,93,111,101,371,12,76,88,459
03/16/2012,CHS,SC,ASO,ES,Combined TRACON& Tower with Radar,70,86,86,41,283,0,0,19,5,24,70,86,105,46,307,24,36,60,367
03/17/2012,CHS,SC,ASO,ES,Combined TRACON& Tower with Radar,62,58,46,5,171,0,1,29,4,34,62,59,75,9,205,40,12,52,257
03/18/2012,CHS,SC,ASO,ES,Combined TRACON& Tower with Radar,68,80,53,11,212,0,1,17,2,20,68,81,70,13,232,18,0,18,250
03/19/2012,CHS,SC,ASO,ES,Combined TRACON& Tower with Radar,65,88,60,53,266,0,2,7,5,14,65,90,67,58,280,24,66,90,370
03/20/2012,CHS,SC,ASO,ES,Combined TRACON& Tower with Radar,66,84,36,48,234,0,4,12,9,25,66,88,48,57,259,14,48,62,321
03/21/2012,CHS,SC,ASO,ES,Combined TRACON& Tower with Radar,63,88,60,69,280,0,3,6,8,17,63,91,66,77,297,24,82,106,403
03/22/2012,CHS,SC,ASO,ES,Combined TRACON& Tower with Radar,69,101,46,51,267,0,1,16,3,20,69,102,62,54,287,10,24,34,321
03/23/2012,CHS,SC,ASO,ES,Combined TRACON& Tower with Radar,73,97,66,66,302,0,0,20,30,50,73,97,86,96,352,8,46,54,406
03/24/2012,CHS,SC,ASO,ES,Combined TRACON& Tower with Radar,60,58,43,14,175,0,1,4,1,6,60,59,47,15,181,8,0,8,189
03/25/2012,CHS,SC,ASO,ES,Combined TRACON& Tower with Radar,65,74,46,17,202,0,1,5,12,18,65,75,51,29,220,6,0,6,226
03/26/2012,CHS,SC,ASO,ES,Combined TRACON& Tower with Radar,64,79,48,79,270,0,2,19,6,27,64,81,67,85,297,32,66,98,395
03/27/2012,CHS,SC,ASO,ES,Combined TRACON& Tower with Radar,60,81,46,43,230,0,1,11,12,24,60,82,57,55,254,32,62,94,348
03/28/2012,CHS,SC,ASO,ES,Combined TRACON& Tower with Radar,66,73,48,53,240,0,2,18,1,21,66,75,66,54,261,4,46,50,311
03/29/2012,CHS,SC,ASO,ES,Combined TRACON& Tower with Radar,77,85,65,61,288,0,2,14,21,37,77,87,79,82,325,2,26,28,353
03/30/2012,CHS,SC,ASO,ES,Combined TRACON& Tower with Radar,71,89,79,54,293,0,1,25,4,30,71,90,104,58,323,38,50,88,411
03/31/2012,CHS,SC,ASO,ES,Combined TRACON& Tower with Radar,60,56,33,12,161,0,0,10,2,12,60,56,43,14,173,14,2,16,189
04/01/2012,CHS,SC,ASO,ES,Combined TRACON& Tower with Radar,63,82,81,14,240,0,0,18,0,18,63,82,99,14,258,12,0,12,270
04/02/2012,CHS,SC,ASO,ES,Combined TRACON& Tower with Radar,61,85,50,52,248,0,1,21,12,34,61,86,71,64,282,28,62,90,372
04/03/2012,CHS,SC,ASO,ES,Combined TRACON& Tower with Radar,59,81,58,58,256,0,0,7,4,11,59,81,65,62,267,20,60,80,347
04/04/2012,CHS,SC,ASO,ES,Combined TRACON& Tower with Radar,57,88,57,56,258,0,0,11,5,16,57,88,68,61,274,12,98,110,384
04/05/2012,CHS,SC,ASO,ES,Combined TRACON& Tower with Radar,64,107,74,53,298,0,4,13,1,18,64,111,87,54,316,18,50,68,384
04/06/2012,CHS,SC,ASO,ES,Combined TRACON& Tower with Radar,67,94,58,28,247,0,1,5,1,7,67,95,63,29,254,14,6,20,274
04/07/2012,CHS,SC,ASO,ES,Combined TRACON& Tower with Radar,58,62,30,10,160,0,1,32,14,47,58,63,62,24,207,14,22,36,243
04/08/2012,CHS,SC,ASO,ES,Combined TRACON& Tower with Radar,68,82,44,10,204,0,5,16,2,23,68,87,60,12,227,0,0,0,227
04/09/2012,CHS,SC,ASO,ES,Combined TRACON& Tower with Radar,61,94,79,65,299,0,0,24,10,34,61,94,103,75,333,8,56,64,397
04/10/2012,CHS,SC,ASO,ES,Combined TRACON& Tower with Radar,62,95,44,39,240,0,4,34,3,41,62,99,78,42,281,20,10,30,311
04/11/2012,CHS,SC,ASO,ES,Combined TRACON& Tower with Radar,59,91,53,41,244,0,2,21,17,40,59,93,74,58,284,22,30,52,336
04/12/2012,CHS,SC,ASO,ES,Combined TRACON& Tower with Radar,66,79,62,41,248,0,0,27,10,37,66,79,89,51,285,10,36,46,331
04/13/2012,CHS,SC,ASO,ES,Combined TRACON& Tower with Radar,69,86,56,43,254,0,3,30,4,37,69,89,86,47,291,20,62,82,373
04/14/2012,CHS,SC,ASO,ES,Combined TRACON& Tower with Radar,59,66,51,24,200,0,2,30,12,44,59,68,81,36,244,28,22,50,294
04/15/2012,CHS,SC,ASO,ES,Combined TRACON& Tower with Radar,60,79,48,34,221,0,3,13,5,21,60,82,61,39,242,46,34,80,322
04/16/2012,CHS,SC,ASO,ES,Combined TRACON& Tower with Radar,66,80,58,41,245,0,0,25,3,28,66,80,83,44,273,30,46,76,349
04/17/2012,CHS,SC,ASO,ES,Combined TRACON& Tower with Radar,60,89,64,37,250,0,0,18,0,18,60,89,82,37,268,46,32,78,346
04/18/2012,CHS,SC,ASO,ES,Combined TRACON& Tower with Radar,63,91,53,52,259,0,0,11,6,17,63,91,64,58,276,2,36,38,314
04/19/2012,CHS,SC,ASO,ES,Combined TRACON& Tower with Radar,77,123,85,59,344,0,0,1,0,1,77,123,86,59,345,48,44,92,437
04/20/2012,CHS,SC,ASO,ES,Combined TRACON& Tower with Radar,65,93,76,65,299,0,2,9,2,13,65,95,85,67,312,40,118,158,470
04/21/2012,CHS,SC,ASO,ES,Combined TRACON& Tower with Radar,62,60,44,23,189,0,0,13,2,15,62,60,57,25,204,24,42,66,270
04/22/2012,CHS,SC,ASO,ES,Combined TRACON& Tower with Radar,66,77,62,24,229,0,0,1,0,1,66,77,63,24,230,4,0,4,234
04/23/2012,CHS,SC,ASO,ES,Combined TRACON& Tower with Radar,61,91,48,43,243,0,2,16,4,22,61,93,64,47,265,14,38,52,317
04/24/2012,CHS,SC,ASO,ES,Combined TRACON& Tower with Radar,57,84,56,53,250,0,5,17,5,27,57,89,73,58,277,10,50,60,337
04/25/2012,CHS,SC,ASO,ES,Combined TRACON& Tower with Radar,62,85,63,68,278,0,2,26,12,40,62,87,89,80,318,10,58,68,386
04/26/2012,CHS,SC,ASO,ES,Combined TRACON& Tower with Radar,64,93,60,38,255,0,4,12,8,24,64,97,72,46,279,2,24,26,305
04/27/2012,CHS,SC,ASO,ES,Combined TRACON& Tower with Radar,66,87,64,47,264,0,4,18,14,36,66,91,82,61,300,26,58,84,384
04/28/2012,CHS,SC,ASO,ES,Combined TRACON& Tower with Radar,56,70,41,14,181,0,1,18,17,36,56,71,59,31,217,32,32,64,281
04/29/2012,CHS,SC,ASO,ES,Combined TRACON& Tower with Radar,65,77,41,22,205,0,1,22,9,32,65,78,63,31,237,10,16,26,263
04/30/2012,CHS,SC,ASO,ES,Combined TRACON& Tower with Radar,60,93,49,45,247,0,1,23,10,34,60,94,72,55,281,30,76,106,387
05/01/2012,CHS,SC,ASO,ES,Combined TRACON& Tower with Radar,61,97,29,38,225,0,2,17,12,31,61,99,46,50,256,26,50,76,332
05/02/2012,CHS,SC,ASO,ES,Combined TRACON& Tower with Radar,72,91,57,61,281,0,1,20,10,31,72,92,77,71,312,12,60,72,384
05/03/2012,CHS,SC,ASO,ES,Combined TRACON& Tower with Radar,62,83,58,51,254,0,2,27,12,41,62,85,85,63,295,2,62,64,359
05/04/2012,CHS,SC,ASO,ES,Combined TRACON& Tower with Radar,62,93,51,26,232,0,2,20,10,32,62,95,71,36,264,20,30,50,314
05/05/2012,CHS,SC,ASO,ES,Combined TRACON& Tower with Radar,64,74,19,12,169,0,0,26,5,31,64,74,45,17,200,36,8,44,244
05/06/2012,CHS,SC,ASO,ES,Combined TRACON& Tower with Radar,55,89,49,22,215,0,4,14,2,20,55,93,63,24,235,10,10,20,255
05/07/2012,CHS,SC,ASO,ES,Combined TRACON& Tower with Radar,64,81,59,31,235,0,0,11,6,17,64,81,70,37,252,20,16,36,288
05/08/2012,CHS,SC,ASO,ES,Combined TRACON& Tower with Radar,65,87,51,86,289,0,4,12,18,34,65,91,63,104,323,34,72,106,429
05/09/2012,CHS,SC,ASO,ES,Combined TRACON& Tower with Radar,68,82,47,56,253,0,0,8,1,9,68,82,55,57,262,10,38,48,310
05/10/2012,CHS,SC,ASO,ES,Combined TRACON& Tower with Radar,70,89,52,59,270,0,3,27,6,36,70,92,79,65,306,30,44,74,380
05/11/2012,CHS,SC,ASO,ES,Combined TRACON& Tower with Radar,71,77,67,19,234,0,5,32,10,47,71,82,99,29,281,20,16,36,317
05/12/2012,CHS,SC,ASO,ES,Combined TRACON& Tower with Radar,62,58,42,26,188,0,2,23,7,32,62,60,65,33,220,16,20,36,256
05/13/2012,CHS,SC,ASO,ES,Combined TRACON& Tower with Radar,62,86,52,10,210,0,1,3,3,7,62,87,55,13,217,8,0,8,225
05/14/2012,CHS,SC,ASO,ES,Combined TRACON& Tower with Radar,65,82,46,47,240,0,0,10,6,16,65,82,56,53,256,10,30,40,296
05/15/2012,CHS,SC,ASO,ES,Combined TRACON& Tower with Radar,68,82,58,52,260,0,1,17,3,21,68,83,75,55,281,8,58,66,347
05/16/2012,CHS,SC,ASO,ES,Combined TRACON& Tower with Radar,71,79,41,70,261,0,4,12,12,28,71,83,53,82,289,28,74,102,391
05/17/2012,CHS,SC,ASO,ES,Combined TRACON& Tower with Radar,67,106,53,47,273,0,1,10,4,15,67,107,63,51,288,10,38,48,336
05/18/2012,CHS,SC,ASO,ES,Combined TRACON& Tower with Radar,68,83,58,39,248,0,2,7,6,15,68,85,65,45,263,14,16,30,293
05/19/2012,CHS,SC,ASO,ES,Combined TRACON& Tower with Radar,63,54,28,12,157,0,2,14,4,20,63,56,42,16,177,20,22,42,219
05/20/2012,CHS,SC,ASO,ES,Combined TRACON& Tower with Radar,60,82,38,13,193,0,3,12,3,18,60,85,50,16,211,12,0,12,223
05/21/2012,CHS,SC,ASO,ES,Combined TRACON& Tower with Radar,63,73,35,32,203,0,1,20,9,30,63,74,55,41,233,28,28,56,289
05/22/2012,CHS,SC,ASO,ES,Combined TRACON& Tower with Radar,66,80,54,31,231,0,0,16,11,27,66,80,70,42,258,10,12,22,280
05/23/2012,CHS,SC,ASO,ES,Combined TRACON& Tower with Radar,75,82,33,65,255,0,3,23,8,34,75,85,56,73,289,6,44,50,339
05/24/2012,CHS,SC,ASO,ES,Combined TRACON& Tower with Radar,71,82,74,29,256,0,3,38,10,51,71,85,112,39,307,38,22,60,367
05/25/2012,CHS,SC,ASO,ES,Combined TRACON& Tower with Radar,68,96,89,21,274,0,1,21,10,32,68,97,110,31,306,8,24,32,338
05/26/2012,CHS,SC,ASO,ES,Combined TRACON& Tower with Radar,59,69,39,23,190,0,6,23,12,41,59,75,62,35,231,44,28,72,303
05/27/2012,CHS,SC,ASO,ES,Combined TRACON& Tower with Radar,58,48,29,21,156,0,1,4,2,7,58,49,33,23,163,16,16,32,195
05/28/2012,CHS,SC,ASO,ES,Combined TRACON& Tower with Radar,65,83,42,7,197,0,0,3,5,8,65,83,45,12,205,16,10,26,231
05/29/2012,CHS,SC,ASO,ES,Combined TRACON& Tower with Radar,61,79,18,33,191,0,0,4,0,4,61,79,22,33,195,2,42,44,239
05/30/2012,CHS,SC,ASO,ES,Combined TRACON& Tower with Radar,68,77,49,51,245,0,2,12,4,18,68,79,61,55,263,8,32,40,303
05/31/2012,CHS,SC,ASO,ES,Combined TRACON& Tower with Radar,68,74,79,51,272,0,0,25,12,37,68,74,104,63,309,28,44,72,381
06/01/2012,CHS,SC,ASO,ES,Combined TRACON& Tower with Radar,64,77,54,60,255,0,1,16,6,23,64,78,70,66,278,26,68,94,372
06/02/2012,CHS,SC,ASO,ES,Combined TRACON& Tower with Radar,60,78,33,47,218,0,4,21,3,28,60,82,54,50,246,26,42,68,314
06/03/2012,CHS,SC,ASO,ES,Combined TRACON& Tower with Radar,61,71,51,35,218,0,0,22,11,33,61,71,73,46,251,12,12,24,275
06/04/2012,CHS,SC,ASO,ES,Combined TRACON& Tower with Radar,67,71,41,27,206,0,0,7,0,7,67,71,48,27,213,6,6,12,225
06/05/2012,CHS,SC,ASO,ES,Combined TRACON& Tower with Radar,66,86,44,51,247,0,1,9,2,12,66,87,53,53,259,6,68,74,333
06/06/2012,CHS,SC,ASO,ES,Combined TRACON& Tower with Radar,71,76,48,52,247,0,0,13,1,14,71,76,61,53,261,2,38,40,301
06/07/2012,CHS,SC,ASO,ES,Combined TRACON& Tower with Radar,67,84,53,53,257,0,2,31,2,35,67,86,84,55,292,14,50,64,356
06/08/2012,CHS,SC,ASO,ES,Combined TRACON& Tower with Radar,74,79,33,27,213,0,6,24,5,35,74,85,57,32,248,24,24,48,296
06/09/2012,CHS,SC,ASO,ES,Combined TRACON& Tower with Radar,64,74,56,14,208,0,5,39,5,49,64,79,95,19,257,38,10,48,305
06/10/2012,CHS,SC,ASO,ES,Combined TRACON& Tower with Radar,65,81,43,13,202,0,2,6,3,11,65,83,49,16,213,16,0,16,229
06/11/2012,CHS,SC,ASO,ES,Combined TRACON& Tower with Radar,68,69,27,35,199,0,0,2,0,2,68,69,29,35,201,10,42,52,253
06/12/2012,CHS,SC,ASO,ES,Combined TRACON& Tower with Radar,70,77,41,23,211,0,2,0,0,2,70,79,41,23,213,8,0,8,221
06/13/2012,CHS,SC,ASO,ES,Combined TRACON& Tower with Radar,68,70,33,45,216,0,4,8,3,15,68,74,41,48,231,0,18,18,249
06/14/2012,CHS,SC,ASO,ES,Combined TRACON& Tower with Radar,70,82,43,53,248,0,2,31,10,43,70,84,74,63,291,4,72,76,367
06/15/2012,CHS,SC,ASO,ES,Combined TRACON& Tower with Radar,70,81,48,43,242,0,2,33,11,46,70,83,81,54,288,24,24,48,336
06/16/2012,CHS,SC,ASO,ES,Combined TRACON& Tower with Radar,67,79,37,25,208,0,4,31,3,38,67,83,68,28,246,32,14,46,292
06/17/2012,CHS,SC,ASO,ES,Combined TRACON& Tower with Radar,62,83,33,20,198,0,1,14,9,24,62,84,47,29,222,42,24,66,288
06/18/2012,CHS,SC,ASO,ES,Combined TRACON& Tower with Radar,69,75,56,17,217,0,1,25,4,30,69,76,81,21,247,20,0,20,267
06/19/2012,CHS,SC,ASO,ES,Combined TRACON& Tower with Radar,71,90,31,17,209,0,3,19,8,30,71,93,50,25,239,8,12,20,259
06/20/2012,CHS,SC,ASO,ES,Combined TRACON& Tower with Radar,68,80,47,17,212,0,3,16,7,26,68,83,63,24,238,12,8,20,258
06/21/2012,CHS,SC,ASO,ES,Combined TRACON& Tower with Radar,67,82,46,28,223,0,5,14,11,30,67,87,60,39,253,12,10,22,275
06/22/2012,CHS,SC,ASO,ES,Combined TRACON& Tower with Radar,70,82,35,36,223,0,4,18,9,31,70,86,53,45,254,22,36,58,312
06/23/2012,CHS,SC,ASO,ES,Combined TRACON& Tower with Radar,68,68,28,23,187,0,5,25,5,35,68,73,53,28,222,38,46,84,306
06/24/2012,CHS,SC,ASO,ES,Combined TRACON& Tower with Radar,68,68,40,24,200,0,2,15,5,22,68,70,55,29,222,8,4,12,234
06/25/2012,CHS,SC,ASO,ES,Combined TRACON& Tower with Radar,67,78,22,23,190,0,0,4,2,6,67,78,26,25,196,12,18,30,226
06/26/2012,CHS,SC,ASO,ES,Combined TRACON& Tower with Radar,71,74,30,28,203,0,0,2,3,5,71,74,32,31,208,4,0,4,212
06/27/2012,CHS,SC,ASO,ES,Combined TRACON& Tower with Radar,69,79,52,25,225,0,2,12,24,38,69,81,64,49,263,8,10,18,281
06/28/2012,CHS,SC,ASO,ES,Combined TRACON& Tower with Radar,69,90,41,38,238,0,6,28,14,48,69,96,69,52,286,18,28,46,332
06/29/2012,CHS,SC,ASO,ES,Combined TRACON& Tower with Radar,69,87,45,26,227,0,4,29,12,45,69,91,74,38,272,14,14,28,300
06/30/2012,CHS,SC,ASO,ES,Combined TRACON& Tower with Radar,62,75,42,15,194,0,4,34,7,45,62,79,76,22,239,28,4,32,271
07/01/2012,CHS,SC,ASO,ES,Combined TRACON& Tower with Radar,66,69,34,7,176,0,4,15,6,25,66,73,49,13,201,20,0,20,221
07/02/2012,CHS,SC,ASO,ES,Combined TRACON& Tower with Radar,68,65,35,37,205,0,1,22,5,28,68,66,57,42,233,24,44,68,301
07/03/2012,CHS,SC,ASO,ES,Combined TRACON& Tower with Radar,59,62,30,16,167,0,1,11,8,20,59,63,41,24,187,12,26,38,225
07/04/2012,CHS,SC,ASO,ES,Combined TRACON& Tower with Radar,55,35,12,4,106,0,3,12,3,18,55,38,24,7,124,16,2,18,142
07/05/2012,CHS,SC,ASO,ES,Combined TRACON& Tower with Radar,63,50,31,12,156,0,3,8,3,14,63,53,39,15,170,26,14,40,210
07/06/2012,CHS,SC,ASO,ES,Combined TRACON& Tower with Radar,65,60,37,16,178,0,1,22,6,29,65,61,59,22,207,12,8,20,227
07/07/2012,CHS,SC,ASO,ES,Combined TRACON& Tower with Radar,68,64,31,11,174,0,4,21,2,27,68,68,52,13,201,18,12,30,231
07/08/2012,CHS,SC,ASO,ES,Combined TRACON& Tower with Radar,70,62,41,10,183,0,4,20,8,32,70,66,61,18,215,29,12,41,256
07/09/2012,CHS,SC,ASO,ES,Combined TRACON& Tower with Radar,64,70,38,31,203,0,2,15,3,20,64,72,53,34,223,26,34,60,283
07/10/2012,CHS,SC,ASO,ES,Combined TRACON& Tower with Radar,65,74,39,35,213,0,1,7,7,15,65,75,46,42,228,24,30,54,282
07/11/2012,CHS,SC,ASO,ES,Combined TRACON& Tower with Radar,71,73,34,42,220,0,0,9,3,12,71,73,43,45,232,10,10,20,252
07/12/2012,CHS,SC,ASO,ES,Combined TRACON& Tower with Radar,68,80,34,49,231,0,0,5,5,10,68,80,39,54,241,8,40,48,289
07/13/2012,CHS,SC,ASO,ES,Combined TRACON& Tower with Radar,72,58,36,44,210,0,2,10,6,18,72,60,46,50,228,16,18,34,262
07/14/2012,CHS,SC,ASO,ES,Combined TRACON& Tower with Radar,76,68,33,18,195,0,3,20,7,30,76,71,53,25,225,20,6,26,251
07/15/2012,CHS,SC,ASO,ES,Combined TRACON& Tower with Radar,70,54,42,12,178,0,3,11,5,19,70,57,53,17,197,20,4,24,221
07/16/2012,CHS,SC,ASO,ES,Combined TRACON& Tower with Radar,69,70,31,19,189,0,3,18,6,27,69,73,49,25,216,28,26,54,270
07/17/2012,CHS,SC,ASO,ES,Combined TRACON& Tower with Radar,74,65,51,22,212,0,0,17,1,18,74,65,68,23,230,10,10,20,250
07/18/2012,CHS,SC,ASO,ES,Combined TRACON& Tower with Radar,68,81,33,38,220,0,1,21,3,25,68,82,54,41,245,30,34,64,309
07/19/2012,CHS,SC,ASO,ES,Combined TRACON& Tower with Radar,68,68,46,26,208,0,1,28,4,33,68,69,74,30,241,16,18,34,275
07/20/2012,CHS,SC,ASO,ES,Combined TRACON& Tower with Radar,72,54,42,27,195,0,2,16,7,25,72,56,58,34,220,12,24,36,256
07/21/2012,CHS,SC,ASO,ES,Combined TRACON& Tower with Radar,70,70,30,14,184,0,2,29,4,35,70,72,59,18,219,36,10,46,265
07/22/2012,CHS,SC,ASO,ES,Combined TRACON& Tower with Radar,69,53,35,12,169,0,1,15,2,18,69,54,50,14,187,16,9,25,212
07/23/2012,CHS,SC,ASO,ES,Combined TRACON& Tower with Radar,69,69,30,46,214,0,2,18,4,24,69,71,48,50,238,18,54,72,310
07/24/2012,CHS,SC,ASO,ES,Combined TRACON& Tower with Radar,72,64,25,36,197,0,0,17,6,23,72,64,42,42,220,16,16,32,252
07/25/2012,CHS,SC,ASO,ES,Combined TRACON& Tower with Radar,74,68,21,31,194,0,3,11,5,19,74,71,32,36,213,18,16,34,247
07/26/2012,CHS,SC,ASO,ES,Combined TRACON& Tower with Radar,68,60,42,27,197,0,2,24,4,30,68,62,66,31,227,16,12,28,255
07/27/2012,CHS,SC,ASO,ES,Combined TRACON& Tower with Radar,72,70,52,38,232,0,6,23,7,36,72,76,75,45,268,24,32,56,324
07/28/2012,CHS,SC,ASO,ES,Combined TRACON& Tower with Radar,70,56,32,34,192,0,6,25,4,35,70,62,57,38,227,8,28,36,263
07/29/2012,CHS,SC,ASO,ES,Combined TRACON& Tower with Radar,68,61,41,15,185,0,1,13,1,15,68,62,54,16,200,18,28,46,246
07/30/2012,CHS,SC,ASO,ES,Combined TRACON& Tower with Radar,71,62,34,25,192,0,1,9,7,17,71,63,43,32,209,20,6,26,235
07/31/2012,CHS,SC,ASO,ES,Combined TRACON& Tower with Radar,71,54,33,25,183,0,2,10,7,19,71,56,43,32,202,27,32,59,261
08/01/2012,CHS,SC,ASO,ES,Combined TRACON& Tower with Radar,68,60,36,40,204,0,2,14,6,22,68,62,50,46,226,28,34,62,288
08/02/2012,CHS,SC,ASO,ES,Combined TRACON& Tower with Radar,70,68,42,13,193,0,0,13,5,18,70,68,55,18,211,8,16,24,235
08/03/2012,CHS,SC,ASO,ES,Combined TRACON& Tower with Radar,69,74,50,29,222,0,5,15,5,25,69,79,65,34,247,10,20,30,277
08/04/2012,CHS,SC,ASO,ES,Combined TRACON& Tower with Radar,72,69,39,14,194,0,3,21,8,32,72,72,60,22,226,16,10,26,252
08/05/2012,CHS,SC,ASO,ES,Combined TRACON& Tower with Radar,69,63,29,9,170,0,1,7,1,9,69,64,36,10,179,8,0,8,187
08/06/2012,CHS,SC,ASO,ES,Combined TRACON& Tower with Radar,70,64,34,28,196,0,0,8,2,10,70,64,42,30,206,24,48,72,278
08/07/2012,CHS,SC,ASO,ES,Combined TRACON& Tower with Radar,69,77,26,17,189,0,0,14,3,17,69,77,40,20,206,8,0,8,214
08/08/2012,CHS,SC,ASO,ES,Combined TRACON& Tower with Radar,76,66,56,32,230,0,0,21,10,31,76,66,77,42,261,10,66,76,337
08/09/2012,CHS,SC,ASO,ES,Combined TRACON& Tower with Radar,63,78,48,23,212,0,3,20,4,27,63,81,68,27,239,36,18,54,293
08/10/2012,CHS,SC,ASO,ES,Combined TRACON& Tower with Radar,73,65,55,10,203,0,0,12,2,14,73,65,67,12,217,28,6,34,251
08/11/2012,CHS,SC,ASO,ES,Combined TRACON& Tower with Radar,67,67,39,6,179,0,0,30,0,30,67,67,69,6,209,40,14,54,263
08/12/2012,CHS,SC,ASO,ES,Combined TRACON& Tower with Radar,76,61,62,2,201,0,7,20,5,32,76,68,82,7,233,52,4,56,289
08/13/2012,CHS,SC,ASO,ES,Combined TRACON& Tower with Radar,69,69,55,33,226,0,2,23,6,31,69,71,78,39,257,22,28,50,307
08/14/2012,CHS,SC,ASO,ES,Combined TRACON& Tower with Radar,64,77,26,18,185,0,5,26,9,40,64,82,52,27,225,14,0,14,239
08/15/2012,CHS,SC,ASO,ES,Combined TRACON& Tower with Radar,67,76,40,31,214,0,4,15,7,26,67,80,55,38,240,8,42,50,290
08/16/2012,CHS,SC,ASO,ES,Combined TRACON& Tower with Radar,64,83,49,35,231,0,3,24,8,35,64,86,73,43,266,22,28,50,316
08/17/2012,CHS,SC,ASO,ES,Combined TRACON& Tower with Radar,64,86,49,81,280,0,1,10,8,19,64,87,59,89,299,24,34,58,357
08/18/2012,CHS,SC,ASO,ES,Combined TRACON& Tower with Radar,63,70,31,28,192,0,2,11,14,27,63,72,42,42,219,44,24,68,287
08/19/2012,CHS,SC,ASO,ES,Combined TRACON& Tower with Radar,61,68,42,23,194,0,0,7,2,9,61,68,49,25,203,2,6,8,211
08/20/2012,CHS,SC,ASO,ES,Combined TRACON& Tower with Radar,61,74,28,30,193,0,1,4,6,11,61,75,32,36,204,14,16,30,234
08/21/2012,CHS,SC,ASO,ES,Combined TRACON& Tower with Radar,65,65,39,30,199,0,1,7,6,14,65,66,46,36,213,0,0,0,213
08/22/2012,CHS,SC,ASO,ES,Combined TRACON& Tower with Radar,64,74,60,51,249,0,1,9,7,17,64,75,69,58,266,20,48,68,334
08/23/2012,CHS,SC,ASO,ES,Combined TRACON& Tower with Radar,65,81,35,37,218,0,0,2,0,2,65,81,37,37,220,10,38,48,268
08/24/2012,CHS,SC,ASO,ES,Combined TRACON& Tower with Radar,64,78,37,27,206,0,18,17,4,39,64,96,54,31,245,16,36,52,297
08/25/2012,CHS,SC,ASO,ES,Combined TRACON& Tower with Radar,61,64,36,22,183,0,7,29,13,49,61,71,65,35,232,36,22,58,290
08/26/2012,CHS,SC,ASO,ES,Combined TRACON& Tower with Radar,61,55,25,13,154,0,3,16,2,21,61,58,41,15,175,20,2,22,197
08/27/2012,CHS,SC,ASO,ES,Combined TRACON& Tower with Radar,60,70,28,31,189,0,2,10,4,16,60,72,38,35,205,6,18,24,229
08/28/2012,CHS,SC,ASO,ES,Combined TRACON& Tower with Radar,74,85,36,27,222,0,0,1,0,1,74,85,37,27,223,30,12,42,265
08/29/2012,CHS,SC,ASO,ES,Combined TRACON& Tower with Radar,68,66,29,25,188,0,0,15,2,17,68,66,44,27,205,8,14,22,227
08/30/2012,CHS,SC,ASO,ES,Combined TRACON& Tower with Radar,65,72,35,28,200,0,1,7,4,12,65,73,42,32,212,12,12,24,236
08/31/2012,CHS,SC,ASO,ES,Combined TRACON& Tower with Radar,67,82,42,7,198,0,5,32,5,42,67,87,74,12,240,0,0,0,240
09/01/2012,CHS,SC,ASO,ES,Combined TRACON& Tower with Radar,57,51,22,7,137,0,1,22,3,26,57,52,44,10,163,14,8,22,185
09/02/2012,CHS,SC,ASO,ES,Combined TRACON& Tower with Radar,46,41,17,6,110,0,0,21,0,21,46,41,38,6,131,8,0,8,139
09/03/2012,CHS,SC,ASO,ES,Combined TRACON& Tower with Radar,58,65,39,8,170,0,3,18,0,21,58,68,57,8,191,2,8,10,201
09/04/2012,CHS,SC,ASO,ES,Combined TRACON& Tower with Radar,61,68,31,33,193,0,4,11,9,24,61,72,42,42,217,28,36,64,281
09/05/2012,CHS,SC,ASO,ES,Combined TRACON& Tower with Radar,75,78,33,27,213,0,2,23,4,29,75,80,56,31,242,20,10,30,272
09/06/2012,CHS,SC,ASO,ES,Combined TRACON& Tower with Radar,71,72,37,34,214,0,4,22,7,33,71,76,59,41,247,12,32,44,291
09/07/2012,CHS,SC,ASO,ES,Combined TRACON& Tower with Radar,75,84,42,18,219,0,2,8,5,15,75,86,50,23,234,16,20,36,270
09/08/2012,CHS,SC,ASO,ES,Combined TRACON& Tower with Radar,63,43,12,20,138,0,3,16,8,27,63,46,28,28,165,26,18,44,209
09/09/2012,CHS,SC,ASO,ES,Combined TRACON& Tower with Radar,73,63,23,13,172,0,1,6,0,7,73,64,29,13,179,0,0,0,179
09/10/2012,CHS,SC,ASO,ES,Combined TRACON& Tower with Radar,68,62,31,30,191,0,1,15,4,20,68,63,46,34,211,10,20,30,241
09/11/2012,CHS,SC,ASO,ES,Combined TRACON& Tower with Radar,66,59,27,24,176,0,1,27,4,32,66,60,54,28,208,40,32,72,280
09/12/2012,CHS,SC,ASO,ES,Combined TRACON& Tower with Radar,70,75,42,23,210,0,4,25,11,40,70,79,67,34,250,6,4,10,260
09/13/2012,CHS,SC,ASO,ES,Combined TRACON& Tower with Radar,74,70,45,25,214,0,3,10,3,16,74,73,55,28,230,24,32,56,286
09/14/2012,CHS,SC,ASO,ES,Combined TRACON& Tower with Radar,70,74,42,38,224,0,2,20,5,27,70,76,62,43,251,14,54,68,319
09/15/2012,CHS,SC,ASO,ES,Combined TRACON& Tower with Radar,64,58,39,13,174,0,1,18,7,26,64,59,57,20,200,18,16,34,234
09/16/2012,CHS,SC,ASO,ES,Combined TRACON& Tower with Radar,70,62,39,11,182,0,1,5,3,9,70,63,44,14,191,20,10,30,221
09/17/2012,CHS,SC,ASO,ES,Combined TRACON& Tower with Radar,69,72,44,33,218,0,5,1,4,10,69,77,45,37,228,28,38,66,294
09/18/2012,CHS,SC,ASO,ES,Combined TRACON& Tower with Radar,64,63,23,18,168,0,0,0,0,0,64,63,23,18,168,2,20,22,190
09/19/2012,CHS,SC,ASO,ES,Combined TRACON& Tower with Radar,75,68,46,25,214,0,4,9,8,21,75,72,55,33,235,16,6,22,257
09/20/2012,CHS,SC,ASO,ES,Combined TRACON& Tower with Radar,71,74,55,24,224,0,3,22,7,32,71,77,77,31,256,32,8,40,296
09/21/2012,CHS,SC,ASO,ES,Combined TRACON& Tower with Radar,72,66,64,35,237,0,5,26,9,40,72,71,90,44,277,44,40,84,361
09/22/2012,CHS,SC,ASO,ES,Combined TRACON& Tower with Radar,64,51,19,15,149,0,6,27,6,39,64,57,46,21,188,26,8,34,222
09/23/2012,CHS,SC,ASO,ES,Combined TRACON& Tower with Radar,64,63,35,32,194,0,0,18,3,21,64,63,53,35,215,16,26,42,257
09/24/2012,CHS,SC,ASO,ES,Combined TRACON& Tower with Radar,68,68,33,26,195,0,3,20,7,30,68,71,53,33,225,2,0,2,227
09/25/2012,CHS,SC,ASO,ES,Combined TRACON& Tower with Radar,67,68,51,26,212,0,2,28,5,35,67,70,79,31,247,18,12,30,277
09/26/2012,CHS,SC,ASO,ES,Combined TRACON& Tower with Radar,75,88,54,20,237,0,2,15,11,28,75,90,69,31,265,18,6,24,289
09/27/2012,CHS,SC,ASO,ES,Combined TRACON& Tower with Radar,66,76,65,18,225,0,3,21,8,32,66,79,86,26,257,16,12,28,285
09/28/2012,CHS,SC,ASO,ES,Combined TRACON& Tower with Radar,73,76,62,29,240,0,3,22,4,29,73,79,84,33,269,44,36,80,349
09/29/2012,CHS,SC,ASO,ES,Combined TRACON& Tower with Radar,65,57,18,8,148,0,3,16,5,24,65,60,34,13,172,26,12,38,210
09/30/2012,CHS,SC,ASO,ES,Combined TRACON& Tower with Radar,68,67,52,7,194,0,3,2,2,7,68,70,54,9,201,6,2,8,209
10/01/2012,CHS,SC,ASO,ES,Combined TRACON& Tower with Radar,68,80,43,46,237,0,3,5,7,15,68,83,48,53,252,18,28,46,298
10/02/2012,CHS,SC,ASO,ES,Combined TRACON& Tower with Radar,67,70,40,24,201,0,1,5,2,8,67,71,45,26,209,12,16,28,237
10/03/2012,CHS,SC,ASO,ES,Combined TRACON& Tower with Radar,74,78,41,33,226,0,1,14,6,21,74,79,55,39,247,6,38,44,291
10/04/2012,CHS,SC,ASO,ES,Combined TRACON& Tower with Radar,75,81,49,42,247,0,0,14,4,18,75,81,63,46,265,36,26,62,327
10/05/2012,CHS,SC,ASO,ES,Combined TRACON& Tower with Radar,75,73,44,27,219,0,1,17,6,24,75,74,61,33,243,20,36,56,299
10/06/2012,CHS,SC,ASO,ES,Combined TRACON& Tower with Radar,59,55,15,6,135,0,6,23,9,38,59,61,38,15,173,24,18,42,215
10/07/2012,CHS,SC,ASO,ES,Combined TRACON& Tower with Radar,73,68,36,10,187,0,5,8,4,17,73,73,44,14,204,16,2,18,222
10/08/2012,CHS,SC,ASO,ES,Combined TRACON& Tower with Radar,77,71,32,5,185,0,0,1,2,3,77,71,33,7,188,2,2,4,192
10/09/2012,CHS,SC,ASO,ES,Combined TRACON& Tower with Radar,68,75,60,20,223,0,1,17,1,19,68,76,77,21,242,24,2,26,268
10/10/2012,CHS,SC,ASO,ES,Combined TRACON& Tower with Radar,69,66,76,22,233,0,2,40,6,48,69,68,116,28,281,92,20,112,393
10/11/2012,CHS,SC,ASO,ES,Combined TRACON& Tower with Radar,72,82,70,30,254,0,0,36,7,43,72,82,106,37,297,44,36,80,377
10/12/2012,CHS,SC,ASO,ES,Combined TRACON& Tower with Radar,74,77,55,35,241,0,9,35,9,53,74,86,90,44,294,16,24,40,334
10/13/2012,CHS,SC,ASO,ES,Combined TRACON& Tower with Radar,59,54,32,18,163,0,4,17,3,24,59,58,49,21,187,26,14,40,227
10/14/2012,CHS,SC,ASO,ES,Combined TRACON& Tower with Radar,69,58,52,14,193,0,1,19,6,26,69,59,71,20,219,8,4,12,231
10/15/2012,CHS,SC,ASO,ES,Combined TRACON& Tower with Radar,70,79,49,20,218,0,1,17,8,26,70,80,66,28,244,28,10,38,282
10/16/2012,CHS,SC,ASO,ES,Combined TRACON& Tower with Radar,67,77,56,27,227,0,1,24,4,29,67,78,80,31,256,14,12,26,282
10/17/2012,CHS,SC,ASO,ES,Combined TRACON& Tower with Radar,69,89,34,26,218,0,2,18,9,29,69,91,52,35,247,18,22,40,287
10/18/2012,CHS,SC,ASO,ES,Combined TRACON& Tower with Radar,74,87,51,24,236,0,1,33,3,37,74,88,84,27,273,48,38,86,359
10/19/2012,CHS,SC,ASO,ES,Combined TRACON& Tower with Radar,69,84,49,35,237,0,5,46,15,66,69,89,95,50,303,48,56,104,407
10/20/2012,CHS,SC,ASO,ES,Combined TRACON& Tower with Radar,63,61,34,14,172,0,1,37,4,42,63,62,71,18,214,28,20,48,262
10/21/2012,CHS,SC,ASO,ES,Combined TRACON& Tower with Radar,70,75,51,15,211,0,0,35,11,46,70,75,86,26,257,22,16,38,295
10/22/2012,CHS,SC,ASO,ES,Combined TRACON& Tower with Radar,72,64,41,29,206,0,4,26,3,33,72,68,67,32,239,14,18,32,271
10/23/2012,CHS,SC,ASO,ES,Combined TRACON& Tower with Radar,69,72,27,20,188,0,5,22,5,32,69,77,49,25,220,26,12,38,258
10/24/2012,CHS,SC,ASO,ES,Combined TRACON& Tower with Radar,68,87,47,32,234,0,2,23,13,38,68,89,70,45,272,22,12,34,306
10/25/2012,CHS,SC,ASO,ES,Combined TRACON& Tower with Radar,73,82,67,28,250,0,0,28,1,29,73,82,95,29,279,46,34,80,359
10/26/2012,CHS,SC,ASO,ES,Combined TRACON& Tower with Radar,74,87,48,23,232,0,2,14,2,18,74,89,62,25,250,36,24,60,310
10/27/2012,CHS,SC,ASO,ES,Combined TRACON& Tower with Radar,62,45,7,12,126,0,1,0,1,2,62,46,7,13,128,12,8,20,148
10/28/2012,CHS,SC,ASO,ES,Combined TRACON& Tower with Radar,66,67,47,17,197,0,1,21,3,25,66,68,68,20,222,10,8,18,240
10/29/2012,CHS,SC,ASO,ES,Combined TRACON& Tower with Radar,49,34,21,23,127,0,5,8,6,19,49,39,29,29,146,16,14,30,176
10/30/2012,CHS,SC,ASO,ES,Combined TRACON& Tower with Radar,50,34,34,44,162,0,7,8,13,28,50,41,42,57,190,16,18,34,224
10/31/2012,CHS,SC,ASO,ES,Combined TRACON& Tower with Radar,62,57,37,33,189,0,4,13,8,25,62,61,50,41,214,18,20,38,252
11/01/2012,CHS,SC,ASO,ES,Combined TRACON& Tower with Radar,70,81,47,34,232,0,2,20,7,29,70,83,67,41,261,50,20,70,331
11/02/2012,CHS,SC,ASO,ES,Combined TRACON& Tower with Radar,71,78,41,41,231,0,2,30,10,42,71,80,71,51,273,34,56,90,363
11/03/2012,CHS,SC,ASO,ES,Combined TRACON& Tower with Radar,67,41,31,19,158,0,4,32,11,47,67,45,63,30,205,48,34,82,287
11/04/2012,CHS,SC,ASO,ES,Combined TRACON& Tower with Radar,74,77,51,19,221,0,0,26,1,27,74,77,77,20,248,14,6,20,268
11/05/2012,CHS,SC,ASO,ES,Combined TRACON& Tower with Radar,70,71,36,33,210,0,1,9,3,13,70,72,45,36,223,20,34,54,277
11/06/2012,CHS,SC,ASO,ES,Combined TRACON& Tower with Radar,69,67,30,21,187,0,1,8,4,13,69,68,38,25,200,14,0,14,214
11/07/2012,CHS,SC,ASO,ES,Combined TRACON& Tower with Radar,73,69,40,45,227,0,3,28,6,37,73,72,68,51,264,22,32,54,318
11/08/2012,CHS,SC,ASO,ES,Combined TRACON& Tower with Radar,78,75,54,26,233,0,1,23,8,32,78,76,77,34,265,38,16,54,319
11/09/2012,CHS,SC,ASO,ES,Combined TRACON& Tower with Radar,83,74,84,24,265,0,3,29,4,36,83,77,113,28,301,29,55,84,385
11/10/2012,CHS,SC,ASO,ES,Combined TRACON& Tower with Radar,61,49,45,12,167,0,4,40,8,52,61,53,85,20,219,54,40,94,313
11/11/2012,CHS,SC,ASO,ES,Combined TRACON& Tower with Radar,75,57,44,7,183,0,2,36,2,40,75,59,80,9,223,24,2,26,249
11/12/2012,CHS,SC,ASO,ES,Combined TRACON& Tower with Radar,69,71,37,9,186,0,2,14,5,21,69,73,51,14,207,18,4,22,229
11/13/2012,CHS,SC,ASO,ES,Combined TRACON& Tower with Radar,75,68,54,54,251,0,4,5,6,15,75,72,59,60,266,16,38,54,320
11/14/2012,CHS,SC,ASO,ES,Combined TRACON& Tower with Radar,71,75,67,38,251,0,2,4,4,10,71,77,71,42,261,36,38,74,335
11/15/2012,CHS,SC,ASO,ES,Combined TRACON& Tower with Radar,59,39,41,14,153,0,0,0,0,0,59,39,41,14,153,36,22,58,211
11/16/2012,CHS,SC,ASO,ES,Combined TRACON& Tower with Radar,73,78,71,27,249,0,1,14,5,20,73,79,85,32,269,26,10,36,305
11/17/2012,CHS,SC,ASO,ES,Combined TRACON& Tower with Radar,61,59,44,22,186,0,1,18,6,25,61,60,62,28,211,44,38,82,293
11/18/2012,CHS,SC,ASO,ES,Combined TRACON& Tower with Radar,69,61,34,20,184,0,0,0,0,0,69,61,34,20,184,8,6,14,198
11/19/2012,CHS,SC,ASO,ES,Combined TRACON& Tower with Radar,70,79,47,39,235,0,3,10,9,22,70,82,57,48,257,37,32,69,326
11/20/2012,CHS,SC,ASO,ES,Combined TRACON& Tower with Radar,72,81,55,24,232,0,0,29,2,31,72,81,84,26,263,20,4,24,287
11/21/2012,CHS,SC,ASO,ES,Combined TRACON& Tower with Radar,79,81,42,20,222,0,3,20,10,33,79,84,62,30,255,40,14,54,309
11/22/2012,CHS,SC,ASO,ES,Combined TRACON& Tower with Radar,45,32,19,2,98,0,0,11,2,13,45,32,30,4,111,20,0,20,131
11/23/2012,CHS,SC,ASO,ES,Combined TRACON& Tower with Radar,50,47,36,3,136,0,4,25,2,31,50,51,61,5,167,40,2,42,209
11/24/2012,CHS,SC,ASO,ES,Combined TRACON& Tower with Radar,75,78,24,6,183,0,0,17,6,23,75,78,41,12,206,36,10,46,252
11/25/2012,CHS,SC,ASO,ES,Combined TRACON& Tower with Radar,71,82,61,2,216,0,0,37,3,40,71,82,98,5,256,34,0,34,290
11/26/2012,CHS,SC,ASO,ES,Combined TRACON& Tower with Radar,72,68,30,35,205,0,2,28,4,34,72,70,58,39,239,38,14,52,291
11/27/2012,CHS,SC,ASO,ES,Combined TRACON& Tower with Radar,63,64,36,43,206,0,2,12,5,19,63,66,48,48,225,6,42,48,273
11/28/2012,CHS,SC,ASO,ES,Combined TRACON& Tower with Radar,68,76,47,21,212,0,1,19,7,27,68,77,66,28,239,38,20,58,297
11/29/2012,CHS,SC,ASO,ES,Combined TRACON& Tower with Radar,68,80,53,34,235,0,1,34,7,42,68,81,87,41,277,50,40,90,367
11/30/2012,CHS,SC,ASO,ES,Combined TRACON& Tower with Radar,69,79,44,37,229,0,1,16,11,28,69,80,60,48,257,32,22,54,311
12/01/2012,CHS,SC,ASO,ES,Combined TRACON& Tower with Radar,54,62,22,18,156,0,0,9,8,17,54,62,31,26,173,26,6,32,205
12/02/2012,CHS,SC,ASO,ES,Combined TRACON& Tower with Radar,63,74,35,22,194,0,3,14,9,26,63,77,49,31,220,14,8,22,242
12/03/2012,CHS,SC,ASO,ES,Combined TRACON& Tower with Radar,64,82,42,45,233,0,4,13,3,20,64,86,55,48,253,10,44,54,307
12/04/2012,CHS,SC,ASO,ES,Combined TRACON& Tower with Radar,69,72,54,29,224,0,5,21,4,30,69,77,75,33,254,28,22,50,304
12/05/2012,CHS,SC,ASO,ES,Combined TRACON& Tower with Radar,68,71,43,41,223,0,5,18,5,28,68,76,61,46,251,20,20,40,291
12/06/2012,CHS,SC,ASO,ES,Combined TRACON& Tower with Radar,66,73,34,38,211,0,2,15,5,22,66,75,49,43,233,42,38,80,313
12/07/2012,CHS,SC,ASO,ES,Combined TRACON& Tower with Radar,72,82,50,51,255,0,3,4,6,13,72,85,54,57,268,38,32,70,338
12/08/2012,CHS,SC,ASO,ES,Combined TRACON& Tower with Radar,56,58,27,14,155,0,5,20,7,32,56,63,47,21,187,40,2,42,229
12/09/2012,CHS,SC,ASO,ES,Combined TRACON& Tower with Radar,68,68,47,20,203,0,1,13,6,20,68,69,60,26,223,30,16,46,269
12/10/2012,CHS,SC,ASO,ES,Combined TRACON& Tower with Radar,64,56,36,43,199,1,0,8,5,14,65,56,44,48,213,18,26,44,257
12/11/2012,CHS,SC,ASO,ES,Combined TRACON& Tower with Radar,73,70,50,31,224,0,1,13,1,15,73,71,63,32,239,20,14,34,273
12/12/2012,CHS,SC,ASO,ES,Combined TRACON& Tower with Radar,72,74,58,29,233,0,0,0,2,2,72,74,58,31,235,30,12,42,277
12/13/2012,CHS,SC,ASO,ES,Combined TRACON& Tower with Radar,69,77,52,30,228,0,6,5,5,16,69,83,57,35,244,24,32,56,300
12/14/2012,CHS,SC,ASO,ES,Combined TRACON& Tower with Radar,70,67,31,43,211,0,6,36,13,55,70,73,67,56,266,36,46,82,348
12/15/2012,CHS,SC,ASO,ES,Combined TRACON& Tower with Radar,56,66,22,37,181,0,4,16,5,25,56,70,38,42,206,40,46,86,292
12/16/2012,CHS,SC,ASO,ES,Combined TRACON& Tower with Radar,68,61,24,34,187,0,2,11,2,15,68,63,35,36,202,20,14,34,236
12/17/2012,CHS,SC,ASO,ES,Combined TRACON& Tower with Radar,61,65,35,26,187,0,0,11,7,18,61,65,46,33,205,12,14,26,231
12/18/2012,CHS,SC,ASO,ES,Combined TRACON& Tower with Radar,61,60,30,34,185,0,2,19,13,34,61,62,49,47,219,36,28,64,283
12/19/2012,CHS,SC,ASO,ES,Combined TRACON& Tower with Radar,64,75,50,47,236,0,3,31,14,48,64,78,81,61,284,40,28,68,352
12/20/2012,CHS,SC,ASO,ES,Combined TRACON& Tower with Radar,68,86,41,28,223,0,2,11,11,24,68,88,52,39,247,40,28,68,315
12/21/2012,CHS,SC,ASO,ES,Combined TRACON& Tower with Radar,66,71,38,28,203,0,2,9,3,14,66,73,47,31,217,34,28,62,279
12/22/2012,CHS,SC,ASO,ES,Combined TRACON& Tower with Radar,69,67,27,2,165,0,3,28,7,38,69,70,55,9,203,48,18,66,269
12/23/2012,CHS,SC,ASO,ES,Combined TRACON& Tower with Radar,59,66,34,2,161,0,0,17,3,20,59,66,51,5,181,26,2,28,209
12/24/2012,CHS,SC,ASO,ES,Combined TRACON& Tower with Radar,56,47,10,2,115,0,3,11,0,14,56,50,21,2,129,18,0,18,147
12/25/2012,CHS,SC,ASO,ES,Combined TRACON& Tower with Radar,48,42,7,2,99,0,0,2,0,2,48,42,9,2,101,0,0,0,101
12/26/2012,CHS,SC,ASO,ES,Combined TRACON& Tower with Radar,59,73,31,17,180,0,3,2,2,7,59,76,33,19,187,24,28,52,239
12/27/2012,CHS,SC,ASO,ES,Combined TRACON& Tower with Radar,64,82,39,38,223,0,3,25,4,32,64,85,64,42,255,40,44,84,339
12/28/2012,CHS,SC,ASO,ES,Combined TRACON& Tower with Radar,67,84,56,18,225,0,7,21,11,39,67,91,77,29,264,58,22,80,344
12/29/2012,CHS,SC,ASO,ES,Combined TRACON& Tower with Radar,67,55,33,5,160,0,1,1,2,4,67,56,34,7,164,20,4,24,188
12/30/2012,CHS,SC,ASO,ES,Combined TRACON& Tower with Radar,56,70,27,3,156,0,1,44,6,51,56,71,71,9,207,42,0,42,249
12/31/2012,CHS,SC,ASO,ES,Combined TRACON& Tower with Radar,61,57,22,6,146,0,2,24,7,33,61,59,46,13,179,40,6,46,225
01/01/2013,CHS,SC,ASO,ES,Combined TRACON& Tower with Radar,50,61,28,3,142,0,2,10,3,15,50,63,38,6,157,10,0,10,167
01/02/2013,CHS,SC,ASO,ES,Combined TRACON& Tower with Radar,69,76,57,42,244,0,2,2,0,4,69,78,59,42,248,20,30,50,298
01/03/2013,CHS,SC,ASO,ES,Combined TRACON& Tower with Radar,80,76,29,34,219,0,0,0,0,0,80,76,29,34,219,22,22,44,263
01/04/2013,CHS,SC,ASO,ES,Combined TRACON& Tower with Radar,67,66,24,21,178,0,2,24,6,32,67,68,48,27,210,36,32,68,278
01/05/2013,CHS,SC,ASO,ES,Combined TRACON& Tower with Radar,53,51,20,3,127,0,3,21,10,34,53,54,41,13,161,36,0,36,197
01/06/2013,CHS,SC,ASO,ES,Combined TRACON& Tower with Radar,57,54,34,9,154,0,1,12,2,15,57,55,46,11,169,38,2,40,209
01/07/2013,CHS,SC,ASO,ES,Combined TRACON& Tower with Radar,61,55,35,21,172,0,0,19,4,23,61,55,54,25,195,12,18,30,225
01/08/2013,CHS,SC,ASO,ES,Combined TRACON& Tower with Radar,66,58,39,31,194,0,1,22,3,26,66,59,61,34,220,20,22,42,262
01/09/2013,CHS,SC,ASO,ES,Combined TRACON& Tower with Radar,65,63,31,32,191,0,2,20,7,29,65,65,51,39,220,40,42,82,302
01/10/2013,CHS,SC,ASO,ES,Combined TRACON& Tower with Radar,72,66,36,38,212,0,2,14,3,19,72,68,50,41,231,16,26,42,273
01/11/2013,CHS,SC,ASO,ES,Combined TRACON& Tower with Radar,75,72,38,38,223,0,1,8,5,14,75,73,46,43,237,32,36,68,305
01/12/2013,CHS,SC,ASO,ES,Combined TRACON& Tower with Radar,51,44,37,28,160,0,1,34,1,36,51,45,71,29,196,50,20,70,266
01/13/2013,CHS,SC,ASO,ES,Combined TRACON& Tower with Radar,61,47,26,10,144,0,0,11,1,12,61,47,37,11,156,12,6,18,174
01/14/2013,CHS,SC,ASO,ES,Combined TRACON& Tower with Radar,58,73,29,41,201,0,4,12,5,21,58,77,41,46,222,16,10,26,248
01/15/2013,CHS,SC,ASO,ES,Combined TRACON& Tower with Radar,57,54,34,24,169,0,3,12,6,21,57,57,46,30,190,22,30,52,242
01/16/2013,CHS,SC,ASO,ES,Combined TRACON& Tower with Radar,58,69,34,27,188,0,2,14,9,25,58,71,48,36,213,14,22,36,249
01/17/2013,CHS,SC,ASO,ES,Combined TRACON& Tower with Radar,58,71,36,24,189,0,2,10,1,13,58,73,46,25,202,18,12,30,232
01/18/2013,CHS,SC,ASO,ES,Combined TRACON& Tower with Radar,64,59,53,30,206,0,3,16,4,23,64,62,69,34,229,54,34,88,317
01/19/2013,CHS,SC,ASO,ES,Combined TRACON& Tower with Radar,47,36,21,16,120,0,1,34,5,40,47,37,55,21,160,28,10,38,198
01/20/2013,CHS,SC,ASO,ES,Combined TRACON& Tower with Radar,44,51,32,13,140,0,2,24,5,31,44,53,56,18,171,36,18,54,225
01/21/2013,CHS,SC,ASO,ES,Combined TRACON& Tower with Radar,60,67,43,9,179,0,2,39,4,45,60,69,82,13,224,38,4,42,266
01/22/2013,CHS,SC,ASO,ES,Combined TRACON& Tower with Radar,64,65,39,42,210,0,5,16,8,29,64,70,55,50,239,32,38,70,309
01/23/2013,CHS,SC,ASO,ES,Combined TRACON& Tower with Radar,63,72,36,57,228,0,3,28,8,39,63,75,64,65,267,22,34,56,323
01/24/2013,CHS,SC,ASO,ES,Combined TRACON& Tower with Radar,70,63,40,44,217,0,1,8,4,13,70,64,48,48,230,30,48,78,308
01/25/2013,CHS,SC,ASO,ES,Combined TRACON& Tower with Radar,71,60,22,30,183,0,1,16,10,27,71,61,38,40,210,40,20,60,270
01/26/2013,CHS,SC,ASO,ES,Combined TRACON& Tower with Radar,55,35,28,14,132,0,3,25,7,35,55,38,53,21,167,46,20,66,233
01/27/2013,CHS,SC,ASO,ES,Combined TRACON& Tower with Radar,61,54,44,13,172,0,4,21,10,35,61,58,65,23,207,26,10,36,243
01/28/2013,CHS,SC,ASO,ES,Combined TRACON& Tower with Radar,61,49,36,53,199,0,2,15,2,19,61,51,51,55,218,18,50,68,286
01/29/2013,CHS,SC,ASO,ES,Combined TRACON& Tower with Radar,63,60,51,40,214,0,2,24,1,27,63,62,75,41,241,26,42,68,309
01/30/2013,CHS,SC,ASO,ES,Combined TRACON& Tower with Radar,66,54,41,42,203,0,1,0,1,2,66,55,41,43,205,12,40,52,257
01/31/2013,CHS,SC,ASO,ES,Combined TRACON& Tower with Radar,70,71,57,42,240,0,2,13,2,17,70,73,70,44,257,34,48,82,339
02/01/2013,CHS,SC,ASO,ES,Combined TRACON& Tower with Radar,68,84,39,34,225,0,3,11,7,21,68,87,50,41,246,32,36,68,314
02/02/2013,CHS,SC,ASO,ES,Combined TRACON& Tower with Radar,59,43,28,21,151,0,5,30,13,48,59,48,58,34,199,32,28,60,259
02/03/2013,CHS,SC,ASO,ES,Combined TRACON& Tower with Radar,55,69,24,12,160,0,3,13,4,20,55,72,37,16,180,38,6,44,224
02/04/2013,CHS,SC,ASO,ES,Combined TRACON& Tower with Radar,61,70,30,23,184,0,2,22,8,32,61,72,52,31,216,36,8,44,260
02/05/2013,CHS,SC,ASO,ES,Combined TRACON& Tower with Radar,60,63,36,38,197,0,5,16,10,31,60,68,52,48,228,28,24,52,280
02/06/2013,CHS,SC,ASO,ES,Combined TRACON& Tower with Radar,64,68,31,35,198,0,5,26,7,38,64,73,57,42,236,22,24,46,282
02/07/2013,CHS,SC,ASO,ES,Combined TRACON& Tower with Radar,76,59,26,24,185,0,0,6,1,7,76,59,32,25,192,26,32,58,250
02/08/2013,CHS,SC,ASO,ES,Combined TRACON& Tower with Radar,62,65,45,34,206,0,3,14,7,24,62,68,59,41,230,64,32,96,326
02/09/2013,CHS,SC,ASO,ES,Combined TRACON& Tower with Radar,48,52,26,17,143,0,2,43,11,56,48,54,69,28,199,44,8,52,251
02/10/2013,CHS,SC,ASO,ES,Combined TRACON& Tower with Radar,63,67,32,21,183,0,2,29,7,38,63,69,61,28,221,20,10,30,251
02/11/2013,CHS,SC,ASO,ES,Combined TRACON& Tower with Radar,62,50,21,33,166,0,0,1,0,1,62,50,22,33,167,8,26,34,201
02/12/2013,CHS,SC,ASO,ES,Combined TRACON& Tower with Radar,66,53,29,52,200,0,0,1,4,5,66,53,30,56,205,14,50,64,269
02/13/2013,CHS,SC,ASO,ES,Combined TRACON& Tower with Radar,66,64,38,44,212,0,0,3,1,4,66,64,41,45,216,26,22,48,264
02/14/2013,CHS,SC,ASO,ES,Combined TRACON& Tower with Radar,70,69,70,39,248,0,3,27,7,37,70,72,97,46,285,48,38,86,371
02/15/2013,CHS,SC,ASO,ES,Combined TRACON& Tower with Radar,69,76,60,35,240,0,5,30,13,48,69,81,90,48,288,56,36,92,380
02/16/2013,CHS,SC,ASO,ES,Combined TRACON& Tower with Radar,52,51,29,11,143,0,4,12,8,24,52,55,41,19,167,38,8,46,213
02/17/2013,CHS,SC,ASO,ES,Combined TRACON& Tower with Radar,50,60,35,4,149,0,4,24,8,36,50,64,59,12,185,44,4,48,233
02/18/2013,CHS,SC,ASO,ES,Combined TRACON& Tower with Radar,70,68,39,12,189,0,3,25,4,32,70,71,64,16,221,46,4,50,271
02/19/2013,CHS,SC,ASO,ES,Combined TRACON& Tower with Radar,69,66,22,40,197,0,2,6,2,10,69,68,28,42,207,12,48,60,267
02/20/2013,CHS,SC,ASO,ES,Combined TRACON& Tower with Radar,69,52,48,32,201,0,4,30,15,49,69,56,78,47,250,46,28,74,324
02/21/2013,CHS,SC,ASO,ES,Combined TRACON& Tower with Radar,70,62,57,39,228,0,1,28,8,37,70,63,85,47,265,30,40,70,335
02/22/2013,CHS,SC,ASO,ES,Combined TRACON& Tower with Radar,72,63,35,21,191,0,0,0,0,0,72,63,35,21,191,26,0,26,217
02/23/2013,CHS,SC,ASO,ES,Combined TRACON& Tower with Radar,99,35,16,17,167,0,0,0,0,0,99,35,16,17,167,88,12,100,267
02/24/2013,CHS,SC,ASO,ES,Combined TRACON& Tower with Radar,63,80,53,12,208,0,2,36,8,46,63,82,89,20,254,40,12,52,306
02/25/2013,CHS,SC,ASO,ES,Combined TRACON& Tower with Radar,67,71,50,19,207,0,2,6,2,10,67,73,56,21,217,22,8,30,247
02/26/2013,CHS,SC,ASO,ES,Combined TRACON& Tower with Radar,72,63,29,31,195,0,1,3,5,9,72,64,32,36,204,26,50,76,280
02/27/2013,CHS,SC,ASO,ES,Combined TRACON& Tower with Radar,73,58,45,41,217,0,2,14,7,23,73,60,59,48,240,44,50,94,334
02/28/2013,CHS,SC,ASO,ES,Combined TRACON& Tower with Radar,79,81,55,24,239,0,3,17,5,25,79,84,72,29,264,58,68,126,390
03/01/2013,CHS,SC,ASO,ES,Combined TRACON& Tower with Radar,77,82,50,30,239,0,3,26,11,40,77,85,76,41,279,42,28,70,349
03/02/2013,CHS,SC,ASO,ES,Combined TRACON& Tower with Radar,63,63,28,6,160,0,2,20,3,25,63,65,48,9,185,42,8,50,235
03/03/2013,CHS,SC,ASO,ES,Combined TRACON& Tower with Radar,77,61,50,17,205,0,2,31,6,39,77,63,81,23,244,44,18,62,306
03/04/2013,CHS,SC,ASO,ES,Combined TRACON& Tower with Radar,72,74,30,21,197,0,2,22,8,32,72,76,52,29,229,24,8,32,261
03/05/2013,CHS,SC,ASO,ES,Combined TRACON& Tower with Radar,80,62,40,32,214,0,5,11,14,30,80,67,51,46,244,58,54,112,356
03/06/2013,CHS,SC,ASO,ES,Combined TRACON& Tower with Radar,80,59,20,22,181,0,2,6,2,10,80,61,26,24,191,42,46,88,279
03/07/2013,CHS,SC,ASO,ES,Combined TRACON& Tower with Radar,75,75,37,22,209,0,6,24,7,37,75,81,61,29,246,52,18,70,316
03/08/2013,CHS,SC,ASO,ES,Combined TRACON& Tower with Radar,72,81,59,27,239,0,7,23,3,33,72,88,82,30,272,66,14,80,352
03/09/2013,CHS,SC,ASO,ES,Combined TRACON& Tower with Radar,75,58,34,21,188,0,2,27,3,32,75,60,61,24,220,60,30,90,310
03/10/2013,CHS,SC,ASO,ES,Combined TRACON& Tower with Radar,75,77,46,12,210,0,6,17,9,32,75,83,63,21,242,56,0,56,298
03/11/2013,CHS,SC,ASO,ES,Combined TRACON& Tower with Radar,78,75,24,23,200,0,1,12,8,21,78,76,36,31,221,24,10,34,255
03/12/2013,CHS,SC,ASO,ES,Combined TRACON& Tower with Radar,77,68,34,32,211,0,3,6,2,11,77,71,40,34,222,30,29,59,281
03/13/2013,CHS,SC,ASO,ES,Combined TRACON& Tower with Radar,75,83,47,45,250,0,5,10,5,20,75,88,57,50,270,36,42,78,348
03/14/2013,CHS,SC,ASO,ES,Combined TRACON& Tower with Radar,79,73,40,18,210,0,5,16,12,33,79,78,56,30,243,68,48,116,359
03/15/2013,CHS,SC,ASO,ES,Combined TRACON& Tower with Radar,81,81,44,29,235,0,4,23,6,33,81,85,67,35,268,46,34,80,348
03/16/2013,CHS,SC,ASO,ES,Combined TRACON& Tower with Radar,73,63,35,16,187,0,5,9,6,20,73,68,44,22,207,54,14,68,275
03/17/2013,CHS,SC,ASO,ES,Combined TRACON& Tower with Radar,74,67,53,10,204,0,4,28,7,39,74,71,81,17,243,46,4,50,293
03/18/2013,CHS,SC,ASO,ES,Combined TRACON& Tower with Radar,72,81,35,40,228,0,2,15,4,21,72,83,50,44,249,32,62,94,343
03/19/2013,CHS,SC,ASO,ES,Combined TRACON& Tower with Radar,84,78,40,23,225,0,4,11,10,25,84,82,51,33,250,40,36,76,326
03/20/2013,CHS,SC,ASO,ES,Combined TRACON& Tower with Radar,77,92,52,41,262,0,4,14,9,27,77,96,66,50,289,38,32,70,359
03/21/2013,CHS,SC,ASO,ES,Combined TRACON& Tower with Radar,81,96,52,42,271,0,4,16,14,34,81,100,68,56,305,56,38,94,399
03/22/2013,CHS,SC,ASO,ES,Combined TRACON& Tower with Radar,79,87,67,38,271,0,6,17,4,27,79,93,84,42,298,70,60,130,428
03/23/2013,CHS,SC,ASO,ES,Combined TRACON& Tower with Radar,76,69,32,19,196,0,1,9,4,14,76,70,41,23,210,30,22,52,262
03/24/2013,CHS,SC,ASO,ES,Combined TRACON& Tower with Radar,95,91,28,10,224,0,0,0,0,0,95,91,28,10,224,46,0,46,270
03/25/2013,CHS,SC,ASO,ES,Combined TRACON& Tower with Radar,72,80,29,27,208,0,5,6,5,16,72,85,35,32,224,36,16,52,276
03/26/2013,CHS,SC,ASO,ES,Combined TRACON& Tower with Radar,79,82,44,20,225,0,4,10,8,22,79,86,54,28,247,34,16,50,297
03/27/2013,CHS,SC,ASO,ES,Combined TRACON& Tower with Radar,80,84,40,30,234,0,2,23,14,39,80,86,63,44,273,40,16,56,329
03/28/2013,CHS,SC,ASO,ES,Combined TRACON& Tower with Radar,79,86,42,32,239,0,4,19,4,27,79,90,61,36,266,62,20,82,348
03/29/2013,CHS,SC,ASO,ES,Combined TRACON& Tower with Radar,78,91,42,29,240,0,3,44,6,53,78,94,86,35,293,32,18,50,343
03/30/2013,CHS,SC,ASO,ES,Combined TRACON& Tower with Radar,72,72,32,11,187,0,5,23,11,39,72,77,55,22,226,26,4,30,256
03/31/2013,CHS,SC,ASO,ES,Combined TRACON& Tower with Radar,80,79,47,10,216,0,1,8,1,10,80,80,55,11,226,56,0,56,282
04/01/2013,CHS,SC,ASO,ES,Combined TRACON& Tower with Radar,83,75,61,46,265,0,1,8,5,14,83,76,69,51,279,22,34,56,335
04/02/2013,CHS,SC,ASO,ES,Combined TRACON& Tower with Radar,76,75,27,34,212,0,4,38,4,46,76,79,65,38,258,30,18,48,306
04/03/2013,CHS,SC,ASO,ES,Combined TRACON& Tower with Radar,80,77,64,37,258,0,0,19,5,24,80,77,83,42,282,30,24,54,336
04/04/2013,CHS,SC,ASO,ES,Combined TRACON& Tower with Radar,88,87,49,23,247,0,0,0,0,0,88,87,49,23,247,66,26,92,339
04/05/2013,CHS,SC,ASO,ES,Combined TRACON& Tower with Radar,84,91,63,29,267,0,0,1,6,7,84,91,64,35,274,40,20,60,334
04/06/2013,CHS,SC,ASO,ES,Combined TRACON& Tower with Radar,73,76,35,10,194,0,5,54,12,71,73,81,89,22,265,60,12,72,337
04/07/2013,CHS,SC,ASO,ES,Combined TRACON& Tower with Radar,77,79,50,6,212,0,3,29,7,39,77,82,79,13,251,50,6,56,307
04/08/2013,CHS,SC,ASO,ES,Combined TRACON& Tower with Radar,80,81,51,13,225,0,2,30,9,41,80,83,81,22,266,32,2,34,300
04/09/2013,CHS,SC,ASO,ES,Combined TRACON& Tower with Radar,83,75,62,18,238,0,3,34,8,45,83,78,96,26,283,26,24,50,333
04/10/2013,CHS,SC,ASO,ES,Combined TRACON& Tower with Radar,86,68,82,13,249,0,4,20,12,36,86,72,102,25,285,50,36,86,371
04/11/2013,CHS,SC,ASO,ES,Combined TRACON& Tower with Radar,87,86,70,52,295,0,1,15,0,16,87,87,85,52,311,50,64,114,425
04/12/2013,CHS,SC,ASO,ES,Combined TRACON& Tower with Radar,86,95,44,27,252,0,1,2,8,11,86,96,46,35,263,42,39,81,344
04/13/2013,CHS,SC,ASO,ES,Combined TRACON& Tower with Radar,91,73,33,8,205,0,7,27,12,46,91,80,60,20,251,38,10,48,299
04/14/2013,CHS,SC,ASO,ES,Combined TRACON& Tower with Radar,88,84,44,14,230,0,0,26,6,32,88,84,70,20,262,42,4,46,308
04/15/2013,CHS,SC,ASO,ES,Combined TRACON& Tower with Radar,87,90,61,27,265,0,1,11,4,16,87,91,72,31,281,18,20,38,319
04/16/2013,CHS,SC,ASO,ES,Combined TRACON& Tower with Radar,84,72,52,27,235,0,2,27,5,34,84,74,79,32,269,20,12,32,301
04/17/2013,CHS,SC,ASO,ES,Combined TRACON& Tower with Radar,89,92,57,36,274,0,4,23,12,39,89,96,80,48,313,54,24,78,391
04/18/2013,CHS,SC,ASO,ES,Combined TRACON& Tower with Radar,93,76,67,17,253,0,2,16,11,29,93,78,83,28,282,62,20,82,364
04/19/2013,CHS,SC,ASO,ES,Combined TRACON& Tower with Radar,87,74,56,32,249,0,1,6,2,9,87,75,62,34,258,46,44,90,348
04/20/2013,CHS,SC,ASO,ES,Combined TRACON& Tower with Radar,98,71,42,14,225,0,0,9,4,13,98,71,51,18,238,38,8,46,284
04/21/2013,CHS,SC,ASO,ES,Combined TRACON& Tower with Radar,88,81,56,19,244,0,3,22,2,27,88,84,78,21,271,34,10,44,315
04/22/2013,CHS,SC,ASO,ES,Combined TRACON& Tower with Radar,85,72,54,36,247,1,2,15,5,23,86,74,69,41,270,22,16,38,308
04/23/2013,CHS,SC,ASO,ES,Combined TRACON& Tower with Radar,83,85,46,24,238,0,7,14,12,33,83,92,60,36,271,52,10,62,333
04/24/2013,CHS,SC,ASO,ES,Combined TRACON& Tower with Radar,89,85,64,39,277,0,5,29,11,45,89,90,93,50,322,56,34,90,412
04/25/2013,CHS,SC,ASO,ES,Combined TRACON& Tower with Radar,100,78,70,39,287,0,2,22,6,30,100,80,92,45,317,50,40,90,407
04/26/2013,CHS,SC,ASO,ES,Combined TRACON& Tower with Radar,88,88,48,30,254,0,1,30,17,48,88,89,78,47,302,60,24,84,386
04/27/2013,CHS,SC,ASO,ES,Combined TRACON& Tower with Radar,94,68,37,8,207,0,4,18,3,25,94,72,55,11,232,38,12,50,282
04/28/2013,CHS,SC,ASO,ES,Combined TRACON& Tower with Radar,94,71,46,14,225,0,3,3,13,19,94,74,49,27,244,10,8,18,262
04/29/2013,CHS,SC,ASO,ES,Combined TRACON& Tower with Radar,84,70,26,27,207,0,0,1,0,1,84,70,27,27,208,18,8,26,234
04/30/2013,CHS,SC,ASO,ES,Combined TRACON& Tower with Radar,90,72,46,29,237,0,3,12,0,15,90,75,58,29,252,28,18,46,298
05/01/2013,CHS,SC,ASO,ES,Combined TRACON& Tower with Radar,87,83,68,41,279,0,0,14,1,15,87,83,82,42,294,26,26,52,346
05/02/2013,CHS,SC,ASO,ES,Combined TRACON& Tower with Radar,79,103,62,30,274,0,2,5,2,9,79,105,67,32,283,44,46,90,373
05/03/2013,CHS,SC,ASO,ES,Combined TRACON& Tower with Radar,80,86,58,35,259,0,0,4,1,5,80,86,62,36,264,48,36,84,348
05/04/2013,CHS,SC,ASO,ES,Combined TRACON& Tower with Radar,92,67,31,23,213,0,0,0,1,1,92,67,31,24,214,20,4,24,238
05/05/2013,CHS,SC,ASO,ES,Combined TRACON& Tower with Radar,79,102,45,9,235,0,0,3,1,4,79,102,48,10,239,34,12,46,285
05/06/2013,CHS,SC,ASO,ES,Combined TRACON& Tower with Radar,79,79,38,44,240,0,3,26,12,41,79,82,64,56,281,26,16,42,323
05/07/2013,CHS,SC,ASO,ES,Combined TRACON& Tower with Radar,82,74,52,45,253,0,4,11,8,23,82,78,63,53,276,42,54,96,372
05/08/2013,CHS,SC,ASO,ES,Combined TRACON& Tower with Radar,87,67,59,31,244,0,5,21,7,33,87,72,80,38,277,10,34,44,321
05/09/2013,CHS,SC,ASO,ES,Combined TRACON& Tower with Radar,82,80,54,42,258,0,6,24,9,39,82,86,78,51,297,44,56,100,397
05/10/2013,CHS,SC,ASO,ES,Combined TRACON& Tower with Radar,82,82,68,33,265,0,9,36,10,55,82,91,104,43,320,66,66,132,452
05/11/2013,CHS,SC,ASO,ES,Combined TRACON& Tower with Radar,88,66,28,6,188,0,2,19,11,32,88,68,47,17,220,78,32,110,330
05/12/2013,CHS,SC,ASO,ES,Combined TRACON& Tower with Radar,87,70,43,14,214,0,3,12,7,22,87,73,55,21,236,48,8,56,292
05/13/2013,CHS,SC,ASO,ES,Combined TRACON& Tower with Radar,79,66,40,25,210,0,3,21,0,24,79,69,61,25,234,26,18,44,278
05/14/2013,CHS,SC,ASO,ES,Combined TRACON& Tower with Radar,79,76,35,24,214,0,5,34,5,44,79,81,69,29,258,20,27,47,305
05/15/2013,CHS,SC,ASO,ES,Combined TRACON& Tower with Radar,91,77,53,26,247,0,8,35,3,46,91,85,88,29,293,74,36,110,403
05/16/2013,CHS,SC,ASO,ES,Combined TRACON& Tower with Radar,87,83,54,30,254,0,4,32,5,41,87,87,86,35,295,54,12,66,361
05/17/2013,CHS,SC,ASO,ES,Combined TRACON& Tower with Radar,86,84,51,44,265,0,3,34,10,47,86,87,85,54,312,60,56,116,428
05/18/2013,CHS,SC,ASO,ES,Combined TRACON& Tower with Radar,89,66,26,18,199,0,3,23,5,31,89,69,49,23,230,34,18,52,282
05/19/2013,CHS,SC,ASO,ES,Combined TRACON& Tower with Radar,79,88,31,13,211,0,0,10,5,15,79,88,41,18,226,12,4,16,242
05/20/2013,CHS,SC,ASO,ES,Combined TRACON& Tower with Radar,79,68,33,33,213,0,1,7,3,11,79,69,40,36,224,28,18,46,270
05/21/2013,CHS,SC,ASO,ES,Combined TRACON& Tower with Radar,83,76,56,20,235,0,0,5,3,8,83,76,61,23,243,44,26,70,313
05/22/2013,CHS,SC,ASO,ES,Combined TRACON& Tower with Radar,88,90,44,25,247,0,3,23,6,32,88,93,67,31,279,42,0,42,321
05/23/2013,CHS,SC,ASO,ES,Combined TRACON& Tower with Radar,70,86,56,30,242,0,2,13,8,23,70,88,69,38,265,42,10,52,317
05/24/2013,CHS,SC,ASO,ES,Combined TRACON& Tower with Radar,90,88,57,17,252,0,2,37,4,43,90,90,94,21,295,90,30,120,415
05/25/2013,CHS,SC,ASO,ES,Combined TRACON& Tower with Radar,89,65,39,4,197,0,2,21,5,28,89,67,60,9,225,20,0,20,245
05/26/2013,CHS,SC,ASO,ES,Combined TRACON& Tower with Radar,69,62,25,5,161,0,2,21,2,25,69,64,46,7,186,26,0,26,212
05/27/2013,CHS,SC,ASO,ES,Combined TRACON& Tower with Radar,76,80,38,4,198,0,1,19,5,25,76,81,57,9,223,42,0,42,265
05/28/2013,CHS,SC,ASO,ES,Combined TRACON& Tower with Radar,81,75,48,25,229,0,4,24,3,31,81,79,72,28,260,28,18,46,306
05/29/2013,CHS,SC,ASO,ES,Combined TRACON& Tower with Radar,86,80,51,21,238,0,2,22,2,26,86,82,73,23,264,44,22,66,330
05/30/2013,CHS,SC,ASO,ES,Combined TRACON& Tower with Radar,88,82,52,22,244,0,4,18,1,23,88,86,70,23,267,38,8,46,313
05/31/2013,CHS,SC,ASO,ES,Combined TRACON& Tower with Radar,84,87,55,29,255,0,3,26,4,33,84,90,81,33,288,50,28,78,366
06/01/2013,CHS,SC,ASO,ES,Combined TRACON& Tower with Radar,92,73,28,31,224,0,1,17,8,26,92,74,45,39,250,38,74,112,362
06/02/2013,CHS,SC,ASO,ES,Combined TRACON& Tower with Radar,73,74,45,12,204,0,1,1,1,3,73,75,46,13,207,4,6,10,217
06/03/2013,CHS,SC,ASO,ES,Combined TRACON& Tower with Radar,85,76,41,22,224,0,0,4,7,11,85,76,45,29,235,16,10,26,261
06/04/2013,CHS,SC,ASO,ES,Combined TRACON& Tower with Radar,82,77,37,16,212,0,1,12,5,18,82,78,49,21,230,14,0,14,244
06/05/2013,CHS,SC,ASO,ES,Combined TRACON& Tower with Radar,87,81,43,28,239,0,0,3,0,3,87,81,46,28,242,6,4,10,252
06/06/2013,CHS,SC,ASO,ES,Combined TRACON& Tower with Radar,87,72,36,24,219,0,0,6,0,6,87,72,42,24,225,20,22,42,267
06/07/2013,CHS,SC,ASO,ES,Combined TRACON& Tower with Radar,87,70,25,14,196,0,1,3,2,6,87,71,28,16,202,38,14,52,254
06/08/2013,CHS,SC,ASO,ES,Combined TRACON& Tower with Radar,88,75,31,7,201,0,2,17,9,28,88,77,48,16,229,56,8,64,293
06/09/2013,CHS,SC,ASO,ES,Combined TRACON& Tower with Radar,78,70,50,8,206,0,0,10,4,14,78,70,60,12,220,32,2,34,254
06/10/2013,CHS,SC,ASO,ES,Combined TRACON& Tower with Radar,79,68,24,30,201,0,2,5,2,9,79,70,29,32,210,12,30,42,252
06/11/2013,CHS,SC,ASO,ES,Combined TRACON& Tower with Radar,83,68,33,18,202,0,4,6,5,15,83,72,39,23,217,24,6,30,247
06/12/2013,CHS,SC,ASO,ES,Combined TRACON& Tower with Radar,83,78,36,57,254,0,0,27,9,36,83,78,63,66,290,52,54,106,396
06/13/2013,CHS,SC,ASO,ES,Combined TRACON& Tower with Radar,83,59,34,51,227,0,1,14,4,19,83,60,48,55,246,24,38,62,308
06/14/2013,CHS,SC,ASO,ES,Combined TRACON& Tower with Radar,87,81,54,33,255,0,3,25,7,35,87,84,79,40,290,76,50,126,416
06/15/2013,CHS,SC,ASO,ES,Combined TRACON& Tower with Radar,93,71,24,15,203,0,4,33,10,47,93,75,57,25,250,38,8,46,296
06/16/2013,CHS,SC,ASO,ES,Combined TRACON& Tower with Radar,78,71,50,15,214,0,1,13,2,16,78,72,63,17,230,28,8,36,266
06/17/2013,CHS,SC,ASO,ES,Combined TRACON& Tower with Radar,76,77,37,33,223,0,1,15,2,18,76,78,52,35,241,8,26,34,275
06/18/2013,CHS,SC,ASO,ES,Combined TRACON& Tower with Radar,79,61,24,32,196,0,0,9,4,13,79,61,33,36,209,26,22,48,257
06/19/2013,CHS,SC,ASO,ES,Combined TRACON& Tower with Radar,84,77,42,45,248,0,2,5,6,13,84,79,47,51,261,30,32,62,323
06/20/2013,CHS,SC,ASO,ES,Combined TRACON& Tower with Radar,80,81,33,36,230,0,1,17,6,24,80,82,50,42,254,34,28,62,316
06/21/2013,CHS,SC,ASO,ES,Combined TRACON& Tower with Radar,81,71,58,45,255,0,1,13,5,19,81,72,71,50,274,54,26,80,354
06/22/2013,CHS,SC,ASO,ES,Combined TRACON& Tower with Radar,91,62,34,11,198,0,2,12,3,17,91,64,46,14,215,52,10,62,277
06/23/2013,CHS,SC,ASO,ES,Combined TRACON& Tower with Radar,85,79,28,14,206,0,0,7,1,8,85,79,35,15,214,32,4,36,250
06/24/2013,CHS,SC,ASO,ES,Combined TRACON& Tower with Radar,73,74,39,47,233,0,2,4,2,8,73,76,43,49,241,10,38,48,289
06/25/2013,CHS,SC,ASO,ES,Combined TRACON& Tower with Radar,85,77,35,26,223,0,1,6,2,9,85,78,41,28,232,16,16,32,264
06/26/2013,CHS,SC,ASO,ES,Combined TRACON& Tower with Radar,82,78,45,20,225,0,2,14,2,18,82,80,59,22,243,48,8,56,299
06/27/2013,CHS,SC,ASO,ES,Combined TRACON& Tower with Radar,82,72,69,42,265,0,1,20,8,29,82,73,89,50,294,48,38,86,380
06/28/2013,CHS,SC,ASO,ES,Combined TRACON& Tower with Radar,76,63,52,7,198,0,4,13,3,20,76,67,65,10,218,30,8,38,256
06/29/2013,CHS,SC,ASO,ES,Combined TRACON& Tower with Radar,94,74,20,15,203,0,1,6,2,9,94,75,26,17,212,36,12,48,260
06/30/2013,CHS,SC,ASO,ES,Combined TRACON& Tower with Radar,75,82,28,8,193,0,1,0,0,1,75,83,28,8,194,30,0,30,224
07/01/2013,CHS,SC,ASO,ES,Combined TRACON& Tower with Radar,72,75,37,22,206,0,0,7,0,7,72,75,44,22,213,24,8,32,245
07/02/2013,CHS,SC,ASO,ES,Combined TRACON& Tower with Radar,81,76,34,17,208,0,0,5,6,11,81,76,39,23,219,14,8,22,241
07/03/2013,CHS,SC,ASO,ES,Combined TRACON& Tower with Radar,83,78,41,22,224,0,2,4,3,9,83,80,45,25,233,42,38,80,313
07/04/2013,CHS,SC,ASO,ES,Combined TRACON& Tower with Radar,58,43,19,10,130,0,1,6,1,8,58,44,25,11,138,38,12,50,188
07/05/2013,CHS,SC,ASO,ES,Combined TRACON& Tower with Radar,67,53,27,12,159,0,2,7,5,14,67,55,34,17,173,40,12,52,225
07/06/2013,CHS,SC,ASO,ES,Combined TRACON& Tower with Radar,87,73,27,6,193,0,2,11,5,18,87,75,38,11,211,50,12,62,273
07/07/2013,CHS,SC,ASO,ES,Combined TRACON& Tower with Radar,70,77,33,12,192,0,2,12,9,23,70,79,45,21,215,10,2,12,227
07/08/2013,CHS,SC,ASO,ES,Combined TRACON& Tower with Radar,76,84,46,44,250,0,2,18,6,26,76,86,64,50,276,26,14,40,316
07/09/2013,CHS,SC,ASO,ES,Combined TRACON& Tower with Radar,80,83,45,30,238,0,2,8,8,18,80,85,53,38,256,30,10,40,296
07/10/2013,CHS,SC,ASO,ES,Combined TRACON& Tower with Radar,76,69,29,28,202,0,3,18,3,24,76,72,47,31,226,34,28,62,288
07/11/2013,CHS,SC,ASO,ES,Combined TRACON& Tower with Radar,79,70,54,34,237,0,2,9,1,12,79,72,63,35,249,26,46,72,321
07/12/2013,CHS,SC,ASO,ES,Combined TRACON& Tower with Radar,76,87,43,32,238,0,2,2,0,4,76,89,45,32,242,18,32,50,292
07/13/2013,CHS,SC,ASO,ES,Combined TRACON& Tower with Radar,93,64,24,9,190,0,1,2,2,5,93,65,26,11,195,26,6,32,227
07/14/2013,CHS,SC,ASO,ES,Combined TRACON& Tower with Radar,77,82,40,10,209,0,2,5,3,10,77,84,45,13,219,18,8,26,245
07/15/2013,CHS,SC,ASO,ES,Combined TRACON& Tower with Radar,76,76,37,34,223,0,1,8,6,15,76,77,45,40,238,4,8,12,250
07/16/2013,CHS,SC,ASO,ES,Combined TRACON& Tower with Radar,82,67,45,28,222,0,2,18,6,26,82,69,63,34,248,12,24,36,284
07/17/2013,CHS,SC,ASO,ES,Combined TRACON& Tower with Radar,71,74,42,24,211,0,1,17,11,29,71,75,59,35,240,54,14,68,308
07/18/2013,CHS,SC,ASO,ES,Combined TRACON& Tower with Radar,90,74,54,14,232,0,1,21,7,29,90,75,75,21,261,50,4,54,315
07/19/2013,CHS,SC,ASO,ES,Combined TRACON& Tower with Radar,78,71,40,17,206,0,1,20,5,26,78,72,60,22,232,112,6,118,350
07/20/2013,CHS,SC,ASO,ES,Combined TRACON& Tower with Radar,91,67,26,12,196,0,0,10,5,15,91,67,36,17,211,50,14,64,275
07/21/2013,CHS,SC,ASO,ES,Combined TRACON& Tower with Radar,74,80,28,6,188,0,0,7,2,9,74,80,35,8,197,8,0,8,205
07/22/2013,CHS,SC,ASO,ES,Combined TRACON& Tower with Radar,71,66,37,38,212,0,0,13,4,17,71,66,50,42,229,24,10,34,263
07/23/2013,CHS,SC,ASO,ES,Combined TRACON& Tower with Radar,78,77,33,34,222,0,0,19,1,20,78,77,52,35,242,14,20,34,276
07/24/2013,CHS,SC,ASO,ES,Combined TRACON& Tower with Radar,79,81,54,31,245,0,2,24,8,34,79,83,78,39,279,22,24,46,325
07/25/2013,CHS,SC,ASO,ES,Combined TRACON& Tower with Radar,75,68,43,23,209,0,1,13,7,21,75,69,56,30,230,2,0,2,232
07/26/2013,CHS,SC,ASO,ES,Combined TRACON& Tower with Radar,82,78,50,28,238,0,1,9,7,17,82,79,59,35,255,4,4,8,263
07/27/2013,CHS,SC,ASO,ES,Combined TRACON& Tower with Radar,87,64,19,21,191,0,0,16,7,23,87,64,35,28,214,2,4,6,220
07/28/2013,CHS,SC,ASO,ES,Combined TRACON& Tower with Radar,74,62,44,9,189,0,2,11,3,16,74,64,55,12,205,4,0,4,209
07/29/2013,CHS,SC,ASO,ES,Combined TRACON& Tower with Radar,73,73,25,32,203,0,0,6,3,9,73,73,31,35,212,10,10,20,232
07/30/2013,CHS,SC,ASO,ES,Combined TRACON& Tower with Radar,79,73,38,28,218,0,0,19,2,21,79,73,57,30,239,6,30,36,275
07/31/2013,CHS,SC,ASO,ES,Combined TRACON& Tower with Radar,78,75,52,31,236,0,2,1,3,6,78,77,53,34,242,6,16,22,264
08/01/2013,CHS,SC,ASO,ES,Combined TRACON& Tower with Radar,77,71,33,40,221,0,0,5,0,5,77,71,38,40,226,2,26,28,254
08/02/2013,CHS,SC,ASO,ES,Combined TRACON& Tower with Radar,84,79,40,11,214,0,1,21,5,27,84,80,61,16,241,8,18,26,267
08/03/2013,CHS,SC,ASO,ES,Combined TRACON& Tower with Radar,93,69,38,7,207,0,0,15,1,16,93,69,53,8,223,12,0,12,235
08/04/2013,CHS,SC,ASO,ES,Combined TRACON& Tower with Radar,75,68,35,12,190,0,1,21,1,23,75,69,56,13,213,18,2,20,233
08/05/2013,CHS,SC,ASO,ES,Combined TRACON& Tower with Radar,77,63,36,30,206,0,0,9,3,12,77,63,45,33,218,0,12,12,230
08/06/2013,CHS,SC,ASO,ES,Combined TRACON& Tower with Radar,79,67,29,31,206,0,0,15,8,23,79,67,44,39,229,4,26,30,259
08/07/2013,CHS,SC,ASO,ES,Combined TRACON& Tower with Radar,76,60,55,46,237,0,1,20,4,25,76,61,75,50,262,4,30,34,296
08/08/2013,CHS,SC,ASO,ES,Combined TRACON& Tower with Radar,79,61,47,33,220,0,0,23,4,27,79,61,70,37,247,20,6,26,273
08/09/2013,CHS,SC,ASO,ES,Combined TRACON& Tower with Radar,81,68,47,38,234,0,2,20,0,22,81,70,67,38,256,12,12,24,280
08/10/2013,CHS,SC,ASO,ES,Combined TRACON& Tower with Radar,87,63,38,12,200,0,1,27,1,29,87,64,65,13,229,10,24,34,263
08/11/2013,CHS,SC,ASO,ES,Combined TRACON& Tower with Radar,74,68,31,12,185,0,1,29,3,33,74,69,60,15,218,28,0,28,246
08/12/2013,CHS,SC,ASO,ES,Combined TRACON& Tower with Radar,75,70,34,25,204,0,4,17,2,23,75,74,51,27,227,6,2,8,235
08/13/2013,CHS,SC,ASO,ES,Combined TRACON& Tower with Radar,78,60,45,28,211,0,2,25,2,29,78,62,70,30,240,20,6,26,266
08/14/2013,CHS,SC,ASO,ES,Combined TRACON& Tower with Radar,83,83,31,29,226,0,1,9,2,12,83,84,40,31,238,4,4,8,246
08/15/2013,CHS,SC,ASO,ES,Combined TRACON& Tower with Radar,81,68,40,15,204,0,0,0,0,0,81,68,40,15,204,2,6,8,212
08/16/2013,CHS,SC,ASO,ES,Combined TRACON& Tower with Radar,83,70,43,31,227,0,0,1,0,1,83,70,44,31,228,12,14,26,254
08/17/2013,CHS,SC,ASO,ES,Combined TRACON& Tower with Radar,92,58,36,8,194,0,0,0,0,0,92,58,36,8,194,0,0,0,194
08/18/2013,CHS,SC,ASO,ES,Combined TRACON& Tower with Radar,76,67,31,25,199,0,0,15,6,21,76,67,46,31,220,12,20,32,252
08/19/2013,CHS,SC,ASO,ES,Combined TRACON& Tower with Radar,78,64,29,59,230,0,0,2,3,5,78,64,31,62,235,0,26,26,261
08/20/2013,CHS,SC,ASO,ES,Combined TRACON& Tower with Radar,82,63,48,39,232,0,0,8,5,13,82,63,56,44,245,4,22,26,271
08/21/2013,CHS,SC,ASO,ES,Combined TRACON& Tower with Radar,85,71,61,78,295,0,3,18,4,25,85,74,79,82,320,22,110,132,452
08/22/2013,CHS,SC,ASO,ES,Combined TRACON& Tower with Radar,76,61,53,42,232,0,2,29,7,38,76,63,82,49,270,18,16,34,304
08/23/2013,CHS,SC,ASO,ES,Combined TRACON& Tower with Radar,81,63,56,29,229,0,4,23,9,36,81,67,79,38,265,16,26,42,307
08/24/2013,CHS,SC,ASO,ES,Combined TRACON& Tower with Radar,79,56,15,13,163,0,0,10,3,13,79,56,25,16,176,8,12,20,196
08/25/2013,CHS,SC,ASO,ES,Combined TRACON& Tower with Radar,75,59,32,26,192,0,1,13,4,18,75,60,45,30,210,2,0,2,212
08/26/2013,CHS,SC,ASO,ES,Combined TRACON& Tower with Radar,77,61,39,39,216,0,2,16,4,22,77,63,55,43,238,2,22,24,262
08/27/2013,CHS,SC,ASO,ES,Combined TRACON& Tower with Radar,83,69,55,36,243,0,1,23,11,35,83,70,78,47,278,34,30,64,342
08/28/2013,CHS,SC,ASO,ES,Combined TRACON& Tower with Radar,82,61,55,25,223,0,4,29,8,41,82,65,84,33,264,16,12,28,292
08/29/2013,CHS,SC,ASO,ES,Combined TRACON& Tower with Radar,81,69,58,41,249,0,1,19,1,21,81,70,77,42,270,2,18,20,290
08/30/2013,CHS,SC,ASO,ES,Combined TRACON& Tower with Radar,86,72,60,10,228,0,1,18,6,25,86,73,78,16,253,32,2,34,287
08/31/2013,CHS,SC,ASO,ES,Combined TRACON& Tower with Radar,83,43,32,8,166,0,2,13,6,21,83,45,45,14,187,6,0,6,193
09/01/2013,CHS,SC,ASO,ES,Combined TRACON& Tower with Radar,56,35,25,11,127,0,4,12,2,18,56,39,37,13,145,16,2,18,163
09/02/2013,CHS,SC,ASO,ES,Combined TRACON& Tower with Radar,69,57,35,1,162,0,2,13,2,17,69,59,48,3,179,16,0,16,195
09/03/2013,CHS,SC,ASO,ES,Combined TRACON& Tower with Radar,81,68,34,43,226,0,3,16,5,24,81,71,50,48,250,4,22,26,276
09/04/2013,CHS,SC,ASO,ES,Combined TRACON& Tower with Radar,79,76,53,35,243,0,3,13,3,19,79,79,66,38,262,4,30,34,296
09/05/2013,CHS,SC,ASO,ES,Combined TRACON& Tower with Radar,81,66,49,44,240,0,1,25,10,36,81,67,74,54,276,10,38,48,324
09/06/2013,CHS,SC,ASO,ES,Combined TRACON& Tower with Radar,81,63,52,40,236,0,0,19,0,19,81,63,71,40,255,10,20,30,285
09/07/2013,CHS,SC,ASO,ES,Combined TRACON& Tower with Radar,73,61,34,15,183,0,2,13,7,22,73,63,47,22,205,22,16,38,243
09/08/2013,CHS,SC,ASO,ES,Combined TRACON& Tower with Radar,78,71,54,16,219,0,4,29,3,36,78,75,83,19,255,6,4,10,265
09/09/2013,CHS,SC,ASO,ES,Combined TRACON& Tower with Radar,80,69,31,30,210,0,0,14,2,16,80,69,45,32,226,4,0,4,230
09/10/2013,CHS,SC,ASO,ES,Combined TRACON& Tower with Radar,80,70,34,31,215,0,1,15,4,20,80,71,49,35,235,20,10,30,265
09/11/2013,CHS,SC,ASO,ES,Combined TRACON& Tower with Radar,83,61,32,68,244,0,3,23,1,27,83,64,55,69,271,0,64,64,335
09/12/2013,CHS,SC,ASO,ES,Combined TRACON& Tower with Radar,74,60,54,16,204,0,3,20,4,27,74,63,74,20,231,6,10,16,247
09/13/2013,CHS,SC,ASO,ES,Combined TRACON& Tower with Radar,80,63,42,20,205,0,2,19,1,22,80,65,61,21,227,4,6,10,237
09/14/2013,CHS,SC,ASO,ES,Combined TRACON& Tower with Radar,78,48,28,17,171,0,2,12,5,19,78,50,40,22,190,24,10,34,224
09/15/2013,CHS,SC,ASO,ES,Combined TRACON& Tower with Radar,86,57,57,11,211,0,2,23,1,26,86,59,80,12,237,14,0,14,251
09/16/2013,CHS,SC,ASO,ES,Combined TRACON& Tower with Radar,86,59,54,31,230,0,1,6,2,9,86,60,60,33,239,16,12,28,267
09/17/2013,CHS,SC,ASO,ES,Combined TRACON& Tower with Radar,83,64,58,43,248,0,0,12,2,14,83,64,70,45,262,20,26,46,308
09/18/2013,CHS,SC,ASO,ES,Combined TRACON& Tower with Radar,86,66,44,27,223,0,3,32,2,37,86,69,76,29,260,14,4,18,278
09/19/2013,CHS,SC,ASO,ES,Combined TRACON& Tower with Radar,85,74,60,40,259,0,3,21,7,31,85,77,81,47,290,20,38,58,348
09/20/2013,CHS,SC,ASO,ES,Combined TRACON& Tower with Radar,82,72,47,66,267,0,3,15,1,19,82,75,62,67,286,22,62,84,370
09/21/2013,CHS,SC,ASO,ES,Combined TRACON& Tower with Radar,77,50,24,14,165,0,0,20,2,22,77,50,44,16,187,24,14,38,225
09/22/2013,CHS,SC,ASO,ES,Combined TRACON& Tower with Radar,85,53,40,11,189,0,0,13,3,16,85,53,53,14,205,4,0,4,209
09/23/2013,CHS,SC,ASO,ES,Combined TRACON& Tower with Radar,80,60,43,28,211,0,1,14,6,21,80,61,57,34,232,22,12,34,266
09/24/2013,CHS,SC,ASO,ES,Combined TRACON& Tower with Radar,82,72,43,48,245,0,1,18,10,29,82,73,61,58,274,22,40,62,336
09/25/2013,CHS,SC,ASO,ES,Combined TRACON& Tower with Radar,84,70,64,57,275,0,2,19,12,33,84,72,83,69,308,22,28,50,358
09/26/2013,CHS,SC,ASO,ES,Combined TRACON& Tower with Radar,85,73,65,28,251,0,1,12,1,14,85,74,77,29,265,6,0,6,271
09/27/2013,CHS,SC,ASO,ES,Combined TRACON& Tower with Radar,85,75,44,33,237,0,2,31,4,37,85,77,75,37,274,16,20,36,310
09/28/2013,CHS,SC,ASO,ES,Combined TRACON& Tower with Radar,77,48,38,6,169,0,0,24,1,25,77,48,62,7,194,30,0,30,224
09/29/2013,CHS,SC,ASO,ES,Combined TRACON& Tower with Radar,75,78,49,8,210,0,1,26,1,28,75,79,75,9,238,14,4,18,256
09/30/2013,CHS,SC,ASO,ES,Combined TRACON& Tower with Radar,80,71,37,29,217,0,0,15,2,17,80,71,52,31,234,8,36,44,278
10/01/2013,CHS,SC,ASO,ES,Combined TRACON& Tower with Radar,80,69,60,24,233,0,1,17,0,18,80,70,77,24,251,28,18,46,297
10/02/2013,CHS,SC,ASO,ES,Combined TRACON& Tower with Radar,86,60,56,16,218,0,4,19,4,27,86,64,75,20,245,26,14,40,285
10/03/2013,CHS,SC,ASO,ES,Combined TRACON& Tower with Radar,82,65,57,41,245,0,3,27,3,33,82,68,84,44,278,44,40,84,362
10/04/2013,CHS,SC,ASO,ES,Combined TRACON& Tower with Radar,84,77,64,19,244,0,5,15,2,22,84,82,79,21,266,8,18,26,292
10/05/2013,CHS,SC,ASO,ES,Combined TRACON& Tower with Radar,73,51,35,4,163,0,1,6,2,9,73,52,41,6,172,24,0,24,196
10/06/2013,CHS,SC,ASO,ES,Combined TRACON& Tower with Radar,77,68,77,2,224,0,1,7,1,9,77,69,84,3,233,28,0,28,261
10/07/2013,CHS,SC,ASO,ES,Combined TRACON& Tower with Radar,81,73,39,29,222,0,1,2,0,3,81,74,41,29,225,8,22,30,255
10/08/2013,CHS,SC,ASO,ES,Combined TRACON& Tower with Radar,82,62,42,46,232,0,0,0,1,1,82,62,42,47,233,4,42,46,279
10/09/2013,CHS,SC,ASO,ES,Combined TRACON& Tower with Radar,81,74,44,42,241,0,4,9,4,17,81,78,53,46,258,4,44,48,306
10/10/2013,CHS,SC,ASO,ES,Combined TRACON& Tower with Radar,83,73,45,61,262,0,5,15,5,25,83,78,60,66,287,30,62,92,379
10/11/2013,CHS,SC,ASO,ES,Combined TRACON& Tower with Radar,82,70,77,16,245,0,2,12,6,20,82,72,89,22,265,30,18,48,313
10/12/2013,CHS,SC,ASO,ES,Combined TRACON& Tower with Radar,84,49,45,11,189,0,1,23,3,27,84,50,68,14,216,26,2,28,244
10/13/2013,CHS,SC,ASO,ES,Combined TRACON& Tower with Radar,78,72,73,4,227,0,1,19,1,21,78,73,92,5,248,44,0,44,292
10/14/2013,CHS,SC,ASO,ES,Combined TRACON& Tower with Radar,79,69,64,5,217,0,2,6,2,10,79,71,70,7,227,16,6,22,249
10/15/2013,CHS,SC,ASO,ES,Combined TRACON& Tower with Radar,86,73,67,23,249,0,1,29,3,33,86,74,96,26,282,12,10,22,304
10/16/2013,CHS,SC,ASO,ES,Combined TRACON& Tower with Radar,82,68,67,57,274,0,0,35,3,38,82,68,102,60,312,14,40,54,366
10/17/2013,CHS,SC,ASO,ES,Combined TRACON& Tower with Radar,81,71,64,27,243,0,2,24,4,30,81,73,88,31,273,10,38,48,321
10/18/2013,CHS,SC,ASO,ES,Combined TRACON& Tower with Radar,85,79,75,35,274,0,2,19,5,26,85,81,94,40,300,22,8,30,330
10/19/2013,CHS,SC,ASO,ES,Combined TRACON& Tower with Radar,81,65,36,12,194,0,1,15,0,16,81,66,51,12,210,18,14,32,242
10/20/2013,CHS,SC,ASO,ES,Combined TRACON& Tower with Radar,81,76,63,9,229,0,3,28,2,33,81,79,91,11,262,32,18,50,312
10/21/2013,CHS,SC,ASO,ES,Combined TRACON& Tower with Radar,83,66,51,40,240,0,2,14,3,19,83,68,65,43,259,16,38,54,313
10/22/2013,CHS,SC,ASO,ES,Combined TRACON& Tower with Radar,89,78,54,39,260,0,3,13,1,17,89,81,67,40,277,4,12,16,293
10/23/2013,CHS,SC,ASO,ES,Combined TRACON& Tower with Radar,84,68,56,44,252,0,2,14,4,20,84,70,70,48,272,6,20,26,298
10/24/2013,CHS,SC,ASO,ES,Combined TRACON& Tower with Radar,85,78,67,65,295,0,6,18,9,33,85,84,85,74,328,16,48,64,392
10/25/2013,CHS,SC,ASO,ES,Combined TRACON& Tower with Radar,83,78,53,48,262,0,3,9,6,18,83,81,62,54,280,22,66,88,368
10/26/2013,CHS,SC,ASO,ES,Combined TRACON& Tower with Radar,74,58,44,23,199,0,10,19,3,32,74,68,63,26,231,48,34,82,313
10/27/2013,CHS,SC,ASO,ES,Combined TRACON& Tower with Radar,81,71,49,12,213,0,2,17,5,24,81,73,66,17,237,20,6,26,263
10/28/2013,CHS,SC,ASO,ES,Combined TRACON& Tower with Radar,80,64,53,30,227,0,1,10,1,12,80,65,63,31,239,24,18,42,281
10/29/2013,CHS,SC,ASO,ES,Combined TRACON& Tower with Radar,86,62,43,45,236,0,3,10,1,14,86,65,53,46,250,26,34,60,310
10/30/2013,CHS,SC,ASO,ES,Combined TRACON& Tower with Radar,83,72,51,40,246,0,2,8,5,15,83,74,59,45,261,6,38,44,305
10/31/2013,CHS,SC,ASO,ES,Combined TRACON& Tower with Radar,79,67,79,24,249,0,4,13,2,19,79,71,92,26,268,0,0,0,268
11/01/2013,CHS,SC,ASO,ES,Combined TRACON& Tower with Radar,87,75,64,23,249,0,1,7,2,10,87,76,71,25,259,20,18,38,297
11/02/2013,CHS,SC,ASO,ES,Combined TRACON& Tower with Radar,77,57,36,28,198,0,1,11,1,13,77,58,47,29,211,6,52,58,269
11/03/2013,CHS,SC,ASO,ES,Combined TRACON& Tower with Radar,72,73,52,31,228,0,5,19,4,28,72,78,71,35,256,16,24,40,296
11/04/2013,CHS,SC,ASO,ES,Combined TRACON& Tower with Radar,73,72,53,38,236,0,2,11,4,17,73,74,64,42,253,22,16,38,291
11/05/2013,CHS,SC,ASO,ES,Combined TRACON& Tower with Radar,79,69,51,67,266,0,2,6,0,8,79,71,57,67,274,10,42,52,326
11/06/2013,CHS,SC,ASO,ES,Combined TRACON& Tower with Radar,86,60,51,69,266,0,1,17,7,25,86,61,68,76,291,26,78,104,395
11/07/2013,CHS,SC,ASO,ES,Combined TRACON& Tower with Radar,81,68,68,72,289,0,1,9,5,15,81,69,77,77,304,12,76,88,392
11/08/2013,CHS,SC,ASO,ES,Combined TRACON& Tower with Radar,88,67,58,38,251,0,0,10,0,10,88,67,68,38,261,2,54,56,317
11/09/2013,CHS,SC,ASO,ES,Combined TRACON& Tower with Radar,78,38,26,12,154,0,0,14,0,14,78,38,40,12,168,20,2,22,190
11/10/2013,CHS,SC,ASO,ES,Combined TRACON& Tower with Radar,68,59,44,15,186,0,4,17,3,24,68,63,61,18,210,36,4,40,250
11/11/2013,CHS,SC,ASO,ES,Combined TRACON& Tower with Radar,80,66,55,6,207,0,3,7,1,11,80,69,62,7,218,40,0,40,258
11/12/2013,CHS,SC,ASO,ES,Combined TRACON& Tower with Radar,88,66,49,49,252,0,1,5,2,8,88,67,54,51,260,2,56,58,318
11/13/2013,CHS,SC,ASO,ES,Combined TRACON& Tower with Radar,85,59,49,23,216,0,2,24,1,27,85,61,73,24,243,14,4,18,261
11/14/2013,CHS,SC,ASO,ES,Combined TRACON& Tower with Radar,82,59,47,41,229,0,2,26,4,32,82,61,73,45,261,6,8,14,275
11/15/2013,CHS,SC,ASO,ES,Combined TRACON& Tower with Radar,86,63,90,55,294,0,0,7,2,9,86,63,97,57,303,30,60,90,393
11/16/2013,CHS,SC,ASO,ES,Combined TRACON& Tower with Radar,86,39,22,21,168,0,3,12,4,19,86,42,34,25,187,22,16,38,225
11/17/2013,CHS,SC,ASO,ES,Combined TRACON& Tower with Radar,72,67,42,18,199,0,0,8,0,8,72,67,50,18,207,12,8,20,227
11/18/2013,CHS,SC,ASO,ES,Combined TRACON& Tower with Radar,85,61,54,38,238,0,1,9,0,10,85,62,63,38,248,8,28,36,284
11/19/2013,CHS,SC,ASO,ES,Combined TRACON& Tower with Radar,82,66,43,44,235,0,4,17,7,28,82,70,60,51,263,42,42,84,347
11/20/2013,CHS,SC,ASO,ES,Combined TRACON& Tower with Radar,83,66,58,52,259,0,1,11,5,17,83,67,69,57,276,12,20,32,308
11/21/2013,CHS,SC,ASO,ES,Combined TRACON& Tower with Radar,81,67,50,47,245,0,0,5,4,9,81,67,55,51,254,8,36,44,298
11/22/2013,CHS,SC,ASO,ES,Combined TRACON& Tower with Radar,87,66,54,37,244,0,2,7,0,9,87,68,61,37,253,2,34,36,289
11/23/2013,CHS,SC,ASO,ES,Combined TRACON& Tower with Radar,78,49,37,17,181,0,0,2,2,4,78,49,39,19,185,0,0,0,185
11/24/2013,CHS,SC,ASO,ES,Combined TRACON& Tower with Radar,69,62,35,27,193,0,2,6,2,10,69,64,41,29,203,6,14,20,223
11/25/2013,CHS,SC,ASO,ES,Combined TRACON& Tower with Radar,79,61,44,69,253,0,1,12,2,15,79,62,56,71,268,40,34,74,342
11/26/2013,CHS,SC,ASO,ES,Combined TRACON& Tower with Radar,90,82,54,60,286,0,0,3,0,3,90,82,57,60,289,12,76,88,377
11/27/2013,CHS,SC,ASO,ES,Combined TRACON& Tower with Radar,90,79,54,20,243,0,2,6,0,8,90,81,60,20,251,6,6,12,263
11/28/2013,CHS,SC,ASO,ES,Combined TRACON& Tower with Radar,48,33,15,5,101,0,3,11,2,16,48,36,26,7,117,24,0,24,141
11/29/2013,CHS,SC,ASO,ES,Combined TRACON& Tower with Radar,57,39,28,6,130,0,1,18,3,22,57,40,46,9,152,8,0,8,160
11/30/2013,CHS,SC,ASO,ES,Combined TRACON& Tower with Radar,92,69,53,4,218,0,5,9,2,16,92,74,62,6,234,20,0,20,254
12/01/2013,CHS,SC,ASO,ES,Combined TRACON& Tower with Radar,84,92,87,11,274,0,0,6,1,7,84,92,93,12,281,0,0,0,281
12/02/2013,CHS,SC,ASO,ES,Combined TRACON& Tower with Radar,86,51,42,31,210,0,1,7,2,10,86,52,49,33,220,12,20,32,252
12/03/2013,CHS,SC,ASO,ES,Combined TRACON& Tower with Radar,75,57,42,50,224,0,2,8,3,13,75,59,50,53,237,16,34,50,287
12/04/2013,CHS,SC,ASO,ES,Combined TRACON& Tower with Radar,75,51,60,57,243,0,2,13,0,15,75,53,73,57,258,18,78,96,354
12/05/2013,CHS,SC,ASO,ES,Combined TRACON& Tower with Radar,77,65,67,60,269,0,2,10,2,14,77,67,77,62,283,0,56,56,339
12/06/2013,CHS,SC,ASO,ES,Combined TRACON& Tower with Radar,86,61,39,66,252,0,5,13,3,21,86,66,52,69,273,6,60,66,339
12/07/2013,CHS,SC,ASO,ES,Combined TRACON& Tower with Radar,71,42,18,29,160,0,0,3,3,6,71,42,21,32,166,14,0,14,180
12/08/2013,CHS,SC,ASO,ES,Combined TRACON& Tower with Radar,62,45,30,23,160,0,0,0,0,0,62,45,30,23,160,12,0,12,172
12/09/2013,CHS,SC,ASO,ES,Combined TRACON& Tower with Radar,79,46,34,25,184,0,0,0,1,1,79,46,34,26,185,8,20,28,213
12/10/2013,CHS,SC,ASO,ES,Combined TRACON& Tower with Radar,74,46,37,32,189,0,2,6,1,9,74,48,43,33,198,14,16,30,228
12/11/2013,CHS,SC,ASO,ES,Combined TRACON& Tower with Radar,81,53,56,37,227,0,3,21,2,26,81,56,77,39,253,28,18,46,299
12/12/2013,CHS,SC,ASO,ES,Combined TRACON& Tower with Radar,79,63,56,41,239,0,3,25,5,33,79,66,81,46,272,0,16,16,288
12/13/2013,CHS,SC,ASO,ES,Combined TRACON& Tower with Radar,83,69,41,58,251,0,3,32,3,38,83,72,73,61,289,10,38,48,337
12/14/2013,CHS,SC,ASO,ES,Combined TRACON& Tower with Radar,64,25,20,19,128,0,1,8,2,11,64,26,28,21,139,4,0,4,143
12/15/2013,CHS,SC,ASO,ES,Combined TRACON& Tower with Radar,73,59,38,15,185,0,1,6,3,10,73,60,44,18,195,8,0,8,203
12/16/2013,CHS,SC,ASO,ES,Combined TRACON& Tower with Radar,76,71,49,21,217,0,6,19,7,32,76,77,68,28,249,26,12,38,287
12/17/2013,CHS,SC,ASO,ES,Combined TRACON& Tower with Radar,73,70,56,52,251,0,1,27,9,37,73,71,83,61,288,20,32,52,340
12/18/2013,CHS,SC,ASO,ES,Combined TRACON& Tower with Radar,76,72,29,57,234,0,3,28,0,31,76,75,57,57,265,24,24,48,313
12/19/2013,CHS,SC,ASO,ES,Combined TRACON& Tower with Radar,76,71,42,44,233,0,2,25,3,30,76,73,67,47,263,14,34,48,311
12/20/2013,CHS,SC,ASO,ES,Combined TRACON& Tower with Radar,78,75,57,24,234,0,2,14,0,16,78,77,71,24,250,12,14,26,276
12/21/2013,CHS,SC,ASO,ES,Combined TRACON& Tower with Radar,68,72,31,6,177,0,1,17,0,18,68,73,48,6,195,14,0,14,209
12/22/2013,CHS,SC,ASO,ES,Combined TRACON& Tower with Radar,67,72,31,4,174,0,1,4,2,7,67,73,35,6,181,26,0,26,207
12/23/2013,CHS,SC,ASO,ES,Combined TRACON& Tower with Radar,70,66,31,27,194,0,1,3,1,5,70,67,34,28,199,14,26,40,239
12/24/2013,CHS,SC,ASO,ES,Combined TRACON& Tower with Radar,54,45,16,1,116,0,1,4,1,6,54,46,20,2,122,14,0,14,136
12/25/2013,CHS,SC,ASO,ES,Combined TRACON& Tower with Radar,57,43,9,1,110,0,7,10,2,19,57,50,19,3,129,12,0,12,141
12/26/2013,CHS,SC,ASO,ES,Combined TRACON& Tower with Radar,72,87,30,2,191,0,0,8,1,9,72,87,38,3,200,6,0,6,206
12/27/2013,CHS,SC,ASO,ES,Combined TRACON& Tower with Radar,75,89,62,17,243,0,0,22,0,22,75,89,84,17,265,18,42,60,325
12/28/2013,CHS,SC,ASO,ES,Combined TRACON& Tower with Radar,71,74,21,3,169,0,2,11,2,15,71,76,32,5,184,8,4,12,196
12/29/2013,CHS,SC,ASO,ES,Combined TRACON& Tower with Radar,65,72,19,1,157,0,2,4,1,7,65,74,23,2,164,16,0,16,180
12/30/2013,CHS,SC,ASO,ES,Combined TRACON& Tower with Radar,71,58,43,35,207,0,0,17,0,17,71,58,60,35,224,44,34,78,302
12/31/2013,CHS,SC,ASO,ES,Combined TRACON& Tower with Radar,57,55,21,4,137,0,1,16,1,18,57,56,37,5,155,8,0,8,163
01/01/2014,CHS,SC,ASO,ES,Combined TRACON& Tower with Radar,53,57,31,8,149,0,1,4,0,5,53,58,35,8,154,8,0,8,162
01/02/2014,CHS,SC,ASO,ES,Combined TRACON& Tower with Radar,64,72,24,8,168,0,1,0,0,1,64,73,24,8,169,0,0,0,169
01/03/2014,CHS,SC,ASO,ES,Combined TRACON& Tower with Radar,64,40,32,17,153,0,4,9,3,16,64,44,41,20,169,10,10,20,189
01/04/2014,CHS,SC,ASO,ES,Combined TRACON& Tower with Radar,64,63,60,2,189,0,0,14,0,14,64,63,74,2,203,8,2,10,213
01/05/2014,CHS,SC,ASO,ES,Combined TRACON& Tower with Radar,53,60,45,2,160,0,1,0,1,2,53,61,45,3,162,6,0,6,168
01/06/2014,CHS,SC,ASO,ES,Combined TRACON& Tower with Radar,67,47,36,51,201,0,1,3,1,5,67,48,39,52,206,4,44,48,254
01/07/2014,CHS,SC,ASO,ES,Combined TRACON& Tower with Radar,56,61,39,53,209,0,2,24,2,28,56,63,63,55,237,10,42,52,289
01/08/2014,CHS,SC,ASO,ES,Combined TRACON& Tower with Radar,75,55,56,23,209,0,2,17,2,21,75,57,73,25,230,4,24,28,258
01/09/2014,CHS,SC,ASO,ES,Combined TRACON& Tower with Radar,78,49,42,47,216,0,0,12,10,22,78,49,54,57,238,18,44,62,300
01/10/2014,CHS,SC,ASO,ES,Combined TRACON& Tower with Radar,75,55,43,48,221,0,2,3,1,6,75,57,46,49,227,4,34,38,265
01/11/2014,CHS,SC,ASO,ES,Combined TRACON& Tower with Radar,58,38,13,13,122,0,0,0,0,0,58,38,13,13,122,0,0,0,122
01/12/2014,CHS,SC,ASO,ES,Combined TRACON& Tower with Radar,68,46,33,8,155,0,3,20,7,30,68,49,53,15,185,8,0,8,193
01/13/2014,CHS,SC,ASO,ES,Combined TRACON& Tower with Radar,73,42,31,56,202,0,2,15,4,21,73,44,46,60,223,14,48,62,285
01/14/2014,CHS,SC,ASO,ES,Combined TRACON& Tower with Radar,75,47,31,58,211,0,1,3,6,10,75,48,34,64,221,8,52,60,281
01/15/2014,CHS,SC,ASO,ES,Combined TRACON& Tower with Radar,77,51,36,42,206,0,1,18,2,21,77,52,54,44,227,6,2,8,235
01/16/2014,CHS,SC,ASO,ES,Combined TRACON& Tower with Radar,82,57,43,19,201,0,3,15,2,20,82,60,58,21,221,18,10,28,249
01/17/2014,CHS,SC,ASO,ES,Combined TRACON& Tower with Radar,82,56,43,18,199,16,2,16,4,38,98,58,59,22,237,0,0,0,237
01/18/2014,CHS,SC,ASO,ES,Combined TRACON& Tower with Radar,61,36,20,9,126,0,2,13,4,19,61,38,33,13,145,10,12,22,167
01/19/2014,CHS,SC,ASO,ES,Combined TRACON& Tower with Radar,65,50,24,16,155,0,3,18,6,27,65,53,42,22,182,26,4,30,212
01/20/2014,CHS,SC,ASO,ES,Combined TRACON& Tower with Radar,72,52,37,8,169,0,6,16,5,27,72,58,53,13,196,12,0,12,208
01/21/2014,CHS,SC,ASO,ES,Combined TRACON& Tower with Radar,66,39,47,27,179,0,2,7,3,12,66,41,54,30,191,20,16,36,227
01/22/2014,CHS,SC,ASO,ES,Combined TRACON& Tower with Radar,71,50,36,42,199,0,3,21,3,27,71,53,57,45,226,22,22,44,270
01/23/2014,CHS,SC,ASO,ES,Combined TRACON& Tower with Radar,76,66,33,54,229,0,2,14,2,18,76,68,47,56,247,12,18,30,277
01/24/2014,CHS,SC,ASO,ES,Combined TRACON& Tower with Radar,73,54,63,36,226,0,3,13,3,19,73,57,76,39,245,6,12,18,263
01/25/2014,CHS,SC,ASO,ES,Combined TRACON& Tower with Radar,63,41,17,23,144,0,1,6,7,14,63,42,23,30,158,10,20,30,188
01/26/2014,CHS,SC,ASO,ES,Combined TRACON& Tower with Radar,62,42,46,19,169,0,0,27,1,28,62,42,73,20,197,14,6,20,217
01/27/2014,CHS,SC,ASO,ES,Combined TRACON& Tower with Radar,73,49,51,43,216,0,1,17,2,20,73,50,68,45,236,12,18,30,266
01/28/2014,CHS,SC,ASO,ES,Combined TRACON& Tower with Radar,27,14,19,9,69,0,0,4,0,4,27,14,23,9,73,4,2,6,79
01/29/2014,CHS,SC,ASO,ES,Combined TRACON& Tower with Radar,26,20,16,1,63,0,0,0,2,2,26,20,16,3,65,0,0,0,65
01/30/2014,CHS,SC,ASO,ES,Combined TRACON& Tower with Radar,62,59,44,26,191,0,4,4,4,12,62,63,48,30,203,12,60,72,275
01/31/2014,CHS,SC,ASO,ES,Combined TRACON& Tower with Radar,81,54,45,33,213,0,2,8,10,20,81,56,53,43,233,6,8,14,247
02/01/2014,CHS,SC,ASO,ES,Combined TRACON& Tower with Radar,61,55,25,13,154,0,0,0,1,1,61,55,25,14,155,4,0,4,159
02/02/2014,CHS,SC,ASO,ES,Combined TRACON& Tower with Radar,61,51,21,9,142,0,1,9,4,14,61,52,30,13,156,2,0,2,158
02/03/2014,CHS,SC,ASO,ES,Combined TRACON& Tower with Radar,72,46,38,45,201,0,1,2,2,5,72,47,40,47,206,0,26,26,232
02/04/2014,CHS,SC,ASO,ES,Combined TRACON& Tower with Radar,71,55,40,90,256,0,0,0,1,1,71,55,40,91,257,8,94,102,359
02/05/2014,CHS,SC,ASO,ES,Combined TRACON& Tower with Radar,73,37,46,53,209,0,1,5,1,7,73,38,51,54,216,14,40,54,270
02/06/2014,CHS,SC,ASO,ES,Combined TRACON& Tower with Radar,78,65,68,43,254,0,2,12,2,16,78,67,80,45,270,20,48,68,338
02/07/2014,CHS,SC,ASO,ES,Combined TRACON& Tower with Radar,80,54,61,40,235,0,0,20,5,25,80,54,81,45,260,80,20,100,360
02/08/2014,CHS,SC,ASO,ES,Combined TRACON& Tower with Radar,60,39,14,14,127,0,1,3,3,7,60,40,17,17,134,4,4,8,142
02/09/2014,CHS,SC,ASO,ES,Combined TRACON& Tower with Radar,66,48,66,14,194,0,3,24,9,36,66,51,90,23,230,10,0,10,240
02/10/2014,CHS,SC,ASO,ES,Combined TRACON& Tower with Radar,71,50,26,37,184,0,2,12,6,20,71,52,38,43,204,14,46,60,264
02/11/2014,CHS,SC,ASO,ES,Combined TRACON& Tower with Radar,68,46,29,46,189,0,0,0,0,0,68,46,29,46,189,0,30,30,219
02/12/2014,CHS,SC,ASO,ES,Combined TRACON& Tower with Radar,24,16,16,1,57,0,0,0,0,0,24,16,16,1,57,0,0,0,57
02/13/2014,CHS,SC,ASO,ES,Combined TRACON& Tower with Radar,33,29,48,54,164,0,2,3,3,8,33,31,51,57,172,14,46,60,232
02/14/2014,CHS,SC,ASO,ES,Combined TRACON& Tower with Radar,67,61,57,53,238,0,2,10,6,18,67,63,67,59,256,14,52,66,322
02/15/2014,CHS,SC,ASO,ES,Combined TRACON& Tower with Radar,70,39,14,20,143,0,6,12,1,19,70,45,26,21,162,6,10,16,178
02/16/2014,CHS,SC,ASO,ES,Combined TRACON& Tower with Radar,63,66,49,9,187,0,1,26,3,30,63,67,75,12,217,18,0,18,235
02/17/2014,CHS,SC,ASO,ES,Combined TRACON& Tower with Radar,78,45,49,6,178,0,1,19,0,20,78,46,68,6,198,12,0,12,210
02/18/2014,CHS,SC,ASO,ES,Combined TRACON& Tower with Radar,75,58,43,42,218,0,2,26,3,31,75,60,69,45,249,28,10,38,287
02/19/2014,CHS,SC,ASO,ES,Combined TRACON& Tower with Radar,81,54,42,73,250,0,0,22,1,23,81,54,64,74,273,30,70,100,373
02/20/2014,CHS,SC,ASO,ES,Combined TRACON& Tower with Radar,76,63,78,76,293,0,1,6,7,14,76,64,84,83,307,24,60,84,391
02/21/2014,CHS,SC,ASO,ES,Combined TRACON& Tower with Radar,71,49,44,53,217,0,1,4,2,7,71,50,48,55,224,34,48,82,306
02/22/2014,CHS,SC,ASO,ES,Combined TRACON& Tower with Radar,69,37,35,28,169,0,3,18,11,32,69,40,53,39,201,22,28,50,251
02/23/2014,CHS,SC,ASO,ES,Combined TRACON& Tower with Radar,69,57,53,14,193,0,1,15,2,18,69,58,68,16,211,14,0,14,225
02/24/2014,CHS,SC,ASO,ES,Combined TRACON& Tower with Radar,78,54,55,60,247,0,7,6,7,20,78,61,61,67,267,26,58,84,351
02/25/2014,CHS,SC,ASO,ES,Combined TRACON& Tower with Radar,81,59,43,68,251,0,1,18,2,21,81,60,61,70,272,6,68,74,346
02/26/2014,CHS,SC,ASO,ES,Combined TRACON& Tower with Radar,81,59,65,81,286,0,0,0,6,6,81,59,65,87,292,6,82,88,380
02/27/2014,CHS,SC,ASO,ES,Combined TRACON& Tower with Radar,84,65,70,35,254,0,3,24,9,36,84,68,94,44,290,22,48,70,360
02/28/2014,CHS,SC,ASO,ES,Combined TRACON& Tower with Radar,79,54,67,35,235,0,1,6,2,9,79,55,73,37,244,2,42,44,288
03/01/2014,CHS,SC,ASO,ES,Combined TRACON& Tower with Radar,66,35,34,35,170,0,2,15,8,25,66,37,49,43,195,28,30,58,253
03/02/2014,CHS,SC,ASO,ES,Combined TRACON& Tower with Radar,69,51,43,16,179,0,1,17,0,18,69,52,60,16,197,14,4,18,215
03/03/2014,CHS,SC,ASO,ES,Combined TRACON& Tower with Radar,68,37,26,39,170,0,0,8,1,9,68,37,34,40,179,8,40,48,227
03/04/2014,CHS,SC,ASO,ES,Combined TRACON& Tower with Radar,70,67,32,49,218,0,1,4,4,9,70,68,36,53,227,0,26,26,253
03/05/2014,CHS,SC,ASO,ES,Combined TRACON& Tower with Radar,78,62,41,42,223,0,0,1,0,1,78,62,42,42,224,2,18,20,244
03/06/2014,CHS,SC,ASO,ES,Combined TRACON& Tower with Radar,78,67,34,39,218,0,0,1,0,1,78,67,35,39,219,2,6,8,227
03/07/2014,CHS,SC,ASO,ES,Combined TRACON& Tower with Radar,82,75,35,35,227,0,0,0,0,0,82,75,35,35,227,6,8,14,241
03/08/2014,CHS,SC,ASO,ES,Combined TRACON& Tower with Radar,77,73,40,30,220,0,2,23,5,30,77,75,63,35,250,16,28,44,294
03/09/2014,CHS,SC,ASO,ES,Combined TRACON& Tower with Radar,86,71,53,27,237,0,4,15,7,26,86,75,68,34,263,16,10,26,289
03/10/2014,CHS,SC,ASO,ES,Combined TRACON& Tower with Radar,85,62,33,36,216,0,8,23,5,36,85,70,56,41,252,24,26,50,302
03/11/2014,CHS,SC,ASO,ES,Combined TRACON& Tower with Radar,78,75,49,62,264,0,3,16,7,26,78,78,65,69,290,8,78,86,376
03/12/2014,CHS,SC,ASO,ES,Combined TRACON& Tower with Radar,75,61,44,46,226,0,0,5,5,10,75,61,49,51,236,10,28,38,274
03/13/2014,CHS,SC,ASO,ES,Combined TRACON& Tower with Radar,80,76,55,56,267,0,2,19,4,25,80,78,74,60,292,24,56,80,372
03/14/2014,CHS,SC,ASO,ES,Combined TRACON& Tower with Radar,81,81,63,63,288,0,2,28,6,36,81,83,91,69,324,6,42,48,372
03/15/2014,CHS,SC,ASO,ES,Combined TRACON& Tower with Radar,75,76,25,19,195,0,4,26,8,38,75,80,51,27,233,22,0,22,255
03/16/2014,CHS,SC,ASO,ES,Combined TRACON& Tower with Radar,80,76,52,8,216,0,2,3,1,6,80,78,55,9,222,6,4,10,232
03/17/2014,CHS,SC,ASO,ES,Combined TRACON& Tower with Radar,75,67,42,53,237,0,0,0,0,0,75,67,42,53,237,0,42,42,279
03/18/2014,CHS,SC,ASO,ES,Combined TRACON& Tower with Radar,93,71,53,49,266,0,0,2,0,2,93,71,55,49,268,12,74,86,354
03/19/2014,CHS,SC,ASO,ES,Combined TRACON& Tower with Radar,79,74,83,39,275,0,1,6,3,10,79,75,89,42,285,10,48,58,343
03/20/2014,CHS,SC,ASO,ES,Combined TRACON& Tower with Radar,84,80,65,44,273,0,4,25,6,35,84,84,90,50,308,54,34,88,396
03/21/2014,CHS,SC,ASO,ES,Combined TRACON& Tower with Radar,81,75,81,54,291,0,1,18,3,22,81,76,99,57,313,22,64,86,399
03/22/2014,CHS,SC,ASO,ES,Combined TRACON& Tower with Radar,78,69,33,14,194,0,3,14,5,22,78,72,47,19,216,40,4,44,260
03/23/2014,CHS,SC,ASO,ES,Combined TRACON& Tower with Radar,74,73,62,24,233,0,0,11,1,12,74,73,73,25,245,24,10,34,279
03/24/2014,CHS,SC,ASO,ES,Combined TRACON& Tower with Radar,78,72,52,39,241,0,2,13,4,19,78,74,65,43,260,14,26,40,300
03/25/2014,CHS,SC,ASO,ES,Combined TRACON& Tower with Radar,80,51,26,38,195,0,1,7,0,8,80,52,33,38,203,2,40,42,245
03/26/2014,CHS,SC,ASO,ES,Combined TRACON& Tower with Radar,81,76,61,31,249,0,1,24,3,28,81,77,85,34,277,32,46,78,355
03/27/2014,CHS,SC,ASO,ES,Combined TRACON& Tower with Radar,78,87,58,47,270,0,2,7,12,21,78,89,65,59,291,24,84,108,399
03/28/2014,CHS,SC,ASO,ES,Combined TRACON& Tower with Radar,84,75,65,41,265,0,2,6,2,10,84,77,71,43,275,30,46,76,351
03/29/2014,CHS,SC,ASO,ES,Combined TRACON& Tower with Radar,72,72,49,19,212,0,3,5,0,8,72,75,54,19,220,20,8,28,248
03/30/2014,CHS,SC,ASO,ES,Combined TRACON& Tower with Radar,80,92,65,14,251,0,3,6,6,15,80,95,71,20,266,4,6,10,276
03/31/2014,CHS,SC,ASO,ES,Combined TRACON& Tower with Radar,75,72,48,38,233,0,0,24,4,28,75,72,72,42,261,8,16,24,285
04/01/2014,CHS,SC,ASO,ES,Combined TRACON& Tower with Radar,80,86,37,51,254,0,1,23,19,43,80,87,60,70,297,18,52,70,367
04/02/2014,CHS,SC,ASO,ES,Combined TRACON& Tower with Radar,75,79,62,33,249,0,1,18,4,23,75,80,80,37,272,20,32,52,324
04/03/2014,CHS,SC,ASO,ES,Combined TRACON& Tower with Radar,77,100,66,49,292,0,4,15,2,21,77,104,81,51,313,16,40,56,369
04/04/2014,CHS,SC,ASO,ES,Combined TRACON& Tower with Radar,94,95,66,32,287,0,2,9,4,15,94,97,75,36,302,42,40,82,384
04/05/2014,CHS,SC,ASO,ES,Combined TRACON& Tower with Radar,73,67,43,11,194,0,4,7,11,22,73,71,50,22,216,44,4,48,264
04/06/2014,CHS,SC,ASO,ES,Combined TRACON& Tower with Radar,80,85,73,4,242,0,2,1,4,7,80,87,74,8,249,24,2,26,275
04/07/2014,CHS,SC,ASO,ES,Combined TRACON& Tower with Radar,75,70,41,61,247,0,0,4,1,5,75,70,45,62,252,10,38,48,300
04/08/2014,CHS,SC,ASO,ES,Combined TRACON& Tower with Radar,81,78,60,33,252,0,4,8,3,15,81,82,68,36,267,6,12,18,285
04/09/2014,CHS,SC,ASO,ES,Combined TRACON& Tower with Radar,81,72,56,76,285,0,4,30,8,42,81,76,86,84,327,18,72,90,417
04/10/2014,CHS,SC,ASO,ES,Combined TRACON& Tower with Radar,80,85,76,40,281,0,1,40,3,44,80,86,116,43,325,26,24,50,375
04/11/2014,CHS,SC,ASO,ES,Combined TRACON& Tower with Radar,77,100,66,33,276,0,2,33,10,45,77,102,99,43,321,20,18,38,359
04/12/2014,CHS,SC,ASO,ES,Combined TRACON& Tower with Radar,73,75,43,13,204,0,3,25,9,37,73,78,68,22,241,36,4,40,281
04/13/2014,CHS,SC,ASO,ES,Combined TRACON& Tower with Radar,68,90,73,16,247,0,1,19,8,28,68,91,92,24,275,36,20,56,331
04/14/2014,CHS,SC,ASO,ES,Combined TRACON& Tower with Radar,76,73,55,61,265,0,0,6,0,6,76,73,61,61,271,6,30,36,307
04/15/2014,CHS,SC,ASO,ES,Combined TRACON& Tower with Radar,81,64,33,35,213,0,0,0,0,0,81,64,33,35,213,6,18,24,237
04/16/2014,CHS,SC,ASO,ES,Combined TRACON& Tower with Radar,84,77,71,39,271,0,2,17,5,24,84,79,88,44,295,16,22,38,333
04/17/2014,CHS,SC,ASO,ES,Combined TRACON& Tower with Radar,79,78,81,43,281,0,8,17,9,34,79,86,98,52,315,62,48,110,425
04/18/2014,CHS,SC,ASO,ES,Combined TRACON& Tower with Radar,75,86,43,26,230,0,0,5,0,5,75,86,48,26,235,32,34,66,301
04/19/2014,CHS,SC,ASO,ES,Combined TRACON& Tower with Radar,74,66,23,5,168,0,0,0,0,0,74,66,23,5,168,0,0,0,168
04/20/2014,CHS,SC,ASO,ES,Combined TRACON& Tower with Radar,74,79,56,10,219,0,1,3,2,6,74,80,59,12,225,12,0,12,237
04/21/2014,CHS,SC,ASO,ES,Combined TRACON& Tower with Radar,77,82,69,22,250,0,3,25,6,34,77,85,94,28,284,6,8,14,298
04/22/2014,CHS,SC,ASO,ES,Combined TRACON& Tower with Radar,84,88,58,27,257,0,1,17,7,25,84,89,75,34,282,16,36,52,334
04/23/2014,CHS,SC,ASO,ES,Combined TRACON& Tower with Radar,78,74,65,28,245,0,1,28,6,35,78,75,93,34,280,20,12,32,312
04/24/2014,CHS,SC,ASO,ES,Combined TRACON& Tower with Radar,90,86,72,39,287,0,2,32,4,38,90,88,104,43,325,54,22,76,401
04/25/2014,CHS,SC,ASO,ES,Combined TRACON& Tower with Radar,79,79,70,53,281,0,2,21,10,33,79,81,91,63,314,14,34,48,362
04/26/2014,CHS,SC,ASO,ES,Combined TRACON& Tower with Radar,73,79,32,31,215,0,4,27,7,38,73,83,59,38,253,30,24,54,307
04/27/2014,CHS,SC,ASO,ES,Combined TRACON& Tower with Radar,80,77,61,31,249,3,2,31,1,37,83,79,92,32,286,28,14,42,328
04/28/2014,CHS,SC,ASO,ES,Combined TRACON& Tower with Radar,77,70,27,29,203,0,1,20,6,27,77,71,47,35,230,50,26,76,306
04/29/2014,CHS,SC,ASO,ES,Combined TRACON& Tower with Radar,81,73,40,56,250,0,4,5,6,15,81,77,45,62,265,20,80,100,365
04/30/2014,CHS,SC,ASO,ES,Combined TRACON& Tower with Radar,78,69,43,19,209,0,2,1,2,5,78,71,44,21,214,16,6,22,236
05/01/2014,CHS,SC,ASO,ES,Combined TRACON& Tower with Radar,86,66,80,46,278,0,1,4,4,9,86,67,84,50,287,32,46,78,365
05/02/2014,CHS,SC,ASO,ES,Combined TRACON& Tower with Radar,80,69,63,42,254,0,4,18,6,28,80,73,81,48,282,8,20,28,310
05/03/2014,CHS,SC,ASO,ES,Combined TRACON& Tower with Radar,81,58,27,19,185,0,5,10,16,31,81,63,37,35,216,28,24,52,268
05/04/2014,CHS,SC,ASO,ES,Combined TRACON& Tower with Radar,78,80,61,21,240,0,3,17,3,23,78,83,78,24,263,18,8,26,289
05/05/2014,CHS,SC,ASO,ES,Combined TRACON& Tower with Radar,79,61,42,27,209,0,3,17,7,27,79,64,59,34,236,8,10,18,254
05/06/2014,CHS,SC,ASO,ES,Combined TRACON& Tower with Radar,77,76,58,45,256,0,2,20,8,30,77,78,78,53,286,22,48,70,356
05/07/2014,CHS,SC,ASO,ES,Combined TRACON& Tower with Radar,87,63,59,57,266,0,3,21,4,28,87,66,80,61,294,46,34,80,374
05/08/2014,CHS,SC,ASO,ES,Combined TRACON& Tower with Radar,81,67,72,49,269,0,7,21,4,32,81,74,93,53,301,52,44,96,397
05/09/2014,CHS,SC,ASO,ES,Combined TRACON& Tower with Radar,78,82,118,45,323,0,4,17,6,27,78,86,135,51,350,26,50,76,426
05/10/2014,CHS,SC,ASO,ES,Combined TRACON& Tower with Radar,89,72,46,25,232,0,2,17,3,22,89,74,63,28,254,10,12,22,276
05/11/2014,CHS,SC,ASO,ES,Combined TRACON& Tower with Radar,86,79,63,7,235,0,3,5,4,12,86,82,68,11,247,10,2,12,259
05/12/2014,CHS,SC,ASO,ES,Combined TRACON& Tower with Radar,77,71,76,54,278,0,2,16,7,25,77,73,92,61,303,18,46,64,367
05/13/2014,CHS,SC,ASO,ES,Combined TRACON& Tower with Radar,76,66,60,50,252,0,3,12,9,24,76,69,72,59,276,38,42,80,356
05/14/2014,CHS,SC,ASO,ES,Combined TRACON& Tower with Radar,85,60,58,66,269,0,0,15,6,21,85,60,73,72,290,8,18,26,316
05/15/2014,CHS,SC,ASO,ES,Combined TRACON& Tower with Radar,79,77,40,55,251,0,0,0,4,4,79,77,40,59,255,8,24,32,287
05/16/2014,CHS,SC,ASO,ES,Combined TRACON& Tower with Radar,87,75,75,48,285,0,3,13,11,27,87,78,88,59,312,32,62,94,406
05/17/2014,CHS,SC,ASO,ES,Combined TRACON& Tower with Radar,88,63,39,31,221,0,1,21,9,31,88,64,60,40,252,22,24,46,298
05/18/2014,CHS,SC,ASO,ES,Combined TRACON& Tower with Radar,83,86,60,25,254,0,2,18,3,23,83,88,78,28,277,44,20,64,341
05/19/2014,CHS,SC,ASO,ES,Combined TRACON& Tower with Radar,80,79,41,43,243,0,1,10,1,12,80,80,51,44,255,8,38,46,301
05/20/2014,CHS,SC,ASO,ES,Combined TRACON& Tower with Radar,82,73,55,30,240,0,2,25,6,33,82,75,80,36,273,28,18,46,319
05/21/2014,CHS,SC,ASO,ES,Combined TRACON& Tower with Radar,91,65,47,50,253,0,0,16,3,19,91,65,63,53,272,48,34,82,354
05/22/2014,CHS,SC,ASO,ES,Combined TRACON& Tower with Radar,75,88,70,34,267,0,5,33,2,40,75,93,103,36,307,16,10,26,333
05/23/2014,CHS,SC,ASO,ES,Combined TRACON& Tower with Radar,83,82,78,14,257,0,2,24,1,27,83,84,102,15,284,34,2,36,320
05/24/2014,CHS,SC,ASO,ES,Combined TRACON& Tower with Radar,75,71,27,8,181,0,1,19,11,31,75,72,46,19,212,14,6,20,232
05/25/2014,CHS,SC,ASO,ES,Combined TRACON& Tower with Radar,73,62,25,7,167,0,2,15,0,17,73,64,40,7,184,14,4,18,202
05/26/2014,CHS,SC,ASO,ES,Combined TRACON& Tower with Radar,75,75,59,5,214,0,1,11,6,18,75,76,70,11,232,18,0,18,250
05/27/2014,CHS,SC,ASO,ES,Combined TRACON& Tower with Radar,70,65,45,30,210,0,3,18,5,26,70,68,63,35,236,14,46,60,296
05/28/2014,CHS,SC,ASO,ES,Combined TRACON& Tower with Radar,89,71,61,59,280,0,2,25,8,35,89,73,86,67,315,10,50,60,375
05/29/2014,CHS,SC,ASO,ES,Combined TRACON& Tower with Radar,83,74,50,58,265,0,6,27,10,43,83,80,77,68,308,24,30,54,362
05/30/2014,CHS,SC,ASO,ES,Combined TRACON& Tower with Radar,77,72,72,44,265,0,3,9,9,21,77,75,81,53,286,0,46,46,332
05/31/2014,CHS,SC,ASO,ES,Combined TRACON& Tower with Radar,85,70,32,38,225,0,0,4,0,4,85,70,36,38,229,24,22,46,275
06/01/2014,CHS,SC,ASO,ES,Combined TRACON& Tower with Radar,87,81,45,23,236,0,1,16,2,19,87,82,61,25,255,0,4,4,259
06/02/2014,CHS,SC,ASO,ES,Combined TRACON& Tower with Radar,79,81,45,39,244,0,5,22,4,31,79,86,67,43,275,12,32,44,319
06/03/2014,CHS,SC,ASO,ES,Combined TRACON& Tower with Radar,74,73,44,62,253,0,2,29,6,37,74,75,73,68,290,24,96,120,410
06/04/2014,CHS,SC,ASO,ES,Combined TRACON& Tower with Radar,87,73,59,45,264,0,0,12,9,21,87,73,71,54,285,36,14,50,335
06/05/2014,CHS,SC,ASO,ES,Combined TRACON& Tower with Radar,84,86,62,26,258,0,2,17,9,28,84,88,79,35,286,20,32,52,338
06/06/2014,CHS,SC,ASO,ES,Combined TRACON& Tower with Radar,90,75,71,37,273,0,1,12,10,23,90,76,83,47,296,34,42,76,372
06/07/2014,CHS,SC,ASO,ES,Combined TRACON& Tower with Radar,78,70,30,16,194,0,2,9,7,18,78,72,39,23,212,32,6,38,250
06/08/2014,CHS,SC,ASO,ES,Combined TRACON& Tower with Radar,91,78,52,32,253,0,0,4,6,10,91,78,56,38,263,24,16,40,303
06/09/2014,CHS,SC,ASO,ES,Combined TRACON& Tower with Radar,84,65,37,62,248,0,0,24,6,30,84,65,61,68,278,26,68,94,372
06/10/2014,CHS,SC,ASO,ES,Combined TRACON& Tower with Radar,89,70,67,64,290,0,1,20,10,31,89,71,87,74,321,20,52,72,393
06/11/2014,CHS,SC,ASO,ES,Combined TRACON& Tower with Radar,88,75,36,46,245,0,2,11,7,20,88,77,47,53,265,18,56,74,339
06/12/2014,CHS,SC,ASO,ES,Combined TRACON& Tower with Radar,83,65,55,51,254,0,2,18,0,20,83,67,73,51,274,2,27,29,303
06/13/2014,CHS,SC,ASO,ES,Combined TRACON& Tower with Radar,81,59,54,48,242,0,0,19,6,25,81,59,73,54,267,26,54,80,347
06/14/2014,CHS,SC,ASO,ES,Combined TRACON& Tower with Radar,83,73,42,59,257,0,2,16,8,26,83,75,58,67,283,12,98,110,393
06/15/2014,CHS,SC,ASO,ES,Combined TRACON& Tower with Radar,84,69,37,31,221,0,4,13,8,25,84,73,50,39,246,24,28,52,298
06/16/2014,CHS,SC,ASO,ES,Combined TRACON& Tower with Radar,93,56,42,41,232,0,2,17,4,23,93,58,59,45,255,12,48,60,315
06/17/2014,CHS,SC,ASO,ES,Combined TRACON& Tower with Radar,94,59,58,77,288,0,0,10,12,22,94,59,68,89,310,8,58,66,376
06/18/2014,CHS,SC,ASO,ES,Combined TRACON& Tower with Radar,85,61,46,52,244,0,2,14,17,33,85,63,60,69,277,16,20,36,313
06/19/2014,CHS,SC,ASO,ES,Combined TRACON& Tower with Radar,86,76,54,61,277,0,1,13,5,19,86,77,67,66,296,20,62,82,378
06/20/2014,CHS,SC,ASO,ES,Combined TRACON& Tower with Radar,101,68,59,55,283,0,1,16,8,25,101,69,75,63,308,26,60,86,394
06/21/2014,CHS,SC,ASO,ES,Combined TRACON& Tower with Radar,81,71,29,34,215,0,0,17,7,24,81,71,46,41,239,30,54,84,323
06/22/2014,CHS,SC,ASO,ES,Combined TRACON& Tower with Radar,90,72,36,26,224,0,1,9,13,23,90,73,45,39,247,8,6,14,261
06/23/2014,CHS,SC,ASO,ES,Combined TRACON& Tower with Radar,94,67,45,46,252,0,0,4,2,6,94,67,49,48,258,2,18,20,278
06/24/2014,CHS,SC,ASO,ES,Combined TRACON& Tower with Radar,91,69,36,55,251,0,1,8,3,12,91,70,44,58,263,24,46,70,333
06/25/2014,CHS,SC,ASO,ES,Combined TRACON& Tower with Radar,93,64,35,52,244,0,2,15,9,26,93,66,50,61,270,38,20,58,328
06/26/2014,CHS,SC,ASO,ES,Combined TRACON& Tower with Radar,95,82,47,60,284,0,0,22,8,30,95,82,69,68,314,18,44,62,376
06/27/2014,CHS,SC,ASO,ES,Combined TRACON& Tower with Radar,97,60,48,35,240,0,6,15,18,39,97,66,63,53,279,6,36,42,321
06/28/2014,CHS,SC,ASO,ES,Combined TRACON& Tower with Radar,91,69,40,28,228,0,3,4,7,14,91,72,44,35,242,12,12,24,266
06/29/2014,CHS,SC,ASO,ES,Combined TRACON& Tower with Radar,87,64,35,21,207,0,3,4,18,25,87,67,39,39,232,12,14,26,258
06/30/2014,CHS,SC,ASO,ES,Combined TRACON& Tower with Radar,84,58,41,45,228,0,4,34,5,43,84,62,75,50,271,28,28,56,327
07/01/2014,CHS,SC,ASO,ES,Combined TRACON& Tower with Radar,83,45,67,52,247,0,3,21,7,31,83,48,88,59,278,28,44,72,350
07/02/2014,CHS,SC,ASO,ES,Combined TRACON& Tower with Radar,88,53,44,31,216,0,2,16,8,26,88,55,60,39,242,38,28,66,308
07/03/2014,CHS,SC,ASO,ES,Combined TRACON& Tower with Radar,85,53,19,9,166,0,2,7,6,15,85,55,26,15,181,10,8,18,199
07/04/2014,CHS,SC,ASO,ES,Combined TRACON& Tower with Radar,66,34,15,5,120,0,1,10,5,16,66,35,25,10,136,50,0,50,186
07/05/2014,CHS,SC,ASO,ES,Combined TRACON& Tower with Radar,90,64,29,4,187,0,0,14,6,20,90,64,43,10,207,8,0,8,215
07/06/2014,CHS,SC,ASO,ES,Combined TRACON& Tower with Radar,88,75,46,8,217,0,1,4,1,6,88,76,50,9,223,4,0,4,227
07/07/2014,CHS,SC,ASO,ES,Combined TRACON& Tower with Radar,88,71,50,66,275,0,0,15,8,23,88,71,65,74,298,22,60,82,380
07/08/2014,CHS,SC,ASO,ES,Combined TRACON& Tower with Radar,92,72,57,45,266,0,0,20,9,29,92,72,77,54,295,12,42,54,349
07/09/2014,CHS,SC,ASO,ES,Combined TRACON& Tower with Radar,93,50,54,40,237,0,1,17,13,31,93,51,71,53,268,16,32,48,316
07/10/2014,CHS,SC,ASO,ES,Combined TRACON& Tower with Radar,83,66,62,58,269,0,0,13,3,16,83,66,75,61,285,28,120,148,433
07/11/2014,CHS,SC,ASO,ES,Combined TRACON& Tower with Radar,88,73,36,61,258,0,3,9,4,16,88,76,45,65,274,8,154,162,436
07/12/2014,CHS,SC,ASO,ES,Combined TRACON& Tower with Radar,84,69,36,22,211,0,3,9,3,15,84,72,45,25,226,24,10,34,260
07/13/2014,CHS,SC,ASO,ES,Combined TRACON& Tower with Radar,90,70,38,14,212,0,0,5,2,7,90,70,43,16,219,6,0,6,225
07/14/2014,CHS,SC,ASO,ES,Combined TRACON& Tower with Radar,84,69,29,52,234,0,3,13,7,23,84,72,42,59,257,6,48,54,311
07/15/2014,CHS,SC,ASO,ES,Combined TRACON& Tower with Radar,78,55,48,51,232,0,0,6,6,12,78,55,54,57,244,12,20,32,276
07/16/2014,CHS,SC,ASO,ES,Combined TRACON& Tower with Radar,93,60,55,45,253,0,1,10,5,16,93,61,65,50,269,10,42,52,321
07/17/2014,CHS,SC,ASO,ES,Combined TRACON& Tower with Radar,87,72,73,27,259,0,4,27,11,42,87,76,100,38,301,60,26,86,387
07/18/2014,CHS,SC,ASO,ES,Combined TRACON& Tower with Radar,93,79,37,55,264,0,3,17,18,38,93,82,54,73,302,24,20,44,346
07/19/2014,CHS,SC,ASO,ES,Combined TRACON& Tower with Radar,90,69,32,30,221,0,4,14,12,30,90,73,46,42,251,42,4,46,297
07/20/2014,CHS,SC,ASO,ES,Combined TRACON& Tower with Radar,94,87,37,24,242,0,0,11,3,14,94,87,48,27,256,0,0,0,256
07/21/2014,CHS,SC,ASO,ES,Combined TRACON& Tower with Radar,88,62,38,79,267,0,2,10,7,19,88,64,48,86,286,20,90,110,396
07/22/2014,CHS,SC,ASO,ES,Combined TRACON& Tower with Radar,90,64,46,21,221,0,4,13,5,22,90,68,59,26,243,14,8,22,265
07/23/2014,CHS,SC,ASO,ES,Combined TRACON& Tower with Radar,87,56,56,32,231,0,0,20,3,23,87,56,76,35,254,76,18,94,348
07/24/2014,CHS,SC,ASO,ES,Combined TRACON& Tower with Radar,88,67,61,56,272,0,4,24,7,35,88,71,85,63,307,28,44,72,379
07/25/2014,CHS,SC,ASO,ES,Combined TRACON& Tower with Radar,90,61,57,54,262,0,1,17,6,24,90,62,74,60,286,24,22,46,332
07/26/2014,CHS,SC,ASO,ES,Combined TRACON& Tower with Radar,88,62,23,37,210,0,0,15,9,24,88,62,38,46,234,2,20,22,256
07/27/2014,CHS,SC,ASO,ES,Combined TRACON& Tower with Radar,87,56,49,24,216,0,0,23,8,31,87,56,72,32,247,22,0,22,269
07/28/2014,CHS,SC,ASO,ES,Combined TRACON& Tower with Radar,91,72,51,58,272,0,1,13,0,14,91,73,64,58,286,14,38,52,338
07/29/2014,CHS,SC,ASO,ES,Combined TRACON& Tower with Radar,89,70,53,32,244,0,3,25,2,30,89,73,78,34,274,12,18,30,304
07/30/2014,CHS,SC,ASO,ES,Combined TRACON& Tower with Radar,95,64,68,32,259,0,5,27,7,39,95,69,95,39,298,50,38,88,386
07/31/2014,CHS,SC,ASO,ES,Combined TRACON& Tower with Radar,87,66,53,22,228,0,1,8,3,12,87,67,61,25,240,2,2,4,244
08/01/2014,CHS,SC,ASO,ES,Combined TRACON& Tower with Radar,88,75,41,35,239,0,2,7,1,10,88,77,48,36,249,10,26,36,285
08/02/2014,CHS,SC,ASO,ES,Combined TRACON& Tower with Radar,86,66,32,4,188,0,0,0,2,2,86,66,32,6,190,0,0,0,190
08/03/2014,CHS,SC,ASO,ES,Combined TRACON& Tower with Radar,96,67,20,11,194,0,0,1,2,3,96,67,21,13,197,4,0,4,201
08/04/2014,CHS,SC,ASO,ES,Combined TRACON& Tower with Radar,84,69,40,39,232,0,0,0,3,3,84,69,40,42,235,8,20,28,263
08/05/2014,CHS,SC,ASO,ES,Combined TRACON& Tower with Radar,93,56,47,62,258,0,2,15,14,31,93,58,62,76,289,14,66,80,369
08/06/2014,CHS,SC,ASO,ES,Combined TRACON& Tower with Radar,88,73,51,67,279,0,2,26,10,38,88,75,77,77,317,36,74,110,427
08/07/2014,CHS,SC,ASO,ES,Combined TRACON& Tower with Radar,92,58,44,65,259,0,2,17,5,24,92,60,61,70,283,12,62,74,357
08/08/2014,CHS,SC,ASO,ES,Combined TRACON& Tower with Radar,88,66,47,49,250,0,2,17,5,24,88,68,64,54,274,14,40,54,328
08/09/2014,CHS,SC,ASO,ES,Combined TRACON& Tower with Radar,84,69,31,8,192,0,0,9,4,13,84,69,40,12,205,20,6,26,231
08/10/2014,CHS,SC,ASO,ES,Combined TRACON& Tower with Radar,90,82,37,13,222,0,0,4,5,9,90,82,41,18,231,14,0,14,245
08/11/2014,CHS,SC,ASO,ES,Combined TRACON& Tower with Radar,88,69,43,34,234,0,1,7,2,10,88,70,50,36,244,20,28,48,292
08/12/2014,CHS,SC,ASO,ES,Combined TRACON& Tower with Radar,87,60,39,73,259,0,1,9,8,18,87,61,48,81,277,8,40,48,325
08/13/2014,CHS,SC,ASO,ES,Combined TRACON& Tower with Radar,98,64,61,77,300,0,4,10,6,20,98,68,71,83,320,40,92,132,452
08/14/2014,CHS,SC,ASO,ES,Combined TRACON& Tower with Radar,87,66,58,42,253,0,2,26,14,42,87,68,84,56,295,4,20,24,319
08/15/2014,CHS,SC,ASO,ES,Combined TRACON& Tower with Radar,88,56,53,29,226,0,6,24,7,37,88,62,77,36,263,18,16,34,297
08/16/2014,CHS,SC,ASO,ES,Combined TRACON& Tower with Radar,90,71,55,30,246,0,0,38,10,48,90,71,93,40,294,22,62,84,378
08/17/2014,CHS,SC,ASO,ES,Combined TRACON& Tower with Radar,85,63,45,18,211,0,0,21,6,27,85,63,66,24,238,16,8,24,262
08/18/2014,CHS,SC,ASO,ES,Combined TRACON& Tower with Radar,88,61,42,32,223,0,1,8,5,14,88,62,50,37,237,18,18,36,273
08/19/2014,CHS,SC,ASO,ES,Combined TRACON& Tower with Radar,88,54,52,54,248,0,5,16,9,30,88,59,68,63,278,34,24,58,336
08/20/2014,CHS,SC,ASO,ES,Combined TRACON& Tower with Radar,86,59,41,60,246,0,4,31,13,48,86,63,72,73,294,46,72,118,412
08/21/2014,CHS,SC,ASO,ES,Combined TRACON& Tower with Radar,91,62,55,62,270,0,0,19,16,35,91,62,74,78,305,44,64,108,413
08/22/2014,CHS,SC,ASO,ES,Combined TRACON& Tower with Radar,89,59,49,46,243,0,2,16,8,26,89,61,65,54,269,32,76,108,377
08/23/2014,CHS,SC,ASO,ES,Combined TRACON& Tower with Radar,77,58,25,29,189,0,4,7,4,15,77,62,32,33,204,20,52,72,276
08/24/2014,CHS,SC,ASO,ES,Combined TRACON& Tower with Radar,80,62,31,17,190,0,1,10,14,25,80,63,41,31,215,44,12,56,271
08/25/2014,CHS,SC,ASO,ES,Combined TRACON& Tower with Radar,81,60,26,36,203,0,3,13,6,22,81,63,39,42,225,22,19,41,266
08/26/2014,CHS,SC,ASO,ES,Combined TRACON& Tower with Radar,81,58,45,35,219,0,3,10,8,21,81,61,55,43,240,12,88,100,340
08/27/2014,CHS,SC,ASO,ES,Combined TRACON& Tower with Radar,90,68,47,44,249,0,5,11,13,29,90,73,58,57,278,20,44,64,342
08/28/2014,CHS,SC,ASO,ES,Combined TRACON& Tower with Radar,89,74,57,36,256,0,2,23,8,33,89,76,80,44,289,22,24,46,335
08/29/2014,CHS,SC,ASO,ES,Combined TRACON& Tower with Radar,88,66,66,12,232,0,0,23,2,25,88,66,89,14,257,28,4,32,289
08/30/2014,CHS,SC,ASO,ES,Combined TRACON& Tower with Radar,72,53,25,9,159,0,2,16,8,26,72,55,41,17,185,10,0,10,195
08/31/2014,CHS,SC,ASO,ES,Combined TRACON& Tower with Radar,61,39,27,6,133,0,0,15,4,19,61,39,42,10,152,4,0,4,156
09/01/2014,CHS,SC,ASO,ES,Combined TRACON& Tower with Radar,76,72,39,8,195,0,0,15,2,17,76,72,54,10,212,22,6,28,240
09/02/2014,CHS,SC,ASO,ES,Combined TRACON& Tower with Radar,77,71,42,34,224,0,2,11,5,18,77,73,53,39,242,28,52,80,322
09/03/2014,CHS,SC,ASO,ES,Combined TRACON& Tower with Radar,86,60,63,56,265,0,5,11,13,29,86,65,74,69,294,36,58,94,388
09/04/2014,CHS,SC,ASO,ES,Combined TRACON& Tower with Radar,82,52,48,41,223,0,1,12,5,18,82,53,60,46,241,10,28,38,279
09/05/2014,CHS,SC,ASO,ES,Combined TRACON& Tower with Radar,80,71,50,44,245,0,3,13,5,21,80,74,63,49,266,4,38,42,308
09/06/2014,CHS,SC,ASO,ES,Combined TRACON& Tower with Radar,76,53,11,30,170,0,0,6,8,14,76,53,17,38,184,20,8,28,212
09/07/2014,CHS,SC,ASO,ES,Combined TRACON& Tower with Radar,81,58,43,17,199,0,0,2,3,5,81,58,45,20,204,2,0,2,206
09/08/2014,CHS,SC,ASO,ES,Combined TRACON& Tower with Radar,87,61,43,23,214,0,0,0,2,2,87,61,43,25,216,4,20,24,240
09/09/2014,CHS,SC,ASO,ES,Combined TRACON& Tower with Radar,83,65,44,67,259,0,1,2,6,9,83,66,46,73,268,4,34,38,306
09/10/2014,CHS,SC,ASO,ES,Combined TRACON& Tower with Radar,83,69,66,41,259,0,0,18,1,19,83,69,84,42,278,8,26,34,312
09/11/2014,CHS,SC,ASO,ES,Combined TRACON& Tower with Radar,86,73,68,22,249,0,0,24,12,36,86,73,92,34,285,14,4,18,303
09/12/2014,CHS,SC,ASO,ES,Combined TRACON& Tower with Radar,88,65,63,45,261,0,1,8,11,20,88,66,71,56,281,22,38,60,341
09/13/2014,CHS,SC,ASO,ES,Combined TRACON& Tower with Radar,78,49,31,41,199,0,3,8,4,15,78,52,39,45,214,12,20,32,246
09/14/2014,CHS,SC,ASO,ES,Combined TRACON& Tower with Radar,85,63,54,23,225,0,3,0,2,5,85,66,54,25,230,0,4,4,234
09/15/2014,CHS,SC,ASO,ES,Combined TRACON& Tower with Radar,85,69,50,47,251,0,0,5,2,7,85,69,55,49,258,8,44,52,310
09/16/2014,CHS,SC,ASO,ES,Combined TRACON& Tower with Radar,86,66,24,39,215,0,0,5,4,9,86,66,29,43,224,4,20,24,248
09/17/2014,CHS,SC,ASO,ES,Combined TRACON& Tower with Radar,90,74,49,37,250,0,1,4,6,11,90,75,53,43,261,8,34,42,303
09/18/2014,CHS,SC,ASO,ES,Combined TRACON& Tower with Radar,87,89,56,39,271,0,2,3,9,14,87,91,59,48,285,0,36,36,321
09/19/2014,CHS,SC,ASO,ES,Combined TRACON& Tower with Radar,92,80,71,38,281,0,5,4,13,22,92,85,75,51,303,4,44,48,351
09/20/2014,CHS,SC,ASO,ES,Combined TRACON& Tower with Radar,85,54,23,24,186,0,2,8,7,17,85,56,31,31,203,0,6,6,209
09/21/2014,CHS,SC,ASO,ES,Combined TRACON& Tower with Radar,88,68,60,12,228,0,2,16,4,22,88,70,76,16,250,4,0,4,254
09/22/2014,CHS,SC,ASO,ES,Combined TRACON& Tower with Radar,88,66,38,36,228,0,1,10,4,15,88,67,48,40,243,2,14,16,259
09/23/2014,CHS,SC,ASO,ES,Combined TRACON& Tower with Radar,96,56,50,33,235,0,0,1,1,2,96,56,51,34,237,2,8,10,247
09/24/2014,CHS,SC,ASO,ES,Combined TRACON& Tower with Radar,86,69,53,68,276,0,0,1,2,3,86,69,54,70,279,0,44,44,323
09/25/2014,CHS,SC,ASO,ES,Combined TRACON& Tower with Radar,90,71,59,59,279,0,0,3,6,9,90,71,62,65,288,2,20,22,310
09/26/2014,CHS,SC,ASO,ES,Combined TRACON& Tower with Radar,84,67,52,48,251,0,0,2,4,6,84,67,54,52,257,6,26,32,289
09/27/2014,CHS,SC,ASO,ES,Combined TRACON& Tower with Radar,79,52,34,26,191,0,1,6,10,17,79,53,40,36,208,8,4,12,220
09/28/2014,CHS,SC,ASO,ES,Combined TRACON& Tower with Radar,88,73,49,21,231,0,2,2,2,6,88,75,51,23,237,0,9,9,246
09/29/2014,CHS,SC,ASO,ES,Combined TRACON& Tower with Radar,87,71,36,61,255,0,0,0,1,1,87,71,36,62,256,0,37,37,293
09/30/2014,CHS,SC,ASO,ES,Combined TRACON& Tower with Radar,95,67,54,56,272,0,2,20,8,30,95,69,74,64,302,8,28,36,338
10/01/2014,CHS,SC,ASO,ES,Combined TRACON& Tower with Radar,95,73,65,39,272,0,1,20,6,27,95,74,85,45,299,4,6,10,309
10/02/2014,CHS,SC,ASO,ES,Combined TRACON& Tower with Radar,91,64,57,40,252,0,1,26,12,39,91,65,83,52,291,2,6,8,299
10/03/2014,CHS,SC,ASO,ES,Combined TRACON& Tower with Radar,91,62,43,36,232,0,0,14,10,24,91,62,57,46,256,2,13,15,271
10/04/2014,CHS,SC,ASO,ES,Combined TRACON& Tower with Radar,73,64,28,15,180,0,1,20,9,30,73,65,48,24,210,0,0,0,210
10/05/2014,CHS,SC,ASO,ES,Combined TRACON& Tower with Radar,90,77,64,9,240,0,0,23,7,30,90,77,87,16,270,0,0,0,270
10/06/2014,CHS,SC,ASO,ES,Combined TRACON& Tower with Radar,88,65,39,34,226,0,0,23,0,23,88,65,62,34,249,0,18,18,267
10/07/2014,CHS,SC,ASO,ES,Combined TRACON& Tower with Radar,93,56,57,36,242,0,1,29,7,37,93,57,86,43,279,0,4,4,283
10/08/2014,CHS,SC,ASO,ES,Combined TRACON& Tower with Radar,91,62,70,60,283,0,3,12,7,22,91,65,82,67,305,0,45,45,350
10/09/2014,CHS,SC,ASO,ES,Combined TRACON& Tower with Radar,88,84,79,40,291,0,0,19,8,27,88,84,98,48,318,16,18,34,352
10/10/2014,CHS,SC,ASO,ES,Combined TRACON& Tower with Radar,86,76,57,37,256,0,3,27,10,40,86,79,84,47,296,2,8,10,306
10/11/2014,CHS,SC,ASO,ES,Combined TRACON& Tower with Radar,80,63,33,14,190,0,1,22,9,32,80,64,55,23,222,0,0,0,222
10/12/2014,CHS,SC,ASO,ES,Combined TRACON& Tower with Radar,84,74,53,17,228,0,2,11,4,17,84,76,64,21,245,2,2,4,249
10/13/2014,CHS,SC,ASO,ES,Combined TRACON& Tower with Radar,87,68,43,4,202,0,1,2,3,6,87,69,45,7,208,13,0,13,221
10/14/2014,CHS,SC,ASO,ES,Combined TRACON& Tower with Radar,91,66,33,23,213,0,0,4,8,12,91,66,37,31,225,8,17,25,250
10/15/2014,CHS,SC,ASO,ES,Combined TRACON& Tower with Radar,90,76,69,44,279,0,1,11,4,16,90,77,80,48,295,0,14,14,309
10/16/2014,CHS,SC,ASO,ES,Combined TRACON& Tower with Radar,95,80,82,33,290,0,4,19,3,26,95,84,101,36,316,2,1,3,319
10/17/2014,CHS,SC,ASO,ES,Combined TRACON& Tower with Radar,88,74,72,47,281,0,3,21,9,33,88,77,93,56,314,2,28,30,344
10/18/2014,CHS,SC,ASO,ES,Combined TRACON& Tower with Radar,80,57,41,32,210,0,2,34,13,49,80,59,75,45,259,2,2,4,263
10/19/2014,CHS,SC,ASO,ES,Combined TRACON& Tower with Radar,85,84,58,35,262,0,3,24,9,36,85,87,82,44,298,8,18,26,324
10/20/2014,CHS,SC,ASO,ES,Combined TRACON& Tower with Radar,94,75,64,44,277,0,0,9,10,19,94,75,73,54,296,6,32,38,334
10/21/2014,CHS,SC,ASO,ES,Combined TRACON& Tower with Radar,95,57,41,47,240,0,2,21,11,34,95,59,62,58,274,2,20,22,296
10/22/2014,CHS,SC,ASO,ES,Combined TRACON& Tower with Radar,99,78,62,76,315,0,1,16,14,31,99,79,78,90,346,4,26,30,376
10/23/2014,CHS,SC,ASO,ES,Combined TRACON& Tower with Radar,85,78,61,22,246,0,0,21,3,24,85,78,82,25,270,0,2,2,272
10/24/2014,CHS,SC,ASO,ES,Combined TRACON& Tower with Radar,89,72,60,44,265,0,2,10,15,27,89,74,70,59,292,4,28,32,324
10/25/2014,CHS,SC,ASO,ES,Combined TRACON& Tower with Radar,82,64,69,36,251,0,2,18,9,29,82,66,87,45,280,17,37,54,334
10/26/2014,CHS,SC,ASO,ES,Combined TRACON& Tower with Radar,87,73,68,30,258,0,5,16,14,35,87,78,84,44,293,2,10,12,305
10/27/2014,CHS,SC,ASO,ES,Combined TRACON& Tower with Radar,91,64,52,62,269,0,1,12,16,29,91,65,64,78,298,0,44,44,342
10/28/2014,CHS,SC,ASO,ES,Combined TRACON& Tower with Radar,95,61,61,48,265,0,0,17,7,24,95,61,78,55,289,9,26,35,324
10/29/2014,CHS,SC,ASO,ES,Combined TRACON& Tower with Radar,93,64,76,62,295,0,3,11,13,27,93,67,87,75,322,2,34,36,358
10/30/2014,CHS,SC,ASO,ES,Combined TRACON& Tower with Radar,91,82,54,37,264,0,4,17,3,24,91,86,71,40,288,6,10,16,304
10/31/2014,CHS,SC,ASO,ES,Combined TRACON& Tower with Radar,94,73,43,39,249,0,5,19,14,38,94,78,62,53,287,0,12,12,299
11/01/2014,CHS,SC,ASO,ES,Combined TRACON& Tower with Radar,85,56,28,12,181,0,2,7,3,12,85,58,35,15,193,2,4,6,199
11/02/2014,CHS,SC,ASO,ES,Combined TRACON& Tower with Radar,83,77,45,17,222,0,3,9,10,22,83,80,54,27,244,0,4,4,248
11/03/2014,CHS,SC,ASO,ES,Combined TRACON& Tower with Radar,86,66,36,38,226,0,2,19,7,28,86,68,55,45,254,0,20,20,274
11/04/2014,CHS,SC,ASO,ES,Combined TRACON& Tower with Radar,90,63,48,47,248,0,5,34,5,44,90,68,82,52,292,0,22,22,314
11/05/2014,CHS,SC,ASO,ES,Combined TRACON& Tower with Radar,93,63,55,41,252,0,1,18,11,30,93,64,73,52,282,2,10,12,294
11/06/2014,CHS,SC,ASO,ES,Combined TRACON& Tower with Radar,99,73,62,35,269,0,1,18,11,30,99,74,80,46,299,0,0,0,299
11/07/2014,CHS,SC,ASO,ES,Combined TRACON& Tower with Radar,99,74,96,40,309,0,1,30,14,45,99,75,126,54,354,2,13,15,369
11/08/2014,CHS,SC,ASO,ES,Combined TRACON& Tower with Radar,81,53,54,15,203,0,3,28,11,42,81,56,82,26,245,0,12,12,257
11/09/2014,CHS,SC,ASO,ES,Combined TRACON& Tower with Radar,85,75,88,14,262,0,0,16,4,20,85,75,104,18,282,8,0,8,290
11/10/2014,CHS,SC,ASO,ES,Combined TRACON& Tower with Radar,91,56,69,32,248,0,3,25,5,33,91,59,94,37,281,2,14,16,297
11/11/2014,CHS,SC,ASO,ES,Combined TRACON& Tower with Radar,92,55,56,13,216,0,3,12,5,20,92,58,68,18,236,0,6,6,242
11/12/2014,CHS,SC,ASO,ES,Combined TRACON& Tower with Radar,104,65,67,44,280,0,2,25,8,35,104,67,92,52,315,14,28,42,357
11/13/2014,CHS,SC,ASO,ES,Combined TRACON& Tower with Radar,94,59,62,48,263,0,1,14,2,17,94,60,76,50,280,3,9,12,292
11/14/2014,CHS,SC,ASO,ES,Combined TRACON& Tower with Radar,99,65,65,26,255,0,0,14,5,19,99,65,79,31,274,8,18,26,300
11/15/2014,CHS,SC,ASO,ES,Combined TRACON& Tower with Radar,84,62,63,36,245,0,2,17,5,24,84,64,80,41,269,9,12,21,290
11/16/2014,CHS,SC,ASO,ES,Combined TRACON& Tower with Radar,82,58,64,13,217,0,1,0,1,2,82,59,64,14,219,0,0,0,219
11/17/2014,CHS,SC,ASO,ES,Combined TRACON& Tower with Radar,94,48,35,47,224,0,0,0,0,0,94,48,35,47,224,6,14,20,244
11/18/2014,CHS,SC,ASO,ES,Combined TRACON& Tower with Radar,93,59,53,53,258,0,1,15,7,23,93,60,68,60,281,2,26,28,309
11/19/2014,CHS,SC,ASO,ES,Combined TRACON& Tower with Radar,97,56,53,34,240,0,0,13,10,23,97,56,66,44,263,4,4,8,271
11/20/2014,CHS,SC,ASO,ES,Combined TRACON& Tower with Radar,95,63,78,46,282,0,7,25,14,46,95,70,103,60,328,2,8,10,338
11/21/2014,CHS,SC,ASO,ES,Combined TRACON& Tower with Radar,92,66,71,52,281,0,3,32,10,45,92,69,103,62,326,3,41,44,370
11/22/2014,CHS,SC,ASO,ES,Combined TRACON& Tower with Radar,80,48,40,59,227,0,3,19,14,36,80,51,59,73,263,4,14,18,281
11/23/2014,CHS,SC,ASO,ES,Combined TRACON& Tower with Radar,80,67,36,8,191,0,0,1,6,7,80,67,37,14,198,0,0,0,198
11/24/2014,CHS,SC,ASO,ES,Combined TRACON& Tower with Radar,85,50,41,46,222,0,0,1,1,2,85,50,42,47,224,11,13,24,248
11/25/2014,CHS,SC,ASO,ES,Combined TRACON& Tower with Radar,99,72,85,42,298,0,0,0,1,1,99,72,85,43,299,0,8,8,307
11/26/2014,CHS,SC,ASO,ES,Combined TRACON& Tower with Radar,105,85,67,30,287,0,3,5,1,9,105,88,72,31,296,4,16,20,316
11/27/2014,CHS,SC,ASO,ES,Combined TRACON& Tower with Radar,57,31,14,9,111,0,3,4,3,10,57,34,18,12,121,2,0,2,123
11/28/2014,CHS,SC,ASO,ES,Combined TRACON& Tower with Radar,66,45,39,10,160,0,0,13,5,18,66,45,52,15,178,5,0,5,183
11/29/2014,CHS,SC,ASO,ES,Combined TRACON& Tower with Radar,87,73,49,11,220,0,2,13,6,21,87,75,62,17,241,2,2,4,245
11/30/2014,CHS,SC,ASO,ES,Combined TRACON& Tower with Radar,99,74,75,4,252,0,0,18,0,18,99,74,93,4,270,0,0,0,270
12/01/2014,CHS,SC,ASO,ES,Combined TRACON& Tower with Radar,94,56,40,31,221,0,1,14,5,20,94,57,54,36,241,4,12,16,257
12/02/2014,CHS,SC,ASO,ES,Combined TRACON& Tower with Radar,87,66,56,80,289,0,0,13,2,15,87,66,69,82,304,4,58,62,366
12/03/2014,CHS,SC,ASO,ES,Combined TRACON& Tower with Radar,78,54,80,42,254,0,1,2,3,6,78,55,82,45,260,4,21,25,285
12/04/2014,CHS,SC,ASO,ES,Combined TRACON& Tower with Radar,87,65,61,73,286,0,0,10,7,17,87,65,71,80,303,18,36,54,357
12/05/2014,CHS,SC,ASO,ES,Combined TRACON& Tower with Radar,83,64,68,37,252,0,0,17,11,28,83,64,85,48,280,2,12,14,294
12/06/2014,CHS,SC,ASO,ES,Combined TRACON& Tower with Radar,63,47,33,20,163,0,1,7,5,13,63,48,40,25,176,2,0,2,178
12/07/2014,CHS,SC,ASO,ES,Combined TRACON& Tower with Radar,76,55,35,22,188,0,1,9,3,13,76,56,44,25,201,0,6,6,207
12/08/2014,CHS,SC,ASO,ES,Combined TRACON& Tower with Radar,83,60,35,39,217,0,2,2,3,7,83,62,37,42,224,0,16,16,240
12/09/2014,CHS,SC,ASO,ES,Combined TRACON& Tower with Radar,81,54,44,44,223,0,2,6,5,13,81,56,50,49,236,4,16,20,256
12/10/2014,CHS,SC,ASO,ES,Combined TRACON& Tower with Radar,84,53,52,44,233,0,2,22,7,31,84,55,74,51,264,2,8,10,274
12/11/2014,CHS,SC,ASO,ES,Combined TRACON& Tower with Radar,84,66,54,58,262,0,2,26,7,35,84,68,80,65,297,2,12,14,311
12/12/2014,CHS,SC,ASO,ES,Combined TRACON& Tower with Radar,83,62,44,32,221,0,2,22,9,33,83,64,66,41,254,6,15,21,275
12/13/2014,CHS,SC,ASO,ES,Combined TRACON& Tower with Radar,61,56,29,21,167,0,4,28,14,46,61,60,57,35,213,0,2,2,215
12/14/2014,CHS,SC,ASO,ES,Combined TRACON& Tower with Radar,79,49,38,5,171,0,2,15,3,20,79,51,53,8,191,8,0,8,199
12/15/2014,CHS,SC,ASO,ES,Combined TRACON& Tower with Radar,82,57,52,44,235,0,3,5,8,16,82,60,57,52,251,2,26,28,279
12/16/2014,CHS,SC,ASO,ES,Combined TRACON& Tower with Radar,82,61,58,62,263,0,2,6,4,12,82,63,64,66,275,0,28,28,303
12/17/2014,CHS,SC,ASO,ES,Combined TRACON& Tower with Radar,91,61,51,51,254,0,4,13,8,25,91,65,64,59,279,0,24,24,303
12/18/2014,CHS,SC,ASO,ES,Combined TRACON& Tower with Radar,86,82,45,55,268,0,0,9,8,17,86,82,54,63,285,14,36,50,335
12/19/2014,CHS,SC,ASO,ES,Combined TRACON& Tower with Radar,90,77,59,32,258,0,0,24,9,33,90,77,83,41,291,7,13,20,311
12/20/2014,CHS,SC,ASO,ES,Combined TRACON& Tower with Radar,77,64,25,13,179,0,0,1,5,6,77,64,26,18,185,2,2,4,189
12/21/2014,CHS,SC,ASO,ES,Combined TRACON& Tower with Radar,74,73,31,13,191,0,4,3,3,10,74,77,34,16,201,0,0,0,201
12/22/2014,CHS,SC,ASO,ES,Combined TRACON& Tower with Radar,86,62,31,29,208,0,0,0,0,0,86,62,31,29,208,5,8,13,221
12/23/2014,CHS,SC,ASO,ES,Combined TRACON& Tower with Radar,80,64,30,18,192,0,0,0,0,0,80,64,30,18,192,0,2,2,194
12/24/2014,CHS,SC,ASO,ES,Combined TRACON& Tower with Radar,69,39,17,3,128,0,0,0,0,0,69,39,17,3,128,0,0,0,128
12/25/2014,CHS,SC,ASO,ES,Combined TRACON& Tower with Radar,63,46,6,2,117,0,2,3,0,5,63,48,9,2,122,0,0,0,122
12/26/2014,CHS,SC,ASO,ES,Combined TRACON& Tower with Radar,82,74,62,4,222,0,2,17,3,22,82,76,79,7,244,0,0,0,244
12/27/2014,CHS,SC,ASO,ES,Combined TRACON& Tower with Radar,68,69,55,8,200,0,3,29,7,39,68,72,84,15,239,4,0,4,243
12/28/2014,CHS,SC,ASO,ES,Combined TRACON& Tower with Radar,74,83,66,17,240,0,1,8,8,17,74,84,74,25,257,0,24,24,281
12/29/2014,CHS,SC,ASO,ES,Combined TRACON& Tower with Radar,80,82,46,26,234,0,0,0,0,0,80,82,46,26,234,1,4,5,239
12/30/2014,CHS,SC,ASO,ES,Combined TRACON& Tower with Radar,78,82,40,51,251,0,0,0,0,0,78,82,40,51,251,0,21,21,272
12/31/2014,CHS,SC,ASO,ES,Combined TRACON& Tower with Radar,63,54,42,5,164,0,1,21,8,30,63,55,63,13,194,0,4,4,198
01/01/2015,CHS,SC,ASO,ES,Combined TRACON& Tower with Radar,62,47,37,2,148,0,1,9,2,12,62,48,46,4,160,0,0,0,160
01/02/2015,CHS,SC,ASO,ES,Combined TRACON& Tower with Radar,80,65,43,8,196,0,1,7,6,14,80,66,50,14,210,0,2,2,212
01/03/2015,CHS,SC,ASO,ES,Combined TRACON& Tower with Radar,71,64,41,6,182,0,0,0,0,0,71,64,41,6,182,0,0,0,182
01/04/2015,CHS,SC,ASO,ES,Combined TRACON& Tower with Radar,74,76,58,5,213,0,0,1,2,3,74,76,59,7,216,0,0,0,216
01/05/2015,CHS,SC,ASO,ES,Combined TRACON& Tower with Radar,77,64,37,53,231,0,0,13,0,13,77,64,50,53,244,2,36,38,282
01/06/2015,CHS,SC,ASO,ES,Combined TRACON& Tower with Radar,80,50,41,66,237,0,1,23,7,31,80,51,64,73,268,6,34,40,308
01/07/2015,CHS,SC,ASO,ES,Combined TRACON& Tower with Radar,84,48,52,54,238,0,4,25,8,37,84,52,77,62,275,4,14,18,293
01/08/2015,CHS,SC,ASO,ES,Combined TRACON& Tower with Radar,80,56,45,68,249,0,5,25,7,37,80,61,70,75,286,0,78,78,364
01/09/2015,CHS,SC,ASO,ES,Combined TRACON& Tower with Radar,83,50,39,81,253,0,3,18,2,23,83,53,57,83,276,0,49,49,325
01/10/2015,CHS,SC,ASO,ES,Combined TRACON& Tower with Radar,63,30,48,25,166,0,3,23,13,39,63,33,71,38,205,8,0,8,213
01/11/2015,CHS,SC,ASO,ES,Combined TRACON& Tower with Radar,64,59,48,9,180,0,3,7,2,12,64,62,55,11,192,0,0,0,192
01/12/2015,CHS,SC,ASO,ES,Combined TRACON& Tower with Radar,70,36,17,28,151,0,0,0,0,0,70,36,17,28,151,0,10,10,161
01/13/2015,CHS,SC,ASO,ES,Combined TRACON& Tower with Radar,78,49,42,40,209,0,0,0,0,0,78,49,42,40,209,0,5,5,214
01/14/2015,CHS,SC,ASO,ES,Combined TRACON& Tower with Radar,86,49,45,67,247,0,0,1,2,3,86,49,46,69,250,0,33,33,283
01/15/2015,CHS,SC,ASO,ES,Combined TRACON& Tower with Radar,89,64,55,22,230,0,0,1,0,1,89,64,56,22,231,4,10,14,245
01/16/2015,CHS,SC,ASO,ES,Combined TRACON& Tower with Radar,89,59,69,40,257,0,0,22,4,26,89,59,91,44,283,0,18,18,301
01/17/2015,CHS,SC,ASO,ES,Combined TRACON& Tower with Radar,63,36,49,12,160,0,2,27,10,39,63,38,76,22,199,16,0,16,215
01/18/2015,CHS,SC,ASO,ES,Combined TRACON& Tower with Radar,58,50,44,22,174,0,1,9,6,16,58,51,53,28,190,0,26,26,216
01/19/2015,CHS,SC,ASO,ES,Combined TRACON& Tower with Radar,85,55,44,9,193,0,4,23,11,38,85,59,67,20,231,6,0,6,237
01/20/2015,CHS,SC,ASO,ES,Combined TRACON& Tower with Radar,88,42,46,47,223,0,0,12,4,16,88,42,58,51,239,14,30,44,283
01/21/2015,CHS,SC,ASO,ES,Combined TRACON& Tower with Radar,86,54,41,54,235,0,0,19,3,22,86,54,60,57,257,14,40,54,311
01/22/2015,CHS,SC,ASO,ES,Combined TRACON& Tower with Radar,89,57,69,67,282,0,2,30,4,36,89,59,99,71,318,14,18,32,350
01/23/2015,CHS,SC,ASO,ES,Combined TRACON& Tower with Radar,83,53,28,21,185,0,1,5,2,8,83,54,33,23,193,0,4,4,197
01/24/2015,CHS,SC,ASO,ES,Combined TRACON& Tower with Radar,57,36,32,17,142,0,1,4,6,11,57,37,36,23,153,2,0,2,155
01/25/2015,CHS,SC,ASO,ES,Combined TRACON& Tower with Radar,68,54,52,35,209,0,1,26,6,33,68,55,78,41,242,10,0,10,252
01/26/2015,CHS,SC,ASO,ES,Combined TRACON& Tower with Radar,67,54,42,64,227,0,1,9,4,14,67,55,51,68,241,0,36,36,277
01/27/2015,CHS,SC,ASO,ES,Combined TRACON& Tower with Radar,74,42,41,37,194,0,2,18,6,26,74,44,59,43,220,6,20,26,246
01/28/2015,CHS,SC,ASO,ES,Combined TRACON& Tower with Radar,82,47,44,75,248,0,0,24,14,38,82,47,68,89,286,4,48,52,338
01/29/2015,CHS,SC,ASO,ES,Combined TRACON& Tower with Radar,86,44,54,55,239,0,2,24,8,34,86,46,78,63,273,8,20,28,301
01/30/2015,CHS,SC,ASO,ES,Combined TRACON& Tower with Radar,86,56,58,50,250,0,1,25,6,32,86,57,83,56,282,2,26,28,310
01/31/2015,CHS,SC,ASO,ES,Combined TRACON& Tower with Radar,61,29,24,22,136,0,2,21,19,42,61,31,45,41,178,4,36,40,218
02/01/2015,CHS,SC,ASO,ES,Combined TRACON& Tower with Radar,54,43,51,14,162,0,2,18,7,27,54,45,69,21,189,0,0,0,189
02/02/2015,CHS,SC,ASO,ES,Combined TRACON& Tower with Radar,70,35,46,43,194,0,0,3,2,5,70,35,49,45,199,2,18,20,219
02/03/2015,CHS,SC,ASO,ES,Combined TRACON& Tower with Radar,84,51,44,42,221,0,2,24,8,34,84,53,68,50,255,11,14,25,280
02/04/2015,CHS,SC,ASO,ES,Combined TRACON& Tower with Radar,83,49,49,51,232,0,1,15,4,20,83,50,64,55,252,22,28,50,302
02/05/2015,CHS,SC,ASO,ES,Combined TRACON& Tower with Radar,85,53,56,47,241,0,2,14,6,22,85,55,70,53,263,0,38,38,301
02/06/2015,CHS,SC,ASO,ES,Combined TRACON& Tower with Radar,89,55,40,35,219,0,1,20,15,36,89,56,60,50,255,0,22,22,277
02/07/2015,CHS,SC,ASO,ES,Combined TRACON& Tower with Radar,69,34,32,43,178,0,4,28,20,52,69,38,60,63,230,16,14,30,260
02/08/2015,CHS,SC,ASO,ES,Combined TRACON& Tower with Radar,63,49,48,19,179,0,1,15,11,27,63,50,63,30,206,0,4,4,210
02/09/2015,CHS,SC,ASO,ES,Combined TRACON& Tower with Radar,67,51,36,60,214,0,1,12,7,20,67,52,48,67,234,0,32,32,266
02/10/2015,CHS,SC,ASO,ES,Combined TRACON& Tower with Radar,81,58,60,55,254,0,5,6,3,14,81,63,66,58,268,0,14,14,282
02/11/2015,CHS,SC,ASO,ES,Combined TRACON& Tower with Radar,89,63,47,60,259,0,1,28,12,41,89,64,75,72,300,12,50,62,362
02/12/2015,CHS,SC,ASO,ES,Combined TRACON& Tower with Radar,86,67,79,58,290,0,3,19,3,25,86,70,98,61,315,0,31,31,346
02/13/2015,CHS,SC,ASO,ES,Combined TRACON& Tower with Radar,87,63,81,35,266,0,2,36,8,46,87,65,117,43,312,5,22,27,339
02/14/2015,CHS,SC,ASO,ES,Combined TRACON& Tower with Radar,64,42,37,30,173,0,3,21,27,51,64,45,58,57,224,0,16,16,240
02/15/2015,CHS,SC,ASO,ES,Combined TRACON& Tower with Radar,70,58,64,21,213,0,1,13,12,26,70,59,77,33,239,6,17,23,262
02/16/2015,CHS,SC,ASO,ES,Combined TRACON& Tower with Radar,72,62,59,9,202,0,1,16,12,29,72,63,75,21,231,8,15,23,254
02/17/2015,CHS,SC,ASO,ES,Combined TRACON& Tower with Radar,72,62,42,33,209,0,0,4,3,7,72,62,46,36,216,1,0,1,217
02/18/2015,CHS,SC,ASO,ES,Combined TRACON& Tower with Radar,86,63,53,52,254,0,2,15,8,25,86,65,68,60,279,0,0,0,279
02/19/2015,CHS,SC,ASO,ES,Combined TRACON& Tower with Radar,98,65,46,52,261,0,1,12,4,17,98,66,58,56,278,5,13,18,296
02/20/2015,CHS,SC,ASO,ES,Combined TRACON& Tower with Radar,83,48,65,36,232,0,4,31,13,48,83,52,96,49,280,0,8,8,288
02/21/2015,CHS,SC,ASO,ES,Combined TRACON& Tower with Radar,56,28,25,47,156,0,3,8,9,20,56,31,33,56,176,2,28,30,206
02/22/2015,CHS,SC,ASO,ES,Combined TRACON& Tower with Radar,70,62,50,28,210,0,2,16,7,25,70,64,66,35,235,0,26,26,261
02/23/2015,CHS,SC,ASO,ES,Combined TRACON& Tower with Radar,86,49,40,36,211,0,0,0,3,3,86,49,40,39,214,0,8,8,222
02/24/2015,CHS,SC,ASO,ES,Combined TRACON& Tower with Radar,49,27,12,8,96,0,0,0,0,0,49,27,12,8,96,2,1,3,99
02/25/2015,CHS,SC,ASO,ES,Combined TRACON& Tower with Radar,75,57,63,62,257,0,0,1,3,4,75,57,64,65,261,0,38,38,299
02/26/2015,CHS,SC,ASO,ES,Combined TRACON& Tower with Radar,74,60,42,54,230,0,0,2,4,6,74,60,44,58,236,0,44,44,280
02/27/2015,CHS,SC,ASO,ES,Combined TRACON& Tower with Radar,89,52,60,53,254,0,1,20,9,30,89,53,80,62,284,2,19,21,305
02/28/2015,CHS,SC,ASO,ES,Combined TRACON& Tower with Radar,70,52,37,47,206,0,3,12,13,28,70,55,49,60,234,3,26,29,263
03/01/2015,CHS,SC,ASO,ES,Combined TRACON& Tower with Radar,65,52,44,19,180,0,0,0,0,0,65,52,44,19,180,0,2,2,182
03/02/2015,CHS,SC,ASO,ES,Combined TRACON& Tower with Radar,85,49,40,53,227,0,4,5,5,14,85,53,45,58,241,2,16,18,259
03/03/2015,CHS,SC,ASO,ES,Combined TRACON& Tower with Radar,83,37,53,56,229,0,0,2,4,6,83,37,55,60,235,7,26,33,268
03/04/2015,CHS,SC,ASO,ES,Combined TRACON& Tower with Radar,88,42,48,48,226,0,0,9,3,12,88,42,57,51,238,8,12,20,258
03/05/2015,CHS,SC,ASO,ES,Combined TRACON& Tower with Radar,68,37,50,38,193,0,0,7,0,7,68,37,57,38,200,0,27,27,227
03/06/2015,CHS,SC,ASO,ES,Combined TRACON& Tower with Radar,93,67,83,41,284,0,2,14,8,24,93,69,97,49,308,4,26,30,338
03/07/2015,CHS,SC,ASO,ES,Combined TRACON& Tower with Radar,76,63,48,30,217,0,4,34,16,54,76,67,82,46,271,6,0,6,277
03/08/2015,CHS,SC,ASO,ES,Combined TRACON& Tower with Radar,87,61,78,34,260,0,3,20,13,36,87,64,98,47,296,0,6,6,302
03/09/2015,CHS,SC,ASO,ES,Combined TRACON& Tower with Radar,86,59,60,52,257,0,1,17,6,24,86,60,77,58,281,0,28,28,309
03/10/2015,CHS,SC,ASO,ES,Combined TRACON& Tower with Radar,90,61,70,77,298,0,1,17,6,24,90,62,87,83,322,0,44,44,366
03/11/2015,CHS,SC,ASO,ES,Combined TRACON& Tower with Radar,84,60,81,76,301,0,2,16,1,19,84,62,97,77,320,2,46,48,368
03/12/2015,CHS,SC,ASO,ES,Combined TRACON& Tower with Radar,91,78,50,44,263,0,1,21,6,28,91,79,71,50,291,0,7,7,298
03/13/2015,CHS,SC,ASO,ES,Combined TRACON& Tower with Radar,93,73,61,66,293,0,0,8,3,11,93,73,69,69,304,4,35,39,343
03/14/2015,CHS,SC,ASO,ES,Combined TRACON& Tower with Radar,78,76,42,14,210,0,0,2,3,5,78,76,44,17,215,0,0,0,215
03/15/2015,CHS,SC,ASO,ES,Combined TRACON& Tower with Radar,80,73,59,9,221,0,0,30,8,38,80,73,89,17,259,4,0,4,263
03/16/2015,CHS,SC,ASO,ES,Combined TRACON& Tower with Radar,87,66,57,54,264,0,4,30,9,43,87,70,87,63,307,2,29,31,338
03/17/2015,CHS,SC,ASO,ES,Combined TRACON& Tower with Radar,90,59,60,25,234,0,3,29,10,42,90,62,89,35,276,6,2,8,284
03/18/2015,CHS,SC,ASO,ES,Combined TRACON& Tower with Radar,84,71,58,50,263,0,8,42,11,61,84,79,100,61,324,4,20,24,348
03/19/2015,CHS,SC,ASO,ES,Combined TRACON& Tower with Radar,95,80,64,40,279,0,0,5,0,5,95,80,69,40,284,2,5,7,291
03/20/2015,CHS,SC,ASO,ES,Combined TRACON& Tower with Radar,88,77,76,24,265,0,1,10,4,15,88,78,86,28,280,10,12,22,302
03/21/2015,CHS,SC,ASO,ES,Combined TRACON& Tower with Radar,87,70,42,26,225,0,2,12,20,34,87,72,54,46,259,13,4,17,276
03/22/2015,CHS,SC,ASO,ES,Combined TRACON& Tower with Radar,85,67,56,22,230,0,0,2,1,3,85,67,58,23,233,0,2,2,235
03/23/2015,CHS,SC,ASO,ES,Combined TRACON& Tower with Radar,84,71,54,43,252,0,0,5,2,7,84,71,59,45,259,20,8,28,287
03/24/2015,CHS,SC,ASO,ES,Combined TRACON& Tower with Radar,87,72,74,39,272,0,4,9,6,19,87,76,83,45,291,0,6,6,297
03/25/2015,CHS,SC,ASO,ES,Combined TRACON& Tower with Radar,93,70,68,66,297,0,4,6,13,23,93,74,74,79,320,0,42,42,362
03/26/2015,CHS,SC,ASO,ES,Combined TRACON& Tower with Radar,94,78,66,61,299,0,1,4,7,12,94,79,70,68,311,14,50,64,375
03/27/2015,CHS,SC,ASO,ES,Combined TRACON& Tower with Radar,102,81,86,47,316,0,1,3,2,6,102,82,89,49,322,11,25,36,358
03/28/2015,CHS,SC,ASO,ES,Combined TRACON& Tower with Radar,82,66,56,15,219,0,3,29,16,48,82,69,85,31,267,0,0,0,267
03/29/2015,CHS,SC,ASO,ES,Combined TRACON& Tower with Radar,80,82,69,17,248,0,2,21,9,32,80,84,90,26,280,2,4,6,286
03/30/2015,CHS,SC,ASO,ES,Combined TRACON& Tower with Radar,88,71,47,42,248,0,4,3,12,19,88,75,50,54,267,0,12,12,279
03/31/2015,CHS,SC,ASO,ES,Combined TRACON& Tower with Radar,94,70,59,29,252,0,2,17,12,31,94,72,76,41,283,5,10,15,298
04/01/2015,CHS,SC,ASO,ES,Combined TRACON& Tower with Radar,90,78,61,60,289,0,2,14,10,26,90,80,75,70,315,2,36,38,353
04/02/2015,CHS,SC,ASO,ES,Combined TRACON& Tower with Radar,97,71,67,46,281,0,4,14,3,21,97,75,81,49,302,4,15,19,321
04/03/2015,CHS,SC,ASO,ES,Combined TRACON& Tower with Radar,86,71,58,32,247,0,3,18,4,25,86,74,76,36,272,2,4,6,278
04/04/2015,CHS,SC,ASO,ES,Combined TRACON& Tower with Radar,71,65,51,22,209,0,3,8,12,23,71,68,59,34,232,4,0,4,236
04/05/2015,CHS,SC,ASO,ES,Combined TRACON& Tower with Radar,79,86,48,14,227,0,1,6,1,8,79,87,54,15,235,0,0,0,235
04/06/2015,CHS,SC,ASO,ES,Combined TRACON& Tower with Radar,91,74,58,28,251,0,6,21,8,35,91,80,79,36,286,0,0,0,286
04/07/2015,CHS,SC,ASO,ES,Combined TRACON& Tower with Radar,93,73,53,56,275,0,1,13,6,20,93,74,66,62,295,2,17,19,314
04/08/2015,CHS,SC,ASO,ES,Combined TRACON& Tower with Radar,92,71,78,39,280,0,4,17,14,35,92,75,95,53,315,4,18,22,337
04/09/2015,CHS,SC,ASO,ES,Combined TRACON& Tower with Radar,99,87,86,35,307,0,1,14,6,21,99,88,100,41,328,4,14,18,346
04/10/2015,CHS,SC,ASO,ES,Combined TRACON& Tower with Radar,90,79,60,44,273,0,0,24,8,32,90,79,84,52,305,0,23,23,328
04/11/2015,CHS,SC,ASO,ES,Combined TRACON& Tower with Radar,87,72,56,11,226,0,6,5,8,19,87,78,61,19,245,0,0,0,245
04/12/2015,CHS,SC,ASO,ES,Combined TRACON& Tower with Radar,84,91,80,29,284,0,2,18,8,28,84,93,98,37,312,4,6,10,322
04/13/2015,CHS,SC,ASO,ES,Combined TRACON& Tower with Radar,89,74,76,117,356,0,0,3,2,5,89,74,79,119,361,0,82,82,443
04/14/2015,CHS,SC,ASO,ES,Combined TRACON& Tower with Radar,93,71,55,71,290,0,2,12,11,25,93,73,67,82,315,27,55,82,397
04/15/2015,CHS,SC,ASO,ES,Combined TRACON& Tower with Radar,95,77,58,57,287,0,0,4,3,7,95,77,62,60,294,0,21,21,315
04/16/2015,CHS,SC,ASO,ES,Combined TRACON& Tower with Radar,90,78,60,21,249,0,0,1,1,2,90,78,61,22,251,4,5,9,260
04/17/2015,CHS,SC,ASO,ES,Combined TRACON& Tower with Radar,89,70,83,60,302,0,1,3,4,8,89,71,86,64,310,0,6,6,316
04/18/2015,CHS,SC,ASO,ES,Combined TRACON& Tower with Radar,85,61,29,18,193,0,1,2,6,9,85,62,31,24,202,0,4,4,206
04/19/2015,CHS,SC,ASO,ES,Combined TRACON& Tower with Radar,83,74,48,14,219,0,0,5,1,6,83,74,53,15,225,0,0,0,225
04/20/2015,CHS,SC,ASO,ES,Combined TRACON& Tower with Radar,96,85,59,15,255,0,4,5,4,13,96,89,64,19,268,2,8,10,278
04/21/2015,CHS,SC,ASO,ES,Combined TRACON& Tower with Radar,90,75,67,41,273,0,4,21,9,34,90,79,88,50,307,0,9,9,316
04/22/2015,CHS,SC,ASO,ES,Combined TRACON& Tower with Radar,92,62,44,51,249,0,3,25,9,37,92,65,69,60,286,0,30,30,316
04/23/2015,CHS,SC,ASO,ES,Combined TRACON& Tower with Radar,98,76,79,36,289,0,2,17,11,30,98,78,96,47,319,4,5,9,328
04/24/2015,CHS,SC,ASO,ES,Combined TRACON& Tower with Radar,91,61,58,51,261,0,0,34,11,45,91,61,92,62,306,0,7,7,313
04/25/2015,CHS,SC,ASO,ES,Combined TRACON& Tower with Radar,88,63,32,26,209,0,0,4,6,10,88,63,36,32,219,0,7,7,226
04/26/2015,CHS,SC,ASO,ES,Combined TRACON& Tower with Radar,82,71,63,18,234,0,0,18,7,25,82,71,81,25,259,0,2,2,261
04/27/2015,CHS,SC,ASO,ES,Combined TRACON& Tower with Radar,91,70,50,47,258,0,2,16,5,23,91,72,66,52,281,2,22,24,305
04/28/2015,CHS,SC,ASO,ES,Combined TRACON& Tower with Radar,97,74,56,46,273,0,3,13,5,21,97,77,69,51,294,0,23,23,317
04/29/2015,CHS,SC,ASO,ES,Combined TRACON& Tower with Radar,92,76,67,26,261,0,1,0,1,2,92,77,67,27,263,2,8,10,273
04/30/2015,CHS,SC,ASO,ES,Combined TRACON& Tower with Radar,92,78,67,50,287,0,0,23,1,24,92,78,90,51,311,10,22,32,343
05/01/2015,CHS,SC,ASO,ES,Combined TRACON& Tower with Radar,105,65,67,45,282,0,1,20,12,33,105,66,87,57,315,6,14,20,335
05/02/2015,CHS,SC,ASO,ES,Combined TRACON& Tower with Radar,83,72,46,23,224,0,3,19,16,38,83,75,65,39,262,0,4,4,266
05/03/2015,CHS,SC,ASO,ES,Combined TRACON& Tower with Radar,82,70,72,22,246,0,0,13,10,23,82,70,85,32,269,10,2,12,281
05/04/2015,CHS,SC,ASO,ES,Combined TRACON& Tower with Radar,86,64,51,58,259,0,5,16,8,29,86,69,67,66,288,0,20,20,308
05/05/2015,CHS,SC,ASO,ES,Combined TRACON& Tower with Radar,91,79,49,46,265,0,1,31,5,37,91,80,80,51,302,0,36,36,338
05/06/2015,CHS,SC,ASO,ES,Combined TRACON& Tower with Radar,99,76,64,49,288,0,2,17,3,22,99,78,81,52,310,1,32,33,343
05/07/2015,CHS,SC,ASO,ES,Combined TRACON& Tower with Radar,110,67,67,34,278,0,1,2,2,5,110,68,69,36,283,0,7,7,290
05/08/2015,CHS,SC,ASO,ES,Combined TRACON& Tower with Radar,107,66,61,16,250,0,1,7,7,15,107,67,68,23,265,2,6,8,273
05/09/2015,CHS,SC,ASO,ES,Combined TRACON& Tower with Radar,86,59,19,16,180,0,0,1,9,10,86,59,20,25,190,0,0,0,190
05/10/2015,CHS,SC,ASO,ES,Combined TRACON& Tower with Radar,85,64,36,7,192,0,0,2,3,5,85,64,38,10,197,0,0,0,197
05/11/2015,CHS,SC,ASO,ES,Combined TRACON& Tower with Radar,100,62,48,18,228,0,3,7,1,11,100,65,55,19,239,0,10,10,249
05/12/2015,CHS,SC,ASO,ES,Combined TRACON& Tower with Radar,100,65,52,50,267,0,1,15,10,26,100,66,67,60,293,2,16,18,311
05/13/2015,CHS,SC,ASO,ES,Combined TRACON& Tower with Radar,109,57,87,41,294,0,3,33,13,49,109,60,120,54,343,7,24,31,374
05/14/2015,CHS,SC,ASO,ES,Combined TRACON& Tower with Radar,100,66,88,42,296,0,3,15,11,29,100,69,103,53,325,4,18,22,347
05/15/2015,CHS,SC,ASO,ES,Combined TRACON& Tower with Radar,105,54,83,64,306,0,8,22,25,55,105,62,105,89,361,4,17,21,382
05/16/2015,CHS,SC,ASO,ES,Combined TRACON& Tower with Radar,99,54,62,27,242,0,4,30,28,62,99,58,92,55,304,5,28,33,337
05/17/2015,CHS,SC,ASO,ES,Combined TRACON& Tower with Radar,97,72,81,28,278,0,3,17,30,50,97,75,98,58,328,0,12,12,340
05/18/2015,CHS,SC,ASO,ES,Combined TRACON& Tower with Radar,95,57,45,28,225,0,4,18,29,51,95,61,63,57,276,4,8,12,288
05/19/2015,CHS,SC,ASO,ES,Combined TRACON& Tower with Radar,105,46,55,52,258,0,3,9,25,37,105,49,64,77,295,4,42,46,341
05/20/2015,CHS,SC,ASO,ES,Combined TRACON& Tower with Radar,102,59,68,15,244,0,1,22,17,40,102,60,90,32,284,10,16,26,310
05/21/2015,CHS,SC,ASO,ES,Combined TRACON& Tower with Radar,109,62,60,28,259,0,2,20,16,38,109,64,80,44,297,2,12,14,311
05/22/2015,CHS,SC,ASO,ES,Combined TRACON& Tower with Radar,105,63,88,11,267,0,2,23,14,39,105,65,111,25,306,2,0,2,308
05/23/2015,CHS,SC,ASO,ES,Combined TRACON& Tower with Radar,83,43,38,4,168,0,6,25,14,45,83,49,63,18,213,0,0,0,213
05/24/2015,CHS,SC,ASO,ES,Combined TRACON& Tower with Radar,87,44,35,2,168,0,4,15,10,29,87,48,50,12,197,18,0,18,215
05/25/2015,CHS,SC,ASO,ES,Combined TRACON& Tower with Radar,91,67,55,7,220,0,6,8,5,19,91,73,63,12,239,54,2,56,295
05/26/2015,CHS,SC,ASO,ES,Combined TRACON& Tower with Radar,100,46,72,35,253,0,8,24,15,47,100,54,96,50,300,7,12,19,319
05/27/2015,CHS,SC,ASO,ES,Combined TRACON& Tower with Radar,104,56,61,78,299,0,3,12,9,24,104,59,73,87,323,0,69,69,392
05/28/2015,CHS,SC,ASO,ES,Combined TRACON& Tower with Radar,109,67,55,50,281,0,3,17,6,26,109,70,72,56,307,4,24,28,335
05/29/2015,CHS,SC,ASO,ES,Combined TRACON& Tower with Radar,95,54,74,34,257,0,6,9,15,30,95,60,83,49,287,4,16,20,307
05/30/2015,CHS,SC,ASO,ES,Combined TRACON& Tower with Radar,95,57,22,14,188,0,6,13,12,31,95,63,35,26,219,12,4,16,235
05/31/2015,CHS,SC,ASO,ES,Combined TRACON& Tower with Radar,91,54,52,16,213,0,5,22,2,29,91,59,74,18,242,10,4,14,256
06/01/2015,CHS,SC,ASO,ES,Combined TRACON& Tower with Radar,89,59,58,58,264,0,4,7,7,18,89,63,65,65,282,0,49,49,331
06/02/2015,CHS,SC,ASO,ES,Combined TRACON& Tower with Radar,101,51,51,32,235,0,1,4,3,8,101,52,55,35,243,0,12,12,255
06/03/2015,CHS,SC,ASO,ES,Combined TRACON& Tower with Radar,102,59,52,26,239,0,2,2,4,8,102,61,54,30,247,0,9,9,256
06/04/2015,CHS,SC,ASO,ES,Combined TRACON& Tower with Radar,115,65,57,42,279,0,0,8,2,10,115,65,65,44,289,0,10,10,299
06/05/2015,CHS,SC,ASO,ES,Combined TRACON& Tower with Radar,112,58,43,36,249,0,3,8,6,17,112,61,51,42,266,4,0,4,270
06/06/2015,CHS,SC,ASO,ES,Combined TRACON& Tower with Radar,106,51,33,14,204,0,2,8,9,19,106,53,41,23,223,8,10,18,241
06/07/2015,CHS,SC,ASO,ES,Combined TRACON& Tower with Radar,97,61,56,13,227,0,4,17,10,31,97,65,73,23,258,3,3,6,264
06/08/2015,CHS,SC,ASO,ES,Combined TRACON& Tower with Radar,106,59,60,39,264,0,2,19,2,23,106,61,79,41,287,42,31,73,360
06/09/2015,CHS,SC,ASO,ES,Combined TRACON& Tower with Radar,112,55,71,53,291,0,0,13,2,15,112,55,84,55,306,20,13,33,339
06/10/2015,CHS,SC,ASO,ES,Combined TRACON& Tower with Radar,116,51,74,67,308,0,1,26,4,31,116,52,100,71,339,2,30,32,371
06/11/2015,CHS,SC,ASO,ES,Combined TRACON& Tower with Radar,110,59,76,74,319,0,3,22,7,32,110,62,98,81,351,4,63,67,418
06/12/2015,CHS,SC,ASO,ES,Combined TRACON& Tower with Radar,110,55,68,56,289,0,2,18,10,30,110,57,86,66,319,2,45,47,366
06/13/2015,CHS,SC,ASO,ES,Combined TRACON& Tower with Radar,111,43,48,26,228,0,5,24,10,39,111,48,72,36,267,0,14,14,281
06/14/2015,CHS,SC,ASO,ES,Combined TRACON& Tower with Radar,97,57,75,8,237,0,3,19,10,32,97,60,94,18,269,12,0,12,281
06/15/2015,CHS,SC,ASO,ES,Combined TRACON& Tower with Radar,108,56,44,41,249,0,8,13,7,28,108,64,57,48,277,0,18,18,295
06/16/2015,CHS,SC,ASO,ES,Combined TRACON& Tower with Radar,114,53,52,33,252,0,6,15,6,27,114,59,67,39,279,4,14,18,297
06/17/2015,CHS,SC,ASO,ES,Combined TRACON& Tower with Radar,117,48,48,39,252,0,3,17,5,25,117,51,65,44,277,12,10,22,299
06/18/2015,CHS,SC,ASO,ES,Combined TRACON& Tower with Radar,106,60,86,57,309,0,7,20,11,38,106,67,106,68,347,0,22,22,369
06/19/2015,CHS,SC,ASO,ES,Combined TRACON& Tower with Radar,123,51,53,67,294,0,2,17,9,28,123,53,70,76,322,2,49,51,373
06/20/2015,CHS,SC,ASO,ES,Combined TRACON& Tower with Radar,114,43,34,35,226,0,6,13,23,42,114,49,47,58,268,8,22,30,298
06/21/2015,CHS,SC,ASO,ES,Combined TRACON& Tower with Radar,97,58,49,27,231,0,0,8,11,19,97,58,57,38,250,8,5,13,263
06/22/2015,CHS,SC,ASO,ES,Combined TRACON& Tower with Radar,109,50,45,17,221,0,3,12,4,19,109,53,57,21,240,0,3,3,243
06/23/2015,CHS,SC,ASO,ES,Combined TRACON& Tower with Radar,110,43,46,48,247,0,2,14,7,23,110,45,60,55,270,4,16,20,290
06/24/2015,CHS,SC,ASO,ES,Combined TRACON& Tower with Radar,114,49,59,55,277,0,5,20,9,34,114,54,79,64,311,2,20,22,333
06/25/2015,CHS,SC,ASO,ES,Combined TRACON& Tower with Radar,119,65,74,49,307,0,1,19,6,26,119,66,93,55,333,2,22,24,357
06/26/2015,CHS,SC,ASO,ES,Combined TRACON& Tower with Radar,120,67,49,20,256,0,3,11,4,18,120,70,60,24,274,2,0,2,276
06/27/2015,CHS,SC,ASO,ES,Combined TRACON& Tower with Radar,107,41,33,11,192,0,3,5,18,26,107,44,38,29,218,0,0,0,218
06/28/2015,CHS,SC,ASO,ES,Combined TRACON& Tower with Radar,100,49,46,3,198,0,1,6,7,14,100,50,52,10,212,0,0,0,212
06/29/2015,CHS,SC,ASO,ES,Combined TRACON& Tower with Radar,109,49,49,38,245,0,2,23,7,32,109,51,72,45,277,0,31,31,308
06/30/2015,CHS,SC,ASO,ES,Combined TRACON& Tower with Radar,110,59,47,62,278,0,1,15,12,28,110,60,62,74,306,0,32,32,338
07/01/2015,CHS,SC,ASO,ES,Combined TRACON& Tower with Radar,118,42,63,59,282,0,0,7,5,12,118,42,70,64,294,0,36,36,330
07/02/2015,CHS,SC,ASO,ES,Combined TRACON& Tower with Radar,113,54,40,18,225,0,2,20,8,30,113,56,60,26,255,4,2,6,261
07/03/2015,CHS,SC,ASO,ES,Combined TRACON& Tower with Radar,101,36,33,5,175,0,2,4,4,10,101,38,37,9,185,0,0,0,185
07/04/2015,CHS,SC,ASO,ES,Combined TRACON& Tower with Radar,98,34,14,2,148,0,2,4,9,15,98,36,18,11,163,0,0,0,163
07/05/2015,CHS,SC,ASO,ES,Combined TRACON& Tower with Radar,101,58,54,9,222,0,0,19,6,25,101,58,73,15,247,3,12,15,262
07/06/2015,CHS,SC,ASO,ES,Combined TRACON& Tower with Radar,108,54,46,28,236,0,1,5,6,12,108,55,51,34,248,2,26,28,276
07/07/2015,CHS,SC,ASO,ES,Combined TRACON& Tower with Radar,113,43,34,44,234,0,1,16,5,22,113,44,50,49,256,3,18,21,277
07/08/2015,CHS,SC,ASO,ES,Combined TRACON& Tower with Radar,116,51,55,45,267,0,3,13,11,27,116,54,68,56,294,0,6,6,300
07/09/2015,CHS,SC,ASO,ES,Combined TRACON& Tower with Radar,117,54,62,52,285,0,3,20,8,31,117,57,82,60,316,26,22,48,364
07/10/2015,CHS,SC,ASO,ES,Combined TRACON& Tower with Radar,124,53,67,52,296,0,3,15,7,25,124,56,82,59,321,8,9,17,338
07/11/2015,CHS,SC,ASO,ES,Combined TRACON& Tower with Radar,110,50,48,13,221,0,1,6,8,15,110,51,54,21,236,0,6,6,242
07/12/2015,CHS,SC,ASO,ES,Combined TRACON& Tower with Radar,104,69,54,21,248,0,2,13,6,21,104,71,67,27,269,2,20,22,291
07/13/2015,CHS,SC,ASO,ES,Combined TRACON& Tower with Radar,98,49,20,26,193,0,0,8,4,12,98,49,28,30,205,1,16,17,222
07/14/2015,CHS,SC,ASO,ES,Combined TRACON& Tower with Radar,107,48,37,52,244,0,4,17,5,26,107,52,54,57,270,0,22,22,292
07/15/2015,CHS,SC,ASO,ES,Combined TRACON& Tower with Radar,117,55,46,59,277,0,3,15,9,27,117,58,61,68,304,2,26,28,332
07/16/2015,CHS,SC,ASO,ES,Combined TRACON& Tower with Radar,122,60,68,25,275,0,1,28,9,38,122,61,96,34,313,4,3,7,320
07/17/2015,CHS,SC,ASO,ES,Combined TRACON& Tower with Radar,112,60,72,25,269,0,1,10,7,18,112,61,82,32,287,8,18,26,313
07/18/2015,CHS,SC,ASO,ES,Combined TRACON& Tower with Radar,111,51,20,15,197,0,2,9,9,20,111,53,29,24,217,0,0,0,217
07/19/2015,CHS,SC,ASO,ES,Combined TRACON& Tower with Radar,103,52,53,23,231,0,3,12,5,20,103,55,65,28,251,2,11,13,264
07/20/2015,CHS,SC,ASO,ES,Combined TRACON& Tower with Radar,107,52,27,42,228,0,2,14,9,25,107,54,41,51,253,0,20,20,273
07/21/2015,CHS,SC,ASO,ES,Combined TRACON& Tower with Radar,107,48,42,43,240,0,3,18,8,29,107,51,60,51,269,6,4,10,279
07/22/2015,CHS,SC,ASO,ES,Combined TRACON& Tower with Radar,106,58,43,77,284,0,1,28,28,57,106,59,71,105,341,7,73,80,421
07/23/2015,CHS,SC,ASO,ES,Combined TRACON& Tower with Radar,122,64,57,35,278,0,1,24,7,32,122,65,81,42,310,6,29,35,345
07/24/2015,CHS,SC,ASO,ES,Combined TRACON& Tower with Radar,112,49,65,41,267,0,1,3,6,10,112,50,68,47,277,16,16,32,309
07/25/2015,CHS,SC,ASO,ES,Combined TRACON& Tower with Radar,104,61,39,25,229,0,1,18,7,26,104,62,57,32,255,8,12,20,275
07/26/2015,CHS,SC,ASO,ES,Combined TRACON& Tower with Radar,102,56,53,36,247,0,3,12,11,26,102,59,65,47,273,0,21,21,294
07/27/2015,CHS,SC,ASO,ES,Combined TRACON& Tower with Radar,113,54,53,47,267,0,9,15,10,34,113,63,68,57,301,10,15,25,326
07/28/2015,CHS,SC,ASO,ES,Combined TRACON& Tower with Radar,108,43,51,35,237,0,6,21,9,36,108,49,72,44,273,2,8,10,283
07/29/2015,CHS,SC,ASO,ES,Combined TRACON& Tower with Radar,108,52,41,42,243,0,10,26,15,51,108,62,67,57,294,4,25,29,323
07/30/2015,CHS,SC,ASO,ES,Combined TRACON& Tower with Radar,111,67,46,41,265,0,3,24,10,37,111,70,70,51,302,0,2,2,304
07/31/2015,CHS,SC,ASO,ES,Combined TRACON& Tower with Radar,119,51,51,33,254,0,4,10,10,24,119,55,61,43,278,0,10,10,288
08/01/2015,CHS,SC,ASO,ES,Combined TRACON& Tower with Radar,103,58,43,22,226,0,4,6,6,16,103,62,49,28,242,0,0,0,242
08/02/2015,CHS,SC,ASO,ES,Combined TRACON& Tower with Radar,94,63,48,18,223,0,1,5,2,8,94,64,53,20,231,2,0,2,233
08/03/2015,CHS,SC,ASO,ES,Combined TRACON& Tower with Radar,116,54,36,31,237,0,3,3,10,16,116,57,39,41,253,4,8,12,265
08/04/2015,CHS,SC,ASO,ES,Combined TRACON& Tower with Radar,107,67,43,50,267,0,1,10,5,16,107,68,53,55,283,8,43,51,334
08/05/2015,CHS,SC,ASO,ES,Combined TRACON& Tower with Radar,105,50,41,35,231,0,2,21,6,29,105,52,62,41,260,1,14,15,275
08/06/2015,CHS,SC,ASO,ES,Combined TRACON& Tower with Radar,104,57,57,31,249,0,3,7,7,17,104,60,64,38,266,0,9,9,275
08/07/2015,CHS,SC,ASO,ES,Combined TRACON& Tower with Radar,114,64,48,55,281,0,1,8,4,13,114,65,56,59,294,5,30,35,329
08/08/2015,CHS,SC,ASO,ES,Combined TRACON& Tower with Radar,111,59,32,17,219,0,2,9,9,20,111,61,41,26,239,3,19,22,261
08/09/2015,CHS,SC,ASO,ES,Combined TRACON& Tower with Radar,96,76,54,14,240,0,3,12,5,20,96,79,66,19,260,3,0,3,263
08/10/2015,CHS,SC,ASO,ES,Combined TRACON& Tower with Radar,117,42,35,34,228,0,3,25,6,34,117,45,60,40,262,0,28,28,290
08/11/2015,CHS,SC,ASO,ES,Combined TRACON& Tower with Radar,109,46,50,45,250,0,3,8,5,16,109,49,58,50,266,1,10,11,277
08/12/2015,CHS,SC,ASO,ES,Combined TRACON& Tower with Radar,113,59,59,34,265,0,5,14,4,23,113,64,73,38,288,2,4,6,294
08/13/2015,CHS,SC,ASO,ES,Combined TRACON& Tower with Radar,111,47,54,59,271,0,1,20,5,26,111,48,74,64,297,1,31,32,329
08/14/2015,CHS,SC,ASO,ES,Combined TRACON& Tower with Radar,111,59,51,56,277,0,5,19,7,31,111,64,70,63,308,4,32,36,344
08/15/2015,CHS,SC,ASO,ES,Combined TRACON& Tower with Radar,107,49,32,20,208,0,1,10,15,26,107,50,42,35,234,9,5,14,248
08/16/2015,CHS,SC,ASO,ES,Combined TRACON& Tower with Radar,100,71,28,12,211,0,4,15,3,22,100,75,43,15,233,2,0,2,235
08/17/2015,CHS,SC,ASO,ES,Combined TRACON& Tower with Radar,102,60,34,41,237,0,0,6,7,13,102,60,40,48,250,0,10,10,260
08/18/2015,CHS,SC,ASO,ES,Combined TRACON& Tower with Radar,103,52,37,37,229,0,1,1,3,5,103,53,38,40,234,0,14,14,248
08/19/2015,CHS,SC,ASO,ES,Combined TRACON& Tower with Radar,101,52,36,38,227,0,0,2,1,3,101,52,38,39,230,3,39,42,272
08/20/2015,CHS,SC,ASO,ES,Combined TRACON& Tower with Radar,102,59,43,29,233,0,4,11,7,22,102,63,54,36,255,2,0,2,257
08/21/2015,CHS,SC,ASO,ES,Combined TRACON& Tower with Radar,109,53,47,8,217,0,3,11,4,18,109,56,58,12,235,0,8,8,243
08/22/2015,CHS,SC,ASO,ES,Combined TRACON& Tower with Radar,98,44,37,8,187,0,1,8,11,20,98,45,45,19,207,0,5,5,212
08/23/2015,CHS,SC,ASO,ES,Combined TRACON& Tower with Radar,88,67,31,25,211,0,2,10,11,23,88,69,41,36,234,0,14,14,248
08/24/2015,CHS,SC,ASO,ES,Combined TRACON& Tower with Radar,102,55,33,23,213,0,1,13,5,19,102,56,46,28,232,6,8,14,246
08/25/2015,CHS,SC,ASO,ES,Combined TRACON& Tower with Radar,104,70,40,58,272,0,3,14,12,29,104,73,54,70,301,2,40,42,343
08/26/2015,CHS,SC,ASO,ES,Combined TRACON& Tower with Radar,98,60,57,72,287,0,2,18,3,23,98,62,75,75,310,0,45,45,355
08/27/2015,CHS,SC,ASO,ES,Combined TRACON& Tower with Radar,105,56,65,36,262,0,1,9,7,17,105,57,74,43,279,0,12,12,291
08/28/2015,CHS,SC,ASO,ES,Combined TRACON& Tower with Radar,111,51,60,44,266,0,2,15,3,20,111,53,75,47,286,2,24,26,312
08/29/2015,CHS,SC,ASO,ES,Combined TRACON& Tower with Radar,89,44,27,11,171,0,0,12,4,16,89,44,39,15,187,0,0,0,187
08/30/2015,CHS,SC,ASO,ES,Combined TRACON& Tower with Radar,87,63,47,12,209,0,0,2,0,2,87,63,49,12,211,30,0,30,241
08/31/2015,CHS,SC,ASO,ES,Combined TRACON& Tower with Radar,103,53,36,23,215,0,2,6,4,12,103,55,42,27,227,0,0,0,227
09/01/2015,CHS,SC,ASO,ES,Combined TRACON& Tower with Radar,104,50,39,43,236,0,2,13,4,19,104,52,52,47,255,0,52,52,307
09/02/2015,CHS,SC,ASO,ES,Combined TRACON& Tower with Radar,94,60,57,74,285,0,2,24,9,35,94,62,81,83,320,10,60,70,390
09/03/2015,CHS,SC,ASO,ES,Combined TRACON& Tower with Radar,104,60,87,69,320,0,3,22,7,32,104,63,109,76,352,14,33,47,399
09/04/2015,CHS,SC,ASO,ES,Combined TRACON& Tower with Radar,105,68,47,26,246,0,3,16,3,22,105,71,63,29,268,2,14,16,284
09/05/2015,CHS,SC,ASO,ES,Combined TRACON& Tower with Radar,93,42,43,9,187,0,2,7,18,27,93,44,50,27,214,0,0,0,214
09/06/2015,CHS,SC,ASO,ES,Combined TRACON& Tower with Radar,80,32,35,9,156,0,2,6,7,15,80,34,41,16,171,0,0,0,171
09/07/2015,CHS,SC,ASO,ES,Combined TRACON& Tower with Radar,94,67,61,13,235,0,3,7,3,13,94,70,68,16,248,15,0,15,263
09/08/2015,CHS,SC,ASO,ES,Combined TRACON& Tower with Radar,101,61,75,37,274,0,1,6,2,9,101,62,81,39,283,34,28,62,345
09/09/2015,CHS,SC,ASO,ES,Combined TRACON& Tower with Radar,89,56,54,64,263,0,1,18,1,20,89,57,72,65,283,10,49,59,342
09/10/2015,CHS,SC,ASO,ES,Combined TRACON& Tower with Radar,97,53,57,50,257,0,0,9,2,11,97,53,66,52,268,2,36,38,306
09/11/2015,CHS,SC,ASO,ES,Combined TRACON& Tower with Radar,106,54,60,35,255,0,2,5,7,14,106,56,65,42,269,0,36,36,305
09/12/2015,CHS,SC,ASO,ES,Combined TRACON& Tower with Radar,95,38,22,14,169,0,4,1,7,12,95,42,23,21,181,0,41,41,222
09/13/2015,CHS,SC,ASO,ES,Combined TRACON& Tower with Radar,94,52,59,12,217,0,2,17,12,31,94,54,76,24,248,0,18,18,266
09/14/2015,CHS,SC,ASO,ES,Combined TRACON& Tower with Radar,100,51,42,49,242,0,4,9,4,17,100,55,51,53,259,0,28,28,287
09/15/2015,CHS,SC,ASO,ES,Combined TRACON& Tower with Radar,105,41,46,29,221,0,2,11,8,21,105,43,57,37,242,0,6,6,248
09/16/2015,CHS,SC,ASO,ES,Combined TRACON& Tower with Radar,103,56,56,50,265,0,4,13,5,22,103,60,69,55,287,0,34,34,321
09/17/2015,CHS,SC,ASO,ES,Combined TRACON& Tower with Radar,110,55,54,28,247,0,4,6,4,14,110,59,60,32,261,0,4,4,265
09/18/2015,CHS,SC,ASO,ES,Combined TRACON& Tower with Radar,115,63,68,44,290,0,2,18,5,25,115,65,86,49,315,5,16,21,336
09/19/2015,CHS,SC,ASO,ES,Combined TRACON& Tower with Radar,93,44,35,15,187,0,3,17,10,30,93,47,52,25,217,0,4,4,221
09/20/2015,CHS,SC,ASO,ES,Combined TRACON& Tower with Radar,90,72,65,14,241,0,2,20,6,28,90,74,85,20,269,0,0,0,269
09/21/2015,CHS,SC,ASO,ES,Combined TRACON& Tower with Radar,107,52,59,43,261,0,1,9,7,17,107,53,68,50,278,12,12,24,302
09/22/2015,CHS,SC,ASO,ES,Combined TRACON& Tower with Radar,97,52,52,69,270,0,2,7,1,10,97,54,59,70,280,16,50,66,346
09/23/2015,CHS,SC,ASO,ES,Combined TRACON& Tower with Radar,111,57,54,56,278,0,1,7,6,14,111,58,61,62,292,4,18,22,314
09/24/2015,CHS,SC,ASO,ES,Combined TRACON& Tower with Radar,111,62,53,40,266,0,0,1,0,1,111,62,54,40,267,0,6,6,273
09/25/2015,CHS,SC,ASO,ES,Combined TRACON& Tower with Radar,108,57,65,34,264,0,1,6,8,15,108,58,71,42,279,3,12,15,294
09/26/2015,CHS,SC,ASO,ES,Combined TRACON& Tower with Radar,93,47,34,13,187,0,0,1,5,6,93,47,35,18,193,4,0,4,197
09/27/2015,CHS,SC,ASO,ES,Combined TRACON& Tower with Radar,94,67,55,12,228,0,0,3,4,7,94,67,58,16,235,0,0,0,235
09/28/2015,CHS,SC,ASO,ES,Combined TRACON& Tower with Radar,108,63,41,52,264,0,0,1,0,1,108,63,42,52,265,2,42,44,309
09/29/2015,CHS,SC,ASO,ES,Combined TRACON& Tower with Radar,102,59,48,31,240,0,2,10,4,16,102,61,58,35,256,0,2,2,258
09/30/2015,CHS,SC,ASO,ES,Combined TRACON& Tower with Radar,102,71,57,29,259,0,1,12,1,14,102,72,69,30,273,0,14,14,287
10/01/2015,CHS,SC,ASO,ES,Combined TRACON& Tower with Radar,112,62,56,26,256,0,0,0,0,0,112,62,56,26,256,0,3,3,259
10/02/2015,CHS,SC,ASO,ES,Combined TRACON& Tower with Radar,112,50,47,21,230,0,0,0,0,0,112,50,47,21,230,2,0,2,232
10/03/2015,CHS,SC,ASO,ES,Combined TRACON& Tower with Radar,101,45,5,6,157,0,0,0,0,0,101,45,5,6,157,3,0,3,160
10/04/2015,CHS,SC,ASO,ES,Combined TRACON& Tower with Radar,99,53,28,8,188,0,0,0,0,0,99,53,28,8,188,0,0,0,188
10/05/2015,CHS,SC,ASO,ES,Combined TRACON& Tower with Radar,107,43,27,17,194,0,0,0,4,4,107,43,27,21,198,0,5,5,203
10/06/2015,CHS,SC,ASO,ES,Combined TRACON& Tower with Radar,112,67,43,40,262,0,1,19,13,33,112,68,62,53,295,4,8,12,307
10/07/2015,CHS,SC,ASO,ES,Combined TRACON& Tower with Radar,112,50,63,26,251,0,5,44,21,70,112,55,107,47,321,2,1,3,324
10/08/2015,CHS,SC,ASO,ES,Combined TRACON& Tower with Radar,116,50,86,30,282,0,5,61,9,75,116,55,147,39,357,20,2,22,379
10/09/2015,CHS,SC,ASO,ES,Combined TRACON& Tower with Radar,110,60,84,50,304,0,4,26,11,41,110,64,110,61,345,0,40,40,385
10/10/2015,CHS,SC,ASO,ES,Combined TRACON& Tower with Radar,103,36,29,4,172,0,1,4,9,14,103,37,33,13,186,2,0,2,188
10/11/2015,CHS,SC,ASO,ES,Combined TRACON& Tower with Radar,105,59,55,6,225,0,2,11,9,22,105,61,66,15,247,6,0,6,253
10/12/2015,CHS,SC,ASO,ES,Combined TRACON& Tower with Radar,106,51,52,2,211,0,4,16,3,23,106,55,68,5,234,0,0,0,234
10/13/2015,CHS,SC,ASO,ES,Combined TRACON& Tower with Radar,107,52,47,49,255,0,2,24,6,32,107,54,71,55,287,0,30,30,317
10/14/2015,CHS,SC,ASO,ES,Combined TRACON& Tower with Radar,113,55,73,31,272,0,3,16,3,22,113,58,89,34,294,4,8,12,306
10/15/2015,CHS,SC,ASO,ES,Combined TRACON& Tower with Radar,112,82,63,16,273,0,1,22,8,31,112,83,85,24,304,8,8,16,320
10/16/2015,CHS,SC,ASO,ES,Combined TRACON& Tower with Radar,110,62,90,41,303,0,3,31,17,51,110,65,121,58,354,6,14,20,374
10/17/2015,CHS,SC,ASO,ES,Combined TRACON& Tower with Radar,109,47,42,8,206,0,5,20,14,39,109,52,62,22,245,0,0,0,245
10/18/2015,CHS,SC,ASO,ES,Combined TRACON& Tower with Radar,104,67,58,20,249,0,2,30,7,39,104,69,88,27,288,1,7,8,296
10/19/2015,CHS,SC,ASO,ES,Combined TRACON& Tower with Radar,106,60,58,33,257,0,2,15,5,22,106,62,73,38,279,4,12,16,295
10/20/2015,CHS,SC,ASO,ES,Combined TRACON& Tower with Radar,110,53,49,26,238,0,0,23,6,29,110,53,72,32,267,0,4,4,271
10/21/2015,CHS,SC,ASO,ES,Combined TRACON& Tower with Radar,111,62,64,32,269,0,5,26,8,39,111,67,90,40,308,4,29,33,341
10/22/2015,CHS,SC,ASO,ES,Combined TRACON& Tower with Radar,111,54,79,31,275,0,6,18,10,34,111,60,97,41,309,0,12,12,321
10/23/2015,CHS,SC,ASO,ES,Combined TRACON& Tower with Radar,113,54,68,45,280,0,6,23,10,39,113,60,91,55,319,2,11,13,332
10/24/2015,CHS,SC,ASO,ES,Combined TRACON& Tower with Radar,109,39,51,9,208,0,0,20,7,27,109,39,71,16,235,8,0,8,243
10/25/2015,CHS,SC,ASO,ES,Combined TRACON& Tower with Radar,104,61,72,11,248,0,2,4,11,17,104,63,76,22,265,1,0,1,266
10/26/2015,CHS,SC,ASO,ES,Combined TRACON& Tower with Radar,99,62,49,51,261,0,1,3,5,9,99,63,52,56,270,0,36,36,306
10/27/2015,CHS,SC,ASO,ES,Combined TRACON& Tower with Radar,99,60,48,50,257,0,0,1,0,1,99,60,49,50,258,3,14,17,275
10/28/2015,CHS,SC,ASO,ES,Combined TRACON& Tower with Radar,94,57,47,65,263,0,2,2,0,4,94,59,49,65,267,0,42,42,309
10/29/2015,CHS,SC,ASO,ES,Combined TRACON& Tower with Radar,112,65,69,41,287,0,0,17,2,19,112,65,86,43,306,11,20,31,337
10/30/2015,CHS,SC,ASO,ES,Combined TRACON& Tower with Radar,105,59,67,61,292,0,5,30,10,45,105,64,97,71,337,18,51,69,406
10/31/2015,CHS,SC,ASO,ES,Combined TRACON& Tower with Radar,81,36,51,19,187,0,4,21,12,37,81,40,72,31,224,4,19,23,247
11/01/2015,CHS,SC,ASO,ES,Combined TRACON& Tower with Radar,101,56,63,11,231,0,0,11,2,13,101,56,74,13,244,4,0,4,248
11/02/2015,CHS,SC,ASO,ES,Combined TRACON& Tower with Radar,106,58,41,44,249,0,0,1,0,1,106,58,42,44,250,2,26,28,278
11/03/2015,CHS,SC,ASO,ES,Combined TRACON& Tower with Radar,105,60,40,38,243,0,0,0,0,0,105,60,40,38,243,2,12,14,257
11/04/2015,CHS,SC,ASO,ES,Combined TRACON& Tower with Radar,111,53,60,66,290,0,0,1,0,1,111,53,61,66,291,5,36,41,332
11/05/2015,CHS,SC,ASO,ES,Combined TRACON& Tower with Radar,97,66,77,48,288,0,0,4,2,6,97,66,81,50,294,0,26,26,320
11/06/2015,CHS,SC,ASO,ES,Combined TRACON& Tower with Radar,104,63,86,84,337,0,2,10,10,22,104,65,96,94,359,6,44,50,409
11/07/2015,CHS,SC,ASO,ES,Combined TRACON& Tower with Radar,89,42,37,31,199,0,1,10,12,23,89,43,47,43,222,4,32,36,258
11/08/2015,CHS,SC,ASO,ES,Combined TRACON& Tower with Radar,93,72,68,19,252,0,0,1,1,2,93,72,69,20,254,0,6,6,260
11/09/2015,CHS,SC,ASO,ES,Combined TRACON& Tower with Radar,101,60,33,24,218,0,0,0,0,0,101,60,33,24,218,4,6,10,228
11/10/2015,CHS,SC,ASO,ES,Combined TRACON& Tower with Radar,96,56,71,55,278,0,1,11,5,17,96,57,82,60,295,0,26,26,321
11/11/2015,CHS,SC,ASO,ES,Combined TRACON& Tower with Radar,104,59,71,12,246,0,2,22,6,30,104,61,93,18,276,10,0,10,286
11/12/2015,CHS,SC,ASO,ES,Combined TRACON& Tower with Radar,101,70,77,82,330,0,1,20,11,32,101,71,97,93,362,8,76,84,446
11/13/2015,CHS,SC,ASO,ES,Combined TRACON& Tower with Radar,107,68,71,59,305,0,3,21,18,42,107,71,92,77,347,20,55,75,422
11/14/2015,CHS,SC,ASO,ES,Combined TRACON& Tower with Radar,101,29,37,23,190,0,5,14,15,34,101,34,51,38,224,12,8,20,244
11/15/2015,CHS,SC,ASO,ES,Combined TRACON& Tower with Radar,99,67,66,5,237,0,2,35,5,42,99,69,101,10,279,0,0,0,279
11/16/2015,CHS,SC,ASO,ES,Combined TRACON& Tower with Radar,101,67,57,35,260,0,0,10,4,14,101,67,67,39,274,0,16,16,290
11/17/2015,CHS,SC,ASO,ES,Combined TRACON& Tower with Radar,107,60,54,56,277,0,2,10,1,13,107,62,64,57,290,2,22,24,314
11/18/2015,CHS,SC,ASO,ES,Combined TRACON& Tower with Radar,109,60,34,42,245,0,6,4,2,12,109,66,38,44,257,3,36,39,296
11/19/2015,CHS,SC,ASO,ES,Combined TRACON& Tower with Radar,109,67,48,43,267,0,0,2,1,3,109,67,50,44,270,2,11,13,283
11/20/2015,CHS,SC,ASO,ES,Combined TRACON& Tower with Radar,114,73,56,29,272,0,2,18,3,23,114,75,74,32,295,0,14,14,309
11/21/2015,CHS,SC,ASO,ES,Combined TRACON& Tower with Radar,99,35,45,13,192,0,2,21,8,31,99,37,66,21,223,17,12,29,252
11/22/2015,CHS,SC,ASO,ES,Combined TRACON& Tower with Radar,99,63,50,8,220,0,1,7,3,11,99,64,57,11,231,2,0,2,233
11/23/2015,CHS,SC,ASO,ES,Combined TRACON& Tower with Radar,99,61,52,57,269,0,4,24,2,30,99,65,76,59,299,6,40,46,345
11/24/2015,CHS,SC,ASO,ES,Combined TRACON& Tower with Radar,111,64,62,48,285,0,2,17,6,25,111,66,79,54,310,4,26,30,340
11/25/2015,CHS,SC,ASO,ES,Combined TRACON& Tower with Radar,118,70,72,22,282,0,6,21,2,29,118,76,93,24,311,2,10,12,323
11/26/2015,CHS,SC,ASO,ES,Combined TRACON& Tower with Radar,73,23,13,2,111,0,2,7,0,9,73,25,20,2,120,0,0,0,120
11/27/2015,CHS,SC,ASO,ES,Combined TRACON& Tower with Radar,86,36,43,8,173,0,3,21,5,29,86,39,64,13,202,9,6,15,217
11/28/2015,CHS,SC,ASO,ES,Combined TRACON& Tower with Radar,118,42,44,2,206,0,4,17,3,24,118,46,61,5,230,4,0,4,234
11/29/2015,CHS,SC,ASO,ES,Combined TRACON& Tower with Radar,118,71,90,4,283,0,6,15,2,23,118,77,105,6,306,10,0,10,316
11/30/2015,CHS,SC,ASO,ES,Combined TRACON& Tower with Radar,117,66,53,86,322,0,4,7,1,12,117,70,60,87,334,4,79,83,417
12/01/2015,CHS,SC,ASO,ES,Combined TRACON& Tower with Radar,96,65,53,60,274,0,2,8,4,14,96,67,61,64,288,0,55,55,343
12/02/2015,CHS,SC,ASO,ES,Combined TRACON& Tower with Radar,103,55,56,43,257,0,0,3,3,6,103,55,59,46,263,8,30,38,301
12/03/2015,CHS,SC,ASO,ES,Combined TRACON& Tower with Radar,101,64,67,44,276,0,4,18,6,28,101,68,85,50,304,16,32,48,352
12/04/2015,CHS,SC,ASO,ES,Combined TRACON& Tower with Radar,110,60,55,33,258,0,4,20,17,41,110,64,75,50,299,10,13,23,322
12/05/2015,CHS,SC,ASO,ES,Combined TRACON& Tower with Radar,89,39,31,23,182,0,7,8,6,21,89,46,39,29,203,1,2,3,206
12/06/2015,CHS,SC,ASO,ES,Combined TRACON& Tower with Radar,101,45,51,6,203,0,4,12,4,20,101,49,63,10,223,8,0,8,231
12/07/2015,CHS,SC,ASO,ES,Combined TRACON& Tower with Radar,97,39,47,42,225,0,0,4,0,4,97,39,51,42,229,0,23,23,252
12/08/2015,CHS,SC,ASO,ES,Combined TRACON& Tower with Radar,96,31,43,58,228,0,2,23,3,28,96,33,66,61,256,0,64,64,320
12/09/2015,CHS,SC,ASO,ES,Combined TRACON& Tower with Radar,105,40,66,48,259,0,1,15,7,23,105,41,81,55,282,0,25,25,307
12/10/2015,CHS,SC,ASO,ES,Combined TRACON& Tower with Radar,111,49,58,37,255,0,4,27,11,42,111,53,85,48,297,15,19,34,331
12/11/2015,CHS,SC,ASO,ES,Combined TRACON& Tower with Radar,110,50,72,23,255,0,4,43,3,50,110,54,115,26,305,5,4,9,314
12/12/2015,CHS,SC,ASO,ES,Combined TRACON& Tower with Radar,89,31,26,14,160,0,2,15,7,24,89,33,41,21,184,2,8,10,194
12/13/2015,CHS,SC,ASO,ES,Combined TRACON& Tower with Radar,105,43,43,27,218,0,2,11,2,15,105,45,54,29,233,5,5,10,243
12/14/2015,CHS,SC,ASO,ES,Combined TRACON& Tower with Radar,97,57,32,64,250,0,1,0,2,3,97,58,32,66,253,2,33,35,288
12/15/2015,CHS,SC,ASO,ES,Combined TRACON& Tower with Radar,101,43,52,59,255,0,5,18,4,27,101,48,70,63,282,4,56,60,342
12/16/2015,CHS,SC,ASO,ES,Combined TRACON& Tower with Radar,104,48,60,50,262,0,6,7,6,19,104,54,67,56,281,0,42,42,323
12/17/2015,CHS,SC,ASO,ES,Combined TRACON& Tower with Radar,99,59,60,48,266,0,0,6,0,6,99,59,66,48,272,4,24,28,300
12/18/2015,CHS,SC,ASO,ES,Combined TRACON& Tower with Radar,101,61,68,45,275,0,3,13,1,17,101,64,81,46,292,0,34,34,326
12/19/2015,CHS,SC,ASO,ES,Combined TRACON& Tower with Radar,101,32,39,25,197,0,1,17,10,28,101,33,56,35,225,14,14,28,253
12/20/2015,CHS,SC,ASO,ES,Combined TRACON& Tower with Radar,99,50,32,8,189,0,5,24,8,37,99,55,56,16,226,0,0,0,226
12/21/2015,CHS,SC,ASO,ES,Combined TRACON& Tower with Radar,97,51,58,45,251,0,2,23,2,27,97,53,81,47,278,0,46,46,324
12/22/2015,CHS,SC,ASO,ES,Combined TRACON& Tower with Radar,105,65,46,27,243,0,0,1,2,3,105,65,47,29,246,0,6,6,252
12/23/2015,CHS,SC,ASO,ES,Combined TRACON& Tower with Radar,102,51,39,28,220,0,0,1,0,1,102,51,40,28,221,0,18,18,239
12/24/2015,CHS,SC,ASO,ES,Combined TRACON& Tower with Radar,91,29,28,6,154,0,0,1,0,1,91,29,29,6,155,0,20,20,175
12/25/2015,CHS,SC,ASO,ES,Combined TRACON& Tower with Radar,78,26,15,0,119,0,0,1,1,2,78,26,16,1,121,2,0,2,123
12/26/2015,CHS,SC,ASO,ES,Combined TRACON& Tower with Radar,96,43,55,1,195,0,2,1,0,3,96,45,56,1,198,0,0,0,198
12/27/2015,CHS,SC,ASO,ES,Combined TRACON& Tower with Radar,97,48,75,2,222,0,1,9,4,14,97,49,84,6,236,4,0,4,240
12/28/2015,CHS,SC,ASO,ES,Combined TRACON& Tower with Radar,94,58,59,55,266,0,2,1,12,15,94,60,60,67,281,0,58,58,339
12/29/2015,CHS,SC,ASO,ES,Combined TRACON& Tower with Radar,99,58,64,34,255,0,5,3,21,29,99,63,67,55,284,0,8,8,292
12/30/2015,CHS,SC,ASO,ES,Combined TRACON& Tower with Radar,101,53,58,65,277,0,1,10,10,21,101,54,68,75,298,2,41,43,341
12/31/2015,CHS,SC,ASO,ES,Combined TRACON& Tower with Radar,89,30,37,4,160,0,0,6,5,11,89,30,43,9,171,14,0,14,185
01/01/2016,CHS,SC,ASO,ES,Combined TRACON& Tower with Radar,83,25,24,1,133,0,2,1,3,6,83,27,25,4,139,0,0,0,139
01/02/2016,CHS,SC,ASO,ES,Combined TRACON& Tower with Radar,97,48,47,6,198,0,1,22,7,30,97,49,69,13,228,0,0,0,228
01/03/2016,CHS,SC,ASO,ES,Combined TRACON& Tower with Radar,101,70,54,2,227,0,4,21,5,30,101,74,75,7,257,20,0,20,277
01/04/2016,CHS,SC,ASO,ES,Combined TRACON& Tower with Radar,101,44,37,54,236,0,0,13,5,18,101,44,50,59,254,0,38,38,292
01/05/2016,CHS,SC,ASO,ES,Combined TRACON& Tower with Radar,85,47,41,53,226,0,1,4,4,9,85,48,45,57,235,0,30,30,265
01/06/2016,CHS,SC,ASO,ES,Combined TRACON& Tower with Radar,89,42,51,32,214,0,1,5,2,8,89,43,56,34,222,0,16,16,238
01/07/2016,CHS,SC,ASO,ES,Combined TRACON& Tower with Radar,89,59,68,60,276,0,2,16,8,26,89,61,84,68,302,16,22,38,340
01/08/2016,CHS,SC,ASO,ES,Combined TRACON& Tower with Radar,89,51,67,26,233,0,1,0,2,3,89,52,67,28,236,0,0,0,236
01/09/2016,CHS,SC,ASO,ES,Combined TRACON& Tower with Radar,74,41,23,17,155,0,0,0,0,0,74,41,23,17,155,0,3,3,158
01/10/2016,CHS,SC,ASO,ES,Combined TRACON& Tower with Radar,86,44,37,22,189,0,4,13,3,20,86,48,50,25,209,22,0,22,231
01/11/2016,CHS,SC,ASO,ES,Combined TRACON& Tower with Radar,90,46,29,49,214,0,6,19,1,26,90,52,48,50,240,12,14,26,266
01/12/2016,CHS,SC,ASO,ES,Combined TRACON& Tower with Radar,91,57,46,49,243,0,4,13,5,22,91,61,59,54,265,9,39,48,313
01/13/2016,CHS,SC,ASO,ES,Combined TRACON& Tower with Radar,98,62,74,45,279,0,0,23,5,28,98,62,97,50,307,2,26,28,335
01/14/2016,CHS,SC,ASO,ES,Combined TRACON& Tower with Radar,90,78,84,45,297,0,5,34,2,41,90,83,118,47,338,18,28,46,384
01/15/2016,CHS,SC,ASO,ES,Combined TRACON& Tower with Radar,98,67,64,16,245,0,0,5,5,10,98,67,69,21,255,0,0,0,255
01/16/2016,CHS,SC,ASO,ES,Combined TRACON& Tower with Radar,75,29,47,8,159,0,2,10,5,17,75,31,57,13,176,2,0,2,178
01/17/2016,CHS,SC,ASO,ES,Combined TRACON& Tower with Radar,81,42,37,10,170,0,0,5,1,6,81,42,42,11,176,0,0,0,176
01/18/2016,CHS,SC,ASO,ES,Combined TRACON& Tower with Radar,89,51,46,5,191,0,4,18,4,26,89,55,64,9,217,0,0,0,217
01/19/2016,CHS,SC,ASO,ES,Combined TRACON& Tower with Radar,94,45,65,61,265,0,2,17,1,20,94,47,82,62,285,2,46,48,333
01/20/2016,CHS,SC,ASO,ES,Combined TRACON& Tower with Radar,94,45,56,41,236,0,2,16,2,20,94,47,72,43,256,0,24,24,280
01/21/2016,CHS,SC,ASO,ES,Combined TRACON& Tower with Radar,96,47,65,59,267,0,4,28,4,36,96,51,93,63,303,10,30,40,343
01/22/2016,CHS,SC,ASO,ES,Combined TRACON& Tower with Radar,66,42,28,18,154,0,0,1,0,1,66,42,29,18,155,1,0,1,156
01/23/2016,CHS,SC,ASO,ES,Combined TRACON& Tower with Radar,44,17,12,12,85,0,1,0,3,4,44,18,12,15,89,0,0,0,89
01/24/2016,CHS,SC,ASO,ES,Combined TRACON& Tower with Radar,56,15,54,18,143,0,2,15,4,21,56,17,69,22,164,8,0,8,172
01/25/2016,CHS,SC,ASO,ES,Combined TRACON& Tower with Radar,79,43,61,40,223,0,4,13,7,24,79,47,74,47,247,5,14,19,266
01/26/2016,CHS,SC,ASO,ES,Combined TRACON& Tower with Radar,85,40,60,44,229,0,2,16,4,22,85,42,76,48,251,0,64,64,315
01/27/2016,CHS,SC,ASO,ES,Combined TRACON& Tower with Radar,97,49,60,66,272,0,2,5,3,10,97,51,65,69,282,2,60,62,344
01/28/2016,CHS,SC,ASO,ES,Combined TRACON& Tower with Radar,93,59,46,15,213,0,0,1,1,2,93,59,47,16,215,4,3,7,222
01/29/2016,CHS,SC,ASO,ES,Combined TRACON& Tower with Radar,92,47,65,31,235,0,4,14,3,21,92,51,79,34,256,13,6,19,275
01/30/2016,CHS,SC,ASO,ES,Combined TRACON& Tower with Radar,76,25,33,15,149,0,1,37,6,44,76,26,70,21,193,14,0,14,207
01/31/2016,CHS,SC,ASO,ES,Combined TRACON& Tower with Radar,82,29,43,8,162,0,1,18,1,20,82,30,61,9,182,0,0,0,182
02/01/2016,CHS,SC,ASO,ES,Combined TRACON& Tower with Radar,89,61,30,50,230,0,1,15,6,22,89,62,45,56,252,0,49,49,301
02/02/2016,CHS,SC,ASO,ES,Combined TRACON& Tower with Radar,87,36,46,38,207,0,1,17,4,22,87,37,63,42,229,4,20,24,253
02/03/2016,CHS,SC,ASO,ES,Combined TRACON& Tower with Radar,92,46,34,71,243,0,0,1,2,3,92,46,35,73,246,4,50,54,300
02/04/2016,CHS,SC,ASO,ES,Combined TRACON& Tower with Radar,92,60,38,59,249,0,0,0,0,0,92,60,38,59,249,0,28,28,277
02/05/2016,CHS,SC,ASO,ES,Combined TRACON& Tower with Radar,98,53,46,58,255,0,5,31,6,42,98,58,77,64,297,3,30,33,330
02/06/2016,CHS,SC,ASO,ES,Combined TRACON& Tower with Radar,72,35,27,13,147,0,1,16,11,28,72,36,43,24,175,0,0,0,175
02/07/2016,CHS,SC,ASO,ES,Combined TRACON& Tower with Radar,73,39,17,15,144,0,0,6,2,8,73,39,23,17,152,0,0,0,152
02/08/2016,CHS,SC,ASO,ES,Combined TRACON& Tower with Radar,89,53,39,61,242,0,5,6,4,15,89,58,45,65,257,0,48,48,305
02/09/2016,CHS,SC,ASO,ES,Combined TRACON& Tower with Radar,90,47,32,51,220,0,0,7,3,10,90,47,39,54,230,1,26,27,257
02/10/2016,CHS,SC,ASO,ES,Combined TRACON& Tower with Radar,93,51,61,53,258,0,4,19,12,35,93,55,80,65,293,2,55,57,350
02/11/2016,CHS,SC,ASO,ES,Combined TRACON& Tower with Radar,95,71,75,39,280,0,5,27,7,39,95,76,102,46,319,0,11,11,330
02/12/2016,CHS,SC,ASO,ES,Combined TRACON& Tower with Radar,108,68,71,67,314,0,1,3,3,7,108,69,74,70,321,6,57,63,384
02/13/2016,CHS,SC,ASO,ES,Combined TRACON& Tower with Radar,73,27,54,37,191,0,4,39,22,65,73,31,93,59,256,0,2,2,258
02/14/2016,CHS,SC,ASO,ES,Combined TRACON& Tower with Radar,87,43,50,6,186,0,2,12,20,34,87,45,62,26,220,11,0,11,231
02/15/2016,CHS,SC,ASO,ES,Combined TRACON& Tower with Radar,93,38,53,7,191,0,0,1,0,1,93,38,54,7,192,0,0,0,192
02/16/2016,CHS,SC,ASO,ES,Combined TRACON& Tower with Radar,90,61,62,51,264,0,1,16,5,22,90,62,78,56,286,0,21,21,307
02/17/2016,CHS,SC,ASO,ES,Combined TRACON& Tower with Radar,94,55,80,42,271,0,1,18,2,21,94,56,98,44,292,4,20,24,316
02/18/2016,CHS,SC,ASO,ES,Combined TRACON& Tower with Radar,93,55,84,58,290,0,3,21,9,33,93,58,105,67,323,6,26,32,355
02/19/2016,CHS,SC,ASO,ES,Combined TRACON& Tower with Radar,94,52,85,26,257,0,4,29,7,40,94,56,114,33,297,3,10,13,310
02/20/2016,CHS,SC,ASO,ES,Combined TRACON& Tower with Radar,76,33,39,17,165,0,3,10,9,22,76,36,49,26,187,7,0,7,194
02/21/2016,CHS,SC,ASO,ES,Combined TRACON& Tower with Radar,75,47,62,15,199,0,6,19,9,34,75,53,81,24,233,0,12,12,245
02/22/2016,CHS,SC,ASO,ES,Combined TRACON& Tower with Radar,100,48,57,80,285,0,2,9,7,18,100,50,66,87,303,0,72,72,375
02/23/2016,CHS,SC,ASO,ES,Combined TRACON& Tower with Radar,95,51,43,82,271,0,0,5,9,14,95,51,48,91,285,4,31,35,320
02/24/2016,CHS,SC,ASO,ES,Combined TRACON& Tower with Radar,92,43,35,33,203,0,0,0,0,0,92,43,35,33,203,8,19,27,230
02/25/2016,CHS,SC,ASO,ES,Combined TRACON& Tower with Radar,94,59,57,52,262,0,5,10,5,20,94,64,67,57,282,14,18,32,314
02/26/2016,CHS,SC,ASO,ES,Combined TRACON& Tower with Radar,96,49,79,58,282,0,1,24,16,41,96,50,103,74,323,14,29,43,366
02/27/2016,CHS,SC,ASO,ES,Combined TRACON& Tower with Radar,79,39,42,13,173,0,7,25,5,37,79,46,67,18,210,0,4,4,214
02/28/2016,CHS,SC,ASO,ES,Combined TRACON& Tower with Radar,79,47,44,28,198,0,3,20,20,43,79,50,64,48,241,4,8,12,253
02/29/2016,CHS,SC,ASO,ES,Combined TRACON& Tower with Radar,102,46,37,98,283,0,4,12,12,28,102,50,49,110,311,2,94,96,407
03/01/2016,CHS,SC,ASO,ES,Combined TRACON& Tower with Radar,88,47,59,75,269,0,5,27,13,45,88,52,86,88,314,0,46,46,360
03/02/2016,CHS,SC,ASO,ES,Combined TRACON& Tower with Radar,81,36,53,61,231,0,1,9,2,12,81,37,62,63,243,10,50,60,303
03/03/2016,CHS,SC,ASO,ES,Combined TRACON& Tower with Radar,99,53,46,38,236,0,2,22,4,28,99,55,68,42,264,2,14,16,280
03/04/2016,CHS,SC,ASO,ES,Combined TRACON& Tower with Radar,114,62,70,36,282,0,2,18,2,22,114,64,88,38,304,8,10,18,322
03/05/2016,CHS,SC,ASO,ES,Combined TRACON& Tower with Radar,91,43,47,11,192,0,0,23,11,34,91,43,70,22,226,11,0,11,237
03/06/2016,CHS,SC,ASO,ES,Combined TRACON& Tower with Radar,96,47,52,16,211,0,4,34,3,41,96,51,86,19,252,5,0,5,257
03/07/2016,CHS,SC,ASO,ES,Combined TRACON& Tower with Radar,102,48,25,59,234,0,1,23,14,38,102,49,48,73,272,0,34,34,306
03/08/2016,CHS,SC,ASO,ES,Combined TRACON& Tower with Radar,100,52,35,78,265,0,0,26,16,42,100,52,61,94,307,0,49,49,356
03/09/2016,CHS,SC,ASO,ES,Combined TRACON& Tower with Radar,103,49,72,52,276,0,1,16,8,25,103,50,88,60,301,8,30,38,339
03/10/2016,CHS,SC,ASO,ES,Combined TRACON& Tower with Radar,110,52,81,40,283,0,1,27,7,35,110,53,108,47,318,0,6,6,324
03/11/2016,CHS,SC,ASO,ES,Combined TRACON& Tower with Radar,112,53,65,57,287,0,3,22,9,34,112,56,87,66,321,0,62,62,383
03/12/2016,CHS,SC,ASO,ES,Combined TRACON& Tower with Radar,92,39,47,20,198,0,2,21,11,34,92,41,68,31,232,7,0,7,239
03/13/2016,CHS,SC,ASO,ES,Combined TRACON& Tower with Radar,100,51,73,25,249,0,3,6,7,16,100,54,79,32,265,0,8,8,273
03/14/2016,CHS,SC,ASO,ES,Combined TRACON& Tower with Radar,106,55,38,41,240,0,3,6,5,14,106,58,44,46,254,18,12,30,284
03/15/2016,CHS,SC,ASO,ES,Combined TRACON& Tower with Radar,104,53,63,32,252,0,3,18,11,32,104,56,81,43,284,0,11,11,295
03/16/2016,CHS,SC,ASO,ES,Combined TRACON& Tower with Radar,108,68,61,60,297,0,1,27,10,38,108,69,88,70,335,4,44,48,383
03/17/2016,CHS,SC,ASO,ES,Combined TRACON& Tower with Radar,118,66,71,30,285,0,4,25,6,35,118,70,96,36,320,3,8,11,331
03/18/2016,CHS,SC,ASO,ES,Combined TRACON& Tower with Radar,118,61,68,44,291,0,2,34,19,55,118,63,102,63,346,5,20,25,371
03/19/2016,CHS,SC,ASO,ES,Combined TRACON& Tower with Radar,102,42,44,16,204,0,2,4,10,16,102,44,48,26,220,0,0,0,220
03/20/2016,CHS,SC,ASO,ES,Combined TRACON& Tower with Radar,106,49,41,13,209,0,3,0,3,6,106,52,41,16,215,2,0,2,217
03/21/2016,CHS,SC,ASO,ES,Combined TRACON& Tower with Radar,102,48,59,58,267,0,6,22,7,35,102,54,81,65,302,0,23,23,325
03/22/2016,CHS,SC,ASO,ES,Combined TRACON& Tower with Radar,112,59,65,40,276,0,4,32,13,49,112,63,97,53,325,0,18,18,343
03/23/2016,CHS,SC,ASO,ES,Combined TRACON& Tower with Radar,103,63,83,58,307,0,5,29,8,42,103,68,112,66,349,6,36,42,391
03/24/2016,CHS,SC,ASO,ES,Combined TRACON& Tower with Radar,123,69,88,63,343,0,4,22,6,32,123,73,110,69,375,0,36,36,411
03/25/2016,CHS,SC,ASO,ES,Combined TRACON& Tower with Radar,117,63,77,33,290,0,4,10,6,20,117,67,87,39,310,0,10,10,320
03/26/2016,CHS,SC,ASO,ES,Combined TRACON& Tower with Radar,94,48,42,8,192,0,1,2,0,3,94,49,44,8,195,0,0,0,195
03/27/2016,CHS,SC,ASO,ES,Combined TRACON& Tower with Radar,103,64,29,11,207,0,0,2,0,2,103,64,31,11,209,0,0,0,209
03/28/2016,CHS,SC,ASO,ES,Combined TRACON& Tower with Radar,109,50,68,35,262,0,2,10,4,16,109,52,78,39,278,7,21,28,306
03/29/2016,CHS,SC,ASO,ES,Combined TRACON& Tower with Radar,104,57,50,47,258,0,1,21,15,37,104,58,71,62,295,12,30,42,337
03/30/2016,CHS,SC,ASO,ES,Combined TRACON& Tower with Radar,104,58,56,32,250,0,4,15,4,23,104,62,71,36,273,0,16,16,289
03/31/2016,CHS,SC,ASO,ES,Combined TRACON& Tower with Radar,104,54,65,49,272,0,4,5,6,15,104,58,70,55,287,0,38,38,325
04/01/2016,CHS,SC,ASO,ES,Combined TRACON& Tower with Radar,123,53,53,28,257,0,0,2,4,6,123,53,55,32,263,2,8,10,273
04/02/2016,CHS,SC,ASO,ES,Combined TRACON& Tower with Radar,101,79,62,13,255,0,1,1,10,12,101,80,63,23,267,0,0,0,267
04/03/2016,CHS,SC,ASO,ES,Combined TRACON& Tower with Radar,106,69,75,15,265,0,3,30,9,42,106,72,105,24,307,0,0,0,307
04/04/2016,CHS,SC,ASO,ES,Combined TRACON& Tower with Radar,105,58,49,57,269,0,2,12,12,26,105,60,61,69,295,0,50,50,345
04/05/2016,CHS,SC,ASO,ES,Combined TRACON& Tower with Radar,121,53,57,48,279,0,3,19,12,34,121,56,76,60,313,0,31,31,344
04/06/2016,CHS,SC,ASO,ES,Combined TRACON& Tower with Radar,119,56,48,47,270,0,4,9,8,21,119,60,57,55,291,3,50,53,344
04/07/2016,CHS,SC,ASO,ES,Combined TRACON& Tower with Radar,119,49,89,36,293,0,6,8,1,15,119,55,97,37,308,10,15,25,333
04/08/2016,CHS,SC,ASO,ES,Combined TRACON& Tower with Radar,125,52,66,38,281,0,5,14,10,29,125,57,80,48,310,4,18,22,332
04/09/2016,CHS,SC,ASO,ES,Combined TRACON& Tower with Radar,119,40,56,29,244,0,5,13,9,27,119,45,69,38,271,10,20,30,301
04/10/2016,CHS,SC,ASO,ES,Combined TRACON& Tower with Radar,122,48,77,31,278,0,4,23,9,36,122,52,100,40,314,2,8,10,324
04/11/2016,CHS,SC,ASO,ES,Combined TRACON& Tower with Radar,117,41,47,24,229,0,0,13,10,23,117,41,60,34,252,2,0,2,254
04/12/2016,CHS,SC,ASO,ES,Combined TRACON& Tower with Radar,120,40,42,37,239,0,3,1,6,10,120,43,43,43,249,2,8,10,259
04/13/2016,CHS,SC,ASO,ES,Combined TRACON& Tower with Radar,125,42,62,46,275,0,1,8,2,11,125,43,70,48,286,8,24,32,318
04/14/2016,CHS,SC,ASO,ES,Combined TRACON& Tower with Radar,122,62,71,40,295,0,1,12,10,23,122,63,83,50,318,2,24,26,344
04/15/2016,CHS,SC,ASO,ES,Combined TRACON& Tower with Radar,123,44,89,45,301,0,0,5,2,7,123,44,94,47,308,2,20,22,330
04/16/2016,CHS,SC,ASO,ES,Combined TRACON& Tower with Radar,122,53,38,25,238,0,2,17,8,27,122,55,55,33,265,16,16,32,297
04/17/2016,CHS,SC,ASO,ES,Combined TRACON& Tower with Radar,126,59,70,33,288,0,3,26,3,32,126,62,96,36,320,8,4,12,332
04/18/2016,CHS,SC,ASO,ES,Combined TRACON& Tower with Radar,110,47,72,27,256,0,3,29,16,48,110,50,101,43,304,4,16,20,324
04/19/2016,CHS,SC,ASO,ES,Combined TRACON& Tower with Radar,120,39,62,34,255,0,4,21,9,34,120,43,83,43,289,8,10,18,307
04/20/2016,CHS,SC,ASO,ES,Combined TRACON& Tower with Radar,118,45,59,41,263,0,1,26,5,32,118,46,85,46,295,0,18,18,313
04/21/2016,CHS,SC,ASO,ES,Combined TRACON& Tower with Radar,127,49,80,28,284,0,2,11,11,24,127,51,91,39,308,10,8,18,326
04/22/2016,CHS,SC,ASO,ES,Combined TRACON& Tower with Radar,121,51,49,24,245,0,1,4,3,8,121,52,53,27,253,0,4,4,257
04/23/2016,CHS,SC,ASO,ES,Combined TRACON& Tower with Radar,118,37,58,12,225,0,2,5,12,19,118,39,63,24,244,0,2,2,246
04/24/2016,CHS,SC,ASO,ES,Combined TRACON& Tower with Radar,118,55,72,17,262,0,3,15,6,24,118,58,87,23,286,4,6,10,296
04/25/2016,CHS,SC,ASO,ES,Combined TRACON& Tower with Radar,117,49,57,44,267,0,2,11,4,17,117,51,68,48,284,10,18,28,312
04/26/2016,CHS,SC,ASO,ES,Combined TRACON& Tower with Radar,119,45,52,50,266,0,1,15,8,24,119,46,67,58,290,14,28,42,332
04/27/2016,CHS,SC,ASO,ES,Combined TRACON& Tower with Radar,133,53,56,54,296,0,2,21,5,28,133,55,77,59,324,10,56,66,390
04/28/2016,CHS,SC,ASO,ES,Combined TRACON& Tower with Radar,126,54,61,22,263,0,3,5,8,16,126,57,66,30,279,6,2,8,287
04/29/2016,CHS,SC,ASO,ES,Combined TRACON& Tower with Radar,123,49,84,34,290,0,3,25,6,34,123,52,109,40,324,0,10,10,334
04/30/2016,CHS,SC,ASO,ES,Combined TRACON& Tower with Radar,127,40,58,24,249,0,1,15,4,20,127,41,73,28,269,6,4,10,279
05/01/2016,CHS,SC,ASO,ES,Combined TRACON& Tower with Radar,119,53,72,13,257,0,0,4,1,5,119,53,76,14,262,8,0,8,270
05/02/2016,CHS,SC,ASO,ES,Combined TRACON& Tower with Radar,122,43,62,38,265,0,1,9,2,12,122,44,71,40,277,8,12,20,297
05/03/2016,CHS,SC,ASO,ES,Combined TRACON& Tower with Radar,122,52,48,32,254,0,1,7,3,11,122,53,55,35,265,2,8,10,275
05/04/2016,CHS,SC,ASO,ES,Combined TRACON& Tower with Radar,117,65,101,65,348,0,3,26,10,39,117,68,127,75,387,0,37,37,424
05/05/2016,CHS,SC,ASO,ES,Combined TRACON& Tower with Radar,123,62,62,34,281,0,2,18,4,24,123,64,80,38,305,8,12,20,325
05/06/2016,CHS,SC,ASO,ES,Combined TRACON& Tower with Radar,129,55,79,29,292,0,1,14,7,22,129,56,93,36,314,6,9,15,329
05/07/2016,CHS,SC,ASO,ES,Combined TRACON& Tower with Radar,120,37,60,11,228,0,5,17,7,29,120,42,77,18,257,11,6,17,274
05/08/2016,CHS,SC,ASO,ES,Combined TRACON& Tower with Radar,130,44,57,14,245,0,2,11,17,30,130,46,68,31,275,0,4,4,279
05/09/2016,CHS,SC,ASO,ES,Combined TRACON& Tower with Radar,122,55,50,44,271,0,0,20,2,22,122,55,70,46,293,0,30,30,323
05/10/2016,CHS,SC,ASO,ES,Combined TRACON& Tower with Radar,123,43,62,35,263,0,0,16,0,16,123,43,78,35,279,0,6,6,285
05/11/2016,CHS,SC,ASO,ES,Combined TRACON& Tower with Radar,132,54,74,51,311,0,3,19,2,24,132,57,93,53,335,8,18,26,361
05/12/2016,CHS,SC,ASO,ES,Combined TRACON& Tower with Radar,125,49,102,46,322,0,3,16,6,25,125,52,118,52,347,6,26,32,379
05/13/2016,CHS,SC,ASO,ES,Combined TRACON& Tower with Radar,135,55,60,63,313,0,3,8,6,17,135,58,68,69,330,10,58,68,398
05/14/2016,CHS,SC,ASO,ES,Combined TRACON& Tower with Radar,135,45,44,15,239,0,3,20,9,32,135,48,64,24,271,16,12,28,299
05/15/2016,CHS,SC,ASO,ES,Combined TRACON& Tower with Radar,128,39,70,34,271,0,1,26,8,35,128,40,96,42,306,8,4,12,318
05/16/2016,CHS,SC,ASO,ES,Combined TRACON& Tower with Radar,124,47,37,54,262,0,5,18,4,27,124,52,55,58,289,4,34,38,327
05/17/2016,CHS,SC,ASO,ES,Combined TRACON& Tower with Radar,135,37,60,28,260,0,0,2,1,3,135,37,62,29,263,8,28,36,299
05/18/2016,CHS,SC,ASO,ES,Combined TRACON& Tower with Radar,131,59,60,29,279,0,1,0,1,2,131,60,60,30,281,8,10,18,299
05/19/2016,CHS,SC,ASO,ES,Combined TRACON& Tower with Radar,129,49,58,24,260,0,0,2,3,5,129,49,60,27,265,8,6,14,279
05/20/2016,CHS,SC,ASO,ES,Combined TRACON& Tower with Radar,131,54,49,34,268,0,0,1,4,5,131,54,50,38,273,0,18,18,291
05/21/2016,CHS,SC,ASO,ES,Combined TRACON& Tower with Radar,119,34,30,29,212,0,2,5,4,11,119,36,35,33,223,0,4,4,227
05/22/2016,CHS,SC,ASO,ES,Combined TRACON& Tower with Radar,127,51,48,30,256,0,1,13,9,23,127,52,61,39,279,12,8,20,299
05/23/2016,CHS,SC,ASO,ES,Combined TRACON& Tower with Radar,124,64,52,36,276,0,1,14,2,17,124,65,66,38,293,6,12,18,311
05/24/2016,CHS,SC,ASO,ES,Combined TRACON& Tower with Radar,125,57,51,31,264,0,4,23,4,31,125,61,74,35,295,2,25,27,322
05/25/2016,CHS,SC,ASO,ES,Combined TRACON& Tower with Radar,127,57,72,40,296,0,2,26,6,34,127,59,98,46,330,16,42,58,388
05/26/2016,CHS,SC,ASO,ES,Combined TRACON& Tower with Radar,136,54,74,30,294,0,1,24,9,34,136,55,98,39,328,4,16,20,348
05/27/2016,CHS,SC,ASO,ES,Combined TRACON& Tower with Radar,140,67,83,17,307,0,1,16,4,21,140,68,99,21,328,0,0,0,328
05/28/2016,CHS,SC,ASO,ES,Combined TRACON& Tower with Radar,117,43,33,14,207,0,0,3,0,3,117,43,36,14,210,0,0,0,210
05/29/2016,CHS,SC,ASO,ES,Combined TRACON& Tower with Radar,115,40,20,8,183,0,0,0,0,0,115,40,20,8,183,0,0,0,183
05/30/2016,CHS,SC,ASO,ES,Combined TRACON& Tower with Radar,125,48,67,12,252,0,0,1,2,3,125,48,68,14,255,2,2,4,259
05/31/2016,CHS,SC,ASO,ES,Combined TRACON& Tower with Radar,120,38,56,51,265,0,5,4,4,13,120,43,60,55,278,0,34,34,312
06/01/2016,CHS,SC,ASO,ES,Combined TRACON& Tower with Radar,126,40,59,59,284,0,1,21,1,23,126,41,80,60,307,18,42,60,367
06/02/2016,CHS,SC,ASO,ES,Combined TRACON& Tower with Radar,135,51,57,46,289,0,2,10,7,19,135,53,67,53,308,3,30,33,341
06/03/2016,CHS,SC,ASO,ES,Combined TRACON& Tower with Radar,130,49,57,29,265,0,1,14,5,20,130,50,71,34,285,6,16,22,307
06/04/2016,CHS,SC,ASO,ES,Combined TRACON& Tower with Radar,123,32,31,17,203,0,2,13,5,20,123,34,44,22,223,2,0,2,225
06/05/2016,CHS,SC,ASO,ES,Combined TRACON& Tower with Radar,121,44,54,35,254,0,2,2,5,9,121,46,56,40,263,2,0,2,265
06/06/2016,CHS,SC,ASO,ES,Combined TRACON& Tower with Radar,127,46,46,37,256,0,0,0,1,1,127,46,46,38,257,0,32,32,289
06/07/2016,CHS,SC,ASO,ES,Combined TRACON& Tower with Radar,122,59,36,32,249,0,1,12,1,14,122,60,48,33,263,0,9,9,272
06/08/2016,CHS,SC,ASO,ES,Combined TRACON& Tower with Radar,135,64,70,41,310,0,3,27,8,38,135,67,97,49,348,17,20,37,385
06/09/2016,CHS,SC,ASO,ES,Combined TRACON& Tower with Radar,126,46,36,65,273,0,1,20,8,29,126,47,56,73,302,0,72,72,374
06/10/2016,CHS,SC,ASO,ES,Combined TRACON& Tower with Radar,139,60,71,33,303,0,0,17,25,42,139,60,88,58,345,22,20,42,387
06/11/2016,CHS,SC,ASO,ES,Combined TRACON& Tower with Radar,127,29,41,24,221,0,1,7,4,12,127,30,48,28,233,7,0,7,240
06/12/2016,CHS,SC,ASO,ES,Combined TRACON& Tower with Radar,119,43,49,21,232,0,3,17,2,22,119,46,66,23,254,14,6,20,274
06/13/2016,CHS,SC,ASO,ES,Combined TRACON& Tower with Radar,128,49,58,43,278,0,2,14,4,20,128,51,72,47,298,2,24,26,324
06/14/2016,CHS,SC,ASO,ES,Combined TRACON& Tower with Radar,128,43,32,41,244,0,2,12,8,22,128,45,44,49,266,0,36,36,302
06/15/2016,CHS,SC,ASO,ES,Combined TRACON& Tower with Radar,126,43,68,39,276,0,2,18,10,30,126,45,86,49,306,4,12,16,322
06/16/2016,CHS,SC,ASO,ES,Combined TRACON& Tower with Radar,120,54,37,68,279,0,3,14,4,21,120,57,51,72,300,2,76,78,378
06/17/2016,CHS,SC,ASO,ES,Combined TRACON& Tower with Radar,140,59,67,23,289,0,3,18,6,27,140,62,85,29,316,10,10,20,336
06/18/2016,CHS,SC,ASO,ES,Combined TRACON& Tower with Radar,134,39,40,22,235,0,1,8,5,14,134,40,48,27,249,2,0,2,251
06/19/2016,CHS,SC,ASO,ES,Combined TRACON& Tower with Radar,123,46,53,10,232,0,2,12,9,23,123,48,65,19,255,0,0,0,255
06/20/2016,CHS,SC,ASO,ES,Combined TRACON& Tower with Radar,127,53,38,55,273,0,5,20,8,33,127,58,58,63,306,0,34,34,340
06/21/2016,CHS,SC,ASO,ES,Combined TRACON& Tower with Radar,122,40,54,28,244,0,3,18,5,26,122,43,72,33,270,0,4,4,274
06/22/2016,CHS,SC,ASO,ES,Combined TRACON& Tower with Radar,123,42,54,31,250,0,5,18,9,32,123,47,72,40,282,7,18,25,307
06/23/2016,CHS,SC,ASO,ES,Combined TRACON& Tower with Radar,178,54,65,43,340,0,1,25,8,34,178,55,90,51,374,81,24,105,479
06/24/2016,CHS,SC,ASO,ES,Combined TRACON& Tower with Radar,136,45,55,30,266,0,2,17,9,28,136,47,72,39,294,5,2,7,301
06/25/2016,CHS,SC,ASO,ES,Combined TRACON& Tower with Radar,138,28,46,20,232,0,2,10,9,21,138,30,56,29,253,2,0,2,255
06/26/2016,CHS,SC,ASO,ES,Combined TRACON& Tower with Radar,117,44,49,23,233,0,1,8,8,17,117,45,57,31,250,0,0,0,250
06/27/2016,CHS,SC,ASO,ES,Combined TRACON& Tower with Radar,128,51,43,70,292,0,3,14,9,26,128,54,57,79,318,6,44,50,368
06/28/2016,CHS,SC,ASO,ES,Combined TRACON& Tower with Radar,123,41,55,64,283,0,1,15,7,23,123,42,70,71,306,2,47,49,355
06/29/2016,CHS,SC,ASO,ES,Combined TRACON& Tower with Radar,125,47,62,39,273,0,4,5,6,15,125,51,67,45,288,1,12,13,301
06/30/2016,CHS,SC,ASO,ES,Combined TRACON& Tower with Radar,128,49,50,39,266,0,1,12,6,19,128,50,62,45,285,4,16,20,305
07/01/2016,CHS,SC,ASO,ES,Combined TRACON& Tower with Radar,121,58,47,20,246,0,5,8,8,21,121,63,55,28,267,0,6,6,273
07/02/2016,CHS,SC,ASO,ES,Combined TRACON& Tower with Radar,125,50,32,6,213,0,3,5,9,17,125,53,37,15,230,2,0,2,232
07/03/2016,CHS,SC,ASO,ES,Combined TRACON& Tower with Radar,107,34,33,4,178,0,1,7,1,9,107,35,40,5,187,12,0,12,199
07/04/2016,CHS,SC,ASO,ES,Combined TRACON& Tower with Radar,105,38,23,7,173,0,2,4,4,10,105,40,27,11,183,4,0,4,187
07/05/2016,CHS,SC,ASO,ES,Combined TRACON& Tower with Radar,120,61,53,16,250,0,1,9,8,18,120,62,62,24,268,0,0,0,268
07/06/2016,CHS,SC,ASO,ES,Combined TRACON& Tower with Radar,130,59,51,54,294,0,2,15,6,23,130,61,66,60,317,8,32,40,357
07/07/2016,CHS,SC,ASO,ES,Combined TRACON& Tower with Radar,126,54,43,45,268,0,6,20,12,38,126,60,63,57,306,0,4,4,310
07/08/2016,CHS,SC,ASO,ES,Combined TRACON& Tower with Radar,127,59,64,59,309,0,5,12,15,32,127,64,76,74,341,5,55,60,401
07/09/2016,CHS,SC,ASO,ES,Combined TRACON& Tower with Radar,132,42,44,43,261,0,1,6,17,24,132,43,50,60,285,0,39,39,324
07/10/2016,CHS,SC,ASO,ES,Combined TRACON& Tower with Radar,123,53,45,36,257,0,0,19,7,26,123,53,64,43,283,10,8,18,301
07/11/2016,CHS,SC,ASO,ES,Combined TRACON& Tower with Radar,118,48,53,68,287,0,4,19,8,31,118,52,72,76,318,0,68,68,386
07/12/2016,CHS,SC,ASO,ES,Combined TRACON& Tower with Radar,126,52,46,42,266,0,2,19,9,30,126,54,65,51,296,4,18,22,318
07/13/2016,CHS,SC,ASO,ES,Combined TRACON& Tower with Radar,118,47,50,32,247,0,5,26,10,41,118,52,76,42,288,8,10,18,306
07/14/2016,CHS,SC,ASO,ES,Combined TRACON& Tower with Radar,120,46,56,52,274,0,3,14,10,27,120,49,70,62,301,8,36,44,345
07/15/2016,CHS,SC,ASO,ES,Combined TRACON& Tower with Radar,130,51,56,25,262,0,4,21,14,39,130,55,77,39,301,4,16,20,321
07/16/2016,CHS,SC,ASO,ES,Combined TRACON& Tower with Radar,128,43,42,8,221,0,2,14,4,20,128,45,56,12,241,7,0,7,248
07/17/2016,CHS,SC,ASO,ES,Combined TRACON& Tower with Radar,120,48,39,7,214,0,0,8,2,10,120,48,47,9,224,16,0,16,240
07/18/2016,CHS,SC,ASO,ES,Combined TRACON& Tower with Radar,111,56,46,32,245,0,9,13,1,23,111,65,59,33,268,4,14,18,286
07/19/2016,CHS,SC,ASO,ES,Combined TRACON& Tower with Radar,119,47,47,29,242,0,1,12,7,20,119,48,59,36,262,4,10,14,276
07/20/2016,CHS,SC,ASO,ES,Combined TRACON& Tower with Radar,120,59,60,49,288,0,2,19,11,32,120,61,79,60,320,0,30,30,350
07/21/2016,CHS,SC,ASO,ES,Combined TRACON& Tower with Radar,113,52,66,48,279,0,2,13,5,20,113,54,79,53,299,8,40,48,347
07/22/2016,CHS,SC,ASO,ES,Combined TRACON& Tower with Radar,117,60,62,43,282,0,1,20,16,37,117,61,82,59,319,3,21,24,343
07/23/2016,CHS,SC,ASO,ES,Combined TRACON& Tower with Radar,112,36,44,17,209,0,2,15,19,36,112,38,59,36,245,11,11,22,267
07/24/2016,CHS,SC,ASO,ES,Combined TRACON& Tower with Radar,130,48,56,10,244,0,2,18,6,26,130,50,74,16,270,9,0,9,279
07/25/2016,CHS,SC,ASO,ES,Combined TRACON& Tower with Radar,114,40,54,51,259,0,2,16,5,23,114,42,70,56,282,4,38,42,324
07/26/2016,CHS,SC,ASO,ES,Combined TRACON& Tower with Radar,123,42,63,85,313,0,3,12,10,25,123,45,75,95,338,11,49,60,398
07/27/2016,CHS,SC,ASO,ES,Combined TRACON& Tower with Radar,123,53,67,58,301,0,2,30,8,40,123,55,97,66,341,2,54,56,397
07/28/2016,CHS,SC,ASO,ES,Combined TRACON& Tower with Radar,116,54,52,68,290,0,3,24,13,40,116,57,76,81,330,11,50,61,391
07/29/2016,CHS,SC,ASO,ES,Combined TRACON& Tower with Radar,124,58,41,42,265,0,3,26,8,37,124,61,67,50,302,2,25,27,329
07/30/2016,CHS,SC,ASO,ES,Combined TRACON& Tower with Radar,113,46,32,15,206,0,0,12,15,27,113,46,44,30,233,2,12,14,247
07/31/2016,CHS,SC,ASO,ES,Combined TRACON& Tower with Radar,122,47,35,12,216,0,0,12,11,23,122,47,47,23,239,15,16,31,270
08/01/2016,CHS,SC,ASO,ES,Combined TRACON& Tower with Radar,121,52,39,48,260,0,4,16,5,25,121,56,55,53,285,0,48,48,333
08/02/2016,CHS,SC,ASO,ES,Combined TRACON& Tower with Radar,122,47,49,69,287,0,2,16,4,22,122,49,65,73,309,11,29,40,349
08/03/2016,CHS,SC,ASO,ES,Combined TRACON& Tower with Radar,122,48,45,46,261,0,2,12,3,17,122,50,57,49,278,3,36,39,317
08/04/2016,CHS,SC,ASO,ES,Combined TRACON& Tower with Radar,123,46,39,63,271,0,1,4,8,13,123,47,43,71,284,3,52,55,339
08/05/2016,CHS,SC,ASO,ES,Combined TRACON& Tower with Radar,121,47,60,40,268,0,1,7,8,16,121,48,67,48,284,2,26,28,312
08/06/2016,CHS,SC,ASO,ES,Combined TRACON& Tower with Radar,121,39,41,16,217,0,1,13,9,23,121,40,54,25,240,6,0,6,246
08/07/2016,CHS,SC,ASO,ES,Combined TRACON& Tower with Radar,123,57,47,14,241,0,0,12,14,26,123,57,59,28,267,4,0,4,271
08/08/2016,CHS,SC,ASO,ES,Combined TRACON& Tower with Radar,105,52,46,47,250,0,2,9,8,19,105,54,55,55,269,11,38,49,318
08/09/2016,CHS,SC,ASO,ES,Combined TRACON& Tower with Radar,102,48,55,38,243,0,1,6,4,11,102,49,61,42,254,4,30,34,288
08/10/2016,CHS,SC,ASO,ES,Combined TRACON& Tower with Radar,113,68,40,53,274,0,0,5,0,5,113,68,45,53,279,2,44,46,325
08/11/2016,CHS,SC,ASO,ES,Combined TRACON& Tower with Radar,120,51,67,35,273,0,1,7,2,10,120,52,74,37,283,25,16,41,324
08/12/2016,CHS,SC,ASO,ES,Combined TRACON& Tower with Radar,121,55,52,75,303,0,2,7,13,22,121,57,59,88,325,0,61,61,386
08/13/2016,CHS,SC,ASO,ES,Combined TRACON& Tower with Radar,113,51,34,34,232,0,1,21,16,38,113,52,55,50,270,13,17,30,300
08/14/2016,CHS,SC,ASO,ES,Combined TRACON& Tower with Radar,123,48,37,20,228,0,4,11,9,24,123,52,48,29,252,8,0,8,260
08/15/2016,CHS,SC,ASO,ES,Combined TRACON& Tower with Radar,116,56,39,90,301,0,1,15,5,21,116,57,54,95,322,6,84,90,412
08/16/2016,CHS,SC,ASO,ES,Combined TRACON& Tower with Radar,118,50,52,36,256,0,1,22,6,29,118,51,74,42,285,6,24,30,315
08/17/2016,CHS,SC,ASO,ES,Combined TRACON& Tower with Radar,115,47,49,83,294,0,1,16,4,21,115,48,65,87,315,2,60,62,377
08/18/2016,CHS,SC,ASO,ES,Combined TRACON& Tower with Radar,118,44,49,31,242,0,1,16,3,20,118,45,65,34,262,3,13,16,278
08/19/2016,CHS,SC,ASO,ES,Combined TRACON& Tower with Radar,120,49,54,42,265,0,3,15,3,21,120,52,69,45,286,0,26,26,312
08/20/2016,CHS,SC,ASO,ES,Combined TRACON& Tower with Radar,113,29,29,31,202,0,1,11,6,18,113,30,40,37,220,5,30,35,255
08/21/2016,CHS,SC,ASO,ES,Combined TRACON& Tower with Radar,115,48,47,19,229,0,1,14,11,26,115,49,61,30,255,6,15,21,276
08/22/2016,CHS,SC,ASO,ES,Combined TRACON& Tower with Radar,126,47,51,42,266,0,6,14,7,27,126,53,65,49,293,4,60,64,357
08/23/2016,CHS,SC,ASO,ES,Combined TRACON& Tower with Radar,108,52,35,27,222,0,3,10,7,20,108,55,45,34,242,1,14,15,257
08/24/2016,CHS,SC,ASO,ES,Combined TRACON& Tower with Radar,112,48,64,36,260,0,2,9,8,19,112,50,73,44,279,0,17,17,296
08/25/2016,CHS,SC,ASO,ES,Combined TRACON& Tower with Radar,113,54,77,23,267,0,1,26,4,31,113,55,103,27,298,2,0,2,300
08/26/2016,CHS,SC,ASO,ES,Combined TRACON& Tower with Radar,117,52,58,62,289,0,1,20,9,30,117,53,78,71,319,10,32,42,361
08/27/2016,CHS,SC,ASO,ES,Combined TRACON& Tower with Radar,107,38,37,32,214,0,0,21,11,32,107,38,58,43,246,16,10,26,272
08/28/2016,CHS,SC,ASO,ES,Combined TRACON& Tower with Radar,116,40,36,10,202,0,1,13,2,16,116,41,49,12,218,1,0,1,219
08/29/2016,CHS,SC,ASO,ES,Combined TRACON& Tower with Radar,115,51,36,30,232,0,1,3,0,4,115,52,39,30,236,3,14,17,253
08/30/2016,CHS,SC,ASO,ES,Combined TRACON& Tower with Radar,108,49,53,39,249,0,2,8,2,12,108,51,61,41,261,3,31,34,295
08/31/2016,CHS,SC,ASO,ES,Combined TRACON& Tower with Radar,111,45,54,38,248,0,1,2,4,7,111,46,56,42,255,0,8,8,263
09/01/2016,CHS,SC,ASO,ES,Combined TRACON& Tower with Radar,120,70,74,53,317,0,2,7,5,14,120,72,81,58,331,6,18,24,355
09/02/2016,CHS,SC,ASO,ES,Combined TRACON& Tower with Radar,85,31,17,4,137,0,0,0,0,0,85,31,17,4,137,0,0,0,137
09/03/2016,CHS,SC,ASO,ES,Combined TRACON& Tower with Radar,92,53,41,6,192,0,1,9,5,15,92,54,50,11,207,7,5,12,219
09/04/2016,CHS,SC,ASO,ES,Combined TRACON& Tower with Radar,95,30,25,8,158,0,2,9,8,19,95,32,34,16,177,4,0,4,181
09/05/2016,CHS,SC,ASO,ES,Combined TRACON& Tower with Radar,102,57,45,10,214,0,6,21,10,37,102,63,66,20,251,4,2,6,257
09/06/2016,CHS,SC,ASO,ES,Combined TRACON& Tower with Radar,103,53,51,33,240,0,0,10,3,13,103,53,61,36,253,2,12,14,267
09/07/2016,CHS,SC,ASO,ES,Combined TRACON& Tower with Radar,103,57,76,30,266,0,1,14,3,18,103,58,90,33,284,0,7,7,291
09/08/2016,CHS,SC,ASO,ES,Combined TRACON& Tower with Radar,113,62,70,49,294,0,2,17,5,24,113,64,87,54,318,16,21,37,355
09/09/2016,CHS,SC,ASO,ES,Combined TRACON& Tower with Radar,115,79,53,49,296,0,5,17,8,30,115,84,70,57,326,17,15,32,358
09/10/2016,CHS,SC,ASO,ES,Combined TRACON& Tower with Radar,87,40,40,30,197,0,3,19,19,41,87,43,59,49,238,6,26,32,270
09/11/2016,CHS,SC,ASO,ES,Combined TRACON& Tower with Radar,111,58,38,29,236,0,3,7,6,16,111,61,45,35,252,2,6,8,260
09/12/2016,CHS,SC,ASO,ES,Combined TRACON& Tower with Radar,111,48,52,30,241,0,2,9,5,16,111,50,61,35,257,0,20,20,277
09/13/2016,CHS,SC,ASO,ES,Combined TRACON& Tower with Radar,110,44,47,39,240,0,3,2,2,7,110,47,49,41,247,2,13,15,262
09/14/2016,CHS,SC,ASO,ES,Combined TRACON& Tower with Radar,109,57,52,16,234,0,1,0,0,1,109,58,52,16,235,0,0,0,235
09/15/2016,CHS,SC,ASO,ES,Combined TRACON& Tower with Radar,118,48,45,30,241,0,1,0,0,1,118,49,45,30,242,8,4,12,254
09/16/2016,CHS,SC,ASO,ES,Combined TRACON& Tower with Radar,122,47,73,23,265,0,5,4,0,9,122,52,77,23,274,6,8,14,288
09/17/2016,CHS,SC,ASO,ES,Combined TRACON& Tower with Radar,92,50,26,23,191,0,6,1,1,8,92,56,27,24,199,2,32,34,233
09/18/2016,CHS,SC,ASO,ES,Combined TRACON& Tower with Radar,114,48,44,11,217,0,7,5,1,13,114,55,49,12,230,2,20,22,252
09/19/2016,CHS,SC,ASO,ES,Combined TRACON& Tower with Radar,111,43,36,36,226,0,2,7,1,10,111,45,43,37,236,0,14,14,250
09/20/2016,CHS,SC,ASO,ES,Combined TRACON& Tower with Radar,107,53,54,51,265,0,2,3,2,7,107,55,57,53,272,0,15,15,287
09/21/2016,CHS,SC,ASO,ES,Combined TRACON& Tower with Radar,118,52,82,34,286,0,3,3,1,7,118,55,85,35,293,7,6,13,306
09/22/2016,CHS,SC,ASO,ES,Combined TRACON& Tower with Radar,119,65,66,45,295,0,0,3,1,4,119,65,69,46,299,2,30,32,331
09/23/2016,CHS,SC,ASO,ES,Combined TRACON& Tower with Radar,125,46,79,67,317,0,3,6,0,9,125,49,85,67,326,4,42,46,372
09/24/2016,CHS,SC,ASO,ES,Combined TRACON& Tower with Radar,92,34,37,13,176,0,6,4,3,13,92,40,41,16,189,0,0,0,189
09/25/2016,CHS,SC,ASO,ES,Combined TRACON& Tower with Radar,116,41,70,13,240,0,11,9,4,24,116,52,79,17,264,14,0,14,278
09/26/2016,CHS,SC,ASO,ES,Combined TRACON& Tower with Radar,115,48,39,23,225,0,8,3,2,13,115,56,42,25,238,5,0,5,243
09/27/2016,CHS,SC,ASO,ES,Combined TRACON& Tower with Radar,117,49,50,35,251,0,3,5,3,11,117,52,55,38,262,10,8,18,280
09/28/2016,CHS,SC,ASO,ES,Combined TRACON& Tower with Radar,110,40,77,40,267,0,1,18,4,23,110,41,95,44,290,4,28,32,322
09/29/2016,CHS,SC,ASO,ES,Combined TRACON& Tower with Radar,115,57,51,32,255,0,4,19,4,27,115,61,70,36,282,0,15,15,297
09/30/2016,CHS,SC,ASO,ES,Combined TRACON& Tower with Radar,125,52,71,11,259,0,2,17,0,19,125,54,88,11,278,4,0,4,282
10/01/2016,CHS,SC,ASO,ES,Combined TRACON& Tower with Radar,87,52,52,18,209,0,8,10,2,20,87,60,62,20,229,7,0,7,236
10/02/2016,CHS,SC,ASO,ES,Combined TRACON& Tower with Radar,115,51,65,26,257,0,6,15,1,22,115,57,80,27,279,6,0,6,285
10/03/2016,CHS,SC,ASO,ES,Combined TRACON& Tower with Radar,109,43,50,42,244,0,5,18,3,26,109,48,68,45,270,0,12,12,282
10/04/2016,CHS,SC,ASO,ES,Combined TRACON& Tower with Radar,107,54,74,31,266,0,1,13,1,15,107,55,87,32,281,0,8,8,289
10/05/2016,CHS,SC,ASO,ES,Combined TRACON& Tower with Radar,116,91,96,24,327,0,7,8,4,19,116,98,104,28,346,0,0,0,346
10/06/2016,CHS,SC,ASO,ES,Combined TRACON& Tower with Radar,101,41,36,11,189,0,3,5,3,11,101,44,41,14,200,0,0,0,200
10/07/2016,CHS,SC,ASO,ES,Combined TRACON& Tower with Radar,30,8,4,4,46,0,0,0,0,0,30,8,4,4,46,0,0,0,46
10/08/2016,CHS,SC,ASO,ES,Combined TRACON& Tower with Radar,0,0,1,0,1,0,0,0,5,5,0,0,1,5,6,0,0,0,6
10/09/2016,CHS,SC,ASO,ES,Combined TRACON& Tower with Radar,40,33,43,5,121,0,10,9,16,35,40,43,52,21,156,0,0,0,156
10/10/2016,CHS,SC,ASO,ES,Combined TRACON& Tower with Radar,114,63,42,3,222,0,10,16,8,34,114,73,58,11,256,1,0,1,257
10/11/2016,CHS,SC,ASO,ES,Combined TRACON& Tower with Radar,117,47,53,28,245,0,6,21,1,28,117,53,74,29,273,0,2,2,275
10/12/2016,CHS,SC,ASO,ES,Combined TRACON& Tower with Radar,116,45,85,24,270,0,6,21,2,29,116,51,106,26,299,0,6,6,305
10/13/2016,CHS,SC,ASO,ES,Combined TRACON& Tower with Radar,123,55,75,46,299,0,7,38,9,54,123,62,113,55,353,8,8,16,369
10/14/2016,CHS,SC,ASO,ES,Combined TRACON& Tower with Radar,127,56,76,41,300,0,8,16,5,29,127,64,92,46,329,0,4,4,333
10/15/2016,CHS,SC,ASO,ES,Combined TRACON& Tower with Radar,108,32,41,15,196,0,9,24,2,35,108,41,65,17,231,2,21,23,254
10/16/2016,CHS,SC,ASO,ES,Combined TRACON& Tower with Radar,121,47,57,18,243,0,11,20,2,33,121,58,77,20,276,2,0,2,278
10/17/2016,CHS,SC,ASO,ES,Combined TRACON& Tower with Radar,118,57,73,56,304,0,5,16,2,23,118,62,89,58,327,0,64,64,391
10/18/2016,CHS,SC,ASO,ES,Combined TRACON& Tower with Radar,121,69,58,45,293,0,1,16,2,19,121,70,74,47,312,2,24,26,338
10/19/2016,CHS,SC,ASO,ES,Combined TRACON& Tower with Radar,127,40,77,47,291,0,2,19,3,24,127,42,96,50,315,6,16,22,337
10/20/2016,CHS,SC,ASO,ES,Combined TRACON& Tower with Radar,122,63,81,48,314,0,6,24,3,33,122,69,105,51,347,2,40,42,389
10/21/2016,CHS,SC,ASO,ES,Combined TRACON& Tower with Radar,128,48,72,33,281,0,8,12,1,21,128,56,84,34,302,2,10,12,314
10/22/2016,CHS,SC,ASO,ES,Combined TRACON& Tower with Radar,107,43,46,13,209,0,7,13,2,22,107,50,59,15,231,6,0,6,237
10/23/2016,CHS,SC,ASO,ES,Combined TRACON& Tower with Radar,122,41,74,12,249,0,2,31,3,36,122,43,105,15,285,14,0,14,299
10/24/2016,CHS,SC,ASO,ES,Combined TRACON& Tower with Radar,128,50,59,43,280,0,4,30,1,35,128,54,89,44,315,0,45,45,360
10/25/2016,CHS,SC,ASO,ES,Combined TRACON& Tower with Radar,116,49,56,69,290,0,6,22,3,31,116,55,78,72,321,0,50,50,371
10/26/2016,CHS,SC,ASO,ES,Combined TRACON& Tower with Radar,123,62,79,60,324,1,7,15,6,29,124,69,94,66,353,2,46,48,401
10/27/2016,CHS,SC,ASO,ES,Combined TRACON& Tower with Radar,120,57,53,32,262,0,4,17,1,22,120,61,70,33,284,0,2,2,286
10/28/2016,CHS,SC,ASO,ES,Combined TRACON& Tower with Radar,128,52,67,25,272,0,2,19,1,22,128,54,86,26,294,6,6,12,306
10/29/2016,CHS,SC,ASO,ES,Combined TRACON& Tower with Radar,99,44,55,11,209,0,7,19,5,31,99,51,74,16,240,9,0,9,249
10/30/2016,CHS,SC,ASO,ES,Combined TRACON& Tower with Radar,115,51,63,22,251,0,1,26,1,28,115,52,89,23,279,10,3,13,292
10/31/2016,CHS,SC,ASO,ES,Combined TRACON& Tower with Radar,101,50,62,39,252,0,3,14,3,20,101,53,76,42,272,2,4,6,278
11/01/2016,CHS,SC,ASO,ES,Combined TRACON& Tower with Radar,110,59,67,44,280,0,5,29,2,36,110,64,96,46,316,2,13,15,331
11/02/2016,CHS,SC,ASO,ES,Combined TRACON& Tower with Radar,111,42,84,32,269,0,5,19,8,32,111,47,103,40,301,0,0,0,301
11/03/2016,CHS,SC,ASO,ES,Combined TRACON& Tower with Radar,119,48,78,42,287,0,6,15,10,31,119,54,93,52,318,11,5,16,334
11/04/2016,CHS,SC,ASO,ES,Combined TRACON& Tower with Radar,119,56,93,41,309,0,6,11,10,27,119,62,104,51,336,6,40,46,382
11/05/2016,CHS,SC,ASO,ES,Combined TRACON& Tower with Radar,94,27,45,28,194,0,10,32,10,52,94,37,77,38,246,2,6,8,254
11/06/2016,CHS,SC,ASO,ES,Combined TRACON& Tower with Radar,108,44,74,16,242,0,2,33,3,38,108,46,107,19,280,16,0,16,296
11/07/2016,CHS,SC,ASO,ES,Combined TRACON& Tower with Radar,104,54,70,67,295,0,3,19,3,25,104,57,89,70,320,5,37,42,362
11/08/2016,CHS,SC,ASO,ES,Combined TRACON& Tower with Radar,107,42,69,46,264,0,3,22,3,28,107,45,91,49,292,0,20,20,312
11/09/2016,CHS,SC,ASO,ES,Combined TRACON& Tower with Radar,113,60,66,47,286,0,2,10,5,17,113,62,76,52,303,0,24,24,327
11/10/2016,CHS,SC,ASO,ES,Combined TRACON& Tower with Radar,111,66,90,31,298,0,8,24,6,38,111,74,114,37,336,2,17,19,355
11/11/2016,CHS,SC,ASO,ES,Combined TRACON& Tower with Radar,115,46,78,11,250,0,6,19,4,29,115,52,97,15,279,0,0,0,279
11/12/2016,CHS,SC,ASO,ES,Combined TRACON& Tower with Radar,91,47,43,12,193,0,3,10,1,14,91,50,53,13,207,2,0,2,209
11/13/2016,CHS,SC,ASO,ES,Combined TRACON& Tower with Radar,109,49,45,9,212,0,1,4,0,5,109,50,49,9,217,4,0,4,221
11/14/2016,CHS,SC,ASO,ES,Combined TRACON& Tower with Radar,107,51,50,55,263,0,1,4,2,7,107,52,54,57,270,0,26,26,296
11/15/2016,CHS,SC,ASO,ES,Combined TRACON& Tower with Radar,118,47,51,53,269,0,1,5,1,7,118,48,56,54,276,2,20,22,298
11/16/2016,CHS,SC,ASO,ES,Combined TRACON& Tower with Radar,121,53,88,51,313,0,2,7,1,10,121,55,95,52,323,2,16,18,341
11/17/2016,CHS,SC,ASO,ES,Combined TRACON& Tower with Radar,117,60,84,55,316,0,5,13,4,22,117,65,97,59,338,6,32,38,376
11/18/2016,CHS,SC,ASO,ES,Combined TRACON& Tower with Radar,120,61,93,24,298,0,3,20,7,30,120,64,113,31,328,2,4,6,334
11/19/2016,CHS,SC,ASO,ES,Combined TRACON& Tower with Radar,93,38,41,13,185,0,8,15,2,25,93,46,56,15,210,15,6,21,231
11/20/2016,CHS,SC,ASO,ES,Combined TRACON& Tower with Radar,110,46,58,13,227,0,5,13,2,20,110,51,71,15,247,0,0,0,247
11/21/2016,CHS,SC,ASO,ES,Combined TRACON& Tower with Radar,111,45,51,59,266,0,8,16,6,30,111,53,67,65,296,0,2,2,298
11/22/2016,CHS,SC,ASO,ES,Combined TRACON& Tower with Radar,123,76,72,54,325,0,5,16,7,28,123,81,88,61,353,0,24,24,377
11/23/2016,CHS,SC,ASO,ES,Combined TRACON& Tower with Radar,125,54,77,34,290,0,3,30,2,35,125,57,107,36,325,20,22,42,367
11/24/2016,CHS,SC,ASO,ES,Combined TRACON& Tower with Radar,69,16,17,4,106,0,5,2,1,8,69,21,19,5,114,0,0,0,114
11/25/2016,CHS,SC,ASO,ES,Combined TRACON& Tower with Radar,86,45,37,4,172,0,2,19,1,22,86,47,56,5,194,0,0,0,194
11/26/2016,CHS,SC,ASO,ES,Combined TRACON& Tower with Radar,113,57,53,4,227,0,6,13,1,20,113,63,66,5,247,0,0,0,247
11/27/2016,CHS,SC,ASO,ES,Combined TRACON& Tower with Radar,118,68,111,9,306,0,7,23,0,30,118,75,134,9,336,4,4,8,344
11/28/2016,CHS,SC,ASO,ES,Combined TRACON& Tower with Radar,114,59,39,61,273,0,4,21,1,26,114,63,60,62,299,0,54,54,353
11/29/2016,CHS,SC,ASO,ES,Combined TRACON& Tower with Radar,110,54,47,84,295,0,0,2,0,2,110,54,49,84,297,1,60,61,358
11/30/2016,CHS,SC,ASO,ES,Combined TRACON& Tower with Radar,116,52,45,77,290,0,3,4,5,12,116,55,49,82,302,6,46,52,354
12/01/2016,CHS,SC,ASO,ES,Combined TRACON& Tower with Radar,104,52,83,58,297,0,5,11,4,20,104,57,94,62,317,11,57,68,385
12/02/2016,CHS,SC,ASO,ES,Combined TRACON& Tower with Radar,103,40,60,36,239,0,12,16,4,32,103,52,76,40,271,20,9,29,300
12/03/2016,CHS,SC,ASO,ES,Combined TRACON& Tower with Radar,71,36,44,20,171,0,10,28,3,41,71,46,72,23,212,14,2,16,228
12/04/2016,CHS,SC,ASO,ES,Combined TRACON& Tower with Radar,97,55,47,23,222,0,7,8,4,19,97,62,55,27,241,1,0,1,242
12/05/2016,CHS,SC,ASO,ES,Combined TRACON& Tower with Radar,97,42,46,50,235,0,1,0,1,2,97,43,46,51,237,0,18,18,255
12/06/2016,CHS,SC,ASO,ES,Combined TRACON& Tower with Radar,101,43,50,37,231,0,0,1,0,1,101,43,51,37,232,2,20,22,254
12/07/2016,CHS,SC,ASO,ES,Combined TRACON& Tower with Radar,111,58,78,71,318,0,5,7,0,12,111,63,85,71,330,4,34,38,368
12/08/2016,CHS,SC,ASO,ES,Combined TRACON& Tower with Radar,99,49,68,40,256,0,7,18,1,26,99,56,86,41,282,4,20,24,306
12/09/2016,CHS,SC,ASO,ES,Combined TRACON& Tower with Radar,104,48,63,35,250,0,2,14,1,17,104,50,77,36,267,4,19,23,290
12/10/2016,CHS,SC,ASO,ES,Combined TRACON& Tower with Radar,74,31,37,14,156,0,3,24,3,30,74,34,61,17,186,2,0,2,188
12/11/2016,CHS,SC,ASO,ES,Combined TRACON& Tower with Radar,89,51,53,13,206,0,5,10,2,17,89,56,63,15,223,2,2,4,227
12/12/2016,CHS,SC,ASO,ES,Combined TRACON& Tower with Radar,94,45,50,75,264,0,1,3,1,5,94,46,53,76,269,0,22,22,291
12/13/2016,CHS,SC,ASO,ES,Combined TRACON& Tower with Radar,99,51,51,100,301,0,0,5,0,5,99,51,56,100,306,2,82,84,390
12/14/2016,CHS,SC,ASO,ES,Combined TRACON& Tower with Radar,101,59,75,36,271,0,3,5,3,11,101,62,80,39,282,4,2,6,288
12/15/2016,CHS,SC,ASO,ES,Combined TRACON& Tower with Radar,100,47,65,58,270,0,4,12,6,22,100,51,77,64,292,2,36,38,330
12/16/2016,CHS,SC,ASO,ES,Combined TRACON& Tower with Radar,106,39,76,38,259,0,6,12,2,20,106,45,88,40,279,7,10,17,296
12/17/2016,CHS,SC,ASO,ES,Combined TRACON& Tower with Radar,84,32,36,25,177,0,2,17,0,19,84,34,53,25,196,9,0,9,205
12/18/2016,CHS,SC,ASO,ES,Combined TRACON& Tower with Radar,96,43,55,23,217,0,2,5,1,8,96,45,60,24,225,2,0,2,227
12/19/2016,CHS,SC,ASO,ES,Combined TRACON& Tower with Radar,112,39,56,30,237,0,0,0,0,0,112,39,56,30,237,4,9,13,250
12/20/2016,CHS,SC,ASO,ES,Combined TRACON& Tower with Radar,106,51,58,35,250,0,0,0,0,0,106,51,58,35,250,4,2,6,256
12/21/2016,CHS,SC,ASO,ES,Combined TRACON& Tower with Radar,113,53,65,38,269,0,5,16,3,24,113,58,81,41,293,14,35,49,342
12/22/2016,CHS,SC,ASO,ES,Combined TRACON& Tower with Radar,111,44,68,47,270,0,6,18,4,28,111,50,86,51,298,8,28,36,334
12/23/2016,CHS,SC,ASO,ES,Combined TRACON& Tower with Radar,108,67,44,18,237,0,6,15,2,23,108,73,59,20,260,6,4,10,270
12/24/2016,CHS,SC,ASO,ES,Combined TRACON& Tower with Radar,75,33,18,2,128,0,3,8,1,12,75,36,26,3,140,2,0,2,142
12/25/2016,CHS,SC,ASO,ES,Combined TRACON& Tower with Radar,76,23,12,1,112,0,2,9,0,11,76,25,21,1,123,0,0,0,123
12/26/2016,CHS,SC,ASO,ES,Combined TRACON& Tower with Radar,95,69,61,2,227,0,1,1,0,2,95,70,62,2,229,4,0,4,233
12/27/2016,CHS,SC,ASO,ES,Combined TRACON& Tower with Radar,106,61,52,3,222,0,0,1,0,1,106,61,53,3,223,2,0,2,225
12/28/2016,CHS,SC,ASO,ES,Combined TRACON& Tower with Radar,107,64,70,27,268,0,13,12,2,27,107,77,82,29,295,4,8,12,307
12/29/2016,CHS,SC,ASO,ES,Combined TRACON& Tower with Radar,104,65,46,35,250,0,1,3,3,7,104,66,49,38,257,2,0,2,259
12/30/2016,CHS,SC,ASO,ES,Combined TRACON& Tower with Radar,112,57,50,9,228,0,10,16,5,31,112,67,66,14,259,2,0,2,261
12/31/2016,CHS,SC,ASO,ES,Combined TRACON& Tower with Radar,79,43,36,2,160,0,10,20,1,31,79,53,56,3,191,10,0,10,201
01/01/2017,CHS,SC,ASO,ES,Combined TRACON& Tower with Radar,80,37,31,1,149,0,1,1,0,2,80,38,32,1,151,0,0,0,151
01/02/2017,CHS,SC,ASO,ES,Combined TRACON& Tower with Radar,98,53,69,6,226,0,0,11,1,12,98,53,80,7,238,2,0,2,240
01/03/2017,CHS,SC,ASO,ES,Combined TRACON& Tower with Radar,97,54,57,50,258,0,0,0,1,1,97,54,57,51,259,1,14,15,274
01/04/2017,CHS,SC,ASO,ES,Combined TRACON& Tower with Radar,104,40,58,40,242,0,5,18,5,28,104,45,76,45,270,16,19,35,305
01/05/2017,CHS,SC,ASO,ES,Combined TRACON& Tower with Radar,101,53,52,46,252,0,7,18,3,28,101,60,70,49,280,12,22,34,314
01/06/2017,CHS,SC,ASO,ES,Combined TRACON& Tower with Radar,85,40,58,39,222,0,5,20,0,25,85,45,78,39,247,2,14,16,263
01/07/2017,CHS,SC,ASO,ES,Combined TRACON& Tower with Radar,59,34,19,5,117,0,0,1,0,1,59,34,20,5,118,0,0,0,118
01/08/2017,CHS,SC,ASO,ES,Combined TRACON& Tower with Radar,84,41,48,15,188,0,5,9,3,17,84,46,57,18,205,6,6,12,217
01/09/2017,CHS,SC,ASO,ES,Combined TRACON& Tower with Radar,94,53,51,55,253,0,2,18,2,22,94,55,69,57,275,0,22,22,297
01/10/2017,CHS,SC,ASO,ES,Combined TRACON& Tower with Radar,94,54,78,38,264,0,3,13,3,19,94,57,91,41,283,4,20,24,307
01/11/2017,CHS,SC,ASO,ES,Combined TRACON& Tower with Radar,92,51,67,49,259,0,4,19,3,26,92,55,86,52,285,0,23,23,308
01/12/2017,CHS,SC,ASO,ES,Combined TRACON& Tower with Radar,96,53,60,80,289,0,5,19,3,27,96,58,79,83,316,2,47,49,365
01/13/2017,CHS,SC,ASO,ES,Combined TRACON& Tower with Radar,105,68,77,37,287,0,11,23,3,37,105,79,100,40,324,0,6,6,330
01/14/2017,CHS,SC,ASO,ES,Combined TRACON& Tower with Radar,69,32,44,12,157,0,7,11,2,20,69,39,55,14,177,24,0,24,201
01/15/2017,CHS,SC,ASO,ES,Combined TRACON& Tower with Radar,87,33,58,11,189,0,8,16,4,28,87,41,74,15,217,0,6,6,223
01/16/2017,CHS,SC,ASO,ES,Combined TRACON& Tower with Radar,91,59,63,6,219,0,0,0,0,0,91,59,63,6,219,8,0,8,227
01/17/2017,CHS,SC,ASO,ES,Combined TRACON& Tower with Radar,92,44,59,64,259,0,0,11,3,14,92,44,70,67,273,2,52,54,327
01/18/2017,CHS,SC,ASO,ES,Combined TRACON& Tower with Radar,94,46,69,89,298,0,6,13,2,21,94,52,82,91,319,0,70,70,389
01/19/2017,CHS,SC,ASO,ES,Combined TRACON& Tower with Radar,101,59,52,64,276,0,3,20,3,26,101,62,72,67,302,0,29,29,331
01/20/2017,CHS,SC,ASO,ES,Combined TRACON& Tower with Radar,103,52,57,64,276,0,4,11,1,16,103,56,68,65,292,0,46,46,338
01/21/2017,CHS,SC,ASO,ES,Combined TRACON& Tower with Radar,82,25,26,14,147,0,0,0,0,0,82,25,26,14,147,0,0,0,147
01/22/2017,CHS,SC,ASO,ES,Combined TRACON& Tower with Radar,92,31,14,10,147,0,0,0,0,0,92,31,14,10,147,3,0,3,150
01/23/2017,CHS,SC,ASO,ES,Combined TRACON& Tower with Radar,85,45,52,31,213,0,3,2,1,6,85,48,54,32,219,1,11,12,231
01/24/2017,CHS,SC,ASO,ES,Combined TRACON& Tower with Radar,93,36,55,26,210,0,2,12,6,20,93,38,67,32,230,6,8,14,244
01/25/2017,CHS,SC,ASO,ES,Combined TRACON& Tower with Radar,100,43,68,54,265,0,10,20,3,33,100,53,88,57,298,4,33,37,335
01/26/2017,CHS,SC,ASO,ES,Combined TRACON& Tower with Radar,97,40,83,42,262,0,5,5,3,13,97,45,88,45,275,0,8,8,283
01/27/2017,CHS,SC,ASO,ES,Combined TRACON& Tower with Radar,98,51,82,69,300,0,6,20,5,31,98,57,102,74,331,9,71,80,411
01/28/2017,CHS,SC,ASO,ES,Combined TRACON& Tower with Radar,73,45,40,27,185,0,8,29,8,45,73,53,69,35,230,20,6,26,256
01/29/2017,CHS,SC,ASO,ES,Combined TRACON& Tower with Radar,86,43,52,32,213,0,4,12,8,24,86,47,64,40,237,2,30,32,269
01/30/2017,CHS,SC,ASO,ES,Combined TRACON& Tower with Radar,93,45,57,50,245,0,2,14,7,23,93,47,71,57,268,0,8,8,276
01/31/2017,CHS,SC,ASO,ES,Combined TRACON& Tower with Radar,92,38,49,41,220,0,1,10,2,13,92,39,59,43,233,0,14,14,247
02/01/2017,CHS,SC,ASO,ES,Combined TRACON& Tower with Radar,97,41,72,57,267,0,2,18,0,20,97,43,90,57,287,0,42,42,329
02/02/2017,CHS,SC,ASO,ES,Combined TRACON& Tower with Radar,97,55,53,68,273,0,3,39,7,49,97,58,92,75,322,4,34,38,360
02/03/2017,CHS,SC,ASO,ES,Combined TRACON& Tower with Radar,107,45,66,68,286,0,5,10,3,18,107,50,76,71,304,0,48,48,352
02/04/2017,CHS,SC,ASO,ES,Combined TRACON& Tower with Radar,72,32,39,15,158,0,7,25,9,41,72,39,64,24,199,5,10,15,214
02/05/2017,CHS,SC,ASO,ES,Combined TRACON& Tower with Radar,81,53,46,7,187,0,2,26,3,31,81,55,72,10,218,0,0,0,218
02/06/2017,CHS,SC,ASO,ES,Combined TRACON& Tower with Radar,94,45,63,30,232,0,5,21,2,28,94,50,84,32,260,7,11,18,278
02/07/2017,CHS,SC,ASO,ES,Combined TRACON& Tower with Radar,90,41,43,72,246,0,3,17,0,20,90,44,60,72,266,2,31,33,299
02/08/2017,CHS,SC,ASO,ES,Combined TRACON& Tower with Radar,97,51,65,62,275,0,6,8,1,15,97,57,73,63,290,2,26,28,318
02/09/2017,CHS,SC,ASO,ES,Combined TRACON& Tower with Radar,77,49,64,47,237,0,2,10,3,15,77,51,74,50,252,0,23,23,275
02/10/2017,CHS,SC,ASO,ES,Combined TRACON& Tower with Radar,99,57,70,30,256,0,1,46,5,52,99,58,116,35,308,2,12,14,322
02/11/2017,CHS,SC,ASO,ES,Combined TRACON& Tower with Radar,76,38,58,17,189,0,5,27,2,34,76,43,85,19,223,12,16,28,251
02/12/2017,CHS,SC,ASO,ES,Combined TRACON& Tower with Radar,87,35,63,22,207,0,4,15,4,23,87,39,78,26,230,4,14,18,248
02/13/2017,CHS,SC,ASO,ES,Combined TRACON& Tower with Radar,90,41,55,81,267,0,6,14,0,20,90,47,69,81,287,10,48,58,345
02/14/2017,CHS,SC,ASO,ES,Combined TRACON& Tower with Radar,92,41,66,67,266,0,6,36,6,48,92,47,102,73,314,0,54,54,368
02/15/2017,CHS,SC,ASO,ES,Combined TRACON& Tower with Radar,106,43,70,33,252,0,0,5,4,9,106,43,75,37,261,2,8,10,271
02/16/2017,CHS,SC,ASO,ES,Combined TRACON& Tower with Radar,98,63,89,40,290,0,5,25,5,35,98,68,114,45,325,0,27,27,352
02/17/2017,CHS,SC,ASO,ES,Combined TRACON& Tower with Radar,98,59,77,37,271,0,7,21,3,31,98,66,98,40,302,14,15,29,331
02/18/2017,CHS,SC,ASO,ES,Combined TRACON& Tower with Radar,80,41,59,35,215,0,8,18,1,27,80,49,77,36,242,16,5,21,263
02/19/2017,CHS,SC,ASO,ES,Combined TRACON& Tower with Radar,89,46,69,25,229,0,8,33,6,47,89,54,102,31,276,10,2,12,288
02/20/2017,CHS,SC,ASO,ES,Combined TRACON& Tower with Radar,93,64,107,16,280,0,4,38,1,43,93,68,145,17,323,0,0,0,323
02/21/2017,CHS,SC,ASO,ES,Combined TRACON& Tower with Radar,96,62,89,63,310,0,2,11,4,17,96,64,100,67,327,0,48,48,375
02/22/2017,CHS,SC,ASO,ES,Combined TRACON& Tower with Radar,99,52,114,60,325,0,4,15,4,23,99,56,129,64,348,8,42,50,398
02/23/2017,CHS,SC,ASO,ES,Combined TRACON& Tower with Radar,94,52,85,61,292,0,3,20,4,27,94,55,105,65,319,25,44,69,388
02/24/2017,CHS,SC,ASO,ES,Combined TRACON& Tower with Radar,100,41,88,68,297,0,6,29,2,37,100,47,117,70,334,2,38,40,374
02/25/2017,CHS,SC,ASO,ES,Combined TRACON& Tower with Radar,83,33,59,32,207,0,4,14,8,26,83,37,73,40,233,3,18,21,254
02/26/2017,CHS,SC,ASO,ES,Combined TRACON& Tower with Radar,97,49,73,17,236,0,8,42,6,56,97,57,115,23,292,2,16,18,310
02/27/2017,CHS,SC,ASO,ES,Combined TRACON& Tower with Radar,96,43,70,40,249,0,3,24,2,29,96,46,94,42,278,0,29,29,307
02/28/2017,CHS,SC,ASO,ES,Combined TRACON& Tower with Radar,94,56,64,53,267,0,2,13,4,19,94,58,77,57,286,2,14,16,302
03/01/2017,CHS,SC,ASO,ES,Combined TRACON& Tower with Radar,109,60,50,65,284,0,3,22,1,26,109,63,72,66,310,14,38,52,362
03/02/2017,CHS,SC,ASO,ES,Combined TRACON& Tower with Radar,102,67,70,44,283,0,1,9,4,14,102,68,79,48,297,12,28,40,337
03/03/2017,CHS,SC,ASO,ES,Combined TRACON& Tower with Radar,103,52,90,56,301,0,5,36,6,47,103,57,126,62,348,2,68,70,418
03/04/2017,CHS,SC,ASO,ES,Combined TRACON& Tower with Radar,83,32,44,14,173,0,4,29,2,35,83,36,73,16,208,2,1,3,211
03/05/2017,CHS,SC,ASO,ES,Combined TRACON& Tower with Radar,99,34,75,14,222,0,2,26,1,29,99,36,101,15,251,26,2,28,279
03/06/2017,CHS,SC,ASO,ES,Combined TRACON& Tower with Radar,102,42,65,75,284,0,1,10,0,11,102,43,75,75,295,0,46,46,341
03/07/2017,CHS,SC,ASO,ES,Combined TRACON& Tower with Radar,96,49,53,58,256,0,4,18,1,23,96,53,71,59,279,0,36,36,315
03/08/2017,CHS,SC,ASO,ES,Combined TRACON& Tower with Radar,103,41,71,57,272,0,2,14,1,17,103,43,85,58,289,0,44,44,333
03/09/2017,CHS,SC,ASO,ES,Combined TRACON& Tower with Radar,109,60,68,41,278,0,5,24,3,32,109,65,92,44,310,10,24,34,344
03/10/2017,CHS,SC,ASO,ES,Combined TRACON& Tower with Radar,112,56,71,27,266,0,5,23,3,31,112,61,94,30,297,4,2,6,303
03/11/2017,CHS,SC,ASO,ES,Combined TRACON& Tower with Radar,91,30,47,17,185,0,8,37,5,50,91,38,84,22,235,8,6,14,249
03/12/2017,CHS,SC,ASO,ES,Combined TRACON& Tower with Radar,110,40,56,10,216,0,1,0,0,1,110,41,56,10,217,0,0,0,217
03/13/2017,CHS,SC,ASO,ES,Combined TRACON& Tower with Radar,103,46,56,48,253,0,0,0,0,0,103,46,56,48,253,4,28,32,285
03/14/2017,CHS,SC,ASO,ES,Combined TRACON& Tower with Radar,77,31,38,45,191,0,2,8,1,11,77,33,46,46,202,4,20,24,226
03/15/2017,CHS,SC,ASO,ES,Combined TRACON& Tower with Radar,112,48,67,30,257,0,2,9,1,12,112,50,76,31,269,9,14,23,292
03/16/2017,CHS,SC,ASO,ES,Combined TRACON& Tower with Radar,113,54,94,42,303,0,6,32,2,40,113,60,126,44,343,6,11,17,360
03/17/2017,CHS,SC,ASO,ES,Combined TRACON& Tower with Radar,108,58,78,37,281,0,5,28,6,39,108,63,106,43,320,0,10,10,330
03/18/2017,CHS,SC,ASO,ES,Combined TRACON& Tower with Radar,106,47,47,19,219,0,5,11,1,17,106,52,58,20,236,0,0,0,236
03/19/2017,CHS,SC,ASO,ES,Combined TRACON& Tower with Radar,114,44,64,24,246,0,10,18,4,32,114,54,82,28,278,0,2,2,280
03/20/2017,CHS,SC,ASO,ES,Combined TRACON& Tower with Radar,108,38,52,75,273,0,4,30,3,37,108,42,82,78,310,1,54,55,365
03/21/2017,CHS,SC,ASO,ES,Combined TRACON& Tower with Radar,103,53,79,45,280,0,5,28,3,36,103,58,107,48,316,10,24,34,350
03/22/2017,CHS,SC,ASO,ES,Combined TRACON& Tower with Radar,109,55,63,47,274,0,1,10,5,16,109,56,73,52,290,8,26,34,324
03/23/2017,CHS,SC,ASO,ES,Combined TRACON& Tower with Radar,117,66,91,53,327,0,6,20,11,37,117,72,111,64,364,9,42,51,415
03/24/2017,CHS,SC,ASO,ES,Combined TRACON& Tower with Radar,112,59,89,64,324,0,3,28,8,39,112,62,117,72,363,0,29,29,392
03/25/2017,CHS,SC,ASO,ES,Combined TRACON& Tower with Radar,93,53,55,23,224,0,5,33,12,50,93,58,88,35,274,6,8,14,288
03/26/2017,CHS,SC,ASO,ES,Combined TRACON& Tower with Radar,111,50,81,9,251,0,6,25,16,47,111,56,106,25,298,4,0,4,302
03/27/2017,CHS,SC,ASO,ES,Combined TRACON& Tower with Radar,106,56,51,55,268,0,4,18,3,25,106,60,69,58,293,0,18,18,311
03/28/2017,CHS,SC,ASO,ES,Combined TRACON& Tower with Radar,111,43,44,59,257,0,7,16,3,26,111,50,60,62,283,0,31,31,314
03/29/2017,CHS,SC,ASO,ES,Combined TRACON& Tower with Radar,109,65,68,68,310,0,4,41,5,50,109,69,109,73,360,4,49,53,413
03/30/2017,CHS,SC,ASO,ES,Combined TRACON& Tower with Radar,111,51,78,30,270,0,4,20,5,29,111,55,98,35,299,0,2,2,301
03/31/2017,CHS,SC,ASO,ES,Combined TRACON& Tower with Radar,108,52,66,45,271,2,5,21,8,36,110,57,87,53,307,3,18,21,328
04/01/2017,CHS,SC,ASO,ES,Combined TRACON& Tower with Radar,98,43,51,7,199,0,13,51,2,66,98,56,102,9,265,0,0,0,265
04/02/2017,CHS,SC,ASO,ES,Combined TRACON& Tower with Radar,118,52,68,31,269,0,4,42,3,49,118,56,110,34,318,0,2,2,320
04/03/2017,CHS,SC,ASO,ES,Combined TRACON& Tower with Radar,117,45,46,53,261,0,3,3,2,8,117,48,49,55,269,4,22,26,295
04/04/2017,CHS,SC,ASO,ES,Combined TRACON& Tower with Radar,120,52,46,21,239,1,3,19,6,29,121,55,65,27,268,0,2,2,270
04/05/2017,CHS,SC,ASO,ES,Combined TRACON& Tower with Radar,103,49,53,11,216,0,1,6,2,9,103,50,59,13,225,0,28,28,253
04/06/2017,CHS,SC,ASO,ES,Combined TRACON& Tower with Radar,99,55,51,44,249,0,0,6,0,6,99,55,57,44,255,10,12,22,277
04/07/2017,CHS,SC,ASO,ES,Combined TRACON& Tower with Radar,115,64,95,45,319,0,7,12,4,23,115,71,107,49,342,4,25,29,371
04/08/2017,CHS,SC,ASO,ES,Combined TRACON& Tower with Radar,101,43,66,9,219,0,6,36,9,51,101,49,102,18,270,4,0,4,274
04/09/2017,CHS,SC,ASO,ES,Combined TRACON& Tower with Radar,116,53,69,17,255,0,2,34,3,39,116,55,103,20,294,2,10,12,306
04/10/2017,CHS,SC,ASO,ES,Combined TRACON& Tower with Radar,116,47,63,32,258,0,7,33,2,42,116,54,96,34,300,14,12,26,326
04/11/2017,CHS,SC,ASO,ES,Combined TRACON& Tower with Radar,119,46,47,44,256,0,2,32,2,36,119,48,79,46,292,3,24,27,319
04/12/2017,CHS,SC,ASO,ES,Combined TRACON& Tower with Radar,114,49,55,31,249,0,2,28,5,35,114,51,83,36,284,0,11,11,295
04/13/2017,CHS,SC,ASO,ES,Combined TRACON& Tower with Radar,117,65,79,47,308,0,6,30,6,42,117,71,109,53,350,2,42,44,394
04/14/2017,CHS,SC,ASO,ES,Combined TRACON& Tower with Radar,122,64,55,33,274,0,5,28,5,38,122,69,83,38,312,7,12,19,331
04/15/2017,CHS,SC,ASO,ES,Combined TRACON& Tower with Radar,103,37,47,7,194,0,6,29,4,39,103,43,76,11,233,0,10,10,243
04/16/2017,CHS,SC,ASO,ES,Combined TRACON& Tower with Radar,121,64,60,8,253,0,0,20,0,20,121,64,80,8,273,2,2,4,277
04/17/2017,CHS,SC,ASO,ES,Combined TRACON& Tower with Radar,114,65,69,26,274,0,2,24,4,30,114,67,93,30,304,0,2,2,306
04/18/2017,CHS,SC,ASO,ES,Combined TRACON& Tower with Radar,119,52,57,34,262,0,0,28,8,36,119,52,85,42,298,11,6,17,315
04/19/2017,CHS,SC,ASO,ES,Combined TRACON& Tower with Radar,115,46,60,32,253,0,1,8,0,9,115,47,68,32,262,0,4,4,266
04/20/2017,CHS,SC,ASO,ES,Combined TRACON& Tower with Radar,113,51,75,42,281,0,2,35,2,39,113,53,110,44,320,0,6,6,326
04/21/2017,CHS,SC,ASO,ES,Combined TRACON& Tower with Radar,117,60,70,29,276,0,2,44,5,51,117,62,114,34,327,10,8,18,345
04/22/2017,CHS,SC,ASO,ES,Combined TRACON& Tower with Radar,103,47,41,9,200,0,7,30,1,38,103,54,71,10,238,6,0,6,244
04/23/2017,CHS,SC,ASO,ES,Combined TRACON& Tower with Radar,120,63,53,17,253,0,1,3,2,6,120,64,56,19,259,0,2,2,261
04/24/2017,CHS,SC,ASO,ES,Combined TRACON& Tower with Radar,111,54,63,28,256,0,0,1,0,1,111,54,64,28,257,0,24,24,281
04/25/2017,CHS,SC,ASO,ES,Combined TRACON& Tower with Radar,109,42,74,31,256,0,1,9,1,11,109,43,83,32,267,7,4,11,278
04/26/2017,CHS,SC,ASO,ES,Combined TRACON& Tower with Radar,115,44,75,56,290,0,5,33,4,42,115,49,108,60,332,2,16,18,350
04/27/2017,CHS,SC,ASO,ES,Combined TRACON& Tower with Radar,115,46,88,53,302,0,4,30,6,40,115,50,118,59,342,0,16,16,358
04/28/2017,CHS,SC,ASO,ES,Combined TRACON& Tower with Radar,122,54,111,37,324,0,2,23,8,33,122,56,134,45,357,6,12,18,375
04/29/2017,CHS,SC,ASO,ES,Combined TRACON& Tower with Radar,111,39,51,20,221,0,6,13,2,21,111,45,64,22,242,8,8,16,258
04/30/2017,CHS,SC,ASO,ES,Combined TRACON& Tower with Radar,124,55,94,25,298,0,1,24,2,27,124,56,118,27,325,4,12,16,341
05/01/2017,CHS,SC,ASO,ES,Combined TRACON& Tower with Radar,122,58,46,56,282,0,4,10,2,16,122,62,56,58,298,9,44,53,351
05/02/2017,CHS,SC,ASO,ES,Combined TRACON& Tower with Radar,122,47,50,61,280,0,3,41,5,49,122,50,91,66,329,5,20,25,354
05/03/2017,CHS,SC,ASO,ES,Combined TRACON& Tower with Radar,119,44,88,73,324,0,2,48,5,55,119,46,136,78,379,5,53,58,437
05/04/2017,CHS,SC,ASO,ES,Combined TRACON& Tower with Radar,118,48,66,49,281,0,3,10,6,19,118,51,76,55,300,0,38,38,338
05/05/2017,CHS,SC,ASO,ES,Combined TRACON& Tower with Radar,127,47,44,19,237,0,2,5,4,11,127,49,49,23,248,6,4,10,258
05/06/2017,CHS,SC,ASO,ES,Combined TRACON& Tower with Radar,118,36,31,5,190,0,4,11,4,19,118,40,42,9,209,4,4,8,217
05/07/2017,CHS,SC,ASO,ES,Combined TRACON& Tower with Radar,122,53,60,10,245,0,9,41,3,53,122,62,101,13,298,2,0,2,300
05/08/2017,CHS,SC,ASO,ES,Combined TRACON& Tower with Radar,122,41,36,56,255,0,6,31,5,42,122,47,67,61,297,4,30,34,331
05/09/2017,CHS,SC,ASO,ES,Combined TRACON& Tower with Radar,124,42,59,37,262,0,6,32,5,43,124,48,91,42,305,15,12,27,332
05/10/2017,CHS,SC,ASO,ES,Combined TRACON& Tower with Radar,120,51,78,56,305,0,8,30,3,41,120,59,108,59,346,5,26,31,377
05/11/2017,CHS,SC,ASO,ES,Combined TRACON& Tower with Radar,128,58,84,59,329,0,6,23,15,44,128,64,107,74,373,6,33,39,412
05/12/2017,CHS,SC,ASO,ES,Combined TRACON& Tower with Radar,127,62,71,46,306,0,4,30,1,35,127,66,101,47,341,0,6,6,347
05/13/2017,CHS,SC,ASO,ES,Combined TRACON& Tower with Radar,108,42,20,3,173,0,0,4,2,6,108,42,24,5,179,0,0,0,179
05/14/2017,CHS,SC,ASO,ES,Combined TRACON& Tower with Radar,123,55,44,17,239,0,2,28,2,32,123,57,72,19,271,2,0,2,273
05/15/2017,CHS,SC,ASO,ES,Combined TRACON& Tower with Radar,127,45,51,39,262,0,6,24,5,35,127,51,75,44,297,4,28,32,329
05/16/2017,CHS,SC,ASO,ES,Combined TRACON& Tower with Radar,122,41,48,43,254,0,2,26,7,35,122,43,74,50,289,0,27,27,316
05/17/2017,CHS,SC,ASO,ES,Combined TRACON& Tower with Radar,121,40,60,51,272,0,4,20,3,27,121,44,80,54,299,0,32,32,331
05/18/2017,CHS,SC,ASO,ES,Combined TRACON& Tower with Radar,119,49,86,74,328,0,4,21,4,29,119,53,107,78,357,6,46,52,409
05/19/2017,CHS,SC,ASO,ES,Combined TRACON& Tower with Radar,129,47,51,73,300,0,4,34,5,43,129,51,85,78,343,0,48,48,391
05/20/2017,CHS,SC,ASO,ES,Combined TRACON& Tower with Radar,107,26,33,31,197,0,4,29,2,35,107,30,62,33,232,4,6,10,242
05/21/2017,CHS,SC,ASO,ES,Combined TRACON& Tower with Radar,123,44,60,13,240,0,3,17,3,23,123,47,77,16,263,14,0,14,277
05/22/2017,CHS,SC,ASO,ES,Combined TRACON& Tower with Radar,120,57,35,34,246,0,3,2,2,7,120,60,37,36,253,0,13,13,266
05/23/2017,CHS,SC,ASO,ES,Combined TRACON& Tower with Radar,123,42,39,9,213,0,0,0,0,0,123,42,39,9,213,8,0,8,221
05/24/2017,CHS,SC,ASO,ES,Combined TRACON& Tower with Radar,127,47,60,24,258,0,1,4,0,5,127,48,64,24,263,0,14,14,277
05/25/2017,CHS,SC,ASO,ES,Combined TRACON& Tower with Radar,121,53,80,12,266,0,5,14,3,22,121,58,94,15,288,4,21,25,313
05/26/2017,CHS,SC,ASO,ES,Combined TRACON& Tower with Radar,143,62,74,9,288,0,11,33,6,50,143,73,107,15,338,2,2,4,342
05/27/2017,CHS,SC,ASO,ES,Combined TRACON& Tower with Radar,110,34,24,8,176,0,7,25,6,38,110,41,49,14,214,4,0,4,218
05/28/2017,CHS,SC,ASO,ES,Combined TRACON& Tower with Radar,118,34,45,7,204,0,8,26,4,38,118,42,71,11,242,0,0,0,242
05/29/2017,CHS,SC,ASO,ES,Combined TRACON& Tower with Radar,123,48,54,4,229,0,6,16,2,24,123,54,70,6,253,0,0,0,253
05/30/2017,CHS,SC,ASO,ES,Combined TRACON& Tower with Radar,115,51,50,27,243,0,10,19,4,33,115,61,69,31,276,0,22,22,298
05/31/2017,CHS,SC,ASO,ES,Combined TRACON& Tower with Radar,124,48,57,60,289,0,4,15,9,28,124,52,72,69,317,0,63,63,380
06/01/2017,CHS,SC,ASO,ES,Combined TRACON& Tower with Radar,126,52,61,35,274,0,6,20,7,33,126,58,81,42,307,2,2,4,311
06/02/2017,CHS,SC,ASO,ES,Combined TRACON& Tower with Radar,125,48,51,39,263,0,5,29,7,41,125,53,80,46,304,4,34,38,342
06/03/2017,CHS,SC,ASO,ES,Combined TRACON& Tower with Radar,111,44,38,6,199,0,12,24,3,39,111,56,62,9,238,4,0,4,242
06/04/2017,CHS,SC,ASO,ES,Combined TRACON& Tower with Radar,133,41,28,15,217,0,2,12,0,14,133,43,40,15,231,2,4,6,237
06/05/2017,CHS,SC,ASO,ES,Combined TRACON& Tower with Radar,123,40,36,30,229,0,2,6,3,11,123,42,42,33,240,0,8,8,248
06/06/2017,CHS,SC,ASO,ES,Combined TRACON& Tower with Radar,120,56,50,71,297,0,2,6,4,12,120,58,56,75,309,0,36,36,345
06/07/2017,CHS,SC,ASO,ES,Combined TRACON& Tower with Radar,124,50,65,47,286,0,0,0,0,0,124,50,65,47,286,0,18,18,304
06/08/2017,CHS,SC,ASO,ES,Combined TRACON& Tower with Radar,129,66,52,44,291,0,3,15,2,20,129,69,67,46,311,0,2,2,313
06/09/2017,CHS,SC,ASO,ES,Combined TRACON& Tower with Radar,132,52,46,26,256,0,16,45,7,68,132,68,91,33,324,10,16,26,350
06/10/2017,CHS,SC,ASO,ES,Combined TRACON& Tower with Radar,123,48,36,36,243,0,3,43,5,51,123,51,79,41,294,3,36,39,333
06/11/2017,CHS,SC,ASO,ES,Combined TRACON& Tower with Radar,128,47,52,16,243,0,0,32,0,32,128,47,84,16,275,2,2,4,279
06/12/2017,CHS,SC,ASO,ES,Combined TRACON& Tower with Radar,132,61,46,39,278,0,9,28,5,42,132,70,74,44,320,0,24,24,344
06/13/2017,CHS,SC,ASO,ES,Combined TRACON& Tower with Radar,136,40,51,53,280,0,3,14,8,25,136,43,65,61,305,2,16,18,323
06/14/2017,CHS,SC,ASO,ES,Combined TRACON& Tower with Radar,131,37,43,87,298,0,5,33,4,42,131,42,76,91,340,2,33,35,375
06/15/2017,CHS,SC,ASO,ES,Combined TRACON& Tower with Radar,122,55,63,52,292,0,7,14,13,34,122,62,77,65,326,0,8,8,334
06/16/2017,CHS,SC,ASO,ES,Combined TRACON& Tower with Radar,132,53,75,31,291,0,4,19,8,31,132,57,94,39,322,2,12,14,336
06/17/2017,CHS,SC,ASO,ES,Combined TRACON& Tower with Radar,136,42,33,4,215,0,2,7,5,14,136,44,40,9,229,2,0,2,231
06/18/2017,CHS,SC,ASO,ES,Combined TRACON& Tower with Radar,127,40,45,3,215,0,5,14,5,24,127,45,59,8,239,2,8,10,249
06/19/2017,CHS,SC,ASO,ES,Combined TRACON& Tower with Radar,115,49,35,46,245,0,2,11,3,16,115,51,46,49,261,12,24,36,297
06/20/2017,CHS,SC,ASO,ES,Combined TRACON& Tower with Radar,130,44,48,49,271,0,5,7,0,12,130,49,55,49,283,0,32,32,315
06/21/2017,CHS,SC,ASO,ES,Combined TRACON& Tower with Radar,130,43,64,36,273,0,2,2,0,4,130,45,66,36,277,2,14,16,293
06/22/2017,CHS,SC,ASO,ES,Combined TRACON& Tower with Radar,135,47,57,50,289,0,5,8,2,15,135,52,65,52,304,1,9,10,314
06/23/2017,CHS,SC,ASO,ES,Combined TRACON& Tower with Radar,134,59,73,26,292,0,4,30,2,36,134,63,103,28,328,16,26,42,370
06/24/2017,CHS,SC,ASO,ES,Combined TRACON& Tower with Radar,130,43,42,7,222,0,4,37,3,44,130,47,79,10,266,0,2,2,268
06/25/2017,CHS,SC,ASO,ES,Combined TRACON& Tower with Radar,126,45,58,11,240,0,5,33,1,39,126,50,91,12,279,0,0,0,279
06/26/2017,CHS,SC,ASO,ES,Combined TRACON& Tower with Radar,126,41,46,46,259,0,11,39,1,51,126,52,85,47,310,0,28,28,338
06/27/2017,CHS,SC,ASO,ES,Combined TRACON& Tower with Radar,132,41,60,46,279,0,3,25,2,30,132,44,85,48,309,2,18,20,329
06/28/2017,CHS,SC,ASO,ES,Combined TRACON& Tower with Radar,136,51,46,68,301,0,5,36,3,44,136,56,82,71,345,0,14,14,359
06/29/2017,CHS,SC,ASO,ES,Combined TRACON& Tower with Radar,129,54,53,53,289,0,6,42,6,54,129,60,95,59,343,7,26,33,376
06/30/2017,CHS,SC,ASO,ES,Combined TRACON& Tower with Radar,131,52,53,36,272,0,4,13,1,18,131,56,66,37,290,5,13,18,308
07/01/2017,CHS,SC,ASO,ES,Combined TRACON& Tower with Radar,144,47,45,13,249,0,4,19,1,24,144,51,64,14,273,9,0,9,282
07/02/2017,CHS,SC,ASO,ES,Combined TRACON& Tower with Radar,117,38,23,7,185,0,5,28,7,40,117,43,51,14,225,0,0,0,225
07/03/2017,CHS,SC,ASO,ES,Combined TRACON& Tower with Radar,103,42,29,5,179,0,4,15,4,23,103,46,44,9,202,0,0,0,202
07/04/2017,CHS,SC,ASO,ES,Combined TRACON& Tower with Radar,102,39,13,7,161,0,3,8,5,16,102,42,21,12,177,2,6,8,185
07/05/2017,CHS,SC,ASO,ES,Combined TRACON& Tower with Radar,118,47,59,45,269,0,8,50,2,60,118,55,109,47,329,0,14,14,343
07/06/2017,CHS,SC,ASO,ES,Combined TRACON& Tower with Radar,125,47,63,45,280,0,7,31,4,42,125,54,94,49,322,0,28,28,350
07/07/2017,CHS,SC,ASO,ES,Combined TRACON& Tower with Radar,128,48,44,26,246,0,5,36,4,45,128,53,80,30,291,14,20,34,325
07/08/2017,CHS,SC,ASO,ES,Combined TRACON& Tower with Radar,132,44,23,7,206,0,4,21,2,27,132,48,44,9,233,10,0,10,243
07/09/2017,CHS,SC,ASO,ES,Combined TRACON& Tower with Radar,132,58,54,13,257,0,0,28,1,29,132,58,82,14,286,0,2,2,288
07/10/2017,CHS,SC,ASO,ES,Combined TRACON& Tower with Radar,112,50,37,38,237,0,3,11,6,20,112,53,48,44,257,0,46,46,303
07/11/2017,CHS,SC,ASO,ES,Combined TRACON& Tower with Radar,132,48,46,52,278,0,5,24,6,35,132,53,70,58,313,18,32,50,363
07/12/2017,CHS,SC,ASO,ES,Combined TRACON& Tower with Radar,123,42,56,51,272,0,7,37,5,49,123,49,93,56,321,5,30,35,356
07/13/2017,CHS,SC,ASO,ES,Combined TRACON& Tower with Radar,125,44,52,61,282,0,5,21,9,35,125,49,73,70,317,1,40,41,358
07/14/2017,CHS,SC,ASO,ES,Combined TRACON& Tower with Radar,130,37,59,26,252,0,6,38,6,50,130,43,97,32,302,8,5,13,315
07/15/2017,CHS,SC,ASO,ES,Combined TRACON& Tower with Radar,123,36,37,10,206,0,7,23,4,34,123,43,60,14,240,4,2,6,246
07/16/2017,CHS,SC,ASO,ES,Combined TRACON& Tower with Radar,128,42,42,13,225,0,2,11,0,13,128,44,53,13,238,0,0,0,238
07/17/2017,CHS,SC,ASO,ES,Combined TRACON& Tower with Radar,125,50,44,20,239,0,1,3,0,4,125,51,47,20,243,0,11,11,254
07/18/2017,CHS,SC,ASO,ES,Combined TRACON& Tower with Radar,130,38,34,53,255,0,1,12,3,16,130,39,46,56,271,4,23,27,298
07/19/2017,CHS,SC,ASO,ES,Combined TRACON& Tower with Radar,130,39,35,47,251,0,2,21,7,30,130,41,56,54,281,1,24,25,306
07/20/2017,CHS,SC,ASO,ES,Combined TRACON& Tower with Radar,129,42,53,55,279,0,1,23,4,28,129,43,76,59,307,4,40,44,351
07/21/2017,CHS,SC,ASO,ES,Combined TRACON& Tower with Radar,132,33,46,54,265,0,2,34,4,40,132,35,80,58,305,2,21,23,328
07/22/2017,CHS,SC,ASO,ES,Combined TRACON& Tower with Radar,130,33,28,29,220,0,2,23,1,26,130,35,51,30,246,0,40,40,286
07/23/2017,CHS,SC,ASO,ES,Combined TRACON& Tower with Radar,124,40,45,27,236,0,5,17,2,24,124,45,62,29,260,14,14,28,288
07/24/2017,CHS,SC,ASO,ES,Combined TRACON& Tower with Radar,130,34,37,37,238,0,2,18,0,20,130,36,55,37,258,4,16,20,278
07/25/2017,CHS,SC,ASO,ES,Combined TRACON& Tower with Radar,133,38,36,21,228,0,4,24,3,31,133,42,60,24,259,2,18,20,279
07/26/2017,CHS,SC,ASO,ES,Combined TRACON& Tower with Radar,135,54,57,34,280,0,4,13,3,20,135,58,70,37,300,8,6,14,314
07/27/2017,CHS,SC,ASO,ES,Combined TRACON& Tower with Radar,129,42,52,30,253,0,4,31,3,38,129,46,83,33,291,6,16,22,313
07/28/2017,CHS,SC,ASO,ES,Combined TRACON& Tower with Radar,129,46,50,47,272,0,6,38,4,48,129,52,88,51,320,4,4,8,328
07/29/2017,CHS,SC,ASO,ES,Combined TRACON& Tower with Radar,127,33,41,7,208,0,7,12,1,20,127,40,53,8,228,3,0,3,231
07/30/2017,CHS,SC,ASO,ES,Combined TRACON& Tower with Radar,126,44,33,31,234,0,10,33,2,45,126,54,66,33,279,2,16,18,297
07/31/2017,CHS,SC,ASO,ES,Combined TRACON& Tower with Radar,122,44,50,52,268,0,6,39,14,59,122,50,89,66,327,0,68,68,395
08/01/2017,CHS,SC,ASO,ES,Combined TRACON& Tower with Radar,122,41,53,45,261,0,3,51,3,57,122,44,104,48,318,7,56,63,381
08/02/2017,CHS,SC,ASO,ES,Combined TRACON& Tower with Radar,125,53,72,40,290,0,6,48,0,54,125,59,120,40,344,7,20,27,371
08/03/2017,CHS,SC,ASO,ES,Combined TRACON& Tower with Radar,113,34,55,31,233,0,2,10,1,13,113,36,65,32,246,0,28,28,274
08/04/2017,CHS,SC,ASO,ES,Combined TRACON& Tower with Radar,110,54,55,19,238,0,1,5,1,7,110,55,60,20,245,1,2,3,248
08/05/2017,CHS,SC,ASO,ES,Combined TRACON& Tower with Radar,122,44,38,11,215,0,4,12,2,18,122,48,50,13,233,2,0,2,235
08/06/2017,CHS,SC,ASO,ES,Combined TRACON& Tower with Radar,126,46,56,10,238,0,1,16,2,19,126,47,72,12,257,2,0,2,259
08/07/2017,CHS,SC,ASO,ES,Combined TRACON& Tower with Radar,117,59,58,41,275,0,5,20,2,27,117,64,78,43,302,0,24,24,326
08/08/2017,CHS,SC,ASO,ES,Combined TRACON& Tower with Radar,124,43,50,25,242,0,2,5,2,9,124,45,55,27,251,0,4,4,255
08/09/2017,CHS,SC,ASO,ES,Combined TRACON& Tower with Radar,123,45,38,37,243,0,0,0,0,0,123,45,38,37,243,0,3,3,246
08/10/2017,CHS,SC,ASO,ES,Combined TRACON& Tower with Radar,124,57,50,50,281,0,2,10,0,12,124,59,60,50,293,2,18,20,313
08/11/2017,CHS,SC,ASO,ES,Combined TRACON& Tower with Radar,121,52,38,75,286,0,4,18,5,27,121,56,56,80,313,2,78,80,393
08/12/2017,CHS,SC,ASO,ES,Combined TRACON& Tower with Radar,125,41,25,15,206,0,10,23,7,40,125,51,48,22,246,2,4,6,252
08/13/2017,CHS,SC,ASO,ES,Combined TRACON& Tower with Radar,123,42,51,10,226,0,3,16,6,25,123,45,67,16,251,6,0,6,257
08/14/2017,CHS,SC,ASO,ES,Combined TRACON& Tower with Radar,120,43,63,58,284,0,2,12,2,16,120,45,75,60,300,0,30,30,330
08/15/2017,CHS,SC,ASO,ES,Combined TRACON& Tower with Radar,123,55,46,61,285,0,6,30,4,40,123,61,76,65,325,8,20,28,353
08/16/2017,CHS,SC,ASO,ES,Combined TRACON& Tower with Radar,122,39,58,37,256,0,7,28,10,45,122,46,86,47,301,3,19,22,323
08/17/2017,CHS,SC,ASO,ES,Combined TRACON& Tower with Radar,118,48,64,49,279,0,13,25,9,47,118,61,89,58,326,0,4,4,330
08/18/2017,CHS,SC,ASO,ES,Combined TRACON& Tower with Radar,112,56,58,46,272,0,11,23,5,39,112,67,81,51,311,2,22,24,335
08/19/2017,CHS,SC,ASO,ES,Combined TRACON& Tower with Radar,126,49,45,5,225,0,8,37,3,48,126,57,82,8,273,0,0,0,273
08/20/2017,CHS,SC,ASO,ES,Combined TRACON& Tower with Radar,121,53,60,9,243,0,6,21,8,35,121,59,81,17,278,2,24,26,304
08/21/2017,CHS,SC,ASO,ES,Combined TRACON& Tower with Radar,115,86,80,10,291,0,6,23,2,31,115,92,103,12,322,2,0,2,324
08/22/2017,CHS,SC,ASO,ES,Combined TRACON& Tower with Radar,120,67,73,16,276,0,6,19,8,33,120,73,92,24,309,10,0,10,319
08/23/2017,CHS,SC,ASO,ES,Combined TRACON& Tower with Radar,111,59,73,16,259,0,8,27,6,41,111,67,100,22,300,0,0,0,300
08/24/2017,CHS,SC,ASO,ES,Combined TRACON& Tower with Radar,122,59,65,39,285,0,4,24,2,30,122,63,89,41,315,5,18,23,338
08/25/2017,CHS,SC,ASO,ES,Combined TRACON& Tower with Radar,124,47,30,43,244,0,2,17,2,21,124,49,47,45,265,8,29,37,302
08/26/2017,CHS,SC,ASO,ES,Combined TRACON& Tower with Radar,115,38,32,23,208,0,4,16,3,23,115,42,48,26,231,2,6,8,239
08/27/2017,CHS,SC,ASO,ES,Combined TRACON& Tower with Radar,114,45,41,19,219,0,4,8,2,14,114,49,49,21,233,2,6,8,241
08/28/2017,CHS,SC,ASO,ES,Combined TRACON& Tower with Radar,106,62,45,20,233,0,1,1,0,2,106,63,46,20,235,2,4,6,241
08/29/2017,CHS,SC,ASO,ES,Combined TRACON& Tower with Radar,118,44,53,29,244,0,3,2,0,5,118,47,55,29,249,2,6,8,257
08/30/2017,CHS,SC,ASO,ES,Combined TRACON& Tower with Radar,113,53,65,81,312,0,3,30,5,38,113,56,95,86,350,7,59,66,416
08/31/2017,CHS,SC,ASO,ES,Combined TRACON& Tower with Radar,119,55,66,27,267,0,0,23,1,24,119,55,89,28,291,4,7,11,302
09/01/2017,CHS,SC,ASO,ES,Combined TRACON& Tower with Radar,119,61,48,22,250,0,7,31,4,42,119,68,79,26,292,2,12,14,306
09/02/2017,CHS,SC,ASO,ES,Combined TRACON& Tower with Radar,116,32,31,8,187,0,1,14,1,16,116,33,45,9,203,0,0,0,203
09/03/2017,CHS,SC,ASO,ES,Combined TRACON& Tower with Radar,95,54,23,15,187,0,2,45,4,51,95,56,68,19,238,6,10,16,254
09/04/2017,CHS,SC,ASO,ES,Combined TRACON& Tower with Radar,103,51,55,1,210,0,3,33,6,42,103,54,88,7,252,2,0,2,254
09/05/2017,CHS,SC,ASO,ES,Combined TRACON& Tower with Radar,98,37,54,19,208,0,6,40,5,51,98,43,94,24,259,2,0,2,261
09/06/2017,CHS,SC,ASO,ES,Combined TRACON& Tower with Radar,107,41,50,37,235,0,1,9,0,10,107,42,59,37,245,0,3,3,248
09/07/2017,CHS,SC,ASO,ES,Combined TRACON& Tower with Radar,119,65,76,12,272,0,5,46,1,52,119,70,122,13,324,11,0,11,335
09/08/2017,CHS,SC,ASO,ES,Combined TRACON& Tower with Radar,126,95,61,19,301,0,9,41,3,53,126,104,102,22,354,4,0,4,358
09/09/2017,CHS,SC,ASO,ES,Combined TRACON& Tower with Radar,99,41,31,4,175,0,2,21,2,25,99,43,52,6,200,0,0,0,200
09/10/2017,CHS,SC,ASO,ES,Combined TRACON& Tower with Radar,108,25,17,1,151,0,1,8,4,13,108,26,25,5,164,0,0,0,164
09/11/2017,CHS,SC,ASO,ES,Combined TRACON& Tower with Radar,26,1,1,0,28,0,0,0,0,0,26,1,1,0,28,2,0,2,30
09/12/2017,CHS,SC,ASO,ES,Combined TRACON& Tower with Radar,93,43,32,6,174,0,3,22,5,30,93,46,54,11,204,2,0,2,206
09/13/2017,CHS,SC,ASO,ES,Combined TRACON& Tower with Radar,112,45,42,21,220,0,4,28,3,35,112,49,70,24,255,0,0,0,255
09/14/2017,CHS,SC,ASO,ES,Combined TRACON& Tower with Radar,123,38,60,16,237,0,6,26,8,40,123,44,86,24,277,14,8,22,299
09/15/2017,CHS,SC,ASO,ES,Combined TRACON& Tower with Radar,131,40,47,40,258,0,3,24,3,30,131,43,71,43,288,2,42,44,332
09/16/2017,CHS,SC,ASO,ES,Combined TRACON& Tower with Radar,107,46,24,31,208,0,4,22,11,37,107,50,46,42,245,4,19,23,268
09/17/2017,CHS,SC,ASO,ES,Combined TRACON& Tower with Radar,128,38,30,30,226,0,2,15,7,24,128,40,45,37,250,3,22,25,275
09/18/2017,CHS,SC,ASO,ES,Combined TRACON& Tower with Radar,133,59,33,51,276,0,2,26,3,31,133,61,59,54,307,15,25,40,347
09/19/2017,CHS,SC,ASO,ES,Combined TRACON& Tower with Radar,123,54,66,38,281,0,7,29,3,39,123,61,95,41,320,21,21,42,362
09/20/2017,CHS,SC,ASO,ES,Combined TRACON& Tower with Radar,121,51,64,35,271,0,9,21,2,32,121,60,85,37,303,1,10,11,314
09/21/2017,CHS,SC,ASO,ES,Combined TRACON& Tower with Radar,123,49,75,51,298,0,4,32,13,49,123,53,107,64,347,16,40,56,403
09/22/2017,CHS,SC,ASO,ES,Combined TRACON& Tower with Radar,126,53,55,28,262,0,5,28,3,36,126,58,83,31,298,4,8,12,310
09/23/2017,CHS,SC,ASO,ES,Combined TRACON& Tower with Radar,117,30,38,13,198,0,4,25,8,37,117,34,63,21,235,0,0,0,235
09/24/2017,CHS,SC,ASO,ES,Combined TRACON& Tower with Radar,119,31,41,22,213,0,13,28,4,45,119,44,69,26,258,2,4,6,264
09/25/2017,CHS,SC,ASO,ES,Combined TRACON& Tower with Radar,135,43,57,51,286,0,6,30,5,41,135,49,87,56,327,4,41,45,372
09/26/2017,CHS,SC,ASO,ES,Combined TRACON& Tower with Radar,112,43,65,68,288,0,6,34,4,44,112,49,99,72,332,1,17,18,350
09/27/2017,CHS,SC,ASO,ES,Combined TRACON& Tower with Radar,126,68,71,65,330,0,10,31,8,49,126,78,102,73,379,12,18,30,409
09/28/2017,CHS,SC,ASO,ES,Combined TRACON& Tower with Radar,122,60,64,74,320,0,6,36,3,45,122,66,100,77,365,2,93,95,460
09/29/2017,CHS,SC,ASO,ES,Combined TRACON& Tower with Radar,124,52,71,55,302,0,4,25,10,39,124,56,96,65,341,0,16,16,357
09/30/2017,CHS,SC,ASO,ES,Combined TRACON& Tower with Radar,109,35,30,26,200,0,5,19,10,34,109,40,49,36,234,4,13,17,251
10/01/2017,CHS,SC,ASO,ES,Combined TRACON& Tower with Radar,122,49,53,20,244,0,5,22,7,34,122,54,75,27,278,2,4,6,284
10/02/2017,CHS,SC,ASO,ES,Combined TRACON& Tower with Radar,121,43,33,27,224,0,3,28,2,33,121,46,61,29,257,1,0,1,258
10/03/2017,CHS,SC,ASO,ES,Combined TRACON& Tower with Radar,108,49,56,32,245,0,3,36,5,44,108,52,92,37,289,2,6,8,297
10/04/2017,CHS,SC,ASO,ES,Combined TRACON& Tower with Radar,114,45,63,71,293,0,9,27,7,43,114,54,90,78,336,2,30,32,368
10/05/2017,CHS,SC,ASO,ES,Combined TRACON& Tower with Radar,118,56,90,31,295,0,2,18,8,28,118,58,108,39,323,0,21,21,344
10/06/2017,CHS,SC,ASO,ES,Combined TRACON& Tower with Radar,125,51,78,45,299,0,5,23,6,34,125,56,101,51,333,0,11,11,344
10/07/2017,CHS,SC,ASO,ES,Combined TRACON& Tower with Radar,98,40,56,12,206,0,2,15,8,25,98,42,71,20,231,6,0,6,237
10/08/2017,CHS,SC,ASO,ES,Combined TRACON& Tower with Radar,121,48,63,18,250,0,2,7,2,11,121,50,70,20,261,2,0,2,263
10/09/2017,CHS,SC,ASO,ES,Combined TRACON& Tower with Radar,125,41,66,20,252,0,4,5,1,10,125,45,71,21,262,0,0,0,262
10/10/2017,CHS,SC,ASO,ES,Combined TRACON& Tower with Radar,114,45,70,73,302,0,5,27,2,34,114,50,97,75,336,0,46,46,382
10/11/2017,CHS,SC,ASO,ES,Combined TRACON& Tower with Radar,116,54,80,77,327,0,4,16,2,22,116,58,96,79,349,0,42,42,391
10/12/2017,CHS,SC,ASO,ES,Combined TRACON& Tower with Radar,130,71,66,36,303,0,7,35,3,45,130,78,101,39,348,11,13,24,372
10/13/2017,CHS,SC,ASO,ES,Combined TRACON& Tower with Radar,128,42,102,44,316,0,4,11,5,20,128,46,113,49,336,16,10,26,362
10/14/2017,CHS,SC,ASO,ES,Combined TRACON& Tower with Radar,97,30,44,40,211,0,7,32,5,44,97,37,76,45,255,22,22,44,299
10/15/2017,CHS,SC,ASO,ES,Combined TRACON& Tower with Radar,121,48,64,28,261,0,6,26,4,36,121,54,90,32,297,8,12,20,317
10/16/2017,CHS,SC,ASO,ES,Combined TRACON& Tower with Radar,126,47,50,54,277,0,1,5,1,7,126,48,55,55,284,5,37,42,326
10/17/2017,CHS,SC,ASO,ES,Combined TRACON& Tower with Radar,110,50,56,22,238,0,3,46,8,57,110,53,102,30,295,2,17,19,314
10/18/2017,CHS,SC,ASO,ES,Combined TRACON& Tower with Radar,115,44,68,36,263,0,7,34,1,42,115,51,102,37,305,0,10,10,315
10/19/2017,CHS,SC,ASO,ES,Combined TRACON& Tower with Radar,124,61,87,32,304,0,4,56,6,66,124,65,143,38,370,3,2,5,375
10/20/2017,CHS,SC,ASO,ES,Combined TRACON& Tower with Radar,131,61,69,31,292,0,4,34,2,40,131,65,103,33,332,0,9,9,341
10/21/2017,CHS,SC,ASO,ES,Combined TRACON& Tower with Radar,96,43,25,9,173,0,10,28,3,41,96,53,53,12,214,2,0,2,216
10/22/2017,CHS,SC,ASO,ES,Combined TRACON& Tower with Radar,114,60,80,26,280,0,0,18,0,18,114,60,98,26,298,2,0,2,300
10/23/2017,CHS,SC,ASO,ES,Combined TRACON& Tower with Radar,116,54,69,18,257,0,0,3,2,5,116,54,72,20,262,6,6,12,274
10/24/2017,CHS,SC,ASO,ES,Combined TRACON& Tower with Radar,107,48,66,51,272,0,7,50,6,63,107,55,116,57,335,0,41,41,376
10/25/2017,CHS,SC,ASO,ES,Combined TRACON& Tower with Radar,115,54,97,63,329,0,6,38,8,52,115,60,135,71,381,6,40,46,427
10/26/2017,CHS,SC,ASO,ES,Combined TRACON& Tower with Radar,116,65,94,44,319,0,4,70,8,82,116,69,164,52,401,24,22,46,447
10/27/2017,CHS,SC,ASO,ES,Combined TRACON& Tower with Radar,127,55,60,56,298,0,6,30,17,53,127,61,90,73,351,12,80,92,443
10/28/2017,CHS,SC,ASO,ES,Combined TRACON& Tower with Radar,99,42,62,22,225,0,4,24,8,36,99,46,86,30,261,0,0,0,261
10/29/2017,CHS,SC,ASO,ES,Combined TRACON& Tower with Radar,105,58,82,15,260,0,3,12,4,19,105,61,94,19,279,0,20,20,299
10/30/2017,CHS,SC,ASO,ES,Combined TRACON& Tower with Radar,109,48,55,40,252,0,3,39,0,42,109,51,94,40,294,0,24,24,318
10/31/2017,CHS,SC,ASO,ES,Combined TRACON& Tower with Radar,99,53,48,25,225,0,5,36,6,47,99,58,84,31,272,9,4,13,285
11/01/2017,CHS,SC,ASO,ES,Combined TRACON& Tower with Radar,118,42,88,22,270,0,8,31,6,45,118,50,119,28,315,0,2,2,317
11/02/2017,CHS,SC,ASO,ES,Combined TRACON& Tower with Radar,114,45,85,43,287,0,3,33,9,45,114,48,118,52,332,5,26,31,363
11/03/2017,CHS,SC,ASO,ES,Combined TRACON& Tower with Radar,118,51,92,29,290,0,8,26,5,39,118,59,118,34,329,2,16,18,347
11/04/2017,CHS,SC,ASO,ES,Combined TRACON& Tower with Radar,104,42,43,18,207,0,6,32,4,42,104,48,75,22,249,6,12,18,267
11/05/2017,CHS,SC,ASO,ES,Combined TRACON& Tower with Radar,102,73,95,16,286,0,0,8,1,9,102,73,103,17,295,5,0,5,300
11/06/2017,CHS,SC,ASO,ES,Combined TRACON& Tower with Radar,112,56,58,58,284,0,2,23,3,28,112,58,81,61,312,0,32,32,344
11/07/2017,CHS,SC,ASO,ES,Combined TRACON& Tower with Radar,113,36,50,59,258,0,5,21,8,34,113,41,71,67,292,4,35,39,331
11/08/2017,CHS,SC,ASO,ES,Combined TRACON& Tower with Radar,123,63,70,78,334,0,1,0,0,1,123,64,70,78,335,10,20,30,365
11/09/2017,CHS,SC,ASO,ES,Combined TRACON& Tower with Radar,116,56,42,29,243,0,0,0,0,0,116,56,42,29,243,0,4,4,247
11/10/2017,CHS,SC,ASO,ES,Combined TRACON& Tower with Radar,117,63,54,31,265,0,3,36,1,40,117,66,90,32,305,20,8,28,333
11/11/2017,CHS,SC,ASO,ES,Combined TRACON& Tower with Radar,100,34,46,22,202,0,3,29,7,39,100,37,75,29,241,2,14,16,257
11/12/2017,CHS,SC,ASO,ES,Combined TRACON& Tower with Radar,116,59,68,15,258,0,4,6,2,12,116,63,74,17,270,23,0,23,293
11/13/2017,CHS,SC,ASO,ES,Combined TRACON& Tower with Radar,110,58,41,74,283,0,7,16,11,34,110,65,57,85,317,62,38,100,417
11/14/2017,CHS,SC,ASO,ES,Combined TRACON& Tower with Radar,121,52,50,50,273,0,3,29,8,40,121,55,79,58,313,43,20,63,376
11/15/2017,CHS,SC,ASO,ES,Combined TRACON& Tower with Radar,116,54,53,74,297,0,2,39,9,50,116,56,92,83,347,13,36,49,396
11/16/2017,CHS,SC,ASO,ES,Combined TRACON& Tower with Radar,115,62,71,48,296,0,7,43,8,58,115,69,114,56,354,0,16,16,370
11/17/2017,CHS,SC,ASO,ES,Combined TRACON& Tower with Radar,130,73,92,44,339,0,5,33,8,46,130,78,125,52,385,8,28,36,421
11/18/2017,CHS,SC,ASO,ES,Combined TRACON& Tower with Radar,99,42,40,15,196,0,9,35,2,46,99,51,75,17,242,4,14,18,260
11/19/2017,CHS,SC,ASO,ES,Combined TRACON& Tower with Radar,118,48,54,24,244,0,7,23,2,32,118,55,77,26,276,2,32,34,310
11/20/2017,CHS,SC,ASO,ES,Combined TRACON& Tower with Radar,101,62,46,38,247,0,5,36,4,45,101,67,82,42,292,0,12,12,304
11/21/2017,CHS,SC,ASO,ES,Combined TRACON& Tower with Radar,120,73,83,50,326,0,2,18,9,29,120,75,101,59,355,19,58,77,432
11/22/2017,CHS,SC,ASO,ES,Combined TRACON& Tower with Radar,124,63,69,23,279,0,9,23,2,34,124,72,92,25,313,2,12,14,327
11/23/2017,CHS,SC,ASO,ES,Combined TRACON& Tower with Radar,65,22,8,1,96,0,2,5,0,7,65,24,13,1,103,0,0,0,103
11/24/2017,CHS,SC,ASO,ES,Combined TRACON& Tower with Radar,89,35,34,3,161,0,4,34,2,40,89,39,68,5,201,6,12,18,219
11/25/2017,CHS,SC,ASO,ES,Combined TRACON& Tower with Radar,122,57,40,7,226,0,2,34,0,36,122,59,74,7,262,6,0,6,268
11/26/2017,CHS,SC,ASO,ES,Combined TRACON& Tower with Radar,125,59,103,5,292,0,4,37,0,41,125,63,140,5,333,0,8,8,341
11/27/2017,CHS,SC,ASO,ES,Combined TRACON& Tower with Radar,125,55,54,60,294,0,2,29,3,34,125,57,83,63,328,0,34,34,362
11/28/2017,CHS,SC,ASO,ES,Combined TRACON& Tower with Radar,113,40,72,38,263,0,5,32,2,39,113,45,104,40,302,4,10,14,316
11/29/2017,CHS,SC,ASO,ES,Combined TRACON& Tower with Radar,116,49,64,36,265,0,2,31,2,35,116,51,95,38,300,6,36,42,342
11/30/2017,CHS,SC,ASO,ES,Combined TRACON& Tower with Radar,108,43,73,29,253,0,2,21,5,28,108,45,94,34,281,6,13,19,300
12/01/2017,CHS,SC,ASO,ES,Combined TRACON& Tower with Radar,109,56,69,29,263,0,4,23,10,37,109,60,92,39,300,2,16,18,318
12/02/2017,CHS,SC,ASO,ES,Combined TRACON& Tower with Radar,85,56,46,9,196,0,1,5,4,10,85,57,51,13,206,40,0,40,246
12/03/2017,CHS,SC,ASO,ES,Combined TRACON& Tower with Radar,98,49,67,17,231,0,3,16,3,22,98,52,83,20,253,0,4,4,257
12/04/2017,CHS,SC,ASO,ES,Combined TRACON& Tower with Radar,102,51,61,49,263,0,2,36,2,40,102,53,97,51,303,0,30,30,333
12/05/2017,CHS,SC,ASO,ES,Combined TRACON& Tower with Radar,108,39,55,89,291,0,2,22,1,25,108,41,77,90,316,6,64,70,386
12/06/2017,CHS,SC,ASO,ES,Combined TRACON& Tower with Radar,106,59,89,58,312,0,1,1,1,3,106,60,90,59,315,0,38,38,353
12/07/2017,CHS,SC,ASO,ES,Combined TRACON& Tower with Radar,111,50,68,23,252,0,1,6,2,9,111,51,74,25,261,2,6,8,269
12/08/2017,CHS,SC,ASO,ES,Combined TRACON& Tower with Radar,86,41,29,26,182,0,0,0,0,0,86,41,29,26,182,0,6,6,188
12/09/2017,CHS,SC,ASO,ES,Combined TRACON& Tower with Radar,71,34,26,11,142,0,0,0,0,0,71,34,26,11,142,0,0,0,142
12/10/2017,CHS,SC,ASO,ES,Combined TRACON& Tower with Radar,119,46,57,15,237,0,10,30,1,41,119,56,87,16,278,38,0,38,316
12/11/2017,CHS,SC,ASO,ES,Combined TRACON& Tower with Radar,100,65,48,25,238,0,5,24,3,32,100,70,72,28,270,0,0,0,270
12/12/2017,CHS,SC,ASO,ES,Combined TRACON& Tower with Radar,106,55,53,29,243,0,1,19,12,32,106,56,72,41,275,4,20,24,299
12/13/2017,CHS,SC,ASO,ES,Combined TRACON& Tower with Radar,114,49,57,32,252,0,5,30,15,50,114,54,87,47,302,34,12,46,348
12/14/2017,CHS,SC,ASO,ES,Combined TRACON& Tower with Radar,104,57,53,35,249,0,5,32,4,41,104,62,85,39,290,2,22,24,314
12/15/2017,CHS,SC,ASO,ES,Combined TRACON& Tower with Radar,109,42,79,19,249,0,4,27,0,31,109,46,106,19,280,14,0,14,294
12/16/2017,CHS,SC,ASO,ES,Combined TRACON& Tower with Radar,85,37,29,18,169,0,4,27,6,37,85,41,56,24,206,8,20,28,234
12/17/2017,CHS,SC,ASO,ES,Combined TRACON& Tower with Radar,95,41,40,14,190,0,3,39,6,48,95,44,79,20,238,4,9,13,251
12/18/2017,CHS,SC,ASO,ES,Combined TRACON& Tower with Radar,101,46,53,49,249,0,8,6,0,14,101,54,59,49,263,4,33,37,300
12/19/2017,CHS,SC,ASO,ES,Combined TRACON& Tower with Radar,106,52,65,74,297,0,10,20,4,34,106,62,85,78,331,0,36,36,367
12/20/2017,CHS,SC,ASO,ES,Combined TRACON& Tower with Radar,118,62,70,75,325,0,1,5,6,12,118,63,75,81,337,0,60,60,397
12/21/2017,CHS,SC,ASO,ES,Combined TRACON& Tower with Radar,119,62,51,49,281,0,0,14,1,15,119,62,65,50,296,6,46,52,348
12/22/2017,CHS,SC,ASO,ES,Combined TRACON& Tower with Radar,121,55,49,18,243,0,3,36,7,46,121,58,85,25,289,2,4,6,295
12/23/2017,CHS,SC,ASO,ES,Combined TRACON& Tower with Radar,106,53,46,3,208,0,1,13,1,15,106,54,59,4,223,0,0,0,223
12/24/2017,CHS,SC,ASO,ES,Combined TRACON& Tower with Radar,84,37,21,2,144,0,0,1,0,1,84,37,22,2,145,2,0,2,147
12/25/2017,CHS,SC,ASO,ES,Combined TRACON& Tower with Radar,78,39,7,0,124,0,3,5,2,10,78,42,12,2,134,0,0,0,134
12/26/2017,CHS,SC,ASO,ES,Combined TRACON& Tower with Radar,111,63,61,3,238,0,3,30,2,35,111,66,91,5,273,0,0,0,273
12/27/2017,CHS,SC,ASO,ES,Combined TRACON& Tower with Radar,128,54,70,41,293,0,1,1,2,4,128,55,71,43,297,6,28,34,331
12/28/2017,CHS,SC,ASO,ES,Combined TRACON& Tower with Radar,119,60,51,31,261,0,7,13,1,21,119,67,64,32,282,4,12,16,298
12/29/2017,CHS,SC,ASO,ES,Combined TRACON& Tower with Radar,119,46,53,9,227,0,3,30,1,34,119,49,83,10,261,2,0,2,263
12/30/2017,CHS,SC,ASO,ES,Combined TRACON& Tower with Radar,98,59,51,0,208,0,3,27,4,34,98,62,78,4,242,0,14,14,256
12/31/2017,CHS,SC,ASO,ES,Combined TRACON& Tower with Radar,79,42,23,0,144,0,1,23,2,26,79,43,46,2,170,0,10,10,180
01/01/2018,CHS,SC,ASO,ES,Combined TRACON& Tower with Radar,80,53,33,3,169,0,1,10,1,12,80,54,43,4,181,0,0,0,181
01/02/2018,CHS,SC,ASO,ES,Combined TRACON& Tower with Radar,111,67,60,38,276,0,1,18,1,20,111,68,78,39,296,2,19,21,317
01/03/2018,CHS,SC,ASO,ES,Combined TRACON& Tower with Radar,17,10,5,0,32,0,0,2,1,3,17,10,7,1,35,0,0,0,35
01/04/2018,CHS,SC,ASO,ES,Combined TRACON& Tower with Radar,0,0,1,0,1,0,7,8,2,17,0,7,9,2,18,0,0,0,18
01/05/2018,CHS,SC,ASO,ES,Combined TRACON& Tower with Radar,0,0,4,0,4,0,9,9,3,21,0,9,13,3,25,4,0,4,29
01/06/2018,CHS,SC,ASO,ES,Combined TRACON& Tower with Radar,0,0,0,0,0,0,5,4,3,12,0,5,4,3,12,0,0,0,12
01/07/2018,CHS,SC,ASO,ES,Combined TRACON& Tower with Radar,58,30,19,1,108,0,8,8,2,18,58,38,27,3,126,14,0,14,140
01/08/2018,CHS,SC,ASO,ES,Combined TRACON& Tower with Radar,86,63,40,42,231,0,5,14,4,23,86,68,54,46,254,3,38,41,295
01/09/2018,CHS,SC,ASO,ES,Combined TRACON& Tower with Radar,94,58,49,47,248,0,10,28,5,43,94,68,77,52,291,2,18,20,311
01/10/2018,CHS,SC,ASO,ES,Combined TRACON& Tower with Radar,110,53,42,64,269,0,4,16,3,23,110,57,58,67,292,7,48,55,347
01/11/2018,CHS,SC,ASO,ES,Combined TRACON& Tower with Radar,105,47,55,64,271,0,3,2,0,5,105,50,57,64,276,0,49,49,325
01/12/2018,CHS,SC,ASO,ES,Combined TRACON& Tower with Radar,84,49,59,46,238,0,0,0,0,0,84,49,59,46,238,6,14,20,258
01/13/2018,CHS,SC,ASO,ES,Combined TRACON& Tower with Radar,92,44,24,15,175,0,1,20,2,23,92,45,44,17,198,22,6,28,226
01/14/2018,CHS,SC,ASO,ES,Combined TRACON& Tower with Radar,91,41,34,22,188,0,5,26,4,35,91,46,60,26,223,4,8,12,235
01/15/2018,CHS,SC,ASO,ES,Combined TRACON& Tower with Radar,88,46,46,23,203,0,3,33,5,41,88,49,79,28,244,2,18,20,264
01/16/2018,CHS,SC,ASO,ES,Combined TRACON& Tower with Radar,96,34,55,73,258,0,2,20,4,26,96,36,75,77,284,0,112,112,396
01/17/2018,CHS,SC,ASO,ES,Combined TRACON& Tower with Radar,77,51,32,84,244,0,1,7,3,11,77,52,39,87,255,0,84,84,339
01/18/2018,CHS,SC,ASO,ES,Combined TRACON& Tower with Radar,106,58,52,57,273,0,3,39,1,43,106,61,91,58,316,0,45,45,361
01/19/2018,CHS,SC,ASO,ES,Combined TRACON& Tower with Radar,101,48,44,48,241,0,10,31,3,44,101,58,75,51,285,22,26,48,333
01/20/2018,CHS,SC,ASO,ES,Combined TRACON& Tower with Radar,81,41,30,21,173,0,5,36,9,50,81,46,66,30,223,9,46,55,278
01/21/2018,CHS,SC,ASO,ES,Combined TRACON& Tower with Radar,99,46,30,19,194,0,8,33,4,45,99,54,63,23,239,16,0,16,255
01/22/2018,CHS,SC,ASO,ES,Combined TRACON& Tower with Radar,93,45,54,79,271,0,2,31,3,36,93,47,85,82,307,12,74,86,393
01/23/2018,CHS,SC,ASO,ES,Combined TRACON& Tower with Radar,96,43,41,39,219,0,2,6,1,9,96,45,47,40,228,2,26,28,256
01/24/2018,CHS,SC,ASO,ES,Combined TRACON& Tower with Radar,101,52,45,45,243,0,6,27,6,39,101,58,72,51,282,4,48,52,334
01/25/2018,CHS,SC,ASO,ES,Combined TRACON& Tower with Radar,99,54,68,72,293,0,9,22,3,34,99,63,90,75,327,0,62,62,389
01/26/2018,CHS,SC,ASO,ES,Combined TRACON& Tower with Radar,103,46,74,36,259,0,5,22,1,28,103,51,96,37,287,0,4,4,291
01/27/2018,CHS,SC,ASO,ES,Combined TRACON& Tower with Radar,79,33,49,10,171,0,7,29,11,47,79,40,78,21,218,30,14,44,262
01/28/2018,CHS,SC,ASO,ES,Combined TRACON& Tower with Radar,92,39,40,23,194,0,1,0,0,1,92,40,40,23,195,1,14,15,210
01/29/2018,CHS,SC,ASO,ES,Combined TRACON& Tower with Radar,90,46,48,102,286,0,1,4,0,5,90,47,52,102,291,0,4,4,295
01/30/2018,CHS,SC,ASO,ES,Combined TRACON& Tower with Radar,91,42,60,80,273,0,3,25,2,30,91,45,85,82,303,2,52,54,357
01/31/2018,CHS,SC,ASO,ES,Combined TRACON& Tower with Radar,99,47,65,61,272,0,15,24,9,48,99,62,89,70,320,0,40,40,360
02/01/2018,CHS,SC,ASO,ES,Combined TRACON& Tower with Radar,109,57,66,39,271,0,8,43,5,56,109,65,109,44,327,11,28,39,366
02/02/2018,CHS,SC,ASO,ES,Combined TRACON& Tower with Radar,109,61,74,54,298,0,4,24,10,38,109,65,98,64,336,31,28,59,395
02/03/2018,CHS,SC,ASO,ES,Combined TRACON& Tower with Radar,81,35,37,11,164,0,12,33,6,51,81,47,70,17,215,34,6,40,255
02/04/2018,CHS,SC,ASO,ES,Combined TRACON& Tower with Radar,78,46,37,11,172,0,0,3,0,3,78,46,40,11,175,2,2,4,179
02/05/2018,CHS,SC,ASO,ES,Combined TRACON& Tower with Radar,96,52,45,52,245,0,1,35,0,36,96,53,80,52,281,3,38,41,322
02/06/2018,CHS,SC,ASO,ES,Combined TRACON& Tower with Radar,98,42,52,48,240,0,11,23,4,38,98,53,75,52,278,2,29,31,309
02/07/2018,CHS,SC,ASO,ES,Combined TRACON& Tower with Radar,95,51,65,85,296,0,1,12,2,15,95,52,77,87,311,0,40,40,351
02/08/2018,CHS,SC,ASO,ES,Combined TRACON& Tower with Radar,110,54,67,64,295,0,6,29,6,41,110,60,96,70,336,8,22,30,366
02/09/2018,CHS,SC,ASO,ES,Combined TRACON& Tower with Radar,111,48,93,43,295,0,8,17,7,32,111,56,110,50,327,12,35,47,374
02/10/2018,CHS,SC,ASO,ES,Combined TRACON& Tower with Radar,85,34,37,35,191,0,8,0,1,9,85,42,37,36,200,2,16,18,218
02/11/2018,CHS,SC,ASO,ES,Combined TRACON& Tower with Radar,93,29,34,23,179,0,6,1,0,7,93,35,35,23,186,2,16,18,204
02/12/2018,CHS,SC,ASO,ES,Combined TRACON& Tower with Radar,97,45,41,44,227,0,0,9,2,11,97,45,50,46,238,14,42,56,294
02/13/2018,CHS,SC,ASO,ES,Combined TRACON& Tower with Radar,99,43,56,55,253,0,0,1,0,1,99,43,57,55,254,5,30,35,289
02/14/2018,CHS,SC,ASO,ES,Combined TRACON& Tower with Radar,95,43,51,50,239,0,5,13,1,19,95,48,64,51,258,0,20,20,278
02/15/2018,CHS,SC,ASO,ES,Combined TRACON& Tower with Radar,112,62,115,52,341,0,1,38,5,44,112,63,153,57,385,6,30,36,421
02/16/2018,CHS,SC,ASO,ES,Combined TRACON& Tower with Radar,115,79,88,33,315,0,12,6,2,20,115,91,94,35,335,2,12,14,349
02/17/2018,CHS,SC,ASO,ES,Combined TRACON& Tower with Radar,89,39,44,12,184,0,3,8,2,13,89,42,52,14,197,0,4,4,201
02/18/2018,CHS,SC,ASO,ES,Combined TRACON& Tower with Radar,102,42,69,21,234,0,8,8,2,18,102,50,77,23,252,8,4,12,264
02/19/2018,CHS,SC,ASO,ES,Combined TRACON& Tower with Radar,111,61,62,9,243,0,3,17,0,20,111,64,79,9,263,2,0,2,265
02/20/2018,CHS,SC,ASO,ES,Combined TRACON& Tower with Radar,110,41,51,51,253,0,2,19,3,24,110,43,70,54,277,0,22,22,299
02/21/2018,CHS,SC,ASO,ES,Combined TRACON& Tower with Radar,111,55,64,99,329,0,4,15,2,21,111,59,79,101,350,0,45,45,395
02/22/2018,CHS,SC,ASO,ES,Combined TRACON& Tower with Radar,118,51,93,48,310,0,5,44,7,56,118,56,137,55,366,13,48,61,427
02/23/2018,CHS,SC,ASO,ES,Combined TRACON& Tower with Radar,109,52,67,54,282,0,5,25,7,37,109,57,92,61,319,6,47,53,372
02/24/2018,CHS,SC,ASO,ES,Combined TRACON& Tower with Radar,93,37,36,24,190,0,3,43,8,54,93,40,79,32,244,10,7,17,261
02/25/2018,CHS,SC,ASO,ES,Combined TRACON& Tower with Radar,111,47,50,34,242,0,10,24,5,39,111,57,74,39,281,0,8,8,289
02/26/2018,CHS,SC,ASO,ES,Combined TRACON& Tower with Radar,110,42,46,32,230,0,3,12,4,19,110,45,58,36,249,0,24,24,273
02/27/2018,CHS,SC,ASO,ES,Combined TRACON& Tower with Radar,116,42,56,48,262,0,3,43,6,52,116,45,99,54,314,0,18,18,332
02/28/2018,CHS,SC,ASO,ES,Combined TRACON& Tower with Radar,114,50,64,98,326,0,3,19,6,28,114,53,83,104,354,10,32,42,396
03/01/2018,CHS,SC,ASO,ES,Combined TRACON& Tower with Radar,116,41,63,64,284,0,2,0,4,6,116,43,63,68,290,2,6,8,298
03/02/2018,CHS,SC,ASO,ES,Combined TRACON& Tower with Radar,104,33,64,37,238,0,2,14,17,33,104,35,78,54,271,4,24,28,299
03/03/2018,CHS,SC,ASO,ES,Combined TRACON& Tower with Radar,96,36,30,55,217,0,6,16,8,30,96,42,46,63,247,0,32,32,279
03/04/2018,CHS,SC,ASO,ES,Combined TRACON& Tower with Radar,114,39,42,28,223,0,4,35,2,41,114,43,77,30,264,4,2,6,270
03/05/2018,CHS,SC,ASO,ES,Combined TRACON& Tower with Radar,114,51,56,33,254,0,13,37,5,55,114,64,93,38,309,10,28,38,347
03/06/2018,CHS,SC,ASO,ES,Combined TRACON& Tower with Radar,116,34,63,51,264,0,3,24,3,30,116,37,87,54,294,4,12,16,310
03/07/2018,CHS,SC,ASO,ES,Combined TRACON& Tower with Radar,110,40,67,53,270,0,2,15,7,24,110,42,82,60,294,4,40,44,338
03/08/2018,CHS,SC,ASO,ES,Combined TRACON& Tower with Radar,124,38,62,75,299,0,3,28,3,34,124,41,90,78,333,16,44,60,393
03/09/2018,CHS,SC,ASO,ES,Combined TRACON& Tower with Radar,125,48,75,40,288,0,5,49,3,57,125,53,124,43,345,4,20,24,369
03/10/2018,CHS,SC,ASO,ES,Combined TRACON& Tower with Radar,110,43,36,12,201,0,4,56,6,66,110,47,92,18,267,2,0,2,269
03/11/2018,CHS,SC,ASO,ES,Combined TRACON& Tower with Radar,129,39,51,9,228,0,5,15,1,21,129,44,66,10,249,2,0,2,251
03/12/2018,CHS,SC,ASO,ES,Combined TRACON& Tower with Radar,117,48,60,30,255,0,2,4,0,6,117,50,64,30,261,0,6,6,267
03/13/2018,CHS,SC,ASO,ES,Combined TRACON& Tower with Radar,127,48,40,37,252,0,6,35,2,43,127,54,75,39,295,0,20,20,315
03/14/2018,CHS,SC,ASO,ES,Combined TRACON& Tower with Radar,126,46,46,52,270,0,2,26,12,40,126,48,72,64,310,6,64,70,380
03/15/2018,CHS,SC,ASO,ES,Combined TRACON& Tower with Radar,131,40,53,29,253,0,6,25,10,41,131,46,78,39,294,6,2,8,302
03/16/2018,CHS,SC,ASO,ES,Combined TRACON& Tower with Radar,125,47,60,43,275,0,2,37,15,54,125,49,97,58,329,0,29,29,358
03/17/2018,CHS,SC,ASO,ES,Combined TRACON& Tower with Radar,130,49,50,11,240,0,4,14,5,23,130,53,64,16,263,7,0,7,270
03/18/2018,CHS,SC,ASO,ES,Combined TRACON& Tower with Radar,139,40,57,17,253,0,3,25,4,32,139,43,82,21,285,1,0,1,286
03/19/2018,CHS,SC,ASO,ES,Combined TRACON& Tower with Radar,130,34,29,60,253,0,0,1,1,2,130,34,30,61,255,2,38,40,295
03/20/2018,CHS,SC,ASO,ES,Combined TRACON& Tower with Radar,130,40,40,20,230,3,1,1,0,5,133,41,41,20,235,2,9,11,246
03/21/2018,CHS,SC,ASO,ES,Combined TRACON& Tower with Radar,108,54,66,93,321,0,0,8,6,14,108,54,74,99,335,2,15,17,352
03/22/2018,CHS,SC,ASO,ES,Combined TRACON& Tower with Radar,139,60,81,68,348,0,0,50,6,56,139,60,131,74,404,0,50,50,454
03/23/2018,CHS,SC,ASO,ES,Combined TRACON& Tower with Radar,135,38,81,47,301,0,8,36,7,51,135,46,117,54,352,0,24,24,376
03/24/2018,CHS,SC,ASO,ES,Combined TRACON& Tower with Radar,118,38,41,11,208,0,7,41,4,52,118,45,82,15,260,4,0,4,264
03/25/2018,CHS,SC,ASO,ES,Combined TRACON& Tower with Radar,130,44,58,14,246,0,4,0,5,9,130,48,58,19,255,0,0,0,255
03/26/2018,CHS,SC,ASO,ES,Combined TRACON& Tower with Radar,125,51,39,62,277,0,2,8,2,12,125,53,47,64,289,4,48,52,341
03/27/2018,CHS,SC,ASO,ES,Combined TRACON& Tower with Radar,123,56,51,71,301,0,6,15,3,24,123,62,66,74,325,0,40,40,365
03/28/2018,CHS,SC,ASO,ES,Combined TRACON& Tower with Radar,119,56,77,35,287,0,6,37,3,46,119,62,114,38,333,15,23,38,371
03/29/2018,CHS,SC,ASO,ES,Combined TRACON& Tower with Radar,125,52,75,43,295,0,7,32,5,44,125,59,107,48,339,0,6,6,345
03/30/2018,CHS,SC,ASO,ES,Combined TRACON& Tower with Radar,123,61,72,28,284,0,0,5,0,5,123,61,77,28,289,0,8,8,297
03/31/2018,CHS,SC,ASO,ES,Combined TRACON& Tower with Radar,112,46,59,9,226,0,6,32,0,38,112,52,91,9,264,8,0,8,272
04/01/2018,CHS,SC,ASO,ES,Combined TRACON& Tower with Radar,126,37,55,13,231,0,4,25,0,29,126,41,80,13,260,12,12,24,284
04/02/2018,CHS,SC,ASO,ES,Combined TRACON& Tower with Radar,110,56,73,27,266,0,2,38,3,43,110,58,111,30,309,2,12,14,323
04/03/2018,CHS,SC,ASO,ES,Combined TRACON& Tower with Radar,121,67,53,49,290,0,3,26,6,35,121,70,79,55,325,0,12,12,337
04/04/2018,CHS,SC,ASO,ES,Combined TRACON& Tower with Radar,116,49,61,34,260,0,6,17,6,29,116,55,78,40,289,4,8,12,301
04/05/2018,CHS,SC,ASO,ES,Combined TRACON& Tower with Radar,130,76,81,52,339,0,2,65,3,70,130,78,146,55,409,4,50,54,463
04/06/2018,CHS,SC,ASO,ES,Combined TRACON& Tower with Radar,118,64,95,16,293,0,8,53,3,64,118,72,148,19,357,8,6,14,371
04/07/2018,CHS,SC,ASO,ES,Combined TRACON& Tower with Radar,108,49,58,10,225,0,5,12,6,23,108,54,70,16,248,6,2,8,256
04/08/2018,CHS,SC,ASO,ES,Combined TRACON& Tower with Radar,129,66,72,25,292,0,2,31,3,36,129,68,103,28,328,10,8,18,346
04/09/2018,CHS,SC,ASO,ES,Combined TRACON& Tower with Radar,117,46,65,32,260,0,0,0,1,1,117,46,65,33,261,3,8,11,272
04/10/2018,CHS,SC,ASO,ES,Combined TRACON& Tower with Radar,130,47,66,48,291,0,1,10,3,14,130,48,76,51,305,8,22,30,335
04/11/2018,CHS,SC,ASO,ES,Combined TRACON& Tower with Radar,125,48,85,39,297,0,3,40,0,43,125,51,125,39,340,7,10,17,357
04/12/2018,CHS,SC,ASO,ES,Combined TRACON& Tower with Radar,130,63,86,64,343,0,4,37,8,49,130,67,123,72,392,0,18,18,410
04/13/2018,CHS,SC,ASO,ES,Combined TRACON& Tower with Radar,133,51,93,51,328,0,6,24,6,36,133,57,117,57,364,2,42,44,408
04/14/2018,CHS,SC,ASO,ES,Combined TRACON& Tower with Radar,120,43,51,21,235,0,9,32,6,47,120,52,83,27,282,2,6,8,290
04/15/2018,CHS,SC,ASO,ES,Combined TRACON& Tower with Radar,137,50,39,23,249,0,0,3,0,3,137,50,42,23,252,24,6,30,282
04/16/2018,CHS,SC,ASO,ES,Combined TRACON& Tower with Radar,121,56,58,63,298,0,3,24,6,33,121,59,82,69,331,1,35,36,367
04/17/2018,CHS,SC,ASO,ES,Combined TRACON& Tower with Radar,136,56,67,51,310,0,7,36,9,52,136,63,103,60,362,0,26,26,388
04/18/2018,CHS,SC,ASO,ES,Combined TRACON& Tower with Radar,127,56,60,22,265,0,2,30,5,37,127,58,90,27,302,2,8,10,312
04/19/2018,CHS,SC,ASO,ES,Combined TRACON& Tower with Radar,127,53,86,35,301,0,4,28,3,35,127,57,114,38,336,0,12,12,348
04/20/2018,CHS,SC,ASO,ES,Combined TRACON& Tower with Radar,135,56,74,28,293,0,3,43,2,48,135,59,117,30,341,4,12,16,357
04/21/2018,CHS,SC,ASO,ES,Combined TRACON& Tower with Radar,124,59,45,5,233,0,3,31,3,37,124,62,76,8,270,9,0,9,279
04/22/2018,CHS,SC,ASO,ES,Combined TRACON& Tower with Radar,133,53,90,10,286,0,8,16,2,26,133,61,106,12,312,0,2,2,314
04/23/2018,CHS,SC,ASO,ES,Combined TRACON& Tower with Radar,126,46,54,21,247,0,0,0,0,0,126,46,54,21,247,0,0,0,247
04/24/2018,CHS,SC,ASO,ES,Combined TRACON& Tower with Radar,134,39,77,37,287,0,2,22,6,30,134,41,99,43,317,4,20,24,341
04/25/2018,CHS,SC,ASO,ES,Combined TRACON& Tower with Radar,136,53,91,39,319,0,5,32,13,50,136,58,123,52,369,4,6,10,379
04/26/2018,CHS,SC,ASO,ES,Combined TRACON& Tower with Radar,130,50,86,23,289,0,3,47,18,68,130,53,133,41,357,6,20,26,383
04/27/2018,CHS,SC,ASO,ES,Combined TRACON& Tower with Radar,127,31,31,17,206,0,0,14,7,21,127,31,45,24,227,18,44,62,289
04/28/2018,CHS,SC,ASO,ES,Combined TRACON& Tower with Radar,114,20,19,4,157,0,0,23,9,32,114,20,42,13,189,4,20,24,213
04/29/2018,CHS,SC,ASO,ES,Combined TRACON& Tower with Radar,139,54,48,15,256,0,0,45,6,51,139,54,93,21,307,4,4,8,315
04/30/2018,CHS,SC,ASO,ES,Combined TRACON& Tower with Radar,121,47,66,30,264,0,3,22,7,32,121,50,88,37,296,0,2,2,298
05/01/2018,CHS,SC,ASO,ES,Combined TRACON& Tower with Radar,132,39,72,47,290,0,6,54,7,67,132,45,126,54,357,6,32,38,395
05/02/2018,CHS,SC,ASO,ES,Combined TRACON& Tower with Radar,128,61,64,47,300,0,1,48,7,56,128,62,112,54,356,6,16,22,378
05/03/2018,CHS,SC,ASO,ES,Combined TRACON& Tower with Radar,130,55,74,33,292,0,6,37,6,49,130,61,111,39,341,2,16,18,359
05/04/2018,CHS,SC,ASO,ES,Combined TRACON& Tower with Radar,142,50,72,20,284,0,3,44,2,49,142,53,116,22,333,2,2,4,337
05/05/2018,CHS,SC,ASO,ES,Combined TRACON& Tower with Radar,137,31,38,6,212,0,5,39,3,47,137,36,77,9,259,2,0,2,261
05/06/2018,CHS,SC,ASO,ES,Combined TRACON& Tower with Radar,147,35,46,26,254,0,3,15,6,24,147,38,61,32,278,0,6,6,284
05/07/2018,CHS,SC,ASO,ES,Combined TRACON& Tower with Radar,139,45,55,33,272,0,0,41,3,44,139,45,96,36,316,3,16,19,335
05/08/2018,CHS,SC,ASO,ES,Combined TRACON& Tower with Radar,151,38,66,45,300,0,3,42,4,49,151,41,108,49,349,0,34,34,383
05/09/2018,CHS,SC,ASO,ES,Combined TRACON& Tower with Radar,142,50,71,38,301,0,0,27,5,32,142,50,98,43,333,0,36,36,369
05/10/2018,CHS,SC,ASO,ES,Combined TRACON& Tower with Radar,153,45,88,41,327,0,3,46,1,50,153,48,134,42,377,19,30,49,426
05/11/2018,CHS,SC,ASO,ES,Combined TRACON& Tower with Radar,157,50,59,35,301,0,0,31,3,34,157,50,90,38,335,4,4,8,343
05/12/2018,CHS,SC,ASO,ES,Combined TRACON& Tower with Radar,138,29,36,21,224,0,2,17,6,25,138,31,53,27,249,0,0,0,249
05/13/2018,CHS,SC,ASO,ES,Combined TRACON& Tower with Radar,144,41,54,8,247,0,10,34,3,47,144,51,88,11,294,18,0,18,312
05/14/2018,CHS,SC,ASO,ES,Combined TRACON& Tower with Radar,131,46,58,47,282,0,4,22,3,29,131,50,80,50,311,2,18,20,331
05/15/2018,CHS,SC,ASO,ES,Combined TRACON& Tower with Radar,147,34,57,28,266,0,2,10,3,15,147,36,67,31,281,0,6,6,287
05/16/2018,CHS,SC,ASO,ES,Combined TRACON& Tower with Radar,147,53,53,57,310,0,1,13,5,19,147,54,66,62,329,10,42,52,381
05/17/2018,CHS,SC,ASO,ES,Combined TRACON& Tower with Radar,153,35,59,62,309,0,1,9,1,11,153,36,68,63,320,8,20,28,348
05/18/2018,CHS,SC,ASO,ES,Combined TRACON& Tower with Radar,149,39,56,77,321,0,3,5,1,9,149,42,61,78,330,0,42,42,372
05/19/2018,CHS,SC,ASO,ES,Combined TRACON& Tower with Radar,137,28,26,14,205,0,1,4,1,6,137,29,30,15,211,0,3,3,214
05/20/2018,CHS,SC,ASO,ES,Combined TRACON& Tower with Radar,148,35,58,10,251,0,3,13,2,18,148,38,71,12,269,6,4,10,279
05/21/2018,CHS,SC,ASO,ES,Combined TRACON& Tower with Radar,149,39,50,37,275,0,5,22,3,30,149,44,72,40,305,0,80,80,385
05/22/2018,CHS,SC,ASO,ES,Combined TRACON& Tower with Radar,152,44,62,37,295,0,0,15,5,20,152,44,77,42,315,28,18,46,361
05/23/2018,CHS,SC,ASO,ES,Combined TRACON& Tower with Radar,145,46,84,89,364,0,4,15,6,25,145,50,99,95,389,0,106,106,495
05/24/2018,CHS,SC,ASO,ES,Combined TRACON& Tower with Radar,152,40,84,30,306,0,1,11,1,13,152,41,95,31,319,2,12,14,333
05/25/2018,CHS,SC,ASO,ES,Combined TRACON& Tower with Radar,150,55,66,6,277,0,2,16,5,23,150,57,82,11,300,4,2,6,306
05/26/2018,CHS,SC,ASO,ES,Combined TRACON& Tower with Radar,128,27,32,3,190,0,7,16,2,25,128,34,48,5,215,8,0,8,223
05/27/2018,CHS,SC,ASO,ES,Combined TRACON& Tower with Radar,130,36,26,4,196,0,0,8,2,10,130,36,34,6,206,8,8,16,222
05/28/2018,CHS,SC,ASO,ES,Combined TRACON& Tower with Radar,144,38,36,5,223,0,0,0,0,0,144,38,36,5,223,2,0,2,225
05/29/2018,CHS,SC,ASO,ES,Combined TRACON& Tower with Radar,144,37,47,75,303,0,1,14,1,16,144,38,61,76,319,18,60,78,397
05/30/2018,CHS,SC,ASO,ES,Combined TRACON& Tower with Radar,151,44,62,33,290,0,2,6,1,9,151,46,68,34,299,0,12,12,311
05/31/2018,CHS,SC,ASO,ES,Combined TRACON& Tower with Radar,148,42,77,33,300,0,4,12,2,18,148,46,89,35,318,0,2,2,320
06/01/2018,CHS,SC,ASO,ES,Combined TRACON& Tower with Radar,151,43,69,27,290,0,4,38,4,46,151,47,107,31,336,4,2,6,342
06/02/2018,CHS,SC,ASO,ES,Combined TRACON& Tower with Radar,139,37,43,9,228,0,8,15,3,26,139,45,58,12,254,6,2,8,262
06/03/2018,CHS,SC,ASO,ES,Combined TRACON& Tower with Radar,148,39,49,8,244,0,1,15,0,16,148,40,64,8,260,2,0,2,262
06/04/2018,CHS,SC,ASO,ES,Combined TRACON& Tower with Radar,150,44,38,41,273,0,2,31,0,33,150,46,69,41,306,1,10,11,317
06/05/2018,CHS,SC,ASO,ES,Combined TRACON& Tower with Radar,148,43,56,34,281,0,9,55,9,73,148,52,111,43,354,12,26,38,392
06/06/2018,CHS,SC,ASO,ES,Combined TRACON& Tower with Radar,156,47,64,36,303,0,6,51,13,70,156,53,115,49,373,4,6,10,383
06/07/2018,CHS,SC,ASO,ES,Combined TRACON& Tower with Radar,151,37,68,50,306,0,3,43,2,48,151,40,111,52,354,2,24,26,380
06/08/2018,CHS,SC,ASO,ES,Combined TRACON& Tower with Radar,162,56,63,50,331,0,1,15,6,22,162,57,78,56,353,10,14,24,377
06/09/2018,CHS,SC,ASO,ES,Combined TRACON& Tower with Radar,145,37,28,15,225,0,1,7,1,9,145,38,35,16,234,0,4,4,238
06/10/2018,CHS,SC,ASO,ES,Combined TRACON& Tower with Radar,158,55,55,20,288,0,4,14,5,23,158,59,69,25,311,0,8,8,319
06/11/2018,CHS,SC,ASO,ES,Combined TRACON& Tower with Radar,152,31,66,37,286,0,2,33,6,41,152,33,99,43,327,2,20,22,349
06/12/2018,CHS,SC,ASO,ES,Combined TRACON& Tower with Radar,156,39,50,54,299,0,0,4,3,7,156,39,54,57,306,0,42,42,348
06/13/2018,CHS,SC,ASO,ES,Combined TRACON& Tower with Radar,151,34,72,34,291,0,1,20,5,26,151,35,92,39,317,0,22,22,339
06/14/2018,CHS,SC,ASO,ES,Combined TRACON& Tower with Radar,160,37,72,49,318,0,4,14,6,24,160,41,86,55,342,2,4,6,348
06/15/2018,CHS,SC,ASO,ES,Combined TRACON& Tower with Radar,154,38,60,32,284,0,1,26,3,30,154,39,86,35,314,2,4,6,320
06/16/2018,CHS,SC,ASO,ES,Combined TRACON& Tower with Radar,143,37,43,18,241,0,2,28,1,31,143,39,71,19,272,22,6,28,300
06/17/2018,CHS,SC,ASO,ES,Combined TRACON& Tower with Radar,147,32,46,21,246,0,5,24,1,30,147,37,70,22,276,2,0,2,278
06/18/2018,CHS,SC,ASO,ES,Combined TRACON& Tower with Radar,136,38,74,52,300,0,4,39,1,44,136,42,113,53,344,24,60,84,428
06/19/2018,CHS,SC,ASO,ES,Combined TRACON& Tower with Radar,140,41,63,49,293,0,4,41,9,54,140,45,104,58,347,12,34,46,393
06/20/2018,CHS,SC,ASO,ES,Combined TRACON& Tower with Radar,155,34,73,69,331,0,1,41,2,44,155,35,114,71,375,4,40,44,419
06/21/2018,CHS,SC,ASO,ES,Combined TRACON& Tower with Radar,165,39,68,56,328,0,5,35,8,48,165,44,103,64,376,2,38,40,416
06/22/2018,CHS,SC,ASO,ES,Combined TRACON& Tower with Radar,166,37,91,73,367,0,4,26,5,35,166,41,117,78,402,6,58,64,466
06/23/2018,CHS,SC,ASO,ES,Combined TRACON& Tower with Radar,147,41,53,23,264,0,1,32,3,36,147,42,85,26,300,12,2,14,314
06/24/2018,CHS,SC,ASO,ES,Combined TRACON& Tower with Radar,156,39,48,19,262,0,2,33,3,38,156,41,81,22,300,4,2,6,306
06/25/2018,CHS,SC,ASO,ES,Combined TRACON& Tower with Radar,158,36,48,35,277,0,0,17,1,18,158,36,65,36,295,0,14,14,309
06/26/2018,CHS,SC,ASO,ES,Combined TRACON& Tower with Radar,156,38,53,87,334,0,5,33,3,41,156,43,86,90,375,0,46,46,421
06/27/2018,CHS,SC,ASO,ES,Combined TRACON& Tower with Radar,161,31,69,44,305,0,1,35,3,39,161,32,104,47,344,6,30,36,380
06/28/2018,CHS,SC,ASO,ES,Combined TRACON& Tower with Radar,158,51,73,34,316,0,1,53,3,57,158,52,126,37,373,20,34,54,427
06/29/2018,CHS,SC,ASO,ES,Combined TRACON& Tower with Radar,157,48,83,74,362,0,3,26,10,39,157,51,109,84,401,10,30,40,441
06/30/2018,CHS,SC,ASO,ES,Combined TRACON& Tower with Radar,142,42,45,13,242,0,3,7,1,11,142,45,52,14,253,0,4,4,257
07/01/2018,CHS,SC,ASO,ES,Combined TRACON& Tower with Radar,153,40,38,11,242,0,3,19,3,25,153,43,57,14,267,2,0,2,269
07/02/2018,CHS,SC,ASO,ES,Combined TRACON& Tower with Radar,134,44,27,73,278,0,2,26,2,30,134,46,53,75,308,64,44,108,416
07/03/2018,CHS,SC,ASO,ES,Combined TRACON& Tower with Radar,122,32,53,8,215,0,4,24,3,31,122,36,77,11,246,6,0,6,252
07/04/2018,CHS,SC,ASO,ES,Combined TRACON& Tower with Radar,120,19,9,4,152,0,4,8,1,13,120,23,17,5,165,2,0,2,167
07/05/2018,CHS,SC,ASO,ES,Combined TRACON& Tower with Radar,136,44,50,2,232,0,0,23,0,23,136,44,73,2,255,6,0,6,261
07/06/2018,CHS,SC,ASO,ES,Combined TRACON& Tower with Radar,142,35,49,26,252,0,2,19,1,22,142,37,68,27,274,7,10,17,291
07/07/2018,CHS,SC,ASO,ES,Combined TRACON& Tower with Radar,146,30,42,4,222,0,5,12,1,18,146,35,54,5,240,26,0,26,266
07/08/2018,CHS,SC,ASO,ES,Combined TRACON& Tower with Radar,152,47,67,15,281,0,3,21,1,25,152,50,88,16,306,58,3,61,367
07/09/2018,CHS,SC,ASO,ES,Combined TRACON& Tower with Radar,143,41,33,39,256,0,4,33,4,41,143,45,66,43,297,0,36,36,333
07/10/2018,CHS,SC,ASO,ES,Combined TRACON& Tower with Radar,153,39,61,73,326,2,2,45,4,53,155,41,106,77,379,23,56,79,458
07/11/2018,CHS,SC,ASO,ES,Combined TRACON& Tower with Radar,152,53,57,55,317,0,1,46,4,51,152,54,103,59,368,16,36,52,420
07/12/2018,CHS,SC,ASO,ES,Combined TRACON& Tower with Radar,147,43,48,36,274,0,1,23,2,26,147,44,71,38,300,12,22,34,334
07/13/2018,CHS,SC,ASO,ES,Combined TRACON& Tower with Radar,156,29,74,33,292,0,1,2,6,9,156,30,76,39,301,12,16,28,329
07/14/2018,CHS,SC,ASO,ES,Combined TRACON& Tower with Radar,146,37,16,5,204,0,3,31,1,35,146,40,47,6,239,6,0,6,245
07/15/2018,CHS,SC,ASO,ES,Combined TRACON& Tower with Radar,149,32,48,11,240,0,3,32,4,39,149,35,80,15,279,28,0,28,307
07/16/2018,CHS,SC,ASO,ES,Combined TRACON& Tower with Radar,148,36,51,47,282,5,1,25,0,31,153,37,76,47,313,8,32,40,353
07/17/2018,CHS,SC,ASO,ES,Combined TRACON& Tower with Radar,160,42,47,64,313,0,2,15,2,19,160,44,62,66,332,9,48,57,389
07/18/2018,CHS,SC,ASO,ES,Combined TRACON& Tower with Radar,163,41,63,32,299,0,2,14,9,25,163,43,77,41,324,8,10,18,342
07/19/2018,CHS,SC,ASO,ES,Combined TRACON& Tower with Radar,153,43,68,39,303,0,0,9,1,10,153,43,77,40,313,2,12,14,327
07/20/2018,CHS,SC,ASO,ES,Combined TRACON& Tower with Radar,165,35,64,23,287,0,0,3,1,4,165,35,67,24,291,10,6,16,307
07/21/2018,CHS,SC,ASO,ES,Combined TRACON& Tower with Radar,150,34,46,8,238,0,1,38,5,44,150,35,84,13,282,4,4,8,290
07/22/2018,CHS,SC,ASO,ES,Combined TRACON& Tower with Radar,152,34,63,9,258,0,1,22,2,25,152,35,85,11,283,8,0,8,291
07/23/2018,CHS,SC,ASO,ES,Combined TRACON& Tower with Radar,139,30,60,31,260,0,3,20,1,24,139,33,80,32,284,2,24,26,310
07/24/2018,CHS,SC,ASO,ES,Combined TRACON& Tower with Radar,160,35,64,38,297,0,1,13,2,16,160,36,77,40,313,15,0,15,328
07/25/2018,CHS,SC,ASO,ES,Combined TRACON& Tower with Radar,144,37,49,42,272,0,3,20,3,26,144,40,69,45,298,2,12,14,312
07/26/2018,CHS,SC,ASO,ES,Combined TRACON& Tower with Radar,154,53,41,14,262,0,2,27,2,31,154,55,68,16,293,0,0,0,293
07/27/2018,CHS,SC,ASO,ES,Combined TRACON& Tower with Radar,151,28,56,17,252,0,1,12,2,15,151,29,68,19,267,15,2,17,284
07/28/2018,CHS,SC,ASO,ES,Combined TRACON& Tower with Radar,140,31,43,8,222,0,6,35,6,47,140,37,78,14,269,21,6,27,296
07/29/2018,CHS,SC,ASO,ES,Combined TRACON& Tower with Radar,155,42,46,11,254,0,1,12,3,16,155,43,58,14,270,1,2,3,273
07/30/2018,CHS,SC,ASO,ES,Combined TRACON& Tower with Radar,148,39,45,18,250,0,2,7,4,13,148,41,52,22,263,2,13,15,278
07/31/2018,CHS,SC,ASO,ES,Combined TRACON& Tower with Radar,153,27,41,54,275,0,5,16,6,27,153,32,57,60,302,18,40,58,360
08/01/2018,CHS,SC,ASO,ES,Combined TRACON& Tower with Radar,147,35,63,89,334,0,2,16,5,23,147,37,79,94,357,28,104,132,489
08/02/2018,CHS,SC,ASO,ES,Combined TRACON& Tower with Radar,150,38,61,31,280,0,1,10,4,15,150,39,71,35,295,6,12,18,313
08/03/2018,CHS,SC,ASO,ES,Combined TRACON& Tower with Radar,146,40,62,33,281,0,1,3,1,5,146,41,65,34,286,4,16,20,306
08/04/2018,CHS,SC,ASO,ES,Combined TRACON& Tower with Radar,143,34,38,10,225,0,3,12,2,17,143,37,50,12,242,20,2,22,264
08/05/2018,CHS,SC,ASO,ES,Combined TRACON& Tower with Radar,156,42,45,9,252,0,1,14,0,15,156,43,59,9,267,3,0,3,270
08/06/2018,CHS,SC,ASO,ES,Combined TRACON& Tower with Radar,153,41,25,50,269,0,0,31,6,37,153,41,56,56,306,6,44,50,356
08/07/2018,CHS,SC,ASO,ES,Combined TRACON& Tower with Radar,152,25,42,72,291,0,6,23,5,34,152,31,65,77,325,4,36,40,365
08/08/2018,CHS,SC,ASO,ES,Combined TRACON& Tower with Radar,148,46,46,59,299,0,6,46,5,57,148,52,92,64,356,12,31,43,399
08/09/2018,CHS,SC,ASO,ES,Combined TRACON& Tower with Radar,146,42,63,44,295,0,9,23,0,32,146,51,86,44,327,0,6,6,333
08/10/2018,CHS,SC,ASO,ES,Combined TRACON& Tower with Radar,149,56,45,41,291,0,5,29,11,45,149,61,74,52,336,14,26,40,376
08/11/2018,CHS,SC,ASO,ES,Combined TRACON& Tower with Radar,125,28,36,20,209,0,6,14,10,30,125,34,50,30,239,2,8,10,249
08/12/2018,CHS,SC,ASO,ES,Combined TRACON& Tower with Radar,132,36,39,10,217,0,11,20,4,35,132,47,59,14,252,0,0,0,252
08/13/2018,CHS,SC,ASO,ES,Combined TRACON& Tower with Radar,155,41,40,32,268,0,2,21,6,29,155,43,61,38,297,22,14,36,333
08/14/2018,CHS,SC,ASO,ES,Combined TRACON& Tower with Radar,143,33,43,73,292,0,3,25,15,43,143,36,68,88,335,10,82,92,427
08/15/2018,CHS,SC,ASO,ES,Combined TRACON& Tower with Radar,148,47,72,43,310,0,2,25,8,35,148,49,97,51,345,10,20,30,375
08/16/2018,CHS,SC,ASO,ES,Combined TRACON& Tower with Radar,143,48,48,48,287,0,3,26,6,35,143,51,74,54,322,12,48,60,382
08/17/2018,CHS,SC,ASO,ES,Combined TRACON& Tower with Radar,149,35,58,44,286,0,2,32,3,37,149,37,90,47,323,8,36,44,367
08/18/2018,CHS,SC,ASO,ES,Combined TRACON& Tower with Radar,139,32,39,11,221,0,3,14,3,20,139,35,53,14,241,2,2,4,245
08/19/2018,CHS,SC,ASO,ES,Combined TRACON& Tower with Radar,140,34,52,2,228,0,1,6,8,15,140,35,58,10,243,0,14,14,257
08/20/2018,CHS,SC,ASO,ES,Combined TRACON& Tower with Radar,147,39,45,64,295,0,4,22,4,30,147,43,67,68,325,6,70,76,401
08/21/2018,CHS,SC,ASO,ES,Combined TRACON& Tower with Radar,128,31,43,48,250,0,2,30,4,36,128,33,73,52,286,2,44,46,332
08/22/2018,CHS,SC,ASO,ES,Combined TRACON& Tower with Radar,155,37,50,22,264,0,1,8,2,11,155,38,58,24,275,4,6,10,285
08/23/2018,CHS,SC,ASO,ES,Combined TRACON& Tower with Radar,149,35,60,35,279,0,3,34,7,44,149,38,94,42,323,12,26,38,361
08/24/2018,CHS,SC,ASO,ES,Combined TRACON& Tower with Radar,148,27,57,24,256,0,5,32,2,39,148,32,89,26,295,2,18,20,315
08/25/2018,CHS,SC,ASO,ES,Combined TRACON& Tower with Radar,136,11,34,5,186,0,7,8,4,19,136,18,42,9,205,0,0,0,205
08/26/2018,CHS,SC,ASO,ES,Combined TRACON& Tower with Radar,149,25,48,5,227,0,2,6,1,9,149,27,54,6,236,0,2,2,238
08/27/2018,CHS,SC,ASO,ES,Combined TRACON& Tower with Radar,142,30,41,49,262,0,3,17,5,25,142,33,58,54,287,6,36,42,329
08/28/2018,CHS,SC,ASO,ES,Combined TRACON& Tower with Radar,142,29,59,44,274,0,2,17,3,22,142,31,76,47,296,15,26,41,337
08/29/2018,CHS,SC,ASO,ES,Combined TRACON& Tower with Radar,142,47,54,50,293,0,4,36,6,46,142,51,90,56,339,12,52,64,403
08/30/2018,CHS,SC,ASO,ES,Combined TRACON& Tower with Radar,143,39,71,44,297,0,3,33,9,45,143,42,104,53,342,0,24,24,366
08/31/2018,CHS,SC,ASO,ES,Combined TRACON& Tower with Radar,150,37,87,20,294,0,4,32,7,43,150,41,119,27,337,0,10,10,347
09/01/2018,CHS,SC,ASO,ES,Combined TRACON& Tower with Radar,122,25,29,9,185,0,1,15,0,16,122,26,44,9,201,0,6,6,207
09/02/2018,CHS,SC,ASO,ES,Combined TRACON& Tower with Radar,123,35,17,7,182,0,2,8,0,10,123,37,25,7,192,0,0,0,192
09/03/2018,CHS,SC,ASO,ES,Combined TRACON& Tower with Radar,137,44,69,4,254,0,1,15,3,19,137,45,84,7,273,0,2,2,275
09/04/2018,CHS,SC,ASO,ES,Combined TRACON& Tower with Radar,137,34,49,49,269,0,2,26,4,32,137,36,75,53,301,2,38,40,341
09/05/2018,CHS,SC,ASO,ES,Combined TRACON& Tower with Radar,130,33,61,54,278,0,4,14,5,23,130,37,75,59,301,14,58,72,373
09/06/2018,CHS,SC,ASO,ES,Combined TRACON& Tower with Radar,133,43,69,57,302,0,1,26,3,30,133,44,95,60,332,2,32,34,366
09/07/2018,CHS,SC,ASO,ES,Combined TRACON& Tower with Radar,146,42,72,33,293,0,0,24,6,30,146,42,96,39,323,6,18,24,347
09/08/2018,CHS,SC,ASO,ES,Combined TRACON& Tower with Radar,126,16,32,11,185,0,8,22,2,32,126,24,54,13,217,5,0,5,222
09/09/2018,CHS,SC,ASO,ES,Combined TRACON& Tower with Radar,139,25,57,14,235,0,1,24,4,29,139,26,81,18,264,0,6,6,270
09/10/2018,CHS,SC,ASO,ES,Combined TRACON& Tower with Radar,140,51,40,25,256,0,1,28,4,33,140,52,68,29,289,0,24,24,313
09/11/2018,CHS,SC,ASO,ES,Combined TRACON& Tower with Radar,139,53,48,34,274,0,3,28,2,33,139,56,76,36,307,22,16,38,345
09/12/2018,CHS,SC,ASO,ES,Combined TRACON& Tower with Radar,110,35,71,1,217,0,2,11,6,19,110,37,82,7,236,6,0,6,242
09/13/2018,CHS,SC,ASO,ES,Combined TRACON& Tower with Radar,0,2,0,0,2,0,0,2,6,8,0,2,2,6,10,0,0,0,10
09/14/2018,CHS,SC,ASO,ES,Combined TRACON& Tower with Radar,0,0,0,0,0,0,2,2,5,9,0,2,2,5,9,0,0,0,9
09/15/2018,CHS,SC,ASO,ES,Combined TRACON& Tower with Radar,9,0,6,7,22,0,0,0,2,2,9,0,6,9,24,0,0,0,24
09/16/2018,CHS,SC,ASO,ES,Combined TRACON& Tower with Radar,100,20,46,6,172,0,1,8,17,26,100,21,54,23,198,0,2,2,200
09/17/2018,CHS,SC,ASO,ES,Combined TRACON& Tower with Radar,138,28,44,5,215,0,6,26,22,54,138,34,70,27,269,0,2,2,271
09/18/2018,CHS,SC,ASO,ES,Combined TRACON& Tower with Radar,130,34,57,36,257,0,3,39,9,51,130,37,96,45,308,22,20,42,350
09/19/2018,CHS,SC,ASO,ES,Combined TRACON& Tower with Radar,143,25,71,26,265,0,2,54,3,59,143,27,125,29,324,4,18,22,346
09/20/2018,CHS,SC,ASO,ES,Combined TRACON& Tower with Radar,150,43,58,23,274,0,3,45,3,51,150,46,103,26,325,28,2,30,355
09/21/2018,CHS,SC,ASO,ES,Combined TRACON& Tower with Radar,154,53,73,31,311,2,7,50,10,69,156,60,123,41,380,30,34,64,444
09/22/2018,CHS,SC,ASO,ES,Combined TRACON& Tower with Radar,128,25,48,20,221,0,7,33,3,43,128,32,81,23,264,5,6,11,275
09/23/2018,CHS,SC,ASO,ES,Combined TRACON& Tower with Radar,146,40,59,13,258,0,4,25,6,35,146,44,84,19,293,4,8,12,305
09/24/2018,CHS,SC,ASO,ES,Combined TRACON& Tower with Radar,144,37,44,55,280,0,5,16,4,25,144,42,60,59,305,2,58,60,365
09/25/2018,CHS,SC,ASO,ES,Combined TRACON& Tower with Radar,136,36,86,41,299,0,4,22,2,28,136,40,108,43,327,12,18,30,357
09/26/2018,CHS,SC,ASO,ES,Combined TRACON& Tower with Radar,139,38,71,71,319,0,5,22,9,36,139,43,93,80,355,8,56,64,419
09/27/2018,CHS,SC,ASO,ES,Combined TRACON& Tower with Radar,158,59,63,32,312,0,4,47,6,57,158,63,110,38,369,22,30,52,421
09/28/2018,CHS,SC,ASO,ES,Combined TRACON& Tower with Radar,155,45,83,48,331,0,1,37,11,49,155,46,120,59,380,6,18,24,404
09/29/2018,CHS,SC,ASO,ES,Combined TRACON& Tower with Radar,127,40,42,5,214,0,1,6,5,12,127,41,48,10,226,6,4,10,236
09/30/2018,CHS,SC,ASO,ES,Combined TRACON& Tower with Radar,142,31,81,4,258,0,6,24,2,32,142,37,105,6,290,10,0,10,300
10/01/2018,CHS,SC,ASO,ES,Combined TRACON& Tower with Radar,151,36,51,41,279,0,2,17,6,25,151,38,68,47,304,0,16,16,320
10/02/2018,CHS,SC,ASO,ES,Combined TRACON& Tower with Radar,133,38,68,53,292,0,1,26,3,30,133,39,94,56,322,0,26,26,348
10/03/2018,CHS,SC,ASO,ES,Combined TRACON& Tower with Radar,145,45,67,34,291,0,2,38,2,42,145,47,105,36,333,4,8,12,345
10/04/2018,CHS,SC,ASO,ES,Combined TRACON& Tower with Radar,150,52,58,63,323,0,4,50,11,65,150,56,108,74,388,2,20,22,410
10/05/2018,CHS,SC,ASO,ES,Combined TRACON& Tower with Radar,152,43,71,40,306,0,1,41,2,44,152,44,112,42,350,12,10,22,372
10/06/2018,CHS,SC,ASO,ES,Combined TRACON& Tower with Radar,127,37,30,17,211,0,1,32,1,34,127,38,62,18,245,33,0,33,278
10/07/2018,CHS,SC,ASO,ES,Combined TRACON& Tower with Radar,143,47,47,12,249,0,1,24,0,25,143,48,71,12,274,2,2,4,278
10/08/2018,CHS,SC,ASO,ES,Combined TRACON& Tower with Radar,143,34,57,15,249,0,2,22,2,26,143,36,79,17,275,6,4,10,285
10/09/2018,CHS,SC,ASO,ES,Combined TRACON& Tower with Radar,137,59,75,31,302,0,0,14,3,17,137,59,89,34,319,0,6,6,325
10/10/2018,CHS,SC,ASO,ES,Combined TRACON& Tower with Radar,143,35,38,23,239,0,0,4,0,4,143,35,42,23,243,2,0,2,245
10/11/2018,CHS,SC,ASO,ES,Combined TRACON& Tower with Radar,109,11,29,28,177,0,0,3,0,3,109,11,32,28,180,2,0,2,182
10/12/2018,CHS,SC,ASO,ES,Combined TRACON& Tower with Radar,149,57,83,33,322,0,2,50,6,58,149,59,133,39,380,2,18,20,400
10/13/2018,CHS,SC,ASO,ES,Combined TRACON& Tower with Radar,131,33,56,16,236,0,3,51,4,58,131,36,107,20,294,40,22,62,356
10/14/2018,CHS,SC,ASO,ES,Combined TRACON& Tower with Radar,142,38,72,13,265,0,1,33,2,36,142,39,105,15,301,0,0,0,301
10/15/2018,CHS,SC,ASO,ES,Combined TRACON& Tower with Radar,146,50,55,53,304,0,0,27,0,27,146,50,82,53,331,2,42,44,375
10/16/2018,CHS,SC,ASO,ES,Combined TRACON& Tower with Radar,135,54,67,56,312,0,3,27,0,30,135,57,94,56,342,4,14,18,360
10/17/2018,CHS,SC,ASO,ES,Combined TRACON& Tower with Radar,147,51,82,32,312,0,4,24,4,32,147,55,106,36,344,6,8,14,358
10/18/2018,CHS,SC,ASO,ES,Combined TRACON& Tower with Radar,148,60,89,37,334,0,4,32,4,40,148,64,121,41,374,4,0,4,378
10/19/2018,CHS,SC,ASO,ES,Combined TRACON& Tower with Radar,157,57,89,39,342,0,6,43,1,50,157,63,132,40,392,9,4,13,405
10/20/2018,CHS,SC,ASO,ES,Combined TRACON& Tower with Radar,136,34,34,13,217,0,5,25,6,36,136,39,59,19,253,1,8,9,262
10/21/2018,CHS,SC,ASO,ES,Combined TRACON& Tower with Radar,140,51,80,14,285,0,5,33,2,40,140,56,113,16,325,0,0,0,325
10/22/2018,CHS,SC,ASO,ES,Combined TRACON& Tower with Radar,153,36,64,56,309,0,5,38,6,49,153,41,102,62,358,10,50,60,418
10/23/2018,CHS,SC,ASO,ES,Combined TRACON& Tower with Radar,140,25,70,54,289,0,3,37,7,47,140,28,107,61,336,32,34,66,402
10/24/2018,CHS,SC,ASO,ES,Combined TRACON& Tower with Radar,146,52,89,49,336,0,2,45,5,52,146,54,134,54,388,8,8,16,404
10/25/2018,CHS,SC,ASO,ES,Combined TRACON& Tower with Radar,151,59,74,26,310,0,0,24,0,24,151,59,98,26,334,2,0,2,336
10/26/2018,CHS,SC,ASO,ES,Combined TRACON& Tower with Radar,151,62,78,17,308,0,0,0,4,4,151,62,78,21,312,2,0,2,314
10/27/2018,CHS,SC,ASO,ES,Combined TRACON& Tower with Radar,130,39,56,7,232,0,1,14,2,17,130,40,70,9,249,6,0,6,255
10/28/2018,CHS,SC,ASO,ES,Combined TRACON& Tower with Radar,142,59,67,11,279,0,5,35,3,43,142,64,102,14,322,0,2,2,324
10/29/2018,CHS,SC,ASO,ES,Combined TRACON& Tower with Radar,131,34,53,56,274,0,3,59,3,65,131,37,112,59,339,0,35,35,374
10/30/2018,CHS,SC,ASO,ES,Combined TRACON& Tower with Radar,139,35,49,31,254,0,14,45,9,68,139,49,94,40,322,48,38,86,408
10/31/2018,CHS,SC,ASO,ES,Combined TRACON& Tower with Radar,121,41,58,38,258,0,2,29,4,35,121,43,87,42,293,6,16,22,315
11/01/2018,CHS,SC,ASO,ES,Combined TRACON& Tower with Radar,134,40,92,40,306,0,0,10,4,14,134,40,102,44,320,2,20,22,342
11/02/2018,CHS,SC,ASO,ES,Combined TRACON& Tower with Radar,144,61,49,35,289,0,10,13,4,27,144,71,62,39,316,2,16,18,334
11/03/2018,CHS,SC,ASO,ES,Combined TRACON& Tower with Radar,126,38,51,16,231,0,7,38,2,47,126,45,89,18,278,2,34,36,314
11/04/2018,CHS,SC,ASO,ES,Combined TRACON& Tower with Radar,138,47,62,34,281,0,1,27,2,30,138,48,89,36,311,10,28,38,349
11/05/2018,CHS,SC,ASO,ES,Combined TRACON& Tower with Radar,149,58,61,96,364,0,0,2,3,5,149,58,63,99,369,2,58,60,429
11/06/2018,CHS,SC,ASO,ES,Combined TRACON& Tower with Radar,137,36,61,74,308,0,3,30,5,38,137,39,91,79,346,2,40,42,388
11/07/2018,CHS,SC,ASO,ES,Combined TRACON& Tower with Radar,149,47,98,36,330,0,0,14,1,15,149,47,112,37,345,11,3,14,359
11/08/2018,CHS,SC,ASO,ES,Combined TRACON& Tower with Radar,146,48,80,45,319,0,1,0,0,1,146,49,80,45,320,4,22,26,346
11/09/2018,CHS,SC,ASO,ES,Combined TRACON& Tower with Radar,154,38,89,25,306,0,0,4,2,6,154,38,93,27,312,0,20,20,332
11/10/2018,CHS,SC,ASO,ES,Combined TRACON& Tower with Radar,130,37,44,5,216,0,1,25,3,29,130,38,69,8,245,8,6,14,259
11/11/2018,CHS,SC,ASO,ES,Combined TRACON& Tower with Radar,144,39,75,12,270,0,2,41,5,48,144,41,116,17,318,0,2,2,320
11/12/2018,CHS,SC,ASO,ES,Combined TRACON& Tower with Radar,143,43,63,9,258,0,0,1,0,1,143,43,64,9,259,4,0,4,263
11/13/2018,CHS,SC,ASO,ES,Combined TRACON& Tower with Radar,144,36,59,21,260,0,0,1,0,1,144,36,60,21,261,4,14,18,279
11/14/2018,CHS,SC,ASO,ES,Combined TRACON& Tower with Radar,148,37,65,27,277,0,0,1,0,1,148,37,66,27,278,4,16,20,298
11/15/2018,CHS,SC,ASO,ES,Combined TRACON& Tower with Radar,136,33,74,50,293,0,1,1,1,3,136,34,75,51,296,2,28,30,326
11/16/2018,CHS,SC,ASO,ES,Combined TRACON& Tower with Radar,149,44,90,36,319,0,2,38,3,43,149,46,128,39,362,12,34,46,408
11/17/2018,CHS,SC,ASO,ES,Combined TRACON& Tower with Radar,136,35,55,15,241,0,6,53,4,63,136,41,108,19,304,7,16,23,327
11/18/2018,CHS,SC,ASO,ES,Combined TRACON& Tower with Radar,139,22,61,16,238,0,2,27,5,34,139,24,88,21,272,2,0,2,274
11/19/2018,CHS,SC,ASO,ES,Combined TRACON& Tower with Radar,138,33,76,47,294,0,3,30,3,36,138,36,106,50,330,3,28,31,361
11/20/2018,CHS,SC,ASO,ES,Combined TRACON& Tower with Radar,155,59,81,39,334,0,3,39,15,57,155,62,120,54,391,16,28,44,435
11/21/2018,CHS,SC,ASO,ES,Combined TRACON& Tower with Radar,168,58,66,16,308,0,2,38,3,43,168,60,104,19,351,8,10,18,369
11/22/2018,CHS,SC,ASO,ES,Combined TRACON& Tower with Radar,81,17,21,2,121,0,6,12,4,22,81,23,33,6,143,4,0,4,147
11/23/2018,CHS,SC,ASO,ES,Combined TRACON& Tower with Radar,100,37,50,8,195,0,0,7,2,9,100,37,57,10,204,0,0,0,204
11/24/2018,CHS,SC,ASO,ES,Combined TRACON& Tower with Radar,151,44,50,4,249,0,0,4,0,4,151,44,54,4,253,10,0,10,263
11/25/2018,CHS,SC,ASO,ES,Combined TRACON& Tower with Radar,151,47,112,3,313,0,4,21,0,25,151,51,133,3,338,0,0,0,338
11/26/2018,CHS,SC,ASO,ES,Combined TRACON& Tower with Radar,144,41,37,35,257,0,1,7,6,14,144,42,44,41,271,0,12,12,283
11/27/2018,CHS,SC,ASO,ES,Combined TRACON& Tower with Radar,138,52,58,61,309,0,2,27,2,31,138,54,85,63,340,8,14,22,362
11/28/2018,CHS,SC,ASO,ES,Combined TRACON& Tower with Radar,130,35,67,57,289,0,1,46,0,47,130,36,113,57,336,2,26,28,364
11/29/2018,CHS,SC,ASO,ES,Combined TRACON& Tower with Radar,133,38,75,60,306,0,3,37,6,46,133,41,112,66,352,0,40,40,392
11/30/2018,CHS,SC,ASO,ES,Combined TRACON& Tower with Radar,134,45,62,39,280,0,2,46,3,51,134,47,108,42,331,2,44,46,377
12/01/2018,CHS,SC,ASO,ES,Combined TRACON& Tower with Radar,111,18,29,31,189,0,0,2,0,2,111,18,31,31,191,0,12,12,203
12/02/2018,CHS,SC,ASO,ES,Combined TRACON& Tower with Radar,127,34,29,8,198,0,0,0,0,0,127,34,29,8,198,2,0,2,200
12/03/2018,CHS,SC,ASO,ES,Combined TRACON& Tower with Radar,131,37,61,39,268,0,4,26,5,35,131,41,87,44,303,4,48,52,355
12/04/2018,CHS,SC,ASO,ES,Combined TRACON& Tower with Radar,122,53,61,15,251,0,2,34,9,45,122,55,95,24,296,14,8,22,318
12/05/2018,CHS,SC,ASO,ES,Combined TRACON& Tower with Radar,129,41,66,5,241,0,2,35,12,49,129,43,101,17,290,11,34,45,335
12/06/2018,CHS,SC,ASO,ES,Combined TRACON& Tower with Radar,131,46,64,47,288,0,5,47,14,66,131,51,111,61,354,4,34,38,392
12/07/2018,CHS,SC,ASO,ES,Combined TRACON& Tower with Radar,129,38,61,20,248,0,4,51,8,63,129,42,112,28,311,0,12,12,323
12/08/2018,CHS,SC,ASO,ES,Combined TRACON& Tower with Radar,101,21,26,11,159,0,2,13,2,17,101,23,39,13,176,0,6,6,182
12/09/2018,CHS,SC,ASO,ES,Combined TRACON& Tower with Radar,108,32,34,5,179,0,0,0,0,0,108,32,34,5,179,0,0,0,179
12/10/2018,CHS,SC,ASO,ES,Combined TRACON& Tower with Radar,117,34,33,38,222,0,2,1,0,3,117,36,34,38,225,6,28,34,259
12/11/2018,CHS,SC,ASO,ES,Combined TRACON& Tower with Radar,124,36,50,42,252,0,3,31,2,36,124,39,81,44,288,3,34,37,325
12/12/2018,CHS,SC,ASO,ES,Combined TRACON& Tower with Radar,131,46,93,50,320,0,0,42,2,44,131,46,135,52,364,0,24,24,388
12/13/2018,CHS,SC,ASO,ES,Combined TRACON& Tower with Radar,132,43,77,46,298,0,1,41,0,42,132,44,118,46,340,2,24,26,366
12/14/2018,CHS,SC,ASO,ES,Combined TRACON& Tower with Radar,128,39,57,21,245,0,0,0,0,0,128,39,57,21,245,0,4,4,249
12/15/2018,CHS,SC,ASO,ES,Combined TRACON& Tower with Radar,103,26,41,16,186,0,0,9,5,14,103,26,50,21,200,10,4,14,214
12/16/2018,CHS,SC,ASO,ES,Combined TRACON& Tower with Radar,119,35,53,15,222,0,1,43,2,46,119,36,96,17,268,12,14,26,294
12/17/2018,CHS,SC,ASO,ES,Combined TRACON& Tower with Radar,122,24,55,60,261,0,5,40,1,46,122,29,95,61,307,4,42,46,353
12/18/2018,CHS,SC,ASO,ES,Combined TRACON& Tower with Radar,123,48,82,56,309,0,3,43,7,53,123,51,125,63,362,6,36,42,404
12/19/2018,CHS,SC,ASO,ES,Combined TRACON& Tower with Radar,137,38,80,64,319,0,2,27,4,33,137,40,107,68,352,0,40,40,392
12/20/2018,CHS,SC,ASO,ES,Combined TRACON& Tower with Radar,135,40,64,28,267,0,1,0,1,2,135,41,64,29,269,0,0,0,269
12/21/2018,CHS,SC,ASO,ES,Combined TRACON& Tower with Radar,148,37,72,6,263,0,1,3,3,7,148,38,75,9,270,2,4,6,276
12/22/2018,CHS,SC,ASO,ES,Combined TRACON& Tower with Radar,138,48,47,2,235,0,2,24,0,26,138,50,71,2,261,2,0,2,263
12/23/2018,CHS,SC,ASO,ES,Combined TRACON& Tower with Radar,140,28,43,2,213,0,2,32,2,36,140,30,75,4,249,2,0,2,251
12/24/2018,CHS,SC,ASO,ES,Combined TRACON& Tower with Radar,98,30,21,12,161,0,2,21,1,24,98,32,42,13,185,2,8,10,195
12/25/2018,CHS,SC,ASO,ES,Combined TRACON& Tower with Radar,93,37,10,0,140,0,0,17,1,18,93,37,27,1,158,14,0,14,172
12/26/2018,CHS,SC,ASO,ES,Combined TRACON& Tower with Radar,132,55,61,11,259,0,2,20,3,25,132,57,81,14,284,4,0,4,288
12/27/2018,CHS,SC,ASO,ES,Combined TRACON& Tower with Radar,138,48,74,29,289,0,0,5,1,6,138,48,79,30,295,0,0,0,295
12/28/2018,CHS,SC,ASO,ES,Combined TRACON& Tower with Radar,151,48,68,51,318,0,0,0,1,1,151,48,68,52,319,0,44,44,363
12/29/2018,CHS,SC,ASO,ES,Combined TRACON& Tower with Radar,131,47,39,3,220,0,1,13,0,14,131,48,52,3,234,0,0,0,234
12/30/2018,CHS,SC,ASO,ES,Combined TRACON& Tower with Radar,137,41,30,4,212,0,0,0,0,0,137,41,30,4,212,0,0,0,212
12/31/2018,CHS,SC,ASO,ES,Combined TRACON& Tower with Radar,105,27,30,1,163,0,0,0,0,0,105,27,30,1,163,4,0,4,167
01/01/2019,CHS,SC,ASO,ES,Combined TRACON& Tower with Radar,100,36,34,5,175,0,3,24,1,28,100,39,58,6,203,6,0,6,209
01/02/2019,CHS,SC,ASO,ES,Combined TRACON& Tower with Radar,138,47,51,12,248,0,0,1,0,1,138,47,52,12,249,12,4,16,265
01/03/2019,CHS,SC,ASO,ES,Combined TRACON& Tower with Radar,124,35,45,84,288,0,0,4,1,5,124,35,49,85,293,0,86,86,379
01/04/2019,CHS,SC,ASO,ES,Combined TRACON& Tower with Radar,117,46,42,19,224,0,1,0,0,1,117,47,42,19,225,0,6,6,231
01/05/2019,CHS,SC,ASO,ES,Combined TRACON& Tower with Radar,106,57,36,7,206,0,5,39,6,50,106,62,75,13,256,15,2,17,273
01/06/2019,CHS,SC,ASO,ES,Combined TRACON& Tower with Radar,126,44,49,9,228,0,5,49,4,58,126,49,98,13,286,4,0,4,290
01/07/2019,CHS,SC,ASO,ES,Combined TRACON& Tower with Radar,109,33,53,57,252,0,5,40,5,50,109,38,93,62,302,0,38,38,340
01/08/2019,CHS,SC,ASO,ES,Combined TRACON& Tower with Radar,112,31,61,16,220,0,0,39,2,41,112,31,100,18,261,10,2,12,273
01/09/2019,CHS,SC,ASO,ES,Combined TRACON& Tower with Radar,115,47,49,43,254,0,0,33,0,33,115,47,82,43,287,58,20,78,365
01/10/2019,CHS,SC,ASO,ES,Combined TRACON& Tower with Radar,114,53,64,86,317,3,3,42,15,63,117,56,106,101,380,4,107,111,491
01/11/2019,CHS,SC,ASO,ES,Combined TRACON& Tower with Radar,117,31,47,49,244,0,8,41,7,56,117,39,88,56,300,0,30,30,330
01/12/2019,CHS,SC,ASO,ES,Combined TRACON& Tower with Radar,93,36,24,13,166,0,1,15,1,17,93,37,39,14,183,0,0,0,183
01/13/2019,CHS,SC,ASO,ES,Combined TRACON& Tower with Radar,98,31,40,14,183,0,0,0,0,0,98,31,40,14,183,0,0,0,183
01/14/2019,CHS,SC,ASO,ES,Combined TRACON& Tower with Radar,112,37,42,58,249,0,0,1,0,1,112,37,43,58,250,0,9,9,259
01/15/2019,CHS,SC,ASO,ES,Combined TRACON& Tower with Radar,107,41,69,36,253,0,2,38,4,44,107,43,107,40,297,18,13,31,328
01/16/2019,CHS,SC,ASO,ES,Combined TRACON& Tower with Radar,118,42,54,52,266,0,1,58,3,62,118,43,112,55,328,6,58,64,392
01/17/2019,CHS,SC,ASO,ES,Combined TRACON& Tower with Radar,117,52,58,44,271,0,3,41,0,44,117,55,99,44,315,2,20,22,337
01/18/2019,CHS,SC,ASO,ES,Combined TRACON& Tower with Radar,115,51,79,30,275,0,3,29,2,34,115,54,108,32,309,0,46,46,355
01/19/2019,CHS,SC,ASO,ES,Combined TRACON& Tower with Radar,83,28,17,18,146,0,7,24,8,39,83,35,41,26,185,2,12,14,199
01/20/2019,CHS,SC,ASO,ES,Combined TRACON& Tower with Radar,86,31,27,18,162,0,2,9,7,18,86,33,36,25,180,2,13,15,195
01/21/2019,CHS,SC,ASO,ES,Combined TRACON& Tower with Radar,115,45,53,6,219,0,2,53,6,61,115,47,106,12,280,2,3,5,285
01/22/2019,CHS,SC,ASO,ES,Combined TRACON& Tower with Radar,112,43,54,32,241,0,9,58,1,68,112,52,112,33,309,0,30,30,339
01/23/2019,CHS,SC,ASO,ES,Combined TRACON& Tower with Radar,111,41,45,31,228,0,1,20,1,22,111,42,65,32,250,4,8,12,262
01/24/2019,CHS,SC,ASO,ES,Combined TRACON& Tower with Radar,120,37,56,40,253,0,1,13,4,18,120,38,69,44,271,2,57,59,330
01/25/2019,CHS,SC,ASO,ES,Combined TRACON& Tower with Radar,119,45,91,33,288,0,5,57,15,77,119,50,148,48,365,2,36,38,403
01/26/2019,CHS,SC,ASO,ES,Combined TRACON& Tower with Radar,99,29,30,14,172,0,8,48,8,64,99,37,78,22,236,14,6,20,256
01/27/2019,CHS,SC,ASO,ES,Combined TRACON& Tower with Radar,111,37,42,28,218,0,4,32,5,41,111,41,74,33,259,6,10,16,275
01/28/2019,CHS,SC,ASO,ES,Combined TRACON& Tower with Radar,110,43,58,57,268,0,3,38,6,47,110,46,96,63,315,8,37,45,360
01/29/2019,CHS,SC,ASO,ES,Combined TRACON& Tower with Radar,104,40,56,54,254,0,1,24,3,28,104,41,80,57,282,4,46,50,332
01/30/2019,CHS,SC,ASO,ES,Combined TRACON& Tower with Radar,113,30,55,33,231,0,5,44,10,59,113,35,99,43,290,20,26,46,336
01/31/2019,CHS,SC,ASO,ES,Combined TRACON& Tower with Radar,121,47,54,29,251,0,3,35,6,44,121,50,89,35,295,16,28,44,339
02/01/2019,CHS,SC,ASO,ES,Combined TRACON& Tower with Radar,116,54,71,42,283,0,1,58,9,68,116,55,129,51,351,30,28,58,409
02/02/2019,CHS,SC,ASO,ES,Combined TRACON& Tower with Radar,83,43,40,11,177,0,2,24,1,27,83,45,64,12,204,8,2,10,214
02/03/2019,CHS,SC,ASO,ES,Combined TRACON& Tower with Radar,97,40,39,6,182,0,0,1,0,1,97,40,40,6,183,2,0,2,185
02/04/2019,CHS,SC,ASO,ES,Combined TRACON& Tower with Radar,109,45,60,28,242,0,5,36,7,48,109,50,96,35,290,2,0,2,292
02/05/2019,CHS,SC,ASO,ES,Combined TRACON& Tower with Radar,112,40,62,39,253,0,3,45,8,56,112,43,107,47,309,22,14,36,345
02/06/2019,CHS,SC,ASO,ES,Combined TRACON& Tower with Radar,117,50,61,79,307,0,2,34,5,41,117,52,95,84,348,6,70,76,424
02/07/2019,CHS,SC,ASO,ES,Combined TRACON& Tower with Radar,114,41,61,44,260,0,4,46,8,58,114,45,107,52,318,0,54,54,372
02/08/2019,CHS,SC,ASO,ES,Combined TRACON& Tower with Radar,118,40,57,71,286,0,4,31,6,41,118,44,88,77,327,8,97,105,432
02/09/2019,CHS,SC,ASO,ES,Combined TRACON& Tower with Radar,94,38,23,6,161,0,5,36,5,46,94,43,59,11,207,4,0,4,211
02/10/2019,CHS,SC,ASO,ES,Combined TRACON& Tower with Radar,108,37,69,14,228,0,0,7,4,11,108,37,76,18,239,2,4,6,245
02/11/2019,CHS,SC,ASO,ES,Combined TRACON& Tower with Radar,111,47,53,37,248,0,0,0,0,0,111,47,53,37,248,0,16,16,264
02/12/2019,CHS,SC,ASO,ES,Combined TRACON& Tower with Radar,120,45,51,47,263,0,1,7,4,12,120,46,58,51,275,4,31,35,310
02/13/2019,CHS,SC,ASO,ES,Combined TRACON& Tower with Radar,125,41,67,18,251,0,1,42,6,49,125,42,109,24,300,0,6,6,306
02/14/2019,CHS,SC,ASO,ES,Combined TRACON& Tower with Radar,135,46,114,23,318,0,6,64,9,79,135,52,178,32,397,2,16,18,415
02/15/2019,CHS,SC,ASO,ES,Combined TRACON& Tower with Radar,136,49,83,21,289,0,5,45,3,53,136,54,128,24,342,2,4,6,348
02/16/2019,CHS,SC,ASO,ES,Combined TRACON& Tower with Radar,109,47,46,14,216,0,5,5,2,12,109,52,51,16,228,4,0,4,232
02/17/2019,CHS,SC,ASO,ES,Combined TRACON& Tower with Radar,104,40,71,19,234,0,0,2,0,2,104,40,73,19,236,0,0,0,236
02/18/2019,CHS,SC,ASO,ES,Combined TRACON& Tower with Radar,127,47,58,23,255,0,2,29,1,32,127,49,87,24,287,0,0,0,287
02/19/2019,CHS,SC,ASO,ES,Combined TRACON& Tower with Radar,122,36,71,53,282,0,1,31,2,34,122,37,102,55,316,14,26,40,356
02/20/2019,CHS,SC,ASO,ES,Combined TRACON& Tower with Radar,124,31,55,76,286,0,0,0,0,0,124,31,55,76,286,2,60,62,348
02/21/2019,CHS,SC,ASO,ES,Combined TRACON& Tower with Radar,138,39,104,44,325,0,3,29,1,33,138,42,133,45,358,40,16,56,414
02/22/2019,CHS,SC,ASO,ES,Combined TRACON& Tower with Radar,131,48,68,39,286,0,2,1,2,5,131,50,69,41,291,0,2,2,293
02/23/2019,CHS,SC,ASO,ES,Combined TRACON& Tower with Radar,108,33,40,36,217,0,0,0,0,0,108,33,40,36,217,2,6,8,225
02/24/2019,CHS,SC,ASO,ES,Combined TRACON& Tower with Radar,122,51,42,20,235,0,1,8,0,9,122,52,50,20,244,0,0,0,244
02/25/2019,CHS,SC,ASO,ES,Combined TRACON& Tower with Radar,124,29,81,32,266,0,3,59,0,62,124,32,140,32,328,0,22,22,350
02/26/2019,CHS,SC,ASO,ES,Combined TRACON& Tower with Radar,124,30,50,42,246,0,3,53,2,58,124,33,103,44,304,12,24,36,340
02/27/2019,CHS,SC,ASO,ES,Combined TRACON& Tower with Radar,137,47,72,59,315,0,3,19,2,24,137,50,91,61,339,29,48,77,416
02/28/2019,CHS,SC,ASO,ES,Combined TRACON& Tower with Radar,129,31,80,68,308,0,0,20,0,20,129,31,100,68,328,4,50,54,382
03/01/2019,CHS,SC,ASO,ES,Combined TRACON& Tower with Radar,131,37,65,47,280,0,1,5,0,6,131,38,70,47,286,6,22,28,314
03/02/2019,CHS,SC,ASO,ES,Combined TRACON& Tower with Radar,117,34,44,27,222,0,2,35,3,40,117,36,79,30,262,16,13,29,291
03/03/2019,CHS,SC,ASO,ES,Combined TRACON& Tower with Radar,119,27,36,7,189,0,0,0,0,0,119,27,36,7,189,0,0,0,189
03/04/2019,CHS,SC,ASO,ES,Combined TRACON& Tower with Radar,134,37,75,41,287,0,0,13,0,13,134,37,88,41,300,0,12,12,312
03/05/2019,CHS,SC,ASO,ES,Combined TRACON& Tower with Radar,129,37,56,36,258,0,1,8,0,9,129,38,64,36,267,0,0,0,267
03/06/2019,CHS,SC,ASO,ES,Combined TRACON& Tower with Radar,142,33,74,54,303,0,1,49,4,54,142,34,123,58,357,10,14,24,381
03/07/2019,CHS,SC,ASO,ES,Combined TRACON& Tower with Radar,138,46,90,61,335,0,5,47,6,58,138,51,137,67,393,11,94,105,498
03/08/2019,CHS,SC,ASO,ES,Combined TRACON& Tower with Radar,147,43,41,35,266,0,2,23,4,29,147,45,64,39,295,6,24,30,325
03/09/2019,CHS,SC,ASO,ES,Combined TRACON& Tower with Radar,125,34,28,19,206,0,6,22,4,32,125,40,50,23,238,0,20,20,258
03/10/2019,CHS,SC,ASO,ES,Combined TRACON& Tower with Radar,139,24,66,12,241,0,2,23,3,28,139,26,89,15,269,2,14,16,285
03/11/2019,CHS,SC,ASO,ES,Combined TRACON& Tower with Radar,138,34,55,48,275,0,1,19,9,29,138,35,74,57,304,2,24,26,330
03/12/2019,CHS,SC,ASO,ES,Combined TRACON& Tower with Radar,140,29,50,54,273,0,2,41,14,57,140,31,91,68,330,4,28,32,362
03/13/2019,CHS,SC,ASO,ES,Combined TRACON& Tower with Radar,148,35,68,55,306,0,2,29,7,38,148,37,97,62,344,0,68,68,412
03/14/2019,CHS,SC,ASO,ES,Combined TRACON& Tower with Radar,149,43,85,65,342,0,0,39,16,55,149,43,124,81,397,0,43,43,440
03/15/2019,CHS,SC,ASO,ES,Combined TRACON& Tower with Radar,142,40,69,34,285,0,2,25,16,43,142,42,94,50,328,4,81,85,413
03/16/2019,CHS,SC,ASO,ES,Combined TRACON& Tower with Radar,129,37,38,10,214,0,2,35,2,39,129,39,73,12,253,6,0,6,259
03/17/2019,CHS,SC,ASO,ES,Combined TRACON& Tower with Radar,136,35,52,22,245,0,3,28,7,38,136,38,80,29,283,2,30,32,315
03/18/2019,CHS,SC,ASO,ES,Combined TRACON& Tower with Radar,146,29,68,23,266,0,1,33,3,37,146,30,101,26,303,4,4,8,311
03/19/2019,CHS,SC,ASO,ES,Combined TRACON& Tower with Radar,147,43,44,44,278,0,1,42,2,45,147,44,86,46,323,4,23,27,350
03/20/2019,CHS,SC,ASO,ES,Combined TRACON& Tower with Radar,147,36,70,80,333,0,0,26,5,31,147,36,96,85,364,2,50,52,416
03/21/2019,CHS,SC,ASO,ES,Combined TRACON& Tower with Radar,171,42,54,38,305,0,0,38,1,39,171,42,92,39,344,6,38,44,388
03/22/2019,CHS,SC,ASO,ES,Combined TRACON& Tower with Radar,155,41,83,25,304,0,5,42,4,51,155,46,125,29,355,14,16,30,385
03/23/2019,CHS,SC,ASO,ES,Combined TRACON& Tower with Radar,125,50,68,26,269,0,0,60,13,73,125,50,128,39,342,10,26,36,378
03/24/2019,CHS,SC,ASO,ES,Combined TRACON& Tower with Radar,141,52,49,31,273,0,2,32,9,43,141,54,81,40,316,20,0,20,336
03/25/2019,CHS,SC,ASO,ES,Combined TRACON& Tower with Radar,137,36,48,44,265,0,3,30,4,37,137,39,78,48,302,6,26,32,334
03/26/2019,CHS,SC,ASO,ES,Combined TRACON& Tower with Radar,154,39,48,16,257,0,1,8,4,13,154,40,56,20,270,0,0,0,270
03/27/2019,CHS,SC,ASO,ES,Combined TRACON& Tower with Radar,151,33,55,49,288,0,4,43,2,49,151,37,98,51,337,2,6,8,345
03/28/2019,CHS,SC,ASO,ES,Combined TRACON& Tower with Radar,155,42,76,50,323,0,6,53,5,64,155,48,129,55,387,6,18,24,411
03/29/2019,CHS,SC,ASO,ES,Combined TRACON& Tower with Radar,152,35,82,18,287,0,9,52,4,65,152,44,134,22,352,36,2,38,390
03/30/2019,CHS,SC,ASO,ES,Combined TRACON& Tower with Radar,125,42,67,5,239,0,6,62,6,74,125,48,129,11,313,8,2,10,323
03/31/2019,CHS,SC,ASO,ES,Combined TRACON& Tower with Radar,139,48,72,21,280,0,9,18,8,35,139,57,90,29,315,8,4,12,327
04/01/2019,CHS,SC,ASO,ES,Combined TRACON& Tower with Radar,139,25,69,33,266,0,6,23,4,33,139,31,92,37,299,1,18,19,318
04/02/2019,CHS,SC,ASO,ES,Combined TRACON& Tower with Radar,143,31,63,42,279,0,0,8,0,8,143,31,71,42,287,0,18,18,305
04/03/2019,CHS,SC,ASO,ES,Combined TRACON& Tower with Radar,148,26,83,42,299,0,2,55,9,66,148,28,138,51,365,12,14,26,391
04/04/2019,CHS,SC,ASO,ES,Combined TRACON& Tower with Radar,152,38,77,34,301,0,6,41,11,58,152,44,118,45,359,23,18,41,400
04/05/2019,CHS,SC,ASO,ES,Combined TRACON& Tower with Radar,144,38,99,25,306,0,2,15,2,19,144,40,114,27,325,4,26,30,355
04/06/2019,CHS,SC,ASO,ES,Combined TRACON& Tower with Radar,135,24,52,28,239,0,4,15,0,19,135,28,67,28,258,0,26,26,284
04/07/2019,CHS,SC,ASO,ES,Combined TRACON& Tower with Radar,138,46,70,17,271,0,3,7,5,15,138,49,77,22,286,0,4,4,290
04/08/2019,CHS,SC,ASO,ES,Combined TRACON& Tower with Radar,152,25,49,17,243,0,2,22,2,26,152,27,71,19,269,4,6,10,279
04/09/2019,CHS,SC,ASO,ES,Combined TRACON& Tower with Radar,145,48,58,13,264,0,0,6,1,7,145,48,64,14,271,14,7,21,292
04/10/2019,CHS,SC,ASO,ES,Combined TRACON& Tower with Radar,146,45,80,16,287,0,5,30,2,37,146,50,110,18,324,0,0,0,324
04/11/2019,CHS,SC,ASO,ES,Combined TRACON& Tower with Radar,146,52,104,33,335,0,3,39,5,47,146,55,143,38,382,13,26,39,421
04/12/2019,CHS,SC,ASO,ES,Combined TRACON& Tower with Radar,140,54,78,43,315,0,3,11,4,18,140,57,89,47,333,2,28,30,363
04/13/2019,CHS,SC,ASO,ES,Combined TRACON& Tower with Radar,143,43,45,23,254,0,6,32,5,43,143,49,77,28,297,2,4,6,303
04/14/2019,CHS,SC,ASO,ES,Combined TRACON& Tower with Radar,142,39,68,10,259,0,2,3,0,5,142,41,71,10,264,1,0,1,265
04/15/2019,CHS,SC,ASO,ES,Combined TRACON& Tower with Radar,162,44,61,16,283,0,2,21,3,26,162,46,82,19,309,8,2,10,319
04/16/2019,CHS,SC,ASO,ES,Combined TRACON& Tower with Radar,152,36,62,38,288,0,4,59,5,68,152,40,121,43,356,16,28,44,400
04/17/2019,CHS,SC,ASO,ES,Combined TRACON& Tower with Radar,151,42,70,47,310,0,4,54,4,62,151,46,124,51,372,4,14,18,390
04/18/2019,CHS,SC,ASO,ES,Combined TRACON& Tower with Radar,153,46,122,34,355,0,2,37,7,46,153,48,159,41,401,8,12,20,421
04/19/2019,CHS,SC,ASO,ES,Combined TRACON& Tower with Radar,138,56,31,21,246,0,0,1,1,2,138,56,32,22,248,6,6,12,260
04/20/2019,CHS,SC,ASO,ES,Combined TRACON& Tower with Radar,147,40,48,1,236,0,4,31,3,38,147,44,79,4,274,5,0,5,279
04/21/2019,CHS,SC,ASO,ES,Combined TRACON& Tower with Radar,151,53,52,4,260,0,3,25,0,28,151,56,77,4,288,4,0,4,292
04/22/2019,CHS,SC,ASO,ES,Combined TRACON& Tower with Radar,145,52,84,39,320,0,3,57,6,66,145,55,141,45,386,8,13,21,407
04/23/2019,CHS,SC,ASO,ES,Combined TRACON& Tower with Radar,144,41,62,29,276,0,5,48,3,56,144,46,110,32,332,2,4,6,338
04/24/2019,CHS,SC,ASO,ES,Combined TRACON& Tower with Radar,153,45,75,32,305,0,1,45,14,60,153,46,120,46,365,14,28,42,407
04/25/2019,CHS,SC,ASO,ES,Combined TRACON& Tower with Radar,153,39,84,32,308,0,3,31,6,40,153,42,115,38,348,32,11,43,391
04/26/2019,CHS,SC,ASO,ES,Combined TRACON& Tower with Radar,152,46,73,34,305,0,4,16,10,30,152,50,89,44,335,2,16,18,353
04/27/2019,CHS,SC,ASO,ES,Combined TRACON& Tower with Radar,151,36,40,12,239,0,9,55,4,68,151,45,95,16,307,2,0,2,309
04/28/2019,CHS,SC,ASO,ES,Combined TRACON& Tower with Radar,152,43,62,13,270,0,2,28,2,32,152,45,90,15,302,2,14,16,318
04/29/2019,CHS,SC,ASO,ES,Combined TRACON& Tower with Radar,142,34,90,40,306,0,4,40,5,49,142,38,130,45,355,8,12,20,375
04/30/2019,CHS,SC,ASO,ES,Combined TRACON& Tower with Radar,144,40,58,31,273,0,5,44,13,62,144,45,102,44,335,2,12,14,349
05/01/2019,CHS,SC,ASO,ES,Combined TRACON& Tower with Radar,142,40,72,76,330,0,5,48,8,61,142,45,120,84,391,14,60,74,465
05/02/2019,CHS,SC,ASO,ES,Combined TRACON& Tower with Radar,157,55,76,34,322,0,0,36,1,37,157,55,112,35,359,4,16,20,379
05/03/2019,CHS,SC,ASO,ES,Combined TRACON& Tower with Radar,159,55,52,24,290,0,0,3,2,5,159,55,55,26,295,4,2,6,301
05/04/2019,CHS,SC,ASO,ES,Combined TRACON& Tower with Radar,151,33,30,9,223,0,4,10,2,16,151,37,40,11,239,34,0,34,273
05/05/2019,CHS,SC,ASO,ES,Combined TRACON& Tower with Radar,156,65,63,8,292,0,1,7,2,10,156,66,70,10,302,0,0,0,302
05/06/2019,CHS,SC,ASO,ES,Combined TRACON& Tower with Radar,161,53,59,32,305,0,2,33,1,36,161,55,92,33,341,2,15,17,358
05/07/2019,CHS,SC,ASO,ES,Combined TRACON& Tower with Radar,142,49,63,41,295,0,2,48,4,54,142,51,111,45,349,2,36,38,387
05/08/2019,CHS,SC,ASO,ES,Combined TRACON& Tower with Radar,146,44,58,30,278,0,8,31,4,43,146,52,89,34,321,0,0,0,321
05/09/2019,CHS,SC,ASO,ES,Combined TRACON& Tower with Radar,168,63,93,56,380,0,2,22,5,29,168,65,115,61,409,6,46,52,461
05/10/2019,CHS,SC,ASO,ES,Combined TRACON& Tower with Radar,158,75,70,10,313,0,5,44,7,56,158,80,114,17,369,6,2,8,377
05/11/2019,CHS,SC,ASO,ES,Combined TRACON& Tower with Radar,147,33,52,21,253,0,9,35,1,45,147,42,87,22,298,4,12,16,314
05/12/2019,CHS,SC,ASO,ES,Combined TRACON& Tower with Radar,158,59,49,1,267,0,3,7,2,12,158,62,56,3,279,4,0,4,283
05/13/2019,CHS,SC,ASO,ES,Combined TRACON& Tower with Radar,154,35,63,25,277,0,0,29,2,31,154,35,92,27,308,0,10,10,318
05/14/2019,CHS,SC,ASO,ES,Combined TRACON& Tower with Radar,150,43,58,78,329,0,1,42,6,49,150,44,100,84,378,4,50,54,432
05/15/2019,CHS,SC,ASO,ES,Combined TRACON& Tower with Radar,155,44,70,36,305,0,3,53,3,59,155,47,123,39,364,12,12,24,388
05/16/2019,CHS,SC,ASO,ES,Combined TRACON& Tower with Radar,174,44,82,63,363,0,6,43,2,51,174,50,125,65,414,14,44,58,472
05/17/2019,CHS,SC,ASO,ES,Combined TRACON& Tower with Radar,157,61,46,34,298,0,3,63,6,72,157,64,109,40,370,10,22,32,402
05/18/2019,CHS,SC,ASO,ES,Combined TRACON& Tower with Radar,150,41,31,29,251,0,10,37,9,56,150,51,68,38,307,5,16,21,328
05/19/2019,CHS,SC,ASO,ES,Combined TRACON& Tower with Radar,149,45,81,16,291,0,3,33,1,37,149,48,114,17,328,14,0,14,342
05/20/2019,CHS,SC,ASO,ES,Combined TRACON& Tower with Radar,153,57,56,12,278,0,2,37,2,41,153,59,93,14,319,2,0,2,321
05/21/2019,CHS,SC,ASO,ES,Combined TRACON& Tower with Radar,149,37,50,22,258,2,9,47,4,62,151,46,97,26,320,12,16,28,348
05/22/2019,CHS,SC,ASO,ES,Combined TRACON& Tower with Radar,149,59,93,20,321,0,2,42,1,45,149,61,135,21,366,4,8,12,378
05/23/2019,CHS,SC,ASO,ES,Combined TRACON& Tower with Radar,164,67,69,20,320,0,5,54,6,65,164,72,123,26,385,0,0,0,385
05/24/2019,CHS,SC,ASO,ES,Combined TRACON& Tower with Radar,161,54,95,17,327,0,9,43,3,55,161,63,138,20,382,9,22,31,413
05/25/2019,CHS,SC,ASO,ES,Combined TRACON& Tower with Radar,140,35,23,2,200,0,3,29,2,34,140,38,52,4,234,4,0,4,238
05/26/2019,CHS,SC,ASO,ES,Combined TRACON& Tower with Radar,126,40,32,4,202,0,4,16,1,21,126,44,48,5,223,0,0,0,223
05/27/2019,CHS,SC,ASO,ES,Combined TRACON& Tower with Radar,150,41,85,8,284,0,4,27,1,32,150,45,112,9,316,2,0,2,318
05/28/2019,CHS,SC,ASO,ES,Combined TRACON& Tower with Radar,138,47,52,53,290,0,10,23,0,33,138,57,75,53,323,4,50,54,377
05/29/2019,CHS,SC,ASO,ES,Combined TRACON& Tower with Radar,140,43,66,39,288,0,4,40,0,44,140,47,106,39,332,1,14,15,347
05/30/2019,CHS,SC,ASO,ES,Combined TRACON& Tower with Radar,159,47,52,40,298,0,7,38,3,48,159,54,90,43,346,0,22,22,368
05/31/2019,CHS,SC,ASO,ES,Combined TRACON& Tower with Radar,163,51,58,16,288,0,1,43,5,49,163,52,101,21,337,0,6,6,343
06/01/2019,CHS,SC,ASO,ES,Combined TRACON& Tower with Radar,144,32,33,8,217,0,11,40,3,54,144,43,73,11,271,0,0,0,271
06/02/2019,CHS,SC,ASO,ES,Combined TRACON& Tower with Radar,151,41,37,13,242,0,2,31,1,34,151,43,68,14,276,0,2,2,278
06/03/2019,CHS,SC,ASO,ES,Combined TRACON& Tower with Radar,164,38,54,31,287,0,6,42,4,52,164,44,96,35,339,0,20,20,359
06/04/2019,CHS,SC,ASO,ES,Combined TRACON& Tower with Radar,141,33,42,20,236,0,2,15,4,21,141,35,57,24,257,15,4,19,276
06/05/2019,CHS,SC,ASO,ES,Combined TRACON& Tower with Radar,141,41,53,53,288,0,2,14,1,17,141,43,67,54,305,0,28,28,333
06/06/2019,CHS,SC,ASO,ES,Combined TRACON& Tower with Radar,175,45,66,31,317,0,1,7,0,8,175,46,73,31,325,10,0,10,335
06/07/2019,CHS,SC,ASO,ES,Combined TRACON& Tower with Radar,167,47,40,24,278,0,0,9,1,10,167,47,49,25,288,2,4,6,294
06/08/2019,CHS,SC,ASO,ES,Combined TRACON& Tower with Radar,174,30,34,5,243,0,1,20,0,21,174,31,54,5,264,2,0,2,266
06/09/2019,CHS,SC,ASO,ES,Combined TRACON& Tower with Radar,175,35,65,9,284,0,0,4,0,4,175,35,69,9,288,4,0,4,292
06/10/2019,CHS,SC,ASO,ES,Combined TRACON& Tower with Radar,160,41,58,66,325,0,0,20,0,20,160,41,78,66,345,0,59,59,404
06/11/2019,CHS,SC,ASO,ES,Combined TRACON& Tower with Radar,161,44,47,32,284,0,1,11,3,15,161,45,58,35,299,8,12,20,319
06/12/2019,CHS,SC,ASO,ES,Combined TRACON& Tower with Radar,166,42,58,30,296,0,0,2,0,2,166,42,60,30,298,10,0,10,308
06/13/2019,CHS,SC,ASO,ES,Combined TRACON& Tower with Radar,169,41,46,54,310,0,2,29,4,35,169,43,75,58,345,20,36,56,401
06/14/2019,CHS,SC,ASO,ES,Combined TRACON& Tower with Radar,173,49,47,28,297,0,5,35,4,44,173,54,82,32,341,2,24,26,367
06/15/2019,CHS,SC,ASO,ES,Combined TRACON& Tower with Radar,163,57,43,22,285,0,3,32,8,43,163,60,75,30,328,24,12,36,364
06/16/2019,CHS,SC,ASO,ES,Combined TRACON& Tower with Radar,163,43,66,11,283,0,1,38,2,41,163,44,104,13,324,10,2,12,336
06/17/2019,CHS,SC,ASO,ES,Combined TRACON& Tower with Radar,157,35,61,56,309,0,2,26,3,31,157,37,87,59,340,2,46,48,388
06/18/2019,CHS,SC,ASO,ES,Combined TRACON& Tower with Radar,155,53,51,112,371,0,2,22,15,39,155,55,73,127,410,12,99,111,521
06/19/2019,CHS,SC,ASO,ES,Combined TRACON& Tower with Radar,164,54,66,49,333,0,1,18,10,29,164,55,84,59,362,4,26,30,392
06/20/2019,CHS,SC,ASO,ES,Combined TRACON& Tower with Radar,172,38,75,30,315,0,3,27,3,33,172,41,102,33,348,2,19,21,369
06/21/2019,CHS,SC,ASO,ES,Combined TRACON& Tower with Radar,177,45,69,23,314,2,8,30,10,50,179,53,99,33,364,2,3,5,369
06/22/2019,CHS,SC,ASO,ES,Combined TRACON& Tower with Radar,159,27,29,5,220,0,5,41,9,55,159,32,70,14,275,4,0,4,279
06/23/2019,CHS,SC,ASO,ES,Combined TRACON& Tower with Radar,168,38,45,10,261,0,4,23,3,30,168,42,68,13,291,2,0,2,293
06/24/2019,CHS,SC,ASO,ES,Combined TRACON& Tower with Radar,178,42,53,45,318,0,2,51,0,53,178,44,104,45,371,10,34,44,415
06/25/2019,CHS,SC,ASO,ES,Combined TRACON& Tower with Radar,163,47,53,68,331,0,9,49,14,72,163,56,102,82,403,6,85,91,494
06/26/2019,CHS,SC,ASO,ES,Combined TRACON& Tower with Radar,165,34,62,51,312,0,0,30,8,38,165,34,92,59,350,4,40,44,394
06/27/2019,CHS,SC,ASO,ES,Combined TRACON& Tower with Radar,169,45,65,45,324,0,5,16,4,25,169,50,81,49,349,2,30,32,381
06/28/2019,CHS,SC,ASO,ES,Combined TRACON& Tower with Radar,161,39,82,19,301,0,3,37,9,49,161,42,119,28,350,13,8,21,371
06/29/2019,CHS,SC,ASO,ES,Combined TRACON& Tower with Radar,163,35,43,18,259,0,2,33,3,38,163,37,76,21,297,8,2,10,307
06/30/2019,CHS,SC,ASO,ES,Combined TRACON& Tower with Radar,169,32,47,17,265,0,5,23,5,33,169,37,70,22,298,0,0,0,298
07/01/2019,CHS,SC,ASO,ES,Combined TRACON& Tower with Radar,153,39,63,24,279,0,0,53,5,58,153,39,116,29,337,15,8,23,360
07/02/2019,CHS,SC,ASO,ES,Combined TRACON& Tower with Radar,152,42,49,54,297,0,2,36,8,46,152,44,85,62,343,4,28,32,375
07/03/2019,CHS,SC,ASO,ES,Combined TRACON& Tower with Radar,151,36,51,14,252,0,5,29,5,39,151,41,80,19,291,2,13,15,306
07/04/2019,CHS,SC,ASO,ES,Combined TRACON& Tower with Radar,136,28,10,7,181,0,1,9,2,12,136,29,19,9,193,0,0,0,193
07/05/2019,CHS,SC,ASO,ES,Combined TRACON& Tower with Radar,132,33,34,3,202,0,1,9,1,11,132,34,43,4,213,0,0,0,213
07/06/2019,CHS,SC,ASO,ES,Combined TRACON& Tower with Radar,150,36,27,3,216,0,1,19,1,21,150,37,46,4,237,49,0,49,286
07/07/2019,CHS,SC,ASO,ES,Combined TRACON& Tower with Radar,162,43,64,2,271,0,4,7,1,12,162,47,71,3,283,1,0,1,284
07/08/2019,CHS,SC,ASO,ES,Combined TRACON& Tower with Radar,167,43,52,96,358,0,2,42,5,49,167,45,94,101,407,8,60,68,475
07/09/2019,CHS,SC,ASO,ES,Combined TRACON& Tower with Radar,154,39,50,35,278,0,4,18,7,29,154,43,68,42,307,4,28,32,339
07/10/2019,CHS,SC,ASO,ES,Combined TRACON& Tower with Radar,159,39,61,29,288,0,1,15,2,18,159,40,76,31,306,33,54,87,393
07/11/2019,CHS,SC,ASO,ES,Combined TRACON& Tower with Radar,154,35,60,94,343,0,2,48,2,52,154,37,108,96,395,9,78,87,482
07/12/2019,CHS,SC,ASO,ES,Combined TRACON& Tower with Radar,177,40,56,33,306,0,10,33,4,47,177,50,89,37,353,22,16,38,391
07/13/2019,CHS,SC,ASO,ES,Combined TRACON& Tower with Radar,167,40,34,32,273,0,7,44,5,56,167,47,78,37,329,44,4,48,377
07/14/2019,CHS,SC,ASO,ES,Combined TRACON& Tower with Radar,169,48,65,24,306,0,8,26,9,43,169,56,91,33,349,30,34,64,413
07/15/2019,CHS,SC,ASO,ES,Combined TRACON& Tower with Radar,171,46,53,54,324,0,3,28,5,36,171,49,81,59,360,22,6,28,388
07/16/2019,CHS,SC,ASO,ES,Combined TRACON& Tower with Radar,161,51,73,120,405,0,7,36,6,49,161,58,109,126,454,24,80,104,558
07/17/2019,CHS,SC,ASO,ES,Combined TRACON& Tower with Radar,166,44,92,56,358,0,0,38,13,51,166,44,130,69,409,48,59,107,516
07/18/2019,CHS,SC,ASO,ES,Combined TRACON& Tower with Radar,160,43,65,73,341,0,2,43,4,49,160,45,108,77,390,16,49,65,455
07/19/2019,CHS,SC,ASO,ES,Combined TRACON& Tower with Radar,178,51,71,40,340,0,2,42,10,54,178,53,113,50,394,55,24,79,473
07/20/2019,CHS,SC,ASO,ES,Combined TRACON& Tower with Radar,163,31,45,29,268,0,1,31,4,36,163,32,76,33,304,8,10,18,322
07/21/2019,CHS,SC,ASO,ES,Combined TRACON& Tower with Radar,170,39,69,13,291,0,4,23,5,32,170,43,92,18,323,16,14,30,353
07/22/2019,CHS,SC,ASO,ES,Combined TRACON& Tower with Radar,157,40,54,32,283,0,3,32,4,39,157,43,86,36,322,25,22,47,369
07/23/2019,CHS,SC,ASO,ES,Combined TRACON& Tower with Radar,162,55,56,80,353,0,1,26,4,31,162,56,82,84,384,10,4,14,398
07/24/2019,CHS,SC,ASO,ES,Combined TRACON& Tower with Radar,162,47,76,69,354,0,4,34,1,39,162,51,110,70,393,15,64,79,472
07/25/2019,CHS,SC,ASO,ES,Combined TRACON& Tower with Radar,169,44,60,84,357,0,5,50,12,67,169,49,110,96,424,12,94,106,530
07/26/2019,CHS,SC,ASO,ES,Combined TRACON& Tower with Radar,177,40,59,38,314,0,4,27,5,36,177,44,86,43,350,14,20,34,384
07/27/2019,CHS,SC,ASO,ES,Combined TRACON& Tower with Radar,164,25,33,17,239,0,5,26,9,40,164,30,59,26,279,0,15,15,294
07/28/2019,CHS,SC,ASO,ES,Combined TRACON& Tower with Radar,174,41,54,16,285,0,4,37,12,53,174,45,91,28,338,8,2,10,348
07/29/2019,CHS,SC,ASO,ES,Combined TRACON& Tower with Radar,161,27,65,39,292,0,2,56,0,58,161,29,121,39,350,24,20,44,394
07/30/2019,CHS,SC,ASO,ES,Combined TRACON& Tower with Radar,157,46,59,48,310,0,7,45,5,57,157,53,104,53,367,22,50,72,439
07/31/2019,CHS,SC,ASO,ES,Combined TRACON& Tower with Radar,161,38,71,48,318,0,7,46,4,57,161,45,117,52,375,2,48,50,425
08/01/2019,CHS,SC,ASO,ES,Combined TRACON& Tower with Radar,183,38,54,77,352,0,3,59,3,65,183,41,113,80,417,20,58,78,495
08/02/2019,CHS,SC,ASO,ES,Combined TRACON& Tower with Radar,161,39,41,20,261,0,0,12,0,12,161,39,53,20,273,4,2,6,279
08/03/2019,CHS,SC,ASO,ES,Combined TRACON& Tower with Radar,164,35,36,7,242,0,0,14,0,14,164,35,50,7,256,2,0,2,258
08/04/2019,CHS,SC,ASO,ES,Combined TRACON& Tower with Radar,165,31,45,8,249,0,2,19,2,23,165,33,64,10,272,2,0,2,274
08/05/2019,CHS,SC,ASO,ES,Combined TRACON& Tower with Radar,160,39,38,39,276,0,0,18,1,19,160,39,56,40,295,0,26,26,321
08/06/2019,CHS,SC,ASO,ES,Combined TRACON& Tower with Radar,167,31,46,43,287,0,5,49,2,56,167,36,95,45,343,10,14,24,367
08/07/2019,CHS,SC,ASO,ES,Combined TRACON& Tower with Radar,149,37,54,50,290,0,1,42,3,46,149,38,96,53,336,19,62,81,417
08/08/2019,CHS,SC,ASO,ES,Combined TRACON& Tower with Radar,183,50,70,50,353,0,3,58,5,66,183,53,128,55,419,12,25,37,456
08/09/2019,CHS,SC,ASO,ES,Combined TRACON& Tower with Radar,175,33,56,55,319,0,2,55,6,63,175,35,111,61,382,40,52,92,474
08/10/2019,CHS,SC,ASO,ES,Combined TRACON& Tower with Radar,158,42,44,19,263,0,8,45,1,54,158,50,89,20,317,14,2,16,333
08/11/2019,CHS,SC,ASO,ES,Combined TRACON& Tower with Radar,161,43,51,13,268,0,3,35,9,47,161,46,86,22,315,12,2,14,329
08/12/2019,CHS,SC,ASO,ES,Combined TRACON& Tower with Radar,156,40,44,32,272,0,4,39,1,44,156,44,83,33,316,6,16,22,338
08/13/2019,CHS,SC,ASO,ES,Combined TRACON& Tower with Radar,159,48,53,78,338,0,2,60,7,69,159,50,113,85,407,31,46,77,484
08/14/2019,CHS,SC,ASO,ES,Combined TRACON& Tower with Radar,155,44,53,62,314,0,5,34,5,44,155,49,87,67,358,13,54,67,425
08/15/2019,CHS,SC,ASO,ES,Combined TRACON& Tower with Radar,175,38,71,53,337,0,6,39,9,54,175,44,110,62,391,18,25,43,434
08/16/2019,CHS,SC,ASO,ES,Combined TRACON& Tower with Radar,178,52,61,29,320,0,2,10,8,20,178,54,71,37,340,8,18,26,366
08/17/2019,CHS,SC,ASO,ES,Combined TRACON& Tower with Radar,156,27,18,13,214,0,1,4,1,6,156,28,22,14,220,15,0,15,235
08/18/2019,CHS,SC,ASO,ES,Combined TRACON& Tower with Radar,151,36,43,29,259,0,0,16,6,22,151,36,59,35,281,2,0,2,283
08/19/2019,CHS,SC,ASO,ES,Combined TRACON& Tower with Radar,162,24,41,52,279,0,2,33,5,40,162,26,74,57,319,8,27,35,354
08/20/2019,CHS,SC,ASO,ES,Combined TRACON& Tower with Radar,136,44,51,73,304,0,2,29,11,42,136,46,80,84,346,10,38,48,394
08/21/2019,CHS,SC,ASO,ES,Combined TRACON& Tower with Radar,150,61,61,41,313,0,6,46,7,59,150,67,107,48,372,29,42,71,443
08/22/2019,CHS,SC,ASO,ES,Combined TRACON& Tower with Radar,150,45,70,62,327,0,10,48,13,71,150,55,118,75,398,6,34,40,438
08/23/2019,CHS,SC,ASO,ES,Combined TRACON& Tower with Radar,163,45,49,26,283,0,3,46,3,52,163,48,95,29,335,4,20,24,359
08/24/2019,CHS,SC,ASO,ES,Combined TRACON& Tower with Radar,149,44,23,9,225,0,2,27,0,29,149,46,50,9,254,2,6,8,262
08/25/2019,CHS,SC,ASO,ES,Combined TRACON& Tower with Radar,147,33,57,9,246,0,1,12,2,15,147,34,69,11,261,20,0,20,281
08/26/2019,CHS,SC,ASO,ES,Combined TRACON& Tower with Radar,148,42,44,46,280,0,0,47,3,50,148,42,91,49,330,0,34,34,364
08/27/2019,CHS,SC,ASO,ES,Combined TRACON& Tower with Radar,156,49,44,36,285,0,3,47,8,58,156,52,91,44,343,9,30,39,382
08/28/2019,CHS,SC,ASO,ES,Combined TRACON& Tower with Radar,144,59,71,49,323,0,1,14,3,18,144,60,85,52,341,17,28,45,386
08/29/2019,CHS,SC,ASO,ES,Combined TRACON& Tower with Radar,159,55,67,28,309,0,7,45,1,53,159,62,112,29,362,5,12,17,379
08/30/2019,CHS,SC,ASO,ES,Combined TRACON& Tower with Radar,156,59,54,4,273,0,0,38,4,42,156,59,92,8,315,10,8,18,333
08/31/2019,CHS,SC,ASO,ES,Combined TRACON& Tower with Radar,136,30,21,1,188,0,10,19,0,29,136,40,40,1,217,8,0,8,225
09/01/2019,CHS,SC,ASO,ES,Combined TRACON& Tower with Radar,131,23,26,1,181,0,4,7,2,13,131,27,33,3,194,2,0,2,196
09/02/2019,CHS,SC,ASO,ES,Combined TRACON& Tower with Radar,144,54,53,23,274,0,2,3,2,7,144,56,56,25,281,6,0,6,287
09/03/2019,CHS,SC,ASO,ES,Combined TRACON& Tower with Radar,114,34,36,0,184,0,4,21,0,25,114,38,57,0,209,0,0,0,209
09/04/2019,CHS,SC,ASO,ES,Combined TRACON& Tower with Radar,53,13,8,0,74,0,0,0,0,0,53,13,8,0,74,0,0,0,74
09/05/2019,CHS,SC,ASO,ES,Combined TRACON& Tower with Radar,0,0,0,0,0,0,0,0,0,0,0,0,0,0,0,0,0,0,0
09/06/2019,CHS,SC,ASO,ES,Combined TRACON& Tower with Radar,116,33,29,1,179,0,3,29,18,50,116,36,58,19,229,8,2,10,239
09/07/2019,CHS,SC,ASO,ES,Combined TRACON& Tower with Radar,132,36,41,4,213,0,2,24,3,29,132,38,65,7,242,0,0,0,242
09/08/2019,CHS,SC,ASO,ES,Combined TRACON& Tower with Radar,150,29,20,20,219,0,2,26,4,32,150,31,46,24,251,3,0,3,254
09/09/2019,CHS,SC,ASO,ES,Combined TRACON& Tower with Radar,143,32,37,22,234,0,0,10,2,12,143,32,47,24,246,0,24,24,270
09/10/2019,CHS,SC,ASO,ES,Combined TRACON& Tower with Radar,134,36,48,72,290,0,2,25,1,28,134,38,73,73,318,6,56,62,380
09/11/2019,CHS,SC,ASO,ES,Combined TRACON& Tower with Radar,145,35,63,57,300,0,4,40,1,45,145,39,103,58,345,4,47,51,396
09/12/2019,CHS,SC,ASO,ES,Combined TRACON& Tower with Radar,154,34,59,40,287,0,10,50,4,64,154,44,109,44,351,24,42,66,417
09/13/2019,CHS,SC,ASO,ES,Combined TRACON& Tower with Radar,153,48,49,25,275,0,7,27,7,41,153,55,76,32,316,20,12,32,348
09/14/2019,CHS,SC,ASO,ES,Combined TRACON& Tower with Radar,137,33,37,11,218,0,0,4,0,4,137,33,41,11,222,2,0,2,224
09/15/2019,CHS,SC,ASO,ES,Combined TRACON& Tower with Radar,149,36,60,12,257,0,14,19,2,35,149,50,79,14,292,2,0,2,294
09/16/2019,CHS,SC,ASO,ES,Combined TRACON& Tower with Radar,142,36,57,40,275,0,6,33,3,42,142,42,90,43,317,6,22,28,345
09/17/2019,CHS,SC,ASO,ES,Combined TRACON& Tower with Radar,131,32,53,34,250,0,3,39,2,44,131,35,92,36,294,1,16,17,311
09/18/2019,CHS,SC,ASO,ES,Combined TRACON& Tower with Radar,149,33,58,45,285,0,7,31,3,41,149,40,89,48,326,4,30,34,360
09/19/2019,CHS,SC,ASO,ES,Combined TRACON& Tower with Radar,154,47,83,45,329,0,5,48,3,56,154,52,131,48,385,29,14,43,428
09/20/2019,CHS,SC,ASO,ES,Combined TRACON& Tower with Radar,154,48,66,46,314,0,4,53,9,66,154,52,119,55,380,24,16,40,420
09/21/2019,CHS,SC,ASO,ES,Combined TRACON& Tower with Radar,141,40,34,18,233,0,6,45,7,58,141,46,79,25,291,11,6,17,308
09/22/2019,CHS,SC,ASO,ES,Combined TRACON& Tower with Radar,149,52,76,21,298,0,5,42,2,49,149,57,118,23,347,0,10,10,357
09/23/2019,CHS,SC,ASO,ES,Combined TRACON& Tower with Radar,144,35,55,36,270,0,6,42,4,52,144,41,97,40,322,15,12,27,349
09/24/2019,CHS,SC,ASO,ES,Combined TRACON& Tower with Radar,132,41,76,50,299,0,7,40,2,49,132,48,116,52,348,16,34,50,398
09/25/2019,CHS,SC,ASO,ES,Combined TRACON& Tower with Radar,147,32,64,45,288,0,5,38,9,52,147,37,102,54,340,3,48,51,391
09/26/2019,CHS,SC,ASO,ES,Combined TRACON& Tower with Radar,157,46,58,40,301,0,11,30,3,44,157,57,88,43,345,4,36,40,385
09/27/2019,CHS,SC,ASO,ES,Combined TRACON& Tower with Radar,152,60,71,12,295,0,6,19,1,26,152,66,90,13,321,18,2,20,341
09/28/2019,CHS,SC,ASO,ES,Combined TRACON& Tower with Radar,125,37,24,9,195,0,7,18,0,25,125,44,42,9,220,6,0,6,226
09/29/2019,CHS,SC,ASO,ES,Combined TRACON& Tower with Radar,156,39,66,11,272,0,7,34,1,42,156,46,100,12,314,6,2,8,322
09/30/2019,CHS,SC,ASO,ES,Combined TRACON& Tower with Radar,149,51,64,32,296,0,5,24,4,33,149,56,88,36,329,13,9,22,351
10/01/2019,CHS,SC,ASO,ES,Combined TRACON& Tower with Radar,136,34,58,49,277,0,1,30,4,35,136,35,88,53,312,3,38,41,353
10/02/2019,CHS,SC,ASO,ES,Combined TRACON& Tower with Radar,148,41,64,37,290,0,0,32,0,32,148,41,96,37,322,6,17,23,345
10/03/2019,CHS,SC,ASO,ES,Combined TRACON& Tower with Radar,166,37,79,58,340,0,4,27,4,35,166,41,106,62,375,8,44,52,427
10/04/2019,CHS,SC,ASO,ES,Combined TRACON& Tower with Radar,157,53,74,37,321,0,8,37,0,45,157,61,111,37,366,13,8,21,387
10/05/2019,CHS,SC,ASO,ES,Combined TRACON& Tower with Radar,136,35,41,17,229,0,0,5,1,6,136,35,46,18,235,4,6,10,245
10/06/2019,CHS,SC,ASO,ES,Combined TRACON& Tower with Radar,156,39,59,10,264,0,7,10,1,18,156,46,69,11,282,0,0,0,282
10/07/2019,CHS,SC,ASO,ES,Combined TRACON& Tower with Radar,150,52,53,18,273,0,3,1,0,4,150,55,54,18,277,6,2,8,285
10/08/2019,CHS,SC,ASO,ES,Combined TRACON& Tower with Radar,148,35,62,27,272,0,3,26,0,29,148,38,88,27,301,22,18,40,341
10/09/2019,CHS,SC,ASO,ES,Combined TRACON& Tower with Radar,165,49,55,24,293,0,1,10,6,17,165,50,65,30,310,8,32,40,350
10/10/2019,CHS,SC,ASO,ES,Combined TRACON& Tower with Radar,167,53,107,33,360,0,2,44,8,54,167,55,151,41,414,14,10,24,438
10/11/2019,CHS,SC,ASO,ES,Combined TRACON& Tower with Radar,174,59,78,21,332,0,5,45,3,53,174,64,123,24,385,24,6,30,415
10/12/2019,CHS,SC,ASO,ES,Combined TRACON& Tower with Radar,140,27,46,10,223,0,1,40,10,51,140,28,86,20,274,4,10,14,288
10/13/2019,CHS,SC,ASO,ES,Combined TRACON& Tower with Radar,159,40,51,9,259,0,1,21,0,22,159,41,72,9,281,0,0,0,281
10/14/2019,CHS,SC,ASO,ES,Combined TRACON& Tower with Radar,153,44,71,12,280,0,5,30,0,35,153,49,101,12,315,18,0,18,333
10/15/2019,CHS,SC,ASO,ES,Combined TRACON& Tower with Radar,152,34,69,33,288,0,2,18,1,21,152,36,87,34,309,10,22,32,341
10/16/2019,CHS,SC,ASO,ES,Combined TRACON& Tower with Radar,151,57,63,44,315,0,2,5,0,7,151,59,68,44,322,1,22,23,345
10/17/2019,CHS,SC,ASO,ES,Combined TRACON& Tower with Radar,159,48,78,43,328,0,5,59,2,66,159,53,137,45,394,40,32,72,466
10/18/2019,CHS,SC,ASO,ES,Combined TRACON& Tower with Radar,169,54,84,19,326,0,1,37,0,38,169,55,121,19,364,6,4,10,374
10/19/2019,CHS,SC,ASO,ES,Combined TRACON& Tower with Radar,141,34,22,8,205,0,0,8,0,8,141,34,30,8,213,0,0,0,213
10/20/2019,CHS,SC,ASO,ES,Combined TRACON& Tower with Radar,153,33,69,16,271,0,0,13,1,14,153,33,82,17,285,8,0,8,293
10/21/2019,CHS,SC,ASO,ES,Combined TRACON& Tower with Radar,156,44,45,32,277,0,2,18,3,23,156,46,63,35,300,3,27,30,330
10/22/2019,CHS,SC,ASO,ES,Combined TRACON& Tower with Radar,143,46,54,37,280,0,3,16,2,21,143,49,70,39,301,9,19,28,329
10/23/2019,CHS,SC,ASO,ES,Combined TRACON& Tower with Radar,156,39,77,40,312,0,7,48,0,55,156,46,125,40,367,3,18,21,388
10/24/2019,CHS,SC,ASO,ES,Combined TRACON& Tower with Radar,162,48,93,51,354,0,2,62,10,74,162,50,155,61,428,15,52,67,495
10/25/2019,CHS,SC,ASO,ES,Combined TRACON& Tower with Radar,175,54,88,19,336,0,2,49,2,53,175,56,137,21,389,17,4,21,410
10/26/2019,CHS,SC,ASO,ES,Combined TRACON& Tower with Radar,140,45,52,12,249,0,4,24,0,28,140,49,76,12,277,2,0,2,279
10/27/2019,CHS,SC,ASO,ES,Combined TRACON& Tower with Radar,154,43,70,1,268,0,2,3,0,5,154,45,73,1,273,6,0,6,279
10/28/2019,CHS,SC,ASO,ES,Combined TRACON& Tower with Radar,141,38,55,26,260,0,4,40,1,45,141,42,95,27,305,1,12,13,318
10/29/2019,CHS,SC,ASO,ES,Combined TRACON& Tower with Radar,144,31,66,43,284,0,2,2,0,4,144,33,68,43,288,16,16,32,320
10/30/2019,CHS,SC,ASO,ES,Combined TRACON& Tower with Radar,140,45,78,43,306,0,1,2,4,7,140,46,80,47,313,3,18,21,334
10/31/2019,CHS,SC,ASO,ES,Combined TRACON& Tower with Radar,138,41,44,34,257,0,1,16,9,26,138,42,60,43,283,3,36,39,322
11/01/2019,CHS,SC,ASO,ES,Combined TRACON& Tower with Radar,142,59,77,37,315,0,7,38,3,48,142,66,115,40,363,5,24,29,392
11/02/2019,CHS,SC,ASO,ES,Combined TRACON& Tower with Radar,131,36,53,23,243,0,8,33,1,42,131,44,86,24,285,3,0,3,288
11/03/2019,CHS,SC,ASO,ES,Combined TRACON& Tower with Radar,150,46,48,20,264,0,7,24,2,33,150,53,72,22,297,6,0,6,303
11/04/2019,CHS,SC,ASO,ES,Combined TRACON& Tower with Radar,151,40,53,28,272,0,9,24,3,36,151,49,77,31,308,35,36,71,379
11/05/2019,CHS,SC,ASO,ES,Combined TRACON& Tower with Radar,139,33,69,49,290,0,0,5,1,6,139,33,74,50,296,12,34,46,342
11/06/2019,CHS,SC,ASO,ES,Combined TRACON& Tower with Radar,157,46,94,29,326,0,0,17,1,18,157,46,111,30,344,9,12,21,365
11/07/2019,CHS,SC,ASO,ES,Combined TRACON& Tower with Radar,158,50,94,49,351,0,2,9,0,11,158,52,103,49,362,22,26,48,410
11/08/2019,CHS,SC,ASO,ES,Combined TRACON& Tower with Radar,163,41,79,20,303,0,0,26,0,26,163,41,105,20,329,4,10,14,343
11/09/2019,CHS,SC,ASO,ES,Combined TRACON& Tower with Radar,138,30,29,8,205,0,2,33,1,36,138,32,62,9,241,2,0,2,243
11/10/2019,CHS,SC,ASO,ES,Combined TRACON& Tower with Radar,152,43,70,5,270,0,5,28,2,35,152,48,98,7,305,4,0,4,309
11/11/2019,CHS,SC,ASO,ES,Combined TRACON& Tower with Radar,143,34,49,4,230,0,10,33,0,43,143,44,82,4,273,7,0,7,280
11/12/2019,CHS,SC,ASO,ES,Combined TRACON& Tower with Radar,158,45,45,61,309,0,3,12,1,16,158,48,57,62,325,2,48,50,375
11/13/2019,CHS,SC,ASO,ES,Combined TRACON& Tower with Radar,162,45,73,30,310,0,2,36,6,44,162,47,109,36,354,14,12,26,380
11/14/2019,CHS,SC,ASO,ES,Combined TRACON& Tower with Radar,162,41,75,34,312,0,1,1,1,3,162,42,76,35,315,5,12,17,332
11/15/2019,CHS,SC,ASO,ES,Combined TRACON& Tower with Radar,163,64,38,16,281,0,0,0,0,0,163,64,38,16,281,14,0,14,295
11/16/2019,CHS,SC,ASO,ES,Combined TRACON& Tower with Radar,125,35,29,2,191,0,0,0,0,0,125,35,29,2,191,6,0,6,197
11/17/2019,CHS,SC,ASO,ES,Combined TRACON& Tower with Radar,154,45,56,7,262,1,1,17,0,19,155,46,73,7,281,6,0,6,287
11/18/2019,CHS,SC,ASO,ES,Combined TRACON& Tower with Radar,151,40,55,48,294,0,1,7,0,8,151,41,62,48,302,13,36,49,351
11/19/2019,CHS,SC,ASO,ES,Combined TRACON& Tower with Radar,159,55,63,28,305,0,5,31,4,40,159,60,94,32,345,13,8,21,366
11/20/2019,CHS,SC,ASO,ES,Combined TRACON& Tower with Radar,157,44,54,58,313,0,10,62,4,76,157,54,116,62,389,5,42,47,436
11/21/2019,CHS,SC,ASO,ES,Combined TRACON& Tower with Radar,163,49,70,25,307,0,7,46,2,55,163,56,116,27,362,41,0,41,403
11/22/2019,CHS,SC,ASO,ES,Combined TRACON& Tower with Radar,153,59,63,40,315,0,4,28,4,36,153,63,91,44,351,2,42,44,395
11/23/2019,CHS,SC,ASO,ES,Combined TRACON& Tower with Radar,154,29,41,11,235,0,5,35,1,41,154,34,76,12,276,16,0,16,292
11/24/2019,CHS,SC,ASO,ES,Combined TRACON& Tower with Radar,159,37,58,16,270,0,3,33,8,44,159,40,91,24,314,32,6,38,352
11/25/2019,CHS,SC,ASO,ES,Combined TRACON& Tower with Radar,143,49,66,57,315,0,8,48,1,57,143,57,114,58,372,14,34,48,420
11/26/2019,CHS,SC,ASO,ES,Combined TRACON& Tower with Radar,162,53,84,27,326,0,3,39,3,45,162,56,123,30,371,32,22,54,425
11/27/2019,CHS,SC,ASO,ES,Combined TRACON& Tower with Radar,161,47,57,13,278,0,4,20,2,26,161,51,77,15,304,7,6,13,317
11/28/2019,CHS,SC,ASO,ES,Combined TRACON& Tower with Radar,95,16,10,3,124,0,4,6,0,10,95,20,16,3,134,0,0,0,134
11/29/2019,CHS,SC,ASO,ES,Combined TRACON& Tower with Radar,112,24,39,2,177,0,6,24,0,30,112,30,63,2,207,8,0,8,215
11/30/2019,CHS,SC,ASO,ES,Combined TRACON& Tower with Radar,160,46,49,4,259,0,2,16,0,18,160,48,65,4,277,2,0,2,279
12/01/2019,CHS,SC,ASO,ES,Combined TRACON& Tower with Radar,148,60,77,3,288,0,0,4,0,4,148,60,81,3,292,2,0,2,294
12/02/2019,CHS,SC,ASO,ES,Combined TRACON& Tower with Radar,153,50,55,36,294,0,2,19,9,30,153,52,74,45,324,5,32,37,361
12/03/2019,CHS,SC,ASO,ES,Combined TRACON& Tower with Radar,144,40,56,38,278,0,2,40,3,45,144,42,96,41,323,4,12,16,339
12/04/2019,CHS,SC,ASO,ES,Combined TRACON& Tower with Radar,142,56,62,44,304,0,4,43,16,63,142,60,105,60,367,24,20,44,411
12/05/2019,CHS,SC,ASO,ES,Combined TRACON& Tower with Radar,145,53,68,40,306,0,5,38,4,47,145,58,106,44,353,21,22,43,396
12/06/2019,CHS,SC,ASO,ES,Combined TRACON& Tower with Radar,131,43,71,21,266,0,4,24,2,30,131,47,95,23,296,8,4,12,308
12/07/2019,CHS,SC,ASO,ES,Combined TRACON& Tower with Radar,115,31,42,10,198,0,7,19,0,26,115,38,61,10,224,2,8,10,234
12/08/2019,CHS,SC,ASO,ES,Combined TRACON& Tower with Radar,127,42,62,19,250,0,1,21,3,25,127,43,83,22,275,9,8,17,292
12/09/2019,CHS,SC,ASO,ES,Combined TRACON& Tower with Radar,130,47,58,71,306,0,2,14,0,16,130,49,72,71,322,4,48,52,374
12/10/2019,CHS,SC,ASO,ES,Combined TRACON& Tower with Radar,142,60,58,88,348,0,8,24,2,34,142,68,82,90,382,17,70,87,469
12/11/2019,CHS,SC,ASO,ES,Combined TRACON& Tower with Radar,136,56,53,34,279,0,7,38,0,45,136,63,91,34,324,4,16,20,344
12/12/2019,CHS,SC,ASO,ES,Combined TRACON& Tower with Radar,142,67,64,53,326,0,8,38,8,54,142,75,102,61,380,8,68,76,456
12/13/2019,CHS,SC,ASO,ES,Combined TRACON& Tower with Radar,142,47,38,14,241,0,0,0,0,0,142,47,38,14,241,0,2,2,243
12/14/2019,CHS,SC,ASO,ES,Combined TRACON& Tower with Radar,106,36,32,6,180,0,2,9,0,11,106,38,41,6,191,0,0,0,191
12/15/2019,CHS,SC,ASO,ES,Combined TRACON& Tower with Radar,134,60,40,5,239,0,6,33,2,41,134,66,73,7,280,8,0,8,288
12/16/2019,CHS,SC,ASO,ES,Combined TRACON& Tower with Radar,128,47,64,36,275,0,6,30,3,39,128,53,94,39,314,7,22,29,343
12/17/2019,CHS,SC,ASO,ES,Combined TRACON& Tower with Radar,138,45,55,58,296,0,1,4,2,7,138,46,59,60,303,8,16,24,327
12/18/2019,CHS,SC,ASO,ES,Combined TRACON& Tower with Radar,136,37,79,51,303,0,4,43,8,55,136,41,122,59,358,4,54,58,416
12/19/2019,CHS,SC,ASO,ES,Combined TRACON& Tower with Radar,140,52,67,33,292,0,7,41,7,55,140,59,108,40,347,20,28,48,395
12/20/2019,CHS,SC,ASO,ES,Combined TRACON& Tower with Radar,142,52,52,6,252,0,3,27,0,30,142,55,79,6,282,26,6,32,314
12/21/2019,CHS,SC,ASO,ES,Combined TRACON& Tower with Radar,119,52,35,7,213,0,5,15,0,20,119,57,50,7,233,4,2,6,239
12/22/2019,CHS,SC,ASO,ES,Combined TRACON& Tower with Radar,149,46,28,11,234,0,2,6,0,8,149,48,34,11,242,4,12,16,258
12/23/2019,CHS,SC,ASO,ES,Combined TRACON& Tower with Radar,137,63,37,11,248,0,0,0,0,0,137,63,37,11,248,0,4,4,252
12/24/2019,CHS,SC,ASO,ES,Combined TRACON& Tower with Radar,106,36,24,1,167,0,2,3,0,5,106,38,27,1,172,0,0,0,172
12/25/2019,CHS,SC,ASO,ES,Combined TRACON& Tower with Radar,93,30,11,1,135,0,2,9,0,11,93,32,20,1,146,0,0,0,146
12/26/2019,CHS,SC,ASO,ES,Combined TRACON& Tower with Radar,140,63,67,1,271,0,2,41,0,43,140,65,108,1,314,2,0,2,316
12/27/2019,CHS,SC,ASO,ES,Combined TRACON& Tower with Radar,143,62,70,7,282,0,8,28,0,36,143,70,98,7,318,41,10,51,369
12/28/2019,CHS,SC,ASO,ES,Combined TRACON& Tower with Radar,127,49,56,5,237,0,1,18,1,20,127,50,74,6,257,10,0,10,267
12/29/2019,CHS,SC,ASO,ES,Combined TRACON& Tower with Radar,141,55,36,1,233,0,4,10,1,15,141,59,46,2,248,0,10,10,258
12/30/2019,CHS,SC,ASO,ES,Combined TRACON& Tower with Radar,136,54,39,8,237,0,3,13,0,16,136,57,52,8,253,2,4,6,259
12/31/2019,CHS,SC,ASO,ES,Combined TRACON& Tower with Radar,104,48,21,5,178,0,3,30,0,33,104,51,51,5,211,0,0,0,211
01/01/2020,CHS,SC,ASO,ES,Combined TRACON& Tower with Radar,100,31,22,2,155,0,8,24,0,32,100,39,46,2,187,4,0,4,191
01/02/2020,CHS,SC,ASO,ES,Combined TRACON& Tower with Radar,128,45,50,4,227,0,2,45,0,47,128,47,95,4,274,14,6,20,294
01/03/2020,CHS,SC,ASO,ES,Combined TRACON& Tower with Radar,134,66,36,15,251,0,0,13,0,13,134,66,49,15,264,6,8,14,278
01/04/2020,CHS,SC,ASO,ES,Combined TRACON& Tower with Radar,103,38,20,10,171,0,0,9,1,10,103,38,29,11,181,0,4,4,185
01/05/2020,CHS,SC,ASO,ES,Combined TRACON& Tower with Radar,127,50,60,18,255,0,5,49,0,54,127,55,109,18,309,6,9,15,324
01/06/2020,CHS,SC,ASO,ES,Combined TRACON& Tower with Radar,118,58,40,20,236,0,6,42,0,48,118,64,82,20,284,16,22,38,322
01/07/2020,CHS,SC,ASO,ES,Combined TRACON& Tower with Radar,109,51,50,52,262,0,3,24,3,30,109,54,74,55,292,0,48,48,340
01/08/2020,CHS,SC,ASO,ES,Combined TRACON& Tower with Radar,116,41,43,41,241,0,3,37,7,47,116,44,80,48,288,10,34,44,332
01/09/2020,CHS,SC,ASO,ES,Combined TRACON& Tower with Radar,116,45,78,74,313,0,3,42,1,46,116,48,120,75,359,2,62,64,423
01/10/2020,CHS,SC,ASO,ES,Combined TRACON& Tower with Radar,116,46,51,71,284,0,4,28,2,34,116,50,79,73,318,0,82,82,400
01/11/2020,CHS,SC,ASO,ES,Combined TRACON& Tower with Radar,101,30,38,19,188,0,0,9,4,13,101,30,47,23,201,6,10,16,217
01/12/2020,CHS,SC,ASO,ES,Combined TRACON& Tower with Radar,114,39,59,20,232,0,0,3,0,3,114,39,62,20,235,2,10,12,247
01/13/2020,CHS,SC,ASO,ES,Combined TRACON& Tower with Radar,114,44,53,62,273,0,2,3,7,12,114,46,56,69,285,6,78,84,369
01/14/2020,CHS,SC,ASO,ES,Combined TRACON& Tower with Radar,114,45,60,60,279,0,2,33,14,49,114,47,93,74,328,4,62,66,394
01/15/2020,CHS,SC,ASO,ES,Combined TRACON& Tower with Radar,123,42,54,60,279,0,3,38,1,42,123,45,92,61,321,4,28,32,353
01/16/2020,CHS,SC,ASO,ES,Combined TRACON& Tower with Radar,117,47,74,25,263,0,4,39,1,44,117,51,113,26,307,2,4,6,313
01/17/2020,CHS,SC,ASO,ES,Combined TRACON& Tower with Radar,118,45,57,39,259,0,1,79,4,84,118,46,136,43,343,10,12,22,365
01/18/2020,CHS,SC,ASO,ES,Combined TRACON& Tower with Radar,93,35,32,18,178,0,5,31,1,37,93,40,63,19,215,4,0,4,219
01/19/2020,CHS,SC,ASO,ES,Combined TRACON& Tower with Radar,98,23,51,29,201,0,3,12,0,15,98,26,63,29,216,0,12,12,228
01/20/2020,CHS,SC,ASO,ES,Combined TRACON& Tower with Radar,118,45,48,30,241,0,8,45,1,54,118,53,93,31,295,8,24,32,327
01/21/2020,CHS,SC,ASO,ES,Combined TRACON& Tower with Radar,114,47,60,52,273,0,4,30,3,37,114,51,90,55,310,4,32,36,346
01/22/2020,CHS,SC,ASO,ES,Combined TRACON& Tower with Radar,116,43,43,40,242,0,3,23,5,31,116,46,66,45,273,2,30,32,305
01/23/2020,CHS,SC,ASO,ES,Combined TRACON& Tower with Radar,122,43,65,33,263,0,5,63,5,73,122,48,128,38,336,6,13,19,355
01/24/2020,CHS,SC,ASO,ES,Combined TRACON& Tower with Radar,112,42,49,25,228,0,0,8,2,10,112,42,57,27,238,12,42,54,292
01/25/2020,CHS,SC,ASO,ES,Combined TRACON& Tower with Radar,102,33,39,9,183,0,1,43,0,44,102,34,82,9,227,20,0,20,247
01/26/2020,CHS,SC,ASO,ES,Combined TRACON& Tower with Radar,114,38,38,8,198,0,6,29,0,35,114,44,67,8,233,6,0,6,239
01/27/2020,CHS,SC,ASO,ES,Combined TRACON& Tower with Radar,102,44,40,32,218,0,7,17,0,24,102,51,57,32,242,24,16,40,282
01/28/2020,CHS,SC,ASO,ES,Combined TRACON& Tower with Radar,115,46,70,36,267,0,2,55,4,61,115,48,125,40,328,22,8,30,358
01/29/2020,CHS,SC,ASO,ES,Combined TRACON& Tower with Radar,120,42,58,66,286,0,3,33,12,48,120,45,91,78,334,10,54,64,398
01/30/2020,CHS,SC,ASO,ES,Combined TRACON& Tower with Radar,121,50,76,38,285,0,4,28,2,34,121,54,104,40,319,19,22,41,360
01/31/2020,CHS,SC,ASO,ES,Combined TRACON& Tower with Radar,124,58,65,43,290,0,2,11,2,15,124,60,76,45,305,22,38,60,365
02/01/2020,CHS,SC,ASO,ES,Combined TRACON& Tower with Radar,95,33,38,12,178,0,0,0,0,0,95,33,38,12,178,6,0,6,184
02/02/2020,CHS,SC,ASO,ES,Combined TRACON& Tower with Radar,112,42,49,14,217,0,4,30,3,37,112,46,79,17,254,3,6,9,263
02/03/2020,CHS,SC,ASO,ES,Combined TRACON& Tower with Radar,111,37,51,32,231,0,3,45,2,50,111,40,96,34,281,30,12,42,323
02/04/2020,CHS,SC,ASO,ES,Combined TRACON& Tower with Radar,110,38,71,102,321,0,2,38,13,53,110,40,109,115,374,4,30,34,408
02/05/2020,CHS,SC,ASO,ES,Combined TRACON& Tower with Radar,122,49,67,63,301,0,1,35,1,37,122,50,102,64,338,0,40,40,378
02/06/2020,CHS,SC,ASO,ES,Combined TRACON& Tower with Radar,127,42,38,30,237,0,2,1,0,3,127,44,39,30,240,4,7,11,251
02/07/2020,CHS,SC,ASO,ES,Combined TRACON& Tower with Radar,121,65,69,35,290,0,3,7,1,11,121,68,76,36,301,8,26,34,335
02/08/2020,CHS,SC,ASO,ES,Combined TRACON& Tower with Radar,97,51,36,12,196,0,2,32,13,47,97,53,68,25,243,2,22,24,267
02/09/2020,CHS,SC,ASO,ES,Combined TRACON& Tower with Radar,113,43,62,19,237,0,0,24,1,25,113,43,86,20,262,0,0,0,262
02/10/2020,CHS,SC,ASO,ES,Combined TRACON& Tower with Radar,112,50,55,35,252,0,4,34,0,38,112,54,89,35,290,6,6,12,302
02/11/2020,CHS,SC,ASO,ES,Combined TRACON& Tower with Radar,113,42,53,73,281,0,3,22,1,26,113,45,75,74,307,2,66,68,375
02/12/2020,CHS,SC,ASO,ES,Combined TRACON& Tower with Radar,116,50,92,42,300,0,3,21,8,32,116,53,113,50,332,6,26,32,364
02/13/2020,CHS,SC,ASO,ES,Combined TRACON& Tower with Radar,123,54,71,32,280,0,0,6,2,8,123,54,77,34,288,12,16,28,316
02/14/2020,CHS,SC,ASO,ES,Combined TRACON& Tower with Radar,133,59,84,25,301,0,0,54,3,57,133,59,138,28,358,4,10,14,372
02/15/2020,CHS,SC,ASO,ES,Combined TRACON& Tower with Radar,100,32,44,7,183,0,6,56,1,63,100,38,100,8,246,4,4,8,254
02/16/2020,CHS,SC,ASO,ES,Combined TRACON& Tower with Radar,111,44,71,6,232,0,0,19,4,23,111,44,90,10,255,8,0,8,263
02/17/2020,CHS,SC,ASO,ES,Combined TRACON& Tower with Radar,127,49,72,16,264,0,3,10,2,15,127,52,82,18,279,4,2,6,285
02/18/2020,CHS,SC,ASO,ES,Combined TRACON& Tower with Radar,117,59,56,49,281,0,1,0,1,2,117,60,56,50,283,10,36,46,329
02/19/2020,CHS,SC,ASO,ES,Combined TRACON& Tower with Radar,133,44,46,58,281,0,0,2,3,5,133,44,48,61,286,4,36,40,326
02/20/2020,CHS,SC,ASO,ES,Combined TRACON& Tower with Radar,133,64,52,45,294,0,0,0,2,2,133,64,52,47,296,14,38,52,348
02/21/2020,CHS,SC,ASO,ES,Combined TRACON& Tower with Radar,129,69,54,26,278,0,3,18,5,26,129,72,72,31,304,9,10,19,323
02/22/2020,CHS,SC,ASO,ES,Combined TRACON& Tower with Radar,100,36,41,4,181,0,6,42,1,49,100,42,83,5,230,2,0,2,232
02/23/2020,CHS,SC,ASO,ES,Combined TRACON& Tower with Radar,123,52,41,14,230,0,4,41,3,48,123,56,82,17,278,4,2,6,284
02/24/2020,CHS,SC,ASO,ES,Combined TRACON& Tower with Radar,119,49,62,54,284,0,4,23,7,34,119,53,85,61,318,20,34,54,372
02/25/2020,CHS,SC,ASO,ES,Combined TRACON& Tower with Radar,119,63,95,40,317,0,1,12,0,13,119,64,107,40,330,0,0,0,330
02/26/2020,CHS,SC,ASO,ES,Combined TRACON& Tower with Radar,117,56,58,36,267,0,2,2,3,7,117,58,60,39,274,6,16,22,296
02/27/2020,CHS,SC,ASO,ES,Combined TRACON& Tower with Radar,134,77,64,53,328,0,2,37,5,44,134,79,101,58,372,6,8,14,386
02/28/2020,CHS,SC,ASO,ES,Combined TRACON& Tower with Radar,130,59,66,24,279,0,5,20,0,25,130,64,86,24,304,13,20,33,337
02/29/2020,CHS,SC,ASO,ES,Combined TRACON& Tower with Radar,104,47,46,6,203,0,8,33,3,44,104,55,79,9,247,6,0,6,253
03/01/2020,CHS,SC,ASO,ES,Combined TRACON& Tower with Radar,131,53,47,4,235,0,5,49,2,56,131,58,96,6,291,4,0,4,295
03/02/2020,CHS,SC,ASO,ES,Combined TRACON& Tower with Radar,118,53,33,50,254,0,5,27,5,37,118,58,60,55,291,6,56,62,353
03/03/2020,CHS,SC,ASO,ES,Combined TRACON& Tower with Radar,114,54,35,24,227,0,2,18,7,27,114,56,53,31,254,2,18,20,274
03/04/2020,CHS,SC,ASO,ES,Combined TRACON& Tower with Radar,124,73,64,33,294,0,1,6,0,7,124,74,70,33,301,0,24,24,325
03/05/2020,CHS,SC,ASO,ES,Combined TRACON& Tower with Radar,139,51,54,26,270,0,0,0,0,0,139,51,54,26,270,0,6,6,276
03/06/2020,CHS,SC,ASO,ES,Combined TRACON& Tower with Radar,139,43,70,57,309,0,3,11,3,17,139,46,81,60,326,4,50,54,380
03/07/2020,CHS,SC,ASO,ES,Combined TRACON& Tower with Radar,126,28,36,24,214,0,7,38,1,46,126,35,74,25,260,10,22,32,292
03/08/2020,CHS,SC,ASO,ES,Combined TRACON& Tower with Radar,148,54,66,16,284,0,3,50,1,54,148,57,116,17,338,4,2,6,344
03/09/2020,CHS,SC,ASO,ES,Combined TRACON& Tower with Radar,133,35,52,46,266,0,7,39,1,47,133,42,91,47,313,9,42,51,364
03/10/2020,CHS,SC,ASO,ES,Combined TRACON& Tower with Radar,136,49,42,102,329,0,3,52,8,63,136,52,94,110,392,14,52,66,458
03/11/2020,CHS,SC,ASO,ES,Combined TRACON& Tower with Radar,146,52,72,35,305,0,11,66,3,80,146,63,138,38,385,25,6,31,416
03/12/2020,CHS,SC,ASO,ES,Combined TRACON& Tower with Radar,155,51,61,45,312,0,2,62,4,68,155,53,123,49,380,34,24,58,438
03/13/2020,CHS,SC,ASO,ES,Combined TRACON& Tower with Radar,145,69,66,26,306,0,1,52,9,62,145,70,118,35,368,20,24,44,412
03/14/2020,CHS,SC,ASO,ES,Combined TRACON& Tower with Radar,124,33,35,3,195,0,5,53,0,58,124,38,88,3,253,10,2,12,265
03/15/2020,CHS,SC,ASO,ES,Combined TRACON& Tower with Radar,149,42,44,5,240,0,4,16,1,21,149,46,60,6,261,0,0,0,261
03/16/2020,CHS,SC,ASO,ES,Combined TRACON& Tower with Radar,138,32,34,23,227,0,5,20,2,27,138,37,54,25,254,14,2,16,270
03/17/2020,CHS,SC,ASO,ES,Combined TRACON& Tower with Radar,135,62,40,34,271,0,4,24,1,29,135,66,64,35,300,4,22,26,326
03/18/2020,CHS,SC,ASO,ES,Combined TRACON& Tower with Radar,135,36,41,41,253,0,5,29,1,35,135,41,70,42,288,2,42,44,332
03/19/2020,CHS,SC,ASO,ES,Combined TRACON& Tower with Radar,134,32,32,31,229,0,2,63,2,67,134,34,95,33,296,4,12,16,312
03/20/2020,CHS,SC,ASO,ES,Combined TRACON& Tower with Radar,122,48,37,31,238,0,4,47,2,53,122,52,84,33,291,15,34,49,340
03/21/2020,CHS,SC,ASO,ES,Combined TRACON& Tower with Radar,102,41,19,6,168,0,6,47,0,53,102,47,66,6,221,0,0,0,221
03/22/2020,CHS,SC,ASO,ES,Combined TRACON& Tower with Radar,93,28,35,7,163,0,0,1,0,1,93,28,36,7,164,1,0,1,165
03/23/2020,CHS,SC,ASO,ES,Combined TRACON& Tower with Radar,68,23,23,10,124,0,0,0,0,0,68,23,23,10,124,4,6,10,134
03/24/2020,CHS,SC,ASO,ES,Combined TRACON& Tower with Radar,82,29,16,5,132,0,0,0,0,0,82,29,16,5,132,8,0,8,140
03/25/2020,CHS,SC,ASO,ES,Combined TRACON& Tower with Radar,69,31,26,13,139,0,5,18,0,23,69,36,44,13,162,0,8,8,170
03/26/2020,CHS,SC,ASO,ES,Combined TRACON& Tower with Radar,78,20,18,7,123,0,4,36,0,40,78,24,54,7,163,10,6,16,179
03/27/2020,CHS,SC,ASO,ES,Combined TRACON& Tower with Radar,64,22,19,1,106,0,4,25,0,29,64,26,44,1,135,6,0,6,141
03/28/2020,CHS,SC,ASO,ES,Combined TRACON& Tower with Radar,52,19,7,14,92,0,2,32,6,40,52,21,39,20,132,6,32,38,170
03/29/2020,CHS,SC,ASO,ES,Combined TRACON& Tower with Radar,46,16,10,2,74,0,0,17,0,17,46,16,27,2,91,0,0,0,91
03/30/2020,CHS,SC,ASO,ES,Combined TRACON& Tower with Radar,48,20,16,7,91,0,8,27,0,35,48,28,43,7,126,1,0,1,127
03/31/2020,CHS,SC,ASO,ES,Combined TRACON& Tower with Radar,56,25,3,14,98,0,2,8,1,11,56,27,11,15,109,0,12,12,121
04/01/2020,CHS,SC,ASO,ES,Combined TRACON& Tower with Radar,53,28,12,29,122,0,6,22,4,32,53,34,34,33,154,4,30,34,188
04/02/2020,CHS,SC,ASO,ES,Combined TRACON& Tower with Radar,50,21,22,13,106,0,5,20,3,28,50,26,42,16,134,5,20,25,159
04/03/2020,CHS,SC,ASO,ES,Combined TRACON& Tower with Radar,59,38,16,15,128,0,11,14,0,25,59,49,30,15,153,17,24,41,194
04/04/2020,CHS,SC,ASO,ES,Combined TRACON& Tower with Radar,46,26,18,6,96,0,6,25,0,31,46,32,43,6,127,16,4,20,147
04/05/2020,CHS,SC,ASO,ES,Combined TRACON& Tower with Radar,57,11,16,23,107,0,4,17,0,21,57,15,33,23,128,16,30,46,174
04/06/2020,CHS,SC,ASO,ES,Combined TRACON& Tower with Radar,62,11,11,9,93,0,3,30,0,33,62,14,41,9,126,24,14,38,164
04/07/2020,CHS,SC,ASO,ES,Combined TRACON& Tower with Radar,39,6,11,7,63,0,4,24,1,29,39,10,35,8,92,0,0,0,92
04/08/2020,CHS,SC,ASO,ES,Combined TRACON& Tower with Radar,52,13,13,30,108,0,4,15,0,19,52,17,28,30,127,6,28,34,161
04/09/2020,CHS,SC,ASO,ES,Combined TRACON& Tower with Radar,48,18,17,17,100,0,1,19,2,22,48,19,36,19,122,10,12,22,144
04/10/2020,CHS,SC,ASO,ES,Combined TRACON& Tower with Radar,44,12,15,33,104,0,2,13,2,17,44,14,28,35,121,10,18,28,149
04/11/2020,CHS,SC,ASO,ES,Combined TRACON& Tower with Radar,43,14,15,3,75,0,5,28,0,33,43,19,43,3,108,0,0,0,108
04/12/2020,CHS,SC,ASO,ES,Combined TRACON& Tower with Radar,45,10,3,2,60,0,1,6,0,7,45,11,9,2,67,2,0,2,69
04/13/2020,CHS,SC,ASO,ES,Combined TRACON& Tower with Radar,45,10,8,27,90,0,4,1,3,8,45,14,9,30,98,0,10,10,108
04/14/2020,CHS,SC,ASO,ES,Combined TRACON& Tower with Radar,30,18,18,7,73,0,1,31,0,32,30,19,49,7,105,12,4,16,121
04/15/2020,CHS,SC,ASO,ES,Combined TRACON& Tower with Radar,30,9,12,16,67,0,3,4,0,7,30,12,16,16,74,0,8,8,82
04/16/2020,CHS,SC,ASO,ES,Combined TRACON& Tower with Radar,19,17,26,5,67,0,2,40,6,48,19,19,66,11,115,4,0,4,119
04/17/2020,CHS,SC,ASO,ES,Combined TRACON& Tower with Radar,31,14,21,22,88,0,5,31,0,36,31,19,52,22,124,11,7,18,142
04/18/2020,CHS,SC,ASO,ES,Combined TRACON& Tower with Radar,35,8,8,18,69,0,4,11,0,15,35,12,19,18,84,9,12,21,105
04/19/2020,CHS,SC,ASO,ES,Combined TRACON& Tower with Radar,26,10,10,10,56,0,1,7,0,8,26,11,17,10,64,0,0,0,64
04/20/2020,CHS,SC,ASO,ES,Combined TRACON& Tower with Radar,35,14,17,37,103,0,2,3,0,5,35,16,20,37,108,0,58,58,166
04/21/2020,CHS,SC,ASO,ES,Combined TRACON& Tower with Radar,29,21,24,29,103,0,5,43,5,53,29,26,67,34,156,46,30,76,232
04/22/2020,CHS,SC,ASO,ES,Combined TRACON& Tower with Radar,27,7,28,36,98,0,4,31,4,39,27,11,59,40,137,16,70,86,223
04/23/2020,CHS,SC,ASO,ES,Combined TRACON& Tower with Radar,29,8,18,16,71,0,0,8,0,8,29,8,26,16,79,8,18,26,105
04/24/2020,CHS,SC,ASO,ES,Combined TRACON& Tower with Radar,33,14,28,17,92,0,2,12,1,15,33,16,40,18,107,8,16,24,131
04/25/2020,CHS,SC,ASO,ES,Combined TRACON& Tower with Radar,32,22,18,9,81,0,5,33,4,42,32,27,51,13,123,24,4,28,151
04/26/2020,CHS,SC,ASO,ES,Combined TRACON& Tower with Radar,32,15,25,6,78,0,8,14,0,22,32,23,39,6,100,2,0,2,102
04/27/2020,CHS,SC,ASO,ES,Combined TRACON& Tower with Radar,30,9,18,14,71,0,5,16,6,27,30,14,34,20,98,2,10,12,110
04/28/2020,CHS,SC,ASO,ES,Combined TRACON& Tower with Radar,43,14,26,46,129,0,0,41,0,41,43,14,67,46,170,2,12,14,184
04/29/2020,CHS,SC,ASO,ES,Combined TRACON& Tower with Radar,26,23,32,27,108,0,8,23,2,33,26,31,55,29,141,4,2,6,147
04/30/2020,CHS,SC,ASO,ES,Combined TRACON& Tower with Radar,29,13,19,63,124,0,1,7,1,9,29,14,26,64,133,26,30,56,189
05/01/2020,CHS,SC,ASO,ES,Combined TRACON& Tower with Radar,39,24,33,25,121,0,6,26,0,32,39,30,59,25,153,3,2,5,158
05/02/2020,CHS,SC,ASO,ES,Combined TRACON& Tower with Radar,39,22,12,9,82,0,5,45,0,50,39,27,57,9,132,6,4,10,142
05/03/2020,CHS,SC,ASO,ES,Combined TRACON& Tower with Radar,42,19,22,4,87,0,4,33,0,37,42,23,55,4,124,10,0,10,134
05/04/2020,CHS,SC,ASO,ES,Combined TRACON& Tower with Radar,41,18,28,48,135,0,1,23,4,28,41,19,51,52,163,3,60,63,226
05/05/2020,CHS,SC,ASO,ES,Combined TRACON& Tower with Radar,37,17,41,43,138,0,4,27,5,36,37,21,68,48,174,2,85,87,261
05/06/2020,CHS,SC,ASO,ES,Combined TRACON& Tower with Radar,36,20,33,52,141,0,4,20,17,41,36,24,53,69,182,8,82,90,272
05/07/2020,CHS,SC,ASO,ES,Combined TRACON& Tower with Radar,44,23,48,32,147,0,11,44,15,70,44,34,92,47,217,0,56,56,273
05/08/2020,CHS,SC,ASO,ES,Combined TRACON& Tower with Radar,44,22,33,29,128,0,5,28,9,42,44,27,61,38,170,6,58,64,234
05/09/2020,CHS,SC,ASO,ES,Combined TRACON& Tower with Radar,34,18,29,3,84,0,2,39,0,41,34,20,68,3,125,4,0,4,129
05/10/2020,CHS,SC,ASO,ES,Combined TRACON& Tower with Radar,45,17,27,8,97,0,0,30,0,30,45,17,57,8,127,2,0,2,129
05/11/2020,CHS,SC,ASO,ES,Combined TRACON& Tower with Radar,45,20,29,45,139,0,2,41,3,46,45,22,70,48,185,10,38,48,233
05/12/2020,CHS,SC,ASO,ES,Combined TRACON& Tower with Radar,39,14,44,73,170,0,4,49,5,58,39,18,93,78,228,4,72,76,304
05/13/2020,CHS,SC,ASO,ES,Combined TRACON& Tower with Radar,48,17,39,40,144,0,2,44,3,49,48,19,83,43,193,4,18,22,215
05/14/2020,CHS,SC,ASO,ES,Combined TRACON& Tower with Radar,46,13,33,47,139,0,3,52,3,58,46,16,85,50,197,2,18,20,217
05/15/2020,CHS,SC,ASO,ES,Combined TRACON& Tower with Radar,53,14,39,23,129,0,2,56,3,61,53,16,95,26,190,2,4,6,196
05/16/2020,CHS,SC,ASO,ES,Combined TRACON& Tower with Radar,34,16,19,9,78,0,2,51,1,54,34,18,70,10,132,2,6,8,140
05/17/2020,CHS,SC,ASO,ES,Combined TRACON& Tower with Radar,45,20,44,14,123,0,6,18,1,25,45,26,62,15,148,8,6,14,162
05/18/2020,CHS,SC,ASO,ES,Combined TRACON& Tower with Radar,50,26,30,70,176,0,2,9,39,50,50,28,39,109,226,4,50,54,280
05/19/2020,CHS,SC,ASO,ES,Combined TRACON& Tower with Radar,34,23,36,92,185,0,4,13,15,32,34,27,49,107,217,6,112,118,335
05/20/2020,CHS,SC,ASO,ES,Combined TRACON& Tower with Radar,41,24,41,43,149,0,0,5,4,9,41,24,46,47,158,0,72,72,230
05/21/2020,CHS,SC,ASO,ES,Combined TRACON& Tower with Radar,51,31,67,41,190,0,3,14,6,23,51,34,81,47,213,6,46,52,265
05/22/2020,CHS,SC,ASO,ES,Combined TRACON& Tower with Radar,59,28,56,22,165,0,3,21,1,25,59,31,77,23,190,14,0,14,204
05/23/2020,CHS,SC,ASO,ES,Combined TRACON& Tower with Radar,41,28,25,3,97,0,1,27,0,28,41,29,52,3,125,0,0,0,125
05/24/2020,CHS,SC,ASO,ES,Combined TRACON& Tower with Radar,45,17,20,1,83,0,5,17,0,22,45,22,37,1,105,0,0,0,105
05/25/2020,CHS,SC,ASO,ES,Combined TRACON& Tower with Radar,54,17,59,2,132,0,3,9,0,12,54,20,68,2,144,16,0,16,160
05/26/2020,CHS,SC,ASO,ES,Combined TRACON& Tower with Radar,39,40,56,31,166,0,2,1,1,4,39,42,57,32,170,6,16,22,192
05/27/2020,CHS,SC,ASO,ES,Combined TRACON& Tower with Radar,46,26,61,55,188,0,2,0,1,3,46,28,61,56,191,0,39,39,230
05/28/2020,CHS,SC,ASO,ES,Combined TRACON& Tower with Radar,49,27,52,70,198,0,2,42,6,50,49,29,94,76,248,13,54,67,315
05/29/2020,CHS,SC,ASO,ES,Combined TRACON& Tower with Radar,53,42,40,32,167,0,1,22,7,30,53,43,62,39,197,16,40,56,253
05/30/2020,CHS,SC,ASO,ES,Combined TRACON& Tower with Radar,38,29,39,9,115,0,2,17,0,19,38,31,56,9,134,10,2,12,146
05/31/2020,CHS,SC,ASO,ES,Combined TRACON& Tower with Radar,51,34,51,8,144,0,6,31,2,39,51,40,82,10,183,4,4,8,191
06/01/2020,CHS,SC,ASO,ES,Combined TRACON& Tower with Radar,54,32,38,41,165,0,1,50,4,55,54,33,88,45,220,6,26,32,252
06/02/2020,CHS,SC,ASO,ES,Combined TRACON& Tower with Radar,44,30,28,58,160,0,1,51,5,57,44,31,79,63,217,2,18,20,237
06/03/2020,CHS,SC,ASO,ES,Combined TRACON& Tower with Radar,47,25,52,39,163,0,1,54,7,62,47,26,106,46,225,4,18,22,247
06/04/2020,CHS,SC,ASO,ES,Combined TRACON& Tower with Radar,50,28,52,62,192,0,6,53,4,63,50,34,105,66,255,0,50,50,305
06/05/2020,CHS,SC,ASO,ES,Combined TRACON& Tower with Radar,60,33,47,22,162,0,5,34,2,41,60,38,81,24,203,12,12,24,227
06/06/2020,CHS,SC,ASO,ES,Combined TRACON& Tower with Radar,48,22,38,12,120,0,0,29,0,29,48,22,67,12,149,2,0,2,151
06/07/2020,CHS,SC,ASO,ES,Combined TRACON& Tower with Radar,55,16,44,8,123,0,5,29,2,36,55,21,73,10,159,6,4,10,169
06/08/2020,CHS,SC,ASO,ES,Combined TRACON& Tower with Radar,55,19,47,44,165,0,3,16,0,19,55,22,63,44,184,0,30,30,214
06/09/2020,CHS,SC,ASO,ES,Combined TRACON& Tower with Radar,49,9,45,29,132,0,0,24,0,24,49,9,69,29,156,2,12,14,170
06/10/2020,CHS,SC,ASO,ES,Combined TRACON& Tower with Radar,57,35,45,58,195,0,3,40,2,45,57,38,85,60,240,10,76,86,326
06/11/2020,CHS,SC,ASO,ES,Combined TRACON& Tower with Radar,61,33,63,37,194,0,0,6,0,6,61,33,69,37,200,0,18,18,218
06/12/2020,CHS,SC,ASO,ES,Combined TRACON& Tower with Radar,72,18,46,30,166,0,0,4,0,4,72,18,50,30,170,0,2,2,172
06/13/2020,CHS,SC,ASO,ES,Combined TRACON& Tower with Radar,47,19,54,25,145,0,2,30,0,32,47,21,84,25,177,0,0,0,177
06/14/2020,CHS,SC,ASO,ES,Combined TRACON& Tower with Radar,63,35,56,17,171,0,5,12,0,17,63,40,68,17,188,2,0,2,190
06/15/2020,CHS,SC,ASO,ES,Combined TRACON& Tower with Radar,64,37,56,33,190,0,1,2,0,3,64,38,58,33,193,4,18,22,215
06/16/2020,CHS,SC,ASO,ES,Combined TRACON& Tower with Radar,46,44,54,45,189,0,1,1,0,2,46,45,55,45,191,6,26,32,223
06/17/2020,CHS,SC,ASO,ES,Combined TRACON& Tower with Radar,47,39,80,78,244,0,1,23,12,36,47,40,103,90,280,18,68,86,366
06/18/2020,CHS,SC,ASO,ES,Combined TRACON& Tower with Radar,61,24,67,46,198,0,0,61,16,77,61,24,128,62,275,4,36,40,315
06/19/2020,CHS,SC,ASO,ES,Combined TRACON& Tower with Radar,68,24,77,9,178,0,6,44,7,57,68,30,121,16,235,14,0,14,249
06/20/2020,CHS,SC,ASO,ES,Combined TRACON& Tower with Radar,55,27,56,8,146,0,2,25,0,27,55,29,81,8,173,6,2,8,181
06/21/2020,CHS,SC,ASO,ES,Combined TRACON& Tower with Radar,67,35,41,7,150,0,2,27,0,29,67,37,68,7,179,6,0,6,185
06/22/2020,CHS,SC,ASO,ES,Combined TRACON& Tower with Radar,73,28,55,25,181,0,0,42,7,49,73,28,97,32,230,6,16,22,252
06/23/2020,CHS,SC,ASO,ES,Combined TRACON& Tower with Radar,62,28,30,40,160,0,0,29,2,31,62,28,59,42,191,2,10,12,203
06/24/2020,CHS,SC,ASO,ES,Combined TRACON& Tower with Radar,59,39,89,49,236,0,0,27,0,27,59,39,116,49,263,0,16,16,279
06/25/2020,CHS,SC,ASO,ES,Combined TRACON& Tower with Radar,74,34,57,27,192,0,6,24,3,33,74,40,81,30,225,6,8,14,239
06/26/2020,CHS,SC,ASO,ES,Combined TRACON& Tower with Radar,70,28,57,36,191,0,3,35,6,44,70,31,92,42,235,6,12,18,253
06/27/2020,CHS,SC,ASO,ES,Combined TRACON& Tower with Radar,61,38,40,21,160,0,3,24,1,28,61,41,64,22,188,2,10,12,200
06/28/2020,CHS,SC,ASO,ES,Combined TRACON& Tower with Radar,71,21,45,13,150,0,6,36,2,44,71,27,81,15,194,18,6,24,218
06/29/2020,CHS,SC,ASO,ES,Combined TRACON& Tower with Radar,74,28,35,9,146,0,8,28,1,37,74,36,63,10,183,8,2,10,193
06/30/2020,CHS,SC,ASO,ES,Combined TRACON& Tower with Radar,66,18,30,22,136,0,2,45,0,47,66,20,75,22,183,20,16,36,219
07/01/2020,CHS,SC,ASO,ES,Combined TRACON& Tower with Radar,64,21,56,15,156,0,5,26,5,36,64,26,82,20,192,16,10,26,218
07/02/2020,CHS,SC,ASO,ES,Combined TRACON& Tower with Radar,82,35,57,16,190,0,6,21,1,28,82,41,78,17,218,0,0,0,218
07/03/2020,CHS,SC,ASO,ES,Combined TRACON& Tower with Radar,78,38,37,6,159,0,6,40,0,46,78,44,77,6,205,4,0,4,209
07/04/2020,CHS,SC,ASO,ES,Combined TRACON& Tower with Radar,59,21,13,1,94,0,4,25,2,31,59,25,38,3,125,0,0,0,125
07/05/2020,CHS,SC,ASO,ES,Combined TRACON& Tower with Radar,73,20,33,9,135,0,3,20,0,23,73,23,53,9,158,2,0,2,160
07/06/2020,CHS,SC,ASO,ES,Combined TRACON& Tower with Radar,79,22,31,8,140,0,2,13,0,15,79,24,44,8,155,0,0,0,155
07/07/2020,CHS,SC,ASO,ES,Combined TRACON& Tower with Radar,73,25,41,37,176,0,0,0,0,0,73,25,41,37,176,0,2,2,178
07/08/2020,CHS,SC,ASO,ES,Combined TRACON& Tower with Radar,78,26,56,30,190,0,4,7,2,13,78,30,63,32,203,6,8,14,217
07/09/2020,CHS,SC,ASO,ES,Combined TRACON& Tower with Radar,93,28,65,34,220,0,0,9,1,10,93,28,74,35,230,0,8,8,238
07/10/2020,CHS,SC,ASO,ES,Combined TRACON& Tower with Radar,99,27,47,21,194,0,0,35,1,36,99,27,82,22,230,8,8,16,246
07/11/2020,CHS,SC,ASO,ES,Combined TRACON& Tower with Radar,91,21,36,10,158,0,3,43,0,46,91,24,79,10,204,12,0,12,216
07/12/2020,CHS,SC,ASO,ES,Combined TRACON& Tower with Radar,97,27,37,10,171,0,4,40,1,45,97,31,77,11,216,16,4,20,236
07/13/2020,CHS,SC,ASO,ES,Combined TRACON& Tower with Radar,94,39,37,8,178,0,6,30,2,38,94,45,67,10,216,2,2,4,220
07/14/2020,CHS,SC,ASO,ES,Combined TRACON& Tower with Radar,83,18,57,27,185,0,4,38,6,48,83,22,95,33,233,0,10,10,243
07/15/2020,CHS,SC,ASO,ES,Combined TRACON& Tower with Radar,81,37,44,48,210,0,1,36,6,43,81,38,80,54,253,0,6,6,259
07/16/2020,CHS,SC,ASO,ES,Combined TRACON& Tower with Radar,98,30,52,38,218,1,4,40,4,49,99,34,92,42,267,4,26,30,297
07/17/2020,CHS,SC,ASO,ES,Combined TRACON& Tower with Radar,101,14,48,19,182,0,3,51,5,59,101,17,99,24,241,4,14,18,259
07/18/2020,CHS,SC,ASO,ES,Combined TRACON& Tower with Radar,89,41,23,16,169,0,0,48,1,49,89,41,71,17,218,12,0,12,230
07/19/2020,CHS,SC,ASO,ES,Combined TRACON& Tower with Radar,98,20,38,4,160,0,4,26,0,30,98,24,64,4,190,0,2,2,192
07/20/2020,CHS,SC,ASO,ES,Combined TRACON& Tower with Radar,100,17,41,78,236,0,3,40,4,47,100,20,81,82,283,2,76,78,361
07/21/2020,CHS,SC,ASO,ES,Combined TRACON& Tower with Radar,86,30,29,30,175,0,6,37,2,45,86,36,66,32,220,2,0,2,222
07/22/2020,CHS,SC,ASO,ES,Combined TRACON& Tower with Radar,80,35,38,59,212,0,10,35,4,49,80,45,73,63,261,32,36,68,329
07/23/2020,CHS,SC,ASO,ES,Combined TRACON& Tower with Radar,100,18,50,51,219,0,1,40,3,44,100,19,90,54,263,16,44,60,323
07/24/2020,CHS,SC,ASO,ES,Combined TRACON& Tower with Radar,98,25,33,45,201,0,0,23,2,25,98,25,56,47,226,4,12,16,242
07/25/2020,CHS,SC,ASO,ES,Combined TRACON& Tower with Radar,97,28,36,15,176,0,2,20,0,22,97,30,56,15,198,6,12,18,216
07/26/2020,CHS,SC,ASO,ES,Combined TRACON& Tower with Radar,95,14,47,9,165,0,4,20,0,24,95,18,67,9,189,10,0,10,199
07/27/2020,CHS,SC,ASO,ES,Combined TRACON& Tower with Radar,92,17,34,54,197,0,3,34,0,37,92,20,68,54,234,0,0,0,234
07/28/2020,CHS,SC,ASO,ES,Combined TRACON& Tower with Radar,75,14,59,30,178,0,4,12,6,22,75,18,71,36,200,4,22,26,226
07/29/2020,CHS,SC,ASO,ES,Combined TRACON& Tower with Radar,77,19,47,38,181,0,1,20,3,24,77,20,67,41,205,10,40,50,255
07/30/2020,CHS,SC,ASO,ES,Combined TRACON& Tower with Radar,100,33,59,30,222,0,4,20,1,25,100,37,79,31,247,0,0,0,247
07/31/2020,CHS,SC,ASO,ES,Combined TRACON& Tower with Radar,100,25,60,37,222,0,8,31,2,41,100,33,91,39,263,2,22,24,287
08/01/2020,CHS,SC,ASO,ES,Combined TRACON& Tower with Radar,94,37,31,31,193,0,5,30,0,35,94,42,61,31,228,12,4,16,244
08/02/2020,CHS,SC,ASO,ES,Combined TRACON& Tower with Radar,104,26,46,0,176,0,5,22,1,28,104,31,68,1,204,6,0,6,210
08/03/2020,CHS,SC,ASO,ES,Combined TRACON& Tower with Radar,93,6,10,2,111,0,2,2,0,4,93,8,12,2,115,0,0,0,115
08/04/2020,CHS,SC,ASO,ES,Combined TRACON& Tower with Radar,70,17,48,30,165,0,2,34,4,40,70,19,82,34,205,4,2,6,211
08/05/2020,CHS,SC,ASO,ES,Combined TRACON& Tower with Radar,80,22,57,23,182,0,2,15,0,17,80,24,72,23,199,4,4,8,207
08/06/2020,CHS,SC,ASO,ES,Combined TRACON& Tower with Radar,102,14,45,24,185,0,0,15,0,15,102,14,60,24,200,4,4,8,208
08/07/2020,CHS,SC,ASO,ES,Combined TRACON& Tower with Radar,99,24,50,33,206,0,3,42,0,45,99,27,92,33,251,4,14,18,269
08/08/2020,CHS,SC,ASO,ES,Combined TRACON& Tower with Radar,96,29,37,6,168,0,1,22,0,23,96,30,59,6,191,0,0,0,191
08/09/2020,CHS,SC,ASO,ES,Combined TRACON& Tower with Radar,96,24,50,17,187,0,2,19,2,23,96,26,69,19,210,6,6,12,222
08/10/2020,CHS,SC,ASO,ES,Combined TRACON& Tower with Radar,97,24,19,47,187,0,0,55,6,61,97,24,74,53,248,8,30,38,286
08/11/2020,CHS,SC,ASO,ES,Combined TRACON& Tower with Radar,76,29,60,48,213,0,3,36,5,44,76,32,96,53,257,8,46,54,311
08/12/2020,CHS,SC,ASO,ES,Combined TRACON& Tower with Radar,74,13,55,44,186,0,0,32,4,36,74,13,87,48,222,4,44,48,270
08/13/2020,CHS,SC,ASO,ES,Combined TRACON& Tower with Radar,102,30,34,25,191,0,1,19,3,23,102,31,53,28,214,4,16,20,234
08/14/2020,CHS,SC,ASO,ES,Combined TRACON& Tower with Radar,103,20,56,41,220,0,4,22,2,28,103,24,78,43,248,6,24,30,278
08/15/2020,CHS,SC,ASO,ES,Combined TRACON& Tower with Radar,92,22,47,6,167,0,4,16,0,20,92,26,63,6,187,12,0,12,199
08/16/2020,CHS,SC,ASO,ES,Combined TRACON& Tower with Radar,92,28,44,5,169,0,7,12,0,19,92,35,56,5,188,2,0,2,190
08/17/2020,CHS,SC,ASO,ES,Combined TRACON& Tower with Radar,97,28,24,38,187,0,4,55,5,64,97,32,79,43,251,4,20,24,275
08/18/2020,CHS,SC,ASO,ES,Combined TRACON& Tower with Radar,71,26,40,48,185,0,2,21,1,24,71,28,61,49,209,12,28,40,249
08/19/2020,CHS,SC,ASO,ES,Combined TRACON& Tower with Radar,71,27,50,60,208,0,5,24,2,31,71,32,74,62,239,0,22,22,261
08/20/2020,CHS,SC,ASO,ES,Combined TRACON& Tower with Radar,102,30,53,100,285,0,0,26,0,26,102,30,79,100,311,4,24,28,339
08/21/2020,CHS,SC,ASO,ES,Combined TRACON& Tower with Radar,98,32,43,18,191,0,2,33,1,36,98,34,76,19,227,14,32,46,273
08/22/2020,CHS,SC,ASO,ES,Combined TRACON& Tower with Radar,88,22,33,9,152,0,2,45,0,47,88,24,78,9,199,12,0,12,211
08/23/2020,CHS,SC,ASO,ES,Combined TRACON& Tower with Radar,92,18,37,18,165,0,2,11,0,13,92,20,48,18,178,0,6,6,184
08/24/2020,CHS,SC,ASO,ES,Combined TRACON& Tower with Radar,90,14,47,23,174,0,0,5,0,5,90,14,52,23,179,0,0,0,179
08/25/2020,CHS,SC,ASO,ES,Combined TRACON& Tower with Radar,72,23,53,64,212,0,0,27,1,28,72,23,80,65,240,2,58,60,300
08/26/2020,CHS,SC,ASO,ES,Combined TRACON& Tower with Radar,74,31,37,59,201,0,2,35,0,37,74,33,72,59,238,8,44,52,290
08/27/2020,CHS,SC,ASO,ES,Combined TRACON& Tower with Radar,94,32,80,75,281,1,7,48,3,59,95,39,128,78,340,31,42,73,413
08/28/2020,CHS,SC,ASO,ES,Combined TRACON& Tower with Radar,91,40,59,63,253,0,2,20,2,24,91,42,79,65,277,2,52,54,331
08/29/2020,CHS,SC,ASO,ES,Combined TRACON& Tower with Radar,90,19,28,16,153,0,2,22,2,26,90,21,50,18,179,4,4,8,187
08/30/2020,CHS,SC,ASO,ES,Combined TRACON& Tower with Radar,93,20,46,5,164,0,4,14,0,18,93,24,60,5,182,6,0,6,188
08/31/2020,CHS,SC,ASO,ES,Combined TRACON& Tower with Radar,96,21,37,36,190,0,4,38,5,47,96,25,75,41,237,6,38,44,281
09/01/2020,CHS,SC,ASO,ES,Combined TRACON& Tower with Radar,69,21,59,40,189,0,4,55,0,59,69,25,114,40,248,10,18,28,276
09/02/2020,CHS,SC,ASO,ES,Combined TRACON& Tower with Radar,70,38,70,87,265,0,5,48,12,65,70,43,118,99,330,6,70,76,406
09/03/2020,CHS,SC,ASO,ES,Combined TRACON& Tower with Radar,96,28,51,23,198,0,3,42,3,48,96,31,93,26,246,8,18,26,272
09/04/2020,CHS,SC,ASO,ES,Combined TRACON& Tower with Radar,92,32,55,8,187,0,7,39,7,53,92,39,94,15,240,0,6,6,246
09/05/2020,CHS,SC,ASO,ES,Combined TRACON& Tower with Radar,75,20,33,8,136,0,2,47,3,52,75,22,80,11,188,2,0,2,190
09/06/2020,CHS,SC,ASO,ES,Combined TRACON& Tower with Radar,68,23,20,1,112,0,2,25,0,27,68,25,45,1,139,22,0,22,161
09/07/2020,CHS,SC,ASO,ES,Combined TRACON& Tower with Radar,90,24,57,9,180,0,0,34,0,34,90,24,91,9,214,3,0,3,217
09/08/2020,CHS,SC,ASO,ES,Combined TRACON& Tower with Radar,70,16,60,40,186,0,2,32,2,36,70,18,92,42,222,10,14,24,246
09/09/2020,CHS,SC,ASO,ES,Combined TRACON& Tower with Radar,71,24,40,31,166,0,4,6,3,13,71,28,46,34,179,18,18,36,215
09/10/2020,CHS,SC,ASO,ES,Combined TRACON& Tower with Radar,90,37,76,27,230,0,3,21,4,28,90,40,97,31,258,10,2,12,270
09/11/2020,CHS,SC,ASO,ES,Combined TRACON& Tower with Radar,88,31,81,27,227,0,0,17,0,17,88,31,98,27,244,12,4,16,260
09/12/2020,CHS,SC,ASO,ES,Combined TRACON& Tower with Radar,75,14,61,13,163,0,2,24,0,26,75,16,85,13,189,4,8,12,201
09/13/2020,CHS,SC,ASO,ES,Combined TRACON& Tower with Radar,84,23,50,31,188,0,0,22,6,28,84,23,72,37,216,18,20,38,254
09/14/2020,CHS,SC,ASO,ES,Combined TRACON& Tower with Radar,83,26,48,20,177,0,3,38,3,44,83,29,86,23,221,4,12,16,237
09/15/2020,CHS,SC,ASO,ES,Combined TRACON& Tower with Radar,61,23,47,34,165,0,4,30,3,37,61,27,77,37,202,4,18,22,224
09/16/2020,CHS,SC,ASO,ES,Combined TRACON& Tower with Radar,67,25,47,19,158,0,2,0,0,2,67,27,47,19,160,4,4,8,168
09/17/2020,CHS,SC,ASO,ES,Combined TRACON& Tower with Radar,86,26,45,31,188,0,0,5,0,5,86,26,50,31,193,2,10,12,205
09/18/2020,CHS,SC,ASO,ES,Combined TRACON& Tower with Radar,88,36,51,34,209,0,1,1,2,4,88,37,52,36,213,4,16,20,233
09/19/2020,CHS,SC,ASO,ES,Combined TRACON& Tower with Radar,80,23,32,14,149,0,1,31,0,32,80,24,63,14,181,0,0,0,181
09/20/2020,CHS,SC,ASO,ES,Combined TRACON& Tower with Radar,82,33,57,5,177,0,7,20,1,28,82,40,77,6,205,26,4,30,235
09/21/2020,CHS,SC,ASO,ES,Combined TRACON& Tower with Radar,88,34,37,33,192,0,6,50,4,60,88,40,87,37,252,8,38,46,298
09/22/2020,CHS,SC,ASO,ES,Combined TRACON& Tower with Radar,70,30,41,52,193,0,6,65,3,74,70,36,106,55,267,10,46,56,323
09/23/2020,CHS,SC,ASO,ES,Combined TRACON& Tower with Radar,76,40,58,40,214,0,7,66,1,74,76,47,124,41,288,4,10,14,302
09/24/2020,CHS,SC,ASO,ES,Combined TRACON& Tower with Radar,93,42,58,40,233,0,3,64,0,67,93,45,122,40,300,10,4,14,314
09/25/2020,CHS,SC,ASO,ES,Combined TRACON& Tower with Radar,86,32,73,22,213,0,1,7,0,8,86,33,80,22,221,2,0,2,223
09/26/2020,CHS,SC,ASO,ES,Combined TRACON& Tower with Radar,74,19,48,0,141,0,2,22,0,24,74,21,70,0,165,6,0,6,171
09/27/2020,CHS,SC,ASO,ES,Combined TRACON& Tower with Radar,82,28,64,3,177,0,1,32,0,33,82,29,96,3,210,2,0,2,212
09/28/2020,CHS,SC,ASO,ES,Combined TRACON& Tower with Radar,82,25,48,53,208,0,1,4,0,5,82,26,52,53,213,0,34,34,247
09/29/2020,CHS,SC,ASO,ES,Combined TRACON& Tower with Radar,69,36,40,36,181,0,0,3,0,3,69,36,43,36,184,4,10,14,198
09/30/2020,CHS,SC,ASO,ES,Combined TRACON& Tower with Radar,74,45,67,38,224,0,4,70,5,79,74,49,137,43,303,34,2,36,339
10/01/2020,CHS,SC,ASO,ES,Combined TRACON& Tower with Radar,97,28,60,44,229,0,2,72,2,76,97,30,132,46,305,6,22,28,333
10/02/2020,CHS,SC,ASO,ES,Combined TRACON& Tower with Radar,93,33,57,53,236,0,1,51,1,53,93,34,108,54,289,0,46,46,335
10/03/2020,CHS,SC,ASO,ES,Combined TRACON& Tower with Radar,79,10,44,42,175,0,6,46,3,55,79,16,90,45,230,8,22,30,260
10/04/2020,CHS,SC,ASO,ES,Combined TRACON& Tower with Radar,90,26,58,26,200,0,3,30,0,33,90,29,88,26,233,2,20,22,255
10/05/2020,CHS,SC,ASO,ES,Combined TRACON& Tower with Radar,88,38,51,40,217,0,3,33,8,44,88,41,84,48,261,4,58,62,323
10/06/2020,CHS,SC,ASO,ES,Combined TRACON& Tower with Radar,68,26,58,48,200,0,2,14,1,17,68,28,72,49,217,2,30,32,249
10/07/2020,CHS,SC,ASO,ES,Combined TRACON& Tower with Radar,66,29,73,44,212,0,1,29,11,41,66,30,102,55,253,2,18,20,273
10/08/2020,CHS,SC,ASO,ES,Combined TRACON& Tower with Radar,112,40,92,56,300,0,5,39,2,46,112,45,131,58,346,10,38,48,394
10/09/2020,CHS,SC,ASO,ES,Combined TRACON& Tower with Radar,104,53,79,24,260,0,6,21,2,29,104,59,100,26,289,8,12,20,309
10/10/2020,CHS,SC,ASO,ES,Combined TRACON& Tower with Radar,88,18,46,4,156,0,0,23,0,23,88,18,69,4,179,0,0,0,179
10/11/2020,CHS,SC,ASO,ES,Combined TRACON& Tower with Radar,112,36,58,6,212,0,1,7,0,8,112,37,65,6,220,18,0,18,238
10/12/2020,CHS,SC,ASO,ES,Combined TRACON& Tower with Radar,96,28,72,14,210,0,4,33,0,37,96,32,105,14,247,2,18,20,267
10/13/2020,CHS,SC,ASO,ES,Combined TRACON& Tower with Radar,72,40,72,42,226,0,6,36,1,43,72,46,108,43,269,12,24,36,305
10/14/2020,CHS,SC,ASO,ES,Combined TRACON& Tower with Radar,77,36,69,34,216,0,0,49,3,52,77,36,118,37,268,4,4,8,276
10/15/2020,CHS,SC,ASO,ES,Combined TRACON& Tower with Radar,109,51,82,47,289,0,3,35,6,44,109,54,117,53,333,18,18,36,369
10/16/2020,CHS,SC,ASO,ES,Combined TRACON& Tower with Radar,98,47,85,38,268,0,3,42,1,46,98,50,127,39,314,12,12,24,338
10/17/2020,CHS,SC,ASO,ES,Combined TRACON& Tower with Radar,81,25,43,28,177,0,8,51,2,61,81,33,94,30,238,8,24,32,270
10/18/2020,CHS,SC,ASO,ES,Combined TRACON& Tower with Radar,102,27,55,8,192,0,9,38,0,47,102,36,93,8,239,8,0,8,247
10/19/2020,CHS,SC,ASO,ES,Combined TRACON& Tower with Radar,90,42,65,33,230,0,8,48,2,58,90,50,113,35,288,8,15,23,311
10/20/2020,CHS,SC,ASO,ES,Combined TRACON& Tower with Radar,69,33,52,45,199,0,4,30,3,37,69,37,82,48,236,24,46,70,306
10/21/2020,CHS,SC,ASO,ES,Combined TRACON& Tower with Radar,70,34,74,40,218,0,2,13,0,15,70,36,87,40,233,4,4,8,241
10/22/2020,CHS,SC,ASO,ES,Combined TRACON& Tower with Radar,98,41,96,30,265,0,1,44,1,46,98,42,140,31,311,16,2,18,329
10/23/2020,CHS,SC,ASO,ES,Combined TRACON& Tower with Radar,94,44,70,35,243,0,3,36,1,40,94,47,106,36,283,4,2,6,289
10/24/2020,CHS,SC,ASO,ES,Combined TRACON& Tower with Radar,70,18,59,13,160,0,4,33,5,42,70,22,92,18,202,16,0,16,218
10/25/2020,CHS,SC,ASO,ES,Combined TRACON& Tower with Radar,92,37,78,7,214,0,4,9,1,14,92,41,87,8,228,0,0,0,228
10/26/2020,CHS,SC,ASO,ES,Combined TRACON& Tower with Radar,82,24,62,49,217,0,0,20,0,20,82,24,82,49,237,8,16,24,261
10/27/2020,CHS,SC,ASO,ES,Combined TRACON& Tower with Radar,57,40,72,59,228,0,3,44,3,50,57,43,116,62,278,0,52,52,330
10/28/2020,CHS,SC,ASO,ES,Combined TRACON& Tower with Radar,62,42,75,58,237,0,2,47,9,58,62,44,122,67,295,22,40,62,357
10/29/2020,CHS,SC,ASO,ES,Combined TRACON& Tower with Radar,89,38,60,41,228,0,0,3,1,4,89,38,63,42,232,0,0,0,232
10/30/2020,CHS,SC,ASO,ES,Combined TRACON& Tower with Radar,86,42,83,55,266,1,6,58,0,65,87,48,141,55,331,18,44,62,393
10/31/2020,CHS,SC,ASO,ES,Combined TRACON& Tower with Radar,53,19,48,10,130,0,3,30,0,33,53,22,78,10,163,8,10,18,181
11/01/2020,CHS,SC,ASO,ES,Combined TRACON& Tower with Radar,78,31,61,14,184,0,2,24,2,28,78,33,85,16,212,4,6,10,222
11/02/2020,CHS,SC,ASO,ES,Combined TRACON& Tower with Radar,75,38,60,35,208,0,7,36,4,47,75,45,96,39,255,8,16,24,279
11/03/2020,CHS,SC,ASO,ES,Combined TRACON& Tower with Radar,52,32,46,31,161,0,9,62,6,77,52,41,108,37,238,6,10,16,254
11/04/2020,CHS,SC,ASO,ES,Combined TRACON& Tower with Radar,59,36,63,60,218,0,4,70,5,79,59,40,133,65,297,6,32,38,335
11/05/2020,CHS,SC,ASO,ES,Combined TRACON& Tower with Radar,102,55,59,35,251,0,3,55,4,62,102,58,114,39,313,0,0,0,313
11/06/2020,CHS,SC,ASO,ES,Combined TRACON& Tower with Radar,92,48,67,16,223,0,1,24,0,25,92,49,91,16,248,4,4,8,256
11/07/2020,CHS,SC,ASO,ES,Combined TRACON& Tower with Radar,78,28,38,16,160,0,0,25,4,29,78,28,63,20,189,4,28,32,221
11/08/2020,CHS,SC,ASO,ES,Combined TRACON& Tower with Radar,114,47,62,12,235,0,3,9,1,13,114,50,71,13,248,0,0,0,248
11/09/2020,CHS,SC,ASO,ES,Combined TRACON& Tower with Radar,101,31,49,48,229,0,3,28,7,38,101,34,77,55,267,10,12,22,289
11/10/2020,CHS,SC,ASO,ES,Combined TRACON& Tower with Radar,64,37,46,34,181,0,3,18,5,26,64,40,64,39,207,0,28,28,235
11/11/2020,CHS,SC,ASO,ES,Combined TRACON& Tower with Radar,68,37,41,9,155,0,1,2,0,3,68,38,43,9,158,2,0,2,160
11/12/2020,CHS,SC,ASO,ES,Combined TRACON& Tower with Radar,106,50,43,47,246,0,0,0,0,0,106,50,43,47,246,0,4,4,250
11/13/2020,CHS,SC,ASO,ES,Combined TRACON& Tower with Radar,94,51,98,46,289,0,5,36,3,44,94,56,134,49,333,10,8,18,351
11/14/2020,CHS,SC,ASO,ES,Combined TRACON& Tower with Radar,83,22,47,3,155,0,5,66,1,72,83,27,113,4,227,10,2,12,239
11/15/2020,CHS,SC,ASO,ES,Combined TRACON& Tower with Radar,110,43,63,22,238,0,4,30,3,37,110,47,93,25,275,3,16,19,294
11/16/2020,CHS,SC,ASO,ES,Combined TRACON& Tower with Radar,92,49,47,53,241,0,2,44,0,46,92,51,91,53,287,14,50,64,351
11/17/2020,CHS,SC,ASO,ES,Combined TRACON& Tower with Radar,61,33,56,54,204,0,1,58,0,59,61,34,114,54,263,0,34,34,297
11/18/2020,CHS,SC,ASO,ES,Combined TRACON& Tower with Radar,62,34,54,29,179,0,4,41,3,48,62,38,95,32,227,10,12,22,249
11/19/2020,CHS,SC,ASO,ES,Combined TRACON& Tower with Radar,105,53,74,21,253,0,3,55,7,65,105,56,129,28,318,18,0,18,336
11/20/2020,CHS,SC,ASO,ES,Combined TRACON& Tower with Radar,97,68,82,26,273,0,7,57,2,66,97,75,139,28,339,30,4,34,373
11/21/2020,CHS,SC,ASO,ES,Combined TRACON& Tower with Radar,96,36,58,31,221,0,5,47,1,53,96,41,105,32,274,14,24,38,312
11/22/2020,CHS,SC,ASO,ES,Combined TRACON& Tower with Radar,107,46,65,14,232,0,1,33,0,34,107,47,98,14,266,8,0,8,274
11/23/2020,CHS,SC,ASO,ES,Combined TRACON& Tower with Radar,86,47,46,48,227,0,5,49,0,54,86,52,95,48,281,0,18,18,299
11/24/2020,CHS,SC,ASO,ES,Combined TRACON& Tower with Radar,108,47,46,22,223,0,4,43,5,52,108,51,89,27,275,26,6,32,307
11/25/2020,CHS,SC,ASO,ES,Combined TRACON& Tower with Radar,105,47,69,23,244,0,2,37,0,39,105,49,106,23,283,14,6,20,303
11/26/2020,CHS,SC,ASO,ES,Combined TRACON& Tower with Radar,48,7,5,0,60,0,7,2,0,9,48,14,7,0,69,0,0,0,69
11/27/2020,CHS,SC,ASO,ES,Combined TRACON& Tower with Radar,95,33,24,7,159,0,3,28,2,33,95,36,52,9,192,4,12,16,208
11/28/2020,CHS,SC,ASO,ES,Combined TRACON& Tower with Radar,109,48,44,1,202,0,2,17,0,19,109,50,61,1,221,4,0,4,225
11/29/2020,CHS,SC,ASO,ES,Combined TRACON& Tower with Radar,116,48,84,6,254,0,0,10,0,10,116,48,94,6,264,0,0,0,264
11/30/2020,CHS,SC,ASO,ES,Combined TRACON& Tower with Radar,108,43,23,12,186,0,1,5,0,6,108,44,28,12,192,0,0,0,192
12/01/2020,CHS,SC,ASO,ES,Combined TRACON& Tower with Radar,82,48,36,32,198,0,5,35,1,41,82,53,71,33,239,12,14,26,265
12/02/2020,CHS,SC,ASO,ES,Combined TRACON& Tower with Radar,65,48,67,45,225,0,7,48,1,56,65,55,115,46,281,8,12,20,301
12/03/2020,CHS,SC,ASO,ES,Combined TRACON& Tower with Radar,95,39,53,41,228,0,0,50,1,51,95,39,103,42,279,8,22,30,309
12/04/2020,CHS,SC,ASO,ES,Combined TRACON& Tower with Radar,94,64,68,39,265,0,2,39,5,46,94,66,107,44,311,8,42,50,361
12/05/2020,CHS,SC,ASO,ES,Combined TRACON& Tower with Radar,68,23,45,20,156,0,3,39,10,52,68,26,84,30,208,14,0,14,222
12/06/2020,CHS,SC,ASO,ES,Combined TRACON& Tower with Radar,90,32,36,20,178,0,3,45,7,55,90,35,81,27,233,0,0,0,233
12/07/2020,CHS,SC,ASO,ES,Combined TRACON& Tower with Radar,82,50,40,42,214,0,6,21,2,29,82,56,61,44,243,0,18,18,261
12/08/2020,CHS,SC,ASO,ES,Combined TRACON& Tower with Radar,60,47,53,43,203,0,7,50,5,62,60,54,103,48,265,10,36,46,311
12/09/2020,CHS,SC,ASO,ES,Combined TRACON& Tower with Radar,61,38,80,55,234,0,4,50,7,61,61,42,130,62,295,4,40,44,339
12/10/2020,CHS,SC,ASO,ES,Combined TRACON& Tower with Radar,90,44,70,38,242,0,3,53,3,59,90,47,123,41,301,6,12,18,319
12/11/2020,CHS,SC,ASO,ES,Combined TRACON& Tower with Radar,96,47,68,35,246,0,5,56,0,61,96,52,124,35,307,22,4,26,333
12/12/2020,CHS,SC,ASO,ES,Combined TRACON& Tower with Radar,68,31,38,18,155,0,3,41,5,49,68,34,79,23,204,12,8,20,224
12/13/2020,CHS,SC,ASO,ES,Combined TRACON& Tower with Radar,88,43,46,22,199,0,2,23,2,27,88,45,69,24,226,4,2,6,232
12/14/2020,CHS,SC,ASO,ES,Combined TRACON& Tower with Radar,86,57,37,21,201,0,3,2,1,6,86,60,39,22,207,2,8,10,217
12/15/2020,CHS,SC,ASO,ES,Combined TRACON& Tower with Radar,59,28,49,35,171,0,0,11,3,14,59,28,60,38,185,2,6,8,193
12/16/2020,CHS,SC,ASO,ES,Combined TRACON& Tower with Radar,67,30,39,25,161,0,0,0,0,0,67,30,39,25,161,0,0,0,161
12/17/2020,CHS,SC,ASO,ES,Combined TRACON& Tower with Radar,96,60,75,49,280,0,0,2,0,2,96,60,77,49,282,16,22,38,320
12/18/2020,CHS,SC,ASO,ES,Combined TRACON& Tower with Radar,101,68,94,24,287,0,3,64,10,77,101,71,158,34,364,14,12,26,390
12/19/2020,CHS,SC,ASO,ES,Combined TRACON& Tower with Radar,108,48,48,13,217,0,3,44,1,48,108,51,92,14,265,12,2,14,279
12/20/2020,CHS,SC,ASO,ES,Combined TRACON& Tower with Radar,96,37,29,13,175,0,1,0,0,1,96,38,29,13,176,4,0,4,180
12/21/2020,CHS,SC,ASO,ES,Combined TRACON& Tower with Radar,97,49,65,48,259,0,5,41,0,46,97,54,106,48,305,18,6,24,329
12/22/2020,CHS,SC,ASO,ES,Combined TRACON& Tower with Radar,108,47,57,43,255,0,12,56,7,75,108,59,113,50,330,12,36,48,378
12/23/2020,CHS,SC,ASO,ES,Combined TRACON& Tower with Radar,104,43,64,33,244,0,3,45,1,49,104,46,109,34,293,2,10,12,305
12/24/2020,CHS,SC,ASO,ES,Combined TRACON& Tower with Radar,69,16,12,2,99,0,2,2,0,4,69,18,14,2,103,4,6,10,113
12/25/2020,CHS,SC,ASO,ES,Combined TRACON& Tower with Radar,47,24,16,0,87,0,0,4,0,4,47,24,20,0,91,0,0,0,91
12/26/2020,CHS,SC,ASO,ES,Combined TRACON& Tower with Radar,104,42,55,1,202,0,6,22,0,28,104,48,77,1,230,12,0,12,242
12/27/2020,CHS,SC,ASO,ES,Combined TRACON& Tower with Radar,101,44,64,1,210,0,4,36,0,40,101,48,100,1,250,0,0,0,250
12/28/2020,CHS,SC,ASO,ES,Combined TRACON& Tower with Radar,102,31,53,17,203,0,6,34,0,40,102,37,87,17,243,0,18,18,261
12/29/2020,CHS,SC,ASO,ES,Combined TRACON& Tower with Radar,98,41,67,27,233,0,11,53,1,65,98,52,120,28,298,0,2,2,300
12/30/2020,CHS,SC,ASO,ES,Combined TRACON& Tower with Radar,105,34,73,12,224,0,0,9,0,9,105,34,82,12,233,6,0,6,239
12/31/2020,CHS,SC,ASO,ES,Combined TRACON& Tower with Radar,68,24,37,12,141,0,3,1,0,4,68,27,38,12,145,8,4,12,157
01/01/2021,CHS,SC,ASO,ES,Combined TRACON& Tower with Radar,66,36,16,10,128,0,1,4,0,5,66,37,20,10,133,0,0,0,133
01/02/2021,CHS,SC,ASO,ES,Combined TRACON& Tower with Radar,107,37,45,4,193,0,0,0,0,0,107,37,45,4,193,8,0,8,201
01/03/2021,CHS,SC,ASO,ES,Combined TRACON& Tower with Radar,103,59,73,13,248,0,3,44,1,48,103,62,117,14,296,8,0,8,304
01/04/2021,CHS,SC,ASO,ES,Combined TRACON& Tower with Radar,97,40,46,6,189,0,10,50,0,60,97,50,96,6,249,0,0,0,249
01/05/2021,CHS,SC,ASO,ES,Combined TRACON& Tower with Radar,56,26,34,34,150,0,8,47,2,57,56,34,81,36,207,0,16,16,223
01/06/2021,CHS,SC,ASO,ES,Combined TRACON& Tower with Radar,58,20,36,37,151,0,4,63,2,69,58,24,99,39,220,0,4,4,224
01/07/2021,CHS,SC,ASO,ES,Combined TRACON& Tower with Radar,88,24,46,27,185,0,2,46,2,50,88,26,92,29,235,2,20,22,257
01/08/2021,CHS,SC,ASO,ES,Combined TRACON& Tower with Radar,84,43,47,28,202,0,0,0,0,0,84,43,47,28,202,4,16,20,222
01/09/2021,CHS,SC,ASO,ES,Combined TRACON& Tower with Radar,62,16,43,12,133,0,2,34,0,36,62,18,77,12,169,0,0,0,169
01/10/2021,CHS,SC,ASO,ES,Combined TRACON& Tower with Radar,86,23,40,25,174,0,5,46,0,51,86,28,86,25,225,8,44,52,277
01/11/2021,CHS,SC,ASO,ES,Combined TRACON& Tower with Radar,82,39,36,42,199,0,0,25,1,26,82,39,61,43,225,2,20,22,247
01/12/2021,CHS,SC,ASO,ES,Combined TRACON& Tower with Radar,57,25,31,37,150,0,0,8,1,9,57,25,39,38,159,8,22,30,189
01/13/2021,CHS,SC,ASO,ES,Combined TRACON& Tower with Radar,54,29,66,59,208,0,2,19,3,24,54,31,85,62,232,2,26,28,260
01/14/2021,CHS,SC,ASO,ES,Combined TRACON& Tower with Radar,90,43,52,50,235,0,4,40,2,46,90,47,92,52,281,4,26,30,311
01/15/2021,CHS,SC,ASO,ES,Combined TRACON& Tower with Radar,90,38,50,53,231,0,2,13,10,25,90,40,63,63,256,4,48,52,308
01/16/2021,CHS,SC,ASO,ES,Combined TRACON& Tower with Radar,70,19,26,12,127,0,1,15,0,16,70,20,41,12,143,0,0,0,143
01/17/2021,CHS,SC,ASO,ES,Combined TRACON& Tower with Radar,77,28,50,18,173,0,3,46,0,49,77,31,96,18,222,10,0,10,232
01/18/2021,CHS,SC,ASO,ES,Combined TRACON& Tower with Radar,76,41,48,13,178,0,0,46,0,46,76,41,94,13,224,16,4,20,244
01/19/2021,CHS,SC,ASO,ES,Combined TRACON& Tower with Radar,58,25,42,46,171,0,2,55,2,59,58,27,97,48,230,8,10,18,248
01/20/2021,CHS,SC,ASO,ES,Combined TRACON& Tower with Radar,58,32,50,36,176,0,5,48,2,55,58,37,98,38,231,6,0,6,237
01/21/2021,CHS,SC,ASO,ES,Combined TRACON& Tower with Radar,87,32,60,39,218,0,5,34,0,39,87,37,94,39,257,23,8,31,288
01/22/2021,CHS,SC,ASO,ES,Combined TRACON& Tower with Radar,88,29,29,24,170,0,5,1,1,7,88,34,30,25,177,4,0,4,181
01/23/2021,CHS,SC,ASO,ES,Combined TRACON& Tower with Radar,63,23,35,20,141,0,4,50,5,59,63,27,85,25,200,2,26,28,228
01/24/2021,CHS,SC,ASO,ES,Combined TRACON& Tower with Radar,83,25,53,10,171,0,4,70,0,74,83,29,123,10,245,12,6,18,263
01/25/2021,CHS,SC,ASO,ES,Combined TRACON& Tower with Radar,81,41,44,42,208,0,0,25,0,25,81,41,69,42,233,8,64,72,305
01/26/2021,CHS,SC,ASO,ES,Combined TRACON& Tower with Radar,61,40,42,70,213,0,0,10,1,11,61,40,52,71,224,32,46,78,302
01/27/2021,CHS,SC,ASO,ES,Combined TRACON& Tower with Radar,54,32,54,42,182,0,1,3,0,4,54,33,57,42,186,0,0,0,186
01/28/2021,CHS,SC,ASO,ES,Combined TRACON& Tower with Radar,77,39,52,24,192,0,3,24,0,27,77,42,76,24,219,0,0,0,219
01/29/2021,CHS,SC,ASO,ES,Combined TRACON& Tower with Radar,89,45,61,20,215,0,4,70,4,78,89,49,131,24,293,6,8,14,307
01/30/2021,CHS,SC,ASO,ES,Combined TRACON& Tower with Radar,65,24,42,2,133,0,4,73,0,77,65,28,115,2,210,4,0,4,214
01/31/2021,CHS,SC,ASO,ES,Combined TRACON& Tower with Radar,76,17,27,13,133,0,1,4,2,7,76,18,31,15,140,0,0,0,140
02/01/2021,CHS,SC,ASO,ES,Combined TRACON& Tower with Radar,70,33,37,40,180,0,0,2,1,3,70,33,39,41,183,2,20,22,205
02/02/2021,CHS,SC,ASO,ES,Combined TRACON& Tower with Radar,57,22,36,55,170,0,2,28,5,35,57,24,64,60,205,10,56,66,271
02/03/2021,CHS,SC,ASO,ES,Combined TRACON& Tower with Radar,58,46,50,52,206,0,4,62,3,69,58,50,112,55,275,6,32,38,313
02/04/2021,CHS,SC,ASO,ES,Combined TRACON& Tower with Radar,84,46,75,81,286,0,2,57,1,60,84,48,132,82,346,0,20,20,366
02/05/2021,CHS,SC,ASO,ES,Combined TRACON& Tower with Radar,84,44,44,49,221,0,4,2,6,12,84,48,46,55,233,0,22,22,255
02/06/2021,CHS,SC,ASO,ES,Combined TRACON& Tower with Radar,67,36,38,23,164,0,0,12,0,12,67,36,50,23,176,0,12,12,188
02/07/2021,CHS,SC,ASO,ES,Combined TRACON& Tower with Radar,76,23,28,10,137,0,4,11,0,15,76,27,39,10,152,6,0,6,158
02/08/2021,CHS,SC,ASO,ES,Combined TRACON& Tower with Radar,81,36,54,53,224,0,8,64,0,72,81,44,118,53,296,32,24,56,352
02/09/2021,CHS,SC,ASO,ES,Combined TRACON& Tower with Radar,63,38,45,36,182,0,2,25,3,30,63,40,70,39,212,12,6,18,230
02/10/2021,CHS,SC,ASO,ES,Combined TRACON& Tower with Radar,57,38,73,40,208,0,0,11,0,11,57,38,84,40,219,8,16,24,243
02/11/2021,CHS,SC,ASO,ES,Combined TRACON& Tower with Radar,97,50,75,34,256,0,0,0,0,0,97,50,75,34,256,0,8,8,264
02/12/2021,CHS,SC,ASO,ES,Combined TRACON& Tower with Radar,97,76,71,21,265,0,0,0,0,0,97,76,71,21,265,2,0,2,267
02/13/2021,CHS,SC,ASO,ES,Combined TRACON& Tower with Radar,64,41,14,5,124,0,0,0,0,0,64,41,14,5,124,0,0,0,124
02/14/2021,CHS,SC,ASO,ES,Combined TRACON& Tower with Radar,76,33,37,9,155,0,0,0,0,0,76,33,37,9,155,0,0,0,155
02/15/2021,CHS,SC,ASO,ES,Combined TRACON& Tower with Radar,80,46,44,2,172,0,0,0,0,0,80,46,44,2,172,0,0,0,172
02/16/2021,CHS,SC,ASO,ES,Combined TRACON& Tower with Radar,48,34,60,40,182,0,7,45,13,65,48,41,105,53,247,2,2,4,251
02/17/2021,CHS,SC,ASO,ES,Combined TRACON& Tower with Radar,52,34,75,41,202,0,5,58,3,66,52,39,133,44,268,36,24,60,328
02/18/2021,CHS,SC,ASO,ES,Combined TRACON& Tower with Radar,81,39,28,26,174,0,0,0,1,1,81,39,28,27,175,0,0,0,175
02/19/2021,CHS,SC,ASO,ES,Combined TRACON& Tower with Radar,89,36,66,32,223,0,0,1,0,1,89,36,67,32,224,2,6,8,232
02/20/2021,CHS,SC,ASO,ES,Combined TRACON& Tower with Radar,66,32,49,26,173,0,4,74,5,83,66,36,123,31,256,14,6,20,276
02/21/2021,CHS,SC,ASO,ES,Combined TRACON& Tower with Radar,104,30,64,22,220,0,0,63,2,65,104,30,127,24,285,4,0,4,289
02/22/2021,CHS,SC,ASO,ES,Combined TRACON& Tower with Radar,94,41,47,46,228,0,2,22,1,25,94,43,69,47,253,8,28,36,289
02/23/2021,CHS,SC,ASO,ES,Combined TRACON& Tower with Radar,60,54,60,45,219,0,5,73,3,81,60,59,133,48,300,14,34,48,348
02/24/2021,CHS,SC,ASO,ES,Combined TRACON& Tower with Radar,60,49,64,56,229,0,6,59,2,67,60,55,123,58,296,6,24,30,326
02/25/2021,CHS,SC,ASO,ES,Combined TRACON& Tower with Radar,103,42,78,27,250,0,2,72,2,76,103,44,150,29,326,9,4,13,339
02/26/2021,CHS,SC,ASO,ES,Combined TRACON& Tower with Radar,99,57,55,54,265,0,3,52,18,73,99,60,107,72,338,4,22,26,364
02/27/2021,CHS,SC,ASO,ES,Combined TRACON& Tower with Radar,65,36,48,12,161,0,5,56,1,62,65,41,104,13,223,6,0,6,229
02/28/2021,CHS,SC,ASO,ES,Combined TRACON& Tower with Radar,102,33,58,41,234,0,6,24,4,34,102,39,82,45,268,10,0,10,278
03/01/2021,CHS,SC,ASO,ES,Combined TRACON& Tower with Radar,87,32,56,36,211,0,4,26,1,31,87,36,82,37,242,4,12,16,258
03/02/2021,CHS,SC,ASO,ES,Combined TRACON& Tower with Radar,67,44,60,65,236,0,3,30,2,35,67,47,90,67,271,8,54,62,333
03/03/2021,CHS,SC,ASO,ES,Combined TRACON& Tower with Radar,73,37,72,46,228,0,2,7,0,9,73,39,79,46,237,8,32,40,277
03/04/2021,CHS,SC,ASO,ES,Combined TRACON& Tower with Radar,118,63,78,47,306,0,6,67,7,80,118,69,145,54,386,0,6,6,392
03/05/2021,CHS,SC,ASO,ES,Combined TRACON& Tower with Radar,118,53,62,45,278,0,8,55,7,70,118,61,117,52,348,8,10,18,366
03/06/2021,CHS,SC,ASO,ES,Combined TRACON& Tower with Radar,98,53,67,19,237,0,3,29,3,35,98,56,96,22,272,10,16,26,298
03/07/2021,CHS,SC,ASO,ES,Combined TRACON& Tower with Radar,121,26,60,28,235,0,5,60,5,70,121,31,120,33,305,2,6,8,313
03/08/2021,CHS,SC,ASO,ES,Combined TRACON& Tower with Radar,110,51,73,46,280,0,4,55,1,60,110,55,128,47,340,14,62,76,416
03/09/2021,CHS,SC,ASO,ES,Combined TRACON& Tower with Radar,87,65,59,64,275,0,5,53,4,62,87,70,112,68,337,0,10,10,347
03/10/2021,CHS,SC,ASO,ES,Combined TRACON& Tower with Radar,91,47,58,37,233,0,5,38,3,46,91,52,96,40,279,14,22,36,315
03/11/2021,CHS,SC,ASO,ES,Combined TRACON& Tower with Radar,137,46,70,30,283,0,4,55,5,64,137,50,125,35,347,12,4,16,363
03/12/2021,CHS,SC,ASO,ES,Combined TRACON& Tower with Radar,124,42,80,52,298,0,2,63,12,77,124,44,143,64,375,16,40,56,431
03/13/2021,CHS,SC,ASO,ES,Combined TRACON& Tower with Radar,94,48,65,17,224,0,1,75,7,83,94,49,140,24,307,38,24,62,369
03/14/2021,CHS,SC,ASO,ES,Combined TRACON& Tower with Radar,119,30,66,18,233,0,2,58,2,62,119,32,124,20,295,4,2,6,301
03/15/2021,CHS,SC,ASO,ES,Combined TRACON& Tower with Radar,110,33,59,26,228,0,1,18,3,22,110,34,77,29,250,6,8,14,264
03/16/2021,CHS,SC,ASO,ES,Combined TRACON& Tower with Radar,90,51,72,72,285,0,2,10,0,12,90,53,82,72,297,10,50,60,357
03/17/2021,CHS,SC,ASO,ES,Combined TRACON& Tower with Radar,87,65,76,40,268,0,0,12,6,18,87,65,88,46,286,4,16,20,306
03/18/2021,CHS,SC,ASO,ES,Combined TRACON& Tower with Radar,129,43,45,23,240,0,1,3,0,4,129,44,48,23,244,0,8,8,252
03/19/2021,CHS,SC,ASO,ES,Combined TRACON& Tower with Radar,125,72,64,27,288,0,4,26,6,36,125,76,90,33,324,4,26,30,354
03/20/2021,CHS,SC,ASO,ES,Combined TRACON& Tower with Radar,105,52,61,23,241,0,5,21,1,27,105,57,82,24,268,2,0,2,270
03/21/2021,CHS,SC,ASO,ES,Combined TRACON& Tower with Radar,129,53,78,17,277,0,2,10,0,12,129,55,88,17,289,6,2,8,297
03/22/2021,CHS,SC,ASO,ES,Combined TRACON& Tower with Radar,121,50,54,33,258,0,4,39,4,47,121,54,93,37,305,2,14,16,321
03/23/2021,CHS,SC,ASO,ES,Combined TRACON& Tower with Radar,98,35,60,67,260,0,3,34,3,40,98,38,94,70,300,12,42,54,354
03/24/2021,CHS,SC,ASO,ES,Combined TRACON& Tower with Radar,94,52,66,64,276,0,11,48,3,62,94,63,114,67,338,0,12,12,350
03/25/2021,CHS,SC,ASO,ES,Combined TRACON& Tower with Radar,131,53,60,72,316,0,6,34,8,48,131,59,94,80,364,6,32,38,402
03/26/2021,CHS,SC,ASO,ES,Combined TRACON& Tower with Radar,132,68,66,61,327,0,3,23,4,30,132,71,89,65,357,2,28,30,387
03/27/2021,CHS,SC,ASO,ES,Combined TRACON& Tower with Radar,120,63,58,6,247,0,3,56,3,62,120,66,114,9,309,0,0,0,309
03/28/2021,CHS,SC,ASO,ES,Combined TRACON& Tower with Radar,120,45,70,8,243,0,6,16,1,23,120,51,86,9,266,0,0,0,266
03/29/2021,CHS,SC,ASO,ES,Combined TRACON& Tower with Radar,116,47,45,38,246,0,0,69,1,70,116,47,114,39,316,2,12,14,330
03/30/2021,CHS,SC,ASO,ES,Combined TRACON& Tower with Radar,107,55,88,32,282,0,1,48,4,53,107,56,136,36,335,20,8,28,363
03/31/2021,CHS,SC,ASO,ES,Combined TRACON& Tower with Radar,95,35,62,26,218,0,0,10,5,15,95,35,72,31,233,2,6,8,241
04/01/2021,CHS,SC,ASO,ES,Combined TRACON& Tower with Radar,136,45,78,49,308,0,2,20,2,24,136,47,98,51,332,0,32,32,364
04/02/2021,CHS,SC,ASO,ES,Combined TRACON& Tower with Radar,143,59,90,33,325,0,3,49,2,54,143,62,139,35,379,30,12,42,421
04/03/2021,CHS,SC,ASO,ES,Combined TRACON& Tower with Radar,123,50,58,9,240,0,3,75,0,78,123,53,133,9,318,4,0,4,322
04/04/2021,CHS,SC,ASO,ES,Combined TRACON& Tower with Radar,137,62,52,5,256,0,3,57,2,62,137,65,109,7,318,0,0,0,318
04/05/2021,CHS,SC,ASO,ES,Combined TRACON& Tower with Radar,134,85,75,23,317,0,3,62,5,70,134,88,137,28,387,2,0,2,389
04/06/2021,CHS,SC,ASO,ES,Combined TRACON& Tower with Radar,108,48,62,22,240,0,9,66,10,85,108,57,128,32,325,14,22,36,361
04/07/2021,CHS,SC,ASO,ES,Combined TRACON& Tower with Radar,107,43,45,36,231,0,0,62,9,71,107,43,107,45,302,0,34,34,336
04/08/2021,CHS,SC,ASO,ES,Combined TRACON& Tower with Radar,154,55,74,43,326,0,2,56,4,62,154,57,130,47,388,4,8,12,400
04/09/2021,CHS,SC,ASO,ES,Combined TRACON& Tower with Radar,142,49,85,35,311,0,5,49,8,62,142,54,134,43,373,10,26,36,409
04/10/2021,CHS,SC,ASO,ES,Combined TRACON& Tower with Radar,129,38,49,18,234,0,6,47,4,57,129,44,96,22,291,2,4,6,297
04/11/2021,CHS,SC,ASO,ES,Combined TRACON& Tower with Radar,136,45,98,25,304,0,5,35,10,50,136,50,133,35,354,0,8,8,362
04/12/2021,CHS,SC,ASO,ES,Combined TRACON& Tower with Radar,142,53,76,18,289,0,2,46,2,50,142,55,122,20,339,2,8,10,349
04/13/2021,CHS,SC,ASO,ES,Combined TRACON& Tower with Radar,106,47,64,34,251,0,5,54,4,63,106,52,118,38,314,2,24,26,340
04/14/2021,CHS,SC,ASO,ES,Combined TRACON& Tower with Radar,117,32,66,40,255,0,4,38,8,50,117,36,104,48,305,2,34,36,341
04/15/2021,CHS,SC,ASO,ES,Combined TRACON& Tower with Radar,148,47,80,32,307,0,3,24,4,31,148,50,104,36,338,14,12,26,364
04/16/2021,CHS,SC,ASO,ES,Combined TRACON& Tower with Radar,144,39,68,26,277,0,5,44,3,52,144,44,112,29,329,0,4,4,333
04/17/2021,CHS,SC,ASO,ES,Combined TRACON& Tower with Radar,134,44,59,22,259,0,3,40,5,48,134,47,99,27,307,10,16,26,333
04/18/2021,CHS,SC,ASO,ES,Combined TRACON& Tower with Radar,140,40,62,24,266,0,2,36,4,42,140,42,98,28,308,0,0,0,308
04/19/2021,CHS,SC,ASO,ES,Combined TRACON& Tower with Radar,132,40,52,44,268,0,8,44,3,55,132,48,96,47,323,0,12,12,335
04/20/2021,CHS,SC,ASO,ES,Combined TRACON& Tower with Radar,110,32,56,28,226,0,5,57,1,63,110,37,113,29,289,6,0,6,295
04/21/2021,CHS,SC,ASO,ES,Combined TRACON& Tower with Radar,107,45,95,43,290,0,9,30,5,44,107,54,125,48,334,4,4,8,342
04/22/2021,CHS,SC,ASO,ES,Combined TRACON& Tower with Radar,145,55,103,17,320,0,5,60,5,70,145,60,163,22,390,8,0,8,398
04/23/2021,CHS,SC,ASO,ES,Combined TRACON& Tower with Radar,149,60,85,51,345,0,4,60,8,72,149,64,145,59,417,8,10,18,435
04/24/2021,CHS,SC,ASO,ES,Combined TRACON& Tower with Radar,132,29,38,13,212,0,4,8,0,12,132,33,46,13,224,0,0,0,224
04/25/2021,CHS,SC,ASO,ES,Combined TRACON& Tower with Radar,138,46,120,22,326,0,2,36,1,39,138,48,156,23,365,30,10,40,405
04/26/2021,CHS,SC,ASO,ES,Combined TRACON& Tower with Radar,142,36,75,24,277,0,2,60,11,73,142,38,135,35,350,18,0,18,368
04/27/2021,CHS,SC,ASO,ES,Combined TRACON& Tower with Radar,115,42,67,28,252,0,7,59,6,72,115,49,126,34,324,4,10,14,338
04/28/2021,CHS,SC,ASO,ES,Combined TRACON& Tower with Radar,108,42,82,23,255,0,1,73,9,83,108,43,155,32,338,8,8,16,354
04/29/2021,CHS,SC,ASO,ES,Combined TRACON& Tower with Radar,143,52,89,16,300,0,3,57,3,63,143,55,146,19,363,14,0,14,377
04/30/2021,CHS,SC,ASO,ES,Combined TRACON& Tower with Radar,145,49,61,46,301,0,2,57,2,61,145,51,118,48,362,4,48,52,414
05/01/2021,CHS,SC,ASO,ES,Combined TRACON& Tower with Radar,122,42,49,21,234,0,2,66,3,71,122,44,115,24,305,12,18,30,335
05/02/2021,CHS,SC,ASO,ES,Combined TRACON& Tower with Radar,140,45,90,22,297,0,1,34,0,35,140,46,124,22,332,2,0,2,334
05/03/2021,CHS,SC,ASO,ES,Combined TRACON& Tower with Radar,123,32,51,31,237,0,5,37,3,45,123,37,88,34,282,4,24,28,310
05/04/2021,CHS,SC,ASO,ES,Combined TRACON& Tower with Radar,118,39,85,22,264,0,3,36,6,45,118,42,121,28,309,2,8,10,319
05/05/2021,CHS,SC,ASO,ES,Combined TRACON& Tower with Radar,108,46,82,29,265,0,3,21,4,28,108,49,103,33,293,0,12,12,305
05/06/2021,CHS,SC,ASO,ES,Combined TRACON& Tower with Radar,154,45,98,25,322,0,0,69,2,71,154,45,167,27,393,12,12,24,417
05/07/2021,CHS,SC,ASO,ES,Combined TRACON& Tower with Radar,151,70,94,23,338,0,4,55,3,62,151,74,149,26,400,2,6,8,408
05/08/2021,CHS,SC,ASO,ES,Combined TRACON& Tower with Radar,141,27,52,18,238,0,3,57,5,65,141,30,109,23,303,0,4,4,307
05/09/2021,CHS,SC,ASO,ES,Combined TRACON& Tower with Radar,153,31,76,15,275,0,2,31,0,33,153,33,107,15,308,4,0,4,312
05/10/2021,CHS,SC,ASO,ES,Combined TRACON& Tower with Radar,152,49,59,34,294,0,4,29,2,35,152,53,88,36,329,0,0,0,329
05/11/2021,CHS,SC,ASO,ES,Combined TRACON& Tower with Radar,123,26,65,25,239,0,6,49,1,56,123,32,114,26,295,6,4,10,305
05/12/2021,CHS,SC,ASO,ES,Combined TRACON& Tower with Radar,136,43,73,19,271,0,0,2,0,2,136,43,75,19,273,0,0,0,273
05/13/2021,CHS,SC,ASO,ES,Combined TRACON& Tower with Radar,157,64,72,29,322,0,6,44,1,51,157,70,116,30,373,2,2,4,377
05/14/2021,CHS,SC,ASO,ES,Combined TRACON& Tower with Radar,163,43,82,34,322,0,4,66,0,70,163,47,148,34,392,14,8,22,414
05/15/2021,CHS,SC,ASO,ES,Combined TRACON& Tower with Radar,147,38,49,7,241,0,6,63,0,69,147,44,112,7,310,6,0,6,316
05/16/2021,CHS,SC,ASO,ES,Combined TRACON& Tower with Radar,153,63,94,10,320,0,10,54,0,64,153,73,148,10,384,4,0,4,388
05/17/2021,CHS,SC,ASO,ES,Combined TRACON& Tower with Radar,152,35,92,43,322,0,1,57,0,58,152,36,149,43,380,8,20,28,408
05/18/2021,CHS,SC,ASO,ES,Combined TRACON& Tower with Radar,138,41,72,42,293,0,0,67,3,70,138,41,139,45,363,26,22,48,411
05/19/2021,CHS,SC,ASO,ES,Combined TRACON& Tower with Radar,129,52,114,54,349,0,2,54,6,62,129,54,168,60,411,0,32,32,443
05/20/2021,CHS,SC,ASO,ES,Combined TRACON& Tower with Radar,161,44,87,35,327,0,1,61,0,62,161,45,148,35,389,0,4,4,393
05/21/2021,CHS,SC,ASO,ES,Combined TRACON& Tower with Radar,156,52,93,44,345,0,0,67,7,74,156,52,160,51,419,6,30,36,455
05/22/2021,CHS,SC,ASO,ES,Combined TRACON& Tower with Radar,153,24,56,18,251,0,6,48,0,54,153,30,104,18,305,2,2,4,309
05/23/2021,CHS,SC,ASO,ES,Combined TRACON& Tower with Radar,156,56,89,8,309,0,7,56,2,65,156,63,145,10,374,14,6,20,394
05/24/2021,CHS,SC,ASO,ES,Combined TRACON& Tower with Radar,147,50,76,32,305,0,4,55,5,64,147,54,131,37,369,10,14,24,393
05/25/2021,CHS,SC,ASO,ES,Combined TRACON& Tower with Radar,132,36,70,24,262,0,3,58,10,71,132,39,128,34,333,2,6,8,341
05/26/2021,CHS,SC,ASO,ES,Combined TRACON& Tower with Radar,136,34,80,26,276,0,2,67,6,75,136,36,147,32,351,2,0,2,353
05/27/2021,CHS,SC,ASO,ES,Combined TRACON& Tower with Radar,166,47,90,31,334,0,6,59,5,70,166,53,149,36,404,0,4,4,408
05/28/2021,CHS,SC,ASO,ES,Combined TRACON& Tower with Radar,181,64,84,18,347,0,7,59,3,69,181,71,143,21,416,2,6,8,424
05/29/2021,CHS,SC,ASO,ES,Combined TRACON& Tower with Radar,155,19,50,8,232,0,5,41,0,46,155,24,91,8,278,0,0,0,278
05/30/2021,CHS,SC,ASO,ES,Combined TRACON& Tower with Radar,154,29,39,10,232,0,6,10,2,18,154,35,49,12,250,0,0,0,250
05/31/2021,CHS,SC,ASO,ES,Combined TRACON& Tower with Radar,167,56,86,2,311,0,4,59,0,63,167,60,145,2,374,2,0,2,376
06/01/2021,CHS,SC,ASO,ES,Combined TRACON& Tower with Radar,139,28,72,36,275,0,7,67,3,77,139,35,139,39,352,3,6,9,361
06/02/2021,CHS,SC,ASO,ES,Combined TRACON& Tower with Radar,158,44,85,35,322,0,3,22,2,27,158,47,107,37,349,2,4,6,355
06/03/2021,CHS,SC,ASO,ES,Combined TRACON& Tower with Radar,164,32,78,35,309,0,0,11,0,11,164,32,89,35,320,20,4,24,344
06/04/2021,CHS,SC,ASO,ES,Combined TRACON& Tower with Radar,193,54,81,23,351,0,1,13,0,14,193,55,94,23,365,8,6,14,379
06/05/2021,CHS,SC,ASO,ES,Combined TRACON& Tower with Radar,161,33,41,14,249,0,2,26,0,28,161,35,67,14,277,0,8,8,285
06/06/2021,CHS,SC,ASO,ES,Combined TRACON& Tower with Radar,183,35,74,14,306,0,4,8,0,12,183,39,82,14,318,0,0,0,318
06/07/2021,CHS,SC,ASO,ES,Combined TRACON& Tower with Radar,187,43,71,49,350,0,0,17,3,20,187,43,88,52,370,4,22,26,396
06/08/2021,CHS,SC,ASO,ES,Combined TRACON& Tower with Radar,156,34,72,24,286,0,0,49,0,49,156,34,121,24,335,6,2,8,343
06/09/2021,CHS,SC,ASO,ES,Combined TRACON& Tower with Radar,160,41,52,33,286,0,0,42,1,43,160,41,94,34,329,6,24,30,359
06/10/2021,CHS,SC,ASO,ES,Combined TRACON& Tower with Radar,174,39,86,25,324,0,0,54,1,55,174,39,140,26,379,10,16,26,405
06/11/2021,CHS,SC,ASO,ES,Combined TRACON& Tower with Radar,192,63,69,15,339,0,2,39,4,45,192,65,108,19,384,2,2,4,388
06/12/2021,CHS,SC,ASO,ES,Combined TRACON& Tower with Radar,178,29,46,5,258,0,2,12,0,14,178,31,58,5,272,6,0,6,278
06/13/2021,CHS,SC,ASO,ES,Combined TRACON& Tower with Radar,183,39,99,9,330,0,0,8,0,8,183,39,107,9,338,2,0,2,340
06/14/2021,CHS,SC,ASO,ES,Combined TRACON& Tower with Radar,184,40,52,34,310,0,1,53,0,54,184,41,105,34,364,8,10,18,382
06/15/2021,CHS,SC,ASO,ES,Combined TRACON& Tower with Radar,153,31,55,29,268,0,4,61,0,65,153,35,116,29,333,6,0,6,339
06/16/2021,CHS,SC,ASO,ES,Combined TRACON& Tower with Radar,164,44,72,47,327,0,7,56,1,64,164,51,128,48,391,24,32,56,447
06/17/2021,CHS,SC,ASO,ES,Combined TRACON& Tower with Radar,181,43,83,37,344,0,6,79,11,96,181,49,162,48,440,2,16,18,458
06/18/2021,CHS,SC,ASO,ES,Combined TRACON& Tower with Radar,195,43,79,21,338,0,5,76,5,86,195,48,155,26,424,14,26,40,464
06/19/2021,CHS,SC,ASO,ES,Combined TRACON& Tower with Radar,179,37,62,14,292,0,7,39,12,58,179,44,101,26,350,8,8,16,366
06/20/2021,CHS,SC,ASO,ES,Combined TRACON& Tower with Radar,184,33,52,14,283,0,0,7,0,7,184,33,59,14,290,2,0,2,292
06/21/2021,CHS,SC,ASO,ES,Combined TRACON& Tower with Radar,174,39,49,28,290,0,0,49,0,49,174,39,98,28,339,0,10,10,349
06/22/2021,CHS,SC,ASO,ES,Combined TRACON& Tower with Radar,160,35,59,70,324,0,4,13,1,18,160,39,72,71,342,4,28,32,374
06/23/2021,CHS,SC,ASO,ES,Combined TRACON& Tower with Radar,156,38,122,30,346,0,7,51,0,58,156,45,173,30,404,12,0,12,416
06/24/2021,CHS,SC,ASO,ES,Combined TRACON& Tower with Radar,182,39,75,34,330,0,2,66,2,70,182,41,141,36,400,4,0,4,404
06/25/2021,CHS,SC,ASO,ES,Combined TRACON& Tower with Radar,195,42,71,64,372,0,6,37,7,50,195,48,108,71,422,2,28,30,452
06/26/2021,CHS,SC,ASO,ES,Combined TRACON& Tower with Radar,169,28,62,37,296,0,1,7,4,12,169,29,69,41,308,0,0,0,308
06/27/2021,CHS,SC,ASO,ES,Combined TRACON& Tower with Radar,183,38,68,21,310,0,4,27,9,40,183,42,95,30,350,10,0,10,360
06/28/2021,CHS,SC,ASO,ES,Combined TRACON& Tower with Radar,183,41,67,27,318,0,0,9,0,9,183,41,76,27,327,0,0,0,327
06/29/2021,CHS,SC,ASO,ES,Combined TRACON& Tower with Radar,163,33,57,48,301,0,4,48,5,57,163,37,105,53,358,10,34,44,402
06/30/2021,CHS,SC,ASO,ES,Combined TRACON& Tower with Radar,162,46,53,64,325,0,3,42,2,47,162,49,95,66,372,0,0,0,372
07/01/2021,CHS,SC,ASO,ES,Combined TRACON& Tower with Radar,190,33,68,27,318,0,4,63,1,68,190,37,131,28,386,2,4,6,392
07/02/2021,CHS,SC,ASO,ES,Combined TRACON& Tower with Radar,204,46,69,25,344,0,5,12,0,17,204,51,81,25,361,2,18,20,381
07/03/2021,CHS,SC,ASO,ES,Combined TRACON& Tower with Radar,178,33,50,1,262,0,5,40,2,47,178,38,90,3,309,2,0,2,311
07/04/2021,CHS,SC,ASO,ES,Combined TRACON& Tower with Radar,169,17,19,6,211,0,3,36,2,41,169,20,55,8,252,0,0,0,252
07/05/2021,CHS,SC,ASO,ES,Combined TRACON& Tower with Radar,192,25,76,4,297,0,9,44,0,53,192,34,120,4,350,0,0,0,350
07/06/2021,CHS,SC,ASO,ES,Combined TRACON& Tower with Radar,151,30,64,27,272,0,2,41,3,46,151,32,105,30,318,2,10,12,330
07/07/2021,CHS,SC,ASO,ES,Combined TRACON& Tower with Radar,164,38,50,20,272,0,0,10,0,10,164,38,60,20,282,0,0,0,282
07/08/2021,CHS,SC,ASO,ES,Combined TRACON& Tower with Radar,202,43,26,8,279,0,0,6,6,12,202,43,32,14,291,1,8,9,300
07/09/2021,CHS,SC,ASO,ES,Combined TRACON& Tower with Radar,219,46,60,29,354,0,8,42,3,53,219,54,102,32,407,6,26,32,439
07/10/2021,CHS,SC,ASO,ES,Combined TRACON& Tower with Radar,181,40,51,16,288,0,4,34,3,41,181,44,85,19,329,12,6,18,347
07/11/2021,CHS,SC,ASO,ES,Combined TRACON& Tower with Radar,194,37,63,11,305,0,2,38,5,45,194,39,101,16,350,14,4,18,368
07/12/2021,CHS,SC,ASO,ES,Combined TRACON& Tower with Radar,192,37,62,40,331,0,0,37,0,37,192,37,99,40,368,2,20,22,390
07/13/2021,CHS,SC,ASO,ES,Combined TRACON& Tower with Radar,162,33,59,29,283,0,6,36,3,45,162,39,95,32,328,16,14,30,358
07/14/2021,CHS,SC,ASO,ES,Combined TRACON& Tower with Radar,161,37,68,28,294,0,3,58,4,65,161,40,126,32,359,0,6,6,365
07/15/2021,CHS,SC,ASO,ES,Combined TRACON& Tower with Radar,205,45,99,28,377,0,5,52,1,58,205,50,151,29,435,4,4,8,443
07/16/2021,CHS,SC,ASO,ES,Combined TRACON& Tower with Radar,208,42,65,34,349,0,5,38,4,47,208,47,103,38,396,2,14,16,412
07/17/2021,CHS,SC,ASO,ES,Combined TRACON& Tower with Radar,176,37,50,15,278,0,9,37,4,50,176,46,87,19,328,4,14,18,346
07/18/2021,CHS,SC,ASO,ES,Combined TRACON& Tower with Radar,201,36,80,17,334,0,6,33,0,39,201,42,113,17,373,8,0,8,381
07/19/2021,CHS,SC,ASO,ES,Combined TRACON& Tower with Radar,192,34,47,18,291,0,3,29,2,34,192,37,76,20,325,2,10,12,337
07/20/2021,CHS,SC,ASO,ES,Combined TRACON& Tower with Radar,162,31,71,27,291,0,3,6,3,12,162,34,77,30,303,0,2,2,305
07/21/2021,CHS,SC,ASO,ES,Combined TRACON& Tower with Radar,168,45,84,43,340,0,3,32,5,40,168,48,116,48,380,8,18,26,406
07/22/2021,CHS,SC,ASO,ES,Combined TRACON& Tower with Radar,198,42,69,34,343,0,8,43,3,54,198,50,112,37,397,0,0,0,397
07/23/2021,CHS,SC,ASO,ES,Combined TRACON& Tower with Radar,211,39,61,28,339,0,9,39,3,51,211,48,100,31,390,2,4,6,396
07/24/2021,CHS,SC,ASO,ES,Combined TRACON& Tower with Radar,175,38,55,17,285,0,4,51,5,60,175,42,106,22,345,4,12,16,361
07/25/2021,CHS,SC,ASO,ES,Combined TRACON& Tower with Radar,193,34,61,15,303,0,6,45,6,57,193,40,106,21,360,4,8,12,372
07/26/2021,CHS,SC,ASO,ES,Combined TRACON& Tower with Radar,207,37,52,28,324,0,4,26,3,33,207,41,78,31,357,0,4,4,361
07/27/2021,CHS,SC,ASO,ES,Combined TRACON& Tower with Radar,168,29,59,36,292,0,2,19,3,24,168,31,78,39,316,0,2,2,318
07/28/2021,CHS,SC,ASO,ES,Combined TRACON& Tower with Radar,163,43,86,35,327,0,2,15,12,29,163,45,101,47,356,0,10,10,366
07/29/2021,CHS,SC,ASO,ES,Combined TRACON& Tower with Radar,203,38,80,24,345,0,6,59,14,79,203,44,139,38,424,2,4,6,430
07/30/2021,CHS,SC,ASO,ES,Combined TRACON& Tower with Radar,210,37,83,22,352,0,4,57,17,78,210,41,140,39,430,13,20,33,463
07/31/2021,CHS,SC,ASO,ES,Combined TRACON& Tower with Radar,176,29,48,8,261,0,2,32,8,42,176,31,80,16,303,0,0,0,303
08/01/2021,CHS,SC,ASO,ES,Combined TRACON& Tower with Radar,196,33,56,6,291,0,5,34,6,45,196,38,90,12,336,10,12,22,358
08/02/2021,CHS,SC,ASO,ES,Combined TRACON& Tower with Radar,195,45,65,21,326,0,2,41,5,48,195,47,106,26,374,0,2,2,376
08/03/2021,CHS,SC,ASO,ES,Combined TRACON& Tower with Radar,156,31,72,18,277,0,0,14,2,16,156,31,86,20,293,10,2,12,305
08/04/2021,CHS,SC,ASO,ES,Combined TRACON& Tower with Radar,171,46,69,33,319,0,3,10,2,15,171,49,79,35,334,14,38,52,386
08/05/2021,CHS,SC,ASO,ES,Combined TRACON& Tower with Radar,204,46,85,22,357,0,2,10,1,13,204,48,95,23,370,0,0,0,370
08/06/2021,CHS,SC,ASO,ES,Combined TRACON& Tower with Radar,207,52,72,23,354,0,0,10,0,10,207,52,82,23,364,0,4,4,368
08/07/2021,CHS,SC,ASO,ES,Combined TRACON& Tower with Radar,185,34,41,28,288,0,0,19,0,19,185,34,60,28,307,8,10,18,325
08/08/2021,CHS,SC,ASO,ES,Combined TRACON& Tower with Radar,202,38,56,26,322,0,3,36,0,39,202,41,92,26,361,4,4,8,369
08/09/2021,CHS,SC,ASO,ES,Combined TRACON& Tower with Radar,187,38,64,39,328,0,4,61,3,68,187,42,125,42,396,12,14,26,422
08/10/2021,CHS,SC,ASO,ES,Combined TRACON& Tower with Radar,159,21,80,37,297,0,2,65,2,69,159,23,145,39,366,2,6,8,374
08/11/2021,CHS,SC,ASO,ES,Combined TRACON& Tower with Radar,157,51,55,61,324,0,7,68,5,80,157,58,123,66,404,0,28,28,432
08/12/2021,CHS,SC,ASO,ES,Combined TRACON& Tower with Radar,191,47,70,25,333,0,7,69,5,81,191,54,139,30,414,16,0,16,430
08/13/2021,CHS,SC,ASO,ES,Combined TRACON& Tower with Radar,201,40,65,10,316,0,7,71,5,83,201,47,136,15,399,4,0,4,403
08/14/2021,CHS,SC,ASO,ES,Combined TRACON& Tower with Radar,176,33,48,16,273,0,5,41,1,47,176,38,89,17,320,6,4,10,330
08/15/2021,CHS,SC,ASO,ES,Combined TRACON& Tower with Radar,196,45,52,28,321,0,4,18,0,22,196,49,70,28,343,0,0,0,343
08/16/2021,CHS,SC,ASO,ES,Combined TRACON& Tower with Radar,202,38,60,28,328,0,0,17,3,20,202,38,77,31,348,4,4,8,356
08/17/2021,CHS,SC,ASO,ES,Combined TRACON& Tower with Radar,162,24,53,26,265,0,0,3,1,4,162,24,56,27,269,2,8,10,279
08/18/2021,CHS,SC,ASO,ES,Combined TRACON& Tower with Radar,153,35,70,26,284,0,1,31,3,35,153,36,101,29,319,6,6,12,331
08/19/2021,CHS,SC,ASO,ES,Combined TRACON& Tower with Radar,192,33,62,15,302,0,2,50,0,52,192,35,112,15,354,6,4,10,364
08/20/2021,CHS,SC,ASO,ES,Combined TRACON& Tower with Radar,190,56,55,13,314,0,2,63,1,66,190,58,118,14,380,8,6,14,394
08/21/2021,CHS,SC,ASO,ES,Combined TRACON& Tower with Radar,162,38,61,21,282,0,0,28,0,28,162,38,89,21,310,2,0,2,312
08/22/2021,CHS,SC,ASO,ES,Combined TRACON& Tower with Radar,184,31,71,8,294,0,0,12,0,12,184,31,83,8,306,0,0,0,306
08/23/2021,CHS,SC,ASO,ES,Combined TRACON& Tower with Radar,179,27,67,23,296,0,2,42,0,44,179,29,109,23,340,2,14,16,356
08/24/2021,CHS,SC,ASO,ES,Combined TRACON& Tower with Radar,151,29,53,17,250,0,3,42,5,50,151,32,95,22,300,2,0,2,302
08/25/2021,CHS,SC,ASO,ES,Combined TRACON& Tower with Radar,148,39,65,17,269,0,5,45,5,55,148,44,110,22,324,2,4,6,330
08/26/2021,CHS,SC,ASO,ES,Combined TRACON& Tower with Radar,188,32,88,15,323,0,6,55,1,62,188,38,143,16,385,26,8,34,419
08/27/2021,CHS,SC,ASO,ES,Combined TRACON& Tower with Radar,186,29,61,23,299,0,2,37,8,47,186,31,98,31,346,2,0,2,348
08/28/2021,CHS,SC,ASO,ES,Combined TRACON& Tower with Radar,162,37,60,22,281,0,5,51,1,57,162,42,111,23,338,10,16,26,364
08/29/2021,CHS,SC,ASO,ES,Combined TRACON& Tower with Radar,185,26,49,6,266,0,4,34,0,38,185,30,83,6,304,2,0,2,306
08/30/2021,CHS,SC,ASO,ES,Combined TRACON& Tower with Radar,182,24,59,21,286,0,2,51,3,56,182,26,110,24,342,22,12,34,376
08/31/2021,CHS,SC,ASO,ES,Combined TRACON& Tower with Radar,151,20,53,35,259,0,0,32,1,33,151,20,85,36,292,8,20,28,320
09/01/2021,CHS,SC,ASO,ES,Combined TRACON& Tower with Radar,158,26,67,32,283,0,2,31,2,35,158,28,98,34,318,2,18,20,338
09/02/2021,CHS,SC,ASO,ES,Combined TRACON& Tower with Radar,193,29,71,31,324,0,6,44,1,51,193,35,115,32,375,2,10,12,387
09/03/2021,CHS,SC,ASO,ES,Combined TRACON& Tower with Radar,188,40,74,10,312,0,4,57,2,63,188,44,131,12,375,0,0,0,375
09/04/2021,CHS,SC,ASO,ES,Combined TRACON& Tower with Radar,151,17,41,13,222,0,9,35,1,45,151,26,76,14,267,2,12,14,281
09/05/2021,CHS,SC,ASO,ES,Combined TRACON& Tower with Radar,165,14,29,4,212,0,4,28,0,32,165,18,57,4,244,4,0,4,248
09/06/2021,CHS,SC,ASO,ES,Combined TRACON& Tower with Radar,172,23,80,5,280,0,4,44,2,50,172,27,124,7,330,0,0,0,330
09/07/2021,CHS,SC,ASO,ES,Combined TRACON& Tower with Radar,135,26,73,14,248,0,3,47,2,52,135,29,120,16,300,4,14,18,318
09/08/2021,CHS,SC,ASO,ES,Combined TRACON& Tower with Radar,130,34,61,23,248,0,0,45,3,48,130,34,106,26,296,0,0,0,296
09/09/2021,CHS,SC,ASO,ES,Combined TRACON& Tower with Radar,165,54,96,22,337,0,5,26,1,32,165,59,122,23,369,0,0,0,369
09/10/2021,CHS,SC,ASO,ES,Combined TRACON& Tower with Radar,169,50,77,31,327,0,4,66,11,81,169,54,143,42,408,11,32,43,451
09/11/2021,CHS,SC,ASO,ES,Combined TRACON& Tower with Radar,131,22,65,38,256,0,8,48,10,66,131,30,113,48,322,0,24,24,346
09/12/2021,CHS,SC,ASO,ES,Combined TRACON& Tower with Radar,167,33,70,10,280,0,4,27,2,33,167,37,97,12,313,0,0,0,313
09/13/2021,CHS,SC,ASO,ES,Combined TRACON& Tower with Radar,166,27,42,32,267,0,2,71,0,73,166,29,113,32,340,0,4,4,344
09/14/2021,CHS,SC,ASO,ES,Combined TRACON& Tower with Radar,126,28,66,36,256,0,7,53,1,61,126,35,119,37,317,0,16,16,333
09/15/2021,CHS,SC,ASO,ES,Combined TRACON& Tower with Radar,142,38,68,28,276,0,2,45,1,48,142,40,113,29,324,8,8,16,340
09/16/2021,CHS,SC,ASO,ES,Combined TRACON& Tower with Radar,180,38,64,37,319,0,3,19,3,25,180,41,83,40,344,10,10,20,364
09/17/2021,CHS,SC,ASO,ES,Combined TRACON& Tower with Radar,172,50,70,24,316,0,5,35,3,43,172,55,105,27,359,10,8,18,377
09/18/2021,CHS,SC,ASO,ES,Combined TRACON& Tower with Radar,135,24,50,31,240,0,6,29,4,39,135,30,79,35,279,8,8,16,295
09/19/2021,CHS,SC,ASO,ES,Combined TRACON& Tower with Radar,171,55,80,7,313,0,6,33,2,41,171,61,113,9,354,0,0,0,354
09/20/2021,CHS,SC,ASO,ES,Combined TRACON& Tower with Radar,170,45,75,15,305,0,2,3,0,5,170,47,78,15,310,2,2,4,314
09/21/2021,CHS,SC,ASO,ES,Combined TRACON& Tower with Radar,125,36,71,23,255,0,2,1,1,4,125,38,72,24,259,0,6,6,265
09/22/2021,CHS,SC,ASO,ES,Combined TRACON& Tower with Radar,136,34,63,19,252,0,0,27,0,27,136,34,90,19,279,2,0,2,281
09/23/2021,CHS,SC,ASO,ES,Combined TRACON& Tower with Radar,155,39,79,22,295,0,0,66,10,76,155,39,145,32,371,0,28,28,399
09/24/2021,CHS,SC,ASO,ES,Combined TRACON& Tower with Radar,175,49,93,13,330,0,2,70,0,72,175,51,163,13,402,8,0,8,410
09/25/2021,CHS,SC,ASO,ES,Combined TRACON& Tower with Radar,135,29,36,6,206,0,2,46,1,49,135,31,82,7,255,2,0,2,257
09/26/2021,CHS,SC,ASO,ES,Combined TRACON& Tower with Radar,171,46,74,6,297,0,8,54,0,62,171,54,128,6,359,4,0,4,363
09/27/2021,CHS,SC,ASO,ES,Combined TRACON& Tower with Radar,165,28,51,43,287,0,4,73,2,79,165,32,124,45,366,2,19,21,387
09/28/2021,CHS,SC,ASO,ES,Combined TRACON& Tower with Radar,132,35,60,11,238,0,7,41,3,51,132,42,101,14,289,2,12,14,303
09/29/2021,CHS,SC,ASO,ES,Combined TRACON& Tower with Radar,131,39,75,18,263,0,1,65,0,66,131,40,140,18,329,6,4,10,339
09/30/2021,CHS,SC,ASO,ES,Combined TRACON& Tower with Radar,174,41,75,24,314,0,6,70,4,80,174,47,145,28,394,0,0,0,394
10/01/2021,CHS,SC,ASO,ES,Combined TRACON& Tower with Radar,172,64,80,27,343,0,0,55,6,61,172,64,135,33,404,16,8,24,428
10/02/2021,CHS,SC,ASO,ES,Combined TRACON& Tower with Radar,131,41,45,24,241,0,4,38,6,48,131,45,83,30,289,6,20,26,315
10/03/2021,CHS,SC,ASO,ES,Combined TRACON& Tower with Radar,170,58,98,12,338,0,3,24,1,28,170,61,122,13,366,0,2,2,368
10/04/2021,CHS,SC,ASO,ES,Combined TRACON& Tower with Radar,168,38,85,24,315,0,2,49,3,54,168,40,134,27,369,25,0,25,394
10/05/2021,CHS,SC,ASO,ES,Combined TRACON& Tower with Radar,133,39,64,26,262,0,0,19,0,19,133,39,83,26,281,4,20,24,305
10/06/2021,CHS,SC,ASO,ES,Combined TRACON& Tower with Radar,147,35,71,35,288,0,1,20,0,21,147,36,91,35,309,2,0,2,311
10/07/2021,CHS,SC,ASO,ES,Combined TRACON& Tower with Radar,185,53,92,55,385,0,0,19,2,21,185,53,111,57,406,2,36,38,444
10/08/2021,CHS,SC,ASO,ES,Combined TRACON& Tower with Radar,175,45,75,10,305,0,5,1,2,8,175,50,76,12,313,0,0,0,313
10/09/2021,CHS,SC,ASO,ES,Combined TRACON& Tower with Radar,151,30,52,5,238,0,0,9,0,9,151,30,61,5,247,10,0,10,257
10/10/2021,CHS,SC,ASO,ES,Combined TRACON& Tower with Radar,169,24,76,5,274,0,2,20,0,22,169,26,96,5,296,2,0,2,298
10/11/2021,CHS,SC,ASO,ES,Combined TRACON& Tower with Radar,170,33,95,4,302,0,2,48,0,50,170,35,143,4,352,10,0,10,362
10/12/2021,CHS,SC,ASO,ES,Combined TRACON& Tower with Radar,152,27,56,26,261,0,3,54,3,60,152,30,110,29,321,4,12,16,337
10/13/2021,CHS,SC,ASO,ES,Combined TRACON& Tower with Radar,148,38,70,25,281,0,2,56,2,60,148,40,126,27,341,6,5,11,352
10/14/2021,CHS,SC,ASO,ES,Combined TRACON& Tower with Radar,187,63,102,17,369,0,6,65,1,72,187,69,167,18,441,8,12,20,461
10/15/2021,CHS,SC,ASO,ES,Combined TRACON& Tower with Radar,192,33,58,24,307,0,9,47,1,57,192,42,105,25,364,0,0,0,364
10/16/2021,CHS,SC,ASO,ES,Combined TRACON& Tower with Radar,148,39,47,20,254,0,6,54,2,62,148,45,101,22,316,4,0,4,320
10/17/2021,CHS,SC,ASO,ES,Combined TRACON& Tower with Radar,175,58,70,18,321,0,2,25,2,29,175,60,95,20,350,4,0,4,354
10/18/2021,CHS,SC,ASO,ES,Combined TRACON& Tower with Radar,184,46,61,14,305,0,4,53,6,63,184,50,114,20,368,3,12,15,383
10/19/2021,CHS,SC,ASO,ES,Combined TRACON& Tower with Radar,148,45,74,35,302,0,1,60,2,63,148,46,134,37,365,14,16,30,395
10/20/2021,CHS,SC,ASO,ES,Combined TRACON& Tower with Radar,152,53,111,50,366,0,1,71,10,82,152,54,182,60,448,10,40,50,498
10/21/2021,CHS,SC,ASO,ES,Combined TRACON& Tower with Radar,181,54,120,45,400,0,8,52,3,63,181,62,172,48,463,20,8,28,491
10/22/2021,CHS,SC,ASO,ES,Combined TRACON& Tower with Radar,195,63,111,41,410,0,12,51,5,68,195,75,162,46,478,22,28,50,528
10/23/2021,CHS,SC,ASO,ES,Combined TRACON& Tower with Radar,148,42,63,17,270,0,8,40,0,48,148,50,103,17,318,2,0,2,320
10/24/2021,CHS,SC,ASO,ES,Combined TRACON& Tower with Radar,178,43,82,25,328,0,12,45,0,57,178,55,127,25,385,12,0,12,397
10/25/2021,CHS,SC,ASO,ES,Combined TRACON& Tower with Radar,168,51,81,32,332,0,6,31,0,37,168,57,112,32,369,22,24,46,415
10/26/2021,CHS,SC,ASO,ES,Combined TRACON& Tower with Radar,152,47,79,43,321,0,12,42,9,63,152,59,121,52,384,37,36,73,457
10/27/2021,CHS,SC,ASO,ES,Combined TRACON& Tower with Radar,151,44,79,31,305,0,8,54,2,64,151,52,133,33,369,0,14,14,383
10/28/2021,CHS,SC,ASO,ES,Combined TRACON& Tower with Radar,184,49,62,26,321,0,5,20,3,28,184,54,82,29,349,0,0,0,349
10/29/2021,CHS,SC,ASO,ES,Combined TRACON& Tower with Radar,176,78,74,28,356,0,6,24,1,31,176,84,98,29,387,0,0,0,387
10/30/2021,CHS,SC,ASO,ES,Combined TRACON& Tower with Radar,141,39,43,5,228,0,1,24,3,28,141,40,67,8,256,2,10,12,268
10/31/2021,CHS,SC,ASO,ES,Combined TRACON& Tower with Radar,154,49,66,13,282,0,3,19,3,25,154,52,85,16,307,2,6,8,315
11/01/2021,CHS,SC,ASO,ES,Combined TRACON& Tower with Radar,169,59,55,19,302,0,8,34,0,42,169,67,89,19,344,8,8,16,360
11/02/2021,CHS,SC,ASO,ES,Combined TRACON& Tower with Radar,133,39,62,26,260,0,6,61,0,67,133,45,123,26,327,30,8,38,365
11/03/2021,CHS,SC,ASO,ES,Combined TRACON& Tower with Radar,144,52,68,27,291,0,9,41,2,52,144,61,109,29,343,40,8,48,391
11/04/2021,CHS,SC,ASO,ES,Combined TRACON& Tower with Radar,173,43,72,28,316,0,4,35,1,40,173,47,107,29,356,2,12,14,370
11/05/2021,CHS,SC,ASO,ES,Combined TRACON& Tower with Radar,175,59,91,39,364,0,6,29,0,35,175,65,120,39,399,4,10,14,413
11/06/2021,CHS,SC,ASO,ES,Combined TRACON& Tower with Radar,116,41,45,18,220,0,1,3,0,4,116,42,48,18,224,0,2,2,226
11/07/2021,CHS,SC,ASO,ES,Combined TRACON& Tower with Radar,157,63,70,15,305,0,5,8,1,14,157,68,78,16,319,0,4,4,323
11/08/2021,CHS,SC,ASO,ES,Combined TRACON& Tower with Radar,163,58,59,25,305,0,2,53,2,57,163,60,112,27,362,26,10,36,398
11/09/2021,CHS,SC,ASO,ES,Combined TRACON& Tower with Radar,129,50,83,21,283,0,7,62,5,74,129,57,145,26,357,8,0,8,365
11/10/2021,CHS,SC,ASO,ES,Combined TRACON& Tower with Radar,130,52,84,24,290,0,6,62,3,71,130,58,146,27,361,4,2,6,367
11/11/2021,CHS,SC,ASO,ES,Combined TRACON& Tower with Radar,169,49,77,12,307,0,3,39,6,48,169,52,116,18,355,7,18,25,380
11/12/2021,CHS,SC,ASO,ES,Combined TRACON& Tower with Radar,168,57,84,10,319,0,7,57,0,64,168,64,141,10,383,16,12,28,411
11/13/2021,CHS,SC,ASO,ES,Combined TRACON& Tower with Radar,107,38,41,12,198,0,6,35,1,42,107,44,76,13,240,2,8,10,250
11/14/2021,CHS,SC,ASO,ES,Combined TRACON& Tower with Radar,158,66,86,8,318,0,0,42,2,44,158,66,128,10,362,2,0,2,364
11/15/2021,CHS,SC,ASO,ES,Combined TRACON& Tower with Radar,163,40,60,30,293,0,2,32,4,38,163,42,92,34,331,0,2,2,333
11/16/2021,CHS,SC,ASO,ES,Combined TRACON& Tower with Radar,140,45,91,28,304,0,5,62,4,71,140,50,153,32,375,14,8,22,397
11/17/2021,CHS,SC,ASO,ES,Combined TRACON& Tower with Radar,130,47,79,40,296,0,3,63,5,71,130,50,142,45,367,6,10,16,383
11/18/2021,CHS,SC,ASO,ES,Combined TRACON& Tower with Radar,167,61,100,25,353,0,7,58,4,69,167,68,158,29,422,8,4,12,434
11/19/2021,CHS,SC,ASO,ES,Combined TRACON& Tower with Radar,169,70,127,25,391,0,4,44,2,50,169,74,171,27,441,14,6,20,461
11/20/2021,CHS,SC,ASO,ES,Combined TRACON& Tower with Radar,128,55,66,9,258,0,4,46,2,52,128,59,112,11,310,10,6,16,326
11/21/2021,CHS,SC,ASO,ES,Combined TRACON& Tower with Radar,168,56,87,11,322,0,5,47,2,54,168,61,134,13,376,6,2,8,384
11/22/2021,CHS,SC,ASO,ES,Combined TRACON& Tower with Radar,155,47,93,41,336,0,4,20,0,24,155,51,113,41,360,2,26,28,388
11/23/2021,CHS,SC,ASO,ES,Combined TRACON& Tower with Radar,173,60,77,26,336,0,9,39,1,49,173,69,116,27,385,0,6,6,391
11/24/2021,CHS,SC,ASO,ES,Combined TRACON& Tower with Radar,176,40,71,17,304,0,6,43,3,52,176,46,114,20,356,8,2,10,366
11/25/2021,CHS,SC,ASO,ES,Combined TRACON& Tower with Radar,88,14,12,0,114,0,0,9,2,11,88,14,21,2,125,0,0,0,125
11/26/2021,CHS,SC,ASO,ES,Combined TRACON& Tower with Radar,115,41,41,2,199,0,2,16,0,18,115,43,57,2,217,0,0,0,217
11/27/2021,CHS,SC,ASO,ES,Combined TRACON& Tower with Radar,144,49,53,4,250,0,2,29,0,31,144,51,82,4,281,16,0,16,297
11/28/2021,CHS,SC,ASO,ES,Combined TRACON& Tower with Radar,177,73,93,6,349,0,3,31,0,34,177,76,124,6,383,0,0,0,383
11/29/2021,CHS,SC,ASO,ES,Combined TRACON& Tower with Radar,174,51,66,11,302,0,4,38,1,43,174,55,104,12,345,8,4,12,357
11/30/2021,CHS,SC,ASO,ES,Combined TRACON& Tower with Radar,148,38,70,30,286,0,11,50,7,68,148,49,120,37,354,6,22,28,382
12/01/2021,CHS,SC,ASO,ES,Combined TRACON& Tower with Radar,136,41,76,55,308,0,3,53,6,62,136,44,129,61,370,12,42,54,424
12/02/2021,CHS,SC,ASO,ES,Combined TRACON& Tower with Radar,164,38,79,42,323,0,3,66,9,78,164,41,145,51,401,0,0,0,401
12/03/2021,CHS,SC,ASO,ES,Combined TRACON& Tower with Radar,159,51,78,25,313,0,14,64,1,79,159,65,142,26,392,8,6,14,406
12/04/2021,CHS,SC,ASO,ES,Combined TRACON& Tower with Radar,107,22,62,24,215,0,3,44,27,74,107,25,106,51,289,0,0,0,289
12/05/2021,CHS,SC,ASO,ES,Combined TRACON& Tower with Radar,147,52,62,19,280,0,2,29,0,31,147,54,91,19,311,8,22,30,341
12/06/2021,CHS,SC,ASO,ES,Combined TRACON& Tower with Radar,149,45,85,55,334,0,6,41,4,51,149,51,126,59,385,8,42,50,435
12/07/2021,CHS,SC,ASO,ES,Combined TRACON& Tower with Radar,124,52,86,27,289,0,8,20,0,28,124,60,106,27,317,12,24,36,353
12/08/2021,CHS,SC,ASO,ES,Combined TRACON& Tower with Radar,136,65,64,20,285,0,2,0,0,2,136,67,64,20,287,0,0,0,287
12/09/2021,CHS,SC,ASO,ES,Combined TRACON& Tower with Radar,179,52,82,32,345,0,1,41,1,43,179,53,123,33,388,46,20,66,454
12/10/2021,CHS,SC,ASO,ES,Combined TRACON& Tower with Radar,161,55,86,18,320,0,2,42,4,48,161,57,128,22,368,10,12,22,390
12/11/2021,CHS,SC,ASO,ES,Combined TRACON& Tower with Radar,97,45,27,7,176,0,5,34,1,40,97,50,61,8,216,5,2,7,223
12/12/2021,CHS,SC,ASO,ES,Combined TRACON& Tower with Radar,148,60,66,10,284,0,2,30,2,34,148,62,96,12,318,4,10,14,332
12/13/2021,CHS,SC,ASO,ES,Combined TRACON& Tower with Radar,151,41,71,27,290,0,7,64,4,75,151,48,135,31,365,18,16,34,399
12/14/2021,CHS,SC,ASO,ES,Combined TRACON& Tower with Radar,114,37,71,22,244,0,9,43,2,54,114,46,114,24,298,4,10,14,312
12/15/2021,CHS,SC,ASO,ES,Combined TRACON& Tower with Radar,129,50,84,55,318,0,8,41,4,53,129,58,125,59,371,10,36,46,417
12/16/2021,CHS,SC,ASO,ES,Combined TRACON& Tower with Radar,162,55,111,35,363,0,8,52,2,62,162,63,163,37,425,4,36,40,465
12/17/2021,CHS,SC,ASO,ES,Combined TRACON& Tower with Radar,162,46,75,22,305,0,6,42,1,49,162,52,117,23,354,14,14,28,382
12/18/2021,CHS,SC,ASO,ES,Combined TRACON& Tower with Radar,111,36,65,10,222,0,2,40,0,42,111,38,105,10,264,17,8,25,289
12/19/2021,CHS,SC,ASO,ES,Combined TRACON& Tower with Radar,160,40,71,9,280,0,0,1,0,1,160,40,72,9,281,18,0,18,299
12/20/2021,CHS,SC,ASO,ES,Combined TRACON& Tower with Radar,163,56,82,23,324,0,6,29,5,40,163,62,111,28,364,20,6,26,390
12/21/2021,CHS,SC,ASO,ES,Combined TRACON& Tower with Radar,151,19,44,33,247,0,0,0,0,0,151,19,44,33,247,2,9,11,258
12/22/2021,CHS,SC,ASO,ES,Combined TRACON& Tower with Radar,160,34,60,39,293,0,5,37,4,46,160,39,97,43,339,0,26,26,365
12/23/2021,CHS,SC,ASO,ES,Combined TRACON& Tower with Radar,161,31,56,8,256,0,7,43,1,51,161,38,99,9,307,12,6,18,325
12/24/2021,CHS,SC,ASO,ES,Combined TRACON& Tower with Radar,110,30,24,5,169,0,8,29,1,38,110,38,53,6,207,10,0,10,217
12/25/2021,CHS,SC,ASO,ES,Combined TRACON& Tower with Radar,85,44,11,1,141,0,4,9,1,14,85,48,20,2,155,5,0,5,160
12/26/2021,CHS,SC,ASO,ES,Combined TRACON& Tower with Radar,154,44,49,2,249,0,4,26,0,30,154,48,75,2,279,2,0,2,281
12/27/2021,CHS,SC,ASO,ES,Combined TRACON& Tower with Radar,162,52,48,0,262,0,3,19,0,22,162,55,67,0,284,18,0,18,302
12/28/2021,CHS,SC,ASO,ES,Combined TRACON& Tower with Radar,151,35,63,9,258,0,5,13,1,19,151,40,76,10,277,34,4,38,315
12/29/2021,CHS,SC,ASO,ES,Combined TRACON& Tower with Radar,152,47,83,37,319,0,3,38,1,42,152,50,121,38,361,6,37,43,404
12/30/2021,CHS,SC,ASO,ES,Combined TRACON& Tower with Radar,161,30,52,15,258,0,2,4,0,6,161,32,56,15,264,0,4,4,268
12/31/2021,CHS,SC,ASO,ES,Combined TRACON& Tower with Radar,105,39,40,2,186,0,6,25,0,31,105,45,65,2,217,10,0,10,227
01/01/2022,CHS,SC,ASO,ES,Combined TRACON& Tower with Radar,99,32,39,1,171,0,1,11,0,12,99,33,50,1,183,1,0,1,184
01/02/2022,CHS,SC,ASO,ES,Combined TRACON& Tower with Radar,129,32,50,1,212,0,0,3,0,3,129,32,53,1,215,2,0,2,217
01/03/2022,CHS,SC,ASO,ES,Combined TRACON& Tower with Radar,127,30,43,3,203,0,5,6,0,11,127,35,49,3,214,4,0,4,218
01/04/2022,CHS,SC,ASO,ES,Combined TRACON& Tower with Radar,111,36,36,14,197,0,4,49,0,53,111,40,85,14,250,2,2,4,254
01/05/2022,CHS,SC,ASO,ES,Combined TRACON& Tower with Radar,113,45,69,64,291,0,4,24,1,29,113,49,93,65,320,0,42,42,362
01/06/2022,CHS,SC,ASO,ES,Combined TRACON& Tower with Radar,142,48,47,39,276,0,4,71,0,75,142,52,118,39,351,16,26,42,393
01/07/2022,CHS,SC,ASO,ES,Combined TRACON& Tower with Radar,124,29,60,20,233,0,8,56,2,66,124,37,116,22,299,24,19,43,342
01/08/2022,CHS,SC,ASO,ES,Combined TRACON& Tower with Radar,97,25,42,5,169,0,5,57,1,63,97,30,99,6,232,6,0,6,238
01/09/2022,CHS,SC,ASO,ES,Combined TRACON& Tower with Radar,127,41,55,7,230,0,4,28,1,33,127,45,83,8,263,6,0,6,269
01/10/2022,CHS,SC,ASO,ES,Combined TRACON& Tower with Radar,140,24,52,34,250,0,5,36,3,44,140,29,88,37,294,6,24,30,324
01/11/2022,CHS,SC,ASO,ES,Combined TRACON& Tower with Radar,116,27,58,68,269,0,7,56,2,65,116,34,114,70,334,16,88,104,438
01/12/2022,CHS,SC,ASO,ES,Combined TRACON& Tower with Radar,124,38,59,48,269,0,6,64,5,75,124,44,123,53,344,15,38,53,397
01/13/2022,CHS,SC,ASO,ES,Combined TRACON& Tower with Radar,152,43,76,26,297,0,8,61,2,71,152,51,137,28,368,0,0,0,368
01/14/2022,CHS,SC,ASO,ES,Combined TRACON& Tower with Radar,156,44,65,32,297,0,6,51,0,57,156,50,116,32,354,6,18,24,378
01/15/2022,CHS,SC,ASO,ES,Combined TRACON& Tower with Radar,99,27,46,14,186,0,3,47,1,51,99,30,93,15,237,10,0,10,247
01/16/2022,CHS,SC,ASO,ES,Combined TRACON& Tower with Radar,102,12,27,4,145,0,0,0,0,0,102,12,27,4,145,0,0,0,145
01/17/2022,CHS,SC,ASO,ES,Combined TRACON& Tower with Radar,141,35,50,3,229,0,5,9,0,14,141,40,59,3,243,2,0,2,245
01/18/2022,CHS,SC,ASO,ES,Combined TRACON& Tower with Radar,121,36,70,43,270,0,7,56,1,64,121,43,126,44,334,0,20,20,354
01/19/2022,CHS,SC,ASO,ES,Combined TRACON& Tower with Radar,118,31,82,38,269,0,8,63,5,76,118,39,145,43,345,6,10,16,361
01/20/2022,CHS,SC,ASO,ES,Combined TRACON& Tower with Radar,144,31,72,47,294,0,5,40,2,47,144,36,112,49,341,4,32,36,377
01/21/2022,CHS,SC,ASO,ES,Combined TRACON& Tower with Radar,92,27,49,19,187,0,0,0,0,0,92,27,49,19,187,0,8,8,195
01/22/2022,CHS,SC,ASO,ES,Combined TRACON& Tower with Radar,92,17,31,14,154,0,0,1,1,2,92,17,32,15,156,0,6,6,162
01/23/2022,CHS,SC,ASO,ES,Combined TRACON& Tower with Radar,134,37,67,16,254,0,7,48,3,58,134,44,115,19,312,2,6,8,320
01/24/2022,CHS,SC,ASO,ES,Combined TRACON& Tower with Radar,151,25,53,45,274,0,3,54,6,63,151,28,107,51,337,2,18,20,357
01/25/2022,CHS,SC,ASO,ES,Combined TRACON& Tower with Radar,119,26,59,39,243,0,8,30,5,43,119,34,89,44,286,2,6,8,294
01/26/2022,CHS,SC,ASO,ES,Combined TRACON& Tower with Radar,120,36,79,36,271,0,4,47,2,53,120,40,126,38,324,2,18,20,344
01/27/2022,CHS,SC,ASO,ES,Combined TRACON& Tower with Radar,151,27,75,45,298,0,4,52,4,60,151,31,127,49,358,4,26,30,388
01/28/2022,CHS,SC,ASO,ES,Combined TRACON& Tower with Radar,154,35,67,18,274,0,4,39,2,45,154,39,106,20,319,8,4,12,331
01/29/2022,CHS,SC,ASO,ES,Combined TRACON& Tower with Radar,70,13,35,9,127,0,4,20,1,25,70,17,55,10,152,0,0,0,152
01/30/2022,CHS,SC,ASO,ES,Combined TRACON& Tower with Radar,116,32,67,12,227,0,2,54,1,57,116,34,121,13,284,3,0,3,287
01/31/2022,CHS,SC,ASO,ES,Combined TRACON& Tower with Radar,142,32,60,27,261,0,0,62,0,62,142,32,122,27,323,4,8,12,335
02/01/2022,CHS,SC,ASO,ES,Combined TRACON& Tower with Radar,117,38,65,26,246,0,5,51,0,56,117,43,116,26,302,18,8,26,328
02/02/2022,CHS,SC,ASO,ES,Combined TRACON& Tower with Radar,123,30,74,29,256,0,2,58,4,64,123,32,132,33,320,0,4,4,324
02/03/2022,CHS,SC,ASO,ES,Combined TRACON& Tower with Radar,139,33,65,50,287,0,4,37,8,49,139,37,102,58,336,4,50,54,390
02/04/2022,CHS,SC,ASO,ES,Combined TRACON& Tower with Radar,102,38,56,24,220,0,2,6,7,15,102,40,62,31,235,0,26,26,261
02/05/2022,CHS,SC,ASO,ES,Combined TRACON& Tower with Radar,95,31,44,4,174,0,4,82,12,98,95,35,126,16,272,24,18,42,314
02/06/2022,CHS,SC,ASO,ES,Combined TRACON& Tower with Radar,134,39,60,10,243,0,0,15,7,22,134,39,75,17,265,0,2,2,267
02/07/2022,CHS,SC,ASO,ES,Combined TRACON& Tower with Radar,152,40,59,24,275,0,0,0,0,0,152,40,59,24,275,0,14,14,289
02/08/2022,CHS,SC,ASO,ES,Combined TRACON& Tower with Radar,116,27,106,37,286,0,2,5,12,19,116,29,111,49,305,8,24,32,337
02/09/2022,CHS,SC,ASO,ES,Combined TRACON& Tower with Radar,125,35,83,31,274,0,4,74,15,93,125,39,157,46,367,4,24,28,395
02/10/2022,CHS,SC,ASO,ES,Combined TRACON& Tower with Radar,147,51,107,43,348,0,5,74,20,99,147,56,181,63,447,2,35,37,484
02/11/2022,CHS,SC,ASO,ES,Combined TRACON& Tower with Radar,150,54,95,22,321,0,8,61,11,80,150,62,156,33,401,0,0,0,401
02/12/2022,CHS,SC,ASO,ES,Combined TRACON& Tower with Radar,103,43,40,11,197,0,8,55,6,69,103,51,95,17,266,2,8,10,276
02/13/2022,CHS,SC,ASO,ES,Combined TRACON& Tower with Radar,126,39,73,3,241,0,3,26,5,34,126,42,99,8,275,14,0,14,289
02/14/2022,CHS,SC,ASO,ES,Combined TRACON& Tower with Radar,151,25,72,19,267,0,7,48,3,58,151,32,120,22,325,46,8,54,379
02/15/2022,CHS,SC,ASO,ES,Combined TRACON& Tower with Radar,133,35,72,28,268,0,7,53,7,67,133,42,125,35,335,8,0,8,343
02/16/2022,CHS,SC,ASO,ES,Combined TRACON& Tower with Radar,138,55,69,23,285,0,5,23,0,28,138,60,92,23,313,0,0,0,313
02/17/2022,CHS,SC,ASO,ES,Combined TRACON& Tower with Radar,156,59,118,42,375,0,7,24,3,34,156,66,142,45,409,4,12,16,425
02/18/2022,CHS,SC,ASO,ES,Combined TRACON& Tower with Radar,159,63,86,33,341,0,2,28,0,30,159,65,114,33,371,3,12,15,386
02/19/2022,CHS,SC,ASO,ES,Combined TRACON& Tower with Radar,112,36,57,13,218,0,9,83,36,128,112,45,140,49,346,41,2,43,389
02/20/2022,CHS,SC,ASO,ES,Combined TRACON& Tower with Radar,136,33,91,12,272,0,6,46,3,55,136,39,137,15,327,20,10,30,357
02/21/2022,CHS,SC,ASO,ES,Combined TRACON& Tower with Radar,155,39,91,14,299,0,4,62,0,66,155,43,153,14,365,14,2,16,381
02/22/2022,CHS,SC,ASO,ES,Combined TRACON& Tower with Radar,132,44,92,39,307,0,4,39,1,44,132,48,131,40,351,8,20,28,379
02/23/2022,CHS,SC,ASO,ES,Combined TRACON& Tower with Radar,141,46,77,36,300,0,8,66,2,76,141,54,143,38,376,8,22,30,406
02/24/2022,CHS,SC,ASO,ES,Combined TRACON& Tower with Radar,149,63,97,43,352,0,7,61,3,71,149,70,158,46,423,4,14,18,441
02/25/2022,CHS,SC,ASO,ES,Combined TRACON& Tower with Radar,147,60,69,33,309,0,10,49,4,63,147,70,118,37,372,18,20,38,410
02/26/2022,CHS,SC,ASO,ES,Combined TRACON& Tower with Radar,118,26,49,13,206,0,2,45,1,48,118,28,94,14,254,0,4,4,258
02/27/2022,CHS,SC,ASO,ES,Combined TRACON& Tower with Radar,148,39,76,17,280,0,2,1,0,3,148,41,77,17,283,0,0,0,283
02/28/2022,CHS,SC,ASO,ES,Combined TRACON& Tower with Radar,157,40,51,36,284,0,3,55,3,61,157,43,106,39,345,2,20,22,367
03/01/2022,CHS,SC,ASO,ES,Combined TRACON& Tower with Radar,134,34,61,31,260,0,4,71,3,78,134,38,132,34,338,18,12,30,368
03/02/2022,CHS,SC,ASO,ES,Combined TRACON& Tower with Radar,149,45,75,28,297,0,6,56,8,70,149,51,131,36,367,10,6,16,383
03/03/2022,CHS,SC,ASO,ES,Combined TRACON& Tower with Radar,167,49,79,33,328,0,9,58,6,73,167,58,137,39,401,2,43,45,446
03/04/2022,CHS,SC,ASO,ES,Combined TRACON& Tower with Radar,149,48,68,14,279,0,5,37,2,44,149,53,105,16,323,6,4,10,333
03/05/2022,CHS,SC,ASO,ES,Combined TRACON& Tower with Radar,125,36,59,7,227,0,1,35,0,36,125,37,94,7,263,0,0,0,263
03/06/2022,CHS,SC,ASO,ES,Combined TRACON& Tower with Radar,145,43,90,6,284,0,13,46,2,61,145,56,136,8,345,24,0,24,369
03/07/2022,CHS,SC,ASO,ES,Combined TRACON& Tower with Radar,141,33,62,26,262,0,6,51,0,57,141,39,113,26,319,14,8,22,341
03/08/2022,CHS,SC,ASO,ES,Combined TRACON& Tower with Radar,124,43,53,32,252,0,6,34,0,40,124,49,87,32,292,24,22,46,338
03/09/2022,CHS,SC,ASO,ES,Combined TRACON& Tower with Radar,138,49,69,63,319,0,1,5,1,7,138,50,74,64,326,4,66,70,396
03/10/2022,CHS,SC,ASO,ES,Combined TRACON& Tower with Radar,164,55,73,42,334,0,0,0,0,0,164,55,73,42,334,0,14,14,348
03/11/2022,CHS,SC,ASO,ES,Combined TRACON& Tower with Radar,163,65,81,26,335,0,0,0,0,0,163,65,81,26,335,0,10,10,345
03/12/2022,CHS,SC,ASO,ES,Combined TRACON& Tower with Radar,128,32,38,7,205,0,2,3,0,5,128,34,41,7,210,14,0,14,224
03/13/2022,CHS,SC,ASO,ES,Combined TRACON& Tower with Radar,150,53,78,11,292,0,2,37,0,39,150,55,115,11,331,2,0,2,333
03/14/2022,CHS,SC,ASO,ES,Combined TRACON& Tower with Radar,150,52,50,26,278,0,5,50,3,58,150,57,100,29,336,8,12,20,356
03/15/2022,CHS,SC,ASO,ES,Combined TRACON& Tower with Radar,133,42,56,17,248,0,4,43,1,48,133,46,99,18,296,2,4,6,302
03/16/2022,CHS,SC,ASO,ES,Combined TRACON& Tower with Radar,139,35,66,27,267,0,2,4,0,6,139,37,70,27,273,2,2,4,277
03/17/2022,CHS,SC,ASO,ES,Combined TRACON& Tower with Radar,158,61,81,34,334,0,7,50,5,62,158,68,131,39,396,8,24,32,428
03/18/2022,CHS,SC,ASO,ES,Combined TRACON& Tower with Radar,159,57,88,16,320,0,5,49,0,54,159,62,137,16,374,0,0,0,374
03/19/2022,CHS,SC,ASO,ES,Combined TRACON& Tower with Radar,129,40,48,11,228,0,5,20,5,30,129,45,68,16,258,2,22,24,282
03/20/2022,CHS,SC,ASO,ES,Combined TRACON& Tower with Radar,153,62,74,11,300,0,6,61,5,72,153,68,135,16,372,8,6,14,386
03/21/2022,CHS,SC,ASO,ES,Combined TRACON& Tower with Radar,150,50,72,38,310,0,6,70,3,79,150,56,142,41,389,8,18,26,415
03/22/2022,CHS,SC,ASO,ES,Combined TRACON& Tower with Radar,133,39,60,23,255,0,5,60,3,68,133,44,120,26,323,6,12,18,341
03/23/2022,CHS,SC,ASO,ES,Combined TRACON& Tower with Radar,153,46,73,26,298,0,4,16,1,21,153,50,89,27,319,6,18,24,343
03/24/2022,CHS,SC,ASO,ES,Combined TRACON& Tower with Radar,167,43,97,10,317,0,0,1,0,1,167,43,98,10,318,0,0,0,318
03/25/2022,CHS,SC,ASO,ES,Combined TRACON& Tower with Radar,159,67,76,22,324,0,6,40,1,47,159,73,116,23,371,0,8,8,379
03/26/2022,CHS,SC,ASO,ES,Combined TRACON& Tower with Radar,138,53,51,7,249,0,8,27,3,38,138,61,78,10,287,12,0,12,299
03/27/2022,CHS,SC,ASO,ES,Combined TRACON& Tower with Radar,162,46,101,20,329,0,5,35,1,41,162,51,136,21,370,4,12,16,386
03/28/2022,CHS,SC,ASO,ES,Combined TRACON& Tower with Radar,174,38,71,24,307,0,3,53,3,59,174,41,124,27,366,18,4,22,388
03/29/2022,CHS,SC,ASO,ES,Combined TRACON& Tower with Radar,141,39,68,30,278,0,7,51,5,63,141,46,119,35,341,2,10,12,353
03/30/2022,CHS,SC,ASO,ES,Combined TRACON& Tower with Radar,149,49,82,43,323,0,10,34,3,47,149,59,116,46,370,8,40,48,418
03/31/2022,CHS,SC,ASO,ES,Combined TRACON& Tower with Radar,175,45,58,16,294,0,2,3,1,6,175,47,61,17,300,0,0,0,300
04/01/2022,CHS,SC,ASO,ES,Combined TRACON& Tower with Radar,154,68,94,13,329,0,8,43,2,53,154,76,137,15,382,16,0,16,398
04/02/2022,CHS,SC,ASO,ES,Combined TRACON& Tower with Radar,131,39,73,16,259,0,4,40,0,44,131,43,113,16,303,10,2,12,315
04/03/2022,CHS,SC,ASO,ES,Combined TRACON& Tower with Radar,146,70,91,12,319,0,6,50,0,56,146,76,141,12,375,0,0,0,375
04/04/2022,CHS,SC,ASO,ES,Combined TRACON& Tower with Radar,154,41,79,21,295,0,2,80,6,88,154,43,159,27,383,31,10,41,424
04/05/2022,CHS,SC,ASO,ES,Combined TRACON& Tower with Radar,145,53,67,19,284,0,6,22,1,29,145,59,89,20,313,0,2,2,315
04/06/2022,CHS,SC,ASO,ES,Combined TRACON& Tower with Radar,151,57,76,17,301,0,3,4,0,7,151,60,80,17,308,2,0,2,310
04/07/2022,CHS,SC,ASO,ES,Combined TRACON& Tower with Radar,173,53,71,13,310,0,3,12,3,18,173,56,83,16,328,0,0,0,328
04/08/2022,CHS,SC,ASO,ES,Combined TRACON& Tower with Radar,154,58,58,2,272,0,4,11,11,26,154,62,69,13,298,0,0,0,298
04/09/2022,CHS,SC,ASO,ES,Combined TRACON& Tower with Radar,133,24,31,0,188,0,4,10,6,20,133,28,41,6,208,0,0,0,208
04/10/2022,CHS,SC,ASO,ES,Combined TRACON& Tower with Radar,160,33,56,1,250,0,4,14,12,30,160,37,70,13,280,0,0,0,280
04/11/2022,CHS,SC,ASO,ES,Combined TRACON& Tower with Radar,171,53,55,23,302,0,4,45,1,50,171,57,100,24,352,10,0,10,362
04/12/2022,CHS,SC,ASO,ES,Combined TRACON& Tower with Radar,152,60,69,31,312,0,8,51,6,65,152,68,120,37,377,24,40,64,441
04/13/2022,CHS,SC,ASO,ES,Combined TRACON& Tower with Radar,152,50,83,31,316,0,9,47,1,57,152,59,130,32,373,14,16,30,403
04/14/2022,CHS,SC,ASO,ES,Combined TRACON& Tower with Radar,176,62,98,25,361,0,5,45,1,51,176,67,143,26,412,10,8,18,430
04/15/2022,CHS,SC,ASO,ES,Combined TRACON& Tower with Radar,173,58,83,11,325,0,9,46,2,57,173,67,129,13,382,18,2,20,402
04/16/2022,CHS,SC,ASO,ES,Combined TRACON& Tower with Radar,149,53,63,6,271,0,1,22,0,23,149,54,85,6,294,2,0,2,296
04/17/2022,CHS,SC,ASO,ES,Combined TRACON& Tower with Radar,170,41,64,2,277,0,6,21,0,27,170,47,85,2,304,0,0,0,304
04/18/2022,CHS,SC,ASO,ES,Combined TRACON& Tower with Radar,168,47,94,32,341,0,0,9,0,9,168,47,103,32,350,4,28,32,382
04/19/2022,CHS,SC,ASO,ES,Combined TRACON& Tower with Radar,154,42,60,34,290,0,6,55,1,62,154,48,115,35,352,4,12,16,368
04/20/2022,CHS,SC,ASO,ES,Combined TRACON& Tower with Radar,157,44,99,25,325,0,5,71,3,79,157,49,170,28,404,0,8,8,412
04/21/2022,CHS,SC,ASO,ES,Combined TRACON& Tower with Radar,188,59,93,36,376,0,6,67,1,74,188,65,160,37,450,6,10,16,466
04/22/2022,CHS,SC,ASO,ES,Combined TRACON& Tower with Radar,183,77,99,23,382,0,6,52,3,61,183,83,151,26,443,6,14,20,463
04/23/2022,CHS,SC,ASO,ES,Combined TRACON& Tower with Radar,141,49,57,8,255,0,7,43,0,50,141,56,100,8,305,0,0,0,305
04/24/2022,CHS,SC,ASO,ES,Combined TRACON& Tower with Radar,167,78,96,8,349,0,2,41,0,43,167,80,137,8,392,0,0,0,392
04/25/2022,CHS,SC,ASO,ES,Combined TRACON& Tower with Radar,165,50,92,18,325,0,5,46,1,52,165,55,138,19,377,0,2,2,379
04/26/2022,CHS,SC,ASO,ES,Combined TRACON& Tower with Radar,160,42,67,27,296,0,8,36,3,47,160,50,103,30,343,4,18,22,365
04/27/2022,CHS,SC,ASO,ES,Combined TRACON& Tower with Radar,169,48,83,38,338,0,5,53,3,61,169,53,136,41,399,0,6,6,405
04/28/2022,CHS,SC,ASO,ES,Combined TRACON& Tower with Radar,187,56,107,30,380,0,8,56,2,66,187,64,163,32,446,3,18,21,467
04/29/2022,CHS,SC,ASO,ES,Combined TRACON& Tower with Radar,182,58,72,37,349,0,9,43,4,56,182,67,115,41,405,0,38,38,443
04/30/2022,CHS,SC,ASO,ES,Combined TRACON& Tower with Radar,149,38,45,14,246,0,9,46,0,55,149,47,91,14,301,6,0,6,307
05/01/2022,CHS,SC,ASO,ES,Combined TRACON& Tower with Radar,173,62,108,14,357,0,9,29,1,39,173,71,137,15,396,4,0,4,400
05/02/2022,CHS,SC,ASO,ES,Combined TRACON& Tower with Radar,170,46,57,21,294,0,3,36,3,42,170,49,93,24,336,2,4,6,342
05/03/2022,CHS,SC,ASO,ES,Combined TRACON& Tower with Radar,156,36,70,51,313,0,4,40,4,48,156,40,110,55,361,0,30,30,391
05/04/2022,CHS,SC,ASO,ES,Combined TRACON& Tower with Radar,160,63,97,47,367,0,5,62,7,74,160,68,159,54,441,4,40,44,485
05/05/2022,CHS,SC,ASO,ES,Combined TRACON& Tower with Radar,183,34,119,25,361,0,7,62,4,73,183,41,181,29,434,2,4,6,440
05/06/2022,CHS,SC,ASO,ES,Combined TRACON& Tower with Radar,188,45,74,17,324,0,3,30,2,35,188,48,104,19,359,6,2,8,367
05/07/2022,CHS,SC,ASO,ES,Combined TRACON& Tower with Radar,155,36,60,14,265,0,10,26,1,37,155,46,86,15,302,0,0,0,302
05/08/2022,CHS,SC,ASO,ES,Combined TRACON& Tower with Radar,173,41,77,11,302,0,4,25,0,29,173,45,102,11,331,4,2,6,337
05/09/2022,CHS,SC,ASO,ES,Combined TRACON& Tower with Radar,181,47,63,23,314,0,8,56,2,66,181,55,119,25,380,8,6,14,394
05/10/2022,CHS,SC,ASO,ES,Combined TRACON& Tower with Radar,156,34,64,27,281,0,9,36,3,48,156,43,100,30,329,2,2,4,333
05/11/2022,CHS,SC,ASO,ES,Combined TRACON& Tower with Radar,163,53,96,27,339,0,7,50,6,63,163,60,146,33,402,4,8,12,414
05/12/2022,CHS,SC,ASO,ES,Combined TRACON& Tower with Radar,192,46,113,18,369,0,9,15,1,25,192,55,128,19,394,0,12,12,406
05/13/2022,CHS,SC,ASO,ES,Combined TRACON& Tower with Radar,183,41,82,23,329,0,0,8,0,8,183,41,90,23,337,0,0,0,337
05/14/2022,CHS,SC,ASO,ES,Combined TRACON& Tower with Radar,152,24,51,15,242,0,6,31,2,39,152,30,82,17,281,8,0,8,289
05/15/2022,CHS,SC,ASO,ES,Combined TRACON& Tower with Radar,176,35,65,10,286,0,4,39,1,44,176,39,104,11,330,10,0,10,340
05/16/2022,CHS,SC,ASO,ES,Combined TRACON& Tower with Radar,165,28,63,26,282,0,7,70,0,77,165,35,133,26,359,6,6,12,371
05/17/2022,CHS,SC,ASO,ES,Combined TRACON& Tower with Radar,156,42,96,64,358,0,4,71,2,77,156,46,167,66,435,10,40,50,485
05/18/2022,CHS,SC,ASO,ES,Combined TRACON& Tower with Radar,158,43,96,31,328,0,2,79,3,84,158,45,175,34,412,8,4,12,424
05/19/2022,CHS,SC,ASO,ES,Combined TRACON& Tower with Radar,188,35,113,27,363,0,2,51,3,56,188,37,164,30,419,4,16,20,439
05/20/2022,CHS,SC,ASO,ES,Combined TRACON& Tower with Radar,160,38,80,20,298,0,6,53,0,59,160,44,133,20,357,0,0,0,357
05/21/2022,CHS,SC,ASO,ES,Combined TRACON& Tower with Radar,144,30,41,10,225,0,6,26,1,33,144,36,67,11,258,4,0,4,262
05/22/2022,CHS,SC,ASO,ES,Combined TRACON& Tower with Radar,162,39,78,9,288,0,1,16,0,17,162,40,94,9,305,2,0,2,307
05/23/2022,CHS,SC,ASO,ES,Combined TRACON& Tower with Radar,171,48,70,24,313,0,2,32,2,36,171,50,102,26,349,6,8,14,363
05/24/2022,CHS,SC,ASO,ES,Combined TRACON& Tower with Radar,149,36,62,30,277,0,9,36,13,58,149,45,98,43,335,0,40,40,375
05/25/2022,CHS,SC,ASO,ES,Combined TRACON& Tower with Radar,153,58,87,39,337,0,4,49,2,55,153,62,136,41,392,2,20,22,414
05/26/2022,CHS,SC,ASO,ES,Combined TRACON& Tower with Radar,201,52,102,21,376,0,2,20,2,24,201,54,122,23,400,4,12,16,416
05/27/2022,CHS,SC,ASO,ES,Combined TRACON& Tower with Radar,172,56,88,9,325,0,9,8,0,17,172,65,96,9,342,0,0,0,342
05/28/2022,CHS,SC,ASO,ES,Combined TRACON& Tower with Radar,152,28,41,10,231,0,7,51,0,58,152,35,92,10,289,0,0,0,289
05/29/2022,CHS,SC,ASO,ES,Combined TRACON& Tower with Radar,180,25,38,6,249,0,3,36,0,39,180,28,74,6,288,0,0,0,288
05/30/2022,CHS,SC,ASO,ES,Combined TRACON& Tower with Radar,176,36,65,2,279,0,6,22,0,28,176,42,87,2,307,0,0,0,307
05/31/2022,CHS,SC,ASO,ES,Combined TRACON& Tower with Radar,148,53,70,23,294,0,7,56,3,66,148,60,126,26,360,0,0,0,360
06/01/2022,CHS,SC,ASO,ES,Combined TRACON& Tower with Radar,144,48,72,26,290,0,4,72,6,82,144,52,144,32,372,0,12,12,384
06/02/2022,CHS,SC,ASO,ES,Combined TRACON& Tower with Radar,178,42,88,43,351,0,11,47,3,61,178,53,135,46,412,0,32,32,444
06/03/2022,CHS,SC,ASO,ES,Combined TRACON& Tower with Radar,168,52,74,19,313,0,1,18,3,22,168,53,92,22,335,2,8,10,345
06/04/2022,CHS,SC,ASO,ES,Combined TRACON& Tower with Radar,143,35,46,25,249,0,1,5,0,6,143,36,51,25,255,0,0,0,255
06/05/2022,CHS,SC,ASO,ES,Combined TRACON& Tower with Radar,170,35,99,12,316,0,3,8,3,14,170,38,107,15,330,6,0,6,336
06/06/2022,CHS,SC,ASO,ES,Combined TRACON& Tower with Radar,169,34,79,32,314,0,1,37,3,41,169,35,116,35,355,4,14,18,373
06/07/2022,CHS,SC,ASO,ES,Combined TRACON& Tower with Radar,154,45,58,26,283,0,1,43,0,44,154,46,101,26,327,2,2,4,331
06/08/2022,CHS,SC,ASO,ES,Combined TRACON& Tower with Radar,152,32,82,34,300,0,6,34,1,41,152,38,116,35,341,0,32,32,373
06/09/2022,CHS,SC,ASO,ES,Combined TRACON& Tower with Radar,179,64,101,20,364,0,7,29,1,37,179,71,130,21,401,26,12,38,439
06/10/2022,CHS,SC,ASO,ES,Combined TRACON& Tower with Radar,185,42,103,68,398,0,7,29,3,39,185,49,132,71,437,24,60,84,521
06/11/2022,CHS,SC,ASO,ES,Combined TRACON& Tower with Radar,159,39,60,7,265,0,6,11,0,17,159,45,71,7,282,4,0,4,286
06/12/2022,CHS,SC,ASO,ES,Combined TRACON& Tower with Radar,153,52,93,14,312,0,6,17,0,23,153,58,110,14,335,16,0,16,351
06/13/2022,CHS,SC,ASO,ES,Combined TRACON& Tower with Radar,171,44,82,31,328,0,1,49,7,57,171,45,131,38,385,13,4,17,402
06/14/2022,CHS,SC,ASO,ES,Combined TRACON& Tower with Radar,155,45,94,38,332,0,9,32,8,49,155,54,126,46,381,6,8,14,395
06/15/2022,CHS,SC,ASO,ES,Combined TRACON& Tower with Radar,163,33,93,29,318,0,6,47,14,67,163,39,140,43,385,36,15,51,436
06/16/2022,CHS,SC,ASO,ES,Combined TRACON& Tower with Radar,157,37,113,29,336,0,5,32,12,49,157,42,145,41,385,2,18,20,405
06/17/2022,CHS,SC,ASO,ES,Combined TRACON& Tower with Radar,167,46,91,23,327,0,3,35,5,43,167,49,126,28,370,0,0,0,370
06/18/2022,CHS,SC,ASO,ES,Combined TRACON& Tower with Radar,155,35,82,24,296,0,2,37,1,40,155,37,119,25,336,4,30,34,370
06/19/2022,CHS,SC,ASO,ES,Combined TRACON& Tower with Radar,167,31,86,22,306,0,7,29,0,36,167,38,115,22,342,20,0,20,362
06/20/2022,CHS,SC,ASO,ES,Combined TRACON& Tower with Radar,170,37,56,3,266,0,7,27,1,35,170,44,83,4,301,4,2,6,307
06/21/2022,CHS,SC,ASO,ES,Combined TRACON& Tower with Radar,152,37,60,34,283,0,4,38,7,49,152,41,98,41,332,0,0,0,332
06/22/2022,CHS,SC,ASO,ES,Combined TRACON& Tower with Radar,148,41,73,23,285,0,4,31,2,37,148,45,104,25,322,4,24,28,350
06/23/2022,CHS,SC,ASO,ES,Combined TRACON& Tower with Radar,173,44,87,38,342,0,4,33,6,43,173,48,120,44,385,0,0,0,385
06/24/2022,CHS,SC,ASO,ES,Combined TRACON& Tower with Radar,183,50,82,24,339,0,4,28,1,33,183,54,110,25,372,17,16,33,405
06/25/2022,CHS,SC,ASO,ES,Combined TRACON& Tower with Radar,158,21,67,6,252,0,7,30,1,38,158,28,97,7,290,5,0,5,295
06/26/2022,CHS,SC,ASO,ES,Combined TRACON& Tower with Radar,168,29,65,16,278,0,9,32,1,42,168,38,97,17,320,5,6,11,331
06/27/2022,CHS,SC,ASO,ES,Combined TRACON& Tower with Radar,176,40,77,36,329,0,5,24,2,31,176,45,101,38,360,15,26,41,401
06/28/2022,CHS,SC,ASO,ES,Combined TRACON& Tower with Radar,155,31,56,20,262,0,5,14,0,19,155,36,70,20,281,0,0,0,281
06/29/2022,CHS,SC,ASO,ES,Combined TRACON& Tower with Radar,156,34,51,36,277,0,1,5,0,6,156,35,56,36,283,0,10,10,293
06/30/2022,CHS,SC,ASO,ES,Combined TRACON& Tower with Radar,188,40,102,28,358,0,2,23,2,27,188,42,125,30,385,10,9,19,404
07/01/2022,CHS,SC,ASO,ES,Combined TRACON& Tower with Radar,176,60,87,16,339,0,2,3,0,5,176,62,90,16,344,8,10,18,362
07/02/2022,CHS,SC,ASO,ES,Combined TRACON& Tower with Radar,152,42,41,5,240,0,3,9,0,12,152,45,50,5,252,0,0,0,252
07/03/2022,CHS,SC,ASO,ES,Combined TRACON& Tower with Radar,165,20,42,3,230,0,3,18,0,21,165,23,60,3,251,0,0,0,251
07/04/2022,CHS,SC,ASO,ES,Combined TRACON& Tower with Radar,163,28,32,3,226,0,5,12,3,20,163,33,44,6,246,0,0,0,246
07/05/2022,CHS,SC,ASO,ES,Combined TRACON& Tower with Radar,150,31,85,46,312,0,6,38,16,60,150,37,123,62,372,8,42,50,422
07/06/2022,CHS,SC,ASO,ES,Combined TRACON& Tower with Radar,146,29,56,22,253,0,2,35,3,40,146,31,91,25,293,4,14,18,311
07/07/2022,CHS,SC,ASO,ES,Combined TRACON& Tower with Radar,184,44,54,50,332,0,7,27,1,35,184,51,81,51,367,6,30,36,403
07/08/2022,CHS,SC,ASO,ES,Combined TRACON& Tower with Radar,171,40,77,11,299,0,4,27,4,35,171,44,104,15,334,12,4,16,350
07/09/2022,CHS,SC,ASO,ES,Combined TRACON& Tower with Radar,168,22,61,12,263,0,2,13,3,18,168,24,74,15,281,6,2,8,289
07/10/2022,CHS,SC,ASO,ES,Combined TRACON& Tower with Radar,180,25,49,11,265,0,2,4,0,6,180,27,53,11,271,0,0,0,271
07/11/2022,CHS,SC,ASO,ES,Combined TRACON& Tower with Radar,174,36,51,13,274,0,0,6,0,6,174,36,57,13,280,0,0,0,280
07/12/2022,CHS,SC,ASO,ES,Combined TRACON& Tower with Radar,148,24,86,19,277,0,2,23,3,28,148,26,109,22,305,2,0,2,307
07/13/2022,CHS,SC,ASO,ES,Combined TRACON& Tower with Radar,150,30,56,27,263,0,4,25,1,30,150,34,81,28,293,17,6,23,316
07/14/2022,CHS,SC,ASO,ES,Combined TRACON& Tower with Radar,180,32,95,30,337,0,2,25,1,28,180,34,120,31,365,0,30,30,395
07/15/2022,CHS,SC,ASO,ES,Combined TRACON& Tower with Radar,178,37,56,24,295,0,3,15,1,19,178,40,71,25,314,0,0,0,314
07/16/2022,CHS,SC,ASO,ES,Combined TRACON& Tower with Radar,161,24,59,7,251,0,6,30,1,37,161,30,89,8,288,15,17,32,320
07/17/2022,CHS,SC,ASO,ES,Combined TRACON& Tower with Radar,177,10,55,8,250,0,0,17,1,18,177,10,72,9,268,0,0,0,268
07/18/2022,CHS,SC,ASO,ES,Combined TRACON& Tower with Radar,165,33,69,13,280,0,5,27,0,32,165,38,96,13,312,0,2,2,314
07/19/2022,CHS,SC,ASO,ES,Combined TRACON& Tower with Radar,145,25,89,39,298,0,3,34,2,39,145,28,123,41,337,0,24,24,361
07/20/2022,CHS,SC,ASO,ES,Combined TRACON& Tower with Radar,158,31,80,26,295,0,2,33,3,38,158,33,113,29,333,2,18,20,353
07/21/2022,CHS,SC,ASO,ES,Combined TRACON& Tower with Radar,183,21,88,43,335,0,1,28,2,31,183,22,116,45,366,14,27,41,407
07/22/2022,CHS,SC,ASO,ES,Combined TRACON& Tower with Radar,171,30,92,31,324,0,7,27,2,36,171,37,119,33,360,4,18,22,382
07/23/2022,CHS,SC,ASO,ES,Combined TRACON& Tower with Radar,169,17,68,9,263,0,4,17,0,21,169,21,85,9,284,14,0,14,298
07/24/2022,CHS,SC,ASO,ES,Combined TRACON& Tower with Radar,169,28,62,19,278,0,3,7,0,10,169,31,69,19,288,0,8,8,296
07/25/2022,CHS,SC,ASO,ES,Combined TRACON& Tower with Radar,164,28,60,26,278,0,5,22,0,27,164,33,82,26,305,2,14,16,321
07/26/2022,CHS,SC,ASO,ES,Combined TRACON& Tower with Radar,144,29,72,22,267,0,5,29,2,36,144,34,101,24,303,0,2,2,305
07/27/2022,CHS,SC,ASO,ES,Combined TRACON& Tower with Radar,152,37,52,34,275,0,5,25,2,32,152,42,77,36,307,4,16,20,327
07/28/2022,CHS,SC,ASO,ES,Combined TRACON& Tower with Radar,173,31,58,16,278,0,6,28,3,37,173,37,86,19,315,6,6,12,327
07/29/2022,CHS,SC,ASO,ES,Combined TRACON& Tower with Radar,178,43,53,10,284,0,8,30,1,39,178,51,83,11,323,2,2,4,327
07/30/2022,CHS,SC,ASO,ES,Combined TRACON& Tower with Radar,163,31,36,12,242,0,5,28,1,34,163,36,64,13,276,0,0,0,276
07/31/2022,CHS,SC,ASO,ES,Combined TRACON& Tower with Radar,182,51,58,5,296,0,2,22,1,25,182,53,80,6,321,4,0,4,325
08/01/2022,CHS,SC,ASO,ES,Combined TRACON& Tower with Radar,163,37,52,33,285,0,3,19,2,24,163,40,71,35,309,4,26,30,339
08/02/2022,CHS,SC,ASO,ES,Combined TRACON& Tower with Radar,142,42,74,67,325,0,12,22,4,38,142,54,96,71,363,12,52,64,427
08/03/2022,CHS,SC,ASO,ES,Combined TRACON& Tower with Radar,144,19,81,23,267,0,4,25,6,35,144,23,106,29,302,5,6,11,313
08/04/2022,CHS,SC,ASO,ES,Combined TRACON& Tower with Radar,168,33,69,35,305,0,6,38,12,56,168,39,107,47,361,10,18,28,389
08/05/2022,CHS,SC,ASO,ES,Combined TRACON& Tower with Radar,154,34,73,43,304,0,5,34,3,42,154,39,107,46,346,2,22,24,370
08/06/2022,CHS,SC,ASO,ES,Combined TRACON& Tower with Radar,156,25,62,6,249,0,3,14,2,19,156,28,76,8,268,8,0,8,276
08/07/2022,CHS,SC,ASO,ES,Combined TRACON& Tower with Radar,160,32,76,13,281,0,0,22,0,22,160,32,98,13,303,6,0,6,309
08/08/2022,CHS,SC,ASO,ES,Combined TRACON& Tower with Radar,166,43,71,21,301,0,1,17,6,24,166,44,88,27,325,0,40,40,365
08/09/2022,CHS,SC,ASO,ES,Combined TRACON& Tower with Radar,139,33,70,43,285,0,7,66,0,73,139,40,136,43,358,5,16,21,379
08/10/2022,CHS,SC,ASO,ES,Combined TRACON& Tower with Radar,136,42,81,24,283,0,3,26,0,29,136,45,107,24,312,6,20,26,338
08/11/2022,CHS,SC,ASO,ES,Combined TRACON& Tower with Radar,183,50,84,28,345,0,4,7,0,11,183,54,91,28,356,0,0,0,356
08/12/2022,CHS,SC,ASO,ES,Combined TRACON& Tower with Radar,176,63,78,18,335,0,1,8,1,10,176,64,86,19,345,0,0,0,345
08/13/2022,CHS,SC,ASO,ES,Combined TRACON& Tower with Radar,158,69,69,4,300,0,2,21,1,24,158,71,90,5,324,0,0,0,324
08/14/2022,CHS,SC,ASO,ES,Combined TRACON& Tower with Radar,172,52,108,10,342,0,1,18,0,19,172,53,126,10,361,0,0,0,361
08/15/2022,CHS,SC,ASO,ES,Combined TRACON& Tower with Radar,161,44,56,14,275,0,3,27,0,30,161,47,83,14,305,2,4,6,311
08/16/2022,CHS,SC,ASO,ES,Combined TRACON& Tower with Radar,139,36,69,32,276,0,3,23,2,28,139,39,92,34,304,2,28,30,334
08/17/2022,CHS,SC,ASO,ES,Combined TRACON& Tower with Radar,144,31,99,36,310,0,4,34,0,38,144,35,133,36,348,1,6,7,355
08/18/2022,CHS,SC,ASO,ES,Combined TRACON& Tower with Radar,175,29,78,26,308,0,2,20,0,22,175,31,98,26,330,0,10,10,340
08/19/2022,CHS,SC,ASO,ES,Combined TRACON& Tower with Radar,169,44,76,29,318,0,3,18,0,21,169,47,94,29,339,0,0,0,339
08/20/2022,CHS,SC,ASO,ES,Combined TRACON& Tower with Radar,151,20,50,6,227,0,2,22,0,24,151,22,72,6,251,0,0,0,251
08/21/2022,CHS,SC,ASO,ES,Combined TRACON& Tower with Radar,161,23,59,14,257,0,0,18,1,19,161,23,77,15,276,0,0,0,276
08/22/2022,CHS,SC,ASO,ES,Combined TRACON& Tower with Radar,144,31,71,30,276,0,2,9,0,11,144,33,80,30,287,4,8,12,299
08/23/2022,CHS,SC,ASO,ES,Combined TRACON& Tower with Radar,126,21,75,38,260,0,3,13,1,17,126,24,88,39,277,6,14,20,297
08/24/2022,CHS,SC,ASO,ES,Combined TRACON& Tower with Radar,151,23,87,72,333,0,3,40,0,43,151,26,127,72,376,20,22,42,418
08/25/2022,CHS,SC,ASO,ES,Combined TRACON& Tower with Radar,168,28,67,45,308,0,1,2,1,4,168,29,69,46,312,7,13,20,332
08/26/2022,CHS,SC,ASO,ES,Combined TRACON& Tower with Radar,164,37,98,49,348,0,5,28,0,33,164,42,126,49,381,8,18,26,407
08/27/2022,CHS,SC,ASO,ES,Combined TRACON& Tower with Radar,144,28,51,12,235,0,5,32,0,37,144,33,83,12,272,2,2,4,276
08/28/2022,CHS,SC,ASO,ES,Combined TRACON& Tower with Radar,165,33,58,8,264,0,4,17,0,21,165,37,75,8,285,6,0,6,291
08/29/2022,CHS,SC,ASO,ES,Combined TRACON& Tower with Radar,158,28,61,15,262,0,0,4,0,4,158,28,65,15,266,4,0,4,270
08/30/2022,CHS,SC,ASO,ES,Combined TRACON& Tower with Radar,138,30,76,17,261,0,1,13,0,14,138,31,89,17,275,8,0,8,283
08/31/2022,CHS,SC,ASO,ES,Combined TRACON& Tower with Radar,147,36,95,51,329,0,4,55,2,61,147,40,150,53,390,26,31,57,447
09/01/2022,CHS,SC,ASO,ES,Combined TRACON& Tower with Radar,164,47,91,18,320,0,5,18,0,23,164,52,109,18,343,0,0,0,343
09/02/2022,CHS,SC,ASO,ES,Combined TRACON& Tower with Radar,172,47,98,18,335,0,6,28,0,34,172,53,126,18,369,0,0,0,369
09/03/2022,CHS,SC,ASO,ES,Combined TRACON& Tower with Radar,136,21,35,8,200,0,2,22,0,24,136,23,57,8,224,1,4,5,229
09/04/2022,CHS,SC,ASO,ES,Combined TRACON& Tower with Radar,156,21,37,5,219,0,1,29,1,31,156,22,66,6,250,0,0,0,250
09/05/2022,CHS,SC,ASO,ES,Combined TRACON& Tower with Radar,165,40,83,9,297,0,2,21,0,23,165,42,104,9,320,9,2,11,331
09/06/2022,CHS,SC,ASO,ES,Combined TRACON& Tower with Radar,137,31,89,25,282,0,4,49,5,58,137,35,138,30,340,8,6,14,354
09/07/2022,CHS,SC,ASO,ES,Combined TRACON& Tower with Radar,137,44,77,45,303,0,2,47,10,59,137,46,124,55,362,10,10,20,382
09/08/2022,CHS,SC,ASO,ES,Combined TRACON& Tower with Radar,152,33,67,47,299,0,1,20,4,25,152,34,87,51,324,2,36,38,362
09/09/2022,CHS,SC,ASO,ES,Combined TRACON& Tower with Radar,164,47,76,16,303,0,3,9,0,12,164,50,85,16,315,0,0,0,315
09/10/2022,CHS,SC,ASO,ES,Combined TRACON& Tower with Radar,119,23,49,8,199,0,1,10,0,11,119,24,59,8,210,0,0,0,210
09/11/2022,CHS,SC,ASO,ES,Combined TRACON& Tower with Radar,161,43,68,20,292,0,1,29,0,30,161,44,97,20,322,2,6,8,330
09/12/2022,CHS,SC,ASO,ES,Combined TRACON& Tower with Radar,155,45,78,28,306,0,3,36,5,44,155,48,114,33,350,16,10,26,376
09/13/2022,CHS,SC,ASO,ES,Combined TRACON& Tower with Radar,134,47,94,31,306,0,4,50,1,55,134,51,144,32,361,4,17,21,382
09/14/2022,CHS,SC,ASO,ES,Combined TRACON& Tower with Radar,138,43,82,31,294,0,8,49,2,59,138,51,131,33,353,6,12,18,371
09/15/2022,CHS,SC,ASO,ES,Combined TRACON& Tower with Radar,156,38,96,35,325,0,6,36,3,45,156,44,132,38,370,3,16,19,389
09/16/2022,CHS,SC,ASO,ES,Combined TRACON& Tower with Radar,161,50,89,30,330,0,8,25,3,36,161,58,114,33,366,0,12,12,378
09/17/2022,CHS,SC,ASO,ES,Combined TRACON& Tower with Radar,118,23,53,22,216,0,4,42,4,50,118,27,95,26,266,38,3,41,307
09/18/2022,CHS,SC,ASO,ES,Combined TRACON& Tower with Radar,151,41,72,4,268,0,6,27,0,33,151,47,99,4,301,6,0,6,307
09/19/2022,CHS,SC,ASO,ES,Combined TRACON& Tower with Radar,148,46,70,33,297,0,2,27,7,36,148,48,97,40,333,22,6,28,361
09/20/2022,CHS,SC,ASO,ES,Combined TRACON& Tower with Radar,131,23,81,44,279,0,1,48,10,59,131,24,129,54,338,51,30,81,419
09/21/2022,CHS,SC,ASO,ES,Combined TRACON& Tower with Radar,131,44,87,41,303,0,3,48,1,52,131,47,135,42,355,27,21,48,403
09/22/2022,CHS,SC,ASO,ES,Combined TRACON& Tower with Radar,158,44,101,43,346,0,3,34,0,37,158,47,135,43,383,11,13,24,407
09/23/2022,CHS,SC,ASO,ES,Combined TRACON& Tower with Radar,166,51,96,18,331,0,4,25,0,29,166,55,121,18,360,0,0,0,360
09/24/2022,CHS,SC,ASO,ES,Combined TRACON& Tower with Radar,121,23,63,31,238,0,5,30,3,38,121,28,93,34,276,12,24,36,312
09/25/2022,CHS,SC,ASO,ES,Combined TRACON& Tower with Radar,140,51,84,14,289,0,1,21,3,25,140,52,105,17,314,3,8,11,325
09/26/2022,CHS,SC,ASO,ES,Combined TRACON& Tower with Radar,159,34,62,62,317,0,3,24,4,31,159,37,86,66,348,21,94,115,463
09/27/2022,CHS,SC,ASO,ES,Combined TRACON& Tower with Radar,128,36,79,16,259,0,3,38,2,43,128,39,117,18,302,16,0,16,318
09/28/2022,CHS,SC,ASO,ES,Combined TRACON& Tower with Radar,134,39,82,23,278,0,4,25,4,33,134,43,107,27,311,9,6,15,326
09/29/2022,CHS,SC,ASO,ES,Combined TRACON& Tower with Radar,101,31,32,7,171,0,1,1,0,2,101,32,33,7,173,0,0,0,173
09/30/2022,CHS,SC,ASO,ES,Combined TRACON& Tower with Radar,0,0,0,0,0,0,0,0,0,0,0,0,0,0,0,0,0,0,0
10/01/2022,CHS,SC,ASO,ES,Combined TRACON& Tower with Radar,96,18,45,13,172,0,2,9,0,11,96,20,54,13,183,0,0,0,183
10/02/2022,CHS,SC,ASO,ES,Combined TRACON& Tower with Radar,161,19,63,16,259,0,2,19,0,21,161,21,82,16,280,2,0,2,282
10/03/2022,CHS,SC,ASO,ES,Combined TRACON& Tower with Radar,159,46,67,4,276,0,2,8,2,12,159,48,75,6,288,8,0,8,296
10/04/2022,CHS,SC,ASO,ES,Combined TRACON& Tower with Radar,131,30,78,23,262,0,5,58,0,63,131,35,136,23,325,25,6,31,356
10/05/2022,CHS,SC,ASO,ES,Combined TRACON& Tower with Radar,144,35,69,25,273,0,7,39,3,49,144,42,108,28,322,3,7,10,332
10/06/2022,CHS,SC,ASO,ES,Combined TRACON& Tower with Radar,171,46,88,26,331,0,4,38,3,45,171,50,126,29,376,26,13,39,415
10/07/2022,CHS,SC,ASO,ES,Combined TRACON& Tower with Radar,158,49,103,24,334,0,1,31,1,33,158,50,134,25,367,0,0,0,367
10/08/2022,CHS,SC,ASO,ES,Combined TRACON& Tower with Radar,132,27,61,15,235,0,3,29,1,33,132,30,90,16,268,6,8,14,282
10/09/2022,CHS,SC,ASO,ES,Combined TRACON& Tower with Radar,161,68,106,5,340,0,4,28,0,32,161,72,134,5,372,4,0,4,376
10/10/2022,CHS,SC,ASO,ES,Combined TRACON& Tower with Radar,159,49,85,11,304,0,4,39,2,45,159,53,124,13,349,14,0,14,363
10/11/2022,CHS,SC,ASO,ES,Combined TRACON& Tower with Radar,130,44,89,37,300,0,8,38,3,49,130,52,127,40,349,29,28,57,406
10/12/2022,CHS,SC,ASO,ES,Combined TRACON& Tower with Radar,140,55,103,35,333,0,3,20,1,24,140,58,123,36,357,5,8,13,370
10/13/2022,CHS,SC,ASO,ES,Combined TRACON& Tower with Radar,163,63,86,52,364,0,4,26,1,31,163,67,112,53,395,0,36,36,431
10/14/2022,CHS,SC,ASO,ES,Combined TRACON& Tower with Radar,167,56,102,27,352,0,5,36,2,43,167,61,138,29,395,2,2,4,399
10/15/2022,CHS,SC,ASO,ES,Combined TRACON& Tower with Radar,131,34,74,16,255,0,4,47,4,55,131,38,121,20,310,4,6,10,320
10/16/2022,CHS,SC,ASO,ES,Combined TRACON& Tower with Radar,161,56,110,6,333,0,6,26,0,32,161,62,136,6,365,0,0,0,365
10/17/2022,CHS,SC,ASO,ES,Combined TRACON& Tower with Radar,163,49,95,19,326,0,8,34,2,44,163,57,129,21,370,4,20,24,394
10/18/2022,CHS,SC,ASO,ES,Combined TRACON& Tower with Radar,134,32,79,33,278,0,3,48,0,51,134,35,127,33,329,0,16,16,345
10/19/2022,CHS,SC,ASO,ES,Combined TRACON& Tower with Radar,143,52,103,41,339,0,21,34,6,61,143,73,137,47,400,56,19,75,475
10/20/2022,CHS,SC,ASO,ES,Combined TRACON& Tower with Radar,162,52,98,36,348,0,2,33,4,39,162,54,131,40,387,8,19,27,414
10/21/2022,CHS,SC,ASO,ES,Combined TRACON& Tower with Radar,166,61,68,50,345,0,10,32,5,47,166,71,100,55,392,0,0,0,392
10/22/2022,CHS,SC,ASO,ES,Combined TRACON& Tower with Radar,127,47,54,15,243,0,7,38,7,52,127,54,92,22,295,26,0,26,321
10/23/2022,CHS,SC,ASO,ES,Combined TRACON& Tower with Radar,163,51,86,7,307,0,9,28,4,41,163,60,114,11,348,3,2,5,353
10/24/2022,CHS,SC,ASO,ES,Combined TRACON& Tower with Radar,154,51,81,24,310,0,6,31,6,43,154,57,112,30,353,0,0,0,353
10/25/2022,CHS,SC,ASO,ES,Combined TRACON& Tower with Radar,117,40,59,22,238,0,4,15,2,21,117,44,74,24,259,0,4,4,263
10/26/2022,CHS,SC,ASO,ES,Combined TRACON& Tower with Radar,136,56,110,29,331,0,3,43,2,48,136,59,153,31,379,13,8,21,400
10/27/2022,CHS,SC,ASO,ES,Combined TRACON& Tower with Radar,169,39,103,25,336,0,8,26,0,34,169,47,129,25,370,3,2,5,375
10/28/2022,CHS,SC,ASO,ES,Combined TRACON& Tower with Radar,164,62,115,27,368,0,2,20,0,22,164,64,135,27,390,0,0,0,390
10/29/2022,CHS,SC,ASO,ES,Combined TRACON& Tower with Radar,129,44,46,8,227,0,1,0,0,1,129,45,46,8,228,0,0,0,228
10/30/2022,CHS,SC,ASO,ES,Combined TRACON& Tower with Radar,156,49,67,13,285,0,0,0,1,1,156,49,67,14,286,2,0,2,288
10/31/2022,CHS,SC,ASO,ES,Combined TRACON& Tower with Radar,148,51,68,21,288,0,1,29,1,31,148,52,97,22,319,18,4,22,341
11/01/2022,CHS,SC,ASO,ES,Combined TRACON& Tower with Radar,126,38,100,25,289,0,2,24,2,28,126,40,124,27,317,28,14,42,359
11/02/2022,CHS,SC,ASO,ES,Combined TRACON& Tower with Radar,142,56,104,31,333,0,4,40,1,45,142,60,144,32,378,4,10,14,392
11/03/2022,CHS,SC,ASO,ES,Combined TRACON& Tower with Radar,166,62,98,35,361,0,4,66,3,73,166,66,164,38,434,0,0,0,434
11/04/2022,CHS,SC,ASO,ES,Combined TRACON& Tower with Radar,149,54,109,30,342,0,4,33,3,40,149,58,142,33,382,2,20,22,404
11/05/2022,CHS,SC,ASO,ES,Combined TRACON& Tower with Radar,125,34,60,25,244,0,1,20,7,28,125,35,80,32,272,0,0,0,272
11/06/2022,CHS,SC,ASO,ES,Combined TRACON& Tower with Radar,144,60,125,15,344,0,1,21,1,23,144,61,146,16,367,0,0,0,367
11/07/2022,CHS,SC,ASO,ES,Combined TRACON& Tower with Radar,144,46,69,9,268,0,1,24,0,25,144,47,93,9,293,0,2,2,295
11/08/2022,CHS,SC,ASO,ES,Combined TRACON& Tower with Radar,126,37,55,19,237,0,6,19,3,28,126,43,74,22,265,11,4,15,280
11/09/2022,CHS,SC,ASO,ES,Combined TRACON& Tower with Radar,137,51,77,22,287,0,2,13,4,19,137,53,90,26,306,0,8,8,314
11/10/2022,CHS,SC,ASO,ES,Combined TRACON& Tower with Radar,154,32,42,8,236,0,1,0,0,1,154,33,42,8,237,0,2,2,239
11/11/2022,CHS,SC,ASO,ES,Combined TRACON& Tower with Radar,139,62,41,3,245,0,0,0,0,0,139,62,41,3,245,2,0,2,247
11/12/2022,CHS,SC,ASO,ES,Combined TRACON& Tower with Radar,126,36,57,4,223,0,5,34,0,39,126,41,91,4,262,8,0,8,270
11/13/2022,CHS,SC,ASO,ES,Combined TRACON& Tower with Radar,151,57,76,2,286,0,3,39,0,42,151,60,115,2,328,6,0,6,334
11/14/2022,CHS,SC,ASO,ES,Combined TRACON& Tower with Radar,143,40,88,18,289,0,2,32,1,35,143,42,120,19,324,12,0,12,336
11/15/2022,CHS,SC,ASO,ES,Combined TRACON& Tower with Radar,130,30,68,28,256,0,1,8,1,10,130,31,76,29,266,0,16,16,282
11/16/2022,CHS,SC,ASO,ES,Combined TRACON& Tower with Radar,135,44,92,25,296,0,0,3,1,4,135,44,95,26,300,2,8,10,310
11/17/2022,CHS,SC,ASO,ES,Combined TRACON& Tower with Radar,160,49,98,25,332,0,4,42,2,48,160,53,140,27,380,3,8,11,391
11/18/2022,CHS,SC,ASO,ES,Combined TRACON& Tower with Radar,143,47,130,28,348,0,4,35,5,44,143,51,165,33,392,18,2,20,412
11/19/2022,CHS,SC,ASO,ES,Combined TRACON& Tower with Radar,141,28,76,10,255,0,5,43,2,50,141,33,119,12,305,10,2,12,317
11/20/2022,CHS,SC,ASO,ES,Combined TRACON& Tower with Radar,158,44,94,22,318,0,1,30,2,33,158,45,124,24,351,8,0,8,359
11/21/2022,CHS,SC,ASO,ES,Combined TRACON& Tower with Radar,150,43,70,42,305,0,2,33,3,38,150,45,103,45,343,4,34,38,381
11/22/2022,CHS,SC,ASO,ES,Combined TRACON& Tower with Radar,160,41,87,32,320,0,2,24,0,26,160,43,111,32,346,11,6,17,363
11/23/2022,CHS,SC,ASO,ES,Combined TRACON& Tower with Radar,170,49,88,13,320,0,2,12,0,14,170,51,100,13,334,2,0,2,336
11/24/2022,CHS,SC,ASO,ES,Combined TRACON& Tower with Radar,77,14,17,5,113,0,4,5,0,9,77,18,22,5,122,0,0,0,122
11/25/2022,CHS,SC,ASO,ES,Combined TRACON& Tower with Radar,135,37,34,1,207,0,0,2,1,3,135,37,36,2,210,0,0,0,210
11/26/2022,CHS,SC,ASO,ES,Combined TRACON& Tower with Radar,162,43,81,0,286,0,0,21,1,22,162,43,102,1,308,16,0,16,324
11/27/2022,CHS,SC,ASO,ES,Combined TRACON& Tower with Radar,163,39,126,5,333,0,0,4,0,4,163,39,130,5,337,0,0,0,337
11/28/2022,CHS,SC,ASO,ES,Combined TRACON& Tower with Radar,169,39,71,24,303,0,2,27,0,29,169,41,98,24,332,6,2,8,340
11/29/2022,CHS,SC,ASO,ES,Combined TRACON& Tower with Radar,137,26,91,33,287,0,4,47,4,55,137,30,138,37,342,3,14,17,359
11/30/2022,CHS,SC,ASO,ES,Combined TRACON& Tower with Radar,128,47,51,20,246,0,3,7,0,10,128,50,58,20,256,0,0,0,256
12/01/2022,CHS,SC,ASO,ES,Combined TRACON& Tower with Radar,149,45,93,31,318,0,6,49,4,59,149,51,142,35,377,10,10,20,397
12/02/2022,CHS,SC,ASO,ES,Combined TRACON& Tower with Radar,154,49,99,40,342,0,3,30,1,34,154,52,129,41,376,10,8,18,394
12/03/2022,CHS,SC,ASO,ES,Combined TRACON& Tower with Radar,120,19,57,21,217,0,2,27,1,30,120,21,84,22,247,5,2,7,254
12/04/2022,CHS,SC,ASO,ES,Combined TRACON& Tower with Radar,140,27,63,23,253,0,0,21,1,22,140,27,84,24,275,0,6,6,281
12/05/2022,CHS,SC,ASO,ES,Combined TRACON& Tower with Radar,151,43,67,15,276,0,3,17,1,21,151,46,84,16,297,8,14,22,319
12/06/2022,CHS,SC,ASO,ES,Combined TRACON& Tower with Radar,137,30,83,38,288,0,3,28,3,34,137,33,111,41,322,10,34,44,366
12/07/2022,CHS,SC,ASO,ES,Combined TRACON& Tower with Radar,141,40,104,19,304,0,4,26,4,34,141,44,130,23,338,0,12,12,350
12/08/2022,CHS,SC,ASO,ES,Combined TRACON& Tower with Radar,152,29,80,46,307,0,1,4,0,5,152,30,84,46,312,2,20,22,334
12/09/2022,CHS,SC,ASO,ES,Combined TRACON& Tower with Radar,154,54,75,26,309,0,1,0,0,1,154,55,75,26,310,0,0,0,310
12/10/2022,CHS,SC,ASO,ES,Combined TRACON& Tower with Radar,120,26,39,8,193,0,1,3,0,4,120,27,42,8,197,0,0,0,197
12/11/2022,CHS,SC,ASO,ES,Combined TRACON& Tower with Radar,139,32,69,11,251,0,0,18,0,18,139,32,87,11,269,3,0,3,272
12/12/2022,CHS,SC,ASO,ES,Combined TRACON& Tower with Radar,145,40,75,35,295,0,1,30,15,46,145,41,105,50,341,10,46,56,397
12/13/2022,CHS,SC,ASO,ES,Combined TRACON& Tower with Radar,141,43,66,35,285,0,4,38,8,50,141,47,104,43,335,15,46,61,396
12/14/2022,CHS,SC,ASO,ES,Combined TRACON& Tower with Radar,127,33,99,54,313,0,2,20,0,22,127,35,119,54,335,4,27,31,366
12/15/2022,CHS,SC,ASO,ES,Combined TRACON& Tower with Radar,148,32,70,29,279,0,0,3,0,3,148,32,73,29,282,1,2,3,285
12/16/2022,CHS,SC,ASO,ES,Combined TRACON& Tower with Radar,151,50,96,9,306,0,2,40,0,42,151,52,136,9,348,0,0,0,348
12/17/2022,CHS,SC,ASO,ES,Combined TRACON& Tower with Radar,125,41,60,5,231,0,3,28,0,31,125,44,88,5,262,4,0,4,266
12/18/2022,CHS,SC,ASO,ES,Combined TRACON& Tower with Radar,139,36,57,5,237,1,4,31,0,36,140,40,88,5,273,8,0,8,281
12/19/2022,CHS,SC,ASO,ES,Combined TRACON& Tower with Radar,144,31,75,39,289,0,3,28,4,35,144,34,103,43,324,18,28,46,370
12/20/2022,CHS,SC,ASO,ES,Combined TRACON& Tower with Radar,143,34,67,25,269,0,2,9,0,11,143,36,76,25,280,32,10,42,322
12/21/2022,CHS,SC,ASO,ES,Combined TRACON& Tower with Radar,149,49,79,27,304,0,0,1,0,1,149,49,80,27,305,8,2,10,315
12/22/2022,CHS,SC,ASO,ES,Combined TRACON& Tower with Radar,137,44,50,18,249,0,0,0,0,0,137,44,50,18,249,0,0,0,249
12/23/2022,CHS,SC,ASO,ES,Combined TRACON& Tower with Radar,145,44,35,7,231,0,1,2,0,3,145,45,37,7,234,0,0,0,234
12/24/2022,CHS,SC,ASO,ES,Combined TRACON& Tower with Radar,99,24,11,1,135,0,4,5,0,9,99,28,16,1,144,0,0,0,144
12/25/2022,CHS,SC,ASO,ES,Combined TRACON& Tower with Radar,97,36,13,0,146,0,1,5,0,6,97,37,18,0,152,0,0,0,152
12/26/2022,CHS,SC,ASO,ES,Combined TRACON& Tower with Radar,122,51,76,5,254,0,3,17,0,20,122,54,93,5,274,6,0,6,280
12/27/2022,CHS,SC,ASO,ES,Combined TRACON& Tower with Radar,134,52,79,13,278,0,3,23,7,33,134,55,102,20,311,8,14,22,333
12/28/2022,CHS,SC,ASO,ES,Combined TRACON& Tower with Radar,134,43,116,31,324,0,3,33,1,37,134,46,149,32,361,0,22,22,383
12/29/2022,CHS,SC,ASO,ES,Combined TRACON& Tower with Radar,140,39,68,18,265,0,4,20,3,27,140,43,88,21,292,2,6,8,300
12/30/2022,CHS,SC,ASO,ES,Combined TRACON& Tower with Radar,153,46,73,2,274,0,7,14,0,21,153,53,87,2,295,0,0,0,295
12/31/2022,CHS,SC,ASO,ES,Combined TRACON& Tower with Radar,110,37,34,4,185,0,0,3,0,3,110,37,37,4,188,0,0,0,188
01/01/2023,CHS,SC,ASO,ES,Combined TRACON& Tower with Radar,120,47,45,1,213,0,1,2,0,3,120,48,47,1,216,1,0,1,217
01/02/2023,CHS,SC,ASO,ES,Combined TRACON& Tower with Radar,144,70,67,5,286,0,2,23,0,25,144,72,90,5,311,23,0,23,334
01/03/2023,CHS,SC,ASO,ES,Combined TRACON& Tower with Radar,134,32,52,12,230,0,1,29,2,32,134,33,81,14,262,0,0,0,262
01/04/2023,CHS,SC,ASO,ES,Combined TRACON& Tower with Radar,140,36,48,9,233,0,1,3,2,6,140,37,51,11,239,2,30,32,271
01/05/2023,CHS,SC,ASO,ES,Combined TRACON& Tower with Radar,138,32,66,28,264,0,1,35,4,40,138,33,101,32,304,0,6,6,310
01/06/2023,CHS,SC,ASO,ES,Combined TRACON& Tower with Radar,137,37,73,37,284,0,3,41,1,45,137,40,114,38,329,24,16,40,369
01/07/2023,CHS,SC,ASO,ES,Combined TRACON& Tower with Radar,104,19,67,19,209,0,2,26,1,29,104,21,93,20,238,20,8,28,266
01/08/2023,CHS,SC,ASO,ES,Combined TRACON& Tower with Radar,139,32,54,18,243,0,1,24,0,25,139,33,78,18,268,0,0,0,268
01/09/2023,CHS,SC,ASO,ES,Combined TRACON& Tower with Radar,135,42,64,13,254,0,5,26,0,31,135,47,90,13,285,6,8,14,299
01/10/2023,CHS,SC,ASO,ES,Combined TRACON& Tower with Radar,115,31,79,65,290,0,4,35,4,43,115,35,114,69,333,22,66,88,421
01/11/2023,CHS,SC,ASO,ES,Combined TRACON& Tower with Radar,100,39,75,54,268,0,4,43,4,51,100,43,118,58,319,23,19,42,361
01/12/2023,CHS,SC,ASO,ES,Combined TRACON& Tower with Radar,147,35,86,29,297,0,5,30,9,44,147,40,116,38,341,10,16,26,367
01/13/2023,CHS,SC,ASO,ES,Combined TRACON& Tower with Radar,149,58,68,27,302,0,1,30,3,34,149,59,98,30,336,0,0,0,336
01/14/2023,CHS,SC,ASO,ES,Combined TRACON& Tower with Radar,104,37,41,7,189,0,1,19,0,20,104,38,60,7,209,40,0,40,249
01/15/2023,CHS,SC,ASO,ES,Combined TRACON& Tower with Radar,135,40,61,10,246,0,1,52,0,53,135,41,113,10,299,0,0,0,299
01/16/2023,CHS,SC,ASO,ES,Combined TRACON& Tower with Radar,136,45,73,4,258,0,1,29,0,30,136,46,102,4,288,5,0,5,293
01/17/2023,CHS,SC,ASO,ES,Combined TRACON& Tower with Radar,120,37,54,50,261,0,4,36,2,42,120,41,90,52,303,36,46,82,385
01/18/2023,CHS,SC,ASO,ES,Combined TRACON& Tower with Radar,118,46,86,61,311,0,0,28,2,30,118,46,114,63,341,6,22,28,369
01/19/2023,CHS,SC,ASO,ES,Combined TRACON& Tower with Radar,146,33,63,33,275,0,0,31,0,31,146,33,94,33,306,6,2,8,314
01/20/2023,CHS,SC,ASO,ES,Combined TRACON& Tower with Radar,153,42,85,31,311,0,3,47,3,53,153,45,132,34,364,48,18,66,430
01/21/2023,CHS,SC,ASO,ES,Combined TRACON& Tower with Radar,106,15,53,17,191,0,4,29,0,33,106,19,82,17,224,8,2,10,234
01/22/2023,CHS,SC,ASO,ES,Combined TRACON& Tower with Radar,154,33,32,14,233,0,0,0,0,0,154,33,32,14,233,0,0,0,233
01/23/2023,CHS,SC,ASO,ES,Combined TRACON& Tower with Radar,138,39,76,26,279,0,3,34,3,40,138,42,110,29,319,37,8,45,364
01/24/2023,CHS,SC,ASO,ES,Combined TRACON& Tower with Radar,120,49,72,28,269,0,5,43,3,51,120,54,115,31,320,8,11,19,339
01/25/2023,CHS,SC,ASO,ES,Combined TRACON& Tower with Radar,117,33,47,19,216,0,2,2,2,6,117,35,49,21,222,4,20,24,246
01/26/2023,CHS,SC,ASO,ES,Combined TRACON& Tower with Radar,148,53,85,31,317,0,4,44,2,50,148,57,129,33,367,2,0,2,369
01/27/2023,CHS,SC,ASO,ES,Combined TRACON& Tower with Radar,145,43,75,22,285,0,1,43,2,46,145,44,118,24,331,0,11,11,342
01/28/2023,CHS,SC,ASO,ES,Combined TRACON& Tower with Radar,105,27,67,13,212,0,2,32,0,34,105,29,99,13,246,2,0,2,248
01/29/2023,CHS,SC,ASO,ES,Combined TRACON& Tower with Radar,143,24,73,14,254,0,2,30,0,32,143,26,103,14,286,0,0,0,286
01/30/2023,CHS,SC,ASO,ES,Combined TRACON& Tower with Radar,137,38,45,22,242,0,0,0,0,0,137,38,45,22,242,6,6,12,254
01/31/2023,CHS,SC,ASO,ES,Combined TRACON& Tower with Radar,113,52,57,31,253,0,0,0,1,1,113,52,57,32,254,4,16,20,274
02/01/2023,CHS,SC,ASO,ES,Combined TRACON& Tower with Radar,114,41,72,24,251,0,2,18,1,21,114,43,90,25,272,8,12,20,292
02/02/2023,CHS,SC,ASO,ES,Combined TRACON& Tower with Radar,141,72,97,24,334,0,0,0,0,0,141,72,97,24,334,0,0,0,334
02/03/2023,CHS,SC,ASO,ES,Combined TRACON& Tower with Radar,142,44,59,28,273,0,2,20,2,24,142,46,79,30,297,0,0,0,297
02/04/2023,CHS,SC,ASO,ES,Combined TRACON& Tower with Radar,118,22,71,10,221,0,5,31,0,36,118,27,102,10,257,11,4,15,272
02/05/2023,CHS,SC,ASO,ES,Combined TRACON& Tower with Radar,141,36,78,19,274,0,1,1,0,2,141,37,79,19,276,0,0,0,276
02/06/2023,CHS,SC,ASO,ES,Combined TRACON& Tower with Radar,145,44,95,12,296,1,3,44,2,50,146,47,139,14,346,18,2,20,366
02/07/2023,CHS,SC,ASO,ES,Combined TRACON& Tower with Radar,130,37,121,30,318,0,6,63,5,74,130,43,184,35,392,35,30,65,457
02/08/2023,CHS,SC,ASO,ES,Combined TRACON& Tower with Radar,131,42,81,21,275,0,4,54,4,62,131,46,135,25,337,64,0,64,401
02/09/2023,CHS,SC,ASO,ES,Combined TRACON& Tower with Radar,146,59,77,35,317,0,1,39,3,43,146,60,116,38,360,10,2,12,372
02/10/2023,CHS,SC,ASO,ES,Combined TRACON& Tower with Radar,146,62,63,24,295,0,2,10,1,13,146,64,73,25,308,4,12,16,324
02/11/2023,CHS,SC,ASO,ES,Combined TRACON& Tower with Radar,117,35,31,5,188,0,0,0,0,0,117,35,31,5,188,0,0,0,188
02/12/2023,CHS,SC,ASO,ES,Combined TRACON& Tower with Radar,136,42,50,8,236,0,0,0,0,0,136,42,50,8,236,0,0,0,236
02/13/2023,CHS,SC,ASO,ES,Combined TRACON& Tower with Radar,134,47,87,24,292,0,2,44,2,48,134,49,131,26,340,14,8,22,362
02/14/2023,CHS,SC,ASO,ES,Combined TRACON& Tower with Radar,119,48,62,20,249,0,3,52,2,57,119,51,114,22,306,54,8,62,368
02/15/2023,CHS,SC,ASO,ES,Combined TRACON& Tower with Radar,122,59,95,33,309,0,6,55,3,64,122,65,150,36,373,12,6,18,391
02/16/2023,CHS,SC,ASO,ES,Combined TRACON& Tower with Radar,149,71,102,44,366,0,2,56,6,64,149,73,158,50,430,5,20,25,455
02/17/2023,CHS,SC,ASO,ES,Combined TRACON& Tower with Radar,142,75,98,16,331,0,3,8,1,12,142,78,106,17,343,0,0,0,343
02/18/2023,CHS,SC,ASO,ES,Combined TRACON& Tower with Radar,140,30,71,31,272,0,4,44,3,51,140,34,115,34,323,154,28,182,505
02/19/2023,CHS,SC,ASO,ES,Combined TRACON& Tower with Radar,148,47,101,23,319,0,3,40,1,44,148,50,141,24,363,0,0,0,363
02/20/2023,CHS,SC,ASO,ES,Combined TRACON& Tower with Radar,145,64,75,9,293,0,2,43,1,46,145,66,118,10,339,76,0,76,415
02/21/2023,CHS,SC,ASO,ES,Combined TRACON& Tower with Radar,132,51,85,43,311,0,4,27,6,37,132,55,112,49,348,4,24,28,376
02/22/2023,CHS,SC,ASO,ES,Combined TRACON& Tower with Radar,136,55,88,44,323,0,5,45,5,55,136,60,133,49,378,6,34,40,418
02/23/2023,CHS,SC,ASO,ES,Combined TRACON& Tower with Radar,148,47,86,33,314,0,4,44,7,55,148,51,130,40,369,16,27,43,412
02/24/2023,CHS,SC,ASO,ES,Combined TRACON& Tower with Radar,142,58,85,25,310,0,1,27,0,28,142,59,112,25,338,0,0,0,338
02/25/2023,CHS,SC,ASO,ES,Combined TRACON& Tower with Radar,136,42,53,11,242,0,0,1,0,1,136,42,54,11,243,17,0,17,260
02/26/2023,CHS,SC,ASO,ES,Combined TRACON& Tower with Radar,143,48,79,9,279,0,0,10,0,10,143,48,89,9,289,0,0,0,289
02/27/2023,CHS,SC,ASO,ES,Combined TRACON& Tower with Radar,135,65,70,55,325,0,2,40,4,46,135,67,110,59,371,14,32,46,417
02/28/2023,CHS,SC,ASO,ES,Combined TRACON& Tower with Radar,129,36,76,15,256,0,7,31,6,44,129,43,107,21,300,15,12,27,327
03/01/2023,CHS,SC,ASO,ES,Combined TRACON& Tower with Radar,140,47,95,27,309,0,4,48,0,52,140,51,143,27,361,18,16,34,395
03/02/2023,CHS,SC,ASO,ES,Combined TRACON& Tower with Radar,150,62,69,34,315,0,4,19,3,26,150,66,88,37,341,36,36,72,413
03/03/2023,CHS,SC,ASO,ES,Combined TRACON& Tower with Radar,160,44,68,21,293,0,1,17,5,23,160,45,85,26,316,12,0,12,328
03/04/2023,CHS,SC,ASO,ES,Combined TRACON& Tower with Radar,148,34,81,8,271,0,1,40,0,41,148,35,121,8,312,2,0,2,314
03/05/2023,CHS,SC,ASO,ES,Combined TRACON& Tower with Radar,151,44,79,7,281,0,5,70,2,77,151,49,149,9,358,0,0,0,358
03/06/2023,CHS,SC,ASO,ES,Combined TRACON& Tower with Radar,150,48,76,32,306,0,2,36,0,38,150,50,112,32,344,10,14,24,368
03/07/2023,CHS,SC,ASO,ES,Combined TRACON& Tower with Radar,123,38,64,29,254,0,2,42,7,51,123,40,106,36,305,50,32,82,387
03/08/2023,CHS,SC,ASO,ES,Combined TRACON& Tower with Radar,147,47,72,34,300,0,2,45,0,47,147,49,117,34,347,0,0,0,347
03/09/2023,CHS,SC,ASO,ES,Combined TRACON& Tower with Radar,176,56,98,21,351,0,5,41,3,49,176,61,139,24,400,2,8,10,410
03/10/2023,CHS,SC,ASO,ES,Combined TRACON& Tower with Radar,160,63,67,17,307,0,1,0,0,1,160,64,67,17,308,0,0,0,308
03/11/2023,CHS,SC,ASO,ES,Combined TRACON& Tower with Radar,152,40,58,12,262,0,4,41,1,46,152,44,99,13,308,14,0,14,322
03/12/2023,CHS,SC,ASO,ES,Combined TRACON& Tower with Radar,166,54,59,5,284,0,1,14,0,15,166,55,73,5,299,0,0,0,299
03/13/2023,CHS,SC,ASO,ES,Combined TRACON& Tower with Radar,164,57,67,35,323,0,1,4,3,8,164,58,71,38,331,7,17,24,355
03/14/2023,CHS,SC,ASO,ES,Combined TRACON& Tower with Radar,127,46,83,25,281,0,4,42,2,48,127,50,125,27,329,4,4,8,337
03/15/2023,CHS,SC,ASO,ES,Combined TRACON& Tower with Radar,160,46,73,35,314,0,4,46,5,55,160,50,119,40,369,42,18,60,429
03/16/2023,CHS,SC,ASO,ES,Combined TRACON& Tower with Radar,174,47,122,20,363,0,4,42,5,51,174,51,164,25,414,2,0,2,416
03/17/2023,CHS,SC,ASO,ES,Combined TRACON& Tower with Radar,177,43,73,17,310,0,2,31,1,34,177,45,104,18,344,0,0,0,344
03/18/2023,CHS,SC,ASO,ES,Combined TRACON& Tower with Radar,159,25,47,9,240,0,0,6,0,6,159,25,53,9,246,0,0,0,246
03/19/2023,CHS,SC,ASO,ES,Combined TRACON& Tower with Radar,172,33,93,12,310,0,0,39,0,39,172,33,132,12,349,0,0,0,349
03/20/2023,CHS,SC,ASO,ES,Combined TRACON& Tower with Radar,168,38,78,17,301,0,1,31,0,32,168,39,109,17,333,6,18,24,357
03/21/2023,CHS,SC,ASO,ES,Combined TRACON& Tower with Radar,144,48,69,24,285,0,9,39,4,52,144,57,108,28,337,16,6,22,359
03/22/2023,CHS,SC,ASO,ES,Combined TRACON& Tower with Radar,158,59,98,34,349,0,2,15,0,17,158,61,113,34,366,12,4,16,382
03/23/2023,CHS,SC,ASO,ES,Combined TRACON& Tower with Radar,174,54,80,29,337,0,2,47,1,50,174,56,127,30,387,0,0,0,387
03/24/2023,CHS,SC,ASO,ES,Combined TRACON& Tower with Radar,179,63,121,24,387,0,3,43,2,48,179,66,164,26,435,0,0,0,435
03/25/2023,CHS,SC,ASO,ES,Combined TRACON& Tower with Radar,153,21,43,19,236,0,1,8,1,10,153,22,51,20,246,4,4,8,254
03/26/2023,CHS,SC,ASO,ES,Combined TRACON& Tower with Radar,162,51,86,11,310,0,1,11,2,14,162,52,97,13,324,0,0,0,324
03/27/2023,CHS,SC,ASO,ES,Combined TRACON& Tower with Radar,167,42,52,31,292,0,1,7,1,9,167,43,59,32,301,0,12,12,313
03/28/2023,CHS,SC,ASO,ES,Combined TRACON& Tower with Radar,149,49,80,27,305,0,2,8,0,10,149,51,88,27,315,6,16,22,337
03/29/2023,CHS,SC,ASO,ES,Combined TRACON& Tower with Radar,157,32,100,53,342,0,2,39,3,44,157,34,139,56,386,0,32,32,418
03/30/2023,CHS,SC,ASO,ES,Combined TRACON& Tower with Radar,178,51,118,23,370,0,2,52,7,61,178,53,170,30,431,6,4,10,441
03/31/2023,CHS,SC,ASO,ES,Combined TRACON& Tower with Radar,163,72,70,22,327,0,4,31,3,38,163,76,101,25,365,0,0,0,365
04/01/2023,CHS,SC,ASO,ES,Combined TRACON& Tower with Radar,155,40,44,10,249,0,2,11,0,13,155,42,55,10,262,2,0,2,264
04/02/2023,CHS,SC,ASO,ES,Combined TRACON& Tower with Radar,150,70,79,5,304,0,1,34,0,35,150,71,113,5,339,6,0,6,345
04/03/2023,CHS,SC,ASO,ES,Combined TRACON& Tower with Radar,166,63,78,23,330,0,4,20,3,27,166,67,98,26,357,4,22,26,383
04/04/2023,CHS,SC,ASO,ES,Combined TRACON& Tower with Radar,155,68,76,25,324,0,3,28,9,40,155,71,104,34,364,0,0,0,364
04/05/2023,CHS,SC,ASO,ES,Combined TRACON& Tower with Radar,158,77,103,32,370,0,3,34,5,42,158,80,137,37,412,1,26,27,439
04/06/2023,CHS,SC,ASO,ES,Combined TRACON& Tower with Radar,171,77,86,33,367,0,5,37,5,47,171,82,123,38,414,10,20,30,444
04/07/2023,CHS,SC,ASO,ES,Combined TRACON& Tower with Radar,179,87,102,14,382,0,4,24,2,30,179,91,126,16,412,0,0,0,412
04/08/2023,CHS,SC,ASO,ES,Combined TRACON& Tower with Radar,164,49,49,4,266,0,0,0,1,1,164,49,49,5,267,0,0,0,267
04/09/2023,CHS,SC,ASO,ES,Combined TRACON& Tower with Radar,178,63,47,6,294,0,0,21,2,23,178,63,68,8,317,0,0,0,317
04/10/2023,CHS,SC,ASO,ES,Combined TRACON& Tower with Radar,180,47,105,9,341,0,2,40,4,46,180,49,145,13,387,26,4,30,417
04/11/2023,CHS,SC,ASO,ES,Combined TRACON& Tower with Radar,161,50,84,16,311,0,3,43,4,50,161,53,127,20,361,30,6,36,397
04/12/2023,CHS,SC,ASO,ES,Combined TRACON& Tower with Radar,168,66,88,19,341,0,2,48,2,52,168,68,136,21,393,4,2,6,399
04/13/2023,CHS,SC,ASO,ES,Combined TRACON& Tower with Radar,166,52,119,21,358,0,2,28,1,31,166,54,147,22,389,0,0,0,389
04/14/2023,CHS,SC,ASO,ES,Combined TRACON& Tower with Radar,179,79,78,22,358,0,2,15,0,17,179,81,93,22,375,0,0,0,375
04/15/2023,CHS,SC,ASO,ES,Combined TRACON& Tower with Radar,163,57,71,14,305,0,4,37,0,41,163,61,108,14,346,16,0,16,362
04/16/2023,CHS,SC,ASO,ES,Combined TRACON& Tower with Radar,184,64,63,10,321,0,0,28,1,29,184,64,91,11,350,0,0,0,350
04/17/2023,CHS,SC,ASO,ES,Combined TRACON& Tower with Radar,173,66,73,19,331,0,1,26,0,27,173,67,99,19,358,11,4,15,373
04/18/2023,CHS,SC,ASO,ES,Combined TRACON& Tower with Radar,155,59,98,18,330,0,3,32,1,36,155,62,130,19,366,22,0,22,388
04/19/2023,CHS,SC,ASO,ES,Combined TRACON& Tower with Radar,169,63,116,19,367,0,2,50,3,55,169,65,166,22,422,12,24,36,458
04/20/2023,CHS,SC,ASO,ES,Combined TRACON& Tower with Radar,187,93,106,15,401,0,2,39,2,43,187,95,145,17,444,0,0,0,444
04/21/2023,CHS,SC,ASO,ES,Combined TRACON& Tower with Radar,185,55,113,25,378,0,4,38,0,42,185,59,151,25,420,0,0,0,420
04/22/2023,CHS,SC,ASO,ES,Combined TRACON& Tower with Radar,148,29,52,10,239,0,2,9,5,16,148,31,61,15,255,10,2,12,267
04/23/2023,CHS,SC,ASO,ES,Combined TRACON& Tower with Radar,195,59,72,10,336,0,1,47,0,48,195,60,119,10,384,0,0,0,384
04/24/2023,CHS,SC,ASO,ES,Combined TRACON& Tower with Radar,184,41,80,13,318,0,3,28,2,33,184,44,108,15,351,24,8,32,383
04/25/2023,CHS,SC,ASO,ES,Combined TRACON& Tower with Radar,153,45,88,15,301,0,4,35,8,47,153,49,123,23,348,18,2,20,368
04/26/2023,CHS,SC,ASO,ES,Combined TRACON& Tower with Radar,172,46,95,20,333,0,3,27,3,33,172,49,122,23,366,4,2,6,372
04/27/2023,CHS,SC,ASO,ES,Combined TRACON& Tower with Radar,190,39,98,47,374,0,0,11,1,12,190,39,109,48,386,16,40,56,442
04/28/2023,CHS,SC,ASO,ES,Combined TRACON& Tower with Radar,184,57,73,18,332,0,1,13,1,15,184,58,86,19,347,0,0,0,347
04/29/2023,CHS,SC,ASO,ES,Combined TRACON& Tower with Radar,158,39,59,6,262,0,1,21,0,22,158,40,80,6,284,0,0,0,284
04/30/2023,CHS,SC,ASO,ES,Combined TRACON& Tower with Radar,194,49,61,10,314,0,1,16,0,17,194,50,77,10,331,0,0,0,331
05/01/2023,CHS,SC,ASO,ES,Combined TRACON& Tower with Radar,187,41,66,7,301,0,2,13,0,15,187,43,79,7,316,16,0,16,332
05/02/2023,CHS,SC,ASO,ES,Combined TRACON& Tower with Radar,165,47,65,20,297,0,3,21,5,29,165,50,86,25,326,0,0,0,326
05/03/2023,CHS,SC,ASO,ES,Combined TRACON& Tower with Radar,171,49,80,20,320,0,4,24,8,36,171,53,104,28,356,0,0,0,356
05/04/2023,CHS,SC,ASO,ES,Combined TRACON& Tower with Radar,192,67,99,23,381,0,2,42,5,49,192,69,141,28,430,12,2,14,444
05/05/2023,CHS,SC,ASO,ES,Combined TRACON& Tower with Radar,185,59,104,44,392,0,5,28,11,44,185,64,132,55,436,6,38,44,480
05/06/2023,CHS,SC,ASO,ES,Combined TRACON& Tower with Radar,159,32,66,12,269,0,1,27,0,28,159,33,93,12,297,2,4,6,303
05/07/2023,CHS,SC,ASO,ES,Combined TRACON& Tower with Radar,185,58,75,28,346,0,1,27,9,37,185,59,102,37,383,0,0,0,383
05/08/2023,CHS,SC,ASO,ES,Combined TRACON& Tower with Radar,178,38,73,26,315,0,1,28,1,30,178,39,101,27,345,4,0,4,349
05/09/2023,CHS,SC,ASO,ES,Combined TRACON& Tower with Radar,158,39,47,22,266,0,1,27,1,29,158,40,74,23,295,14,0,14,309
05/10/2023,CHS,SC,ASO,ES,Combined TRACON& Tower with Radar,165,42,122,27,356,0,2,24,2,28,165,44,146,29,384,36,16,52,436
05/11/2023,CHS,SC,ASO,ES,Combined TRACON& Tower with Radar,183,47,118,19,367,0,4,19,1,24,183,51,137,20,391,16,0,16,407
05/12/2023,CHS,SC,ASO,ES,Combined TRACON& Tower with Radar,189,52,104,24,369,0,2,43,1,46,189,54,147,25,415,0,0,0,415
05/13/2023,CHS,SC,ASO,ES,Combined TRACON& Tower with Radar,161,26,65,33,285,0,4,20,5,29,161,30,85,38,314,0,0,0,314
05/14/2023,CHS,SC,ASO,ES,Combined TRACON& Tower with Radar,186,37,63,13,299,0,2,20,0,22,186,39,83,13,321,6,0,6,327
05/15/2023,CHS,SC,ASO,ES,Combined TRACON& Tower with Radar,184,50,84,10,328,0,1,29,1,31,184,51,113,11,359,34,0,34,393
05/16/2023,CHS,SC,ASO,ES,Combined TRACON& Tower with Radar,159,42,80,37,318,0,7,33,1,41,159,49,113,38,359,10,22,32,391
05/17/2023,CHS,SC,ASO,ES,Combined TRACON& Tower with Radar,168,43,82,22,315,0,1,20,2,23,168,44,102,24,338,10,22,32,370
05/18/2023,CHS,SC,ASO,ES,Combined TRACON& Tower with Radar,193,65,78,36,372,0,1,0,0,1,193,66,78,36,373,0,8,8,381
05/19/2023,CHS,SC,ASO,ES,Combined TRACON& Tower with Radar,177,72,90,19,358,0,0,2,1,3,177,72,92,20,361,0,0,0,361
05/20/2023,CHS,SC,ASO,ES,Combined TRACON& Tower with Radar,163,35,70,11,279,0,2,10,0,12,163,37,80,11,291,0,0,0,291
05/21/2023,CHS,SC,ASO,ES,Combined TRACON& Tower with Radar,186,39,92,5,322,0,0,8,0,8,186,39,100,5,330,4,0,4,334
05/22/2023,CHS,SC,ASO,ES,Combined TRACON& Tower with Radar,177,45,102,11,335,0,2,34,1,37,177,47,136,12,372,8,0,8,380
05/23/2023,CHS,SC,ASO,ES,Combined TRACON& Tower with Radar,160,54,74,40,328,0,7,32,7,46,160,61,106,47,374,40,24,64,438
05/24/2023,CHS,SC,ASO,ES,Combined TRACON& Tower with Radar,176,50,109,26,361,0,6,44,2,52,176,56,153,28,413,6,16,22,435
05/25/2023,CHS,SC,ASO,ES,Combined TRACON& Tower with Radar,183,59,91,24,357,0,5,25,3,33,183,64,116,27,390,6,2,8,398
05/26/2023,CHS,SC,ASO,ES,Combined TRACON& Tower with Radar,194,51,54,13,312,0,1,2,0,3,194,52,56,13,315,0,0,0,315
05/27/2023,CHS,SC,ASO,ES,Combined TRACON& Tower with Radar,158,36,24,4,222,0,1,0,0,1,158,37,24,4,223,0,0,0,223
05/28/2023,CHS,SC,ASO,ES,Combined TRACON& Tower with Radar,181,32,44,5,262,0,2,0,0,2,181,34,44,5,264,0,0,0,264
05/29/2023,CHS,SC,ASO,ES,Combined TRACON& Tower with Radar,185,65,63,9,322,0,5,30,0,35,185,70,93,9,357,16,0,16,373
05/30/2023,CHS,SC,ASO,ES,Combined TRACON& Tower with Radar,158,58,65,33,314,0,5,33,3,41,158,63,98,36,355,2,29,31,386
05/31/2023,CHS,SC,ASO,ES,Combined TRACON& Tower with Radar,169,35,82,14,300,0,1,23,0,24,169,36,105,14,324,4,0,4,328
06/01/2023,CHS,SC,ASO,ES,Combined TRACON& Tower with Radar,185,57,81,18,341,0,3,42,5,50,185,60,123,23,391,14,14,28,419
06/02/2023,CHS,SC,ASO,ES,Combined TRACON& Tower with Radar,175,52,80,18,325,0,2,14,1,17,175,54,94,19,342,0,0,0,342
06/03/2023,CHS,SC,ASO,ES,Combined TRACON& Tower with Radar,171,26,62,6,265,0,4,25,2,31,171,30,87,8,296,0,0,0,296
06/04/2023,CHS,SC,ASO,ES,Combined TRACON& Tower with Radar,184,48,83,10,325,0,4,7,1,12,184,52,90,11,337,10,2,12,349
06/05/2023,CHS,SC,ASO,ES,Combined TRACON& Tower with Radar,176,48,69,10,303,0,8,52,3,63,176,56,121,13,366,30,18,48,414
06/06/2023,CHS,SC,ASO,ES,Combined TRACON& Tower with Radar,155,40,66,20,281,0,1,38,3,42,155,41,104,23,323,22,8,30,353
06/07/2023,CHS,SC,ASO,ES,Combined TRACON& Tower with Radar,173,55,91,22,341,0,3,41,8,52,173,58,132,30,393,10,8,18,411
06/08/2023,CHS,SC,ASO,ES,Combined TRACON& Tower with Radar,180,54,109,24,367,0,3,43,3,49,180,57,152,27,416,34,4,38,454
06/09/2023,CHS,SC,ASO,ES,Combined TRACON& Tower with Radar,178,34,97,31,340,0,7,51,2,60,178,41,148,33,400,20,8,28,428
06/10/2023,CHS,SC,ASO,ES,Combined TRACON& Tower with Radar,188,41,51,24,304,0,5,36,9,50,188,46,87,33,354,9,0,9,363
06/11/2023,CHS,SC,ASO,ES,Combined TRACON& Tower with Radar,182,31,69,16,298,0,3,19,3,25,182,34,88,19,323,0,0,0,323
06/12/2023,CHS,SC,ASO,ES,Combined TRACON& Tower with Radar,178,42,67,10,297,0,2,18,1,21,178,44,85,11,318,2,0,2,320
06/13/2023,CHS,SC,ASO,ES,Combined TRACON& Tower with Radar,162,35,71,13,281,0,3,36,0,39,162,38,107,13,320,2,6,8,328
06/14/2023,CHS,SC,ASO,ES,Combined TRACON& Tower with Radar,173,35,59,31,298,0,2,19,0,21,173,37,78,31,319,0,10,10,329
06/15/2023,CHS,SC,ASO,ES,Combined TRACON& Tower with Radar,178,70,89,24,361,0,3,8,2,13,178,73,97,26,374,4,12,16,390
06/16/2023,CHS,SC,ASO,ES,Combined TRACON& Tower with Radar,182,48,78,12,320,0,4,26,0,30,182,52,104,12,350,5,2,7,357
06/17/2023,CHS,SC,ASO,ES,Combined TRACON& Tower with Radar,181,28,61,12,282,0,2,33,6,41,181,30,94,18,323,0,0,0,323
06/18/2023,CHS,SC,ASO,ES,Combined TRACON& Tower with Radar,183,30,60,6,279,0,1,20,1,22,183,31,80,7,301,0,0,0,301
06/19/2023,CHS,SC,ASO,ES,Combined TRACON& Tower with Radar,174,48,63,9,294,0,2,26,0,28,174,50,89,9,322,14,0,14,336
06/20/2023,CHS,SC,ASO,ES,Combined TRACON& Tower with Radar,155,34,48,32,269,0,0,3,1,4,155,34,51,33,273,14,16,30,303
06/21/2023,CHS,SC,ASO,ES,Combined TRACON& Tower with Radar,176,42,66,26,310,0,1,6,3,10,176,43,72,29,320,2,16,18,338
06/22/2023,CHS,SC,ASO,ES,Combined TRACON& Tower with Radar,184,42,70,36,332,0,0,2,3,5,184,42,72,39,337,2,22,24,361
06/23/2023,CHS,SC,ASO,ES,Combined TRACON& Tower with Radar,187,55,78,26,346,0,1,9,3,13,187,56,87,29,359,0,0,0,359
06/24/2023,CHS,SC,ASO,ES,Combined TRACON& Tower with Radar,193,29,79,7,308,0,3,46,0,49,193,32,125,7,357,0,0,0,357
06/25/2023,CHS,SC,ASO,ES,Combined TRACON& Tower with Radar,170,32,88,8,298,0,4,34,1,39,170,36,122,9,337,15,0,15,352
06/26/2023,CHS,SC,ASO,ES,Combined TRACON& Tower with Radar,166,33,75,30,304,0,3,32,4,39,166,36,107,34,343,26,18,44,387
06/27/2023,CHS,SC,ASO,ES,Combined TRACON& Tower with Radar,147,31,86,19,283,0,3,51,1,55,147,34,137,20,338,6,0,6,344
06/28/2023,CHS,SC,ASO,ES,Combined TRACON& Tower with Radar,161,54,85,15,315,0,3,44,0,47,161,57,129,15,362,24,0,24,386
06/29/2023,CHS,SC,ASO,ES,Combined TRACON& Tower with Radar,192,60,127,30,409,0,5,60,2,67,192,65,187,32,476,2,0,2,478
06/30/2023,CHS,SC,ASO,ES,Combined TRACON& Tower with Radar,181,66,105,14,366,0,4,42,0,46,181,70,147,14,412,0,0,0,412
07/01/2023,CHS,SC,ASO,ES,Combined TRACON& Tower with Radar,182,53,77,9,321,0,4,32,0,36,182,57,109,9,357,0,0,0,357
07/02/2023,CHS,SC,ASO,ES,Combined TRACON& Tower with Radar,178,20,48,2,248,0,3,23,0,26,178,23,71,2,274,0,0,0,274
07/03/2023,CHS,SC,ASO,ES,Combined TRACON& Tower with Radar,156,33,46,4,239,0,2,28,0,30,156,35,74,4,269,7,0,7,276
07/04/2023,CHS,SC,ASO,ES,Combined TRACON& Tower with Radar,134,32,25,4,195,0,3,18,2,23,134,35,43,6,218,2,0,2,220
07/05/2023,CHS,SC,ASO,ES,Combined TRACON& Tower with Radar,163,33,73,14,283,0,2,13,2,17,163,35,86,16,300,0,0,0,300
07/06/2023,CHS,SC,ASO,ES,Combined TRACON& Tower with Radar,185,33,60,29,307,0,4,30,4,38,185,37,90,33,345,24,22,46,391
07/07/2023,CHS,SC,ASO,ES,Combined TRACON& Tower with Radar,170,50,80,13,313,0,2,30,1,33,170,52,110,14,346,0,0,0,346
07/08/2023,CHS,SC,ASO,ES,Combined TRACON& Tower with Radar,189,35,72,9,305,0,2,26,0,28,189,37,98,9,333,29,0,29,362
07/09/2023,CHS,SC,ASO,ES,Combined TRACON& Tower with Radar,160,32,73,8,273,0,3,31,0,34,160,35,104,8,307,8,0,8,315
07/10/2023,CHS,SC,ASO,ES,Combined TRACON& Tower with Radar,186,34,47,6,273,0,1,2,0,3,186,35,49,6,276,2,0,2,278
07/11/2023,CHS,SC,ASO,ES,Combined TRACON& Tower with Radar,163,48,69,19,299,0,4,40,2,46,163,52,109,21,345,24,4,28,373
07/12/2023,CHS,SC,ASO,ES,Combined TRACON& Tower with Radar,181,58,77,12,328,0,8,41,9,58,181,66,118,21,386,1,10,11,397
07/13/2023,CHS,SC,ASO,ES,Combined TRACON& Tower with Radar,185,48,92,21,346,0,3,35,2,40,185,51,127,23,386,11,0,11,397
07/14/2023,CHS,SC,ASO,ES,Combined TRACON& Tower with Radar,177,55,90,20,342,0,3,39,6,48,177,58,129,26,390,0,0,0,390
07/15/2023,CHS,SC,ASO,ES,Combined TRACON& Tower with Radar,189,35,70,11,305,0,2,20,1,23,189,37,90,12,328,4,20,24,352
07/16/2023,CHS,SC,ASO,ES,Combined TRACON& Tower with Radar,158,29,71,15,273,0,3,28,2,33,158,32,99,17,306,4,6,10,316
07/17/2023,CHS,SC,ASO,ES,Combined TRACON& Tower with Radar,181,40,76,10,307,0,1,19,0,20,181,41,95,10,327,0,0,0,327
07/18/2023,CHS,SC,ASO,ES,Combined TRACON& Tower with Radar,164,37,91,21,313,0,4,32,1,37,164,41,123,22,350,0,0,0,350
07/19/2023,CHS,SC,ASO,ES,Combined TRACON& Tower with Radar,187,40,80,14,321,0,3,24,3,30,187,43,104,17,351,0,0,0,351
07/20/2023,CHS,SC,ASO,ES,Combined TRACON& Tower with Radar,183,51,81,20,335,0,4,34,0,38,183,55,115,20,373,0,12,12,385
07/21/2023,CHS,SC,ASO,ES,Combined TRACON& Tower with Radar,188,52,88,25,353,0,4,27,2,33,188,56,115,27,386,0,0,0,386
07/22/2023,CHS,SC,ASO,ES,Combined TRACON& Tower with Radar,193,24,41,9,267,0,4,28,0,32,193,28,69,9,299,0,0,0,299
07/23/2023,CHS,SC,ASO,ES,Combined TRACON& Tower with Radar,184,35,61,8,288,0,0,10,4,14,184,35,71,12,302,6,1,7,309
07/24/2023,CHS,SC,ASO,ES,Combined TRACON& Tower with Radar,189,32,92,7,320,0,0,17,0,17,189,32,109,7,337,16,0,16,353
07/25/2023,CHS,SC,ASO,ES,Combined TRACON& Tower with Radar,161,31,92,27,311,0,6,28,2,36,161,37,120,29,347,8,2,10,357
07/26/2023,CHS,SC,ASO,ES,Combined TRACON& Tower with Radar,188,46,91,20,345,0,7,24,2,33,188,53,115,22,378,8,6,14,392
07/27/2023,CHS,SC,ASO,ES,Combined TRACON& Tower with Radar,180,30,78,31,319,0,7,35,7,49,180,37,113,38,368,0,28,28,396
07/28/2023,CHS,SC,ASO,ES,Combined TRACON& Tower with Radar,187,31,45,17,280,0,2,7,4,13,187,33,52,21,293,0,0,0,293
07/29/2023,CHS,SC,ASO,ES,Combined TRACON& Tower with Radar,189,22,44,17,272,0,1,3,0,4,189,23,47,17,276,8,4,12,288
07/30/2023,CHS,SC,ASO,ES,Combined TRACON& Tower with Radar,193,32,55,7,287,0,0,32,0,32,193,32,87,7,319,0,6,6,325
07/31/2023,CHS,SC,ASO,ES,Combined TRACON& Tower with Radar,190,34,58,20,302,0,2,50,1,53,190,36,108,21,355,18,2,20,375
08/01/2023,CHS,SC,ASO,ES,Combined TRACON& Tower with Radar,157,30,36,22,245,0,3,46,1,50,157,33,82,23,295,0,0,0,295
08/02/2023,CHS,SC,ASO,ES,Combined TRACON& Tower with Radar,177,31,62,33,303,0,7,68,2,77,177,38,130,35,380,20,16,36,416
08/03/2023,CHS,SC,ASO,ES,Combined TRACON& Tower with Radar,185,30,66,28,309,0,7,64,0,71,185,37,130,28,380,0,0,0,380
08/04/2023,CHS,SC,ASO,ES,Combined TRACON& Tower with Radar,178,40,57,9,284,0,5,2,0,7,178,45,59,9,291,0,0,0,291
08/05/2023,CHS,SC,ASO,ES,Combined TRACON& Tower with Radar,191,21,56,10,278,0,9,39,0,48,191,30,95,10,326,0,2,2,328
08/06/2023,CHS,SC,ASO,ES,Combined TRACON& Tower with Radar,175,35,48,6,264,0,5,40,2,47,175,40,88,8,311,18,0,18,329
08/07/2023,CHS,SC,ASO,ES,Combined TRACON& Tower with Radar,182,38,45,14,279,0,0,53,0,53,182,38,98,14,332,28,0,28,360
08/08/2023,CHS,SC,ASO,ES,Combined TRACON& Tower with Radar,167,34,64,33,298,0,7,51,4,62,167,41,115,37,360,30,20,50,410
08/09/2023,CHS,SC,ASO,ES,Combined TRACON& Tower with Radar,171,52,56,24,303,0,6,68,6,80,171,58,124,30,383,6,22,28,411
08/10/2023,CHS,SC,ASO,ES,Combined TRACON& Tower with Radar,171,41,50,38,300,0,6,45,1,52,171,47,95,39,352,11,6,17,369
08/11/2023,CHS,SC,ASO,ES,Combined TRACON& Tower with Radar,189,49,38,32,308,0,6,60,0,66,189,55,98,32,374,0,0,0,374
08/12/2023,CHS,SC,ASO,ES,Combined TRACON& Tower with Radar,187,32,57,9,285,0,1,61,0,62,187,33,118,9,347,0,0,0,347
08/13/2023,CHS,SC,ASO,ES,Combined TRACON& Tower with Radar,182,37,59,10,288,0,7,31,1,39,182,44,90,11,327,0,0,0,327
08/14/2023,CHS,SC,ASO,ES,Combined TRACON& Tower with Radar,179,24,40,18,261,0,1,53,1,55,179,25,93,19,316,17,4,21,337
08/15/2023,CHS,SC,ASO,ES,Combined TRACON& Tower with Radar,154,37,38,17,246,0,7,48,0,55,154,44,86,17,301,24,6,30,331
08/16/2023,CHS,SC,ASO,ES,Combined TRACON& Tower with Radar,167,40,62,37,306,0,4,37,4,45,167,44,99,41,351,2,38,40,391
08/17/2023,CHS,SC,ASO,ES,Combined TRACON& Tower with Radar,179,48,65,18,310,0,1,69,1,71,179,49,134,19,381,34,4,38,419
08/18/2023,CHS,SC,ASO,ES,Combined TRACON& Tower with Radar,176,52,78,28,334,0,8,55,0,63,176,60,133,28,397,0,0,0,397
08/19/2023,CHS,SC,ASO,ES,Combined TRACON& Tower with Radar,180,26,23,12,241,0,6,27,1,34,180,32,50,13,275,13,22,35,310
08/20/2023,CHS,SC,ASO,ES,Combined TRACON& Tower with Radar,170,34,63,13,280,0,5,21,0,26,170,39,84,13,306,0,0,0,306
08/21/2023,CHS,SC,ASO,ES,Combined TRACON& Tower with Radar,164,30,41,19,254,0,2,44,1,47,164,32,85,20,301,4,4,8,309
08/22/2023,CHS,SC,ASO,ES,Combined TRACON& Tower with Radar,155,28,57,29,269,0,6,38,4,48,155,34,95,33,317,4,26,30,347
08/23/2023,CHS,SC,ASO,ES,Combined TRACON& Tower with Radar,160,36,60,25,281,0,4,47,3,54,160,40,107,28,335,0,0,0,335
08/24/2023,CHS,SC,ASO,ES,Combined TRACON& Tower with Radar,163,37,63,20,283,0,2,88,0,90,163,39,151,20,373,26,6,32,405
08/25/2023,CHS,SC,ASO,ES,Combined TRACON& Tower with Radar,179,40,65,24,308,0,3,58,4,65,179,43,123,28,373,0,0,0,373
08/26/2023,CHS,SC,ASO,ES,Combined TRACON& Tower with Radar,174,31,49,14,268,0,3,45,0,48,174,34,94,14,316,28,16,44,360
08/27/2023,CHS,SC,ASO,ES,Combined TRACON& Tower with Radar,166,21,66,4,257,0,0,25,1,26,166,21,91,5,283,4,0,4,287
08/28/2023,CHS,SC,ASO,ES,Combined TRACON& Tower with Radar,172,48,45,16,281,0,2,41,0,43,172,50,86,16,324,14,8,22,346
08/29/2023,CHS,SC,ASO,ES,Combined TRACON& Tower with Radar,140,26,67,25,258,0,2,31,0,33,140,28,98,25,291,4,0,4,295
08/30/2023,CHS,SC,ASO,ES,Combined TRACON& Tower with Radar,91,20,15,3,129,0,2,1,0,3,91,22,16,3,132,0,0,0,132
08/31/2023,CHS,SC,ASO,ES,Combined TRACON& Tower with Radar,149,43,50,8,250,0,2,17,0,19,149,45,67,8,269,22,4,26,295
