01/01/2000,CIC,CA,AWP,WE,Federal Contract Tower,0,6,4,0,10,0,2,20,0,22,0,8,24,0,32,6,0,6,38
01/02/2000,CIC,CA,AWP,WE,Federal Contract Tower,0,6,6,0,12,0,2,36,0,38,0,8,42,0,50,22,0,22,72
01/03/2000,CIC,CA,AWP,WE,Federal Contract Tower,0,4,4,0,8,0,13,37,0,50,0,17,41,0,58,72,0,72,130
01/04/2000,CIC,CA,AWP,WE,Federal Contract Tower,0,6,5,1,12,0,10,9,1,20,0,16,14,2,32,0,6,6,38
01/05/2000,CIC,CA,AWP,WE,Federal Contract Tower,0,7,7,0,14,0,14,51,0,65,0,21,58,0,79,90,0,90,169
01/06/2000,CIC,CA,AWP,WE,Federal Contract Tower,0,9,7,1,17,0,11,51,4,66,0,20,58,5,83,106,6,112,195
01/07/2000,CIC,CA,AWP,WE,Federal Contract Tower,0,5,5,0,10,0,16,46,0,62,0,21,51,0,72,66,0,66,138
01/08/2000,CIC,CA,AWP,WE,Federal Contract Tower,0,14,10,0,24,0,0,29,0,29,0,14,39,0,53,40,0,40,93
01/09/2000,CIC,CA,AWP,WE,Federal Contract Tower,0,8,8,0,16,0,0,2,0,2,0,8,10,0,18,2,0,2,20
01/10/2000,CIC,CA,AWP,WE,Federal Contract Tower,0,13,9,0,22,0,4,3,0,7,0,17,12,0,29,0,0,0,29
01/11/2000,CIC,CA,AWP,WE,Federal Contract Tower,0,15,11,0,26,0,13,6,0,19,0,28,17,0,45,0,0,0,45
01/12/2000,CIC,CA,AWP,WE,Federal Contract Tower,0,11,9,0,20,0,11,39,2,52,0,22,48,2,72,120,16,136,208
01/13/2000,CIC,CA,AWP,WE,Federal Contract Tower,0,16,11,0,27,0,7,27,0,34,0,23,38,0,61,26,0,26,87
01/14/2000,CIC,CA,AWP,WE,Federal Contract Tower,0,10,6,0,16,0,16,30,0,46,0,26,36,0,62,62,0,62,124
01/15/2000,CIC,CA,AWP,WE,Federal Contract Tower,0,10,6,0,16,0,0,10,0,10,0,10,16,0,26,20,0,20,46
01/16/2000,CIC,CA,AWP,WE,Federal Contract Tower,0,6,4,0,10,0,3,11,0,14,0,9,15,0,24,6,0,6,30
01/17/2000,CIC,CA,AWP,WE,Federal Contract Tower,0,12,7,0,19,0,6,31,0,37,0,18,38,0,56,88,0,88,144
01/18/2000,CIC,CA,AWP,WE,Federal Contract Tower,0,21,13,0,34,0,5,11,0,16,0,26,24,0,50,5,0,5,55
01/19/2000,CIC,CA,AWP,WE,Federal Contract Tower,0,18,12,0,30,0,0,18,2,20,0,18,30,2,50,14,0,14,64
01/20/2000,CIC,CA,AWP,WE,Federal Contract Tower,0,15,9,0,24,0,8,46,0,54,0,23,55,0,78,79,0,79,157
01/21/2000,CIC,CA,AWP,WE,Federal Contract Tower,0,21,17,0,38,0,0,45,0,45,0,21,62,0,83,41,0,41,124
01/22/2000,CIC,CA,AWP,WE,Federal Contract Tower,0,6,6,0,12,0,0,19,0,19,0,6,25,0,31,0,0,0,31
01/23/2000,CIC,CA,AWP,WE,Federal Contract Tower,0,9,5,0,14,0,0,0,0,0,0,9,5,0,14,0,0,0,14
01/24/2000,CIC,CA,AWP,WE,Federal Contract Tower,0,16,11,0,27,0,0,6,0,6,0,16,17,0,33,0,0,0,33
01/25/2000,CIC,CA,AWP,WE,Federal Contract Tower,0,18,11,0,29,0,5,8,0,13,0,23,19,0,42,0,0,0,42
01/26/2000,CIC,CA,AWP,WE,Federal Contract Tower,0,14,8,0,22,0,11,77,2,90,0,25,85,2,112,37,20,57,169
01/27/2000,CIC,CA,AWP,WE,Federal Contract Tower,0,8,4,0,12,0,12,59,0,71,0,20,63,0,83,68,0,68,151
01/28/2000,CIC,CA,AWP,WE,Federal Contract Tower,0,8,4,0,12,0,16,91,0,107,0,24,95,0,119,36,0,36,155
01/29/2000,CIC,CA,AWP,WE,Federal Contract Tower,0,8,5,0,13,0,3,70,0,73,0,11,75,0,86,62,0,62,148
01/30/2000,CIC,CA,AWP,WE,Federal Contract Tower,0,5,3,0,8,0,3,3,0,6,0,8,6,0,14,6,0,6,20
01/31/2000,CIC,CA,AWP,WE,Federal Contract Tower,0,18,14,0,32,0,0,9,0,9,0,18,23,0,41,4,0,4,45
02/01/2000,CIC,CA,AWP,WE,Federal Contract Tower,0,11,9,0,20,0,6,28,0,34,0,17,37,0,54,57,0,57,111
02/02/2000,CIC,CA,AWP,WE,Federal Contract Tower,0,5,4,1,10,0,18,65,1,84,0,23,69,2,94,12,0,12,106
02/03/2000,CIC,CA,AWP,WE,Federal Contract Tower,0,13,10,0,23,0,7,38,0,45,0,20,48,0,68,8,0,8,76
02/04/2000,CIC,CA,AWP,WE,Federal Contract Tower,0,11,8,0,19,0,9,30,0,39,0,20,38,0,58,64,0,64,122
02/05/2000,CIC,CA,AWP,WE,Federal Contract Tower,0,7,6,1,14,0,2,12,1,15,0,9,18,2,29,14,0,14,43
02/06/2000,CIC,CA,AWP,WE,Federal Contract Tower,0,7,5,0,12,0,1,74,0,75,0,8,79,0,87,42,0,42,129
02/07/2000,CIC,CA,AWP,WE,Federal Contract Tower,0,7,5,0,12,0,12,51,0,63,0,19,56,0,75,36,0,36,111
02/08/2000,CIC,CA,AWP,WE,Federal Contract Tower,0,6,4,0,10,0,18,40,0,58,0,24,44,0,68,12,0,12,80
02/09/2000,CIC,CA,AWP,WE,Federal Contract Tower,0,11,9,1,21,0,8,26,1,35,0,19,35,2,56,32,12,44,100
02/10/2000,CIC,CA,AWP,WE,Federal Contract Tower,0,11,9,0,20,0,17,10,0,27,0,28,19,0,47,8,0,8,55
02/11/2000,CIC,CA,AWP,WE,Federal Contract Tower,0,19,14,0,33,0,0,7,0,7,0,19,21,0,40,0,0,0,40
02/12/2000,CIC,CA,AWP,WE,Federal Contract Tower,0,7,5,0,12,0,0,4,0,4,0,7,9,0,16,0,0,0,16
02/13/2000,CIC,CA,AWP,WE,Federal Contract Tower,0,4,1,0,5,0,2,0,0,2,0,6,1,0,7,0,0,0,7
02/14/2000,CIC,CA,AWP,WE,Federal Contract Tower,0,7,4,0,11,0,11,11,0,22,0,18,15,0,33,0,0,0,33
02/15/2000,CIC,CA,AWP,WE,Federal Contract Tower,0,10,7,0,17,0,11,60,0,71,0,21,67,0,88,70,0,70,158
02/16/2000,CIC,CA,AWP,WE,Federal Contract Tower,0,16,12,0,28,0,7,16,0,23,0,23,28,0,51,20,0,20,71
02/17/2000,CIC,CA,AWP,WE,Federal Contract Tower,0,15,10,0,25,0,8,75,0,83,0,23,85,0,108,38,0,38,146
02/18/2000,CIC,CA,AWP,WE,Federal Contract Tower,0,8,5,0,13,0,12,98,0,110,0,20,103,0,123,34,0,34,157
02/19/2000,CIC,CA,AWP,WE,Federal Contract Tower,0,11,7,0,18,0,0,102,2,104,0,11,109,2,122,16,0,16,138
02/20/2000,CIC,CA,AWP,WE,Federal Contract Tower,0,7,5,0,12,0,0,9,0,9,0,7,14,0,21,2,0,2,23
02/21/2000,CIC,CA,AWP,WE,Federal Contract Tower,0,8,5,0,13,0,19,68,0,87,0,27,73,0,100,22,0,22,122
02/22/2000,CIC,CA,AWP,WE,Federal Contract Tower,0,19,17,0,36,0,0,7,10,17,0,19,24,10,53,0,0,0,53
02/23/2000,CIC,CA,AWP,WE,Federal Contract Tower,0,15,10,0,25,0,5,46,0,51,0,20,56,0,76,22,2,24,100
02/24/2000,CIC,CA,AWP,WE,Federal Contract Tower,0,11,8,0,19,0,8,28,6,42,0,19,36,6,61,22,0,22,83
02/25/2000,CIC,CA,AWP,WE,Federal Contract Tower,0,13,9,0,22,0,8,39,0,47,0,21,48,0,69,14,0,14,83
02/26/2000,CIC,CA,AWP,WE,Federal Contract Tower,0,7,6,0,13,0,0,2,0,2,0,7,8,0,15,0,0,0,15
02/27/2000,CIC,CA,AWP,WE,Federal Contract Tower,0,7,5,0,12,0,1,6,0,7,0,8,11,0,19,16,0,16,35
02/28/2000,CIC,CA,AWP,WE,Federal Contract Tower,0,11,8,0,19,0,8,31,0,39,0,19,39,0,58,38,0,38,96
02/29/2000,CIC,CA,AWP,WE,Federal Contract Tower,0,13,9,0,22,0,5,31,0,36,0,18,40,0,58,6,0,6,64
03/01/2000,CIC,CA,AWP,WE,Federal Contract Tower,0,9,7,0,16,0,11,97,0,108,0,20,104,0,124,24,0,24,148
03/02/2000,CIC,CA,AWP,WE,Federal Contract Tower,0,8,8,0,16,0,10,41,0,51,0,18,49,0,67,8,0,8,75
03/03/2000,CIC,CA,AWP,WE,Federal Contract Tower,0,8,7,0,15,0,11,72,0,83,0,19,79,0,98,6,0,6,104
03/04/2000,CIC,CA,AWP,WE,Federal Contract Tower,0,8,7,0,15,0,3,85,0,88,0,11,92,0,103,14,0,14,117
03/05/2000,CIC,CA,AWP,WE,Federal Contract Tower,0,4,4,0,8,0,0,4,0,4,0,4,8,0,12,0,0,0,12
03/06/2000,CIC,CA,AWP,WE,Federal Contract Tower,0,17,13,1,31,0,2,16,3,21,0,19,29,4,52,0,0,0,52
03/07/2000,CIC,CA,AWP,WE,Federal Contract Tower,0,10,7,0,17,0,13,21,0,34,0,23,28,0,51,6,0,6,57
03/08/2000,CIC,CA,AWP,WE,Federal Contract Tower,0,16,10,0,26,0,11,30,0,41,0,27,40,0,67,14,0,14,81
03/09/2000,CIC,CA,AWP,WE,Federal Contract Tower,0,14,9,0,23,0,12,35,0,47,0,26,44,0,70,36,0,36,106
03/10/2000,CIC,CA,AWP,WE,Federal Contract Tower,0,14,8,0,22,0,10,74,0,84,0,24,82,0,106,18,0,18,124
03/11/2000,CIC,CA,AWP,WE,Federal Contract Tower,0,11,7,0,18,0,0,28,0,28,0,11,35,0,46,14,0,14,60
03/12/2000,CIC,CA,AWP,WE,Federal Contract Tower,0,8,4,0,12,0,4,115,0,119,0,12,119,0,131,42,0,42,173
03/13/2000,CIC,CA,AWP,WE,Federal Contract Tower,0,7,3,0,10,0,15,83,0,98,0,22,86,0,108,24,0,24,132
03/14/2000,CIC,CA,AWP,WE,Federal Contract Tower,0,8,4,0,12,0,14,44,0,58,0,22,48,0,70,74,0,74,144
03/15/2000,CIC,CA,AWP,WE,Federal Contract Tower,0,9,5,0,14,0,13,89,0,102,0,22,94,0,116,82,0,82,198
03/16/2000,CIC,CA,AWP,WE,Federal Contract Tower,0,9,5,0,14,0,13,84,0,97,0,22,89,0,111,18,0,18,129
03/17/2000,CIC,CA,AWP,WE,Federal Contract Tower,0,7,4,0,11,0,20,75,0,95,0,27,79,0,106,20,0,20,126
03/18/2000,CIC,CA,AWP,WE,Federal Contract Tower,0,10,6,0,16,0,1,83,0,84,0,11,89,0,100,22,0,22,122
03/19/2000,CIC,CA,AWP,WE,Federal Contract Tower,0,7,4,0,11,0,1,36,0,37,0,8,40,0,48,6,0,6,54
03/20/2000,CIC,CA,AWP,WE,Federal Contract Tower,0,8,4,0,12,0,13,38,0,51,0,21,42,0,63,12,0,12,75
03/21/2000,CIC,CA,AWP,WE,Federal Contract Tower,0,6,3,0,9,0,12,40,0,52,0,18,43,0,61,8,0,8,69
03/22/2000,CIC,CA,AWP,WE,Federal Contract Tower,0,10,6,0,16,0,9,101,0,110,0,19,107,0,126,62,0,62,188
03/23/2000,CIC,CA,AWP,WE,Federal Contract Tower,0,0,0,0,0,0,7,42,0,49,0,7,42,0,49,4,0,4,53
03/24/2000,CIC,CA,AWP,WE,Federal Contract Tower,0,7,4,0,11,0,19,98,0,117,0,26,102,0,128,48,0,48,176
03/25/2000,CIC,CA,AWP,WE,Federal Contract Tower,0,6,3,0,9,0,4,60,0,64,0,10,63,0,73,40,0,40,113
03/26/2000,CIC,CA,AWP,WE,Federal Contract Tower,0,7,4,0,11,0,1,86,0,87,0,8,90,0,98,50,0,50,148
03/27/2000,CIC,CA,AWP,WE,Federal Contract Tower,0,12,7,0,19,0,6,43,8,57,0,18,50,8,76,14,0,14,90
03/28/2000,CIC,CA,AWP,WE,Federal Contract Tower,0,8,5,0,13,0,11,56,0,67,0,19,61,0,80,52,0,52,132
03/29/2000,CIC,CA,AWP,WE,Federal Contract Tower,0,10,5,0,15,0,13,82,0,95,0,23,87,0,110,30,0,30,140
03/30/2000,CIC,CA,AWP,WE,Federal Contract Tower,0,7,3,0,10,0,13,57,0,70,0,20,60,0,80,22,0,22,102
03/31/2000,CIC,CA,AWP,WE,Federal Contract Tower,0,7,3,0,10,0,18,82,0,100,0,25,85,0,110,42,0,42,152
04/01/2000,CIC,CA,AWP,WE,Federal Contract Tower,0,6,5,0,11,0,4,69,0,73,0,10,74,0,84,66,0,66,150
04/02/2000,CIC,CA,AWP,WE,Federal Contract Tower,0,3,4,0,7,0,5,102,0,107,0,8,106,0,114,34,0,34,148
04/03/2000,CIC,CA,AWP,WE,Federal Contract Tower,0,4,4,0,8,0,20,67,0,87,0,24,71,0,95,22,0,22,117
04/04/2000,CIC,CA,AWP,WE,Federal Contract Tower,0,9,9,0,18,0,14,104,0,118,0,23,113,0,136,38,0,38,174
04/05/2000,CIC,CA,AWP,WE,Federal Contract Tower,0,5,5,0,10,0,18,49,0,67,0,23,54,0,77,4,0,4,81
04/06/2000,CIC,CA,AWP,WE,Federal Contract Tower,0,5,5,0,10,0,11,76,0,87,0,16,81,0,97,10,0,10,107
04/07/2000,CIC,CA,AWP,WE,Federal Contract Tower,0,8,7,1,16,0,16,70,0,86,0,24,77,1,102,34,0,34,136
04/08/2000,CIC,CA,AWP,WE,Federal Contract Tower,0,7,5,0,12,0,1,76,0,77,0,8,81,0,89,60,0,60,149
04/09/2000,CIC,CA,AWP,WE,Federal Contract Tower,0,5,4,0,9,0,4,66,0,70,0,9,70,0,79,68,0,68,147
04/10/2000,CIC,CA,AWP,WE,Federal Contract Tower,0,9,7,1,17,0,12,68,1,81,0,21,75,2,98,54,0,54,152
04/11/2000,CIC,CA,AWP,WE,Federal Contract Tower,0,13,10,1,24,0,7,82,8,97,0,20,92,9,121,68,12,80,201
04/12/2000,CIC,CA,AWP,WE,Federal Contract Tower,0,9,7,0,16,0,10,64,4,78,0,19,71,4,94,72,12,84,178
04/13/2000,CIC,CA,AWP,WE,Federal Contract Tower,0,10,7,0,17,0,7,46,0,53,0,17,53,0,70,26,0,26,96
04/14/2000,CIC,CA,AWP,WE,Federal Contract Tower,0,13,9,0,22,0,9,84,0,93,0,22,93,0,115,54,0,54,169
04/15/2000,CIC,CA,AWP,WE,Federal Contract Tower,0,10,6,0,16,0,1,35,0,36,0,11,41,0,52,36,0,36,88
04/16/2000,CIC,CA,AWP,WE,Federal Contract Tower,0,4,4,0,8,0,0,12,0,12,0,4,16,0,20,0,0,0,20
04/17/2000,CIC,CA,AWP,WE,Federal Contract Tower,0,13,10,0,23,0,9,7,0,16,0,22,17,0,39,2,0,2,41
04/18/2000,CIC,CA,AWP,WE,Federal Contract Tower,0,11,8,0,19,0,14,59,0,73,0,25,67,0,92,80,0,80,172
04/19/2000,CIC,CA,AWP,WE,Federal Contract Tower,0,9,6,0,15,0,11,82,0,93,0,20,88,0,108,44,0,44,152
04/20/2000,CIC,CA,AWP,WE,Federal Contract Tower,0,9,6,0,15,0,21,71,2,94,0,30,77,2,109,118,0,118,227
04/21/2000,CIC,CA,AWP,WE,Federal Contract Tower,0,7,4,0,11,0,17,111,0,128,0,24,115,0,139,122,0,122,261
04/22/2000,CIC,CA,AWP,WE,Federal Contract Tower,0,10,6,0,16,0,1,55,0,56,0,11,61,0,72,20,0,20,92
04/23/2000,CIC,CA,AWP,WE,Federal Contract Tower,0,8,5,0,13,0,0,53,0,53,0,8,58,0,66,0,0,0,66
04/24/2000,CIC,CA,AWP,WE,Federal Contract Tower,0,11,8,0,19,0,12,85,0,97,0,23,93,0,116,48,0,48,164
04/25/2000,CIC,CA,AWP,WE,Federal Contract Tower,0,0,0,0,0,0,23,74,6,103,0,23,74,6,103,78,16,94,197
04/26/2000,CIC,CA,AWP,WE,Federal Contract Tower,0,9,6,0,15,0,11,94,0,105,0,20,100,0,120,40,0,40,160
04/27/2000,CIC,CA,AWP,WE,Federal Contract Tower,0,6,4,0,10,0,12,44,2,58,0,18,48,2,68,12,0,12,80
04/28/2000,CIC,CA,AWP,WE,Federal Contract Tower,0,7,4,0,11,0,13,74,0,87,0,20,78,0,98,26,0,26,124
04/29/2000,CIC,CA,AWP,WE,Federal Contract Tower,0,7,4,0,11,0,6,85,0,91,0,13,89,0,102,8,0,8,110
04/30/2000,CIC,CA,AWP,WE,Federal Contract Tower,0,7,4,0,11,0,1,81,0,82,0,8,85,0,93,4,0,4,97
05/01/2000,CIC,CA,AWP,WE,Federal Contract Tower,0,6,6,0,12,0,12,71,0,83,0,18,77,0,95,32,0,32,127
05/02/2000,CIC,CA,AWP,WE,Federal Contract Tower,0,5,6,0,11,0,16,74,0,90,0,21,80,0,101,16,0,16,117
05/03/2000,CIC,CA,AWP,WE,Federal Contract Tower,0,6,8,0,14,0,11,72,0,83,0,17,80,0,97,48,0,48,145
05/04/2000,CIC,CA,AWP,WE,Federal Contract Tower,0,5,6,0,11,0,11,69,0,80,0,16,75,0,91,64,0,64,155
05/05/2000,CIC,CA,AWP,WE,Federal Contract Tower,0,9,9,0,18,0,11,62,0,73,0,20,71,0,91,30,24,54,145
05/06/2000,CIC,CA,AWP,WE,Federal Contract Tower,0,0,0,0,0,0,16,88,0,104,0,16,88,0,104,104,0,104,208
05/07/2000,CIC,CA,AWP,WE,Federal Contract Tower,0,5,7,0,12,0,0,18,0,18,0,5,25,0,30,6,0,6,36
05/08/2000,CIC,CA,AWP,WE,Federal Contract Tower,0,11,10,0,21,0,7,54,0,61,0,18,64,0,82,14,0,14,96
05/09/2000,CIC,CA,AWP,WE,Federal Contract Tower,0,9,7,1,17,0,9,41,8,58,0,18,48,9,75,6,0,6,81
05/10/2000,CIC,CA,AWP,WE,Federal Contract Tower,0,9,7,0,16,0,10,69,0,79,0,19,76,0,95,44,0,44,139
05/11/2000,CIC,CA,AWP,WE,Federal Contract Tower,0,6,3,0,9,0,15,115,0,130,0,21,118,0,139,64,0,64,203
05/12/2000,CIC,CA,AWP,WE,Federal Contract Tower,0,9,7,0,16,0,16,91,0,107,0,25,98,0,123,90,2,92,215
05/13/2000,CIC,CA,AWP,WE,Federal Contract Tower,0,7,5,0,12,0,4,60,0,64,0,11,65,0,76,74,0,74,150
05/14/2000,CIC,CA,AWP,WE,Federal Contract Tower,0,5,4,0,9,0,0,27,0,27,0,5,31,0,36,8,0,8,44
05/15/2000,CIC,CA,AWP,WE,Federal Contract Tower,0,18,14,1,33,0,4,36,9,49,0,22,50,10,82,22,0,22,104
05/16/2000,CIC,CA,AWP,WE,Federal Contract Tower,0,10,8,0,18,0,7,42,0,49,0,17,50,0,67,22,0,22,89
05/17/2000,CIC,CA,AWP,WE,Federal Contract Tower,0,6,5,0,11,0,15,78,0,93,0,21,83,0,104,30,0,30,134
05/18/2000,CIC,CA,AWP,WE,Federal Contract Tower,0,8,7,0,15,0,12,87,2,101,0,20,94,2,116,20,0,20,136
05/19/2000,CIC,CA,AWP,WE,Federal Contract Tower,0,6,4,0,10,0,22,109,0,131,0,28,113,0,141,24,0,24,165
05/20/2000,CIC,CA,AWP,WE,Federal Contract Tower,0,7,6,0,13,0,6,83,0,89,0,13,89,0,102,26,0,26,128
05/21/2000,CIC,CA,AWP,WE,Federal Contract Tower,0,8,9,0,17,0,0,91,0,91,0,8,100,0,108,50,0,50,158
05/22/2000,CIC,CA,AWP,WE,Federal Contract Tower,0,9,7,0,16,0,11,67,0,78,0,20,74,0,94,48,0,48,142
05/23/2000,CIC,CA,AWP,WE,Federal Contract Tower,0,6,5,0,11,0,19,51,0,70,0,25,56,0,81,8,0,8,89
05/24/2000,CIC,CA,AWP,WE,Federal Contract Tower,0,0,0,0,0,0,24,90,0,114,0,24,90,0,114,44,0,44,158
05/25/2000,CIC,CA,AWP,WE,Federal Contract Tower,0,8,7,0,15,0,13,102,2,117,0,21,109,2,132,40,6,46,178
05/26/2000,CIC,CA,AWP,WE,Federal Contract Tower,0,8,6,0,14,0,13,85,4,102,0,21,91,4,116,10,0,10,126
05/27/2000,CIC,CA,AWP,WE,Federal Contract Tower,0,4,2,0,6,0,5,89,0,94,0,9,91,0,100,50,0,50,150
05/28/2000,CIC,CA,AWP,WE,Federal Contract Tower,0,6,5,0,11,0,2,54,0,56,0,8,59,0,67,12,0,12,79
05/29/2000,CIC,CA,AWP,WE,Federal Contract Tower,0,5,3,0,8,0,3,95,0,98,0,8,98,0,106,80,0,80,186
05/30/2000,CIC,CA,AWP,WE,Federal Contract Tower,0,9,8,0,17,0,12,75,6,93,0,21,83,6,110,34,2,36,146
05/31/2000,CIC,CA,AWP,WE,Federal Contract Tower,0,8,6,0,14,0,17,60,0,77,0,25,66,0,91,0,0,0,91
06/01/2000,CIC,CA,AWP,WE,Federal Contract Tower,0,7,6,1,14,0,15,68,3,86,0,22,74,4,100,36,6,42,142
06/02/2000,CIC,CA,AWP,WE,Federal Contract Tower,0,7,8,0,15,0,18,75,0,93,0,25,83,0,108,54,0,54,162
06/03/2000,CIC,CA,AWP,WE,Federal Contract Tower,0,5,5,0,10,0,7,103,0,110,0,12,108,0,120,20,0,20,140
06/04/2000,CIC,CA,AWP,WE,Federal Contract Tower,0,7,7,0,14,0,1,79,0,80,0,8,86,0,94,16,0,16,110
06/05/2000,CIC,CA,AWP,WE,Federal Contract Tower,0,5,6,1,12,0,15,61,5,81,0,20,67,6,93,24,0,24,117
06/06/2000,CIC,CA,AWP,WE,Federal Contract Tower,0,8,9,0,17,0,16,89,0,105,0,24,98,0,122,8,0,8,130
06/07/2000,CIC,CA,AWP,WE,Federal Contract Tower,0,6,6,0,12,0,14,67,0,81,0,20,73,0,93,20,0,20,113
06/08/2000,CIC,CA,AWP,WE,Federal Contract Tower,0,17,13,0,30,0,1,38,0,39,0,18,51,0,69,28,0,28,97
06/09/2000,CIC,CA,AWP,WE,Federal Contract Tower,0,13,9,0,22,0,6,64,0,70,0,19,73,0,92,28,0,28,120
06/10/2000,CIC,CA,AWP,WE,Federal Contract Tower,0,8,4,0,12,0,1,60,0,61,0,9,64,0,73,16,0,16,89
06/11/2000,CIC,CA,AWP,WE,Federal Contract Tower,0,5,3,0,8,0,3,75,0,78,0,8,78,0,86,16,0,16,102
06/12/2000,CIC,CA,AWP,WE,Federal Contract Tower,0,10,8,0,18,0,11,70,2,83,0,21,78,2,101,48,2,50,151
06/13/2000,CIC,CA,AWP,WE,Federal Contract Tower,0,6,4,0,10,0,19,61,0,80,0,25,65,0,90,22,0,22,112
06/14/2000,CIC,CA,AWP,WE,Federal Contract Tower,0,0,0,0,0,0,24,77,0,101,0,24,77,0,101,44,0,44,145
06/15/2000,CIC,CA,AWP,WE,Federal Contract Tower,0,11,9,0,20,0,10,63,6,79,0,21,72,6,99,12,32,44,143
06/16/2000,CIC,CA,AWP,WE,Federal Contract Tower,0,7,4,0,11,0,15,79,0,94,0,22,83,0,105,18,0,18,123
06/17/2000,CIC,CA,AWP,WE,Federal Contract Tower,0,5,4,0,9,0,6,77,0,83,0,11,81,0,92,48,0,48,140
06/18/2000,CIC,CA,AWP,WE,Federal Contract Tower,0,8,6,0,14,0,0,74,0,74,0,8,80,0,88,38,0,38,126
06/19/2000,CIC,CA,AWP,WE,Federal Contract Tower,0,9,6,0,15,0,16,83,0,99,0,25,89,0,114,50,0,50,164
06/20/2000,CIC,CA,AWP,WE,Federal Contract Tower,0,7,5,0,12,0,14,85,2,101,0,21,90,2,113,20,0,20,133
06/21/2000,CIC,CA,AWP,WE,Federal Contract Tower,0,8,6,0,14,0,15,82,2,99,0,23,88,2,113,18,4,22,135
06/22/2000,CIC,CA,AWP,WE,Federal Contract Tower,0,6,4,0,10,0,14,81,0,95,0,20,85,0,105,36,0,36,141
06/23/2000,CIC,CA,AWP,WE,Federal Contract Tower,0,8,5,0,13,0,16,108,0,124,0,24,113,0,137,52,0,52,189
06/24/2000,CIC,CA,AWP,WE,Federal Contract Tower,0,6,4,0,10,0,5,71,0,76,0,11,75,0,86,42,0,42,128
06/25/2000,CIC,CA,AWP,WE,Federal Contract Tower,0,9,6,0,15,0,2,79,0,81,0,11,85,0,96,48,0,48,144
06/26/2000,CIC,CA,AWP,WE,Federal Contract Tower,0,9,6,0,15,0,13,71,0,84,0,22,77,0,99,22,0,22,121
06/27/2000,CIC,CA,AWP,WE,Federal Contract Tower,0,10,7,0,17,0,9,69,10,88,0,19,76,10,105,34,0,34,139
06/28/2000,CIC,CA,AWP,WE,Federal Contract Tower,0,10,8,0,18,0,9,82,0,91,0,19,90,0,109,60,0,60,169
06/29/2000,CIC,CA,AWP,WE,Federal Contract Tower,0,10,8,0,18,0,10,89,2,101,0,20,97,2,119,18,10,28,147
06/30/2000,CIC,CA,AWP,WE,Federal Contract Tower,0,0,0,0,0,0,22,100,0,122,0,22,100,0,122,144,0,144,266
07/01/2000,CIC,CA,AWP,WE,Federal Contract Tower,0,4,2,0,6,0,4,83,0,87,0,8,85,0,93,24,0,24,117
07/02/2000,CIC,CA,AWP,WE,Federal Contract Tower,0,4,4,0,8,0,2,81,0,83,0,6,85,0,91,4,0,4,95
07/03/2000,CIC,CA,AWP,WE,Federal Contract Tower,0,6,4,0,10,0,13,70,0,83,0,19,74,0,93,66,0,66,159
07/04/2000,CIC,CA,AWP,WE,Federal Contract Tower,0,6,5,0,11,0,2,61,0,63,0,8,66,0,74,26,0,26,100
07/05/2000,CIC,CA,AWP,WE,Federal Contract Tower,0,0,0,0,0,0,21,71,0,92,0,21,71,0,92,46,0,46,138
07/06/2000,CIC,CA,AWP,WE,Federal Contract Tower,0,8,6,0,14,0,13,63,0,76,0,21,69,0,90,32,0,32,122
07/07/2000,CIC,CA,AWP,WE,Federal Contract Tower,0,9,6,1,16,0,12,66,9,87,0,21,72,10,103,20,0,20,123
07/08/2000,CIC,CA,AWP,WE,Federal Contract Tower,0,4,4,0,8,2,3,97,0,102,2,7,101,0,110,20,0,20,130
07/09/2000,CIC,CA,AWP,WE,Federal Contract Tower,0,5,3,0,8,0,1,70,0,71,0,6,73,0,79,6,0,6,85
07/10/2000,CIC,CA,AWP,WE,Federal Contract Tower,0,8,5,0,13,0,12,67,0,79,0,20,72,0,92,40,0,40,132
07/11/2000,CIC,CA,AWP,WE,Federal Contract Tower,0,9,5,0,14,0,12,66,0,78,0,21,71,0,92,44,0,44,136
07/12/2000,CIC,CA,AWP,WE,Federal Contract Tower,0,7,4,0,11,0,15,71,0,86,0,22,75,0,97,38,0,38,135
07/13/2000,CIC,CA,AWP,WE,Federal Contract Tower,0,12,5,0,17,0,10,81,0,91,0,22,86,0,108,40,0,40,148
07/14/2000,CIC,CA,AWP,WE,Federal Contract Tower,0,11,4,0,15,0,14,102,0,116,0,25,106,0,131,26,0,26,157
07/15/2000,CIC,CA,AWP,WE,Federal Contract Tower,0,6,2,0,8,0,4,87,0,91,0,10,89,0,99,62,0,62,161
07/16/2000,CIC,CA,AWP,WE,Federal Contract Tower,0,6,3,0,9,0,0,73,0,73,0,6,76,0,82,32,0,32,114
07/17/2000,CIC,CA,AWP,WE,Federal Contract Tower,0,11,6,0,17,0,10,88,2,100,0,21,94,2,117,24,0,24,141
07/18/2000,CIC,CA,AWP,WE,Federal Contract Tower,0,8,3,0,11,0,9,82,6,97,0,17,85,6,108,20,2,22,130
07/19/2000,CIC,CA,AWP,WE,Federal Contract Tower,0,7,3,0,10,0,13,84,0,97,0,20,87,0,107,70,0,70,177
07/20/2000,CIC,CA,AWP,WE,Federal Contract Tower,0,10,5,0,15,0,8,79,0,87,0,18,84,0,102,22,0,22,124
07/21/2000,CIC,CA,AWP,WE,Federal Contract Tower,0,9,4,0,13,0,10,62,0,72,0,19,66,0,85,30,0,30,115
07/22/2000,CIC,CA,AWP,WE,Federal Contract Tower,0,0,0,0,0,0,7,89,0,96,0,7,89,0,96,12,0,12,108
07/23/2000,CIC,CA,AWP,WE,Federal Contract Tower,0,8,3,0,11,0,0,71,0,71,0,8,74,0,82,28,0,28,110
07/24/2000,CIC,CA,AWP,WE,Federal Contract Tower,0,13,7,0,20,0,7,91,11,109,0,20,98,11,129,28,8,36,165
07/25/2000,CIC,CA,AWP,WE,Federal Contract Tower,0,9,4,0,13,0,13,108,0,121,0,22,112,0,134,34,0,34,168
07/26/2000,CIC,CA,AWP,WE,Federal Contract Tower,0,11,6,0,17,0,10,93,0,103,0,21,99,0,120,18,0,18,138
07/27/2000,CIC,CA,AWP,WE,Federal Contract Tower,0,6,2,0,8,0,12,78,0,90,0,18,80,0,98,14,0,14,112
07/28/2000,CIC,CA,AWP,WE,Federal Contract Tower,0,8,3,0,11,0,16,65,2,83,0,24,68,2,94,34,0,34,128
07/29/2000,CIC,CA,AWP,WE,Federal Contract Tower,0,8,4,0,12,0,3,86,0,89,0,11,90,0,101,42,0,42,143
07/30/2000,CIC,CA,AWP,WE,Federal Contract Tower,0,8,3,0,11,0,0,64,0,64,0,8,67,0,75,4,0,4,79
07/31/2000,CIC,CA,AWP,WE,Federal Contract Tower,0,9,4,0,13,0,15,87,0,102,0,24,91,0,115,16,0,16,131
08/01/2000,CIC,CA,AWP,WE,Federal Contract Tower,0,9,5,2,16,0,16,78,2,96,0,25,83,4,112,20,0,20,132
08/02/2000,CIC,CA,AWP,WE,Federal Contract Tower,0,7,4,2,13,0,17,79,2,98,0,24,83,4,111,30,0,30,141
08/03/2000,CIC,CA,AWP,WE,Federal Contract Tower,0,7,4,2,13,0,12,83,2,97,0,19,87,4,110,18,18,36,146
08/04/2000,CIC,CA,AWP,WE,Federal Contract Tower,0,6,4,0,10,0,22,70,0,92,0,28,74,0,102,10,0,10,112
08/05/2000,CIC,CA,AWP,WE,Federal Contract Tower,0,0,0,0,0,0,11,81,0,92,0,11,81,0,92,12,0,12,104
08/06/2000,CIC,CA,AWP,WE,Federal Contract Tower,0,0,0,0,0,0,7,83,0,90,0,7,83,0,90,44,0,44,134
08/07/2000,CIC,CA,AWP,WE,Federal Contract Tower,0,7,3,3,13,0,19,84,1,104,0,26,87,4,117,38,0,38,155
08/08/2000,CIC,CA,AWP,WE,Federal Contract Tower,0,14,7,3,24,0,11,99,3,113,0,25,106,6,137,24,0,24,161
08/09/2000,CIC,CA,AWP,WE,Federal Contract Tower,0,8,3,0,11,0,17,90,0,107,0,25,93,0,118,26,2,28,146
08/10/2000,CIC,CA,AWP,WE,Federal Contract Tower,0,8,4,2,14,0,15,60,2,77,0,23,64,4,91,0,2,2,93
08/11/2000,CIC,CA,AWP,WE,Federal Contract Tower,0,7,3,1,11,0,17,96,0,113,0,24,99,1,124,14,2,16,140
08/12/2000,CIC,CA,AWP,WE,Federal Contract Tower,0,7,3,0,10,0,5,95,0,100,0,12,98,0,110,6,0,6,116
08/13/2000,CIC,CA,AWP,WE,Federal Contract Tower,0,5,2,0,7,0,3,73,0,76,0,8,75,0,83,2,0,2,85
08/14/2000,CIC,CA,AWP,WE,Federal Contract Tower,0,12,4,3,19,0,10,80,13,103,0,22,84,16,122,18,26,44,166
08/15/2000,CIC,CA,AWP,WE,Federal Contract Tower,0,10,3,2,15,0,17,62,10,89,0,27,65,12,104,24,20,44,148
08/16/2000,CIC,CA,AWP,WE,Federal Contract Tower,0,9,3,2,14,0,18,95,0,113,0,27,98,2,127,24,0,24,151
08/17/2000,CIC,CA,AWP,WE,Federal Contract Tower,0,9,3,2,14,0,14,166,0,180,0,23,169,2,194,44,0,44,238
08/18/2000,CIC,CA,AWP,WE,Federal Contract Tower,0,14,5,2,21,0,18,132,2,152,0,32,137,4,173,14,8,22,195
08/19/2000,CIC,CA,AWP,WE,Federal Contract Tower,0,7,2,0,9,0,4,120,0,124,0,11,122,0,133,16,0,16,149
08/20/2000,CIC,CA,AWP,WE,Federal Contract Tower,0,5,3,0,8,0,3,126,0,129,0,8,129,0,137,50,0,50,187
08/21/2000,CIC,CA,AWP,WE,Federal Contract Tower,0,16,7,2,25,0,4,61,0,65,0,20,68,2,90,2,12,14,104
08/22/2000,CIC,CA,AWP,WE,Federal Contract Tower,0,12,4,2,18,0,10,94,2,106,0,22,98,4,124,38,0,38,162
08/23/2000,CIC,CA,AWP,WE,Federal Contract Tower,0,8,3,0,11,0,14,108,0,122,0,22,111,0,133,30,2,32,165
08/24/2000,CIC,CA,AWP,WE,Federal Contract Tower,0,0,0,0,0,0,11,46,2,59,0,11,46,2,59,14,0,14,73
08/25/2000,CIC,CA,AWP,WE,Federal Contract Tower,0,9,3,1,13,0,15,74,1,90,0,24,77,2,103,46,0,46,149
08/26/2000,CIC,CA,AWP,WE,Federal Contract Tower,0,6,2,0,8,0,3,102,0,105,0,9,104,0,113,24,0,24,137
08/27/2000,CIC,CA,AWP,WE,Federal Contract Tower,0,5,3,0,8,0,3,117,0,120,0,8,120,0,128,24,0,24,152
08/28/2000,CIC,CA,AWP,WE,Federal Contract Tower,0,10,4,1,15,0,14,98,1,113,0,24,102,2,128,2,0,2,130
08/29/2000,CIC,CA,AWP,WE,Federal Contract Tower,0,9,3,1,13,0,4,39,1,44,0,13,42,2,57,18,0,18,75
08/30/2000,CIC,CA,AWP,WE,Federal Contract Tower,0,7,3,1,11,0,13,64,0,77,0,20,67,1,88,90,0,90,178
08/31/2000,CIC,CA,AWP,WE,Federal Contract Tower,0,9,4,0,13,0,15,58,0,73,0,24,62,0,86,26,6,32,118
09/01/2000,CIC,CA,AWP,WE,Federal Contract Tower,0,20,16,0,36,0,0,30,0,30,0,20,46,0,66,24,8,32,98
09/02/2000,CIC,CA,AWP,WE,Federal Contract Tower,0,8,10,0,18,0,0,53,0,53,0,8,63,0,71,24,0,24,95
09/03/2000,CIC,CA,AWP,WE,Federal Contract Tower,0,0,0,0,0,0,7,79,0,86,0,7,79,0,86,6,0,6,92
09/04/2000,CIC,CA,AWP,WE,Federal Contract Tower,0,5,4,0,9,0,2,79,0,81,0,7,83,0,90,40,0,40,130
09/05/2000,CIC,CA,AWP,WE,Federal Contract Tower,0,4,4,0,8,0,18,75,0,93,0,22,79,0,101,22,0,22,123
09/06/2000,CIC,CA,AWP,WE,Federal Contract Tower,0,4,4,1,9,0,18,56,1,75,0,22,60,2,84,34,2,36,120
09/07/2000,CIC,CA,AWP,WE,Federal Contract Tower,0,6,5,0,11,0,17,91,0,108,0,23,96,0,119,36,0,36,155
09/08/2000,CIC,CA,AWP,WE,Federal Contract Tower,0,8,7,1,16,0,16,98,1,115,0,24,105,2,131,16,0,16,147
09/09/2000,CIC,CA,AWP,WE,Federal Contract Tower,0,4,3,0,7,0,1,73,0,74,0,5,76,0,81,44,0,44,125
09/10/2000,CIC,CA,AWP,WE,Federal Contract Tower,0,3,2,0,5,0,3,76,0,79,0,6,78,0,84,10,0,10,94
09/11/2000,CIC,CA,AWP,WE,Federal Contract Tower,0,5,4,0,9,0,17,51,0,68,0,22,55,0,77,40,0,40,117
09/12/2000,CIC,CA,AWP,WE,Federal Contract Tower,0,7,5,0,12,0,13,68,0,81,0,20,73,0,93,26,0,26,119
09/13/2000,CIC,CA,AWP,WE,Federal Contract Tower,0,8,6,1,15,0,12,88,1,101,0,20,94,2,116,10,0,10,126
09/14/2000,CIC,CA,AWP,WE,Federal Contract Tower,0,4,4,0,8,0,15,70,0,85,0,19,74,0,93,52,0,52,145
09/15/2000,CIC,CA,AWP,WE,Federal Contract Tower,0,3,3,0,6,0,19,91,0,110,0,22,94,0,116,4,0,4,120
09/16/2000,CIC,CA,AWP,WE,Federal Contract Tower,0,5,3,0,8,0,5,85,0,90,0,10,88,0,98,46,0,46,144
09/17/2000,CIC,CA,AWP,WE,Federal Contract Tower,0,4,2,0,6,0,2,66,0,68,0,6,68,0,74,0,0,0,74
09/18/2000,CIC,CA,AWP,WE,Federal Contract Tower,0,7,5,0,12,0,15,89,0,104,0,22,94,0,116,26,0,26,142
09/19/2000,CIC,CA,AWP,WE,Federal Contract Tower,0,8,5,0,13,0,14,170,0,184,0,22,175,0,197,12,0,12,209
09/20/2000,CIC,CA,AWP,WE,Federal Contract Tower,0,10,7,0,17,0,16,187,13,216,0,26,194,13,233,32,10,42,275
09/21/2000,CIC,CA,AWP,WE,Federal Contract Tower,0,7,5,0,12,0,12,85,0,97,0,19,90,0,109,22,0,22,131
09/22/2000,CIC,CA,AWP,WE,Federal Contract Tower,0,12,9,0,21,0,11,65,0,76,0,23,74,0,97,74,0,74,171
09/23/2000,CIC,CA,AWP,WE,Federal Contract Tower,0,6,5,0,11,0,4,82,0,86,0,10,87,0,97,46,0,46,143
09/24/2000,CIC,CA,AWP,WE,Federal Contract Tower,0,4,2,0,6,0,2,73,0,75,0,6,75,0,81,8,0,8,89
09/25/2000,CIC,CA,AWP,WE,Federal Contract Tower,0,7,5,0,12,0,11,114,8,133,0,18,119,8,145,58,0,58,203
09/26/2000,CIC,CA,AWP,WE,Federal Contract Tower,0,7,5,0,12,0,16,79,0,95,0,23,84,0,107,62,0,62,169
09/27/2000,CIC,CA,AWP,WE,Federal Contract Tower,0,5,4,0,9,0,18,63,0,81,0,23,67,0,90,20,0,20,110
09/28/2000,CIC,CA,AWP,WE,Federal Contract Tower,0,5,3,0,8,0,15,72,0,87,0,20,75,0,95,54,2,56,151
09/29/2000,CIC,CA,AWP,WE,Federal Contract Tower,0,5,4,0,9,0,14,204,0,218,0,19,208,0,227,40,0,40,267
09/30/2000,CIC,CA,AWP,WE,Federal Contract Tower,0,4,3,0,7,0,5,219,0,224,0,9,222,0,231,14,0,14,245
10/01/2000,CIC,CA,AWP,WE,Federal Contract Tower,0,3,3,0,6,0,3,123,0,126,0,6,126,0,132,10,0,10,142
10/02/2000,CIC,CA,AWP,WE,Federal Contract Tower,0,6,8,1,15,0,21,91,3,115,0,27,99,4,130,50,0,50,180
10/03/2000,CIC,CA,AWP,WE,Federal Contract Tower,0,5,4,0,9,0,16,76,0,92,0,21,80,0,101,50,0,50,151
10/04/2000,CIC,CA,AWP,WE,Federal Contract Tower,0,8,7,0,15,0,12,84,0,96,0,20,91,0,111,58,0,58,169
10/05/2000,CIC,CA,AWP,WE,Federal Contract Tower,0,10,7,1,18,0,10,61,1,72,0,20,68,2,90,16,0,16,106
10/06/2000,CIC,CA,AWP,WE,Federal Contract Tower,0,5,3,1,9,0,17,82,5,104,0,22,85,6,113,86,0,86,199
10/07/2000,CIC,CA,AWP,WE,Federal Contract Tower,0,4,2,0,6,0,5,91,0,96,0,9,93,0,102,46,0,46,148
10/08/2000,CIC,CA,AWP,WE,Federal Contract Tower,0,5,3,0,8,0,1,97,0,98,0,6,100,0,106,20,0,20,126
10/09/2000,CIC,CA,AWP,WE,Federal Contract Tower,0,9,8,0,17,0,5,37,0,42,0,14,45,0,59,10,0,10,69
10/10/2000,CIC,CA,AWP,WE,Federal Contract Tower,0,9,7,0,16,0,15,13,0,28,0,24,20,0,44,8,0,8,52
10/11/2000,CIC,CA,AWP,WE,Federal Contract Tower,0,10,9,0,19,0,13,20,0,33,0,23,29,0,52,38,0,38,90
10/12/2000,CIC,CA,AWP,WE,Federal Contract Tower,0,16,14,3,33,0,3,49,3,55,0,19,63,6,88,34,0,34,122
10/13/2000,CIC,CA,AWP,WE,Federal Contract Tower,0,6,5,0,11,0,14,78,0,92,0,20,83,0,103,70,0,70,173
10/14/2000,CIC,CA,AWP,WE,Federal Contract Tower,0,4,3,0,7,0,5,95,0,100,0,9,98,0,107,60,0,60,167
10/15/2000,CIC,CA,AWP,WE,Federal Contract Tower,0,4,3,0,7,0,2,82,0,84,0,6,85,0,91,28,0,28,119
10/16/2000,CIC,CA,AWP,WE,Federal Contract Tower,0,6,4,0,10,0,14,73,0,87,0,20,77,0,97,30,0,30,127
10/17/2000,CIC,CA,AWP,WE,Federal Contract Tower,0,8,7,0,15,0,14,95,0,109,0,22,102,0,124,80,0,80,204
10/18/2000,CIC,CA,AWP,WE,Federal Contract Tower,0,7,6,0,13,0,12,64,0,76,0,19,70,0,89,20,0,20,109
10/19/2000,CIC,CA,AWP,WE,Federal Contract Tower,0,10,8,0,18,0,11,96,4,111,0,21,104,4,129,92,8,100,229
10/20/2000,CIC,CA,AWP,WE,Federal Contract Tower,0,13,11,0,24,0,12,54,0,66,0,25,65,0,90,32,0,32,122
10/21/2000,CIC,CA,AWP,WE,Federal Contract Tower,0,4,3,0,7,0,4,74,0,78,0,8,77,0,85,8,0,8,93
10/22/2000,CIC,CA,AWP,WE,Federal Contract Tower,0,6,5,0,11,0,0,56,0,56,0,6,61,0,67,14,0,14,81
10/23/2000,CIC,CA,AWP,WE,Federal Contract Tower,0,7,6,0,13,0,10,78,2,90,0,17,84,2,103,24,20,44,147
10/24/2000,CIC,CA,AWP,WE,Federal Contract Tower,0,9,8,0,17,0,9,84,8,101,0,18,92,8,118,44,0,44,162
10/25/2000,CIC,CA,AWP,WE,Federal Contract Tower,0,13,10,0,23,0,6,27,2,35,0,19,37,2,58,16,0,16,74
10/26/2000,CIC,CA,AWP,WE,Federal Contract Tower,0,12,10,2,24,0,7,29,0,36,0,19,39,2,60,60,0,60,120
10/27/2000,CIC,CA,AWP,WE,Federal Contract Tower,0,10,8,0,18,0,11,78,5,94,0,21,86,5,112,38,34,72,184
10/28/2000,CIC,CA,AWP,WE,Federal Contract Tower,0,5,9,0,14,0,0,12,0,12,0,5,21,0,26,6,0,6,32
10/29/2000,CIC,CA,AWP,WE,Federal Contract Tower,0,7,8,0,15,0,0,26,0,26,0,7,34,0,41,12,0,12,53
10/30/2000,CIC,CA,AWP,WE,Federal Contract Tower,0,14,12,2,28,0,13,28,0,41,0,27,40,2,69,28,22,50,119
10/31/2000,CIC,CA,AWP,WE,Federal Contract Tower,0,7,5,0,12,0,15,93,4,112,0,22,98,4,124,74,18,92,216
11/01/2000,CIC,CA,AWP,WE,Federal Contract Tower,0,9,7,1,17,0,16,63,7,86,0,25,70,8,103,18,14,32,135
11/02/2000,CIC,CA,AWP,WE,Federal Contract Tower,0,5,6,0,11,0,17,84,0,101,0,22,90,0,112,36,0,36,148
11/03/2000,CIC,CA,AWP,WE,Federal Contract Tower,0,5,5,0,10,0,15,106,0,121,0,20,111,0,131,24,0,24,155
11/04/2000,CIC,CA,AWP,WE,Federal Contract Tower,0,4,4,0,8,0,6,79,0,85,0,10,83,0,93,120,0,120,213
11/05/2000,CIC,CA,AWP,WE,Federal Contract Tower,0,0,0,0,0,0,4,58,1,63,0,4,58,1,63,4,0,4,67
11/06/2000,CIC,CA,AWP,WE,Federal Contract Tower,0,5,4,0,9,0,15,51,0,66,0,20,55,0,75,26,0,26,101
11/07/2000,CIC,CA,AWP,WE,Federal Contract Tower,0,4,3,1,8,0,19,92,1,112,0,23,95,2,120,29,0,29,149
11/08/2000,CIC,CA,AWP,WE,Federal Contract Tower,0,12,9,0,21,0,18,46,0,64,0,30,55,0,85,52,0,52,137
11/09/2000,CIC,CA,AWP,WE,Federal Contract Tower,0,7,6,0,13,0,25,78,0,103,0,32,84,0,116,24,0,24,140
11/10/2000,CIC,CA,AWP,WE,Federal Contract Tower,0,0,0,0,0,0,26,60,1,87,0,26,60,1,87,18,0,18,105
11/11/2000,CIC,CA,AWP,WE,Federal Contract Tower,0,3,3,0,6,0,6,70,0,76,0,9,73,0,82,46,0,46,128
11/12/2000,CIC,CA,AWP,WE,Federal Contract Tower,0,6,4,0,10,0,1,95,0,96,0,7,99,0,106,36,0,36,142
11/13/2000,CIC,CA,AWP,WE,Federal Contract Tower,0,12,7,1,20,0,5,16,3,24,0,17,23,4,44,10,0,10,54
11/14/2000,CIC,CA,AWP,WE,Federal Contract Tower,0,14,10,0,24,0,10,17,0,27,0,24,27,0,51,18,0,18,69
11/15/2000,CIC,CA,AWP,WE,Federal Contract Tower,0,15,10,0,25,0,14,42,0,56,0,29,52,0,81,40,0,40,121
11/16/2000,CIC,CA,AWP,WE,Federal Contract Tower,0,8,5,0,13,0,16,60,0,76,0,24,65,0,89,12,0,12,101
11/17/2000,CIC,CA,AWP,WE,Federal Contract Tower,0,6,4,0,10,0,18,80,2,100,0,24,84,2,110,29,28,57,167
11/18/2000,CIC,CA,AWP,WE,Federal Contract Tower,0,7,5,0,12,0,2,91,0,93,0,9,96,0,105,16,0,16,121
11/19/2000,CIC,CA,AWP,WE,Federal Contract Tower,0,5,4,0,9,0,1,103,0,104,0,6,107,0,113,36,0,36,149
11/20/2000,CIC,CA,AWP,WE,Federal Contract Tower,0,10,8,0,18,0,11,81,0,92,0,21,89,0,110,44,0,44,154
11/21/2000,CIC,CA,AWP,WE,Federal Contract Tower,0,12,8,0,20,0,11,41,2,54,0,23,49,2,74,2,0,2,76
11/22/2000,CIC,CA,AWP,WE,Federal Contract Tower,0,14,11,0,25,0,3,33,0,36,0,17,44,0,61,0,0,0,61
11/23/2000,CIC,CA,AWP,WE,Federal Contract Tower,0,5,7,0,12,0,0,4,0,4,0,5,11,0,16,0,0,0,16
11/24/2000,CIC,CA,AWP,WE,Federal Contract Tower,0,9,7,0,16,0,12,63,0,75,0,21,70,0,91,22,0,22,113
11/25/2000,CIC,CA,AWP,WE,Federal Contract Tower,0,9,8,0,17,0,0,26,0,26,0,9,34,0,43,40,0,40,83
11/26/2000,CIC,CA,AWP,WE,Federal Contract Tower,0,6,6,0,12,0,0,17,0,17,0,6,23,0,29,8,0,8,37
11/27/2000,CIC,CA,AWP,WE,Federal Contract Tower,0,21,15,1,37,0,7,0,3,10,0,28,15,4,47,0,0,0,47
11/28/2000,CIC,CA,AWP,WE,Federal Contract Tower,0,18,12,0,30,0,1,0,0,1,0,19,12,0,31,0,0,0,31
11/29/2000,CIC,CA,AWP,WE,Federal Contract Tower,0,16,12,0,28,0,9,21,0,30,0,25,33,0,58,12,0,12,70
11/30/2000,CIC,CA,AWP,WE,Federal Contract Tower,0,9,6,0,15,0,16,70,0,86,0,25,76,0,101,56,0,56,157
12/01/2000,CIC,CA,AWP,WE,Federal Contract Tower,0,6,4,1,11,0,16,62,3,81,0,22,66,4,92,52,0,52,144
12/02/2000,CIC,CA,AWP,WE,Federal Contract Tower,0,4,4,0,8,0,3,82,0,85,0,7,86,0,93,38,0,38,131
12/03/2000,CIC,CA,AWP,WE,Federal Contract Tower,0,4,5,0,9,0,3,73,0,76,0,7,78,0,85,10,0,10,95
12/04/2000,CIC,CA,AWP,WE,Federal Contract Tower,0,9,8,0,17,0,16,51,0,67,0,25,59,0,84,6,0,6,90
12/05/2000,CIC,CA,AWP,WE,Federal Contract Tower,0,9,7,0,16,0,9,35,0,44,0,18,42,0,60,22,0,22,82
12/06/2000,CIC,CA,AWP,WE,Federal Contract Tower,0,7,5,0,12,0,0,5,0,5,0,7,10,0,17,0,0,0,17
12/07/2000,CIC,CA,AWP,WE,Federal Contract Tower,0,11,8,1,20,0,16,38,0,54,0,27,46,1,74,54,0,54,128
12/08/2000,CIC,CA,AWP,WE,Federal Contract Tower,0,9,4,1,14,0,10,66,0,76,0,19,70,1,90,42,0,42,132
12/09/2000,CIC,CA,AWP,WE,Federal Contract Tower,0,9,4,0,13,0,0,20,0,20,0,9,24,0,33,38,0,38,71
12/10/2000,CIC,CA,AWP,WE,Federal Contract Tower,0,5,9,0,14,0,0,12,0,12,0,5,21,0,26,0,0,0,26
12/11/2000,CIC,CA,AWP,WE,Federal Contract Tower,0,18,10,0,28,0,6,25,0,31,0,24,35,0,59,16,0,16,75
12/12/2000,CIC,CA,AWP,WE,Federal Contract Tower,0,18,11,0,29,0,4,54,0,58,0,22,65,0,87,26,0,26,113
12/13/2000,CIC,CA,AWP,WE,Federal Contract Tower,0,20,13,0,33,0,7,15,0,22,0,27,28,0,55,28,0,28,83
12/14/2000,CIC,CA,AWP,WE,Federal Contract Tower,0,17,11,0,28,0,7,7,0,14,0,24,18,0,42,0,0,0,42
12/15/2000,CIC,CA,AWP,WE,Federal Contract Tower,0,13,9,0,22,0,18,31,0,49,0,31,40,0,71,8,0,8,79
12/16/2000,CIC,CA,AWP,WE,Federal Contract Tower,0,7,5,0,12,0,0,77,0,77,0,7,82,0,89,56,0,56,145
12/17/2000,CIC,CA,AWP,WE,Federal Contract Tower,0,5,3,0,8,0,1,49,0,50,0,6,52,0,58,8,0,8,66
12/18/2000,CIC,CA,AWP,WE,Federal Contract Tower,0,10,7,0,17,0,11,73,2,86,0,21,80,2,103,62,28,90,193
12/19/2000,CIC,CA,AWP,WE,Federal Contract Tower,0,7,5,0,12,0,22,73,0,95,0,29,78,0,107,32,0,32,139
12/20/2000,CIC,CA,AWP,WE,Federal Contract Tower,0,11,7,0,18,0,14,82,2,98,0,25,89,2,116,34,8,42,158
12/21/2000,CIC,CA,AWP,WE,Federal Contract Tower,0,9,6,0,15,0,12,31,0,43,0,21,37,0,58,42,0,42,100
12/22/2000,CIC,CA,AWP,WE,Federal Contract Tower,0,12,7,0,19,0,15,56,10,81,0,27,63,10,100,32,0,32,132
12/23/2000,CIC,CA,AWP,WE,Federal Contract Tower,0,7,5,0,12,0,2,39,0,41,0,9,44,0,53,8,0,8,61
12/24/2000,CIC,CA,AWP,WE,Federal Contract Tower,0,6,5,0,11,0,0,59,0,59,0,6,64,0,70,0,0,0,70
12/25/2000,CIC,CA,AWP,WE,Federal Contract Tower,0,4,2,0,6,0,4,27,0,31,0,8,29,0,37,0,0,0,37
12/26/2000,CIC,CA,AWP,WE,Federal Contract Tower,0,7,5,0,12,0,14,61,0,75,0,21,66,0,87,2,8,10,97
12/27/2000,CIC,CA,AWP,WE,Federal Contract Tower,0,7,4,0,11,0,13,69,0,82,0,20,73,0,93,10,0,10,103
12/28/2000,CIC,CA,AWP,WE,Federal Contract Tower,0,5,2,0,7,0,15,82,2,99,0,20,84,2,106,36,8,44,150
12/29/2000,CIC,CA,AWP,WE,Federal Contract Tower,0,5,3,0,8,0,15,74,0,89,0,20,77,0,97,0,0,0,97
12/30/2000,CIC,CA,AWP,WE,Federal Contract Tower,0,8,5,0,13,0,1,83,8,92,0,9,88,8,105,14,0,14,119
12/31/2000,CIC,CA,AWP,WE,Federal Contract Tower,0,5,3,0,8,0,1,52,0,53,0,6,55,0,61,10,0,10,71
01/01/2001,CIC,CA,AWP,WE,Federal Contract Tower,0,6,5,0,11,0,0,60,0,60,0,6,65,0,71,2,0,2,73
01/02/2001,CIC,CA,AWP,WE,Federal Contract Tower,0,9,6,1,16,0,13,54,5,72,0,22,60,6,88,20,10,30,118
01/03/2001,CIC,CA,AWP,WE,Federal Contract Tower,0,7,6,0,13,0,17,52,0,69,0,24,58,0,82,44,0,44,126
01/04/2001,CIC,CA,AWP,WE,Federal Contract Tower,0,7,6,0,13,0,13,80,0,93,0,20,86,0,106,50,0,50,156
01/05/2001,CIC,CA,AWP,WE,Federal Contract Tower,0,3,3,0,6,0,16,73,0,89,0,19,76,0,95,14,0,14,109
01/06/2001,CIC,CA,AWP,WE,Federal Contract Tower,0,4,3,0,7,0,5,71,0,76,0,9,74,0,83,12,0,12,95
01/07/2001,CIC,CA,AWP,WE,Federal Contract Tower,0,4,3,0,7,0,1,37,0,38,0,5,40,0,45,14,0,14,59
01/08/2001,CIC,CA,AWP,WE,Federal Contract Tower,0,19,12,0,31,0,2,9,0,11,0,21,21,0,42,2,0,2,44
01/09/2001,CIC,CA,AWP,WE,Federal Contract Tower,0,13,13,0,26,0,0,12,0,12,0,13,25,0,38,6,0,6,44
01/10/2001,CIC,CA,AWP,WE,Federal Contract Tower,0,21,13,2,36,0,0,5,0,5,0,21,18,2,41,2,8,10,51
01/11/2001,CIC,CA,AWP,WE,Federal Contract Tower,0,13,8,0,21,0,7,1,0,8,0,20,9,0,29,6,0,6,35
01/12/2001,CIC,CA,AWP,WE,Federal Contract Tower,0,6,2,0,8,0,19,95,0,114,0,25,97,0,122,22,0,22,144
01/13/2001,CIC,CA,AWP,WE,Federal Contract Tower,0,9,6,0,15,0,1,59,0,60,0,10,65,0,75,40,0,40,115
01/14/2001,CIC,CA,AWP,WE,Federal Contract Tower,0,4,3,0,7,0,2,37,0,39,0,6,40,0,46,20,0,20,66
01/15/2001,CIC,CA,AWP,WE,Federal Contract Tower,0,8,5,0,13,0,7,56,0,63,0,15,61,0,76,16,0,16,92
01/16/2001,CIC,CA,AWP,WE,Federal Contract Tower,0,10,7,0,17,0,17,53,2,72,0,27,60,2,89,16,20,36,125
01/17/2001,CIC,CA,AWP,WE,Federal Contract Tower,0,8,5,0,13,0,16,66,0,82,0,24,71,0,95,16,0,16,111
01/18/2001,CIC,CA,AWP,WE,Federal Contract Tower,0,5,3,0,8,0,12,73,5,90,0,17,76,5,98,0,0,0,98
01/19/2001,CIC,CA,AWP,WE,Federal Contract Tower,0,10,6,0,16,0,11,113,0,124,0,21,119,0,140,26,0,26,166
01/20/2001,CIC,CA,AWP,WE,Federal Contract Tower,0,5,3,0,8,0,3,84,0,87,0,8,87,0,95,50,0,50,145
01/21/2001,CIC,CA,AWP,WE,Federal Contract Tower,0,6,4,0,10,0,0,44,0,44,0,6,48,0,54,4,0,4,58
01/22/2001,CIC,CA,AWP,WE,Federal Contract Tower,0,10,6,0,16,0,7,64,2,73,0,17,70,2,89,14,4,18,107
01/23/2001,CIC,CA,AWP,WE,Federal Contract Tower,0,21,15,2,38,0,5,11,6,22,0,26,26,8,60,4,28,32,92
01/24/2001,CIC,CA,AWP,WE,Federal Contract Tower,0,11,8,0,19,0,12,44,0,56,0,23,52,0,75,6,0,6,81
01/25/2001,CIC,CA,AWP,WE,Federal Contract Tower,0,11,3,0,14,0,14,0,0,14,0,25,3,0,28,0,0,0,28
01/26/2001,CIC,CA,AWP,WE,Federal Contract Tower,0,11,8,0,19,0,13,27,0,40,0,24,35,0,59,2,0,2,61
01/27/2001,CIC,CA,AWP,WE,Federal Contract Tower,0,7,5,0,12,0,2,115,0,117,0,9,120,0,129,60,0,60,189
01/28/2001,CIC,CA,AWP,WE,Federal Contract Tower,0,6,3,0,9,0,1,78,0,79,0,7,81,0,88,18,0,18,106
01/29/2001,CIC,CA,AWP,WE,Federal Contract Tower,0,12,8,0,20,0,9,47,4,60,0,21,55,4,80,22,0,22,102
01/30/2001,CIC,CA,AWP,WE,Federal Contract Tower,0,5,3,0,8,0,16,64,0,80,0,21,67,0,88,16,0,16,104
01/31/2001,CIC,CA,AWP,WE,Federal Contract Tower,0,9,6,0,15,0,13,68,0,81,0,22,74,0,96,20,2,22,118
02/01/2001,CIC,CA,AWP,WE,Federal Contract Tower,0,6,6,1,13,0,17,95,9,121,0,23,101,10,134,30,6,36,170
02/02/2001,CIC,CA,AWP,WE,Federal Contract Tower,0,6,8,1,15,0,13,49,1,63,0,19,57,2,78,6,0,6,84
02/03/2001,CIC,CA,AWP,WE,Federal Contract Tower,0,4,5,1,10,0,4,79,1,84,0,8,84,2,94,16,4,20,114
02/04/2001,CIC,CA,AWP,WE,Federal Contract Tower,0,4,6,0,10,0,2,71,0,73,0,6,77,0,83,18,0,18,101
02/05/2001,CIC,CA,AWP,WE,Federal Contract Tower,0,5,6,0,11,0,14,81,0,95,0,19,87,0,106,48,0,48,154
02/06/2001,CIC,CA,AWP,WE,Federal Contract Tower,0,5,6,1,12,0,15,47,3,65,0,20,53,4,77,0,26,26,103
02/07/2001,CIC,CA,AWP,WE,Federal Contract Tower,0,5,6,1,12,0,16,37,1,54,0,21,43,2,66,18,0,18,84
02/08/2001,CIC,CA,AWP,WE,Federal Contract Tower,0,6,5,0,11,0,13,90,0,103,0,19,95,0,114,50,0,50,164
02/09/2001,CIC,CA,AWP,WE,Federal Contract Tower,0,13,11,0,24,0,4,8,0,12,0,17,19,0,36,0,0,0,36
02/10/2001,CIC,CA,AWP,WE,Federal Contract Tower,0,7,5,0,12,0,3,5,0,8,0,10,10,0,20,6,0,6,26
02/11/2001,CIC,CA,AWP,WE,Federal Contract Tower,0,4,2,0,6,0,2,4,0,6,0,6,6,0,12,0,0,0,12
02/12/2001,CIC,CA,AWP,WE,Federal Contract Tower,0,8,5,0,13,0,12,21,0,33,0,20,26,0,46,0,10,10,56
02/13/2001,CIC,CA,AWP,WE,Federal Contract Tower,0,9,6,1,16,0,12,65,5,82,0,21,71,6,98,12,0,12,110
02/14/2001,CIC,CA,AWP,WE,Federal Contract Tower,0,6,5,0,11,0,13,62,1,76,0,19,67,1,87,14,26,40,127
02/15/2001,CIC,CA,AWP,WE,Federal Contract Tower,0,8,6,0,14,0,11,107,0,118,0,19,113,0,132,56,0,56,188
02/16/2001,CIC,CA,AWP,WE,Federal Contract Tower,0,10,8,0,18,0,10,95,0,105,0,20,103,0,123,50,0,50,173
02/17/2001,CIC,CA,AWP,WE,Federal Contract Tower,0,8,10,0,18,0,0,65,0,65,0,8,75,0,83,14,0,14,97
02/18/2001,CIC,CA,AWP,WE,Federal Contract Tower,0,6,5,0,11,0,0,0,0,0,0,6,5,0,11,0,0,0,11
02/19/2001,CIC,CA,AWP,WE,Federal Contract Tower,0,10,8,0,18,0,3,8,0,11,0,13,16,0,29,0,0,0,29
02/20/2001,CIC,CA,AWP,WE,Federal Contract Tower,0,18,15,1,34,0,8,18,5,31,0,26,33,6,65,16,0,16,81
02/21/2001,CIC,CA,AWP,WE,Federal Contract Tower,0,16,13,0,29,0,10,30,0,40,0,26,43,0,69,0,0,0,69
02/22/2001,CIC,CA,AWP,WE,Federal Contract Tower,0,10,8,0,18,0,7,25,0,32,0,17,33,0,50,0,0,0,50
02/23/2001,CIC,CA,AWP,WE,Federal Contract Tower,0,7,6,0,13,0,17,99,0,116,0,24,105,0,129,38,0,38,167
02/24/2001,CIC,CA,AWP,WE,Federal Contract Tower,0,7,5,0,12,0,0,2,0,2,0,7,7,0,14,0,0,0,14
02/25/2001,CIC,CA,AWP,WE,Federal Contract Tower,0,4,2,0,6,0,0,36,0,36,0,4,38,0,42,6,0,6,48
02/26/2001,CIC,CA,AWP,WE,Federal Contract Tower,0,10,8,0,18,0,9,44,0,53,0,19,52,0,71,42,2,44,115
02/27/2001,CIC,CA,AWP,WE,Federal Contract Tower,0,8,6,0,14,0,16,108,0,124,0,24,114,0,138,18,0,18,156
02/28/2001,CIC,CA,AWP,WE,Federal Contract Tower,0,7,5,0,12,0,16,70,2,88,0,23,75,2,100,54,0,54,154
03/01/2001,CIC,CA,AWP,WE,Federal Contract Tower,0,6,8,0,14,0,15,118,0,133,0,21,126,0,147,0,0,0,147
03/02/2001,CIC,CA,AWP,WE,Federal Contract Tower,0,16,16,0,32,0,8,26,0,34,0,24,42,0,66,26,0,26,92
03/03/2001,CIC,CA,AWP,WE,Federal Contract Tower,0,10,11,0,21,0,0,64,0,64,0,10,75,0,85,6,0,6,91
03/04/2001,CIC,CA,AWP,WE,Federal Contract Tower,0,4,4,0,8,0,2,0,0,2,0,6,4,0,10,0,0,0,10
03/05/2001,CIC,CA,AWP,WE,Federal Contract Tower,0,7,7,0,14,0,16,18,0,34,0,23,25,0,48,0,0,0,48
03/06/2001,CIC,CA,AWP,WE,Federal Contract Tower,0,9,8,0,17,0,15,63,0,78,0,24,71,0,95,12,0,12,107
03/07/2001,CIC,CA,AWP,WE,Federal Contract Tower,0,8,8,0,16,0,14,91,0,105,0,22,99,0,121,44,0,44,165
03/08/2001,CIC,CA,AWP,WE,Federal Contract Tower,0,12,12,0,24,0,10,50,0,60,0,22,62,0,84,26,2,28,112
03/09/2001,CIC,CA,AWP,WE,Federal Contract Tower,0,8,7,0,15,0,15,49,0,64,0,23,56,0,79,24,38,62,141
03/10/2001,CIC,CA,AWP,WE,Federal Contract Tower,0,8,7,0,15,0,3,57,0,60,0,11,64,0,75,20,0,20,95
03/11/2001,CIC,CA,AWP,WE,Federal Contract Tower,0,3,3,0,6,0,3,85,0,88,0,6,88,0,94,38,0,38,132
03/12/2001,CIC,CA,AWP,WE,Federal Contract Tower,0,8,7,1,16,0,14,68,5,87,0,22,75,6,103,18,20,38,141
03/13/2001,CIC,CA,AWP,WE,Federal Contract Tower,0,6,6,0,12,0,14,109,0,123,0,20,115,0,135,28,0,28,163
03/14/2001,CIC,CA,AWP,WE,Federal Contract Tower,0,9,10,0,19,0,14,121,2,137,0,23,131,2,156,10,14,24,180
03/15/2001,CIC,CA,AWP,WE,Federal Contract Tower,0,8,9,0,17,0,15,67,0,82,0,23,76,0,99,20,0,20,119
03/16/2001,CIC,CA,AWP,WE,Federal Contract Tower,0,5,5,0,10,0,21,86,0,107,0,26,91,0,117,20,0,20,137
03/17/2001,CIC,CA,AWP,WE,Federal Contract Tower,0,4,5,0,9,0,5,79,0,84,0,9,84,0,93,50,0,50,143
03/18/2001,CIC,CA,AWP,WE,Federal Contract Tower,0,2,3,0,5,0,2,83,0,85,0,4,86,0,90,6,0,6,96
03/19/2001,CIC,CA,AWP,WE,Federal Contract Tower,0,5,5,0,10,0,13,73,0,86,0,18,78,0,96,26,0,26,122
03/20/2001,CIC,CA,AWP,WE,Federal Contract Tower,0,7,7,0,14,0,14,72,2,88,0,21,79,2,102,44,0,44,146
03/21/2001,CIC,CA,AWP,WE,Federal Contract Tower,0,8,8,0,16,0,13,69,0,82,0,21,77,0,98,4,2,6,104
03/22/2001,CIC,CA,AWP,WE,Federal Contract Tower,0,6,6,0,12,0,15,79,0,94,0,21,85,0,106,22,0,22,128
03/23/2001,CIC,CA,AWP,WE,Federal Contract Tower,0,4,5,0,9,0,13,83,2,98,0,17,88,2,107,22,22,44,151
03/24/2001,CIC,CA,AWP,WE,Federal Contract Tower,0,4,5,0,9,0,3,52,0,55,0,7,57,0,64,20,0,20,84
03/25/2001,CIC,CA,AWP,WE,Federal Contract Tower,0,4,5,0,9,0,2,69,0,71,0,6,74,0,80,16,0,16,96
03/26/2001,CIC,CA,AWP,WE,Federal Contract Tower,0,6,6,0,12,0,16,66,0,82,0,22,72,0,94,16,0,16,110
03/27/2001,CIC,CA,AWP,WE,Federal Contract Tower,0,6,6,0,12,0,20,94,2,116,0,26,100,2,128,8,0,8,136
03/28/2001,CIC,CA,AWP,WE,Federal Contract Tower,0,5,6,0,11,0,13,73,0,86,0,18,79,0,97,28,0,28,125
03/29/2001,CIC,CA,AWP,WE,Federal Contract Tower,0,5,6,0,11,0,15,65,0,80,0,20,71,0,91,20,0,20,111
03/30/2001,CIC,CA,AWP,WE,Federal Contract Tower,0,7,8,0,15,0,9,97,8,114,0,16,105,8,129,10,0,10,139
03/31/2001,CIC,CA,AWP,WE,Federal Contract Tower,0,8,8,0,16,0,3,104,0,107,0,11,112,0,123,22,0,22,145
04/01/2001,CIC,CA,AWP,WE,Federal Contract Tower,0,5,3,0,8,0,2,95,0,97,0,7,98,0,105,34,0,34,139
04/02/2001,CIC,CA,AWP,WE,Federal Contract Tower,0,5,1,3,9,0,17,54,3,74,0,22,55,6,83,62,0,62,145
04/03/2001,CIC,CA,AWP,WE,Federal Contract Tower,0,6,0,0,6,0,19,62,0,81,0,25,62,0,87,50,0,50,137
04/04/2001,CIC,CA,AWP,WE,Federal Contract Tower,0,6,0,0,6,0,18,65,0,83,0,24,65,0,89,22,0,22,111
04/05/2001,CIC,CA,AWP,WE,Federal Contract Tower,0,6,9,0,15,0,16,59,2,77,0,22,68,2,92,48,24,72,164
04/06/2001,CIC,CA,AWP,WE,Federal Contract Tower,0,24,11,0,35,0,0,20,0,20,0,24,31,0,55,6,0,6,61
04/07/2001,CIC,CA,AWP,WE,Federal Contract Tower,0,5,2,0,7,0,2,17,0,19,0,7,19,0,26,0,0,0,26
04/08/2001,CIC,CA,AWP,WE,Federal Contract Tower,0,0,0,0,0,0,6,34,0,40,0,6,34,0,40,24,0,24,64
04/09/2001,CIC,CA,AWP,WE,Federal Contract Tower,0,6,2,2,10,0,13,82,2,97,0,19,84,4,107,18,0,18,125
04/10/2001,CIC,CA,AWP,WE,Federal Contract Tower,0,6,6,1,13,0,19,71,9,99,0,25,77,10,112,24,0,24,136
04/11/2001,CIC,CA,AWP,WE,Federal Contract Tower,0,6,7,0,13,0,15,33,0,48,0,21,40,0,61,10,0,10,71
04/12/2001,CIC,CA,AWP,WE,Federal Contract Tower,0,7,3,0,10,0,13,86,0,99,0,20,89,0,109,54,0,54,163
04/13/2001,CIC,CA,AWP,WE,Federal Contract Tower,0,7,3,3,13,0,14,101,1,116,0,21,104,4,129,76,4,80,209
04/14/2001,CIC,CA,AWP,WE,Federal Contract Tower,0,6,1,0,7,0,2,111,0,113,0,8,112,0,120,54,0,54,174
04/15/2001,CIC,CA,AWP,WE,Federal Contract Tower,0,6,1,0,7,0,0,92,0,92,0,6,93,0,99,34,0,34,133
04/16/2001,CIC,CA,AWP,WE,Federal Contract Tower,0,4,4,0,8,0,17,51,0,68,0,21,55,0,76,0,0,0,76
04/17/2001,CIC,CA,AWP,WE,Federal Contract Tower,0,7,3,0,10,0,18,70,0,88,0,25,73,0,98,46,0,46,144
04/18/2001,CIC,CA,AWP,WE,Federal Contract Tower,0,7,7,0,14,0,12,69,0,81,0,19,76,0,95,28,14,42,137
04/19/2001,CIC,CA,AWP,WE,Federal Contract Tower,0,12,10,0,22,0,10,22,0,32,0,22,32,0,54,10,0,10,64
04/20/2001,CIC,CA,AWP,WE,Federal Contract Tower,0,16,9,2,27,0,7,7,2,16,0,23,16,4,43,0,0,0,43
04/21/2001,CIC,CA,AWP,WE,Federal Contract Tower,0,9,6,0,15,0,0,58,10,68,0,9,64,10,83,64,0,64,147
04/22/2001,CIC,CA,AWP,WE,Federal Contract Tower,0,6,8,0,14,0,0,72,0,72,0,6,80,0,86,64,0,64,150
04/23/2001,CIC,CA,AWP,WE,Federal Contract Tower,0,6,4,0,10,0,16,67,0,83,0,22,71,0,93,64,0,64,157
04/24/2001,CIC,CA,AWP,WE,Federal Contract Tower,0,9,4,2,15,0,15,75,0,90,0,24,79,2,105,22,32,54,159
04/25/2001,CIC,CA,AWP,WE,Federal Contract Tower,0,7,3,0,10,0,14,94,0,108,0,21,97,0,118,32,0,32,150
04/26/2001,CIC,CA,AWP,WE,Federal Contract Tower,0,7,8,0,15,0,13,77,0,90,0,20,85,0,105,6,0,6,111
04/27/2001,CIC,CA,AWP,WE,Federal Contract Tower,0,6,5,0,11,0,14,104,0,118,0,20,109,0,129,48,0,48,177
04/28/2001,CIC,CA,AWP,WE,Federal Contract Tower,0,6,3,0,9,0,3,71,0,74,0,9,74,0,83,2,0,2,85
04/29/2001,CIC,CA,AWP,WE,Federal Contract Tower,0,8,3,0,11,0,0,96,0,96,0,8,99,0,107,4,0,4,111
04/30/2001,CIC,CA,AWP,WE,Federal Contract Tower,0,6,4,0,10,0,15,84,0,99,0,21,88,0,109,30,0,30,139
05/01/2001,CIC,CA,AWP,WE,Federal Contract Tower,0,7,3,0,10,0,21,45,0,66,0,28,48,0,76,4,0,4,80
05/02/2001,CIC,CA,AWP,WE,Federal Contract Tower,0,8,2,1,11,0,18,37,1,56,0,26,39,2,67,0,0,0,67
05/03/2001,CIC,CA,AWP,WE,Federal Contract Tower,0,7,3,0,10,0,16,56,0,72,0,23,59,0,82,40,0,40,122
05/04/2001,CIC,CA,AWP,WE,Federal Contract Tower,0,6,3,0,9,0,13,122,0,135,0,19,125,0,144,36,0,36,180
05/05/2001,CIC,CA,AWP,WE,Federal Contract Tower,0,6,5,0,11,0,3,99,0,102,0,9,104,0,113,44,0,44,157
05/06/2001,CIC,CA,AWP,WE,Federal Contract Tower,0,5,1,0,6,0,1,98,0,99,0,6,99,0,105,38,0,38,143
05/07/2001,CIC,CA,AWP,WE,Federal Contract Tower,0,4,0,8,12,0,14,78,0,92,0,18,78,8,104,54,24,78,182
05/08/2001,CIC,CA,AWP,WE,Federal Contract Tower,0,6,7,0,13,0,20,61,0,81,0,26,68,0,94,12,0,12,106
05/09/2001,CIC,CA,AWP,WE,Federal Contract Tower,0,7,3,0,10,0,12,100,2,114,0,19,103,2,124,74,0,74,198
05/10/2001,CIC,CA,AWP,WE,Federal Contract Tower,0,6,2,0,8,0,27,122,2,151,0,33,124,2,159,14,0,14,173
05/11/2001,CIC,CA,AWP,WE,Federal Contract Tower,0,6,3,0,9,0,15,155,2,172,0,21,158,2,181,28,0,28,209
05/12/2001,CIC,CA,AWP,WE,Federal Contract Tower,0,6,3,0,9,0,2,129,0,131,0,8,132,0,140,36,0,36,176
05/13/2001,CIC,CA,AWP,WE,Federal Contract Tower,0,0,0,0,0,0,6,93,0,99,0,6,93,0,99,16,0,16,115
05/14/2001,CIC,CA,AWP,WE,Federal Contract Tower,0,7,1,0,8,0,14,78,10,102,0,21,79,10,110,22,0,22,132
05/15/2001,CIC,CA,AWP,WE,Federal Contract Tower,0,6,3,3,12,0,18,61,0,79,0,24,64,3,91,34,8,42,133
05/16/2001,CIC,CA,AWP,WE,Federal Contract Tower,0,6,5,1,12,0,13,95,2,110,0,19,100,3,122,40,8,48,170
05/17/2001,CIC,CA,AWP,WE,Federal Contract Tower,0,6,0,2,8,0,20,103,0,123,0,26,103,2,131,46,0,46,177
05/18/2001,CIC,CA,AWP,WE,Federal Contract Tower,0,6,4,6,16,0,14,87,11,112,0,20,91,17,128,24,10,34,162
05/19/2001,CIC,CA,AWP,WE,Federal Contract Tower,0,6,4,0,10,0,4,77,3,84,0,10,81,3,94,0,22,22,116
05/20/2001,CIC,CA,AWP,WE,Federal Contract Tower,0,6,5,0,11,0,1,90,0,91,0,7,95,0,102,32,0,32,134
05/21/2001,CIC,CA,AWP,WE,Federal Contract Tower,0,6,3,0,9,0,14,86,0,100,0,20,89,0,109,18,0,18,127
05/22/2001,CIC,CA,AWP,WE,Federal Contract Tower,0,6,9,0,15,0,18,84,0,102,0,24,93,0,117,42,0,42,159
05/23/2001,CIC,CA,AWP,WE,Federal Contract Tower,0,6,1,2,9,0,13,111,1,125,0,19,112,3,134,0,0,0,134
05/24/2001,CIC,CA,AWP,WE,Federal Contract Tower,0,6,3,0,9,0,16,98,0,114,0,22,101,0,123,50,0,50,173
05/25/2001,CIC,CA,AWP,WE,Federal Contract Tower,0,6,3,1,10,0,15,105,0,120,0,21,108,1,130,60,14,74,204
05/26/2001,CIC,CA,AWP,WE,Federal Contract Tower,0,6,1,0,7,0,3,86,0,89,0,9,87,0,96,6,0,6,102
05/27/2001,CIC,CA,AWP,WE,Federal Contract Tower,0,6,6,0,12,0,0,83,0,83,0,6,89,0,95,12,0,12,107
05/28/2001,CIC,CA,AWP,WE,Federal Contract Tower,0,4,4,0,8,0,0,114,0,114,0,4,118,0,122,14,0,14,136
05/29/2001,CIC,CA,AWP,WE,Federal Contract Tower,0,8,2,1,11,0,15,105,1,121,0,23,107,2,132,18,0,18,150
05/30/2001,CIC,CA,AWP,WE,Federal Contract Tower,0,5,10,3,18,0,22,76,7,105,0,27,86,10,123,36,0,36,159
05/31/2001,CIC,CA,AWP,WE,Federal Contract Tower,0,6,3,3,12,0,20,81,3,104,0,26,84,6,116,14,0,14,130
06/01/2001,CIC,CA,AWP,WE,Federal Contract Tower,0,5,9,0,14,0,15,103,0,118,0,20,112,0,132,52,0,52,184
06/02/2001,CIC,CA,AWP,WE,Federal Contract Tower,0,6,0,0,6,0,4,88,0,92,0,10,88,0,98,14,0,14,112
06/03/2001,CIC,CA,AWP,WE,Federal Contract Tower,0,6,6,0,12,0,8,62,12,82,0,14,68,12,94,30,0,30,124
06/04/2001,CIC,CA,AWP,WE,Federal Contract Tower,0,6,1,3,10,0,16,65,3,84,0,22,66,6,94,14,0,14,108
06/05/2001,CIC,CA,AWP,WE,Federal Contract Tower,0,8,5,0,13,0,9,95,0,104,0,17,100,0,117,82,0,82,199
06/06/2001,CIC,CA,AWP,WE,Federal Contract Tower,0,7,5,0,12,0,15,87,0,102,0,22,92,0,114,30,2,32,146
06/07/2001,CIC,CA,AWP,WE,Federal Contract Tower,0,6,6,0,12,0,18,58,0,76,0,24,64,0,88,28,2,30,118
06/08/2001,CIC,CA,AWP,WE,Federal Contract Tower,0,6,1,0,7,0,16,95,0,111,0,22,96,0,118,66,0,66,184
06/09/2001,CIC,CA,AWP,WE,Federal Contract Tower,0,6,1,0,7,0,3,131,0,134,0,9,132,0,141,16,0,16,157
06/10/2001,CIC,CA,AWP,WE,Federal Contract Tower,0,6,6,0,12,0,0,75,0,75,0,6,81,0,87,26,0,26,113
06/11/2001,CIC,CA,AWP,WE,Federal Contract Tower,0,4,7,0,11,0,15,75,0,90,0,19,82,0,101,26,0,26,127
06/12/2001,CIC,CA,AWP,WE,Federal Contract Tower,0,4,6,0,10,0,20,67,0,87,0,24,73,0,97,22,0,22,119
06/13/2001,CIC,CA,AWP,WE,Federal Contract Tower,0,5,2,2,9,0,15,57,0,72,0,20,59,2,81,0,14,14,95
06/14/2001,CIC,CA,AWP,WE,Federal Contract Tower,0,6,5,0,11,0,21,105,0,126,0,27,110,0,137,36,0,36,173
06/15/2001,CIC,CA,AWP,WE,Federal Contract Tower,0,6,2,0,8,0,11,115,0,126,0,17,117,0,134,34,0,34,168
06/16/2001,CIC,CA,AWP,WE,Federal Contract Tower,0,6,0,0,6,0,2,73,0,75,0,8,73,0,81,74,2,76,157
06/17/2001,CIC,CA,AWP,WE,Federal Contract Tower,0,6,2,0,8,0,0,107,0,107,0,6,109,0,115,36,0,36,151
06/18/2001,CIC,CA,AWP,WE,Federal Contract Tower,0,6,5,2,13,0,15,104,0,119,0,21,109,2,132,40,0,40,172
06/19/2001,CIC,CA,AWP,WE,Federal Contract Tower,0,6,7,0,13,0,12,83,0,95,0,18,90,0,108,64,0,64,172
06/20/2001,CIC,CA,AWP,WE,Federal Contract Tower,0,6,6,0,12,0,11,108,0,119,0,17,114,0,131,62,0,62,193
06/21/2001,CIC,CA,AWP,WE,Federal Contract Tower,0,6,8,0,14,0,16,79,0,95,0,22,87,0,109,8,0,8,117
06/22/2001,CIC,CA,AWP,WE,Federal Contract Tower,0,0,0,0,0,0,19,97,0,116,0,19,97,0,116,46,0,46,162
06/23/2001,CIC,CA,AWP,WE,Federal Contract Tower,0,6,1,0,7,0,2,87,0,89,0,8,88,0,96,42,0,42,138
06/24/2001,CIC,CA,AWP,WE,Federal Contract Tower,0,5,0,0,5,0,1,87,0,88,0,6,87,0,93,18,0,18,111
06/25/2001,CIC,CA,AWP,WE,Federal Contract Tower,0,7,5,0,12,0,12,68,0,80,0,19,73,0,92,16,0,16,108
06/26/2001,CIC,CA,AWP,WE,Federal Contract Tower,0,5,3,1,9,0,11,48,1,60,0,16,51,2,69,24,0,24,93
06/27/2001,CIC,CA,AWP,WE,Federal Contract Tower,0,9,15,0,24,0,11,42,0,53,0,20,57,0,77,8,0,8,85
06/28/2001,CIC,CA,AWP,WE,Federal Contract Tower,0,7,4,1,12,0,12,81,0,93,0,19,85,1,105,36,0,36,141
06/29/2001,CIC,CA,AWP,WE,Federal Contract Tower,0,8,3,0,11,0,11,90,0,101,0,19,93,0,112,36,0,36,148
06/30/2001,CIC,CA,AWP,WE,Federal Contract Tower,0,6,4,0,10,0,3,69,2,74,0,9,73,2,84,30,0,30,114
07/01/2001,CIC,CA,AWP,WE,Federal Contract Tower,0,5,5,0,10,0,1,74,0,75,0,6,79,0,85,10,0,10,95
07/02/2001,CIC,CA,AWP,WE,Federal Contract Tower,0,7,1,2,10,0,14,86,1,101,0,21,87,3,111,28,18,46,157
07/03/2001,CIC,CA,AWP,WE,Federal Contract Tower,0,5,4,0,9,0,16,84,0,100,0,21,88,0,109,52,0,52,161
07/04/2001,CIC,CA,AWP,WE,Federal Contract Tower,0,6,2,0,8,0,0,80,0,80,0,6,82,0,88,6,0,6,94
07/05/2001,CIC,CA,AWP,WE,Federal Contract Tower,0,6,6,0,12,0,15,90,4,109,0,21,96,4,121,58,22,80,201
07/06/2001,CIC,CA,AWP,WE,Federal Contract Tower,0,6,2,2,10,0,10,83,0,93,0,16,85,2,103,40,0,40,143
07/07/2001,CIC,CA,AWP,WE,Federal Contract Tower,0,6,3,0,9,0,3,63,0,66,0,9,66,0,75,14,0,14,89
07/08/2001,CIC,CA,AWP,WE,Federal Contract Tower,0,6,2,0,8,0,0,80,2,82,0,6,82,2,90,26,0,26,116
07/09/2001,CIC,CA,AWP,WE,Federal Contract Tower,0,7,2,1,10,0,12,86,0,98,0,19,88,1,108,40,0,40,148
07/10/2001,CIC,CA,AWP,WE,Federal Contract Tower,0,6,3,0,9,0,14,106,0,120,0,20,109,0,129,52,0,52,181
07/11/2001,CIC,CA,AWP,WE,Federal Contract Tower,0,8,5,0,13,0,15,81,0,96,0,23,86,0,109,44,8,52,161
07/12/2001,CIC,CA,AWP,WE,Federal Contract Tower,0,7,4,1,12,0,12,76,11,99,0,19,80,12,111,28,30,58,169
07/13/2001,CIC,CA,AWP,WE,Federal Contract Tower,0,6,7,1,14,0,14,95,0,109,0,20,102,1,123,60,0,60,183
07/14/2001,CIC,CA,AWP,WE,Federal Contract Tower,0,6,1,0,7,0,3,84,0,87,0,9,85,0,94,22,0,22,116
07/15/2001,CIC,CA,AWP,WE,Federal Contract Tower,0,6,6,0,12,0,1,87,0,88,0,7,93,0,100,18,0,18,118
07/16/2001,CIC,CA,AWP,WE,Federal Contract Tower,0,5,6,0,11,0,15,58,1,74,0,20,64,1,85,28,0,28,113
07/17/2001,CIC,CA,AWP,WE,Federal Contract Tower,0,6,1,0,7,0,14,81,0,95,0,20,82,0,102,14,0,14,116
07/18/2001,CIC,CA,AWP,WE,Federal Contract Tower,0,6,2,0,8,0,11,65,3,79,0,17,67,3,87,38,0,38,125
07/19/2001,CIC,CA,AWP,WE,Federal Contract Tower,0,6,6,2,14,0,12,85,2,99,0,18,91,4,113,32,0,32,145
07/20/2001,CIC,CA,AWP,WE,Federal Contract Tower,0,6,10,0,16,0,10,89,0,99,0,16,99,0,115,18,0,18,133
07/21/2001,CIC,CA,AWP,WE,Federal Contract Tower,0,6,4,0,10,0,4,85,0,89,0,10,89,0,99,32,0,32,131
07/22/2001,CIC,CA,AWP,WE,Federal Contract Tower,0,4,1,0,5,0,0,98,0,98,0,4,99,0,103,34,0,34,137
07/23/2001,CIC,CA,AWP,WE,Federal Contract Tower,0,6,0,0,6,0,13,88,0,101,0,19,88,0,107,34,0,34,141
07/24/2001,CIC,CA,AWP,WE,Federal Contract Tower,0,7,3,0,10,0,13,98,0,111,0,20,101,0,121,62,0,62,183
07/25/2001,CIC,CA,AWP,WE,Federal Contract Tower,0,0,0,0,0,0,22,87,2,111,0,22,87,2,111,70,0,70,181
07/26/2001,CIC,CA,AWP,WE,Federal Contract Tower,0,6,6,4,16,0,13,81,12,106,0,19,87,16,122,26,0,26,148
07/27/2001,CIC,CA,AWP,WE,Federal Contract Tower,0,6,1,0,7,0,12,101,0,113,0,18,102,0,120,2,0,2,122
07/28/2001,CIC,CA,AWP,WE,Federal Contract Tower,0,6,3,1,10,0,6,109,1,116,0,12,112,2,126,6,0,6,132
07/29/2001,CIC,CA,AWP,WE,Federal Contract Tower,0,6,2,4,12,0,0,123,0,123,0,6,125,4,135,6,8,14,149
07/30/2001,CIC,CA,AWP,WE,Federal Contract Tower,0,6,5,0,11,0,20,89,0,109,0,26,94,0,120,4,0,4,124
07/31/2001,CIC,CA,AWP,WE,Federal Contract Tower,0,6,6,1,13,0,16,103,3,122,0,22,109,4,135,20,0,20,155
08/01/2001,CIC,CA,AWP,WE,Federal Contract Tower,0,6,5,3,14,0,14,94,7,115,0,20,99,10,129,18,0,18,147
08/02/2001,CIC,CA,AWP,WE,Federal Contract Tower,0,6,5,1,12,0,14,100,0,114,0,20,105,1,126,26,0,26,152
08/03/2001,CIC,CA,AWP,WE,Federal Contract Tower,0,6,6,0,12,0,12,111,0,123,0,18,117,0,135,12,0,12,147
08/04/2001,CIC,CA,AWP,WE,Federal Contract Tower,0,6,5,0,11,0,2,77,0,79,0,8,82,0,90,14,0,14,104
08/05/2001,CIC,CA,AWP,WE,Federal Contract Tower,0,6,5,0,11,0,0,92,0,92,0,6,97,0,103,36,0,36,139
08/06/2001,CIC,CA,AWP,WE,Federal Contract Tower,0,6,5,0,11,0,14,92,0,106,0,20,97,0,117,8,0,8,125
08/07/2001,CIC,CA,AWP,WE,Federal Contract Tower,0,6,5,5,16,0,14,74,1,89,0,20,79,6,105,16,10,26,131
08/08/2001,CIC,CA,AWP,WE,Federal Contract Tower,0,6,4,0,10,0,12,105,4,121,0,18,109,4,131,28,4,32,163
08/09/2001,CIC,CA,AWP,WE,Federal Contract Tower,0,6,8,0,14,0,15,118,0,133,0,21,126,0,147,22,0,22,169
08/10/2001,CIC,CA,AWP,WE,Federal Contract Tower,0,6,6,0,12,0,13,121,0,134,0,19,127,0,146,24,0,24,170
08/11/2001,CIC,CA,AWP,WE,Federal Contract Tower,0,6,1,0,7,0,2,125,0,127,0,8,126,0,134,12,0,12,146
08/12/2001,CIC,CA,AWP,WE,Federal Contract Tower,0,6,4,0,10,0,0,98,0,98,0,6,102,0,108,20,0,20,128
08/13/2001,CIC,CA,AWP,WE,Federal Contract Tower,0,6,5,2,13,0,17,98,0,115,0,23,103,2,128,12,10,22,150
08/14/2001,CIC,CA,AWP,WE,Federal Contract Tower,0,9,8,0,17,0,12,85,0,97,0,21,93,0,114,22,0,22,136
08/15/2001,CIC,CA,AWP,WE,Federal Contract Tower,0,6,4,0,10,0,14,115,6,135,0,20,119,6,145,22,0,22,167
08/16/2001,CIC,CA,AWP,WE,Federal Contract Tower,0,9,8,3,20,0,9,84,5,98,0,18,92,8,118,14,0,14,132
08/17/2001,CIC,CA,AWP,WE,Federal Contract Tower,0,8,6,0,14,0,16,112,0,128,0,24,118,0,142,12,0,12,154
08/18/2001,CIC,CA,AWP,WE,Federal Contract Tower,0,6,0,0,6,0,3,114,0,117,0,9,114,0,123,36,0,36,159
08/19/2001,CIC,CA,AWP,WE,Federal Contract Tower,0,6,3,0,9,0,0,113,0,113,0,6,116,0,122,40,0,40,162
08/20/2001,CIC,CA,AWP,WE,Federal Contract Tower,0,7,4,0,11,0,11,69,0,80,0,18,73,0,91,6,0,6,97
08/21/2001,CIC,CA,AWP,WE,Federal Contract Tower,0,0,0,0,0,0,22,77,0,99,0,22,77,0,99,46,0,46,145
08/22/2001,CIC,CA,AWP,WE,Federal Contract Tower,0,8,1,1,10,0,11,49,1,61,0,19,50,2,71,8,2,10,81
08/23/2001,CIC,CA,AWP,WE,Federal Contract Tower,2,6,4,2,14,0,15,72,0,87,2,21,76,2,101,24,0,24,125
08/24/2001,CIC,CA,AWP,WE,Federal Contract Tower,0,8,1,1,10,0,18,79,5,102,0,26,80,6,112,32,20,52,164
08/25/2001,CIC,CA,AWP,WE,Federal Contract Tower,0,7,1,0,8,0,1,97,0,98,0,8,98,0,106,18,0,18,124
08/26/2001,CIC,CA,AWP,WE,Federal Contract Tower,0,6,5,0,11,0,0,72,0,72,0,6,77,0,83,12,0,12,95
08/27/2001,CIC,CA,AWP,WE,Federal Contract Tower,0,8,1,1,10,0,13,76,1,90,0,21,77,2,100,14,8,22,122
08/28/2001,CIC,CA,AWP,WE,Federal Contract Tower,0,6,3,2,11,0,13,68,0,81,0,19,71,2,92,0,24,24,116
08/29/2001,CIC,CA,AWP,WE,Federal Contract Tower,0,0,0,0,0,0,18,86,8,112,0,18,86,8,112,8,0,8,120
08/30/2001,CIC,CA,AWP,WE,Federal Contract Tower,0,9,3,0,12,0,15,94,1,110,0,24,97,1,122,6,0,6,128
08/31/2001,CIC,CA,AWP,WE,Federal Contract Tower,0,6,7,4,17,0,18,117,4,139,0,24,124,8,156,2,0,2,158
09/01/2001,CIC,CA,AWP,WE,Federal Contract Tower,0,6,7,0,13,0,3,108,0,111,0,9,115,0,124,30,0,30,154
09/02/2001,CIC,CA,AWP,WE,Federal Contract Tower,0,6,1,1,8,0,1,107,1,109,0,7,108,2,117,2,0,2,119
09/03/2001,CIC,CA,AWP,WE,Federal Contract Tower,0,6,7,0,13,0,0,109,0,109,0,6,116,0,122,38,0,38,160
09/04/2001,CIC,CA,AWP,WE,Federal Contract Tower,0,6,4,0,10,0,13,71,0,84,0,19,75,0,94,10,0,10,104
09/05/2001,CIC,CA,AWP,WE,Federal Contract Tower,0,9,1,1,11,0,19,97,0,116,0,28,98,1,127,42,0,42,169
09/06/2001,CIC,CA,AWP,WE,Federal Contract Tower,0,8,6,0,14,0,19,227,0,246,0,27,233,0,260,10,0,10,270
09/07/2001,CIC,CA,AWP,WE,Federal Contract Tower,0,6,8,0,14,0,15,113,2,130,0,21,121,2,144,20,0,20,164
09/08/2001,CIC,CA,AWP,WE,Federal Contract Tower,0,9,2,0,11,0,0,94,0,94,0,9,96,0,105,6,0,6,111
09/09/2001,CIC,CA,AWP,WE,Federal Contract Tower,0,6,8,0,14,0,0,98,0,98,0,6,106,0,112,6,0,6,118
09/10/2001,CIC,CA,AWP,WE,Federal Contract Tower,0,6,3,0,9,0,14,91,0,105,0,20,94,0,114,4,0,4,118
09/11/2001,CIC,CA,AWP,WE,Federal Contract Tower,0,0,0,0,0,0,0,21,0,21,0,0,21,0,21,0,0,0,21
09/12/2001,CIC,CA,AWP,WE,Federal Contract Tower,0,0,0,0,0,0,2,9,0,11,0,2,9,0,11,0,0,0,11
09/13/2001,CIC,CA,AWP,WE,Federal Contract Tower,0,9,0,0,9,0,2,8,0,10,0,11,8,0,19,0,0,0,19
09/14/2001,CIC,CA,AWP,WE,Federal Contract Tower,0,14,10,0,24,0,8,19,0,27,0,22,29,0,51,2,0,2,53
09/15/2001,CIC,CA,AWP,WE,Federal Contract Tower,0,4,6,0,10,0,6,31,0,37,0,10,37,0,47,0,0,0,47
09/16/2001,CIC,CA,AWP,WE,Federal Contract Tower,0,6,18,0,24,0,0,21,0,21,0,6,39,0,45,0,0,0,45
09/17/2001,CIC,CA,AWP,WE,Federal Contract Tower,0,17,15,0,32,0,6,28,0,34,0,23,43,0,66,0,0,0,66
09/18/2001,CIC,CA,AWP,WE,Federal Contract Tower,0,11,18,0,29,0,10,17,0,27,0,21,35,0,56,0,0,0,56
09/19/2001,CIC,CA,AWP,WE,Federal Contract Tower,0,15,20,1,36,0,8,17,0,25,0,23,37,1,61,0,0,0,61
09/20/2001,CIC,CA,AWP,WE,Federal Contract Tower,0,11,14,2,27,0,11,74,0,85,0,22,88,2,112,2,0,2,114
09/21/2001,CIC,CA,AWP,WE,Federal Contract Tower,0,10,6,0,16,0,9,73,0,82,0,19,79,0,98,2,0,2,100
09/22/2001,CIC,CA,AWP,WE,Federal Contract Tower,0,5,2,0,7,0,1,74,0,75,0,6,76,0,82,6,0,6,88
09/23/2001,CIC,CA,AWP,WE,Federal Contract Tower,0,6,3,0,9,0,0,84,0,84,0,6,87,0,93,16,0,16,109
09/24/2001,CIC,CA,AWP,WE,Federal Contract Tower,0,8,9,0,17,0,11,67,0,78,0,19,76,0,95,10,0,10,105
09/25/2001,CIC,CA,AWP,WE,Federal Contract Tower,0,9,8,4,21,0,12,54,0,66,0,21,62,4,87,8,8,16,103
09/26/2001,CIC,CA,AWP,WE,Federal Contract Tower,0,8,2,0,10,0,14,96,0,110,0,22,98,0,120,6,0,6,126
09/27/2001,CIC,CA,AWP,WE,Federal Contract Tower,0,10,4,4,18,0,14,98,0,112,0,24,102,4,130,10,6,16,146
09/28/2001,CIC,CA,AWP,WE,Federal Contract Tower,0,9,5,3,17,0,16,108,0,124,0,25,113,3,141,46,30,76,217
09/29/2001,CIC,CA,AWP,WE,Federal Contract Tower,0,7,4,4,15,0,3,61,4,68,0,10,65,8,83,20,8,28,111
09/30/2001,CIC,CA,AWP,WE,Federal Contract Tower,0,5,4,0,9,0,0,75,0,75,0,5,79,0,84,26,0,26,110
10/01/2001,CIC,CA,AWP,WE,Federal Contract Tower,0,5,3,1,9,0,13,61,0,74,0,18,64,1,83,24,6,30,113
10/02/2001,CIC,CA,AWP,WE,Federal Contract Tower,0,6,5,3,14,0,15,78,0,93,0,21,83,3,107,20,0,20,127
10/03/2001,CIC,CA,AWP,WE,Federal Contract Tower,0,9,6,2,17,0,14,97,0,111,0,23,103,2,128,40,0,40,168
10/04/2001,CIC,CA,AWP,WE,Federal Contract Tower,0,7,2,2,11,0,15,76,0,91,0,22,78,2,102,50,0,50,152
10/05/2001,CIC,CA,AWP,WE,Federal Contract Tower,0,9,6,0,15,0,25,96,0,121,0,34,102,0,136,16,0,16,152
10/06/2001,CIC,CA,AWP,WE,Federal Contract Tower,0,6,2,2,10,0,3,104,0,107,0,9,106,2,117,26,0,26,143
10/07/2001,CIC,CA,AWP,WE,Federal Contract Tower,0,6,1,0,7,0,0,68,0,68,0,6,69,0,75,18,0,18,93
10/08/2001,CIC,CA,AWP,WE,Federal Contract Tower,0,6,10,0,16,0,9,61,0,70,0,15,71,0,86,20,0,20,106
10/09/2001,CIC,CA,AWP,WE,Federal Contract Tower,0,0,0,0,0,0,23,59,2,84,0,23,59,2,84,6,4,10,94
10/10/2001,CIC,CA,AWP,WE,Federal Contract Tower,0,7,12,2,21,0,16,99,4,119,0,23,111,6,140,32,0,32,172
10/11/2001,CIC,CA,AWP,WE,Federal Contract Tower,0,11,9,1,21,0,10,95,5,110,0,21,104,6,131,30,14,44,175
10/12/2001,CIC,CA,AWP,WE,Federal Contract Tower,0,7,2,0,9,0,12,94,0,106,0,19,96,0,115,26,0,26,141
10/13/2001,CIC,CA,AWP,WE,Federal Contract Tower,0,6,5,0,11,0,3,124,0,127,0,9,129,0,138,30,0,30,168
10/14/2001,CIC,CA,AWP,WE,Federal Contract Tower,0,6,8,0,14,0,0,95,0,95,0,6,103,0,109,46,0,46,155
10/15/2001,CIC,CA,AWP,WE,Federal Contract Tower,0,6,8,0,14,0,14,91,0,105,0,20,99,0,119,10,0,10,129
10/16/2001,CIC,CA,AWP,WE,Federal Contract Tower,0,0,0,0,0,0,9,65,15,89,0,9,65,15,89,6,66,72,161
10/17/2001,CIC,CA,AWP,WE,Federal Contract Tower,0,8,2,3,13,0,22,77,3,102,0,30,79,6,115,24,8,32,147
10/18/2001,CIC,CA,AWP,WE,Federal Contract Tower,0,6,7,2,15,0,16,91,0,107,0,22,98,2,122,34,0,34,156
10/19/2001,CIC,CA,AWP,WE,Federal Contract Tower,0,7,6,1,14,0,16,126,2,144,0,23,132,3,158,30,10,40,198
10/20/2001,CIC,CA,AWP,WE,Federal Contract Tower,0,6,8,0,14,0,1,125,0,126,0,7,133,0,140,34,0,34,174
10/21/2001,CIC,CA,AWP,WE,Federal Contract Tower,0,6,4,0,10,0,0,102,3,105,0,6,106,3,115,12,0,12,127
10/22/2001,CIC,CA,AWP,WE,Federal Contract Tower,0,7,6,3,16,0,15,89,1,105,0,22,95,4,121,38,30,68,189
10/23/2001,CIC,CA,AWP,WE,Federal Contract Tower,0,8,2,0,10,0,20,85,0,105,0,28,87,0,115,18,0,18,133
10/24/2001,CIC,CA,AWP,WE,Federal Contract Tower,0,7,3,0,10,0,15,146,2,163,0,22,149,2,173,62,14,76,249
10/25/2001,CIC,CA,AWP,WE,Federal Contract Tower,0,7,6,2,15,0,21,118,0,139,0,28,124,2,154,48,0,48,202
10/26/2001,CIC,CA,AWP,WE,Federal Contract Tower,0,6,6,2,14,0,15,96,0,111,0,21,102,2,125,46,8,54,179
10/27/2001,CIC,CA,AWP,WE,Federal Contract Tower,0,6,8,0,14,0,4,82,0,86,0,10,90,0,100,12,0,12,112
10/28/2001,CIC,CA,AWP,WE,Federal Contract Tower,0,6,7,0,13,0,0,51,0,51,0,6,58,0,64,0,0,0,64
10/29/2001,CIC,CA,AWP,WE,Federal Contract Tower,0,14,5,0,19,0,7,16,0,23,0,21,21,0,42,8,0,8,50
10/30/2001,CIC,CA,AWP,WE,Federal Contract Tower,0,11,17,0,28,0,12,5,0,17,0,23,22,0,45,22,0,22,67
10/31/2001,CIC,CA,AWP,WE,Federal Contract Tower,0,8,3,2,13,0,16,61,0,77,0,24,64,2,90,28,0,28,118
11/01/2001,CIC,CA,AWP,WE,Federal Contract Tower,0,0,0,0,0,0,23,94,5,122,0,23,94,5,122,76,0,76,198
11/02/2001,CIC,CA,AWP,WE,Federal Contract Tower,0,8,3,1,12,0,10,95,7,112,0,18,98,8,124,88,0,88,212
11/03/2001,CIC,CA,AWP,WE,Federal Contract Tower,0,0,0,0,0,0,8,92,0,100,0,8,92,0,100,6,0,6,106
11/04/2001,CIC,CA,AWP,WE,Federal Contract Tower,0,3,9,0,12,0,0,115,0,115,0,3,124,0,127,14,0,14,141
11/05/2001,CIC,CA,AWP,WE,Federal Contract Tower,0,5,14,0,19,0,18,83,0,101,0,23,97,0,120,70,4,74,194
11/06/2001,CIC,CA,AWP,WE,Federal Contract Tower,0,6,8,2,16,0,16,105,0,121,0,22,113,2,137,58,0,58,195
11/07/2001,CIC,CA,AWP,WE,Federal Contract Tower,0,7,10,4,21,0,15,69,4,88,0,22,79,8,109,28,4,32,141
11/08/2001,CIC,CA,AWP,WE,Federal Contract Tower,0,7,12,1,20,0,14,104,1,119,0,21,116,2,139,72,0,72,211
11/09/2001,CIC,CA,AWP,WE,Federal Contract Tower,0,6,8,2,16,0,9,99,0,108,0,15,107,2,124,20,0,20,144
11/10/2001,CIC,CA,AWP,WE,Federal Contract Tower,0,5,10,0,15,0,3,80,0,83,0,8,90,0,98,36,0,36,134
11/11/2001,CIC,CA,AWP,WE,Federal Contract Tower,0,3,18,0,21,0,0,3,0,3,0,3,21,0,24,2,0,2,26
11/12/2001,CIC,CA,AWP,WE,Federal Contract Tower,0,15,15,0,30,0,1,1,0,2,0,16,16,0,32,0,0,0,32
11/13/2001,CIC,CA,AWP,WE,Federal Contract Tower,0,15,13,0,28,0,10,8,0,18,0,25,21,0,46,4,0,4,50
11/14/2001,CIC,CA,AWP,WE,Federal Contract Tower,0,8,5,1,14,0,12,68,1,81,0,20,73,2,95,16,8,24,119
11/15/2001,CIC,CA,AWP,WE,Federal Contract Tower,0,12,14,1,27,0,8,79,0,87,0,20,93,1,114,90,0,90,204
11/16/2001,CIC,CA,AWP,WE,Federal Contract Tower,0,14,18,0,32,0,7,42,0,49,0,21,60,0,81,0,0,0,81
11/17/2001,CIC,CA,AWP,WE,Federal Contract Tower,0,7,14,0,21,0,0,45,0,45,0,7,59,0,66,28,0,28,94
11/18/2001,CIC,CA,AWP,WE,Federal Contract Tower,0,3,10,0,13,0,0,54,0,54,0,3,64,0,67,30,0,30,97
11/19/2001,CIC,CA,AWP,WE,Federal Contract Tower,0,12,11,2,25,0,9,24,0,33,0,21,35,2,58,0,4,4,62
11/20/2001,CIC,CA,AWP,WE,Federal Contract Tower,0,13,13,2,28,0,10,28,2,40,0,23,41,4,68,24,2,26,94
11/21/2001,CIC,CA,AWP,WE,Federal Contract Tower,0,21,20,2,43,0,6,1,2,9,0,27,21,4,52,0,0,0,52
11/22/2001,CIC,CA,AWP,WE,Federal Contract Tower,0,5,4,0,9,0,0,13,0,13,0,5,17,0,22,0,0,0,22
11/23/2001,CIC,CA,AWP,WE,Federal Contract Tower,0,7,1,0,8,0,13,60,0,73,0,20,61,0,81,0,0,0,81
11/24/2001,CIC,CA,AWP,WE,Federal Contract Tower,0,6,4,0,10,0,0,19,0,19,0,6,23,0,29,0,0,0,29
11/25/2001,CIC,CA,AWP,WE,Federal Contract Tower,0,3,13,0,16,0,0,44,0,44,0,3,57,0,60,14,0,14,74
11/26/2001,CIC,CA,AWP,WE,Federal Contract Tower,0,5,6,0,11,0,15,60,0,75,0,20,66,0,86,18,0,18,104
11/27/2001,CIC,CA,AWP,WE,Federal Contract Tower,0,7,11,0,18,0,20,105,0,125,0,27,116,0,143,44,0,44,187
11/28/2001,CIC,CA,AWP,WE,Federal Contract Tower,0,15,12,2,29,0,10,28,0,38,0,25,40,2,67,0,28,28,95
11/29/2001,CIC,CA,AWP,WE,Federal Contract Tower,0,12,16,2,30,0,20,15,2,37,0,32,31,4,67,4,0,4,71
11/30/2001,CIC,CA,AWP,WE,Federal Contract Tower,0,8,11,0,19,0,19,66,0,85,0,27,77,0,104,46,0,46,150
12/01/2001,CIC,CA,AWP,WE,Federal Contract Tower,0,8,6,0,14,0,1,0,0,1,0,9,6,0,15,0,0,0,15
12/02/2001,CIC,CA,AWP,WE,Federal Contract Tower,0,2,3,0,5,0,1,0,0,1,0,3,3,0,6,0,0,0,6
12/03/2001,CIC,CA,AWP,WE,Federal Contract Tower,0,7,5,2,14,0,17,35,0,52,0,24,40,2,66,6,36,42,108
12/04/2001,CIC,CA,AWP,WE,Federal Contract Tower,0,8,5,0,13,0,15,72,0,87,0,23,77,0,100,40,0,40,140
12/05/2001,CIC,CA,AWP,WE,Federal Contract Tower,0,17,9,0,26,0,5,4,0,9,0,22,13,0,35,0,0,0,35
12/06/2001,CIC,CA,AWP,WE,Federal Contract Tower,0,0,0,0,0,0,25,42,1,68,0,25,42,1,68,0,0,0,68
12/07/2001,CIC,CA,AWP,WE,Federal Contract Tower,0,5,4,5,14,0,14,71,1,86,0,19,75,6,100,12,0,12,112
12/08/2001,CIC,CA,AWP,WE,Federal Contract Tower,0,6,1,0,7,0,2,87,0,89,0,8,88,0,96,40,0,40,136
12/09/2001,CIC,CA,AWP,WE,Federal Contract Tower,0,3,2,0,5,0,1,30,0,31,0,4,32,0,36,6,0,6,42
12/10/2001,CIC,CA,AWP,WE,Federal Contract Tower,0,5,7,0,12,0,17,51,0,68,0,22,58,0,80,6,0,6,86
12/11/2001,CIC,CA,AWP,WE,Federal Contract Tower,0,7,4,0,11,0,13,83,0,96,0,20,87,0,107,38,0,38,145
12/12/2001,CIC,CA,AWP,WE,Federal Contract Tower,0,7,0,0,7,0,16,60,2,78,0,23,60,2,85,40,0,40,125
12/13/2001,CIC,CA,AWP,WE,Federal Contract Tower,0,12,11,0,23,0,9,47,0,56,0,21,58,0,79,4,0,4,83
12/14/2001,CIC,CA,AWP,WE,Federal Contract Tower,0,7,4,0,11,0,15,39,0,54,0,22,43,0,65,0,0,0,65
12/15/2001,CIC,CA,AWP,WE,Federal Contract Tower,0,6,4,0,10,0,0,102,0,102,0,6,106,0,112,80,0,80,192
12/16/2001,CIC,CA,AWP,WE,Federal Contract Tower,0,3,4,0,7,0,0,53,0,53,0,3,57,0,60,16,0,16,76
12/17/2001,CIC,CA,AWP,WE,Federal Contract Tower,0,19,17,1,37,0,0,10,1,11,0,19,27,2,48,2,0,2,50
12/18/2001,CIC,CA,AWP,WE,Federal Contract Tower,0,12,8,0,20,0,9,26,0,35,0,21,34,0,55,18,0,18,73
12/19/2001,CIC,CA,AWP,WE,Federal Contract Tower,0,14,9,0,23,0,6,35,2,43,0,20,44,2,66,8,0,8,74
12/20/2001,CIC,CA,AWP,WE,Federal Contract Tower,0,18,5,0,23,0,5,20,0,25,0,23,25,0,48,6,0,6,54
12/21/2001,CIC,CA,AWP,WE,Federal Contract Tower,0,12,23,0,35,0,12,44,2,58,0,24,67,2,93,30,0,30,123
12/22/2001,CIC,CA,AWP,WE,Federal Contract Tower,0,6,5,0,11,0,0,13,0,13,0,6,18,0,24,0,0,0,24
12/23/2001,CIC,CA,AWP,WE,Federal Contract Tower,0,3,4,0,7,0,0,65,0,65,0,3,69,0,72,22,0,22,94
12/24/2001,CIC,CA,AWP,WE,Federal Contract Tower,0,6,5,0,11,0,11,32,0,43,0,17,37,0,54,8,0,8,62
12/25/2001,CIC,CA,AWP,WE,Federal Contract Tower,0,3,0,0,3,0,0,24,0,24,0,3,24,0,27,0,0,0,27
12/26/2001,CIC,CA,AWP,WE,Federal Contract Tower,0,9,6,0,15,0,10,29,2,41,0,19,35,2,56,40,0,40,96
12/27/2001,CIC,CA,AWP,WE,Federal Contract Tower,0,16,5,2,23,0,7,10,2,19,0,23,15,4,42,36,0,36,78
12/28/2001,CIC,CA,AWP,WE,Federal Contract Tower,0,18,10,2,30,0,3,6,2,11,0,21,16,4,41,6,0,6,47
12/29/2001,CIC,CA,AWP,WE,Federal Contract Tower,0,8,6,0,14,0,0,5,0,5,0,8,11,0,19,2,0,2,21
12/30/2001,CIC,CA,AWP,WE,Federal Contract Tower,0,3,4,0,7,0,0,0,0,0,0,3,4,0,7,0,0,0,7
12/31/2001,CIC,CA,AWP,WE,Federal Contract Tower,0,10,14,0,24,0,10,8,0,18,0,20,22,0,42,0,0,0,42
01/01/2002,CIC,CA,AWP,WE,Federal Contract Tower,0,2,5,0,7,0,1,2,0,3,0,3,7,0,10,0,0,0,10
01/02/2002,CIC,CA,AWP,WE,Federal Contract Tower,0,22,5,0,27,0,2,0,0,2,0,24,5,0,29,0,0,0,29
01/03/2002,CIC,CA,AWP,WE,Federal Contract Tower,0,4,8,0,12,0,17,63,0,80,0,21,71,0,92,84,0,84,176
01/04/2002,CIC,CA,AWP,WE,Federal Contract Tower,0,8,5,0,13,0,13,94,0,107,0,21,99,0,120,156,0,156,276
01/05/2002,CIC,CA,AWP,WE,Federal Contract Tower,0,7,12,0,19,0,1,0,0,1,0,8,12,0,20,0,0,0,20
01/06/2002,CIC,CA,AWP,WE,Federal Contract Tower,0,3,8,0,11,0,0,0,0,0,0,3,8,0,11,0,0,0,11
01/07/2002,CIC,CA,AWP,WE,Federal Contract Tower,0,14,12,0,26,0,2,2,0,4,0,16,14,0,30,0,0,0,30
01/08/2002,CIC,CA,AWP,WE,Federal Contract Tower,0,13,7,5,25,0,8,22,1,31,0,21,29,6,56,10,16,26,82
01/09/2002,CIC,CA,AWP,WE,Federal Contract Tower,0,7,4,4,15,0,10,58,0,68,0,17,62,4,83,66,24,90,173
01/10/2002,CIC,CA,AWP,WE,Federal Contract Tower,0,6,4,2,12,0,12,76,1,89,0,18,80,3,101,16,6,22,123
01/11/2002,CIC,CA,AWP,WE,Federal Contract Tower,0,9,3,0,12,0,10,53,0,63,0,19,56,0,75,40,4,44,119
01/12/2002,CIC,CA,AWP,WE,Federal Contract Tower,0,6,8,0,14,0,0,8,0,8,0,6,16,0,22,4,0,4,26
01/13/2002,CIC,CA,AWP,WE,Federal Contract Tower,0,4,6,0,10,0,0,18,0,18,0,4,24,0,28,6,0,6,34
01/14/2002,CIC,CA,AWP,WE,Federal Contract Tower,0,6,2,3,11,0,6,64,0,70,0,12,66,3,81,2,4,6,87
01/15/2002,CIC,CA,AWP,WE,Federal Contract Tower,0,4,2,0,6,0,17,84,0,101,0,21,86,0,107,8,0,8,115
01/16/2002,CIC,CA,AWP,WE,Federal Contract Tower,0,4,6,1,11,0,16,77,1,94,0,20,83,2,105,4,0,4,109
01/17/2002,CIC,CA,AWP,WE,Federal Contract Tower,0,8,8,3,19,0,7,69,5,81,0,15,77,8,100,0,0,0,100
01/18/2002,CIC,CA,AWP,WE,Federal Contract Tower,0,6,3,3,12,0,13,110,1,124,0,19,113,4,136,12,2,14,150
01/19/2002,CIC,CA,AWP,WE,Federal Contract Tower,0,6,7,0,13,0,3,80,0,83,0,9,87,0,96,24,0,24,120
01/20/2002,CIC,CA,AWP,WE,Federal Contract Tower,0,3,4,0,7,0,0,63,0,63,0,3,67,0,70,14,0,14,84
01/21/2002,CIC,CA,AWP,WE,Federal Contract Tower,0,9,11,0,20,0,1,14,0,15,0,10,25,0,35,2,0,2,37
01/22/2002,CIC,CA,AWP,WE,Federal Contract Tower,0,6,2,3,11,0,23,60,0,83,0,29,62,3,94,0,34,34,128
01/23/2002,CIC,CA,AWP,WE,Federal Contract Tower,0,6,2,2,10,0,10,94,0,104,0,16,96,2,114,0,0,0,114
01/24/2002,CIC,CA,AWP,WE,Federal Contract Tower,0,8,0,0,8,0,12,106,0,118,0,20,106,0,126,52,0,52,178
01/25/2002,CIC,CA,AWP,WE,Federal Contract Tower,0,7,5,2,14,0,11,98,0,109,0,18,103,2,123,58,20,78,201
01/26/2002,CIC,CA,AWP,WE,Federal Contract Tower,0,8,22,0,30,0,0,14,0,14,0,8,36,0,44,24,0,24,68
01/27/2002,CIC,CA,AWP,WE,Federal Contract Tower,0,3,0,0,3,0,0,73,0,73,0,3,73,0,76,22,0,22,98
01/28/2002,CIC,CA,AWP,WE,Federal Contract Tower,0,16,11,0,27,0,2,1,0,3,0,18,12,0,30,0,0,0,30
01/29/2002,CIC,CA,AWP,WE,Federal Contract Tower,0,8,11,2,21,0,14,112,0,126,0,22,123,2,147,44,0,44,191
01/30/2002,CIC,CA,AWP,WE,Federal Contract Tower,0,3,0,4,7,0,19,71,0,90,0,22,71,4,97,34,0,34,131
01/31/2002,CIC,CA,AWP,WE,Federal Contract Tower,0,6,4,0,10,0,14,75,0,89,0,20,79,0,99,16,0,16,115
02/01/2002,CIC,CA,AWP,WE,Federal Contract Tower,0,7,4,0,11,0,15,66,0,81,0,22,70,0,92,48,0,48,140
02/02/2002,CIC,CA,AWP,WE,Federal Contract Tower,0,5,8,0,13,0,4,104,0,108,0,9,112,0,121,60,0,60,181
02/03/2002,CIC,CA,AWP,WE,Federal Contract Tower,0,2,1,0,3,0,3,97,0,100,0,5,98,0,103,68,0,68,171
02/04/2002,CIC,CA,AWP,WE,Federal Contract Tower,0,7,6,0,13,0,8,78,0,86,0,15,84,0,99,32,4,36,135
02/05/2002,CIC,CA,AWP,WE,Federal Contract Tower,0,5,4,0,9,0,11,75,0,86,0,16,79,0,95,38,0,38,133
02/06/2002,CIC,CA,AWP,WE,Federal Contract Tower,0,7,6,2,15,0,10,64,10,84,0,17,70,12,99,28,0,28,127
02/07/2002,CIC,CA,AWP,WE,Federal Contract Tower,0,17,10,0,27,0,0,4,0,4,0,17,14,0,31,0,0,0,31
02/08/2002,CIC,CA,AWP,WE,Federal Contract Tower,0,6,4,0,10,0,8,81,0,89,0,14,85,0,99,6,0,6,105
02/09/2002,CIC,CA,AWP,WE,Federal Contract Tower,0,5,0,0,5,0,3,92,0,95,0,8,92,0,100,32,0,32,132
02/10/2002,CIC,CA,AWP,WE,Federal Contract Tower,0,3,3,0,6,0,0,69,0,69,0,3,72,0,75,24,0,24,99
02/11/2002,CIC,CA,AWP,WE,Federal Contract Tower,0,4,7,0,11,0,14,68,0,82,0,18,75,0,93,22,4,26,119
02/12/2002,CIC,CA,AWP,WE,Federal Contract Tower,0,5,2,0,7,0,11,126,0,137,0,16,128,0,144,42,0,42,186
02/13/2002,CIC,CA,AWP,WE,Federal Contract Tower,0,5,4,0,9,0,15,52,0,67,0,20,56,0,76,24,0,24,100
02/14/2002,CIC,CA,AWP,WE,Federal Contract Tower,0,6,3,2,11,0,12,81,6,99,0,18,84,8,110,38,0,38,148
02/15/2002,CIC,CA,AWP,WE,Federal Contract Tower,0,12,18,2,32,0,6,50,2,58,0,18,68,4,90,0,0,0,90
02/16/2002,CIC,CA,AWP,WE,Federal Contract Tower,0,6,9,0,15,0,4,100,0,104,0,10,109,0,119,16,0,16,135
02/17/2002,CIC,CA,AWP,WE,Federal Contract Tower,0,3,4,0,7,0,0,45,0,45,0,3,49,0,52,8,0,8,60
02/18/2002,CIC,CA,AWP,WE,Federal Contract Tower,0,4,2,0,6,0,5,63,0,68,0,9,65,0,74,2,0,2,76
02/19/2002,CIC,CA,AWP,WE,Federal Contract Tower,0,21,21,0,42,0,0,2,0,2,0,21,23,0,44,0,0,0,44
02/20/2002,CIC,CA,AWP,WE,Federal Contract Tower,0,14,13,5,32,0,7,33,7,47,0,21,46,12,79,2,8,10,89
02/21/2002,CIC,CA,AWP,WE,Federal Contract Tower,0,0,0,0,0,0,23,75,0,98,0,23,75,0,98,10,0,10,108
02/22/2002,CIC,CA,AWP,WE,Federal Contract Tower,0,4,6,0,10,0,16,92,0,108,0,20,98,0,118,32,0,32,150
02/23/2002,CIC,CA,AWP,WE,Federal Contract Tower,0,4,1,0,5,0,3,64,0,67,0,7,65,0,72,28,0,28,100
02/24/2002,CIC,CA,AWP,WE,Federal Contract Tower,0,3,1,0,4,0,0,146,0,146,0,3,147,0,150,38,0,38,188
02/25/2002,CIC,CA,AWP,WE,Federal Contract Tower,0,4,3,0,7,0,14,77,0,91,0,18,80,0,98,22,2,24,122
02/26/2002,CIC,CA,AWP,WE,Federal Contract Tower,0,5,6,2,13,0,12,84,2,98,0,17,90,4,111,84,0,84,195
02/27/2002,CIC,CA,AWP,WE,Federal Contract Tower,0,6,4,2,12,0,18,94,0,112,0,24,98,2,124,138,8,146,270
02/28/2002,CIC,CA,AWP,WE,Federal Contract Tower,0,4,3,1,8,0,18,75,1,94,0,22,78,2,102,0,24,24,126
03/01/2002,CIC,CA,AWP,WE,Federal Contract Tower,0,4,4,0,8,0,16,69,0,85,0,20,73,0,93,8,0,8,101
03/02/2002,CIC,CA,AWP,WE,Federal Contract Tower,0,4,7,0,11,0,5,87,0,92,0,9,94,0,103,28,0,28,131
03/03/2002,CIC,CA,AWP,WE,Federal Contract Tower,0,3,3,0,6,0,0,90,0,90,0,3,93,0,96,18,0,18,114
03/04/2002,CIC,CA,AWP,WE,Federal Contract Tower,0,4,4,0,8,0,11,87,0,98,0,15,91,0,106,66,0,66,172
03/05/2002,CIC,CA,AWP,WE,Federal Contract Tower,0,8,18,1,27,0,11,60,1,72,0,19,78,2,99,24,0,24,123
03/06/2002,CIC,CA,AWP,WE,Federal Contract Tower,0,11,11,0,22,0,9,24,0,33,0,20,35,0,55,4,0,4,59
03/07/2002,CIC,CA,AWP,WE,Federal Contract Tower,0,12,6,0,18,0,12,35,0,47,0,24,41,0,65,0,0,0,65
03/08/2002,CIC,CA,AWP,WE,Federal Contract Tower,0,7,7,0,14,0,11,104,0,115,0,18,111,0,129,30,0,30,159
03/09/2002,CIC,CA,AWP,WE,Federal Contract Tower,0,4,3,0,7,0,3,90,0,93,0,7,93,0,100,48,0,48,148
03/10/2002,CIC,CA,AWP,WE,Federal Contract Tower,0,3,3,0,6,0,0,26,0,26,0,3,29,0,32,0,0,0,32
03/11/2002,CIC,CA,AWP,WE,Federal Contract Tower,0,4,5,1,10,0,12,58,3,73,0,16,63,4,83,34,0,34,117
03/12/2002,CIC,CA,AWP,WE,Federal Contract Tower,0,4,6,0,10,0,18,71,0,89,0,22,77,0,99,58,0,58,157
03/13/2002,CIC,CA,AWP,WE,Federal Contract Tower,0,4,7,2,13,0,11,68,4,83,0,15,75,6,96,0,0,0,96
03/14/2002,CIC,CA,AWP,WE,Federal Contract Tower,0,4,8,0,12,0,13,98,0,111,0,17,106,0,123,16,0,16,139
03/15/2002,CIC,CA,AWP,WE,Federal Contract Tower,0,4,9,0,13,0,19,102,0,121,0,23,111,0,134,24,0,24,158
03/16/2002,CIC,CA,AWP,WE,Federal Contract Tower,0,5,0,0,5,0,2,71,0,73,0,7,71,0,78,40,0,40,118
03/17/2002,CIC,CA,AWP,WE,Federal Contract Tower,0,3,4,0,7,0,0,82,0,82,0,3,86,0,89,70,0,70,159
03/18/2002,CIC,CA,AWP,WE,Federal Contract Tower,0,4,11,0,15,0,12,83,0,95,0,16,94,0,110,28,0,28,138
03/19/2002,CIC,CA,AWP,WE,Federal Contract Tower,0,4,4,0,8,0,16,102,0,118,0,20,106,0,126,36,0,36,162
03/20/2002,CIC,CA,AWP,WE,Federal Contract Tower,0,5,6,0,11,0,16,122,0,138,0,21,128,0,149,16,0,16,165
03/21/2002,CIC,CA,AWP,WE,Federal Contract Tower,0,4,1,3,8,0,12,82,3,97,0,16,83,6,105,20,0,20,125
03/22/2002,CIC,CA,AWP,WE,Federal Contract Tower,0,13,8,0,21,0,2,30,0,32,0,15,38,0,53,0,0,0,53
03/23/2002,CIC,CA,AWP,WE,Federal Contract Tower,0,6,4,0,10,0,2,19,0,21,0,8,23,0,31,0,0,0,31
03/24/2002,CIC,CA,AWP,WE,Federal Contract Tower,0,3,1,0,4,0,0,60,0,60,0,3,61,0,64,24,0,24,88
03/25/2002,CIC,CA,AWP,WE,Federal Contract Tower,0,5,2,2,9,0,10,47,2,59,0,15,49,4,68,32,2,34,102
03/26/2002,CIC,CA,AWP,WE,Federal Contract Tower,0,4,7,0,11,0,15,89,0,104,0,19,96,0,115,54,0,54,169
03/27/2002,CIC,CA,AWP,WE,Federal Contract Tower,0,0,0,0,0,0,22,87,0,109,0,22,87,0,109,36,0,36,145
03/28/2002,CIC,CA,AWP,WE,Federal Contract Tower,0,8,1,1,10,0,12,62,0,74,0,20,63,1,84,2,0,2,86
03/29/2002,CIC,CA,AWP,WE,Federal Contract Tower,0,5,6,4,15,0,11,93,10,114,0,16,99,14,129,58,18,76,205
03/30/2002,CIC,CA,AWP,WE,Federal Contract Tower,0,4,5,0,9,0,2,131,0,133,0,6,136,0,142,50,0,50,192
03/31/2002,CIC,CA,AWP,WE,Federal Contract Tower,0,3,3,0,6,0,0,71,0,71,0,3,74,0,77,6,0,6,83
04/01/2002,CIC,CA,AWP,WE,Federal Contract Tower,0,3,3,6,12,0,15,71,0,86,0,18,74,6,98,30,12,42,140
04/02/2002,CIC,CA,AWP,WE,Federal Contract Tower,0,5,2,2,9,0,14,79,2,95,0,19,81,4,104,24,2,26,130
04/03/2002,CIC,CA,AWP,WE,Federal Contract Tower,0,5,2,2,9,0,21,73,2,96,0,26,75,4,105,58,0,58,163
04/04/2002,CIC,CA,AWP,WE,Federal Contract Tower,0,12,19,0,31,0,7,52,0,59,0,19,71,0,90,80,0,80,170
04/05/2002,CIC,CA,AWP,WE,Federal Contract Tower,0,7,15,0,22,0,10,68,0,78,0,17,83,0,100,34,0,34,134
04/06/2002,CIC,CA,AWP,WE,Federal Contract Tower,0,4,4,0,8,0,5,68,0,73,0,9,72,0,81,30,0,30,111
04/07/2002,CIC,CA,AWP,WE,Federal Contract Tower,0,3,3,0,6,0,0,107,0,107,0,3,110,0,113,78,0,78,191
04/08/2002,CIC,CA,AWP,WE,Federal Contract Tower,0,5,2,1,8,0,11,37,1,49,0,16,39,2,57,0,0,0,57
04/09/2002,CIC,CA,AWP,WE,Federal Contract Tower,0,6,4,0,10,0,13,31,0,44,0,19,35,0,54,0,0,0,54
04/10/2002,CIC,CA,AWP,WE,Federal Contract Tower,0,8,9,2,19,0,14,65,0,79,0,22,74,2,98,16,0,16,114
04/11/2002,CIC,CA,AWP,WE,Federal Contract Tower,0,4,4,0,8,0,16,61,0,77,0,20,65,0,85,50,0,50,135
04/12/2002,CIC,CA,AWP,WE,Federal Contract Tower,0,5,8,1,14,0,14,108,3,125,0,19,116,4,139,34,0,34,173
04/13/2002,CIC,CA,AWP,WE,Federal Contract Tower,0,4,7,0,11,0,3,90,0,93,0,7,97,0,104,20,0,20,124
04/14/2002,CIC,CA,AWP,WE,Federal Contract Tower,0,4,4,0,8,0,0,82,0,82,0,4,86,0,90,18,0,18,108
04/15/2002,CIC,CA,AWP,WE,Federal Contract Tower,0,5,8,2,15,0,18,65,2,85,0,23,73,4,100,48,0,48,148
04/16/2002,CIC,CA,AWP,WE,Federal Contract Tower,0,7,7,5,19,0,11,37,3,51,0,18,44,8,70,4,22,26,96
04/17/2002,CIC,CA,AWP,WE,Federal Contract Tower,0,4,4,5,13,0,17,56,0,73,0,21,60,5,86,52,0,52,138
04/18/2002,CIC,CA,AWP,WE,Federal Contract Tower,0,4,3,0,7,0,17,65,0,82,0,21,68,0,89,18,0,18,107
04/19/2002,CIC,CA,AWP,WE,Federal Contract Tower,0,5,2,2,9,0,10,102,0,112,0,15,104,2,121,10,12,22,143
04/20/2002,CIC,CA,AWP,WE,Federal Contract Tower,0,4,4,0,8,0,2,136,1,139,0,6,140,1,147,66,0,66,213
04/21/2002,CIC,CA,AWP,WE,Federal Contract Tower,0,3,2,0,5,0,0,111,0,111,0,3,113,0,116,42,0,42,158
04/22/2002,CIC,CA,AWP,WE,Federal Contract Tower,0,3,4,2,9,0,12,94,0,106,0,15,98,2,115,72,2,74,189
04/23/2002,CIC,CA,AWP,WE,Federal Contract Tower,0,5,7,0,12,0,3,97,0,100,0,8,104,0,112,72,4,76,188
04/24/2002,CIC,CA,AWP,WE,Federal Contract Tower,0,4,5,1,10,0,15,90,13,118,0,19,95,14,128,60,0,60,188
04/25/2002,CIC,CA,AWP,WE,Federal Contract Tower,0,4,5,0,9,0,17,79,9,105,0,21,84,9,114,50,2,52,166
04/26/2002,CIC,CA,AWP,WE,Federal Contract Tower,0,5,13,2,20,0,13,66,4,83,0,18,79,6,103,28,12,40,143
04/27/2002,CIC,CA,AWP,WE,Federal Contract Tower,0,8,1,0,9,0,0,37,0,37,0,8,38,0,46,12,0,12,58
04/28/2002,CIC,CA,AWP,WE,Federal Contract Tower,0,3,3,0,6,0,0,65,0,65,0,3,68,0,71,6,0,6,77
04/29/2002,CIC,CA,AWP,WE,Federal Contract Tower,0,7,12,4,23,0,13,42,0,55,0,20,54,4,78,2,14,16,94
04/30/2002,CIC,CA,AWP,WE,Federal Contract Tower,0,6,9,0,15,0,15,60,0,75,0,21,69,0,90,24,0,24,114
05/01/2002,CIC,CA,AWP,WE,Federal Contract Tower,0,4,7,3,14,0,16,88,0,104,0,20,95,3,118,26,16,42,160
05/02/2002,CIC,CA,AWP,WE,Federal Contract Tower,0,4,5,0,9,0,18,118,0,136,0,22,123,0,145,24,0,24,169
05/03/2002,CIC,CA,AWP,WE,Federal Contract Tower,0,6,17,0,23,0,10,60,0,70,0,16,77,0,93,20,0,20,113
05/04/2002,CIC,CA,AWP,WE,Federal Contract Tower,0,4,5,0,9,0,3,140,0,143,0,7,145,0,152,30,0,30,182
05/05/2002,CIC,CA,AWP,WE,Federal Contract Tower,0,3,4,0,7,0,0,125,0,125,0,3,129,0,132,38,0,38,170
05/06/2002,CIC,CA,AWP,WE,Federal Contract Tower,0,0,0,0,0,0,16,69,0,85,0,16,69,0,85,42,0,42,127
05/07/2002,CIC,CA,AWP,WE,Federal Contract Tower,0,6,4,0,10,0,16,72,0,88,0,22,76,0,98,10,0,10,108
05/08/2002,CIC,CA,AWP,WE,Federal Contract Tower,0,4,0,0,4,0,19,83,0,102,0,23,83,0,106,42,0,42,148
05/09/2002,CIC,CA,AWP,WE,Federal Contract Tower,0,4,1,3,8,0,15,104,1,120,0,19,105,4,128,18,28,46,174
05/10/2002,CIC,CA,AWP,WE,Federal Contract Tower,0,4,7,1,12,0,14,88,1,103,0,18,95,2,115,38,0,38,153
05/11/2002,CIC,CA,AWP,WE,Federal Contract Tower,0,4,4,0,8,0,3,88,0,91,0,7,92,0,99,2,0,2,101
05/12/2002,CIC,CA,AWP,WE,Federal Contract Tower,0,3,1,0,4,0,0,109,0,109,0,3,110,0,113,30,0,30,143
05/13/2002,CIC,CA,AWP,WE,Federal Contract Tower,0,0,0,0,0,0,15,67,4,86,0,15,67,4,86,14,2,16,102
05/14/2002,CIC,CA,AWP,WE,Federal Contract Tower,0,5,3,0,8,0,14,75,0,89,0,19,78,0,97,24,0,24,121
05/15/2002,CIC,CA,AWP,WE,Federal Contract Tower,0,8,8,0,16,0,16,74,0,90,0,24,82,0,106,42,0,42,148
05/16/2002,CIC,CA,AWP,WE,Federal Contract Tower,0,4,8,0,12,0,21,66,0,87,0,25,74,0,99,34,0,34,133
05/17/2002,CIC,CA,AWP,WE,Federal Contract Tower,0,4,3,0,7,0,15,87,0,102,0,19,90,0,109,24,0,24,133
05/18/2002,CIC,CA,AWP,WE,Federal Contract Tower,0,4,0,0,4,0,3,63,2,68,0,7,63,2,72,22,0,22,94
05/19/2002,CIC,CA,AWP,WE,Federal Contract Tower,0,3,5,0,8,0,0,38,0,38,0,3,43,0,46,14,0,14,60
05/20/2002,CIC,CA,AWP,WE,Federal Contract Tower,0,5,1,2,8,0,8,23,0,31,0,13,24,2,39,0,6,6,45
05/21/2002,CIC,CA,AWP,WE,Federal Contract Tower,0,7,4,1,12,0,12,36,2,50,0,19,40,3,62,46,4,50,112
05/22/2002,CIC,CA,AWP,WE,Federal Contract Tower,0,3,2,0,5,0,16,67,0,83,0,19,69,0,88,36,0,36,124
05/23/2002,CIC,CA,AWP,WE,Federal Contract Tower,0,4,4,0,8,0,15,86,2,103,0,19,90,2,111,40,0,40,151
05/24/2002,CIC,CA,AWP,WE,Federal Contract Tower,0,4,4,0,8,0,15,96,0,111,0,19,100,0,119,2,0,2,121
05/25/2002,CIC,CA,AWP,WE,Federal Contract Tower,0,4,5,0,9,0,3,109,2,114,0,7,114,2,123,8,0,8,131
05/26/2002,CIC,CA,AWP,WE,Federal Contract Tower,0,4,4,0,8,0,0,89,0,89,0,4,93,0,97,12,0,12,109
05/27/2002,CIC,CA,AWP,WE,Federal Contract Tower,0,3,3,0,6,0,0,105,0,105,0,3,108,0,111,10,0,10,121
05/28/2002,CIC,CA,AWP,WE,Federal Contract Tower,0,5,5,0,10,0,24,71,0,95,0,29,76,0,105,20,0,20,125
05/29/2002,CIC,CA,AWP,WE,Federal Contract Tower,0,7,4,0,11,0,16,77,0,93,0,23,81,0,104,26,0,26,130
05/30/2002,CIC,CA,AWP,WE,Federal Contract Tower,0,6,0,0,6,0,12,80,4,96,0,18,80,4,102,10,10,20,122
05/31/2002,CIC,CA,AWP,WE,Federal Contract Tower,0,5,4,0,9,0,10,92,4,106,0,15,96,4,115,32,0,32,147
06/01/2002,CIC,CA,AWP,WE,Federal Contract Tower,0,0,0,0,0,0,6,53,0,59,0,6,53,0,59,0,0,0,59
06/02/2002,CIC,CA,AWP,WE,Federal Contract Tower,0,2,4,0,6,0,1,75,0,76,0,3,79,0,82,6,0,6,88
06/03/2002,CIC,CA,AWP,WE,Federal Contract Tower,0,3,2,3,8,0,16,81,1,98,0,19,83,4,106,4,0,4,110
06/04/2002,CIC,CA,AWP,WE,Federal Contract Tower,0,3,3,0,6,0,19,63,0,82,0,22,66,0,88,46,0,46,134
06/05/2002,CIC,CA,AWP,WE,Federal Contract Tower,0,4,5,2,11,0,16,79,13,108,0,20,84,15,119,6,23,29,148
06/06/2002,CIC,CA,AWP,WE,Federal Contract Tower,0,4,1,2,7,0,16,81,2,99,0,20,82,4,106,28,8,36,142
06/07/2002,CIC,CA,AWP,WE,Federal Contract Tower,0,5,3,2,10,0,12,69,2,83,0,17,72,4,93,34,0,34,127
06/08/2002,CIC,CA,AWP,WE,Federal Contract Tower,0,0,0,0,0,0,6,108,0,114,0,6,108,0,114,0,0,0,114
06/09/2002,CIC,CA,AWP,WE,Federal Contract Tower,0,3,1,0,4,0,0,76,0,76,0,3,77,0,80,0,0,0,80
06/10/2002,CIC,CA,AWP,WE,Federal Contract Tower,0,4,6,10,20,0,14,63,8,85,0,18,69,18,105,16,0,16,121
06/11/2002,CIC,CA,AWP,WE,Federal Contract Tower,0,4,7,4,15,0,13,65,13,91,0,17,72,17,106,18,4,22,128
06/12/2002,CIC,CA,AWP,WE,Federal Contract Tower,0,4,4,0,8,0,13,71,2,86,0,17,75,2,94,10,0,10,104
06/13/2002,CIC,CA,AWP,WE,Federal Contract Tower,0,4,7,0,11,0,13,106,0,119,0,17,113,0,130,14,0,14,144
06/14/2002,CIC,CA,AWP,WE,Federal Contract Tower,0,2,2,4,8,0,15,88,4,107,0,17,90,8,115,50,0,50,165
06/15/2002,CIC,CA,AWP,WE,Federal Contract Tower,0,4,3,0,7,0,3,70,0,73,0,7,73,0,80,12,0,12,92
06/16/2002,CIC,CA,AWP,WE,Federal Contract Tower,0,3,1,0,4,0,0,89,0,89,0,3,90,0,93,34,0,34,127
06/17/2002,CIC,CA,AWP,WE,Federal Contract Tower,0,4,5,0,9,0,14,95,4,113,0,18,100,4,122,0,0,0,122
06/18/2002,CIC,CA,AWP,WE,Federal Contract Tower,0,4,5,0,9,0,14,69,0,83,0,18,74,0,92,24,0,24,116
06/19/2002,CIC,CA,AWP,WE,Federal Contract Tower,0,5,3,1,9,0,18,79,7,104,0,23,82,8,113,8,22,30,143
06/20/2002,CIC,CA,AWP,WE,Federal Contract Tower,0,6,1,1,8,0,17,103,1,121,0,23,104,2,129,24,0,24,153
06/21/2002,CIC,CA,AWP,WE,Federal Contract Tower,0,4,1,3,8,0,17,106,3,126,0,21,107,6,134,26,0,26,160
06/22/2002,CIC,CA,AWP,WE,Federal Contract Tower,0,5,1,0,6,0,2,76,0,78,0,7,77,0,84,32,0,32,116
06/23/2002,CIC,CA,AWP,WE,Federal Contract Tower,0,3,5,0,8,0,0,91,0,91,0,3,96,0,99,40,0,40,139
06/24/2002,CIC,CA,AWP,WE,Federal Contract Tower,0,4,7,1,12,0,11,49,1,61,0,15,56,2,73,46,25,71,144
06/25/2002,CIC,CA,AWP,WE,Federal Contract Tower,0,7,6,2,15,0,10,86,1,97,0,17,92,3,112,48,13,61,173
06/26/2002,CIC,CA,AWP,WE,Federal Contract Tower,0,7,3,0,10,0,11,87,0,98,0,18,90,0,108,12,0,12,120
06/27/2002,CIC,CA,AWP,WE,Federal Contract Tower,0,4,7,2,13,0,14,111,4,129,0,18,118,6,142,52,26,78,220
06/28/2002,CIC,CA,AWP,WE,Federal Contract Tower,0,4,2,0,6,0,13,114,0,127,0,17,116,0,133,52,0,52,185
06/29/2002,CIC,CA,AWP,WE,Federal Contract Tower,0,4,6,0,10,0,3,81,0,84,0,7,87,0,94,30,0,30,124
06/30/2002,CIC,CA,AWP,WE,Federal Contract Tower,0,3,0,0,3,0,1,95,0,96,0,4,95,0,99,20,0,20,119
07/01/2002,CIC,CA,AWP,WE,Federal Contract Tower,0,4,3,2,9,0,13,73,0,86,0,17,76,2,95,32,0,32,127
07/02/2002,CIC,CA,AWP,WE,Federal Contract Tower,0,4,3,0,7,0,14,73,0,87,0,18,76,0,94,32,0,32,126
07/03/2002,CIC,CA,AWP,WE,Federal Contract Tower,0,5,3,7,15,0,13,86,5,104,0,18,89,12,119,28,0,28,147
07/04/2002,CIC,CA,AWP,WE,Federal Contract Tower,0,4,4,0,8,0,2,71,0,73,0,6,75,0,81,0,0,0,81
07/05/2002,CIC,CA,AWP,WE,Federal Contract Tower,0,6,12,0,18,0,6,86,0,92,0,12,98,0,110,20,0,20,130
07/06/2002,CIC,CA,AWP,WE,Federal Contract Tower,0,4,0,0,4,0,2,108,0,110,0,6,108,0,114,11,0,11,125
07/07/2002,CIC,CA,AWP,WE,Federal Contract Tower,0,3,6,0,9,0,0,65,0,65,0,3,71,0,74,48,0,48,122
07/08/2002,CIC,CA,AWP,WE,Federal Contract Tower,0,4,0,1,5,0,12,72,5,89,0,16,72,6,94,0,6,6,100
07/09/2002,CIC,CA,AWP,WE,Federal Contract Tower,0,4,3,1,8,0,11,89,3,103,0,15,92,4,111,42,0,42,153
07/10/2002,CIC,CA,AWP,WE,Federal Contract Tower,0,6,5,0,11,0,12,100,2,114,0,18,105,2,125,58,0,58,183
07/11/2002,CIC,CA,AWP,WE,Federal Contract Tower,0,4,2,1,7,0,14,79,1,94,0,18,81,2,101,18,0,18,119
07/12/2002,CIC,CA,AWP,WE,Federal Contract Tower,0,4,2,0,6,0,10,79,0,89,0,14,81,0,95,42,0,42,137
07/13/2002,CIC,CA,AWP,WE,Federal Contract Tower,0,0,0,0,0,0,7,74,0,81,0,7,74,0,81,20,0,20,101
07/14/2002,CIC,CA,AWP,WE,Federal Contract Tower,0,3,0,0,3,0,0,71,0,71,0,3,71,0,74,18,0,18,92
07/15/2002,CIC,CA,AWP,WE,Federal Contract Tower,0,4,12,0,16,0,11,81,0,92,0,15,93,0,108,34,0,34,142
07/16/2002,CIC,CA,AWP,WE,Federal Contract Tower,0,4,1,0,5,0,11,93,2,106,0,15,94,2,111,42,0,42,153
07/17/2002,CIC,CA,AWP,WE,Federal Contract Tower,0,4,6,0,10,0,13,78,0,91,0,17,84,0,101,28,0,28,129
07/18/2002,CIC,CA,AWP,WE,Federal Contract Tower,0,4,3,2,9,0,10,94,0,104,0,14,97,2,113,32,0,32,145
07/19/2002,CIC,CA,AWP,WE,Federal Contract Tower,0,4,5,2,11,0,14,100,2,116,0,18,105,4,127,34,14,48,175
07/20/2002,CIC,CA,AWP,WE,Federal Contract Tower,0,4,3,0,7,0,3,98,0,101,0,7,101,0,108,10,0,10,118
07/21/2002,CIC,CA,AWP,WE,Federal Contract Tower,0,3,8,0,11,0,0,64,0,64,0,3,72,0,75,24,0,24,99
07/22/2002,CIC,CA,AWP,WE,Federal Contract Tower,0,4,0,0,4,0,13,136,4,153,0,17,136,4,157,6,0,6,163
07/23/2002,CIC,CA,AWP,WE,Federal Contract Tower,0,4,5,0,9,0,15,102,3,120,0,19,107,3,129,54,0,54,183
07/24/2002,CIC,CA,AWP,WE,Federal Contract Tower,0,6,1,0,7,0,14,96,0,110,0,20,97,0,117,26,0,26,143
07/25/2002,CIC,CA,AWP,WE,Federal Contract Tower,0,5,3,1,9,0,12,103,1,116,0,17,106,2,125,50,10,60,185
07/26/2002,CIC,CA,AWP,WE,Federal Contract Tower,0,4,0,4,8,0,12,85,4,101,0,16,85,8,109,20,16,36,145
07/27/2002,CIC,CA,AWP,WE,Federal Contract Tower,0,2,2,0,4,0,3,60,0,63,0,5,62,0,67,2,0,2,69
07/28/2002,CIC,CA,AWP,WE,Federal Contract Tower,0,3,0,0,3,0,0,74,0,74,0,3,74,0,77,2,0,2,79
07/29/2002,CIC,CA,AWP,WE,Federal Contract Tower,0,4,4,0,8,0,11,76,0,87,0,15,80,0,95,20,0,20,115
07/30/2002,CIC,CA,AWP,WE,Federal Contract Tower,0,7,3,1,11,0,12,83,0,95,0,19,86,1,106,34,0,34,140
07/31/2002,CIC,CA,AWP,WE,Federal Contract Tower,0,5,5,0,10,0,13,75,4,92,0,18,80,4,102,18,0,18,120
08/01/2002,CIC,CA,AWP,WE,Federal Contract Tower,0,6,4,1,11,0,13,80,5,98,0,19,84,6,109,57,28,85,194
08/02/2002,CIC,CA,AWP,WE,Federal Contract Tower,0,5,8,0,13,0,14,83,0,97,0,19,91,0,110,10,0,10,120
08/03/2002,CIC,CA,AWP,WE,Federal Contract Tower,0,5,1,0,6,0,0,70,0,70,0,5,71,0,76,12,0,12,88
08/04/2002,CIC,CA,AWP,WE,Federal Contract Tower,0,2,2,0,4,0,0,91,0,91,0,2,93,0,95,16,0,16,111
08/05/2002,CIC,CA,AWP,WE,Federal Contract Tower,0,4,7,0,11,0,10,91,0,101,0,14,98,0,112,12,0,12,124
08/06/2002,CIC,CA,AWP,WE,Federal Contract Tower,0,4,1,0,5,0,14,82,6,102,0,18,83,6,107,42,0,42,149
08/07/2002,CIC,CA,AWP,WE,Federal Contract Tower,0,4,9,0,13,0,18,66,0,84,0,22,75,0,97,14,4,18,115
08/08/2002,CIC,CA,AWP,WE,Federal Contract Tower,0,4,6,1,11,0,16,68,1,85,0,20,74,2,96,14,0,14,110
08/09/2002,CIC,CA,AWP,WE,Federal Contract Tower,0,4,2,0,6,0,13,104,1,118,0,17,106,1,124,70,0,70,194
08/10/2002,CIC,CA,AWP,WE,Federal Contract Tower,0,4,3,0,7,0,2,94,0,96,0,6,97,0,103,62,0,62,165
08/11/2002,CIC,CA,AWP,WE,Federal Contract Tower,0,3,2,0,5,0,0,94,0,94,0,3,96,0,99,10,0,10,109
08/12/2002,CIC,CA,AWP,WE,Federal Contract Tower,0,4,3,0,7,0,15,77,0,92,0,19,80,0,99,30,0,30,129
08/13/2002,CIC,CA,AWP,WE,Federal Contract Tower,0,4,3,2,9,0,16,61,8,85,0,20,64,10,94,24,0,24,118
08/14/2002,CIC,CA,AWP,WE,Federal Contract Tower,0,8,4,0,12,0,11,69,0,80,0,19,73,0,92,46,0,46,138
08/15/2002,CIC,CA,AWP,WE,Federal Contract Tower,0,2,2,0,4,0,13,91,0,104,0,15,93,0,108,71,0,71,179
08/16/2002,CIC,CA,AWP,WE,Federal Contract Tower,0,4,6,0,10,0,12,87,0,99,0,16,93,0,109,16,0,16,125
08/17/2002,CIC,CA,AWP,WE,Federal Contract Tower,0,4,7,0,11,0,3,98,0,101,0,7,105,0,112,4,0,4,116
08/18/2002,CIC,CA,AWP,WE,Federal Contract Tower,0,2,6,0,8,0,0,93,0,93,0,2,99,0,101,16,0,16,117
08/19/2002,CIC,CA,AWP,WE,Federal Contract Tower,0,4,11,0,15,0,13,88,0,101,0,17,99,0,116,22,0,22,138
08/20/2002,CIC,CA,AWP,WE,Federal Contract Tower,0,6,4,0,10,0,17,70,0,87,0,23,74,0,97,20,0,20,117
08/21/2002,CIC,CA,AWP,WE,Federal Contract Tower,0,4,2,3,9,0,17,64,1,82,0,21,66,4,91,34,20,54,145
08/22/2002,CIC,CA,AWP,WE,Federal Contract Tower,0,4,1,0,5,0,16,94,2,112,0,20,95,2,117,18,0,18,135
08/23/2002,CIC,CA,AWP,WE,Federal Contract Tower,0,3,4,0,7,0,14,105,0,119,0,17,109,0,126,33,0,33,159
08/24/2002,CIC,CA,AWP,WE,Federal Contract Tower,0,4,1,0,5,0,4,90,0,94,0,8,91,0,99,14,0,14,113
08/25/2002,CIC,CA,AWP,WE,Federal Contract Tower,0,3,2,0,5,0,0,65,0,65,0,3,67,0,70,22,0,22,92
08/26/2002,CIC,CA,AWP,WE,Federal Contract Tower,0,4,4,0,8,0,9,80,3,92,0,13,84,3,100,48,0,48,148
08/27/2002,CIC,CA,AWP,WE,Federal Contract Tower,0,6,8,1,15,0,18,73,1,92,0,24,81,2,107,44,0,44,151
08/28/2002,CIC,CA,AWP,WE,Federal Contract Tower,0,4,5,0,9,0,16,72,0,88,0,20,77,0,97,24,0,24,121
08/29/2002,CIC,CA,AWP,WE,Federal Contract Tower,0,4,4,0,8,0,13,81,2,96,0,17,85,2,104,24,8,32,136
08/30/2002,CIC,CA,AWP,WE,Federal Contract Tower,0,4,1,2,7,0,22,95,2,119,0,26,96,4,126,24,0,24,150
08/31/2002,CIC,CA,AWP,WE,Federal Contract Tower,0,4,4,0,8,0,3,89,0,92,0,7,93,0,100,6,0,6,106
09/01/2002,CIC,CA,AWP,WE,Federal Contract Tower,0,2,0,0,2,0,1,73,0,74,0,3,73,0,76,2,0,2,78
09/02/2002,CIC,CA,AWP,WE,Federal Contract Tower,0,5,0,0,5,0,0,102,0,102,0,5,102,0,107,22,0,22,129
09/03/2002,CIC,CA,AWP,WE,Federal Contract Tower,0,7,1,0,8,0,17,60,0,77,0,24,61,0,85,18,0,18,103
09/04/2002,CIC,CA,AWP,WE,Federal Contract Tower,0,4,0,4,8,0,21,93,6,120,0,25,93,10,128,4,0,4,132
09/05/2002,CIC,CA,AWP,WE,Federal Contract Tower,0,4,4,0,8,0,12,73,0,85,0,16,77,0,93,62,0,62,155
09/06/2002,CIC,CA,AWP,WE,Federal Contract Tower,0,4,4,0,8,0,13,84,0,97,0,17,88,0,105,4,0,4,109
09/07/2002,CIC,CA,AWP,WE,Federal Contract Tower,0,4,0,0,4,0,2,97,0,99,0,6,97,0,103,22,0,22,125
09/08/2002,CIC,CA,AWP,WE,Federal Contract Tower,0,3,7,0,10,0,0,88,0,88,0,3,95,0,98,8,0,8,106
09/09/2002,CIC,CA,AWP,WE,Federal Contract Tower,0,6,2,0,8,0,9,56,2,67,0,15,58,2,75,10,6,16,91
09/10/2002,CIC,CA,AWP,WE,Federal Contract Tower,0,4,2,0,6,0,13,82,0,95,0,17,84,0,101,24,0,24,125
09/11/2002,CIC,CA,AWP,WE,Federal Contract Tower,0,4,3,2,9,0,16,83,2,101,0,20,86,4,110,18,28,46,156
09/12/2002,CIC,CA,AWP,WE,Federal Contract Tower,0,4,5,0,9,0,17,84,0,101,0,21,89,0,110,22,0,22,132
09/13/2002,CIC,CA,AWP,WE,Federal Contract Tower,0,4,5,1,10,0,19,102,1,122,0,23,107,2,132,20,0,20,152
09/14/2002,CIC,CA,AWP,WE,Federal Contract Tower,0,4,3,0,7,0,4,100,0,104,0,8,103,0,111,12,0,12,123
09/15/2002,CIC,CA,AWP,WE,Federal Contract Tower,0,3,4,0,7,0,1,85,0,86,0,4,89,0,93,10,0,10,103
09/16/2002,CIC,CA,AWP,WE,Federal Contract Tower,0,4,10,0,14,0,16,84,0,100,0,20,94,0,114,6,0,6,120
09/17/2002,CIC,CA,AWP,WE,Federal Contract Tower,0,5,0,0,5,0,15,77,0,92,0,20,77,0,97,14,0,14,111
09/18/2002,CIC,CA,AWP,WE,Federal Contract Tower,0,5,5,0,10,0,18,82,0,100,0,23,87,0,110,40,0,40,150
09/19/2002,CIC,CA,AWP,WE,Federal Contract Tower,0,4,1,0,5,0,19,116,4,139,0,23,117,4,144,78,12,90,234
09/20/2002,CIC,CA,AWP,WE,Federal Contract Tower,0,4,0,0,4,0,11,103,0,114,0,15,103,0,118,52,0,52,170
09/21/2002,CIC,CA,AWP,WE,Federal Contract Tower,0,4,1,0,5,0,3,89,0,92,0,7,90,0,97,56,0,56,153
09/22/2002,CIC,CA,AWP,WE,Federal Contract Tower,0,3,2,0,5,0,0,88,0,88,0,3,90,0,93,22,0,22,115
09/23/2002,CIC,CA,AWP,WE,Federal Contract Tower,0,4,3,0,7,0,10,99,0,109,0,14,102,0,116,52,0,52,168
09/24/2002,CIC,CA,AWP,WE,Federal Contract Tower,0,4,11,1,16,0,16,96,10,122,0,20,107,11,138,50,0,50,188
09/25/2002,CIC,CA,AWP,WE,Federal Contract Tower,0,5,3,0,8,0,14,78,0,92,0,19,81,0,100,18,0,18,118
09/26/2002,CIC,CA,AWP,WE,Federal Contract Tower,0,5,13,3,21,0,13,77,3,93,0,18,90,6,114,72,0,72,186
09/27/2002,CIC,CA,AWP,WE,Federal Contract Tower,0,3,1,0,4,0,17,74,0,91,0,20,75,0,95,27,0,27,122
09/28/2002,CIC,CA,AWP,WE,Federal Contract Tower,0,4,0,0,4,0,2,78,0,80,0,6,78,0,84,60,0,60,144
09/29/2002,CIC,CA,AWP,WE,Federal Contract Tower,0,3,3,0,6,0,0,88,0,88,0,3,91,0,94,26,0,26,120
09/30/2002,CIC,CA,AWP,WE,Federal Contract Tower,0,5,3,0,8,0,16,57,4,77,0,21,60,4,85,45,0,45,130
10/01/2002,CIC,CA,AWP,WE,Federal Contract Tower,0,5,3,0,8,0,15,72,0,87,0,20,75,0,95,36,0,36,131
10/02/2002,CIC,CA,AWP,WE,Federal Contract Tower,0,4,1,0,5,0,16,40,2,58,0,20,41,2,63,4,1,5,68
10/03/2002,CIC,CA,AWP,WE,Federal Contract Tower,0,8,2,1,11,0,9,74,3,86,0,17,76,4,97,20,0,20,117
10/04/2002,CIC,CA,AWP,WE,Federal Contract Tower,0,7,3,2,12,0,11,80,4,95,0,18,83,6,107,18,0,18,125
10/05/2002,CIC,CA,AWP,WE,Federal Contract Tower,0,2,4,0,6,0,3,85,0,88,0,5,89,0,94,34,0,34,128
10/06/2002,CIC,CA,AWP,WE,Federal Contract Tower,0,3,1,0,4,0,0,69,0,69,0,3,70,0,73,14,0,14,87
10/07/2002,CIC,CA,AWP,WE,Federal Contract Tower,0,4,1,0,5,0,10,86,4,100,0,14,87,4,105,0,0,0,105
10/08/2002,CIC,CA,AWP,WE,Federal Contract Tower,0,4,7,4,15,0,15,77,4,96,0,19,84,8,111,20,0,20,131
10/09/2002,CIC,CA,AWP,WE,Federal Contract Tower,0,4,1,1,6,0,15,90,3,108,0,19,91,4,114,42,0,42,156
10/10/2002,CIC,CA,AWP,WE,Federal Contract Tower,0,7,5,0,12,0,12,58,4,74,0,19,63,4,86,46,4,50,136
10/11/2002,CIC,CA,AWP,WE,Federal Contract Tower,0,6,4,2,12,0,11,101,6,118,0,17,105,8,130,52,0,52,182
10/12/2002,CIC,CA,AWP,WE,Federal Contract Tower,0,3,2,0,5,0,2,94,0,96,0,5,96,0,101,26,0,26,127
10/13/2002,CIC,CA,AWP,WE,Federal Contract Tower,0,3,2,0,5,0,0,89,0,89,0,3,91,0,94,19,0,19,113
10/14/2002,CIC,CA,AWP,WE,Federal Contract Tower,0,4,4,0,8,0,6,100,0,106,0,10,104,0,114,48,0,48,162
10/15/2002,CIC,CA,AWP,WE,Federal Contract Tower,0,4,7,0,11,0,15,80,0,95,0,19,87,0,106,28,0,28,134
10/16/2002,CIC,CA,AWP,WE,Federal Contract Tower,0,6,3,3,12,0,17,53,1,71,0,23,56,4,83,70,0,70,153
10/17/2002,CIC,CA,AWP,WE,Federal Contract Tower,0,4,4,2,10,0,20,99,2,121,0,24,103,4,131,88,0,88,219
10/18/2002,CIC,CA,AWP,WE,Federal Contract Tower,0,0,0,0,0,0,18,76,0,94,0,18,76,0,94,12,0,12,106
10/19/2002,CIC,CA,AWP,WE,Federal Contract Tower,0,5,2,0,7,0,2,90,0,92,0,7,92,0,99,53,0,53,152
10/20/2002,CIC,CA,AWP,WE,Federal Contract Tower,0,3,5,0,8,0,0,94,0,94,0,3,99,0,102,34,0,34,136
10/21/2002,CIC,CA,AWP,WE,Federal Contract Tower,0,7,4,0,11,0,17,82,0,99,0,24,86,0,110,38,16,54,164
10/22/2002,CIC,CA,AWP,WE,Federal Contract Tower,0,2,3,4,9,0,18,77,4,99,0,20,80,8,108,24,0,24,132
10/23/2002,CIC,CA,AWP,WE,Federal Contract Tower,0,5,14,0,19,0,13,70,0,83,0,18,84,0,102,34,0,34,136
10/24/2002,CIC,CA,AWP,WE,Federal Contract Tower,0,8,7,0,15,0,20,60,0,80,0,28,67,0,95,40,0,40,135
10/25/2002,CIC,CA,AWP,WE,Federal Contract Tower,0,6,7,0,13,0,19,67,0,86,0,25,74,0,99,42,0,42,141
10/26/2002,CIC,CA,AWP,WE,Federal Contract Tower,0,4,0,0,4,0,2,97,0,99,0,6,97,0,103,30,0,30,133
10/27/2002,CIC,CA,AWP,WE,Federal Contract Tower,0,3,6,0,9,0,0,85,0,85,0,3,91,0,94,27,0,27,121
10/28/2002,CIC,CA,AWP,WE,Federal Contract Tower,0,4,2,2,8,0,13,74,2,89,0,17,76,4,97,22,26,48,145
10/29/2002,CIC,CA,AWP,WE,Federal Contract Tower,0,2,3,0,5,0,22,63,0,85,0,24,66,0,90,24,0,24,114
10/30/2002,CIC,CA,AWP,WE,Federal Contract Tower,0,0,0,0,0,0,21,94,0,115,0,21,94,0,115,30,0,30,145
10/31/2002,CIC,CA,AWP,WE,Federal Contract Tower,0,0,0,0,0,0,21,75,9,105,0,21,75,9,105,6,12,18,123
11/01/2002,CIC,CA,AWP,WE,Federal Contract Tower,0,4,10,0,14,0,14,91,0,105,0,18,101,0,119,8,0,8,127
11/02/2002,CIC,CA,AWP,WE,Federal Contract Tower,0,4,2,0,6,0,3,101,0,104,0,7,103,0,110,34,0,34,144
11/03/2002,CIC,CA,AWP,WE,Federal Contract Tower,0,3,1,0,4,0,0,103,0,103,0,3,104,0,107,50,0,50,157
11/04/2002,CIC,CA,AWP,WE,Federal Contract Tower,0,4,0,0,4,0,15,64,0,79,0,19,64,0,83,10,0,10,93
11/05/2002,CIC,CA,AWP,WE,Federal Contract Tower,0,4,7,0,11,0,14,72,0,86,0,18,79,0,97,24,0,24,121
11/06/2002,CIC,CA,AWP,WE,Federal Contract Tower,0,11,9,0,20,0,9,61,10,80,0,20,70,10,100,26,2,28,128
11/07/2002,CIC,CA,AWP,WE,Federal Contract Tower,0,12,14,0,26,0,8,2,0,10,0,20,16,0,36,0,0,0,36
11/08/2002,CIC,CA,AWP,WE,Federal Contract Tower,0,6,5,0,11,0,20,25,0,45,0,26,30,0,56,0,0,0,56
11/09/2002,CIC,CA,AWP,WE,Federal Contract Tower,0,5,7,0,12,0,2,8,0,10,0,7,15,0,22,0,0,0,22
11/10/2002,CIC,CA,AWP,WE,Federal Contract Tower,0,3,15,0,18,0,0,11,0,11,0,3,26,0,29,0,0,0,29
11/11/2002,CIC,CA,AWP,WE,Federal Contract Tower,0,6,11,0,17,0,4,85,0,89,0,10,96,0,106,60,0,60,166
11/12/2002,CIC,CA,AWP,WE,Federal Contract Tower,0,10,2,0,12,0,16,29,0,45,0,26,31,0,57,0,0,0,57
11/13/2002,CIC,CA,AWP,WE,Federal Contract Tower,0,6,4,1,11,0,13,84,3,100,0,19,88,4,111,22,34,56,167
11/14/2002,CIC,CA,AWP,WE,Federal Contract Tower,0,5,1,0,6,0,15,97,2,114,0,20,98,2,120,52,0,52,172
11/15/2002,CIC,CA,AWP,WE,Federal Contract Tower,0,4,2,4,10,0,13,111,4,128,0,17,113,8,138,86,0,86,224
11/16/2002,CIC,CA,AWP,WE,Federal Contract Tower,0,5,11,0,16,0,7,53,0,60,0,12,64,0,76,28,0,28,104
11/17/2002,CIC,CA,AWP,WE,Federal Contract Tower,0,5,6,0,11,0,0,72,0,72,0,5,78,0,83,10,0,10,93
11/18/2002,CIC,CA,AWP,WE,Federal Contract Tower,0,3,2,0,5,0,13,59,0,72,0,16,61,0,77,42,0,42,119
11/19/2002,CIC,CA,AWP,WE,Federal Contract Tower,0,6,5,6,17,0,21,59,0,80,0,27,64,6,97,72,0,72,169
11/20/2002,CIC,CA,AWP,WE,Federal Contract Tower,0,5,11,2,18,0,14,79,2,95,0,19,90,4,113,72,0,72,185
11/21/2002,CIC,CA,AWP,WE,Federal Contract Tower,0,5,7,4,16,0,9,53,0,62,0,14,60,4,78,20,8,28,106
11/22/2002,CIC,CA,AWP,WE,Federal Contract Tower,0,4,1,0,5,0,13,57,0,70,0,17,58,0,75,42,0,42,117
11/23/2002,CIC,CA,AWP,WE,Federal Contract Tower,0,9,22,0,31,0,0,7,0,7,0,9,29,0,38,0,0,0,38
11/24/2002,CIC,CA,AWP,WE,Federal Contract Tower,0,3,15,0,18,0,0,1,0,1,0,3,16,0,19,0,0,0,19
11/25/2002,CIC,CA,AWP,WE,Federal Contract Tower,0,4,5,0,9,0,14,37,0,51,0,18,42,0,60,0,0,0,60
11/26/2002,CIC,CA,AWP,WE,Federal Contract Tower,0,5,3,0,8,0,22,105,0,127,0,27,108,0,135,10,0,10,145
11/27/2002,CIC,CA,AWP,WE,Federal Contract Tower,0,5,6,2,13,0,15,94,0,109,0,20,100,2,122,46,0,46,168
11/28/2002,CIC,CA,AWP,WE,Federal Contract Tower,0,5,4,0,9,0,0,38,0,38,0,5,42,0,47,0,0,0,47
11/29/2002,CIC,CA,AWP,WE,Federal Contract Tower,0,5,0,0,5,0,11,74,0,85,0,16,74,0,90,38,0,38,128
11/30/2002,CIC,CA,AWP,WE,Federal Contract Tower,0,6,5,0,11,0,1,67,0,68,0,7,72,0,79,58,0,58,137
12/01/2002,CIC,CA,AWP,WE,Federal Contract Tower,0,3,6,0,9,0,0,58,0,58,0,3,64,0,67,32,0,32,99
12/02/2002,CIC,CA,AWP,WE,Federal Contract Tower,0,5,2,3,10,0,13,51,5,69,0,18,53,8,79,20,0,20,99
12/03/2002,CIC,CA,AWP,WE,Federal Contract Tower,0,6,2,1,9,0,10,59,1,70,0,16,61,2,79,13,0,13,92
12/04/2002,CIC,CA,AWP,WE,Federal Contract Tower,0,6,1,2,9,0,16,69,2,87,0,22,70,4,96,42,0,42,138
12/05/2002,CIC,CA,AWP,WE,Federal Contract Tower,0,5,3,2,10,0,14,78,0,92,0,19,81,2,102,60,16,76,178
12/06/2002,CIC,CA,AWP,WE,Federal Contract Tower,0,5,3,0,8,0,11,83,0,94,0,16,86,0,102,86,0,86,188
12/07/2002,CIC,CA,AWP,WE,Federal Contract Tower,0,5,2,0,7,0,4,86,0,90,0,9,88,0,97,62,0,62,159
12/08/2002,CIC,CA,AWP,WE,Federal Contract Tower,0,3,1,0,4,0,0,56,0,56,0,3,57,0,60,38,0,38,98
12/09/2002,CIC,CA,AWP,WE,Federal Contract Tower,0,11,16,0,27,0,4,13,0,17,0,15,29,0,44,0,0,0,44
12/10/2002,CIC,CA,AWP,WE,Federal Contract Tower,0,0,0,0,0,0,18,22,4,44,0,18,22,4,44,0,0,0,44
12/11/2002,CIC,CA,AWP,WE,Federal Contract Tower,0,0,0,0,0,0,23,66,10,99,0,23,66,10,99,12,0,12,111
12/12/2002,CIC,CA,AWP,WE,Federal Contract Tower,0,14,15,2,31,0,2,35,4,41,0,16,50,6,72,68,0,68,140
12/13/2002,CIC,CA,AWP,WE,Federal Contract Tower,0,18,15,2,35,0,0,0,4,4,0,18,15,6,39,0,0,0,39
12/14/2002,CIC,CA,AWP,WE,Federal Contract Tower,0,4,0,0,4,0,2,0,0,2,0,6,0,0,6,0,0,0,6
12/15/2002,CIC,CA,AWP,WE,Federal Contract Tower,0,6,9,0,15,0,1,31,0,32,0,7,40,0,47,8,0,8,55
12/16/2002,CIC,CA,AWP,WE,Federal Contract Tower,0,7,2,1,10,0,12,20,0,32,0,19,22,1,42,6,0,6,48
12/17/2002,CIC,CA,AWP,WE,Federal Contract Tower,0,6,15,1,22,0,22,25,0,47,0,28,40,1,69,12,0,12,81
12/18/2002,CIC,CA,AWP,WE,Federal Contract Tower,0,5,4,1,10,0,23,72,1,96,0,28,76,2,106,28,0,28,134
12/19/2002,CIC,CA,AWP,WE,Federal Contract Tower,0,9,1,0,10,0,6,11,0,17,0,15,12,0,27,0,0,0,27
12/20/2002,CIC,CA,AWP,WE,Federal Contract Tower,0,14,11,0,25,0,9,3,0,12,0,23,14,0,37,4,0,4,41
12/21/2002,CIC,CA,AWP,WE,Federal Contract Tower,0,10,9,0,19,0,1,10,0,11,0,11,19,0,30,0,0,0,30
12/22/2002,CIC,CA,AWP,WE,Federal Contract Tower,0,3,6,0,9,0,1,63,0,64,0,4,69,0,73,20,0,20,93
12/23/2002,CIC,CA,AWP,WE,Federal Contract Tower,0,6,4,0,10,0,16,63,2,81,0,22,67,2,91,24,0,24,115
12/24/2002,CIC,CA,AWP,WE,Federal Contract Tower,0,6,6,0,12,0,17,44,0,61,0,23,50,0,73,28,0,28,101
12/25/2002,CIC,CA,AWP,WE,Federal Contract Tower,0,3,2,0,5,0,0,11,0,11,0,3,13,0,16,0,0,0,16
12/26/2002,CIC,CA,AWP,WE,Federal Contract Tower,0,20,18,0,38,0,5,6,0,11,0,25,24,0,49,0,0,0,49
12/27/2002,CIC,CA,AWP,WE,Federal Contract Tower,0,10,5,0,15,0,12,25,6,43,0,22,30,6,58,16,0,16,74
12/28/2002,CIC,CA,AWP,WE,Federal Contract Tower,0,8,10,0,18,0,0,5,0,5,0,8,15,0,23,0,0,0,23
12/29/2002,CIC,CA,AWP,WE,Federal Contract Tower,0,3,9,0,12,0,1,9,0,10,0,4,18,0,22,6,0,6,28
12/30/2002,CIC,CA,AWP,WE,Federal Contract Tower,0,12,9,1,22,0,5,8,1,14,0,17,17,2,36,0,0,0,36
12/31/2002,CIC,CA,AWP,WE,Federal Contract Tower,0,7,5,1,13,0,18,38,1,57,0,25,43,2,70,20,0,20,90
01/01/2003,CIC,CA,AWP,WE,Federal Contract Tower,0,3,4,0,7,0,1,85,0,86,0,4,89,0,93,24,0,24,117
01/02/2003,CIC,CA,AWP,WE,Federal Contract Tower,0,8,2,0,10,0,12,56,0,68,0,20,58,0,78,30,0,30,108
01/03/2003,CIC,CA,AWP,WE,Federal Contract Tower,0,4,3,4,11,0,16,70,0,86,0,20,73,4,97,50,18,68,165
01/04/2003,CIC,CA,AWP,WE,Federal Contract Tower,0,3,3,0,6,0,6,58,0,64,0,9,61,0,70,26,0,26,96
01/05/2003,CIC,CA,AWP,WE,Federal Contract Tower,0,3,7,0,10,0,0,97,0,97,0,3,104,0,107,32,0,32,139
01/06/2003,CIC,CA,AWP,WE,Federal Contract Tower,0,5,2,1,8,0,12,70,5,87,0,17,72,6,95,14,0,14,109
01/07/2003,CIC,CA,AWP,WE,Federal Contract Tower,0,6,3,0,9,0,11,47,0,58,0,17,50,0,67,18,0,18,85
01/08/2003,CIC,CA,AWP,WE,Federal Contract Tower,0,16,12,0,28,0,0,1,0,1,0,16,13,0,29,0,0,0,29
01/09/2003,CIC,CA,AWP,WE,Federal Contract Tower,0,0,0,0,0,0,18,9,0,27,0,18,9,0,27,0,0,0,27
01/10/2003,CIC,CA,AWP,WE,Federal Contract Tower,0,19,12,2,33,0,3,14,4,21,0,22,26,6,54,6,0,6,60
01/11/2003,CIC,CA,AWP,WE,Federal Contract Tower,0,8,16,0,24,0,6,14,0,20,0,14,30,0,44,0,0,0,44
01/12/2003,CIC,CA,AWP,WE,Federal Contract Tower,0,4,10,0,14,0,0,1,0,1,0,4,11,0,15,0,0,0,15
01/13/2003,CIC,CA,AWP,WE,Federal Contract Tower,0,15,21,7,43,0,7,16,0,23,0,22,37,7,66,26,18,44,110
01/14/2003,CIC,CA,AWP,WE,Federal Contract Tower,0,13,16,2,31,0,9,18,1,28,0,22,34,3,59,14,0,14,73
01/15/2003,CIC,CA,AWP,WE,Federal Contract Tower,0,4,3,0,7,0,14,71,0,85,0,18,74,0,92,134,0,134,226
01/16/2003,CIC,CA,AWP,WE,Federal Contract Tower,0,6,11,4,21,0,9,67,0,76,0,15,78,4,97,38,16,54,151
01/17/2003,CIC,CA,AWP,WE,Federal Contract Tower,0,5,16,0,21,0,11,81,0,92,0,16,97,0,113,22,0,22,135
01/18/2003,CIC,CA,AWP,WE,Federal Contract Tower,0,4,7,0,11,0,0,1,0,1,0,4,8,0,12,0,0,0,12
01/19/2003,CIC,CA,AWP,WE,Federal Contract Tower,0,4,11,0,15,0,0,0,0,0,0,4,11,0,15,0,0,0,15
01/20/2003,CIC,CA,AWP,WE,Federal Contract Tower,0,13,15,6,34,0,0,1,0,1,0,13,16,6,35,0,0,0,35
01/21/2003,CIC,CA,AWP,WE,Federal Contract Tower,0,23,24,0,47,0,2,2,0,4,0,25,26,0,51,0,0,0,51
01/22/2003,CIC,CA,AWP,WE,Federal Contract Tower,0,16,12,4,32,0,2,7,1,10,0,18,19,5,42,0,0,0,42
01/23/2003,CIC,CA,AWP,WE,Federal Contract Tower,0,12,18,0,30,0,8,13,0,21,0,20,31,0,51,0,0,0,51
01/24/2003,CIC,CA,AWP,WE,Federal Contract Tower,0,9,2,7,18,0,5,36,7,48,0,14,38,14,66,44,2,46,112
01/25/2003,CIC,CA,AWP,WE,Federal Contract Tower,0,7,4,0,11,0,9,60,0,69,0,16,64,0,80,24,0,24,104
01/26/2003,CIC,CA,AWP,WE,Federal Contract Tower,0,7,8,0,15,0,0,5,0,5,0,7,13,0,20,24,0,24,44
01/27/2003,CIC,CA,AWP,WE,Federal Contract Tower,0,10,10,0,20,0,8,8,0,16,0,18,18,0,36,0,0,0,36
01/28/2003,CIC,CA,AWP,WE,Federal Contract Tower,0,9,10,1,20,0,12,59,9,80,0,21,69,10,100,12,0,12,112
01/29/2003,CIC,CA,AWP,WE,Federal Contract Tower,0,11,13,1,25,0,7,34,3,44,0,18,47,4,69,64,2,66,135
01/30/2003,CIC,CA,AWP,WE,Federal Contract Tower,0,6,13,2,21,0,6,36,2,44,0,12,49,4,65,20,8,28,93
01/31/2003,CIC,CA,AWP,WE,Federal Contract Tower,0,22,30,0,52,0,2,2,0,4,0,24,32,0,56,0,0,0,56
02/01/2003,CIC,CA,AWP,WE,Federal Contract Tower,0,6,6,0,12,0,4,13,0,17,0,10,19,0,29,0,0,0,29
02/02/2003,CIC,CA,AWP,WE,Federal Contract Tower,0,5,6,0,11,0,12,70,0,82,0,17,76,0,93,32,0,32,125
02/03/2003,CIC,CA,AWP,WE,Federal Contract Tower,0,5,3,2,10,0,10,104,0,114,0,15,107,2,124,30,0,30,154
02/04/2003,CIC,CA,AWP,WE,Federal Contract Tower,0,5,3,2,10,0,19,83,1,103,0,24,86,3,113,8,18,26,139
02/05/2003,CIC,CA,AWP,WE,Federal Contract Tower,0,4,6,0,10,0,14,72,0,86,0,18,78,0,96,68,0,68,164
02/06/2003,CIC,CA,AWP,WE,Federal Contract Tower,0,5,4,0,9,0,10,76,0,86,0,15,80,0,95,32,2,34,129
02/07/2003,CIC,CA,AWP,WE,Federal Contract Tower,0,4,3,0,7,0,15,88,0,103,0,19,91,0,110,46,0,46,156
02/08/2003,CIC,CA,AWP,WE,Federal Contract Tower,0,5,1,0,6,0,8,124,0,132,0,13,125,0,138,21,0,21,159
02/09/2003,CIC,CA,AWP,WE,Federal Contract Tower,0,3,4,0,7,0,10,111,0,121,0,13,115,0,128,36,0,36,164
02/10/2003,CIC,CA,AWP,WE,Federal Contract Tower,0,5,6,0,11,0,24,88,2,114,0,29,94,2,125,74,4,78,203
02/11/2003,CIC,CA,AWP,WE,Federal Contract Tower,0,4,8,0,12,0,16,63,0,79,0,20,71,0,91,82,0,82,173
02/12/2003,CIC,CA,AWP,WE,Federal Contract Tower,0,7,11,4,22,0,9,60,4,73,0,16,71,8,95,20,0,20,115
02/13/2003,CIC,CA,AWP,WE,Federal Contract Tower,0,15,10,2,27,0,5,12,6,23,0,20,22,8,50,0,0,0,50
02/14/2003,CIC,CA,AWP,WE,Federal Contract Tower,0,10,18,0,28,0,6,36,2,44,0,16,54,2,72,40,0,40,112
02/15/2003,CIC,CA,AWP,WE,Federal Contract Tower,0,10,8,0,18,0,5,27,0,32,0,15,35,0,50,0,0,0,50
02/16/2003,CIC,CA,AWP,WE,Federal Contract Tower,0,5,6,0,11,0,0,35,0,35,0,5,41,0,46,18,0,18,64
02/17/2003,CIC,CA,AWP,WE,Federal Contract Tower,0,4,2,0,6,0,9,74,0,83,0,13,76,0,89,16,0,16,105
02/18/2003,CIC,CA,AWP,WE,Federal Contract Tower,0,6,12,2,20,0,15,78,0,93,0,21,90,2,113,34,0,34,147
02/19/2003,CIC,CA,AWP,WE,Federal Contract Tower,0,9,4,2,15,0,11,32,2,45,0,20,36,4,60,10,0,10,70
02/20/2003,CIC,CA,AWP,WE,Federal Contract Tower,0,7,6,0,13,0,14,69,0,83,0,21,75,0,96,34,0,34,130
02/21/2003,CIC,CA,AWP,WE,Federal Contract Tower,0,7,9,0,16,0,15,79,0,94,0,22,88,0,110,50,0,50,160
02/22/2003,CIC,CA,AWP,WE,Federal Contract Tower,0,5,3,0,8,0,3,108,0,111,0,8,111,0,119,46,0,46,165
02/23/2003,CIC,CA,AWP,WE,Federal Contract Tower,0,5,7,0,12,0,1,87,0,88,0,6,94,0,100,64,0,64,164
02/24/2003,CIC,CA,AWP,WE,Federal Contract Tower,0,6,20,6,32,0,18,41,0,59,0,24,61,6,91,68,0,68,159
02/25/2003,CIC,CA,AWP,WE,Federal Contract Tower,0,6,3,6,15,0,19,57,0,76,0,25,60,6,91,10,0,10,101
02/26/2003,CIC,CA,AWP,WE,Federal Contract Tower,0,8,6,0,14,0,12,83,0,95,0,20,89,0,109,28,0,28,137
02/27/2003,CIC,CA,AWP,WE,Federal Contract Tower,0,5,3,3,11,0,15,87,3,105,0,20,90,6,116,38,0,38,154
02/28/2003,CIC,CA,AWP,WE,Federal Contract Tower,0,4,3,0,7,0,13,74,0,87,0,17,77,0,94,30,0,30,124
03/01/2003,CIC,CA,AWP,WE,Federal Contract Tower,0,3,3,0,6,0,26,67,0,93,0,29,70,0,99,42,0,42,141
03/02/2003,CIC,CA,AWP,WE,Federal Contract Tower,0,4,1,0,5,0,14,105,0,119,0,18,106,0,124,28,0,28,152
03/03/2003,CIC,CA,AWP,WE,Federal Contract Tower,0,5,8,0,13,0,12,27,0,39,0,17,35,0,52,28,0,28,80
03/04/2003,CIC,CA,AWP,WE,Federal Contract Tower,0,7,1,5,13,0,23,68,3,94,0,30,69,8,107,18,0,18,125
03/05/2003,CIC,CA,AWP,WE,Federal Contract Tower,0,4,3,0,7,0,22,65,2,89,0,26,68,2,96,30,0,30,126
03/06/2003,CIC,CA,AWP,WE,Federal Contract Tower,0,4,2,0,6,0,16,89,0,105,0,20,91,0,111,48,0,48,159
03/07/2003,CIC,CA,AWP,WE,Federal Contract Tower,0,4,4,0,8,0,17,105,0,122,0,21,109,0,130,22,0,22,152
03/08/2003,CIC,CA,AWP,WE,Federal Contract Tower,0,4,4,0,8,0,4,77,0,81,0,8,81,0,89,46,0,46,135
03/09/2003,CIC,CA,AWP,WE,Federal Contract Tower,0,4,5,3,12,0,3,42,1,46,0,7,47,4,58,14,0,14,72
03/10/2003,CIC,CA,AWP,WE,Federal Contract Tower,0,4,3,1,8,0,11,45,2,58,0,15,48,3,66,16,0,16,82
03/11/2003,CIC,CA,AWP,WE,Federal Contract Tower,0,5,4,0,9,0,23,58,0,81,0,28,62,0,90,56,0,56,146
03/12/2003,CIC,CA,AWP,WE,Federal Contract Tower,0,8,4,3,15,0,13,26,5,44,0,21,30,8,59,18,8,26,85
03/13/2003,CIC,CA,AWP,WE,Federal Contract Tower,0,4,4,6,14,0,15,17,0,32,0,19,21,6,46,4,0,4,50
03/14/2003,CIC,CA,AWP,WE,Federal Contract Tower,0,10,15,0,25,0,8,12,0,20,0,18,27,0,45,14,0,14,59
03/15/2003,CIC,CA,AWP,WE,Federal Contract Tower,0,5,2,0,7,0,2,34,0,36,0,7,36,0,43,4,0,4,47
03/16/2003,CIC,CA,AWP,WE,Federal Contract Tower,0,4,4,0,8,0,5,17,0,22,0,9,21,0,30,8,0,8,38
03/17/2003,CIC,CA,AWP,WE,Federal Contract Tower,0,4,3,5,12,0,19,44,3,66,0,23,47,8,78,6,8,14,92
03/18/2003,CIC,CA,AWP,WE,Federal Contract Tower,0,5,7,0,12,0,19,79,0,98,0,24,86,0,110,18,0,18,128
03/19/2003,CIC,CA,AWP,WE,Federal Contract Tower,0,7,8,0,15,0,18,91,0,109,0,25,99,0,124,22,0,22,146
03/20/2003,CIC,CA,AWP,WE,Federal Contract Tower,0,9,9,6,24,0,18,64,3,85,0,27,73,9,109,14,0,14,123
03/21/2003,CIC,CA,AWP,WE,Federal Contract Tower,0,4,3,2,9,0,15,123,8,146,0,19,126,10,155,18,8,26,181
03/22/2003,CIC,CA,AWP,WE,Federal Contract Tower,0,5,6,0,11,0,5,31,0,36,0,10,37,0,47,8,0,8,55
03/23/2003,CIC,CA,AWP,WE,Federal Contract Tower,0,4,3,0,7,0,6,60,0,66,0,10,63,0,73,24,0,24,97
03/24/2003,CIC,CA,AWP,WE,Federal Contract Tower,0,4,4,1,9,0,40,65,1,106,0,44,69,2,115,24,0,24,139
03/25/2003,CIC,CA,AWP,WE,Federal Contract Tower,0,7,5,0,12,0,17,108,0,125,0,24,113,0,137,42,0,42,179
03/26/2003,CIC,CA,AWP,WE,Federal Contract Tower,0,5,3,0,8,0,20,46,0,66,0,25,49,0,74,100,0,100,174
03/27/2003,CIC,CA,AWP,WE,Federal Contract Tower,0,4,8,1,13,0,15,76,1,92,0,19,84,2,105,14,22,36,141
03/28/2003,CIC,CA,AWP,WE,Federal Contract Tower,0,4,2,2,8,0,11,86,0,97,0,15,88,2,105,62,0,62,167
03/29/2003,CIC,CA,AWP,WE,Federal Contract Tower,0,4,3,0,7,0,3,118,0,121,0,7,121,0,128,52,0,52,180
03/30/2003,CIC,CA,AWP,WE,Federal Contract Tower,0,4,3,0,7,0,1,106,0,107,0,5,109,0,114,24,0,24,138
03/31/2003,CIC,CA,AWP,WE,Federal Contract Tower,0,4,3,4,11,0,12,73,1,86,0,16,76,5,97,34,0,34,131
04/01/2003,CIC,CA,AWP,WE,Federal Contract Tower,0,5,10,3,18,0,23,27,3,53,0,28,37,6,71,29,0,29,100
04/02/2003,CIC,CA,AWP,WE,Federal Contract Tower,0,3,5,4,12,0,13,28,6,47,0,16,33,10,59,1,0,1,60
04/03/2003,CIC,CA,AWP,WE,Federal Contract Tower,0,3,5,5,13,0,18,24,5,47,0,21,29,10,60,10,2,12,72
04/04/2003,CIC,CA,AWP,WE,Federal Contract Tower,0,8,9,1,18,0,13,38,3,54,0,21,47,4,72,16,2,18,90
04/05/2003,CIC,CA,AWP,WE,Federal Contract Tower,0,4,3,0,7,0,5,80,4,89,0,9,83,4,96,46,4,50,146
04/06/2003,CIC,CA,AWP,WE,Federal Contract Tower,0,4,5,0,9,0,1,62,13,76,0,5,67,13,85,36,0,36,121
04/07/2003,CIC,CA,AWP,WE,Federal Contract Tower,0,4,13,2,19,0,10,50,10,70,0,14,63,12,89,28,12,40,129
04/08/2003,CIC,CA,AWP,WE,Federal Contract Tower,0,4,0,1,5,0,19,84,5,108,0,23,84,6,113,26,15,41,154
04/09/2003,CIC,CA,AWP,WE,Federal Contract Tower,0,5,4,0,9,0,20,75,0,95,0,25,79,0,104,34,28,62,166
04/10/2003,CIC,CA,AWP,WE,Federal Contract Tower,0,6,10,0,16,0,15,66,0,81,0,21,76,0,97,22,8,30,127
04/11/2003,CIC,CA,AWP,WE,Federal Contract Tower,0,4,4,0,8,0,11,74,1,86,0,15,78,1,94,22,8,30,124
04/12/2003,CIC,CA,AWP,WE,Federal Contract Tower,0,7,10,0,17,0,0,14,0,14,0,7,24,0,31,0,0,0,31
04/13/2003,CIC,CA,AWP,WE,Federal Contract Tower,0,4,4,0,8,0,0,4,0,4,0,4,8,0,12,0,0,0,12
04/14/2003,CIC,CA,AWP,WE,Federal Contract Tower,0,8,4,0,12,0,13,58,4,75,0,21,62,4,87,22,8,30,117
04/15/2003,CIC,CA,AWP,WE,Federal Contract Tower,0,5,6,1,12,0,13,57,0,70,0,18,63,1,82,8,0,8,90
04/16/2003,CIC,CA,AWP,WE,Federal Contract Tower,0,5,12,0,17,0,17,35,0,52,0,22,47,0,69,36,0,36,105
04/17/2003,CIC,CA,AWP,WE,Federal Contract Tower,0,8,9,6,23,0,15,61,2,78,0,23,70,8,101,16,16,32,133
04/18/2003,CIC,CA,AWP,WE,Federal Contract Tower,0,4,3,0,7,0,17,96,0,113,0,21,99,0,120,46,0,46,166
04/19/2003,CIC,CA,AWP,WE,Federal Contract Tower,0,4,3,0,7,0,3,113,0,116,0,7,116,0,123,34,0,34,157
04/20/2003,CIC,CA,AWP,WE,Federal Contract Tower,0,4,1,0,5,0,4,60,4,68,0,8,61,4,73,35,0,35,108
04/21/2003,CIC,CA,AWP,WE,Federal Contract Tower,0,6,11,2,19,0,13,26,2,41,0,19,37,4,60,21,0,21,81
04/22/2003,CIC,CA,AWP,WE,Federal Contract Tower,0,4,7,2,13,0,23,48,2,73,0,27,55,4,86,24,0,24,110
04/23/2003,CIC,CA,AWP,WE,Federal Contract Tower,0,8,11,1,20,0,10,23,3,36,0,18,34,4,56,0,0,0,56
04/24/2003,CIC,CA,AWP,WE,Federal Contract Tower,0,8,25,2,35,0,12,11,0,23,0,20,36,2,58,20,0,20,78
04/25/2003,CIC,CA,AWP,WE,Federal Contract Tower,0,6,2,0,8,0,15,14,0,29,0,21,16,0,37,0,0,0,37
04/26/2003,CIC,CA,AWP,WE,Federal Contract Tower,0,4,6,0,10,0,3,61,0,64,0,7,67,0,74,28,0,28,102
04/27/2003,CIC,CA,AWP,WE,Federal Contract Tower,0,4,5,0,9,0,6,57,0,63,0,10,62,0,72,15,0,15,87
04/28/2003,CIC,CA,AWP,WE,Federal Contract Tower,0,7,5,0,12,0,7,14,0,21,0,14,19,0,33,0,0,0,33
04/29/2003,CIC,CA,AWP,WE,Federal Contract Tower,0,4,5,0,9,0,14,21,0,35,0,18,26,0,44,0,0,0,44
04/30/2003,CIC,CA,AWP,WE,Federal Contract Tower,0,4,6,0,10,0,12,65,0,77,0,16,71,0,87,6,0,6,93
05/01/2003,CIC,CA,AWP,WE,Federal Contract Tower,0,1,7,2,10,0,18,90,0,108,0,19,97,2,118,22,0,22,140
05/02/2003,CIC,CA,AWP,WE,Federal Contract Tower,0,7,14,1,22,0,10,20,1,31,0,17,34,2,53,0,0,0,53
05/03/2003,CIC,CA,AWP,WE,Federal Contract Tower,0,7,2,0,9,0,5,21,0,26,0,12,23,0,35,0,0,0,35
05/04/2003,CIC,CA,AWP,WE,Federal Contract Tower,0,4,5,0,9,0,0,43,0,43,0,4,48,0,52,2,0,2,54
05/05/2003,CIC,CA,AWP,WE,Federal Contract Tower,0,4,4,0,8,0,9,78,0,87,0,13,82,0,95,62,0,62,157
05/06/2003,CIC,CA,AWP,WE,Federal Contract Tower,0,4,4,3,11,0,11,80,3,94,0,15,84,6,105,36,0,36,141
05/07/2003,CIC,CA,AWP,WE,Federal Contract Tower,0,7,5,0,12,0,12,77,0,89,0,19,82,0,101,50,0,50,151
05/08/2003,CIC,CA,AWP,WE,Federal Contract Tower,0,6,6,0,12,0,13,21,2,36,0,19,27,2,48,22,0,22,70
05/09/2003,CIC,CA,AWP,WE,Federal Contract Tower,0,6,11,1,18,0,13,71,1,85,0,19,82,2,103,101,0,101,204
05/10/2003,CIC,CA,AWP,WE,Federal Contract Tower,0,5,3,0,8,0,2,94,2,98,0,7,97,2,106,72,0,72,178
05/11/2003,CIC,CA,AWP,WE,Federal Contract Tower,0,4,1,0,5,0,3,73,0,76,0,7,74,0,81,67,0,67,148
05/12/2003,CIC,CA,AWP,WE,Federal Contract Tower,0,4,0,0,4,0,10,108,0,118,0,14,108,0,122,42,0,42,164
05/13/2003,CIC,CA,AWP,WE,Federal Contract Tower,0,3,1,0,4,0,14,88,0,102,0,17,89,0,106,28,0,28,134
05/14/2003,CIC,CA,AWP,WE,Federal Contract Tower,0,0,0,0,0,0,21,92,2,115,0,21,92,2,115,64,0,64,179
05/15/2003,CIC,CA,AWP,WE,Federal Contract Tower,0,5,7,0,12,0,21,97,0,118,0,26,104,0,130,38,0,38,168
05/16/2003,CIC,CA,AWP,WE,Federal Contract Tower,0,5,4,0,9,0,15,96,3,114,0,20,100,3,123,68,0,68,191
05/17/2003,CIC,CA,AWP,WE,Federal Contract Tower,0,4,0,0,4,0,5,76,1,82,0,9,76,1,86,10,2,12,98
05/18/2003,CIC,CA,AWP,WE,Federal Contract Tower,0,4,5,0,9,0,0,45,0,45,0,4,50,0,54,0,0,0,54
05/19/2003,CIC,CA,AWP,WE,Federal Contract Tower,0,4,3,2,9,0,13,50,2,65,0,17,53,4,74,8,0,8,82
05/20/2003,CIC,CA,AWP,WE,Federal Contract Tower,0,4,2,0,6,0,12,74,0,86,0,16,76,0,92,32,0,32,124
05/21/2003,CIC,CA,AWP,WE,Federal Contract Tower,0,4,4,0,8,0,18,89,0,107,0,22,93,0,115,4,0,4,119
05/22/2003,CIC,CA,AWP,WE,Federal Contract Tower,0,6,4,0,10,0,10,83,2,95,0,16,87,2,105,10,0,10,115
05/23/2003,CIC,CA,AWP,WE,Federal Contract Tower,0,4,4,0,8,0,15,69,0,84,0,19,73,0,92,24,0,24,116
05/24/2003,CIC,CA,AWP,WE,Federal Contract Tower,0,5,1,0,6,0,2,136,0,138,0,7,137,0,144,38,0,38,182
05/25/2003,CIC,CA,AWP,WE,Federal Contract Tower,0,4,2,0,6,0,0,75,0,75,0,4,77,0,81,34,0,34,115
05/26/2003,CIC,CA,AWP,WE,Federal Contract Tower,0,3,2,0,5,0,1,71,0,72,0,4,73,0,77,46,0,46,123
05/27/2003,CIC,CA,AWP,WE,Federal Contract Tower,0,5,3,0,8,0,14,70,6,90,0,19,73,6,98,28,0,28,126
05/28/2003,CIC,CA,AWP,WE,Federal Contract Tower,0,4,3,0,7,0,14,74,0,88,0,18,77,0,95,16,0,16,111
05/29/2003,CIC,CA,AWP,WE,Federal Contract Tower,0,4,5,2,11,0,13,56,2,71,0,17,61,4,82,36,0,36,118
05/30/2003,CIC,CA,AWP,WE,Federal Contract Tower,0,11,5,0,16,0,6,65,0,71,0,17,70,0,87,10,0,10,97
05/31/2003,CIC,CA,AWP,WE,Federal Contract Tower,0,5,3,0,8,0,3,108,0,111,0,8,111,0,119,27,0,27,146
06/01/2003,CIC,CA,AWP,WE,Federal Contract Tower,0,3,4,0,7,0,5,98,0,103,0,8,102,0,110,18,0,18,128
06/02/2003,CIC,CA,AWP,WE,Federal Contract Tower,0,3,2,0,5,0,15,67,0,82,0,18,69,0,87,47,0,47,134
06/03/2003,CIC,CA,AWP,WE,Federal Contract Tower,0,5,2,0,7,0,17,69,2,88,0,22,71,2,95,2,0,2,97
06/04/2003,CIC,CA,AWP,WE,Federal Contract Tower,0,4,3,0,7,0,13,60,0,73,0,17,63,0,80,34,0,34,114
06/05/2003,CIC,CA,AWP,WE,Federal Contract Tower,0,5,10,4,19,0,12,78,2,92,0,17,88,6,111,18,0,18,129
06/06/2003,CIC,CA,AWP,WE,Federal Contract Tower,0,7,3,1,11,0,18,95,3,116,0,25,98,4,127,36,0,36,163
06/07/2003,CIC,CA,AWP,WE,Federal Contract Tower,0,5,3,0,8,0,7,122,0,129,0,12,125,0,137,18,0,18,155
06/08/2003,CIC,CA,AWP,WE,Federal Contract Tower,0,4,3,0,7,0,0,67,2,69,0,4,70,2,76,4,0,4,80
06/09/2003,CIC,CA,AWP,WE,Federal Contract Tower,0,4,5,1,10,0,14,69,0,83,0,18,74,1,93,20,0,20,113
06/10/2003,CIC,CA,AWP,WE,Federal Contract Tower,0,6,0,4,10,0,17,82,2,101,0,23,82,6,111,20,0,20,131
06/11/2003,CIC,CA,AWP,WE,Federal Contract Tower,0,5,9,3,17,0,22,87,1,110,0,27,96,4,127,14,12,26,153
06/12/2003,CIC,CA,AWP,WE,Federal Contract Tower,0,5,9,2,16,0,21,66,2,89,0,26,75,4,105,14,4,18,123
06/13/2003,CIC,CA,AWP,WE,Federal Contract Tower,0,5,7,2,14,0,19,85,2,106,0,24,92,4,120,18,14,32,152
06/14/2003,CIC,CA,AWP,WE,Federal Contract Tower,0,4,3,0,7,0,6,94,0,100,0,10,97,0,107,18,0,18,125
06/15/2003,CIC,CA,AWP,WE,Federal Contract Tower,0,6,4,0,10,0,1,107,0,108,0,7,111,0,118,14,0,14,132
06/16/2003,CIC,CA,AWP,WE,Federal Contract Tower,0,7,5,0,12,0,15,70,0,85,0,22,75,0,97,20,0,20,117
06/17/2003,CIC,CA,AWP,WE,Federal Contract Tower,0,4,9,0,13,0,17,149,0,166,0,21,158,0,179,30,0,30,209
06/18/2003,CIC,CA,AWP,WE,Federal Contract Tower,0,4,1,4,9,0,14,120,4,138,0,18,121,8,147,32,0,32,179
06/19/2003,CIC,CA,AWP,WE,Federal Contract Tower,0,5,4,0,9,0,20,76,6,102,0,25,80,6,111,14,0,14,125
06/20/2003,CIC,CA,AWP,WE,Federal Contract Tower,0,6,4,1,11,0,20,73,4,97,0,26,77,5,108,50,0,50,158
06/21/2003,CIC,CA,AWP,WE,Federal Contract Tower,0,8,1,0,9,0,4,78,0,82,0,12,79,0,91,12,0,12,103
06/22/2003,CIC,CA,AWP,WE,Federal Contract Tower,0,8,4,0,12,0,6,93,0,99,0,14,97,0,111,50,0,50,161
06/23/2003,CIC,CA,AWP,WE,Federal Contract Tower,0,7,1,2,10,0,9,69,0,78,0,16,70,2,88,16,14,30,118
06/24/2003,CIC,CA,AWP,WE,Federal Contract Tower,0,8,3,0,11,0,25,80,0,105,0,33,83,0,116,0,0,0,116
06/25/2003,CIC,CA,AWP,WE,Federal Contract Tower,0,4,2,2,8,0,15,86,4,105,0,19,88,6,113,22,36,58,171
06/26/2003,CIC,CA,AWP,WE,Federal Contract Tower,0,4,6,1,11,0,15,72,1,88,0,19,78,2,99,20,14,34,133
06/27/2003,CIC,CA,AWP,WE,Federal Contract Tower,0,8,0,0,8,0,9,93,0,102,0,17,93,0,110,94,0,94,204
06/28/2003,CIC,CA,AWP,WE,Federal Contract Tower,0,4,2,0,6,0,5,79,0,84,0,9,81,0,90,18,0,18,108
06/29/2003,CIC,CA,AWP,WE,Federal Contract Tower,0,4,4,0,8,0,9,71,0,80,0,13,75,0,88,0,0,0,88
06/30/2003,CIC,CA,AWP,WE,Federal Contract Tower,0,7,5,0,12,0,9,76,0,85,0,16,81,0,97,32,0,32,129
07/01/2003,CIC,CA,AWP,WE,Federal Contract Tower,0,6,4,0,10,0,19,72,0,91,0,25,76,0,101,14,0,14,115
07/02/2003,CIC,CA,AWP,WE,Federal Contract Tower,0,5,4,3,12,0,15,110,3,128,0,20,114,6,140,14,30,44,184
07/03/2003,CIC,CA,AWP,WE,Federal Contract Tower,0,5,1,0,6,0,16,113,0,129,0,21,114,0,135,22,0,22,157
07/04/2003,CIC,CA,AWP,WE,Federal Contract Tower,0,4,2,0,6,0,8,42,0,50,0,12,44,0,56,12,0,12,68
07/05/2003,CIC,CA,AWP,WE,Federal Contract Tower,0,5,4,0,9,0,1,56,0,57,0,6,60,0,66,2,0,2,68
07/06/2003,CIC,CA,AWP,WE,Federal Contract Tower,0,6,1,0,7,0,1,81,0,82,0,7,82,0,89,22,0,22,111
07/07/2003,CIC,CA,AWP,WE,Federal Contract Tower,0,4,1,0,5,0,13,62,0,75,0,17,63,0,80,22,0,22,102
07/08/2003,CIC,CA,AWP,WE,Federal Contract Tower,0,6,7,2,15,0,19,101,2,122,0,25,108,4,137,24,2,26,163
07/09/2003,CIC,CA,AWP,WE,Federal Contract Tower,0,4,5,0,9,0,16,87,0,103,0,20,92,0,112,26,0,26,138
07/10/2003,CIC,CA,AWP,WE,Federal Contract Tower,0,5,3,0,8,0,16,68,0,84,0,21,71,0,92,6,0,6,98
07/11/2003,CIC,CA,AWP,WE,Federal Contract Tower,0,7,0,0,7,0,25,93,0,118,0,32,93,0,125,24,0,24,149
07/12/2003,CIC,CA,AWP,WE,Federal Contract Tower,0,4,4,0,8,0,7,59,0,66,0,11,63,0,74,28,0,28,102
07/13/2003,CIC,CA,AWP,WE,Federal Contract Tower,0,4,6,0,10,0,9,54,0,63,0,13,60,0,73,10,0,10,83
07/14/2003,CIC,CA,AWP,WE,Federal Contract Tower,0,6,4,3,13,0,22,101,15,138,0,28,105,18,151,26,0,26,177
07/15/2003,CIC,CA,AWP,WE,Federal Contract Tower,0,4,1,1,6,0,13,89,1,103,0,17,90,2,109,38,14,52,161
07/16/2003,CIC,CA,AWP,WE,Federal Contract Tower,0,4,3,0,7,0,19,94,2,115,0,23,97,2,122,50,0,50,172
07/17/2003,CIC,CA,AWP,WE,Federal Contract Tower,0,4,1,0,5,0,16,61,0,77,0,20,62,0,82,34,0,34,116
07/18/2003,CIC,CA,AWP,WE,Federal Contract Tower,0,4,1,0,5,0,15,59,0,74,0,19,60,0,79,64,0,64,143
07/19/2003,CIC,CA,AWP,WE,Federal Contract Tower,0,3,0,0,3,0,4,129,2,135,0,7,129,2,138,34,0,34,172
07/20/2003,CIC,CA,AWP,WE,Federal Contract Tower,0,4,2,0,6,0,3,89,0,92,0,7,91,0,98,10,0,10,108
07/21/2003,CIC,CA,AWP,WE,Federal Contract Tower,0,6,3,0,9,0,18,78,0,96,0,24,81,0,105,14,0,14,119
07/22/2003,CIC,CA,AWP,WE,Federal Contract Tower,0,4,1,0,5,0,18,68,0,86,0,22,69,0,91,4,0,4,95
07/23/2003,CIC,CA,AWP,WE,Federal Contract Tower,0,4,1,0,5,0,18,89,1,108,0,22,90,1,113,16,0,16,129
07/24/2003,CIC,CA,AWP,WE,Federal Contract Tower,0,7,0,0,7,0,14,80,0,94,0,21,80,0,101,8,0,8,109
07/25/2003,CIC,CA,AWP,WE,Federal Contract Tower,0,4,6,0,10,0,14,91,0,105,0,18,97,0,115,22,0,22,137
07/26/2003,CIC,CA,AWP,WE,Federal Contract Tower,0,4,3,0,7,0,3,71,0,74,0,7,74,0,81,56,0,56,137
07/27/2003,CIC,CA,AWP,WE,Federal Contract Tower,0,4,1,0,5,0,0,71,0,71,0,4,72,0,76,6,0,6,82
07/28/2003,CIC,CA,AWP,WE,Federal Contract Tower,0,4,2,1,7,0,16,71,1,88,0,20,73,2,95,48,0,48,143
07/29/2003,CIC,CA,AWP,WE,Federal Contract Tower,0,4,6,0,10,0,15,58,0,73,0,19,64,0,83,30,0,30,113
07/30/2003,CIC,CA,AWP,WE,Federal Contract Tower,0,4,1,0,5,0,17,69,0,86,0,21,70,0,91,44,0,44,135
07/31/2003,CIC,CA,AWP,WE,Federal Contract Tower,0,4,1,1,6,0,18,67,1,86,0,22,68,2,92,16,0,16,108
08/01/2003,CIC,CA,AWP,WE,Federal Contract Tower,0,5,5,0,10,0,18,104,0,122,0,23,109,0,132,12,0,12,144
08/02/2003,CIC,CA,AWP,WE,Federal Contract Tower,0,7,8,0,15,0,0,48,6,54,0,7,56,6,69,0,0,0,69
08/03/2003,CIC,CA,AWP,WE,Federal Contract Tower,0,3,4,0,7,0,1,67,0,68,0,4,71,0,75,66,0,66,141
08/04/2003,CIC,CA,AWP,WE,Federal Contract Tower,0,1,5,1,7,0,15,75,1,91,0,16,80,2,98,12,0,12,110
08/05/2003,CIC,CA,AWP,WE,Federal Contract Tower,0,3,5,0,8,0,10,94,0,104,0,13,99,0,112,42,0,42,154
08/06/2003,CIC,CA,AWP,WE,Federal Contract Tower,0,4,3,0,7,0,19,108,0,127,0,23,111,0,134,6,0,6,140
08/07/2003,CIC,CA,AWP,WE,Federal Contract Tower,0,4,2,0,6,0,17,106,2,125,0,21,108,2,131,28,0,28,159
08/08/2003,CIC,CA,AWP,WE,Federal Contract Tower,0,5,3,2,10,0,11,80,8,99,0,16,83,10,109,8,0,8,117
08/09/2003,CIC,CA,AWP,WE,Federal Contract Tower,0,6,2,0,8,0,2,80,0,82,0,8,82,0,90,36,0,36,126
08/10/2003,CIC,CA,AWP,WE,Federal Contract Tower,0,5,1,0,6,0,1,75,0,76,0,6,76,0,82,30,0,30,112
08/11/2003,CIC,CA,AWP,WE,Federal Contract Tower,0,8,5,0,13,0,12,102,0,114,0,20,107,0,127,36,0,36,163
08/12/2003,CIC,CA,AWP,WE,Federal Contract Tower,0,4,4,2,10,0,0,35,10,45,0,4,39,12,55,16,0,16,71
08/13/2003,CIC,CA,AWP,WE,Federal Contract Tower,0,8,4,1,13,0,20,101,1,122,0,28,105,2,135,42,0,42,177
08/14/2003,CIC,CA,AWP,WE,Federal Contract Tower,0,7,0,1,8,0,16,118,1,135,0,23,118,2,143,36,0,36,179
08/15/2003,CIC,CA,AWP,WE,Federal Contract Tower,0,4,2,2,8,0,14,86,8,108,0,18,88,10,116,56,0,56,172
08/16/2003,CIC,CA,AWP,WE,Federal Contract Tower,0,4,0,0,4,0,3,136,0,139,0,7,136,0,143,8,0,8,151
08/17/2003,CIC,CA,AWP,WE,Federal Contract Tower,0,3,3,0,6,0,0,121,0,121,0,3,124,0,127,30,0,30,157
08/18/2003,CIC,CA,AWP,WE,Federal Contract Tower,0,4,2,0,6,0,9,68,0,77,0,13,70,0,83,38,0,38,121
08/19/2003,CIC,CA,AWP,WE,Federal Contract Tower,0,4,3,0,7,0,24,79,0,103,0,28,82,0,110,18,0,18,128
08/20/2003,CIC,CA,AWP,WE,Federal Contract Tower,0,4,4,2,10,0,19,85,0,104,0,23,89,2,114,2,12,14,128
08/21/2003,CIC,CA,AWP,WE,Federal Contract Tower,0,5,1,0,6,0,21,67,7,95,0,26,68,7,101,2,0,2,103
08/22/2003,CIC,CA,AWP,WE,Federal Contract Tower,0,11,7,2,20,0,12,57,0,69,0,23,64,2,89,6,0,6,95
08/23/2003,CIC,CA,AWP,WE,Federal Contract Tower,0,4,2,0,6,0,2,117,0,119,0,6,119,0,125,14,0,14,139
08/24/2003,CIC,CA,AWP,WE,Federal Contract Tower,0,4,1,0,5,0,0,111,0,111,0,4,112,0,116,40,0,40,156
08/25/2003,CIC,CA,AWP,WE,Federal Contract Tower,0,4,2,3,9,0,15,65,1,81,0,19,67,4,90,18,8,26,116
08/26/2003,CIC,CA,AWP,WE,Federal Contract Tower,0,4,6,0,10,0,23,67,0,90,0,27,73,0,100,8,0,8,108
08/27/2003,CIC,CA,AWP,WE,Federal Contract Tower,0,5,4,0,9,0,20,69,0,89,0,25,73,0,98,20,0,20,118
08/28/2003,CIC,CA,AWP,WE,Federal Contract Tower,0,5,5,1,11,0,21,125,3,149,0,26,130,4,160,34,0,34,194
08/29/2003,CIC,CA,AWP,WE,Federal Contract Tower,0,4,1,0,5,0,14,107,0,121,0,18,108,0,126,26,0,26,152
08/30/2003,CIC,CA,AWP,WE,Federal Contract Tower,0,3,2,0,5,0,3,111,0,114,0,6,113,0,119,32,0,32,151
08/31/2003,CIC,CA,AWP,WE,Federal Contract Tower,0,2,1,0,3,0,0,134,0,134,0,2,135,0,137,28,0,28,165
09/01/2003,CIC,CA,AWP,WE,Federal Contract Tower,0,4,5,0,9,0,17,156,0,173,0,21,161,0,182,28,0,28,210
09/02/2003,CIC,CA,AWP,WE,Federal Contract Tower,0,4,2,1,7,0,16,83,1,100,0,20,85,2,107,16,32,48,155
09/03/2003,CIC,CA,AWP,WE,Federal Contract Tower,0,5,4,1,10,0,18,130,1,149,0,23,134,2,159,20,0,20,179
09/04/2003,CIC,CA,AWP,WE,Federal Contract Tower,0,5,4,0,9,0,17,160,0,177,0,22,164,0,186,24,6,30,216
09/05/2003,CIC,CA,AWP,WE,Federal Contract Tower,0,4,7,0,11,0,13,139,0,152,0,17,146,0,163,18,0,18,181
09/06/2003,CIC,CA,AWP,WE,Federal Contract Tower,0,4,2,0,6,0,2,175,0,177,0,6,177,0,183,8,0,8,191
09/07/2003,CIC,CA,AWP,WE,Federal Contract Tower,0,4,5,0,9,0,0,160,6,166,0,4,165,6,175,38,2,40,215
09/08/2003,CIC,CA,AWP,WE,Federal Contract Tower,0,5,2,1,8,0,10,152,3,165,0,15,154,4,173,12,0,12,185
09/09/2003,CIC,CA,AWP,WE,Federal Contract Tower,0,4,10,0,14,0,15,43,0,58,0,19,53,0,72,10,0,10,82
09/10/2003,CIC,CA,AWP,WE,Federal Contract Tower,0,4,4,1,9,0,15,133,1,149,0,19,137,2,158,4,12,16,174
09/11/2003,CIC,CA,AWP,WE,Federal Contract Tower,0,5,3,0,8,0,13,87,2,102,0,18,90,2,110,14,0,14,124
09/12/2003,CIC,CA,AWP,WE,Federal Contract Tower,0,7,2,0,9,0,10,142,0,152,0,17,144,0,161,6,0,6,167
09/13/2003,CIC,CA,AWP,WE,Federal Contract Tower,0,5,0,0,5,0,3,201,0,204,0,8,201,0,209,6,0,6,215
09/14/2003,CIC,CA,AWP,WE,Federal Contract Tower,0,4,4,0,8,0,0,192,0,192,0,4,196,0,200,0,0,0,200
09/15/2003,CIC,CA,AWP,WE,Federal Contract Tower,0,9,2,0,11,0,18,76,2,96,0,27,78,2,107,6,0,6,113
09/16/2003,CIC,CA,AWP,WE,Federal Contract Tower,0,4,6,0,10,0,16,97,0,113,0,20,103,0,123,30,0,30,153
09/17/2003,CIC,CA,AWP,WE,Federal Contract Tower,0,5,1,0,6,0,17,83,2,102,0,22,84,2,108,10,0,10,118
09/18/2003,CIC,CA,AWP,WE,Federal Contract Tower,0,5,9,2,16,0,15,85,2,102,0,20,94,4,118,40,0,40,158
09/19/2003,CIC,CA,AWP,WE,Federal Contract Tower,0,6,9,2,17,0,12,109,4,125,0,18,118,6,142,22,8,30,172
09/20/2003,CIC,CA,AWP,WE,Federal Contract Tower,0,4,4,0,8,0,1,133,4,138,0,5,137,4,146,38,0,38,184
09/21/2003,CIC,CA,AWP,WE,Federal Contract Tower,0,3,5,0,8,0,3,106,0,109,0,6,111,0,117,28,0,28,145
09/22/2003,CIC,CA,AWP,WE,Federal Contract Tower,0,6,2,2,10,0,19,87,2,108,0,25,89,4,118,32,0,32,150
09/23/2003,CIC,CA,AWP,WE,Federal Contract Tower,0,5,4,0,9,0,22,86,0,108,0,27,90,0,117,48,0,48,165
09/24/2003,CIC,CA,AWP,WE,Federal Contract Tower,0,4,1,0,5,0,18,93,0,111,0,22,94,0,116,0,0,0,116
09/25/2003,CIC,CA,AWP,WE,Federal Contract Tower,0,5,6,0,11,0,19,97,4,120,0,24,103,4,131,20,0,20,151
09/26/2003,CIC,CA,AWP,WE,Federal Contract Tower,0,5,4,3,12,0,12,125,4,141,0,17,129,7,153,24,0,24,177
09/27/2003,CIC,CA,AWP,WE,Federal Contract Tower,0,6,0,0,6,0,1,94,0,95,0,7,94,0,101,22,0,22,123
09/28/2003,CIC,CA,AWP,WE,Federal Contract Tower,0,4,4,0,8,0,0,150,0,150,0,4,154,0,158,22,0,22,180
09/29/2003,CIC,CA,AWP,WE,Federal Contract Tower,0,5,2,2,9,0,21,111,5,137,0,26,113,7,146,4,0,4,150
09/30/2003,CIC,CA,AWP,WE,Federal Contract Tower,0,4,8,0,12,0,20,70,1,91,0,24,78,1,103,68,0,68,171
10/01/2003,CIC,CA,AWP,WE,Federal Contract Tower,0,6,4,2,12,0,16,86,0,102,0,22,90,2,114,46,0,46,160
10/02/2003,CIC,CA,AWP,WE,Federal Contract Tower,0,5,3,1,9,0,15,72,1,88,0,20,75,2,97,22,4,26,123
10/03/2003,CIC,CA,AWP,WE,Federal Contract Tower,0,5,4,1,10,0,14,78,13,105,0,19,82,14,115,44,6,50,165
10/04/2003,CIC,CA,AWP,WE,Federal Contract Tower,0,5,3,0,8,0,3,78,0,81,0,8,81,0,89,26,0,26,115
10/05/2003,CIC,CA,AWP,WE,Federal Contract Tower,0,4,3,0,7,0,0,88,0,88,0,4,91,0,95,0,0,0,95
10/06/2003,CIC,CA,AWP,WE,Federal Contract Tower,0,4,3,4,11,0,18,63,3,84,0,22,66,7,95,60,10,70,165
10/07/2003,CIC,CA,AWP,WE,Federal Contract Tower,0,3,2,0,5,0,14,69,0,83,0,17,71,0,88,8,0,8,96
10/08/2003,CIC,CA,AWP,WE,Federal Contract Tower,0,7,4,2,13,0,11,91,0,102,0,18,95,2,115,12,0,12,127
10/09/2003,CIC,CA,AWP,WE,Federal Contract Tower,0,6,2,0,8,0,18,70,0,88,0,24,72,0,96,22,0,22,118
10/10/2003,CIC,CA,AWP,WE,Federal Contract Tower,0,4,1,0,5,0,21,78,0,99,0,25,79,0,104,8,0,8,112
10/11/2003,CIC,CA,AWP,WE,Federal Contract Tower,0,4,2,0,6,0,4,98,0,102,0,8,100,0,108,44,0,44,152
10/12/2003,CIC,CA,AWP,WE,Federal Contract Tower,0,4,2,0,6,0,0,92,0,92,0,4,94,0,98,20,0,20,118
10/13/2003,CIC,CA,AWP,WE,Federal Contract Tower,0,6,3,0,9,0,1,85,0,86,0,7,88,0,95,64,0,64,159
10/14/2003,CIC,CA,AWP,WE,Federal Contract Tower,0,4,3,0,7,0,19,74,0,93,0,23,77,0,100,28,0,28,128
10/15/2003,CIC,CA,AWP,WE,Federal Contract Tower,0,5,4,3,12,0,22,62,5,89,0,27,66,8,101,26,0,26,127
10/16/2003,CIC,CA,AWP,WE,Federal Contract Tower,0,4,3,0,7,0,19,77,2,98,0,23,80,2,105,40,0,40,145
10/17/2003,CIC,CA,AWP,WE,Federal Contract Tower,0,5,3,0,8,0,9,102,0,111,0,14,105,0,119,28,0,28,147
10/18/2003,CIC,CA,AWP,WE,Federal Contract Tower,0,3,2,0,5,0,5,100,0,105,0,8,102,0,110,28,0,28,138
10/19/2003,CIC,CA,AWP,WE,Federal Contract Tower,0,4,3,0,7,0,2,82,0,84,0,6,85,0,91,10,0,10,101
10/20/2003,CIC,CA,AWP,WE,Federal Contract Tower,0,6,3,0,9,0,21,80,14,115,0,27,83,14,124,54,6,60,184
10/21/2003,CIC,CA,AWP,WE,Federal Contract Tower,0,5,3,0,8,0,14,71,6,91,0,19,74,6,99,34,0,34,133
10/22/2003,CIC,CA,AWP,WE,Federal Contract Tower,0,3,2,0,5,0,16,84,4,104,0,19,86,4,109,14,0,14,123
10/23/2003,CIC,CA,AWP,WE,Federal Contract Tower,0,5,3,0,8,0,14,82,4,100,0,19,85,4,108,26,2,28,136
10/24/2003,CIC,CA,AWP,WE,Federal Contract Tower,0,5,3,0,8,0,11,129,4,144,0,16,132,4,152,14,22,36,188
10/25/2003,CIC,CA,AWP,WE,Federal Contract Tower,0,4,2,0,6,0,3,94,0,97,0,7,96,0,103,22,0,22,125
10/26/2003,CIC,CA,AWP,WE,Federal Contract Tower,0,3,2,0,5,0,0,127,0,127,0,3,129,0,132,4,0,4,136
10/27/2003,CIC,CA,AWP,WE,Federal Contract Tower,0,4,3,0,7,0,12,77,0,89,0,16,80,0,96,24,0,24,120
10/28/2003,CIC,CA,AWP,WE,Federal Contract Tower,0,8,4,2,14,0,12,82,0,94,0,20,86,2,108,28,0,28,136
10/29/2003,CIC,CA,AWP,WE,Federal Contract Tower,0,6,4,0,10,0,18,71,8,97,0,24,75,8,107,40,0,40,147
10/30/2003,CIC,CA,AWP,WE,Federal Contract Tower,0,4,3,0,7,0,19,76,0,95,0,23,79,0,102,26,0,26,128
10/31/2003,CIC,CA,AWP,WE,Federal Contract Tower,0,13,9,1,23,0,3,43,0,46,0,16,52,1,69,22,0,22,91
11/01/2003,CIC,CA,AWP,WE,Federal Contract Tower,0,3,4,1,8,0,4,77,0,81,0,7,81,1,89,24,0,24,113
11/02/2003,CIC,CA,AWP,WE,Federal Contract Tower,0,5,6,0,11,0,1,62,0,63,0,6,68,0,74,22,0,22,96
11/03/2003,CIC,CA,AWP,WE,Federal Contract Tower,0,8,9,1,18,0,10,33,3,46,0,18,42,4,64,8,0,8,72
11/04/2003,CIC,CA,AWP,WE,Federal Contract Tower,0,7,7,0,14,0,16,72,0,88,0,23,79,0,102,6,2,8,110
11/05/2003,CIC,CA,AWP,WE,Federal Contract Tower,0,9,8,1,18,0,13,65,9,87,0,22,73,10,105,28,0,28,133
11/06/2003,CIC,CA,AWP,WE,Federal Contract Tower,0,9,9,0,18,0,11,64,0,75,0,20,73,0,93,6,0,6,99
11/07/2003,CIC,CA,AWP,WE,Federal Contract Tower,0,9,8,0,17,0,7,18,0,25,0,16,26,0,42,26,0,26,68
11/08/2003,CIC,CA,AWP,WE,Federal Contract Tower,0,7,6,0,13,0,0,23,0,23,0,7,29,0,36,16,0,16,52
11/09/2003,CIC,CA,AWP,WE,Federal Contract Tower,0,6,5,0,11,0,1,16,0,17,0,7,21,0,28,4,0,4,32
11/10/2003,CIC,CA,AWP,WE,Federal Contract Tower,0,8,7,0,15,0,21,55,0,76,0,29,62,0,91,38,0,38,129
11/11/2003,CIC,CA,AWP,WE,Federal Contract Tower,0,5,4,0,9,0,17,84,0,101,0,22,88,0,110,10,0,10,120
11/12/2003,CIC,CA,AWP,WE,Federal Contract Tower,0,4,3,0,7,0,21,85,0,106,0,25,88,0,113,22,0,22,135
11/13/2003,CIC,CA,AWP,WE,Federal Contract Tower,0,8,10,4,22,0,12,67,0,79,0,20,77,4,101,20,0,20,121
11/14/2003,CIC,CA,AWP,WE,Federal Contract Tower,0,19,19,0,38,0,3,28,0,31,0,22,47,0,69,12,0,12,81
11/15/2003,CIC,CA,AWP,WE,Federal Contract Tower,0,8,8,0,16,0,0,9,0,9,0,8,17,0,25,20,0,20,45
11/16/2003,CIC,CA,AWP,WE,Federal Contract Tower,0,4,5,0,9,0,0,41,0,41,0,4,46,0,50,4,0,4,54
11/17/2003,CIC,CA,AWP,WE,Federal Contract Tower,0,8,7,0,15,0,13,36,0,49,0,21,43,0,64,6,0,6,70
11/18/2003,CIC,CA,AWP,WE,Federal Contract Tower,0,8,8,0,16,0,19,69,0,88,0,27,77,0,104,38,0,38,142
11/19/2003,CIC,CA,AWP,WE,Federal Contract Tower,0,6,6,0,12,0,13,64,10,87,0,19,70,10,99,34,0,34,133
11/20/2003,CIC,CA,AWP,WE,Federal Contract Tower,0,10,10,3,23,0,8,41,1,50,0,18,51,4,73,38,10,48,121
11/21/2003,CIC,CA,AWP,WE,Federal Contract Tower,0,6,6,0,12,0,12,74,4,90,0,18,80,4,102,6,0,6,108
11/22/2003,CIC,CA,AWP,WE,Federal Contract Tower,0,2,2,0,4,0,5,53,0,58,0,7,55,0,62,0,0,0,62
11/23/2003,CIC,CA,AWP,WE,Federal Contract Tower,0,3,3,0,6,0,0,75,0,75,0,3,78,0,81,8,0,8,89
11/24/2003,CIC,CA,AWP,WE,Federal Contract Tower,0,7,7,0,14,0,18,59,6,83,0,25,66,6,97,20,0,20,117
11/25/2003,CIC,CA,AWP,WE,Federal Contract Tower,0,5,5,0,10,0,13,64,4,81,0,18,69,4,91,28,20,48,139
11/26/2003,CIC,CA,AWP,WE,Federal Contract Tower,0,4,4,0,8,0,20,92,2,114,0,24,96,2,122,26,0,26,148
11/27/2003,CIC,CA,AWP,WE,Federal Contract Tower,0,4,3,0,7,0,0,44,0,44,0,4,47,0,51,0,0,0,51
11/28/2003,CIC,CA,AWP,WE,Federal Contract Tower,0,7,6,0,13,0,9,53,0,62,0,16,59,0,75,16,0,16,91
11/29/2003,CIC,CA,AWP,WE,Federal Contract Tower,0,9,8,0,17,0,0,10,0,10,0,9,18,0,27,4,0,4,31
11/30/2003,CIC,CA,AWP,WE,Federal Contract Tower,0,4,8,0,12,0,0,43,0,43,0,4,51,0,55,12,0,12,67
12/01/2003,CIC,CA,AWP,WE,Federal Contract Tower,0,14,12,1,27,0,3,21,5,29,0,17,33,6,56,0,0,0,56
12/02/2003,CIC,CA,AWP,WE,Federal Contract Tower,0,11,9,1,21,0,11,34,3,48,0,22,43,4,69,8,0,8,77
12/03/2003,CIC,CA,AWP,WE,Federal Contract Tower,0,10,7,0,17,0,9,55,0,64,0,19,62,0,81,22,0,22,103
12/04/2003,CIC,CA,AWP,WE,Federal Contract Tower,0,21,16,0,37,0,1,7,0,8,0,22,23,0,45,0,0,0,45
12/05/2003,CIC,CA,AWP,WE,Federal Contract Tower,0,10,7,0,17,0,16,4,0,20,0,26,11,0,37,0,0,0,37
12/06/2003,CIC,CA,AWP,WE,Federal Contract Tower,0,6,7,0,13,0,0,7,0,7,0,6,14,0,20,0,0,0,20
12/07/2003,CIC,CA,AWP,WE,Federal Contract Tower,0,3,3,0,6,0,2,55,0,57,0,5,58,0,63,4,0,4,67
12/08/2003,CIC,CA,AWP,WE,Federal Contract Tower,0,5,4,0,9,0,13,54,0,67,0,18,58,0,76,38,0,38,114
12/09/2003,CIC,CA,AWP,WE,Federal Contract Tower,0,14,11,2,27,0,5,33,4,42,0,19,44,6,69,16,0,16,85
12/10/2003,CIC,CA,AWP,WE,Federal Contract Tower,0,18,15,0,33,0,5,21,0,26,0,23,36,0,59,2,0,2,61
12/11/2003,CIC,CA,AWP,WE,Federal Contract Tower,0,4,4,0,8,0,19,58,0,77,0,23,62,0,85,60,0,60,145
12/12/2003,CIC,CA,AWP,WE,Federal Contract Tower,0,20,16,2,38,0,1,18,0,19,0,21,34,2,57,38,0,38,95
12/13/2003,CIC,CA,AWP,WE,Federal Contract Tower,0,6,5,0,11,0,2,20,0,22,0,8,25,0,33,0,0,0,33
12/14/2003,CIC,CA,AWP,WE,Federal Contract Tower,0,3,2,0,5,0,2,65,0,67,0,5,67,0,72,14,0,14,86
12/15/2003,CIC,CA,AWP,WE,Federal Contract Tower,0,9,7,0,16,0,6,62,10,78,0,15,69,10,94,48,0,48,142
12/16/2003,CIC,CA,AWP,WE,Federal Contract Tower,0,6,5,0,11,0,14,81,0,95,0,20,86,0,106,66,0,66,172
12/17/2003,CIC,CA,AWP,WE,Federal Contract Tower,0,7,5,0,12,0,10,81,9,100,0,17,86,9,112,76,0,76,188
12/18/2003,CIC,CA,AWP,WE,Federal Contract Tower,0,5,4,0,9,0,16,89,0,105,0,21,93,0,114,34,0,34,148
12/19/2003,CIC,CA,AWP,WE,Federal Contract Tower,0,12,8,1,21,0,5,31,8,44,0,17,39,9,65,36,24,60,125
12/20/2003,CIC,CA,AWP,WE,Federal Contract Tower,0,8,10,0,18,0,0,11,0,11,0,8,21,0,29,4,0,4,33
12/21/2003,CIC,CA,AWP,WE,Federal Contract Tower,0,5,4,0,9,0,1,62,0,63,0,6,66,0,72,16,0,16,88
12/22/2003,CIC,CA,AWP,WE,Federal Contract Tower,0,11,7,0,18,0,8,39,0,47,0,19,46,0,65,18,0,18,83
12/23/2003,CIC,CA,AWP,WE,Federal Contract Tower,0,18,14,0,32,0,12,21,0,33,0,30,35,0,65,4,0,4,69
12/24/2003,CIC,CA,AWP,WE,Federal Contract Tower,0,13,5,0,18,0,10,0,0,10,0,23,5,0,28,0,0,0,28
12/25/2003,CIC,CA,AWP,WE,Federal Contract Tower,0,4,2,0,6,0,0,20,0,20,0,4,22,0,26,18,0,18,44
12/26/2003,CIC,CA,AWP,WE,Federal Contract Tower,0,6,4,0,10,0,13,73,0,86,0,19,77,0,96,30,0,30,126
12/27/2003,CIC,CA,AWP,WE,Federal Contract Tower,0,3,2,0,5,0,3,77,0,80,0,6,79,0,85,24,0,24,109
12/28/2003,CIC,CA,AWP,WE,Federal Contract Tower,0,5,3,0,8,0,3,45,0,48,0,8,48,0,56,38,0,38,94
12/29/2003,CIC,CA,AWP,WE,Federal Contract Tower,0,11,3,0,14,0,6,0,0,6,0,17,3,0,20,0,0,0,20
12/30/2003,CIC,CA,AWP,WE,Federal Contract Tower,0,7,6,0,13,0,12,24,0,36,0,19,30,0,49,8,0,8,57
12/31/2003,CIC,CA,AWP,WE,Federal Contract Tower,0,11,8,1,20,0,8,17,1,26,0,19,25,2,46,0,0,0,46
01/01/2004,CIC,CA,AWP,WE,Federal Contract Tower,0,0,1,0,1,0,4,9,0,13,0,4,10,0,14,0,0,0,14
01/02/2004,CIC,CA,AWP,WE,Federal Contract Tower,0,10,8,0,18,0,5,5,0,10,0,15,13,0,28,0,0,0,28
01/03/2004,CIC,CA,AWP,WE,Federal Contract Tower,0,3,2,0,5,0,2,86,0,88,0,5,88,0,93,18,0,18,111
01/04/2004,CIC,CA,AWP,WE,Federal Contract Tower,0,3,2,0,5,0,2,64,0,66,0,5,66,0,71,20,0,20,91
01/05/2004,CIC,CA,AWP,WE,Federal Contract Tower,0,3,2,0,5,0,14,52,4,70,0,17,54,4,75,22,0,22,97
01/06/2004,CIC,CA,AWP,WE,Federal Contract Tower,0,3,5,0,8,0,16,27,2,45,0,19,32,2,53,16,0,16,69
01/07/2004,CIC,CA,AWP,WE,Federal Contract Tower,0,19,20,3,42,0,2,7,1,10,0,21,27,4,52,0,0,0,52
01/08/2004,CIC,CA,AWP,WE,Federal Contract Tower,0,10,12,0,22,0,16,13,0,29,0,26,25,0,51,0,0,0,51
01/09/2004,CIC,CA,AWP,WE,Federal Contract Tower,0,16,16,0,32,0,3,9,0,12,0,19,25,0,44,0,0,0,44
01/10/2004,CIC,CA,AWP,WE,Federal Contract Tower,0,4,5,0,9,0,3,89,0,92,0,7,94,0,101,32,0,32,133
01/11/2004,CIC,CA,AWP,WE,Federal Contract Tower,0,4,5,0,9,0,0,73,0,73,0,4,78,0,82,8,0,8,90
01/12/2004,CIC,CA,AWP,WE,Federal Contract Tower,0,16,20,0,36,0,0,9,0,9,0,16,29,0,45,2,4,6,51
01/13/2004,CIC,CA,AWP,WE,Federal Contract Tower,0,15,18,2,35,0,0,7,0,7,0,15,25,2,42,2,0,2,44
01/14/2004,CIC,CA,AWP,WE,Federal Contract Tower,0,14,15,0,29,0,3,11,0,14,0,17,26,0,43,0,0,0,43
01/15/2004,CIC,CA,AWP,WE,Federal Contract Tower,0,14,16,0,30,0,4,14,0,18,0,18,30,0,48,0,0,0,48
01/16/2004,CIC,CA,AWP,WE,Federal Contract Tower,0,15,16,0,31,0,1,30,0,31,0,16,46,0,62,0,0,0,62
01/17/2004,CIC,CA,AWP,WE,Federal Contract Tower,0,6,14,0,20,2,0,39,0,41,2,6,53,0,61,26,0,26,87
01/18/2004,CIC,CA,AWP,WE,Federal Contract Tower,0,3,4,0,7,0,4,74,0,78,0,7,78,0,85,16,0,16,101
01/19/2004,CIC,CA,AWP,WE,Federal Contract Tower,0,16,20,0,36,0,0,12,0,12,0,16,32,0,48,0,0,0,48
01/20/2004,CIC,CA,AWP,WE,Federal Contract Tower,0,7,9,0,16,0,14,76,6,96,0,21,85,6,112,48,0,48,160
01/21/2004,CIC,CA,AWP,WE,Federal Contract Tower,0,6,7,0,13,0,15,78,0,93,0,21,85,0,106,24,0,24,130
01/22/2004,CIC,CA,AWP,WE,Federal Contract Tower,0,4,5,0,9,0,15,103,0,118,0,19,108,0,127,6,0,6,133
01/23/2004,CIC,CA,AWP,WE,Federal Contract Tower,0,6,7,0,13,0,12,86,0,98,0,18,93,0,111,64,0,64,175
01/24/2004,CIC,CA,AWP,WE,Federal Contract Tower,0,13,14,0,27,0,1,20,0,21,0,14,34,0,48,20,0,20,68
01/25/2004,CIC,CA,AWP,WE,Federal Contract Tower,0,5,7,0,12,0,0,92,0,92,0,5,99,0,104,68,0,68,172
01/26/2004,CIC,CA,AWP,WE,Federal Contract Tower,0,5,7,0,12,0,14,64,2,80,0,19,71,2,92,34,24,58,150
01/27/2004,CIC,CA,AWP,WE,Federal Contract Tower,0,14,16,0,30,0,8,4,0,12,0,22,20,0,42,0,0,0,42
01/28/2004,CIC,CA,AWP,WE,Federal Contract Tower,0,9,10,0,19,0,11,59,15,85,0,20,69,15,104,36,42,78,182
01/29/2004,CIC,CA,AWP,WE,Federal Contract Tower,0,6,7,0,13,0,16,79,4,99,0,22,86,4,112,2,12,14,126
01/30/2004,CIC,CA,AWP,WE,Federal Contract Tower,0,12,13,0,25,0,8,57,0,65,0,20,70,0,90,2,0,2,92
01/31/2004,CIC,CA,AWP,WE,Federal Contract Tower,0,2,4,0,6,0,5,76,4,85,0,7,80,4,91,22,0,22,113
02/01/2004,CIC,CA,AWP,WE,Federal Contract Tower,0,3,3,0,6,0,1,13,0,14,0,4,16,0,20,6,0,6,26
02/02/2004,CIC,CA,AWP,WE,Federal Contract Tower,0,7,7,0,14,0,10,5,0,15,0,17,12,0,29,16,0,16,45
02/03/2004,CIC,CA,AWP,WE,Federal Contract Tower,0,10,10,0,20,0,11,7,0,18,0,21,17,0,38,0,0,0,38
02/04/2004,CIC,CA,AWP,WE,Federal Contract Tower,0,6,7,0,13,0,22,83,0,105,0,28,90,0,118,26,0,26,144
02/05/2004,CIC,CA,AWP,WE,Federal Contract Tower,0,5,6,0,11,0,13,91,0,104,0,18,97,0,115,34,0,34,149
02/06/2004,CIC,CA,AWP,WE,Federal Contract Tower,0,4,6,0,10,0,17,38,0,55,0,21,44,0,65,2,0,2,67
02/07/2004,CIC,CA,AWP,WE,Federal Contract Tower,0,3,3,0,6,0,3,102,0,105,0,6,105,0,111,36,0,36,147
02/08/2004,CIC,CA,AWP,WE,Federal Contract Tower,0,4,4,0,8,0,0,128,0,128,0,4,132,0,136,8,0,8,144
02/09/2004,CIC,CA,AWP,WE,Federal Contract Tower,0,5,2,0,7,0,12,48,0,60,0,17,50,0,67,24,0,24,91
02/10/2004,CIC,CA,AWP,WE,Federal Contract Tower,0,4,2,0,6,0,11,61,0,72,0,15,63,0,78,16,0,16,94
02/11/2004,CIC,CA,AWP,WE,Federal Contract Tower,0,4,1,1,6,0,16,80,1,97,0,20,81,2,103,0,0,0,103
02/12/2004,CIC,CA,AWP,WE,Federal Contract Tower,0,3,2,0,5,0,14,81,0,95,0,17,83,0,100,20,0,20,120
02/13/2004,CIC,CA,AWP,WE,Federal Contract Tower,0,9,7,0,16,0,13,39,6,58,0,22,46,6,74,36,0,36,110
02/14/2004,CIC,CA,AWP,WE,Federal Contract Tower,0,6,4,0,10,0,4,53,0,57,0,10,57,0,67,8,0,8,75
02/15/2004,CIC,CA,AWP,WE,Federal Contract Tower,0,4,5,0,9,0,0,49,0,49,0,4,54,0,58,0,0,0,58
02/16/2004,CIC,CA,AWP,WE,Federal Contract Tower,0,9,7,0,16,0,0,1,0,1,0,9,8,0,17,0,0,0,17
02/17/2004,CIC,CA,AWP,WE,Federal Contract Tower,0,13,10,0,23,0,15,0,1,16,0,28,10,1,39,0,0,0,39
02/18/2004,CIC,CA,AWP,WE,Federal Contract Tower,0,11,9,0,20,0,5,49,4,58,0,16,58,4,78,24,0,24,102
02/19/2004,CIC,CA,AWP,WE,Federal Contract Tower,0,8,6,0,14,0,9,101,1,111,0,17,107,1,125,30,0,30,155
02/20/2004,CIC,CA,AWP,WE,Federal Contract Tower,0,5,3,0,8,0,9,79,0,88,0,14,82,0,96,18,0,18,114
02/21/2004,CIC,CA,AWP,WE,Federal Contract Tower,0,6,11,0,17,0,0,67,0,67,0,6,78,0,84,58,0,58,142
02/22/2004,CIC,CA,AWP,WE,Federal Contract Tower,0,4,3,0,7,0,1,10,0,11,0,5,13,0,18,4,0,4,22
02/23/2004,CIC,CA,AWP,WE,Federal Contract Tower,0,8,6,0,14,0,7,80,0,87,0,15,86,0,101,22,0,22,123
02/24/2004,CIC,CA,AWP,WE,Federal Contract Tower,0,14,12,0,26,0,4,32,4,40,0,18,44,4,66,12,0,12,78
02/25/2004,CIC,CA,AWP,WE,Federal Contract Tower,0,7,5,0,12,0,5,6,0,11,0,12,11,0,23,0,0,0,23
02/26/2004,CIC,CA,AWP,WE,Federal Contract Tower,0,9,6,0,15,0,9,15,0,24,0,18,21,0,39,0,0,0,39
02/27/2004,CIC,CA,AWP,WE,Federal Contract Tower,0,10,8,0,18,0,10,83,0,93,0,20,91,0,111,78,0,78,189
02/28/2004,CIC,CA,AWP,WE,Federal Contract Tower,0,5,4,0,9,0,2,153,0,155,0,7,157,0,164,18,0,18,182
02/29/2004,CIC,CA,AWP,WE,Federal Contract Tower,0,3,4,0,7,0,0,95,0,95,0,3,99,0,102,34,0,34,136
03/01/2004,CIC,CA,AWP,WE,Federal Contract Tower,0,8,8,0,16,0,3,5,0,8,0,11,13,0,24,0,0,0,24
03/02/2004,CIC,CA,AWP,WE,Federal Contract Tower,0,4,6,0,10,0,15,56,0,71,0,19,62,0,81,28,0,28,109
03/03/2004,CIC,CA,AWP,WE,Federal Contract Tower,0,3,6,1,10,0,14,106,3,123,0,17,112,4,133,62,0,62,195
03/04/2004,CIC,CA,AWP,WE,Federal Contract Tower,0,1,3,0,4,0,18,66,0,84,0,19,69,0,88,18,0,18,106
03/05/2004,CIC,CA,AWP,WE,Federal Contract Tower,0,3,5,0,8,0,18,127,0,145,0,21,132,0,153,32,0,32,185
03/06/2004,CIC,CA,AWP,WE,Federal Contract Tower,0,4,6,0,10,0,4,125,0,129,0,8,131,0,139,26,0,26,165
03/07/2004,CIC,CA,AWP,WE,Federal Contract Tower,0,4,6,0,10,0,0,134,0,134,0,4,140,0,144,18,0,18,162
03/08/2004,CIC,CA,AWP,WE,Federal Contract Tower,0,2,5,0,7,0,15,105,0,120,0,17,110,0,127,42,0,42,169
03/09/2004,CIC,CA,AWP,WE,Federal Contract Tower,0,7,7,1,15,0,10,79,3,92,0,17,86,4,107,40,2,42,149
03/10/2004,CIC,CA,AWP,WE,Federal Contract Tower,0,0,0,0,0,0,13,73,0,86,0,13,73,0,86,54,0,54,140
03/11/2004,CIC,CA,AWP,WE,Federal Contract Tower,0,4,2,1,7,0,15,91,1,107,0,19,93,2,114,48,0,48,162
03/12/2004,CIC,CA,AWP,WE,Federal Contract Tower,0,5,4,0,9,0,12,87,0,99,0,17,91,0,108,36,0,36,144
03/13/2004,CIC,CA,AWP,WE,Federal Contract Tower,0,3,2,0,5,0,4,130,0,134,0,7,132,0,139,30,0,30,169
03/14/2004,CIC,CA,AWP,WE,Federal Contract Tower,0,4,3,0,7,0,0,115,0,115,0,4,118,0,122,10,0,10,132
03/15/2004,CIC,CA,AWP,WE,Federal Contract Tower,0,4,3,1,8,0,11,61,1,73,0,15,64,2,81,2,0,2,83
03/16/2004,CIC,CA,AWP,WE,Federal Contract Tower,0,6,4,0,10,0,14,78,0,92,0,20,82,0,102,8,0,8,110
03/17/2004,CIC,CA,AWP,WE,Federal Contract Tower,0,6,5,1,12,0,15,103,5,123,0,21,108,6,135,48,16,64,199
03/18/2004,CIC,CA,AWP,WE,Federal Contract Tower,0,4,2,1,7,0,13,66,1,80,0,17,68,2,87,36,0,36,123
03/19/2004,CIC,CA,AWP,WE,Federal Contract Tower,0,4,4,0,8,0,12,63,0,75,0,16,67,0,83,10,0,10,93
03/20/2004,CIC,CA,AWP,WE,Federal Contract Tower,0,7,6,0,13,0,2,91,0,93,0,9,97,0,106,10,0,10,116
03/21/2004,CIC,CA,AWP,WE,Federal Contract Tower,0,4,4,0,8,0,0,92,8,100,0,4,96,8,108,4,0,4,112
03/22/2004,CIC,CA,AWP,WE,Federal Contract Tower,0,6,5,0,11,0,5,67,2,74,0,11,72,2,85,66,8,74,159
03/23/2004,CIC,CA,AWP,WE,Federal Contract Tower,0,11,12,2,25,0,9,50,0,59,0,20,62,2,84,28,0,28,112
03/24/2004,CIC,CA,AWP,WE,Federal Contract Tower,0,6,6,0,12,0,12,66,6,84,0,18,72,6,96,60,0,60,156
03/25/2004,CIC,CA,AWP,WE,Federal Contract Tower,0,7,6,0,13,0,12,11,0,23,0,19,17,0,36,0,0,0,36
03/26/2004,CIC,CA,AWP,WE,Federal Contract Tower,0,7,7,0,14,0,12,53,2,67,0,19,60,2,81,10,0,10,91
03/27/2004,CIC,CA,AWP,WE,Federal Contract Tower,0,4,4,0,8,0,3,90,0,93,0,7,94,0,101,46,0,46,147
03/28/2004,CIC,CA,AWP,WE,Federal Contract Tower,0,4,7,0,11,0,0,92,0,92,0,4,99,0,103,10,0,10,113
03/29/2004,CIC,CA,AWP,WE,Federal Contract Tower,0,6,5,0,11,0,11,84,4,99,0,17,89,4,110,64,0,64,174
03/30/2004,CIC,CA,AWP,WE,Federal Contract Tower,0,7,6,0,13,0,15,58,2,75,0,22,64,2,88,114,0,114,202
03/31/2004,CIC,CA,AWP,WE,Federal Contract Tower,0,4,3,0,7,0,11,84,1,96,0,15,87,1,103,36,0,36,139
04/01/2004,CIC,CA,AWP,WE,Federal Contract Tower,0,5,4,2,11,0,14,52,5,71,0,19,56,7,82,2,0,2,84
04/02/2004,CIC,CA,AWP,WE,Federal Contract Tower,0,5,6,2,13,0,11,81,2,94,0,16,87,4,107,52,0,52,159
04/03/2004,CIC,CA,AWP,WE,Federal Contract Tower,0,1,3,0,4,0,5,116,0,121,0,6,119,0,125,102,0,102,227
04/04/2004,CIC,CA,AWP,WE,Federal Contract Tower,0,1,4,0,5,0,3,74,0,77,0,4,78,0,82,6,0,6,88
04/05/2004,CIC,CA,AWP,WE,Federal Contract Tower,0,4,5,2,11,0,13,70,0,83,0,17,75,2,94,40,0,40,134
04/06/2004,CIC,CA,AWP,WE,Federal Contract Tower,0,5,6,2,13,0,16,79,2,97,0,21,85,4,110,37,0,37,147
04/07/2004,CIC,CA,AWP,WE,Federal Contract Tower,0,6,6,2,14,0,10,72,2,84,0,16,78,4,98,54,0,54,152
04/08/2004,CIC,CA,AWP,WE,Federal Contract Tower,0,4,4,1,9,0,17,65,7,89,0,21,69,8,98,24,0,24,122
04/09/2004,CIC,CA,AWP,WE,Federal Contract Tower,0,5,5,2,12,0,13,84,0,97,0,18,89,2,109,26,0,26,135
04/10/2004,CIC,CA,AWP,WE,Federal Contract Tower,0,5,4,0,9,0,3,84,0,87,0,8,88,0,96,112,0,112,208
04/11/2004,CIC,CA,AWP,WE,Federal Contract Tower,0,2,2,0,4,0,2,78,0,80,0,4,80,0,84,18,0,18,102
04/12/2004,CIC,CA,AWP,WE,Federal Contract Tower,0,5,5,2,12,0,17,55,1,73,0,22,60,3,85,10,0,10,95
04/13/2004,CIC,CA,AWP,WE,Federal Contract Tower,0,6,5,1,12,0,22,52,0,74,0,28,57,1,86,40,96,136,222
04/14/2004,CIC,CA,AWP,WE,Federal Contract Tower,0,6,6,2,14,0,12,50,1,63,0,18,56,3,77,18,28,46,123
04/15/2004,CIC,CA,AWP,WE,Federal Contract Tower,0,6,5,1,12,0,13,66,9,88,0,19,71,10,100,64,10,74,174
04/16/2004,CIC,CA,AWP,WE,Federal Contract Tower,0,8,8,1,17,0,9,74,6,89,0,17,82,7,106,80,16,96,202
04/17/2004,CIC,CA,AWP,WE,Federal Contract Tower,0,4,4,0,8,0,2,69,0,71,0,6,73,0,79,46,0,46,125
04/18/2004,CIC,CA,AWP,WE,Federal Contract Tower,0,5,9,0,14,0,0,49,0,49,0,5,58,0,63,54,0,54,117
04/19/2004,CIC,CA,AWP,WE,Federal Contract Tower,0,10,9,0,19,0,10,24,0,34,0,20,33,0,53,8,0,8,61
04/20/2004,CIC,CA,AWP,WE,Federal Contract Tower,0,15,14,3,32,0,6,37,17,60,0,21,51,20,92,0,8,8,100
04/21/2004,CIC,CA,AWP,WE,Federal Contract Tower,0,12,11,2,25,0,6,54,2,62,0,18,65,4,87,6,42,48,135
04/22/2004,CIC,CA,AWP,WE,Federal Contract Tower,0,6,4,1,11,0,13,59,6,78,0,19,63,7,89,70,4,74,163
04/23/2004,CIC,CA,AWP,WE,Federal Contract Tower,0,6,4,0,10,0,13,102,0,115,0,19,106,0,125,18,0,18,143
04/24/2004,CIC,CA,AWP,WE,Federal Contract Tower,0,6,4,0,10,0,1,116,0,117,0,7,120,0,127,96,0,96,223
04/25/2004,CIC,CA,AWP,WE,Federal Contract Tower,0,2,4,0,6,0,0,71,0,71,0,2,75,0,77,8,0,8,85
04/26/2004,CIC,CA,AWP,WE,Federal Contract Tower,0,4,4,0,8,0,14,62,0,76,0,18,66,0,84,42,0,42,126
04/27/2004,CIC,CA,AWP,WE,Federal Contract Tower,0,4,4,0,8,0,13,59,2,74,0,17,63,2,82,70,0,70,152
04/28/2004,CIC,CA,AWP,WE,Federal Contract Tower,0,4,3,0,7,0,14,63,2,79,0,18,66,2,86,12,0,12,98
04/29/2004,CIC,CA,AWP,WE,Federal Contract Tower,0,4,4,0,8,0,16,68,0,84,0,20,72,0,92,26,0,26,118
04/30/2004,CIC,CA,AWP,WE,Federal Contract Tower,0,5,5,0,10,0,16,119,0,135,0,21,124,0,145,50,0,50,195
05/01/2004,CIC,CA,AWP,WE,Federal Contract Tower,0,5,4,0,9,0,2,136,0,138,0,7,140,0,147,22,0,22,169
05/02/2004,CIC,CA,AWP,WE,Federal Contract Tower,0,3,5,0,8,0,1,126,0,127,0,4,131,0,135,102,0,102,237
05/03/2004,CIC,CA,AWP,WE,Federal Contract Tower,0,4,5,1,10,0,19,57,3,79,0,23,62,4,89,62,24,86,175
05/04/2004,CIC,CA,AWP,WE,Federal Contract Tower,0,4,5,0,9,0,16,65,0,81,0,20,70,0,90,6,0,6,96
05/05/2004,CIC,CA,AWP,WE,Federal Contract Tower,0,3,4,1,8,0,13,68,13,94,0,16,72,14,102,66,0,66,168
05/06/2004,CIC,CA,AWP,WE,Federal Contract Tower,0,4,5,0,9,0,12,73,0,85,0,16,78,0,94,10,0,10,104
05/07/2004,CIC,CA,AWP,WE,Federal Contract Tower,0,4,4,1,9,0,13,77,1,91,0,17,81,2,100,20,0,20,120
05/08/2004,CIC,CA,AWP,WE,Federal Contract Tower,0,4,4,1,9,0,5,68,5,78,0,9,72,6,87,20,0,20,107
05/09/2004,CIC,CA,AWP,WE,Federal Contract Tower,0,2,3,0,5,0,0,97,0,97,0,2,100,0,102,100,0,100,202
05/10/2004,CIC,CA,AWP,WE,Federal Contract Tower,0,5,4,0,9,0,16,48,0,64,0,21,52,0,73,26,0,26,99
05/11/2004,CIC,CA,AWP,WE,Federal Contract Tower,0,5,6,0,11,0,17,43,2,62,0,22,49,2,73,26,0,26,99
05/12/2004,CIC,CA,AWP,WE,Federal Contract Tower,0,6,4,0,10,0,16,70,0,86,0,22,74,0,96,12,0,12,108
05/13/2004,CIC,CA,AWP,WE,Federal Contract Tower,0,4,2,0,6,0,15,99,0,114,0,19,101,0,120,18,0,18,138
05/14/2004,CIC,CA,AWP,WE,Federal Contract Tower,0,5,4,0,9,0,16,86,0,102,0,21,90,0,111,26,0,26,137
05/15/2004,CIC,CA,AWP,WE,Federal Contract Tower,0,3,2,0,5,0,4,74,0,78,0,7,76,0,83,12,0,12,95
05/16/2004,CIC,CA,AWP,WE,Federal Contract Tower,0,4,2,0,6,0,1,88,0,89,0,5,90,0,95,14,0,14,109
05/17/2004,CIC,CA,AWP,WE,Federal Contract Tower,0,4,3,0,7,0,12,51,0,63,0,16,54,0,70,16,0,16,86
05/18/2004,CIC,CA,AWP,WE,Federal Contract Tower,0,5,4,0,9,0,15,69,0,84,0,20,73,0,93,14,0,14,107
05/19/2004,CIC,CA,AWP,WE,Federal Contract Tower,0,6,5,0,11,0,11,65,0,76,0,17,70,0,87,20,0,20,107
05/20/2004,CIC,CA,AWP,WE,Federal Contract Tower,0,4,3,0,7,0,14,54,0,68,0,18,57,0,75,30,0,30,105
05/21/2004,CIC,CA,AWP,WE,Federal Contract Tower,0,4,3,0,7,0,16,88,0,104,0,20,91,0,111,20,0,20,131
05/22/2004,CIC,CA,AWP,WE,Federal Contract Tower,0,4,4,0,8,0,0,71,0,71,0,4,75,0,79,16,0,16,95
05/23/2004,CIC,CA,AWP,WE,Federal Contract Tower,0,5,6,0,11,0,0,83,0,83,0,5,89,0,94,0,0,0,94
05/24/2004,CIC,CA,AWP,WE,Federal Contract Tower,0,6,5,0,11,0,10,69,6,85,0,16,74,6,96,46,0,46,142
05/25/2004,CIC,CA,AWP,WE,Federal Contract Tower,0,6,4,0,10,0,22,73,2,97,0,28,77,2,107,2,0,2,109
05/26/2004,CIC,CA,AWP,WE,Federal Contract Tower,0,6,4,0,10,0,15,71,4,90,0,21,75,4,100,56,0,56,156
05/27/2004,CIC,CA,AWP,WE,Federal Contract Tower,0,5,3,0,8,0,17,69,0,86,0,22,72,0,94,20,0,20,114
05/28/2004,CIC,CA,AWP,WE,Federal Contract Tower,0,7,6,0,13,0,19,81,0,100,0,26,87,0,113,6,0,6,119
05/29/2004,CIC,CA,AWP,WE,Federal Contract Tower,0,4,3,0,7,0,3,59,0,62,0,7,62,0,69,22,0,22,91
05/30/2004,CIC,CA,AWP,WE,Federal Contract Tower,0,3,2,0,5,0,2,77,0,79,0,5,79,0,84,10,0,10,94
05/31/2004,CIC,CA,AWP,WE,Federal Contract Tower,0,4,4,0,8,0,0,79,0,79,0,4,83,0,87,16,0,16,103
06/01/2004,CIC,CA,AWP,WE,Federal Contract Tower,0,3,2,1,6,0,15,51,3,69,0,18,53,4,75,10,0,10,85
06/02/2004,CIC,CA,AWP,WE,Federal Contract Tower,0,3,3,0,6,0,21,74,0,95,0,24,77,0,101,14,0,14,115
06/03/2004,CIC,CA,AWP,WE,Federal Contract Tower,0,4,4,0,8,0,20,67,0,87,0,24,71,0,95,14,0,14,109
06/04/2004,CIC,CA,AWP,WE,Federal Contract Tower,0,4,3,0,7,0,19,74,0,93,0,23,77,0,100,22,0,22,122
06/05/2004,CIC,CA,AWP,WE,Federal Contract Tower,0,5,2,0,7,0,0,86,0,86,0,5,88,0,93,8,0,8,101
06/06/2004,CIC,CA,AWP,WE,Federal Contract Tower,0,4,4,0,8,0,0,90,0,90,0,4,94,0,98,22,0,22,120
06/07/2004,CIC,CA,AWP,WE,Federal Contract Tower,0,6,5,0,11,0,14,62,0,76,0,20,67,0,87,38,0,38,125
06/08/2004,CIC,CA,AWP,WE,Federal Contract Tower,0,5,3,0,8,0,17,67,2,86,0,22,70,2,94,54,0,54,148
06/09/2004,CIC,CA,AWP,WE,Federal Contract Tower,0,3,2,0,5,0,22,86,0,108,0,25,88,0,113,34,24,58,171
06/10/2004,CIC,CA,AWP,WE,Federal Contract Tower,0,3,5,2,10,0,20,79,0,99,0,23,84,2,109,18,0,18,127
06/11/2004,CIC,CA,AWP,WE,Federal Contract Tower,0,4,2,0,6,0,16,61,0,77,0,20,63,0,83,26,0,26,109
06/12/2004,CIC,CA,AWP,WE,Federal Contract Tower,0,2,1,0,3,0,3,84,0,87,0,5,85,0,90,12,0,12,102
06/13/2004,CIC,CA,AWP,WE,Federal Contract Tower,0,4,3,0,7,0,2,65,0,67,0,6,68,0,74,6,0,6,80
06/14/2004,CIC,CA,AWP,WE,Federal Contract Tower,0,6,4,0,10,0,17,61,0,78,0,23,65,0,88,6,0,6,94
06/15/2004,CIC,CA,AWP,WE,Federal Contract Tower,0,4,2,0,6,0,16,64,2,82,0,20,66,2,88,54,0,54,142
06/16/2004,CIC,CA,AWP,WE,Federal Contract Tower,0,6,5,0,11,0,14,62,10,86,0,20,67,10,97,42,6,48,145
06/17/2004,CIC,CA,AWP,WE,Federal Contract Tower,0,7,5,0,12,0,11,70,0,81,0,18,75,0,93,38,0,38,131
06/18/2004,CIC,CA,AWP,WE,Federal Contract Tower,0,5,4,0,9,0,11,81,2,94,0,16,85,2,103,26,18,44,147
06/19/2004,CIC,CA,AWP,WE,Federal Contract Tower,0,4,2,0,6,0,1,92,0,93,0,5,94,0,99,14,0,14,113
06/20/2004,CIC,CA,AWP,WE,Federal Contract Tower,0,4,2,0,6,0,1,82,0,83,0,5,84,0,89,8,0,8,97
06/21/2004,CIC,CA,AWP,WE,Federal Contract Tower,0,6,5,0,11,0,11,99,2,112,0,17,104,2,123,8,0,8,131
06/22/2004,CIC,CA,AWP,WE,Federal Contract Tower,0,4,6,6,16,0,16,73,0,89,0,20,79,6,105,32,0,32,137
06/23/2004,CIC,CA,AWP,WE,Federal Contract Tower,0,6,5,0,11,0,9,74,2,85,0,15,79,2,96,14,26,40,136
06/24/2004,CIC,CA,AWP,WE,Federal Contract Tower,0,4,3,0,7,0,16,71,0,87,0,20,74,0,94,10,0,10,104
06/25/2004,CIC,CA,AWP,WE,Federal Contract Tower,0,3,2,0,5,0,12,91,2,105,0,15,93,2,110,12,0,12,122
06/26/2004,CIC,CA,AWP,WE,Federal Contract Tower,0,4,2,0,6,0,1,117,0,118,0,5,119,0,124,8,0,8,132
06/27/2004,CIC,CA,AWP,WE,Federal Contract Tower,0,4,3,0,7,0,0,90,0,90,0,4,93,0,97,36,0,36,133
06/28/2004,CIC,CA,AWP,WE,Federal Contract Tower,0,5,4,0,9,0,16,79,6,101,0,21,83,6,110,76,12,88,198
06/29/2004,CIC,CA,AWP,WE,Federal Contract Tower,0,4,2,0,6,0,14,58,2,74,0,18,60,2,80,0,14,14,94
06/30/2004,CIC,CA,AWP,WE,Federal Contract Tower,0,4,3,0,7,0,11,84,2,97,0,15,87,2,104,44,0,44,148
07/01/2004,CIC,CA,AWP,WE,Federal Contract Tower,0,0,0,0,0,0,0,0,0,0,0,0,0,0,0,0,0,0,0
07/02/2004,CIC,CA,AWP,WE,Federal Contract Tower,0,4,6,1,11,0,12,129,1,142,0,16,135,2,153,32,0,32,185
07/03/2004,CIC,CA,AWP,WE,Federal Contract Tower,0,4,5,0,9,0,0,135,0,135,0,4,140,0,144,60,0,60,204
07/04/2004,CIC,CA,AWP,WE,Federal Contract Tower,0,2,3,0,5,0,0,89,0,89,0,2,92,0,94,8,0,8,102
07/05/2004,CIC,CA,AWP,WE,Federal Contract Tower,0,4,5,0,9,0,0,76,0,76,0,4,81,0,85,24,0,24,109
07/06/2004,CIC,CA,AWP,WE,Federal Contract Tower,0,5,5,1,11,0,14,56,1,71,0,19,61,2,82,14,0,14,96
07/07/2004,CIC,CA,AWP,WE,Federal Contract Tower,0,6,7,0,13,0,14,70,0,84,0,20,77,0,97,6,0,6,103
07/08/2004,CIC,CA,AWP,WE,Federal Contract Tower,0,5,6,0,11,0,15,71,0,86,0,20,77,0,97,16,0,16,113
07/09/2004,CIC,CA,AWP,WE,Federal Contract Tower,0,5,5,0,10,0,12,88,0,100,0,17,93,0,110,16,0,16,126
07/10/2004,CIC,CA,AWP,WE,Federal Contract Tower,0,6,6,0,12,0,3,89,0,92,0,9,95,0,104,0,0,0,104
07/11/2004,CIC,CA,AWP,WE,Federal Contract Tower,0,4,5,0,9,0,0,90,0,90,0,4,95,0,99,10,0,10,109
07/12/2004,CIC,CA,AWP,WE,Federal Contract Tower,0,3,3,1,7,0,15,95,1,111,0,18,98,2,118,34,0,34,152
07/13/2004,CIC,CA,AWP,WE,Federal Contract Tower,0,4,5,1,10,0,15,78,3,96,0,19,83,4,106,34,0,34,140
07/14/2004,CIC,CA,AWP,WE,Federal Contract Tower,0,5,6,0,11,0,11,78,0,89,0,16,84,0,100,82,0,82,182
07/15/2004,CIC,CA,AWP,WE,Federal Contract Tower,0,8,8,1,17,0,10,83,3,96,0,18,91,4,113,44,26,70,183
07/16/2004,CIC,CA,AWP,WE,Federal Contract Tower,0,10,11,0,21,0,6,80,4,90,0,16,91,4,111,12,0,12,123
07/17/2004,CIC,CA,AWP,WE,Federal Contract Tower,0,2,3,0,5,0,5,95,0,100,0,7,98,0,105,54,0,54,159
07/18/2004,CIC,CA,AWP,WE,Federal Contract Tower,0,3,4,0,7,0,3,78,0,81,0,6,82,0,88,20,0,20,108
07/19/2004,CIC,CA,AWP,WE,Federal Contract Tower,0,3,4,0,7,0,17,70,2,89,0,20,74,2,96,18,10,28,124
07/20/2004,CIC,CA,AWP,WE,Federal Contract Tower,0,5,6,0,11,0,16,90,0,106,0,21,96,0,117,20,0,20,137
07/21/2004,CIC,CA,AWP,WE,Federal Contract Tower,0,7,8,0,15,0,9,76,4,89,0,16,84,4,104,6,0,6,110
07/22/2004,CIC,CA,AWP,WE,Federal Contract Tower,0,6,7,0,13,0,11,81,0,92,0,17,88,0,105,48,0,48,153
07/23/2004,CIC,CA,AWP,WE,Federal Contract Tower,0,8,10,0,18,0,9,106,0,115,0,17,116,0,133,4,0,4,137
07/24/2004,CIC,CA,AWP,WE,Federal Contract Tower,0,3,4,0,7,0,5,81,0,86,0,8,85,0,93,28,0,28,121
07/25/2004,CIC,CA,AWP,WE,Federal Contract Tower,0,3,4,0,7,0,3,112,0,115,0,6,116,0,122,6,0,6,128
07/26/2004,CIC,CA,AWP,WE,Federal Contract Tower,0,3,4,0,7,0,13,56,3,72,0,16,60,3,79,8,0,8,87
07/27/2004,CIC,CA,AWP,WE,Federal Contract Tower,0,2,4,0,6,0,13,63,0,76,0,15,67,0,82,46,0,46,128
07/28/2004,CIC,CA,AWP,WE,Federal Contract Tower,0,3,4,0,7,0,14,68,7,89,0,17,72,7,96,18,0,18,114
07/29/2004,CIC,CA,AWP,WE,Federal Contract Tower,0,3,4,0,7,0,15,79,0,94,0,18,83,0,101,32,0,32,133
07/30/2004,CIC,CA,AWP,WE,Federal Contract Tower,0,2,4,0,6,0,16,85,0,101,0,18,89,0,107,0,0,0,107
07/31/2004,CIC,CA,AWP,WE,Federal Contract Tower,0,2,4,0,6,0,5,66,0,71,0,7,70,0,77,4,0,4,81
08/01/2004,CIC,CA,AWP,WE,Federal Contract Tower,0,4,3,0,7,0,0,59,0,59,0,4,62,0,66,18,0,18,84
08/02/2004,CIC,CA,AWP,WE,Federal Contract Tower,0,6,8,4,18,0,20,66,2,88,0,26,74,6,106,18,14,32,138
08/03/2004,CIC,CA,AWP,WE,Federal Contract Tower,0,3,5,0,8,0,17,85,0,102,0,20,90,0,110,8,0,8,118
08/04/2004,CIC,CA,AWP,WE,Federal Contract Tower,0,5,5,1,11,0,17,71,1,89,0,22,76,2,100,22,0,22,122
08/05/2004,CIC,CA,AWP,WE,Federal Contract Tower,0,3,3,0,6,0,16,85,0,101,0,19,88,0,107,0,0,0,107
08/06/2004,CIC,CA,AWP,WE,Federal Contract Tower,0,4,2,0,6,0,11,128,0,139,0,15,130,0,145,12,0,12,157
08/07/2004,CIC,CA,AWP,WE,Federal Contract Tower,0,6,3,0,9,0,1,97,0,98,0,7,100,0,107,10,0,10,117
08/08/2004,CIC,CA,AWP,WE,Federal Contract Tower,0,4,1,0,5,0,0,60,0,60,0,4,61,0,65,18,0,18,83
08/09/2004,CIC,CA,AWP,WE,Federal Contract Tower,0,4,3,0,7,0,13,70,0,83,0,17,73,0,90,0,0,0,90
08/10/2004,CIC,CA,AWP,WE,Federal Contract Tower,0,3,1,0,4,0,26,73,0,99,0,29,74,0,103,4,0,4,107
08/11/2004,CIC,CA,AWP,WE,Federal Contract Tower,0,6,5,0,11,0,15,124,2,141,0,21,129,2,152,24,0,24,176
08/12/2004,CIC,CA,AWP,WE,Federal Contract Tower,0,5,5,3,13,0,10,87,4,101,0,15,92,7,114,8,20,28,142
08/13/2004,CIC,CA,AWP,WE,Federal Contract Tower,0,6,6,3,15,0,11,74,5,90,0,17,80,8,105,36,22,58,163
08/14/2004,CIC,CA,AWP,WE,Federal Contract Tower,0,5,3,0,8,0,3,79,0,82,0,8,82,0,90,4,0,4,94
08/15/2004,CIC,CA,AWP,WE,Federal Contract Tower,0,5,4,0,9,0,1,104,0,105,0,6,108,0,114,44,0,44,158
08/16/2004,CIC,CA,AWP,WE,Federal Contract Tower,0,4,2,0,6,0,17,77,0,94,0,21,79,0,100,0,0,0,100
08/17/2004,CIC,CA,AWP,WE,Federal Contract Tower,0,5,5,0,10,0,14,74,0,88,0,19,79,0,98,0,0,0,98
08/18/2004,CIC,CA,AWP,WE,Federal Contract Tower,0,4,2,0,6,0,19,84,0,103,0,23,86,0,109,8,0,8,117
08/19/2004,CIC,CA,AWP,WE,Federal Contract Tower,0,6,5,0,11,0,13,66,3,82,0,19,71,3,93,28,0,28,121
08/20/2004,CIC,CA,AWP,WE,Federal Contract Tower,0,4,2,0,6,0,13,111,3,127,0,17,113,3,133,12,0,12,145
08/21/2004,CIC,CA,AWP,WE,Federal Contract Tower,0,5,3,0,8,0,3,77,0,80,0,8,80,0,88,30,0,30,118
08/22/2004,CIC,CA,AWP,WE,Federal Contract Tower,0,4,2,0,6,0,0,58,0,58,0,4,60,0,64,6,0,6,70
08/23/2004,CIC,CA,AWP,WE,Federal Contract Tower,0,6,5,0,11,0,10,35,3,48,0,16,40,3,59,26,0,26,85
08/24/2004,CIC,CA,AWP,WE,Federal Contract Tower,0,5,3,0,8,0,17,77,2,96,0,22,80,2,104,36,0,36,140
08/25/2004,CIC,CA,AWP,WE,Federal Contract Tower,0,4,3,0,7,0,15,74,4,93,0,19,77,4,100,4,0,4,104
08/26/2004,CIC,CA,AWP,WE,Federal Contract Tower,0,4,2,0,6,0,14,78,0,92,0,18,80,0,98,10,0,10,108
08/27/2004,CIC,CA,AWP,WE,Federal Contract Tower,0,4,3,0,7,0,15,93,3,111,0,19,96,3,118,36,20,56,174
08/28/2004,CIC,CA,AWP,WE,Federal Contract Tower,0,5,4,0,9,0,1,85,0,86,0,6,89,0,95,10,0,10,105
08/29/2004,CIC,CA,AWP,WE,Federal Contract Tower,0,4,3,0,7,0,0,89,0,89,0,4,92,0,96,62,0,62,158
08/30/2004,CIC,CA,AWP,WE,Federal Contract Tower,0,5,4,0,9,0,13,80,0,93,0,18,84,0,102,52,0,52,154
08/31/2004,CIC,CA,AWP,WE,Federal Contract Tower,0,5,3,0,8,0,21,115,2,138,0,26,118,2,146,40,0,40,186
09/01/2004,CIC,CA,AWP,WE,Federal Contract Tower,0,1,4,1,6,0,17,88,1,106,0,18,92,2,112,0,0,0,112
09/02/2004,CIC,CA,AWP,WE,Federal Contract Tower,0,5,5,0,10,0,13,75,0,88,0,18,80,0,98,10,0,10,108
09/03/2004,CIC,CA,AWP,WE,Federal Contract Tower,0,4,2,0,6,0,13,108,0,121,0,17,110,0,127,0,0,0,127
09/04/2004,CIC,CA,AWP,WE,Federal Contract Tower,0,3,1,0,4,0,2,84,0,86,0,5,85,0,90,6,0,6,96
09/05/2004,CIC,CA,AWP,WE,Federal Contract Tower,0,2,1,0,3,0,0,97,0,97,0,2,98,0,100,18,0,18,118
09/06/2004,CIC,CA,AWP,WE,Federal Contract Tower,0,5,3,1,9,0,0,123,7,130,0,5,126,8,139,10,0,10,149
09/07/2004,CIC,CA,AWP,WE,Federal Contract Tower,0,7,6,0,13,0,15,86,0,101,0,22,92,0,114,2,0,2,116
09/08/2004,CIC,CA,AWP,WE,Federal Contract Tower,0,5,3,0,8,0,17,82,0,99,0,22,85,0,107,42,0,42,149
09/09/2004,CIC,CA,AWP,WE,Federal Contract Tower,0,2,3,0,5,0,20,74,0,94,0,22,77,0,99,46,6,52,151
09/10/2004,CIC,CA,AWP,WE,Federal Contract Tower,0,6,7,0,13,0,11,94,0,105,0,17,101,0,118,24,0,24,142
09/11/2004,CIC,CA,AWP,WE,Federal Contract Tower,0,3,3,0,6,0,4,97,0,101,0,7,100,0,107,22,0,22,129
09/12/2004,CIC,CA,AWP,WE,Federal Contract Tower,0,4,5,0,9,0,0,59,0,59,0,4,64,0,68,0,0,0,68
09/13/2004,CIC,CA,AWP,WE,Federal Contract Tower,0,4,5,0,9,0,14,65,0,79,0,18,70,0,88,88,0,88,176
09/14/2004,CIC,CA,AWP,WE,Federal Contract Tower,0,3,4,0,7,0,19,92,0,111,0,22,96,0,118,36,0,36,154
09/15/2004,CIC,CA,AWP,WE,Federal Contract Tower,0,4,5,0,9,0,19,57,4,80,0,23,62,4,89,16,0,16,105
09/16/2004,CIC,CA,AWP,WE,Federal Contract Tower,0,3,4,0,7,0,19,77,0,96,0,22,81,0,103,0,0,0,103
09/17/2004,CIC,CA,AWP,WE,Federal Contract Tower,0,4,5,0,9,0,11,88,0,99,0,15,93,0,108,36,0,36,144
09/18/2004,CIC,CA,AWP,WE,Federal Contract Tower,0,6,7,0,13,0,1,88,2,91,0,7,95,2,104,24,0,24,128
09/19/2004,CIC,CA,AWP,WE,Federal Contract Tower,0,2,11,0,13,0,0,59,2,61,0,2,70,2,74,12,0,12,86
09/20/2004,CIC,CA,AWP,WE,Federal Contract Tower,0,5,6,0,11,0,13,80,0,93,0,18,86,0,104,20,0,20,124
09/21/2004,CIC,CA,AWP,WE,Federal Contract Tower,0,3,4,0,7,0,12,70,0,82,0,15,74,0,89,8,0,8,97
09/22/2004,CIC,CA,AWP,WE,Federal Contract Tower,0,3,4,0,7,0,16,79,0,95,0,19,83,0,102,12,0,12,114
09/23/2004,CIC,CA,AWP,WE,Federal Contract Tower,0,1,2,0,3,0,15,116,4,135,0,16,118,4,138,22,0,22,160
09/24/2004,CIC,CA,AWP,WE,Federal Contract Tower,0,3,4,0,7,0,18,98,0,116,0,21,102,0,123,32,0,32,155
09/25/2004,CIC,CA,AWP,WE,Federal Contract Tower,0,1,3,0,4,0,3,134,0,137,0,4,137,0,141,44,0,44,185
09/26/2004,CIC,CA,AWP,WE,Federal Contract Tower,0,4,7,0,11,0,0,123,0,123,0,4,130,0,134,12,0,12,146
09/27/2004,CIC,CA,AWP,WE,Federal Contract Tower,0,3,5,0,8,0,16,79,10,105,0,19,84,10,113,0,0,0,113
09/28/2004,CIC,CA,AWP,WE,Federal Contract Tower,0,5,7,0,12,0,16,81,0,97,0,21,88,0,109,6,0,6,115
09/29/2004,CIC,CA,AWP,WE,Federal Contract Tower,0,5,6,0,11,0,16,71,4,91,0,21,77,4,102,10,54,64,166
09/30/2004,CIC,CA,AWP,WE,Federal Contract Tower,0,6,8,0,14,0,18,51,6,75,0,24,59,6,89,34,0,34,123
10/01/2004,CIC,CA,AWP,WE,Federal Contract Tower,0,4,6,0,10,0,17,72,0,89,0,21,78,0,99,20,0,20,119
10/02/2004,CIC,CA,AWP,WE,Federal Contract Tower,0,4,6,0,10,0,3,120,0,123,0,7,126,0,133,26,0,26,159
10/03/2004,CIC,CA,AWP,WE,Federal Contract Tower,0,4,3,0,7,0,0,97,0,97,0,4,100,0,104,24,0,24,128
10/04/2004,CIC,CA,AWP,WE,Federal Contract Tower,0,4,4,0,8,0,17,72,0,89,0,21,76,0,97,42,0,42,139
10/05/2004,CIC,CA,AWP,WE,Federal Contract Tower,0,5,3,0,8,0,16,99,0,115,0,21,102,0,123,18,0,18,141
10/06/2004,CIC,CA,AWP,WE,Federal Contract Tower,0,4,2,0,6,0,18,71,2,91,0,22,73,2,97,20,0,20,117
10/07/2004,CIC,CA,AWP,WE,Federal Contract Tower,0,5,3,0,8,0,15,98,3,116,0,20,101,3,124,20,2,22,146
10/08/2004,CIC,CA,AWP,WE,Federal Contract Tower,0,6,7,1,14,0,14,85,0,99,0,20,92,1,113,0,0,0,113
10/09/2004,CIC,CA,AWP,WE,Federal Contract Tower,0,4,7,0,11,0,3,63,0,66,0,7,70,0,77,4,0,4,81
10/10/2004,CIC,CA,AWP,WE,Federal Contract Tower,0,4,3,0,7,0,0,90,0,90,0,4,93,0,97,2,0,2,99
10/11/2004,CIC,CA,AWP,WE,Federal Contract Tower,0,6,1,0,7,0,4,93,0,97,0,10,94,0,104,54,0,54,158
10/12/2004,CIC,CA,AWP,WE,Federal Contract Tower,0,7,7,2,16,0,18,79,2,99,0,25,86,4,115,16,0,16,131
10/13/2004,CIC,CA,AWP,WE,Federal Contract Tower,0,6,3,1,10,0,12,95,1,108,0,18,98,2,118,38,0,38,156
10/14/2004,CIC,CA,AWP,WE,Federal Contract Tower,0,11,4,3,18,0,8,73,3,84,0,19,77,6,102,30,0,30,132
10/15/2004,CIC,CA,AWP,WE,Federal Contract Tower,0,5,4,0,9,0,12,76,0,88,0,17,80,0,97,32,0,32,129
10/16/2004,CIC,CA,AWP,WE,Federal Contract Tower,0,4,7,0,11,0,3,82,0,85,0,7,89,0,96,16,2,18,114
10/17/2004,CIC,CA,AWP,WE,Federal Contract Tower,0,4,12,0,16,0,0,11,0,11,0,4,23,0,27,0,0,0,27
10/18/2004,CIC,CA,AWP,WE,Federal Contract Tower,0,12,15,0,27,0,7,15,0,22,0,19,30,0,49,0,0,0,49
10/19/2004,CIC,CA,AWP,WE,Federal Contract Tower,0,18,6,0,24,0,6,6,0,12,0,24,12,0,36,0,0,0,36
10/20/2004,CIC,CA,AWP,WE,Federal Contract Tower,0,12,9,0,21,0,15,18,0,33,0,27,27,0,54,22,0,22,76
10/21/2004,CIC,CA,AWP,WE,Federal Contract Tower,0,7,6,0,13,0,25,68,0,93,0,32,74,0,106,38,0,38,144
10/22/2004,CIC,CA,AWP,WE,Federal Contract Tower,0,7,7,0,14,0,12,68,0,80,0,19,75,0,94,22,0,22,116
10/23/2004,CIC,CA,AWP,WE,Federal Contract Tower,0,5,16,0,21,0,0,0,0,0,0,5,16,0,21,0,0,0,21
10/24/2004,CIC,CA,AWP,WE,Federal Contract Tower,0,4,6,0,10,0,5,52,0,57,0,9,58,0,67,20,0,20,87
10/25/2004,CIC,CA,AWP,WE,Federal Contract Tower,0,7,5,1,13,0,25,59,1,85,0,32,64,2,98,32,0,32,130
10/26/2004,CIC,CA,AWP,WE,Federal Contract Tower,0,17,7,1,25,0,12,16,1,29,0,29,23,2,54,20,14,34,88
10/27/2004,CIC,CA,AWP,WE,Federal Contract Tower,0,10,10,0,20,0,17,70,0,87,0,27,80,0,107,30,0,30,137
10/28/2004,CIC,CA,AWP,WE,Federal Contract Tower,0,8,5,4,17,0,12,58,1,71,0,20,63,5,88,38,0,38,126
10/29/2004,CIC,CA,AWP,WE,Federal Contract Tower,0,7,0,2,9,0,12,72,0,84,0,19,72,2,93,22,8,30,123
10/30/2004,CIC,CA,AWP,WE,Federal Contract Tower,0,5,5,0,10,0,4,89,0,93,0,9,94,0,103,12,0,12,115
10/31/2004,CIC,CA,AWP,WE,Federal Contract Tower,0,3,3,0,6,0,0,79,2,81,0,3,82,2,87,22,0,22,109
11/01/2004,CIC,CA,AWP,WE,Federal Contract Tower,0,5,3,1,9,0,16,73,1,90,0,21,76,2,99,40,0,40,139
11/02/2004,CIC,CA,AWP,WE,Federal Contract Tower,0,7,1,2,10,0,17,72,2,91,0,24,73,4,101,30,0,30,131
11/03/2004,CIC,CA,AWP,WE,Federal Contract Tower,0,12,7,0,19,0,22,35,0,57,0,34,42,0,76,8,0,8,84
11/04/2004,CIC,CA,AWP,WE,Federal Contract Tower,0,8,8,0,16,0,9,61,0,70,0,17,69,0,86,28,0,28,114
11/05/2004,CIC,CA,AWP,WE,Federal Contract Tower,0,4,3,0,7,0,14,81,0,95,0,18,84,0,102,28,0,28,130
11/06/2004,CIC,CA,AWP,WE,Federal Contract Tower,0,4,7,0,11,0,4,103,2,109,0,8,110,2,120,36,0,36,156
11/07/2004,CIC,CA,AWP,WE,Federal Contract Tower,0,4,7,0,11,0,0,101,0,101,0,4,108,0,112,24,0,24,136
11/08/2004,CIC,CA,AWP,WE,Federal Contract Tower,0,17,26,2,45,0,6,27,2,35,0,23,53,4,80,26,0,26,106
11/09/2004,CIC,CA,AWP,WE,Federal Contract Tower,0,12,14,0,26,0,4,22,0,26,0,16,36,0,52,38,0,38,90
11/10/2004,CIC,CA,AWP,WE,Federal Contract Tower,0,25,23,1,49,0,1,6,1,8,0,26,29,2,57,0,0,0,57
11/11/2004,CIC,CA,AWP,WE,Federal Contract Tower,0,12,8,0,20,0,4,13,0,17,0,16,21,0,37,16,0,16,53
11/12/2004,CIC,CA,AWP,WE,Federal Contract Tower,0,5,7,0,12,0,11,54,0,65,0,16,61,0,77,12,0,12,89
11/13/2004,CIC,CA,AWP,WE,Federal Contract Tower,0,7,5,0,12,0,1,89,0,90,0,8,94,0,102,30,0,30,132
11/14/2004,CIC,CA,AWP,WE,Federal Contract Tower,0,5,6,0,11,0,1,92,2,95,0,6,98,2,106,16,0,16,122
11/15/2004,CIC,CA,AWP,WE,Federal Contract Tower,0,9,10,2,21,0,8,49,4,61,0,17,59,6,82,18,28,46,128
11/16/2004,CIC,CA,AWP,WE,Federal Contract Tower,0,10,4,2,16,0,15,43,2,60,0,25,47,4,76,30,0,30,106
11/17/2004,CIC,CA,AWP,WE,Federal Contract Tower,0,9,6,3,18,0,12,63,3,78,0,21,69,6,96,50,32,82,178
11/18/2004,CIC,CA,AWP,WE,Federal Contract Tower,0,14,15,0,29,0,0,5,0,5,0,14,20,0,34,0,0,0,34
11/19/2004,CIC,CA,AWP,WE,Federal Contract Tower,0,7,6,0,13,0,9,89,0,98,0,16,95,0,111,4,0,4,115
11/20/2004,CIC,CA,AWP,WE,Federal Contract Tower,0,4,3,0,7,0,2,64,4,70,0,6,67,4,77,4,0,4,81
11/21/2004,CIC,CA,AWP,WE,Federal Contract Tower,0,4,1,0,5,0,0,57,0,57,0,4,58,0,62,36,0,36,98
11/22/2004,CIC,CA,AWP,WE,Federal Contract Tower,0,8,2,0,10,0,10,62,0,72,0,18,64,0,82,6,0,6,88
11/23/2004,CIC,CA,AWP,WE,Federal Contract Tower,0,5,5,2,12,0,19,67,2,88,0,24,72,4,100,46,0,46,146
11/24/2004,CIC,CA,AWP,WE,Federal Contract Tower,0,4,2,0,6,0,17,82,0,99,0,21,84,0,105,12,0,12,117
11/25/2004,CIC,CA,AWP,WE,Federal Contract Tower,0,2,5,0,7,0,0,20,0,20,0,2,25,0,27,0,0,0,27
11/26/2004,CIC,CA,AWP,WE,Federal Contract Tower,0,5,12,0,17,0,11,52,0,63,0,16,64,0,80,14,0,14,94
11/27/2004,CIC,CA,AWP,WE,Federal Contract Tower,0,5,5,0,10,0,2,41,0,43,0,7,46,0,53,0,0,0,53
11/28/2004,CIC,CA,AWP,WE,Federal Contract Tower,0,3,2,0,5,0,1,59,0,60,0,4,61,0,65,24,0,24,89
11/29/2004,CIC,CA,AWP,WE,Federal Contract Tower,0,6,2,4,12,0,15,65,4,84,0,21,67,8,96,14,20,34,130
11/30/2004,CIC,CA,AWP,WE,Federal Contract Tower,0,7,4,3,14,0,18,58,3,79,0,25,62,6,93,12,0,12,105
12/01/2004,CIC,CA,AWP,WE,Federal Contract Tower,0,6,4,1,11,0,15,56,1,72,0,21,60,2,83,22,16,38,121
12/02/2004,CIC,CA,AWP,WE,Federal Contract Tower,0,7,4,0,11,0,17,71,0,88,0,24,75,0,99,12,0,12,111
12/03/2004,CIC,CA,AWP,WE,Federal Contract Tower,0,6,7,0,13,0,16,123,0,139,0,22,130,0,152,6,0,6,158
12/04/2004,CIC,CA,AWP,WE,Federal Contract Tower,0,4,7,0,11,0,4,68,0,72,0,8,75,0,83,12,0,12,95
12/05/2004,CIC,CA,AWP,WE,Federal Contract Tower,0,4,10,0,14,0,0,53,0,53,0,4,63,0,67,40,0,40,107
12/06/2004,CIC,CA,AWP,WE,Federal Contract Tower,0,14,3,0,17,0,9,13,0,22,0,23,16,0,39,4,0,4,43
12/07/2004,CIC,CA,AWP,WE,Federal Contract Tower,0,23,13,1,37,0,3,4,1,8,0,26,17,2,45,0,0,0,45
12/08/2004,CIC,CA,AWP,WE,Federal Contract Tower,0,16,12,0,28,0,1,9,0,10,0,17,21,0,38,2,0,2,40
12/09/2004,CIC,CA,AWP,WE,Federal Contract Tower,0,12,9,0,21,0,7,44,0,51,0,19,53,0,72,0,0,0,72
12/10/2004,CIC,CA,AWP,WE,Federal Contract Tower,0,8,10,0,18,0,14,37,0,51,0,22,47,0,69,0,0,0,69
12/11/2004,CIC,CA,AWP,WE,Federal Contract Tower,0,4,6,0,10,0,1,58,0,59,0,5,64,0,69,20,0,20,89
12/12/2004,CIC,CA,AWP,WE,Federal Contract Tower,0,6,11,0,17,0,0,3,0,3,0,6,14,0,20,0,0,0,20
12/13/2004,CIC,CA,AWP,WE,Federal Contract Tower,0,13,22,4,39,0,4,47,4,55,0,17,69,8,94,18,0,18,112
12/14/2004,CIC,CA,AWP,WE,Federal Contract Tower,0,11,9,0,20,0,12,53,1,66,0,23,62,1,86,0,0,0,86
12/15/2004,CIC,CA,AWP,WE,Federal Contract Tower,0,8,8,1,17,0,12,65,1,78,0,20,73,2,95,20,26,46,141
12/16/2004,CIC,CA,AWP,WE,Federal Contract Tower,0,9,8,0,17,0,15,65,0,80,0,24,73,0,97,4,0,4,101
12/17/2004,CIC,CA,AWP,WE,Federal Contract Tower,0,7,8,0,15,0,14,71,0,85,0,21,79,0,100,16,0,16,116
12/18/2004,CIC,CA,AWP,WE,Federal Contract Tower,0,3,4,0,7,0,2,82,0,84,0,5,86,0,91,2,0,2,93
12/19/2004,CIC,CA,AWP,WE,Federal Contract Tower,0,5,5,0,10,0,0,21,0,21,0,5,26,0,31,54,0,54,85
12/20/2004,CIC,CA,AWP,WE,Federal Contract Tower,0,15,10,0,25,0,0,1,0,1,0,15,11,0,26,0,0,0,26
12/21/2004,CIC,CA,AWP,WE,Federal Contract Tower,0,8,3,0,11,0,25,92,2,119,0,33,95,2,130,20,0,20,150
12/22/2004,CIC,CA,AWP,WE,Federal Contract Tower,0,6,6,0,12,0,11,86,0,97,0,17,92,0,109,0,0,0,109
12/23/2004,CIC,CA,AWP,WE,Federal Contract Tower,0,5,4,0,9,0,16,67,0,83,0,21,71,0,92,10,0,10,102
12/24/2004,CIC,CA,AWP,WE,Federal Contract Tower,0,6,1,0,7,0,13,59,0,72,0,19,60,0,79,0,0,0,79
12/25/2004,CIC,CA,AWP,WE,Federal Contract Tower,0,2,2,0,4,0,0,5,0,5,0,2,7,0,9,0,0,0,9
12/26/2004,CIC,CA,AWP,WE,Federal Contract Tower,0,3,16,0,19,0,0,17,0,17,0,3,33,0,36,0,0,0,36
12/27/2004,CIC,CA,AWP,WE,Federal Contract Tower,0,13,9,0,22,0,8,21,0,29,0,21,30,0,51,0,0,0,51
12/28/2004,CIC,CA,AWP,WE,Federal Contract Tower,0,18,9,0,27,0,5,19,0,24,0,23,28,0,51,14,0,14,65
12/29/2004,CIC,CA,AWP,WE,Federal Contract Tower,0,13,10,1,24,0,7,18,1,26,0,20,28,2,50,32,0,32,82
12/30/2004,CIC,CA,AWP,WE,Federal Contract Tower,0,12,3,1,16,0,6,19,1,26,0,18,22,2,42,0,4,4,46
12/31/2004,CIC,CA,AWP,WE,Federal Contract Tower,0,9,1,0,10,0,7,9,0,16,0,16,10,0,26,12,0,12,38
01/01/2005,CIC,CA,AWP,WE,Federal Contract Tower,0,0,2,0,2,0,2,12,0,14,0,2,14,0,16,0,0,0,16
01/02/2005,CIC,CA,AWP,WE,Federal Contract Tower,0,0,5,0,5,0,5,9,0,14,0,5,14,0,19,0,0,0,19
01/03/2005,CIC,CA,AWP,WE,Federal Contract Tower,0,12,5,0,17,0,9,38,0,47,0,21,43,0,64,12,0,12,76
01/04/2005,CIC,CA,AWP,WE,Federal Contract Tower,0,11,7,3,21,0,8,22,3,33,0,19,29,6,54,6,28,34,88
01/05/2005,CIC,CA,AWP,WE,Federal Contract Tower,0,14,12,0,26,0,8,30,0,38,0,22,42,0,64,10,0,10,74
01/06/2005,CIC,CA,AWP,WE,Federal Contract Tower,0,14,2,0,16,0,5,64,0,69,0,19,66,0,85,34,0,34,119
01/07/2005,CIC,CA,AWP,WE,Federal Contract Tower,0,10,4,0,14,0,6,5,0,11,0,16,9,0,25,0,0,0,25
01/08/2005,CIC,CA,AWP,WE,Federal Contract Tower,0,5,9,0,14,0,3,16,0,19,0,8,25,0,33,0,0,0,33
01/09/2005,CIC,CA,AWP,WE,Federal Contract Tower,0,4,2,0,6,0,0,39,0,39,0,4,41,0,45,14,0,14,59
01/10/2005,CIC,CA,AWP,WE,Federal Contract Tower,0,12,4,1,17,0,8,8,1,17,0,20,12,2,34,0,0,0,34
01/11/2005,CIC,CA,AWP,WE,Federal Contract Tower,0,11,6,0,17,0,10,31,0,41,0,21,37,0,58,40,0,40,98
01/12/2005,CIC,CA,AWP,WE,Federal Contract Tower,0,12,6,0,18,0,6,80,0,86,0,18,86,0,104,72,0,72,176
01/13/2005,CIC,CA,AWP,WE,Federal Contract Tower,0,11,3,4,18,0,10,70,4,84,0,21,73,8,102,12,0,12,114
01/14/2005,CIC,CA,AWP,WE,Federal Contract Tower,0,11,7,2,20,0,17,69,4,90,0,28,76,6,110,26,12,38,148
01/15/2005,CIC,CA,AWP,WE,Federal Contract Tower,0,4,15,0,19,0,1,0,0,1,0,5,15,0,20,0,0,0,20
01/16/2005,CIC,CA,AWP,WE,Federal Contract Tower,0,4,10,0,14,0,0,45,0,45,0,4,55,0,59,4,0,4,63
01/17/2005,CIC,CA,AWP,WE,Federal Contract Tower,0,8,7,0,15,0,0,0,0,0,0,8,7,0,15,0,0,0,15
01/18/2005,CIC,CA,AWP,WE,Federal Contract Tower,0,27,15,4,46,0,0,2,4,6,0,27,17,8,52,0,0,0,52
01/19/2005,CIC,CA,AWP,WE,Federal Contract Tower,0,16,14,0,30,0,0,3,0,3,0,16,17,0,33,0,0,0,33
01/20/2005,CIC,CA,AWP,WE,Federal Contract Tower,0,8,2,0,10,0,9,26,0,35,0,17,28,0,45,14,0,14,59
01/21/2005,CIC,CA,AWP,WE,Federal Contract Tower,0,14,14,0,28,0,0,0,0,0,0,14,14,0,28,0,0,0,28
01/22/2005,CIC,CA,AWP,WE,Federal Contract Tower,0,5,9,0,14,0,2,1,0,3,0,7,10,0,17,0,0,0,17
01/23/2005,CIC,CA,AWP,WE,Federal Contract Tower,0,4,0,0,4,3,36,0,0,39,3,40,0,0,43,16,0,16,59
01/24/2005,CIC,CA,AWP,WE,Federal Contract Tower,0,17,24,0,41,0,0,2,0,2,0,17,26,0,43,0,0,0,43
01/25/2005,CIC,CA,AWP,WE,Federal Contract Tower,0,15,4,0,19,0,5,39,0,44,0,20,43,0,63,22,0,22,85
01/26/2005,CIC,CA,AWP,WE,Federal Contract Tower,0,16,5,0,21,0,0,15,0,15,0,16,20,0,36,6,0,6,42
01/27/2005,CIC,CA,AWP,WE,Federal Contract Tower,0,20,28,4,52,0,1,62,0,63,0,21,90,4,115,52,0,52,167
01/28/2005,CIC,CA,AWP,WE,Federal Contract Tower,0,6,5,1,12,0,10,70,3,83,0,16,75,4,95,26,18,44,139
01/29/2005,CIC,CA,AWP,WE,Federal Contract Tower,0,5,3,0,8,0,2,111,0,113,0,7,114,0,121,0,0,0,121
01/30/2005,CIC,CA,AWP,WE,Federal Contract Tower,0,4,1,0,5,0,0,81,0,81,0,4,82,0,86,30,0,30,116
01/31/2005,CIC,CA,AWP,WE,Federal Contract Tower,0,7,4,1,12,0,11,77,1,89,0,18,81,2,101,14,32,46,147
02/01/2005,CIC,CA,AWP,WE,Federal Contract Tower,0,8,2,0,10,0,11,53,2,66,0,19,55,2,76,12,0,12,88
02/02/2005,CIC,CA,AWP,WE,Federal Contract Tower,0,9,2,0,11,0,10,72,0,82,0,19,74,0,93,28,0,28,121
02/03/2005,CIC,CA,AWP,WE,Federal Contract Tower,0,8,8,2,18,0,10,79,2,91,0,18,87,4,109,12,6,18,127
02/04/2005,CIC,CA,AWP,WE,Federal Contract Tower,0,9,3,0,12,0,10,76,0,86,0,19,79,0,98,20,0,20,118
02/05/2005,CIC,CA,AWP,WE,Federal Contract Tower,0,4,4,0,8,0,4,129,1,134,0,8,133,1,142,26,8,34,176
02/06/2005,CIC,CA,AWP,WE,Federal Contract Tower,0,2,2,0,4,0,0,63,0,63,0,2,65,0,67,6,0,6,73
02/07/2005,CIC,CA,AWP,WE,Federal Contract Tower,0,9,3,0,12,0,9,38,0,47,0,18,41,0,59,10,0,10,69
02/08/2005,CIC,CA,AWP,WE,Federal Contract Tower,0,10,8,2,20,0,11,55,2,68,0,21,63,4,88,0,0,0,88
02/09/2005,CIC,CA,AWP,WE,Federal Contract Tower,0,9,10,0,19,0,15,78,0,93,0,24,88,0,112,8,0,8,120
02/10/2005,CIC,CA,AWP,WE,Federal Contract Tower,0,8,6,1,15,0,11,80,1,92,0,19,86,2,107,46,0,46,153
02/11/2005,CIC,CA,AWP,WE,Federal Contract Tower,0,6,2,2,10,0,13,78,4,95,0,19,80,6,105,48,0,48,153
02/12/2005,CIC,CA,AWP,WE,Federal Contract Tower,0,5,6,0,11,0,3,90,0,93,0,8,96,0,104,38,0,38,142
02/13/2005,CIC,CA,AWP,WE,Federal Contract Tower,0,4,10,0,14,0,0,15,0,15,0,4,25,0,29,14,0,14,43
02/14/2005,CIC,CA,AWP,WE,Federal Contract Tower,0,14,8,0,22,0,5,29,0,34,0,19,37,0,56,12,0,12,68
02/15/2005,CIC,CA,AWP,WE,Federal Contract Tower,0,18,15,7,40,0,5,46,9,60,0,23,61,16,100,15,22,37,137
02/16/2005,CIC,CA,AWP,WE,Federal Contract Tower,0,14,12,2,28,0,15,23,0,38,0,29,35,2,66,0,0,0,66
02/17/2005,CIC,CA,AWP,WE,Federal Contract Tower,0,4,4,1,9,0,20,72,1,93,0,24,76,2,102,34,0,34,136
02/18/2005,CIC,CA,AWP,WE,Federal Contract Tower,0,12,12,0,24,0,10,28,0,38,0,22,40,0,62,4,0,4,66
02/19/2005,CIC,CA,AWP,WE,Federal Contract Tower,0,3,9,0,12,0,3,79,0,82,0,6,88,0,94,50,0,50,144
02/20/2005,CIC,CA,AWP,WE,Federal Contract Tower,0,4,6,0,10,0,0,19,0,19,0,4,25,0,29,20,0,20,49
02/21/2005,CIC,CA,AWP,WE,Federal Contract Tower,0,5,6,0,11,0,5,31,0,36,0,10,37,0,47,6,0,6,53
02/22/2005,CIC,CA,AWP,WE,Federal Contract Tower,0,6,1,4,11,0,19,133,8,160,0,25,134,12,171,46,16,62,233
02/23/2005,CIC,CA,AWP,WE,Federal Contract Tower,0,7,2,0,9,0,14,80,0,94,0,21,82,0,103,34,0,34,137
02/24/2005,CIC,CA,AWP,WE,Federal Contract Tower,0,12,18,5,35,0,6,33,2,41,0,18,51,7,76,0,0,0,76
02/25/2005,CIC,CA,AWP,WE,Federal Contract Tower,0,8,15,3,26,0,8,46,0,54,0,16,61,3,80,22,0,22,102
02/26/2005,CIC,CA,AWP,WE,Federal Contract Tower,0,3,15,0,18,0,3,102,0,105,0,6,117,0,123,24,0,24,147
02/27/2005,CIC,CA,AWP,WE,Federal Contract Tower,0,4,4,0,8,0,0,89,0,89,0,4,93,0,97,112,0,112,209
02/28/2005,CIC,CA,AWP,WE,Federal Contract Tower,0,10,4,1,15,0,11,109,1,121,0,21,113,2,136,40,0,40,176
03/01/2005,CIC,CA,AWP,WE,Federal Contract Tower,0,9,1,1,11,0,20,75,3,98,0,29,76,4,109,20,0,20,129
03/02/2005,CIC,CA,AWP,WE,Federal Contract Tower,0,9,10,0,19,0,8,53,2,63,0,17,63,2,82,24,0,24,106
03/03/2005,CIC,CA,AWP,WE,Federal Contract Tower,0,6,2,1,9,0,13,68,1,82,0,19,70,2,91,16,0,16,107
03/04/2005,CIC,CA,AWP,WE,Federal Contract Tower,0,8,3,0,11,0,12,54,0,66,0,20,57,0,77,24,0,24,101
03/05/2005,CIC,CA,AWP,WE,Federal Contract Tower,0,2,8,0,10,0,2,116,0,118,0,4,124,0,128,24,0,24,152
03/06/2005,CIC,CA,AWP,WE,Federal Contract Tower,0,4,4,0,8,0,0,97,0,97,0,4,101,0,105,86,0,86,191
03/07/2005,CIC,CA,AWP,WE,Federal Contract Tower,0,4,9,0,13,0,16,67,0,83,0,20,76,0,96,6,0,6,102
03/08/2005,CIC,CA,AWP,WE,Federal Contract Tower,0,5,5,0,10,0,19,79,0,98,0,24,84,0,108,34,0,34,142
03/09/2005,CIC,CA,AWP,WE,Federal Contract Tower,0,8,9,3,20,0,14,85,3,102,0,22,94,6,122,4,10,14,136
03/10/2005,CIC,CA,AWP,WE,Federal Contract Tower,0,7,2,0,9,0,13,79,0,92,0,20,81,0,101,32,0,32,133
03/11/2005,CIC,CA,AWP,WE,Federal Contract Tower,0,4,4,0,8,0,14,73,0,87,0,18,77,0,95,14,0,14,109
03/12/2005,CIC,CA,AWP,WE,Federal Contract Tower,0,2,5,0,7,0,2,98,0,100,0,4,103,0,107,20,0,20,127
03/13/2005,CIC,CA,AWP,WE,Federal Contract Tower,0,4,1,0,5,0,0,65,0,65,0,4,66,0,70,22,0,22,92
03/14/2005,CIC,CA,AWP,WE,Federal Contract Tower,0,8,2,1,11,0,14,59,3,76,0,22,61,4,87,0,0,0,87
03/15/2005,CIC,CA,AWP,WE,Federal Contract Tower,0,6,8,2,16,0,16,51,2,69,0,22,59,4,85,18,0,18,103
03/16/2005,CIC,CA,AWP,WE,Federal Contract Tower,0,6,4,0,10,0,16,73,0,89,0,22,77,0,99,26,0,26,125
03/17/2005,CIC,CA,AWP,WE,Federal Contract Tower,0,6,1,1,8,0,13,64,1,78,0,19,65,2,86,28,0,28,114
03/18/2005,CIC,CA,AWP,WE,Federal Contract Tower,0,6,7,0,13,0,10,44,0,54,0,16,51,0,67,30,0,30,97
03/19/2005,CIC,CA,AWP,WE,Federal Contract Tower,0,6,7,0,13,0,0,9,0,9,0,6,16,0,22,0,0,0,22
03/20/2005,CIC,CA,AWP,WE,Federal Contract Tower,0,4,9,0,13,0,0,27,0,27,0,4,36,0,40,0,0,0,40
03/21/2005,CIC,CA,AWP,WE,Federal Contract Tower,0,13,6,0,19,0,8,23,0,31,0,21,29,0,50,16,0,16,66
03/22/2005,CIC,CA,AWP,WE,Federal Contract Tower,0,12,14,0,26,0,9,22,0,31,0,21,36,0,57,12,0,12,69
03/23/2005,CIC,CA,AWP,WE,Federal Contract Tower,0,8,6,0,14,0,11,21,8,40,0,19,27,8,54,32,0,32,86
03/24/2005,CIC,CA,AWP,WE,Federal Contract Tower,0,7,3,0,10,0,15,57,0,72,0,22,60,0,82,26,0,26,108
03/25/2005,CIC,CA,AWP,WE,Federal Contract Tower,0,5,1,0,6,0,15,106,0,121,0,20,107,0,127,24,0,24,151
03/26/2005,CIC,CA,AWP,WE,Federal Contract Tower,0,2,0,0,2,0,2,103,0,105,0,4,103,0,107,42,0,42,149
03/27/2005,CIC,CA,AWP,WE,Federal Contract Tower,0,4,3,0,7,0,0,42,0,42,0,4,45,0,49,4,0,4,53
03/28/2005,CIC,CA,AWP,WE,Federal Contract Tower,0,4,10,1,15,0,13,51,1,65,0,17,61,2,80,70,0,70,150
03/29/2005,CIC,CA,AWP,WE,Federal Contract Tower,0,15,10,2,27,0,4,71,0,75,0,19,81,2,102,10,20,30,132
03/30/2005,CIC,CA,AWP,WE,Federal Contract Tower,0,5,6,2,13,0,13,91,2,106,0,18,97,4,119,8,0,8,127
03/31/2005,CIC,CA,AWP,WE,Federal Contract Tower,0,4,2,1,7,0,15,97,3,115,0,19,99,4,122,20,0,20,142
04/01/2005,CIC,CA,AWP,WE,Federal Contract Tower,0,4,7,7,18,0,12,90,5,107,0,16,97,12,125,36,16,52,177
04/02/2005,CIC,CA,AWP,WE,Federal Contract Tower,0,2,0,0,2,0,10,57,0,67,0,12,57,0,69,22,0,22,91
04/03/2005,CIC,CA,AWP,WE,Federal Contract Tower,0,4,14,0,18,0,0,17,5,22,0,4,31,5,40,6,0,6,46
04/04/2005,CIC,CA,AWP,WE,Federal Contract Tower,0,7,8,0,15,0,14,72,0,86,0,21,80,0,101,56,0,56,157
04/05/2005,CIC,CA,AWP,WE,Federal Contract Tower,0,5,3,1,9,0,15,92,1,108,0,20,95,2,117,84,16,100,217
04/06/2005,CIC,CA,AWP,WE,Federal Contract Tower,0,4,3,2,9,0,16,86,0,102,0,20,89,2,111,42,0,42,153
04/07/2005,CIC,CA,AWP,WE,Federal Contract Tower,0,7,4,1,12,0,12,33,0,45,0,19,37,1,57,4,0,4,61
04/08/2005,CIC,CA,AWP,WE,Federal Contract Tower,0,8,11,3,22,0,6,11,0,17,0,14,22,3,39,0,0,0,39
04/09/2005,CIC,CA,AWP,WE,Federal Contract Tower,0,3,4,0,7,0,3,71,4,78,0,6,75,4,85,22,0,22,107
04/10/2005,CIC,CA,AWP,WE,Federal Contract Tower,0,4,0,0,4,0,0,72,2,74,0,4,72,2,78,12,0,12,90
04/11/2005,CIC,CA,AWP,WE,Federal Contract Tower,0,6,1,0,7,0,16,86,0,102,0,22,87,0,109,50,0,50,159
04/12/2005,CIC,CA,AWP,WE,Federal Contract Tower,0,6,5,0,11,0,17,65,0,82,0,23,70,0,93,24,0,24,117
04/13/2005,CIC,CA,AWP,WE,Federal Contract Tower,0,5,2,0,7,0,14,56,0,70,0,19,58,0,77,20,0,20,97
04/14/2005,CIC,CA,AWP,WE,Federal Contract Tower,0,4,4,4,12,0,15,89,12,116,0,19,93,16,128,16,12,28,156
04/15/2005,CIC,CA,AWP,WE,Federal Contract Tower,0,4,7,0,11,0,13,95,0,108,0,17,102,0,119,10,0,10,129
04/16/2005,CIC,CA,AWP,WE,Federal Contract Tower,0,3,2,0,5,0,2,97,0,99,0,5,99,0,104,28,0,28,132
04/17/2005,CIC,CA,AWP,WE,Federal Contract Tower,0,4,4,0,8,0,0,59,2,61,0,4,63,2,69,58,0,58,127
04/18/2005,CIC,CA,AWP,WE,Federal Contract Tower,0,5,9,0,14,0,13,54,0,67,0,18,63,0,81,0,0,0,81
04/19/2005,CIC,CA,AWP,WE,Federal Contract Tower,0,6,6,0,12,0,15,50,0,65,0,21,56,0,77,90,0,90,167
04/20/2005,CIC,CA,AWP,WE,Federal Contract Tower,0,5,2,0,7,0,18,91,0,109,0,23,93,0,116,48,0,48,164
04/21/2005,CIC,CA,AWP,WE,Federal Contract Tower,0,4,7,1,12,0,15,108,3,126,0,19,115,4,138,86,0,86,224
04/22/2005,CIC,CA,AWP,WE,Federal Contract Tower,0,6,5,1,12,0,13,82,1,96,0,19,87,2,108,30,16,46,154
04/23/2005,CIC,CA,AWP,WE,Federal Contract Tower,0,4,4,0,8,0,3,61,0,64,0,7,65,0,72,34,0,34,106
04/24/2005,CIC,CA,AWP,WE,Federal Contract Tower,0,4,16,0,20,0,1,28,0,29,0,5,44,0,49,12,0,12,61
04/25/2005,CIC,CA,AWP,WE,Federal Contract Tower,0,10,9,0,19,0,13,56,0,69,0,23,65,0,88,58,0,58,146
04/26/2005,CIC,CA,AWP,WE,Federal Contract Tower,0,8,4,0,12,0,20,90,0,110,0,28,94,0,122,50,0,50,172
04/27/2005,CIC,CA,AWP,WE,Federal Contract Tower,0,6,6,0,12,0,18,51,0,69,0,24,57,0,81,38,0,38,119
04/28/2005,CIC,CA,AWP,WE,Federal Contract Tower,0,8,6,1,15,0,15,54,1,70,0,23,60,2,85,68,0,68,153
04/29/2005,CIC,CA,AWP,WE,Federal Contract Tower,0,5,5,0,10,0,17,81,0,98,0,22,86,0,108,8,10,18,126
04/30/2005,CIC,CA,AWP,WE,Federal Contract Tower,0,3,5,0,8,0,4,86,0,90,0,7,91,0,98,48,0,48,146
05/01/2005,CIC,CA,AWP,WE,Federal Contract Tower,0,4,2,0,6,0,0,87,0,87,0,4,89,0,93,16,0,16,109
05/02/2005,CIC,CA,AWP,WE,Federal Contract Tower,0,4,0,0,4,0,15,63,0,78,0,19,63,0,82,36,0,36,118
05/03/2005,CIC,CA,AWP,WE,Federal Contract Tower,0,6,9,1,16,0,17,106,1,124,0,23,115,2,140,42,16,58,198
05/04/2005,CIC,CA,AWP,WE,Federal Contract Tower,0,9,21,5,35,0,8,37,3,48,0,17,58,8,83,0,20,20,103
05/05/2005,CIC,CA,AWP,WE,Federal Contract Tower,0,16,12,0,28,0,10,25,0,35,0,26,37,0,63,34,0,34,97
05/06/2005,CIC,CA,AWP,WE,Federal Contract Tower,0,13,15,0,28,0,9,47,0,56,0,22,62,0,84,0,0,0,84
05/07/2005,CIC,CA,AWP,WE,Federal Contract Tower,0,6,3,0,9,0,1,91,0,92,0,7,94,0,101,46,0,46,147
05/08/2005,CIC,CA,AWP,WE,Federal Contract Tower,0,4,3,0,7,0,0,6,0,6,0,4,9,0,13,22,0,22,35
05/09/2005,CIC,CA,AWP,WE,Federal Contract Tower,0,7,5,0,12,0,16,17,0,33,0,23,22,0,45,48,0,48,93
05/10/2005,CIC,CA,AWP,WE,Federal Contract Tower,0,6,3,0,9,0,13,76,0,89,0,19,79,0,98,22,0,22,120
05/11/2005,CIC,CA,AWP,WE,Federal Contract Tower,0,7,6,1,14,0,14,98,1,113,0,21,104,2,127,24,36,60,187
05/12/2005,CIC,CA,AWP,WE,Federal Contract Tower,0,4,3,0,7,0,15,68,0,83,0,19,71,0,90,4,0,4,94
05/13/2005,CIC,CA,AWP,WE,Federal Contract Tower,0,4,0,0,4,0,13,91,0,104,0,17,91,0,108,34,0,34,142
05/14/2005,CIC,CA,AWP,WE,Federal Contract Tower,0,4,3,0,7,0,8,106,0,114,0,12,109,0,121,30,0,30,151
05/15/2005,CIC,CA,AWP,WE,Federal Contract Tower,0,4,5,0,9,0,4,64,0,68,0,8,69,0,77,8,0,8,85
05/16/2005,CIC,CA,AWP,WE,Federal Contract Tower,0,4,7,0,11,0,15,26,5,46,0,19,33,5,57,14,14,28,85
05/17/2005,CIC,CA,AWP,WE,Federal Contract Tower,0,12,13,0,25,0,9,55,0,64,0,21,68,0,89,16,0,16,105
05/18/2005,CIC,CA,AWP,WE,Federal Contract Tower,0,20,7,0,27,0,0,21,0,21,0,20,28,0,48,24,0,24,72
05/19/2005,CIC,CA,AWP,WE,Federal Contract Tower,0,6,13,2,21,0,14,67,2,83,0,20,80,4,104,10,14,24,128
05/20/2005,CIC,CA,AWP,WE,Federal Contract Tower,0,5,5,0,10,0,12,90,0,102,0,17,95,0,112,4,0,4,116
05/21/2005,CIC,CA,AWP,WE,Federal Contract Tower,0,5,2,0,7,0,5,118,2,125,0,10,120,2,132,38,0,38,170
05/22/2005,CIC,CA,AWP,WE,Federal Contract Tower,0,4,1,0,5,0,0,77,0,77,0,4,78,0,82,8,0,8,90
05/23/2005,CIC,CA,AWP,WE,Federal Contract Tower,0,4,1,0,5,0,16,63,0,79,0,20,64,0,84,4,0,4,88
05/24/2005,CIC,CA,AWP,WE,Federal Contract Tower,0,4,3,0,7,0,18,86,2,106,0,22,89,2,113,26,32,58,171
05/25/2005,CIC,CA,AWP,WE,Federal Contract Tower,0,5,0,0,5,0,10,81,0,91,0,15,81,0,96,60,0,60,156
05/26/2005,CIC,CA,AWP,WE,Federal Contract Tower,0,9,2,0,11,0,15,95,0,110,0,24,97,0,121,18,0,18,139
05/27/2005,CIC,CA,AWP,WE,Federal Contract Tower,0,5,4,0,9,0,15,105,2,122,0,20,109,2,131,20,0,20,151
05/28/2005,CIC,CA,AWP,WE,Federal Contract Tower,0,4,1,0,5,0,3,40,0,43,0,7,41,0,48,0,0,0,48
05/29/2005,CIC,CA,AWP,WE,Federal Contract Tower,0,3,3,0,6,0,2,39,0,41,0,5,42,0,47,16,0,16,63
05/30/2005,CIC,CA,AWP,WE,Federal Contract Tower,0,5,4,0,9,0,0,62,0,62,0,5,66,0,71,10,0,10,81
05/31/2005,CIC,CA,AWP,WE,Federal Contract Tower,0,5,6,0,11,0,15,96,2,113,0,20,102,2,124,0,0,0,124
06/01/2005,CIC,CA,AWP,WE,Federal Contract Tower,0,4,7,2,13,0,18,96,4,118,0,22,103,6,131,0,40,40,171
06/02/2005,CIC,CA,AWP,WE,Federal Contract Tower,0,5,2,0,7,0,18,55,0,73,0,23,57,0,80,12,0,12,92
06/03/2005,CIC,CA,AWP,WE,Federal Contract Tower,0,4,2,0,6,0,15,80,0,95,0,19,82,0,101,12,0,12,113
06/04/2005,CIC,CA,AWP,WE,Federal Contract Tower,0,4,2,0,6,0,5,72,0,77,0,9,74,0,83,14,0,14,97
06/05/2005,CIC,CA,AWP,WE,Federal Contract Tower,0,4,3,0,7,0,6,71,0,77,0,10,74,0,84,16,0,16,100
06/06/2005,CIC,CA,AWP,WE,Federal Contract Tower,0,4,5,0,9,0,16,66,2,84,0,20,71,2,93,0,0,0,93
06/07/2005,CIC,CA,AWP,WE,Federal Contract Tower,0,4,7,0,11,0,22,81,0,103,0,26,88,0,114,22,0,22,136
06/08/2005,CIC,CA,AWP,WE,Federal Contract Tower,0,18,22,0,40,0,7,8,0,15,0,25,30,0,55,0,0,0,55
06/09/2005,CIC,CA,AWP,WE,Federal Contract Tower,0,11,9,0,20,0,12,53,10,75,0,23,62,10,95,18,6,24,119
06/10/2005,CIC,CA,AWP,WE,Federal Contract Tower,0,8,2,0,10,0,10,105,0,115,0,18,107,0,125,20,0,20,145
06/11/2005,CIC,CA,AWP,WE,Federal Contract Tower,0,4,0,0,4,0,3,71,0,74,0,7,71,0,78,0,0,0,78
06/12/2005,CIC,CA,AWP,WE,Federal Contract Tower,0,6,2,0,8,0,0,66,0,66,0,6,68,0,74,26,0,26,100
06/13/2005,CIC,CA,AWP,WE,Federal Contract Tower,0,3,3,0,6,0,20,84,2,106,0,23,87,2,112,0,0,0,112
06/14/2005,CIC,CA,AWP,WE,Federal Contract Tower,0,5,3,0,8,0,17,88,0,105,0,22,91,0,113,0,0,0,113
06/15/2005,CIC,CA,AWP,WE,Federal Contract Tower,0,6,3,0,9,0,10,100,0,110,0,16,103,0,119,14,0,14,133
06/16/2005,CIC,CA,AWP,WE,Federal Contract Tower,0,12,10,0,22,0,4,28,4,36,0,16,38,4,58,6,0,6,64
06/17/2005,CIC,CA,AWP,WE,Federal Contract Tower,0,8,5,0,13,0,15,28,0,43,0,23,33,0,56,0,0,0,56
06/18/2005,CIC,CA,AWP,WE,Federal Contract Tower,0,4,1,0,5,0,8,52,0,60,0,12,53,0,65,0,0,0,65
06/19/2005,CIC,CA,AWP,WE,Federal Contract Tower,0,4,2,0,6,0,12,82,2,96,0,16,84,2,102,2,0,2,104
06/20/2005,CIC,CA,AWP,WE,Federal Contract Tower,0,5,0,0,5,0,15,65,0,80,0,20,65,0,85,8,0,8,93
06/21/2005,CIC,CA,AWP,WE,Federal Contract Tower,0,4,0,0,4,0,21,104,0,125,0,25,104,0,129,14,0,14,143
06/22/2005,CIC,CA,AWP,WE,Federal Contract Tower,0,4,5,2,11,0,19,79,0,98,0,23,84,2,109,4,8,12,121
06/23/2005,CIC,CA,AWP,WE,Federal Contract Tower,0,4,5,0,9,0,16,91,0,107,0,20,96,0,116,10,0,10,126
06/24/2005,CIC,CA,AWP,WE,Federal Contract Tower,0,6,2,0,8,0,14,74,0,88,0,20,76,0,96,14,0,14,110
06/25/2005,CIC,CA,AWP,WE,Federal Contract Tower,0,5,3,0,8,0,4,97,0,101,0,9,100,0,109,0,6,6,115
06/26/2005,CIC,CA,AWP,WE,Federal Contract Tower,0,4,2,0,6,0,0,80,0,80,0,4,82,0,86,20,0,20,106
06/27/2005,CIC,CA,AWP,WE,Federal Contract Tower,0,4,2,0,6,0,15,78,0,93,0,19,80,0,99,8,0,8,107
06/28/2005,CIC,CA,AWP,WE,Federal Contract Tower,0,5,3,0,8,0,15,115,0,130,0,20,118,0,138,12,0,12,150
06/29/2005,CIC,CA,AWP,WE,Federal Contract Tower,0,5,3,1,9,0,14,60,0,74,0,19,63,1,83,8,16,24,107
06/30/2005,CIC,CA,AWP,WE,Federal Contract Tower,0,7,3,0,10,0,17,68,0,85,0,24,71,0,95,8,0,8,103
07/01/2005,CIC,CA,AWP,WE,Federal Contract Tower,0,7,3,0,10,0,14,75,0,89,0,21,78,0,99,20,0,20,119
07/02/2005,CIC,CA,AWP,WE,Federal Contract Tower,0,4,3,0,7,0,4,111,0,115,0,8,114,0,122,38,0,38,160
07/03/2005,CIC,CA,AWP,WE,Federal Contract Tower,0,4,0,0,4,0,0,79,2,81,0,4,79,2,85,12,0,12,97
07/04/2005,CIC,CA,AWP,WE,Federal Contract Tower,0,4,0,0,4,0,0,71,4,75,0,4,71,4,79,10,0,10,89
07/05/2005,CIC,CA,AWP,WE,Federal Contract Tower,0,4,3,1,8,0,19,59,1,79,0,23,62,2,87,14,0,14,101
07/06/2005,CIC,CA,AWP,WE,Federal Contract Tower,0,5,3,0,8,0,14,79,0,93,0,19,82,0,101,28,0,28,129
07/07/2005,CIC,CA,AWP,WE,Federal Contract Tower,0,5,2,1,8,0,14,73,3,90,0,19,75,4,98,6,0,6,104
07/08/2005,CIC,CA,AWP,WE,Federal Contract Tower,0,6,2,0,8,0,14,74,2,90,0,20,76,2,98,22,0,22,120
07/09/2005,CIC,CA,AWP,WE,Federal Contract Tower,0,4,4,0,8,0,2,71,0,73,0,6,75,0,81,16,0,16,97
07/10/2005,CIC,CA,AWP,WE,Federal Contract Tower,0,4,8,0,12,0,2,77,0,79,0,6,85,0,91,4,0,4,95
07/11/2005,CIC,CA,AWP,WE,Federal Contract Tower,0,3,3,0,6,0,16,86,0,102,0,19,89,0,108,50,0,50,158
07/12/2005,CIC,CA,AWP,WE,Federal Contract Tower,0,5,3,0,8,0,12,61,0,73,0,17,64,0,81,0,0,0,81
07/13/2005,CIC,CA,AWP,WE,Federal Contract Tower,0,6,5,0,11,0,23,57,2,82,0,29,62,2,93,26,0,26,119
07/14/2005,CIC,CA,AWP,WE,Federal Contract Tower,0,4,5,0,9,0,14,103,2,119,0,18,108,2,128,8,22,30,158
07/15/2005,CIC,CA,AWP,WE,Federal Contract Tower,0,8,3,2,13,0,22,92,0,114,0,30,95,2,127,16,0,16,143
07/16/2005,CIC,CA,AWP,WE,Federal Contract Tower,0,4,1,0,5,0,2,105,0,107,0,6,106,0,112,0,0,0,112
07/17/2005,CIC,CA,AWP,WE,Federal Contract Tower,0,4,4,0,8,0,0,115,0,115,0,4,119,0,123,0,0,0,123
07/18/2005,CIC,CA,AWP,WE,Federal Contract Tower,0,6,2,1,9,0,9,78,1,88,0,15,80,2,97,0,0,0,97
07/19/2005,CIC,CA,AWP,WE,Federal Contract Tower,0,4,1,3,8,0,15,101,3,119,0,19,102,6,127,32,0,32,159
07/20/2005,CIC,CA,AWP,WE,Federal Contract Tower,0,5,4,1,10,0,11,73,1,85,0,16,77,2,95,4,0,4,99
07/21/2005,CIC,CA,AWP,WE,Federal Contract Tower,0,4,5,1,10,0,12,93,5,110,0,16,98,6,120,30,10,40,160
07/22/2005,CIC,CA,AWP,WE,Federal Contract Tower,0,8,3,0,11,0,11,73,0,84,0,19,76,0,95,18,0,18,113
07/23/2005,CIC,CA,AWP,WE,Federal Contract Tower,0,4,0,0,4,0,2,136,0,138,0,6,136,0,142,20,0,20,162
07/24/2005,CIC,CA,AWP,WE,Federal Contract Tower,0,4,1,0,5,0,0,94,0,94,0,4,95,0,99,4,0,4,103
07/25/2005,CIC,CA,AWP,WE,Federal Contract Tower,0,4,5,2,11,0,13,68,0,81,0,17,73,2,92,28,0,28,120
07/26/2005,CIC,CA,AWP,WE,Federal Contract Tower,0,4,2,1,7,0,17,69,1,87,0,21,71,2,94,28,0,28,122
07/27/2005,CIC,CA,AWP,WE,Federal Contract Tower,0,4,3,0,7,0,13,78,0,91,0,17,81,0,98,2,0,2,100
07/28/2005,CIC,CA,AWP,WE,Federal Contract Tower,0,4,6,0,10,0,18,89,0,107,0,22,95,0,117,0,0,0,117
07/29/2005,CIC,CA,AWP,WE,Federal Contract Tower,0,4,0,0,4,0,15,98,2,115,0,19,98,2,119,32,0,32,151
07/30/2005,CIC,CA,AWP,WE,Federal Contract Tower,0,2,0,0,2,0,3,105,0,108,0,5,105,0,110,4,0,4,114
07/31/2005,CIC,CA,AWP,WE,Federal Contract Tower,0,4,3,0,7,0,0,79,0,79,0,4,82,0,86,26,0,26,112
08/01/2005,CIC,CA,AWP,WE,Federal Contract Tower,0,4,9,2,15,0,12,76,2,90,0,16,85,4,105,0,4,4,109
08/02/2005,CIC,CA,AWP,WE,Federal Contract Tower,0,6,3,0,9,0,13,82,11,106,0,19,85,11,115,12,0,12,127
08/03/2005,CIC,CA,AWP,WE,Federal Contract Tower,0,4,0,0,4,0,13,62,2,77,0,17,62,2,81,20,6,26,107
08/04/2005,CIC,CA,AWP,WE,Federal Contract Tower,0,5,2,0,7,0,15,78,0,93,0,20,80,0,100,12,0,12,112
08/05/2005,CIC,CA,AWP,WE,Federal Contract Tower,0,5,5,0,10,0,14,94,0,108,0,19,99,0,118,4,0,4,122
08/06/2005,CIC,CA,AWP,WE,Federal Contract Tower,0,4,5,0,9,0,4,92,0,96,0,8,97,0,105,8,0,8,113
08/07/2005,CIC,CA,AWP,WE,Federal Contract Tower,0,4,2,0,6,0,2,80,0,82,0,6,82,0,88,16,0,16,104
08/08/2005,CIC,CA,AWP,WE,Federal Contract Tower,0,4,5,0,9,0,12,67,0,79,0,16,72,0,88,14,0,14,102
08/09/2005,CIC,CA,AWP,WE,Federal Contract Tower,0,4,3,0,7,0,15,111,0,126,0,19,114,0,133,14,0,14,147
08/10/2005,CIC,CA,AWP,WE,Federal Contract Tower,0,5,7,2,14,0,18,83,2,103,0,23,90,4,117,26,32,58,175
08/11/2005,CIC,CA,AWP,WE,Federal Contract Tower,0,5,5,1,11,0,11,77,2,90,0,16,82,3,101,2,24,26,127
08/12/2005,CIC,CA,AWP,WE,Federal Contract Tower,0,4,5,0,9,0,13,74,0,87,0,17,79,0,96,12,0,12,108
08/13/2005,CIC,CA,AWP,WE,Federal Contract Tower,0,4,2,0,6,0,3,108,0,111,0,7,110,0,117,12,0,12,129
08/14/2005,CIC,CA,AWP,WE,Federal Contract Tower,0,4,2,0,6,0,2,73,0,75,0,6,75,0,81,2,0,2,83
08/15/2005,CIC,CA,AWP,WE,Federal Contract Tower,0,5,5,3,13,0,12,91,2,105,0,17,96,5,118,16,14,30,148
08/16/2005,CIC,CA,AWP,WE,Federal Contract Tower,0,7,2,2,11,0,14,77,1,92,0,21,79,3,103,0,0,0,103
08/17/2005,CIC,CA,AWP,WE,Federal Contract Tower,0,6,2,1,9,0,15,84,3,102,0,21,86,4,111,0,18,18,129
08/18/2005,CIC,CA,AWP,WE,Federal Contract Tower,0,4,2,0,6,0,14,74,0,88,0,18,76,0,94,14,0,14,108
08/19/2005,CIC,CA,AWP,WE,Federal Contract Tower,0,5,4,0,9,0,13,87,0,100,0,18,91,0,109,8,0,8,117
08/20/2005,CIC,CA,AWP,WE,Federal Contract Tower,0,5,2,0,7,0,0,114,0,114,0,5,116,0,121,0,0,0,121
08/21/2005,CIC,CA,AWP,WE,Federal Contract Tower,0,4,1,0,5,0,0,70,0,70,0,4,71,0,75,2,0,2,77
08/22/2005,CIC,CA,AWP,WE,Federal Contract Tower,0,4,1,0,5,0,7,84,2,93,0,11,85,2,98,4,0,4,102
08/23/2005,CIC,CA,AWP,WE,Federal Contract Tower,0,4,3,0,7,0,14,81,0,95,0,18,84,0,102,22,0,22,124
08/24/2005,CIC,CA,AWP,WE,Federal Contract Tower,0,5,0,0,5,0,13,118,2,133,0,18,118,2,138,4,0,4,142
08/25/2005,CIC,CA,AWP,WE,Federal Contract Tower,0,5,1,0,6,0,11,112,0,123,0,16,113,0,129,4,0,4,133
08/26/2005,CIC,CA,AWP,WE,Federal Contract Tower,0,7,3,0,10,0,12,81,0,93,0,19,84,0,103,0,0,0,103
08/27/2005,CIC,CA,AWP,WE,Federal Contract Tower,0,4,3,0,7,0,11,106,0,117,0,15,109,0,124,32,0,32,156
08/28/2005,CIC,CA,AWP,WE,Federal Contract Tower,0,4,4,0,8,0,10,93,0,103,0,14,97,0,111,40,0,40,151
08/29/2005,CIC,CA,AWP,WE,Federal Contract Tower,0,5,1,0,6,0,12,70,0,82,0,17,71,0,88,14,0,14,102
08/30/2005,CIC,CA,AWP,WE,Federal Contract Tower,0,4,3,2,9,0,17,71,2,90,0,21,74,4,99,2,0,2,101
08/31/2005,CIC,CA,AWP,WE,Federal Contract Tower,0,4,2,1,7,0,17,95,1,113,0,21,97,2,120,10,0,10,130
09/01/2005,CIC,CA,AWP,WE,Federal Contract Tower,0,6,0,0,6,0,21,88,0,109,0,27,88,0,115,28,0,28,143
09/02/2005,CIC,CA,AWP,WE,Federal Contract Tower,0,8,3,0,11,0,14,101,0,115,0,22,104,0,126,32,0,32,158
09/03/2005,CIC,CA,AWP,WE,Federal Contract Tower,0,4,6,0,10,0,3,97,0,100,0,7,103,0,110,12,0,12,122
09/04/2005,CIC,CA,AWP,WE,Federal Contract Tower,0,2,1,0,3,0,0,60,0,60,0,2,61,0,63,0,0,0,63
09/05/2005,CIC,CA,AWP,WE,Federal Contract Tower,0,6,2,0,8,0,1,135,0,136,0,7,137,0,144,14,0,14,158
09/06/2005,CIC,CA,AWP,WE,Federal Contract Tower,0,5,11,0,16,0,15,73,0,88,0,20,84,0,104,10,0,10,114
09/07/2005,CIC,CA,AWP,WE,Federal Contract Tower,0,6,4,0,10,0,16,70,0,86,0,22,74,0,96,12,0,12,108
09/08/2005,CIC,CA,AWP,WE,Federal Contract Tower,0,4,6,1,11,0,16,64,1,81,0,20,70,2,92,6,0,6,98
09/09/2005,CIC,CA,AWP,WE,Federal Contract Tower,0,4,4,0,8,0,16,81,2,99,0,20,85,2,107,8,0,8,115
09/10/2005,CIC,CA,AWP,WE,Federal Contract Tower,0,3,2,0,5,0,6,91,0,97,0,9,93,0,102,4,0,4,106
09/11/2005,CIC,CA,AWP,WE,Federal Contract Tower,0,4,4,0,8,0,0,98,0,98,0,4,102,0,106,12,0,12,118
09/12/2005,CIC,CA,AWP,WE,Federal Contract Tower,0,5,5,0,10,0,20,82,0,102,0,25,87,0,112,46,0,46,158
09/13/2005,CIC,CA,AWP,WE,Federal Contract Tower,0,4,4,0,8,0,17,56,0,73,0,21,60,0,81,0,0,0,81
09/14/2005,CIC,CA,AWP,WE,Federal Contract Tower,0,4,3,2,9,0,17,55,2,74,0,21,58,4,83,34,0,34,117
09/15/2005,CIC,CA,AWP,WE,Federal Contract Tower,0,4,0,0,4,0,14,80,0,94,0,18,80,0,98,16,0,16,114
09/16/2005,CIC,CA,AWP,WE,Federal Contract Tower,0,6,5,0,11,0,17,91,0,108,0,23,96,0,119,28,0,28,147
09/17/2005,CIC,CA,AWP,WE,Federal Contract Tower,0,2,0,0,2,0,3,109,0,112,0,5,109,0,114,24,0,24,138
09/18/2005,CIC,CA,AWP,WE,Federal Contract Tower,0,4,2,0,6,0,1,91,0,92,0,5,93,0,98,12,0,12,110
09/19/2005,CIC,CA,AWP,WE,Federal Contract Tower,0,5,5,0,10,0,17,94,0,111,0,22,99,0,121,0,0,0,121
09/20/2005,CIC,CA,AWP,WE,Federal Contract Tower,0,6,4,0,10,0,17,83,0,100,0,23,87,0,110,20,0,20,130
09/21/2005,CIC,CA,AWP,WE,Federal Contract Tower,0,6,5,1,12,0,16,90,1,107,0,22,95,2,119,14,20,34,153
09/22/2005,CIC,CA,AWP,WE,Federal Contract Tower,0,4,7,0,11,0,13,120,0,133,0,17,127,0,144,44,0,44,188
09/23/2005,CIC,CA,AWP,WE,Federal Contract Tower,0,6,8,0,14,0,13,84,0,97,0,19,92,0,111,48,0,48,159
09/24/2005,CIC,CA,AWP,WE,Federal Contract Tower,0,2,3,0,5,0,3,94,0,97,0,5,97,0,102,40,0,40,142
09/25/2005,CIC,CA,AWP,WE,Federal Contract Tower,0,4,2,0,6,0,0,94,0,94,0,4,96,0,100,8,0,8,108
09/26/2005,CIC,CA,AWP,WE,Federal Contract Tower,0,4,5,0,9,0,16,65,0,81,0,20,70,0,90,30,0,30,120
09/27/2005,CIC,CA,AWP,WE,Federal Contract Tower,0,5,2,1,8,0,18,70,0,88,0,23,72,1,96,48,4,52,148
09/28/2005,CIC,CA,AWP,WE,Federal Contract Tower,0,6,4,0,10,0,14,80,0,94,0,20,84,0,104,2,0,2,106
09/29/2005,CIC,CA,AWP,WE,Federal Contract Tower,0,4,1,2,7,0,15,124,0,139,0,19,125,2,146,44,28,72,218
09/30/2005,CIC,CA,AWP,WE,Federal Contract Tower,0,6,0,0,6,0,12,97,0,109,0,18,97,0,115,28,0,28,143
10/01/2005,CIC,CA,AWP,WE,Federal Contract Tower,0,2,2,0,4,0,3,60,4,67,0,5,62,4,71,6,0,6,77
10/02/2005,CIC,CA,AWP,WE,Federal Contract Tower,0,4,2,0,6,0,0,81,0,81,0,4,83,0,87,16,0,16,103
10/03/2005,CIC,CA,AWP,WE,Federal Contract Tower,0,4,3,0,7,0,16,63,0,79,0,20,66,0,86,10,0,10,96
10/04/2005,CIC,CA,AWP,WE,Federal Contract Tower,0,4,0,0,4,0,15,98,0,113,0,19,98,0,117,4,0,4,121
10/05/2005,CIC,CA,AWP,WE,Federal Contract Tower,0,6,3,0,9,0,14,110,2,126,0,20,113,2,135,24,6,30,165
10/06/2005,CIC,CA,AWP,WE,Federal Contract Tower,0,6,2,0,8,0,14,93,2,109,0,20,95,2,117,31,0,31,148
10/07/2005,CIC,CA,AWP,WE,Federal Contract Tower,0,4,3,0,7,0,13,82,0,95,0,17,85,0,102,0,0,0,102
10/08/2005,CIC,CA,AWP,WE,Federal Contract Tower,0,2,0,0,2,0,3,82,0,85,0,5,82,0,87,16,0,16,103
10/09/2005,CIC,CA,AWP,WE,Federal Contract Tower,0,4,3,0,7,0,0,79,0,79,0,4,82,0,86,6,0,6,92
10/10/2005,CIC,CA,AWP,WE,Federal Contract Tower,0,4,2,0,6,0,18,63,0,81,0,22,65,0,87,18,0,18,105
10/11/2005,CIC,CA,AWP,WE,Federal Contract Tower,0,4,2,1,7,0,18,76,1,95,0,22,78,2,102,2,32,34,136
10/12/2005,CIC,CA,AWP,WE,Federal Contract Tower,0,4,4,0,8,0,17,72,0,89,0,21,76,0,97,22,0,22,119
10/13/2005,CIC,CA,AWP,WE,Federal Contract Tower,0,4,4,0,8,0,13,104,0,117,0,17,108,0,125,78,0,78,203
10/14/2005,CIC,CA,AWP,WE,Federal Contract Tower,0,7,9,0,16,0,11,92,0,103,0,18,101,0,119,20,0,20,139
10/15/2005,CIC,CA,AWP,WE,Federal Contract Tower,0,3,14,0,17,0,2,74,0,76,0,5,88,0,93,4,0,4,97
10/16/2005,CIC,CA,AWP,WE,Federal Contract Tower,0,4,9,0,13,0,0,68,0,68,0,4,77,0,81,2,0,2,83
10/17/2005,CIC,CA,AWP,WE,Federal Contract Tower,0,4,1,0,5,0,13,99,0,112,0,17,100,0,117,54,0,54,171
10/18/2005,CIC,CA,AWP,WE,Federal Contract Tower,0,5,5,1,11,0,13,67,1,81,0,18,72,2,92,24,0,24,116
10/19/2005,CIC,CA,AWP,WE,Federal Contract Tower,0,4,15,3,22,0,16,61,1,78,0,20,76,4,100,52,0,52,152
10/20/2005,CIC,CA,AWP,WE,Federal Contract Tower,0,6,6,0,12,0,19,88,0,107,0,25,94,0,119,84,0,84,203
10/21/2005,CIC,CA,AWP,WE,Federal Contract Tower,0,4,6,0,10,0,18,107,0,125,0,22,113,0,135,52,0,52,187
10/22/2005,CIC,CA,AWP,WE,Federal Contract Tower,0,2,6,0,8,0,3,124,0,127,0,5,130,0,135,2,0,2,137
10/23/2005,CIC,CA,AWP,WE,Federal Contract Tower,0,4,2,0,6,0,0,111,0,111,0,4,113,0,117,18,0,18,135
10/24/2005,CIC,CA,AWP,WE,Federal Contract Tower,0,5,6,0,11,0,14,80,0,94,0,19,86,0,105,34,0,34,139
10/25/2005,CIC,CA,AWP,WE,Federal Contract Tower,0,6,7,0,13,0,13,75,0,88,0,19,82,0,101,74,0,74,175
10/26/2005,CIC,CA,AWP,WE,Federal Contract Tower,0,15,27,0,42,0,7,10,0,17,0,22,37,0,59,0,0,0,59
10/27/2005,CIC,CA,AWP,WE,Federal Contract Tower,0,7,6,0,13,0,11,58,0,69,0,18,64,0,82,8,0,8,90
10/28/2005,CIC,CA,AWP,WE,Federal Contract Tower,0,13,25,0,38,0,5,16,0,21,0,18,41,0,59,12,0,12,71
10/29/2005,CIC,CA,AWP,WE,Federal Contract Tower,0,5,13,0,18,0,1,45,0,46,0,6,58,0,64,44,0,44,108
10/30/2005,CIC,CA,AWP,WE,Federal Contract Tower,0,4,2,0,6,0,0,105,0,105,0,4,107,0,111,24,0,24,135
10/31/2005,CIC,CA,AWP,WE,Federal Contract Tower,0,2,4,0,6,0,15,86,0,101,0,17,90,0,107,26,0,26,133
11/01/2005,CIC,CA,AWP,WE,Federal Contract Tower,0,4,3,0,7,0,11,81,0,92,0,15,84,0,99,38,0,38,137
11/02/2005,CIC,CA,AWP,WE,Federal Contract Tower,0,11,9,1,21,0,6,28,1,35,0,17,37,2,56,28,0,28,84
11/03/2005,CIC,CA,AWP,WE,Federal Contract Tower,0,7,6,0,13,0,8,35,0,43,0,15,41,0,56,14,0,14,70
11/04/2005,CIC,CA,AWP,WE,Federal Contract Tower,0,8,14,0,22,0,11,38,0,49,0,19,52,0,71,28,0,28,99
11/05/2005,CIC,CA,AWP,WE,Federal Contract Tower,0,2,10,0,12,0,6,90,0,96,0,8,100,0,108,44,0,44,152
11/06/2005,CIC,CA,AWP,WE,Federal Contract Tower,0,4,4,0,8,0,0,51,0,51,0,4,55,0,59,26,0,26,85
11/07/2005,CIC,CA,AWP,WE,Federal Contract Tower,0,17,13,0,30,0,0,18,0,18,0,17,31,0,48,0,0,0,48
11/08/2005,CIC,CA,AWP,WE,Federal Contract Tower,0,12,8,1,21,0,9,76,5,90,0,21,84,6,111,54,16,70,181
11/09/2005,CIC,CA,AWP,WE,Federal Contract Tower,0,8,3,1,12,0,11,62,1,74,0,19,65,2,86,44,0,44,130
11/10/2005,CIC,CA,AWP,WE,Federal Contract Tower,0,8,6,0,14,0,11,103,0,114,0,19,109,0,128,112,0,112,240
11/11/2005,CIC,CA,AWP,WE,Federal Contract Tower,0,5,9,0,14,0,10,77,0,87,0,15,86,0,101,46,0,46,147
11/12/2005,CIC,CA,AWP,WE,Federal Contract Tower,0,2,2,0,4,0,3,78,0,81,0,5,80,0,85,6,0,6,91
11/13/2005,CIC,CA,AWP,WE,Federal Contract Tower,0,4,6,0,10,0,1,92,0,93,0,5,98,0,103,8,0,8,111
11/14/2005,CIC,CA,AWP,WE,Federal Contract Tower,0,5,2,2,9,0,12,56,0,68,0,17,58,2,77,24,24,48,125
11/15/2005,CIC,CA,AWP,WE,Federal Contract Tower,0,5,3,0,8,0,8,66,0,74,0,13,69,0,82,6,0,6,88
11/16/2005,CIC,CA,AWP,WE,Federal Contract Tower,0,6,4,2,12,0,17,89,0,106,0,23,93,2,118,4,0,4,122
11/17/2005,CIC,CA,AWP,WE,Federal Contract Tower,0,6,2,0,8,0,13,88,0,101,0,19,90,0,109,20,0,20,129
11/18/2005,CIC,CA,AWP,WE,Federal Contract Tower,0,4,3,0,7,0,13,94,0,107,0,17,97,0,114,30,0,30,144
11/19/2005,CIC,CA,AWP,WE,Federal Contract Tower,0,2,2,0,4,0,3,100,0,103,0,5,102,0,107,30,0,30,137
11/20/2005,CIC,CA,AWP,WE,Federal Contract Tower,0,4,2,0,6,0,0,127,0,127,0,4,129,0,133,58,0,58,191
11/21/2005,CIC,CA,AWP,WE,Federal Contract Tower,0,4,1,0,5,0,14,109,0,123,0,18,110,0,128,4,0,4,132
11/22/2005,CIC,CA,AWP,WE,Federal Contract Tower,0,4,6,0,10,0,17,93,0,110,0,21,99,0,120,18,0,18,138
11/23/2005,CIC,CA,AWP,WE,Federal Contract Tower,0,6,5,0,11,0,15,95,0,110,0,21,100,0,121,44,0,44,165
11/24/2005,CIC,CA,AWP,WE,Federal Contract Tower,0,2,3,0,5,0,1,37,0,38,0,3,40,0,43,18,0,18,61
11/25/2005,CIC,CA,AWP,WE,Federal Contract Tower,0,7,10,0,17,0,13,21,0,34,0,20,31,0,51,0,0,0,51
11/26/2005,CIC,CA,AWP,WE,Federal Contract Tower,0,4,6,0,10,0,2,64,0,66,0,6,70,0,76,40,0,40,116
11/27/2005,CIC,CA,AWP,WE,Federal Contract Tower,0,4,6,0,10,0,0,89,0,89,0,4,95,0,99,18,0,18,117
11/28/2005,CIC,CA,AWP,WE,Federal Contract Tower,0,18,6,0,24,0,6,14,0,20,0,24,20,0,44,10,0,10,54
11/29/2005,CIC,CA,AWP,WE,Federal Contract Tower,0,17,13,0,30,0,1,0,0,1,0,18,13,0,31,0,0,0,31
11/30/2005,CIC,CA,AWP,WE,Federal Contract Tower,0,20,16,0,36,0,0,17,0,17,0,20,33,0,53,0,0,0,53
12/01/2005,CIC,CA,AWP,WE,Federal Contract Tower,0,24,4,0,28,0,1,16,0,17,0,25,20,0,45,0,0,0,45
12/02/2005,CIC,CA,AWP,WE,Federal Contract Tower,0,8,3,0,11,0,15,76,0,91,0,23,79,0,102,14,0,14,116
12/03/2005,CIC,CA,AWP,WE,Federal Contract Tower,0,2,2,0,4,0,3,70,4,77,0,5,72,4,81,16,0,16,97
12/04/2005,CIC,CA,AWP,WE,Federal Contract Tower,0,6,2,0,8,0,0,59,0,59,0,6,61,0,67,22,0,22,89
12/05/2005,CIC,CA,AWP,WE,Federal Contract Tower,0,6,2,0,8,0,0,59,0,59,0,6,61,0,67,22,0,22,89
12/06/2005,CIC,CA,AWP,WE,Federal Contract Tower,0,5,2,0,7,0,15,86,0,101,0,20,88,0,108,20,0,20,128
12/07/2005,CIC,CA,AWP,WE,Federal Contract Tower,0,8,9,0,17,0,11,32,0,43,0,19,41,0,60,0,0,0,60
12/08/2005,CIC,CA,AWP,WE,Federal Contract Tower,0,8,12,1,21,0,14,54,3,71,0,22,66,4,92,0,0,0,92
12/09/2005,CIC,CA,AWP,WE,Federal Contract Tower,0,4,2,1,7,0,18,90,1,109,0,22,92,2,116,24,26,50,166
12/10/2005,CIC,CA,AWP,WE,Federal Contract Tower,0,2,7,0,9,0,3,106,0,109,0,5,113,0,118,40,0,40,158
12/11/2005,CIC,CA,AWP,WE,Federal Contract Tower,0,4,2,0,6,0,0,77,0,77,0,4,79,0,83,36,0,36,119
12/12/2005,CIC,CA,AWP,WE,Federal Contract Tower,0,4,3,0,7,0,12,63,0,75,0,16,66,0,82,38,0,38,120
12/13/2005,CIC,CA,AWP,WE,Federal Contract Tower,0,10,2,3,15,0,12,90,2,104,0,22,92,5,119,16,36,52,171
12/14/2005,CIC,CA,AWP,WE,Federal Contract Tower,0,8,6,0,14,0,13,75,0,88,0,21,81,0,102,46,0,46,148
12/15/2005,CIC,CA,AWP,WE,Federal Contract Tower,0,9,3,2,14,0,18,96,2,116,0,27,99,4,130,102,6,108,238
12/16/2005,CIC,CA,AWP,WE,Federal Contract Tower,0,18,25,0,43,0,2,2,0,4,0,20,27,0,47,0,0,0,47
12/17/2005,CIC,CA,AWP,WE,Federal Contract Tower,0,5,12,2,19,0,0,8,0,8,0,5,20,2,27,58,0,58,85
12/18/2005,CIC,CA,AWP,WE,Federal Contract Tower,0,4,8,0,12,0,2,1,0,3,0,6,9,0,15,0,0,0,15
12/19/2005,CIC,CA,AWP,WE,Federal Contract Tower,0,7,7,0,14,0,13,25,0,38,0,20,32,0,52,36,0,36,88
12/20/2005,CIC,CA,AWP,WE,Federal Contract Tower,0,21,9,1,31,0,1,16,1,18,0,22,25,2,49,0,0,0,49
12/21/2005,CIC,CA,AWP,WE,Federal Contract Tower,0,22,8,1,31,0,2,21,1,24,0,24,29,2,55,32,0,32,87
12/22/2005,CIC,CA,AWP,WE,Federal Contract Tower,0,22,17,0,39,0,0,7,2,9,0,22,24,2,48,0,0,0,48
12/23/2005,CIC,CA,AWP,WE,Federal Contract Tower,0,15,15,0,30,0,8,31,0,39,0,23,46,0,69,10,0,10,79
12/24/2005,CIC,CA,AWP,WE,Federal Contract Tower,0,3,6,0,9,0,0,57,0,57,0,3,63,0,66,42,0,42,108
12/25/2005,CIC,CA,AWP,WE,Federal Contract Tower,0,3,3,0,6,0,0,0,0,0,0,3,3,0,6,0,0,0,6
12/26/2005,CIC,CA,AWP,WE,Federal Contract Tower,0,8,15,0,23,0,0,32,0,32,0,8,47,0,55,8,0,8,63
12/27/2005,CIC,CA,AWP,WE,Federal Contract Tower,0,19,6,0,25,0,2,33,0,35,0,21,39,0,60,44,0,44,104
12/28/2005,CIC,CA,AWP,WE,Federal Contract Tower,0,14,5,0,19,0,10,26,0,36,0,24,31,0,55,26,0,26,81
12/29/2005,CIC,CA,AWP,WE,Federal Contract Tower,0,9,7,0,16,0,11,69,0,80,0,20,76,0,96,90,0,90,186
12/30/2005,CIC,CA,AWP,WE,Federal Contract Tower,0,15,4,0,19,0,4,14,0,18,0,19,18,0,37,0,0,0,37
12/31/2005,CIC,CA,AWP,WE,Federal Contract Tower,0,3,1,0,4,0,0,33,0,33,0,3,34,0,37,18,0,18,55
01/01/2006,CIC,CA,AWP,WE,Federal Contract Tower,0,3,3,0,6,0,0,24,0,24,0,3,27,0,30,0,0,0,30
01/02/2006,CIC,CA,AWP,WE,Federal Contract Tower,0,4,4,0,8,0,0,26,0,26,0,4,30,0,34,26,0,26,60
01/03/2006,CIC,CA,AWP,WE,Federal Contract Tower,0,17,7,0,24,0,5,6,0,11,0,22,13,0,35,0,0,0,35
01/04/2006,CIC,CA,AWP,WE,Federal Contract Tower,0,10,2,1,13,0,11,67,3,81,0,21,69,4,94,40,0,40,134
01/05/2006,CIC,CA,AWP,WE,Federal Contract Tower,0,7,5,2,14,0,15,101,1,117,0,22,106,3,131,64,22,86,217
01/06/2006,CIC,CA,AWP,WE,Federal Contract Tower,0,5,6,0,11,0,7,66,0,73,0,12,72,0,84,8,0,8,92
01/07/2006,CIC,CA,AWP,WE,Federal Contract Tower,0,5,11,0,16,0,0,16,0,16,0,5,27,0,32,8,0,8,40
01/08/2006,CIC,CA,AWP,WE,Federal Contract Tower,0,3,5,0,8,0,1,77,0,78,0,4,82,0,86,50,0,50,136
01/09/2006,CIC,CA,AWP,WE,Federal Contract Tower,0,4,6,0,10,0,11,95,2,108,0,15,101,2,118,34,24,58,176
01/10/2006,CIC,CA,AWP,WE,Federal Contract Tower,0,15,6,2,23,0,5,51,2,58,0,20,57,4,81,44,0,44,125
01/11/2006,CIC,CA,AWP,WE,Federal Contract Tower,0,14,20,3,37,0,5,14,5,24,0,19,34,8,61,0,0,0,61
01/12/2006,CIC,CA,AWP,WE,Federal Contract Tower,0,10,1,2,13,0,10,60,0,70,0,20,61,2,83,46,0,46,129
01/13/2006,CIC,CA,AWP,WE,Federal Contract Tower,0,16,15,0,31,0,1,34,0,35,0,17,49,0,66,24,0,24,90
01/14/2006,CIC,CA,AWP,WE,Federal Contract Tower,0,7,20,0,27,0,0,23,0,23,0,7,43,0,50,0,0,0,50
01/15/2006,CIC,CA,AWP,WE,Federal Contract Tower,0,5,2,0,7,0,0,115,0,115,0,5,117,0,122,2,0,2,124
01/16/2006,CIC,CA,AWP,WE,Federal Contract Tower,0,5,2,0,7,0,12,76,0,88,0,17,78,0,95,16,0,16,111
01/17/2006,CIC,CA,AWP,WE,Federal Contract Tower,0,14,4,2,20,0,12,40,0,52,0,26,44,2,72,32,20,52,124
01/18/2006,CIC,CA,AWP,WE,Federal Contract Tower,0,13,6,1,20,0,11,33,1,45,0,24,39,2,65,0,0,0,65
01/19/2006,CIC,CA,AWP,WE,Federal Contract Tower,0,4,6,6,16,0,21,70,8,99,0,25,76,14,115,56,6,62,177
01/20/2006,CIC,CA,AWP,WE,Federal Contract Tower,0,4,8,0,12,0,15,88,0,103,0,19,96,0,115,108,0,108,223
01/21/2006,CIC,CA,AWP,WE,Federal Contract Tower,0,7,2,0,9,0,0,61,0,61,0,7,63,0,70,20,0,20,90
01/22/2006,CIC,CA,AWP,WE,Federal Contract Tower,0,5,4,0,9,0,0,79,0,79,0,5,83,0,88,38,0,38,126
01/23/2006,CIC,CA,AWP,WE,Federal Contract Tower,0,6,5,0,11,0,15,74,0,89,0,21,79,0,100,72,0,72,172
01/24/2006,CIC,CA,AWP,WE,Federal Contract Tower,0,5,6,1,12,0,10,94,3,107,0,15,100,4,119,110,0,110,229
01/25/2006,CIC,CA,AWP,WE,Federal Contract Tower,0,7,7,0,14,0,9,104,0,113,0,16,111,0,127,32,0,32,159
01/26/2006,CIC,CA,AWP,WE,Federal Contract Tower,0,9,8,3,20,0,7,39,6,52,0,16,47,9,72,22,4,26,98
01/27/2006,CIC,CA,AWP,WE,Federal Contract Tower,0,6,16,0,22,0,14,66,0,80,0,20,82,0,102,0,0,0,102
01/28/2006,CIC,CA,AWP,WE,Federal Contract Tower,0,5,7,0,12,0,2,3,0,5,0,7,10,0,17,0,0,0,17
01/29/2006,CIC,CA,AWP,WE,Federal Contract Tower,0,5,11,0,16,0,0,34,0,34,0,5,45,0,50,66,0,66,116
01/30/2006,CIC,CA,AWP,WE,Federal Contract Tower,0,9,5,0,14,0,5,14,0,19,0,14,19,0,33,0,0,0,33
01/31/2006,CIC,CA,AWP,WE,Federal Contract Tower,0,7,6,0,13,0,9,79,0,88,0,16,85,0,101,96,0,96,197
02/01/2006,CIC,CA,AWP,WE,Federal Contract Tower,0,13,14,0,27,0,5,18,0,23,0,18,32,0,50,38,0,38,88
02/02/2006,CIC,CA,AWP,WE,Federal Contract Tower,0,15,14,0,29,0,5,58,0,63,0,20,72,0,92,0,0,0,92
02/03/2006,CIC,CA,AWP,WE,Federal Contract Tower,0,11,5,1,17,0,13,120,3,136,0,24,125,4,153,38,0,38,191
02/04/2006,CIC,CA,AWP,WE,Federal Contract Tower,0,7,11,0,18,0,1,79,0,80,0,8,90,0,98,158,0,158,256
02/05/2006,CIC,CA,AWP,WE,Federal Contract Tower,0,5,5,0,10,0,2,75,0,77,0,7,80,0,87,66,0,66,153
02/06/2006,CIC,CA,AWP,WE,Federal Contract Tower,0,4,2,0,6,0,19,98,0,117,0,23,100,0,123,18,0,18,141
02/07/2006,CIC,CA,AWP,WE,Federal Contract Tower,0,4,3,2,9,0,13,114,6,133,0,17,117,8,142,26,4,30,172
02/08/2006,CIC,CA,AWP,WE,Federal Contract Tower,0,7,3,0,10,0,13,112,0,125,0,20,115,0,135,66,0,66,201
02/09/2006,CIC,CA,AWP,WE,Federal Contract Tower,0,8,2,0,10,0,14,126,0,140,0,22,128,0,150,64,0,64,214
02/10/2006,CIC,CA,AWP,WE,Federal Contract Tower,0,7,5,0,12,0,12,107,0,119,0,19,112,0,131,108,0,108,239
02/11/2006,CIC,CA,AWP,WE,Federal Contract Tower,0,4,3,0,7,0,3,138,0,141,0,7,141,0,148,156,0,156,304
02/12/2006,CIC,CA,AWP,WE,Federal Contract Tower,0,5,6,0,11,0,0,93,0,93,0,5,99,0,104,10,0,10,114
02/13/2006,CIC,CA,AWP,WE,Federal Contract Tower,0,5,6,1,12,0,12,96,1,109,0,17,102,2,121,6,0,6,127
02/14/2006,CIC,CA,AWP,WE,Federal Contract Tower,0,6,9,2,17,0,15,71,2,88,0,21,80,4,105,12,2,14,119
02/15/2006,CIC,CA,AWP,WE,Federal Contract Tower,0,6,2,0,8,0,13,56,0,69,0,19,58,0,77,16,0,16,93
02/16/2006,CIC,CA,AWP,WE,Federal Contract Tower,0,7,4,1,12,0,11,99,0,110,0,18,103,1,122,48,0,48,170
02/17/2006,CIC,CA,AWP,WE,Federal Contract Tower,0,11,6,3,20,0,9,66,0,75,0,20,72,3,95,26,0,26,121
02/18/2006,CIC,CA,AWP,WE,Federal Contract Tower,0,5,2,0,7,0,1,65,0,66,0,6,67,0,73,166,0,166,239
02/19/2006,CIC,CA,AWP,WE,Federal Contract Tower,0,3,1,0,4,0,0,56,0,56,0,3,57,0,60,8,0,8,68
02/20/2006,CIC,CA,AWP,WE,Federal Contract Tower,0,6,4,0,10,0,6,125,0,131,0,12,129,0,141,10,0,10,151
02/21/2006,CIC,CA,AWP,WE,Federal Contract Tower,0,8,4,0,12,0,13,97,0,110,0,21,101,0,122,0,0,0,122
02/22/2006,CIC,CA,AWP,WE,Federal Contract Tower,0,5,1,0,6,0,16,89,0,105,0,21,90,0,111,36,0,36,147
02/23/2006,CIC,CA,AWP,WE,Federal Contract Tower,0,8,6,2,16,0,11,121,2,134,0,19,127,4,150,52,0,52,202
02/24/2006,CIC,CA,AWP,WE,Federal Contract Tower,0,5,6,2,13,0,12,122,0,134,0,17,128,2,147,58,0,58,205
02/25/2006,CIC,CA,AWP,WE,Federal Contract Tower,0,3,3,0,6,0,3,152,0,155,0,6,155,0,161,172,0,172,333
02/26/2006,CIC,CA,AWP,WE,Federal Contract Tower,0,3,9,0,12,0,0,50,0,50,0,3,59,0,62,32,0,32,94
02/27/2006,CIC,CA,AWP,WE,Federal Contract Tower,0,23,2,0,25,0,0,4,0,4,0,23,6,0,29,20,0,20,49
02/28/2006,CIC,CA,AWP,WE,Federal Contract Tower,0,4,2,2,8,0,16,9,1,26,0,20,11,3,34,0,0,0,34
03/01/2006,CIC,CA,AWP,WE,Federal Contract Tower,0,6,11,0,17,0,12,37,0,49,0,18,48,0,66,20,0,20,86
03/02/2006,CIC,CA,AWP,WE,Federal Contract Tower,0,11,9,0,20,0,10,26,4,40,0,21,35,4,60,2,0,2,62
03/03/2006,CIC,CA,AWP,WE,Federal Contract Tower,0,11,4,0,15,0,8,14,0,22,0,19,18,0,37,0,0,0,37
03/04/2006,CIC,CA,AWP,WE,Federal Contract Tower,0,4,3,0,7,0,2,56,0,58,0,6,59,0,65,82,0,82,147
03/05/2006,CIC,CA,AWP,WE,Federal Contract Tower,0,2,3,0,5,0,0,4,0,4,0,2,7,0,9,0,0,0,9
03/06/2006,CIC,CA,AWP,WE,Federal Contract Tower,0,7,9,0,16,0,11,17,0,28,0,18,26,0,44,0,0,0,44
03/07/2006,CIC,CA,AWP,WE,Federal Contract Tower,0,12,7,1,20,0,6,18,2,26,0,18,25,3,46,0,0,0,46
03/08/2006,CIC,CA,AWP,WE,Federal Contract Tower,0,7,2,0,9,0,14,93,0,107,0,21,95,0,116,48,0,48,164
03/09/2006,CIC,CA,AWP,WE,Federal Contract Tower,0,12,4,0,16,0,9,28,0,37,0,21,32,0,53,32,0,32,85
03/10/2006,CIC,CA,AWP,WE,Federal Contract Tower,0,10,2,1,13,0,16,19,1,36,0,26,21,2,49,26,20,46,95
03/11/2006,CIC,CA,AWP,WE,Federal Contract Tower,0,6,4,0,10,0,0,87,0,87,0,6,91,0,97,68,0,68,165
03/12/2006,CIC,CA,AWP,WE,Federal Contract Tower,0,3,0,0,3,0,0,25,0,25,0,3,25,0,28,26,0,26,54
03/13/2006,CIC,CA,AWP,WE,Federal Contract Tower,0,10,5,0,15,0,9,29,0,38,0,19,34,0,53,4,0,4,57
03/14/2006,CIC,CA,AWP,WE,Federal Contract Tower,0,14,1,0,15,0,6,20,0,26,0,20,21,0,41,0,0,0,41
03/15/2006,CIC,CA,AWP,WE,Federal Contract Tower,0,7,5,0,12,0,13,45,2,60,0,20,50,2,72,14,0,14,86
03/16/2006,CIC,CA,AWP,WE,Federal Contract Tower,0,12,5,4,21,0,11,12,0,23,0,23,17,4,44,2,0,2,46
03/17/2006,CIC,CA,AWP,WE,Federal Contract Tower,0,8,7,1,16,0,10,52,1,63,0,18,59,2,79,0,20,20,99
03/18/2006,CIC,CA,AWP,WE,Federal Contract Tower,0,3,2,0,5,0,2,51,0,53,0,5,53,0,58,6,0,6,64
03/19/2006,CIC,CA,AWP,WE,Federal Contract Tower,0,5,5,0,10,0,0,121,0,121,0,5,126,0,131,32,0,32,163
03/20/2006,CIC,CA,AWP,WE,Federal Contract Tower,0,14,4,2,20,0,2,11,2,15,0,16,15,4,35,52,0,52,87
03/21/2006,CIC,CA,AWP,WE,Federal Contract Tower,0,9,6,1,16,0,8,45,2,55,0,17,51,3,71,70,30,100,171
03/22/2006,CIC,CA,AWP,WE,Federal Contract Tower,0,5,5,0,10,0,12,79,0,91,0,17,84,0,101,46,0,46,147
03/23/2006,CIC,CA,AWP,WE,Federal Contract Tower,0,5,3,0,8,0,12,78,0,90,0,17,81,0,98,72,0,72,170
03/24/2006,CIC,CA,AWP,WE,Federal Contract Tower,0,11,17,0,28,0,9,16,0,25,0,20,33,0,53,32,0,32,85
03/25/2006,CIC,CA,AWP,WE,Federal Contract Tower,0,4,7,0,11,0,2,21,2,25,0,6,28,2,36,50,0,50,86
03/26/2006,CIC,CA,AWP,WE,Federal Contract Tower,0,5,15,0,20,0,0,96,0,96,0,5,111,0,116,14,0,14,130
03/27/2006,CIC,CA,AWP,WE,Federal Contract Tower,0,9,2,0,11,0,7,68,6,81,0,16,70,6,92,28,0,28,120
03/28/2006,CIC,CA,AWP,WE,Federal Contract Tower,0,11,8,0,19,0,7,18,0,25,0,18,26,0,44,12,0,12,56
03/29/2006,CIC,CA,AWP,WE,Federal Contract Tower,0,12,6,0,18,0,9,48,0,57,0,21,54,0,75,92,0,92,167
03/30/2006,CIC,CA,AWP,WE,Federal Contract Tower,0,11,18,0,29,0,8,58,0,66,0,19,76,0,95,112,0,112,207
03/31/2006,CIC,CA,AWP,WE,Federal Contract Tower,0,18,10,0,28,0,0,26,0,26,0,18,36,0,54,0,0,0,54
04/01/2006,CIC,CA,AWP,WE,Federal Contract Tower,0,5,7,0,12,0,1,52,0,53,0,6,59,0,65,16,0,16,81
04/02/2006,CIC,CA,AWP,WE,Federal Contract Tower,0,2,10,0,12,0,0,10,0,10,0,2,20,0,22,0,0,0,22
04/03/2006,CIC,CA,AWP,WE,Federal Contract Tower,0,23,6,0,29,0,4,8,0,12,0,27,14,0,41,8,0,8,49
04/04/2006,CIC,CA,AWP,WE,Federal Contract Tower,0,12,8,2,22,0,9,15,2,26,0,21,23,4,48,4,2,6,54
04/05/2006,CIC,CA,AWP,WE,Federal Contract Tower,0,12,7,0,19,0,18,52,0,70,0,30,59,0,89,36,0,36,125
04/06/2006,CIC,CA,AWP,WE,Federal Contract Tower,0,7,1,0,8,0,20,121,4,145,0,27,122,4,153,54,0,54,207
04/07/2006,CIC,CA,AWP,WE,Federal Contract Tower,0,7,4,2,13,0,4,68,0,72,0,11,72,2,85,50,8,58,143
04/08/2006,CIC,CA,AWP,WE,Federal Contract Tower,0,4,6,0,10,0,3,45,0,48,0,7,51,0,58,0,0,0,58
04/09/2006,CIC,CA,AWP,WE,Federal Contract Tower,0,6,2,0,8,0,0,39,0,39,0,6,41,0,47,18,0,18,65
04/10/2006,CIC,CA,AWP,WE,Federal Contract Tower,0,9,4,1,14,0,9,46,1,56,0,18,50,2,70,0,0,0,70
04/11/2006,CIC,CA,AWP,WE,Federal Contract Tower,0,18,9,0,27,0,5,14,0,19,0,23,23,0,46,0,0,0,46
04/12/2006,CIC,CA,AWP,WE,Federal Contract Tower,0,17,8,0,25,0,6,24,2,32,0,23,32,2,57,0,4,4,61
04/13/2006,CIC,CA,AWP,WE,Federal Contract Tower,0,6,0,0,6,0,14,115,2,131,0,20,115,2,137,50,2,52,189
04/14/2006,CIC,CA,AWP,WE,Federal Contract Tower,0,5,5,0,10,0,12,47,0,59,0,17,52,0,69,34,0,34,103
04/15/2006,CIC,CA,AWP,WE,Federal Contract Tower,0,4,8,0,12,0,3,27,0,30,0,7,35,0,42,6,0,6,48
04/16/2006,CIC,CA,AWP,WE,Federal Contract Tower,0,4,3,0,7,0,0,22,0,22,0,4,25,0,29,0,0,0,29
04/17/2006,CIC,CA,AWP,WE,Federal Contract Tower,0,8,3,2,13,0,11,88,4,103,0,19,91,6,116,36,16,52,168
04/18/2006,CIC,CA,AWP,WE,Federal Contract Tower,0,6,2,0,8,0,13,134,2,149,0,19,136,2,157,98,8,106,263
04/19/2006,CIC,CA,AWP,WE,Federal Contract Tower,0,8,0,0,8,0,15,114,0,129,0,23,114,0,137,62,0,62,199
04/20/2006,CIC,CA,AWP,WE,Federal Contract Tower,0,8,0,0,8,0,10,100,0,110,0,18,100,0,118,132,0,132,250
04/21/2006,CIC,CA,AWP,WE,Federal Contract Tower,0,7,4,0,11,0,13,95,2,110,0,20,99,2,121,76,0,76,197
04/22/2006,CIC,CA,AWP,WE,Federal Contract Tower,0,4,7,0,11,0,3,24,0,27,0,7,31,0,38,0,0,0,38
04/23/2006,CIC,CA,AWP,WE,Federal Contract Tower,0,6,2,0,8,0,0,68,0,68,0,6,70,0,76,38,0,38,114
04/24/2006,CIC,CA,AWP,WE,Federal Contract Tower,0,14,6,4,24,0,4,52,2,58,0,18,58,6,82,50,10,60,142
04/25/2006,CIC,CA,AWP,WE,Federal Contract Tower,0,10,4,0,14,0,12,76,0,88,0,22,80,0,102,92,0,92,194
04/26/2006,CIC,CA,AWP,WE,Federal Contract Tower,0,7,3,0,10,0,16,76,0,92,0,23,79,0,102,20,0,20,122
04/27/2006,CIC,CA,AWP,WE,Federal Contract Tower,0,9,4,0,13,0,12,87,0,99,0,21,91,0,112,56,0,56,168
04/28/2006,CIC,CA,AWP,WE,Federal Contract Tower,0,6,3,0,9,0,13,112,0,125,0,19,115,0,134,36,0,36,170
04/29/2006,CIC,CA,AWP,WE,Federal Contract Tower,0,6,2,0,8,0,1,108,0,109,0,7,110,0,117,24,0,24,141
04/30/2006,CIC,CA,AWP,WE,Federal Contract Tower,0,7,0,0,7,0,2,91,0,93,0,9,91,0,100,4,0,4,104
05/01/2006,CIC,CA,AWP,WE,Federal Contract Tower,0,1,6,0,7,0,14,49,0,63,0,15,55,0,70,8,0,8,78
05/02/2006,CIC,CA,AWP,WE,Federal Contract Tower,0,4,5,0,9,0,15,72,0,87,0,19,77,0,96,12,0,12,108
05/03/2006,CIC,CA,AWP,WE,Federal Contract Tower,0,6,6,0,12,0,15,101,2,118,0,21,107,2,130,30,0,30,160
05/04/2006,CIC,CA,AWP,WE,Federal Contract Tower,0,6,7,0,13,0,13,113,0,126,0,19,120,0,139,36,0,36,175
05/05/2006,CIC,CA,AWP,WE,Federal Contract Tower,0,9,1,6,16,0,11,88,0,99,0,20,89,6,115,8,10,18,133
05/06/2006,CIC,CA,AWP,WE,Federal Contract Tower,0,7,12,0,19,0,0,77,0,77,0,7,89,0,96,4,0,4,100
05/07/2006,CIC,CA,AWP,WE,Federal Contract Tower,0,4,2,0,6,0,0,100,0,100,0,4,102,0,106,8,0,8,114
05/08/2006,CIC,CA,AWP,WE,Federal Contract Tower,0,8,0,1,9,0,11,39,0,50,0,19,39,1,59,22,24,46,105
05/09/2006,CIC,CA,AWP,WE,Federal Contract Tower,0,10,7,0,17,0,9,82,0,91,0,19,89,0,108,20,0,20,128
05/10/2006,CIC,CA,AWP,WE,Federal Contract Tower,0,7,2,1,10,0,9,80,3,92,0,16,82,4,102,14,22,36,138
05/11/2006,CIC,CA,AWP,WE,Federal Contract Tower,0,7,9,0,16,0,12,82,0,94,0,19,91,0,110,4,0,4,114
05/12/2006,CIC,CA,AWP,WE,Federal Contract Tower,0,12,5,0,17,0,11,69,0,80,0,23,74,0,97,14,0,14,111
05/13/2006,CIC,CA,AWP,WE,Federal Contract Tower,0,4,6,0,10,0,4,92,0,96,0,8,98,0,106,26,0,26,132
05/14/2006,CIC,CA,AWP,WE,Federal Contract Tower,0,4,2,0,6,0,2,111,0,113,0,6,113,0,119,6,0,6,125
05/15/2006,CIC,CA,AWP,WE,Federal Contract Tower,0,6,3,0,9,0,14,64,0,78,0,20,67,0,87,12,0,12,99
05/16/2006,CIC,CA,AWP,WE,Federal Contract Tower,0,7,0,0,7,0,11,72,0,83,0,18,72,0,90,46,0,46,136
05/17/2006,CIC,CA,AWP,WE,Federal Contract Tower,0,9,2,0,11,0,10,95,0,105,0,19,97,0,116,62,0,62,178
05/18/2006,CIC,CA,AWP,WE,Federal Contract Tower,0,6,9,1,16,0,11,88,1,100,0,17,97,2,116,32,32,64,180
05/19/2006,CIC,CA,AWP,WE,Federal Contract Tower,0,12,6,0,18,0,7,79,0,86,0,19,85,0,104,6,0,6,110
05/20/2006,CIC,CA,AWP,WE,Federal Contract Tower,0,4,10,0,14,0,3,76,0,79,0,7,86,0,93,0,0,0,93
05/21/2006,CIC,CA,AWP,WE,Federal Contract Tower,0,4,3,0,7,0,0,43,0,43,0,4,46,0,50,6,0,6,56
05/22/2006,CIC,CA,AWP,WE,Federal Contract Tower,0,12,6,2,20,0,9,16,0,25,0,21,22,2,45,4,8,12,57
05/23/2006,CIC,CA,AWP,WE,Federal Contract Tower,0,5,5,1,11,0,14,41,5,60,0,19,46,6,71,0,0,0,71
05/24/2006,CIC,CA,AWP,WE,Federal Contract Tower,0,8,3,0,11,0,16,76,6,98,0,24,79,6,109,0,0,0,109
05/25/2006,CIC,CA,AWP,WE,Federal Contract Tower,0,7,1,0,8,0,15,73,5,93,0,22,74,5,101,8,0,8,109
05/26/2006,CIC,CA,AWP,WE,Federal Contract Tower,0,8,3,0,11,0,12,61,0,73,0,20,64,0,84,8,0,8,92
05/27/2006,CIC,CA,AWP,WE,Federal Contract Tower,0,5,5,0,10,0,2,87,0,89,0,7,92,0,99,12,0,12,111
05/28/2006,CIC,CA,AWP,WE,Federal Contract Tower,0,3,3,0,6,0,0,54,0,54,0,3,57,0,60,8,0,8,68
05/29/2006,CIC,CA,AWP,WE,Federal Contract Tower,0,8,2,0,10,0,0,107,0,107,0,8,109,0,117,4,0,4,121
05/30/2006,CIC,CA,AWP,WE,Federal Contract Tower,0,7,1,0,8,0,25,64,0,89,0,32,65,0,97,12,0,12,109
05/31/2006,CIC,CA,AWP,WE,Federal Contract Tower,0,7,3,0,10,0,14,99,0,113,0,21,102,0,123,12,0,12,135
06/01/2006,CIC,CA,AWP,WE,Federal Contract Tower,0,6,8,0,14,0,11,99,0,110,0,17,107,0,124,6,0,6,130
06/02/2006,CIC,CA,AWP,WE,Federal Contract Tower,0,7,1,0,8,0,11,93,0,104,0,18,94,0,112,14,0,14,126
06/03/2006,CIC,CA,AWP,WE,Federal Contract Tower,0,4,1,0,5,0,3,112,0,115,0,7,113,0,120,4,0,4,124
06/04/2006,CIC,CA,AWP,WE,Federal Contract Tower,0,3,4,0,7,0,0,83,0,83,0,3,87,0,90,10,0,10,100
06/05/2006,CIC,CA,AWP,WE,Federal Contract Tower,0,7,2,0,9,0,14,67,0,81,0,21,69,0,90,14,0,14,104
06/06/2006,CIC,CA,AWP,WE,Federal Contract Tower,0,6,7,0,13,0,16,74,0,90,0,22,81,0,103,0,0,0,103
06/07/2006,CIC,CA,AWP,WE,Federal Contract Tower,0,10,5,0,15,0,11,83,0,94,0,21,88,0,109,14,0,14,123
06/08/2006,CIC,CA,AWP,WE,Federal Contract Tower,0,8,2,2,12,0,11,80,8,99,0,19,82,10,111,20,0,20,131
06/09/2006,CIC,CA,AWP,WE,Federal Contract Tower,0,6,8,1,15,0,13,100,1,114,0,19,108,2,129,12,16,28,157
06/10/2006,CIC,CA,AWP,WE,Federal Contract Tower,0,4,10,0,14,0,2,65,0,67,0,6,75,0,81,22,0,22,103
06/11/2006,CIC,CA,AWP,WE,Federal Contract Tower,0,4,3,0,7,0,0,102,0,102,0,4,105,0,109,40,0,40,149
06/12/2006,CIC,CA,AWP,WE,Federal Contract Tower,0,8,4,1,13,0,10,59,3,72,0,18,63,4,85,0,0,0,85
06/13/2006,CIC,CA,AWP,WE,Federal Contract Tower,0,7,4,0,11,0,14,80,4,98,0,21,84,4,109,0,0,0,109
06/14/2006,CIC,CA,AWP,WE,Federal Contract Tower,0,7,1,1,9,0,10,63,1,74,0,17,64,2,83,24,20,44,127
06/15/2006,CIC,CA,AWP,WE,Federal Contract Tower,0,4,11,1,16,0,16,72,0,88,0,20,83,1,104,66,32,98,202
06/16/2006,CIC,CA,AWP,WE,Federal Contract Tower,0,7,2,0,9,0,12,111,0,123,0,19,113,0,132,26,0,26,158
06/17/2006,CIC,CA,AWP,WE,Federal Contract Tower,0,4,0,0,4,0,2,76,0,78,0,6,76,0,82,14,0,14,96
06/18/2006,CIC,CA,AWP,WE,Federal Contract Tower,0,5,3,0,8,0,0,75,0,75,0,5,78,0,83,4,0,4,87
06/19/2006,CIC,CA,AWP,WE,Federal Contract Tower,0,6,2,0,8,0,12,89,0,101,0,18,91,0,109,58,0,58,167
06/20/2006,CIC,CA,AWP,WE,Federal Contract Tower,0,6,2,2,10,0,13,107,2,122,0,19,109,4,132,18,0,18,150
06/21/2006,CIC,CA,AWP,WE,Federal Contract Tower,0,7,3,0,10,0,13,115,0,128,0,20,118,0,138,26,0,26,164
06/22/2006,CIC,CA,AWP,WE,Federal Contract Tower,0,6,6,1,13,0,11,84,3,98,0,17,90,4,111,12,0,12,123
06/23/2006,CIC,CA,AWP,WE,Federal Contract Tower,0,7,2,0,9,0,14,116,0,130,0,21,118,0,139,26,0,26,165
06/24/2006,CIC,CA,AWP,WE,Federal Contract Tower,0,3,0,0,3,0,3,89,0,92,0,6,89,0,95,28,0,28,123
06/25/2006,CIC,CA,AWP,WE,Federal Contract Tower,0,4,4,0,8,0,16,71,1,88,0,20,75,1,96,20,0,20,116
06/26/2006,CIC,CA,AWP,WE,Federal Contract Tower,0,10,2,0,12,0,11,47,5,63,0,21,49,5,75,8,30,38,113
06/27/2006,CIC,CA,AWP,WE,Federal Contract Tower,0,8,5,2,15,0,15,60,2,77,0,23,65,4,92,10,0,10,102
06/28/2006,CIC,CA,AWP,WE,Federal Contract Tower,0,9,3,0,12,0,15,82,0,97,0,24,85,0,109,10,0,10,119
06/29/2006,CIC,CA,AWP,WE,Federal Contract Tower,0,6,4,0,10,0,15,82,0,97,0,21,86,0,107,26,0,26,133
06/30/2006,CIC,CA,AWP,WE,Federal Contract Tower,0,6,3,0,9,0,16,97,0,113,0,22,100,0,122,0,0,0,122
07/01/2006,CIC,CA,AWP,WE,Federal Contract Tower,0,4,3,0,7,0,4,65,0,69,0,8,68,0,76,46,0,46,122
07/02/2006,CIC,CA,AWP,WE,Federal Contract Tower,0,4,4,0,8,0,0,73,0,73,0,4,77,0,81,16,0,16,97
07/03/2006,CIC,CA,AWP,WE,Federal Contract Tower,0,7,3,0,10,0,18,104,0,122,0,25,107,0,132,6,0,6,138
07/04/2006,CIC,CA,AWP,WE,Federal Contract Tower,0,4,3,0,7,0,0,60,0,60,0,4,63,0,67,4,0,4,71
07/05/2006,CIC,CA,AWP,WE,Federal Contract Tower,0,8,2,0,10,0,14,60,0,74,0,22,62,0,84,8,0,8,92
07/06/2006,CIC,CA,AWP,WE,Federal Contract Tower,0,8,4,0,12,2,26,81,0,109,2,34,85,0,121,24,0,24,145
07/07/2006,CIC,CA,AWP,WE,Federal Contract Tower,0,6,2,0,8,0,32,72,0,104,0,38,74,0,112,16,0,16,128
07/08/2006,CIC,CA,AWP,WE,Federal Contract Tower,0,4,2,0,6,1,25,69,0,95,1,29,71,0,101,0,0,0,101
07/09/2006,CIC,CA,AWP,WE,Federal Contract Tower,0,4,0,0,4,0,14,67,0,81,0,18,67,0,85,14,0,14,99
07/10/2006,CIC,CA,AWP,WE,Federal Contract Tower,0,6,2,0,8,1,25,76,0,102,1,31,78,0,110,34,0,34,144
07/11/2006,CIC,CA,AWP,WE,Federal Contract Tower,0,6,2,0,8,1,20,72,0,93,1,26,74,0,101,12,0,12,113
07/12/2006,CIC,CA,AWP,WE,Federal Contract Tower,0,4,9,0,13,7,41,99,0,147,7,45,108,0,160,28,0,28,188
07/13/2006,CIC,CA,AWP,WE,Federal Contract Tower,0,8,6,0,14,2,36,73,0,111,2,44,79,0,125,8,0,8,133
07/14/2006,CIC,CA,AWP,WE,Federal Contract Tower,1,6,3,0,10,2,31,104,4,141,3,37,107,4,151,6,0,6,157
07/15/2006,CIC,CA,AWP,WE,Federal Contract Tower,0,4,2,0,6,2,14,80,2,98,2,18,82,2,104,0,0,0,104
07/16/2006,CIC,CA,AWP,WE,Federal Contract Tower,0,7,1,0,8,1,19,56,0,76,1,26,57,0,84,0,0,0,84
07/17/2006,CIC,CA,AWP,WE,Federal Contract Tower,0,6,0,0,6,0,42,74,0,116,0,48,74,0,122,46,0,46,168
07/18/2006,CIC,CA,AWP,WE,Federal Contract Tower,0,7,1,0,8,0,27,71,2,100,0,34,72,2,108,18,0,18,126
07/19/2006,CIC,CA,AWP,WE,Federal Contract Tower,0,7,7,0,14,0,22,70,0,92,0,29,77,0,106,38,0,38,144
07/20/2006,CIC,CA,AWP,WE,Federal Contract Tower,0,6,4,0,10,0,19,66,0,85,0,25,70,0,95,0,0,0,95
07/21/2006,CIC,CA,AWP,WE,Federal Contract Tower,0,6,2,2,10,0,43,67,1,111,0,49,69,3,121,26,42,68,189
07/22/2006,CIC,CA,AWP,WE,Federal Contract Tower,0,4,0,0,4,1,4,47,0,52,1,8,47,0,56,4,0,4,60
07/23/2006,CIC,CA,AWP,WE,Federal Contract Tower,0,6,0,0,6,0,14,24,0,38,0,20,24,0,44,0,0,0,44
07/24/2006,CIC,CA,AWP,WE,Federal Contract Tower,0,6,1,0,7,2,36,84,0,122,2,42,85,0,129,2,0,2,131
07/25/2006,CIC,CA,AWP,WE,Federal Contract Tower,0,8,1,1,10,1,55,66,3,125,1,63,67,4,135,22,10,32,167
07/26/2006,CIC,CA,AWP,WE,Federal Contract Tower,0,7,0,0,7,11,44,56,0,111,11,51,56,0,118,12,0,12,130
07/27/2006,CIC,CA,AWP,WE,Federal Contract Tower,0,9,3,0,12,2,11,54,2,69,2,20,57,2,81,20,16,36,117
07/28/2006,CIC,CA,AWP,WE,Federal Contract Tower,0,11,4,0,15,19,41,99,5,164,19,52,103,5,179,8,0,8,187
07/29/2006,CIC,CA,AWP,WE,Federal Contract Tower,0,3,2,0,5,27,28,61,7,123,27,31,63,7,128,32,0,32,160
07/30/2006,CIC,CA,AWP,WE,Federal Contract Tower,0,4,2,0,6,37,25,62,6,130,37,29,64,6,136,20,0,20,156
07/31/2006,CIC,CA,AWP,WE,Federal Contract Tower,0,6,0,0,6,18,48,37,6,109,18,54,37,6,115,8,0,8,123
08/01/2006,CIC,CA,AWP,WE,Federal Contract Tower,0,6,3,1,10,0,17,85,20,122,0,23,88,21,132,18,0,18,150
08/02/2006,CIC,CA,AWP,WE,Federal Contract Tower,0,6,1,1,8,5,43,44,18,110,5,49,45,19,118,106,0,106,224
08/03/2006,CIC,CA,AWP,WE,Federal Contract Tower,0,7,6,0,13,26,32,66,8,132,26,39,72,8,145,24,0,24,169
08/04/2006,CIC,CA,AWP,WE,Federal Contract Tower,0,8,3,0,11,23,55,67,7,152,23,63,70,7,163,32,0,32,195
08/05/2006,CIC,CA,AWP,WE,Federal Contract Tower,0,5,1,2,8,0,15,54,7,76,0,20,55,9,84,26,0,26,110
08/06/2006,CIC,CA,AWP,WE,Federal Contract Tower,0,4,4,0,8,11,46,77,4,138,11,50,81,4,146,22,0,22,168
08/07/2006,CIC,CA,AWP,WE,Federal Contract Tower,0,4,4,0,8,14,29,47,6,96,14,33,51,6,104,0,4,4,108
08/08/2006,CIC,CA,AWP,WE,Federal Contract Tower,0,6,2,1,9,3,26,64,9,102,3,32,66,10,111,24,12,36,147
08/09/2006,CIC,CA,AWP,WE,Federal Contract Tower,0,10,3,0,13,4,25,46,2,77,4,35,49,2,90,12,0,12,102
08/10/2006,CIC,CA,AWP,WE,Federal Contract Tower,0,8,3,1,12,1,27,87,2,117,1,35,90,3,129,14,0,14,143
08/11/2006,CIC,CA,AWP,WE,Federal Contract Tower,0,8,4,1,13,3,20,72,3,98,3,28,76,4,111,42,18,60,171
08/12/2006,CIC,CA,AWP,WE,Federal Contract Tower,0,7,1,0,8,0,25,77,2,104,0,32,78,2,112,60,0,60,172
08/13/2006,CIC,CA,AWP,WE,Federal Contract Tower,0,5,5,0,10,2,25,59,4,90,2,30,64,4,100,14,0,14,114
08/14/2006,CIC,CA,AWP,WE,Federal Contract Tower,0,7,4,2,13,2,22,75,1,100,2,29,79,3,113,54,1,55,168
08/15/2006,CIC,CA,AWP,WE,Federal Contract Tower,0,7,0,2,9,7,28,55,2,92,7,35,55,4,101,14,0,14,115
08/16/2006,CIC,CA,AWP,WE,Federal Contract Tower,0,6,1,0,7,15,38,74,8,135,15,44,75,8,142,34,4,38,180
08/17/2006,CIC,CA,AWP,WE,Federal Contract Tower,0,11,1,0,12,1,16,78,2,97,1,27,79,2,109,6,4,10,119
08/18/2006,CIC,CA,AWP,WE,Federal Contract Tower,0,8,2,0,10,1,22,74,0,97,1,30,76,0,107,54,0,54,161
08/19/2006,CIC,CA,AWP,WE,Federal Contract Tower,0,4,3,0,7,0,21,57,0,78,0,25,60,0,85,14,0,14,99
08/20/2006,CIC,CA,AWP,WE,Federal Contract Tower,0,6,1,0,7,8,16,77,0,101,8,22,78,0,108,2,0,2,110
08/21/2006,CIC,CA,AWP,WE,Federal Contract Tower,0,6,1,0,7,14,29,43,10,96,14,35,44,10,103,0,0,0,103
08/22/2006,CIC,CA,AWP,WE,Federal Contract Tower,0,6,1,0,7,1,23,63,8,95,1,29,64,8,102,16,0,16,118
08/23/2006,CIC,CA,AWP,WE,Federal Contract Tower,0,6,2,0,8,3,18,68,0,89,3,24,70,0,97,70,0,70,167
08/24/2006,CIC,CA,AWP,WE,Federal Contract Tower,0,6,1,0,7,2,40,79,0,121,2,46,80,0,128,14,0,14,142
08/25/2006,CIC,CA,AWP,WE,Federal Contract Tower,0,6,2,0,8,0,25,57,0,82,0,31,59,0,90,24,0,24,114
08/26/2006,CIC,CA,AWP,WE,Federal Contract Tower,0,4,2,0,6,0,17,103,0,120,0,21,105,0,126,22,0,22,148
08/27/2006,CIC,CA,AWP,WE,Federal Contract Tower,0,6,7,0,13,4,12,95,0,111,4,18,102,0,124,8,0,8,132
08/28/2006,CIC,CA,AWP,WE,Federal Contract Tower,0,6,7,0,13,2,25,82,0,109,2,31,89,0,122,30,0,30,152
08/29/2006,CIC,CA,AWP,WE,Federal Contract Tower,0,7,0,3,10,8,54,71,9,142,8,61,71,12,152,34,0,34,186
08/30/2006,CIC,CA,AWP,WE,Federal Contract Tower,0,6,2,2,10,3,22,85,2,112,3,28,87,4,122,59,0,59,181
08/31/2006,CIC,CA,AWP,WE,Federal Contract Tower,0,6,1,1,8,1,23,79,3,106,1,29,80,4,114,4,6,10,124
09/01/2006,CIC,CA,AWP,WE,Federal Contract Tower,0,9,3,0,12,3,29,125,25,182,3,38,128,25,194,54,20,74,268
09/02/2006,CIC,CA,AWP,WE,Federal Contract Tower,0,4,4,0,8,6,42,281,0,329,6,46,285,0,337,72,20,92,429
09/03/2006,CIC,CA,AWP,WE,Federal Contract Tower,0,3,4,0,7,6,21,96,2,125,6,24,100,2,132,0,0,0,132
09/04/2006,CIC,CA,AWP,WE,Federal Contract Tower,0,8,1,0,9,1,6,99,0,106,1,14,100,0,115,32,0,32,147
09/05/2006,CIC,CA,AWP,WE,Federal Contract Tower,0,10,0,0,10,8,30,64,1,103,8,40,64,1,113,22,0,22,135
09/06/2006,CIC,CA,AWP,WE,Federal Contract Tower,0,6,3,1,10,9,53,63,1,126,9,59,66,2,136,18,0,18,154
09/07/2006,CIC,CA,AWP,WE,Federal Contract Tower,0,7,5,2,14,9,25,61,2,97,9,32,66,4,111,8,32,40,151
09/08/2006,CIC,CA,AWP,WE,Federal Contract Tower,0,8,10,2,20,1,23,81,4,109,1,31,91,6,129,28,8,36,165
09/09/2006,CIC,CA,AWP,WE,Federal Contract Tower,0,3,4,0,7,12,24,84,0,120,12,27,88,0,127,40,0,40,167
09/10/2006,CIC,CA,AWP,WE,Federal Contract Tower,0,6,3,1,10,9,20,66,0,95,9,26,69,1,105,0,0,0,105
09/11/2006,CIC,CA,AWP,WE,Federal Contract Tower,0,4,5,0,9,22,16,43,0,81,22,20,48,0,90,16,0,16,106
09/12/2006,CIC,CA,AWP,WE,Federal Contract Tower,0,7,0,0,7,19,23,60,0,102,19,30,60,0,109,12,0,12,121
09/13/2006,CIC,CA,AWP,WE,Federal Contract Tower,0,6,0,0,6,18,36,71,4,129,18,42,71,4,135,8,0,8,143
09/14/2006,CIC,CA,AWP,WE,Federal Contract Tower,0,7,3,0,10,4,10,54,7,75,4,17,57,7,85,20,0,20,105
09/15/2006,CIC,CA,AWP,WE,Federal Contract Tower,0,9,2,2,13,0,26,56,2,84,0,35,58,4,97,44,22,66,163
09/16/2006,CIC,CA,AWP,WE,Federal Contract Tower,0,4,2,0,6,12,24,41,0,77,12,28,43,0,83,16,0,16,99
09/17/2006,CIC,CA,AWP,WE,Federal Contract Tower,0,6,0,0,6,12,16,50,0,78,12,22,50,0,84,0,0,0,84
09/18/2006,CIC,CA,AWP,WE,Federal Contract Tower,0,8,2,0,10,3,27,61,5,96,3,35,63,5,106,26,0,26,132
09/19/2006,CIC,CA,AWP,WE,Federal Contract Tower,0,7,3,0,10,14,31,60,15,120,14,38,63,15,130,42,0,42,172
09/20/2006,CIC,CA,AWP,WE,Federal Contract Tower,0,8,5,0,13,6,21,78,15,120,6,29,83,15,133,26,2,28,161
09/21/2006,CIC,CA,AWP,WE,Federal Contract Tower,0,7,0,0,7,4,16,53,11,84,4,23,53,11,91,36,4,40,131
09/22/2006,CIC,CA,AWP,WE,Federal Contract Tower,0,8,4,0,12,18,32,60,3,113,18,40,64,3,125,18,0,18,143
09/23/2006,CIC,CA,AWP,WE,Federal Contract Tower,0,3,2,0,5,10,19,53,0,82,10,22,55,0,87,12,0,12,99
09/24/2006,CIC,CA,AWP,WE,Federal Contract Tower,0,6,4,0,10,14,24,57,0,95,14,30,61,0,105,28,0,28,133
09/25/2006,CIC,CA,AWP,WE,Federal Contract Tower,0,6,2,0,8,21,28,71,0,120,21,34,73,0,128,32,0,32,160
09/26/2006,CIC,CA,AWP,WE,Federal Contract Tower,0,7,4,0,11,20,23,63,0,106,20,30,67,0,117,110,0,110,227
09/27/2006,CIC,CA,AWP,WE,Federal Contract Tower,0,5,4,0,9,13,34,66,0,113,13,39,70,0,122,110,2,112,234
09/28/2006,CIC,CA,AWP,WE,Federal Contract Tower,0,9,4,0,13,0,20,60,0,80,0,29,64,0,93,34,0,34,127
09/29/2006,CIC,CA,AWP,WE,Federal Contract Tower,0,9,0,0,9,5,12,86,0,103,5,21,86,0,112,44,0,44,156
09/30/2006,CIC,CA,AWP,WE,Federal Contract Tower,0,3,0,0,3,5,47,59,0,111,5,50,59,0,114,60,0,60,174
10/01/2006,CIC,CA,AWP,WE,Federal Contract Tower,0,6,2,0,8,5,13,69,0,87,5,19,71,0,95,38,0,38,133
10/02/2006,CIC,CA,AWP,WE,Federal Contract Tower,0,8,5,0,13,0,15,53,0,68,0,23,58,0,81,0,0,0,81
10/03/2006,CIC,CA,AWP,WE,Federal Contract Tower,0,16,9,0,25,0,25,58,0,83,0,41,67,0,108,22,0,22,130
10/04/2006,CIC,CA,AWP,WE,Federal Contract Tower,0,11,7,0,18,0,15,26,0,41,0,26,33,0,59,12,0,12,71
10/05/2006,CIC,CA,AWP,WE,Federal Contract Tower,0,11,9,1,21,0,23,44,3,70,0,34,53,4,91,22,0,22,113
10/06/2006,CIC,CA,AWP,WE,Federal Contract Tower,0,6,8,0,14,0,18,60,0,78,0,24,68,0,92,20,0,20,112
10/07/2006,CIC,CA,AWP,WE,Federal Contract Tower,0,4,1,0,5,1,9,78,0,88,1,13,79,0,93,50,0,50,143
10/08/2006,CIC,CA,AWP,WE,Federal Contract Tower,0,9,2,0,11,0,13,82,0,95,0,22,84,0,106,12,0,12,118
10/09/2006,CIC,CA,AWP,WE,Federal Contract Tower,0,6,4,0,10,0,27,70,0,97,0,33,74,0,107,62,0,62,169
10/10/2006,CIC,CA,AWP,WE,Federal Contract Tower,0,6,3,0,9,2,41,69,0,112,2,47,72,0,121,34,0,34,155
10/11/2006,CIC,CA,AWP,WE,Federal Contract Tower,0,6,4,0,10,0,27,75,0,102,0,33,79,0,112,38,0,38,150
10/12/2006,CIC,CA,AWP,WE,Federal Contract Tower,0,7,3,0,10,0,22,65,5,92,0,29,68,5,102,52,0,52,154
10/13/2006,CIC,CA,AWP,WE,Federal Contract Tower,0,6,5,0,11,6,20,89,0,115,6,26,94,0,126,52,0,52,178
10/14/2006,CIC,CA,AWP,WE,Federal Contract Tower,0,4,2,0,6,4,23,97,0,124,4,27,99,0,130,92,0,92,222
10/15/2006,CIC,CA,AWP,WE,Federal Contract Tower,0,7,7,0,14,0,0,45,0,45,0,7,52,0,59,54,0,54,113
10/16/2006,CIC,CA,AWP,WE,Federal Contract Tower,0,9,10,0,19,0,27,54,0,81,0,36,64,0,100,50,0,50,150
10/17/2006,CIC,CA,AWP,WE,Federal Contract Tower,0,8,4,1,13,0,22,77,1,100,0,30,81,2,113,60,0,60,173
10/18/2006,CIC,CA,AWP,WE,Federal Contract Tower,1,7,4,2,14,0,21,81,0,102,1,28,85,2,116,56,0,56,172
10/19/2006,CIC,CA,AWP,WE,Federal Contract Tower,0,5,3,8,16,0,19,59,4,82,0,24,62,12,98,76,34,110,208
10/20/2006,CIC,CA,AWP,WE,Federal Contract Tower,0,8,4,2,14,4,18,65,2,89,4,26,69,4,103,38,0,38,141
10/21/2006,CIC,CA,AWP,WE,Federal Contract Tower,0,2,0,0,2,0,3,78,0,81,0,5,78,0,83,24,0,24,107
10/22/2006,CIC,CA,AWP,WE,Federal Contract Tower,0,4,0,0,4,0,12,77,0,89,0,16,77,0,93,14,0,14,107
10/23/2006,CIC,CA,AWP,WE,Federal Contract Tower,0,7,0,1,8,0,25,68,1,94,0,32,68,2,102,62,0,62,164
10/24/2006,CIC,CA,AWP,WE,Federal Contract Tower,0,7,2,3,12,8,30,67,3,108,8,37,69,6,120,40,24,64,184
10/25/2006,CIC,CA,AWP,WE,Federal Contract Tower,0,6,2,0,8,13,33,48,0,94,13,39,50,0,102,14,0,14,116
10/26/2006,CIC,CA,AWP,WE,Federal Contract Tower,0,10,4,4,18,0,22,58,0,80,0,32,62,4,98,34,16,50,148
10/27/2006,CIC,CA,AWP,WE,Federal Contract Tower,0,6,1,1,8,0,35,74,3,112,0,41,75,4,120,32,4,36,156
10/28/2006,CIC,CA,AWP,WE,Federal Contract Tower,0,2,3,0,5,0,6,75,0,81,0,8,78,0,86,10,0,10,96
10/29/2006,CIC,CA,AWP,WE,Federal Contract Tower,0,6,3,0,9,0,8,71,0,79,0,14,74,0,88,20,0,20,108
10/30/2006,CIC,CA,AWP,WE,Federal Contract Tower,2,6,5,2,15,0,17,59,2,78,2,23,64,4,93,70,6,76,169
10/31/2006,CIC,CA,AWP,WE,Federal Contract Tower,0,8,3,0,11,0,24,38,0,62,0,32,41,0,73,50,0,50,123
11/01/2006,CIC,CA,AWP,WE,Federal Contract Tower,2,15,2,2,21,3,11,33,0,47,5,26,35,2,68,30,18,48,116
11/02/2006,CIC,CA,AWP,WE,Federal Contract Tower,0,16,24,0,40,0,2,3,0,5,0,18,27,0,45,2,0,2,47
11/03/2006,CIC,CA,AWP,WE,Federal Contract Tower,0,23,17,0,40,6,8,28,3,45,6,31,45,3,85,30,0,30,115
11/04/2006,CIC,CA,AWP,WE,Federal Contract Tower,0,3,4,0,7,0,14,47,0,61,0,17,51,0,68,30,0,30,98
11/05/2006,CIC,CA,AWP,WE,Federal Contract Tower,0,8,5,0,13,0,9,68,0,77,0,17,73,0,90,10,0,10,100
11/06/2006,CIC,CA,AWP,WE,Federal Contract Tower,0,9,0,0,9,1,21,55,0,77,1,30,55,0,86,50,0,50,136
11/07/2006,CIC,CA,AWP,WE,Federal Contract Tower,0,9,2,0,11,0,29,51,0,80,0,38,53,0,91,48,0,48,139
11/08/2006,CIC,CA,AWP,WE,Federal Contract Tower,0,14,13,0,27,0,19,19,6,44,0,33,32,6,71,20,22,42,113
11/09/2006,CIC,CA,AWP,WE,Federal Contract Tower,0,8,2,7,17,9,22,94,5,130,9,30,96,12,147,102,26,128,275
11/10/2006,CIC,CA,AWP,WE,Federal Contract Tower,0,9,5,0,14,1,17,60,0,78,1,26,65,0,92,58,0,58,150
11/11/2006,CIC,CA,AWP,WE,Federal Contract Tower,0,8,17,0,25,0,15,24,0,39,0,23,41,0,64,18,0,18,82
11/12/2006,CIC,CA,AWP,WE,Federal Contract Tower,0,6,2,0,8,1,10,60,0,71,1,16,62,0,79,12,0,12,91
11/13/2006,CIC,CA,AWP,WE,Federal Contract Tower,0,17,20,2,39,0,10,10,2,22,0,27,30,4,61,0,0,0,61
11/14/2006,CIC,CA,AWP,WE,Federal Contract Tower,0,7,14,0,21,0,23,68,0,91,0,30,82,0,112,28,0,28,140
11/15/2006,CIC,CA,AWP,WE,Federal Contract Tower,0,11,7,0,18,0,16,59,0,75,0,27,66,0,93,64,0,64,157
11/16/2006,CIC,CA,AWP,WE,Federal Contract Tower,0,19,5,1,25,0,18,19,0,37,0,37,24,1,62,6,0,6,68
11/17/2006,CIC,CA,AWP,WE,Federal Contract Tower,0,10,8,0,18,0,26,17,0,43,0,36,25,0,61,12,0,12,73
11/18/2006,CIC,CA,AWP,WE,Federal Contract Tower,0,7,5,4,16,2,7,76,6,91,2,14,81,10,107,28,20,48,155
11/19/2006,CIC,CA,AWP,WE,Federal Contract Tower,0,5,7,0,12,0,13,29,0,42,0,18,36,0,54,8,0,8,62
11/20/2006,CIC,CA,AWP,WE,Federal Contract Tower,0,11,10,2,23,0,0,8,3,11,0,11,18,5,34,0,0,0,34
11/21/2006,CIC,CA,AWP,WE,Federal Contract Tower,0,16,16,1,33,0,20,13,1,34,0,36,29,2,67,18,0,18,85
11/22/2006,CIC,CA,AWP,WE,Federal Contract Tower,0,17,7,0,24,0,15,43,0,58,0,32,50,0,82,12,0,12,94
11/23/2006,CIC,CA,AWP,WE,Federal Contract Tower,0,6,1,1,8,0,8,28,0,36,0,14,29,1,44,16,2,18,62
11/24/2006,CIC,CA,AWP,WE,Federal Contract Tower,0,6,5,0,11,0,19,79,0,98,0,25,84,0,109,48,2,50,159
11/25/2006,CIC,CA,AWP,WE,Federal Contract Tower,0,8,0,0,8,0,5,75,0,80,0,13,75,0,88,44,0,44,132
11/26/2006,CIC,CA,AWP,WE,Federal Contract Tower,0,7,1,0,8,1,1,2,0,4,1,8,3,0,12,0,0,0,12
11/27/2006,CIC,CA,AWP,WE,Federal Contract Tower,0,8,2,1,11,0,17,12,1,30,0,25,14,2,41,52,0,52,93
11/28/2006,CIC,CA,AWP,WE,Federal Contract Tower,2,8,2,0,12,0,41,42,2,85,2,49,44,2,97,38,0,38,135
11/29/2006,CIC,CA,AWP,WE,Federal Contract Tower,0,6,7,0,13,0,33,57,0,90,0,39,64,0,103,36,0,36,139
11/30/2006,CIC,CA,AWP,WE,Federal Contract Tower,0,10,3,0,13,0,27,75,1,103,0,37,78,1,116,72,0,72,188
12/01/2006,CIC,CA,AWP,WE,Federal Contract Tower,0,12,0,0,12,0,27,62,2,91,0,39,62,2,103,58,4,62,165
12/02/2006,CIC,CA,AWP,WE,Federal Contract Tower,0,4,4,0,8,0,15,66,0,81,0,19,70,0,89,60,0,60,149
12/03/2006,CIC,CA,AWP,WE,Federal Contract Tower,0,6,2,0,8,0,9,94,12,115,0,15,96,12,123,20,2,22,145
12/04/2006,CIC,CA,AWP,WE,Federal Contract Tower,0,6,1,0,7,0,21,50,0,71,0,27,51,0,78,26,0,26,104
12/05/2006,CIC,CA,AWP,WE,Federal Contract Tower,0,7,4,1,12,0,34,73,1,108,0,41,77,2,120,30,10,40,160
12/06/2006,CIC,CA,AWP,WE,Federal Contract Tower,0,6,3,0,9,0,23,70,0,93,0,29,73,0,102,30,0,30,132
12/07/2006,CIC,CA,AWP,WE,Federal Contract Tower,0,7,4,1,12,0,33,88,0,121,0,40,92,1,133,66,0,66,199
12/08/2006,CIC,CA,AWP,WE,Federal Contract Tower,0,9,4,0,13,1,25,36,0,62,1,34,40,0,75,18,0,18,93
12/09/2006,CIC,CA,AWP,WE,Federal Contract Tower,0,7,12,0,19,0,2,5,0,7,0,9,17,0,26,14,0,14,40
12/10/2006,CIC,CA,AWP,WE,Federal Contract Tower,0,8,3,0,11,0,7,1,0,8,0,15,4,0,19,4,0,4,23
12/11/2006,CIC,CA,AWP,WE,Federal Contract Tower,0,20,7,0,27,0,6,32,0,38,0,26,39,0,65,0,0,0,65
12/12/2006,CIC,CA,AWP,WE,Federal Contract Tower,0,24,19,0,43,0,2,0,0,2,0,26,19,0,45,0,0,0,45
12/13/2006,CIC,CA,AWP,WE,Federal Contract Tower,0,18,8,0,26,0,2,4,0,6,0,20,12,0,32,0,0,0,32
12/14/2006,CIC,CA,AWP,WE,Federal Contract Tower,0,8,13,0,21,0,29,27,0,56,0,37,40,0,77,30,0,30,107
12/15/2006,CIC,CA,AWP,WE,Federal Contract Tower,0,5,1,0,6,0,23,37,0,60,0,28,38,0,66,20,0,20,86
12/16/2006,CIC,CA,AWP,WE,Federal Contract Tower,0,4,0,0,4,0,3,24,0,27,0,7,24,0,31,30,0,30,61
12/17/2006,CIC,CA,AWP,WE,Federal Contract Tower,0,6,4,0,10,0,19,42,0,61,0,25,46,0,71,28,0,28,99
12/18/2006,CIC,CA,AWP,WE,Federal Contract Tower,0,6,4,1,11,0,28,56,1,85,0,34,60,2,96,8,24,32,128
12/19/2006,CIC,CA,AWP,WE,Federal Contract Tower,0,6,1,5,12,0,29,73,1,103,0,35,74,6,115,32,38,70,185
12/20/2006,CIC,CA,AWP,WE,Federal Contract Tower,0,8,3,0,11,0,34,56,0,90,0,42,59,0,101,18,0,18,119
12/21/2006,CIC,CA,AWP,WE,Federal Contract Tower,1,13,5,2,21,0,15,19,2,36,1,28,24,4,57,4,0,4,61
12/22/2006,CIC,CA,AWP,WE,Federal Contract Tower,0,5,2,0,7,0,28,53,0,81,0,33,55,0,88,54,0,54,142
12/23/2006,CIC,CA,AWP,WE,Federal Contract Tower,0,4,12,0,16,0,11,32,0,43,0,15,44,0,59,10,0,10,69
12/24/2006,CIC,CA,AWP,WE,Federal Contract Tower,0,6,4,0,10,0,8,8,0,16,0,14,12,0,26,4,0,4,30
12/25/2006,CIC,CA,AWP,WE,Federal Contract Tower,0,7,6,0,13,0,10,1,0,11,0,17,7,0,24,0,0,0,24
12/26/2006,CIC,CA,AWP,WE,Federal Contract Tower,0,13,7,0,20,0,5,2,0,7,0,18,9,0,27,0,0,0,27
12/27/2006,CIC,CA,AWP,WE,Federal Contract Tower,0,9,2,0,11,0,33,12,0,45,0,42,14,0,56,0,0,0,56
12/28/2006,CIC,CA,AWP,WE,Federal Contract Tower,0,5,1,0,6,0,16,36,0,52,0,21,37,0,58,2,0,2,60
12/29/2006,CIC,CA,AWP,WE,Federal Contract Tower,0,3,1,2,6,0,34,60,2,96,0,37,61,4,102,54,0,54,156
12/30/2006,CIC,CA,AWP,WE,Federal Contract Tower,0,3,1,0,4,0,4,89,0,93,0,7,90,0,97,40,0,40,137
12/31/2006,CIC,CA,AWP,WE,Federal Contract Tower,0,8,2,0,10,0,12,35,0,47,0,20,37,0,57,8,0,8,65
01/01/2007,CIC,CA,AWP,WE,Federal Contract Tower,0,3,1,0,4,0,4,47,0,51,0,7,48,0,55,22,0,22,77
01/02/2007,CIC,CA,AWP,WE,Federal Contract Tower,0,8,7,0,15,0,24,33,0,57,0,32,40,0,72,26,0,26,98
01/03/2007,CIC,CA,AWP,WE,Federal Contract Tower,0,18,5,0,23,0,7,31,2,40,0,25,36,2,63,26,0,26,89
01/04/2007,CIC,CA,AWP,WE,Federal Contract Tower,0,3,3,0,6,0,31,23,0,54,0,34,26,0,60,14,0,14,74
01/05/2007,CIC,CA,AWP,WE,Federal Contract Tower,0,5,3,0,8,0,27,49,0,76,0,32,52,0,84,24,0,24,108
01/06/2007,CIC,CA,AWP,WE,Federal Contract Tower,0,2,3,0,5,0,15,73,2,90,0,17,76,2,95,4,0,4,99
01/07/2007,CIC,CA,AWP,WE,Federal Contract Tower,0,6,0,0,6,0,11,70,0,81,0,17,70,0,87,22,0,22,109
01/08/2007,CIC,CA,AWP,WE,Federal Contract Tower,0,7,2,0,9,0,23,43,0,66,0,30,45,0,75,22,0,22,97
01/09/2007,CIC,CA,AWP,WE,Federal Contract Tower,0,10,9,1,20,0,22,70,3,95,0,32,79,4,115,8,0,8,123
01/10/2007,CIC,CA,AWP,WE,Federal Contract Tower,0,8,5,0,13,0,29,58,0,87,0,37,63,0,100,54,0,54,154
01/11/2007,CIC,CA,AWP,WE,Federal Contract Tower,0,4,1,4,9,3,20,35,2,60,3,24,36,6,69,56,20,76,145
01/12/2007,CIC,CA,AWP,WE,Federal Contract Tower,0,4,1,0,5,13,29,61,0,103,13,33,62,0,108,22,0,22,130
01/13/2007,CIC,CA,AWP,WE,Federal Contract Tower,0,3,2,1,6,52,19,66,1,138,52,22,68,2,144,74,4,78,222
01/14/2007,CIC,CA,AWP,WE,Federal Contract Tower,0,4,0,0,4,32,11,58,0,101,32,15,58,0,105,74,0,74,179
01/15/2007,CIC,CA,AWP,WE,Federal Contract Tower,0,6,4,0,10,29,17,68,0,114,29,23,72,0,124,34,0,34,158
01/16/2007,CIC,CA,AWP,WE,Federal Contract Tower,0,7,5,0,12,37,19,54,0,110,37,26,59,0,122,8,0,8,130
01/17/2007,CIC,CA,AWP,WE,Federal Contract Tower,0,11,4,0,15,14,20,41,0,75,14,31,45,0,90,30,0,30,120
01/18/2007,CIC,CA,AWP,WE,Federal Contract Tower,0,3,3,1,7,0,20,68,4,92,0,23,71,5,99,18,12,30,129
01/19/2007,CIC,CA,AWP,WE,Federal Contract Tower,0,4,2,0,6,1,29,78,0,108,1,33,80,0,114,22,0,22,136
01/20/2007,CIC,CA,AWP,WE,Federal Contract Tower,0,3,1,0,4,0,9,47,0,56,0,12,48,0,60,34,0,34,94
01/21/2007,CIC,CA,AWP,WE,Federal Contract Tower,0,4,4,0,8,0,7,39,0,46,0,11,43,0,54,22,0,22,76
01/22/2007,CIC,CA,AWP,WE,Federal Contract Tower,0,5,5,0,10,0,24,63,0,87,0,29,68,0,97,32,0,32,129
01/23/2007,CIC,CA,AWP,WE,Federal Contract Tower,0,8,4,2,14,0,22,69,4,95,0,30,73,6,109,48,10,58,167
01/24/2007,CIC,CA,AWP,WE,Federal Contract Tower,0,5,1,0,6,0,18,62,0,80,0,23,63,0,86,36,0,36,122
01/25/2007,CIC,CA,AWP,WE,Federal Contract Tower,0,4,2,0,6,0,28,65,0,93,0,32,67,0,99,74,0,74,173
01/26/2007,CIC,CA,AWP,WE,Federal Contract Tower,0,3,2,2,7,14,26,46,5,91,14,29,48,7,98,56,4,60,158
01/27/2007,CIC,CA,AWP,WE,Federal Contract Tower,0,3,7,0,10,18,12,51,0,81,18,15,58,0,91,44,0,44,135
01/28/2007,CIC,CA,AWP,WE,Federal Contract Tower,0,4,9,0,13,0,5,71,0,76,0,9,80,0,89,18,2,20,109
01/29/2007,CIC,CA,AWP,WE,Federal Contract Tower,0,8,2,0,10,0,19,46,0,65,0,27,48,0,75,32,0,32,107
01/30/2007,CIC,CA,AWP,WE,Federal Contract Tower,0,7,0,0,7,0,19,60,0,79,0,26,60,0,86,12,0,12,98
01/31/2007,CIC,CA,AWP,WE,Federal Contract Tower,0,8,2,0,10,24,22,65,0,111,24,30,67,0,121,56,0,56,177
02/01/2007,CIC,CA,AWP,WE,Federal Contract Tower,0,8,6,1,15,17,35,41,1,94,17,43,47,2,109,56,0,56,165
02/02/2007,CIC,CA,AWP,WE,Federal Contract Tower,0,9,2,2,13,0,19,45,3,67,0,28,47,5,80,36,18,54,134
02/03/2007,CIC,CA,AWP,WE,Federal Contract Tower,0,4,1,0,5,0,15,85,0,100,0,19,86,0,105,38,0,38,143
02/04/2007,CIC,CA,AWP,WE,Federal Contract Tower,0,4,2,0,6,0,10,78,0,88,0,14,80,0,94,28,0,28,122
02/05/2007,CIC,CA,AWP,WE,Federal Contract Tower,0,6,2,0,8,0,23,40,0,63,0,29,42,0,71,12,0,12,83
02/06/2007,CIC,CA,AWP,WE,Federal Contract Tower,0,9,7,2,18,0,21,69,4,94,0,30,76,6,112,64,0,64,176
02/07/2007,CIC,CA,AWP,WE,Federal Contract Tower,0,13,10,0,23,0,7,17,0,24,0,20,27,0,47,6,0,6,53
02/08/2007,CIC,CA,AWP,WE,Federal Contract Tower,0,8,10,4,22,0,20,16,4,40,0,28,26,8,62,6,2,8,70
02/09/2007,CIC,CA,AWP,WE,Federal Contract Tower,0,7,8,0,15,0,9,13,0,22,0,16,21,0,37,2,0,2,39
02/10/2007,CIC,CA,AWP,WE,Federal Contract Tower,0,5,3,0,8,0,0,2,0,2,0,5,5,0,10,0,0,0,10
02/11/2007,CIC,CA,AWP,WE,Federal Contract Tower,0,4,3,0,7,0,7,53,0,60,0,11,56,0,67,18,0,18,85
02/12/2007,CIC,CA,AWP,WE,Federal Contract Tower,0,7,3,4,14,0,14,33,6,53,0,21,36,10,67,44,0,44,111
02/13/2007,CIC,CA,AWP,WE,Federal Contract Tower,0,10,7,0,17,0,23,68,2,93,0,33,75,2,110,30,0,30,140
02/14/2007,CIC,CA,AWP,WE,Federal Contract Tower,0,9,5,0,14,4,28,75,4,111,4,37,80,4,125,30,32,62,187
02/15/2007,CIC,CA,AWP,WE,Federal Contract Tower,0,4,4,0,8,0,30,53,0,83,0,34,57,0,91,50,0,50,141
02/16/2007,CIC,CA,AWP,WE,Federal Contract Tower,0,7,1,0,8,0,18,82,4,104,0,25,83,4,112,28,0,28,140
02/17/2007,CIC,CA,AWP,WE,Federal Contract Tower,0,4,4,0,8,0,5,98,0,103,0,9,102,0,111,68,0,68,179
02/18/2007,CIC,CA,AWP,WE,Federal Contract Tower,0,6,6,0,12,0,24,50,0,74,0,30,56,0,86,38,0,38,124
02/19/2007,CIC,CA,AWP,WE,Federal Contract Tower,0,6,4,0,10,0,21,80,0,101,0,27,84,0,111,12,0,12,123
02/20/2007,CIC,CA,AWP,WE,Federal Contract Tower,0,8,9,0,17,0,18,25,2,45,0,26,34,2,62,10,10,20,82
02/21/2007,CIC,CA,AWP,WE,Federal Contract Tower,0,10,6,0,16,0,25,25,0,50,0,35,31,0,66,0,0,0,66
02/22/2007,CIC,CA,AWP,WE,Federal Contract Tower,0,6,3,1,10,16,18,28,1,63,16,24,31,2,73,36,0,36,109
02/23/2007,CIC,CA,AWP,WE,Federal Contract Tower,0,3,2,3,8,34,41,62,0,137,34,44,64,3,145,66,24,90,235
02/24/2007,CIC,CA,AWP,WE,Federal Contract Tower,0,4,3,0,7,14,2,22,0,38,14,6,25,0,45,32,0,32,77
02/25/2007,CIC,CA,AWP,WE,Federal Contract Tower,0,7,3,0,10,12,15,10,0,37,12,22,13,0,47,34,0,34,81
02/26/2007,CIC,CA,AWP,WE,Federal Contract Tower,0,7,16,0,23,5,11,12,0,28,5,18,28,0,51,24,0,24,75
02/27/2007,CIC,CA,AWP,WE,Federal Contract Tower,0,16,7,0,23,0,13,14,0,27,0,29,21,0,50,18,0,18,68
02/28/2007,CIC,CA,AWP,WE,Federal Contract Tower,0,12,4,0,16,0,20,35,5,60,0,32,39,5,76,0,8,8,84
03/01/2007,CIC,CA,AWP,WE,Federal Contract Tower,0,6,1,1,8,0,24,41,4,69,0,30,42,5,77,20,18,38,115
03/02/2007,CIC,CA,AWP,WE,Federal Contract Tower,0,4,1,1,6,1,24,71,1,97,1,28,72,2,103,34,8,42,145
03/03/2007,CIC,CA,AWP,WE,Federal Contract Tower,0,4,7,2,13,0,12,107,5,124,0,16,114,7,137,78,22,100,237
03/04/2007,CIC,CA,AWP,WE,Federal Contract Tower,0,9,5,2,16,0,6,94,16,116,0,15,99,18,132,46,14,60,192
03/05/2007,CIC,CA,AWP,WE,Federal Contract Tower,0,9,4,0,13,0,22,50,0,72,0,31,54,0,85,28,0,28,113
03/06/2007,CIC,CA,AWP,WE,Federal Contract Tower,1,11,8,0,20,0,16,87,0,103,1,27,95,0,123,40,0,40,163
03/07/2007,CIC,CA,AWP,WE,Federal Contract Tower,0,6,2,1,9,0,23,37,3,63,0,29,39,4,72,6,6,12,84
03/08/2007,CIC,CA,AWP,WE,Federal Contract Tower,0,7,2,0,9,0,28,67,0,95,0,35,69,0,104,30,0,30,134
03/09/2007,CIC,CA,AWP,WE,Federal Contract Tower,0,5,1,0,6,0,28,48,0,76,0,33,49,0,82,22,0,22,104
03/10/2007,CIC,CA,AWP,WE,Federal Contract Tower,0,6,2,0,8,0,14,89,0,103,0,20,91,0,111,42,0,42,153
03/11/2007,CIC,CA,AWP,WE,Federal Contract Tower,0,6,1,0,7,0,22,98,0,120,0,28,99,0,127,110,0,110,237
03/12/2007,CIC,CA,AWP,WE,Federal Contract Tower,0,6,1,0,7,2,24,55,4,85,2,30,56,4,92,0,12,12,104
03/13/2007,CIC,CA,AWP,WE,Federal Contract Tower,0,6,1,0,7,0,21,97,0,118,0,27,98,0,125,32,0,32,157
03/14/2007,CIC,CA,AWP,WE,Federal Contract Tower,0,6,2,0,8,0,25,62,0,87,0,31,64,0,95,34,0,34,129
03/15/2007,CIC,CA,AWP,WE,Federal Contract Tower,0,5,2,0,7,1,26,82,0,109,1,31,84,0,116,74,2,76,192
03/16/2007,CIC,CA,AWP,WE,Federal Contract Tower,0,4,3,0,7,0,34,88,0,122,0,38,91,0,129,90,0,90,219
03/17/2007,CIC,CA,AWP,WE,Federal Contract Tower,0,5,4,0,9,0,9,87,0,96,0,14,91,0,105,68,0,68,173
03/18/2007,CIC,CA,AWP,WE,Federal Contract Tower,0,6,3,0,9,0,5,100,0,105,0,11,103,0,114,70,0,70,184
03/19/2007,CIC,CA,AWP,WE,Federal Contract Tower,0,6,3,0,9,0,22,40,2,64,0,28,43,2,73,10,36,46,119
03/20/2007,CIC,CA,AWP,WE,Federal Contract Tower,0,8,9,0,17,0,15,31,0,46,0,23,40,0,63,0,0,0,63
03/21/2007,CIC,CA,AWP,WE,Federal Contract Tower,0,7,2,0,9,2,15,35,0,52,2,22,37,0,61,6,0,6,67
03/22/2007,CIC,CA,AWP,WE,Federal Contract Tower,0,4,2,0,6,0,36,67,0,103,0,40,69,0,109,26,0,26,135
03/23/2007,CIC,CA,AWP,WE,Federal Contract Tower,0,3,2,0,5,0,31,77,0,108,0,34,79,0,113,62,0,62,175
03/24/2007,CIC,CA,AWP,WE,Federal Contract Tower,0,4,3,0,7,0,11,82,0,93,0,15,85,0,100,64,0,64,164
03/25/2007,CIC,CA,AWP,WE,Federal Contract Tower,0,8,9,0,17,0,0,32,0,32,0,8,41,0,49,6,0,6,55
03/26/2007,CIC,CA,AWP,WE,Federal Contract Tower,0,4,6,0,10,0,38,24,0,62,0,42,30,0,72,6,0,6,78
03/27/2007,CIC,CA,AWP,WE,Federal Contract Tower,0,5,4,0,9,0,20,35,0,55,0,25,39,0,64,28,0,28,92
03/28/2007,CIC,CA,AWP,WE,Federal Contract Tower,0,4,2,0,6,0,16,46,2,64,0,20,48,2,70,4,8,12,82
03/29/2007,CIC,CA,AWP,WE,Federal Contract Tower,0,6,3,0,9,0,19,74,0,93,0,25,77,0,102,28,0,28,130
03/30/2007,CIC,CA,AWP,WE,Federal Contract Tower,0,5,2,0,7,28,35,74,0,137,28,40,76,0,144,28,0,28,172
03/31/2007,CIC,CA,AWP,WE,Federal Contract Tower,0,4,2,0,6,0,13,79,2,94,0,17,81,2,100,14,0,14,114
04/01/2007,CIC,CA,AWP,WE,Federal Contract Tower,0,6,3,0,9,0,20,80,0,100,0,26,83,0,109,54,0,54,163
04/02/2007,CIC,CA,AWP,WE,Federal Contract Tower,0,6,0,0,6,0,19,67,0,86,0,25,67,0,92,24,0,24,116
04/03/2007,CIC,CA,AWP,WE,Federal Contract Tower,0,3,2,0,5,0,30,61,0,91,0,33,63,0,96,14,0,14,110
04/04/2007,CIC,CA,AWP,WE,Federal Contract Tower,0,6,3,3,12,0,22,55,3,80,0,28,58,6,92,0,22,22,114
04/05/2007,CIC,CA,AWP,WE,Federal Contract Tower,0,3,1,0,4,0,29,58,2,89,0,32,59,2,93,30,0,30,123
04/06/2007,CIC,CA,AWP,WE,Federal Contract Tower,0,3,2,0,5,0,19,75,0,94,0,22,77,0,99,18,0,18,117
04/07/2007,CIC,CA,AWP,WE,Federal Contract Tower,0,6,7,0,13,0,9,41,0,50,0,15,48,0,63,24,0,24,87
04/08/2007,CIC,CA,AWP,WE,Federal Contract Tower,0,6,0,0,6,0,10,49,0,59,0,16,49,0,65,18,0,18,83
04/09/2007,CIC,CA,AWP,WE,Federal Contract Tower,0,7,2,2,11,0,23,63,2,88,0,30,65,4,99,10,0,10,109
04/10/2007,CIC,CA,AWP,WE,Federal Contract Tower,0,9,1,0,10,0,33,51,0,84,0,42,52,0,94,2,0,2,96
04/11/2007,CIC,CA,AWP,WE,Federal Contract Tower,0,18,4,3,25,0,12,22,3,37,0,30,26,6,62,2,0,2,64
04/12/2007,CIC,CA,AWP,WE,Federal Contract Tower,0,3,2,2,7,0,20,55,0,75,0,23,57,2,82,44,4,48,130
04/13/2007,CIC,CA,AWP,WE,Federal Contract Tower,0,3,3,0,6,0,29,86,0,115,0,32,89,0,121,30,0,30,151
04/14/2007,CIC,CA,AWP,WE,Federal Contract Tower,0,6,10,0,16,0,17,10,0,27,0,23,20,0,43,14,0,14,57
04/15/2007,CIC,CA,AWP,WE,Federal Contract Tower,0,10,0,0,10,0,12,48,0,60,0,22,48,0,70,20,0,20,90
04/16/2007,CIC,CA,AWP,WE,Federal Contract Tower,0,8,4,0,12,4,24,72,2,102,4,32,76,2,114,16,0,16,130
04/17/2007,CIC,CA,AWP,WE,Federal Contract Tower,0,9,1,2,12,2,19,33,2,56,2,28,34,4,68,52,0,52,120
04/18/2007,CIC,CA,AWP,WE,Federal Contract Tower,0,6,7,0,13,0,19,58,0,77,0,25,65,0,90,70,0,70,160
04/19/2007,CIC,CA,AWP,WE,Federal Contract Tower,0,7,6,4,17,0,27,45,1,73,0,34,51,5,90,94,16,110,200
04/20/2007,CIC,CA,AWP,WE,Federal Contract Tower,0,3,2,0,5,0,20,61,3,84,0,23,63,3,89,98,0,98,187
04/21/2007,CIC,CA,AWP,WE,Federal Contract Tower,0,4,2,0,6,11,3,28,0,42,11,7,30,0,48,38,0,38,86
04/22/2007,CIC,CA,AWP,WE,Federal Contract Tower,0,8,6,0,14,24,11,19,0,54,24,19,25,0,68,50,0,50,118
04/23/2007,CIC,CA,AWP,WE,Federal Contract Tower,0,12,1,0,13,6,42,58,0,106,6,54,59,0,119,80,0,80,199
04/24/2007,CIC,CA,AWP,WE,Federal Contract Tower,0,5,6,0,11,46,30,96,0,172,46,35,102,0,183,96,0,96,279
04/25/2007,CIC,CA,AWP,WE,Federal Contract Tower,0,4,3,0,7,18,34,82,0,134,18,38,85,0,141,10,0,10,151
04/26/2007,CIC,CA,AWP,WE,Federal Contract Tower,0,3,3,0,6,8,34,71,2,115,8,37,74,2,121,38,12,50,171
04/27/2007,CIC,CA,AWP,WE,Federal Contract Tower,0,3,2,1,6,1,39,92,1,133,1,42,94,2,139,74,2,76,215
04/28/2007,CIC,CA,AWP,WE,Federal Contract Tower,0,5,2,0,7,1,8,107,4,120,1,13,109,4,127,110,0,110,237
04/29/2007,CIC,CA,AWP,WE,Federal Contract Tower,0,6,3,0,9,0,18,118,0,136,0,24,121,0,145,118,0,118,263
04/30/2007,CIC,CA,AWP,WE,Federal Contract Tower,0,4,1,0,5,0,22,88,0,110,0,26,89,0,115,72,0,72,187
05/01/2007,CIC,CA,AWP,WE,Federal Contract Tower,0,8,7,2,17,0,15,78,2,95,0,23,85,4,112,62,0,62,174
05/02/2007,CIC,CA,AWP,WE,Federal Contract Tower,0,5,5,1,11,7,36,47,2,92,7,41,52,3,103,108,10,118,221
05/03/2007,CIC,CA,AWP,WE,Federal Contract Tower,0,3,2,0,5,1,18,62,0,81,1,21,64,0,86,100,0,100,186
05/04/2007,CIC,CA,AWP,WE,Federal Contract Tower,0,6,2,1,9,0,17,48,3,68,0,23,50,4,77,102,0,102,179
05/05/2007,CIC,CA,AWP,WE,Federal Contract Tower,0,7,0,0,7,0,14,66,0,80,0,21,66,0,87,24,0,24,111
05/06/2007,CIC,CA,AWP,WE,Federal Contract Tower,0,8,4,0,12,0,11,59,0,70,0,19,63,0,82,32,0,32,114
05/07/2007,CIC,CA,AWP,WE,Federal Contract Tower,0,6,1,2,9,0,20,76,2,98,0,26,77,4,107,36,0,36,143
05/08/2007,CIC,CA,AWP,WE,Federal Contract Tower,0,5,3,0,8,0,17,91,0,108,0,22,94,0,116,68,0,68,184
05/09/2007,CIC,CA,AWP,WE,Federal Contract Tower,0,8,3,0,11,20,24,84,0,128,20,32,87,0,139,90,0,90,229
05/10/2007,CIC,CA,AWP,WE,Federal Contract Tower,0,3,4,2,9,1,32,66,2,101,1,35,70,4,110,76,0,76,186
05/11/2007,CIC,CA,AWP,WE,Federal Contract Tower,0,2,4,2,8,0,20,99,12,131,0,22,103,14,139,64,0,64,203
05/12/2007,CIC,CA,AWP,WE,Federal Contract Tower,0,6,1,0,7,0,7,82,0,89,0,13,83,0,96,32,0,32,128
05/13/2007,CIC,CA,AWP,WE,Federal Contract Tower,0,6,3,0,9,0,10,72,0,82,0,16,75,0,91,36,0,36,127
05/14/2007,CIC,CA,AWP,WE,Federal Contract Tower,0,6,0,0,6,0,28,70,2,100,0,34,70,2,106,52,20,72,178
05/15/2007,CIC,CA,AWP,WE,Federal Contract Tower,0,5,2,4,11,0,22,73,4,99,0,27,75,8,110,82,0,82,192
05/16/2007,CIC,CA,AWP,WE,Federal Contract Tower,0,9,2,0,11,0,18,65,0,83,0,27,67,0,94,56,0,56,150
05/17/2007,CIC,CA,AWP,WE,Federal Contract Tower,0,5,1,2,8,0,29,81,2,112,0,34,82,4,120,28,12,40,160
05/18/2007,CIC,CA,AWP,WE,Federal Contract Tower,0,5,1,0,6,1,26,95,0,122,1,31,96,0,128,100,0,100,228
05/19/2007,CIC,CA,AWP,WE,Federal Contract Tower,0,7,2,0,9,1,14,102,0,117,1,21,104,0,126,70,0,70,196
05/20/2007,CIC,CA,AWP,WE,Federal Contract Tower,0,10,6,0,16,0,8,112,0,120,0,18,118,0,136,68,0,68,204
05/21/2007,CIC,CA,AWP,WE,Federal Contract Tower,0,6,1,0,7,1,21,54,6,82,1,27,55,6,89,30,0,30,119
05/22/2007,CIC,CA,AWP,WE,Federal Contract Tower,0,8,2,3,13,12,50,49,5,116,12,58,51,8,129,28,8,36,165
05/23/2007,CIC,CA,AWP,WE,Federal Contract Tower,0,11,2,0,13,1,42,56,0,99,1,53,58,0,112,70,0,70,182
05/24/2007,CIC,CA,AWP,WE,Federal Contract Tower,0,3,4,1,8,1,55,104,1,161,1,58,108,2,169,76,34,110,279
05/25/2007,CIC,CA,AWP,WE,Federal Contract Tower,0,5,1,0,6,3,28,96,0,127,3,33,97,0,133,56,0,56,189
05/26/2007,CIC,CA,AWP,WE,Federal Contract Tower,0,6,4,0,10,0,11,84,0,95,0,17,88,0,105,62,0,62,167
05/27/2007,CIC,CA,AWP,WE,Federal Contract Tower,0,3,0,0,3,0,14,71,0,85,0,17,71,0,88,60,0,60,148
05/28/2007,CIC,CA,AWP,WE,Federal Contract Tower,0,6,0,0,6,0,10,69,0,79,0,16,69,0,85,20,0,20,105
05/29/2007,CIC,CA,AWP,WE,Federal Contract Tower,0,6,4,0,10,0,35,55,2,92,0,41,59,2,102,12,0,12,114
05/30/2007,CIC,CA,AWP,WE,Federal Contract Tower,0,9,1,0,10,0,35,55,1,91,0,44,56,1,101,26,0,26,127
05/31/2007,CIC,CA,AWP,WE,Federal Contract Tower,0,4,1,2,7,0,36,72,1,109,0,40,73,3,116,36,4,40,156
06/01/2007,CIC,CA,AWP,WE,Federal Contract Tower,0,3,0,0,3,1,48,64,0,113,1,51,64,0,116,46,0,46,162
06/02/2007,CIC,CA,AWP,WE,Federal Contract Tower,0,4,2,0,6,0,21,100,0,121,0,25,102,0,127,98,0,98,225
06/03/2007,CIC,CA,AWP,WE,Federal Contract Tower,0,6,0,0,6,0,13,83,0,96,0,19,83,0,102,28,0,28,130
06/04/2007,CIC,CA,AWP,WE,Federal Contract Tower,0,8,8,0,16,0,34,59,2,95,0,42,67,2,111,28,10,38,149
06/05/2007,CIC,CA,AWP,WE,Federal Contract Tower,0,8,6,0,14,2,17,31,0,50,2,25,37,0,64,8,0,8,72
06/06/2007,CIC,CA,AWP,WE,Federal Contract Tower,0,7,4,0,11,0,30,55,4,89,0,37,59,4,100,2,0,2,102
06/07/2007,CIC,CA,AWP,WE,Federal Contract Tower,0,4,1,0,5,0,23,73,0,96,0,27,74,0,101,58,0,58,159
06/08/2007,CIC,CA,AWP,WE,Federal Contract Tower,0,3,2,1,6,0,42,95,1,138,0,45,97,2,144,30,2,32,176
06/09/2007,CIC,CA,AWP,WE,Federal Contract Tower,0,5,0,0,5,0,16,83,2,101,0,21,83,2,106,40,0,40,146
06/10/2007,CIC,CA,AWP,WE,Federal Contract Tower,0,6,0,0,6,1,27,54,0,82,1,33,54,0,88,26,0,26,114
06/11/2007,CIC,CA,AWP,WE,Federal Contract Tower,0,9,4,0,13,1,28,71,0,100,1,37,75,0,113,70,0,70,183
06/12/2007,CIC,CA,AWP,WE,Federal Contract Tower,0,7,1,0,8,0,26,57,6,89,0,33,58,6,97,18,0,18,115
06/13/2007,CIC,CA,AWP,WE,Federal Contract Tower,0,5,2,1,8,1,24,54,1,80,1,29,56,2,88,20,0,20,108
06/14/2007,CIC,CA,AWP,WE,Federal Contract Tower,0,3,1,3,7,0,50,82,3,135,0,53,83,6,142,44,12,56,198
06/15/2007,CIC,CA,AWP,WE,Federal Contract Tower,0,3,2,0,5,0,23,81,0,104,0,26,83,0,109,8,0,8,117
06/16/2007,CIC,CA,AWP,WE,Federal Contract Tower,0,4,1,0,5,2,25,86,0,113,2,29,87,0,118,44,0,44,162
06/17/2007,CIC,CA,AWP,WE,Federal Contract Tower,0,4,6,0,10,1,2,76,0,79,1,6,82,0,89,50,0,50,139
06/18/2007,CIC,CA,AWP,WE,Federal Contract Tower,0,8,6,0,14,0,37,74,0,111,0,45,80,0,125,34,0,34,159
06/19/2007,CIC,CA,AWP,WE,Federal Contract Tower,0,6,3,0,9,1,41,83,0,125,1,47,86,0,134,38,0,38,172
06/20/2007,CIC,CA,AWP,WE,Federal Contract Tower,0,5,4,0,9,0,39,62,0,101,0,44,66,0,110,26,0,26,136
06/21/2007,CIC,CA,AWP,WE,Federal Contract Tower,0,5,1,0,6,0,49,104,7,160,0,54,105,7,166,30,0,30,196
06/22/2007,CIC,CA,AWP,WE,Federal Contract Tower,0,5,1,0,6,2,26,98,0,126,2,31,99,0,132,86,0,86,218
06/23/2007,CIC,CA,AWP,WE,Federal Contract Tower,0,5,0,0,5,0,26,77,0,103,0,31,77,0,108,64,0,64,172
06/24/2007,CIC,CA,AWP,WE,Federal Contract Tower,0,5,0,0,5,1,42,52,0,95,1,47,52,0,100,18,0,18,118
06/25/2007,CIC,CA,AWP,WE,Federal Contract Tower,0,6,0,1,7,0,25,64,3,92,0,31,64,4,99,62,40,102,201
06/26/2007,CIC,CA,AWP,WE,Federal Contract Tower,0,8,4,1,13,1,35,73,2,111,1,43,77,3,124,4,38,42,166
06/27/2007,CIC,CA,AWP,WE,Federal Contract Tower,0,7,3,0,10,1,52,60,0,113,1,59,63,0,123,40,0,40,163
06/28/2007,CIC,CA,AWP,WE,Federal Contract Tower,0,4,1,0,5,0,28,105,0,133,0,32,106,0,138,60,0,60,198
06/29/2007,CIC,CA,AWP,WE,Federal Contract Tower,0,5,2,0,7,0,26,88,0,114,0,31,90,0,121,42,0,42,163
06/30/2007,CIC,CA,AWP,WE,Federal Contract Tower,0,4,3,0,7,0,17,97,0,114,0,21,100,0,121,28,0,28,149
07/01/2007,CIC,CA,AWP,WE,Federal Contract Tower,0,4,1,0,5,1,19,69,0,89,1,23,70,0,94,30,0,30,124
07/02/2007,CIC,CA,AWP,WE,Federal Contract Tower,0,5,0,0,5,1,32,42,0,75,1,37,42,0,80,28,0,28,108
07/03/2007,CIC,CA,AWP,WE,Federal Contract Tower,0,5,5,0,10,0,17,60,5,82,0,22,65,5,92,24,0,24,116
07/04/2007,CIC,CA,AWP,WE,Federal Contract Tower,0,4,3,0,7,1,28,60,0,89,1,32,63,0,96,0,0,0,96
07/05/2007,CIC,CA,AWP,WE,Federal Contract Tower,0,4,1,1,6,0,42,65,4,111,0,46,66,5,117,36,0,36,153
07/06/2007,CIC,CA,AWP,WE,Federal Contract Tower,0,5,1,0,6,1,62,59,0,122,1,67,60,0,128,40,0,40,168
07/07/2007,CIC,CA,AWP,WE,Federal Contract Tower,0,6,0,0,6,3,29,76,1,109,3,35,76,1,115,40,0,40,155
07/08/2007,CIC,CA,AWP,WE,Federal Contract Tower,0,5,7,0,12,4,25,60,1,90,4,30,67,1,102,18,0,18,120
07/09/2007,CIC,CA,AWP,WE,Federal Contract Tower,0,7,2,0,9,3,24,50,2,79,3,31,52,2,88,14,10,24,112
07/10/2007,CIC,CA,AWP,WE,Federal Contract Tower,0,14,4,2,20,1,31,59,2,93,1,45,63,4,113,32,0,32,145
07/11/2007,CIC,CA,AWP,WE,Federal Contract Tower,0,7,2,0,9,0,17,61,0,78,0,24,63,0,87,30,0,30,117
07/12/2007,CIC,CA,AWP,WE,Federal Contract Tower,0,3,2,0,5,0,36,68,0,104,0,39,70,0,109,26,0,26,135
07/13/2007,CIC,CA,AWP,WE,Federal Contract Tower,0,3,2,0,5,1,28,63,0,92,1,31,65,0,97,32,0,32,129
07/14/2007,CIC,CA,AWP,WE,Federal Contract Tower,0,10,2,0,12,0,12,90,0,102,0,22,92,0,114,34,0,34,148
07/15/2007,CIC,CA,AWP,WE,Federal Contract Tower,0,4,9,0,13,0,23,78,0,101,0,27,87,0,114,20,0,20,134
07/16/2007,CIC,CA,AWP,WE,Federal Contract Tower,0,8,1,0,9,3,22,65,0,90,3,30,66,0,99,42,0,42,141
07/17/2007,CIC,CA,AWP,WE,Federal Contract Tower,0,7,5,0,12,0,16,71,0,87,0,23,76,0,99,14,0,14,113
07/18/2007,CIC,CA,AWP,WE,Federal Contract Tower,0,15,9,3,27,0,16,41,3,60,0,31,50,6,87,8,0,8,95
07/19/2007,CIC,CA,AWP,WE,Federal Contract Tower,0,3,3,0,6,4,38,88,0,130,4,41,91,0,136,50,0,50,186
07/20/2007,CIC,CA,AWP,WE,Federal Contract Tower,0,2,0,0,2,11,29,90,8,138,11,31,90,8,140,44,16,60,200
07/21/2007,CIC,CA,AWP,WE,Federal Contract Tower,0,5,2,0,7,0,8,124,0,132,0,13,126,0,139,54,0,54,193
07/22/2007,CIC,CA,AWP,WE,Federal Contract Tower,0,5,6,0,11,0,2318,75,0,2393,0,2323,81,0,2404,30,0,30,2434
07/23/2007,CIC,CA,AWP,WE,Federal Contract Tower,0,3,2,1,6,1,35,88,1,125,1,38,90,2,131,44,12,56,187
07/24/2007,CIC,CA,AWP,WE,Federal Contract Tower,0,7,3,2,12,0,28,77,2,107,0,35,80,4,119,6,0,6,125
07/25/2007,CIC,CA,AWP,WE,Federal Contract Tower,0,7,3,2,12,0,28,77,2,107,0,35,80,4,119,6,0,6,125
07/26/2007,CIC,CA,AWP,WE,Federal Contract Tower,0,3,2,0,5,0,35,64,0,99,0,38,66,0,104,16,0,16,120
07/27/2007,CIC,CA,AWP,WE,Federal Contract Tower,0,5,2,0,7,1,25,69,0,95,1,30,71,0,102,14,0,14,116
07/28/2007,CIC,CA,AWP,WE,Federal Contract Tower,0,5,4,0,9,2,21,74,0,97,2,26,78,0,106,26,0,26,132
07/29/2007,CIC,CA,AWP,WE,Federal Contract Tower,0,4,3,0,7,0,21,74,0,95,0,25,77,0,102,26,4,30,132
07/30/2007,CIC,CA,AWP,WE,Federal Contract Tower,0,3,2,0,5,0,41,116,2,159,0,44,118,2,164,46,0,46,210
07/31/2007,CIC,CA,AWP,WE,Federal Contract Tower,0,6,2,0,8,0,39,79,6,124,0,45,81,6,132,42,0,42,174
08/01/2007,CIC,CA,AWP,WE,Federal Contract Tower,0,3,3,1,7,0,39,81,4,124,0,42,84,5,131,66,38,104,235
08/02/2007,CIC,CA,AWP,WE,Federal Contract Tower,0,3,6,0,9,1,44,99,0,144,1,47,105,0,153,56,0,56,209
08/03/2007,CIC,CA,AWP,WE,Federal Contract Tower,0,3,2,0,5,0,76,109,0,185,0,79,111,0,190,92,0,92,282
08/04/2007,CIC,CA,AWP,WE,Federal Contract Tower,0,5,0,0,5,2,30,98,0,130,2,35,98,0,135,52,0,52,187
08/05/2007,CIC,CA,AWP,WE,Federal Contract Tower,0,5,0,0,5,6,56,84,4,150,6,61,84,4,155,50,8,58,213
08/06/2007,CIC,CA,AWP,WE,Federal Contract Tower,0,8,8,0,16,1,23,62,0,86,1,31,70,0,102,6,0,6,108
08/07/2007,CIC,CA,AWP,WE,Federal Contract Tower,0,11,0,1,12,4,61,82,1,148,4,72,82,2,160,78,16,94,254
08/08/2007,CIC,CA,AWP,WE,Federal Contract Tower,0,6,3,3,12,0,42,111,9,162,0,48,114,12,174,14,10,24,198
08/09/2007,CIC,CA,AWP,WE,Federal Contract Tower,0,4,2,2,8,0,65,78,2,145,0,69,80,4,153,86,10,96,249
08/10/2007,CIC,CA,AWP,WE,Federal Contract Tower,0,4,2,0,6,0,103,115,0,218,0,107,117,0,224,60,0,60,284
08/11/2007,CIC,CA,AWP,WE,Federal Contract Tower,0,4,2,0,6,6,23,102,0,131,6,27,104,0,137,56,0,56,193
08/12/2007,CIC,CA,AWP,WE,Federal Contract Tower,0,9,1,0,10,1,20,126,0,147,1,29,127,0,157,74,0,74,231
08/13/2007,CIC,CA,AWP,WE,Federal Contract Tower,0,8,1,1,10,1,36,5,6,48,1,44,6,7,58,22,0,22,80
08/14/2007,CIC,CA,AWP,WE,Federal Contract Tower,0,6,5,1,12,0,34,92,6,132,0,40,97,7,144,8,10,18,162
08/15/2007,CIC,CA,AWP,WE,Federal Contract Tower,0,6,3,0,9,4,20,86,0,110,4,26,89,0,119,6,0,6,125
08/16/2007,CIC,CA,AWP,WE,Federal Contract Tower,0,4,5,0,9,1,29,75,4,109,1,33,80,4,118,24,2,26,144
08/17/2007,CIC,CA,AWP,WE,Federal Contract Tower,0,4,0,0,4,0,28,94,2,124,0,32,94,2,128,36,2,38,166
08/18/2007,CIC,CA,AWP,WE,Federal Contract Tower,0,5,2,0,7,4,38,58,0,100,4,43,60,0,107,32,0,32,139
08/19/2007,CIC,CA,AWP,WE,Federal Contract Tower,0,4,4,0,8,0,13,82,0,95,0,17,86,0,103,34,0,34,137
08/20/2007,CIC,CA,AWP,WE,Federal Contract Tower,0,10,0,0,10,0,24,65,2,91,0,34,65,2,101,16,0,16,117
08/21/2007,CIC,CA,AWP,WE,Federal Contract Tower,0,7,1,1,9,1,26,71,3,101,1,33,72,4,110,14,2,16,126
08/22/2007,CIC,CA,AWP,WE,Federal Contract Tower,0,9,3,1,13,1,26,93,4,124,1,35,96,5,137,22,7,29,166
08/23/2007,CIC,CA,AWP,WE,Federal Contract Tower,0,9,1,1,11,0,23,65,8,96,0,32,66,9,107,22,8,30,137
08/24/2007,CIC,CA,AWP,WE,Federal Contract Tower,0,5,0,0,5,1,39,73,0,113,1,44,73,0,118,40,0,40,158
08/25/2007,CIC,CA,AWP,WE,Federal Contract Tower,0,6,0,0,6,0,23,89,0,112,0,29,89,0,118,38,0,38,156
08/26/2007,CIC,CA,AWP,WE,Federal Contract Tower,0,5,3,0,8,0,6,75,0,81,0,11,78,0,89,8,0,8,97
08/27/2007,CIC,CA,AWP,WE,Federal Contract Tower,0,8,6,0,14,0,19,62,0,81,0,27,68,0,95,16,0,16,111
08/28/2007,CIC,CA,AWP,WE,Federal Contract Tower,0,6,3,2,11,0,32,69,0,101,0,38,72,2,112,16,0,16,128
08/29/2007,CIC,CA,AWP,WE,Federal Contract Tower,0,5,5,0,10,0,27,59,0,86,0,32,64,0,96,18,0,18,114
08/30/2007,CIC,CA,AWP,WE,Federal Contract Tower,0,5,1,0,6,0,30,94,2,126,0,35,95,2,132,26,14,40,172
08/31/2007,CIC,CA,AWP,WE,Federal Contract Tower,0,12,3,0,15,2,31,185,10,228,2,43,188,10,243,156,74,230,473
09/01/2007,CIC,CA,AWP,WE,Federal Contract Tower,2,2,0,1,5,0,17,279,20,316,2,19,279,21,321,132,62,194,515
09/02/2007,CIC,CA,AWP,WE,Federal Contract Tower,0,2,2,0,4,2,27,93,10,132,2,29,95,10,136,52,6,58,194
09/03/2007,CIC,CA,AWP,WE,Federal Contract Tower,0,4,3,0,7,1,29,81,0,111,1,33,84,0,118,46,0,46,164
09/04/2007,CIC,CA,AWP,WE,Federal Contract Tower,0,9,6,0,15,20,50,75,5,150,20,59,81,5,165,24,0,24,189
09/05/2007,CIC,CA,AWP,WE,Federal Contract Tower,0,12,8,0,20,9,25,60,0,94,9,37,68,0,114,0,0,0,114
09/06/2007,CIC,CA,AWP,WE,Federal Contract Tower,2,5,4,1,12,18,24,51,1,94,20,29,55,2,106,46,6,52,158
09/07/2007,CIC,CA,AWP,WE,Federal Contract Tower,0,5,3,0,8,7,34,75,0,116,7,39,78,0,124,22,0,22,146
09/08/2007,CIC,CA,AWP,WE,Federal Contract Tower,0,4,1,0,5,30,24,75,0,129,30,28,76,0,134,90,0,90,224
09/09/2007,CIC,CA,AWP,WE,Federal Contract Tower,0,6,4,0,10,25,16,73,2,116,25,22,77,2,126,62,2,64,190
09/10/2007,CIC,CA,AWP,WE,Federal Contract Tower,0,8,1,2,11,14,36,47,0,97,14,44,48,2,108,22,0,22,130
09/11/2007,CIC,CA,AWP,WE,Federal Contract Tower,0,9,5,0,14,7,34,66,0,107,7,43,71,0,121,46,0,46,167
09/12/2007,CIC,CA,AWP,WE,Federal Contract Tower,0,9,1,0,10,1,21,55,0,77,1,30,56,0,87,24,0,24,111
09/13/2007,CIC,CA,AWP,WE,Federal Contract Tower,0,7,1,0,8,2,16,52,0,70,2,23,53,0,78,6,0,6,84
09/14/2007,CIC,CA,AWP,WE,Federal Contract Tower,0,5,1,1,7,1,40,68,1,110,1,45,69,2,117,70,6,76,193
09/15/2007,CIC,CA,AWP,WE,Federal Contract Tower,0,4,4,0,8,0,17,76,0,93,0,21,80,0,101,30,0,30,131
09/16/2007,CIC,CA,AWP,WE,Federal Contract Tower,0,4,1,0,5,0,6,68,0,74,0,10,69,0,79,26,0,26,105
09/17/2007,CIC,CA,AWP,WE,Federal Contract Tower,0,8,2,0,10,0,19,71,4,94,0,27,73,4,104,12,0,12,116
09/18/2007,CIC,CA,AWP,WE,Federal Contract Tower,0,9,4,2,15,1,19,71,2,93,1,28,75,4,108,18,28,46,154
09/20/2007,CIC,CA,AWP,WE,Federal Contract Tower,0,6,2,2,10,2,29,57,9,97,2,35,59,11,107,24,16,40,147
09/21/2007,CIC,CA,AWP,WE,Federal Contract Tower,0,5,0,0,5,0,41,79,0,120,0,46,79,0,125,34,0,34,159
09/22/2007,CIC,CA,AWP,WE,Federal Contract Tower,0,6,7,0,13,0,13,34,0,47,0,19,41,0,60,26,0,26,86
09/23/2007,CIC,CA,AWP,WE,Federal Contract Tower,0,6,7,0,13,0,4,56,0,60,0,10,63,0,73,32,0,32,105
09/24/2007,CIC,CA,AWP,WE,Federal Contract Tower,0,7,3,0,10,0,25,68,0,93,0,32,71,0,103,22,0,22,125
09/25/2007,CIC,CA,AWP,WE,Federal Contract Tower,0,8,4,0,12,0,18,66,0,84,0,26,70,0,96,18,0,18,114
09/26/2007,CIC,CA,AWP,WE,Federal Contract Tower,0,8,7,0,15,2,29,70,0,101,2,37,77,0,116,16,0,16,132
09/27/2007,CIC,CA,AWP,WE,Federal Contract Tower,0,7,2,0,9,0,43,79,0,122,0,50,81,0,131,48,0,48,179
09/28/2007,CIC,CA,AWP,WE,Federal Contract Tower,0,8,6,0,14,2,34,60,0,96,2,42,66,0,110,30,0,30,140
09/29/2007,CIC,CA,AWP,WE,Federal Contract Tower,0,5,1,0,6,0,37,91,0,128,0,42,92,0,134,44,0,44,178
09/30/2007,CIC,CA,AWP,WE,Federal Contract Tower,0,6,1,0,7,0,3,82,0,85,0,9,83,0,92,90,0,90,182
10/01/2007,CIC,CA,AWP,WE,Federal Contract Tower,0,6,1,0,7,0,20,66,0,86,0,26,67,0,93,18,0,18,111
10/02/2007,CIC,CA,AWP,WE,Federal Contract Tower,0,11,1,0,12,0,34,65,2,101,0,45,66,2,113,36,20,56,169
10/03/2007,CIC,CA,AWP,WE,Federal Contract Tower,0,8,4,1,13,6,34,57,7,104,6,42,61,8,117,18,30,48,165
10/04/2007,CIC,CA,AWP,WE,Federal Contract Tower,0,6,1,1,8,0,42,60,1,103,0,48,61,2,111,54,20,74,185
10/05/2007,CIC,CA,AWP,WE,Federal Contract Tower,0,5,2,2,9,7,37,89,2,135,7,42,91,4,144,72,0,72,216
10/06/2007,CIC,CA,AWP,WE,Federal Contract Tower,0,9,2,0,11,0,19,93,0,112,0,28,95,0,123,42,0,42,165
10/07/2007,CIC,CA,AWP,WE,Federal Contract Tower,0,8,2,0,10,1,13,98,0,112,1,21,100,0,122,80,0,80,202
10/08/2007,CIC,CA,AWP,WE,Federal Contract Tower,0,11,2,0,13,0,27,76,0,103,0,38,78,0,116,42,0,42,158
10/09/2007,CIC,CA,AWP,WE,Federal Contract Tower,0,15,3,2,20,1,17,38,2,58,1,32,41,4,78,18,10,28,106
10/10/2007,CIC,CA,AWP,WE,Federal Contract Tower,0,15,5,0,20,0,16,33,0,49,0,31,38,0,69,8,0,8,77
10/11/2007,CIC,CA,AWP,WE,Federal Contract Tower,0,6,2,1,9,1,36,78,3,118,1,42,80,4,127,56,2,58,185
10/12/2007,CIC,CA,AWP,WE,Federal Contract Tower,0,7,6,0,13,0,29,35,0,64,0,36,41,0,77,46,0,46,123
10/13/2007,CIC,CA,AWP,WE,Federal Contract Tower,0,6,3,0,9,0,14,72,0,86,0,20,75,0,95,58,0,58,153
10/14/2007,CIC,CA,AWP,WE,Federal Contract Tower,0,7,4,0,11,0,18,94,0,112,0,25,98,0,123,30,0,30,153
10/15/2007,CIC,CA,AWP,WE,Federal Contract Tower,1,11,4,0,16,0,28,49,0,77,1,39,53,0,93,18,0,18,111
10/16/2007,CIC,CA,AWP,WE,Federal Contract Tower,0,21,2,0,23,0,20,24,0,44,0,41,26,0,67,18,0,18,85
10/17/2007,CIC,CA,AWP,WE,Federal Contract Tower,0,11,1,0,12,0,28,54,0,82,0,39,55,0,94,4,0,4,98
10/18/2007,CIC,CA,AWP,WE,Federal Contract Tower,0,8,3,0,11,0,29,53,0,82,0,37,56,0,93,30,0,30,123
10/19/2007,CIC,CA,AWP,WE,Federal Contract Tower,0,7,6,0,13,0,35,29,0,64,0,42,35,0,77,26,0,26,103
10/20/2007,CIC,CA,AWP,WE,Federal Contract Tower,0,4,3,0,7,0,12,75,0,87,0,16,78,0,94,32,0,32,126
10/21/2007,CIC,CA,AWP,WE,Federal Contract Tower,0,6,7,0,13,0,9,103,0,112,0,15,110,0,125,42,0,42,167
10/22/2007,CIC,CA,AWP,WE,Federal Contract Tower,0,7,3,0,10,0,23,83,0,106,0,30,86,0,116,26,0,26,142
10/23/2007,CIC,CA,AWP,WE,Federal Contract Tower,0,3,5,1,9,0,21,87,1,109,0,24,92,2,118,20,0,20,138
10/24/2007,CIC,CA,AWP,WE,Federal Contract Tower,0,7,1,0,8,0,15,68,1,84,0,22,69,1,92,28,0,28,120
10/25/2007,CIC,CA,AWP,WE,Federal Contract Tower,0,6,1,0,7,0,27,76,0,103,0,33,77,0,110,22,0,22,132
10/26/2007,CIC,CA,AWP,WE,Federal Contract Tower,0,2,2,0,4,0,40,74,0,114,0,42,76,0,118,48,0,48,166
10/27/2007,CIC,CA,AWP,WE,Federal Contract Tower,0,6,1,0,7,0,22,92,0,114,0,28,93,0,121,72,0,72,193
10/28/2007,CIC,CA,AWP,WE,Federal Contract Tower,0,5,9,0,14,0,4,69,0,73,0,9,78,0,87,80,0,80,167
10/29/2007,CIC,CA,AWP,WE,Federal Contract Tower,0,6,5,0,11,0,29,49,0,78,0,35,54,0,89,34,0,34,123
10/30/2007,CIC,CA,AWP,WE,Federal Contract Tower,0,12,4,1,17,0,22,56,1,79,0,34,60,2,96,72,0,72,168
10/31/2007,CIC,CA,AWP,WE,Federal Contract Tower,0,9,6,1,16,0,30,29,0,59,0,39,35,1,75,18,0,18,93
11/01/2007,CIC,CA,AWP,WE,Federal Contract Tower,0,3,1,3,7,0,33,64,7,104,0,36,65,10,111,56,26,82,193
11/02/2007,CIC,CA,AWP,WE,Federal Contract Tower,0,5,3,0,8,0,24,89,0,113,0,29,92,0,121,38,0,38,159
11/03/2007,CIC,CA,AWP,WE,Federal Contract Tower,0,6,3,0,9,0,14,141,0,155,0,20,144,0,164,82,0,82,246
11/04/2007,CIC,CA,AWP,WE,Federal Contract Tower,0,10,5,0,15,0,8,111,0,119,0,18,116,0,134,60,0,60,194
11/05/2007,CIC,CA,AWP,WE,Federal Contract Tower,0,10,3,1,14,0,40,92,2,134,0,50,95,3,148,14,8,22,170
11/06/2007,CIC,CA,AWP,WE,Federal Contract Tower,0,12,2,2,16,0,32,75,2,109,0,44,77,4,125,16,12,28,153
11/07/2007,CIC,CA,AWP,WE,Federal Contract Tower,0,6,4,1,11,0,24,59,2,85,0,30,63,3,96,2,0,2,98
11/08/2007,CIC,CA,AWP,WE,Federal Contract Tower,0,4,3,0,7,0,40,76,2,118,0,44,79,2,125,14,0,14,139
11/09/2007,CIC,CA,AWP,WE,Federal Contract Tower,0,6,3,2,11,0,35,71,3,109,0,41,74,5,120,84,22,106,226
11/10/2007,CIC,CA,AWP,WE,Federal Contract Tower,1,7,8,0,16,0,0,34,0,34,1,7,42,0,50,56,0,56,106
11/11/2007,CIC,CA,AWP,WE,Federal Contract Tower,0,6,6,0,12,0,12,75,0,87,0,18,81,0,99,40,0,40,139
11/12/2007,CIC,CA,AWP,WE,Federal Contract Tower,0,11,3,0,14,0,17,63,0,80,0,28,66,0,94,0,0,0,94
11/13/2007,CIC,CA,AWP,WE,Federal Contract Tower,0,8,3,3,14,0,27,69,7,103,0,35,72,10,117,6,14,20,137
11/14/2007,CIC,CA,AWP,WE,Federal Contract Tower,0,6,3,0,9,0,32,72,3,107,0,38,75,3,116,10,6,16,132
11/15/2007,CIC,CA,AWP,WE,Federal Contract Tower,0,3,4,0,7,0,48,61,1,110,0,51,65,1,117,42,0,42,159
11/16/2007,CIC,CA,AWP,WE,Federal Contract Tower,0,8,4,0,12,2,23,53,0,78,2,31,57,0,90,82,0,82,172
11/17/2007,CIC,CA,AWP,WE,Federal Contract Tower,0,4,5,0,9,1,6,73,0,80,1,10,78,0,89,56,0,56,145
11/18/2007,CIC,CA,AWP,WE,Federal Contract Tower,0,3,3,0,6,0,4,89,0,93,0,7,92,0,99,118,0,118,217
11/19/2007,CIC,CA,AWP,WE,Federal Contract Tower,0,7,3,1,11,0,29,33,0,62,0,36,36,1,73,14,2,16,89
11/20/2007,CIC,CA,AWP,WE,Federal Contract Tower,0,8,4,0,12,1,24,65,9,99,1,32,69,9,111,50,0,50,161
11/21/2007,CIC,CA,AWP,WE,Federal Contract Tower,0,7,2,0,9,0,21,87,0,108,0,28,89,0,117,58,0,58,175
11/22/2007,CIC,CA,AWP,WE,Federal Contract Tower,0,4,0,0,4,0,18,42,0,60,0,22,42,0,64,18,0,18,82
11/23/2007,CIC,CA,AWP,WE,Federal Contract Tower,0,3,0,0,3,1,33,87,0,121,1,36,87,0,124,62,0,62,186
11/24/2007,CIC,CA,AWP,WE,Federal Contract Tower,0,5,3,0,8,0,9,106,0,115,0,14,109,0,123,84,0,84,207
11/25/2007,CIC,CA,AWP,WE,Federal Contract Tower,0,7,2,0,9,2,10,68,0,80,2,17,70,0,89,34,0,34,123
11/26/2007,CIC,CA,AWP,WE,Federal Contract Tower,0,6,1,0,7,1,25,51,2,79,1,31,52,2,86,54,20,74,160
11/27/2007,CIC,CA,AWP,WE,Federal Contract Tower,0,6,1,0,7,0,23,84,0,107,0,29,85,0,114,54,20,74,188
11/28/2007,CIC,CA,AWP,WE,Federal Contract Tower,0,7,0,1,8,0,28,57,1,86,0,35,57,2,94,28,0,28,122
11/29/2007,CIC,CA,AWP,WE,Federal Contract Tower,0,7,6,0,13,0,29,73,0,102,0,36,79,0,115,72,0,72,187
11/30/2007,CIC,CA,AWP,WE,Federal Contract Tower,0,6,5,0,11,0,28,84,0,112,0,34,89,0,123,66,0,66,189
12/01/2007,CIC,CA,AWP,WE,Federal Contract Tower,0,4,0,0,4,0,19,64,0,83,0,23,64,0,87,2,0,2,89
12/02/2007,CIC,CA,AWP,WE,Federal Contract Tower,0,7,4,0,11,0,5,43,0,48,0,12,47,0,59,20,0,20,79
12/03/2007,CIC,CA,AWP,WE,Federal Contract Tower,0,6,3,0,9,0,20,23,0,43,0,26,26,0,52,24,0,24,76
12/04/2007,CIC,CA,AWP,WE,Federal Contract Tower,0,16,6,0,22,0,26,20,0,46,0,42,26,0,68,58,0,58,126
12/05/2007,CIC,CA,AWP,WE,Federal Contract Tower,0,8,7,3,18,0,24,30,5,59,0,32,37,8,77,16,0,16,93
12/06/2007,CIC,CA,AWP,WE,Federal Contract Tower,0,21,9,0,30,0,0,0,0,0,0,21,9,0,30,0,0,0,30
12/07/2007,CIC,CA,AWP,WE,Federal Contract Tower,0,7,7,0,14,0,28,41,0,69,0,35,48,0,83,32,0,32,115
12/08/2007,CIC,CA,AWP,WE,Federal Contract Tower,0,4,2,0,6,0,10,74,0,84,0,14,76,0,90,26,0,26,116
12/09/2007,CIC,CA,AWP,WE,Federal Contract Tower,0,6,1,0,7,0,17,68,0,85,0,23,69,0,92,6,0,6,98
12/10/2007,CIC,CA,AWP,WE,Federal Contract Tower,0,8,0,0,8,1,33,89,0,123,1,41,89,0,131,16,0,16,147
12/11/2007,CIC,CA,AWP,WE,Federal Contract Tower,0,8,0,0,8,0,15,76,2,93,0,23,76,2,101,50,10,60,161
12/12/2007,CIC,CA,AWP,WE,Federal Contract Tower,0,8,0,0,8,0,24,60,0,84,0,32,60,0,92,58,0,58,150
12/13/2007,CIC,CA,AWP,WE,Federal Contract Tower,0,5,2,1,8,0,38,112,1,151,0,43,114,2,159,82,28,110,269
12/14/2007,CIC,CA,AWP,WE,Federal Contract Tower,0,3,5,1,9,0,35,66,1,102,0,38,71,2,111,50,20,70,181
12/15/2007,CIC,CA,AWP,WE,Federal Contract Tower,0,9,5,0,14,0,10,64,0,74,0,19,69,0,88,68,0,68,156
12/16/2007,CIC,CA,AWP,WE,Federal Contract Tower,0,6,12,0,18,0,8,47,0,55,0,14,59,0,73,30,0,30,103
12/17/2007,CIC,CA,AWP,WE,Federal Contract Tower,0,19,7,0,26,0,10,0,0,10,0,29,7,0,36,0,0,0,36
12/18/2007,CIC,CA,AWP,WE,Federal Contract Tower,0,14,1,0,15,0,16,6,1,23,0,30,7,1,38,0,0,0,38
12/19/2007,CIC,CA,AWP,WE,Federal Contract Tower,0,23,10,3,36,0,10,23,1,34,0,33,33,4,70,0,0,0,70
12/20/2007,CIC,CA,AWP,WE,Federal Contract Tower,0,5,3,0,8,0,43,49,0,92,0,48,52,0,100,74,0,74,174
12/21/2007,CIC,CA,AWP,WE,Federal Contract Tower,0,8,1,0,9,0,34,58,0,92,0,42,59,0,101,56,0,56,157
12/22/2007,CIC,CA,AWP,WE,Federal Contract Tower,0,5,4,0,9,0,9,69,0,78,0,14,73,0,87,32,0,32,119
12/23/2007,CIC,CA,AWP,WE,Federal Contract Tower,0,7,5,0,12,0,13,51,0,64,0,20,56,0,76,36,0,36,112
12/24/2007,CIC,CA,AWP,WE,Federal Contract Tower,0,4,1,0,5,0,22,29,0,51,0,26,30,0,56,8,0,8,64
12/25/2007,CIC,CA,AWP,WE,Federal Contract Tower,0,7,0,0,7,0,5,22,0,27,0,12,22,0,34,8,0,8,42
12/26/2007,CIC,CA,AWP,WE,Federal Contract Tower,0,8,2,0,10,0,13,39,0,52,0,21,41,0,62,0,0,0,62
12/27/2007,CIC,CA,AWP,WE,Federal Contract Tower,0,5,1,0,6,0,33,33,0,66,0,38,34,0,72,14,0,14,86
12/28/2007,CIC,CA,AWP,WE,Federal Contract Tower,0,10,2,0,12,0,15,6,0,21,0,25,8,0,33,2,0,2,35
12/29/2007,CIC,CA,AWP,WE,Federal Contract Tower,0,9,1,0,10,0,0,0,0,0,0,9,1,0,10,0,0,0,10
12/30/2007,CIC,CA,AWP,WE,Federal Contract Tower,0,10,1,0,11,0,2,26,0,28,0,12,27,0,39,0,0,0,39
12/31/2007,CIC,CA,AWP,WE,Federal Contract Tower,0,10,0,0,10,0,23,60,0,83,0,33,60,0,93,10,0,10,103
01/01/2008,CIC,CA,AWP,WE,Federal Contract Tower,0,8,0,0,8,0,19,53,0,72,0,27,53,0,80,26,0,26,106
01/02/2008,CIC,CA,AWP,WE,Federal Contract Tower,0,5,5,1,11,0,31,63,1,95,0,36,68,2,106,66,12,78,184
01/03/2008,CIC,CA,AWP,WE,Federal Contract Tower,0,10,5,0,15,0,20,15,0,35,0,30,20,0,50,4,0,4,54
01/04/2008,CIC,CA,AWP,WE,Federal Contract Tower,0,4,0,0,4,0,12,11,0,23,0,16,11,0,27,0,0,0,27
01/05/2008,CIC,CA,AWP,WE,Federal Contract Tower,0,7,6,0,13,0,3,13,0,16,0,10,19,0,29,4,0,4,33
01/06/2008,CIC,CA,AWP,WE,Federal Contract Tower,0,4,0,0,4,0,10,21,0,31,0,14,21,0,35,28,0,28,63
01/07/2008,CIC,CA,AWP,WE,Federal Contract Tower,0,6,2,2,10,0,30,31,3,64,0,36,33,5,74,54,8,62,136
01/08/2008,CIC,CA,AWP,WE,Federal Contract Tower,0,19,3,0,22,0,2,2,0,4,0,21,5,0,26,30,0,30,56
01/09/2008,CIC,CA,AWP,WE,Federal Contract Tower,0,26,17,0,43,0,5,0,0,5,0,31,17,0,48,0,0,0,48
01/10/2008,CIC,CA,AWP,WE,Federal Contract Tower,0,11,6,0,17,0,12,2,0,14,0,23,8,0,31,0,0,0,31
01/11/2008,CIC,CA,AWP,WE,Federal Contract Tower,0,20,10,1,31,0,14,13,2,29,0,34,23,3,60,8,0,8,68
01/12/2008,CIC,CA,AWP,WE,Federal Contract Tower,0,7,7,1,15,0,17,42,1,60,0,24,49,2,75,70,2,72,147
01/13/2008,CIC,CA,AWP,WE,Federal Contract Tower,0,6,4,0,10,0,10,65,2,77,0,16,69,2,87,12,0,12,99
01/14/2008,CIC,CA,AWP,WE,Federal Contract Tower,0,13,9,2,24,0,15,40,0,55,0,28,49,2,79,36,0,36,115
01/15/2008,CIC,CA,AWP,WE,Federal Contract Tower,0,8,9,3,20,0,26,57,1,84,0,34,66,4,104,8,0,8,112
01/16/2008,CIC,CA,AWP,WE,Federal Contract Tower,0,10,7,0,17,14,25,43,0,82,14,35,50,0,99,10,0,10,109
01/17/2008,CIC,CA,AWP,WE,Federal Contract Tower,0,5,2,2,9,24,38,76,2,140,24,43,78,4,149,70,10,80,229
01/18/2008,CIC,CA,AWP,WE,Federal Contract Tower,0,6,5,0,11,64,36,61,0,161,64,42,66,0,172,72,0,72,244
01/19/2008,CIC,CA,AWP,WE,Federal Contract Tower,0,4,5,0,9,22,28,62,0,112,22,32,67,0,121,126,0,126,247
01/20/2008,CIC,CA,AWP,WE,Federal Contract Tower,1,5,3,0,9,35,9,20,0,64,36,14,23,0,73,58,0,58,131
01/21/2008,CIC,CA,AWP,WE,Federal Contract Tower,0,12,6,0,18,18,4,17,0,39,18,16,23,0,57,0,0,0,57
01/22/2008,CIC,CA,AWP,WE,Federal Contract Tower,0,17,8,0,25,12,13,23,0,48,12,30,31,0,73,8,0,8,81
01/23/2008,CIC,CA,AWP,WE,Federal Contract Tower,0,19,16,0,35,0,17,15,0,32,0,36,31,0,67,48,0,48,115
01/24/2008,CIC,CA,AWP,WE,Federal Contract Tower,0,12,1,2,15,0,15,4,2,21,0,27,5,4,36,0,0,0,36
01/25/2008,CIC,CA,AWP,WE,Federal Contract Tower,0,14,2,0,16,0,12,9,0,21,0,26,11,0,37,12,0,12,49
01/26/2008,CIC,CA,AWP,WE,Federal Contract Tower,0,4,3,0,7,0,19,46,0,65,0,23,49,0,72,8,0,8,80
01/27/2008,CIC,CA,AWP,WE,Federal Contract Tower,0,2,1,0,3,0,0,0,0,0,0,2,1,0,3,0,0,0,3
01/28/2008,CIC,CA,AWP,WE,Federal Contract Tower,0,11,0,0,11,2,20,45,2,69,2,31,45,2,80,14,8,22,102
01/29/2008,CIC,CA,AWP,WE,Federal Contract Tower,0,19,4,0,23,0,3,1,0,4,0,22,5,0,27,0,0,0,27
01/30/2008,CIC,CA,AWP,WE,Federal Contract Tower,0,10,3,0,13,0,24,23,0,47,0,34,26,0,60,18,0,18,78
01/31/2008,CIC,CA,AWP,WE,Federal Contract Tower,0,10,1,0,11,0,14,4,0,18,0,24,5,0,29,0,0,0,29
02/01/2008,CIC,CA,AWP,WE,Federal Contract Tower,0,6,2,0,8,0,36,40,0,76,0,42,42,0,84,36,0,36,120
02/02/2008,CIC,CA,AWP,WE,Federal Contract Tower,0,6,1,4,11,0,6,9,6,21,0,12,10,10,32,4,16,20,52
02/03/2008,CIC,CA,AWP,WE,Federal Contract Tower,0,3,5,0,8,0,1,28,0,29,0,4,33,0,37,22,0,22,59
02/04/2008,CIC,CA,AWP,WE,Federal Contract Tower,0,7,7,0,14,0,27,66,0,93,0,34,73,0,107,24,0,24,131
02/05/2008,CIC,CA,AWP,WE,Federal Contract Tower,0,9,4,0,13,0,22,74,4,100,0,31,78,4,113,50,22,72,185
02/06/2008,CIC,CA,AWP,WE,Federal Contract Tower,0,15,3,0,18,0,26,59,10,95,0,41,62,10,113,16,26,42,155
02/07/2008,CIC,CA,AWP,WE,Federal Contract Tower,0,5,3,0,8,0,36,74,0,110,0,41,77,0,118,70,0,70,188
02/08/2008,CIC,CA,AWP,WE,Federal Contract Tower,0,5,0,1,6,0,37,63,1,101,0,42,63,2,107,46,2,48,155
02/09/2008,CIC,CA,AWP,WE,Federal Contract Tower,0,5,5,3,13,0,22,117,3,142,0,27,122,6,155,38,8,46,201
02/10/2008,CIC,CA,AWP,WE,Federal Contract Tower,0,4,0,0,4,1,11,83,0,95,1,15,83,0,99,28,0,28,127
02/11/2008,CIC,CA,AWP,WE,Federal Contract Tower,0,9,2,2,13,0,23,54,1,78,0,32,56,3,91,28,0,28,119
02/12/2008,CIC,CA,AWP,WE,Federal Contract Tower,0,8,3,0,11,0,24,60,4,88,0,32,63,4,99,58,0,58,157
02/13/2008,CIC,CA,AWP,WE,Federal Contract Tower,0,12,0,2,14,0,24,36,4,64,0,36,36,6,78,0,12,12,90
02/14/2008,CIC,CA,AWP,WE,Federal Contract Tower,0,5,5,0,10,0,37,52,0,89,0,42,57,0,99,76,0,76,175
02/15/2008,CIC,CA,AWP,WE,Federal Contract Tower,0,4,1,1,6,4,38,78,1,121,4,42,79,2,127,72,10,82,209
02/16/2008,CIC,CA,AWP,WE,Federal Contract Tower,0,5,5,0,10,0,17,104,0,121,0,22,109,0,131,60,0,60,191
02/17/2008,CIC,CA,AWP,WE,Federal Contract Tower,0,6,0,0,6,0,11,84,0,95,0,17,84,0,101,30,0,30,131
02/18/2008,CIC,CA,AWP,WE,Federal Contract Tower,0,2,1,0,3,0,28,81,0,109,0,30,82,0,112,40,0,40,152
02/19/2008,CIC,CA,AWP,WE,Federal Contract Tower,0,15,8,8,31,0,21,15,10,46,0,36,23,18,77,10,10,20,97
02/20/2008,CIC,CA,AWP,WE,Federal Contract Tower,0,13,10,4,27,34,13,32,0,79,34,26,42,4,106,0,0,0,106
02/21/2008,CIC,CA,AWP,WE,Federal Contract Tower,0,14,4,0,18,0,23,7,0,30,0,37,11,0,48,2,0,2,50
02/22/2008,CIC,CA,AWP,WE,Federal Contract Tower,0,14,9,0,23,25,11,12,0,48,25,25,21,0,71,0,0,0,71
02/23/2008,CIC,CA,AWP,WE,Federal Contract Tower,0,6,1,0,7,15,4,8,0,27,15,10,9,0,34,24,0,24,58
02/24/2008,CIC,CA,AWP,WE,Federal Contract Tower,0,4,1,0,5,0,2,0,0,2,0,6,1,0,7,0,0,0,7
02/25/2008,CIC,CA,AWP,WE,Federal Contract Tower,0,11,2,0,13,14,21,59,0,94,14,32,61,0,107,28,0,28,135
02/26/2008,CIC,CA,AWP,WE,Federal Contract Tower,1,7,0,2,10,1,27,65,3,96,2,34,65,5,106,26,0,26,132
02/27/2008,CIC,CA,AWP,WE,Federal Contract Tower,0,8,3,1,12,0,27,58,2,87,0,35,61,3,99,8,0,8,107
02/28/2008,CIC,CA,AWP,WE,Federal Contract Tower,0,5,2,1,8,0,31,69,1,101,0,36,71,2,109,6,2,8,117
02/29/2008,CIC,CA,AWP,WE,Federal Contract Tower,0,4,3,0,7,2,37,87,0,126,2,41,90,0,133,60,0,60,193
03/01/2008,CIC,CA,AWP,WE,Federal Contract Tower,0,5,4,0,9,0,15,81,0,96,0,20,85,0,105,26,0,26,131
03/02/2008,CIC,CA,AWP,WE,Federal Contract Tower,0,9,3,0,12,0,9,72,2,83,0,18,75,2,95,40,10,50,145
03/03/2008,CIC,CA,AWP,WE,Federal Contract Tower,0,7,1,0,8,0,26,59,0,85,0,33,60,0,93,20,0,20,113
03/04/2008,CIC,CA,AWP,WE,Federal Contract Tower,0,8,4,0,12,0,19,68,0,87,0,27,72,0,99,22,0,22,121
03/05/2008,CIC,CA,AWP,WE,Federal Contract Tower,0,10,4,0,14,0,18,71,0,89,0,28,75,0,103,8,0,8,111
03/06/2008,CIC,CA,AWP,WE,Federal Contract Tower,0,8,4,1,13,0,26,58,1,85,0,34,62,2,98,26,0,26,124
03/07/2008,CIC,CA,AWP,WE,Federal Contract Tower,0,8,8,0,16,6,35,62,0,103,6,43,70,0,119,34,0,34,153
03/08/2008,CIC,CA,AWP,WE,Federal Contract Tower,0,6,4,0,10,0,33,89,2,124,0,39,93,2,134,26,0,26,160
03/09/2008,CIC,CA,AWP,WE,Federal Contract Tower,0,6,1,0,7,0,18,98,1,117,0,24,99,1,124,22,0,22,146
03/10/2008,CIC,CA,AWP,WE,Federal Contract Tower,0,7,2,1,10,0,29,60,1,90,0,36,62,2,100,16,24,40,140
03/11/2008,CIC,CA,AWP,WE,Federal Contract Tower,0,9,4,2,15,3,35,60,2,100,3,44,64,4,115,28,0,28,143
03/12/2008,CIC,CA,AWP,WE,Federal Contract Tower,0,10,3,1,14,0,24,65,5,94,0,34,68,6,108,0,0,0,108
03/13/2008,CIC,CA,AWP,WE,Federal Contract Tower,0,10,5,3,18,0,25,38,0,63,0,35,43,3,81,22,0,22,103
03/14/2008,CIC,CA,AWP,WE,Federal Contract Tower,0,15,8,0,23,7,25,19,3,54,7,40,27,3,77,10,0,10,87
03/15/2008,CIC,CA,AWP,WE,Federal Contract Tower,0,6,1,0,7,0,7,35,0,42,0,13,36,0,49,18,0,18,67
03/16/2008,CIC,CA,AWP,WE,Federal Contract Tower,0,6,4,0,10,1,4,41,0,46,1,10,45,0,56,4,0,4,60
03/17/2008,CIC,CA,AWP,WE,Federal Contract Tower,0,7,4,0,11,0,23,73,6,102,0,30,77,6,113,54,0,54,167
03/18/2008,CIC,CA,AWP,WE,Federal Contract Tower,1,7,2,0,10,4,17,62,8,91,5,24,64,8,101,4,0,4,105
03/19/2008,CIC,CA,AWP,WE,Federal Contract Tower,0,14,8,2,24,0,13,44,5,62,0,27,52,7,86,0,0,0,86
03/20/2008,CIC,CA,AWP,WE,Federal Contract Tower,0,12,5,0,17,0,29,61,4,94,0,41,66,4,111,50,8,58,169
03/21/2008,CIC,CA,AWP,WE,Federal Contract Tower,0,14,3,1,18,0,24,64,10,98,0,38,67,11,116,32,6,38,154
03/22/2008,CIC,CA,AWP,WE,Federal Contract Tower,0,9,5,0,14,0,13,105,0,118,0,22,110,0,132,32,0,32,164
03/23/2008,CIC,CA,AWP,WE,Federal Contract Tower,0,8,0,0,8,0,10,60,0,70,0,18,60,0,78,14,0,14,92
03/24/2008,CIC,CA,AWP,WE,Federal Contract Tower,0,9,4,1,14,0,21,71,3,95,0,30,75,4,109,28,0,28,137
03/25/2008,CIC,CA,AWP,WE,Federal Contract Tower,0,4,0,0,4,0,26,68,0,94,0,30,68,0,98,26,0,26,124
03/26/2008,CIC,CA,AWP,WE,Federal Contract Tower,0,11,5,0,16,5,25,42,0,72,5,36,47,0,88,6,0,6,94
03/27/2008,CIC,CA,AWP,WE,Federal Contract Tower,0,10,4,0,14,1,25,69,8,103,1,35,73,8,117,0,0,0,117
03/28/2008,CIC,CA,AWP,WE,Federal Contract Tower,0,15,1,0,16,2,16,37,9,64,2,31,38,9,80,50,12,62,142
03/29/2008,CIC,CA,AWP,WE,Federal Contract Tower,0,9,4,1,14,0,6,43,1,50,0,15,47,2,64,8,10,18,82
03/30/2008,CIC,CA,AWP,WE,Federal Contract Tower,0,7,1,2,10,0,13,59,0,72,0,20,60,2,82,4,0,4,86
03/31/2008,CIC,CA,AWP,WE,Federal Contract Tower,0,9,4,0,13,0,24,60,7,91,0,33,64,7,104,6,4,10,114
04/01/2008,CIC,CA,AWP,WE,Federal Contract Tower,0,11,3,1,15,0,21,81,17,119,0,32,84,18,134,18,20,38,172
04/02/2008,CIC,CA,AWP,WE,Federal Contract Tower,0,10,4,4,18,0,13,54,22,89,0,23,58,26,107,10,18,28,135
04/03/2008,CIC,CA,AWP,WE,Federal Contract Tower,0,11,6,0,17,6,24,52,33,115,6,35,58,33,132,42,6,48,180
04/04/2008,CIC,CA,AWP,WE,Federal Contract Tower,0,13,6,2,21,3,27,67,1,98,3,40,73,3,119,102,0,102,221
04/05/2008,CIC,CA,AWP,WE,Federal Contract Tower,0,5,3,0,8,0,53,107,0,160,0,58,110,0,168,40,0,40,208
04/06/2008,CIC,CA,AWP,WE,Federal Contract Tower,0,6,2,0,8,3,4,78,0,85,3,10,80,0,93,50,0,50,143
04/07/2008,CIC,CA,AWP,WE,Federal Contract Tower,0,9,2,1,12,1,22,77,1,101,1,31,79,2,113,70,32,102,215
04/08/2008,CIC,CA,AWP,WE,Federal Contract Tower,0,11,6,2,19,26,52,51,5,134,26,63,57,7,153,54,2,56,209
04/09/2008,CIC,CA,AWP,WE,Federal Contract Tower,0,10,3,0,13,4,28,52,0,84,4,38,55,0,97,10,0,10,107
04/10/2008,CIC,CA,AWP,WE,Federal Contract Tower,0,10,3,0,13,11,25,78,0,114,11,35,81,0,127,34,0,34,161
04/11/2008,CIC,CA,AWP,WE,Federal Contract Tower,0,10,4,0,14,24,28,87,0,139,24,38,91,0,153,60,0,60,213
04/12/2008,CIC,CA,AWP,WE,Federal Contract Tower,0,6,5,0,11,29,2,98,0,129,29,8,103,0,140,60,0,60,200
04/13/2008,CIC,CA,AWP,WE,Federal Contract Tower,0,6,3,1,10,12,6,102,1,121,12,12,105,2,131,42,4,46,177
04/14/2008,CIC,CA,AWP,WE,Federal Contract Tower,0,9,0,6,15,8,29,9,1,47,8,38,9,7,62,22,0,22,84
04/15/2008,CIC,CA,AWP,WE,Federal Contract Tower,0,10,3,3,16,0,25,68,1,94,0,35,71,4,110,26,0,26,136
04/16/2008,CIC,CA,AWP,WE,Federal Contract Tower,0,12,2,0,14,0,19,57,0,76,0,31,59,0,90,6,0,6,96
04/17/2008,CIC,CA,AWP,WE,Federal Contract Tower,0,12,1,2,15,0,29,97,2,128,0,41,98,4,143,44,4,48,191
04/18/2008,CIC,CA,AWP,WE,Federal Contract Tower,0,9,1,0,10,0,30,83,0,113,0,39,84,0,123,84,0,84,207
04/19/2008,CIC,CA,AWP,WE,Federal Contract Tower,0,7,1,0,8,0,11,79,0,90,0,18,80,0,98,62,0,62,160
04/20/2008,CIC,CA,AWP,WE,Federal Contract Tower,1,10,0,0,11,0,11,92,0,103,1,21,92,0,114,30,0,30,144
04/21/2008,CIC,CA,AWP,WE,Federal Contract Tower,0,10,7,0,17,0,24,67,0,91,0,34,74,0,108,8,0,8,116
04/22/2008,CIC,CA,AWP,WE,Federal Contract Tower,0,18,7,4,29,0,16,39,2,57,0,34,46,6,86,36,10,46,132
04/23/2008,CIC,CA,AWP,WE,Federal Contract Tower,0,10,5,0,15,0,19,44,0,63,0,29,49,0,78,30,0,30,108
04/24/2008,CIC,CA,AWP,WE,Federal Contract Tower,0,10,5,0,15,2,36,75,0,113,2,46,80,0,128,50,0,50,178
04/25/2008,CIC,CA,AWP,WE,Federal Contract Tower,0,10,4,0,14,0,41,87,0,128,0,51,91,0,142,30,0,30,172
04/26/2008,CIC,CA,AWP,WE,Federal Contract Tower,0,6,0,0,6,0,16,102,0,118,0,22,102,0,124,32,0,32,156
04/27/2008,CIC,CA,AWP,WE,Federal Contract Tower,0,8,0,0,8,0,14,76,0,90,0,22,76,0,98,22,0,22,120
04/28/2008,CIC,CA,AWP,WE,Federal Contract Tower,0,11,5,0,16,0,30,61,0,91,0,41,66,0,107,8,0,8,115
04/29/2008,CIC,CA,AWP,WE,Federal Contract Tower,0,15,4,2,21,0,24,62,1,87,0,39,66,3,108,16,0,16,124
04/30/2008,CIC,CA,AWP,WE,Federal Contract Tower,0,11,2,0,13,0,19,39,0,58,0,30,41,0,71,22,0,22,93
05/01/2008,CIC,CA,AWP,WE,Federal Contract Tower,0,10,3,2,15,1,27,74,2,104,1,37,77,4,119,50,2,52,171
05/02/2008,CIC,CA,AWP,WE,Federal Contract Tower,0,14,4,0,18,0,25,110,0,135,0,39,114,0,153,94,0,94,247
05/03/2008,CIC,CA,AWP,WE,Federal Contract Tower,0,6,2,0,8,0,22,108,0,130,0,28,110,0,138,88,0,88,226
05/04/2008,CIC,CA,AWP,WE,Federal Contract Tower,0,5,4,0,9,1,24,83,0,108,1,29,87,0,117,64,0,64,181
05/05/2008,CIC,CA,AWP,WE,Federal Contract Tower,0,8,1,2,11,1,33,63,2,99,1,41,64,4,110,8,16,24,134
05/06/2008,CIC,CA,AWP,WE,Federal Contract Tower,0,14,8,2,24,1,17,79,2,99,1,31,87,4,123,80,20,100,223
05/07/2008,CIC,CA,AWP,WE,Federal Contract Tower,0,10,0,2,12,0,22,78,0,100,0,32,78,2,112,120,0,120,232
05/08/2008,CIC,CA,AWP,WE,Federal Contract Tower,0,8,1,1,10,1,24,90,1,116,1,32,91,2,126,116,0,116,242
05/09/2008,CIC,CA,AWP,WE,Federal Contract Tower,0,10,3,0,13,0,34,106,0,140,0,44,109,0,153,102,0,102,255
05/10/2008,CIC,CA,AWP,WE,Federal Contract Tower,0,8,4,0,12,0,21,105,0,126,0,29,109,0,138,96,0,96,234
05/11/2008,CIC,CA,AWP,WE,Federal Contract Tower,0,7,3,0,10,0,5,64,0,69,0,12,67,0,79,10,0,10,89
05/12/2008,CIC,CA,AWP,WE,Federal Contract Tower,0,6,0,2,8,0,15,45,0,60,0,21,45,2,68,0,0,0,68
05/13/2008,CIC,CA,AWP,WE,Federal Contract Tower,0,10,1,3,14,0,16,83,3,102,0,26,84,6,116,58,8,66,182
05/14/2008,CIC,CA,AWP,WE,Federal Contract Tower,0,10,3,0,13,0,27,32,4,63,0,37,35,4,76,42,0,42,118
05/15/2008,CIC,CA,AWP,WE,Federal Contract Tower,0,14,4,1,19,11,33,61,7,112,11,47,65,8,131,42,4,46,177
05/16/2008,CIC,CA,AWP,WE,Federal Contract Tower,1,11,1,0,13,1,23,78,0,102,2,34,79,0,115,44,0,44,159
05/17/2008,CIC,CA,AWP,WE,Federal Contract Tower,0,8,2,0,10,2,19,106,0,127,2,27,108,0,137,76,0,76,213
05/18/2008,CIC,CA,AWP,WE,Federal Contract Tower,0,10,1,0,11,3,12,45,0,60,3,22,46,0,71,10,0,10,81
05/19/2008,CIC,CA,AWP,WE,Federal Contract Tower,0,9,4,0,13,4,26,82,0,112,4,35,86,0,125,22,0,22,147
05/20/2008,CIC,CA,AWP,WE,Federal Contract Tower,0,11,0,0,11,2,17,55,0,74,2,28,55,0,85,16,0,16,101
05/21/2008,CIC,CA,AWP,WE,Federal Contract Tower,0,12,0,3,15,0,35,25,4,64,0,47,25,7,79,20,0,20,99
05/22/2008,CIC,CA,AWP,WE,Federal Contract Tower,0,10,4,0,14,2,27,37,0,66,2,37,41,0,80,4,0,4,84
05/23/2008,CIC,CA,AWP,WE,Federal Contract Tower,0,12,7,0,19,0,26,50,0,76,0,38,57,0,95,14,0,14,109
05/24/2008,CIC,CA,AWP,WE,Federal Contract Tower,1,11,11,0,23,0,0,24,0,24,1,11,35,0,47,10,0,10,57
05/25/2008,CIC,CA,AWP,WE,Federal Contract Tower,0,3,12,0,15,1,21,58,0,80,1,24,70,0,95,76,0,76,171
05/26/2008,CIC,CA,AWP,WE,Federal Contract Tower,0,8,3,0,11,1,9,61,0,71,1,17,64,0,82,16,0,16,98
05/27/2008,CIC,CA,AWP,WE,Federal Contract Tower,0,12,2,0,14,0,27,75,2,104,0,39,77,2,118,48,12,60,178
05/28/2008,CIC,CA,AWP,WE,Federal Contract Tower,0,16,5,0,21,0,21,65,8,94,0,37,70,8,115,46,0,46,161
05/29/2008,CIC,CA,AWP,WE,Federal Contract Tower,0,11,10,3,24,0,14,57,3,74,0,25,67,6,98,42,6,48,146
05/30/2008,CIC,CA,AWP,WE,Federal Contract Tower,0,11,3,2,16,0,40,105,2,147,0,51,108,4,163,36,14,50,213
05/31/2008,CIC,CA,AWP,WE,Federal Contract Tower,0,7,0,0,7,0,15,85,0,100,0,22,85,0,107,10,0,10,117
06/01/2008,CIC,CA,AWP,WE,Federal Contract Tower,0,6,5,0,11,0,0,51,0,51,0,6,56,0,62,4,0,4,66
06/02/2008,CIC,CA,AWP,WE,Federal Contract Tower,0,10,0,0,10,0,34,51,0,85,0,44,51,0,95,2,0,2,97
06/03/2008,CIC,CA,AWP,WE,Federal Contract Tower,0,8,3,0,11,0,22,72,2,96,0,30,75,2,107,28,10,38,145
06/04/2008,CIC,CA,AWP,WE,Federal Contract Tower,0,10,3,1,14,0,22,46,1,69,0,32,49,2,83,10,0,10,93
06/05/2008,CIC,CA,AWP,WE,Federal Contract Tower,0,10,4,0,14,0,38,88,14,140,0,48,92,14,154,30,14,44,198
06/06/2008,CIC,CA,AWP,WE,Federal Contract Tower,0,11,4,0,15,2,38,53,30,123,2,49,57,30,138,68,2,70,208
06/07/2008,CIC,CA,AWP,WE,Federal Contract Tower,0,7,2,0,9,0,27,45,0,72,0,34,47,0,81,36,0,36,117
06/08/2008,CIC,CA,AWP,WE,Federal Contract Tower,0,6,2,0,8,0,14,44,0,58,0,20,46,0,66,12,0,12,78
06/09/2008,CIC,CA,AWP,WE,Federal Contract Tower,0,10,3,0,13,0,33,64,2,99,0,43,67,2,112,30,10,40,152
06/10/2008,CIC,CA,AWP,WE,Federal Contract Tower,0,10,3,1,14,0,31,28,1,60,0,41,31,2,74,0,0,0,74
06/11/2008,CIC,CA,AWP,WE,Federal Contract Tower,0,11,1,0,12,10,86,47,0,143,10,97,48,0,155,20,0,20,175
06/12/2008,CIC,CA,AWP,WE,Federal Contract Tower,0,9,5,1,15,39,160,68,1,268,39,169,73,2,283,52,0,52,335
06/13/2008,CIC,CA,AWP,WE,Federal Contract Tower,0,12,0,0,12,32,170,70,29,301,32,182,70,29,313,86,22,108,421
06/14/2008,CIC,CA,AWP,WE,Federal Contract Tower,0,9,3,0,12,9,53,101,34,197,9,62,104,34,209,84,36,120,329
06/15/2008,CIC,CA,AWP,WE,Federal Contract Tower,0,6,1,0,7,1,35,67,5,108,1,41,68,5,115,22,4,26,141
06/16/2008,CIC,CA,AWP,WE,Federal Contract Tower,0,9,4,2,15,0,23,87,2,112,0,32,91,4,127,4,0,4,131
06/17/2008,CIC,CA,AWP,WE,Federal Contract Tower,0,12,5,0,17,0,23,109,0,132,0,35,114,0,149,116,0,116,265
06/18/2008,CIC,CA,AWP,WE,Federal Contract Tower,0,10,1,0,11,0,25,56,14,95,0,35,57,14,106,52,0,52,158
06/19/2008,CIC,CA,AWP,WE,Federal Contract Tower,1,12,5,2,20,10,44,58,6,118,11,56,63,8,138,62,4,66,204
06/20/2008,CIC,CA,AWP,WE,Federal Contract Tower,0,18,2,0,20,1,35,85,4,125,1,53,87,4,145,64,10,74,219
06/21/2008,CIC,CA,AWP,WE,Federal Contract Tower,0,7,0,0,7,26,34,112,0,172,26,41,112,0,179,68,0,68,247
06/22/2008,CIC,CA,AWP,WE,Federal Contract Tower,1,8,1,0,10,30,39,80,0,149,31,47,81,0,159,34,0,34,193
06/23/2008,CIC,CA,AWP,WE,Federal Contract Tower,0,4,12,8,24,23,41,47,5,116,23,45,59,13,140,58,0,58,198
06/24/2008,CIC,CA,AWP,WE,Federal Contract Tower,1,31,23,11,66,0,0,0,0,0,1,31,23,11,66,0,0,0,66
06/25/2008,CIC,CA,AWP,WE,Federal Contract Tower,0,30,27,6,63,0,0,2,0,2,0,30,29,6,65,6,0,6,71
06/26/2008,CIC,CA,AWP,WE,Federal Contract Tower,2,20,21,5,48,3,21,19,42,85,5,41,40,47,133,18,28,46,179
06/27/2008,CIC,CA,AWP,WE,Federal Contract Tower,0,20,22,27,69,0,12,0,0,12,0,32,22,27,81,2,0,2,83
06/28/2008,CIC,CA,AWP,WE,Federal Contract Tower,0,4,5,1,10,1,20,36,8,65,1,24,41,9,75,44,2,46,121
06/29/2008,CIC,CA,AWP,WE,Federal Contract Tower,0,7,8,2,17,1,20,56,29,106,1,27,64,31,123,16,12,28,151
06/30/2008,CIC,CA,AWP,WE,Federal Contract Tower,2,29,12,2,45,7,59,26,9,101,9,88,38,11,146,26,0,26,172
07/01/2008,CIC,CA,AWP,WE,Federal Contract Tower,0,13,2,1,16,12,69,64,6,151,12,82,66,7,167,0,0,0,167
07/02/2008,CIC,CA,AWP,WE,Federal Contract Tower,0,21,3,3,27,2,67,42,5,116,2,88,45,8,143,4,0,4,147
07/03/2008,CIC,CA,AWP,WE,Federal Contract Tower,0,11,7,3,21,21,92,63,32,208,21,103,70,35,229,56,64,120,349
07/04/2008,CIC,CA,AWP,WE,Federal Contract Tower,0,5,3,0,8,12,73,73,23,181,12,78,76,23,189,64,20,84,273
07/05/2008,CIC,CA,AWP,WE,Federal Contract Tower,0,7,0,0,7,0,31,55,16,102,0,38,55,16,109,40,2,42,151
07/06/2008,CIC,CA,AWP,WE,Federal Contract Tower,0,8,11,0,19,2,36,53,27,118,2,44,64,27,137,64,14,78,215
07/07/2008,CIC,CA,AWP,WE,Federal Contract Tower,0,8,11,2,21,13,83,78,25,199,13,91,89,27,220,20,6,26,246
07/08/2008,CIC,CA,AWP,WE,Federal Contract Tower,0,12,6,2,20,12,59,78,27,176,12,71,84,29,196,84,10,94,290
07/09/2008,CIC,CA,AWP,WE,Federal Contract Tower,0,21,24,0,45,0,45,27,0,72,0,66,51,0,117,42,8,50,167
07/10/2008,CIC,CA,AWP,WE,Federal Contract Tower,0,29,14,4,47,0,0,31,2,33,0,29,45,6,80,66,6,72,152
07/11/2008,CIC,CA,AWP,WE,Federal Contract Tower,1,64,17,40,122,0,0,0,0,0,1,64,17,40,122,14,0,14,136
07/12/2008,CIC,CA,AWP,WE,Federal Contract Tower,0,7,6,3,16,0,25,69,34,128,0,32,75,37,144,28,24,52,196
07/13/2008,CIC,CA,AWP,WE,Federal Contract Tower,1,6,1,0,8,0,45,24,29,98,1,51,25,29,106,10,2,12,118
07/14/2008,CIC,CA,AWP,WE,Federal Contract Tower,0,17,5,2,24,0,29,66,36,131,0,46,71,38,155,56,0,56,211
07/15/2008,CIC,CA,AWP,WE,Federal Contract Tower,0,15,17,2,34,6,40,54,37,137,6,55,71,39,171,76,6,82,253
07/16/2008,CIC,CA,AWP,WE,Federal Contract Tower,0,13,5,0,18,3,33,85,44,165,3,46,90,44,183,120,16,136,319
07/17/2008,CIC,CA,AWP,WE,Federal Contract Tower,0,16,15,0,31,15,68,54,32,169,15,84,69,32,200,108,50,158,358
07/18/2008,CIC,CA,AWP,WE,Federal Contract Tower,0,14,4,0,18,0,74,61,47,182,0,88,65,47,200,150,30,180,380
07/19/2008,CIC,CA,AWP,WE,Federal Contract Tower,0,7,4,0,11,5,79,49,28,161,5,86,53,28,172,14,8,22,194
07/20/2008,CIC,CA,AWP,WE,Federal Contract Tower,0,6,6,0,12,0,53,96,24,173,0,59,102,24,185,50,20,70,255
07/21/2008,CIC,CA,AWP,WE,Federal Contract Tower,0,9,2,1,12,2,53,93,37,185,2,62,95,38,197,0,0,0,197
07/22/2008,CIC,CA,AWP,WE,Federal Contract Tower,0,11,3,2,16,7,38,89,33,167,7,49,92,35,183,58,0,58,241
07/23/2008,CIC,CA,AWP,WE,Federal Contract Tower,0,12,4,0,16,1,40,60,13,114,1,52,64,13,130,60,0,60,190
07/24/2008,CIC,CA,AWP,WE,Federal Contract Tower,0,11,4,0,15,0,75,71,30,176,0,86,75,30,191,184,36,220,411
07/25/2008,CIC,CA,AWP,WE,Federal Contract Tower,0,12,2,2,16,0,96,29,18,143,0,108,31,20,159,28,26,54,213
07/26/2008,CIC,CA,AWP,WE,Federal Contract Tower,0,11,5,0,16,2,88,57,20,167,2,99,62,20,183,70,24,94,277
07/27/2008,CIC,CA,AWP,WE,Federal Contract Tower,0,6,3,0,9,0,54,79,10,143,0,60,82,10,152,30,0,30,182
07/28/2008,CIC,CA,AWP,WE,Federal Contract Tower,0,10,1,0,11,1,53,86,12,152,1,63,87,12,163,0,0,0,163
07/29/2008,CIC,CA,AWP,WE,Federal Contract Tower,0,11,0,0,11,0,60,82,9,151,0,71,82,9,162,22,0,22,184
07/30/2008,CIC,CA,AWP,WE,Federal Contract Tower,0,11,5,0,16,0,36,68,14,118,0,47,73,14,134,108,0,108,242
07/31/2008,CIC,CA,AWP,WE,Federal Contract Tower,0,9,4,2,15,1,50,84,14,149,1,59,88,16,164,112,24,136,300
08/01/2008,CIC,CA,AWP,WE,Federal Contract Tower,0,10,2,0,12,0,96,69,8,173,0,106,71,8,185,160,2,162,347
08/02/2008,CIC,CA,AWP,WE,Federal Contract Tower,0,7,3,0,10,0,48,65,12,125,0,55,68,12,135,58,8,66,201
08/03/2008,CIC,CA,AWP,WE,Federal Contract Tower,0,6,4,0,10,0,94,70,2,166,0,100,74,2,176,62,2,64,240
08/04/2008,CIC,CA,AWP,WE,Federal Contract Tower,0,9,3,0,12,10,88,86,11,195,10,97,89,11,207,66,28,94,301
08/05/2008,CIC,CA,AWP,WE,Federal Contract Tower,0,11,1,0,12,14,92,93,4,203,14,103,94,4,215,84,10,94,309
08/06/2008,CIC,CA,AWP,WE,Federal Contract Tower,0,11,8,1,20,0,93,68,0,161,0,104,76,1,181,42,0,42,223
08/07/2008,CIC,CA,AWP,WE,Federal Contract Tower,0,12,3,2,17,14,80,89,0,183,14,92,92,2,200,60,0,60,260
08/08/2008,CIC,CA,AWP,WE,Federal Contract Tower,0,8,3,2,13,8,81,58,0,147,8,89,61,2,160,38,0,38,198
08/09/2008,CIC,CA,AWP,WE,Federal Contract Tower,0,8,0,0,8,1,28,73,0,102,1,36,73,0,110,80,0,80,190
08/10/2008,CIC,CA,AWP,WE,Federal Contract Tower,0,7,1,0,8,0,42,75,0,117,0,49,76,0,125,26,0,26,151
08/11/2008,CIC,CA,AWP,WE,Federal Contract Tower,0,8,2,0,10,2,33,72,0,107,2,41,74,0,117,40,0,40,157
08/12/2008,CIC,CA,AWP,WE,Federal Contract Tower,0,9,3,0,12,0,40,76,0,116,0,49,79,0,128,48,0,48,176
08/13/2008,CIC,CA,AWP,WE,Federal Contract Tower,0,10,1,0,11,0,24,69,0,93,0,34,70,0,104,12,0,12,116
08/14/2008,CIC,CA,AWP,WE,Federal Contract Tower,0,10,0,0,10,0,45,58,0,103,0,55,58,0,113,38,0,38,151
08/15/2008,CIC,CA,AWP,WE,Federal Contract Tower,0,9,1,0,10,7,57,64,0,128,7,66,65,0,138,28,0,28,166
08/16/2008,CIC,CA,AWP,WE,Federal Contract Tower,0,6,2,0,8,0,44,57,0,101,0,50,59,0,109,86,0,86,195
08/17/2008,CIC,CA,AWP,WE,Federal Contract Tower,0,4,2,0,6,0,16,54,0,70,0,20,56,0,76,14,0,14,90
08/18/2008,CIC,CA,AWP,WE,Federal Contract Tower,0,11,7,0,18,1,30,48,0,79,1,41,55,0,97,84,0,84,181
08/19/2008,CIC,CA,AWP,WE,Federal Contract Tower,0,8,5,2,15,0,21,75,0,96,0,29,80,2,111,62,0,62,173
08/20/2008,CIC,CA,AWP,WE,Federal Contract Tower,0,10,3,0,13,0,27,71,0,98,0,37,74,0,111,112,0,112,223
08/21/2008,CIC,CA,AWP,WE,Federal Contract Tower,0,10,2,0,12,0,39,69,0,108,0,49,71,0,120,150,0,150,270
08/22/2008,CIC,CA,AWP,WE,Federal Contract Tower,0,9,4,2,15,0,32,59,5,96,0,41,63,7,111,16,16,32,143
08/23/2008,CIC,CA,AWP,WE,Federal Contract Tower,0,2,5,0,7,0,36,66,0,102,0,38,71,0,109,78,0,78,187
08/24/2008,CIC,CA,AWP,WE,Federal Contract Tower,0,6,3,0,9,4,11,96,0,111,4,17,99,0,120,50,0,50,170
08/25/2008,CIC,CA,AWP,WE,Federal Contract Tower,0,8,5,2,15,0,21,70,0,91,0,29,75,2,106,48,0,48,154
08/26/2008,CIC,CA,AWP,WE,Federal Contract Tower,0,10,3,0,13,2,41,61,0,104,2,51,64,0,117,100,0,100,217
08/27/2008,CIC,CA,AWP,WE,Federal Contract Tower,0,8,5,0,13,2,23,67,4,96,2,31,72,4,109,34,2,36,145
08/28/2008,CIC,CA,AWP,WE,Federal Contract Tower,0,12,3,0,15,0,36,62,0,98,0,48,65,0,113,54,0,54,167
08/29/2008,CIC,CA,AWP,WE,Federal Contract Tower,0,10,3,0,13,4,49,58,0,111,4,59,61,0,124,186,0,186,310
08/30/2008,CIC,CA,AWP,WE,Federal Contract Tower,0,4,1,0,5,19,35,87,0,141,19,39,88,0,146,82,0,82,228
08/31/2008,CIC,CA,AWP,WE,Federal Contract Tower,1,5,0,0,6,6,36,89,0,131,7,41,89,0,137,48,0,48,185
09/01/2008,CIC,CA,AWP,WE,Federal Contract Tower,0,6,1,0,7,14,24,50,0,88,14,30,51,0,95,0,0,0,95
09/02/2008,CIC,CA,AWP,WE,Federal Contract Tower,0,10,1,0,11,0,32,69,0,101,0,42,70,0,112,70,0,70,182
09/03/2008,CIC,CA,AWP,WE,Federal Contract Tower,0,15,4,0,19,8,26,58,0,92,8,41,62,0,111,86,0,86,197
09/04/2008,CIC,CA,AWP,WE,Federal Contract Tower,0,14,0,0,14,4,18,58,0,80,4,32,58,0,94,98,0,98,192
09/05/2008,CIC,CA,AWP,WE,Federal Contract Tower,0,12,4,0,16,1,20,73,0,94,1,32,77,0,110,28,0,28,138
09/06/2008,CIC,CA,AWP,WE,Federal Contract Tower,0,5,0,0,5,5,27,72,0,104,5,32,72,0,109,102,0,102,211
09/07/2008,CIC,CA,AWP,WE,Federal Contract Tower,0,6,1,0,7,2,26,104,0,132,2,32,105,0,139,54,0,54,193
09/08/2008,CIC,CA,AWP,WE,Federal Contract Tower,0,7,5,0,12,5,30,80,0,115,5,37,85,0,127,32,0,32,159
09/09/2008,CIC,CA,AWP,WE,Federal Contract Tower,0,9,10,0,19,1,41,84,0,126,1,50,94,0,145,134,0,134,279
09/10/2008,CIC,CA,AWP,WE,Federal Contract Tower,0,9,5,0,14,0,29,71,0,100,0,38,76,0,114,90,0,90,204
09/11/2008,CIC,CA,AWP,WE,Federal Contract Tower,0,9,1,0,10,3,27,73,0,103,3,36,74,0,113,104,0,104,217
09/12/2008,CIC,CA,AWP,WE,Federal Contract Tower,0,13,0,0,13,4,19,56,4,83,4,32,56,4,96,54,2,56,152
09/13/2008,CIC,CA,AWP,WE,Federal Contract Tower,0,6,1,0,7,0,9,86,0,95,0,15,87,0,102,40,0,40,142
09/14/2008,CIC,CA,AWP,WE,Federal Contract Tower,0,7,5,0,12,0,19,67,0,86,0,26,72,0,98,60,0,60,158
09/15/2008,CIC,CA,AWP,WE,Federal Contract Tower,0,9,2,0,11,9,15,67,0,91,9,24,69,0,102,114,0,114,216
09/16/2008,CIC,CA,AWP,WE,Federal Contract Tower,0,11,0,1,12,2,22,55,1,80,2,33,55,2,92,70,22,92,184
09/17/2008,CIC,CA,AWP,WE,Federal Contract Tower,0,10,1,4,15,5,31,79,4,119,5,41,80,8,134,50,0,50,184
09/18/2008,CIC,CA,AWP,WE,Federal Contract Tower,0,9,0,0,9,1,25,74,2,102,1,34,74,2,111,98,0,98,209
09/19/2008,CIC,CA,AWP,WE,Federal Contract Tower,0,9,6,0,15,0,18,75,11,104,0,27,81,11,119,82,10,92,211
09/20/2008,CIC,CA,AWP,WE,Federal Contract Tower,0,7,0,0,7,0,11,56,0,67,0,18,56,0,74,44,0,44,118
09/21/2008,CIC,CA,AWP,WE,Federal Contract Tower,0,6,0,0,6,0,2,85,0,87,0,8,85,0,93,30,0,30,123
09/22/2008,CIC,CA,AWP,WE,Federal Contract Tower,0,8,3,2,13,0,26,64,0,90,0,34,67,2,103,10,20,30,133
09/23/2008,CIC,CA,AWP,WE,Federal Contract Tower,0,12,0,0,12,0,23,80,0,103,0,35,80,0,115,50,0,50,165
09/24/2008,CIC,CA,AWP,WE,Federal Contract Tower,0,9,3,2,14,0,23,60,4,87,0,32,63,6,101,36,4,40,141
09/25/2008,CIC,CA,AWP,WE,Federal Contract Tower,0,9,5,3,17,1,40,54,12,107,1,49,59,15,124,58,43,101,225
09/26/2008,CIC,CA,AWP,WE,Federal Contract Tower,0,7,0,1,8,1,19,88,8,116,1,26,88,9,124,26,16,42,166
09/27/2008,CIC,CA,AWP,WE,Federal Contract Tower,0,4,1,1,6,0,22,230,22,274,0,26,231,23,280,116,34,150,430
09/28/2008,CIC,CA,AWP,WE,Federal Contract Tower,0,6,4,5,15,0,5,72,1,78,0,11,76,6,93,8,0,8,101
09/29/2008,CIC,CA,AWP,WE,Federal Contract Tower,0,9,2,2,13,0,38,53,3,94,0,47,55,5,107,80,0,80,187
09/30/2008,CIC,CA,AWP,WE,Federal Contract Tower,0,10,4,0,14,0,27,92,6,125,0,37,96,6,139,78,16,94,233
10/01/2008,CIC,CA,AWP,WE,Federal Contract Tower,0,9,0,0,9,1,22,75,1,99,1,31,75,1,108,34,0,34,142
10/02/2008,CIC,CA,AWP,WE,Federal Contract Tower,0,11,5,0,16,0,18,54,1,73,0,29,59,1,89,12,0,12,101
10/03/2008,CIC,CA,AWP,WE,Federal Contract Tower,0,12,10,0,22,0,8,35,0,43,0,20,45,0,65,38,0,38,103
10/04/2008,CIC,CA,AWP,WE,Federal Contract Tower,0,9,7,0,16,0,2,28,0,30,0,11,35,0,46,28,0,28,74
10/05/2008,CIC,CA,AWP,WE,Federal Contract Tower,0,7,4,0,11,0,8,68,0,76,0,15,72,0,87,50,0,50,137
10/06/2008,CIC,CA,AWP,WE,Federal Contract Tower,0,11,0,0,11,0,26,66,0,92,0,37,66,0,103,34,0,34,137
10/07/2008,CIC,CA,AWP,WE,Federal Contract Tower,0,8,5,1,14,0,25,72,4,101,0,33,77,5,115,40,10,50,165
10/08/2008,CIC,CA,AWP,WE,Federal Contract Tower,0,11,2,4,17,0,23,67,2,92,0,34,69,6,109,48,10,58,167
10/09/2008,CIC,CA,AWP,WE,Federal Contract Tower,0,12,0,0,12,0,25,27,0,52,0,37,27,0,64,18,0,18,82
10/10/2008,CIC,CA,AWP,WE,Federal Contract Tower,0,11,1,2,14,0,36,39,0,75,0,47,40,2,89,34,4,38,127
10/11/2008,CIC,CA,AWP,WE,Federal Contract Tower,0,5,0,0,5,0,15,53,0,68,0,20,53,0,73,6,0,6,79
10/12/2008,CIC,CA,AWP,WE,Federal Contract Tower,0,6,2,0,8,0,22,72,0,94,0,28,74,0,102,24,0,24,126
10/13/2008,CIC,CA,AWP,WE,Federal Contract Tower,0,9,2,0,11,0,10,62,0,72,0,19,64,0,83,62,0,62,145
10/14/2008,CIC,CA,AWP,WE,Federal Contract Tower,0,9,2,2,13,0,27,78,0,105,0,36,80,2,118,80,0,80,198
10/15/2008,CIC,CA,AWP,WE,Federal Contract Tower,0,9,2,1,12,0,29,77,1,107,0,38,79,2,119,58,0,58,177
10/16/2008,CIC,CA,AWP,WE,Federal Contract Tower,0,9,5,0,14,1,19,72,3,95,1,28,77,3,109,72,0,72,181
10/17/2008,CIC,CA,AWP,WE,Federal Contract Tower,0,6,1,0,7,1,26,70,0,97,1,32,71,0,104,132,0,132,236
10/18/2008,CIC,CA,AWP,WE,Federal Contract Tower,0,6,1,0,7,2,20,80,0,102,2,26,81,0,109,34,0,34,143
10/19/2008,CIC,CA,AWP,WE,Federal Contract Tower,0,6,0,0,6,0,4,82,0,86,0,10,82,0,92,10,0,10,102
10/20/2008,CIC,CA,AWP,WE,Federal Contract Tower,0,10,4,0,14,0,33,57,0,90,0,43,61,0,104,50,0,50,154
10/21/2008,CIC,CA,AWP,WE,Federal Contract Tower,0,9,2,5,16,1,15,62,0,78,1,24,64,5,94,0,16,16,110
10/22/2008,CIC,CA,AWP,WE,Federal Contract Tower,0,11,3,1,15,2,25,47,0,74,2,36,50,1,89,120,0,120,209
10/23/2008,CIC,CA,AWP,WE,Federal Contract Tower,0,11,2,2,15,2,21,72,0,95,2,32,74,2,110,52,0,52,162
10/24/2008,CIC,CA,AWP,WE,Federal Contract Tower,0,10,3,0,13,0,28,85,0,113,0,38,88,0,126,78,0,78,204
10/25/2008,CIC,CA,AWP,WE,Federal Contract Tower,0,6,1,0,7,0,7,76,0,83,0,13,77,0,90,32,0,32,122
10/26/2008,CIC,CA,AWP,WE,Federal Contract Tower,0,6,2,0,8,4,6,103,0,113,4,12,105,0,121,48,0,48,169
10/27/2008,CIC,CA,AWP,WE,Federal Contract Tower,0,9,4,0,13,4,29,71,0,104,4,38,75,0,117,22,0,22,139
10/28/2008,CIC,CA,AWP,WE,Federal Contract Tower,0,9,2,0,11,0,19,73,0,92,0,28,75,0,103,38,0,38,141
10/29/2008,CIC,CA,AWP,WE,Federal Contract Tower,0,14,2,1,17,1,20,84,1,106,1,34,86,2,123,78,32,110,233
10/30/2008,CIC,CA,AWP,WE,Federal Contract Tower,0,12,6,0,18,0,17,40,0,57,0,29,46,0,75,46,0,46,121
10/31/2008,CIC,CA,AWP,WE,Federal Contract Tower,0,12,7,0,19,0,12,25,0,37,0,24,32,0,56,8,0,8,64
11/01/2008,CIC,CA,AWP,WE,Federal Contract Tower,0,6,5,0,11,0,2,4,0,6,0,8,9,0,17,4,0,4,21
11/02/2008,CIC,CA,AWP,WE,Federal Contract Tower,0,5,5,0,10,0,4,12,0,16,0,9,17,0,26,0,0,0,26
11/03/2008,CIC,CA,AWP,WE,Federal Contract Tower,0,15,5,0,20,0,1,14,0,15,0,16,19,0,35,0,0,0,35
11/04/2008,CIC,CA,AWP,WE,Federal Contract Tower,0,12,4,0,16,0,12,51,0,63,0,24,55,0,79,28,0,28,107
11/05/2008,CIC,CA,AWP,WE,Federal Contract Tower,0,15,0,0,15,0,24,34,0,58,0,39,34,0,73,0,0,0,73
11/06/2008,CIC,CA,AWP,WE,Federal Contract Tower,0,13,2,0,15,0,16,48,0,64,0,29,50,0,79,20,0,20,99
11/07/2008,CIC,CA,AWP,WE,Federal Contract Tower,0,10,1,0,11,0,16,86,0,102,0,26,87,0,113,28,0,28,141
11/08/2008,CIC,CA,AWP,WE,Federal Contract Tower,0,6,7,0,13,0,11,65,0,76,0,17,72,0,89,28,0,28,117
11/09/2008,CIC,CA,AWP,WE,Federal Contract Tower,0,4,3,2,9,0,10,65,0,75,0,14,68,2,84,28,0,28,112
11/10/2008,CIC,CA,AWP,WE,Federal Contract Tower,0,10,2,0,12,0,27,53,0,80,0,37,55,0,92,24,0,24,116
11/11/2008,CIC,CA,AWP,WE,Federal Contract Tower,1,8,3,0,12,0,7,48,0,55,1,15,51,0,67,0,0,0,67
11/12/2008,CIC,CA,AWP,WE,Federal Contract Tower,0,12,2,0,14,0,21,76,0,97,0,33,78,0,111,10,0,10,121
11/13/2008,CIC,CA,AWP,WE,Federal Contract Tower,0,11,2,0,13,0,28,69,0,97,0,39,71,0,110,8,0,8,118
11/14/2008,CIC,CA,AWP,WE,Federal Contract Tower,0,9,2,0,11,2,19,43,0,64,2,28,45,0,75,14,0,14,89
11/15/2008,CIC,CA,AWP,WE,Federal Contract Tower,0,6,1,0,7,0,8,97,0,105,0,14,98,0,112,10,0,10,122
11/16/2008,CIC,CA,AWP,WE,Federal Contract Tower,0,6,3,0,9,0,23,83,0,106,0,29,86,0,115,26,0,26,141
11/17/2008,CIC,CA,AWP,WE,Federal Contract Tower,0,11,3,1,15,0,12,79,0,91,0,23,82,1,106,0,0,0,106
11/18/2008,CIC,CA,AWP,WE,Federal Contract Tower,0,11,1,0,12,0,20,63,9,92,0,31,64,9,104,12,4,16,120
11/19/2008,CIC,CA,AWP,WE,Federal Contract Tower,0,9,4,0,13,0,14,54,5,73,0,23,58,5,86,14,0,14,100
11/20/2008,CIC,CA,AWP,WE,Federal Contract Tower,0,9,7,3,19,0,23,27,4,54,0,32,34,7,73,58,0,58,131
11/21/2008,CIC,CA,AWP,WE,Federal Contract Tower,0,14,4,0,18,0,15,63,0,78,0,29,67,0,96,30,0,30,126
11/22/2008,CIC,CA,AWP,WE,Federal Contract Tower,0,6,1,0,7,0,16,56,0,72,0,22,57,0,79,62,0,62,141
11/23/2008,CIC,CA,AWP,WE,Federal Contract Tower,0,6,3,0,9,2,6,57,0,65,2,12,60,0,74,24,0,24,98
11/24/2008,CIC,CA,AWP,WE,Federal Contract Tower,0,12,6,2,20,1,21,80,0,102,1,33,86,2,122,26,8,34,156
11/25/2008,CIC,CA,AWP,WE,Federal Contract Tower,0,15,3,0,18,1,12,70,0,83,1,27,73,0,101,24,0,24,125
11/26/2008,CIC,CA,AWP,WE,Federal Contract Tower,0,16,4,0,20,0,23,35,0,58,0,39,39,0,78,22,0,22,100
11/27/2008,CIC,CA,AWP,WE,Federal Contract Tower,0,5,2,0,7,0,9,30,0,39,0,14,32,0,46,8,0,8,54
11/28/2008,CIC,CA,AWP,WE,Federal Contract Tower,0,12,6,0,18,0,8,24,0,32,0,20,30,0,50,2,0,2,52
11/29/2008,CIC,CA,AWP,WE,Federal Contract Tower,0,7,1,0,8,0,6,68,0,74,0,13,69,0,82,46,0,46,128
11/30/2008,CIC,CA,AWP,WE,Federal Contract Tower,0,6,0,0,6,0,2,86,0,88,0,8,86,0,94,52,0,52,146
12/01/2008,CIC,CA,AWP,WE,Federal Contract Tower,0,12,2,0,14,0,16,60,2,78,0,28,62,2,92,14,0,14,106
12/02/2008,CIC,CA,AWP,WE,Federal Contract Tower,3,18,13,2,36,0,14,39,0,53,3,32,52,2,89,16,10,26,115
12/03/2008,CIC,CA,AWP,WE,Federal Contract Tower,0,22,5,0,27,0,11,40,0,51,0,33,45,0,78,22,0,22,100
12/04/2008,CIC,CA,AWP,WE,Federal Contract Tower,1,11,5,0,17,1,16,42,0,59,2,27,47,0,76,96,0,96,172
12/05/2008,CIC,CA,AWP,WE,Federal Contract Tower,0,14,3,0,17,0,29,49,0,78,0,43,52,0,95,58,0,58,153
12/06/2008,CIC,CA,AWP,WE,Federal Contract Tower,0,5,4,0,9,0,2,11,0,13,0,7,15,0,22,50,0,50,72
12/07/2008,CIC,CA,AWP,WE,Federal Contract Tower,0,8,7,0,15,0,0,0,0,0,0,8,7,0,15,2,0,2,17
12/08/2008,CIC,CA,AWP,WE,Federal Contract Tower,0,12,11,1,24,0,10,28,1,39,0,22,39,2,63,10,20,30,93
12/09/2008,CIC,CA,AWP,WE,Federal Contract Tower,0,10,6,2,18,1,19,83,0,103,1,29,89,2,121,12,30,42,163
12/10/2008,CIC,CA,AWP,WE,Federal Contract Tower,0,11,2,0,13,0,20,66,0,86,0,31,68,0,99,58,0,58,157
12/11/2008,CIC,CA,AWP,WE,Federal Contract Tower,0,9,5,0,14,0,24,82,0,106,0,33,87,0,120,82,0,82,202
12/12/2008,CIC,CA,AWP,WE,Federal Contract Tower,0,13,6,0,19,0,18,56,0,74,0,31,62,0,93,22,0,22,115
12/13/2008,CIC,CA,AWP,WE,Federal Contract Tower,0,6,2,0,8,0,15,53,0,68,0,21,55,0,76,36,0,36,112
12/14/2008,CIC,CA,AWP,WE,Federal Contract Tower,0,4,2,0,6,0,6,7,0,13,0,10,9,0,19,16,0,16,35
12/15/2008,CIC,CA,AWP,WE,Federal Contract Tower,0,18,0,0,18,0,15,1,0,16,0,33,1,0,34,0,0,0,34
12/16/2008,CIC,CA,AWP,WE,Federal Contract Tower,0,11,2,4,17,0,29,46,0,75,0,40,48,4,92,10,0,10,102
12/17/2008,CIC,CA,AWP,WE,Federal Contract Tower,0,12,0,1,13,0,21,90,1,112,0,33,90,2,125,44,0,44,169
12/18/2008,CIC,CA,AWP,WE,Federal Contract Tower,0,21,0,0,21,0,9,27,0,36,0,30,27,0,57,2,0,2,59
12/19/2008,CIC,CA,AWP,WE,Federal Contract Tower,0,14,4,0,18,0,18,34,0,52,0,32,38,0,70,32,0,32,102
12/20/2008,CIC,CA,AWP,WE,Federal Contract Tower,0,6,2,0,8,0,10,87,0,97,0,16,89,0,105,48,0,48,153
12/21/2008,CIC,CA,AWP,WE,Federal Contract Tower,0,4,2,0,6,0,0,0,0,0,0,4,2,0,6,0,0,0,6
12/22/2008,CIC,CA,AWP,WE,Federal Contract Tower,0,15,2,0,17,0,17,30,0,47,0,32,32,0,64,14,0,14,78
12/23/2008,CIC,CA,AWP,WE,Federal Contract Tower,0,14,6,1,21,0,16,51,1,68,0,30,57,2,89,42,12,54,143
12/24/2008,CIC,CA,AWP,WE,Federal Contract Tower,0,23,3,0,26,0,0,0,0,0,0,23,3,0,26,0,0,0,26
12/25/2008,CIC,CA,AWP,WE,Federal Contract Tower,0,5,0,0,5,0,0,4,0,4,0,5,4,0,9,2,0,2,11
12/26/2008,CIC,CA,AWP,WE,Federal Contract Tower,0,9,3,0,12,0,12,62,0,74,0,21,65,0,86,28,0,28,114
12/27/2008,CIC,CA,AWP,WE,Federal Contract Tower,0,10,6,0,16,0,3,46,0,49,0,13,52,0,65,2,0,2,67
12/28/2008,CIC,CA,AWP,WE,Federal Contract Tower,0,7,0,0,7,0,9,17,0,26,0,16,17,0,33,12,0,12,45
12/29/2008,CIC,CA,AWP,WE,Federal Contract Tower,0,10,4,0,14,0,24,43,0,67,0,34,47,0,81,12,0,12,93
12/30/2008,CIC,CA,AWP,WE,Federal Contract Tower,0,14,8,0,22,0,8,56,0,64,0,22,64,0,86,8,0,8,94
12/31/2008,CIC,CA,AWP,WE,Federal Contract Tower,0,9,5,0,14,0,9,31,0,40,0,18,36,0,54,6,0,6,60
01/01/2009,CIC,CA,AWP,WE,Federal Contract Tower,0,4,1,0,5,0,0,0,0,0,0,4,1,0,5,2,0,2,7
01/02/2009,CIC,CA,AWP,WE,Federal Contract Tower,0,23,4,0,27,0,0,0,0,0,0,23,4,0,27,0,0,0,27
01/03/2009,CIC,CA,AWP,WE,Federal Contract Tower,2,7,2,0,11,0,10,64,0,74,2,17,66,0,85,14,0,14,99
01/04/2009,CIC,CA,AWP,WE,Federal Contract Tower,0,7,2,2,11,0,2,66,3,71,0,9,68,5,82,56,8,64,146
01/05/2009,CIC,CA,AWP,WE,Federal Contract Tower,1,16,8,2,27,0,1,9,0,10,1,17,17,2,37,10,16,26,63
01/06/2009,CIC,CA,AWP,WE,Federal Contract Tower,0,10,15,1,26,0,11,39,0,50,0,21,54,1,76,36,18,54,130
01/07/2009,CIC,CA,AWP,WE,Federal Contract Tower,0,19,7,0,26,0,0,2,4,6,0,19,9,4,32,2,0,2,34
01/08/2009,CIC,CA,AWP,WE,Federal Contract Tower,0,15,5,0,20,0,14,15,0,29,0,29,20,0,49,16,0,16,65
01/09/2009,CIC,CA,AWP,WE,Federal Contract Tower,0,11,6,7,24,0,25,53,20,98,0,36,59,27,122,38,20,58,180
01/10/2009,CIC,CA,AWP,WE,Federal Contract Tower,0,6,3,2,11,0,7,93,0,100,0,13,96,2,111,112,0,112,223
01/11/2009,CIC,CA,AWP,WE,Federal Contract Tower,0,4,3,0,7,0,12,60,0,72,0,16,63,0,79,96,0,96,175
01/12/2009,CIC,CA,AWP,WE,Federal Contract Tower,0,12,1,5,18,0,13,48,1,62,0,25,49,6,80,60,34,94,174
01/13/2009,CIC,CA,AWP,WE,Federal Contract Tower,0,12,6,0,18,0,25,81,0,106,0,37,87,0,124,6,0,6,130
01/14/2009,CIC,CA,AWP,WE,Federal Contract Tower,0,8,3,2,13,0,15,66,3,84,0,23,69,5,97,24,8,32,129
01/15/2009,CIC,CA,AWP,WE,Federal Contract Tower,0,10,0,0,10,0,33,75,0,108,0,43,75,0,118,64,0,64,182
01/16/2009,CIC,CA,AWP,WE,Federal Contract Tower,0,12,0,0,12,0,25,60,0,85,0,37,60,0,97,44,0,44,141
01/17/2009,CIC,CA,AWP,WE,Federal Contract Tower,0,6,3,0,9,0,6,83,0,89,0,12,86,0,98,52,0,52,150
01/18/2009,CIC,CA,AWP,WE,Federal Contract Tower,0,7,2,0,9,0,8,75,0,83,0,15,77,0,92,28,0,28,120
01/19/2009,CIC,CA,AWP,WE,Federal Contract Tower,0,8,3,0,11,19,10,75,0,104,19,18,78,0,115,18,0,18,133
01/20/2009,CIC,CA,AWP,WE,Federal Contract Tower,0,12,9,2,23,0,17,80,2,99,0,29,89,4,122,10,0,10,132
01/21/2009,CIC,CA,AWP,WE,Federal Contract Tower,0,11,4,2,17,0,14,39,0,53,0,25,43,2,70,40,0,40,110
01/22/2009,CIC,CA,AWP,WE,Federal Contract Tower,1,17,11,3,32,0,0,0,0,0,1,17,11,3,32,0,0,0,32
01/23/2009,CIC,CA,AWP,WE,Federal Contract Tower,3,11,7,2,23,11,2,16,0,29,14,13,23,2,52,44,0,44,96
01/24/2009,CIC,CA,AWP,WE,Federal Contract Tower,3,10,4,0,17,1,2,1,0,4,4,12,5,0,21,24,0,24,45
01/25/2009,CIC,CA,AWP,WE,Federal Contract Tower,1,7,3,0,11,11,7,35,0,53,12,14,38,0,64,66,0,66,130
01/26/2009,CIC,CA,AWP,WE,Federal Contract Tower,0,11,3,0,14,5,15,35,0,55,5,26,38,0,69,10,0,10,79
01/27/2009,CIC,CA,AWP,WE,Federal Contract Tower,0,13,4,0,17,0,27,60,0,87,0,40,64,0,104,38,0,38,142
01/28/2009,CIC,CA,AWP,WE,Federal Contract Tower,0,11,2,1,14,1,17,49,0,67,1,28,51,1,81,94,0,94,175
01/29/2009,CIC,CA,AWP,WE,Federal Contract Tower,0,12,3,6,21,0,26,57,0,83,0,38,60,6,104,50,2,52,156
01/30/2009,CIC,CA,AWP,WE,Federal Contract Tower,0,6,4,1,11,0,25,100,1,126,0,31,104,2,137,80,2,82,219
01/31/2009,CIC,CA,AWP,WE,Federal Contract Tower,0,6,8,0,14,0,16,107,0,123,0,22,115,0,137,60,0,60,197
02/01/2009,CIC,CA,AWP,WE,Federal Contract Tower,0,7,2,0,9,0,3,80,0,83,0,10,82,0,92,30,0,30,122
02/02/2009,CIC,CA,AWP,WE,Federal Contract Tower,0,11,1,2,14,3,19,58,0,80,3,30,59,2,94,44,14,58,152
02/03/2009,CIC,CA,AWP,WE,Federal Contract Tower,0,13,4,0,17,11,20,69,0,100,11,33,73,0,117,106,0,106,223
02/04/2009,CIC,CA,AWP,WE,Federal Contract Tower,0,10,3,0,13,24,16,65,0,105,24,26,68,0,118,50,0,50,168
02/05/2009,CIC,CA,AWP,WE,Federal Contract Tower,0,16,11,0,27,0,1,8,0,9,0,17,19,0,36,10,0,10,46
02/06/2009,CIC,CA,AWP,WE,Federal Contract Tower,0,10,3,0,13,22,19,29,0,70,22,29,32,0,83,88,0,88,171
02/07/2009,CIC,CA,AWP,WE,Federal Contract Tower,0,6,4,0,10,5,4,64,0,73,5,10,68,0,83,56,0,56,139
02/08/2009,CIC,CA,AWP,WE,Federal Contract Tower,0,5,4,0,9,0,2,19,0,21,0,7,23,0,30,6,0,6,36
02/09/2009,CIC,CA,AWP,WE,Federal Contract Tower,0,10,2,6,18,2,8,44,0,54,2,18,46,6,72,32,2,34,106
02/10/2009,CIC,CA,AWP,WE,Federal Contract Tower,0,13,4,0,17,4,18,41,0,63,4,31,45,0,80,22,0,22,102
02/11/2009,CIC,CA,AWP,WE,Federal Contract Tower,0,17,4,0,21,0,12,9,0,21,0,29,13,0,42,0,0,0,42
02/12/2009,CIC,CA,AWP,WE,Federal Contract Tower,0,10,3,0,13,43,20,31,4,98,43,30,34,4,111,84,0,84,195
02/13/2009,CIC,CA,AWP,WE,Federal Contract Tower,0,17,4,0,21,2,11,14,8,35,2,28,18,8,56,0,0,0,56
02/14/2009,CIC,CA,AWP,WE,Federal Contract Tower,0,10,1,0,11,0,5,10,0,15,0,15,11,0,26,12,0,12,38
02/15/2009,CIC,CA,AWP,WE,Federal Contract Tower,0,4,2,0,6,0,0,2,0,2,0,4,4,0,8,0,0,0,8
02/16/2009,CIC,CA,AWP,WE,Federal Contract Tower,0,14,5,0,19,0,4,8,0,12,0,18,13,0,31,18,0,18,49
02/17/2009,CIC,CA,AWP,WE,Federal Contract Tower,0,26,3,0,29,0,6,4,0,10,0,32,7,0,39,0,0,0,39
02/18/2009,CIC,CA,AWP,WE,Federal Contract Tower,0,12,2,2,16,0,35,45,2,82,0,47,47,4,98,44,0,44,142
02/19/2009,CIC,CA,AWP,WE,Federal Contract Tower,0,8,1,4,13,30,23,85,2,140,30,31,86,6,153,108,36,144,297
02/20/2009,CIC,CA,AWP,WE,Federal Contract Tower,0,10,3,1,14,30,35,109,0,174,30,45,112,1,188,164,4,168,356
02/21/2009,CIC,CA,AWP,WE,Federal Contract Tower,0,4,3,2,9,29,6,79,0,114,29,10,82,2,123,118,0,118,241
02/22/2009,CIC,CA,AWP,WE,Federal Contract Tower,0,1,4,1,6,0,0,0,0,0,0,1,4,1,6,0,0,0,6
02/23/2009,CIC,CA,AWP,WE,Federal Contract Tower,0,14,7,0,21,9,7,4,0,20,9,21,11,0,41,0,0,0,41
02/24/2009,CIC,CA,AWP,WE,Federal Contract Tower,0,10,3,0,13,19,14,48,0,81,19,24,51,0,94,60,0,60,154
02/25/2009,CIC,CA,AWP,WE,Federal Contract Tower,0,15,6,0,21,10,10,24,0,44,10,25,30,0,65,0,0,0,65
02/26/2009,CIC,CA,AWP,WE,Federal Contract Tower,0,13,4,2,19,0,9,29,0,38,0,22,33,2,57,14,0,14,71
02/27/2009,CIC,CA,AWP,WE,Federal Contract Tower,0,12,3,0,15,0,16,68,0,84,0,28,71,0,99,42,0,42,141
02/28/2009,CIC,CA,AWP,WE,Federal Contract Tower,0,4,1,0,5,0,6,69,0,75,0,10,70,0,80,72,0,72,152
03/01/2009,CIC,CA,AWP,WE,Federal Contract Tower,0,4,4,0,8,0,0,0,0,0,0,4,4,0,8,0,0,0,8
03/02/2009,CIC,CA,AWP,WE,Federal Contract Tower,0,13,2,0,15,0,8,2,0,10,0,21,4,0,25,0,0,0,25
03/03/2009,CIC,CA,AWP,WE,Federal Contract Tower,0,12,4,0,16,0,3,11,0,14,0,15,15,0,30,0,0,0,30
03/04/2009,CIC,CA,AWP,WE,Federal Contract Tower,0,15,8,0,23,1,3,15,0,19,1,18,23,0,42,0,0,0,42
03/05/2009,CIC,CA,AWP,WE,Federal Contract Tower,0,12,5,0,17,1,19,60,0,80,1,31,65,0,97,6,0,6,103
03/06/2009,CIC,CA,AWP,WE,Federal Contract Tower,0,11,6,0,17,0,27,51,0,78,0,38,57,0,95,58,0,58,153
03/07/2009,CIC,CA,AWP,WE,Federal Contract Tower,0,5,1,0,6,0,8,140,0,148,0,13,141,0,154,62,0,62,216
03/08/2009,CIC,CA,AWP,WE,Federal Contract Tower,0,6,0,0,6,0,2,66,0,68,0,8,66,0,74,12,0,12,86
03/09/2009,CIC,CA,AWP,WE,Federal Contract Tower,0,11,2,3,16,0,19,51,0,70,0,30,53,3,86,0,0,0,86
03/10/2009,CIC,CA,AWP,WE,Federal Contract Tower,0,9,1,1,11,0,10,74,2,86,0,19,75,3,97,66,2,68,165
03/11/2009,CIC,CA,AWP,WE,Federal Contract Tower,0,8,1,4,13,0,16,76,5,97,0,24,77,9,110,50,66,116,226
03/12/2009,CIC,CA,AWP,WE,Federal Contract Tower,0,8,5,0,13,0,16,93,0,109,0,24,98,0,122,68,0,68,190
03/13/2009,CIC,CA,AWP,WE,Federal Contract Tower,0,10,5,0,15,0,26,81,0,107,0,36,86,0,122,56,0,56,178
03/14/2009,CIC,CA,AWP,WE,Federal Contract Tower,0,4,7,0,11,0,11,56,0,67,0,15,63,0,78,18,0,18,96
03/15/2009,CIC,CA,AWP,WE,Federal Contract Tower,0,3,8,0,11,0,2,9,0,11,0,5,17,0,22,2,0,2,24
03/16/2009,CIC,CA,AWP,WE,Federal Contract Tower,0,14,4,0,18,0,16,23,0,39,0,30,27,0,57,0,0,0,57
03/17/2009,CIC,CA,AWP,WE,Federal Contract Tower,0,11,9,0,20,0,18,41,0,59,0,29,50,0,79,18,0,18,97
03/18/2009,CIC,CA,AWP,WE,Federal Contract Tower,0,8,6,0,14,0,22,73,0,95,0,30,79,0,109,52,0,52,161
03/19/2009,CIC,CA,AWP,WE,Federal Contract Tower,0,8,3,0,11,0,13,77,0,90,0,21,80,0,101,40,0,40,141
03/20/2009,CIC,CA,AWP,WE,Federal Contract Tower,0,11,7,0,18,0,16,70,0,86,0,27,77,0,104,54,0,54,158
03/21/2009,CIC,CA,AWP,WE,Federal Contract Tower,0,5,5,0,10,0,6,35,0,41,0,11,40,0,51,34,0,34,85
03/22/2009,CIC,CA,AWP,WE,Federal Contract Tower,0,6,0,0,6,0,4,40,0,44,0,10,40,0,50,2,0,2,52
03/23/2009,CIC,CA,AWP,WE,Federal Contract Tower,0,9,1,0,10,0,17,80,0,97,0,26,81,0,107,28,0,28,135
03/24/2009,CIC,CA,AWP,WE,Federal Contract Tower,0,10,1,1,12,2,33,95,1,131,2,43,96,2,143,26,22,48,191
03/25/2009,CIC,CA,AWP,WE,Federal Contract Tower,0,7,1,0,8,0,18,64,2,84,0,25,65,2,92,50,20,70,162
03/26/2009,CIC,CA,AWP,WE,Federal Contract Tower,0,11,3,0,14,0,39,48,0,87,0,50,51,0,101,52,0,52,153
03/27/2009,CIC,CA,AWP,WE,Federal Contract Tower,0,8,5,0,13,2,38,61,0,101,2,46,66,0,114,54,0,54,168
03/28/2009,CIC,CA,AWP,WE,Federal Contract Tower,0,4,3,0,7,0,11,80,0,91,0,15,83,0,98,48,0,48,146
03/29/2009,CIC,CA,AWP,WE,Federal Contract Tower,0,6,2,0,8,0,2,39,0,41,0,8,41,0,49,20,0,20,69
03/30/2009,CIC,CA,AWP,WE,Federal Contract Tower,0,10,3,0,13,0,12,60,4,76,0,22,63,4,89,30,16,46,135
03/31/2009,CIC,CA,AWP,WE,Federal Contract Tower,0,11,0,0,11,0,14,71,0,85,0,25,71,0,96,0,0,0,96
04/01/2009,CIC,CA,AWP,WE,Federal Contract Tower,0,8,8,0,16,0,20,56,0,76,0,28,64,0,92,66,0,66,158
04/02/2009,CIC,CA,AWP,WE,Federal Contract Tower,0,11,3,3,17,0,18,55,3,76,0,29,58,6,93,48,0,48,141
04/03/2009,CIC,CA,AWP,WE,Federal Contract Tower,0,8,2,1,11,0,14,37,0,51,0,22,39,1,62,26,0,26,88
04/04/2009,CIC,CA,AWP,WE,Federal Contract Tower,0,4,0,0,4,0,5,82,2,89,0,9,82,2,93,62,12,74,167
04/05/2009,CIC,CA,AWP,WE,Federal Contract Tower,0,6,0,0,6,0,3,86,0,89,0,9,86,0,95,78,0,78,173
04/06/2009,CIC,CA,AWP,WE,Federal Contract Tower,0,9,0,0,9,0,16,78,0,94,0,25,78,0,103,56,0,56,159
04/07/2009,CIC,CA,AWP,WE,Federal Contract Tower,0,8,2,0,10,2,15,54,1,72,2,23,56,1,82,0,0,0,82
04/08/2009,CIC,CA,AWP,WE,Federal Contract Tower,0,8,8,0,16,0,10,34,2,46,0,18,42,2,62,96,0,96,158
04/09/2009,CIC,CA,AWP,WE,Federal Contract Tower,0,13,9,3,25,0,3,16,2,21,0,16,25,5,46,40,4,44,90
04/10/2009,CIC,CA,AWP,WE,Federal Contract Tower,0,14,3,2,19,15,21,35,2,73,15,35,38,4,92,68,2,70,162
04/11/2009,CIC,CA,AWP,WE,Federal Contract Tower,0,2,3,0,5,18,5,76,0,99,18,7,79,0,104,72,0,72,176
04/12/2009,CIC,CA,AWP,WE,Federal Contract Tower,0,6,2,1,9,17,8,67,1,93,17,14,69,2,102,64,2,66,168
04/13/2009,CIC,CA,AWP,WE,Federal Contract Tower,0,10,4,1,15,2,25,75,2,104,2,35,79,3,119,44,10,54,173
04/14/2009,CIC,CA,AWP,WE,Federal Contract Tower,0,11,5,0,16,19,27,27,4,77,19,38,32,4,93,4,0,4,97
04/15/2009,CIC,CA,AWP,WE,Federal Contract Tower,0,6,0,0,6,0,21,58,0,79,0,27,58,0,85,54,0,54,139
04/16/2009,CIC,CA,AWP,WE,Federal Contract Tower,0,12,8,0,20,0,46,95,4,145,0,58,103,4,165,74,0,74,239
04/17/2009,CIC,CA,AWP,WE,Federal Contract Tower,0,8,4,1,13,0,28,71,1,100,0,36,75,2,113,60,0,60,173
04/18/2009,CIC,CA,AWP,WE,Federal Contract Tower,0,3,4,0,7,1,4,117,0,122,1,7,121,0,129,40,0,40,169
04/19/2009,CIC,CA,AWP,WE,Federal Contract Tower,0,6,3,0,9,0,6,91,0,97,0,12,94,0,106,54,0,54,160
04/20/2009,CIC,CA,AWP,WE,Federal Contract Tower,0,11,3,0,14,0,10,54,0,64,0,21,57,0,78,0,0,0,78
04/21/2009,CIC,CA,AWP,WE,Federal Contract Tower,0,11,3,0,14,0,17,84,2,103,0,28,87,2,117,34,8,42,159
04/22/2009,CIC,CA,AWP,WE,Federal Contract Tower,0,6,2,0,8,0,22,73,0,95,0,28,75,0,103,34,0,34,137
04/23/2009,CIC,CA,AWP,WE,Federal Contract Tower,2,10,7,0,19,0,34,63,0,97,2,44,70,0,116,86,0,86,202
04/24/2009,CIC,CA,AWP,WE,Federal Contract Tower,0,9,3,0,12,0,20,54,0,74,0,29,57,0,86,60,0,60,146
04/25/2009,CIC,CA,AWP,WE,Federal Contract Tower,0,5,0,1,6,0,2,79,1,82,0,7,79,2,88,20,16,36,124
04/26/2009,CIC,CA,AWP,WE,Federal Contract Tower,0,7,3,0,10,4,7,70,0,81,4,14,73,0,91,4,0,4,95
04/27/2009,CIC,CA,AWP,WE,Federal Contract Tower,0,11,1,1,13,0,14,64,0,78,0,25,65,1,91,4,0,4,95
04/28/2009,CIC,CA,AWP,WE,Federal Contract Tower,0,12,8,0,20,1,16,58,0,75,1,28,66,0,95,26,0,26,121
04/29/2009,CIC,CA,AWP,WE,Federal Contract Tower,0,8,3,0,11,0,22,56,0,78,0,30,59,0,89,18,0,18,107
04/30/2009,CIC,CA,AWP,WE,Federal Contract Tower,0,9,5,0,14,0,20,77,0,97,0,29,82,0,111,74,0,74,185
05/01/2009,CIC,CA,AWP,WE,Federal Contract Tower,0,8,8,0,16,0,12,27,0,39,0,20,35,0,55,14,0,14,69
05/02/2009,CIC,CA,AWP,WE,Federal Contract Tower,0,4,8,0,12,0,7,10,0,17,0,11,18,0,29,0,0,0,29
05/03/2009,CIC,CA,AWP,WE,Federal Contract Tower,0,6,11,0,17,0,2,12,0,14,0,8,23,0,31,6,0,6,37
05/04/2009,CIC,CA,AWP,WE,Federal Contract Tower,1,13,2,0,16,0,17,36,0,53,1,30,38,0,69,20,0,20,89
05/05/2009,CIC,CA,AWP,WE,Federal Contract Tower,0,13,7,0,20,0,20,41,0,61,0,33,48,0,81,10,0,10,91
05/06/2009,CIC,CA,AWP,WE,Federal Contract Tower,0,10,9,0,19,2,22,32,2,58,2,32,41,2,77,46,16,62,139
05/07/2009,CIC,CA,AWP,WE,Federal Contract Tower,0,10,4,2,16,0,14,64,5,83,0,24,68,7,99,46,10,56,155
05/08/2009,CIC,CA,AWP,WE,Federal Contract Tower,0,10,3,0,13,0,14,66,2,82,0,24,69,2,95,40,6,46,141
05/09/2009,CIC,CA,AWP,WE,Federal Contract Tower,0,4,1,0,5,0,10,91,0,101,0,14,92,0,106,36,0,36,142
05/10/2009,CIC,CA,AWP,WE,Federal Contract Tower,0,4,1,0,5,0,4,93,0,97,0,8,94,0,102,50,0,50,152
05/11/2009,CIC,CA,AWP,WE,Federal Contract Tower,0,7,0,0,7,0,23,65,0,88,0,30,65,0,95,8,0,8,103
05/12/2009,CIC,CA,AWP,WE,Federal Contract Tower,0,10,1,0,11,0,27,75,0,102,0,37,76,0,113,42,0,42,155
05/13/2009,CIC,CA,AWP,WE,Federal Contract Tower,0,10,1,1,12,0,19,64,0,83,0,29,65,1,95,16,0,16,111
05/14/2009,CIC,CA,AWP,WE,Federal Contract Tower,0,7,2,5,14,0,27,91,3,121,0,34,93,8,135,48,32,80,215
05/15/2009,CIC,CA,AWP,WE,Federal Contract Tower,0,0,0,0,0,0,17,72,0,89,0,17,72,0,89,70,0,70,159
05/16/2009,CIC,CA,AWP,WE,Federal Contract Tower,0,3,1,0,4,0,10,67,0,77,0,13,68,0,81,42,0,42,123
05/17/2009,CIC,CA,AWP,WE,Federal Contract Tower,0,6,4,0,10,0,3,75,0,78,0,9,79,0,88,4,0,4,92
05/18/2009,CIC,CA,AWP,WE,Federal Contract Tower,0,12,4,3,19,2,28,87,3,120,2,40,91,6,139,74,0,74,213
05/19/2009,CIC,CA,AWP,WE,Federal Contract Tower,0,12,3,0,15,0,2,186,0,188,0,14,189,0,203,0,0,0,203
05/20/2009,CIC,CA,AWP,WE,Federal Contract Tower,0,11,1,0,12,4,19,48,0,71,4,30,49,0,83,16,0,16,99
05/21/2009,CIC,CA,AWP,WE,Federal Contract Tower,0,11,2,2,15,1,25,59,2,87,1,36,61,4,102,16,0,16,118
05/22/2009,CIC,CA,AWP,WE,Federal Contract Tower,0,11,2,1,14,0,27,78,1,106,0,38,80,2,120,40,18,58,178
05/23/2009,CIC,CA,AWP,WE,Federal Contract Tower,0,3,3,0,6,0,17,82,0,99,0,20,85,0,105,86,0,86,191
05/24/2009,CIC,CA,AWP,WE,Federal Contract Tower,0,2,6,0,8,0,12,91,0,103,0,14,97,0,111,72,0,72,183
05/25/2009,CIC,CA,AWP,WE,Federal Contract Tower,0,7,2,0,9,0,10,101,0,111,0,17,103,0,120,62,0,62,182
05/26/2009,CIC,CA,AWP,WE,Federal Contract Tower,0,11,3,2,16,0,13,81,0,94,0,24,84,2,110,26,0,26,136
05/27/2009,CIC,CA,AWP,WE,Federal Contract Tower,1,11,0,1,13,0,22,60,11,93,1,33,60,12,106,36,0,36,142
05/28/2009,CIC,CA,AWP,WE,Federal Contract Tower,0,9,2,0,11,1,25,57,0,83,1,34,59,0,94,122,0,122,216
05/29/2009,CIC,CA,AWP,WE,Federal Contract Tower,0,10,1,0,11,0,30,78,0,108,0,40,79,0,119,70,0,70,189
05/30/2009,CIC,CA,AWP,WE,Federal Contract Tower,0,4,5,0,9,0,10,70,0,80,0,14,75,0,89,30,0,30,119
05/31/2009,CIC,CA,AWP,WE,Federal Contract Tower,0,4,1,0,5,0,5,63,0,68,0,9,64,0,73,62,0,62,135
06/01/2009,CIC,CA,AWP,WE,Federal Contract Tower,1,9,2,0,12,0,15,61,0,76,1,24,63,0,88,26,0,26,114
06/02/2009,CIC,CA,AWP,WE,Federal Contract Tower,0,9,2,0,11,1,28,62,0,91,1,37,64,0,102,42,0,42,144
06/03/2009,CIC,CA,AWP,WE,Federal Contract Tower,0,8,2,0,10,4,13,44,0,61,4,21,46,0,71,26,0,26,97
06/04/2009,CIC,CA,AWP,WE,Federal Contract Tower,0,14,7,0,21,0,10,32,0,42,0,24,39,0,63,54,0,54,117
06/05/2009,CIC,CA,AWP,WE,Federal Contract Tower,0,11,3,0,14,0,30,27,0,57,0,41,30,0,71,26,0,26,97
06/06/2009,CIC,CA,AWP,WE,Federal Contract Tower,0,6,2,0,8,0,7,73,0,80,0,13,75,0,88,28,0,28,116
06/07/2009,CIC,CA,AWP,WE,Federal Contract Tower,0,7,3,0,10,0,24,71,2,97,0,31,74,2,107,36,4,40,147
06/08/2009,CIC,CA,AWP,WE,Federal Contract Tower,0,14,2,2,18,0,31,78,4,113,0,45,80,6,131,28,0,28,159
06/09/2009,CIC,CA,AWP,WE,Federal Contract Tower,0,9,11,4,24,0,16,61,2,79,0,25,72,6,103,26,68,94,197
06/10/2009,CIC,CA,AWP,WE,Federal Contract Tower,0,11,2,0,13,0,30,48,0,78,0,41,50,0,91,12,0,12,103
06/11/2009,CIC,CA,AWP,WE,Federal Contract Tower,0,7,5,0,12,0,38,43,0,81,0,45,48,0,93,38,0,38,131
06/12/2009,CIC,CA,AWP,WE,Federal Contract Tower,0,6,2,0,8,0,25,74,0,99,0,31,76,0,107,78,0,78,185
06/13/2009,CIC,CA,AWP,WE,Federal Contract Tower,0,5,5,0,10,5,10,66,0,81,5,15,71,0,91,64,0,64,155
06/14/2009,CIC,CA,AWP,WE,Federal Contract Tower,0,6,3,0,9,6,7,82,0,95,6,13,85,0,104,18,0,18,122
06/15/2009,CIC,CA,AWP,WE,Federal Contract Tower,0,10,1,0,11,0,32,67,4,103,0,42,68,4,114,14,20,34,148
06/16/2009,CIC,CA,AWP,WE,Federal Contract Tower,0,9,0,1,10,0,24,71,1,96,0,33,71,2,106,26,4,30,136
06/17/2009,CIC,CA,AWP,WE,Federal Contract Tower,0,5,3,1,9,0,33,52,0,85,0,38,55,1,94,0,0,0,94
06/18/2009,CIC,CA,AWP,WE,Federal Contract Tower,0,12,2,4,18,5,25,52,0,82,5,37,54,4,100,58,0,58,158
06/19/2009,CIC,CA,AWP,WE,Federal Contract Tower,0,7,7,1,15,2,27,57,1,87,2,34,64,2,102,54,4,58,160
06/20/2009,CIC,CA,AWP,WE,Federal Contract Tower,0,6,1,1,8,0,3,167,0,170,0,9,168,1,178,34,4,38,216
06/21/2009,CIC,CA,AWP,WE,Federal Contract Tower,0,8,1,0,9,0,5,104,0,109,0,13,105,0,118,42,0,42,160
06/22/2009,CIC,CA,AWP,WE,Federal Contract Tower,0,6,2,1,9,0,14,72,2,88,0,20,74,3,97,4,0,4,101
06/23/2009,CIC,CA,AWP,WE,Federal Contract Tower,0,9,1,4,14,0,32,59,1,92,0,41,60,5,106,30,18,48,154
06/24/2009,CIC,CA,AWP,WE,Federal Contract Tower,0,10,4,0,14,0,11,72,7,90,0,21,76,7,104,44,8,52,156
06/25/2009,CIC,CA,AWP,WE,Federal Contract Tower,0,7,2,0,9,0,40,83,0,123,0,47,85,0,132,78,0,78,210
06/26/2009,CIC,CA,AWP,WE,Federal Contract Tower,0,8,2,0,10,0,34,65,4,103,0,42,67,4,113,8,0,8,121
06/27/2009,CIC,CA,AWP,WE,Federal Contract Tower,0,6,3,0,9,1,7,98,0,106,1,13,101,0,115,48,0,48,163
06/28/2009,CIC,CA,AWP,WE,Federal Contract Tower,0,9,1,0,10,6,6,65,0,77,6,15,66,0,87,14,0,14,101
06/29/2009,CIC,CA,AWP,WE,Federal Contract Tower,0,8,3,0,11,7,39,59,0,105,7,47,62,0,116,24,0,24,140
06/30/2009,CIC,CA,AWP,WE,Federal Contract Tower,0,8,1,0,9,1,19,73,0,93,1,27,74,0,102,22,0,22,124
07/01/2009,CIC,CA,AWP,WE,Federal Contract Tower,0,9,3,1,13,1,31,69,1,102,1,40,72,2,115,86,8,94,209
07/02/2009,CIC,CA,AWP,WE,Federal Contract Tower,0,7,5,1,13,2,29,78,1,110,2,36,83,2,123,44,6,50,173
07/03/2009,CIC,CA,AWP,WE,Federal Contract Tower,0,5,1,0,6,2,24,74,0,100,2,29,75,0,106,44,0,44,150
07/04/2009,CIC,CA,AWP,WE,Federal Contract Tower,0,3,2,0,5,0,6,65,0,71,0,9,67,0,76,46,0,46,122
07/05/2009,CIC,CA,AWP,WE,Federal Contract Tower,0,6,0,0,6,0,8,84,0,92,0,14,84,0,98,4,0,4,102
07/06/2009,CIC,CA,AWP,WE,Federal Contract Tower,0,9,3,0,12,0,19,61,0,80,0,28,64,0,92,62,0,62,154
07/07/2009,CIC,CA,AWP,WE,Federal Contract Tower,0,8,1,0,9,1,22,56,0,79,1,30,57,0,88,26,0,26,114
07/08/2009,CIC,CA,AWP,WE,Federal Contract Tower,0,9,3,1,13,0,21,69,1,91,0,30,72,2,104,100,0,100,204
07/09/2009,CIC,CA,AWP,WE,Federal Contract Tower,0,9,8,0,17,0,24,63,1,88,0,33,71,1,105,62,20,82,187
07/10/2009,CIC,CA,AWP,WE,Federal Contract Tower,1,7,2,0,10,0,25,76,0,101,1,32,78,0,111,64,0,64,175
07/11/2009,CIC,CA,AWP,WE,Federal Contract Tower,0,7,4,0,11,1,5,75,0,81,1,12,79,0,92,50,0,50,142
07/12/2009,CIC,CA,AWP,WE,Federal Contract Tower,0,6,1,0,7,1,7,62,0,70,1,13,63,0,77,14,0,14,91
07/13/2009,CIC,CA,AWP,WE,Federal Contract Tower,1,9,0,0,10,0,25,75,0,100,1,34,75,0,110,56,0,56,166
07/14/2009,CIC,CA,AWP,WE,Federal Contract Tower,0,9,2,0,11,0,56,73,0,129,0,65,75,0,140,100,0,100,240
07/15/2009,CIC,CA,AWP,WE,Federal Contract Tower,0,9,3,0,12,2,20,68,0,90,2,29,71,0,102,82,0,82,184
07/16/2009,CIC,CA,AWP,WE,Federal Contract Tower,0,10,2,0,12,2,45,53,2,102,2,55,55,2,114,52,0,52,166
07/17/2009,CIC,CA,AWP,WE,Federal Contract Tower,0,5,1,3,9,0,7,74,2,83,0,12,75,5,92,18,6,24,116
07/18/2009,CIC,CA,AWP,WE,Federal Contract Tower,0,6,0,0,6,0,4,84,0,88,0,10,84,0,94,0,0,0,94
07/19/2009,CIC,CA,AWP,WE,Federal Contract Tower,0,4,4,0,8,0,5,61,0,66,0,9,65,0,74,22,0,22,96
07/20/2009,CIC,CA,AWP,WE,Federal Contract Tower,0,9,1,3,13,0,19,57,1,77,0,28,58,4,90,30,0,30,120
07/21/2009,CIC,CA,AWP,WE,Federal Contract Tower,0,7,1,0,8,1,30,47,0,78,1,37,48,0,86,62,0,62,148
07/22/2009,CIC,CA,AWP,WE,Federal Contract Tower,0,9,2,0,11,0,25,86,0,111,0,34,88,0,122,60,0,60,182
07/23/2009,CIC,CA,AWP,WE,Federal Contract Tower,0,8,4,0,12,0,42,77,0,119,0,50,81,0,131,46,0,46,177
07/24/2009,CIC,CA,AWP,WE,Federal Contract Tower,0,9,6,0,15,0,21,61,0,82,0,30,67,0,97,18,0,18,115
07/25/2009,CIC,CA,AWP,WE,Federal Contract Tower,0,9,0,0,9,0,10,89,0,99,0,19,89,0,108,78,0,78,186
07/26/2009,CIC,CA,AWP,WE,Federal Contract Tower,0,6,3,0,9,0,7,67,0,74,0,13,70,0,83,32,0,32,115
07/27/2009,CIC,CA,AWP,WE,Federal Contract Tower,0,9,3,0,12,0,27,76,2,105,0,36,79,2,117,28,0,28,145
07/28/2009,CIC,CA,AWP,WE,Federal Contract Tower,0,10,3,0,13,2,27,61,1,91,2,37,64,1,104,44,0,44,148
07/29/2009,CIC,CA,AWP,WE,Federal Contract Tower,0,9,3,0,12,0,24,58,0,82,0,33,61,0,94,46,0,46,140
07/30/2009,CIC,CA,AWP,WE,Federal Contract Tower,0,9,2,8,19,0,17,46,8,71,0,26,48,16,90,58,34,92,182
07/31/2009,CIC,CA,AWP,WE,Federal Contract Tower,0,8,4,0,12,2,28,62,0,92,2,36,66,0,104,64,0,64,168
08/01/2009,CIC,CA,AWP,WE,Federal Contract Tower,0,5,3,0,8,2,13,53,4,72,2,18,56,4,80,58,10,68,148
08/02/2009,CIC,CA,AWP,WE,Federal Contract Tower,0,4,0,0,4,1,15,60,0,76,1,19,60,0,80,14,0,14,94
08/03/2009,CIC,CA,AWP,WE,Federal Contract Tower,0,9,1,1,11,4,20,50,1,75,4,29,51,2,86,42,12,54,140
08/04/2009,CIC,CA,AWP,WE,Federal Contract Tower,0,7,4,0,11,1,24,44,0,69,1,31,48,0,80,36,0,36,116
08/05/2009,CIC,CA,AWP,WE,Federal Contract Tower,0,9,1,0,10,2,14,68,0,84,2,23,69,0,94,42,0,42,136
08/06/2009,CIC,CA,AWP,WE,Federal Contract Tower,0,15,3,1,19,1,26,48,1,76,1,41,51,2,95,50,14,64,159
08/07/2009,CIC,CA,AWP,WE,Federal Contract Tower,0,8,4,0,12,2,26,56,2,86,2,34,60,2,98,22,4,26,124
08/08/2009,CIC,CA,AWP,WE,Federal Contract Tower,0,9,0,0,9,6,24,61,0,91,6,33,61,0,100,20,0,20,120
08/09/2009,CIC,CA,AWP,WE,Federal Contract Tower,0,5,0,0,5,2,21,44,0,67,2,26,44,0,72,24,0,24,96
08/10/2009,CIC,CA,AWP,WE,Federal Contract Tower,0,8,0,0,8,2,32,51,2,87,2,40,51,2,95,76,0,76,171
08/11/2009,CIC,CA,AWP,WE,Federal Contract Tower,0,8,4,0,12,0,17,42,1,60,0,25,46,1,72,56,0,56,128
08/12/2009,CIC,CA,AWP,WE,Federal Contract Tower,0,7,1,0,8,2,37,48,2,89,2,44,49,2,97,68,0,68,165
08/13/2009,CIC,CA,AWP,WE,Federal Contract Tower,0,9,4,1,14,3,40,71,0,114,3,49,75,1,128,28,0,28,156
08/14/2009,CIC,CA,AWP,WE,Federal Contract Tower,0,8,4,2,14,1,58,46,3,108,1,66,50,5,122,36,18,54,176
08/15/2009,CIC,CA,AWP,WE,Federal Contract Tower,0,6,0,0,6,18,9,109,0,136,18,15,109,0,142,44,0,44,186
08/16/2009,CIC,CA,AWP,WE,Federal Contract Tower,0,5,0,0,5,78,20,80,0,178,78,25,80,0,183,36,0,36,219
08/17/2009,CIC,CA,AWP,WE,Federal Contract Tower,0,12,5,0,17,10,48,52,2,112,10,60,57,2,129,32,0,32,161
08/18/2009,CIC,CA,AWP,WE,Federal Contract Tower,0,8,2,2,12,4,24,88,0,116,4,32,90,2,128,16,0,16,144
08/19/2009,CIC,CA,AWP,WE,Federal Contract Tower,0,8,3,0,11,3,14,58,0,75,3,22,61,0,86,52,0,52,138
08/20/2009,CIC,CA,AWP,WE,Federal Contract Tower,0,8,3,0,11,7,20,81,0,108,7,28,84,0,119,34,0,34,153
08/21/2009,CIC,CA,AWP,WE,Federal Contract Tower,0,7,3,0,10,3,21,65,0,89,3,28,68,0,99,50,0,50,149
08/22/2009,CIC,CA,AWP,WE,Federal Contract Tower,0,6,0,0,6,1,16,78,0,95,1,22,78,0,101,62,0,62,163
08/23/2009,CIC,CA,AWP,WE,Federal Contract Tower,0,4,2,0,6,0,9,100,0,109,0,13,102,0,115,22,0,22,137
08/24/2009,CIC,CA,AWP,WE,Federal Contract Tower,0,9,5,0,14,0,17,70,0,87,0,26,75,0,101,82,0,82,183
08/25/2009,CIC,CA,AWP,WE,Federal Contract Tower,0,10,2,0,12,0,18,66,0,84,0,28,68,0,96,12,0,12,108
08/26/2009,CIC,CA,AWP,WE,Federal Contract Tower,0,11,3,0,14,1,21,70,0,92,1,32,73,0,106,16,0,16,122
08/27/2009,CIC,CA,AWP,WE,Federal Contract Tower,0,5,2,5,12,0,35,102,18,155,0,40,104,23,167,32,0,32,199
08/28/2009,CIC,CA,AWP,WE,Federal Contract Tower,0,10,1,4,15,0,12,165,14,191,0,22,166,18,206,40,0,40,246
08/29/2009,CIC,CA,AWP,WE,Federal Contract Tower,0,6,0,0,6,0,23,148,2,173,0,29,148,2,179,38,0,38,217
08/30/2009,CIC,CA,AWP,WE,Federal Contract Tower,0,7,0,0,7,2,9,101,0,112,2,16,101,0,119,54,0,54,173
08/31/2009,CIC,CA,AWP,WE,Federal Contract Tower,0,7,0,5,12,0,19,62,4,85,0,26,62,9,97,32,0,32,129
09/01/2009,CIC,CA,AWP,WE,Federal Contract Tower,0,7,4,0,11,1,36,74,11,122,1,43,78,11,133,36,14,50,183
09/02/2009,CIC,CA,AWP,WE,Federal Contract Tower,0,8,1,1,10,2,11,92,0,105,2,19,93,1,115,0,0,0,115
09/03/2009,CIC,CA,AWP,WE,Federal Contract Tower,0,8,6,4,18,0,12,79,25,116,0,20,85,29,134,26,47,73,207
09/04/2009,CIC,CA,AWP,WE,Federal Contract Tower,0,9,3,0,12,2,9,114,0,125,2,18,117,0,137,54,0,54,191
09/05/2009,CIC,CA,AWP,WE,Federal Contract Tower,0,4,2,0,6,1,21,85,4,111,1,25,87,4,117,28,0,28,145
09/06/2009,CIC,CA,AWP,WE,Federal Contract Tower,0,3,0,0,3,0,0,0,0,0,0,3,0,0,3,12,0,12,15
09/07/2009,CIC,CA,AWP,WE,Federal Contract Tower,0,8,4,0,12,2,10,90,0,102,2,18,94,0,114,64,0,64,178
09/08/2009,CIC,CA,AWP,WE,Federal Contract Tower,0,8,2,1,11,15,20,49,2,86,15,28,51,3,97,38,0,38,135
09/09/2009,CIC,CA,AWP,WE,Federal Contract Tower,0,9,3,0,12,6,10,61,1,78,6,19,64,1,90,46,2,48,138
09/10/2009,CIC,CA,AWP,WE,Federal Contract Tower,0,10,4,3,17,1,9,69,3,82,1,19,73,6,99,60,0,60,159
09/11/2009,CIC,CA,AWP,WE,Federal Contract Tower,0,6,7,0,13,0,20,68,2,90,0,26,75,2,103,22,8,30,133
09/12/2009,CIC,CA,AWP,WE,Federal Contract Tower,0,3,1,0,4,0,8,81,0,89,0,11,82,0,93,74,0,74,167
09/13/2009,CIC,CA,AWP,WE,Federal Contract Tower,0,5,1,0,6,0,26,65,0,91,0,31,66,0,97,54,0,54,151
09/14/2009,CIC,CA,AWP,WE,Federal Contract Tower,0,13,6,0,19,1,11,33,0,45,1,24,39,0,64,46,0,46,110
09/15/2009,CIC,CA,AWP,WE,Federal Contract Tower,0,6,3,0,9,0,18,78,2,98,0,24,81,2,107,102,2,104,211
09/16/2009,CIC,CA,AWP,WE,Federal Contract Tower,0,9,0,0,9,0,8,93,1,102,0,17,93,1,111,38,2,40,151
09/17/2009,CIC,CA,AWP,WE,Federal Contract Tower,0,8,5,1,14,0,8,69,0,77,0,16,74,1,91,22,0,22,113
09/18/2009,CIC,CA,AWP,WE,Federal Contract Tower,0,8,2,2,12,0,5,70,2,77,0,13,72,4,89,18,52,70,159
09/19/2009,CIC,CA,AWP,WE,Federal Contract Tower,0,5,2,0,7,1,20,89,0,110,1,25,91,0,117,16,0,16,133
09/20/2009,CIC,CA,AWP,WE,Federal Contract Tower,0,6,1,0,7,0,12,60,0,72,0,18,61,0,79,16,0,16,95
09/21/2009,CIC,CA,AWP,WE,Federal Contract Tower,0,9,2,0,11,0,14,66,0,80,0,23,68,0,91,6,0,6,97
09/22/2009,CIC,CA,AWP,WE,Federal Contract Tower,0,10,2,0,12,0,21,54,2,77,0,31,56,2,89,54,16,70,159
09/23/2009,CIC,CA,AWP,WE,Federal Contract Tower,0,14,4,1,19,0,23,66,5,94,0,37,70,6,113,38,28,66,179
09/24/2009,CIC,CA,AWP,WE,Federal Contract Tower,0,7,2,2,11,1,35,81,0,117,1,42,83,2,128,38,4,42,170
09/25/2009,CIC,CA,AWP,WE,Federal Contract Tower,0,12,4,1,17,0,26,76,0,102,0,38,80,1,119,54,0,54,173
09/26/2009,CIC,CA,AWP,WE,Federal Contract Tower,0,7,3,2,12,2,20,79,0,101,2,27,82,2,113,68,0,68,181
09/27/2009,CIC,CA,AWP,WE,Federal Contract Tower,0,8,0,1,9,0,16,89,0,105,0,24,89,1,114,18,0,18,132
09/28/2009,CIC,CA,AWP,WE,Federal Contract Tower,0,9,7,0,16,0,8,73,0,81,0,17,80,0,97,8,0,8,105
09/29/2009,CIC,CA,AWP,WE,Federal Contract Tower,1,8,7,0,16,1,17,50,0,68,2,25,57,0,84,22,0,22,106
09/30/2009,CIC,CA,AWP,WE,Federal Contract Tower,0,7,2,0,9,6,27,66,10,109,6,34,68,10,118,32,0,32,150
10/01/2009,CIC,CA,AWP,WE,Federal Contract Tower,0,7,3,0,10,1,29,89,0,119,1,36,92,0,129,32,0,32,161
10/02/2009,CIC,CA,AWP,WE,Federal Contract Tower,0,9,0,0,9,3,28,94,0,125,3,37,94,0,134,162,0,162,296
10/03/2009,CIC,CA,AWP,WE,Federal Contract Tower,0,5,0,0,5,2,7,49,0,58,2,12,49,0,63,32,0,32,95
10/04/2009,CIC,CA,AWP,WE,Federal Contract Tower,0,6,3,0,9,0,0,61,0,61,0,6,64,0,70,52,0,52,122
10/05/2009,CIC,CA,AWP,WE,Federal Contract Tower,0,8,3,1,12,0,17,77,1,95,0,25,80,2,107,6,12,18,125
10/06/2009,CIC,CA,AWP,WE,Federal Contract Tower,0,8,0,0,8,0,13,75,0,88,0,21,75,0,96,12,0,12,108
10/07/2009,CIC,CA,AWP,WE,Federal Contract Tower,0,9,5,4,18,2,21,67,0,90,2,30,72,4,108,32,0,32,140
10/08/2009,CIC,CA,AWP,WE,Federal Contract Tower,0,7,4,0,11,2,30,75,0,107,2,37,79,0,118,60,0,60,178
10/09/2009,CIC,CA,AWP,WE,Federal Contract Tower,0,8,0,0,8,0,30,107,0,137,0,38,107,0,145,94,0,94,239
10/10/2009,CIC,CA,AWP,WE,Federal Contract Tower,0,6,0,0,6,3,18,72,0,93,3,24,72,0,99,16,0,16,115
10/11/2009,CIC,CA,AWP,WE,Federal Contract Tower,0,4,8,0,12,0,18,83,0,101,0,22,91,0,113,28,0,28,141
10/12/2009,CIC,CA,AWP,WE,Federal Contract Tower,0,13,6,0,19,0,14,55,0,69,0,27,61,0,88,14,0,14,102
10/13/2009,CIC,CA,AWP,WE,Federal Contract Tower,0,13,1,0,14,0,0,0,0,0,0,13,1,0,14,0,0,0,14
10/14/2009,CIC,CA,AWP,WE,Federal Contract Tower,0,11,7,0,18,0,21,23,0,44,0,32,30,0,62,10,0,10,72
10/15/2009,CIC,CA,AWP,WE,Federal Contract Tower,0,15,10,1,26,0,27,18,3,48,0,42,28,4,74,36,6,42,116
10/16/2009,CIC,CA,AWP,WE,Federal Contract Tower,0,9,0,0,9,1,21,98,0,120,1,30,98,0,129,52,0,52,181
10/17/2009,CIC,CA,AWP,WE,Federal Contract Tower,0,7,2,0,9,1,7,82,0,90,1,14,84,0,99,34,0,34,133
10/18/2009,CIC,CA,AWP,WE,Federal Contract Tower,0,4,8,0,12,0,11,38,0,49,0,15,46,0,61,26,0,26,87
10/19/2009,CIC,CA,AWP,WE,Federal Contract Tower,0,8,9,4,21,0,20,21,0,41,0,28,30,4,62,22,0,22,84
10/20/2009,CIC,CA,AWP,WE,Federal Contract Tower,0,10,2,0,12,0,9,66,2,77,0,19,68,2,89,8,0,8,97
10/21/2009,CIC,CA,AWP,WE,Federal Contract Tower,0,9,9,1,19,0,14,76,1,91,0,23,85,2,110,52,0,52,162
10/22/2009,CIC,CA,AWP,WE,Federal Contract Tower,0,9,1,2,12,2,27,74,2,105,2,36,75,4,117,44,40,84,201
10/23/2009,CIC,CA,AWP,WE,Federal Contract Tower,0,7,2,0,9,0,17,73,0,90,0,24,75,0,99,18,0,18,117
10/24/2009,CIC,CA,AWP,WE,Federal Contract Tower,0,4,0,0,4,0,8,88,0,96,0,12,88,0,100,40,0,40,140
10/25/2009,CIC,CA,AWP,WE,Federal Contract Tower,0,6,3,0,9,0,0,100,0,100,0,6,103,0,109,52,0,52,161
10/26/2009,CIC,CA,AWP,WE,Federal Contract Tower,0,8,3,0,11,0,9,61,0,70,0,17,64,0,81,42,0,42,123
10/27/2009,CIC,CA,AWP,WE,Federal Contract Tower,0,8,0,2,10,0,10,48,0,58,0,18,48,2,68,6,10,16,84
10/28/2009,CIC,CA,AWP,WE,Federal Contract Tower,2,12,2,0,16,1,9,49,2,61,3,21,51,2,77,6,4,10,87
10/29/2009,CIC,CA,AWP,WE,Federal Contract Tower,0,8,0,0,8,0,33,58,0,91,0,41,58,0,99,42,0,42,141
10/30/2009,CIC,CA,AWP,WE,Federal Contract Tower,0,9,5,1,15,0,21,75,2,98,0,30,80,3,113,96,28,124,237
10/31/2009,CIC,CA,AWP,WE,Federal Contract Tower,0,5,0,0,5,0,5,84,0,89,0,10,84,0,94,74,0,74,168
11/01/2009,CIC,CA,AWP,WE,Federal Contract Tower,1,6,5,0,12,0,5,92,0,97,1,11,97,0,109,60,0,60,169
11/02/2009,CIC,CA,AWP,WE,Federal Contract Tower,0,9,1,0,10,0,20,61,0,81,0,29,62,0,91,80,0,80,171
11/03/2009,CIC,CA,AWP,WE,Federal Contract Tower,0,10,3,0,13,0,13,94,0,107,0,23,97,0,120,30,0,30,150
11/04/2009,CIC,CA,AWP,WE,Federal Contract Tower,0,9,0,0,9,0,10,79,0,89,0,19,79,0,98,32,0,32,130
11/05/2009,CIC,CA,AWP,WE,Federal Contract Tower,0,9,9,0,18,0,15,65,0,80,0,24,74,0,98,26,0,26,124
11/06/2009,CIC,CA,AWP,WE,Federal Contract Tower,0,12,10,0,22,0,15,29,0,44,0,27,39,0,66,36,0,36,102
11/07/2009,CIC,CA,AWP,WE,Federal Contract Tower,0,5,4,0,9,0,12,55,0,67,0,17,59,0,76,58,0,58,134
11/08/2009,CIC,CA,AWP,WE,Federal Contract Tower,0,6,1,0,7,0,6,66,0,72,0,12,67,0,79,64,0,64,143
11/09/2009,CIC,CA,AWP,WE,Federal Contract Tower,0,10,1,0,11,0,22,57,0,79,0,32,58,0,90,76,0,76,166
11/10/2009,CIC,CA,AWP,WE,Federal Contract Tower,0,10,2,1,13,0,11,70,1,82,0,21,72,2,95,22,4,26,121
11/11/2009,CIC,CA,AWP,WE,Federal Contract Tower,0,8,5,0,13,0,13,62,0,75,0,21,67,0,88,62,0,62,150
11/12/2009,CIC,CA,AWP,WE,Federal Contract Tower,0,9,2,2,13,0,29,72,0,101,0,38,74,2,114,50,10,60,174
11/13/2009,CIC,CA,AWP,WE,Federal Contract Tower,0,10,3,0,13,0,19,93,0,112,0,29,96,0,125,28,0,28,153
11/14/2009,CIC,CA,AWP,WE,Federal Contract Tower,0,5,1,0,6,0,27,84,0,111,0,32,85,0,117,48,0,48,165
11/15/2009,CIC,CA,AWP,WE,Federal Contract Tower,0,6,4,2,12,0,9,100,0,109,0,15,104,2,121,40,0,40,161
11/16/2009,CIC,CA,AWP,WE,Federal Contract Tower,0,10,0,0,10,4,15,54,0,73,4,25,54,0,83,14,0,14,97
11/17/2009,CIC,CA,AWP,WE,Federal Contract Tower,0,15,4,0,19,0,8,74,0,82,0,23,78,0,101,10,0,10,111
11/18/2009,CIC,CA,AWP,WE,Federal Contract Tower,0,9,3,0,12,0,22,47,0,69,0,31,50,0,81,24,0,24,105
11/19/2009,CIC,CA,AWP,WE,Federal Contract Tower,0,10,8,1,19,2,24,67,1,94,2,34,75,2,113,50,8,58,171
11/20/2009,CIC,CA,AWP,WE,Federal Contract Tower,0,10,2,0,12,0,16,9,0,25,0,26,11,0,37,8,0,8,45
11/21/2009,CIC,CA,AWP,WE,Federal Contract Tower,0,5,1,0,6,0,10,66,0,76,0,15,67,0,82,60,0,60,142
11/22/2009,CIC,CA,AWP,WE,Federal Contract Tower,0,6,4,0,10,0,10,35,0,45,0,16,39,0,55,64,0,64,119
11/23/2009,CIC,CA,AWP,WE,Federal Contract Tower,0,11,1,3,15,0,13,49,2,64,0,24,50,5,79,40,4,44,123
11/24/2009,CIC,CA,AWP,WE,Federal Contract Tower,1,13,1,0,15,0,10,58,4,72,1,23,59,4,87,40,4,44,131
11/25/2009,CIC,CA,AWP,WE,Federal Contract Tower,0,9,5,2,16,0,14,96,0,110,0,23,101,2,126,44,0,44,170
11/26/2009,CIC,CA,AWP,WE,Federal Contract Tower,0,3,0,0,3,0,12,37,0,49,0,15,37,0,52,26,0,26,78
11/27/2009,CIC,CA,AWP,WE,Federal Contract Tower,0,14,11,0,25,0,6,11,0,17,0,20,22,0,42,8,0,8,50
11/28/2009,CIC,CA,AWP,WE,Federal Contract Tower,0,10,2,0,12,0,20,14,6,40,0,30,16,6,52,38,0,38,90
11/29/2009,CIC,CA,AWP,WE,Federal Contract Tower,0,6,4,4,14,0,25,67,0,92,0,31,71,4,106,68,0,68,174
11/30/2009,CIC,CA,AWP,WE,Federal Contract Tower,0,9,2,0,11,2,12,45,0,59,2,21,47,0,70,34,0,34,104
12/01/2009,CIC,CA,AWP,WE,Federal Contract Tower,0,8,6,0,14,1,19,73,0,93,1,27,79,0,107,8,0,8,115
12/02/2009,CIC,CA,AWP,WE,Federal Contract Tower,0,10,3,1,14,2,25,70,0,97,2,35,73,1,111,38,28,66,177
12/03/2009,CIC,CA,AWP,WE,Federal Contract Tower,0,11,2,0,13,0,21,72,0,93,0,32,74,0,106,38,0,38,144
12/04/2009,CIC,CA,AWP,WE,Federal Contract Tower,0,9,3,0,12,0,23,81,3,107,0,32,84,3,119,50,16,66,185
12/05/2009,CIC,CA,AWP,WE,Federal Contract Tower,0,5,2,2,9,0,26,24,1,51,0,31,26,3,60,66,4,70,130
12/06/2009,CIC,CA,AWP,WE,Federal Contract Tower,0,8,0,0,8,0,12,27,0,39,0,20,27,0,47,18,0,18,65
12/07/2009,CIC,CA,AWP,WE,Federal Contract Tower,0,12,9,0,21,0,17,31,0,48,0,29,40,0,69,8,0,8,77
12/08/2009,CIC,CA,AWP,WE,Federal Contract Tower,0,12,4,0,16,0,12,49,0,61,0,24,53,0,77,16,0,16,93
12/09/2009,CIC,CA,AWP,WE,Federal Contract Tower,0,13,0,3,16,1,19,52,0,72,1,32,52,3,88,30,0,30,118
12/10/2009,CIC,CA,AWP,WE,Federal Contract Tower,0,8,4,0,12,0,18,65,0,83,0,26,69,0,95,30,0,30,125
12/11/2009,CIC,CA,AWP,WE,Federal Contract Tower,0,15,5,2,22,0,0,0,2,2,0,15,5,4,24,2,16,18,42
12/12/2009,CIC,CA,AWP,WE,Federal Contract Tower,0,5,4,0,9,0,0,0,0,0,0,5,4,0,9,0,0,0,9
12/13/2009,CIC,CA,AWP,WE,Federal Contract Tower,0,8,40,0,48,0,0,0,0,0,0,8,40,0,48,0,0,0,48
12/14/2009,CIC,CA,AWP,WE,Federal Contract Tower,0,18,16,0,34,0,4,29,0,33,0,22,45,0,67,26,0,26,93
12/15/2009,CIC,CA,AWP,WE,Federal Contract Tower,0,17,1,0,18,0,9,32,0,41,0,26,33,0,59,16,0,16,75
12/16/2009,CIC,CA,AWP,WE,Federal Contract Tower,0,16,8,0,24,0,6,26,0,32,0,22,34,0,56,10,0,10,66
12/17/2009,CIC,CA,AWP,WE,Federal Contract Tower,0,12,3,0,15,0,14,33,0,47,0,26,36,0,62,28,0,28,90
12/18/2009,CIC,CA,AWP,WE,Federal Contract Tower,0,9,1,0,10,0,12,46,0,58,0,21,47,0,68,56,0,56,124
12/19/2009,CIC,CA,AWP,WE,Federal Contract Tower,0,12,16,0,28,0,8,7,0,15,0,20,23,0,43,12,0,12,55
12/20/2009,CIC,CA,AWP,WE,Federal Contract Tower,0,9,12,0,21,0,2,4,0,6,0,11,16,0,27,10,0,10,37
12/21/2009,CIC,CA,AWP,WE,Federal Contract Tower,0,16,16,2,34,0,2,8,2,12,0,18,24,4,46,0,40,40,86
12/22/2009,CIC,CA,AWP,WE,Federal Contract Tower,0,11,5,0,16,0,24,64,0,88,0,35,69,0,104,0,0,0,104
12/23/2009,CIC,CA,AWP,WE,Federal Contract Tower,0,10,4,0,14,0,25,70,0,95,0,35,74,0,109,0,0,0,109
12/24/2009,CIC,CA,AWP,WE,Federal Contract Tower,0,6,2,0,8,0,19,50,2,71,0,25,52,2,79,40,4,44,123
12/25/2009,CIC,CA,AWP,WE,Federal Contract Tower,0,4,0,0,4,0,4,33,0,37,0,8,33,0,41,8,0,8,49
12/26/2009,CIC,CA,AWP,WE,Federal Contract Tower,0,8,2,0,10,0,2,27,0,29,0,10,29,0,39,32,0,32,71
12/27/2009,CIC,CA,AWP,WE,Federal Contract Tower,0,7,7,0,14,0,0,9,0,9,0,7,16,0,23,10,0,10,33
12/28/2009,CIC,CA,AWP,WE,Federal Contract Tower,0,14,2,0,16,0,11,45,0,56,0,25,47,0,72,2,0,2,74
12/29/2009,CIC,CA,AWP,WE,Federal Contract Tower,0,12,4,0,16,0,15,33,0,48,0,27,37,0,64,12,0,12,76
12/30/2009,CIC,CA,AWP,WE,Federal Contract Tower,0,16,5,0,21,0,1,3,0,4,0,17,8,0,25,0,0,0,25
12/31/2009,CIC,CA,AWP,WE,Federal Contract Tower,0,15,11,0,26,0,21,22,0,43,0,36,33,0,69,56,0,56,125
01/01/2010,CIC,CA,AWP,WE,Federal Contract Tower,0,4,4,0,8,0,0,5,0,5,0,4,9,0,13,20,0,20,33
01/02/2010,CIC,CA,AWP,WE,Federal Contract Tower,0,7,7,0,14,0,17,38,0,55,0,24,45,0,69,38,0,38,107
01/03/2010,CIC,CA,AWP,WE,Federal Contract Tower,0,7,6,0,13,0,19,47,0,66,0,26,53,0,79,16,0,16,95
01/04/2010,CIC,CA,AWP,WE,Federal Contract Tower,0,12,6,0,18,0,4,0,0,4,0,16,6,0,22,4,0,4,26
01/05/2010,CIC,CA,AWP,WE,Federal Contract Tower,0,13,2,0,15,0,10,23,0,33,0,23,25,0,48,10,0,10,58
01/06/2010,CIC,CA,AWP,WE,Federal Contract Tower,0,13,13,0,26,0,0,0,0,0,0,13,13,0,26,0,0,0,26
01/07/2010,CIC,CA,AWP,WE,Federal Contract Tower,0,25,20,0,45,0,0,0,0,0,0,25,20,0,45,0,0,0,45
01/08/2010,CIC,CA,AWP,WE,Federal Contract Tower,0,17,18,0,35,0,15,5,0,20,0,32,23,0,55,10,0,10,65
01/09/2010,CIC,CA,AWP,WE,Federal Contract Tower,0,7,9,0,16,0,0,0,0,0,0,7,9,0,16,0,0,0,16
01/10/2010,CIC,CA,AWP,WE,Federal Contract Tower,0,7,14,0,21,0,0,0,0,0,0,7,14,0,21,0,0,0,21
01/11/2010,CIC,CA,AWP,WE,Federal Contract Tower,0,19,15,0,34,0,0,0,0,0,0,19,15,0,34,0,0,0,34
01/12/2010,CIC,CA,AWP,WE,Federal Contract Tower,0,16,7,0,23,0,9,10,0,19,0,25,17,0,42,0,0,0,42
01/13/2010,CIC,CA,AWP,WE,Federal Contract Tower,0,10,3,0,13,0,11,55,0,66,0,21,58,0,79,56,0,56,135
01/14/2010,CIC,CA,AWP,WE,Federal Contract Tower,1,9,4,4,18,1,9,43,8,61,2,18,47,12,79,68,10,78,157
01/15/2010,CIC,CA,AWP,WE,Federal Contract Tower,0,11,5,0,16,2,23,76,0,101,2,34,81,0,117,30,0,30,147
01/16/2010,CIC,CA,AWP,WE,Federal Contract Tower,1,4,4,0,9,0,9,65,0,74,1,13,69,0,83,98,0,98,181
01/17/2010,CIC,CA,AWP,WE,Federal Contract Tower,0,6,5,0,11,0,3,0,0,3,0,9,5,0,14,0,0,0,14
01/18/2010,CIC,CA,AWP,WE,Federal Contract Tower,0,8,3,0,11,0,1,0,0,1,0,9,3,0,12,0,0,0,12
01/19/2010,CIC,CA,AWP,WE,Federal Contract Tower,0,16,5,0,21,0,2,0,0,2,0,18,5,0,23,0,0,0,23
01/20/2010,CIC,CA,AWP,WE,Federal Contract Tower,0,15,2,0,17,0,2,2,0,4,0,17,4,0,21,14,0,14,35
01/21/2010,CIC,CA,AWP,WE,Federal Contract Tower,0,17,1,0,18,0,9,2,0,11,0,26,3,0,29,14,2,16,45
01/22/2010,CIC,CA,AWP,WE,Federal Contract Tower,0,16,7,0,23,0,8,23,0,31,0,24,30,0,54,18,0,18,72
01/23/2010,CIC,CA,AWP,WE,Federal Contract Tower,10,7,4,0,21,10,12,21,0,43,20,19,25,0,64,24,0,24,88
01/24/2010,CIC,CA,AWP,WE,Federal Contract Tower,4,5,4,0,13,8,0,0,0,8,12,5,4,0,21,2,0,2,23
01/25/2010,CIC,CA,AWP,WE,Federal Contract Tower,0,15,11,4,30,0,3,0,0,3,0,18,11,4,33,0,0,0,33
01/26/2010,CIC,CA,AWP,WE,Federal Contract Tower,4,17,8,0,29,0,18,23,0,41,4,35,31,0,70,10,0,10,80
01/27/2010,CIC,CA,AWP,WE,Federal Contract Tower,1,12,3,0,16,1,4,61,0,66,2,16,64,0,82,48,0,48,130
01/28/2010,CIC,CA,AWP,WE,Federal Contract Tower,0,13,11,4,28,0,12,51,3,66,0,25,62,7,94,18,42,60,154
01/29/2010,CIC,CA,AWP,WE,Federal Contract Tower,1,12,5,1,19,20,19,21,1,61,21,31,26,2,80,58,16,74,154
01/30/2010,CIC,CA,AWP,WE,Federal Contract Tower,4,7,4,0,15,2,6,22,0,30,6,13,26,0,45,0,0,0,45
01/31/2010,CIC,CA,AWP,WE,Federal Contract Tower,0,7,2,0,9,0,9,95,0,104,0,16,97,0,113,90,0,90,203
02/01/2010,CIC,CA,AWP,WE,Federal Contract Tower,0,12,5,8,25,0,13,17,0,30,0,25,22,8,55,10,0,10,65
02/02/2010,CIC,CA,AWP,WE,Federal Contract Tower,0,14,3,0,17,0,13,36,0,49,0,27,39,0,66,86,0,86,152
02/03/2010,CIC,CA,AWP,WE,Federal Contract Tower,0,12,3,0,15,0,10,28,0,38,0,22,31,0,53,24,0,24,77
02/04/2010,CIC,CA,AWP,WE,Federal Contract Tower,0,16,16,0,32,0,2,7,0,9,0,18,23,0,41,8,0,8,49
02/05/2010,CIC,CA,AWP,WE,Federal Contract Tower,0,17,5,4,26,0,12,18,0,30,0,29,23,4,56,4,4,8,64
02/06/2010,CIC,CA,AWP,WE,Federal Contract Tower,0,5,2,0,7,0,5,7,0,12,0,10,9,0,19,4,0,4,23
02/07/2010,CIC,CA,AWP,WE,Federal Contract Tower,0,6,5,0,11,0,8,47,0,55,0,14,52,0,66,32,0,32,98
02/08/2010,CIC,CA,AWP,WE,Federal Contract Tower,0,10,6,1,17,0,10,57,0,67,0,20,63,1,84,6,14,20,104
02/09/2010,CIC,CA,AWP,WE,Federal Contract Tower,0,14,5,0,19,0,8,11,0,19,0,22,16,0,38,68,0,68,106
02/10/2010,CIC,CA,AWP,WE,Federal Contract Tower,0,10,12,3,25,0,26,80,2,108,0,36,92,5,133,50,0,50,183
02/11/2010,CIC,CA,AWP,WE,Federal Contract Tower,0,15,10,0,25,0,26,21,0,47,0,41,31,0,72,64,0,64,136
02/12/2010,CIC,CA,AWP,WE,Federal Contract Tower,0,11,15,0,26,0,14,13,0,27,0,25,28,0,53,4,0,4,57
02/13/2010,CIC,CA,AWP,WE,Federal Contract Tower,0,4,0,0,4,0,15,56,0,71,0,19,56,0,75,42,0,42,117
02/14/2010,CIC,CA,AWP,WE,Federal Contract Tower,2,3,3,0,8,11,8,45,0,64,13,11,48,0,72,68,0,68,140
02/15/2010,CIC,CA,AWP,WE,Federal Contract Tower,0,8,3,0,11,0,17,56,0,73,0,25,59,0,84,104,0,104,188
02/16/2010,CIC,CA,AWP,WE,Federal Contract Tower,0,11,1,2,14,16,25,55,4,100,16,36,56,6,114,52,0,52,166
02/17/2010,CIC,CA,AWP,WE,Federal Contract Tower,0,11,9,0,20,17,9,78,0,104,17,20,87,0,124,44,0,44,168
02/18/2010,CIC,CA,AWP,WE,Federal Contract Tower,0,10,2,0,12,21,29,49,4,103,21,39,51,4,115,66,16,82,197
02/19/2010,CIC,CA,AWP,WE,Federal Contract Tower,2,15,22,0,39,0,20,11,0,31,2,35,33,0,70,22,0,22,92
02/20/2010,CIC,CA,AWP,WE,Federal Contract Tower,0,7,7,0,14,0,4,25,0,29,0,11,32,0,43,34,0,34,77
02/21/2010,CIC,CA,AWP,WE,Federal Contract Tower,0,8,3,0,11,0,6,18,0,24,0,14,21,0,35,4,0,4,39
02/22/2010,CIC,CA,AWP,WE,Federal Contract Tower,0,13,2,0,15,0,10,54,0,64,0,23,56,0,79,74,0,74,153
02/23/2010,CIC,CA,AWP,WE,Federal Contract Tower,0,13,5,0,18,0,0,0,0,0,0,13,5,0,18,0,0,0,18
02/24/2010,CIC,CA,AWP,WE,Federal Contract Tower,0,19,8,0,27,4,2,7,0,13,4,21,15,0,40,10,0,10,50
02/25/2010,CIC,CA,AWP,WE,Federal Contract Tower,0,8,6,0,14,0,14,46,0,60,0,22,52,0,74,34,0,34,108
02/26/2010,CIC,CA,AWP,WE,Federal Contract Tower,0,13,4,0,17,8,17,4,0,29,8,30,8,0,46,4,0,4,50
02/27/2010,CIC,CA,AWP,WE,Federal Contract Tower,0,6,0,0,6,0,0,0,0,0,0,6,0,0,6,0,0,0,6
02/28/2010,CIC,CA,AWP,WE,Federal Contract Tower,0,5,2,0,7,0,2,103,0,105,0,7,105,0,112,34,0,34,146
03/01/2010,CIC,CA,AWP,WE,Federal Contract Tower,0,13,3,0,16,0,9,62,0,71,0,22,65,0,87,48,0,48,135
03/02/2010,CIC,CA,AWP,WE,Federal Contract Tower,0,16,1,0,17,0,12,5,0,17,0,28,6,0,34,0,0,0,34
03/03/2010,CIC,CA,AWP,WE,Federal Contract Tower,0,17,1,0,18,0,3,12,0,15,0,20,13,0,33,32,0,32,65
03/04/2010,CIC,CA,AWP,WE,Federal Contract Tower,0,16,10,0,26,0,12,90,0,102,0,28,100,0,128,54,0,54,182
03/05/2010,CIC,CA,AWP,WE,Federal Contract Tower,0,11,2,0,13,0,14,50,0,64,0,25,52,0,77,70,0,70,147
03/06/2010,CIC,CA,AWP,WE,Federal Contract Tower,0,4,6,0,10,0,15,58,0,73,0,19,64,0,83,60,0,60,143
03/07/2010,CIC,CA,AWP,WE,Federal Contract Tower,0,4,10,0,14,0,5,89,0,94,0,9,99,0,108,44,0,44,152
03/08/2010,CIC,CA,AWP,WE,Federal Contract Tower,0,14,8,2,24,0,13,6,0,19,0,27,14,2,43,0,0,0,43
03/09/2010,CIC,CA,AWP,WE,Federal Contract Tower,0,12,0,1,13,0,12,46,0,58,0,24,46,1,71,32,0,32,103
03/10/2010,CIC,CA,AWP,WE,Federal Contract Tower,0,8,2,2,12,0,11,83,0,94,0,19,85,2,106,24,0,24,130
03/11/2010,CIC,CA,AWP,WE,Federal Contract Tower,1,9,3,0,13,1,23,71,3,98,2,32,74,3,111,46,16,62,173
03/12/2010,CIC,CA,AWP,WE,Federal Contract Tower,0,12,2,0,14,0,13,1,0,14,0,25,3,0,28,6,0,6,34
03/13/2010,CIC,CA,AWP,WE,Federal Contract Tower,0,4,0,0,4,0,28,40,0,68,0,32,40,0,72,64,0,64,136
03/14/2010,CIC,CA,AWP,WE,Federal Contract Tower,0,6,0,0,6,0,13,71,0,84,0,19,71,0,90,32,0,32,122
03/15/2010,CIC,CA,AWP,WE,Federal Contract Tower,2,8,3,1,14,5,26,79,1,111,7,34,82,2,125,18,48,66,191
03/16/2010,CIC,CA,AWP,WE,Federal Contract Tower,0,7,3,1,11,0,18,54,1,73,0,25,57,2,84,40,28,68,152
03/17/2010,CIC,CA,AWP,WE,Federal Contract Tower,0,8,4,0,12,0,20,52,0,72,0,28,56,0,84,36,0,36,120
03/18/2010,CIC,CA,AWP,WE,Federal Contract Tower,0,10,4,0,14,0,26,45,0,71,0,36,49,0,85,74,0,74,159
03/19/2010,CIC,CA,AWP,WE,Federal Contract Tower,0,8,6,0,14,0,28,68,4,100,0,36,74,4,114,76,6,82,196
03/20/2010,CIC,CA,AWP,WE,Federal Contract Tower,0,4,0,0,4,0,12,73,0,85,0,16,73,0,89,40,0,40,129
03/21/2010,CIC,CA,AWP,WE,Federal Contract Tower,0,9,2,0,11,0,2,84,0,86,0,11,86,0,97,56,0,56,153
03/22/2010,CIC,CA,AWP,WE,Federal Contract Tower,0,9,9,0,18,0,16,24,2,42,0,25,33,2,60,6,0,6,66
03/23/2010,CIC,CA,AWP,WE,Federal Contract Tower,0,8,1,1,10,0,27,49,0,76,0,35,50,1,86,2,0,2,88
03/24/2010,CIC,CA,AWP,WE,Federal Contract Tower,0,9,3,0,12,0,11,74,0,85,0,20,77,0,97,14,0,14,111
03/25/2010,CIC,CA,AWP,WE,Federal Contract Tower,1,13,5,0,19,0,12,30,0,42,1,25,35,0,61,58,0,58,119
03/26/2010,CIC,CA,AWP,WE,Federal Contract Tower,0,9,2,0,11,0,12,71,0,83,0,21,73,0,94,120,0,120,214
03/27/2010,CIC,CA,AWP,WE,Federal Contract Tower,0,4,1,0,5,0,13,55,5,73,0,17,56,5,78,60,16,76,154
03/28/2010,CIC,CA,AWP,WE,Federal Contract Tower,0,5,3,0,8,0,8,53,0,61,0,13,56,0,69,74,0,74,143
03/29/2010,CIC,CA,AWP,WE,Federal Contract Tower,1,11,8,0,20,10,3,4,0,17,11,14,12,0,37,6,0,6,43
03/30/2010,CIC,CA,AWP,WE,Federal Contract Tower,0,8,2,3,13,1,28,24,0,53,1,36,26,3,66,26,10,36,102
03/31/2010,CIC,CA,AWP,WE,Federal Contract Tower,0,10,4,0,14,0,12,22,0,34,0,22,26,0,48,24,0,24,72
04/01/2010,CIC,CA,AWP,WE,Federal Contract Tower,0,9,8,0,17,7,24,47,0,78,7,33,55,0,95,126,0,126,221
04/02/2010,CIC,CA,AWP,WE,Federal Contract Tower,0,12,1,0,13,0,9,0,0,9,0,21,1,0,22,0,0,0,22
04/03/2010,CIC,CA,AWP,WE,Federal Contract Tower,0,7,2,0,9,0,31,32,0,63,0,38,34,0,72,16,0,16,88
04/04/2010,CIC,CA,AWP,WE,Federal Contract Tower,0,6,2,0,8,0,3,1,0,4,0,9,3,0,12,0,0,0,12
04/05/2010,CIC,CA,AWP,WE,Federal Contract Tower,0,11,8,0,19,0,31,31,0,62,0,42,39,0,81,4,0,4,85
04/06/2010,CIC,CA,AWP,WE,Federal Contract Tower,0,8,3,0,11,0,18,81,0,99,0,26,84,0,110,22,0,22,132
04/07/2010,CIC,CA,AWP,WE,Federal Contract Tower,0,9,8,4,21,0,12,68,0,80,0,21,76,4,101,72,0,72,173
04/08/2010,CIC,CA,AWP,WE,Federal Contract Tower,0,9,2,0,11,0,31,49,0,80,0,40,51,0,91,54,0,54,145
04/09/2010,CIC,CA,AWP,WE,Federal Contract Tower,3,11,5,0,19,7,29,62,0,98,10,40,67,0,117,52,0,52,169
04/10/2010,CIC,CA,AWP,WE,Federal Contract Tower,0,5,4,0,9,16,19,20,0,55,16,24,24,0,64,50,0,50,114
04/11/2010,CIC,CA,AWP,WE,Federal Contract Tower,0,6,7,0,13,0,15,3,0,18,0,21,10,0,31,9,0,9,40
04/12/2010,CIC,CA,AWP,WE,Federal Contract Tower,0,12,14,0,26,0,19,6,0,25,0,31,20,0,51,0,0,0,51
04/13/2010,CIC,CA,AWP,WE,Federal Contract Tower,1,15,8,0,24,22,31,34,0,87,23,46,42,0,111,24,0,24,135
04/14/2010,CIC,CA,AWP,WE,Federal Contract Tower,0,10,3,1,14,8,30,34,2,74,8,40,37,3,88,46,22,68,156
04/15/2010,CIC,CA,AWP,WE,Federal Contract Tower,0,9,4,4,17,0,10,64,1,75,0,19,68,5,92,20,24,44,136
04/16/2010,CIC,CA,AWP,WE,Federal Contract Tower,0,9,6,0,15,0,29,87,1,117,0,38,93,1,132,68,2,70,202
04/17/2010,CIC,CA,AWP,WE,Federal Contract Tower,0,4,4,0,8,0,22,54,1,77,0,26,58,1,85,28,0,28,113
04/18/2010,CIC,CA,AWP,WE,Federal Contract Tower,0,6,0,0,6,0,6,67,0,73,0,12,67,0,79,18,0,18,97
04/19/2010,CIC,CA,AWP,WE,Federal Contract Tower,0,8,4,2,14,1,20,45,1,67,1,28,49,3,81,10,16,26,107
04/20/2010,CIC,CA,AWP,WE,Federal Contract Tower,0,16,7,0,23,0,8,9,0,17,0,24,16,0,40,0,0,0,40
04/21/2010,CIC,CA,AWP,WE,Federal Contract Tower,0,13,2,0,15,0,10,20,1,31,0,23,22,1,46,4,10,14,60
04/22/2010,CIC,CA,AWP,WE,Federal Contract Tower,0,7,7,0,14,0,33,54,2,89,0,40,61,2,103,34,6,40,143
04/23/2010,CIC,CA,AWP,WE,Federal Contract Tower,0,10,6,0,16,0,26,88,0,114,0,36,94,0,130,74,0,74,204
04/24/2010,CIC,CA,AWP,WE,Federal Contract Tower,0,4,2,0,6,0,16,85,0,101,0,20,87,0,107,56,0,56,163
04/25/2010,CIC,CA,AWP,WE,Federal Contract Tower,1,6,3,0,10,6,27,70,0,103,7,33,73,0,113,82,0,82,195
04/26/2010,CIC,CA,AWP,WE,Federal Contract Tower,0,8,1,0,9,12,26,49,0,87,12,34,50,0,96,22,0,22,118
04/27/2010,CIC,CA,AWP,WE,Federal Contract Tower,0,9,0,0,9,0,6,10,0,16,0,15,10,0,25,0,0,0,25
04/28/2010,CIC,CA,AWP,WE,Federal Contract Tower,2,8,4,0,14,4,10,21,0,35,6,18,25,0,49,2,0,2,51
04/29/2010,CIC,CA,AWP,WE,Federal Contract Tower,0,7,2,0,9,11,20,63,0,94,11,27,65,0,103,60,0,60,163
04/30/2010,CIC,CA,AWP,WE,Federal Contract Tower,0,8,4,0,12,7,30,70,2,109,7,38,74,2,121,56,2,58,179
05/01/2010,CIC,CA,AWP,WE,Federal Contract Tower,0,5,2,0,7,0,18,50,0,68,0,23,52,0,75,46,0,46,121
05/02/2010,CIC,CA,AWP,WE,Federal Contract Tower,0,6,6,0,12,0,4,66,5,75,0,10,72,5,87,52,16,68,155
05/03/2010,CIC,CA,AWP,WE,Federal Contract Tower,0,8,6,0,14,0,14,63,0,77,0,22,69,0,91,74,0,74,165
05/04/2010,CIC,CA,AWP,WE,Federal Contract Tower,0,10,1,0,11,0,36,53,0,89,0,46,54,0,100,24,0,24,124
05/05/2010,CIC,CA,AWP,WE,Federal Contract Tower,0,9,2,0,11,0,28,62,2,92,0,37,64,2,103,26,6,32,135
05/06/2010,CIC,CA,AWP,WE,Federal Contract Tower,0,8,4,1,13,0,30,50,1,81,0,38,54,2,94,74,0,74,168
05/07/2010,CIC,CA,AWP,WE,Federal Contract Tower,0,9,1,0,10,0,18,64,0,82,0,27,65,0,92,46,0,46,138
05/08/2010,CIC,CA,AWP,WE,Federal Contract Tower,0,5,4,0,9,0,25,57,0,82,0,30,61,0,91,22,0,22,113
05/09/2010,CIC,CA,AWP,WE,Federal Contract Tower,0,8,7,0,15,0,0,15,0,15,0,8,22,0,30,35,0,35,65
05/10/2010,CIC,CA,AWP,WE,Federal Contract Tower,0,13,3,0,16,0,16,23,0,39,0,29,26,0,55,0,0,0,55
05/11/2010,CIC,CA,AWP,WE,Federal Contract Tower,0,10,5,0,15,0,16,72,2,90,0,26,77,2,105,30,0,30,135
05/12/2010,CIC,CA,AWP,WE,Federal Contract Tower,0,10,1,0,11,3,22,64,0,89,3,32,65,0,100,38,0,38,138
05/13/2010,CIC,CA,AWP,WE,Federal Contract Tower,0,8,3,0,11,0,35,58,0,93,0,43,61,0,104,54,0,54,158
05/14/2010,CIC,CA,AWP,WE,Federal Contract Tower,0,8,4,2,14,0,24,78,4,106,0,32,82,6,120,68,10,78,198
05/15/2010,CIC,CA,AWP,WE,Federal Contract Tower,0,5,4,0,9,6,19,52,0,77,6,24,56,0,86,64,8,72,158
05/16/2010,CIC,CA,AWP,WE,Federal Contract Tower,0,6,3,1,10,0,10,73,0,83,0,16,76,1,93,70,0,70,163
05/17/2010,CIC,CA,AWP,WE,Federal Contract Tower,0,11,7,0,18,0,17,13,0,30,0,28,20,0,48,14,0,14,62
05/18/2010,CIC,CA,AWP,WE,Federal Contract Tower,0,10,6,0,16,0,21,33,0,54,0,31,39,0,70,30,0,30,100
05/19/2010,CIC,CA,AWP,WE,Federal Contract Tower,0,10,4,0,14,0,8,32,0,40,0,18,36,0,54,10,0,10,64
05/20/2010,CIC,CA,AWP,WE,Federal Contract Tower,0,11,3,0,14,1,41,54,0,96,1,52,57,0,110,38,0,38,148
05/21/2010,CIC,CA,AWP,WE,Federal Contract Tower,0,9,4,2,15,1,29,50,0,80,1,38,54,2,95,28,2,30,125
05/22/2010,CIC,CA,AWP,WE,Federal Contract Tower,1,6,2,0,9,0,12,62,0,74,1,18,64,0,83,78,0,78,161
05/23/2010,CIC,CA,AWP,WE,Federal Contract Tower,0,6,5,0,11,0,28,56,0,84,0,34,61,0,95,76,0,76,171
05/24/2010,CIC,CA,AWP,WE,Federal Contract Tower,0,9,4,0,13,0,24,33,0,57,0,33,37,0,70,2,0,2,72
05/25/2010,CIC,CA,AWP,WE,Federal Contract Tower,0,11,3,4,18,0,25,15,0,40,0,36,18,4,58,2,0,2,60
05/26/2010,CIC,CA,AWP,WE,Federal Contract Tower,0,12,5,0,17,0,7,26,0,33,0,19,31,0,50,16,0,16,66
05/27/2010,CIC,CA,AWP,WE,Federal Contract Tower,0,11,7,0,18,0,6,8,5,19,0,17,15,5,37,0,0,0,37
05/28/2010,CIC,CA,AWP,WE,Federal Contract Tower,0,11,5,0,16,0,24,39,5,68,0,35,44,5,84,48,0,48,132
05/29/2010,CIC,CA,AWP,WE,Federal Contract Tower,1,5,2,0,8,6,21,45,0,72,7,26,47,0,80,38,0,38,118
05/30/2010,CIC,CA,AWP,WE,Federal Contract Tower,1,5,0,0,6,0,16,47,0,63,1,21,47,0,69,42,0,42,111
05/31/2010,CIC,CA,AWP,WE,Federal Contract Tower,0,8,1,0,9,0,12,45,0,57,0,20,46,0,66,22,0,22,88
06/01/2010,CIC,CA,AWP,WE,Federal Contract Tower,0,12,7,5,24,0,11,43,4,58,0,23,50,9,82,2,0,2,84
06/02/2010,CIC,CA,AWP,WE,Federal Contract Tower,9,3,1,0,13,0,32,68,4,104,9,35,69,4,117,30,6,36,153
06/03/2010,CIC,CA,AWP,WE,Federal Contract Tower,0,10,8,1,19,0,22,39,5,66,0,32,47,6,85,62,8,70,155
06/04/2010,CIC,CA,AWP,WE,Federal Contract Tower,0,9,5,10,24,1,30,37,4,72,1,39,42,14,96,36,12,48,144
06/05/2010,CIC,CA,AWP,WE,Federal Contract Tower,0,7,1,0,8,0,17,57,0,74,0,24,58,0,82,24,0,24,106
06/06/2010,CIC,CA,AWP,WE,Federal Contract Tower,0,6,2,0,8,0,21,52,0,73,0,27,54,0,81,48,0,48,129
06/07/2010,CIC,CA,AWP,WE,Federal Contract Tower,0,9,2,0,11,0,17,39,0,56,0,26,41,0,67,18,0,18,85
06/08/2010,CIC,CA,AWP,WE,Federal Contract Tower,0,13,0,0,13,0,33,47,0,80,0,46,47,0,93,28,0,28,121
06/09/2010,CIC,CA,AWP,WE,Federal Contract Tower,0,8,0,0,8,0,10,57,0,67,0,18,57,0,75,34,0,34,109
06/10/2010,CIC,CA,AWP,WE,Federal Contract Tower,0,9,3,0,12,0,21,52,0,73,0,30,55,0,85,36,2,38,123
06/11/2010,CIC,CA,AWP,WE,Federal Contract Tower,0,7,5,0,12,0,24,46,0,70,0,31,51,0,82,12,0,12,94
06/12/2010,CIC,CA,AWP,WE,Federal Contract Tower,0,5,3,0,8,0,30,123,0,153,0,35,126,0,161,40,0,40,201
06/13/2010,CIC,CA,AWP,WE,Federal Contract Tower,0,6,2,0,8,0,29,53,0,82,0,35,55,0,90,12,0,12,102
06/14/2010,CIC,CA,AWP,WE,Federal Contract Tower,0,7,6,2,15,3,18,69,4,94,3,25,75,6,109,42,66,108,217
06/15/2010,CIC,CA,AWP,WE,Federal Contract Tower,0,12,8,0,20,0,14,52,0,66,0,26,60,0,86,76,0,76,162
06/16/2010,CIC,CA,AWP,WE,Federal Contract Tower,0,11,2,2,15,0,37,37,0,74,0,48,39,2,89,70,20,90,179
06/17/2010,CIC,CA,AWP,WE,Federal Contract Tower,0,7,5,0,12,3,33,72,0,108,3,40,77,0,120,98,0,98,218
06/18/2010,CIC,CA,AWP,WE,Federal Contract Tower,0,6,7,1,14,0,35,67,1,103,0,41,74,2,117,58,12,70,187
06/19/2010,CIC,CA,AWP,WE,Federal Contract Tower,0,6,0,0,6,2,30,36,0,68,2,36,36,0,74,70,0,70,144
06/20/2010,CIC,CA,AWP,WE,Federal Contract Tower,0,4,1,0,5,0,16,63,0,79,0,20,64,0,84,78,0,78,162
06/21/2010,CIC,CA,AWP,WE,Federal Contract Tower,0,8,2,0,10,0,33,58,0,91,0,41,60,0,101,30,0,30,131
06/22/2010,CIC,CA,AWP,WE,Federal Contract Tower,0,10,1,0,11,1,26,75,0,102,1,36,76,0,113,68,0,68,181
06/23/2010,CIC,CA,AWP,WE,Federal Contract Tower,0,11,2,0,13,1,19,62,0,82,1,30,64,0,95,52,0,52,147
06/24/2010,CIC,CA,AWP,WE,Federal Contract Tower,0,6,4,0,10,1,34,64,0,99,1,40,68,0,109,84,0,84,193
06/25/2010,CIC,CA,AWP,WE,Federal Contract Tower,0,4,7,0,11,0,27,65,0,92,0,31,72,0,103,60,0,60,163
06/26/2010,CIC,CA,AWP,WE,Federal Contract Tower,0,5,2,0,7,0,20,40,0,60,0,25,42,0,67,16,0,16,83
06/27/2010,CIC,CA,AWP,WE,Federal Contract Tower,0,6,4,0,10,1,4,39,0,44,1,10,43,0,54,2,0,2,56
06/28/2010,CIC,CA,AWP,WE,Federal Contract Tower,0,8,2,4,14,1,24,38,0,63,1,32,40,4,77,26,0,26,103
06/29/2010,CIC,CA,AWP,WE,Federal Contract Tower,0,6,3,2,11,0,20,40,0,60,0,26,43,2,71,28,14,42,113
06/30/2010,CIC,CA,AWP,WE,Federal Contract Tower,0,8,7,0,15,0,17,63,2,82,0,25,70,2,97,16,8,24,121
07/01/2010,CIC,CA,AWP,WE,Federal Contract Tower,0,7,1,3,11,0,32,52,3,87,0,39,53,6,98,44,20,64,162
07/02/2010,CIC,CA,AWP,WE,Federal Contract Tower,0,7,5,1,13,0,50,85,0,135,0,57,90,1,148,90,2,92,240
07/03/2010,CIC,CA,AWP,WE,Federal Contract Tower,0,7,1,0,8,0,27,54,0,81,0,34,55,0,89,46,0,46,135
07/04/2010,CIC,CA,AWP,WE,Federal Contract Tower,0,6,0,0,6,0,9,38,0,47,0,15,38,0,53,22,0,22,75
07/05/2010,CIC,CA,AWP,WE,Federal Contract Tower,0,8,4,0,12,0,2,36,0,38,0,10,40,0,50,22,0,22,72
07/06/2010,CIC,CA,AWP,WE,Federal Contract Tower,1,5,4,0,10,0,17,55,2,74,1,22,59,2,84,32,20,52,136
07/07/2010,CIC,CA,AWP,WE,Federal Contract Tower,0,7,0,0,7,0,14,64,0,78,0,21,64,0,85,54,0,54,139
07/08/2010,CIC,CA,AWP,WE,Federal Contract Tower,0,7,1,0,8,0,0,0,0,0,0,7,1,0,8,66,0,66,74
07/09/2010,CIC,CA,AWP,WE,Federal Contract Tower,0,6,2,0,8,0,19,88,0,107,0,25,90,0,115,62,0,62,177
07/10/2010,CIC,CA,AWP,WE,Federal Contract Tower,0,6,1,0,7,0,39,61,0,100,0,45,62,0,107,56,0,56,163
07/11/2010,CIC,CA,AWP,WE,Federal Contract Tower,0,6,0,0,6,0,31,53,0,84,0,37,53,0,90,56,0,56,146
07/12/2010,CIC,CA,AWP,WE,Federal Contract Tower,0,11,1,2,14,0,14,44,2,60,0,25,45,4,74,40,0,40,114
07/13/2010,CIC,CA,AWP,WE,Federal Contract Tower,0,11,2,4,17,0,20,45,0,65,0,31,47,4,82,42,0,42,124
07/14/2010,CIC,CA,AWP,WE,Federal Contract Tower,0,10,1,1,12,0,12,41,1,54,0,22,42,2,66,38,2,40,106
07/15/2010,CIC,CA,AWP,WE,Federal Contract Tower,0,11,4,0,15,0,18,53,4,75,0,29,57,4,90,44,0,44,134
07/16/2010,CIC,CA,AWP,WE,Federal Contract Tower,0,8,0,0,8,0,40,61,0,101,0,48,61,0,109,88,0,88,197
07/17/2010,CIC,CA,AWP,WE,Federal Contract Tower,0,5,0,0,5,0,31,48,0,79,0,36,48,0,84,50,0,50,134
07/18/2010,CIC,CA,AWP,WE,Federal Contract Tower,0,7,2,0,9,0,35,46,0,81,0,42,48,0,90,52,0,52,142
07/19/2010,CIC,CA,AWP,WE,Federal Contract Tower,0,8,4,0,12,2,28,49,0,79,2,36,53,0,91,38,0,38,129
07/20/2010,CIC,CA,AWP,WE,Federal Contract Tower,0,8,5,5,18,0,7,49,0,56,0,15,54,5,74,70,0,70,144
07/21/2010,CIC,CA,AWP,WE,Federal Contract Tower,0,6,0,0,6,1,55,76,0,132,1,61,76,0,138,56,0,56,194
07/22/2010,CIC,CA,AWP,WE,Federal Contract Tower,0,8,8,2,18,1,43,62,0,106,1,51,70,2,124,62,12,74,198
07/23/2010,CIC,CA,AWP,WE,Federal Contract Tower,0,8,5,0,13,0,36,84,0,120,0,44,89,0,133,92,0,92,225
07/24/2010,CIC,CA,AWP,WE,Federal Contract Tower,0,3,4,0,7,0,14,41,0,55,0,17,45,0,62,40,0,40,102
07/25/2010,CIC,CA,AWP,WE,Federal Contract Tower,0,4,2,0,6,0,32,59,0,91,0,36,61,0,97,40,0,40,137
07/26/2010,CIC,CA,AWP,WE,Federal Contract Tower,0,10,1,0,11,0,18,67,0,85,0,28,68,0,96,26,0,26,122
07/27/2010,CIC,CA,AWP,WE,Federal Contract Tower,0,8,7,3,18,0,8,24,63,95,0,16,31,66,113,34,10,44,157
07/28/2010,CIC,CA,AWP,WE,Federal Contract Tower,0,13,7,3,23,1,13,83,2,99,1,26,90,5,122,34,0,34,156
07/29/2010,CIC,CA,AWP,WE,Federal Contract Tower,0,9,2,2,13,5,42,82,1,130,5,51,84,3,143,42,2,44,187
07/30/2010,CIC,CA,AWP,WE,Federal Contract Tower,0,8,1,1,10,0,30,51,3,84,0,38,52,4,94,72,2,74,168
07/31/2010,CIC,CA,AWP,WE,Federal Contract Tower,0,7,1,0,8,3,24,48,0,75,3,31,49,0,83,36,0,36,119
08/01/2010,CIC,CA,AWP,WE,Federal Contract Tower,0,8,1,0,9,2,35,32,0,69,2,43,33,0,78,34,0,34,112
08/02/2010,CIC,CA,AWP,WE,Federal Contract Tower,0,8,5,0,13,14,35,62,0,111,14,43,67,0,124,6,0,6,130
08/03/2010,CIC,CA,AWP,WE,Federal Contract Tower,0,10,5,1,16,4,25,47,2,78,4,35,52,3,94,46,0,46,140
08/04/2010,CIC,CA,AWP,WE,Federal Contract Tower,0,9,2,1,12,0,20,70,0,90,0,29,72,1,102,16,0,16,118
08/05/2010,CIC,CA,AWP,WE,Federal Contract Tower,0,8,1,1,10,0,39,53,3,95,0,47,54,4,105,22,4,26,131
08/06/2010,CIC,CA,AWP,WE,Federal Contract Tower,0,9,4,2,15,1,33,66,0,100,1,42,70,2,115,56,2,58,173
08/07/2010,CIC,CA,AWP,WE,Federal Contract Tower,0,6,0,0,6,0,9,55,2,66,0,15,55,2,72,38,2,40,112
08/08/2010,CIC,CA,AWP,WE,Federal Contract Tower,0,6,2,0,8,2,18,53,0,73,2,24,55,0,81,30,0,30,111
08/09/2010,CIC,CA,AWP,WE,Federal Contract Tower,0,7,5,0,12,0,28,40,6,74,0,35,45,6,86,8,0,8,94
08/10/2010,CIC,CA,AWP,WE,Federal Contract Tower,0,9,3,0,12,0,28,52,3,83,0,37,55,3,95,16,14,30,125
08/11/2010,CIC,CA,AWP,WE,Federal Contract Tower,0,7,4,1,12,0,10,58,8,76,0,17,62,9,88,4,26,30,118
08/12/2010,CIC,CA,AWP,WE,Federal Contract Tower,0,8,5,0,13,0,12,78,0,90,0,20,83,0,103,48,0,48,151
08/13/2010,CIC,CA,AWP,WE,Federal Contract Tower,0,9,4,0,13,1,25,85,0,111,1,34,89,0,124,37,0,37,161
08/14/2010,CIC,CA,AWP,WE,Federal Contract Tower,0,5,6,0,11,2,20,77,0,99,2,25,83,0,110,42,0,42,152
08/15/2010,CIC,CA,AWP,WE,Federal Contract Tower,0,4,2,0,6,1,38,84,0,123,1,42,86,0,129,4,0,4,133
08/16/2010,CIC,CA,AWP,WE,Federal Contract Tower,0,11,1,0,12,2,33,56,0,91,2,44,57,0,103,20,0,20,123
08/17/2010,CIC,CA,AWP,WE,Federal Contract Tower,0,8,5,0,13,1,29,49,0,79,1,37,54,0,92,54,0,54,146
08/18/2010,CIC,CA,AWP,WE,Federal Contract Tower,0,7,6,0,13,1,14,65,0,80,1,21,71,0,93,12,0,12,105
08/19/2010,CIC,CA,AWP,WE,Federal Contract Tower,0,8,1,1,10,0,12,62,1,75,0,20,63,2,85,52,40,92,177
08/20/2010,CIC,CA,AWP,WE,Federal Contract Tower,0,8,4,1,13,5,34,72,0,111,5,42,76,1,124,62,20,82,206
08/21/2010,CIC,CA,AWP,WE,Federal Contract Tower,0,4,2,0,6,0,21,49,2,72,0,25,51,2,78,46,10,56,134
08/22/2010,CIC,CA,AWP,WE,Federal Contract Tower,0,6,4,0,10,0,26,75,0,101,0,32,79,0,111,62,0,62,173
08/23/2010,CIC,CA,AWP,WE,Federal Contract Tower,0,9,3,0,12,0,28,43,0,71,0,37,46,0,83,30,0,30,113
08/24/2010,CIC,CA,AWP,WE,Federal Contract Tower,0,12,7,0,19,3,17,59,0,79,3,29,66,0,98,56,0,56,154
08/25/2010,CIC,CA,AWP,WE,Federal Contract Tower,0,8,6,0,14,0,12,60,0,72,0,20,66,0,86,12,0,12,98
08/26/2010,CIC,CA,AWP,WE,Federal Contract Tower,0,10,1,0,11,1,19,60,0,80,1,29,61,0,91,62,0,62,153
08/27/2010,CIC,CA,AWP,WE,Federal Contract Tower,0,7,5,0,12,0,34,66,0,100,0,41,71,0,112,38,0,38,150
08/28/2010,CIC,CA,AWP,WE,Federal Contract Tower,0,8,0,0,8,2,14,99,0,115,2,22,99,0,123,108,0,108,231
08/29/2010,CIC,CA,AWP,WE,Federal Contract Tower,0,6,0,0,6,0,11,54,0,65,0,17,54,0,71,68,0,68,139
08/30/2010,CIC,CA,AWP,WE,Federal Contract Tower,0,9,2,2,13,0,17,48,0,65,0,26,50,2,78,46,0,46,124
08/31/2010,CIC,CA,AWP,WE,Federal Contract Tower,0,10,7,0,17,0,26,67,1,94,0,36,74,1,111,8,0,8,119
09/01/2010,CIC,CA,AWP,WE,Federal Contract Tower,0,8,7,0,15,0,12,54,0,66,0,20,61,0,81,12,0,12,93
09/02/2010,CIC,CA,AWP,WE,Federal Contract Tower,0,11,6,0,17,0,27,55,0,82,0,38,61,0,99,26,0,26,125
09/03/2010,CIC,CA,AWP,WE,Federal Contract Tower,0,8,3,0,11,0,37,76,0,113,0,45,79,0,124,46,0,46,170
09/04/2010,CIC,CA,AWP,WE,Federal Contract Tower,5,0,0,0,5,0,27,56,0,83,5,27,56,0,88,66,0,66,154
09/05/2010,CIC,CA,AWP,WE,Federal Contract Tower,0,2,2,0,4,0,15,52,0,67,0,17,54,0,71,30,0,30,101
09/06/2010,CIC,CA,AWP,WE,Federal Contract Tower,0,9,2,0,11,0,82,46,0,128,0,91,48,0,139,0,0,0,139
09/07/2010,CIC,CA,AWP,WE,Federal Contract Tower,0,8,4,0,12,0,19,67,0,86,0,27,71,0,98,24,0,24,122
09/08/2010,CIC,CA,AWP,WE,Federal Contract Tower,0,9,7,0,16,0,12,38,0,50,0,21,45,0,66,0,0,0,66
09/09/2010,CIC,CA,AWP,WE,Federal Contract Tower,0,8,4,0,12,0,12,33,0,45,0,20,37,0,57,66,0,66,123
09/10/2010,CIC,CA,AWP,WE,Federal Contract Tower,0,7,6,0,13,0,28,75,0,103,0,35,81,0,116,38,0,38,154
09/11/2010,CIC,CA,AWP,WE,Federal Contract Tower,0,5,1,0,6,0,28,50,0,78,0,33,51,0,84,130,0,130,214
09/12/2010,CIC,CA,AWP,WE,Federal Contract Tower,0,5,0,0,5,0,17,59,0,76,0,22,59,0,81,22,0,22,103
09/13/2010,CIC,CA,AWP,WE,Federal Contract Tower,0,8,2,0,10,4,18,31,4,57,4,26,33,4,67,14,0,14,81
09/14/2010,CIC,CA,AWP,WE,Federal Contract Tower,0,9,5,2,16,0,28,61,7,96,0,37,66,9,112,38,0,38,150
09/15/2010,CIC,CA,AWP,WE,Federal Contract Tower,0,9,2,0,11,0,14,76,4,94,0,23,78,4,105,64,0,64,169
09/16/2010,CIC,CA,AWP,WE,Federal Contract Tower,0,8,2,0,10,1,10,59,5,75,1,18,61,5,85,54,8,62,147
09/17/2010,CIC,CA,AWP,WE,Federal Contract Tower,0,8,3,0,11,1,36,79,2,118,1,44,82,2,129,72,0,72,201
09/18/2010,CIC,CA,AWP,WE,Federal Contract Tower,1,6,4,0,11,9,23,26,0,58,10,29,30,0,69,50,0,50,119
09/19/2010,CIC,CA,AWP,WE,Federal Contract Tower,0,4,5,0,9,0,15,20,0,35,0,19,25,0,44,18,0,18,62
09/20/2010,CIC,CA,AWP,WE,Federal Contract Tower,0,8,3,0,11,0,23,69,0,92,0,31,72,0,103,30,0,30,133
09/21/2010,CIC,CA,AWP,WE,Federal Contract Tower,0,6,7,0,13,0,26,65,0,91,0,32,72,0,104,54,0,54,158
09/22/2010,CIC,CA,AWP,WE,Federal Contract Tower,0,10,1,4,15,0,11,89,0,100,0,21,90,4,115,46,0,46,161
09/23/2010,CIC,CA,AWP,WE,Federal Contract Tower,0,10,2,0,12,0,39,95,15,149,0,49,97,15,161,94,66,160,321
09/24/2010,CIC,CA,AWP,WE,Federal Contract Tower,0,8,1,1,10,0,29,157,4,190,0,37,158,5,200,58,32,90,290
09/25/2010,CIC,CA,AWP,WE,Federal Contract Tower,0,5,1,0,6,5,7,184,43,239,5,12,185,43,245,82,38,120,365
09/26/2010,CIC,CA,AWP,WE,Federal Contract Tower,8,2,8,0,18,14,161,51,0,226,22,163,59,0,244,54,0,54,298
09/27/2010,CIC,CA,AWP,WE,Federal Contract Tower,0,8,5,1,14,1,14,85,8,108,1,22,90,9,122,10,18,28,150
09/28/2010,CIC,CA,AWP,WE,Federal Contract Tower,0,8,1,2,11,0,18,54,0,72,0,26,55,2,83,40,0,40,123
09/29/2010,CIC,CA,AWP,WE,Federal Contract Tower,0,8,7,0,15,2,12,70,0,84,2,20,77,0,99,46,0,46,145
09/30/2010,CIC,CA,AWP,WE,Federal Contract Tower,0,7,5,0,12,0,22,80,0,102,0,29,85,0,114,64,0,64,178
10/01/2010,CIC,CA,AWP,WE,Federal Contract Tower,0,8,2,8,18,0,42,64,0,106,0,50,66,8,124,76,0,76,200
10/02/2010,CIC,CA,AWP,WE,Federal Contract Tower,0,5,7,0,12,0,14,86,0,100,0,19,93,0,112,36,0,36,148
10/03/2010,CIC,CA,AWP,WE,Federal Contract Tower,0,8,4,6,18,0,16,43,0,59,0,24,47,6,77,18,0,18,95
10/04/2010,CIC,CA,AWP,WE,Federal Contract Tower,0,7,4,0,11,0,11,57,0,68,0,18,61,0,79,28,0,28,107
10/05/2010,CIC,CA,AWP,WE,Federal Contract Tower,0,9,0,0,9,2,28,54,0,84,2,37,54,0,93,16,0,16,109
10/06/2010,CIC,CA,AWP,WE,Federal Contract Tower,0,9,6,0,15,0,16,63,0,79,0,25,69,0,94,36,0,36,130
10/07/2010,CIC,CA,AWP,WE,Federal Contract Tower,0,9,6,1,16,0,29,43,2,74,0,38,49,3,90,34,16,50,140
10/08/2010,CIC,CA,AWP,WE,Federal Contract Tower,0,10,4,0,14,0,24,91,0,115,0,34,95,0,129,60,0,60,189
10/09/2010,CIC,CA,AWP,WE,Federal Contract Tower,0,5,3,0,8,0,22,72,0,94,0,27,75,0,102,32,0,32,134
10/10/2010,CIC,CA,AWP,WE,Federal Contract Tower,0,6,2,0,8,0,18,70,0,88,0,24,72,0,96,46,0,46,142
10/11/2010,CIC,CA,AWP,WE,Federal Contract Tower,0,10,1,0,11,0,23,37,0,60,0,33,38,0,71,0,0,0,71
10/12/2010,CIC,CA,AWP,WE,Federal Contract Tower,0,11,0,2,13,0,21,42,4,67,0,32,42,6,80,2,20,22,102
10/13/2010,CIC,CA,AWP,WE,Federal Contract Tower,0,8,4,0,12,0,22,55,4,81,0,30,59,4,93,14,28,42,135
10/14/2010,CIC,CA,AWP,WE,Federal Contract Tower,0,7,3,2,12,1,31,48,2,82,1,38,51,4,94,88,22,110,204
10/15/2010,CIC,CA,AWP,WE,Federal Contract Tower,0,8,3,2,13,0,29,74,5,108,0,37,77,7,121,94,12,106,227
10/16/2010,CIC,CA,AWP,WE,Federal Contract Tower,0,5,0,0,5,0,11,48,0,59,0,16,48,0,64,44,0,44,108
10/17/2010,CIC,CA,AWP,WE,Federal Contract Tower,0,4,1,0,5,0,6,31,0,37,0,10,32,0,42,14,0,14,56
10/18/2010,CIC,CA,AWP,WE,Federal Contract Tower,0,10,6,0,16,0,13,46,0,59,0,23,52,0,75,18,0,18,93
10/19/2010,CIC,CA,AWP,WE,Federal Contract Tower,0,10,3,0,13,0,12,79,0,91,0,22,82,0,104,66,0,66,170
10/20/2010,CIC,CA,AWP,WE,Federal Contract Tower,0,7,5,0,12,0,12,50,0,62,0,19,55,0,74,14,0,14,88
10/21/2010,CIC,CA,AWP,WE,Federal Contract Tower,1,8,4,2,15,3,25,62,4,94,4,33,66,6,109,24,36,60,169
10/22/2010,CIC,CA,AWP,WE,Federal Contract Tower,0,12,7,0,19,0,16,29,0,45,0,28,36,0,64,44,0,44,108
10/23/2010,CIC,CA,AWP,WE,Federal Contract Tower,0,7,8,0,15,0,4,11,0,15,0,11,19,0,30,8,0,8,38
10/24/2010,CIC,CA,AWP,WE,Federal Contract Tower,0,2,1,0,3,0,0,1,0,1,0,2,2,0,4,6,0,6,10
10/25/2010,CIC,CA,AWP,WE,Federal Contract Tower,0,9,6,0,15,0,27,47,0,74,0,36,53,0,89,24,0,24,113
10/26/2010,CIC,CA,AWP,WE,Federal Contract Tower,0,7,3,0,10,0,14,90,0,104,0,21,93,0,114,40,0,40,154
10/27/2010,CIC,CA,AWP,WE,Federal Contract Tower,0,8,5,0,13,0,11,67,0,78,0,19,72,0,91,32,0,32,123
10/28/2010,CIC,CA,AWP,WE,Federal Contract Tower,0,9,4,0,13,0,9,28,0,37,0,18,32,0,50,34,0,34,84
10/29/2010,CIC,CA,AWP,WE,Federal Contract Tower,0,16,5,5,26,0,24,27,1,52,0,40,32,6,78,14,20,34,112
10/30/2010,CIC,CA,AWP,WE,Federal Contract Tower,0,6,7,0,13,0,1,13,0,14,0,7,20,0,27,8,0,8,35
10/31/2010,CIC,CA,AWP,WE,Federal Contract Tower,0,6,4,0,10,0,12,59,0,71,0,18,63,0,81,38,0,38,119
11/01/2010,CIC,CA,AWP,WE,Federal Contract Tower,0,13,2,0,15,0,25,68,0,93,0,38,70,0,108,44,0,44,152
11/02/2010,CIC,CA,AWP,WE,Federal Contract Tower,0,3,5,0,8,0,7,55,0,62,0,10,60,0,70,44,0,44,114
11/03/2010,CIC,CA,AWP,WE,Federal Contract Tower,0,13,1,0,14,0,15,72,0,87,0,28,73,0,101,38,0,38,139
11/04/2010,CIC,CA,AWP,WE,Federal Contract Tower,0,7,4,0,11,0,22,79,0,101,0,29,83,0,112,90,0,90,202
11/05/2010,CIC,CA,AWP,WE,Federal Contract Tower,0,8,4,0,12,0,32,65,0,97,0,40,69,0,109,56,0,56,165
11/06/2010,CIC,CA,AWP,WE,Federal Contract Tower,0,5,1,1,7,0,12,52,1,65,0,17,53,2,72,34,2,36,108
11/07/2010,CIC,CA,AWP,WE,Federal Contract Tower,0,5,5,0,10,0,0,0,0,0,0,5,5,0,10,2,0,2,12
11/08/2010,CIC,CA,AWP,WE,Federal Contract Tower,0,9,4,0,13,0,24,69,0,93,0,33,73,0,106,16,0,16,122
11/09/2010,CIC,CA,AWP,WE,Federal Contract Tower,0,12,6,0,18,0,17,35,2,54,0,29,41,2,72,52,0,52,124
11/10/2010,CIC,CA,AWP,WE,Federal Contract Tower,0,11,12,0,23,0,12,44,0,56,0,23,56,0,79,6,0,6,85
11/11/2010,CIC,CA,AWP,WE,Federal Contract Tower,0,9,4,1,14,0,11,83,0,94,0,20,87,1,108,34,2,36,144
11/12/2010,CIC,CA,AWP,WE,Federal Contract Tower,0,10,4,1,15,0,29,60,1,90,0,39,64,2,105,68,12,80,185
11/13/2010,CIC,CA,AWP,WE,Federal Contract Tower,0,5,4,0,9,0,4,58,0,62,0,9,62,0,71,38,0,38,109
11/14/2010,CIC,CA,AWP,WE,Federal Contract Tower,0,6,4,0,10,0,14,70,2,86,0,20,74,2,96,54,0,54,150
11/15/2010,CIC,CA,AWP,WE,Federal Contract Tower,0,11,4,0,15,0,23,43,0,66,0,34,47,0,81,16,0,16,97
11/16/2010,CIC,CA,AWP,WE,Federal Contract Tower,0,12,4,0,16,0,14,61,0,75,0,26,65,0,91,24,0,24,115
11/17/2010,CIC,CA,AWP,WE,Federal Contract Tower,0,11,0,0,11,0,15,54,0,69,0,26,54,0,80,24,0,24,104
11/18/2010,CIC,CA,AWP,WE,Federal Contract Tower,0,10,4,0,14,0,22,38,0,60,0,32,42,0,74,22,0,22,96
11/19/2010,CIC,CA,AWP,WE,Federal Contract Tower,0,15,11,2,28,0,8,20,0,28,0,23,31,2,56,18,2,20,76
11/20/2010,CIC,CA,AWP,WE,Federal Contract Tower,0,6,0,0,6,0,2,13,0,15,0,8,13,0,21,4,0,4,25
11/21/2010,CIC,CA,AWP,WE,Federal Contract Tower,0,6,1,0,7,0,1,30,0,31,0,7,31,0,38,16,0,16,54
11/22/2010,CIC,CA,AWP,WE,Federal Contract Tower,0,14,0,4,18,0,29,45,0,74,0,43,45,4,92,22,0,22,114
11/23/2010,CIC,CA,AWP,WE,Federal Contract Tower,0,11,1,0,12,0,27,28,0,55,0,38,29,0,67,22,0,22,89
11/24/2010,CIC,CA,AWP,WE,Federal Contract Tower,0,12,2,1,15,0,13,80,1,94,0,25,82,2,109,66,36,102,211
11/25/2010,CIC,CA,AWP,WE,Federal Contract Tower,0,3,0,0,3,0,6,44,0,50,0,9,44,0,53,24,0,24,77
11/26/2010,CIC,CA,AWP,WE,Federal Contract Tower,0,6,6,0,12,0,20,67,0,87,0,26,73,0,99,56,0,56,155
11/27/2010,CIC,CA,AWP,WE,Federal Contract Tower,0,9,1,0,10,0,0,0,0,0,0,9,1,0,10,0,0,0,10
11/28/2010,CIC,CA,AWP,WE,Federal Contract Tower,0,5,3,0,8,0,17,60,0,77,0,22,63,0,85,8,0,8,93
11/29/2010,CIC,CA,AWP,WE,Federal Contract Tower,0,11,0,0,11,0,23,54,0,77,0,34,54,0,88,36,0,36,124
11/30/2010,CIC,CA,AWP,WE,Federal Contract Tower,0,10,4,0,14,0,27,59,0,86,0,37,63,0,100,28,0,28,128
12/01/2010,CIC,CA,AWP,WE,Federal Contract Tower,0,11,14,0,25,0,11,54,0,65,0,22,68,0,90,14,0,14,104
12/02/2010,CIC,CA,AWP,WE,Federal Contract Tower,0,9,3,2,14,0,33,18,0,51,0,42,21,2,65,20,16,36,101
12/03/2010,CIC,CA,AWP,WE,Federal Contract Tower,0,22,15,0,37,0,8,0,0,8,0,30,15,0,45,9,0,9,54
12/04/2010,CIC,CA,AWP,WE,Federal Contract Tower,0,7,4,2,13,0,0,17,0,17,0,7,21,2,30,46,2,48,78
12/05/2010,CIC,CA,AWP,WE,Federal Contract Tower,0,5,2,0,7,0,9,24,0,33,0,14,26,0,40,78,0,78,118
12/06/2010,CIC,CA,AWP,WE,Federal Contract Tower,0,16,4,2,22,0,26,21,0,47,0,42,25,2,69,32,2,34,103
12/07/2010,CIC,CA,AWP,WE,Federal Contract Tower,0,10,2,4,16,0,16,61,0,77,0,26,63,4,93,24,0,24,117
12/08/2010,CIC,CA,AWP,WE,Federal Contract Tower,0,16,7,0,23,0,0,5,0,5,0,16,12,0,28,14,0,14,42
12/09/2010,CIC,CA,AWP,WE,Federal Contract Tower,0,17,15,0,32,1,9,28,0,38,1,26,43,0,70,16,0,16,86
12/10/2010,CIC,CA,AWP,WE,Federal Contract Tower,0,16,9,0,25,0,15,15,0,30,0,31,24,0,55,36,0,36,91
12/11/2010,CIC,CA,AWP,WE,Federal Contract Tower,0,13,7,0,20,0,9,38,0,47,0,22,45,0,67,68,0,68,135
12/12/2010,CIC,CA,AWP,WE,Federal Contract Tower,0,11,19,0,30,0,13,0,0,13,0,24,19,0,43,2,0,2,45
12/13/2010,CIC,CA,AWP,WE,Federal Contract Tower,0,18,20,0,38,0,1,18,0,19,0,19,38,0,57,0,0,0,57
12/14/2010,CIC,CA,AWP,WE,Federal Contract Tower,0,19,14,0,33,0,2,0,0,2,0,21,14,0,35,0,0,0,35
12/15/2010,CIC,CA,AWP,WE,Federal Contract Tower,0,10,4,0,14,0,18,56,0,74,0,28,60,0,88,58,0,58,146
12/16/2010,CIC,CA,AWP,WE,Federal Contract Tower,0,11,5,0,16,1,9,97,0,107,1,20,102,0,123,54,0,54,177
12/17/2010,CIC,CA,AWP,WE,Federal Contract Tower,0,9,5,0,14,0,8,6,0,14,0,17,11,0,28,6,0,6,34
12/18/2010,CIC,CA,AWP,WE,Federal Contract Tower,0,4,1,0,5,0,3,4,0,7,0,7,5,0,12,6,0,6,18
12/19/2010,CIC,CA,AWP,WE,Federal Contract Tower,0,6,0,0,6,0,2,7,0,9,0,8,7,0,15,0,0,0,15
12/20/2010,CIC,CA,AWP,WE,Federal Contract Tower,0,14,3,0,17,0,1,15,0,16,0,15,18,0,33,2,0,2,35
12/21/2010,CIC,CA,AWP,WE,Federal Contract Tower,0,13,4,0,17,0,12,44,0,56,0,25,48,0,73,20,0,20,93
12/22/2010,CIC,CA,AWP,WE,Federal Contract Tower,0,10,3,6,19,0,12,15,0,27,0,22,18,6,46,30,4,34,80
12/23/2010,CIC,CA,AWP,WE,Federal Contract Tower,0,14,7,0,21,0,19,18,0,37,0,33,25,0,58,44,0,44,102
12/24/2010,CIC,CA,AWP,WE,Federal Contract Tower,0,17,9,0,26,0,25,24,0,49,0,42,33,0,75,24,0,24,99
12/25/2010,CIC,CA,AWP,WE,Federal Contract Tower,0,5,5,0,10,0,4,0,0,4,0,9,5,0,14,4,0,4,18
12/26/2010,CIC,CA,AWP,WE,Federal Contract Tower,0,3,3,4,10,0,8,21,4,33,0,11,24,8,43,10,0,10,53
12/27/2010,CIC,CA,AWP,WE,Federal Contract Tower,0,10,8,0,18,0,8,41,0,49,0,18,49,0,67,34,0,34,101
12/28/2010,CIC,CA,AWP,WE,Federal Contract Tower,0,19,9,0,28,0,4,0,0,4,0,23,9,0,32,0,0,0,32
12/29/2010,CIC,CA,AWP,WE,Federal Contract Tower,0,13,3,0,16,0,6,25,0,31,0,19,28,0,47,36,0,36,83
12/30/2010,CIC,CA,AWP,WE,Federal Contract Tower,0,10,0,0,10,0,37,69,0,106,0,47,69,0,116,62,0,62,178
12/31/2010,CIC,CA,AWP,WE,Federal Contract Tower,0,10,2,0,12,0,24,53,0,77,0,34,55,0,89,12,0,12,101
01/01/2011,CIC,CA,AWP,WE,Federal Contract Tower,0,7,4,8,19,0,0,0,0,0,0,7,4,8,19,0,0,0,19
01/02/2011,CIC,CA,AWP,WE,Federal Contract Tower,0,6,2,0,8,0,6,22,0,28,0,12,24,0,36,8,0,8,44
01/03/2011,CIC,CA,AWP,WE,Federal Contract Tower,0,11,1,0,12,0,19,55,0,74,0,30,56,0,86,26,0,26,112
01/04/2011,CIC,CA,AWP,WE,Federal Contract Tower,0,11,3,2,16,0,20,57,0,77,0,31,60,2,93,54,0,54,147
01/05/2011,CIC,CA,AWP,WE,Federal Contract Tower,0,12,0,2,14,0,5,56,6,67,0,17,56,8,81,32,0,32,113
01/06/2011,CIC,CA,AWP,WE,Federal Contract Tower,0,12,13,0,25,0,2,18,3,23,0,14,31,3,48,34,8,42,90
01/07/2011,CIC,CA,AWP,WE,Federal Contract Tower,0,18,10,3,31,0,0,0,0,0,0,18,10,3,31,0,0,0,31
01/08/2011,CIC,CA,AWP,WE,Federal Contract Tower,0,7,5,0,12,0,0,0,0,0,0,7,5,0,12,0,0,0,12
01/09/2011,CIC,CA,AWP,WE,Federal Contract Tower,0,6,7,0,13,0,4,55,0,59,0,10,62,0,72,46,0,46,118
01/10/2011,CIC,CA,AWP,WE,Federal Contract Tower,0,10,6,4,20,0,5,38,2,45,0,15,44,6,65,106,10,116,181
01/11/2011,CIC,CA,AWP,WE,Federal Contract Tower,0,10,5,4,19,0,10,44,0,54,0,20,49,4,73,18,0,18,91
01/12/2011,CIC,CA,AWP,WE,Federal Contract Tower,0,10,4,0,14,0,21,21,0,42,0,31,25,0,56,66,0,66,122
01/13/2011,CIC,CA,AWP,WE,Federal Contract Tower,0,15,8,7,30,0,19,3,0,22,0,34,11,7,52,16,4,20,72
01/14/2011,CIC,CA,AWP,WE,Federal Contract Tower,4,18,12,4,38,0,9,65,0,74,4,27,77,4,112,60,0,60,172
01/15/2011,CIC,CA,AWP,WE,Federal Contract Tower,0,6,6,0,12,0,3,92,0,95,0,9,98,0,107,84,0,84,191
01/16/2011,CIC,CA,AWP,WE,Federal Contract Tower,0,4,1,0,5,0,2,0,0,2,0,6,1,0,7,12,0,12,19
01/17/2011,CIC,CA,AWP,WE,Federal Contract Tower,0,6,2,0,8,0,0,0,0,0,0,6,2,0,8,0,0,0,8
01/18/2011,CIC,CA,AWP,WE,Federal Contract Tower,0,11,5,4,20,0,12,5,0,17,0,23,10,4,37,63,0,63,100
01/19/2011,CIC,CA,AWP,WE,Federal Contract Tower,0,17,5,1,23,0,6,57,0,63,0,23,62,1,86,35,0,35,121
01/20/2011,CIC,CA,AWP,WE,Federal Contract Tower,0,12,2,2,16,0,28,76,2,106,0,40,78,4,122,81,2,83,205
01/21/2011,CIC,CA,AWP,WE,Federal Contract Tower,0,13,6,0,19,0,9,46,4,59,0,22,52,4,78,68,4,72,150
01/22/2011,CIC,CA,AWP,WE,Federal Contract Tower,0,5,3,0,8,0,9,84,0,93,0,14,87,0,101,42,0,42,143
01/23/2011,CIC,CA,AWP,WE,Federal Contract Tower,0,6,2,0,8,0,22,56,0,78,0,28,58,0,86,26,0,26,112
01/24/2011,CIC,CA,AWP,WE,Federal Contract Tower,0,13,0,0,13,0,20,45,0,65,0,33,45,0,78,48,0,48,126
01/25/2011,CIC,CA,AWP,WE,Federal Contract Tower,0,15,3,0,18,0,20,71,0,91,0,35,74,0,109,116,0,116,225
01/26/2011,CIC,CA,AWP,WE,Federal Contract Tower,0,12,7,0,19,0,3,21,2,26,0,15,28,2,45,24,4,28,73
01/27/2011,CIC,CA,AWP,WE,Federal Contract Tower,0,8,6,1,15,0,5,17,0,22,0,13,23,1,37,10,0,10,47
01/28/2011,CIC,CA,AWP,WE,Federal Contract Tower,0,6,12,0,18,0,11,19,0,30,0,17,31,0,48,26,0,26,74
01/29/2011,CIC,CA,AWP,WE,Federal Contract Tower,4,11,15,0,30,0,0,3,0,3,4,11,18,0,33,0,0,0,33
01/30/2011,CIC,CA,AWP,WE,Federal Contract Tower,0,6,6,0,12,0,2,16,0,18,0,8,22,0,30,0,0,0,30
01/31/2011,CIC,CA,AWP,WE,Federal Contract Tower,0,16,0,0,16,6,15,37,0,58,6,31,37,0,74,50,0,50,124
02/01/2011,CIC,CA,AWP,WE,Federal Contract Tower,0,13,2,0,15,4,14,65,0,83,4,27,67,0,98,26,0,26,124
02/02/2011,CIC,CA,AWP,WE,Federal Contract Tower,0,10,4,0,14,18,7,51,0,76,18,17,55,0,90,32,0,32,122
02/03/2011,CIC,CA,AWP,WE,Federal Contract Tower,0,13,0,0,13,0,33,49,11,93,0,46,49,11,106,146,18,164,270
02/04/2011,CIC,CA,AWP,WE,Federal Contract Tower,0,9,1,2,12,2,29,55,15,101,2,38,56,17,113,90,22,112,225
02/05/2011,CIC,CA,AWP,WE,Federal Contract Tower,0,5,0,0,5,0,6,75,12,93,0,11,75,12,98,56,18,74,172
02/06/2011,CIC,CA,AWP,WE,Federal Contract Tower,0,7,0,0,7,0,13,58,4,75,0,20,58,4,82,88,2,90,172
02/07/2011,CIC,CA,AWP,WE,Federal Contract Tower,0,10,1,0,11,0,17,65,8,90,0,27,66,8,101,120,10,130,231
02/08/2011,CIC,CA,AWP,WE,Federal Contract Tower,0,10,0,0,10,0,15,35,9,59,0,25,35,9,69,20,4,24,93
02/09/2011,CIC,CA,AWP,WE,Federal Contract Tower,0,9,2,1,12,0,22,76,4,102,0,31,78,5,114,68,24,92,206
02/10/2011,CIC,CA,AWP,WE,Federal Contract Tower,0,11,5,0,16,0,19,89,2,110,0,30,94,2,126,126,4,130,256
02/11/2011,CIC,CA,AWP,WE,Federal Contract Tower,0,10,5,2,17,0,23,65,3,91,0,33,70,5,108,96,26,122,230
02/12/2011,CIC,CA,AWP,WE,Federal Contract Tower,0,5,4,0,9,0,9,82,6,97,0,14,86,6,106,146,6,152,258
02/13/2011,CIC,CA,AWP,WE,Federal Contract Tower,0,11,1,0,12,0,28,58,0,86,0,39,59,0,98,90,0,90,188
02/14/2011,CIC,CA,AWP,WE,Federal Contract Tower,0,15,5,0,20,0,10,0,0,10,0,25,5,0,30,0,0,0,30
02/15/2011,CIC,CA,AWP,WE,Federal Contract Tower,0,16,3,0,19,0,5,8,0,13,0,21,11,0,32,8,0,8,40
02/16/2011,CIC,CA,AWP,WE,Federal Contract Tower,0,10,8,0,18,11,10,28,0,49,11,20,36,0,67,22,0,22,89
02/17/2011,CIC,CA,AWP,WE,Federal Contract Tower,0,17,36,0,53,0,4,2,0,6,0,21,38,0,59,6,0,6,65
02/18/2011,CIC,CA,AWP,WE,Federal Contract Tower,0,14,11,0,25,0,10,37,16,63,0,24,48,16,88,28,0,28,116
02/19/2011,CIC,CA,AWP,WE,Federal Contract Tower,0,15,3,0,18,0,18,14,0,32,0,33,17,0,50,30,0,30,80
02/20/2011,CIC,CA,AWP,WE,Federal Contract Tower,0,6,0,0,6,9,9,49,2,69,9,15,49,2,75,66,4,70,145
02/21/2011,CIC,CA,AWP,WE,Federal Contract Tower,0,8,5,0,13,6,14,58,0,78,6,22,63,0,91,6,0,6,97
02/22/2011,CIC,CA,AWP,WE,Federal Contract Tower,0,10,2,0,12,21,12,79,0,112,21,22,81,0,124,38,0,38,162
02/23/2011,CIC,CA,AWP,WE,Federal Contract Tower,0,10,1,2,13,12,7,60,0,79,12,17,61,2,92,60,0,60,152
02/24/2011,CIC,CA,AWP,WE,Federal Contract Tower,0,14,5,4,23,10,4,9,1,24,10,18,14,5,47,0,30,30,77
02/25/2011,CIC,CA,AWP,WE,Federal Contract Tower,0,15,4,0,19,0,4,12,0,16,0,19,16,0,35,14,0,14,49
02/26/2011,CIC,CA,AWP,WE,Federal Contract Tower,0,6,2,0,8,1,7,77,0,85,1,13,79,0,93,62,0,62,155
02/27/2011,CIC,CA,AWP,WE,Federal Contract Tower,0,6,1,0,7,0,12,80,18,110,0,18,81,18,117,68,28,96,213
02/28/2011,CIC,CA,AWP,WE,Federal Contract Tower,0,13,1,0,14,0,6,47,26,79,0,19,48,26,93,22,0,22,115
03/01/2011,CIC,CA,AWP,WE,Federal Contract Tower,0,9,1,0,10,0,14,69,4,87,0,23,70,4,97,94,2,96,193
03/02/2011,CIC,CA,AWP,WE,Federal Contract Tower,0,12,6,0,18,0,2,2,0,4,0,14,8,0,22,0,0,0,22
03/03/2011,CIC,CA,AWP,WE,Federal Contract Tower,0,11,2,0,13,0,12,38,17,67,0,23,40,17,80,30,0,30,110
03/04/2011,CIC,CA,AWP,WE,Federal Contract Tower,0,9,3,1,13,0,28,80,0,108,0,37,83,1,121,66,0,66,187
03/05/2011,CIC,CA,AWP,WE,Federal Contract Tower,0,6,4,0,10,0,11,42,0,53,0,17,46,0,63,44,0,44,107
03/06/2011,CIC,CA,AWP,WE,Federal Contract Tower,0,4,5,0,9,0,1,0,0,1,0,5,5,0,10,8,0,8,18
03/07/2011,CIC,CA,AWP,WE,Federal Contract Tower,0,10,4,2,16,0,6,26,4,36,0,16,30,6,52,10,18,28,80
03/08/2011,CIC,CA,AWP,WE,Federal Contract Tower,0,11,8,0,19,0,18,50,0,68,0,29,58,0,87,50,0,50,137
03/09/2011,CIC,CA,AWP,WE,Federal Contract Tower,0,11,5,1,17,0,8,60,0,68,0,19,65,1,85,34,0,34,119
03/10/2011,CIC,CA,AWP,WE,Federal Contract Tower,0,12,4,0,16,0,11,10,2,23,0,23,14,2,39,14,0,14,53
03/11/2011,CIC,CA,AWP,WE,Federal Contract Tower,0,12,6,0,18,4,29,67,0,100,4,41,73,0,118,82,0,82,200
03/12/2011,CIC,CA,AWP,WE,Federal Contract Tower,0,5,1,0,6,0,13,47,0,60,0,18,48,0,66,0,0,0,66
03/13/2011,CIC,CA,AWP,WE,Federal Contract Tower,0,9,9,0,18,0,2,1,0,3,0,11,10,0,21,4,0,4,25
03/14/2011,CIC,CA,AWP,WE,Federal Contract Tower,0,12,10,3,25,0,5,20,0,25,0,17,30,3,50,16,0,16,66
03/15/2011,CIC,CA,AWP,WE,Federal Contract Tower,0,17,12,5,34,0,4,2,0,6,0,21,14,5,40,6,0,6,46
03/16/2011,CIC,CA,AWP,WE,Federal Contract Tower,0,7,4,2,13,0,17,31,0,48,0,24,35,2,61,40,0,40,101
03/17/2011,CIC,CA,AWP,WE,Federal Contract Tower,0,11,4,0,15,0,21,61,0,82,0,32,65,0,97,80,0,80,177
03/18/2011,CIC,CA,AWP,WE,Federal Contract Tower,0,12,7,1,20,0,3,9,0,12,0,15,16,1,32,8,0,8,40
03/19/2011,CIC,CA,AWP,WE,Federal Contract Tower,0,9,1,0,10,0,5,3,0,8,0,14,4,0,18,2,0,2,20
03/20/2011,CIC,CA,AWP,WE,Federal Contract Tower,0,8,3,0,11,0,0,4,0,4,0,8,7,0,15,4,0,4,19
03/21/2011,CIC,CA,AWP,WE,Federal Contract Tower,0,18,4,0,22,0,14,21,0,35,0,32,25,0,57,0,0,0,57
03/22/2011,CIC,CA,AWP,WE,Federal Contract Tower,0,9,9,0,18,0,12,58,0,70,0,21,67,0,88,14,0,14,102
03/23/2011,CIC,CA,AWP,WE,Federal Contract Tower,0,18,9,0,27,0,8,14,0,22,0,26,23,0,49,12,0,12,61
03/24/2011,CIC,CA,AWP,WE,Federal Contract Tower,0,10,0,0,10,0,10,9,0,19,0,20,9,0,29,8,0,8,37
03/25/2011,CIC,CA,AWP,WE,Federal Contract Tower,1,12,5,0,18,0,21,25,0,46,1,33,30,0,64,34,0,34,98
03/26/2011,CIC,CA,AWP,WE,Federal Contract Tower,0,10,5,0,15,0,12,4,0,16,0,22,9,0,31,26,0,26,57
03/27/2011,CIC,CA,AWP,WE,Federal Contract Tower,0,3,10,4,17,0,11,8,0,19,0,14,18,4,36,22,4,26,62
03/28/2011,CIC,CA,AWP,WE,Federal Contract Tower,0,8,4,2,14,0,12,51,0,63,0,20,55,2,77,32,0,32,109
03/29/2011,CIC,CA,AWP,WE,Federal Contract Tower,0,8,0,2,10,0,20,58,0,78,0,28,58,2,88,56,0,56,144
03/30/2011,CIC,CA,AWP,WE,Federal Contract Tower,0,8,2,3,13,0,11,68,1,80,0,19,70,4,93,22,14,36,129
03/31/2011,CIC,CA,AWP,WE,Federal Contract Tower,0,12,6,0,18,0,24,76,6,106,0,36,82,6,124,62,18,80,204
04/01/2011,CIC,CA,AWP,WE,Federal Contract Tower,0,8,1,2,11,0,31,71,0,102,0,39,72,2,113,68,0,68,181
04/02/2011,CIC,CA,AWP,WE,Federal Contract Tower,0,5,2,0,7,0,13,48,0,61,0,18,50,0,68,18,0,18,86
04/03/2011,CIC,CA,AWP,WE,Federal Contract Tower,0,6,0,0,6,0,4,40,0,44,0,10,40,0,50,18,0,18,68
04/04/2011,CIC,CA,AWP,WE,Federal Contract Tower,0,9,2,0,11,0,17,79,0,96,0,26,81,0,107,34,0,34,141
04/05/2011,CIC,CA,AWP,WE,Federal Contract Tower,0,7,0,0,7,0,12,56,0,68,0,19,56,0,75,34,0,34,109
04/06/2011,CIC,CA,AWP,WE,Federal Contract Tower,0,8,4,0,12,0,16,69,0,85,0,24,73,0,97,46,0,46,143
04/07/2011,CIC,CA,AWP,WE,Federal Contract Tower,0,7,1,0,8,2,28,35,2,67,2,35,36,2,75,36,8,44,119
04/08/2011,CIC,CA,AWP,WE,Federal Contract Tower,0,8,5,0,13,8,25,56,0,89,8,33,61,0,102,38,0,38,140
04/09/2011,CIC,CA,AWP,WE,Federal Contract Tower,0,5,0,0,5,0,33,49,0,82,0,38,49,0,87,28,0,28,115
04/10/2011,CIC,CA,AWP,WE,Federal Contract Tower,0,6,3,0,9,4,7,54,0,65,4,13,57,0,74,80,0,80,154
04/11/2011,CIC,CA,AWP,WE,Federal Contract Tower,0,10,1,0,11,0,17,51,0,68,0,27,52,0,79,14,0,14,93
04/12/2011,CIC,CA,AWP,WE,Federal Contract Tower,0,8,0,0,8,1,17,64,2,84,1,25,64,2,92,50,0,50,142
04/13/2011,CIC,CA,AWP,WE,Federal Contract Tower,0,11,1,0,12,0,7,39,0,46,0,18,40,0,58,6,0,6,64
04/14/2011,CIC,CA,AWP,WE,Federal Contract Tower,0,8,1,0,9,0,16,69,2,87,0,24,70,2,96,24,0,24,120
04/15/2011,CIC,CA,AWP,WE,Federal Contract Tower,0,8,0,0,8,0,19,52,0,71,0,27,52,0,79,44,0,44,123
04/16/2011,CIC,CA,AWP,WE,Federal Contract Tower,0,5,0,0,5,0,15,103,0,118,0,20,103,0,123,48,0,48,171
04/17/2011,CIC,CA,AWP,WE,Federal Contract Tower,0,7,4,0,11,0,15,38,0,53,0,22,42,0,64,42,0,42,106
04/18/2011,CIC,CA,AWP,WE,Federal Contract Tower,0,12,3,0,15,0,22,44,0,66,0,34,47,0,81,12,0,12,93
04/19/2011,CIC,CA,AWP,WE,Federal Contract Tower,0,13,6,0,19,0,14,50,0,64,0,27,56,0,83,22,0,22,105
04/20/2011,CIC,CA,AWP,WE,Federal Contract Tower,0,14,2,0,16,0,11,42,0,53,0,25,44,0,69,0,0,0,69
04/21/2011,CIC,CA,AWP,WE,Federal Contract Tower,0,10,2,0,12,0,20,88,8,116,0,30,90,8,128,56,0,56,184
04/22/2011,CIC,CA,AWP,WE,Federal Contract Tower,0,7,6,0,13,1,29,109,0,139,1,36,115,0,152,46,0,46,198
04/23/2011,CIC,CA,AWP,WE,Federal Contract Tower,0,5,1,0,6,0,16,32,0,48,0,21,33,0,54,24,0,24,78
04/24/2011,CIC,CA,AWP,WE,Federal Contract Tower,0,6,1,0,7,0,8,13,0,21,0,14,14,0,28,6,0,6,34
04/25/2011,CIC,CA,AWP,WE,Federal Contract Tower,0,7,7,2,16,0,10,34,0,44,0,17,41,2,60,0,8,8,68
04/26/2011,CIC,CA,AWP,WE,Federal Contract Tower,0,9,4,1,14,0,12,47,4,63,0,21,51,5,77,50,28,78,155
04/27/2011,CIC,CA,AWP,WE,Federal Contract Tower,0,8,5,0,13,0,14,73,1,88,0,22,78,1,101,32,0,32,133
04/28/2011,CIC,CA,AWP,WE,Federal Contract Tower,0,10,3,0,13,0,23,63,0,86,0,33,66,0,99,60,0,60,159
04/29/2011,CIC,CA,AWP,WE,Federal Contract Tower,0,13,3,0,16,0,18,45,0,63,0,31,48,0,79,24,0,24,103
04/30/2011,CIC,CA,AWP,WE,Federal Contract Tower,0,6,2,0,8,0,27,48,0,75,0,33,50,0,83,34,0,34,117
05/01/2011,CIC,CA,AWP,WE,Federal Contract Tower,0,5,2,0,7,0,15,68,0,83,0,20,70,0,90,50,0,50,140
05/02/2011,CIC,CA,AWP,WE,Federal Contract Tower,0,10,1,0,11,0,28,57,1,86,0,38,58,1,97,16,28,44,141
05/03/2011,CIC,CA,AWP,WE,Federal Contract Tower,0,9,4,0,13,0,17,59,0,76,0,26,63,0,89,36,0,36,125
05/04/2011,CIC,CA,AWP,WE,Federal Contract Tower,0,7,6,0,13,0,15,88,0,103,0,22,94,0,116,26,0,26,142
05/05/2011,CIC,CA,AWP,WE,Federal Contract Tower,0,6,2,0,8,0,37,70,0,107,0,43,72,0,115,68,0,68,183
05/06/2011,CIC,CA,AWP,WE,Federal Contract Tower,0,7,3,0,10,0,29,78,0,107,0,36,81,0,117,20,2,22,139
05/07/2011,CIC,CA,AWP,WE,Federal Contract Tower,0,5,1,0,6,0,10,46,0,56,0,15,47,0,62,34,0,34,96
05/08/2011,CIC,CA,AWP,WE,Federal Contract Tower,0,5,2,8,15,0,6,21,0,27,0,11,23,8,42,10,8,18,60
05/09/2011,CIC,CA,AWP,WE,Federal Contract Tower,0,9,1,4,14,0,23,50,0,73,0,32,51,4,87,44,8,52,139
05/10/2011,CIC,CA,AWP,WE,Federal Contract Tower,0,9,0,0,9,0,20,76,0,96,0,29,76,0,105,21,0,21,126
05/11/2011,CIC,CA,AWP,WE,Federal Contract Tower,0,7,1,2,10,0,12,57,0,69,0,19,58,2,79,68,0,68,147
05/12/2011,CIC,CA,AWP,WE,Federal Contract Tower,0,6,5,0,11,0,28,57,0,85,0,34,62,0,96,62,0,62,158
05/13/2011,CIC,CA,AWP,WE,Federal Contract Tower,0,7,3,0,10,0,34,93,8,135,0,41,96,8,145,52,18,70,215
05/14/2011,CIC,CA,AWP,WE,Federal Contract Tower,0,7,1,0,8,0,23,37,0,60,0,30,38,0,68,24,2,26,94
05/15/2011,CIC,CA,AWP,WE,Federal Contract Tower,0,5,4,0,9,0,4,6,0,10,0,9,10,0,19,14,0,14,33
05/16/2011,CIC,CA,AWP,WE,Federal Contract Tower,0,14,3,2,19,0,8,32,2,42,0,22,35,4,61,14,0,14,75
05/17/2011,CIC,CA,AWP,WE,Federal Contract Tower,0,12,7,0,19,0,3,3,0,6,0,15,10,0,25,0,0,0,25
05/18/2011,CIC,CA,AWP,WE,Federal Contract Tower,0,10,11,0,21,0,7,42,0,49,0,17,53,0,70,32,0,32,102
05/19/2011,CIC,CA,AWP,WE,Federal Contract Tower,0,9,0,0,9,0,13,97,4,114,0,22,97,4,123,26,4,30,153
05/20/2011,CIC,CA,AWP,WE,Federal Contract Tower,0,9,3,0,12,0,26,87,3,116,0,35,90,3,128,70,2,72,200
05/21/2011,CIC,CA,AWP,WE,Federal Contract Tower,0,4,2,0,6,0,34,75,0,109,0,38,77,0,115,82,0,82,197
05/22/2011,CIC,CA,AWP,WE,Federal Contract Tower,0,6,1,0,7,0,30,61,0,91,0,36,62,0,98,70,0,70,168
05/23/2011,CIC,CA,AWP,WE,Federal Contract Tower,0,9,9,1,19,0,14,55,4,73,0,23,64,5,92,8,6,14,106
05/24/2011,CIC,CA,AWP,WE,Federal Contract Tower,0,8,1,0,9,0,11,64,3,78,0,19,65,3,87,0,0,0,87
05/25/2011,CIC,CA,AWP,WE,Federal Contract Tower,0,13,6,0,19,0,3,17,0,20,0,16,23,0,39,12,0,12,51
05/26/2011,CIC,CA,AWP,WE,Federal Contract Tower,0,8,3,0,11,0,28,53,2,83,0,36,56,2,94,48,18,66,160
05/27/2011,CIC,CA,AWP,WE,Federal Contract Tower,0,8,10,0,18,0,26,90,1,117,0,34,100,1,135,68,0,68,203
05/28/2011,CIC,CA,AWP,WE,Federal Contract Tower,0,3,0,0,3,0,7,23,0,30,0,10,23,0,33,16,0,16,49
05/29/2011,CIC,CA,AWP,WE,Federal Contract Tower,0,4,0,0,4,0,10,32,0,42,0,14,32,0,46,34,0,34,80
05/30/2011,CIC,CA,AWP,WE,Federal Contract Tower,0,6,8,0,14,0,2,50,0,52,0,8,58,0,66,8,0,8,74
05/31/2011,CIC,CA,AWP,WE,Federal Contract Tower,0,10,4,0,14,0,10,17,0,27,0,20,21,0,41,0,0,0,41
06/01/2011,CIC,CA,AWP,WE,Federal Contract Tower,0,13,2,0,15,0,3,27,0,30,0,16,29,0,45,0,0,0,45
06/02/2011,CIC,CA,AWP,WE,Federal Contract Tower,0,12,0,0,12,0,30,28,0,58,0,42,28,0,70,12,0,12,82
06/03/2011,CIC,CA,AWP,WE,Federal Contract Tower,1,10,2,0,13,2,25,53,0,80,3,35,55,0,93,98,0,98,191
06/04/2011,CIC,CA,AWP,WE,Federal Contract Tower,0,7,6,1,14,0,23,5,0,28,0,30,11,1,42,14,0,14,56
06/05/2011,CIC,CA,AWP,WE,Federal Contract Tower,0,7,4,0,11,0,10,17,0,27,0,17,21,0,38,10,2,12,50
06/06/2011,CIC,CA,AWP,WE,Federal Contract Tower,0,11,6,0,17,0,3,15,0,18,0,14,21,0,35,0,0,0,35
06/07/2011,CIC,CA,AWP,WE,Federal Contract Tower,0,9,7,2,18,0,23,47,8,78,0,32,54,10,96,44,14,58,154
06/08/2011,CIC,CA,AWP,WE,Federal Contract Tower,0,8,0,0,8,0,14,88,0,102,0,22,88,0,110,30,0,30,140
06/09/2011,CIC,CA,AWP,WE,Federal Contract Tower,0,10,2,2,14,0,13,64,2,79,0,23,66,4,93,68,6,74,167
06/10/2011,CIC,CA,AWP,WE,Federal Contract Tower,0,7,4,6,17,0,23,61,4,88,0,30,65,10,105,22,4,26,131
06/11/2011,CIC,CA,AWP,WE,Federal Contract Tower,0,8,2,0,10,0,17,149,4,170,0,25,151,4,180,26,0,26,206
06/12/2011,CIC,CA,AWP,WE,Federal Contract Tower,0,7,5,0,12,0,14,52,2,68,0,21,57,2,80,24,0,24,104
06/13/2011,CIC,CA,AWP,WE,Federal Contract Tower,0,7,0,0,7,0,30,56,6,92,0,37,56,6,99,72,24,96,195
06/14/2011,CIC,CA,AWP,WE,Federal Contract Tower,0,9,2,2,13,0,35,64,2,101,0,44,66,4,114,52,18,70,184
06/15/2011,CIC,CA,AWP,WE,Federal Contract Tower,0,5,10,0,15,0,10,62,2,74,0,15,72,2,89,102,0,102,191
06/16/2011,CIC,CA,AWP,WE,Federal Contract Tower,0,9,1,0,10,0,24,45,0,69,0,33,46,0,79,40,0,40,119
06/17/2011,CIC,CA,AWP,WE,Federal Contract Tower,0,8,2,0,10,0,65,62,6,133,0,73,64,6,143,148,6,154,297
06/18/2011,CIC,CA,AWP,WE,Federal Contract Tower,0,5,4,2,11,0,13,67,18,98,0,18,71,20,109,30,40,70,179
06/19/2011,CIC,CA,AWP,WE,Federal Contract Tower,0,9,3,0,12,0,19,22,0,41,0,28,25,0,53,16,0,16,69
06/20/2011,CIC,CA,AWP,WE,Federal Contract Tower,0,11,1,16,28,0,18,65,2,85,0,29,66,18,113,68,8,76,189
06/21/2011,CIC,CA,AWP,WE,Federal Contract Tower,0,8,2,14,24,0,15,57,4,76,0,23,59,18,100,36,12,48,148
06/22/2011,CIC,CA,AWP,WE,Federal Contract Tower,0,11,1,8,20,0,14,58,4,76,0,25,59,12,96,30,12,42,138
06/23/2011,CIC,CA,AWP,WE,Federal Contract Tower,0,8,4,6,18,0,11,57,12,80,0,19,61,18,98,42,12,54,152
06/24/2011,CIC,CA,AWP,WE,Federal Contract Tower,0,13,5,0,18,0,20,85,13,118,0,33,90,13,136,118,20,138,274
06/25/2011,CIC,CA,AWP,WE,Federal Contract Tower,0,4,4,0,8,0,38,62,0,100,0,42,66,0,108,74,0,74,182
06/26/2011,CIC,CA,AWP,WE,Federal Contract Tower,0,6,1,0,7,0,23,77,0,100,0,29,78,0,107,64,0,64,171
06/27/2011,CIC,CA,AWP,WE,Federal Contract Tower,0,8,1,3,12,0,37,44,3,84,0,45,45,6,96,72,30,102,198
06/28/2011,CIC,CA,AWP,WE,Federal Contract Tower,0,15,7,18,40,0,14,11,0,25,0,29,18,18,65,10,0,10,75
06/29/2011,CIC,CA,AWP,WE,Federal Contract Tower,0,13,4,4,21,0,24,41,3,68,0,37,45,7,89,86,58,144,233
06/30/2011,CIC,CA,AWP,WE,Federal Contract Tower,0,8,4,3,15,0,37,88,5,130,0,45,92,8,145,72,26,98,243
07/01/2011,CIC,CA,AWP,WE,Federal Contract Tower,0,7,1,0,8,0,41,57,0,98,0,48,58,0,106,88,0,88,194
07/02/2011,CIC,CA,AWP,WE,Federal Contract Tower,0,5,4,7,16,0,54,54,6,114,0,59,58,13,130,60,28,88,218
07/03/2011,CIC,CA,AWP,WE,Federal Contract Tower,0,2,2,0,4,0,36,32,0,68,0,38,34,0,72,14,0,14,86
07/04/2011,CIC,CA,AWP,WE,Federal Contract Tower,0,5,2,0,7,0,2,65,0,67,0,7,67,0,74,26,0,26,100
07/05/2011,CIC,CA,AWP,WE,Federal Contract Tower,0,8,1,0,9,0,13,55,4,72,0,21,56,4,81,20,10,30,111
07/06/2011,CIC,CA,AWP,WE,Federal Contract Tower,0,9,2,6,17,0,14,49,2,65,0,23,51,8,82,16,36,52,134
07/07/2011,CIC,CA,AWP,WE,Federal Contract Tower,0,8,7,0,15,0,24,61,2,87,0,32,68,2,102,94,4,98,200
07/08/2011,CIC,CA,AWP,WE,Federal Contract Tower,0,9,3,1,13,0,48,39,5,92,0,57,42,6,105,60,38,98,203
07/09/2011,CIC,CA,AWP,WE,Federal Contract Tower,0,5,0,1,6,0,18,70,1,89,0,23,70,2,95,78,0,78,173
07/10/2011,CIC,CA,AWP,WE,Federal Contract Tower,0,7,2,7,16,0,32,66,10,108,0,39,68,17,124,44,58,102,226
07/11/2011,CIC,CA,AWP,WE,Federal Contract Tower,0,12,2,3,17,0,12,46,6,64,0,24,48,9,81,70,44,114,195
07/12/2011,CIC,CA,AWP,WE,Federal Contract Tower,0,10,4,3,17,0,15,39,8,62,0,25,43,11,79,24,30,54,133
07/13/2011,CIC,CA,AWP,WE,Federal Contract Tower,0,11,8,0,19,0,12,47,0,59,0,23,55,0,78,60,0,60,138
07/14/2011,CIC,CA,AWP,WE,Federal Contract Tower,0,10,7,2,19,0,40,47,6,93,0,50,54,8,112,62,30,92,204
07/15/2011,CIC,CA,AWP,WE,Federal Contract Tower,0,6,6,7,19,0,22,54,2,78,0,28,60,9,97,42,52,94,191
07/16/2011,CIC,CA,AWP,WE,Federal Contract Tower,0,9,4,0,13,0,13,63,0,76,0,22,67,0,89,70,0,70,159
07/17/2011,CIC,CA,AWP,WE,Federal Contract Tower,0,6,1,0,7,0,10,56,9,75,0,16,57,9,82,6,12,18,100
07/18/2011,CIC,CA,AWP,WE,Federal Contract Tower,0,8,2,0,10,0,38,48,3,89,0,46,50,3,99,16,0,16,115
07/19/2011,CIC,CA,AWP,WE,Federal Contract Tower,0,8,1,0,9,0,10,48,6,64,0,18,49,6,73,52,0,52,125
07/20/2011,CIC,CA,AWP,WE,Federal Contract Tower,0,8,1,5,14,0,28,42,21,91,0,36,43,26,105,58,70,128,233
07/21/2011,CIC,CA,AWP,WE,Federal Contract Tower,0,9,1,0,10,0,18,50,6,74,0,27,51,6,84,44,6,50,134
07/22/2011,CIC,CA,AWP,WE,Federal Contract Tower,0,9,4,3,16,0,32,78,8,118,0,41,82,11,134,40,56,96,230
07/23/2011,CIC,CA,AWP,WE,Federal Contract Tower,0,4,4,0,8,0,18,56,4,78,0,22,60,4,86,28,2,30,116
07/24/2011,CIC,CA,AWP,WE,Federal Contract Tower,0,6,4,0,10,0,6,47,2,55,0,12,51,2,65,30,0,30,95
07/25/2011,CIC,CA,AWP,WE,Federal Contract Tower,0,6,1,2,9,0,13,46,21,80,0,19,47,23,89,24,89,113,202
07/26/2011,CIC,CA,AWP,WE,Federal Contract Tower,0,8,1,0,9,0,29,58,7,94,0,37,59,7,103,28,0,28,131
07/27/2011,CIC,CA,AWP,WE,Federal Contract Tower,0,9,0,0,9,0,23,50,21,94,0,32,50,21,103,36,32,68,171
07/28/2011,CIC,CA,AWP,WE,Federal Contract Tower,0,8,2,0,10,0,17,88,15,120,0,25,90,15,130,32,32,64,194
07/29/2011,CIC,CA,AWP,WE,Federal Contract Tower,0,7,1,0,8,0,23,60,7,90,0,30,61,7,98,32,10,42,140
07/30/2011,CIC,CA,AWP,WE,Federal Contract Tower,0,5,1,0,6,0,11,36,0,47,0,16,37,0,53,36,0,36,89
07/31/2011,CIC,CA,AWP,WE,Federal Contract Tower,0,5,1,0,6,0,35,55,0,90,0,40,56,0,96,34,0,34,130
08/01/2011,CIC,CA,AWP,WE,Federal Contract Tower,0,8,1,1,10,0,27,47,9,83,0,35,48,10,93,28,20,48,141
08/02/2011,CIC,CA,AWP,WE,Federal Contract Tower,0,8,1,0,9,0,18,59,9,86,0,26,60,9,95,40,0,40,135
08/03/2011,CIC,CA,AWP,WE,Federal Contract Tower,0,7,1,4,12,0,19,47,36,102,0,26,48,40,114,84,82,166,280
08/04/2011,CIC,CA,AWP,WE,Federal Contract Tower,0,6,0,4,10,0,25,57,34,116,0,31,57,38,126,56,66,122,248
08/05/2011,CIC,CA,AWP,WE,Federal Contract Tower,0,8,1,0,9,0,45,75,29,149,0,53,76,29,158,68,21,89,247
08/06/2011,CIC,CA,AWP,WE,Federal Contract Tower,0,5,4,0,9,0,23,71,14,108,0,28,75,14,117,62,0,62,179
08/07/2011,CIC,CA,AWP,WE,Federal Contract Tower,0,6,1,0,7,0,6,80,0,86,0,12,81,0,93,40,0,40,133
08/08/2011,CIC,CA,AWP,WE,Federal Contract Tower,0,7,2,0,9,0,11,46,0,57,0,18,48,0,66,46,0,46,112
08/09/2011,CIC,CA,AWP,WE,Federal Contract Tower,0,8,4,3,15,0,13,68,7,88,0,21,72,10,103,62,112,174,277
08/10/2011,CIC,CA,AWP,WE,Federal Contract Tower,0,10,1,2,13,0,39,56,19,114,0,49,57,21,127,48,82,130,257
08/11/2011,CIC,CA,AWP,WE,Federal Contract Tower,0,9,4,0,13,0,28,69,6,103,0,37,73,6,116,42,64,106,222
08/12/2011,CIC,CA,AWP,WE,Federal Contract Tower,0,7,3,0,10,0,18,61,0,79,0,25,64,0,89,100,0,100,189
08/13/2011,CIC,CA,AWP,WE,Federal Contract Tower,0,5,0,0,5,0,38,60,0,98,0,43,60,0,103,42,0,42,145
08/14/2011,CIC,CA,AWP,WE,Federal Contract Tower,0,6,2,0,8,0,20,51,0,71,0,26,53,0,79,32,0,32,111
08/15/2011,CIC,CA,AWP,WE,Federal Contract Tower,0,8,3,0,11,0,15,56,8,79,0,23,59,8,90,46,22,68,158
08/16/2011,CIC,CA,AWP,WE,Federal Contract Tower,0,6,0,0,6,0,14,48,8,70,0,20,48,8,76,58,62,120,196
08/17/2011,CIC,CA,AWP,WE,Federal Contract Tower,0,8,3,2,13,0,84,82,6,172,0,92,85,8,185,62,42,104,289
08/18/2011,CIC,CA,AWP,WE,Federal Contract Tower,0,7,2,2,11,0,40,66,20,126,0,47,68,22,137,70,88,158,295
08/19/2011,CIC,CA,AWP,WE,Federal Contract Tower,0,10,0,0,10,0,34,65,6,105,0,44,65,6,115,82,40,122,237
08/20/2011,CIC,CA,AWP,WE,Federal Contract Tower,0,5,3,6,14,0,12,90,4,106,0,17,93,10,120,58,68,126,246
08/21/2011,CIC,CA,AWP,WE,Federal Contract Tower,0,6,1,4,11,0,20,70,4,94,0,26,71,8,105,56,12,68,173
08/22/2011,CIC,CA,AWP,WE,Federal Contract Tower,0,8,0,0,8,0,20,66,0,86,0,28,66,0,94,48,0,48,142
08/23/2011,CIC,CA,AWP,WE,Federal Contract Tower,0,9,2,0,11,0,12,77,14,103,0,21,79,14,114,40,24,64,178
08/24/2011,CIC,CA,AWP,WE,Federal Contract Tower,0,8,1,2,11,0,13,57,2,72,0,21,58,4,83,64,36,100,183
08/25/2011,CIC,CA,AWP,WE,Federal Contract Tower,0,8,2,0,10,0,50,60,0,110,0,58,62,0,120,62,0,62,182
08/26/2011,CIC,CA,AWP,WE,Federal Contract Tower,0,8,1,0,9,0,51,48,0,99,0,59,49,0,108,70,0,70,178
08/27/2011,CIC,CA,AWP,WE,Federal Contract Tower,0,4,3,0,7,0,15,58,8,81,0,19,61,8,88,10,18,28,116
08/28/2011,CIC,CA,AWP,WE,Federal Contract Tower,0,6,0,0,6,0,36,45,12,93,0,42,45,12,99,34,14,48,147
08/29/2011,CIC,CA,AWP,WE,Federal Contract Tower,0,7,1,0,8,0,14,43,12,69,0,21,44,12,77,22,28,50,127
08/30/2011,CIC,CA,AWP,WE,Federal Contract Tower,0,8,7,4,19,0,36,48,4,88,0,44,55,8,107,34,52,86,193
08/31/2011,CIC,CA,AWP,WE,Federal Contract Tower,0,7,2,2,11,0,19,71,13,103,0,26,73,15,114,30,28,58,172
09/01/2011,CIC,CA,AWP,WE,Federal Contract Tower,0,8,0,0,8,0,33,59,7,99,0,41,59,7,107,48,22,70,177
09/02/2011,CIC,CA,AWP,WE,Federal Contract Tower,0,7,3,0,10,0,50,43,0,93,0,57,46,0,103,44,0,44,147
09/03/2011,CIC,CA,AWP,WE,Federal Contract Tower,0,5,1,2,8,0,22,57,0,79,0,27,58,2,87,24,12,36,123
09/04/2011,CIC,CA,AWP,WE,Federal Contract Tower,0,6,0,0,6,0,36,65,0,101,0,42,65,0,107,12,0,12,119
09/05/2011,CIC,CA,AWP,WE,Federal Contract Tower,0,8,2,0,10,0,7,77,0,84,0,15,79,0,94,24,0,24,118
09/06/2011,CIC,CA,AWP,WE,Federal Contract Tower,0,8,2,2,12,0,12,60,3,75,0,20,62,5,87,4,52,56,143
09/07/2011,CIC,CA,AWP,WE,Federal Contract Tower,0,8,2,5,15,0,30,59,16,105,0,38,61,21,120,44,70,114,234
09/08/2011,CIC,CA,AWP,WE,Federal Contract Tower,0,7,1,0,8,0,53,49,6,108,0,60,50,6,116,70,28,98,214
09/09/2011,CIC,CA,AWP,WE,Federal Contract Tower,0,9,2,0,11,0,20,59,2,81,0,29,61,2,92,38,6,44,136
09/10/2011,CIC,CA,AWP,WE,Federal Contract Tower,0,4,1,0,5,0,38,53,0,91,0,42,54,0,96,46,0,46,142
09/11/2011,CIC,CA,AWP,WE,Federal Contract Tower,0,7,1,0,8,0,21,82,0,103,0,28,83,0,111,24,0,24,135
09/12/2011,CIC,CA,AWP,WE,Federal Contract Tower,0,8,1,0,9,0,13,64,10,87,0,21,65,10,96,22,18,40,136
09/13/2011,CIC,CA,AWP,WE,Federal Contract Tower,0,6,1,0,7,0,12,68,2,82,0,18,69,2,89,34,22,56,145
09/14/2011,CIC,CA,AWP,WE,Federal Contract Tower,0,8,2,6,16,0,14,58,21,93,0,22,60,27,109,62,44,106,215
09/15/2011,CIC,CA,AWP,WE,Federal Contract Tower,0,9,1,2,12,0,35,70,4,109,0,44,71,6,121,46,38,84,205
09/16/2011,CIC,CA,AWP,WE,Federal Contract Tower,0,9,1,0,10,0,29,76,5,110,0,38,77,5,120,62,48,110,230
09/17/2011,CIC,CA,AWP,WE,Federal Contract Tower,0,5,7,0,12,0,37,84,0,121,0,42,91,0,133,62,0,62,195
09/18/2011,CIC,CA,AWP,WE,Federal Contract Tower,0,6,0,0,6,0,11,62,0,73,0,17,62,0,79,24,0,24,103
09/19/2011,CIC,CA,AWP,WE,Federal Contract Tower,0,8,2,6,16,0,12,54,2,68,0,20,56,8,84,12,52,64,148
09/20/2011,CIC,CA,AWP,WE,Federal Contract Tower,0,11,1,4,16,0,13,48,6,67,0,24,49,10,83,34,104,138,221
09/21/2011,CIC,CA,AWP,WE,Federal Contract Tower,0,8,2,4,14,0,30,61,2,93,0,38,63,6,107,46,36,82,189
09/22/2011,CIC,CA,AWP,WE,Federal Contract Tower,0,8,2,5,15,0,40,54,4,98,0,48,56,9,113,34,32,66,179
09/23/2011,CIC,CA,AWP,WE,Federal Contract Tower,0,9,5,0,14,0,34,62,13,109,0,43,67,13,123,64,30,94,217
09/24/2011,CIC,CA,AWP,WE,Federal Contract Tower,0,5,1,0,6,0,67,69,0,136,0,72,70,0,142,56,0,56,198
09/25/2011,CIC,CA,AWP,WE,Federal Contract Tower,0,9,7,0,16,0,17,57,0,74,0,26,64,0,90,32,0,32,122
09/26/2011,CIC,CA,AWP,WE,Federal Contract Tower,0,11,0,0,11,0,19,50,0,69,0,30,50,0,80,44,0,44,124
09/27/2011,CIC,CA,AWP,WE,Federal Contract Tower,0,8,2,4,14,0,11,64,6,81,0,19,66,10,95,58,28,86,181
09/28/2011,CIC,CA,AWP,WE,Federal Contract Tower,0,11,3,0,14,0,25,87,0,112,0,36,90,0,126,38,0,38,164
09/29/2011,CIC,CA,AWP,WE,Federal Contract Tower,0,10,2,4,16,0,35,79,10,124,0,45,81,14,140,42,20,62,202
09/30/2011,CIC,CA,AWP,WE,Federal Contract Tower,0,7,2,2,11,0,56,88,17,161,0,63,90,19,172,82,58,140,312
10/01/2011,CIC,CA,AWP,WE,Federal Contract Tower,0,5,3,0,8,0,27,52,0,79,0,32,55,0,87,48,0,48,135
10/02/2011,CIC,CA,AWP,WE,Federal Contract Tower,0,5,1,0,6,0,27,53,0,80,0,32,54,0,86,36,0,36,122
10/03/2011,CIC,CA,AWP,WE,Federal Contract Tower,0,6,3,6,15,0,12,46,10,68,0,18,49,16,83,38,24,62,145
10/04/2011,CIC,CA,AWP,WE,Federal Contract Tower,0,18,11,12,41,0,10,20,0,30,0,28,31,12,71,30,36,66,137
10/05/2011,CIC,CA,AWP,WE,Federal Contract Tower,0,14,3,0,17,0,11,10,0,21,0,25,13,0,38,12,0,12,50
10/06/2011,CIC,CA,AWP,WE,Federal Contract Tower,0,20,6,4,30,0,18,44,4,66,0,38,50,8,96,36,4,40,136
10/07/2011,CIC,CA,AWP,WE,Federal Contract Tower,0,8,3,2,13,0,34,76,10,120,0,42,79,12,133,62,42,104,237
10/08/2011,CIC,CA,AWP,WE,Federal Contract Tower,0,5,0,0,5,0,25,100,2,127,0,30,100,2,132,102,0,102,234
10/09/2011,CIC,CA,AWP,WE,Federal Contract Tower,0,6,5,0,11,0,17,77,0,94,0,23,82,0,105,86,0,86,191
10/10/2011,CIC,CA,AWP,WE,Federal Contract Tower,0,16,9,0,25,0,2,0,0,2,0,18,9,0,27,0,0,0,27
10/11/2011,CIC,CA,AWP,WE,Federal Contract Tower,0,17,3,10,30,0,11,59,2,72,0,28,62,12,102,26,20,46,148
10/12/2011,CIC,CA,AWP,WE,Federal Contract Tower,0,8,2,1,11,0,36,69,11,116,0,44,71,12,127,44,24,68,195
10/13/2011,CIC,CA,AWP,WE,Federal Contract Tower,0,8,3,2,13,0,31,83,6,120,0,39,86,8,133,122,50,172,305
10/14/2011,CIC,CA,AWP,WE,Federal Contract Tower,0,9,0,2,11,0,30,66,15,111,0,39,66,17,122,92,78,170,292
10/15/2011,CIC,CA,AWP,WE,Federal Contract Tower,0,4,2,0,6,0,16,88,4,108,0,20,90,4,114,38,40,78,192
10/16/2011,CIC,CA,AWP,WE,Federal Contract Tower,0,6,2,0,8,0,13,73,0,86,0,19,75,0,94,10,0,10,104
10/17/2011,CIC,CA,AWP,WE,Federal Contract Tower,0,8,1,0,9,0,12,66,6,84,0,20,67,6,93,30,78,108,201
10/18/2011,CIC,CA,AWP,WE,Federal Contract Tower,0,9,1,1,11,0,11,67,0,78,0,20,68,1,89,42,48,90,179
10/19/2011,CIC,CA,AWP,WE,Federal Contract Tower,0,13,13,0,26,0,22,49,0,71,0,35,62,0,97,86,0,86,183
10/20/2011,CIC,CA,AWP,WE,Federal Contract Tower,0,11,8,0,19,0,22,63,9,94,0,33,71,9,113,50,112,162,275
10/21/2011,CIC,CA,AWP,WE,Federal Contract Tower,0,11,0,0,11,0,33,74,5,112,0,44,74,5,123,68,60,128,251
10/22/2011,CIC,CA,AWP,WE,Federal Contract Tower,0,5,1,0,6,0,17,85,9,111,0,22,86,9,117,70,26,96,213
10/23/2011,CIC,CA,AWP,WE,Federal Contract Tower,0,8,2,0,10,0,6,82,0,88,0,14,84,0,98,42,0,42,140
10/24/2011,CIC,CA,AWP,WE,Federal Contract Tower,0,6,0,0,6,0,12,61,10,83,0,18,61,10,89,24,94,118,207
10/25/2011,CIC,CA,AWP,WE,Federal Contract Tower,0,7,6,1,14,0,19,65,1,85,0,26,71,2,99,36,58,94,193
10/26/2011,CIC,CA,AWP,WE,Federal Contract Tower,0,8,0,0,8,0,12,53,0,65,0,20,53,0,73,24,0,24,97
10/27/2011,CIC,CA,AWP,WE,Federal Contract Tower,0,9,2,5,16,0,26,55,0,81,0,35,57,5,97,40,30,70,167
10/28/2011,CIC,CA,AWP,WE,Federal Contract Tower,0,8,3,0,11,0,38,64,16,118,0,46,67,16,129,74,26,100,229
10/29/2011,CIC,CA,AWP,WE,Federal Contract Tower,0,5,2,4,11,0,5,81,22,108,0,10,83,26,119,36,10,46,165
10/30/2011,CIC,CA,AWP,WE,Federal Contract Tower,0,6,1,4,11,0,14,66,11,91,0,20,67,15,102,78,20,98,200
10/31/2011,CIC,CA,AWP,WE,Federal Contract Tower,0,7,1,2,10,0,16,45,7,68,0,23,46,9,78,32,86,118,196
11/01/2011,CIC,CA,AWP,WE,Federal Contract Tower,0,10,0,0,10,0,12,30,0,42,0,22,30,0,52,6,0,6,58
11/02/2011,CIC,CA,AWP,WE,Federal Contract Tower,0,10,0,4,14,0,33,71,6,110,0,43,71,10,124,48,50,98,222
11/03/2011,CIC,CA,AWP,WE,Federal Contract Tower,0,13,1,2,16,0,23,38,0,61,0,36,39,2,77,28,4,32,109
11/04/2011,CIC,CA,AWP,WE,Federal Contract Tower,0,13,1,0,14,0,21,53,2,76,0,34,54,2,90,96,20,116,206
11/05/2011,CIC,CA,AWP,WE,Federal Contract Tower,0,6,0,0,6,0,15,18,3,36,0,21,18,3,42,44,46,90,132
11/06/2011,CIC,CA,AWP,WE,Federal Contract Tower,0,6,9,0,15,0,4,11,0,15,0,10,20,0,30,10,0,10,40
11/07/2011,CIC,CA,AWP,WE,Federal Contract Tower,0,10,1,4,15,0,12,59,0,71,0,22,60,4,86,84,12,96,182
11/08/2011,CIC,CA,AWP,WE,Federal Contract Tower,0,8,1,1,10,0,10,51,6,67,0,18,52,7,77,28,52,80,157
11/09/2011,CIC,CA,AWP,WE,Federal Contract Tower,0,10,0,0,10,0,19,50,2,71,0,29,50,2,81,92,2,94,175
11/10/2011,CIC,CA,AWP,WE,Federal Contract Tower,0,9,4,4,17,0,42,58,0,100,0,51,62,4,117,86,8,94,211
11/11/2011,CIC,CA,AWP,WE,Federal Contract Tower,0,8,9,0,17,0,11,79,0,90,0,19,88,0,107,58,0,58,165
11/12/2011,CIC,CA,AWP,WE,Federal Contract Tower,0,5,4,0,9,0,19,39,0,58,0,24,43,0,67,16,0,16,83
11/13/2011,CIC,CA,AWP,WE,Federal Contract Tower,0,6,4,0,10,0,16,52,0,68,0,22,56,0,78,32,0,32,110
11/14/2011,CIC,CA,AWP,WE,Federal Contract Tower,0,12,7,2,21,0,14,68,8,90,0,26,75,10,111,30,74,104,215
11/15/2011,CIC,CA,AWP,WE,Federal Contract Tower,0,10,2,0,12,0,10,59,6,75,0,20,61,6,87,60,74,134,221
11/16/2011,CIC,CA,AWP,WE,Federal Contract Tower,0,10,1,0,11,0,15,57,3,75,0,25,58,3,86,34,32,66,152
11/17/2011,CIC,CA,AWP,WE,Federal Contract Tower,0,11,4,0,15,0,19,27,2,48,0,30,31,2,63,36,14,50,113
11/18/2011,CIC,CA,AWP,WE,Federal Contract Tower,0,13,5,0,18,0,8,25,0,33,0,21,30,0,51,12,0,12,63
11/19/2011,CIC,CA,AWP,WE,Federal Contract Tower,0,5,1,0,6,0,24,43,13,80,0,29,44,13,86,60,24,84,170
11/20/2011,CIC,CA,AWP,WE,Federal Contract Tower,0,8,5,0,13,0,2,2,23,27,0,10,7,23,40,4,20,24,64
11/21/2011,CIC,CA,AWP,WE,Federal Contract Tower,0,18,4,0,22,0,12,18,6,36,0,30,22,6,58,12,14,26,84
11/22/2011,CIC,CA,AWP,WE,Federal Contract Tower,0,15,6,0,21,0,14,47,4,65,0,29,53,4,86,0,38,38,124
11/23/2011,CIC,CA,AWP,WE,Federal Contract Tower,0,8,8,0,16,0,8,28,0,36,0,16,36,0,52,34,0,34,86
11/24/2011,CIC,CA,AWP,WE,Federal Contract Tower,0,7,1,0,8,0,0,0,0,0,0,7,1,0,8,0,0,0,8
11/25/2011,CIC,CA,AWP,WE,Federal Contract Tower,0,19,6,0,25,0,10,22,0,32,0,29,28,0,57,28,0,28,85
11/26/2011,CIC,CA,AWP,WE,Federal Contract Tower,0,7,8,0,15,0,4,5,0,9,0,11,13,0,24,8,0,8,32
11/27/2011,CIC,CA,AWP,WE,Federal Contract Tower,0,6,3,0,9,0,21,33,0,54,0,27,36,0,63,12,0,12,75
11/28/2011,CIC,CA,AWP,WE,Federal Contract Tower,0,9,1,0,10,0,20,35,6,61,0,29,36,6,71,12,6,18,89
11/29/2011,CIC,CA,AWP,WE,Federal Contract Tower,0,9,8,0,17,0,12,29,0,41,0,21,37,0,58,38,0,38,96
11/30/2011,CIC,CA,AWP,WE,Federal Contract Tower,0,11,3,4,18,0,12,45,4,61,0,23,48,8,79,30,36,66,145
12/01/2011,CIC,CA,AWP,WE,Federal Contract Tower,0,11,4,2,17,0,33,31,2,66,0,44,35,4,83,66,2,68,151
12/02/2011,CIC,CA,AWP,WE,Federal Contract Tower,0,10,3,5,18,0,36,49,6,91,0,46,52,11,109,60,50,110,219
12/03/2011,CIC,CA,AWP,WE,Federal Contract Tower,0,8,5,1,14,0,30,41,4,75,0,38,46,5,89,30,34,64,153
12/04/2011,CIC,CA,AWP,WE,Federal Contract Tower,0,7,2,0,9,0,33,74,0,107,0,40,76,0,116,24,0,24,140
12/05/2011,CIC,CA,AWP,WE,Federal Contract Tower,0,9,0,0,9,0,23,45,6,74,0,32,45,6,83,30,38,68,151
12/06/2011,CIC,CA,AWP,WE,Federal Contract Tower,0,8,1,0,9,0,14,52,2,68,0,22,53,2,77,78,0,78,155
12/07/2011,CIC,CA,AWP,WE,Federal Contract Tower,0,9,1,0,10,0,12,68,6,86,0,21,69,6,96,112,32,144,240
12/08/2011,CIC,CA,AWP,WE,Federal Contract Tower,0,9,6,0,15,0,14,67,0,81,0,23,73,0,96,60,0,60,156
12/09/2011,CIC,CA,AWP,WE,Federal Contract Tower,2,8,1,4,15,0,37,69,14,120,2,45,70,18,135,134,62,196,331
12/10/2011,CIC,CA,AWP,WE,Federal Contract Tower,0,7,5,2,14,0,30,62,10,102,0,37,67,12,116,44,62,106,222
12/11/2011,CIC,CA,AWP,WE,Federal Contract Tower,0,10,2,0,12,0,19,66,0,85,0,29,68,0,97,62,0,62,159
12/12/2011,CIC,CA,AWP,WE,Federal Contract Tower,0,13,0,0,13,0,13,44,2,59,0,26,44,2,72,2,30,32,104
12/13/2011,CIC,CA,AWP,WE,Federal Contract Tower,0,14,2,0,16,0,33,56,0,89,0,47,58,0,105,4,0,4,109
12/14/2011,CIC,CA,AWP,WE,Federal Contract Tower,0,9,2,0,11,0,6,51,0,57,0,15,53,0,68,60,42,102,170
12/15/2011,CIC,CA,AWP,WE,Federal Contract Tower,0,16,1,4,21,0,8,12,14,34,0,24,13,18,55,10,54,64,119
12/16/2011,CIC,CA,AWP,WE,Federal Contract Tower,0,10,0,0,10,0,16,57,2,75,0,26,57,2,85,42,12,54,139
12/17/2011,CIC,CA,AWP,WE,Federal Contract Tower,1,5,0,0,6,0,35,52,0,87,1,40,52,0,93,26,0,26,119
12/18/2011,CIC,CA,AWP,WE,Federal Contract Tower,0,6,2,0,8,0,6,39,0,45,0,12,41,0,53,40,0,40,93
12/19/2011,CIC,CA,AWP,WE,Federal Contract Tower,0,7,3,1,11,0,22,38,3,63,0,29,41,4,74,0,24,24,98
12/20/2011,CIC,CA,AWP,WE,Federal Contract Tower,0,10,6,6,22,0,17,60,6,83,0,27,66,12,105,48,48,96,201
12/21/2011,CIC,CA,AWP,WE,Federal Contract Tower,0,10,3,0,13,0,12,48,2,62,0,22,51,2,75,16,64,80,155
12/22/2011,CIC,CA,AWP,WE,Federal Contract Tower,0,13,4,1,18,0,36,58,4,98,0,49,62,5,116,42,36,78,194
12/23/2011,CIC,CA,AWP,WE,Federal Contract Tower,0,7,2,0,9,0,27,60,0,87,0,34,62,0,96,120,0,120,216
12/24/2011,CIC,CA,AWP,WE,Federal Contract Tower,0,4,1,0,5,0,18,28,0,46,0,22,29,0,51,18,0,18,69
12/25/2011,CIC,CA,AWP,WE,Federal Contract Tower,0,4,1,0,5,0,10,35,0,45,0,14,36,0,50,14,0,14,64
12/26/2011,CIC,CA,AWP,WE,Federal Contract Tower,0,3,1,0,4,0,11,73,0,84,0,14,74,0,88,0,0,0,88
12/27/2011,CIC,CA,AWP,WE,Federal Contract Tower,0,14,1,0,15,0,37,60,2,99,0,51,61,2,114,30,32,62,176
12/28/2011,CIC,CA,AWP,WE,Federal Contract Tower,0,10,2,4,16,0,15,54,0,69,0,25,56,4,85,24,24,48,133
12/29/2011,CIC,CA,AWP,WE,Federal Contract Tower,0,8,1,1,10,0,26,50,10,86,0,34,51,11,96,62,48,110,206
12/30/2011,CIC,CA,AWP,WE,Federal Contract Tower,0,13,3,0,16,0,22,11,0,33,0,35,14,0,49,18,0,18,67
12/31/2011,CIC,CA,AWP,WE,Federal Contract Tower,0,6,0,0,6,0,20,45,0,65,0,26,45,0,71,22,0,22,93
01/01/2012,CIC,CA,AWP,WE,Federal Contract Tower,0,6,2,0,8,0,11,41,0,52,0,17,43,0,60,18,0,18,78
01/02/2012,CIC,CA,AWP,WE,Federal Contract Tower,0,10,5,0,15,0,17,46,0,63,0,27,51,0,78,18,0,18,96
01/03/2012,CIC,CA,AWP,WE,Federal Contract Tower,0,10,3,1,14,0,27,49,3,79,0,37,52,4,93,38,34,72,165
01/04/2012,CIC,CA,AWP,WE,Federal Contract Tower,0,10,1,0,11,0,14,51,2,67,0,24,52,2,78,38,44,82,160
01/05/2012,CIC,CA,AWP,WE,Federal Contract Tower,0,10,1,0,11,0,23,62,6,91,0,33,63,6,102,66,68,134,236
01/06/2012,CIC,CA,AWP,WE,Federal Contract Tower,0,12,2,0,14,0,34,73,5,112,0,46,75,5,126,120,30,150,276
01/07/2012,CIC,CA,AWP,WE,Federal Contract Tower,0,7,1,3,11,0,29,57,10,96,0,36,58,13,107,46,40,86,193
01/08/2012,CIC,CA,AWP,WE,Federal Contract Tower,0,8,0,0,8,0,12,64,0,76,0,20,64,0,84,90,0,90,174
01/09/2012,CIC,CA,AWP,WE,Federal Contract Tower,0,12,2,0,14,0,12,43,4,59,0,24,45,4,73,42,64,106,179
01/10/2012,CIC,CA,AWP,WE,Federal Contract Tower,0,10,0,0,10,0,0,0,0,0,0,10,0,0,10,44,20,64,74
01/11/2012,CIC,CA,AWP,WE,Federal Contract Tower,0,7,1,0,8,0,12,66,4,82,0,19,67,4,90,24,54,78,168
01/12/2012,CIC,CA,AWP,WE,Federal Contract Tower,0,9,8,2,19,0,23,37,6,66,0,32,45,8,85,44,36,80,165
01/13/2012,CIC,CA,AWP,WE,Federal Contract Tower,0,8,1,0,9,0,37,47,12,96,0,45,48,12,105,44,64,108,213
01/14/2012,CIC,CA,AWP,WE,Federal Contract Tower,0,4,2,6,12,0,24,62,0,86,0,28,64,6,98,82,20,102,200
01/15/2012,CIC,CA,AWP,WE,Federal Contract Tower,0,9,3,3,15,0,22,45,0,67,0,31,48,3,82,14,2,16,98
01/16/2012,CIC,CA,AWP,WE,Federal Contract Tower,0,9,2,0,11,0,22,60,0,82,0,31,62,0,93,46,0,46,139
01/17/2012,CIC,CA,AWP,WE,Federal Contract Tower,0,9,0,4,13,0,23,65,9,97,0,32,65,13,110,42,48,90,200
01/18/2012,CIC,CA,AWP,WE,Federal Contract Tower,0,6,4,3,13,0,13,30,9,52,0,19,34,12,65,38,48,86,151
01/19/2012,CIC,CA,AWP,WE,Federal Contract Tower,0,18,4,10,32,0,5,7,6,18,0,23,11,16,50,6,12,18,68
01/20/2012,CIC,CA,AWP,WE,Federal Contract Tower,0,12,12,0,24,0,0,2,0,2,0,12,14,0,26,4,0,4,30
01/21/2012,CIC,CA,AWP,WE,Federal Contract Tower,0,7,1,0,8,0,2,27,2,31,0,9,28,2,39,8,20,28,67
01/22/2012,CIC,CA,AWP,WE,Federal Contract Tower,0,4,3,0,7,0,2,3,0,5,0,6,6,0,12,4,0,4,16
01/23/2012,CIC,CA,AWP,WE,Federal Contract Tower,0,13,6,2,21,0,36,36,0,72,0,49,42,2,93,28,12,40,133
01/24/2012,CIC,CA,AWP,WE,Federal Contract Tower,0,21,8,4,33,0,31,32,7,70,0,52,40,11,103,16,98,114,217
01/25/2012,CIC,CA,AWP,WE,Federal Contract Tower,0,23,3,3,29,0,12,29,5,46,0,35,32,8,75,14,34,48,123
01/26/2012,CIC,CA,AWP,WE,Federal Contract Tower,0,25,5,0,30,0,5,8,0,13,0,30,13,0,43,12,0,12,55
01/27/2012,CIC,CA,AWP,WE,Federal Contract Tower,0,11,2,0,13,0,32,62,0,94,0,43,64,0,107,124,0,124,231
01/28/2012,CIC,CA,AWP,WE,Federal Contract Tower,0,6,2,0,8,0,9,67,0,76,0,15,69,0,84,20,0,20,104
01/29/2012,CIC,CA,AWP,WE,Federal Contract Tower,0,6,1,0,7,0,21,43,0,64,0,27,44,0,71,84,0,84,155
01/30/2012,CIC,CA,AWP,WE,Federal Contract Tower,0,9,2,3,14,0,32,42,14,88,0,41,44,17,102,94,76,170,272
01/31/2012,CIC,CA,AWP,WE,Federal Contract Tower,0,9,2,2,13,0,48,46,4,98,0,57,48,6,111,26,56,82,193
02/01/2012,CIC,CA,AWP,WE,Federal Contract Tower,0,17,0,17,34,0,12,55,3,70,0,29,55,20,104,16,26,42,146
02/02/2012,CIC,CA,AWP,WE,Federal Contract Tower,0,10,1,0,11,0,34,66,12,112,0,44,67,12,123,104,38,142,265
02/03/2012,CIC,CA,AWP,WE,Federal Contract Tower,0,9,1,0,10,0,41,66,8,115,0,50,67,8,125,54,28,82,207
02/04/2012,CIC,CA,AWP,WE,Federal Contract Tower,0,5,0,0,5,0,33,72,0,105,0,38,72,0,110,68,0,68,178
02/05/2012,CIC,CA,AWP,WE,Federal Contract Tower,0,6,1,0,7,0,32,43,0,75,0,38,44,0,82,68,0,68,150
02/06/2012,CIC,CA,AWP,WE,Federal Contract Tower,0,10,0,1,11,0,26,43,10,79,0,36,43,11,90,24,68,92,182
02/07/2012,CIC,CA,AWP,WE,Federal Contract Tower,0,20,2,9,31,0,16,24,2,42,0,36,26,11,73,14,40,54,127
02/08/2012,CIC,CA,AWP,WE,Federal Contract Tower,0,11,0,0,11,0,14,65,19,98,0,25,65,19,109,34,100,134,243
02/09/2012,CIC,CA,AWP,WE,Federal Contract Tower,0,13,2,2,17,0,19,82,16,117,0,32,84,18,134,54,84,138,272
02/10/2012,CIC,CA,AWP,WE,Federal Contract Tower,0,19,3,10,32,0,20,25,18,63,0,39,28,28,95,28,72,100,195
02/11/2012,CIC,CA,AWP,WE,Federal Contract Tower,0,7,7,2,16,0,25,60,0,85,0,32,67,2,101,50,30,80,181
02/12/2012,CIC,CA,AWP,WE,Federal Contract Tower,0,7,1,0,8,0,34,41,0,75,0,41,42,0,83,70,0,70,153
02/13/2012,CIC,CA,AWP,WE,Federal Contract Tower,0,13,3,10,26,0,16,22,4,42,0,29,25,14,68,0,18,18,86
02/14/2012,CIC,CA,AWP,WE,Federal Contract Tower,0,10,0,2,12,0,32,32,6,70,0,42,32,8,82,48,82,130,212
02/15/2012,CIC,CA,AWP,WE,Federal Contract Tower,0,9,5,2,16,0,13,36,1,50,0,22,41,3,66,62,68,130,196
02/16/2012,CIC,CA,AWP,WE,Federal Contract Tower,0,10,0,0,10,0,40,69,24,133,0,50,69,24,143,58,72,130,273
02/17/2012,CIC,CA,AWP,WE,Federal Contract Tower,0,9,0,1,10,0,36,68,8,112,0,45,68,9,122,80,102,182,304
02/18/2012,CIC,CA,AWP,WE,Federal Contract Tower,0,7,9,0,16,0,22,23,0,45,0,29,32,0,61,52,0,52,113
02/19/2012,CIC,CA,AWP,WE,Federal Contract Tower,0,6,4,0,10,0,20,40,0,60,0,26,44,0,70,40,0,40,110
02/20/2012,CIC,CA,AWP,WE,Federal Contract Tower,0,12,0,0,12,0,25,45,0,70,0,37,45,0,82,14,0,14,96
02/21/2012,CIC,CA,AWP,WE,Federal Contract Tower,0,8,4,2,14,0,21,51,1,73,0,29,55,3,87,62,0,62,149
02/22/2012,CIC,CA,AWP,WE,Federal Contract Tower,0,15,0,2,17,0,18,59,10,87,0,33,59,12,104,8,108,116,220
02/23/2012,CIC,CA,AWP,WE,Federal Contract Tower,0,11,3,1,15,0,26,43,13,82,0,37,46,14,97,46,62,108,205
02/24/2012,CIC,CA,AWP,WE,Federal Contract Tower,0,9,1,4,14,0,16,61,18,95,0,25,62,22,109,42,94,136,245
02/25/2012,CIC,CA,AWP,WE,Federal Contract Tower,0,7,0,0,7,0,11,59,0,70,0,18,59,0,77,44,0,44,121
02/26/2012,CIC,CA,AWP,WE,Federal Contract Tower,0,6,3,0,9,0,27,52,0,79,0,33,55,0,88,28,0,28,116
02/27/2012,CIC,CA,AWP,WE,Federal Contract Tower,0,9,0,4,13,0,39,47,14,100,0,48,47,18,113,14,50,64,177
02/28/2012,CIC,CA,AWP,WE,Federal Contract Tower,0,11,1,2,14,0,20,34,2,56,0,31,35,4,70,8,20,28,98
02/29/2012,CIC,CA,AWP,WE,Federal Contract Tower,0,18,7,5,30,0,10,17,11,38,0,28,24,16,68,6,60,66,134
03/01/2012,CIC,CA,AWP,WE,Federal Contract Tower,0,16,2,3,21,0,19,28,0,47,0,35,30,3,68,22,0,22,90
03/02/2012,CIC,CA,AWP,WE,Federal Contract Tower,0,8,8,0,16,0,15,68,10,93,0,23,76,10,109,40,28,68,177
03/03/2012,CIC,CA,AWP,WE,Federal Contract Tower,0,5,3,2,10,0,16,80,0,96,0,21,83,2,106,24,2,26,132
03/04/2012,CIC,CA,AWP,WE,Federal Contract Tower,0,8,2,0,10,0,29,69,0,98,0,37,71,0,108,34,0,34,142
03/05/2012,CIC,CA,AWP,WE,Federal Contract Tower,0,9,3,0,12,0,37,48,6,91,0,46,51,6,103,40,62,102,205
03/06/2012,CIC,CA,AWP,WE,Federal Contract Tower,0,10,0,0,10,0,10,21,2,33,0,20,21,2,43,12,12,24,67
03/07/2012,CIC,CA,AWP,WE,Federal Contract Tower,0,11,1,8,20,0,28,51,7,86,0,39,52,15,106,62,88,150,256
03/08/2012,CIC,CA,AWP,WE,Federal Contract Tower,0,8,9,0,17,0,29,55,0,84,0,37,64,0,101,72,0,72,173
03/09/2012,CIC,CA,AWP,WE,Federal Contract Tower,0,8,8,1,17,0,30,80,3,113,0,38,88,4,130,50,52,102,232
03/10/2012,CIC,CA,AWP,WE,Federal Contract Tower,0,6,1,0,7,0,28,81,0,109,0,34,82,0,116,90,0,90,206
03/11/2012,CIC,CA,AWP,WE,Federal Contract Tower,0,8,3,0,11,0,20,20,0,40,0,28,23,0,51,14,0,14,65
03/12/2012,CIC,CA,AWP,WE,Federal Contract Tower,0,9,3,0,12,0,23,21,0,44,0,32,24,0,56,44,0,44,100
03/13/2012,CIC,CA,AWP,WE,Federal Contract Tower,0,10,5,14,29,0,1,0,0,1,0,11,5,14,30,0,0,0,30
03/14/2012,CIC,CA,AWP,WE,Federal Contract Tower,0,16,2,0,18,0,5,11,0,16,0,21,13,0,34,34,0,34,68
03/15/2012,CIC,CA,AWP,WE,Federal Contract Tower,0,23,14,0,37,0,9,15,0,24,0,32,29,0,61,0,0,0,61
03/16/2012,CIC,CA,AWP,WE,Federal Contract Tower,0,16,8,0,24,0,2,7,0,9,0,18,15,0,33,0,0,0,33
03/17/2012,CIC,CA,AWP,WE,Federal Contract Tower,0,5,5,0,10,0,24,20,0,44,0,29,25,0,54,54,0,54,108
03/18/2012,CIC,CA,AWP,WE,Federal Contract Tower,0,6,3,0,9,0,18,12,0,30,0,24,15,0,39,56,0,56,95
03/19/2012,CIC,CA,AWP,WE,Federal Contract Tower,0,7,2,0,9,0,46,35,4,85,0,53,37,4,94,110,56,166,260
03/20/2012,CIC,CA,AWP,WE,Federal Contract Tower,0,11,3,3,17,0,28,36,1,65,0,39,39,4,82,46,16,62,144
03/21/2012,CIC,CA,AWP,WE,Federal Contract Tower,0,12,2,1,15,0,15,51,3,69,0,27,53,4,84,76,20,96,180
03/22/2012,CIC,CA,AWP,WE,Federal Contract Tower,0,18,3,2,23,0,20,21,10,51,0,38,24,12,74,30,20,50,124
03/23/2012,CIC,CA,AWP,WE,Federal Contract Tower,0,5,0,2,7,0,22,55,22,99,0,27,55,24,106,32,116,148,254
03/24/2012,CIC,CA,AWP,WE,Federal Contract Tower,0,5,4,0,9,0,2,19,0,21,0,7,23,0,30,12,0,12,42
03/25/2012,CIC,CA,AWP,WE,Federal Contract Tower,0,5,3,0,8,0,4,4,0,8,0,9,7,0,16,0,0,0,16
03/26/2012,CIC,CA,AWP,WE,Federal Contract Tower,0,15,14,8,37,0,9,23,1,33,0,24,37,9,70,2,42,44,114
03/27/2012,CIC,CA,AWP,WE,Federal Contract Tower,0,13,13,2,28,0,9,15,6,30,0,22,28,8,58,8,14,22,80
03/28/2012,CIC,CA,AWP,WE,Federal Contract Tower,0,19,7,10,36,0,12,16,6,34,0,31,23,16,70,34,44,78,148
03/29/2012,CIC,CA,AWP,WE,Federal Contract Tower,0,10,7,8,25,0,13,31,0,44,0,23,38,8,69,0,0,0,69
03/30/2012,CIC,CA,AWP,WE,Federal Contract Tower,0,19,9,2,30,0,19,41,0,60,0,38,50,2,90,52,18,70,160
03/31/2012,CIC,CA,AWP,WE,Federal Contract Tower,0,5,0,0,5,0,4,7,0,11,0,9,7,0,16,0,0,0,16
04/01/2012,CIC,CA,AWP,WE,Federal Contract Tower,0,6,1,0,7,0,6,65,0,71,0,12,66,0,78,24,0,24,102
04/02/2012,CIC,CA,AWP,WE,Federal Contract Tower,0,10,0,0,10,0,19,45,18,82,0,29,45,18,92,36,112,148,240
04/03/2012,CIC,CA,AWP,WE,Federal Contract Tower,0,10,7,0,17,0,17,61,5,83,0,27,68,5,100,32,32,64,164
04/04/2012,CIC,CA,AWP,WE,Federal Contract Tower,0,10,3,0,13,0,16,56,0,72,0,26,59,0,85,78,0,78,163
04/05/2012,CIC,CA,AWP,WE,Federal Contract Tower,0,10,1,2,13,0,21,52,7,80,0,31,53,9,93,28,68,96,189
04/06/2012,CIC,CA,AWP,WE,Federal Contract Tower,0,7,0,2,9,0,28,67,0,95,0,35,67,2,104,68,8,76,180
04/07/2012,CIC,CA,AWP,WE,Federal Contract Tower,0,6,1,2,9,0,18,58,0,76,0,24,59,2,85,18,2,20,105
04/08/2012,CIC,CA,AWP,WE,Federal Contract Tower,0,5,0,0,5,0,12,41,0,53,0,17,41,0,58,6,0,6,64
04/09/2012,CIC,CA,AWP,WE,Federal Contract Tower,0,12,0,8,20,0,31,47,0,78,0,43,47,8,98,36,10,46,144
04/10/2012,CIC,CA,AWP,WE,Federal Contract Tower,0,12,5,8,25,0,12,26,4,42,0,24,31,12,67,30,8,38,105
04/11/2012,CIC,CA,AWP,WE,Federal Contract Tower,0,10,7,0,17,0,11,17,0,28,0,21,24,0,45,6,0,6,51
04/12/2012,CIC,CA,AWP,WE,Federal Contract Tower,0,10,7,0,17,0,9,32,0,41,0,19,39,0,58,0,0,0,58
04/13/2012,CIC,CA,AWP,WE,Federal Contract Tower,0,16,2,0,18,0,5,1,0,6,0,21,3,0,24,36,0,36,60
04/14/2012,CIC,CA,AWP,WE,Federal Contract Tower,0,9,5,0,14,0,10,65,0,75,0,19,70,0,89,26,0,26,115
04/15/2012,CIC,CA,AWP,WE,Federal Contract Tower,0,5,2,0,7,0,4,52,0,56,0,9,54,0,63,56,0,56,119
04/16/2012,CIC,CA,AWP,WE,Federal Contract Tower,0,8,0,1,9,0,20,32,7,59,0,28,32,8,68,60,28,88,156
04/17/2012,CIC,CA,AWP,WE,Federal Contract Tower,0,7,0,0,7,0,19,43,14,76,0,26,43,14,83,16,66,82,165
04/18/2012,CIC,CA,AWP,WE,Federal Contract Tower,0,7,4,0,11,0,16,79,14,109,0,23,83,14,120,74,40,114,234
04/19/2012,CIC,CA,AWP,WE,Federal Contract Tower,0,8,3,1,12,0,30,54,7,91,0,38,57,8,103,56,42,98,201
04/20/2012,CIC,CA,AWP,WE,Federal Contract Tower,0,7,3,1,11,0,21,53,20,94,0,28,56,21,105,22,108,130,235
04/21/2012,CIC,CA,AWP,WE,Federal Contract Tower,0,4,0,0,4,0,18,54,0,72,0,22,54,0,76,20,0,20,96
04/22/2012,CIC,CA,AWP,WE,Federal Contract Tower,0,6,4,0,10,0,22,48,2,72,0,28,52,2,82,8,0,8,90
04/23/2012,CIC,CA,AWP,WE,Federal Contract Tower,0,5,4,0,9,0,15,32,4,51,0,20,36,4,60,12,18,30,90
04/24/2012,CIC,CA,AWP,WE,Federal Contract Tower,0,9,4,4,17,0,16,46,13,75,0,25,50,17,92,62,42,104,196
04/25/2012,CIC,CA,AWP,WE,Federal Contract Tower,0,17,11,0,28,0,11,42,6,59,0,28,53,6,87,8,40,48,135
04/26/2012,CIC,CA,AWP,WE,Federal Contract Tower,0,7,3,0,10,0,12,39,0,51,0,19,42,0,61,48,0,48,109
04/27/2012,CIC,CA,AWP,WE,Federal Contract Tower,0,11,0,4,15,0,18,41,16,75,0,29,41,20,90,72,102,174,264
04/28/2012,CIC,CA,AWP,WE,Federal Contract Tower,0,6,2,0,8,0,34,83,0,117,0,40,85,0,125,28,0,28,153
04/29/2012,CIC,CA,AWP,WE,Federal Contract Tower,0,6,2,0,8,0,24,60,0,84,0,30,62,0,92,48,0,48,140
04/30/2012,CIC,CA,AWP,WE,Federal Contract Tower,0,6,3,0,9,0,28,45,8,81,0,34,48,8,90,26,26,52,142
05/01/2012,CIC,CA,AWP,WE,Federal Contract Tower,0,8,3,1,12,0,21,45,1,67,0,29,48,2,79,6,20,26,105
05/02/2012,CIC,CA,AWP,WE,Federal Contract Tower,0,8,0,0,8,0,12,54,4,70,0,20,54,4,78,60,0,60,138
05/03/2012,CIC,CA,AWP,WE,Federal Contract Tower,0,8,4,0,12,0,30,15,0,45,0,38,19,0,57,8,0,8,65
05/04/2012,CIC,CA,AWP,WE,Federal Contract Tower,0,10,4,1,15,0,26,46,5,77,0,36,50,6,92,22,44,66,158
05/05/2012,CIC,CA,AWP,WE,Federal Contract Tower,0,5,5,0,10,0,37,26,0,63,0,42,31,0,73,38,0,38,111
05/06/2012,CIC,CA,AWP,WE,Federal Contract Tower,0,6,1,0,7,0,20,66,0,86,0,26,67,0,93,42,0,42,135
05/07/2012,CIC,CA,AWP,WE,Federal Contract Tower,0,11,0,0,11,0,16,44,6,66,0,27,44,6,77,30,52,82,159
05/08/2012,CIC,CA,AWP,WE,Federal Contract Tower,0,5,2,0,7,0,18,56,3,77,0,23,58,3,84,60,14,74,158
05/09/2012,CIC,CA,AWP,WE,Federal Contract Tower,0,9,0,0,9,0,41,69,1,111,0,50,69,1,120,26,12,38,158
05/10/2012,CIC,CA,AWP,WE,Federal Contract Tower,0,8,0,0,8,0,13,21,0,34,0,21,21,0,42,6,0,6,48
05/11/2012,CIC,CA,AWP,WE,Federal Contract Tower,0,9,2,0,11,0,17,44,18,79,0,26,46,18,90,64,84,148,238
05/12/2012,CIC,CA,AWP,WE,Federal Contract Tower,0,6,1,0,7,0,40,55,0,95,0,46,56,0,102,52,0,52,154
05/13/2012,CIC,CA,AWP,WE,Federal Contract Tower,0,4,0,0,4,0,16,54,8,78,0,20,54,8,82,32,18,50,132
05/14/2012,CIC,CA,AWP,WE,Federal Contract Tower,0,8,3,0,11,0,24,37,12,73,0,32,40,12,84,52,80,132,216
05/15/2012,CIC,CA,AWP,WE,Federal Contract Tower,0,6,4,0,10,0,29,78,6,113,0,35,82,6,123,26,16,42,165
05/16/2012,CIC,CA,AWP,WE,Federal Contract Tower,0,8,2,3,13,0,8,69,3,80,0,16,71,6,93,26,68,94,187
05/17/2012,CIC,CA,AWP,WE,Federal Contract Tower,0,6,4,0,10,0,11,59,0,70,0,17,63,0,80,54,0,54,134
05/18/2012,CIC,CA,AWP,WE,Federal Contract Tower,0,8,3,0,11,0,24,52,10,86,0,32,55,10,97,22,42,64,161
05/19/2012,CIC,CA,AWP,WE,Federal Contract Tower,0,5,2,0,7,0,26,64,0,90,0,31,66,0,97,44,0,44,141
05/20/2012,CIC,CA,AWP,WE,Federal Contract Tower,0,8,3,0,11,0,10,75,0,85,0,18,78,0,96,18,0,18,114
05/21/2012,CIC,CA,AWP,WE,Federal Contract Tower,0,6,2,0,8,0,24,56,8,88,0,30,58,8,96,26,46,72,168
05/22/2012,CIC,CA,AWP,WE,Federal Contract Tower,0,7,4,2,13,0,9,58,0,67,0,16,62,2,80,24,24,48,128
05/23/2012,CIC,CA,AWP,WE,Federal Contract Tower,0,8,4,2,14,0,13,50,4,67,0,21,54,6,81,18,24,42,123
05/24/2012,CIC,CA,AWP,WE,Federal Contract Tower,0,8,3,1,12,0,14,53,2,69,0,22,56,3,81,38,4,42,123
05/25/2012,CIC,CA,AWP,WE,Federal Contract Tower,0,7,1,0,8,0,21,45,0,66,0,28,46,0,74,54,0,54,128
05/26/2012,CIC,CA,AWP,WE,Federal Contract Tower,0,4,0,0,4,0,31,38,0,69,0,35,38,0,73,46,0,46,119
05/27/2012,CIC,CA,AWP,WE,Federal Contract Tower,0,4,0,0,4,0,16,40,0,56,0,20,40,0,60,28,0,28,88
05/28/2012,CIC,CA,AWP,WE,Federal Contract Tower,0,5,3,0,8,0,21,65,0,86,0,26,68,0,94,46,0,46,140
05/29/2012,CIC,CA,AWP,WE,Federal Contract Tower,0,4,1,1,6,0,33,64,21,118,0,37,65,22,124,40,56,96,220
05/30/2012,CIC,CA,AWP,WE,Federal Contract Tower,0,7,2,0,9,0,20,69,0,89,0,27,71,0,98,48,0,48,146
05/31/2012,CIC,CA,AWP,WE,Federal Contract Tower,0,9,1,0,10,0,21,75,4,100,0,30,76,4,110,46,18,64,174
06/01/2012,CIC,CA,AWP,WE,Federal Contract Tower,0,12,9,3,24,0,16,79,4,99,0,28,88,7,123,12,42,54,177
06/02/2012,CIC,CA,AWP,WE,Federal Contract Tower,0,4,1,0,5,0,19,56,0,75,0,23,57,0,80,32,0,32,112
06/03/2012,CIC,CA,AWP,WE,Federal Contract Tower,0,4,2,0,6,0,14,42,0,56,0,18,44,0,62,22,0,22,84
06/04/2012,CIC,CA,AWP,WE,Federal Contract Tower,0,4,0,4,8,0,38,28,6,72,0,42,28,10,80,4,66,70,150
06/05/2012,CIC,CA,AWP,WE,Federal Contract Tower,0,11,1,2,14,0,33,57,20,110,0,44,58,22,124,46,92,138,262
06/06/2012,CIC,CA,AWP,WE,Federal Contract Tower,0,8,5,1,14,0,13,85,2,100,0,21,90,3,114,28,50,78,192
06/07/2012,CIC,CA,AWP,WE,Federal Contract Tower,0,9,3,1,13,0,19,88,4,111,0,28,91,5,124,74,32,106,230
06/08/2012,CIC,CA,AWP,WE,Federal Contract Tower,0,5,0,0,5,0,26,59,2,87,0,31,59,2,92,48,56,104,196
06/09/2012,CIC,CA,AWP,WE,Federal Contract Tower,0,5,3,0,8,0,18,20,0,38,0,23,23,0,46,4,0,4,50
06/10/2012,CIC,CA,AWP,WE,Federal Contract Tower,0,6,3,2,11,0,4,35,2,41,0,10,38,4,52,4,4,8,60
06/11/2012,CIC,CA,AWP,WE,Federal Contract Tower,0,8,0,2,10,0,42,50,25,117,0,50,50,27,127,18,102,120,247
06/12/2012,CIC,CA,AWP,WE,Federal Contract Tower,0,8,2,0,10,0,34,68,34,136,0,42,70,34,146,10,154,164,310
06/13/2012,CIC,CA,AWP,WE,Federal Contract Tower,0,10,0,0,10,0,21,83,4,108,0,31,83,4,118,24,54,78,196
06/14/2012,CIC,CA,AWP,WE,Federal Contract Tower,0,9,1,0,10,0,23,60,2,85,0,32,61,2,95,10,12,22,117
06/15/2012,CIC,CA,AWP,WE,Federal Contract Tower,0,8,4,0,12,0,22,48,7,77,0,30,52,7,89,4,90,94,183
06/16/2012,CIC,CA,AWP,WE,Federal Contract Tower,0,5,2,0,7,0,21,37,0,58,0,26,39,0,65,20,0,20,85
06/17/2012,CIC,CA,AWP,WE,Federal Contract Tower,0,5,0,0,5,0,24,51,0,75,0,29,51,0,80,14,0,14,94
06/18/2012,CIC,CA,AWP,WE,Federal Contract Tower,0,7,1,0,8,0,39,49,14,102,0,46,50,14,110,12,54,66,176
06/19/2012,CIC,CA,AWP,WE,Federal Contract Tower,0,10,0,9,19,0,48,58,22,128,0,58,58,31,147,48,112,160,307
06/20/2012,CIC,CA,AWP,WE,Federal Contract Tower,0,11,3,6,20,0,13,78,0,91,0,24,81,6,111,30,36,66,177
06/21/2012,CIC,CA,AWP,WE,Federal Contract Tower,0,6,2,0,8,0,28,49,6,83,0,34,51,6,91,52,12,64,155
06/22/2012,CIC,CA,AWP,WE,Federal Contract Tower,0,4,6,2,12,0,16,49,10,75,0,20,55,12,87,10,64,74,161
06/23/2012,CIC,CA,AWP,WE,Federal Contract Tower,0,6,2,0,8,0,38,117,0,155,0,44,119,0,163,14,0,14,177
06/24/2012,CIC,CA,AWP,WE,Federal Contract Tower,0,6,3,2,11,0,25,48,0,73,0,31,51,2,84,6,0,6,90
06/25/2012,CIC,CA,AWP,WE,Federal Contract Tower,0,9,0,0,9,0,33,42,18,93,0,42,42,18,102,12,48,60,162
06/26/2012,CIC,CA,AWP,WE,Federal Contract Tower,0,12,4,3,19,0,35,44,28,107,0,47,48,31,126,28,100,128,254
06/27/2012,CIC,CA,AWP,WE,Federal Contract Tower,0,10,0,3,13,0,35,48,0,83,0,45,48,3,96,0,8,8,104
06/28/2012,CIC,CA,AWP,WE,Federal Contract Tower,0,9,0,2,11,0,37,65,3,105,0,46,65,5,116,10,8,18,134
06/29/2012,CIC,CA,AWP,WE,Federal Contract Tower,0,5,1,0,6,0,24,47,4,75,0,29,48,4,81,12,4,16,97
06/30/2012,CIC,CA,AWP,WE,Federal Contract Tower,0,5,1,0,6,0,37,51,0,88,0,42,52,0,94,22,0,22,116
07/01/2012,CIC,CA,AWP,WE,Federal Contract Tower,0,2,1,0,3,0,18,28,0,46,0,20,29,0,49,12,0,12,61
07/02/2012,CIC,CA,AWP,WE,Federal Contract Tower,0,9,1,0,10,0,28,40,26,94,0,37,41,26,104,16,124,140,244
07/03/2012,CIC,CA,AWP,WE,Federal Contract Tower,0,8,2,1,11,0,21,59,3,83,0,29,61,4,94,32,16,48,142
07/04/2012,CIC,CA,AWP,WE,Federal Contract Tower,0,4,3,0,7,0,19,36,0,55,0,23,39,0,62,10,0,10,72
07/05/2012,CIC,CA,AWP,WE,Federal Contract Tower,0,8,0,4,12,0,28,43,8,79,0,36,43,12,91,14,36,50,141
07/06/2012,CIC,CA,AWP,WE,Federal Contract Tower,0,6,2,0,8,0,35,68,0,103,0,41,70,0,111,22,0,22,133
07/07/2012,CIC,CA,AWP,WE,Federal Contract Tower,0,5,2,0,7,0,59,70,0,129,0,64,72,0,136,26,0,26,162
07/08/2012,CIC,CA,AWP,WE,Federal Contract Tower,0,5,0,0,5,0,106,45,6,157,0,111,45,6,162,14,24,38,200
07/09/2012,CIC,CA,AWP,WE,Federal Contract Tower,0,10,3,0,13,0,118,53,0,171,0,128,56,0,184,26,0,26,210
07/10/2012,CIC,CA,AWP,WE,Federal Contract Tower,0,9,2,0,11,0,49,46,0,95,0,58,48,0,106,14,0,14,120
07/11/2012,CIC,CA,AWP,WE,Federal Contract Tower,0,8,0,0,8,0,25,40,0,65,0,33,40,0,73,20,0,20,93
07/12/2012,CIC,CA,AWP,WE,Federal Contract Tower,0,9,6,0,15,0,26,36,0,62,0,35,42,0,77,12,0,12,89
07/13/2012,CIC,CA,AWP,WE,Federal Contract Tower,0,6,1,0,7,0,39,39,17,95,0,45,40,17,102,24,74,98,200
07/14/2012,CIC,CA,AWP,WE,Federal Contract Tower,0,6,3,0,9,0,41,30,1,72,0,47,33,1,81,12,0,12,93
07/15/2012,CIC,CA,AWP,WE,Federal Contract Tower,0,4,2,3,9,0,42,41,2,85,0,46,43,5,94,6,2,8,102
07/16/2012,CIC,CA,AWP,WE,Federal Contract Tower,0,8,8,0,16,0,43,40,2,85,0,51,48,2,101,2,0,2,103
07/17/2012,CIC,CA,AWP,WE,Federal Contract Tower,0,14,3,20,37,0,23,23,10,56,0,37,26,30,93,2,128,130,223
07/18/2012,CIC,CA,AWP,WE,Federal Contract Tower,0,9,3,0,12,0,28,56,4,88,0,37,59,4,100,18,26,44,144
07/19/2012,CIC,CA,AWP,WE,Federal Contract Tower,0,5,6,1,12,0,0,0,0,0,0,5,6,1,12,0,12,12,24
07/20/2012,CIC,CA,AWP,WE,Federal Contract Tower,0,7,0,0,7,0,24,41,10,75,0,31,41,10,82,8,58,66,148
07/21/2012,CIC,CA,AWP,WE,Federal Contract Tower,0,5,3,0,8,0,31,51,0,82,0,36,54,0,90,2,0,2,92
07/22/2012,CIC,CA,AWP,WE,Federal Contract Tower,0,8,1,0,9,0,18,27,0,45,0,26,28,0,54,24,0,24,78
07/23/2012,CIC,CA,AWP,WE,Federal Contract Tower,0,11,0,7,18,0,22,52,8,82,0,33,52,15,100,20,140,160,260
07/24/2012,CIC,CA,AWP,WE,Federal Contract Tower,0,10,1,1,12,0,27,61,1,89,0,37,62,2,101,26,8,34,135
07/25/2012,CIC,CA,AWP,WE,Federal Contract Tower,0,7,2,0,9,0,48,47,6,101,0,55,49,6,110,20,20,40,150
07/26/2012,CIC,CA,AWP,WE,Federal Contract Tower,0,8,0,0,8,0,21,82,7,110,0,29,82,7,118,40,20,60,178
07/27/2012,CIC,CA,AWP,WE,Federal Contract Tower,0,7,1,1,9,0,12,59,18,89,0,19,60,19,98,26,98,124,222
07/28/2012,CIC,CA,AWP,WE,Federal Contract Tower,0,5,5,2,12,0,26,45,0,71,0,31,50,2,83,4,6,10,93
07/29/2012,CIC,CA,AWP,WE,Federal Contract Tower,0,6,6,0,12,0,47,45,0,92,0,53,51,0,104,16,0,16,120
07/30/2012,CIC,CA,AWP,WE,Federal Contract Tower,0,9,0,3,12,0,15,45,3,63,0,24,45,6,75,10,18,28,103
07/31/2012,CIC,CA,AWP,WE,Federal Contract Tower,0,8,1,1,10,0,35,52,1,88,0,43,53,2,98,0,36,36,134
08/01/2012,CIC,CA,AWP,WE,Federal Contract Tower,0,9,2,3,14,0,16,82,17,115,0,25,84,20,129,20,46,66,195
08/02/2012,CIC,CA,AWP,WE,Federal Contract Tower,0,10,11,2,23,0,20,59,5,84,0,30,70,7,107,26,52,78,185
08/03/2012,CIC,CA,AWP,WE,Federal Contract Tower,0,7,6,1,14,0,20,66,2,88,0,27,72,3,102,16,46,62,164
08/04/2012,CIC,CA,AWP,WE,Federal Contract Tower,0,6,0,0,6,0,21,61,0,82,0,27,61,0,88,52,0,52,140
08/05/2012,CIC,CA,AWP,WE,Federal Contract Tower,0,7,2,0,9,0,61,28,0,89,0,68,30,0,98,10,0,10,108
08/06/2012,CIC,CA,AWP,WE,Federal Contract Tower,0,8,3,6,17,0,47,49,10,106,0,55,52,16,123,4,70,74,197
08/07/2012,CIC,CA,AWP,WE,Federal Contract Tower,0,12,0,13,25,0,32,63,19,114,0,44,63,32,139,26,54,80,219
08/08/2012,CIC,CA,AWP,WE,Federal Contract Tower,0,8,1,1,10,0,19,67,3,89,0,27,68,4,99,34,22,56,155
08/09/2012,CIC,CA,AWP,WE,Federal Contract Tower,0,7,0,0,7,0,16,58,0,74,0,23,58,0,81,6,0,6,87
08/10/2012,CIC,CA,AWP,WE,Federal Contract Tower,0,8,2,0,10,0,11,27,8,46,0,19,29,8,56,30,10,40,96
08/11/2012,CIC,CA,AWP,WE,Federal Contract Tower,0,4,7,0,11,0,8,18,0,26,0,12,25,0,37,6,0,6,43
08/12/2012,CIC,CA,AWP,WE,Federal Contract Tower,0,6,1,0,7,0,1,41,0,42,0,7,42,0,49,20,0,20,69
08/13/2012,CIC,CA,AWP,WE,Federal Contract Tower,0,8,3,3,14,0,29,30,7,66,0,37,33,10,80,10,46,56,136
08/14/2012,CIC,CA,AWP,WE,Federal Contract Tower,0,13,5,0,18,0,28,35,10,73,0,41,40,10,91,4,36,40,131
08/15/2012,CIC,CA,AWP,WE,Federal Contract Tower,0,13,3,1,17,0,56,51,16,123,0,69,54,17,140,30,34,64,204
08/16/2012,CIC,CA,AWP,WE,Federal Contract Tower,0,10,4,3,17,0,83,55,54,192,0,93,59,57,209,26,90,116,325
08/17/2012,CIC,CA,AWP,WE,Federal Contract Tower,0,9,3,1,13,0,91,60,38,189,0,100,63,39,202,18,19,37,239
08/18/2012,CIC,CA,AWP,WE,Federal Contract Tower,0,5,0,1,6,0,196,63,3,262,0,201,63,4,268,16,66,82,350
08/19/2012,CIC,CA,AWP,WE,Federal Contract Tower,0,6,3,0,9,0,127,49,0,176,0,133,52,0,185,38,0,38,223
08/20/2012,CIC,CA,AWP,WE,Federal Contract Tower,0,11,11,8,30,0,44,41,5,90,0,55,52,13,120,18,0,18,138
08/21/2012,CIC,CA,AWP,WE,Federal Contract Tower,0,13,3,0,16,0,63,84,20,167,0,76,87,20,183,28,26,54,237
08/22/2012,CIC,CA,AWP,WE,Federal Contract Tower,0,9,2,0,11,0,0,0,0,0,0,9,2,0,11,4,2,6,17
08/23/2012,CIC,CA,AWP,WE,Federal Contract Tower,0,14,5,1,20,0,47,51,24,122,0,61,56,25,142,12,34,46,188
08/24/2012,CIC,CA,AWP,WE,Federal Contract Tower,0,21,4,0,25,0,54,55,16,125,0,75,59,16,150,18,32,50,200
08/25/2012,CIC,CA,AWP,WE,Federal Contract Tower,0,3,4,1,8,0,30,51,111,192,0,33,55,112,200,18,20,38,238
08/26/2012,CIC,CA,AWP,WE,Federal Contract Tower,0,6,1,0,7,0,32,43,8,83,0,38,44,8,90,36,0,36,126
08/27/2012,CIC,CA,AWP,WE,Federal Contract Tower,0,9,7,3,19,0,50,33,8,91,0,59,40,11,110,16,38,54,164
08/28/2012,CIC,CA,AWP,WE,Federal Contract Tower,0,13,1,2,16,0,31,48,20,99,0,44,49,22,115,26,52,78,193
08/29/2012,CIC,CA,AWP,WE,Federal Contract Tower,0,8,5,0,13,0,30,59,10,99,0,38,64,10,112,54,46,100,212
08/30/2012,CIC,CA,AWP,WE,Federal Contract Tower,0,5,2,0,7,0,29,44,2,75,0,34,46,2,82,36,10,46,128
08/31/2012,CIC,CA,AWP,WE,Federal Contract Tower,0,7,1,5,13,0,15,63,1,79,0,22,64,6,92,8,0,8,100
09/01/2012,CIC,CA,AWP,WE,Federal Contract Tower,0,5,2,0,7,0,28,61,0,89,0,33,63,0,96,18,0,18,114
09/02/2012,CIC,CA,AWP,WE,Federal Contract Tower,0,8,1,0,9,0,10,43,0,53,0,18,44,0,62,44,0,44,106
09/03/2012,CIC,CA,AWP,WE,Federal Contract Tower,0,8,2,4,14,0,28,63,4,95,0,36,65,8,109,10,0,10,119
09/04/2012,CIC,CA,AWP,WE,Federal Contract Tower,0,8,1,0,9,0,22,52,6,80,0,30,53,6,89,16,24,40,129
09/05/2012,CIC,CA,AWP,WE,Federal Contract Tower,0,7,3,0,10,0,14,70,20,104,0,21,73,20,114,12,54,66,180
09/06/2012,CIC,CA,AWP,WE,Federal Contract Tower,0,8,1,0,9,0,8,72,6,86,0,16,73,6,95,24,2,26,121
09/07/2012,CIC,CA,AWP,WE,Federal Contract Tower,0,6,1,0,7,0,23,72,0,95,0,29,73,0,102,28,0,28,130
09/08/2012,CIC,CA,AWP,WE,Federal Contract Tower,0,0,7,0,7,0,15,60,9,84,0,15,67,9,91,22,0,22,113
09/09/2012,CIC,CA,AWP,WE,Federal Contract Tower,0,3,1,0,4,0,13,62,0,75,0,16,63,0,79,14,0,14,93
09/10/2012,CIC,CA,AWP,WE,Federal Contract Tower,0,6,1,0,7,0,17,39,5,61,0,23,40,5,68,14,34,48,116
09/11/2012,CIC,CA,AWP,WE,Federal Contract Tower,0,11,1,0,12,0,33,50,10,93,0,44,51,10,105,28,8,36,141
09/12/2012,CIC,CA,AWP,WE,Federal Contract Tower,0,4,2,0,6,0,32,64,0,96,0,36,66,0,102,34,0,34,136
09/13/2012,CIC,CA,AWP,WE,Federal Contract Tower,0,7,5,2,14,0,16,53,11,80,0,23,58,13,94,22,56,78,172
09/14/2012,CIC,CA,AWP,WE,Federal Contract Tower,0,4,0,0,4,0,20,48,14,82,0,24,48,14,86,24,44,68,154
09/15/2012,CIC,CA,AWP,WE,Federal Contract Tower,0,2,5,0,7,0,40,56,4,100,0,42,61,4,107,8,20,28,135
09/16/2012,CIC,CA,AWP,WE,Federal Contract Tower,0,4,0,0,4,0,14,44,0,58,0,18,44,0,62,24,0,24,86
09/17/2012,CIC,CA,AWP,WE,Federal Contract Tower,0,5,1,0,6,0,15,45,0,60,0,20,46,0,66,0,0,0,66
09/18/2012,CIC,CA,AWP,WE,Federal Contract Tower,0,7,4,2,13,0,20,77,6,103,0,27,81,8,116,54,24,78,194
09/19/2012,CIC,CA,AWP,WE,Federal Contract Tower,0,6,2,0,8,0,17,77,14,108,0,23,79,14,116,66,36,102,218
09/20/2012,CIC,CA,AWP,WE,Federal Contract Tower,0,6,1,3,10,0,16,77,4,97,0,22,78,7,107,24,32,56,163
09/21/2012,CIC,CA,AWP,WE,Federal Contract Tower,0,5,3,0,8,0,14,65,24,103,0,19,68,24,111,18,34,52,163
09/22/2012,CIC,CA,AWP,WE,Federal Contract Tower,0,3,3,0,6,0,30,50,0,80,0,33,53,0,86,24,0,24,110
09/23/2012,CIC,CA,AWP,WE,Federal Contract Tower,0,2,1,0,3,0,5,41,0,46,0,7,42,0,49,14,0,14,63
09/24/2012,CIC,CA,AWP,WE,Federal Contract Tower,0,6,2,1,9,0,24,60,20,104,0,30,62,21,113,74,14,88,201
09/25/2012,CIC,CA,AWP,WE,Federal Contract Tower,0,7,1,3,11,0,15,87,12,114,0,22,88,15,125,30,32,62,187
09/26/2012,CIC,CA,AWP,WE,Federal Contract Tower,0,7,1,0,8,0,70,101,0,171,0,77,102,0,179,54,0,54,233
09/27/2012,CIC,CA,AWP,WE,Federal Contract Tower,0,5,1,0,6,0,24,78,13,115,0,29,79,13,121,44,59,103,224
09/28/2012,CIC,CA,AWP,WE,Federal Contract Tower,0,5,1,7,13,0,5,93,10,108,0,10,94,17,121,106,80,186,307
09/29/2012,CIC,CA,AWP,WE,Federal Contract Tower,0,3,0,0,3,0,6,95,8,109,0,9,95,8,112,108,94,202,314
09/30/2012,CIC,CA,AWP,WE,Federal Contract Tower,0,3,1,0,4,0,30,90,12,132,0,33,91,12,136,150,140,290,426
10/01/2012,CIC,CA,AWP,WE,Federal Contract Tower,0,7,1,1,9,0,53,80,16,149,0,60,81,17,158,26,34,60,218
10/02/2012,CIC,CA,AWP,WE,Federal Contract Tower,0,6,3,0,9,0,37,67,20,124,0,43,70,20,133,26,52,78,211
10/03/2012,CIC,CA,AWP,WE,Federal Contract Tower,0,6,1,0,7,0,27,76,6,109,0,33,77,6,116,62,46,108,224
10/04/2012,CIC,CA,AWP,WE,Federal Contract Tower,0,3,0,4,7,0,24,73,10,107,0,27,73,14,114,4,78,82,196
10/05/2012,CIC,CA,AWP,WE,Federal Contract Tower,0,4,1,0,5,0,19,58,9,86,0,23,59,9,91,18,30,48,139
10/06/2012,CIC,CA,AWP,WE,Federal Contract Tower,0,3,0,0,3,0,40,65,2,107,0,43,65,2,110,20,8,28,138
10/07/2012,CIC,CA,AWP,WE,Federal Contract Tower,0,4,2,0,6,0,18,32,0,50,0,22,34,0,56,30,0,30,86
10/08/2012,CIC,CA,AWP,WE,Federal Contract Tower,0,6,1,0,7,0,20,47,0,67,0,26,48,0,74,12,0,12,86
10/09/2012,CIC,CA,AWP,WE,Federal Contract Tower,0,8,1,1,10,0,25,56,27,108,0,33,57,28,118,34,132,166,284
10/10/2012,CIC,CA,AWP,WE,Federal Contract Tower,0,5,1,5,11,0,24,61,7,92,0,29,62,12,103,18,42,60,163
10/11/2012,CIC,CA,AWP,WE,Federal Contract Tower,0,10,0,0,10,0,75,56,9,140,0,85,56,9,150,0,36,36,186
10/12/2012,CIC,CA,AWP,WE,Federal Contract Tower,0,11,2,1,14,0,16,34,2,52,0,27,36,3,66,6,26,32,98
10/13/2012,CIC,CA,AWP,WE,Federal Contract Tower,0,3,4,0,7,0,15,58,0,73,0,18,62,0,80,8,0,8,88
10/14/2012,CIC,CA,AWP,WE,Federal Contract Tower,0,4,4,0,8,0,45,0,2,47,0,49,4,2,55,16,0,16,71
10/15/2012,CIC,CA,AWP,WE,Federal Contract Tower,0,9,4,0,13,0,14,51,20,85,0,23,55,20,98,70,44,114,212
10/16/2012,CIC,CA,AWP,WE,Federal Contract Tower,0,6,1,4,11,0,16,37,8,61,0,22,38,12,72,12,36,48,120
10/17/2012,CIC,CA,AWP,WE,Federal Contract Tower,0,6,5,0,11,0,24,62,0,86,0,30,67,0,97,44,0,44,141
10/18/2012,CIC,CA,AWP,WE,Federal Contract Tower,0,4,6,0,10,0,14,96,0,110,0,18,102,0,120,40,0,40,160
10/19/2012,CIC,CA,AWP,WE,Federal Contract Tower,0,6,2,1,9,0,23,44,14,81,0,29,46,15,90,18,62,80,170
10/20/2012,CIC,CA,AWP,WE,Federal Contract Tower,0,2,3,0,5,0,14,41,0,55,0,16,44,0,60,40,0,40,100
10/21/2012,CIC,CA,AWP,WE,Federal Contract Tower,0,5,3,0,8,0,5,79,0,84,0,10,82,0,92,28,0,28,120
10/22/2012,CIC,CA,AWP,WE,Federal Contract Tower,0,10,5,0,15,0,15,6,0,21,0,25,11,0,36,12,0,12,48
10/23/2012,CIC,CA,AWP,WE,Federal Contract Tower,0,7,4,4,15,0,21,30,6,57,0,28,34,10,72,0,52,52,124
10/24/2012,CIC,CA,AWP,WE,Federal Contract Tower,0,10,17,0,27,0,6,28,0,34,0,16,45,0,61,10,0,10,71
10/25/2012,CIC,CA,AWP,WE,Federal Contract Tower,0,5,0,0,5,0,5,44,3,52,0,10,44,3,57,0,30,30,87
10/26/2012,CIC,CA,AWP,WE,Federal Contract Tower,0,4,5,2,11,0,13,52,11,76,0,17,57,13,87,18,64,82,169
10/27/2012,CIC,CA,AWP,WE,Federal Contract Tower,0,3,2,0,5,0,2,57,0,59,0,5,59,0,64,0,0,0,64
10/28/2012,CIC,CA,AWP,WE,Federal Contract Tower,0,4,1,0,5,0,18,27,0,45,0,22,28,0,50,6,0,6,56
10/29/2012,CIC,CA,AWP,WE,Federal Contract Tower,0,6,0,0,6,0,31,43,8,82,0,37,43,8,88,20,52,72,160
10/30/2012,CIC,CA,AWP,WE,Federal Contract Tower,0,8,5,10,23,0,16,53,40,109,0,24,58,50,132,50,130,180,312
10/31/2012,CIC,CA,AWP,WE,Federal Contract Tower,0,7,4,1,12,0,11,38,1,50,0,18,42,2,62,2,32,34,96
11/01/2012,CIC,CA,AWP,WE,Federal Contract Tower,0,13,3,4,20,0,10,18,3,31,0,23,21,7,51,6,38,44,95
11/02/2012,CIC,CA,AWP,WE,Federal Contract Tower,0,6,0,0,6,0,9,46,4,59,0,15,46,4,65,4,20,24,89
11/03/2012,CIC,CA,AWP,WE,Federal Contract Tower,0,3,3,0,6,0,8,126,0,134,0,11,129,0,140,40,0,40,180
11/04/2012,CIC,CA,AWP,WE,Federal Contract Tower,0,4,2,0,6,0,13,50,0,63,0,17,52,0,69,34,0,34,103
11/05/2012,CIC,CA,AWP,WE,Federal Contract Tower,0,6,0,0,6,0,13,48,0,61,0,19,48,0,67,30,0,30,97
11/06/2012,CIC,CA,AWP,WE,Federal Contract Tower,0,9,2,0,11,0,8,36,0,44,0,17,38,0,55,12,0,12,67
11/07/2012,CIC,CA,AWP,WE,Federal Contract Tower,0,5,0,0,5,0,9,58,4,71,0,14,58,4,76,20,34,54,130
11/08/2012,CIC,CA,AWP,WE,Federal Contract Tower,0,11,5,7,23,0,9,22,1,32,0,20,27,8,55,6,6,12,67
11/09/2012,CIC,CA,AWP,WE,Federal Contract Tower,0,6,10,0,16,0,12,34,0,46,0,18,44,0,62,14,0,14,76
11/10/2012,CIC,CA,AWP,WE,Federal Contract Tower,0,5,1,0,6,0,3,41,0,44,0,8,42,0,50,30,0,30,80
11/11/2012,CIC,CA,AWP,WE,Federal Contract Tower,0,5,2,0,7,0,9,51,0,60,0,14,53,0,67,0,0,0,67
11/12/2012,CIC,CA,AWP,WE,Federal Contract Tower,0,5,5,0,10,0,31,66,0,97,0,36,71,0,107,10,0,10,117
11/13/2012,CIC,CA,AWP,WE,Federal Contract Tower,0,9,2,0,11,0,19,43,6,68,0,28,45,6,79,12,14,26,105
11/14/2012,CIC,CA,AWP,WE,Federal Contract Tower,0,7,4,2,13,0,20,79,0,99,0,27,83,2,112,4,0,4,116
11/15/2012,CIC,CA,AWP,WE,Federal Contract Tower,0,7,4,1,12,0,23,68,1,92,0,30,72,2,104,26,12,38,142
11/16/2012,CIC,CA,AWP,WE,Federal Contract Tower,0,10,14,5,29,0,7,12,0,19,0,17,26,5,48,42,12,54,102
11/17/2012,CIC,CA,AWP,WE,Federal Contract Tower,0,6,6,0,12,0,0,0,0,0,0,6,6,0,12,0,0,0,12
11/18/2012,CIC,CA,AWP,WE,Federal Contract Tower,0,9,5,0,14,0,4,11,0,15,0,13,16,0,29,4,0,4,33
11/19/2012,CIC,CA,AWP,WE,Federal Contract Tower,0,7,0,1,8,0,16,18,22,56,0,23,18,23,64,18,54,72,136
11/20/2012,CIC,CA,AWP,WE,Federal Contract Tower,0,12,8,13,33,0,0,5,0,5,0,12,13,13,38,2,26,28,66
11/21/2012,CIC,CA,AWP,WE,Federal Contract Tower,0,16,16,0,32,0,6,28,0,34,0,22,44,0,66,18,0,18,84
11/22/2012,CIC,CA,AWP,WE,Federal Contract Tower,0,2,1,0,3,0,10,28,0,38,0,12,29,0,41,16,0,16,57
11/23/2012,CIC,CA,AWP,WE,Federal Contract Tower,0,6,1,0,7,0,8,71,0,79,0,14,72,0,86,8,0,8,94
11/24/2012,CIC,CA,AWP,WE,Federal Contract Tower,0,4,2,0,6,0,12,37,0,49,0,16,39,0,55,16,0,16,71
11/25/2012,CIC,CA,AWP,WE,Federal Contract Tower,0,2,0,0,2,0,0,64,2,66,0,2,64,2,68,10,0,10,78
11/26/2012,CIC,CA,AWP,WE,Federal Contract Tower,0,5,1,0,6,0,20,56,3,79,0,25,57,3,85,6,22,28,113
11/27/2012,CIC,CA,AWP,WE,Federal Contract Tower,0,6,2,3,11,0,13,68,22,103,0,19,70,25,114,4,86,90,204
11/28/2012,CIC,CA,AWP,WE,Federal Contract Tower,0,6,4,0,10,0,2,22,0,24,0,8,26,0,34,8,0,8,42
11/29/2012,CIC,CA,AWP,WE,Federal Contract Tower,0,10,3,0,13,0,5,7,0,12,0,15,10,0,25,0,0,0,25
11/30/2012,CIC,CA,AWP,WE,Federal Contract Tower,0,8,3,0,11,0,9,3,0,12,0,17,6,0,23,0,0,0,23
12/01/2012,CIC,CA,AWP,WE,Federal Contract Tower,0,4,7,0,11,0,0,2,0,2,0,4,9,0,13,2,0,2,15
12/02/2012,CIC,CA,AWP,WE,Federal Contract Tower,0,4,1,4,9,0,6,22,0,28,0,10,23,4,37,2,4,6,43
12/03/2012,CIC,CA,AWP,WE,Federal Contract Tower,0,6,10,0,16,0,5,67,24,96,0,11,77,24,112,22,62,84,196
12/04/2012,CIC,CA,AWP,WE,Federal Contract Tower,0,11,10,0,21,0,2,0,0,2,0,13,10,0,23,2,0,2,25
12/05/2012,CIC,CA,AWP,WE,Federal Contract Tower,0,18,11,0,29,0,1,0,0,1,0,19,11,0,30,0,0,0,30
12/06/2012,CIC,CA,AWP,WE,Federal Contract Tower,0,11,7,0,18,0,3,29,18,50,0,14,36,18,68,22,36,58,126
12/07/2012,CIC,CA,AWP,WE,Federal Contract Tower,0,16,3,3,22,0,7,67,8,82,0,23,70,11,104,16,62,78,182
12/08/2012,CIC,CA,AWP,WE,Federal Contract Tower,0,7,10,0,17,0,5,28,0,33,0,12,38,0,50,18,0,18,68
12/09/2012,CIC,CA,AWP,WE,Federal Contract Tower,0,6,1,0,7,0,0,39,10,49,0,6,40,10,56,18,26,44,100
12/10/2012,CIC,CA,AWP,WE,Federal Contract Tower,0,8,0,0,8,0,16,62,6,84,0,24,62,6,92,40,44,84,176
12/11/2012,CIC,CA,AWP,WE,Federal Contract Tower,0,7,21,0,28,0,2,7,0,9,0,9,28,0,37,0,0,0,37
12/12/2012,CIC,CA,AWP,WE,Federal Contract Tower,0,11,5,0,16,0,3,30,0,33,0,14,35,0,49,0,0,0,49
12/13/2012,CIC,CA,AWP,WE,Federal Contract Tower,0,9,2,0,11,0,0,0,0,0,0,9,2,0,11,62,6,68,79
12/14/2012,CIC,CA,AWP,WE,Federal Contract Tower,0,5,8,0,13,0,10,43,0,53,0,15,51,0,66,2,0,2,68
12/15/2012,CIC,CA,AWP,WE,Federal Contract Tower,0,6,5,0,11,0,6,11,0,17,0,12,16,0,28,0,0,0,28
12/16/2012,CIC,CA,AWP,WE,Federal Contract Tower,0,3,7,0,10,0,0,1,0,1,0,3,8,0,11,0,0,0,11
12/17/2012,CIC,CA,AWP,WE,Federal Contract Tower,0,6,2,4,12,0,1,4,0,5,0,7,6,4,17,6,4,10,27
12/18/2012,CIC,CA,AWP,WE,Federal Contract Tower,0,5,2,0,7,0,11,52,0,63,0,16,54,0,70,6,0,6,76
12/19/2012,CIC,CA,AWP,WE,Federal Contract Tower,0,5,0,4,9,0,15,49,18,82,0,20,49,22,91,44,82,126,217
12/20/2012,CIC,CA,AWP,WE,Federal Contract Tower,0,3,27,0,30,0,14,14,12,40,0,17,41,12,70,16,16,32,102
12/21/2012,CIC,CA,AWP,WE,Federal Contract Tower,0,8,1,0,9,0,2,0,0,2,0,10,1,0,11,0,0,0,11
12/22/2012,CIC,CA,AWP,WE,Federal Contract Tower,0,6,2,0,8,0,2,6,12,20,0,8,8,12,28,0,24,24,52
12/23/2012,CIC,CA,AWP,WE,Federal Contract Tower,0,1,2,0,3,0,0,0,0,0,0,1,2,0,3,0,0,0,3
12/24/2012,CIC,CA,AWP,WE,Federal Contract Tower,0,12,1,0,13,0,12,29,0,41,0,24,30,0,54,2,0,2,56
12/25/2012,CIC,CA,AWP,WE,Federal Contract Tower,0,2,2,0,4,0,0,1,0,1,0,2,3,0,5,0,0,0,5
12/26/2012,CIC,CA,AWP,WE,Federal Contract Tower,0,8,1,0,9,0,3,16,0,19,0,11,17,0,28,6,0,6,34
12/27/2012,CIC,CA,AWP,WE,Federal Contract Tower,0,8,0,0,8,0,15,34,2,51,0,23,34,2,59,24,20,44,103
12/28/2012,CIC,CA,AWP,WE,Federal Contract Tower,0,11,11,0,22,0,0,4,19,23,0,11,15,19,45,0,0,0,45
12/29/2012,CIC,CA,AWP,WE,Federal Contract Tower,0,3,4,0,7,0,4,43,0,47,0,7,47,0,54,14,0,14,68
12/30/2012,CIC,CA,AWP,WE,Federal Contract Tower,0,5,5,2,12,0,4,51,0,55,0,9,56,2,67,18,0,18,85
12/31/2012,CIC,CA,AWP,WE,Federal Contract Tower,0,8,0,0,8,0,15,54,0,69,0,23,54,0,77,20,0,20,97
01/01/2013,CIC,CA,AWP,WE,Federal Contract Tower,0,5,2,0,7,0,2,17,0,19,0,7,19,0,26,6,0,6,32
01/02/2013,CIC,CA,AWP,WE,Federal Contract Tower,0,8,6,0,14,0,6,37,0,43,0,14,43,0,57,8,0,8,65
01/03/2013,CIC,CA,AWP,WE,Federal Contract Tower,0,6,3,0,9,0,13,62,6,81,0,19,65,6,90,20,26,46,136
01/04/2013,CIC,CA,AWP,WE,Federal Contract Tower,0,5,4,0,9,0,10,53,10,73,0,15,57,10,82,14,4,18,100
01/05/2013,CIC,CA,AWP,WE,Federal Contract Tower,0,6,4,0,10,0,6,33,0,39,0,12,37,0,49,4,0,4,53
01/06/2013,CIC,CA,AWP,WE,Federal Contract Tower,0,3,3,4,10,0,7,35,0,42,0,10,38,4,52,0,0,0,52
01/07/2013,CIC,CA,AWP,WE,Federal Contract Tower,0,4,1,0,5,0,13,40,3,56,0,17,41,3,61,0,26,26,87
01/08/2013,CIC,CA,AWP,WE,Federal Contract Tower,0,6,2,10,18,0,13,57,8,78,0,19,59,18,96,16,52,68,164
01/09/2013,CIC,CA,AWP,WE,Federal Contract Tower,0,9,6,14,29,0,2,25,4,31,0,11,31,18,60,38,36,74,134
01/10/2013,CIC,CA,AWP,WE,Federal Contract Tower,0,6,2,0,8,0,15,63,2,80,0,21,65,2,88,18,12,30,118
01/11/2013,CIC,CA,AWP,WE,Federal Contract Tower,0,6,5,2,13,0,8,42,4,54,0,14,47,6,67,12,8,20,87
01/12/2013,CIC,CA,AWP,WE,Federal Contract Tower,0,2,5,0,7,0,6,41,8,55,0,8,46,8,62,24,44,68,130
01/13/2013,CIC,CA,AWP,WE,Federal Contract Tower,0,6,2,0,8,0,4,43,0,47,0,10,45,0,55,10,0,10,65
01/14/2013,CIC,CA,AWP,WE,Federal Contract Tower,0,5,4,4,13,0,11,26,6,43,0,16,30,10,56,2,34,36,92
01/15/2013,CIC,CA,AWP,WE,Federal Contract Tower,0,5,5,3,13,0,14,60,20,94,0,19,65,23,107,2,114,116,223
01/16/2013,CIC,CA,AWP,WE,Federal Contract Tower,0,7,4,2,13,0,18,49,12,79,0,25,53,14,92,8,28,36,128
01/17/2013,CIC,CA,AWP,WE,Federal Contract Tower,0,8,1,2,11,0,27,51,2,80,0,35,52,4,91,4,18,22,113
01/18/2013,CIC,CA,AWP,WE,Federal Contract Tower,0,6,0,0,6,0,12,44,10,66,0,18,44,10,72,10,26,36,108
01/19/2013,CIC,CA,AWP,WE,Federal Contract Tower,0,4,2,0,6,0,13,52,10,75,0,17,54,10,81,4,26,30,111
01/20/2013,CIC,CA,AWP,WE,Federal Contract Tower,0,2,1,0,3,0,4,31,0,35,0,6,32,0,38,18,0,18,56
01/21/2013,CIC,CA,AWP,WE,Federal Contract Tower,0,8,1,0,9,0,4,55,0,59,0,12,56,0,68,14,0,14,82
01/22/2013,CIC,CA,AWP,WE,Federal Contract Tower,0,8,0,7,15,0,24,65,19,108,0,32,65,26,123,20,102,122,245
01/23/2013,CIC,CA,AWP,WE,Federal Contract Tower,0,6,2,2,10,0,3,43,2,48,0,9,45,4,58,0,12,12,70
01/24/2013,CIC,CA,AWP,WE,Federal Contract Tower,0,10,6,0,16,0,10,32,3,45,0,20,38,3,61,2,22,24,85
01/25/2013,CIC,CA,AWP,WE,Federal Contract Tower,0,6,10,0,16,0,10,22,2,34,0,16,32,2,50,10,4,14,64
01/26/2013,CIC,CA,AWP,WE,Federal Contract Tower,0,4,5,0,9,0,0,12,0,12,0,4,17,0,21,4,0,4,25
01/27/2013,CIC,CA,AWP,WE,Federal Contract Tower,0,4,1,0,5,0,2,26,0,28,0,6,27,0,33,12,0,12,45
01/28/2013,CIC,CA,AWP,WE,Federal Contract Tower,0,7,1,0,8,0,14,27,8,49,0,21,28,8,57,8,28,36,93
01/29/2013,CIC,CA,AWP,WE,Federal Contract Tower,0,9,0,0,9,0,25,30,9,64,0,34,30,9,73,18,34,52,125
01/30/2013,CIC,CA,AWP,WE,Federal Contract Tower,0,7,1,1,9,0,18,46,5,69,0,25,47,6,78,34,28,62,140
01/31/2013,CIC,CA,AWP,WE,Federal Contract Tower,0,5,0,6,11,0,13,47,2,62,0,18,47,8,73,12,26,38,111
02/01/2013,CIC,CA,AWP,WE,Federal Contract Tower,0,6,1,0,7,0,15,31,24,70,0,21,32,24,77,16,44,60,137
02/02/2013,CIC,CA,AWP,WE,Federal Contract Tower,0,5,1,0,6,0,6,57,7,70,0,11,58,7,76,22,24,46,122
02/03/2013,CIC,CA,AWP,WE,Federal Contract Tower,0,4,2,0,6,0,10,32,0,42,0,14,34,0,48,10,0,10,58
02/04/2013,CIC,CA,AWP,WE,Federal Contract Tower,0,6,2,0,8,0,23,54,2,79,0,29,56,2,87,26,2,28,115
02/05/2013,CIC,CA,AWP,WE,Federal Contract Tower,0,8,3,2,13,0,24,42,6,72,0,32,45,8,85,10,24,34,119
02/06/2013,CIC,CA,AWP,WE,Federal Contract Tower,0,6,2,1,9,0,12,51,13,76,0,18,53,14,85,12,32,44,129
02/07/2013,CIC,CA,AWP,WE,Federal Contract Tower,0,7,5,1,13,0,4,8,0,12,0,11,13,1,25,4,0,4,29
02/08/2013,CIC,CA,AWP,WE,Federal Contract Tower,0,6,4,0,10,0,17,34,3,54,0,23,38,3,64,12,44,56,120
02/09/2013,CIC,CA,AWP,WE,Federal Contract Tower,0,4,0,0,4,0,6,40,12,58,0,10,40,12,62,18,32,50,112
02/10/2013,CIC,CA,AWP,WE,Federal Contract Tower,0,4,0,0,4,0,7,51,0,58,0,11,51,0,62,10,0,10,72
02/11/2013,CIC,CA,AWP,WE,Federal Contract Tower,0,6,3,0,9,0,25,52,2,79,0,31,55,2,88,46,12,58,146
02/12/2013,CIC,CA,AWP,WE,Federal Contract Tower,0,6,2,2,10,0,31,59,24,114,0,37,61,26,124,32,80,112,236
02/13/2013,CIC,CA,AWP,WE,Federal Contract Tower,0,7,3,0,10,0,21,56,16,93,0,28,59,16,103,6,76,82,185
02/14/2013,CIC,CA,AWP,WE,Federal Contract Tower,0,6,0,4,10,0,19,30,13,62,0,25,30,17,72,10,52,62,134
02/15/2013,CIC,CA,AWP,WE,Federal Contract Tower,0,6,1,0,7,0,13,50,1,64,0,19,51,1,71,34,18,52,123
02/16/2013,CIC,CA,AWP,WE,Federal Contract Tower,0,2,0,0,2,0,20,66,0,86,0,22,66,0,88,32,0,32,120
02/17/2013,CIC,CA,AWP,WE,Federal Contract Tower,0,6,2,0,8,0,20,44,0,64,0,26,46,0,72,16,0,16,88
02/18/2013,CIC,CA,AWP,WE,Federal Contract Tower,0,6,1,0,7,0,8,36,0,44,0,14,37,0,51,2,0,2,53
02/19/2013,CIC,CA,AWP,WE,Federal Contract Tower,0,11,1,0,12,0,19,5,0,24,0,30,6,0,36,0,0,0,36
02/20/2013,CIC,CA,AWP,WE,Federal Contract Tower,0,4,2,1,7,0,30,45,5,80,0,34,47,6,87,10,56,66,153
02/21/2013,CIC,CA,AWP,WE,Federal Contract Tower,0,6,3,0,9,0,18,61,4,83,0,24,64,4,92,16,42,58,150
02/22/2013,CIC,CA,AWP,WE,Federal Contract Tower,0,3,6,1,10,0,27,33,1,61,0,30,39,2,71,2,18,20,91
02/23/2013,CIC,CA,AWP,WE,Federal Contract Tower,0,5,0,0,5,0,26,31,12,69,0,31,31,12,74,22,40,62,136
02/24/2013,CIC,CA,AWP,WE,Federal Contract Tower,0,4,2,0,6,0,20,36,0,56,0,24,38,0,62,8,0,8,70
02/25/2013,CIC,CA,AWP,WE,Federal Contract Tower,0,8,4,2,14,0,29,53,4,86,0,37,57,6,100,48,18,66,166
02/26/2013,CIC,CA,AWP,WE,Federal Contract Tower,0,7,3,2,12,0,20,53,4,77,0,27,56,6,89,24,40,64,153
02/27/2013,CIC,CA,AWP,WE,Federal Contract Tower,0,6,0,3,9,0,21,59,3,83,0,27,59,6,92,0,54,54,146
02/28/2013,CIC,CA,AWP,WE,Federal Contract Tower,0,6,4,0,10,0,20,64,2,86,0,26,68,2,96,46,14,60,156
03/01/2013,CIC,CA,AWP,WE,Federal Contract Tower,0,7,4,5,16,0,7,82,18,107,0,14,86,23,123,2,54,56,179
03/02/2013,CIC,CA,AWP,WE,Federal Contract Tower,0,4,1,0,5,0,3,100,0,103,0,7,101,0,108,44,0,44,152
03/03/2013,CIC,CA,AWP,WE,Federal Contract Tower,0,4,1,0,5,0,6,60,0,66,0,10,61,0,71,34,0,34,105
03/04/2013,CIC,CA,AWP,WE,Federal Contract Tower,0,4,1,6,11,0,20,55,23,98,0,24,56,29,109,40,104,144,253
03/05/2013,CIC,CA,AWP,WE,Federal Contract Tower,0,4,3,0,7,0,19,49,12,80,0,23,52,12,87,0,58,58,145
03/06/2013,CIC,CA,AWP,WE,Federal Contract Tower,0,9,3,0,12,0,12,35,0,47,0,21,38,0,59,6,0,6,65
03/07/2013,CIC,CA,AWP,WE,Federal Contract Tower,0,5,1,0,6,0,13,34,6,53,0,18,35,6,59,4,36,40,99
03/08/2013,CIC,CA,AWP,WE,Federal Contract Tower,0,7,2,0,9,0,25,61,14,100,0,32,63,14,109,16,40,56,165
03/09/2013,CIC,CA,AWP,WE,Federal Contract Tower,0,5,2,0,7,0,15,72,0,87,0,20,74,0,94,8,0,8,102
03/10/2013,CIC,CA,AWP,WE,Federal Contract Tower,0,6,2,0,8,0,2,56,0,58,0,8,58,0,66,6,0,6,72
03/11/2013,CIC,CA,AWP,WE,Federal Contract Tower,0,6,2,2,10,0,32,55,12,99,0,38,57,14,109,18,26,44,153
03/12/2013,CIC,CA,AWP,WE,Federal Contract Tower,0,6,1,2,9,0,21,81,6,108,0,27,82,8,117,34,30,64,181
03/13/2013,CIC,CA,AWP,WE,Federal Contract Tower,0,6,3,0,9,0,32,48,0,80,0,38,51,0,89,54,0,54,143
03/14/2013,CIC,CA,AWP,WE,Federal Contract Tower,0,9,1,0,10,0,10,49,0,59,0,19,50,0,69,44,0,44,113
03/15/2013,CIC,CA,AWP,WE,Federal Contract Tower,0,6,1,0,7,0,11,58,2,71,0,17,59,2,78,12,4,16,94
03/16/2013,CIC,CA,AWP,WE,Federal Contract Tower,0,4,5,0,9,0,6,88,12,106,0,10,93,12,115,16,34,50,165
03/17/2013,CIC,CA,AWP,WE,Federal Contract Tower,0,4,1,0,5,0,17,61,18,96,0,21,62,18,101,10,64,74,175
03/18/2013,CIC,CA,AWP,WE,Federal Contract Tower,2,10,1,0,13,0,14,50,1,65,2,24,51,1,78,30,10,40,118
03/19/2013,CIC,CA,AWP,WE,Federal Contract Tower,0,9,5,3,17,0,18,61,16,95,0,27,66,19,112,26,64,90,202
03/20/2013,CIC,CA,AWP,WE,Federal Contract Tower,0,12,5,19,36,0,15,18,5,38,0,27,23,24,74,6,42,48,122
03/21/2013,CIC,CA,AWP,WE,Federal Contract Tower,0,6,2,0,8,0,22,56,3,81,0,28,58,3,89,36,28,64,153
03/22/2013,CIC,CA,AWP,WE,Federal Contract Tower,0,5,3,5,13,0,13,36,20,69,0,18,39,25,82,26,126,152,234
03/23/2013,CIC,CA,AWP,WE,Federal Contract Tower,0,5,3,0,8,0,12,47,0,59,0,17,50,0,67,20,0,20,87
03/24/2013,CIC,CA,AWP,WE,Federal Contract Tower,0,4,1,0,5,0,20,72,0,92,0,24,73,0,97,40,0,40,137
03/25/2013,CIC,CA,AWP,WE,Federal Contract Tower,0,6,4,10,20,0,15,39,2,56,0,21,43,12,76,26,18,44,120
03/26/2013,CIC,CA,AWP,WE,Federal Contract Tower,0,5,2,0,7,0,40,29,16,85,0,45,31,16,92,24,54,78,170
03/27/2013,CIC,CA,AWP,WE,Federal Contract Tower,0,10,3,0,13,0,11,29,10,50,0,21,32,10,63,6,54,60,123
03/28/2013,CIC,CA,AWP,WE,Federal Contract Tower,0,9,6,3,18,0,16,38,3,57,0,25,44,6,75,46,62,108,183
03/29/2013,CIC,CA,AWP,WE,Federal Contract Tower,0,4,1,0,5,0,21,42,2,65,0,25,43,2,70,34,14,48,118
03/30/2013,CIC,CA,AWP,WE,Federal Contract Tower,0,2,2,0,4,0,14,46,0,60,0,16,48,0,64,42,0,42,106
03/31/2013,CIC,CA,AWP,WE,Federal Contract Tower,0,4,1,0,5,0,6,5,0,11,0,10,6,0,16,4,0,4,20
04/01/2013,CIC,CA,AWP,WE,Federal Contract Tower,0,10,6,5,21,0,22,65,6,93,0,32,71,11,114,22,34,56,170
04/02/2013,CIC,CA,AWP,WE,Federal Contract Tower,0,6,0,3,9,0,20,56,35,111,0,26,56,38,120,38,88,126,246
04/03/2013,CIC,CA,AWP,WE,Federal Contract Tower,0,9,2,0,11,0,19,49,12,80,0,28,51,12,91,24,28,52,143
04/04/2013,CIC,CA,AWP,WE,Federal Contract Tower,0,12,6,0,18,0,2,6,0,8,0,14,12,0,26,4,0,4,30
04/05/2013,CIC,CA,AWP,WE,Federal Contract Tower,0,6,2,9,17,0,17,35,4,56,0,23,37,13,73,28,46,74,147
04/06/2013,CIC,CA,AWP,WE,Federal Contract Tower,0,3,5,0,8,0,9,37,0,46,0,12,42,0,54,30,0,30,84
04/07/2013,CIC,CA,AWP,WE,Federal Contract Tower,0,9,2,0,11,0,1,20,0,21,0,10,22,0,32,0,0,0,32
04/08/2013,CIC,CA,AWP,WE,Federal Contract Tower,0,6,4,0,10,0,18,36,6,60,0,24,40,6,70,34,10,44,114
04/09/2013,CIC,CA,AWP,WE,Federal Contract Tower,0,6,2,2,10,0,25,45,22,92,0,31,47,24,102,24,76,100,202
04/10/2013,CIC,CA,AWP,WE,Federal Contract Tower,0,6,2,0,8,0,12,44,0,56,0,18,46,0,64,60,0,60,124
04/11/2013,CIC,CA,AWP,WE,Federal Contract Tower,0,3,1,0,4,0,15,47,14,76,0,18,48,14,80,24,54,78,158
04/12/2013,CIC,CA,AWP,WE,Federal Contract Tower,0,9,3,1,13,0,16,69,0,85,0,25,72,1,98,0,74,74,172
04/13/2013,CIC,CA,AWP,WE,Federal Contract Tower,0,2,1,3,6,0,9,63,8,80,0,11,64,11,86,30,34,64,150
04/14/2013,CIC,CA,AWP,WE,Federal Contract Tower,0,4,0,0,4,0,8,32,0,40,0,12,32,0,44,32,0,32,76
04/15/2013,CIC,CA,AWP,WE,Federal Contract Tower,0,6,2,4,12,0,18,44,0,62,0,24,46,4,74,0,10,10,84
04/16/2013,CIC,CA,AWP,WE,Federal Contract Tower,0,6,2,1,9,0,24,23,1,48,0,30,25,2,57,6,12,18,75
04/17/2013,CIC,CA,AWP,WE,Federal Contract Tower,0,6,0,1,7,0,14,42,6,62,0,20,42,7,69,24,50,74,143
04/18/2013,CIC,CA,AWP,WE,Federal Contract Tower,0,11,13,0,24,0,24,42,4,70,0,35,55,4,94,24,32,56,150
04/19/2013,CIC,CA,AWP,WE,Federal Contract Tower,0,6,2,0,8,0,8,61,20,89,0,14,63,20,97,8,66,74,171
04/20/2013,CIC,CA,AWP,WE,Federal Contract Tower,0,4,5,0,9,0,23,26,0,49,0,27,31,0,58,2,0,2,60
04/21/2013,CIC,CA,AWP,WE,Federal Contract Tower,0,3,3,0,6,0,10,36,0,46,0,13,39,0,52,6,0,6,58
04/22/2013,CIC,CA,AWP,WE,Federal Contract Tower,0,6,2,3,11,0,33,52,10,95,0,39,54,13,106,44,68,112,218
04/23/2013,CIC,CA,AWP,WE,Federal Contract Tower,0,6,4,0,10,0,28,90,0,118,0,34,94,0,128,102,0,102,230
04/24/2013,CIC,CA,AWP,WE,Federal Contract Tower,0,6,4,1,11,0,14,53,1,68,0,20,57,2,79,32,12,44,123
04/25/2013,CIC,CA,AWP,WE,Federal Contract Tower,0,7,2,0,9,0,19,65,10,94,0,26,67,10,103,48,38,86,189
04/26/2013,CIC,CA,AWP,WE,Federal Contract Tower,0,6,1,0,7,0,22,96,14,132,0,28,97,14,139,28,34,62,201
04/27/2013,CIC,CA,AWP,WE,Federal Contract Tower,0,5,0,0,5,0,21,98,0,119,0,26,98,0,124,2,0,2,126
04/28/2013,CIC,CA,AWP,WE,Federal Contract Tower,0,4,0,0,4,0,16,72,0,88,0,20,72,0,92,54,0,54,146
04/29/2013,CIC,CA,AWP,WE,Federal Contract Tower,0,8,1,0,9,0,45,62,0,107,0,53,63,0,116,22,0,22,138
04/30/2013,CIC,CA,AWP,WE,Federal Contract Tower,0,6,1,0,7,0,10,70,0,80,0,16,71,0,87,0,0,0,87
05/01/2013,CIC,CA,AWP,WE,Federal Contract Tower,0,10,1,3,14,0,19,54,15,88,0,29,55,18,102,10,72,82,184
05/02/2013,CIC,CA,AWP,WE,Federal Contract Tower,0,6,1,0,7,0,131,42,0,173,0,137,43,0,180,12,0,12,192
05/03/2013,CIC,CA,AWP,WE,Federal Contract Tower,0,6,0,0,6,0,224,34,0,258,0,230,34,0,264,8,0,8,272
05/04/2013,CIC,CA,AWP,WE,Federal Contract Tower,0,4,3,0,7,0,153,23,0,176,0,157,26,0,183,0,0,0,183
05/05/2013,CIC,CA,AWP,WE,Federal Contract Tower,0,2,2,0,4,0,64,30,0,94,0,66,32,0,98,10,0,10,108
05/06/2013,CIC,CA,AWP,WE,Federal Contract Tower,0,7,3,1,11,0,43,30,0,73,0,50,33,1,84,16,0,16,100
05/07/2013,CIC,CA,AWP,WE,Federal Contract Tower,0,7,6,2,15,0,30,32,15,77,0,37,38,17,92,4,42,46,138
05/08/2013,CIC,CA,AWP,WE,Federal Contract Tower,0,9,9,4,22,0,12,36,30,78,0,21,45,34,100,14,124,138,238
05/09/2013,CIC,CA,AWP,WE,Federal Contract Tower,0,7,3,2,12,0,28,52,16,96,0,35,55,18,108,12,18,30,138
05/10/2013,CIC,CA,AWP,WE,Federal Contract Tower,0,6,3,0,9,0,24,84,0,108,0,30,87,0,117,44,0,44,161
05/11/2013,CIC,CA,AWP,WE,Federal Contract Tower,0,4,1,0,5,0,10,67,0,77,0,14,68,0,82,6,0,6,88
05/12/2013,CIC,CA,AWP,WE,Federal Contract Tower,0,4,1,0,5,0,30,50,0,80,0,34,51,0,85,64,0,64,149
05/13/2013,CIC,CA,AWP,WE,Federal Contract Tower,0,6,3,1,10,0,38,51,5,94,0,44,54,6,104,10,26,36,140
05/14/2013,CIC,CA,AWP,WE,Federal Contract Tower,0,9,1,0,10,0,31,56,5,92,0,40,57,5,102,24,40,64,166
05/15/2013,CIC,CA,AWP,WE,Federal Contract Tower,0,6,2,3,11,0,18,51,5,74,0,24,53,8,85,20,32,52,137
05/16/2013,CIC,CA,AWP,WE,Federal Contract Tower,0,7,6,0,13,0,16,47,0,63,0,23,53,0,76,22,0,22,98
05/17/2013,CIC,CA,AWP,WE,Federal Contract Tower,0,5,0,3,8,0,8,60,2,70,0,13,60,5,78,8,16,24,102
05/18/2013,CIC,CA,AWP,WE,Federal Contract Tower,0,6,0,0,6,0,46,64,0,110,0,52,64,0,116,42,0,42,158
05/19/2013,CIC,CA,AWP,WE,Federal Contract Tower,0,4,1,0,5,0,33,38,0,71,0,37,39,0,76,6,0,6,82
05/20/2013,CIC,CA,AWP,WE,Federal Contract Tower,0,7,4,0,11,0,28,53,26,107,0,35,57,26,118,26,86,112,230
05/21/2013,CIC,CA,AWP,WE,Federal Contract Tower,0,6,1,1,8,0,23,50,21,94,0,29,51,22,102,16,70,86,188
05/22/2013,CIC,CA,AWP,WE,Federal Contract Tower,0,8,0,2,10,0,16,48,16,80,0,24,48,18,90,0,78,78,168
05/23/2013,CIC,CA,AWP,WE,Federal Contract Tower,0,6,1,0,7,0,78,66,8,152,0,84,67,8,159,72,0,72,231
05/24/2013,CIC,CA,AWP,WE,Federal Contract Tower,0,6,2,0,8,0,16,64,0,80,0,22,66,0,88,22,0,22,110
05/25/2013,CIC,CA,AWP,WE,Federal Contract Tower,0,4,0,0,4,0,20,68,0,88,0,24,68,0,92,36,0,36,128
05/26/2013,CIC,CA,AWP,WE,Federal Contract Tower,0,5,5,0,10,0,25,55,0,80,0,30,60,0,90,46,0,46,136
05/27/2013,CIC,CA,AWP,WE,Federal Contract Tower,0,3,5,0,8,0,14,23,0,37,0,17,28,0,45,0,0,0,45
05/28/2013,CIC,CA,AWP,WE,Federal Contract Tower,0,8,5,7,20,0,24,55,5,84,0,32,60,12,104,22,44,66,170
05/29/2013,CIC,CA,AWP,WE,Federal Contract Tower,0,5,2,0,7,0,19,60,12,91,0,24,62,12,98,24,46,70,168
05/30/2013,CIC,CA,AWP,WE,Federal Contract Tower,0,7,3,1,11,0,32,54,8,94,0,39,57,9,105,20,44,64,169
05/31/2013,CIC,CA,AWP,WE,Federal Contract Tower,0,8,2,0,10,0,17,53,2,72,0,25,55,2,82,28,0,28,110
06/01/2013,CIC,CA,AWP,WE,Federal Contract Tower,0,4,1,0,5,0,29,70,0,99,0,33,71,0,104,28,0,28,132
06/02/2013,CIC,CA,AWP,WE,Federal Contract Tower,0,5,2,0,7,0,32,33,0,65,0,37,35,0,72,6,0,6,78
06/03/2013,CIC,CA,AWP,WE,Federal Contract Tower,0,6,2,1,9,0,48,38,15,101,0,54,40,16,110,18,42,60,170
06/04/2013,CIC,CA,AWP,WE,Federal Contract Tower,0,10,3,0,13,0,37,85,6,128,0,47,88,6,141,100,20,120,261
06/05/2013,CIC,CA,AWP,WE,Federal Contract Tower,0,11,1,6,18,0,15,67,28,110,0,26,68,34,128,26,88,114,242
06/06/2013,CIC,CA,AWP,WE,Federal Contract Tower,0,11,0,1,12,0,14,44,22,80,0,25,44,23,92,26,58,84,176
06/07/2013,CIC,CA,AWP,WE,Federal Contract Tower,0,6,0,0,6,0,22,41,9,72,0,28,41,9,78,8,22,30,108
06/08/2013,CIC,CA,AWP,WE,Federal Contract Tower,0,4,1,0,5,0,28,37,0,65,0,32,38,0,70,10,0,10,80
06/09/2013,CIC,CA,AWP,WE,Federal Contract Tower,0,5,1,0,6,0,22,45,0,67,0,27,46,0,73,14,0,14,87
06/10/2013,CIC,CA,AWP,WE,Federal Contract Tower,0,7,5,5,17,0,11,46,1,58,0,18,51,6,75,2,20,22,97
06/11/2013,CIC,CA,AWP,WE,Federal Contract Tower,0,10,3,0,13,0,39,92,4,135,0,49,95,4,148,16,18,34,182
06/12/2013,CIC,CA,AWP,WE,Federal Contract Tower,0,6,4,5,15,0,80,65,7,152,0,86,69,12,167,14,46,60,227
06/13/2013,CIC,CA,AWP,WE,Federal Contract Tower,0,5,5,3,13,2,52,59,9,122,2,57,64,12,135,22,62,84,219
06/14/2013,CIC,CA,AWP,WE,Federal Contract Tower,0,7,8,0,15,0,18,57,10,85,0,25,65,10,100,0,50,50,150
06/15/2013,CIC,CA,AWP,WE,Federal Contract Tower,0,5,0,0,5,0,36,264,0,300,0,41,264,0,305,6,0,6,311
06/16/2013,CIC,CA,AWP,WE,Federal Contract Tower,0,3,2,0,5,0,26,55,0,81,0,29,57,0,86,28,0,28,114
06/17/2013,CIC,CA,AWP,WE,Federal Contract Tower,0,8,6,0,14,0,43,70,16,129,0,51,76,16,143,24,40,64,207
06/18/2013,CIC,CA,AWP,WE,Federal Contract Tower,0,5,2,4,11,0,40,62,6,108,0,45,64,10,119,30,26,56,175
06/19/2013,CIC,CA,AWP,WE,Federal Contract Tower,0,5,3,2,10,0,23,48,6,77,0,28,51,8,87,30,60,90,177
06/20/2013,CIC,CA,AWP,WE,Federal Contract Tower,0,4,1,4,9,0,15,64,16,95,0,19,65,20,104,32,44,76,180
06/21/2013,CIC,CA,AWP,WE,Federal Contract Tower,0,7,3,0,10,0,14,53,10,77,0,21,56,10,87,22,26,48,135
06/22/2013,CIC,CA,AWP,WE,Federal Contract Tower,0,5,0,0,5,0,46,48,0,94,0,51,48,0,99,10,0,10,109
06/23/2013,CIC,CA,AWP,WE,Federal Contract Tower,0,2,7,0,9,0,33,38,0,71,0,35,45,0,80,8,0,8,88
06/24/2013,CIC,CA,AWP,WE,Federal Contract Tower,0,7,5,13,25,0,9,16,10,35,0,16,21,23,60,2,30,32,92
06/25/2013,CIC,CA,AWP,WE,Federal Contract Tower,0,10,7,0,17,0,10,25,0,35,0,20,32,0,52,2,0,2,54
06/26/2013,CIC,CA,AWP,WE,Federal Contract Tower,0,7,0,0,7,0,22,58,0,80,0,29,58,0,87,26,0,26,113
06/27/2013,CIC,CA,AWP,WE,Federal Contract Tower,0,4,4,2,10,0,15,74,4,93,0,19,78,6,103,36,8,44,147
06/28/2013,CIC,CA,AWP,WE,Federal Contract Tower,0,5,1,1,7,0,10,49,11,70,0,15,50,12,77,0,104,104,181
06/29/2013,CIC,CA,AWP,WE,Federal Contract Tower,0,6,2,0,8,0,25,39,3,67,0,31,41,3,75,2,0,2,77
06/30/2013,CIC,CA,AWP,WE,Federal Contract Tower,0,4,1,0,5,0,10,35,4,49,0,14,36,4,54,22,0,22,76
07/01/2013,CIC,CA,AWP,WE,Federal Contract Tower,0,7,0,7,14,0,39,45,3,87,0,46,45,10,101,16,56,72,173
07/02/2013,CIC,CA,AWP,WE,Federal Contract Tower,0,5,0,0,5,0,38,52,4,94,0,43,52,4,99,24,22,46,145
07/03/2013,CIC,CA,AWP,WE,Federal Contract Tower,0,6,1,2,9,0,35,53,10,98,0,41,54,12,107,0,40,40,147
07/04/2013,CIC,CA,AWP,WE,Federal Contract Tower,0,4,3,0,7,0,6,32,0,38,0,10,35,0,45,0,0,0,45
07/05/2013,CIC,CA,AWP,WE,Federal Contract Tower,0,5,0,0,5,0,14,41,0,55,0,19,41,0,60,0,0,0,60
07/06/2013,CIC,CA,AWP,WE,Federal Contract Tower,0,6,0,0,6,0,15,35,0,50,0,21,35,0,56,12,0,12,68
07/07/2013,CIC,CA,AWP,WE,Federal Contract Tower,0,3,5,0,8,0,20,53,0,73,0,23,58,0,81,8,0,8,89
07/08/2013,CIC,CA,AWP,WE,Federal Contract Tower,0,7,5,5,17,0,39,46,26,111,0,46,51,31,128,12,110,122,250
07/09/2013,CIC,CA,AWP,WE,Federal Contract Tower,0,6,9,0,15,0,35,66,17,118,0,41,75,17,133,40,82,122,255
07/10/2013,CIC,CA,AWP,WE,Federal Contract Tower,0,11,2,4,17,0,21,54,22,97,0,32,56,26,114,14,108,122,236
07/11/2013,CIC,CA,AWP,WE,Federal Contract Tower,0,7,1,0,8,0,51,38,17,106,0,58,39,17,114,12,110,122,236
07/12/2013,CIC,CA,AWP,WE,Federal Contract Tower,0,4,4,7,15,0,22,55,10,87,0,26,59,17,102,18,52,70,172
07/13/2013,CIC,CA,AWP,WE,Federal Contract Tower,0,5,4,0,9,0,24,54,2,80,0,29,58,2,89,24,0,24,113
07/14/2013,CIC,CA,AWP,WE,Federal Contract Tower,0,6,3,0,9,0,21,52,0,73,0,27,55,0,82,12,0,12,94
07/15/2013,CIC,CA,AWP,WE,Federal Contract Tower,0,8,0,3,11,0,32,39,8,79,0,40,39,11,90,50,30,80,170
07/16/2013,CIC,CA,AWP,WE,Federal Contract Tower,0,6,5,1,12,0,34,61,33,128,0,40,66,34,140,34,126,160,300
07/17/2013,CIC,CA,AWP,WE,Federal Contract Tower,0,5,1,0,6,0,35,74,12,121,0,40,75,12,127,100,26,126,253
07/18/2013,CIC,CA,AWP,WE,Federal Contract Tower,0,8,2,3,13,0,16,49,10,75,0,24,51,13,88,6,30,36,124
07/19/2013,CIC,CA,AWP,WE,Federal Contract Tower,0,5,1,0,6,0,37,49,2,88,0,42,50,2,94,8,6,14,108
07/20/2013,CIC,CA,AWP,WE,Federal Contract Tower,0,6,0,0,6,0,27,78,0,105,0,33,78,0,111,34,0,34,145
07/21/2013,CIC,CA,AWP,WE,Federal Contract Tower,0,4,2,0,6,0,8,60,0,68,0,12,62,0,74,4,0,4,78
07/22/2013,CIC,CA,AWP,WE,Federal Contract Tower,0,8,3,7,18,0,55,35,20,110,0,63,38,27,128,18,104,122,250
07/23/2013,CIC,CA,AWP,WE,Federal Contract Tower,0,7,1,0,8,0,25,52,2,79,0,32,53,2,87,30,2,32,119
07/24/2013,CIC,CA,AWP,WE,Federal Contract Tower,0,5,0,3,8,0,58,53,5,116,0,63,53,8,124,12,28,40,164
07/25/2013,CIC,CA,AWP,WE,Federal Contract Tower,0,7,0,1,8,0,31,66,5,102,0,38,66,6,110,28,36,64,174
07/26/2013,CIC,CA,AWP,WE,Federal Contract Tower,0,6,2,1,9,0,22,25,7,54,0,28,27,8,63,38,42,80,143
07/27/2013,CIC,CA,AWP,WE,Federal Contract Tower,0,4,0,0,4,0,27,35,0,62,0,31,35,0,66,28,0,28,94
07/28/2013,CIC,CA,AWP,WE,Federal Contract Tower,0,7,0,0,7,0,18,46,2,66,0,25,46,2,73,32,0,32,105
07/29/2013,CIC,CA,AWP,WE,Federal Contract Tower,0,6,0,1,7,0,30,24,7,61,0,36,24,8,68,6,38,44,112
07/30/2013,CIC,CA,AWP,WE,Federal Contract Tower,0,6,0,4,10,0,35,52,14,101,0,41,52,18,111,20,60,80,191
07/31/2013,CIC,CA,AWP,WE,Federal Contract Tower,0,6,4,6,16,0,27,65,2,94,0,33,69,8,110,14,68,82,192
08/01/2013,CIC,CA,AWP,WE,Federal Contract Tower,0,5,2,7,14,0,48,52,10,110,0,53,54,17,124,8,54,62,186
08/02/2013,CIC,CA,AWP,WE,Federal Contract Tower,0,9,1,2,12,0,24,45,17,86,0,33,46,19,98,58,66,124,222
08/03/2013,CIC,CA,AWP,WE,Federal Contract Tower,0,8,3,0,11,0,26,46,0,72,0,34,49,0,83,18,0,18,101
08/04/2013,CIC,CA,AWP,WE,Federal Contract Tower,0,5,4,0,9,0,22,44,0,66,0,27,48,0,75,10,0,10,85
08/05/2013,CIC,CA,AWP,WE,Federal Contract Tower,0,6,4,0,10,0,51,49,0,100,0,57,53,0,110,78,0,78,188
08/06/2013,CIC,CA,AWP,WE,Federal Contract Tower,0,10,1,1,12,0,29,42,3,74,0,39,43,4,86,22,20,42,128
08/07/2013,CIC,CA,AWP,WE,Federal Contract Tower,0,7,0,6,13,0,32,61,28,121,0,39,61,34,134,12,80,92,226
08/08/2013,CIC,CA,AWP,WE,Federal Contract Tower,0,3,2,0,5,0,15,48,0,63,0,18,50,0,68,20,0,20,88
08/09/2013,CIC,CA,AWP,WE,Federal Contract Tower,0,6,3,4,13,0,29,44,5,78,0,35,47,9,91,24,62,86,177
08/10/2013,CIC,CA,AWP,WE,Federal Contract Tower,0,9,1,0,10,0,25,31,0,56,0,34,32,0,66,4,0,4,70
08/11/2013,CIC,CA,AWP,WE,Federal Contract Tower,0,5,3,0,8,0,28,23,0,51,0,33,26,0,59,28,0,28,87
08/12/2013,CIC,CA,AWP,WE,Federal Contract Tower,0,12,5,0,17,0,45,56,22,123,0,57,61,22,140,18,70,88,228
08/13/2013,CIC,CA,AWP,WE,Federal Contract Tower,0,12,3,1,16,0,55,47,9,111,0,67,50,10,127,34,40,74,201
08/14/2013,CIC,CA,AWP,WE,Federal Contract Tower,0,11,2,9,22,0,15,44,5,64,0,26,46,14,86,36,58,94,180
08/15/2013,CIC,CA,AWP,WE,Federal Contract Tower,0,11,2,0,13,0,15,44,5,64,0,26,46,5,77,36,58,94,171
08/16/2013,CIC,CA,AWP,WE,Federal Contract Tower,0,11,2,1,14,0,35,56,8,99,0,46,58,9,113,24,16,40,153
08/17/2013,CIC,CA,AWP,WE,Federal Contract Tower,0,9,0,0,9,0,112,25,2,139,0,121,25,2,148,2,0,2,150
08/18/2013,CIC,CA,AWP,WE,Federal Contract Tower,0,5,4,0,9,0,79,45,0,124,0,84,49,0,133,8,0,8,141
08/19/2013,CIC,CA,AWP,WE,Federal Contract Tower,0,7,3,2,12,0,78,54,14,146,0,85,57,16,158,24,26,50,208
08/20/2013,CIC,CA,AWP,WE,Federal Contract Tower,0,6,3,2,11,0,35,46,4,85,0,41,49,6,96,14,8,22,118
08/21/2013,CIC,CA,AWP,WE,Federal Contract Tower,0,8,1,2,11,0,31,51,16,98,0,39,52,18,109,30,54,84,193
08/22/2013,CIC,CA,AWP,WE,Federal Contract Tower,0,4,1,0,5,0,17,47,14,78,0,21,48,14,83,62,14,76,159
08/23/2013,CIC,CA,AWP,WE,Federal Contract Tower,0,7,1,2,10,0,85,50,13,148,0,92,51,15,158,4,62,66,224
08/24/2013,CIC,CA,AWP,WE,Federal Contract Tower,0,3,1,0,4,0,133,94,10,237,0,136,95,10,241,8,32,40,281
08/25/2013,CIC,CA,AWP,WE,Federal Contract Tower,0,3,2,0,5,0,169,42,2,213,0,172,44,2,218,2,0,2,220
08/26/2013,CIC,CA,AWP,WE,Federal Contract Tower,0,7,1,22,30,0,30,55,8,93,0,37,56,30,123,6,76,82,205
08/27/2013,CIC,CA,AWP,WE,Federal Contract Tower,0,5,0,3,8,0,25,51,10,86,0,30,51,13,94,36,66,102,196
08/28/2013,CIC,CA,AWP,WE,Federal Contract Tower,0,6,0,5,11,0,22,56,13,91,0,28,56,18,102,16,58,74,176
08/29/2013,CIC,CA,AWP,WE,Federal Contract Tower,0,6,2,1,9,0,12,67,2,81,0,18,69,3,90,6,16,22,112
08/30/2013,CIC,CA,AWP,WE,Federal Contract Tower,0,9,0,0,9,0,11,52,0,63,0,20,52,0,72,18,0,18,90
08/31/2013,CIC,CA,AWP,WE,Federal Contract Tower,0,3,3,0,6,0,50,51,0,101,0,53,54,0,107,6,0,6,113
09/01/2013,CIC,CA,AWP,WE,Federal Contract Tower,0,3,0,0,3,0,8,48,0,56,0,11,48,0,59,4,0,4,63
09/02/2013,CIC,CA,AWP,WE,Federal Contract Tower,0,8,0,0,8,0,35,73,0,108,0,43,73,0,116,10,0,10,126
09/03/2013,CIC,CA,AWP,WE,Federal Contract Tower,0,5,1,2,8,0,12,52,4,68,0,17,53,6,76,40,12,52,128
09/04/2013,CIC,CA,AWP,WE,Federal Contract Tower,0,6,1,6,13,0,28,77,14,119,0,34,78,20,132,14,40,54,186
09/05/2013,CIC,CA,AWP,WE,Federal Contract Tower,0,7,2,2,11,0,10,47,5,62,0,17,49,7,73,18,10,28,101
09/06/2013,CIC,CA,AWP,WE,Federal Contract Tower,0,5,0,2,7,0,15,57,17,89,0,20,57,19,96,0,58,58,154
09/07/2013,CIC,CA,AWP,WE,Federal Contract Tower,0,6,1,0,7,0,16,61,0,77,0,22,62,0,84,22,0,22,106
09/08/2013,CIC,CA,AWP,WE,Federal Contract Tower,0,2,1,0,3,0,27,31,0,58,0,29,32,0,61,10,0,10,71
09/09/2013,CIC,CA,AWP,WE,Federal Contract Tower,0,7,1,0,8,0,48,55,2,105,0,55,56,2,113,20,0,20,133
09/10/2013,CIC,CA,AWP,WE,Federal Contract Tower,0,5,4,0,9,0,21,42,28,91,0,26,46,28,100,14,110,124,224
09/11/2013,CIC,CA,AWP,WE,Federal Contract Tower,1,6,3,6,16,9,16,53,34,112,10,22,56,40,128,2,96,98,226
09/12/2013,CIC,CA,AWP,WE,Federal Contract Tower,0,5,33,0,38,0,10,71,8,89,0,15,104,8,127,20,38,58,185
09/13/2013,CIC,CA,AWP,WE,Federal Contract Tower,0,7,0,4,11,0,19,75,9,103,0,26,75,13,114,12,18,30,144
09/14/2013,CIC,CA,AWP,WE,Federal Contract Tower,0,1,4,0,5,0,10,39,0,49,0,11,43,0,54,22,0,22,76
09/15/2013,CIC,CA,AWP,WE,Federal Contract Tower,0,3,3,0,6,0,24,56,0,80,0,27,59,0,86,12,0,12,98
09/16/2013,CIC,CA,AWP,WE,Federal Contract Tower,0,7,2,3,12,0,40,40,23,103,0,47,42,26,115,22,118,140,255
09/17/2013,CIC,CA,AWP,WE,Federal Contract Tower,1,6,0,7,14,0,21,54,29,104,1,27,54,36,118,8,64,72,190
09/18/2013,CIC,CA,AWP,WE,Federal Contract Tower,0,9,1,5,15,0,23,65,13,101,0,32,66,18,116,0,48,48,164
09/19/2013,CIC,CA,AWP,WE,Federal Contract Tower,0,10,0,9,19,0,22,69,10,101,0,32,69,19,120,60,54,114,234
09/20/2013,CIC,CA,AWP,WE,Federal Contract Tower,0,3,2,3,8,0,11,39,17,67,0,14,41,20,75,18,48,66,141
09/21/2013,CIC,CA,AWP,WE,Federal Contract Tower,0,3,7,0,10,0,7,18,0,25,0,10,25,0,35,0,0,0,35
09/22/2013,CIC,CA,AWP,WE,Federal Contract Tower,0,6,3,0,9,0,12,45,0,57,0,18,48,0,66,22,0,22,88
09/23/2013,CIC,CA,AWP,WE,Federal Contract Tower,0,4,5,4,13,0,38,60,5,103,0,42,65,9,116,6,46,52,168
09/24/2013,CIC,CA,AWP,WE,Federal Contract Tower,0,11,3,3,17,0,24,48,23,95,0,35,51,26,112,14,92,106,218
09/25/2013,CIC,CA,AWP,WE,Federal Contract Tower,0,9,2,3,14,0,25,63,9,97,0,34,65,12,111,10,28,38,149
09/26/2013,CIC,CA,AWP,WE,Federal Contract Tower,0,8,3,0,11,0,23,40,0,63,0,31,43,0,74,0,0,0,74
09/27/2013,CIC,CA,AWP,WE,Federal Contract Tower,0,5,2,0,7,0,28,43,0,71,0,33,45,0,78,12,0,12,90
09/28/2013,CIC,CA,AWP,WE,Federal Contract Tower,0,6,0,0,6,0,16,55,0,71,0,22,55,0,77,20,0,20,97
09/29/2013,CIC,CA,AWP,WE,Federal Contract Tower,0,8,2,0,10,0,9,19,0,28,0,17,21,0,38,12,0,12,50
09/30/2013,CIC,CA,AWP,WE,Federal Contract Tower,0,12,4,0,16,0,5,15,0,20,0,17,19,0,36,4,0,4,40
10/01/2013,CIC,CA,AWP,WE,Federal Contract Tower,0,19,4,3,26,0,38,36,13,87,0,57,40,16,113,18,58,76,189
10/02/2013,CIC,CA,AWP,WE,Federal Contract Tower,0,12,1,2,15,0,28,70,24,122,0,40,71,26,137,40,112,152,289
10/03/2013,CIC,CA,AWP,WE,Federal Contract Tower,0,12,3,2,17,0,47,42,4,93,0,59,45,6,110,24,36,60,170
10/04/2013,CIC,CA,AWP,WE,Federal Contract Tower,0,8,0,2,10,0,25,42,19,86,0,33,42,21,96,14,108,122,218
10/05/2013,CIC,CA,AWP,WE,Federal Contract Tower,0,7,0,0,7,0,20,47,0,67,0,27,47,0,74,8,0,8,82
10/06/2013,CIC,CA,AWP,WE,Federal Contract Tower,0,4,2,0,6,0,11,60,0,71,0,15,62,0,77,12,0,12,89
10/07/2013,CIC,CA,AWP,WE,Federal Contract Tower,0,7,0,4,11,0,28,53,12,93,0,35,53,16,104,28,56,84,188
10/08/2013,CIC,CA,AWP,WE,Federal Contract Tower,0,5,1,0,6,0,6,38,0,44,0,11,39,0,50,50,0,50,100
10/09/2013,CIC,CA,AWP,WE,Federal Contract Tower,0,5,1,0,6,0,16,38,0,54,0,21,39,0,60,36,0,36,96
10/10/2013,CIC,CA,AWP,WE,Federal Contract Tower,0,6,0,0,6,0,16,29,0,45,0,22,29,0,51,38,0,38,89
10/11/2013,CIC,CA,AWP,WE,Federal Contract Tower,0,5,0,0,5,0,12,86,0,98,0,17,86,0,103,0,0,0,103
10/12/2013,CIC,CA,AWP,WE,Federal Contract Tower,0,6,1,0,7,0,38,57,0,95,0,44,58,0,102,16,0,16,118
10/13/2013,CIC,CA,AWP,WE,Federal Contract Tower,0,3,1,0,4,0,20,31,0,51,0,23,32,0,55,14,0,14,69
10/14/2013,CIC,CA,AWP,WE,Federal Contract Tower,0,5,2,0,7,0,22,47,0,69,0,27,49,0,76,4,0,4,80
10/15/2013,CIC,CA,AWP,WE,Federal Contract Tower,0,11,1,2,14,0,22,56,2,80,0,33,57,4,94,46,12,58,152
10/16/2013,CIC,CA,AWP,WE,Federal Contract Tower,0,8,2,3,13,0,16,60,1,77,0,24,62,4,90,8,26,34,124
10/17/2013,CIC,CA,AWP,WE,Federal Contract Tower,0,10,1,0,11,0,25,52,0,77,0,35,53,0,88,14,0,14,102
10/18/2013,CIC,CA,AWP,WE,Federal Contract Tower,0,9,4,1,14,0,20,87,25,132,0,29,91,26,146,12,60,72,218
10/19/2013,CIC,CA,AWP,WE,Federal Contract Tower,0,5,0,0,5,0,36,59,0,95,0,41,59,0,100,14,0,14,114
10/20/2013,CIC,CA,AWP,WE,Federal Contract Tower,0,3,1,1,5,0,20,75,3,98,0,23,76,4,103,6,0,6,109
10/21/2013,CIC,CA,AWP,WE,Federal Contract Tower,0,6,0,0,6,0,30,35,0,65,0,36,35,0,71,30,0,30,101
10/22/2013,CIC,CA,AWP,WE,Federal Contract Tower,0,6,2,0,8,0,18,63,0,81,0,24,65,0,89,36,0,36,125
10/23/2013,CIC,CA,AWP,WE,Federal Contract Tower,0,5,0,0,5,0,33,56,0,89,0,38,56,0,94,34,0,34,128
10/24/2013,CIC,CA,AWP,WE,Federal Contract Tower,0,4,2,0,6,0,19,62,0,81,0,23,64,0,87,26,0,26,113
10/25/2013,CIC,CA,AWP,WE,Federal Contract Tower,0,4,3,0,7,0,14,61,0,75,0,18,64,0,82,10,0,10,92
10/26/2013,CIC,CA,AWP,WE,Federal Contract Tower,0,3,0,0,3,0,27,61,0,88,0,30,61,0,91,16,0,16,107
10/27/2013,CIC,CA,AWP,WE,Federal Contract Tower,0,2,2,0,4,0,18,65,0,83,0,20,67,0,87,24,0,24,111
10/28/2013,CIC,CA,AWP,WE,Federal Contract Tower,0,6,4,0,10,0,27,35,14,76,0,33,39,14,86,20,36,56,142
10/29/2013,CIC,CA,AWP,WE,Federal Contract Tower,0,19,1,0,20,0,20,61,10,91,0,39,62,10,111,34,58,92,203
10/30/2013,CIC,CA,AWP,WE,Federal Contract Tower,0,10,2,4,16,0,28,54,4,86,0,38,56,8,102,16,12,28,130
10/31/2013,CIC,CA,AWP,WE,Federal Contract Tower,0,11,1,0,12,0,8,64,0,72,0,19,65,0,84,18,0,18,102
11/01/2013,CIC,CA,AWP,WE,Federal Contract Tower,0,7,1,4,12,0,10,55,4,69,0,17,56,8,81,6,12,18,99
11/02/2013,CIC,CA,AWP,WE,Federal Contract Tower,0,3,1,0,4,0,20,62,0,82,0,23,63,0,86,8,0,8,94
11/03/2013,CIC,CA,AWP,WE,Federal Contract Tower,0,4,1,0,5,0,2,24,0,26,0,6,25,0,31,4,0,4,35
11/04/2013,CIC,CA,AWP,WE,Federal Contract Tower,0,21,1,2,24,0,30,42,12,84,0,51,43,14,108,2,80,82,190
11/05/2013,CIC,CA,AWP,WE,Federal Contract Tower,0,9,1,4,14,0,20,68,12,100,0,29,69,16,114,26,26,52,166
11/06/2013,CIC,CA,AWP,WE,Federal Contract Tower,0,13,1,0,14,0,26,64,18,108,0,39,65,18,122,52,44,96,218
11/07/2013,CIC,CA,AWP,WE,Federal Contract Tower,0,9,0,0,9,0,26,62,4,92,0,35,62,4,101,32,2,34,135
11/08/2013,CIC,CA,AWP,WE,Federal Contract Tower,0,6,3,4,13,0,15,83,26,124,0,21,86,30,137,4,50,54,191
11/09/2013,CIC,CA,AWP,WE,Federal Contract Tower,0,6,1,0,7,0,25,84,0,109,0,31,85,0,116,28,0,28,144
11/10/2013,CIC,CA,AWP,WE,Federal Contract Tower,0,5,0,0,5,0,1,56,1,58,0,6,56,1,63,4,0,4,67
11/11/2013,CIC,CA,AWP,WE,Federal Contract Tower,0,9,1,0,10,0,22,71,1,94,0,31,72,1,104,12,0,12,116
11/12/2013,CIC,CA,AWP,WE,Federal Contract Tower,0,14,2,0,16,0,30,54,12,96,0,44,56,12,112,18,48,66,178
11/13/2013,CIC,CA,AWP,WE,Federal Contract Tower,0,8,1,0,9,0,11,70,12,93,0,19,71,12,102,36,34,70,172
11/14/2013,CIC,CA,AWP,WE,Federal Contract Tower,0,7,0,0,7,0,13,59,0,72,0,20,59,0,79,60,0,60,139
11/15/2013,CIC,CA,AWP,WE,Federal Contract Tower,0,5,13,0,18,0,19,43,0,62,0,24,56,0,80,44,0,44,124
11/16/2013,CIC,CA,AWP,WE,Federal Contract Tower,0,6,3,0,9,0,20,42,0,62,0,26,45,0,71,12,0,12,83
11/17/2013,CIC,CA,AWP,WE,Federal Contract Tower,0,4,1,0,5,0,8,52,0,60,0,12,53,0,65,10,0,10,75
11/18/2013,CIC,CA,AWP,WE,Federal Contract Tower,0,9,2,11,22,0,13,80,10,103,0,22,82,21,125,20,80,100,225
11/19/2013,CIC,CA,AWP,WE,Federal Contract Tower,0,16,10,0,26,0,2,10,0,12,0,18,20,0,38,4,0,4,42
11/20/2013,CIC,CA,AWP,WE,Federal Contract Tower,0,23,5,0,28,0,0,0,0,0,0,23,5,0,28,0,0,0,28
11/21/2013,CIC,CA,AWP,WE,Federal Contract Tower,0,5,5,0,10,0,38,46,0,84,0,43,51,0,94,56,0,56,150
11/22/2013,CIC,CA,AWP,WE,Federal Contract Tower,0,6,3,0,9,0,15,46,0,61,0,21,49,0,70,10,0,10,80
11/23/2013,CIC,CA,AWP,WE,Federal Contract Tower,0,5,3,2,10,0,32,57,1,90,0,37,60,3,100,50,12,62,162
11/24/2013,CIC,CA,AWP,WE,Federal Contract Tower,0,3,1,0,4,0,42,62,0,104,0,45,63,0,108,26,0,26,134
11/25/2013,CIC,CA,AWP,WE,Federal Contract Tower,0,11,3,4,18,0,16,67,52,135,0,27,70,56,153,28,226,254,407
11/26/2013,CIC,CA,AWP,WE,Federal Contract Tower,0,10,0,11,21,0,28,68,23,119,0,38,68,34,140,18,124,142,282
11/27/2013,CIC,CA,AWP,WE,Federal Contract Tower,0,14,4,3,21,0,17,50,25,92,0,31,54,28,113,22,82,104,217
11/28/2013,CIC,CA,AWP,WE,Federal Contract Tower,0,5,2,0,7,0,7,24,0,31,0,12,26,0,38,38,0,38,76
11/29/2013,CIC,CA,AWP,WE,Federal Contract Tower,0,2,8,0,10,0,12,31,0,43,0,14,39,0,53,12,0,12,65
11/30/2013,CIC,CA,AWP,WE,Federal Contract Tower,0,6,3,0,9,0,19,58,0,77,0,25,61,0,86,32,0,32,118
12/01/2013,CIC,CA,AWP,WE,Federal Contract Tower,0,7,2,0,9,0,6,65,0,71,0,13,67,0,80,24,0,24,104
12/02/2013,CIC,CA,AWP,WE,Federal Contract Tower,0,7,2,15,24,0,20,40,20,80,0,27,42,35,104,4,112,116,220
12/03/2013,CIC,CA,AWP,WE,Federal Contract Tower,0,12,0,3,15,0,18,20,22,60,0,30,20,25,75,20,106,126,201
12/04/2013,CIC,CA,AWP,WE,Federal Contract Tower,0,7,2,3,12,0,17,61,11,89,0,24,63,14,101,16,20,36,137
12/05/2013,CIC,CA,AWP,WE,Federal Contract Tower,0,9,6,1,16,0,18,44,12,74,0,27,50,13,90,26,34,60,150
12/06/2013,CIC,CA,AWP,WE,Federal Contract Tower,0,11,3,6,20,0,11,24,10,45,0,22,27,16,65,24,64,88,153
12/07/2013,CIC,CA,AWP,WE,Federal Contract Tower,0,6,0,0,6,0,14,24,0,38,0,20,24,0,44,16,0,16,60
12/08/2013,CIC,CA,AWP,WE,Federal Contract Tower,0,6,5,0,11,0,10,35,0,45,0,16,40,0,56,38,0,38,94
12/09/2013,CIC,CA,AWP,WE,Federal Contract Tower,0,9,0,3,12,0,25,33,10,68,0,34,33,13,80,24,56,80,160
12/10/2013,CIC,CA,AWP,WE,Federal Contract Tower,0,6,4,0,10,0,13,73,8,94,0,19,77,8,104,50,28,78,182
12/11/2013,CIC,CA,AWP,WE,Federal Contract Tower,0,8,2,5,15,0,20,66,18,104,0,28,68,23,119,50,80,130,249
12/12/2013,CIC,CA,AWP,WE,Federal Contract Tower,0,5,1,0,6,0,21,20,0,41,0,26,21,0,47,32,20,52,99
12/13/2013,CIC,CA,AWP,WE,Federal Contract Tower,0,5,0,0,5,0,17,65,10,92,0,22,65,10,97,36,34,70,167
12/14/2013,CIC,CA,AWP,WE,Federal Contract Tower,0,6,0,0,6,0,13,67,0,80,0,19,67,0,86,16,0,16,102
12/15/2013,CIC,CA,AWP,WE,Federal Contract Tower,0,3,2,0,5,0,3,47,0,50,0,6,49,0,55,18,0,18,73
12/16/2013,CIC,CA,AWP,WE,Federal Contract Tower,0,8,1,4,13,0,8,64,40,112,0,16,65,44,125,30,136,166,291
12/17/2013,CIC,CA,AWP,WE,Federal Contract Tower,0,6,0,6,12,0,28,73,20,121,0,34,73,26,133,84,88,172,305
12/18/2013,CIC,CA,AWP,WE,Federal Contract Tower,0,11,4,10,25,0,16,74,6,96,0,27,78,16,121,34,36,70,191
12/19/2013,CIC,CA,AWP,WE,Federal Contract Tower,0,6,1,10,17,0,16,45,30,91,0,22,46,40,108,24,86,110,218
12/20/2013,CIC,CA,AWP,WE,Federal Contract Tower,0,3,1,0,4,0,23,55,17,95,0,26,56,17,99,20,40,60,159
12/21/2013,CIC,CA,AWP,WE,Federal Contract Tower,0,7,0,0,7,0,20,61,0,81,0,27,61,0,88,12,0,12,100
12/22/2013,CIC,CA,AWP,WE,Federal Contract Tower,0,4,3,0,7,0,8,63,0,71,0,12,66,0,78,26,0,26,104
12/23/2013,CIC,CA,AWP,WE,Federal Contract Tower,0,7,2,1,10,0,17,56,9,82,0,24,58,10,92,32,28,60,152
12/24/2013,CIC,CA,AWP,WE,Federal Contract Tower,0,3,1,0,4,0,20,48,0,68,0,23,49,0,72,48,0,48,120
12/25/2013,CIC,CA,AWP,WE,Federal Contract Tower,0,3,1,0,4,0,8,23,0,31,0,11,24,0,35,8,0,8,43
12/26/2013,CIC,CA,AWP,WE,Federal Contract Tower,0,5,0,0,5,0,17,45,0,62,0,22,45,0,67,12,0,12,79
12/27/2013,CIC,CA,AWP,WE,Federal Contract Tower,0,3,1,0,4,0,18,69,0,87,0,21,70,0,91,8,0,8,99
12/28/2013,CIC,CA,AWP,WE,Federal Contract Tower,4,0,0,0,4,0,17,68,0,85,4,17,68,0,89,14,0,14,103
12/29/2013,CIC,CA,AWP,WE,Federal Contract Tower,0,2,0,0,2,0,7,79,0,86,0,9,79,0,88,46,0,46,134
12/30/2013,CIC,CA,AWP,WE,Federal Contract Tower,0,3,0,0,3,0,9,67,0,76,0,12,67,0,79,6,0,6,85
12/31/2013,CIC,CA,AWP,WE,Federal Contract Tower,0,3,0,0,3,0,19,70,0,89,0,22,70,0,92,16,0,16,108
01/01/2014,CIC,CA,AWP,WE,Federal Contract Tower,0,2,0,0,2,0,20,56,0,76,0,22,56,0,78,24,0,24,102
01/02/2014,CIC,CA,AWP,WE,Federal Contract Tower,0,5,0,0,5,0,22,68,0,90,0,27,68,0,95,50,0,50,145
01/03/2014,CIC,CA,AWP,WE,Federal Contract Tower,0,8,2,6,16,0,42,58,9,109,0,50,60,15,125,0,58,58,183
01/04/2014,CIC,CA,AWP,WE,Federal Contract Tower,0,2,2,0,4,0,37,85,0,122,0,39,87,0,126,32,0,32,158
01/05/2014,CIC,CA,AWP,WE,Federal Contract Tower,0,4,0,0,4,0,93,55,0,148,0,97,55,0,152,12,0,12,164
01/06/2014,CIC,CA,AWP,WE,Federal Contract Tower,0,8,0,8,16,0,46,81,12,139,0,54,81,20,155,8,44,52,207
01/07/2014,CIC,CA,AWP,WE,Federal Contract Tower,0,8,2,0,10,0,31,99,4,134,0,39,101,4,144,0,20,20,164
01/08/2014,CIC,CA,AWP,WE,Federal Contract Tower,0,4,6,6,16,0,52,81,14,147,0,56,87,20,163,20,34,54,217
01/09/2014,CIC,CA,AWP,WE,Federal Contract Tower,0,6,0,11,17,0,31,67,13,111,0,37,67,24,128,30,36,66,194
01/10/2014,CIC,CA,AWP,WE,Federal Contract Tower,0,6,1,5,12,0,12,67,11,90,0,18,68,16,102,34,42,76,178
01/11/2014,CIC,CA,AWP,WE,Federal Contract Tower,0,5,10,0,15,0,1,10,0,11,0,6,20,0,26,2,0,2,28
01/12/2014,CIC,CA,AWP,WE,Federal Contract Tower,0,5,0,0,5,0,19,28,0,47,0,24,28,0,52,20,0,20,72
01/13/2014,CIC,CA,AWP,WE,Federal Contract Tower,0,2,1,6,9,0,25,37,16,78,0,27,38,22,87,14,90,104,191
01/14/2014,CIC,CA,AWP,WE,Federal Contract Tower,0,2,3,7,12,0,26,62,37,125,0,28,65,44,137,6,106,112,249
01/15/2014,CIC,CA,AWP,WE,Federal Contract Tower,0,5,3,9,17,1,12,69,23,105,1,17,72,32,122,2,88,90,212
01/16/2014,CIC,CA,AWP,WE,Federal Contract Tower,0,6,0,0,6,0,26,76,6,108,0,32,76,6,114,30,32,62,176
01/17/2014,CIC,CA,AWP,WE,Federal Contract Tower,0,4,4,0,8,2,10,48,8,68,2,14,52,8,76,36,38,74,150
01/18/2014,CIC,CA,AWP,WE,Federal Contract Tower,0,4,3,0,7,2,8,69,0,79,2,12,72,0,86,36,0,36,122
01/19/2014,CIC,CA,AWP,WE,Federal Contract Tower,0,6,6,0,12,0,7,47,0,54,0,13,53,0,66,30,0,30,96
01/20/2014,CIC,CA,AWP,WE,Federal Contract Tower,0,4,2,0,6,0,20,45,0,65,0,24,47,0,71,12,0,12,83
01/21/2014,CIC,CA,AWP,WE,Federal Contract Tower,0,5,1,2,8,0,17,50,4,71,0,22,51,6,79,30,24,54,133
01/22/2014,CIC,CA,AWP,WE,Federal Contract Tower,0,5,1,0,6,0,19,55,12,86,0,24,56,12,92,20,24,44,136
01/23/2014,CIC,CA,AWP,WE,Federal Contract Tower,0,4,0,2,6,0,12,48,8,68,0,16,48,10,74,24,52,76,150
01/24/2014,CIC,CA,AWP,WE,Federal Contract Tower,0,4,1,0,5,0,10,60,6,76,0,14,61,6,81,28,18,46,127
01/25/2014,CIC,CA,AWP,WE,Federal Contract Tower,0,4,0,0,4,0,9,81,0,90,0,13,81,0,94,24,0,24,118
01/26/2014,CIC,CA,AWP,WE,Federal Contract Tower,0,8,0,0,8,0,11,51,0,62,0,19,51,0,70,12,0,12,82
01/27/2014,CIC,CA,AWP,WE,Federal Contract Tower,0,8,4,0,12,0,11,5,8,24,0,19,9,8,36,12,0,12,48
01/28/2014,CIC,CA,AWP,WE,Federal Contract Tower,0,9,2,3,14,0,18,84,3,105,0,27,86,6,119,22,18,40,159
01/29/2014,CIC,CA,AWP,WE,Federal Contract Tower,0,18,8,0,26,0,3,6,0,9,0,21,14,0,35,0,0,0,35
01/30/2014,CIC,CA,AWP,WE,Federal Contract Tower,0,3,5,0,8,0,27,32,1,60,0,30,37,1,68,18,0,18,86
01/31/2014,CIC,CA,AWP,WE,Federal Contract Tower,0,3,3,0,6,0,16,47,2,65,0,19,50,2,71,14,12,26,97
02/01/2014,CIC,CA,AWP,WE,Federal Contract Tower,0,9,3,0,12,0,26,87,0,113,0,35,90,0,125,62,0,62,187
02/02/2014,CIC,CA,AWP,WE,Federal Contract Tower,0,3,0,0,3,0,14,19,0,33,0,17,19,0,36,8,0,8,44
02/03/2014,CIC,CA,AWP,WE,Federal Contract Tower,0,10,1,1,12,0,32,55,1,88,0,42,56,2,100,58,12,70,170
02/04/2014,CIC,CA,AWP,WE,Federal Contract Tower,0,4,4,0,8,0,13,70,2,85,0,17,74,2,93,102,18,120,213
02/05/2014,CIC,CA,AWP,WE,Federal Contract Tower,0,6,3,1,10,0,13,59,1,73,0,19,62,2,83,18,12,30,113
02/06/2014,CIC,CA,AWP,WE,Federal Contract Tower,0,16,17,0,33,0,3,4,0,7,0,19,21,0,40,0,0,0,40
02/07/2014,CIC,CA,AWP,WE,Federal Contract Tower,0,13,0,4,17,0,0,7,0,7,0,13,7,4,24,0,0,0,24
02/08/2014,CIC,CA,AWP,WE,Federal Contract Tower,0,5,4,0,9,0,0,0,0,0,0,5,4,0,9,0,0,0,9
02/09/2014,CIC,CA,AWP,WE,Federal Contract Tower,0,4,2,0,6,0,0,0,0,0,0,4,2,0,6,2,0,2,8
02/10/2014,CIC,CA,AWP,WE,Federal Contract Tower,0,8,5,2,15,0,10,56,7,73,0,18,61,9,88,16,46,62,150
02/11/2014,CIC,CA,AWP,WE,Federal Contract Tower,0,7,2,2,11,0,18,62,26,106,0,25,64,28,117,30,90,120,237
02/12/2014,CIC,CA,AWP,WE,Federal Contract Tower,0,7,2,16,25,1,41,53,18,113,1,48,55,34,138,34,106,140,278
02/13/2014,CIC,CA,AWP,WE,Federal Contract Tower,0,14,4,7,25,0,30,34,10,74,0,44,38,17,99,90,52,142,241
02/14/2014,CIC,CA,AWP,WE,Federal Contract Tower,0,14,5,9,28,0,30,16,4,50,0,44,21,13,78,22,116,138,216
02/15/2014,CIC,CA,AWP,WE,Federal Contract Tower,0,5,1,0,6,0,30,18,0,48,0,35,19,0,54,18,0,18,72
02/16/2014,CIC,CA,AWP,WE,Federal Contract Tower,0,4,2,0,6,0,14,53,0,67,0,18,55,0,73,30,0,30,103
02/17/2014,CIC,CA,AWP,WE,Federal Contract Tower,0,6,1,0,7,0,40,92,0,132,0,46,93,0,139,66,0,66,205
02/18/2014,CIC,CA,AWP,WE,Federal Contract Tower,0,13,6,6,25,0,21,61,20,102,0,34,67,26,127,28,64,92,219
02/19/2014,CIC,CA,AWP,WE,Federal Contract Tower,0,8,1,5,14,0,12,53,21,86,0,20,54,26,100,32,58,90,190
02/20/2014,CIC,CA,AWP,WE,Federal Contract Tower,0,10,0,2,12,0,18,57,8,83,0,28,57,10,95,16,22,38,133
02/21/2014,CIC,CA,AWP,WE,Federal Contract Tower,0,4,6,0,10,0,21,82,2,105,0,25,88,2,115,50,6,56,171
02/22/2014,CIC,CA,AWP,WE,Federal Contract Tower,0,8,1,0,9,0,20,92,0,112,0,28,93,0,121,34,0,34,155
02/23/2014,CIC,CA,AWP,WE,Federal Contract Tower,0,6,1,0,7,0,3,65,0,68,0,9,66,0,75,12,0,12,87
02/24/2014,CIC,CA,AWP,WE,Federal Contract Tower,0,6,2,3,11,0,10,46,19,75,0,16,48,22,86,42,100,142,228
02/25/2014,CIC,CA,AWP,WE,Federal Contract Tower,0,4,5,0,9,0,6,61,14,81,0,10,66,14,90,16,74,90,180
02/26/2014,CIC,CA,AWP,WE,Federal Contract Tower,0,18,5,4,27,0,4,22,0,26,0,22,27,4,53,18,0,18,71
02/27/2014,CIC,CA,AWP,WE,Federal Contract Tower,0,10,5,1,16,0,2,24,1,27,0,12,29,2,43,32,8,40,83
02/28/2014,CIC,CA,AWP,WE,Federal Contract Tower,0,12,4,29,45,0,5,8,4,17,0,17,12,33,62,0,36,36,98
03/01/2014,CIC,CA,AWP,WE,Federal Contract Tower,0,8,1,0,9,0,19,26,0,45,0,27,27,0,54,16,0,16,70
03/02/2014,CIC,CA,AWP,WE,Federal Contract Tower,0,4,3,0,7,0,2,2,0,4,0,6,5,0,11,0,0,0,11
03/03/2014,CIC,CA,AWP,WE,Federal Contract Tower,0,13,9,4,26,0,1,2,0,3,0,14,11,4,29,10,0,10,39
03/04/2014,CIC,CA,AWP,WE,Federal Contract Tower,0,14,5,19,38,0,18,37,3,58,0,32,42,22,96,2,42,44,140
03/05/2014,CIC,CA,AWP,WE,Federal Contract Tower,0,19,2,2,23,0,6,18,8,32,0,25,20,10,55,14,30,44,99
03/06/2014,CIC,CA,AWP,WE,Federal Contract Tower,0,8,2,0,10,0,18,27,20,65,0,26,29,20,75,42,68,110,185
03/07/2014,CIC,CA,AWP,WE,Federal Contract Tower,0,3,6,0,9,0,22,58,2,82,0,25,64,2,91,36,0,36,127
03/08/2014,CIC,CA,AWP,WE,Federal Contract Tower,0,3,0,0,3,0,13,64,0,77,0,16,64,0,80,16,0,16,96
03/09/2014,CIC,CA,AWP,WE,Federal Contract Tower,0,6,1,0,7,0,2,23,0,25,0,8,24,0,32,6,0,6,38
03/10/2014,CIC,CA,AWP,WE,Federal Contract Tower,0,7,1,5,13,0,11,34,14,59,0,18,35,19,72,34,54,88,160
03/11/2014,CIC,CA,AWP,WE,Federal Contract Tower,0,4,1,0,5,0,20,32,6,58,0,24,33,6,63,36,32,68,131
03/12/2014,CIC,CA,AWP,WE,Federal Contract Tower,0,3,1,0,4,0,12,42,20,74,0,15,43,20,78,32,86,118,196
03/13/2014,CIC,CA,AWP,WE,Federal Contract Tower,0,4,1,0,5,0,26,62,0,88,0,30,63,0,93,12,0,12,105
03/14/2014,CIC,CA,AWP,WE,Federal Contract Tower,0,3,1,2,6,0,26,57,2,85,0,29,58,4,91,38,38,76,167
03/15/2014,CIC,CA,AWP,WE,Federal Contract Tower,0,4,3,0,7,0,10,63,0,73,0,14,66,0,80,36,0,36,116
03/16/2014,CIC,CA,AWP,WE,Federal Contract Tower,0,6,2,0,8,0,7,57,0,64,0,13,59,0,72,16,0,16,88
03/17/2014,CIC,CA,AWP,WE,Federal Contract Tower,0,5,4,0,9,0,19,25,39,83,0,24,29,39,92,4,66,70,162
03/18/2014,CIC,CA,AWP,WE,Federal Contract Tower,0,4,2,2,8,0,14,43,22,79,0,18,45,24,87,20,64,84,171
03/19/2014,CIC,CA,AWP,WE,Federal Contract Tower,0,6,2,5,13,0,34,71,19,124,0,40,73,24,137,38,76,114,251
03/20/2014,CIC,CA,AWP,WE,Federal Contract Tower,0,2,0,2,4,0,33,43,4,80,0,35,43,6,84,30,50,80,164
03/21/2014,CIC,CA,AWP,WE,Federal Contract Tower,0,4,4,0,8,0,40,55,0,95,0,44,59,0,103,26,0,26,129
03/22/2014,CIC,CA,AWP,WE,Federal Contract Tower,0,4,2,0,6,0,34,63,0,97,0,38,65,0,103,38,0,38,141
03/23/2014,CIC,CA,AWP,WE,Federal Contract Tower,0,5,5,0,10,0,20,55,0,75,0,25,60,0,85,20,0,20,105
03/24/2014,CIC,CA,AWP,WE,Federal Contract Tower,0,7,1,3,11,0,55,63,9,127,0,62,64,12,138,64,54,118,256
03/25/2014,CIC,CA,AWP,WE,Federal Contract Tower,0,6,7,5,18,0,33,39,0,72,0,39,46,5,90,30,10,40,130
03/26/2014,CIC,CA,AWP,WE,Federal Contract Tower,0,13,2,37,52,0,16,22,5,43,0,29,24,42,95,6,30,36,131
03/27/2014,CIC,CA,AWP,WE,Federal Contract Tower,0,9,3,6,18,0,16,40,4,60,0,25,43,10,78,38,24,62,140
03/28/2014,CIC,CA,AWP,WE,Federal Contract Tower,0,8,12,9,29,0,6,16,9,31,0,14,28,18,60,0,30,30,90
03/29/2014,CIC,CA,AWP,WE,Federal Contract Tower,0,8,3,0,11,0,6,0,0,6,0,14,3,0,17,0,0,0,17
03/30/2014,CIC,CA,AWP,WE,Federal Contract Tower,0,4,5,1,10,0,8,32,0,40,0,12,37,1,50,40,0,40,90
03/31/2014,CIC,CA,AWP,WE,Federal Contract Tower,0,9,4,2,15,0,8,10,2,20,0,17,14,4,35,6,20,26,61
04/01/2014,CIC,CA,AWP,WE,Federal Contract Tower,0,10,5,3,18,0,5,5,2,12,0,15,10,5,30,0,14,14,44
04/02/2014,CIC,CA,AWP,WE,Federal Contract Tower,0,9,7,0,16,0,39,50,0,89,0,48,57,0,105,54,0,54,159
04/03/2014,CIC,CA,AWP,WE,Federal Contract Tower,0,8,1,0,9,0,37,41,6,84,0,45,42,6,93,48,14,62,155
04/04/2014,CIC,CA,AWP,WE,Federal Contract Tower,0,10,6,2,18,0,21,48,2,71,0,31,54,4,89,30,0,30,119
04/05/2014,CIC,CA,AWP,WE,Federal Contract Tower,0,4,1,0,5,0,10,58,0,68,0,14,59,0,73,12,0,12,85
04/06/2014,CIC,CA,AWP,WE,Federal Contract Tower,0,4,1,0,5,0,10,71,0,81,0,14,72,0,86,52,0,52,138
04/07/2014,CIC,CA,AWP,WE,Federal Contract Tower,0,7,0,0,7,0,29,49,0,78,0,36,49,0,85,8,0,8,93
04/08/2014,CIC,CA,AWP,WE,Federal Contract Tower,0,4,3,3,10,0,38,51,7,96,0,42,54,10,106,54,30,84,190
04/09/2014,CIC,CA,AWP,WE,Federal Contract Tower,0,10,2,1,13,0,34,60,19,113,0,44,62,20,126,56,46,102,228
04/10/2014,CIC,CA,AWP,WE,Federal Contract Tower,0,6,2,0,8,0,71,44,13,128,0,77,46,13,136,46,28,74,210
04/11/2014,CIC,CA,AWP,WE,Federal Contract Tower,2,2,4,1,9,0,22,61,5,88,2,24,65,6,97,6,26,32,129
04/12/2014,CIC,CA,AWP,WE,Federal Contract Tower,0,4,3,0,7,0,15,33,0,48,0,19,36,0,55,12,0,12,67
04/13/2014,CIC,CA,AWP,WE,Federal Contract Tower,0,7,3,0,10,0,21,64,0,85,0,28,67,0,95,22,0,22,117
04/14/2014,CIC,CA,AWP,WE,Federal Contract Tower,0,6,3,1,10,0,20,31,1,52,0,26,34,2,62,4,20,24,86
04/15/2014,CIC,CA,AWP,WE,Federal Contract Tower,0,7,1,4,12,0,23,76,6,105,0,30,77,10,117,46,40,86,203
04/16/2014,CIC,CA,AWP,WE,Federal Contract Tower,0,6,1,0,7,0,23,67,0,90,0,29,68,0,97,12,0,12,109
04/17/2014,CIC,CA,AWP,WE,Federal Contract Tower,0,7,2,4,13,0,12,87,6,105,0,19,89,10,118,6,20,26,144
04/18/2014,CIC,CA,AWP,WE,Federal Contract Tower,0,5,1,6,12,0,21,59,4,84,0,26,60,10,96,26,30,56,152
04/19/2014,CIC,CA,AWP,WE,Federal Contract Tower,0,4,5,0,9,0,14,68,0,82,0,18,73,0,91,20,0,20,111
04/20/2014,CIC,CA,AWP,WE,Federal Contract Tower,0,6,3,0,9,0,24,44,0,68,0,30,47,0,77,6,0,6,83
04/21/2014,CIC,CA,AWP,WE,Federal Contract Tower,0,4,2,5,11,0,12,43,8,63,0,16,45,13,74,2,48,50,124
04/22/2014,CIC,CA,AWP,WE,Federal Contract Tower,0,7,0,5,12,0,15,50,5,70,0,22,50,10,82,6,34,40,122
04/23/2014,CIC,CA,AWP,WE,Federal Contract Tower,0,6,3,2,11,0,19,60,18,97,0,25,63,20,108,0,22,22,130
04/24/2014,CIC,CA,AWP,WE,Federal Contract Tower,0,7,2,5,14,0,6,52,3,61,0,13,54,8,75,10,30,40,115
04/25/2014,CIC,CA,AWP,WE,Federal Contract Tower,0,8,3,1,12,0,8,27,1,36,0,16,30,2,48,26,2,28,76
04/26/2014,CIC,CA,AWP,WE,Federal Contract Tower,0,10,1,0,11,0,38,51,0,89,0,48,52,0,100,28,0,28,128
04/27/2014,CIC,CA,AWP,WE,Federal Contract Tower,0,12,5,0,17,0,6,6,0,12,0,18,11,0,29,20,0,20,49
04/28/2014,CIC,CA,AWP,WE,Federal Contract Tower,0,5,2,0,7,0,29,57,0,86,0,34,59,0,93,12,30,42,135
04/29/2014,CIC,CA,AWP,WE,Federal Contract Tower,0,5,0,0,5,0,23,54,8,85,0,28,54,8,90,18,18,36,126
04/30/2014,CIC,CA,AWP,WE,Federal Contract Tower,0,8,0,2,10,0,49,79,12,140,0,57,79,14,150,38,46,84,234
05/01/2014,CIC,CA,AWP,WE,Federal Contract Tower,0,9,2,6,17,0,61,56,15,132,0,70,58,21,149,70,54,124,273
05/02/2014,CIC,CA,AWP,WE,Federal Contract Tower,0,6,3,0,9,0,26,81,0,107,0,32,84,0,116,20,0,20,136
05/03/2014,CIC,CA,AWP,WE,Federal Contract Tower,0,0,6,0,6,0,7,42,0,49,0,7,48,0,55,20,0,20,75
05/04/2014,CIC,CA,AWP,WE,Federal Contract Tower,0,6,1,0,7,0,4,62,0,66,0,10,63,0,73,24,0,24,97
05/05/2014,CIC,CA,AWP,WE,Federal Contract Tower,0,8,3,1,12,0,21,31,15,67,0,29,34,16,79,16,46,62,141
05/06/2014,CIC,CA,AWP,WE,Federal Contract Tower,0,7,0,3,10,0,40,43,16,99,0,47,43,19,109,22,72,94,203
05/07/2014,CIC,CA,AWP,WE,Federal Contract Tower,0,9,1,1,11,0,25,57,13,95,0,34,58,14,106,38,68,106,212
05/08/2014,CIC,CA,AWP,WE,Federal Contract Tower,0,9,1,15,25,0,29,59,14,102,0,38,60,29,127,26,38,64,191
05/09/2014,CIC,CA,AWP,WE,Federal Contract Tower,0,7,2,1,10,0,32,40,13,85,0,39,42,14,95,16,52,68,163
05/10/2014,CIC,CA,AWP,WE,Federal Contract Tower,0,8,3,0,11,0,11,35,0,46,0,19,38,0,57,2,0,2,59
05/11/2014,CIC,CA,AWP,WE,Federal Contract Tower,0,4,0,0,4,0,2,47,0,49,0,6,47,0,53,8,0,8,61
05/12/2014,CIC,CA,AWP,WE,Federal Contract Tower,0,6,1,1,8,0,21,58,20,99,0,27,59,21,107,52,58,110,217
05/13/2014,CIC,CA,AWP,WE,Federal Contract Tower,0,6,0,3,9,0,18,61,17,96,0,24,61,20,105,6,124,130,235
05/14/2014,CIC,CA,AWP,WE,Federal Contract Tower,0,8,0,4,12,0,35,61,10,106,0,43,61,14,118,2,36,38,156
05/15/2014,CIC,CA,AWP,WE,Federal Contract Tower,0,6,3,0,9,0,37,39,0,76,0,43,42,0,85,22,0,22,107
05/16/2014,CIC,CA,AWP,WE,Federal Contract Tower,0,10,2,3,15,0,22,61,1,84,0,32,63,4,99,38,10,48,147
05/17/2014,CIC,CA,AWP,WE,Federal Contract Tower,0,4,1,0,5,0,8,62,0,70,0,12,63,0,75,30,0,30,105
05/18/2014,CIC,CA,AWP,WE,Federal Contract Tower,0,9,4,0,13,0,20,47,2,69,0,29,51,2,82,18,12,30,112
05/19/2014,CIC,CA,AWP,WE,Federal Contract Tower,0,9,2,0,11,0,10,55,8,73,0,19,57,8,84,50,30,80,164
05/20/2014,CIC,CA,AWP,WE,Federal Contract Tower,0,8,1,8,17,0,43,52,8,103,0,51,53,16,120,24,56,80,200
05/21/2014,CIC,CA,AWP,WE,Federal Contract Tower,0,6,5,3,14,0,45,80,13,138,0,51,85,16,152,10,58,68,220
05/22/2014,CIC,CA,AWP,WE,Federal Contract Tower,0,10,3,0,13,0,9,89,2,100,0,19,92,2,113,26,6,32,145
05/23/2014,CIC,CA,AWP,WE,Federal Contract Tower,0,7,4,0,11,0,31,74,0,105,0,38,78,0,116,6,0,6,122
05/24/2014,CIC,CA,AWP,WE,Federal Contract Tower,0,5,2,0,7,0,28,51,0,79,0,33,53,0,86,42,0,42,128
05/25/2014,CIC,CA,AWP,WE,Federal Contract Tower,0,7,0,0,7,0,11,27,0,38,0,18,27,0,45,18,2,20,65
05/26/2014,CIC,CA,AWP,WE,Federal Contract Tower,0,4,0,0,4,0,14,46,0,60,0,18,46,0,64,24,0,24,88
05/27/2014,CIC,CA,AWP,WE,Federal Contract Tower,0,8,1,4,13,0,36,48,20,104,0,44,49,24,117,26,90,116,233
05/28/2014,CIC,CA,AWP,WE,Federal Contract Tower,0,9,0,3,12,0,15,49,35,99,0,24,49,38,111,2,90,92,203
05/29/2014,CIC,CA,AWP,WE,Federal Contract Tower,0,6,0,4,10,0,35,47,8,90,0,41,47,12,100,30,44,74,174
05/30/2014,CIC,CA,AWP,WE,Federal Contract Tower,0,10,1,5,16,0,27,63,17,107,0,37,64,22,123,10,60,70,193
05/31/2014,CIC,CA,AWP,WE,Federal Contract Tower,0,6,0,0,6,0,31,23,0,54,0,37,23,0,60,6,0,6,66
06/01/2014,CIC,CA,AWP,WE,Federal Contract Tower,0,3,1,0,4,0,16,62,0,78,0,19,63,0,82,2,0,2,84
06/02/2014,CIC,CA,AWP,WE,Federal Contract Tower,0,6,2,6,14,0,46,33,20,99,0,52,35,26,113,10,88,98,211
06/03/2014,CIC,CA,AWP,WE,Federal Contract Tower,0,7,2,3,12,0,31,60,40,131,0,38,62,43,143,22,112,134,277
06/04/2014,CIC,CA,AWP,WE,Federal Contract Tower,0,9,3,7,19,0,15,52,9,76,0,24,55,16,95,52,78,130,225
06/05/2014,CIC,CA,AWP,WE,Federal Contract Tower,0,5,4,6,15,0,18,60,6,84,0,23,64,12,99,20,12,32,131
06/06/2014,CIC,CA,AWP,WE,Federal Contract Tower,0,9,4,0,13,0,31,57,0,88,0,40,61,0,101,42,0,42,143
06/07/2014,CIC,CA,AWP,WE,Federal Contract Tower,0,6,1,0,7,0,18,52,0,70,0,24,53,0,77,2,0,2,79
06/08/2014,CIC,CA,AWP,WE,Federal Contract Tower,0,3,0,0,3,0,26,30,0,56,0,29,30,0,59,4,0,4,63
06/09/2014,CIC,CA,AWP,WE,Federal Contract Tower,0,4,1,0,5,0,45,36,18,99,0,49,37,18,104,34,52,86,190
06/10/2014,CIC,CA,AWP,WE,Federal Contract Tower,0,6,3,3,12,0,25,60,6,91,0,31,63,9,103,4,38,42,145
06/11/2014,CIC,CA,AWP,WE,Federal Contract Tower,0,8,1,3,12,0,22,62,23,107,0,30,63,26,119,28,78,106,225
06/12/2014,CIC,CA,AWP,WE,Federal Contract Tower,0,5,3,0,8,0,25,74,18,117,0,30,77,18,125,32,82,114,239
06/13/2014,CIC,CA,AWP,WE,Federal Contract Tower,0,7,0,0,7,0,23,72,0,95,0,30,72,0,102,16,0,16,118
06/14/2014,CIC,CA,AWP,WE,Federal Contract Tower,0,6,3,0,9,0,11,37,0,48,0,17,40,0,57,2,0,2,59
06/15/2014,CIC,CA,AWP,WE,Federal Contract Tower,0,12,0,0,12,0,23,37,2,62,0,35,37,2,74,18,0,18,92
06/16/2014,CIC,CA,AWP,WE,Federal Contract Tower,0,6,1,2,9,0,16,62,6,84,0,22,63,8,93,10,16,26,119
06/17/2014,CIC,CA,AWP,WE,Federal Contract Tower,0,7,0,3,10,0,24,65,6,95,0,31,65,9,105,6,36,42,147
06/18/2014,CIC,CA,AWP,WE,Federal Contract Tower,0,9,2,1,12,0,30,63,16,109,0,39,65,17,121,40,44,84,205
06/19/2014,CIC,CA,AWP,WE,Federal Contract Tower,0,6,5,2,13,0,29,48,13,90,0,35,53,15,103,2,48,50,153
06/20/2014,CIC,CA,AWP,WE,Federal Contract Tower,0,8,2,0,10,0,0,0,0,0,0,8,2,0,10,26,0,26,36
06/21/2014,CIC,CA,AWP,WE,Federal Contract Tower,0,4,2,0,6,0,30,76,0,106,0,34,78,0,112,20,0,20,132
06/22/2014,CIC,CA,AWP,WE,Federal Contract Tower,0,6,1,0,7,0,20,65,0,85,0,26,66,0,92,14,0,14,106
06/23/2014,CIC,CA,AWP,WE,Federal Contract Tower,0,6,3,4,13,0,47,34,19,100,0,53,37,23,113,14,76,90,203
06/24/2014,CIC,CA,AWP,WE,Federal Contract Tower,0,8,0,0,8,0,48,35,0,83,0,56,35,0,91,22,0,22,113
06/25/2014,CIC,CA,AWP,WE,Federal Contract Tower,0,5,1,0,6,0,18,47,0,65,0,23,48,0,71,22,0,22,93
06/26/2014,CIC,CA,AWP,WE,Federal Contract Tower,0,4,6,7,17,0,23,54,13,90,0,27,60,20,107,30,80,110,217
06/27/2014,CIC,CA,AWP,WE,Federal Contract Tower,0,7,3,0,10,0,17,82,0,99,0,24,85,0,109,16,0,16,125
06/28/2014,CIC,CA,AWP,WE,Federal Contract Tower,0,7,0,0,7,0,28,40,0,68,0,35,40,0,75,20,0,20,95
06/29/2014,CIC,CA,AWP,WE,Federal Contract Tower,0,4,1,0,5,0,12,35,0,47,0,16,36,0,52,20,0,20,72
06/30/2014,CIC,CA,AWP,WE,Federal Contract Tower,0,4,0,1,5,0,20,50,41,111,0,24,50,42,116,4,90,94,210
07/01/2014,CIC,CA,AWP,WE,Federal Contract Tower,0,11,4,0,15,9,36,57,14,116,9,47,61,14,131,22,42,64,195
07/02/2014,CIC,CA,AWP,WE,Federal Contract Tower,0,12,1,3,16,2,32,57,18,109,2,44,58,21,125,37,54,91,216
07/03/2014,CIC,CA,AWP,WE,Federal Contract Tower,0,5,3,1,9,0,37,67,2,106,0,42,70,3,115,26,4,30,145
07/04/2014,CIC,CA,AWP,WE,Federal Contract Tower,0,3,0,0,3,0,14,48,0,62,0,17,48,0,65,24,0,24,89
07/05/2014,CIC,CA,AWP,WE,Federal Contract Tower,0,4,0,0,4,0,43,17,0,60,0,47,17,0,64,0,0,0,64
07/06/2014,CIC,CA,AWP,WE,Federal Contract Tower,0,6,3,0,9,0,46,39,0,85,0,52,42,0,94,24,0,24,118
07/07/2014,CIC,CA,AWP,WE,Federal Contract Tower,0,6,1,0,7,0,39,38,0,77,0,45,39,0,84,28,0,28,112
07/08/2014,CIC,CA,AWP,WE,Federal Contract Tower,0,6,0,3,9,0,35,63,4,102,0,41,63,7,111,6,24,30,141
07/09/2014,CIC,CA,AWP,WE,Federal Contract Tower,0,7,2,0,9,0,23,66,16,105,0,30,68,16,114,28,18,46,160
07/10/2014,CIC,CA,AWP,WE,Federal Contract Tower,0,5,1,2,8,0,20,61,4,85,0,25,62,6,93,12,34,46,139
07/11/2014,CIC,CA,AWP,WE,Federal Contract Tower,0,7,2,8,17,0,21,64,0,85,0,28,66,8,102,10,47,57,159
07/12/2014,CIC,CA,AWP,WE,Federal Contract Tower,0,7,1,0,8,0,27,42,0,69,0,34,43,0,77,4,0,4,81
07/13/2014,CIC,CA,AWP,WE,Federal Contract Tower,0,2,0,4,6,0,20,56,1,77,0,22,56,5,83,48,4,52,135
07/14/2014,CIC,CA,AWP,WE,Federal Contract Tower,0,5,0,3,8,0,21,39,8,68,0,26,39,11,76,16,44,60,136
07/15/2014,CIC,CA,AWP,WE,Federal Contract Tower,0,7,2,2,11,0,45,42,10,97,0,52,44,12,108,34,38,72,180
07/16/2014,CIC,CA,AWP,WE,Federal Contract Tower,0,9,2,4,15,0,30,37,10,77,0,39,39,14,92,18,30,48,140
07/17/2014,CIC,CA,AWP,WE,Federal Contract Tower,0,5,3,0,8,0,18,37,4,59,0,23,40,4,67,4,12,16,83
07/18/2014,CIC,CA,AWP,WE,Federal Contract Tower,0,8,6,3,17,0,12,61,1,74,0,20,67,4,91,0,38,38,129
07/19/2014,CIC,CA,AWP,WE,Federal Contract Tower,0,7,0,0,7,0,20,46,0,66,0,27,46,0,73,12,0,12,85
07/20/2014,CIC,CA,AWP,WE,Federal Contract Tower,0,5,2,0,7,0,23,39,0,62,0,28,41,0,69,4,0,4,73
07/21/2014,CIC,CA,AWP,WE,Federal Contract Tower,0,7,1,5,13,0,40,30,8,78,0,47,31,13,91,22,40,62,153
07/22/2014,CIC,CA,AWP,WE,Federal Contract Tower,0,9,0,5,14,0,31,53,15,99,0,40,53,20,113,4,66,70,183
07/23/2014,CIC,CA,AWP,WE,Federal Contract Tower,0,4,3,4,11,0,12,47,23,82,0,16,50,27,93,16,78,94,187
07/24/2014,CIC,CA,AWP,WE,Federal Contract Tower,0,7,3,2,12,0,40,64,0,104,0,47,67,2,116,10,0,10,126
07/25/2014,CIC,CA,AWP,WE,Federal Contract Tower,0,5,2,0,7,0,35,41,2,78,0,40,43,2,85,28,8,36,121
07/26/2014,CIC,CA,AWP,WE,Federal Contract Tower,0,6,0,0,6,0,32,44,2,78,0,38,44,2,84,6,4,10,94
07/27/2014,CIC,CA,AWP,WE,Federal Contract Tower,0,5,1,0,6,0,7,43,0,50,0,12,44,0,56,24,0,24,80
07/28/2014,CIC,CA,AWP,WE,Federal Contract Tower,0,16,0,3,19,0,207,46,9,262,0,223,46,12,281,30,30,60,341
07/29/2014,CIC,CA,AWP,WE,Federal Contract Tower,0,8,1,0,9,0,180,40,11,231,0,188,41,11,240,8,26,34,274
07/30/2014,CIC,CA,AWP,WE,Federal Contract Tower,0,7,2,0,9,4,62,54,4,124,4,69,56,4,133,6,12,18,151
07/31/2014,CIC,CA,AWP,WE,Federal Contract Tower,0,10,4,1,15,11,27,47,23,108,11,37,51,24,123,6,64,70,193
08/01/2014,CIC,CA,AWP,WE,Federal Contract Tower,0,5,2,0,7,1,38,50,0,89,1,43,52,0,96,26,0,26,122
08/02/2014,CIC,CA,AWP,WE,Federal Contract Tower,0,5,1,0,6,1,41,35,4,81,1,46,36,4,87,6,0,6,93
08/03/2014,CIC,CA,AWP,WE,Federal Contract Tower,0,9,4,0,13,0,32,44,0,76,0,41,48,0,89,4,0,4,93
08/04/2014,CIC,CA,AWP,WE,Federal Contract Tower,0,11,0,0,11,1,48,43,6,98,1,59,43,6,109,8,4,12,121
08/05/2014,CIC,CA,AWP,WE,Federal Contract Tower,0,9,2,1,12,0,18,28,24,70,0,27,30,25,82,36,98,134,216
08/06/2014,CIC,CA,AWP,WE,Federal Contract Tower,0,7,1,2,10,2,18,50,14,84,2,25,51,16,94,12,14,26,120
08/07/2014,CIC,CA,AWP,WE,Federal Contract Tower,0,10,3,5,18,0,20,52,5,77,0,30,55,10,95,10,44,54,149
08/08/2014,CIC,CA,AWP,WE,Federal Contract Tower,0,5,1,4,10,0,1,61,4,66,0,6,62,8,76,8,14,22,98
08/09/2014,CIC,CA,AWP,WE,Federal Contract Tower,0,6,2,1,9,0,53,45,1,99,0,59,47,2,108,16,18,34,142
08/10/2014,CIC,CA,AWP,WE,Federal Contract Tower,0,4,0,0,4,0,24,30,0,54,0,28,30,0,58,8,0,8,66
08/11/2014,CIC,CA,AWP,WE,Federal Contract Tower,0,11,6,4,21,0,45,27,6,78,0,56,33,10,99,6,24,30,129
08/12/2014,CIC,CA,AWP,WE,Federal Contract Tower,0,9,0,9,18,0,18,42,4,64,0,27,42,13,82,6,38,44,126
08/13/2014,CIC,CA,AWP,WE,Federal Contract Tower,0,10,0,0,10,0,10,58,0,68,0,20,58,0,78,0,0,0,78
08/14/2014,CIC,CA,AWP,WE,Federal Contract Tower,0,7,2,0,9,0,16,55,10,81,0,23,57,10,90,20,32,52,142
08/15/2014,CIC,CA,AWP,WE,Federal Contract Tower,0,7,7,0,14,0,14,35,20,69,0,21,42,20,83,14,60,74,157
08/16/2014,CIC,CA,AWP,WE,Federal Contract Tower,0,5,3,0,8,0,24,48,0,72,0,29,51,0,80,2,0,2,82
08/17/2014,CIC,CA,AWP,WE,Federal Contract Tower,0,4,1,0,5,0,8,45,0,53,0,12,46,0,58,4,0,4,62
08/18/2014,CIC,CA,AWP,WE,Federal Contract Tower,0,12,6,0,18,0,10,65,10,85,0,22,71,10,103,34,24,58,161
08/19/2014,CIC,CA,AWP,WE,Federal Contract Tower,0,5,0,0,5,0,31,78,6,115,0,36,78,6,120,8,8,16,136
08/20/2014,CIC,CA,AWP,WE,Federal Contract Tower,0,14,0,0,14,0,32,82,2,116,0,46,82,2,130,16,14,30,160
08/21/2014,CIC,CA,AWP,WE,Federal Contract Tower,0,9,1,0,10,2,18,70,0,90,2,27,71,0,100,20,0,20,120
08/22/2014,CIC,CA,AWP,WE,Federal Contract Tower,0,7,1,0,8,0,30,63,0,93,0,37,64,0,101,26,0,26,127
08/23/2014,CIC,CA,AWP,WE,Federal Contract Tower,0,12,0,0,12,0,8,61,0,69,0,20,61,0,81,24,0,24,105
08/24/2014,CIC,CA,AWP,WE,Federal Contract Tower,0,9,2,0,11,2,13,34,0,49,2,22,36,0,60,16,0,16,76
08/25/2014,CIC,CA,AWP,WE,Federal Contract Tower,0,12,1,1,14,2,30,42,6,80,2,42,43,7,94,24,34,58,152
08/26/2014,CIC,CA,AWP,WE,Federal Contract Tower,0,9,1,0,10,0,32,70,0,102,0,41,71,0,112,62,0,62,174
08/27/2014,CIC,CA,AWP,WE,Federal Contract Tower,0,12,3,0,15,0,31,88,0,119,0,43,91,0,134,52,0,52,186
08/28/2014,CIC,CA,AWP,WE,Federal Contract Tower,0,10,0,2,12,2,17,70,6,95,2,27,70,8,107,22,32,54,161
08/29/2014,CIC,CA,AWP,WE,Federal Contract Tower,0,5,2,0,7,4,27,50,0,81,4,32,52,0,88,14,0,14,102
08/30/2014,CIC,CA,AWP,WE,Federal Contract Tower,0,4,0,0,4,0,34,30,0,64,0,38,30,0,68,18,0,18,86
08/31/2014,CIC,CA,AWP,WE,Federal Contract Tower,0,9,0,0,9,0,16,37,0,53,0,25,37,0,62,14,0,14,76
09/01/2014,CIC,CA,AWP,WE,Federal Contract Tower,0,6,1,0,7,0,27,72,0,99,0,33,73,0,106,16,0,16,122
09/02/2014,CIC,CA,AWP,WE,Federal Contract Tower,0,12,2,1,15,0,29,63,17,109,0,41,65,18,124,24,56,80,204
09/03/2014,CIC,CA,AWP,WE,Federal Contract Tower,0,5,4,4,13,1,32,67,12,112,1,37,71,16,125,38,78,116,241
09/04/2014,CIC,CA,AWP,WE,Federal Contract Tower,0,2,0,0,2,0,15,51,0,66,0,17,51,0,68,14,0,14,82
09/05/2014,CIC,CA,AWP,WE,Federal Contract Tower,0,13,1,0,14,4,48,58,2,112,4,61,59,2,126,34,8,42,168
09/06/2014,CIC,CA,AWP,WE,Federal Contract Tower,0,4,3,2,9,2,21,57,0,80,2,25,60,2,89,24,0,24,113
09/07/2014,CIC,CA,AWP,WE,Federal Contract Tower,0,4,2,0,6,2,33,51,0,86,2,37,53,0,92,14,0,14,106
09/08/2014,CIC,CA,AWP,WE,Federal Contract Tower,0,8,3,1,12,0,20,48,1,69,0,28,51,2,81,12,4,16,97
09/09/2014,CIC,CA,AWP,WE,Federal Contract Tower,0,12,3,8,23,0,31,50,16,97,0,43,53,24,120,8,64,72,192
09/10/2014,CIC,CA,AWP,WE,Federal Contract Tower,0,14,3,0,17,2,43,78,6,129,2,57,81,6,146,10,8,18,164
09/11/2014,CIC,CA,AWP,WE,Federal Contract Tower,0,11,0,3,14,1,38,36,3,78,1,49,36,6,92,24,10,34,126
09/12/2014,CIC,CA,AWP,WE,Federal Contract Tower,0,12,1,0,13,4,25,53,0,82,4,37,54,0,95,54,0,54,149
09/13/2014,CIC,CA,AWP,WE,Federal Contract Tower,0,9,9,0,18,17,27,43,0,87,17,36,52,0,105,18,0,18,123
09/14/2014,CIC,CA,AWP,WE,Federal Contract Tower,0,5,2,0,7,40,16,33,0,89,40,21,35,0,96,4,0,4,100
09/15/2014,CIC,CA,AWP,WE,Federal Contract Tower,0,18,3,0,21,3,41,34,0,78,3,59,37,0,99,14,0,14,113
09/16/2014,CIC,CA,AWP,WE,Federal Contract Tower,0,10,4,0,14,29,35,57,0,121,29,45,61,0,135,10,0,10,145
09/17/2014,CIC,CA,AWP,WE,Federal Contract Tower,0,11,2,1,14,4,34,60,1,99,4,45,62,2,113,52,16,68,181
09/18/2014,CIC,CA,AWP,WE,Federal Contract Tower,0,18,2,1,21,0,29,54,2,85,0,47,56,3,106,26,16,42,148
09/19/2014,CIC,CA,AWP,WE,Federal Contract Tower,0,12,2,1,15,0,36,61,4,101,0,48,63,5,116,18,50,68,184
09/20/2014,CIC,CA,AWP,WE,Federal Contract Tower,0,8,1,0,9,3,46,62,0,111,3,54,63,0,120,46,0,46,166
09/21/2014,CIC,CA,AWP,WE,Federal Contract Tower,0,16,0,0,16,2,37,55,0,94,2,53,55,0,110,56,0,56,166
09/22/2014,CIC,CA,AWP,WE,Federal Contract Tower,0,19,8,0,27,0,35,56,0,91,0,54,64,0,118,90,0,90,208
09/23/2014,CIC,CA,AWP,WE,Federal Contract Tower,0,20,2,2,24,0,32,52,2,86,0,52,54,4,110,18,8,26,136
09/24/2014,CIC,CA,AWP,WE,Federal Contract Tower,0,15,4,0,19,2,15,73,0,90,2,30,77,0,109,22,0,22,131
09/25/2014,CIC,CA,AWP,WE,Federal Contract Tower,1,14,4,2,21,0,11,26,0,37,1,25,30,2,58,38,0,38,96
09/26/2014,CIC,CA,AWP,WE,Federal Contract Tower,0,6,2,0,8,0,4,58,0,62,0,10,60,0,70,36,0,36,106
09/27/2014,CIC,CA,AWP,WE,Federal Contract Tower,0,4,4,0,8,1,10,51,0,62,1,14,55,0,70,24,0,24,94
09/28/2014,CIC,CA,AWP,WE,Federal Contract Tower,0,4,4,0,8,2,4,57,0,63,2,8,61,0,71,0,0,0,71
09/29/2014,CIC,CA,AWP,WE,Federal Contract Tower,0,13,5,1,19,0,23,43,1,67,0,36,48,2,86,12,2,14,100
09/30/2014,CIC,CA,AWP,WE,Federal Contract Tower,0,6,1,0,7,0,12,52,0,64,0,18,53,0,71,24,0,24,95
10/01/2014,CIC,CA,AWP,WE,Federal Contract Tower,0,5,0,0,5,0,23,58,0,81,0,28,58,0,86,28,0,28,114
10/02/2014,CIC,CA,AWP,WE,Federal Contract Tower,0,10,0,2,12,1,26,54,4,85,1,36,54,6,97,30,28,58,155
10/03/2014,CIC,CA,AWP,WE,Federal Contract Tower,0,7,3,2,12,0,28,54,8,90,0,35,57,10,102,30,32,62,164
10/04/2014,CIC,CA,AWP,WE,Federal Contract Tower,0,6,4,0,10,0,36,54,0,90,0,42,58,0,100,16,0,16,116
10/05/2014,CIC,CA,AWP,WE,Federal Contract Tower,0,9,3,0,12,0,30,41,0,71,0,39,44,0,83,22,0,22,105
10/06/2014,CIC,CA,AWP,WE,Federal Contract Tower,0,11,0,2,13,0,45,50,4,99,0,56,50,6,112,16,28,44,156
10/07/2014,CIC,CA,AWP,WE,Federal Contract Tower,0,14,0,0,14,0,24,68,0,92,0,38,68,0,106,44,0,44,150
10/08/2014,CIC,CA,AWP,WE,Federal Contract Tower,0,7,1,0,8,20,28,81,0,129,20,35,82,0,137,18,0,18,155
10/09/2014,CIC,CA,AWP,WE,Federal Contract Tower,0,9,1,0,10,10,45,84,4,143,10,54,85,4,153,22,0,22,175
10/10/2014,CIC,CA,AWP,WE,Federal Contract Tower,0,5,5,0,10,1,22,61,8,92,1,27,66,8,102,0,14,14,116
10/11/2014,CIC,CA,AWP,WE,Federal Contract Tower,0,4,5,0,9,3,42,51,0,96,3,46,56,0,105,24,0,24,129
10/12/2014,CIC,CA,AWP,WE,Federal Contract Tower,0,4,0,0,4,2,3,20,0,25,2,7,20,0,29,0,0,0,29
10/13/2014,CIC,CA,AWP,WE,Federal Contract Tower,0,9,5,0,14,0,27,47,2,76,0,36,52,2,90,14,16,30,120
10/14/2014,CIC,CA,AWP,WE,Federal Contract Tower,0,6,2,2,10,0,22,51,2,75,0,28,53,4,85,12,46,58,143
10/15/2014,CIC,CA,AWP,WE,Federal Contract Tower,0,19,12,2,33,0,12,42,2,56,0,31,54,4,89,46,28,74,163
10/16/2014,CIC,CA,AWP,WE,Federal Contract Tower,0,7,0,5,12,0,24,76,1,101,0,31,76,6,113,6,2,8,121
10/17/2014,CIC,CA,AWP,WE,Federal Contract Tower,0,12,0,0,12,0,9,55,0,64,0,21,55,0,76,42,0,42,118
10/18/2014,CIC,CA,AWP,WE,Federal Contract Tower,0,4,2,0,6,0,6,160,0,166,0,10,162,0,172,4,0,4,176
10/19/2014,CIC,CA,AWP,WE,Federal Contract Tower,0,4,0,0,4,0,11,58,0,69,0,15,58,0,73,24,0,24,97
10/20/2014,CIC,CA,AWP,WE,Federal Contract Tower,0,15,2,4,21,0,9,29,2,40,0,24,31,6,61,32,20,52,113
10/21/2014,CIC,CA,AWP,WE,Federal Contract Tower,0,7,1,0,8,0,25,83,0,108,0,32,84,0,116,12,0,12,128
10/22/2014,CIC,CA,AWP,WE,Federal Contract Tower,0,7,3,0,10,0,26,66,0,92,0,33,69,0,102,28,0,28,130
10/23/2014,CIC,CA,AWP,WE,Federal Contract Tower,0,20,0,0,20,0,27,32,0,59,0,47,32,0,79,14,0,14,93
10/24/2014,CIC,CA,AWP,WE,Federal Contract Tower,0,14,3,0,17,0,14,79,0,93,0,28,82,0,110,24,0,24,134
10/25/2014,CIC,CA,AWP,WE,Federal Contract Tower,0,2,0,0,2,0,4,0,0,4,0,6,0,0,6,0,0,0,6
10/26/2014,CIC,CA,AWP,WE,Federal Contract Tower,0,5,2,0,7,0,4,27,2,33,0,9,29,2,40,2,10,12,52
10/27/2014,CIC,CA,AWP,WE,Federal Contract Tower,0,8,0,0,8,0,20,31,0,51,0,28,31,0,59,48,0,48,107
10/28/2014,CIC,CA,AWP,WE,Federal Contract Tower,0,9,2,0,11,0,39,50,5,94,0,48,52,5,105,82,8,90,195
10/29/2014,CIC,CA,AWP,WE,Federal Contract Tower,0,3,1,1,5,0,36,83,7,126,0,39,84,8,131,0,38,38,169
10/30/2014,CIC,CA,AWP,WE,Federal Contract Tower,0,10,3,0,13,0,18,68,0,86,0,28,71,0,99,42,0,42,141
10/31/2014,CIC,CA,AWP,WE,Federal Contract Tower,0,14,5,0,19,0,4,12,0,16,0,18,17,0,35,4,0,4,39
11/01/2014,CIC,CA,AWP,WE,Federal Contract Tower,0,10,0,0,10,0,12,8,0,20,0,22,8,0,30,6,0,6,36
11/02/2014,CIC,CA,AWP,WE,Federal Contract Tower,0,4,0,0,4,0,21,54,0,75,0,25,54,0,79,10,0,10,89
11/03/2014,CIC,CA,AWP,WE,Federal Contract Tower,0,3,0,0,3,0,28,34,0,62,0,31,34,0,65,8,0,8,73
11/04/2014,CIC,CA,AWP,WE,Federal Contract Tower,0,6,2,0,8,0,28,46,0,74,0,34,48,0,82,16,0,16,98
11/05/2014,CIC,CA,AWP,WE,Federal Contract Tower,0,7,3,0,10,0,32,77,0,109,0,39,80,0,119,42,0,42,161
11/06/2014,CIC,CA,AWP,WE,Federal Contract Tower,0,12,2,0,14,0,31,70,4,105,0,43,72,4,119,36,0,36,155
11/07/2014,CIC,CA,AWP,WE,Federal Contract Tower,0,5,1,0,6,0,14,56,0,70,0,19,57,0,76,4,0,4,80
11/08/2014,CIC,CA,AWP,WE,Federal Contract Tower,0,4,1,0,5,0,22,57,0,79,0,26,58,0,84,24,0,24,108
11/09/2014,CIC,CA,AWP,WE,Federal Contract Tower,0,4,3,0,7,0,16,54,0,70,0,20,57,0,77,18,0,18,95
11/10/2014,CIC,CA,AWP,WE,Federal Contract Tower,0,6,5,1,12,0,14,48,15,77,0,20,53,16,89,4,32,36,125
11/11/2014,CIC,CA,AWP,WE,Federal Contract Tower,0,10,11,0,21,0,19,70,0,89,0,29,81,0,110,30,0,30,140
11/12/2014,CIC,CA,AWP,WE,Federal Contract Tower,0,8,2,0,10,0,33,69,0,102,0,41,71,0,112,16,0,16,128
11/13/2014,CIC,CA,AWP,WE,Federal Contract Tower,0,15,19,4,38,0,0,0,0,0,0,15,19,4,38,0,0,0,38
11/14/2014,CIC,CA,AWP,WE,Federal Contract Tower,0,12,12,0,24,0,11,26,0,37,0,23,38,0,61,14,0,14,75
11/15/2014,CIC,CA,AWP,WE,Federal Contract Tower,0,6,5,0,11,0,10,23,0,33,0,16,28,0,44,6,0,6,50
11/16/2014,CIC,CA,AWP,WE,Federal Contract Tower,0,4,3,0,7,0,18,46,0,64,0,22,49,0,71,10,0,10,81
11/17/2014,CIC,CA,AWP,WE,Federal Contract Tower,0,6,2,7,15,0,13,42,1,56,0,19,44,8,71,8,16,24,95
11/18/2014,CIC,CA,AWP,WE,Federal Contract Tower,0,6,3,0,9,0,27,62,5,94,0,33,65,5,103,38,16,54,157
11/19/2014,CIC,CA,AWP,WE,Federal Contract Tower,0,14,14,2,30,0,10,12,0,22,0,24,26,2,52,0,0,0,52
11/20/2014,CIC,CA,AWP,WE,Federal Contract Tower,0,11,7,4,22,0,2,0,0,2,0,13,7,4,24,0,0,0,24
11/21/2014,CIC,CA,AWP,WE,Federal Contract Tower,0,15,12,8,35,0,3,12,0,15,0,18,24,8,50,2,8,10,60
11/22/2014,CIC,CA,AWP,WE,Federal Contract Tower,0,24,2,0,26,0,4,2,0,6,0,28,4,0,32,0,0,0,32
11/23/2014,CIC,CA,AWP,WE,Federal Contract Tower,0,4,2,0,6,0,6,53,0,59,0,10,55,0,65,8,0,8,73
11/24/2014,CIC,CA,AWP,WE,Federal Contract Tower,0,5,0,0,5,0,27,63,0,90,0,32,63,0,95,6,0,6,101
11/25/2014,CIC,CA,AWP,WE,Federal Contract Tower,0,6,2,2,10,0,15,70,3,88,0,21,72,5,98,14,10,24,122
11/26/2014,CIC,CA,AWP,WE,Federal Contract Tower,0,5,1,0,6,0,15,72,0,87,0,20,73,0,93,10,0,10,103
11/27/2014,CIC,CA,AWP,WE,Federal Contract Tower,0,4,1,0,5,0,3,23,0,26,0,7,24,0,31,14,0,14,45
11/28/2014,CIC,CA,AWP,WE,Federal Contract Tower,0,9,5,0,14,0,16,25,0,41,0,25,30,0,55,2,0,2,57
11/29/2014,CIC,CA,AWP,WE,Federal Contract Tower,0,16,10,0,26,0,14,0,0,14,0,30,10,0,40,0,0,0,40
11/30/2014,CIC,CA,AWP,WE,Federal Contract Tower,0,7,3,0,10,0,2,1,0,3,0,9,4,0,13,2,0,2,15
12/01/2014,CIC,CA,AWP,WE,Federal Contract Tower,0,13,20,4,37,0,10,12,0,22,0,23,32,4,59,14,0,14,73
12/02/2014,CIC,CA,AWP,WE,Federal Contract Tower,0,9,5,0,14,0,12,21,0,33,0,21,26,0,47,16,0,16,63
12/03/2014,CIC,CA,AWP,WE,Federal Contract Tower,0,16,3,0,19,0,15,14,0,29,0,31,17,0,48,0,0,0,48
12/04/2014,CIC,CA,AWP,WE,Federal Contract Tower,0,19,7,4,30,0,6,20,0,26,0,25,27,4,56,10,0,10,66
12/05/2014,CIC,CA,AWP,WE,Federal Contract Tower,0,16,8,0,24,0,6,16,0,22,0,22,24,0,46,10,0,10,56
12/06/2014,CIC,CA,AWP,WE,Federal Contract Tower,0,8,5,0,13,0,4,17,0,21,0,12,22,0,34,0,0,0,34
12/07/2014,CIC,CA,AWP,WE,Federal Contract Tower,0,2,10,0,12,0,4,35,0,39,0,6,45,0,51,22,0,22,73
12/08/2014,CIC,CA,AWP,WE,Federal Contract Tower,0,6,2,6,14,0,15,26,4,45,0,21,28,10,59,0,16,16,75
12/09/2014,CIC,CA,AWP,WE,Federal Contract Tower,0,12,0,6,18,0,12,44,6,62,0,24,44,12,80,16,16,32,112
12/10/2014,CIC,CA,AWP,WE,Federal Contract Tower,1,10,7,0,18,0,8,17,0,25,1,18,24,0,43,0,0,0,43
12/11/2014,CIC,CA,AWP,WE,Federal Contract Tower,0,8,0,0,8,0,1,1,0,2,0,9,1,0,10,0,0,0,10
12/12/2014,CIC,CA,AWP,WE,Federal Contract Tower,0,6,12,0,18,0,2,16,0,18,0,8,28,0,36,10,0,10,46
12/13/2014,CIC,CA,AWP,WE,Federal Contract Tower,0,2,6,0,8,0,9,54,2,65,0,11,60,2,73,30,0,30,103
12/14/2014,CIC,CA,AWP,WE,Federal Contract Tower,0,2,7,0,9,0,4,21,0,25,0,6,28,0,34,22,0,22,56
12/15/2014,CIC,CA,AWP,WE,Federal Contract Tower,0,8,7,4,19,0,0,0,0,0,0,8,7,4,19,2,4,6,25
12/16/2014,CIC,CA,AWP,WE,Federal Contract Tower,0,12,6,0,18,0,3,21,0,24,0,15,27,0,42,22,6,28,70
12/17/2014,CIC,CA,AWP,WE,Federal Contract Tower,0,9,7,0,16,0,5,23,0,28,0,14,30,0,44,10,0,10,54
12/18/2014,CIC,CA,AWP,WE,Federal Contract Tower,0,4,9,0,13,0,10,29,0,39,0,14,38,0,52,38,0,38,90
12/19/2014,CIC,CA,AWP,WE,Federal Contract Tower,0,5,7,0,12,0,1,6,0,7,0,6,13,0,19,0,0,0,19
12/20/2014,CIC,CA,AWP,WE,Federal Contract Tower,0,1,1,0,2,0,0,0,0,0,0,1,1,0,2,0,0,0,2
12/21/2014,CIC,CA,AWP,WE,Federal Contract Tower,0,1,10,0,11,0,10,0,0,10,0,11,10,0,21,26,0,26,47
12/22/2014,CIC,CA,AWP,WE,Federal Contract Tower,0,11,7,0,18,0,20,46,0,66,0,31,53,0,84,30,0,30,114
12/23/2014,CIC,CA,AWP,WE,Federal Contract Tower,0,7,10,0,17,0,8,34,0,42,0,15,44,0,59,42,0,42,101
12/24/2014,CIC,CA,AWP,WE,Federal Contract Tower,0,8,4,0,12,0,12,21,0,33,0,20,25,0,45,10,0,10,55
12/25/2014,CIC,CA,AWP,WE,Federal Contract Tower,0,0,4,0,4,0,0,28,0,28,0,0,32,0,32,18,0,18,50
12/26/2014,CIC,CA,AWP,WE,Federal Contract Tower,0,3,1,0,4,0,31,42,0,73,0,34,43,0,77,8,0,8,85
12/27/2014,CIC,CA,AWP,WE,Federal Contract Tower,0,1,1,2,4,0,17,62,0,79,0,18,63,2,83,14,14,28,111
12/28/2014,CIC,CA,AWP,WE,Federal Contract Tower,0,0,2,0,2,0,3,57,0,60,0,3,59,0,62,20,0,20,82
12/29/2014,CIC,CA,AWP,WE,Federal Contract Tower,0,4,1,0,5,0,25,36,0,61,0,29,37,0,66,12,0,12,78
12/30/2014,CIC,CA,AWP,WE,Federal Contract Tower,0,3,4,0,7,0,22,27,0,49,0,25,31,0,56,0,0,0,56
12/31/2014,CIC,CA,AWP,WE,Federal Contract Tower,0,2,1,0,3,0,19,49,0,68,0,21,50,0,71,28,0,28,99
01/01/2015,CIC,CA,AWP,WE,Federal Contract Tower,0,2,0,0,2,0,14,44,2,60,0,16,44,2,62,22,8,30,92
01/02/2015,CIC,CA,AWP,WE,Federal Contract Tower,0,1,0,16,17,0,18,46,0,64,0,19,46,16,81,18,0,18,99
01/03/2015,CIC,CA,AWP,WE,Federal Contract Tower,0,2,0,0,2,0,3,66,0,69,0,5,66,0,71,50,0,50,121
01/04/2015,CIC,CA,AWP,WE,Federal Contract Tower,0,0,0,0,0,0,11,41,0,52,0,11,41,0,52,8,0,8,60
01/05/2015,CIC,CA,AWP,WE,Federal Contract Tower,0,4,1,0,5,0,20,40,0,60,0,24,41,0,65,16,0,16,81
01/06/2015,CIC,CA,AWP,WE,Federal Contract Tower,0,8,0,0,8,0,18,56,0,74,0,26,56,0,82,54,0,54,136
01/07/2015,CIC,CA,AWP,WE,Federal Contract Tower,0,3,3,0,6,0,23,58,0,81,0,26,61,0,87,18,0,18,105
01/08/2015,CIC,CA,AWP,WE,Federal Contract Tower,0,1,2,6,9,0,12,47,0,59,0,13,49,6,68,32,12,44,112
01/09/2015,CIC,CA,AWP,WE,Federal Contract Tower,0,3,2,3,8,0,10,45,1,56,0,13,47,4,64,12,12,24,88
01/10/2015,CIC,CA,AWP,WE,Federal Contract Tower,0,0,2,0,2,0,18,47,0,65,0,18,49,0,67,14,0,14,81
01/11/2015,CIC,CA,AWP,WE,Federal Contract Tower,0,2,3,0,5,0,14,52,0,66,0,16,55,0,71,16,0,16,87
01/12/2015,CIC,CA,AWP,WE,Federal Contract Tower,2,5,0,3,10,0,14,48,3,65,2,19,48,6,75,26,20,46,121
01/13/2015,CIC,CA,AWP,WE,Federal Contract Tower,0,3,2,2,7,0,23,95,1,119,0,26,97,3,126,68,10,78,204
01/14/2015,CIC,CA,AWP,WE,Federal Contract Tower,0,4,6,0,10,0,6,46,0,52,0,10,52,0,62,40,0,40,102
01/15/2015,CIC,CA,AWP,WE,Federal Contract Tower,0,8,4,4,16,0,16,58,8,82,0,24,62,12,98,22,38,60,158
01/16/2015,CIC,CA,AWP,WE,Federal Contract Tower,0,4,9,0,13,0,4,8,0,12,0,8,17,0,25,12,0,12,37
01/17/2015,CIC,CA,AWP,WE,Federal Contract Tower,0,3,3,0,6,0,7,13,0,20,0,10,16,0,26,10,0,10,36
01/18/2015,CIC,CA,AWP,WE,Federal Contract Tower,0,0,4,0,4,0,2,6,0,8,0,2,10,0,12,30,0,30,42
01/19/2015,CIC,CA,AWP,WE,Federal Contract Tower,0,3,6,0,9,0,1,26,0,27,0,4,32,0,36,10,0,10,46
01/20/2015,CIC,CA,AWP,WE,Federal Contract Tower,0,5,6,0,11,0,10,20,0,30,0,15,26,0,41,26,0,26,67
01/21/2015,CIC,CA,AWP,WE,Federal Contract Tower,0,2,6,8,16,0,21,60,12,93,0,23,66,20,109,4,100,104,213
01/22/2015,CIC,CA,AWP,WE,Federal Contract Tower,0,8,5,1,14,0,14,49,15,78,0,22,54,16,92,56,46,102,194
01/23/2015,CIC,CA,AWP,WE,Federal Contract Tower,0,2,4,0,6,0,30,56,16,102,0,32,60,16,108,22,30,52,160
01/24/2015,CIC,CA,AWP,WE,Federal Contract Tower,0,1,0,0,1,0,30,52,0,82,0,31,52,0,83,26,0,26,109
01/25/2015,CIC,CA,AWP,WE,Federal Contract Tower,0,0,4,0,4,0,13,43,0,56,0,13,47,0,60,48,0,48,108
01/26/2015,CIC,CA,AWP,WE,Federal Contract Tower,0,4,4,0,8,0,30,40,0,70,0,34,44,0,78,48,0,48,126
01/27/2015,CIC,CA,AWP,WE,Federal Contract Tower,0,4,6,1,11,0,7,33,1,41,0,11,39,2,52,46,24,70,122
01/28/2015,CIC,CA,AWP,WE,Federal Contract Tower,0,3,3,0,6,0,16,65,0,81,0,19,68,0,87,0,0,0,87
01/29/2015,CIC,CA,AWP,WE,Federal Contract Tower,0,1,4,0,5,0,13,58,0,71,0,14,62,0,76,2,0,2,78
01/30/2015,CIC,CA,AWP,WE,Federal Contract Tower,0,2,1,0,3,0,11,55,0,66,0,13,56,0,69,2,0,2,71
01/31/2015,CIC,CA,AWP,WE,Federal Contract Tower,0,0,2,0,2,0,6,73,0,79,0,6,75,0,81,4,0,4,85
02/01/2015,CIC,CA,AWP,WE,Federal Contract Tower,0,0,1,0,1,0,4,42,0,46,0,4,43,0,47,12,0,12,59
02/02/2015,CIC,CA,AWP,WE,Federal Contract Tower,0,3,1,4,8,0,4,32,20,56,0,7,33,24,64,64,52,116,180
02/03/2015,CIC,CA,AWP,WE,Federal Contract Tower,0,7,5,2,14,0,11,57,0,68,0,18,62,2,82,38,0,38,120
02/04/2015,CIC,CA,AWP,WE,Federal Contract Tower,0,6,4,5,15,0,21,58,1,80,0,27,62,6,95,34,8,42,137
02/05/2015,CIC,CA,AWP,WE,Federal Contract Tower,0,6,5,0,11,0,14,43,0,57,0,20,48,0,68,58,0,58,126
02/06/2015,CIC,CA,AWP,WE,Federal Contract Tower,0,6,1,0,7,0,6,7,0,13,0,12,8,0,20,0,0,0,20
02/07/2015,CIC,CA,AWP,WE,Federal Contract Tower,0,4,1,0,5,0,2,4,0,6,0,6,5,0,11,0,0,0,11
02/08/2015,CIC,CA,AWP,WE,Federal Contract Tower,0,1,3,0,4,0,4,0,0,4,0,5,3,0,8,0,0,0,8
02/09/2015,CIC,CA,AWP,WE,Federal Contract Tower,0,6,4,0,10,0,11,33,0,44,0,17,37,0,54,10,0,10,64
02/10/2015,CIC,CA,AWP,WE,Federal Contract Tower,0,4,1,2,7,0,27,71,0,98,0,31,72,2,105,44,2,46,151
02/11/2015,CIC,CA,AWP,WE,Federal Contract Tower,0,2,0,1,3,0,29,79,1,109,0,31,79,2,112,14,0,14,126
02/12/2015,CIC,CA,AWP,WE,Federal Contract Tower,0,4,1,0,5,0,20,64,0,84,0,24,65,0,89,6,0,6,95
02/13/2015,CIC,CA,AWP,WE,Federal Contract Tower,0,2,3,1,6,0,11,76,1,88,0,13,79,2,94,26,8,34,128
02/14/2015,CIC,CA,AWP,WE,Federal Contract Tower,0,2,0,0,2,0,15,85,0,100,0,17,85,0,102,18,0,18,120
02/15/2015,CIC,CA,AWP,WE,Federal Contract Tower,0,0,3,0,3,0,10,57,0,67,0,10,60,0,70,28,0,28,98
02/16/2015,CIC,CA,AWP,WE,Federal Contract Tower,0,4,5,0,9,0,18,66,0,84,0,22,71,0,93,20,0,20,113
02/17/2015,CIC,CA,AWP,WE,Federal Contract Tower,0,5,1,4,10,0,24,58,9,91,0,29,59,13,101,14,28,42,143
02/18/2015,CIC,CA,AWP,WE,Federal Contract Tower,0,8,6,3,17,0,7,42,1,50,0,15,48,4,67,0,0,0,67
02/19/2015,CIC,CA,AWP,WE,Federal Contract Tower,0,7,8,0,15,0,10,32,0,42,0,17,40,0,57,0,0,0,57
02/20/2015,CIC,CA,AWP,WE,Federal Contract Tower,0,5,2,1,8,0,18,60,5,83,0,23,62,6,91,6,24,30,121
02/21/2015,CIC,CA,AWP,WE,Federal Contract Tower,0,10,0,0,10,0,15,43,0,58,0,25,43,0,68,2,0,2,70
02/22/2015,CIC,CA,AWP,WE,Federal Contract Tower,0,0,2,0,2,0,4,41,0,45,0,4,43,0,47,0,0,0,47
02/23/2015,CIC,CA,AWP,WE,Federal Contract Tower,0,3,3,1,7,0,22,65,1,88,0,25,68,2,95,10,16,26,121
02/24/2015,CIC,CA,AWP,WE,Federal Contract Tower,0,2,3,4,9,0,16,77,5,98,0,18,80,9,107,10,36,46,153
02/25/2015,CIC,CA,AWP,WE,Federal Contract Tower,0,3,2,1,6,0,24,75,5,104,0,27,77,6,110,2,18,20,130
02/26/2015,CIC,CA,AWP,WE,Federal Contract Tower,0,2,4,3,9,0,11,56,15,82,0,13,60,18,91,6,20,26,117
02/27/2015,CIC,CA,AWP,WE,Federal Contract Tower,0,6,1,0,7,0,11,68,0,79,0,17,69,0,86,14,0,14,100
02/28/2015,CIC,CA,AWP,WE,Federal Contract Tower,0,0,3,0,3,0,6,43,0,49,0,6,46,0,52,0,0,0,52
03/01/2015,CIC,CA,AWP,WE,Federal Contract Tower,0,0,2,0,2,0,12,46,0,58,0,12,48,0,60,2,0,2,62
03/02/2015,CIC,CA,AWP,WE,Federal Contract Tower,0,5,1,6,12,0,9,41,1,51,0,14,42,7,63,10,22,32,95
03/03/2015,CIC,CA,AWP,WE,Federal Contract Tower,0,5,2,0,7,0,10,68,0,78,0,15,70,0,85,24,0,24,109
03/04/2015,CIC,CA,AWP,WE,Federal Contract Tower,0,3,3,6,12,0,25,82,2,109,0,28,85,8,121,10,22,32,153
03/05/2015,CIC,CA,AWP,WE,Federal Contract Tower,0,2,0,2,4,0,14,71,8,93,0,16,71,10,97,12,22,34,131
03/06/2015,CIC,CA,AWP,WE,Federal Contract Tower,0,3,0,1,4,0,5,88,1,94,0,8,88,2,98,6,12,18,116
03/07/2015,CIC,CA,AWP,WE,Federal Contract Tower,0,1,0,0,1,0,10,67,0,77,0,11,67,0,78,22,0,22,100
03/08/2015,CIC,CA,AWP,WE,Federal Contract Tower,0,0,1,0,1,0,8,63,0,71,0,8,64,0,72,6,0,6,78
03/09/2015,CIC,CA,AWP,WE,Federal Contract Tower,0,3,3,0,6,0,16,52,0,68,0,19,55,0,74,2,0,2,76
03/10/2015,CIC,CA,AWP,WE,Federal Contract Tower,0,3,5,5,13,0,18,66,3,87,0,21,71,8,100,30,44,74,174
03/11/2015,CIC,CA,AWP,WE,Federal Contract Tower,0,9,4,0,13,0,17,31,0,48,0,26,35,0,61,30,0,30,91
03/12/2015,CIC,CA,AWP,WE,Federal Contract Tower,0,4,1,1,6,0,18,45,0,63,0,22,46,1,69,24,2,26,95
03/13/2015,CIC,CA,AWP,WE,Federal Contract Tower,0,1,1,0,2,0,13,64,0,77,0,14,65,0,79,22,0,22,101
03/14/2015,CIC,CA,AWP,WE,Federal Contract Tower,0,0,2,0,2,0,2,59,0,61,0,2,61,0,63,32,0,32,95
03/15/2015,CIC,CA,AWP,WE,Federal Contract Tower,0,0,4,0,4,0,3,32,0,35,0,3,36,0,39,8,0,8,47
03/16/2015,CIC,CA,AWP,WE,Federal Contract Tower,0,2,3,0,5,0,20,53,0,73,0,22,56,0,78,36,0,36,114
03/17/2015,CIC,CA,AWP,WE,Federal Contract Tower,0,3,2,0,5,0,38,68,2,108,0,41,70,2,113,16,22,38,151
03/18/2015,CIC,CA,AWP,WE,Federal Contract Tower,0,1,3,0,4,0,17,70,0,87,0,18,73,0,91,10,0,10,101
03/19/2015,CIC,CA,AWP,WE,Federal Contract Tower,0,2,2,0,4,0,14,53,0,67,0,16,55,0,71,10,0,10,81
03/20/2015,CIC,CA,AWP,WE,Federal Contract Tower,0,2,0,0,2,0,10,74,2,86,0,12,74,2,88,22,6,28,116
03/21/2015,CIC,CA,AWP,WE,Federal Contract Tower,0,0,2,0,2,0,6,76,0,82,0,6,78,0,84,54,0,54,138
03/22/2015,CIC,CA,AWP,WE,Federal Contract Tower,0,4,0,0,4,0,6,24,0,30,0,10,24,0,34,26,0,26,60
03/23/2015,CIC,CA,AWP,WE,Federal Contract Tower,0,4,5,0,9,0,12,58,2,72,0,16,63,2,81,14,10,24,105
03/24/2015,CIC,CA,AWP,WE,Federal Contract Tower,0,3,3,0,6,0,30,62,0,92,0,33,65,0,98,40,0,40,138
03/25/2015,CIC,CA,AWP,WE,Federal Contract Tower,0,2,2,4,8,0,29,68,2,99,0,31,70,6,107,12,12,24,131
03/26/2015,CIC,CA,AWP,WE,Federal Contract Tower,0,3,2,0,5,0,14,74,4,92,0,17,76,4,97,36,12,48,145
03/27/2015,CIC,CA,AWP,WE,Federal Contract Tower,0,2,5,0,7,0,9,80,0,89,0,11,85,0,96,18,0,18,114
03/28/2015,CIC,CA,AWP,WE,Federal Contract Tower,0,0,2,0,2,0,12,54,0,66,0,12,56,0,68,20,0,20,88
03/29/2015,CIC,CA,AWP,WE,Federal Contract Tower,0,0,2,0,2,0,8,67,0,75,0,8,69,0,77,0,0,0,77
03/30/2015,CIC,CA,AWP,WE,Federal Contract Tower,0,0,4,1,5,0,14,46,1,61,0,14,50,2,66,0,0,0,66
03/31/2015,CIC,CA,AWP,WE,Federal Contract Tower,0,2,4,0,6,0,20,53,0,73,0,22,57,0,79,50,0,50,129
04/01/2015,CIC,CA,AWP,WE,Federal Contract Tower,0,6,1,0,7,0,22,58,2,82,0,28,59,2,89,16,0,16,105
04/02/2015,CIC,CA,AWP,WE,Federal Contract Tower,0,2,0,0,2,0,19,61,0,80,0,21,61,0,82,10,0,10,92
04/03/2015,CIC,CA,AWP,WE,Federal Contract Tower,0,2,1,0,3,0,12,85,0,97,0,14,86,0,100,16,0,16,116
04/04/2015,CIC,CA,AWP,WE,Federal Contract Tower,0,0,3,0,3,0,6,70,0,76,0,6,73,0,79,36,0,36,115
04/05/2015,CIC,CA,AWP,WE,Federal Contract Tower,0,2,7,0,9,0,3,24,0,27,0,5,31,0,36,0,0,0,36
04/06/2015,CIC,CA,AWP,WE,Federal Contract Tower,0,4,5,0,9,0,8,46,0,54,0,12,51,0,63,0,0,0,63
04/07/2015,CIC,CA,AWP,WE,Federal Contract Tower,0,2,5,0,7,0,27,24,0,51,0,29,29,0,58,14,0,14,72
04/08/2015,CIC,CA,AWP,WE,Federal Contract Tower,0,8,4,1,13,0,15,51,3,69,0,23,55,4,82,30,24,54,136
04/09/2015,CIC,CA,AWP,WE,Federal Contract Tower,0,2,14,0,16,0,17,106,0,123,0,19,120,0,139,30,28,58,197
04/10/2015,CIC,CA,AWP,WE,Federal Contract Tower,0,2,3,0,5,0,36,64,0,100,0,38,67,0,105,8,0,8,113
04/11/2015,CIC,CA,AWP,WE,Federal Contract Tower,0,0,2,0,2,0,14,66,0,80,0,14,68,0,82,12,0,12,94
04/12/2015,CIC,CA,AWP,WE,Federal Contract Tower,0,0,4,0,4,0,0,0,0,0,0,0,4,0,4,16,0,16,20
04/13/2015,CIC,CA,AWP,WE,Federal Contract Tower,0,2,0,0,2,0,19,41,0,60,0,21,41,0,62,18,0,18,80
04/14/2015,CIC,CA,AWP,WE,Federal Contract Tower,0,2,0,0,2,0,21,63,0,84,0,23,63,0,86,22,0,22,108
04/15/2015,CIC,CA,AWP,WE,Federal Contract Tower,0,2,3,0,5,0,18,44,0,62,0,20,47,0,67,30,0,30,97
04/16/2015,CIC,CA,AWP,WE,Federal Contract Tower,0,3,5,0,8,0,11,77,0,88,0,14,82,0,96,30,0,30,126
04/17/2015,CIC,CA,AWP,WE,Federal Contract Tower,0,3,2,0,5,0,19,113,0,132,0,22,115,0,137,34,0,34,171
04/18/2015,CIC,CA,AWP,WE,Federal Contract Tower,0,0,1,0,1,0,12,68,0,80,0,12,69,0,81,32,0,32,113
04/19/2015,CIC,CA,AWP,WE,Federal Contract Tower,0,0,0,0,0,0,10,63,6,79,0,10,63,6,79,14,14,28,107
04/20/2015,CIC,CA,AWP,WE,Federal Contract Tower,0,3,2,0,5,0,22,49,0,71,0,25,51,0,76,4,0,4,80
04/21/2015,CIC,CA,AWP,WE,Federal Contract Tower,0,3,0,0,3,0,3,54,0,57,0,6,54,0,60,0,0,0,60
04/22/2015,CIC,CA,AWP,WE,Federal Contract Tower,0,3,2,0,5,0,31,44,0,75,0,34,46,0,80,26,0,26,106
04/23/2015,CIC,CA,AWP,WE,Federal Contract Tower,0,9,0,0,9,0,14,41,0,55,0,23,41,0,64,6,0,6,70
04/24/2015,CIC,CA,AWP,WE,Federal Contract Tower,0,2,4,0,6,0,19,49,0,68,0,21,53,0,74,20,0,20,94
04/25/2015,CIC,CA,AWP,WE,Federal Contract Tower,0,0,2,0,2,0,5,47,0,52,0,5,49,0,54,24,0,24,78
04/26/2015,CIC,CA,AWP,WE,Federal Contract Tower,0,0,3,0,3,0,19,44,0,63,0,19,47,0,66,8,0,8,74
04/27/2015,CIC,CA,AWP,WE,Federal Contract Tower,0,2,3,0,5,0,10,56,0,66,0,12,59,0,71,2,0,2,73
04/28/2015,CIC,CA,AWP,WE,Federal Contract Tower,0,2,1,0,3,0,15,78,0,93,0,17,79,0,96,10,0,10,106
04/29/2015,CIC,CA,AWP,WE,Federal Contract Tower,0,3,3,0,6,0,9,91,2,102,0,12,94,2,108,22,0,22,130
04/30/2015,CIC,CA,AWP,WE,Federal Contract Tower,0,2,3,0,5,0,9,43,0,52,0,11,46,0,57,20,0,20,77
05/01/2015,CIC,CA,AWP,WE,Federal Contract Tower,0,3,1,2,6,0,12,44,0,56,0,15,45,2,62,10,0,10,72
05/02/2015,CIC,CA,AWP,WE,Federal Contract Tower,0,0,1,0,1,0,19,53,0,72,0,19,54,0,73,8,0,8,81
05/03/2015,CIC,CA,AWP,WE,Federal Contract Tower,0,2,3,0,5,0,14,75,2,91,0,16,78,2,96,10,20,30,126
05/04/2015,CIC,CA,AWP,WE,Federal Contract Tower,0,2,3,1,6,0,10,52,0,62,0,12,55,1,68,16,0,16,84
05/05/2015,CIC,CA,AWP,WE,Federal Contract Tower,0,2,1,0,3,0,23,63,7,93,0,25,64,7,96,14,0,14,110
05/06/2015,CIC,CA,AWP,WE,Federal Contract Tower,0,2,8,0,10,0,18,57,8,83,0,20,65,8,93,8,6,14,107
05/07/2015,CIC,CA,AWP,WE,Federal Contract Tower,0,3,9,2,14,0,9,35,4,48,0,12,44,6,62,10,0,10,72
05/08/2015,CIC,CA,AWP,WE,Federal Contract Tower,0,2,1,0,3,0,16,66,0,82,0,18,67,0,85,24,0,24,109
05/09/2015,CIC,CA,AWP,WE,Federal Contract Tower,0,0,3,0,3,0,10,75,0,85,0,10,78,0,88,8,0,8,96
05/10/2015,CIC,CA,AWP,WE,Federal Contract Tower,0,0,2,0,2,0,8,76,1,85,0,8,78,1,87,30,0,30,117
05/11/2015,CIC,CA,AWP,WE,Federal Contract Tower,0,4,4,0,8,0,31,50,6,87,0,35,54,6,95,0,0,0,95
05/12/2015,CIC,CA,AWP,WE,Federal Contract Tower,0,4,2,0,6,0,29,73,6,108,0,33,75,6,114,12,0,12,126
05/13/2015,CIC,CA,AWP,WE,Federal Contract Tower,0,2,2,1,5,0,22,65,7,94,0,24,67,8,99,16,32,48,147
05/14/2015,CIC,CA,AWP,WE,Federal Contract Tower,0,2,4,2,8,0,17,53,1,71,0,19,57,3,79,6,8,14,93
05/15/2015,CIC,CA,AWP,WE,Federal Contract Tower,0,2,3,1,6,0,15,50,0,65,0,17,53,1,71,4,28,32,103
05/16/2015,CIC,CA,AWP,WE,Federal Contract Tower,0,0,3,0,3,0,15,55,0,70,0,15,58,0,73,10,0,10,83
05/17/2015,CIC,CA,AWP,WE,Federal Contract Tower,0,8,0,0,8,0,6,52,2,60,0,14,52,2,68,0,8,8,76
05/18/2015,CIC,CA,AWP,WE,Federal Contract Tower,0,2,3,0,5,0,8,42,0,50,0,10,45,0,55,24,0,24,79
05/19/2015,CIC,CA,AWP,WE,Federal Contract Tower,0,3,7,0,10,0,12,64,0,76,0,15,71,0,86,44,0,44,130
05/20/2015,CIC,CA,AWP,WE,Federal Contract Tower,0,2,3,4,9,0,14,60,6,80,0,16,63,10,89,10,30,40,129
05/21/2015,CIC,CA,AWP,WE,Federal Contract Tower,0,2,2,0,4,0,18,59,4,81,0,20,61,4,85,0,24,24,109
05/22/2015,CIC,CA,AWP,WE,Federal Contract Tower,0,2,7,0,9,0,21,54,0,75,0,23,61,0,84,24,0,24,108
05/23/2015,CIC,CA,AWP,WE,Federal Contract Tower,0,1,1,0,2,0,7,36,0,43,0,8,37,0,45,8,0,8,53
05/24/2015,CIC,CA,AWP,WE,Federal Contract Tower,0,0,2,0,2,0,12,47,0,59,0,12,49,0,61,4,0,4,65
05/25/2015,CIC,CA,AWP,WE,Federal Contract Tower,0,0,2,0,2,0,14,56,0,70,0,14,58,0,72,22,0,22,94
05/26/2015,CIC,CA,AWP,WE,Federal Contract Tower,0,2,2,4,8,0,32,61,2,95,0,34,63,6,103,0,14,14,117
05/27/2015,CIC,CA,AWP,WE,Federal Contract Tower,0,2,4,0,6,0,23,88,0,111,0,25,92,0,117,6,0,6,123
05/28/2015,CIC,CA,AWP,WE,Federal Contract Tower,0,2,3,2,7,0,13,66,0,79,0,15,69,2,86,20,6,26,112
05/29/2015,CIC,CA,AWP,WE,Federal Contract Tower,0,2,5,0,7,0,51,63,0,114,0,53,68,0,121,4,0,4,125
05/30/2015,CIC,CA,AWP,WE,Federal Contract Tower,0,2,0,0,2,0,18,53,0,71,0,20,53,0,73,6,0,6,79
05/31/2015,CIC,CA,AWP,WE,Federal Contract Tower,0,1,1,0,2,0,18,43,0,61,0,19,44,0,63,12,0,12,75
06/01/2015,CIC,CA,AWP,WE,Federal Contract Tower,0,2,2,0,4,0,4,33,0,37,0,6,35,0,41,10,0,10,51
06/02/2015,CIC,CA,AWP,WE,Federal Contract Tower,0,2,1,0,3,0,29,54,2,85,0,31,55,2,88,36,2,38,126
06/03/2015,CIC,CA,AWP,WE,Federal Contract Tower,2,2,0,0,4,0,11,61,2,74,2,13,61,2,78,32,0,32,110
06/04/2015,CIC,CA,AWP,WE,Federal Contract Tower,0,4,3,0,7,0,25,56,0,81,0,29,59,0,88,0,0,0,88
06/05/2015,CIC,CA,AWP,WE,Federal Contract Tower,0,1,2,0,3,0,28,45,0,73,0,29,47,0,76,6,0,6,82
06/06/2015,CIC,CA,AWP,WE,Federal Contract Tower,0,0,0,0,0,0,44,44,0,88,0,44,44,0,88,12,0,12,100
06/07/2015,CIC,CA,AWP,WE,Federal Contract Tower,0,0,1,0,1,0,28,40,0,68,0,28,41,0,69,10,0,10,79
06/08/2015,CIC,CA,AWP,WE,Federal Contract Tower,0,5,1,0,6,0,63,43,2,108,0,68,44,2,114,60,4,64,178
06/09/2015,CIC,CA,AWP,WE,Federal Contract Tower,0,2,4,0,6,0,52,56,0,108,0,54,60,0,114,10,0,10,124
06/10/2015,CIC,CA,AWP,WE,Federal Contract Tower,0,2,2,0,4,1,36,37,2,76,1,38,39,2,80,0,0,0,80
06/11/2015,CIC,CA,AWP,WE,Federal Contract Tower,0,2,3,0,5,0,17,46,0,63,0,19,49,0,68,20,0,20,88
06/12/2015,CIC,CA,AWP,WE,Federal Contract Tower,0,2,1,0,3,0,24,39,0,63,0,26,40,0,66,0,0,0,66
06/13/2015,CIC,CA,AWP,WE,Federal Contract Tower,0,1,1,0,2,0,24,45,0,69,0,25,46,0,71,8,0,8,79
06/14/2015,CIC,CA,AWP,WE,Federal Contract Tower,0,0,1,0,1,0,41,34,0,75,0,41,35,0,76,6,0,6,82
06/15/2015,CIC,CA,AWP,WE,Federal Contract Tower,0,2,0,0,2,0,10,52,2,64,0,12,52,2,66,0,4,4,70
06/16/2015,CIC,CA,AWP,WE,Federal Contract Tower,0,2,3,0,5,0,37,54,0,91,0,39,57,0,96,0,0,0,96
06/17/2015,CIC,CA,AWP,WE,Federal Contract Tower,0,1,0,0,1,0,24,79,4,107,0,25,79,4,108,16,2,18,126
06/18/2015,CIC,CA,AWP,WE,Federal Contract Tower,0,4,2,0,6,0,15,66,0,81,0,19,68,0,87,0,0,0,87
06/19/2015,CIC,CA,AWP,WE,Federal Contract Tower,0,3,2,1,6,0,36,47,1,84,0,39,49,2,90,26,6,32,122
06/20/2015,CIC,CA,AWP,WE,Federal Contract Tower,0,0,1,0,1,0,26,52,0,78,0,26,53,0,79,32,0,32,111
06/21/2015,CIC,CA,AWP,WE,Federal Contract Tower,0,0,2,0,2,0,30,44,0,74,0,30,46,0,76,6,0,6,82
06/22/2015,CIC,CA,AWP,WE,Federal Contract Tower,0,2,2,0,4,0,20,80,0,100,0,22,82,0,104,12,0,12,116
06/23/2015,CIC,CA,AWP,WE,Federal Contract Tower,0,2,5,0,7,0,28,58,0,86,0,30,63,0,93,30,0,30,123
06/24/2015,CIC,CA,AWP,WE,Federal Contract Tower,0,5,2,0,7,10,19,68,2,99,10,24,70,2,106,16,0,16,122
06/25/2015,CIC,CA,AWP,WE,Federal Contract Tower,0,2,3,0,5,0,28,54,0,82,0,30,57,0,87,0,0,0,87
06/26/2015,CIC,CA,AWP,WE,Federal Contract Tower,0,3,4,1,8,0,17,43,1,61,0,20,47,2,69,18,12,30,99
06/27/2015,CIC,CA,AWP,WE,Federal Contract Tower,0,0,4,0,4,0,10,56,0,66,0,10,60,0,70,10,0,10,80
06/28/2015,CIC,CA,AWP,WE,Federal Contract Tower,0,1,0,0,1,0,16,47,0,63,0,17,47,0,64,0,0,0,64
06/29/2015,CIC,CA,AWP,WE,Federal Contract Tower,0,2,1,0,3,0,27,61,0,88,0,29,62,0,91,12,0,12,103
06/30/2015,CIC,CA,AWP,WE,Federal Contract Tower,0,2,1,0,3,0,30,54,2,86,0,32,55,2,89,10,0,10,99
07/01/2015,CIC,CA,AWP,WE,Federal Contract Tower,0,2,1,0,3,0,40,75,0,115,0,42,76,0,118,0,0,0,118
07/02/2015,CIC,CA,AWP,WE,Federal Contract Tower,0,2,3,2,7,0,18,58,0,76,0,20,61,2,83,0,8,8,91
07/03/2015,CIC,CA,AWP,WE,Federal Contract Tower,0,2,0,0,2,0,24,41,0,65,0,26,41,0,67,0,0,0,67
07/04/2015,CIC,CA,AWP,WE,Federal Contract Tower,0,0,2,0,2,0,42,35,0,77,0,42,37,0,79,10,0,10,89
07/05/2015,CIC,CA,AWP,WE,Federal Contract Tower,0,0,1,0,1,0,0,40,0,40,0,0,41,0,41,10,0,10,51
07/06/2015,CIC,CA,AWP,WE,Federal Contract Tower,0,2,6,0,8,0,32,51,0,83,0,34,57,0,91,14,0,14,105
07/07/2015,CIC,CA,AWP,WE,Federal Contract Tower,0,2,3,0,5,0,44,104,2,150,0,46,107,2,155,0,6,6,161
07/08/2015,CIC,CA,AWP,WE,Federal Contract Tower,0,2,1,0,3,0,46,55,0,101,0,48,56,0,104,12,0,12,116
07/09/2015,CIC,CA,AWP,WE,Federal Contract Tower,0,3,4,0,7,0,6,57,2,65,0,9,61,2,72,6,8,14,86
07/10/2015,CIC,CA,AWP,WE,Federal Contract Tower,0,3,5,0,8,0,7,51,0,58,0,10,56,0,66,10,0,10,76
07/11/2015,CIC,CA,AWP,WE,Federal Contract Tower,0,0,1,0,1,0,22,54,0,76,0,22,55,0,77,2,0,2,79
07/12/2015,CIC,CA,AWP,WE,Federal Contract Tower,0,0,3,0,3,0,11,34,0,45,0,11,37,0,48,10,0,10,58
07/13/2015,CIC,CA,AWP,WE,Federal Contract Tower,0,2,1,2,5,0,12,36,0,48,0,14,37,2,53,2,2,4,57
07/14/2015,CIC,CA,AWP,WE,Federal Contract Tower,0,2,2,1,5,0,30,74,1,105,0,32,76,2,110,28,28,56,166
07/15/2015,CIC,CA,AWP,WE,Federal Contract Tower,0,2,3,0,5,0,26,51,0,77,0,28,54,0,82,4,0,4,86
07/16/2015,CIC,CA,AWP,WE,Federal Contract Tower,0,3,3,1,7,0,13,52,1,66,0,16,55,2,73,0,28,28,101
07/17/2015,CIC,CA,AWP,WE,Federal Contract Tower,0,3,1,0,4,0,16,50,0,66,0,19,51,0,70,12,0,12,82
07/18/2015,CIC,CA,AWP,WE,Federal Contract Tower,0,0,1,0,1,0,15,34,0,49,0,15,35,0,50,6,0,6,56
07/19/2015,CIC,CA,AWP,WE,Federal Contract Tower,0,0,0,0,0,0,26,52,0,78,0,26,52,0,78,6,0,6,84
07/20/2015,CIC,CA,AWP,WE,Federal Contract Tower,0,2,2,0,4,0,20,62,0,82,0,22,64,0,86,14,0,14,100
07/21/2015,CIC,CA,AWP,WE,Federal Contract Tower,0,2,2,0,4,0,7,35,0,42,0,9,37,0,46,30,0,30,76
07/22/2015,CIC,CA,AWP,WE,Federal Contract Tower,0,2,5,0,7,0,44,57,0,101,0,46,62,0,108,0,0,0,108
07/23/2015,CIC,CA,AWP,WE,Federal Contract Tower,0,5,3,0,8,0,14,41,0,55,0,19,44,0,63,4,0,4,67
07/24/2015,CIC,CA,AWP,WE,Federal Contract Tower,0,2,0,0,2,0,10,48,0,58,0,12,48,0,60,16,0,16,76
07/25/2015,CIC,CA,AWP,WE,Federal Contract Tower,0,0,0,0,0,0,28,52,0,80,0,28,52,0,80,20,0,20,100
07/26/2015,CIC,CA,AWP,WE,Federal Contract Tower,0,2,2,0,4,0,66,48,0,114,0,68,50,0,118,16,0,16,134
07/27/2015,CIC,CA,AWP,WE,Federal Contract Tower,0,2,2,0,4,0,22,76,0,98,0,24,78,0,102,28,0,28,130
07/28/2015,CIC,CA,AWP,WE,Federal Contract Tower,0,3,3,0,6,0,38,62,2,102,0,41,65,2,108,18,2,20,128
07/29/2015,CIC,CA,AWP,WE,Federal Contract Tower,0,2,0,0,2,9,13,67,2,91,9,15,67,2,93,22,0,22,115
07/30/2015,CIC,CA,AWP,WE,Federal Contract Tower,0,2,2,1,5,1,27,56,1,85,1,29,58,2,90,0,4,4,94
07/31/2015,CIC,CA,AWP,WE,Federal Contract Tower,0,2,4,0,6,0,43,54,0,97,0,45,58,0,103,16,0,16,119
08/01/2015,CIC,CA,AWP,WE,Federal Contract Tower,0,0,2,0,2,0,42,42,0,84,0,42,44,0,86,0,0,0,86
08/02/2015,CIC,CA,AWP,WE,Federal Contract Tower,0,3,0,4,7,0,86,51,0,137,0,89,51,4,144,4,4,8,152
08/03/2015,CIC,CA,AWP,WE,Federal Contract Tower,0,2,1,0,3,0,49,41,0,90,0,51,42,0,93,18,0,18,111
08/04/2015,CIC,CA,AWP,WE,Federal Contract Tower,0,2,0,0,2,2,86,58,0,146,2,88,58,0,148,30,0,30,178
08/05/2015,CIC,CA,AWP,WE,Federal Contract Tower,0,3,1,0,4,1,40,45,6,92,1,43,46,6,96,8,0,8,104
08/06/2015,CIC,CA,AWP,WE,Federal Contract Tower,0,4,3,0,7,3,46,70,0,119,3,50,73,0,126,28,0,28,154
08/07/2015,CIC,CA,AWP,WE,Federal Contract Tower,0,2,3,0,5,0,35,54,0,89,0,37,57,0,94,0,0,0,94
08/08/2015,CIC,CA,AWP,WE,Federal Contract Tower,0,0,0,0,0,0,40,81,0,121,0,40,81,0,121,0,0,0,121
08/09/2015,CIC,CA,AWP,WE,Federal Contract Tower,0,0,1,0,1,0,52,44,0,96,0,52,45,0,97,20,0,20,117
08/10/2015,CIC,CA,AWP,WE,Federal Contract Tower,0,4,2,1,7,0,72,41,8,121,0,76,43,9,128,0,12,12,140
08/11/2015,CIC,CA,AWP,WE,Federal Contract Tower,0,5,2,0,7,0,24,49,0,73,0,29,51,0,80,0,0,0,80
08/12/2015,CIC,CA,AWP,WE,Federal Contract Tower,0,3,7,0,10,0,40,58,3,101,0,43,65,3,111,0,0,0,111
08/13/2015,CIC,CA,AWP,WE,Federal Contract Tower,0,3,5,0,8,0,19,61,13,93,0,22,66,13,101,9,2,11,112
08/14/2015,CIC,CA,AWP,WE,Federal Contract Tower,0,2,1,0,3,0,31,51,0,82,0,33,52,0,85,18,0,18,103
08/15/2015,CIC,CA,AWP,WE,Federal Contract Tower,0,1,1,0,2,0,24,46,0,70,0,25,47,0,72,8,0,8,80
08/16/2015,CIC,CA,AWP,WE,Federal Contract Tower,0,0,3,0,3,0,72,58,0,130,0,72,61,0,133,4,0,4,137
08/17/2015,CIC,CA,AWP,WE,Federal Contract Tower,0,2,0,4,6,0,54,50,10,114,0,56,50,14,120,12,6,18,138
08/18/2015,CIC,CA,AWP,WE,Federal Contract Tower,0,1,2,0,3,0,56,62,72,190,0,57,64,72,193,4,2,6,199
08/19/2015,CIC,CA,AWP,WE,Federal Contract Tower,0,2,2,3,7,0,25,69,0,94,0,27,71,3,101,12,14,26,127
08/20/2015,CIC,CA,AWP,WE,Federal Contract Tower,0,2,3,0,5,0,11,73,0,84,0,13,76,0,89,26,0,26,115
08/21/2015,CIC,CA,AWP,WE,Federal Contract Tower,0,2,2,0,4,4,23,63,0,90,4,25,65,0,94,0,0,0,94
08/22/2015,CIC,CA,AWP,WE,Federal Contract Tower,0,0,3,0,3,0,27,42,0,69,0,27,45,0,72,26,0,26,98
08/23/2015,CIC,CA,AWP,WE,Federal Contract Tower,0,0,0,0,0,0,34,43,0,77,0,34,43,0,77,14,0,14,91
08/24/2015,CIC,CA,AWP,WE,Federal Contract Tower,0,2,1,2,5,0,16,36,6,58,0,18,37,8,63,18,12,30,93
08/25/2015,CIC,CA,AWP,WE,Federal Contract Tower,0,2,1,0,3,0,25,54,4,83,0,27,55,4,86,36,0,36,122
08/26/2015,CIC,CA,AWP,WE,Federal Contract Tower,0,2,4,3,9,0,15,85,3,103,0,17,89,6,112,24,12,36,148
08/27/2015,CIC,CA,AWP,WE,Federal Contract Tower,0,3,0,1,4,0,19,81,1,101,0,22,81,2,105,34,8,42,147
08/28/2015,CIC,CA,AWP,WE,Federal Contract Tower,0,2,0,1,3,0,18,60,1,79,0,20,60,2,82,0,10,10,92
08/29/2015,CIC,CA,AWP,WE,Federal Contract Tower,0,0,1,0,1,0,4,20,0,24,0,4,21,0,25,0,0,0,25
08/30/2015,CIC,CA,AWP,WE,Federal Contract Tower,0,0,1,0,1,0,6,48,0,54,0,6,49,0,55,10,0,10,65
08/31/2015,CIC,CA,AWP,WE,Federal Contract Tower,0,2,0,1,3,0,14,60,1,75,0,16,60,2,78,42,18,60,138
09/01/2015,CIC,CA,AWP,WE,Federal Contract Tower,0,2,2,0,4,0,12,50,0,62,0,14,52,0,66,10,0,10,76
09/02/2015,CIC,CA,AWP,WE,Federal Contract Tower,0,2,2,0,4,0,29,72,0,101,0,31,74,0,105,6,0,6,111
09/03/2015,CIC,CA,AWP,WE,Federal Contract Tower,0,2,3,0,5,0,17,59,0,76,0,19,62,0,81,32,0,32,113
09/04/2015,CIC,CA,AWP,WE,Federal Contract Tower,0,2,2,0,4,0,20,56,0,76,0,22,58,0,80,12,0,12,92
09/05/2015,CIC,CA,AWP,WE,Federal Contract Tower,0,0,0,0,0,0,23,60,0,83,0,23,60,0,83,10,0,10,93
09/06/2015,CIC,CA,AWP,WE,Federal Contract Tower,0,0,0,0,0,0,3,39,0,42,0,3,39,0,42,0,0,0,42
09/07/2015,CIC,CA,AWP,WE,Federal Contract Tower,0,2,3,0,5,0,42,76,0,118,0,44,79,0,123,28,2,30,153
09/08/2015,CIC,CA,AWP,WE,Federal Contract Tower,0,3,4,0,7,0,34,77,2,113,0,37,81,2,120,16,10,26,146
09/09/2015,CIC,CA,AWP,WE,Federal Contract Tower,0,2,2,0,4,0,31,87,0,118,0,33,89,0,122,12,0,12,134
09/10/2015,CIC,CA,AWP,WE,Federal Contract Tower,0,2,4,1,7,0,26,63,2,91,0,28,67,3,98,16,18,34,132
09/11/2015,CIC,CA,AWP,WE,Federal Contract Tower,0,2,6,0,8,0,98,76,0,174,0,100,82,0,182,6,0,6,188
09/12/2015,CIC,CA,AWP,WE,Federal Contract Tower,0,0,2,0,2,0,46,50,4,100,0,46,52,4,102,20,0,20,122
09/13/2015,CIC,CA,AWP,WE,Federal Contract Tower,0,1,1,4,6,0,33,37,2,72,0,34,38,6,78,8,4,12,90
09/14/2015,CIC,CA,AWP,WE,Federal Contract Tower,0,3,0,0,3,0,94,38,0,132,0,97,38,0,135,0,0,0,135
09/15/2015,CIC,CA,AWP,WE,Federal Contract Tower,0,4,2,2,8,0,62,56,0,118,0,66,58,2,126,34,0,34,160
09/16/2015,CIC,CA,AWP,WE,Federal Contract Tower,0,5,4,2,11,0,25,47,2,74,0,30,51,4,85,8,2,10,95
09/17/2015,CIC,CA,AWP,WE,Federal Contract Tower,0,3,1,0,4,0,14,62,2,78,0,17,63,2,82,34,4,38,120
09/18/2015,CIC,CA,AWP,WE,Federal Contract Tower,0,2,8,0,10,0,17,55,0,72,0,19,63,0,82,20,0,20,102
09/19/2015,CIC,CA,AWP,WE,Federal Contract Tower,0,1,1,0,2,0,22,41,0,63,0,23,42,0,65,8,0,8,73
09/20/2015,CIC,CA,AWP,WE,Federal Contract Tower,0,0,5,0,5,0,12,49,0,61,0,12,54,0,66,12,0,12,78
09/21/2015,CIC,CA,AWP,WE,Federal Contract Tower,0,2,0,0,2,0,13,40,0,53,0,15,40,0,55,2,0,2,57
09/22/2015,CIC,CA,AWP,WE,Federal Contract Tower,0,2,2,0,4,0,43,63,0,106,0,45,65,0,110,0,0,0,110
09/23/2015,CIC,CA,AWP,WE,Federal Contract Tower,0,2,4,0,6,0,24,68,0,92,0,26,72,0,98,14,0,14,112
09/24/2015,CIC,CA,AWP,WE,Federal Contract Tower,0,2,2,0,4,0,13,63,0,76,0,15,65,0,80,0,0,0,80
09/25/2015,CIC,CA,AWP,WE,Federal Contract Tower,0,2,3,0,5,0,23,85,0,108,0,25,88,0,113,8,0,8,121
09/26/2015,CIC,CA,AWP,WE,Federal Contract Tower,0,1,3,0,4,0,23,54,0,77,0,24,57,0,81,10,0,10,91
09/27/2015,CIC,CA,AWP,WE,Federal Contract Tower,0,2,0,0,2,0,16,50,0,66,0,18,50,0,68,18,0,18,86
09/28/2015,CIC,CA,AWP,WE,Federal Contract Tower,0,2,4,5,11,0,30,58,3,91,0,32,62,8,102,6,22,28,130
09/29/2015,CIC,CA,AWP,WE,Federal Contract Tower,0,2,1,0,3,0,26,68,0,94,0,28,69,0,97,8,0,8,105
09/30/2015,CIC,CA,AWP,WE,Federal Contract Tower,0,2,1,0,3,0,14,67,1,82,0,16,68,1,85,14,24,38,123
10/01/2015,CIC,CA,AWP,WE,Federal Contract Tower,0,2,1,0,3,1,14,46,0,61,1,16,47,0,64,30,0,30,94
10/02/2015,CIC,CA,AWP,WE,Federal Contract Tower,0,1,3,2,6,0,32,70,0,102,0,33,73,2,108,2,6,8,116
10/03/2015,CIC,CA,AWP,WE,Federal Contract Tower,0,0,0,0,0,0,28,45,2,75,0,28,45,2,75,0,0,0,75
10/04/2015,CIC,CA,AWP,WE,Federal Contract Tower,0,1,2,0,3,0,4,50,0,54,0,5,52,0,57,12,0,12,69
10/05/2015,CIC,CA,AWP,WE,Federal Contract Tower,0,5,2,0,7,0,37,56,0,93,0,42,58,0,100,36,0,36,136
10/06/2015,CIC,CA,AWP,WE,Federal Contract Tower,0,2,6,0,8,0,49,62,0,111,0,51,68,0,119,92,0,92,211
10/07/2015,CIC,CA,AWP,WE,Federal Contract Tower,0,2,1,0,3,0,35,75,0,110,0,37,76,0,113,28,0,28,141
10/08/2015,CIC,CA,AWP,WE,Federal Contract Tower,0,3,3,1,7,0,13,73,1,87,0,16,76,2,94,52,0,52,146
10/09/2015,CIC,CA,AWP,WE,Federal Contract Tower,0,3,7,2,12,0,11,62,0,73,0,14,69,2,85,14,6,20,105
10/10/2015,CIC,CA,AWP,WE,Federal Contract Tower,0,1,0,0,1,0,22,60,0,82,0,23,60,0,83,16,0,16,99
10/11/2015,CIC,CA,AWP,WE,Federal Contract Tower,0,1,3,0,4,0,14,60,0,74,0,15,63,0,78,6,0,6,84
10/12/2015,CIC,CA,AWP,WE,Federal Contract Tower,0,2,5,0,7,0,22,56,0,78,0,24,61,0,85,38,0,38,123
10/13/2015,CIC,CA,AWP,WE,Federal Contract Tower,0,2,2,0,4,0,34,93,0,127,0,36,95,0,131,20,0,20,151
10/14/2015,CIC,CA,AWP,WE,Federal Contract Tower,0,2,4,0,6,0,25,94,2,121,0,27,98,2,127,28,18,46,173
10/15/2015,CIC,CA,AWP,WE,Federal Contract Tower,0,2,2,1,5,0,14,71,1,86,0,16,73,2,91,24,24,48,139
10/16/2015,CIC,CA,AWP,WE,Federal Contract Tower,0,2,2,0,4,0,20,65,0,85,0,22,67,0,89,14,0,14,103
10/17/2015,CIC,CA,AWP,WE,Federal Contract Tower,0,0,0,0,0,0,16,169,0,185,0,16,169,0,185,0,0,0,185
10/18/2015,CIC,CA,AWP,WE,Federal Contract Tower,0,5,0,0,5,0,14,56,0,70,0,19,56,0,75,2,0,2,77
10/19/2015,CIC,CA,AWP,WE,Federal Contract Tower,0,3,1,0,4,0,27,67,2,96,0,30,68,2,100,14,0,14,114
10/20/2015,CIC,CA,AWP,WE,Federal Contract Tower,0,2,1,0,3,0,15,63,0,78,0,17,64,0,81,16,0,16,97
10/21/2015,CIC,CA,AWP,WE,Federal Contract Tower,0,3,3,0,6,0,21,80,6,107,0,24,83,6,113,8,10,18,131
10/22/2015,CIC,CA,AWP,WE,Federal Contract Tower,0,2,1,0,3,0,25,88,0,113,0,27,89,0,116,12,0,12,128
10/23/2015,CIC,CA,AWP,WE,Federal Contract Tower,0,2,6,2,10,0,11,71,0,82,0,13,77,2,92,16,0,16,108
10/24/2015,CIC,CA,AWP,WE,Federal Contract Tower,0,0,7,0,7,0,10,69,0,79,0,10,76,0,86,10,0,10,96
10/25/2015,CIC,CA,AWP,WE,Federal Contract Tower,0,0,1,0,1,0,12,45,0,57,0,12,46,0,58,8,0,8,66
10/26/2015,CIC,CA,AWP,WE,Federal Contract Tower,0,2,6,0,8,0,12,67,0,79,0,14,73,0,87,38,0,38,125
10/27/2015,CIC,CA,AWP,WE,Federal Contract Tower,0,2,8,1,11,0,6,66,3,75,0,8,74,4,86,12,6,18,104
10/28/2015,CIC,CA,AWP,WE,Federal Contract Tower,0,3,4,2,9,0,36,62,2,100,0,39,66,4,109,20,16,36,145
10/29/2015,CIC,CA,AWP,WE,Federal Contract Tower,0,3,0,0,3,0,28,51,2,81,0,31,51,2,84,40,0,40,124
10/30/2015,CIC,CA,AWP,WE,Federal Contract Tower,0,2,4,0,6,0,13,65,0,78,0,15,69,0,84,4,0,4,88
10/31/2015,CIC,CA,AWP,WE,Federal Contract Tower,0,0,0,0,0,0,5,80,0,85,0,5,80,0,85,10,0,10,95
11/01/2015,CIC,CA,AWP,WE,Federal Contract Tower,0,0,4,0,4,0,14,26,0,40,0,14,30,0,44,6,0,6,50
11/02/2015,CIC,CA,AWP,WE,Federal Contract Tower,0,4,4,0,8,0,15,16,0,31,0,19,20,0,39,4,0,4,43
11/03/2015,CIC,CA,AWP,WE,Federal Contract Tower,0,2,2,0,4,0,16,63,0,79,0,18,65,0,83,38,0,38,121
11/04/2015,CIC,CA,AWP,WE,Federal Contract Tower,0,4,7,0,11,0,19,63,0,82,0,23,70,0,93,24,0,24,117
11/05/2015,CIC,CA,AWP,WE,Federal Contract Tower,0,2,1,0,3,0,28,81,0,109,0,30,82,0,112,48,0,48,160
11/06/2015,CIC,CA,AWP,WE,Federal Contract Tower,0,1,1,0,2,0,26,50,0,76,0,27,51,0,78,12,0,12,90
11/07/2015,CIC,CA,AWP,WE,Federal Contract Tower,0,0,7,0,7,0,21,64,0,85,0,21,71,0,92,4,0,4,96
11/08/2015,CIC,CA,AWP,WE,Federal Contract Tower,0,1,2,0,3,0,3,3,0,6,0,4,5,0,9,0,0,0,9
11/09/2015,CIC,CA,AWP,WE,Federal Contract Tower,0,5,3,0,8,0,5,6,0,11,0,10,9,0,19,2,0,2,21
11/10/2015,CIC,CA,AWP,WE,Federal Contract Tower,0,2,3,1,6,0,73,53,2,128,0,75,56,3,134,16,24,40,174
11/11/2015,CIC,CA,AWP,WE,Federal Contract Tower,0,2,3,0,5,0,15,88,0,103,0,17,91,0,108,18,0,18,126
11/12/2015,CIC,CA,AWP,WE,Federal Contract Tower,0,3,4,0,7,0,15,79,0,94,0,18,83,0,101,4,0,4,105
11/13/2015,CIC,CA,AWP,WE,Federal Contract Tower,0,2,1,0,3,0,12,42,0,54,0,14,43,0,57,32,0,32,89
11/14/2015,CIC,CA,AWP,WE,Federal Contract Tower,0,0,2,0,2,0,31,58,0,89,0,31,60,0,91,10,0,10,101
11/15/2015,CIC,CA,AWP,WE,Federal Contract Tower,0,1,5,0,6,0,0,4,0,4,0,1,9,0,10,2,0,2,12
11/16/2015,CIC,CA,AWP,WE,Federal Contract Tower,0,4,3,0,7,0,26,53,0,79,0,30,56,0,86,18,0,18,104
11/17/2015,CIC,CA,AWP,WE,Federal Contract Tower,0,3,4,0,7,0,24,67,0,91,0,27,71,0,98,18,0,18,116
11/18/2015,CIC,CA,AWP,WE,Federal Contract Tower,0,2,4,0,6,0,21,73,0,94,0,23,77,0,100,12,2,14,114
11/19/2015,CIC,CA,AWP,WE,Federal Contract Tower,0,2,2,0,4,0,20,64,0,84,0,22,66,0,88,24,0,24,112
11/20/2015,CIC,CA,AWP,WE,Federal Contract Tower,0,2,2,0,4,0,12,60,0,72,0,14,62,0,76,0,0,0,76
11/21/2015,CIC,CA,AWP,WE,Federal Contract Tower,0,0,2,0,2,0,21,44,0,65,0,21,46,0,67,6,0,6,73
11/22/2015,CIC,CA,AWP,WE,Federal Contract Tower,0,0,2,0,2,0,20,52,0,72,0,20,54,0,74,8,0,8,82
11/23/2015,CIC,CA,AWP,WE,Federal Contract Tower,0,3,3,0,6,0,9,62,0,71,0,12,65,0,77,20,0,20,97
11/24/2015,CIC,CA,AWP,WE,Federal Contract Tower,0,5,4,0,9,0,7,13,0,20,0,12,17,0,29,0,0,0,29
11/25/2015,CIC,CA,AWP,WE,Federal Contract Tower,0,3,7,2,12,0,16,67,2,85,0,19,74,4,97,14,12,26,123
11/26/2015,CIC,CA,AWP,WE,Federal Contract Tower,0,0,0,0,0,0,8,11,0,19,0,8,11,0,19,0,0,0,19
11/27/2015,CIC,CA,AWP,WE,Federal Contract Tower,0,4,1,0,5,0,15,38,0,53,0,19,39,0,58,0,0,0,58
11/28/2015,CIC,CA,AWP,WE,Federal Contract Tower,0,0,4,0,4,0,18,51,0,69,0,18,55,0,73,22,0,22,95
11/29/2015,CIC,CA,AWP,WE,Federal Contract Tower,0,2,2,0,4,0,6,42,0,48,0,8,44,0,52,24,0,24,76
11/30/2015,CIC,CA,AWP,WE,Federal Contract Tower,0,4,3,1,8,0,18,38,1,57,0,22,41,2,65,8,28,36,101
12/01/2015,CIC,CA,AWP,WE,Federal Contract Tower,0,3,4,1,8,0,26,57,5,88,0,29,61,6,96,8,16,24,120
12/02/2015,CIC,CA,AWP,WE,Federal Contract Tower,0,8,3,0,11,0,17,51,0,68,0,25,54,0,79,20,0,20,99
12/03/2015,CIC,CA,AWP,WE,Federal Contract Tower,0,7,1,1,9,0,5,4,2,11,0,12,5,3,20,0,24,24,44
12/04/2015,CIC,CA,AWP,WE,Federal Contract Tower,0,3,5,0,8,0,14,75,0,89,0,17,80,0,97,16,0,16,113
12/05/2015,CIC,CA,AWP,WE,Federal Contract Tower,0,0,1,0,1,0,19,52,0,71,0,19,53,0,72,14,0,14,86
12/06/2015,CIC,CA,AWP,WE,Federal Contract Tower,0,2,2,0,4,0,0,0,0,0,0,2,2,0,4,0,0,0,4
12/07/2015,CIC,CA,AWP,WE,Federal Contract Tower,0,4,7,0,11,0,0,7,0,7,0,4,14,0,18,4,0,4,22
12/08/2015,CIC,CA,AWP,WE,Federal Contract Tower,0,8,4,2,14,0,9,2,0,11,0,17,6,2,25,0,2,2,27
12/09/2015,CIC,CA,AWP,WE,Federal Contract Tower,0,4,13,0,17,0,6,9,0,15,0,10,22,0,32,0,0,0,32
12/10/2015,CIC,CA,AWP,WE,Federal Contract Tower,0,2,3,0,5,0,16,25,2,43,0,18,28,2,48,6,12,18,66
12/11/2015,CIC,CA,AWP,WE,Federal Contract Tower,0,3,6,8,17,0,11,49,0,60,0,14,55,8,77,6,0,6,83
12/12/2015,CIC,CA,AWP,WE,Federal Contract Tower,0,0,3,0,3,0,18,48,0,66,0,18,51,0,69,8,0,8,77
12/13/2015,CIC,CA,AWP,WE,Federal Contract Tower,0,1,3,0,4,0,0,1,0,1,0,1,4,0,5,0,0,0,5
12/14/2015,CIC,CA,AWP,WE,Federal Contract Tower,0,2,5,0,7,0,3,38,0,41,0,5,43,0,48,0,0,0,48
12/15/2015,CIC,CA,AWP,WE,Federal Contract Tower,0,4,3,0,7,0,22,82,0,104,0,26,85,0,111,34,0,34,145
12/16/2015,CIC,CA,AWP,WE,Federal Contract Tower,0,4,6,0,10,0,16,101,0,117,0,20,107,0,127,18,0,18,145
12/17/2015,CIC,CA,AWP,WE,Federal Contract Tower,0,8,10,0,18,0,23,88,0,111,0,31,98,0,129,6,0,6,135
12/18/2015,CIC,CA,AWP,WE,Federal Contract Tower,0,6,0,0,6,0,4,4,0,8,0,10,4,0,14,0,0,0,14
12/19/2015,CIC,CA,AWP,WE,Federal Contract Tower,0,1,2,0,3,0,2,11,0,13,0,3,13,0,16,8,0,8,24
12/20/2015,CIC,CA,AWP,WE,Federal Contract Tower,0,1,6,0,7,0,0,0,0,0,0,1,6,0,7,2,0,2,9
12/21/2015,CIC,CA,AWP,WE,Federal Contract Tower,0,8,0,0,8,0,0,0,0,0,0,8,0,0,8,0,0,0,8
12/22/2015,CIC,CA,AWP,WE,Federal Contract Tower,0,5,4,1,10,0,6,13,1,20,0,11,17,2,30,0,0,0,30
12/23/2015,CIC,CA,AWP,WE,Federal Contract Tower,0,2,2,0,4,0,18,91,1,110,0,20,93,1,114,12,0,12,126
12/24/2015,CIC,CA,AWP,WE,Federal Contract Tower,0,6,0,0,6,0,18,12,0,30,0,24,12,0,36,0,0,0,36
12/25/2015,CIC,CA,AWP,WE,Federal Contract Tower,0,17,24,0,41,0,0,0,0,0,0,17,24,0,41,8,0,8,49
12/26/2015,CIC,CA,AWP,WE,Federal Contract Tower,0,0,0,0,0,0,2,60,0,62,0,2,60,0,62,22,0,22,84
12/27/2015,CIC,CA,AWP,WE,Federal Contract Tower,0,0,1,0,1,0,18,40,0,58,0,18,41,0,59,24,0,24,83
12/28/2015,CIC,CA,AWP,WE,Federal Contract Tower,0,4,7,0,11,0,24,72,2,98,0,28,79,2,109,14,12,26,135
12/29/2015,CIC,CA,AWP,WE,Federal Contract Tower,0,4,3,0,7,0,17,85,0,102,0,21,88,0,109,74,0,74,183
12/30/2015,CIC,CA,AWP,WE,Federal Contract Tower,0,4,6,0,10,0,12,60,0,72,0,16,66,0,82,0,0,0,82
12/31/2015,CIC,CA,AWP,WE,Federal Contract Tower,0,2,2,0,4,0,6,76,0,82,0,8,78,0,86,30,0,30,116
01/01/2016,CIC,CA,AWP,WE,Federal Contract Tower,0,0,1,0,1,0,14,40,0,54,0,14,41,0,55,26,0,26,81
01/02/2016,CIC,CA,AWP,WE,Federal Contract Tower,0,0,5,0,5,0,2,53,0,55,0,2,58,0,60,4,0,4,64
01/03/2016,CIC,CA,AWP,WE,Federal Contract Tower,0,1,0,0,1,0,4,99,0,103,0,5,99,0,104,8,0,8,112
01/04/2016,CIC,CA,AWP,WE,Federal Contract Tower,0,4,3,7,14,0,4,21,6,31,0,8,24,13,45,10,0,10,55
01/05/2016,CIC,CA,AWP,WE,Federal Contract Tower,0,7,8,0,15,0,7,13,0,20,0,14,21,0,35,0,0,0,35
01/06/2016,CIC,CA,AWP,WE,Federal Contract Tower,0,8,7,2,17,0,8,7,2,17,0,16,14,4,34,0,0,0,34
01/07/2016,CIC,CA,AWP,WE,Federal Contract Tower,0,10,4,1,15,0,11,52,2,65,0,21,56,3,80,4,12,16,96
01/08/2016,CIC,CA,AWP,WE,Federal Contract Tower,0,3,9,3,15,0,11,62,3,76,0,14,71,6,91,36,68,104,195
01/09/2016,CIC,CA,AWP,WE,Federal Contract Tower,0,1,6,0,7,0,2,31,0,33,0,3,37,0,40,0,0,0,40
01/10/2016,CIC,CA,AWP,WE,Federal Contract Tower,0,2,2,0,4,0,9,71,3,83,0,11,73,3,87,12,0,12,99
01/11/2016,CIC,CA,AWP,WE,Federal Contract Tower,0,2,4,4,10,0,3,58,5,66,0,5,62,9,76,16,4,20,96
01/12/2016,CIC,CA,AWP,WE,Federal Contract Tower,0,6,1,0,7,0,8,76,1,85,0,14,77,1,92,86,0,86,178
01/13/2016,CIC,CA,AWP,WE,Federal Contract Tower,0,6,0,0,6,0,0,2,0,2,0,6,2,0,8,0,0,0,8
01/14/2016,CIC,CA,AWP,WE,Federal Contract Tower,0,5,9,0,14,0,2,18,0,20,0,7,27,0,34,10,0,10,44
01/15/2016,CIC,CA,AWP,WE,Federal Contract Tower,0,11,3,0,14,0,4,24,0,28,0,15,27,0,42,12,0,12,54
01/16/2016,CIC,CA,AWP,WE,Federal Contract Tower,0,0,11,0,11,0,0,2,0,2,0,0,13,0,13,4,0,4,17
01/17/2016,CIC,CA,AWP,WE,Federal Contract Tower,0,2,3,0,5,0,0,2,0,2,0,2,5,0,7,0,0,0,7
01/18/2016,CIC,CA,AWP,WE,Federal Contract Tower,0,10,8,0,18,0,2,40,0,42,0,12,48,0,60,16,0,16,76
01/19/2016,CIC,CA,AWP,WE,Federal Contract Tower,0,6,4,0,10,0,0,3,0,3,0,6,7,0,13,2,0,2,15
01/20/2016,CIC,CA,AWP,WE,Federal Contract Tower,0,6,16,0,22,0,3,59,0,62,0,9,75,0,84,28,0,28,112
01/21/2016,CIC,CA,AWP,WE,Federal Contract Tower,0,7,7,0,14,0,4,47,0,51,0,11,54,0,65,30,0,30,95
01/22/2016,CIC,CA,AWP,WE,Federal Contract Tower,0,6,1,2,9,0,2,2,0,4,0,8,3,2,13,0,0,0,13
01/23/2016,CIC,CA,AWP,WE,Federal Contract Tower,0,2,8,0,10,0,5,3,0,8,0,7,11,0,18,0,0,0,18
01/24/2016,CIC,CA,AWP,WE,Federal Contract Tower,0,2,7,0,9,0,5,23,0,28,0,7,30,0,37,18,0,18,55
01/25/2016,CIC,CA,AWP,WE,Federal Contract Tower,0,2,4,0,6,0,2,82,0,84,0,4,86,0,90,40,0,40,130
01/26/2016,CIC,CA,AWP,WE,Federal Contract Tower,0,3,7,10,20,0,21,90,0,111,0,24,97,10,131,44,26,70,201
01/27/2016,CIC,CA,AWP,WE,Federal Contract Tower,0,2,1,0,3,0,10,137,0,147,0,12,138,0,150,34,0,34,184
01/28/2016,CIC,CA,AWP,WE,Federal Contract Tower,0,4,4,11,19,0,7,45,0,52,0,11,49,11,71,12,0,12,83
01/29/2016,CIC,CA,AWP,WE,Federal Contract Tower,0,6,8,0,14,0,0,0,0,0,0,6,8,0,14,0,0,0,14
01/30/2016,CIC,CA,AWP,WE,Federal Contract Tower,0,2,3,0,5,0,9,66,0,75,0,11,69,0,80,22,0,22,102
01/31/2016,CIC,CA,AWP,WE,Federal Contract Tower,0,2,6,0,8,0,1,47,0,48,0,3,53,0,56,26,0,26,82
02/01/2016,CIC,CA,AWP,WE,Federal Contract Tower,0,2,6,0,8,0,15,59,12,86,0,17,65,12,94,32,4,36,130
02/02/2016,CIC,CA,AWP,WE,Federal Contract Tower,0,3,8,0,11,0,15,47,2,64,0,18,55,2,75,26,0,26,101
02/03/2016,CIC,CA,AWP,WE,Federal Contract Tower,0,0,1,4,5,0,25,64,0,89,0,25,65,4,94,26,0,26,120
02/04/2016,CIC,CA,AWP,WE,Federal Contract Tower,0,3,5,4,12,0,11,62,0,73,0,14,67,4,85,14,4,18,103
02/05/2016,CIC,CA,AWP,WE,Federal Contract Tower,0,5,6,0,11,0,38,115,9,162,0,43,121,9,173,16,0,16,189
02/06/2016,CIC,CA,AWP,WE,Federal Contract Tower,0,0,9,0,9,0,4,90,14,108,0,4,99,14,117,42,2,44,161
02/07/2016,CIC,CA,AWP,WE,Federal Contract Tower,0,0,3,0,3,0,14,64,3,81,0,14,67,3,84,24,0,24,108
02/08/2016,CIC,CA,AWP,WE,Federal Contract Tower,0,2,1,2,5,0,7,100,6,113,0,9,101,8,118,32,16,48,166
02/09/2016,CIC,CA,AWP,WE,Federal Contract Tower,0,2,7,6,15,0,12,107,7,126,0,14,114,13,141,38,28,66,207
02/10/2016,CIC,CA,AWP,WE,Federal Contract Tower,0,2,8,2,12,0,18,94,5,117,0,20,102,7,129,10,0,10,139
02/11/2016,CIC,CA,AWP,WE,Federal Contract Tower,0,2,2,0,4,0,21,93,0,114,0,23,95,0,118,24,0,24,142
02/12/2016,CIC,CA,AWP,WE,Federal Contract Tower,0,2,2,2,6,0,7,91,0,98,0,9,93,2,104,38,0,38,142
02/13/2016,CIC,CA,AWP,WE,Federal Contract Tower,0,0,4,0,4,0,16,103,0,119,0,16,107,0,123,22,0,22,145
02/14/2016,CIC,CA,AWP,WE,Federal Contract Tower,0,0,3,0,3,0,4,50,0,54,0,4,53,0,57,8,0,8,65
02/15/2016,CIC,CA,AWP,WE,Federal Contract Tower,0,2,5,0,7,0,6,86,0,92,0,8,91,0,99,16,0,16,115
02/16/2016,CIC,CA,AWP,WE,Federal Contract Tower,0,2,9,0,11,0,13,116,0,129,0,15,125,0,140,62,0,62,202
02/17/2016,CIC,CA,AWP,WE,Federal Contract Tower,0,4,6,0,10,0,15,31,0,46,0,19,37,0,56,16,0,16,72
02/18/2016,CIC,CA,AWP,WE,Federal Contract Tower,0,3,1,6,10,0,4,26,0,30,0,7,27,6,40,10,6,16,56
02/19/2016,CIC,CA,AWP,WE,Federal Contract Tower,0,4,2,2,8,0,1,23,2,26,0,5,25,4,34,14,6,20,54
02/20/2016,CIC,CA,AWP,WE,Federal Contract Tower,0,0,0,4,4,0,2,58,5,65,0,2,58,9,69,42,20,62,131
02/21/2016,CIC,CA,AWP,WE,Federal Contract Tower,0,0,2,0,2,0,18,0,80,98,0,18,2,80,100,14,0,14,114
02/22/2016,CIC,CA,AWP,WE,Federal Contract Tower,0,4,3,4,11,0,12,71,0,83,0,16,74,4,94,28,4,32,126
02/23/2016,CIC,CA,AWP,WE,Federal Contract Tower,0,2,1,0,3,0,34,70,0,104,0,36,71,0,107,10,0,10,117
02/24/2016,CIC,CA,AWP,WE,Federal Contract Tower,0,2,7,0,9,0,10,102,0,112,0,12,109,0,121,84,0,84,205
02/25/2016,CIC,CA,AWP,WE,Federal Contract Tower,0,6,3,0,9,0,16,75,0,91,0,22,78,0,100,46,0,46,146
02/26/2016,CIC,CA,AWP,WE,Federal Contract Tower,0,4,1,0,5,0,6,69,0,75,0,10,70,0,80,32,0,32,112
02/27/2016,CIC,CA,AWP,WE,Federal Contract Tower,0,1,2,0,3,0,12,73,0,85,0,13,75,0,88,12,0,12,100
02/28/2016,CIC,CA,AWP,WE,Federal Contract Tower,0,2,0,0,2,0,30,55,14,99,0,32,55,14,101,10,0,10,111
02/29/2016,CIC,CA,AWP,WE,Federal Contract Tower,0,2,0,4,6,0,8,59,20,87,0,10,59,24,93,8,4,12,105
03/01/2016,CIC,CA,AWP,WE,Federal Contract Tower,0,2,4,0,6,0,15,40,0,55,0,17,44,0,61,16,0,16,77
03/02/2016,CIC,CA,AWP,WE,Federal Contract Tower,0,4,3,0,7,0,8,92,2,102,0,12,95,2,109,0,0,0,109
03/03/2016,CIC,CA,AWP,WE,Federal Contract Tower,0,6,6,2,14,0,2,7,0,9,0,8,13,2,23,0,0,0,23
03/04/2016,CIC,CA,AWP,WE,Federal Contract Tower,0,9,8,0,17,0,11,8,0,19,0,20,16,0,36,22,0,22,58
03/05/2016,CIC,CA,AWP,WE,Federal Contract Tower,0,0,0,0,0,0,0,1,0,1,0,0,1,0,1,0,0,0,1
03/06/2016,CIC,CA,AWP,WE,Federal Contract Tower,0,0,0,0,0,0,0,27,0,27,0,0,27,0,27,4,0,4,31
03/07/2016,CIC,CA,AWP,WE,Federal Contract Tower,0,2,4,1,7,0,20,39,5,64,0,22,43,6,71,24,10,34,105
03/08/2016,CIC,CA,AWP,WE,Federal Contract Tower,0,4,5,0,9,0,48,77,0,125,0,52,82,0,134,42,0,42,176
03/09/2016,CIC,CA,AWP,WE,Federal Contract Tower,0,9,10,3,22,0,14,41,1,56,0,23,51,4,78,118,8,126,204
03/10/2016,CIC,CA,AWP,WE,Federal Contract Tower,0,4,9,0,13,0,0,2,0,2,0,4,11,0,15,0,0,0,15
03/11/2016,CIC,CA,AWP,WE,Federal Contract Tower,0,2,6,2,10,0,9,42,1,52,0,11,48,3,62,0,0,0,62
03/12/2016,CIC,CA,AWP,WE,Federal Contract Tower,0,0,1,0,1,0,3,2,0,5,0,3,3,0,6,0,0,0,6
03/13/2016,CIC,CA,AWP,WE,Federal Contract Tower,0,0,0,0,0,0,0,0,0,0,0,0,0,0,0,0,0,0,0
03/14/2016,CIC,CA,AWP,WE,Federal Contract Tower,0,1,2,5,8,0,15,46,2,63,0,16,48,7,71,10,24,34,105
03/15/2016,CIC,CA,AWP,WE,Federal Contract Tower,0,3,1,1,5,0,42,105,1,148,0,45,106,2,153,12,6,18,171
03/16/2016,CIC,CA,AWP,WE,Federal Contract Tower,0,1,2,0,3,0,17,88,0,105,0,18,90,0,108,16,0,16,124
03/17/2016,CIC,CA,AWP,WE,Federal Contract Tower,0,1,2,0,3,0,18,75,2,95,0,19,77,2,98,92,20,112,210
03/18/2016,CIC,CA,AWP,WE,Federal Contract Tower,0,2,3,1,6,0,15,89,1,105,0,17,92,2,111,88,24,112,223
03/19/2016,CIC,CA,AWP,WE,Federal Contract Tower,0,0,4,0,4,0,8,63,0,71,0,8,67,0,75,12,0,12,87
03/20/2016,CIC,CA,AWP,WE,Federal Contract Tower,0,0,3,0,3,0,4,9,0,13,0,4,12,0,16,0,0,0,16
03/21/2016,CIC,CA,AWP,WE,Federal Contract Tower,0,3,4,0,7,0,5,17,0,22,0,8,21,0,29,16,0,16,45
03/22/2016,CIC,CA,AWP,WE,Federal Contract Tower,0,2,0,4,6,0,19,61,0,80,0,21,61,4,86,12,0,12,98
03/23/2016,CIC,CA,AWP,WE,Federal Contract Tower,0,2,0,0,2,0,21,77,0,98,0,23,77,0,100,12,0,12,112
03/24/2016,CIC,CA,AWP,WE,Federal Contract Tower,0,2,2,0,4,0,11,74,0,85,0,13,76,0,89,12,0,12,101
03/25/2016,CIC,CA,AWP,WE,Federal Contract Tower,0,3,5,0,8,0,16,104,2,122,0,19,109,2,130,16,0,16,146
03/26/2016,CIC,CA,AWP,WE,Federal Contract Tower,0,0,4,0,4,0,4,82,0,86,0,4,86,0,90,2,0,2,92
03/27/2016,CIC,CA,AWP,WE,Federal Contract Tower,0,0,2,0,2,0,8,34,0,42,0,8,36,0,44,8,0,8,52
03/28/2016,CIC,CA,AWP,WE,Federal Contract Tower,0,3,2,0,5,0,18,52,0,70,0,21,54,0,75,10,0,10,85
03/29/2016,CIC,CA,AWP,WE,Federal Contract Tower,0,3,3,2,8,0,22,75,4,101,0,25,78,6,109,22,8,30,139
03/30/2016,CIC,CA,AWP,WE,Federal Contract Tower,0,2,7,0,9,0,18,81,0,99,0,20,88,0,108,6,0,6,114
03/31/2016,CIC,CA,AWP,WE,Federal Contract Tower,0,2,3,6,11,0,17,80,0,97,0,19,83,6,108,36,0,36,144
04/01/2016,CIC,CA,AWP,WE,Federal Contract Tower,0,1,3,0,4,0,13,97,0,110,0,14,100,0,114,66,0,66,180
04/02/2016,CIC,CA,AWP,WE,Federal Contract Tower,0,0,2,0,2,0,12,53,0,65,0,12,55,0,67,30,0,30,97
04/03/2016,CIC,CA,AWP,WE,Federal Contract Tower,0,0,3,0,3,0,6,74,0,80,0,6,77,0,83,8,0,8,91
04/04/2016,CIC,CA,AWP,WE,Federal Contract Tower,0,2,0,0,2,0,4,74,0,78,0,6,74,0,80,40,0,40,120
04/05/2016,CIC,CA,AWP,WE,Federal Contract Tower,0,3,2,0,5,0,14,74,0,88,0,17,76,0,93,2,0,2,95
04/06/2016,CIC,CA,AWP,WE,Federal Contract Tower,0,2,1,0,3,0,7,62,0,69,0,9,63,0,72,26,0,26,98
04/07/2016,CIC,CA,AWP,WE,Federal Contract Tower,0,2,6,0,8,0,6,72,0,78,0,8,78,0,86,16,0,16,102
04/08/2016,CIC,CA,AWP,WE,Federal Contract Tower,0,2,2,0,4,0,18,73,0,91,0,20,75,0,95,66,0,66,161
04/09/2016,CIC,CA,AWP,WE,Federal Contract Tower,0,2,6,0,8,0,2,13,0,15,0,4,19,0,23,18,0,18,41
04/10/2016,CIC,CA,AWP,WE,Federal Contract Tower,0,0,5,4,9,0,2,15,0,17,0,2,20,4,26,0,0,0,26
04/11/2016,CIC,CA,AWP,WE,Federal Contract Tower,0,9,8,4,21,0,6,68,4,78,0,15,76,8,99,22,0,22,121
04/12/2016,CIC,CA,AWP,WE,Federal Contract Tower,0,6,4,0,10,0,8,68,0,76,0,14,72,0,86,64,0,64,150
04/13/2016,CIC,CA,AWP,WE,Federal Contract Tower,0,3,6,8,17,0,20,86,0,106,0,23,92,8,123,10,0,10,133
04/14/2016,CIC,CA,AWP,WE,Federal Contract Tower,0,3,4,0,7,0,6,36,0,42,0,9,40,0,49,44,0,44,93
04/15/2016,CIC,CA,AWP,WE,Federal Contract Tower,0,2,4,0,6,0,16,85,0,101,0,18,89,0,107,10,0,10,117
04/16/2016,CIC,CA,AWP,WE,Federal Contract Tower,0,0,0,0,0,0,13,68,0,81,0,13,68,0,81,20,0,20,101
04/17/2016,CIC,CA,AWP,WE,Federal Contract Tower,0,0,0,0,0,0,3,68,0,71,0,3,68,0,71,0,0,0,71
04/18/2016,CIC,CA,AWP,WE,Federal Contract Tower,0,2,3,0,5,0,11,103,0,114,0,13,106,0,119,18,0,18,137
04/19/2016,CIC,CA,AWP,WE,Federal Contract Tower,0,2,4,0,6,0,8,75,0,83,0,10,79,0,89,50,0,50,139
04/20/2016,CIC,CA,AWP,WE,Federal Contract Tower,0,3,5,8,16,0,13,83,0,96,0,16,88,8,112,60,26,86,198
04/21/2016,CIC,CA,AWP,WE,Federal Contract Tower,0,2,7,1,10,0,10,48,2,60,0,12,55,3,70,36,6,42,112
04/22/2016,CIC,CA,AWP,WE,Federal Contract Tower,0,5,7,0,12,0,6,8,0,14,0,11,15,0,26,0,0,0,26
04/23/2016,CIC,CA,AWP,WE,Federal Contract Tower,0,4,2,0,6,0,11,60,0,71,0,15,62,0,77,2,0,2,79
04/24/2016,CIC,CA,AWP,WE,Federal Contract Tower,0,0,4,0,4,0,24,44,0,68,0,24,48,0,72,8,0,8,80
04/25/2016,CIC,CA,AWP,WE,Federal Contract Tower,0,2,2,0,4,0,14,30,0,44,0,16,32,0,48,32,0,32,80
04/26/2016,CIC,CA,AWP,WE,Federal Contract Tower,0,2,3,0,5,0,23,72,0,95,0,25,75,0,100,32,0,32,132
04/27/2016,CIC,CA,AWP,WE,Federal Contract Tower,0,8,4,0,12,0,13,42,0,55,0,21,46,0,67,36,0,36,103
04/28/2016,CIC,CA,AWP,WE,Federal Contract Tower,0,4,5,0,9,0,20,93,26,139,0,24,98,26,148,50,0,50,198
04/29/2016,CIC,CA,AWP,WE,Federal Contract Tower,0,1,6,0,7,0,9,57,27,93,0,10,63,27,100,2,0,2,102
04/30/2016,CIC,CA,AWP,WE,Federal Contract Tower,0,0,1,0,1,0,3,45,2,50,0,3,46,2,51,10,0,10,61
05/01/2016,CIC,CA,AWP,WE,Federal Contract Tower,0,1,6,0,7,0,14,66,0,80,0,15,72,0,87,20,0,20,107
05/02/2016,CIC,CA,AWP,WE,Federal Contract Tower,0,4,0,0,4,0,25,73,0,98,0,29,73,0,102,12,0,12,114
05/03/2016,CIC,CA,AWP,WE,Federal Contract Tower,0,2,5,1,8,0,24,63,2,89,0,26,68,3,97,12,18,30,127
05/04/2016,CIC,CA,AWP,WE,Federal Contract Tower,0,2,3,3,8,0,9,52,2,63,0,11,55,5,71,45,10,55,126
05/05/2016,CIC,CA,AWP,WE,Federal Contract Tower,0,4,3,0,7,0,13,42,0,55,0,17,45,0,62,14,0,14,76
05/06/2016,CIC,CA,AWP,WE,Federal Contract Tower,0,4,14,0,18,0,2,15,0,17,0,6,29,0,35,18,0,18,53
05/07/2016,CIC,CA,AWP,WE,Federal Contract Tower,0,0,4,2,6,0,2,8,0,10,0,2,12,2,16,0,0,0,16
05/08/2016,CIC,CA,AWP,WE,Federal Contract Tower,0,0,5,0,5,0,10,37,0,47,0,10,42,0,52,28,0,28,80
05/09/2016,CIC,CA,AWP,WE,Federal Contract Tower,0,4,6,3,13,0,6,62,2,70,0,10,68,5,83,26,10,36,119
05/10/2016,CIC,CA,AWP,WE,Federal Contract Tower,0,4,4,0,8,0,18,87,3,108,0,22,91,3,116,56,0,56,172
05/11/2016,CIC,CA,AWP,WE,Federal Contract Tower,0,6,11,0,17,0,25,107,0,132,0,31,118,0,149,38,0,38,187
05/12/2016,CIC,CA,AWP,WE,Federal Contract Tower,0,6,8,10,24,0,16,97,6,119,0,22,105,16,143,52,0,52,195
05/13/2016,CIC,CA,AWP,WE,Federal Contract Tower,0,2,3,0,5,0,10,84,0,94,0,12,87,0,99,36,0,36,135
05/14/2016,CIC,CA,AWP,WE,Federal Contract Tower,0,2,5,0,7,0,12,64,0,76,0,14,69,0,83,10,0,10,93
05/15/2016,CIC,CA,AWP,WE,Federal Contract Tower,0,0,0,0,0,0,18,69,0,87,0,18,69,0,87,4,0,4,91
05/16/2016,CIC,CA,AWP,WE,Federal Contract Tower,0,2,1,0,3,0,11,50,0,61,0,13,51,0,64,8,0,8,72
05/17/2016,CIC,CA,AWP,WE,Federal Contract Tower,0,6,6,0,12,0,10,65,2,77,0,16,71,2,89,50,0,50,139
05/18/2016,CIC,CA,AWP,WE,Federal Contract Tower,0,2,5,0,7,0,13,62,0,75,0,15,67,0,82,28,0,28,110
05/19/2016,CIC,CA,AWP,WE,Federal Contract Tower,0,1,6,2,9,0,8,74,0,82,0,9,80,2,91,46,0,46,137
05/20/2016,CIC,CA,AWP,WE,Federal Contract Tower,0,3,4,0,7,0,2,38,0,40,0,5,42,0,47,32,0,32,79
05/21/2016,CIC,CA,AWP,WE,Federal Contract Tower,0,0,6,0,6,0,13,29,0,42,0,13,35,0,48,6,0,6,54
05/22/2016,CIC,CA,AWP,WE,Federal Contract Tower,0,1,2,0,3,0,13,68,14,95,0,14,70,14,98,30,0,30,128
05/23/2016,CIC,CA,AWP,WE,Federal Contract Tower,0,6,4,2,12,0,25,79,10,114,0,31,83,12,126,44,4,48,174
05/24/2016,CIC,CA,AWP,WE,Federal Contract Tower,0,3,1,0,4,0,26,64,2,92,0,29,65,2,96,40,6,46,142
05/25/2016,CIC,CA,AWP,WE,Federal Contract Tower,0,2,1,0,3,0,15,76,0,91,0,17,77,0,94,32,0,32,126
05/26/2016,CIC,CA,AWP,WE,Federal Contract Tower,0,3,3,0,6,0,12,90,0,102,0,15,93,0,108,22,0,22,130
05/27/2016,CIC,CA,AWP,WE,Federal Contract Tower,0,3,6,0,9,0,22,88,0,110,0,25,94,0,119,0,0,0,119
05/28/2016,CIC,CA,AWP,WE,Federal Contract Tower,0,0,3,0,3,0,18,38,0,56,0,18,41,0,59,2,0,2,61
05/29/2016,CIC,CA,AWP,WE,Federal Contract Tower,0,2,4,0,6,0,41,41,0,82,0,43,45,0,88,4,0,4,92
05/30/2016,CIC,CA,AWP,WE,Federal Contract Tower,0,0,2,0,2,0,7,78,0,85,0,7,80,0,87,24,0,24,111
05/31/2016,CIC,CA,AWP,WE,Federal Contract Tower,0,1,5,0,6,0,32,54,0,86,0,33,59,0,92,6,0,6,98
06/01/2016,CIC,CA,AWP,WE,Federal Contract Tower,0,1,4,0,5,0,18,61,0,79,0,19,65,0,84,30,0,30,114
06/02/2016,CIC,CA,AWP,WE,Federal Contract Tower,0,1,6,0,7,0,25,75,0,100,0,26,81,0,107,26,0,26,133
06/03/2016,CIC,CA,AWP,WE,Federal Contract Tower,0,1,4,0,5,0,16,58,0,74,0,17,62,0,79,18,0,18,97
06/04/2016,CIC,CA,AWP,WE,Federal Contract Tower,0,0,2,0,2,0,8,34,0,42,0,8,36,0,44,8,0,8,52
06/05/2016,CIC,CA,AWP,WE,Federal Contract Tower,0,0,2,0,2,0,14,61,0,75,0,14,63,0,77,14,0,14,91
06/06/2016,CIC,CA,AWP,WE,Federal Contract Tower,0,2,2,0,4,0,23,44,0,67,0,25,46,0,71,8,0,8,79
06/07/2016,CIC,CA,AWP,WE,Federal Contract Tower,0,3,2,0,5,0,25,68,0,93,0,28,70,0,98,24,0,24,122
06/08/2016,CIC,CA,AWP,WE,Federal Contract Tower,0,0,3,0,3,0,32,60,6,98,0,32,63,6,101,12,10,22,123
06/09/2016,CIC,CA,AWP,WE,Federal Contract Tower,0,0,3,0,3,0,32,59,0,91,0,32,62,0,94,12,0,12,106
06/10/2016,CIC,CA,AWP,WE,Federal Contract Tower,0,1,4,0,5,0,21,74,0,95,0,22,78,0,100,12,0,12,112
06/11/2016,CIC,CA,AWP,WE,Federal Contract Tower,0,0,2,4,6,0,44,43,0,87,0,44,45,4,93,6,4,10,103
06/12/2016,CIC,CA,AWP,WE,Federal Contract Tower,0,0,2,0,2,0,31,97,0,128,0,31,99,0,130,54,0,54,184
06/13/2016,CIC,CA,AWP,WE,Federal Contract Tower,0,4,0,0,4,0,21,69,0,90,0,25,69,0,94,16,0,16,110
06/14/2016,CIC,CA,AWP,WE,Federal Contract Tower,0,2,5,0,7,0,13,76,2,91,0,15,81,2,98,16,2,18,116
06/15/2016,CIC,CA,AWP,WE,Federal Contract Tower,0,2,6,0,8,0,12,59,0,71,0,14,65,0,79,68,0,68,147
06/16/2016,CIC,CA,AWP,WE,Federal Contract Tower,0,4,4,0,8,0,22,64,0,86,0,26,68,0,94,0,0,0,94
06/17/2016,CIC,CA,AWP,WE,Federal Contract Tower,0,3,1,1,5,0,34,64,3,101,0,37,65,4,106,8,6,14,120
06/18/2016,CIC,CA,AWP,WE,Federal Contract Tower,0,2,5,0,7,0,22,59,0,81,0,24,64,0,88,16,0,16,104
06/19/2016,CIC,CA,AWP,WE,Federal Contract Tower,0,1,2,0,3,0,22,53,0,75,0,23,55,0,78,16,0,16,94
06/20/2016,CIC,CA,AWP,WE,Federal Contract Tower,0,2,4,0,6,0,60,60,0,120,0,62,64,0,126,22,0,22,148
06/21/2016,CIC,CA,AWP,WE,Federal Contract Tower,0,2,1,0,3,0,27,71,0,98,0,29,72,0,101,30,0,30,131
06/22/2016,CIC,CA,AWP,WE,Federal Contract Tower,0,2,2,0,4,0,31,61,0,92,0,33,63,0,96,14,0,14,110
06/23/2016,CIC,CA,AWP,WE,Federal Contract Tower,0,2,1,0,3,0,23,63,0,86,0,25,64,0,89,0,0,0,89
06/24/2016,CIC,CA,AWP,WE,Federal Contract Tower,0,4,5,2,11,0,19,68,0,87,0,23,73,2,98,12,0,12,110
06/25/2016,CIC,CA,AWP,WE,Federal Contract Tower,0,0,4,0,4,0,23,36,0,59,0,23,40,0,63,4,0,4,67
06/26/2016,CIC,CA,AWP,WE,Federal Contract Tower,0,2,3,0,5,0,33,60,0,93,0,35,63,0,98,14,0,14,112
06/27/2016,CIC,CA,AWP,WE,Federal Contract Tower,0,5,1,1,7,0,20,77,1,98,0,25,78,2,105,26,36,62,167
06/28/2016,CIC,CA,AWP,WE,Federal Contract Tower,0,2,4,0,6,0,26,66,0,92,0,28,70,0,98,6,0,6,104
06/29/2016,CIC,CA,AWP,WE,Federal Contract Tower,0,2,2,0,4,0,11,66,0,77,0,13,68,0,81,0,0,0,81
06/30/2016,CIC,CA,AWP,WE,Federal Contract Tower,0,2,1,0,3,0,26,64,0,90,0,28,65,0,93,4,0,4,97
07/01/2016,CIC,CA,AWP,WE,Federal Contract Tower,0,2,3,1,6,0,46,76,1,123,0,48,79,2,129,10,26,36,165
07/02/2016,CIC,CA,AWP,WE,Federal Contract Tower,0,0,0,0,0,0,32,79,0,111,0,32,79,0,111,16,0,16,127
07/03/2016,CIC,CA,AWP,WE,Federal Contract Tower,0,0,4,0,4,0,24,52,0,76,0,24,56,0,80,36,0,36,116
07/04/2016,CIC,CA,AWP,WE,Federal Contract Tower,0,0,2,0,2,0,13,60,0,73,0,13,62,0,75,4,0,4,79
07/05/2016,CIC,CA,AWP,WE,Federal Contract Tower,0,2,0,0,2,0,17,60,5,82,0,19,60,5,84,4,0,4,88
07/06/2016,CIC,CA,AWP,WE,Federal Contract Tower,0,2,0,1,3,0,25,68,6,99,0,27,68,7,102,12,16,28,130
07/07/2016,CIC,CA,AWP,WE,Federal Contract Tower,0,2,1,0,3,0,20,84,3,107,0,22,85,3,110,38,0,38,148
07/08/2016,CIC,CA,AWP,WE,Federal Contract Tower,0,2,4,2,8,0,21,67,6,94,0,23,71,8,102,26,0,26,128
07/09/2016,CIC,CA,AWP,WE,Federal Contract Tower,0,0,1,0,1,0,10,48,0,58,0,10,49,0,59,12,0,12,71
07/10/2016,CIC,CA,AWP,WE,Federal Contract Tower,0,0,0,0,0,0,24,76,0,100,0,24,76,0,100,40,0,40,140
07/11/2016,CIC,CA,AWP,WE,Federal Contract Tower,0,2,4,0,6,0,12,55,0,67,0,14,59,0,73,40,0,40,113
07/12/2016,CIC,CA,AWP,WE,Federal Contract Tower,0,2,8,2,12,0,38,79,0,117,0,40,87,2,129,20,0,20,149
07/13/2016,CIC,CA,AWP,WE,Federal Contract Tower,0,1,6,3,10,0,6,58,3,67,0,7,64,6,77,0,4,4,81
07/14/2016,CIC,CA,AWP,WE,Federal Contract Tower,0,2,0,2,4,0,26,64,1,91,0,28,64,3,95,20,0,20,115
07/15/2016,CIC,CA,AWP,WE,Federal Contract Tower,0,6,2,0,8,0,21,62,0,83,0,27,64,0,91,14,0,14,105
07/16/2016,CIC,CA,AWP,WE,Federal Contract Tower,0,0,1,4,5,0,7,63,0,70,0,7,64,4,75,2,4,6,81
07/17/2016,CIC,CA,AWP,WE,Federal Contract Tower,0,4,0,0,4,0,4,56,0,60,0,8,56,0,64,10,0,10,74
07/18/2016,CIC,CA,AWP,WE,Federal Contract Tower,0,4,2,0,6,0,22,47,4,73,0,26,49,4,79,16,2,18,97
07/19/2016,CIC,CA,AWP,WE,Federal Contract Tower,0,4,1,0,5,0,28,60,0,88,0,32,61,0,93,0,0,0,93
07/20/2016,CIC,CA,AWP,WE,Federal Contract Tower,0,2,5,0,7,0,25,58,0,83,0,27,63,0,90,8,0,8,98
07/21/2016,CIC,CA,AWP,WE,Federal Contract Tower,0,2,8,0,10,0,16,48,0,64,0,18,56,0,74,2,0,2,76
07/22/2016,CIC,CA,AWP,WE,Federal Contract Tower,0,2,0,0,2,0,28,62,0,90,0,30,62,0,92,10,4,14,106
07/23/2016,CIC,CA,AWP,WE,Federal Contract Tower,0,0,1,0,1,0,38,35,0,73,0,38,36,0,74,10,0,10,84
07/24/2016,CIC,CA,AWP,WE,Federal Contract Tower,0,0,3,0,3,0,15,45,0,60,0,15,48,0,63,2,0,2,65
07/25/2016,CIC,CA,AWP,WE,Federal Contract Tower,0,2,4,0,6,0,37,66,0,103,0,39,70,0,109,22,0,22,131
07/26/2016,CIC,CA,AWP,WE,Federal Contract Tower,0,3,0,0,3,0,27,37,0,64,0,30,37,0,67,10,0,10,77
07/27/2016,CIC,CA,AWP,WE,Federal Contract Tower,0,2,1,0,3,0,15,54,0,69,0,17,55,0,72,16,0,16,88
07/28/2016,CIC,CA,AWP,WE,Federal Contract Tower,0,1,1,0,2,0,47,78,0,125,0,48,79,0,127,20,0,20,147
07/29/2016,CIC,CA,AWP,WE,Federal Contract Tower,0,2,7,4,13,0,25,69,0,94,0,27,76,4,107,0,0,0,107
07/30/2016,CIC,CA,AWP,WE,Federal Contract Tower,0,8,1,0,9,0,12,44,1,57,0,20,45,1,66,2,22,24,90
07/31/2016,CIC,CA,AWP,WE,Federal Contract Tower,0,0,3,1,4,0,18,75,0,93,0,18,78,1,97,22,0,22,119
08/01/2016,CIC,CA,AWP,WE,Federal Contract Tower,0,2,2,0,4,0,32,55,0,87,0,34,57,0,91,2,0,2,93
08/02/2016,CIC,CA,AWP,WE,Federal Contract Tower,0,2,1,0,3,0,90,70,0,160,0,92,71,0,163,48,0,48,211
08/03/2016,CIC,CA,AWP,WE,Federal Contract Tower,0,2,3,0,5,0,30,59,0,89,0,32,62,0,94,12,4,16,110
08/04/2016,CIC,CA,AWP,WE,Federal Contract Tower,0,2,2,6,10,0,26,66,4,96,0,28,68,10,106,26,28,54,160
08/05/2016,CIC,CA,AWP,WE,Federal Contract Tower,0,2,0,0,2,0,21,56,0,77,0,23,56,0,79,12,0,12,91
08/06/2016,CIC,CA,AWP,WE,Federal Contract Tower,0,0,0,0,0,0,31,98,0,129,0,31,98,0,129,16,0,16,145
08/07/2016,CIC,CA,AWP,WE,Federal Contract Tower,0,0,0,0,0,0,15,53,0,68,0,15,53,0,68,4,0,4,72
08/08/2016,CIC,CA,AWP,WE,Federal Contract Tower,0,2,2,0,4,0,16,58,0,74,0,18,60,0,78,10,0,10,88
08/09/2016,CIC,CA,AWP,WE,Federal Contract Tower,0,3,4,0,7,0,27,64,0,91,0,30,68,0,98,20,0,20,118
08/10/2016,CIC,CA,AWP,WE,Federal Contract Tower,0,4,4,0,8,0,14,68,0,82,0,18,72,0,90,52,0,52,142
08/11/2016,CIC,CA,AWP,WE,Federal Contract Tower,0,1,5,0,6,0,15,78,8,101,0,16,83,8,107,40,0,40,147
08/12/2016,CIC,CA,AWP,WE,Federal Contract Tower,0,3,3,0,6,0,12,58,0,70,0,15,61,0,76,12,0,12,88
08/13/2016,CIC,CA,AWP,WE,Federal Contract Tower,0,0,1,5,6,0,14,55,0,69,0,14,56,5,75,12,8,20,95
08/14/2016,CIC,CA,AWP,WE,Federal Contract Tower,0,0,7,0,7,0,31,60,0,91,0,31,67,0,98,14,0,14,112
08/15/2016,CIC,CA,AWP,WE,Federal Contract Tower,0,2,2,0,4,0,16,46,0,62,0,18,48,0,66,6,0,6,72
08/16/2016,CIC,CA,AWP,WE,Federal Contract Tower,0,1,0,0,1,0,33,75,4,112,0,34,75,4,113,34,4,38,151
08/17/2016,CIC,CA,AWP,WE,Federal Contract Tower,0,1,6,2,9,0,22,45,0,67,0,23,51,2,76,24,0,24,100
08/18/2016,CIC,CA,AWP,WE,Federal Contract Tower,0,1,1,2,4,0,24,66,2,92,0,25,67,4,96,8,6,14,110
08/19/2016,CIC,CA,AWP,WE,Federal Contract Tower,0,2,1,0,3,0,18,73,4,95,0,20,74,4,98,6,0,6,104
08/20/2016,CIC,CA,AWP,WE,Federal Contract Tower,0,0,0,0,0,0,10,34,0,44,0,10,34,0,44,6,0,6,50
08/21/2016,CIC,CA,AWP,WE,Federal Contract Tower,0,0,2,0,2,0,11,51,0,62,0,11,53,0,64,4,0,4,68
08/22/2016,CIC,CA,AWP,WE,Federal Contract Tower,0,2,2,0,4,0,22,68,2,92,0,24,70,2,96,4,0,4,100
08/23/2016,CIC,CA,AWP,WE,Federal Contract Tower,0,2,1,1,4,0,11,70,1,82,0,13,71,2,86,8,24,32,118
08/24/2016,CIC,CA,AWP,WE,Federal Contract Tower,0,1,3,2,6,0,18,88,0,106,0,19,91,2,112,20,8,28,140
08/25/2016,CIC,CA,AWP,WE,Federal Contract Tower,0,1,2,1,4,0,28,55,1,84,0,29,57,2,88,0,20,20,108
08/26/2016,CIC,CA,AWP,WE,Federal Contract Tower,0,2,9,0,11,0,124,69,0,193,0,126,78,0,204,10,34,44,248
08/27/2016,CIC,CA,AWP,WE,Federal Contract Tower,0,0,4,0,4,0,5,62,0,67,0,5,66,0,71,4,0,4,75
08/28/2016,CIC,CA,AWP,WE,Federal Contract Tower,0,0,1,0,1,0,16,54,0,70,0,16,55,0,71,10,0,10,81
08/29/2016,CIC,CA,AWP,WE,Federal Contract Tower,0,2,3,0,5,0,20,70,0,90,0,22,73,0,95,34,0,34,129
08/30/2016,CIC,CA,AWP,WE,Federal Contract Tower,0,3,2,0,5,0,33,71,0,104,0,36,73,0,109,50,0,50,159
08/31/2016,CIC,CA,AWP,WE,Federal Contract Tower,0,3,8,0,11,0,8,65,0,73,0,11,73,0,84,48,0,48,132
09/01/2016,CIC,CA,AWP,WE,Federal Contract Tower,0,1,7,0,8,0,13,55,0,68,0,14,62,0,76,30,0,30,106
09/02/2016,CIC,CA,AWP,WE,Federal Contract Tower,0,2,4,0,6,0,22,68,0,90,0,24,72,0,96,46,0,46,142
09/03/2016,CIC,CA,AWP,WE,Federal Contract Tower,0,0,0,0,0,0,13,67,0,80,0,13,67,0,80,30,0,30,110
09/04/2016,CIC,CA,AWP,WE,Federal Contract Tower,0,2,5,0,7,0,42,95,0,137,0,44,100,0,144,14,0,14,158
09/05/2016,CIC,CA,AWP,WE,Federal Contract Tower,0,0,3,0,3,0,55,67,0,122,0,55,70,0,125,30,0,30,155
09/06/2016,CIC,CA,AWP,WE,Federal Contract Tower,0,5,5,0,10,0,163,91,0,254,0,168,96,0,264,0,0,0,264
09/07/2016,CIC,CA,AWP,WE,Federal Contract Tower,0,3,6,0,9,0,86,88,0,174,0,89,94,0,183,10,0,10,193
09/08/2016,CIC,CA,AWP,WE,Federal Contract Tower,0,2,1,0,3,0,39,62,0,101,0,41,63,0,104,14,0,14,118
09/09/2016,CIC,CA,AWP,WE,Federal Contract Tower,0,2,0,0,2,0,38,56,0,94,0,40,56,0,96,40,0,40,136
09/10/2016,CIC,CA,AWP,WE,Federal Contract Tower,0,0,0,0,0,0,14,53,0,67,0,14,53,0,67,26,0,26,93
09/11/2016,CIC,CA,AWP,WE,Federal Contract Tower,0,2,5,0,7,0,54,79,0,133,0,56,84,0,140,14,0,14,154
09/12/2016,CIC,CA,AWP,WE,Federal Contract Tower,0,2,0,0,2,0,30,67,0,97,0,32,67,0,99,6,0,6,105
09/13/2016,CIC,CA,AWP,WE,Federal Contract Tower,0,1,0,0,1,0,55,74,0,129,0,56,74,0,130,6,0,6,136
09/14/2016,CIC,CA,AWP,WE,Federal Contract Tower,0,2,1,0,3,0,24,61,0,85,0,26,62,0,88,26,0,26,114
09/15/2016,CIC,CA,AWP,WE,Federal Contract Tower,0,2,2,0,4,0,30,97,0,127,0,32,99,0,131,46,0,46,177
09/16/2016,CIC,CA,AWP,WE,Federal Contract Tower,0,1,2,0,3,0,27,71,0,98,0,28,73,0,101,24,0,24,125
09/17/2016,CIC,CA,AWP,WE,Federal Contract Tower,0,0,0,0,0,0,29,60,0,89,0,29,60,0,89,12,0,12,101
09/18/2016,CIC,CA,AWP,WE,Federal Contract Tower,0,3,0,0,3,0,40,74,0,114,0,43,74,0,117,0,0,0,117
09/19/2016,CIC,CA,AWP,WE,Federal Contract Tower,0,2,3,0,5,0,13,65,0,78,0,15,68,0,83,26,0,26,109
09/20/2016,CIC,CA,AWP,WE,Federal Contract Tower,0,2,3,6,11,0,38,52,0,90,0,40,55,6,101,20,0,20,121
09/21/2016,CIC,CA,AWP,WE,Federal Contract Tower,0,3,5,0,8,0,19,54,0,73,0,22,59,0,81,24,0,24,105
09/22/2016,CIC,CA,AWP,WE,Federal Contract Tower,0,1,0,0,1,0,58,44,0,102,0,59,44,0,103,0,0,0,103
09/23/2016,CIC,CA,AWP,WE,Federal Contract Tower,0,1,2,4,7,0,23,62,0,85,0,24,64,4,92,18,0,18,110
09/24/2016,CIC,CA,AWP,WE,Federal Contract Tower,0,0,0,0,0,0,15,37,0,52,0,15,37,0,52,12,0,12,64
09/25/2016,CIC,CA,AWP,WE,Federal Contract Tower,0,0,2,0,2,0,40,66,0,106,0,40,68,0,108,2,0,2,110
09/26/2016,CIC,CA,AWP,WE,Federal Contract Tower,0,3,1,0,4,0,43,76,0,119,0,46,77,0,123,82,0,82,205
09/27/2016,CIC,CA,AWP,WE,Federal Contract Tower,0,5,3,0,8,0,33,76,0,109,0,38,79,0,117,44,0,44,161
09/28/2016,CIC,CA,AWP,WE,Federal Contract Tower,0,3,0,0,3,0,59,58,0,117,0,62,58,0,120,32,0,32,152
09/29/2016,CIC,CA,AWP,WE,Federal Contract Tower,0,10,10,0,20,0,33,85,0,118,0,43,95,0,138,8,0,8,146
09/30/2016,CIC,CA,AWP,WE,Federal Contract Tower,0,4,0,3,7,0,30,72,0,102,0,34,72,3,109,54,38,92,201
10/01/2016,CIC,CA,AWP,WE,Federal Contract Tower,0,0,0,0,0,0,15,67,0,82,0,15,67,0,82,30,0,30,112
10/02/2016,CIC,CA,AWP,WE,Federal Contract Tower,0,0,5,0,5,0,6,16,0,22,0,6,21,0,27,10,0,10,37
10/03/2016,CIC,CA,AWP,WE,Federal Contract Tower,0,6,1,0,7,0,6,17,0,23,0,12,18,0,30,18,0,18,48
10/04/2016,CIC,CA,AWP,WE,Federal Contract Tower,0,4,11,0,15,0,22,93,0,115,0,26,104,0,130,20,0,20,150
10/05/2016,CIC,CA,AWP,WE,Federal Contract Tower,0,1,5,0,6,0,47,95,0,142,0,48,100,0,148,24,0,24,172
10/06/2016,CIC,CA,AWP,WE,Federal Contract Tower,0,2,5,0,7,0,43,59,0,102,0,45,64,0,109,44,0,44,153
10/07/2016,CIC,CA,AWP,WE,Federal Contract Tower,0,5,0,0,5,0,0,0,0,0,0,5,0,0,5,70,0,70,75
10/08/2016,CIC,CA,AWP,WE,Federal Contract Tower,0,0,2,0,2,0,15,58,0,73,0,15,60,0,75,20,0,20,95
10/09/2016,CIC,CA,AWP,WE,Federal Contract Tower,0,1,1,0,2,0,20,55,0,75,0,21,56,0,77,20,0,20,97
10/10/2016,CIC,CA,AWP,WE,Federal Contract Tower,0,3,7,0,10,0,12,67,0,79,0,15,74,0,89,22,0,22,111
10/11/2016,CIC,CA,AWP,WE,Federal Contract Tower,0,7,3,0,10,0,36,59,0,95,0,43,62,0,105,8,0,8,113
10/12/2016,CIC,CA,AWP,WE,Federal Contract Tower,0,2,7,0,9,0,19,78,2,99,0,21,85,2,108,40,0,40,148
10/13/2016,CIC,CA,AWP,WE,Federal Contract Tower,0,3,4,2,9,0,24,63,0,87,0,27,67,2,96,32,0,32,128
10/14/2016,CIC,CA,AWP,WE,Federal Contract Tower,0,7,14,0,21,0,2,4,0,6,0,9,18,0,27,12,0,12,39
10/15/2016,CIC,CA,AWP,WE,Federal Contract Tower,0,0,0,2,2,0,4,0,0,4,0,4,0,2,6,0,2,2,8
10/16/2016,CIC,CA,AWP,WE,Federal Contract Tower,0,0,5,0,5,0,4,10,0,14,0,4,15,0,19,0,0,0,19
10/17/2016,CIC,CA,AWP,WE,Federal Contract Tower,0,5,8,0,13,0,12,56,0,68,0,17,64,0,81,26,0,26,107
10/18/2016,CIC,CA,AWP,WE,Federal Contract Tower,0,3,5,0,8,0,21,80,0,101,0,24,85,0,109,4,0,4,113
10/19/2016,CIC,CA,AWP,WE,Federal Contract Tower,0,1,13,0,14,0,7,86,0,93,0,8,99,0,107,24,0,24,131
10/20/2016,CIC,CA,AWP,WE,Federal Contract Tower,0,2,5,0,7,0,7,78,0,85,0,9,83,0,92,48,0,48,140
10/21/2016,CIC,CA,AWP,WE,Federal Contract Tower,0,2,6,0,8,0,18,68,0,86,0,20,74,0,94,6,0,6,100
10/22/2016,CIC,CA,AWP,WE,Federal Contract Tower,0,6,3,0,9,0,13,48,0,61,0,19,51,0,70,8,0,8,78
10/23/2016,CIC,CA,AWP,WE,Federal Contract Tower,0,0,2,0,2,0,3,48,0,51,0,3,50,0,53,42,0,42,95
10/24/2016,CIC,CA,AWP,WE,Federal Contract Tower,0,5,6,0,11,0,8,27,0,35,0,13,33,0,46,4,0,4,50
10/25/2016,CIC,CA,AWP,WE,Federal Contract Tower,0,9,2,0,11,0,0,2,0,2,0,9,4,0,13,4,0,4,17
10/26/2016,CIC,CA,AWP,WE,Federal Contract Tower,0,1,4,0,5,0,30,68,0,98,0,31,72,0,103,14,0,14,117
10/27/2016,CIC,CA,AWP,WE,Federal Contract Tower,0,7,8,0,15,0,8,11,0,19,0,15,19,0,34,0,0,0,34
10/28/2016,CIC,CA,AWP,WE,Federal Contract Tower,0,11,16,0,27,0,0,0,0,0,0,11,16,0,27,0,0,0,27
10/29/2016,CIC,CA,AWP,WE,Federal Contract Tower,0,1,4,0,5,0,5,12,0,17,0,6,16,0,22,0,0,0,22
10/30/2016,CIC,CA,AWP,WE,Federal Contract Tower,0,4,4,0,8,0,9,7,0,16,0,13,11,0,24,0,4,4,28
10/31/2016,CIC,CA,AWP,WE,Federal Contract Tower,0,5,4,0,9,0,11,51,0,62,0,16,55,0,71,22,0,22,93
11/01/2016,CIC,CA,AWP,WE,Federal Contract Tower,0,9,17,2,28,0,7,40,2,49,0,16,57,4,77,16,0,16,93
11/02/2016,CIC,CA,AWP,WE,Federal Contract Tower,0,3,9,0,12,0,13,89,0,102,0,16,98,0,114,24,0,24,138
11/03/2016,CIC,CA,AWP,WE,Federal Contract Tower,0,3,7,12,22,0,23,85,0,108,0,26,92,12,130,66,2,68,198
11/04/2016,CIC,CA,AWP,WE,Federal Contract Tower,0,3,0,2,5,0,16,64,4,84,0,19,64,6,89,20,14,34,123
11/05/2016,CIC,CA,AWP,WE,Federal Contract Tower,0,4,0,0,4,0,4,76,0,80,0,8,76,0,84,34,0,34,118
11/06/2016,CIC,CA,AWP,WE,Federal Contract Tower,0,1,3,0,4,0,27,22,0,49,0,28,25,0,53,4,0,4,57
11/07/2016,CIC,CA,AWP,WE,Federal Contract Tower,0,2,1,0,3,0,30,65,0,95,0,32,66,0,98,22,0,22,120
11/08/2016,CIC,CA,AWP,WE,Federal Contract Tower,0,5,0,2,7,0,24,62,0,86,0,29,62,2,93,64,2,66,159
11/09/2016,CIC,CA,AWP,WE,Federal Contract Tower,0,3,3,0,6,0,21,81,0,102,0,24,84,0,108,0,0,0,108
11/10/2016,CIC,CA,AWP,WE,Federal Contract Tower,0,3,3,0,6,0,19,71,2,92,0,22,74,2,98,8,0,8,106
11/11/2016,CIC,CA,AWP,WE,Federal Contract Tower,0,6,6,0,12,0,19,75,0,94,0,25,81,0,106,6,0,6,112
11/12/2016,CIC,CA,AWP,WE,Federal Contract Tower,0,5,3,0,8,0,23,55,0,78,0,28,58,0,86,14,0,14,100
11/13/2016,CIC,CA,AWP,WE,Federal Contract Tower,0,0,2,0,2,0,17,65,0,82,0,17,67,0,84,8,0,8,92
11/14/2016,CIC,CA,AWP,WE,Federal Contract Tower,0,2,0,0,2,0,13,55,0,68,0,15,55,0,70,52,0,52,122
11/15/2016,CIC,CA,AWP,WE,Federal Contract Tower,0,13,14,0,27,0,18,51,0,69,0,31,65,0,96,40,0,40,136
11/16/2016,CIC,CA,AWP,WE,Federal Contract Tower,0,2,6,0,8,0,20,65,0,85,0,22,71,0,93,28,0,28,121
11/17/2016,CIC,CA,AWP,WE,Federal Contract Tower,0,1,11,0,12,0,6,65,0,71,0,7,76,0,83,24,0,24,107
11/18/2016,CIC,CA,AWP,WE,Federal Contract Tower,0,3,4,0,7,0,22,57,2,81,0,25,61,2,88,20,2,22,110
11/19/2016,CIC,CA,AWP,WE,Federal Contract Tower,0,2,3,0,5,0,0,1,0,1,0,2,4,0,6,0,0,0,6
11/20/2016,CIC,CA,AWP,WE,Federal Contract Tower,0,2,9,4,15,0,7,1,0,8,0,9,10,4,23,0,4,4,27
11/21/2016,CIC,CA,AWP,WE,Federal Contract Tower,0,6,2,0,8,0,10,54,0,64,0,16,56,0,72,66,0,66,138
11/22/2016,CIC,CA,AWP,WE,Federal Contract Tower,0,4,8,0,12,0,10,55,1,66,0,14,63,1,78,44,0,44,122
11/23/2016,CIC,CA,AWP,WE,Federal Contract Tower,0,3,18,0,21,0,10,49,1,60,0,13,67,1,81,40,0,40,121
11/24/2016,CIC,CA,AWP,WE,Federal Contract Tower,0,0,2,0,2,0,8,28,0,36,0,8,30,0,38,0,0,0,38
11/25/2016,CIC,CA,AWP,WE,Federal Contract Tower,0,2,4,0,6,0,16,30,0,46,0,18,34,0,52,26,0,26,78
11/26/2016,CIC,CA,AWP,WE,Federal Contract Tower,0,0,3,0,3,0,5,0,0,5,0,5,3,0,8,2,0,2,10
11/27/2016,CIC,CA,AWP,WE,Federal Contract Tower,0,0,2,8,10,0,2,50,0,52,0,2,52,8,62,36,6,42,104
11/28/2016,CIC,CA,AWP,WE,Federal Contract Tower,0,4,4,2,10,0,15,34,0,49,0,19,38,2,59,54,2,56,115
11/29/2016,CIC,CA,AWP,WE,Federal Contract Tower,0,1,4,0,5,0,17,83,0,100,0,18,87,0,105,8,0,8,113
11/30/2016,CIC,CA,AWP,WE,Federal Contract Tower,0,5,6,2,13,0,14,68,2,84,0,19,74,4,97,80,6,86,183
12/01/2016,CIC,CA,AWP,WE,Federal Contract Tower,0,2,3,0,5,0,11,69,0,80,0,13,72,0,85,18,0,18,103
12/02/2016,CIC,CA,AWP,WE,Federal Contract Tower,0,4,3,1,8,0,15,55,0,70,0,19,58,1,78,52,12,64,142
12/03/2016,CIC,CA,AWP,WE,Federal Contract Tower,0,1,6,0,7,0,13,76,0,89,0,14,82,0,96,78,0,78,174
12/04/2016,CIC,CA,AWP,WE,Federal Contract Tower,0,1,5,0,6,0,12,54,0,66,0,13,59,0,72,36,0,36,108
12/05/2016,CIC,CA,AWP,WE,Federal Contract Tower,0,4,6,8,18,0,8,60,0,68,0,12,66,8,86,12,6,18,104
12/06/2016,CIC,CA,AWP,WE,Federal Contract Tower,0,4,6,0,10,0,16,87,0,103,0,20,93,0,113,38,0,38,151
12/07/2016,CIC,CA,AWP,WE,Federal Contract Tower,0,4,14,1,19,0,18,38,2,58,0,22,52,3,77,44,20,64,141
12/08/2016,CIC,CA,AWP,WE,Federal Contract Tower,0,6,6,0,12,0,0,0,0,0,0,6,6,0,12,0,0,0,12
12/09/2016,CIC,CA,AWP,WE,Federal Contract Tower,0,5,6,0,11,0,1,0,0,1,0,6,6,0,12,0,0,0,12
12/10/2016,CIC,CA,AWP,WE,Federal Contract Tower,0,3,8,0,11,0,1,1,0,2,0,4,9,0,13,0,0,0,13
12/11/2016,CIC,CA,AWP,WE,Federal Contract Tower,0,0,6,0,6,0,0,32,0,32,0,0,38,0,38,10,0,10,48
12/12/2016,CIC,CA,AWP,WE,Federal Contract Tower,0,3,3,0,6,0,44,50,0,94,0,47,53,0,100,32,0,32,132
12/13/2016,CIC,CA,AWP,WE,Federal Contract Tower,0,6,8,0,14,0,23,38,0,61,0,29,46,0,75,68,0,68,143
12/14/2016,CIC,CA,AWP,WE,Federal Contract Tower,0,6,6,0,12,0,2,4,0,6,0,8,10,0,18,12,0,12,30
12/15/2016,CIC,CA,AWP,WE,Federal Contract Tower,0,10,8,0,18,0,0,0,0,0,0,10,8,0,18,0,0,0,18
12/16/2016,CIC,CA,AWP,WE,Federal Contract Tower,0,5,3,0,8,0,12,59,0,71,0,17,62,0,79,10,2,12,91
12/17/2016,CIC,CA,AWP,WE,Federal Contract Tower,0,1,1,0,2,0,10,74,0,84,0,11,75,0,86,36,0,36,122
12/18/2016,CIC,CA,AWP,WE,Federal Contract Tower,0,0,1,0,1,0,12,44,0,56,0,12,45,0,57,58,0,58,115
12/19/2016,CIC,CA,AWP,WE,Federal Contract Tower,0,2,8,0,10,0,18,94,0,112,0,20,102,0,122,16,0,16,138
12/20/2016,CIC,CA,AWP,WE,Federal Contract Tower,0,4,4,0,8,0,7,100,0,107,0,11,104,0,115,42,0,42,157
12/21/2016,CIC,CA,AWP,WE,Federal Contract Tower,0,2,3,0,5,0,4,83,2,89,0,6,86,2,94,20,16,36,130
12/22/2016,CIC,CA,AWP,WE,Federal Contract Tower,0,4,4,0,8,0,8,77,0,85,0,12,81,0,93,12,0,12,105
12/23/2016,CIC,CA,AWP,WE,Federal Contract Tower,0,13,6,0,19,0,0,0,0,0,0,13,6,0,19,0,0,0,19
12/24/2016,CIC,CA,AWP,WE,Federal Contract Tower,0,1,2,0,3,0,8,29,0,37,0,9,31,0,40,2,0,2,42
12/25/2016,CIC,CA,AWP,WE,Federal Contract Tower,0,1,0,0,1,0,9,9,0,18,0,10,9,0,19,2,0,2,21
12/26/2016,CIC,CA,AWP,WE,Federal Contract Tower,0,0,4,0,4,0,26,43,0,69,0,26,47,0,73,24,0,24,97
12/27/2016,CIC,CA,AWP,WE,Federal Contract Tower,0,2,1,2,5,0,16,56,0,72,0,18,57,2,77,6,0,6,83
12/28/2016,CIC,CA,AWP,WE,Federal Contract Tower,0,4,2,0,6,0,21,72,0,93,0,25,74,0,99,32,0,32,131
12/29/2016,CIC,CA,AWP,WE,Federal Contract Tower,0,1,4,0,5,0,24,85,0,109,0,25,89,0,114,30,0,30,144
12/30/2016,CIC,CA,AWP,WE,Federal Contract Tower,0,1,1,0,2,0,17,63,0,80,0,18,64,0,82,14,0,14,96
12/31/2016,CIC,CA,AWP,WE,Federal Contract Tower,0,0,0,0,0,0,18,44,0,62,0,18,44,0,62,4,0,4,66
01/01/2017,CIC,CA,AWP,WE,Federal Contract Tower,0,1,4,0,5,0,0,0,0,0,0,1,4,0,5,0,0,0,5
01/02/2017,CIC,CA,AWP,WE,Federal Contract Tower,0,0,0,0,0,0,1,17,0,18,0,1,17,0,18,0,0,0,18
01/03/2017,CIC,CA,AWP,WE,Federal Contract Tower,0,9,5,0,14,0,1,2,0,3,0,10,7,0,17,0,0,0,17
01/04/2017,CIC,CA,AWP,WE,Federal Contract Tower,0,10,6,0,16,0,0,16,0,16,0,10,22,0,32,2,0,2,34
01/05/2017,CIC,CA,AWP,WE,Federal Contract Tower,0,4,2,0,6,0,9,41,0,50,0,13,43,0,56,10,0,10,66
01/06/2017,CIC,CA,AWP,WE,Federal Contract Tower,0,1,5,0,6,0,12,81,0,93,0,13,86,0,99,8,0,8,107
01/07/2017,CIC,CA,AWP,WE,Federal Contract Tower,0,2,4,0,6,0,0,0,0,0,0,2,4,0,6,0,0,0,6
01/08/2017,CIC,CA,AWP,WE,Federal Contract Tower,0,0,3,0,3,0,2,0,0,2,0,2,3,0,5,0,0,0,5
01/09/2017,CIC,CA,AWP,WE,Federal Contract Tower,0,4,1,5,10,0,6,22,0,28,0,10,23,5,38,0,10,10,48
01/10/2017,CIC,CA,AWP,WE,Federal Contract Tower,0,4,1,0,5,0,0,0,0,0,0,4,1,0,5,0,0,0,5
01/11/2017,CIC,CA,AWP,WE,Federal Contract Tower,0,2,4,2,8,0,27,44,0,71,0,29,48,2,79,2,14,16,95
01/12/2017,CIC,CA,AWP,WE,Federal Contract Tower,0,2,5,5,12,0,15,53,2,70,0,17,58,7,82,0,4,4,86
01/13/2017,CIC,CA,AWP,WE,Federal Contract Tower,0,2,2,0,4,0,12,71,0,83,0,14,73,0,87,16,0,16,103
01/14/2017,CIC,CA,AWP,WE,Federal Contract Tower,0,0,2,0,2,0,4,76,0,80,0,4,78,0,82,66,0,66,148
01/15/2017,CIC,CA,AWP,WE,Federal Contract Tower,0,0,6,0,6,0,8,30,0,38,0,8,36,0,44,10,0,10,54
01/16/2017,CIC,CA,AWP,WE,Federal Contract Tower,0,2,8,0,10,0,12,42,0,54,0,14,50,0,64,32,0,32,96
01/17/2017,CIC,CA,AWP,WE,Federal Contract Tower,0,4,9,0,13,0,13,39,0,52,0,17,48,0,65,12,0,12,77
01/18/2017,CIC,CA,AWP,WE,Federal Contract Tower,0,6,3,0,9,0,1,0,0,1,0,7,3,0,10,0,0,0,10
01/19/2017,CIC,CA,AWP,WE,Federal Contract Tower,0,3,8,0,11,0,6,17,0,23,0,9,25,0,34,0,0,0,34
01/20/2017,CIC,CA,AWP,WE,Federal Contract Tower,0,5,4,0,9,0,9,1,0,10,0,14,5,0,19,0,0,0,19
01/21/2017,CIC,CA,AWP,WE,Federal Contract Tower,0,2,5,0,7,0,4,5,0,9,0,6,10,0,16,0,0,0,16
01/22/2017,CIC,CA,AWP,WE,Federal Contract Tower,0,5,0,0,5,0,10,9,0,19,0,15,9,0,24,0,0,0,24
01/23/2017,CIC,CA,AWP,WE,Federal Contract Tower,0,2,2,0,4,0,7,12,0,19,0,9,14,0,23,0,0,0,23
01/24/2017,CIC,CA,AWP,WE,Federal Contract Tower,0,1,4,0,5,0,5,63,2,70,0,6,67,2,75,14,24,38,113
01/25/2017,CIC,CA,AWP,WE,Federal Contract Tower,0,1,4,0,5,0,20,76,0,96,0,21,80,0,101,30,0,30,131
01/26/2017,CIC,CA,AWP,WE,Federal Contract Tower,0,2,0,2,4,0,10,88,4,102,0,12,88,6,106,40,0,40,146
01/27/2017,CIC,CA,AWP,WE,Federal Contract Tower,0,2,2,0,4,0,16,75,4,95,0,18,77,4,99,36,42,78,177
01/28/2017,CIC,CA,AWP,WE,Federal Contract Tower,0,3,1,1,5,0,12,64,2,78,0,15,65,3,83,2,2,4,87
01/29/2017,CIC,CA,AWP,WE,Federal Contract Tower,0,0,1,0,1,0,10,71,0,81,0,10,72,0,82,46,0,46,128
01/30/2017,CIC,CA,AWP,WE,Federal Contract Tower,0,2,3,2,7,0,4,60,2,66,0,6,63,4,73,4,26,30,103
01/31/2017,CIC,CA,AWP,WE,Federal Contract Tower,0,2,5,0,7,0,19,66,2,87,0,21,71,2,94,24,8,32,126
02/01/2017,CIC,CA,AWP,WE,Federal Contract Tower,0,1,0,0,1,0,15,53,0,68,0,16,53,0,69,4,0,4,73
02/02/2017,CIC,CA,AWP,WE,Federal Contract Tower,0,5,17,3,25,0,7,8,0,15,0,12,25,3,40,0,0,0,40
02/03/2017,CIC,CA,AWP,WE,Federal Contract Tower,0,7,3,0,10,0,3,5,3,11,0,10,8,3,21,0,0,0,21
02/04/2017,CIC,CA,AWP,WE,Federal Contract Tower,0,0,5,0,5,0,13,15,0,28,0,13,20,0,33,0,0,0,33
02/05/2017,CIC,CA,AWP,WE,Federal Contract Tower,0,0,0,0,0,0,2,17,2,21,0,2,17,2,21,12,14,26,47
02/06/2017,CIC,CA,AWP,WE,Federal Contract Tower,0,4,0,0,4,0,4,0,0,4,0,8,0,0,8,0,0,0,8
02/07/2017,CIC,CA,AWP,WE,Federal Contract Tower,0,4,0,4,8,0,2,7,0,9,0,6,7,4,17,0,4,4,21
02/08/2017,CIC,CA,AWP,WE,Federal Contract Tower,0,7,5,0,12,0,0,0,0,0,0,7,5,0,12,0,0,0,12
02/09/2017,CIC,CA,AWP,WE,Federal Contract Tower,0,6,4,0,10,0,3,0,0,3,0,9,4,0,13,0,0,0,13
02/10/2017,CIC,CA,AWP,WE,Federal Contract Tower,0,1,1,0,2,0,11,61,8,80,0,12,62,8,82,16,0,16,98
02/11/2017,CIC,CA,AWP,WE,Federal Contract Tower,0,0,4,0,4,0,10,92,2,104,0,10,96,2,108,46,0,46,154
02/12/2017,CIC,CA,AWP,WE,Federal Contract Tower,0,0,0,0,0,0,15,87,0,102,0,15,87,0,102,46,0,46,148
02/13/2017,CIC,CA,AWP,WE,Federal Contract Tower,0,4,3,0,7,0,104,116,0,220,0,108,119,0,227,4,0,4,231
02/14/2017,CIC,CA,AWP,WE,Federal Contract Tower,0,2,2,0,4,0,67,125,2,194,0,69,127,2,198,14,0,14,212
02/15/2017,CIC,CA,AWP,WE,Federal Contract Tower,0,1,5,0,6,0,12,70,2,84,0,13,75,2,90,22,0,22,112
02/16/2017,CIC,CA,AWP,WE,Federal Contract Tower,0,3,5,1,9,0,9,31,1,41,0,12,36,2,50,6,0,6,56
02/17/2017,CIC,CA,AWP,WE,Federal Contract Tower,0,9,15,0,24,0,0,6,0,6,0,9,21,0,30,6,0,6,36
02/18/2017,CIC,CA,AWP,WE,Federal Contract Tower,0,2,4,0,6,0,15,32,0,47,0,17,36,0,53,30,0,30,83
02/19/2017,CIC,CA,AWP,WE,Federal Contract Tower,0,0,6,0,6,0,4,21,0,25,0,4,27,0,31,10,0,10,41
02/20/2017,CIC,CA,AWP,WE,Federal Contract Tower,0,2,1,0,3,0,2,5,0,7,0,4,6,0,10,0,0,0,10
02/21/2017,CIC,CA,AWP,WE,Federal Contract Tower,0,6,0,0,6,0,20,48,4,72,0,26,48,4,78,0,0,0,78
02/22/2017,CIC,CA,AWP,WE,Federal Contract Tower,0,5,3,0,8,0,12,68,2,82,0,17,71,2,90,4,0,4,94
02/23/2017,CIC,CA,AWP,WE,Federal Contract Tower,0,1,4,1,6,0,17,74,3,94,0,18,78,4,100,12,0,12,112
02/24/2017,CIC,CA,AWP,WE,Federal Contract Tower,0,1,0,0,1,0,10,82,0,92,0,11,82,0,93,16,0,16,109
02/25/2017,CIC,CA,AWP,WE,Federal Contract Tower,0,0,8,0,8,0,4,68,0,72,0,4,76,0,80,22,0,22,102
02/26/2017,CIC,CA,AWP,WE,Federal Contract Tower,0,0,4,0,4,0,8,95,0,103,0,8,99,0,107,22,0,22,129
02/27/2017,CIC,CA,AWP,WE,Federal Contract Tower,0,2,5,0,7,0,17,63,2,82,0,19,68,2,89,6,0,6,95
02/28/2017,CIC,CA,AWP,WE,Federal Contract Tower,0,2,4,0,6,0,28,83,0,111,0,30,87,0,117,20,0,20,137
03/01/2017,CIC,CA,AWP,WE,Federal Contract Tower,0,1,3,2,6,0,14,89,2,105,0,15,92,4,111,44,0,44,155
03/02/2017,CIC,CA,AWP,WE,Federal Contract Tower,0,3,0,0,3,0,13,77,9,99,0,16,77,9,102,10,0,10,112
03/03/2017,CIC,CA,AWP,WE,Federal Contract Tower,0,2,0,0,2,0,13,69,0,82,0,15,69,0,84,4,0,4,88
03/04/2017,CIC,CA,AWP,WE,Federal Contract Tower,0,1,0,0,1,0,6,7,0,13,0,7,7,0,14,6,0,6,20
03/05/2017,CIC,CA,AWP,WE,Federal Contract Tower,0,0,0,8,8,0,4,22,0,26,0,4,22,8,34,8,8,16,50
03/06/2017,CIC,CA,AWP,WE,Federal Contract Tower,0,2,2,0,4,0,8,24,2,34,0,10,26,2,38,12,2,14,52
03/07/2017,CIC,CA,AWP,WE,Federal Contract Tower,0,3,7,0,10,0,21,46,0,67,0,24,53,0,77,16,0,16,93
03/08/2017,CIC,CA,AWP,WE,Federal Contract Tower,0,3,8,2,13,0,15,70,2,87,0,18,78,4,100,24,0,24,124
03/09/2017,CIC,CA,AWP,WE,Federal Contract Tower,0,2,1,0,3,0,14,66,0,80,0,16,67,0,83,0,0,0,83
03/10/2017,CIC,CA,AWP,WE,Federal Contract Tower,0,3,3,0,6,0,18,71,0,89,0,21,74,0,95,30,0,30,125
03/11/2017,CIC,CA,AWP,WE,Federal Contract Tower,0,2,4,0,6,0,6,71,0,77,0,8,75,0,83,32,0,32,115
03/12/2017,CIC,CA,AWP,WE,Federal Contract Tower,0,2,2,0,4,0,11,95,0,106,0,13,97,0,110,6,0,6,116
03/13/2017,CIC,CA,AWP,WE,Federal Contract Tower,0,2,0,0,2,0,30,74,2,106,0,32,74,2,108,0,4,4,112
03/14/2017,CIC,CA,AWP,WE,Federal Contract Tower,0,2,2,0,4,0,35,76,0,111,0,37,78,0,115,8,0,8,123
03/15/2017,CIC,CA,AWP,WE,Federal Contract Tower,0,2,4,0,6,0,13,56,0,69,0,15,60,0,75,6,0,6,81
03/16/2017,CIC,CA,AWP,WE,Federal Contract Tower,0,2,2,0,4,0,14,48,2,64,0,16,50,2,68,34,36,70,138
03/17/2017,CIC,CA,AWP,WE,Federal Contract Tower,0,1,1,0,2,0,18,69,2,89,0,19,70,2,91,74,20,94,185
03/18/2017,CIC,CA,AWP,WE,Federal Contract Tower,0,0,3,0,3,0,3,48,0,51,0,3,51,0,54,32,0,32,86
03/19/2017,CIC,CA,AWP,WE,Federal Contract Tower,0,0,4,0,4,0,14,66,0,80,0,14,70,0,84,10,0,10,94
03/20/2017,CIC,CA,AWP,WE,Federal Contract Tower,0,1,7,2,10,0,14,37,0,51,0,15,44,2,61,28,2,30,91
03/21/2017,CIC,CA,AWP,WE,Federal Contract Tower,0,2,4,0,6,0,4,10,0,14,0,6,14,0,20,0,0,0,20
03/22/2017,CIC,CA,AWP,WE,Federal Contract Tower,0,4,6,2,12,0,0,16,0,16,0,4,22,2,28,0,0,0,28
03/23/2017,CIC,CA,AWP,WE,Federal Contract Tower,0,3,2,0,5,0,18,73,0,91,0,21,75,0,96,18,0,18,114
03/24/2017,CIC,CA,AWP,WE,Federal Contract Tower,0,6,9,0,15,0,3,0,0,3,0,9,9,0,18,0,0,0,18
03/25/2017,CIC,CA,AWP,WE,Federal Contract Tower,0,1,0,0,1,0,19,34,0,53,0,20,34,0,54,0,0,0,54
03/26/2017,CIC,CA,AWP,WE,Federal Contract Tower,0,0,4,0,4,0,0,9,0,9,0,0,13,0,13,22,0,22,35
03/27/2017,CIC,CA,AWP,WE,Federal Contract Tower,0,4,11,2,17,0,7,58,0,65,0,11,69,2,82,12,0,12,94
03/28/2017,CIC,CA,AWP,WE,Federal Contract Tower,0,2,0,0,2,0,15,75,0,90,0,17,75,0,92,14,0,14,106
03/29/2017,CIC,CA,AWP,WE,Federal Contract Tower,0,5,2,0,7,0,23,59,0,82,0,28,61,0,89,8,0,8,97
03/30/2017,CIC,CA,AWP,WE,Federal Contract Tower,0,2,2,1,5,0,32,40,1,73,0,34,42,2,78,6,10,16,94
03/31/2017,CIC,CA,AWP,WE,Federal Contract Tower,0,2,4,4,10,0,48,46,0,94,0,50,50,4,104,104,0,104,208
04/01/2017,CIC,CA,AWP,WE,Federal Contract Tower,0,0,4,0,4,0,20,46,0,66,0,20,50,0,70,4,0,4,74
04/02/2017,CIC,CA,AWP,WE,Federal Contract Tower,0,0,3,0,3,0,5,88,0,93,0,5,91,0,96,34,0,34,130
04/03/2017,CIC,CA,AWP,WE,Federal Contract Tower,0,1,1,0,2,0,30,75,0,105,0,31,76,0,107,20,0,20,127
04/04/2017,CIC,CA,AWP,WE,Federal Contract Tower,0,2,10,2,14,0,66,89,10,165,0,68,99,12,179,102,20,122,301
04/05/2017,CIC,CA,AWP,WE,Federal Contract Tower,0,2,0,0,2,0,14,76,0,90,0,16,76,0,92,42,0,42,134
04/06/2017,CIC,CA,AWP,WE,Federal Contract Tower,0,5,11,0,16,0,17,18,0,35,0,22,29,0,51,46,0,46,97
04/07/2017,CIC,CA,AWP,WE,Federal Contract Tower,0,5,3,0,8,0,7,7,0,14,0,12,10,0,22,10,0,10,32
04/08/2017,CIC,CA,AWP,WE,Federal Contract Tower,0,0,0,0,0,0,8,12,0,20,0,8,12,0,20,0,0,0,20
04/09/2017,CIC,CA,AWP,WE,Federal Contract Tower,0,0,2,0,2,0,4,80,0,84,0,4,82,0,86,80,0,80,166
04/10/2017,CIC,CA,AWP,WE,Federal Contract Tower,0,4,3,0,7,0,15,104,0,119,0,19,107,0,126,80,0,80,206
04/11/2017,CIC,CA,AWP,WE,Federal Contract Tower,0,9,9,1,19,0,18,33,1,52,0,27,42,2,71,34,4,38,109
04/12/2017,CIC,CA,AWP,WE,Federal Contract Tower,0,4,10,2,16,0,2,2,0,4,0,6,12,2,20,0,0,0,20
04/13/2017,CIC,CA,AWP,WE,Federal Contract Tower,0,3,12,0,15,0,8,23,0,31,0,11,35,0,46,16,0,16,62
04/14/2017,CIC,CA,AWP,WE,Federal Contract Tower,0,2,7,1,10,0,11,79,3,93,0,13,86,4,103,40,16,56,159
04/15/2017,CIC,CA,AWP,WE,Federal Contract Tower,0,0,3,0,3,0,31,69,2,102,0,31,72,2,105,64,2,66,171
04/16/2017,CIC,CA,AWP,WE,Federal Contract Tower,0,0,10,0,10,0,3,8,0,11,0,3,18,0,21,8,0,8,29
04/17/2017,CIC,CA,AWP,WE,Federal Contract Tower,0,4,7,0,11,0,3,7,0,10,0,7,14,0,21,2,0,2,23
04/18/2017,CIC,CA,AWP,WE,Federal Contract Tower,0,6,18,0,24,0,12,44,0,56,0,18,62,0,80,26,0,26,106
04/19/2017,CIC,CA,AWP,WE,Federal Contract Tower,0,2,2,4,8,0,6,45,8,59,0,8,47,12,67,30,8,38,105
04/20/2017,CIC,CA,AWP,WE,Federal Contract Tower,0,2,7,0,9,0,20,90,0,110,0,22,97,0,119,88,0,88,207
04/21/2017,CIC,CA,AWP,WE,Federal Contract Tower,0,2,2,3,7,0,11,83,1,95,0,13,85,4,102,10,2,12,114
04/22/2017,CIC,CA,AWP,WE,Federal Contract Tower,0,0,2,0,2,0,30,90,0,120,0,30,92,0,122,30,0,30,152
04/23/2017,CIC,CA,AWP,WE,Federal Contract Tower,0,0,1,0,1,0,6,84,0,90,0,6,85,0,91,12,0,12,103
04/24/2017,CIC,CA,AWP,WE,Federal Contract Tower,0,4,2,0,6,0,18,45,0,63,0,22,47,0,69,0,0,0,69
04/25/2017,CIC,CA,AWP,WE,Federal Contract Tower,0,2,5,1,8,0,18,99,1,118,0,20,104,2,126,46,16,62,188
04/26/2017,CIC,CA,AWP,WE,Federal Contract Tower,0,9,9,0,18,0,17,43,0,60,0,26,52,0,78,84,0,84,162
04/27/2017,CIC,CA,AWP,WE,Federal Contract Tower,0,3,5,0,8,0,23,69,0,92,0,26,74,0,100,86,0,86,186
04/28/2017,CIC,CA,AWP,WE,Federal Contract Tower,0,2,2,0,4,0,18,70,0,88,0,20,72,0,92,10,0,10,102
04/29/2017,CIC,CA,AWP,WE,Federal Contract Tower,0,0,4,0,4,0,4,69,0,73,0,4,73,0,77,8,0,8,85
04/30/2017,CIC,CA,AWP,WE,Federal Contract Tower,0,1,2,0,3,0,8,88,0,96,0,9,90,0,99,8,0,8,107
05/01/2017,CIC,CA,AWP,WE,Federal Contract Tower,0,2,0,4,6,0,12,59,8,79,0,14,59,12,85,30,6,36,121
05/02/2017,CIC,CA,AWP,WE,Federal Contract Tower,0,2,5,0,7,0,18,61,2,81,0,20,66,2,88,14,0,14,102
05/03/2017,CIC,CA,AWP,WE,Federal Contract Tower,0,1,2,1,4,0,31,75,2,108,0,32,77,3,112,36,20,56,168
05/04/2017,CIC,CA,AWP,WE,Federal Contract Tower,0,2,1,0,3,0,17,73,0,90,0,19,74,0,93,94,0,94,187
05/05/2017,CIC,CA,AWP,WE,Federal Contract Tower,0,2,4,0,6,0,10,66,0,76,0,12,70,0,82,46,0,46,128
05/06/2017,CIC,CA,AWP,WE,Federal Contract Tower,0,0,5,0,5,0,16,47,0,63,0,16,52,0,68,14,0,14,82
05/07/2017,CIC,CA,AWP,WE,Federal Contract Tower,0,0,2,0,2,0,4,30,0,34,0,4,32,0,36,2,0,2,38
05/08/2017,CIC,CA,AWP,WE,Federal Contract Tower,0,2,0,0,2,0,8,55,2,65,0,10,55,2,67,58,18,76,143
05/09/2017,CIC,CA,AWP,WE,Federal Contract Tower,0,1,3,0,4,0,17,75,0,92,0,18,78,0,96,12,0,12,108
05/10/2017,CIC,CA,AWP,WE,Federal Contract Tower,0,2,3,0,5,0,10,77,0,87,0,12,80,0,92,66,0,66,158
05/11/2017,CIC,CA,AWP,WE,Federal Contract Tower,0,3,2,0,5,0,21,43,2,66,0,24,45,2,71,28,0,28,99
05/12/2017,CIC,CA,AWP,WE,Federal Contract Tower,0,2,1,0,3,0,23,43,0,66,0,25,44,0,69,8,0,8,77
05/13/2017,CIC,CA,AWP,WE,Federal Contract Tower,0,5,2,2,9,0,10,64,2,76,0,15,66,4,85,18,8,26,111
05/14/2017,CIC,CA,AWP,WE,Federal Contract Tower,0,0,3,0,3,0,14,58,0,72,0,14,61,0,75,36,0,36,111
05/15/2017,CIC,CA,AWP,WE,Federal Contract Tower,0,2,4,0,6,0,11,88,0,99,0,13,92,0,105,40,0,40,145
05/16/2017,CIC,CA,AWP,WE,Federal Contract Tower,0,4,6,0,10,0,10,38,0,48,0,14,44,0,58,14,0,14,72
05/17/2017,CIC,CA,AWP,WE,Federal Contract Tower,0,1,5,0,6,0,18,71,0,89,0,19,76,0,95,18,0,18,113
05/18/2017,CIC,CA,AWP,WE,Federal Contract Tower,0,2,2,0,4,0,21,48,0,69,0,23,50,0,73,26,0,26,99
05/19/2017,CIC,CA,AWP,WE,Federal Contract Tower,0,6,2,0,8,0,16,83,0,99,0,22,85,0,107,24,0,24,131
05/20/2017,CIC,CA,AWP,WE,Federal Contract Tower,0,0,5,0,5,0,18,97,0,115,0,18,102,0,120,12,0,12,132
05/21/2017,CIC,CA,AWP,WE,Federal Contract Tower,0,2,5,0,7,0,31,76,0,107,0,33,81,0,114,6,0,6,120
05/22/2017,CIC,CA,AWP,WE,Federal Contract Tower,0,2,4,0,6,0,10,76,2,88,0,12,80,2,94,34,0,34,128
05/23/2017,CIC,CA,AWP,WE,Federal Contract Tower,0,2,3,0,5,0,13,92,0,105,0,15,95,0,110,14,0,14,124
05/24/2017,CIC,CA,AWP,WE,Federal Contract Tower,0,1,1,0,2,0,21,57,0,78,0,22,58,0,80,26,0,26,106
05/25/2017,CIC,CA,AWP,WE,Federal Contract Tower,0,5,9,0,14,0,17,53,0,70,0,22,62,0,84,44,0,44,128
05/26/2017,CIC,CA,AWP,WE,Federal Contract Tower,0,2,3,0,5,0,25,57,0,82,0,27,60,0,87,26,0,26,113
05/27/2017,CIC,CA,AWP,WE,Federal Contract Tower,0,0,3,0,3,0,8,74,0,82,0,8,77,0,85,36,0,36,121
05/28/2017,CIC,CA,AWP,WE,Federal Contract Tower,0,0,0,0,0,0,26,61,0,87,0,26,61,0,87,20,0,20,107
05/29/2017,CIC,CA,AWP,WE,Federal Contract Tower,0,0,8,0,8,0,10,98,0,108,0,10,106,0,116,30,0,30,146
05/30/2017,CIC,CA,AWP,WE,Federal Contract Tower,0,3,9,0,12,0,20,62,0,82,0,23,71,0,94,34,0,34,128
05/31/2017,CIC,CA,AWP,WE,Federal Contract Tower,0,5,13,2,20,0,8,49,0,57,0,13,62,2,77,32,0,32,109
06/01/2017,CIC,CA,AWP,WE,Federal Contract Tower,0,5,5,1,11,0,19,75,0,94,0,24,80,1,105,38,0,38,143
06/02/2017,CIC,CA,AWP,WE,Federal Contract Tower,0,2,4,0,6,0,21,86,0,107,0,23,90,0,113,44,0,44,157
06/03/2017,CIC,CA,AWP,WE,Federal Contract Tower,0,0,2,1,3,0,28,66,1,95,0,28,68,2,98,36,6,42,140
06/04/2017,CIC,CA,AWP,WE,Federal Contract Tower,0,4,0,0,4,0,22,53,0,75,0,26,53,0,79,2,0,2,81
06/05/2017,CIC,CA,AWP,WE,Federal Contract Tower,0,1,3,0,4,0,8,75,0,83,0,9,78,0,87,28,0,28,115
06/06/2017,CIC,CA,AWP,WE,Federal Contract Tower,0,1,1,0,2,0,31,48,0,79,0,32,49,0,81,20,0,20,101
06/07/2017,CIC,CA,AWP,WE,Federal Contract Tower,0,3,12,0,15,0,26,80,0,106,0,29,92,0,121,8,0,8,129
06/08/2017,CIC,CA,AWP,WE,Federal Contract Tower,0,4,11,0,15,0,3,18,0,21,0,7,29,0,36,14,0,14,50
06/09/2017,CIC,CA,AWP,WE,Federal Contract Tower,0,9,3,0,12,0,16,52,0,68,0,25,55,0,80,22,0,22,102
06/10/2017,CIC,CA,AWP,WE,Federal Contract Tower,0,0,2,8,10,0,24,55,0,79,0,24,57,8,89,2,8,10,99
06/11/2017,CIC,CA,AWP,WE,Federal Contract Tower,0,2,1,0,3,0,25,30,0,55,0,27,31,0,58,0,0,0,58
06/12/2017,CIC,CA,AWP,WE,Federal Contract Tower,0,3,5,0,8,0,25,66,0,91,0,28,71,0,99,36,0,36,135
06/13/2017,CIC,CA,AWP,WE,Federal Contract Tower,0,1,1,1,3,0,26,84,5,115,0,27,85,6,118,22,24,46,164
06/14/2017,CIC,CA,AWP,WE,Federal Contract Tower,0,1,6,0,7,0,22,57,0,79,0,23,63,0,86,16,18,34,120
06/15/2017,CIC,CA,AWP,WE,Federal Contract Tower,0,2,3,0,5,0,30,73,0,103,0,32,76,0,108,16,0,16,124
06/16/2017,CIC,CA,AWP,WE,Federal Contract Tower,0,5,9,0,14,0,37,42,0,79,0,42,51,0,93,6,0,6,99
06/17/2017,CIC,CA,AWP,WE,Federal Contract Tower,0,0,2,0,2,0,17,42,0,59,0,17,44,0,61,20,0,20,81
06/18/2017,CIC,CA,AWP,WE,Federal Contract Tower,0,0,2,0,2,0,18,46,0,64,0,18,48,0,66,22,0,22,88
06/19/2017,CIC,CA,AWP,WE,Federal Contract Tower,0,1,5,0,6,0,19,58,0,77,0,20,63,0,83,40,0,40,123
06/20/2017,CIC,CA,AWP,WE,Federal Contract Tower,0,3,2,0,5,0,28,52,0,80,0,31,54,0,85,62,0,62,147
06/21/2017,CIC,CA,AWP,WE,Federal Contract Tower,0,5,3,0,8,0,19,59,0,78,0,24,62,0,86,46,0,46,132
06/22/2017,CIC,CA,AWP,WE,Federal Contract Tower,0,2,2,0,4,0,20,45,0,65,0,22,47,0,69,18,0,18,87
06/23/2017,CIC,CA,AWP,WE,Federal Contract Tower,0,2,0,0,2,0,11,50,0,61,0,13,50,0,63,18,0,18,81
06/24/2017,CIC,CA,AWP,WE,Federal Contract Tower,0,0,3,0,3,0,24,56,0,80,0,24,59,0,83,10,0,10,93
06/25/2017,CIC,CA,AWP,WE,Federal Contract Tower,0,0,0,0,0,0,22,30,0,52,0,22,30,0,52,22,0,22,74
06/26/2017,CIC,CA,AWP,WE,Federal Contract Tower,0,4,0,0,4,0,18,73,0,91,0,22,73,0,95,44,0,44,139
06/27/2017,CIC,CA,AWP,WE,Federal Contract Tower,0,1,0,0,1,0,23,78,0,101,0,24,78,0,102,10,0,10,112
06/28/2017,CIC,CA,AWP,WE,Federal Contract Tower,0,1,3,0,4,0,22,66,0,88,0,23,69,0,92,0,0,0,92
06/29/2017,CIC,CA,AWP,WE,Federal Contract Tower,0,2,1,1,4,0,37,52,1,90,0,39,53,2,94,8,0,8,102
06/30/2017,CIC,CA,AWP,WE,Federal Contract Tower,0,3,2,0,5,0,29,73,0,102,0,32,75,0,107,18,0,18,125
07/01/2017,CIC,CA,AWP,WE,Federal Contract Tower,0,1,0,0,1,0,51,64,0,115,0,52,64,0,116,30,0,30,146
07/02/2017,CIC,CA,AWP,WE,Federal Contract Tower,0,2,1,0,3,0,66,43,0,109,0,68,44,0,112,10,0,10,122
07/03/2017,CIC,CA,AWP,WE,Federal Contract Tower,0,2,4,0,6,0,50,50,0,100,0,52,54,0,106,6,0,6,112
07/04/2017,CIC,CA,AWP,WE,Federal Contract Tower,0,8,0,0,8,0,35,47,0,82,0,43,47,0,90,14,0,14,104
07/05/2017,CIC,CA,AWP,WE,Federal Contract Tower,0,5,5,0,10,0,15,62,0,77,0,20,67,0,87,30,0,30,117
07/06/2017,CIC,CA,AWP,WE,Federal Contract Tower,0,1,4,0,5,0,31,65,0,96,0,32,69,0,101,78,0,78,179
07/07/2017,CIC,CA,AWP,WE,Federal Contract Tower,0,1,1,0,2,0,28,39,2,69,0,29,40,2,71,28,8,36,107
07/08/2017,CIC,CA,AWP,WE,Federal Contract Tower,0,1,2,0,3,0,123,25,0,148,0,124,27,0,151,14,0,14,165
07/09/2017,CIC,CA,AWP,WE,Federal Contract Tower,0,0,0,0,0,0,16,66,0,82,0,16,66,0,82,2,0,2,84
07/10/2017,CIC,CA,AWP,WE,Federal Contract Tower,0,2,7,6,15,0,21,56,0,77,0,23,63,6,92,4,14,18,110
07/11/2017,CIC,CA,AWP,WE,Federal Contract Tower,0,2,3,0,5,0,18,78,0,96,0,20,81,0,101,6,0,6,107
07/12/2017,CIC,CA,AWP,WE,Federal Contract Tower,0,3,1,2,6,0,16,64,1,81,0,19,65,3,87,28,14,42,129
07/13/2017,CIC,CA,AWP,WE,Federal Contract Tower,0,6,3,6,15,0,27,49,0,76,0,33,52,6,91,2,0,2,93
07/14/2017,CIC,CA,AWP,WE,Federal Contract Tower,0,2,1,1,4,0,19,57,7,83,0,21,58,8,87,38,18,56,143
07/15/2017,CIC,CA,AWP,WE,Federal Contract Tower,0,0,3,0,3,0,26,48,0,74,0,26,51,0,77,34,0,34,111
07/16/2017,CIC,CA,AWP,WE,Federal Contract Tower,0,0,0,0,0,0,8,31,0,39,0,8,31,0,39,14,0,14,53
07/17/2017,CIC,CA,AWP,WE,Federal Contract Tower,0,2,1,0,3,0,21,65,0,86,0,23,66,0,89,4,0,4,93
07/18/2017,CIC,CA,AWP,WE,Federal Contract Tower,0,1,2,0,3,0,30,90,0,120,0,31,92,0,123,30,0,30,153
07/19/2017,CIC,CA,AWP,WE,Federal Contract Tower,0,1,2,0,3,0,28,86,0,114,0,29,88,0,117,40,0,40,157
07/20/2017,CIC,CA,AWP,WE,Federal Contract Tower,0,8,2,0,10,0,15,68,0,83,0,23,70,0,93,36,0,36,129
07/21/2017,CIC,CA,AWP,WE,Federal Contract Tower,0,2,1,0,3,0,11,86,0,97,0,13,87,0,100,8,0,8,108
07/22/2017,CIC,CA,AWP,WE,Federal Contract Tower,0,0,1,0,1,0,19,52,0,71,0,19,53,0,72,26,0,26,98
07/23/2017,CIC,CA,AWP,WE,Federal Contract Tower,0,0,2,0,2,0,7,41,0,48,0,7,43,0,50,0,0,0,50
07/24/2017,CIC,CA,AWP,WE,Federal Contract Tower,0,2,3,2,7,0,26,47,0,73,0,28,50,2,80,2,2,4,84
07/25/2017,CIC,CA,AWP,WE,Federal Contract Tower,0,2,3,0,5,0,42,61,0,103,0,44,64,0,108,24,0,24,132
07/26/2017,CIC,CA,AWP,WE,Federal Contract Tower,0,1,3,3,7,0,18,74,1,93,0,19,77,4,100,36,8,44,144
07/27/2017,CIC,CA,AWP,WE,Federal Contract Tower,0,1,4,0,5,0,15,45,0,60,0,16,49,0,65,24,0,24,89
07/28/2017,CIC,CA,AWP,WE,Federal Contract Tower,0,1,2,0,3,0,29,49,0,78,0,30,51,0,81,32,0,32,113
07/29/2017,CIC,CA,AWP,WE,Federal Contract Tower,0,1,7,0,8,0,71,56,0,127,0,72,63,0,135,24,0,24,159
07/30/2017,CIC,CA,AWP,WE,Federal Contract Tower,0,1,1,0,2,0,73,46,0,119,0,74,47,0,121,14,0,14,135
07/31/2017,CIC,CA,AWP,WE,Federal Contract Tower,0,2,0,2,4,0,62,67,15,144,0,64,67,17,148,4,20,24,172
08/01/2017,CIC,CA,AWP,WE,Federal Contract Tower,0,4,2,0,6,0,36,67,0,103,0,40,69,0,109,6,0,6,115
08/02/2017,CIC,CA,AWP,WE,Federal Contract Tower,0,1,2,0,3,0,25,54,0,79,0,26,56,0,82,32,0,32,114
08/03/2017,CIC,CA,AWP,WE,Federal Contract Tower,0,1,4,0,5,0,11,48,0,59,0,12,52,0,64,6,0,6,70
08/04/2017,CIC,CA,AWP,WE,Federal Contract Tower,0,1,4,2,7,0,29,50,2,81,0,30,54,4,88,62,36,98,186
08/05/2017,CIC,CA,AWP,WE,Federal Contract Tower,0,0,5,0,5,0,31,44,0,75,0,31,49,0,80,8,0,8,88
08/06/2017,CIC,CA,AWP,WE,Federal Contract Tower,0,0,3,0,3,0,16,45,0,61,0,16,48,0,64,2,0,2,66
08/07/2017,CIC,CA,AWP,WE,Federal Contract Tower,0,2,2,1,5,0,31,63,2,96,0,33,65,3,101,30,0,30,131
08/08/2017,CIC,CA,AWP,WE,Federal Contract Tower,0,1,0,1,2,0,37,71,8,116,0,38,71,9,118,46,24,70,188
08/09/2017,CIC,CA,AWP,WE,Federal Contract Tower,0,3,2,0,5,0,23,56,3,82,0,26,58,3,87,34,0,34,121
08/10/2017,CIC,CA,AWP,WE,Federal Contract Tower,0,2,5,3,10,0,10,69,2,81,0,12,74,5,91,22,6,28,119
08/11/2017,CIC,CA,AWP,WE,Federal Contract Tower,0,2,2,1,5,0,39,88,1,128,0,41,90,2,133,24,10,34,167
08/12/2017,CIC,CA,AWP,WE,Federal Contract Tower,0,1,5,0,6,0,25,61,0,86,0,26,66,0,92,8,0,8,100
08/13/2017,CIC,CA,AWP,WE,Federal Contract Tower,0,1,5,0,6,0,26,56,0,82,0,27,61,0,88,6,0,6,94
08/14/2017,CIC,CA,AWP,WE,Federal Contract Tower,0,2,2,2,6,0,21,57,0,78,0,23,59,2,84,30,2,32,116
08/15/2017,CIC,CA,AWP,WE,Federal Contract Tower,0,7,3,0,10,0,27,67,1,95,0,34,70,1,105,10,12,22,127
08/16/2017,CIC,CA,AWP,WE,Federal Contract Tower,0,1,5,6,12,0,24,100,4,128,0,25,105,10,140,8,22,30,170
08/17/2017,CIC,CA,AWP,WE,Federal Contract Tower,0,2,4,0,6,0,21,47,0,68,0,23,51,0,74,14,0,14,88
08/18/2017,CIC,CA,AWP,WE,Federal Contract Tower,0,2,8,0,10,0,20,74,2,96,0,22,82,2,106,10,0,10,116
08/19/2017,CIC,CA,AWP,WE,Federal Contract Tower,0,0,3,0,3,0,23,84,0,107,0,23,87,0,110,18,0,18,128
08/20/2017,CIC,CA,AWP,WE,Federal Contract Tower,0,0,5,0,5,0,21,46,0,67,0,21,51,0,72,4,0,4,76
08/21/2017,CIC,CA,AWP,WE,Federal Contract Tower,0,1,5,2,8,0,21,87,3,111,0,22,92,5,119,14,0,14,133
08/22/2017,CIC,CA,AWP,WE,Federal Contract Tower,0,1,5,0,6,0,34,67,0,101,0,35,72,0,107,2,0,2,109
08/23/2017,CIC,CA,AWP,WE,Federal Contract Tower,0,1,8,2,11,0,10,62,6,78,0,11,70,8,89,12,12,24,113
08/24/2017,CIC,CA,AWP,WE,Federal Contract Tower,0,3,5,4,12,0,25,76,0,101,0,28,81,4,113,16,12,28,141
08/25/2017,CIC,CA,AWP,WE,Federal Contract Tower,0,4,2,0,6,0,12,41,0,53,0,16,43,0,59,12,0,12,71
08/26/2017,CIC,CA,AWP,WE,Federal Contract Tower,0,2,6,0,8,0,15,61,0,76,0,17,67,0,84,30,0,30,114
08/27/2017,CIC,CA,AWP,WE,Federal Contract Tower,0,0,1,0,1,0,11,44,0,55,0,11,45,0,56,8,0,8,64
08/28/2017,CIC,CA,AWP,WE,Federal Contract Tower,0,2,1,0,3,0,13,47,0,60,0,15,48,0,63,36,0,36,99
08/29/2017,CIC,CA,AWP,WE,Federal Contract Tower,0,2,0,0,2,0,71,57,0,128,0,73,57,0,130,26,0,26,156
08/30/2017,CIC,CA,AWP,WE,Federal Contract Tower,0,1,5,0,6,0,136,58,0,194,0,137,63,0,200,0,0,0,200
08/31/2017,CIC,CA,AWP,WE,Federal Contract Tower,0,1,4,0,5,0,84,45,10,139,0,85,49,10,144,0,0,0,144
09/01/2017,CIC,CA,AWP,WE,Federal Contract Tower,0,2,2,1,5,0,57,30,0,87,0,59,32,1,92,2,0,2,94
09/02/2017,CIC,CA,AWP,WE,Federal Contract Tower,0,0,1,0,1,0,11,23,0,34,0,11,24,0,35,0,0,0,35
09/03/2017,CIC,CA,AWP,WE,Federal Contract Tower,0,0,1,0,1,0,25,31,0,56,0,25,32,0,57,22,0,22,79
09/04/2017,CIC,CA,AWP,WE,Federal Contract Tower,0,0,5,0,5,0,30,55,0,85,0,30,60,0,90,24,0,24,114
09/05/2017,CIC,CA,AWP,WE,Federal Contract Tower,0,4,4,5,13,0,16,60,1,77,0,20,64,6,90,18,0,18,108
09/06/2017,CIC,CA,AWP,WE,Federal Contract Tower,0,5,1,0,6,0,35,65,2,102,0,40,66,2,108,24,12,36,144
09/07/2017,CIC,CA,AWP,WE,Federal Contract Tower,0,2,3,0,5,0,10,42,0,52,0,12,45,0,57,10,0,10,67
09/08/2017,CIC,CA,AWP,WE,Federal Contract Tower,0,2,3,0,5,0,19,72,0,91,0,21,75,0,96,46,0,46,142
09/09/2017,CIC,CA,AWP,WE,Federal Contract Tower,0,6,2,2,10,0,18,68,2,88,0,24,70,4,98,12,10,22,120
09/10/2017,CIC,CA,AWP,WE,Federal Contract Tower,0,0,0,0,0,0,20,56,0,76,0,20,56,0,76,2,0,2,78
09/11/2017,CIC,CA,AWP,WE,Federal Contract Tower,0,5,3,4,12,0,7,51,0,58,0,12,54,4,70,36,4,40,110
09/12/2017,CIC,CA,AWP,WE,Federal Contract Tower,0,4,3,2,9,0,54,55,0,109,0,58,58,2,118,54,2,56,174
09/13/2017,CIC,CA,AWP,WE,Federal Contract Tower,0,8,4,0,12,0,83,52,2,137,0,91,56,2,149,26,0,26,175
09/14/2017,CIC,CA,AWP,WE,Federal Contract Tower,0,4,15,0,19,0,11,27,0,38,0,15,42,0,57,14,0,14,71
09/15/2017,CIC,CA,AWP,WE,Federal Contract Tower,0,3,5,0,8,0,21,50,0,71,0,24,55,0,79,8,0,8,87
09/16/2017,CIC,CA,AWP,WE,Federal Contract Tower,0,0,2,3,5,0,33,50,3,86,0,33,52,6,91,24,0,24,115
09/17/2017,CIC,CA,AWP,WE,Federal Contract Tower,0,1,2,0,3,0,16,54,0,70,0,17,56,0,73,24,0,24,97
09/18/2017,CIC,CA,AWP,WE,Federal Contract Tower,0,3,2,0,5,0,27,62,2,91,0,30,64,2,96,4,0,4,100
09/19/2017,CIC,CA,AWP,WE,Federal Contract Tower,0,2,2,0,4,0,26,58,0,84,0,28,60,0,88,20,0,20,108
09/20/2017,CIC,CA,AWP,WE,Federal Contract Tower,0,1,5,0,6,0,16,62,0,78,0,17,67,0,84,26,0,26,110
09/21/2017,CIC,CA,AWP,WE,Federal Contract Tower,0,3,4,0,7,0,20,69,0,89,0,23,73,0,96,46,0,46,142
09/22/2017,CIC,CA,AWP,WE,Federal Contract Tower,0,3,6,0,9,0,11,70,0,81,0,14,76,0,90,38,0,38,128
09/23/2017,CIC,CA,AWP,WE,Federal Contract Tower,0,0,4,0,4,0,30,74,0,104,0,30,78,0,108,28,0,28,136
09/24/2017,CIC,CA,AWP,WE,Federal Contract Tower,0,3,4,0,7,0,21,68,0,89,0,24,72,0,96,28,0,28,124
09/25/2017,CIC,CA,AWP,WE,Federal Contract Tower,0,3,3,0,6,0,68,61,2,131,0,71,64,2,137,16,2,18,155
09/26/2017,CIC,CA,AWP,WE,Federal Contract Tower,0,2,5,1,8,0,27,44,0,71,0,29,49,1,79,22,0,22,101
09/27/2017,CIC,CA,AWP,WE,Federal Contract Tower,0,3,3,0,6,0,29,63,0,92,0,32,66,0,98,18,0,18,116
09/28/2017,CIC,CA,AWP,WE,Federal Contract Tower,0,4,1,0,5,0,64,74,0,138,0,68,75,0,143,22,0,22,165
09/29/2017,CIC,CA,AWP,WE,Federal Contract Tower,0,2,2,0,4,0,25,83,0,108,0,27,85,0,112,56,0,56,168
09/30/2017,CIC,CA,AWP,WE,Federal Contract Tower,0,2,0,0,2,0,5,51,0,56,0,7,51,0,58,20,0,20,78
10/01/2017,CIC,CA,AWP,WE,Federal Contract Tower,0,0,2,0,2,0,23,14,0,37,0,23,16,0,39,2,0,2,41
10/02/2017,CIC,CA,AWP,WE,Federal Contract Tower,0,2,3,0,5,0,22,47,0,69,0,24,50,0,74,0,0,0,74
10/03/2017,CIC,CA,AWP,WE,Federal Contract Tower,0,2,2,1,5,0,23,76,3,102,0,25,78,4,107,2,24,26,133
10/04/2017,CIC,CA,AWP,WE,Federal Contract Tower,0,3,7,0,10,0,26,104,0,130,0,29,111,0,140,38,0,38,178
10/05/2017,CIC,CA,AWP,WE,Federal Contract Tower,0,4,2,0,6,0,14,91,2,107,0,18,93,2,113,34,24,58,171
10/06/2017,CIC,CA,AWP,WE,Federal Contract Tower,0,2,0,0,2,0,40,96,0,136,0,42,96,0,138,22,0,22,160
10/07/2017,CIC,CA,AWP,WE,Federal Contract Tower,0,0,1,0,1,0,21,90,0,111,0,21,91,0,112,26,0,26,138
10/08/2017,CIC,CA,AWP,WE,Federal Contract Tower,0,0,1,0,1,0,34,38,0,72,0,34,39,0,73,0,0,0,73
10/09/2017,CIC,CA,AWP,WE,Federal Contract Tower,0,1,1,0,2,0,132,41,0,173,0,133,42,0,175,0,0,0,175
10/10/2017,CIC,CA,AWP,WE,Federal Contract Tower,0,7,3,0,10,0,74,55,0,129,0,81,58,0,139,6,0,6,145
10/11/2017,CIC,CA,AWP,WE,Federal Contract Tower,0,2,3,0,5,0,87,42,0,129,0,89,45,0,134,0,0,0,134
10/12/2017,CIC,CA,AWP,WE,Federal Contract Tower,0,3,0,0,3,0,89,33,0,122,0,92,33,0,125,0,0,0,125
10/13/2017,CIC,CA,AWP,WE,Federal Contract Tower,0,4,1,1,6,0,113,54,1,168,0,117,55,2,174,2,0,2,176
10/14/2017,CIC,CA,AWP,WE,Federal Contract Tower,0,1,0,4,5,0,65,35,0,100,0,66,35,4,105,66,4,70,175
10/15/2017,CIC,CA,AWP,WE,Federal Contract Tower,0,1,2,0,3,0,90,72,0,162,0,91,74,0,165,40,0,40,205
10/16/2017,CIC,CA,AWP,WE,Federal Contract Tower,0,3,1,0,4,0,80,52,0,132,0,83,53,0,136,34,0,34,170
10/17/2017,CIC,CA,AWP,WE,Federal Contract Tower,0,2,5,0,7,0,46,50,0,96,0,48,55,0,103,20,0,20,123
10/18/2017,CIC,CA,AWP,WE,Federal Contract Tower,0,4,1,1,6,0,23,83,2,108,0,27,84,3,114,48,16,64,178
10/19/2017,CIC,CA,AWP,WE,Federal Contract Tower,0,7,10,0,17,0,19,51,0,70,0,26,61,0,87,0,0,0,87
10/20/2017,CIC,CA,AWP,WE,Federal Contract Tower,0,8,4,0,12,0,14,40,0,54,0,22,44,0,66,8,0,8,74
10/21/2017,CIC,CA,AWP,WE,Federal Contract Tower,0,0,1,0,1,0,11,38,0,49,0,11,39,0,50,24,0,24,74
10/22/2017,CIC,CA,AWP,WE,Federal Contract Tower,0,2,1,0,3,0,18,89,0,107,0,20,90,0,110,24,0,24,134
10/23/2017,CIC,CA,AWP,WE,Federal Contract Tower,0,4,0,0,4,0,5,51,0,56,0,9,51,0,60,12,0,12,72
10/24/2017,CIC,CA,AWP,WE,Federal Contract Tower,0,1,1,0,2,0,22,62,0,84,0,23,63,0,86,12,0,12,98
10/25/2017,CIC,CA,AWP,WE,Federal Contract Tower,0,2,5,0,7,0,11,53,0,64,0,13,58,0,71,22,0,22,93
10/26/2017,CIC,CA,AWP,WE,Federal Contract Tower,0,3,4,0,7,0,24,58,0,82,0,27,62,0,89,22,0,22,111
10/27/2017,CIC,CA,AWP,WE,Federal Contract Tower,0,6,3,0,9,0,40,64,4,108,0,46,67,4,117,30,0,30,147
10/28/2017,CIC,CA,AWP,WE,Federal Contract Tower,0,2,1,0,3,0,36,85,0,121,0,38,86,0,124,40,0,40,164
10/29/2017,CIC,CA,AWP,WE,Federal Contract Tower,0,0,4,0,4,0,22,46,0,68,0,22,50,0,72,20,0,20,92
10/30/2017,CIC,CA,AWP,WE,Federal Contract Tower,0,2,0,0,2,0,6,56,0,62,0,8,56,0,64,16,0,16,80
10/31/2017,CIC,CA,AWP,WE,Federal Contract Tower,0,4,0,0,4,0,20,38,0,58,0,24,38,0,62,6,0,6,68
11/01/2017,CIC,CA,AWP,WE,Federal Contract Tower,0,1,6,0,7,0,19,78,0,97,0,20,84,0,104,18,0,18,122
11/02/2017,CIC,CA,AWP,WE,Federal Contract Tower,0,4,4,0,8,0,17,55,0,72,0,21,59,0,80,12,0,12,92
11/03/2017,CIC,CA,AWP,WE,Federal Contract Tower,0,5,7,0,12,0,11,13,0,24,0,16,20,0,36,12,0,12,48
11/04/2017,CIC,CA,AWP,WE,Federal Contract Tower,0,5,3,0,8,0,1,19,0,20,0,6,22,0,28,4,0,4,32
11/05/2017,CIC,CA,AWP,WE,Federal Contract Tower,0,2,1,0,3,0,23,27,0,50,0,25,28,0,53,8,0,8,61
11/06/2017,CIC,CA,AWP,WE,Federal Contract Tower,0,3,1,4,8,0,20,61,0,81,0,23,62,4,89,30,4,34,123
11/07/2017,CIC,CA,AWP,WE,Federal Contract Tower,0,1,5,0,6,0,30,72,0,102,0,31,77,0,108,30,0,30,138
11/08/2017,CIC,CA,AWP,WE,Federal Contract Tower,0,9,11,0,20,0,4,23,0,27,0,13,34,0,47,2,0,2,49
11/09/2017,CIC,CA,AWP,WE,Federal Contract Tower,0,6,6,0,12,0,15,36,0,51,0,21,42,0,63,0,0,0,63
11/10/2017,CIC,CA,AWP,WE,Federal Contract Tower,0,8,19,0,27,0,7,15,0,22,0,15,34,0,49,16,0,16,65
11/11/2017,CIC,CA,AWP,WE,Federal Contract Tower,0,3,6,0,9,0,21,73,0,94,0,24,79,0,103,32,0,32,135
11/12/2017,CIC,CA,AWP,WE,Federal Contract Tower,0,0,8,0,8,0,20,50,0,70,0,20,58,0,78,12,0,12,90
11/13/2017,CIC,CA,AWP,WE,Federal Contract Tower,0,6,5,0,11,0,15,16,0,31,0,21,21,0,42,0,0,0,42
11/14/2017,CIC,CA,AWP,WE,Federal Contract Tower,0,2,2,0,4,0,26,101,0,127,0,28,103,0,131,28,0,28,159
11/15/2017,CIC,CA,AWP,WE,Federal Contract Tower,0,13,5,0,18,0,2,3,0,5,0,15,8,0,23,0,0,0,23
11/16/2017,CIC,CA,AWP,WE,Federal Contract Tower,0,7,11,0,18,0,5,3,0,8,0,12,14,0,26,0,0,0,26
11/17/2017,CIC,CA,AWP,WE,Federal Contract Tower,0,1,1,0,2,0,13,70,0,83,0,14,71,0,85,44,0,44,129
11/18/2017,CIC,CA,AWP,WE,Federal Contract Tower,0,4,0,0,4,0,16,78,2,96,0,20,78,2,100,24,0,24,124
11/19/2017,CIC,CA,AWP,WE,Federal Contract Tower,0,2,1,0,3,0,9,53,0,62,0,11,54,0,65,30,0,30,95
11/20/2017,CIC,CA,AWP,WE,Federal Contract Tower,0,6,10,0,16,0,0,10,0,10,0,6,20,0,26,0,0,0,26
11/21/2017,CIC,CA,AWP,WE,Federal Contract Tower,0,3,1,0,4,0,18,43,2,63,0,21,44,2,67,26,8,34,101
11/22/2017,CIC,CA,AWP,WE,Federal Contract Tower,0,3,0,0,3,0,28,75,0,103,0,31,75,0,106,14,0,14,120
11/23/2017,CIC,CA,AWP,WE,Federal Contract Tower,0,0,0,0,0,0,0,19,0,19,0,0,19,0,19,20,0,20,39
11/24/2017,CIC,CA,AWP,WE,Federal Contract Tower,0,1,2,0,3,0,18,48,0,66,0,19,50,0,69,12,0,12,81
11/25/2017,CIC,CA,AWP,WE,Federal Contract Tower,0,0,2,0,2,0,25,54,0,79,0,25,56,0,81,8,0,8,89
11/26/2017,CIC,CA,AWP,WE,Federal Contract Tower,0,0,5,0,5,0,0,0,0,0,0,0,5,0,5,0,0,0,5
11/27/2017,CIC,CA,AWP,WE,Federal Contract Tower,0,1,9,0,10,0,21,45,0,66,0,22,54,0,76,24,0,24,100
11/28/2017,CIC,CA,AWP,WE,Federal Contract Tower,0,3,1,0,4,0,12,48,0,60,0,15,49,0,64,16,0,16,80
11/29/2017,CIC,CA,AWP,WE,Federal Contract Tower,0,5,1,4,10,0,26,50,0,76,0,31,51,4,86,22,14,36,122
11/30/2017,CIC,CA,AWP,WE,Federal Contract Tower,0,1,2,0,3,0,43,67,3,113,0,44,69,3,116,18,4,22,138
12/01/2017,CIC,CA,AWP,WE,Federal Contract Tower,0,6,4,0,10,0,13,76,0,89,0,19,80,0,99,16,0,16,115
12/02/2017,CIC,CA,AWP,WE,Federal Contract Tower,0,0,2,0,2,0,5,28,0,33,0,5,30,0,35,10,0,10,45
12/03/2017,CIC,CA,AWP,WE,Federal Contract Tower,0,0,2,0,2,0,19,81,0,100,0,19,83,0,102,56,0,56,158
12/04/2017,CIC,CA,AWP,WE,Federal Contract Tower,0,2,4,0,6,0,8,38,1,47,0,10,42,1,53,2,0,2,55
12/05/2017,CIC,CA,AWP,WE,Federal Contract Tower,0,4,1,2,7,0,16,48,1,65,0,20,49,3,72,20,2,22,94
12/06/2017,CIC,CA,AWP,WE,Federal Contract Tower,0,4,5,0,9,0,14,77,0,91,0,18,82,0,100,36,0,36,136
12/07/2017,CIC,CA,AWP,WE,Federal Contract Tower,0,1,6,4,11,0,11,78,0,89,0,12,84,4,100,23,0,23,123
12/08/2017,CIC,CA,AWP,WE,Federal Contract Tower,0,1,6,0,7,0,19,85,0,104,0,20,91,0,111,28,0,28,139
12/09/2017,CIC,CA,AWP,WE,Federal Contract Tower,0,8,2,0,10,0,14,64,0,78,0,22,66,0,88,38,0,38,126
12/10/2017,CIC,CA,AWP,WE,Federal Contract Tower,0,4,1,0,5,0,17,51,0,68,0,21,52,0,73,6,0,6,79
12/11/2017,CIC,CA,AWP,WE,Federal Contract Tower,0,8,2,0,10,0,9,46,0,55,0,17,48,0,65,18,0,18,83
12/12/2017,CIC,CA,AWP,WE,Federal Contract Tower,0,4,4,0,8,0,9,42,2,53,0,13,46,2,61,4,0,4,65
12/13/2017,CIC,CA,AWP,WE,Federal Contract Tower,0,4,4,2,10,0,18,55,0,73,0,22,59,2,83,28,0,28,111
12/14/2017,CIC,CA,AWP,WE,Federal Contract Tower,0,4,1,0,5,0,11,63,0,74,0,15,64,0,79,36,0,36,115
12/15/2017,CIC,CA,AWP,WE,Federal Contract Tower,0,6,9,0,15,0,20,63,0,83,0,26,72,0,98,32,0,32,130
12/16/2017,CIC,CA,AWP,WE,Federal Contract Tower,0,0,2,0,2,0,7,30,0,37,0,7,32,0,39,8,0,8,47
12/17/2017,CIC,CA,AWP,WE,Federal Contract Tower,0,0,2,0,2,0,8,54,0,62,0,8,56,0,64,12,0,12,76
12/18/2017,CIC,CA,AWP,WE,Federal Contract Tower,0,6,1,0,7,0,34,42,0,76,0,40,43,0,83,46,0,46,129
12/19/2017,CIC,CA,AWP,WE,Federal Contract Tower,0,6,0,0,6,0,18,56,0,74,0,24,56,0,80,46,0,46,126
12/20/2017,CIC,CA,AWP,WE,Federal Contract Tower,0,4,3,2,9,0,26,68,1,95,0,30,71,3,104,8,4,12,116
12/21/2017,CIC,CA,AWP,WE,Federal Contract Tower,0,4,2,0,6,0,12,67,0,79,0,16,69,0,85,15,0,15,100
12/22/2017,CIC,CA,AWP,WE,Federal Contract Tower,0,7,3,0,10,0,12,67,0,79,0,19,70,0,89,16,0,16,105
12/23/2017,CIC,CA,AWP,WE,Federal Contract Tower,0,0,2,0,2,0,17,35,0,52,0,17,37,0,54,6,0,6,60
12/24/2017,CIC,CA,AWP,WE,Federal Contract Tower,0,0,0,0,0,0,6,20,0,26,0,6,20,0,26,12,0,12,38
12/25/2017,CIC,CA,AWP,WE,Federal Contract Tower,0,2,0,0,2,0,11,14,0,25,0,13,14,0,27,0,0,0,27
12/26/2017,CIC,CA,AWP,WE,Federal Contract Tower,0,2,2,0,4,0,21,45,0,66,0,23,47,0,70,16,0,16,86
12/27/2017,CIC,CA,AWP,WE,Federal Contract Tower,0,2,2,1,5,0,20,41,1,62,0,22,43,2,67,20,8,28,95
12/28/2017,CIC,CA,AWP,WE,Federal Contract Tower,0,4,2,0,6,0,7,47,0,54,0,11,49,0,60,8,0,8,68
12/29/2017,CIC,CA,AWP,WE,Federal Contract Tower,0,2,0,0,2,0,22,51,0,73,0,24,51,0,75,0,23,23,98
12/30/2017,CIC,CA,AWP,WE,Federal Contract Tower,0,0,0,0,0,0,10,54,0,64,0,10,54,0,64,4,0,4,68
12/31/2017,CIC,CA,AWP,WE,Federal Contract Tower,0,0,2,0,2,0,7,46,0,53,0,7,48,0,55,0,0,0,55
01/01/2018,CIC,CA,AWP,WE,Federal Contract Tower,0,0,0,0,0,0,14,30,0,44,0,14,30,0,44,0,0,0,44
01/02/2018,CIC,CA,AWP,WE,Federal Contract Tower,0,2,2,2,6,0,15,29,0,44,0,17,31,2,50,22,0,22,72
01/03/2018,CIC,CA,AWP,WE,Federal Contract Tower,0,6,7,0,13,0,23,55,2,80,0,29,62,2,93,0,0,0,93
01/04/2018,CIC,CA,AWP,WE,Federal Contract Tower,0,11,8,0,19,0,8,30,0,38,0,19,38,0,57,0,0,0,57
01/05/2018,CIC,CA,AWP,WE,Federal Contract Tower,0,13,6,0,19,0,0,5,0,5,0,13,11,0,24,0,0,0,24
01/06/2018,CIC,CA,AWP,WE,Federal Contract Tower,0,4,3,0,7,0,9,36,0,45,0,13,39,0,52,40,0,40,92
01/07/2018,CIC,CA,AWP,WE,Federal Contract Tower,0,2,1,0,3,0,3,38,0,41,0,5,39,0,44,28,0,28,72
01/08/2018,CIC,CA,AWP,WE,Federal Contract Tower,0,0,0,0,0,0,0,0,0,0,0,0,0,0,0,0,0,0,0
01/09/2018,CIC,CA,AWP,WE,Federal Contract Tower,0,12,12,0,24,0,12,7,0,19,0,24,19,0,43,14,0,14,57
01/10/2018,CIC,CA,AWP,WE,Federal Contract Tower,0,15,19,0,34,0,4,16,0,20,0,19,35,0,54,8,0,8,62
01/11/2018,CIC,CA,AWP,WE,Federal Contract Tower,0,6,8,0,14,0,14,51,4,69,0,20,59,4,83,20,12,32,115
01/12/2018,CIC,CA,AWP,WE,Federal Contract Tower,0,5,2,0,7,0,28,49,0,77,0,33,51,0,84,10,0,10,94
01/13/2018,CIC,CA,AWP,WE,Federal Contract Tower,0,3,9,0,12,0,3,27,0,30,0,6,36,0,42,10,0,10,52
01/14/2018,CIC,CA,AWP,WE,Federal Contract Tower,0,11,4,0,15,0,0,1,0,1,0,11,5,0,16,0,0,0,16
01/15/2018,CIC,CA,AWP,WE,Federal Contract Tower,0,4,3,0,7,0,4,27,0,31,0,8,30,0,38,6,0,6,44
01/16/2018,CIC,CA,AWP,WE,Federal Contract Tower,0,13,1,5,19,0,15,30,1,46,0,28,31,6,65,0,16,16,81
01/17/2018,CIC,CA,AWP,WE,Federal Contract Tower,0,10,18,0,28,0,0,0,0,0,0,10,18,0,28,0,0,0,28
01/18/2018,CIC,CA,AWP,WE,Federal Contract Tower,0,8,3,0,11,0,4,2,0,6,0,12,5,0,17,0,0,0,17
01/19/2018,CIC,CA,AWP,WE,Federal Contract Tower,0,4,4,1,9,0,21,60,1,82,0,25,64,2,91,0,18,18,109
01/20/2018,CIC,CA,AWP,WE,Federal Contract Tower,0,2,4,0,6,0,9,121,0,130,0,11,125,0,136,14,0,14,150
01/21/2018,CIC,CA,AWP,WE,Federal Contract Tower,0,6,2,0,8,0,10,30,0,40,0,16,32,0,48,14,0,14,62
01/22/2018,CIC,CA,AWP,WE,Federal Contract Tower,0,10,14,4,28,0,4,1,0,5,0,14,15,4,33,6,4,10,43
01/23/2018,CIC,CA,AWP,WE,Federal Contract Tower,0,5,4,0,9,0,17,22,0,39,0,22,26,0,48,24,0,24,72
01/24/2018,CIC,CA,AWP,WE,Federal Contract Tower,0,8,3,0,11,0,1,4,0,5,0,9,7,0,16,0,0,0,16
01/25/2018,CIC,CA,AWP,WE,Federal Contract Tower,0,4,10,0,14,0,3,27,0,30,0,7,37,0,44,2,0,2,46
01/26/2018,CIC,CA,AWP,WE,Federal Contract Tower,0,2,14,0,16,0,7,38,0,45,0,9,52,0,61,22,0,22,83
01/27/2018,CIC,CA,AWP,WE,Federal Contract Tower,0,8,1,0,9,0,16,74,0,90,0,24,75,0,99,32,0,32,131
01/28/2018,CIC,CA,AWP,WE,Federal Contract Tower,0,6,0,0,6,0,9,62,0,71,0,15,62,0,77,18,0,18,95
01/29/2018,CIC,CA,AWP,WE,Federal Contract Tower,0,4,3,0,7,0,17,42,0,59,0,21,45,0,66,22,0,22,88
01/30/2018,CIC,CA,AWP,WE,Federal Contract Tower,0,4,1,0,5,0,24,74,0,98,0,28,75,0,103,34,0,34,137
01/31/2018,CIC,CA,AWP,WE,Federal Contract Tower,0,10,6,0,16,0,19,54,0,73,0,29,60,0,89,36,0,36,125
02/01/2018,CIC,CA,AWP,WE,Federal Contract Tower,0,4,1,0,5,0,0,0,0,0,0,4,1,0,5,8,0,8,13
02/02/2018,CIC,CA,AWP,WE,Federal Contract Tower,0,2,0,0,2,0,24,61,0,85,0,26,61,0,87,10,0,10,97
02/03/2018,CIC,CA,AWP,WE,Federal Contract Tower,0,0,0,0,0,0,15,77,0,92,0,15,77,0,92,28,0,28,120
02/04/2018,CIC,CA,AWP,WE,Federal Contract Tower,0,0,1,0,1,0,13,46,0,59,0,13,47,0,60,24,0,24,84
02/05/2018,CIC,CA,AWP,WE,Federal Contract Tower,0,6,2,6,14,0,9,46,0,55,0,15,48,6,69,14,6,20,89
02/06/2018,CIC,CA,AWP,WE,Federal Contract Tower,0,3,2,0,5,0,12,46,0,58,0,15,48,0,63,14,0,14,77
02/07/2018,CIC,CA,AWP,WE,Federal Contract Tower,0,1,4,0,5,0,21,59,0,80,0,22,63,0,85,30,0,30,115
02/08/2018,CIC,CA,AWP,WE,Federal Contract Tower,0,2,0,2,4,0,3,84,0,87,0,5,84,2,91,2,0,2,93
02/09/2018,CIC,CA,AWP,WE,Federal Contract Tower,0,4,3,0,7,0,16,82,0,98,0,20,85,0,105,4,0,4,109
02/10/2018,CIC,CA,AWP,WE,Federal Contract Tower,0,5,1,0,6,0,13,56,0,69,0,18,57,0,75,16,0,16,91
02/11/2018,CIC,CA,AWP,WE,Federal Contract Tower,0,0,3,0,3,0,16,55,0,71,0,16,58,0,74,8,0,8,82
02/12/2018,CIC,CA,AWP,WE,Federal Contract Tower,0,4,0,4,8,0,27,53,0,80,0,31,53,4,88,32,14,46,134
02/13/2018,CIC,CA,AWP,WE,Federal Contract Tower,0,1,0,0,1,0,24,56,0,80,0,25,56,0,81,64,0,64,145
02/14/2018,CIC,CA,AWP,WE,Federal Contract Tower,0,2,4,1,7,0,19,50,3,72,0,21,54,4,79,14,10,24,103
02/15/2018,CIC,CA,AWP,WE,Federal Contract Tower,0,4,1,0,5,0,17,53,0,70,0,21,54,0,75,0,0,0,75
02/16/2018,CIC,CA,AWP,WE,Federal Contract Tower,0,3,2,0,5,0,25,60,0,85,0,28,62,0,90,26,0,26,116
02/17/2018,CIC,CA,AWP,WE,Federal Contract Tower,0,6,1,0,7,0,28,89,0,117,0,34,90,0,124,50,0,50,174
02/18/2018,CIC,CA,AWP,WE,Federal Contract Tower,0,4,3,0,7,0,7,24,0,31,0,11,27,0,38,32,0,32,70
02/19/2018,CIC,CA,AWP,WE,Federal Contract Tower,0,5,5,0,10,0,21,74,0,95,0,26,79,0,105,48,0,48,153
02/20/2018,CIC,CA,AWP,WE,Federal Contract Tower,0,3,3,0,6,0,15,45,2,62,0,18,48,2,68,6,2,8,76
02/21/2018,CIC,CA,AWP,WE,Federal Contract Tower,0,2,4,2,8,0,19,61,0,80,0,21,65,2,88,12,6,18,106
02/22/2018,CIC,CA,AWP,WE,Federal Contract Tower,0,2,11,0,13,0,9,45,0,54,0,11,56,0,67,6,0,6,73
02/23/2018,CIC,CA,AWP,WE,Federal Contract Tower,0,2,5,0,7,0,11,32,0,43,0,13,37,0,50,3,0,3,53
02/24/2018,CIC,CA,AWP,WE,Federal Contract Tower,0,1,3,0,4,0,36,52,0,88,0,37,55,0,92,46,0,46,138
02/25/2018,CIC,CA,AWP,WE,Federal Contract Tower,0,2,0,0,2,0,18,68,0,86,0,20,68,0,88,62,0,62,150
02/26/2018,CIC,CA,AWP,WE,Federal Contract Tower,0,5,6,0,11,0,9,10,0,19,0,14,16,0,30,0,0,0,30
02/27/2018,CIC,CA,AWP,WE,Federal Contract Tower,0,2,3,3,8,0,10,46,1,57,0,12,49,4,65,6,0,6,71
02/28/2018,CIC,CA,AWP,WE,Federal Contract Tower,0,7,3,0,10,0,17,23,0,40,0,24,26,0,50,22,0,22,72
03/01/2018,CIC,CA,AWP,WE,Federal Contract Tower,0,3,2,0,5,0,7,8,0,15,0,10,10,0,20,0,0,0,20
03/02/2018,CIC,CA,AWP,WE,Federal Contract Tower,0,7,7,0,14,0,13,26,3,42,0,20,33,3,56,24,0,24,80
03/03/2018,CIC,CA,AWP,WE,Federal Contract Tower,0,6,12,0,18,0,7,9,0,16,0,13,21,0,34,2,0,2,36
03/04/2018,CIC,CA,AWP,WE,Federal Contract Tower,0,6,0,0,6,0,16,40,0,56,0,22,40,0,62,50,0,50,112
03/05/2018,CIC,CA,AWP,WE,Federal Contract Tower,0,6,1,0,7,0,14,46,0,60,0,20,47,0,67,32,0,32,99
03/06/2018,CIC,CA,AWP,WE,Federal Contract Tower,0,1,2,0,3,0,38,71,16,125,0,39,73,16,128,36,0,36,164
03/07/2018,CIC,CA,AWP,WE,Federal Contract Tower,0,1,2,0,3,0,27,56,0,83,0,28,58,0,86,0,0,0,86
03/08/2018,CIC,CA,AWP,WE,Federal Contract Tower,0,6,8,0,14,0,17,46,0,63,0,23,54,0,77,4,0,4,81
03/09/2018,CIC,CA,AWP,WE,Federal Contract Tower,0,4,5,3,12,0,25,57,4,86,0,29,62,7,98,10,18,28,126
03/10/2018,CIC,CA,AWP,WE,Federal Contract Tower,0,2,3,0,5,0,27,48,0,75,0,29,51,0,80,22,0,22,102
03/11/2018,CIC,CA,AWP,WE,Federal Contract Tower,0,2,0,0,2,0,15,86,0,101,0,17,86,0,103,64,0,64,167
03/12/2018,CIC,CA,AWP,WE,Federal Contract Tower,0,1,4,0,5,0,23,54,2,79,0,24,58,2,84,4,20,24,108
03/13/2018,CIC,CA,AWP,WE,Federal Contract Tower,0,5,3,0,8,0,11,0,0,11,0,16,3,0,19,0,0,0,19
03/14/2018,CIC,CA,AWP,WE,Federal Contract Tower,0,2,10,0,12,0,8,4,0,12,0,10,14,0,24,0,0,0,24
03/15/2018,CIC,CA,AWP,WE,Federal Contract Tower,0,10,5,0,15,0,2,9,0,11,0,12,14,0,26,6,0,6,32
03/16/2018,CIC,CA,AWP,WE,Federal Contract Tower,0,6,3,0,9,0,11,29,0,40,0,17,32,0,49,0,0,0,49
03/17/2018,CIC,CA,AWP,WE,Federal Contract Tower,0,3,4,0,7,0,20,37,0,57,0,23,41,0,64,16,0,16,80
03/18/2018,CIC,CA,AWP,WE,Federal Contract Tower,0,4,3,0,7,0,18,61,2,81,0,22,64,2,88,44,0,44,132
03/19/2018,CIC,CA,AWP,WE,Federal Contract Tower,0,6,2,1,9,0,11,63,2,76,0,17,65,3,85,16,20,36,121
03/20/2018,CIC,CA,AWP,WE,Federal Contract Tower,0,16,6,0,22,0,17,28,1,46,0,33,34,1,68,16,0,16,84
03/21/2018,CIC,CA,AWP,WE,Federal Contract Tower,0,12,8,0,20,0,0,1,0,1,0,12,9,0,21,0,0,0,21
03/22/2018,CIC,CA,AWP,WE,Federal Contract Tower,0,13,0,0,13,0,9,3,0,12,0,22,3,0,25,0,0,0,25
03/23/2018,CIC,CA,AWP,WE,Federal Contract Tower,0,0,10,0,10,0,33,58,0,91,0,33,68,0,101,0,0,0,101
03/24/2018,CIC,CA,AWP,WE,Federal Contract Tower,0,6,1,0,7,0,30,25,0,55,0,36,26,0,62,10,0,10,72
03/25/2018,CIC,CA,AWP,WE,Federal Contract Tower,0,0,1,0,1,0,16,40,0,56,0,16,41,0,57,42,0,42,99
03/26/2018,CIC,CA,AWP,WE,Federal Contract Tower,0,6,2,0,8,0,31,50,0,81,0,37,52,0,89,68,0,68,157
03/27/2018,CIC,CA,AWP,WE,Federal Contract Tower,0,3,1,0,4,0,20,42,0,62,0,23,43,0,66,24,0,24,90
03/28/2018,CIC,CA,AWP,WE,Federal Contract Tower,0,3,5,0,8,0,26,61,0,87,0,29,66,0,95,14,0,14,109
03/29/2018,CIC,CA,AWP,WE,Federal Contract Tower,0,2,5,0,7,0,24,62,0,86,0,26,67,0,93,8,0,8,101
03/30/2018,CIC,CA,AWP,WE,Federal Contract Tower,0,2,2,1,5,0,14,114,5,133,0,16,116,6,138,12,20,32,170
03/31/2018,CIC,CA,AWP,WE,Federal Contract Tower,0,2,0,0,2,0,29,73,0,102,0,31,73,0,104,22,0,22,126
04/01/2018,CIC,CA,AWP,WE,Federal Contract Tower,0,1,2,0,3,0,15,44,0,59,0,16,46,0,62,4,0,4,66
04/02/2018,CIC,CA,AWP,WE,Federal Contract Tower,0,4,1,0,5,0,27,44,4,75,0,31,45,4,80,32,4,36,116
04/03/2018,CIC,CA,AWP,WE,Federal Contract Tower,0,2,2,0,4,0,14,58,0,72,0,16,60,0,76,34,0,34,110
04/04/2018,CIC,CA,AWP,WE,Federal Contract Tower,0,2,3,0,5,0,17,49,0,66,0,19,52,0,71,38,0,38,109
04/05/2018,CIC,CA,AWP,WE,Federal Contract Tower,0,8,9,0,17,0,24,49,0,73,0,32,58,0,90,0,0,0,90
04/06/2018,CIC,CA,AWP,WE,Federal Contract Tower,0,18,7,0,25,0,0,2,0,2,0,18,9,0,27,0,0,0,27
04/07/2018,CIC,CA,AWP,WE,Federal Contract Tower,0,3,4,0,7,0,10,18,0,28,0,13,22,0,35,0,0,0,35
04/08/2018,CIC,CA,AWP,WE,Federal Contract Tower,0,2,4,0,6,0,33,61,0,94,0,35,65,0,100,20,0,20,120
04/09/2018,CIC,CA,AWP,WE,Federal Contract Tower,0,5,1,0,6,0,54,58,0,112,0,59,59,0,118,22,0,22,140
04/10/2018,CIC,CA,AWP,WE,Federal Contract Tower,0,4,4,0,8,0,44,28,0,72,0,48,32,0,80,22,0,22,102
04/11/2018,CIC,CA,AWP,WE,Federal Contract Tower,0,10,3,0,13,0,24,28,0,52,0,34,31,0,65,15,0,15,80
04/12/2018,CIC,CA,AWP,WE,Federal Contract Tower,0,4,6,1,11,0,46,51,0,97,0,50,57,1,108,56,8,64,172
04/13/2018,CIC,CA,AWP,WE,Federal Contract Tower,0,3,3,1,7,0,37,77,8,122,0,40,80,9,129,38,28,66,195
04/14/2018,CIC,CA,AWP,WE,Federal Contract Tower,0,0,6,0,6,0,31,71,0,102,0,31,77,0,108,110,0,110,218
04/15/2018,CIC,CA,AWP,WE,Federal Contract Tower,0,2,2,0,4,0,4,15,3,22,0,6,17,3,26,0,0,0,26
04/16/2018,CIC,CA,AWP,WE,Federal Contract Tower,0,10,3,0,13,0,19,19,0,38,0,29,22,0,51,8,0,8,59
04/17/2018,CIC,CA,AWP,WE,Federal Contract Tower,0,2,9,4,15,0,42,44,0,86,0,44,53,4,101,70,0,70,171
04/18/2018,CIC,CA,AWP,WE,Federal Contract Tower,0,1,2,3,6,0,49,49,1,99,0,50,51,4,105,40,4,44,149
04/19/2018,CIC,CA,AWP,WE,Federal Contract Tower,0,2,1,1,4,0,24,34,0,58,0,26,35,1,62,4,8,12,74
04/20/2018,CIC,CA,AWP,WE,Federal Contract Tower,0,1,5,0,6,0,19,63,6,88,0,20,68,6,94,48,30,78,172
04/21/2018,CIC,CA,AWP,WE,Federal Contract Tower,0,2,1,0,3,0,35,65,0,100,0,37,66,0,103,12,0,12,115
04/22/2018,CIC,CA,AWP,WE,Federal Contract Tower,0,1,0,0,1,0,15,57,0,72,0,16,57,0,73,10,0,10,83
04/23/2018,CIC,CA,AWP,WE,Federal Contract Tower,0,1,2,0,3,0,19,37,0,56,0,20,39,0,59,46,0,46,105
04/24/2018,CIC,CA,AWP,WE,Federal Contract Tower,0,3,5,0,8,0,22,58,0,80,0,25,63,0,88,18,0,18,106
04/25/2018,CIC,CA,AWP,WE,Federal Contract Tower,0,5,6,0,11,0,40,58,0,98,0,45,64,0,109,20,0,20,129
04/26/2018,CIC,CA,AWP,WE,Federal Contract Tower,0,3,4,0,7,0,26,50,0,76,0,29,54,0,83,16,0,16,99
04/27/2018,CIC,CA,AWP,WE,Federal Contract Tower,0,14,1,0,15,0,24,38,0,62,0,38,39,0,77,6,0,6,83
04/28/2018,CIC,CA,AWP,WE,Federal Contract Tower,0,8,5,0,13,0,27,23,0,50,0,35,28,0,63,1,0,1,64
04/29/2018,CIC,CA,AWP,WE,Federal Contract Tower,0,6,3,0,9,0,30,49,0,79,0,36,52,0,88,12,0,12,100
04/30/2018,CIC,CA,AWP,WE,Federal Contract Tower,0,12,1,0,13,0,15,31,0,46,0,27,32,0,59,50,0,50,109
05/01/2018,CIC,CA,AWP,WE,Federal Contract Tower,0,3,3,0,6,0,27,44,0,71,0,30,47,0,77,0,0,0,77
05/02/2018,CIC,CA,AWP,WE,Federal Contract Tower,0,3,1,0,4,0,22,45,0,67,0,25,46,0,71,4,0,4,75
05/03/2018,CIC,CA,AWP,WE,Federal Contract Tower,0,5,1,0,6,0,29,55,0,84,0,34,56,0,90,34,0,34,124
05/04/2018,CIC,CA,AWP,WE,Federal Contract Tower,0,5,2,0,7,0,16,51,0,67,0,21,53,0,74,6,0,6,80
05/05/2018,CIC,CA,AWP,WE,Federal Contract Tower,0,2,2,0,4,0,33,42,0,75,0,35,44,0,79,0,0,0,79
05/06/2018,CIC,CA,AWP,WE,Federal Contract Tower,0,4,3,0,7,0,23,60,0,83,0,27,63,0,90,28,0,28,118
05/07/2018,CIC,CA,AWP,WE,Federal Contract Tower,0,3,0,0,3,0,31,41,0,72,0,34,41,0,75,0,0,0,75
05/08/2018,CIC,CA,AWP,WE,Federal Contract Tower,0,2,2,0,4,0,0,10,0,10,0,2,12,0,14,48,0,48,62
05/09/2018,CIC,CA,AWP,WE,Federal Contract Tower,0,2,2,2,6,0,36,50,0,86,0,38,52,2,92,20,0,20,112
05/10/2018,CIC,CA,AWP,WE,Federal Contract Tower,0,2,2,1,5,0,27,67,7,101,0,29,69,8,106,36,0,36,142
05/11/2018,CIC,CA,AWP,WE,Federal Contract Tower,0,3,5,0,8,0,33,38,0,71,0,36,43,0,79,40,0,40,119
05/12/2018,CIC,CA,AWP,WE,Federal Contract Tower,0,0,2,0,2,0,23,41,0,64,0,23,43,0,66,4,0,4,70
05/13/2018,CIC,CA,AWP,WE,Federal Contract Tower,0,0,3,0,3,0,17,48,0,65,0,17,51,0,68,2,0,2,70
05/14/2018,CIC,CA,AWP,WE,Federal Contract Tower,0,2,1,0,3,0,19,53,0,72,0,21,54,0,75,0,0,0,75
05/15/2018,CIC,CA,AWP,WE,Federal Contract Tower,0,2,7,1,10,0,42,49,2,93,0,44,56,3,103,34,20,54,157
05/16/2018,CIC,CA,AWP,WE,Federal Contract Tower,0,4,3,1,8,0,17,43,2,62,0,21,46,3,70,28,12,40,110
05/17/2018,CIC,CA,AWP,WE,Federal Contract Tower,0,2,2,1,5,0,37,83,2,122,0,39,85,3,127,18,8,26,153
05/18/2018,CIC,CA,AWP,WE,Federal Contract Tower,0,4,2,0,6,0,37,81,0,118,0,41,83,0,124,28,0,28,152
05/19/2018,CIC,CA,AWP,WE,Federal Contract Tower,0,0,5,0,5,0,34,59,0,93,0,34,64,0,98,18,0,18,116
05/20/2018,CIC,CA,AWP,WE,Federal Contract Tower,0,4,3,0,7,0,21,64,0,85,0,25,67,0,92,36,0,36,128
05/21/2018,CIC,CA,AWP,WE,Federal Contract Tower,0,4,2,1,7,0,37,63,1,101,0,41,65,2,108,64,28,92,200
05/22/2018,CIC,CA,AWP,WE,Federal Contract Tower,0,5,7,0,12,0,35,46,0,81,0,40,53,0,93,20,0,20,113
05/23/2018,CIC,CA,AWP,WE,Federal Contract Tower,0,3,7,0,10,0,23,65,0,88,0,26,72,0,98,0,0,0,98
05/24/2018,CIC,CA,AWP,WE,Federal Contract Tower,0,1,3,0,4,0,19,46,2,67,0,20,49,2,71,31,0,31,102
05/25/2018,CIC,CA,AWP,WE,Federal Contract Tower,0,4,12,0,16,0,14,11,0,25,0,18,23,0,41,30,0,30,71
05/26/2018,CIC,CA,AWP,WE,Federal Contract Tower,0,1,2,0,3,0,21,48,0,69,0,22,50,0,72,6,0,6,78
05/27/2018,CIC,CA,AWP,WE,Federal Contract Tower,0,0,5,0,5,0,12,34,0,46,0,12,39,0,51,0,0,0,51
05/28/2018,CIC,CA,AWP,WE,Federal Contract Tower,0,1,3,0,4,0,19,70,0,89,0,20,73,0,93,0,0,0,93
05/29/2018,CIC,CA,AWP,WE,Federal Contract Tower,0,3,1,0,4,0,30,70,0,100,0,33,71,0,104,32,0,32,136
05/30/2018,CIC,CA,AWP,WE,Federal Contract Tower,0,2,1,0,3,0,26,44,0,70,0,28,45,0,73,26,0,26,99
05/31/2018,CIC,CA,AWP,WE,Federal Contract Tower,0,1,7,0,8,0,21,51,0,72,0,22,58,0,80,14,0,14,94
06/01/2018,CIC,CA,AWP,WE,Federal Contract Tower,0,1,2,0,3,0,24,66,0,90,0,25,68,0,93,30,0,30,123
06/02/2018,CIC,CA,AWP,WE,Federal Contract Tower,0,2,0,0,2,0,23,50,0,73,0,25,50,0,75,0,0,0,75
06/03/2018,CIC,CA,AWP,WE,Federal Contract Tower,0,0,3,0,3,0,26,20,0,46,0,26,23,0,49,6,0,6,55
06/04/2018,CIC,CA,AWP,WE,Federal Contract Tower,0,6,6,0,12,0,35,61,0,96,0,41,67,0,108,8,0,8,116
06/05/2018,CIC,CA,AWP,WE,Federal Contract Tower,0,2,8,2,12,0,32,65,2,99,0,34,73,4,111,8,8,16,127
06/06/2018,CIC,CA,AWP,WE,Federal Contract Tower,0,1,6,0,7,0,19,79,0,98,0,20,85,0,105,18,0,18,123
06/07/2018,CIC,CA,AWP,WE,Federal Contract Tower,0,3,4,0,7,0,45,68,0,113,0,48,72,0,120,40,0,40,160
06/08/2018,CIC,CA,AWP,WE,Federal Contract Tower,0,1,2,0,3,0,38,57,0,95,0,39,59,0,98,12,0,12,110
06/09/2018,CIC,CA,AWP,WE,Federal Contract Tower,0,2,2,0,4,0,81,33,0,114,0,83,35,0,118,11,0,11,129
06/10/2018,CIC,CA,AWP,WE,Federal Contract Tower,0,0,3,0,3,0,10,45,0,55,0,10,48,0,58,8,0,8,66
06/11/2018,CIC,CA,AWP,WE,Federal Contract Tower,0,2,1,0,3,0,10,45,1,56,0,12,46,1,59,20,0,20,79
06/12/2018,CIC,CA,AWP,WE,Federal Contract Tower,0,4,0,0,4,0,38,50,0,88,0,42,50,0,92,42,0,42,134
06/13/2018,CIC,CA,AWP,WE,Federal Contract Tower,0,3,2,0,5,0,38,46,0,84,0,41,48,0,89,22,0,22,111
06/14/2018,CIC,CA,AWP,WE,Federal Contract Tower,0,2,1,2,5,0,35,51,2,88,0,37,52,4,93,30,8,38,131
06/15/2018,CIC,CA,AWP,WE,Federal Contract Tower,0,4,0,6,10,0,25,78,0,103,0,29,78,6,113,80,0,80,193
06/16/2018,CIC,CA,AWP,WE,Federal Contract Tower,0,0,1,0,1,0,44,66,0,110,0,44,67,0,111,0,0,0,111
06/17/2018,CIC,CA,AWP,WE,Federal Contract Tower,0,0,5,0,5,0,18,20,0,38,0,18,25,0,43,4,0,4,47
06/18/2018,CIC,CA,AWP,WE,Federal Contract Tower,0,2,0,1,3,0,34,56,2,92,0,36,56,3,95,46,16,62,157
06/19/2018,CIC,CA,AWP,WE,Federal Contract Tower,0,4,1,0,5,0,20,63,0,83,0,24,64,0,88,36,0,36,124
06/20/2018,CIC,CA,AWP,WE,Federal Contract Tower,0,4,4,0,8,0,31,70,0,101,0,35,74,0,109,0,0,0,109
06/21/2018,CIC,CA,AWP,WE,Federal Contract Tower,0,4,3,0,7,0,40,59,6,105,0,44,62,6,112,20,0,20,132
06/22/2018,CIC,CA,AWP,WE,Federal Contract Tower,0,2,3,0,5,0,43,98,0,141,0,45,101,0,146,56,0,56,202
06/23/2018,CIC,CA,AWP,WE,Federal Contract Tower,0,0,2,0,2,0,36,67,1,104,0,36,69,1,106,20,0,20,126
06/24/2018,CIC,CA,AWP,WE,Federal Contract Tower,0,0,1,0,1,0,45,46,0,91,0,45,47,0,92,8,0,8,100
06/25/2018,CIC,CA,AWP,WE,Federal Contract Tower,0,3,7,6,16,0,35,64,0,99,0,38,71,6,115,14,0,14,129
06/26/2018,CIC,CA,AWP,WE,Federal Contract Tower,0,6,1,0,7,0,56,39,0,95,0,62,40,0,102,4,0,4,106
06/27/2018,CIC,CA,AWP,WE,Federal Contract Tower,0,2,1,0,3,0,35,57,2,94,0,37,58,2,97,30,16,46,143
06/28/2018,CIC,CA,AWP,WE,Federal Contract Tower,0,2,1,0,3,0,23,54,0,77,0,25,55,0,80,16,0,16,96
06/29/2018,CIC,CA,AWP,WE,Federal Contract Tower,0,2,1,0,3,0,33,50,0,83,0,35,51,0,86,6,0,6,92
06/30/2018,CIC,CA,AWP,WE,Federal Contract Tower,0,1,3,0,4,0,29,29,0,58,0,30,32,0,62,48,0,48,110
07/01/2018,CIC,CA,AWP,WE,Federal Contract Tower,0,1,2,0,3,0,16,51,0,67,0,17,53,0,70,2,0,2,72
07/02/2018,CIC,CA,AWP,WE,Federal Contract Tower,0,6,6,8,20,0,18,52,0,70,0,24,58,8,90,12,0,12,102
07/03/2018,CIC,CA,AWP,WE,Federal Contract Tower,0,1,2,12,15,0,29,63,0,92,0,30,65,12,107,26,0,26,133
07/04/2018,CIC,CA,AWP,WE,Federal Contract Tower,0,0,3,0,3,0,18,38,0,56,0,18,41,0,59,0,0,0,59
07/05/2018,CIC,CA,AWP,WE,Federal Contract Tower,0,8,2,0,10,0,25,49,0,74,0,33,51,0,84,14,0,14,98
07/06/2018,CIC,CA,AWP,WE,Federal Contract Tower,0,1,2,0,3,0,45,54,0,99,0,46,56,0,102,36,0,36,138
07/07/2018,CIC,CA,AWP,WE,Federal Contract Tower,0,0,3,0,3,0,24,46,0,70,0,24,49,0,73,18,0,18,91
07/08/2018,CIC,CA,AWP,WE,Federal Contract Tower,0,3,5,0,8,0,18,47,0,65,0,21,52,0,73,6,0,6,79
07/09/2018,CIC,CA,AWP,WE,Federal Contract Tower,0,2,4,0,6,0,29,49,0,78,0,31,53,0,84,10,18,28,112
07/10/2018,CIC,CA,AWP,WE,Federal Contract Tower,0,2,2,1,5,0,40,42,1,83,0,42,44,2,88,14,14,28,116
07/11/2018,CIC,CA,AWP,WE,Federal Contract Tower,0,4,0,0,4,0,20,50,0,70,0,24,50,0,74,22,0,22,96
07/12/2018,CIC,CA,AWP,WE,Federal Contract Tower,0,2,3,2,7,0,24,69,0,93,0,26,72,2,100,10,0,10,110
07/13/2018,CIC,CA,AWP,WE,Federal Contract Tower,0,5,9,0,14,0,41,70,0,111,0,46,79,0,125,46,0,46,171
07/14/2018,CIC,CA,AWP,WE,Federal Contract Tower,0,4,3,0,7,0,30,39,0,69,0,34,42,0,76,20,0,20,96
07/15/2018,CIC,CA,AWP,WE,Federal Contract Tower,0,0,4,0,4,0,36,52,0,88,0,36,56,0,92,8,0,8,100
07/16/2018,CIC,CA,AWP,WE,Federal Contract Tower,0,4,4,2,10,0,23,59,0,82,0,27,63,2,92,8,0,8,100
07/17/2018,CIC,CA,AWP,WE,Federal Contract Tower,0,3,2,2,7,0,22,62,0,84,0,25,64,2,91,62,0,62,153
07/18/2018,CIC,CA,AWP,WE,Federal Contract Tower,0,0,6,0,6,0,23,64,0,87,0,23,70,0,93,58,0,58,151
07/19/2018,CIC,CA,AWP,WE,Federal Contract Tower,0,1,7,4,12,0,40,48,0,88,0,41,55,4,100,8,0,8,108
07/20/2018,CIC,CA,AWP,WE,Federal Contract Tower,0,3,9,1,13,0,45,61,1,107,0,48,70,2,120,14,0,14,134
07/21/2018,CIC,CA,AWP,WE,Federal Contract Tower,0,0,2,0,2,0,17,54,2,73,0,17,56,2,75,26,0,26,101
07/22/2018,CIC,CA,AWP,WE,Federal Contract Tower,0,0,4,0,4,0,13,43,0,56,0,13,47,0,60,10,0,10,70
07/23/2018,CIC,CA,AWP,WE,Federal Contract Tower,0,1,4,6,11,0,40,65,0,105,0,41,69,6,116,66,0,66,182
07/24/2018,CIC,CA,AWP,WE,Federal Contract Tower,0,5,6,0,11,0,42,61,0,103,0,47,67,0,114,78,0,78,192
07/25/2018,CIC,CA,AWP,WE,Federal Contract Tower,0,2,5,3,10,0,13,56,1,70,0,15,61,4,80,34,4,38,118
07/26/2018,CIC,CA,AWP,WE,Federal Contract Tower,0,5,7,0,12,0,18,73,0,91,0,23,80,0,103,12,0,12,115
07/27/2018,CIC,CA,AWP,WE,Federal Contract Tower,0,2,0,0,2,0,29,49,10,88,0,31,49,10,90,24,0,24,114
07/28/2018,CIC,CA,AWP,WE,Federal Contract Tower,0,1,7,0,8,0,26,41,0,67,0,27,48,0,75,16,0,16,91
07/29/2018,CIC,CA,AWP,WE,Federal Contract Tower,0,0,3,0,3,0,12,26,0,38,0,12,29,0,41,18,0,18,59
07/30/2018,CIC,CA,AWP,WE,Federal Contract Tower,0,4,11,0,15,0,30,39,0,69,0,34,50,0,84,28,0,28,112
07/31/2018,CIC,CA,AWP,WE,Federal Contract Tower,0,4,5,0,9,0,68,36,2,106,0,72,41,2,115,48,0,48,163
08/01/2018,CIC,CA,AWP,WE,Federal Contract Tower,0,0,5,0,5,0,58,48,0,106,0,58,53,0,111,16,0,16,127
08/02/2018,CIC,CA,AWP,WE,Federal Contract Tower,0,2,6,0,8,0,85,44,0,129,0,87,50,0,137,46,0,46,183
08/03/2018,CIC,CA,AWP,WE,Federal Contract Tower,0,2,6,1,9,0,35,44,11,90,0,37,50,12,99,14,0,14,113
08/04/2018,CIC,CA,AWP,WE,Federal Contract Tower,0,1,13,0,14,0,33,28,0,61,0,34,41,0,75,12,0,12,87
08/05/2018,CIC,CA,AWP,WE,Federal Contract Tower,0,4,6,0,10,0,14,30,0,44,0,18,36,0,54,46,0,46,100
08/06/2018,CIC,CA,AWP,WE,Federal Contract Tower,0,8,0,0,8,0,56,38,0,94,0,64,38,0,102,42,0,42,144
08/07/2018,CIC,CA,AWP,WE,Federal Contract Tower,0,6,4,2,12,0,32,26,0,58,0,38,30,2,70,0,0,0,70
08/08/2018,CIC,CA,AWP,WE,Federal Contract Tower,0,16,6,2,24,0,21,35,0,56,0,37,41,2,80,14,0,14,94
08/09/2018,CIC,CA,AWP,WE,Federal Contract Tower,0,14,12,0,26,0,22,48,0,70,0,36,60,0,96,36,0,36,132
08/10/2018,CIC,CA,AWP,WE,Federal Contract Tower,0,6,8,0,14,0,19,57,0,76,0,25,65,0,90,48,0,48,138
08/11/2018,CIC,CA,AWP,WE,Federal Contract Tower,0,0,8,0,8,0,11,25,0,36,0,11,33,0,44,22,0,22,66
08/12/2018,CIC,CA,AWP,WE,Federal Contract Tower,0,2,0,0,2,0,14,24,0,38,0,16,24,0,40,14,0,14,54
08/13/2018,CIC,CA,AWP,WE,Federal Contract Tower,0,4,8,0,12,0,11,44,0,55,0,15,52,0,67,14,0,14,81
08/14/2018,CIC,CA,AWP,WE,Federal Contract Tower,0,5,2,0,7,0,29,43,0,72,0,34,45,0,79,0,0,0,79
08/15/2018,CIC,CA,AWP,WE,Federal Contract Tower,0,9,3,0,12,0,19,83,6,108,0,28,86,6,120,26,4,30,150
08/16/2018,CIC,CA,AWP,WE,Federal Contract Tower,0,9,6,6,21,0,43,70,23,136,0,52,76,29,157,30,0,30,187
08/17/2018,CIC,CA,AWP,WE,Federal Contract Tower,0,2,5,0,7,0,26,57,0,83,0,28,62,0,90,8,0,8,98
08/18/2018,CIC,CA,AWP,WE,Federal Contract Tower,0,0,3,0,3,0,9,48,0,57,0,9,51,0,60,4,0,4,64
08/19/2018,CIC,CA,AWP,WE,Federal Contract Tower,0,0,4,0,4,0,11,32,0,43,0,11,36,0,47,0,0,0,47
08/20/2018,CIC,CA,AWP,WE,Federal Contract Tower,0,5,6,2,13,0,29,45,0,74,0,34,51,2,87,28,0,28,115
08/21/2018,CIC,CA,AWP,WE,Federal Contract Tower,0,8,8,0,16,0,35,46,0,81,0,43,54,0,97,18,0,18,115
08/22/2018,CIC,CA,AWP,WE,Federal Contract Tower,0,8,5,0,13,0,27,44,0,71,0,35,49,0,84,28,0,28,112
08/23/2018,CIC,CA,AWP,WE,Federal Contract Tower,0,3,5,0,8,0,26,48,0,74,0,29,53,0,82,8,0,8,90
08/24/2018,CIC,CA,AWP,WE,Federal Contract Tower,0,14,11,0,25,0,30,36,0,66,0,44,47,0,91,34,0,34,125
08/25/2018,CIC,CA,AWP,WE,Federal Contract Tower,0,2,4,0,6,0,17,55,0,72,0,19,59,0,78,2,0,2,80
08/26/2018,CIC,CA,AWP,WE,Federal Contract Tower,0,0,1,0,1,0,12,42,0,54,0,12,43,0,55,14,0,14,69
08/27/2018,CIC,CA,AWP,WE,Federal Contract Tower,0,2,1,0,3,0,16,36,2,54,0,18,37,2,57,16,0,16,73
08/28/2018,CIC,CA,AWP,WE,Federal Contract Tower,0,3,4,1,8,0,13,46,1,60,0,16,50,2,68,30,0,30,98
08/29/2018,CIC,CA,AWP,WE,Federal Contract Tower,0,4,7,0,11,0,24,69,0,93,0,28,76,0,104,48,0,48,152
08/30/2018,CIC,CA,AWP,WE,Federal Contract Tower,0,1,2,5,8,0,23,89,3,115,0,24,91,8,123,26,6,32,155
08/31/2018,CIC,CA,AWP,WE,Federal Contract Tower,0,4,6,0,10,0,13,93,0,106,0,17,99,0,116,36,0,36,152
09/01/2018,CIC,CA,AWP,WE,Federal Contract Tower,0,2,0,0,2,0,21,66,0,87,0,23,66,0,89,36,0,36,125
09/02/2018,CIC,CA,AWP,WE,Federal Contract Tower,0,2,0,0,2,0,22,52,0,74,0,24,52,0,76,6,0,6,82
09/03/2018,CIC,CA,AWP,WE,Federal Contract Tower,0,0,5,0,5,0,13,81,0,94,0,13,86,0,99,24,0,24,123
09/04/2018,CIC,CA,AWP,WE,Federal Contract Tower,0,6,1,0,7,0,50,59,0,109,0,56,60,0,116,38,0,38,154
09/05/2018,CIC,CA,AWP,WE,Federal Contract Tower,0,6,1,5,12,0,29,52,0,81,0,35,53,5,93,14,0,14,107
09/06/2018,CIC,CA,AWP,WE,Federal Contract Tower,0,3,1,0,4,0,55,66,0,121,0,58,67,0,125,50,0,50,175
09/07/2018,CIC,CA,AWP,WE,Federal Contract Tower,0,5,2,0,7,0,31,74,0,105,0,36,76,0,112,20,0,20,132
09/08/2018,CIC,CA,AWP,WE,Federal Contract Tower,0,1,1,0,2,0,23,31,16,70,0,24,32,16,72,20,0,20,92
09/09/2018,CIC,CA,AWP,WE,Federal Contract Tower,0,0,3,0,3,0,39,44,2,85,0,39,47,2,88,12,6,18,106
09/10/2018,CIC,CA,AWP,WE,Federal Contract Tower,0,11,6,0,17,0,45,55,0,100,0,56,61,0,117,26,0,26,143
09/11/2018,CIC,CA,AWP,WE,Federal Contract Tower,0,6,9,0,15,0,32,51,0,83,0,38,60,0,98,4,0,4,102
09/12/2018,CIC,CA,AWP,WE,Federal Contract Tower,0,1,8,5,14,0,37,62,1,100,0,38,70,6,114,24,16,40,154
09/13/2018,CIC,CA,AWP,WE,Federal Contract Tower,0,1,2,0,3,0,40,54,0,94,0,41,56,0,97,46,8,54,151
09/14/2018,CIC,CA,AWP,WE,Federal Contract Tower,0,3,2,0,5,0,33,55,0,88,0,36,57,0,93,46,0,46,139
09/15/2018,CIC,CA,AWP,WE,Federal Contract Tower,0,0,3,0,3,0,17,37,0,54,0,17,40,0,57,33,0,33,90
09/16/2018,CIC,CA,AWP,WE,Federal Contract Tower,0,0,0,0,0,0,13,47,0,60,0,13,47,0,60,12,0,12,72
09/17/2018,CIC,CA,AWP,WE,Federal Contract Tower,0,4,0,1,5,0,18,85,2,105,0,22,85,3,110,28,0,28,138
09/18/2018,CIC,CA,AWP,WE,Federal Contract Tower,0,2,1,0,3,0,25,82,1,108,0,27,83,1,111,18,0,18,129
09/19/2018,CIC,CA,AWP,WE,Federal Contract Tower,0,5,0,0,5,0,24,64,0,88,0,29,64,0,93,6,0,6,99
09/20/2018,CIC,CA,AWP,WE,Federal Contract Tower,0,0,5,0,5,0,27,66,0,93,0,27,71,0,98,16,0,16,114
09/21/2018,CIC,CA,AWP,WE,Federal Contract Tower,0,1,4,0,5,0,50,89,0,139,0,51,93,0,144,40,0,40,184
09/22/2018,CIC,CA,AWP,WE,Federal Contract Tower,0,0,1,1,2,0,24,56,0,80,0,24,57,1,82,0,0,0,82
09/23/2018,CIC,CA,AWP,WE,Federal Contract Tower,0,0,5,0,5,0,32,57,0,89,0,32,62,0,94,36,0,36,130
09/24/2018,CIC,CA,AWP,WE,Federal Contract Tower,0,3,0,0,3,0,26,55,0,81,0,29,55,0,84,66,0,66,150
09/25/2018,CIC,CA,AWP,WE,Federal Contract Tower,0,2,1,0,3,0,21,70,0,91,0,23,71,0,94,10,0,10,104
09/26/2018,CIC,CA,AWP,WE,Federal Contract Tower,0,2,0,0,2,0,33,58,0,91,0,35,58,0,93,6,0,6,99
09/27/2018,CIC,CA,AWP,WE,Federal Contract Tower,0,3,5,0,8,0,35,59,0,94,0,38,64,0,102,118,0,118,220
09/28/2018,CIC,CA,AWP,WE,Federal Contract Tower,0,4,3,1,8,0,27,80,3,110,0,31,83,4,118,66,0,66,184
09/29/2018,CIC,CA,AWP,WE,Federal Contract Tower,0,5,3,0,8,0,18,41,0,59,0,23,44,0,67,2,0,2,69
09/30/2018,CIC,CA,AWP,WE,Federal Contract Tower,0,0,6,0,6,0,2,53,0,55,0,2,59,0,61,24,0,24,85
10/01/2018,CIC,CA,AWP,WE,Federal Contract Tower,0,4,4,3,11,0,31,50,3,84,0,35,54,6,95,28,4,32,127
10/02/2018,CIC,CA,AWP,WE,Federal Contract Tower,0,4,2,0,6,0,11,22,0,33,0,15,24,0,39,24,0,24,63
10/03/2018,CIC,CA,AWP,WE,Federal Contract Tower,0,2,8,0,10,0,13,41,0,54,0,15,49,0,64,48,0,48,112
10/04/2018,CIC,CA,AWP,WE,Federal Contract Tower,0,10,9,0,19,0,13,31,2,46,0,23,40,2,65,26,6,32,97
10/05/2018,CIC,CA,AWP,WE,Federal Contract Tower,0,2,4,0,6,0,29,46,0,75,0,31,50,0,81,10,0,10,91
10/06/2018,CIC,CA,AWP,WE,Federal Contract Tower,0,0,0,0,0,0,26,36,0,62,0,26,36,0,62,12,0,12,74
10/07/2018,CIC,CA,AWP,WE,Federal Contract Tower,0,2,0,0,2,0,20,40,0,60,0,22,40,0,62,32,0,32,94
10/08/2018,CIC,CA,AWP,WE,Federal Contract Tower,0,2,1,0,3,0,27,42,0,69,0,29,43,0,72,28,0,28,100
10/09/2018,CIC,CA,AWP,WE,Federal Contract Tower,0,5,1,0,6,0,14,50,0,64,0,19,51,0,70,24,0,24,94
10/10/2018,CIC,CA,AWP,WE,Federal Contract Tower,0,3,2,4,9,0,10,55,0,65,0,13,57,4,74,6,0,6,80
10/11/2018,CIC,CA,AWP,WE,Federal Contract Tower,0,6,2,0,8,0,21,72,0,93,0,27,74,0,101,18,0,18,119
10/12/2018,CIC,CA,AWP,WE,Federal Contract Tower,0,0,3,0,3,0,17,65,0,82,0,17,68,0,85,6,0,6,91
10/13/2018,CIC,CA,AWP,WE,Federal Contract Tower,0,1,3,0,4,0,9,49,0,58,0,10,52,0,62,30,0,30,92
10/14/2018,CIC,CA,AWP,WE,Federal Contract Tower,0,1,0,0,1,0,5,38,0,43,0,6,38,0,44,24,0,24,68
10/15/2018,CIC,CA,AWP,WE,Federal Contract Tower,0,4,6,0,10,0,41,33,0,74,0,45,39,0,84,38,0,38,122
10/16/2018,CIC,CA,AWP,WE,Federal Contract Tower,0,6,2,0,8,0,20,59,0,79,0,26,61,0,87,44,0,44,131
10/17/2018,CIC,CA,AWP,WE,Federal Contract Tower,0,6,0,0,6,0,33,66,2,101,0,39,66,2,107,54,0,54,161
10/18/2018,CIC,CA,AWP,WE,Federal Contract Tower,0,6,2,0,8,1,16,49,13,79,1,22,51,13,87,46,0,46,133
10/19/2018,CIC,CA,AWP,WE,Federal Contract Tower,0,3,5,4,12,0,13,70,7,90,0,16,75,11,102,38,8,46,148
10/20/2018,CIC,CA,AWP,WE,Federal Contract Tower,0,2,4,0,6,0,24,57,5,86,0,26,61,5,92,62,0,62,154
10/21/2018,CIC,CA,AWP,WE,Federal Contract Tower,0,0,7,0,7,0,8,57,2,67,0,8,64,2,74,14,0,14,88
10/22/2018,CIC,CA,AWP,WE,Federal Contract Tower,0,2,2,2,6,0,19,50,3,72,0,21,52,5,78,10,0,10,88
10/23/2018,CIC,CA,AWP,WE,Federal Contract Tower,0,2,7,0,9,0,19,56,0,75,0,21,63,0,84,62,0,62,146
10/24/2018,CIC,CA,AWP,WE,Federal Contract Tower,0,2,7,0,9,0,13,54,0,67,0,15,61,0,76,44,0,44,120
10/25/2018,CIC,CA,AWP,WE,Federal Contract Tower,0,2,6,0,8,0,14,87,0,101,0,16,93,0,109,4,0,4,113
10/26/2018,CIC,CA,AWP,WE,Federal Contract Tower,0,4,5,0,9,0,22,67,1,90,0,26,72,1,99,24,0,24,123
10/27/2018,CIC,CA,AWP,WE,Federal Contract Tower,0,3,1,0,4,0,15,51,0,66,0,18,52,0,70,48,0,48,118
10/28/2018,CIC,CA,AWP,WE,Federal Contract Tower,0,1,4,0,5,0,10,62,0,72,0,11,66,0,77,12,0,12,89
10/29/2018,CIC,CA,AWP,WE,Federal Contract Tower,0,2,0,0,2,0,10,49,0,59,0,12,49,0,61,2,0,2,63
10/30/2018,CIC,CA,AWP,WE,Federal Contract Tower,0,2,1,0,3,0,27,70,0,97,0,29,71,0,100,6,0,6,106
10/31/2018,CIC,CA,AWP,WE,Federal Contract Tower,0,2,4,0,6,0,9,60,0,69,0,11,64,0,75,18,0,18,93
11/01/2018,CIC,CA,AWP,WE,Federal Contract Tower,3,0,3,6,12,0,22,53,0,75,3,22,56,6,87,32,0,32,119
11/02/2018,CIC,CA,AWP,WE,Federal Contract Tower,0,5,2,0,7,0,30,61,0,91,0,35,63,0,98,44,0,44,142
11/03/2018,CIC,CA,AWP,WE,Federal Contract Tower,0,0,1,0,1,0,20,41,0,61,0,20,42,0,62,16,0,16,78
11/04/2018,CIC,CA,AWP,WE,Federal Contract Tower,0,0,1,0,1,0,5,38,0,43,0,5,39,0,44,6,0,6,50
11/05/2018,CIC,CA,AWP,WE,Federal Contract Tower,0,2,2,0,4,0,9,41,0,50,0,11,43,0,54,4,0,4,58
11/06/2018,CIC,CA,AWP,WE,Federal Contract Tower,0,2,0,0,2,0,11,67,0,78,0,13,67,0,80,22,0,22,102
11/07/2018,CIC,CA,AWP,WE,Federal Contract Tower,0,4,2,0,6,0,12,67,0,79,0,16,69,0,85,56,0,56,141
11/08/2018,CIC,CA,AWP,WE,Federal Contract Tower,0,2,8,0,10,0,141,43,0,184,0,143,51,0,194,22,0,22,216
11/09/2018,CIC,CA,AWP,WE,Federal Contract Tower,0,14,8,0,22,0,22,14,0,36,0,36,22,0,58,0,0,0,58
11/10/2018,CIC,CA,AWP,WE,Federal Contract Tower,0,9,8,4,21,0,0,0,0,0,0,9,8,4,21,0,0,0,21
11/11/2018,CIC,CA,AWP,WE,Federal Contract Tower,0,1,1,2,4,0,72,16,2,90,0,73,17,4,94,8,0,8,102
11/12/2018,CIC,CA,AWP,WE,Federal Contract Tower,0,15,6,2,23,0,9,17,1,27,0,24,23,3,50,0,0,0,50
11/13/2018,CIC,CA,AWP,WE,Federal Contract Tower,0,12,11,2,25,0,2,7,0,9,0,14,18,2,34,0,0,0,34
11/14/2018,CIC,CA,AWP,WE,Federal Contract Tower,0,8,17,4,29,0,0,0,0,0,0,8,17,4,29,0,0,0,29
11/15/2018,CIC,CA,AWP,WE,Federal Contract Tower,0,7,11,0,18,0,0,0,0,0,0,7,11,0,18,0,0,0,18
11/16/2018,CIC,CA,AWP,WE,Federal Contract Tower,0,9,26,18,53,0,0,0,0,0,0,9,26,18,53,0,0,0,53
11/17/2018,CIC,CA,AWP,WE,Federal Contract Tower,0,6,8,13,27,0,0,0,0,0,0,6,8,13,27,0,0,0,27
11/18/2018,CIC,CA,AWP,WE,Federal Contract Tower,0,5,11,0,16,0,0,0,0,0,0,5,11,0,16,0,0,0,16
11/19/2018,CIC,CA,AWP,WE,Federal Contract Tower,0,5,14,0,19,0,17,36,0,53,0,22,50,0,72,58,0,58,130
11/20/2018,CIC,CA,AWP,WE,Federal Contract Tower,0,9,20,7,36,0,2,2,0,4,0,11,22,7,40,26,0,26,66
11/21/2018,CIC,CA,AWP,WE,Federal Contract Tower,0,4,8,0,12,0,3,0,0,3,0,7,8,0,15,0,0,0,15
11/22/2018,CIC,CA,AWP,WE,Federal Contract Tower,0,6,2,2,10,0,3,2,0,5,0,9,4,2,15,0,0,0,15
11/23/2018,CIC,CA,AWP,WE,Federal Contract Tower,0,5,3,0,8,0,0,0,0,0,0,5,3,0,8,0,0,0,8
11/24/2018,CIC,CA,AWP,WE,Federal Contract Tower,0,2,15,0,17,0,12,31,0,43,0,14,46,0,60,0,0,0,60
11/25/2018,CIC,CA,AWP,WE,Federal Contract Tower,0,3,3,0,6,0,12,86,0,98,0,15,89,0,104,6,0,6,110
11/26/2018,CIC,CA,AWP,WE,Federal Contract Tower,0,2,8,0,10,0,32,56,0,88,0,34,64,0,98,82,0,82,180
11/27/2018,CIC,CA,AWP,WE,Federal Contract Tower,0,6,22,0,28,0,5,2,0,7,0,11,24,0,35,2,0,2,37
11/29/2018,CIC,CA,AWP,WE,Federal Contract Tower,0,5,10,0,15,0,4,7,0,11,0,9,17,0,26,0,0,0,26
11/30/2018,CIC,CA,AWP,WE,Federal Contract Tower,0,5,4,0,9,0,19,60,0,79,0,24,64,0,88,18,0,18,106
12/01/2018,CIC,CA,AWP,WE,Federal Contract Tower,0,5,6,0,11,0,7,15,0,22,0,12,21,0,33,10,0,10,43
12/02/2018,CIC,CA,AWP,WE,Federal Contract Tower,0,0,5,0,5,0,25,112,0,137,0,25,117,0,142,32,0,32,174
12/03/2018,CIC,CA,AWP,WE,Federal Contract Tower,0,4,4,0,8,0,10,62,0,72,0,14,66,0,80,38,0,38,118
12/04/2018,CIC,CA,AWP,WE,Federal Contract Tower,0,8,9,0,17,0,10,53,0,63,0,18,62,0,80,0,0,0,80
12/05/2018,CIC,CA,AWP,WE,Federal Contract Tower,0,4,7,0,11,0,10,20,0,30,0,14,27,0,41,0,0,0,41
12/06/2018,CIC,CA,AWP,WE,Federal Contract Tower,0,2,4,0,6,0,26,76,0,102,0,28,80,0,108,24,0,24,132
12/07/2018,CIC,CA,AWP,WE,Federal Contract Tower,0,1,6,0,7,0,28,66,0,94,0,29,72,0,101,32,0,32,133
12/09/2018,CIC,CA,AWP,WE,Federal Contract Tower,0,4,4,0,8,0,20,27,0,47,0,24,31,0,55,10,0,10,65
12/10/2018,CIC,CA,AWP,WE,Federal Contract Tower,0,6,7,2,15,0,14,53,2,69,0,20,60,4,84,10,20,30,114
12/11/2018,CIC,CA,AWP,WE,Federal Contract Tower,0,6,6,0,12,0,10,37,0,47,0,16,43,0,59,14,0,14,73
12/12/2018,CIC,CA,AWP,WE,Federal Contract Tower,0,7,7,0,14,0,16,75,0,91,0,23,82,0,105,6,0,6,111
12/13/2018,CIC,CA,AWP,WE,Federal Contract Tower,0,3,4,0,7,0,21,70,0,91,0,24,74,0,98,2,0,2,100
12/14/2018,CIC,CA,AWP,WE,Federal Contract Tower,0,9,12,0,21,0,9,15,0,24,0,18,27,0,45,6,0,6,51
12/15/2018,CIC,CA,AWP,WE,Federal Contract Tower,0,2,11,0,13,0,0,1,0,1,0,2,12,0,14,4,0,4,18
12/16/2018,CIC,CA,AWP,WE,Federal Contract Tower,0,0,5,0,5,0,3,3,0,6,0,3,8,0,11,4,0,4,15
12/17/2018,CIC,CA,AWP,WE,Federal Contract Tower,0,10,7,0,17,0,11,27,2,40,0,21,34,2,57,58,0,58,115
12/18/2018,CIC,CA,AWP,WE,Federal Contract Tower,0,3,7,4,14,0,22,45,0,67,0,25,52,4,81,4,0,4,85
12/19/2018,CIC,CA,AWP,WE,Federal Contract Tower,0,3,11,0,14,0,16,74,0,90,0,19,85,0,104,14,0,14,118
12/20/2018,CIC,CA,AWP,WE,Federal Contract Tower,0,9,19,0,28,0,2,10,0,12,0,11,29,0,40,21,0,21,61
12/21/2018,CIC,CA,AWP,WE,Federal Contract Tower,0,11,14,0,25,0,8,9,0,17,0,19,23,0,42,0,0,0,42
12/22/2018,CIC,CA,AWP,WE,Federal Contract Tower,0,4,7,0,11,0,4,32,0,36,0,8,39,0,47,10,0,10,57
12/23/2018,CIC,CA,AWP,WE,Federal Contract Tower,0,0,0,0,0,0,8,12,0,20,0,8,12,0,20,14,0,14,34
12/24/2018,CIC,CA,AWP,WE,Federal Contract Tower,0,5,5,0,10,0,1,0,0,1,0,6,5,0,11,0,0,0,11
12/25/2018,CIC,CA,AWP,WE,Federal Contract Tower,0,0,0,0,0,0,4,19,0,23,0,4,19,0,23,6,0,6,29
12/26/2018,CIC,CA,AWP,WE,Federal Contract Tower,0,2,4,0,6,0,6,42,0,48,0,8,46,0,54,22,0,22,76
12/27/2018,CIC,CA,AWP,WE,Federal Contract Tower,0,2,3,0,5,0,13,33,0,46,0,15,36,0,51,2,0,2,53
12/28/2018,CIC,CA,AWP,WE,Federal Contract Tower,0,1,2,0,3,0,14,51,0,65,0,15,53,0,68,20,0,20,88
12/29/2018,CIC,CA,AWP,WE,Federal Contract Tower,0,0,1,0,1,0,5,65,0,70,0,5,66,0,71,16,0,16,87
12/30/2018,CIC,CA,AWP,WE,Federal Contract Tower,0,2,1,0,3,0,5,59,0,64,0,7,60,0,67,2,0,2,69
12/31/2018,CIC,CA,AWP,WE,Federal Contract Tower,0,2,1,0,3,0,4,25,0,29,0,6,26,0,32,38,0,38,70
01/01/2019,CIC,CA,AWP,WE,Federal Contract Tower,0,0,0,0,0,0,3,31,0,34,0,3,31,0,34,0,0,0,34
01/02/2019,CIC,CA,AWP,WE,Federal Contract Tower,0,2,2,0,4,0,9,49,0,58,0,11,51,0,62,32,0,32,94
01/03/2019,CIC,CA,AWP,WE,Federal Contract Tower,0,3,0,0,3,0,0,0,0,0,0,3,0,0,3,34,0,34,37
01/04/2019,CIC,CA,AWP,WE,Federal Contract Tower,0,2,4,0,6,0,0,0,0,0,0,2,4,0,6,28,0,28,34
01/05/2019,CIC,CA,AWP,WE,Federal Contract Tower,0,8,1,0,9,0,3,0,0,3,0,11,1,0,12,0,0,0,12
01/06/2019,CIC,CA,AWP,WE,Federal Contract Tower,0,0,1,0,1,0,0,0,0,0,0,0,1,0,1,0,0,0,1
01/07/2019,CIC,CA,AWP,WE,Federal Contract Tower,0,3,12,2,17,0,0,0,0,0,0,3,12,2,17,0,0,0,17
01/08/2019,CIC,CA,AWP,WE,Federal Contract Tower,0,6,7,0,13,0,4,3,0,7,0,10,10,0,20,0,0,0,20
01/09/2019,CIC,CA,AWP,WE,Federal Contract Tower,0,2,5,0,7,0,15,14,0,29,0,17,19,0,36,0,0,0,36
01/10/2019,CIC,CA,AWP,WE,Federal Contract Tower,0,14,12,0,26,0,11,39,0,50,0,25,51,0,76,4,0,4,80
01/11/2019,CIC,CA,AWP,WE,Federal Contract Tower,0,13,10,0,23,0,9,10,0,19,0,22,20,0,42,0,0,0,42
01/12/2019,CIC,CA,AWP,WE,Federal Contract Tower,0,2,3,0,5,0,16,70,0,86,0,18,73,0,91,40,0,40,131
01/13/2019,CIC,CA,AWP,WE,Federal Contract Tower,0,2,6,0,8,0,6,64,0,70,0,8,70,0,78,22,0,22,100
01/14/2019,CIC,CA,AWP,WE,Federal Contract Tower,0,2,1,0,3,0,25,51,0,76,0,27,52,0,79,16,0,16,95
01/15/2019,CIC,CA,AWP,WE,Federal Contract Tower,0,8,9,8,25,0,7,10,0,17,0,15,19,8,42,0,0,0,42
01/16/2019,CIC,CA,AWP,WE,Federal Contract Tower,0,4,7,0,11,0,0,0,0,0,0,4,7,0,11,0,0,0,11
01/17/2019,CIC,CA,AWP,WE,Federal Contract Tower,0,4,3,0,7,0,2,10,0,12,0,6,13,0,19,0,0,0,19
01/18/2019,CIC,CA,AWP,WE,Federal Contract Tower,0,2,7,0,9,0,4,25,0,29,0,6,32,0,38,8,0,8,46
01/19/2019,CIC,CA,AWP,WE,Federal Contract Tower,0,1,13,0,14,0,4,6,0,10,0,5,19,0,24,0,0,0,24
01/20/2019,CIC,CA,AWP,WE,Federal Contract Tower,0,0,12,0,12,0,1,5,0,6,0,1,17,0,18,0,0,0,18
01/21/2019,CIC,CA,AWP,WE,Federal Contract Tower,0,7,1,0,8,0,19,72,0,91,0,26,73,0,99,16,0,16,115
01/22/2019,CIC,CA,AWP,WE,Federal Contract Tower,0,4,2,0,6,0,14,55,0,69,0,18,57,0,75,18,0,18,93
01/23/2019,CIC,CA,AWP,WE,Federal Contract Tower,0,7,5,2,14,0,4,65,3,72,0,11,70,5,86,0,16,16,102
01/24/2019,CIC,CA,AWP,WE,Federal Contract Tower,0,11,0,0,11,0,17,61,0,78,0,28,61,0,89,0,0,0,89
01/25/2019,CIC,CA,AWP,WE,Federal Contract Tower,0,6,7,0,13,0,18,90,0,108,0,24,97,0,121,6,28,34,155
01/26/2019,CIC,CA,AWP,WE,Federal Contract Tower,0,0,3,0,3,0,10,46,0,56,0,10,49,0,59,22,0,22,81
01/27/2019,CIC,CA,AWP,WE,Federal Contract Tower,0,0,1,0,1,0,18,23,0,41,0,18,24,0,42,14,0,14,56
01/28/2019,CIC,CA,AWP,WE,Federal Contract Tower,0,8,0,4,12,0,27,45,2,74,0,35,45,6,86,16,0,16,102
01/29/2019,CIC,CA,AWP,WE,Federal Contract Tower,0,2,7,0,9,0,23,58,0,81,0,25,65,0,90,12,0,12,102
01/30/2019,CIC,CA,AWP,WE,Federal Contract Tower,0,1,10,0,11,0,27,54,0,81,0,28,64,0,92,8,0,8,100
01/31/2019,CIC,CA,AWP,WE,Federal Contract Tower,0,1,6,0,7,0,24,72,0,96,0,25,78,0,103,42,0,42,145
02/01/2019,CIC,CA,AWP,WE,Federal Contract Tower,0,10,7,0,17,0,2,21,0,23,0,12,28,0,40,34,0,34,74
02/02/2019,CIC,CA,AWP,WE,Federal Contract Tower,0,3,3,0,6,0,3,2,0,5,0,6,5,0,11,0,0,0,11
02/03/2019,CIC,CA,AWP,WE,Federal Contract Tower,0,2,0,0,2,0,0,0,0,0,0,2,0,0,2,0,0,0,2
02/04/2019,CIC,CA,AWP,WE,Federal Contract Tower,0,2,5,0,7,0,7,8,0,15,0,9,13,0,22,0,0,0,22
02/05/2019,CIC,CA,AWP,WE,Federal Contract Tower,0,4,3,0,7,0,26,41,0,67,0,30,44,0,74,32,0,32,106
02/06/2019,CIC,CA,AWP,WE,Federal Contract Tower,0,7,2,0,9,1,29,42,1,73,1,36,44,1,82,2,0,2,84
02/07/2019,CIC,CA,AWP,WE,Federal Contract Tower,0,2,6,0,8,3,15,45,2,65,3,17,51,2,73,24,0,24,97
02/08/2019,CIC,CA,AWP,WE,Federal Contract Tower,0,2,9,0,11,0,14,46,0,60,0,16,55,0,71,18,0,18,89
02/09/2019,CIC,CA,AWP,WE,Federal Contract Tower,0,2,2,4,8,0,3,0,0,3,0,5,2,4,11,0,0,0,11
02/10/2019,CIC,CA,AWP,WE,Federal Contract Tower,0,3,0,0,3,0,11,27,2,40,0,14,27,2,43,28,0,28,71
02/11/2019,CIC,CA,AWP,WE,Federal Contract Tower,0,2,0,0,2,0,35,34,0,69,0,37,34,0,71,40,0,40,111
02/12/2019,CIC,CA,AWP,WE,Federal Contract Tower,0,4,2,0,6,0,18,29,0,47,0,22,31,0,53,14,0,14,67
02/13/2019,CIC,CA,AWP,WE,Federal Contract Tower,0,8,6,0,14,0,2,1,0,3,0,10,7,0,17,0,0,0,17
02/14/2019,CIC,CA,AWP,WE,Federal Contract Tower,0,3,6,0,9,0,2,14,0,16,0,5,20,0,25,0,0,0,25
02/15/2019,CIC,CA,AWP,WE,Federal Contract Tower,0,3,5,0,8,0,9,17,0,26,0,12,22,0,34,0,0,0,34
02/16/2019,CIC,CA,AWP,WE,Federal Contract Tower,0,4,1,0,5,0,4,27,0,31,0,8,28,0,36,28,0,28,64
02/17/2019,CIC,CA,AWP,WE,Federal Contract Tower,0,3,0,0,3,0,13,19,0,32,0,16,19,0,35,12,0,12,47
02/18/2019,CIC,CA,AWP,WE,Federal Contract Tower,0,2,1,0,3,0,12,88,0,100,0,14,89,0,103,16,0,16,119
02/19/2019,CIC,CA,AWP,WE,Federal Contract Tower,0,4,3,2,9,0,16,50,0,66,0,20,53,2,75,12,0,12,87
02/20/2019,CIC,CA,AWP,WE,Federal Contract Tower,0,3,9,0,12,0,10,44,0,54,0,13,53,0,66,20,0,20,86
02/21/2019,CIC,CA,AWP,WE,Federal Contract Tower,0,2,5,0,7,0,4,46,2,52,0,6,51,2,59,50,0,50,109
02/22/2019,CIC,CA,AWP,WE,Federal Contract Tower,0,2,3,0,5,0,17,83,0,100,0,19,86,0,105,12,0,12,117
02/23/2019,CIC,CA,AWP,WE,Federal Contract Tower,0,0,1,0,1,0,20,63,0,83,0,20,64,0,84,8,0,8,92
02/24/2019,CIC,CA,AWP,WE,Federal Contract Tower,0,2,9,8,19,0,5,26,0,31,0,7,35,8,50,0,0,0,50
02/25/2019,CIC,CA,AWP,WE,Federal Contract Tower,0,4,1,0,5,0,4,2,0,6,0,8,3,0,11,0,0,0,11
02/26/2019,CIC,CA,AWP,WE,Federal Contract Tower,0,5,3,0,8,0,0,0,0,0,0,5,3,0,8,0,0,0,8
02/27/2019,CIC,CA,AWP,WE,Federal Contract Tower,0,1,4,0,5,0,3,11,0,14,0,4,15,0,19,0,0,0,19
02/28/2019,CIC,CA,AWP,WE,Federal Contract Tower,0,3,7,0,10,0,24,65,0,89,0,27,72,0,99,18,0,18,117
03/01/2019,CIC,CA,AWP,WE,Federal Contract Tower,0,3,6,0,9,0,11,70,0,81,0,14,76,0,90,8,0,8,98
03/02/2019,CIC,CA,AWP,WE,Federal Contract Tower,0,1,1,0,2,0,2,9,0,11,0,3,10,0,13,6,0,6,19
03/03/2019,CIC,CA,AWP,WE,Federal Contract Tower,0,8,8,0,16,0,0,6,0,6,0,8,14,0,22,0,0,0,22
03/04/2019,CIC,CA,AWP,WE,Federal Contract Tower,0,8,5,0,13,0,15,42,0,57,0,23,47,0,70,6,0,6,76
03/05/2019,CIC,CA,AWP,WE,Federal Contract Tower,0,6,5,0,11,0,5,16,0,21,0,11,21,0,32,14,0,14,46
03/06/2019,CIC,CA,AWP,WE,Federal Contract Tower,0,5,0,0,5,0,5,1,0,6,0,10,1,0,11,0,0,0,11
03/07/2019,CIC,CA,AWP,WE,Federal Contract Tower,0,2,10,0,12,0,3,47,0,50,0,5,57,0,62,6,0,6,68
03/08/2019,CIC,CA,AWP,WE,Federal Contract Tower,0,4,10,0,14,0,5,45,0,50,0,9,55,0,64,16,0,16,80
03/09/2019,CIC,CA,AWP,WE,Federal Contract Tower,0,5,4,0,9,0,8,7,0,15,0,13,11,0,24,0,0,0,24
03/10/2019,CIC,CA,AWP,WE,Federal Contract Tower,0,2,1,0,3,0,16,41,0,57,0,18,42,0,60,20,0,20,80
03/11/2019,CIC,CA,AWP,WE,Federal Contract Tower,0,2,2,0,4,0,34,57,0,91,0,36,59,0,95,16,0,16,111
03/12/2019,CIC,CA,AWP,WE,Federal Contract Tower,0,3,5,0,8,0,25,27,0,52,0,28,32,0,60,16,0,16,76
03/13/2019,CIC,CA,AWP,WE,Federal Contract Tower,0,4,7,0,11,0,30,44,0,74,0,34,51,0,85,26,0,26,111
03/14/2019,CIC,CA,AWP,WE,Federal Contract Tower,0,4,8,0,12,0,4,67,0,71,0,8,75,0,83,12,0,12,95
03/15/2019,CIC,CA,AWP,WE,Federal Contract Tower,0,1,2,0,3,0,7,78,0,85,0,8,80,0,88,56,0,56,144
03/16/2019,CIC,CA,AWP,WE,Federal Contract Tower,0,6,0,0,6,0,8,72,0,80,0,14,72,0,86,34,0,34,120
03/17/2019,CIC,CA,AWP,WE,Federal Contract Tower,0,2,3,0,5,0,13,67,0,80,0,15,70,0,85,24,0,24,109
03/18/2019,CIC,CA,AWP,WE,Federal Contract Tower,0,3,4,0,7,0,13,45,0,58,0,16,49,0,65,8,0,8,73
03/19/2019,CIC,CA,AWP,WE,Federal Contract Tower,0,4,2,0,6,0,19,54,2,75,0,23,56,2,81,36,6,42,123
03/20/2019,CIC,CA,AWP,WE,Federal Contract Tower,0,12,5,5,22,0,5,19,1,25,0,17,24,6,47,26,2,28,75
03/21/2019,CIC,CA,AWP,WE,Federal Contract Tower,0,6,8,0,14,0,15,79,0,94,0,21,87,0,108,56,0,56,164
03/22/2019,CIC,CA,AWP,WE,Federal Contract Tower,0,4,6,0,10,0,11,19,0,30,0,15,25,0,40,8,0,8,48
03/23/2019,CIC,CA,AWP,WE,Federal Contract Tower,0,3,2,0,5,0,12,10,0,22,0,15,12,0,27,0,0,0,27
03/24/2019,CIC,CA,AWP,WE,Federal Contract Tower,0,2,2,0,4,0,14,47,0,61,0,16,49,0,65,12,0,12,77
03/25/2019,CIC,CA,AWP,WE,Federal Contract Tower,0,6,5,0,11,0,13,11,0,24,0,19,16,0,35,0,0,0,35
03/26/2019,CIC,CA,AWP,WE,Federal Contract Tower,0,5,10,0,15,0,14,19,0,33,0,19,29,0,48,0,0,0,48
03/27/2019,CIC,CA,AWP,WE,Federal Contract Tower,0,2,3,0,5,0,12,24,0,36,0,14,27,0,41,0,0,0,41
03/28/2019,CIC,CA,AWP,WE,Federal Contract Tower,0,2,9,1,12,0,11,29,1,41,0,13,38,2,53,6,28,34,87
03/29/2019,CIC,CA,AWP,WE,Federal Contract Tower,0,8,4,0,12,0,13,84,0,97,0,21,88,0,109,42,0,42,151
03/30/2019,CIC,CA,AWP,WE,Federal Contract Tower,0,0,3,0,3,0,22,56,0,78,0,22,59,0,81,8,0,8,89
03/31/2019,CIC,CA,AWP,WE,Federal Contract Tower,0,4,3,0,7,0,9,43,0,52,0,13,46,0,59,0,0,0,59
04/01/2019,CIC,CA,AWP,WE,Federal Contract Tower,0,4,8,1,13,0,12,54,1,67,0,16,62,2,80,2,16,18,98
04/02/2019,CIC,CA,AWP,WE,Federal Contract Tower,0,7,6,0,13,0,5,9,0,14,0,12,15,0,27,4,0,4,31
04/03/2019,CIC,CA,AWP,WE,Federal Contract Tower,0,8,7,0,15,0,11,43,0,54,0,19,50,0,69,22,0,22,91
04/04/2019,CIC,CA,AWP,WE,Federal Contract Tower,0,9,5,0,14,0,10,25,0,35,0,19,30,0,49,16,0,16,65
04/05/2019,CIC,CA,AWP,WE,Federal Contract Tower,0,3,3,0,6,0,4,5,0,9,0,7,8,0,15,0,0,0,15
04/06/2019,CIC,CA,AWP,WE,Federal Contract Tower,0,0,7,0,7,0,47,19,0,66,0,47,26,0,73,12,0,12,85
04/07/2019,CIC,CA,AWP,WE,Federal Contract Tower,0,3,2,0,5,0,26,44,0,70,0,29,46,0,75,28,0,28,103
04/08/2019,CIC,CA,AWP,WE,Federal Contract Tower,0,5,2,0,7,0,9,17,0,26,0,14,19,0,33,4,0,4,37
04/09/2019,CIC,CA,AWP,WE,Federal Contract Tower,0,3,3,0,6,0,45,47,2,94,0,48,50,2,100,4,0,4,104
04/10/2019,CIC,CA,AWP,WE,Federal Contract Tower,0,6,2,0,8,0,23,48,0,71,0,29,50,0,79,32,0,32,111
04/11/2019,CIC,CA,AWP,WE,Federal Contract Tower,0,7,5,0,12,0,48,66,0,114,0,55,71,0,126,90,0,90,216
04/12/2019,CIC,CA,AWP,WE,Federal Contract Tower,0,1,3,0,4,0,64,71,4,139,0,65,74,4,143,0,0,0,143
04/13/2019,CIC,CA,AWP,WE,Federal Contract Tower,0,0,3,0,3,0,31,75,0,106,0,31,78,0,109,4,0,4,113
04/14/2019,CIC,CA,AWP,WE,Federal Contract Tower,0,0,1,0,1,0,20,181,0,201,0,20,182,0,202,10,0,10,212
04/15/2019,CIC,CA,AWP,WE,Federal Contract Tower,0,4,7,0,11,0,26,19,0,45,0,30,26,0,56,2,0,2,58
04/16/2019,CIC,CA,AWP,WE,Federal Contract Tower,0,3,13,0,16,0,15,31,0,46,0,18,44,0,62,26,0,26,88
04/17/2019,CIC,CA,AWP,WE,Federal Contract Tower,0,3,2,0,5,0,31,86,0,117,0,34,88,0,122,8,0,8,130
04/18/2019,CIC,CA,AWP,WE,Federal Contract Tower,0,5,2,0,7,0,26,69,0,95,0,31,71,0,102,30,0,30,132
04/19/2019,CIC,CA,AWP,WE,Federal Contract Tower,0,4,4,0,8,0,7,67,0,74,0,11,71,0,82,36,0,36,118
04/20/2019,CIC,CA,AWP,WE,Federal Contract Tower,0,0,4,0,4,0,5,11,0,16,0,5,15,0,20,6,0,6,26
04/21/2019,CIC,CA,AWP,WE,Federal Contract Tower,0,0,2,0,2,0,5,51,0,56,0,5,53,0,58,6,0,6,64
04/22/2019,CIC,CA,AWP,WE,Federal Contract Tower,0,3,8,0,11,0,10,53,0,63,0,13,61,0,74,26,0,26,100
04/23/2019,CIC,CA,AWP,WE,Federal Contract Tower,0,2,3,0,5,0,7,50,0,57,0,9,53,0,62,6,0,6,68
04/24/2019,CIC,CA,AWP,WE,Federal Contract Tower,0,3,5,0,8,0,13,71,0,84,0,16,76,0,92,68,0,68,160
04/25/2019,CIC,CA,AWP,WE,Federal Contract Tower,0,2,3,0,5,0,28,75,2,105,0,30,78,2,110,42,10,52,162
04/26/2019,CIC,CA,AWP,WE,Federal Contract Tower,0,6,0,0,6,0,12,69,0,81,0,18,69,0,87,32,0,32,119
04/27/2019,CIC,CA,AWP,WE,Federal Contract Tower,0,3,1,0,4,0,24,51,0,75,0,27,52,0,79,16,0,16,95
04/28/2019,CIC,CA,AWP,WE,Federal Contract Tower,0,0,1,0,1,0,6,37,0,43,0,6,38,0,44,4,0,4,48
04/29/2019,CIC,CA,AWP,WE,Federal Contract Tower,0,2,4,0,6,0,15,59,0,74,0,17,63,0,80,16,0,16,96
04/30/2019,CIC,CA,AWP,WE,Federal Contract Tower,0,8,9,0,17,0,11,47,0,58,0,19,56,0,75,8,0,8,83
05/01/2019,CIC,CA,AWP,WE,Federal Contract Tower,0,2,7,0,9,0,22,79,0,101,0,24,86,0,110,18,0,18,128
05/02/2019,CIC,CA,AWP,WE,Federal Contract Tower,0,2,0,0,2,0,21,66,2,89,0,23,66,2,91,8,0,8,99
05/03/2019,CIC,CA,AWP,WE,Federal Contract Tower,0,2,3,1,6,0,18,35,0,53,0,20,38,1,59,34,0,34,93
05/04/2019,CIC,CA,AWP,WE,Federal Contract Tower,0,0,1,0,1,0,21,55,0,76,0,21,56,0,77,8,0,8,85
05/05/2019,CIC,CA,AWP,WE,Federal Contract Tower,0,0,2,0,2,0,2,51,2,55,0,2,53,2,57,20,0,20,77
05/06/2019,CIC,CA,AWP,WE,Federal Contract Tower,0,4,2,0,6,0,6,41,0,47,0,10,43,0,53,6,0,6,59
05/07/2019,CIC,CA,AWP,WE,Federal Contract Tower,0,6,7,0,13,0,8,73,2,83,0,14,80,2,96,38,0,38,134
05/08/2019,CIC,CA,AWP,WE,Federal Contract Tower,0,5,10,0,15,0,14,46,2,62,0,19,56,2,77,30,0,30,107
05/09/2019,CIC,CA,AWP,WE,Federal Contract Tower,0,5,5,1,11,0,0,0,0,0,0,5,5,1,11,16,10,26,37
05/10/2019,CIC,CA,AWP,WE,Federal Contract Tower,0,7,3,1,11,0,29,64,1,94,0,36,67,2,105,24,12,36,141
05/11/2019,CIC,CA,AWP,WE,Federal Contract Tower,0,4,3,0,7,0,13,85,0,98,0,17,88,0,105,30,0,30,135
05/12/2019,CIC,CA,AWP,WE,Federal Contract Tower,0,0,0,0,0,0,8,58,0,66,0,8,58,0,66,18,0,18,84
05/13/2019,CIC,CA,AWP,WE,Federal Contract Tower,0,3,3,0,6,0,4,42,0,46,0,7,45,0,52,14,0,14,66
05/14/2019,CIC,CA,AWP,WE,Federal Contract Tower,0,4,2,0,6,0,15,56,0,71,0,19,58,0,77,20,0,20,97
05/15/2019,CIC,CA,AWP,WE,Federal Contract Tower,0,4,9,0,13,0,17,19,0,36,0,21,28,0,49,12,0,12,61
05/16/2019,CIC,CA,AWP,WE,Federal Contract Tower,0,3,5,0,8,0,1,8,0,9,0,4,13,0,17,0,0,0,17
05/17/2019,CIC,CA,AWP,WE,Federal Contract Tower,0,6,5,0,11,0,15,83,0,98,0,21,88,0,109,128,0,128,237
05/18/2019,CIC,CA,AWP,WE,Federal Contract Tower,0,0,6,0,6,0,10,9,0,19,0,10,15,0,25,8,0,8,33
05/19/2019,CIC,CA,AWP,WE,Federal Contract Tower,0,2,3,0,5,0,7,4,0,11,0,9,7,0,16,0,0,0,16
05/20/2019,CIC,CA,AWP,WE,Federal Contract Tower,0,5,1,0,6,0,15,60,0,75,0,20,61,0,81,56,0,56,137
05/21/2019,CIC,CA,AWP,WE,Federal Contract Tower,0,3,6,0,9,0,5,8,0,13,0,8,14,0,22,0,0,0,22
05/22/2019,CIC,CA,AWP,WE,Federal Contract Tower,0,2,4,0,6,0,9,38,0,47,0,11,42,0,53,0,0,0,53
05/23/2019,CIC,CA,AWP,WE,Federal Contract Tower,0,4,5,0,9,0,30,55,0,85,0,34,60,0,94,10,0,10,104
05/24/2019,CIC,CA,AWP,WE,Federal Contract Tower,0,2,4,0,6,0,9,111,0,120,0,11,115,0,126,92,0,92,218
05/25/2019,CIC,CA,AWP,WE,Federal Contract Tower,0,1,0,0,1,0,10,50,0,60,0,11,50,0,61,32,0,32,93
05/26/2019,CIC,CA,AWP,WE,Federal Contract Tower,0,0,0,0,0,0,4,4,0,8,0,4,4,0,8,0,0,0,8
05/27/2019,CIC,CA,AWP,WE,Federal Contract Tower,0,0,11,0,11,0,2,42,0,44,0,2,53,0,55,18,0,18,73
05/28/2019,CIC,CA,AWP,WE,Federal Contract Tower,0,2,1,0,3,0,14,64,0,78,0,16,65,0,81,20,0,20,101
05/29/2019,CIC,CA,AWP,WE,Federal Contract Tower,0,5,2,2,9,0,16,81,0,97,0,21,83,2,106,12,0,12,118
05/30/2019,CIC,CA,AWP,WE,Federal Contract Tower,0,2,1,0,3,0,9,50,0,59,0,11,51,0,62,6,0,6,68
05/31/2019,CIC,CA,AWP,WE,Federal Contract Tower,0,3,5,0,8,0,12,81,0,93,0,15,86,0,101,92,0,92,193
06/01/2019,CIC,CA,AWP,WE,Federal Contract Tower,0,2,0,0,2,0,11,58,0,69,0,13,58,0,71,12,0,12,83
06/02/2019,CIC,CA,AWP,WE,Federal Contract Tower,0,0,1,0,1,0,15,53,0,68,0,15,54,0,69,32,0,32,101
06/03/2019,CIC,CA,AWP,WE,Federal Contract Tower,0,4,1,0,5,0,7,80,0,87,0,11,81,0,92,32,0,32,124
06/04/2019,CIC,CA,AWP,WE,Federal Contract Tower,0,3,6,0,9,0,17,62,0,79,0,20,68,0,88,8,0,8,96
06/05/2019,CIC,CA,AWP,WE,Federal Contract Tower,0,2,2,0,4,0,7,54,0,61,0,9,56,0,65,10,0,10,75
06/06/2019,CIC,CA,AWP,WE,Federal Contract Tower,0,2,2,1,5,0,7,61,1,69,0,9,63,2,74,24,14,38,112
06/07/2019,CIC,CA,AWP,WE,Federal Contract Tower,0,4,0,0,4,0,15,41,0,56,0,19,41,0,60,0,0,0,60
06/08/2019,CIC,CA,AWP,WE,Federal Contract Tower,0,1,0,0,1,0,22,33,0,55,0,23,33,0,56,4,0,4,60
06/09/2019,CIC,CA,AWP,WE,Federal Contract Tower,0,0,0,0,0,0,22,75,0,97,0,22,75,0,97,2,0,2,99
06/10/2019,CIC,CA,AWP,WE,Federal Contract Tower,0,4,2,0,6,0,14,37,0,51,0,18,39,0,57,40,0,40,97
06/11/2019,CIC,CA,AWP,WE,Federal Contract Tower,0,2,8,0,10,0,14,42,0,56,0,16,50,0,66,8,0,8,74
06/12/2019,CIC,CA,AWP,WE,Federal Contract Tower,0,4,1,0,5,0,20,56,0,76,0,24,57,0,81,34,0,34,115
06/13/2019,CIC,CA,AWP,WE,Federal Contract Tower,0,2,2,1,5,0,8,60,0,68,0,10,62,1,73,26,0,26,99
06/14/2019,CIC,CA,AWP,WE,Federal Contract Tower,0,2,6,0,8,0,18,36,0,54,0,20,42,0,62,16,0,16,78
06/15/2019,CIC,CA,AWP,WE,Federal Contract Tower,0,0,0,0,0,0,27,34,0,61,0,27,34,0,61,32,0,32,93
06/16/2019,CIC,CA,AWP,WE,Federal Contract Tower,0,0,5,0,5,0,10,42,0,52,0,10,47,0,57,2,0,2,59
06/17/2019,CIC,CA,AWP,WE,Federal Contract Tower,0,3,3,0,6,0,20,44,0,64,0,23,47,0,70,26,0,26,96
06/18/2019,CIC,CA,AWP,WE,Federal Contract Tower,0,4,3,0,7,0,22,52,1,75,0,26,55,1,82,16,0,16,98
06/19/2019,CIC,CA,AWP,WE,Federal Contract Tower,0,3,3,0,6,0,25,58,1,84,0,28,61,1,90,50,0,50,140
06/20/2019,CIC,CA,AWP,WE,Federal Contract Tower,0,2,2,0,4,0,11,43,0,54,0,13,45,0,58,2,0,2,60
06/21/2019,CIC,CA,AWP,WE,Federal Contract Tower,0,2,5,0,7,0,8,58,0,66,0,10,63,0,73,0,0,0,73
06/22/2019,CIC,CA,AWP,WE,Federal Contract Tower,0,0,1,0,1,0,17,58,0,75,0,17,59,0,76,28,0,28,104
06/23/2019,CIC,CA,AWP,WE,Federal Contract Tower,0,2,1,0,3,0,11,65,0,76,0,13,66,0,79,32,0,32,111
06/24/2019,CIC,CA,AWP,WE,Federal Contract Tower,0,2,5,0,7,0,7,87,0,94,0,9,92,0,101,20,0,20,121
06/25/2019,CIC,CA,AWP,WE,Federal Contract Tower,0,2,3,0,5,0,14,60,0,74,0,16,63,0,79,8,0,8,87
06/26/2019,CIC,CA,AWP,WE,Federal Contract Tower,0,3,8,0,11,0,18,48,0,66,0,21,56,0,77,18,0,18,95
06/27/2019,CIC,CA,AWP,WE,Federal Contract Tower,0,4,5,0,9,0,8,70,0,78,0,12,75,0,87,62,0,62,149
06/28/2019,CIC,CA,AWP,WE,Federal Contract Tower,0,2,5,0,7,0,15,90,0,105,0,17,95,0,112,22,0,22,134
06/29/2019,CIC,CA,AWP,WE,Federal Contract Tower,0,0,3,0,3,0,23,53,0,76,0,23,56,0,79,20,0,20,99
06/30/2019,CIC,CA,AWP,WE,Federal Contract Tower,0,0,3,0,3,0,15,49,0,64,0,15,52,0,67,8,0,8,75
07/01/2019,CIC,CA,AWP,WE,Federal Contract Tower,0,1,4,0,5,0,22,59,0,81,0,23,63,0,86,16,0,16,102
07/02/2019,CIC,CA,AWP,WE,Federal Contract Tower,0,1,10,0,11,0,26,46,0,72,0,27,56,0,83,18,0,18,101
07/03/2019,CIC,CA,AWP,WE,Federal Contract Tower,0,2,3,0,5,0,21,59,0,80,0,23,62,0,85,2,0,2,87
07/04/2019,CIC,CA,AWP,WE,Federal Contract Tower,0,0,0,0,0,0,8,43,0,51,0,8,43,0,51,16,0,16,67
07/05/2019,CIC,CA,AWP,WE,Federal Contract Tower,0,2,0,0,2,0,13,41,0,54,0,15,41,0,56,8,0,8,64
07/06/2019,CIC,CA,AWP,WE,Federal Contract Tower,0,1,2,0,3,0,19,52,0,71,0,20,54,0,74,6,0,6,80
07/07/2019,CIC,CA,AWP,WE,Federal Contract Tower,0,1,4,0,5,0,10,33,0,43,0,11,37,0,48,0,0,0,48
07/08/2019,CIC,CA,AWP,WE,Federal Contract Tower,0,4,1,0,5,0,13,34,0,47,0,17,35,0,52,18,0,18,70
07/09/2019,CIC,CA,AWP,WE,Federal Contract Tower,0,4,2,0,6,0,20,68,2,90,0,24,70,2,96,50,12,62,158
07/10/2019,CIC,CA,AWP,WE,Federal Contract Tower,0,1,2,0,3,0,32,73,0,105,0,33,75,0,108,42,12,54,162
07/11/2019,CIC,CA,AWP,WE,Federal Contract Tower,0,1,3,0,4,0,12,69,0,81,0,13,72,0,85,46,0,46,131
07/12/2019,CIC,CA,AWP,WE,Federal Contract Tower,0,2,7,0,9,0,22,70,0,92,0,24,77,0,101,8,0,8,109
07/13/2019,CIC,CA,AWP,WE,Federal Contract Tower,0,0,0,0,0,0,3,49,0,52,0,3,49,0,52,6,0,6,58
07/14/2019,CIC,CA,AWP,WE,Federal Contract Tower,0,1,2,0,3,0,21,35,0,56,0,22,37,0,59,10,0,10,69
07/15/2019,CIC,CA,AWP,WE,Federal Contract Tower,0,4,3,2,9,0,25,45,0,70,0,29,48,2,79,12,0,12,91
07/16/2019,CIC,CA,AWP,WE,Federal Contract Tower,0,3,4,1,8,0,19,42,1,62,0,22,46,2,70,4,4,8,78
07/17/2019,CIC,CA,AWP,WE,Federal Contract Tower,0,3,2,0,5,0,8,50,2,60,0,11,52,2,65,60,0,60,125
07/18/2019,CIC,CA,AWP,WE,Federal Contract Tower,0,4,7,0,11,0,8,58,0,66,0,12,65,0,77,36,0,36,113
07/19/2019,CIC,CA,AWP,WE,Federal Contract Tower,0,8,0,0,8,4,9,72,0,85,4,17,72,0,93,20,0,20,113
07/20/2019,CIC,CA,AWP,WE,Federal Contract Tower,0,1,5,0,6,0,18,47,0,65,0,19,52,0,71,32,0,32,103
07/21/2019,CIC,CA,AWP,WE,Federal Contract Tower,0,0,3,0,3,0,5,30,0,35,0,5,33,0,38,18,0,18,56
07/22/2019,CIC,CA,AWP,WE,Federal Contract Tower,0,6,2,0,8,0,25,66,0,91,0,31,68,0,99,22,0,22,121
07/23/2019,CIC,CA,AWP,WE,Federal Contract Tower,0,7,3,0,10,0,14,68,0,82,0,21,71,0,92,120,0,120,212
07/24/2019,CIC,CA,AWP,WE,Federal Contract Tower,0,10,2,6,18,0,23,72,0,95,0,33,74,6,113,34,0,34,147
07/25/2019,CIC,CA,AWP,WE,Federal Contract Tower,0,6,0,0,6,0,18,72,0,90,0,24,72,0,96,4,0,4,100
07/26/2019,CIC,CA,AWP,WE,Federal Contract Tower,0,6,1,2,9,0,28,59,0,87,0,34,60,2,96,16,0,16,112
07/27/2019,CIC,CA,AWP,WE,Federal Contract Tower,0,2,2,0,4,0,38,46,0,84,0,40,48,0,88,8,0,8,96
07/28/2019,CIC,CA,AWP,WE,Federal Contract Tower,0,1,5,0,6,0,14,45,0,59,0,15,50,0,65,10,0,10,75
07/29/2019,CIC,CA,AWP,WE,Federal Contract Tower,0,12,4,0,16,0,24,52,0,76,0,36,56,0,92,20,0,20,112
07/30/2019,CIC,CA,AWP,WE,Federal Contract Tower,0,12,1,1,14,0,20,47,0,67,0,32,48,1,81,18,4,22,103
07/31/2019,CIC,CA,AWP,WE,Federal Contract Tower,0,3,2,0,5,0,12,48,0,60,0,15,50,0,65,2,0,2,67
08/01/2019,CIC,CA,AWP,WE,Federal Contract Tower,0,14,1,0,15,0,23,63,0,86,0,37,64,0,101,4,0,4,105
08/02/2019,CIC,CA,AWP,WE,Federal Contract Tower,0,5,2,0,7,0,14,51,0,65,0,19,53,0,72,4,0,4,76
08/03/2019,CIC,CA,AWP,WE,Federal Contract Tower,0,0,5,0,5,0,23,63,0,86,0,23,68,0,91,28,0,28,119
08/04/2019,CIC,CA,AWP,WE,Federal Contract Tower,0,0,3,0,3,0,11,55,0,66,0,11,58,0,69,46,0,46,115
08/06/2019,CIC,CA,AWP,WE,Federal Contract Tower,0,7,4,0,11,0,19,45,0,64,0,26,49,0,75,68,0,68,143
08/07/2019,CIC,CA,AWP,WE,Federal Contract Tower,0,8,2,0,10,0,24,69,0,93,0,32,71,0,103,26,0,26,129
08/08/2019,CIC,CA,AWP,WE,Federal Contract Tower,0,5,6,0,11,0,27,57,0,84,0,32,63,0,95,0,0,0,95
08/09/2019,CIC,CA,AWP,WE,Federal Contract Tower,0,7,2,0,9,0,23,38,1,62,0,30,40,1,71,6,0,6,77
08/10/2019,CIC,CA,AWP,WE,Federal Contract Tower,0,0,6,1,7,0,22,47,0,69,0,22,53,1,76,0,0,0,76
08/11/2019,CIC,CA,AWP,WE,Federal Contract Tower,0,0,1,0,1,0,19,93,0,112,0,19,94,0,113,32,0,32,145
08/12/2019,CIC,CA,AWP,WE,Federal Contract Tower,0,6,4,0,10,0,19,90,2,111,0,25,94,2,121,26,0,26,147
08/13/2019,CIC,CA,AWP,WE,Federal Contract Tower,0,9,4,0,13,0,33,76,0,109,0,42,80,0,122,8,0,8,130
08/14/2019,CIC,CA,AWP,WE,Federal Contract Tower,0,6,2,0,8,0,22,59,0,81,0,28,61,0,89,16,0,16,105
08/15/2019,CIC,CA,AWP,WE,Federal Contract Tower,0,5,0,0,5,0,6,57,2,65,0,11,57,2,70,8,0,8,78
08/16/2019,CIC,CA,AWP,WE,Federal Contract Tower,0,6,7,0,13,0,14,70,0,84,0,20,77,0,97,6,0,6,103
08/17/2019,CIC,CA,AWP,WE,Federal Contract Tower,0,0,3,0,3,0,14,106,0,120,0,14,109,0,123,24,0,24,147
08/18/2019,CIC,CA,AWP,WE,Federal Contract Tower,0,0,0,0,0,0,9,74,0,83,0,9,74,0,83,22,0,22,105
08/19/2019,CIC,CA,AWP,WE,Federal Contract Tower,0,8,0,0,8,0,24,56,0,80,0,32,56,0,88,22,0,22,110
08/20/2019,CIC,CA,AWP,WE,Federal Contract Tower,0,8,3,2,13,0,12,58,0,70,0,20,61,2,83,18,0,18,101
08/21/2019,CIC,CA,AWP,WE,Federal Contract Tower,0,12,4,0,16,0,22,82,0,104,0,34,86,0,120,22,0,22,142
08/22/2019,CIC,CA,AWP,WE,Federal Contract Tower,0,6,3,0,9,0,16,57,0,73,0,22,60,0,82,0,0,0,82
08/23/2019,CIC,CA,AWP,WE,Federal Contract Tower,0,2,6,0,8,0,7,56,0,63,0,9,62,0,71,4,0,4,75
08/24/2019,CIC,CA,AWP,WE,Federal Contract Tower,0,0,3,0,3,0,11,59,0,70,0,11,62,0,73,16,0,16,89
08/25/2019,CIC,CA,AWP,WE,Federal Contract Tower,0,0,4,0,4,0,6,59,0,65,0,6,63,0,69,2,0,2,71
08/26/2019,CIC,CA,AWP,WE,Federal Contract Tower,0,4,0,0,4,0,35,74,0,109,0,39,74,0,113,20,0,20,133
08/27/2019,CIC,CA,AWP,WE,Federal Contract Tower,0,7,2,0,9,0,23,68,0,91,0,30,70,0,100,10,0,10,110
08/28/2019,CIC,CA,AWP,WE,Federal Contract Tower,0,6,0,0,6,0,18,72,0,90,0,24,72,0,96,2,8,10,106
08/29/2019,CIC,CA,AWP,WE,Federal Contract Tower,0,6,0,2,8,0,30,76,0,106,0,36,76,2,114,0,26,26,140
08/30/2019,CIC,CA,AWP,WE,Federal Contract Tower,0,3,1,0,4,0,4,66,0,70,0,7,67,0,74,2,0,2,76
08/31/2019,CIC,CA,AWP,WE,Federal Contract Tower,0,0,3,0,3,0,16,81,0,97,0,16,84,0,100,12,0,12,112
09/01/2019,CIC,CA,AWP,WE,Federal Contract Tower,0,0,1,0,1,0,12,61,0,73,0,12,62,0,74,16,0,16,90
09/02/2019,CIC,CA,AWP,WE,Federal Contract Tower,0,1,0,0,1,0,10,58,0,68,0,11,58,0,69,16,0,16,85
09/03/2019,CIC,CA,AWP,WE,Federal Contract Tower,0,8,0,2,10,0,22,59,0,81,0,30,59,2,91,0,2,2,93
09/04/2019,CIC,CA,AWP,WE,Federal Contract Tower,0,10,4,0,14,0,36,61,0,97,0,46,65,0,111,0,0,0,111
09/05/2019,CIC,CA,AWP,WE,Federal Contract Tower,0,4,5,4,13,0,27,61,0,88,0,31,66,4,101,2,0,2,103
09/06/2019,CIC,CA,AWP,WE,Federal Contract Tower,0,11,4,0,15,0,81,51,2,134,0,92,55,2,149,18,4,22,171
09/07/2019,CIC,CA,AWP,WE,Federal Contract Tower,0,0,3,0,3,0,86,39,0,125,0,86,42,0,128,0,0,0,128
09/08/2019,CIC,CA,AWP,WE,Federal Contract Tower,0,0,1,0,1,0,51,31,0,82,0,51,32,0,83,22,0,22,105
09/09/2019,CIC,CA,AWP,WE,Federal Contract Tower,0,2,1,0,3,0,60,41,0,101,0,62,42,0,104,12,0,12,116
09/10/2019,CIC,CA,AWP,WE,Federal Contract Tower,0,2,8,0,10,0,28,41,0,69,0,30,49,0,79,36,0,36,115
09/11/2019,CIC,CA,AWP,WE,Federal Contract Tower,0,2,1,0,3,0,37,53,0,90,0,39,54,0,93,2,0,2,95
09/12/2019,CIC,CA,AWP,WE,Federal Contract Tower,0,2,10,1,13,0,41,79,3,123,0,43,89,4,136,24,16,40,176
09/13/2019,CIC,CA,AWP,WE,Federal Contract Tower,0,6,3,7,16,0,22,42,1,65,0,28,45,8,81,12,0,12,93
09/14/2019,CIC,CA,AWP,WE,Federal Contract Tower,0,0,5,0,5,0,30,53,0,83,0,30,58,0,88,8,2,10,98
09/15/2019,CIC,CA,AWP,WE,Federal Contract Tower,0,0,2,0,2,0,13,39,0,52,0,13,41,0,54,0,0,0,54
09/16/2019,CIC,CA,AWP,WE,Federal Contract Tower,0,8,8,0,16,0,17,30,2,49,0,25,38,2,65,0,0,0,65
09/17/2019,CIC,CA,AWP,WE,Federal Contract Tower,0,5,2,0,7,0,40,52,0,92,0,45,54,0,99,0,0,0,99
09/18/2019,CIC,CA,AWP,WE,Federal Contract Tower,0,6,3,0,9,0,20,21,0,41,0,26,24,0,50,44,0,44,94
09/19/2019,CIC,CA,AWP,WE,Federal Contract Tower,0,6,1,4,11,0,42,60,0,102,0,48,61,4,113,14,0,14,127
09/20/2019,CIC,CA,AWP,WE,Federal Contract Tower,0,8,3,0,11,0,18,60,0,78,0,26,63,0,89,50,0,50,139
09/21/2019,CIC,CA,AWP,WE,Federal Contract Tower,0,3,1,0,4,0,15,63,0,78,0,18,64,0,82,16,0,16,98
09/22/2019,CIC,CA,AWP,WE,Federal Contract Tower,0,2,2,0,4,0,6,51,0,57,0,8,53,0,61,8,0,8,69
09/23/2019,CIC,CA,AWP,WE,Federal Contract Tower,0,4,2,0,6,0,25,60,0,85,0,29,62,0,91,18,0,18,109
09/24/2019,CIC,CA,AWP,WE,Federal Contract Tower,0,7,2,3,12,0,31,81,1,113,0,38,83,4,125,74,12,86,211
09/25/2019,CIC,CA,AWP,WE,Federal Contract Tower,0,6,2,0,8,0,24,84,0,108,0,30,86,0,116,2,0,2,118
09/26/2019,CIC,CA,AWP,WE,Federal Contract Tower,0,8,5,0,13,0,21,80,0,101,0,29,85,0,114,48,0,48,162
09/27/2019,CIC,CA,AWP,WE,Federal Contract Tower,0,9,16,4,29,0,16,46,0,62,0,25,62,4,91,6,0,6,97
09/28/2019,CIC,CA,AWP,WE,Federal Contract Tower,0,1,2,0,3,0,3,23,0,26,0,4,25,0,29,0,0,0,29
09/29/2019,CIC,CA,AWP,WE,Federal Contract Tower,0,0,2,0,2,0,28,46,0,74,0,28,48,0,76,24,0,24,100
09/30/2019,CIC,CA,AWP,WE,Federal Contract Tower,0,8,5,0,13,0,19,32,0,51,0,27,37,0,64,14,0,14,78
10/01/2019,CIC,CA,AWP,WE,Federal Contract Tower,0,9,6,8,23,0,27,56,0,83,0,36,62,8,106,26,0,26,132
10/02/2019,CIC,CA,AWP,WE,Federal Contract Tower,0,6,5,2,13,0,29,55,0,84,0,35,60,2,97,32,0,32,129
10/03/2019,CIC,CA,AWP,WE,Federal Contract Tower,0,9,3,0,12,0,54,79,0,133,0,63,82,0,145,32,0,32,177
10/04/2019,CIC,CA,AWP,WE,Federal Contract Tower,0,8,8,0,16,0,25,41,0,66,0,33,49,0,82,4,0,4,86
10/05/2019,CIC,CA,AWP,WE,Federal Contract Tower,0,0,2,0,2,0,20,72,0,92,0,20,74,0,94,16,0,16,110
10/06/2019,CIC,CA,AWP,WE,Federal Contract Tower,0,0,3,0,3,0,15,90,0,105,0,15,93,0,108,32,0,32,140
10/07/2019,CIC,CA,AWP,WE,Federal Contract Tower,0,10,4,0,14,0,16,64,0,80,0,26,68,0,94,20,0,20,114
10/08/2019,CIC,CA,AWP,WE,Federal Contract Tower,0,10,8,0,18,0,20,81,0,101,0,30,89,0,119,4,0,4,123
10/09/2019,CIC,CA,AWP,WE,Federal Contract Tower,0,2,3,0,5,0,11,6,0,17,0,13,9,0,22,0,0,0,22
10/10/2019,CIC,CA,AWP,WE,Federal Contract Tower,0,3,2,0,5,0,20,33,2,55,0,23,35,2,60,18,4,22,82
10/11/2019,CIC,CA,AWP,WE,Federal Contract Tower,0,2,4,0,6,0,9,74,0,83,0,11,78,0,89,0,0,0,89
10/12/2019,CIC,CA,AWP,WE,Federal Contract Tower,0,0,2,0,2,0,13,60,0,73,0,13,62,0,75,16,0,16,91
10/13/2019,CIC,CA,AWP,WE,Federal Contract Tower,0,0,2,0,2,0,14,43,0,57,0,14,45,0,59,2,0,2,61
10/14/2019,CIC,CA,AWP,WE,Federal Contract Tower,0,2,1,0,3,0,16,40,0,56,0,18,41,0,59,0,0,0,59
10/15/2019,CIC,CA,AWP,WE,Federal Contract Tower,0,4,3,1,8,0,20,62,1,83,0,24,65,2,91,8,0,8,99
10/16/2019,CIC,CA,AWP,WE,Federal Contract Tower,0,4,3,0,7,0,19,52,0,71,0,23,55,0,78,32,0,32,110
10/17/2019,CIC,CA,AWP,WE,Federal Contract Tower,0,5,4,0,9,0,6,55,0,61,0,11,59,0,70,12,0,12,82
10/18/2019,CIC,CA,AWP,WE,Federal Contract Tower,0,7,2,0,9,0,15,73,0,88,0,22,75,0,97,0,0,0,97
10/19/2019,CIC,CA,AWP,WE,Federal Contract Tower,0,0,6,0,6,0,19,41,0,60,0,19,47,0,66,6,0,6,72
10/20/2019,CIC,CA,AWP,WE,Federal Contract Tower,0,1,1,0,2,0,13,52,0,65,0,14,53,0,67,0,0,0,67
10/21/2019,CIC,CA,AWP,WE,Federal Contract Tower,0,3,5,0,8,0,11,52,0,63,0,14,57,0,71,2,0,2,73
10/23/2019,CIC,CA,AWP,WE,Federal Contract Tower,0,3,6,0,9,0,17,29,0,46,0,20,35,0,55,8,0,8,63
10/24/2019,CIC,CA,AWP,WE,Federal Contract Tower,0,4,0,0,4,0,30,54,0,84,0,34,54,0,88,0,0,0,88
10/25/2019,CIC,CA,AWP,WE,Federal Contract Tower,0,6,4,0,10,0,7,42,0,49,0,13,46,0,59,6,0,6,65
10/26/2019,CIC,CA,AWP,WE,Federal Contract Tower,0,3,1,0,4,0,24,35,0,59,0,27,36,0,63,0,0,0,63
10/27/2019,CIC,CA,AWP,WE,Federal Contract Tower,0,1,0,0,1,0,35,22,0,57,0,36,22,0,58,0,0,0,58
10/28/2019,CIC,CA,AWP,WE,Federal Contract Tower,0,6,6,1,13,0,21,66,0,87,0,27,72,1,100,16,16,32,132
10/29/2019,CIC,CA,AWP,WE,Federal Contract Tower,0,6,3,1,10,0,23,38,0,61,0,29,41,1,71,20,0,20,91
10/30/2019,CIC,CA,AWP,WE,Federal Contract Tower,0,6,4,0,10,0,7,37,0,44,0,13,41,0,54,0,0,0,54
10/31/2019,CIC,CA,AWP,WE,Federal Contract Tower,0,5,0,0,5,0,26,57,0,83,0,31,57,0,88,34,0,34,122
11/01/2019,CIC,CA,AWP,WE,Federal Contract Tower,0,5,10,0,15,0,11,64,0,75,0,16,74,0,90,16,0,16,106
11/02/2019,CIC,CA,AWP,WE,Federal Contract Tower,0,3,2,0,5,0,25,77,0,102,0,28,79,0,107,12,0,12,119
11/03/2019,CIC,CA,AWP,WE,Federal Contract Tower,0,0,9,0,9,0,17,43,0,60,0,17,52,0,69,14,0,14,83
11/04/2019,CIC,CA,AWP,WE,Federal Contract Tower,0,4,1,0,5,0,49,60,0,109,0,53,61,0,114,24,0,24,138
11/05/2019,CIC,CA,AWP,WE,Federal Contract Tower,0,6,2,0,8,0,21,49,0,70,0,27,51,0,78,54,0,54,132
11/06/2019,CIC,CA,AWP,WE,Federal Contract Tower,0,4,1,0,5,0,12,41,0,53,0,16,42,0,58,16,0,16,74
11/07/2019,CIC,CA,AWP,WE,Federal Contract Tower,0,5,8,4,17,0,17,68,0,85,0,22,76,4,102,8,0,8,110
11/08/2019,CIC,CA,AWP,WE,Federal Contract Tower,0,9,3,0,12,0,18,57,0,75,0,27,60,0,87,2,0,2,89
11/09/2019,CIC,CA,AWP,WE,Federal Contract Tower,0,0,4,0,4,0,10,46,0,56,0,10,50,0,60,0,0,0,60
11/10/2019,CIC,CA,AWP,WE,Federal Contract Tower,0,0,3,0,3,0,12,47,0,59,0,12,50,0,62,10,0,10,72
11/11/2019,CIC,CA,AWP,WE,Federal Contract Tower,0,4,4,0,8,0,22,75,0,97,0,26,79,0,105,10,0,10,115
11/12/2019,CIC,CA,AWP,WE,Federal Contract Tower,0,3,5,0,8,0,19,35,0,54,0,22,40,0,62,12,0,12,74
11/13/2019,CIC,CA,AWP,WE,Federal Contract Tower,0,9,3,1,13,0,13,31,1,45,0,22,34,2,58,12,12,24,82
11/14/2019,CIC,CA,AWP,WE,Federal Contract Tower,0,8,3,5,16,0,16,58,7,81,0,24,61,12,97,4,32,36,133
11/15/2019,CIC,CA,AWP,WE,Federal Contract Tower,0,6,4,0,10,0,14,45,0,59,0,20,49,0,69,40,0,40,109
11/16/2019,CIC,CA,AWP,WE,Federal Contract Tower,0,3,4,0,7,0,15,57,0,72,0,18,61,0,79,30,0,30,109
11/17/2019,CIC,CA,AWP,WE,Federal Contract Tower,0,2,5,0,7,0,18,66,0,84,0,20,71,0,91,36,0,36,127
11/18/2019,CIC,CA,AWP,WE,Federal Contract Tower,0,4,0,0,4,0,15,57,0,72,0,19,57,0,76,10,0,10,86
11/19/2019,CIC,CA,AWP,WE,Federal Contract Tower,0,5,4,0,9,0,14,46,0,60,0,19,50,0,69,2,0,2,71
11/20/2019,CIC,CA,AWP,WE,Federal Contract Tower,0,2,1,0,3,0,23,19,0,42,0,25,20,0,45,6,0,6,51
11/21/2019,CIC,CA,AWP,WE,Federal Contract Tower,0,9,3,8,20,0,19,51,0,70,0,28,54,8,90,36,0,36,126
11/22/2019,CIC,CA,AWP,WE,Federal Contract Tower,0,6,4,0,10,0,36,48,0,84,0,42,52,0,94,0,0,0,94
11/23/2019,CIC,CA,AWP,WE,Federal Contract Tower,0,0,5,0,5,0,18,83,0,101,0,18,88,0,106,19,0,19,125
11/24/2019,CIC,CA,AWP,WE,Federal Contract Tower,0,0,0,0,0,0,10,31,0,41,0,10,31,0,41,4,0,4,45
11/25/2019,CIC,CA,AWP,WE,Federal Contract Tower,0,8,5,0,13,0,22,43,0,65,0,30,48,0,78,0,0,0,78
11/26/2019,CIC,CA,AWP,WE,Federal Contract Tower,0,4,0,0,4,0,10,18,0,28,0,14,18,0,32,0,0,0,32
11/27/2019,CIC,CA,AWP,WE,Federal Contract Tower,0,4,1,0,5,0,5,4,0,9,0,9,5,0,14,0,0,0,14
11/28/2019,CIC,CA,AWP,WE,Federal Contract Tower,0,0,5,0,5,0,9,14,0,23,0,9,19,0,28,6,0,6,34
11/29/2019,CIC,CA,AWP,WE,Federal Contract Tower,0,2,0,0,2,0,20,39,0,59,0,22,39,0,61,46,0,46,107
11/30/2019,CIC,CA,AWP,WE,Federal Contract Tower,0,0,4,0,4,0,6,13,0,19,0,6,17,0,23,22,0,22,45
12/01/2019,CIC,CA,AWP,WE,Federal Contract Tower,0,2,6,0,8,0,0,0,0,0,0,2,6,0,8,0,0,0,8
12/02/2019,CIC,CA,AWP,WE,Federal Contract Tower,0,10,3,0,13,0,0,0,0,0,0,10,3,0,13,0,0,0,13
12/03/2019,CIC,CA,AWP,WE,Federal Contract Tower,0,8,8,3,19,0,17,33,2,52,0,25,41,5,71,62,12,74,145
12/04/2019,CIC,CA,AWP,WE,Federal Contract Tower,0,18,6,0,24,0,0,0,0,0,0,18,6,0,24,0,0,0,24
12/05/2019,CIC,CA,AWP,WE,Federal Contract Tower,0,8,14,0,22,0,4,16,0,20,0,12,30,0,42,0,0,0,42
12/06/2019,CIC,CA,AWP,WE,Federal Contract Tower,0,12,5,0,17,0,12,21,0,33,0,24,26,0,50,0,0,0,50
12/07/2019,CIC,CA,AWP,WE,Federal Contract Tower,0,1,2,0,3,0,0,0,0,0,0,1,2,0,3,0,0,0,3
12/08/2019,CIC,CA,AWP,WE,Federal Contract Tower,0,0,10,0,10,0,3,7,0,10,0,3,17,0,20,0,0,0,20
12/09/2019,CIC,CA,AWP,WE,Federal Contract Tower,0,7,8,0,15,0,19,80,0,99,0,26,88,0,114,46,0,46,160
12/10/2019,CIC,CA,AWP,WE,Federal Contract Tower,0,11,3,0,14,0,8,21,0,29,0,19,24,0,43,44,0,44,87
12/11/2019,CIC,CA,AWP,WE,Federal Contract Tower,0,11,14,0,25,0,1,0,0,1,0,12,14,0,26,0,0,0,26
12/12/2019,CIC,CA,AWP,WE,Federal Contract Tower,0,12,13,0,25,0,0,4,0,4,0,12,17,0,29,0,0,0,29
12/13/2019,CIC,CA,AWP,WE,Federal Contract Tower,0,12,9,0,21,0,10,4,0,14,0,22,13,0,35,0,0,0,35
12/14/2019,CIC,CA,AWP,WE,Federal Contract Tower,0,4,9,0,13,0,10,11,0,21,0,14,20,0,34,20,0,20,54
12/15/2019,CIC,CA,AWP,WE,Federal Contract Tower,0,0,7,0,7,0,10,54,0,64,0,10,61,0,71,16,0,16,87
12/16/2019,CIC,CA,AWP,WE,Federal Contract Tower,0,10,3,0,13,0,21,72,0,93,0,31,75,0,106,12,0,12,118
12/17/2019,CIC,CA,AWP,WE,Federal Contract Tower,0,7,3,0,10,0,22,33,0,55,0,29,36,0,65,34,0,34,99
12/18/2019,CIC,CA,AWP,WE,Federal Contract Tower,0,10,3,0,13,0,0,3,0,3,0,10,6,0,16,0,0,0,16
12/19/2019,CIC,CA,AWP,WE,Federal Contract Tower,0,8,10,0,18,0,8,8,0,16,0,16,18,0,34,0,0,0,34
12/20/2019,CIC,CA,AWP,WE,Federal Contract Tower,0,10,1,0,11,0,9,40,0,49,0,19,41,0,60,58,0,58,118
12/21/2019,CIC,CA,AWP,WE,Federal Contract Tower,0,8,4,0,12,0,9,42,0,51,0,17,46,0,63,16,0,16,79
12/22/2019,CIC,CA,AWP,WE,Federal Contract Tower,0,2,4,0,6,0,2,0,0,2,0,4,4,0,8,0,0,0,8
12/23/2019,CIC,CA,AWP,WE,Federal Contract Tower,0,6,2,0,8,0,13,44,0,57,0,19,46,0,65,10,10,20,85
12/24/2019,CIC,CA,AWP,WE,Federal Contract Tower,0,4,0,0,4,0,21,22,0,43,0,25,22,0,47,30,0,30,77
12/25/2019,CIC,CA,AWP,WE,Federal Contract Tower,0,4,0,0,4,0,5,4,0,9,0,9,4,0,13,0,0,0,13
12/26/2019,CIC,CA,AWP,WE,Federal Contract Tower,0,12,0,0,12,0,20,59,0,79,0,32,59,0,91,70,0,70,161
12/27/2019,CIC,CA,AWP,WE,Federal Contract Tower,0,2,2,2,6,0,18,67,2,87,0,20,69,4,93,50,26,76,169
12/28/2019,CIC,CA,AWP,WE,Federal Contract Tower,0,0,0,0,0,0,11,70,0,81,0,11,70,0,81,24,0,24,105
12/29/2019,CIC,CA,AWP,WE,Federal Contract Tower,0,0,2,0,2,0,7,13,0,20,0,7,15,0,22,0,0,0,22
12/30/2019,CIC,CA,AWP,WE,Federal Contract Tower,0,10,2,0,12,0,20,54,0,74,0,30,56,0,86,20,0,20,106
12/31/2019,CIC,CA,AWP,WE,Federal Contract Tower,0,6,5,0,11,0,26,62,0,88,0,32,67,0,99,16,0,16,115
01/01/2020,CIC,CA,AWP,WE,Federal Contract Tower,0,0,4,0,4,0,6,43,0,49,0,6,47,0,53,23,0,23,76
01/02/2020,CIC,CA,AWP,WE,Federal Contract Tower,0,8,3,0,11,0,9,33,0,42,0,17,36,0,53,60,0,60,113
01/03/2020,CIC,CA,AWP,WE,Federal Contract Tower,0,10,2,0,12,0,15,58,0,73,0,25,60,0,85,62,0,62,147
01/04/2020,CIC,CA,AWP,WE,Federal Contract Tower,0,3,5,0,8,0,12,33,0,45,0,15,38,0,53,0,0,0,53
01/05/2020,CIC,CA,AWP,WE,Federal Contract Tower,0,5,4,4,13,0,12,44,0,56,0,17,48,4,69,6,0,6,75
01/06/2020,CIC,CA,AWP,WE,Federal Contract Tower,0,5,0,1,6,0,12,54,0,66,0,17,54,1,72,84,8,92,164
01/07/2020,CIC,CA,AWP,WE,Federal Contract Tower,0,17,13,0,30,0,6,24,0,30,0,23,37,0,60,28,0,28,88
01/08/2020,CIC,CA,AWP,WE,Federal Contract Tower,0,10,7,0,17,0,8,0,0,8,0,18,7,0,25,0,0,0,25
01/09/2020,CIC,CA,AWP,WE,Federal Contract Tower,0,10,10,6,26,0,3,40,0,43,0,13,50,6,69,0,0,0,69
01/10/2020,CIC,CA,AWP,WE,Federal Contract Tower,0,6,3,0,9,0,20,63,0,83,0,26,66,0,92,38,0,38,130
01/11/2020,CIC,CA,AWP,WE,Federal Contract Tower,0,3,8,0,11,0,4,31,0,35,0,7,39,0,46,28,0,28,74
01/12/2020,CIC,CA,AWP,WE,Federal Contract Tower,0,0,7,0,7,0,4,15,0,19,0,4,22,0,26,0,0,0,26
01/13/2020,CIC,CA,AWP,WE,Federal Contract Tower,0,5,3,0,8,0,11,22,0,33,0,16,25,0,41,44,0,44,85
01/14/2020,CIC,CA,AWP,WE,Federal Contract Tower,0,11,3,1,15,0,8,42,0,50,0,19,45,1,65,62,10,72,137
01/15/2020,CIC,CA,AWP,WE,Federal Contract Tower,0,12,2,0,14,0,28,50,0,78,0,40,52,0,92,8,0,8,100
01/16/2020,CIC,CA,AWP,WE,Federal Contract Tower,0,9,3,0,12,0,1,1,0,2,0,10,4,0,14,0,0,0,14
01/17/2020,CIC,CA,AWP,WE,Federal Contract Tower,0,4,8,0,12,0,8,12,0,20,0,12,20,0,32,14,0,14,46
01/18/2020,CIC,CA,AWP,WE,Federal Contract Tower,0,2,1,0,3,0,4,70,0,74,0,6,71,0,77,8,0,8,85
01/19/2020,CIC,CA,AWP,WE,Federal Contract Tower,0,3,5,0,8,0,1,28,0,29,0,4,33,0,37,0,0,0,37
01/20/2020,CIC,CA,AWP,WE,Federal Contract Tower,0,4,3,0,7,0,6,41,0,47,0,10,44,0,54,6,0,6,60
01/21/2020,CIC,CA,AWP,WE,Federal Contract Tower,0,10,9,0,19,0,0,1,0,1,0,10,10,0,20,0,0,0,20
01/22/2020,CIC,CA,AWP,WE,Federal Contract Tower,8,20,2,0,30,0,4,35,0,39,8,24,37,0,69,12,0,12,81
01/23/2020,CIC,CA,AWP,WE,Federal Contract Tower,0,6,6,0,12,0,5,55,0,60,0,11,61,0,72,20,0,20,92
01/24/2020,CIC,CA,AWP,WE,Federal Contract Tower,0,8,24,0,32,0,0,1,0,1,0,8,25,0,33,0,0,0,33
01/25/2020,CIC,CA,AWP,WE,Federal Contract Tower,0,1,9,0,10,0,5,8,0,13,0,6,17,0,23,4,0,4,27
01/26/2020,CIC,CA,AWP,WE,Federal Contract Tower,0,2,4,0,6,0,2,16,0,18,0,4,20,0,24,0,0,0,24
01/27/2020,CIC,CA,AWP,WE,Federal Contract Tower,0,6,6,1,13,0,11,49,0,60,0,17,55,1,73,14,0,14,87
01/28/2020,CIC,CA,AWP,WE,Federal Contract Tower,0,8,10,0,18,0,4,16,0,20,0,12,26,0,38,26,0,26,64
01/29/2020,CIC,CA,AWP,WE,Federal Contract Tower,0,6,5,0,11,0,11,51,2,64,0,17,56,2,75,0,0,0,75
01/30/2020,CIC,CA,AWP,WE,Federal Contract Tower,0,6,5,0,11,0,16,80,0,96,0,22,85,0,107,12,0,12,119
01/31/2020,CIC,CA,AWP,WE,Federal Contract Tower,0,4,8,4,16,0,2,83,0,85,0,6,91,4,101,20,0,20,121
02/01/2020,CIC,CA,AWP,WE,Federal Contract Tower,0,4,1,0,5,0,12,80,0,92,0,16,81,0,97,18,0,18,115
02/02/2020,CIC,CA,AWP,WE,Federal Contract Tower,0,0,1,0,1,0,7,6,0,13,0,7,7,0,14,0,0,0,14
02/03/2020,CIC,CA,AWP,WE,Federal Contract Tower,0,1,4,3,8,0,5,39,2,46,0,6,43,5,54,32,10,42,96
02/04/2020,CIC,CA,AWP,WE,Federal Contract Tower,0,6,3,0,9,0,10,71,0,81,0,16,74,0,90,14,0,14,104
02/05/2020,CIC,CA,AWP,WE,Federal Contract Tower,0,3,2,2,7,0,9,76,2,87,0,12,78,4,94,24,38,62,156
02/06/2020,CIC,CA,AWP,WE,Federal Contract Tower,0,5,3,0,8,0,20,71,4,95,0,25,74,4,103,20,36,56,159
02/07/2020,CIC,CA,AWP,WE,Federal Contract Tower,0,4,7,0,11,0,19,65,0,84,0,23,72,0,95,0,0,0,95
02/08/2020,CIC,CA,AWP,WE,Federal Contract Tower,0,0,0,0,0,0,7,61,0,68,0,7,61,0,68,0,0,0,68
02/09/2020,CIC,CA,AWP,WE,Federal Contract Tower,0,0,2,0,2,0,0,9,0,9,0,0,11,0,11,0,0,0,11
02/10/2020,CIC,CA,AWP,WE,Federal Contract Tower,0,4,4,0,8,0,5,46,0,51,0,9,50,0,59,0,8,8,67
02/11/2020,CIC,CA,AWP,WE,Federal Contract Tower,0,6,0,5,11,0,11,45,0,56,0,17,45,5,67,24,8,32,99
02/12/2020,CIC,CA,AWP,WE,Federal Contract Tower,0,11,2,4,17,0,10,91,0,101,0,21,93,4,118,2,0,2,120
02/13/2020,CIC,CA,AWP,WE,Federal Contract Tower,0,4,5,2,11,0,10,65,0,75,0,14,70,2,86,0,0,0,86
02/14/2020,CIC,CA,AWP,WE,Federal Contract Tower,0,4,7,0,11,0,8,62,0,70,0,12,69,0,81,16,0,16,97
02/15/2020,CIC,CA,AWP,WE,Federal Contract Tower,0,0,5,0,5,0,6,68,0,74,0,6,73,0,79,14,0,14,93
02/16/2020,CIC,CA,AWP,WE,Federal Contract Tower,0,0,1,0,1,0,4,25,0,29,0,4,26,0,30,0,0,0,30
02/17/2020,CIC,CA,AWP,WE,Federal Contract Tower,0,4,4,0,8,0,11,44,0,55,0,15,48,0,63,10,0,10,73
02/18/2020,CIC,CA,AWP,WE,Federal Contract Tower,0,2,0,1,3,0,9,60,2,71,0,11,60,3,74,58,12,70,144
02/19/2020,CIC,CA,AWP,WE,Federal Contract Tower,0,7,7,0,14,0,12,64,2,78,0,19,71,2,92,2,6,8,100
02/20/2020,CIC,CA,AWP,WE,Federal Contract Tower,0,6,0,0,6,0,17,73,2,92,0,23,73,2,98,0,0,0,98
02/21/2020,CIC,CA,AWP,WE,Federal Contract Tower,0,2,4,0,6,0,2,62,2,66,0,4,66,2,72,0,8,8,80
02/22/2020,CIC,CA,AWP,WE,Federal Contract Tower,0,2,0,0,2,0,10,93,0,103,0,12,93,0,105,22,0,22,127
02/23/2020,CIC,CA,AWP,WE,Federal Contract Tower,0,0,2,0,2,0,4,28,0,32,0,4,30,0,34,4,0,4,38
02/24/2020,CIC,CA,AWP,WE,Federal Contract Tower,0,7,2,0,9,0,4,46,4,54,0,11,48,4,63,26,0,26,89
02/25/2020,CIC,CA,AWP,WE,Federal Contract Tower,0,3,2,0,5,0,11,71,7,89,0,14,73,7,94,0,12,12,106
02/26/2020,CIC,CA,AWP,WE,Federal Contract Tower,0,2,5,2,9,0,20,69,3,92,0,22,74,5,101,8,4,12,113
02/27/2020,CIC,CA,AWP,WE,Federal Contract Tower,0,5,5,2,12,0,16,63,2,81,0,21,68,4,93,4,4,8,101
02/28/2020,CIC,CA,AWP,WE,Federal Contract Tower,0,3,1,0,4,0,4,74,0,78,0,7,75,0,82,18,0,18,100
02/29/2020,CIC,CA,AWP,WE,Federal Contract Tower,0,1,4,0,5,0,18,38,0,56,0,19,42,0,61,30,0,30,91
03/01/2020,CIC,CA,AWP,WE,Federal Contract Tower,0,0,2,0,2,0,6,14,0,20,0,6,16,0,22,0,0,0,22
03/02/2020,CIC,CA,AWP,WE,Federal Contract Tower,0,3,0,0,3,0,3,28,0,31,0,6,28,0,34,6,0,6,40
03/03/2020,CIC,CA,AWP,WE,Federal Contract Tower,0,8,1,0,9,0,12,45,2,59,0,20,46,2,68,4,8,12,80
03/04/2020,CIC,CA,AWP,WE,Federal Contract Tower,0,10,2,0,12,0,17,87,0,104,0,27,89,0,116,2,6,8,124
03/05/2020,CIC,CA,AWP,WE,Federal Contract Tower,0,4,2,2,8,0,9,48,0,57,0,13,50,2,65,0,0,0,65
03/06/2020,CIC,CA,AWP,WE,Federal Contract Tower,0,14,4,0,18,0,29,45,4,78,0,43,49,4,96,18,0,18,114
03/07/2020,CIC,CA,AWP,WE,Federal Contract Tower,0,4,8,0,12,0,18,3,0,21,0,22,11,0,33,0,0,0,33
03/08/2020,CIC,CA,AWP,WE,Federal Contract Tower,0,0,12,0,12,0,0,15,0,15,0,0,27,0,27,20,0,20,47
03/09/2020,CIC,CA,AWP,WE,Federal Contract Tower,0,13,5,0,18,0,17,37,2,56,0,30,42,2,74,20,8,28,102
03/10/2020,CIC,CA,AWP,WE,Federal Contract Tower,0,2,1,1,4,0,17,46,4,67,0,19,47,5,71,0,16,16,87
03/11/2020,CIC,CA,AWP,WE,Federal Contract Tower,0,9,6,1,16,0,15,67,1,83,0,24,73,2,99,18,16,34,133
03/12/2020,CIC,CA,AWP,WE,Federal Contract Tower,0,7,0,0,7,0,16,78,1,95,0,23,78,1,102,8,0,8,110
03/13/2020,CIC,CA,AWP,WE,Federal Contract Tower,0,8,5,0,13,0,10,48,0,58,0,18,53,0,71,2,0,2,73
03/14/2020,CIC,CA,AWP,WE,Federal Contract Tower,0,0,1,0,1,0,7,7,0,14,0,7,8,0,15,2,0,2,17
03/15/2020,CIC,CA,AWP,WE,Federal Contract Tower,0,0,3,0,3,0,0,15,0,15,0,0,18,0,18,0,0,0,18
03/16/2020,CIC,CA,AWP,WE,Federal Contract Tower,0,4,3,0,7,0,2,15,0,17,0,6,18,0,24,12,0,12,36
03/17/2020,CIC,CA,AWP,WE,Federal Contract Tower,0,8,2,0,10,0,0,0,0,0,0,8,2,0,10,0,0,0,10
03/18/2020,CIC,CA,AWP,WE,Federal Contract Tower,0,4,2,0,6,0,2,25,0,27,0,6,27,0,33,0,0,0,33
03/19/2020,CIC,CA,AWP,WE,Federal Contract Tower,0,2,4,0,6,0,5,74,0,79,0,7,78,0,85,47,0,47,132
03/20/2020,CIC,CA,AWP,WE,Federal Contract Tower,0,2,0,0,2,0,10,50,0,60,0,12,50,0,62,28,0,28,90
03/21/2020,CIC,CA,AWP,WE,Federal Contract Tower,0,0,2,0,2,0,2,46,0,48,0,2,48,0,50,8,0,8,58
03/22/2020,CIC,CA,AWP,WE,Federal Contract Tower,0,0,0,0,0,0,8,44,0,52,0,8,44,0,52,40,0,40,92
03/23/2020,CIC,CA,AWP,WE,Federal Contract Tower,0,2,4,0,6,0,3,7,13,23,0,5,11,13,29,0,0,0,29
03/24/2020,CIC,CA,AWP,WE,Federal Contract Tower,0,3,0,0,3,0,2,2,0,4,0,5,2,0,7,0,0,0,7
03/25/2020,CIC,CA,AWP,WE,Federal Contract Tower,0,2,0,0,2,0,4,21,3,28,0,6,21,3,30,8,0,8,38
03/26/2020,CIC,CA,AWP,WE,Federal Contract Tower,0,4,3,0,7,0,10,63,0,73,0,14,66,0,80,28,0,28,108
03/27/2020,CIC,CA,AWP,WE,Federal Contract Tower,0,2,1,0,3,0,8,35,0,43,0,10,36,0,46,14,0,14,60
03/28/2020,CIC,CA,AWP,WE,Federal Contract Tower,0,0,7,0,7,0,5,8,0,13,0,5,15,0,20,15,0,15,35
03/29/2020,CIC,CA,AWP,WE,Federal Contract Tower,0,0,5,0,5,0,9,15,0,24,0,9,20,0,29,16,0,16,45
03/30/2020,CIC,CA,AWP,WE,Federal Contract Tower,0,2,3,0,5,0,1,9,0,10,0,3,12,0,15,0,0,0,15
03/31/2020,CIC,CA,AWP,WE,Federal Contract Tower,0,2,4,0,6,0,3,27,4,34,0,5,31,4,40,0,0,0,40
04/01/2020,CIC,CA,AWP,WE,Federal Contract Tower,0,2,0,0,2,0,8,22,0,30,0,10,22,0,32,0,0,0,32
04/02/2020,CIC,CA,AWP,WE,Federal Contract Tower,0,2,4,0,6,0,7,32,0,39,0,9,36,0,45,0,0,0,45
04/03/2020,CIC,CA,AWP,WE,Federal Contract Tower,0,2,0,2,4,0,8,49,2,59,0,10,49,4,63,2,2,4,67
04/04/2020,CIC,CA,AWP,WE,Federal Contract Tower,0,0,0,0,0,0,6,0,0,6,0,6,0,0,6,0,0,0,6
04/05/2020,CIC,CA,AWP,WE,Federal Contract Tower,0,0,1,0,1,0,0,1,0,1,0,0,2,0,2,6,0,6,8
04/06/2020,CIC,CA,AWP,WE,Federal Contract Tower,0,2,2,0,4,0,5,15,0,20,0,7,17,0,24,20,0,20,44
04/07/2020,CIC,CA,AWP,WE,Federal Contract Tower,0,2,1,0,3,0,11,36,0,47,0,13,37,0,50,16,0,16,66
04/08/2020,CIC,CA,AWP,WE,Federal Contract Tower,0,2,2,0,4,0,4,49,0,53,0,6,51,0,57,6,0,6,63
04/09/2020,CIC,CA,AWP,WE,Federal Contract Tower,0,7,12,0,19,0,2,31,0,33,0,9,43,0,52,0,0,0,52
04/10/2020,CIC,CA,AWP,WE,Federal Contract Tower,0,2,0,2,4,0,16,60,0,76,0,18,60,2,80,0,0,0,80
04/11/2020,CIC,CA,AWP,WE,Federal Contract Tower,0,0,4,0,4,0,2,61,0,63,0,2,65,0,67,14,0,14,81
04/12/2020,CIC,CA,AWP,WE,Federal Contract Tower,0,0,1,0,1,0,0,34,0,34,0,0,35,0,35,0,0,0,35
04/13/2020,CIC,CA,AWP,WE,Federal Contract Tower,0,2,0,0,2,0,10,21,0,31,0,12,21,0,33,0,0,0,33
04/14/2020,CIC,CA,AWP,WE,Federal Contract Tower,0,8,3,0,11,0,4,33,0,37,0,12,36,0,48,24,0,24,72
04/15/2020,CIC,CA,AWP,WE,Federal Contract Tower,0,5,6,0,11,0,6,40,0,46,0,11,46,0,57,2,0,2,59
04/16/2020,CIC,CA,AWP,WE,Federal Contract Tower,0,2,2,0,4,0,10,40,0,50,0,12,42,0,54,8,0,8,62
04/17/2020,CIC,CA,AWP,WE,Federal Contract Tower,0,2,0,0,2,0,15,51,0,66,0,17,51,0,68,16,0,16,84
04/18/2020,CIC,CA,AWP,WE,Federal Contract Tower,0,0,6,0,6,0,4,48,0,52,0,4,54,0,58,1,0,1,59
04/19/2020,CIC,CA,AWP,WE,Federal Contract Tower,0,0,0,0,0,0,2,19,0,21,0,2,19,0,21,0,0,0,21
04/20/2020,CIC,CA,AWP,WE,Federal Contract Tower,0,4,2,12,18,0,12,46,0,58,0,16,48,12,76,4,0,4,80
04/21/2020,CIC,CA,AWP,WE,Federal Contract Tower,0,8,1,0,9,0,5,58,0,63,0,13,59,0,72,16,0,16,88
04/22/2020,CIC,CA,AWP,WE,Federal Contract Tower,0,1,3,0,4,0,12,38,0,50,0,13,41,0,54,18,0,18,72
04/23/2020,CIC,CA,AWP,WE,Federal Contract Tower,0,5,1,0,6,0,8,37,0,45,0,13,38,0,51,26,0,26,77
04/24/2020,CIC,CA,AWP,WE,Federal Contract Tower,0,2,1,0,3,0,12,42,0,54,0,14,43,0,57,4,0,4,61
04/25/2020,CIC,CA,AWP,WE,Federal Contract Tower,0,0,0,0,0,0,15,26,0,41,0,15,26,0,41,6,0,6,47
04/26/2020,CIC,CA,AWP,WE,Federal Contract Tower,0,0,0,0,0,0,0,37,0,37,0,0,37,0,37,8,0,8,45
04/27/2020,CIC,CA,AWP,WE,Federal Contract Tower,0,4,2,0,6,0,5,48,0,53,0,9,50,0,59,2,0,2,61
04/28/2020,CIC,CA,AWP,WE,Federal Contract Tower,0,3,1,0,4,0,11,40,0,51,0,14,41,0,55,10,4,14,69
04/29/2020,CIC,CA,AWP,WE,Federal Contract Tower,0,2,1,2,5,0,19,62,0,81,0,21,63,2,86,16,0,16,102
04/30/2020,CIC,CA,AWP,WE,Federal Contract Tower,0,4,0,0,4,0,13,60,0,73,0,17,60,0,77,2,0,2,79
05/01/2020,CIC,CA,AWP,WE,Federal Contract Tower,0,3,3,2,8,0,8,63,2,73,0,11,66,4,81,20,16,36,117
05/02/2020,CIC,CA,AWP,WE,Federal Contract Tower,0,0,5,0,5,0,14,31,0,45,0,14,36,0,50,8,0,8,58
05/03/2020,CIC,CA,AWP,WE,Federal Contract Tower,0,0,3,0,3,0,17,57,0,74,0,17,60,0,77,6,0,6,83
05/04/2020,CIC,CA,AWP,WE,Federal Contract Tower,0,5,3,0,8,0,11,80,0,91,0,16,83,0,99,8,0,8,107
05/05/2020,CIC,CA,AWP,WE,Federal Contract Tower,0,1,6,0,7,0,20,54,0,74,0,21,60,0,81,0,0,0,81
05/06/2020,CIC,CA,AWP,WE,Federal Contract Tower,0,4,0,0,4,0,13,30,0,43,0,17,30,0,47,12,0,12,59
05/07/2020,CIC,CA,AWP,WE,Federal Contract Tower,0,3,6,0,9,0,23,78,0,101,0,26,84,0,110,40,0,40,150
05/08/2020,CIC,CA,AWP,WE,Federal Contract Tower,0,1,7,0,8,0,20,35,0,55,0,21,42,0,63,0,8,8,71
05/09/2020,CIC,CA,AWP,WE,Federal Contract Tower,0,0,0,0,0,0,13,42,0,55,0,13,42,0,55,2,0,2,57
05/10/2020,CIC,CA,AWP,WE,Federal Contract Tower,0,0,0,0,0,0,17,30,0,47,0,17,30,0,47,0,0,0,47
05/11/2020,CIC,CA,AWP,WE,Federal Contract Tower,0,11,0,0,11,0,6,16,4,26,0,17,16,4,37,20,0,20,57
05/12/2020,CIC,CA,AWP,WE,Federal Contract Tower,0,3,8,0,11,0,10,13,0,23,0,13,21,0,34,2,0,2,36
05/13/2020,CIC,CA,AWP,WE,Federal Contract Tower,0,11,3,0,14,0,14,34,0,48,0,25,37,0,62,0,0,0,62
05/14/2020,CIC,CA,AWP,WE,Federal Contract Tower,0,6,2,0,8,0,31,42,0,73,0,37,44,0,81,92,0,92,173
05/15/2020,CIC,CA,AWP,WE,Federal Contract Tower,0,3,5,0,8,0,25,59,4,88,0,28,64,4,96,30,0,30,126
05/16/2020,CIC,CA,AWP,WE,Federal Contract Tower,0,1,4,0,5,0,28,64,0,92,0,29,68,0,97,16,0,16,113
05/17/2020,CIC,CA,AWP,WE,Federal Contract Tower,0,0,4,0,4,0,9,11,0,20,0,9,15,0,24,0,0,0,24
05/18/2020,CIC,CA,AWP,WE,Federal Contract Tower,0,2,0,0,2,0,9,2,0,11,0,11,2,0,13,16,0,16,29
05/19/2020,CIC,CA,AWP,WE,Federal Contract Tower,0,0,4,0,4,0,8,38,0,46,0,8,42,0,50,26,0,26,76
05/20/2020,CIC,CA,AWP,WE,Federal Contract Tower,0,9,5,0,14,0,7,61,0,68,0,16,66,0,82,70,0,70,152
05/21/2020,CIC,CA,AWP,WE,Federal Contract Tower,0,6,1,0,7,0,9,77,0,86,0,15,78,0,93,4,0,4,97
05/22/2020,CIC,CA,AWP,WE,Federal Contract Tower,0,2,1,0,3,0,9,22,0,31,0,11,23,0,34,20,6,26,60
05/23/2020,CIC,CA,AWP,WE,Federal Contract Tower,0,0,5,0,5,0,11,57,0,68,0,11,62,0,73,20,0,20,93
05/24/2020,CIC,CA,AWP,WE,Federal Contract Tower,0,0,7,0,7,0,13,74,0,87,0,13,81,0,94,6,0,6,100
05/25/2020,CIC,CA,AWP,WE,Federal Contract Tower,0,0,0,0,0,0,1,77,0,78,0,1,77,0,78,26,0,26,104
05/26/2020,CIC,CA,AWP,WE,Federal Contract Tower,0,1,2,0,3,0,15,73,2,90,0,16,75,2,93,12,0,12,105
05/27/2020,CIC,CA,AWP,WE,Federal Contract Tower,0,5,4,0,9,0,12,69,0,81,0,17,73,0,90,48,4,52,142
05/28/2020,CIC,CA,AWP,WE,Federal Contract Tower,0,4,3,2,9,0,14,70,0,84,0,18,73,2,93,4,0,4,97
05/29/2020,CIC,CA,AWP,WE,Federal Contract Tower,0,4,5,0,9,0,32,71,0,103,0,36,76,0,112,23,0,23,135
05/30/2020,CIC,CA,AWP,WE,Federal Contract Tower,0,4,0,0,4,0,12,11,0,23,0,16,11,0,27,0,0,0,27
05/31/2020,CIC,CA,AWP,WE,Federal Contract Tower,0,0,1,0,1,0,10,57,0,67,0,10,58,0,68,20,0,20,88
06/01/2020,CIC,CA,AWP,WE,Federal Contract Tower,0,5,0,0,5,0,10,46,0,56,0,15,46,0,61,28,0,28,89
06/02/2020,CIC,CA,AWP,WE,Federal Contract Tower,0,10,6,0,16,0,13,70,1,84,0,23,76,1,100,14,0,14,114
06/03/2020,CIC,CA,AWP,WE,Federal Contract Tower,0,8,4,0,12,0,22,64,0,86,0,30,68,0,98,96,0,96,194
06/04/2020,CIC,CA,AWP,WE,Federal Contract Tower,0,2,4,0,6,0,22,47,0,69,0,24,51,0,75,0,4,4,79
06/05/2020,CIC,CA,AWP,WE,Federal Contract Tower,0,8,4,0,12,0,12,61,1,74,0,20,65,1,86,0,2,2,88
06/06/2020,CIC,CA,AWP,WE,Federal Contract Tower,0,0,5,0,5,0,16,38,0,54,0,16,43,0,59,4,0,4,63
06/07/2020,CIC,CA,AWP,WE,Federal Contract Tower,0,0,0,0,0,0,0,0,0,0,0,0,0,0,0,22,0,22,22
06/08/2020,CIC,CA,AWP,WE,Federal Contract Tower,0,2,0,0,2,0,13,68,0,81,0,15,68,0,83,16,0,16,99
06/09/2020,CIC,CA,AWP,WE,Federal Contract Tower,0,6,5,0,11,0,7,39,0,46,0,13,44,0,57,16,0,16,73
06/10/2020,CIC,CA,AWP,WE,Federal Contract Tower,0,4,0,0,4,0,27,43,0,70,0,31,43,0,74,8,0,8,82
06/11/2020,CIC,CA,AWP,WE,Federal Contract Tower,0,11,2,0,13,0,19,58,0,77,0,30,60,0,90,28,0,28,118
06/12/2020,CIC,CA,AWP,WE,Federal Contract Tower,0,6,7,0,13,0,4,25,0,29,0,10,32,0,42,10,0,10,52
06/13/2020,CIC,CA,AWP,WE,Federal Contract Tower,0,0,5,0,5,0,14,45,0,59,0,14,50,0,64,4,0,4,68
06/14/2020,CIC,CA,AWP,WE,Federal Contract Tower,0,0,2,0,2,0,6,76,0,82,0,6,78,0,84,52,0,52,136
06/15/2020,CIC,CA,AWP,WE,Federal Contract Tower,0,5,2,1,8,0,11,70,1,82,0,16,72,2,90,36,6,42,132
06/16/2020,CIC,CA,AWP,WE,Federal Contract Tower,0,3,2,0,5,0,7,51,0,58,0,10,53,0,63,38,0,38,101
06/17/2020,CIC,CA,AWP,WE,Federal Contract Tower,0,4,1,0,5,0,28,30,0,58,0,32,31,0,63,8,0,8,71
06/18/2020,CIC,CA,AWP,WE,Federal Contract Tower,0,6,0,0,6,0,13,46,0,59,0,19,46,0,65,32,0,32,97
06/19/2020,CIC,CA,AWP,WE,Federal Contract Tower,0,7,0,0,7,0,5,78,0,83,0,12,78,0,90,14,0,14,104
06/20/2020,CIC,CA,AWP,WE,Federal Contract Tower,0,0,3,0,3,0,28,82,0,110,0,28,85,0,113,20,0,20,133
06/21/2020,CIC,CA,AWP,WE,Federal Contract Tower,0,0,0,0,0,0,10,29,0,39,0,10,29,0,39,0,0,0,39
06/22/2020,CIC,CA,AWP,WE,Federal Contract Tower,0,4,1,0,5,0,26,46,0,72,0,30,47,0,77,46,0,46,123
06/23/2020,CIC,CA,AWP,WE,Federal Contract Tower,0,11,4,0,15,0,11,50,0,61,0,22,54,0,76,4,0,4,80
06/24/2020,CIC,CA,AWP,WE,Federal Contract Tower,0,7,0,1,8,0,29,51,0,80,0,36,51,1,88,48,8,56,144
06/25/2020,CIC,CA,AWP,WE,Federal Contract Tower,0,4,2,1,7,0,16,51,3,70,0,20,53,4,77,22,16,38,115
06/26/2020,CIC,CA,AWP,WE,Federal Contract Tower,0,10,2,6,18,0,20,52,0,72,0,30,54,6,90,24,0,24,114
06/27/2020,CIC,CA,AWP,WE,Federal Contract Tower,0,0,5,0,5,0,6,56,0,62,0,6,61,0,67,26,0,26,93
06/28/2020,CIC,CA,AWP,WE,Federal Contract Tower,0,1,0,0,1,0,12,29,0,41,0,13,29,0,42,0,0,0,42
06/29/2020,CIC,CA,AWP,WE,Federal Contract Tower,0,9,0,0,9,0,13,38,0,51,0,22,38,0,60,20,0,20,80
06/30/2020,CIC,CA,AWP,WE,Federal Contract Tower,0,8,1,0,9,0,25,69,0,94,0,33,70,0,103,34,0,34,137
07/01/2020,CIC,CA,AWP,WE,Federal Contract Tower,0,6,1,2,9,0,14,49,1,64,0,20,50,3,73,26,8,34,107
07/02/2020,CIC,CA,AWP,WE,Federal Contract Tower,0,2,1,0,3,0,15,57,0,72,0,17,58,0,75,6,16,22,97
07/03/2020,CIC,CA,AWP,WE,Federal Contract Tower,0,3,2,0,5,0,32,54,0,86,0,35,56,0,91,23,0,23,114
07/04/2020,CIC,CA,AWP,WE,Federal Contract Tower,0,0,3,0,3,17,55,0,0,72,17,55,3,0,75,9,0,9,84
07/05/2020,CIC,CA,AWP,WE,Federal Contract Tower,0,0,1,0,1,0,4,34,0,38,0,4,35,0,39,0,0,0,39
07/06/2020,CIC,CA,AWP,WE,Federal Contract Tower,0,9,2,0,11,0,28,37,0,65,0,37,39,0,76,4,0,4,80
07/07/2020,CIC,CA,AWP,WE,Federal Contract Tower,0,6,4,0,10,0,15,47,2,64,0,21,51,2,74,16,24,40,114
07/08/2020,CIC,CA,AWP,WE,Federal Contract Tower,0,11,3,0,14,0,13,55,1,69,0,24,58,1,83,6,18,24,107
07/09/2020,CIC,CA,AWP,WE,Federal Contract Tower,0,2,3,0,5,0,21,56,0,77,0,23,59,0,82,10,4,14,96
07/10/2020,CIC,CA,AWP,WE,Federal Contract Tower,0,9,0,6,15,0,27,69,1,97,0,36,69,7,112,28,0,28,140
07/11/2020,CIC,CA,AWP,WE,Federal Contract Tower,0,1,4,0,5,0,38,59,0,97,0,39,63,0,102,24,0,24,126
07/12/2020,CIC,CA,AWP,WE,Federal Contract Tower,0,1,2,0,3,0,1,41,8,50,0,2,43,8,53,8,22,30,83
07/13/2020,CIC,CA,AWP,WE,Federal Contract Tower,0,10,3,0,13,0,26,50,0,76,0,36,53,0,89,36,0,36,125
07/14/2020,CIC,CA,AWP,WE,Federal Contract Tower,0,4,4,0,8,0,12,47,2,61,0,16,51,2,69,12,0,12,81
07/15/2020,CIC,CA,AWP,WE,Federal Contract Tower,0,2,4,4,10,0,0,19,52,71,0,2,23,56,81,14,14,28,109
07/16/2020,CIC,CA,AWP,WE,Federal Contract Tower,0,5,2,0,7,0,19,59,2,80,0,24,61,2,87,14,0,14,101
07/17/2020,CIC,CA,AWP,WE,Federal Contract Tower,0,9,4,0,13,0,14,62,0,76,0,23,66,0,89,22,0,22,111
07/18/2020,CIC,CA,AWP,WE,Federal Contract Tower,0,0,0,0,0,0,10,32,0,42,0,10,32,0,42,18,0,18,60
07/19/2020,CIC,CA,AWP,WE,Federal Contract Tower,0,0,2,0,2,0,38,42,0,80,0,38,44,0,82,0,0,0,82
07/20/2020,CIC,CA,AWP,WE,Federal Contract Tower,0,10,0,0,10,0,40,51,0,91,0,50,51,0,101,6,20,26,127
07/21/2020,CIC,CA,AWP,WE,Federal Contract Tower,0,2,1,0,3,0,30,54,0,84,0,32,55,0,87,2,0,2,89
07/22/2020,CIC,CA,AWP,WE,Federal Contract Tower,0,4,1,0,5,0,32,43,12,87,0,36,44,12,92,18,4,22,114
07/23/2020,CIC,CA,AWP,WE,Federal Contract Tower,0,4,4,0,8,0,16,53,0,69,0,20,57,0,77,4,0,4,81
07/24/2020,CIC,CA,AWP,WE,Federal Contract Tower,0,3,1,1,5,0,26,75,0,101,0,29,76,1,106,26,0,26,132
07/25/2020,CIC,CA,AWP,WE,Federal Contract Tower,0,0,2,0,2,0,16,54,0,70,0,16,56,0,72,16,0,16,88
07/26/2020,CIC,CA,AWP,WE,Federal Contract Tower,0,0,2,0,2,0,13,38,0,51,0,13,40,0,53,4,0,4,57
07/27/2020,CIC,CA,AWP,WE,Federal Contract Tower,0,5,2,0,7,0,22,40,0,62,0,27,42,0,69,4,0,4,73
07/28/2020,CIC,CA,AWP,WE,Federal Contract Tower,0,5,2,2,9,0,24,45,0,69,0,29,47,2,78,14,0,14,92
07/29/2020,CIC,CA,AWP,WE,Federal Contract Tower,0,4,10,2,16,0,25,74,2,101,0,29,84,4,117,16,4,20,137
07/30/2020,CIC,CA,AWP,WE,Federal Contract Tower,0,8,2,0,10,0,11,74,0,85,0,19,76,0,95,0,0,0,95
07/31/2020,CIC,CA,AWP,WE,Federal Contract Tower,0,4,1,0,5,0,23,65,0,88,0,27,66,0,93,20,0,20,113
08/01/2020,CIC,CA,AWP,WE,Federal Contract Tower,0,0,0,0,0,0,14,78,0,92,0,14,78,0,92,28,0,28,120
08/02/2020,CIC,CA,AWP,WE,Federal Contract Tower,0,1,5,0,6,0,19,41,0,60,0,20,46,0,66,18,0,18,84
08/03/2020,CIC,CA,AWP,WE,Federal Contract Tower,0,4,1,0,5,0,13,33,0,46,0,17,34,0,51,2,0,2,53
08/04/2020,CIC,CA,AWP,WE,Federal Contract Tower,0,4,3,0,7,0,22,36,0,58,0,26,39,0,65,64,2,66,131
08/05/2020,CIC,CA,AWP,WE,Federal Contract Tower,0,3,1,0,4,0,17,58,0,75,0,20,59,0,79,54,0,54,133
08/06/2020,CIC,CA,AWP,WE,Federal Contract Tower,0,6,3,0,9,0,31,68,0,99,0,37,71,0,108,26,0,26,134
08/07/2020,CIC,CA,AWP,WE,Federal Contract Tower,0,1,2,0,3,0,13,69,2,84,0,14,71,2,87,16,0,16,103
08/08/2020,CIC,CA,AWP,WE,Federal Contract Tower,0,0,5,0,5,0,22,73,0,95,0,22,78,0,100,18,0,18,118
08/09/2020,CIC,CA,AWP,WE,Federal Contract Tower,0,1,4,0,5,0,16,52,0,68,0,17,56,0,73,22,0,22,95
08/10/2020,CIC,CA,AWP,WE,Federal Contract Tower,0,4,3,0,7,0,16,60,0,76,0,20,63,0,83,24,0,24,107
08/11/2020,CIC,CA,AWP,WE,Federal Contract Tower,0,4,3,0,7,0,20,46,0,66,0,24,49,0,73,4,0,4,77
08/12/2020,CIC,CA,AWP,WE,Federal Contract Tower,0,2,4,0,6,0,22,64,0,86,0,24,68,0,92,44,0,44,136
08/13/2020,CIC,CA,AWP,WE,Federal Contract Tower,0,7,4,0,11,0,31,68,2,101,0,38,72,2,112,40,0,40,152
08/14/2020,CIC,CA,AWP,WE,Federal Contract Tower,0,5,0,0,5,0,24,49,2,75,0,29,49,2,80,0,6,6,86
08/15/2020,CIC,CA,AWP,WE,Federal Contract Tower,0,0,1,0,1,0,10,22,0,32,0,10,23,0,33,6,0,6,39
08/16/2020,CIC,CA,AWP,WE,Federal Contract Tower,0,0,0,0,0,0,89,29,0,118,0,89,29,0,118,2,0,2,120
08/17/2020,CIC,CA,AWP,WE,Federal Contract Tower,0,2,2,0,4,0,116,17,0,133,0,118,19,0,137,10,0,10,147
08/18/2020,CIC,CA,AWP,WE,Federal Contract Tower,0,11,7,0,18,0,73,46,5,124,0,84,53,5,142,0,0,0,142
08/19/2020,CIC,CA,AWP,WE,Federal Contract Tower,0,7,2,6,15,0,20,30,12,62,0,27,32,18,77,48,0,48,125
08/20/2020,CIC,CA,AWP,WE,Federal Contract Tower,0,10,7,6,23,0,73,20,10,103,0,83,27,16,126,0,0,0,126
08/21/2020,CIC,CA,AWP,WE,Federal Contract Tower,0,13,11,16,40,0,0,0,0,0,0,13,11,16,40,0,0,0,40
08/22/2020,CIC,CA,AWP,WE,Federal Contract Tower,0,8,14,13,35,0,7,1,0,8,0,15,15,13,43,0,0,0,43
08/23/2020,CIC,CA,AWP,WE,Federal Contract Tower,0,4,7,10,21,0,34,2,17,53,0,38,9,27,74,0,2,2,76
08/24/2020,CIC,CA,AWP,WE,Federal Contract Tower,0,5,7,5,17,0,31,23,12,66,0,36,30,17,83,2,0,2,85
08/25/2020,CIC,CA,AWP,WE,Federal Contract Tower,0,6,4,2,12,0,9,18,18,45,0,15,22,20,57,6,0,6,63
08/26/2020,CIC,CA,AWP,WE,Federal Contract Tower,0,22,10,2,34,0,27,20,9,56,0,49,30,11,90,0,0,0,90
08/27/2020,CIC,CA,AWP,WE,Federal Contract Tower,0,13,3,0,16,0,29,46,0,75,0,42,49,0,91,52,0,52,143
08/28/2020,CIC,CA,AWP,WE,Federal Contract Tower,0,6,3,0,9,0,23,58,0,81,0,29,61,0,90,4,0,4,94
08/29/2020,CIC,CA,AWP,WE,Federal Contract Tower,0,0,4,1,5,0,6,35,0,41,0,6,39,1,46,18,0,18,64
08/30/2020,CIC,CA,AWP,WE,Federal Contract Tower,0,0,3,0,3,0,13,31,0,44,0,13,34,0,47,6,0,6,53
08/31/2020,CIC,CA,AWP,WE,Federal Contract Tower,0,15,3,0,18,0,40,37,0,77,0,55,40,0,95,46,0,46,141
09/01/2020,CIC,CA,AWP,WE,Federal Contract Tower,0,10,8,0,18,0,50,54,6,110,0,60,62,6,128,8,0,8,136
09/02/2020,CIC,CA,AWP,WE,Federal Contract Tower,0,12,5,0,17,0,26,51,0,77,0,38,56,0,94,32,0,32,126
09/03/2020,CIC,CA,AWP,WE,Federal Contract Tower,0,13,1,0,14,0,21,38,0,59,0,34,39,0,73,48,0,48,121
09/04/2020,CIC,CA,AWP,WE,Federal Contract Tower,0,11,5,0,16,0,17,50,0,67,0,28,55,0,83,24,0,24,107
09/05/2020,CIC,CA,AWP,WE,Federal Contract Tower,0,4,5,0,9,0,28,28,0,56,0,32,33,0,65,4,0,4,69
09/06/2020,CIC,CA,AWP,WE,Federal Contract Tower,0,0,1,0,1,0,22,25,0,47,0,22,26,0,48,18,0,18,66
09/07/2020,CIC,CA,AWP,WE,Federal Contract Tower,0,1,3,0,4,0,20,49,0,69,0,21,52,0,73,16,0,16,89
09/08/2020,CIC,CA,AWP,WE,Federal Contract Tower,0,7,2,0,9,0,19,14,0,33,0,26,16,0,42,28,0,28,70
09/09/2020,CIC,CA,AWP,WE,Federal Contract Tower,0,9,9,0,18,0,28,15,0,43,0,37,24,0,61,4,0,4,65
09/10/2020,CIC,CA,AWP,WE,Federal Contract Tower,0,7,10,0,17,0,0,0,0,0,0,7,10,0,17,0,0,0,17
09/11/2020,CIC,CA,AWP,WE,Federal Contract Tower,0,5,6,0,11,0,0,0,0,0,0,5,6,0,11,0,0,0,11
09/12/2020,CIC,CA,AWP,WE,Federal Contract Tower,0,1,2,0,3,0,0,2,0,2,0,1,4,0,5,6,0,6,11
09/13/2020,CIC,CA,AWP,WE,Federal Contract Tower,0,2,4,0,6,0,0,0,0,0,0,2,4,0,6,0,0,0,6
09/14/2020,CIC,CA,AWP,WE,Federal Contract Tower,0,25,11,7,43,0,6,0,8,14,0,31,11,15,57,4,0,4,61
09/15/2020,CIC,CA,AWP,WE,Federal Contract Tower,0,21,7,0,28,0,59,18,6,83,0,80,25,6,111,0,0,0,111
09/16/2020,CIC,CA,AWP,WE,Federal Contract Tower,0,29,9,0,38,0,29,19,9,57,0,58,28,9,95,48,0,48,143
09/17/2020,CIC,CA,AWP,WE,Federal Contract Tower,0,7,8,1,16,0,32,23,0,55,0,39,31,1,71,18,10,28,99
09/18/2020,CIC,CA,AWP,WE,Federal Contract Tower,0,12,3,0,15,0,77,50,0,127,0,89,53,0,142,58,0,58,200
09/19/2020,CIC,CA,AWP,WE,Federal Contract Tower,0,0,5,0,5,0,47,59,10,116,0,47,64,10,121,46,0,46,167
09/20/2020,CIC,CA,AWP,WE,Federal Contract Tower,0,0,9,0,9,0,23,34,5,62,0,23,43,5,71,16,0,16,87
09/21/2020,CIC,CA,AWP,WE,Federal Contract Tower,0,22,10,0,32,0,15,12,16,43,0,37,22,16,75,8,0,8,83
09/22/2020,CIC,CA,AWP,WE,Federal Contract Tower,0,8,4,0,12,0,60,49,15,124,0,68,53,15,136,66,6,72,208
09/23/2020,CIC,CA,AWP,WE,Federal Contract Tower,0,8,5,2,15,0,37,45,25,107,0,45,50,27,122,32,16,48,170
09/24/2020,CIC,CA,AWP,WE,Federal Contract Tower,0,5,3,0,8,0,46,60,13,119,0,51,63,13,127,16,0,16,143
09/25/2020,CIC,CA,AWP,WE,Federal Contract Tower,0,6,3,0,9,0,22,62,7,91,0,28,65,7,100,82,8,90,190
09/26/2020,CIC,CA,AWP,WE,Federal Contract Tower,0,1,4,0,5,0,20,63,19,102,0,21,67,19,107,18,0,18,125
09/27/2020,CIC,CA,AWP,WE,Federal Contract Tower,0,0,2,0,2,0,42,24,8,74,0,42,26,8,76,0,0,0,76
09/28/2020,CIC,CA,AWP,WE,Federal Contract Tower,0,4,0,0,4,0,35,51,11,97,0,39,51,11,101,22,0,22,123
09/29/2020,CIC,CA,AWP,WE,Federal Contract Tower,0,11,6,0,17,0,16,30,3,49,0,27,36,3,66,90,0,90,156
09/30/2020,CIC,CA,AWP,WE,Federal Contract Tower,0,2,4,0,6,0,21,27,0,48,0,23,31,0,54,18,0,18,72
10/01/2020,CIC,CA,AWP,WE,Federal Contract Tower,0,4,10,0,14,2,10,13,0,25,2,14,23,0,39,12,0,12,51
10/02/2020,CIC,CA,AWP,WE,Federal Contract Tower,0,6,3,0,9,0,10,15,0,25,0,16,18,0,34,28,0,28,62
10/03/2020,CIC,CA,AWP,WE,Federal Contract Tower,0,0,6,0,6,0,3,24,0,27,0,3,30,0,33,8,0,8,41
10/04/2020,CIC,CA,AWP,WE,Federal Contract Tower,0,3,6,0,9,0,1,13,0,14,0,4,19,0,23,0,0,0,23
10/05/2020,CIC,CA,AWP,WE,Federal Contract Tower,0,10,1,0,11,0,16,51,0,67,0,26,52,0,78,32,0,32,110
10/06/2020,CIC,CA,AWP,WE,Federal Contract Tower,0,4,4,0,8,0,34,43,2,79,0,38,47,2,87,24,0,24,111
10/07/2020,CIC,CA,AWP,WE,Federal Contract Tower,0,10,1,0,11,0,46,54,0,100,0,56,55,0,111,34,0,34,145
10/08/2020,CIC,CA,AWP,WE,Federal Contract Tower,0,7,6,0,13,0,18,46,0,64,0,25,52,0,77,52,0,52,129
10/09/2020,CIC,CA,AWP,WE,Federal Contract Tower,0,4,2,0,6,0,9,75,0,84,0,13,77,0,90,30,0,30,120
10/10/2020,CIC,CA,AWP,WE,Federal Contract Tower,0,0,5,0,5,0,3,57,0,60,0,3,62,0,65,16,0,16,81
10/11/2020,CIC,CA,AWP,WE,Federal Contract Tower,0,0,3,0,3,0,9,87,0,96,0,9,90,0,99,8,0,8,107
10/12/2020,CIC,CA,AWP,WE,Federal Contract Tower,0,2,0,0,2,0,24,51,0,75,0,26,51,0,77,18,0,18,95
10/13/2020,CIC,CA,AWP,WE,Federal Contract Tower,0,5,4,0,9,0,25,41,0,66,0,30,45,0,75,16,0,16,91
10/14/2020,CIC,CA,AWP,WE,Federal Contract Tower,0,1,3,1,5,0,20,39,5,64,0,21,42,6,69,6,0,6,75
10/15/2020,CIC,CA,AWP,WE,Federal Contract Tower,0,2,4,0,6,0,12,38,0,50,0,14,42,0,56,2,0,2,58
10/16/2020,CIC,CA,AWP,WE,Federal Contract Tower,0,0,5,1,6,0,26,64,1,91,0,26,69,2,97,0,4,4,101
10/17/2020,CIC,CA,AWP,WE,Federal Contract Tower,0,2,2,0,4,0,11,73,0,84,0,13,75,0,88,42,0,42,130
10/18/2020,CIC,CA,AWP,WE,Federal Contract Tower,0,0,0,0,0,0,3,69,0,72,0,3,69,0,72,28,0,28,100
10/19/2020,CIC,CA,AWP,WE,Federal Contract Tower,0,4,3,0,7,0,6,68,0,74,0,10,71,0,81,20,0,20,101
10/20/2020,CIC,CA,AWP,WE,Federal Contract Tower,0,3,1,2,6,0,13,61,0,74,0,16,62,2,80,16,4,20,100
10/21/2020,CIC,CA,AWP,WE,Federal Contract Tower,0,6,0,0,6,0,10,46,0,56,0,16,46,0,62,32,0,32,94
10/22/2020,CIC,CA,AWP,WE,Federal Contract Tower,0,1,0,0,1,0,18,36,2,56,0,19,36,2,57,4,0,4,61
10/23/2020,CIC,CA,AWP,WE,Federal Contract Tower,0,3,7,0,10,1,13,56,0,70,1,16,63,0,80,18,0,18,98
10/24/2020,CIC,CA,AWP,WE,Federal Contract Tower,0,0,5,0,5,0,12,58,0,70,0,12,63,0,75,16,0,16,91
10/25/2020,CIC,CA,AWP,WE,Federal Contract Tower,0,0,3,0,3,0,14,15,0,29,0,14,18,0,32,24,0,24,56
10/26/2020,CIC,CA,AWP,WE,Federal Contract Tower,0,2,5,0,7,0,6,35,0,41,0,8,40,0,48,20,0,20,68
10/27/2020,CIC,CA,AWP,WE,Federal Contract Tower,0,3,4,3,10,0,14,60,1,75,0,17,64,4,85,4,10,14,99
10/28/2020,CIC,CA,AWP,WE,Federal Contract Tower,0,3,3,0,6,0,12,70,0,82,0,15,73,0,88,42,0,42,130
10/29/2020,CIC,CA,AWP,WE,Federal Contract Tower,0,4,6,0,10,0,9,60,1,70,0,13,66,1,80,18,0,18,98
10/30/2020,CIC,CA,AWP,WE,Federal Contract Tower,0,2,1,0,3,0,17,57,0,74,0,19,58,0,77,70,0,70,147
10/31/2020,CIC,CA,AWP,WE,Federal Contract Tower,0,0,3,0,3,0,10,52,0,62,0,10,55,0,65,36,0,36,101
11/01/2020,CIC,CA,AWP,WE,Federal Contract Tower,0,0,6,0,6,0,23,62,8,93,0,23,68,8,99,4,0,4,103
11/02/2020,CIC,CA,AWP,WE,Federal Contract Tower,0,2,0,0,2,0,15,55,13,83,0,17,55,13,85,50,0,50,135
11/03/2020,CIC,CA,AWP,WE,Federal Contract Tower,0,2,0,0,2,0,5,48,8,61,0,7,48,8,63,16,0,16,79
11/04/2020,CIC,CA,AWP,WE,Federal Contract Tower,0,2,3,4,9,0,10,48,0,58,0,12,51,4,67,76,0,76,143
11/05/2020,CIC,CA,AWP,WE,Federal Contract Tower,0,1,1,4,6,0,2,72,0,74,0,3,73,4,80,64,0,64,144
11/06/2020,CIC,CA,AWP,WE,Federal Contract Tower,0,2,5,0,7,0,13,41,0,54,0,15,46,0,61,80,0,80,141
11/07/2020,CIC,CA,AWP,WE,Federal Contract Tower,0,0,3,0,3,0,20,49,0,69,0,20,52,0,72,12,2,14,86
11/08/2020,CIC,CA,AWP,WE,Federal Contract Tower,0,0,2,0,2,0,24,24,1,49,0,24,26,1,51,10,0,10,61
11/09/2020,CIC,CA,AWP,WE,Federal Contract Tower,0,4,1,1,6,0,21,54,1,76,0,25,55,2,82,52,6,58,140
11/10/2020,CIC,CA,AWP,WE,Federal Contract Tower,0,2,4,0,6,0,7,45,2,54,0,9,49,2,60,18,0,18,78
11/11/2020,CIC,CA,AWP,WE,Federal Contract Tower,0,4,0,0,4,0,17,65,0,82,0,21,65,0,86,48,0,48,134
11/12/2020,CIC,CA,AWP,WE,Federal Contract Tower,0,5,2,0,7,0,10,84,4,98,0,15,86,4,105,26,12,38,143
11/13/2020,CIC,CA,AWP,WE,Federal Contract Tower,0,5,6,0,11,0,0,2,0,2,0,5,8,0,13,0,0,0,13
11/14/2020,CIC,CA,AWP,WE,Federal Contract Tower,0,1,0,0,1,0,11,58,0,69,0,12,58,0,70,16,0,16,86
11/15/2020,CIC,CA,AWP,WE,Federal Contract Tower,0,0,3,0,3,0,5,62,0,67,0,5,65,0,70,18,0,18,88
11/16/2020,CIC,CA,AWP,WE,Federal Contract Tower,0,7,4,0,11,0,33,66,0,99,0,40,70,0,110,116,0,116,226
11/17/2020,CIC,CA,AWP,WE,Federal Contract Tower,0,7,14,0,21,0,3,8,0,11,0,10,22,0,32,0,0,0,32
11/18/2020,CIC,CA,AWP,WE,Federal Contract Tower,0,2,7,0,9,0,3,5,0,8,0,5,12,0,17,2,0,2,19
11/19/2020,CIC,CA,AWP,WE,Federal Contract Tower,0,0,4,0,4,0,10,51,2,63,0,10,55,2,67,50,6,56,123
11/20/2020,CIC,CA,AWP,WE,Federal Contract Tower,0,1,2,0,3,0,26,69,3,98,0,27,71,3,101,50,8,58,159
11/21/2020,CIC,CA,AWP,WE,Federal Contract Tower,0,0,2,0,2,4,13,49,0,66,4,13,51,0,68,42,0,42,110
11/22/2020,CIC,CA,AWP,WE,Federal Contract Tower,0,0,1,0,1,0,20,51,0,71,0,20,52,0,72,24,0,24,96
11/23/2020,CIC,CA,AWP,WE,Federal Contract Tower,0,2,10,0,12,0,5,70,0,75,0,7,80,0,87,38,0,38,125
11/24/2020,CIC,CA,AWP,WE,Federal Contract Tower,0,1,7,0,8,0,14,57,0,71,0,15,64,0,79,26,0,26,105
11/25/2020,CIC,CA,AWP,WE,Federal Contract Tower,0,2,3,0,5,0,12,75,0,87,0,14,78,0,92,34,0,34,126
11/26/2020,CIC,CA,AWP,WE,Federal Contract Tower,0,0,0,0,0,0,5,13,0,18,0,5,13,0,18,0,0,0,18
11/27/2020,CIC,CA,AWP,WE,Federal Contract Tower,0,3,0,0,3,0,5,39,0,44,0,8,39,0,47,0,0,0,47
11/28/2020,CIC,CA,AWP,WE,Federal Contract Tower,0,0,1,0,1,0,8,74,0,82,0,8,75,0,83,2,0,2,85
11/29/2020,CIC,CA,AWP,WE,Federal Contract Tower,0,0,0,0,0,0,3,30,0,33,0,3,30,0,33,10,10,20,53
11/30/2020,CIC,CA,AWP,WE,Federal Contract Tower,0,2,1,2,5,0,19,58,0,77,0,21,59,2,82,44,6,50,132
12/01/2020,CIC,CA,AWP,WE,Federal Contract Tower,0,2,0,1,3,0,12,39,16,67,0,14,39,17,70,30,10,40,110
12/02/2020,CIC,CA,AWP,WE,Federal Contract Tower,0,3,1,0,4,0,11,44,0,55,0,14,45,0,59,24,0,24,83
12/03/2020,CIC,CA,AWP,WE,Federal Contract Tower,0,2,1,5,8,0,11,54,7,72,0,13,55,12,80,42,8,50,130
12/04/2020,CIC,CA,AWP,WE,Federal Contract Tower,0,2,2,0,4,0,1,76,0,77,0,3,78,0,81,28,0,28,109
12/05/2020,CIC,CA,AWP,WE,Federal Contract Tower,0,0,4,0,4,0,20,65,0,85,0,20,69,0,89,46,0,46,135
12/06/2020,CIC,CA,AWP,WE,Federal Contract Tower,0,0,1,0,1,0,4,44,0,48,0,4,45,0,49,0,0,0,49
12/07/2020,CIC,CA,AWP,WE,Federal Contract Tower,0,2,4,0,6,0,10,39,2,51,0,12,43,2,57,4,2,6,63
12/08/2020,CIC,CA,AWP,WE,Federal Contract Tower,0,2,2,0,4,0,16,58,0,74,0,18,60,0,78,64,0,64,142
12/09/2020,CIC,CA,AWP,WE,Federal Contract Tower,0,1,4,0,5,0,8,45,0,53,0,9,49,0,58,48,0,48,106
12/10/2020,CIC,CA,AWP,WE,Federal Contract Tower,0,2,8,0,10,0,10,59,0,69,0,12,67,0,79,30,0,30,109
12/11/2020,CIC,CA,AWP,WE,Federal Contract Tower,0,4,10,0,14,0,9,36,0,45,0,13,46,0,59,6,0,6,65
12/12/2020,CIC,CA,AWP,WE,Federal Contract Tower,0,0,2,0,2,0,18,29,8,55,0,18,31,8,57,24,0,24,81
12/13/2020,CIC,CA,AWP,WE,Federal Contract Tower,0,0,14,0,14,0,2,2,0,4,0,2,16,0,18,38,0,38,56
12/14/2020,CIC,CA,AWP,WE,Federal Contract Tower,0,2,3,2,7,0,15,29,0,44,0,17,32,2,51,52,0,52,103
12/15/2020,CIC,CA,AWP,WE,Federal Contract Tower,0,2,3,0,5,0,13,42,0,55,0,15,45,0,60,70,0,70,130
12/16/2020,CIC,CA,AWP,WE,Federal Contract Tower,0,4,3,0,7,0,6,29,0,35,0,10,32,0,42,24,0,24,66
12/17/2020,CIC,CA,AWP,WE,Federal Contract Tower,0,2,6,0,8,0,3,13,0,16,0,5,19,0,24,0,0,0,24
12/18/2020,CIC,CA,AWP,WE,Federal Contract Tower,0,2,2,0,4,0,12,49,0,61,0,14,51,0,65,54,0,54,119
12/19/2020,CIC,CA,AWP,WE,Federal Contract Tower,0,0,2,0,2,0,2,60,0,62,0,2,62,0,64,52,0,52,116
12/20/2020,CIC,CA,AWP,WE,Federal Contract Tower,0,0,1,0,1,0,5,66,0,71,0,5,67,0,72,48,0,48,120
12/21/2020,CIC,CA,AWP,WE,Federal Contract Tower,0,2,3,0,5,0,12,34,0,46,0,14,37,0,51,64,0,64,115
12/22/2020,CIC,CA,AWP,WE,Federal Contract Tower,0,2,13,0,15,0,22,42,0,64,0,24,55,0,79,20,0,20,99
12/23/2020,CIC,CA,AWP,WE,Federal Contract Tower,0,2,5,0,7,0,6,80,0,86,0,8,85,0,93,26,0,26,119
12/24/2020,CIC,CA,AWP,WE,Federal Contract Tower,0,2,0,0,2,0,9,37,0,46,0,11,37,0,48,18,0,18,66
12/25/2020,CIC,CA,AWP,WE,Federal Contract Tower,0,0,1,0,1,0,0,2,0,2,0,0,3,0,3,0,0,0,3
12/26/2020,CIC,CA,AWP,WE,Federal Contract Tower,0,0,4,0,4,0,10,17,0,27,0,10,21,0,31,8,0,8,39
12/27/2020,CIC,CA,AWP,WE,Federal Contract Tower,0,0,2,4,6,0,13,39,0,52,0,13,41,4,58,30,0,30,88
12/28/2020,CIC,CA,AWP,WE,Federal Contract Tower,0,2,3,0,5,0,19,14,0,33,0,21,17,0,38,24,0,24,62
12/29/2020,CIC,CA,AWP,WE,Federal Contract Tower,0,2,3,0,5,0,17,86,0,103,0,19,89,0,108,14,0,14,122
12/30/2020,CIC,CA,AWP,WE,Federal Contract Tower,0,2,2,0,4,0,13,57,0,70,0,15,59,0,74,50,0,50,124
12/31/2020,CIC,CA,AWP,WE,Federal Contract Tower,0,3,10,0,13,0,8,42,0,50,0,11,52,0,63,58,0,58,121
01/01/2021,CIC,CA,AWP,WE,Federal Contract Tower,0,0,2,0,2,0,6,30,0,36,0,6,32,0,38,38,0,38,76
01/02/2021,CIC,CA,AWP,WE,Federal Contract Tower,0,1,3,0,4,0,4,0,0,4,0,5,3,0,8,0,0,0,8
01/03/2021,CIC,CA,AWP,WE,Federal Contract Tower,0,0,1,0,1,0,4,10,0,14,0,4,11,0,15,20,0,20,35
01/04/2021,CIC,CA,AWP,WE,Federal Contract Tower,0,5,0,0,5,4,0,0,0,4,4,5,0,0,9,0,0,0,9
01/05/2021,CIC,CA,AWP,WE,Federal Contract Tower,0,2,3,0,5,0,19,47,0,66,0,21,50,0,71,6,0,6,77
01/06/2021,CIC,CA,AWP,WE,Federal Contract Tower,0,2,1,0,3,0,4,17,0,21,0,6,18,0,24,10,0,10,34
01/07/2021,CIC,CA,AWP,WE,Federal Contract Tower,0,3,3,0,6,0,9,26,0,35,0,12,29,0,41,6,0,6,47
01/08/2021,CIC,CA,AWP,WE,Federal Contract Tower,0,2,3,0,5,0,4,23,0,27,0,6,26,0,32,40,0,40,72
01/09/2021,CIC,CA,AWP,WE,Federal Contract Tower,0,0,0,0,0,0,2,43,0,45,0,2,43,0,45,20,0,20,65
01/11/2021,CIC,CA,AWP,WE,Federal Contract Tower,0,2,4,0,6,0,13,32,2,47,0,15,36,2,53,4,0,4,57
01/12/2021,CIC,CA,AWP,WE,Federal Contract Tower,0,3,2,0,5,0,11,17,0,28,0,14,19,0,33,50,0,50,83
01/13/2021,CIC,CA,AWP,WE,Federal Contract Tower,0,4,5,0,9,0,10,24,0,34,0,14,29,0,43,42,0,42,85
01/14/2021,CIC,CA,AWP,WE,Federal Contract Tower,0,2,3,0,5,0,8,29,2,39,0,10,32,2,44,96,0,96,140
01/15/2021,CIC,CA,AWP,WE,Federal Contract Tower,0,4,2,2,8,0,4,38,0,42,0,8,40,2,50,40,0,40,90
01/16/2021,CIC,CA,AWP,WE,Federal Contract Tower,0,0,0,0,0,0,6,57,0,63,0,6,57,0,63,44,0,44,107
01/17/2021,CIC,CA,AWP,WE,Federal Contract Tower,0,0,0,0,0,0,12,75,0,87,0,12,75,0,87,31,0,31,118
01/18/2021,CIC,CA,AWP,WE,Federal Contract Tower,0,3,1,0,4,0,29,23,0,52,0,32,24,0,56,0,0,0,56
01/19/2021,CIC,CA,AWP,WE,Federal Contract Tower,0,2,1,0,3,0,13,23,0,36,0,15,24,0,39,2,0,2,41
01/20/2021,CIC,CA,AWP,WE,Federal Contract Tower,0,2,5,0,7,0,9,47,0,56,0,11,52,0,63,14,0,14,77
01/21/2021,CIC,CA,AWP,WE,Federal Contract Tower,0,2,0,0,2,0,9,51,0,60,0,11,51,0,62,34,0,34,96
01/22/2021,CIC,CA,AWP,WE,Federal Contract Tower,0,3,5,4,12,0,1,9,0,10,0,4,14,4,22,0,0,0,22
01/23/2021,CIC,CA,AWP,WE,Federal Contract Tower,0,0,4,0,4,0,14,36,0,50,0,14,40,0,54,44,0,44,98
01/24/2021,CIC,CA,AWP,WE,Federal Contract Tower,0,0,0,0,0,0,1,14,0,15,0,1,14,0,15,0,0,0,15
01/25/2021,CIC,CA,AWP,WE,Federal Contract Tower,0,2,0,0,2,0,3,40,1,44,0,5,40,1,46,46,0,46,92
01/26/2021,CIC,CA,AWP,WE,Federal Contract Tower,0,5,1,0,6,0,6,36,0,42,0,11,37,0,48,24,0,24,72
01/27/2021,CIC,CA,AWP,WE,Federal Contract Tower,0,4,0,0,4,0,10,0,0,10,0,14,0,0,14,0,0,0,14
01/28/2021,CIC,CA,AWP,WE,Federal Contract Tower,0,4,0,0,4,0,2,1,0,3,0,6,1,0,7,8,0,8,15
01/29/2021,CIC,CA,AWP,WE,Federal Contract Tower,0,4,5,0,9,0,2,8,0,10,0,6,13,0,19,0,0,0,19
01/30/2021,CIC,CA,AWP,WE,Federal Contract Tower,0,0,2,0,2,0,1,41,0,42,0,1,43,0,44,20,0,20,64
01/31/2021,CIC,CA,AWP,WE,Federal Contract Tower,0,1,0,0,1,0,4,27,0,31,0,5,27,0,32,6,0,6,38
02/01/2021,CIC,CA,AWP,WE,Federal Contract Tower,0,2,1,0,3,0,9,15,0,24,0,11,16,0,27,2,0,2,29
02/02/2021,CIC,CA,AWP,WE,Federal Contract Tower,0,2,10,0,12,0,1,6,0,7,0,3,16,0,19,0,0,0,19
02/03/2021,CIC,CA,AWP,WE,Federal Contract Tower,0,2,4,0,6,0,7,27,0,34,0,9,31,0,40,4,0,4,44
02/04/2021,CIC,CA,AWP,WE,Federal Contract Tower,0,2,5,1,8,0,2,45,0,47,0,4,50,1,55,40,12,52,107
02/05/2021,CIC,CA,AWP,WE,Federal Contract Tower,0,2,4,0,6,0,5,66,0,71,0,7,70,0,77,30,0,30,107
02/06/2021,CIC,CA,AWP,WE,Federal Contract Tower,0,0,3,0,3,0,5,84,0,89,0,5,87,0,92,54,0,54,146
02/07/2021,CIC,CA,AWP,WE,Federal Contract Tower,0,0,7,0,7,0,0,63,0,63,0,0,70,0,70,2,0,2,72
02/08/2021,CIC,CA,AWP,WE,Federal Contract Tower,0,4,1,0,5,0,9,50,0,59,0,13,51,0,64,14,0,14,78
02/09/2021,CIC,CA,AWP,WE,Federal Contract Tower,0,2,2,0,4,0,12,41,2,55,0,14,43,2,59,4,14,18,77
02/10/2021,CIC,CA,AWP,WE,Federal Contract Tower,0,2,5,0,7,0,5,73,0,78,0,7,78,0,85,14,0,14,99
02/11/2021,CIC,CA,AWP,WE,Federal Contract Tower,0,4,2,2,8,0,0,6,0,6,0,4,8,2,14,0,0,0,14
02/12/2021,CIC,CA,AWP,WE,Federal Contract Tower,0,2,3,1,6,0,2,38,0,40,0,4,41,1,46,4,0,4,50
02/13/2021,CIC,CA,AWP,WE,Federal Contract Tower,0,0,0,0,0,0,15,37,0,52,0,15,37,0,52,8,0,8,60
02/14/2021,CIC,CA,AWP,WE,Federal Contract Tower,0,0,1,0,1,0,6,16,0,22,0,6,17,0,23,0,0,0,23
02/15/2021,CIC,CA,AWP,WE,Federal Contract Tower,0,12,7,0,19,0,2,0,0,2,0,14,7,0,21,0,0,0,21
02/16/2021,CIC,CA,AWP,WE,Federal Contract Tower,0,2,1,0,3,0,6,42,1,49,0,8,43,1,52,18,14,32,84
02/17/2021,CIC,CA,AWP,WE,Federal Contract Tower,0,2,7,0,9,0,5,58,0,63,0,7,65,0,72,18,0,18,90
02/18/2021,CIC,CA,AWP,WE,Federal Contract Tower,0,2,3,2,7,0,7,29,2,38,0,9,32,4,45,40,18,58,103
02/19/2021,CIC,CA,AWP,WE,Federal Contract Tower,0,3,9,0,12,0,2,8,0,10,0,5,17,0,22,0,0,0,22
02/20/2021,CIC,CA,AWP,WE,Federal Contract Tower,0,0,4,0,4,0,8,43,0,51,0,8,47,0,55,30,0,30,85
02/21/2021,CIC,CA,AWP,WE,Federal Contract Tower,0,0,3,0,3,0,3,35,0,38,0,3,38,0,41,6,0,6,47
02/22/2021,CIC,CA,AWP,WE,Federal Contract Tower,0,4,0,0,4,0,19,50,0,69,0,23,50,0,73,26,0,26,99
02/23/2021,CIC,CA,AWP,WE,Federal Contract Tower,0,2,2,0,4,0,10,32,0,42,0,12,34,0,46,8,0,8,54
02/24/2021,CIC,CA,AWP,WE,Federal Contract Tower,0,2,2,0,4,0,8,12,1,21,0,10,14,1,25,18,0,18,43
02/25/2021,CIC,CA,AWP,WE,Federal Contract Tower,0,4,4,0,8,0,8,61,1,70,0,12,65,1,78,74,0,74,152
02/26/2021,CIC,CA,AWP,WE,Federal Contract Tower,0,2,1,0,3,0,13,48,0,61,0,15,49,0,64,40,0,40,104
02/27/2021,CIC,CA,AWP,WE,Federal Contract Tower,0,0,0,0,0,0,9,47,0,56,0,9,47,0,56,18,0,18,74
02/28/2021,CIC,CA,AWP,WE,Federal Contract Tower,0,0,2,2,4,0,6,54,0,60,0,6,56,2,64,32,0,32,96
03/01/2021,CIC,CA,AWP,WE,Federal Contract Tower,0,2,7,0,9,0,8,56,0,64,0,10,63,0,73,28,0,28,101
03/02/2021,CIC,CA,AWP,WE,Federal Contract Tower,0,2,5,0,7,0,11,49,2,62,0,13,54,2,69,36,8,44,113
03/03/2021,CIC,CA,AWP,WE,Federal Contract Tower,0,2,2,1,5,0,5,51,0,56,0,7,53,1,61,68,8,76,137
03/04/2021,CIC,CA,AWP,WE,Federal Contract Tower,0,2,8,0,10,0,9,38,0,47,0,11,46,0,57,18,0,18,75
03/05/2021,CIC,CA,AWP,WE,Federal Contract Tower,0,1,9,1,11,0,23,46,2,71,0,24,55,3,82,36,10,46,128
03/06/2021,CIC,CA,AWP,WE,Federal Contract Tower,0,0,3,0,3,0,8,46,0,54,0,8,49,0,57,12,0,12,69
03/07/2021,CIC,CA,AWP,WE,Federal Contract Tower,0,0,3,0,3,0,6,68,0,74,0,6,71,0,77,14,0,14,91
03/08/2021,CIC,CA,AWP,WE,Federal Contract Tower,0,6,0,2,8,0,20,17,0,37,0,26,17,2,45,68,16,84,129
03/09/2021,CIC,CA,AWP,WE,Federal Contract Tower,0,3,6,6,15,0,17,15,0,32,0,20,21,6,47,42,0,42,89
03/10/2021,CIC,CA,AWP,WE,Federal Contract Tower,0,3,5,0,8,0,8,11,0,19,0,11,16,0,27,20,0,20,47
03/11/2021,CIC,CA,AWP,WE,Federal Contract Tower,0,2,2,0,4,0,31,54,0,85,0,33,56,0,89,30,0,30,119
03/12/2021,CIC,CA,AWP,WE,Federal Contract Tower,0,3,2,2,7,0,37,83,0,120,0,40,85,2,127,36,0,36,163
03/13/2021,CIC,CA,AWP,WE,Federal Contract Tower,0,1,7,0,8,0,22,71,0,93,0,23,78,0,101,38,0,38,139
03/14/2021,CIC,CA,AWP,WE,Federal Contract Tower,0,0,1,0,1,0,23,13,0,36,0,23,14,0,37,22,0,22,59
03/15/2021,CIC,CA,AWP,WE,Federal Contract Tower,0,4,1,0,5,0,23,29,0,52,0,27,30,0,57,18,0,18,75
03/16/2021,CIC,CA,AWP,WE,Federal Contract Tower,0,4,2,1,7,0,24,54,1,79,0,28,56,2,86,56,0,56,142
03/17/2021,CIC,CA,AWP,WE,Federal Contract Tower,0,3,2,0,5,0,16,36,2,54,0,19,38,2,59,24,8,32,91
03/18/2021,CIC,CA,AWP,WE,Federal Contract Tower,0,3,7,0,10,0,1,1,0,2,0,4,8,0,12,0,0,0,12
03/19/2021,CIC,CA,AWP,WE,Federal Contract Tower,0,4,1,2,7,0,14,33,0,47,0,18,34,2,54,18,0,18,72
03/20/2021,CIC,CA,AWP,WE,Federal Contract Tower,0,0,2,0,2,0,9,59,0,68,0,9,61,0,70,34,0,34,104
03/21/2021,CIC,CA,AWP,WE,Federal Contract Tower,0,0,3,0,3,0,4,66,2,72,0,4,69,2,75,20,0,20,95
03/22/2021,CIC,CA,AWP,WE,Federal Contract Tower,0,2,0,0,2,0,10,46,0,56,0,12,46,0,58,34,0,34,92
03/23/2021,CIC,CA,AWP,WE,Federal Contract Tower,0,1,4,0,5,0,20,25,4,49,0,21,29,4,54,28,0,28,82
03/24/2021,CIC,CA,AWP,WE,Federal Contract Tower,0,2,2,0,4,0,5,46,2,53,0,7,48,2,57,64,0,64,121
03/25/2021,CIC,CA,AWP,WE,Federal Contract Tower,0,2,9,0,11,0,4,32,0,36,0,6,41,0,47,48,18,66,113
03/26/2021,CIC,CA,AWP,WE,Federal Contract Tower,0,3,6,6,15,0,10,67,2,79,0,13,73,8,94,6,0,6,100
03/27/2021,CIC,CA,AWP,WE,Federal Contract Tower,0,8,1,0,9,0,35,70,4,109,0,43,71,4,118,20,0,20,138
03/28/2021,CIC,CA,AWP,WE,Federal Contract Tower,0,0,1,0,1,0,36,73,0,109,0,36,74,0,110,12,0,12,122
03/29/2021,CIC,CA,AWP,WE,Federal Contract Tower,0,2,0,1,3,0,2,28,1,31,0,4,28,2,34,20,0,20,54
03/30/2021,CIC,CA,AWP,WE,Federal Contract Tower,0,4,1,0,5,0,3,16,0,19,0,7,17,0,24,0,0,0,24
03/31/2021,CIC,CA,AWP,WE,Federal Contract Tower,0,2,3,1,6,0,20,79,0,99,0,22,82,1,105,68,6,74,179
04/01/2021,CIC,CA,AWP,WE,Federal Contract Tower,0,2,0,0,2,0,3,36,0,39,0,5,36,0,41,56,0,56,97
04/02/2021,CIC,CA,AWP,WE,Federal Contract Tower,0,2,0,0,2,0,6,63,0,69,0,8,63,0,71,32,0,32,103
04/03/2021,CIC,CA,AWP,WE,Federal Contract Tower,0,4,2,0,6,0,11,54,0,65,0,15,56,0,71,14,0,14,85
04/04/2021,CIC,CA,AWP,WE,Federal Contract Tower,0,0,3,0,3,0,7,36,0,43,0,7,39,0,46,8,0,8,54
04/05/2021,CIC,CA,AWP,WE,Federal Contract Tower,0,2,0,0,2,0,8,54,0,62,0,10,54,0,64,48,0,48,112
04/06/2021,CIC,CA,AWP,WE,Federal Contract Tower,0,2,3,0,5,0,9,39,0,48,0,11,42,0,53,22,0,22,75
04/07/2021,CIC,CA,AWP,WE,Federal Contract Tower,0,2,2,2,6,0,16,46,2,64,0,18,48,4,70,14,8,22,92
04/08/2021,CIC,CA,AWP,WE,Federal Contract Tower,0,2,2,0,4,0,7,44,0,51,0,9,46,0,55,30,0,30,85
04/09/2021,CIC,CA,AWP,WE,Federal Contract Tower,0,2,6,0,8,0,21,67,8,96,0,23,73,8,104,12,0,12,116
04/10/2021,CIC,CA,AWP,WE,Federal Contract Tower,0,0,1,0,1,0,6,42,5,53,0,6,43,5,54,10,0,10,64
04/11/2021,CIC,CA,AWP,WE,Federal Contract Tower,0,1,5,0,6,0,1,35,0,36,0,2,40,0,42,4,0,4,46
04/12/2021,CIC,CA,AWP,WE,Federal Contract Tower,0,2,3,0,5,0,15,37,2,54,0,17,40,2,59,10,10,20,79
04/13/2021,CIC,CA,AWP,WE,Federal Contract Tower,0,2,2,0,4,0,4,33,0,37,0,6,35,0,41,6,0,6,47
04/14/2021,CIC,CA,AWP,WE,Federal Contract Tower,0,2,4,0,6,0,12,59,0,71,0,14,63,0,77,12,0,12,89
04/15/2021,CIC,CA,AWP,WE,Federal Contract Tower,0,4,1,0,5,0,3,90,0,93,0,7,91,0,98,10,0,10,108
04/16/2021,CIC,CA,AWP,WE,Federal Contract Tower,0,3,3,0,6,0,9,58,0,67,0,12,61,0,73,32,0,32,105
04/17/2021,CIC,CA,AWP,WE,Federal Contract Tower,0,0,4,0,4,0,19,49,0,68,0,19,53,0,72,20,0,20,92
04/18/2021,CIC,CA,AWP,WE,Federal Contract Tower,0,0,4,0,4,0,3,38,0,41,0,3,42,0,45,18,0,18,63
04/19/2021,CIC,CA,AWP,WE,Federal Contract Tower,0,2,1,0,3,0,8,45,0,53,0,10,46,0,56,16,0,16,72
04/20/2021,CIC,CA,AWP,WE,Federal Contract Tower,0,3,0,0,3,0,7,38,0,45,0,10,38,0,48,10,0,10,58
04/21/2021,CIC,CA,AWP,WE,Federal Contract Tower,0,2,1,0,3,0,22,48,0,70,0,24,49,0,73,76,0,76,149
04/22/2021,CIC,CA,AWP,WE,Federal Contract Tower,0,2,7,0,9,0,15,57,0,72,0,17,64,0,81,34,0,34,115
04/23/2021,CIC,CA,AWP,WE,Federal Contract Tower,0,4,1,0,5,0,18,63,0,81,0,22,64,0,86,22,0,22,108
04/24/2021,CIC,CA,AWP,WE,Federal Contract Tower,0,0,5,0,5,0,16,28,3,47,0,16,33,3,52,2,0,2,54
04/25/2021,CIC,CA,AWP,WE,Federal Contract Tower,0,0,2,3,5,0,4,1,0,5,0,4,3,3,10,0,0,0,10
04/26/2021,CIC,CA,AWP,WE,Federal Contract Tower,0,2,4,0,6,0,7,47,0,54,0,9,51,0,60,10,0,10,70
04/27/2021,CIC,CA,AWP,WE,Federal Contract Tower,0,2,0,0,2,0,10,43,0,53,0,12,43,0,55,8,0,8,63
04/28/2021,CIC,CA,AWP,WE,Federal Contract Tower,0,1,3,1,5,0,5,79,1,85,0,6,82,2,90,38,16,54,144
04/29/2021,CIC,CA,AWP,WE,Federal Contract Tower,0,2,3,0,5,0,12,78,0,90,0,14,81,0,95,22,0,22,117
04/30/2021,CIC,CA,AWP,WE,Federal Contract Tower,0,3,8,0,11,0,11,63,0,74,0,14,71,0,85,52,0,52,137
05/01/2021,CIC,CA,AWP,WE,Federal Contract Tower,0,0,0,0,0,0,18,61,0,79,0,18,61,0,79,32,0,32,111
05/02/2021,CIC,CA,AWP,WE,Federal Contract Tower,0,0,1,0,1,0,9,9,0,18,0,9,10,0,19,4,0,4,23
05/03/2021,CIC,CA,AWP,WE,Federal Contract Tower,0,2,2,2,6,0,8,34,0,42,0,10,36,2,48,6,12,18,66
05/04/2021,CIC,CA,AWP,WE,Federal Contract Tower,0,1,3,0,4,0,28,81,0,109,0,29,84,0,113,4,0,4,117
05/05/2021,CIC,CA,AWP,WE,Federal Contract Tower,0,2,5,0,7,0,5,66,0,71,0,7,71,0,78,0,0,0,78
05/06/2021,CIC,CA,AWP,WE,Federal Contract Tower,0,2,3,2,7,0,15,57,0,72,0,17,60,2,79,34,6,40,119
05/07/2021,CIC,CA,AWP,WE,Federal Contract Tower,0,2,6,0,8,0,22,62,0,84,0,24,68,0,92,24,0,24,116
05/08/2021,CIC,CA,AWP,WE,Federal Contract Tower,0,0,4,0,4,0,6,15,0,21,0,6,19,0,25,18,0,18,43
05/09/2021,CIC,CA,AWP,WE,Federal Contract Tower,0,0,2,0,2,0,0,16,2,18,0,0,18,2,20,0,0,0,20
05/10/2021,CIC,CA,AWP,WE,Federal Contract Tower,0,2,1,0,3,0,5,37,0,42,0,7,38,0,45,24,0,24,69
05/11/2021,CIC,CA,AWP,WE,Federal Contract Tower,0,2,1,0,3,0,20,41,0,61,0,22,42,0,64,32,0,32,96
05/13/2021,CIC,CA,AWP,WE,Federal Contract Tower,0,2,6,0,8,0,17,54,0,71,0,19,60,0,79,54,0,54,133
05/14/2021,CIC,CA,AWP,WE,Federal Contract Tower,0,4,3,0,7,0,7,71,0,78,0,11,74,0,85,42,0,42,127
05/15/2021,CIC,CA,AWP,WE,Federal Contract Tower,0,0,1,0,1,0,5,32,0,37,0,5,33,0,38,28,0,28,66
05/16/2021,CIC,CA,AWP,WE,Federal Contract Tower,0,1,6,0,7,0,4,49,0,53,0,5,55,0,60,0,0,0,60
05/17/2021,CIC,CA,AWP,WE,Federal Contract Tower,0,2,1,0,3,0,12,39,0,51,0,14,40,0,54,14,0,14,68
05/18/2021,CIC,CA,AWP,WE,Federal Contract Tower,0,2,2,0,4,0,6,56,0,62,0,8,58,0,66,28,0,28,94
05/19/2021,CIC,CA,AWP,WE,Federal Contract Tower,0,2,2,0,4,0,3,35,0,38,0,5,37,0,42,8,0,8,50
05/20/2021,CIC,CA,AWP,WE,Federal Contract Tower,0,2,3,0,5,0,12,39,0,51,0,14,42,0,56,0,0,0,56
05/21/2021,CIC,CA,AWP,WE,Federal Contract Tower,0,2,4,0,6,0,5,45,2,52,0,7,49,2,58,30,10,40,98
05/22/2021,CIC,CA,AWP,WE,Federal Contract Tower,0,2,3,0,5,0,3,59,0,62,0,5,62,0,67,36,0,36,103
05/23/2021,CIC,CA,AWP,WE,Federal Contract Tower,0,1,1,0,2,0,10,55,0,65,0,11,56,0,67,42,0,42,109
05/24/2021,CIC,CA,AWP,WE,Federal Contract Tower,0,2,1,0,3,0,5,47,0,52,0,7,48,0,55,28,0,28,83
05/25/2021,CIC,CA,AWP,WE,Federal Contract Tower,0,2,1,0,3,0,14,66,0,80,0,16,67,0,83,4,0,4,87
05/26/2021,CIC,CA,AWP,WE,Federal Contract Tower,0,2,3,0,5,0,3,67,1,71,0,5,70,1,76,20,0,20,96
05/27/2021,CIC,CA,AWP,WE,Federal Contract Tower,0,2,9,0,11,0,2,70,0,72,0,4,79,0,83,32,0,32,115
05/28/2021,CIC,CA,AWP,WE,Federal Contract Tower,0,3,5,0,8,0,6,79,0,85,0,9,84,0,93,28,0,28,121
05/29/2021,CIC,CA,AWP,WE,Federal Contract Tower,0,0,4,0,4,0,7,44,0,51,0,7,48,0,55,4,0,4,59
05/30/2021,CIC,CA,AWP,WE,Federal Contract Tower,0,0,2,0,2,0,10,34,0,44,0,10,36,0,46,0,0,0,46
05/31/2021,CIC,CA,AWP,WE,Federal Contract Tower,0,0,5,0,5,0,1,44,0,45,0,1,49,0,50,28,0,28,78
06/01/2021,CIC,CA,AWP,WE,Federal Contract Tower,0,2,3,0,5,0,17,56,1,74,0,19,59,1,79,30,0,30,109
06/02/2021,CIC,CA,AWP,WE,Federal Contract Tower,0,2,0,0,2,0,6,58,0,64,0,8,58,0,66,34,0,34,100
06/03/2021,CIC,CA,AWP,WE,Federal Contract Tower,0,2,1,0,3,0,9,49,0,58,0,11,50,0,61,54,0,54,115
06/04/2021,CIC,CA,AWP,WE,Federal Contract Tower,0,2,4,0,6,0,4,51,0,55,0,6,55,0,61,24,0,24,85
06/05/2021,CIC,CA,AWP,WE,Federal Contract Tower,0,0,1,0,1,0,1,48,0,49,0,1,49,0,50,50,0,50,100
06/06/2021,CIC,CA,AWP,WE,Federal Contract Tower,0,4,0,0,4,0,9,37,0,46,0,13,37,0,50,6,0,6,56
06/07/2021,CIC,CA,AWP,WE,Federal Contract Tower,0,2,1,1,4,0,7,40,0,47,0,9,41,1,51,44,4,48,99
06/08/2021,CIC,CA,AWP,WE,Federal Contract Tower,0,2,0,0,2,0,10,29,0,39,0,12,29,0,41,0,0,0,41
06/09/2021,CIC,CA,AWP,WE,Federal Contract Tower,0,3,2,0,5,0,8,36,1,45,0,11,38,1,50,34,0,34,84
06/10/2021,CIC,CA,AWP,WE,Federal Contract Tower,0,2,4,2,8,0,14,51,0,65,0,16,55,2,73,44,0,44,117
06/11/2021,CIC,CA,AWP,WE,Federal Contract Tower,0,1,2,0,3,0,20,51,0,71,0,21,53,0,74,8,0,8,82
06/12/2021,CIC,CA,AWP,WE,Federal Contract Tower,0,2,2,0,4,0,16,37,0,53,0,18,39,0,57,44,0,44,101
06/13/2021,CIC,CA,AWP,WE,Federal Contract Tower,0,2,0,0,2,0,2,39,0,41,0,4,39,0,43,28,4,32,75
06/14/2021,CIC,CA,AWP,WE,Federal Contract Tower,0,2,6,0,8,0,11,42,0,53,0,13,48,0,61,32,0,32,93
06/15/2021,CIC,CA,AWP,WE,Federal Contract Tower,0,2,3,0,5,0,11,70,4,85,0,13,73,4,90,32,16,48,138
06/16/2021,CIC,CA,AWP,WE,Federal Contract Tower,0,1,5,0,6,0,20,56,2,78,0,21,61,2,84,58,24,82,166
06/17/2021,CIC,CA,AWP,WE,Federal Contract Tower,0,5,5,1,11,0,32,49,0,81,0,37,54,1,92,20,32,52,144
06/18/2021,CIC,CA,AWP,WE,Federal Contract Tower,0,2,0,0,2,0,12,30,0,42,0,14,30,0,44,18,0,18,62
06/19/2021,CIC,CA,AWP,WE,Federal Contract Tower,0,0,2,0,2,0,8,36,0,44,0,8,38,0,46,26,0,26,72
06/20/2021,CIC,CA,AWP,WE,Federal Contract Tower,0,0,1,0,1,0,21,34,0,55,0,21,35,0,56,18,0,18,74
06/21/2021,CIC,CA,AWP,WE,Federal Contract Tower,0,2,2,0,4,0,22,34,0,56,0,24,36,0,60,68,0,68,128
06/22/2021,CIC,CA,AWP,WE,Federal Contract Tower,0,2,4,0,6,0,13,49,0,62,0,15,53,0,68,22,0,22,90
06/23/2021,CIC,CA,AWP,WE,Federal Contract Tower,0,2,6,0,8,0,11,42,0,53,0,13,48,0,61,18,0,18,79
06/24/2021,CIC,CA,AWP,WE,Federal Contract Tower,0,2,7,0,9,0,16,56,0,72,0,18,63,0,81,32,0,32,113
06/25/2021,CIC,CA,AWP,WE,Federal Contract Tower,0,3,2,2,7,0,8,33,0,41,0,11,35,2,48,8,0,8,56
06/26/2021,CIC,CA,AWP,WE,Federal Contract Tower,0,0,1,0,1,2,16,29,0,47,2,16,30,0,48,34,0,34,82
06/27/2021,CIC,CA,AWP,WE,Federal Contract Tower,0,4,1,0,5,0,13,37,0,50,0,17,38,0,55,20,0,20,75
06/28/2021,CIC,CA,AWP,WE,Federal Contract Tower,0,2,3,0,5,0,14,46,0,60,0,16,49,0,65,30,0,30,95
06/29/2021,CIC,CA,AWP,WE,Federal Contract Tower,0,2,2,1,5,0,11,30,0,41,0,13,32,1,46,6,8,14,60
06/30/2021,CIC,CA,AWP,WE,Federal Contract Tower,0,2,4,0,6,0,12,37,0,49,0,14,41,0,55,38,0,38,93
07/01/2021,CIC,CA,AWP,WE,Federal Contract Tower,0,3,6,0,9,0,18,49,0,67,0,21,55,0,76,22,0,22,98
07/02/2021,CIC,CA,AWP,WE,Federal Contract Tower,0,2,0,0,2,0,29,58,0,87,0,31,58,0,89,46,0,46,135
07/03/2021,CIC,CA,AWP,WE,Federal Contract Tower,0,0,1,0,1,0,13,42,0,55,0,13,43,0,56,32,0,32,88
07/04/2021,CIC,CA,AWP,WE,Federal Contract Tower,0,0,1,0,1,0,28,34,0,62,0,28,35,0,63,26,0,26,89
07/05/2021,CIC,CA,AWP,WE,Federal Contract Tower,0,0,2,0,2,0,8,38,0,46,0,8,40,0,48,22,0,22,70
07/06/2021,CIC,CA,AWP,WE,Federal Contract Tower,0,2,3,0,5,0,21,50,0,71,0,23,53,0,76,36,0,36,112
07/07/2021,CIC,CA,AWP,WE,Federal Contract Tower,0,2,10,0,12,0,9,53,6,68,0,11,63,6,80,36,0,36,116
07/08/2021,CIC,CA,AWP,WE,Federal Contract Tower,0,2,0,0,2,0,6,67,0,73,0,8,67,0,75,30,0,30,105
07/09/2021,CIC,CA,AWP,WE,Federal Contract Tower,0,2,0,0,2,0,7,45,0,52,0,9,45,0,54,12,0,12,66
07/10/2021,CIC,CA,AWP,WE,Federal Contract Tower,0,0,0,0,0,18,72,0,0,90,18,72,0,0,90,10,0,10,100
07/11/2021,CIC,CA,AWP,WE,Federal Contract Tower,0,2,0,0,2,0,36,46,0,82,0,38,46,0,84,0,0,0,84
07/12/2021,CIC,CA,AWP,WE,Federal Contract Tower,0,4,0,4,8,0,20,43,2,65,0,24,43,6,73,8,0,8,81
07/13/2021,CIC,CA,AWP,WE,Federal Contract Tower,0,4,6,0,10,0,25,64,0,89,0,29,70,0,99,20,0,20,119
07/14/2021,CIC,CA,AWP,WE,Federal Contract Tower,0,4,2,0,6,0,150,64,0,214,0,154,66,0,220,10,0,10,230
07/15/2021,CIC,CA,AWP,WE,Federal Contract Tower,0,2,5,0,7,0,58,56,0,114,0,60,61,0,121,0,0,0,121
07/16/2021,CIC,CA,AWP,WE,Federal Contract Tower,0,7,1,0,8,0,74,56,0,130,0,81,57,0,138,24,0,24,162
07/17/2021,CIC,CA,AWP,WE,Federal Contract Tower,0,0,0,0,0,0,42,42,0,84,0,42,42,0,84,10,0,10,94
07/18/2021,CIC,CA,AWP,WE,Federal Contract Tower,0,0,3,0,3,0,65,32,0,97,0,65,35,0,100,44,0,44,144
07/19/2021,CIC,CA,AWP,WE,Federal Contract Tower,0,3,6,0,9,0,105,60,0,165,0,108,66,0,174,8,0,8,182
07/20/2021,CIC,CA,AWP,WE,Federal Contract Tower,0,4,3,0,7,0,111,41,0,152,0,115,44,0,159,28,0,28,187
07/21/2021,CIC,CA,AWP,WE,Federal Contract Tower,0,2,4,0,6,0,64,71,0,135,0,66,75,0,141,4,0,4,145
07/22/2021,CIC,CA,AWP,WE,Federal Contract Tower,0,2,3,0,5,0,59,60,0,119,0,61,63,0,124,30,0,30,154
07/23/2021,CIC,CA,AWP,WE,Federal Contract Tower,0,4,3,0,7,0,7,58,0,65,0,11,61,0,72,2,0,2,74
07/24/2021,CIC,CA,AWP,WE,Federal Contract Tower,0,1,5,0,6,0,3,40,0,43,0,4,45,0,49,28,0,28,77
07/25/2021,CIC,CA,AWP,WE,Federal Contract Tower,0,0,4,0,4,0,6,37,0,43,0,6,41,0,47,8,0,8,55
07/26/2021,CIC,CA,AWP,WE,Federal Contract Tower,0,3,2,0,5,0,42,41,2,85,0,45,43,2,90,20,0,20,110
07/27/2021,CIC,CA,AWP,WE,Federal Contract Tower,0,4,3,0,7,0,26,32,0,58,0,30,35,0,65,10,0,10,75
07/28/2021,CIC,CA,AWP,WE,Federal Contract Tower,0,2,4,0,6,0,26,37,0,63,0,28,41,0,69,0,0,0,69
07/29/2021,CIC,CA,AWP,WE,Federal Contract Tower,0,3,1,0,4,0,6,38,0,44,0,9,39,0,48,8,0,8,56
07/30/2021,CIC,CA,AWP,WE,Federal Contract Tower,0,3,3,0,6,0,8,26,0,34,0,11,29,0,40,14,0,14,54
07/31/2021,CIC,CA,AWP,WE,Federal Contract Tower,0,0,2,0,2,0,6,43,0,49,0,6,45,0,51,26,0,26,77
08/01/2021,CIC,CA,AWP,WE,Federal Contract Tower,0,0,4,0,4,1,6,37,2,46,1,6,41,2,50,30,0,30,80
08/02/2021,CIC,CA,AWP,WE,Federal Contract Tower,0,4,0,0,4,5,19,40,0,64,5,23,40,0,68,6,0,6,74
08/03/2021,CIC,CA,AWP,WE,Federal Contract Tower,0,6,3,0,9,0,46,42,0,88,0,52,45,0,97,40,0,40,137
08/04/2021,CIC,CA,AWP,WE,Federal Contract Tower,0,5,6,0,11,0,14,44,0,58,0,19,50,0,69,8,0,8,77
08/05/2021,CIC,CA,AWP,WE,Federal Contract Tower,0,2,5,0,7,0,35,29,10,74,0,37,34,10,81,42,0,42,123
08/06/2021,CIC,CA,AWP,WE,Federal Contract Tower,0,5,15,0,20,0,4,11,0,15,0,9,26,0,35,12,0,12,47
08/07/2021,CIC,CA,AWP,WE,Federal Contract Tower,0,2,12,0,14,0,0,0,0,0,0,2,12,0,14,0,0,0,14
08/08/2021,CIC,CA,AWP,WE,Federal Contract Tower,0,3,14,1,18,0,7,14,1,22,0,10,28,2,40,6,0,6,46
08/09/2021,CIC,CA,AWP,WE,Federal Contract Tower,0,2,3,0,5,0,35,29,0,64,0,37,32,0,69,4,0,4,73
08/10/2021,CIC,CA,AWP,WE,Federal Contract Tower,0,2,1,0,3,0,26,28,0,54,0,28,29,0,57,34,0,34,91
08/11/2021,CIC,CA,AWP,WE,Federal Contract Tower,2,0,3,0,5,0,14,41,0,55,2,14,44,0,60,18,0,18,78
08/12/2021,CIC,CA,AWP,WE,Federal Contract Tower,0,2,5,0,7,0,23,23,0,46,0,25,28,0,53,26,0,26,79
08/13/2021,CIC,CA,AWP,WE,Federal Contract Tower,0,3,4,0,7,0,34,43,0,77,0,37,47,0,84,34,0,34,118
08/14/2021,CIC,CA,AWP,WE,Federal Contract Tower,0,0,6,0,6,0,24,48,0,72,0,24,54,0,78,27,0,27,105
08/15/2021,CIC,CA,AWP,WE,Federal Contract Tower,0,0,5,0,5,0,12,25,0,37,0,12,30,0,42,0,0,0,42
08/16/2021,CIC,CA,AWP,WE,Federal Contract Tower,0,4,4,0,8,0,11,15,0,26,0,15,19,0,34,12,0,12,46
08/17/2021,CIC,CA,AWP,WE,Federal Contract Tower,0,0,5,0,5,0,5,39,1,45,0,5,44,1,50,30,0,30,80
08/18/2021,CIC,CA,AWP,WE,Federal Contract Tower,0,2,7,0,9,0,7,10,0,17,0,9,17,0,26,0,0,0,26
08/19/2021,CIC,CA,AWP,WE,Federal Contract Tower,0,4,9,0,13,0,5,24,0,29,0,9,33,0,42,14,0,14,56
08/20/2021,CIC,CA,AWP,WE,Federal Contract Tower,0,3,2,0,5,0,5,21,0,26,0,8,23,0,31,14,0,14,45
08/21/2021,CIC,CA,AWP,WE,Federal Contract Tower,0,4,2,0,6,0,7,19,0,26,0,11,21,0,32,0,0,0,32
08/22/2021,CIC,CA,AWP,WE,Federal Contract Tower,0,3,5,0,8,0,9,36,0,45,0,12,41,0,53,48,0,48,101
08/23/2021,CIC,CA,AWP,WE,Federal Contract Tower,0,2,5,0,7,0,8,41,0,49,0,10,46,0,56,34,0,34,90
08/24/2021,CIC,CA,AWP,WE,Federal Contract Tower,0,5,3,0,8,0,13,31,0,44,0,18,34,0,52,16,0,16,68
08/25/2021,CIC,CA,AWP,WE,Federal Contract Tower,0,5,7,1,13,0,15,42,0,57,0,20,49,1,70,38,0,38,108
08/26/2021,CIC,CA,AWP,WE,Federal Contract Tower,0,2,3,1,6,0,8,41,1,50,0,10,44,2,56,28,6,34,90
08/27/2021,CIC,CA,AWP,WE,Federal Contract Tower,0,2,18,1,21,0,5,13,0,18,0,7,31,1,39,8,0,8,47
08/28/2021,CIC,CA,AWP,WE,Federal Contract Tower,0,2,10,0,12,0,3,17,0,20,0,5,27,0,32,16,0,16,48
08/29/2021,CIC,CA,AWP,WE,Federal Contract Tower,0,1,2,0,3,0,14,10,0,24,0,15,12,0,27,4,0,4,31
08/30/2021,CIC,CA,AWP,WE,Federal Contract Tower,0,2,4,1,7,0,32,33,0,65,0,34,37,1,72,0,0,0,72
08/31/2021,CIC,CA,AWP,WE,Federal Contract Tower,0,3,6,0,9,0,32,27,0,59,0,35,33,0,68,20,0,20,88
09/01/2021,CIC,CA,AWP,WE,Federal Contract Tower,0,4,3,0,7,0,32,58,2,92,0,36,61,2,99,16,0,16,115
09/02/2021,CIC,CA,AWP,WE,Federal Contract Tower,0,4,2,0,6,0,33,43,2,78,0,37,45,2,84,16,8,24,108
09/03/2021,CIC,CA,AWP,WE,Federal Contract Tower,0,2,5,0,7,0,16,67,0,83,0,18,72,0,90,44,0,44,134
09/04/2021,CIC,CA,AWP,WE,Federal Contract Tower,0,5,2,0,7,0,18,68,0,86,0,23,70,0,93,14,0,14,107
09/05/2021,CIC,CA,AWP,WE,Federal Contract Tower,0,0,1,6,7,0,22,37,2,61,0,22,38,8,68,22,0,22,90
09/06/2021,CIC,CA,AWP,WE,Federal Contract Tower,0,1,3,0,4,0,31,49,0,80,0,32,52,0,84,6,0,6,90
09/07/2021,CIC,CA,AWP,WE,Federal Contract Tower,0,4,3,0,7,0,45,66,0,111,0,49,69,0,118,58,0,58,176
09/08/2021,CIC,CA,AWP,WE,Federal Contract Tower,3,1,1,0,5,0,28,36,1,65,3,29,37,1,70,62,0,62,132
09/09/2021,CIC,CA,AWP,WE,Federal Contract Tower,0,2,5,0,7,0,22,32,0,54,0,24,37,0,61,30,0,30,91
09/10/2021,CIC,CA,AWP,WE,Federal Contract Tower,0,2,7,0,9,0,12,73,0,85,0,14,80,0,94,28,0,28,122
09/11/2021,CIC,CA,AWP,WE,Federal Contract Tower,0,1,1,0,2,0,19,63,0,82,0,20,64,0,84,18,0,18,102
09/12/2021,CIC,CA,AWP,WE,Federal Contract Tower,0,0,0,0,0,0,11,44,0,55,0,11,44,0,55,20,0,20,75
09/13/2021,CIC,CA,AWP,WE,Federal Contract Tower,0,3,7,0,10,0,11,35,0,46,0,14,42,0,56,12,0,12,68
09/14/2021,CIC,CA,AWP,WE,Federal Contract Tower,0,2,3,0,5,0,15,46,0,61,0,17,49,0,66,40,0,40,106
09/15/2021,CIC,CA,AWP,WE,Federal Contract Tower,0,2,3,0,5,0,7,78,0,85,0,9,81,0,90,34,0,34,124
09/16/2021,CIC,CA,AWP,WE,Federal Contract Tower,0,3,4,1,8,0,8,57,0,65,0,11,61,1,73,24,0,24,97
09/17/2021,CIC,CA,AWP,WE,Federal Contract Tower,0,3,2,0,5,0,8,71,0,79,0,11,73,0,84,54,0,54,138
09/18/2021,CIC,CA,AWP,WE,Federal Contract Tower,0,0,3,0,3,0,10,39,0,49,0,10,42,0,52,32,0,32,84
09/19/2021,CIC,CA,AWP,WE,Federal Contract Tower,0,0,2,0,2,0,10,52,0,62,0,10,54,0,64,6,0,6,70
09/20/2021,CIC,CA,AWP,WE,Federal Contract Tower,0,5,3,0,8,0,11,51,0,62,0,16,54,0,70,6,8,14,84
09/21/2021,CIC,CA,AWP,WE,Federal Contract Tower,0,2,2,0,4,0,10,77,0,87,0,12,79,0,91,30,0,30,121
09/22/2021,CIC,CA,AWP,WE,Federal Contract Tower,0,2,0,0,2,0,13,63,0,76,0,15,63,0,78,54,0,54,132
09/23/2021,CIC,CA,AWP,WE,Federal Contract Tower,0,2,3,0,5,0,64,68,0,132,0,66,71,0,137,10,0,10,147
09/24/2021,CIC,CA,AWP,WE,Federal Contract Tower,0,6,5,0,11,0,28,64,0,92,0,34,69,0,103,44,0,44,147
09/25/2021,CIC,CA,AWP,WE,Federal Contract Tower,0,6,0,0,6,0,16,27,0,43,0,22,27,0,49,6,0,6,55
09/26/2021,CIC,CA,AWP,WE,Federal Contract Tower,0,0,0,0,0,0,9,71,0,80,0,9,71,0,80,32,0,32,112
09/27/2021,CIC,CA,AWP,WE,Federal Contract Tower,0,2,1,0,3,0,6,48,0,54,0,8,49,0,57,44,0,44,101
09/28/2021,CIC,CA,AWP,WE,Federal Contract Tower,0,2,1,0,3,0,4,38,0,42,0,6,39,0,45,22,0,22,67
09/29/2021,CIC,CA,AWP,WE,Federal Contract Tower,0,2,3,0,5,0,13,72,0,85,0,15,75,0,90,36,0,36,126
09/30/2021,CIC,CA,AWP,WE,Federal Contract Tower,0,2,1,0,3,0,4,46,0,50,0,6,47,0,53,34,0,34,87
10/01/2021,CIC,CA,AWP,WE,Federal Contract Tower,0,2,3,0,5,0,17,61,2,80,0,19,64,2,85,32,0,32,117
10/02/2021,CIC,CA,AWP,WE,Federal Contract Tower,0,0,1,4,5,0,15,77,4,96,0,15,78,8,101,26,0,26,127
10/03/2021,CIC,CA,AWP,WE,Federal Contract Tower,0,0,3,0,3,0,4,37,0,41,0,4,40,0,44,10,0,10,54
10/04/2021,CIC,CA,AWP,WE,Federal Contract Tower,0,5,3,0,8,0,11,47,4,62,0,16,50,4,70,20,0,20,90
10/05/2021,CIC,CA,AWP,WE,Federal Contract Tower,0,3,9,0,12,0,9,52,0,61,0,12,61,0,73,30,0,30,103
10/06/2021,CIC,CA,AWP,WE,Federal Contract Tower,0,2,3,0,5,0,20,36,0,56,0,22,39,0,61,8,0,8,69
10/07/2021,CIC,CA,AWP,WE,Federal Contract Tower,0,3,5,0,8,0,7,64,0,71,0,10,69,0,79,52,0,52,131
10/08/2021,CIC,CA,AWP,WE,Federal Contract Tower,0,2,0,0,2,0,15,53,0,68,0,17,53,0,70,50,0,50,120
10/09/2021,CIC,CA,AWP,WE,Federal Contract Tower,0,1,1,0,2,0,11,49,0,60,0,12,50,0,62,52,0,52,114
10/10/2021,CIC,CA,AWP,WE,Federal Contract Tower,0,1,5,0,6,0,6,33,0,39,0,7,38,0,45,40,0,40,85
10/11/2021,CIC,CA,AWP,WE,Federal Contract Tower,0,2,3,0,5,0,18,14,0,32,0,20,17,0,37,14,0,14,51
10/12/2021,CIC,CA,AWP,WE,Federal Contract Tower,0,2,6,0,8,0,10,31,0,41,0,12,37,0,49,2,0,2,51
10/13/2021,CIC,CA,AWP,WE,Federal Contract Tower,0,3,3,0,6,0,15,59,0,74,0,18,62,0,80,30,0,30,110
10/14/2021,CIC,CA,AWP,WE,Federal Contract Tower,0,2,4,0,6,0,26,43,0,69,0,28,47,0,75,22,0,22,97
10/15/2021,CIC,CA,AWP,WE,Federal Contract Tower,0,3,3,0,6,0,10,62,0,72,0,13,65,0,78,62,0,62,140
10/16/2021,CIC,CA,AWP,WE,Federal Contract Tower,0,0,6,0,6,0,7,69,0,76,0,7,75,0,82,18,0,18,100
10/17/2021,CIC,CA,AWP,WE,Federal Contract Tower,0,0,5,0,5,0,8,18,0,26,0,8,23,0,31,4,0,4,35
10/18/2021,CIC,CA,AWP,WE,Federal Contract Tower,0,2,3,0,5,0,8,24,0,32,0,10,27,0,37,38,0,38,75
10/19/2021,CIC,CA,AWP,WE,Federal Contract Tower,0,2,1,0,3,0,7,80,0,87,0,9,81,0,90,44,0,44,134
10/20/2021,CIC,CA,AWP,WE,Federal Contract Tower,0,2,11,0,13,0,4,2,0,6,0,6,13,0,19,0,0,0,19
10/21/2021,CIC,CA,AWP,WE,Federal Contract Tower,0,10,10,0,20,0,3,4,0,7,0,13,14,0,27,0,0,0,27
10/22/2021,CIC,CA,AWP,WE,Federal Contract Tower,0,4,9,0,13,0,3,31,0,34,0,7,40,0,47,18,0,18,65
10/23/2021,CIC,CA,AWP,WE,Federal Contract Tower,0,1,8,0,9,0,8,10,0,18,0,9,18,0,27,4,0,4,31
10/24/2021,CIC,CA,AWP,WE,Federal Contract Tower,0,0,1,0,1,0,0,0,0,0,0,0,1,0,1,0,0,0,1
10/25/2021,CIC,CA,AWP,WE,Federal Contract Tower,0,3,1,0,4,0,14,21,0,35,0,17,22,0,39,14,0,14,53
10/26/2021,CIC,CA,AWP,WE,Federal Contract Tower,0,2,10,0,12,0,7,29,0,36,0,9,39,0,48,24,0,24,72
10/27/2021,CIC,CA,AWP,WE,Federal Contract Tower,0,4,8,0,12,0,11,68,0,79,0,15,76,0,91,44,0,44,135
10/28/2021,CIC,CA,AWP,WE,Federal Contract Tower,0,5,4,0,9,1,9,78,0,88,1,14,82,0,97,28,0,28,125
10/29/2021,CIC,CA,AWP,WE,Federal Contract Tower,0,2,2,0,4,0,9,84,0,93,0,11,86,0,97,100,0,100,197
10/30/2021,CIC,CA,AWP,WE,Federal Contract Tower,0,0,2,0,2,0,4,30,0,34,0,4,32,0,36,46,0,46,82
10/31/2021,CIC,CA,AWP,WE,Federal Contract Tower,0,1,0,0,1,0,6,56,0,62,0,7,56,0,63,72,0,72,135
11/01/2021,CIC,CA,AWP,WE,Federal Contract Tower,0,5,4,0,9,0,0,3,0,3,0,5,7,0,12,0,0,0,12
11/02/2021,CIC,CA,AWP,WE,Federal Contract Tower,0,5,9,1,15,0,12,25,2,39,0,17,34,3,54,8,0,8,62
11/03/2021,CIC,CA,AWP,WE,Federal Contract Tower,0,1,4,1,6,0,10,74,0,84,0,11,78,1,90,30,12,42,132
11/04/2021,CIC,CA,AWP,WE,Federal Contract Tower,0,3,9,0,12,0,6,42,0,48,0,9,51,0,60,10,0,10,70
11/05/2021,CIC,CA,AWP,WE,Federal Contract Tower,0,5,4,5,14,0,10,61,3,74,0,15,65,8,88,30,10,40,128
11/06/2021,CIC,CA,AWP,WE,Federal Contract Tower,0,1,2,1,4,0,3,15,2,20,0,4,17,3,24,0,0,0,24
11/07/2021,CIC,CA,AWP,WE,Federal Contract Tower,0,0,3,0,3,0,18,56,0,74,0,18,59,0,77,14,0,14,91
11/08/2021,CIC,CA,AWP,WE,Federal Contract Tower,0,4,2,2,8,0,3,24,0,27,0,7,26,2,35,4,0,4,39
11/09/2021,CIC,CA,AWP,WE,Federal Contract Tower,0,5,7,0,12,0,0,0,0,0,0,5,7,0,12,0,0,0,12
11/10/2021,CIC,CA,AWP,WE,Federal Contract Tower,0,6,11,0,17,0,8,35,0,43,0,14,46,0,60,0,0,0,60
11/11/2021,CIC,CA,AWP,WE,Federal Contract Tower,0,1,4,0,5,0,10,42,0,52,0,11,46,0,57,30,0,30,87
11/12/2021,CIC,CA,AWP,WE,Federal Contract Tower,0,7,15,0,22,0,0,1,0,1,0,7,16,0,23,0,0,0,23
11/13/2021,CIC,CA,AWP,WE,Federal Contract Tower,0,2,7,0,9,0,8,23,0,31,0,10,30,0,40,38,0,38,78
11/14/2021,CIC,CA,AWP,WE,Federal Contract Tower,0,0,10,0,10,0,4,20,0,24,0,4,30,0,34,2,0,2,36
11/16/2021,CIC,CA,AWP,WE,Federal Contract Tower,0,2,12,0,14,0,14,45,0,59,0,16,57,0,73,18,0,18,91
11/17/2021,CIC,CA,AWP,WE,Federal Contract Tower,0,4,12,1,17,0,10,50,0,60,0,14,62,1,77,20,20,40,117
11/18/2021,CIC,CA,AWP,WE,Federal Contract Tower,0,7,10,0,17,0,12,60,0,72,0,19,70,0,89,26,0,26,115
11/19/2021,CIC,CA,AWP,WE,Federal Contract Tower,0,2,12,0,14,0,2,28,4,34,0,4,40,4,48,0,0,0,48
11/20/2021,CIC,CA,AWP,WE,Federal Contract Tower,0,2,6,0,8,0,34,46,0,80,0,36,52,0,88,70,0,70,158
11/21/2021,CIC,CA,AWP,WE,Federal Contract Tower,0,0,0,0,0,0,2,66,0,68,0,2,66,0,68,64,0,64,132
11/22/2021,CIC,CA,AWP,WE,Federal Contract Tower,0,5,0,0,5,0,5,51,0,56,0,10,51,0,61,26,0,26,87
11/23/2021,CIC,CA,AWP,WE,Federal Contract Tower,0,5,0,2,7,0,21,58,0,79,0,26,58,2,86,16,0,16,102
11/24/2021,CIC,CA,AWP,WE,Federal Contract Tower,0,2,6,0,8,0,10,57,0,67,0,12,63,0,75,26,0,26,101
11/25/2021,CIC,CA,AWP,WE,Federal Contract Tower,0,0,0,0,0,0,12,25,0,37,0,12,25,0,37,12,0,12,49
11/26/2021,CIC,CA,AWP,WE,Federal Contract Tower,0,2,0,0,2,0,2,42,0,44,0,4,42,0,46,18,0,18,64
11/27/2021,CIC,CA,AWP,WE,Federal Contract Tower,0,0,5,0,5,0,3,77,0,80,0,3,82,0,85,12,0,12,97
11/28/2021,CIC,CA,AWP,WE,Federal Contract Tower,0,0,6,0,6,0,1,39,0,40,0,1,45,0,46,14,0,14,60
11/29/2021,CIC,CA,AWP,WE,Federal Contract Tower,0,3,0,0,3,0,13,54,0,67,0,16,54,0,70,14,0,14,84
11/30/2021,CIC,CA,AWP,WE,Federal Contract Tower,0,5,3,0,8,0,19,74,0,93,0,24,77,0,101,58,0,58,159
12/01/2021,CIC,CA,AWP,WE,Federal Contract Tower,0,2,0,0,2,0,5,41,0,46,0,7,41,0,48,12,0,12,60
12/03/2021,CIC,CA,AWP,WE,Federal Contract Tower,0,1,1,2,4,0,11,49,2,62,0,12,50,4,66,16,0,16,82
12/04/2021,CIC,CA,AWP,WE,Federal Contract Tower,0,2,6,0,8,0,2,27,0,29,0,4,33,0,37,10,0,10,47
12/05/2021,CIC,CA,AWP,WE,Federal Contract Tower,0,0,5,0,5,0,0,28,0,28,0,0,33,0,33,0,0,0,33
12/06/2021,CIC,CA,AWP,WE,Federal Contract Tower,0,8,17,0,25,0,0,0,0,0,0,8,17,0,25,0,0,0,25
12/07/2021,CIC,CA,AWP,WE,Federal Contract Tower,0,3,14,0,17,0,6,26,0,32,0,9,40,0,49,16,0,16,65
12/08/2021,CIC,CA,AWP,WE,Federal Contract Tower,0,10,16,0,26,0,0,0,0,0,0,10,16,0,26,0,0,0,26
12/09/2021,CIC,CA,AWP,WE,Federal Contract Tower,0,4,8,0,12,0,17,41,0,58,0,21,49,0,70,46,0,46,116
12/10/2021,CIC,CA,AWP,WE,Federal Contract Tower,0,2,4,0,6,0,18,78,0,96,0,20,82,0,102,62,0,62,164
12/11/2021,CIC,CA,AWP,WE,Federal Contract Tower,0,1,6,0,7,0,7,47,0,54,0,8,53,0,61,64,0,64,125
12/12/2021,CIC,CA,AWP,WE,Federal Contract Tower,0,0,4,0,4,0,0,0,0,0,0,0,4,0,4,0,0,0,4
12/13/2021,CIC,CA,AWP,WE,Federal Contract Tower,0,2,7,0,9,0,0,0,0,0,0,2,7,0,9,0,0,0,9
12/14/2021,CIC,CA,AWP,WE,Federal Contract Tower,0,3,7,0,10,0,21,32,0,53,0,24,39,0,63,10,0,10,73
12/15/2021,CIC,CA,AWP,WE,Federal Contract Tower,0,2,4,0,6,0,6,2,0,8,0,8,6,0,14,0,0,0,14
12/16/2021,CIC,CA,AWP,WE,Federal Contract Tower,0,3,11,0,14,0,3,2,0,5,0,6,13,0,19,0,0,0,19
12/17/2021,CIC,CA,AWP,WE,Federal Contract Tower,0,3,5,0,8,0,12,108,2,122,0,15,113,2,130,66,0,66,196
12/18/2021,CIC,CA,AWP,WE,Federal Contract Tower,0,1,11,0,12,0,0,0,0,0,0,1,11,0,12,0,0,0,12
12/19/2021,CIC,CA,AWP,WE,Federal Contract Tower,0,2,14,0,16,0,0,6,0,6,0,2,20,0,22,22,0,22,44
12/20/2021,CIC,CA,AWP,WE,Federal Contract Tower,0,2,3,0,5,0,2,35,0,37,0,4,38,0,42,30,0,30,72
12/21/2021,CIC,CA,AWP,WE,Federal Contract Tower,0,8,10,0,18,0,0,1,0,1,0,8,11,0,19,0,0,0,19
12/22/2021,CIC,CA,AWP,WE,Federal Contract Tower,0,4,11,0,15,0,0,0,0,0,0,4,11,0,15,0,0,0,15
12/23/2021,CIC,CA,AWP,WE,Federal Contract Tower,0,3,2,0,5,0,4,1,0,5,0,7,3,0,10,0,0,0,10
12/24/2021,CIC,CA,AWP,WE,Federal Contract Tower,0,3,4,0,7,0,12,26,0,38,0,15,30,0,45,20,0,20,65
12/25/2021,CIC,CA,AWP,WE,Federal Contract Tower,0,0,0,0,0,0,2,0,0,2,0,2,0,0,2,0,0,0,2
12/26/2021,CIC,CA,AWP,WE,Federal Contract Tower,0,4,2,0,6,0,8,17,0,25,0,12,19,0,31,4,0,4,35
12/27/2021,CIC,CA,AWP,WE,Federal Contract Tower,0,5,5,0,10,0,10,20,0,30,0,15,25,0,40,24,0,24,64
12/28/2021,CIC,CA,AWP,WE,Federal Contract Tower,0,4,5,0,9,0,3,3,0,6,0,7,8,0,15,0,0,0,15
12/29/2021,CIC,CA,AWP,WE,Federal Contract Tower,0,4,4,0,8,0,4,1,0,5,0,8,5,0,13,0,0,0,13
12/30/2021,CIC,CA,AWP,WE,Federal Contract Tower,0,2,3,0,5,0,7,39,0,46,0,9,42,0,51,28,0,28,79
12/31/2021,CIC,CA,AWP,WE,Federal Contract Tower,0,2,5,0,7,0,4,60,0,64,0,6,65,0,71,58,0,58,129
01/01/2022,CIC,CA,AWP,WE,Federal Contract Tower,0,2,3,0,5,0,4,52,11,67,0,6,55,11,72,24,4,28,100
01/02/2022,CIC,CA,AWP,WE,Federal Contract Tower,0,2,0,0,2,0,2,71,0,73,0,4,71,0,75,50,0,50,125
01/03/2022,CIC,CA,AWP,WE,Federal Contract Tower,0,2,5,0,7,0,6,1,0,7,0,8,6,0,14,0,0,0,14
01/04/2022,CIC,CA,AWP,WE,Federal Contract Tower,0,2,14,0,16,0,7,6,0,13,0,9,20,0,29,0,0,0,29
01/05/2022,CIC,CA,AWP,WE,Federal Contract Tower,0,4,13,0,17,0,6,17,0,23,0,10,30,0,40,26,0,26,66
01/06/2022,CIC,CA,AWP,WE,Federal Contract Tower,0,10,4,0,14,0,0,0,0,0,0,10,4,0,14,0,0,0,14
01/07/2022,CIC,CA,AWP,WE,Federal Contract Tower,0,5,2,0,7,0,1,3,0,4,0,6,5,0,11,6,0,6,17
01/08/2022,CIC,CA,AWP,WE,Federal Contract Tower,0,2,5,0,7,0,0,44,0,44,0,2,49,0,51,10,0,10,61
01/09/2022,CIC,CA,AWP,WE,Federal Contract Tower,0,3,6,0,9,0,8,50,0,58,0,11,56,0,67,20,0,20,87
01/10/2022,CIC,CA,AWP,WE,Federal Contract Tower,0,2,1,0,3,0,2,51,0,53,0,4,52,0,56,27,0,27,83
01/11/2022,CIC,CA,AWP,WE,Federal Contract Tower,0,2,2,0,4,0,7,61,0,68,0,9,63,0,72,32,0,32,104
01/12/2022,CIC,CA,AWP,WE,Federal Contract Tower,0,1,7,0,8,0,6,46,0,52,0,7,53,0,60,46,0,46,106
01/13/2022,CIC,CA,AWP,WE,Federal Contract Tower,0,1,2,0,3,0,3,61,0,64,0,4,63,0,67,50,0,50,117
01/14/2022,CIC,CA,AWP,WE,Federal Contract Tower,0,1,6,0,7,0,5,51,0,56,0,6,57,0,63,0,0,0,63
01/15/2022,CIC,CA,AWP,WE,Federal Contract Tower,0,2,0,0,2,0,15,39,0,54,0,17,39,0,56,20,0,20,76
01/16/2022,CIC,CA,AWP,WE,Federal Contract Tower,0,0,5,0,5,0,2,36,0,38,0,2,41,0,43,18,0,18,61
01/17/2022,CIC,CA,AWP,WE,Federal Contract Tower,0,3,1,0,4,0,14,47,0,61,0,17,48,0,65,24,0,24,89
01/18/2022,CIC,CA,AWP,WE,Federal Contract Tower,0,3,4,0,7,0,4,64,0,68,0,7,68,0,75,38,0,38,113
01/19/2022,CIC,CA,AWP,WE,Federal Contract Tower,0,5,2,0,7,0,10,66,0,76,0,15,68,0,83,6,0,6,89
01/20/2022,CIC,CA,AWP,WE,Federal Contract Tower,0,2,1,0,3,0,4,53,6,63,0,6,54,6,66,12,14,26,92
01/21/2022,CIC,CA,AWP,WE,Federal Contract Tower,0,4,1,0,5,0,12,27,2,41,0,16,28,2,46,28,4,32,78
01/22/2022,CIC,CA,AWP,WE,Federal Contract Tower,0,0,2,0,2,0,4,36,0,40,0,4,38,0,42,32,0,32,74
01/23/2022,CIC,CA,AWP,WE,Federal Contract Tower,0,2,1,0,3,0,1,58,2,61,0,3,59,2,64,28,0,28,92
01/24/2022,CIC,CA,AWP,WE,Federal Contract Tower,0,2,1,0,3,0,13,49,1,63,0,15,50,1,66,4,0,4,70
01/25/2022,CIC,CA,AWP,WE,Federal Contract Tower,0,2,0,0,2,0,5,51,2,58,0,7,51,2,60,14,0,14,74
01/26/2022,CIC,CA,AWP,WE,Federal Contract Tower,0,1,3,4,8,0,9,65,3,77,0,10,68,7,85,6,20,26,111
01/27/2022,CIC,CA,AWP,WE,Federal Contract Tower,0,1,4,2,7,0,14,62,1,77,0,15,66,3,84,6,20,26,110
01/28/2022,CIC,CA,AWP,WE,Federal Contract Tower,0,1,3,1,5,0,13,52,1,66,0,14,55,2,71,32,22,54,125
01/29/2022,CIC,CA,AWP,WE,Federal Contract Tower,0,2,0,0,2,0,69,1,0,70,0,71,1,0,72,6,0,6,78
01/30/2022,CIC,CA,AWP,WE,Federal Contract Tower,0,0,5,0,5,0,6,43,9,58,0,6,48,9,63,10,0,10,73
01/31/2022,CIC,CA,AWP,WE,Federal Contract Tower,0,2,3,0,5,0,4,53,11,68,0,6,56,11,73,24,4,28,101
02/01/2022,CIC,CA,AWP,WE,Federal Contract Tower,0,2,0,0,2,0,6,23,4,33,0,8,23,4,35,10,0,10,45
02/02/2022,CIC,CA,AWP,WE,Federal Contract Tower,0,5,3,0,8,0,11,40,2,53,0,16,43,2,61,2,0,2,63
02/03/2022,CIC,CA,AWP,WE,Federal Contract Tower,0,2,4,0,6,0,3,94,0,97,0,5,98,0,103,86,0,86,189
02/04/2022,CIC,CA,AWP,WE,Federal Contract Tower,0,2,0,0,2,0,11,69,1,81,0,13,69,1,83,28,0,28,111
02/05/2022,CIC,CA,AWP,WE,Federal Contract Tower,0,0,1,0,1,0,1,63,1,65,0,1,64,1,66,6,0,6,72
02/06/2022,CIC,CA,AWP,WE,Federal Contract Tower,0,0,5,0,5,0,14,67,0,81,0,14,72,0,86,46,0,46,132
02/07/2022,CIC,CA,AWP,WE,Federal Contract Tower,0,2,4,0,6,0,2,53,4,59,0,4,57,4,65,18,20,38,103
02/08/2022,CIC,CA,AWP,WE,Federal Contract Tower,0,2,3,0,5,0,13,53,0,66,0,15,56,0,71,8,0,8,79
02/09/2022,CIC,CA,AWP,WE,Federal Contract Tower,0,5,4,0,9,0,4,46,0,50,0,9,50,0,59,18,0,18,77
02/10/2022,CIC,CA,AWP,WE,Federal Contract Tower,0,2,1,0,3,0,4,46,0,50,0,6,47,0,53,48,0,48,101
02/11/2022,CIC,CA,AWP,WE,Federal Contract Tower,0,3,2,0,5,0,8,40,0,48,0,11,42,0,53,12,0,12,65
02/12/2022,CIC,CA,AWP,WE,Federal Contract Tower,0,0,2,0,2,0,12,49,0,61,0,12,51,0,63,12,0,12,75
02/13/2022,CIC,CA,AWP,WE,Federal Contract Tower,0,1,4,0,5,0,0,64,0,64,0,1,68,0,69,56,0,56,125
02/14/2022,CIC,CA,AWP,WE,Federal Contract Tower,0,3,1,0,4,0,5,36,0,41,0,8,37,0,45,0,0,0,45
02/15/2022,CIC,CA,AWP,WE,Federal Contract Tower,0,2,3,0,5,0,16,14,0,30,0,18,17,0,35,6,0,6,41
02/16/2022,CIC,CA,AWP,WE,Federal Contract Tower,0,4,0,0,4,0,27,34,0,61,0,31,34,0,65,6,0,6,71
02/17/2022,CIC,CA,AWP,WE,Federal Contract Tower,0,2,7,0,9,0,5,75,0,80,0,7,82,0,89,28,0,28,117
02/18/2022,CIC,CA,AWP,WE,Federal Contract Tower,0,3,5,2,10,0,11,79,0,90,0,14,84,2,100,60,0,60,160
02/19/2022,CIC,CA,AWP,WE,Federal Contract Tower,0,1,1,0,2,0,7,83,0,90,0,8,84,0,92,18,0,18,110
02/20/2022,CIC,CA,AWP,WE,Federal Contract Tower,0,0,4,0,4,0,11,47,0,58,0,11,51,0,62,30,0,30,92
02/21/2022,CIC,CA,AWP,WE,Federal Contract Tower,0,6,3,0,9,0,10,33,0,43,0,16,36,0,52,6,0,6,58
02/22/2022,CIC,CA,AWP,WE,Federal Contract Tower,0,3,7,0,10,0,9,17,0,26,0,12,24,0,36,6,0,6,42
02/23/2022,CIC,CA,AWP,WE,Federal Contract Tower,0,4,4,0,8,0,18,26,0,44,0,22,30,0,52,36,0,36,88
02/24/2022,CIC,CA,AWP,WE,Federal Contract Tower,0,2,6,0,8,0,17,66,1,84,0,19,72,1,92,36,0,36,128
02/25/2022,CIC,CA,AWP,WE,Federal Contract Tower,0,5,1,0,6,0,10,75,0,85,0,15,76,0,91,26,0,26,117
02/26/2022,CIC,CA,AWP,WE,Federal Contract Tower,0,0,4,0,4,0,14,79,0,93,0,14,83,0,97,32,2,34,131
02/27/2022,CIC,CA,AWP,WE,Federal Contract Tower,0,0,3,0,3,0,8,48,0,56,0,8,51,0,59,44,0,44,103
02/28/2022,CIC,CA,AWP,WE,Federal Contract Tower,0,3,1,0,4,0,13,32,0,45,0,16,33,0,49,6,0,6,55
03/01/2022,CIC,CA,AWP,WE,Federal Contract Tower,0,2,4,0,6,0,16,49,0,65,0,18,53,0,71,16,0,16,87
03/02/2022,CIC,CA,AWP,WE,Federal Contract Tower,0,4,6,0,10,0,13,47,1,61,0,17,53,1,71,14,0,14,85
03/03/2022,CIC,CA,AWP,WE,Federal Contract Tower,0,2,3,0,5,0,9,39,0,48,0,11,42,0,53,18,0,18,71
03/04/2022,CIC,CA,AWP,WE,Federal Contract Tower,0,3,2,0,5,0,26,25,0,51,0,29,27,0,56,36,0,36,92
03/05/2022,CIC,CA,AWP,WE,Federal Contract Tower,0,1,3,0,4,0,22,50,0,72,0,23,53,0,76,18,0,18,94
03/06/2022,CIC,CA,AWP,WE,Federal Contract Tower,0,3,1,0,4,0,9,73,0,82,0,12,74,0,86,28,0,28,114
03/07/2022,CIC,CA,AWP,WE,Federal Contract Tower,0,2,9,0,11,0,9,52,0,61,0,11,61,0,72,10,0,10,82
03/08/2022,CIC,CA,AWP,WE,Federal Contract Tower,0,6,9,0,15,0,19,59,0,78,0,25,68,0,93,38,0,38,131
03/09/2022,CIC,CA,AWP,WE,Federal Contract Tower,0,2,11,0,13,0,37,59,0,96,0,39,70,0,109,26,0,26,135
03/10/2022,CIC,CA,AWP,WE,Federal Contract Tower,0,4,1,0,5,0,37,54,0,91,0,41,55,0,96,38,0,38,134
03/11/2022,CIC,CA,AWP,WE,Federal Contract Tower,0,2,5,0,7,0,37,67,0,104,0,39,72,0,111,32,0,32,143
03/12/2022,CIC,CA,AWP,WE,Federal Contract Tower,0,0,3,0,3,0,27,66,0,93,0,27,69,0,96,18,0,18,114
03/13/2022,CIC,CA,AWP,WE,Federal Contract Tower,0,0,2,0,2,0,17,56,0,73,0,17,58,0,75,26,0,26,101
03/14/2022,CIC,CA,AWP,WE,Federal Contract Tower,0,3,3,0,6,0,31,58,0,89,0,34,61,0,95,38,0,38,133
03/15/2022,CIC,CA,AWP,WE,Federal Contract Tower,0,2,4,2,8,0,7,29,0,36,0,9,33,2,44,16,4,20,64
03/16/2022,CIC,CA,AWP,WE,Federal Contract Tower,0,2,7,0,9,0,19,74,0,93,0,21,81,0,102,64,0,64,166
03/17/2022,CIC,CA,AWP,WE,Federal Contract Tower,0,2,11,4,17,0,29,78,0,107,0,31,89,4,124,20,30,50,174
03/18/2022,CIC,CA,AWP,WE,Federal Contract Tower,0,3,4,0,7,0,16,76,0,92,0,19,80,0,99,14,0,14,113
03/19/2022,CIC,CA,AWP,WE,Federal Contract Tower,0,0,3,0,3,0,7,17,0,24,0,7,20,0,27,22,0,22,49
03/20/2022,CIC,CA,AWP,WE,Federal Contract Tower,0,0,6,0,6,0,15,40,0,55,0,15,46,0,61,26,12,38,99
03/21/2022,CIC,CA,AWP,WE,Federal Contract Tower,0,2,2,0,4,0,21,33,0,54,0,23,35,0,58,4,0,4,62
03/22/2022,CIC,CA,AWP,WE,Federal Contract Tower,0,4,2,0,6,0,2,55,0,57,0,6,57,0,63,19,0,19,82
03/23/2022,CIC,CA,AWP,WE,Federal Contract Tower,0,4,9,0,13,0,4,57,1,62,0,8,66,1,75,56,0,56,131
03/24/2022,CIC,CA,AWP,WE,Federal Contract Tower,0,2,1,0,3,0,9,65,0,74,0,11,66,0,77,44,0,44,121
03/25/2022,CIC,CA,AWP,WE,Federal Contract Tower,0,3,2,0,5,0,9,70,0,79,0,12,72,0,84,66,0,66,150
03/26/2022,CIC,CA,AWP,WE,Federal Contract Tower,0,0,0,0,0,0,19,64,0,83,0,19,64,0,83,28,0,28,111
03/27/2022,CIC,CA,AWP,WE,Federal Contract Tower,0,0,2,0,2,0,2,50,0,52,0,2,52,0,54,28,0,28,82
03/28/2022,CIC,CA,AWP,WE,Federal Contract Tower,0,2,3,1,6,0,19,7,1,27,0,21,10,2,33,0,6,6,39
03/29/2022,CIC,CA,AWP,WE,Federal Contract Tower,0,3,5,3,11,0,12,74,3,89,0,15,79,6,100,50,16,66,166
03/30/2022,CIC,CA,AWP,WE,Federal Contract Tower,0,2,14,0,16,0,18,37,0,55,0,20,51,0,71,38,0,38,109
03/31/2022,CIC,CA,AWP,WE,Federal Contract Tower,0,2,2,0,4,0,4,40,0,44,0,6,42,0,48,54,20,74,122
04/01/2022,CIC,CA,AWP,WE,Federal Contract Tower,0,3,2,0,5,0,4,90,0,94,0,7,92,0,99,40,0,40,139
04/02/2022,CIC,CA,AWP,WE,Federal Contract Tower,0,0,2,0,2,0,8,34,0,42,0,8,36,0,44,12,0,12,56
04/03/2022,CIC,CA,AWP,WE,Federal Contract Tower,0,0,1,0,1,0,17,37,1,55,0,17,38,1,56,12,0,12,68
04/04/2022,CIC,CA,AWP,WE,Federal Contract Tower,0,2,0,4,6,0,11,64,0,75,0,13,64,4,81,18,0,18,99
04/05/2022,CIC,CA,AWP,WE,Federal Contract Tower,0,2,1,0,3,0,21,55,0,76,0,23,56,0,79,30,0,30,109
04/06/2022,CIC,CA,AWP,WE,Federal Contract Tower,0,2,1,0,3,0,7,47,0,54,0,9,48,0,57,4,0,4,61
04/07/2022,CIC,CA,AWP,WE,Federal Contract Tower,0,1,2,0,3,0,9,51,1,61,0,10,53,1,64,26,0,26,90
04/08/2022,CIC,CA,AWP,WE,Federal Contract Tower,0,3,6,0,9,0,13,61,0,74,0,16,67,0,83,38,0,38,121
04/09/2022,CIC,CA,AWP,WE,Federal Contract Tower,0,2,2,0,4,0,3,18,0,21,0,5,20,0,25,0,0,0,25
04/10/2022,CIC,CA,AWP,WE,Federal Contract Tower,0,0,3,0,3,0,19,15,0,34,0,19,18,0,37,0,0,0,37
04/11/2022,CIC,CA,AWP,WE,Federal Contract Tower,0,2,0,0,2,0,18,7,0,25,0,20,7,0,27,0,0,0,27
04/12/2022,CIC,CA,AWP,WE,Federal Contract Tower,0,2,3,2,7,0,34,66,0,100,0,36,69,2,107,46,0,46,153
04/13/2022,CIC,CA,AWP,WE,Federal Contract Tower,0,2,1,0,3,0,42,41,0,83,0,44,42,0,86,16,0,16,102
04/14/2022,CIC,CA,AWP,WE,Federal Contract Tower,0,4,10,0,14,0,12,1,0,13,0,16,11,0,27,0,0,0,27
04/15/2022,CIC,CA,AWP,WE,Federal Contract Tower,0,3,8,0,11,0,35,29,0,64,0,38,37,0,75,10,0,10,85
04/16/2022,CIC,CA,AWP,WE,Federal Contract Tower,0,1,3,0,4,0,11,3,0,14,0,12,6,0,18,0,0,0,18
04/17/2022,CIC,CA,AWP,WE,Federal Contract Tower,0,0,1,0,1,0,35,59,0,94,0,35,60,0,95,22,0,22,117
04/18/2022,CIC,CA,AWP,WE,Federal Contract Tower,0,2,1,0,3,0,18,30,0,48,0,20,31,0,51,22,0,22,73
04/19/2022,CIC,CA,AWP,WE,Federal Contract Tower,0,8,6,0,14,0,27,36,0,63,0,35,42,0,77,22,0,22,99
04/20/2022,CIC,CA,AWP,WE,Federal Contract Tower,0,2,7,0,9,0,0,5,0,5,0,2,12,0,14,0,0,0,14
04/21/2022,CIC,CA,AWP,WE,Federal Contract Tower,0,2,2,0,4,0,12,11,0,23,0,14,13,0,27,0,0,0,27
04/22/2022,CIC,CA,AWP,WE,Federal Contract Tower,0,3,5,0,8,0,9,34,0,43,0,12,39,0,51,18,0,18,69
04/23/2022,CIC,CA,AWP,WE,Federal Contract Tower,0,0,1,0,1,0,13,54,0,67,0,13,55,0,68,36,0,36,104
04/24/2022,CIC,CA,AWP,WE,Federal Contract Tower,0,0,3,0,3,0,3,69,0,72,0,3,72,0,75,18,0,18,93
04/25/2022,CIC,CA,AWP,WE,Federal Contract Tower,0,2,2,0,4,0,11,59,4,74,0,13,61,4,78,2,0,2,80
04/26/2022,CIC,CA,AWP,WE,Federal Contract Tower,0,4,1,0,5,0,11,79,0,90,0,15,80,0,95,52,0,52,147
04/27/2022,CIC,CA,AWP,WE,Federal Contract Tower,0,3,5,0,8,0,8,72,0,80,0,11,77,0,88,28,0,28,116
04/28/2022,CIC,CA,AWP,WE,Federal Contract Tower,0,3,5,0,8,0,11,44,0,55,0,14,49,0,63,12,0,12,75
04/29/2022,CIC,CA,AWP,WE,Federal Contract Tower,0,2,3,0,5,0,16,70,0,86,0,18,73,0,91,0,0,0,91
04/30/2022,CIC,CA,AWP,WE,Federal Contract Tower,0,3,5,0,8,0,9,55,0,64,0,12,60,0,72,2,0,2,74
05/01/2022,CIC,CA,AWP,WE,Federal Contract Tower,0,2,0,0,2,0,6,34,0,40,0,8,34,0,42,0,0,0,42
05/02/2022,CIC,CA,AWP,WE,Federal Contract Tower,0,2,3,0,5,0,8,34,0,42,0,10,37,0,47,0,0,0,47
05/03/2022,CIC,CA,AWP,WE,Federal Contract Tower,0,6,0,1,7,0,57,2,0,59,0,63,2,1,66,24,6,30,96
05/04/2022,CIC,CA,AWP,WE,Federal Contract Tower,0,1,0,0,1,0,9,68,0,77,0,10,68,0,78,32,0,32,110
05/05/2022,CIC,CA,AWP,WE,Federal Contract Tower,0,4,8,0,12,0,3,50,0,53,0,7,58,0,65,10,0,10,75
05/06/2022,CIC,CA,AWP,WE,Federal Contract Tower,0,3,1,0,4,0,4,26,2,32,0,7,27,2,36,48,4,52,88
05/07/2022,CIC,CA,AWP,WE,Federal Contract Tower,0,0,3,0,3,0,10,127,0,137,0,10,130,0,140,28,0,28,168
05/08/2022,CIC,CA,AWP,WE,Federal Contract Tower,0,0,5,0,5,0,7,22,0,29,0,7,27,0,34,8,0,8,42
05/09/2022,CIC,CA,AWP,WE,Federal Contract Tower,0,2,1,0,3,0,6,16,0,22,0,8,17,0,25,2,0,2,27
05/10/2022,CIC,CA,AWP,WE,Federal Contract Tower,0,2,1,0,3,0,7,29,0,36,0,9,30,0,39,32,0,32,71
05/11/2022,CIC,CA,AWP,WE,Federal Contract Tower,0,4,4,0,8,0,8,99,0,107,0,12,103,0,115,24,0,24,139
05/12/2022,CIC,CA,AWP,WE,Federal Contract Tower,0,2,3,0,5,0,13,45,0,58,0,15,48,0,63,24,0,24,87
05/13/2022,CIC,CA,AWP,WE,Federal Contract Tower,0,2,1,0,3,0,21,66,0,87,0,23,67,0,90,68,0,68,158
05/14/2022,CIC,CA,AWP,WE,Federal Contract Tower,0,0,0,0,0,0,3,53,0,56,0,3,53,0,56,32,0,32,88
05/15/2022,CIC,CA,AWP,WE,Federal Contract Tower,0,2,2,2,6,0,6,52,0,58,0,8,54,2,64,12,10,22,86
05/16/2022,CIC,CA,AWP,WE,Federal Contract Tower,0,2,2,0,4,0,14,32,0,46,0,16,34,0,50,0,0,0,50
05/17/2022,CIC,CA,AWP,WE,Federal Contract Tower,0,4,3,0,7,0,16,44,0,60,0,20,47,0,67,22,0,22,89
05/18/2022,CIC,CA,AWP,WE,Federal Contract Tower,0,3,1,0,4,0,4,42,0,46,0,7,43,0,50,24,0,24,74
05/19/2022,CIC,CA,AWP,WE,Federal Contract Tower,0,4,3,0,7,0,19,45,0,64,0,23,48,0,71,12,0,12,83
05/20/2022,CIC,CA,AWP,WE,Federal Contract Tower,0,2,3,0,5,0,61,51,0,112,0,63,54,0,117,64,0,64,181
05/21/2022,CIC,CA,AWP,WE,Federal Contract Tower,0,1,1,0,2,0,15,55,0,70,0,16,56,0,72,38,0,38,110
05/22/2022,CIC,CA,AWP,WE,Federal Contract Tower,0,1,0,0,1,0,4,68,0,72,0,5,68,0,73,38,0,38,111
05/23/2022,CIC,CA,AWP,WE,Federal Contract Tower,0,2,2,0,4,0,14,37,0,51,0,16,39,0,55,22,0,22,77
05/24/2022,CIC,CA,AWP,WE,Federal Contract Tower,0,1,3,0,4,0,34,31,2,67,0,35,34,2,71,42,0,42,113
05/25/2022,CIC,CA,AWP,WE,Federal Contract Tower,0,2,4,0,6,0,11,66,0,77,0,13,70,0,83,26,0,26,109
05/26/2022,CIC,CA,AWP,WE,Federal Contract Tower,0,2,7,0,9,0,17,67,2,86,0,19,74,2,95,58,0,58,153
05/27/2022,CIC,CA,AWP,WE,Federal Contract Tower,0,3,9,0,12,0,18,52,4,74,0,21,61,4,86,12,0,12,98
05/28/2022,CIC,CA,AWP,WE,Federal Contract Tower,0,3,0,0,3,0,14,29,0,43,0,17,29,0,46,0,0,0,46
05/29/2022,CIC,CA,AWP,WE,Federal Contract Tower,0,3,2,0,5,0,14,18,0,32,0,17,20,0,37,20,0,20,57
05/30/2022,CIC,CA,AWP,WE,Federal Contract Tower,0,1,1,0,2,0,10,25,0,35,0,11,26,0,37,16,0,16,53
05/31/2022,CIC,CA,AWP,WE,Federal Contract Tower,0,2,0,0,2,0,11,43,0,54,0,13,43,0,56,46,0,46,102
06/01/2022,CIC,CA,AWP,WE,Federal Contract Tower,0,4,1,0,5,0,8,74,0,82,0,12,75,0,87,20,0,20,107
06/02/2022,CIC,CA,AWP,WE,Federal Contract Tower,0,4,5,0,9,0,6,61,3,70,0,10,66,3,79,46,0,46,125
06/03/2022,CIC,CA,AWP,WE,Federal Contract Tower,0,4,2,0,6,0,14,50,0,64,0,18,52,0,70,4,0,4,74
06/04/2022,CIC,CA,AWP,WE,Federal Contract Tower,0,1,4,0,5,0,18,37,2,57,0,19,41,2,62,54,0,54,116
06/05/2022,CIC,CA,AWP,WE,Federal Contract Tower,0,2,1,0,3,0,3,7,0,10,0,5,8,0,13,0,0,0,13
06/06/2022,CIC,CA,AWP,WE,Federal Contract Tower,0,4,6,0,10,0,18,38,0,56,0,22,44,0,66,0,0,0,66
06/07/2022,CIC,CA,AWP,WE,Federal Contract Tower,0,4,3,0,7,0,13,44,0,57,0,17,47,0,64,12,0,12,76
06/08/2022,CIC,CA,AWP,WE,Federal Contract Tower,0,4,2,1,7,0,5,71,0,76,0,9,73,1,83,10,0,10,93
06/09/2022,CIC,CA,AWP,WE,Federal Contract Tower,0,2,3,0,5,0,18,53,0,71,0,20,56,0,76,18,0,18,94
06/10/2022,CIC,CA,AWP,WE,Federal Contract Tower,0,2,5,0,7,0,120,29,0,149,0,122,34,0,156,8,0,8,164
06/11/2022,CIC,CA,AWP,WE,Federal Contract Tower,0,0,4,0,4,0,42,43,0,85,0,42,47,0,89,2,0,2,91
06/12/2022,CIC,CA,AWP,WE,Federal Contract Tower,0,0,3,0,3,0,0,29,0,29,0,0,32,0,32,0,0,0,32
06/13/2022,CIC,CA,AWP,WE,Federal Contract Tower,0,2,1,0,3,0,66,45,0,111,0,68,46,0,114,20,0,20,134
06/14/2022,CIC,CA,AWP,WE,Federal Contract Tower,0,2,4,1,7,0,26,41,1,68,0,28,45,2,75,16,18,34,109
06/15/2022,CIC,CA,AWP,WE,Federal Contract Tower,0,2,3,1,6,0,30,63,1,94,0,32,66,2,100,38,20,58,158
06/16/2022,CIC,CA,AWP,WE,Federal Contract Tower,0,3,2,0,5,0,13,59,2,74,0,16,61,2,79,8,0,8,87
06/17/2022,CIC,CA,AWP,WE,Federal Contract Tower,0,2,3,0,5,0,15,67,0,82,0,17,70,0,87,18,0,18,105
06/18/2022,CIC,CA,AWP,WE,Federal Contract Tower,0,2,1,0,3,0,16,63,0,79,0,18,64,0,82,44,0,44,126
06/19/2022,CIC,CA,AWP,WE,Federal Contract Tower,0,0,2,0,2,0,10,60,0,70,0,10,62,0,72,10,0,10,82
06/20/2022,CIC,CA,AWP,WE,Federal Contract Tower,0,2,1,0,3,0,24,32,0,56,0,26,33,0,59,0,0,0,59
06/21/2022,CIC,CA,AWP,WE,Federal Contract Tower,0,2,5,0,7,0,2,40,2,44,0,4,45,2,51,28,20,48,99
06/22/2022,CIC,CA,AWP,WE,Federal Contract Tower,0,2,2,0,4,0,14,28,0,42,0,16,30,0,46,20,0,20,66
06/23/2022,CIC,CA,AWP,WE,Federal Contract Tower,0,2,4,4,10,0,16,53,0,69,0,18,57,4,79,46,0,46,125
06/24/2022,CIC,CA,AWP,WE,Federal Contract Tower,0,1,1,0,2,0,14,42,0,56,0,15,43,0,58,34,0,34,92
06/25/2022,CIC,CA,AWP,WE,Federal Contract Tower,0,0,0,0,0,0,12,67,0,79,0,12,67,0,79,32,0,32,111
06/26/2022,CIC,CA,AWP,WE,Federal Contract Tower,0,0,0,0,0,0,13,47,2,62,0,13,47,2,62,18,0,18,80
06/27/2022,CIC,CA,AWP,WE,Federal Contract Tower,0,2,1,0,3,0,6,35,0,41,0,8,36,0,44,12,0,12,56
06/28/2022,CIC,CA,AWP,WE,Federal Contract Tower,0,2,0,1,3,0,38,37,2,77,0,40,37,3,80,16,0,16,96
06/29/2022,CIC,CA,AWP,WE,Federal Contract Tower,0,1,10,2,13,0,32,38,2,72,0,33,48,4,85,30,2,32,117
06/30/2022,CIC,CA,AWP,WE,Federal Contract Tower,0,8,1,0,9,0,37,58,0,95,0,45,59,0,104,24,0,24,128
07/01/2022,CIC,CA,AWP,WE,Federal Contract Tower,0,4,4,0,8,0,19,67,0,86,0,23,71,0,94,24,0,24,118
07/02/2022,CIC,CA,AWP,WE,Federal Contract Tower,0,0,1,0,1,0,12,45,0,57,0,12,46,0,58,14,0,14,72
07/03/2022,CIC,CA,AWP,WE,Federal Contract Tower,0,0,3,0,3,0,6,24,0,30,0,6,27,0,33,24,0,24,57
07/04/2022,CIC,CA,AWP,WE,Federal Contract Tower,0,2,0,0,2,0,13,37,0,50,0,15,37,0,52,4,0,4,56
07/05/2022,CIC,CA,AWP,WE,Federal Contract Tower,0,2,5,0,7,0,14,30,0,44,0,16,35,0,51,46,0,46,97
07/06/2022,CIC,CA,AWP,WE,Federal Contract Tower,0,1,1,0,2,0,13,31,10,54,0,14,32,10,56,8,10,18,74
07/07/2022,CIC,CA,AWP,WE,Federal Contract Tower,0,2,5,2,9,0,11,47,0,58,0,13,52,2,67,6,0,6,73
07/08/2022,CIC,CA,AWP,WE,Federal Contract Tower,0,2,7,0,9,0,37,61,0,98,0,39,68,0,107,16,0,16,123
07/09/2022,CIC,CA,AWP,WE,Federal Contract Tower,0,0,1,0,1,0,21,57,0,78,0,21,58,0,79,12,0,12,91
07/10/2022,CIC,CA,AWP,WE,Federal Contract Tower,0,0,4,0,4,0,12,40,0,52,0,12,44,0,56,60,0,60,116
07/11/2022,CIC,CA,AWP,WE,Federal Contract Tower,0,1,8,0,9,0,14,58,0,72,0,15,66,0,81,50,0,50,131
07/12/2022,CIC,CA,AWP,WE,Federal Contract Tower,0,4,1,0,5,0,17,37,0,54,0,21,38,0,59,16,0,16,75
07/13/2022,CIC,CA,AWP,WE,Federal Contract Tower,0,4,6,0,10,0,18,58,0,76,0,22,64,0,86,20,0,20,106
07/14/2022,CIC,CA,AWP,WE,Federal Contract Tower,0,2,3,2,7,0,18,57,2,77,0,20,60,4,84,26,0,26,110
07/15/2022,CIC,CA,AWP,WE,Federal Contract Tower,0,3,0,0,3,0,15,58,0,73,0,18,58,0,76,36,0,36,112
07/16/2022,CIC,CA,AWP,WE,Federal Contract Tower,0,0,3,0,3,0,53,48,0,101,0,53,51,0,104,10,0,10,114
07/17/2022,CIC,CA,AWP,WE,Federal Contract Tower,0,0,1,0,1,0,17,42,0,59,0,17,43,0,60,28,0,28,88
07/18/2022,CIC,CA,AWP,WE,Federal Contract Tower,0,2,2,0,4,0,17,50,0,67,0,19,52,0,71,38,0,38,109
07/19/2022,CIC,CA,AWP,WE,Federal Contract Tower,0,4,5,0,9,0,19,67,0,86,0,23,72,0,95,12,0,12,107
07/20/2022,CIC,CA,AWP,WE,Federal Contract Tower,0,2,4,0,6,0,20,43,0,63,0,22,47,0,69,18,0,18,87
07/21/2022,CIC,CA,AWP,WE,Federal Contract Tower,0,2,5,1,8,0,15,43,1,59,0,17,48,2,67,12,0,12,79
07/22/2022,CIC,CA,AWP,WE,Federal Contract Tower,0,3,1,0,4,0,14,41,0,55,0,17,42,0,59,20,0,20,79
07/23/2022,CIC,CA,AWP,WE,Federal Contract Tower,0,0,2,0,2,0,14,50,0,64,0,14,52,0,66,22,0,22,88
07/24/2022,CIC,CA,AWP,WE,Federal Contract Tower,0,1,3,0,4,0,8,49,0,57,0,9,52,0,61,14,0,14,75
07/25/2022,CIC,CA,AWP,WE,Federal Contract Tower,0,2,3,0,5,0,37,67,0,104,0,39,70,0,109,10,0,10,119
07/26/2022,CIC,CA,AWP,WE,Federal Contract Tower,0,2,1,4,7,0,10,41,0,51,0,12,42,4,58,10,0,10,68
07/27/2022,CIC,CA,AWP,WE,Federal Contract Tower,0,3,8,0,11,0,34,34,0,68,0,37,42,0,79,18,0,18,97
07/28/2022,CIC,CA,AWP,WE,Federal Contract Tower,0,3,7,3,13,0,17,36,3,56,0,20,43,6,69,48,8,56,125
07/29/2022,CIC,CA,AWP,WE,Federal Contract Tower,0,3,4,0,7,0,20,46,0,66,0,23,50,0,73,8,0,8,81
07/30/2022,CIC,CA,AWP,WE,Federal Contract Tower,0,0,2,0,2,0,15,54,0,69,0,15,56,0,71,0,0,0,71
07/31/2022,CIC,CA,AWP,WE,Federal Contract Tower,0,0,3,0,3,0,3,21,0,24,0,3,24,0,27,8,0,8,35
08/01/2022,CIC,CA,AWP,WE,Federal Contract Tower,0,2,4,0,6,0,2,53,0,55,0,4,57,0,61,6,0,6,67
08/02/2022,CIC,CA,AWP,WE,Federal Contract Tower,0,2,3,0,5,0,3,55,0,58,0,5,58,0,63,26,0,26,89
08/03/2022,CIC,CA,AWP,WE,Federal Contract Tower,0,4,4,0,8,0,3,45,0,48,0,7,49,0,56,16,0,16,72
08/04/2022,CIC,CA,AWP,WE,Federal Contract Tower,0,1,3,0,4,0,13,58,0,71,0,14,61,0,75,50,0,50,125
08/05/2022,CIC,CA,AWP,WE,Federal Contract Tower,0,2,1,0,3,0,27,46,0,73,0,29,47,0,76,26,0,26,102
08/06/2022,CIC,CA,AWP,WE,Federal Contract Tower,0,0,4,0,4,0,12,35,0,47,0,12,39,0,51,20,0,20,71
08/07/2022,CIC,CA,AWP,WE,Federal Contract Tower,0,2,4,0,6,0,8,54,2,64,0,10,58,2,70,34,0,34,104
08/08/2022,CIC,CA,AWP,WE,Federal Contract Tower,0,6,5,0,11,0,17,57,0,74,0,23,62,0,85,30,0,30,115
08/09/2022,CIC,CA,AWP,WE,Federal Contract Tower,0,4,1,0,5,0,14,44,0,58,0,18,45,0,63,48,0,48,111
08/10/2022,CIC,CA,AWP,WE,Federal Contract Tower,0,2,0,0,2,0,11,46,0,57,0,13,46,0,59,4,0,4,63
08/11/2022,CIC,CA,AWP,WE,Federal Contract Tower,0,2,4,0,6,0,29,66,0,95,0,31,70,0,101,16,0,16,117
08/12/2022,CIC,CA,AWP,WE,Federal Contract Tower,0,5,1,0,6,0,5,50,0,55,0,10,51,0,61,80,0,80,141
08/13/2022,CIC,CA,AWP,WE,Federal Contract Tower,0,0,1,0,1,0,0,33,0,33,0,0,34,0,34,26,0,26,60
08/14/2022,CIC,CA,AWP,WE,Federal Contract Tower,0,2,0,0,2,0,6,43,0,49,0,8,43,0,51,56,0,56,107
08/15/2022,CIC,CA,AWP,WE,Federal Contract Tower,0,4,6,0,10,0,7,36,0,43,0,11,42,0,53,6,0,6,59
08/16/2022,CIC,CA,AWP,WE,Federal Contract Tower,0,2,7,0,9,0,14,34,0,48,0,16,41,0,57,18,0,18,75
08/17/2022,CIC,CA,AWP,WE,Federal Contract Tower,0,2,6,0,8,0,6,34,0,40,0,8,40,0,48,22,0,22,70
08/18/2022,CIC,CA,AWP,WE,Federal Contract Tower,0,0,1,0,1,0,9,25,0,34,0,9,26,0,35,2,0,2,37
08/19/2022,CIC,CA,AWP,WE,Federal Contract Tower,0,2,1,0,3,0,16,50,0,66,0,18,51,0,69,30,0,30,99
08/20/2022,CIC,CA,AWP,WE,Federal Contract Tower,0,3,3,0,6,0,13,45,0,58,0,16,48,0,64,20,0,20,84
08/21/2022,CIC,CA,AWP,WE,Federal Contract Tower,0,0,0,0,0,0,2,43,0,45,0,2,43,0,45,8,0,8,53
08/22/2022,CIC,CA,AWP,WE,Federal Contract Tower,0,4,3,0,7,0,14,42,0,56,0,18,45,0,63,6,0,6,69
08/23/2022,CIC,CA,AWP,WE,Federal Contract Tower,0,5,4,0,9,0,29,59,0,88,0,34,63,0,97,14,0,14,111
08/24/2022,CIC,CA,AWP,WE,Federal Contract Tower,0,2,0,0,2,0,35,42,0,77,0,37,42,0,79,0,0,0,79
08/25/2022,CIC,CA,AWP,WE,Federal Contract Tower,0,7,6,0,13,0,9,44,0,53,0,16,50,0,66,22,0,22,88
08/26/2022,CIC,CA,AWP,WE,Federal Contract Tower,0,2,4,0,6,0,15,35,0,50,0,17,39,0,56,46,0,46,102
08/27/2022,CIC,CA,AWP,WE,Federal Contract Tower,0,0,1,0,1,0,5,53,0,58,0,5,54,0,59,70,0,70,129
08/28/2022,CIC,CA,AWP,WE,Federal Contract Tower,0,0,1,0,1,0,15,50,0,65,0,15,51,0,66,46,0,46,112
08/29/2022,CIC,CA,AWP,WE,Federal Contract Tower,0,2,1,0,3,0,9,33,0,42,0,11,34,0,45,46,0,46,91
08/30/2022,CIC,CA,AWP,WE,Federal Contract Tower,0,3,1,0,4,0,20,27,0,47,0,23,28,0,51,16,0,16,67
08/31/2022,CIC,CA,AWP,WE,Federal Contract Tower,0,5,5,0,10,0,9,51,0,60,0,14,56,0,70,22,0,22,92
09/01/2022,CIC,CA,AWP,WE,Federal Contract Tower,0,2,1,0,3,0,25,55,0,80,0,27,56,0,83,10,0,10,93
09/02/2022,CIC,CA,AWP,WE,Federal Contract Tower,0,2,2,0,4,0,22,57,0,79,0,24,59,0,83,18,0,18,101
09/03/2022,CIC,CA,AWP,WE,Federal Contract Tower,0,0,0,0,0,0,12,25,0,37,0,12,25,0,37,12,0,12,49
09/04/2022,CIC,CA,AWP,WE,Federal Contract Tower,0,0,0,0,0,0,8,26,2,36,0,8,26,2,36,4,0,4,40
09/05/2022,CIC,CA,AWP,WE,Federal Contract Tower,0,0,0,0,0,0,8,32,0,40,0,8,32,0,40,12,0,12,52
09/06/2022,CIC,CA,AWP,WE,Federal Contract Tower,0,4,2,0,6,0,21,21,0,42,0,25,23,0,48,6,0,6,54
09/07/2022,CIC,CA,AWP,WE,Federal Contract Tower,0,5,3,0,8,0,16,32,0,48,0,21,35,0,56,34,0,34,90
09/08/2022,CIC,CA,AWP,WE,Federal Contract Tower,0,3,7,1,11,0,19,37,2,58,0,22,44,3,69,2,6,8,77
09/09/2022,CIC,CA,AWP,WE,Federal Contract Tower,0,2,0,0,2,0,19,34,0,53,0,21,34,0,55,38,0,38,93
09/10/2022,CIC,CA,AWP,WE,Federal Contract Tower,0,2,9,0,11,0,24,19,2,45,0,26,28,2,56,6,0,6,62
09/11/2022,CIC,CA,AWP,WE,Federal Contract Tower,0,3,6,0,9,0,13,28,0,41,0,16,34,0,50,0,0,0,50
09/12/2022,CIC,CA,AWP,WE,Federal Contract Tower,0,3,4,2,9,0,16,38,0,54,0,19,42,2,63,32,0,32,95
09/13/2022,CIC,CA,AWP,WE,Federal Contract Tower,0,4,0,0,4,0,35,29,0,64,0,39,29,0,68,4,14,18,86
09/14/2022,CIC,CA,AWP,WE,Federal Contract Tower,0,2,2,1,5,0,18,67,1,86,0,20,69,2,91,42,16,58,149
09/15/2022,CIC,CA,AWP,WE,Federal Contract Tower,0,2,4,0,6,0,18,49,1,68,0,20,53,1,74,40,0,40,114
09/16/2022,CIC,CA,AWP,WE,Federal Contract Tower,0,3,5,3,11,0,21,80,0,101,0,24,85,3,112,16,0,16,128
09/17/2022,CIC,CA,AWP,WE,Federal Contract Tower,0,2,6,0,8,0,12,51,0,63,0,14,57,0,71,34,0,34,105
09/18/2022,CIC,CA,AWP,WE,Federal Contract Tower,0,4,5,0,9,0,13,10,0,23,0,17,15,0,32,6,0,6,38
09/19/2022,CIC,CA,AWP,WE,Federal Contract Tower,0,10,6,2,18,0,6,35,0,41,0,16,41,2,59,10,0,10,69
09/20/2022,CIC,CA,AWP,WE,Federal Contract Tower,0,7,12,0,19,0,15,10,0,25,0,22,22,0,44,14,0,14,58
09/21/2022,CIC,CA,AWP,WE,Federal Contract Tower,0,4,5,2,11,0,14,39,4,57,0,18,44,6,68,60,0,60,128
09/22/2022,CIC,CA,AWP,WE,Federal Contract Tower,0,6,0,0,6,0,18,69,0,87,0,24,69,0,93,36,0,36,129
09/23/2022,CIC,CA,AWP,WE,Federal Contract Tower,0,2,4,0,6,0,11,77,0,88,0,13,81,0,94,50,0,50,144
09/24/2022,CIC,CA,AWP,WE,Federal Contract Tower,0,2,1,0,3,0,5,27,0,32,0,7,28,0,35,42,0,42,77
09/25/2022,CIC,CA,AWP,WE,Federal Contract Tower,0,0,4,0,4,0,12,40,0,52,0,12,44,0,56,52,0,52,108
09/26/2022,CIC,CA,AWP,WE,Federal Contract Tower,0,3,2,0,5,0,19,76,0,95,0,22,78,0,100,30,0,30,130
09/27/2022,CIC,CA,AWP,WE,Federal Contract Tower,0,2,4,0,6,0,20,60,0,80,0,22,64,0,86,30,0,30,116
09/28/2022,CIC,CA,AWP,WE,Federal Contract Tower,0,1,3,0,4,0,22,69,0,91,0,23,72,0,95,76,0,76,171
09/29/2022,CIC,CA,AWP,WE,Federal Contract Tower,0,3,11,1,15,0,20,61,2,83,0,23,72,3,98,2,0,2,100
09/30/2022,CIC,CA,AWP,WE,Federal Contract Tower,0,4,2,0,6,0,20,65,0,85,0,24,67,0,91,54,0,54,145
10/01/2022,CIC,CA,AWP,WE,Federal Contract Tower,0,2,5,0,7,0,4,53,0,57,0,6,58,0,64,62,0,62,126
10/02/2022,CIC,CA,AWP,WE,Federal Contract Tower,0,2,2,0,4,0,10,60,0,70,0,12,62,0,74,18,0,18,92
10/03/2022,CIC,CA,AWP,WE,Federal Contract Tower,0,3,4,0,7,1,11,57,0,69,1,14,61,0,76,24,0,24,100
10/04/2022,CIC,CA,AWP,WE,Federal Contract Tower,0,2,1,0,3,9,12,64,1,86,9,14,65,1,89,42,0,42,131
10/05/2022,CIC,CA,AWP,WE,Federal Contract Tower,0,0,6,2,8,0,10,56,2,68,0,10,62,4,76,24,12,36,112
10/06/2022,CIC,CA,AWP,WE,Federal Contract Tower,0,4,3,0,7,0,13,72,0,85,0,17,75,0,92,34,0,34,126
10/07/2022,CIC,CA,AWP,WE,Federal Contract Tower,0,2,5,0,7,0,3,98,0,101,0,5,103,0,108,46,0,46,154
10/08/2022,CIC,CA,AWP,WE,Federal Contract Tower,0,0,5,0,5,0,8,36,0,44,0,8,41,0,49,10,0,10,59
10/09/2022,CIC,CA,AWP,WE,Federal Contract Tower,0,0,4,0,4,0,11,53,0,64,0,11,57,0,68,12,0,12,80
10/10/2022,CIC,CA,AWP,WE,Federal Contract Tower,0,4,4,0,8,0,14,37,8,59,0,18,41,8,67,16,0,16,83
10/11/2022,CIC,CA,AWP,WE,Federal Contract Tower,0,6,3,0,9,0,17,62,8,87,0,23,65,8,96,40,0,40,136
10/12/2022,CIC,CA,AWP,WE,Federal Contract Tower,0,5,3,0,8,0,18,62,0,80,0,23,65,0,88,52,0,52,140
10/13/2022,CIC,CA,AWP,WE,Federal Contract Tower,0,3,2,0,5,0,12,53,0,65,0,15,55,0,70,14,0,14,84
10/14/2022,CIC,CA,AWP,WE,Federal Contract Tower,0,4,2,0,6,0,17,78,0,95,0,21,80,0,101,6,0,6,107
10/15/2022,CIC,CA,AWP,WE,Federal Contract Tower,0,0,1,0,1,0,15,52,0,67,0,15,53,0,68,22,0,22,90
10/16/2022,CIC,CA,AWP,WE,Federal Contract Tower,0,0,6,0,6,0,26,53,0,79,0,26,59,0,85,32,0,32,117
10/17/2022,CIC,CA,AWP,WE,Federal Contract Tower,0,4,5,0,9,0,12,51,0,63,0,16,56,0,72,26,0,26,98
10/18/2022,CIC,CA,AWP,WE,Federal Contract Tower,0,2,2,0,4,0,11,60,0,71,0,13,62,0,75,48,0,48,123
10/19/2022,CIC,CA,AWP,WE,Federal Contract Tower,0,2,1,0,3,0,18,70,0,88,0,20,71,0,91,70,0,70,161
10/20/2022,CIC,CA,AWP,WE,Federal Contract Tower,0,2,6,0,8,0,20,73,1,94,0,22,79,1,102,66,0,66,168
10/21/2022,CIC,CA,AWP,WE,Federal Contract Tower,0,2,2,0,4,0,18,55,0,73,0,20,57,0,77,16,0,16,93
10/22/2022,CIC,CA,AWP,WE,Federal Contract Tower,0,0,3,0,3,0,11,23,0,34,0,11,26,0,37,26,0,26,63
10/23/2022,CIC,CA,AWP,WE,Federal Contract Tower,0,4,1,0,5,0,14,24,0,38,0,18,25,0,43,4,0,4,47
10/24/2022,CIC,CA,AWP,WE,Federal Contract Tower,0,2,2,0,4,0,10,48,0,58,0,12,50,0,62,76,0,76,138
10/25/2022,CIC,CA,AWP,WE,Federal Contract Tower,0,4,4,0,8,0,12,50,0,62,0,16,54,0,70,32,0,32,102
10/26/2022,CIC,CA,AWP,WE,Federal Contract Tower,0,5,12,0,17,0,16,54,0,70,0,21,66,0,87,36,0,36,123
10/27/2022,CIC,CA,AWP,WE,Federal Contract Tower,0,3,0,0,3,0,5,54,0,59,0,8,54,0,62,0,0,0,62
10/28/2022,CIC,CA,AWP,WE,Federal Contract Tower,0,1,2,0,3,0,11,62,0,73,0,12,64,0,76,20,0,20,96
10/29/2022,CIC,CA,AWP,WE,Federal Contract Tower,0,0,2,0,2,0,14,53,0,67,0,14,55,0,69,26,0,26,95
10/30/2022,CIC,CA,AWP,WE,Federal Contract Tower,0,3,3,0,6,0,5,74,0,79,0,8,77,0,85,14,0,14,99
10/31/2022,CIC,CA,AWP,WE,Federal Contract Tower,0,2,2,0,4,0,10,56,0,66,0,12,58,0,70,102,0,102,172
11/01/2022,CIC,CA,AWP,WE,Federal Contract Tower,0,4,8,0,12,0,10,7,0,17,0,14,15,0,29,0,0,0,29
11/02/2022,CIC,CA,AWP,WE,Federal Contract Tower,0,0,5,0,5,0,15,45,0,60,0,15,50,0,65,34,0,34,99
11/03/2022,CIC,CA,AWP,WE,Federal Contract Tower,0,2,9,0,11,0,18,67,2,87,0,20,76,2,98,40,18,58,156
11/04/2022,CIC,CA,AWP,WE,Federal Contract Tower,0,4,5,0,9,0,18,68,0,86,0,22,73,0,95,24,0,24,119
11/05/2022,CIC,CA,AWP,WE,Federal Contract Tower,0,1,4,0,5,0,11,3,0,14,0,12,7,0,19,10,0,10,29
11/06/2022,CIC,CA,AWP,WE,Federal Contract Tower,0,3,12,0,15,0,9,5,0,14,0,12,17,0,29,2,0,2,31
11/07/2022,CIC,CA,AWP,WE,Federal Contract Tower,0,2,5,0,7,0,7,6,0,13,0,9,11,0,20,2,0,2,22
11/08/2022,CIC,CA,AWP,WE,Federal Contract Tower,0,3,4,0,7,0,2,0,0,2,0,5,4,0,9,0,0,0,9
11/09/2022,CIC,CA,AWP,WE,Federal Contract Tower,0,4,8,1,13,0,12,21,0,33,0,16,29,1,46,30,0,30,76
11/10/2022,CIC,CA,AWP,WE,Federal Contract Tower,0,1,4,0,5,0,10,72,9,91,0,11,76,9,96,36,2,38,134
11/11/2022,CIC,CA,AWP,WE,Federal Contract Tower,0,2,4,0,6,0,9,73,0,82,0,11,77,0,88,68,0,68,156
11/12/2022,CIC,CA,AWP,WE,Federal Contract Tower,0,2,1,0,3,19,34,0,0,53,19,36,1,0,56,8,0,8,64
11/13/2022,CIC,CA,AWP,WE,Federal Contract Tower,0,3,4,0,7,0,20,44,0,64,0,23,48,0,71,48,0,48,119
11/14/2022,CIC,CA,AWP,WE,Federal Contract Tower,0,5,5,0,10,0,11,56,0,67,0,16,61,0,77,16,0,16,93
11/15/2022,CIC,CA,AWP,WE,Federal Contract Tower,0,3,5,2,10,0,17,45,0,62,0,20,50,2,72,18,0,18,90
11/16/2022,CIC,CA,AWP,WE,Federal Contract Tower,0,2,3,0,5,0,5,47,0,52,0,7,50,0,57,42,0,42,99
11/17/2022,CIC,CA,AWP,WE,Federal Contract Tower,0,3,0,0,3,0,24,60,0,84,0,27,60,0,87,8,0,8,95
11/18/2022,CIC,CA,AWP,WE,Federal Contract Tower,0,0,5,0,5,0,10,46,0,56,0,10,51,0,61,26,0,26,87
11/19/2022,CIC,CA,AWP,WE,Federal Contract Tower,0,1,1,0,2,0,16,60,0,76,0,17,61,0,78,22,0,22,100
11/20/2022,CIC,CA,AWP,WE,Federal Contract Tower,0,0,1,0,1,0,7,61,0,68,0,7,62,0,69,38,0,38,107
11/21/2022,CIC,CA,AWP,WE,Federal Contract Tower,0,4,2,0,6,0,10,35,0,45,0,14,37,0,51,40,0,40,91
11/22/2022,CIC,CA,AWP,WE,Federal Contract Tower,0,2,1,0,3,0,15,51,2,68,0,17,52,2,71,2,4,6,77
11/23/2022,CIC,CA,AWP,WE,Federal Contract Tower,0,3,10,0,13,0,14,51,0,65,0,17,61,0,78,52,0,52,130
11/24/2022,CIC,CA,AWP,WE,Federal Contract Tower,0,1,1,0,2,0,3,13,0,16,0,4,14,0,18,0,0,0,18
11/25/2022,CIC,CA,AWP,WE,Federal Contract Tower,0,2,6,0,8,0,8,45,0,53,0,10,51,0,61,8,0,8,69
11/26/2022,CIC,CA,AWP,WE,Federal Contract Tower,0,0,0,0,0,0,16,33,0,49,0,16,33,0,49,14,0,14,63
11/27/2022,CIC,CA,AWP,WE,Federal Contract Tower,0,0,3,0,3,0,9,49,0,58,0,9,52,0,61,8,0,8,69
11/28/2022,CIC,CA,AWP,WE,Federal Contract Tower,0,2,0,0,2,0,2,23,0,25,0,4,23,0,27,8,0,8,35
11/29/2022,CIC,CA,AWP,WE,Federal Contract Tower,0,2,3,0,5,0,8,73,0,81,0,10,76,0,86,44,0,44,130
11/30/2022,CIC,CA,AWP,WE,Federal Contract Tower,0,2,5,2,9,0,19,45,0,64,0,21,50,2,73,20,8,28,101
12/01/2022,CIC,CA,AWP,WE,Federal Contract Tower,0,5,7,0,12,0,7,8,0,15,0,12,15,0,27,0,0,0,27
12/02/2022,CIC,CA,AWP,WE,Federal Contract Tower,0,2,1,4,7,0,12,43,0,55,0,14,44,4,62,72,0,72,134
12/03/2022,CIC,CA,AWP,WE,Federal Contract Tower,0,0,1,0,1,0,0,0,0,0,0,0,1,0,1,0,0,0,1
12/04/2022,CIC,CA,AWP,WE,Federal Contract Tower,0,1,5,0,6,0,7,3,0,10,0,8,8,0,16,2,0,2,18
12/05/2022,CIC,CA,AWP,WE,Federal Contract Tower,0,12,4,0,16,0,2,12,1,15,0,14,16,1,31,24,0,24,55
12/06/2022,CIC,CA,AWP,WE,Federal Contract Tower,0,5,1,0,6,0,13,44,1,58,0,18,45,1,64,58,0,58,122
12/07/2022,CIC,CA,AWP,WE,Federal Contract Tower,0,3,6,3,12,0,2,69,3,74,0,5,75,6,86,24,0,24,110
12/08/2022,CIC,CA,AWP,WE,Federal Contract Tower,1,8,2,0,11,0,6,8,0,14,1,14,10,0,25,0,0,0,25
12/09/2022,CIC,CA,AWP,WE,Federal Contract Tower,0,4,12,0,16,0,8,6,0,14,0,12,18,0,30,0,0,0,30
12/10/2022,CIC,CA,AWP,WE,Federal Contract Tower,0,1,0,0,1,0,0,0,0,0,0,1,0,0,1,0,0,0,1
12/11/2022,CIC,CA,AWP,WE,Federal Contract Tower,0,3,6,2,11,0,6,13,0,19,0,9,19,2,30,26,6,32,62
12/12/2022,CIC,CA,AWP,WE,Federal Contract Tower,0,5,2,0,7,0,11,53,0,64,0,16,55,0,71,36,0,36,107
12/13/2022,CIC,CA,AWP,WE,Federal Contract Tower,0,4,9,0,13,0,5,62,0,67,0,9,71,0,80,44,0,44,124
12/14/2022,CIC,CA,AWP,WE,Federal Contract Tower,0,3,8,0,11,0,18,35,0,53,0,21,43,0,64,78,0,78,142
12/15/2022,CIC,CA,AWP,WE,Federal Contract Tower,0,5,2,0,7,0,10,72,0,82,0,15,74,0,89,50,0,50,139
12/16/2022,CIC,CA,AWP,WE,Federal Contract Tower,0,1,2,0,3,0,13,49,0,62,0,14,51,0,65,28,0,28,93
12/17/2022,CIC,CA,AWP,WE,Federal Contract Tower,0,1,0,0,1,0,15,46,0,61,0,16,46,0,62,36,0,36,98
12/18/2022,CIC,CA,AWP,WE,Federal Contract Tower,0,0,0,1,1,0,3,11,1,15,0,3,11,2,16,8,8,16,32
12/19/2022,CIC,CA,AWP,WE,Federal Contract Tower,0,7,10,0,17,0,0,0,0,0,0,7,10,0,17,0,0,0,17
12/20/2022,CIC,CA,AWP,WE,Federal Contract Tower,0,5,0,0,5,0,11,10,0,21,0,16,10,0,26,14,0,14,40
12/21/2022,CIC,CA,AWP,WE,Federal Contract Tower,0,3,14,0,17,0,17,54,0,71,0,20,68,0,88,64,0,64,152
12/22/2022,CIC,CA,AWP,WE,Federal Contract Tower,0,4,3,0,7,0,0,0,0,0,0,4,3,0,7,0,0,0,7
12/23/2022,CIC,CA,AWP,WE,Federal Contract Tower,0,2,4,0,6,0,10,28,0,38,0,12,32,0,44,8,0,8,52
12/24/2022,CIC,CA,AWP,WE,Federal Contract Tower,0,1,1,0,2,0,14,23,0,37,0,15,24,0,39,36,0,36,75
12/25/2022,CIC,CA,AWP,WE,Federal Contract Tower,0,1,0,0,1,0,0,2,0,2,0,1,2,0,3,0,0,0,3
12/26/2022,CIC,CA,AWP,WE,Federal Contract Tower,0,0,2,0,2,0,0,0,0,0,0,0,2,0,2,0,0,0,2
12/27/2022,CIC,CA,AWP,WE,Federal Contract Tower,0,4,3,2,9,0,0,2,0,2,0,4,5,2,11,0,0,0,11
12/28/2022,CIC,CA,AWP,WE,Federal Contract Tower,0,11,12,0,23,0,13,58,0,71,0,24,70,0,94,40,0,40,134
12/29/2022,CIC,CA,AWP,WE,Federal Contract Tower,0,5,7,0,12,0,6,0,0,6,0,11,7,0,18,0,0,0,18
12/30/2022,CIC,CA,AWP,WE,Federal Contract Tower,0,3,12,0,15,0,0,0,0,0,0,3,12,0,15,0,0,0,15
12/31/2022,CIC,CA,AWP,WE,Federal Contract Tower,0,1,4,0,5,0,0,4,0,4,0,1,8,0,9,0,0,0,9
01/01/2023,CIC,CA,AWP,WE,Federal Contract Tower,0,0,2,0,2,0,5,36,0,41,0,5,38,0,43,6,0,6,49
01/02/2023,CIC,CA,AWP,WE,Federal Contract Tower,0,0,5,0,5,0,6,23,0,29,0,6,28,0,34,8,0,8,42
01/03/2023,CIC,CA,AWP,WE,Federal Contract Tower,0,14,8,0,22,0,1,0,0,1,0,15,8,0,23,0,0,0,23
01/04/2023,CIC,CA,AWP,WE,Federal Contract Tower,0,1,1,0,2,0,3,2,0,5,0,4,3,0,7,0,0,0,7
01/05/2023,CIC,CA,AWP,WE,Federal Contract Tower,0,4,6,0,10,0,0,0,0,0,0,4,6,0,10,0,0,0,10
01/06/2023,CIC,CA,AWP,WE,Federal Contract Tower,0,9,7,2,18,0,3,7,0,10,0,12,14,2,28,2,0,2,30
01/07/2023,CIC,CA,AWP,WE,Federal Contract Tower,0,2,2,0,4,0,5,2,0,7,0,7,4,0,11,0,0,0,11
01/08/2023,CIC,CA,AWP,WE,Federal Contract Tower,0,0,1,0,1,0,2,16,0,18,0,2,17,0,19,6,0,6,25
01/09/2023,CIC,CA,AWP,WE,Federal Contract Tower,0,2,2,0,4,0,12,16,0,28,0,14,18,0,32,22,0,22,54
01/10/2023,CIC,CA,AWP,WE,Federal Contract Tower,0,2,1,0,3,0,8,0,0,8,0,10,1,0,11,0,0,0,11
01/11/2023,CIC,CA,AWP,WE,Federal Contract Tower,0,3,10,0,13,0,0,3,0,3,0,3,13,0,16,0,0,0,16
01/12/2023,CIC,CA,AWP,WE,Federal Contract Tower,0,7,5,0,12,0,17,45,0,62,0,24,50,0,74,26,0,26,100
01/14/2023,CIC,CA,AWP,WE,Federal Contract Tower,0,0,0,0,0,0,3,2,0,5,0,3,2,0,5,0,0,0,5
01/15/2023,CIC,CA,AWP,WE,Federal Contract Tower,0,0,4,0,4,0,11,3,0,14,0,11,7,0,18,0,0,0,18
01/16/2023,CIC,CA,AWP,WE,Federal Contract Tower,0,2,3,0,5,0,11,33,0,44,0,13,36,0,49,10,0,10,59
01/17/2023,CIC,CA,AWP,WE,Federal Contract Tower,0,4,3,3,10,0,21,103,1,125,0,25,106,4,135,58,8,66,201
01/18/2023,CIC,CA,AWP,WE,Federal Contract Tower,0,2,6,0,8,4,27,24,0,55,4,29,30,0,63,38,0,38,101
01/19/2023,CIC,CA,AWP,WE,Federal Contract Tower,0,7,0,0,7,0,9,36,0,45,0,16,36,0,52,10,0,10,62
01/20/2023,CIC,CA,AWP,WE,Federal Contract Tower,0,3,0,2,5,0,15,55,4,74,0,18,55,6,79,74,0,74,153
01/21/2023,CIC,CA,AWP,WE,Federal Contract Tower,0,1,3,0,4,0,10,80,6,96,0,11,83,6,100,46,0,46,146
01/22/2023,CIC,CA,AWP,WE,Federal Contract Tower,0,2,3,0,5,0,12,33,0,45,0,14,36,0,50,22,0,22,72
01/23/2023,CIC,CA,AWP,WE,Federal Contract Tower,0,2,0,0,2,12,11,40,0,63,12,13,40,0,65,50,0,50,115
01/24/2023,CIC,CA,AWP,WE,Federal Contract Tower,0,2,0,0,2,0,23,60,10,93,0,25,60,10,95,6,0,6,101
01/25/2023,CIC,CA,AWP,WE,Federal Contract Tower,0,2,4,0,6,0,11,63,0,74,0,13,67,0,80,22,0,22,102
01/26/2023,CIC,CA,AWP,WE,Federal Contract Tower,0,3,3,0,6,0,5,56,0,61,0,8,59,0,67,12,0,12,79
01/27/2023,CIC,CA,AWP,WE,Federal Contract Tower,0,3,5,0,8,0,12,98,9,119,0,15,103,9,127,60,0,60,187
01/28/2023,CIC,CA,AWP,WE,Federal Contract Tower,0,0,3,0,3,0,11,65,3,79,0,11,68,3,82,12,0,12,94
01/29/2023,CIC,CA,AWP,WE,Federal Contract Tower,0,2,1,0,3,0,12,7,0,19,0,14,8,0,22,0,0,0,22
01/30/2023,CIC,CA,AWP,WE,Federal Contract Tower,0,6,1,1,8,0,14,16,4,34,0,20,17,5,42,0,18,18,60
02/01/2023,CIC,CA,AWP,WE,Federal Contract Tower,0,2,6,0,8,0,8,57,0,65,0,10,63,0,73,20,0,20,93
02/02/2023,CIC,CA,AWP,WE,Federal Contract Tower,0,2,0,0,2,0,3,51,0,54,0,5,51,0,56,0,28,28,84
02/03/2023,CIC,CA,AWP,WE,Federal Contract Tower,0,2,7,0,9,0,8,20,0,28,0,10,27,0,37,4,0,4,41
02/04/2023,CIC,CA,AWP,WE,Federal Contract Tower,0,1,4,0,5,0,0,30,2,32,0,1,34,2,37,8,0,8,45
02/05/2023,CIC,CA,AWP,WE,Federal Contract Tower,0,0,4,0,4,0,3,10,0,13,0,3,14,0,17,0,0,0,17
02/06/2023,CIC,CA,AWP,WE,Federal Contract Tower,0,2,2,0,4,0,3,60,0,63,0,5,62,0,67,26,0,26,93
02/07/2023,CIC,CA,AWP,WE,Federal Contract Tower,0,2,0,0,2,0,5,74,4,83,0,7,74,4,85,32,0,32,117
02/08/2023,CIC,CA,AWP,WE,Federal Contract Tower,0,2,10,0,12,0,10,86,0,96,0,12,96,0,108,60,0,60,168
02/09/2023,CIC,CA,AWP,WE,Federal Contract Tower,0,2,4,0,6,0,13,75,0,88,0,15,79,0,94,10,0,10,104
02/10/2023,CIC,CA,AWP,WE,Federal Contract Tower,0,4,2,0,6,0,10,32,0,42,0,14,34,0,48,0,0,0,48
02/11/2023,CIC,CA,AWP,WE,Federal Contract Tower,0,0,1,0,1,0,17,38,0,55,0,17,39,0,56,4,0,4,60
02/12/2023,CIC,CA,AWP,WE,Federal Contract Tower,0,0,4,0,4,0,7,40,0,47,0,7,44,0,51,24,0,24,75
02/13/2023,CIC,CA,AWP,WE,Federal Contract Tower,0,1,3,0,4,0,8,45,0,53,0,9,48,0,57,56,0,56,113
02/14/2023,CIC,CA,AWP,WE,Federal Contract Tower,0,1,0,0,1,0,10,50,0,60,0,11,50,0,61,20,0,20,81
02/15/2023,CIC,CA,AWP,WE,Federal Contract Tower,0,4,5,0,9,0,22,42,0,64,0,26,47,0,73,36,0,36,109
02/16/2023,CIC,CA,AWP,WE,Federal Contract Tower,0,1,1,0,2,0,6,67,6,79,0,7,68,6,81,2,10,12,93
02/17/2023,CIC,CA,AWP,WE,Federal Contract Tower,0,3,6,0,9,0,8,53,0,61,0,11,59,0,70,84,0,84,154
02/18/2023,CIC,CA,AWP,WE,Federal Contract Tower,0,0,3,0,3,0,11,57,0,68,0,11,60,0,71,50,0,50,121
02/19/2023,CIC,CA,AWP,WE,Federal Contract Tower,0,0,0,0,0,0,12,49,0,61,0,12,49,0,61,40,0,40,101
02/20/2023,CIC,CA,AWP,WE,Federal Contract Tower,0,2,7,0,9,0,12,69,0,81,0,14,76,0,90,30,0,30,120
02/21/2023,CIC,CA,AWP,WE,Federal Contract Tower,0,1,3,0,4,0,26,12,0,38,0,27,15,0,42,2,0,2,44
02/22/2023,CIC,CA,AWP,WE,Federal Contract Tower,0,2,1,0,3,0,9,51,2,62,0,11,52,2,65,60,0,60,125
02/23/2023,CIC,CA,AWP,WE,Federal Contract Tower,0,2,7,0,9,3,5,5,0,13,3,7,12,0,22,22,0,22,44
02/24/2023,CIC,CA,AWP,WE,Federal Contract Tower,0,4,2,0,6,0,3,0,0,3,0,7,2,0,9,0,0,0,9
02/25/2023,CIC,CA,AWP,WE,Federal Contract Tower,0,2,0,0,2,0,0,4,0,4,0,2,4,0,6,0,0,0,6
02/26/2023,CIC,CA,AWP,WE,Federal Contract Tower,0,0,3,0,3,0,0,2,0,2,0,0,5,0,5,0,0,0,5
02/27/2023,CIC,CA,AWP,WE,Federal Contract Tower,0,2,0,0,2,0,5,0,0,5,0,7,0,0,7,0,0,0,7
02/28/2023,CIC,CA,AWP,WE,Federal Contract Tower,0,2,3,0,5,0,7,5,0,12,0,9,8,0,17,0,0,0,17
03/01/2023,CIC,CA,AWP,WE,Federal Contract Tower,0,2,7,0,9,0,9,37,2,48,0,11,44,2,57,10,0,10,67
03/02/2023,CIC,CA,AWP,WE,Federal Contract Tower,0,1,7,0,8,0,28,56,0,84,0,29,63,0,92,48,0,48,140
03/03/2023,CIC,CA,AWP,WE,Federal Contract Tower,0,3,3,0,6,0,6,58,0,64,0,9,61,0,70,54,0,54,124
03/04/2023,CIC,CA,AWP,WE,Federal Contract Tower,0,0,2,2,4,0,7,3,0,10,0,7,5,2,14,0,0,0,14
03/05/2023,CIC,CA,AWP,WE,Federal Contract Tower,0,3,2,0,5,0,5,7,0,12,0,8,9,0,17,0,0,0,17
03/06/2023,CIC,CA,AWP,WE,Federal Contract Tower,0,2,6,0,8,0,2,2,0,4,0,4,8,0,12,0,0,0,12
03/07/2023,CIC,CA,AWP,WE,Federal Contract Tower,0,7,4,0,11,0,23,23,0,46,0,30,27,0,57,14,0,14,71
03/08/2023,CIC,CA,AWP,WE,Federal Contract Tower,4,8,4,0,16,0,36,47,12,95,4,44,51,12,111,56,0,56,167
03/09/2023,CIC,CA,AWP,WE,Federal Contract Tower,0,2,6,2,10,0,4,8,0,12,0,6,14,2,22,6,0,6,28
03/10/2023,CIC,CA,AWP,WE,Federal Contract Tower,0,3,4,0,7,0,41,68,0,109,0,44,72,0,116,32,0,32,148
03/11/2023,CIC,CA,AWP,WE,Federal Contract Tower,0,5,8,0,13,0,34,11,0,45,0,39,19,0,58,0,0,0,58
03/12/2023,CIC,CA,AWP,WE,Federal Contract Tower,0,0,2,0,2,0,2,0,0,2,0,2,2,0,4,0,0,0,4
03/13/2023,CIC,CA,AWP,WE,Federal Contract Tower,0,7,4,0,11,0,35,7,0,42,0,42,11,0,53,14,0,14,67
03/14/2023,CIC,CA,AWP,WE,Federal Contract Tower,0,3,4,0,7,0,1,0,0,1,0,4,4,0,8,0,0,0,8
03/15/2023,CIC,CA,AWP,WE,Federal Contract Tower,0,4,3,0,7,0,56,63,0,119,0,60,66,0,126,34,0,34,160
03/16/2023,CIC,CA,AWP,WE,Federal Contract Tower,0,8,1,0,9,0,28,112,0,140,0,36,113,0,149,34,0,34,183
03/17/2023,CIC,CA,AWP,WE,Federal Contract Tower,0,4,0,0,4,0,8,76,0,84,0,12,76,0,88,16,0,16,104
03/18/2023,CIC,CA,AWP,WE,Federal Contract Tower,0,1,6,0,7,0,11,87,0,98,0,12,93,0,105,56,0,56,161
03/19/2023,CIC,CA,AWP,WE,Federal Contract Tower,0,4,6,0,10,0,0,0,0,0,0,4,6,0,10,0,0,0,10
03/20/2023,CIC,CA,AWP,WE,Federal Contract Tower,0,2,14,0,16,0,24,30,0,54,0,26,44,0,70,32,0,32,102
03/21/2023,CIC,CA,AWP,WE,Federal Contract Tower,0,2,2,0,4,0,8,19,0,27,0,10,21,0,31,26,0,26,57
03/23/2023,CIC,CA,AWP,WE,Federal Contract Tower,0,4,8,0,12,0,7,37,0,44,0,11,45,0,56,2,0,2,58
03/24/2023,CIC,CA,AWP,WE,Federal Contract Tower,0,5,2,0,7,0,24,49,0,73,0,29,51,0,80,10,0,10,90
03/25/2023,CIC,CA,AWP,WE,Federal Contract Tower,0,0,2,2,4,0,13,47,1,61,0,13,49,3,65,2,0,2,67
03/26/2023,CIC,CA,AWP,WE,Federal Contract Tower,0,1,6,0,7,0,3,53,0,56,0,4,59,0,63,10,0,10,73
03/27/2023,CIC,CA,AWP,WE,Federal Contract Tower,0,2,3,0,5,0,1,53,0,54,0,3,56,0,59,14,0,14,73
03/28/2023,CIC,CA,AWP,WE,Federal Contract Tower,0,3,1,0,4,0,2,0,0,2,0,5,1,0,6,0,0,0,6
03/29/2023,CIC,CA,AWP,WE,Federal Contract Tower,0,5,4,0,9,0,2,0,0,2,0,7,4,0,11,0,0,0,11
03/30/2023,CIC,CA,AWP,WE,Federal Contract Tower,0,4,5,1,10,0,5,76,4,85,0,9,81,5,95,30,0,30,125
03/31/2023,CIC,CA,AWP,WE,Federal Contract Tower,0,4,8,0,12,0,4,39,2,45,0,8,47,2,57,12,10,22,79
04/01/2023,CIC,CA,AWP,WE,Federal Contract Tower,0,6,2,0,8,0,6,29,0,35,0,12,31,0,43,10,0,10,53
04/02/2023,CIC,CA,AWP,WE,Federal Contract Tower,0,1,2,0,3,0,13,20,0,33,0,14,22,0,36,8,0,8,44
04/03/2023,CIC,CA,AWP,WE,Federal Contract Tower,0,3,2,2,7,0,12,25,6,43,0,15,27,8,50,14,0,14,64
04/04/2023,CIC,CA,AWP,WE,Federal Contract Tower,0,2,2,0,4,0,10,71,2,83,0,12,73,2,87,10,20,30,117
04/05/2023,CIC,CA,AWP,WE,Federal Contract Tower,0,4,1,0,5,0,15,89,0,104,0,19,90,0,109,48,0,48,157
04/06/2023,CIC,CA,AWP,WE,Federal Contract Tower,0,4,0,0,4,0,6,60,0,66,0,10,60,0,70,44,0,44,114
04/07/2023,CIC,CA,AWP,WE,Federal Contract Tower,0,8,3,0,11,0,3,4,0,7,0,11,7,0,18,4,0,4,22
04/08/2023,CIC,CA,AWP,WE,Federal Contract Tower,0,2,2,0,4,0,10,44,0,54,0,12,46,0,58,30,0,30,88
04/09/2023,CIC,CA,AWP,WE,Federal Contract Tower,0,0,2,0,2,0,3,47,0,50,0,3,49,0,52,18,0,18,70
04/10/2023,CIC,CA,AWP,WE,Federal Contract Tower,0,2,1,1,4,0,11,63,0,74,0,13,64,1,78,38,14,52,130
04/11/2023,CIC,CA,AWP,WE,Federal Contract Tower,0,2,2,0,4,0,10,51,0,61,0,12,53,0,65,56,4,60,125
04/12/2023,CIC,CA,AWP,WE,Federal Contract Tower,0,4,1,0,5,0,24,50,0,74,0,28,51,0,79,12,0,12,91
04/13/2023,CIC,CA,AWP,WE,Federal Contract Tower,0,3,1,0,4,0,10,43,0,53,0,13,44,0,57,2,0,2,59
04/14/2023,CIC,CA,AWP,WE,Federal Contract Tower,0,2,1,0,3,0,20,51,0,71,0,22,52,0,74,54,0,54,128
04/15/2023,CIC,CA,AWP,WE,Federal Contract Tower,0,2,3,0,5,0,7,58,0,65,0,9,61,0,70,0,0,0,70
04/16/2023,CIC,CA,AWP,WE,Federal Contract Tower,0,4,4,0,8,0,16,96,0,112,0,20,100,0,120,10,0,10,130
04/17/2023,CIC,CA,AWP,WE,Federal Contract Tower,0,11,2,2,15,0,12,17,0,29,0,23,19,2,44,14,0,14,58
04/18/2023,CIC,CA,AWP,WE,Federal Contract Tower,0,1,1,4,6,0,24,86,0,110,0,25,87,4,116,14,20,34,150
04/19/2023,CIC,CA,AWP,WE,Federal Contract Tower,0,2,3,0,5,0,31,83,0,114,0,33,86,0,119,30,14,44,163
04/20/2023,CIC,CA,AWP,WE,Federal Contract Tower,0,3,6,0,9,0,10,62,0,72,0,13,68,0,81,48,0,48,129
04/21/2023,CIC,CA,AWP,WE,Federal Contract Tower,0,2,4,0,6,0,39,71,0,110,0,41,75,0,116,24,0,24,140
04/22/2023,CIC,CA,AWP,WE,Federal Contract Tower,0,0,1,0,1,0,15,40,0,55,0,15,41,0,56,4,0,4,60
04/23/2023,CIC,CA,AWP,WE,Federal Contract Tower,0,3,0,0,3,0,20,59,0,79,0,23,59,0,82,4,0,4,86
04/24/2023,CIC,CA,AWP,WE,Federal Contract Tower,0,2,7,0,9,0,9,68,0,77,0,11,75,0,86,10,0,10,96
04/25/2023,CIC,CA,AWP,WE,Federal Contract Tower,0,2,2,0,4,0,9,52,2,63,0,11,54,2,67,30,8,38,105
04/26/2023,CIC,CA,AWP,WE,Federal Contract Tower,0,2,0,1,3,0,18,49,1,68,0,20,49,2,71,26,16,42,113
04/27/2023,CIC,CA,AWP,WE,Federal Contract Tower,0,4,0,0,4,0,16,55,2,73,0,20,55,2,77,24,0,24,101
04/28/2023,CIC,CA,AWP,WE,Federal Contract Tower,0,2,3,0,5,0,11,66,0,77,0,13,69,0,82,22,0,22,104
04/29/2023,CIC,CA,AWP,WE,Federal Contract Tower,0,0,4,0,4,0,8,65,0,73,0,8,69,0,77,32,0,32,109
04/30/2023,CIC,CA,AWP,WE,Federal Contract Tower,0,1,5,0,6,0,16,44,0,60,0,17,49,0,66,0,0,0,66
05/01/2023,CIC,CA,AWP,WE,Federal Contract Tower,0,1,8,0,9,0,13,13,0,26,0,14,21,0,35,20,0,20,55
05/02/2023,CIC,CA,AWP,WE,Federal Contract Tower,0,3,6,0,9,0,17,11,2,30,0,20,17,2,39,2,20,22,61
05/03/2023,CIC,CA,AWP,WE,Federal Contract Tower,0,2,4,3,9,0,14,59,1,74,0,16,63,4,83,2,4,6,89
05/04/2023,CIC,CA,AWP,WE,Federal Contract Tower,0,5,3,1,9,0,12,22,0,34,0,17,25,1,43,0,0,0,43
05/05/2023,CIC,CA,AWP,WE,Federal Contract Tower,0,2,6,2,10,0,3,21,8,32,0,5,27,10,42,12,10,22,64
05/06/2023,CIC,CA,AWP,WE,Federal Contract Tower,0,2,10,0,12,0,6,18,0,24,0,8,28,0,36,0,0,0,36
05/07/2023,CIC,CA,AWP,WE,Federal Contract Tower,0,0,1,0,1,0,11,22,0,33,0,11,23,0,34,16,0,16,50
05/08/2023,CIC,CA,AWP,WE,Federal Contract Tower,0,2,6,0,8,0,12,29,0,41,0,14,35,0,49,4,0,4,53
05/09/2023,CIC,CA,AWP,WE,Federal Contract Tower,0,2,1,0,3,0,24,63,0,87,0,26,64,0,90,66,0,66,156
05/11/2023,CIC,CA,AWP,WE,Federal Contract Tower,0,2,9,0,11,0,17,61,0,78,0,19,70,0,89,54,0,54,143
05/12/2023,CIC,CA,AWP,WE,Federal Contract Tower,0,3,4,0,7,0,13,58,0,71,0,16,62,0,78,28,0,28,106
05/13/2023,CIC,CA,AWP,WE,Federal Contract Tower,0,0,2,0,2,0,7,65,0,72,0,7,67,0,74,10,0,10,84
05/14/2023,CIC,CA,AWP,WE,Federal Contract Tower,0,0,5,0,5,0,17,47,0,64,0,17,52,0,69,6,0,6,75
05/15/2023,CIC,CA,AWP,WE,Federal Contract Tower,0,2,3,0,5,0,8,79,0,87,0,10,82,0,92,54,0,54,146
05/16/2023,CIC,CA,AWP,WE,Federal Contract Tower,0,2,1,0,3,0,11,67,0,78,0,13,68,0,81,32,0,32,113
05/17/2023,CIC,CA,AWP,WE,Federal Contract Tower,0,2,3,0,5,0,7,68,2,77,0,9,71,2,82,32,4,36,118
05/18/2023,CIC,CA,AWP,WE,Federal Contract Tower,0,3,1,3,7,0,4,28,8,40,0,7,29,11,47,54,10,64,111
05/19/2023,CIC,CA,AWP,WE,Federal Contract Tower,0,2,4,0,6,0,18,65,0,83,0,20,69,0,89,30,0,30,119
05/20/2023,CIC,CA,AWP,WE,Federal Contract Tower,0,0,0,0,0,0,21,38,0,59,0,21,38,0,59,8,0,8,67
05/21/2023,CIC,CA,AWP,WE,Federal Contract Tower,0,0,3,4,7,0,4,40,0,44,0,4,43,4,51,26,0,26,77
05/22/2023,CIC,CA,AWP,WE,Federal Contract Tower,0,3,6,0,9,0,13,52,0,65,0,16,58,0,74,30,0,30,104
05/23/2023,CIC,CA,AWP,WE,Federal Contract Tower,0,4,2,4,10,0,3,61,1,65,0,7,63,5,75,18,10,28,103
05/24/2023,CIC,CA,AWP,WE,Federal Contract Tower,0,2,1,2,5,0,11,48,0,59,0,13,49,2,64,52,0,52,116
05/25/2023,CIC,CA,AWP,WE,Federal Contract Tower,0,2,7,0,9,0,6,47,0,53,0,8,54,0,62,26,8,34,96
05/26/2023,CIC,CA,AWP,WE,Federal Contract Tower,0,2,4,0,6,0,10,47,0,57,0,12,51,0,63,16,0,16,79
05/27/2023,CIC,CA,AWP,WE,Federal Contract Tower,0,1,1,0,2,0,1,38,0,39,0,2,39,0,41,24,0,24,65
05/28/2023,CIC,CA,AWP,WE,Federal Contract Tower,0,0,1,0,1,0,8,36,0,44,0,8,37,0,45,8,0,8,53
05/29/2023,CIC,CA,AWP,WE,Federal Contract Tower,0,0,3,0,3,0,8,59,0,67,0,8,62,0,70,70,0,70,140
05/30/2023,CIC,CA,AWP,WE,Federal Contract Tower,0,1,5,2,8,0,14,45,6,65,0,15,50,8,73,38,0,38,111
05/31/2023,CIC,CA,AWP,WE,Federal Contract Tower,0,3,4,0,7,0,25,43,0,68,0,28,47,0,75,22,0,22,97
06/01/2023,CIC,CA,AWP,WE,Federal Contract Tower,0,1,3,0,4,0,16,47,2,65,0,17,50,2,69,60,16,76,145
06/02/2023,CIC,CA,AWP,WE,Federal Contract Tower,0,5,2,2,9,0,6,42,6,54,0,11,44,8,63,14,42,56,119
06/03/2023,CIC,CA,AWP,WE,Federal Contract Tower,0,0,2,0,2,0,1,68,0,69,0,1,70,0,71,48,0,48,119
06/04/2023,CIC,CA,AWP,WE,Federal Contract Tower,0,0,2,0,2,0,10,55,0,65,0,10,57,0,67,16,0,16,83
06/05/2023,CIC,CA,AWP,WE,Federal Contract Tower,0,2,4,0,6,0,14,50,0,64,0,16,54,0,70,72,0,72,142
06/06/2023,CIC,CA,AWP,WE,Federal Contract Tower,0,2,4,0,6,0,11,41,2,54,0,13,45,2,60,14,0,14,74
06/07/2023,CIC,CA,AWP,WE,Federal Contract Tower,0,6,0,0,6,0,10,52,0,62,0,16,52,0,68,44,0,44,112
06/08/2023,CIC,CA,AWP,WE,Federal Contract Tower,0,4,4,0,8,0,20,56,0,76,0,24,60,0,84,30,0,30,114
06/09/2023,CIC,CA,AWP,WE,Federal Contract Tower,0,5,5,0,10,0,5,49,0,54,0,10,54,0,64,26,0,26,90
06/10/2023,CIC,CA,AWP,WE,Federal Contract Tower,0,0,1,0,1,0,11,40,0,51,0,11,41,0,52,2,0,2,54
06/11/2023,CIC,CA,AWP,WE,Federal Contract Tower,0,1,6,0,7,0,16,38,0,54,0,17,44,0,61,22,0,22,83
06/12/2023,CIC,CA,AWP,WE,Federal Contract Tower,0,6,6,0,12,0,15,40,0,55,0,21,46,0,67,22,16,38,105
06/13/2023,CIC,CA,AWP,WE,Federal Contract Tower,0,2,3,0,5,0,10,66,0,76,0,12,69,0,81,18,0,18,99
06/14/2023,CIC,CA,AWP,WE,Federal Contract Tower,0,3,2,0,5,0,15,74,0,89,0,18,76,0,94,24,0,24,118
06/15/2023,CIC,CA,AWP,WE,Federal Contract Tower,0,3,4,0,7,0,15,59,0,74,0,18,63,0,81,30,0,30,111
06/16/2023,CIC,CA,AWP,WE,Federal Contract Tower,0,2,3,0,5,0,18,30,0,48,0,20,33,0,53,28,0,28,81
06/17/2023,CIC,CA,AWP,WE,Federal Contract Tower,0,0,5,0,5,0,24,50,0,74,0,24,55,0,79,18,0,18,97
06/18/2023,CIC,CA,AWP,WE,Federal Contract Tower,0,0,2,0,2,0,13,53,0,66,0,13,55,0,68,32,0,32,100
06/19/2023,CIC,CA,AWP,WE,Federal Contract Tower,0,2,1,0,3,0,7,36,0,43,0,9,37,0,46,34,0,34,80
06/20/2023,CIC,CA,AWP,WE,Federal Contract Tower,0,2,2,0,4,0,9,50,0,59,0,11,52,0,63,40,0,40,103
06/21/2023,CIC,CA,AWP,WE,Federal Contract Tower,0,2,3,0,5,0,8,60,0,68,0,10,63,0,73,32,0,32,105
06/24/2023,CIC,CA,AWP,WE,Federal Contract Tower,0,1,1,0,2,0,14,43,2,59,0,15,44,2,61,10,0,10,71
06/25/2023,CIC,CA,AWP,WE,Federal Contract Tower,0,2,3,0,5,0,9,58,0,67,0,11,61,0,72,20,0,20,92
06/26/2023,CIC,CA,AWP,WE,Federal Contract Tower,0,2,3,0,5,0,10,49,0,59,0,12,52,0,64,10,0,10,74
06/27/2023,CIC,CA,AWP,WE,Federal Contract Tower,0,4,2,0,6,0,10,75,0,85,0,14,77,0,91,70,0,70,161
06/28/2023,CIC,CA,AWP,WE,Federal Contract Tower,0,2,1,0,3,0,20,45,0,65,0,22,46,0,68,54,0,54,122
06/29/2023,CIC,CA,AWP,WE,Federal Contract Tower,0,4,1,0,5,0,5,62,0,67,0,9,63,0,72,50,0,50,122
06/30/2023,CIC,CA,AWP,WE,Federal Contract Tower,0,1,6,0,7,0,9,41,0,50,0,10,47,0,57,6,0,6,63
07/01/2023,CIC,CA,AWP,WE,Federal Contract Tower,0,0,3,0,3,0,18,65,0,83,0,18,68,0,86,34,0,34,120
07/02/2023,CIC,CA,AWP,WE,Federal Contract Tower,0,0,1,0,1,0,8,28,0,36,0,8,29,0,37,4,0,4,41
07/03/2023,CIC,CA,AWP,WE,Federal Contract Tower,0,2,1,0,3,0,9,25,0,34,0,11,26,0,37,0,0,0,37
07/04/2023,CIC,CA,AWP,WE,Federal Contract Tower,0,0,0,0,0,0,23,42,0,65,0,23,42,0,65,6,0,6,71
07/05/2023,CIC,CA,AWP,WE,Federal Contract Tower,0,0,2,0,2,0,15,36,0,51,0,15,38,0,53,8,0,8,61
07/06/2023,CIC,CA,AWP,WE,Federal Contract Tower,0,4,3,0,7,0,6,39,0,45,0,10,42,0,52,22,0,22,74
07/07/2023,CIC,CA,AWP,WE,Federal Contract Tower,0,4,2,0,6,0,4,41,0,45,0,8,43,0,51,2,0,2,53
07/08/2023,CIC,CA,AWP,WE,Federal Contract Tower,0,0,2,0,2,0,11,35,0,46,0,11,37,0,48,12,0,12,60
07/09/2023,CIC,CA,AWP,WE,Federal Contract Tower,0,0,1,0,1,0,6,46,0,52,0,6,47,0,53,16,0,16,69
07/10/2023,CIC,CA,AWP,WE,Federal Contract Tower,0,4,3,0,7,0,15,39,2,56,0,19,42,2,63,6,2,8,71
07/11/2023,CIC,CA,AWP,WE,Federal Contract Tower,0,5,2,0,7,0,19,77,0,96,0,24,79,0,103,16,0,16,119
07/12/2023,CIC,CA,AWP,WE,Federal Contract Tower,0,2,2,0,4,0,19,51,0,70,0,21,53,0,74,18,0,18,92
07/13/2023,CIC,CA,AWP,WE,Federal Contract Tower,0,2,8,0,10,0,23,60,0,83,0,25,68,0,93,10,0,10,103
07/14/2023,CIC,CA,AWP,WE,Federal Contract Tower,0,2,3,0,5,0,17,49,0,66,0,19,52,0,71,16,0,16,87
07/15/2023,CIC,CA,AWP,WE,Federal Contract Tower,0,0,0,0,0,0,9,19,0,28,0,9,19,0,28,12,0,12,40
07/16/2023,CIC,CA,AWP,WE,Federal Contract Tower,0,3,3,0,6,0,16,24,0,40,0,19,27,0,46,6,0,6,52
07/17/2023,CIC,CA,AWP,WE,Federal Contract Tower,0,2,3,0,5,0,9,38,0,47,0,11,41,0,52,34,0,34,86
07/18/2023,CIC,CA,AWP,WE,Federal Contract Tower,0,2,3,0,5,0,31,40,0,71,0,33,43,0,76,50,0,50,126
07/19/2023,CIC,CA,AWP,WE,Federal Contract Tower,0,2,5,0,7,0,14,41,0,55,0,16,46,0,62,16,0,16,78
07/20/2023,CIC,CA,AWP,WE,Federal Contract Tower,0,4,3,0,7,0,10,48,4,62,0,14,51,4,69,12,0,12,81
07/21/2023,CIC,CA,AWP,WE,Federal Contract Tower,0,2,4,0,6,0,8,42,0,50,0,10,46,0,56,20,0,20,76
07/22/2023,CIC,CA,AWP,WE,Federal Contract Tower,0,1,3,0,4,0,7,37,0,44,0,8,40,0,48,22,0,22,70
07/23/2023,CIC,CA,AWP,WE,Federal Contract Tower,0,0,1,0,1,0,3,27,0,30,0,3,28,0,31,2,0,2,33
07/24/2023,CIC,CA,AWP,WE,Federal Contract Tower,0,4,2,0,6,0,30,53,2,85,0,34,55,2,91,6,0,6,97
07/25/2023,CIC,CA,AWP,WE,Federal Contract Tower,0,2,3,0,5,0,10,45,0,55,0,12,48,0,60,12,0,12,72
07/27/2023,CIC,CA,AWP,WE,Federal Contract Tower,0,3,1,0,4,0,15,33,0,48,0,18,34,0,52,14,0,14,66
07/28/2023,CIC,CA,AWP,WE,Federal Contract Tower,0,2,2,0,4,0,26,55,0,81,0,28,57,0,85,30,0,30,115
07/29/2023,CIC,CA,AWP,WE,Federal Contract Tower,0,0,1,0,1,0,14,57,2,73,0,14,58,2,74,26,0,26,100
07/30/2023,CIC,CA,AWP,WE,Federal Contract Tower,0,2,0,0,2,0,2,49,0,51,0,4,49,0,53,12,0,12,65
07/31/2023,CIC,CA,AWP,WE,Federal Contract Tower,0,2,0,0,2,0,10,57,4,71,0,12,57,4,73,24,0,24,97
08/01/2023,CIC,CA,AWP,WE,Federal Contract Tower,0,2,1,0,3,0,15,60,0,75,0,17,61,0,78,40,0,40,118
08/02/2023,CIC,CA,AWP,WE,Federal Contract Tower,0,2,5,0,7,0,9,53,0,62,0,11,58,0,69,70,0,70,139
08/03/2023,CIC,CA,AWP,WE,Federal Contract Tower,0,2,5,0,7,0,26,53,0,79,0,28,58,0,86,34,0,34,120
08/04/2023,CIC,CA,AWP,WE,Federal Contract Tower,0,2,2,0,4,0,14,51,0,65,0,16,53,0,69,12,0,12,81
08/05/2023,CIC,CA,AWP,WE,Federal Contract Tower,0,2,1,0,3,0,10,54,0,64,0,12,55,0,67,32,0,32,99
08/06/2023,CIC,CA,AWP,WE,Federal Contract Tower,0,0,1,0,1,0,15,32,0,47,0,15,33,0,48,28,0,28,76
08/07/2023,CIC,CA,AWP,WE,Federal Contract Tower,0,2,1,0,3,0,13,34,0,47,0,15,35,0,50,30,2,32,82
08/08/2023,CIC,CA,AWP,WE,Federal Contract Tower,0,8,0,0,8,0,13,39,2,54,0,21,39,2,62,22,2,24,86
08/09/2023,CIC,CA,AWP,WE,Federal Contract Tower,0,2,4,0,6,0,14,47,0,61,0,16,51,0,67,4,0,4,71
08/10/2023,CIC,CA,AWP,WE,Federal Contract Tower,0,4,5,0,9,0,23,70,0,93,0,27,75,0,102,22,10,32,134
08/11/2023,CIC,CA,AWP,WE,Federal Contract Tower,0,2,5,0,7,0,13,54,0,67,0,15,59,0,74,52,14,66,140
08/12/2023,CIC,CA,AWP,WE,Federal Contract Tower,0,2,0,0,2,0,18,47,0,65,0,20,47,0,67,16,0,16,83
08/13/2023,CIC,CA,AWP,WE,Federal Contract Tower,0,0,2,0,2,0,12,47,0,59,0,12,49,0,61,2,0,2,63
08/14/2023,CIC,CA,AWP,WE,Federal Contract Tower,0,4,4,0,8,0,25,50,0,75,0,29,54,0,83,6,0,6,89
08/15/2023,CIC,CA,AWP,WE,Federal Contract Tower,0,2,1,0,3,0,37,45,0,82,0,39,46,0,85,18,0,18,103
08/16/2023,CIC,CA,AWP,WE,Federal Contract Tower,0,5,2,3,10,0,83,48,1,132,0,88,50,4,142,26,0,26,168
08/17/2023,CIC,CA,AWP,WE,Federal Contract Tower,0,2,6,0,8,0,42,45,0,87,0,44,51,0,95,26,0,26,121
08/18/2023,CIC,CA,AWP,WE,Federal Contract Tower,0,2,6,0,8,0,18,55,0,73,0,20,61,0,81,26,0,26,107
08/19/2023,CIC,CA,AWP,WE,Federal Contract Tower,0,3,9,1,13,0,40,51,0,91,0,43,60,1,104,24,0,24,128
08/20/2023,CIC,CA,AWP,WE,Federal Contract Tower,0,0,1,3,4,0,19,29,0,48,0,19,30,3,52,32,0,32,84
08/21/2023,CIC,CA,AWP,WE,Federal Contract Tower,0,7,4,0,11,0,12,8,0,20,0,19,12,0,31,18,0,18,49
08/22/2023,CIC,CA,AWP,WE,Federal Contract Tower,0,4,3,0,7,0,27,61,1,89,0,31,64,1,96,48,0,48,144
08/23/2023,CIC,CA,AWP,WE,Federal Contract Tower,0,1,7,0,8,0,34,55,0,89,0,35,62,0,97,28,0,28,125
08/24/2023,CIC,CA,AWP,WE,Federal Contract Tower,0,3,2,0,5,0,45,62,0,107,0,48,64,0,112,64,0,64,176
08/25/2023,CIC,CA,AWP,WE,Federal Contract Tower,0,1,2,0,3,0,33,61,0,94,0,34,63,0,97,12,0,12,109
08/26/2023,CIC,CA,AWP,WE,Federal Contract Tower,0,0,1,0,1,0,38,70,0,108,0,38,71,0,109,10,0,10,119
08/27/2023,CIC,CA,AWP,WE,Federal Contract Tower,0,0,0,0,0,0,17,52,0,69,0,17,52,0,69,32,0,32,101
08/28/2023,CIC,CA,AWP,WE,Federal Contract Tower,0,2,1,0,3,0,23,48,0,71,0,25,49,0,74,16,0,16,90
08/29/2023,CIC,CA,AWP,WE,Federal Contract Tower,0,4,1,0,5,0,62,81,0,143,0,66,82,0,148,32,0,32,180
08/30/2023,CIC,CA,AWP,WE,Federal Contract Tower,0,2,2,0,4,0,46,33,0,79,0,48,35,0,83,0,0,0,83
08/31/2023,CIC,CA,AWP,WE,Federal Contract Tower,0,1,0,0,1,0,28,58,2,88,0,29,58,2,89,56,0,56,145
