01/01/2000,CID,IA,ACE,CE,Towers with Radar,15,26,18,0,59,1,0,34,0,35,16,26,52,0,94,58,0,58,152
01/02/2000,CID,IA,ACE,CE,Towers with Radar,26,32,23,0,81,0,0,1,0,1,26,32,24,0,82,60,0,60,142
01/03/2000,CID,IA,ACE,CE,Towers with Radar,26,32,21,0,79,5,3,0,0,8,31,35,21,0,87,0,0,0,87
01/04/2000,CID,IA,ACE,CE,Towers with Radar,50,55,67,0,172,0,0,12,0,12,50,55,79,0,184,8,0,8,192
01/05/2000,CID,IA,ACE,CE,Towers with Radar,44,65,61,0,170,0,0,16,0,16,44,65,77,0,186,42,0,42,228
01/06/2000,CID,IA,ACE,CE,Towers with Radar,52,64,49,0,165,0,0,40,0,40,52,64,89,0,205,60,0,60,265
01/07/2000,CID,IA,ACE,CE,Towers with Radar,52,65,54,0,171,0,0,34,0,34,52,65,88,0,205,0,0,0,205
01/08/2000,CID,IA,ACE,CE,Towers with Radar,42,40,29,0,111,1,0,79,0,80,43,40,108,0,191,52,0,52,243
01/09/2000,CID,IA,ACE,CE,Towers with Radar,23,12,9,0,44,1,0,0,0,1,24,12,9,0,45,0,0,0,45
01/10/2000,CID,IA,ACE,CE,Towers with Radar,37,53,50,0,140,0,0,30,0,30,37,53,80,0,170,36,0,36,206
01/11/2000,CID,IA,ACE,CE,Towers with Radar,48,70,61,0,179,1,2,0,0,3,49,72,61,0,182,32,0,32,214
01/12/2000,CID,IA,ACE,CE,Towers with Radar,46,57,47,0,150,1,1,31,0,33,47,58,78,0,183,0,0,0,183
01/13/2000,CID,IA,ACE,CE,Towers with Radar,44,58,48,0,150,1,0,59,0,60,45,58,107,0,210,50,0,50,260
01/14/2000,CID,IA,ACE,CE,Towers with Radar,53,63,55,0,171,1,2,20,0,23,54,65,75,0,194,26,0,26,220
01/15/2000,CID,IA,ACE,CE,Towers with Radar,44,43,40,0,127,1,4,63,0,68,45,47,103,0,195,54,0,54,249
01/16/2000,CID,IA,ACE,CE,Towers with Radar,29,35,19,0,83,1,0,28,0,29,30,35,47,0,112,84,0,84,196
01/17/2000,CID,IA,ACE,CE,Towers with Radar,28,41,40,0,109,0,1,5,0,6,28,42,45,0,115,6,0,6,121
01/18/2000,CID,IA,ACE,CE,Towers with Radar,53,65,97,0,215,0,1,20,0,21,53,66,117,0,236,24,0,24,260
01/19/2000,CID,IA,ACE,CE,Towers with Radar,37,40,41,0,118,1,0,24,0,25,38,40,65,0,143,8,0,8,151
01/20/2000,CID,IA,ACE,CE,Towers with Radar,45,51,65,0,161,0,1,28,0,29,45,52,93,0,190,10,0,10,200
01/21/2000,CID,IA,ACE,CE,Towers with Radar,50,73,49,0,172,0,2,45,0,47,50,75,94,0,219,38,0,38,257
01/22/2000,CID,IA,ACE,CE,Towers with Radar,44,42,18,0,104,0,1,7,0,8,44,43,25,0,112,8,0,8,120
01/23/2000,CID,IA,ACE,CE,Towers with Radar,31,36,34,0,101,2,0,29,0,31,33,36,63,0,132,46,0,46,178
01/24/2000,CID,IA,ACE,CE,Towers with Radar,38,53,52,0,143,0,0,40,0,40,38,53,92,0,183,12,0,12,195
01/25/2000,CID,IA,ACE,CE,Towers with Radar,53,66,61,0,180,0,0,20,0,20,53,66,81,0,200,22,0,22,222
01/26/2000,CID,IA,ACE,CE,Towers with Radar,51,68,53,0,172,0,1,47,0,48,51,69,100,0,220,48,0,48,268
01/27/2000,CID,IA,ACE,CE,Towers with Radar,46,67,77,0,190,0,0,38,0,38,46,67,115,0,228,4,0,4,232
01/28/2000,CID,IA,ACE,CE,Towers with Radar,48,63,58,0,169,0,0,33,0,33,48,63,91,0,202,30,0,30,232
01/29/2000,CID,IA,ACE,CE,Towers with Radar,39,34,40,0,113,0,0,14,0,14,39,34,54,0,127,48,0,48,175
01/30/2000,CID,IA,ACE,CE,Towers with Radar,34,28,13,0,75,0,0,6,0,6,34,28,19,0,81,0,0,0,81
01/31/2000,CID,IA,ACE,CE,Towers with Radar,38,55,39,0,132,0,1,32,0,33,38,56,71,0,165,14,0,14,179
02/01/2000,CID,IA,ACE,CE,Towers with Radar,46,62,55,0,163,0,0,12,0,12,46,62,67,0,175,40,0,40,215
02/02/2000,CID,IA,ACE,CE,Towers with Radar,45,57,53,2,157,0,0,39,1,40,45,57,92,3,197,0,0,0,197
02/03/2000,CID,IA,ACE,CE,Towers with Radar,49,60,64,0,173,0,0,26,0,26,49,60,90,0,199,0,0,0,199
02/04/2000,CID,IA,ACE,CE,Towers with Radar,52,63,49,0,164,0,0,26,0,26,52,63,75,0,190,8,0,8,198
02/05/2000,CID,IA,ACE,CE,Towers with Radar,42,40,33,0,115,0,2,70,0,72,42,42,103,0,187,44,0,44,231
02/06/2000,CID,IA,ACE,CE,Towers with Radar,31,38,21,0,90,0,0,41,0,41,31,38,62,0,131,52,0,52,183
02/07/2000,CID,IA,ACE,CE,Towers with Radar,0,34,50,0,84,0,0,0,83,83,0,34,50,83,167,0,0,0,167
02/08/2000,CID,IA,ACE,CE,Towers with Radar,52,65,72,0,189,0,0,11,0,11,52,65,83,0,200,0,0,0,200
02/09/2000,CID,IA,ACE,CE,Towers with Radar,53,60,72,0,185,0,0,51,0,51,53,60,123,0,236,42,0,42,278
02/10/2000,CID,IA,ACE,CE,Towers with Radar,46,67,70,0,183,0,0,2,0,2,46,67,72,0,185,0,0,0,185
02/11/2000,CID,IA,ACE,CE,Towers with Radar,50,64,43,0,157,0,0,31,0,31,50,64,74,0,188,18,0,18,206
02/12/2000,CID,IA,ACE,CE,Towers with Radar,46,42,21,0,109,0,0,23,0,23,46,42,44,0,132,36,0,36,168
02/13/2000,CID,IA,ACE,CE,Towers with Radar,28,33,9,0,70,0,0,0,0,0,28,33,9,0,70,0,0,0,70
02/14/2000,CID,IA,ACE,CE,Towers with Radar,39,52,41,2,134,0,0,13,0,13,39,52,54,2,147,10,0,10,157
02/15/2000,CID,IA,ACE,CE,Towers with Radar,48,62,64,0,174,0,0,28,0,28,48,62,92,0,202,12,0,12,214
02/16/2000,CID,IA,ACE,CE,Towers with Radar,57,68,64,0,189,0,0,46,2,48,57,68,110,2,237,18,0,18,255
02/17/2000,CID,IA,ACE,CE,Towers with Radar,41,59,56,0,156,0,0,19,0,19,41,59,75,0,175,36,0,36,211
02/18/2000,CID,IA,ACE,CE,Towers with Radar,26,32,18,0,76,12,14,0,0,26,38,46,18,0,102,0,0,0,102
02/19/2000,CID,IA,ACE,CE,Towers with Radar,47,40,32,0,119,0,0,17,0,17,47,40,49,0,136,36,0,36,172
02/20/2000,CID,IA,ACE,CE,Towers with Radar,36,33,22,0,91,0,0,94,0,94,36,33,116,0,185,141,0,141,326
02/21/2000,CID,IA,ACE,CE,Towers with Radar,44,47,59,0,150,0,0,54,0,54,44,47,113,0,204,33,0,33,237
02/22/2000,CID,IA,ACE,CE,Towers with Radar,49,67,72,0,188,0,0,34,0,34,49,67,106,0,222,44,0,44,266
02/23/2000,CID,IA,ACE,CE,Towers with Radar,55,68,58,3,184,0,0,24,1,25,55,68,82,4,209,12,0,12,221
02/24/2000,CID,IA,ACE,CE,Towers with Radar,55,67,72,0,194,0,0,3,0,3,55,67,75,0,197,0,0,0,197
02/25/2000,CID,IA,ACE,CE,Towers with Radar,51,71,30,0,152,0,0,5,0,5,51,71,35,0,157,0,0,0,157
02/26/2000,CID,IA,ACE,CE,Towers with Radar,45,48,22,0,115,0,1,23,0,24,45,49,45,0,139,36,0,36,175
02/27/2000,CID,IA,ACE,CE,Towers with Radar,31,42,18,0,91,0,0,69,0,69,31,42,87,0,160,50,0,50,210
02/28/2000,CID,IA,ACE,CE,Towers with Radar,39,53,58,0,150,0,0,41,0,41,39,53,99,0,191,31,0,31,222
02/29/2000,CID,IA,ACE,CE,Towers with Radar,48,70,49,0,167,0,0,29,0,29,48,70,78,0,196,10,0,10,206
03/01/2000,CID,IA,ACE,CE,Towers with Radar,49,69,89,0,207,2,2,34,0,38,51,71,123,0,245,10,0,10,255
03/02/2000,CID,IA,ACE,CE,Towers with Radar,45,65,63,0,173,3,2,62,0,67,48,67,125,0,240,20,0,20,260
03/03/2000,CID,IA,ACE,CE,Towers with Radar,53,64,0,0,117,3,2,0,106,111,56,66,0,106,228,8,0,8,236
03/04/2000,CID,IA,ACE,CE,Towers with Radar,41,45,35,0,121,3,3,55,0,61,44,48,90,0,182,86,0,86,268
03/05/2000,CID,IA,ACE,CE,Towers with Radar,25,38,25,0,88,3,2,71,0,76,28,40,96,0,164,80,0,80,244
03/06/2000,CID,IA,ACE,CE,Towers with Radar,41,54,52,0,147,3,3,21,0,27,44,57,73,0,174,10,0,10,184
03/07/2000,CID,IA,ACE,CE,Towers with Radar,46,69,60,0,175,3,2,19,0,24,49,71,79,0,199,58,0,58,257
03/08/2000,CID,IA,ACE,CE,Towers with Radar,42,60,62,0,164,3,2,8,0,13,45,62,70,0,177,4,0,4,181
03/09/2000,CID,IA,ACE,CE,Towers with Radar,44,68,71,1,184,3,2,5,1,11,47,70,76,2,195,30,0,30,225
03/10/2000,CID,IA,ACE,CE,Towers with Radar,48,57,84,0,189,3,4,13,0,20,51,61,97,0,209,24,0,24,233
03/11/2000,CID,IA,ACE,CE,Towers with Radar,43,45,31,0,119,3,4,56,0,63,46,49,87,0,182,52,0,52,234
03/12/2000,CID,IA,ACE,CE,Towers with Radar,29,31,28,0,88,2,3,44,0,49,31,34,72,0,137,74,0,74,211
03/13/2000,CID,IA,ACE,CE,Towers with Radar,37,54,65,0,156,2,3,16,0,21,39,57,81,0,177,30,0,30,207
03/14/2000,CID,IA,ACE,CE,Towers with Radar,45,77,74,0,196,2,3,36,0,41,47,80,110,0,237,22,0,22,259
03/15/2000,CID,IA,ACE,CE,Towers with Radar,43,63,73,0,179,2,3,0,0,5,45,66,73,0,184,0,0,0,184
03/16/2000,CID,IA,ACE,CE,Towers with Radar,46,65,118,0,229,0,0,0,0,0,46,65,118,0,229,12,0,12,241
03/17/2000,CID,IA,ACE,CE,Towers with Radar,47,60,73,0,180,7,7,34,0,48,54,67,107,0,228,66,0,66,294
03/18/2000,CID,IA,ACE,CE,Towers with Radar,4,43,25,0,72,0,3,0,0,3,4,46,25,0,75,0,0,0,75
03/19/2000,CID,IA,ACE,CE,Towers with Radar,17,21,17,0,55,18,16,0,0,34,35,37,17,0,89,0,0,0,89
03/20/2000,CID,IA,ACE,CE,Towers with Radar,42,50,47,0,139,2,3,0,0,5,44,53,47,0,144,0,0,0,144
03/21/2000,CID,IA,ACE,CE,Towers with Radar,43,58,61,0,162,1,4,0,0,5,44,62,61,0,167,0,0,0,167
03/22/2000,CID,IA,ACE,CE,Towers with Radar,52,63,92,0,207,1,4,7,0,12,53,67,99,0,219,24,0,24,243
03/23/2000,CID,IA,ACE,CE,Towers with Radar,51,60,95,0,206,1,4,48,0,53,52,64,143,0,259,15,0,15,274
03/24/2000,CID,IA,ACE,CE,Towers with Radar,50,65,68,0,183,1,4,21,0,26,51,69,89,0,209,14,0,14,223
03/25/2000,CID,IA,ACE,CE,Towers with Radar,40,41,22,0,103,1,4,46,0,51,41,45,68,0,154,16,0,16,170
03/26/2000,CID,IA,ACE,CE,Towers with Radar,29,35,30,0,94,1,3,34,0,38,30,38,64,0,132,35,0,35,167
03/27/2000,CID,IA,ACE,CE,Towers with Radar,37,46,59,0,142,3,6,12,0,21,40,52,71,0,163,2,0,2,165
03/28/2000,CID,IA,ACE,CE,Towers with Radar,52,64,74,0,190,1,3,32,0,36,53,67,106,0,226,44,0,44,270
03/29/2000,CID,IA,ACE,CE,Towers with Radar,56,58,52,0,166,1,6,62,0,69,57,64,114,0,235,38,0,38,273
03/30/2000,CID,IA,ACE,CE,Towers with Radar,45,73,69,2,189,1,3,60,0,64,46,76,129,2,253,36,0,36,289
03/31/2000,CID,IA,ACE,CE,Towers with Radar,53,67,41,0,161,1,2,41,0,44,54,69,82,0,205,18,0,18,223
04/01/2000,CID,IA,ACE,CE,Towers with Radar,40,41,23,0,104,1,0,47,0,48,41,41,70,0,152,82,0,82,234
04/02/2000,CID,IA,ACE,CE,Towers with Radar,30,39,22,0,91,0,0,43,0,43,30,39,65,0,134,14,0,14,148
04/03/2000,CID,IA,ACE,CE,Towers with Radar,42,50,40,0,132,0,0,21,0,21,42,50,61,0,153,0,0,0,153
04/04/2000,CID,IA,ACE,CE,Towers with Radar,42,76,108,0,226,0,0,33,0,33,42,76,141,0,259,6,0,6,265
04/05/2000,CID,IA,ACE,CE,Towers with Radar,44,77,64,0,185,0,0,30,0,30,44,77,94,0,215,0,0,0,215
04/06/2000,CID,IA,ACE,CE,Towers with Radar,42,74,53,0,169,0,1,59,0,60,42,75,112,0,229,18,0,18,247
04/07/2000,CID,IA,ACE,CE,Towers with Radar,38,67,34,0,139,0,0,8,0,8,38,67,42,0,147,0,0,0,147
04/08/2000,CID,IA,ACE,CE,Towers with Radar,37,45,21,0,103,0,0,69,0,69,37,45,90,0,172,116,0,116,288
04/09/2000,CID,IA,ACE,CE,Towers with Radar,32,42,22,0,96,0,1,86,0,87,32,43,108,0,183,82,0,82,265
04/10/2000,CID,IA,ACE,CE,Towers with Radar,39,59,67,0,165,0,0,13,0,13,39,59,80,0,178,12,0,12,190
04/11/2000,CID,IA,ACE,CE,Towers with Radar,40,73,71,0,184,0,0,24,0,24,40,73,95,0,208,34,0,34,242
04/12/2000,CID,IA,ACE,CE,Towers with Radar,41,71,69,0,181,0,0,95,0,95,41,71,164,0,276,16,0,16,292
04/13/2000,CID,IA,ACE,CE,Towers with Radar,42,82,62,0,186,0,0,56,0,56,42,82,118,0,242,118,0,118,360
04/14/2000,CID,IA,ACE,CE,Towers with Radar,45,71,40,2,158,0,0,40,0,40,45,71,80,2,198,0,0,0,198
04/15/2000,CID,IA,ACE,CE,Towers with Radar,36,54,23,1,114,0,0,43,1,44,36,54,66,2,158,44,0,44,202
04/16/2000,CID,IA,ACE,CE,Towers with Radar,23,36,14,0,73,11,7,0,0,18,34,43,14,0,91,0,0,0,91
04/17/2000,CID,IA,ACE,CE,Towers with Radar,32,66,62,0,160,0,0,12,0,12,32,66,74,0,172,32,0,32,204
04/18/2000,CID,IA,ACE,CE,Towers with Radar,42,78,64,0,184,0,0,47,0,47,42,78,111,0,231,96,0,96,327
04/19/2000,CID,IA,ACE,CE,Towers with Radar,40,62,43,3,148,0,0,1,0,1,40,62,44,3,149,0,0,0,149
04/20/2000,CID,IA,ACE,CE,Towers with Radar,39,64,53,0,156,0,0,12,0,12,39,64,65,0,168,0,0,0,168
04/21/2000,CID,IA,ACE,CE,Towers with Radar,40,62,52,0,154,0,0,45,0,45,40,62,97,0,199,66,0,66,265
04/22/2000,CID,IA,ACE,CE,Towers with Radar,26,41,31,0,98,7,12,38,0,57,33,53,69,0,155,84,0,84,239
04/23/2000,CID,IA,ACE,CE,Towers with Radar,33,48,16,0,97,0,0,28,0,28,33,48,44,0,125,58,0,58,183
04/24/2000,CID,IA,ACE,CE,Towers with Radar,38,67,56,0,161,0,0,47,0,47,38,67,103,0,208,76,0,76,284
04/25/2000,CID,IA,ACE,CE,Towers with Radar,44,73,85,0,202,0,1,86,0,87,44,74,171,0,289,62,0,62,351
04/26/2000,CID,IA,ACE,CE,Towers with Radar,49,76,53,0,178,0,3,33,0,36,49,79,86,0,214,77,0,77,291
04/27/2000,CID,IA,ACE,CE,Towers with Radar,42,78,65,0,185,0,4,49,0,53,42,82,114,0,238,34,0,34,272
04/28/2000,CID,IA,ACE,CE,Towers with Radar,42,70,55,0,167,0,6,49,0,55,42,76,104,0,222,36,0,36,258
04/29/2000,CID,IA,ACE,CE,Towers with Radar,48,44,27,0,119,0,0,75,0,75,48,44,102,0,194,98,0,98,292
04/30/2000,CID,IA,ACE,CE,Towers with Radar,33,38,35,0,106,0,0,71,0,71,33,38,106,0,177,44,0,44,221
05/01/2000,CID,IA,ACE,CE,Towers with Radar,40,68,62,0,170,1,0,51,0,52,41,68,113,0,222,82,0,82,304
05/02/2000,CID,IA,ACE,CE,Towers with Radar,49,70,65,0,184,0,0,66,0,66,49,70,131,0,250,64,0,64,314
05/03/2000,CID,IA,ACE,CE,Towers with Radar,46,70,80,0,196,0,0,65,0,65,46,70,145,0,261,26,0,26,287
05/04/2000,CID,IA,ACE,CE,Towers with Radar,38,82,55,0,175,0,0,72,0,72,38,82,127,0,247,76,0,76,323
05/05/2000,CID,IA,ACE,CE,Towers with Radar,44,74,46,0,164,0,0,62,0,62,44,74,108,0,226,46,0,46,272
05/06/2000,CID,IA,ACE,CE,Towers with Radar,49,44,17,2,112,0,1,59,0,60,49,45,76,2,172,49,0,49,221
05/07/2000,CID,IA,ACE,CE,Towers with Radar,30,47,25,1,103,0,0,37,0,37,30,47,62,1,140,66,0,66,206
05/08/2000,CID,IA,ACE,CE,Towers with Radar,36,67,59,0,162,0,0,22,0,22,36,67,81,0,184,6,0,6,190
05/09/2000,CID,IA,ACE,CE,Towers with Radar,40,81,73,0,194,0,0,21,2,23,40,81,94,2,217,12,0,12,229
05/10/2000,CID,IA,ACE,CE,Towers with Radar,38,77,79,0,194,0,0,52,0,52,38,77,131,0,246,52,0,52,298
05/11/2000,CID,IA,ACE,CE,Towers with Radar,39,77,75,0,191,0,0,35,0,35,39,77,110,0,226,6,0,6,232
05/12/2000,CID,IA,ACE,CE,Towers with Radar,44,68,57,0,169,0,0,14,0,14,44,68,71,0,183,4,0,4,187
05/13/2000,CID,IA,ACE,CE,Towers with Radar,45,57,33,0,135,0,0,32,0,32,45,57,65,0,167,61,0,61,228
05/14/2000,CID,IA,ACE,CE,Towers with Radar,26,43,36,0,105,2,8,37,0,47,28,51,73,0,152,34,0,34,186
05/15/2000,CID,IA,ACE,CE,Towers with Radar,39,74,55,0,168,0,1,61,0,62,39,75,116,0,230,97,0,97,327
05/16/2000,CID,IA,ACE,CE,Towers with Radar,44,72,94,0,210,0,0,67,0,67,44,72,161,0,277,52,0,52,329
05/17/2000,CID,IA,ACE,CE,Towers with Radar,38,73,92,0,203,0,0,21,0,21,38,73,113,0,224,0,0,0,224
05/18/2000,CID,IA,ACE,CE,Towers with Radar,35,57,49,0,141,1,0,11,0,12,36,57,60,0,153,22,0,22,175
05/19/2000,CID,IA,ACE,CE,Towers with Radar,42,67,64,0,173,0,0,45,0,45,42,67,109,0,218,36,0,36,254
05/20/2000,CID,IA,ACE,CE,Towers with Radar,39,49,27,0,115,0,0,58,0,58,39,49,85,0,173,118,0,118,291
05/21/2000,CID,IA,ACE,CE,Towers with Radar,30,47,28,0,105,0,3,42,0,45,30,50,70,0,150,82,0,82,232
05/22/2000,CID,IA,ACE,CE,Towers with Radar,37,62,76,0,175,0,0,53,0,53,37,62,129,0,228,50,0,50,278
05/23/2000,CID,IA,ACE,CE,Towers with Radar,42,72,79,0,193,0,0,66,0,66,42,72,145,0,259,48,0,48,307
05/24/2000,CID,IA,ACE,CE,Towers with Radar,41,73,53,0,167,0,0,53,2,55,41,73,106,2,222,24,0,24,246
05/25/2000,CID,IA,ACE,CE,Towers with Radar,35,74,70,0,179,0,2,62,0,64,35,76,132,0,243,89,0,89,332
05/26/2000,CID,IA,ACE,CE,Towers with Radar,42,65,57,1,165,0,0,17,0,17,42,65,74,1,182,38,2,40,222
05/27/2000,CID,IA,ACE,CE,Towers with Radar,44,45,15,0,104,0,0,2,0,2,44,45,17,0,106,8,0,8,114
05/28/2000,CID,IA,ACE,CE,Towers with Radar,23,39,27,1,90,0,0,12,0,12,23,39,39,1,102,34,0,34,136
05/29/2000,CID,IA,ACE,CE,Towers with Radar,34,54,23,0,111,0,0,23,0,23,34,54,46,0,134,6,0,6,140
05/30/2000,CID,IA,ACE,CE,Towers with Radar,36,71,70,0,177,0,0,27,0,27,36,71,97,0,204,28,0,28,232
05/31/2000,CID,IA,ACE,CE,Towers with Radar,40,69,87,0,196,0,2,19,0,21,40,71,106,0,217,16,0,16,233
06/01/2000,CID,IA,ACE,CE,Towers with Radar,38,53,89,0,180,0,0,43,0,43,38,53,132,0,223,10,0,10,233
06/02/2000,CID,IA,ACE,CE,Towers with Radar,40,65,81,0,186,0,0,55,0,55,40,65,136,0,241,34,0,34,275
06/03/2000,CID,IA,ACE,CE,Towers with Radar,42,53,26,0,121,0,1,96,0,97,42,54,122,0,218,56,0,56,274
06/04/2000,CID,IA,ACE,CE,Towers with Radar,28,40,35,0,103,0,0,22,0,22,28,40,57,0,125,48,0,48,173
06/05/2000,CID,IA,ACE,CE,Towers with Radar,33,69,72,0,174,0,0,46,0,46,33,69,118,0,220,15,0,15,235
06/06/2000,CID,IA,ACE,CE,Towers with Radar,42,74,57,0,173,0,2,74,0,76,42,76,131,0,249,58,0,58,307
06/07/2000,CID,IA,ACE,CE,Towers with Radar,44,72,88,0,204,0,1,54,0,55,44,73,142,0,259,50,0,50,309
06/08/2000,CID,IA,ACE,CE,Towers with Radar,38,72,73,0,183,0,0,81,0,81,38,72,154,0,264,74,0,74,338
06/09/2000,CID,IA,ACE,CE,Towers with Radar,48,67,46,0,161,0,0,57,0,57,48,67,103,0,218,60,0,60,278
06/10/2000,CID,IA,ACE,CE,Towers with Radar,50,49,12,0,111,0,0,38,0,38,50,49,50,0,149,4,0,4,153
06/11/2000,CID,IA,ACE,CE,Towers with Radar,35,36,32,0,103,0,0,43,0,43,35,36,75,0,146,88,0,88,234
06/12/2000,CID,IA,ACE,CE,Towers with Radar,41,65,84,0,190,0,0,3,0,3,41,65,87,0,193,0,0,0,193
06/13/2000,CID,IA,ACE,CE,Towers with Radar,30,51,72,0,153,0,0,10,0,10,30,51,82,0,163,4,0,4,167
06/14/2000,CID,IA,ACE,CE,Towers with Radar,32,56,83,0,171,0,0,15,0,15,32,56,98,0,186,2,0,2,188
06/15/2000,CID,IA,ACE,CE,Towers with Radar,40,66,89,0,195,0,0,84,0,84,40,66,173,0,279,60,0,60,339
06/16/2000,CID,IA,ACE,CE,Towers with Radar,39,67,77,0,183,0,0,62,0,62,39,67,139,0,245,63,0,63,308
06/17/2000,CID,IA,ACE,CE,Towers with Radar,44,41,29,0,114,0,0,88,0,88,44,41,117,0,202,96,0,96,298
06/18/2000,CID,IA,ACE,CE,Towers with Radar,31,39,25,0,95,0,0,72,0,72,31,39,97,0,167,72,0,72,239
06/19/2000,CID,IA,ACE,CE,Towers with Radar,35,67,60,0,162,0,0,61,0,61,35,67,121,0,223,40,0,40,263
06/20/2000,CID,IA,ACE,CE,Towers with Radar,41,61,68,0,170,0,0,34,0,34,41,61,102,0,204,52,0,52,256
06/21/2000,CID,IA,ACE,CE,Towers with Radar,48,69,75,0,192,0,0,67,0,67,48,69,142,0,259,20,0,20,279
06/22/2000,CID,IA,ACE,CE,Towers with Radar,39,71,81,0,191,0,5,80,0,85,39,76,161,0,276,62,0,62,338
06/23/2000,CID,IA,ACE,CE,Towers with Radar,36,59,52,0,147,0,0,25,0,25,36,59,77,0,172,36,0,36,208
06/24/2000,CID,IA,ACE,CE,Towers with Radar,37,39,27,0,103,0,0,3,0,3,37,39,30,0,106,0,0,0,106
06/25/2000,CID,IA,ACE,CE,Towers with Radar,25,46,20,0,91,0,0,49,0,49,25,46,69,0,140,68,0,68,208
06/26/2000,CID,IA,ACE,CE,Towers with Radar,35,61,57,0,153,0,0,34,0,34,35,61,91,0,187,12,0,12,199
06/27/2000,CID,IA,ACE,CE,Towers with Radar,42,63,92,0,197,0,3,81,0,84,42,66,173,0,281,76,0,76,357
06/28/2000,CID,IA,ACE,CE,Towers with Radar,42,64,75,0,181,0,0,21,0,21,42,64,96,0,202,44,0,44,246
06/29/2000,CID,IA,ACE,CE,Towers with Radar,46,67,78,0,191,0,0,95,0,95,46,67,173,0,286,117,0,117,403
06/30/2000,CID,IA,ACE,CE,Towers with Radar,42,62,44,0,148,0,0,81,0,81,42,62,125,0,229,60,0,60,289
07/01/2000,CID,IA,ACE,CE,Towers with Radar,45,48,16,0,109,0,0,43,0,43,45,48,59,0,152,40,0,40,192
07/02/2000,CID,IA,ACE,CE,Towers with Radar,28,39,24,0,91,0,0,23,0,23,28,39,47,0,114,0,0,0,114
07/03/2000,CID,IA,ACE,CE,Towers with Radar,26,42,41,0,109,0,0,23,0,23,26,42,64,0,132,74,0,74,206
07/04/2000,CID,IA,ACE,CE,Towers with Radar,30,52,14,0,96,0,0,3,0,3,30,52,17,0,99,0,0,0,99
07/05/2000,CID,IA,ACE,CE,Towers with Radar,36,56,56,0,148,0,0,33,0,33,36,56,89,0,181,28,0,28,209
07/06/2000,CID,IA,ACE,CE,Towers with Radar,44,63,67,0,174,0,0,40,0,40,44,63,107,0,214,40,0,40,254
07/07/2000,CID,IA,ACE,CE,Towers with Radar,48,77,62,2,189,0,0,58,0,58,48,77,120,2,247,56,0,56,303
07/08/2000,CID,IA,ACE,CE,Towers with Radar,48,43,36,0,127,0,0,69,0,69,48,43,105,0,196,102,0,102,298
07/09/2000,CID,IA,ACE,CE,Towers with Radar,34,40,23,0,97,0,0,35,0,35,34,40,58,0,132,48,0,48,180
07/10/2000,CID,IA,ACE,CE,Towers with Radar,33,62,51,0,146,0,0,22,0,22,33,62,73,0,168,76,0,76,244
07/11/2000,CID,IA,ACE,CE,Towers with Radar,43,70,82,0,195,0,2,46,0,48,43,72,128,0,243,82,0,82,325
07/12/2000,CID,IA,ACE,CE,Towers with Radar,42,64,73,0,179,0,0,20,0,20,42,64,93,0,199,12,0,12,211
07/13/2000,CID,IA,ACE,CE,Towers with Radar,48,63,88,0,199,0,2,75,0,77,48,65,163,0,276,148,0,148,424
07/14/2000,CID,IA,ACE,CE,Towers with Radar,42,52,47,0,141,0,0,67,0,67,42,52,114,0,208,66,0,66,274
07/15/2000,CID,IA,ACE,CE,Towers with Radar,49,35,23,0,107,0,0,78,0,78,49,35,101,0,185,82,0,82,267
07/16/2000,CID,IA,ACE,CE,Towers with Radar,30,41,28,0,99,0,0,40,0,40,30,41,68,0,139,36,0,36,175
07/17/2000,CID,IA,ACE,CE,Towers with Radar,30,60,71,0,161,0,0,66,0,66,30,60,137,0,227,64,0,64,291
07/18/2000,CID,IA,ACE,CE,Towers with Radar,46,65,91,3,205,0,0,65,1,66,46,65,156,4,271,66,8,74,345
07/19/2000,CID,IA,ACE,CE,Towers with Radar,45,56,73,1,175,0,0,51,1,52,45,56,124,2,227,72,2,74,301
07/20/2000,CID,IA,ACE,CE,Towers with Radar,39,64,91,0,194,0,0,60,0,60,39,64,151,0,254,47,0,47,301
07/21/2000,CID,IA,ACE,CE,Towers with Radar,46,60,50,0,156,0,0,64,0,64,46,60,114,0,220,53,0,53,273
07/22/2000,CID,IA,ACE,CE,Towers with Radar,43,44,28,0,115,0,2,108,0,110,43,46,136,0,225,86,0,86,311
07/23/2000,CID,IA,ACE,CE,Towers with Radar,30,48,21,0,99,0,0,83,0,83,30,48,104,0,182,54,0,54,236
07/24/2000,CID,IA,ACE,CE,Towers with Radar,33,74,53,0,160,0,0,57,0,57,33,74,110,0,217,98,0,98,315
07/25/2000,CID,IA,ACE,CE,Towers with Radar,44,66,80,0,190,0,0,63,0,63,44,66,143,0,253,56,0,56,309
07/26/2000,CID,IA,ACE,CE,Towers with Radar,42,60,46,0,148,0,0,10,0,10,42,60,56,0,158,0,0,0,158
07/27/2000,CID,IA,ACE,CE,Towers with Radar,47,61,89,0,197,0,0,60,0,60,47,61,149,0,257,34,0,34,291
07/28/2000,CID,IA,ACE,CE,Towers with Radar,42,54,67,2,165,0,0,79,0,79,42,54,146,2,244,104,0,104,348
07/29/2000,CID,IA,ACE,CE,Towers with Radar,33,42,41,0,116,0,0,17,0,17,33,42,58,0,133,16,0,16,149
07/30/2000,CID,IA,ACE,CE,Towers with Radar,29,40,39,0,108,0,0,30,0,30,29,40,69,0,138,32,0,32,170
07/31/2000,CID,IA,ACE,CE,Towers with Radar,30,63,67,0,160,0,1,48,0,49,30,64,115,0,209,62,0,62,271
08/01/2000,CID,IA,ACE,CE,Towers with Radar,40,56,79,0,175,0,0,57,2,59,40,56,136,2,234,72,0,72,306
08/02/2000,CID,IA,ACE,CE,Towers with Radar,42,58,75,0,175,0,0,60,0,60,42,58,135,0,235,30,0,30,265
08/03/2000,CID,IA,ACE,CE,Towers with Radar,40,62,95,0,197,0,1,69,0,70,40,63,164,0,267,74,0,74,341
08/04/2000,CID,IA,ACE,CE,Towers with Radar,40,66,52,0,158,0,0,59,0,59,40,66,111,0,217,66,0,66,283
08/05/2000,CID,IA,ACE,CE,Towers with Radar,43,35,34,0,112,0,0,9,0,9,43,35,43,0,121,32,0,32,153
08/06/2000,CID,IA,ACE,CE,Towers with Radar,27,45,26,0,98,0,0,35,0,35,27,45,61,0,133,34,0,34,167
08/07/2000,CID,IA,ACE,CE,Towers with Radar,33,64,47,0,144,0,1,62,0,63,33,65,109,0,207,42,0,42,249
08/08/2000,CID,IA,ACE,CE,Towers with Radar,43,71,67,0,181,0,0,35,0,35,43,71,102,0,216,46,0,46,262
08/09/2000,CID,IA,ACE,CE,Towers with Radar,49,54,74,0,177,0,0,75,0,75,49,54,149,0,252,40,0,40,292
08/10/2000,CID,IA,ACE,CE,Towers with Radar,39,67,84,0,190,0,0,75,0,75,39,67,159,0,265,88,0,88,353
08/11/2000,CID,IA,ACE,CE,Towers with Radar,40,63,54,0,157,0,1,88,0,89,40,64,142,0,246,58,0,58,304
08/12/2000,CID,IA,ACE,CE,Towers with Radar,41,48,25,0,114,0,0,79,0,79,41,48,104,0,193,70,0,70,263
08/13/2000,CID,IA,ACE,CE,Towers with Radar,32,44,46,0,122,0,0,32,0,32,32,44,78,0,154,16,0,16,170
08/14/2000,CID,IA,ACE,CE,Towers with Radar,33,60,59,1,153,0,0,46,0,46,33,60,105,1,199,50,0,50,249
08/15/2000,CID,IA,ACE,CE,Towers with Radar,41,64,65,0,170,0,0,43,0,43,41,64,108,0,213,42,0,42,255
08/16/2000,CID,IA,ACE,CE,Towers with Radar,36,61,73,0,170,0,2,51,0,53,36,63,124,0,223,48,0,48,271
08/17/2000,CID,IA,ACE,CE,Towers with Radar,42,60,73,3,178,0,0,17,0,17,42,60,90,3,195,2,0,2,197
08/18/2000,CID,IA,ACE,CE,Towers with Radar,34,68,57,2,161,0,0,56,0,56,34,68,113,2,217,42,0,42,259
08/19/2000,CID,IA,ACE,CE,Towers with Radar,45,50,28,0,123,0,0,62,0,62,45,50,90,0,185,99,0,99,284
08/20/2000,CID,IA,ACE,CE,Towers with Radar,33,42,29,0,104,0,0,82,0,82,33,42,111,0,186,24,0,24,210
08/21/2000,CID,IA,ACE,CE,Towers with Radar,34,66,50,0,150,0,1,29,0,30,34,67,79,0,180,50,0,50,230
08/22/2000,CID,IA,ACE,CE,Towers with Radar,42,68,67,0,177,0,1,7,0,8,42,69,74,0,185,0,0,0,185
08/23/2000,CID,IA,ACE,CE,Towers with Radar,40,60,68,0,168,0,0,22,0,22,40,60,90,0,190,12,0,12,202
08/24/2000,CID,IA,ACE,CE,Towers with Radar,33,60,84,0,177,0,0,55,0,55,33,60,139,0,232,40,0,40,272
08/25/2000,CID,IA,ACE,CE,Towers with Radar,45,71,78,0,194,0,0,76,0,76,45,71,154,0,270,100,0,100,370
08/26/2000,CID,IA,ACE,CE,Towers with Radar,42,49,22,0,113,0,0,13,0,13,42,49,35,0,126,20,0,20,146
08/27/2000,CID,IA,ACE,CE,Towers with Radar,22,52,41,0,115,0,1,19,0,20,22,53,60,0,135,64,0,64,199
08/28/2000,CID,IA,ACE,CE,Towers with Radar,37,60,78,0,175,0,0,13,0,13,37,60,91,0,188,44,0,44,232
08/29/2000,CID,IA,ACE,CE,Towers with Radar,43,63,80,0,186,0,0,27,0,27,43,63,107,0,213,62,0,62,275
08/30/2000,CID,IA,ACE,CE,Towers with Radar,39,70,83,0,192,0,0,13,0,13,39,70,96,0,205,56,0,56,261
08/31/2000,CID,IA,ACE,CE,Towers with Radar,43,66,87,0,196,0,0,41,0,41,43,66,128,0,237,38,0,38,275
09/01/2000,CID,IA,ACE,CE,Towers with Radar,35,69,80,0,184,0,0,36,0,36,35,69,116,0,220,22,0,22,242
09/02/2000,CID,IA,ACE,CE,Towers with Radar,35,42,13,0,90,0,1,41,0,42,35,43,54,0,132,40,0,40,172
09/03/2000,CID,IA,ACE,CE,Towers with Radar,16,35,12,0,63,0,0,31,0,31,16,35,43,0,94,16,0,16,110
09/04/2000,CID,IA,ACE,CE,Towers with Radar,27,48,19,0,94,0,0,49,0,49,27,48,68,0,143,36,0,36,179
09/05/2000,CID,IA,ACE,CE,Towers with Radar,34,70,75,0,179,0,1,77,0,78,34,71,152,0,257,68,0,68,325
09/06/2000,CID,IA,ACE,CE,Towers with Radar,37,64,64,0,165,0,0,91,0,91,37,64,155,0,256,68,0,68,324
09/07/2000,CID,IA,ACE,CE,Towers with Radar,49,71,71,0,191,0,0,54,0,54,49,71,125,0,245,46,0,46,291
09/08/2000,CID,IA,ACE,CE,Towers with Radar,44,80,70,0,194,0,0,66,2,68,44,80,136,2,262,12,0,12,274
09/09/2000,CID,IA,ACE,CE,Towers with Radar,41,52,12,0,105,0,0,64,1,65,41,52,76,1,170,48,0,48,218
09/10/2000,CID,IA,ACE,CE,Towers with Radar,27,46,37,0,110,0,0,47,0,47,27,46,84,0,157,26,0,26,183
09/11/2000,CID,IA,ACE,CE,Towers with Radar,20,48,51,0,119,0,1,27,0,28,20,49,78,0,147,78,0,78,225
09/12/2000,CID,IA,ACE,CE,Towers with Radar,48,64,82,0,194,0,0,83,0,83,48,64,165,0,277,94,0,94,371
09/13/2000,CID,IA,ACE,CE,Towers with Radar,39,68,76,0,183,0,0,69,0,69,39,68,145,0,252,54,0,54,306
09/14/2000,CID,IA,ACE,CE,Towers with Radar,42,69,85,0,196,0,0,36,0,36,42,69,121,0,232,0,0,0,232
09/15/2000,CID,IA,ACE,CE,Towers with Radar,41,68,85,0,194,0,0,75,0,75,41,68,160,0,269,28,0,28,297
09/16/2000,CID,IA,ACE,CE,Towers with Radar,43,43,23,0,109,0,0,88,0,88,43,43,111,0,197,68,0,68,265
09/17/2000,CID,IA,ACE,CE,Towers with Radar,30,44,29,0,103,0,0,80,0,80,30,44,109,0,183,50,0,50,233
09/18/2000,CID,IA,ACE,CE,Towers with Radar,30,68,62,0,160,0,0,58,0,58,30,68,120,0,218,16,0,16,234
09/19/2000,CID,IA,ACE,CE,Towers with Radar,43,70,62,0,175,0,0,12,0,12,43,70,74,0,187,2,0,2,189
09/20/2000,CID,IA,ACE,CE,Towers with Radar,39,68,77,0,184,0,0,22,0,22,39,68,99,0,206,20,0,20,226
09/21/2000,CID,IA,ACE,CE,Towers with Radar,43,66,78,0,187,0,0,92,0,92,43,66,170,0,279,98,0,98,377
09/22/2000,CID,IA,ACE,CE,Towers with Radar,36,65,51,0,152,0,0,2,0,2,36,65,53,0,154,0,0,0,154
09/23/2000,CID,IA,ACE,CE,Towers with Radar,43,48,26,0,117,0,0,13,0,13,43,48,39,0,130,28,0,28,158
09/24/2000,CID,IA,ACE,CE,Towers with Radar,30,40,38,0,108,0,0,24,0,24,30,40,62,0,132,34,0,34,166
09/25/2000,CID,IA,ACE,CE,Towers with Radar,36,55,64,0,155,0,0,58,0,58,36,55,122,0,213,46,0,46,259
09/26/2000,CID,IA,ACE,CE,Towers with Radar,40,65,64,0,169,0,0,71,2,73,40,65,135,2,242,62,0,62,304
09/27/2000,CID,IA,ACE,CE,Towers with Radar,40,66,46,0,152,0,0,97,0,97,40,66,143,0,249,116,0,116,365
09/28/2000,CID,IA,ACE,CE,Towers with Radar,43,63,60,0,166,0,0,66,0,66,43,63,126,0,232,18,0,18,250
09/29/2000,CID,IA,ACE,CE,Towers with Radar,44,66,46,0,156,0,0,71,0,71,44,66,117,0,227,74,0,74,301
09/30/2000,CID,IA,ACE,CE,Towers with Radar,42,49,21,0,112,0,0,34,0,34,42,49,55,0,146,58,0,58,204
10/01/2000,CID,IA,ACE,CE,Towers with Radar,29,48,34,0,111,1,2,51,0,54,30,50,85,0,165,26,0,26,191
10/02/2000,CID,IA,ACE,CE,Towers with Radar,33,56,40,0,129,1,0,22,0,23,34,56,62,0,152,28,0,28,180
10/03/2000,CID,IA,ACE,CE,Towers with Radar,45,61,85,0,191,1,0,52,0,53,46,61,137,0,244,64,0,64,308
10/04/2000,CID,IA,ACE,CE,Towers with Radar,39,64,69,0,172,1,0,36,0,37,40,64,105,0,209,40,0,40,249
10/05/2000,CID,IA,ACE,CE,Towers with Radar,43,75,82,0,200,1,0,20,0,21,44,75,102,0,221,28,0,28,249
10/06/2000,CID,IA,ACE,CE,Towers with Radar,43,71,72,0,186,0,0,37,1,38,43,71,109,1,224,30,0,30,254
10/07/2000,CID,IA,ACE,CE,Towers with Radar,40,42,15,0,97,1,0,53,0,54,41,42,68,0,151,40,0,40,191
10/08/2000,CID,IA,ACE,CE,Towers with Radar,30,48,24,0,102,0,3,63,0,66,30,51,87,0,168,44,0,44,212
10/09/2000,CID,IA,ACE,CE,Towers with Radar,36,58,43,0,137,0,1,68,0,69,36,59,111,0,206,64,0,64,270
10/10/2000,CID,IA,ACE,CE,Towers with Radar,40,64,81,0,185,0,1,60,0,61,40,65,141,0,246,62,0,62,308
10/11/2000,CID,IA,ACE,CE,Towers with Radar,35,64,80,0,179,0,1,72,0,73,35,65,152,0,252,66,0,66,318
10/12/2000,CID,IA,ACE,CE,Towers with Radar,38,67,68,4,177,0,1,63,0,64,38,68,131,4,241,52,0,52,293
10/13/2000,CID,IA,ACE,CE,Towers with Radar,46,58,62,4,170,0,1,43,0,44,46,59,105,4,214,8,0,8,222
10/14/2000,CID,IA,ACE,CE,Towers with Radar,43,45,19,0,107,0,1,63,0,64,43,46,82,0,171,114,0,114,285
10/15/2000,CID,IA,ACE,CE,Towers with Radar,31,39,27,2,99,0,1,76,0,77,31,40,103,2,176,38,0,38,214
10/16/2000,CID,IA,ACE,CE,Towers with Radar,36,69,48,0,153,0,2,49,0,51,36,71,97,0,204,16,0,16,220
10/17/2000,CID,IA,ACE,CE,Towers with Radar,43,65,58,0,166,0,1,31,0,32,43,66,89,0,198,90,0,90,288
10/18/2000,CID,IA,ACE,CE,Towers with Radar,36,67,65,8,176,0,1,76,0,77,36,68,141,8,253,88,0,88,341
10/19/2000,CID,IA,ACE,CE,Towers with Radar,38,64,62,10,174,0,3,74,0,77,38,67,136,10,251,74,0,74,325
10/20/2000,CID,IA,ACE,CE,Towers with Radar,43,76,64,2,185,0,1,75,0,76,43,77,139,2,261,36,0,36,297
10/21/2000,CID,IA,ACE,CE,Towers with Radar,29,43,43,0,115,0,0,13,0,13,29,43,56,0,128,34,0,34,162
10/22/2000,CID,IA,ACE,CE,Towers with Radar,33,50,43,0,126,0,4,0,0,4,33,54,43,0,130,0,0,0,130
10/23/2000,CID,IA,ACE,CE,Towers with Radar,22,32,43,0,97,0,0,17,0,17,22,32,60,0,114,10,0,10,124
10/24/2000,CID,IA,ACE,CE,Towers with Radar,34,57,61,0,152,0,0,27,0,27,34,57,88,0,179,14,0,14,193
10/25/2000,CID,IA,ACE,CE,Towers with Radar,33,44,48,0,125,10,0,48,0,58,43,44,96,0,183,56,0,56,239
10/26/2000,CID,IA,ACE,CE,Towers with Radar,39,59,77,0,175,0,1,42,0,43,39,60,119,0,218,56,0,56,274
10/27/2000,CID,IA,ACE,CE,Towers with Radar,41,62,94,0,197,0,1,17,0,18,41,63,111,0,215,20,0,20,235
10/28/2000,CID,IA,ACE,CE,Towers with Radar,38,46,20,0,104,0,1,23,0,24,38,47,43,0,128,38,0,38,166
10/29/2000,CID,IA,ACE,CE,Towers with Radar,27,42,27,0,96,0,1,26,1,28,27,43,53,1,124,84,0,84,208
10/30/2000,CID,IA,ACE,CE,Towers with Radar,37,59,62,1,159,0,2,45,1,48,37,61,107,2,207,12,0,12,219
10/31/2000,CID,IA,ACE,CE,Towers with Radar,42,66,78,0,186,0,1,32,0,33,42,67,110,0,219,32,0,32,251
11/01/2000,CID,IA,ACE,CE,Towers with Radar,39,66,75,0,180,0,0,10,0,10,39,66,85,0,190,0,0,0,190
11/02/2000,CID,IA,ACE,CE,Towers with Radar,40,60,45,0,145,0,0,41,0,41,40,60,86,0,186,138,0,138,324
11/03/2000,CID,IA,ACE,CE,Towers with Radar,42,52,62,0,156,0,0,61,0,61,42,52,123,0,217,38,0,38,255
11/04/2000,CID,IA,ACE,CE,Towers with Radar,45,52,17,0,114,0,0,80,0,80,45,52,97,0,194,78,0,78,272
11/05/2000,CID,IA,ACE,CE,Towers with Radar,26,42,36,0,104,0,0,28,0,28,26,42,64,0,132,22,0,22,154
11/06/2000,CID,IA,ACE,CE,Towers with Radar,26,54,54,0,134,0,0,3,0,3,26,54,57,0,137,10,0,10,147
11/07/2000,CID,IA,ACE,CE,Towers with Radar,43,72,70,0,185,0,0,11,0,11,43,72,81,0,196,42,0,42,238
11/08/2000,CID,IA,ACE,CE,Towers with Radar,43,58,89,0,190,0,0,32,0,32,43,58,121,0,222,82,0,82,304
11/09/2000,CID,IA,ACE,CE,Towers with Radar,37,51,77,0,165,0,0,6,0,6,37,51,83,0,171,0,0,0,171
11/10/2000,CID,IA,ACE,CE,Towers with Radar,40,59,84,0,183,0,0,27,0,27,40,59,111,0,210,96,0,96,306
11/11/2000,CID,IA,ACE,CE,Towers with Radar,38,51,24,0,113,0,0,0,0,0,38,51,24,0,113,0,0,0,113
11/12/2000,CID,IA,ACE,CE,Towers with Radar,30,40,14,0,84,0,0,0,0,0,30,40,14,0,84,0,0,0,84
11/13/2000,CID,IA,ACE,CE,Towers with Radar,37,53,74,0,164,0,2,3,0,5,37,55,77,0,169,40,0,40,209
11/14/2000,CID,IA,ACE,CE,Towers with Radar,37,66,81,2,186,0,0,27,0,27,37,66,108,2,213,110,0,110,323
11/15/2000,CID,IA,ACE,CE,Towers with Radar,43,69,80,0,192,0,0,56,0,56,43,69,136,0,248,32,0,32,280
11/16/2000,CID,IA,ACE,CE,Towers with Radar,38,64,72,0,174,0,0,1,0,1,38,64,73,0,175,0,0,0,175
11/17/2000,CID,IA,ACE,CE,Towers with Radar,49,73,58,0,180,0,0,30,0,30,49,73,88,0,210,40,0,40,250
11/18/2000,CID,IA,ACE,CE,Towers with Radar,45,47,27,0,119,0,0,14,0,14,45,47,41,0,133,78,0,78,211
11/19/2000,CID,IA,ACE,CE,Towers with Radar,30,38,20,0,88,0,0,13,0,13,30,38,33,0,101,24,0,24,125
11/20/2000,CID,IA,ACE,CE,Towers with Radar,37,63,54,0,154,0,0,10,0,10,37,63,64,0,164,0,0,0,164
11/21/2000,CID,IA,ACE,CE,Towers with Radar,38,57,66,1,162,0,0,44,0,44,38,57,110,1,206,22,0,22,228
11/22/2000,CID,IA,ACE,CE,Towers with Radar,44,61,51,0,156,0,0,48,0,48,44,61,99,0,204,38,0,38,242
11/23/2000,CID,IA,ACE,CE,Towers with Radar,28,40,12,0,80,0,0,39,0,39,28,40,51,0,119,16,0,16,135
11/24/2000,CID,IA,ACE,CE,Towers with Radar,24,39,37,0,100,0,0,66,0,66,24,39,103,0,166,56,0,56,222
11/25/2000,CID,IA,ACE,CE,Towers with Radar,34,45,31,0,110,0,0,50,0,50,34,45,81,0,160,64,0,64,224
11/26/2000,CID,IA,ACE,CE,Towers with Radar,31,46,34,0,111,0,0,17,0,17,31,46,51,0,128,34,0,34,162
11/27/2000,CID,IA,ACE,CE,Towers with Radar,37,55,67,0,159,0,0,29,0,29,37,55,96,0,188,44,0,44,232
11/28/2000,CID,IA,ACE,CE,Towers with Radar,43,66,63,0,172,0,0,40,0,40,43,66,103,0,212,62,0,62,274
11/29/2000,CID,IA,ACE,CE,Towers with Radar,44,65,56,0,165,0,0,12,0,12,44,65,68,0,177,56,0,56,233
11/30/2000,CID,IA,ACE,CE,Towers with Radar,44,61,83,0,188,0,0,5,0,5,44,61,88,0,193,16,0,16,209
12/01/2000,CID,IA,ACE,CE,Towers with Radar,40,60,65,0,165,0,0,16,0,16,40,60,81,0,181,24,0,24,205
12/02/2000,CID,IA,ACE,CE,Towers with Radar,41,47,23,0,111,0,0,56,0,56,41,47,79,0,167,38,0,38,205
12/03/2000,CID,IA,ACE,CE,Towers with Radar,31,48,23,0,102,0,0,54,0,54,31,48,77,0,156,38,0,38,194
12/04/2000,CID,IA,ACE,CE,Towers with Radar,36,56,70,0,162,0,0,29,0,29,36,56,99,0,191,26,0,26,217
12/05/2000,CID,IA,ACE,CE,Towers with Radar,42,68,72,1,183,0,2,39,0,41,42,70,111,1,224,20,0,20,244
12/06/2000,CID,IA,ACE,CE,Towers with Radar,42,60,48,0,150,0,0,22,0,22,42,60,70,0,172,24,0,24,196
12/07/2000,CID,IA,ACE,CE,Towers with Radar,40,52,58,0,150,0,0,23,0,23,40,52,81,0,173,18,0,18,191
12/08/2000,CID,IA,ACE,CE,Towers with Radar,43,54,51,0,148,0,0,16,0,16,43,54,67,0,164,36,0,36,200
12/09/2000,CID,IA,ACE,CE,Towers with Radar,41,44,17,0,102,0,0,36,0,36,41,44,53,0,138,22,0,22,160
12/10/2000,CID,IA,ACE,CE,Towers with Radar,31,38,11,0,80,0,0,3,0,3,31,38,14,0,83,12,0,12,95
12/11/2000,CID,IA,ACE,CE,Towers with Radar,7,14,12,0,33,0,0,0,0,0,7,14,12,0,33,0,0,0,33
12/12/2000,CID,IA,ACE,CE,Towers with Radar,35,55,54,0,144,0,0,20,0,20,35,55,74,0,164,2,0,2,166
12/13/2000,CID,IA,ACE,CE,Towers with Radar,28,47,37,0,112,0,0,1,0,1,28,47,38,0,113,0,0,0,113
12/14/2000,CID,IA,ACE,CE,Towers with Radar,44,64,67,1,176,0,0,6,1,7,44,64,73,2,183,0,0,0,183
12/15/2000,CID,IA,ACE,CE,Towers with Radar,26,64,55,0,145,0,0,0,0,0,26,64,55,0,145,0,0,0,145
12/16/2000,CID,IA,ACE,CE,Towers with Radar,33,42,2,0,77,4,2,0,0,6,37,44,2,0,83,0,0,0,83
12/17/2000,CID,IA,ACE,CE,Towers with Radar,28,35,15,0,78,2,1,11,0,14,30,36,26,0,92,6,0,6,98
12/18/2000,CID,IA,ACE,CE,Towers with Radar,17,30,43,0,90,0,0,2,0,2,17,30,45,0,92,0,0,0,92
12/19/2000,CID,IA,ACE,CE,Towers with Radar,39,48,74,0,161,0,0,34,0,34,39,48,108,0,195,4,0,4,199
12/20/2000,CID,IA,ACE,CE,Towers with Radar,37,33,35,0,105,0,0,1,0,1,37,33,36,0,106,0,0,0,106
12/21/2000,CID,IA,ACE,CE,Towers with Radar,40,53,60,0,153,0,0,1,0,1,40,53,61,0,154,4,0,4,158
12/22/2000,CID,IA,ACE,CE,Towers with Radar,39,58,46,0,143,0,0,16,0,16,39,58,62,0,159,4,0,4,163
12/23/2000,CID,IA,ACE,CE,Towers with Radar,38,36,17,0,91,0,0,13,0,13,38,36,30,0,104,0,0,0,104
12/24/2000,CID,IA,ACE,CE,Towers with Radar,26,29,10,0,65,0,0,12,0,12,26,29,22,0,77,8,0,8,85
12/25/2000,CID,IA,ACE,CE,Towers with Radar,23,35,6,0,64,0,0,2,0,2,23,35,8,0,66,0,0,0,66
12/26/2000,CID,IA,ACE,CE,Towers with Radar,31,54,39,0,124,0,0,18,0,18,31,54,57,0,142,48,0,48,190
12/27/2000,CID,IA,ACE,CE,Towers with Radar,39,55,47,0,141,0,0,33,0,33,39,55,80,0,174,2,0,2,176
12/28/2000,CID,IA,ACE,CE,Towers with Radar,37,46,28,0,111,0,0,0,0,0,37,46,28,0,111,6,0,6,117
12/29/2000,CID,IA,ACE,CE,Towers with Radar,34,58,24,0,116,0,0,7,0,7,34,58,31,0,123,0,0,0,123
12/30/2000,CID,IA,ACE,CE,Towers with Radar,36,37,22,0,95,0,0,0,0,0,36,37,22,0,95,0,0,0,95
12/31/2000,CID,IA,ACE,CE,Towers with Radar,26,26,7,0,59,0,0,0,0,0,26,26,7,0,59,0,0,0,59
01/01/2001,CID,IA,ACE,CE,Towers with Radar,25,29,26,0,80,1,0,13,0,14,26,29,39,0,94,32,0,32,126
01/02/2001,CID,IA,ACE,CE,Towers with Radar,36,54,30,0,120,0,0,26,0,26,36,54,56,0,146,50,0,50,196
01/03/2001,CID,IA,ACE,CE,Towers with Radar,43,61,34,0,138,0,0,14,0,14,43,61,48,0,152,26,0,26,178
01/04/2001,CID,IA,ACE,CE,Towers with Radar,43,53,49,0,145,0,0,15,0,15,43,53,64,0,160,0,0,0,160
01/05/2001,CID,IA,ACE,CE,Towers with Radar,44,57,51,0,152,0,0,30,2,32,44,57,81,2,184,10,0,10,194
01/06/2001,CID,IA,ACE,CE,Towers with Radar,42,47,30,0,119,0,0,87,1,88,42,47,117,1,207,46,0,46,253
01/07/2001,CID,IA,ACE,CE,Towers with Radar,31,41,35,0,107,0,11,14,1,26,31,52,49,1,133,59,0,59,192
01/08/2001,CID,IA,ACE,CE,Towers with Radar,34,56,47,0,137,0,0,17,0,17,34,56,64,0,154,6,0,6,160
01/09/2001,CID,IA,ACE,CE,Towers with Radar,44,66,55,1,166,0,0,32,0,32,44,66,87,1,198,4,0,4,202
01/10/2001,CID,IA,ACE,CE,Towers with Radar,43,67,62,2,174,0,3,44,0,47,43,70,106,2,221,80,0,80,301
01/11/2001,CID,IA,ACE,CE,Towers with Radar,40,64,64,0,168,0,0,10,0,10,40,64,74,0,178,46,0,46,224
01/12/2001,CID,IA,ACE,CE,Towers with Radar,30,16,15,0,61,0,0,0,0,0,30,16,15,0,61,0,0,0,61
01/13/2001,CID,IA,ACE,CE,Towers with Radar,32,38,15,0,85,0,0,1,0,1,32,38,16,0,86,0,0,0,86
01/14/2001,CID,IA,ACE,CE,Towers with Radar,8,9,7,0,24,1,0,0,0,1,9,9,7,0,25,0,0,0,25
01/15/2001,CID,IA,ACE,CE,Towers with Radar,36,50,43,0,129,0,0,4,0,4,36,50,47,0,133,6,0,6,139
01/16/2001,CID,IA,ACE,CE,Towers with Radar,48,62,73,0,183,0,0,24,0,24,48,62,97,0,207,40,0,40,247
01/17/2001,CID,IA,ACE,CE,Towers with Radar,41,69,62,0,172,0,0,47,0,47,41,69,109,0,219,36,0,36,255
01/18/2001,CID,IA,ACE,CE,Towers with Radar,42,56,67,0,165,0,0,24,0,24,42,56,91,0,189,20,0,20,209
01/19/2001,CID,IA,ACE,CE,Towers with Radar,48,54,64,0,166,0,0,17,3,20,48,54,81,3,186,42,0,42,228
01/20/2001,CID,IA,ACE,CE,Towers with Radar,45,44,29,0,118,0,0,55,0,55,45,44,84,0,173,40,0,40,213
01/21/2001,CID,IA,ACE,CE,Towers with Radar,29,36,32,0,97,1,6,39,0,46,30,42,71,0,143,76,0,76,219
01/22/2001,CID,IA,ACE,CE,Towers with Radar,53,59,59,0,171,0,1,29,0,30,53,60,88,0,201,8,0,8,209
01/23/2001,CID,IA,ACE,CE,Towers with Radar,37,64,85,0,186,0,0,50,0,50,37,64,135,0,236,41,0,41,277
01/24/2001,CID,IA,ACE,CE,Towers with Radar,51,55,60,0,166,0,0,45,0,45,51,55,105,0,211,44,0,44,255
01/25/2001,CID,IA,ACE,CE,Towers with Radar,44,69,61,1,175,0,2,57,0,59,44,71,118,1,234,82,0,82,316
01/26/2001,CID,IA,ACE,CE,Towers with Radar,42,53,39,0,134,0,0,7,0,7,42,53,46,0,141,2,0,2,143
01/27/2001,CID,IA,ACE,CE,Towers with Radar,41,44,26,0,111,0,3,59,0,62,41,47,85,0,173,12,0,12,185
01/28/2001,CID,IA,ACE,CE,Towers with Radar,32,39,13,0,84,0,0,21,0,21,32,39,34,0,105,24,0,24,129
01/29/2001,CID,IA,ACE,CE,Towers with Radar,26,31,19,0,76,0,0,0,0,0,26,31,19,0,76,0,0,0,76
01/30/2001,CID,IA,ACE,CE,Towers with Radar,45,56,61,0,162,0,0,10,0,10,45,56,71,0,172,0,0,0,172
01/31/2001,CID,IA,ACE,CE,Towers with Radar,43,60,61,0,164,0,0,21,0,21,43,60,82,0,185,12,0,12,197
02/01/2001,CID,IA,ACE,CE,Towers with Radar,42,58,64,0,164,0,0,11,0,11,42,58,75,0,175,2,0,2,177
02/02/2001,CID,IA,ACE,CE,Towers with Radar,39,64,58,2,163,0,0,21,0,21,39,64,79,2,184,28,0,28,212
02/03/2001,CID,IA,ACE,CE,Towers with Radar,41,45,21,0,107,0,0,13,0,13,41,45,34,0,120,48,0,48,168
02/04/2001,CID,IA,ACE,CE,Towers with Radar,32,48,13,1,94,0,0,0,0,0,32,48,13,1,94,0,0,0,94
02/05/2001,CID,IA,ACE,CE,Towers with Radar,37,61,58,0,156,0,0,15,0,15,37,61,73,0,171,0,0,0,171
02/06/2001,CID,IA,ACE,CE,Towers with Radar,42,63,73,0,178,0,0,11,0,11,42,63,84,0,189,20,0,20,209
02/07/2001,CID,IA,ACE,CE,Towers with Radar,36,50,51,0,137,0,0,0,0,0,36,50,51,0,137,0,0,0,137
02/08/2001,CID,IA,ACE,CE,Towers with Radar,15,19,32,0,66,0,0,0,0,0,15,19,32,0,66,0,0,0,66
02/09/2001,CID,IA,ACE,CE,Towers with Radar,28,41,22,0,91,0,0,3,0,3,28,41,25,0,94,2,0,2,96
02/10/2001,CID,IA,ACE,CE,Towers with Radar,43,42,23,0,108,0,0,26,0,26,43,42,49,0,134,24,0,24,158
02/11/2001,CID,IA,ACE,CE,Towers with Radar,32,49,41,0,122,3,0,35,0,38,35,49,76,0,160,0,0,0,160
02/12/2001,CID,IA,ACE,CE,Towers with Radar,35,49,56,0,140,0,0,20,0,20,35,49,76,0,160,0,0,0,160
02/13/2001,CID,IA,ACE,CE,Towers with Radar,36,43,77,0,156,0,0,2,0,2,36,43,79,0,158,0,0,0,158
02/14/2001,CID,IA,ACE,CE,Towers with Radar,37,46,40,0,123,0,0,0,0,0,37,46,40,0,123,0,0,0,123
02/15/2001,CID,IA,ACE,CE,Towers with Radar,38,63,71,0,172,0,0,3,0,3,38,63,74,0,175,0,0,0,175
02/16/2001,CID,IA,ACE,CE,Towers with Radar,45,49,58,0,152,0,0,37,0,37,45,49,95,0,189,26,0,26,215
02/17/2001,CID,IA,ACE,CE,Towers with Radar,42,49,24,0,115,0,0,49,0,49,42,49,73,0,164,36,0,36,200
02/18/2001,CID,IA,ACE,CE,Towers with Radar,29,47,21,0,97,0,0,31,0,31,29,47,52,0,128,38,0,38,166
02/19/2001,CID,IA,ACE,CE,Towers with Radar,32,57,54,0,143,0,0,26,0,26,32,57,80,0,169,24,0,24,193
02/20/2001,CID,IA,ACE,CE,Towers with Radar,42,66,60,0,168,0,0,43,0,43,42,66,103,0,211,4,0,4,215
02/21/2001,CID,IA,ACE,CE,Towers with Radar,36,63,60,0,159,0,0,41,0,41,36,63,101,0,200,32,0,32,232
02/22/2001,CID,IA,ACE,CE,Towers with Radar,43,67,61,0,171,0,0,19,0,19,43,67,80,0,190,8,0,8,198
02/23/2001,CID,IA,ACE,CE,Towers with Radar,39,59,72,0,170,0,0,28,0,28,39,59,100,0,198,0,18,18,216
02/24/2001,CID,IA,ACE,CE,Towers with Radar,39,28,7,0,74,0,0,0,0,0,39,28,7,0,74,0,0,0,74
02/25/2001,CID,IA,ACE,CE,Towers with Radar,41,33,13,0,87,0,0,1,0,1,41,33,14,0,88,0,0,0,88
02/26/2001,CID,IA,ACE,CE,Towers with Radar,35,57,60,0,152,0,0,16,0,16,35,57,76,0,168,16,0,16,184
02/27/2001,CID,IA,ACE,CE,Towers with Radar,37,68,52,0,157,0,0,17,0,17,37,68,69,0,174,2,0,2,176
02/28/2001,CID,IA,ACE,CE,Towers with Radar,40,64,65,0,169,0,0,38,0,38,40,64,103,0,207,46,0,46,253
03/01/2001,CID,IA,ACE,CE,Towers with Radar,41,63,65,0,169,0,0,15,0,15,41,63,80,0,184,0,0,0,184
03/02/2001,CID,IA,ACE,CE,Towers with Radar,50,69,75,0,194,0,0,44,0,44,50,69,119,0,238,14,0,14,252
03/03/2001,CID,IA,ACE,CE,Towers with Radar,41,44,36,0,121,0,0,33,0,33,41,44,69,0,154,18,0,18,172
03/04/2001,CID,IA,ACE,CE,Towers with Radar,31,47,22,0,100,0,0,34,0,34,31,47,56,0,134,34,0,34,168
03/05/2001,CID,IA,ACE,CE,Towers with Radar,36,58,40,0,134,0,1,26,0,27,36,59,66,0,161,4,0,4,165
03/06/2001,CID,IA,ACE,CE,Towers with Radar,40,72,82,0,194,0,0,49,0,49,40,72,131,0,243,30,0,30,273
03/07/2001,CID,IA,ACE,CE,Towers with Radar,39,66,72,0,177,0,0,20,0,20,39,66,92,0,197,6,0,6,203
03/08/2001,CID,IA,ACE,CE,Towers with Radar,41,72,58,0,171,0,0,15,0,15,41,72,73,0,186,6,0,6,192
03/09/2001,CID,IA,ACE,CE,Towers with Radar,46,68,70,0,184,0,0,2,0,2,46,68,72,0,186,54,0,54,240
03/10/2001,CID,IA,ACE,CE,Towers with Radar,37,43,29,0,109,0,0,27,0,27,37,43,56,0,136,22,0,22,158
03/11/2001,CID,IA,ACE,CE,Towers with Radar,29,48,34,0,111,0,2,36,2,40,29,50,70,2,151,166,2,168,319
03/12/2001,CID,IA,ACE,CE,Towers with Radar,33,49,49,0,131,0,0,0,0,0,33,49,49,0,131,0,0,0,131
03/13/2001,CID,IA,ACE,CE,Towers with Radar,45,61,70,0,176,0,0,16,2,18,45,61,86,2,194,4,0,4,198
03/14/2001,CID,IA,ACE,CE,Towers with Radar,41,65,69,0,175,0,0,32,0,32,41,65,101,0,207,8,0,8,215
03/15/2001,CID,IA,ACE,CE,Towers with Radar,42,56,64,0,162,0,0,0,0,0,42,56,64,0,162,0,0,0,162
03/16/2001,CID,IA,ACE,CE,Towers with Radar,17,16,39,0,72,0,0,2,0,2,17,16,41,0,74,0,0,0,74
03/17/2001,CID,IA,ACE,CE,Towers with Radar,37,49,42,0,128,0,0,70,0,70,37,49,112,0,198,87,0,87,285
03/18/2001,CID,IA,ACE,CE,Towers with Radar,30,53,27,0,110,0,0,55,0,55,30,53,82,0,165,104,0,104,269
03/19/2001,CID,IA,ACE,CE,Towers with Radar,41,61,57,0,159,0,1,25,0,26,41,62,82,0,185,14,0,14,199
03/20/2001,CID,IA,ACE,CE,Towers with Radar,44,65,72,3,184,0,0,0,1,1,44,65,72,4,185,24,2,26,211
03/21/2001,CID,IA,ACE,CE,Towers with Radar,44,63,89,2,198,0,0,17,0,17,44,63,106,2,215,12,2,14,229
03/22/2001,CID,IA,ACE,CE,Towers with Radar,40,64,86,0,190,0,0,34,0,34,40,64,120,0,224,62,0,62,286
03/23/2001,CID,IA,ACE,CE,Towers with Radar,44,56,51,0,151,0,0,10,0,10,44,56,61,0,161,8,0,8,169
03/24/2001,CID,IA,ACE,CE,Towers with Radar,39,43,21,0,103,0,0,31,0,31,39,43,52,0,134,34,0,34,168
03/25/2001,CID,IA,ACE,CE,Towers with Radar,33,44,35,0,112,0,0,25,0,25,33,44,60,0,137,12,0,12,149
03/26/2001,CID,IA,ACE,CE,Towers with Radar,37,51,59,0,147,0,1,44,0,45,37,52,103,0,192,16,0,16,208
03/27/2001,CID,IA,ACE,CE,Towers with Radar,38,67,51,0,156,0,2,46,0,48,38,69,97,0,204,78,0,78,282
03/28/2001,CID,IA,ACE,CE,Towers with Radar,41,53,64,0,158,0,0,7,0,7,41,53,71,0,165,0,0,0,165
03/29/2001,CID,IA,ACE,CE,Towers with Radar,44,61,85,0,190,0,0,8,0,8,44,61,93,0,198,40,0,40,238
03/30/2001,CID,IA,ACE,CE,Towers with Radar,44,59,84,0,187,0,0,21,0,21,44,59,105,0,208,66,0,66,274
03/31/2001,CID,IA,ACE,CE,Towers with Radar,40,39,31,0,110,0,0,8,0,8,40,39,39,0,118,0,0,0,118
04/01/2001,CID,IA,ACE,CE,Towers with Radar,31,40,43,0,114,0,0,74,0,74,31,40,117,0,188,92,0,92,280
04/02/2001,CID,IA,ACE,CE,Towers with Radar,34,52,51,0,137,0,0,41,0,41,34,52,92,0,178,16,0,16,194
04/03/2001,CID,IA,ACE,CE,Towers with Radar,40,54,63,0,157,0,0,37,0,37,40,54,100,0,194,44,0,44,238
04/04/2001,CID,IA,ACE,CE,Towers with Radar,40,57,69,0,166,0,0,42,0,42,40,57,111,0,208,20,0,20,228
04/05/2001,CID,IA,ACE,CE,Towers with Radar,32,53,67,0,152,0,0,6,0,6,32,53,73,0,158,0,0,0,158
04/06/2001,CID,IA,ACE,CE,Towers with Radar,46,48,60,0,154,0,0,3,0,3,46,48,63,0,157,3,0,3,160
04/07/2001,CID,IA,ACE,CE,Towers with Radar,41,32,7,0,80,0,0,6,0,6,41,32,13,0,86,2,0,2,88
04/08/2001,CID,IA,ACE,CE,Towers with Radar,28,44,46,0,118,0,5,100,0,105,28,49,146,0,223,38,0,38,261
04/09/2001,CID,IA,ACE,CE,Towers with Radar,37,46,66,2,151,0,0,20,0,20,37,46,86,2,171,18,0,18,189
04/10/2001,CID,IA,ACE,CE,Towers with Radar,40,45,86,0,171,0,0,0,0,0,40,45,86,0,171,0,0,0,171
04/11/2001,CID,IA,ACE,CE,Towers with Radar,35,52,37,0,124,0,0,7,0,7,35,52,44,0,131,6,0,6,137
04/12/2001,CID,IA,ACE,CE,Towers with Radar,39,57,67,0,163,0,0,10,0,10,39,57,77,0,173,6,0,6,179
04/13/2001,CID,IA,ACE,CE,Towers with Radar,41,51,49,0,141,0,0,0,0,0,41,51,49,0,141,76,0,76,217
04/14/2001,CID,IA,ACE,CE,Towers with Radar,35,38,29,0,102,0,1,69,0,70,35,39,98,0,172,58,0,58,230
04/15/2001,CID,IA,ACE,CE,Towers with Radar,23,39,19,0,81,0,0,16,0,16,23,39,35,0,97,34,0,34,131
04/16/2001,CID,IA,ACE,CE,Towers with Radar,32,54,49,0,135,0,2,17,0,19,32,56,66,0,154,0,0,0,154
04/17/2001,CID,IA,ACE,CE,Towers with Radar,40,53,79,0,172,0,1,41,0,42,40,54,120,0,214,10,0,10,224
04/18/2001,CID,IA,ACE,CE,Towers with Radar,38,53,71,0,162,0,0,57,0,57,38,53,128,0,219,24,0,24,243
04/19/2001,CID,IA,ACE,CE,Towers with Radar,39,60,64,0,163,0,0,35,0,35,39,60,99,0,198,14,0,14,212
04/20/2001,CID,IA,ACE,CE,Towers with Radar,39,56,61,0,156,0,0,23,0,23,39,56,84,0,179,14,0,14,193
04/21/2001,CID,IA,ACE,CE,Towers with Radar,36,43,19,0,98,0,0,30,0,30,36,43,49,0,128,42,0,42,170
04/22/2001,CID,IA,ACE,CE,Towers with Radar,21,34,33,0,88,0,2,11,0,13,21,36,44,0,101,28,0,28,129
04/23/2001,CID,IA,ACE,CE,Towers with Radar,35,48,48,0,131,0,0,13,0,13,35,48,61,0,144,0,0,0,144
04/24/2001,CID,IA,ACE,CE,Towers with Radar,41,57,92,0,190,0,0,60,0,60,41,57,152,0,250,58,0,58,308
04/25/2001,CID,IA,ACE,CE,Towers with Radar,40,54,93,0,187,0,0,67,0,67,40,54,160,0,254,10,0,10,264
04/26/2001,CID,IA,ACE,CE,Towers with Radar,42,57,62,0,161,0,0,49,0,49,42,57,111,0,210,54,0,54,264
04/27/2001,CID,IA,ACE,CE,Towers with Radar,40,56,60,0,156,0,0,65,0,65,40,56,125,0,221,0,0,0,221
04/28/2001,CID,IA,ACE,CE,Towers with Radar,42,38,34,0,114,0,0,66,0,66,42,38,100,0,180,64,0,64,244
04/29/2001,CID,IA,ACE,CE,Towers with Radar,32,33,28,0,93,0,3,34,0,37,32,36,62,0,130,10,0,10,140
04/30/2001,CID,IA,ACE,CE,Towers with Radar,37,49,48,0,134,0,0,17,0,17,37,49,65,0,151,0,0,0,151
05/01/2001,CID,IA,ACE,CE,Towers with Radar,41,54,64,0,159,0,0,30,0,30,41,54,94,0,189,4,0,4,193
05/02/2001,CID,IA,ACE,CE,Towers with Radar,37,52,49,5,143,0,0,18,0,18,37,52,67,5,161,0,0,0,161
05/03/2001,CID,IA,ACE,CE,Towers with Radar,43,52,76,0,171,0,0,20,0,20,43,52,96,0,191,24,0,24,215
05/04/2001,CID,IA,ACE,CE,Towers with Radar,42,51,90,0,183,0,0,0,0,0,42,51,90,0,183,0,0,0,183
05/05/2001,CID,IA,ACE,CE,Towers with Radar,46,40,23,0,109,0,0,5,0,5,46,40,28,0,114,8,0,8,122
05/06/2001,CID,IA,ACE,CE,Towers with Radar,31,33,26,0,90,0,0,5,0,5,31,33,31,0,95,64,0,64,159
05/07/2001,CID,IA,ACE,CE,Towers with Radar,35,50,58,0,143,0,0,34,2,36,35,50,92,2,179,26,0,26,205
05/08/2001,CID,IA,ACE,CE,Towers with Radar,43,58,80,0,181,9,0,40,0,49,52,58,120,0,230,56,0,56,286
05/09/2001,CID,IA,ACE,CE,Towers with Radar,40,53,58,0,151,0,0,64,0,64,40,53,122,0,215,38,0,38,253
05/10/2001,CID,IA,ACE,CE,Towers with Radar,38,52,60,0,150,0,0,26,0,26,38,52,86,0,176,6,0,6,182
05/11/2001,CID,IA,ACE,CE,Towers with Radar,44,55,77,0,176,0,0,45,0,45,44,55,122,0,221,52,0,52,273
05/12/2001,CID,IA,ACE,CE,Towers with Radar,45,44,20,0,109,0,5,84,0,89,45,49,104,0,198,38,0,38,236
05/13/2001,CID,IA,ACE,CE,Towers with Radar,30,44,12,0,86,0,0,22,0,22,30,44,34,0,108,26,0,26,134
05/14/2001,CID,IA,ACE,CE,Towers with Radar,37,44,64,0,145,0,0,35,0,35,37,44,99,0,180,32,0,32,212
05/15/2001,CID,IA,ACE,CE,Towers with Radar,40,56,57,0,153,0,0,43,0,43,40,56,100,0,196,20,0,20,216
05/16/2001,CID,IA,ACE,CE,Towers with Radar,43,55,69,0,167,0,2,55,0,57,43,57,124,0,224,44,0,44,268
05/17/2001,CID,IA,ACE,CE,Towers with Radar,43,57,99,0,199,0,0,31,0,31,43,57,130,0,230,22,0,22,252
05/18/2001,CID,IA,ACE,CE,Towers with Radar,40,57,68,0,165,0,0,60,0,60,40,57,128,0,225,26,0,26,251
05/19/2001,CID,IA,ACE,CE,Towers with Radar,44,40,32,0,116,0,2,100,3,105,44,42,132,3,221,63,0,63,284
05/20/2001,CID,IA,ACE,CE,Towers with Radar,29,39,32,0,100,0,0,30,0,30,29,39,62,0,130,4,0,4,134
05/21/2001,CID,IA,ACE,CE,Towers with Radar,37,51,58,0,146,0,0,6,0,6,37,51,64,0,152,2,0,2,154
05/22/2001,CID,IA,ACE,CE,Towers with Radar,39,53,63,0,155,0,1,36,0,37,39,54,99,0,192,2,0,2,194
05/23/2001,CID,IA,ACE,CE,Towers with Radar,43,54,74,0,171,0,0,20,0,20,43,54,94,0,191,4,0,4,195
05/24/2001,CID,IA,ACE,CE,Towers with Radar,39,55,116,0,210,0,0,24,0,24,39,55,140,0,234,26,0,26,260
05/25/2001,CID,IA,ACE,CE,Towers with Radar,46,60,61,0,167,0,0,19,0,19,46,60,80,0,186,14,0,14,200
05/26/2001,CID,IA,ACE,CE,Towers with Radar,35,41,22,0,98,0,0,7,0,7,35,41,29,0,105,0,10,10,115
05/27/2001,CID,IA,ACE,CE,Towers with Radar,21,33,39,0,93,0,0,23,0,23,21,33,62,0,116,28,0,28,144
05/28/2001,CID,IA,ACE,CE,Towers with Radar,26,43,31,0,100,0,1,82,0,83,26,44,113,0,183,66,0,66,249
05/29/2001,CID,IA,ACE,CE,Towers with Radar,35,50,65,0,150,0,0,54,0,54,35,50,119,0,204,22,0,22,226
05/30/2001,CID,IA,ACE,CE,Towers with Radar,45,53,74,0,172,0,0,54,0,54,45,53,128,0,226,36,0,36,262
05/31/2001,CID,IA,ACE,CE,Towers with Radar,44,50,73,0,167,0,0,0,0,0,44,50,73,0,167,0,0,0,167
06/01/2001,CID,IA,ACE,CE,Towers with Radar,39,51,61,0,151,0,0,39,0,39,39,51,100,0,190,14,0,14,204
06/02/2001,CID,IA,ACE,CE,Towers with Radar,45,37,27,0,109,0,0,6,0,6,45,37,33,0,115,10,0,10,125
06/03/2001,CID,IA,ACE,CE,Towers with Radar,30,38,35,0,103,0,2,83,0,85,30,40,118,0,188,54,0,54,242
06/04/2001,CID,IA,ACE,CE,Towers with Radar,28,47,58,0,133,0,0,26,0,26,28,47,84,0,159,8,0,8,167
06/05/2001,CID,IA,ACE,CE,Towers with Radar,42,52,61,0,155,0,0,2,0,2,42,52,63,0,157,2,0,2,159
06/06/2001,CID,IA,ACE,CE,Towers with Radar,37,59,51,2,149,0,1,12,0,13,37,60,63,2,162,58,0,58,220
06/07/2001,CID,IA,ACE,CE,Towers with Radar,42,63,89,0,194,0,2,27,0,29,42,65,116,0,223,104,0,104,327
06/08/2001,CID,IA,ACE,CE,Towers with Radar,48,56,50,0,154,0,1,66,0,67,48,57,116,0,221,30,0,30,251
06/09/2001,CID,IA,ACE,CE,Towers with Radar,49,45,34,0,128,0,1,68,0,69,49,46,102,0,197,24,0,24,221
06/10/2001,CID,IA,ACE,CE,Towers with Radar,29,43,24,0,96,0,0,44,0,44,29,43,68,0,140,22,0,22,162
06/11/2001,CID,IA,ACE,CE,Towers with Radar,36,52,60,0,148,0,0,43,0,43,36,52,103,0,191,24,0,24,215
06/12/2001,CID,IA,ACE,CE,Towers with Radar,47,57,59,0,163,0,0,20,0,20,47,57,79,0,183,6,0,6,189
06/13/2001,CID,IA,ACE,CE,Towers with Radar,40,60,70,1,171,0,0,34,2,36,40,60,104,3,207,52,4,56,263
06/14/2001,CID,IA,ACE,CE,Towers with Radar,40,52,70,0,162,0,0,17,0,17,40,52,87,0,179,16,0,16,195
06/15/2001,CID,IA,ACE,CE,Towers with Radar,35,57,66,2,160,0,0,48,0,48,35,57,114,2,208,12,0,12,220
06/16/2001,CID,IA,ACE,CE,Towers with Radar,46,39,38,0,123,0,2,84,0,86,46,41,122,0,209,88,0,88,297
06/17/2001,CID,IA,ACE,CE,Towers with Radar,33,38,18,0,89,0,6,49,0,55,33,44,67,0,144,34,0,34,178
06/18/2001,CID,IA,ACE,CE,Towers with Radar,35,51,35,0,121,0,0,29,0,29,35,51,64,0,150,2,0,2,152
06/19/2001,CID,IA,ACE,CE,Towers with Radar,42,54,78,0,174,0,0,34,0,34,42,54,112,0,208,100,0,100,308
06/20/2001,CID,IA,ACE,CE,Towers with Radar,45,57,71,0,173,0,1,86,0,87,45,58,157,0,260,86,0,86,346
06/21/2001,CID,IA,ACE,CE,Towers with Radar,39,61,67,4,171,0,3,43,0,46,39,64,110,4,217,64,0,64,281
06/22/2001,CID,IA,ACE,CE,Towers with Radar,39,54,55,0,148,0,0,76,0,76,39,54,131,0,224,82,0,82,306
06/23/2001,CID,IA,ACE,CE,Towers with Radar,43,42,33,0,118,0,0,102,0,102,43,42,135,0,220,22,0,22,242
06/24/2001,CID,IA,ACE,CE,Towers with Radar,29,42,35,0,106,0,0,80,0,80,29,42,115,0,186,46,0,46,232
06/25/2001,CID,IA,ACE,CE,Towers with Radar,36,53,64,0,153,0,0,44,0,44,36,53,108,0,197,44,0,44,241
06/26/2001,CID,IA,ACE,CE,Towers with Radar,47,59,55,0,161,0,2,39,0,41,47,61,94,0,202,16,0,16,218
06/27/2001,CID,IA,ACE,CE,Towers with Radar,43,58,66,1,168,0,2,73,0,75,43,60,139,1,243,104,0,104,347
06/28/2001,CID,IA,ACE,CE,Towers with Radar,40,60,73,0,173,0,0,39,5,44,40,60,112,5,217,62,0,62,279
06/29/2001,CID,IA,ACE,CE,Towers with Radar,44,58,61,0,163,0,0,61,0,61,44,58,122,0,224,40,0,40,264
06/30/2001,CID,IA,ACE,CE,Towers with Radar,45,36,15,0,96,0,1,69,0,70,45,37,84,0,166,18,0,18,184
07/01/2001,CID,IA,ACE,CE,Towers with Radar,24,32,32,0,88,7,6,42,0,55,31,38,74,0,143,40,0,40,183
07/02/2001,CID,IA,ACE,CE,Towers with Radar,30,47,44,2,123,2,1,37,0,40,32,48,81,2,163,38,0,38,201
07/03/2001,CID,IA,ACE,CE,Towers with Radar,38,51,44,5,138,2,1,34,1,38,40,52,78,6,176,22,0,22,198
07/04/2001,CID,IA,ACE,CE,Towers with Radar,27,34,18,0,79,2,1,67,0,70,29,35,85,0,149,44,0,44,193
07/05/2001,CID,IA,ACE,CE,Towers with Radar,34,48,49,2,133,0,2,68,4,74,34,50,117,6,207,78,0,78,285
07/06/2001,CID,IA,ACE,CE,Towers with Radar,35,47,48,2,132,7,4,42,0,53,42,51,90,2,185,26,0,26,211
07/07/2001,CID,IA,ACE,CE,Towers with Radar,25,34,34,0,93,10,1,50,0,61,35,35,84,0,154,32,0,32,186
07/08/2001,CID,IA,ACE,CE,Towers with Radar,30,34,20,0,84,5,16,104,0,125,35,50,124,0,209,26,0,26,235
07/09/2001,CID,IA,ACE,CE,Towers with Radar,35,50,54,0,139,0,0,70,0,70,35,50,124,0,209,26,0,26,235
07/10/2001,CID,IA,ACE,CE,Towers with Radar,41,47,80,0,168,2,4,64,0,70,43,51,144,0,238,90,0,90,328
07/11/2001,CID,IA,ACE,CE,Towers with Radar,41,53,66,2,162,2,1,83,0,86,43,54,149,2,248,78,0,78,326
07/12/2001,CID,IA,ACE,CE,Towers with Radar,41,53,55,2,151,0,2,99,10,111,41,55,154,12,262,110,4,114,376
07/13/2001,CID,IA,ACE,CE,Towers with Radar,41,49,53,2,145,1,0,86,0,87,42,49,139,2,232,70,0,70,302
07/14/2001,CID,IA,ACE,CE,Towers with Radar,32,42,42,0,116,14,2,86,0,102,46,44,128,0,218,26,0,26,244
07/15/2001,CID,IA,ACE,CE,Towers with Radar,26,34,33,0,93,5,7,77,4,93,31,41,110,4,186,2,0,2,188
07/16/2001,CID,IA,ACE,CE,Towers with Radar,38,44,47,0,129,1,1,60,0,62,39,45,107,0,191,82,0,82,273
07/17/2001,CID,IA,ACE,CE,Towers with Radar,43,66,64,0,173,1,0,33,0,34,44,66,97,0,207,64,0,64,271
07/18/2001,CID,IA,ACE,CE,Towers with Radar,38,54,60,2,154,0,0,55,1,56,38,54,115,3,210,44,0,44,254
07/19/2001,CID,IA,ACE,CE,Towers with Radar,39,52,53,1,145,0,7,28,0,35,39,59,81,1,180,64,0,64,244
07/20/2001,CID,IA,ACE,CE,Towers with Radar,38,59,60,0,157,0,7,9,0,16,38,66,69,0,173,72,0,72,245
07/21/2001,CID,IA,ACE,CE,Towers with Radar,30,40,40,0,110,15,5,35,1,56,45,45,75,1,166,24,0,24,190
07/22/2001,CID,IA,ACE,CE,Towers with Radar,28,36,38,0,102,5,0,44,0,49,33,36,82,0,151,52,0,52,203
07/23/2001,CID,IA,ACE,CE,Towers with Radar,29,48,49,0,126,0,3,42,0,45,29,51,91,0,171,26,0,26,197
07/24/2001,CID,IA,ACE,CE,Towers with Radar,46,59,61,0,166,2,0,66,0,68,48,59,127,0,234,40,0,40,274
07/25/2001,CID,IA,ACE,CE,Towers with Radar,43,64,77,1,185,0,0,19,0,19,43,64,96,1,204,42,0,42,246
07/26/2001,CID,IA,ACE,CE,Towers with Radar,44,58,74,0,176,0,0,67,0,67,44,58,141,0,243,68,0,68,311
07/27/2001,CID,IA,ACE,CE,Towers with Radar,39,61,67,0,167,0,0,97,0,97,39,61,164,0,264,100,0,100,364
07/28/2001,CID,IA,ACE,CE,Towers with Radar,40,42,50,0,132,4,0,23,0,27,44,42,73,0,159,42,0,42,201
07/29/2001,CID,IA,ACE,CE,Towers with Radar,33,45,47,0,125,0,0,47,0,47,33,45,94,0,172,24,0,24,196
07/30/2001,CID,IA,ACE,CE,Towers with Radar,34,52,53,0,139,0,2,62,0,64,34,54,115,0,203,54,0,54,257
07/31/2001,CID,IA,ACE,CE,Towers with Radar,42,56,57,1,156,0,4,56,1,61,42,60,113,2,217,28,0,28,245
08/01/2001,CID,IA,ACE,CE,Towers with Radar,39,59,56,0,154,0,3,43,0,46,39,62,99,0,200,36,0,36,236
08/02/2001,CID,IA,ACE,CE,Towers with Radar,32,46,44,0,122,9,9,68,0,86,41,55,112,0,208,40,0,40,248
08/03/2001,CID,IA,ACE,CE,Towers with Radar,40,59,58,2,159,0,0,6,2,8,40,59,64,4,167,18,0,18,185
08/04/2001,CID,IA,ACE,CE,Towers with Radar,32,44,43,0,119,11,0,53,0,64,43,44,96,0,183,26,0,26,209
08/05/2001,CID,IA,ACE,CE,Towers with Radar,30,42,40,0,112,0,0,42,0,42,30,42,82,0,154,40,0,40,194
08/06/2001,CID,IA,ACE,CE,Towers with Radar,38,53,54,2,147,0,0,39,1,40,38,53,93,3,187,28,12,40,227
08/07/2001,CID,IA,ACE,CE,Towers with Radar,40,59,56,0,155,0,0,56,0,56,40,59,112,0,211,112,0,112,323
08/08/2001,CID,IA,ACE,CE,Towers with Radar,44,60,60,0,164,0,0,40,0,40,44,60,100,0,204,36,0,36,240
08/09/2001,CID,IA,ACE,CE,Towers with Radar,43,60,58,0,161,1,0,40,0,41,44,60,98,0,202,48,0,48,250
08/10/2001,CID,IA,ACE,CE,Towers with Radar,42,60,57,0,159,0,0,77,0,77,42,60,134,0,236,78,0,78,314
08/11/2001,CID,IA,ACE,CE,Towers with Radar,26,39,35,0,100,16,3,46,0,65,42,42,81,0,165,40,0,40,205
08/12/2001,CID,IA,ACE,CE,Towers with Radar,30,44,40,0,114,2,2,75,0,79,32,46,115,0,193,22,0,22,215
08/13/2001,CID,IA,ACE,CE,Towers with Radar,32,49,45,0,126,0,11,45,0,56,32,60,90,0,182,136,0,136,318
08/14/2001,CID,IA,ACE,CE,Towers with Radar,43,59,58,2,162,0,0,71,1,72,43,59,129,3,234,70,10,80,314
08/15/2001,CID,IA,ACE,CE,Towers with Radar,40,56,53,0,149,2,2,15,0,19,42,58,68,0,168,62,0,62,230
08/16/2001,CID,IA,ACE,CE,Towers with Radar,41,62,71,0,174,0,0,54,0,54,41,62,125,0,228,62,0,62,290
08/17/2001,CID,IA,ACE,CE,Towers with Radar,39,54,51,0,144,0,3,50,0,53,39,57,101,0,197,88,0,88,285
08/18/2001,CID,IA,ACE,CE,Towers with Radar,28,38,36,0,102,23,4,3,0,30,51,42,39,0,132,18,0,18,150
08/19/2001,CID,IA,ACE,CE,Towers with Radar,30,46,46,0,122,0,1,69,0,70,30,47,115,0,192,36,0,36,228
08/20/2001,CID,IA,ACE,CE,Towers with Radar,34,59,56,0,149,0,5,65,0,70,34,64,121,0,219,130,0,130,349
08/21/2001,CID,IA,ACE,CE,Towers with Radar,39,63,62,1,165,0,0,40,0,40,39,63,102,1,205,42,0,42,247
08/22/2001,CID,IA,ACE,CE,Towers with Radar,38,64,60,1,163,0,4,38,1,43,38,68,98,2,206,16,0,16,222
08/23/2001,CID,IA,ACE,CE,Towers with Radar,39,68,64,1,172,0,0,51,2,53,39,68,115,3,225,34,8,42,267
08/24/2001,CID,IA,ACE,CE,Towers with Radar,40,62,59,1,162,0,3,7,2,12,40,65,66,3,174,0,0,0,174
08/25/2001,CID,IA,ACE,CE,Towers with Radar,26,36,33,0,95,14,9,21,2,46,40,45,54,2,141,6,0,6,147
08/26/2001,CID,IA,ACE,CE,Towers with Radar,29,41,38,0,108,4,7,73,2,86,33,48,111,2,194,52,0,52,246
08/27/2001,CID,IA,ACE,CE,Towers with Radar,32,55,52,1,140,0,6,58,0,64,32,61,110,1,204,76,0,76,280
08/28/2001,CID,IA,ACE,CE,Towers with Radar,45,58,60,1,164,0,0,69,0,69,45,58,129,1,233,46,2,48,281
08/29/2001,CID,IA,ACE,CE,Towers with Radar,44,60,67,0,171,0,0,67,0,67,44,60,134,0,238,0,102,102,340
08/30/2001,CID,IA,ACE,CE,Towers with Radar,41,61,64,0,166,0,0,33,0,33,41,61,97,0,199,66,0,66,265
08/31/2001,CID,IA,ACE,CE,Towers with Radar,47,60,63,0,170,1,0,64,0,65,48,60,127,0,235,98,0,98,333
09/01/2001,CID,IA,ACE,CE,Towers with Radar,33,46,30,0,109,0,0,52,0,52,33,46,82,0,161,42,0,42,203
09/02/2001,CID,IA,ACE,CE,Towers with Radar,19,42,13,0,74,0,0,54,0,54,19,42,67,0,128,2,0,2,130
09/03/2001,CID,IA,ACE,CE,Towers with Radar,27,52,25,0,104,0,2,51,0,53,27,54,76,0,157,22,0,22,179
09/04/2001,CID,IA,ACE,CE,Towers with Radar,33,60,38,0,131,0,0,49,0,49,33,60,87,0,180,44,0,44,224
09/05/2001,CID,IA,ACE,CE,Towers with Radar,51,63,52,3,169,0,0,60,3,63,51,63,112,6,232,62,0,62,294
09/06/2001,CID,IA,ACE,CE,Towers with Radar,43,62,55,0,160,0,0,25,0,25,43,62,80,0,185,54,0,54,239
09/07/2001,CID,IA,ACE,CE,Towers with Radar,40,54,42,0,136,0,0,13,0,13,40,54,55,0,149,36,0,36,185
09/08/2001,CID,IA,ACE,CE,Towers with Radar,43,47,27,0,117,0,0,21,0,21,43,47,48,0,138,26,0,26,164
09/09/2001,CID,IA,ACE,CE,Towers with Radar,26,44,33,0,103,0,0,38,0,38,26,44,71,0,141,30,0,30,171
09/10/2001,CID,IA,ACE,CE,Towers with Radar,35,55,60,0,150,0,1,55,0,56,35,56,115,0,206,50,0,50,256
09/11/2001,CID,IA,ACE,CE,Towers with Radar,14,13,23,0,50,0,0,9,0,9,14,13,32,0,59,0,0,0,59
09/12/2001,CID,IA,ACE,CE,Towers with Radar,0,0,0,0,0,0,0,0,0,0,0,0,0,0,0,0,0,0,0
09/13/2001,CID,IA,ACE,CE,Towers with Radar,8,20,1,2,31,0,0,9,0,9,8,20,10,2,40,0,0,0,40
09/14/2001,CID,IA,ACE,CE,Towers with Radar,27,62,7,0,96,0,0,3,0,3,27,62,10,0,99,0,0,0,99
09/15/2001,CID,IA,ACE,CE,Towers with Radar,22,49,26,0,97,0,0,0,0,0,22,49,26,0,97,0,0,0,97
09/16/2001,CID,IA,ACE,CE,Towers with Radar,18,38,16,0,72,0,0,0,0,0,18,38,16,0,72,0,0,0,72
09/17/2001,CID,IA,ACE,CE,Towers with Radar,28,58,38,3,127,0,0,0,0,0,28,58,38,3,127,0,0,0,127
09/18/2001,CID,IA,ACE,CE,Towers with Radar,33,70,43,0,146,0,0,5,0,5,33,70,48,0,151,2,0,2,153
09/19/2001,CID,IA,ACE,CE,Towers with Radar,35,63,65,2,165,0,0,2,0,2,35,63,67,2,167,2,0,2,169
09/20/2001,CID,IA,ACE,CE,Towers with Radar,45,55,79,0,179,0,0,16,0,16,45,55,95,0,195,0,0,0,195
09/21/2001,CID,IA,ACE,CE,Towers with Radar,45,53,67,0,165,0,0,17,0,17,45,53,84,0,182,0,0,0,182
09/22/2001,CID,IA,ACE,CE,Towers with Radar,38,41,31,0,110,0,0,43,0,43,38,41,74,0,153,15,0,15,168
09/23/2001,CID,IA,ACE,CE,Towers with Radar,26,42,30,0,98,0,0,5,0,5,26,42,35,0,103,2,0,2,105
09/24/2001,CID,IA,ACE,CE,Towers with Radar,31,49,56,2,138,0,0,36,0,36,31,49,92,2,174,74,0,74,248
09/25/2001,CID,IA,ACE,CE,Towers with Radar,43,69,65,0,177,0,0,36,0,36,43,69,101,0,213,50,0,50,263
09/26/2001,CID,IA,ACE,CE,Towers with Radar,40,58,62,0,160,0,0,34,0,34,40,58,96,0,194,60,0,60,254
09/27/2001,CID,IA,ACE,CE,Towers with Radar,40,55,65,2,162,0,0,52,0,52,40,55,117,2,214,80,0,80,294
09/28/2001,CID,IA,ACE,CE,Towers with Radar,43,53,60,0,156,0,2,44,0,46,43,55,104,0,202,24,0,24,226
09/29/2001,CID,IA,ACE,CE,Towers with Radar,39,49,18,0,106,0,1,47,0,48,39,50,65,0,154,14,0,14,168
09/30/2001,CID,IA,ACE,CE,Towers with Radar,24,44,38,0,106,0,1,69,0,70,24,45,107,0,176,50,0,50,226
10/01/2001,CID,IA,ACE,CE,Towers with Radar,31,59,53,0,143,0,0,49,0,49,31,59,102,0,192,66,0,66,258
10/02/2001,CID,IA,ACE,CE,Towers with Radar,49,59,62,0,170,0,0,57,0,57,49,59,119,0,227,44,0,44,271
10/03/2001,CID,IA,ACE,CE,Towers with Radar,40,67,61,1,169,0,0,44,0,44,40,67,105,1,213,56,0,56,269
10/04/2001,CID,IA,ACE,CE,Towers with Radar,39,62,63,0,164,0,0,20,0,20,39,62,83,0,184,0,0,0,184
10/05/2001,CID,IA,ACE,CE,Towers with Radar,39,62,47,0,148,0,0,24,0,24,39,62,71,0,172,42,0,42,214
10/06/2001,CID,IA,ACE,CE,Towers with Radar,41,41,22,0,104,0,2,46,0,48,41,43,68,0,152,26,0,26,178
10/07/2001,CID,IA,ACE,CE,Towers with Radar,26,42,35,0,103,0,0,49,0,49,26,42,84,0,152,26,0,26,178
10/08/2001,CID,IA,ACE,CE,Towers with Radar,32,54,47,0,133,0,0,14,0,14,32,54,61,0,147,0,0,0,147
10/09/2001,CID,IA,ACE,CE,Towers with Radar,40,63,53,2,158,0,0,20,0,20,40,63,73,2,178,8,0,8,186
10/10/2001,CID,IA,ACE,CE,Towers with Radar,38,63,65,0,166,0,0,12,0,12,38,63,77,0,178,24,0,24,202
10/11/2001,CID,IA,ACE,CE,Towers with Radar,39,68,69,5,181,0,0,85,1,86,39,68,154,6,267,30,0,30,297
10/12/2001,CID,IA,ACE,CE,Towers with Radar,45,59,69,0,173,0,0,50,0,50,45,59,119,0,223,50,0,50,273
10/13/2001,CID,IA,ACE,CE,Towers with Radar,38,35,54,0,127,0,0,1,0,1,38,35,55,0,128,0,0,0,128
10/14/2001,CID,IA,ACE,CE,Towers with Radar,28,51,25,4,108,0,0,26,0,26,28,51,51,4,134,0,0,0,134
10/15/2001,CID,IA,ACE,CE,Towers with Radar,33,54,85,0,172,0,0,0,0,0,33,54,85,0,172,26,0,26,198
10/16/2001,CID,IA,ACE,CE,Towers with Radar,34,58,61,0,153,0,0,33,0,33,34,58,94,0,186,34,0,34,220
10/17/2001,CID,IA,ACE,CE,Towers with Radar,39,63,55,0,157,0,0,56,0,56,39,63,111,0,213,30,0,30,243
10/18/2001,CID,IA,ACE,CE,Towers with Radar,39,62,62,0,163,0,0,35,0,35,39,62,97,0,198,58,0,58,256
10/19/2001,CID,IA,ACE,CE,Towers with Radar,43,61,50,0,154,0,2,52,0,54,43,63,102,0,208,24,0,24,232
10/20/2001,CID,IA,ACE,CE,Towers with Radar,39,41,33,0,113,0,0,76,0,76,39,41,109,0,189,40,0,40,229
10/21/2001,CID,IA,ACE,CE,Towers with Radar,26,45,28,0,99,0,1,63,0,64,26,46,91,0,163,98,0,98,261
10/22/2001,CID,IA,ACE,CE,Towers with Radar,35,58,35,0,128,0,0,7,0,7,35,58,42,0,135,0,0,0,135
10/23/2001,CID,IA,ACE,CE,Towers with Radar,35,62,62,0,159,0,0,22,0,22,35,62,84,0,181,12,0,12,193
10/24/2001,CID,IA,ACE,CE,Towers with Radar,40,51,52,0,143,0,0,9,0,9,40,51,61,0,152,24,0,24,176
10/25/2001,CID,IA,ACE,CE,Towers with Radar,39,61,69,0,169,0,0,4,0,4,39,61,73,0,173,14,0,14,187
10/26/2001,CID,IA,ACE,CE,Towers with Radar,42,58,65,0,165,0,0,24,0,24,42,58,89,0,189,10,0,10,199
10/27/2001,CID,IA,ACE,CE,Towers with Radar,39,41,28,0,108,0,0,57,0,57,39,41,85,0,165,22,0,22,187
10/28/2001,CID,IA,ACE,CE,Towers with Radar,26,46,41,0,113,0,0,35,0,35,26,46,76,0,148,4,0,4,152
10/29/2001,CID,IA,ACE,CE,Towers with Radar,32,52,47,0,131,0,2,43,0,45,32,54,90,0,176,72,0,72,248
10/30/2001,CID,IA,ACE,CE,Towers with Radar,41,68,59,0,168,0,0,12,0,12,41,68,71,0,180,22,0,22,202
10/31/2001,CID,IA,ACE,CE,Towers with Radar,39,62,36,0,137,0,0,14,2,16,39,62,50,2,153,10,0,10,163
11/01/2001,CID,IA,ACE,CE,Towers with Radar,40,68,51,1,160,0,0,31,1,32,40,68,82,2,192,56,0,56,248
11/02/2001,CID,IA,ACE,CE,Towers with Radar,41,60,47,0,148,0,0,31,0,31,41,60,78,0,179,36,0,36,215
11/03/2001,CID,IA,ACE,CE,Towers with Radar,41,41,24,0,106,0,1,56,0,57,41,42,80,0,163,22,0,22,185
11/04/2001,CID,IA,ACE,CE,Towers with Radar,28,48,20,0,96,0,1,69,1,71,28,49,89,1,167,50,0,50,217
11/05/2001,CID,IA,ACE,CE,Towers with Radar,34,58,48,1,141,0,0,26,1,27,34,58,74,2,168,8,0,8,176
11/06/2001,CID,IA,ACE,CE,Towers with Radar,39,63,68,0,170,0,0,36,0,36,39,63,104,0,206,22,0,22,228
11/07/2001,CID,IA,ACE,CE,Towers with Radar,37,70,52,3,162,0,4,39,3,46,37,74,91,6,208,90,0,90,298
11/08/2001,CID,IA,ACE,CE,Towers with Radar,41,72,49,0,162,0,1,26,0,27,41,73,75,0,189,20,0,20,209
11/09/2001,CID,IA,ACE,CE,Towers with Radar,37,60,62,0,159,0,1,45,0,46,37,61,107,0,205,16,0,16,221
11/10/2001,CID,IA,ACE,CE,Towers with Radar,42,43,28,0,113,0,1,67,0,68,42,44,95,0,181,82,0,82,263
11/11/2001,CID,IA,ACE,CE,Towers with Radar,28,50,35,0,113,0,0,65,0,65,28,50,100,0,178,37,0,37,215
11/12/2001,CID,IA,ACE,CE,Towers with Radar,31,57,46,0,134,0,0,42,0,42,31,57,88,0,176,106,0,106,282
11/13/2001,CID,IA,ACE,CE,Towers with Radar,39,69,79,11,198,0,0,19,0,19,39,69,98,11,217,24,0,24,241
11/14/2001,CID,IA,ACE,CE,Towers with Radar,41,63,74,2,180,0,1,14,0,15,41,64,88,2,195,16,0,16,211
11/15/2001,CID,IA,ACE,CE,Towers with Radar,40,68,61,4,173,0,0,25,1,26,40,68,86,5,199,40,0,40,239
11/16/2001,CID,IA,ACE,CE,Towers with Radar,33,49,57,1,140,0,0,41,1,42,33,49,98,2,182,74,0,74,256
11/17/2001,CID,IA,ACE,CE,Towers with Radar,36,36,24,0,96,0,0,37,0,37,36,36,61,0,133,38,0,38,171
11/18/2001,CID,IA,ACE,CE,Towers with Radar,27,42,18,0,87,0,0,17,0,17,27,42,35,0,104,4,0,4,108
11/19/2001,CID,IA,ACE,CE,Towers with Radar,35,61,44,0,140,0,1,27,0,28,35,62,71,0,168,2,0,2,170
11/20/2001,CID,IA,ACE,CE,Towers with Radar,38,70,63,0,171,0,2,51,0,53,38,72,114,0,224,42,10,52,276
11/21/2001,CID,IA,ACE,CE,Towers with Radar,39,65,49,0,153,0,0,81,0,81,39,65,130,0,234,112,0,112,346
11/22/2001,CID,IA,ACE,CE,Towers with Radar,30,37,11,0,78,0,0,36,0,36,30,37,47,0,114,10,0,10,124
11/23/2001,CID,IA,ACE,CE,Towers with Radar,24,38,21,0,83,0,1,34,0,35,24,39,55,0,118,52,0,52,170
11/24/2001,CID,IA,ACE,CE,Towers with Radar,35,39,13,0,87,0,0,3,0,3,35,39,16,0,90,0,0,0,90
11/25/2001,CID,IA,ACE,CE,Towers with Radar,25,49,35,0,109,0,0,17,0,17,25,49,52,0,126,6,0,6,132
11/26/2001,CID,IA,ACE,CE,Towers with Radar,31,63,51,0,145,0,0,1,0,1,31,63,52,0,146,12,0,12,158
11/27/2001,CID,IA,ACE,CE,Towers with Radar,73,60,56,0,189,0,0,10,0,10,73,60,66,0,199,12,0,12,211
11/28/2001,CID,IA,ACE,CE,Towers with Radar,39,58,63,0,160,0,0,1,0,1,39,58,64,0,161,0,0,0,161
11/29/2001,CID,IA,ACE,CE,Towers with Radar,39,61,78,0,178,0,0,8,0,8,39,61,86,0,186,0,0,0,186
11/30/2001,CID,IA,ACE,CE,Towers with Radar,37,64,59,2,162,0,0,1,0,1,37,64,60,2,163,0,0,0,163
12/01/2001,CID,IA,ACE,CE,Towers with Radar,39,43,34,0,116,0,0,16,0,16,39,43,50,0,132,16,0,16,148
12/02/2001,CID,IA,ACE,CE,Towers with Radar,23,49,16,0,88,0,0,64,0,64,23,49,80,0,152,26,0,26,178
12/03/2001,CID,IA,ACE,CE,Towers with Radar,34,65,55,0,154,0,0,18,0,18,34,65,73,0,172,24,0,24,196
12/04/2001,CID,IA,ACE,CE,Towers with Radar,39,70,60,0,169,0,0,14,0,14,39,70,74,0,183,32,0,32,215
12/05/2001,CID,IA,ACE,CE,Towers with Radar,38,62,46,1,147,0,0,15,0,15,38,62,61,1,162,2,0,2,164
12/06/2001,CID,IA,ACE,CE,Towers with Radar,39,64,80,0,183,0,0,34,0,34,39,64,114,0,217,22,0,22,239
12/07/2001,CID,IA,ACE,CE,Towers with Radar,46,58,70,0,174,0,0,41,0,41,46,58,111,0,215,6,0,6,221
12/08/2001,CID,IA,ACE,CE,Towers with Radar,39,43,35,0,117,0,1,32,0,33,39,44,67,0,150,14,0,14,164
12/09/2001,CID,IA,ACE,CE,Towers with Radar,26,45,22,0,93,0,0,67,0,67,26,45,89,0,160,28,0,28,188
12/10/2001,CID,IA,ACE,CE,Towers with Radar,34,59,52,0,145,0,0,56,0,56,34,59,108,0,201,104,0,104,305
12/11/2001,CID,IA,ACE,CE,Towers with Radar,45,64,42,0,151,0,0,38,0,38,45,64,80,0,189,70,0,70,259
12/12/2001,CID,IA,ACE,CE,Towers with Radar,39,59,52,0,150,0,0,0,0,0,39,59,52,0,150,0,0,0,150
12/13/2001,CID,IA,ACE,CE,Towers with Radar,42,58,55,0,155,0,0,9,0,9,42,58,64,0,164,0,0,0,164
12/14/2001,CID,IA,ACE,CE,Towers with Radar,45,62,62,0,169,0,0,4,0,4,45,62,66,0,173,6,0,6,179
12/15/2001,CID,IA,ACE,CE,Towers with Radar,39,41,40,0,120,0,1,35,0,36,39,42,75,0,156,100,0,100,256
12/16/2001,CID,IA,ACE,CE,Towers with Radar,23,36,15,0,74,0,0,0,0,0,23,36,15,0,74,0,0,0,74
12/17/2001,CID,IA,ACE,CE,Towers with Radar,35,55,59,0,149,0,0,23,0,23,35,55,82,0,172,4,0,4,176
12/18/2001,CID,IA,ACE,CE,Towers with Radar,42,58,62,5,167,0,0,45,0,45,42,58,107,5,212,38,0,38,250
12/19/2001,CID,IA,ACE,CE,Towers with Radar,44,61,64,5,174,0,0,39,1,40,44,61,103,6,214,22,0,22,236
12/20/2001,CID,IA,ACE,CE,Towers with Radar,42,68,51,0,161,0,0,58,0,58,42,68,109,0,219,22,0,22,241
12/21/2001,CID,IA,ACE,CE,Towers with Radar,43,62,53,6,164,0,0,47,0,47,43,62,100,6,211,8,0,8,219
12/22/2001,CID,IA,ACE,CE,Towers with Radar,40,45,25,0,110,0,0,3,0,3,40,45,28,0,113,8,0,8,121
12/23/2001,CID,IA,ACE,CE,Towers with Radar,26,38,13,0,77,0,0,0,0,0,26,38,13,0,77,0,0,0,77
12/24/2001,CID,IA,ACE,CE,Towers with Radar,27,38,16,0,81,0,0,0,0,0,27,38,16,0,81,0,0,0,81
12/25/2001,CID,IA,ACE,CE,Towers with Radar,31,32,5,0,68,0,0,5,0,5,31,32,10,0,73,0,0,0,73
12/26/2001,CID,IA,ACE,CE,Towers with Radar,42,58,18,0,118,0,0,12,0,12,42,58,30,0,130,10,0,10,140
12/27/2001,CID,IA,ACE,CE,Towers with Radar,47,62,41,0,150,0,0,16,0,16,47,62,57,0,166,6,0,6,172
12/28/2001,CID,IA,ACE,CE,Towers with Radar,41,55,33,0,129,0,0,16,0,16,41,55,49,0,145,0,0,0,145
12/29/2001,CID,IA,ACE,CE,Towers with Radar,38,46,31,0,115,0,2,20,0,22,38,48,51,0,137,16,0,16,153
12/30/2001,CID,IA,ACE,CE,Towers with Radar,32,46,24,0,102,0,1,13,0,14,32,47,37,0,116,12,0,12,128
12/31/2001,CID,IA,ACE,CE,Towers with Radar,26,36,21,0,83,0,0,39,0,39,26,36,60,0,122,26,0,26,148
01/01/2002,CID,IA,ACE,CE,Towers with Radar,32,39,16,0,87,0,0,24,0,24,32,39,40,0,111,36,0,36,147
01/02/2002,CID,IA,ACE,CE,Towers with Radar,38,60,30,0,128,0,0,27,2,29,38,60,57,2,157,50,0,50,207
01/03/2002,CID,IA,ACE,CE,Towers with Radar,39,64,37,0,140,0,0,28,0,28,39,64,65,0,168,6,0,6,174
01/04/2002,CID,IA,ACE,CE,Towers with Radar,40,60,31,0,131,0,2,37,0,39,40,62,68,0,170,22,0,22,192
01/05/2002,CID,IA,ACE,CE,Towers with Radar,37,39,10,0,86,0,0,16,0,16,37,39,26,0,102,76,0,76,178
01/06/2002,CID,IA,ACE,CE,Towers with Radar,25,41,17,0,83,0,0,14,0,14,25,41,31,0,97,14,0,14,111
01/07/2002,CID,IA,ACE,CE,Towers with Radar,29,60,40,0,129,0,0,26,0,26,29,60,66,0,155,24,0,24,179
01/08/2002,CID,IA,ACE,CE,Towers with Radar,40,58,35,0,133,0,0,45,0,45,40,58,80,0,178,54,0,54,232
01/09/2002,CID,IA,ACE,CE,Towers with Radar,38,62,38,2,140,0,0,31,0,31,38,62,69,2,171,10,0,10,181
01/10/2002,CID,IA,ACE,CE,Towers with Radar,40,67,45,0,152,0,0,29,0,29,40,67,74,0,181,0,0,0,181
01/11/2002,CID,IA,ACE,CE,Towers with Radar,42,56,42,0,140,0,0,36,0,36,42,56,78,0,176,84,0,84,260
01/12/2002,CID,IA,ACE,CE,Towers with Radar,33,40,20,0,93,0,2,44,0,46,33,42,64,0,139,78,0,78,217
01/13/2002,CID,IA,ACE,CE,Towers with Radar,27,42,22,0,91,0,0,33,0,33,27,42,55,0,124,20,0,20,144
01/14/2002,CID,IA,ACE,CE,Towers with Radar,38,64,36,0,138,0,0,0,0,0,38,64,36,0,138,0,0,0,138
01/15/2002,CID,IA,ACE,CE,Towers with Radar,43,69,58,0,170,0,0,13,0,13,43,69,71,0,183,18,0,18,201
01/16/2002,CID,IA,ACE,CE,Towers with Radar,37,62,34,0,133,0,0,9,0,9,37,62,43,0,142,2,0,2,144
01/17/2002,CID,IA,ACE,CE,Towers with Radar,40,60,52,0,152,0,0,37,0,37,40,60,89,0,189,0,0,0,189
01/18/2002,CID,IA,ACE,CE,Towers with Radar,43,68,42,0,153,0,0,28,0,28,43,68,70,0,181,16,0,16,197
01/19/2002,CID,IA,ACE,CE,Towers with Radar,35,40,21,0,96,0,0,4,0,4,35,40,25,0,100,20,0,20,120
01/20/2002,CID,IA,ACE,CE,Towers with Radar,24,45,24,0,93,0,0,49,0,49,24,45,73,0,142,56,0,56,198
01/21/2002,CID,IA,ACE,CE,Towers with Radar,36,58,52,0,146,0,0,26,0,26,36,58,78,0,172,12,0,12,184
01/22/2002,CID,IA,ACE,CE,Towers with Radar,35,71,57,0,163,0,0,33,0,33,35,71,90,0,196,4,0,4,200
01/23/2002,CID,IA,ACE,CE,Towers with Radar,41,58,54,2,155,0,0,19,0,19,41,58,73,2,174,12,0,12,186
01/24/2002,CID,IA,ACE,CE,Towers with Radar,36,63,57,0,156,0,0,23,0,23,36,63,80,0,179,6,0,6,185
01/25/2002,CID,IA,ACE,CE,Towers with Radar,42,66,41,0,149,0,0,39,0,39,42,66,80,0,188,24,0,24,212
01/26/2002,CID,IA,ACE,CE,Towers with Radar,35,41,22,0,98,0,2,92,0,94,35,43,114,0,192,64,0,64,256
01/27/2002,CID,IA,ACE,CE,Towers with Radar,27,45,19,0,91,0,0,60,0,60,27,45,79,0,151,54,0,54,205
01/28/2002,CID,IA,ACE,CE,Towers with Radar,34,52,46,0,132,0,0,14,0,14,34,52,60,0,146,12,0,12,158
01/29/2002,CID,IA,ACE,CE,Towers with Radar,39,61,36,0,136,0,0,0,0,0,39,61,36,0,136,0,0,0,136
01/30/2002,CID,IA,ACE,CE,Towers with Radar,30,54,44,0,128,0,0,0,0,0,30,54,44,0,128,0,0,0,128
01/31/2002,CID,IA,ACE,CE,Towers with Radar,29,52,41,1,123,0,0,1,0,1,29,52,42,1,124,0,0,0,124
02/01/2002,CID,IA,ACE,CE,Towers with Radar,38,68,42,0,148,0,2,21,0,23,38,70,63,0,171,2,0,2,173
02/02/2002,CID,IA,ACE,CE,Towers with Radar,34,43,14,0,91,0,0,30,0,30,34,43,44,0,121,26,0,26,147
02/03/2002,CID,IA,ACE,CE,Towers with Radar,21,45,28,0,94,0,0,42,0,42,21,45,70,0,136,34,0,34,170
02/04/2002,CID,IA,ACE,CE,Towers with Radar,30,65,55,0,150,0,0,29,0,29,30,65,84,0,179,18,0,18,197
02/05/2002,CID,IA,ACE,CE,Towers with Radar,35,64,59,0,158,0,1,28,0,29,35,65,87,0,187,6,0,6,193
02/06/2002,CID,IA,ACE,CE,Towers with Radar,36,67,51,1,155,0,2,40,1,43,36,69,91,2,198,0,0,0,198
02/07/2002,CID,IA,ACE,CE,Towers with Radar,36,61,47,3,147,0,4,38,1,43,36,65,85,4,190,0,0,0,190
02/08/2002,CID,IA,ACE,CE,Towers with Radar,36,66,41,7,150,0,0,33,2,35,36,66,74,9,185,44,0,44,229
02/09/2002,CID,IA,ACE,CE,Towers with Radar,37,41,14,0,92,0,0,33,2,35,37,41,47,2,127,68,0,68,195
02/10/2002,CID,IA,ACE,CE,Towers with Radar,22,46,12,0,80,0,0,8,0,8,22,46,20,0,88,8,0,8,96
02/11/2002,CID,IA,ACE,CE,Towers with Radar,31,55,34,3,123,0,0,16,1,17,31,55,50,4,140,6,0,6,146
02/12/2002,CID,IA,ACE,CE,Towers with Radar,38,60,38,7,143,0,0,13,3,16,38,60,51,10,159,10,0,10,169
02/13/2002,CID,IA,ACE,CE,Towers with Radar,37,70,51,0,158,0,0,54,0,54,37,70,105,0,212,28,0,28,240
02/14/2002,CID,IA,ACE,CE,Towers with Radar,37,70,41,0,148,0,1,28,0,29,37,71,69,0,177,14,0,14,191
02/15/2002,CID,IA,ACE,CE,Towers with Radar,42,70,68,0,180,0,0,32,0,32,42,70,100,0,212,10,0,10,222
02/16/2002,CID,IA,ACE,CE,Towers with Radar,35,40,25,0,100,0,0,19,0,19,35,40,44,0,119,22,0,22,141
02/17/2002,CID,IA,ACE,CE,Towers with Radar,23,45,40,0,108,0,0,93,0,93,23,45,133,0,201,72,0,72,273
02/18/2002,CID,IA,ACE,CE,Towers with Radar,32,56,23,0,111,0,0,25,0,25,32,56,48,0,136,6,0,6,142
02/19/2002,CID,IA,ACE,CE,Towers with Radar,32,58,61,6,157,0,0,1,0,1,32,58,62,6,158,0,0,0,158
02/20/2002,CID,IA,ACE,CE,Towers with Radar,36,75,42,3,156,0,0,6,0,6,36,75,48,3,162,0,0,0,162
02/21/2002,CID,IA,ACE,CE,Towers with Radar,36,61,54,10,161,0,0,15,0,15,36,61,69,10,176,0,0,0,176
02/22/2002,CID,IA,ACE,CE,Towers with Radar,38,71,63,0,172,0,0,46,0,46,38,71,109,0,218,46,0,46,264
02/23/2002,CID,IA,ACE,CE,Towers with Radar,37,43,14,0,94,0,2,44,1,47,37,45,58,1,141,50,0,50,191
02/24/2002,CID,IA,ACE,CE,Towers with Radar,22,47,12,0,81,0,1,18,0,19,22,48,30,0,100,22,0,22,122
02/25/2002,CID,IA,ACE,CE,Towers with Radar,28,63,37,0,128,0,0,19,0,19,28,63,56,0,147,30,0,30,177
02/26/2002,CID,IA,ACE,CE,Towers with Radar,39,67,47,0,153,0,0,6,0,6,39,67,53,0,159,0,0,0,159
02/27/2002,CID,IA,ACE,CE,Towers with Radar,36,62,47,0,145,0,0,48,0,48,36,62,95,0,193,8,0,8,201
02/28/2002,CID,IA,ACE,CE,Towers with Radar,34,69,41,0,144,0,0,26,0,26,34,69,67,0,170,42,0,42,212
03/01/2002,CID,IA,ACE,CE,Towers with Radar,38,65,42,0,145,0,0,18,0,18,38,65,60,0,163,8,0,8,171
03/02/2002,CID,IA,ACE,CE,Towers with Radar,24,39,6,0,69,0,0,0,0,0,24,39,6,0,69,0,0,0,69
03/03/2002,CID,IA,ACE,CE,Towers with Radar,21,46,11,0,78,0,0,7,0,7,21,46,18,0,85,4,0,4,89
03/04/2002,CID,IA,ACE,CE,Towers with Radar,26,64,31,0,121,0,0,15,0,15,26,64,46,0,136,2,0,2,138
03/05/2002,CID,IA,ACE,CE,Towers with Radar,33,64,42,0,139,0,0,31,0,31,33,64,73,0,170,58,0,58,228
03/06/2002,CID,IA,ACE,CE,Towers with Radar,33,78,41,4,156,0,0,3,0,3,33,78,44,4,159,6,0,6,165
03/07/2002,CID,IA,ACE,CE,Towers with Radar,29,76,46,0,151,0,0,0,0,0,29,76,46,0,151,0,0,0,151
03/08/2002,CID,IA,ACE,CE,Towers with Radar,30,74,47,1,152,0,0,0,0,0,30,74,47,1,152,0,0,0,152
03/09/2002,CID,IA,ACE,CE,Towers with Radar,28,45,10,0,83,0,0,0,0,0,28,45,10,0,83,0,0,0,83
03/10/2002,CID,IA,ACE,CE,Towers with Radar,21,51,21,0,93,0,0,61,0,61,21,51,82,0,154,38,0,38,192
03/11/2002,CID,IA,ACE,CE,Towers with Radar,24,62,44,0,130,0,0,34,0,34,24,62,78,0,164,20,0,20,184
03/12/2002,CID,IA,ACE,CE,Towers with Radar,34,81,45,0,160,0,0,45,0,45,34,81,90,0,205,60,0,60,265
03/13/2002,CID,IA,ACE,CE,Towers with Radar,34,74,50,0,158,0,0,44,0,44,34,74,94,0,202,78,0,78,280
03/14/2002,CID,IA,ACE,CE,Towers with Radar,31,82,78,0,191,0,0,21,0,21,31,82,99,0,212,20,0,20,232
03/15/2002,CID,IA,ACE,CE,Towers with Radar,32,63,55,0,150,0,0,22,0,22,32,63,77,0,172,8,0,8,180
03/16/2002,CID,IA,ACE,CE,Towers with Radar,32,44,31,0,107,0,16,70,0,86,32,60,101,0,193,110,0,110,303
03/17/2002,CID,IA,ACE,CE,Towers with Radar,22,53,13,0,88,0,0,10,0,10,22,53,23,0,98,6,0,6,104
03/18/2002,CID,IA,ACE,CE,Towers with Radar,29,64,38,0,131,0,1,30,0,31,29,65,68,0,162,32,0,32,194
03/19/2002,CID,IA,ACE,CE,Towers with Radar,36,66,81,4,187,0,0,6,0,6,36,66,87,4,193,0,0,0,193
03/20/2002,CID,IA,ACE,CE,Towers with Radar,30,68,48,5,151,0,3,27,2,32,30,71,75,7,183,56,0,56,239
03/21/2002,CID,IA,ACE,CE,Towers with Radar,34,60,46,0,140,0,0,12,0,12,34,60,58,0,152,4,0,4,156
03/22/2002,CID,IA,ACE,CE,Towers with Radar,35,64,40,0,139,0,0,44,0,44,35,64,84,0,183,30,0,30,213
03/23/2002,CID,IA,ACE,CE,Towers with Radar,37,43,25,0,105,0,0,76,0,76,37,43,101,0,181,79,0,79,260
03/24/2002,CID,IA,ACE,CE,Towers with Radar,20,49,12,0,81,0,0,16,0,16,20,49,28,0,97,6,0,6,103
03/25/2002,CID,IA,ACE,CE,Towers with Radar,25,66,39,0,130,0,0,9,0,9,25,66,48,0,139,4,0,4,143
03/26/2002,CID,IA,ACE,CE,Towers with Radar,34,67,38,5,144,0,0,40,0,40,34,67,78,5,184,44,0,44,228
03/27/2002,CID,IA,ACE,CE,Towers with Radar,32,65,43,6,146,0,1,60,4,65,32,66,103,10,211,24,0,24,235
03/28/2002,CID,IA,ACE,CE,Towers with Radar,34,71,45,0,150,0,0,32,2,34,34,71,77,2,184,8,0,8,192
03/29/2002,CID,IA,ACE,CE,Towers with Radar,31,60,26,0,117,0,0,43,0,43,31,60,69,0,160,12,0,12,172
03/30/2002,CID,IA,ACE,CE,Towers with Radar,29,37,16,0,82,0,2,39,0,41,29,39,55,0,123,14,0,14,137
03/31/2002,CID,IA,ACE,CE,Towers with Radar,18,48,21,0,87,0,0,11,0,11,18,48,32,0,98,0,0,0,98
04/01/2002,CID,IA,ACE,CE,Towers with Radar,25,61,53,0,139,0,0,0,0,0,25,61,53,0,139,0,0,0,139
04/02/2002,CID,IA,ACE,CE,Towers with Radar,32,64,50,0,146,0,0,13,0,13,32,64,63,0,159,4,0,4,163
04/03/2002,CID,IA,ACE,CE,Towers with Radar,30,63,40,0,133,0,0,21,0,21,30,63,61,0,154,26,0,26,180
04/04/2002,CID,IA,ACE,CE,Towers with Radar,32,68,59,0,159,0,1,36,0,37,32,69,95,0,196,26,0,26,222
04/05/2002,CID,IA,ACE,CE,Towers with Radar,35,68,56,0,159,0,0,56,0,56,35,68,112,0,215,66,0,66,281
04/06/2002,CID,IA,ACE,CE,Towers with Radar,33,43,18,0,94,0,0,53,0,53,33,43,71,0,147,94,0,94,241
04/07/2002,CID,IA,ACE,CE,Towers with Radar,21,44,22,3,90,0,0,2,1,3,21,44,24,4,93,0,0,0,93
04/08/2002,CID,IA,ACE,CE,Towers with Radar,27,55,39,0,121,0,0,0,0,0,27,55,39,0,121,0,0,0,121
04/09/2002,CID,IA,ACE,CE,Towers with Radar,34,62,61,0,157,0,2,52,0,54,34,64,113,0,211,64,0,64,275
04/10/2002,CID,IA,ACE,CE,Towers with Radar,34,61,32,0,127,0,0,35,0,35,34,61,67,0,162,14,0,14,176
04/11/2002,CID,IA,ACE,CE,Towers with Radar,35,66,35,7,143,0,0,14,2,16,35,66,49,9,159,28,0,28,187
04/12/2002,CID,IA,ACE,CE,Towers with Radar,40,59,90,2,191,0,0,16,4,20,40,59,106,6,211,22,0,22,233
04/13/2002,CID,IA,ACE,CE,Towers with Radar,26,33,22,0,81,0,0,108,0,108,26,33,130,0,189,66,0,66,255
04/14/2002,CID,IA,ACE,CE,Towers with Radar,21,47,32,2,102,0,0,31,0,31,21,47,63,2,133,0,0,0,133
04/15/2002,CID,IA,ACE,CE,Towers with Radar,28,60,52,3,143,0,0,27,0,27,28,60,79,3,170,0,0,0,170
04/16/2002,CID,IA,ACE,CE,Towers with Radar,33,63,76,0,172,0,0,38,0,38,33,63,114,0,210,8,0,8,218
04/17/2002,CID,IA,ACE,CE,Towers with Radar,35,68,54,4,161,0,0,53,2,55,35,68,107,6,216,70,0,70,286
04/18/2002,CID,IA,ACE,CE,Towers with Radar,31,66,61,7,165,0,0,19,0,19,31,66,80,7,184,8,0,8,192
04/19/2002,CID,IA,ACE,CE,Towers with Radar,38,65,49,1,153,0,0,28,1,29,38,65,77,2,182,0,0,0,182
04/20/2002,CID,IA,ACE,CE,Towers with Radar,30,42,25,0,97,0,4,40,0,44,30,46,65,0,141,66,0,66,207
04/21/2002,CID,IA,ACE,CE,Towers with Radar,19,46,27,0,92,0,0,0,0,0,19,46,27,0,92,0,0,0,92
04/22/2002,CID,IA,ACE,CE,Towers with Radar,28,67,52,0,147,0,0,30,0,30,28,67,82,0,177,74,0,74,251
04/23/2002,CID,IA,ACE,CE,Towers with Radar,36,65,46,2,149,0,0,57,0,57,36,65,103,2,206,14,0,14,220
04/24/2002,CID,IA,ACE,CE,Towers with Radar,34,57,52,3,146,0,0,13,0,13,34,57,65,3,159,26,0,26,185
04/25/2002,CID,IA,ACE,CE,Towers with Radar,35,64,51,2,152,0,0,50,2,52,35,64,101,4,204,0,6,6,210
04/26/2002,CID,IA,ACE,CE,Towers with Radar,37,63,62,3,165,0,0,71,2,73,37,63,133,5,238,56,0,56,294
04/27/2002,CID,IA,ACE,CE,Towers with Radar,30,40,11,1,82,0,0,0,0,0,30,40,11,1,82,0,0,0,82
04/28/2002,CID,IA,ACE,CE,Towers with Radar,21,45,30,1,97,0,0,16,0,16,21,45,46,1,113,48,0,48,161
04/29/2002,CID,IA,ACE,CE,Towers with Radar,29,62,55,0,146,0,1,49,0,50,29,63,104,0,196,42,0,42,238
04/30/2002,CID,IA,ACE,CE,Towers with Radar,34,70,52,0,156,0,0,27,0,27,34,70,79,0,183,60,0,60,243
05/01/2002,CID,IA,ACE,CE,Towers with Radar,33,72,60,0,165,0,1,19,0,20,33,73,79,0,185,6,0,6,191
05/02/2002,CID,IA,ACE,CE,Towers with Radar,33,35,37,0,105,0,3,33,0,36,33,38,70,0,141,78,0,78,219
05/03/2002,CID,IA,ACE,CE,Towers with Radar,34,70,51,0,155,0,0,83,0,83,34,70,134,0,238,34,0,34,272
05/04/2002,CID,IA,ACE,CE,Towers with Radar,35,45,14,0,94,0,0,63,1,64,35,45,77,1,158,76,0,76,234
05/05/2002,CID,IA,ACE,CE,Towers with Radar,21,47,27,0,95,6,0,43,0,49,27,47,70,0,144,30,0,30,174
05/06/2002,CID,IA,ACE,CE,Towers with Radar,27,63,46,0,136,0,0,34,0,34,27,63,80,0,170,6,0,6,176
05/07/2002,CID,IA,ACE,CE,Towers with Radar,34,67,67,0,168,0,0,20,0,20,34,67,87,0,188,50,0,50,238
05/08/2002,CID,IA,ACE,CE,Towers with Radar,34,73,41,0,148,0,0,15,0,15,34,73,56,0,163,8,0,8,171
05/09/2002,CID,IA,ACE,CE,Towers with Radar,32,73,49,0,154,0,0,17,0,17,32,73,66,0,171,24,0,24,195
05/10/2002,CID,IA,ACE,CE,Towers with Radar,30,69,62,0,161,0,1,72,0,73,30,70,134,0,234,88,0,88,322
05/11/2002,CID,IA,ACE,CE,Towers with Radar,38,42,13,0,93,0,0,4,0,4,38,42,17,0,97,0,0,0,97
05/12/2002,CID,IA,ACE,CE,Towers with Radar,20,45,18,0,83,0,0,1,0,1,20,45,19,0,84,0,0,0,84
05/13/2002,CID,IA,ACE,CE,Towers with Radar,24,65,56,0,145,0,1,25,0,26,24,66,81,0,171,42,0,42,213
05/14/2002,CID,IA,ACE,CE,Towers with Radar,33,84,72,0,189,0,0,65,0,65,33,84,137,0,254,24,0,24,278
05/15/2002,CID,IA,ACE,CE,Towers with Radar,35,81,50,0,166,0,0,25,0,25,35,81,75,0,191,4,0,4,195
05/16/2002,CID,IA,ACE,CE,Towers with Radar,32,72,51,0,155,0,0,25,0,25,32,72,76,0,180,64,0,64,244
05/17/2002,CID,IA,ACE,CE,Towers with Radar,35,65,60,0,160,0,0,41,0,41,35,65,101,0,201,28,0,28,229
05/18/2002,CID,IA,ACE,CE,Towers with Radar,33,40,37,2,112,0,0,74,0,74,33,40,111,2,186,24,0,24,210
05/19/2002,CID,IA,ACE,CE,Towers with Radar,19,55,33,0,107,0,0,74,0,74,19,55,107,0,181,6,0,6,187
05/20/2002,CID,IA,ACE,CE,Towers with Radar,26,67,41,1,135,0,1,45,0,46,26,68,86,1,181,30,0,30,211
05/21/2002,CID,IA,ACE,CE,Towers with Radar,34,67,55,0,156,0,4,66,0,70,34,71,121,0,226,60,0,60,286
05/22/2002,CID,IA,ACE,CE,Towers with Radar,32,79,48,1,160,0,0,24,0,24,32,79,72,1,184,18,0,18,202
05/23/2002,CID,IA,ACE,CE,Towers with Radar,36,70,61,0,167,0,0,33,0,33,36,70,94,0,200,87,0,87,287
05/24/2002,CID,IA,ACE,CE,Towers with Radar,34,76,32,0,142,0,1,49,0,50,34,77,81,0,192,26,0,26,218
05/25/2002,CID,IA,ACE,CE,Towers with Radar,29,39,37,0,105,0,9,31,0,40,29,48,68,0,145,10,0,10,155
05/26/2002,CID,IA,ACE,CE,Towers with Radar,24,27,17,0,68,0,2,61,0,63,24,29,78,0,131,50,0,50,181
05/27/2002,CID,IA,ACE,CE,Towers with Radar,20,46,17,0,83,0,0,60,0,60,20,46,77,0,143,20,0,20,163
05/28/2002,CID,IA,ACE,CE,Towers with Radar,27,69,49,0,145,0,0,29,0,29,27,69,78,0,174,46,0,46,220
05/29/2002,CID,IA,ACE,CE,Towers with Radar,35,71,54,0,160,0,0,26,0,26,35,71,80,0,186,30,0,30,216
05/30/2002,CID,IA,ACE,CE,Towers with Radar,32,74,50,0,156,0,0,39,0,39,32,74,89,0,195,65,0,65,260
05/31/2002,CID,IA,ACE,CE,Towers with Radar,34,64,62,0,160,0,4,67,0,71,34,68,129,0,231,38,0,38,269
06/01/2002,CID,IA,ACE,CE,Towers with Radar,38,42,26,0,106,1,0,79,0,80,39,42,105,0,186,94,0,94,280
06/02/2002,CID,IA,ACE,CE,Towers with Radar,20,44,29,0,93,3,2,15,0,20,23,46,44,0,113,10,0,10,123
06/03/2002,CID,IA,ACE,CE,Towers with Radar,27,68,33,0,128,0,0,12,0,12,27,68,45,0,140,2,0,2,142
06/04/2002,CID,IA,ACE,CE,Towers with Radar,25,56,36,0,117,0,9,0,0,9,25,65,36,0,126,0,0,0,126
06/05/2002,CID,IA,ACE,CE,Towers with Radar,32,73,71,0,176,0,0,48,0,48,32,73,119,0,224,130,0,130,354
06/06/2002,CID,IA,ACE,CE,Towers with Radar,33,69,73,0,175,0,0,69,0,69,33,69,142,0,244,16,0,16,260
06/07/2002,CID,IA,ACE,CE,Towers with Radar,35,71,54,0,160,0,0,63,0,63,35,71,117,0,223,24,0,24,247
06/08/2002,CID,IA,ACE,CE,Towers with Radar,33,45,12,0,90,0,0,55,0,55,33,45,67,0,145,0,0,0,145
06/09/2002,CID,IA,ACE,CE,Towers with Radar,24,45,24,0,93,0,0,31,0,31,24,45,55,0,124,0,0,0,124
06/10/2002,CID,IA,ACE,CE,Towers with Radar,26,56,40,0,122,3,5,9,0,17,29,61,49,0,139,8,0,8,147
06/11/2002,CID,IA,ACE,CE,Towers with Radar,35,65,61,0,161,1,0,8,0,9,36,65,69,0,170,30,0,30,200
06/12/2002,CID,IA,ACE,CE,Towers with Radar,35,71,69,0,175,0,0,12,0,12,35,71,81,0,187,2,0,2,189
06/13/2002,CID,IA,ACE,CE,Towers with Radar,36,72,53,0,161,1,0,42,2,45,37,72,95,2,206,40,0,40,246
06/14/2002,CID,IA,ACE,CE,Towers with Radar,29,71,58,4,162,0,0,43,5,48,29,71,101,9,210,32,0,32,242
06/15/2002,CID,IA,ACE,CE,Towers with Radar,29,45,28,0,102,0,0,49,0,49,29,45,77,0,151,0,28,28,179
06/16/2002,CID,IA,ACE,CE,Towers with Radar,18,55,14,0,87,0,0,55,0,55,18,55,69,0,142,38,0,38,180
06/17/2002,CID,IA,ACE,CE,Towers with Radar,25,71,48,11,155,0,0,36,5,41,25,71,84,16,196,62,0,62,258
06/18/2002,CID,IA,ACE,CE,Towers with Radar,33,71,56,0,160,0,1,37,0,38,33,72,93,0,198,18,0,18,216
06/19/2002,CID,IA,ACE,CE,Towers with Radar,28,83,59,0,170,0,1,30,1,32,28,84,89,1,202,66,0,66,268
06/20/2002,CID,IA,ACE,CE,Towers with Radar,32,78,100,0,210,0,0,46,0,46,32,78,146,0,256,36,0,36,292
06/21/2002,CID,IA,ACE,CE,Towers with Radar,29,71,51,0,151,0,0,41,0,41,29,71,92,0,192,34,0,34,226
06/22/2002,CID,IA,ACE,CE,Towers with Radar,32,51,24,0,107,0,0,45,0,45,32,51,69,0,152,10,0,10,162
06/23/2002,CID,IA,ACE,CE,Towers with Radar,18,57,31,0,106,0,2,61,0,63,18,59,92,0,169,26,0,26,195
06/24/2002,CID,IA,ACE,CE,Towers with Radar,27,74,48,0,149,0,1,44,0,45,27,75,92,0,194,70,0,70,264
06/25/2002,CID,IA,ACE,CE,Towers with Radar,32,65,62,6,165,0,2,61,0,63,32,67,123,6,228,60,0,60,288
06/26/2002,CID,IA,ACE,CE,Towers with Radar,30,75,53,0,158,0,0,30,0,30,30,75,83,0,188,12,0,12,200
06/27/2002,CID,IA,ACE,CE,Towers with Radar,33,70,60,0,163,0,0,78,0,78,33,70,138,0,241,66,0,66,307
06/28/2002,CID,IA,ACE,CE,Towers with Radar,31,78,55,0,164,0,1,43,0,44,31,79,98,0,208,132,0,132,340
06/29/2002,CID,IA,ACE,CE,Towers with Radar,29,48,12,0,89,0,0,47,4,51,29,48,59,4,140,52,0,52,192
06/30/2002,CID,IA,ACE,CE,Towers with Radar,21,50,21,0,92,0,1,50,0,51,21,51,71,0,143,32,0,32,175
07/01/2002,CID,IA,ACE,CE,Towers with Radar,23,69,37,0,129,0,0,40,0,40,23,69,77,0,169,14,0,14,183
07/02/2002,CID,IA,ACE,CE,Towers with Radar,32,69,63,0,164,0,0,43,0,43,32,69,106,0,207,74,0,74,281
07/03/2002,CID,IA,ACE,CE,Towers with Radar,33,68,51,0,152,0,2,50,0,52,33,70,101,0,204,56,0,56,260
07/04/2002,CID,IA,ACE,CE,Towers with Radar,33,42,15,0,90,0,1,38,0,39,33,43,53,0,129,84,0,84,213
07/05/2002,CID,IA,ACE,CE,Towers with Radar,17,52,27,2,98,0,0,47,0,47,17,52,74,2,145,16,0,16,161
07/06/2002,CID,IA,ACE,CE,Towers with Radar,28,50,34,0,112,0,0,23,0,23,28,50,57,0,135,2,0,2,137
07/07/2002,CID,IA,ACE,CE,Towers with Radar,21,56,48,0,125,0,0,39,0,39,21,56,87,0,164,22,0,22,186
07/08/2002,CID,IA,ACE,CE,Towers with Radar,25,62,44,0,131,0,0,26,0,26,25,62,70,0,157,16,0,16,173
07/09/2002,CID,IA,ACE,CE,Towers with Radar,34,68,60,0,162,0,0,18,0,18,34,68,78,0,180,46,0,46,226
07/10/2002,CID,IA,ACE,CE,Towers with Radar,32,74,64,0,170,0,0,15,0,15,32,74,79,0,185,6,0,6,191
07/11/2002,CID,IA,ACE,CE,Towers with Radar,33,73,56,0,162,0,1,24,0,25,33,74,80,0,187,52,0,52,239
07/12/2002,CID,IA,ACE,CE,Towers with Radar,32,66,66,0,164,0,1,65,0,66,32,67,131,0,230,32,0,32,262
07/13/2002,CID,IA,ACE,CE,Towers with Radar,30,56,19,0,105,0,0,55,0,55,30,56,74,0,160,22,0,22,182
07/14/2002,CID,IA,ACE,CE,Towers with Radar,20,59,34,0,113,0,0,63,0,63,20,59,97,0,176,52,0,52,228
07/15/2002,CID,IA,ACE,CE,Towers with Radar,26,64,49,0,139,0,0,52,0,52,26,64,101,0,191,28,0,28,219
07/16/2002,CID,IA,ACE,CE,Towers with Radar,28,75,85,0,188,0,0,46,0,46,28,75,131,0,234,58,0,58,292
07/17/2002,CID,IA,ACE,CE,Towers with Radar,34,70,52,0,156,0,0,34,0,34,34,70,86,0,190,42,0,42,232
07/18/2002,CID,IA,ACE,CE,Towers with Radar,30,69,60,0,159,0,0,32,0,32,30,69,92,0,191,58,0,58,249
07/19/2002,CID,IA,ACE,CE,Towers with Radar,37,67,41,2,147,0,0,35,0,35,37,67,76,2,182,28,0,28,210
07/20/2002,CID,IA,ACE,CE,Towers with Radar,30,54,16,0,100,0,0,54,0,54,30,54,70,0,154,38,0,38,192
07/21/2002,CID,IA,ACE,CE,Towers with Radar,19,52,21,0,92,0,1,39,0,40,19,53,60,0,132,2,0,2,134
07/22/2002,CID,IA,ACE,CE,Towers with Radar,24,68,68,0,160,0,0,39,0,39,24,68,107,0,199,38,0,38,237
07/23/2002,CID,IA,ACE,CE,Towers with Radar,42,65,55,0,162,0,0,58,0,58,42,65,113,0,220,54,0,54,274
07/24/2002,CID,IA,ACE,CE,Towers with Radar,35,72,50,0,157,0,2,68,0,70,35,74,118,0,227,76,0,76,303
07/25/2002,CID,IA,ACE,CE,Towers with Radar,31,66,55,0,152,0,0,53,0,53,31,66,108,0,205,22,0,22,227
07/26/2002,CID,IA,ACE,CE,Towers with Radar,34,65,56,0,155,0,0,54,0,54,34,65,110,0,209,42,0,42,251
07/27/2002,CID,IA,ACE,CE,Towers with Radar,28,52,26,0,106,0,0,22,0,22,28,52,48,0,128,38,0,38,166
07/28/2002,CID,IA,ACE,CE,Towers with Radar,20,54,27,1,102,0,0,44,0,44,20,54,71,1,146,4,0,4,150
07/29/2002,CID,IA,ACE,CE,Towers with Radar,20,68,55,3,146,0,0,40,0,40,20,68,95,3,186,0,20,20,206
07/30/2002,CID,IA,ACE,CE,Towers with Radar,30,74,64,0,168,0,0,75,0,75,30,74,139,0,243,88,0,88,331
07/31/2002,CID,IA,ACE,CE,Towers with Radar,33,72,48,0,153,0,0,55,0,55,33,72,103,0,208,42,2,44,252
08/01/2002,CID,IA,ACE,CE,Towers with Radar,32,73,60,0,165,0,0,48,0,48,32,73,108,0,213,20,0,20,233
08/02/2002,CID,IA,ACE,CE,Towers with Radar,32,66,40,0,138,0,0,111,0,111,32,66,151,0,249,32,0,32,281
08/03/2002,CID,IA,ACE,CE,Towers with Radar,30,58,27,0,115,0,0,96,0,96,30,58,123,0,211,34,0,34,245
08/04/2002,CID,IA,ACE,CE,Towers with Radar,19,54,18,0,91,0,0,94,0,94,19,54,112,0,185,38,0,38,223
08/05/2002,CID,IA,ACE,CE,Towers with Radar,20,71,48,0,139,0,0,19,0,19,20,71,67,0,158,70,0,70,228
08/06/2002,CID,IA,ACE,CE,Towers with Radar,34,81,41,0,156,0,1,62,0,63,34,82,103,0,219,108,0,108,327
08/07/2002,CID,IA,ACE,CE,Towers with Radar,30,70,39,0,139,0,0,61,2,63,30,70,100,2,202,34,0,34,236
08/08/2002,CID,IA,ACE,CE,Towers with Radar,33,77,53,0,163,0,0,58,0,58,33,77,111,0,221,80,0,80,301
08/09/2002,CID,IA,ACE,CE,Towers with Radar,32,73,37,0,142,0,0,49,0,49,32,73,86,0,191,54,0,54,245
08/10/2002,CID,IA,ACE,CE,Towers with Radar,29,51,15,0,95,0,1,57,0,58,29,52,72,0,153,38,0,38,191
08/11/2002,CID,IA,ACE,CE,Towers with Radar,22,56,18,0,96,0,0,73,0,73,22,56,91,0,169,44,0,44,213
08/12/2002,CID,IA,ACE,CE,Towers with Radar,21,65,48,0,134,0,0,21,0,21,21,65,69,0,155,34,0,34,189
08/13/2002,CID,IA,ACE,CE,Towers with Radar,29,76,60,0,165,0,0,8,0,8,29,76,68,0,173,0,0,0,173
08/14/2002,CID,IA,ACE,CE,Towers with Radar,33,76,61,0,170,0,1,66,0,67,33,77,127,0,237,50,0,50,287
08/15/2002,CID,IA,ACE,CE,Towers with Radar,34,74,69,0,177,0,3,37,0,40,34,77,106,0,217,70,0,70,287
08/16/2002,CID,IA,ACE,CE,Towers with Radar,32,77,35,0,144,0,0,46,0,46,32,77,81,0,190,50,0,50,240
08/17/2002,CID,IA,ACE,CE,Towers with Radar,27,64,15,0,106,0,0,21,2,23,27,64,36,2,129,8,0,8,137
08/18/2002,CID,IA,ACE,CE,Towers with Radar,18,64,22,0,104,0,0,81,0,81,18,64,103,0,185,90,0,90,275
08/19/2002,CID,IA,ACE,CE,Towers with Radar,30,70,40,0,140,0,3,44,0,47,30,73,84,0,187,46,0,46,233
08/20/2002,CID,IA,ACE,CE,Towers with Radar,34,89,59,0,182,0,0,43,0,43,34,89,102,0,225,32,0,32,257
08/21/2002,CID,IA,ACE,CE,Towers with Radar,29,84,55,3,171,0,0,15,0,15,29,84,70,3,186,2,0,2,188
08/22/2002,CID,IA,ACE,CE,Towers with Radar,31,78,48,0,157,0,4,17,0,21,31,82,65,0,178,36,0,36,214
08/23/2002,CID,IA,ACE,CE,Towers with Radar,33,76,61,0,170,0,0,33,0,33,33,76,94,0,203,18,0,18,221
08/24/2002,CID,IA,ACE,CE,Towers with Radar,30,61,30,0,121,0,0,35,0,35,30,61,65,0,156,10,0,10,166
08/25/2002,CID,IA,ACE,CE,Towers with Radar,21,65,31,0,117,0,3,81,0,84,21,68,112,0,201,48,0,48,249
08/26/2002,CID,IA,ACE,CE,Towers with Radar,26,74,48,0,148,0,0,29,0,29,26,74,77,0,177,38,0,38,215
08/27/2002,CID,IA,ACE,CE,Towers with Radar,32,81,60,0,173,0,0,43,0,43,32,81,103,0,216,30,0,30,246
08/28/2002,CID,IA,ACE,CE,Towers with Radar,30,85,79,0,194,0,0,33,0,33,30,85,112,0,227,78,0,78,305
08/29/2002,CID,IA,ACE,CE,Towers with Radar,34,34,56,0,124,0,0,55,0,55,34,34,111,0,179,78,0,78,257
08/30/2002,CID,IA,ACE,CE,Towers with Radar,34,81,58,0,173,0,0,47,0,47,34,81,105,0,220,58,0,58,278
08/31/2002,CID,IA,ACE,CE,Towers with Radar,28,46,11,0,85,0,0,54,0,54,28,46,65,0,139,36,0,36,175
09/01/2002,CID,IA,ACE,CE,Towers with Radar,17,40,22,0,79,0,0,42,0,42,17,40,64,0,121,34,0,34,155
09/02/2002,CID,IA,ACE,CE,Towers with Radar,17,59,29,0,105,0,0,29,0,29,17,59,58,0,134,18,0,18,152
09/03/2002,CID,IA,ACE,CE,Towers with Radar,26,82,50,0,158,0,3,58,0,61,26,85,108,0,219,30,0,30,249
09/04/2002,CID,IA,ACE,CE,Towers with Radar,35,81,50,0,166,0,2,57,0,59,35,83,107,0,225,120,0,120,345
09/05/2002,CID,IA,ACE,CE,Towers with Radar,32,89,64,0,185,0,1,46,0,47,32,90,110,0,232,44,0,44,276
09/06/2002,CID,IA,ACE,CE,Towers with Radar,33,77,51,0,161,0,3,71,0,74,33,80,122,0,235,22,0,22,257
09/07/2002,CID,IA,ACE,CE,Towers with Radar,31,60,21,0,112,0,1,68,0,69,31,61,89,0,181,12,0,12,193
09/08/2002,CID,IA,ACE,CE,Towers with Radar,17,67,22,0,106,0,0,79,0,79,17,67,101,0,185,50,0,50,235
09/09/2002,CID,IA,ACE,CE,Towers with Radar,27,73,44,10,154,0,0,57,0,57,27,73,101,10,211,68,0,68,279
09/10/2002,CID,IA,ACE,CE,Towers with Radar,30,62,52,0,144,0,1,22,0,23,30,63,74,0,167,76,0,76,243
09/11/2002,CID,IA,ACE,CE,Towers with Radar,32,64,45,0,141,0,1,34,0,35,32,65,79,0,176,6,0,6,182
09/12/2002,CID,IA,ACE,CE,Towers with Radar,34,82,53,0,169,0,2,53,0,55,34,84,106,0,224,38,0,38,262
09/13/2002,CID,IA,ACE,CE,Towers with Radar,32,77,44,0,153,0,0,63,0,63,32,77,107,0,216,32,0,32,248
09/14/2002,CID,IA,ACE,CE,Towers with Radar,29,59,13,0,101,0,0,27,0,27,29,59,40,0,128,56,0,56,184
09/15/2002,CID,IA,ACE,CE,Towers with Radar,19,62,23,0,104,0,0,60,0,60,19,62,83,0,164,8,0,8,172
09/16/2002,CID,IA,ACE,CE,Towers with Radar,27,72,46,0,145,0,0,0,0,0,27,72,46,0,145,54,0,54,199
09/17/2002,CID,IA,ACE,CE,Towers with Radar,28,82,55,0,165,0,2,27,0,29,28,84,82,0,194,52,0,52,246
09/18/2002,CID,IA,ACE,CE,Towers with Radar,30,78,47,0,155,0,0,10,0,10,30,78,57,0,165,4,0,4,169
09/19/2002,CID,IA,ACE,CE,Towers with Radar,35,76,71,0,182,0,0,9,0,9,35,76,80,0,191,0,0,0,191
09/20/2002,CID,IA,ACE,CE,Towers with Radar,38,77,56,0,171,0,0,26,0,26,38,77,82,0,197,62,0,62,259
09/21/2002,CID,IA,ACE,CE,Towers with Radar,28,62,26,0,116,0,2,69,0,71,28,64,95,0,187,42,0,42,229
09/22/2002,CID,IA,ACE,CE,Towers with Radar,20,72,20,0,112,0,0,56,0,56,20,72,76,0,168,16,0,16,184
09/23/2002,CID,IA,ACE,CE,Towers with Radar,24,72,42,0,138,0,0,30,0,30,24,72,72,0,168,22,0,22,190
09/24/2002,CID,IA,ACE,CE,Towers with Radar,32,76,47,0,155,0,3,42,0,45,32,79,89,0,200,0,20,20,220
09/25/2002,CID,IA,ACE,CE,Towers with Radar,33,77,46,0,156,0,1,33,0,34,33,78,79,0,190,12,0,12,202
09/26/2002,CID,IA,ACE,CE,Towers with Radar,34,85,51,0,170,0,0,40,0,40,34,85,91,0,210,38,0,38,248
09/27/2002,CID,IA,ACE,CE,Towers with Radar,34,85,67,0,186,0,0,8,0,8,34,85,75,0,194,0,0,0,194
09/28/2002,CID,IA,ACE,CE,Towers with Radar,29,64,32,0,125,0,1,26,0,27,29,65,58,0,152,42,0,42,194
09/29/2002,CID,IA,ACE,CE,Towers with Radar,18,70,31,0,119,0,0,23,0,23,18,70,54,0,142,2,0,2,144
09/30/2002,CID,IA,ACE,CE,Towers with Radar,26,73,45,0,144,0,0,32,0,32,26,73,77,0,176,16,0,16,192
10/01/2002,CID,IA,ACE,CE,Towers with Radar,32,77,44,0,153,0,0,12,0,12,32,77,56,0,165,2,0,2,167
10/02/2002,CID,IA,ACE,CE,Towers with Radar,38,82,55,0,175,0,0,0,0,0,38,82,55,0,175,0,0,0,175
10/03/2002,CID,IA,ACE,CE,Towers with Radar,22,65,45,0,132,0,0,0,0,0,22,65,45,0,132,0,0,0,132
10/04/2002,CID,IA,ACE,CE,Towers with Radar,35,60,43,0,138,0,0,2,0,2,35,60,45,0,140,0,0,0,140
10/05/2002,CID,IA,ACE,CE,Towers with Radar,33,64,15,0,112,0,0,68,0,68,33,64,83,0,180,54,0,54,234
10/06/2002,CID,IA,ACE,CE,Towers with Radar,19,61,23,0,103,0,2,16,0,18,19,63,39,0,121,24,0,24,145
10/07/2002,CID,IA,ACE,CE,Towers with Radar,24,77,41,0,142,0,0,42,0,42,24,77,83,0,184,46,0,46,230
10/08/2002,CID,IA,ACE,CE,Towers with Radar,33,78,51,0,162,0,0,33,0,33,33,78,84,0,195,28,0,28,223
10/09/2002,CID,IA,ACE,CE,Towers with Radar,35,73,75,0,183,0,0,35,0,35,35,73,110,0,218,10,0,10,228
10/10/2002,CID,IA,ACE,CE,Towers with Radar,33,81,47,0,161,0,1,59,0,60,33,82,106,0,221,40,0,40,261
10/11/2002,CID,IA,ACE,CE,Towers with Radar,36,73,50,0,159,0,0,41,0,41,36,73,91,0,200,68,0,68,268
10/12/2002,CID,IA,ACE,CE,Towers with Radar,30,55,10,0,95,0,0,4,0,4,30,55,14,0,99,0,0,0,99
10/13/2002,CID,IA,ACE,CE,Towers with Radar,20,62,27,0,109,0,3,56,0,59,20,65,83,0,168,42,0,42,210
10/14/2002,CID,IA,ACE,CE,Towers with Radar,25,70,42,2,139,0,3,38,0,41,25,73,80,2,180,10,0,10,190
10/15/2002,CID,IA,ACE,CE,Towers with Radar,34,81,61,0,176,0,2,46,0,48,34,83,107,0,224,44,0,44,268
10/16/2002,CID,IA,ACE,CE,Towers with Radar,31,75,55,4,165,0,0,45,1,46,31,75,100,5,211,38,0,38,249
10/17/2002,CID,IA,ACE,CE,Towers with Radar,32,80,56,0,168,0,0,15,0,15,32,80,71,0,183,18,0,18,201
10/18/2002,CID,IA,ACE,CE,Towers with Radar,36,74,33,2,145,0,0,34,0,34,36,74,67,2,179,14,2,16,195
10/19/2002,CID,IA,ACE,CE,Towers with Radar,31,61,7,2,101,0,1,59,0,60,31,62,66,2,161,62,0,62,223
10/20/2002,CID,IA,ACE,CE,Towers with Radar,22,61,16,0,99,0,0,76,0,76,22,61,92,0,175,40,0,40,215
10/21/2002,CID,IA,ACE,CE,Towers with Radar,23,75,48,0,146,0,0,22,0,22,23,75,70,0,168,30,0,30,198
10/22/2002,CID,IA,ACE,CE,Towers with Radar,28,74,63,0,165,0,0,34,0,34,28,74,97,0,199,116,0,116,315
10/23/2002,CID,IA,ACE,CE,Towers with Radar,34,76,56,0,166,0,0,19,0,19,34,76,75,0,185,20,0,20,205
10/24/2002,CID,IA,ACE,CE,Towers with Radar,32,75,45,0,152,0,0,0,0,0,32,75,45,0,152,0,0,0,152
10/25/2002,CID,IA,ACE,CE,Towers with Radar,31,76,66,0,173,0,0,0,0,0,31,76,66,0,173,0,0,0,173
10/26/2002,CID,IA,ACE,CE,Towers with Radar,43,49,46,0,138,0,0,40,0,40,43,49,86,0,178,24,0,24,202
10/27/2002,CID,IA,ACE,CE,Towers with Radar,18,63,38,2,121,0,0,19,0,19,18,63,57,2,140,16,0,16,156
10/28/2002,CID,IA,ACE,CE,Towers with Radar,26,82,44,0,152,0,0,8,0,8,26,82,52,0,160,10,0,10,170
10/29/2002,CID,IA,ACE,CE,Towers with Radar,29,80,55,1,165,0,1,5,0,6,29,81,60,1,171,0,0,0,171
10/30/2002,CID,IA,ACE,CE,Towers with Radar,31,70,50,1,152,0,0,15,0,15,31,70,65,1,167,8,0,8,175
10/31/2002,CID,IA,ACE,CE,Towers with Radar,35,68,64,0,167,0,0,16,2,18,35,68,80,2,185,18,0,18,203
11/01/2002,CID,IA,ACE,CE,Towers with Radar,37,81,37,0,155,0,0,32,0,32,37,81,69,0,187,12,0,12,199
11/02/2002,CID,IA,ACE,CE,Towers with Radar,30,57,25,3,115,0,7,70,1,78,30,64,95,4,193,38,0,38,231
11/03/2002,CID,IA,ACE,CE,Towers with Radar,20,57,29,0,106,0,1,23,0,24,20,58,52,0,130,36,0,36,166
11/04/2002,CID,IA,ACE,CE,Towers with Radar,28,76,58,4,166,0,0,21,0,21,28,76,79,4,187,38,0,38,225
11/05/2002,CID,IA,ACE,CE,Towers with Radar,32,72,59,0,163,0,4,1,0,5,32,76,60,0,168,0,0,0,168
11/06/2002,CID,IA,ACE,CE,Towers with Radar,31,73,63,0,167,0,0,26,2,28,31,73,89,2,195,24,0,24,219
11/07/2002,CID,IA,ACE,CE,Towers with Radar,31,75,59,0,165,0,0,40,0,40,31,75,99,0,205,24,0,24,229
11/08/2002,CID,IA,ACE,CE,Towers with Radar,32,68,42,0,142,0,1,42,0,43,32,69,84,0,185,12,0,12,197
11/09/2002,CID,IA,ACE,CE,Towers with Radar,27,61,26,0,114,0,0,45,0,45,27,61,71,0,159,40,0,40,199
11/10/2002,CID,IA,ACE,CE,Towers with Radar,19,53,14,0,86,0,0,28,0,28,19,53,42,0,114,22,0,22,136
11/11/2002,CID,IA,ACE,CE,Towers with Radar,24,69,31,0,124,0,0,10,0,10,24,69,41,0,134,0,0,0,134
11/12/2002,CID,IA,ACE,CE,Towers with Radar,32,71,57,0,160,0,0,29,0,29,32,71,86,0,189,34,0,34,223
11/13/2002,CID,IA,ACE,CE,Towers with Radar,31,71,54,2,158,0,0,36,0,36,31,71,90,2,194,26,0,26,220
11/14/2002,CID,IA,ACE,CE,Towers with Radar,31,72,80,0,183,0,0,14,0,14,31,72,94,0,197,10,0,10,207
11/15/2002,CID,IA,ACE,CE,Towers with Radar,34,76,51,2,163,0,0,35,0,35,34,76,86,2,198,36,0,36,234
11/16/2002,CID,IA,ACE,CE,Towers with Radar,30,54,20,2,106,0,0,48,3,51,30,54,68,5,157,16,0,16,173
11/17/2002,CID,IA,ACE,CE,Towers with Radar,12,62,22,0,96,0,0,58,0,58,12,62,80,0,154,32,0,32,186
11/18/2002,CID,IA,ACE,CE,Towers with Radar,23,76,44,0,143,0,1,12,0,13,23,77,56,0,156,0,0,0,156
11/19/2002,CID,IA,ACE,CE,Towers with Radar,31,76,61,0,168,0,2,39,0,41,31,78,100,0,209,38,0,38,247
11/20/2002,CID,IA,ACE,CE,Towers with Radar,36,70,48,0,154,0,1,47,2,50,36,71,95,2,204,18,0,18,222
11/21/2002,CID,IA,ACE,CE,Towers with Radar,31,71,73,0,175,0,0,0,0,0,31,71,73,0,175,0,0,0,175
11/22/2002,CID,IA,ACE,CE,Towers with Radar,34,77,54,0,165,0,1,64,0,65,34,78,118,0,230,42,0,42,272
11/23/2002,CID,IA,ACE,CE,Towers with Radar,28,56,33,1,118,0,0,66,1,67,28,56,99,2,185,24,0,24,209
11/24/2002,CID,IA,ACE,CE,Towers with Radar,18,60,17,0,95,0,0,16,0,16,18,60,33,0,111,26,0,26,137
11/25/2002,CID,IA,ACE,CE,Towers with Radar,22,72,72,0,166,0,1,34,0,35,22,73,106,0,201,20,0,20,221
11/26/2002,CID,IA,ACE,CE,Towers with Radar,29,60,62,2,153,0,0,30,0,30,29,60,92,2,183,16,0,16,199
11/27/2002,CID,IA,ACE,CE,Towers with Radar,34,71,39,2,146,0,0,42,0,42,34,71,81,2,188,38,0,38,226
11/28/2002,CID,IA,ACE,CE,Towers with Radar,23,39,17,0,79,0,5,19,0,24,23,44,36,0,103,14,0,14,117
11/29/2002,CID,IA,ACE,CE,Towers with Radar,22,42,19,0,83,0,2,28,0,30,22,44,47,0,113,26,0,26,139
11/30/2002,CID,IA,ACE,CE,Towers with Radar,29,48,13,0,90,0,0,6,0,6,29,48,19,0,96,6,0,6,102
12/01/2002,CID,IA,ACE,CE,Towers with Radar,21,57,21,0,99,0,2,33,0,35,21,59,54,0,134,20,0,20,154
12/02/2002,CID,IA,ACE,CE,Towers with Radar,22,58,52,0,132,0,0,15,0,15,22,58,67,0,147,10,0,10,157
12/03/2002,CID,IA,ACE,CE,Towers with Radar,33,60,65,0,158,0,0,34,0,34,33,60,99,0,192,26,0,26,218
12/04/2002,CID,IA,ACE,CE,Towers with Radar,32,66,59,0,157,0,1,23,0,24,32,67,82,0,181,8,0,8,189
12/05/2002,CID,IA,ACE,CE,Towers with Radar,36,75,73,0,184,0,1,25,0,26,36,76,98,0,210,2,0,2,212
12/06/2002,CID,IA,ACE,CE,Towers with Radar,34,60,40,3,137,0,0,36,0,36,34,60,76,3,173,24,0,24,197
12/07/2002,CID,IA,ACE,CE,Towers with Radar,30,47,26,0,103,0,0,76,0,76,30,47,102,0,179,56,0,56,235
12/08/2002,CID,IA,ACE,CE,Towers with Radar,23,54,19,0,96,0,0,48,0,48,23,54,67,0,144,92,0,92,236
12/09/2002,CID,IA,ACE,CE,Towers with Radar,22,69,53,0,144,0,0,37,0,37,22,69,90,0,181,24,0,24,205
12/10/2002,CID,IA,ACE,CE,Towers with Radar,32,71,70,0,173,0,1,26,0,27,32,72,96,0,200,32,0,32,232
12/11/2002,CID,IA,ACE,CE,Towers with Radar,33,70,64,0,167,0,1,5,0,6,33,71,69,0,173,0,0,0,173
12/12/2002,CID,IA,ACE,CE,Towers with Radar,34,69,67,0,170,0,0,6,0,6,34,69,73,0,176,20,0,20,196
12/13/2002,CID,IA,ACE,CE,Towers with Radar,30,59,42,2,133,0,0,21,1,22,30,59,63,3,155,28,0,28,183
12/14/2002,CID,IA,ACE,CE,Towers with Radar,25,52,20,1,98,0,4,37,0,41,25,56,57,1,139,58,0,58,197
12/15/2002,CID,IA,ACE,CE,Towers with Radar,19,56,30,0,105,0,0,60,0,60,19,56,90,0,165,12,0,12,177
12/16/2002,CID,IA,ACE,CE,Towers with Radar,21,68,46,0,135,0,0,16,0,16,21,68,62,0,151,4,0,4,155
12/17/2002,CID,IA,ACE,CE,Towers with Radar,31,73,43,0,147,0,0,0,0,0,31,73,43,0,147,0,0,0,147
12/18/2002,CID,IA,ACE,CE,Towers with Radar,28,72,51,0,151,0,0,9,0,9,28,72,60,0,160,0,0,0,160
12/19/2002,CID,IA,ACE,CE,Towers with Radar,32,84,61,3,180,0,1,26,2,29,32,85,87,5,209,16,0,16,225
12/20/2002,CID,IA,ACE,CE,Towers with Radar,35,78,61,0,174,0,0,50,0,50,35,78,111,0,224,2,0,2,226
12/21/2002,CID,IA,ACE,CE,Towers with Radar,23,62,10,0,95,0,0,39,0,39,23,62,49,0,134,30,0,30,164
12/22/2002,CID,IA,ACE,CE,Towers with Radar,15,63,15,0,93,0,0,17,0,17,15,63,32,0,110,32,0,32,142
12/23/2002,CID,IA,ACE,CE,Towers with Radar,20,65,21,0,106,0,0,42,0,42,20,65,63,0,148,20,0,20,168
12/24/2002,CID,IA,ACE,CE,Towers with Radar,26,56,17,0,99,0,0,15,0,15,26,56,32,0,114,12,0,12,126
12/25/2002,CID,IA,ACE,CE,Towers with Radar,14,46,8,0,68,0,0,2,0,2,14,46,10,0,70,0,0,0,70
12/26/2002,CID,IA,ACE,CE,Towers with Radar,25,67,25,0,117,0,1,40,0,41,25,68,65,0,158,44,0,44,202
12/27/2002,CID,IA,ACE,CE,Towers with Radar,25,84,29,0,138,0,1,8,0,9,25,85,37,0,147,0,0,0,147
12/28/2002,CID,IA,ACE,CE,Towers with Radar,20,62,25,0,107,0,2,61,0,63,20,64,86,0,170,76,0,76,246
12/29/2002,CID,IA,ACE,CE,Towers with Radar,20,62,22,0,104,0,0,36,0,36,20,62,58,0,140,22,0,22,162
12/30/2002,CID,IA,ACE,CE,Towers with Radar,34,66,29,0,129,0,0,26,0,26,34,66,55,0,155,29,0,29,184
12/31/2002,CID,IA,ACE,CE,Towers with Radar,38,59,25,0,122,0,1,43,0,44,38,60,68,0,166,54,0,54,220
01/01/2003,CID,IA,ACE,CE,Towers with Radar,23,49,13,0,85,0,0,17,0,17,23,49,30,0,102,8,0,8,110
01/02/2003,CID,IA,ACE,CE,Towers with Radar,24,69,36,0,129,0,0,13,0,13,24,69,49,0,142,14,0,14,156
01/03/2003,CID,IA,ACE,CE,Towers with Radar,56,74,42,0,172,0,0,56,2,58,56,74,98,2,230,94,0,94,324
01/04/2003,CID,IA,ACE,CE,Towers with Radar,27,68,20,0,115,0,1,11,0,12,27,69,31,0,127,2,0,2,129
01/05/2003,CID,IA,ACE,CE,Towers with Radar,16,54,3,0,73,0,0,0,0,0,16,54,3,0,73,0,0,0,73
01/06/2003,CID,IA,ACE,CE,Towers with Radar,21,58,50,4,133,0,1,32,0,33,21,59,82,4,166,17,0,17,183
01/07/2003,CID,IA,ACE,CE,Towers with Radar,24,70,58,0,152,0,2,32,0,34,24,72,90,0,186,30,0,30,216
01/08/2003,CID,IA,ACE,CE,Towers with Radar,25,67,53,0,145,0,0,63,0,63,25,67,116,0,208,18,0,18,226
01/09/2003,CID,IA,ACE,CE,Towers with Radar,22,70,38,5,135,0,0,17,0,17,22,70,55,5,152,0,10,10,162
01/10/2003,CID,IA,ACE,CE,Towers with Radar,22,73,52,0,147,0,0,14,0,14,22,73,66,0,161,0,0,0,161
01/11/2003,CID,IA,ACE,CE,Towers with Radar,19,59,14,0,92,0,0,21,0,21,19,59,35,0,113,20,0,20,133
01/12/2003,CID,IA,ACE,CE,Towers with Radar,6,60,18,0,84,0,1,25,0,26,6,61,43,0,110,16,0,16,126
01/13/2003,CID,IA,ACE,CE,Towers with Radar,13,75,47,0,135,0,0,18,0,18,13,75,65,0,153,16,0,16,169
01/14/2003,CID,IA,ACE,CE,Towers with Radar,23,80,59,0,162,0,2,24,0,26,23,82,83,0,188,14,0,14,202
01/15/2003,CID,IA,ACE,CE,Towers with Radar,21,74,43,0,138,0,0,15,0,15,21,74,58,0,153,16,0,16,169
01/16/2003,CID,IA,ACE,CE,Towers with Radar,20,76,56,0,152,0,0,18,0,18,20,76,74,0,170,8,0,8,178
01/17/2003,CID,IA,ACE,CE,Towers with Radar,25,74,38,0,137,0,0,26,0,26,25,74,64,0,163,36,0,36,199
01/18/2003,CID,IA,ACE,CE,Towers with Radar,18,59,12,0,89,0,3,7,0,10,18,62,19,0,99,2,0,2,101
01/19/2003,CID,IA,ACE,CE,Towers with Radar,6,58,15,0,79,0,0,21,0,21,6,58,36,0,100,36,0,36,136
01/20/2003,CID,IA,ACE,CE,Towers with Radar,13,69,30,0,112,0,0,26,0,26,13,69,56,0,138,36,0,36,174
01/21/2003,CID,IA,ACE,CE,Towers with Radar,24,85,33,0,142,0,0,40,0,40,24,85,73,0,182,16,0,16,198
01/22/2003,CID,IA,ACE,CE,Towers with Radar,20,70,54,0,144,0,0,19,0,19,20,70,73,0,163,14,0,14,177
01/23/2003,CID,IA,ACE,CE,Towers with Radar,23,79,47,0,149,0,0,13,0,13,23,79,60,0,162,0,0,0,162
01/24/2003,CID,IA,ACE,CE,Towers with Radar,23,78,45,0,146,0,0,12,0,12,23,78,57,0,158,2,0,2,160
01/25/2003,CID,IA,ACE,CE,Towers with Radar,18,54,7,0,79,0,0,44,0,44,18,54,51,0,123,30,0,30,153
01/26/2003,CID,IA,ACE,CE,Towers with Radar,9,54,14,0,77,0,1,15,0,16,9,55,29,0,93,38,0,38,131
01/27/2003,CID,IA,ACE,CE,Towers with Radar,15,84,54,0,153,0,2,14,0,16,15,86,68,0,169,0,0,0,169
01/28/2003,CID,IA,ACE,CE,Towers with Radar,15,71,45,0,131,0,0,0,0,0,15,71,45,0,131,12,0,12,143
01/29/2003,CID,IA,ACE,CE,Towers with Radar,21,72,51,0,144,0,2,30,0,32,21,74,81,0,176,0,0,0,176
01/30/2003,CID,IA,ACE,CE,Towers with Radar,22,78,56,0,156,0,1,33,0,34,22,79,89,0,190,30,0,30,220
01/31/2003,CID,IA,ACE,CE,Towers with Radar,18,65,33,0,116,0,0,3,0,3,18,65,36,0,119,0,0,0,119
02/01/2003,CID,IA,ACE,CE,Towers with Radar,19,59,31,0,109,0,0,27,0,27,19,59,58,0,136,32,0,32,168
02/02/2003,CID,IA,ACE,CE,Towers with Radar,4,58,14,0,76,0,0,0,0,0,4,58,14,0,76,0,0,0,76
02/03/2003,CID,IA,ACE,CE,Towers with Radar,8,69,26,0,103,0,0,0,0,0,8,69,26,0,103,0,0,0,103
02/04/2003,CID,IA,ACE,CE,Towers with Radar,26,78,52,0,156,0,0,12,0,12,26,78,64,0,168,4,0,4,172
02/05/2003,CID,IA,ACE,CE,Towers with Radar,23,85,52,0,160,0,0,26,0,26,23,85,78,0,186,6,0,6,192
02/06/2003,CID,IA,ACE,CE,Towers with Radar,21,74,47,0,142,0,0,15,0,15,21,74,62,0,157,70,0,70,227
02/07/2003,CID,IA,ACE,CE,Towers with Radar,23,77,39,0,139,0,0,32,0,32,23,77,71,0,171,14,0,14,185
02/08/2003,CID,IA,ACE,CE,Towers with Radar,21,56,6,0,83,0,4,18,0,22,21,60,24,0,105,34,0,34,139
02/09/2003,CID,IA,ACE,CE,Towers with Radar,5,69,15,0,89,0,0,12,0,12,5,69,27,0,101,22,0,22,123
02/10/2003,CID,IA,ACE,CE,Towers with Radar,16,66,34,0,116,0,0,17,0,17,16,66,51,0,133,20,0,20,153
02/11/2003,CID,IA,ACE,CE,Towers with Radar,21,77,48,0,146,0,0,5,0,5,21,77,53,0,151,0,0,0,151
02/12/2003,CID,IA,ACE,CE,Towers with Radar,30,73,41,0,144,0,0,26,0,26,30,73,67,0,170,40,0,40,210
02/13/2003,CID,IA,ACE,CE,Towers with Radar,26,77,59,0,162,0,0,46,0,46,26,77,105,0,208,68,0,68,276
02/14/2003,CID,IA,ACE,CE,Towers with Radar,25,75,25,0,125,0,2,6,0,8,25,77,31,0,133,20,0,20,153
02/15/2003,CID,IA,ACE,CE,Towers with Radar,22,58,4,0,84,0,0,0,0,0,22,58,4,0,84,0,0,0,84
02/16/2003,CID,IA,ACE,CE,Towers with Radar,12,54,20,0,86,0,0,42,0,42,12,54,62,0,128,6,0,6,134
02/17/2003,CID,IA,ACE,CE,Towers with Radar,21,68,49,0,138,0,0,7,0,7,21,68,56,0,145,14,0,14,159
02/18/2003,CID,IA,ACE,CE,Towers with Radar,31,69,53,0,153,0,0,31,0,31,31,69,84,0,184,26,0,26,210
02/19/2003,CID,IA,ACE,CE,Towers with Radar,24,80,64,0,168,0,3,38,0,41,24,83,102,0,209,36,0,36,245
02/20/2003,CID,IA,ACE,CE,Towers with Radar,25,73,58,0,156,0,2,48,0,50,25,75,106,0,206,10,0,10,216
02/21/2003,CID,IA,ACE,CE,Towers with Radar,30,71,44,2,147,0,0,31,0,31,30,71,75,2,178,28,0,28,206
02/22/2003,CID,IA,ACE,CE,Towers with Radar,21,55,16,0,92,0,0,2,0,2,21,55,18,0,94,0,0,0,94
02/23/2003,CID,IA,ACE,CE,Towers with Radar,8,53,6,0,67,0,1,32,0,33,8,54,38,0,100,12,0,12,112
02/24/2003,CID,IA,ACE,CE,Towers with Radar,18,71,26,0,115,0,0,11,0,11,18,71,37,0,126,14,0,14,140
02/25/2003,CID,IA,ACE,CE,Towers with Radar,22,71,52,0,145,0,0,31,0,31,22,71,83,0,176,28,0,28,204
02/26/2003,CID,IA,ACE,CE,Towers with Radar,30,75,41,0,146,0,1,30,2,33,30,76,71,2,179,46,0,46,225
02/27/2003,CID,IA,ACE,CE,Towers with Radar,21,80,44,0,145,0,1,42,0,43,21,81,86,0,188,66,0,66,254
02/28/2003,CID,IA,ACE,CE,Towers with Radar,27,75,51,0,153,0,0,39,0,39,27,75,90,0,192,32,0,32,224
03/01/2003,CID,IA,ACE,CE,Towers with Radar,23,63,16,0,102,0,0,3,0,3,23,63,19,0,105,0,0,0,105
03/02/2003,CID,IA,ACE,CE,Towers with Radar,12,68,25,0,105,0,1,40,0,41,12,69,65,0,146,44,0,44,190
03/03/2003,CID,IA,ACE,CE,Towers with Radar,20,63,36,0,119,0,0,1,0,1,20,63,37,0,120,0,0,0,120
03/04/2003,CID,IA,ACE,CE,Towers with Radar,18,48,35,0,101,0,0,1,0,1,18,48,36,0,102,10,0,10,112
03/05/2003,CID,IA,ACE,CE,Towers with Radar,27,69,73,0,169,0,0,12,0,12,27,69,85,0,181,30,0,30,211
03/06/2003,CID,IA,ACE,CE,Towers with Radar,21,72,54,0,147,0,0,25,0,25,21,72,79,0,172,24,0,24,196
03/07/2003,CID,IA,ACE,CE,Towers with Radar,28,75,41,0,144,0,1,17,0,18,28,76,58,0,162,52,0,52,214
03/08/2003,CID,IA,ACE,CE,Towers with Radar,17,58,15,0,90,0,0,3,0,3,17,58,18,0,93,14,0,14,107
03/09/2003,CID,IA,ACE,CE,Towers with Radar,9,63,11,0,83,0,0,20,0,20,9,63,31,0,103,8,0,8,111
03/10/2003,CID,IA,ACE,CE,Towers with Radar,25,74,44,0,143,0,0,22,0,22,25,74,66,0,165,34,0,34,199
03/11/2003,CID,IA,ACE,CE,Towers with Radar,22,77,59,0,158,0,0,29,0,29,22,77,88,0,187,82,0,82,269
03/12/2003,CID,IA,ACE,CE,Towers with Radar,30,71,62,0,163,0,1,4,0,5,30,72,66,0,168,8,0,8,176
03/13/2003,CID,IA,ACE,CE,Towers with Radar,22,86,74,0,182,0,0,33,0,33,22,86,107,0,215,10,0,10,225
03/14/2003,CID,IA,ACE,CE,Towers with Radar,23,77,93,0,193,0,1,22,0,23,23,78,115,0,216,16,0,16,232
03/15/2003,CID,IA,ACE,CE,Towers with Radar,23,59,43,0,125,0,1,57,0,58,23,60,100,0,183,76,0,76,259
03/16/2003,CID,IA,ACE,CE,Towers with Radar,7,69,32,0,108,0,0,29,0,29,7,69,61,0,137,32,0,32,169
03/17/2003,CID,IA,ACE,CE,Towers with Radar,23,69,43,0,135,0,2,37,0,39,23,71,80,0,174,18,0,18,192
03/18/2003,CID,IA,ACE,CE,Towers with Radar,17,68,72,0,157,0,0,3,0,3,17,68,75,0,160,12,0,12,172
03/19/2003,CID,IA,ACE,CE,Towers with Radar,18,77,67,0,162,0,0,0,0,0,18,77,67,0,162,0,0,0,162
03/20/2003,CID,IA,ACE,CE,Towers with Radar,20,62,60,0,142,0,0,0,0,0,20,62,60,0,142,0,0,0,142
03/21/2003,CID,IA,ACE,CE,Towers with Radar,26,76,46,0,148,0,1,14,0,15,26,77,60,0,163,6,0,6,169
03/22/2003,CID,IA,ACE,CE,Towers with Radar,21,56,20,0,97,0,1,71,0,72,21,57,91,0,169,110,0,110,279
03/23/2003,CID,IA,ACE,CE,Towers with Radar,14,57,42,0,113,0,0,49,0,49,14,57,91,0,162,30,0,30,192
03/24/2003,CID,IA,ACE,CE,Towers with Radar,18,70,30,0,118,0,0,24,0,24,18,70,54,0,142,42,0,42,184
03/25/2003,CID,IA,ACE,CE,Towers with Radar,21,74,45,0,140,0,0,41,0,41,21,74,86,0,181,40,0,40,221
03/26/2003,CID,IA,ACE,CE,Towers with Radar,26,66,52,0,144,0,0,24,0,24,26,66,76,0,168,24,0,24,192
03/27/2003,CID,IA,ACE,CE,Towers with Radar,22,75,36,0,133,0,0,20,0,20,22,75,56,0,153,2,0,2,155
03/28/2003,CID,IA,ACE,CE,Towers with Radar,30,76,30,0,136,0,0,2,0,2,30,76,32,0,138,0,0,0,138
03/29/2003,CID,IA,ACE,CE,Towers with Radar,21,57,9,0,87,0,0,14,0,14,21,57,23,0,101,22,0,22,123
03/30/2003,CID,IA,ACE,CE,Towers with Radar,8,65,30,0,103,0,0,44,0,44,8,65,74,0,147,50,0,50,197
03/31/2003,CID,IA,ACE,CE,Towers with Radar,23,67,23,1,114,0,0,18,0,18,23,67,41,1,132,28,0,28,160
04/01/2003,CID,IA,ACE,CE,Towers with Radar,19,76,53,2,150,0,0,46,1,47,19,76,99,3,197,44,0,44,241
04/02/2003,CID,IA,ACE,CE,Towers with Radar,20,74,44,2,140,0,0,44,2,46,20,74,88,4,186,50,0,50,236
04/03/2003,CID,IA,ACE,CE,Towers with Radar,21,69,52,1,143,0,0,12,0,12,21,69,64,1,155,8,0,8,163
04/04/2003,CID,IA,ACE,CE,Towers with Radar,22,17,29,0,68,0,50,2,0,52,22,67,31,0,120,0,0,0,120
04/05/2003,CID,IA,ACE,CE,Towers with Radar,16,70,19,0,105,0,5,50,0,55,16,75,69,0,160,114,0,114,274
04/06/2003,CID,IA,ACE,CE,Towers with Radar,9,59,22,0,90,0,0,9,0,9,9,59,31,0,99,10,0,10,109
04/07/2003,CID,IA,ACE,CE,Towers with Radar,10,57,26,0,93,0,0,0,0,0,10,57,26,0,93,0,0,0,93
04/08/2003,CID,IA,ACE,CE,Towers with Radar,25,74,49,1,149,0,0,14,0,14,25,74,63,1,163,42,0,42,205
04/09/2003,CID,IA,ACE,CE,Towers with Radar,22,71,40,0,133,0,0,45,0,45,22,71,85,0,178,4,0,4,182
04/10/2003,CID,IA,ACE,CE,Towers with Radar,21,70,64,0,155,0,0,49,0,49,21,70,113,0,204,38,0,38,242
04/11/2003,CID,IA,ACE,CE,Towers with Radar,27,70,52,0,149,0,0,61,0,61,27,70,113,0,210,12,0,12,222
04/12/2003,CID,IA,ACE,CE,Towers with Radar,18,55,24,0,97,0,1,69,0,70,18,56,93,0,167,130,0,130,297
04/13/2003,CID,IA,ACE,CE,Towers with Radar,8,57,12,0,77,0,1,56,0,57,8,58,68,0,134,2,0,2,136
04/14/2003,CID,IA,ACE,CE,Towers with Radar,26,67,27,0,120,0,0,18,0,18,26,67,45,0,138,0,0,0,138
04/15/2003,CID,IA,ACE,CE,Towers with Radar,26,71,45,0,142,0,1,27,0,28,26,72,72,0,170,4,0,4,174
04/16/2003,CID,IA,ACE,CE,Towers with Radar,22,69,47,0,138,3,0,32,0,35,25,69,79,0,173,28,0,28,201
04/17/2003,CID,IA,ACE,CE,Towers with Radar,25,69,60,0,154,0,0,19,0,19,25,69,79,0,173,28,0,28,201
04/18/2003,CID,IA,ACE,CE,Towers with Radar,24,73,49,0,146,0,1,8,0,9,24,74,57,0,155,14,0,14,169
04/19/2003,CID,IA,ACE,CE,Towers with Radar,21,64,26,0,111,0,0,3,0,3,21,64,29,0,114,2,0,2,116
04/20/2003,CID,IA,ACE,CE,Towers with Radar,7,58,22,0,87,0,0,3,0,3,7,58,25,0,90,4,0,4,94
04/21/2003,CID,IA,ACE,CE,Towers with Radar,16,75,40,0,131,0,0,18,0,18,16,75,58,0,149,12,0,12,161
04/22/2003,CID,IA,ACE,CE,Towers with Radar,21,72,49,0,142,0,0,66,0,66,21,72,115,0,208,74,0,74,282
04/23/2003,CID,IA,ACE,CE,Towers with Radar,23,70,57,0,150,0,1,57,0,58,23,71,114,0,208,32,0,32,240
04/24/2003,CID,IA,ACE,CE,Towers with Radar,21,74,56,0,151,0,2,14,0,16,21,76,70,0,167,12,0,12,179
04/25/2003,CID,IA,ACE,CE,Towers with Radar,26,76,41,0,143,0,0,27,0,27,26,76,68,0,170,2,0,2,172
04/26/2003,CID,IA,ACE,CE,Towers with Radar,24,60,28,1,113,0,1,68,0,69,24,61,96,1,182,48,0,48,230
04/27/2003,CID,IA,ACE,CE,Towers with Radar,8,65,24,0,97,0,0,39,1,40,8,65,63,1,137,46,0,46,183
04/28/2003,CID,IA,ACE,CE,Towers with Radar,15,64,43,0,122,0,0,33,0,33,15,64,76,0,155,72,0,72,227
04/29/2003,CID,IA,ACE,CE,Towers with Radar,23,70,40,0,133,0,4,22,0,26,23,74,62,0,159,6,0,6,165
04/30/2003,CID,IA,ACE,CE,Towers with Radar,19,71,50,0,140,0,0,2,0,2,19,71,52,0,142,0,0,0,142
05/01/2003,CID,IA,ACE,CE,Towers with Radar,16,76,42,0,134,0,0,12,0,12,16,76,54,0,146,10,0,10,156
05/02/2003,CID,IA,ACE,CE,Towers with Radar,19,82,47,0,148,0,0,45,0,45,19,82,92,0,193,14,0,14,207
05/03/2003,CID,IA,ACE,CE,Towers with Radar,18,60,18,0,96,0,2,87,0,89,18,62,105,0,185,78,0,78,263
05/04/2003,CID,IA,ACE,CE,Towers with Radar,5,67,21,1,94,0,0,1,0,1,5,67,22,1,95,0,0,0,95
05/05/2003,CID,IA,ACE,CE,Towers with Radar,8,78,41,0,127,0,0,7,0,7,8,78,48,0,134,0,0,0,134
05/06/2003,CID,IA,ACE,CE,Towers with Radar,22,86,80,0,188,0,2,45,0,47,22,88,125,0,235,40,0,40,275
05/07/2003,CID,IA,ACE,CE,Towers with Radar,18,89,61,0,168,0,0,14,0,14,18,89,75,0,182,6,0,6,188
05/08/2003,CID,IA,ACE,CE,Towers with Radar,17,80,56,0,153,0,0,21,0,21,17,80,77,0,174,30,0,30,204
05/09/2003,CID,IA,ACE,CE,Towers with Radar,22,69,49,0,140,0,0,49,0,49,22,69,98,0,189,40,0,40,229
05/10/2003,CID,IA,ACE,CE,Towers with Radar,18,61,10,0,89,0,0,18,0,18,18,61,28,0,107,37,0,37,144
05/11/2003,CID,IA,ACE,CE,Towers with Radar,3,64,6,0,73,0,0,1,0,1,3,64,7,0,74,0,0,0,74
05/12/2003,CID,IA,ACE,CE,Towers with Radar,11,80,23,0,114,0,0,37,0,37,11,80,60,0,151,10,0,10,161
05/13/2003,CID,IA,ACE,CE,Towers with Radar,18,83,62,0,163,0,2,56,0,58,18,85,118,0,221,40,0,40,261
05/14/2003,CID,IA,ACE,CE,Towers with Radar,25,78,55,0,158,0,0,19,0,19,25,78,74,0,177,22,0,22,199
05/15/2003,CID,IA,ACE,CE,Towers with Radar,18,79,67,0,164,0,0,26,0,26,18,79,93,0,190,52,0,52,242
05/16/2003,CID,IA,ACE,CE,Towers with Radar,19,79,55,0,153,0,0,51,0,51,19,79,106,0,204,42,0,42,246
05/17/2003,CID,IA,ACE,CE,Towers with Radar,15,67,24,0,106,0,5,68,0,73,15,72,92,0,179,24,0,24,203
05/18/2003,CID,IA,ACE,CE,Towers with Radar,8,70,35,0,113,0,0,43,0,43,8,70,78,0,156,88,0,88,244
05/19/2003,CID,IA,ACE,CE,Towers with Radar,9,83,35,14,141,0,0,8,0,8,9,83,43,14,149,26,0,26,175
05/20/2003,CID,IA,ACE,CE,Towers with Radar,23,90,62,0,175,0,0,36,0,36,23,90,98,0,211,20,0,20,231
05/21/2003,CID,IA,ACE,CE,Towers with Radar,20,86,44,0,150,0,2,53,0,55,20,88,97,0,205,72,0,72,277
05/22/2003,CID,IA,ACE,CE,Towers with Radar,22,83,65,0,170,0,0,70,0,70,22,83,135,0,240,20,2,22,262
05/23/2003,CID,IA,ACE,CE,Towers with Radar,21,88,42,0,151,0,0,57,0,57,21,88,99,0,208,35,0,35,243
05/24/2003,CID,IA,ACE,CE,Towers with Radar,12,61,29,0,102,0,2,62,0,64,12,63,91,0,166,50,0,50,216
05/25/2003,CID,IA,ACE,CE,Towers with Radar,6,49,15,0,70,0,0,56,0,56,6,49,71,0,126,14,0,14,140
05/26/2003,CID,IA,ACE,CE,Towers with Radar,7,66,18,0,91,0,1,76,0,77,7,67,94,0,168,112,0,112,280
05/27/2003,CID,IA,ACE,CE,Towers with Radar,17,85,40,0,142,0,1,60,0,61,17,86,100,0,203,52,0,52,255
05/28/2003,CID,IA,ACE,CE,Towers with Radar,20,80,48,0,148,0,0,34,0,34,20,80,82,0,182,6,0,6,188
05/29/2003,CID,IA,ACE,CE,Towers with Radar,19,88,50,0,157,0,0,86,0,86,19,88,136,0,243,22,0,22,265
05/30/2003,CID,IA,ACE,CE,Towers with Radar,30,77,26,0,133,0,0,21,0,21,30,77,47,0,154,10,0,10,164
05/31/2003,CID,IA,ACE,CE,Towers with Radar,15,69,13,0,97,0,0,46,0,46,15,69,59,0,143,8,0,8,151
06/01/2003,CID,IA,ACE,CE,Towers with Radar,9,68,18,0,95,0,2,45,0,47,9,70,63,0,142,14,0,14,156
06/02/2003,CID,IA,ACE,CE,Towers with Radar,11,83,43,0,137,0,0,12,0,12,11,83,55,0,149,4,0,4,153
06/03/2003,CID,IA,ACE,CE,Towers with Radar,19,92,62,0,173,0,1,30,0,31,19,93,92,0,204,58,0,58,262
06/04/2003,CID,IA,ACE,CE,Towers with Radar,18,96,54,1,169,0,0,31,0,31,18,96,85,1,200,2,0,2,202
06/05/2003,CID,IA,ACE,CE,Towers with Radar,18,86,40,1,145,0,0,49,0,49,18,86,89,1,194,64,0,64,258
06/06/2003,CID,IA,ACE,CE,Towers with Radar,19,86,53,5,163,0,0,11,0,11,19,86,64,5,174,6,0,6,180
06/07/2003,CID,IA,ACE,CE,Towers with Radar,17,70,12,1,100,0,0,49,0,49,17,70,61,1,149,28,0,28,177
06/08/2003,CID,IA,ACE,CE,Towers with Radar,10,69,26,0,105,0,0,13,0,13,10,69,39,0,118,20,0,20,138
06/09/2003,CID,IA,ACE,CE,Towers with Radar,13,86,36,2,137,0,0,58,0,58,13,86,94,2,195,52,0,52,247
06/10/2003,CID,IA,ACE,CE,Towers with Radar,21,77,44,0,142,0,0,18,0,18,21,77,62,0,160,72,0,72,232
06/11/2003,CID,IA,ACE,CE,Towers with Radar,21,87,50,2,160,0,0,27,0,27,21,87,77,2,187,40,0,40,227
06/12/2003,CID,IA,ACE,CE,Towers with Radar,18,84,52,1,155,0,0,38,1,39,18,84,90,2,194,64,0,64,258
06/13/2003,CID,IA,ACE,CE,Towers with Radar,21,89,47,0,157,0,0,27,0,27,21,89,74,0,184,28,0,28,212
06/14/2003,CID,IA,ACE,CE,Towers with Radar,18,64,13,0,95,0,1,54,0,55,18,65,67,0,150,60,0,60,210
06/15/2003,CID,IA,ACE,CE,Towers with Radar,11,69,19,0,99,0,0,49,0,49,11,69,68,0,148,52,0,52,200
06/16/2003,CID,IA,ACE,CE,Towers with Radar,22,71,25,1,119,0,0,39,0,39,22,71,64,1,158,42,0,42,200
06/17/2003,CID,IA,ACE,CE,Towers with Radar,18,87,60,2,167,0,0,37,0,37,18,87,97,2,204,46,0,46,250
06/18/2003,CID,IA,ACE,CE,Towers with Radar,20,80,51,0,151,0,0,15,0,15,20,80,66,0,166,20,0,20,186
06/19/2003,CID,IA,ACE,CE,Towers with Radar,21,87,57,0,165,0,0,46,0,46,21,87,103,0,211,24,0,24,235
06/20/2003,CID,IA,ACE,CE,Towers with Radar,22,79,42,0,143,0,0,79,0,79,22,79,121,0,222,32,6,38,260
06/21/2003,CID,IA,ACE,CE,Towers with Radar,23,67,15,0,105,0,2,67,0,69,23,69,82,0,174,42,0,42,216
06/22/2003,CID,IA,ACE,CE,Towers with Radar,10,71,26,0,107,0,0,46,0,46,10,71,72,0,153,36,0,36,189
06/23/2003,CID,IA,ACE,CE,Towers with Radar,13,86,24,3,126,0,1,19,1,21,13,87,43,4,147,10,0,10,157
06/24/2003,CID,IA,ACE,CE,Towers with Radar,21,94,49,0,164,0,0,44,0,44,21,94,93,0,208,34,0,34,242
06/25/2003,CID,IA,ACE,CE,Towers with Radar,17,69,39,0,125,0,3,15,0,18,17,72,54,0,143,2,0,2,145
06/26/2003,CID,IA,ACE,CE,Towers with Radar,20,90,59,0,169,0,0,49,0,49,20,90,108,0,218,16,0,16,234
06/27/2003,CID,IA,ACE,CE,Towers with Radar,21,82,41,2,146,0,0,71,1,72,21,82,112,3,218,78,0,78,296
06/28/2003,CID,IA,ACE,CE,Towers with Radar,19,63,32,0,114,0,1,32,0,33,19,64,64,0,147,24,0,24,171
06/29/2003,CID,IA,ACE,CE,Towers with Radar,10,69,31,0,110,0,0,47,0,47,10,69,78,0,157,78,0,78,235
06/30/2003,CID,IA,ACE,CE,Towers with Radar,13,86,30,0,129,0,0,57,0,57,13,86,87,0,186,114,0,114,300
07/01/2003,CID,IA,ACE,CE,Towers with Radar,21,85,50,0,156,0,0,40,2,42,21,85,90,2,198,38,0,38,236
07/02/2003,CID,IA,ACE,CE,Towers with Radar,21,88,38,1,148,0,0,46,0,46,21,88,84,1,194,54,0,54,248
07/03/2003,CID,IA,ACE,CE,Towers with Radar,22,98,30,0,150,0,0,31,0,31,22,98,61,0,181,28,0,28,209
07/04/2003,CID,IA,ACE,CE,Towers with Radar,14,54,4,1,73,0,0,41,0,41,14,54,45,1,114,26,20,46,160
07/05/2003,CID,IA,ACE,CE,Towers with Radar,12,51,14,0,77,0,0,295,0,295,12,51,309,0,372,180,0,180,552
07/06/2003,CID,IA,ACE,CE,Towers with Radar,11,67,25,0,103,0,0,294,0,294,11,67,319,0,397,218,0,218,615
07/07/2003,CID,IA,ACE,CE,Towers with Radar,10,83,29,0,122,0,0,33,0,33,10,83,62,0,155,40,4,44,199
07/08/2003,CID,IA,ACE,CE,Towers with Radar,16,72,44,0,132,0,0,7,0,7,16,72,51,0,139,0,0,0,139
07/09/2003,CID,IA,ACE,CE,Towers with Radar,22,95,47,0,164,0,0,7,0,7,22,95,54,0,171,8,0,8,179
07/10/2003,CID,IA,ACE,CE,Towers with Radar,19,93,56,11,179,0,0,18,0,18,19,93,74,11,197,10,0,10,207
07/11/2003,CID,IA,ACE,CE,Towers with Radar,18,83,53,0,154,0,2,66,0,68,18,85,119,0,222,80,0,80,302
07/12/2003,CID,IA,ACE,CE,Towers with Radar,22,64,18,0,104,0,2,66,0,68,22,66,84,0,172,20,0,20,192
07/13/2003,CID,IA,ACE,CE,Towers with Radar,12,78,17,0,107,0,0,58,0,58,12,78,75,0,165,26,0,26,191
07/14/2003,CID,IA,ACE,CE,Towers with Radar,14,89,28,0,131,0,0,48,0,48,14,89,76,0,179,30,0,30,209
07/15/2003,CID,IA,ACE,CE,Towers with Radar,21,88,62,0,171,0,0,40,0,40,21,88,102,0,211,92,0,92,303
07/16/2003,CID,IA,ACE,CE,Towers with Radar,20,96,48,0,164,0,0,77,1,78,20,96,125,1,242,78,0,78,320
07/17/2003,CID,IA,ACE,CE,Towers with Radar,19,88,50,0,157,0,0,60,1,61,19,88,110,1,218,82,0,82,300
07/18/2003,CID,IA,ACE,CE,Towers with Radar,23,85,54,0,162,0,0,41,0,41,23,85,95,0,203,68,0,68,271
07/19/2003,CID,IA,ACE,CE,Towers with Radar,19,65,32,0,116,0,0,59,0,59,19,65,91,0,175,44,0,44,219
07/20/2003,CID,IA,ACE,CE,Towers with Radar,9,72,19,0,100,0,1,24,0,25,9,73,43,0,125,47,0,47,172
07/21/2003,CID,IA,ACE,CE,Towers with Radar,16,79,32,0,127,0,0,58,0,58,16,79,90,0,185,84,0,84,269
07/22/2003,CID,IA,ACE,CE,Towers with Radar,24,92,62,7,185,0,0,46,1,47,24,92,108,8,232,0,0,0,232
07/23/2003,CID,IA,ACE,CE,Towers with Radar,22,87,39,0,148,0,0,64,0,64,22,87,103,0,212,64,0,64,276
07/24/2003,CID,IA,ACE,CE,Towers with Radar,18,86,41,0,145,0,0,66,0,66,18,86,107,0,211,34,0,34,245
07/25/2003,CID,IA,ACE,CE,Towers with Radar,20,87,39,0,146,0,0,40,0,40,20,87,79,0,186,16,0,16,202
07/26/2003,CID,IA,ACE,CE,Towers with Radar,24,61,20,0,105,0,0,33,0,33,24,61,53,0,138,4,0,4,142
07/27/2003,CID,IA,ACE,CE,Towers with Radar,9,64,26,0,99,0,0,16,0,16,9,64,42,0,115,0,0,0,115
07/28/2003,CID,IA,ACE,CE,Towers with Radar,13,90,59,0,162,0,0,26,0,26,13,90,85,0,188,0,64,64,252
07/29/2003,CID,IA,ACE,CE,Towers with Radar,19,90,58,0,167,0,0,54,0,54,19,90,112,0,221,64,0,64,285
07/30/2003,CID,IA,ACE,CE,Towers with Radar,26,88,53,0,167,0,0,42,2,44,26,88,95,2,211,16,0,16,227
07/31/2003,CID,IA,ACE,CE,Towers with Radar,20,94,47,0,161,0,2,45,0,47,20,96,92,0,208,26,0,26,234
08/01/2003,CID,IA,ACE,CE,Towers with Radar,18,72,52,0,142,0,1,49,0,50,18,73,101,0,192,32,0,32,224
08/02/2003,CID,IA,ACE,CE,Towers with Radar,15,55,13,0,83,0,1,53,0,54,15,56,66,0,137,4,0,4,141
08/03/2003,CID,IA,ACE,CE,Towers with Radar,7,66,35,0,108,0,0,52,0,52,7,66,87,0,160,12,0,12,172
08/04/2003,CID,IA,ACE,CE,Towers with Radar,13,83,49,0,145,0,0,42,0,42,13,83,91,0,187,42,0,42,229
08/05/2003,CID,IA,ACE,CE,Towers with Radar,21,86,52,0,159,0,0,41,0,41,21,86,93,0,200,38,0,38,238
08/06/2003,CID,IA,ACE,CE,Towers with Radar,20,91,54,1,166,0,3,64,0,67,20,94,118,1,233,70,0,70,303
08/07/2003,CID,IA,ACE,CE,Towers with Radar,21,91,50,0,162,0,1,60,0,61,21,92,110,0,223,26,0,26,249
08/08/2003,CID,IA,ACE,CE,Towers with Radar,22,93,37,0,152,0,5,63,0,68,22,98,100,0,220,70,0,70,290
08/09/2003,CID,IA,ACE,CE,Towers with Radar,19,61,19,0,99,0,0,59,0,59,19,61,78,0,158,44,0,44,202
08/10/2003,CID,IA,ACE,CE,Towers with Radar,9,78,30,0,117,0,2,78,0,80,9,80,108,0,197,26,0,26,223
08/11/2003,CID,IA,ACE,CE,Towers with Radar,15,79,39,0,133,0,0,47,0,47,15,79,86,0,180,10,0,10,190
08/12/2003,CID,IA,ACE,CE,Towers with Radar,20,96,68,0,184,0,0,34,0,34,20,96,102,0,218,76,0,76,294
08/13/2003,CID,IA,ACE,CE,Towers with Radar,23,94,67,0,184,0,0,34,0,34,23,94,101,0,218,74,0,74,292
08/14/2003,CID,IA,ACE,CE,Towers with Radar,21,88,64,0,173,0,0,28,0,28,21,88,92,0,201,68,0,68,269
08/15/2003,CID,IA,ACE,CE,Towers with Radar,23,86,50,0,159,0,0,42,0,42,23,86,92,0,201,56,0,56,257
08/16/2003,CID,IA,ACE,CE,Towers with Radar,20,65,24,0,109,0,0,52,0,52,20,65,76,0,161,72,0,72,233
08/17/2003,CID,IA,ACE,CE,Towers with Radar,10,71,21,0,102,0,3,55,0,58,10,74,76,0,160,4,0,4,164
08/18/2003,CID,IA,ACE,CE,Towers with Radar,12,92,26,0,130,0,0,43,0,43,12,92,69,0,173,4,0,4,177
08/19/2003,CID,IA,ACE,CE,Towers with Radar,21,94,44,0,159,0,0,23,0,23,21,94,67,0,182,50,0,50,232
08/20/2003,CID,IA,ACE,CE,Towers with Radar,21,94,29,0,144,0,0,31,0,31,21,94,60,0,175,22,0,22,197
08/21/2003,CID,IA,ACE,CE,Towers with Radar,20,83,55,0,158,0,2,37,0,39,20,85,92,0,197,38,0,38,235
08/22/2003,CID,IA,ACE,CE,Towers with Radar,21,85,38,0,144,0,0,49,0,49,21,85,87,0,193,46,0,46,239
08/23/2003,CID,IA,ACE,CE,Towers with Radar,19,64,24,0,107,0,0,82,0,82,19,64,106,0,189,66,0,66,255
08/24/2003,CID,IA,ACE,CE,Towers with Radar,9,80,22,0,111,0,1,65,0,66,9,81,87,0,177,12,0,12,189
08/25/2003,CID,IA,ACE,CE,Towers with Radar,12,84,33,0,129,0,0,33,0,33,12,84,66,0,162,50,0,50,212
08/26/2003,CID,IA,ACE,CE,Towers with Radar,24,74,58,0,156,0,0,42,0,42,24,74,100,0,198,0,0,0,198
08/27/2003,CID,IA,ACE,CE,Towers with Radar,22,89,30,0,141,0,0,52,2,54,22,89,82,2,195,24,0,24,219
08/28/2003,CID,IA,ACE,CE,Towers with Radar,20,86,39,0,145,0,0,37,0,37,20,86,76,0,182,6,0,6,188
08/29/2003,CID,IA,ACE,CE,Towers with Radar,22,83,52,0,157,0,0,52,0,52,22,83,104,0,209,12,0,12,221
08/30/2003,CID,IA,ACE,CE,Towers with Radar,21,58,15,0,94,0,4,26,0,30,21,62,41,0,124,18,0,18,142
08/31/2003,CID,IA,ACE,CE,Towers with Radar,4,49,29,0,82,0,0,19,0,19,4,49,48,0,101,2,0,2,103
09/01/2003,CID,IA,ACE,CE,Combined TRACON& Tower with Radar,6,66,28,0,100,0,0,49,0,49,6,66,77,0,149,54,0,54,203
09/02/2003,CID,IA,ACE,CE,Combined TRACON& Tower with Radar,18,94,31,1,144,0,1,37,3,41,18,95,68,4,185,48,2,50,235
09/03/2003,CID,IA,ACE,CE,Combined TRACON& Tower with Radar,23,87,35,2,147,0,1,30,1,32,23,88,65,3,179,8,0,8,187
09/04/2003,CID,IA,ACE,CE,Combined TRACON& Tower with Radar,15,105,39,3,162,0,0,41,8,49,15,105,80,11,211,38,10,48,259
09/05/2003,CID,IA,ACE,CE,Combined TRACON& Tower with Radar,22,90,27,2,141,0,0,67,2,69,22,90,94,4,210,28,0,28,238
09/06/2003,CID,IA,ACE,CE,Combined TRACON& Tower with Radar,22,67,17,0,106,0,3,78,0,81,22,70,95,0,187,44,0,44,231
09/07/2003,CID,IA,ACE,CE,Combined TRACON& Tower with Radar,7,72,29,0,108,0,0,69,0,69,7,72,98,0,177,14,0,14,191
09/08/2003,CID,IA,ACE,CE,Combined TRACON& Tower with Radar,13,86,45,0,144,0,0,39,0,39,13,86,84,0,183,42,0,42,225
09/09/2003,CID,IA,ACE,CE,Combined TRACON& Tower with Radar,22,90,43,0,155,0,0,32,0,32,22,90,75,0,187,58,0,58,245
09/10/2003,CID,IA,ACE,CE,Combined TRACON& Tower with Radar,22,93,42,0,157,0,0,25,0,25,22,93,67,0,182,12,0,12,194
09/11/2003,CID,IA,ACE,CE,Combined TRACON& Tower with Radar,20,81,44,0,145,0,0,16,2,18,20,81,60,2,163,18,0,18,181
09/12/2003,CID,IA,ACE,CE,Combined TRACON& Tower with Radar,18,100,44,0,162,0,0,10,0,10,18,100,54,0,172,6,0,6,178
09/13/2003,CID,IA,ACE,CE,Combined TRACON& Tower with Radar,20,78,20,2,120,0,0,0,0,0,20,78,20,2,120,0,0,0,120
09/14/2003,CID,IA,ACE,CE,Combined TRACON& Tower with Radar,8,76,21,0,105,0,1,53,0,54,8,77,74,0,159,86,0,86,245
09/15/2003,CID,IA,ACE,CE,Combined TRACON& Tower with Radar,12,97,26,0,135,0,3,57,0,60,12,100,83,0,195,48,0,48,243
09/16/2003,CID,IA,ACE,CE,Combined TRACON& Tower with Radar,20,95,30,0,145,0,1,48,0,49,20,96,78,0,194,42,0,42,236
09/17/2003,CID,IA,ACE,CE,Combined TRACON& Tower with Radar,21,94,32,0,147,0,2,36,0,38,21,96,68,0,185,32,0,32,217
09/18/2003,CID,IA,ACE,CE,Combined TRACON& Tower with Radar,20,88,48,0,156,0,0,18,0,18,20,88,66,0,174,30,0,30,204
09/19/2003,CID,IA,ACE,CE,Combined TRACON& Tower with Radar,22,92,30,0,144,0,1,48,0,49,22,93,78,0,193,26,0,26,219
09/20/2003,CID,IA,ACE,CE,Combined TRACON& Tower with Radar,21,67,13,0,101,0,1,78,0,79,21,68,91,0,180,70,0,70,250
09/21/2003,CID,IA,ACE,CE,Combined TRACON& Tower with Radar,9,76,22,0,107,0,0,20,0,20,9,76,42,0,127,10,0,10,137
09/22/2003,CID,IA,ACE,CE,Combined TRACON& Tower with Radar,11,92,26,0,129,0,0,31,0,31,11,92,57,0,160,10,0,10,170
09/23/2003,CID,IA,ACE,CE,Combined TRACON& Tower with Radar,20,88,59,0,167,0,0,67,0,67,20,88,126,0,234,52,0,52,286
09/24/2003,CID,IA,ACE,CE,Combined TRACON& Tower with Radar,19,91,52,0,162,0,0,34,0,34,19,91,86,0,196,56,0,56,252
09/25/2003,CID,IA,ACE,CE,Combined TRACON& Tower with Radar,21,93,50,0,164,0,0,51,0,51,21,93,101,0,215,24,0,24,239
09/26/2003,CID,IA,ACE,CE,Combined TRACON& Tower with Radar,21,89,40,1,151,0,0,32,1,33,21,89,72,2,184,24,0,24,208
09/27/2003,CID,IA,ACE,CE,Combined TRACON& Tower with Radar,25,62,20,0,107,0,0,30,0,30,25,62,50,0,137,28,0,28,165
09/28/2003,CID,IA,ACE,CE,Combined TRACON& Tower with Radar,10,73,26,0,109,0,0,34,0,34,10,73,60,0,143,18,0,18,161
09/29/2003,CID,IA,ACE,CE,Combined TRACON& Tower with Radar,14,88,31,0,133,0,0,31,0,31,14,88,62,0,164,40,0,40,204
09/30/2003,CID,IA,ACE,CE,Combined TRACON& Tower with Radar,18,83,37,0,138,0,0,46,0,46,18,83,83,0,184,52,0,52,236
10/01/2003,CID,IA,ACE,CE,Combined TRACON& Tower with Radar,18,94,33,0,145,0,0,27,0,27,18,94,60,0,172,12,0,12,184
10/02/2003,CID,IA,ACE,CE,Combined TRACON& Tower with Radar,18,92,46,0,156,0,0,52,0,52,18,92,98,0,208,36,0,36,244
10/03/2003,CID,IA,ACE,CE,Combined TRACON& Tower with Radar,22,87,48,0,157,0,1,32,0,33,22,88,80,0,190,14,0,14,204
10/04/2003,CID,IA,ACE,CE,Combined TRACON& Tower with Radar,19,67,22,0,108,0,2,50,0,52,19,69,72,0,160,24,0,24,184
10/05/2003,CID,IA,ACE,CE,Combined TRACON& Tower with Radar,8,77,22,0,107,0,1,76,0,77,8,78,98,0,184,34,0,34,218
10/06/2003,CID,IA,ACE,CE,Combined TRACON& Tower with Radar,15,87,34,0,136,0,1,48,0,49,15,88,82,0,185,40,0,40,225
10/07/2003,CID,IA,ACE,CE,Combined TRACON& Tower with Radar,20,94,44,0,158,0,0,44,0,44,20,94,88,0,202,18,0,18,220
10/08/2003,CID,IA,ACE,CE,Combined TRACON& Tower with Radar,21,94,39,2,156,0,1,31,1,33,21,95,70,3,189,0,0,0,189
10/09/2003,CID,IA,ACE,CE,Combined TRACON& Tower with Radar,20,95,43,0,158,0,3,32,0,35,20,98,75,0,193,24,0,24,217
10/10/2003,CID,IA,ACE,CE,Combined TRACON& Tower with Radar,21,94,50,0,165,0,0,36,0,36,21,94,86,0,201,34,0,34,235
10/11/2003,CID,IA,ACE,CE,Combined TRACON& Tower with Radar,16,73,19,0,108,0,0,18,0,18,16,73,37,0,126,14,0,14,140
10/12/2003,CID,IA,ACE,CE,Combined TRACON& Tower with Radar,8,73,28,0,109,0,0,66,0,66,8,73,94,0,175,70,0,70,245
10/13/2003,CID,IA,ACE,CE,Combined TRACON& Tower with Radar,15,83,25,0,123,0,0,42,0,42,15,83,67,0,165,44,0,44,209
10/14/2003,CID,IA,ACE,CE,Combined TRACON& Tower with Radar,19,88,56,0,163,0,0,32,0,32,19,88,88,0,195,12,0,12,207
10/15/2003,CID,IA,ACE,CE,Combined TRACON& Tower with Radar,22,94,31,0,147,0,0,23,0,23,22,94,54,0,170,28,0,28,198
10/16/2003,CID,IA,ACE,CE,Combined TRACON& Tower with Radar,18,94,42,0,154,0,0,51,0,51,18,94,93,0,205,14,0,14,219
10/17/2003,CID,IA,ACE,CE,Combined TRACON& Tower with Radar,23,97,50,0,170,0,0,61,0,61,23,97,111,0,231,14,0,14,245
10/18/2003,CID,IA,ACE,CE,Combined TRACON& Tower with Radar,20,68,18,0,106,0,0,48,0,48,20,68,66,0,154,38,0,38,192
10/19/2003,CID,IA,ACE,CE,Combined TRACON& Tower with Radar,9,77,40,1,127,0,0,68,0,68,9,77,108,1,195,14,0,14,209
10/20/2003,CID,IA,ACE,CE,Combined TRACON& Tower with Radar,15,90,33,3,141,0,1,30,0,31,15,91,63,3,172,16,0,16,188
10/21/2003,CID,IA,ACE,CE,Combined TRACON& Tower with Radar,20,92,40,0,152,0,0,32,0,32,20,92,72,0,184,10,0,10,194
10/22/2003,CID,IA,ACE,CE,Combined TRACON& Tower with Radar,22,91,36,0,149,0,0,52,0,52,22,91,88,0,201,12,0,12,213
10/23/2003,CID,IA,ACE,CE,Combined TRACON& Tower with Radar,21,90,50,0,161,0,0,46,0,46,21,90,96,0,207,32,0,32,239
10/24/2003,CID,IA,ACE,CE,Combined TRACON& Tower with Radar,24,97,44,0,165,0,0,20,0,20,24,97,64,0,185,0,0,0,185
10/25/2003,CID,IA,ACE,CE,Combined TRACON& Tower with Radar,21,73,17,0,111,0,0,33,0,33,21,73,50,0,144,24,0,24,168
10/26/2003,CID,IA,ACE,CE,Combined TRACON& Tower with Radar,8,80,39,0,127,0,0,0,0,0,8,80,39,0,127,24,0,24,151
10/27/2003,CID,IA,ACE,CE,Combined TRACON& Tower with Radar,16,85,41,0,142,0,0,28,0,28,16,85,69,0,170,24,0,24,194
10/28/2003,CID,IA,ACE,CE,Combined TRACON& Tower with Radar,20,92,49,0,161,0,0,19,0,19,20,92,68,0,180,4,0,4,184
10/29/2003,CID,IA,ACE,CE,Combined TRACON& Tower with Radar,20,91,44,1,156,0,0,39,0,39,20,91,83,1,195,18,0,18,213
10/30/2003,CID,IA,ACE,CE,Combined TRACON& Tower with Radar,19,96,43,0,158,0,0,46,0,46,19,96,89,0,204,6,0,6,210
10/31/2003,CID,IA,ACE,CE,Combined TRACON& Tower with Radar,25,96,40,0,161,0,0,9,0,9,25,96,49,0,170,34,0,34,204
11/01/2003,CID,IA,ACE,CE,Combined TRACON& Tower with Radar,18,68,24,0,110,0,0,30,0,30,18,68,54,0,140,44,0,44,184
11/02/2003,CID,IA,ACE,CE,Combined TRACON& Tower with Radar,8,75,20,0,103,0,0,0,0,0,8,75,20,0,103,0,0,0,103
11/03/2003,CID,IA,ACE,CE,Combined TRACON& Tower with Radar,13,75,31,0,119,0,0,0,0,0,13,75,31,0,119,0,0,0,119
11/04/2003,CID,IA,ACE,CE,Combined TRACON& Tower with Radar,23,74,41,0,138,0,1,1,0,2,23,75,42,0,140,0,0,0,140
11/05/2003,CID,IA,ACE,CE,Combined TRACON& Tower with Radar,25,83,46,0,154,0,0,17,0,17,25,83,63,0,171,26,0,26,197
11/06/2003,CID,IA,ACE,CE,Combined TRACON& Tower with Radar,27,84,60,0,171,0,2,56,0,58,27,86,116,0,229,30,0,30,259
11/07/2003,CID,IA,ACE,CE,Combined TRACON& Tower with Radar,34,80,51,0,165,0,3,63,0,66,34,83,114,0,231,52,0,52,283
11/08/2003,CID,IA,ACE,CE,Combined TRACON& Tower with Radar,20,64,23,0,107,0,3,59,0,62,20,67,82,0,169,30,0,30,199
11/09/2003,CID,IA,ACE,CE,Combined TRACON& Tower with Radar,8,74,24,0,106,0,0,83,0,83,8,74,107,0,189,52,0,52,241
11/10/2003,CID,IA,ACE,CE,Combined TRACON& Tower with Radar,20,81,44,0,145,0,0,11,0,11,20,81,55,0,156,0,0,0,156
11/11/2003,CID,IA,ACE,CE,Combined TRACON& Tower with Radar,23,76,50,0,149,0,0,29,0,29,23,76,79,0,178,26,0,26,204
11/12/2003,CID,IA,ACE,CE,Combined TRACON& Tower with Radar,22,78,41,0,141,0,0,6,0,6,22,78,47,0,147,0,0,0,147
11/13/2003,CID,IA,ACE,CE,Combined TRACON& Tower with Radar,24,80,47,0,151,0,0,49,0,49,24,80,96,0,200,4,0,4,204
11/14/2003,CID,IA,ACE,CE,Combined TRACON& Tower with Radar,26,86,45,2,159,0,0,24,0,24,26,86,69,2,183,24,0,24,207
11/15/2003,CID,IA,ACE,CE,Combined TRACON& Tower with Radar,18,62,65,0,145,0,0,0,0,0,18,62,65,0,145,0,0,0,145
11/16/2003,CID,IA,ACE,CE,Combined TRACON& Tower with Radar,8,75,23,0,106,0,0,0,0,0,8,75,23,0,106,0,0,0,106
11/17/2003,CID,IA,ACE,CE,Combined TRACON& Tower with Radar,14,77,39,0,130,0,0,2,0,2,14,77,41,0,132,2,0,2,134
11/18/2003,CID,IA,ACE,CE,Combined TRACON& Tower with Radar,26,81,68,0,175,0,0,13,0,13,26,81,81,0,188,24,0,24,212
11/19/2003,CID,IA,ACE,CE,Combined TRACON& Tower with Radar,23,81,50,0,154,0,0,49,0,49,23,81,99,0,203,44,0,44,247
11/20/2003,CID,IA,ACE,CE,Combined TRACON& Tower with Radar,25,81,45,0,151,0,4,51,2,57,25,85,96,2,208,30,0,30,238
11/21/2003,CID,IA,ACE,CE,Combined TRACON& Tower with Radar,24,83,36,0,143,0,0,43,0,43,24,83,79,0,186,40,0,40,226
11/22/2003,CID,IA,ACE,CE,Combined TRACON& Tower with Radar,13,60,41,0,114,0,0,7,0,7,13,60,48,0,121,14,0,14,135
11/23/2003,CID,IA,ACE,CE,Combined TRACON& Tower with Radar,6,64,16,0,86,0,0,1,0,1,6,64,17,0,87,0,0,0,87
11/24/2003,CID,IA,ACE,CE,Combined TRACON& Tower with Radar,13,73,40,0,126,0,1,18,0,19,13,74,58,0,145,48,0,48,193
11/25/2003,CID,IA,ACE,CE,Combined TRACON& Tower with Radar,26,89,30,0,145,0,0,38,0,38,26,89,68,0,183,10,0,10,193
11/26/2003,CID,IA,ACE,CE,Combined TRACON& Tower with Radar,24,82,17,0,123,0,2,28,0,30,24,84,45,0,153,44,0,44,197
11/27/2003,CID,IA,ACE,CE,Combined TRACON& Tower with Radar,13,62,17,0,92,0,0,11,0,11,13,62,28,0,103,0,0,0,103
11/28/2003,CID,IA,ACE,CE,Combined TRACON& Tower with Radar,11,62,13,0,86,0,1,4,0,5,11,63,17,0,91,0,0,0,91
11/29/2003,CID,IA,ACE,CE,Combined TRACON& Tower with Radar,20,71,25,0,116,0,2,37,0,39,20,73,62,0,155,8,0,8,163
11/30/2003,CID,IA,ACE,CE,Combined TRACON& Tower with Radar,13,74,33,0,120,0,0,78,0,78,13,74,111,0,198,40,0,40,238
12/01/2003,CID,IA,ACE,CE,Combined TRACON& Tower with Radar,16,80,25,4,125,0,0,24,0,24,16,80,49,4,149,24,0,24,173
12/02/2003,CID,IA,ACE,CE,Combined TRACON& Tower with Radar,20,88,33,0,141,0,1,15,0,16,20,89,48,0,157,0,0,0,157
12/03/2003,CID,IA,ACE,CE,Combined TRACON& Tower with Radar,24,85,34,0,143,0,0,16,0,16,24,85,50,0,159,20,0,20,179
12/04/2003,CID,IA,ACE,CE,Combined TRACON& Tower with Radar,23,84,41,0,148,0,0,13,0,13,23,84,54,0,161,2,0,2,163
12/05/2003,CID,IA,ACE,CE,Combined TRACON& Tower with Radar,29,85,27,0,141,0,0,7,0,7,29,85,34,0,148,0,0,0,148
12/06/2003,CID,IA,ACE,CE,Combined TRACON& Tower with Radar,17,68,18,0,103,0,0,3,0,3,17,68,21,0,106,4,0,4,110
12/07/2003,CID,IA,ACE,CE,Combined TRACON& Tower with Radar,7,71,18,0,96,0,0,20,0,20,7,71,38,0,116,22,0,22,138
12/08/2003,CID,IA,ACE,CE,Combined TRACON& Tower with Radar,26,73,43,0,142,0,0,37,0,37,26,73,80,0,179,16,0,16,195
12/09/2003,CID,IA,ACE,CE,Combined TRACON& Tower with Radar,17,68,54,0,139,0,0,0,0,0,17,68,54,0,139,0,0,0,139
12/10/2003,CID,IA,ACE,CE,Combined TRACON& Tower with Radar,23,72,38,0,133,0,0,4,0,4,23,72,42,0,137,0,0,0,137
12/11/2003,CID,IA,ACE,CE,Combined TRACON& Tower with Radar,29,85,39,0,153,0,0,23,0,23,29,85,62,0,176,0,0,0,176
12/12/2003,CID,IA,ACE,CE,Combined TRACON& Tower with Radar,24,88,36,0,148,0,2,31,0,33,24,90,67,0,181,42,0,42,223
12/13/2003,CID,IA,ACE,CE,Combined TRACON& Tower with Radar,19,68,22,0,109,0,0,6,0,6,19,68,28,0,115,0,0,0,115
12/14/2003,CID,IA,ACE,CE,Combined TRACON& Tower with Radar,7,76,18,0,101,0,0,0,0,0,7,76,18,0,101,0,0,0,101
12/15/2003,CID,IA,ACE,CE,Combined TRACON& Tower with Radar,8,86,30,0,124,0,0,5,0,5,8,86,35,0,129,0,0,0,129
12/16/2003,CID,IA,ACE,CE,Combined TRACON& Tower with Radar,22,84,36,0,142,0,0,5,0,5,22,84,41,0,147,0,0,0,147
12/17/2003,CID,IA,ACE,CE,Combined TRACON& Tower with Radar,20,100,60,0,180,0,1,51,0,52,20,101,111,0,232,22,0,22,254
12/18/2003,CID,IA,ACE,CE,Combined TRACON& Tower with Radar,20,84,49,0,153,0,0,4,0,4,20,84,53,0,157,0,0,0,157
12/19/2003,CID,IA,ACE,CE,Combined TRACON& Tower with Radar,22,88,29,4,143,0,0,32,0,32,22,88,61,4,175,0,6,6,181
12/20/2003,CID,IA,ACE,CE,Combined TRACON& Tower with Radar,15,72,21,0,108,0,4,55,0,59,15,76,76,0,167,28,0,28,195
12/21/2003,CID,IA,ACE,CE,Combined TRACON& Tower with Radar,7,74,17,0,98,0,0,51,0,51,7,74,68,0,149,18,0,18,167
12/22/2003,CID,IA,ACE,CE,Combined TRACON& Tower with Radar,13,89,28,0,130,0,0,27,0,27,13,89,55,0,157,90,0,90,247
12/23/2003,CID,IA,ACE,CE,Combined TRACON& Tower with Radar,23,88,26,0,137,0,0,4,0,4,23,88,30,0,141,42,0,42,183
12/24/2003,CID,IA,ACE,CE,Combined TRACON& Tower with Radar,24,87,15,0,126,0,0,25,0,25,24,87,40,0,151,18,0,18,169
12/25/2003,CID,IA,ACE,CE,Combined TRACON& Tower with Radar,9,65,11,0,85,0,0,13,0,13,9,65,24,0,98,8,0,8,106
12/26/2003,CID,IA,ACE,CE,Combined TRACON& Tower with Radar,15,90,41,0,146,0,4,30,0,34,15,94,71,0,180,42,0,42,222
12/27/2003,CID,IA,ACE,CE,Combined TRACON& Tower with Radar,13,91,7,0,111,0,0,6,0,6,13,91,13,0,117,0,0,0,117
12/28/2003,CID,IA,ACE,CE,Combined TRACON& Tower with Radar,9,80,17,0,106,0,0,28,0,28,9,80,45,0,134,0,0,0,134
12/29/2003,CID,IA,ACE,CE,Combined TRACON& Tower with Radar,26,83,12,0,121,0,0,17,0,17,26,83,29,0,138,2,0,2,140
12/30/2003,CID,IA,ACE,CE,Combined TRACON& Tower with Radar,30,92,31,0,153,0,1,62,0,63,30,93,93,0,216,40,0,40,256
12/31/2003,CID,IA,ACE,CE,Combined TRACON& Tower with Radar,18,90,15,0,123,0,4,59,0,63,18,94,74,0,186,28,0,28,214
01/01/2004,CID,IA,ACE,CE,Combined TRACON& Tower with Radar,13,66,7,0,86,0,0,18,0,18,13,66,25,0,104,16,0,16,120
01/02/2004,CID,IA,ACE,CE,Combined TRACON& Tower with Radar,20,49,21,0,90,0,0,0,0,0,20,49,21,0,90,10,0,10,100
01/03/2004,CID,IA,ACE,CE,Combined TRACON& Tower with Radar,21,78,18,0,117,0,1,21,0,22,21,79,39,0,139,20,0,20,159
01/04/2004,CID,IA,ACE,CE,Combined TRACON& Tower with Radar,5,54,9,0,68,0,0,0,0,0,5,54,9,0,68,0,0,0,68
01/05/2004,CID,IA,ACE,CE,Combined TRACON& Tower with Radar,8,83,23,0,114,0,0,11,0,11,8,83,34,0,125,20,0,20,145
01/06/2004,CID,IA,ACE,CE,Combined TRACON& Tower with Radar,24,78,32,0,134,0,0,14,0,14,24,78,46,0,148,10,0,10,158
01/07/2004,CID,IA,ACE,CE,Combined TRACON& Tower with Radar,21,86,24,0,131,0,0,38,0,38,21,86,62,0,169,32,0,32,201
01/08/2004,CID,IA,ACE,CE,Combined TRACON& Tower with Radar,19,86,35,0,140,0,0,14,0,14,19,86,49,0,154,0,0,0,154
01/09/2004,CID,IA,ACE,CE,Combined TRACON& Tower with Radar,22,86,45,0,153,0,0,28,0,28,22,86,73,0,181,8,0,8,189
01/10/2004,CID,IA,ACE,CE,Combined TRACON& Tower with Radar,17,61,20,0,98,0,1,5,0,6,17,62,25,0,104,8,0,8,112
01/11/2004,CID,IA,ACE,CE,Combined TRACON& Tower with Radar,5,73,33,0,111,0,1,26,0,27,5,74,59,0,138,31,0,31,169
01/12/2004,CID,IA,ACE,CE,Combined TRACON& Tower with Radar,16,85,30,0,131,0,1,25,0,26,16,86,55,0,157,28,0,28,185
01/13/2004,CID,IA,ACE,CE,Combined TRACON& Tower with Radar,23,89,53,0,165,0,0,34,0,34,23,89,87,0,199,54,0,54,253
01/14/2004,CID,IA,ACE,CE,Combined TRACON& Tower with Radar,24,75,27,0,126,0,0,13,0,13,24,75,40,0,139,12,0,12,151
01/15/2004,CID,IA,ACE,CE,Combined TRACON& Tower with Radar,20,96,40,1,157,0,3,40,0,43,20,99,80,1,200,24,0,24,224
01/16/2004,CID,IA,ACE,CE,Combined TRACON& Tower with Radar,24,83,31,0,138,0,0,11,0,11,24,83,42,0,149,8,0,8,157
01/17/2004,CID,IA,ACE,CE,Combined TRACON& Tower with Radar,17,68,11,0,96,0,0,0,0,0,17,68,11,0,96,0,0,0,96
01/18/2004,CID,IA,ACE,CE,Combined TRACON& Tower with Radar,9,77,14,0,100,0,1,17,0,18,9,78,31,0,118,6,0,6,124
01/19/2004,CID,IA,ACE,CE,Combined TRACON& Tower with Radar,18,74,19,0,111,0,0,43,0,43,18,74,62,0,154,12,0,12,166
01/20/2004,CID,IA,ACE,CE,Combined TRACON& Tower with Radar,20,89,41,0,150,0,1,19,0,20,20,90,60,0,170,8,0,8,178
01/21/2004,CID,IA,ACE,CE,Combined TRACON& Tower with Radar,19,81,35,0,135,0,0,19,0,19,19,81,54,0,154,2,0,2,156
01/22/2004,CID,IA,ACE,CE,Combined TRACON& Tower with Radar,22,78,40,0,140,0,0,19,0,19,22,78,59,0,159,0,0,0,159
01/23/2004,CID,IA,ACE,CE,Combined TRACON& Tower with Radar,22,76,30,0,128,0,0,22,0,22,22,76,52,0,150,8,0,8,158
01/24/2004,CID,IA,ACE,CE,Combined TRACON& Tower with Radar,18,64,28,0,110,0,0,49,0,49,18,64,77,0,159,44,0,44,203
01/25/2004,CID,IA,ACE,CE,Combined TRACON& Tower with Radar,7,67,12,0,86,0,2,1,0,3,7,69,13,0,89,0,0,0,89
01/26/2004,CID,IA,ACE,CE,Combined TRACON& Tower with Radar,15,74,34,0,123,0,0,1,0,1,15,74,35,0,124,0,0,0,124
01/27/2004,CID,IA,ACE,CE,Combined TRACON& Tower with Radar,22,72,60,0,154,0,0,9,0,9,22,72,69,0,163,0,0,0,163
01/28/2004,CID,IA,ACE,CE,Combined TRACON& Tower with Radar,28,77,45,0,150,0,0,29,0,29,28,77,74,0,179,0,0,0,179
01/29/2004,CID,IA,ACE,CE,Combined TRACON& Tower with Radar,24,76,37,0,137,0,0,7,0,7,24,76,44,0,144,0,0,0,144
01/30/2004,CID,IA,ACE,CE,Combined TRACON& Tower with Radar,23,87,43,0,153,0,0,9,0,9,23,87,52,0,162,0,0,0,162
01/31/2004,CID,IA,ACE,CE,Combined TRACON& Tower with Radar,17,67,7,0,91,0,0,19,0,19,17,67,26,0,110,32,0,32,142
02/01/2004,CID,IA,ACE,CE,Combined TRACON& Tower with Radar,7,67,10,0,84,0,0,6,0,6,7,67,16,0,90,16,0,16,106
02/02/2004,CID,IA,ACE,CE,Combined TRACON& Tower with Radar,10,62,14,0,86,0,0,0,0,0,10,62,14,0,86,0,0,0,86
02/03/2004,CID,IA,ACE,CE,Combined TRACON& Tower with Radar,25,76,42,0,143,0,0,21,0,21,25,76,63,0,164,14,0,14,178
02/04/2004,CID,IA,ACE,CE,Combined TRACON& Tower with Radar,22,86,43,0,151,0,1,18,0,19,22,87,61,0,170,18,0,18,188
02/05/2004,CID,IA,ACE,CE,Combined TRACON& Tower with Radar,18,85,30,0,133,0,0,8,0,8,18,85,38,0,141,10,0,10,151
02/06/2004,CID,IA,ACE,CE,Combined TRACON& Tower with Radar,18,85,45,0,148,0,1,5,0,6,18,86,50,0,154,0,0,0,154
02/07/2004,CID,IA,ACE,CE,Combined TRACON& Tower with Radar,18,72,18,0,108,0,0,9,0,9,18,72,27,0,117,26,0,26,143
02/08/2004,CID,IA,ACE,CE,Combined TRACON& Tower with Radar,7,82,14,0,103,0,1,16,0,17,7,83,30,0,120,6,0,6,126
02/09/2004,CID,IA,ACE,CE,Combined TRACON& Tower with Radar,14,90,27,0,131,0,10,12,0,22,14,100,39,0,153,24,0,24,177
02/10/2004,CID,IA,ACE,CE,Combined TRACON& Tower with Radar,21,86,48,0,155,0,0,37,0,37,21,86,85,0,192,32,0,32,224
02/11/2004,CID,IA,ACE,CE,Combined TRACON& Tower with Radar,23,83,44,0,150,0,0,29,0,29,23,83,73,0,179,46,0,46,225
02/12/2004,CID,IA,ACE,CE,Combined TRACON& Tower with Radar,20,88,43,0,151,0,0,23,0,23,20,88,66,0,174,12,0,12,186
02/13/2004,CID,IA,ACE,CE,Combined TRACON& Tower with Radar,23,83,27,0,133,0,2,32,0,34,23,85,59,0,167,6,0,6,173
02/14/2004,CID,IA,ACE,CE,Combined TRACON& Tower with Radar,17,72,29,0,118,0,2,49,0,51,17,74,78,0,169,6,0,6,175
02/15/2004,CID,IA,ACE,CE,Combined TRACON& Tower with Radar,8,65,17,0,90,0,1,23,0,24,8,66,40,0,114,72,0,72,186
02/16/2004,CID,IA,ACE,CE,Combined TRACON& Tower with Radar,16,82,51,0,149,0,3,31,0,34,16,85,82,0,183,42,0,42,225
02/17/2004,CID,IA,ACE,CE,Combined TRACON& Tower with Radar,21,82,44,0,147,0,0,7,0,7,21,82,51,0,154,0,0,0,154
02/18/2004,CID,IA,ACE,CE,Combined TRACON& Tower with Radar,35,76,38,0,149,0,1,30,0,31,35,77,68,0,180,14,0,14,194
02/19/2004,CID,IA,ACE,CE,Combined TRACON& Tower with Radar,20,90,55,0,165,0,7,8,0,15,20,97,63,0,180,22,0,22,202
02/20/2004,CID,IA,ACE,CE,Combined TRACON& Tower with Radar,23,80,40,0,143,0,0,2,0,2,23,80,42,0,145,0,0,0,145
02/21/2004,CID,IA,ACE,CE,Combined TRACON& Tower with Radar,15,70,17,0,102,0,0,24,0,24,15,70,41,0,126,20,0,20,146
02/22/2004,CID,IA,ACE,CE,Combined TRACON& Tower with Radar,8,72,22,0,102,0,0,2,0,2,8,72,24,0,104,0,0,0,104
02/23/2004,CID,IA,ACE,CE,Combined TRACON& Tower with Radar,14,87,49,0,150,0,0,10,0,10,14,87,59,0,160,0,0,0,160
02/24/2004,CID,IA,ACE,CE,Combined TRACON& Tower with Radar,24,84,47,0,155,0,0,26,0,26,24,84,73,0,181,30,0,30,211
02/25/2004,CID,IA,ACE,CE,Combined TRACON& Tower with Radar,23,95,42,0,160,0,1,38,0,39,23,96,80,0,199,42,0,42,241
02/26/2004,CID,IA,ACE,CE,Combined TRACON& Tower with Radar,18,84,44,0,146,0,0,41,5,46,18,84,85,5,192,88,0,88,280
02/27/2004,CID,IA,ACE,CE,Combined TRACON& Tower with Radar,24,88,47,0,159,0,1,50,0,51,24,89,97,0,210,18,0,18,228
02/28/2004,CID,IA,ACE,CE,Combined TRACON& Tower with Radar,15,68,28,0,111,0,0,68,0,68,15,68,96,0,179,58,0,58,237
02/29/2004,CID,IA,ACE,CE,Combined TRACON& Tower with Radar,8,75,22,0,105,0,0,31,0,31,8,75,53,0,136,0,18,18,154
03/01/2004,CID,IA,ACE,CE,Combined TRACON& Tower with Radar,16,85,31,0,132,0,0,7,0,7,16,85,38,0,139,0,0,0,139
03/02/2004,CID,IA,ACE,CE,Combined TRACON& Tower with Radar,27,81,54,0,162,0,0,8,0,8,27,81,62,0,170,2,0,2,172
03/03/2004,CID,IA,ACE,CE,Combined TRACON& Tower with Radar,24,81,43,0,148,0,1,11,0,12,24,82,54,0,160,2,0,2,162
03/04/2004,CID,IA,ACE,CE,Combined TRACON& Tower with Radar,22,78,44,0,144,0,0,0,0,0,22,78,44,0,144,0,0,0,144
03/05/2004,CID,IA,ACE,CE,Combined TRACON& Tower with Radar,24,70,29,0,123,0,0,5,0,5,24,70,34,0,128,0,0,0,128
03/06/2004,CID,IA,ACE,CE,Combined TRACON& Tower with Radar,21,65,24,0,110,0,0,43,0,43,21,65,67,0,153,28,0,28,181
03/07/2004,CID,IA,ACE,CE,Combined TRACON& Tower with Radar,8,64,13,0,85,0,0,6,0,6,8,64,19,0,91,0,0,0,91
03/08/2004,CID,IA,ACE,CE,Combined TRACON& Tower with Radar,20,78,20,1,119,0,0,28,0,28,20,78,48,1,147,14,0,14,161
03/09/2004,CID,IA,ACE,CE,Combined TRACON& Tower with Radar,27,76,49,0,152,0,0,50,0,50,27,76,99,0,202,22,0,22,224
03/10/2004,CID,IA,ACE,CE,Combined TRACON& Tower with Radar,21,83,47,0,151,0,1,30,0,31,21,84,77,0,182,0,0,0,182
03/11/2004,CID,IA,ACE,CE,Combined TRACON& Tower with Radar,33,76,47,0,156,0,0,12,0,12,33,76,59,0,168,12,0,12,180
03/12/2004,CID,IA,ACE,CE,Combined TRACON& Tower with Radar,26,88,36,1,151,0,0,76,0,76,26,88,112,1,227,44,0,44,271
03/13/2004,CID,IA,ACE,CE,Combined TRACON& Tower with Radar,20,70,10,1,101,0,0,12,0,12,20,70,22,1,113,14,0,14,127
03/14/2004,CID,IA,ACE,CE,Combined TRACON& Tower with Radar,10,77,7,0,94,0,0,4,0,4,10,77,11,0,98,0,0,0,98
03/15/2004,CID,IA,ACE,CE,Combined TRACON& Tower with Radar,16,82,26,0,124,0,0,1,0,1,16,82,27,0,125,0,0,0,125
03/16/2004,CID,IA,ACE,CE,Combined TRACON& Tower with Radar,25,85,62,0,172,0,0,13,0,13,25,85,75,0,185,2,0,2,187
03/17/2004,CID,IA,ACE,CE,Combined TRACON& Tower with Radar,27,81,38,0,146,0,2,17,0,19,27,83,55,0,165,22,0,22,187
03/18/2004,CID,IA,ACE,CE,Combined TRACON& Tower with Radar,24,77,47,0,148,0,1,11,0,12,24,78,58,0,160,0,0,0,160
03/19/2004,CID,IA,ACE,CE,Combined TRACON& Tower with Radar,32,89,40,0,161,0,0,31,0,31,32,89,71,0,192,0,0,0,192
03/20/2004,CID,IA,ACE,CE,Combined TRACON& Tower with Radar,19,67,10,0,96,0,0,11,0,11,19,67,21,0,107,6,0,6,113
03/21/2004,CID,IA,ACE,CE,Combined TRACON& Tower with Radar,12,76,30,0,118,0,0,49,0,49,12,76,79,0,167,36,0,36,203
03/22/2004,CID,IA,ACE,CE,Combined TRACON& Tower with Radar,24,87,28,0,139,0,2,70,0,72,24,89,98,0,211,46,0,46,257
03/23/2004,CID,IA,ACE,CE,Combined TRACON& Tower with Radar,30,83,34,0,147,0,0,33,1,34,30,83,67,1,181,22,0,22,203
03/24/2004,CID,IA,ACE,CE,Combined TRACON& Tower with Radar,28,85,41,0,154,0,0,15,0,15,28,85,56,0,169,18,0,18,187
03/25/2004,CID,IA,ACE,CE,Combined TRACON& Tower with Radar,21,81,62,0,164,0,0,5,0,5,21,81,67,0,169,12,0,12,181
03/26/2004,CID,IA,ACE,CE,Combined TRACON& Tower with Radar,28,81,55,0,164,0,0,13,0,13,28,81,68,0,177,16,0,16,193
03/27/2004,CID,IA,ACE,CE,Combined TRACON& Tower with Radar,18,73,22,0,113,0,0,3,0,3,18,73,25,0,116,18,0,18,134
03/28/2004,CID,IA,ACE,CE,Combined TRACON& Tower with Radar,14,76,23,0,113,0,0,0,0,0,14,76,23,0,113,0,0,0,113
03/29/2004,CID,IA,ACE,CE,Combined TRACON& Tower with Radar,19,80,39,0,138,0,2,34,0,36,19,82,73,0,174,30,0,30,204
03/30/2004,CID,IA,ACE,CE,Combined TRACON& Tower with Radar,20,93,38,0,151,0,0,17,0,17,20,93,55,0,168,0,0,0,168
03/31/2004,CID,IA,ACE,CE,Combined TRACON& Tower with Radar,25,85,38,0,148,0,2,44,0,46,25,87,82,0,194,64,0,64,258
04/01/2004,CID,IA,ACE,CE,Combined TRACON& Tower with Radar,23,84,46,0,153,0,0,48,0,48,23,84,94,0,201,70,0,70,271
04/02/2004,CID,IA,ACE,CE,Combined TRACON& Tower with Radar,23,84,37,0,144,0,0,72,0,72,23,84,109,0,216,12,0,12,228
04/03/2004,CID,IA,ACE,CE,Combined TRACON& Tower with Radar,19,66,17,0,102,0,0,19,0,19,19,66,36,0,121,20,0,20,141
04/04/2004,CID,IA,ACE,CE,Combined TRACON& Tower with Radar,12,70,10,0,92,0,5,77,2,84,12,75,87,2,176,52,0,52,228
04/05/2004,CID,IA,ACE,CE,Combined TRACON& Tower with Radar,17,81,37,0,135,0,0,50,0,50,17,81,87,0,185,0,0,0,185
04/06/2004,CID,IA,ACE,CE,Combined TRACON& Tower with Radar,21,88,43,0,152,0,1,52,0,53,21,89,95,0,205,24,0,24,229
04/07/2004,CID,IA,ACE,CE,Combined TRACON& Tower with Radar,24,88,38,3,153,0,1,35,1,37,24,89,73,4,190,24,0,24,214
04/08/2004,CID,IA,ACE,CE,Combined TRACON& Tower with Radar,17,79,36,2,134,0,0,44,0,44,17,79,80,2,178,6,0,6,184
04/09/2004,CID,IA,ACE,CE,Combined TRACON& Tower with Radar,25,81,34,0,140,0,2,55,1,58,25,83,89,1,198,54,0,54,252
04/10/2004,CID,IA,ACE,CE,Combined TRACON& Tower with Radar,25,66,14,0,105,0,1,46,0,47,25,67,60,0,152,22,0,22,174
04/11/2004,CID,IA,ACE,CE,Combined TRACON& Tower with Radar,8,75,4,0,87,0,0,37,0,37,8,75,41,0,124,14,0,14,138
04/12/2004,CID,IA,ACE,CE,Combined TRACON& Tower with Radar,21,76,29,0,126,0,0,33,0,33,21,76,62,0,159,18,0,18,177
04/13/2004,CID,IA,ACE,CE,Combined TRACON& Tower with Radar,26,85,49,0,160,0,0,36,0,36,26,85,85,0,196,20,0,20,216
04/14/2004,CID,IA,ACE,CE,Combined TRACON& Tower with Radar,23,84,56,0,163,0,0,60,0,60,23,84,116,0,223,46,0,46,269
04/15/2004,CID,IA,ACE,CE,Combined TRACON& Tower with Radar,23,85,28,0,136,0,0,26,0,26,23,85,54,0,162,0,0,0,162
04/16/2004,CID,IA,ACE,CE,Combined TRACON& Tower with Radar,22,80,30,0,132,0,3,38,0,41,22,83,68,0,173,18,0,18,191
04/17/2004,CID,IA,ACE,CE,Combined TRACON& Tower with Radar,25,70,26,0,121,0,0,36,0,36,25,70,62,0,157,0,22,22,179
04/18/2004,CID,IA,ACE,CE,Combined TRACON& Tower with Radar,7,65,11,0,83,0,0,2,0,2,7,65,13,0,85,6,0,6,91
04/19/2004,CID,IA,ACE,CE,Combined TRACON& Tower with Radar,19,84,54,0,157,0,3,24,0,27,19,87,78,0,184,50,0,50,234
04/20/2004,CID,IA,ACE,CE,Combined TRACON& Tower with Radar,24,91,47,0,162,0,0,11,0,11,24,91,58,0,173,0,0,0,173
04/21/2004,CID,IA,ACE,CE,Combined TRACON& Tower with Radar,24,83,53,0,160,0,0,33,0,33,24,83,86,0,193,48,0,48,241
04/22/2004,CID,IA,ACE,CE,Combined TRACON& Tower with Radar,28,79,51,0,158,0,1,36,0,37,28,80,87,0,195,14,0,14,209
04/23/2004,CID,IA,ACE,CE,Combined TRACON& Tower with Radar,26,83,43,3,155,0,0,57,1,58,26,83,100,4,213,48,0,48,261
04/24/2004,CID,IA,ACE,CE,Combined TRACON& Tower with Radar,19,63,16,0,98,0,0,40,0,40,19,63,56,0,138,52,0,52,190
04/25/2004,CID,IA,ACE,CE,Combined TRACON& Tower with Radar,6,72,15,0,93,0,0,6,0,6,6,72,21,0,99,4,0,4,103
04/26/2004,CID,IA,ACE,CE,Combined TRACON& Tower with Radar,17,82,41,0,140,0,0,26,0,26,17,82,67,0,166,18,0,18,184
04/27/2004,CID,IA,ACE,CE,Combined TRACON& Tower with Radar,25,82,56,0,163,0,0,55,0,55,25,82,111,0,218,58,0,58,276
04/28/2004,CID,IA,ACE,CE,Combined TRACON& Tower with Radar,25,72,35,0,132,0,0,16,0,16,25,72,51,0,148,2,0,2,150
04/29/2004,CID,IA,ACE,CE,Combined TRACON& Tower with Radar,27,76,57,0,160,0,0,26,0,26,27,76,83,0,186,14,0,14,200
04/30/2004,CID,IA,ACE,CE,Combined TRACON& Tower with Radar,27,79,46,0,152,0,0,7,0,7,27,79,53,0,159,0,0,0,159
05/01/2004,CID,IA,ACE,CE,Combined TRACON& Tower with Radar,25,62,23,0,110,0,4,38,0,42,25,66,61,0,152,44,0,44,196
05/02/2004,CID,IA,ACE,CE,Combined TRACON& Tower with Radar,13,71,32,1,117,0,0,20,1,21,13,71,52,2,138,8,0,8,146
05/03/2004,CID,IA,ACE,CE,Combined TRACON& Tower with Radar,17,78,35,0,130,0,0,30,0,30,17,78,65,0,160,50,0,50,210
05/04/2004,CID,IA,ACE,CE,Combined TRACON& Tower with Radar,27,94,43,0,164,0,4,46,0,50,27,98,89,0,214,22,0,22,236
05/05/2004,CID,IA,ACE,CE,Combined TRACON& Tower with Radar,29,85,47,0,161,0,0,54,0,54,29,85,101,0,215,30,0,30,245
05/06/2004,CID,IA,ACE,CE,Combined TRACON& Tower with Radar,27,89,41,0,157,0,0,50,0,50,27,89,91,0,207,20,0,20,227
05/07/2004,CID,IA,ACE,CE,Combined TRACON& Tower with Radar,24,82,43,0,149,0,0,11,0,11,24,82,54,0,160,28,0,28,188
05/08/2004,CID,IA,ACE,CE,Combined TRACON& Tower with Radar,24,67,30,0,121,0,0,20,2,22,24,67,50,2,143,36,0,36,179
05/09/2004,CID,IA,ACE,CE,Combined TRACON& Tower with Radar,12,61,18,0,91,0,0,16,0,16,12,61,34,0,107,10,0,10,117
05/10/2004,CID,IA,ACE,CE,Combined TRACON& Tower with Radar,14,79,39,0,132,0,0,19,0,19,14,79,58,0,151,26,0,26,177
05/11/2004,CID,IA,ACE,CE,Combined TRACON& Tower with Radar,27,89,70,2,188,0,0,22,0,22,27,89,92,2,210,22,0,22,232
05/12/2004,CID,IA,ACE,CE,Combined TRACON& Tower with Radar,32,77,56,0,165,0,0,44,0,44,32,77,100,0,209,24,0,24,233
05/13/2004,CID,IA,ACE,CE,Combined TRACON& Tower with Radar,23,76,62,0,161,0,0,8,0,8,23,76,70,0,169,0,0,0,169
05/14/2004,CID,IA,ACE,CE,Combined TRACON& Tower with Radar,29,85,37,0,151,0,0,17,0,17,29,85,54,0,168,20,0,20,188
05/15/2004,CID,IA,ACE,CE,Combined TRACON& Tower with Radar,24,68,20,0,112,0,7,86,0,93,24,75,106,0,205,100,0,100,305
05/16/2004,CID,IA,ACE,CE,Combined TRACON& Tower with Radar,21,68,22,0,111,0,0,45,0,45,21,68,67,0,156,16,0,16,172
05/17/2004,CID,IA,ACE,CE,Combined TRACON& Tower with Radar,16,89,31,0,136,0,0,12,0,12,16,89,43,0,148,10,0,10,158
05/18/2004,CID,IA,ACE,CE,Combined TRACON& Tower with Radar,27,84,71,0,182,0,0,9,0,9,27,84,80,0,191,20,0,20,211
05/19/2004,CID,IA,ACE,CE,Combined TRACON& Tower with Radar,32,86,47,0,165,0,0,28,0,28,32,86,75,0,193,30,0,30,223
05/20/2004,CID,IA,ACE,CE,Combined TRACON& Tower with Radar,29,90,70,0,189,0,0,14,0,14,29,90,84,0,203,10,0,10,213
05/21/2004,CID,IA,ACE,CE,Combined TRACON& Tower with Radar,22,78,52,0,152,0,0,25,0,25,22,78,77,0,177,0,0,0,177
05/22/2004,CID,IA,ACE,CE,Combined TRACON& Tower with Radar,22,67,23,0,112,0,1,30,2,33,22,68,53,2,145,6,0,6,151
05/23/2004,CID,IA,ACE,CE,Combined TRACON& Tower with Radar,11,70,31,0,112,0,2,13,0,15,11,72,44,0,127,6,0,6,133
05/24/2004,CID,IA,ACE,CE,Combined TRACON& Tower with Radar,16,87,36,0,139,0,0,28,0,28,16,87,64,0,167,0,0,0,167
05/25/2004,CID,IA,ACE,CE,Combined TRACON& Tower with Radar,34,85,62,2,183,0,3,32,0,35,34,88,94,2,218,6,0,6,224
05/26/2004,CID,IA,ACE,CE,Combined TRACON& Tower with Radar,28,94,48,0,170,0,0,65,0,65,28,94,113,0,235,0,36,36,271
05/27/2004,CID,IA,ACE,CE,Combined TRACON& Tower with Radar,30,85,56,0,171,0,0,43,0,43,30,85,99,0,214,12,0,12,226
05/28/2004,CID,IA,ACE,CE,Combined TRACON& Tower with Radar,27,82,40,0,149,0,3,55,0,58,27,85,95,0,207,58,0,58,265
05/29/2004,CID,IA,ACE,CE,Combined TRACON& Tower with Radar,23,58,5,0,86,0,0,17,2,19,23,58,22,2,105,0,0,0,105
05/30/2004,CID,IA,ACE,CE,Combined TRACON& Tower with Radar,7,53,6,0,66,0,0,5,0,5,7,53,11,0,71,0,0,0,71
05/31/2004,CID,IA,ACE,CE,Combined TRACON& Tower with Radar,17,60,18,0,95,0,0,18,0,18,17,60,36,0,113,6,0,6,119
06/01/2004,CID,IA,ACE,CE,Combined TRACON& Tower with Radar,27,72,33,0,132,0,1,11,0,12,27,73,44,0,144,10,0,10,154
06/02/2004,CID,IA,ACE,CE,Combined TRACON& Tower with Radar,27,76,63,0,166,0,0,30,0,30,27,76,93,0,196,38,0,38,234
06/03/2004,CID,IA,ACE,CE,Combined TRACON& Tower with Radar,27,74,46,0,147,0,0,69,0,69,27,74,115,0,216,146,0,146,362
06/04/2004,CID,IA,ACE,CE,Combined TRACON& Tower with Radar,29,74,48,0,151,0,0,52,0,52,29,74,100,0,203,80,0,80,283
06/05/2004,CID,IA,ACE,CE,Combined TRACON& Tower with Radar,27,53,18,0,98,0,0,427,0,427,27,53,445,0,525,56,0,56,581
06/06/2004,CID,IA,ACE,CE,Combined TRACON& Tower with Radar,14,62,30,0,106,0,0,395,0,395,14,62,425,0,501,34,0,34,535
06/07/2004,CID,IA,ACE,CE,Combined TRACON& Tower with Radar,22,81,30,0,133,0,1,35,0,36,22,82,65,0,169,20,0,20,189
06/08/2004,CID,IA,ACE,CE,Combined TRACON& Tower with Radar,30,74,53,0,157,0,0,30,0,30,30,74,83,0,187,36,0,36,223
06/09/2004,CID,IA,ACE,CE,Combined TRACON& Tower with Radar,24,68,61,0,153,0,0,36,0,36,24,68,97,0,189,32,0,32,221
06/10/2004,CID,IA,ACE,CE,Combined TRACON& Tower with Radar,31,73,61,0,165,0,0,3,0,3,31,73,64,0,168,0,0,0,168
06/11/2004,CID,IA,ACE,CE,Combined TRACON& Tower with Radar,28,77,39,0,144,0,0,11,0,11,28,77,50,0,155,34,0,34,189
06/12/2004,CID,IA,ACE,CE,Combined TRACON& Tower with Radar,22,58,36,0,116,0,0,74,0,74,22,58,110,0,190,46,0,46,236
06/13/2004,CID,IA,ACE,CE,Combined TRACON& Tower with Radar,14,69,40,0,123,0,0,30,0,30,14,69,70,0,153,4,0,4,157
06/14/2004,CID,IA,ACE,CE,Combined TRACON& Tower with Radar,21,68,50,0,139,0,0,51,0,51,21,68,101,0,190,34,0,34,224
06/15/2004,CID,IA,ACE,CE,Combined TRACON& Tower with Radar,32,72,43,0,147,0,0,43,0,43,32,72,86,0,190,0,0,0,190
06/16/2004,CID,IA,ACE,CE,Combined TRACON& Tower with Radar,31,73,32,2,138,0,0,11,0,11,31,73,43,2,149,38,0,38,187
06/17/2004,CID,IA,ACE,CE,Combined TRACON& Tower with Radar,32,68,44,1,145,0,0,51,0,51,32,68,95,1,196,36,0,36,232
06/18/2004,CID,IA,ACE,CE,Combined TRACON& Tower with Radar,31,74,55,0,160,0,0,24,0,24,31,74,79,0,184,26,0,26,210
06/19/2004,CID,IA,ACE,CE,Combined TRACON& Tower with Radar,31,58,36,0,125,0,2,84,0,86,31,60,120,0,211,84,0,84,295
06/20/2004,CID,IA,ACE,CE,Combined TRACON& Tower with Radar,14,71,21,0,106,0,0,49,0,49,14,71,70,0,155,12,0,12,167
06/21/2004,CID,IA,ACE,CE,Combined TRACON& Tower with Radar,18,79,27,2,126,0,0,6,0,6,18,79,33,2,132,29,0,29,161
06/22/2004,CID,IA,ACE,CE,Combined TRACON& Tower with Radar,27,78,46,3,154,0,0,75,0,75,27,78,121,3,229,46,8,54,283
06/23/2004,CID,IA,ACE,CE,Combined TRACON& Tower with Radar,25,77,38,0,140,0,0,43,0,43,25,77,81,0,183,38,0,38,221
06/24/2004,CID,IA,ACE,CE,Combined TRACON& Tower with Radar,34,79,59,2,174,0,0,17,0,17,34,79,76,2,191,14,0,14,205
06/25/2004,CID,IA,ACE,CE,Combined TRACON& Tower with Radar,30,77,46,0,153,0,1,59,0,60,30,78,105,0,213,60,0,60,273
06/26/2004,CID,IA,ACE,CE,Combined TRACON& Tower with Radar,30,53,18,7,108,0,0,48,0,48,30,53,66,7,156,16,0,16,172
06/27/2004,CID,IA,ACE,CE,Combined TRACON& Tower with Radar,18,59,17,0,94,1,1,48,0,50,19,60,65,0,144,6,0,6,150
06/28/2004,CID,IA,ACE,CE,Combined TRACON& Tower with Radar,27,68,37,0,132,0,0,50,0,50,27,68,87,0,182,64,0,64,246
06/29/2004,CID,IA,ACE,CE,Combined TRACON& Tower with Radar,32,76,45,0,153,0,6,75,0,81,32,82,120,0,234,26,0,26,260
06/30/2004,CID,IA,ACE,CE,Combined TRACON& Tower with Radar,29,87,50,0,166,0,0,66,0,66,29,87,116,0,232,65,0,65,297
07/01/2004,CID,IA,ACE,CE,Combined TRACON& Tower with Radar,28,73,36,2,139,0,0,55,0,55,28,73,91,2,194,38,0,38,232
07/02/2004,CID,IA,ACE,CE,Combined TRACON& Tower with Radar,33,78,53,0,164,0,0,30,0,30,33,78,83,0,194,26,0,26,220
07/03/2004,CID,IA,ACE,CE,Combined TRACON& Tower with Radar,24,53,16,0,93,0,0,2,0,2,24,53,18,0,95,0,0,0,95
07/04/2004,CID,IA,ACE,CE,Combined TRACON& Tower with Radar,16,42,19,0,77,0,0,30,0,30,16,42,49,0,107,0,0,0,107
07/05/2004,CID,IA,ACE,CE,Combined TRACON& Tower with Radar,27,57,26,0,110,0,0,28,0,28,27,57,54,0,138,18,0,18,156
07/06/2004,CID,IA,ACE,CE,Combined TRACON& Tower with Radar,20,66,45,0,131,0,1,18,0,19,20,67,63,0,150,22,0,22,172
07/07/2004,CID,IA,ACE,CE,Combined TRACON& Tower with Radar,34,69,39,0,142,0,0,39,0,39,34,69,78,0,181,42,0,42,223
07/08/2004,CID,IA,ACE,CE,Combined TRACON& Tower with Radar,37,74,41,0,152,0,0,64,0,64,37,74,105,0,216,24,0,24,240
07/09/2004,CID,IA,ACE,CE,Combined TRACON& Tower with Radar,35,64,46,0,145,0,0,13,0,13,35,64,59,0,158,24,0,24,182
07/10/2004,CID,IA,ACE,CE,Combined TRACON& Tower with Radar,35,55,18,0,108,0,0,0,0,0,35,55,18,0,108,0,0,0,108
07/11/2004,CID,IA,ACE,CE,Combined TRACON& Tower with Radar,22,63,17,0,102,0,0,10,0,10,22,63,27,0,112,18,0,18,130
07/12/2004,CID,IA,ACE,CE,Combined TRACON& Tower with Radar,33,61,26,0,120,0,2,35,0,37,33,63,61,0,157,24,0,24,181
07/13/2004,CID,IA,ACE,CE,Combined TRACON& Tower with Radar,29,69,28,0,126,0,2,37,0,39,29,71,65,0,165,34,0,34,199
07/14/2004,CID,IA,ACE,CE,Combined TRACON& Tower with Radar,32,66,55,0,153,0,0,72,0,72,32,66,127,0,225,46,0,46,271
07/15/2004,CID,IA,ACE,CE,Combined TRACON& Tower with Radar,33,81,50,0,164,0,0,57,0,57,33,81,107,0,221,20,0,20,241
07/16/2004,CID,IA,ACE,CE,Combined TRACON& Tower with Radar,24,81,53,0,158,0,0,46,2,48,24,81,99,2,206,10,0,10,216
07/17/2004,CID,IA,ACE,CE,Combined TRACON& Tower with Radar,37,48,26,2,113,0,0,39,2,41,37,48,65,4,154,0,0,0,154
07/18/2004,CID,IA,ACE,CE,Combined TRACON& Tower with Radar,26,50,25,0,101,0,0,93,0,93,26,50,118,0,194,38,0,38,232
07/19/2004,CID,IA,ACE,CE,Combined TRACON& Tower with Radar,29,71,66,2,168,0,0,0,0,0,29,71,66,2,168,20,0,20,188
07/20/2004,CID,IA,ACE,CE,Combined TRACON& Tower with Radar,28,75,43,4,150,0,1,32,0,33,28,76,75,4,183,20,0,20,203
07/21/2004,CID,IA,ACE,CE,Combined TRACON& Tower with Radar,30,70,48,2,150,0,0,17,0,17,30,70,65,2,167,34,0,34,201
07/22/2004,CID,IA,ACE,CE,Combined TRACON& Tower with Radar,30,68,54,0,152,0,0,29,0,29,30,68,83,0,181,72,0,72,253
07/23/2004,CID,IA,ACE,CE,Combined TRACON& Tower with Radar,21,73,61,0,155,10,0,67,0,77,31,73,128,0,232,54,0,54,286
07/24/2004,CID,IA,ACE,CE,Combined TRACON& Tower with Radar,35,46,22,0,103,0,0,52,0,52,35,46,74,0,155,42,0,42,197
07/25/2004,CID,IA,ACE,CE,Combined TRACON& Tower with Radar,23,54,27,0,104,0,0,71,0,71,23,54,98,0,175,40,0,40,215
07/26/2004,CID,IA,ACE,CE,Combined TRACON& Tower with Radar,28,65,47,0,140,0,0,75,0,75,28,65,122,0,215,40,0,40,255
07/27/2004,CID,IA,ACE,CE,Combined TRACON& Tower with Radar,28,75,53,0,156,0,6,49,0,55,28,81,102,0,211,26,0,26,237
07/28/2004,CID,IA,ACE,CE,Combined TRACON& Tower with Radar,32,75,41,0,148,0,0,43,0,43,32,75,84,0,191,52,0,52,243
07/29/2004,CID,IA,ACE,CE,Combined TRACON& Tower with Radar,26,76,62,0,164,0,1,31,0,32,26,77,93,0,196,22,0,22,218
07/30/2004,CID,IA,ACE,CE,Combined TRACON& Tower with Radar,34,69,51,0,154,0,0,33,0,33,34,69,84,0,187,8,0,8,195
07/31/2004,CID,IA,ACE,CE,Combined TRACON& Tower with Radar,35,50,22,0,107,0,1,52,0,53,35,51,74,0,160,24,0,24,184
08/01/2004,CID,IA,ACE,CE,Combined TRACON& Tower with Radar,24,54,26,0,104,0,3,31,0,34,24,57,57,0,138,8,0,8,146
08/02/2004,CID,IA,ACE,CE,Combined TRACON& Tower with Radar,30,69,32,0,131,0,0,31,0,31,30,69,63,0,162,0,0,0,162
08/03/2004,CID,IA,ACE,CE,Combined TRACON& Tower with Radar,28,67,50,0,145,0,0,44,0,44,28,67,94,0,189,20,0,20,209
08/04/2004,CID,IA,ACE,CE,Combined TRACON& Tower with Radar,29,61,39,0,129,0,0,17,0,17,29,61,56,0,146,14,0,14,160
08/05/2004,CID,IA,ACE,CE,Combined TRACON& Tower with Radar,36,66,42,0,144,0,0,49,0,49,36,66,91,0,193,28,0,28,221
08/06/2004,CID,IA,ACE,CE,Combined TRACON& Tower with Radar,34,67,53,0,154,0,0,85,0,85,34,67,138,0,239,64,0,64,303
08/07/2004,CID,IA,ACE,CE,Combined TRACON& Tower with Radar,35,43,29,0,107,0,0,54,0,54,35,43,83,0,161,38,0,38,199
08/08/2004,CID,IA,ACE,CE,Combined TRACON& Tower with Radar,22,64,14,0,100,0,2,40,0,42,22,66,54,0,142,14,0,14,156
08/09/2004,CID,IA,ACE,CE,Combined TRACON& Tower with Radar,24,65,30,0,119,0,0,31,0,31,24,65,61,0,150,12,0,12,162
08/10/2004,CID,IA,ACE,CE,Combined TRACON& Tower with Radar,31,73,39,2,145,0,0,0,0,0,31,73,39,2,145,0,0,0,145
08/11/2004,CID,IA,ACE,CE,Combined TRACON& Tower with Radar,33,73,42,0,148,0,0,26,0,26,33,73,68,0,174,0,0,0,174
08/12/2004,CID,IA,ACE,CE,Combined TRACON& Tower with Radar,30,79,51,1,161,0,0,39,0,39,30,79,90,1,200,30,0,30,230
08/13/2004,CID,IA,ACE,CE,Combined TRACON& Tower with Radar,33,69,31,1,134,0,0,56,0,56,33,69,87,1,190,22,0,22,212
08/14/2004,CID,IA,ACE,CE,Combined TRACON& Tower with Radar,34,44,12,0,90,0,2,58,2,62,34,46,70,2,152,18,0,18,170
08/15/2004,CID,IA,ACE,CE,Combined TRACON& Tower with Radar,32,44,23,2,101,0,1,60,0,61,32,45,83,2,162,20,0,20,182
08/16/2004,CID,IA,ACE,CE,Combined TRACON& Tower with Radar,29,67,31,0,127,0,2,20,0,22,29,69,51,0,149,18,0,18,167
08/17/2004,CID,IA,ACE,CE,Combined TRACON& Tower with Radar,32,67,40,0,139,0,0,23,0,23,32,67,63,0,162,0,0,0,162
08/18/2004,CID,IA,ACE,CE,Combined TRACON& Tower with Radar,33,68,35,0,136,0,2,9,0,11,33,70,44,0,147,18,0,18,165
08/19/2004,CID,IA,ACE,CE,Combined TRACON& Tower with Radar,37,71,51,2,161,0,0,73,0,73,37,71,124,2,234,44,0,44,278
08/20/2004,CID,IA,ACE,CE,Combined TRACON& Tower with Radar,36,75,40,0,151,0,1,65,0,66,36,76,105,0,217,88,0,88,305
08/21/2004,CID,IA,ACE,CE,Combined TRACON& Tower with Radar,35,49,18,2,104,0,1,87,0,88,35,50,105,2,192,24,0,24,216
08/22/2004,CID,IA,ACE,CE,Combined TRACON& Tower with Radar,31,47,16,0,94,0,0,45,0,45,31,47,61,0,139,10,0,10,149
08/23/2004,CID,IA,ACE,CE,Combined TRACON& Tower with Radar,23,64,30,0,117,0,2,34,0,36,23,66,64,0,153,34,0,34,187
08/24/2004,CID,IA,ACE,CE,Combined TRACON& Tower with Radar,33,72,60,0,165,0,5,13,0,18,33,77,73,0,183,12,0,12,195
08/25/2004,CID,IA,ACE,CE,Combined TRACON& Tower with Radar,30,57,37,0,124,0,0,24,0,24,30,57,61,0,148,16,0,16,164
08/26/2004,CID,IA,ACE,CE,Combined TRACON& Tower with Radar,38,74,69,1,182,0,0,16,0,16,38,74,85,1,198,6,0,6,204
08/27/2004,CID,IA,ACE,CE,Combined TRACON& Tower with Radar,31,65,60,0,156,0,0,24,0,24,31,65,84,0,180,20,0,20,200
08/28/2004,CID,IA,ACE,CE,Combined TRACON& Tower with Radar,37,49,22,0,108,0,0,6,0,6,37,49,28,0,114,0,0,0,114
08/29/2004,CID,IA,ACE,CE,Combined TRACON& Tower with Radar,30,52,22,0,104,0,2,94,0,96,30,54,116,0,200,38,0,38,238
08/30/2004,CID,IA,ACE,CE,Combined TRACON& Tower with Radar,29,62,37,0,128,0,4,55,0,59,29,66,92,0,187,46,0,46,233
08/31/2004,CID,IA,ACE,CE,Combined TRACON& Tower with Radar,34,69,42,0,145,0,2,58,0,60,34,71,100,0,205,42,0,42,247
09/01/2004,CID,IA,ACE,CE,Combined TRACON& Tower with Radar,30,68,49,2,149,0,0,60,0,60,30,68,109,2,209,42,0,42,251
09/02/2004,CID,IA,ACE,CE,Combined TRACON& Tower with Radar,41,67,47,0,155,0,0,77,0,77,41,67,124,0,232,16,0,16,248
09/03/2004,CID,IA,ACE,CE,Combined TRACON& Tower with Radar,35,66,51,2,154,0,1,26,0,27,35,67,77,2,181,2,0,2,183
09/04/2004,CID,IA,ACE,CE,Combined TRACON& Tower with Radar,40,31,18,4,93,0,0,47,0,47,40,31,65,4,140,64,0,64,204
09/05/2004,CID,IA,ACE,CE,Combined TRACON& Tower with Radar,21,34,9,0,64,0,2,15,0,17,21,36,24,0,81,26,0,26,107
09/06/2004,CID,IA,ACE,CE,Combined TRACON& Tower with Radar,25,52,18,0,95,0,1,25,0,26,25,53,43,0,121,16,0,16,137
09/07/2004,CID,IA,ACE,CE,Combined TRACON& Tower with Radar,28,66,46,0,140,0,1,37,0,38,28,67,83,0,178,6,0,6,184
09/08/2004,CID,IA,ACE,CE,Combined TRACON& Tower with Radar,32,69,33,0,134,0,3,59,0,62,32,72,92,0,196,12,0,12,208
09/09/2004,CID,IA,ACE,CE,Combined TRACON& Tower with Radar,38,64,31,0,133,0,0,73,0,73,38,64,104,0,206,46,0,46,252
09/10/2004,CID,IA,ACE,CE,Combined TRACON& Tower with Radar,38,61,43,0,142,0,0,63,0,63,38,61,106,0,205,24,0,24,229
09/11/2004,CID,IA,ACE,CE,Combined TRACON& Tower with Radar,38,43,25,0,106,0,4,64,0,68,38,47,89,0,174,42,0,42,216
09/12/2004,CID,IA,ACE,CE,Combined TRACON& Tower with Radar,22,56,19,0,97,0,0,66,0,66,22,56,85,0,163,62,0,62,225
09/13/2004,CID,IA,ACE,CE,Combined TRACON& Tower with Radar,30,59,25,0,114,0,0,24,0,24,30,59,49,0,138,42,0,42,180
09/14/2004,CID,IA,ACE,CE,Combined TRACON& Tower with Radar,31,57,46,2,136,0,0,35,0,35,31,57,81,2,171,4,0,4,175
09/15/2004,CID,IA,ACE,CE,Combined TRACON& Tower with Radar,35,63,36,0,134,0,1,22,0,23,35,64,58,0,157,6,0,6,163
09/16/2004,CID,IA,ACE,CE,Combined TRACON& Tower with Radar,36,64,46,0,146,0,3,54,0,57,36,67,100,0,203,92,0,92,295
09/17/2004,CID,IA,ACE,CE,Combined TRACON& Tower with Radar,41,62,37,0,140,0,2,24,0,26,41,64,61,0,166,48,0,48,214
09/18/2004,CID,IA,ACE,CE,Combined TRACON& Tower with Radar,34,45,12,0,91,0,1,45,4,50,34,46,57,4,141,34,0,34,175
09/19/2004,CID,IA,ACE,CE,Combined TRACON& Tower with Radar,27,59,20,0,106,0,1,44,0,45,27,60,64,0,151,24,0,24,175
09/20/2004,CID,IA,ACE,CE,Combined TRACON& Tower with Radar,30,61,32,0,123,0,0,31,0,31,30,61,63,0,154,50,0,50,204
09/21/2004,CID,IA,ACE,CE,Combined TRACON& Tower with Radar,29,71,49,0,149,0,1,46,0,47,29,72,95,0,196,26,0,26,222
09/22/2004,CID,IA,ACE,CE,Combined TRACON& Tower with Radar,35,60,46,0,141,0,0,66,0,66,35,60,112,0,207,46,0,46,253
09/23/2004,CID,IA,ACE,CE,Combined TRACON& Tower with Radar,37,64,57,0,158,0,0,39,0,39,37,64,96,0,197,26,0,26,223
09/24/2004,CID,IA,ACE,CE,Combined TRACON& Tower with Radar,39,69,66,2,176,0,0,59,2,61,39,69,125,4,237,46,0,46,283
09/25/2004,CID,IA,ACE,CE,Combined TRACON& Tower with Radar,35,43,24,0,102,0,1,51,0,52,35,44,75,0,154,28,0,28,182
09/26/2004,CID,IA,ACE,CE,Combined TRACON& Tower with Radar,25,50,31,0,106,0,1,83,0,84,25,51,114,0,190,52,0,52,242
09/27/2004,CID,IA,ACE,CE,Combined TRACON& Tower with Radar,28,62,33,0,123,0,4,50,0,54,28,66,83,0,177,20,0,20,197
09/28/2004,CID,IA,ACE,CE,Combined TRACON& Tower with Radar,34,63,48,3,148,0,3,41,2,46,34,66,89,5,194,54,0,54,248
09/29/2004,CID,IA,ACE,CE,Combined TRACON& Tower with Radar,37,69,35,1,142,0,0,61,0,61,37,69,96,1,203,36,0,36,239
09/30/2004,CID,IA,ACE,CE,Combined TRACON& Tower with Radar,35,64,54,0,153,0,0,43,0,43,35,64,97,0,196,46,0,46,242
10/01/2004,CID,IA,ACE,CE,Combined TRACON& Tower with Radar,31,72,30,0,133,0,0,9,0,9,31,72,39,0,142,0,0,0,142
10/02/2004,CID,IA,ACE,CE,Combined TRACON& Tower with Radar,33,42,11,0,86,0,2,51,0,53,33,44,62,0,139,10,0,10,149
10/03/2004,CID,IA,ACE,CE,Combined TRACON& Tower with Radar,20,63,16,1,100,0,0,33,0,33,20,63,49,1,133,6,0,6,139
10/04/2004,CID,IA,ACE,CE,Combined TRACON& Tower with Radar,21,70,36,0,127,0,0,27,0,27,21,70,63,0,154,36,0,36,190
10/05/2004,CID,IA,ACE,CE,Combined TRACON& Tower with Radar,27,78,39,0,144,0,0,59,0,59,27,78,98,0,203,26,0,26,229
10/06/2004,CID,IA,ACE,CE,Combined TRACON& Tower with Radar,26,72,33,1,132,0,2,74,0,76,26,74,107,1,208,60,0,60,268
10/07/2004,CID,IA,ACE,CE,Combined TRACON& Tower with Radar,25,77,45,0,147,0,0,11,0,11,25,77,56,0,158,8,0,8,166
10/08/2004,CID,IA,ACE,CE,Combined TRACON& Tower with Radar,26,69,57,0,152,0,0,13,0,13,26,69,70,0,165,0,0,0,165
10/09/2004,CID,IA,ACE,CE,Combined TRACON& Tower with Radar,25,50,19,0,94,0,2,70,0,72,25,52,89,0,166,72,0,72,238
10/10/2004,CID,IA,ACE,CE,Combined TRACON& Tower with Radar,15,59,22,0,96,0,0,57,0,57,15,59,79,0,153,28,0,28,181
10/11/2004,CID,IA,ACE,CE,Combined TRACON& Tower with Radar,23,70,41,2,136,0,0,34,0,34,23,70,75,2,170,36,0,36,206
10/12/2004,CID,IA,ACE,CE,Combined TRACON& Tower with Radar,24,79,34,1,138,0,0,37,2,39,24,79,71,3,177,24,0,24,201
10/13/2004,CID,IA,ACE,CE,Combined TRACON& Tower with Radar,24,78,46,0,148,1,0,34,0,35,25,78,80,0,183,92,0,92,275
10/14/2004,CID,IA,ACE,CE,Combined TRACON& Tower with Radar,22,80,67,0,169,0,0,3,0,3,22,80,70,0,172,0,0,0,172
10/15/2004,CID,IA,ACE,CE,Combined TRACON& Tower with Radar,35,72,57,3,167,0,21,1,0,22,35,93,58,3,189,2,0,2,191
10/16/2004,CID,IA,ACE,CE,Combined TRACON& Tower with Radar,20,55,19,0,94,0,0,10,0,10,20,55,29,0,104,12,0,12,116
10/17/2004,CID,IA,ACE,CE,Combined TRACON& Tower with Radar,14,64,38,0,116,0,0,70,0,70,14,64,108,0,186,68,0,68,254
10/18/2004,CID,IA,ACE,CE,Combined TRACON& Tower with Radar,20,70,39,0,129,0,0,12,0,12,20,70,51,0,141,0,0,0,141
10/19/2004,CID,IA,ACE,CE,Combined TRACON& Tower with Radar,25,67,78,0,170,0,0,1,0,1,25,67,79,0,171,2,0,2,173
10/20/2004,CID,IA,ACE,CE,Combined TRACON& Tower with Radar,25,82,52,0,159,0,0,17,0,17,25,82,69,0,176,22,0,22,198
10/21/2004,CID,IA,ACE,CE,Combined TRACON& Tower with Radar,29,79,80,1,189,0,0,10,0,10,29,79,90,1,199,32,0,32,231
10/22/2004,CID,IA,ACE,CE,Combined TRACON& Tower with Radar,30,78,40,3,151,0,0,1,0,1,30,78,41,3,152,0,0,0,152
10/23/2004,CID,IA,ACE,CE,Combined TRACON& Tower with Radar,25,55,22,0,102,0,0,19,0,19,25,55,41,0,121,18,0,18,139
10/24/2004,CID,IA,ACE,CE,Combined TRACON& Tower with Radar,15,62,29,0,106,0,0,87,0,87,15,62,116,0,193,82,0,82,275
10/25/2004,CID,IA,ACE,CE,Combined TRACON& Tower with Radar,19,65,20,0,104,0,2,41,0,43,19,67,61,0,147,36,0,36,183
10/26/2004,CID,IA,ACE,CE,Combined TRACON& Tower with Radar,27,74,52,0,153,0,0,3,0,3,27,74,55,0,156,0,0,0,156
10/27/2004,CID,IA,ACE,CE,Combined TRACON& Tower with Radar,29,85,58,0,172,0,0,0,0,0,29,85,58,0,172,0,0,0,172
10/28/2004,CID,IA,ACE,CE,Combined TRACON& Tower with Radar,17,52,45,0,114,0,0,0,0,0,17,52,45,0,114,0,0,0,114
10/29/2004,CID,IA,ACE,CE,Combined TRACON& Tower with Radar,24,75,45,0,144,0,0,19,0,19,24,75,64,0,163,2,0,2,165
10/30/2004,CID,IA,ACE,CE,Combined TRACON& Tower with Radar,27,59,21,0,107,0,0,2,0,2,27,59,23,0,109,0,0,0,109
10/31/2004,CID,IA,ACE,CE,Combined TRACON& Tower with Radar,17,60,31,0,108,0,1,51,0,52,17,61,82,0,160,28,0,28,188
11/01/2004,CID,IA,ACE,CE,Combined TRACON& Tower with Radar,15,72,33,0,120,0,0,1,0,1,15,72,34,0,121,0,0,0,121
11/02/2004,CID,IA,ACE,CE,Combined TRACON& Tower with Radar,22,80,47,0,149,0,0,21,0,21,22,80,68,0,170,132,0,132,302
11/03/2004,CID,IA,ACE,CE,Combined TRACON& Tower with Radar,26,74,35,0,135,0,0,47,0,47,26,74,82,0,182,36,0,36,218
11/04/2004,CID,IA,ACE,CE,Combined TRACON& Tower with Radar,29,75,28,0,132,0,0,22,0,22,29,75,50,0,154,46,0,46,200
11/05/2004,CID,IA,ACE,CE,Combined TRACON& Tower with Radar,27,78,44,0,149,0,1,43,0,44,27,79,87,0,193,10,0,10,203
11/06/2004,CID,IA,ACE,CE,Combined TRACON& Tower with Radar,23,61,28,0,112,0,0,60,0,60,23,61,88,0,172,38,0,38,210
11/07/2004,CID,IA,ACE,CE,Combined TRACON& Tower with Radar,12,68,20,2,102,0,0,31,0,31,12,68,51,2,133,20,0,20,153
11/08/2004,CID,IA,ACE,CE,Combined TRACON& Tower with Radar,19,76,31,0,126,0,0,37,0,37,19,76,68,0,163,26,0,26,189
11/09/2004,CID,IA,ACE,CE,Combined TRACON& Tower with Radar,27,74,49,0,150,0,0,31,0,31,27,74,80,0,181,32,0,32,213
11/10/2004,CID,IA,ACE,CE,Combined TRACON& Tower with Radar,21,79,63,6,169,0,0,18,1,19,21,79,81,7,188,42,0,42,230
11/11/2004,CID,IA,ACE,CE,Combined TRACON& Tower with Radar,26,69,45,0,140,0,0,27,0,27,26,69,72,0,167,36,0,36,203
11/12/2004,CID,IA,ACE,CE,Combined TRACON& Tower with Radar,29,80,22,0,131,0,0,51,0,51,29,80,73,0,182,30,0,30,212
11/13/2004,CID,IA,ACE,CE,Combined TRACON& Tower with Radar,26,65,23,0,114,0,1,64,0,65,26,66,87,0,179,50,0,50,229
11/14/2004,CID,IA,ACE,CE,Combined TRACON& Tower with Radar,16,62,25,0,103,0,1,59,0,60,16,63,84,0,163,74,0,74,237
11/15/2004,CID,IA,ACE,CE,Combined TRACON& Tower with Radar,23,77,36,0,136,0,0,4,0,4,23,77,40,0,140,0,0,0,140
11/16/2004,CID,IA,ACE,CE,Combined TRACON& Tower with Radar,27,79,35,0,141,0,0,16,0,16,27,79,51,0,157,58,0,58,215
11/17/2004,CID,IA,ACE,CE,Combined TRACON& Tower with Radar,26,64,62,0,152,0,0,5,0,5,26,64,67,0,157,0,0,0,157
11/18/2004,CID,IA,ACE,CE,Combined TRACON& Tower with Radar,26,84,66,1,177,0,0,1,0,1,26,84,67,1,178,0,0,0,178
11/19/2004,CID,IA,ACE,CE,Combined TRACON& Tower with Radar,29,71,43,0,143,0,0,0,0,0,29,71,43,0,143,0,0,0,143
11/20/2004,CID,IA,ACE,CE,Combined TRACON& Tower with Radar,25,64,40,0,129,0,0,30,0,30,25,64,70,0,159,16,0,16,175
11/21/2004,CID,IA,ACE,CE,Combined TRACON& Tower with Radar,15,65,27,0,107,0,0,67,0,67,15,65,94,0,174,26,0,26,200
11/22/2004,CID,IA,ACE,CE,Combined TRACON& Tower with Radar,20,71,46,0,137,0,0,20,0,20,20,71,66,0,157,6,0,6,163
11/23/2004,CID,IA,ACE,CE,Combined TRACON& Tower with Radar,28,75,49,0,152,0,0,49,0,49,28,75,98,0,201,6,0,6,207
11/24/2004,CID,IA,ACE,CE,Combined TRACON& Tower with Radar,22,82,39,2,145,0,0,36,0,36,22,82,75,2,181,22,0,22,203
11/25/2004,CID,IA,ACE,CE,Combined TRACON& Tower with Radar,15,49,10,0,74,0,0,32,0,32,15,49,42,0,106,12,0,12,118
11/26/2004,CID,IA,ACE,CE,Combined TRACON& Tower with Radar,19,68,16,0,103,0,0,34,0,34,19,68,50,0,137,26,0,26,163
11/27/2004,CID,IA,ACE,CE,Combined TRACON& Tower with Radar,19,61,8,0,88,0,0,0,0,0,19,61,8,0,88,0,0,0,88
11/28/2004,CID,IA,ACE,CE,Combined TRACON& Tower with Radar,17,67,37,0,121,0,0,43,0,43,17,67,80,0,164,28,0,28,192
11/29/2004,CID,IA,ACE,CE,Combined TRACON& Tower with Radar,21,70,37,0,128,0,0,10,0,10,21,70,47,0,138,0,0,0,138
11/30/2004,CID,IA,ACE,CE,Combined TRACON& Tower with Radar,24,75,37,0,136,0,0,18,0,18,24,75,55,0,154,24,0,24,178
12/01/2004,CID,IA,ACE,CE,Combined TRACON& Tower with Radar,26,86,43,0,155,0,1,52,0,53,26,87,95,0,208,16,0,16,224
12/02/2004,CID,IA,ACE,CE,Combined TRACON& Tower with Radar,26,78,50,3,157,0,1,32,2,35,26,79,82,5,192,8,0,8,200
12/03/2004,CID,IA,ACE,CE,Combined TRACON& Tower with Radar,28,74,39,0,141,0,0,27,0,27,28,74,66,0,168,16,0,16,184
12/04/2004,CID,IA,ACE,CE,Combined TRACON& Tower with Radar,24,57,16,0,97,0,0,43,0,43,24,57,59,0,140,46,0,46,186
12/05/2004,CID,IA,ACE,CE,Combined TRACON& Tower with Radar,16,61,24,0,101,0,0,28,0,28,16,61,52,0,129,44,0,44,173
12/06/2004,CID,IA,ACE,CE,Combined TRACON& Tower with Radar,16,66,24,0,106,0,0,0,0,0,16,66,24,0,106,0,0,0,106
12/07/2004,CID,IA,ACE,CE,Combined TRACON& Tower with Radar,26,78,35,0,139,0,0,4,0,4,26,78,39,0,143,0,0,0,143
12/08/2004,CID,IA,ACE,CE,Combined TRACON& Tower with Radar,24,80,49,0,153,0,0,34,0,34,24,80,83,0,187,16,0,16,203
12/09/2004,CID,IA,ACE,CE,Combined TRACON& Tower with Radar,25,77,66,0,168,0,0,6,0,6,25,77,72,0,174,6,0,6,180
12/10/2004,CID,IA,ACE,CE,Combined TRACON& Tower with Radar,27,75,41,0,143,0,0,3,0,3,27,75,44,0,146,4,0,4,150
12/11/2004,CID,IA,ACE,CE,Combined TRACON& Tower with Radar,18,60,15,0,93,0,0,10,0,10,18,60,25,0,103,0,0,0,103
12/12/2004,CID,IA,ACE,CE,Combined TRACON& Tower with Radar,11,56,7,0,74,0,0,2,0,2,11,56,9,0,76,0,0,0,76
12/13/2004,CID,IA,ACE,CE,Combined TRACON& Tower with Radar,18,76,31,0,125,0,0,9,0,9,18,76,40,0,134,8,0,8,142
12/14/2004,CID,IA,ACE,CE,Combined TRACON& Tower with Radar,26,79,48,0,153,0,3,37,0,40,26,82,85,0,193,0,0,0,193
12/15/2004,CID,IA,ACE,CE,Combined TRACON& Tower with Radar,28,77,30,0,135,0,0,24,0,24,28,77,54,0,159,4,0,4,163
12/16/2004,CID,IA,ACE,CE,Combined TRACON& Tower with Radar,26,82,48,0,156,0,0,35,2,37,26,82,83,2,193,60,0,60,253
12/17/2004,CID,IA,ACE,CE,Combined TRACON& Tower with Radar,26,83,39,0,148,0,2,45,0,47,26,85,84,0,195,24,0,24,219
12/18/2004,CID,IA,ACE,CE,Combined TRACON& Tower with Radar,24,57,16,0,97,0,0,10,0,10,24,57,26,0,107,10,0,10,117
12/19/2004,CID,IA,ACE,CE,Combined TRACON& Tower with Radar,15,63,23,0,101,0,0,14,0,14,15,63,37,0,115,20,0,20,135
12/20/2004,CID,IA,ACE,CE,Combined TRACON& Tower with Radar,18,78,28,0,124,0,3,5,0,8,18,81,33,0,132,6,0,6,138
12/21/2004,CID,IA,ACE,CE,Combined TRACON& Tower with Radar,28,88,41,0,157,0,0,15,0,15,28,88,56,0,172,6,0,6,178
12/22/2004,CID,IA,ACE,CE,Combined TRACON& Tower with Radar,25,71,20,0,116,0,0,32,0,32,25,71,52,0,148,13,0,13,161
12/23/2004,CID,IA,ACE,CE,Combined TRACON& Tower with Radar,19,61,22,0,102,0,0,22,0,22,19,61,44,0,124,20,0,20,144
12/24/2004,CID,IA,ACE,CE,Combined TRACON& Tower with Radar,20,57,7,0,84,0,0,10,0,10,20,57,17,0,94,0,0,0,94
12/25/2004,CID,IA,ACE,CE,Combined TRACON& Tower with Radar,10,41,2,0,53,0,0,6,0,6,10,41,8,0,59,0,0,0,59
12/26/2004,CID,IA,ACE,CE,Combined TRACON& Tower with Radar,14,62,21,0,97,0,0,24,0,24,14,62,45,0,121,6,0,6,127
12/27/2004,CID,IA,ACE,CE,Combined TRACON& Tower with Radar,21,81,9,0,111,0,0,21,0,21,21,81,30,0,132,14,0,14,146
12/28/2004,CID,IA,ACE,CE,Combined TRACON& Tower with Radar,27,78,23,0,128,0,2,31,0,33,27,80,54,0,161,22,0,22,183
12/29/2004,CID,IA,ACE,CE,Combined TRACON& Tower with Radar,43,63,23,0,129,0,0,7,0,7,43,63,30,0,136,8,0,8,144
12/30/2004,CID,IA,ACE,CE,Combined TRACON& Tower with Radar,30,73,18,0,121,0,0,9,0,9,30,73,27,0,130,2,0,2,132
12/31/2004,CID,IA,ACE,CE,Combined TRACON& Tower with Radar,16,76,14,0,106,0,2,47,0,49,16,78,61,0,155,52,0,52,207
01/01/2005,CID,IA,ACE,CE,Combined TRACON& Tower with Radar,9,37,3,0,49,0,0,0,0,0,9,37,3,0,49,6,0,6,55
01/02/2005,CID,IA,ACE,CE,Combined TRACON& Tower with Radar,33,71,20,0,124,0,1,12,0,13,33,72,32,0,137,22,0,22,159
01/03/2005,CID,IA,ACE,CE,Combined TRACON& Tower with Radar,14,68,10,0,92,0,0,0,0,0,14,68,10,0,92,0,0,0,92
01/04/2005,CID,IA,ACE,CE,Combined TRACON& Tower with Radar,25,66,24,0,115,0,0,0,0,0,25,66,24,0,115,0,0,0,115
01/05/2005,CID,IA,ACE,CE,Combined TRACON& Tower with Radar,19,56,16,0,91,0,0,0,0,0,19,56,16,0,91,0,0,0,91
01/06/2005,CID,IA,ACE,CE,Combined TRACON& Tower with Radar,28,75,28,0,131,0,0,19,0,19,28,75,47,0,150,0,0,0,150
01/07/2005,CID,IA,ACE,CE,Combined TRACON& Tower with Radar,33,76,30,0,139,0,0,6,0,6,33,76,36,0,145,0,0,0,145
01/08/2005,CID,IA,ACE,CE,Combined TRACON& Tower with Radar,23,59,16,0,98,0,0,4,0,4,23,59,20,0,102,2,0,2,104
01/09/2005,CID,IA,ACE,CE,Combined TRACON& Tower with Radar,19,57,6,1,83,0,0,0,0,0,19,57,6,1,83,0,0,0,83
01/10/2005,CID,IA,ACE,CE,Combined TRACON& Tower with Radar,19,79,22,0,120,0,0,3,0,3,19,79,25,0,123,0,0,0,123
01/11/2005,CID,IA,ACE,CE,Combined TRACON& Tower with Radar,29,64,26,0,119,0,0,0,0,0,29,64,26,0,119,0,0,0,119
01/12/2005,CID,IA,ACE,CE,Combined TRACON& Tower with Radar,29,52,22,0,103,0,0,0,0,0,29,52,22,0,103,0,0,0,103
01/13/2005,CID,IA,ACE,CE,Combined TRACON& Tower with Radar,33,72,45,0,150,0,2,4,0,6,33,74,49,0,156,2,0,2,158
01/14/2005,CID,IA,ACE,CE,Combined TRACON& Tower with Radar,32,77,38,0,147,0,0,25,0,25,32,77,63,0,172,10,0,10,182
01/15/2005,CID,IA,ACE,CE,Combined TRACON& Tower with Radar,17,69,19,0,105,0,1,23,0,24,17,70,42,0,129,14,0,14,143
01/16/2005,CID,IA,ACE,CE,Combined TRACON& Tower with Radar,18,55,14,6,93,0,0,19,3,22,18,55,33,9,115,6,0,6,121
01/17/2005,CID,IA,ACE,CE,Combined TRACON& Tower with Radar,21,71,29,0,121,0,0,16,0,16,21,71,45,0,137,0,0,0,137
01/18/2005,CID,IA,ACE,CE,Combined TRACON& Tower with Radar,28,79,24,0,131,0,0,14,0,14,28,79,38,0,145,18,0,18,163
01/19/2005,CID,IA,ACE,CE,Combined TRACON& Tower with Radar,27,80,25,3,135,0,0,8,3,11,27,80,33,6,146,0,0,0,146
01/20/2005,CID,IA,ACE,CE,Combined TRACON& Tower with Radar,29,74,39,0,142,0,1,1,0,2,29,75,40,0,144,0,0,0,144
01/21/2005,CID,IA,ACE,CE,Combined TRACON& Tower with Radar,35,64,41,0,140,0,0,12,0,12,35,64,53,0,152,6,0,6,158
01/22/2005,CID,IA,ACE,CE,Combined TRACON& Tower with Radar,18,20,6,0,44,0,0,1,0,1,18,20,7,0,45,0,0,0,45
01/23/2005,CID,IA,ACE,CE,Combined TRACON& Tower with Radar,21,57,11,0,89,0,0,14,0,14,21,57,25,0,103,10,0,10,113
01/24/2005,CID,IA,ACE,CE,Combined TRACON& Tower with Radar,18,77,38,0,133,0,0,32,0,32,18,77,70,0,165,30,0,30,195
01/25/2005,CID,IA,ACE,CE,Combined TRACON& Tower with Radar,32,82,46,0,160,0,0,27,0,27,32,82,73,0,187,18,0,18,205
01/26/2005,CID,IA,ACE,CE,Combined TRACON& Tower with Radar,29,78,36,2,145,0,0,2,0,2,29,78,38,2,147,0,0,0,147
01/27/2005,CID,IA,ACE,CE,Combined TRACON& Tower with Radar,26,82,45,1,154,0,1,43,0,44,26,83,88,1,198,20,0,20,218
01/28/2005,CID,IA,ACE,CE,Combined TRACON& Tower with Radar,24,82,25,0,131,0,0,35,0,35,24,82,60,0,166,24,0,24,190
01/29/2005,CID,IA,ACE,CE,Combined TRACON& Tower with Radar,24,60,20,1,105,0,0,11,0,11,24,60,31,1,116,22,0,22,138
01/30/2005,CID,IA,ACE,CE,Combined TRACON& Tower with Radar,18,59,22,1,100,0,0,2,0,2,18,59,24,1,102,14,0,14,116
01/31/2005,CID,IA,ACE,CE,Combined TRACON& Tower with Radar,19,76,32,0,127,0,0,0,0,0,19,76,32,0,127,0,0,0,127
02/01/2005,CID,IA,ACE,CE,Combined TRACON& Tower with Radar,25,78,28,0,131,0,0,8,0,8,25,78,36,0,139,8,0,8,147
02/02/2005,CID,IA,ACE,CE,Combined TRACON& Tower with Radar,28,74,45,0,147,0,0,13,0,13,28,74,58,0,160,0,0,0,160
02/03/2005,CID,IA,ACE,CE,Combined TRACON& Tower with Radar,28,74,62,0,164,0,2,39,0,41,28,76,101,0,205,56,0,56,261
02/04/2005,CID,IA,ACE,CE,Combined TRACON& Tower with Radar,29,81,42,1,153,0,2,56,1,59,29,83,98,2,212,48,0,48,260
02/05/2005,CID,IA,ACE,CE,Combined TRACON& Tower with Radar,19,63,31,0,113,0,2,66,0,68,19,65,97,0,181,80,0,80,261
02/06/2005,CID,IA,ACE,CE,Combined TRACON& Tower with Radar,18,59,20,0,97,0,0,6,0,6,18,59,26,0,103,0,0,0,103
02/07/2005,CID,IA,ACE,CE,Combined TRACON& Tower with Radar,18,73,21,0,112,0,0,4,0,4,18,73,25,0,116,14,0,14,130
02/08/2005,CID,IA,ACE,CE,Combined TRACON& Tower with Radar,29,83,41,1,154,0,0,3,0,3,29,83,44,1,157,0,0,0,157
02/09/2005,CID,IA,ACE,CE,Combined TRACON& Tower with Radar,29,82,42,1,154,0,0,4,0,4,29,82,46,1,158,0,0,0,158
02/10/2005,CID,IA,ACE,CE,Combined TRACON& Tower with Radar,26,82,55,1,164,0,0,41,1,42,26,82,96,2,206,10,0,10,216
02/11/2005,CID,IA,ACE,CE,Combined TRACON& Tower with Radar,27,79,33,0,139,0,0,49,0,49,27,79,82,0,188,40,0,40,228
02/12/2005,CID,IA,ACE,CE,Combined TRACON& Tower with Radar,20,69,27,0,116,0,1,75,0,76,20,70,102,0,192,82,0,82,274
02/13/2005,CID,IA,ACE,CE,Combined TRACON& Tower with Radar,18,58,14,0,90,0,0,0,0,0,18,58,14,0,90,0,0,0,90
02/14/2005,CID,IA,ACE,CE,Combined TRACON& Tower with Radar,21,73,35,0,129,0,0,8,0,8,21,73,43,0,137,0,0,0,137
02/15/2005,CID,IA,ACE,CE,Combined TRACON& Tower with Radar,26,84,50,0,160,0,0,18,0,18,26,84,68,0,178,12,0,12,190
02/16/2005,CID,IA,ACE,CE,Combined TRACON& Tower with Radar,31,79,41,0,151,0,0,22,0,22,31,79,63,0,173,32,0,32,205
02/17/2005,CID,IA,ACE,CE,Combined TRACON& Tower with Radar,32,77,54,0,163,0,0,39,0,39,32,77,93,0,202,52,0,52,254
02/18/2005,CID,IA,ACE,CE,Combined TRACON& Tower with Radar,32,78,42,0,152,0,0,43,0,43,32,78,85,0,195,18,0,18,213
02/19/2005,CID,IA,ACE,CE,Combined TRACON& Tower with Radar,28,62,24,0,114,0,0,40,0,40,28,62,64,0,154,92,0,92,246
02/20/2005,CID,IA,ACE,CE,Combined TRACON& Tower with Radar,14,56,15,0,85,0,0,0,0,0,14,56,15,0,85,0,0,0,85
02/21/2005,CID,IA,ACE,CE,Combined TRACON& Tower with Radar,22,73,48,0,143,0,0,19,0,19,22,73,67,0,162,52,0,52,214
02/22/2005,CID,IA,ACE,CE,Combined TRACON& Tower with Radar,26,79,55,0,160,0,0,16,0,16,26,79,71,0,176,4,0,4,180
02/23/2005,CID,IA,ACE,CE,Combined TRACON& Tower with Radar,27,76,38,0,141,0,0,39,0,39,27,76,77,0,180,36,0,36,216
02/24/2005,CID,IA,ACE,CE,Combined TRACON& Tower with Radar,31,76,32,2,141,0,0,24,0,24,31,76,56,2,165,32,0,32,197
02/25/2005,CID,IA,ACE,CE,Combined TRACON& Tower with Radar,31,79,31,0,141,0,0,42,0,42,31,79,73,0,183,6,0,6,189
02/26/2005,CID,IA,ACE,CE,Combined TRACON& Tower with Radar,28,62,37,0,127,0,0,51,1,52,28,62,88,1,179,62,0,62,241
02/27/2005,CID,IA,ACE,CE,Combined TRACON& Tower with Radar,17,64,21,0,102,0,0,10,1,11,17,64,31,1,113,0,0,0,113
02/28/2005,CID,IA,ACE,CE,Combined TRACON& Tower with Radar,19,69,30,0,118,0,0,0,0,0,19,69,30,0,118,0,0,0,118
03/01/2005,CID,IA,ACE,CE,Combined TRACON& Tower with Radar,29,76,36,0,141,0,4,20,2,26,29,80,56,2,167,2,0,2,169
03/02/2005,CID,IA,ACE,CE,Combined TRACON& Tower with Radar,28,79,35,0,142,0,0,66,0,66,28,79,101,0,208,44,0,44,252
03/03/2005,CID,IA,ACE,CE,Combined TRACON& Tower with Radar,37,71,29,0,137,0,2,44,0,46,37,73,73,0,183,32,0,32,215
03/04/2005,CID,IA,ACE,CE,Combined TRACON& Tower with Radar,31,87,41,4,163,0,0,22,1,23,31,87,63,5,186,16,0,16,202
03/05/2005,CID,IA,ACE,CE,Combined TRACON& Tower with Radar,23,70,27,0,120,0,1,27,0,28,23,71,54,0,148,58,0,58,206
03/06/2005,CID,IA,ACE,CE,Combined TRACON& Tower with Radar,16,57,20,0,93,0,0,35,0,35,16,57,55,0,128,20,0,20,148
03/07/2005,CID,IA,ACE,CE,Combined TRACON& Tower with Radar,20,73,21,0,114,0,0,11,0,11,20,73,32,0,125,8,0,8,133
03/08/2005,CID,IA,ACE,CE,Combined TRACON& Tower with Radar,31,81,45,0,157,0,0,30,0,30,31,81,75,0,187,24,0,24,211
03/09/2005,CID,IA,ACE,CE,Combined TRACON& Tower with Radar,32,79,35,0,146,0,0,45,0,45,32,79,80,0,191,32,0,32,223
03/10/2005,CID,IA,ACE,CE,Combined TRACON& Tower with Radar,21,70,39,0,130,0,0,5,0,5,21,70,44,0,135,4,0,4,139
03/11/2005,CID,IA,ACE,CE,Combined TRACON& Tower with Radar,29,79,52,0,160,0,0,14,0,14,29,79,66,0,174,2,0,2,176
03/12/2005,CID,IA,ACE,CE,Combined TRACON& Tower with Radar,25,63,11,0,99,0,0,10,0,10,25,63,21,0,109,50,0,50,159
03/13/2005,CID,IA,ACE,CE,Combined TRACON& Tower with Radar,16,62,19,0,97,0,0,48,0,48,16,62,67,0,145,42,0,42,187
03/14/2005,CID,IA,ACE,CE,Combined TRACON& Tower with Radar,24,72,31,0,127,0,0,29,0,29,24,72,60,0,156,20,0,20,176
03/15/2005,CID,IA,ACE,CE,Combined TRACON& Tower with Radar,27,84,40,0,151,0,0,36,0,36,27,84,76,0,187,46,0,46,233
03/16/2005,CID,IA,ACE,CE,Combined TRACON& Tower with Radar,29,85,34,0,148,0,0,34,0,34,29,85,68,0,182,42,0,42,224
03/17/2005,CID,IA,ACE,CE,Combined TRACON& Tower with Radar,30,75,35,0,140,0,0,23,0,23,30,75,58,0,163,6,0,6,169
03/18/2005,CID,IA,ACE,CE,Combined TRACON& Tower with Radar,28,84,36,0,148,0,0,9,0,9,28,84,45,0,157,0,0,0,157
03/19/2005,CID,IA,ACE,CE,Combined TRACON& Tower with Radar,30,58,16,0,104,0,0,4,0,4,30,58,20,0,108,2,0,2,110
03/20/2005,CID,IA,ACE,CE,Combined TRACON& Tower with Radar,20,58,27,0,105,0,1,54,0,55,20,59,81,0,160,64,0,64,224
03/21/2005,CID,IA,ACE,CE,Combined TRACON& Tower with Radar,24,74,41,0,139,0,0,23,0,23,24,74,64,0,162,8,0,8,170
03/22/2005,CID,IA,ACE,CE,Combined TRACON& Tower with Radar,28,85,33,0,146,0,0,8,0,8,28,85,41,0,154,0,0,0,154
03/23/2005,CID,IA,ACE,CE,Combined TRACON& Tower with Radar,31,78,36,0,145,0,0,38,0,38,31,78,74,0,183,26,0,26,209
03/24/2005,CID,IA,ACE,CE,Combined TRACON& Tower with Radar,33,80,59,0,172,0,0,4,0,4,33,80,63,0,176,0,0,0,176
03/25/2005,CID,IA,ACE,CE,Combined TRACON& Tower with Radar,29,80,26,0,135,0,0,3,0,3,29,80,29,0,138,0,0,0,138
03/26/2005,CID,IA,ACE,CE,Combined TRACON& Tower with Radar,24,62,33,0,119,0,0,38,0,38,24,62,71,0,157,38,0,38,195
03/27/2005,CID,IA,ACE,CE,Combined TRACON& Tower with Radar,14,66,19,1,100,0,1,41,1,43,14,67,60,2,143,34,0,34,177
03/28/2005,CID,IA,ACE,CE,Combined TRACON& Tower with Radar,21,82,46,0,149,0,3,40,0,43,21,85,86,0,192,10,0,10,202
03/29/2005,CID,IA,ACE,CE,Combined TRACON& Tower with Radar,28,78,43,1,150,0,0,25,0,25,28,78,68,1,175,0,0,0,175
03/30/2005,CID,IA,ACE,CE,Combined TRACON& Tower with Radar,24,63,28,4,119,0,0,16,0,16,24,63,44,4,135,6,0,6,141
03/31/2005,CID,IA,ACE,CE,Combined TRACON& Tower with Radar,27,76,40,1,144,0,0,25,1,26,27,76,65,2,170,22,0,22,192
04/01/2005,CID,IA,ACE,CE,Combined TRACON& Tower with Radar,29,77,33,0,139,0,0,45,0,45,29,77,78,0,184,8,0,8,192
04/02/2005,CID,IA,ACE,CE,Combined TRACON& Tower with Radar,28,50,19,0,97,0,3,66,0,69,28,53,85,0,166,90,0,90,256
04/03/2005,CID,IA,ACE,CE,Combined TRACON& Tower with Radar,13,67,27,0,107,0,4,64,0,68,13,71,91,0,175,34,0,34,209
04/04/2005,CID,IA,ACE,CE,Combined TRACON& Tower with Radar,16,78,26,1,121,0,0,25,1,26,16,78,51,2,147,12,0,12,159
04/05/2005,CID,IA,ACE,CE,Combined TRACON& Tower with Radar,27,74,50,0,151,0,0,35,0,35,27,74,85,0,186,26,0,26,212
04/06/2005,CID,IA,ACE,CE,Combined TRACON& Tower with Radar,21,75,35,0,131,0,0,13,0,13,21,75,48,0,144,0,0,0,144
04/07/2005,CID,IA,ACE,CE,Combined TRACON& Tower with Radar,26,74,40,0,140,0,0,34,0,34,26,74,74,0,174,56,0,56,230
04/08/2005,CID,IA,ACE,CE,Combined TRACON& Tower with Radar,26,82,39,0,147,0,0,56,0,56,26,82,95,0,203,6,0,6,209
04/09/2005,CID,IA,ACE,CE,Combined TRACON& Tower with Radar,26,62,15,0,103,0,0,37,0,37,26,62,52,0,140,24,0,24,164
04/10/2005,CID,IA,ACE,CE,Combined TRACON& Tower with Radar,13,60,16,0,89,0,2,23,0,25,13,62,39,0,114,22,0,22,136
04/11/2005,CID,IA,ACE,CE,Combined TRACON& Tower with Radar,24,79,27,1,131,1,0,10,1,12,25,79,37,2,143,6,0,6,149
04/12/2005,CID,IA,ACE,CE,Combined TRACON& Tower with Radar,19,83,28,0,130,0,0,4,0,4,19,83,32,0,134,8,0,8,142
04/13/2005,CID,IA,ACE,CE,Combined TRACON& Tower with Radar,22,83,43,1,149,0,0,44,1,45,22,83,87,2,194,14,0,14,208
04/14/2005,CID,IA,ACE,CE,Combined TRACON& Tower with Radar,23,82,45,0,150,0,0,60,3,63,23,82,105,3,213,46,0,46,259
04/15/2005,CID,IA,ACE,CE,Combined TRACON& Tower with Radar,26,84,38,0,148,0,0,56,0,56,26,84,94,0,204,24,0,24,228
04/16/2005,CID,IA,ACE,CE,Combined TRACON& Tower with Radar,24,59,24,0,107,0,1,39,0,40,24,60,63,0,147,50,0,50,197
04/17/2005,CID,IA,ACE,CE,Combined TRACON& Tower with Radar,15,61,33,0,109,0,0,45,0,45,15,61,78,0,154,24,0,24,178
04/18/2005,CID,IA,ACE,CE,Combined TRACON& Tower with Radar,16,86,40,5,147,0,0,33,1,34,16,86,73,6,181,0,0,0,181
04/19/2005,CID,IA,ACE,CE,Combined TRACON& Tower with Radar,18,77,56,6,157,0,0,5,0,5,18,77,61,6,162,24,0,24,186
04/20/2005,CID,IA,ACE,CE,Combined TRACON& Tower with Radar,21,79,47,4,151,0,0,23,0,23,21,79,70,4,174,36,0,36,210
04/21/2005,CID,IA,ACE,CE,Combined TRACON& Tower with Radar,24,85,64,1,174,0,0,11,0,11,24,85,75,1,185,10,0,10,195
04/22/2005,CID,IA,ACE,CE,Combined TRACON& Tower with Radar,27,79,40,0,146,0,0,8,0,8,27,79,48,0,154,14,0,14,168
04/23/2005,CID,IA,ACE,CE,Combined TRACON& Tower with Radar,27,58,16,0,101,0,0,17,0,17,27,58,33,0,118,22,0,22,140
04/24/2005,CID,IA,ACE,CE,Combined TRACON& Tower with Radar,15,64,11,0,90,0,0,20,0,20,15,64,31,0,110,0,0,0,110
04/25/2005,CID,IA,ACE,CE,Combined TRACON& Tower with Radar,17,76,43,2,138,0,0,23,0,23,17,76,66,2,161,16,0,16,177
04/26/2005,CID,IA,ACE,CE,Combined TRACON& Tower with Radar,25,80,34,0,139,0,4,8,0,12,25,84,42,0,151,0,0,0,151
04/27/2005,CID,IA,ACE,CE,Combined TRACON& Tower with Radar,23,84,43,1,151,0,1,32,1,34,23,85,75,2,185,15,0,15,200
04/28/2005,CID,IA,ACE,CE,Combined TRACON& Tower with Radar,23,78,65,0,166,0,2,62,0,64,23,80,127,0,230,46,0,46,276
04/29/2005,CID,IA,ACE,CE,Combined TRACON& Tower with Radar,32,82,47,1,162,0,0,48,0,48,32,82,95,1,210,26,0,26,236
04/30/2005,CID,IA,ACE,CE,Combined TRACON& Tower with Radar,27,67,23,0,117,0,0,30,0,30,27,67,53,0,147,40,0,40,187
05/01/2005,CID,IA,ACE,CE,Combined TRACON& Tower with Radar,18,62,17,0,97,0,2,17,0,19,18,64,34,0,116,12,0,12,128
05/02/2005,CID,IA,ACE,CE,Combined TRACON& Tower with Radar,26,72,33,0,131,0,0,26,0,26,26,72,59,0,157,0,0,0,157
05/03/2005,CID,IA,ACE,CE,Combined TRACON& Tower with Radar,23,79,47,3,152,0,0,29,0,29,23,79,76,3,181,68,0,68,249
05/04/2005,CID,IA,ACE,CE,Combined TRACON& Tower with Radar,25,77,42,1,145,0,0,55,1,56,25,77,97,2,201,36,0,36,237
05/05/2005,CID,IA,ACE,CE,Combined TRACON& Tower with Radar,29,80,41,2,152,0,0,48,0,48,29,80,89,2,200,68,0,68,268
05/06/2005,CID,IA,ACE,CE,Combined TRACON& Tower with Radar,29,75,45,1,150,0,0,52,0,52,29,75,97,1,202,28,0,28,230
05/07/2005,CID,IA,ACE,CE,Combined TRACON& Tower with Radar,26,63,28,0,117,0,0,37,0,37,26,63,65,0,154,22,0,22,176
05/08/2005,CID,IA,ACE,CE,Combined TRACON& Tower with Radar,19,54,16,0,89,0,2,9,0,11,19,56,25,0,100,6,0,6,106
05/09/2005,CID,IA,ACE,CE,Combined TRACON& Tower with Radar,23,71,26,0,120,0,0,14,0,14,23,71,40,0,134,14,0,14,148
05/10/2005,CID,IA,ACE,CE,Combined TRACON& Tower with Radar,27,81,37,3,148,0,0,52,1,53,27,81,89,4,201,28,0,28,229
05/11/2005,CID,IA,ACE,CE,Combined TRACON& Tower with Radar,34,65,29,0,128,0,0,5,0,5,34,65,34,0,133,2,0,2,135
05/12/2005,CID,IA,ACE,CE,Combined TRACON& Tower with Radar,34,80,31,0,145,0,0,2,0,2,34,80,33,0,147,0,0,0,147
05/13/2005,CID,IA,ACE,CE,Combined TRACON& Tower with Radar,30,71,42,0,143,0,0,2,0,2,30,71,44,0,145,0,0,0,145
05/14/2005,CID,IA,ACE,CE,Combined TRACON& Tower with Radar,28,61,22,3,114,0,0,35,1,36,28,61,57,4,150,30,0,30,180
05/15/2005,CID,IA,ACE,CE,Combined TRACON& Tower with Radar,19,54,22,0,95,0,0,19,0,19,19,54,41,0,114,16,0,16,130
05/16/2005,CID,IA,ACE,CE,Combined TRACON& Tower with Radar,24,74,39,0,137,0,0,33,0,33,24,74,72,0,170,16,0,16,186
05/17/2005,CID,IA,ACE,CE,Combined TRACON& Tower with Radar,30,69,44,0,143,0,0,33,0,33,30,69,77,0,176,12,0,12,188
05/18/2005,CID,IA,ACE,CE,Combined TRACON& Tower with Radar,25,81,41,0,147,0,0,13,0,13,25,81,54,0,160,2,0,2,162
05/19/2005,CID,IA,ACE,CE,Combined TRACON& Tower with Radar,37,64,43,0,144,0,0,34,0,34,37,64,77,0,178,53,0,53,231
05/20/2005,CID,IA,ACE,CE,Combined TRACON& Tower with Radar,33,77,53,0,163,0,0,30,0,30,33,77,83,0,193,18,0,18,211
05/21/2005,CID,IA,ACE,CE,Combined TRACON& Tower with Radar,30,59,24,0,113,2,0,31,0,33,32,59,55,0,146,44,0,44,190
05/22/2005,CID,IA,ACE,CE,Combined TRACON& Tower with Radar,23,55,19,5,102,0,0,25,3,28,23,55,44,8,130,12,0,12,142
05/23/2005,CID,IA,ACE,CE,Combined TRACON& Tower with Radar,22,71,38,0,131,0,0,25,0,25,22,71,63,0,156,14,0,14,170
05/24/2005,CID,IA,ACE,CE,Combined TRACON& Tower with Radar,31,75,52,3,161,0,2,85,1,88,31,77,137,4,249,46,0,46,295
05/25/2005,CID,IA,ACE,CE,Combined TRACON& Tower with Radar,27,80,35,0,142,0,0,41,0,41,27,80,76,0,183,71,0,71,254
05/26/2005,CID,IA,ACE,CE,Combined TRACON& Tower with Radar,30,73,64,1,168,0,0,39,0,39,30,73,103,1,207,10,0,10,217
05/27/2005,CID,IA,ACE,CE,Combined TRACON& Tower with Radar,34,75,50,1,160,0,0,28,0,28,34,75,78,1,188,6,0,6,194
05/28/2005,CID,IA,ACE,CE,Combined TRACON& Tower with Radar,25,59,16,0,100,0,1,58,0,59,25,60,74,0,159,30,0,30,189
05/29/2005,CID,IA,ACE,CE,Combined TRACON& Tower with Radar,16,41,28,0,85,0,0,20,0,20,16,41,48,0,105,0,0,0,105
05/30/2005,CID,IA,ACE,CE,Combined TRACON& Tower with Radar,21,63,25,0,109,0,1,59,0,60,21,64,84,0,169,46,0,46,215
05/31/2005,CID,IA,ACE,CE,Combined TRACON& Tower with Radar,24,74,43,0,141,0,0,45,0,45,24,74,88,0,186,32,0,32,218
06/01/2005,CID,IA,ACE,CE,Combined TRACON& Tower with Radar,31,71,46,0,148,0,0,27,0,27,31,71,73,0,175,28,0,28,203
06/02/2005,CID,IA,ACE,CE,Combined TRACON& Tower with Radar,28,79,44,0,151,0,0,58,0,58,28,79,102,0,209,42,0,42,251
06/03/2005,CID,IA,ACE,CE,Combined TRACON& Tower with Radar,33,71,42,0,146,0,0,20,0,20,33,71,62,0,166,14,0,14,180
06/04/2005,CID,IA,ACE,CE,Combined TRACON& Tower with Radar,29,62,14,0,105,0,0,3,0,3,29,62,17,0,108,2,0,2,110
06/05/2005,CID,IA,ACE,CE,Combined TRACON& Tower with Radar,19,54,26,0,99,0,0,17,0,17,19,54,43,0,116,0,0,0,116
06/06/2005,CID,IA,ACE,CE,Combined TRACON& Tower with Radar,23,73,36,0,132,0,0,39,2,41,23,73,75,2,173,30,0,30,203
06/07/2005,CID,IA,ACE,CE,Combined TRACON& Tower with Radar,27,74,33,0,134,0,0,45,0,45,27,74,78,0,179,46,0,46,225
06/08/2005,CID,IA,ACE,CE,Combined TRACON& Tower with Radar,25,72,22,4,123,0,0,15,0,15,25,72,37,4,138,10,0,10,148
06/09/2005,CID,IA,ACE,CE,Combined TRACON& Tower with Radar,22,72,45,0,139,0,0,50,0,50,22,72,95,0,189,50,0,50,239
06/10/2005,CID,IA,ACE,CE,Combined TRACON& Tower with Radar,26,70,40,2,138,0,0,39,0,39,26,70,79,2,177,2,0,2,179
06/11/2005,CID,IA,ACE,CE,Combined TRACON& Tower with Radar,21,61,21,0,103,0,0,30,0,30,21,61,51,0,133,10,0,10,143
06/12/2005,CID,IA,ACE,CE,Combined TRACON& Tower with Radar,17,58,46,0,121,0,0,33,0,33,17,58,79,0,154,58,0,58,212
06/13/2005,CID,IA,ACE,CE,Combined TRACON& Tower with Radar,18,82,24,2,126,0,0,13,0,13,18,82,37,2,139,0,0,0,139
06/14/2005,CID,IA,ACE,CE,Combined TRACON& Tower with Radar,26,72,35,0,133,0,0,8,0,8,26,72,43,0,141,6,0,6,147
06/15/2005,CID,IA,ACE,CE,Combined TRACON& Tower with Radar,25,73,52,0,150,0,0,34,0,34,25,73,86,0,184,96,0,96,280
06/16/2005,CID,IA,ACE,CE,Combined TRACON& Tower with Radar,29,78,62,0,169,0,0,92,0,92,29,78,154,0,261,96,0,96,357
06/17/2005,CID,IA,ACE,CE,Combined TRACON& Tower with Radar,25,73,36,0,134,0,0,62,0,62,25,73,98,0,196,14,0,14,210
06/18/2005,CID,IA,ACE,CE,Combined TRACON& Tower with Radar,25,63,20,0,108,0,0,68,0,68,25,63,88,0,176,76,0,76,252
06/19/2005,CID,IA,ACE,CE,Combined TRACON& Tower with Radar,20,61,23,0,104,0,0,71,0,71,20,61,94,0,175,18,0,18,193
06/20/2005,CID,IA,ACE,CE,Combined TRACON& Tower with Radar,21,72,34,0,127,0,0,57,4,61,21,72,91,4,188,16,0,16,204
06/21/2005,CID,IA,ACE,CE,Combined TRACON& Tower with Radar,27,75,54,0,156,0,2,66,1,69,27,77,120,1,225,10,0,10,235
06/22/2005,CID,IA,ACE,CE,Combined TRACON& Tower with Radar,29,70,31,2,132,0,1,42,0,43,29,71,73,2,175,38,0,38,213
06/23/2005,CID,IA,ACE,CE,Combined TRACON& Tower with Radar,22,80,42,0,144,0,1,47,0,48,22,81,89,0,192,24,0,24,216
06/24/2005,CID,IA,ACE,CE,Combined TRACON& Tower with Radar,30,80,43,2,155,0,0,0,0,0,30,80,43,2,155,4,0,4,159
06/25/2005,CID,IA,ACE,CE,Combined TRACON& Tower with Radar,18,56,18,0,92,0,2,28,0,30,18,58,46,0,122,44,0,44,166
06/26/2005,CID,IA,ACE,CE,Combined TRACON& Tower with Radar,19,60,29,2,110,0,1,37,0,38,19,61,66,2,148,20,0,20,168
06/27/2005,CID,IA,ACE,CE,Combined TRACON& Tower with Radar,18,73,38,2,131,0,1,23,0,24,18,74,61,2,155,24,0,24,179
06/28/2005,CID,IA,ACE,CE,Combined TRACON& Tower with Radar,26,73,45,0,144,0,4,32,0,36,26,77,77,0,180,60,0,60,240
06/29/2005,CID,IA,ACE,CE,Combined TRACON& Tower with Radar,28,76,36,0,140,0,0,28,0,28,28,76,64,0,168,52,0,52,220
06/30/2005,CID,IA,ACE,CE,Combined TRACON& Tower with Radar,25,65,42,0,132,0,2,60,0,62,25,67,102,0,194,14,0,14,208
07/01/2005,CID,IA,ACE,CE,Combined TRACON& Tower with Radar,34,90,43,0,167,0,1,75,0,76,34,91,118,0,243,28,0,28,271
07/02/2005,CID,IA,ACE,CE,Combined TRACON& Tower with Radar,24,58,37,0,119,0,2,66,0,68,24,60,103,0,187,74,0,74,261
07/03/2005,CID,IA,ACE,CE,Combined TRACON& Tower with Radar,16,50,9,0,75,0,0,40,0,40,16,50,49,0,115,10,0,10,125
07/04/2005,CID,IA,ACE,CE,Combined TRACON& Tower with Radar,16,53,16,0,85,0,0,23,0,23,16,53,39,0,108,12,0,12,120
07/05/2005,CID,IA,ACE,CE,Combined TRACON& Tower with Radar,18,76,42,0,136,0,1,40,0,41,18,77,82,0,177,43,0,43,220
07/06/2005,CID,IA,ACE,CE,Combined TRACON& Tower with Radar,23,79,41,0,143,0,0,60,0,60,23,79,101,0,203,19,0,19,222
07/07/2005,CID,IA,ACE,CE,Combined TRACON& Tower with Radar,28,80,62,0,170,0,0,40,0,40,28,80,102,0,210,64,0,64,274
07/08/2005,CID,IA,ACE,CE,Combined TRACON& Tower with Radar,28,74,52,0,154,0,1,43,0,44,28,75,95,0,198,0,0,0,198
07/09/2005,CID,IA,ACE,CE,Combined TRACON& Tower with Radar,23,60,22,0,105,0,5,45,0,50,23,65,67,0,155,8,0,8,163
07/10/2005,CID,IA,ACE,CE,Combined TRACON& Tower with Radar,18,59,22,0,99,0,0,36,0,36,18,59,58,0,135,22,0,22,157
07/11/2005,CID,IA,ACE,CE,Combined TRACON& Tower with Radar,16,77,37,1,131,0,1,40,0,41,16,78,77,1,172,12,0,12,184
07/12/2005,CID,IA,ACE,CE,Combined TRACON& Tower with Radar,25,83,49,0,157,0,2,28,0,30,25,85,77,0,187,18,0,18,205
07/13/2005,CID,IA,ACE,CE,Combined TRACON& Tower with Radar,22,81,51,0,154,0,0,43,0,43,22,81,94,0,197,36,0,36,233
07/14/2005,CID,IA,ACE,CE,Combined TRACON& Tower with Radar,27,77,37,9,150,0,0,40,0,40,27,77,77,9,190,46,0,46,236
07/15/2005,CID,IA,ACE,CE,Combined TRACON& Tower with Radar,29,71,49,0,149,0,0,48,0,48,29,71,97,0,197,30,0,30,227
07/16/2005,CID,IA,ACE,CE,Combined TRACON& Tower with Radar,18,60,23,0,101,0,0,56,0,56,18,60,79,0,157,54,0,54,211
07/17/2005,CID,IA,ACE,CE,Combined TRACON& Tower with Radar,15,54,25,0,94,0,0,55,0,55,15,54,80,0,149,68,0,68,217
07/18/2005,CID,IA,ACE,CE,Combined TRACON& Tower with Radar,18,70,44,0,132,0,0,32,2,34,18,70,76,2,166,11,0,11,177
07/19/2005,CID,IA,ACE,CE,Combined TRACON& Tower with Radar,23,80,34,6,143,0,0,64,0,64,23,80,98,6,207,86,0,86,293
07/20/2005,CID,IA,ACE,CE,Combined TRACON& Tower with Radar,26,77,38,0,141,0,0,34,0,34,26,77,72,0,175,22,0,22,197
07/21/2005,CID,IA,ACE,CE,Combined TRACON& Tower with Radar,25,78,37,0,140,0,0,49,0,49,25,78,86,0,189,16,0,16,205
07/22/2005,CID,IA,ACE,CE,Combined TRACON& Tower with Radar,27,84,36,6,153,0,0,46,0,46,27,84,82,6,199,22,0,22,221
07/23/2005,CID,IA,ACE,CE,Combined TRACON& Tower with Radar,22,62,12,0,96,0,0,46,0,46,22,62,58,0,142,56,0,56,198
07/24/2005,CID,IA,ACE,CE,Combined TRACON& Tower with Radar,12,61,26,0,99,0,0,49,0,49,12,61,75,0,148,18,0,18,166
07/25/2005,CID,IA,ACE,CE,Combined TRACON& Tower with Radar,17,74,19,0,110,0,0,18,0,18,17,74,37,0,128,16,0,16,144
07/26/2005,CID,IA,ACE,CE,Combined TRACON& Tower with Radar,23,89,51,0,163,0,0,9,0,9,23,89,60,0,172,0,0,0,172
07/27/2005,CID,IA,ACE,CE,Combined TRACON& Tower with Radar,28,73,55,4,160,0,1,67,0,68,28,74,122,4,228,32,0,32,260
07/28/2005,CID,IA,ACE,CE,Combined TRACON& Tower with Radar,28,84,50,0,162,0,0,58,0,58,28,84,108,0,220,46,0,46,266
07/29/2005,CID,IA,ACE,CE,Combined TRACON& Tower with Radar,29,75,35,0,139,0,0,59,0,59,29,75,94,0,198,28,0,28,226
07/30/2005,CID,IA,ACE,CE,Combined TRACON& Tower with Radar,22,58,21,2,103,0,4,51,0,55,22,62,72,2,158,6,0,6,164
07/31/2005,CID,IA,ACE,CE,Combined TRACON& Tower with Radar,17,54,35,0,106,0,0,34,0,34,17,54,69,0,140,4,0,4,144
08/01/2005,CID,IA,ACE,CE,Combined TRACON& Tower with Radar,17,77,63,0,157,0,0,27,0,27,17,77,90,0,184,0,0,0,184
08/02/2005,CID,IA,ACE,CE,Combined TRACON& Tower with Radar,24,55,47,0,126,0,1,37,0,38,24,56,84,0,164,32,0,32,196
08/03/2005,CID,IA,ACE,CE,Combined TRACON& Tower with Radar,23,82,29,0,134,0,0,24,2,26,23,82,53,2,160,14,0,14,174
08/04/2005,CID,IA,ACE,CE,Combined TRACON& Tower with Radar,27,80,41,0,148,0,0,34,0,34,27,80,75,0,182,16,0,16,198
08/05/2005,CID,IA,ACE,CE,Combined TRACON& Tower with Radar,24,76,42,1,143,0,0,52,0,52,24,76,94,1,195,24,0,24,219
08/06/2005,CID,IA,ACE,CE,Combined TRACON& Tower with Radar,25,59,14,0,98,0,1,67,0,68,25,60,81,0,166,82,0,82,248
08/07/2005,CID,IA,ACE,CE,Combined TRACON& Tower with Radar,17,59,17,0,93,0,0,62,0,62,17,59,79,0,155,42,0,42,197
08/08/2005,CID,IA,ACE,CE,Combined TRACON& Tower with Radar,15,77,30,0,122,0,0,50,2,52,15,77,80,2,174,18,0,18,192
08/09/2005,CID,IA,ACE,CE,Combined TRACON& Tower with Radar,23,72,32,4,131,0,0,35,2,37,23,72,67,6,168,12,0,12,180
08/10/2005,CID,IA,ACE,CE,Combined TRACON& Tower with Radar,23,76,37,0,136,0,0,35,0,35,23,76,72,0,171,22,0,22,193
08/11/2005,CID,IA,ACE,CE,Combined TRACON& Tower with Radar,24,76,49,0,149,0,0,8,0,8,24,76,57,0,157,30,0,30,187
08/12/2005,CID,IA,ACE,CE,Combined TRACON& Tower with Radar,26,78,67,0,171,0,0,19,0,19,26,78,86,0,190,18,0,18,208
08/13/2005,CID,IA,ACE,CE,Combined TRACON& Tower with Radar,24,60,21,4,109,0,0,31,0,31,24,60,52,4,140,14,0,14,154
08/14/2005,CID,IA,ACE,CE,Combined TRACON& Tower with Radar,16,64,18,0,98,0,0,57,0,57,16,64,75,0,155,40,0,40,195
08/15/2005,CID,IA,ACE,CE,Combined TRACON& Tower with Radar,15,76,30,0,121,0,0,31,0,31,15,76,61,0,152,60,0,60,212
08/16/2005,CID,IA,ACE,CE,Combined TRACON& Tower with Radar,26,77,37,0,140,0,0,63,3,66,26,77,100,3,206,30,0,30,236
08/17/2005,CID,IA,ACE,CE,Combined TRACON& Tower with Radar,25,86,24,5,140,0,1,28,1,30,25,87,52,6,170,32,0,32,202
08/18/2005,CID,IA,ACE,CE,Combined TRACON& Tower with Radar,23,78,48,0,149,0,0,21,1,22,23,78,69,1,171,8,0,8,179
08/19/2005,CID,IA,ACE,CE,Combined TRACON& Tower with Radar,27,78,34,0,139,0,0,31,0,31,27,78,65,0,170,12,0,12,182
08/20/2005,CID,IA,ACE,CE,Combined TRACON& Tower with Radar,24,57,22,0,103,0,0,41,0,41,24,57,63,0,144,40,0,40,184
08/21/2005,CID,IA,ACE,CE,Combined TRACON& Tower with Radar,21,54,26,0,101,0,0,57,0,57,21,54,83,0,158,36,0,36,194
08/22/2005,CID,IA,ACE,CE,Combined TRACON& Tower with Radar,19,72,36,4,131,0,0,48,1,49,19,72,84,5,180,32,0,32,212
08/23/2005,CID,IA,ACE,CE,Combined TRACON& Tower with Radar,29,71,44,2,146,0,0,40,2,42,29,71,84,4,188,82,0,82,270
08/24/2005,CID,IA,ACE,CE,Combined TRACON& Tower with Radar,28,72,34,0,134,0,0,43,2,45,28,72,77,2,179,42,0,42,221
08/25/2005,CID,IA,ACE,CE,Combined TRACON& Tower with Radar,25,84,51,1,161,0,0,10,0,10,25,84,61,1,171,6,0,6,177
08/26/2005,CID,IA,ACE,CE,Combined TRACON& Tower with Radar,28,72,64,1,165,0,0,9,0,9,28,72,73,1,174,4,0,4,178
08/27/2005,CID,IA,ACE,CE,Combined TRACON& Tower with Radar,26,55,20,0,101,0,0,57,0,57,26,55,77,0,158,78,0,78,236
08/28/2005,CID,IA,ACE,CE,Combined TRACON& Tower with Radar,17,60,28,0,105,0,1,59,0,60,17,61,87,0,165,66,0,66,231
08/29/2005,CID,IA,ACE,CE,Combined TRACON& Tower with Radar,21,75,66,0,162,0,1,24,0,25,21,76,90,0,187,4,0,4,191
08/30/2005,CID,IA,ACE,CE,Combined TRACON& Tower with Radar,27,73,45,0,145,0,0,37,0,37,27,73,82,0,182,22,0,22,204
08/31/2005,CID,IA,ACE,CE,Combined TRACON& Tower with Radar,30,78,56,0,164,0,1,53,0,54,30,79,109,0,218,34,0,34,252
09/01/2005,CID,IA,ACE,CE,Combined TRACON& Tower with Radar,28,82,38,0,148,0,0,35,0,35,28,82,73,0,183,30,0,30,213
09/02/2005,CID,IA,ACE,CE,Combined TRACON& Tower with Radar,30,87,48,0,165,0,0,59,0,59,30,87,107,0,224,10,0,10,234
09/03/2005,CID,IA,ACE,CE,Combined TRACON& Tower with Radar,24,55,20,0,99,0,0,59,0,59,24,55,79,0,158,28,0,28,186
09/04/2005,CID,IA,ACE,CE,Combined TRACON& Tower with Radar,15,50,8,0,73,0,0,22,0,22,15,50,30,0,95,0,0,0,95
09/05/2005,CID,IA,ACE,CE,Combined TRACON& Tower with Radar,15,71,17,0,103,0,2,46,0,48,15,73,63,0,151,62,0,62,213
09/06/2005,CID,IA,ACE,CE,Combined TRACON& Tower with Radar,20,77,41,0,138,0,0,27,0,27,20,77,68,0,165,20,0,20,185
09/07/2005,CID,IA,ACE,CE,Combined TRACON& Tower with Radar,22,94,35,2,153,0,0,17,0,17,22,94,52,2,170,32,0,32,202
09/08/2005,CID,IA,ACE,CE,Combined TRACON& Tower with Radar,36,83,36,0,155,0,0,20,0,20,36,83,56,0,175,8,0,8,183
09/09/2005,CID,IA,ACE,CE,Combined TRACON& Tower with Radar,33,80,57,0,170,0,0,30,0,30,33,80,87,0,200,12,0,12,212
09/10/2005,CID,IA,ACE,CE,Combined TRACON& Tower with Radar,23,54,24,4,105,0,0,32,0,32,23,54,56,4,137,54,0,54,191
09/11/2005,CID,IA,ACE,CE,Combined TRACON& Tower with Radar,17,61,34,0,112,0,0,36,0,36,17,61,70,0,148,4,0,4,152
09/12/2005,CID,IA,ACE,CE,Combined TRACON& Tower with Radar,20,75,44,3,142,0,0,27,2,29,20,75,71,5,171,44,0,44,215
09/13/2005,CID,IA,ACE,CE,Combined TRACON& Tower with Radar,26,75,47,4,152,0,0,12,6,18,26,75,59,10,170,6,0,6,176
09/14/2005,CID,IA,ACE,CE,Combined TRACON& Tower with Radar,28,82,29,4,143,0,0,53,2,55,28,82,82,6,198,58,0,58,256
09/15/2005,CID,IA,ACE,CE,Combined TRACON& Tower with Radar,23,89,35,2,149,0,0,20,1,21,23,89,55,3,170,38,0,38,208
09/16/2005,CID,IA,ACE,CE,Combined TRACON& Tower with Radar,33,88,29,0,150,0,0,0,0,0,33,88,29,0,150,36,0,36,186
09/17/2005,CID,IA,ACE,CE,Combined TRACON& Tower with Radar,29,46,17,1,93,0,0,88,0,88,29,46,105,1,181,4,0,4,185
09/18/2005,CID,IA,ACE,CE,Combined TRACON& Tower with Radar,16,56,22,1,95,0,0,48,0,48,16,56,70,1,143,52,0,52,195
09/19/2005,CID,IA,ACE,CE,Combined TRACON& Tower with Radar,18,65,31,0,114,0,5,19,0,24,18,70,50,0,138,30,0,30,168
09/20/2005,CID,IA,ACE,CE,Combined TRACON& Tower with Radar,27,80,36,0,143,0,0,60,0,60,27,80,96,0,203,46,0,46,249
09/21/2005,CID,IA,ACE,CE,Combined TRACON& Tower with Radar,26,79,40,3,148,0,0,27,0,27,26,79,67,3,175,24,0,24,199
09/22/2005,CID,IA,ACE,CE,Combined TRACON& Tower with Radar,25,68,46,2,141,0,0,20,0,20,25,68,66,2,161,0,0,0,161
09/23/2005,CID,IA,ACE,CE,Combined TRACON& Tower with Radar,29,86,53,0,168,0,0,0,0,0,29,86,53,0,168,16,0,16,184
09/24/2005,CID,IA,ACE,CE,Combined TRACON& Tower with Radar,24,53,32,0,109,0,0,6,0,6,24,53,38,0,115,0,0,0,115
09/25/2005,CID,IA,ACE,CE,Combined TRACON& Tower with Radar,18,52,21,0,91,0,0,5,0,5,18,52,26,0,96,0,0,0,96
09/26/2005,CID,IA,ACE,CE,Combined TRACON& Tower with Radar,22,76,66,0,164,0,0,36,0,36,22,76,102,0,200,8,0,8,208
09/27/2005,CID,IA,ACE,CE,Combined TRACON& Tower with Radar,25,72,44,0,141,0,0,52,0,52,25,72,96,0,193,28,0,28,221
09/28/2005,CID,IA,ACE,CE,Combined TRACON& Tower with Radar,22,82,46,0,150,0,0,14,0,14,22,82,60,0,164,0,0,0,164
09/29/2005,CID,IA,ACE,CE,Combined TRACON& Tower with Radar,30,81,51,0,162,0,0,50,0,50,30,81,101,0,212,42,0,42,254
09/30/2005,CID,IA,ACE,CE,Combined TRACON& Tower with Radar,31,82,41,0,154,0,0,52,0,52,31,82,93,0,206,18,0,18,224
10/01/2005,CID,IA,ACE,CE,Combined TRACON& Tower with Radar,22,58,13,0,93,0,0,46,0,46,22,58,59,0,139,42,0,42,181
10/02/2005,CID,IA,ACE,CE,Combined TRACON& Tower with Radar,14,66,27,0,107,0,2,19,0,21,14,68,46,0,128,20,0,20,148
10/03/2005,CID,IA,ACE,CE,Combined TRACON& Tower with Radar,22,73,26,0,121,0,0,21,0,21,22,73,47,0,142,24,0,24,166
10/04/2005,CID,IA,ACE,CE,Combined TRACON& Tower with Radar,20,86,42,2,150,0,1,20,0,21,20,87,62,2,171,16,0,16,187
10/05/2005,CID,IA,ACE,CE,Combined TRACON& Tower with Radar,21,91,36,0,148,0,0,11,0,11,21,91,47,0,159,6,0,6,165
10/06/2005,CID,IA,ACE,CE,Combined TRACON& Tower with Radar,20,99,47,0,166,0,0,35,0,35,20,99,82,0,201,4,0,4,205
10/07/2005,CID,IA,ACE,CE,Combined TRACON& Tower with Radar,24,83,40,0,147,0,0,44,0,44,24,83,84,0,191,16,0,16,207
10/08/2005,CID,IA,ACE,CE,Combined TRACON& Tower with Radar,18,61,24,0,103,0,0,68,0,68,18,61,92,0,171,28,0,28,199
10/09/2005,CID,IA,ACE,CE,Combined TRACON& Tower with Radar,13,65,32,0,110,0,0,25,0,25,13,65,57,0,135,48,0,48,183
10/10/2005,CID,IA,ACE,CE,Combined TRACON& Tower with Radar,11,76,37,0,124,0,2,36,0,38,11,78,73,0,162,28,0,28,190
10/11/2005,CID,IA,ACE,CE,Combined TRACON& Tower with Radar,21,82,48,0,151,0,0,21,0,21,21,82,69,0,172,36,0,36,208
10/12/2005,CID,IA,ACE,CE,Combined TRACON& Tower with Radar,20,81,48,0,149,0,0,14,0,14,20,81,62,0,163,24,0,24,187
10/13/2005,CID,IA,ACE,CE,Combined TRACON& Tower with Radar,27,83,43,0,153,0,0,11,0,11,27,83,54,0,164,46,0,46,210
10/14/2005,CID,IA,ACE,CE,Combined TRACON& Tower with Radar,22,78,32,1,133,0,0,41,0,41,22,78,73,1,174,54,0,54,228
10/15/2005,CID,IA,ACE,CE,Combined TRACON& Tower with Radar,17,61,22,0,100,0,3,73,2,78,17,64,95,2,178,82,0,82,260
10/16/2005,CID,IA,ACE,CE,Combined TRACON& Tower with Radar,12,67,22,3,104,0,2,63,1,66,12,69,85,4,170,52,0,52,222
10/17/2005,CID,IA,ACE,CE,Combined TRACON& Tower with Radar,14,83,38,0,135,0,0,20,1,21,14,83,58,1,156,0,0,0,156
10/18/2005,CID,IA,ACE,CE,Combined TRACON& Tower with Radar,19,84,46,0,149,0,0,23,0,23,19,84,69,0,172,24,0,24,196
10/19/2005,CID,IA,ACE,CE,Combined TRACON& Tower with Radar,19,82,34,1,136,0,0,28,0,28,19,82,62,1,164,24,0,24,188
10/20/2005,CID,IA,ACE,CE,Combined TRACON& Tower with Radar,20,83,41,1,145,0,1,13,2,16,20,84,54,3,161,0,0,0,161
10/21/2005,CID,IA,ACE,CE,Combined TRACON& Tower with Radar,22,91,31,0,144,0,0,29,1,30,22,91,60,1,174,2,0,2,176
10/22/2005,CID,IA,ACE,CE,Combined TRACON& Tower with Radar,18,63,25,0,106,0,0,37,0,37,18,63,62,0,143,20,0,20,163
10/23/2005,CID,IA,ACE,CE,Combined TRACON& Tower with Radar,11,66,49,0,126,0,0,9,0,9,11,66,58,0,135,12,0,12,147
10/24/2005,CID,IA,ACE,CE,Combined TRACON& Tower with Radar,14,79,29,0,122,0,0,16,0,16,14,79,45,0,138,10,0,10,148
10/25/2005,CID,IA,ACE,CE,Combined TRACON& Tower with Radar,20,86,58,0,164,0,0,34,0,34,20,86,92,0,198,48,0,48,246
10/26/2005,CID,IA,ACE,CE,Combined TRACON& Tower with Radar,20,94,65,0,179,0,0,54,0,54,20,94,119,0,233,26,0,26,259
10/27/2005,CID,IA,ACE,CE,Combined TRACON& Tower with Radar,20,80,53,0,153,0,1,58,0,59,20,81,111,0,212,50,0,50,262
10/28/2005,CID,IA,ACE,CE,Combined TRACON& Tower with Radar,22,82,51,0,155,0,0,51,0,51,22,82,102,0,206,28,0,28,234
10/29/2005,CID,IA,ACE,CE,Combined TRACON& Tower with Radar,15,58,17,0,90,0,1,43,0,44,15,59,60,0,134,12,0,12,146
10/30/2005,CID,IA,ACE,CE,Combined TRACON& Tower with Radar,11,65,33,0,109,0,0,9,0,9,11,65,42,0,118,8,0,8,126
10/31/2005,CID,IA,ACE,CE,Combined TRACON& Tower with Radar,12,76,36,2,126,0,0,13,2,15,12,76,49,4,141,0,0,0,141
11/01/2005,CID,IA,ACE,CE,Combined TRACON& Tower with Radar,19,77,33,0,129,0,3,25,0,28,19,80,58,0,157,22,0,22,179
11/02/2005,CID,IA,ACE,CE,Combined TRACON& Tower with Radar,17,80,37,0,134,0,0,19,0,19,17,80,56,0,153,0,0,0,153
11/03/2005,CID,IA,ACE,CE,Combined TRACON& Tower with Radar,18,81,37,0,136,0,1,44,0,45,18,82,81,0,181,0,0,0,181
11/04/2005,CID,IA,ACE,CE,Combined TRACON& Tower with Radar,20,84,32,0,136,0,0,37,0,37,20,84,69,0,173,4,0,4,177
11/05/2005,CID,IA,ACE,CE,Combined TRACON& Tower with Radar,17,56,18,0,91,0,0,13,0,13,17,56,31,0,104,20,0,20,124
11/06/2005,CID,IA,ACE,CE,Combined TRACON& Tower with Radar,8,67,27,0,102,0,2,22,0,24,8,69,49,0,126,38,0,38,164
11/07/2005,CID,IA,ACE,CE,Combined TRACON& Tower with Radar,12,84,37,0,133,0,1,30,0,31,12,85,67,0,164,10,0,10,174
11/08/2005,CID,IA,ACE,CE,Combined TRACON& Tower with Radar,17,91,33,4,145,0,2,30,0,32,17,93,63,4,177,8,2,10,187
11/09/2005,CID,IA,ACE,CE,Combined TRACON& Tower with Radar,18,79,26,0,123,0,0,24,0,24,18,79,50,0,147,16,0,16,163
11/10/2005,CID,IA,ACE,CE,Combined TRACON& Tower with Radar,19,79,36,1,135,0,0,46,0,46,19,79,82,1,181,28,0,28,209
11/11/2005,CID,IA,ACE,CE,Combined TRACON& Tower with Radar,22,74,38,0,134,0,0,36,0,36,22,74,74,0,170,50,0,50,220
11/12/2005,CID,IA,ACE,CE,Combined TRACON& Tower with Radar,15,60,18,0,93,0,0,18,0,18,15,60,36,0,111,10,0,10,121
11/13/2005,CID,IA,ACE,CE,Combined TRACON& Tower with Radar,8,66,11,1,86,0,2,11,0,13,8,68,22,1,99,6,0,6,105
11/14/2005,CID,IA,ACE,CE,Combined TRACON& Tower with Radar,12,85,28,7,132,0,0,13,0,13,12,85,41,7,145,0,0,0,145
11/15/2005,CID,IA,ACE,CE,Combined TRACON& Tower with Radar,15,81,28,0,124,0,0,0,0,0,15,81,28,0,124,0,0,0,124
11/16/2005,CID,IA,ACE,CE,Combined TRACON& Tower with Radar,18,72,35,0,125,0,0,7,0,7,18,72,42,0,132,0,0,0,132
11/17/2005,CID,IA,ACE,CE,Combined TRACON& Tower with Radar,20,83,41,0,144,0,0,37,0,37,20,83,78,0,181,2,0,2,183
11/18/2005,CID,IA,ACE,CE,Combined TRACON& Tower with Radar,21,84,38,0,143,0,0,44,0,44,21,84,82,0,187,74,0,74,261
11/19/2005,CID,IA,ACE,CE,Combined TRACON& Tower with Radar,20,58,23,0,101,0,0,30,0,30,20,58,53,0,131,12,0,12,143
11/20/2005,CID,IA,ACE,CE,Combined TRACON& Tower with Radar,8,64,24,0,96,0,0,23,0,23,8,64,47,0,119,20,0,20,139
11/21/2005,CID,IA,ACE,CE,Combined TRACON& Tower with Radar,10,83,46,1,140,0,2,33,1,36,10,85,79,2,176,10,0,10,186
11/22/2005,CID,IA,ACE,CE,Combined TRACON& Tower with Radar,18,82,38,0,138,0,0,38,0,38,18,82,76,0,176,4,0,4,180
11/23/2005,CID,IA,ACE,CE,Combined TRACON& Tower with Radar,16,79,43,0,138,0,0,26,0,26,16,79,69,0,164,0,0,0,164
11/24/2005,CID,IA,ACE,CE,Combined TRACON& Tower with Radar,10,65,14,0,89,0,0,9,0,9,10,65,23,0,98,2,0,2,100
11/25/2005,CID,IA,ACE,CE,Combined TRACON& Tower with Radar,15,62,11,0,88,0,0,13,0,13,15,62,24,0,101,4,0,4,105
11/26/2005,CID,IA,ACE,CE,Combined TRACON& Tower with Radar,17,61,16,0,94,0,0,39,0,39,17,61,55,0,133,34,0,34,167
11/27/2005,CID,IA,ACE,CE,Combined TRACON& Tower with Radar,10,64,27,0,101,0,0,1,0,1,10,64,28,0,102,0,0,0,102
11/28/2005,CID,IA,ACE,CE,Combined TRACON& Tower with Radar,13,82,25,0,120,0,1,5,0,6,13,83,30,0,126,10,0,10,136
11/29/2005,CID,IA,ACE,CE,Combined TRACON& Tower with Radar,20,79,38,0,137,0,0,3,0,3,20,79,41,0,140,0,0,0,140
11/30/2005,CID,IA,ACE,CE,Combined TRACON& Tower with Radar,17,85,31,0,133,0,0,35,0,35,17,85,66,0,168,28,0,28,196
12/01/2005,CID,IA,ACE,CE,Combined TRACON& Tower with Radar,18,75,51,1,145,0,0,14,0,14,18,75,65,1,159,6,0,6,165
12/02/2005,CID,IA,ACE,CE,Combined TRACON& Tower with Radar,24,78,26,0,128,0,1,8,0,9,24,79,34,0,137,2,0,2,139
12/03/2005,CID,IA,ACE,CE,Combined TRACON& Tower with Radar,16,59,14,0,89,0,0,4,0,4,16,59,18,0,93,16,0,16,109
12/04/2005,CID,IA,ACE,CE,Combined TRACON& Tower with Radar,8,65,14,0,87,0,2,23,0,25,8,67,37,0,112,56,0,56,168
12/05/2005,CID,IA,ACE,CE,Combined TRACON& Tower with Radar,12,76,30,2,120,0,0,15,1,16,12,76,45,3,136,4,0,4,140
12/06/2005,CID,IA,ACE,CE,Combined TRACON& Tower with Radar,18,85,33,0,136,0,2,8,0,10,18,87,41,0,146,4,0,4,150
12/07/2005,CID,IA,ACE,CE,Combined TRACON& Tower with Radar,19,84,31,0,134,0,5,9,0,14,19,89,40,0,148,4,0,4,152
12/08/2005,CID,IA,ACE,CE,Combined TRACON& Tower with Radar,15,75,41,0,131,0,0,0,0,0,15,75,41,0,131,0,0,0,131
12/09/2005,CID,IA,ACE,CE,Combined TRACON& Tower with Radar,20,81,44,2,147,0,1,18,0,19,20,82,62,2,166,6,0,6,172
12/10/2005,CID,IA,ACE,CE,Combined TRACON& Tower with Radar,18,59,7,0,84,0,0,0,4,4,18,59,7,4,88,0,0,0,88
12/11/2005,CID,IA,ACE,CE,Combined TRACON& Tower with Radar,9,71,13,0,93,0,0,23,0,23,9,71,36,0,116,84,0,84,200
12/12/2005,CID,IA,ACE,CE,Combined TRACON& Tower with Radar,10,78,41,2,131,0,0,5,0,5,10,78,46,2,136,6,0,6,142
12/13/2005,CID,IA,ACE,CE,Combined TRACON& Tower with Radar,17,84,41,2,144,0,1,23,3,27,17,85,64,5,171,28,0,28,199
12/14/2005,CID,IA,ACE,CE,Combined TRACON& Tower with Radar,20,62,15,0,97,0,0,2,0,2,20,62,17,0,99,0,0,0,99
12/15/2005,CID,IA,ACE,CE,Combined TRACON& Tower with Radar,16,76,54,0,146,0,0,8,0,8,16,76,62,0,154,0,0,0,154
12/16/2005,CID,IA,ACE,CE,Combined TRACON& Tower with Radar,21,81,36,0,138,0,0,2,0,2,21,81,38,0,140,0,0,0,140
12/17/2005,CID,IA,ACE,CE,Combined TRACON& Tower with Radar,19,61,20,0,100,0,2,28,0,30,19,63,48,0,130,20,0,20,150
12/18/2005,CID,IA,ACE,CE,Combined TRACON& Tower with Radar,6,64,14,0,84,0,0,24,0,24,6,64,38,0,108,0,0,0,108
12/19/2005,CID,IA,ACE,CE,Combined TRACON& Tower with Radar,11,76,27,2,116,0,0,27,3,30,11,76,54,5,146,10,4,14,160
12/20/2005,CID,IA,ACE,CE,Combined TRACON& Tower with Radar,20,82,63,0,165,0,0,33,0,33,20,82,96,0,198,8,0,8,206
12/21/2005,CID,IA,ACE,CE,Combined TRACON& Tower with Radar,19,74,39,0,132,0,1,36,0,37,19,75,75,0,169,2,0,2,171
12/22/2005,CID,IA,ACE,CE,Combined TRACON& Tower with Radar,20,80,39,0,139,0,0,43,0,43,20,80,82,0,182,14,0,14,196
12/23/2005,CID,IA,ACE,CE,Combined TRACON& Tower with Radar,20,79,17,0,116,0,4,38,0,42,20,83,55,0,158,64,0,64,222
12/24/2005,CID,IA,ACE,CE,Combined TRACON& Tower with Radar,22,57,5,0,84,0,0,0,0,0,22,57,5,0,84,0,0,0,84
12/25/2005,CID,IA,ACE,CE,Combined TRACON& Tower with Radar,6,55,2,0,63,0,0,0,0,0,6,55,2,0,63,0,0,0,63
12/26/2005,CID,IA,ACE,CE,Combined TRACON& Tower with Radar,10,74,21,0,105,0,0,0,0,0,10,74,21,0,105,0,0,0,105
12/27/2005,CID,IA,ACE,CE,Combined TRACON& Tower with Radar,0,19,6,0,25,0,0,0,0,0,0,19,6,0,25,0,0,0,25
12/28/2005,CID,IA,ACE,CE,Combined TRACON& Tower with Radar,19,65,21,0,105,0,0,0,0,0,19,65,21,0,105,0,0,0,105
12/29/2005,CID,IA,ACE,CE,Combined TRACON& Tower with Radar,24,78,37,0,139,0,0,1,0,1,24,78,38,0,140,20,0,20,160
12/30/2005,CID,IA,ACE,CE,Combined TRACON& Tower with Radar,32,77,16,0,125,0,0,2,0,2,32,77,18,0,127,0,0,0,127
12/31/2005,CID,IA,ACE,CE,Combined TRACON& Tower with Radar,21,59,13,0,93,0,0,2,0,2,21,59,15,0,95,0,0,0,95
01/01/2006,CID,IA,ACE,CE,Combined TRACON& Tower with Radar,4,56,15,0,75,0,0,7,0,7,4,56,22,0,82,0,0,0,82
01/02/2006,CID,IA,ACE,CE,Combined TRACON& Tower with Radar,12,62,10,0,84,0,0,0,0,0,12,62,10,0,84,0,0,0,84
01/03/2006,CID,IA,ACE,CE,Combined TRACON& Tower with Radar,33,63,18,2,116,0,0,0,0,0,33,63,18,2,116,0,0,0,116
01/04/2006,CID,IA,ACE,CE,Combined TRACON& Tower with Radar,22,71,29,6,128,0,0,3,0,3,22,71,32,6,131,0,0,0,131
01/05/2006,CID,IA,ACE,CE,Combined TRACON& Tower with Radar,19,83,31,4,137,0,0,0,0,0,19,83,31,4,137,0,0,0,137
01/06/2006,CID,IA,ACE,CE,Combined TRACON& Tower with Radar,21,83,25,2,131,0,0,1,0,1,21,83,26,2,132,0,0,0,132
01/07/2006,CID,IA,ACE,CE,Combined TRACON& Tower with Radar,12,75,17,0,104,0,0,90,0,90,12,75,107,0,194,120,0,120,314
01/08/2006,CID,IA,ACE,CE,Combined TRACON& Tower with Radar,5,67,19,0,91,0,0,9,0,9,5,67,28,0,100,22,0,22,122
01/09/2006,CID,IA,ACE,CE,Combined TRACON& Tower with Radar,10,78,17,0,105,0,0,8,0,8,10,78,25,0,113,20,0,20,133
01/10/2006,CID,IA,ACE,CE,Combined TRACON& Tower with Radar,16,77,57,3,153,0,0,34,1,35,16,77,91,4,188,58,0,58,246
01/11/2006,CID,IA,ACE,CE,Combined TRACON& Tower with Radar,18,80,46,0,144,0,0,21,0,21,18,80,67,0,165,6,0,6,171
01/12/2006,CID,IA,ACE,CE,Combined TRACON& Tower with Radar,18,84,32,3,137,0,0,43,2,45,18,84,75,5,182,6,8,14,196
01/13/2006,CID,IA,ACE,CE,Combined TRACON& Tower with Radar,23,75,29,0,127,0,0,7,0,7,23,75,36,0,134,0,0,0,134
01/14/2006,CID,IA,ACE,CE,Combined TRACON& Tower with Radar,17,67,43,0,127,0,4,80,0,84,17,71,123,0,211,34,0,34,245
01/15/2006,CID,IA,ACE,CE,Combined TRACON& Tower with Radar,7,63,35,0,105,0,2,47,0,49,7,65,82,0,154,68,0,68,222
01/16/2006,CID,IA,ACE,CE,Combined TRACON& Tower with Radar,8,71,36,0,115,0,0,14,2,16,8,71,50,2,131,12,0,12,143
01/17/2006,CID,IA,ACE,CE,Combined TRACON& Tower with Radar,16,75,53,4,148,0,0,8,0,8,16,75,61,4,156,6,0,6,162
01/18/2006,CID,IA,ACE,CE,Combined TRACON& Tower with Radar,20,84,31,0,135,0,0,37,0,37,20,84,68,0,172,2,0,2,174
01/19/2006,CID,IA,ACE,CE,Combined TRACON& Tower with Radar,19,77,44,6,146,0,0,42,4,46,19,77,86,10,192,50,0,50,242
01/20/2006,CID,IA,ACE,CE,Combined TRACON& Tower with Radar,16,82,37,0,135,0,0,0,0,0,16,82,37,0,135,0,0,0,135
01/21/2006,CID,IA,ACE,CE,Combined TRACON& Tower with Radar,17,66,13,0,96,0,0,0,0,0,17,66,13,0,96,18,0,18,114
01/22/2006,CID,IA,ACE,CE,Combined TRACON& Tower with Radar,9,53,11,0,73,0,0,1,0,1,9,53,12,0,74,0,0,0,74
01/23/2006,CID,IA,ACE,CE,Combined TRACON& Tower with Radar,10,83,26,0,119,0,0,0,0,0,10,83,26,0,119,0,0,0,119
01/24/2006,CID,IA,ACE,CE,Combined TRACON& Tower with Radar,18,79,45,0,142,0,0,0,0,0,18,79,45,0,142,2,0,2,144
01/25/2006,CID,IA,ACE,CE,Combined TRACON& Tower with Radar,21,81,45,4,151,0,7,47,2,56,21,88,92,6,207,10,0,10,217
01/26/2006,CID,IA,ACE,CE,Combined TRACON& Tower with Radar,21,86,37,5,149,0,0,0,0,0,21,86,37,5,149,6,0,6,155
01/27/2006,CID,IA,ACE,CE,Combined TRACON& Tower with Radar,22,80,32,0,134,0,0,20,0,20,22,80,52,0,154,18,0,18,172
01/28/2006,CID,IA,ACE,CE,Combined TRACON& Tower with Radar,17,68,16,0,101,0,0,1,0,1,17,68,17,0,102,0,0,0,102
01/29/2006,CID,IA,ACE,CE,Combined TRACON& Tower with Radar,7,67,4,0,78,0,0,0,0,0,7,67,4,0,78,0,0,0,78
01/30/2006,CID,IA,ACE,CE,Combined TRACON& Tower with Radar,11,77,36,0,124,0,3,4,0,7,11,80,40,0,131,4,0,4,135
01/31/2006,CID,IA,ACE,CE,Combined TRACON& Tower with Radar,17,79,40,0,136,0,0,31,0,31,17,79,71,0,167,14,0,14,181
02/01/2006,CID,IA,ACE,CE,Combined TRACON& Tower with Radar,21,82,46,0,149,0,0,25,0,25,21,82,71,0,174,0,0,0,174
02/02/2006,CID,IA,ACE,CE,Combined TRACON& Tower with Radar,23,79,46,0,148,0,2,54,0,56,23,81,100,0,204,36,0,36,240
02/03/2006,CID,IA,ACE,CE,Combined TRACON& Tower with Radar,20,79,27,0,126,0,0,7,0,7,20,79,34,0,133,18,0,18,151
02/04/2006,CID,IA,ACE,CE,Combined TRACON& Tower with Radar,15,64,33,0,112,0,0,14,0,14,15,64,47,0,126,2,0,2,128
02/05/2006,CID,IA,ACE,CE,Combined TRACON& Tower with Radar,12,65,16,0,93,0,0,45,1,46,12,65,61,1,139,28,0,28,167
02/06/2006,CID,IA,ACE,CE,Combined TRACON& Tower with Radar,10,79,38,0,127,0,0,39,0,39,10,79,77,0,166,8,0,8,174
02/07/2006,CID,IA,ACE,CE,Combined TRACON& Tower with Radar,21,81,37,0,139,0,0,22,0,22,21,81,59,0,161,4,0,4,165
02/08/2006,CID,IA,ACE,CE,Combined TRACON& Tower with Radar,27,71,31,2,131,0,0,31,0,31,27,71,62,2,162,10,0,10,172
02/09/2006,CID,IA,ACE,CE,Combined TRACON& Tower with Radar,25,78,40,0,143,0,0,12,0,12,25,78,52,0,155,0,0,0,155
02/10/2006,CID,IA,ACE,CE,Combined TRACON& Tower with Radar,24,71,36,0,131,0,0,20,0,20,24,71,56,0,151,12,0,12,163
02/11/2006,CID,IA,ACE,CE,Combined TRACON& Tower with Radar,24,57,9,0,90,0,0,8,0,8,24,57,17,0,98,4,0,4,102
02/12/2006,CID,IA,ACE,CE,Combined TRACON& Tower with Radar,15,63,20,0,98,0,0,22,0,22,15,63,42,0,120,26,0,26,146
02/13/2006,CID,IA,ACE,CE,Combined TRACON& Tower with Radar,18,76,36,0,130,0,1,11,0,12,18,77,47,0,142,14,0,14,156
02/14/2006,CID,IA,ACE,CE,Combined TRACON& Tower with Radar,24,74,33,0,131,0,0,37,0,37,24,74,70,0,168,12,0,12,180
02/15/2006,CID,IA,ACE,CE,Combined TRACON& Tower with Radar,27,71,44,0,142,0,0,14,0,14,27,71,58,0,156,8,0,8,164
02/16/2006,CID,IA,ACE,CE,Combined TRACON& Tower with Radar,20,68,19,0,107,0,0,0,0,0,20,68,19,0,107,0,0,0,107
02/17/2006,CID,IA,ACE,CE,Combined TRACON& Tower with Radar,31,75,40,0,146,0,0,10,0,10,31,75,50,0,156,8,0,8,164
02/18/2006,CID,IA,ACE,CE,Combined TRACON& Tower with Radar,24,47,8,0,79,0,0,21,0,21,24,47,29,0,100,0,0,0,100
02/19/2006,CID,IA,ACE,CE,Combined TRACON& Tower with Radar,18,53,20,0,91,0,0,16,0,16,18,53,36,0,107,6,0,6,113
02/20/2006,CID,IA,ACE,CE,Combined TRACON& Tower with Radar,20,63,27,0,110,0,0,32,0,32,20,63,59,0,142,6,0,6,148
02/21/2006,CID,IA,ACE,CE,Combined TRACON& Tower with Radar,27,68,37,0,132,0,0,42,0,42,27,68,79,0,174,12,0,12,186
02/22/2006,CID,IA,ACE,CE,Combined TRACON& Tower with Radar,32,77,19,0,128,0,0,50,0,50,32,77,69,0,178,16,0,16,194
02/23/2006,CID,IA,ACE,CE,Combined TRACON& Tower with Radar,28,70,36,0,134,0,0,27,0,27,28,70,63,0,161,24,0,24,185
02/24/2006,CID,IA,ACE,CE,Combined TRACON& Tower with Radar,26,73,24,0,123,0,0,14,0,14,26,73,38,0,137,6,0,6,143
02/25/2006,CID,IA,ACE,CE,Combined TRACON& Tower with Radar,25,56,16,0,97,0,2,46,0,48,25,58,62,0,145,24,0,24,169
02/26/2006,CID,IA,ACE,CE,Combined TRACON& Tower with Radar,18,59,22,0,99,0,0,55,0,55,18,59,77,0,154,20,0,20,174
02/27/2006,CID,IA,ACE,CE,Combined TRACON& Tower with Radar,20,73,30,0,123,0,0,38,0,38,20,73,68,0,161,6,0,6,167
02/28/2006,CID,IA,ACE,CE,Combined TRACON& Tower with Radar,27,78,31,0,136,0,0,39,2,41,27,78,70,2,177,22,0,22,199
03/01/2006,CID,IA,ACE,CE,Combined TRACON& Tower with Radar,31,69,30,0,130,0,2,13,0,15,31,71,43,0,145,16,0,16,161
03/02/2006,CID,IA,ACE,CE,Combined TRACON& Tower with Radar,29,68,41,0,138,0,0,9,0,9,29,68,50,0,147,4,0,4,151
03/03/2006,CID,IA,ACE,CE,Combined TRACON& Tower with Radar,28,68,40,0,136,0,1,42,0,43,28,69,82,0,179,56,0,56,235
03/04/2006,CID,IA,ACE,CE,Combined TRACON& Tower with Radar,28,52,25,1,106,0,2,49,0,51,28,54,74,1,157,38,0,38,195
03/05/2006,CID,IA,ACE,CE,Combined TRACON& Tower with Radar,13,51,8,0,72,0,0,0,0,0,13,51,8,0,72,0,0,0,72
03/06/2006,CID,IA,ACE,CE,Combined TRACON& Tower with Radar,20,69,37,0,126,0,0,17,0,17,20,69,54,0,143,10,0,10,153
03/07/2006,CID,IA,ACE,CE,Combined TRACON& Tower with Radar,30,67,44,0,141,0,0,7,0,7,30,67,51,0,148,0,0,0,148
03/08/2006,CID,IA,ACE,CE,Combined TRACON& Tower with Radar,28,75,35,1,139,0,0,10,3,13,28,75,45,4,152,0,0,0,152
03/09/2006,CID,IA,ACE,CE,Combined TRACON& Tower with Radar,32,75,47,0,154,0,0,1,0,1,32,75,48,0,155,0,0,0,155
03/10/2006,CID,IA,ACE,CE,Combined TRACON& Tower with Radar,26,69,38,0,133,0,0,48,0,48,26,69,86,0,181,20,0,20,201
03/11/2006,CID,IA,ACE,CE,Combined TRACON& Tower with Radar,29,56,12,0,97,0,0,33,0,33,29,56,45,0,130,80,0,80,210
03/12/2006,CID,IA,ACE,CE,Combined TRACON& Tower with Radar,15,51,23,0,89,0,0,8,0,8,15,51,31,0,97,8,0,8,105
03/13/2006,CID,IA,ACE,CE,Combined TRACON& Tower with Radar,17,65,26,0,108,0,0,4,0,4,17,65,30,0,112,2,0,2,114
03/14/2006,CID,IA,ACE,CE,Combined TRACON& Tower with Radar,27,70,26,0,123,0,1,35,0,36,27,71,61,0,159,2,0,2,161
03/15/2006,CID,IA,ACE,CE,Combined TRACON& Tower with Radar,34,67,34,0,135,0,0,35,0,35,34,67,69,0,170,10,0,10,180
03/16/2006,CID,IA,ACE,CE,Combined TRACON& Tower with Radar,33,70,35,0,138,0,0,7,0,7,33,70,42,0,145,18,0,18,163
03/17/2006,CID,IA,ACE,CE,Combined TRACON& Tower with Radar,30,72,39,1,142,0,0,38,0,38,30,72,77,1,180,28,2,30,210
03/18/2006,CID,IA,ACE,CE,Combined TRACON& Tower with Radar,33,52,32,0,117,0,1,58,0,59,33,53,90,0,176,76,0,76,252
03/19/2006,CID,IA,ACE,CE,Combined TRACON& Tower with Radar,17,56,25,0,98,0,3,50,0,53,17,59,75,0,151,60,0,60,211
03/20/2006,CID,IA,ACE,CE,Combined TRACON& Tower with Radar,20,70,31,2,123,0,0,22,0,22,20,70,53,2,145,4,2,6,151
03/21/2006,CID,IA,ACE,CE,Combined TRACON& Tower with Radar,30,68,38,0,136,0,1,16,0,17,30,69,54,0,153,24,0,24,177
03/22/2006,CID,IA,ACE,CE,Combined TRACON& Tower with Radar,30,70,39,0,139,0,0,46,0,46,30,70,85,0,185,12,0,12,197
03/23/2006,CID,IA,ACE,CE,Combined TRACON& Tower with Radar,29,64,44,0,137,0,0,30,0,30,29,64,74,0,167,56,0,56,223
03/24/2006,CID,IA,ACE,CE,Combined TRACON& Tower with Radar,28,82,19,2,131,0,0,21,0,21,28,82,40,2,152,0,0,0,152
03/25/2006,CID,IA,ACE,CE,Combined TRACON& Tower with Radar,27,58,44,2,131,0,0,63,0,63,27,58,107,2,194,28,0,28,222
03/26/2006,CID,IA,ACE,CE,Combined TRACON& Tower with Radar,17,59,26,0,102,0,1,67,0,68,17,60,93,0,170,38,0,38,208
03/27/2006,CID,IA,ACE,CE,Combined TRACON& Tower with Radar,24,69,26,0,119,0,0,6,0,6,24,69,32,0,125,0,0,0,125
03/28/2006,CID,IA,ACE,CE,Combined TRACON& Tower with Radar,24,69,34,0,127,0,0,11,0,11,24,69,45,0,138,40,0,40,178
03/29/2006,CID,IA,ACE,CE,Combined TRACON& Tower with Radar,32,66,42,0,140,0,0,30,0,30,32,66,72,0,170,22,0,22,192
03/30/2006,CID,IA,ACE,CE,Combined TRACON& Tower with Radar,29,65,32,0,126,0,0,6,0,6,29,65,38,0,132,0,0,0,132
03/31/2006,CID,IA,ACE,CE,Combined TRACON& Tower with Radar,29,64,16,1,110,0,0,6,0,6,29,64,22,1,116,0,0,0,116
04/01/2006,CID,IA,ACE,CE,Combined TRACON& Tower with Radar,27,61,24,2,114,0,1,18,0,19,27,62,42,2,133,84,0,84,217
04/02/2006,CID,IA,ACE,CE,Combined TRACON& Tower with Radar,17,49,13,0,79,0,0,1,0,1,17,49,14,0,80,0,0,0,80
04/03/2006,CID,IA,ACE,CE,Combined TRACON& Tower with Radar,17,67,13,0,97,0,0,15,0,15,17,67,28,0,112,12,0,12,124
04/04/2006,CID,IA,ACE,CE,Combined TRACON& Tower with Radar,28,68,37,0,133,0,0,57,0,57,28,68,94,0,190,50,0,50,240
04/05/2006,CID,IA,ACE,CE,Combined TRACON& Tower with Radar,32,74,49,0,155,0,1,46,0,47,32,75,95,0,202,28,0,28,230
04/06/2006,CID,IA,ACE,CE,Combined TRACON& Tower with Radar,30,69,51,0,150,0,0,0,0,0,30,69,51,0,150,0,0,0,150
04/07/2006,CID,IA,ACE,CE,Combined TRACON& Tower with Radar,27,62,31,0,120,0,0,7,0,7,27,62,38,0,127,0,0,0,127
04/08/2006,CID,IA,ACE,CE,Combined TRACON& Tower with Radar,29,45,25,0,99,0,0,93,0,93,29,45,118,0,192,22,0,22,214
04/09/2006,CID,IA,ACE,CE,Combined TRACON& Tower with Radar,20,51,14,0,85,0,0,48,0,48,20,51,62,0,133,32,0,32,165
04/10/2006,CID,IA,ACE,CE,Combined TRACON& Tower with Radar,18,82,26,0,126,0,0,39,0,39,18,82,65,0,165,30,0,30,195
04/11/2006,CID,IA,ACE,CE,Combined TRACON& Tower with Radar,26,75,41,0,142,0,0,22,0,22,26,75,63,0,164,2,0,2,166
04/12/2006,CID,IA,ACE,CE,Combined TRACON& Tower with Radar,31,73,47,1,152,0,0,38,1,39,31,73,85,2,191,6,0,6,197
04/13/2006,CID,IA,ACE,CE,Combined TRACON& Tower with Radar,27,66,46,0,139,0,0,35,0,35,27,66,81,0,174,10,0,10,184
04/14/2006,CID,IA,ACE,CE,Combined TRACON& Tower with Radar,29,62,35,1,127,0,1,70,0,71,29,63,105,1,198,58,0,58,256
04/15/2006,CID,IA,ACE,CE,Combined TRACON& Tower with Radar,27,51,19,1,98,0,1,49,0,50,27,52,68,1,148,60,0,60,208
04/16/2006,CID,IA,ACE,CE,Combined TRACON& Tower with Radar,14,48,3,0,65,0,0,0,0,0,14,48,3,0,65,0,0,0,65
04/17/2006,CID,IA,ACE,CE,Combined TRACON& Tower with Radar,20,73,37,2,132,0,0,29,0,29,20,73,66,2,161,20,0,20,181
04/18/2006,CID,IA,ACE,CE,Combined TRACON& Tower with Radar,23,76,28,0,127,0,0,25,0,25,23,76,53,0,152,6,0,6,158
04/19/2006,CID,IA,ACE,CE,Combined TRACON& Tower with Radar,29,82,38,0,149,0,4,40,0,44,29,86,78,0,193,28,0,28,221
04/20/2006,CID,IA,ACE,CE,Combined TRACON& Tower with Radar,26,83,51,0,160,0,3,46,0,49,26,86,97,0,209,18,0,18,227
04/21/2006,CID,IA,ACE,CE,Combined TRACON& Tower with Radar,27,74,44,0,145,0,0,32,0,32,27,74,76,0,177,20,0,20,197
04/22/2006,CID,IA,ACE,CE,Combined TRACON& Tower with Radar,24,50,29,0,103,0,0,65,0,65,24,50,94,0,168,42,0,42,210
04/23/2006,CID,IA,ACE,CE,Combined TRACON& Tower with Radar,19,51,25,0,95,0,0,50,1,51,19,51,75,1,146,72,0,72,218
04/24/2006,CID,IA,ACE,CE,Combined TRACON& Tower with Radar,18,73,31,0,122,0,0,24,3,27,18,73,55,3,149,30,0,30,179
04/25/2006,CID,IA,ACE,CE,Combined TRACON& Tower with Radar,27,66,42,0,135,0,0,14,1,15,27,66,56,1,150,8,0,8,158
04/26/2006,CID,IA,ACE,CE,Combined TRACON& Tower with Radar,29,74,58,0,161,0,0,59,1,60,29,74,117,1,221,54,0,54,275
04/27/2006,CID,IA,ACE,CE,Combined TRACON& Tower with Radar,27,75,58,2,162,0,0,41,0,41,27,75,99,2,203,46,0,46,249
04/28/2006,CID,IA,ACE,CE,Combined TRACON& Tower with Radar,29,66,47,0,142,0,0,26,0,26,29,66,73,0,168,48,0,48,216
04/29/2006,CID,IA,ACE,CE,Combined TRACON& Tower with Radar,24,48,30,0,102,0,1,0,0,1,24,49,30,0,103,6,0,6,109
04/30/2006,CID,IA,ACE,CE,Combined TRACON& Tower with Radar,18,51,8,0,77,0,0,1,0,1,18,51,9,0,78,0,0,0,78
05/01/2006,CID,IA,ACE,CE,Combined TRACON& Tower with Radar,18,69,29,0,116,0,0,14,0,14,18,69,43,0,130,24,0,24,154
05/02/2006,CID,IA,ACE,CE,Combined TRACON& Tower with Radar,23,67,55,0,145,0,0,43,0,43,23,67,98,0,188,46,0,46,234
05/03/2006,CID,IA,ACE,CE,Combined TRACON& Tower with Radar,25,72,37,0,134,0,0,26,0,26,25,72,63,0,160,50,0,50,210
05/04/2006,CID,IA,ACE,CE,Combined TRACON& Tower with Radar,33,75,66,0,174,0,0,41,0,41,33,75,107,0,215,26,0,26,241
05/05/2006,CID,IA,ACE,CE,Combined TRACON& Tower with Radar,23,79,50,1,153,0,0,36,0,36,23,79,86,1,189,26,0,26,215
05/06/2006,CID,IA,ACE,CE,Combined TRACON& Tower with Radar,23,55,14,0,92,0,2,63,0,65,23,57,77,0,157,34,0,34,191
05/07/2006,CID,IA,ACE,CE,Combined TRACON& Tower with Radar,15,53,16,0,84,0,0,43,0,43,15,53,59,0,127,4,0,4,131
05/08/2006,CID,IA,ACE,CE,Combined TRACON& Tower with Radar,17,76,31,0,124,0,0,23,0,23,17,76,54,0,147,12,0,12,159
05/09/2006,CID,IA,ACE,CE,Combined TRACON& Tower with Radar,24,71,43,2,140,0,0,5,0,5,24,71,48,2,145,0,0,0,145
05/10/2006,CID,IA,ACE,CE,Combined TRACON& Tower with Radar,27,65,70,0,162,0,0,38,0,38,27,65,108,0,200,56,0,56,256
05/11/2006,CID,IA,ACE,CE,Combined TRACON& Tower with Radar,31,63,50,0,144,0,0,10,0,10,31,63,60,0,154,4,0,4,158
05/12/2006,CID,IA,ACE,CE,Combined TRACON& Tower with Radar,23,69,39,0,131,0,0,10,0,10,23,69,49,0,141,4,0,4,145
05/13/2006,CID,IA,ACE,CE,Combined TRACON& Tower with Radar,20,57,40,0,117,0,0,4,0,4,20,57,44,0,121,0,0,0,121
05/14/2006,CID,IA,ACE,CE,Combined TRACON& Tower with Radar,12,55,22,0,89,0,0,3,0,3,12,55,25,0,92,0,0,0,92
05/15/2006,CID,IA,ACE,CE,Combined TRACON& Tower with Radar,19,69,33,0,121,0,2,14,0,16,19,71,47,0,137,16,0,16,153
05/16/2006,CID,IA,ACE,CE,Combined TRACON& Tower with Radar,25,70,41,0,136,0,0,28,0,28,25,70,69,0,164,12,0,12,176
05/17/2006,CID,IA,ACE,CE,Combined TRACON& Tower with Radar,31,69,31,0,131,0,0,32,0,32,31,69,63,0,163,28,0,28,191
05/18/2006,CID,IA,ACE,CE,Combined TRACON& Tower with Radar,24,77,39,0,140,0,2,28,0,30,24,79,67,0,170,20,0,20,190
05/19/2006,CID,IA,ACE,CE,Combined TRACON& Tower with Radar,24,70,59,0,153,0,1,76,0,77,24,71,135,0,230,40,0,40,270
05/20/2006,CID,IA,ACE,CE,Combined TRACON& Tower with Radar,26,49,36,1,112,0,0,79,1,80,26,49,115,2,192,44,0,44,236
05/21/2006,CID,IA,ACE,CE,Combined TRACON& Tower with Radar,14,58,31,0,103,0,1,58,0,59,14,59,89,0,162,78,0,78,240
05/22/2006,CID,IA,ACE,CE,Combined TRACON& Tower with Radar,19,69,26,0,114,0,1,61,0,62,19,70,87,0,176,16,0,16,192
05/23/2006,CID,IA,ACE,CE,Combined TRACON& Tower with Radar,25,67,33,0,125,0,0,37,0,37,25,67,70,0,162,44,0,44,206
05/24/2006,CID,IA,ACE,CE,Combined TRACON& Tower with Radar,28,67,51,0,146,0,0,26,0,26,28,67,77,0,172,8,0,8,180
05/25/2006,CID,IA,ACE,CE,Combined TRACON& Tower with Radar,26,52,41,0,119,0,0,6,0,6,26,52,47,0,125,4,0,4,129
05/26/2006,CID,IA,ACE,CE,Combined TRACON& Tower with Radar,25,65,56,1,147,0,1,72,0,73,25,66,128,1,220,56,0,56,276
05/27/2006,CID,IA,ACE,CE,Combined TRACON& Tower with Radar,20,50,21,0,91,0,0,29,0,29,20,50,50,0,120,8,0,8,128
05/28/2006,CID,IA,ACE,CE,Combined TRACON& Tower with Radar,10,46,14,0,70,0,0,25,0,25,10,46,39,0,95,6,0,6,101
05/29/2006,CID,IA,ACE,CE,Combined TRACON& Tower with Radar,17,47,20,0,84,0,0,37,0,37,17,47,57,0,121,2,0,2,123
05/30/2006,CID,IA,ACE,CE,Combined TRACON& Tower with Radar,18,61,42,0,121,0,0,15,0,15,18,61,57,0,136,4,0,4,140
05/31/2006,CID,IA,ACE,CE,Combined TRACON& Tower with Radar,27,66,57,0,150,0,1,37,0,38,27,67,94,0,188,14,0,14,202
06/01/2006,CID,IA,ACE,CE,Combined TRACON& Tower with Radar,27,63,55,0,145,0,0,41,0,41,27,63,96,0,186,48,0,48,234
06/02/2006,CID,IA,ACE,CE,Combined TRACON& Tower with Radar,28,71,49,1,149,0,0,61,0,61,28,71,110,1,210,34,0,34,244
06/03/2006,CID,IA,ACE,CE,Combined TRACON& Tower with Radar,31,45,13,0,89,0,0,79,0,79,31,45,92,0,168,76,0,76,244
06/04/2006,CID,IA,ACE,CE,Combined TRACON& Tower with Radar,12,51,15,0,78,0,0,58,0,58,12,51,73,0,136,14,0,14,150
06/05/2006,CID,IA,ACE,CE,Combined TRACON& Tower with Radar,17,69,27,2,115,0,1,36,0,37,17,70,63,2,152,44,0,44,196
06/06/2006,CID,IA,ACE,CE,Combined TRACON& Tower with Radar,31,65,40,0,136,0,0,19,0,19,31,65,59,0,155,24,0,24,179
06/07/2006,CID,IA,ACE,CE,Combined TRACON& Tower with Radar,26,67,49,0,142,0,2,42,0,44,26,69,91,0,186,52,0,52,238
06/08/2006,CID,IA,ACE,CE,Combined TRACON& Tower with Radar,27,69,39,0,135,0,1,41,0,42,27,70,80,0,177,6,0,6,183
06/09/2006,CID,IA,ACE,CE,Combined TRACON& Tower with Radar,26,71,41,2,140,0,0,27,0,27,26,71,68,2,167,2,0,2,169
06/10/2006,CID,IA,ACE,CE,Combined TRACON& Tower with Radar,19,61,18,0,98,0,0,2,0,2,19,61,20,0,100,0,0,0,100
06/11/2006,CID,IA,ACE,CE,Combined TRACON& Tower with Radar,12,60,28,0,100,0,1,26,1,28,12,61,54,1,128,32,2,34,162
06/12/2006,CID,IA,ACE,CE,Combined TRACON& Tower with Radar,18,67,33,0,118,0,0,58,0,58,18,67,91,0,176,76,0,76,252
06/13/2006,CID,IA,ACE,CE,Combined TRACON& Tower with Radar,25,76,43,0,144,0,1,61,0,62,25,77,104,0,206,72,0,72,278
06/14/2006,CID,IA,ACE,CE,Combined TRACON& Tower with Radar,24,74,50,0,148,0,0,24,0,24,24,74,74,0,172,18,0,18,190
06/15/2006,CID,IA,ACE,CE,Combined TRACON& Tower with Radar,31,66,28,0,125,0,0,34,0,34,31,66,62,0,159,8,0,8,167
06/16/2006,CID,IA,ACE,CE,Combined TRACON& Tower with Radar,28,66,40,0,134,0,0,32,0,32,28,66,72,0,166,22,0,22,188
06/17/2006,CID,IA,ACE,CE,Combined TRACON& Tower with Radar,21,57,19,0,97,0,1,51,0,52,21,58,70,0,149,24,0,24,173
06/18/2006,CID,IA,ACE,CE,Combined TRACON& Tower with Radar,11,60,23,0,94,0,2,32,0,34,11,62,55,0,128,40,0,40,168
06/19/2006,CID,IA,ACE,CE,Combined TRACON& Tower with Radar,19,75,40,0,134,0,0,41,0,41,19,75,81,0,175,16,0,16,191
06/20/2006,CID,IA,ACE,CE,Combined TRACON& Tower with Radar,25,70,32,0,127,0,0,12,0,12,25,70,44,0,139,8,0,8,147
06/21/2006,CID,IA,ACE,CE,Combined TRACON& Tower with Radar,30,67,30,0,127,0,1,27,0,28,30,68,57,0,155,34,0,34,189
06/22/2006,CID,IA,ACE,CE,Combined TRACON& Tower with Radar,28,60,34,0,122,0,3,38,0,41,28,63,72,0,163,26,0,26,189
06/23/2006,CID,IA,ACE,CE,Combined TRACON& Tower with Radar,28,65,37,0,130,0,0,60,0,60,28,65,97,0,190,54,0,54,244
06/24/2006,CID,IA,ACE,CE,Combined TRACON& Tower with Radar,20,52,18,0,90,0,0,48,0,48,20,52,66,0,138,60,0,60,198
06/25/2006,CID,IA,ACE,CE,Combined TRACON& Tower with Radar,10,60,28,0,98,0,0,5,0,5,10,60,33,0,103,0,0,0,103
06/26/2006,CID,IA,ACE,CE,Combined TRACON& Tower with Radar,19,75,41,0,135,0,0,27,0,27,19,75,68,0,162,52,0,52,214
06/27/2006,CID,IA,ACE,CE,Combined TRACON& Tower with Radar,25,67,51,1,144,0,2,153,0,155,25,69,204,1,299,26,0,26,325
06/28/2006,CID,IA,ACE,CE,Combined TRACON& Tower with Radar,25,68,43,1,137,0,1,116,0,117,25,69,159,1,254,40,0,40,294
06/29/2006,CID,IA,ACE,CE,Combined TRACON& Tower with Radar,29,67,49,0,145,0,0,64,0,64,29,67,113,0,209,58,0,58,267
06/30/2006,CID,IA,ACE,CE,Combined TRACON& Tower with Radar,26,72,40,0,138,0,0,49,0,49,26,72,89,0,187,44,0,44,231
07/01/2006,CID,IA,ACE,CE,Combined TRACON& Tower with Radar,23,63,13,0,99,0,1,26,0,27,23,64,39,0,126,2,0,2,128
07/02/2006,CID,IA,ACE,CE,Combined TRACON& Tower with Radar,16,51,15,0,82,0,0,26,0,26,16,51,41,0,108,14,0,14,122
07/03/2006,CID,IA,ACE,CE,Combined TRACON& Tower with Radar,14,56,22,0,92,0,3,26,0,29,14,59,48,0,121,8,0,8,129
07/04/2006,CID,IA,ACE,CE,Combined TRACON& Tower with Radar,14,51,7,0,72,0,2,43,0,45,14,53,50,0,117,4,0,4,121
07/05/2006,CID,IA,ACE,CE,Combined TRACON& Tower with Radar,25,69,25,0,119,0,3,59,0,62,25,72,84,0,181,20,0,20,201
07/06/2006,CID,IA,ACE,CE,Combined TRACON& Tower with Radar,28,72,50,0,150,0,1,41,0,42,28,73,91,0,192,30,0,30,222
07/07/2006,CID,IA,ACE,CE,Combined TRACON& Tower with Radar,25,67,24,0,116,0,0,44,0,44,25,67,68,0,160,16,0,16,176
07/08/2006,CID,IA,ACE,CE,Combined TRACON& Tower with Radar,21,59,21,0,101,0,4,44,0,48,21,63,65,0,149,18,0,18,167
07/09/2006,CID,IA,ACE,CE,Combined TRACON& Tower with Radar,10,61,18,0,89,0,0,39,0,39,10,61,57,0,128,8,0,8,136
07/10/2006,CID,IA,ACE,CE,Combined TRACON& Tower with Radar,17,76,34,0,127,0,0,2,0,2,17,76,36,0,129,0,0,0,129
07/11/2006,CID,IA,ACE,CE,Combined TRACON& Tower with Radar,26,67,57,0,150,0,0,0,0,0,26,67,57,0,150,0,0,0,150
07/12/2006,CID,IA,ACE,CE,Combined TRACON& Tower with Radar,28,72,56,0,156,0,2,5,0,7,28,74,61,0,163,32,0,32,195
07/13/2006,CID,IA,ACE,CE,Combined TRACON& Tower with Radar,28,73,44,2,147,0,0,8,0,8,28,73,52,2,155,0,0,0,155
07/14/2006,CID,IA,ACE,CE,Combined TRACON& Tower with Radar,26,70,32,0,128,0,0,35,0,35,26,70,67,0,163,28,0,28,191
07/15/2006,CID,IA,ACE,CE,Combined TRACON& Tower with Radar,24,52,18,0,94,0,0,34,0,34,24,52,52,0,128,12,0,12,140
07/16/2006,CID,IA,ACE,CE,Combined TRACON& Tower with Radar,12,55,23,0,90,0,0,54,0,54,12,55,77,0,144,16,0,16,160
07/17/2006,CID,IA,ACE,CE,Combined TRACON& Tower with Radar,17,66,31,3,117,0,0,18,0,18,17,66,49,3,135,20,0,20,155
07/18/2006,CID,IA,ACE,CE,Combined TRACON& Tower with Radar,25,71,48,1,145,0,0,41,0,41,25,71,89,1,186,14,0,14,200
07/19/2006,CID,IA,ACE,CE,Combined TRACON& Tower with Radar,25,64,36,0,125,0,0,10,0,10,25,64,46,0,135,0,0,0,135
07/20/2006,CID,IA,ACE,CE,Combined TRACON& Tower with Radar,26,61,53,0,140,0,0,16,0,16,26,61,69,0,156,22,0,22,178
07/21/2006,CID,IA,ACE,CE,Combined TRACON& Tower with Radar,29,65,37,0,131,0,0,18,0,18,29,65,55,0,149,12,0,12,161
07/22/2006,CID,IA,ACE,CE,Combined TRACON& Tower with Radar,22,58,10,0,90,0,0,54,2,56,22,58,64,2,146,18,0,18,164
07/23/2006,CID,IA,ACE,CE,Combined TRACON& Tower with Radar,13,53,30,0,96,0,0,47,0,47,13,53,77,0,143,34,0,34,177
07/24/2006,CID,IA,ACE,CE,Combined TRACON& Tower with Radar,17,64,28,0,109,0,0,21,0,21,17,64,49,0,130,2,0,2,132
07/25/2006,CID,IA,ACE,CE,Combined TRACON& Tower with Radar,23,70,37,0,130,0,0,18,0,18,23,70,55,0,148,0,0,0,148
07/26/2006,CID,IA,ACE,CE,Combined TRACON& Tower with Radar,27,72,50,2,151,0,2,29,0,31,27,74,79,2,182,12,0,12,194
07/27/2006,CID,IA,ACE,CE,Combined TRACON& Tower with Radar,27,65,49,0,141,0,0,24,0,24,27,65,73,0,165,14,0,14,179
07/28/2006,CID,IA,ACE,CE,Combined TRACON& Tower with Radar,29,67,37,0,133,0,2,32,0,34,29,69,69,0,167,6,0,6,173
07/29/2006,CID,IA,ACE,CE,Combined TRACON& Tower with Radar,21,55,19,0,95,0,1,38,0,39,21,56,57,0,134,46,0,46,180
07/30/2006,CID,IA,ACE,CE,Combined TRACON& Tower with Radar,12,56,13,0,81,0,2,37,0,39,12,58,50,0,120,10,0,10,130
07/31/2006,CID,IA,ACE,CE,Combined TRACON& Tower with Radar,17,71,25,0,113,0,0,21,0,21,17,71,46,0,134,10,0,10,144
08/01/2006,CID,IA,ACE,CE,Combined TRACON& Tower with Radar,26,72,26,0,124,0,0,36,0,36,26,72,62,0,160,18,0,18,178
08/02/2006,CID,IA,ACE,CE,Combined TRACON& Tower with Radar,21,67,30,2,120,0,0,28,0,28,21,67,58,2,148,52,0,52,200
08/03/2006,CID,IA,ACE,CE,Combined TRACON& Tower with Radar,25,73,46,0,144,0,0,48,0,48,25,73,94,0,192,32,0,32,224
08/04/2006,CID,IA,ACE,CE,Combined TRACON& Tower with Radar,21,73,17,0,111,0,0,50,0,50,21,73,67,0,161,20,0,20,181
08/05/2006,CID,IA,ACE,CE,Combined TRACON& Tower with Radar,19,55,18,0,92,0,0,33,0,33,19,55,51,0,125,34,0,34,159
08/06/2006,CID,IA,ACE,CE,Combined TRACON& Tower with Radar,10,55,19,0,84,0,0,42,0,42,10,55,61,0,126,28,0,28,154
08/07/2006,CID,IA,ACE,CE,Combined TRACON& Tower with Radar,13,70,25,0,108,0,1,43,0,44,13,71,68,0,152,12,0,12,164
08/08/2006,CID,IA,ACE,CE,Combined TRACON& Tower with Radar,26,72,33,0,131,0,1,19,1,21,26,73,52,1,152,10,0,10,162
08/09/2006,CID,IA,ACE,CE,Combined TRACON& Tower with Radar,26,82,38,1,147,0,0,18,0,18,26,82,56,1,165,56,0,56,221
08/10/2006,CID,IA,ACE,CE,Combined TRACON& Tower with Radar,20,67,37,0,124,0,0,32,0,32,20,67,69,0,156,20,0,20,176
08/11/2006,CID,IA,ACE,CE,Combined TRACON& Tower with Radar,20,79,51,0,150,0,0,20,0,20,20,79,71,0,170,38,0,38,208
08/12/2006,CID,IA,ACE,CE,Combined TRACON& Tower with Radar,21,54,17,0,92,0,0,63,0,63,21,54,80,0,155,52,0,52,207
08/13/2006,CID,IA,ACE,CE,Combined TRACON& Tower with Radar,10,58,21,0,89,0,0,32,0,32,10,58,53,0,121,2,0,2,123
08/14/2006,CID,IA,ACE,CE,Combined TRACON& Tower with Radar,17,76,25,0,118,0,2,29,0,31,17,78,54,0,149,40,0,40,189
08/15/2006,CID,IA,ACE,CE,Combined TRACON& Tower with Radar,18,68,41,0,127,0,0,29,0,29,18,68,70,0,156,16,0,16,172
08/16/2006,CID,IA,ACE,CE,Combined TRACON& Tower with Radar,23,72,47,0,142,0,1,58,2,61,23,73,105,2,203,34,0,34,237
08/17/2006,CID,IA,ACE,CE,Combined TRACON& Tower with Radar,22,75,49,0,146,0,0,7,0,7,22,75,56,0,153,4,0,4,157
08/18/2006,CID,IA,ACE,CE,Combined TRACON& Tower with Radar,21,74,22,0,117,0,0,3,0,3,21,74,25,0,120,8,0,8,128
08/19/2006,CID,IA,ACE,CE,Combined TRACON& Tower with Radar,21,56,11,0,88,0,0,12,0,12,21,56,23,0,100,36,0,36,136
08/20/2006,CID,IA,ACE,CE,Combined TRACON& Tower with Radar,12,59,33,0,104,0,3,101,0,104,12,62,134,0,208,10,0,10,218
08/21/2006,CID,IA,ACE,CE,Combined TRACON& Tower with Radar,15,69,36,0,120,0,5,40,0,45,15,74,76,0,165,64,0,64,229
08/22/2006,CID,IA,ACE,CE,Combined TRACON& Tower with Radar,25,70,65,0,160,0,0,41,0,41,25,70,106,0,201,22,0,22,223
08/23/2006,CID,IA,ACE,CE,Combined TRACON& Tower with Radar,27,78,53,1,159,0,0,54,0,54,27,78,107,1,213,20,0,20,233
08/24/2006,CID,IA,ACE,CE,Combined TRACON& Tower with Radar,28,62,46,0,136,0,0,34,0,34,28,62,80,0,170,34,0,34,204
08/25/2006,CID,IA,ACE,CE,Combined TRACON& Tower with Radar,33,67,42,0,142,0,0,26,0,26,33,67,68,0,168,8,0,8,176
08/26/2006,CID,IA,ACE,CE,Combined TRACON& Tower with Radar,15,65,28,0,108,0,0,10,0,10,15,65,38,0,118,30,0,30,148
08/27/2006,CID,IA,ACE,CE,Combined TRACON& Tower with Radar,10,65,25,0,100,0,0,26,0,26,10,65,51,0,126,40,0,40,166
08/28/2006,CID,IA,ACE,CE,Combined TRACON& Tower with Radar,18,62,35,0,115,0,0,3,0,3,18,62,38,0,118,14,0,14,132
08/29/2006,CID,IA,ACE,CE,Combined TRACON& Tower with Radar,24,69,91,0,184,0,0,26,0,26,24,69,117,0,210,54,0,54,264
08/30/2006,CID,IA,ACE,CE,Combined TRACON& Tower with Radar,29,66,62,0,157,0,0,72,0,72,29,66,134,0,229,26,0,26,255
08/31/2006,CID,IA,ACE,CE,Combined TRACON& Tower with Radar,26,64,68,0,158,0,0,68,0,68,26,64,136,0,226,42,0,42,268
09/01/2006,CID,IA,ACE,CE,Combined TRACON& Tower with Radar,27,73,49,0,149,0,0,49,1,50,27,73,98,1,199,38,0,38,237
09/02/2006,CID,IA,ACE,CE,Combined TRACON& Tower with Radar,22,49,25,0,96,0,0,36,0,36,22,49,61,0,132,22,0,22,154
09/03/2006,CID,IA,ACE,CE,Combined TRACON& Tower with Radar,8,52,4,0,64,0,0,5,0,5,8,52,9,0,69,8,0,8,77
09/04/2006,CID,IA,ACE,CE,Combined TRACON& Tower with Radar,17,57,24,0,98,0,0,20,0,20,17,57,44,0,118,26,0,26,144
09/05/2006,CID,IA,ACE,CE,Combined TRACON& Tower with Radar,17,71,40,0,128,0,0,32,0,32,17,71,72,0,160,14,0,14,174
09/06/2006,CID,IA,ACE,CE,Combined TRACON& Tower with Radar,32,64,46,1,143,0,0,34,0,34,32,64,80,1,177,22,0,22,199
09/07/2006,CID,IA,ACE,CE,Combined TRACON& Tower with Radar,30,72,40,0,142,0,0,39,0,39,30,72,79,0,181,22,0,22,203
09/08/2006,CID,IA,ACE,CE,Combined TRACON& Tower with Radar,34,61,40,0,135,0,0,46,0,46,34,61,86,0,181,32,0,32,213
09/09/2006,CID,IA,ACE,CE,Combined TRACON& Tower with Radar,25,48,16,0,89,0,0,1,0,1,25,48,17,0,90,0,0,0,90
09/10/2006,CID,IA,ACE,CE,Combined TRACON& Tower with Radar,15,59,19,0,93,0,0,0,0,0,15,59,19,0,93,0,0,0,93
09/11/2006,CID,IA,ACE,CE,Combined TRACON& Tower with Radar,20,65,16,0,101,0,0,0,0,0,20,65,16,0,101,0,0,0,101
09/12/2006,CID,IA,ACE,CE,Combined TRACON& Tower with Radar,33,63,53,0,149,0,0,1,0,1,33,63,54,0,150,0,0,0,150
09/13/2006,CID,IA,ACE,CE,Combined TRACON& Tower with Radar,35,69,46,0,150,0,2,49,0,51,35,71,95,0,201,18,0,18,219
09/14/2006,CID,IA,ACE,CE,Combined TRACON& Tower with Radar,36,65,47,0,148,0,0,29,0,29,36,65,76,0,177,42,0,42,219
09/15/2006,CID,IA,ACE,CE,Combined TRACON& Tower with Radar,32,65,37,0,134,0,0,36,0,36,32,65,73,0,170,74,0,74,244
09/16/2006,CID,IA,ACE,CE,Combined TRACON& Tower with Radar,29,45,11,0,85,0,0,22,0,22,29,45,33,0,107,20,0,20,127
09/17/2006,CID,IA,ACE,CE,Combined TRACON& Tower with Radar,14,54,21,0,89,0,0,7,0,7,14,54,28,0,96,6,0,6,102
09/18/2006,CID,IA,ACE,CE,Combined TRACON& Tower with Radar,25,71,39,1,136,0,0,23,0,23,25,71,62,1,159,0,0,0,159
09/19/2006,CID,IA,ACE,CE,Combined TRACON& Tower with Radar,32,64,49,0,145,0,0,24,0,24,32,64,73,0,169,0,0,0,169
09/20/2006,CID,IA,ACE,CE,Combined TRACON& Tower with Radar,36,64,44,1,145,0,0,52,0,52,36,64,96,1,197,52,0,52,249
09/21/2006,CID,IA,ACE,CE,Combined TRACON& Tower with Radar,30,62,56,0,148,0,0,27,0,27,30,62,83,0,175,30,0,30,205
09/22/2006,CID,IA,ACE,CE,Combined TRACON& Tower with Radar,35,61,35,0,131,0,0,14,0,14,35,61,49,0,145,12,0,12,157
09/23/2006,CID,IA,ACE,CE,Combined TRACON& Tower with Radar,26,42,10,0,78,0,0,25,0,25,26,42,35,0,103,6,0,6,109
09/24/2006,CID,IA,ACE,CE,Combined TRACON& Tower with Radar,15,62,22,0,99,0,2,53,0,55,15,64,75,0,154,58,0,58,212
09/25/2006,CID,IA,ACE,CE,Combined TRACON& Tower with Radar,25,65,36,4,130,0,0,43,0,43,25,65,79,4,173,72,12,84,257
09/26/2006,CID,IA,ACE,CE,Combined TRACON& Tower with Radar,31,64,43,0,138,0,0,47,0,47,31,64,90,0,185,18,0,18,203
09/27/2006,CID,IA,ACE,CE,Combined TRACON& Tower with Radar,30,60,54,0,144,0,2,32,0,34,30,62,86,0,178,40,0,40,218
09/28/2006,CID,IA,ACE,CE,Combined TRACON& Tower with Radar,33,65,36,0,134,0,0,33,0,33,33,65,69,0,167,20,0,20,187
09/29/2006,CID,IA,ACE,CE,Combined TRACON& Tower with Radar,35,66,47,0,148,0,0,27,2,29,35,66,74,2,177,14,0,14,191
09/30/2006,CID,IA,ACE,CE,Combined TRACON& Tower with Radar,29,48,30,0,107,0,3,39,2,44,29,51,69,2,151,56,0,56,207
10/01/2006,CID,IA,ACE,CE,Combined TRACON& Tower with Radar,17,62,29,0,108,0,0,64,0,64,17,62,93,0,172,46,0,46,218
10/02/2006,CID,IA,ACE,CE,Combined TRACON& Tower with Radar,23,52,32,0,107,0,0,29,0,29,23,52,61,0,136,8,0,8,144
10/03/2006,CID,IA,ACE,CE,Combined TRACON& Tower with Radar,34,61,45,0,140,0,0,34,0,34,34,61,79,0,174,2,0,2,176
10/04/2006,CID,IA,ACE,CE,Combined TRACON& Tower with Radar,34,57,48,0,139,0,0,13,0,13,34,57,61,0,152,0,0,0,152
10/05/2006,CID,IA,ACE,CE,Combined TRACON& Tower with Radar,33,70,38,0,141,0,5,36,2,43,33,75,74,2,184,24,0,24,208
10/06/2006,CID,IA,ACE,CE,Combined TRACON& Tower with Radar,31,67,41,0,139,0,0,39,0,39,31,67,80,0,178,28,0,28,206
10/07/2006,CID,IA,ACE,CE,Combined TRACON& Tower with Radar,30,49,17,0,96,0,0,42,0,42,30,49,59,0,138,6,0,6,144
10/08/2006,CID,IA,ACE,CE,Combined TRACON& Tower with Radar,15,63,29,0,107,0,0,47,1,48,15,63,76,1,155,26,0,26,181
10/09/2006,CID,IA,ACE,CE,Combined TRACON& Tower with Radar,25,55,43,0,123,0,0,17,0,17,25,55,60,0,140,16,0,16,156
10/10/2006,CID,IA,ACE,CE,Combined TRACON& Tower with Radar,30,64,55,0,149,0,0,17,0,17,30,64,72,0,166,8,0,8,174
10/11/2006,CID,IA,ACE,CE,Combined TRACON& Tower with Radar,34,62,49,0,145,0,0,4,0,4,34,62,53,0,149,0,0,0,149
10/12/2006,CID,IA,ACE,CE,Combined TRACON& Tower with Radar,33,58,45,0,136,0,0,15,0,15,33,58,60,0,151,4,0,4,155
10/13/2006,CID,IA,ACE,CE,Combined TRACON& Tower with Radar,34,60,27,0,121,0,0,24,0,24,34,60,51,0,145,6,0,6,151
10/14/2006,CID,IA,ACE,CE,Combined TRACON& Tower with Radar,29,47,27,0,103,0,1,44,0,45,29,48,71,0,148,10,0,10,158
10/15/2006,CID,IA,ACE,CE,Combined TRACON& Tower with Radar,17,55,29,0,101,0,0,35,0,35,17,55,64,0,136,80,0,80,216
10/16/2006,CID,IA,ACE,CE,Combined TRACON& Tower with Radar,22,61,43,2,128,0,0,4,0,4,22,61,47,2,132,0,2,2,134
10/17/2006,CID,IA,ACE,CE,Combined TRACON& Tower with Radar,31,63,62,0,156,0,0,1,0,1,31,63,63,0,157,0,0,0,157
10/18/2006,CID,IA,ACE,CE,Combined TRACON& Tower with Radar,35,62,61,0,158,0,0,3,0,3,35,62,64,0,161,0,0,0,161
10/19/2006,CID,IA,ACE,CE,Combined TRACON& Tower with Radar,33,66,63,1,163,0,0,47,2,49,33,66,110,3,212,116,0,116,328
10/20/2006,CID,IA,ACE,CE,Combined TRACON& Tower with Radar,34,62,25,0,121,0,0,39,0,39,34,62,64,0,160,20,0,20,180
10/21/2006,CID,IA,ACE,CE,Combined TRACON& Tower with Radar,26,45,5,0,76,0,0,1,0,1,26,45,6,0,77,0,0,0,77
10/22/2006,CID,IA,ACE,CE,Combined TRACON& Tower with Radar,16,52,24,0,92,0,0,18,4,22,16,52,42,4,114,4,0,4,118
10/23/2006,CID,IA,ACE,CE,Combined TRACON& Tower with Radar,23,62,26,0,111,0,0,17,0,17,23,62,43,0,128,2,0,2,130
10/24/2006,CID,IA,ACE,CE,Combined TRACON& Tower with Radar,29,60,38,0,127,0,0,54,0,54,29,60,92,0,181,46,0,46,227
10/25/2006,CID,IA,ACE,CE,Combined TRACON& Tower with Radar,32,60,40,0,132,0,0,46,0,46,32,60,86,0,178,66,0,66,244
10/26/2006,CID,IA,ACE,CE,Combined TRACON& Tower with Radar,33,59,31,0,123,0,0,0,0,0,33,59,31,0,123,0,0,0,123
10/27/2006,CID,IA,ACE,CE,Combined TRACON& Tower with Radar,30,63,45,0,138,0,0,11,0,11,30,63,56,0,149,0,0,0,149
10/28/2006,CID,IA,ACE,CE,Combined TRACON& Tower with Radar,32,44,13,0,89,0,0,36,0,36,32,44,49,0,125,46,0,46,171
10/29/2006,CID,IA,ACE,CE,Combined TRACON& Tower with Radar,20,49,13,0,82,0,0,54,0,54,20,49,67,0,136,92,0,92,228
10/30/2006,CID,IA,ACE,CE,Combined TRACON& Tower with Radar,25,60,36,0,121,0,0,17,0,17,25,60,53,0,138,0,0,0,138
10/31/2006,CID,IA,ACE,CE,Combined TRACON& Tower with Radar,43,63,44,0,150,0,0,27,0,27,43,63,71,0,177,10,0,10,187
11/01/2006,CID,IA,ACE,CE,Combined TRACON& Tower with Radar,44,62,38,0,144,0,0,22,0,22,44,62,60,0,166,16,0,16,182
11/02/2006,CID,IA,ACE,CE,Combined TRACON& Tower with Radar,43,60,54,0,157,0,1,35,0,36,43,61,89,0,193,8,0,8,201
11/03/2006,CID,IA,ACE,CE,Combined TRACON& Tower with Radar,38,65,23,4,130,0,0,42,2,44,38,65,65,6,174,14,0,14,188
11/04/2006,CID,IA,ACE,CE,Combined TRACON& Tower with Radar,26,46,9,0,81,0,0,16,0,16,26,46,25,0,97,32,0,32,129
11/05/2006,CID,IA,ACE,CE,Combined TRACON& Tower with Radar,15,54,24,0,93,0,0,63,0,63,15,54,87,0,156,32,0,32,188
11/06/2006,CID,IA,ACE,CE,Combined TRACON& Tower with Radar,27,74,42,0,143,0,0,5,0,5,27,74,47,0,148,6,0,6,154
11/07/2006,CID,IA,ACE,CE,Combined TRACON& Tower with Radar,27,63,41,0,131,0,0,13,0,13,27,63,54,0,144,34,0,34,178
11/08/2006,CID,IA,ACE,CE,Combined TRACON& Tower with Radar,37,65,44,0,146,0,1,46,0,47,37,66,90,0,193,42,0,42,235
11/09/2006,CID,IA,ACE,CE,Combined TRACON& Tower with Radar,33,72,52,0,157,0,1,41,0,42,33,73,93,0,199,36,0,36,235
11/10/2006,CID,IA,ACE,CE,Combined TRACON& Tower with Radar,35,64,37,0,136,0,0,0,0,0,35,64,37,0,136,0,0,0,136
11/11/2006,CID,IA,ACE,CE,Combined TRACON& Tower with Radar,27,41,30,2,100,0,0,30,0,30,27,41,60,2,130,32,0,32,162
11/12/2006,CID,IA,ACE,CE,Combined TRACON& Tower with Radar,17,50,34,0,101,0,1,45,0,46,17,51,79,0,147,40,0,40,187
11/13/2006,CID,IA,ACE,CE,Combined TRACON& Tower with Radar,26,65,33,1,125,0,0,12,0,12,26,65,45,1,137,0,0,0,137
11/14/2006,CID,IA,ACE,CE,Combined TRACON& Tower with Radar,28,69,40,1,138,0,0,0,0,0,28,69,40,1,138,0,0,0,138
11/15/2006,CID,IA,ACE,CE,Combined TRACON& Tower with Radar,31,61,48,1,141,0,0,9,0,9,31,61,57,1,150,2,0,2,152
11/16/2006,CID,IA,ACE,CE,Combined TRACON& Tower with Radar,33,69,55,1,158,0,0,1,0,1,33,69,56,1,159,0,0,0,159
11/17/2006,CID,IA,ACE,CE,Combined TRACON& Tower with Radar,33,72,38,0,143,0,5,35,0,40,33,77,73,0,183,32,0,32,215
11/18/2006,CID,IA,ACE,CE,Combined TRACON& Tower with Radar,29,45,15,3,92,0,1,4,1,6,29,46,19,4,98,18,0,18,116
11/19/2006,CID,IA,ACE,CE,Combined TRACON& Tower with Radar,19,53,16,0,88,0,2,58,0,60,19,55,74,0,148,58,0,58,206
11/20/2006,CID,IA,ACE,CE,Combined TRACON& Tower with Radar,25,65,40,0,130,0,0,32,0,32,25,65,72,0,162,22,0,22,184
11/21/2006,CID,IA,ACE,CE,Combined TRACON& Tower with Radar,32,67,42,0,141,0,1,31,0,32,32,68,73,0,173,28,0,28,201
11/22/2006,CID,IA,ACE,CE,Combined TRACON& Tower with Radar,33,61,37,0,131,0,0,63,0,63,33,61,100,0,194,20,0,20,214
11/23/2006,CID,IA,ACE,CE,Combined TRACON& Tower with Radar,21,42,8,0,71,0,0,28,0,28,21,42,36,0,99,8,0,8,107
11/24/2006,CID,IA,ACE,CE,Combined TRACON& Tower with Radar,14,54,16,0,84,0,0,62,0,62,14,54,78,0,146,48,0,48,194
11/25/2006,CID,IA,ACE,CE,Combined TRACON& Tower with Radar,20,51,14,0,85,0,0,22,0,22,20,51,36,0,107,46,0,46,153
11/26/2006,CID,IA,ACE,CE,Combined TRACON& Tower with Radar,18,56,23,0,97,0,0,9,0,9,18,56,32,0,106,62,0,62,168
11/27/2006,CID,IA,ACE,CE,Combined TRACON& Tower with Radar,25,63,43,0,131,0,0,2,0,2,25,63,45,0,133,0,0,0,133
11/28/2006,CID,IA,ACE,CE,Combined TRACON& Tower with Radar,35,72,44,0,151,0,0,12,0,12,35,72,56,0,163,0,0,0,163
11/29/2006,CID,IA,ACE,CE,Combined TRACON& Tower with Radar,33,62,30,0,125,0,0,6,0,6,33,62,36,0,131,0,0,0,131
11/30/2006,CID,IA,ACE,CE,Combined TRACON& Tower with Radar,35,54,21,0,110,0,0,21,0,21,35,54,42,0,131,6,0,6,137
12/01/2006,CID,IA,ACE,CE,Combined TRACON& Tower with Radar,33,49,33,0,115,0,0,27,0,27,33,49,60,0,142,2,0,2,144
12/02/2006,CID,IA,ACE,CE,Combined TRACON& Tower with Radar,29,40,14,0,83,0,1,29,0,30,29,41,43,0,113,52,0,52,165
12/03/2006,CID,IA,ACE,CE,Combined TRACON& Tower with Radar,15,49,24,0,88,0,0,12,0,12,15,49,36,0,100,6,0,6,106
12/04/2006,CID,IA,ACE,CE,Combined TRACON& Tower with Radar,23,67,48,0,138,0,0,18,0,18,23,67,66,0,156,4,0,4,160
12/05/2006,CID,IA,ACE,CE,Combined TRACON& Tower with Radar,36,73,58,0,167,0,0,33,0,33,36,73,91,0,200,20,0,20,220
12/06/2006,CID,IA,ACE,CE,Combined TRACON& Tower with Radar,34,73,52,0,159,0,0,16,0,16,34,73,68,0,175,0,0,0,175
12/07/2006,CID,IA,ACE,CE,Combined TRACON& Tower with Radar,35,67,40,0,142,0,2,21,0,23,35,69,61,0,165,30,0,30,195
12/08/2006,CID,IA,ACE,CE,Combined TRACON& Tower with Radar,37,74,28,0,139,0,0,28,0,28,37,74,56,0,167,26,0,26,193
12/09/2006,CID,IA,ACE,CE,Combined TRACON& Tower with Radar,24,46,13,0,83,0,2,44,0,46,24,48,57,0,129,20,0,20,149
12/10/2006,CID,IA,ACE,CE,Combined TRACON& Tower with Radar,16,54,14,0,84,0,0,30,0,30,16,54,44,0,114,34,0,34,148
12/11/2006,CID,IA,ACE,CE,Combined TRACON& Tower with Radar,25,56,30,2,113,0,0,7,0,7,25,56,37,2,120,8,0,8,128
12/12/2006,CID,IA,ACE,CE,Combined TRACON& Tower with Radar,34,61,45,0,140,0,0,0,0,0,34,61,45,0,140,0,0,0,140
12/13/2006,CID,IA,ACE,CE,Combined TRACON& Tower with Radar,32,69,42,0,143,0,0,30,0,30,32,69,72,0,173,18,0,18,191
12/14/2006,CID,IA,ACE,CE,Combined TRACON& Tower with Radar,34,63,57,0,154,0,0,27,0,27,34,63,84,0,181,20,0,20,201
12/15/2006,CID,IA,ACE,CE,Combined TRACON& Tower with Radar,37,68,40,0,145,0,0,43,0,43,37,68,83,0,188,60,0,60,248
12/16/2006,CID,IA,ACE,CE,Combined TRACON& Tower with Radar,26,52,18,0,96,0,0,1,0,1,26,52,19,0,97,52,0,52,149
12/17/2006,CID,IA,ACE,CE,Combined TRACON& Tower with Radar,23,53,20,1,97,0,1,56,2,59,23,54,76,3,156,50,0,50,206
12/18/2006,CID,IA,ACE,CE,Combined TRACON& Tower with Radar,26,71,49,0,146,0,0,40,0,40,26,71,89,0,186,44,0,44,230
12/19/2006,CID,IA,ACE,CE,Combined TRACON& Tower with Radar,30,70,37,0,137,0,0,0,0,0,30,70,37,0,137,54,0,54,191
12/20/2006,CID,IA,ACE,CE,Combined TRACON& Tower with Radar,33,67,36,0,136,0,0,3,0,3,33,67,39,0,139,8,0,8,147
12/21/2006,CID,IA,ACE,CE,Combined TRACON& Tower with Radar,20,42,36,0,98,0,0,0,0,0,20,42,36,0,98,0,0,0,98
12/22/2006,CID,IA,ACE,CE,Combined TRACON& Tower with Radar,27,56,20,0,103,0,0,0,0,0,27,56,20,0,103,0,0,0,103
12/23/2006,CID,IA,ACE,CE,Combined TRACON& Tower with Radar,26,63,12,0,101,0,1,27,0,28,26,64,39,0,129,24,0,24,153
12/24/2006,CID,IA,ACE,CE,Combined TRACON& Tower with Radar,18,44,11,0,73,0,0,27,0,27,18,44,38,0,100,34,0,34,134
12/25/2006,CID,IA,ACE,CE,Combined TRACON& Tower with Radar,18,48,6,0,72,0,0,6,0,6,18,48,12,0,78,0,0,0,78
12/26/2006,CID,IA,ACE,CE,Combined TRACON& Tower with Radar,20,59,23,0,102,0,0,61,0,61,20,59,84,0,163,50,0,50,213
12/27/2006,CID,IA,ACE,CE,Combined TRACON& Tower with Radar,35,73,24,0,132,0,4,50,0,54,35,77,74,0,186,60,0,60,246
12/28/2006,CID,IA,ACE,CE,Combined TRACON& Tower with Radar,35,68,25,0,128,0,0,42,0,42,35,68,67,0,170,46,0,46,216
12/29/2006,CID,IA,ACE,CE,Combined TRACON& Tower with Radar,26,62,13,0,101,0,0,26,0,26,26,62,39,0,127,14,0,14,141
12/30/2006,CID,IA,ACE,CE,Combined TRACON& Tower with Radar,25,51,2,0,78,0,0,3,0,3,25,51,5,0,81,14,0,14,95
12/31/2006,CID,IA,ACE,CE,Combined TRACON& Tower with Radar,23,48,11,0,82,0,0,0,0,0,23,48,11,0,82,0,0,0,82
01/01/2007,CID,IA,ACE,CE,Combined TRACON& Tower with Radar,18,46,3,0,67,0,0,15,0,15,18,46,18,0,82,18,0,18,100
01/02/2007,CID,IA,ACE,CE,Combined TRACON& Tower with Radar,16,64,25,0,105,0,0,33,0,33,16,64,58,0,138,12,0,12,150
01/03/2007,CID,IA,ACE,CE,Combined TRACON& Tower with Radar,31,69,41,0,141,0,0,25,0,25,31,69,66,0,166,28,0,28,194
01/04/2007,CID,IA,ACE,CE,Combined TRACON& Tower with Radar,28,67,33,0,128,0,0,16,0,16,28,67,49,0,144,10,0,10,154
01/05/2007,CID,IA,ACE,CE,Combined TRACON& Tower with Radar,33,67,15,0,115,0,0,4,0,4,33,67,19,0,119,16,0,16,135
01/06/2007,CID,IA,ACE,CE,Combined TRACON& Tower with Radar,26,53,13,1,93,0,4,80,2,86,26,57,93,3,179,82,0,82,261
01/07/2007,CID,IA,ACE,CE,Combined TRACON& Tower with Radar,17,56,17,0,90,0,0,24,0,24,17,56,41,0,114,10,0,10,124
01/08/2007,CID,IA,ACE,CE,Combined TRACON& Tower with Radar,19,72,28,1,120,0,0,8,1,9,19,72,36,2,129,12,0,12,141
01/09/2007,CID,IA,ACE,CE,Combined TRACON& Tower with Radar,27,69,46,1,143,0,1,19,1,21,27,70,65,2,164,2,0,2,166
01/10/2007,CID,IA,ACE,CE,Combined TRACON& Tower with Radar,32,72,38,0,142,0,0,15,2,17,32,72,53,2,159,12,0,12,171
01/11/2007,CID,IA,ACE,CE,Combined TRACON& Tower with Radar,27,67,30,2,126,0,0,11,1,12,27,67,41,3,138,4,0,4,142
01/12/2007,CID,IA,ACE,CE,Combined TRACON& Tower with Radar,28,73,35,1,137,0,0,6,0,6,28,73,41,1,143,4,0,4,147
01/13/2007,CID,IA,ACE,CE,Combined TRACON& Tower with Radar,26,51,7,0,84,0,0,1,0,1,26,51,8,0,85,0,0,0,85
01/14/2007,CID,IA,ACE,CE,Combined TRACON& Tower with Radar,10,49,4,0,63,0,0,0,0,0,10,49,4,0,63,0,0,0,63
01/15/2007,CID,IA,ACE,CE,Combined TRACON& Tower with Radar,16,54,15,0,85,0,0,0,0,0,16,54,15,0,85,6,0,6,91
01/16/2007,CID,IA,ACE,CE,Combined TRACON& Tower with Radar,28,63,39,11,141,0,0,12,1,13,28,63,51,12,154,0,2,2,156
01/17/2007,CID,IA,ACE,CE,Combined TRACON& Tower with Radar,31,71,46,3,151,0,0,22,0,22,31,71,68,3,173,4,0,4,177
01/18/2007,CID,IA,ACE,CE,Combined TRACON& Tower with Radar,30,65,33,5,133,0,0,4,0,4,30,65,37,5,137,0,0,0,137
01/19/2007,CID,IA,ACE,CE,Combined TRACON& Tower with Radar,29,74,46,3,152,0,0,50,3,53,29,74,96,6,205,38,0,38,243
01/20/2007,CID,IA,ACE,CE,Combined TRACON& Tower with Radar,27,54,30,2,113,0,0,57,0,57,27,54,87,2,170,32,0,32,202
01/21/2007,CID,IA,ACE,CE,Combined TRACON& Tower with Radar,8,44,2,0,54,0,0,0,0,0,8,44,2,0,54,0,0,0,54
01/22/2007,CID,IA,ACE,CE,Combined TRACON& Tower with Radar,20,64,27,8,119,0,0,1,0,1,20,64,28,8,120,16,0,16,136
01/23/2007,CID,IA,ACE,CE,Combined TRACON& Tower with Radar,29,73,34,8,144,0,0,16,2,18,29,73,50,10,162,20,0,20,182
01/24/2007,CID,IA,ACE,CE,Combined TRACON& Tower with Radar,29,72,36,3,140,0,0,0,0,0,29,72,36,3,140,0,0,0,140
01/25/2007,CID,IA,ACE,CE,Combined TRACON& Tower with Radar,30,76,42,2,150,0,0,16,0,16,30,76,58,2,166,84,6,90,256
01/26/2007,CID,IA,ACE,CE,Combined TRACON& Tower with Radar,30,72,24,0,126,0,0,34,0,34,30,72,58,0,160,26,0,26,186
01/27/2007,CID,IA,ACE,CE,Combined TRACON& Tower with Radar,29,54,9,0,92,0,0,17,0,17,29,54,26,0,109,6,0,6,115
01/28/2007,CID,IA,ACE,CE,Combined TRACON& Tower with Radar,11,58,12,0,81,0,0,24,0,24,11,58,36,0,105,6,0,6,111
01/29/2007,CID,IA,ACE,CE,Combined TRACON& Tower with Radar,21,66,44,1,132,0,0,6,2,8,21,66,50,3,140,12,0,12,152
01/30/2007,CID,IA,ACE,CE,Combined TRACON& Tower with Radar,27,71,23,6,127,0,2,10,1,13,27,73,33,7,140,0,0,0,140
01/31/2007,CID,IA,ACE,CE,Combined TRACON& Tower with Radar,32,70,27,3,132,0,0,4,0,4,32,70,31,3,136,8,0,8,144
02/01/2007,CID,IA,ACE,CE,Combined TRACON& Tower with Radar,30,72,42,4,148,0,2,22,0,24,30,74,64,4,172,14,0,14,186
02/02/2007,CID,IA,ACE,CE,Combined TRACON& Tower with Radar,31,70,28,0,129,0,0,8,0,8,31,70,36,0,137,0,0,0,137
02/03/2007,CID,IA,ACE,CE,Combined TRACON& Tower with Radar,25,53,17,0,95,0,0,4,2,6,25,53,21,2,101,0,0,0,101
02/04/2007,CID,IA,ACE,CE,Combined TRACON& Tower with Radar,10,54,11,0,75,0,0,9,0,9,10,54,20,0,84,6,0,6,90
02/05/2007,CID,IA,ACE,CE,Combined TRACON& Tower with Radar,25,66,29,0,120,0,1,3,0,4,25,67,32,0,124,18,0,18,142
02/06/2007,CID,IA,ACE,CE,Combined TRACON& Tower with Radar,23,58,25,0,106,0,0,0,0,0,23,58,25,0,106,0,0,0,106
02/07/2007,CID,IA,ACE,CE,Combined TRACON& Tower with Radar,26,77,31,3,137,0,0,10,0,10,26,77,41,3,147,0,0,0,147
02/08/2007,CID,IA,ACE,CE,Combined TRACON& Tower with Radar,30,75,46,0,151,0,1,15,2,18,30,76,61,2,169,0,0,0,169
02/09/2007,CID,IA,ACE,CE,Combined TRACON& Tower with Radar,28,75,43,0,146,0,0,37,0,37,28,75,80,0,183,22,0,22,205
02/10/2007,CID,IA,ACE,CE,Combined TRACON& Tower with Radar,29,56,17,0,102,0,2,35,0,37,29,58,52,0,139,6,0,6,145
02/11/2007,CID,IA,ACE,CE,Combined TRACON& Tower with Radar,12,59,14,0,85,0,0,19,3,22,12,59,33,3,107,56,0,56,163
02/12/2007,CID,IA,ACE,CE,Combined TRACON& Tower with Radar,19,65,28,0,112,0,0,1,0,1,19,65,29,0,113,0,0,0,113
02/13/2007,CID,IA,ACE,CE,Combined TRACON& Tower with Radar,24,64,23,0,111,0,0,0,0,0,24,64,23,0,111,0,0,0,111
02/14/2007,CID,IA,ACE,CE,Combined TRACON& Tower with Radar,30,72,25,0,127,0,0,20,0,20,30,72,45,0,147,10,0,10,157
02/15/2007,CID,IA,ACE,CE,Combined TRACON& Tower with Radar,30,66,37,0,133,0,0,18,0,18,30,66,55,0,151,8,0,8,159
02/16/2007,CID,IA,ACE,CE,Combined TRACON& Tower with Radar,23,73,27,0,123,0,0,8,0,8,23,73,35,0,131,10,0,10,141
02/17/2007,CID,IA,ACE,CE,Combined TRACON& Tower with Radar,26,60,6,0,92,0,0,10,0,10,26,60,16,0,102,4,0,4,106
02/18/2007,CID,IA,ACE,CE,Combined TRACON& Tower with Radar,12,60,21,0,93,0,0,39,0,39,12,60,60,0,132,80,0,80,212
02/19/2007,CID,IA,ACE,CE,Combined TRACON& Tower with Radar,17,63,38,4,122,0,0,25,1,26,17,63,63,5,148,42,0,42,190
02/20/2007,CID,IA,ACE,CE,Combined TRACON& Tower with Radar,24,73,47,0,144,0,0,36,0,36,24,73,83,0,180,14,0,14,194
02/21/2007,CID,IA,ACE,CE,Combined TRACON& Tower with Radar,28,60,40,3,131,0,0,35,2,37,28,60,75,5,168,46,0,46,214
02/22/2007,CID,IA,ACE,CE,Combined TRACON& Tower with Radar,28,78,44,2,152,0,0,32,0,32,28,78,76,2,184,42,0,42,226
02/23/2007,CID,IA,ACE,CE,Combined TRACON& Tower with Radar,27,69,34,4,134,0,0,15,1,16,27,69,49,5,150,0,2,2,152
02/24/2007,CID,IA,ACE,CE,Combined TRACON& Tower with Radar,17,14,2,0,33,0,0,0,0,0,17,14,2,0,33,0,0,0,33
02/25/2007,CID,IA,ACE,CE,Combined TRACON& Tower with Radar,4,19,8,0,31,0,0,0,0,0,4,19,8,0,31,0,0,0,31
02/26/2007,CID,IA,ACE,CE,Combined TRACON& Tower with Radar,17,70,29,2,118,0,1,6,2,9,17,71,35,4,127,0,0,0,127
02/27/2007,CID,IA,ACE,CE,Combined TRACON& Tower with Radar,27,73,31,0,131,0,0,5,0,5,27,73,36,0,136,34,0,34,170
02/28/2007,CID,IA,ACE,CE,Combined TRACON& Tower with Radar,32,72,22,0,126,0,0,4,0,4,32,72,26,0,130,0,0,0,130
03/01/2007,CID,IA,ACE,CE,Combined TRACON& Tower with Radar,29,47,30,0,106,0,0,0,0,0,29,47,30,0,106,0,0,0,106
03/02/2007,CID,IA,ACE,CE,Combined TRACON& Tower with Radar,26,60,13,0,99,0,0,0,0,0,26,60,13,0,99,0,0,0,99
03/03/2007,CID,IA,ACE,CE,Combined TRACON& Tower with Radar,24,51,11,0,86,0,0,7,0,7,24,51,18,0,93,0,0,0,93
03/04/2007,CID,IA,ACE,CE,Combined TRACON& Tower with Radar,13,56,22,0,91,0,0,52,0,52,13,56,74,0,143,22,0,22,165
03/05/2007,CID,IA,ACE,CE,Combined TRACON& Tower with Radar,14,70,27,2,113,0,0,33,2,35,14,70,60,4,148,34,0,34,182
03/06/2007,CID,IA,ACE,CE,Combined TRACON& Tower with Radar,30,65,40,0,135,0,0,0,0,0,30,65,40,0,135,74,0,74,209
03/07/2007,CID,IA,ACE,CE,Combined TRACON& Tower with Radar,27,69,37,0,133,0,0,14,0,14,27,69,51,0,147,32,0,32,179
03/08/2007,CID,IA,ACE,CE,Combined TRACON& Tower with Radar,30,73,51,1,155,0,2,35,0,37,30,75,86,1,192,22,0,22,214
03/09/2007,CID,IA,ACE,CE,Combined TRACON& Tower with Radar,24,59,36,0,119,0,0,8,0,8,24,59,44,0,127,12,0,12,139
03/10/2007,CID,IA,ACE,CE,Combined TRACON& Tower with Radar,26,58,15,1,100,0,0,54,1,55,26,58,69,2,155,54,6,60,215
03/11/2007,CID,IA,ACE,CE,Combined TRACON& Tower with Radar,15,60,8,0,83,0,0,49,0,49,15,60,57,0,132,30,0,30,162
03/12/2007,CID,IA,ACE,CE,Combined TRACON& Tower with Radar,19,70,27,0,116,0,0,43,0,43,19,70,70,0,159,70,0,70,229
03/13/2007,CID,IA,ACE,CE,Combined TRACON& Tower with Radar,27,72,34,0,133,0,0,27,2,29,27,72,61,2,162,22,0,22,184
03/14/2007,CID,IA,ACE,CE,Combined TRACON& Tower with Radar,32,67,41,0,140,0,0,15,0,15,32,67,56,0,155,24,0,24,179
03/15/2007,CID,IA,ACE,CE,Combined TRACON& Tower with Radar,28,71,46,0,145,0,1,41,1,43,28,72,87,1,188,32,0,32,220
03/16/2007,CID,IA,ACE,CE,Combined TRACON& Tower with Radar,26,71,30,0,127,0,0,21,0,21,26,71,51,0,148,34,0,34,182
03/17/2007,CID,IA,ACE,CE,Combined TRACON& Tower with Radar,25,60,8,0,93,0,2,52,0,54,25,62,60,0,147,84,0,84,231
03/18/2007,CID,IA,ACE,CE,Combined TRACON& Tower with Radar,13,55,15,0,83,0,3,26,0,29,13,58,41,0,112,12,0,12,124
03/19/2007,CID,IA,ACE,CE,Combined TRACON& Tower with Radar,19,71,31,0,121,0,0,28,0,28,19,71,59,0,149,8,0,8,157
03/20/2007,CID,IA,ACE,CE,Combined TRACON& Tower with Radar,25,71,41,0,137,0,0,24,0,24,25,71,65,0,161,14,0,14,175
03/21/2007,CID,IA,ACE,CE,Combined TRACON& Tower with Radar,36,72,55,0,163,0,0,3,0,3,36,72,58,0,166,10,0,10,176
03/22/2007,CID,IA,ACE,CE,Combined TRACON& Tower with Radar,25,71,46,0,142,0,1,28,0,29,25,72,74,0,171,28,0,28,199
03/23/2007,CID,IA,ACE,CE,Combined TRACON& Tower with Radar,24,68,57,0,149,0,0,0,0,0,24,68,57,0,149,0,0,0,149
03/24/2007,CID,IA,ACE,CE,Combined TRACON& Tower with Radar,16,40,9,0,65,0,0,1,0,1,16,40,10,0,66,2,0,2,68
03/25/2007,CID,IA,ACE,CE,Combined TRACON& Tower with Radar,13,57,21,0,91,0,0,17,0,17,13,57,38,0,108,10,0,10,118
03/26/2007,CID,IA,ACE,CE,Combined TRACON& Tower with Radar,16,74,28,5,123,0,0,45,4,49,16,74,73,9,172,28,0,28,200
03/27/2007,CID,IA,ACE,CE,Combined TRACON& Tower with Radar,28,71,38,0,137,0,0,23,0,23,28,71,61,0,160,28,0,28,188
03/28/2007,CID,IA,ACE,CE,Combined TRACON& Tower with Radar,25,66,58,0,149,0,0,1,0,1,25,66,59,0,150,0,0,0,150
03/29/2007,CID,IA,ACE,CE,Combined TRACON& Tower with Radar,25,77,77,2,181,0,0,1,0,1,25,77,78,2,182,0,0,0,182
03/30/2007,CID,IA,ACE,CE,Combined TRACON& Tower with Radar,20,53,33,0,106,0,0,0,0,0,20,53,33,0,106,0,0,0,106
03/31/2007,CID,IA,ACE,CE,Combined TRACON& Tower with Radar,27,49,12,0,88,0,0,0,0,0,27,49,12,0,88,0,0,0,88
04/01/2007,CID,IA,ACE,CE,Combined TRACON& Tower with Radar,16,61,17,0,94,0,0,11,0,11,16,61,28,0,105,28,0,28,133
04/02/2007,CID,IA,ACE,CE,Combined TRACON& Tower with Radar,15,76,40,0,131,0,1,40,0,41,15,77,80,0,172,82,0,82,254
04/03/2007,CID,IA,ACE,CE,Combined TRACON& Tower with Radar,28,60,53,0,141,0,0,1,0,1,28,60,54,0,142,2,0,2,144
04/04/2007,CID,IA,ACE,CE,Combined TRACON& Tower with Radar,27,71,27,2,127,0,0,6,0,6,27,71,33,2,133,0,0,0,133
04/05/2007,CID,IA,ACE,CE,Combined TRACON& Tower with Radar,27,64,31,1,123,0,0,37,3,40,27,64,68,4,163,22,16,38,201
04/06/2007,CID,IA,ACE,CE,Combined TRACON& Tower with Radar,29,72,26,0,127,0,0,18,0,18,29,72,44,0,145,34,0,34,179
04/07/2007,CID,IA,ACE,CE,Combined TRACON& Tower with Radar,24,51,13,0,88,0,0,20,0,20,24,51,33,0,108,8,0,8,116
04/08/2007,CID,IA,ACE,CE,Combined TRACON& Tower with Radar,13,55,11,0,79,0,0,41,0,41,13,55,52,0,120,34,0,34,154
04/09/2007,CID,IA,ACE,CE,Combined TRACON& Tower with Radar,18,73,49,2,142,0,1,37,3,41,18,74,86,5,183,12,0,12,195
04/10/2007,CID,IA,ACE,CE,Combined TRACON& Tower with Radar,27,74,47,3,151,0,0,6,3,9,27,74,53,6,160,2,12,14,174
04/11/2007,CID,IA,ACE,CE,Combined TRACON& Tower with Radar,33,61,30,0,124,0,0,0,0,0,33,61,30,0,124,0,0,0,124
04/12/2007,CID,IA,ACE,CE,Combined TRACON& Tower with Radar,24,71,51,2,148,0,0,7,0,7,24,71,58,2,155,6,0,6,161
04/13/2007,CID,IA,ACE,CE,Combined TRACON& Tower with Radar,24,70,33,3,130,0,2,48,1,51,24,72,81,4,181,42,0,42,223
04/14/2007,CID,IA,ACE,CE,Combined TRACON& Tower with Radar,26,47,10,0,83,0,2,37,0,39,26,49,47,0,122,66,0,66,188
04/15/2007,CID,IA,ACE,CE,Combined TRACON& Tower with Radar,13,57,16,0,86,0,1,72,0,73,13,58,88,0,159,36,0,36,195
04/16/2007,CID,IA,ACE,CE,Combined TRACON& Tower with Radar,17,74,42,6,139,0,0,50,2,52,17,74,92,8,191,58,0,58,249
04/17/2007,CID,IA,ACE,CE,Combined TRACON& Tower with Radar,25,67,44,2,138,0,0,56,0,56,25,67,100,2,194,58,0,58,252
04/18/2007,CID,IA,ACE,CE,Combined TRACON& Tower with Radar,25,78,47,2,152,0,0,29,3,32,25,78,76,5,184,6,0,6,190
04/19/2007,CID,IA,ACE,CE,Combined TRACON& Tower with Radar,26,73,57,0,156,0,1,35,0,36,26,74,92,0,192,30,0,30,222
04/20/2007,CID,IA,ACE,CE,Combined TRACON& Tower with Radar,28,74,29,2,133,0,0,64,1,65,28,74,93,3,198,20,0,20,218
04/21/2007,CID,IA,ACE,CE,Combined TRACON& Tower with Radar,25,51,18,0,94,0,1,27,0,28,25,52,45,0,122,14,0,14,136
04/22/2007,CID,IA,ACE,CE,Combined TRACON& Tower with Radar,11,59,21,0,91,0,0,16,0,16,11,59,37,0,107,4,0,4,111
04/23/2007,CID,IA,ACE,CE,Combined TRACON& Tower with Radar,18,75,44,2,139,0,0,13,0,13,18,75,57,2,152,16,0,16,168
04/24/2007,CID,IA,ACE,CE,Combined TRACON& Tower with Radar,24,68,39,2,133,0,2,3,1,6,24,70,42,3,139,18,0,18,157
04/25/2007,CID,IA,ACE,CE,Combined TRACON& Tower with Radar,26,69,47,6,148,0,0,0,0,0,26,69,47,6,148,0,0,0,148
04/26/2007,CID,IA,ACE,CE,Combined TRACON& Tower with Radar,24,68,68,18,178,0,0,0,0,0,24,68,68,18,178,4,0,4,182
04/27/2007,CID,IA,ACE,CE,Combined TRACON& Tower with Radar,24,75,39,3,141,0,0,55,2,57,24,75,94,5,198,46,0,46,244
04/28/2007,CID,IA,ACE,CE,Combined TRACON& Tower with Radar,24,50,10,0,84,0,1,63,0,64,24,51,73,0,148,38,0,38,186
04/29/2007,CID,IA,ACE,CE,Combined TRACON& Tower with Radar,8,64,16,0,88,0,0,25,0,25,8,64,41,0,113,40,0,40,153
04/30/2007,CID,IA,ACE,CE,Combined TRACON& Tower with Radar,16,77,28,2,123,0,0,37,0,37,16,77,65,2,160,20,0,20,180
05/01/2007,CID,IA,ACE,CE,Combined TRACON& Tower with Radar,19,77,49,6,151,0,1,28,5,34,19,78,77,11,185,20,0,20,205
05/02/2007,CID,IA,ACE,CE,Combined TRACON& Tower with Radar,30,71,44,0,145,0,0,48,2,50,30,71,92,2,195,42,0,42,237
05/03/2007,CID,IA,ACE,CE,Combined TRACON& Tower with Radar,27,72,50,6,155,0,0,13,0,13,27,72,63,6,168,2,0,2,170
05/04/2007,CID,IA,ACE,CE,Combined TRACON& Tower with Radar,25,73,56,2,156,0,0,3,0,3,25,73,59,2,159,0,0,0,159
05/05/2007,CID,IA,ACE,CE,Combined TRACON& Tower with Radar,23,53,18,0,94,0,0,0,0,0,23,53,18,0,94,0,0,0,94
05/06/2007,CID,IA,ACE,CE,Combined TRACON& Tower with Radar,10,55,10,0,75,0,0,2,0,2,10,55,12,0,77,4,0,4,81
05/07/2007,CID,IA,ACE,CE,Combined TRACON& Tower with Radar,17,71,18,4,110,0,0,19,1,20,17,71,37,5,130,22,0,22,152
05/08/2007,CID,IA,ACE,CE,Combined TRACON& Tower with Radar,25,83,33,3,144,0,0,53,1,54,25,83,86,4,198,24,6,30,228
05/09/2007,CID,IA,ACE,CE,Combined TRACON& Tower with Radar,27,75,39,0,141,0,1,56,0,57,27,76,95,0,198,44,0,44,242
05/10/2007,CID,IA,ACE,CE,Combined TRACON& Tower with Radar,28,74,43,3,148,0,0,44,5,49,28,74,87,8,197,10,0,10,207
05/11/2007,CID,IA,ACE,CE,Combined TRACON& Tower with Radar,26,70,51,2,149,0,0,67,2,69,26,70,118,4,218,12,0,12,230
05/12/2007,CID,IA,ACE,CE,Combined TRACON& Tower with Radar,24,57,8,0,89,0,0,64,0,64,24,57,72,0,153,54,0,54,207
05/13/2007,CID,IA,ACE,CE,Combined TRACON& Tower with Radar,12,57,9,0,78,0,0,25,0,25,12,57,34,0,103,12,0,12,115
05/14/2007,CID,IA,ACE,CE,Combined TRACON& Tower with Radar,16,73,29,1,119,0,0,13,0,13,16,73,42,1,132,0,0,0,132
05/15/2007,CID,IA,ACE,CE,Combined TRACON& Tower with Radar,22,74,54,0,150,0,0,3,0,3,22,74,57,0,153,0,0,0,153
05/16/2007,CID,IA,ACE,CE,Combined TRACON& Tower with Radar,27,79,33,1,140,0,1,35,0,36,27,80,68,1,176,18,0,18,194
05/17/2007,CID,IA,ACE,CE,Combined TRACON& Tower with Radar,23,75,55,6,159,0,2,50,3,55,23,77,105,9,214,10,0,10,224
05/18/2007,CID,IA,ACE,CE,Combined TRACON& Tower with Radar,36,68,24,1,129,0,0,30,0,30,36,68,54,1,159,34,0,34,193
05/19/2007,CID,IA,ACE,CE,Combined TRACON& Tower with Radar,22,53,13,0,88,0,0,43,0,43,22,53,56,0,131,8,0,8,139
05/20/2007,CID,IA,ACE,CE,Combined TRACON& Tower with Radar,11,58,19,0,88,0,0,36,0,36,11,58,55,0,124,38,0,38,162
05/21/2007,CID,IA,ACE,CE,Combined TRACON& Tower with Radar,16,78,29,0,123,0,0,29,0,29,16,78,58,0,152,18,0,18,170
05/22/2007,CID,IA,ACE,CE,Combined TRACON& Tower with Radar,24,66,34,0,124,0,0,20,0,20,24,66,54,0,144,0,0,0,144
05/23/2007,CID,IA,ACE,CE,Combined TRACON& Tower with Radar,26,73,32,1,132,0,0,7,0,7,26,73,39,1,139,4,0,4,143
05/24/2007,CID,IA,ACE,CE,Combined TRACON& Tower with Radar,22,59,58,2,141,0,0,4,0,4,22,59,62,2,145,6,0,6,151
05/25/2007,CID,IA,ACE,CE,Combined TRACON& Tower with Radar,27,71,42,2,142,0,0,56,1,57,27,71,98,3,199,58,0,58,257
05/26/2007,CID,IA,ACE,CE,Combined TRACON& Tower with Radar,18,58,15,0,91,0,0,4,0,4,18,58,19,0,95,0,0,0,95
05/27/2007,CID,IA,ACE,CE,Combined TRACON& Tower with Radar,12,50,11,0,73,0,0,47,0,47,12,50,58,0,120,64,0,64,184
05/28/2007,CID,IA,ACE,CE,Combined TRACON& Tower with Radar,16,58,22,0,96,0,0,16,0,16,16,58,38,0,112,8,0,8,120
05/29/2007,CID,IA,ACE,CE,Combined TRACON& Tower with Radar,14,78,39,1,132,0,0,20,0,20,14,78,59,1,152,12,0,12,164
05/30/2007,CID,IA,ACE,CE,Combined TRACON& Tower with Radar,29,73,39,3,144,0,1,11,1,13,29,74,50,4,157,0,0,0,157
05/31/2007,CID,IA,ACE,CE,Combined TRACON& Tower with Radar,19,75,44,2,140,0,1,28,1,30,19,76,72,3,170,38,0,38,208
06/01/2007,CID,IA,ACE,CE,Combined TRACON& Tower with Radar,24,76,38,0,138,0,0,9,0,9,24,76,47,0,147,0,0,0,147
06/02/2007,CID,IA,ACE,CE,Combined TRACON& Tower with Radar,19,50,11,0,80,0,2,24,0,26,19,52,35,0,106,12,0,12,118
06/03/2007,CID,IA,ACE,CE,Combined TRACON& Tower with Radar,10,53,25,0,88,0,1,7,0,8,10,54,32,0,96,0,0,0,96
06/04/2007,CID,IA,ACE,CE,Combined TRACON& Tower with Radar,16,67,39,0,122,0,0,13,0,13,16,67,52,0,135,0,0,0,135
06/05/2007,CID,IA,ACE,CE,Combined TRACON& Tower with Radar,24,77,28,7,136,0,0,60,3,63,24,77,88,10,199,60,0,60,259
06/06/2007,CID,IA,ACE,CE,Combined TRACON& Tower with Radar,29,70,32,2,133,0,1,10,0,11,29,71,42,2,144,2,0,2,146
06/07/2007,CID,IA,ACE,CE,Combined TRACON& Tower with Radar,23,73,38,0,134,0,0,7,0,7,23,73,45,0,141,0,0,0,141
06/08/2007,CID,IA,ACE,CE,Combined TRACON& Tower with Radar,25,69,39,0,133,0,0,57,0,57,25,69,96,0,190,70,0,70,260
06/09/2007,CID,IA,ACE,CE,Combined TRACON& Tower with Radar,20,55,20,0,95,0,3,73,0,76,20,58,93,0,171,48,0,48,219
06/10/2007,CID,IA,ACE,CE,Combined TRACON& Tower with Radar,12,63,18,0,93,0,1,45,0,46,12,64,63,0,139,22,0,22,161
06/11/2007,CID,IA,ACE,CE,Combined TRACON& Tower with Radar,16,84,24,2,126,0,0,29,0,29,16,84,53,2,155,26,0,26,181
06/12/2007,CID,IA,ACE,CE,Combined TRACON& Tower with Radar,23,80,48,0,151,0,0,67,0,67,23,80,115,0,218,18,0,18,236
06/13/2007,CID,IA,ACE,CE,Combined TRACON& Tower with Radar,22,71,58,0,151,0,0,56,0,56,22,71,114,0,207,18,0,18,225
06/14/2007,CID,IA,ACE,CE,Combined TRACON& Tower with Radar,23,76,39,3,141,0,1,49,2,52,23,77,88,5,193,40,0,40,233
06/15/2007,CID,IA,ACE,CE,Combined TRACON& Tower with Radar,27,80,36,2,145,0,0,52,1,53,27,80,88,3,198,58,0,58,256
06/16/2007,CID,IA,ACE,CE,Combined TRACON& Tower with Radar,21,55,17,3,96,0,6,35,0,41,21,61,52,3,137,10,0,10,147
06/17/2007,CID,IA,ACE,CE,Combined TRACON& Tower with Radar,12,57,25,0,94,0,3,27,0,30,12,60,52,0,124,4,0,4,128
06/18/2007,CID,IA,ACE,CE,Combined TRACON& Tower with Radar,15,73,32,2,122,0,0,10,0,10,15,73,42,2,132,0,0,0,132
06/19/2007,CID,IA,ACE,CE,Combined TRACON& Tower with Radar,23,75,51,6,155,0,0,43,5,48,23,75,94,11,203,28,0,28,231
06/20/2007,CID,IA,ACE,CE,Combined TRACON& Tower with Radar,25,76,78,6,185,0,0,48,1,49,25,76,126,7,234,68,0,68,302
06/21/2007,CID,IA,ACE,CE,Combined TRACON& Tower with Radar,24,77,63,1,165,0,0,29,1,30,24,77,92,2,195,8,0,8,203
06/22/2007,CID,IA,ACE,CE,Combined TRACON& Tower with Radar,23,76,47,0,146,0,0,6,0,6,23,76,53,0,152,0,0,0,152
06/23/2007,CID,IA,ACE,CE,Combined TRACON& Tower with Radar,19,57,23,1,100,0,0,0,0,0,19,57,23,1,100,0,0,0,100
06/24/2007,CID,IA,ACE,CE,Combined TRACON& Tower with Radar,12,58,20,0,90,0,0,4,0,4,12,58,24,0,94,4,0,4,98
06/25/2007,CID,IA,ACE,CE,Combined TRACON& Tower with Radar,17,77,47,1,142,0,0,37,1,38,17,77,84,2,180,48,0,48,228
06/26/2007,CID,IA,ACE,CE,Combined TRACON& Tower with Radar,30,76,59,0,165,0,0,62,0,62,30,76,121,0,227,10,0,10,237
06/27/2007,CID,IA,ACE,CE,Combined TRACON& Tower with Radar,31,73,63,0,167,0,0,53,0,53,31,73,116,0,220,44,0,44,264
06/28/2007,CID,IA,ACE,CE,Combined TRACON& Tower with Radar,25,80,58,1,164,0,1,70,0,71,25,81,128,1,235,40,0,40,275
06/29/2007,CID,IA,ACE,CE,Combined TRACON& Tower with Radar,23,81,44,0,148,0,2,58,2,62,23,83,102,2,210,16,0,16,226
06/30/2007,CID,IA,ACE,CE,Combined TRACON& Tower with Radar,20,56,17,0,93,0,0,46,0,46,20,56,63,0,139,22,0,22,161
07/01/2007,CID,IA,ACE,CE,Combined TRACON& Tower with Radar,10,56,35,1,102,0,3,79,1,83,10,59,114,2,185,106,0,106,291
07/02/2007,CID,IA,ACE,CE,Combined TRACON& Tower with Radar,18,65,33,1,117,0,1,38,0,39,18,66,71,1,156,66,0,66,222
07/03/2007,CID,IA,ACE,CE,Combined TRACON& Tower with Radar,21,65,25,0,111,0,0,33,0,33,21,65,58,0,144,62,0,62,206
07/04/2007,CID,IA,ACE,CE,Combined TRACON& Tower with Radar,15,63,11,0,89,0,3,38,0,41,15,66,49,0,130,20,0,20,150
07/05/2007,CID,IA,ACE,CE,Combined TRACON& Tower with Radar,16,69,35,0,120,0,0,55,0,55,16,69,90,0,175,96,0,96,271
07/06/2007,CID,IA,ACE,CE,Combined TRACON& Tower with Radar,27,70,18,0,115,0,0,48,0,48,27,70,66,0,163,2,0,2,165
07/07/2007,CID,IA,ACE,CE,Combined TRACON& Tower with Radar,21,51,18,0,90,0,0,43,0,43,21,51,61,0,133,70,0,70,203
07/08/2007,CID,IA,ACE,CE,Combined TRACON& Tower with Radar,12,54,25,0,91,0,0,30,0,30,12,54,55,0,121,58,0,58,179
07/09/2007,CID,IA,ACE,CE,Combined TRACON& Tower with Radar,24,19,31,0,74,0,0,18,0,18,24,19,49,0,92,12,0,12,104
07/10/2007,CID,IA,ACE,CE,Combined TRACON& Tower with Radar,27,79,49,0,155,0,0,38,0,38,27,79,87,0,193,46,0,46,239
07/11/2007,CID,IA,ACE,CE,Combined TRACON& Tower with Radar,27,81,57,0,165,0,3,58,0,61,27,84,115,0,226,32,0,32,258
07/12/2007,CID,IA,ACE,CE,Combined TRACON& Tower with Radar,27,76,52,0,155,0,0,51,0,51,27,76,103,0,206,68,0,68,274
07/13/2007,CID,IA,ACE,CE,Combined TRACON& Tower with Radar,24,84,43,0,151,0,0,0,0,0,24,84,43,0,151,34,0,34,185
07/14/2007,CID,IA,ACE,CE,Combined TRACON& Tower with Radar,17,53,17,0,87,0,1,30,0,31,17,54,47,0,118,22,0,22,140
07/15/2007,CID,IA,ACE,CE,Combined TRACON& Tower with Radar,12,59,32,0,103,0,3,55,0,58,12,62,87,0,161,8,0,8,169
07/16/2007,CID,IA,ACE,CE,Combined TRACON& Tower with Radar,18,80,24,0,122,0,0,23,0,23,18,80,47,0,145,2,0,2,147
07/17/2007,CID,IA,ACE,CE,Combined TRACON& Tower with Radar,20,74,37,0,131,0,1,25,2,28,20,75,62,2,159,20,0,20,179
07/18/2007,CID,IA,ACE,CE,Combined TRACON& Tower with Radar,23,76,42,1,142,0,0,13,1,14,23,76,55,2,156,24,0,24,180
07/19/2007,CID,IA,ACE,CE,Combined TRACON& Tower with Radar,22,67,72,0,161,0,0,28,0,28,22,67,100,0,189,32,0,32,221
07/20/2007,CID,IA,ACE,CE,Combined TRACON& Tower with Radar,21,76,54,0,151,0,0,64,0,64,21,76,118,0,215,24,0,24,239
07/21/2007,CID,IA,ACE,CE,Combined TRACON& Tower with Radar,19,54,27,0,100,0,4,51,0,55,19,58,78,0,155,24,0,24,179
07/22/2007,CID,IA,ACE,CE,Combined TRACON& Tower with Radar,9,60,37,0,106,0,1,63,0,64,9,61,100,0,170,32,0,32,202
07/23/2007,CID,IA,ACE,CE,Combined TRACON& Tower with Radar,17,79,35,0,131,0,0,32,0,32,17,79,67,0,163,28,0,28,191
07/24/2007,CID,IA,ACE,CE,Combined TRACON& Tower with Radar,26,81,67,0,174,0,0,26,0,26,26,81,93,0,200,4,0,4,204
07/25/2007,CID,IA,ACE,CE,Combined TRACON& Tower with Radar,27,77,48,6,158,0,0,46,6,52,27,77,94,12,210,38,0,38,248
07/26/2007,CID,IA,ACE,CE,Combined TRACON& Tower with Radar,22,78,51,2,153,0,0,37,0,37,22,78,88,2,190,36,0,36,226
07/27/2007,CID,IA,ACE,CE,Combined TRACON& Tower with Radar,24,85,40,11,160,0,0,24,0,24,24,85,64,11,184,18,0,18,202
07/28/2007,CID,IA,ACE,CE,Combined TRACON& Tower with Radar,16,51,14,1,82,0,1,31,0,32,16,52,45,1,114,14,0,14,128
07/29/2007,CID,IA,ACE,CE,Combined TRACON& Tower with Radar,10,60,12,0,82,0,0,61,1,62,10,60,73,1,144,24,0,24,168
07/30/2007,CID,IA,ACE,CE,Combined TRACON& Tower with Radar,22,71,47,0,140,0,1,47,0,48,22,72,94,0,188,26,0,26,214
07/31/2007,CID,IA,ACE,CE,Combined TRACON& Tower with Radar,21,78,28,0,127,0,0,42,0,42,21,78,70,0,169,86,0,86,255
08/01/2007,CID,IA,ACE,CE,Combined TRACON& Tower with Radar,28,82,41,1,152,0,3,34,0,37,28,85,75,1,189,28,0,28,217
08/02/2007,CID,IA,ACE,CE,Combined TRACON& Tower with Radar,25,89,62,0,176,0,4,37,0,41,25,93,99,0,217,34,0,34,251
08/03/2007,CID,IA,ACE,CE,Combined TRACON& Tower with Radar,25,74,36,0,135,0,1,42,0,43,25,75,78,0,178,30,0,30,208
08/04/2007,CID,IA,ACE,CE,Combined TRACON& Tower with Radar,17,55,5,0,77,0,2,21,0,23,17,57,26,0,100,12,0,12,112
08/05/2007,CID,IA,ACE,CE,Combined TRACON& Tower with Radar,10,58,28,0,96,0,0,23,0,23,10,58,51,0,119,40,0,40,159
08/06/2007,CID,IA,ACE,CE,Combined TRACON& Tower with Radar,20,74,45,0,139,0,1,10,0,11,20,75,55,0,150,0,0,0,150
08/07/2007,CID,IA,ACE,CE,Combined TRACON& Tower with Radar,26,79,42,0,147,0,0,17,0,17,26,79,59,0,164,30,0,30,194
08/08/2007,CID,IA,ACE,CE,Combined TRACON& Tower with Radar,27,80,45,0,152,0,0,10,0,10,27,80,55,0,162,50,0,50,212
08/09/2007,CID,IA,ACE,CE,Combined TRACON& Tower with Radar,26,77,53,1,157,0,0,17,0,17,26,77,70,1,174,44,0,44,218
08/10/2007,CID,IA,ACE,CE,Combined TRACON& Tower with Radar,22,79,33,0,134,0,0,30,0,30,22,79,63,0,164,44,0,44,208
08/11/2007,CID,IA,ACE,CE,Combined TRACON& Tower with Radar,19,53,31,0,103,0,1,44,0,45,19,54,75,0,148,18,0,18,166
08/12/2007,CID,IA,ACE,CE,Combined TRACON& Tower with Radar,12,60,26,0,98,0,1,51,0,52,12,61,77,0,150,50,0,50,200
08/13/2007,CID,IA,ACE,CE,Combined TRACON& Tower with Radar,15,82,34,0,131,0,0,28,0,28,15,82,62,0,159,50,0,50,209
08/14/2007,CID,IA,ACE,CE,Combined TRACON& Tower with Radar,29,75,38,0,142,0,0,13,0,13,29,75,51,0,155,40,0,40,195
08/15/2007,CID,IA,ACE,CE,Combined TRACON& Tower with Radar,22,83,47,0,152,0,0,17,0,17,22,83,64,0,169,26,0,26,195
08/16/2007,CID,IA,ACE,CE,Combined TRACON& Tower with Radar,27,86,49,0,162,0,2,23,0,25,27,88,72,0,187,16,0,16,203
08/17/2007,CID,IA,ACE,CE,Combined TRACON& Tower with Radar,25,82,50,1,158,0,1,75,1,77,25,83,125,2,235,84,0,84,319
08/18/2007,CID,IA,ACE,CE,Combined TRACON& Tower with Radar,16,51,10,4,81,0,0,20,3,23,16,51,30,7,104,10,0,10,114
08/19/2007,CID,IA,ACE,CE,Combined TRACON& Tower with Radar,11,53,15,0,79,0,0,17,0,17,11,53,32,0,96,2,0,2,98
08/20/2007,CID,IA,ACE,CE,Combined TRACON& Tower with Radar,21,74,26,0,121,0,1,7,0,8,21,75,33,0,129,0,0,0,129
08/21/2007,CID,IA,ACE,CE,Combined TRACON& Tower with Radar,23,69,46,8,146,0,0,24,8,32,23,69,70,16,178,82,0,82,260
08/22/2007,CID,IA,ACE,CE,Combined TRACON& Tower with Radar,27,65,52,3,147,0,2,20,1,23,27,67,72,4,170,16,0,16,186
08/23/2007,CID,IA,ACE,CE,Combined TRACON& Tower with Radar,26,60,55,0,141,0,2,4,0,6,26,62,59,0,147,16,0,16,163
08/24/2007,CID,IA,ACE,CE,Combined TRACON& Tower with Radar,30,68,40,0,138,0,0,2,0,2,30,68,42,0,140,2,0,2,142
08/25/2007,CID,IA,ACE,CE,Combined TRACON& Tower with Radar,15,57,10,0,82,0,1,58,0,59,15,58,68,0,141,64,0,64,205
08/26/2007,CID,IA,ACE,CE,Combined TRACON& Tower with Radar,11,62,28,1,102,0,1,64,3,68,11,63,92,4,170,30,0,30,200
08/27/2007,CID,IA,ACE,CE,Combined TRACON& Tower with Radar,19,78,44,0,141,0,2,31,0,33,19,80,75,0,174,2,0,2,176
08/28/2007,CID,IA,ACE,CE,Combined TRACON& Tower with Radar,27,73,51,1,152,0,1,35,0,36,27,74,86,1,188,32,0,32,220
08/29/2007,CID,IA,ACE,CE,Combined TRACON& Tower with Radar,25,77,68,3,173,0,0,20,0,20,25,77,88,3,193,20,0,20,213
08/30/2007,CID,IA,ACE,CE,Combined TRACON& Tower with Radar,27,77,38,2,144,0,0,69,1,70,27,77,107,3,214,66,0,66,280
08/31/2007,CID,IA,ACE,CE,Combined TRACON& Tower with Radar,26,78,35,0,139,0,1,58,0,59,26,79,93,0,198,18,0,18,216
09/01/2007,CID,IA,ACE,CE,Combined TRACON& Tower with Radar,18,49,32,0,99,0,0,73,0,73,18,49,105,0,172,38,0,38,210
09/02/2007,CID,IA,ACE,CE,Combined TRACON& Tower with Radar,12,45,16,0,73,0,0,49,0,49,12,45,65,0,122,46,0,46,168
09/03/2007,CID,IA,ACE,CE,Combined TRACON& Tower with Radar,17,66,19,0,102,0,0,52,0,52,17,66,71,0,154,16,0,16,170
09/04/2007,CID,IA,ACE,CE,Combined TRACON& Tower with Radar,18,72,21,0,111,0,0,29,0,29,18,72,50,0,140,18,0,18,158
09/05/2007,CID,IA,ACE,CE,Combined TRACON& Tower with Radar,28,76,39,6,149,0,0,31,2,33,28,76,70,8,182,24,0,24,206
09/06/2007,CID,IA,ACE,CE,Combined TRACON& Tower with Radar,25,89,54,3,171,0,1,3,0,4,25,90,57,3,175,16,0,16,191
09/07/2007,CID,IA,ACE,CE,Combined TRACON& Tower with Radar,27,77,23,2,129,0,0,13,0,13,27,77,36,2,142,8,2,10,152
09/08/2007,CID,IA,ACE,CE,Combined TRACON& Tower with Radar,20,54,22,0,96,0,4,54,0,58,20,58,76,0,154,64,0,64,218
09/09/2007,CID,IA,ACE,CE,Combined TRACON& Tower with Radar,14,68,33,1,116,0,1,45,0,46,14,69,78,1,162,44,0,44,206
09/10/2007,CID,IA,ACE,CE,Combined TRACON& Tower with Radar,18,85,43,2,148,0,1,1,0,2,18,86,44,2,150,0,0,0,150
09/11/2007,CID,IA,ACE,CE,Combined TRACON& Tower with Radar,24,80,57,3,164,0,0,41,0,41,24,80,98,3,205,10,0,10,215
09/12/2007,CID,IA,ACE,CE,Combined TRACON& Tower with Radar,24,77,30,1,132,0,1,55,0,56,24,78,85,1,188,68,0,68,256
09/13/2007,CID,IA,ACE,CE,Combined TRACON& Tower with Radar,26,81,48,0,155,0,2,37,0,39,26,83,85,0,194,16,0,16,210
09/14/2007,CID,IA,ACE,CE,Combined TRACON& Tower with Radar,25,81,29,2,137,0,4,34,0,38,25,85,63,2,175,32,0,32,207
09/15/2007,CID,IA,ACE,CE,Combined TRACON& Tower with Radar,19,51,15,0,85,0,4,57,0,61,19,55,72,0,146,44,0,44,190
09/16/2007,CID,IA,ACE,CE,Combined TRACON& Tower with Radar,11,69,25,0,105,0,1,35,0,36,11,70,60,0,141,24,0,24,165
09/17/2007,CID,IA,ACE,CE,Combined TRACON& Tower with Radar,16,85,20,0,121,0,0,23,0,23,16,85,43,0,144,6,0,6,150
09/18/2007,CID,IA,ACE,CE,Combined TRACON& Tower with Radar,21,76,44,0,141,0,0,12,0,12,21,76,56,0,153,2,0,2,155
09/19/2007,CID,IA,ACE,CE,Combined TRACON& Tower with Radar,22,75,40,6,143,0,2,38,0,40,22,77,78,6,183,48,0,48,231
09/20/2007,CID,IA,ACE,CE,Combined TRACON& Tower with Radar,25,84,57,0,166,0,1,53,0,54,25,85,110,0,220,70,0,70,290
09/21/2007,CID,IA,ACE,CE,Combined TRACON& Tower with Radar,22,81,29,2,134,0,1,20,0,21,22,82,49,2,155,14,6,20,175
09/22/2007,CID,IA,ACE,CE,Combined TRACON& Tower with Radar,21,54,22,1,98,0,0,64,0,64,21,54,86,1,162,108,0,108,270
09/23/2007,CID,IA,ACE,CE,Combined TRACON& Tower with Radar,13,78,15,0,106,0,0,39,0,39,13,78,54,0,145,72,0,72,217
09/24/2007,CID,IA,ACE,CE,Combined TRACON& Tower with Radar,16,75,20,0,111,0,1,13,0,14,16,76,33,0,125,10,0,10,135
09/25/2007,CID,IA,ACE,CE,Combined TRACON& Tower with Radar,22,75,51,0,148,0,0,1,0,1,22,75,52,0,149,12,0,12,161
09/26/2007,CID,IA,ACE,CE,Combined TRACON& Tower with Radar,22,87,40,4,153,0,1,57,3,61,22,88,97,7,214,94,0,94,308
09/27/2007,CID,IA,ACE,CE,Combined TRACON& Tower with Radar,26,82,44,0,152,0,0,36,0,36,26,82,80,0,188,70,0,70,258
09/28/2007,CID,IA,ACE,CE,Combined TRACON& Tower with Radar,26,89,29,0,144,0,0,54,0,54,26,89,83,0,198,56,0,56,254
09/29/2007,CID,IA,ACE,CE,Combined TRACON& Tower with Radar,23,49,10,0,82,0,3,31,0,34,23,52,41,0,116,24,0,24,140
09/30/2007,CID,IA,ACE,CE,Combined TRACON& Tower with Radar,12,55,12,0,79,0,0,16,0,16,12,55,28,0,95,4,0,4,99
10/01/2007,CID,IA,ACE,CE,Combined TRACON& Tower with Radar,15,82,33,0,130,0,0,3,0,3,15,82,36,0,133,0,0,0,133
10/02/2007,CID,IA,ACE,CE,Combined TRACON& Tower with Radar,30,76,39,0,145,0,0,4,0,4,30,76,43,0,149,0,0,0,149
10/03/2007,CID,IA,ACE,CE,Combined TRACON& Tower with Radar,25,81,35,2,143,0,0,51,2,53,25,81,86,4,196,112,0,112,308
10/04/2007,CID,IA,ACE,CE,Combined TRACON& Tower with Radar,25,77,40,1,143,0,1,46,0,47,25,78,86,1,190,40,0,40,230
10/05/2007,CID,IA,ACE,CE,Combined TRACON& Tower with Radar,23,72,28,0,123,0,0,29,0,29,23,72,57,0,152,56,0,56,208
10/06/2007,CID,IA,ACE,CE,Combined TRACON& Tower with Radar,18,52,21,0,91,0,3,47,0,50,18,55,68,0,141,32,0,32,173
10/07/2007,CID,IA,ACE,CE,Combined TRACON& Tower with Radar,17,61,26,0,104,0,1,24,0,25,17,62,50,0,129,30,0,30,159
10/08/2007,CID,IA,ACE,CE,Combined TRACON& Tower with Radar,16,69,35,0,120,0,0,15,0,15,16,69,50,0,135,40,0,40,175
10/09/2007,CID,IA,ACE,CE,Combined TRACON& Tower with Radar,23,80,49,2,154,0,1,32,0,33,23,81,81,2,187,12,0,12,199
10/10/2007,CID,IA,ACE,CE,Combined TRACON& Tower with Radar,23,77,40,0,140,0,3,29,0,32,23,80,69,0,172,26,0,26,198
10/11/2007,CID,IA,ACE,CE,Combined TRACON& Tower with Radar,24,85,47,2,158,0,0,37,0,37,24,85,84,2,195,22,0,22,217
10/12/2007,CID,IA,ACE,CE,Combined TRACON& Tower with Radar,25,82,43,0,150,0,0,45,0,45,25,82,88,0,195,38,0,38,233
10/13/2007,CID,IA,ACE,CE,Combined TRACON& Tower with Radar,22,50,23,0,95,0,0,9,0,9,22,50,32,0,104,48,0,48,152
10/14/2007,CID,IA,ACE,CE,Combined TRACON& Tower with Radar,16,62,18,0,96,0,0,8,0,8,16,62,26,0,104,0,0,0,104
10/15/2007,CID,IA,ACE,CE,Combined TRACON& Tower with Radar,15,86,64,0,165,0,0,14,0,14,15,86,78,0,179,16,0,16,195
10/16/2007,CID,IA,ACE,CE,Combined TRACON& Tower with Radar,23,83,56,0,162,0,0,6,0,6,23,83,62,0,168,30,0,30,198
10/17/2007,CID,IA,ACE,CE,Combined TRACON& Tower with Radar,23,27,53,0,103,0,0,20,0,20,23,27,73,0,123,20,0,20,143
10/18/2007,CID,IA,ACE,CE,Combined TRACON& Tower with Radar,19,91,47,0,157,0,0,3,0,3,19,91,50,0,160,0,0,0,160
10/19/2007,CID,IA,ACE,CE,Combined TRACON& Tower with Radar,23,84,34,0,141,0,0,10,0,10,23,84,44,0,151,46,0,46,197
10/20/2007,CID,IA,ACE,CE,Combined TRACON& Tower with Radar,23,47,17,0,87,0,8,59,0,67,23,55,76,0,154,48,0,48,202
10/21/2007,CID,IA,ACE,CE,Combined TRACON& Tower with Radar,15,60,21,0,96,0,0,5,0,5,15,60,26,0,101,0,0,0,101
10/22/2007,CID,IA,ACE,CE,Combined TRACON& Tower with Radar,11,96,27,0,134,0,9,13,0,22,11,105,40,0,156,28,0,28,184
10/23/2007,CID,IA,ACE,CE,Combined TRACON& Tower with Radar,22,78,55,0,155,0,2,40,0,42,22,80,95,0,197,40,0,40,237
10/24/2007,CID,IA,ACE,CE,Combined TRACON& Tower with Radar,25,89,45,0,159,0,1,39,0,40,25,90,84,0,199,64,0,64,263
10/25/2007,CID,IA,ACE,CE,Combined TRACON& Tower with Radar,29,85,55,0,169,0,0,52,0,52,29,85,107,0,221,44,0,44,265
10/26/2007,CID,IA,ACE,CE,Combined TRACON& Tower with Radar,26,91,62,0,179,0,0,8,0,8,26,91,70,0,187,4,0,4,191
10/27/2007,CID,IA,ACE,CE,Combined TRACON& Tower with Radar,20,47,17,0,84,0,0,33,0,33,20,47,50,0,117,14,0,14,131
10/28/2007,CID,IA,ACE,CE,Combined TRACON& Tower with Radar,15,70,29,1,115,0,1,68,0,69,15,71,97,1,184,86,0,86,270
10/29/2007,CID,IA,ACE,CE,Combined TRACON& Tower with Radar,20,81,36,0,137,0,1,38,0,39,20,82,74,0,176,12,0,12,188
10/30/2007,CID,IA,ACE,CE,Combined TRACON& Tower with Radar,27,80,45,1,153,0,0,25,0,25,27,80,70,1,178,46,0,46,224
10/31/2007,CID,IA,ACE,CE,Combined TRACON& Tower with Radar,32,71,26,0,129,0,0,17,0,17,32,71,43,0,146,0,0,0,146
11/01/2007,CID,IA,ACE,CE,Combined TRACON& Tower with Radar,30,79,42,0,151,0,0,47,0,47,30,79,89,0,198,42,0,42,240
11/02/2007,CID,IA,ACE,CE,Combined TRACON& Tower with Radar,31,75,39,0,145,0,0,36,0,36,31,75,75,0,181,62,0,62,243
11/03/2007,CID,IA,ACE,CE,Combined TRACON& Tower with Radar,22,44,18,0,84,0,3,61,0,64,22,47,79,0,148,56,0,56,204
11/04/2007,CID,IA,ACE,CE,Combined TRACON& Tower with Radar,19,60,30,0,109,0,0,29,0,29,19,60,59,0,138,108,0,108,246
11/05/2007,CID,IA,ACE,CE,Combined TRACON& Tower with Radar,21,72,38,0,131,0,0,9,0,9,21,72,47,0,140,0,0,0,140
11/06/2007,CID,IA,ACE,CE,Combined TRACON& Tower with Radar,31,71,53,2,157,0,0,20,0,20,31,71,73,2,177,28,0,28,205
11/07/2007,CID,IA,ACE,CE,Combined TRACON& Tower with Radar,38,78,39,0,155,0,0,26,0,26,38,78,65,0,181,34,0,34,215
11/08/2007,CID,IA,ACE,CE,Combined TRACON& Tower with Radar,34,76,51,0,161,1,1,39,0,41,35,77,90,0,202,56,0,56,258
11/09/2007,CID,IA,ACE,CE,Combined TRACON& Tower with Radar,33,79,39,0,151,0,0,61,1,62,33,79,100,1,213,56,0,56,269
11/10/2007,CID,IA,ACE,CE,Combined TRACON& Tower with Radar,24,46,20,0,90,0,0,34,0,34,24,46,54,0,124,96,0,96,220
11/11/2007,CID,IA,ACE,CE,Combined TRACON& Tower with Radar,22,60,37,0,119,0,0,1,0,1,22,60,38,0,120,12,0,12,132
11/12/2007,CID,IA,ACE,CE,Combined TRACON& Tower with Radar,22,66,44,0,132,0,0,19,0,19,22,66,63,0,151,16,0,16,167
11/13/2007,CID,IA,ACE,CE,Combined TRACON& Tower with Radar,30,70,35,0,135,0,1,33,0,34,30,71,68,0,169,24,0,24,193
11/14/2007,CID,IA,ACE,CE,Combined TRACON& Tower with Radar,31,75,35,0,141,0,0,8,0,8,31,75,43,0,149,0,0,0,149
11/15/2007,CID,IA,ACE,CE,Combined TRACON& Tower with Radar,34,70,44,0,148,0,0,32,2,34,34,70,76,2,182,38,0,38,220
11/16/2007,CID,IA,ACE,CE,Combined TRACON& Tower with Radar,32,77,36,0,145,0,0,31,0,31,32,77,67,0,176,2,0,2,178
11/17/2007,CID,IA,ACE,CE,Combined TRACON& Tower with Radar,24,46,28,0,98,0,0,61,0,61,24,46,89,0,159,106,0,106,265
11/18/2007,CID,IA,ACE,CE,Combined TRACON& Tower with Radar,20,60,22,0,102,0,0,6,0,6,20,60,28,0,108,0,0,0,108
11/19/2007,CID,IA,ACE,CE,Combined TRACON& Tower with Radar,21,51,28,0,100,0,0,2,0,2,21,51,30,0,102,34,0,34,136
11/20/2007,CID,IA,ACE,CE,Combined TRACON& Tower with Radar,23,33,19,0,75,0,0,0,0,0,23,33,19,0,75,0,0,0,75
11/21/2007,CID,IA,ACE,CE,Combined TRACON& Tower with Radar,32,83,33,0,148,0,0,7,0,7,32,83,40,0,155,0,0,0,155
11/22/2007,CID,IA,ACE,CE,Combined TRACON& Tower with Radar,21,39,7,0,67,0,0,10,0,10,21,39,17,0,77,0,0,0,77
11/23/2007,CID,IA,ACE,CE,Combined TRACON& Tower with Radar,23,49,10,0,82,0,1,48,0,49,23,50,58,0,131,52,0,52,183
11/24/2007,CID,IA,ACE,CE,Combined TRACON& Tower with Radar,29,51,6,0,86,0,0,38,0,38,29,51,44,0,124,16,0,16,140
11/25/2007,CID,IA,ACE,CE,Combined TRACON& Tower with Radar,23,60,29,0,112,0,0,32,0,32,23,60,61,0,144,34,0,34,178
11/26/2007,CID,IA,ACE,CE,Combined TRACON& Tower with Radar,26,79,35,0,140,0,2,17,0,19,26,81,52,0,159,22,0,22,181
11/27/2007,CID,IA,ACE,CE,Combined TRACON& Tower with Radar,30,83,63,0,176,0,2,37,0,39,30,85,100,0,215,16,0,16,231
11/28/2007,CID,IA,ACE,CE,Combined TRACON& Tower with Radar,29,81,37,0,147,0,0,12,0,12,29,81,49,0,159,4,0,4,163
11/29/2007,CID,IA,ACE,CE,Combined TRACON& Tower with Radar,34,73,35,1,143,0,2,41,1,44,34,75,76,2,187,14,0,14,201
11/30/2007,CID,IA,ACE,CE,Combined TRACON& Tower with Radar,34,73,23,5,135,0,1,30,0,31,34,74,53,5,166,6,0,6,172
12/01/2007,CID,IA,ACE,CE,Combined TRACON& Tower with Radar,17,23,0,0,40,0,0,1,0,1,17,23,1,0,41,0,0,0,41
12/02/2007,CID,IA,ACE,CE,Combined TRACON& Tower with Radar,17,52,14,0,83,0,0,4,0,4,17,52,18,0,87,0,0,0,87
12/03/2007,CID,IA,ACE,CE,Combined TRACON& Tower with Radar,21,69,13,0,103,0,0,11,0,11,21,69,24,0,114,6,0,6,120
12/04/2007,CID,IA,ACE,CE,Combined TRACON& Tower with Radar,34,59,35,0,128,0,0,14,0,14,34,59,49,0,142,0,0,0,142
12/05/2007,CID,IA,ACE,CE,Combined TRACON& Tower with Radar,35,62,42,2,141,0,1,17,0,18,35,63,59,2,159,2,0,2,161
12/06/2007,CID,IA,ACE,CE,Combined TRACON& Tower with Radar,32,67,31,0,130,0,0,11,0,11,32,67,42,0,141,6,0,6,147
12/07/2007,CID,IA,ACE,CE,Combined TRACON& Tower with Radar,33,70,28,1,132,0,0,13,1,14,33,70,41,2,146,38,0,38,184
12/08/2007,CID,IA,ACE,CE,Combined TRACON& Tower with Radar,23,47,14,0,84,0,1,8,0,9,23,48,22,0,93,32,0,32,125
12/09/2007,CID,IA,ACE,CE,Combined TRACON& Tower with Radar,17,44,14,0,75,0,0,0,0,0,17,44,14,0,75,0,0,0,75
12/10/2007,CID,IA,ACE,CE,Combined TRACON& Tower with Radar,21,67,51,0,139,0,0,4,0,4,21,67,55,0,143,0,0,0,143
12/11/2007,CID,IA,ACE,CE,Combined TRACON& Tower with Radar,21,38,10,0,69,0,0,0,0,0,21,38,10,0,69,0,0,0,69
12/12/2007,CID,IA,ACE,CE,Combined TRACON& Tower with Radar,32,71,34,0,137,0,1,7,0,8,32,72,41,0,145,0,0,0,145
12/13/2007,CID,IA,ACE,CE,Combined TRACON& Tower with Radar,32,75,41,0,148,0,0,12,0,12,32,75,53,0,160,60,0,60,220
12/14/2007,CID,IA,ACE,CE,Combined TRACON& Tower with Radar,30,67,40,0,137,0,0,14,0,14,30,67,54,0,151,40,0,40,191
12/15/2007,CID,IA,ACE,CE,Combined TRACON& Tower with Radar,23,41,12,0,76,0,0,0,0,0,23,41,12,0,76,0,0,0,76
12/16/2007,CID,IA,ACE,CE,Combined TRACON& Tower with Radar,16,57,5,0,78,0,0,0,0,0,16,57,5,0,78,0,0,0,78
12/17/2007,CID,IA,ACE,CE,Combined TRACON& Tower with Radar,19,65,30,0,114,0,0,30,0,30,19,65,60,0,144,14,0,14,158
12/18/2007,CID,IA,ACE,CE,Combined TRACON& Tower with Radar,30,72,42,0,144,0,0,36,0,36,30,72,78,0,180,52,0,52,232
12/19/2007,CID,IA,ACE,CE,Combined TRACON& Tower with Radar,25,47,36,0,108,0,0,0,0,0,25,47,36,0,108,8,0,8,116
12/20/2007,CID,IA,ACE,CE,Combined TRACON& Tower with Radar,20,51,19,0,90,0,0,0,0,0,20,51,19,0,90,0,0,0,90
12/21/2007,CID,IA,ACE,CE,Combined TRACON& Tower with Radar,2,6,10,0,18,0,0,0,0,0,2,6,10,0,18,0,0,0,18
12/22/2007,CID,IA,ACE,CE,Combined TRACON& Tower with Radar,9,32,5,0,46,0,0,0,0,0,9,32,5,0,46,0,0,0,46
12/23/2007,CID,IA,ACE,CE,Combined TRACON& Tower with Radar,11,43,13,0,67,0,0,0,0,0,11,43,13,0,67,0,0,0,67
12/24/2007,CID,IA,ACE,CE,Combined TRACON& Tower with Radar,14,48,7,0,69,0,0,5,0,5,14,48,12,0,74,0,0,0,74
12/25/2007,CID,IA,ACE,CE,Combined TRACON& Tower with Radar,11,44,6,0,61,0,0,11,0,11,11,44,17,0,72,2,0,2,74
12/26/2007,CID,IA,ACE,CE,Combined TRACON& Tower with Radar,21,59,26,2,108,0,1,26,0,27,21,60,52,2,135,68,0,68,203
12/27/2007,CID,IA,ACE,CE,Combined TRACON& Tower with Radar,27,60,25,0,112,0,0,4,0,4,27,60,29,0,116,28,0,28,144
12/28/2007,CID,IA,ACE,CE,Combined TRACON& Tower with Radar,16,61,14,0,91,0,0,0,0,0,16,61,14,0,91,0,0,0,91
12/29/2007,CID,IA,ACE,CE,Combined TRACON& Tower with Radar,23,51,10,0,84,0,0,3,0,3,23,51,13,0,87,22,0,22,109
12/30/2007,CID,IA,ACE,CE,Combined TRACON& Tower with Radar,17,60,9,0,86,0,0,0,0,0,17,60,9,0,86,24,0,24,110
12/31/2007,CID,IA,ACE,CE,Combined TRACON& Tower with Radar,13,52,7,0,72,0,0,0,0,0,13,52,7,0,72,0,0,0,72
01/01/2008,CID,IA,ACE,CE,Combined TRACON& Tower with Radar,11,49,16,0,76,0,0,5,0,5,11,49,21,0,81,0,0,0,81
01/02/2008,CID,IA,ACE,CE,Combined TRACON& Tower with Radar,22,64,30,0,116,0,0,14,0,14,22,64,44,0,130,0,0,0,130
01/03/2008,CID,IA,ACE,CE,Combined TRACON& Tower with Radar,28,65,30,2,125,0,0,13,2,15,28,65,43,4,140,8,0,8,148
01/04/2008,CID,IA,ACE,CE,Combined TRACON& Tower with Radar,25,72,16,3,116,0,0,23,2,25,25,72,39,5,141,20,0,20,161
01/05/2008,CID,IA,ACE,CE,Combined TRACON& Tower with Radar,25,45,18,0,88,0,0,3,0,3,25,45,21,0,91,16,0,16,107
01/06/2008,CID,IA,ACE,CE,Combined TRACON& Tower with Radar,4,19,5,0,28,0,0,0,0,0,4,19,5,0,28,0,0,0,28
01/07/2008,CID,IA,ACE,CE,Combined TRACON& Tower with Radar,4,23,11,0,38,0,0,0,0,0,4,23,11,0,38,0,0,0,38
01/08/2008,CID,IA,ACE,CE,Combined TRACON& Tower with Radar,24,50,22,0,96,0,0,0,0,0,24,50,22,0,96,0,0,0,96
01/09/2008,CID,IA,ACE,CE,Combined TRACON& Tower with Radar,30,59,43,1,133,0,0,43,1,44,30,59,86,2,177,42,0,42,219
01/10/2008,CID,IA,ACE,CE,Combined TRACON& Tower with Radar,35,63,38,0,136,0,0,0,0,0,35,63,38,0,136,0,0,0,136
01/11/2008,CID,IA,ACE,CE,Combined TRACON& Tower with Radar,34,61,48,0,143,0,0,1,0,1,34,61,49,0,144,0,0,0,144
01/12/2008,CID,IA,ACE,CE,Combined TRACON& Tower with Radar,25,40,12,0,77,0,0,0,0,0,25,40,12,0,77,2,0,2,79
01/13/2008,CID,IA,ACE,CE,Combined TRACON& Tower with Radar,17,46,11,0,74,0,0,10,0,10,17,46,21,0,84,52,0,52,136
01/14/2008,CID,IA,ACE,CE,Combined TRACON& Tower with Radar,22,57,19,1,99,0,0,9,0,9,22,57,28,1,108,8,0,8,116
01/15/2008,CID,IA,ACE,CE,Combined TRACON& Tower with Radar,28,60,47,1,136,0,1,44,2,47,28,61,91,3,183,48,0,48,231
01/16/2008,CID,IA,ACE,CE,Combined TRACON& Tower with Radar,27,67,46,2,142,0,0,23,0,23,27,67,69,2,165,14,0,14,179
01/17/2008,CID,IA,ACE,CE,Combined TRACON& Tower with Radar,31,56,22,4,113,0,0,2,0,2,31,56,24,4,115,4,0,4,119
01/18/2008,CID,IA,ACE,CE,Combined TRACON& Tower with Radar,26,60,32,3,121,0,0,7,0,7,26,60,39,3,128,0,0,0,128
01/19/2008,CID,IA,ACE,CE,Combined TRACON& Tower with Radar,27,43,10,0,80,0,0,7,0,7,27,43,17,0,87,14,0,14,101
01/20/2008,CID,IA,ACE,CE,Combined TRACON& Tower with Radar,21,43,14,0,78,0,1,9,0,10,21,44,23,0,88,0,0,0,88
01/21/2008,CID,IA,ACE,CE,Combined TRACON& Tower with Radar,18,48,20,0,86,0,0,2,0,2,18,48,22,0,88,0,0,0,88
01/22/2008,CID,IA,ACE,CE,Combined TRACON& Tower with Radar,28,51,32,0,111,0,0,11,2,13,28,51,43,2,124,8,0,8,132
01/23/2008,CID,IA,ACE,CE,Combined TRACON& Tower with Radar,29,60,30,0,119,0,0,4,0,4,29,60,34,0,123,0,0,0,123
01/24/2008,CID,IA,ACE,CE,Combined TRACON& Tower with Radar,32,64,44,2,142,0,1,17,0,18,32,65,61,2,160,6,0,6,166
01/25/2008,CID,IA,ACE,CE,Combined TRACON& Tower with Radar,31,63,40,0,134,0,0,6,0,6,31,63,46,0,140,2,0,2,142
01/26/2008,CID,IA,ACE,CE,Combined TRACON& Tower with Radar,26,42,22,0,90,0,0,37,0,37,26,42,59,0,127,120,0,120,247
01/27/2008,CID,IA,ACE,CE,Combined TRACON& Tower with Radar,16,44,17,1,78,0,0,57,1,58,16,44,74,2,136,130,0,130,266
01/28/2008,CID,IA,ACE,CE,Combined TRACON& Tower with Radar,16,64,26,0,106,0,0,11,0,11,16,64,37,0,117,24,0,24,141
01/29/2008,CID,IA,ACE,CE,Combined TRACON& Tower with Radar,21,50,20,0,91,0,0,0,0,0,21,50,20,0,91,0,0,0,91
01/30/2008,CID,IA,ACE,CE,Combined TRACON& Tower with Radar,32,61,34,0,127,0,0,14,0,14,32,61,48,0,141,18,0,18,159
01/31/2008,CID,IA,ACE,CE,Combined TRACON& Tower with Radar,28,65,43,0,136,0,0,13,0,13,28,65,56,0,149,14,0,14,163
02/01/2008,CID,IA,ACE,CE,Combined TRACON& Tower with Radar,23,59,40,0,122,0,0,7,0,7,23,59,47,0,129,48,0,48,177
02/02/2008,CID,IA,ACE,CE,Combined TRACON& Tower with Radar,26,40,15,0,81,0,0,7,0,7,26,40,22,0,88,16,0,16,104
02/03/2008,CID,IA,ACE,CE,Combined TRACON& Tower with Radar,14,46,11,0,71,0,0,0,0,0,14,46,11,0,71,0,0,0,71
02/04/2008,CID,IA,ACE,CE,Combined TRACON& Tower with Radar,8,21,6,0,35,0,0,0,0,0,8,21,6,0,35,0,0,0,35
02/05/2008,CID,IA,ACE,CE,Combined TRACON& Tower with Radar,26,58,23,0,107,0,0,0,0,0,26,58,23,0,107,0,0,0,107
02/06/2008,CID,IA,ACE,CE,Combined TRACON& Tower with Radar,20,26,12,0,58,0,0,0,0,0,20,26,12,0,58,0,0,0,58
02/07/2008,CID,IA,ACE,CE,Combined TRACON& Tower with Radar,32,63,42,0,137,0,0,2,0,2,32,63,44,0,139,0,0,0,139
02/08/2008,CID,IA,ACE,CE,Combined TRACON& Tower with Radar,27,67,44,0,138,0,0,11,0,11,27,67,55,0,149,26,0,26,175
02/09/2008,CID,IA,ACE,CE,Combined TRACON& Tower with Radar,29,38,4,0,71,0,0,0,0,0,29,38,4,0,71,0,0,0,71
02/10/2008,CID,IA,ACE,CE,Combined TRACON& Tower with Radar,21,42,9,0,72,0,0,5,0,5,21,42,14,0,77,0,0,0,77
02/11/2008,CID,IA,ACE,CE,Combined TRACON& Tower with Radar,23,61,29,0,113,0,0,2,0,2,23,61,31,0,115,0,0,0,115
02/12/2008,CID,IA,ACE,CE,Combined TRACON& Tower with Radar,20,67,51,0,138,0,0,7,0,7,20,67,58,0,145,0,0,0,145
02/13/2008,CID,IA,ACE,CE,Combined TRACON& Tower with Radar,30,74,48,2,154,0,2,28,0,30,30,76,76,2,184,22,0,22,206
02/14/2008,CID,IA,ACE,CE,Combined TRACON& Tower with Radar,29,64,47,0,140,0,0,14,0,14,29,64,61,0,154,0,0,0,154
02/15/2008,CID,IA,ACE,CE,Combined TRACON& Tower with Radar,24,62,40,0,126,0,0,36,0,36,24,62,76,0,162,2,0,2,164
02/16/2008,CID,IA,ACE,CE,Combined TRACON& Tower with Radar,20,44,23,0,87,0,0,54,0,54,20,44,77,0,141,56,0,56,197
02/17/2008,CID,IA,ACE,CE,Combined TRACON& Tower with Radar,9,13,2,0,24,0,0,3,0,3,9,13,5,0,27,0,0,0,27
02/18/2008,CID,IA,ACE,CE,Combined TRACON& Tower with Radar,15,46,21,3,85,0,0,7,0,7,15,46,28,3,92,0,0,0,92
02/19/2008,CID,IA,ACE,CE,Combined TRACON& Tower with Radar,22,62,39,0,123,0,0,20,0,20,22,62,59,0,143,2,0,2,145
02/20/2008,CID,IA,ACE,CE,Combined TRACON& Tower with Radar,30,66,25,2,123,0,0,14,0,14,30,66,39,2,137,0,0,0,137
02/21/2008,CID,IA,ACE,CE,Combined TRACON& Tower with Radar,32,58,40,0,130,0,0,8,0,8,32,58,48,0,138,0,0,0,138
02/22/2008,CID,IA,ACE,CE,Combined TRACON& Tower with Radar,28,64,41,1,134,0,0,16,0,16,28,64,57,1,150,0,0,0,150
02/23/2008,CID,IA,ACE,CE,Combined TRACON& Tower with Radar,18,44,19,0,81,0,0,18,0,18,18,44,37,0,99,30,0,30,129
02/24/2008,CID,IA,ACE,CE,Combined TRACON& Tower with Radar,17,54,13,2,86,0,0,24,0,24,17,54,37,2,110,52,0,52,162
02/25/2008,CID,IA,ACE,CE,Combined TRACON& Tower with Radar,14,34,11,0,59,0,0,3,0,3,14,34,14,0,62,0,0,0,62
02/26/2008,CID,IA,ACE,CE,Combined TRACON& Tower with Radar,29,58,34,0,121,0,0,4,0,4,29,58,38,0,125,0,0,0,125
02/27/2008,CID,IA,ACE,CE,Combined TRACON& Tower with Radar,30,75,53,0,158,0,6,13,0,19,30,81,66,0,177,20,0,20,197
02/28/2008,CID,IA,ACE,CE,Combined TRACON& Tower with Radar,33,76,33,0,142,0,0,2,0,2,33,76,35,0,144,0,0,0,144
02/29/2008,CID,IA,ACE,CE,Combined TRACON& Tower with Radar,24,77,34,0,135,0,1,10,0,11,24,78,44,0,146,44,0,44,190
03/01/2008,CID,IA,ACE,CE,Combined TRACON& Tower with Radar,20,54,23,0,97,0,0,43,0,43,20,54,66,0,140,60,0,60,200
03/02/2008,CID,IA,ACE,CE,Combined TRACON& Tower with Radar,14,49,14,0,77,0,0,13,0,13,14,49,27,0,90,62,0,62,152
03/03/2008,CID,IA,ACE,CE,Combined TRACON& Tower with Radar,20,61,30,0,111,0,4,6,0,10,20,65,36,0,121,12,0,12,133
03/04/2008,CID,IA,ACE,CE,Combined TRACON& Tower with Radar,28,66,31,0,125,0,0,9,0,9,28,66,40,0,134,26,0,26,160
03/05/2008,CID,IA,ACE,CE,Combined TRACON& Tower with Radar,28,67,29,0,124,0,0,5,0,5,28,67,34,0,129,0,0,0,129
03/06/2008,CID,IA,ACE,CE,Combined TRACON& Tower with Radar,30,67,43,0,140,0,0,22,0,22,30,67,65,0,162,28,0,28,190
03/07/2008,CID,IA,ACE,CE,Combined TRACON& Tower with Radar,26,66,28,0,120,0,1,17,0,18,26,67,45,0,138,18,0,18,156
03/08/2008,CID,IA,ACE,CE,Combined TRACON& Tower with Radar,22,43,19,0,84,0,0,31,0,31,22,43,50,0,115,71,0,71,186
03/09/2008,CID,IA,ACE,CE,Combined TRACON& Tower with Radar,17,47,20,0,84,0,0,22,0,22,17,47,42,0,106,114,0,114,220
03/10/2008,CID,IA,ACE,CE,Combined TRACON& Tower with Radar,26,68,33,0,127,0,0,16,0,16,26,68,49,0,143,65,0,65,208
03/11/2008,CID,IA,ACE,CE,Combined TRACON& Tower with Radar,30,64,54,0,148,0,0,34,0,34,30,64,88,0,182,48,0,48,230
03/12/2008,CID,IA,ACE,CE,Combined TRACON& Tower with Radar,29,62,35,0,126,0,1,28,0,29,29,63,63,0,155,44,0,44,199
03/13/2008,CID,IA,ACE,CE,Combined TRACON& Tower with Radar,35,57,39,0,131,0,2,41,0,43,35,59,80,0,174,52,0,52,226
03/14/2008,CID,IA,ACE,CE,Combined TRACON& Tower with Radar,32,68,31,0,131,0,4,22,0,26,32,72,53,0,157,22,0,22,179
03/15/2008,CID,IA,ACE,CE,Combined TRACON& Tower with Radar,25,41,41,0,107,0,3,42,0,45,25,44,83,0,152,46,0,46,198
03/16/2008,CID,IA,ACE,CE,Combined TRACON& Tower with Radar,19,42,12,0,73,0,0,34,0,34,19,42,46,0,107,80,0,80,187
03/17/2008,CID,IA,ACE,CE,Combined TRACON& Tower with Radar,22,68,23,0,113,0,0,5,0,5,22,68,28,0,118,0,0,0,118
03/18/2008,CID,IA,ACE,CE,Combined TRACON& Tower with Radar,29,42,34,0,105,0,0,2,0,2,29,42,36,0,107,26,0,26,133
03/19/2008,CID,IA,ACE,CE,Combined TRACON& Tower with Radar,35,63,29,0,127,0,0,45,0,45,35,63,74,0,172,44,0,44,216
03/20/2008,CID,IA,ACE,CE,Combined TRACON& Tower with Radar,32,62,40,1,135,0,1,14,1,16,32,63,54,2,151,18,0,18,169
03/21/2008,CID,IA,ACE,CE,Combined TRACON& Tower with Radar,27,46,28,0,101,0,0,2,0,2,27,46,30,0,103,0,0,0,103
03/22/2008,CID,IA,ACE,CE,Combined TRACON& Tower with Radar,25,39,9,0,73,0,0,10,0,10,25,39,19,0,83,48,0,48,131
03/23/2008,CID,IA,ACE,CE,Combined TRACON& Tower with Radar,21,47,6,0,74,0,0,4,0,4,21,47,10,0,78,0,0,0,78
03/24/2008,CID,IA,ACE,CE,Combined TRACON& Tower with Radar,24,60,32,0,116,0,0,11,0,11,24,60,43,0,127,28,0,28,155
03/25/2008,CID,IA,ACE,CE,Combined TRACON& Tower with Radar,29,54,48,0,131,0,0,18,0,18,29,54,66,0,149,0,0,0,149
03/26/2008,CID,IA,ACE,CE,Combined TRACON& Tower with Radar,26,72,51,1,150,0,2,36,1,39,26,74,87,2,189,50,0,50,239
03/27/2008,CID,IA,ACE,CE,Combined TRACON& Tower with Radar,28,60,35,0,123,0,0,2,0,2,28,60,37,0,125,0,0,0,125
03/28/2008,CID,IA,ACE,CE,Combined TRACON& Tower with Radar,33,65,35,0,133,0,0,47,0,47,33,65,82,0,180,46,0,46,226
03/29/2008,CID,IA,ACE,CE,Combined TRACON& Tower with Radar,22,41,18,0,81,0,0,43,0,43,22,41,61,0,124,10,0,10,134
03/30/2008,CID,IA,ACE,CE,Combined TRACON& Tower with Radar,17,47,29,0,93,0,2,15,0,17,17,49,44,0,110,54,0,54,164
03/31/2008,CID,IA,ACE,CE,Combined TRACON& Tower with Radar,17,57,16,0,90,0,0,0,0,0,17,57,16,0,90,0,0,0,90
04/01/2008,CID,IA,ACE,CE,Combined TRACON& Tower with Radar,19,79,40,0,138,0,0,15,0,15,19,79,55,0,153,38,0,38,191
04/02/2008,CID,IA,ACE,CE,Combined TRACON& Tower with Radar,26,64,42,3,135,0,0,31,3,34,26,64,73,6,169,16,0,16,185
04/03/2008,CID,IA,ACE,CE,Combined TRACON& Tower with Radar,28,64,35,0,127,0,0,10,0,10,28,64,45,0,137,4,0,4,141
04/04/2008,CID,IA,ACE,CE,Combined TRACON& Tower with Radar,29,63,40,0,132,0,0,28,0,28,29,63,68,0,160,40,0,40,200
04/05/2008,CID,IA,ACE,CE,Combined TRACON& Tower with Radar,22,43,17,0,82,0,1,57,0,58,22,44,74,0,140,36,0,36,176
04/06/2008,CID,IA,ACE,CE,Combined TRACON& Tower with Radar,14,54,13,0,81,0,0,3,0,3,14,54,16,0,84,10,0,10,94
04/07/2008,CID,IA,ACE,CE,Combined TRACON& Tower with Radar,19,75,26,0,120,0,0,11,0,11,19,75,37,0,131,20,0,20,151
04/08/2008,CID,IA,ACE,CE,Combined TRACON& Tower with Radar,20,70,34,0,124,0,0,6,0,6,20,70,40,0,130,6,0,6,136
04/09/2008,CID,IA,ACE,CE,Combined TRACON& Tower with Radar,24,71,66,0,161,0,0,26,0,26,24,71,92,0,187,90,0,90,277
04/10/2008,CID,IA,ACE,CE,Combined TRACON& Tower with Radar,20,69,54,0,143,0,0,1,0,1,20,69,55,0,144,0,0,0,144
04/11/2008,CID,IA,ACE,CE,Combined TRACON& Tower with Radar,33,66,47,0,146,0,0,2,0,2,33,66,49,0,148,0,0,0,148
04/12/2008,CID,IA,ACE,CE,Combined TRACON& Tower with Radar,22,46,8,0,76,0,0,1,0,1,22,46,9,0,77,0,0,0,77
04/13/2008,CID,IA,ACE,CE,Combined TRACON& Tower with Radar,11,59,24,0,94,0,0,30,0,30,11,59,54,0,124,44,0,44,168
04/14/2008,CID,IA,ACE,CE,Combined TRACON& Tower with Radar,15,78,35,0,128,0,0,54,0,54,15,78,89,0,182,80,0,80,262
04/15/2008,CID,IA,ACE,CE,Combined TRACON& Tower with Radar,20,72,36,0,128,0,0,16,0,16,20,72,52,0,144,0,0,0,144
04/16/2008,CID,IA,ACE,CE,Combined TRACON& Tower with Radar,23,67,29,2,121,0,0,21,0,21,23,67,50,2,142,2,0,2,144
04/17/2008,CID,IA,ACE,CE,Combined TRACON& Tower with Radar,22,71,41,4,138,0,0,9,1,10,22,71,50,5,148,6,0,6,154
04/18/2008,CID,IA,ACE,CE,Combined TRACON& Tower with Radar,24,72,34,0,130,0,0,0,0,0,24,72,34,0,130,0,0,0,130
04/19/2008,CID,IA,ACE,CE,Combined TRACON& Tower with Radar,22,47,17,0,86,0,0,0,0,0,22,47,17,0,86,0,0,0,86
04/20/2008,CID,IA,ACE,CE,Combined TRACON& Tower with Radar,12,60,18,0,90,0,0,25,0,25,12,60,43,0,115,20,0,20,135
04/21/2008,CID,IA,ACE,CE,Combined TRACON& Tower with Radar,14,83,34,0,131,0,0,51,0,51,14,83,85,0,182,17,0,17,199
04/22/2008,CID,IA,ACE,CE,Combined TRACON& Tower with Radar,19,77,33,0,129,0,0,16,0,16,19,77,49,0,145,44,0,44,189
04/23/2008,CID,IA,ACE,CE,Combined TRACON& Tower with Radar,28,74,48,0,150,0,2,57,2,61,28,76,105,2,211,22,0,22,233
04/24/2008,CID,IA,ACE,CE,Combined TRACON& Tower with Radar,26,73,39,0,138,0,0,3,0,3,26,73,42,0,141,1,0,1,142
04/25/2008,CID,IA,ACE,CE,Combined TRACON& Tower with Radar,25,69,27,2,123,0,0,6,0,6,25,69,33,2,129,0,0,0,129
04/26/2008,CID,IA,ACE,CE,Combined TRACON& Tower with Radar,24,47,9,0,80,0,0,23,0,23,24,47,32,0,103,8,0,8,111
04/27/2008,CID,IA,ACE,CE,Combined TRACON& Tower with Radar,18,54,7,2,81,0,0,41,0,41,18,54,48,2,122,46,0,46,168
04/28/2008,CID,IA,ACE,CE,Combined TRACON& Tower with Radar,18,70,28,0,116,0,0,7,0,7,18,70,35,0,123,0,0,0,123
04/29/2008,CID,IA,ACE,CE,Combined TRACON& Tower with Radar,24,70,32,0,126,0,0,60,0,60,24,70,92,0,186,24,0,24,210
04/30/2008,CID,IA,ACE,CE,Combined TRACON& Tower with Radar,21,78,28,0,127,0,0,28,0,28,21,78,56,0,155,12,0,12,167
05/01/2008,CID,IA,ACE,CE,Combined TRACON& Tower with Radar,25,69,55,0,149,0,0,29,0,29,25,69,84,0,178,52,0,52,230
05/02/2008,CID,IA,ACE,CE,Combined TRACON& Tower with Radar,20,80,20,0,120,0,0,6,0,6,20,80,26,0,126,6,0,6,132
05/03/2008,CID,IA,ACE,CE,Combined TRACON& Tower with Radar,13,55,12,0,80,0,0,5,2,7,13,55,17,2,87,2,0,2,89
05/04/2008,CID,IA,ACE,CE,Combined TRACON& Tower with Radar,13,58,17,0,88,0,0,59,0,59,13,58,76,0,147,40,0,40,187
05/05/2008,CID,IA,ACE,CE,Combined TRACON& Tower with Radar,15,77,40,0,132,0,0,54,2,56,15,77,94,2,188,16,0,16,204
05/06/2008,CID,IA,ACE,CE,Combined TRACON& Tower with Radar,21,77,37,0,135,0,0,20,0,20,21,77,57,0,155,2,0,2,157
05/07/2008,CID,IA,ACE,CE,Combined TRACON& Tower with Radar,20,82,49,0,151,0,0,11,0,11,20,82,60,0,162,24,0,24,186
05/08/2008,CID,IA,ACE,CE,Combined TRACON& Tower with Radar,24,78,58,1,161,0,1,53,1,55,24,79,111,2,216,58,0,58,274
05/09/2008,CID,IA,ACE,CE,Combined TRACON& Tower with Radar,19,79,53,0,151,0,0,37,2,39,19,79,90,2,190,32,0,32,222
05/10/2008,CID,IA,ACE,CE,Combined TRACON& Tower with Radar,28,44,10,0,82,0,2,50,0,52,28,46,60,0,134,30,0,30,164
05/11/2008,CID,IA,ACE,CE,Combined TRACON& Tower with Radar,12,51,14,0,77,0,0,1,0,1,12,51,15,0,78,0,0,0,78
05/12/2008,CID,IA,ACE,CE,Combined TRACON& Tower with Radar,12,82,34,0,128,0,0,36,0,36,12,82,70,0,164,32,0,32,196
05/13/2008,CID,IA,ACE,CE,Combined TRACON& Tower with Radar,17,76,52,2,147,0,0,14,5,19,17,76,66,7,166,28,0,28,194
05/14/2008,CID,IA,ACE,CE,Combined TRACON& Tower with Radar,22,81,52,5,160,0,0,14,2,16,22,81,66,7,176,80,0,80,256
05/15/2008,CID,IA,ACE,CE,Combined TRACON& Tower with Radar,20,80,63,1,164,0,0,42,2,44,20,80,105,3,208,48,0,48,256
05/16/2008,CID,IA,ACE,CE,Combined TRACON& Tower with Radar,24,73,44,2,143,0,0,33,0,33,24,73,77,2,176,18,0,18,194
05/17/2008,CID,IA,ACE,CE,Combined TRACON& Tower with Radar,19,52,28,0,99,0,2,36,0,38,19,54,64,0,137,44,0,44,181
05/18/2008,CID,IA,ACE,CE,Combined TRACON& Tower with Radar,19,62,22,0,103,0,0,27,0,27,19,62,49,0,130,10,0,10,140
05/19/2008,CID,IA,ACE,CE,Combined TRACON& Tower with Radar,15,73,33,0,121,0,0,33,0,33,15,73,66,0,154,38,0,38,192
05/20/2008,CID,IA,ACE,CE,Combined TRACON& Tower with Radar,16,77,57,0,150,0,0,35,0,35,16,77,92,0,185,14,0,14,199
05/21/2008,CID,IA,ACE,CE,Combined TRACON& Tower with Radar,21,78,40,0,139,0,4,45,0,49,21,82,85,0,188,60,0,60,248
05/22/2008,CID,IA,ACE,CE,Combined TRACON& Tower with Radar,24,82,55,0,161,0,1,30,0,31,24,83,85,0,192,58,0,58,250
05/23/2008,CID,IA,ACE,CE,Combined TRACON& Tower with Radar,22,77,27,0,126,0,0,9,0,9,22,77,36,0,135,14,0,14,149
05/24/2008,CID,IA,ACE,CE,Combined TRACON& Tower with Radar,23,41,17,0,81,0,2,30,2,34,23,43,47,2,115,40,0,40,155
05/25/2008,CID,IA,ACE,CE,Combined TRACON& Tower with Radar,15,38,11,0,64,0,0,0,0,0,15,38,11,0,64,0,0,0,64
05/26/2008,CID,IA,ACE,CE,Combined TRACON& Tower with Radar,17,62,20,0,99,0,1,26,0,27,17,63,46,0,126,32,0,32,158
05/27/2008,CID,IA,ACE,CE,Combined TRACON& Tower with Radar,9,67,43,0,119,0,0,5,0,5,9,67,48,0,124,0,0,0,124
05/28/2008,CID,IA,ACE,CE,Combined TRACON& Tower with Radar,19,72,42,0,133,0,2,56,0,58,19,74,98,0,191,84,0,84,275
05/29/2008,CID,IA,ACE,CE,Combined TRACON& Tower with Radar,29,79,40,0,148,0,0,22,0,22,29,79,62,0,170,38,0,38,208
05/30/2008,CID,IA,ACE,CE,Combined TRACON& Tower with Radar,21,74,20,0,115,0,0,9,0,9,21,74,29,0,124,26,6,32,156
05/31/2008,CID,IA,ACE,CE,Combined TRACON& Tower with Radar,25,43,10,0,78,0,2,90,0,92,25,45,100,0,170,142,0,142,312
06/01/2008,CID,IA,ACE,CE,Combined TRACON& Tower with Radar,22,59,25,0,106,0,1,59,0,60,22,60,84,0,166,42,0,42,208
06/02/2008,CID,IA,ACE,CE,Combined TRACON& Tower with Radar,13,77,19,0,109,0,0,21,0,21,13,77,40,0,130,98,0,98,228
06/03/2008,CID,IA,ACE,CE,Combined TRACON& Tower with Radar,23,81,46,0,150,0,0,7,0,7,23,81,53,0,157,24,0,24,181
06/04/2008,CID,IA,ACE,CE,Combined TRACON& Tower with Radar,26,72,49,0,147,0,0,3,0,3,26,72,52,0,150,0,0,0,150
06/05/2008,CID,IA,ACE,CE,Combined TRACON& Tower with Radar,32,69,31,0,132,0,1,13,0,14,32,70,44,0,146,2,0,2,148
06/06/2008,CID,IA,ACE,CE,Combined TRACON& Tower with Radar,23,82,30,0,135,0,0,10,0,10,23,82,40,0,145,6,0,6,151
06/07/2008,CID,IA,ACE,CE,Combined TRACON& Tower with Radar,16,51,9,0,76,0,2,12,0,14,16,53,21,0,90,8,0,8,98
06/08/2008,CID,IA,ACE,CE,Combined TRACON& Tower with Radar,15,42,8,0,65,0,0,0,0,0,15,42,8,0,65,0,0,0,65
06/09/2008,CID,IA,ACE,CE,Combined TRACON& Tower with Radar,13,73,29,0,115,0,0,28,0,28,13,73,57,0,143,23,0,23,166
06/10/2008,CID,IA,ACE,CE,Combined TRACON& Tower with Radar,24,75,55,0,154,0,0,50,0,50,24,75,105,0,204,38,0,38,242
06/11/2008,CID,IA,ACE,CE,Combined TRACON& Tower with Radar,26,76,33,0,135,0,1,25,0,26,26,77,58,0,161,0,0,0,161
06/12/2008,CID,IA,ACE,CE,Combined TRACON& Tower with Radar,24,74,30,0,128,0,0,4,0,4,24,74,34,0,132,0,0,0,132
06/13/2008,CID,IA,ACE,CE,Combined TRACON& Tower with Radar,24,66,20,4,114,0,2,94,2,98,24,68,114,6,212,30,0,30,242
06/14/2008,CID,IA,ACE,CE,Combined TRACON& Tower with Radar,16,47,11,6,80,0,1,94,0,95,16,48,105,6,175,16,0,16,191
06/15/2008,CID,IA,ACE,CE,Combined TRACON& Tower with Radar,16,49,21,4,90,0,1,52,0,53,16,50,73,4,143,44,0,44,187
06/16/2008,CID,IA,ACE,CE,Combined TRACON& Tower with Radar,14,71,40,6,131,0,1,109,2,112,14,72,149,8,243,14,0,14,257
06/17/2008,CID,IA,ACE,CE,Combined TRACON& Tower with Radar,22,79,32,5,138,0,4,61,10,75,22,83,93,15,213,38,0,38,251
06/18/2008,CID,IA,ACE,CE,Combined TRACON& Tower with Radar,23,78,40,9,150,0,1,79,4,84,23,79,119,13,234,62,0,62,296
06/19/2008,CID,IA,ACE,CE,Combined TRACON& Tower with Radar,20,73,45,9,147,0,0,23,5,28,20,73,68,14,175,66,8,74,249
06/20/2008,CID,IA,ACE,CE,Combined TRACON& Tower with Radar,28,82,49,6,165,0,3,39,1,43,28,85,88,7,208,12,0,12,220
06/21/2008,CID,IA,ACE,CE,Combined TRACON& Tower with Radar,20,48,15,0,83,0,0,36,0,36,20,48,51,0,119,4,0,4,123
06/22/2008,CID,IA,ACE,CE,Combined TRACON& Tower with Radar,15,58,13,0,86,0,0,35,0,35,15,58,48,0,121,70,0,70,191
06/23/2008,CID,IA,ACE,CE,Combined TRACON& Tower with Radar,13,75,43,0,131,0,0,47,0,47,13,75,90,0,178,44,0,44,222
06/24/2008,CID,IA,ACE,CE,Combined TRACON& Tower with Radar,20,74,48,0,142,0,0,37,0,37,20,74,85,0,179,56,0,56,235
06/25/2008,CID,IA,ACE,CE,Combined TRACON& Tower with Radar,23,77,69,4,173,0,3,25,0,28,23,80,94,4,201,92,0,92,293
06/26/2008,CID,IA,ACE,CE,Combined TRACON& Tower with Radar,28,82,48,0,158,0,0,18,0,18,28,82,66,0,176,138,0,138,314
06/27/2008,CID,IA,ACE,CE,Combined TRACON& Tower with Radar,24,89,37,2,152,0,0,14,0,14,24,89,51,2,166,36,0,36,202
06/28/2008,CID,IA,ACE,CE,Combined TRACON& Tower with Radar,21,47,27,0,95,0,2,33,0,35,21,49,60,0,130,20,0,20,150
06/29/2008,CID,IA,ACE,CE,Combined TRACON& Tower with Radar,15,57,36,2,110,0,0,10,0,10,15,57,46,2,120,2,0,2,122
06/30/2008,CID,IA,ACE,CE,Combined TRACON& Tower with Radar,13,75,39,0,127,0,0,45,0,45,13,75,84,0,172,70,0,70,242
07/01/2008,CID,IA,ACE,CE,Combined TRACON& Tower with Radar,28,76,58,0,162,0,0,63,4,67,28,76,121,4,229,52,0,52,281
07/02/2008,CID,IA,ACE,CE,Combined TRACON& Tower with Radar,21,79,44,0,144,0,0,17,0,17,21,79,61,0,161,2,0,2,163
07/03/2008,CID,IA,ACE,CE,Combined TRACON& Tower with Radar,28,74,40,10,152,0,2,61,0,63,28,76,101,10,215,48,0,48,263
07/04/2008,CID,IA,ACE,CE,Combined TRACON& Tower with Radar,10,53,3,0,66,0,0,48,0,48,10,53,51,0,114,20,0,20,134
07/05/2008,CID,IA,ACE,CE,Combined TRACON& Tower with Radar,18,46,15,0,79,0,4,25,0,29,18,50,40,0,108,32,0,32,140
07/06/2008,CID,IA,ACE,CE,Combined TRACON& Tower with Radar,17,61,22,0,100,0,0,24,0,24,17,61,46,0,124,32,0,32,156
07/07/2008,CID,IA,ACE,CE,Combined TRACON& Tower with Radar,15,77,38,0,130,0,5,12,0,17,15,82,50,0,147,6,0,6,153
07/08/2008,CID,IA,ACE,CE,Combined TRACON& Tower with Radar,24,90,63,6,183,0,0,5,0,5,24,90,68,6,188,0,0,0,188
07/09/2008,CID,IA,ACE,CE,Combined TRACON& Tower with Radar,22,82,55,0,159,0,1,49,0,50,22,83,104,0,209,74,0,74,283
07/10/2008,CID,IA,ACE,CE,Combined TRACON& Tower with Radar,28,77,59,0,164,0,0,38,0,38,28,77,97,0,202,14,0,14,216
07/11/2008,CID,IA,ACE,CE,Combined TRACON& Tower with Radar,0,0,0,0,0,0,0,0,0,0,0,0,0,0,0,8,0,8,8
07/12/2008,CID,IA,ACE,CE,Combined TRACON& Tower with Radar,14,50,17,0,81,0,0,29,0,29,14,50,46,0,110,50,0,50,160
07/13/2008,CID,IA,ACE,CE,Combined TRACON& Tower with Radar,19,61,23,0,103,0,0,1,0,1,19,61,24,0,104,52,0,52,156
07/14/2008,CID,IA,ACE,CE,Combined TRACON& Tower with Radar,15,85,20,0,120,0,3,20,0,23,15,88,40,0,143,60,0,60,203
07/15/2008,CID,IA,ACE,CE,Combined TRACON& Tower with Radar,25,79,45,0,149,0,0,47,0,47,25,79,92,0,196,74,0,74,270
07/16/2008,CID,IA,ACE,CE,Combined TRACON& Tower with Radar,22,84,32,1,139,0,1,53,0,54,22,85,85,1,193,94,0,94,287
07/17/2008,CID,IA,ACE,CE,Combined TRACON& Tower with Radar,28,86,43,0,157,0,0,22,1,23,28,86,65,1,180,0,0,0,180
07/18/2008,CID,IA,ACE,CE,Combined TRACON& Tower with Radar,21,91,38,0,150,0,0,11,0,11,21,91,49,0,161,14,0,14,175
07/19/2008,CID,IA,ACE,CE,Combined TRACON& Tower with Radar,15,51,13,0,79,0,1,15,0,16,15,52,28,0,95,58,0,58,153
07/20/2008,CID,IA,ACE,CE,Combined TRACON& Tower with Radar,14,59,17,0,90,0,0,41,0,41,14,59,58,0,131,68,0,68,199
07/21/2008,CID,IA,ACE,CE,Combined TRACON& Tower with Radar,19,81,36,0,136,0,1,16,0,17,19,82,52,0,153,14,0,14,167
07/22/2008,CID,IA,ACE,CE,Combined TRACON& Tower with Radar,23,75,35,0,133,0,0,22,0,22,23,75,57,0,155,62,0,62,217
07/23/2008,CID,IA,ACE,CE,Combined TRACON& Tower with Radar,23,78,25,2,128,0,0,41,2,43,23,78,66,4,171,130,0,130,301
07/24/2008,CID,IA,ACE,CE,Combined TRACON& Tower with Radar,26,77,44,1,148,0,1,5,0,6,26,78,49,1,154,26,0,26,180
07/25/2008,CID,IA,ACE,CE,Combined TRACON& Tower with Radar,25,79,39,0,143,0,1,8,0,9,25,80,47,0,152,0,0,0,152
07/26/2008,CID,IA,ACE,CE,Combined TRACON& Tower with Radar,19,58,15,0,92,0,0,36,2,38,19,58,51,2,130,42,0,42,172
07/27/2008,CID,IA,ACE,CE,Combined TRACON& Tower with Radar,16,61,18,0,95,0,1,31,0,32,16,62,49,0,127,26,0,26,153
07/28/2008,CID,IA,ACE,CE,Combined TRACON& Tower with Radar,15,84,30,0,129,0,0,23,0,23,15,84,53,0,152,0,0,0,152
07/29/2008,CID,IA,ACE,CE,Combined TRACON& Tower with Radar,22,83,48,0,153,0,0,14,0,14,22,83,62,0,167,14,0,14,181
07/30/2008,CID,IA,ACE,CE,Combined TRACON& Tower with Radar,20,83,45,0,148,0,1,59,0,60,20,84,104,0,208,62,0,62,270
07/31/2008,CID,IA,ACE,CE,Combined TRACON& Tower with Radar,29,83,35,1,148,0,3,29,0,32,29,86,64,1,180,118,0,118,298
08/01/2008,CID,IA,ACE,CE,Combined TRACON& Tower with Radar,24,82,31,0,137,0,0,31,0,31,24,82,62,0,168,46,0,46,214
08/02/2008,CID,IA,ACE,CE,Combined TRACON& Tower with Radar,13,48,16,0,77,0,2,40,0,42,13,50,56,0,119,10,0,10,129
08/03/2008,CID,IA,ACE,CE,Combined TRACON& Tower with Radar,15,63,32,0,110,0,1,34,0,35,15,64,66,0,145,2,0,2,147
08/04/2008,CID,IA,ACE,CE,Combined TRACON& Tower with Radar,19,59,22,0,100,0,0,14,0,14,19,59,36,0,114,0,0,0,114
08/05/2008,CID,IA,ACE,CE,Combined TRACON& Tower with Radar,22,75,31,0,128,0,3,27,0,30,22,78,58,0,158,44,0,44,202
08/06/2008,CID,IA,ACE,CE,Combined TRACON& Tower with Radar,22,77,31,1,131,0,2,46,0,48,22,79,77,1,179,62,0,62,241
08/07/2008,CID,IA,ACE,CE,Combined TRACON& Tower with Radar,26,71,37,3,137,1,2,38,4,45,27,73,75,7,182,66,0,66,248
08/08/2008,CID,IA,ACE,CE,Combined TRACON& Tower with Radar,24,72,40,0,136,0,0,38,0,38,24,72,78,0,174,46,0,46,220
08/09/2008,CID,IA,ACE,CE,Combined TRACON& Tower with Radar,17,48,17,0,82,0,0,30,0,30,17,48,47,0,112,48,0,48,160
08/10/2008,CID,IA,ACE,CE,Combined TRACON& Tower with Radar,14,57,41,0,112,0,3,126,0,129,14,60,167,0,241,56,0,56,297
08/11/2008,CID,IA,ACE,CE,Combined TRACON& Tower with Radar,19,70,36,0,125,0,0,35,0,35,19,70,71,0,160,34,0,34,194
08/12/2008,CID,IA,ACE,CE,Combined TRACON& Tower with Radar,21,73,38,0,132,0,1,28,0,29,21,74,66,0,161,54,0,54,215
08/13/2008,CID,IA,ACE,CE,Combined TRACON& Tower with Radar,21,71,41,0,133,0,3,41,0,44,21,74,82,0,177,52,0,52,229
08/14/2008,CID,IA,ACE,CE,Combined TRACON& Tower with Radar,24,74,40,0,138,0,3,36,0,39,24,77,76,0,177,22,0,22,199
08/15/2008,CID,IA,ACE,CE,Combined TRACON& Tower with Radar,23,80,36,0,139,0,0,34,4,38,23,80,70,4,177,22,0,22,199
08/16/2008,CID,IA,ACE,CE,Combined TRACON& Tower with Radar,14,49,20,0,83,0,2,63,0,65,14,51,83,0,148,46,0,46,194
08/17/2008,CID,IA,ACE,CE,Combined TRACON& Tower with Radar,11,62,12,0,85,0,0,46,0,46,11,62,58,0,131,64,0,64,195
08/18/2008,CID,IA,ACE,CE,Combined TRACON& Tower with Radar,18,76,20,0,114,0,1,43,0,44,18,77,63,0,158,96,0,96,254
08/19/2008,CID,IA,ACE,CE,Combined TRACON& Tower with Radar,19,72,38,1,130,0,0,29,0,29,19,72,67,1,159,78,0,78,237
08/20/2008,CID,IA,ACE,CE,Combined TRACON& Tower with Radar,19,77,56,0,152,0,2,37,0,39,19,79,93,0,191,62,0,62,253
08/21/2008,CID,IA,ACE,CE,Combined TRACON& Tower with Radar,22,72,67,4,165,0,0,0,0,0,22,72,67,4,165,1,0,1,166
08/22/2008,CID,IA,ACE,CE,Combined TRACON& Tower with Radar,20,82,53,0,155,0,0,16,1,17,20,82,69,1,172,0,0,0,172
08/23/2008,CID,IA,ACE,CE,Combined TRACON& Tower with Radar,10,47,12,0,69,0,3,88,0,91,10,50,100,0,160,46,0,46,206
08/24/2008,CID,IA,ACE,CE,Combined TRACON& Tower with Radar,10,63,17,0,90,0,0,50,0,50,10,63,67,0,140,22,0,22,162
08/25/2008,CID,IA,ACE,CE,Combined TRACON& Tower with Radar,13,79,25,0,117,0,0,42,0,42,13,79,67,0,159,58,0,58,217
08/26/2008,CID,IA,ACE,CE,Combined TRACON& Tower with Radar,19,74,39,0,132,0,0,66,0,66,19,74,105,0,198,58,0,58,256
08/27/2008,CID,IA,ACE,CE,Combined TRACON& Tower with Radar,18,75,53,0,146,0,0,30,0,30,18,75,83,0,176,38,0,38,214
08/28/2008,CID,IA,ACE,CE,Combined TRACON& Tower with Radar,25,78,44,0,147,0,0,8,0,8,25,78,52,0,155,34,0,34,189
08/29/2008,CID,IA,ACE,CE,Combined TRACON& Tower with Radar,20,79,37,0,136,0,0,46,0,46,20,79,83,0,182,12,0,12,194
08/30/2008,CID,IA,ACE,CE,Combined TRACON& Tower with Radar,10,42,19,0,71,0,2,23,0,25,10,44,42,0,96,36,0,36,132
08/31/2008,CID,IA,ACE,CE,Combined TRACON& Tower with Radar,5,49,19,0,73,0,3,32,0,35,5,52,51,0,108,38,0,38,146
09/01/2008,CID,IA,ACE,CE,Combined TRACON& Tower with Radar,8,64,25,0,97,0,0,25,0,25,8,64,50,0,122,6,0,6,128
09/02/2008,CID,IA,ACE,CE,Combined TRACON& Tower with Radar,13,70,24,0,107,0,0,31,0,31,13,70,55,0,138,42,0,42,180
09/03/2008,CID,IA,ACE,CE,Combined TRACON& Tower with Radar,20,78,27,0,125,0,0,17,2,19,20,78,44,2,144,38,0,38,182
09/04/2008,CID,IA,ACE,CE,Combined TRACON& Tower with Radar,27,78,52,0,157,0,0,0,0,0,27,78,52,0,157,0,0,0,157
09/05/2008,CID,IA,ACE,CE,Combined TRACON& Tower with Radar,22,75,40,0,137,0,2,40,2,44,22,77,80,2,181,50,0,50,231
09/06/2008,CID,IA,ACE,CE,Combined TRACON& Tower with Radar,15,44,44,0,103,0,0,24,0,24,15,44,68,0,127,16,0,16,143
09/07/2008,CID,IA,ACE,CE,Combined TRACON& Tower with Radar,16,61,21,0,98,0,1,36,0,37,16,62,57,0,135,12,0,12,147
09/08/2008,CID,IA,ACE,CE,Combined TRACON& Tower with Radar,17,73,20,2,112,0,0,8,0,8,17,73,28,2,120,24,0,24,144
09/09/2008,CID,IA,ACE,CE,Combined TRACON& Tower with Radar,23,67,42,0,132,0,0,45,0,45,23,67,87,0,177,32,0,32,209
09/10/2008,CID,IA,ACE,CE,Combined TRACON& Tower with Radar,19,77,35,0,131,0,0,33,0,33,19,77,68,0,164,44,0,44,208
09/11/2008,CID,IA,ACE,CE,Combined TRACON& Tower with Radar,22,80,43,0,145,0,0,7,0,7,22,80,50,0,152,10,0,10,162
09/12/2008,CID,IA,ACE,CE,Combined TRACON& Tower with Radar,27,82,57,0,166,0,0,0,0,0,27,82,57,0,166,0,0,0,166
09/13/2008,CID,IA,ACE,CE,Combined TRACON& Tower with Radar,14,46,20,0,80,0,0,0,0,0,14,46,20,0,80,0,0,0,80
09/14/2008,CID,IA,ACE,CE,Combined TRACON& Tower with Radar,16,56,27,1,100,0,3,18,0,21,16,59,45,1,121,0,0,0,121
09/15/2008,CID,IA,ACE,CE,Combined TRACON& Tower with Radar,16,67,30,0,113,0,0,13,0,13,16,67,43,0,126,50,0,50,176
09/16/2008,CID,IA,ACE,CE,Combined TRACON& Tower with Radar,20,69,40,0,129,0,0,59,0,59,20,69,99,0,188,12,0,12,200
09/17/2008,CID,IA,ACE,CE,Combined TRACON& Tower with Radar,19,75,70,0,164,0,1,58,0,59,19,76,128,0,223,60,0,60,283
09/18/2008,CID,IA,ACE,CE,Combined TRACON& Tower with Radar,27,73,39,0,139,0,0,44,0,44,27,73,83,0,183,14,0,14,197
09/19/2008,CID,IA,ACE,CE,Combined TRACON& Tower with Radar,23,77,47,0,147,0,0,47,1,48,23,77,94,1,195,12,0,12,207
09/20/2008,CID,IA,ACE,CE,Combined TRACON& Tower with Radar,15,42,24,0,81,0,1,40,0,41,15,43,64,0,122,42,0,42,164
09/21/2008,CID,IA,ACE,CE,Combined TRACON& Tower with Radar,16,54,34,0,104,0,0,118,0,118,16,54,152,0,222,2,0,2,224
09/22/2008,CID,IA,ACE,CE,Combined TRACON& Tower with Radar,16,78,21,0,115,0,1,33,0,34,16,79,54,0,149,0,0,0,149
09/23/2008,CID,IA,ACE,CE,Combined TRACON& Tower with Radar,19,69,40,0,128,0,0,15,0,15,19,69,55,0,143,8,0,8,151
09/24/2008,CID,IA,ACE,CE,Combined TRACON& Tower with Radar,19,77,44,0,140,0,0,34,0,34,19,77,78,0,174,32,0,32,206
09/25/2008,CID,IA,ACE,CE,Combined TRACON& Tower with Radar,27,80,37,1,145,0,0,46,1,47,27,80,83,2,192,88,0,88,280
09/26/2008,CID,IA,ACE,CE,Combined TRACON& Tower with Radar,21,80,47,2,150,0,0,25,0,25,21,80,72,2,175,26,0,26,201
09/27/2008,CID,IA,ACE,CE,Combined TRACON& Tower with Radar,15,38,10,0,63,0,2,33,0,35,15,40,43,0,98,28,0,28,126
09/28/2008,CID,IA,ACE,CE,Combined TRACON& Tower with Radar,16,53,30,0,99,0,0,34,1,35,16,53,64,1,134,32,0,32,166
09/29/2008,CID,IA,ACE,CE,Combined TRACON& Tower with Radar,18,79,38,0,135,0,0,20,0,20,18,79,58,0,155,8,0,8,163
09/30/2008,CID,IA,ACE,CE,Combined TRACON& Tower with Radar,19,67,37,0,123,0,0,41,0,41,19,67,78,0,164,74,0,74,238
10/01/2008,CID,IA,ACE,CE,Combined TRACON& Tower with Radar,19,70,39,0,128,0,0,36,0,36,19,70,75,0,164,122,0,122,286
10/02/2008,CID,IA,ACE,CE,Combined TRACON& Tower with Radar,22,76,34,0,132,0,0,51,0,51,22,76,85,0,183,22,0,22,205
10/03/2008,CID,IA,ACE,CE,Combined TRACON& Tower with Radar,25,67,30,0,122,0,0,38,0,38,25,67,68,0,160,46,0,46,206
10/04/2008,CID,IA,ACE,CE,Combined TRACON& Tower with Radar,16,42,16,0,74,0,0,57,0,57,16,42,73,0,131,79,0,79,210
10/05/2008,CID,IA,ACE,CE,Combined TRACON& Tower with Radar,16,60,15,0,91,0,0,15,0,15,16,60,30,0,106,6,0,6,112
10/06/2008,CID,IA,ACE,CE,Combined TRACON& Tower with Radar,14,79,28,0,121,0,0,29,0,29,14,79,57,0,150,38,0,38,188
10/07/2008,CID,IA,ACE,CE,Combined TRACON& Tower with Radar,21,73,45,0,139,0,0,1,0,1,21,73,46,0,140,0,0,0,140
10/08/2008,CID,IA,ACE,CE,Combined TRACON& Tower with Radar,22,73,26,0,121,0,0,50,0,50,22,73,76,0,171,50,0,50,221
10/09/2008,CID,IA,ACE,CE,Combined TRACON& Tower with Radar,25,70,46,0,141,0,1,47,0,48,25,71,93,0,189,60,0,60,249
10/10/2008,CID,IA,ACE,CE,Combined TRACON& Tower with Radar,24,77,51,0,152,0,2,33,0,35,24,79,84,0,187,12,0,12,199
10/11/2008,CID,IA,ACE,CE,Combined TRACON& Tower with Radar,16,35,19,0,70,0,0,49,0,49,16,35,68,0,119,38,0,38,157
10/12/2008,CID,IA,ACE,CE,Combined TRACON& Tower with Radar,16,55,35,0,106,0,0,36,0,36,16,55,71,0,142,30,0,30,172
10/13/2008,CID,IA,ACE,CE,Combined TRACON& Tower with Radar,16,70,41,0,127,0,0,11,0,11,16,70,52,0,138,0,0,0,138
10/14/2008,CID,IA,ACE,CE,Combined TRACON& Tower with Radar,19,80,46,0,145,0,9,39,0,48,19,89,85,0,193,60,0,60,253
10/15/2008,CID,IA,ACE,CE,Combined TRACON& Tower with Radar,22,74,30,0,126,0,0,6,0,6,22,74,36,0,132,0,0,0,132
10/16/2008,CID,IA,ACE,CE,Combined TRACON& Tower with Radar,22,78,55,0,155,0,5,66,0,71,22,83,121,0,226,16,0,16,242
10/17/2008,CID,IA,ACE,CE,Combined TRACON& Tower with Radar,22,79,43,0,144,0,1,17,0,18,22,80,60,0,162,6,0,6,168
10/18/2008,CID,IA,ACE,CE,Combined TRACON& Tower with Radar,10,40,49,0,99,0,0,22,0,22,10,40,71,0,121,34,0,34,155
10/19/2008,CID,IA,ACE,CE,Combined TRACON& Tower with Radar,16,56,16,0,88,0,0,16,0,16,16,56,32,0,104,24,0,24,128
10/20/2008,CID,IA,ACE,CE,Combined TRACON& Tower with Radar,14,74,19,0,107,0,0,35,0,35,14,74,54,0,142,24,0,24,166
10/21/2008,CID,IA,ACE,CE,Combined TRACON& Tower with Radar,21,70,36,0,127,0,0,51,0,51,21,70,87,0,178,74,0,74,252
10/22/2008,CID,IA,ACE,CE,Combined TRACON& Tower with Radar,15,74,53,0,142,0,0,4,0,4,15,74,57,0,146,0,0,0,146
10/23/2008,CID,IA,ACE,CE,Combined TRACON& Tower with Radar,24,76,39,0,139,0,0,2,0,2,24,76,41,0,141,0,0,0,141
10/24/2008,CID,IA,ACE,CE,Combined TRACON& Tower with Radar,22,72,37,0,131,0,0,0,0,0,22,72,37,0,131,0,0,0,131
10/25/2008,CID,IA,ACE,CE,Combined TRACON& Tower with Radar,15,40,13,0,68,0,0,22,0,22,15,40,35,0,90,14,0,14,104
10/26/2008,CID,IA,ACE,CE,Combined TRACON& Tower with Radar,17,58,15,0,90,0,0,4,0,4,17,58,19,0,94,10,0,10,104
10/27/2008,CID,IA,ACE,CE,Combined TRACON& Tower with Radar,15,73,31,1,120,0,0,12,0,12,15,73,43,1,132,6,0,6,138
10/28/2008,CID,IA,ACE,CE,Combined TRACON& Tower with Radar,21,70,39,0,130,0,0,46,0,46,21,70,85,0,176,32,0,32,208
10/29/2008,CID,IA,ACE,CE,Combined TRACON& Tower with Radar,20,82,29,1,132,0,8,58,0,66,20,90,87,1,198,104,0,104,302
10/30/2008,CID,IA,ACE,CE,Combined TRACON& Tower with Radar,24,93,34,0,151,0,14,32,0,46,24,107,66,0,197,20,0,20,217
10/31/2008,CID,IA,ACE,CE,Combined TRACON& Tower with Radar,21,73,41,0,135,0,1,46,0,47,21,74,87,0,182,38,0,38,220
11/01/2008,CID,IA,ACE,CE,Combined TRACON& Tower with Radar,16,47,18,0,81,0,0,15,0,15,16,47,33,0,96,40,0,40,136
11/02/2008,CID,IA,ACE,CE,Combined TRACON& Tower with Radar,13,61,23,0,97,0,0,32,0,32,13,61,55,0,129,26,0,26,155
11/03/2008,CID,IA,ACE,CE,Combined TRACON& Tower with Radar,17,73,42,0,132,0,0,21,0,21,17,73,63,0,153,6,0,6,159
11/04/2008,CID,IA,ACE,CE,Combined TRACON& Tower with Radar,19,82,33,1,135,0,1,33,1,35,19,83,66,2,170,26,0,26,196
11/05/2008,CID,IA,ACE,CE,Combined TRACON& Tower with Radar,24,74,31,0,129,0,1,18,0,19,24,75,49,0,148,4,0,4,152
11/06/2008,CID,IA,ACE,CE,Combined TRACON& Tower with Radar,23,72,30,0,125,0,0,0,0,0,23,72,30,0,125,0,0,0,125
11/07/2008,CID,IA,ACE,CE,Combined TRACON& Tower with Radar,21,79,29,0,129,0,0,2,0,2,21,79,31,0,131,0,0,0,131
11/08/2008,CID,IA,ACE,CE,Combined TRACON& Tower with Radar,21,39,6,1,67,0,2,3,0,5,21,41,9,1,72,0,0,0,72
11/09/2008,CID,IA,ACE,CE,Combined TRACON& Tower with Radar,16,56,15,0,87,0,0,10,0,10,16,56,25,0,97,10,0,10,107
11/10/2008,CID,IA,ACE,CE,Combined TRACON& Tower with Radar,17,77,29,0,123,0,0,35,0,35,17,77,64,0,158,20,0,20,178
11/11/2008,CID,IA,ACE,CE,Combined TRACON& Tower with Radar,20,69,20,0,109,0,0,0,0,0,20,69,20,0,109,0,0,0,109
11/12/2008,CID,IA,ACE,CE,Combined TRACON& Tower with Radar,18,73,20,0,111,0,0,0,0,0,18,73,20,0,111,0,0,0,111
11/13/2008,CID,IA,ACE,CE,Combined TRACON& Tower with Radar,24,78,35,0,137,0,0,8,0,8,24,78,43,0,145,0,0,0,145
11/14/2008,CID,IA,ACE,CE,Combined TRACON& Tower with Radar,22,74,19,0,115,0,0,7,0,7,22,74,26,0,122,0,0,0,122
11/15/2008,CID,IA,ACE,CE,Combined TRACON& Tower with Radar,16,48,8,0,72,0,0,8,0,8,16,48,16,0,80,0,0,0,80
11/16/2008,CID,IA,ACE,CE,Combined TRACON& Tower with Radar,16,62,24,0,102,0,24,0,0,24,16,86,24,0,126,52,0,52,178
11/17/2008,CID,IA,ACE,CE,Combined TRACON& Tower with Radar,19,76,23,0,118,0,0,20,0,20,19,76,43,0,138,14,0,14,152
11/18/2008,CID,IA,ACE,CE,Combined TRACON& Tower with Radar,22,84,44,0,150,0,0,61,0,61,22,84,105,0,211,18,0,18,229
11/19/2008,CID,IA,ACE,CE,Combined TRACON& Tower with Radar,22,78,25,0,125,0,0,22,0,22,22,78,47,0,147,6,0,6,153
11/20/2008,CID,IA,ACE,CE,Combined TRACON& Tower with Radar,25,82,53,0,160,0,2,11,0,13,25,84,64,0,173,0,0,0,173
11/21/2008,CID,IA,ACE,CE,Combined TRACON& Tower with Radar,32,71,49,0,152,0,0,33,0,33,32,71,82,0,185,2,0,2,187
11/22/2008,CID,IA,ACE,CE,Combined TRACON& Tower with Radar,19,43,13,0,75,0,0,17,2,19,19,43,30,2,94,52,0,52,146
11/23/2008,CID,IA,ACE,CE,Combined TRACON& Tower with Radar,16,62,24,0,102,0,0,43,0,43,16,62,67,0,145,107,0,107,252
11/24/2008,CID,IA,ACE,CE,Combined TRACON& Tower with Radar,20,82,17,0,119,0,0,15,0,15,20,82,32,0,134,0,0,0,134
11/25/2008,CID,IA,ACE,CE,Combined TRACON& Tower with Radar,29,77,33,0,139,0,0,40,0,40,29,77,73,0,179,16,0,16,195
11/26/2008,CID,IA,ACE,CE,Combined TRACON& Tower with Radar,26,70,29,0,125,0,0,51,0,51,26,70,80,0,176,28,0,28,204
11/27/2008,CID,IA,ACE,CE,Combined TRACON& Tower with Radar,7,50,5,0,62,0,2,6,0,8,7,52,11,0,70,0,0,0,70
11/28/2008,CID,IA,ACE,CE,Combined TRACON& Tower with Radar,26,56,23,0,105,0,0,55,0,55,26,56,78,0,160,54,0,54,214
11/29/2008,CID,IA,ACE,CE,Combined TRACON& Tower with Radar,17,48,14,0,79,0,1,38,0,39,17,49,52,0,118,6,0,6,124
11/30/2008,CID,IA,ACE,CE,Combined TRACON& Tower with Radar,14,61,10,0,85,0,0,0,0,0,14,61,10,0,85,0,0,0,85
12/01/2008,CID,IA,ACE,CE,Combined TRACON& Tower with Radar,18,71,23,0,112,0,0,2,0,2,18,71,25,0,114,0,0,0,114
12/02/2008,CID,IA,ACE,CE,Combined TRACON& Tower with Radar,25,76,30,0,131,0,0,36,0,36,25,76,66,0,167,22,0,22,189
12/03/2008,CID,IA,ACE,CE,Combined TRACON& Tower with Radar,19,70,27,0,116,0,0,4,0,4,19,70,31,0,120,0,0,0,120
12/04/2008,CID,IA,ACE,CE,Combined TRACON& Tower with Radar,25,78,41,0,144,0,0,15,0,15,25,78,56,0,159,0,0,0,159
12/05/2008,CID,IA,ACE,CE,Combined TRACON& Tower with Radar,25,72,28,0,125,0,0,24,0,24,25,72,52,0,149,6,0,6,155
12/06/2008,CID,IA,ACE,CE,Combined TRACON& Tower with Radar,17,36,10,0,63,0,0,3,0,3,17,36,13,0,66,0,0,0,66
12/07/2008,CID,IA,ACE,CE,Combined TRACON& Tower with Radar,17,54,16,0,87,0,0,13,0,13,17,54,29,0,100,22,0,22,122
12/08/2008,CID,IA,ACE,CE,Combined TRACON& Tower with Radar,19,78,17,0,114,0,0,5,0,5,19,78,22,0,119,18,0,18,137
12/09/2008,CID,IA,ACE,CE,Combined TRACON& Tower with Radar,19,55,15,0,89,0,0,0,0,0,19,55,15,0,89,0,0,0,89
12/10/2008,CID,IA,ACE,CE,Combined TRACON& Tower with Radar,20,74,32,1,127,0,1,19,3,23,20,75,51,4,150,0,0,0,150
12/11/2008,CID,IA,ACE,CE,Combined TRACON& Tower with Radar,23,79,42,0,144,0,0,32,0,32,23,79,74,0,176,4,0,4,180
12/12/2008,CID,IA,ACE,CE,Combined TRACON& Tower with Radar,18,79,32,0,129,0,0,19,0,19,18,79,51,0,148,4,0,4,152
12/13/2008,CID,IA,ACE,CE,Combined TRACON& Tower with Radar,13,39,6,0,58,0,0,16,0,16,13,39,22,0,74,0,0,0,74
12/14/2008,CID,IA,ACE,CE,Combined TRACON& Tower with Radar,16,59,2,0,77,0,0,0,0,0,16,59,2,0,77,2,0,2,79
12/15/2008,CID,IA,ACE,CE,Combined TRACON& Tower with Radar,14,82,24,0,120,0,0,13,0,13,14,82,37,0,133,0,0,0,133
12/16/2008,CID,IA,ACE,CE,Combined TRACON& Tower with Radar,14,60,25,0,99,0,0,0,0,0,14,60,25,0,99,0,0,0,99
12/17/2008,CID,IA,ACE,CE,Combined TRACON& Tower with Radar,19,71,51,2,143,0,0,33,12,45,19,71,84,14,188,0,0,0,188
12/18/2008,CID,IA,ACE,CE,Combined TRACON& Tower with Radar,19,66,43,0,128,0,0,8,0,8,19,66,51,0,136,0,0,0,136
12/19/2008,CID,IA,ACE,CE,Combined TRACON& Tower with Radar,23,59,14,0,96,0,0,3,0,3,23,59,17,0,99,0,0,0,99
12/20/2008,CID,IA,ACE,CE,Combined TRACON& Tower with Radar,17,53,8,0,78,0,0,0,0,0,17,53,8,0,78,0,0,0,78
12/21/2008,CID,IA,ACE,CE,Combined TRACON& Tower with Radar,13,54,6,0,73,0,0,0,0,0,13,54,6,0,73,0,0,0,73
12/22/2008,CID,IA,ACE,CE,Combined TRACON& Tower with Radar,14,75,25,0,114,0,0,16,0,16,14,75,41,0,130,0,0,0,130
12/23/2008,CID,IA,ACE,CE,Combined TRACON& Tower with Radar,22,63,9,0,94,0,0,5,0,5,22,63,14,0,99,0,0,0,99
12/24/2008,CID,IA,ACE,CE,Combined TRACON& Tower with Radar,27,53,10,0,90,0,0,4,1,5,27,53,14,1,95,0,0,0,95
12/25/2008,CID,IA,ACE,CE,Combined TRACON& Tower with Radar,9,52,4,0,65,0,0,6,0,6,9,52,10,0,71,0,0,0,71
12/26/2008,CID,IA,ACE,CE,Combined TRACON& Tower with Radar,6,37,15,0,58,0,0,0,0,0,6,37,15,0,58,0,0,0,58
12/27/2008,CID,IA,ACE,CE,Combined TRACON& Tower with Radar,13,43,5,0,61,0,0,1,0,1,13,43,6,0,62,0,0,0,62
12/28/2008,CID,IA,ACE,CE,Combined TRACON& Tower with Radar,14,64,10,0,88,0,0,22,0,22,14,64,32,0,110,34,0,34,144
12/29/2008,CID,IA,ACE,CE,Combined TRACON& Tower with Radar,24,72,8,4,108,0,0,22,0,22,24,72,30,4,130,38,0,38,168
12/30/2008,CID,IA,ACE,CE,Combined TRACON& Tower with Radar,26,76,21,0,123,0,0,8,0,8,26,76,29,0,131,18,0,18,149
12/31/2008,CID,IA,ACE,CE,Combined TRACON& Tower with Radar,11,72,20,0,103,0,0,41,0,41,11,72,61,0,144,46,0,46,190
01/01/2009,CID,IA,ACE,CE,Combined TRACON& Tower with Radar,20,55,1,0,76,0,0,7,0,7,20,55,8,0,83,6,0,6,89
01/02/2009,CID,IA,ACE,CE,Combined TRACON& Tower with Radar,23,76,15,0,114,0,2,24,0,26,23,78,39,0,140,38,0,38,178
01/03/2009,CID,IA,ACE,CE,Combined TRACON& Tower with Radar,13,52,3,0,68,0,0,4,0,4,13,52,7,0,72,0,0,0,72
01/04/2009,CID,IA,ACE,CE,Combined TRACON& Tower with Radar,9,61,9,0,79,0,0,8,0,8,9,61,17,0,87,0,0,0,87
01/05/2009,CID,IA,ACE,CE,Combined TRACON& Tower with Radar,20,72,14,0,106,0,0,17,0,17,20,72,31,0,123,16,0,16,139
01/06/2009,CID,IA,ACE,CE,Combined TRACON& Tower with Radar,9,79,14,0,102,0,0,19,0,19,9,79,33,0,121,42,0,42,163
01/07/2009,CID,IA,ACE,CE,Combined TRACON& Tower with Radar,11,80,24,0,115,0,0,2,0,2,11,80,26,0,117,8,0,8,125
01/08/2009,CID,IA,ACE,CE,Combined TRACON& Tower with Radar,19,74,30,0,123,0,1,22,0,23,19,75,52,0,146,36,0,36,182
01/09/2009,CID,IA,ACE,CE,Combined TRACON& Tower with Radar,16,70,15,2,103,0,1,7,0,8,16,71,22,2,111,0,0,0,111
01/10/2009,CID,IA,ACE,CE,Combined TRACON& Tower with Radar,12,44,11,0,67,0,0,9,0,9,12,44,20,0,76,28,0,28,104
01/11/2009,CID,IA,ACE,CE,Combined TRACON& Tower with Radar,16,63,15,0,94,0,0,6,0,6,16,63,21,0,100,0,0,0,100
01/12/2009,CID,IA,ACE,CE,Combined TRACON& Tower with Radar,13,63,8,0,84,0,0,0,0,0,13,63,8,0,84,0,0,0,84
01/13/2009,CID,IA,ACE,CE,Combined TRACON& Tower with Radar,11,73,20,0,104,0,0,1,0,1,11,73,21,0,105,0,0,0,105
01/14/2009,CID,IA,ACE,CE,Combined TRACON& Tower with Radar,10,66,16,0,92,0,1,3,0,4,10,67,19,0,96,0,0,0,96
01/15/2009,CID,IA,ACE,CE,Combined TRACON& Tower with Radar,21,76,21,0,118,0,0,8,2,10,21,76,29,2,128,0,0,0,128
01/16/2009,CID,IA,ACE,CE,Combined TRACON& Tower with Radar,28,70,24,0,122,0,0,4,0,4,28,70,28,0,126,0,0,0,126
01/17/2009,CID,IA,ACE,CE,Combined TRACON& Tower with Radar,11,44,7,0,62,0,0,4,0,4,11,44,11,0,66,18,0,18,84
01/18/2009,CID,IA,ACE,CE,Combined TRACON& Tower with Radar,14,58,17,0,89,0,0,4,0,4,14,58,21,0,93,2,0,2,95
01/19/2009,CID,IA,ACE,CE,Combined TRACON& Tower with Radar,22,65,12,0,99,0,0,13,0,13,22,65,25,0,112,100,0,100,212
01/20/2009,CID,IA,ACE,CE,Combined TRACON& Tower with Radar,14,72,31,0,117,0,0,31,0,31,14,72,62,0,148,32,0,32,180
01/21/2009,CID,IA,ACE,CE,Combined TRACON& Tower with Radar,14,72,29,0,115,0,0,23,0,23,14,72,52,0,138,24,0,24,162
01/22/2009,CID,IA,ACE,CE,Combined TRACON& Tower with Radar,17,80,40,0,137,0,0,35,0,35,17,80,75,0,172,46,0,46,218
01/23/2009,CID,IA,ACE,CE,Combined TRACON& Tower with Radar,18,82,22,0,122,0,0,11,0,11,18,82,33,0,133,4,0,4,137
01/24/2009,CID,IA,ACE,CE,Combined TRACON& Tower with Radar,12,48,9,0,69,0,0,10,0,10,12,48,19,0,79,2,0,2,81
01/25/2009,CID,IA,ACE,CE,Combined TRACON& Tower with Radar,14,62,12,0,88,0,0,20,0,20,14,62,32,0,108,0,0,0,108
01/26/2009,CID,IA,ACE,CE,Combined TRACON& Tower with Radar,17,82,28,0,127,0,0,11,0,11,17,82,39,0,138,2,0,2,140
01/27/2009,CID,IA,ACE,CE,Combined TRACON& Tower with Radar,14,66,27,0,107,0,0,3,0,3,14,66,30,0,110,0,0,0,110
01/28/2009,CID,IA,ACE,CE,Combined TRACON& Tower with Radar,20,75,28,12,135,0,0,28,0,28,20,75,56,12,163,6,2,8,171
01/29/2009,CID,IA,ACE,CE,Combined TRACON& Tower with Radar,22,77,37,0,136,0,0,7,0,7,22,77,44,0,143,0,0,0,143
01/30/2009,CID,IA,ACE,CE,Combined TRACON& Tower with Radar,18,81,37,0,136,0,0,36,0,36,18,81,73,0,172,12,0,12,184
01/31/2009,CID,IA,ACE,CE,Combined TRACON& Tower with Radar,15,41,30,0,86,0,0,48,0,48,15,41,78,0,134,18,0,18,152
02/01/2009,CID,IA,ACE,CE,Combined TRACON& Tower with Radar,13,61,15,0,89,0,0,41,0,41,13,61,56,0,130,70,0,70,200
02/02/2009,CID,IA,ACE,CE,Combined TRACON& Tower with Radar,15,70,17,0,102,0,0,14,0,14,15,70,31,0,116,14,0,14,130
02/03/2009,CID,IA,ACE,CE,Combined TRACON& Tower with Radar,13,74,27,0,114,0,2,17,0,19,13,76,44,0,133,4,0,4,137
02/04/2009,CID,IA,ACE,CE,Combined TRACON& Tower with Radar,10,82,16,0,108,0,0,33,0,33,10,82,49,0,141,12,0,12,153
02/05/2009,CID,IA,ACE,CE,Combined TRACON& Tower with Radar,15,81,29,0,125,1,0,19,0,20,16,81,48,0,145,0,0,0,145
02/06/2009,CID,IA,ACE,CE,Combined TRACON& Tower with Radar,13,77,25,0,115,0,1,28,0,29,13,78,53,0,144,30,0,30,174
02/07/2009,CID,IA,ACE,CE,Combined TRACON& Tower with Radar,15,43,31,2,91,0,1,58,1,60,15,44,89,3,151,72,0,72,223
02/08/2009,CID,IA,ACE,CE,Combined TRACON& Tower with Radar,14,59,35,0,108,0,1,27,0,28,14,60,62,0,136,158,0,158,294
02/09/2009,CID,IA,ACE,CE,Combined TRACON& Tower with Radar,14,75,17,0,106,0,0,4,0,4,14,75,21,0,110,0,0,0,110
02/10/2009,CID,IA,ACE,CE,Combined TRACON& Tower with Radar,16,77,30,0,123,0,0,21,0,21,16,77,51,0,144,14,0,14,158
02/11/2009,CID,IA,ACE,CE,Combined TRACON& Tower with Radar,10,85,25,2,122,0,0,4,0,4,10,85,29,2,126,12,0,12,138
02/12/2009,CID,IA,ACE,CE,Combined TRACON& Tower with Radar,20,79,49,0,148,0,0,28,0,28,20,79,77,0,176,12,0,12,188
02/13/2009,CID,IA,ACE,CE,Combined TRACON& Tower with Radar,20,78,26,0,124,0,0,14,0,14,20,78,40,0,138,6,0,6,144
02/14/2009,CID,IA,ACE,CE,Combined TRACON& Tower with Radar,10,51,10,0,71,0,0,28,0,28,10,51,38,0,99,54,0,54,153
02/15/2009,CID,IA,ACE,CE,Combined TRACON& Tower with Radar,12,56,18,0,86,0,0,29,0,29,12,56,47,0,115,102,0,102,217
02/16/2009,CID,IA,ACE,CE,Combined TRACON& Tower with Radar,10,77,19,0,106,0,0,35,0,35,10,77,54,0,141,6,0,6,147
02/17/2009,CID,IA,ACE,CE,Combined TRACON& Tower with Radar,15,78,46,0,139,0,1,21,0,22,15,79,67,0,161,8,0,8,169
02/18/2009,CID,IA,ACE,CE,Combined TRACON& Tower with Radar,16,76,13,0,105,0,0,0,0,0,16,76,13,0,105,0,0,0,105
02/19/2009,CID,IA,ACE,CE,Combined TRACON& Tower with Radar,21,78,37,0,136,0,1,27,0,28,21,79,64,0,164,24,0,24,188
02/20/2009,CID,IA,ACE,CE,Combined TRACON& Tower with Radar,19,74,30,0,123,0,0,16,0,16,19,74,46,0,139,46,0,46,185
02/21/2009,CID,IA,ACE,CE,Combined TRACON& Tower with Radar,10,45,2,0,57,0,0,2,0,2,10,45,4,0,59,0,0,0,59
02/22/2009,CID,IA,ACE,CE,Combined TRACON& Tower with Radar,12,72,11,0,95,0,4,24,0,28,12,76,35,0,123,6,0,6,129
02/23/2009,CID,IA,ACE,CE,Combined TRACON& Tower with Radar,11,78,27,0,116,0,0,29,0,29,11,78,56,0,145,0,0,0,145
02/24/2009,CID,IA,ACE,CE,Combined TRACON& Tower with Radar,18,84,33,0,135,0,0,21,0,21,18,84,54,0,156,6,0,6,162
02/25/2009,CID,IA,ACE,CE,Combined TRACON& Tower with Radar,17,88,29,0,134,0,0,29,0,29,17,88,58,0,163,14,0,14,177
02/26/2009,CID,IA,ACE,CE,Combined TRACON& Tower with Radar,16,70,21,0,107,0,0,2,0,2,16,70,23,0,109,0,0,0,109
02/27/2009,CID,IA,ACE,CE,Combined TRACON& Tower with Radar,26,81,49,0,156,0,0,37,0,37,26,81,86,0,193,10,0,10,203
02/28/2009,CID,IA,ACE,CE,Combined TRACON& Tower with Radar,9,47,15,0,71,0,2,23,1,26,9,49,38,1,97,2,0,2,99
03/01/2009,CID,IA,ACE,CE,Combined TRACON& Tower with Radar,13,62,17,0,92,0,0,28,0,28,13,62,45,0,120,2,0,2,122
03/02/2009,CID,IA,ACE,CE,Combined TRACON& Tower with Radar,12,74,11,0,97,0,0,34,0,34,12,74,45,0,131,44,0,44,175
03/03/2009,CID,IA,ACE,CE,Combined TRACON& Tower with Radar,20,75,25,0,120,0,1,9,0,10,20,76,34,0,130,6,0,6,136
03/04/2009,CID,IA,ACE,CE,Combined TRACON& Tower with Radar,19,78,28,0,125,0,0,42,0,42,19,78,70,0,167,32,0,32,199
03/05/2009,CID,IA,ACE,CE,Combined TRACON& Tower with Radar,24,84,36,0,144,0,0,6,0,6,24,84,42,0,150,18,0,18,168
03/06/2009,CID,IA,ACE,CE,Combined TRACON& Tower with Radar,18,81,39,0,138,0,0,34,4,38,18,81,73,4,176,38,0,38,214
03/07/2009,CID,IA,ACE,CE,Combined TRACON& Tower with Radar,12,39,8,0,59,0,0,2,0,2,12,39,10,0,61,0,0,0,61
03/08/2009,CID,IA,ACE,CE,Combined TRACON& Tower with Radar,16,59,6,0,81,0,0,0,0,0,16,59,6,0,81,0,0,0,81
03/09/2009,CID,IA,ACE,CE,Combined TRACON& Tower with Radar,15,87,30,0,132,0,0,1,0,1,15,87,31,0,133,0,0,0,133
03/10/2009,CID,IA,ACE,CE,Combined TRACON& Tower with Radar,22,67,22,0,111,0,0,0,0,0,22,67,22,0,111,0,0,0,111
03/11/2009,CID,IA,ACE,CE,Combined TRACON& Tower with Radar,17,80,18,1,116,0,0,22,1,23,17,80,40,2,139,0,0,0,139
03/12/2009,CID,IA,ACE,CE,Combined TRACON& Tower with Radar,19,84,31,0,134,27,0,0,0,27,46,84,31,0,161,60,0,60,221
03/13/2009,CID,IA,ACE,CE,Combined TRACON& Tower with Radar,24,82,23,0,129,0,1,27,0,28,24,83,50,0,157,10,0,10,167
03/14/2009,CID,IA,ACE,CE,Combined TRACON& Tower with Radar,11,42,20,0,73,0,0,46,0,46,11,42,66,0,119,18,0,18,137
03/15/2009,CID,IA,ACE,CE,Combined TRACON& Tower with Radar,15,60,21,0,96,0,0,64,0,64,15,60,85,0,160,82,0,82,242
03/16/2009,CID,IA,ACE,CE,Combined TRACON& Tower with Radar,12,76,6,0,94,0,0,24,0,24,12,76,30,0,118,36,0,36,154
03/17/2009,CID,IA,ACE,CE,Combined TRACON& Tower with Radar,17,80,33,2,132,0,0,19,0,19,17,80,52,2,151,22,0,22,173
03/18/2009,CID,IA,ACE,CE,Combined TRACON& Tower with Radar,15,75,37,0,127,0,0,17,0,17,15,75,54,0,144,10,0,10,154
03/19/2009,CID,IA,ACE,CE,Combined TRACON& Tower with Radar,19,73,31,0,123,0,0,43,0,43,19,73,74,0,166,10,0,10,176
03/20/2009,CID,IA,ACE,CE,Combined TRACON& Tower with Radar,30,75,16,0,121,0,0,23,0,23,30,75,39,0,144,2,0,2,146
03/21/2009,CID,IA,ACE,CE,Combined TRACON& Tower with Radar,13,44,11,0,68,0,0,51,0,51,13,44,62,0,119,12,0,12,131
03/22/2009,CID,IA,ACE,CE,Combined TRACON& Tower with Radar,14,60,13,0,87,0,0,6,0,6,14,60,19,0,93,0,0,0,93
03/23/2009,CID,IA,ACE,CE,Combined TRACON& Tower with Radar,18,73,15,0,106,0,0,9,0,9,18,73,24,0,115,10,0,10,125
03/24/2009,CID,IA,ACE,CE,Combined TRACON& Tower with Radar,21,74,27,0,122,0,0,0,0,0,21,74,27,0,122,0,0,0,122
03/25/2009,CID,IA,ACE,CE,Combined TRACON& Tower with Radar,22,76,18,0,116,0,0,21,0,21,22,76,39,0,137,12,0,12,149
03/26/2009,CID,IA,ACE,CE,Combined TRACON& Tower with Radar,21,78,34,0,133,0,0,35,0,35,21,78,69,0,168,38,0,38,206
03/27/2009,CID,IA,ACE,CE,Combined TRACON& Tower with Radar,22,76,24,0,122,0,0,27,0,27,22,76,51,0,149,14,0,14,163
03/28/2009,CID,IA,ACE,CE,Combined TRACON& Tower with Radar,15,47,7,0,69,0,0,18,0,18,15,47,25,0,87,28,0,28,115
03/29/2009,CID,IA,ACE,CE,Combined TRACON& Tower with Radar,8,68,17,0,93,0,0,11,0,11,8,68,28,0,104,32,0,32,136
03/30/2009,CID,IA,ACE,CE,Combined TRACON& Tower with Radar,13,77,24,0,114,0,0,23,0,23,13,77,47,0,137,6,0,6,143
03/31/2009,CID,IA,ACE,CE,Combined TRACON& Tower with Radar,19,73,23,0,115,0,0,5,0,5,19,73,28,0,120,0,0,0,120
04/01/2009,CID,IA,ACE,CE,Combined TRACON& Tower with Radar,12,74,29,0,115,0,0,17,0,17,12,74,46,0,132,0,0,0,132
04/02/2009,CID,IA,ACE,CE,Combined TRACON& Tower with Radar,17,67,26,0,110,0,0,6,0,6,17,67,32,0,116,0,0,0,116
04/03/2009,CID,IA,ACE,CE,Combined TRACON& Tower with Radar,26,77,33,0,136,0,0,52,0,52,26,77,85,0,188,48,0,48,236
04/04/2009,CID,IA,ACE,CE,Combined TRACON& Tower with Radar,13,44,12,1,70,0,0,43,0,43,13,44,55,1,113,18,0,18,131
04/05/2009,CID,IA,ACE,CE,Combined TRACON& Tower with Radar,10,58,2,0,70,0,0,0,0,0,10,58,2,0,70,0,0,0,70
04/06/2009,CID,IA,ACE,CE,Combined TRACON& Tower with Radar,13,73,14,0,100,0,0,14,0,14,13,73,28,0,114,6,0,6,120
04/07/2009,CID,IA,ACE,CE,Combined TRACON& Tower with Radar,20,76,30,0,126,0,0,41,0,41,20,76,71,0,167,54,0,54,221
04/08/2009,CID,IA,ACE,CE,Combined TRACON& Tower with Radar,15,76,33,2,126,0,0,31,0,31,15,76,64,2,157,14,8,22,179
04/09/2009,CID,IA,ACE,CE,Combined TRACON& Tower with Radar,20,75,41,0,136,0,0,53,0,53,20,75,94,0,189,68,0,68,257
04/10/2009,CID,IA,ACE,CE,Combined TRACON& Tower with Radar,26,76,15,0,117,0,0,29,0,29,26,76,44,0,146,12,0,12,158
04/11/2009,CID,IA,ACE,CE,Combined TRACON& Tower with Radar,12,46,13,0,71,0,0,57,0,57,12,46,70,0,128,58,0,58,186
04/12/2009,CID,IA,ACE,CE,Combined TRACON& Tower with Radar,14,60,15,0,89,0,0,27,0,27,14,60,42,0,116,8,0,8,124
04/13/2009,CID,IA,ACE,CE,Combined TRACON& Tower with Radar,17,74,18,0,109,0,0,2,0,2,17,74,20,0,111,0,0,0,111
04/14/2009,CID,IA,ACE,CE,Combined TRACON& Tower with Radar,20,73,34,4,131,0,0,31,2,33,20,73,65,6,164,36,8,44,208
04/15/2009,CID,IA,ACE,CE,Combined TRACON& Tower with Radar,13,74,33,4,124,0,2,47,0,49,13,76,80,4,173,32,8,40,213
04/16/2009,CID,IA,ACE,CE,Combined TRACON& Tower with Radar,21,77,24,0,122,0,0,27,0,27,21,77,51,0,149,12,0,12,161
04/17/2009,CID,IA,ACE,CE,Combined TRACON& Tower with Radar,21,72,31,0,124,0,0,36,0,36,21,72,67,0,160,54,0,54,214
04/18/2009,CID,IA,ACE,CE,Combined TRACON& Tower with Radar,10,46,13,0,69,0,5,18,1,24,10,51,31,1,93,24,0,24,117
04/19/2009,CID,IA,ACE,CE,Combined TRACON& Tower with Radar,12,62,8,0,82,0,0,2,0,2,12,62,10,0,84,0,0,0,84
04/20/2009,CID,IA,ACE,CE,Combined TRACON& Tower with Radar,13,79,27,0,119,0,0,12,0,12,13,79,39,0,131,0,0,0,131
04/21/2009,CID,IA,ACE,CE,Combined TRACON& Tower with Radar,18,80,29,2,129,0,0,23,0,23,18,80,52,2,152,0,0,0,152
04/22/2009,CID,IA,ACE,CE,Combined TRACON& Tower with Radar,14,78,38,5,135,0,0,39,5,44,14,78,77,10,179,6,4,10,189
04/23/2009,CID,IA,ACE,CE,Combined TRACON& Tower with Radar,20,76,49,1,146,0,0,33,0,33,20,76,82,1,179,32,0,32,211
04/24/2009,CID,IA,ACE,CE,Combined TRACON& Tower with Radar,24,75,28,0,127,0,0,11,0,11,24,75,39,0,138,0,0,0,138
04/25/2009,CID,IA,ACE,CE,Combined TRACON& Tower with Radar,14,46,19,0,79,0,0,1,0,1,14,46,20,0,80,0,0,0,80
04/26/2009,CID,IA,ACE,CE,Combined TRACON& Tower with Radar,12,67,6,0,85,0,0,3,0,3,12,67,9,0,88,10,0,10,98
04/27/2009,CID,IA,ACE,CE,Combined TRACON& Tower with Radar,13,70,30,0,113,0,0,4,0,4,13,70,34,0,117,0,0,0,117
04/28/2009,CID,IA,ACE,CE,Combined TRACON& Tower with Radar,17,78,34,0,129,0,0,38,0,38,17,78,72,0,167,66,0,66,233
04/29/2009,CID,IA,ACE,CE,Combined TRACON& Tower with Radar,13,74,32,2,121,0,0,2,0,2,13,74,34,2,123,0,0,0,123
04/30/2009,CID,IA,ACE,CE,Combined TRACON& Tower with Radar,20,77,27,0,124,0,0,7,0,7,20,77,34,0,131,38,0,38,169
05/01/2009,CID,IA,ACE,CE,Combined TRACON& Tower with Radar,20,83,24,2,129,0,0,29,1,30,20,83,53,3,159,26,0,26,185
05/02/2009,CID,IA,ACE,CE,Combined TRACON& Tower with Radar,10,47,7,0,64,0,0,56,1,57,10,47,63,1,121,52,0,52,173
05/03/2009,CID,IA,ACE,CE,Combined TRACON& Tower with Radar,12,62,30,0,104,0,0,46,0,46,12,62,76,0,150,16,0,16,166
05/04/2009,CID,IA,ACE,CE,Combined TRACON& Tower with Radar,12,78,22,0,112,0,0,36,0,36,12,78,58,0,148,38,0,38,186
05/05/2009,CID,IA,ACE,CE,Combined TRACON& Tower with Radar,16,77,26,0,119,0,0,18,0,18,16,77,44,0,137,36,0,36,173
05/06/2009,CID,IA,ACE,CE,Combined TRACON& Tower with Radar,9,80,21,0,110,0,0,16,3,19,9,80,37,3,129,12,0,12,141
05/07/2009,CID,IA,ACE,CE,Combined TRACON& Tower with Radar,16,69,29,0,114,0,0,14,0,14,16,69,43,0,128,18,0,18,146
05/08/2009,CID,IA,ACE,CE,Combined TRACON& Tower with Radar,20,79,34,3,136,0,0,21,3,24,20,79,55,6,160,8,0,8,168
05/09/2009,CID,IA,ACE,CE,Combined TRACON& Tower with Radar,10,52,12,4,78,0,0,24,2,26,10,52,36,6,104,12,2,14,118
05/10/2009,CID,IA,ACE,CE,Combined TRACON& Tower with Radar,10,71,8,0,89,0,0,19,0,19,10,71,27,0,108,32,0,32,140
05/11/2009,CID,IA,ACE,CE,Combined TRACON& Tower with Radar,10,75,26,0,111,0,0,58,0,58,10,75,84,0,169,70,0,70,239
05/12/2009,CID,IA,ACE,CE,Combined TRACON& Tower with Radar,17,73,43,0,133,0,0,20,0,20,17,73,63,0,153,14,0,14,167
05/13/2009,CID,IA,ACE,CE,Combined TRACON& Tower with Radar,14,79,34,0,127,0,0,0,0,0,14,79,34,0,127,6,0,6,133
05/14/2009,CID,IA,ACE,CE,Combined TRACON& Tower with Radar,18,88,38,0,144,0,5,40,0,45,18,93,78,0,189,70,0,70,259
05/15/2009,CID,IA,ACE,CE,Combined TRACON& Tower with Radar,20,69,32,0,121,0,1,16,0,17,20,70,48,0,138,0,0,0,138
05/16/2009,CID,IA,ACE,CE,Combined TRACON& Tower with Radar,20,46,12,3,81,0,0,15,0,15,20,46,27,3,96,0,0,0,96
05/17/2009,CID,IA,ACE,CE,Combined TRACON& Tower with Radar,10,69,30,0,109,0,0,52,1,53,10,69,82,1,162,48,0,48,210
05/18/2009,CID,IA,ACE,CE,Combined TRACON& Tower with Radar,12,83,14,0,109,0,0,12,0,12,12,83,26,0,121,0,0,0,121
05/19/2009,CID,IA,ACE,CE,Combined TRACON& Tower with Radar,15,79,33,1,128,0,0,23,3,26,15,79,56,4,154,4,2,6,160
05/20/2009,CID,IA,ACE,CE,Combined TRACON& Tower with Radar,17,82,33,0,132,0,0,0,0,0,17,82,33,0,132,10,0,10,142
05/21/2009,CID,IA,ACE,CE,Combined TRACON& Tower with Radar,19,71,35,1,126,0,7,40,1,48,19,78,75,2,174,30,4,34,208
05/22/2009,CID,IA,ACE,CE,Combined TRACON& Tower with Radar,19,87,38,1,145,0,1,28,1,30,19,88,66,2,175,24,8,32,207
05/23/2009,CID,IA,ACE,CE,Combined TRACON& Tower with Radar,12,44,7,0,63,0,3,35,2,40,12,47,42,2,103,8,0,8,111
05/24/2009,CID,IA,ACE,CE,Combined TRACON& Tower with Radar,11,45,19,0,75,0,0,32,0,32,11,45,51,0,107,30,0,30,137
05/25/2009,CID,IA,ACE,CE,Combined TRACON& Tower with Radar,6,68,32,0,106,0,0,27,0,27,6,68,59,0,133,14,0,14,147
05/26/2009,CID,IA,ACE,CE,Combined TRACON& Tower with Radar,16,75,29,2,122,0,0,4,0,4,16,75,33,2,126,0,0,0,126
05/27/2009,CID,IA,ACE,CE,Combined TRACON& Tower with Radar,12,84,40,2,138,0,0,3,0,3,12,84,43,2,141,0,0,0,141
05/28/2009,CID,IA,ACE,CE,Combined TRACON& Tower with Radar,15,84,44,4,147,0,1,13,0,14,15,85,57,4,161,0,0,0,161
05/29/2009,CID,IA,ACE,CE,Combined TRACON& Tower with Radar,20,80,41,1,142,0,0,51,2,53,20,80,92,3,195,40,0,40,235
05/30/2009,CID,IA,ACE,CE,Combined TRACON& Tower with Radar,14,49,4,0,67,0,1,48,0,49,14,50,52,0,116,18,0,18,134
05/31/2009,CID,IA,ACE,CE,Combined TRACON& Tower with Radar,10,67,20,4,101,0,0,31,0,31,10,67,51,4,132,16,0,16,148
06/01/2009,CID,IA,ACE,CE,Combined TRACON& Tower with Radar,11,78,29,0,118,0,0,16,0,16,11,78,45,0,134,0,0,0,134
06/02/2009,CID,IA,ACE,CE,Combined TRACON& Tower with Radar,15,77,20,0,112,0,0,12,0,12,15,77,32,0,124,4,0,4,128
06/03/2009,CID,IA,ACE,CE,Combined TRACON& Tower with Radar,8,87,31,5,131,0,1,60,1,62,8,88,91,6,193,44,10,54,247
06/04/2009,CID,IA,ACE,CE,Combined TRACON& Tower with Radar,15,88,45,2,150,0,1,55,4,60,15,89,100,6,210,24,0,24,234
06/05/2009,CID,IA,ACE,CE,Combined TRACON& Tower with Radar,14,87,48,1,150,0,1,59,0,60,14,88,107,1,210,28,10,38,248
06/06/2009,CID,IA,ACE,CE,Combined TRACON& Tower with Radar,14,55,15,2,86,0,0,9,0,9,14,55,24,2,95,0,0,0,95
06/07/2009,CID,IA,ACE,CE,Combined TRACON& Tower with Radar,12,70,13,0,95,0,0,7,0,7,12,70,20,0,102,0,0,0,102
06/08/2009,CID,IA,ACE,CE,Combined TRACON& Tower with Radar,9,84,26,3,122,0,4,15,0,19,9,88,41,3,141,12,0,12,153
06/09/2009,CID,IA,ACE,CE,Combined TRACON& Tower with Radar,17,89,44,4,154,0,0,37,4,41,17,89,81,8,195,44,0,44,239
06/10/2009,CID,IA,ACE,CE,Combined TRACON& Tower with Radar,11,82,45,2,140,0,0,18,4,22,11,82,63,6,162,12,0,12,174
06/11/2009,CID,IA,ACE,CE,Combined TRACON& Tower with Radar,19,80,53,0,152,0,4,24,2,30,19,84,77,2,182,2,0,2,184
06/12/2009,CID,IA,ACE,CE,Combined TRACON& Tower with Radar,15,94,42,5,156,0,0,14,1,15,15,94,56,6,171,6,0,6,177
06/13/2009,CID,IA,ACE,CE,Combined TRACON& Tower with Radar,11,56,28,0,95,0,0,3,0,3,11,56,31,0,98,0,0,0,98
06/14/2009,CID,IA,ACE,CE,Combined TRACON& Tower with Radar,11,72,24,0,107,0,1,31,0,32,11,73,55,0,139,36,0,36,175
06/15/2009,CID,IA,ACE,CE,Combined TRACON& Tower with Radar,11,88,27,0,126,0,0,26,0,26,11,88,53,0,152,0,0,0,152
06/16/2009,CID,IA,ACE,CE,Combined TRACON& Tower with Radar,14,91,39,0,144,0,0,4,0,4,14,91,43,0,148,0,0,0,148
06/17/2009,CID,IA,ACE,CE,Combined TRACON& Tower with Radar,14,92,37,3,146,0,0,34,4,38,14,92,71,7,184,38,0,38,222
06/18/2009,CID,IA,ACE,CE,Combined TRACON& Tower with Radar,20,89,32,4,145,0,0,13,1,14,20,89,45,5,159,10,0,10,169
06/19/2009,CID,IA,ACE,CE,Combined TRACON& Tower with Radar,13,70,41,0,124,0,0,13,1,14,13,70,54,1,138,4,0,4,142
06/20/2009,CID,IA,ACE,CE,Combined TRACON& Tower with Radar,13,61,20,7,101,0,0,44,1,45,13,61,64,8,146,0,0,0,146
06/21/2009,CID,IA,ACE,CE,Combined TRACON& Tower with Radar,13,73,11,0,97,0,0,7,0,7,13,73,18,0,104,0,0,0,104
06/22/2009,CID,IA,ACE,CE,Combined TRACON& Tower with Radar,8,93,33,1,135,0,2,38,3,43,8,95,71,4,178,40,0,40,218
06/23/2009,CID,IA,ACE,CE,Combined TRACON& Tower with Radar,17,97,34,1,149,0,0,30,2,32,17,97,64,3,181,6,0,6,187
06/24/2009,CID,IA,ACE,CE,Combined TRACON& Tower with Radar,12,84,34,1,131,0,0,45,0,45,12,84,79,1,176,32,0,32,208
06/25/2009,CID,IA,ACE,CE,Combined TRACON& Tower with Radar,18,90,45,0,153,0,0,37,0,37,18,90,82,0,190,12,0,12,202
06/26/2009,CID,IA,ACE,CE,Combined TRACON& Tower with Radar,19,89,34,1,143,0,0,39,0,39,19,89,73,1,182,32,0,32,214
06/27/2009,CID,IA,ACE,CE,Combined TRACON& Tower with Radar,11,54,25,0,90,0,1,30,0,31,11,55,55,0,121,4,0,4,125
06/28/2009,CID,IA,ACE,CE,Combined TRACON& Tower with Radar,10,70,22,0,102,0,0,54,0,54,10,70,76,0,156,0,0,0,156
06/29/2009,CID,IA,ACE,CE,Combined TRACON& Tower with Radar,10,86,20,0,116,0,0,33,0,33,10,86,53,0,149,28,0,28,177
06/30/2009,CID,IA,ACE,CE,Combined TRACON& Tower with Radar,19,94,27,1,141,0,0,25,1,26,19,94,52,2,167,6,0,6,173
07/01/2009,CID,IA,ACE,CE,Combined TRACON& Tower with Radar,11,91,48,0,150,0,0,23,0,23,11,91,71,0,173,34,0,34,207
07/02/2009,CID,IA,ACE,CE,Combined TRACON& Tower with Radar,19,87,45,5,156,0,1,36,2,39,19,88,81,7,195,34,0,34,229
07/03/2009,CID,IA,ACE,CE,Combined TRACON& Tower with Radar,9,78,25,0,112,0,0,57,3,60,9,78,82,3,172,6,0,6,178
07/04/2009,CID,IA,ACE,CE,Combined TRACON& Tower with Radar,5,44,3,1,53,0,0,4,0,4,5,44,7,1,57,6,0,6,63
07/05/2009,CID,IA,ACE,CE,Combined TRACON& Tower with Radar,15,68,24,0,107,0,0,38,0,38,15,68,62,0,145,18,0,18,163
07/06/2009,CID,IA,ACE,CE,Combined TRACON& Tower with Radar,11,88,28,1,128,0,1,26,3,30,11,89,54,4,158,22,0,22,180
07/07/2009,CID,IA,ACE,CE,Combined TRACON& Tower with Radar,15,36,33,2,86,0,0,22,1,23,15,36,55,3,109,10,0,10,119
07/08/2009,CID,IA,ACE,CE,Combined TRACON& Tower with Radar,13,93,41,2,149,0,0,2,0,2,13,93,43,2,151,0,0,0,151
07/09/2009,CID,IA,ACE,CE,Combined TRACON& Tower with Radar,18,107,19,0,144,0,0,13,0,13,18,107,32,0,157,26,0,26,183
07/10/2009,CID,IA,ACE,CE,Combined TRACON& Tower with Radar,11,101,21,4,137,0,0,9,0,9,11,101,30,4,146,0,0,0,146
07/11/2009,CID,IA,ACE,CE,Combined TRACON& Tower with Radar,11,59,16,0,86,0,0,48,0,48,11,59,64,0,134,12,0,12,146
07/12/2009,CID,IA,ACE,CE,Combined TRACON& Tower with Radar,11,79,18,0,108,0,0,56,0,56,11,79,74,0,164,12,0,12,176
07/13/2009,CID,IA,ACE,CE,Combined TRACON& Tower with Radar,14,92,40,2,148,0,0,29,0,29,14,92,69,2,177,20,0,20,197
07/14/2009,CID,IA,ACE,CE,Combined TRACON& Tower with Radar,16,99,27,0,142,0,5,13,0,18,16,104,40,0,160,6,0,6,166
07/15/2009,CID,IA,ACE,CE,Combined TRACON& Tower with Radar,17,84,32,1,134,0,0,67,3,70,17,84,99,4,204,78,0,78,282
07/16/2009,CID,IA,ACE,CE,Combined TRACON& Tower with Radar,21,88,34,0,143,0,3,27,0,30,21,91,61,0,173,12,0,12,185
07/17/2009,CID,IA,ACE,CE,Combined TRACON& Tower with Radar,14,87,24,0,125,0,0,24,1,25,14,87,48,1,150,10,0,10,160
07/18/2009,CID,IA,ACE,CE,Combined TRACON& Tower with Radar,10,57,27,1,95,0,1,30,0,31,10,58,57,1,126,20,0,20,146
07/19/2009,CID,IA,ACE,CE,Combined TRACON& Tower with Radar,11,73,28,1,113,0,1,58,0,59,11,74,86,1,172,46,0,46,218
07/20/2009,CID,IA,ACE,CE,Combined TRACON& Tower with Radar,11,88,29,0,128,0,0,52,0,52,11,88,81,0,180,94,0,94,274
07/21/2009,CID,IA,ACE,CE,Combined TRACON& Tower with Radar,17,90,40,1,148,0,0,1,0,1,17,90,41,1,149,0,0,0,149
07/22/2009,CID,IA,ACE,CE,Combined TRACON& Tower with Radar,14,91,32,1,138,0,0,30,0,30,14,91,62,1,168,18,0,18,186
07/23/2009,CID,IA,ACE,CE,Combined TRACON& Tower with Radar,16,92,20,1,129,0,0,36,0,36,16,92,56,1,165,10,0,10,175
07/24/2009,CID,IA,ACE,CE,Combined TRACON& Tower with Radar,12,93,36,0,141,0,0,27,0,27,12,93,63,0,168,18,0,18,186
07/25/2009,CID,IA,ACE,CE,Combined TRACON& Tower with Radar,12,57,22,0,91,0,0,47,0,47,12,57,69,0,138,20,0,20,158
07/26/2009,CID,IA,ACE,CE,Combined TRACON& Tower with Radar,12,69,18,0,99,0,0,67,0,67,12,69,85,0,166,6,0,6,172
07/27/2009,CID,IA,ACE,CE,Combined TRACON& Tower with Radar,12,91,30,0,133,0,0,27,0,27,12,91,57,0,160,42,0,42,202
07/28/2009,CID,IA,ACE,CE,Combined TRACON& Tower with Radar,15,96,38,0,149,0,0,35,0,35,15,96,73,0,184,30,0,30,214
07/29/2009,CID,IA,ACE,CE,Combined TRACON& Tower with Radar,15,89,33,0,137,0,2,53,0,55,15,91,86,0,192,12,0,12,204
07/30/2009,CID,IA,ACE,CE,Combined TRACON& Tower with Radar,18,90,25,0,133,0,0,31,0,31,18,90,56,0,164,0,0,0,164
07/31/2009,CID,IA,ACE,CE,Combined TRACON& Tower with Radar,14,89,33,1,137,0,1,52,1,54,14,90,85,2,191,20,0,20,211
08/01/2009,CID,IA,ACE,CE,Combined TRACON& Tower with Radar,12,53,17,0,82,0,0,28,0,28,12,53,45,0,110,6,0,6,116
08/02/2009,CID,IA,ACE,CE,Combined TRACON& Tower with Radar,14,65,16,0,95,0,0,56,0,56,14,65,72,0,151,12,0,12,163
08/03/2009,CID,IA,ACE,CE,Combined TRACON& Tower with Radar,10,94,19,0,123,0,0,38,0,38,10,94,57,0,161,0,0,0,161
08/04/2009,CID,IA,ACE,CE,Combined TRACON& Tower with Radar,16,93,28,4,141,0,0,44,0,44,16,93,72,4,185,10,0,10,195
08/05/2009,CID,IA,ACE,CE,Combined TRACON& Tower with Radar,16,86,49,0,151,0,0,53,0,53,16,86,102,0,204,62,0,62,266
08/06/2009,CID,IA,ACE,CE,Combined TRACON& Tower with Radar,14,92,30,2,138,0,0,58,0,58,14,92,88,2,196,30,0,30,226
08/07/2009,CID,IA,ACE,CE,Combined TRACON& Tower with Radar,15,93,30,0,138,0,0,9,0,9,15,93,39,0,147,0,0,0,147
08/08/2009,CID,IA,ACE,CE,Combined TRACON& Tower with Radar,10,59,7,0,76,0,0,16,0,16,10,59,23,0,92,8,0,8,100
08/09/2009,CID,IA,ACE,CE,Combined TRACON& Tower with Radar,14,69,22,0,105,0,0,23,0,23,14,69,45,0,128,6,0,6,134
08/10/2009,CID,IA,ACE,CE,Combined TRACON& Tower with Radar,10,89,35,0,134,0,0,28,0,28,10,89,63,0,162,14,0,14,176
08/11/2009,CID,IA,ACE,CE,Combined TRACON& Tower with Radar,15,95,27,0,137,0,0,47,0,47,15,95,74,0,184,18,0,18,202
08/12/2009,CID,IA,ACE,CE,Combined TRACON& Tower with Radar,13,96,33,0,142,0,1,58,0,59,13,97,91,0,201,36,0,36,237
08/13/2009,CID,IA,ACE,CE,Combined TRACON& Tower with Radar,18,99,35,0,152,0,0,28,0,28,18,99,63,0,180,22,0,22,202
08/14/2009,CID,IA,ACE,CE,Combined TRACON& Tower with Radar,16,91,45,0,152,0,0,46,0,46,16,91,91,0,198,22,0,22,220
08/15/2009,CID,IA,ACE,CE,Combined TRACON& Tower with Radar,10,53,26,0,89,0,0,56,0,56,10,53,82,0,145,50,0,50,195
08/16/2009,CID,IA,ACE,CE,Combined TRACON& Tower with Radar,12,63,20,0,95,0,0,8,0,8,12,63,28,0,103,2,0,2,105
08/17/2009,CID,IA,ACE,CE,Combined TRACON& Tower with Radar,7,92,20,0,119,0,0,18,0,18,7,92,38,0,137,18,0,18,155
08/18/2009,CID,IA,ACE,CE,Combined TRACON& Tower with Radar,14,83,45,9,151,0,0,67,0,67,14,83,112,9,218,78,26,104,322
08/19/2009,CID,IA,ACE,CE,Combined TRACON& Tower with Radar,12,68,32,0,112,0,0,17,0,17,12,68,49,0,129,40,0,40,169
08/20/2009,CID,IA,ACE,CE,Combined TRACON& Tower with Radar,16,72,52,0,140,0,0,14,0,14,16,72,66,0,154,14,0,14,168
08/21/2009,CID,IA,ACE,CE,Combined TRACON& Tower with Radar,16,71,56,0,143,0,0,15,0,15,16,71,71,0,158,14,0,14,172
08/22/2009,CID,IA,ACE,CE,Combined TRACON& Tower with Radar,11,44,19,0,74,0,0,58,1,59,11,44,77,1,133,20,0,20,153
08/23/2009,CID,IA,ACE,CE,Combined TRACON& Tower with Radar,13,63,19,0,95,0,0,58,3,61,13,63,77,3,156,32,0,32,188
08/24/2009,CID,IA,ACE,CE,Combined TRACON& Tower with Radar,13,75,31,0,119,0,0,45,0,45,13,75,76,0,164,18,0,18,182
08/25/2009,CID,IA,ACE,CE,Combined TRACON& Tower with Radar,10,72,35,0,117,0,1,22,0,23,10,73,57,0,140,20,0,20,160
08/26/2009,CID,IA,ACE,CE,Combined TRACON& Tower with Radar,11,67,34,0,112,0,0,0,0,0,11,67,34,0,112,0,0,0,112
08/27/2009,CID,IA,ACE,CE,Combined TRACON& Tower with Radar,16,74,36,0,126,0,0,0,0,0,16,74,36,0,126,0,0,0,126
08/28/2009,CID,IA,ACE,CE,Combined TRACON& Tower with Radar,14,70,51,0,135,0,0,20,0,20,14,70,71,0,155,46,0,46,201
08/29/2009,CID,IA,ACE,CE,Combined TRACON& Tower with Radar,9,45,33,0,87,0,1,34,0,35,9,46,67,0,122,52,0,52,174
08/30/2009,CID,IA,ACE,CE,Combined TRACON& Tower with Radar,12,53,31,0,96,0,0,34,0,34,12,53,65,0,130,42,0,42,172
08/31/2009,CID,IA,ACE,CE,Combined TRACON& Tower with Radar,10,74,28,3,115,0,1,45,3,49,10,75,73,6,164,60,0,60,224
09/01/2009,CID,IA,ACE,CE,Combined TRACON& Tower with Radar,11,79,47,5,142,0,1,62,3,66,11,80,109,8,208,36,0,36,244
09/02/2009,CID,IA,ACE,CE,Combined TRACON& Tower with Radar,16,73,46,0,135,0,2,54,0,56,16,75,100,0,191,48,0,48,239
09/03/2009,CID,IA,ACE,CE,Combined TRACON& Tower with Radar,22,73,49,3,147,0,1,35,0,36,22,74,84,3,183,42,0,42,225
09/04/2009,CID,IA,ACE,CE,Combined TRACON& Tower with Radar,19,72,33,1,125,0,1,50,5,56,19,73,83,6,181,26,0,26,207
09/05/2009,CID,IA,ACE,CE,Combined TRACON& Tower with Radar,7,52,37,0,96,0,0,51,0,51,7,52,88,0,147,20,0,20,167
09/06/2009,CID,IA,ACE,CE,Combined TRACON& Tower with Radar,9,38,22,0,69,0,0,45,0,45,9,38,67,0,114,9,0,9,123
09/07/2009,CID,IA,ACE,CE,Combined TRACON& Tower with Radar,11,62,16,0,89,0,0,33,0,33,11,62,49,0,122,18,0,18,140
09/08/2009,CID,IA,ACE,CE,Combined TRACON& Tower with Radar,15,74,43,10,142,0,0,42,8,50,15,74,85,18,192,14,0,14,206
09/09/2009,CID,IA,ACE,CE,Combined TRACON& Tower with Radar,16,73,37,5,131,0,4,29,1,34,16,77,66,6,165,8,0,8,173
09/10/2009,CID,IA,ACE,CE,Combined TRACON& Tower with Radar,22,77,39,1,139,0,2,17,2,21,22,79,56,3,160,18,0,18,178
09/11/2009,CID,IA,ACE,CE,Combined TRACON& Tower with Radar,21,74,32,0,127,0,1,38,1,40,21,75,70,1,167,44,0,44,211
09/12/2009,CID,IA,ACE,CE,Combined TRACON& Tower with Radar,10,46,16,0,72,0,0,40,2,42,10,46,56,2,114,20,0,20,134
09/13/2009,CID,IA,ACE,CE,Combined TRACON& Tower with Radar,9,59,21,0,89,0,1,50,2,53,9,60,71,2,142,16,0,16,158
09/14/2009,CID,IA,ACE,CE,Combined TRACON& Tower with Radar,16,70,21,2,109,0,0,36,0,36,16,70,57,2,145,64,0,64,209
09/15/2009,CID,IA,ACE,CE,Combined TRACON& Tower with Radar,21,73,40,0,134,0,0,36,0,36,21,73,76,0,170,16,0,16,186
09/16/2009,CID,IA,ACE,CE,Combined TRACON& Tower with Radar,16,77,44,3,140,0,0,49,7,56,16,77,93,10,196,30,20,50,246
09/17/2009,CID,IA,ACE,CE,Combined TRACON& Tower with Radar,22,71,35,1,129,0,0,42,1,43,22,71,77,2,172,40,0,40,212
09/18/2009,CID,IA,ACE,CE,Combined TRACON& Tower with Radar,21,73,27,2,123,0,0,27,4,31,21,73,54,6,154,10,0,10,164
09/19/2009,CID,IA,ACE,CE,Combined TRACON& Tower with Radar,14,44,35,0,93,0,0,56,0,56,14,44,91,0,149,16,0,16,165
09/20/2009,CID,IA,ACE,CE,Combined TRACON& Tower with Radar,11,62,21,0,94,0,2,24,0,26,11,64,45,0,120,2,0,2,122
09/21/2009,CID,IA,ACE,CE,Combined TRACON& Tower with Radar,17,71,30,4,122,0,0,5,0,5,17,71,35,4,127,12,0,12,139
09/22/2009,CID,IA,ACE,CE,Combined TRACON& Tower with Radar,23,69,39,0,131,0,0,4,0,4,23,69,43,0,135,48,0,48,183
09/23/2009,CID,IA,ACE,CE,Combined TRACON& Tower with Radar,21,72,53,5,151,0,0,0,0,0,21,72,53,5,151,24,0,24,175
09/24/2009,CID,IA,ACE,CE,Combined TRACON& Tower with Radar,22,74,62,8,166,0,0,14,1,15,22,74,76,9,181,30,0,30,211
09/25/2009,CID,IA,ACE,CE,Combined TRACON& Tower with Radar,22,70,45,1,138,0,0,15,1,16,22,70,60,2,154,2,0,2,156
09/26/2009,CID,IA,ACE,CE,Combined TRACON& Tower with Radar,14,46,24,0,84,0,0,25,0,25,14,46,49,0,109,20,0,20,129
09/27/2009,CID,IA,ACE,CE,Combined TRACON& Tower with Radar,10,61,15,0,86,0,1,25,0,26,10,62,40,0,112,10,0,10,122
09/28/2009,CID,IA,ACE,CE,Combined TRACON& Tower with Radar,17,70,12,0,99,0,0,12,0,12,17,70,24,0,111,0,0,0,111
09/29/2009,CID,IA,ACE,CE,Combined TRACON& Tower with Radar,21,72,26,0,119,0,0,46,2,48,21,72,72,2,167,18,0,18,185
09/30/2009,CID,IA,ACE,CE,Combined TRACON& Tower with Radar,23,33,63,12,131,0,0,57,3,60,23,33,120,15,191,36,22,58,249
10/01/2009,CID,IA,ACE,CE,Combined TRACON& Tower with Radar,22,62,23,0,107,0,0,0,0,0,22,62,23,0,107,0,0,0,107
10/02/2009,CID,IA,ACE,CE,Combined TRACON& Tower with Radar,21,64,28,0,113,0,0,6,0,6,21,64,34,0,119,0,0,0,119
10/03/2009,CID,IA,ACE,CE,Combined TRACON& Tower with Radar,13,45,16,0,74,0,0,23,0,23,13,45,39,0,97,28,0,28,125
10/04/2009,CID,IA,ACE,CE,Combined TRACON& Tower with Radar,11,59,20,0,90,0,0,45,0,45,11,59,65,0,135,94,0,94,229
10/05/2009,CID,IA,ACE,CE,Combined TRACON& Tower with Radar,17,62,26,0,105,0,0,26,0,26,17,62,52,0,131,22,0,22,153
10/06/2009,CID,IA,ACE,CE,Combined TRACON& Tower with Radar,18,69,22,0,109,0,0,2,0,2,18,69,24,0,111,0,0,0,111
10/07/2009,CID,IA,ACE,CE,Combined TRACON& Tower with Radar,22,80,31,0,133,0,0,0,0,0,22,80,31,0,133,56,0,56,189
10/08/2009,CID,IA,ACE,CE,Combined TRACON& Tower with Radar,21,68,38,0,127,0,0,4,0,4,21,68,42,0,131,18,0,18,149
10/09/2009,CID,IA,ACE,CE,Combined TRACON& Tower with Radar,23,72,48,0,143,0,0,42,0,42,23,72,90,0,185,40,0,40,225
10/10/2009,CID,IA,ACE,CE,Combined TRACON& Tower with Radar,13,47,18,0,78,0,0,20,0,20,13,47,38,0,98,48,0,48,146
10/11/2009,CID,IA,ACE,CE,Combined TRACON& Tower with Radar,15,63,25,0,103,0,0,50,0,50,15,63,75,0,153,86,0,86,239
10/12/2009,CID,IA,ACE,CE,Combined TRACON& Tower with Radar,18,61,12,0,91,0,0,2,0,2,18,61,14,0,93,0,0,0,93
10/13/2009,CID,IA,ACE,CE,Combined TRACON& Tower with Radar,16,70,33,0,119,0,42,0,0,42,16,112,33,0,161,154,0,154,315
10/14/2009,CID,IA,ACE,CE,Combined TRACON& Tower with Radar,18,69,29,0,116,0,0,8,0,8,18,69,37,0,124,38,0,38,162
10/15/2009,CID,IA,ACE,CE,Combined TRACON& Tower with Radar,24,73,39,0,136,0,3,1,0,4,24,76,40,0,140,0,0,0,140
10/16/2009,CID,IA,ACE,CE,Combined TRACON& Tower with Radar,20,67,17,0,104,0,0,23,0,23,20,67,40,0,127,30,0,30,157
10/17/2009,CID,IA,ACE,CE,Combined TRACON& Tower with Radar,10,44,19,0,73,0,0,48,0,48,10,44,67,0,121,82,0,82,203
10/18/2009,CID,IA,ACE,CE,Combined TRACON& Tower with Radar,10,59,20,0,89,0,0,36,0,36,10,59,56,0,125,26,2,28,153
10/19/2009,CID,IA,ACE,CE,Combined TRACON& Tower with Radar,17,67,28,0,112,0,0,26,0,26,17,67,54,0,138,0,0,0,138
10/20/2009,CID,IA,ACE,CE,Combined TRACON& Tower with Radar,18,77,36,0,131,0,0,27,0,27,18,77,63,0,158,0,0,0,158
10/21/2009,CID,IA,ACE,CE,Combined TRACON& Tower with Radar,17,66,50,0,133,0,0,20,0,20,17,66,70,0,153,34,0,34,187
10/22/2009,CID,IA,ACE,CE,Combined TRACON& Tower with Radar,22,68,38,0,128,0,0,0,0,0,22,68,38,0,128,0,0,0,128
10/23/2009,CID,IA,ACE,CE,Combined TRACON& Tower with Radar,22,66,22,0,110,0,0,0,0,0,22,66,22,0,110,0,0,0,110
10/24/2009,CID,IA,ACE,CE,Combined TRACON& Tower with Radar,11,44,20,4,79,0,2,43,8,53,11,46,63,12,132,6,2,8,140
10/25/2009,CID,IA,ACE,CE,Combined TRACON& Tower with Radar,7,66,11,0,84,0,2,25,0,27,7,68,36,0,111,56,0,56,167
10/26/2009,CID,IA,ACE,CE,Combined TRACON& Tower with Radar,9,79,29,3,120,0,7,31,0,38,9,86,60,3,158,6,0,6,164
10/27/2009,CID,IA,ACE,CE,Combined TRACON& Tower with Radar,9,77,33,3,122,0,0,42,1,43,9,77,75,4,165,50,0,50,215
10/28/2009,CID,IA,ACE,CE,Combined TRACON& Tower with Radar,8,77,40,0,125,0,0,6,0,6,8,77,46,0,131,30,0,30,161
10/29/2009,CID,IA,ACE,CE,Combined TRACON& Tower with Radar,10,80,38,0,128,0,0,0,0,0,10,80,38,0,128,0,0,0,128
10/30/2009,CID,IA,ACE,CE,Combined TRACON& Tower with Radar,13,81,21,0,115,0,0,6,0,6,13,81,27,0,121,0,0,0,121
10/31/2009,CID,IA,ACE,CE,Combined TRACON& Tower with Radar,7,47,12,0,66,0,0,25,0,25,7,47,37,0,91,6,0,6,97
11/01/2009,CID,IA,ACE,CE,Combined TRACON& Tower with Radar,7,69,22,0,98,0,0,44,0,44,7,69,66,0,142,38,0,38,180
11/02/2009,CID,IA,ACE,CE,Combined TRACON& Tower with Radar,8,74,21,0,103,0,0,31,0,31,8,74,52,0,134,42,0,42,176
11/03/2009,CID,IA,ACE,CE,Combined TRACON& Tower with Radar,7,78,28,0,113,0,0,27,0,27,7,78,55,0,140,40,0,40,180
11/04/2009,CID,IA,ACE,CE,Combined TRACON& Tower with Radar,10,75,17,0,102,0,0,22,0,22,10,75,39,0,124,26,0,26,150
11/05/2009,CID,IA,ACE,CE,Combined TRACON& Tower with Radar,15,79,53,0,147,0,0,0,0,0,15,79,53,0,147,18,0,18,165
11/06/2009,CID,IA,ACE,CE,Combined TRACON& Tower with Radar,14,91,40,0,145,0,1,32,0,33,14,92,72,0,178,14,0,14,192
11/07/2009,CID,IA,ACE,CE,Combined TRACON& Tower with Radar,6,54,14,0,74,0,0,62,0,62,6,54,76,0,136,28,0,28,164
11/08/2009,CID,IA,ACE,CE,Combined TRACON& Tower with Radar,6,70,34,0,110,0,0,54,0,54,6,70,88,0,164,66,0,66,230
11/09/2009,CID,IA,ACE,CE,Combined TRACON& Tower with Radar,8,78,22,0,108,0,0,19,0,19,8,78,41,0,127,16,0,16,143
11/10/2009,CID,IA,ACE,CE,Combined TRACON& Tower with Radar,8,80,35,0,123,0,1,37,0,38,8,81,72,0,161,38,0,38,199
11/11/2009,CID,IA,ACE,CE,Combined TRACON& Tower with Radar,7,74,55,0,136,0,2,53,1,56,7,76,108,1,192,42,0,42,234
11/12/2009,CID,IA,ACE,CE,Combined TRACON& Tower with Radar,14,71,27,0,112,0,0,19,0,19,14,71,46,0,131,0,0,0,131
11/13/2009,CID,IA,ACE,CE,Combined TRACON& Tower with Radar,14,84,28,5,131,0,2,13,1,16,14,86,41,6,147,0,0,0,147
11/14/2009,CID,IA,ACE,CE,Combined TRACON& Tower with Radar,8,51,31,0,90,0,0,7,0,7,8,51,38,0,97,0,0,0,97
11/15/2009,CID,IA,ACE,CE,Combined TRACON& Tower with Radar,10,64,20,0,94,0,0,23,0,23,10,64,43,0,117,32,0,32,149
11/16/2009,CID,IA,ACE,CE,Combined TRACON& Tower with Radar,8,75,21,0,104,0,0,12,0,12,8,75,33,0,116,8,0,8,124
11/17/2009,CID,IA,ACE,CE,Combined TRACON& Tower with Radar,7,82,28,0,117,0,0,12,0,12,7,82,40,0,129,0,0,0,129
11/18/2009,CID,IA,ACE,CE,Combined TRACON& Tower with Radar,7,77,17,10,111,0,0,1,0,1,7,77,18,10,112,0,0,0,112
11/19/2009,CID,IA,ACE,CE,Combined TRACON& Tower with Radar,15,82,59,6,162,0,0,11,0,11,15,82,70,6,173,0,0,0,173
11/20/2009,CID,IA,ACE,CE,Combined TRACON& Tower with Radar,11,91,44,0,146,0,2,39,0,41,11,93,83,0,187,26,0,26,213
11/21/2009,CID,IA,ACE,CE,Combined TRACON& Tower with Radar,8,46,16,0,70,0,0,21,0,21,8,46,37,0,91,42,0,42,133
11/22/2009,CID,IA,ACE,CE,Combined TRACON& Tower with Radar,10,62,20,0,92,0,0,21,0,21,10,62,41,0,113,24,0,24,137
11/23/2009,CID,IA,ACE,CE,Combined TRACON& Tower with Radar,11,65,28,1,105,0,0,19,1,20,11,65,47,2,125,14,0,14,139
11/24/2009,CID,IA,ACE,CE,Combined TRACON& Tower with Radar,12,83,20,0,115,0,0,0,0,0,12,83,20,0,115,0,0,0,115
11/25/2009,CID,IA,ACE,CE,Combined TRACON& Tower with Radar,15,80,17,0,112,0,0,2,0,2,15,80,19,0,114,0,0,0,114
11/26/2009,CID,IA,ACE,CE,Combined TRACON& Tower with Radar,9,37,3,0,49,0,0,6,0,6,9,37,9,0,55,0,0,0,55
11/27/2009,CID,IA,ACE,CE,Combined TRACON& Tower with Radar,18,48,8,0,74,0,1,36,0,37,18,49,44,0,111,16,0,16,127
11/28/2009,CID,IA,ACE,CE,Combined TRACON& Tower with Radar,7,55,10,0,72,0,1,70,0,71,7,56,80,0,143,24,0,24,167
11/29/2009,CID,IA,ACE,CE,Combined TRACON& Tower with Radar,10,71,19,0,100,0,0,12,0,12,10,71,31,0,112,14,0,14,126
11/30/2009,CID,IA,ACE,CE,Combined TRACON& Tower with Radar,12,72,29,1,114,0,1,35,0,36,12,73,64,1,150,46,0,46,196
12/01/2009,CID,IA,ACE,CE,Combined TRACON& Tower with Radar,14,83,27,0,124,0,0,28,0,28,14,83,55,0,152,8,0,8,160
12/02/2009,CID,IA,ACE,CE,Combined TRACON& Tower with Radar,7,65,25,2,99,0,0,18,0,18,7,65,43,2,117,0,0,0,117
12/03/2009,CID,IA,ACE,CE,Combined TRACON& Tower with Radar,17,75,30,1,123,0,0,5,0,5,17,75,35,1,128,0,0,0,128
12/04/2009,CID,IA,ACE,CE,Combined TRACON& Tower with Radar,13,70,49,3,135,0,0,26,0,26,13,70,75,3,161,10,0,10,171
12/05/2009,CID,IA,ACE,CE,Combined TRACON& Tower with Radar,6,38,18,0,62,0,0,52,0,52,6,38,70,0,114,42,0,42,156
12/06/2009,CID,IA,ACE,CE,Combined TRACON& Tower with Radar,13,56,19,2,90,0,0,22,0,22,13,56,41,2,112,20,0,20,132
12/07/2009,CID,IA,ACE,CE,Combined TRACON& Tower with Radar,9,70,15,0,94,0,0,0,0,0,9,70,15,0,94,0,0,0,94
12/08/2009,CID,IA,ACE,CE,Combined TRACON& Tower with Radar,6,39,17,0,62,0,0,0,0,0,6,39,17,0,62,0,0,0,62
12/09/2009,CID,IA,ACE,CE,Combined TRACON& Tower with Radar,10,4,9,0,23,0,0,0,0,0,10,4,9,0,23,0,0,0,23
12/10/2009,CID,IA,ACE,CE,Combined TRACON& Tower with Radar,15,64,24,0,103,0,1,7,0,8,15,65,31,0,111,0,0,0,111
12/11/2009,CID,IA,ACE,CE,Combined TRACON& Tower with Radar,16,68,36,1,121,0,0,15,0,15,16,68,51,1,136,2,0,2,138
12/12/2009,CID,IA,ACE,CE,Combined TRACON& Tower with Radar,7,37,15,3,62,0,0,31,0,31,7,37,46,3,93,0,0,0,93
12/13/2009,CID,IA,ACE,CE,Combined TRACON& Tower with Radar,15,58,8,0,81,0,0,0,0,0,15,58,8,0,81,0,0,0,81
12/14/2009,CID,IA,ACE,CE,Combined TRACON& Tower with Radar,5,62,15,0,82,0,0,1,0,1,5,62,16,0,83,0,0,0,83
12/15/2009,CID,IA,ACE,CE,Combined TRACON& Tower with Radar,23,69,48,1,141,0,0,37,0,37,23,69,85,1,178,10,0,10,188
12/16/2009,CID,IA,ACE,CE,Combined TRACON& Tower with Radar,11,72,41,2,126,0,0,30,2,32,11,72,71,4,158,10,0,10,168
12/17/2009,CID,IA,ACE,CE,Combined TRACON& Tower with Radar,18,74,49,1,142,0,0,29,1,30,18,74,78,2,172,8,0,8,180
12/18/2009,CID,IA,ACE,CE,Combined TRACON& Tower with Radar,15,66,26,1,108,0,0,5,0,5,15,66,31,1,113,0,0,0,113
12/19/2009,CID,IA,ACE,CE,Combined TRACON& Tower with Radar,9,55,5,0,69,0,0,4,0,4,9,55,9,0,73,0,0,0,73
12/20/2009,CID,IA,ACE,CE,Combined TRACON& Tower with Radar,13,55,2,0,70,0,0,1,0,1,13,55,3,0,71,0,0,0,71
12/21/2009,CID,IA,ACE,CE,Combined TRACON& Tower with Radar,12,72,9,0,93,0,0,0,0,0,12,72,9,0,93,0,0,0,93
12/22/2009,CID,IA,ACE,CE,Combined TRACON& Tower with Radar,21,74,14,0,109,0,0,0,0,0,21,74,14,0,109,0,0,0,109
12/23/2009,CID,IA,ACE,CE,Combined TRACON& Tower with Radar,22,49,2,0,73,0,0,0,0,0,22,49,2,0,73,0,0,0,73
12/24/2009,CID,IA,ACE,CE,Combined TRACON& Tower with Radar,26,43,3,0,72,0,0,0,0,0,26,43,3,0,72,0,0,0,72
12/25/2009,CID,IA,ACE,CE,Combined TRACON& Tower with Radar,2,45,3,0,50,0,0,0,0,0,2,45,3,0,50,0,0,0,50
12/26/2009,CID,IA,ACE,CE,Combined TRACON& Tower with Radar,11,44,4,0,59,0,0,6,0,6,11,44,10,0,65,42,0,42,107
12/27/2009,CID,IA,ACE,CE,Combined TRACON& Tower with Radar,14,66,15,0,95,0,0,8,0,8,14,66,23,0,103,18,0,18,121
12/28/2009,CID,IA,ACE,CE,Combined TRACON& Tower with Radar,9,69,19,0,97,0,1,13,0,14,9,70,32,0,111,30,0,30,141
12/29/2009,CID,IA,ACE,CE,Combined TRACON& Tower with Radar,20,69,18,2,109,0,1,26,0,27,20,70,44,2,136,22,0,22,158
12/30/2009,CID,IA,ACE,CE,Combined TRACON& Tower with Radar,13,68,11,0,92,0,0,0,0,0,13,68,11,0,92,0,0,0,92
12/31/2009,CID,IA,ACE,CE,Combined TRACON& Tower with Radar,20,49,12,0,81,0,0,20,0,20,20,49,32,0,101,14,0,14,115
01/01/2010,CID,IA,ACE,CE,Combined TRACON& Tower with Radar,10,41,9,0,60,0,0,9,0,9,10,41,18,0,69,0,0,0,69
01/02/2010,CID,IA,ACE,CE,Combined TRACON& Tower with Radar,25,52,2,0,79,0,0,16,0,16,25,52,18,0,95,0,0,0,95
01/03/2010,CID,IA,ACE,CE,Combined TRACON& Tower with Radar,22,63,9,0,94,0,0,7,0,7,22,63,16,0,101,0,0,0,101
01/04/2010,CID,IA,ACE,CE,Combined TRACON& Tower with Radar,11,73,27,0,111,0,0,15,0,15,11,73,42,0,126,0,0,0,126
01/05/2010,CID,IA,ACE,CE,Combined TRACON& Tower with Radar,17,65,22,2,106,0,0,22,0,22,17,65,44,2,128,14,0,14,142
01/06/2010,CID,IA,ACE,CE,Combined TRACON& Tower with Radar,35,69,16,0,120,0,0,16,0,16,35,69,32,0,136,0,0,0,136
01/07/2010,CID,IA,ACE,CE,Combined TRACON& Tower with Radar,24,50,16,0,90,0,0,0,0,0,24,50,16,0,90,0,0,0,90
01/08/2010,CID,IA,ACE,CE,Combined TRACON& Tower with Radar,19,65,26,2,112,0,0,6,0,6,19,65,32,2,118,0,0,0,118
01/09/2010,CID,IA,ACE,CE,Combined TRACON& Tower with Radar,12,32,10,0,54,0,0,6,2,8,12,32,16,2,62,0,0,0,62
01/10/2010,CID,IA,ACE,CE,Combined TRACON& Tower with Radar,13,56,4,0,73,0,0,12,0,12,13,56,16,0,85,16,0,16,101
01/11/2010,CID,IA,ACE,CE,Combined TRACON& Tower with Radar,13,68,13,0,94,0,0,13,0,13,13,68,26,0,107,8,0,8,115
01/12/2010,CID,IA,ACE,CE,Combined TRACON& Tower with Radar,15,66,28,0,109,0,0,2,0,2,15,66,30,0,111,0,0,0,111
01/13/2010,CID,IA,ACE,CE,Combined TRACON& Tower with Radar,16,61,29,0,106,0,0,31,0,31,16,61,60,0,137,36,0,36,173
01/14/2010,CID,IA,ACE,CE,Combined TRACON& Tower with Radar,22,71,21,0,114,0,0,0,0,0,22,71,21,0,114,0,0,0,114
01/15/2010,CID,IA,ACE,CE,Combined TRACON& Tower with Radar,17,69,25,0,111,0,0,0,0,0,17,69,25,0,111,0,0,0,111
01/16/2010,CID,IA,ACE,CE,Combined TRACON& Tower with Radar,10,37,9,0,56,0,0,0,0,0,10,37,9,0,56,0,0,0,56
01/17/2010,CID,IA,ACE,CE,Combined TRACON& Tower with Radar,8,36,4,0,48,0,0,0,0,0,8,36,4,0,48,0,0,0,48
01/18/2010,CID,IA,ACE,CE,Combined TRACON& Tower with Radar,12,8,7,0,27,0,0,0,0,0,12,8,7,0,27,0,0,0,27
01/19/2010,CID,IA,ACE,CE,Combined TRACON& Tower with Radar,16,59,19,0,94,0,0,1,0,1,16,59,20,0,95,0,0,0,95
01/20/2010,CID,IA,ACE,CE,Combined TRACON& Tower with Radar,14,57,3,0,74,0,0,0,0,0,14,57,3,0,74,0,0,0,74
01/21/2010,CID,IA,ACE,CE,Combined TRACON& Tower with Radar,20,67,20,0,107,0,0,0,0,0,20,67,20,0,107,0,0,0,107
01/22/2010,CID,IA,ACE,CE,Combined TRACON& Tower with Radar,15,61,16,0,92,0,0,0,0,0,15,61,16,0,92,0,0,0,92
01/23/2010,CID,IA,ACE,CE,Combined TRACON& Tower with Radar,17,28,8,0,53,0,0,0,0,0,17,28,8,0,53,0,0,0,53
01/24/2010,CID,IA,ACE,CE,Combined TRACON& Tower with Radar,10,58,12,0,80,0,0,2,0,2,10,58,14,0,82,4,0,4,86
01/25/2010,CID,IA,ACE,CE,Combined TRACON& Tower with Radar,13,66,24,0,103,0,0,0,0,0,13,66,24,0,103,0,0,0,103
01/26/2010,CID,IA,ACE,CE,Combined TRACON& Tower with Radar,14,68,26,2,110,0,0,15,1,16,14,68,41,3,126,32,0,32,158
01/27/2010,CID,IA,ACE,CE,Combined TRACON& Tower with Radar,15,70,34,0,119,0,0,7,0,7,15,70,41,0,126,0,0,0,126
01/28/2010,CID,IA,ACE,CE,Combined TRACON& Tower with Radar,24,64,47,3,138,0,0,13,5,18,24,64,60,8,156,4,0,4,160
01/29/2010,CID,IA,ACE,CE,Combined TRACON& Tower with Radar,18,67,36,0,121,0,0,34,0,34,18,67,70,0,155,16,0,16,171
01/30/2010,CID,IA,ACE,CE,Combined TRACON& Tower with Radar,12,34,14,0,60,0,0,35,0,35,12,34,49,0,95,10,0,10,105
01/31/2010,CID,IA,ACE,CE,Combined TRACON& Tower with Radar,11,55,10,0,76,0,0,33,0,33,11,55,43,0,109,10,0,10,119
02/01/2010,CID,IA,ACE,CE,Combined TRACON& Tower with Radar,14,65,13,0,92,0,0,5,0,5,14,65,18,0,97,16,0,16,113
02/02/2010,CID,IA,ACE,CE,Combined TRACON& Tower with Radar,19,60,21,0,100,0,0,0,0,0,19,60,21,0,100,0,0,0,100
02/03/2010,CID,IA,ACE,CE,Combined TRACON& Tower with Radar,12,62,32,0,106,0,0,13,0,13,12,62,45,0,119,16,0,16,135
02/04/2010,CID,IA,ACE,CE,Combined TRACON& Tower with Radar,22,62,37,0,121,0,0,8,0,8,22,62,45,0,129,6,0,6,135
02/05/2010,CID,IA,ACE,CE,Combined TRACON& Tower with Radar,16,64,15,0,95,0,0,0,0,0,16,64,15,0,95,0,0,0,95
02/06/2010,CID,IA,ACE,CE,Combined TRACON& Tower with Radar,13,35,11,0,59,0,0,20,0,20,13,35,31,0,79,5,0,5,84
02/07/2010,CID,IA,ACE,CE,Combined TRACON& Tower with Radar,11,58,7,2,78,0,0,7,0,7,11,58,14,2,85,0,0,0,85
02/08/2010,CID,IA,ACE,CE,Combined TRACON& Tower with Radar,11,60,16,0,87,0,0,0,0,0,11,60,16,0,87,0,0,0,87
02/09/2010,CID,IA,ACE,CE,Combined TRACON& Tower with Radar,17,44,29,0,90,0,0,0,0,0,17,44,29,0,90,0,0,0,90
02/10/2010,CID,IA,ACE,CE,Combined TRACON& Tower with Radar,16,61,27,1,105,0,0,18,1,19,16,61,45,2,124,4,0,4,128
02/11/2010,CID,IA,ACE,CE,Combined TRACON& Tower with Radar,25,54,44,0,123,0,0,12,0,12,25,54,56,0,135,0,0,0,135
02/12/2010,CID,IA,ACE,CE,Combined TRACON& Tower with Radar,19,59,39,0,117,0,0,2,0,2,19,59,41,0,119,0,0,0,119
02/13/2010,CID,IA,ACE,CE,Combined TRACON& Tower with Radar,6,38,3,0,47,0,0,0,0,0,6,38,3,0,47,0,0,0,47
02/14/2010,CID,IA,ACE,CE,Combined TRACON& Tower with Radar,17,47,16,0,80,0,0,15,0,15,17,47,31,0,95,18,0,18,113
02/15/2010,CID,IA,ACE,CE,Combined TRACON& Tower with Radar,16,55,28,0,99,0,0,1,0,1,16,55,29,0,100,0,0,0,100
02/16/2010,CID,IA,ACE,CE,Combined TRACON& Tower with Radar,22,64,25,0,111,0,0,18,0,18,22,64,43,0,129,0,0,0,129
02/17/2010,CID,IA,ACE,CE,Combined TRACON& Tower with Radar,14,67,28,0,109,0,0,22,2,24,14,67,50,2,133,22,0,22,155
02/18/2010,CID,IA,ACE,CE,Combined TRACON& Tower with Radar,23,69,26,0,118,0,0,42,0,42,23,69,68,0,160,50,0,50,210
02/19/2010,CID,IA,ACE,CE,Combined TRACON& Tower with Radar,19,67,22,2,110,0,0,9,0,9,19,67,31,2,119,6,0,6,125
02/20/2010,CID,IA,ACE,CE,Combined TRACON& Tower with Radar,12,36,6,0,54,0,0,0,0,0,12,36,6,0,54,0,0,0,54
02/21/2010,CID,IA,ACE,CE,Combined TRACON& Tower with Radar,16,50,3,0,69,0,0,2,0,2,16,50,5,0,71,0,0,0,71
02/22/2010,CID,IA,ACE,CE,Combined TRACON& Tower with Radar,15,59,18,0,92,0,0,13,0,13,15,59,31,0,105,6,0,6,111
02/23/2010,CID,IA,ACE,CE,Combined TRACON& Tower with Radar,47,65,31,1,144,0,0,1,0,1,47,65,32,1,145,26,0,26,171
02/24/2010,CID,IA,ACE,CE,Combined TRACON& Tower with Radar,17,63,53,2,135,0,0,22,0,22,17,63,75,2,157,10,0,10,167
02/25/2010,CID,IA,ACE,CE,Combined TRACON& Tower with Radar,25,68,50,3,146,0,0,37,3,40,25,68,87,6,186,26,0,26,212
02/26/2010,CID,IA,ACE,CE,Combined TRACON& Tower with Radar,18,65,17,0,100,0,0,32,0,32,18,65,49,0,132,6,0,6,138
02/27/2010,CID,IA,ACE,CE,Combined TRACON& Tower with Radar,12,36,21,0,69,0,0,55,0,55,12,36,76,0,124,70,0,70,194
02/28/2010,CID,IA,ACE,CE,Combined TRACON& Tower with Radar,14,59,17,0,90,0,0,30,0,30,14,59,47,0,120,40,0,40,160
03/01/2010,CID,IA,ACE,CE,Combined TRACON& Tower with Radar,17,61,26,0,104,0,0,23,0,23,17,61,49,0,127,42,0,42,169
03/02/2010,CID,IA,ACE,CE,Combined TRACON& Tower with Radar,18,71,30,3,122,0,0,23,0,23,18,71,53,3,145,4,0,4,149
03/03/2010,CID,IA,ACE,CE,Combined TRACON& Tower with Radar,24,62,24,0,110,0,0,27,0,27,24,62,51,0,137,22,0,22,159
03/04/2010,CID,IA,ACE,CE,Combined TRACON& Tower with Radar,29,64,26,0,119,0,0,24,0,24,29,64,50,0,143,22,0,22,165
03/05/2010,CID,IA,ACE,CE,Combined TRACON& Tower with Radar,19,63,20,0,102,0,0,27,0,27,19,63,47,0,129,22,0,22,151
03/06/2010,CID,IA,ACE,CE,Combined TRACON& Tower with Radar,10,36,18,0,64,0,0,43,0,43,10,36,61,0,107,50,0,50,157
03/07/2010,CID,IA,ACE,CE,Combined TRACON& Tower with Radar,14,54,35,0,103,0,0,3,0,3,14,54,38,0,106,24,0,24,130
03/08/2010,CID,IA,ACE,CE,Combined TRACON& Tower with Radar,11,53,32,0,96,0,0,0,0,0,11,53,32,0,96,0,0,0,96
03/09/2010,CID,IA,ACE,CE,Combined TRACON& Tower with Radar,14,53,17,0,84,0,0,0,0,0,14,53,17,0,84,0,0,0,84
03/10/2010,CID,IA,ACE,CE,Combined TRACON& Tower with Radar,23,57,44,0,124,0,0,4,0,4,23,57,48,0,128,0,0,0,128
03/11/2010,CID,IA,ACE,CE,Combined TRACON& Tower with Radar,27,61,32,6,126,0,0,3,0,3,27,61,35,6,129,4,0,4,133
03/12/2010,CID,IA,ACE,CE,Combined TRACON& Tower with Radar,20,65,44,0,129,0,0,8,0,8,20,65,52,0,137,0,0,0,137
03/13/2010,CID,IA,ACE,CE,Combined TRACON& Tower with Radar,17,35,21,0,73,0,0,0,0,0,17,35,21,0,73,0,0,0,73
03/14/2010,CID,IA,ACE,CE,Combined TRACON& Tower with Radar,16,58,23,2,99,0,0,26,0,26,16,58,49,2,125,6,0,6,131
03/15/2010,CID,IA,ACE,CE,Combined TRACON& Tower with Radar,19,60,32,0,111,0,0,46,0,46,19,60,78,0,157,38,0,38,195
03/16/2010,CID,IA,ACE,CE,Combined TRACON& Tower with Radar,24,63,31,0,118,0,1,11,0,12,24,64,42,0,130,12,0,12,142
03/17/2010,CID,IA,ACE,CE,Combined TRACON& Tower with Radar,21,57,31,0,109,0,0,19,0,19,21,57,50,0,128,38,0,38,166
03/18/2010,CID,IA,ACE,CE,Combined TRACON& Tower with Radar,27,64,42,0,133,0,0,34,0,34,27,64,76,0,167,46,0,46,213
03/19/2010,CID,IA,ACE,CE,Combined TRACON& Tower with Radar,19,64,28,0,111,0,0,10,2,12,19,64,38,2,123,0,0,0,123
03/20/2010,CID,IA,ACE,CE,Combined TRACON& Tower with Radar,16,36,7,0,59,0,0,11,0,11,16,36,18,0,70,4,0,4,74
03/21/2010,CID,IA,ACE,CE,Combined TRACON& Tower with Radar,16,52,19,0,87,0,0,43,0,43,16,52,62,0,130,28,0,28,158
03/22/2010,CID,IA,ACE,CE,Combined TRACON& Tower with Radar,19,62,23,2,106,0,0,40,2,42,19,62,63,4,148,50,0,50,198
03/23/2010,CID,IA,ACE,CE,Combined TRACON& Tower with Radar,24,66,37,2,129,0,0,39,0,39,24,66,76,2,168,22,0,22,190
03/24/2010,CID,IA,ACE,CE,Combined TRACON& Tower with Radar,25,59,31,1,116,0,0,16,0,16,25,59,47,1,132,2,0,2,134
03/25/2010,CID,IA,ACE,CE,Combined TRACON& Tower with Radar,27,64,36,3,130,0,1,14,4,19,27,65,50,7,149,8,0,8,157
03/26/2010,CID,IA,ACE,CE,Combined TRACON& Tower with Radar,23,70,30,5,128,0,0,33,0,33,23,70,63,5,161,26,0,26,187
03/27/2010,CID,IA,ACE,CE,Combined TRACON& Tower with Radar,14,37,17,0,68,0,0,21,0,21,14,37,38,0,89,24,0,24,113
03/28/2010,CID,IA,ACE,CE,Combined TRACON& Tower with Radar,16,57,26,0,99,0,0,21,0,21,16,57,47,0,120,18,0,18,138
03/29/2010,CID,IA,ACE,CE,Combined TRACON& Tower with Radar,19,59,37,0,115,0,1,40,0,41,19,60,77,0,156,22,0,22,178
03/30/2010,CID,IA,ACE,CE,Combined TRACON& Tower with Radar,25,65,22,0,112,0,0,18,0,18,25,65,40,0,130,4,0,4,134
03/31/2010,CID,IA,ACE,CE,Combined TRACON& Tower with Radar,18,59,28,0,105,0,0,39,0,39,18,59,67,0,144,20,0,20,164
04/01/2010,CID,IA,ACE,CE,Combined TRACON& Tower with Radar,25,60,29,2,116,0,0,18,0,18,25,60,47,2,134,2,0,2,136
04/02/2010,CID,IA,ACE,CE,Combined TRACON& Tower with Radar,22,66,29,0,117,0,0,20,0,20,22,66,49,0,137,12,0,12,149
04/03/2010,CID,IA,ACE,CE,Combined TRACON& Tower with Radar,15,34,16,0,65,0,0,45,0,45,15,34,61,0,110,36,0,36,146
04/04/2010,CID,IA,ACE,CE,Combined TRACON& Tower with Radar,16,50,13,0,79,0,0,17,0,17,16,50,30,0,96,0,0,0,96
04/05/2010,CID,IA,ACE,CE,Combined TRACON& Tower with Radar,17,61,39,0,117,0,0,18,0,18,17,61,57,0,135,2,0,2,137
04/06/2010,CID,IA,ACE,CE,Combined TRACON& Tower with Radar,18,58,38,0,114,0,0,14,0,14,18,58,52,0,128,10,0,10,138
04/07/2010,CID,IA,ACE,CE,Combined TRACON& Tower with Radar,19,64,32,0,115,0,0,0,0,0,19,64,32,0,115,0,0,0,115
04/08/2010,CID,IA,ACE,CE,Combined TRACON& Tower with Radar,23,54,41,2,120,0,0,23,0,23,23,54,64,2,143,1,0,1,144
04/09/2010,CID,IA,ACE,CE,Combined TRACON& Tower with Radar,17,62,18,4,101,0,0,49,0,49,17,62,67,4,150,60,0,60,210
04/10/2010,CID,IA,ACE,CE,Combined TRACON& Tower with Radar,9,37,8,0,54,0,0,49,0,49,9,37,57,0,103,72,0,72,175
04/11/2010,CID,IA,ACE,CE,Combined TRACON& Tower with Radar,16,55,13,0,84,0,0,55,1,56,16,55,68,1,140,20,0,20,160
04/12/2010,CID,IA,ACE,CE,Combined TRACON& Tower with Radar,15,63,21,0,99,0,0,23,2,25,15,63,44,2,124,10,0,10,134
04/13/2010,CID,IA,ACE,CE,Combined TRACON& Tower with Radar,19,65,29,0,113,0,0,26,0,26,19,65,55,0,139,40,0,40,179
04/14/2010,CID,IA,ACE,CE,Combined TRACON& Tower with Radar,21,59,40,0,120,0,0,31,0,31,21,59,71,0,151,40,0,40,191
04/15/2010,CID,IA,ACE,CE,Combined TRACON& Tower with Radar,22,57,27,7,113,0,0,11,1,12,22,57,38,8,125,4,0,4,129
04/16/2010,CID,IA,ACE,CE,Combined TRACON& Tower with Radar,14,68,44,0,126,0,0,27,0,27,14,68,71,0,153,0,0,0,153
04/17/2010,CID,IA,ACE,CE,Combined TRACON& Tower with Radar,8,37,23,0,68,0,0,43,0,43,8,37,66,0,111,38,0,38,149
04/18/2010,CID,IA,ACE,CE,Combined TRACON& Tower with Radar,13,58,27,1,99,0,0,71,0,71,13,58,98,1,170,76,0,76,246
04/19/2010,CID,IA,ACE,CE,Combined TRACON& Tower with Radar,15,64,38,0,117,0,0,44,0,44,15,64,82,0,161,42,0,42,203
04/20/2010,CID,IA,ACE,CE,Combined TRACON& Tower with Radar,16,65,37,7,125,0,1,45,0,46,16,66,82,7,171,0,6,6,177
04/21/2010,CID,IA,ACE,CE,Combined TRACON& Tower with Radar,18,59,54,3,134,0,0,32,1,33,18,59,86,4,167,51,0,51,218
04/22/2010,CID,IA,ACE,CE,Combined TRACON& Tower with Radar,23,57,49,8,137,0,3,46,0,49,23,60,95,8,186,8,0,8,194
04/23/2010,CID,IA,ACE,CE,Combined TRACON& Tower with Radar,18,71,15,0,104,0,0,1,0,1,18,71,16,0,105,0,0,0,105
04/24/2010,CID,IA,ACE,CE,Combined TRACON& Tower with Radar,11,35,17,0,63,0,0,0,0,0,11,35,17,0,63,0,0,0,63
04/25/2010,CID,IA,ACE,CE,Combined TRACON& Tower with Radar,12,49,18,0,79,0,0,3,0,3,12,49,21,0,82,0,0,0,82
04/26/2010,CID,IA,ACE,CE,Combined TRACON& Tower with Radar,15,63,28,0,106,0,0,26,0,26,15,63,54,0,132,26,0,26,158
04/27/2010,CID,IA,ACE,CE,Combined TRACON& Tower with Radar,17,66,33,2,118,0,0,45,0,45,17,66,78,2,163,44,0,44,207
04/28/2010,CID,IA,ACE,CE,Combined TRACON& Tower with Radar,20,63,41,0,124,0,0,37,0,37,20,63,78,0,161,0,0,0,161
04/29/2010,CID,IA,ACE,CE,Combined TRACON& Tower with Radar,22,62,36,0,120,0,1,7,0,8,22,63,43,0,128,0,0,0,128
04/30/2010,CID,IA,ACE,CE,Combined TRACON& Tower with Radar,15,62,17,0,94,0,1,9,0,10,15,63,26,0,104,4,0,4,108
05/01/2010,CID,IA,ACE,CE,Combined TRACON& Tower with Radar,10,38,28,0,76,0,0,29,0,29,10,38,57,0,105,10,0,10,115
05/02/2010,CID,IA,ACE,CE,Combined TRACON& Tower with Radar,10,55,20,0,85,0,0,29,0,29,10,55,49,0,114,26,0,26,140
05/03/2010,CID,IA,ACE,CE,Combined TRACON& Tower with Radar,11,67,17,1,96,0,0,22,1,23,11,67,39,2,119,2,0,2,121
05/04/2010,CID,IA,ACE,CE,Combined TRACON& Tower with Radar,13,72,30,0,115,0,0,11,0,11,13,72,41,0,126,6,0,6,132
05/05/2010,CID,IA,ACE,CE,Combined TRACON& Tower with Radar,14,67,34,0,115,0,0,19,0,19,14,67,53,0,134,24,0,24,158
05/06/2010,CID,IA,ACE,CE,Combined TRACON& Tower with Radar,19,69,53,0,141,0,0,41,0,41,19,69,94,0,182,44,0,44,226
05/07/2010,CID,IA,ACE,CE,Combined TRACON& Tower with Radar,11,65,31,2,109,0,0,1,0,1,11,65,32,2,110,4,0,4,114
05/08/2010,CID,IA,ACE,CE,Combined TRACON& Tower with Radar,9,41,23,0,73,0,0,11,1,12,9,41,34,1,85,12,0,12,97
05/09/2010,CID,IA,ACE,CE,Combined TRACON& Tower with Radar,10,56,11,0,77,0,0,39,1,40,10,56,50,1,117,22,0,22,139
05/10/2010,CID,IA,ACE,CE,Combined TRACON& Tower with Radar,11,69,41,0,121,0,0,13,0,13,11,69,54,0,134,10,0,10,144
05/11/2010,CID,IA,ACE,CE,Combined TRACON& Tower with Radar,15,69,50,1,135,0,0,3,0,3,15,69,53,1,138,8,0,8,146
05/12/2010,CID,IA,ACE,CE,Combined TRACON& Tower with Radar,16,64,31,0,111,0,0,0,0,0,16,64,31,0,111,0,0,0,111
05/13/2010,CID,IA,ACE,CE,Combined TRACON& Tower with Radar,22,71,44,0,137,0,0,6,0,6,22,71,50,0,143,4,0,4,147
05/14/2010,CID,IA,ACE,CE,Combined TRACON& Tower with Radar,15,64,52,0,131,0,0,70,0,70,15,64,122,0,201,22,0,22,223
05/15/2010,CID,IA,ACE,CE,Combined TRACON& Tower with Radar,10,38,31,2,81,0,0,67,0,67,10,38,98,2,148,50,0,50,198
05/16/2010,CID,IA,ACE,CE,Combined TRACON& Tower with Radar,10,56,16,7,89,0,0,23,2,25,10,56,39,9,114,52,0,52,166
05/17/2010,CID,IA,ACE,CE,Combined TRACON& Tower with Radar,11,67,30,3,111,0,0,36,0,36,11,67,66,3,147,16,4,20,167
05/18/2010,CID,IA,ACE,CE,Combined TRACON& Tower with Radar,15,73,31,3,122,0,0,27,0,27,15,73,58,3,149,22,0,22,171
05/19/2010,CID,IA,ACE,CE,Combined TRACON& Tower with Radar,17,69,42,0,128,0,0,42,0,42,17,69,84,0,170,64,0,64,234
05/20/2010,CID,IA,ACE,CE,Combined TRACON& Tower with Radar,18,63,36,0,117,0,0,13,0,13,18,63,49,0,130,8,0,8,138
05/21/2010,CID,IA,ACE,CE,Combined TRACON& Tower with Radar,13,61,48,1,123,0,0,15,0,15,13,61,63,1,138,0,0,0,138
05/22/2010,CID,IA,ACE,CE,Combined TRACON& Tower with Radar,10,35,28,1,74,0,0,49,0,49,10,35,77,1,123,30,0,30,153
05/23/2010,CID,IA,ACE,CE,Combined TRACON& Tower with Radar,10,56,19,0,85,0,0,14,0,14,10,56,33,0,99,20,0,20,119
05/24/2010,CID,IA,ACE,CE,Combined TRACON& Tower with Radar,11,64,29,0,104,0,0,17,0,17,11,64,46,0,121,28,0,28,149
05/25/2010,CID,IA,ACE,CE,Combined TRACON& Tower with Radar,15,69,30,0,114,0,0,10,0,10,15,69,40,0,124,6,0,6,130
05/26/2010,CID,IA,ACE,CE,Combined TRACON& Tower with Radar,16,67,52,0,135,0,0,25,0,25,16,67,77,0,160,36,0,36,196
05/27/2010,CID,IA,ACE,CE,Combined TRACON& Tower with Radar,18,63,31,0,112,0,0,48,0,48,18,63,79,0,160,60,0,60,220
05/28/2010,CID,IA,ACE,CE,Combined TRACON& Tower with Radar,11,69,30,0,110,0,0,44,0,44,11,69,74,0,154,16,0,16,170
05/29/2010,CID,IA,ACE,CE,Combined TRACON& Tower with Radar,11,34,17,0,62,0,0,44,1,45,11,34,61,1,107,20,0,20,127
05/30/2010,CID,IA,ACE,CE,Combined TRACON& Tower with Radar,9,42,22,0,73,0,0,31,0,31,9,42,53,0,104,16,0,16,120
05/31/2010,CID,IA,ACE,CE,Combined TRACON& Tower with Radar,9,46,22,0,77,0,0,20,0,20,9,46,42,0,97,12,0,12,109
06/01/2010,CID,IA,ACE,CE,Combined TRACON& Tower with Radar,11,66,35,0,112,0,0,38,0,38,11,66,73,0,150,38,0,38,188
06/02/2010,CID,IA,ACE,CE,Combined TRACON& Tower with Radar,12,71,42,0,125,0,0,13,0,13,12,71,55,0,138,0,0,0,138
06/03/2010,CID,IA,ACE,CE,Combined TRACON& Tower with Radar,18,64,59,0,141,0,0,37,0,37,18,64,96,0,178,40,0,40,218
06/04/2010,CID,IA,ACE,CE,Combined TRACON& Tower with Radar,16,72,30,0,118,0,0,18,0,18,16,72,48,0,136,8,0,8,144
06/05/2010,CID,IA,ACE,CE,Combined TRACON& Tower with Radar,6,44,13,0,63,0,0,6,0,6,6,44,19,0,69,0,0,0,69
06/06/2010,CID,IA,ACE,CE,Combined TRACON& Tower with Radar,7,59,18,0,84,0,0,45,0,45,7,59,63,0,129,78,0,78,207
06/07/2010,CID,IA,ACE,CE,Combined TRACON& Tower with Radar,13,68,27,0,108,0,0,23,0,23,13,68,50,0,131,20,0,20,151
06/08/2010,CID,IA,ACE,CE,Combined TRACON& Tower with Radar,13,68,29,0,110,0,0,7,0,7,13,68,36,0,117,0,0,0,117
06/09/2010,CID,IA,ACE,CE,Combined TRACON& Tower with Radar,14,67,42,0,123,0,0,47,0,47,14,67,89,0,170,18,0,18,188
06/10/2010,CID,IA,ACE,CE,Combined TRACON& Tower with Radar,16,66,30,0,112,0,0,24,0,24,16,66,54,0,136,8,0,8,144
06/11/2010,CID,IA,ACE,CE,Combined TRACON& Tower with Radar,13,77,26,2,118,0,0,18,0,18,13,77,44,2,136,14,0,14,150
06/12/2010,CID,IA,ACE,CE,Combined TRACON& Tower with Radar,11,34,15,0,60,0,0,5,0,5,11,34,20,0,65,20,0,20,85
06/13/2010,CID,IA,ACE,CE,Combined TRACON& Tower with Radar,14,45,12,0,71,0,0,5,0,5,14,45,17,0,76,0,0,0,76
06/14/2010,CID,IA,ACE,CE,Combined TRACON& Tower with Radar,11,63,35,0,109,0,0,7,0,7,11,63,42,0,116,4,0,4,120
06/15/2010,CID,IA,ACE,CE,Combined TRACON& Tower with Radar,11,70,35,0,116,0,0,12,0,12,11,70,47,0,128,6,0,6,134
06/16/2010,CID,IA,ACE,CE,Combined TRACON& Tower with Radar,9,68,43,0,120,0,0,71,0,71,9,68,114,0,191,40,0,40,231
06/17/2010,CID,IA,ACE,CE,Combined TRACON& Tower with Radar,14,74,28,0,116,0,0,14,2,16,14,74,42,2,132,12,0,12,144
06/18/2010,CID,IA,ACE,CE,Combined TRACON& Tower with Radar,20,73,30,0,123,0,0,3,3,6,20,73,33,3,129,12,0,12,141
06/19/2010,CID,IA,ACE,CE,Combined TRACON& Tower with Radar,11,41,7,0,59,0,0,45,9,54,11,41,52,9,113,24,0,24,137
06/20/2010,CID,IA,ACE,CE,Combined TRACON& Tower with Radar,12,53,8,0,73,0,0,16,0,16,12,53,24,0,89,0,0,0,89
06/21/2010,CID,IA,ACE,CE,Combined TRACON& Tower with Radar,10,64,30,0,104,0,0,11,0,11,10,64,41,0,115,18,0,18,133
06/22/2010,CID,IA,ACE,CE,Combined TRACON& Tower with Radar,16,74,37,0,127,0,0,22,0,22,16,74,59,0,149,0,0,0,149
06/23/2010,CID,IA,ACE,CE,Combined TRACON& Tower with Radar,11,58,32,0,101,0,0,17,0,17,11,58,49,0,118,12,0,12,130
06/24/2010,CID,IA,ACE,CE,Combined TRACON& Tower with Radar,14,65,50,2,131,0,1,58,0,59,14,66,108,2,190,0,0,0,190
06/25/2010,CID,IA,ACE,CE,Combined TRACON& Tower with Radar,11,71,33,2,117,0,0,43,0,43,11,71,76,2,160,41,0,41,201
06/26/2010,CID,IA,ACE,CE,Combined TRACON& Tower with Radar,15,42,6,0,63,0,0,21,0,21,15,42,27,0,84,0,0,0,84
06/27/2010,CID,IA,ACE,CE,Combined TRACON& Tower with Radar,13,47,24,0,84,0,0,13,0,13,13,47,37,0,97,44,0,44,141
06/28/2010,CID,IA,ACE,CE,Combined TRACON& Tower with Radar,11,69,29,0,109,0,0,31,0,31,11,69,60,0,140,48,0,48,188
06/29/2010,CID,IA,ACE,CE,Combined TRACON& Tower with Radar,13,73,32,0,118,0,0,36,0,36,13,73,68,0,154,34,0,34,188
06/30/2010,CID,IA,ACE,CE,Combined TRACON& Tower with Radar,11,67,31,2,111,0,0,57,2,59,11,67,88,4,170,46,0,46,216
07/01/2010,CID,IA,ACE,CE,Combined TRACON& Tower with Radar,15,68,38,0,121,0,0,39,0,39,15,68,77,0,160,16,0,16,176
07/02/2010,CID,IA,ACE,CE,Combined TRACON& Tower with Radar,15,75,20,0,110,0,0,28,1,29,15,75,48,1,139,6,0,6,145
07/03/2010,CID,IA,ACE,CE,Combined TRACON& Tower with Radar,11,41,11,0,63,0,0,29,0,29,11,41,40,0,92,0,0,0,92
07/04/2010,CID,IA,ACE,CE,Combined TRACON& Tower with Radar,10,41,6,0,57,0,1,12,0,13,10,42,18,0,70,14,0,14,84
07/05/2010,CID,IA,ACE,CE,Combined TRACON& Tower with Radar,8,57,14,0,79,0,0,1,0,1,8,57,15,0,80,0,0,0,80
07/06/2010,CID,IA,ACE,CE,Combined TRACON& Tower with Radar,10,79,17,0,106,0,0,15,0,15,10,79,32,0,121,0,0,0,121
07/07/2010,CID,IA,ACE,CE,Combined TRACON& Tower with Radar,8,75,23,0,106,0,0,8,0,8,8,75,31,0,114,0,0,0,114
07/08/2010,CID,IA,ACE,CE,Combined TRACON& Tower with Radar,12,70,32,0,114,0,0,25,0,25,12,70,57,0,139,0,0,0,139
07/09/2010,CID,IA,ACE,CE,Combined TRACON& Tower with Radar,12,70,31,0,113,0,0,63,1,64,12,70,94,1,177,4,0,4,181
07/10/2010,CID,IA,ACE,CE,Combined TRACON& Tower with Radar,8,46,11,0,65,0,0,54,0,54,8,46,65,0,119,34,0,34,153
07/11/2010,CID,IA,ACE,CE,Combined TRACON& Tower with Radar,12,54,14,0,80,0,0,17,1,18,12,54,31,1,98,0,0,0,98
07/12/2010,CID,IA,ACE,CE,Combined TRACON& Tower with Radar,8,65,28,0,101,0,0,10,0,10,8,65,38,0,111,0,0,0,111
07/13/2010,CID,IA,ACE,CE,Combined TRACON& Tower with Radar,7,73,37,0,117,0,0,27,0,27,7,73,64,0,144,0,0,0,144
07/14/2010,CID,IA,ACE,CE,Combined TRACON& Tower with Radar,7,70,44,0,121,0,0,24,0,24,7,70,68,0,145,0,0,0,145
07/15/2010,CID,IA,ACE,CE,Combined TRACON& Tower with Radar,13,74,42,0,129,0,0,51,0,51,13,74,93,0,180,0,0,0,180
07/16/2010,CID,IA,ACE,CE,Combined TRACON& Tower with Radar,12,73,23,0,108,0,0,42,1,43,12,73,65,1,151,0,0,0,151
07/17/2010,CID,IA,ACE,CE,Combined TRACON& Tower with Radar,8,47,9,0,64,0,0,47,0,47,8,47,56,0,111,12,0,12,123
07/18/2010,CID,IA,ACE,CE,Combined TRACON& Tower with Radar,11,50,21,0,82,0,0,26,0,26,11,50,47,0,108,0,0,0,108
07/19/2010,CID,IA,ACE,CE,Combined TRACON& Tower with Radar,8,70,43,0,121,0,0,9,0,9,8,70,52,0,130,0,0,0,130
07/20/2010,CID,IA,ACE,CE,Combined TRACON& Tower with Radar,12,73,32,2,119,0,1,25,2,28,12,74,57,4,147,2,0,2,149
07/21/2010,CID,IA,ACE,CE,Combined TRACON& Tower with Radar,7,78,30,0,115,0,0,37,15,52,7,78,67,15,167,2,0,2,169
07/22/2010,CID,IA,ACE,CE,Combined TRACON& Tower with Radar,14,75,37,0,126,0,0,14,0,14,14,75,51,0,140,0,0,0,140
07/23/2010,CID,IA,ACE,CE,Combined TRACON& Tower with Radar,12,72,20,0,104,0,0,15,0,15,12,72,35,0,119,0,0,0,119
07/24/2010,CID,IA,ACE,CE,Combined TRACON& Tower with Radar,8,52,15,2,77,0,0,7,0,7,8,52,22,2,84,24,0,24,108
07/25/2010,CID,IA,ACE,CE,Combined TRACON& Tower with Radar,14,49,26,0,89,0,0,59,0,59,14,49,85,0,148,0,0,0,148
07/26/2010,CID,IA,ACE,CE,Combined TRACON& Tower with Radar,5,59,32,1,97,0,0,38,1,39,5,59,70,2,136,22,0,22,158
07/27/2010,CID,IA,ACE,CE,Combined TRACON& Tower with Radar,8,78,41,0,127,0,0,40,0,40,8,78,81,0,167,0,0,0,167
07/28/2010,CID,IA,ACE,CE,Combined TRACON& Tower with Radar,7,69,37,0,113,0,0,18,2,20,7,69,55,2,133,6,0,6,139
07/29/2010,CID,IA,ACE,CE,Combined TRACON& Tower with Radar,14,73,52,0,139,0,0,49,0,49,14,73,101,0,188,0,0,0,188
07/30/2010,CID,IA,ACE,CE,Combined TRACON& Tower with Radar,12,77,29,1,119,0,0,8,0,8,12,77,37,1,127,10,0,10,137
07/31/2010,CID,IA,ACE,CE,Combined TRACON& Tower with Radar,6,45,18,0,69,0,0,25,0,25,6,45,43,0,94,0,0,0,94
08/01/2010,CID,IA,ACE,CE,Combined TRACON& Tower with Radar,12,56,28,0,96,0,0,50,0,50,12,56,78,0,146,22,0,22,168
08/02/2010,CID,IA,ACE,CE,Combined TRACON& Tower with Radar,11,67,22,0,100,0,0,9,0,9,11,67,31,0,109,18,0,18,127
08/03/2010,CID,IA,ACE,CE,Combined TRACON& Tower with Radar,11,73,49,0,133,0,1,32,0,33,11,74,81,0,166,16,0,16,182
08/04/2010,CID,IA,ACE,CE,Combined TRACON& Tower with Radar,20,62,17,0,99,0,0,14,0,14,20,62,31,0,113,22,0,22,135
08/05/2010,CID,IA,ACE,CE,Combined TRACON& Tower with Radar,14,70,36,0,120,0,0,61,0,61,14,70,97,0,181,0,0,0,181
08/06/2010,CID,IA,ACE,CE,Combined TRACON& Tower with Radar,14,63,33,0,110,0,0,37,0,37,14,63,70,0,147,4,0,4,151
08/07/2010,CID,IA,ACE,CE,Combined TRACON& Tower with Radar,7,48,13,0,68,0,0,26,0,26,7,48,39,0,94,48,0,48,142
08/08/2010,CID,IA,ACE,CE,Combined TRACON& Tower with Radar,12,52,20,0,84,0,0,14,0,14,12,52,34,0,98,28,0,28,126
08/09/2010,CID,IA,ACE,CE,Combined TRACON& Tower with Radar,10,69,31,0,110,0,0,14,0,14,10,69,45,0,124,28,0,28,152
08/10/2010,CID,IA,ACE,CE,Combined TRACON& Tower with Radar,11,66,19,0,96,0,0,21,0,21,11,66,40,0,117,66,0,66,183
08/11/2010,CID,IA,ACE,CE,Combined TRACON& Tower with Radar,11,63,36,0,110,0,0,36,0,36,11,63,72,0,146,26,0,26,172
08/12/2010,CID,IA,ACE,CE,Combined TRACON& Tower with Radar,16,65,46,0,127,0,0,33,0,33,16,65,79,0,160,32,0,32,192
08/13/2010,CID,IA,ACE,CE,Combined TRACON& Tower with Radar,16,66,33,0,115,0,0,9,0,9,16,66,42,0,124,10,0,10,134
08/14/2010,CID,IA,ACE,CE,Combined TRACON& Tower with Radar,5,43,19,0,67,0,0,23,0,23,5,43,42,0,90,28,0,28,118
08/15/2010,CID,IA,ACE,CE,Combined TRACON& Tower with Radar,12,52,19,0,83,0,0,34,0,34,12,52,53,0,117,32,0,32,149
08/16/2010,CID,IA,ACE,CE,Combined TRACON& Tower with Radar,12,67,24,0,103,0,0,34,0,34,12,67,58,0,137,8,0,8,145
08/17/2010,CID,IA,ACE,CE,Combined TRACON& Tower with Radar,10,75,44,0,129,0,0,12,0,12,10,75,56,0,141,10,0,10,151
08/18/2010,CID,IA,ACE,CE,Combined TRACON& Tower with Radar,9,67,29,2,107,0,0,33,0,33,9,67,62,2,140,0,0,0,140
08/19/2010,CID,IA,ACE,CE,Combined TRACON& Tower with Radar,17,64,42,1,124,0,0,47,1,48,17,64,89,2,172,26,0,26,198
08/20/2010,CID,IA,ACE,CE,Combined TRACON& Tower with Radar,12,71,33,0,116,0,0,6,0,6,12,71,39,0,122,12,0,12,134
08/21/2010,CID,IA,ACE,CE,Combined TRACON& Tower with Radar,10,57,15,0,82,0,0,16,0,16,10,57,31,0,98,42,0,42,140
08/22/2010,CID,IA,ACE,CE,Combined TRACON& Tower with Radar,12,49,23,0,84,0,0,51,1,52,12,49,74,1,136,30,0,30,166
08/23/2010,CID,IA,ACE,CE,Combined TRACON& Tower with Radar,12,64,32,0,108,0,0,42,0,42,12,64,74,0,150,30,0,30,180
08/24/2010,CID,IA,ACE,CE,Combined TRACON& Tower with Radar,19,66,33,0,118,0,0,28,0,28,19,66,61,0,146,66,0,66,212
08/25/2010,CID,IA,ACE,CE,Combined TRACON& Tower with Radar,16,60,26,2,104,0,0,26,0,26,16,60,52,2,130,62,0,62,192
08/26/2010,CID,IA,ACE,CE,Combined TRACON& Tower with Radar,23,57,43,0,123,0,0,52,0,52,23,57,95,0,175,28,0,28,203
08/27/2010,CID,IA,ACE,CE,Combined TRACON& Tower with Radar,19,66,23,0,108,0,0,45,0,45,19,66,68,0,153,12,0,12,165
08/28/2010,CID,IA,ACE,CE,Combined TRACON& Tower with Radar,11,41,14,0,66,0,0,53,0,53,11,41,67,0,119,44,0,44,163
08/29/2010,CID,IA,ACE,CE,Combined TRACON& Tower with Radar,11,52,9,0,72,0,0,37,0,37,11,52,46,0,109,12,0,12,121
08/30/2010,CID,IA,ACE,CE,Combined TRACON& Tower with Radar,17,62,23,0,102,0,1,34,0,35,17,63,57,0,137,52,0,52,189
08/31/2010,CID,IA,ACE,CE,Combined TRACON& Tower with Radar,19,63,23,0,105,0,0,6,0,6,19,63,29,0,111,0,0,0,111
09/01/2010,CID,IA,ACE,CE,Combined TRACON& Tower with Radar,29,82,21,0,132,0,0,5,0,5,29,82,26,0,137,0,0,0,137
09/02/2010,CID,IA,ACE,CE,Combined TRACON& Tower with Radar,24,55,29,0,108,0,0,13,0,13,24,55,42,0,121,0,0,0,121
09/03/2010,CID,IA,ACE,CE,Combined TRACON& Tower with Radar,19,60,27,1,107,0,0,17,0,17,19,60,44,1,124,0,0,0,124
09/04/2010,CID,IA,ACE,CE,Combined TRACON& Tower with Radar,5,43,12,0,60,0,0,43,0,43,5,43,55,0,103,60,0,60,163
09/05/2010,CID,IA,ACE,CE,Combined TRACON& Tower with Radar,12,38,3,0,53,0,0,19,0,19,12,38,22,0,72,10,0,10,82
09/06/2010,CID,IA,ACE,CE,Combined TRACON& Tower with Radar,10,50,16,0,76,0,0,11,0,11,10,50,27,0,87,16,0,16,103
09/07/2010,CID,IA,ACE,CE,Combined TRACON& Tower with Radar,18,56,22,0,96,0,0,18,0,18,18,56,40,0,114,14,0,14,128
09/08/2010,CID,IA,ACE,CE,Combined TRACON& Tower with Radar,16,59,27,1,103,0,0,47,0,47,16,59,74,1,150,0,0,0,150
09/09/2010,CID,IA,ACE,CE,Combined TRACON& Tower with Radar,23,59,57,0,139,0,0,41,0,41,23,59,98,0,180,40,0,40,220
09/10/2010,CID,IA,ACE,CE,Combined TRACON& Tower with Radar,20,62,30,2,114,0,0,22,2,24,20,62,52,4,138,16,0,16,154
09/11/2010,CID,IA,ACE,CE,Combined TRACON& Tower with Radar,14,33,11,0,58,0,0,30,1,31,14,33,41,1,89,18,0,18,107
09/12/2010,CID,IA,ACE,CE,Combined TRACON& Tower with Radar,10,57,16,0,83,0,0,43,1,44,10,57,59,1,127,16,0,16,143
09/13/2010,CID,IA,ACE,CE,Combined TRACON& Tower with Radar,15,58,29,0,102,0,0,41,0,41,15,58,70,0,143,18,0,18,161
09/14/2010,CID,IA,ACE,CE,Combined TRACON& Tower with Radar,25,59,50,0,134,0,0,29,2,31,25,59,79,2,165,6,0,6,171
09/15/2010,CID,IA,ACE,CE,Combined TRACON& Tower with Radar,16,59,32,0,107,0,0,18,2,20,16,59,50,2,127,8,0,8,135
09/16/2010,CID,IA,ACE,CE,Combined TRACON& Tower with Radar,23,61,50,0,134,0,0,17,0,17,23,61,67,0,151,23,0,23,174
09/17/2010,CID,IA,ACE,CE,Combined TRACON& Tower with Radar,22,55,33,0,110,0,0,43,0,43,22,55,76,0,153,24,0,24,177
09/18/2010,CID,IA,ACE,CE,Combined TRACON& Tower with Radar,15,30,9,0,54,0,0,8,0,8,15,30,17,0,62,6,0,6,68
09/19/2010,CID,IA,ACE,CE,Combined TRACON& Tower with Radar,20,38,33,0,91,0,0,0,0,0,20,38,33,0,91,0,0,0,91
09/20/2010,CID,IA,ACE,CE,Combined TRACON& Tower with Radar,19,59,24,0,102,0,0,26,1,27,19,59,50,1,129,4,0,4,133
09/21/2010,CID,IA,ACE,CE,Combined TRACON& Tower with Radar,17,62,21,0,100,0,0,10,0,10,17,62,31,0,110,0,0,0,110
09/22/2010,CID,IA,ACE,CE,Combined TRACON& Tower with Radar,21,56,34,0,111,0,0,5,2,7,21,56,39,2,118,2,0,2,120
09/23/2010,CID,IA,ACE,CE,Combined TRACON& Tower with Radar,22,60,36,0,118,0,0,15,0,15,22,60,51,0,133,4,0,4,137
09/24/2010,CID,IA,ACE,CE,Combined TRACON& Tower with Radar,21,59,31,0,111,0,1,11,0,12,21,60,42,0,123,4,0,4,127
09/25/2010,CID,IA,ACE,CE,Combined TRACON& Tower with Radar,19,27,17,0,63,0,0,12,0,12,19,27,29,0,75,32,0,32,107
09/26/2010,CID,IA,ACE,CE,Combined TRACON& Tower with Radar,10,56,17,0,83,0,0,64,0,64,10,56,81,0,147,78,0,78,225
09/27/2010,CID,IA,ACE,CE,Combined TRACON& Tower with Radar,15,58,23,0,96,0,1,41,0,42,15,59,64,0,138,50,0,50,188
09/28/2010,CID,IA,ACE,CE,Combined TRACON& Tower with Radar,18,60,33,0,111,0,0,31,0,31,18,60,64,0,142,32,0,32,174
09/29/2010,CID,IA,ACE,CE,Combined TRACON& Tower with Radar,16,66,43,0,125,0,0,45,0,45,16,66,88,0,170,40,0,40,210
09/30/2010,CID,IA,ACE,CE,Combined TRACON& Tower with Radar,20,60,42,2,124,0,0,35,1,36,20,60,77,3,160,36,0,36,196
10/01/2010,CID,IA,ACE,CE,Combined TRACON& Tower with Radar,21,67,37,0,125,0,0,47,2,49,21,67,84,2,174,36,0,36,210
10/02/2010,CID,IA,ACE,CE,Combined TRACON& Tower with Radar,14,32,16,0,62,0,0,17,0,17,14,32,33,0,79,0,0,0,79
10/03/2010,CID,IA,ACE,CE,Combined TRACON& Tower with Radar,9,63,22,0,94,0,0,47,0,47,9,63,69,0,141,8,0,8,149
10/04/2010,CID,IA,ACE,CE,Combined TRACON& Tower with Radar,17,59,30,0,106,0,0,31,0,31,17,59,61,0,137,26,0,26,163
10/05/2010,CID,IA,ACE,CE,Combined TRACON& Tower with Radar,17,65,47,4,133,0,0,32,0,32,17,65,79,4,165,74,0,74,239
10/06/2010,CID,IA,ACE,CE,Combined TRACON& Tower with Radar,18,61,33,0,112,0,0,51,0,51,18,61,84,0,163,46,0,46,209
10/07/2010,CID,IA,ACE,CE,Combined TRACON& Tower with Radar,19,59,44,0,122,0,0,36,0,36,19,59,80,0,158,18,0,18,176
10/08/2010,CID,IA,ACE,CE,Combined TRACON& Tower with Radar,19,64,32,0,115,0,0,38,0,38,19,64,70,0,153,38,0,38,191
10/09/2010,CID,IA,ACE,CE,Combined TRACON& Tower with Radar,14,36,20,0,70,0,0,62,1,63,14,36,82,1,133,22,0,22,155
10/10/2010,CID,IA,ACE,CE,Combined TRACON& Tower with Radar,11,53,10,0,74,0,0,35,0,35,11,53,45,0,109,50,0,50,159
10/11/2010,CID,IA,ACE,CE,Combined TRACON& Tower with Radar,18,52,27,0,97,0,0,28,0,28,18,52,55,0,125,12,0,12,137
10/12/2010,CID,IA,ACE,CE,Combined TRACON& Tower with Radar,15,58,30,0,103,0,0,22,0,22,15,58,52,0,125,42,0,42,167
10/13/2010,CID,IA,ACE,CE,Combined TRACON& Tower with Radar,18,62,29,0,109,0,0,15,0,15,18,62,44,0,124,22,0,22,146
10/14/2010,CID,IA,ACE,CE,Combined TRACON& Tower with Radar,21,65,35,0,121,0,1,16,0,17,21,66,51,0,138,4,0,4,142
10/15/2010,CID,IA,ACE,CE,Combined TRACON& Tower with Radar,23,62,23,0,108,0,0,32,0,32,23,62,55,0,140,58,0,58,198
10/16/2010,CID,IA,ACE,CE,Combined TRACON& Tower with Radar,16,35,22,3,76,0,0,31,0,31,16,35,53,3,107,8,0,8,115
10/17/2010,CID,IA,ACE,CE,Combined TRACON& Tower with Radar,11,60,16,0,87,0,0,39,0,39,11,60,55,0,126,38,0,38,164
10/18/2010,CID,IA,ACE,CE,Combined TRACON& Tower with Radar,16,58,20,1,95,0,0,20,2,22,16,58,40,3,117,2,0,2,119
10/19/2010,CID,IA,ACE,CE,Combined TRACON& Tower with Radar,15,58,44,0,117,0,0,38,0,38,15,58,82,0,155,66,0,66,221
10/20/2010,CID,IA,ACE,CE,Combined TRACON& Tower with Radar,18,56,28,0,102,0,0,33,0,33,18,56,61,0,135,10,0,10,145
10/21/2010,CID,IA,ACE,CE,Combined TRACON& Tower with Radar,21,56,29,0,106,0,0,58,0,58,21,56,87,0,164,40,0,40,204
10/22/2010,CID,IA,ACE,CE,Combined TRACON& Tower with Radar,18,65,34,0,117,0,0,54,0,54,18,65,88,0,171,0,0,0,171
10/23/2010,CID,IA,ACE,CE,Combined TRACON& Tower with Radar,13,34,20,0,67,0,0,9,0,9,13,34,29,0,76,28,0,28,104
10/24/2010,CID,IA,ACE,CE,Combined TRACON& Tower with Radar,11,55,28,0,94,0,0,4,0,4,11,55,32,0,98,12,0,12,110
10/25/2010,CID,IA,ACE,CE,Combined TRACON& Tower with Radar,16,58,28,0,102,0,0,17,0,17,16,58,45,0,119,2,0,2,121
10/26/2010,CID,IA,ACE,CE,Combined TRACON& Tower with Radar,16,55,32,2,105,0,0,1,0,1,16,55,33,2,106,0,0,0,106
10/27/2010,CID,IA,ACE,CE,Combined TRACON& Tower with Radar,20,48,44,0,112,0,0,5,0,5,20,48,49,0,117,0,0,0,117
10/28/2010,CID,IA,ACE,CE,Combined TRACON& Tower with Radar,22,63,39,0,124,0,0,6,0,6,22,63,45,0,130,10,0,10,140
10/29/2010,CID,IA,ACE,CE,Combined TRACON& Tower with Radar,20,63,19,0,102,0,1,40,0,41,20,64,59,0,143,34,0,34,177
10/30/2010,CID,IA,ACE,CE,Combined TRACON& Tower with Radar,18,39,7,0,64,0,3,32,0,35,18,42,39,0,99,20,0,20,119
10/31/2010,CID,IA,ACE,CE,Combined TRACON& Tower with Radar,12,50,13,0,75,0,0,39,0,39,12,50,52,0,114,34,0,34,148
11/01/2010,CID,IA,ACE,CE,Combined TRACON& Tower with Radar,13,65,21,0,99,0,0,39,0,39,13,65,60,0,138,18,0,18,156
11/02/2010,CID,IA,ACE,CE,Combined TRACON& Tower with Radar,16,62,33,0,111,0,0,40,0,40,16,62,73,0,151,34,0,34,185
11/03/2010,CID,IA,ACE,CE,Combined TRACON& Tower with Radar,20,57,31,0,108,0,0,34,0,34,20,57,65,0,142,4,0,4,146
11/04/2010,CID,IA,ACE,CE,Combined TRACON& Tower with Radar,19,59,25,1,104,0,0,8,1,9,19,59,33,2,113,0,0,0,113
11/05/2010,CID,IA,ACE,CE,Combined TRACON& Tower with Radar,15,64,28,0,107,0,0,27,0,27,15,64,55,0,134,4,0,4,138
11/06/2010,CID,IA,ACE,CE,Combined TRACON& Tower with Radar,15,32,23,0,70,0,0,58,0,58,15,32,81,0,128,10,0,10,138
11/07/2010,CID,IA,ACE,CE,Combined TRACON& Tower with Radar,9,51,17,0,77,0,0,33,0,33,9,51,50,0,110,6,0,6,116
11/08/2010,CID,IA,ACE,CE,Combined TRACON& Tower with Radar,13,61,17,2,93,0,0,22,0,22,13,61,39,2,115,4,0,4,119
11/09/2010,CID,IA,ACE,CE,Combined TRACON& Tower with Radar,12,65,32,0,109,0,0,37,0,37,12,65,69,0,146,14,0,14,160
11/10/2010,CID,IA,ACE,CE,Combined TRACON& Tower with Radar,16,62,42,2,122,0,1,28,0,29,16,63,70,2,151,2,0,2,153
11/11/2010,CID,IA,ACE,CE,Combined TRACON& Tower with Radar,19,57,37,0,113,0,0,17,0,17,19,57,54,0,130,0,0,0,130
11/12/2010,CID,IA,ACE,CE,Combined TRACON& Tower with Radar,13,66,26,0,105,0,0,16,0,16,13,66,42,0,121,14,0,14,135
11/13/2010,CID,IA,ACE,CE,Combined TRACON& Tower with Radar,13,31,13,0,57,0,0,8,0,8,13,31,21,0,65,0,0,0,65
11/14/2010,CID,IA,ACE,CE,Combined TRACON& Tower with Radar,13,53,20,0,86,0,0,39,0,39,13,53,59,0,125,64,0,64,189
11/15/2010,CID,IA,ACE,CE,Combined TRACON& Tower with Radar,11,63,14,0,88,0,0,22,0,22,11,63,36,0,110,10,0,10,120
11/16/2010,CID,IA,ACE,CE,Combined TRACON& Tower with Radar,13,61,40,0,114,0,1,10,0,11,13,62,50,0,125,16,0,16,141
11/17/2010,CID,IA,ACE,CE,Combined TRACON& Tower with Radar,16,57,42,0,115,0,0,7,0,7,16,57,49,0,122,0,0,0,122
11/18/2010,CID,IA,ACE,CE,Combined TRACON& Tower with Radar,17,59,35,0,111,0,0,22,0,22,17,59,57,0,133,24,0,24,157
11/19/2010,CID,IA,ACE,CE,Combined TRACON& Tower with Radar,18,70,54,1,143,0,0,20,1,21,18,70,74,2,164,34,0,34,198
11/20/2010,CID,IA,ACE,CE,Combined TRACON& Tower with Radar,13,37,19,0,69,0,0,39,2,41,13,37,58,2,110,18,0,18,128
11/21/2010,CID,IA,ACE,CE,Combined TRACON& Tower with Radar,12,48,15,5,80,0,0,1,0,1,12,48,16,5,81,0,0,0,81
11/22/2010,CID,IA,ACE,CE,Combined TRACON& Tower with Radar,11,55,8,0,74,0,0,2,0,2,11,55,10,0,76,0,0,0,76
11/23/2010,CID,IA,ACE,CE,Combined TRACON& Tower with Radar,21,63,41,2,127,0,0,58,0,58,21,63,99,2,185,36,0,36,221
11/24/2010,CID,IA,ACE,CE,Combined TRACON& Tower with Radar,22,57,6,0,85,0,0,2,0,2,22,57,8,0,87,12,0,12,99
11/25/2010,CID,IA,ACE,CE,Combined TRACON& Tower with Radar,9,35,5,0,49,0,0,4,0,4,9,35,9,0,53,0,0,0,53
11/26/2010,CID,IA,ACE,CE,Combined TRACON& Tower with Radar,20,56,13,0,89,0,0,20,0,20,20,56,33,0,109,2,0,2,111
11/27/2010,CID,IA,ACE,CE,Combined TRACON& Tower with Radar,14,52,13,0,79,0,0,25,0,25,14,52,38,0,104,48,0,48,152
11/28/2010,CID,IA,ACE,CE,Combined TRACON& Tower with Radar,14,55,21,0,90,0,0,22,1,23,14,55,43,1,113,18,0,18,131
11/29/2010,CID,IA,ACE,CE,Combined TRACON& Tower with Radar,19,63,15,0,97,0,0,2,0,2,19,63,17,0,99,0,0,0,99
11/30/2010,CID,IA,ACE,CE,Combined TRACON& Tower with Radar,15,67,23,0,105,0,0,6,0,6,15,67,29,0,111,2,0,2,113
12/01/2010,CID,IA,ACE,CE,Combined TRACON& Tower with Radar,17,58,48,0,123,0,0,22,0,22,17,58,70,0,145,2,0,2,147
12/02/2010,CID,IA,ACE,CE,Combined TRACON& Tower with Radar,18,61,36,0,115,0,0,13,0,13,18,61,49,0,128,20,0,20,148
12/03/2010,CID,IA,ACE,CE,Combined TRACON& Tower with Radar,16,64,22,0,102,0,0,9,0,9,16,64,31,0,111,0,0,0,111
12/04/2010,CID,IA,ACE,CE,Combined TRACON& Tower with Radar,15,28,7,0,50,0,0,2,0,2,15,28,9,0,52,0,0,0,52
12/05/2010,CID,IA,ACE,CE,Combined TRACON& Tower with Radar,9,46,18,0,73,0,0,12,0,12,9,46,30,0,85,10,0,10,95
12/06/2010,CID,IA,ACE,CE,Combined TRACON& Tower with Radar,15,59,14,0,88,0,0,7,0,7,15,59,21,0,95,0,0,0,95
12/07/2010,CID,IA,ACE,CE,Combined TRACON& Tower with Radar,15,64,38,0,117,0,0,16,0,16,15,64,54,0,133,0,0,0,133
12/08/2010,CID,IA,ACE,CE,Combined TRACON& Tower with Radar,18,58,36,0,112,0,0,24,0,24,18,58,60,0,136,0,0,0,136
12/09/2010,CID,IA,ACE,CE,Combined TRACON& Tower with Radar,18,58,33,0,109,0,0,10,0,10,18,58,43,0,119,6,0,6,125
12/10/2010,CID,IA,ACE,CE,Combined TRACON& Tower with Radar,18,65,35,0,118,0,0,30,0,30,18,65,65,0,148,36,0,36,184
12/11/2010,CID,IA,ACE,CE,Combined TRACON& Tower with Radar,14,28,5,0,47,0,0,0,0,0,14,28,5,0,47,0,0,0,47
12/12/2010,CID,IA,ACE,CE,Combined TRACON& Tower with Radar,10,35,9,0,54,0,0,2,0,2,10,35,11,0,56,0,0,0,56
12/13/2010,CID,IA,ACE,CE,Combined TRACON& Tower with Radar,15,62,17,0,94,0,0,8,0,8,15,62,25,0,102,11,0,11,113
12/14/2010,CID,IA,ACE,CE,Combined TRACON& Tower with Radar,15,68,39,0,122,0,0,15,0,15,15,68,54,0,137,0,0,0,137
12/15/2010,CID,IA,ACE,CE,Combined TRACON& Tower with Radar,16,69,29,0,114,0,0,4,0,4,16,69,33,0,118,0,0,0,118
12/16/2010,CID,IA,ACE,CE,Combined TRACON& Tower with Radar,24,62,37,2,125,0,0,2,0,2,24,62,39,2,127,0,0,0,127
12/17/2010,CID,IA,ACE,CE,Combined TRACON& Tower with Radar,23,65,23,2,113,0,0,16,0,16,23,65,39,2,129,0,0,0,129
12/18/2010,CID,IA,ACE,CE,Combined TRACON& Tower with Radar,15,45,11,0,71,0,0,34,0,34,15,45,45,0,105,18,0,18,123
12/19/2010,CID,IA,ACE,CE,Combined TRACON& Tower with Radar,16,43,8,0,67,0,0,14,0,14,16,43,22,0,81,20,0,20,101
12/20/2010,CID,IA,ACE,CE,Combined TRACON& Tower with Radar,27,55,8,0,90,0,0,0,0,0,27,55,8,0,90,0,0,0,90
12/21/2010,CID,IA,ACE,CE,Combined TRACON& Tower with Radar,27,53,27,0,107,0,0,12,0,12,27,53,39,0,119,18,0,18,137
12/22/2010,CID,IA,ACE,CE,Combined TRACON& Tower with Radar,29,58,26,0,113,0,0,6,0,6,29,58,32,0,119,8,0,8,127
12/23/2010,CID,IA,ACE,CE,Combined TRACON& Tower with Radar,28,54,13,0,95,0,0,6,0,6,28,54,19,0,101,2,0,2,103
12/24/2010,CID,IA,ACE,CE,Combined TRACON& Tower with Radar,17,45,4,0,66,0,0,0,0,0,17,45,4,0,66,0,0,0,66
12/25/2010,CID,IA,ACE,CE,Combined TRACON& Tower with Radar,12,32,5,0,49,0,0,2,0,2,12,32,7,0,51,0,0,0,51
12/26/2010,CID,IA,ACE,CE,Combined TRACON& Tower with Radar,25,49,7,0,81,0,0,0,0,0,25,49,7,0,81,0,0,0,81
12/27/2010,CID,IA,ACE,CE,Combined TRACON& Tower with Radar,20,58,16,0,94,0,1,5,0,6,20,59,21,0,100,0,0,0,100
12/28/2010,CID,IA,ACE,CE,Combined TRACON& Tower with Radar,21,67,26,1,115,0,0,25,1,26,21,67,51,2,141,12,0,12,153
12/29/2010,CID,IA,ACE,CE,Combined TRACON& Tower with Radar,16,32,9,0,57,0,0,3,0,3,16,32,12,0,60,0,0,0,60
12/30/2010,CID,IA,ACE,CE,Combined TRACON& Tower with Radar,16,29,5,0,50,0,0,2,0,2,16,29,7,0,52,0,0,0,52
12/31/2010,CID,IA,ACE,CE,Combined TRACON& Tower with Radar,18,42,5,0,65,0,0,0,0,0,18,42,5,0,65,0,0,0,65
01/01/2011,CID,IA,ACE,CE,Combined TRACON& Tower with Radar,13,36,3,0,52,0,0,3,2,5,13,36,6,2,57,11,0,11,68
01/02/2011,CID,IA,ACE,CE,Combined TRACON& Tower with Radar,23,41,20,0,84,0,0,38,0,38,23,41,58,0,122,18,0,18,140
01/03/2011,CID,IA,ACE,CE,Combined TRACON& Tower with Radar,18,61,21,0,100,0,0,34,0,34,18,61,55,0,134,20,0,20,154
01/04/2011,CID,IA,ACE,CE,Combined TRACON& Tower with Radar,13,66,21,0,100,0,0,19,0,19,13,66,40,0,119,6,0,6,125
01/05/2011,CID,IA,ACE,CE,Combined TRACON& Tower with Radar,18,58,24,0,100,0,0,17,0,17,18,58,41,0,117,4,0,4,121
01/06/2011,CID,IA,ACE,CE,Combined TRACON& Tower with Radar,18,60,30,0,108,0,0,7,0,7,18,60,37,0,115,24,0,24,139
01/07/2011,CID,IA,ACE,CE,Combined TRACON& Tower with Radar,17,62,11,0,90,0,0,2,0,2,17,62,13,0,92,8,0,8,100
01/08/2011,CID,IA,ACE,CE,Combined TRACON& Tower with Radar,11,39,3,0,53,0,0,31,1,32,11,39,34,1,85,36,0,36,121
01/09/2011,CID,IA,ACE,CE,Combined TRACON& Tower with Radar,6,56,17,1,80,0,0,23,0,23,6,56,40,1,103,12,0,12,115
01/10/2011,CID,IA,ACE,CE,Combined TRACON& Tower with Radar,15,59,18,0,92,0,0,6,0,6,15,59,24,0,98,0,0,0,98
01/11/2011,CID,IA,ACE,CE,Combined TRACON& Tower with Radar,12,54,29,0,95,0,0,0,0,0,12,54,29,0,95,0,0,0,95
01/12/2011,CID,IA,ACE,CE,Combined TRACON& Tower with Radar,16,60,40,2,118,0,0,2,0,2,16,60,42,2,120,0,0,0,120
01/13/2011,CID,IA,ACE,CE,Combined TRACON& Tower with Radar,19,61,47,2,129,0,0,4,0,4,19,61,51,2,133,0,0,0,133
01/14/2011,CID,IA,ACE,CE,Combined TRACON& Tower with Radar,16,60,27,0,103,0,0,11,0,11,16,60,38,0,114,2,0,2,116
01/15/2011,CID,IA,ACE,CE,Combined TRACON& Tower with Radar,10,36,11,0,57,0,0,11,0,11,10,36,22,0,68,20,0,20,88
01/16/2011,CID,IA,ACE,CE,Combined TRACON& Tower with Radar,7,51,14,0,72,0,0,14,0,14,7,51,28,0,86,20,0,20,106
01/17/2011,CID,IA,ACE,CE,Combined TRACON& Tower with Radar,14,45,28,0,87,0,0,0,0,0,14,45,28,0,87,0,0,0,87
01/18/2011,CID,IA,ACE,CE,Combined TRACON& Tower with Radar,14,59,34,0,107,0,0,3,0,3,14,59,37,0,110,0,0,0,110
01/19/2011,CID,IA,ACE,CE,Combined TRACON& Tower with Radar,14,65,38,0,117,0,0,13,2,15,14,65,51,2,132,0,0,0,132
01/20/2011,CID,IA,ACE,CE,Combined TRACON& Tower with Radar,20,60,30,0,110,0,0,11,0,11,20,60,41,0,121,2,0,2,123
01/21/2011,CID,IA,ACE,CE,Combined TRACON& Tower with Radar,18,61,19,0,98,0,0,7,0,7,18,61,26,0,105,0,0,0,105
01/22/2011,CID,IA,ACE,CE,Combined TRACON& Tower with Radar,10,35,5,0,50,0,0,4,0,4,10,35,9,0,54,2,0,2,56
01/23/2011,CID,IA,ACE,CE,Combined TRACON& Tower with Radar,7,57,11,0,75,0,0,14,0,14,7,57,25,0,89,24,0,24,113
01/24/2011,CID,IA,ACE,CE,Combined TRACON& Tower with Radar,14,61,27,0,102,0,0,1,0,1,14,61,28,0,103,0,0,0,103
01/25/2011,CID,IA,ACE,CE,Combined TRACON& Tower with Radar,15,64,30,3,112,0,0,12,0,12,15,64,42,3,124,8,4,12,136
01/26/2011,CID,IA,ACE,CE,Combined TRACON& Tower with Radar,16,65,16,1,98,0,0,0,0,0,16,65,16,1,98,0,0,0,98
01/27/2011,CID,IA,ACE,CE,Combined TRACON& Tower with Radar,18,56,37,0,111,0,0,10,0,10,18,56,47,0,121,22,0,22,143
01/28/2011,CID,IA,ACE,CE,Combined TRACON& Tower with Radar,18,63,21,0,102,0,0,0,0,0,18,63,21,0,102,0,0,0,102
01/29/2011,CID,IA,ACE,CE,Combined TRACON& Tower with Radar,10,34,35,0,79,0,0,39,0,39,10,34,74,0,118,87,0,87,205
01/30/2011,CID,IA,ACE,CE,Combined TRACON& Tower with Radar,7,62,20,0,89,0,0,6,0,6,7,62,26,0,95,10,0,10,105
01/31/2011,CID,IA,ACE,CE,Combined TRACON& Tower with Radar,7,44,14,0,65,0,0,3,0,3,7,44,17,0,68,0,0,0,68
02/01/2011,CID,IA,ACE,CE,Combined TRACON& Tower with Radar,10,29,16,0,55,0,0,1,0,1,10,29,17,0,56,0,0,0,56
02/02/2011,CID,IA,ACE,CE,Combined TRACON& Tower with Radar,13,22,5,0,40,0,0,2,0,2,13,22,7,0,42,0,0,0,42
02/03/2011,CID,IA,ACE,CE,Combined TRACON& Tower with Radar,16,49,20,2,87,0,0,5,2,7,16,49,25,4,94,2,0,2,96
02/04/2011,CID,IA,ACE,CE,Combined TRACON& Tower with Radar,24,53,17,0,94,0,0,18,0,18,24,53,35,0,112,16,0,16,128
02/05/2011,CID,IA,ACE,CE,Combined TRACON& Tower with Radar,14,30,6,0,50,0,0,39,0,39,14,30,45,0,89,64,0,64,153
02/06/2011,CID,IA,ACE,CE,Combined TRACON& Tower with Radar,9,49,9,0,67,0,0,0,0,0,9,49,9,0,67,12,0,12,79
02/07/2011,CID,IA,ACE,CE,Combined TRACON& Tower with Radar,19,51,6,0,76,0,0,7,0,7,19,51,13,0,83,0,0,0,83
02/08/2011,CID,IA,ACE,CE,Combined TRACON& Tower with Radar,19,55,31,1,106,0,0,8,0,8,19,55,39,1,114,2,0,2,116
02/09/2011,CID,IA,ACE,CE,Combined TRACON& Tower with Radar,22,53,24,0,99,0,0,7,0,7,22,53,31,0,106,0,0,0,106
02/10/2011,CID,IA,ACE,CE,Combined TRACON& Tower with Radar,23,52,31,3,109,0,0,21,0,21,23,52,52,3,130,12,0,12,142
02/11/2011,CID,IA,ACE,CE,Combined TRACON& Tower with Radar,21,55,28,0,104,0,0,12,0,12,21,55,40,0,116,0,0,0,116
02/12/2011,CID,IA,ACE,CE,Combined TRACON& Tower with Radar,14,36,28,0,78,0,0,45,0,45,14,36,73,0,123,44,0,44,167
02/13/2011,CID,IA,ACE,CE,Combined TRACON& Tower with Radar,10,49,18,0,77,0,0,46,0,46,10,49,64,0,123,16,0,16,139
02/14/2011,CID,IA,ACE,CE,Combined TRACON& Tower with Radar,20,60,14,0,94,0,0,18,0,18,20,60,32,0,112,0,0,0,112
02/15/2011,CID,IA,ACE,CE,Combined TRACON& Tower with Radar,18,63,37,0,118,0,0,8,0,8,18,63,45,0,126,0,0,0,126
02/16/2011,CID,IA,ACE,CE,Combined TRACON& Tower with Radar,18,42,30,1,91,0,0,0,0,0,18,42,30,1,91,0,0,0,91
02/17/2011,CID,IA,ACE,CE,Combined TRACON& Tower with Radar,23,60,36,0,119,0,0,10,0,10,23,60,46,0,129,0,0,0,129
02/18/2011,CID,IA,ACE,CE,Combined TRACON& Tower with Radar,22,64,19,0,105,0,0,31,0,31,22,64,50,0,136,20,0,20,156
02/19/2011,CID,IA,ACE,CE,Combined TRACON& Tower with Radar,17,34,19,0,70,0,0,34,0,34,17,34,53,0,104,14,0,14,118
02/20/2011,CID,IA,ACE,CE,Combined TRACON& Tower with Radar,8,39,12,0,59,0,0,0,0,0,8,39,12,0,59,0,0,0,59
02/21/2011,CID,IA,ACE,CE,Combined TRACON& Tower with Radar,15,44,14,2,75,0,0,0,0,0,15,44,14,2,75,0,0,0,75
02/22/2011,CID,IA,ACE,CE,Combined TRACON& Tower with Radar,15,55,30,0,100,0,0,7,0,7,15,55,37,0,107,28,0,28,135
02/23/2011,CID,IA,ACE,CE,Combined TRACON& Tower with Radar,21,63,31,2,117,0,0,14,0,14,21,63,45,2,131,0,0,0,131
02/24/2011,CID,IA,ACE,CE,Combined TRACON& Tower with Radar,21,55,45,0,121,0,0,0,0,0,21,55,45,0,121,0,0,0,121
02/25/2011,CID,IA,ACE,CE,Combined TRACON& Tower with Radar,24,65,10,0,99,0,0,9,0,9,24,65,19,0,108,8,0,8,116
02/26/2011,CID,IA,ACE,CE,Combined TRACON& Tower with Radar,14,35,8,0,57,0,0,1,0,1,14,35,9,0,58,0,0,0,58
02/27/2011,CID,IA,ACE,CE,Combined TRACON& Tower with Radar,10,49,19,0,78,0,0,0,0,0,10,49,19,0,78,0,0,0,78
02/28/2011,CID,IA,ACE,CE,Combined TRACON& Tower with Radar,19,60,19,0,98,0,0,18,0,18,19,60,37,0,116,6,0,6,122
03/01/2011,CID,IA,ACE,CE,Combined TRACON& Tower with Radar,18,64,28,2,112,0,0,32,0,32,18,64,60,2,144,0,0,0,144
03/02/2011,CID,IA,ACE,CE,Combined TRACON& Tower with Radar,20,60,31,1,112,0,0,32,1,33,20,60,63,2,145,0,0,0,145
03/03/2011,CID,IA,ACE,CE,Combined TRACON& Tower with Radar,20,64,27,1,112,0,0,10,1,11,20,64,37,2,123,0,0,0,123
03/04/2011,CID,IA,ACE,CE,Combined TRACON& Tower with Radar,21,62,19,0,102,0,0,4,0,4,21,62,23,0,106,0,0,0,106
03/05/2011,CID,IA,ACE,CE,Combined TRACON& Tower with Radar,12,40,12,0,64,0,0,4,0,4,12,40,16,0,68,0,0,0,68
03/06/2011,CID,IA,ACE,CE,Combined TRACON& Tower with Radar,14,51,31,0,96,0,0,50,0,50,14,51,81,0,146,0,0,0,146
03/07/2011,CID,IA,ACE,CE,Combined TRACON& Tower with Radar,14,66,35,0,115,0,0,0,0,0,14,66,35,0,115,0,0,0,115
03/08/2011,CID,IA,ACE,CE,Combined TRACON& Tower with Radar,16,64,17,0,97,0,4,1,0,5,16,68,18,0,102,0,0,0,102
03/09/2011,CID,IA,ACE,CE,Combined TRACON& Tower with Radar,16,61,21,0,98,0,0,0,0,0,16,61,21,0,98,0,0,0,98
03/10/2011,CID,IA,ACE,CE,Combined TRACON& Tower with Radar,16,60,55,0,131,0,0,15,0,15,16,60,70,0,146,0,0,0,146
03/11/2011,CID,IA,ACE,CE,Combined TRACON& Tower with Radar,16,67,33,0,116,0,1,41,0,42,16,68,74,0,158,0,0,0,158
03/12/2011,CID,IA,ACE,CE,Combined TRACON& Tower with Radar,12,41,11,0,64,0,0,9,0,9,12,41,20,0,73,0,0,0,73
03/13/2011,CID,IA,ACE,CE,Combined TRACON& Tower with Radar,11,52,22,0,85,0,0,15,0,15,11,52,37,0,100,0,0,0,100
03/14/2011,CID,IA,ACE,CE,Combined TRACON& Tower with Radar,17,62,18,0,97,0,0,23,0,23,17,62,41,0,120,0,0,0,120
03/15/2011,CID,IA,ACE,CE,Combined TRACON& Tower with Radar,17,66,34,0,117,0,0,47,2,49,17,66,81,2,166,0,0,0,166
03/16/2011,CID,IA,ACE,CE,Combined TRACON& Tower with Radar,19,68,22,2,111,0,0,37,2,39,19,68,59,4,150,0,0,0,150
03/17/2011,CID,IA,ACE,CE,Combined TRACON& Tower with Radar,17,67,32,0,116,0,0,16,0,16,17,67,48,0,132,0,0,0,132
03/18/2011,CID,IA,ACE,CE,Combined TRACON& Tower with Radar,17,66,25,0,108,0,0,44,0,44,17,66,69,0,152,0,0,0,152
03/19/2011,CID,IA,ACE,CE,Combined TRACON& Tower with Radar,17,42,15,0,74,0,0,37,1,38,17,42,52,1,112,0,0,0,112
03/20/2011,CID,IA,ACE,CE,Combined TRACON& Tower with Radar,11,55,12,0,78,0,0,0,0,0,11,55,12,0,78,0,0,0,78
03/21/2011,CID,IA,ACE,CE,Combined TRACON& Tower with Radar,18,64,21,0,103,0,0,5,0,5,18,64,26,0,108,0,0,0,108
03/22/2011,CID,IA,ACE,CE,Combined TRACON& Tower with Radar,15,64,34,0,113,0,0,0,0,0,15,64,34,0,113,0,0,0,113
03/23/2011,CID,IA,ACE,CE,Combined TRACON& Tower with Radar,19,57,30,0,106,0,0,2,0,2,19,57,32,0,108,0,0,0,108
03/24/2011,CID,IA,ACE,CE,Combined TRACON& Tower with Radar,19,60,43,2,124,0,0,49,0,49,19,60,92,2,173,0,0,0,173
03/25/2011,CID,IA,ACE,CE,Combined TRACON& Tower with Radar,16,62,7,0,85,0,0,14,0,14,16,62,21,0,99,0,0,0,99
03/26/2011,CID,IA,ACE,CE,Combined TRACON& Tower with Radar,14,41,15,0,70,0,0,21,0,21,14,41,36,0,91,0,0,0,91
03/27/2011,CID,IA,ACE,CE,Combined TRACON& Tower with Radar,11,56,16,0,83,0,0,37,0,37,11,56,53,0,120,0,0,0,120
03/28/2011,CID,IA,ACE,CE,Combined TRACON& Tower with Radar,12,60,14,0,86,0,0,22,0,22,12,60,36,0,108,0,0,0,108
03/29/2011,CID,IA,ACE,CE,Combined TRACON& Tower with Radar,24,62,43,0,129,0,0,22,0,22,24,62,65,0,151,0,0,0,151
03/30/2011,CID,IA,ACE,CE,Combined TRACON& Tower with Radar,18,58,36,0,112,0,0,53,0,53,18,58,89,0,165,0,0,0,165
03/31/2011,CID,IA,ACE,CE,Combined TRACON& Tower with Radar,15,58,26,2,101,0,0,21,0,21,15,58,47,2,122,0,0,0,122
04/01/2011,CID,IA,ACE,CE,Combined TRACON& Tower with Radar,16,67,19,0,102,0,0,14,1,15,16,67,33,1,117,0,0,0,117
04/02/2011,CID,IA,ACE,CE,Combined TRACON& Tower with Radar,15,39,9,0,63,0,0,59,1,60,15,39,68,1,123,68,0,68,191
04/03/2011,CID,IA,ACE,CE,Combined TRACON& Tower with Radar,8,47,12,0,67,0,0,5,0,5,8,47,17,0,72,24,0,24,96
04/04/2011,CID,IA,ACE,CE,Combined TRACON& Tower with Radar,10,66,13,0,89,0,0,3,0,3,10,66,16,0,92,0,0,0,92
04/05/2011,CID,IA,ACE,CE,Combined TRACON& Tower with Radar,16,60,36,0,112,0,0,43,0,43,16,60,79,0,155,46,0,46,201
04/06/2011,CID,IA,ACE,CE,Combined TRACON& Tower with Radar,16,63,47,0,126,0,0,43,0,43,16,63,90,0,169,26,0,26,195
04/07/2011,CID,IA,ACE,CE,Combined TRACON& Tower with Radar,15,59,34,0,108,0,0,15,0,15,15,59,49,0,123,18,0,18,141
04/08/2011,CID,IA,ACE,CE,Combined TRACON& Tower with Radar,13,62,31,0,106,0,0,6,0,6,13,62,37,0,112,34,0,34,146
04/09/2011,CID,IA,ACE,CE,Combined TRACON& Tower with Radar,13,40,14,0,67,0,0,16,0,16,13,40,30,0,83,16,0,16,99
04/10/2011,CID,IA,ACE,CE,Combined TRACON& Tower with Radar,6,51,14,0,71,0,0,10,0,10,6,51,24,0,81,36,0,36,117
04/11/2011,CID,IA,ACE,CE,Combined TRACON& Tower with Radar,11,67,22,0,100,0,0,17,0,17,11,67,39,0,117,34,0,34,151
04/12/2011,CID,IA,ACE,CE,Combined TRACON& Tower with Radar,17,65,43,2,127,0,0,47,0,47,17,65,90,2,174,20,6,26,200
04/13/2011,CID,IA,ACE,CE,Combined TRACON& Tower with Radar,16,63,41,0,120,0,0,48,0,48,16,63,89,0,168,20,0,20,188
04/14/2011,CID,IA,ACE,CE,Combined TRACON& Tower with Radar,15,62,26,0,103,0,0,10,0,10,15,62,36,0,113,0,0,0,113
04/15/2011,CID,IA,ACE,CE,Combined TRACON& Tower with Radar,12,64,7,2,85,0,0,0,0,0,12,64,7,2,85,0,0,0,85
04/16/2011,CID,IA,ACE,CE,Combined TRACON& Tower with Radar,9,44,5,0,58,0,0,1,0,1,9,44,6,0,59,0,0,0,59
04/17/2011,CID,IA,ACE,CE,Combined TRACON& Tower with Radar,6,55,19,0,80,0,0,28,0,28,6,55,47,0,108,0,0,0,108
04/18/2011,CID,IA,ACE,CE,Combined TRACON& Tower with Radar,12,67,25,0,104,0,0,3,0,3,12,67,28,0,107,40,0,40,147
04/19/2011,CID,IA,ACE,CE,Combined TRACON& Tower with Radar,12,55,23,0,90,0,0,0,0,0,12,55,23,0,90,0,0,0,90
04/20/2011,CID,IA,ACE,CE,Combined TRACON& Tower with Radar,18,66,25,0,109,0,0,15,0,15,18,66,40,0,124,0,0,0,124
04/21/2011,CID,IA,ACE,CE,Combined TRACON& Tower with Radar,15,61,44,2,122,0,0,27,0,27,15,61,71,2,149,14,0,14,163
04/22/2011,CID,IA,ACE,CE,Combined TRACON& Tower with Radar,14,58,20,0,92,0,0,0,0,0,14,58,20,0,92,0,0,0,92
04/23/2011,CID,IA,ACE,CE,Combined TRACON& Tower with Radar,9,35,15,0,59,0,0,38,0,38,9,35,53,0,97,100,0,100,197
04/24/2011,CID,IA,ACE,CE,Combined TRACON& Tower with Radar,6,50,6,0,62,0,1,26,0,27,6,51,32,0,89,28,0,28,117
04/25/2011,CID,IA,ACE,CE,Combined TRACON& Tower with Radar,12,70,30,0,112,0,0,28,0,28,12,70,58,0,140,10,0,10,150
04/26/2011,CID,IA,ACE,CE,Combined TRACON& Tower with Radar,17,59,27,2,105,0,0,0,0,0,17,59,27,2,105,0,0,0,105
04/27/2011,CID,IA,ACE,CE,Combined TRACON& Tower with Radar,13,60,39,0,112,0,0,15,0,15,13,60,54,0,127,58,0,58,185
04/28/2011,CID,IA,ACE,CE,Combined TRACON& Tower with Radar,14,63,34,0,111,0,0,15,0,15,14,63,49,0,126,30,0,30,156
04/29/2011,CID,IA,ACE,CE,Combined TRACON& Tower with Radar,13,41,25,0,79,0,1,28,0,29,13,42,53,0,108,44,0,44,152
04/30/2011,CID,IA,ACE,CE,Combined TRACON& Tower with Radar,10,36,4,0,50,0,0,9,0,9,10,36,13,0,59,40,0,40,99
05/01/2011,CID,IA,ACE,CE,Combined TRACON& Tower with Radar,5,49,29,0,83,0,0,37,1,38,5,49,66,1,121,14,0,14,135
05/02/2011,CID,IA,ACE,CE,Combined TRACON& Tower with Radar,12,61,28,0,101,0,0,31,0,31,12,61,59,0,132,28,0,28,160
05/03/2011,CID,IA,ACE,CE,Combined TRACON& Tower with Radar,11,70,38,0,119,0,0,32,0,32,11,70,70,0,151,16,0,16,167
05/04/2011,CID,IA,ACE,CE,Combined TRACON& Tower with Radar,16,61,21,0,98,0,0,37,0,37,16,61,58,0,135,66,0,66,201
05/05/2011,CID,IA,ACE,CE,Combined TRACON& Tower with Radar,15,71,30,0,116,0,0,4,0,4,15,71,34,0,120,0,0,0,120
05/06/2011,CID,IA,ACE,CE,Combined TRACON& Tower with Radar,15,73,15,0,103,0,0,33,0,33,15,73,48,0,136,30,0,30,166
05/07/2011,CID,IA,ACE,CE,Combined TRACON& Tower with Radar,9,41,8,0,58,0,0,30,0,30,9,41,38,0,88,30,0,30,118
05/08/2011,CID,IA,ACE,CE,Combined TRACON& Tower with Radar,5,51,11,0,67,0,0,18,2,20,5,51,29,2,87,0,0,0,87
05/09/2011,CID,IA,ACE,CE,Combined TRACON& Tower with Radar,13,72,14,0,99,0,0,16,0,16,13,72,30,0,115,0,0,0,115
05/10/2011,CID,IA,ACE,CE,Combined TRACON& Tower with Radar,10,72,23,0,105,0,0,22,0,22,10,72,45,0,127,64,0,64,191
05/11/2011,CID,IA,ACE,CE,Combined TRACON& Tower with Radar,14,59,18,0,91,0,1,18,0,19,14,60,36,0,110,14,0,14,124
05/12/2011,CID,IA,ACE,CE,Combined TRACON& Tower with Radar,15,66,36,0,117,0,0,36,0,36,15,66,72,0,153,18,0,18,171
05/13/2011,CID,IA,ACE,CE,Combined TRACON& Tower with Radar,15,67,35,0,117,0,0,8,0,8,15,67,43,0,125,0,0,0,125
05/14/2011,CID,IA,ACE,CE,Combined TRACON& Tower with Radar,8,40,21,0,69,0,0,1,0,1,8,40,22,0,70,0,0,0,70
05/15/2011,CID,IA,ACE,CE,Combined TRACON& Tower with Radar,3,49,11,0,63,0,0,17,0,17,3,49,28,0,80,6,0,6,86
05/16/2011,CID,IA,ACE,CE,Combined TRACON& Tower with Radar,12,69,18,0,99,0,0,30,0,30,12,69,48,0,129,43,0,43,172
05/17/2011,CID,IA,ACE,CE,Combined TRACON& Tower with Radar,10,69,33,0,112,0,0,65,0,65,10,69,98,0,177,46,0,46,223
05/18/2011,CID,IA,ACE,CE,Combined TRACON& Tower with Radar,13,61,45,1,120,0,0,53,1,54,13,61,98,2,174,30,0,30,204
05/19/2011,CID,IA,ACE,CE,Combined TRACON& Tower with Radar,12,72,49,0,133,0,0,32,0,32,12,72,81,0,165,64,0,64,229
05/20/2011,CID,IA,ACE,CE,Combined TRACON& Tower with Radar,14,70,18,0,102,0,0,18,0,18,14,70,36,0,120,8,0,8,128
05/21/2011,CID,IA,ACE,CE,Combined TRACON& Tower with Radar,10,45,12,1,68,0,0,16,0,16,10,45,28,1,84,16,0,16,100
05/22/2011,CID,IA,ACE,CE,Combined TRACON& Tower with Radar,0,47,2,0,49,0,0,18,0,18,0,47,20,0,67,24,0,24,91
05/23/2011,CID,IA,ACE,CE,Combined TRACON& Tower with Radar,11,63,26,0,100,0,0,34,0,34,11,63,60,0,134,64,0,64,198
05/24/2011,CID,IA,ACE,CE,Combined TRACON& Tower with Radar,10,64,28,0,102,0,0,26,0,26,10,64,54,0,128,0,0,0,128
05/25/2011,CID,IA,ACE,CE,Combined TRACON& Tower with Radar,12,59,21,0,92,0,0,0,0,0,12,59,21,0,92,0,0,0,92
05/26/2011,CID,IA,ACE,CE,Combined TRACON& Tower with Radar,12,60,39,0,111,0,0,44,0,44,12,60,83,0,155,50,0,50,205
05/27/2011,CID,IA,ACE,CE,Combined TRACON& Tower with Radar,14,68,19,0,101,0,0,22,0,22,14,68,41,0,123,12,0,12,135
05/28/2011,CID,IA,ACE,CE,Combined TRACON& Tower with Radar,14,38,17,0,69,0,0,14,0,14,14,38,31,0,83,24,0,24,107
05/29/2011,CID,IA,ACE,CE,Combined TRACON& Tower with Radar,4,32,12,0,48,0,0,10,0,10,4,32,22,0,58,16,0,16,74
05/30/2011,CID,IA,ACE,CE,Combined TRACON& Tower with Radar,6,58,8,0,72,0,0,13,0,13,6,58,21,0,85,0,0,0,85
05/31/2011,CID,IA,ACE,CE,Combined TRACON& Tower with Radar,10,69,39,0,118,0,0,16,1,17,10,69,55,1,135,10,0,10,145
06/01/2011,CID,IA,ACE,CE,Combined TRACON& Tower with Radar,15,69,48,0,132,0,0,57,0,57,15,69,105,0,189,94,0,94,283
06/02/2011,CID,IA,ACE,CE,Combined TRACON& Tower with Radar,10,64,47,0,121,0,0,2,0,2,10,64,49,0,123,0,0,0,123
06/03/2011,CID,IA,ACE,CE,Combined TRACON& Tower with Radar,17,71,22,0,110,0,0,29,0,29,17,71,51,0,139,0,0,0,139
06/04/2011,CID,IA,ACE,CE,Combined TRACON& Tower with Radar,10,41,21,0,72,0,0,23,0,23,10,41,44,0,95,51,0,51,146
06/05/2011,CID,IA,ACE,CE,Combined TRACON& Tower with Radar,1,55,16,0,72,0,0,55,3,58,1,55,71,3,130,28,0,28,158
06/06/2011,CID,IA,ACE,CE,Combined TRACON& Tower with Radar,12,66,21,0,99,0,0,26,0,26,12,66,47,0,125,76,0,76,201
06/07/2011,CID,IA,ACE,CE,Combined TRACON& Tower with Radar,9,67,21,0,97,0,0,30,0,30,9,67,51,0,127,0,0,0,127
06/08/2011,CID,IA,ACE,CE,Combined TRACON& Tower with Radar,19,62,29,0,110,0,0,9,0,9,19,62,38,0,119,30,0,30,149
06/09/2011,CID,IA,ACE,CE,Combined TRACON& Tower with Radar,11,59,35,0,105,0,0,2,0,2,11,59,37,0,107,0,0,0,107
06/10/2011,CID,IA,ACE,CE,Combined TRACON& Tower with Radar,11,76,30,2,119,0,0,3,0,3,11,76,33,2,122,0,0,0,122
06/11/2011,CID,IA,ACE,CE,Combined TRACON& Tower with Radar,8,54,30,0,92,0,0,15,1,16,8,54,45,1,108,2,0,2,110
06/12/2011,CID,IA,ACE,CE,Combined TRACON& Tower with Radar,1,61,29,0,91,0,0,57,1,58,1,61,86,1,149,122,0,122,271
06/13/2011,CID,IA,ACE,CE,Combined TRACON& Tower with Radar,8,79,18,0,105,0,0,20,0,20,8,79,38,0,125,80,0,80,205
06/14/2011,CID,IA,ACE,CE,Combined TRACON& Tower with Radar,9,74,45,0,128,0,0,15,0,15,9,74,60,0,143,4,0,4,147
06/15/2011,CID,IA,ACE,CE,Combined TRACON& Tower with Radar,16,67,43,0,126,0,0,29,0,29,16,67,72,0,155,62,0,62,217
06/16/2011,CID,IA,ACE,CE,Combined TRACON& Tower with Radar,7,72,38,2,119,0,0,58,0,58,7,72,96,2,177,44,0,44,221
06/17/2011,CID,IA,ACE,CE,Combined TRACON& Tower with Radar,11,74,32,1,118,0,0,31,0,31,11,74,63,1,149,18,0,18,167
06/18/2011,CID,IA,ACE,CE,Combined TRACON& Tower with Radar,12,55,17,2,86,0,0,32,0,32,12,55,49,2,118,20,0,20,138
06/19/2011,CID,IA,ACE,CE,Combined TRACON& Tower with Radar,1,51,22,2,76,0,1,20,1,22,1,52,42,3,98,22,0,22,120
06/20/2011,CID,IA,ACE,CE,Combined TRACON& Tower with Radar,10,71,15,1,97,0,0,16,0,16,10,71,31,1,113,25,0,25,138
06/21/2011,CID,IA,ACE,CE,Combined TRACON& Tower with Radar,9,72,32,0,113,0,0,25,0,25,9,72,57,0,138,24,0,24,162
06/22/2011,CID,IA,ACE,CE,Combined TRACON& Tower with Radar,15,71,36,2,124,0,0,2,0,2,15,71,38,2,126,0,0,0,126
06/23/2011,CID,IA,ACE,CE,Combined TRACON& Tower with Radar,7,73,27,2,109,0,0,24,0,24,7,73,51,2,133,8,0,8,141
06/24/2011,CID,IA,ACE,CE,Combined TRACON& Tower with Radar,13,81,42,2,138,0,0,50,0,50,13,81,92,2,188,4,0,4,192
06/25/2011,CID,IA,ACE,CE,Combined TRACON& Tower with Radar,11,51,30,0,92,0,0,21,1,22,11,51,51,1,114,12,0,12,126
06/26/2011,CID,IA,ACE,CE,Combined TRACON& Tower with Radar,1,52,14,2,69,0,0,48,0,48,1,52,62,2,117,72,0,72,189
06/27/2011,CID,IA,ACE,CE,Combined TRACON& Tower with Radar,6,73,31,0,110,0,0,17,1,18,6,73,48,1,128,16,0,16,144
06/28/2011,CID,IA,ACE,CE,Combined TRACON& Tower with Radar,9,74,43,2,128,0,0,50,0,50,9,74,93,2,178,34,0,34,212
06/29/2011,CID,IA,ACE,CE,Combined TRACON& Tower with Radar,15,72,34,0,121,0,0,44,2,46,15,72,78,2,167,47,0,47,214
06/30/2011,CID,IA,ACE,CE,Combined TRACON& Tower with Radar,7,72,35,0,114,0,0,29,0,29,7,72,64,0,143,0,0,0,143
07/01/2011,CID,IA,ACE,CE,Combined TRACON& Tower with Radar,11,73,23,0,107,0,0,29,0,29,11,73,52,0,136,0,0,0,136
07/02/2011,CID,IA,ACE,CE,Combined TRACON& Tower with Radar,9,51,12,0,72,0,0,28,0,28,9,51,40,0,100,24,0,24,124
07/03/2011,CID,IA,ACE,CE,Combined TRACON& Tower with Radar,5,35,11,0,51,0,0,30,0,30,5,35,41,0,81,22,0,22,103
07/04/2011,CID,IA,ACE,CE,Combined TRACON& Tower with Radar,9,41,8,0,58,0,0,48,0,48,9,41,56,0,106,54,0,54,160
07/05/2011,CID,IA,ACE,CE,Combined TRACON& Tower with Radar,7,77,16,2,102,0,0,25,0,25,7,77,41,2,127,24,0,24,151
07/06/2011,CID,IA,ACE,CE,Combined TRACON& Tower with Radar,15,77,37,0,129,0,0,40,0,40,15,77,77,0,169,86,0,86,255
07/07/2011,CID,IA,ACE,CE,Combined TRACON& Tower with Radar,6,74,29,0,109,0,0,20,0,20,6,74,49,0,129,14,0,14,143
07/08/2011,CID,IA,ACE,CE,Combined TRACON& Tower with Radar,14,75,25,0,114,0,0,37,0,37,14,75,62,0,151,6,0,6,157
07/09/2011,CID,IA,ACE,CE,Combined TRACON& Tower with Radar,12,48,7,0,67,0,0,34,0,34,12,48,41,0,101,24,0,24,125
07/10/2011,CID,IA,ACE,CE,Combined TRACON& Tower with Radar,5,54,14,0,73,0,0,31,0,31,5,54,45,0,104,20,0,20,124
07/11/2011,CID,IA,ACE,CE,Combined TRACON& Tower with Radar,8,67,9,0,84,0,0,13,0,13,8,67,22,0,97,46,0,46,143
07/12/2011,CID,IA,ACE,CE,Combined TRACON& Tower with Radar,8,77,21,0,106,0,0,15,0,15,8,77,36,0,121,22,0,22,143
07/13/2011,CID,IA,ACE,CE,Combined TRACON& Tower with Radar,15,72,33,0,120,0,0,43,0,43,15,72,76,0,163,52,0,52,215
07/14/2011,CID,IA,ACE,CE,Combined TRACON& Tower with Radar,7,71,44,0,122,0,0,41,0,41,7,71,85,0,163,30,0,30,193
07/15/2011,CID,IA,ACE,CE,Combined TRACON& Tower with Radar,11,71,28,2,112,0,0,44,4,48,11,71,72,6,160,0,0,0,160
07/16/2011,CID,IA,ACE,CE,Combined TRACON& Tower with Radar,10,46,12,4,72,0,0,24,1,25,10,46,36,5,97,18,0,18,115
07/17/2011,CID,IA,ACE,CE,Combined TRACON& Tower with Radar,4,55,22,1,82,0,0,40,1,41,4,55,62,2,123,23,0,23,146
07/18/2011,CID,IA,ACE,CE,Combined TRACON& Tower with Radar,8,77,34,0,119,0,0,46,3,49,8,77,80,3,168,54,0,54,222
07/19/2011,CID,IA,ACE,CE,Combined TRACON& Tower with Radar,6,75,35,0,116,0,0,31,0,31,6,75,66,0,147,12,0,12,159
07/20/2011,CID,IA,ACE,CE,Combined TRACON& Tower with Radar,15,70,38,0,123,0,1,46,0,47,15,71,84,0,170,16,0,16,186
07/21/2011,CID,IA,ACE,CE,Combined TRACON& Tower with Radar,9,74,43,1,127,0,0,23,0,23,9,74,66,1,150,234,0,234,384
07/22/2011,CID,IA,ACE,CE,Combined TRACON& Tower with Radar,9,63,19,1,92,0,1,22,0,23,9,64,41,1,115,84,0,84,199
07/23/2011,CID,IA,ACE,CE,Combined TRACON& Tower with Radar,11,50,27,0,88,0,0,20,0,20,11,50,47,0,108,28,0,28,136
07/24/2011,CID,IA,ACE,CE,Combined TRACON& Tower with Radar,4,55,22,0,81,0,0,28,0,28,4,55,50,0,109,38,0,38,147
07/25/2011,CID,IA,ACE,CE,Combined TRACON& Tower with Radar,8,80,34,1,123,0,0,42,1,43,8,80,76,2,166,46,0,46,212
07/26/2011,CID,IA,ACE,CE,Combined TRACON& Tower with Radar,9,79,55,0,143,0,0,41,0,41,9,79,96,0,184,22,0,22,206
07/27/2011,CID,IA,ACE,CE,Combined TRACON& Tower with Radar,15,77,28,0,120,0,0,22,1,23,15,77,50,1,143,24,0,24,167
07/28/2011,CID,IA,ACE,CE,Combined TRACON& Tower with Radar,7,74,46,1,128,0,2,21,2,25,7,76,67,3,153,52,0,52,205
07/29/2011,CID,IA,ACE,CE,Combined TRACON& Tower with Radar,9,76,33,2,120,0,0,23,0,23,9,76,56,2,143,4,8,12,155
07/30/2011,CID,IA,ACE,CE,Combined TRACON& Tower with Radar,13,51,21,0,85,0,0,34,2,36,13,51,55,2,121,4,0,4,125
07/31/2011,CID,IA,ACE,CE,Combined TRACON& Tower with Radar,3,59,29,0,91,0,0,29,0,29,3,59,58,0,120,32,0,32,152
08/01/2011,CID,IA,ACE,CE,Combined TRACON& Tower with Radar,8,75,20,0,103,0,0,32,0,32,8,75,52,0,135,60,0,60,195
08/02/2011,CID,IA,ACE,CE,Combined TRACON& Tower with Radar,10,73,35,0,118,0,1,30,0,31,10,74,65,0,149,14,0,14,163
08/03/2011,CID,IA,ACE,CE,Combined TRACON& Tower with Radar,16,78,28,1,123,0,0,47,0,47,16,78,75,1,170,90,0,90,260
08/04/2011,CID,IA,ACE,CE,Combined TRACON& Tower with Radar,9,74,34,0,117,0,0,31,0,31,9,74,65,0,148,58,0,58,206
08/05/2011,CID,IA,ACE,CE,Combined TRACON& Tower with Radar,11,77,34,0,122,0,1,33,0,34,11,78,67,0,156,56,0,56,212
08/06/2011,CID,IA,ACE,CE,Combined TRACON& Tower with Radar,11,51,13,0,75,0,0,22,0,22,11,51,35,0,97,76,0,76,173
08/07/2011,CID,IA,ACE,CE,Combined TRACON& Tower with Radar,2,49,20,0,71,0,0,39,2,41,2,49,59,2,112,52,0,52,164
08/08/2011,CID,IA,ACE,CE,Combined TRACON& Tower with Radar,9,69,24,0,102,0,0,24,0,24,9,69,48,0,126,18,0,18,144
08/09/2011,CID,IA,ACE,CE,Combined TRACON& Tower with Radar,9,77,30,0,116,0,0,34,0,34,9,77,64,0,150,68,0,68,218
08/10/2011,CID,IA,ACE,CE,Combined TRACON& Tower with Radar,15,80,39,3,137,0,0,61,4,65,15,80,100,7,202,30,0,30,232
08/11/2011,CID,IA,ACE,CE,Combined TRACON& Tower with Radar,8,84,41,3,136,0,0,43,6,49,8,84,84,9,185,36,0,36,221
08/12/2011,CID,IA,ACE,CE,Combined TRACON& Tower with Radar,12,80,30,0,122,0,0,28,0,28,12,80,58,0,150,8,0,8,158
08/13/2011,CID,IA,ACE,CE,Combined TRACON& Tower with Radar,12,48,13,0,73,0,0,25,0,25,12,48,38,0,98,26,0,26,124
08/14/2011,CID,IA,ACE,CE,Combined TRACON& Tower with Radar,3,55,16,4,78,0,2,45,2,49,3,57,61,6,127,14,0,14,141
08/15/2011,CID,IA,ACE,CE,Combined TRACON& Tower with Radar,9,78,31,0,118,0,1,45,1,47,9,79,76,1,165,78,0,78,243
08/16/2011,CID,IA,ACE,CE,Combined TRACON& Tower with Radar,7,84,45,0,136,0,7,41,3,51,7,91,86,3,187,18,0,18,205
08/17/2011,CID,IA,ACE,CE,Combined TRACON& Tower with Radar,10,78,37,2,127,0,1,32,0,33,10,79,69,2,160,48,0,48,208
08/18/2011,CID,IA,ACE,CE,Combined TRACON& Tower with Radar,10,78,22,1,111,0,3,39,1,43,10,81,61,2,154,30,0,30,184
08/19/2011,CID,IA,ACE,CE,Combined TRACON& Tower with Radar,10,72,32,0,114,0,0,51,0,51,10,72,83,0,165,48,0,48,213
08/20/2011,CID,IA,ACE,CE,Combined TRACON& Tower with Radar,7,47,16,1,71,0,0,47,1,48,7,47,63,2,119,38,0,38,157
08/21/2011,CID,IA,ACE,CE,Combined TRACON& Tower with Radar,4,55,17,0,76,0,0,53,0,53,4,55,70,0,129,50,0,50,179
08/22/2011,CID,IA,ACE,CE,Combined TRACON& Tower with Radar,7,65,20,1,93,0,0,34,1,35,7,65,54,2,128,26,8,34,162
08/23/2011,CID,IA,ACE,CE,Combined TRACON& Tower with Radar,8,62,30,2,102,0,0,10,0,10,8,62,40,2,112,10,0,10,122
08/24/2011,CID,IA,ACE,CE,Combined TRACON& Tower with Radar,12,72,39,0,123,0,0,40,0,40,12,72,79,0,163,59,0,59,222
08/25/2011,CID,IA,ACE,CE,Combined TRACON& Tower with Radar,11,73,37,0,121,0,0,31,0,31,11,73,68,0,152,48,0,48,200
08/26/2011,CID,IA,ACE,CE,Combined TRACON& Tower with Radar,12,73,26,0,111,0,0,41,0,41,12,73,67,0,152,32,0,32,184
08/27/2011,CID,IA,ACE,CE,Combined TRACON& Tower with Radar,6,47,22,0,75,0,0,53,3,56,6,47,75,3,131,24,0,24,155
08/28/2011,CID,IA,ACE,CE,Combined TRACON& Tower with Radar,6,54,12,0,72,0,0,57,0,57,6,54,69,0,129,38,4,42,171
08/29/2011,CID,IA,ACE,CE,Combined TRACON& Tower with Radar,10,73,21,2,106,0,0,38,0,38,10,73,59,2,144,60,0,60,204
08/30/2011,CID,IA,ACE,CE,Combined TRACON& Tower with Radar,15,61,35,0,111,0,0,5,1,6,15,61,40,1,117,14,0,14,131
08/31/2011,CID,IA,ACE,CE,Combined TRACON& Tower with Radar,11,71,36,0,118,0,1,51,2,54,11,72,87,2,172,106,0,106,278
09/01/2011,CID,IA,ACE,CE,Combined TRACON& Tower with Radar,13,65,39,1,118,0,0,36,1,37,13,65,75,2,155,24,0,24,179
09/02/2011,CID,IA,ACE,CE,Combined TRACON& Tower with Radar,19,68,20,0,107,0,0,25,0,25,19,68,45,0,132,26,0,26,158
09/03/2011,CID,IA,ACE,CE,Combined TRACON& Tower with Radar,9,42,3,0,54,0,0,4,0,4,9,42,7,0,58,6,0,6,64
09/04/2011,CID,IA,ACE,CE,Combined TRACON& Tower with Radar,6,39,14,0,59,0,0,25,0,25,6,39,39,0,84,40,0,40,124
09/05/2011,CID,IA,ACE,CE,Combined TRACON& Tower with Radar,10,48,21,0,79,0,2,64,0,66,10,50,85,0,145,32,0,32,177
09/06/2011,CID,IA,ACE,CE,Combined TRACON& Tower with Radar,13,66,29,0,108,0,0,32,0,32,13,66,61,0,140,46,0,46,186
09/07/2011,CID,IA,ACE,CE,Combined TRACON& Tower with Radar,18,64,23,0,105,0,0,38,0,38,18,64,61,0,143,0,0,0,143
09/08/2011,CID,IA,ACE,CE,Combined TRACON& Tower with Radar,17,74,55,0,146,0,0,66,0,66,17,74,121,0,212,14,0,14,226
09/09/2011,CID,IA,ACE,CE,Combined TRACON& Tower with Radar,17,68,26,0,111,0,0,35,0,35,17,68,61,0,146,6,0,6,152
09/10/2011,CID,IA,ACE,CE,Combined TRACON& Tower with Radar,7,46,18,0,71,0,0,46,1,47,7,46,64,1,118,22,0,22,140
09/11/2011,CID,IA,ACE,CE,Combined TRACON& Tower with Radar,7,52,23,0,82,0,1,76,0,77,7,53,99,0,159,38,0,38,197
09/12/2011,CID,IA,ACE,CE,Combined TRACON& Tower with Radar,15,66,30,0,111,0,0,19,0,19,15,66,49,0,130,2,0,2,132
09/13/2011,CID,IA,ACE,CE,Combined TRACON& Tower with Radar,20,62,49,0,131,0,1,41,0,42,20,63,90,0,173,20,0,20,193
09/14/2011,CID,IA,ACE,CE,Combined TRACON& Tower with Radar,13,71,31,0,115,0,0,18,0,18,13,71,49,0,133,14,0,14,147
09/15/2011,CID,IA,ACE,CE,Combined TRACON& Tower with Radar,16,69,33,0,118,0,0,36,0,36,16,69,69,0,154,44,0,44,198
09/16/2011,CID,IA,ACE,CE,Combined TRACON& Tower with Radar,19,67,16,0,102,0,0,17,0,17,19,67,33,0,119,8,0,8,127
09/17/2011,CID,IA,ACE,CE,Combined TRACON& Tower with Radar,8,47,17,0,72,0,2,43,1,46,8,49,60,1,118,38,0,38,156
09/18/2011,CID,IA,ACE,CE,Combined TRACON& Tower with Radar,7,49,36,0,92,0,0,1,0,1,7,49,37,0,93,0,0,0,93
09/19/2011,CID,IA,ACE,CE,Combined TRACON& Tower with Radar,15,59,37,0,111,0,0,35,0,35,15,59,72,0,146,60,0,60,206
09/20/2011,CID,IA,ACE,CE,Combined TRACON& Tower with Radar,14,63,28,0,105,0,0,28,0,28,14,63,56,0,133,18,0,18,151
09/21/2011,CID,IA,ACE,CE,Combined TRACON& Tower with Radar,14,66,44,0,124,0,0,29,1,30,14,66,73,1,154,12,0,12,166
09/22/2011,CID,IA,ACE,CE,Combined TRACON& Tower with Radar,15,76,39,0,130,0,0,40,1,41,15,76,79,1,171,10,0,10,181
09/23/2011,CID,IA,ACE,CE,Combined TRACON& Tower with Radar,17,71,20,0,108,0,0,35,0,35,17,71,55,0,143,22,0,22,165
09/24/2011,CID,IA,ACE,CE,Combined TRACON& Tower with Radar,9,47,16,0,72,0,0,42,0,42,9,47,58,0,114,52,0,52,166
09/25/2011,CID,IA,ACE,CE,Combined TRACON& Tower with Radar,7,49,24,0,80,0,0,29,0,29,7,49,53,0,109,0,0,0,109
09/26/2011,CID,IA,ACE,CE,Combined TRACON& Tower with Radar,15,62,14,0,91,0,0,0,0,0,15,62,14,0,91,0,0,0,91
09/27/2011,CID,IA,ACE,CE,Combined TRACON& Tower with Radar,16,61,29,0,106,0,0,19,0,19,16,61,48,0,125,91,0,91,216
09/28/2011,CID,IA,ACE,CE,Combined TRACON& Tower with Radar,13,66,38,0,117,0,0,13,0,13,13,66,51,0,130,4,0,4,134
09/29/2011,CID,IA,ACE,CE,Combined TRACON& Tower with Radar,17,72,28,0,117,0,0,22,0,22,17,72,50,0,139,0,0,0,139
09/30/2011,CID,IA,ACE,CE,Combined TRACON& Tower with Radar,16,63,25,0,104,0,0,31,0,31,16,63,56,0,135,31,0,31,166
10/01/2011,CID,IA,ACE,CE,Combined TRACON& Tower with Radar,8,46,27,0,81,0,2,63,3,68,8,48,90,3,149,20,0,20,169
10/02/2011,CID,IA,ACE,CE,Combined TRACON& Tower with Radar,9,51,19,0,79,0,0,67,1,68,9,51,86,1,147,28,0,28,175
10/03/2011,CID,IA,ACE,CE,Combined TRACON& Tower with Radar,15,62,25,0,102,0,0,32,0,32,15,62,57,0,134,64,0,64,198
10/04/2011,CID,IA,ACE,CE,Combined TRACON& Tower with Radar,9,67,41,0,117,0,0,30,0,30,9,67,71,0,147,14,0,14,161
10/05/2011,CID,IA,ACE,CE,Combined TRACON& Tower with Radar,16,68,29,0,113,0,0,48,0,48,16,68,77,0,161,32,0,32,193
10/06/2011,CID,IA,ACE,CE,Combined TRACON& Tower with Radar,18,75,52,0,145,0,0,40,0,40,18,75,92,0,185,18,0,18,203
10/07/2011,CID,IA,ACE,CE,Combined TRACON& Tower with Radar,17,69,20,0,106,0,0,26,0,26,17,69,46,0,132,0,0,0,132
10/08/2011,CID,IA,ACE,CE,Combined TRACON& Tower with Radar,10,46,15,0,71,0,0,31,0,31,10,46,46,0,102,6,0,6,108
10/09/2011,CID,IA,ACE,CE,Combined TRACON& Tower with Radar,5,53,17,0,75,0,0,32,0,32,5,53,49,0,107,20,0,20,127
10/10/2011,CID,IA,ACE,CE,Combined TRACON& Tower with Radar,15,62,24,0,101,0,0,33,0,33,15,62,57,0,134,0,0,0,134
10/11/2011,CID,IA,ACE,CE,Combined TRACON& Tower with Radar,13,73,32,0,118,0,0,23,0,23,13,73,55,0,141,32,0,32,173
10/12/2011,CID,IA,ACE,CE,Combined TRACON& Tower with Radar,16,69,26,0,111,0,1,1,0,2,16,70,27,0,113,0,0,0,113
10/13/2011,CID,IA,ACE,CE,Combined TRACON& Tower with Radar,16,64,54,0,134,0,0,20,0,20,16,64,74,0,154,10,0,10,164
10/14/2011,CID,IA,ACE,CE,Combined TRACON& Tower with Radar,17,75,22,0,114,0,0,14,0,14,17,75,36,0,128,20,0,20,148
10/15/2011,CID,IA,ACE,CE,Combined TRACON& Tower with Radar,11,45,21,0,77,0,0,39,0,39,11,45,60,0,116,0,0,0,116
10/16/2011,CID,IA,ACE,CE,Combined TRACON& Tower with Radar,7,54,18,0,79,0,0,51,0,51,7,54,69,0,130,34,0,34,164
10/17/2011,CID,IA,ACE,CE,Combined TRACON& Tower with Radar,16,62,13,0,91,0,0,15,0,15,16,62,28,0,106,72,0,72,178
10/18/2011,CID,IA,ACE,CE,Combined TRACON& Tower with Radar,16,64,29,0,109,0,8,19,0,27,16,72,48,0,136,26,0,26,162
10/19/2011,CID,IA,ACE,CE,Combined TRACON& Tower with Radar,17,67,23,0,107,0,0,8,2,10,17,67,31,2,117,22,0,22,139
10/20/2011,CID,IA,ACE,CE,Combined TRACON& Tower with Radar,16,70,25,2,113,0,0,23,1,24,16,70,48,3,137,22,0,22,159
10/21/2011,CID,IA,ACE,CE,Combined TRACON& Tower with Radar,17,67,24,0,108,0,0,29,1,30,17,67,53,1,138,16,0,16,154
10/22/2011,CID,IA,ACE,CE,Combined TRACON& Tower with Radar,11,45,20,0,76,0,0,64,0,64,11,45,84,0,140,72,0,72,212
10/23/2011,CID,IA,ACE,CE,Combined TRACON& Tower with Radar,7,52,14,0,73,0,0,42,0,42,7,52,56,0,115,22,0,22,137
10/24/2011,CID,IA,ACE,CE,Combined TRACON& Tower with Radar,15,61,24,0,100,0,0,33,0,33,15,61,57,0,133,4,0,4,137
10/25/2011,CID,IA,ACE,CE,Combined TRACON& Tower with Radar,12,63,35,2,112,0,0,6,0,6,12,63,41,2,118,38,0,38,156
10/26/2011,CID,IA,ACE,CE,Combined TRACON& Tower with Radar,17,67,32,0,116,0,0,7,0,7,17,67,39,0,123,32,0,32,155
10/27/2011,CID,IA,ACE,CE,Combined TRACON& Tower with Radar,16,71,30,2,119,0,0,24,0,24,16,71,54,2,143,74,0,74,217
10/28/2011,CID,IA,ACE,CE,Combined TRACON& Tower with Radar,17,65,31,0,113,0,0,36,0,36,17,65,67,0,149,8,0,8,157
10/29/2011,CID,IA,ACE,CE,Combined TRACON& Tower with Radar,13,46,27,0,86,0,0,56,0,56,13,46,83,0,142,80,0,80,222
10/30/2011,CID,IA,ACE,CE,Combined TRACON& Tower with Radar,6,53,10,0,69,0,0,22,0,22,6,53,32,0,91,22,0,22,113
10/31/2011,CID,IA,ACE,CE,Combined TRACON& Tower with Radar,17,55,14,0,86,0,0,32,0,32,17,55,46,0,118,40,0,40,158
11/01/2011,CID,IA,ACE,CE,Combined TRACON& Tower with Radar,10,66,41,0,117,0,0,54,0,54,10,66,95,0,171,6,0,6,177
11/02/2011,CID,IA,ACE,CE,Combined TRACON& Tower with Radar,23,67,27,0,117,0,0,6,0,6,23,67,33,0,123,0,0,0,123
11/03/2011,CID,IA,ACE,CE,Combined TRACON& Tower with Radar,18,70,32,2,122,0,0,11,0,11,18,70,43,2,133,4,0,4,137
11/04/2011,CID,IA,ACE,CE,Combined TRACON& Tower with Radar,21,70,22,0,113,0,2,44,0,46,21,72,66,0,159,44,0,44,203
11/05/2011,CID,IA,ACE,CE,Combined TRACON& Tower with Radar,14,45,28,1,88,0,0,7,0,7,14,45,35,1,95,6,0,6,101
11/06/2011,CID,IA,ACE,CE,Combined TRACON& Tower with Radar,7,53,22,0,82,0,0,14,0,14,7,53,36,0,96,6,0,6,102
11/07/2011,CID,IA,ACE,CE,Combined TRACON& Tower with Radar,11,67,17,0,95,0,0,25,0,25,11,67,42,0,120,12,0,12,132
11/08/2011,CID,IA,ACE,CE,Combined TRACON& Tower with Radar,10,62,28,2,102,0,0,0,0,0,10,62,28,2,102,0,0,0,102
11/09/2011,CID,IA,ACE,CE,Combined TRACON& Tower with Radar,16,65,28,0,109,0,0,4,0,4,16,65,32,0,113,0,0,0,113
11/10/2011,CID,IA,ACE,CE,Combined TRACON& Tower with Radar,13,70,35,0,118,0,0,23,0,23,13,70,58,0,141,4,0,4,145
11/11/2011,CID,IA,ACE,CE,Combined TRACON& Tower with Radar,16,75,26,0,117,0,0,24,0,24,16,75,50,0,141,20,0,20,161
11/12/2011,CID,IA,ACE,CE,Combined TRACON& Tower with Radar,12,43,18,0,73,0,0,34,0,34,12,43,52,0,107,30,0,30,137
11/13/2011,CID,IA,ACE,CE,Combined TRACON& Tower with Radar,5,54,18,0,77,0,0,19,0,19,5,54,37,0,96,12,0,12,108
11/14/2011,CID,IA,ACE,CE,Combined TRACON& Tower with Radar,11,64,21,0,96,0,0,23,0,23,11,64,44,0,119,16,0,16,135
11/15/2011,CID,IA,ACE,CE,Combined TRACON& Tower with Radar,11,64,43,0,118,0,0,38,3,41,11,64,81,3,159,4,0,4,163
11/16/2011,CID,IA,ACE,CE,Combined TRACON& Tower with Radar,17,71,30,0,118,0,0,34,0,34,17,71,64,0,152,18,0,18,170
11/17/2011,CID,IA,ACE,CE,Combined TRACON& Tower with Radar,13,66,44,0,123,0,0,28,0,28,13,66,72,0,151,28,0,28,179
11/18/2011,CID,IA,ACE,CE,Combined TRACON& Tower with Radar,12,72,36,0,120,0,0,24,0,24,12,72,60,0,144,6,0,6,150
11/19/2011,CID,IA,ACE,CE,Combined TRACON& Tower with Radar,12,40,20,0,72,0,0,10,0,10,12,40,30,0,82,26,0,26,108
11/20/2011,CID,IA,ACE,CE,Combined TRACON& Tower with Radar,7,45,22,0,74,0,0,30,0,30,7,45,52,0,104,56,0,56,160
11/21/2011,CID,IA,ACE,CE,Combined TRACON& Tower with Radar,11,60,43,0,114,0,0,38,0,38,11,60,81,0,152,0,0,0,152
11/22/2011,CID,IA,ACE,CE,Combined TRACON& Tower with Radar,22,65,38,0,125,0,0,0,0,0,22,65,38,0,125,0,0,0,125
11/23/2011,CID,IA,ACE,CE,Combined TRACON& Tower with Radar,16,68,42,0,126,0,0,1,0,1,16,68,43,0,127,0,0,0,127
11/24/2011,CID,IA,ACE,CE,Combined TRACON& Tower with Radar,9,36,8,0,53,0,0,8,0,8,9,36,16,0,61,8,0,8,69
11/25/2011,CID,IA,ACE,CE,Combined TRACON& Tower with Radar,17,50,32,0,99,0,0,8,0,8,17,50,40,0,107,16,0,16,123
11/26/2011,CID,IA,ACE,CE,Combined TRACON& Tower with Radar,12,58,7,0,77,0,0,0,0,0,12,58,7,0,77,0,0,0,77
11/27/2011,CID,IA,ACE,CE,Combined TRACON& Tower with Radar,6,61,32,0,99,0,0,8,0,8,6,61,40,0,107,0,0,0,107
11/28/2011,CID,IA,ACE,CE,Combined TRACON& Tower with Radar,11,67,40,0,118,0,0,11,0,11,11,67,51,0,129,24,0,24,153
11/29/2011,CID,IA,ACE,CE,Combined TRACON& Tower with Radar,19,57,25,0,101,0,0,23,0,23,19,57,48,0,124,22,0,22,146
11/30/2011,CID,IA,ACE,CE,Combined TRACON& Tower with Radar,13,69,65,2,149,0,0,68,2,70,13,69,133,4,219,34,0,34,253
12/01/2011,CID,IA,ACE,CE,Combined TRACON& Tower with Radar,14,71,34,0,119,0,2,16,0,18,14,73,50,0,137,6,0,6,143
12/02/2011,CID,IA,ACE,CE,Combined TRACON& Tower with Radar,12,67,26,0,105,0,0,43,0,43,12,67,69,0,148,19,0,19,167
12/03/2011,CID,IA,ACE,CE,Combined TRACON& Tower with Radar,8,41,9,0,58,0,0,0,0,0,8,41,9,0,58,0,0,0,58
12/04/2011,CID,IA,ACE,CE,Combined TRACON& Tower with Radar,5,52,13,0,70,0,0,5,0,5,5,52,18,0,75,12,0,12,87
12/05/2011,CID,IA,ACE,CE,Combined TRACON& Tower with Radar,9,62,15,0,86,0,0,4,0,4,9,62,19,0,90,0,0,0,90
12/06/2011,CID,IA,ACE,CE,Combined TRACON& Tower with Radar,13,58,24,0,95,0,0,0,0,0,13,58,24,0,95,0,0,0,95
12/07/2011,CID,IA,ACE,CE,Combined TRACON& Tower with Radar,16,68,47,0,131,0,0,37,0,37,16,68,84,0,168,16,0,16,184
12/08/2011,CID,IA,ACE,CE,Combined TRACON& Tower with Radar,11,67,49,0,127,0,0,17,0,17,11,67,66,0,144,24,0,24,168
12/09/2011,CID,IA,ACE,CE,Combined TRACON& Tower with Radar,9,69,19,0,97,0,0,20,0,20,9,69,39,0,117,0,0,0,117
12/10/2011,CID,IA,ACE,CE,Combined TRACON& Tower with Radar,8,44,17,0,69,0,0,32,0,32,8,44,49,0,101,4,0,4,105
12/11/2011,CID,IA,ACE,CE,Combined TRACON& Tower with Radar,5,54,32,0,91,0,0,12,0,12,5,54,44,0,103,16,0,16,119
12/12/2011,CID,IA,ACE,CE,Combined TRACON& Tower with Radar,8,65,28,0,101,0,0,19,0,19,8,65,47,0,120,8,0,8,128
12/13/2011,CID,IA,ACE,CE,Combined TRACON& Tower with Radar,13,61,31,0,105,0,0,8,0,8,13,61,39,0,113,6,0,6,119
12/14/2011,CID,IA,ACE,CE,Combined TRACON& Tower with Radar,18,69,16,0,103,0,0,0,0,0,18,69,16,0,103,0,0,0,103
12/15/2011,CID,IA,ACE,CE,Combined TRACON& Tower with Radar,19,66,31,1,117,0,0,4,1,5,19,66,35,2,122,2,0,2,124
12/16/2011,CID,IA,ACE,CE,Combined TRACON& Tower with Radar,17,63,22,0,102,0,0,44,0,44,17,63,66,0,146,28,0,28,174
12/17/2011,CID,IA,ACE,CE,Combined TRACON& Tower with Radar,13,49,28,0,90,0,0,60,0,60,13,49,88,0,150,10,0,10,160
12/18/2011,CID,IA,ACE,CE,Combined TRACON& Tower with Radar,8,48,18,0,74,0,0,51,0,51,8,48,69,0,125,0,0,0,125
12/19/2011,CID,IA,ACE,CE,Combined TRACON& Tower with Radar,11,63,25,0,99,0,0,15,0,15,11,63,40,0,114,12,0,12,126
12/20/2011,CID,IA,ACE,CE,Combined TRACON& Tower with Radar,17,63,26,2,108,0,0,2,0,2,17,63,28,2,110,2,0,2,112
12/21/2011,CID,IA,ACE,CE,Combined TRACON& Tower with Radar,23,62,35,1,121,0,0,21,1,22,23,62,56,2,143,20,0,20,163
12/22/2011,CID,IA,ACE,CE,Combined TRACON& Tower with Radar,24,58,14,0,96,0,0,6,0,6,24,58,20,0,102,6,0,6,108
12/23/2011,CID,IA,ACE,CE,Combined TRACON& Tower with Radar,23,61,13,0,97,0,0,18,0,18,23,61,31,0,115,24,0,24,139
12/24/2011,CID,IA,ACE,CE,Combined TRACON& Tower with Radar,11,38,11,0,60,0,0,20,0,20,11,38,31,0,80,2,0,2,82
12/25/2011,CID,IA,ACE,CE,Combined TRACON& Tower with Radar,6,36,6,0,48,0,0,5,0,5,6,36,11,0,53,0,0,0,53
12/26/2011,CID,IA,ACE,CE,Combined TRACON& Tower with Radar,14,60,12,0,86,0,0,15,0,15,14,60,27,0,101,6,0,6,107
12/27/2011,CID,IA,ACE,CE,Combined TRACON& Tower with Radar,14,61,12,0,87,0,0,14,0,14,14,61,26,0,101,12,0,12,113
12/28/2011,CID,IA,ACE,CE,Combined TRACON& Tower with Radar,26,64,17,0,107,0,0,45,0,45,26,64,62,0,152,10,0,10,162
12/29/2011,CID,IA,ACE,CE,Combined TRACON& Tower with Radar,20,60,12,2,94,0,0,34,0,34,20,60,46,2,128,36,0,36,164
12/30/2011,CID,IA,ACE,CE,Combined TRACON& Tower with Radar,19,65,5,0,89,0,0,0,0,0,19,65,5,0,89,0,0,0,89
12/31/2011,CID,IA,ACE,CE,Combined TRACON& Tower with Radar,21,47,15,0,83,0,0,23,0,23,21,47,38,0,106,30,0,30,136
01/01/2012,CID,IA,ACE,CE,Combined TRACON& Tower with Radar,8,45,3,0,56,0,0,2,0,2,8,45,5,0,58,0,0,0,58
01/02/2012,CID,IA,ACE,CE,Combined TRACON& Tower with Radar,15,60,15,0,90,0,0,3,0,3,15,60,18,0,93,0,0,0,93
01/03/2012,CID,IA,ACE,CE,Combined TRACON& Tower with Radar,11,65,16,0,92,0,0,16,0,16,11,65,32,0,108,4,0,4,112
01/04/2012,CID,IA,ACE,CE,Combined TRACON& Tower with Radar,20,63,20,5,108,0,0,16,1,17,20,63,36,6,125,42,0,42,167
01/05/2012,CID,IA,ACE,CE,Combined TRACON& Tower with Radar,17,61,21,0,99,0,0,61,0,61,17,61,82,0,160,32,0,32,192
01/06/2012,CID,IA,ACE,CE,Combined TRACON& Tower with Radar,15,67,17,0,99,0,0,27,0,27,15,67,44,0,126,0,0,0,126
01/07/2012,CID,IA,ACE,CE,Combined TRACON& Tower with Radar,10,44,23,0,77,0,0,36,0,36,10,44,59,0,113,58,0,58,171
01/08/2012,CID,IA,ACE,CE,Combined TRACON& Tower with Radar,9,47,19,0,75,0,0,44,0,44,9,47,63,0,119,48,0,48,167
01/09/2012,CID,IA,ACE,CE,Combined TRACON& Tower with Radar,14,61,18,0,93,0,0,15,0,15,14,61,33,0,108,0,0,0,108
01/10/2012,CID,IA,ACE,CE,Combined TRACON& Tower with Radar,14,63,30,0,107,0,0,38,0,38,14,63,68,0,145,34,0,34,179
01/11/2012,CID,IA,ACE,CE,Combined TRACON& Tower with Radar,21,62,19,0,102,0,0,12,0,12,21,62,31,0,114,8,0,8,122
01/12/2012,CID,IA,ACE,CE,Combined TRACON& Tower with Radar,16,54,15,0,85,0,0,0,0,0,16,54,15,0,85,0,0,0,85
01/13/2012,CID,IA,ACE,CE,Combined TRACON& Tower with Radar,18,62,28,0,108,0,0,9,0,9,18,62,37,0,117,4,0,4,121
01/14/2012,CID,IA,ACE,CE,Combined TRACON& Tower with Radar,12,42,7,0,61,0,0,8,0,8,12,42,15,0,69,0,0,0,69
01/15/2012,CID,IA,ACE,CE,Combined TRACON& Tower with Radar,8,45,8,0,61,0,0,25,0,25,8,45,33,0,86,42,0,42,128
01/16/2012,CID,IA,ACE,CE,Combined TRACON& Tower with Radar,13,60,16,0,89,0,0,8,0,8,13,60,24,0,97,8,0,8,105
01/17/2012,CID,IA,ACE,CE,Combined TRACON& Tower with Radar,12,61,10,0,83,0,0,2,0,2,12,61,12,0,85,0,0,0,85
01/18/2012,CID,IA,ACE,CE,Combined TRACON& Tower with Radar,21,65,24,0,110,0,0,25,0,25,21,65,49,0,135,4,0,4,139
01/19/2012,CID,IA,ACE,CE,Combined TRACON& Tower with Radar,17,67,37,0,121,0,0,14,0,14,17,67,51,0,135,8,0,8,143
01/20/2012,CID,IA,ACE,CE,Combined TRACON& Tower with Radar,17,51,17,0,85,0,0,0,0,0,17,51,17,0,85,0,0,0,85
01/21/2012,CID,IA,ACE,CE,Combined TRACON& Tower with Radar,11,39,5,0,55,0,0,6,6,12,11,39,11,6,67,36,0,36,103
01/22/2012,CID,IA,ACE,CE,Combined TRACON& Tower with Radar,10,39,9,1,59,0,0,0,0,0,10,39,9,1,59,0,0,0,59
01/23/2012,CID,IA,ACE,CE,Combined TRACON& Tower with Radar,13,54,11,1,79,0,0,2,0,2,13,54,13,1,81,0,0,0,81
01/24/2012,CID,IA,ACE,CE,Combined TRACON& Tower with Radar,13,62,35,1,111,0,0,15,0,15,13,62,50,1,126,0,0,0,126
01/25/2012,CID,IA,ACE,CE,Combined TRACON& Tower with Radar,22,69,24,4,119,0,0,11,12,23,22,69,35,16,142,0,0,0,142
01/26/2012,CID,IA,ACE,CE,Combined TRACON& Tower with Radar,17,58,30,1,106,0,0,7,0,7,17,58,37,1,113,0,0,0,113
01/27/2012,CID,IA,ACE,CE,Combined TRACON& Tower with Radar,16,65,15,0,96,0,1,12,0,13,16,66,27,0,109,20,0,20,129
01/28/2012,CID,IA,ACE,CE,Combined TRACON& Tower with Radar,11,47,13,1,72,0,0,26,1,27,11,47,39,2,99,18,0,18,117
01/29/2012,CID,IA,ACE,CE,Combined TRACON& Tower with Radar,8,47,9,1,65,0,0,19,0,19,8,47,28,1,84,34,0,34,118
01/30/2012,CID,IA,ACE,CE,Combined TRACON& Tower with Radar,13,64,24,0,101,0,0,17,0,17,13,64,41,0,118,18,0,18,136
01/31/2012,CID,IA,ACE,CE,Combined TRACON& Tower with Radar,13,61,31,0,105,0,1,21,0,22,13,62,52,0,127,24,0,24,151
02/01/2012,CID,IA,ACE,CE,Combined TRACON& Tower with Radar,25,65,27,0,117,0,0,6,0,6,25,65,33,0,123,4,0,4,127
02/02/2012,CID,IA,ACE,CE,Combined TRACON& Tower with Radar,12,38,16,0,66,0,0,24,0,24,12,38,40,0,90,0,0,0,90
02/03/2012,CID,IA,ACE,CE,Combined TRACON& Tower with Radar,16,49,18,0,83,0,0,0,0,0,16,49,18,0,83,0,0,0,83
02/04/2012,CID,IA,ACE,CE,Combined TRACON& Tower with Radar,14,40,6,0,60,0,0,0,0,0,14,40,6,0,60,0,0,0,60
02/05/2012,CID,IA,ACE,CE,Combined TRACON& Tower with Radar,10,51,18,0,79,0,0,0,0,0,10,51,18,0,79,0,0,0,79
02/06/2012,CID,IA,ACE,CE,Combined TRACON& Tower with Radar,15,61,24,0,100,0,0,7,0,7,15,61,31,0,107,0,0,0,107
02/07/2012,CID,IA,ACE,CE,Combined TRACON& Tower with Radar,11,63,24,0,98,0,0,0,0,0,11,63,24,0,98,0,0,0,98
02/08/2012,CID,IA,ACE,CE,Combined TRACON& Tower with Radar,21,65,32,0,118,0,0,27,0,27,21,65,59,0,145,42,0,42,187
02/09/2012,CID,IA,ACE,CE,Combined TRACON& Tower with Radar,16,72,35,0,123,0,0,25,0,25,16,72,60,0,148,16,0,16,164
02/10/2012,CID,IA,ACE,CE,Combined TRACON& Tower with Radar,17,65,25,0,107,0,0,3,0,3,17,65,28,0,110,4,0,4,114
02/11/2012,CID,IA,ACE,CE,Combined TRACON& Tower with Radar,16,41,6,0,63,0,0,28,0,28,16,41,34,0,91,6,0,6,97
02/12/2012,CID,IA,ACE,CE,Combined TRACON& Tower with Radar,8,49,28,0,85,0,0,56,0,56,8,49,84,0,141,32,0,32,173
02/13/2012,CID,IA,ACE,CE,Combined TRACON& Tower with Radar,14,61,27,0,102,0,0,0,0,0,14,61,27,0,102,0,0,0,102
02/14/2012,CID,IA,ACE,CE,Combined TRACON& Tower with Radar,15,67,23,0,105,0,0,6,0,6,15,67,29,0,111,8,0,8,119
02/15/2012,CID,IA,ACE,CE,Combined TRACON& Tower with Radar,18,70,31,2,121,0,0,7,0,7,18,70,38,2,128,0,0,0,128
02/16/2012,CID,IA,ACE,CE,Combined TRACON& Tower with Radar,16,67,31,4,118,0,0,25,2,27,16,67,56,6,145,8,0,8,153
02/17/2012,CID,IA,ACE,CE,Combined TRACON& Tower with Radar,17,67,34,0,118,0,0,26,0,26,17,67,60,0,144,0,0,0,144
02/18/2012,CID,IA,ACE,CE,Combined TRACON& Tower with Radar,9,45,16,0,70,0,0,71,1,72,9,45,87,1,142,38,0,38,180
02/19/2012,CID,IA,ACE,CE,Combined TRACON& Tower with Radar,7,53,19,0,79,0,0,57,0,57,7,53,76,0,136,34,0,34,170
02/20/2012,CID,IA,ACE,CE,Combined TRACON& Tower with Radar,14,65,22,0,101,0,0,19,0,19,14,65,41,0,120,0,0,0,120
02/21/2012,CID,IA,ACE,CE,Combined TRACON& Tower with Radar,14,72,33,0,119,0,0,16,0,16,14,72,49,0,135,12,0,12,147
02/22/2012,CID,IA,ACE,CE,Combined TRACON& Tower with Radar,16,68,27,4,115,0,0,28,0,28,16,68,55,4,143,16,0,16,159
02/23/2012,CID,IA,ACE,CE,Combined TRACON& Tower with Radar,14,65,30,0,109,0,0,3,0,3,14,65,33,0,112,4,0,4,116
02/24/2012,CID,IA,ACE,CE,Combined TRACON& Tower with Radar,18,69,18,0,105,0,0,5,0,5,18,69,23,0,110,0,0,0,110
02/25/2012,CID,IA,ACE,CE,Combined TRACON& Tower with Radar,11,47,32,0,90,0,0,38,0,38,11,47,70,0,128,12,0,12,140
02/26/2012,CID,IA,ACE,CE,Combined TRACON& Tower with Radar,8,52,10,0,70,0,0,10,0,10,8,52,20,0,80,0,0,0,80
02/27/2012,CID,IA,ACE,CE,Combined TRACON& Tower with Radar,15,63,30,0,108,0,0,26,0,26,15,63,56,0,134,16,0,16,150
02/28/2012,CID,IA,ACE,CE,Combined TRACON& Tower with Radar,16,67,32,2,117,0,0,5,0,5,16,67,37,2,122,4,0,4,126
02/29/2012,CID,IA,ACE,CE,Combined TRACON& Tower with Radar,18,68,16,0,102,0,0,0,0,0,18,68,16,0,102,0,0,0,102
03/01/2012,CID,IA,ACE,CE,Combined TRACON& Tower with Radar,21,70,40,33,164,0,0,21,0,21,21,70,61,33,185,10,36,46,231
03/02/2012,CID,IA,ACE,CE,Combined TRACON& Tower with Radar,13,64,17,0,94,0,0,2,0,2,13,64,19,0,96,0,0,0,96
03/03/2012,CID,IA,ACE,CE,Combined TRACON& Tower with Radar,11,41,4,2,58,0,0,6,0,6,11,41,10,2,64,0,0,0,64
03/04/2012,CID,IA,ACE,CE,Combined TRACON& Tower with Radar,10,53,7,0,70,0,0,25,0,25,10,53,32,0,95,28,0,28,123
03/05/2012,CID,IA,ACE,CE,Combined TRACON& Tower with Radar,17,60,16,0,93,0,0,19,0,19,17,60,35,0,112,20,0,20,132
03/06/2012,CID,IA,ACE,CE,Combined TRACON& Tower with Radar,18,64,25,0,107,0,0,6,0,6,18,64,31,0,113,0,0,0,113
03/07/2012,CID,IA,ACE,CE,Combined TRACON& Tower with Radar,21,63,21,0,105,0,0,14,0,14,21,63,35,0,119,6,0,6,125
03/08/2012,CID,IA,ACE,CE,Combined TRACON& Tower with Radar,19,62,18,0,99,0,0,18,0,18,19,62,36,0,117,0,0,0,117
03/09/2012,CID,IA,ACE,CE,Combined TRACON& Tower with Radar,22,73,25,5,125,0,0,34,3,37,22,73,59,8,162,69,0,69,231
03/10/2012,CID,IA,ACE,CE,Combined TRACON& Tower with Radar,17,45,6,0,68,0,0,19,0,19,17,45,25,0,87,6,0,6,93
03/11/2012,CID,IA,ACE,CE,Combined TRACON& Tower with Radar,13,50,14,0,77,0,0,32,0,32,13,50,46,0,109,37,0,37,146
03/12/2012,CID,IA,ACE,CE,Combined TRACON& Tower with Radar,16,61,11,0,88,0,0,9,0,9,16,61,20,0,97,18,0,18,115
03/13/2012,CID,IA,ACE,CE,Combined TRACON& Tower with Radar,19,66,27,0,112,0,1,43,0,44,19,67,70,0,156,25,0,25,181
03/14/2012,CID,IA,ACE,CE,Combined TRACON& Tower with Radar,19,65,29,2,115,0,0,43,0,43,19,65,72,2,158,28,0,28,186
03/15/2012,CID,IA,ACE,CE,Combined TRACON& Tower with Radar,21,65,36,0,122,0,0,53,0,53,21,65,89,0,175,54,0,54,229
03/16/2012,CID,IA,ACE,CE,Combined TRACON& Tower with Radar,18,66,22,2,108,0,0,43,0,43,18,66,65,2,151,2,0,2,153
03/17/2012,CID,IA,ACE,CE,Combined TRACON& Tower with Radar,18,42,12,2,74,0,0,21,0,21,18,42,33,2,95,20,0,20,115
03/18/2012,CID,IA,ACE,CE,Combined TRACON& Tower with Radar,11,50,16,0,77,0,0,30,0,30,11,50,46,0,107,28,0,28,135
03/19/2012,CID,IA,ACE,CE,Combined TRACON& Tower with Radar,17,63,8,0,88,0,0,3,0,3,17,63,11,0,91,0,0,0,91
03/20/2012,CID,IA,ACE,CE,Combined TRACON& Tower with Radar,16,63,32,0,111,0,0,9,0,9,16,63,41,0,120,2,0,2,122
03/21/2012,CID,IA,ACE,CE,Combined TRACON& Tower with Radar,20,68,29,2,119,0,0,25,0,25,20,68,54,2,144,11,0,11,155
03/22/2012,CID,IA,ACE,CE,Combined TRACON& Tower with Radar,19,69,38,0,126,0,0,3,0,3,19,69,41,0,129,0,0,0,129
03/23/2012,CID,IA,ACE,CE,Combined TRACON& Tower with Radar,17,67,21,4,109,0,0,13,0,13,17,67,34,4,122,24,0,24,146
03/24/2012,CID,IA,ACE,CE,Combined TRACON& Tower with Radar,17,43,29,0,89,0,0,7,0,7,17,43,36,0,96,12,0,12,108
03/25/2012,CID,IA,ACE,CE,Combined TRACON& Tower with Radar,9,49,15,0,73,0,0,66,0,66,9,49,81,0,139,126,0,126,265
03/26/2012,CID,IA,ACE,CE,Combined TRACON& Tower with Radar,16,62,18,0,96,0,0,10,0,10,16,62,28,0,106,0,0,0,106
03/27/2012,CID,IA,ACE,CE,Combined TRACON& Tower with Radar,17,61,31,0,109,0,0,4,0,4,17,61,35,0,113,8,0,8,121
03/28/2012,CID,IA,ACE,CE,Combined TRACON& Tower with Radar,19,62,32,0,113,0,0,51,0,51,19,62,83,0,164,6,0,6,170
03/29/2012,CID,IA,ACE,CE,Combined TRACON& Tower with Radar,19,66,32,2,119,0,1,30,0,31,19,67,62,2,150,6,0,6,156
03/30/2012,CID,IA,ACE,CE,Combined TRACON& Tower with Radar,19,61,30,0,110,0,0,2,0,2,19,61,32,0,112,14,0,14,126
03/31/2012,CID,IA,ACE,CE,Combined TRACON& Tower with Radar,10,49,26,0,85,0,0,16,0,16,10,49,42,0,101,42,0,42,143
04/01/2012,CID,IA,ACE,CE,Combined TRACON& Tower with Radar,8,58,20,0,86,0,0,69,4,73,8,58,89,4,159,194,0,194,353
04/02/2012,CID,IA,ACE,CE,Combined TRACON& Tower with Radar,13,66,19,1,99,0,0,19,2,21,13,66,38,3,120,34,0,34,154
04/03/2012,CID,IA,ACE,CE,Combined TRACON& Tower with Radar,16,58,28,1,103,0,0,25,0,25,16,58,53,1,128,48,0,48,176
04/04/2012,CID,IA,ACE,CE,Combined TRACON& Tower with Radar,13,68,31,2,114,0,0,33,2,35,13,68,64,4,149,56,0,56,205
04/05/2012,CID,IA,ACE,CE,Combined TRACON& Tower with Radar,18,72,32,2,124,0,0,34,2,36,18,72,66,4,160,74,0,74,234
04/06/2012,CID,IA,ACE,CE,Combined TRACON& Tower with Radar,15,74,21,0,110,0,0,46,1,47,15,74,67,1,157,48,0,48,205
04/07/2012,CID,IA,ACE,CE,Combined TRACON& Tower with Radar,10,46,4,0,60,0,0,14,0,14,10,46,18,0,74,14,0,14,88
04/08/2012,CID,IA,ACE,CE,Combined TRACON& Tower with Radar,9,53,10,0,72,0,0,29,0,29,9,53,39,0,101,23,0,23,124
04/09/2012,CID,IA,ACE,CE,Combined TRACON& Tower with Radar,15,66,14,0,95,0,0,16,0,16,15,66,30,0,111,0,0,0,111
04/10/2012,CID,IA,ACE,CE,Combined TRACON& Tower with Radar,15,71,25,0,111,0,0,16,0,16,15,71,41,0,127,14,0,14,141
04/11/2012,CID,IA,ACE,CE,Combined TRACON& Tower with Radar,13,69,23,0,105,0,0,67,0,67,13,69,90,0,172,14,0,14,186
04/12/2012,CID,IA,ACE,CE,Combined TRACON& Tower with Radar,15,72,33,0,120,0,0,48,0,48,15,72,81,0,168,82,0,82,250
04/13/2012,CID,IA,ACE,CE,Combined TRACON& Tower with Radar,13,71,7,0,91,0,0,2,0,2,13,71,9,0,93,0,0,0,93
04/14/2012,CID,IA,ACE,CE,Combined TRACON& Tower with Radar,11,44,21,0,76,0,0,2,0,2,11,44,23,0,78,18,0,18,96
04/15/2012,CID,IA,ACE,CE,Combined TRACON& Tower with Radar,6,55,6,0,67,0,0,0,0,0,6,55,6,0,67,0,0,0,67
04/16/2012,CID,IA,ACE,CE,Combined TRACON& Tower with Radar,13,68,24,0,105,0,0,8,2,10,13,68,32,2,115,18,0,18,133
04/17/2012,CID,IA,ACE,CE,Combined TRACON& Tower with Radar,12,65,36,1,114,0,0,56,1,57,12,65,92,2,171,58,0,58,229
04/18/2012,CID,IA,ACE,CE,Combined TRACON& Tower with Radar,12,68,16,0,96,0,0,29,0,29,12,68,45,0,125,14,0,14,139
04/19/2012,CID,IA,ACE,CE,Combined TRACON& Tower with Radar,14,70,27,0,111,0,0,9,0,9,14,70,36,0,120,32,0,32,152
04/20/2012,CID,IA,ACE,CE,Combined TRACON& Tower with Radar,15,74,26,0,115,0,0,21,0,21,15,74,47,0,136,24,0,24,160
04/21/2012,CID,IA,ACE,CE,Combined TRACON& Tower with Radar,9,42,31,0,82,0,1,52,3,56,9,43,83,3,138,56,0,56,194
04/22/2012,CID,IA,ACE,CE,Combined TRACON& Tower with Radar,6,60,16,2,84,0,0,38,1,39,6,60,54,3,123,34,0,34,157
04/23/2012,CID,IA,ACE,CE,Combined TRACON& Tower with Radar,13,69,29,0,111,0,0,38,0,38,13,69,67,0,149,30,0,30,179
04/24/2012,CID,IA,ACE,CE,Combined TRACON& Tower with Radar,16,70,29,3,118,0,0,41,0,41,16,70,70,3,159,60,0,60,219
04/25/2012,CID,IA,ACE,CE,Combined TRACON& Tower with Radar,15,67,27,4,113,0,0,17,3,20,15,67,44,7,133,0,0,0,133
04/26/2012,CID,IA,ACE,CE,Combined TRACON& Tower with Radar,14,68,40,3,125,0,1,38,2,41,14,69,78,5,166,48,0,48,214
04/27/2012,CID,IA,ACE,CE,Combined TRACON& Tower with Radar,15,71,15,0,101,0,0,15,0,15,15,71,30,0,116,0,0,0,116
04/28/2012,CID,IA,ACE,CE,Combined TRACON& Tower with Radar,7,42,35,0,84,0,0,3,0,3,7,42,38,0,87,18,0,18,105
04/29/2012,CID,IA,ACE,CE,Combined TRACON& Tower with Radar,6,54,21,0,81,0,0,4,0,4,6,54,25,0,85,30,0,30,115
04/30/2012,CID,IA,ACE,CE,Combined TRACON& Tower with Radar,13,69,37,2,121,0,0,27,0,27,13,69,64,2,148,0,0,0,148
05/01/2012,CID,IA,ACE,CE,Combined TRACON& Tower with Radar,11,68,32,2,113,0,0,3,0,3,11,68,35,2,116,40,0,40,156
05/02/2012,CID,IA,ACE,CE,Combined TRACON& Tower with Radar,15,67,32,0,114,0,0,19,0,19,15,67,51,0,133,68,0,68,201
05/03/2012,CID,IA,ACE,CE,Combined TRACON& Tower with Radar,12,68,40,0,120,0,0,16,0,16,12,68,56,0,136,24,0,24,160
05/04/2012,CID,IA,ACE,CE,Combined TRACON& Tower with Radar,13,67,16,0,96,0,0,14,0,14,13,67,30,0,110,64,0,64,174
05/05/2012,CID,IA,ACE,CE,Combined TRACON& Tower with Radar,9,44,18,0,71,0,1,24,0,25,9,45,42,0,96,10,0,10,106
05/06/2012,CID,IA,ACE,CE,Combined TRACON& Tower with Radar,5,52,9,0,66,0,0,0,0,0,5,52,9,0,66,0,0,0,66
05/07/2012,CID,IA,ACE,CE,Combined TRACON& Tower with Radar,11,66,37,0,114,0,0,13,0,13,11,66,50,0,127,0,0,0,127
05/08/2012,CID,IA,ACE,CE,Combined TRACON& Tower with Radar,12,66,23,0,101,0,0,20,0,20,12,66,43,0,121,0,0,0,121
05/09/2012,CID,IA,ACE,CE,Combined TRACON& Tower with Radar,13,66,45,2,126,0,0,36,0,36,13,66,81,2,162,57,0,57,219
05/10/2012,CID,IA,ACE,CE,Combined TRACON& Tower with Radar,15,72,40,1,128,0,0,42,1,43,15,72,82,2,171,124,0,124,295
05/11/2012,CID,IA,ACE,CE,Combined TRACON& Tower with Radar,15,70,26,0,111,0,0,32,0,32,15,70,58,0,143,0,0,0,143
05/12/2012,CID,IA,ACE,CE,Combined TRACON& Tower with Radar,6,44,24,0,74,0,0,44,0,44,6,44,68,0,118,92,0,92,210
05/13/2012,CID,IA,ACE,CE,Combined TRACON& Tower with Radar,5,56,14,0,75,0,0,49,0,49,5,56,63,0,124,82,0,82,206
05/14/2012,CID,IA,ACE,CE,Combined TRACON& Tower with Radar,15,73,19,0,107,0,0,32,0,32,15,73,51,0,139,0,0,0,139
05/15/2012,CID,IA,ACE,CE,Combined TRACON& Tower with Radar,10,70,35,0,115,0,0,25,0,25,10,70,60,0,140,78,0,78,218
05/16/2012,CID,IA,ACE,CE,Combined TRACON& Tower with Radar,13,69,31,1,114,0,0,32,0,32,13,69,63,1,146,26,0,26,172
05/17/2012,CID,IA,ACE,CE,Combined TRACON& Tower with Radar,15,70,36,1,122,0,0,31,1,32,15,70,67,2,154,48,0,48,202
05/18/2012,CID,IA,ACE,CE,Combined TRACON& Tower with Radar,14,72,21,0,107,0,0,26,0,26,14,72,47,0,133,17,0,17,150
05/19/2012,CID,IA,ACE,CE,Combined TRACON& Tower with Radar,8,44,21,0,73,0,0,25,0,25,8,44,46,0,98,37,0,37,135
05/20/2012,CID,IA,ACE,CE,Combined TRACON& Tower with Radar,8,54,15,0,77,0,1,27,0,28,8,55,42,0,105,24,0,24,129
05/21/2012,CID,IA,ACE,CE,Combined TRACON& Tower with Radar,12,68,28,0,108,0,0,24,0,24,12,68,52,0,132,6,0,6,138
05/22/2012,CID,IA,ACE,CE,Combined TRACON& Tower with Radar,12,69,32,1,114,0,0,27,0,27,12,69,59,1,141,38,0,38,179
05/23/2012,CID,IA,ACE,CE,Combined TRACON& Tower with Radar,9,72,34,0,115,0,0,26,0,26,9,72,60,0,141,8,0,8,149
05/24/2012,CID,IA,ACE,CE,Combined TRACON& Tower with Radar,16,72,39,0,127,0,0,22,0,22,16,72,61,0,149,0,0,0,149
05/25/2012,CID,IA,ACE,CE,Combined TRACON& Tower with Radar,13,78,24,2,117,0,0,49,0,49,13,78,73,2,166,16,0,16,182
05/26/2012,CID,IA,ACE,CE,Combined TRACON& Tower with Radar,7,44,13,0,64,0,1,20,0,21,7,45,33,0,85,90,0,90,175
05/27/2012,CID,IA,ACE,CE,Combined TRACON& Tower with Radar,9,40,6,0,55,0,4,15,0,19,9,44,21,0,74,20,0,20,94
05/28/2012,CID,IA,ACE,CE,Combined TRACON& Tower with Radar,7,58,7,0,72,0,1,22,0,23,7,59,29,0,95,0,0,0,95
05/29/2012,CID,IA,ACE,CE,Combined TRACON& Tower with Radar,8,72,26,0,106,0,0,24,0,24,8,72,50,0,130,68,0,68,198
05/30/2012,CID,IA,ACE,CE,Combined TRACON& Tower with Radar,14,67,20,0,101,0,0,46,0,46,14,67,66,0,147,63,0,63,210
05/31/2012,CID,IA,ACE,CE,Combined TRACON& Tower with Radar,15,70,29,2,116,0,0,1,0,1,15,70,30,2,117,0,0,0,117
06/01/2012,CID,IA,ACE,CE,Combined TRACON& Tower with Radar,14,74,28,0,116,0,0,51,0,51,14,74,79,0,167,10,0,10,177
06/02/2012,CID,IA,ACE,CE,Combined TRACON& Tower with Radar,8,45,21,0,74,0,0,40,0,40,8,45,61,0,114,78,0,78,192
06/03/2012,CID,IA,ACE,CE,Combined TRACON& Tower with Radar,9,53,21,0,83,0,1,54,0,55,9,54,75,0,138,40,0,40,178
06/04/2012,CID,IA,ACE,CE,Combined TRACON& Tower with Radar,11,72,40,0,123,0,0,26,0,26,11,72,66,0,149,26,0,26,175
06/05/2012,CID,IA,ACE,CE,Combined TRACON& Tower with Radar,19,68,26,0,113,0,0,37,0,37,19,68,63,0,150,50,0,50,200
06/06/2012,CID,IA,ACE,CE,Combined TRACON& Tower with Radar,13,69,39,0,121,0,0,49,0,49,13,69,88,0,170,60,0,60,230
06/07/2012,CID,IA,ACE,CE,Combined TRACON& Tower with Radar,17,74,35,0,126,0,1,34,0,35,17,75,69,0,161,74,0,74,235
06/08/2012,CID,IA,ACE,CE,Combined TRACON& Tower with Radar,12,73,25,3,113,0,0,25,1,26,12,73,50,4,139,0,4,4,143
06/09/2012,CID,IA,ACE,CE,Combined TRACON& Tower with Radar,10,44,20,0,74,0,0,54,0,54,10,44,74,0,128,8,0,8,136
06/10/2012,CID,IA,ACE,CE,Combined TRACON& Tower with Radar,12,61,22,0,95,0,0,23,0,23,12,61,45,0,118,46,0,46,164
06/11/2012,CID,IA,ACE,CE,Combined TRACON& Tower with Radar,12,71,32,0,115,0,0,24,0,24,12,71,56,0,139,30,0,30,169
06/12/2012,CID,IA,ACE,CE,Combined TRACON& Tower with Radar,13,74,50,0,137,0,0,43,0,43,13,74,93,0,180,56,0,56,236
06/13/2012,CID,IA,ACE,CE,Combined TRACON& Tower with Radar,11,74,35,2,122,0,0,37,0,37,11,74,72,2,159,78,0,78,237
06/14/2012,CID,IA,ACE,CE,Combined TRACON& Tower with Radar,16,64,40,0,120,0,0,24,0,24,16,64,64,0,144,0,0,0,144
06/15/2012,CID,IA,ACE,CE,Combined TRACON& Tower with Radar,17,76,26,0,119,0,0,37,0,37,17,76,63,0,156,44,0,44,200
06/16/2012,CID,IA,ACE,CE,Combined TRACON& Tower with Radar,11,43,7,0,61,0,0,18,0,18,11,43,25,0,79,0,0,0,79
06/17/2012,CID,IA,ACE,CE,Combined TRACON& Tower with Radar,11,59,26,0,96,0,0,53,0,53,11,59,79,0,149,70,0,70,219
06/18/2012,CID,IA,ACE,CE,Combined TRACON& Tower with Radar,12,63,29,0,104,0,0,8,0,8,12,63,37,0,112,10,0,10,122
06/19/2012,CID,IA,ACE,CE,Combined TRACON& Tower with Radar,12,72,31,0,115,0,0,20,2,22,12,72,51,2,137,8,0,8,145
06/20/2012,CID,IA,ACE,CE,Combined TRACON& Tower with Radar,13,73,27,0,113,0,0,16,2,18,13,73,43,2,131,0,0,0,131
06/21/2012,CID,IA,ACE,CE,Combined TRACON& Tower with Radar,17,70,40,1,128,0,0,49,0,49,17,70,89,1,177,38,0,38,215
06/22/2012,CID,IA,ACE,CE,Combined TRACON& Tower with Radar,14,71,41,0,126,0,0,69,0,69,14,71,110,0,195,48,0,48,243
06/23/2012,CID,IA,ACE,CE,Combined TRACON& Tower with Radar,11,43,16,0,70,0,0,32,0,32,11,43,48,0,102,58,0,58,160
06/24/2012,CID,IA,ACE,CE,Combined TRACON& Tower with Radar,9,62,23,0,94,0,2,46,0,48,9,64,69,0,142,40,0,40,182
06/25/2012,CID,IA,ACE,CE,Combined TRACON& Tower with Radar,11,71,30,0,112,0,2,29,0,31,11,73,59,0,143,52,0,52,195
06/26/2012,CID,IA,ACE,CE,Combined TRACON& Tower with Radar,16,76,43,2,137,0,3,60,0,63,16,79,103,2,200,44,0,44,244
06/27/2012,CID,IA,ACE,CE,Combined TRACON& Tower with Radar,11,75,48,0,134,0,0,45,0,45,11,75,93,0,179,20,0,20,199
06/28/2012,CID,IA,ACE,CE,Combined TRACON& Tower with Radar,18,73,39,0,130,0,0,29,0,29,18,73,68,0,159,90,0,90,249
06/29/2012,CID,IA,ACE,CE,Combined TRACON& Tower with Radar,12,68,20,0,100,0,1,11,0,12,12,69,31,0,112,8,0,8,120
06/30/2012,CID,IA,ACE,CE,Combined TRACON& Tower with Radar,12,46,18,2,78,0,0,36,0,36,12,46,54,2,114,52,0,52,166
07/01/2012,CID,IA,ACE,CE,Combined TRACON& Tower with Radar,9,66,17,0,92,0,0,27,0,27,9,66,44,0,119,0,0,0,119
07/02/2012,CID,IA,ACE,CE,Combined TRACON& Tower with Radar,15,55,20,0,90,0,0,21,0,21,15,55,41,0,111,26,0,26,137
07/03/2012,CID,IA,ACE,CE,Combined TRACON& Tower with Radar,15,60,26,0,101,0,0,30,0,30,15,60,56,0,131,28,0,28,159
07/04/2012,CID,IA,ACE,CE,Combined TRACON& Tower with Radar,6,39,5,0,50,0,1,32,0,33,6,40,37,0,83,14,0,14,97
07/05/2012,CID,IA,ACE,CE,Combined TRACON& Tower with Radar,19,57,27,2,105,0,0,24,0,24,19,57,51,2,129,76,0,76,205
07/06/2012,CID,IA,ACE,CE,Combined TRACON& Tower with Radar,18,60,6,0,84,0,0,21,3,24,18,60,27,3,108,20,0,20,128
07/07/2012,CID,IA,ACE,CE,Combined TRACON& Tower with Radar,12,50,22,2,86,0,0,37,0,37,12,50,59,2,123,8,0,8,131
07/08/2012,CID,IA,ACE,CE,Combined TRACON& Tower with Radar,11,59,23,0,93,0,0,43,0,43,11,59,66,0,136,32,0,32,168
07/09/2012,CID,IA,ACE,CE,Combined TRACON& Tower with Radar,15,74,20,3,112,0,0,30,0,30,15,74,50,3,142,86,0,86,228
07/10/2012,CID,IA,ACE,CE,Combined TRACON& Tower with Radar,17,72,41,4,134,0,0,22,1,23,17,72,63,5,157,54,0,54,211
07/11/2012,CID,IA,ACE,CE,Combined TRACON& Tower with Radar,13,68,32,4,117,0,0,36,0,36,13,68,68,4,153,90,0,90,243
07/12/2012,CID,IA,ACE,CE,Combined TRACON& Tower with Radar,17,70,33,0,120,0,0,34,0,34,17,70,67,0,154,64,0,64,218
07/13/2012,CID,IA,ACE,CE,Combined TRACON& Tower with Radar,15,69,25,0,109,0,0,14,0,14,15,69,39,0,123,20,0,20,143
07/14/2012,CID,IA,ACE,CE,Combined TRACON& Tower with Radar,12,41,12,2,67,0,0,40,0,40,12,41,52,2,107,46,0,46,153
07/15/2012,CID,IA,ACE,CE,Combined TRACON& Tower with Radar,11,57,22,0,90,0,0,30,0,30,11,57,52,0,120,46,0,46,166
07/16/2012,CID,IA,ACE,CE,Combined TRACON& Tower with Radar,13,68,20,0,101,0,0,32,0,32,13,68,52,0,133,22,0,22,155
07/17/2012,CID,IA,ACE,CE,Combined TRACON& Tower with Radar,13,70,33,0,116,0,0,33,4,37,13,70,66,4,153,56,0,56,209
07/18/2012,CID,IA,ACE,CE,Combined TRACON& Tower with Radar,13,66,28,0,107,0,0,36,1,37,13,66,64,1,144,46,0,46,190
07/19/2012,CID,IA,ACE,CE,Combined TRACON& Tower with Radar,20,68,30,1,119,0,0,45,0,45,20,68,75,1,164,82,0,82,246
07/20/2012,CID,IA,ACE,CE,Combined TRACON& Tower with Radar,15,67,26,1,109,0,0,42,0,42,15,67,68,1,151,18,0,18,169
07/21/2012,CID,IA,ACE,CE,Combined TRACON& Tower with Radar,12,44,13,0,69,0,0,55,0,55,12,44,68,0,124,46,0,46,170
07/22/2012,CID,IA,ACE,CE,Combined TRACON& Tower with Radar,13,60,18,0,91,0,0,30,0,30,13,60,48,0,121,34,0,34,155
07/23/2012,CID,IA,ACE,CE,Combined TRACON& Tower with Radar,13,66,22,0,101,0,0,27,0,27,13,66,49,0,128,42,0,42,170
07/24/2012,CID,IA,ACE,CE,Combined TRACON& Tower with Radar,11,73,41,2,127,0,0,21,4,25,11,73,62,6,152,66,0,66,218
07/25/2012,CID,IA,ACE,CE,Combined TRACON& Tower with Radar,12,69,22,0,103,0,0,22,0,22,12,69,44,0,125,4,0,4,129
07/26/2012,CID,IA,ACE,CE,Combined TRACON& Tower with Radar,19,65,40,0,124,0,0,30,0,30,19,65,70,0,154,64,0,64,218
07/27/2012,CID,IA,ACE,CE,Combined TRACON& Tower with Radar,17,68,35,0,120,0,0,26,0,26,17,68,61,0,146,6,0,6,152
07/28/2012,CID,IA,ACE,CE,Combined TRACON& Tower with Radar,12,44,11,0,67,0,0,28,0,28,12,44,39,0,95,16,0,16,111
07/29/2012,CID,IA,ACE,CE,Combined TRACON& Tower with Radar,11,60,26,0,97,0,0,22,0,22,11,60,48,0,119,26,0,26,145
07/30/2012,CID,IA,ACE,CE,Combined TRACON& Tower with Radar,13,71,27,0,111,0,0,28,0,28,13,71,55,0,139,76,0,76,215
07/31/2012,CID,IA,ACE,CE,Combined TRACON& Tower with Radar,14,75,35,0,124,0,1,36,0,37,14,76,71,0,161,51,0,51,212
08/01/2012,CID,IA,ACE,CE,Combined TRACON& Tower with Radar,12,70,20,7,109,0,0,38,3,41,12,70,58,10,150,104,6,110,260
08/02/2012,CID,IA,ACE,CE,Combined TRACON& Tower with Radar,18,67,42,0,127,0,0,36,0,36,18,67,78,0,163,99,0,99,262
08/03/2012,CID,IA,ACE,CE,Combined TRACON& Tower with Radar,18,73,35,1,127,0,0,60,0,60,18,73,95,1,187,74,0,74,261
08/04/2012,CID,IA,ACE,CE,Combined TRACON& Tower with Radar,12,47,9,0,68,0,0,25,0,25,12,47,34,0,93,48,0,48,141
08/05/2012,CID,IA,ACE,CE,Combined TRACON& Tower with Radar,9,62,16,1,88,0,0,48,0,48,9,62,64,1,136,8,0,8,144
08/06/2012,CID,IA,ACE,CE,Combined TRACON& Tower with Radar,13,73,27,0,113,0,1,35,2,38,13,74,62,2,151,42,0,42,193
08/07/2012,CID,IA,ACE,CE,Combined TRACON& Tower with Radar,12,73,22,1,108,0,2,46,0,48,12,75,68,1,156,38,0,38,194
08/08/2012,CID,IA,ACE,CE,Combined TRACON& Tower with Radar,12,75,26,0,113,0,0,12,0,12,12,75,38,0,125,40,0,40,165
08/09/2012,CID,IA,ACE,CE,Combined TRACON& Tower with Radar,18,71,29,0,118,0,0,16,0,16,18,71,45,0,134,6,0,6,140
08/10/2012,CID,IA,ACE,CE,Combined TRACON& Tower with Radar,18,75,25,0,118,0,0,30,0,30,18,75,55,0,148,32,0,32,180
08/11/2012,CID,IA,ACE,CE,Combined TRACON& Tower with Radar,10,47,19,2,78,0,0,45,0,45,10,47,64,2,123,66,0,66,189
08/12/2012,CID,IA,ACE,CE,Combined TRACON& Tower with Radar,8,61,18,0,87,0,0,15,4,19,8,61,33,4,106,10,6,16,122
08/13/2012,CID,IA,ACE,CE,Combined TRACON& Tower with Radar,13,65,34,2,114,0,0,9,0,9,13,65,43,2,123,28,0,28,151
08/14/2012,CID,IA,ACE,CE,Combined TRACON& Tower with Radar,10,75,36,1,122,0,0,23,1,24,10,75,59,2,146,26,0,26,172
08/15/2012,CID,IA,ACE,CE,Combined TRACON& Tower with Radar,12,74,22,5,113,0,0,19,0,19,12,74,41,5,132,16,0,16,148
08/16/2012,CID,IA,ACE,CE,Combined TRACON& Tower with Radar,20,67,38,0,125,0,0,12,0,12,20,67,50,0,137,0,0,0,137
08/17/2012,CID,IA,ACE,CE,Combined TRACON& Tower with Radar,16,72,43,0,131,0,0,63,0,63,16,72,106,0,194,36,0,36,230
08/18/2012,CID,IA,ACE,CE,Combined TRACON& Tower with Radar,9,46,31,0,86,0,0,70,1,71,9,46,101,1,157,74,0,74,231
08/19/2012,CID,IA,ACE,CE,Combined TRACON& Tower with Radar,10,54,23,0,87,0,1,46,0,47,10,55,69,0,134,68,0,68,202
08/20/2012,CID,IA,ACE,CE,Combined TRACON& Tower with Radar,9,72,34,2,117,0,0,43,0,43,9,72,77,2,160,44,0,44,204
08/21/2012,CID,IA,ACE,CE,Combined TRACON& Tower with Radar,9,73,34,0,116,0,0,51,0,51,9,73,85,0,167,44,0,44,211
08/22/2012,CID,IA,ACE,CE,Combined TRACON& Tower with Radar,13,75,35,2,125,0,0,36,0,36,13,75,71,2,161,84,0,84,245
08/23/2012,CID,IA,ACE,CE,Combined TRACON& Tower with Radar,18,74,44,2,138,0,0,34,0,34,18,74,78,2,172,40,0,40,212
08/24/2012,CID,IA,ACE,CE,Combined TRACON& Tower with Radar,14,78,27,0,119,0,1,30,0,31,14,79,57,0,150,6,0,6,156
08/25/2012,CID,IA,ACE,CE,Combined TRACON& Tower with Radar,6,43,23,0,72,0,0,33,0,33,6,43,56,0,105,10,0,10,115
08/26/2012,CID,IA,ACE,CE,Combined TRACON& Tower with Radar,10,53,14,0,77,0,0,11,0,11,10,53,25,0,88,16,0,16,104
08/27/2012,CID,IA,ACE,CE,Combined TRACON& Tower with Radar,8,70,18,0,96,0,0,28,0,28,8,70,46,0,124,20,0,20,144
08/28/2012,CID,IA,ACE,CE,Combined TRACON& Tower with Radar,20,70,34,2,126,0,0,46,0,46,20,70,80,2,172,88,0,88,260
08/29/2012,CID,IA,ACE,CE,Combined TRACON& Tower with Radar,19,65,22,0,106,0,0,37,0,37,19,65,59,0,143,0,0,0,143
08/30/2012,CID,IA,ACE,CE,Combined TRACON& Tower with Radar,25,62,26,0,113,0,0,27,0,27,25,62,53,0,140,24,0,24,164
08/31/2012,CID,IA,ACE,CE,Combined TRACON& Tower with Radar,24,69,29,0,122,0,0,28,0,28,24,69,57,0,150,20,0,20,170
09/01/2012,CID,IA,ACE,CE,Combined TRACON& Tower with Radar,11,37,11,0,59,0,0,5,0,5,11,37,16,0,64,18,0,18,82
09/02/2012,CID,IA,ACE,CE,Combined TRACON& Tower with Radar,9,36,15,0,60,0,0,33,0,33,9,36,48,0,93,48,0,48,141
09/03/2012,CID,IA,ACE,CE,Combined TRACON& Tower with Radar,11,58,21,6,96,0,0,23,0,23,11,58,44,6,119,20,10,30,149
09/04/2012,CID,IA,ACE,CE,Combined TRACON& Tower with Radar,21,66,17,0,104,0,0,34,2,36,21,66,51,2,140,40,0,40,180
09/05/2012,CID,IA,ACE,CE,Combined TRACON& Tower with Radar,23,62,35,5,125,0,0,25,1,26,23,62,60,6,151,46,0,46,197
09/06/2012,CID,IA,ACE,CE,Combined TRACON& Tower with Radar,24,65,41,9,139,0,0,33,0,33,24,65,74,9,172,49,8,57,229
09/07/2012,CID,IA,ACE,CE,Combined TRACON& Tower with Radar,23,66,26,14,129,0,12,6,1,19,23,78,32,15,148,4,0,4,152
09/08/2012,CID,IA,ACE,CE,Combined TRACON& Tower with Radar,14,42,10,2,68,0,2,45,0,47,14,44,55,2,115,22,0,22,137
09/09/2012,CID,IA,ACE,CE,Combined TRACON& Tower with Radar,16,51,22,1,90,0,0,58,0,58,16,51,80,1,148,34,0,34,182
09/10/2012,CID,IA,ACE,CE,Combined TRACON& Tower with Radar,19,61,25,0,105,0,0,58,0,58,19,61,83,0,163,26,0,26,189
09/11/2012,CID,IA,ACE,CE,Combined TRACON& Tower with Radar,17,62,26,0,105,0,0,32,0,32,17,62,58,0,137,4,0,4,141
09/12/2012,CID,IA,ACE,CE,Combined TRACON& Tower with Radar,18,64,29,0,111,0,0,32,0,32,18,64,61,0,143,4,0,4,147
09/13/2012,CID,IA,ACE,CE,Combined TRACON& Tower with Radar,26,62,23,1,112,0,0,12,0,12,26,62,35,1,124,88,0,88,212
09/14/2012,CID,IA,ACE,CE,Combined TRACON& Tower with Radar,19,61,26,1,107,0,0,40,2,42,19,61,66,3,149,23,0,23,172
09/15/2012,CID,IA,ACE,CE,Combined TRACON& Tower with Radar,11,44,17,0,72,0,0,63,0,63,11,44,80,0,135,70,0,70,205
09/16/2012,CID,IA,ACE,CE,Combined TRACON& Tower with Radar,16,50,18,0,84,0,0,54,0,54,16,50,72,0,138,6,0,6,144
09/17/2012,CID,IA,ACE,CE,Combined TRACON& Tower with Radar,19,60,29,0,108,0,1,10,1,12,19,61,39,1,120,0,0,0,120
09/18/2012,CID,IA,ACE,CE,Combined TRACON& Tower with Radar,20,66,40,0,126,0,0,39,0,39,20,66,79,0,165,24,0,24,189
09/19/2012,CID,IA,ACE,CE,Combined TRACON& Tower with Radar,17,66,34,0,117,0,0,24,0,24,17,66,58,0,141,10,0,10,151
09/20/2012,CID,IA,ACE,CE,Combined TRACON& Tower with Radar,27,62,31,3,123,0,0,48,0,48,27,62,79,3,171,38,0,38,209
09/21/2012,CID,IA,ACE,CE,Combined TRACON& Tower with Radar,24,63,42,0,129,0,0,36,0,36,24,63,78,0,165,16,0,16,181
09/22/2012,CID,IA,ACE,CE,Combined TRACON& Tower with Radar,12,41,9,0,62,0,0,30,0,30,12,41,39,0,92,6,0,6,98
09/23/2012,CID,IA,ACE,CE,Combined TRACON& Tower with Radar,16,53,26,0,95,0,0,43,0,43,16,53,69,0,138,8,0,8,146
09/24/2012,CID,IA,ACE,CE,Combined TRACON& Tower with Radar,19,62,30,0,111,0,0,33,0,33,19,62,63,0,144,46,0,46,190
09/25/2012,CID,IA,ACE,CE,Combined TRACON& Tower with Radar,19,62,29,0,110,0,0,45,0,45,19,62,74,0,155,61,0,61,216
09/26/2012,CID,IA,ACE,CE,Combined TRACON& Tower with Radar,21,67,44,0,132,0,0,49,0,49,21,67,93,0,181,36,0,36,217
09/27/2012,CID,IA,ACE,CE,Combined TRACON& Tower with Radar,27,66,34,0,127,0,0,29,0,29,27,66,63,0,156,40,0,40,196
09/28/2012,CID,IA,ACE,CE,Combined TRACON& Tower with Radar,22,65,28,0,115,0,0,55,0,55,22,65,83,0,170,24,0,24,194
09/29/2012,CID,IA,ACE,CE,Combined TRACON& Tower with Radar,13,43,15,0,71,0,2,66,0,68,13,45,81,0,139,46,0,46,185
09/30/2012,CID,IA,ACE,CE,Combined TRACON& Tower with Radar,15,53,26,0,94,0,0,58,0,58,15,53,84,0,152,32,0,32,184
10/01/2012,CID,IA,ACE,CE,Combined TRACON& Tower with Radar,18,58,21,0,97,0,0,19,0,19,18,58,40,0,116,30,0,30,146
10/02/2012,CID,IA,ACE,CE,Combined TRACON& Tower with Radar,14,68,28,0,110,0,0,34,0,34,14,68,62,0,144,16,0,16,160
10/03/2012,CID,IA,ACE,CE,Combined TRACON& Tower with Radar,16,66,32,0,114,0,0,32,0,32,16,66,64,0,146,34,0,34,180
10/04/2012,CID,IA,ACE,CE,Combined TRACON& Tower with Radar,26,64,23,0,113,0,0,14,0,14,26,64,37,0,127,36,0,36,163
10/05/2012,CID,IA,ACE,CE,Combined TRACON& Tower with Radar,27,61,26,0,114,0,0,29,0,29,27,61,55,0,143,14,0,14,157
10/06/2012,CID,IA,ACE,CE,Combined TRACON& Tower with Radar,9,42,18,0,69,0,0,48,1,49,9,42,66,1,118,60,0,60,178
10/07/2012,CID,IA,ACE,CE,Combined TRACON& Tower with Radar,16,52,33,0,101,0,1,40,0,41,16,53,73,0,142,36,0,36,178
10/08/2012,CID,IA,ACE,CE,Combined TRACON& Tower with Radar,22,56,23,0,101,0,0,10,0,10,22,56,33,0,111,4,0,4,115
10/09/2012,CID,IA,ACE,CE,Combined TRACON& Tower with Radar,16,61,35,0,112,0,0,9,0,9,16,61,44,0,121,0,0,0,121
10/10/2012,CID,IA,ACE,CE,Combined TRACON& Tower with Radar,16,62,40,24,142,0,0,42,0,42,16,62,82,24,184,36,28,64,248
10/11/2012,CID,IA,ACE,CE,Combined TRACON& Tower with Radar,28,64,25,0,117,0,1,18,1,20,28,65,43,1,137,0,0,0,137
10/12/2012,CID,IA,ACE,CE,Combined TRACON& Tower with Radar,28,61,29,0,118,0,1,30,0,31,28,62,59,0,149,26,0,26,175
10/13/2012,CID,IA,ACE,CE,Combined TRACON& Tower with Radar,11,43,17,0,71,0,0,1,0,1,11,43,18,0,72,0,0,0,72
10/14/2012,CID,IA,ACE,CE,Combined TRACON& Tower with Radar,16,52,16,2,86,0,0,3,0,3,16,52,19,2,89,0,0,0,89
10/15/2012,CID,IA,ACE,CE,Combined TRACON& Tower with Radar,23,57,37,0,117,0,0,53,0,53,23,57,90,0,170,88,0,88,258
10/16/2012,CID,IA,ACE,CE,Combined TRACON& Tower with Radar,19,69,27,5,120,0,0,25,2,27,19,69,52,7,147,24,0,24,171
10/17/2012,CID,IA,ACE,CE,Combined TRACON& Tower with Radar,17,64,21,3,105,0,0,6,13,19,17,64,27,16,124,0,66,66,190
10/18/2012,CID,IA,ACE,CE,Combined TRACON& Tower with Radar,28,64,21,4,117,0,0,0,1,1,28,64,21,5,118,0,0,0,118
10/19/2012,CID,IA,ACE,CE,Combined TRACON& Tower with Radar,30,61,21,0,112,0,0,6,2,8,30,61,27,2,120,0,0,0,120
10/20/2012,CID,IA,ACE,CE,Combined TRACON& Tower with Radar,10,41,36,0,87,0,0,14,0,14,10,41,50,0,101,84,0,84,185
10/21/2012,CID,IA,ACE,CE,Combined TRACON& Tower with Radar,16,53,30,2,101,0,0,61,0,61,16,53,91,2,162,38,0,38,200
10/22/2012,CID,IA,ACE,CE,Combined TRACON& Tower with Radar,22,52,26,0,100,0,0,2,0,2,22,52,28,0,102,0,0,0,102
10/23/2012,CID,IA,ACE,CE,Combined TRACON& Tower with Radar,16,63,37,2,118,0,0,10,0,10,16,63,47,2,128,62,0,62,190
10/24/2012,CID,IA,ACE,CE,Combined TRACON& Tower with Radar,16,65,26,0,107,0,0,11,0,11,16,65,37,0,118,10,0,10,128
10/25/2012,CID,IA,ACE,CE,Combined TRACON& Tower with Radar,27,61,36,0,124,0,0,4,0,4,27,61,40,0,128,8,0,8,136
10/26/2012,CID,IA,ACE,CE,Combined TRACON& Tower with Radar,26,66,34,1,127,0,0,29,3,32,26,66,63,4,159,24,0,24,183
10/27/2012,CID,IA,ACE,CE,Combined TRACON& Tower with Radar,9,51,16,0,76,0,0,48,0,48,9,51,64,0,124,58,0,58,182
10/28/2012,CID,IA,ACE,CE,Combined TRACON& Tower with Radar,16,53,25,2,96,0,0,38,0,38,16,53,63,2,134,61,0,61,195
10/29/2012,CID,IA,ACE,CE,Combined TRACON& Tower with Radar,22,58,37,2,119,0,0,40,0,40,22,58,77,2,159,26,0,26,185
10/30/2012,CID,IA,ACE,CE,Combined TRACON& Tower with Radar,16,60,34,0,110,0,0,29,0,29,16,60,63,0,139,30,0,30,169
10/31/2012,CID,IA,ACE,CE,Combined TRACON& Tower with Radar,14,62,35,0,111,0,0,26,0,26,14,62,61,0,137,32,0,32,169
11/01/2012,CID,IA,ACE,CE,Combined TRACON& Tower with Radar,29,58,30,0,117,0,0,40,0,40,29,58,70,0,157,4,0,4,161
11/02/2012,CID,IA,ACE,CE,Combined TRACON& Tower with Radar,29,60,31,1,121,0,0,16,0,16,29,60,47,1,137,42,0,42,179
11/03/2012,CID,IA,ACE,CE,Combined TRACON& Tower with Radar,9,50,14,1,74,0,0,53,0,53,9,50,67,1,127,112,0,112,239
11/04/2012,CID,IA,ACE,CE,Combined TRACON& Tower with Radar,18,51,31,0,100,0,0,17,0,17,18,51,48,0,117,14,0,14,131
11/05/2012,CID,IA,ACE,CE,Combined TRACON& Tower with Radar,22,68,29,0,119,0,0,4,0,4,22,68,33,0,123,42,0,42,165
11/06/2012,CID,IA,ACE,CE,Combined TRACON& Tower with Radar,18,56,40,0,114,0,0,0,0,0,18,56,40,0,114,8,0,8,122
11/07/2012,CID,IA,ACE,CE,Combined TRACON& Tower with Radar,24,62,38,0,124,0,0,15,0,15,24,62,53,0,139,12,0,12,151
11/08/2012,CID,IA,ACE,CE,Combined TRACON& Tower with Radar,26,63,31,0,120,0,0,25,0,25,26,63,56,0,145,24,0,24,169
11/09/2012,CID,IA,ACE,CE,Combined TRACON& Tower with Radar,34,67,20,3,124,0,0,32,1,33,34,67,52,4,157,26,0,26,183
11/10/2012,CID,IA,ACE,CE,Combined TRACON& Tower with Radar,13,36,9,0,58,0,0,27,2,29,13,36,36,2,87,12,0,12,99
11/11/2012,CID,IA,ACE,CE,Combined TRACON& Tower with Radar,18,46,6,1,71,0,0,0,0,0,18,46,6,1,71,0,0,0,71
11/12/2012,CID,IA,ACE,CE,Combined TRACON& Tower with Radar,21,54,18,0,93,0,0,15,0,15,21,54,33,0,108,0,0,0,108
11/13/2012,CID,IA,ACE,CE,Combined TRACON& Tower with Radar,17,62,31,0,110,0,0,31,0,31,17,62,62,0,141,36,0,36,177
11/14/2012,CID,IA,ACE,CE,Combined TRACON& Tower with Radar,20,63,38,6,127,0,0,31,0,31,20,63,69,6,158,10,6,16,174
11/15/2012,CID,IA,ACE,CE,Combined TRACON& Tower with Radar,26,69,40,0,135,0,3,36,0,39,26,72,76,0,174,36,0,36,210
11/16/2012,CID,IA,ACE,CE,Combined TRACON& Tower with Radar,28,69,30,0,127,0,11,21,0,32,28,80,51,0,159,6,0,6,165
11/17/2012,CID,IA,ACE,CE,Combined TRACON& Tower with Radar,14,35,18,0,67,1,0,59,0,60,15,35,77,0,127,42,0,42,169
11/18/2012,CID,IA,ACE,CE,Combined TRACON& Tower with Radar,14,51,11,0,76,0,2,36,0,38,14,53,47,0,114,59,0,59,173
11/19/2012,CID,IA,ACE,CE,Combined TRACON& Tower with Radar,19,48,14,0,81,0,0,22,0,22,19,48,36,0,103,14,0,14,117
11/20/2012,CID,IA,ACE,CE,Combined TRACON& Tower with Radar,11,33,21,0,65,0,0,0,0,0,11,33,21,0,65,0,0,0,65
11/21/2012,CID,IA,ACE,CE,Combined TRACON& Tower with Radar,22,58,23,0,103,0,0,43,0,43,22,58,66,0,146,20,0,20,166
11/22/2012,CID,IA,ACE,CE,Combined TRACON& Tower with Radar,13,29,9,0,51,0,1,10,0,11,13,30,19,0,62,0,0,0,62
11/23/2012,CID,IA,ACE,CE,Combined TRACON& Tower with Radar,18,47,9,0,74,0,0,8,0,8,18,47,17,0,82,0,0,0,82
11/24/2012,CID,IA,ACE,CE,Combined TRACON& Tower with Radar,17,54,17,0,88,0,0,49,0,49,17,54,66,0,137,10,0,10,147
11/25/2012,CID,IA,ACE,CE,Combined TRACON& Tower with Radar,20,55,16,0,91,0,0,24,0,24,20,55,40,0,115,56,0,56,171
11/26/2012,CID,IA,ACE,CE,Combined TRACON& Tower with Radar,23,58,23,0,104,0,0,33,2,35,23,58,56,2,139,26,2,28,167
11/27/2012,CID,IA,ACE,CE,Combined TRACON& Tower with Radar,19,59,37,0,115,0,0,25,0,25,19,59,62,0,140,12,0,12,152
11/28/2012,CID,IA,ACE,CE,Combined TRACON& Tower with Radar,18,63,25,0,106,0,2,36,0,38,18,65,61,0,144,24,0,24,168
11/29/2012,CID,IA,ACE,CE,Combined TRACON& Tower with Radar,21,65,29,0,115,0,0,25,0,25,21,65,54,0,140,10,0,10,150
11/30/2012,CID,IA,ACE,CE,Combined TRACON& Tower with Radar,17,69,18,0,104,0,0,13,0,13,17,69,31,0,117,0,0,0,117
12/01/2012,CID,IA,ACE,CE,Combined TRACON& Tower with Radar,12,35,13,0,60,0,0,0,0,0,12,35,13,0,60,0,0,0,60
12/02/2012,CID,IA,ACE,CE,Combined TRACON& Tower with Radar,17,46,20,0,83,0,0,31,0,31,17,46,51,0,114,124,0,124,238
12/03/2012,CID,IA,ACE,CE,Combined TRACON& Tower with Radar,15,59,21,0,95,0,0,1,0,1,15,59,22,0,96,18,0,18,114
12/04/2012,CID,IA,ACE,CE,Combined TRACON& Tower with Radar,17,59,33,0,109,0,0,25,0,25,17,59,58,0,134,30,0,30,164
12/05/2012,CID,IA,ACE,CE,Combined TRACON& Tower with Radar,16,65,37,0,118,0,0,30,0,30,16,65,67,0,148,40,0,40,188
12/06/2012,CID,IA,ACE,CE,Combined TRACON& Tower with Radar,20,66,35,0,121,0,0,16,0,16,20,66,51,0,137,10,0,10,147
12/07/2012,CID,IA,ACE,CE,Combined TRACON& Tower with Radar,20,63,20,2,105,0,2,20,0,22,20,65,40,2,127,18,0,18,145
12/08/2012,CID,IA,ACE,CE,Combined TRACON& Tower with Radar,14,38,16,0,68,0,0,54,0,54,14,38,70,0,122,62,0,62,184
12/09/2012,CID,IA,ACE,CE,Combined TRACON& Tower with Radar,15,46,11,0,72,0,0,2,0,2,15,46,13,0,74,0,0,0,74
12/10/2012,CID,IA,ACE,CE,Combined TRACON& Tower with Radar,15,60,22,0,97,0,0,1,0,1,15,60,23,0,98,0,0,0,98
12/11/2012,CID,IA,ACE,CE,Combined TRACON& Tower with Radar,19,62,37,0,118,0,0,27,0,27,19,62,64,0,145,18,0,18,163
12/12/2012,CID,IA,ACE,CE,Combined TRACON& Tower with Radar,18,66,32,0,116,0,0,33,0,33,18,66,65,0,149,24,0,24,173
12/13/2012,CID,IA,ACE,CE,Combined TRACON& Tower with Radar,21,69,26,1,117,0,0,19,1,20,21,69,45,2,137,14,0,14,151
12/14/2012,CID,IA,ACE,CE,Combined TRACON& Tower with Radar,20,64,21,0,105,0,0,33,0,33,20,64,54,0,138,62,0,62,200
12/15/2012,CID,IA,ACE,CE,Combined TRACON& Tower with Radar,12,37,19,0,68,0,0,0,0,0,12,37,19,0,68,0,0,0,68
12/16/2012,CID,IA,ACE,CE,Combined TRACON& Tower with Radar,15,42,15,0,72,0,0,2,2,4,15,42,17,2,76,0,0,0,76
12/17/2012,CID,IA,ACE,CE,Combined TRACON& Tower with Radar,17,63,26,0,106,0,0,0,2,2,17,63,26,2,108,0,0,0,108
12/18/2012,CID,IA,ACE,CE,Combined TRACON& Tower with Radar,19,61,21,3,104,0,0,0,0,0,19,61,21,3,104,0,0,0,104
12/19/2012,CID,IA,ACE,CE,Combined TRACON& Tower with Radar,20,56,24,0,100,0,0,0,0,0,20,56,24,0,100,0,0,0,100
12/20/2012,CID,IA,ACE,CE,Combined TRACON& Tower with Radar,1,2,0,0,3,0,0,0,0,0,1,2,0,0,3,0,0,0,3
12/21/2012,CID,IA,ACE,CE,Combined TRACON& Tower with Radar,29,53,10,0,92,0,0,7,0,7,29,53,17,0,99,0,0,0,99
12/22/2012,CID,IA,ACE,CE,Combined TRACON& Tower with Radar,15,45,24,0,84,0,0,28,0,28,15,45,52,0,112,38,0,38,150
12/23/2012,CID,IA,ACE,CE,Combined TRACON& Tower with Radar,12,44,12,0,68,0,1,9,0,10,12,45,21,0,78,0,0,0,78
12/24/2012,CID,IA,ACE,CE,Combined TRACON& Tower with Radar,15,37,4,0,56,0,0,1,0,1,15,37,5,0,57,0,0,0,57
12/25/2012,CID,IA,ACE,CE,Combined TRACON& Tower with Radar,8,33,1,0,42,0,0,8,0,8,8,33,9,0,50,0,0,0,50
12/26/2012,CID,IA,ACE,CE,Combined TRACON& Tower with Radar,17,53,13,0,83,0,0,15,0,15,17,53,28,0,98,0,0,0,98
12/27/2012,CID,IA,ACE,CE,Combined TRACON& Tower with Radar,19,57,10,0,86,0,0,21,0,21,19,57,31,0,107,36,0,36,143
12/28/2012,CID,IA,ACE,CE,Combined TRACON& Tower with Radar,24,60,9,0,93,0,0,0,0,0,24,60,9,0,93,0,0,0,93
12/29/2012,CID,IA,ACE,CE,Combined TRACON& Tower with Radar,16,35,10,0,61,0,0,6,0,6,16,35,16,0,67,10,0,10,77
12/30/2012,CID,IA,ACE,CE,Combined TRACON& Tower with Radar,12,49,7,0,68,0,0,25,0,25,12,49,32,0,93,0,0,0,93
12/31/2012,CID,IA,ACE,CE,Combined TRACON& Tower with Radar,19,40,4,0,63,0,0,8,0,8,19,40,12,0,71,14,0,14,85
01/01/2013,CID,IA,ACE,CE,Combined TRACON& Tower with Radar,10,45,8,0,63,0,0,17,0,17,10,45,25,0,80,0,0,0,80
01/02/2013,CID,IA,ACE,CE,Combined TRACON& Tower with Radar,19,62,20,0,101,0,1,12,0,13,19,63,32,0,114,40,0,40,154
01/03/2013,CID,IA,ACE,CE,Combined TRACON& Tower with Radar,23,62,19,0,104,0,0,9,0,9,23,62,28,0,113,44,0,44,157
01/04/2013,CID,IA,ACE,CE,Combined TRACON& Tower with Radar,23,66,19,0,108,0,0,25,0,25,23,66,44,0,133,6,0,6,139
01/05/2013,CID,IA,ACE,CE,Combined TRACON& Tower with Radar,12,42,21,0,75,0,0,32,0,32,12,42,53,0,107,48,0,48,155
01/06/2013,CID,IA,ACE,CE,Combined TRACON& Tower with Radar,18,48,15,0,81,0,2,34,0,36,18,50,49,0,117,102,0,102,219
01/07/2013,CID,IA,ACE,CE,Combined TRACON& Tower with Radar,16,58,17,0,91,0,2,9,0,11,16,60,26,0,102,6,0,6,108
01/08/2013,CID,IA,ACE,CE,Combined TRACON& Tower with Radar,16,62,25,0,103,0,2,11,0,13,16,64,36,0,116,24,0,24,140
01/09/2013,CID,IA,ACE,CE,Combined TRACON& Tower with Radar,18,63,35,12,128,0,0,37,0,37,18,63,72,12,165,82,8,90,255
01/10/2013,CID,IA,ACE,CE,Combined TRACON& Tower with Radar,24,59,32,0,115,0,0,9,0,9,24,59,41,0,124,6,0,6,130
01/11/2013,CID,IA,ACE,CE,Combined TRACON& Tower with Radar,19,46,17,3,85,0,0,0,0,0,19,46,17,3,85,0,0,0,85
01/12/2013,CID,IA,ACE,CE,Combined TRACON& Tower with Radar,9,40,5,0,54,0,0,11,0,11,9,40,16,0,65,6,0,6,71
01/13/2013,CID,IA,ACE,CE,Combined TRACON& Tower with Radar,14,44,32,0,90,0,0,14,0,14,14,44,46,0,104,18,0,18,122
01/14/2013,CID,IA,ACE,CE,Combined TRACON& Tower with Radar,15,60,18,0,93,0,2,11,0,13,15,62,29,0,106,12,0,12,118
01/15/2013,CID,IA,ACE,CE,Combined TRACON& Tower with Radar,14,56,36,0,106,0,0,17,0,17,14,56,53,0,123,34,0,34,157
01/16/2013,CID,IA,ACE,CE,Combined TRACON& Tower with Radar,17,58,27,0,102,0,0,14,0,14,17,58,41,0,116,34,0,34,150
01/17/2013,CID,IA,ACE,CE,Combined TRACON& Tower with Radar,23,63,20,0,106,0,0,16,2,18,23,63,36,2,124,59,2,61,185
01/18/2013,CID,IA,ACE,CE,Combined TRACON& Tower with Radar,20,58,24,2,104,0,3,18,0,21,20,61,42,2,125,10,0,10,135
01/19/2013,CID,IA,ACE,CE,Combined TRACON& Tower with Radar,9,36,13,1,59,0,0,28,1,29,9,36,41,2,88,8,0,8,96
01/20/2013,CID,IA,ACE,CE,Combined TRACON& Tower with Radar,15,46,8,1,70,0,0,0,0,0,15,46,8,1,70,22,0,22,92
01/21/2013,CID,IA,ACE,CE,Combined TRACON& Tower with Radar,18,54,18,2,92,0,0,4,0,4,18,54,22,2,96,0,0,0,96
01/22/2013,CID,IA,ACE,CE,Combined TRACON& Tower with Radar,14,61,31,2,108,0,0,9,0,9,14,61,40,2,117,4,0,4,121
01/23/2013,CID,IA,ACE,CE,Combined TRACON& Tower with Radar,15,52,31,0,98,0,0,7,0,7,15,52,38,0,105,14,0,14,119
01/24/2013,CID,IA,ACE,CE,Combined TRACON& Tower with Radar,19,60,23,0,102,0,0,5,0,5,19,60,28,0,107,20,0,20,127
01/25/2013,CID,IA,ACE,CE,Combined TRACON& Tower with Radar,21,52,13,0,86,0,0,7,0,7,21,52,20,0,93,0,0,0,93
01/26/2013,CID,IA,ACE,CE,Combined TRACON& Tower with Radar,13,40,35,0,88,0,0,65,0,65,13,40,100,0,153,0,0,0,153
01/27/2013,CID,IA,ACE,CE,Combined TRACON& Tower with Radar,14,37,0,0,51,0,0,0,0,0,14,37,0,0,51,0,0,0,51
01/28/2013,CID,IA,ACE,CE,Combined TRACON& Tower with Radar,6,8,3,0,17,0,0,0,0,0,6,8,3,0,17,0,0,0,17
01/29/2013,CID,IA,ACE,CE,Combined TRACON& Tower with Radar,14,54,18,0,86,0,0,0,0,0,14,54,18,0,86,0,0,0,86
01/30/2013,CID,IA,ACE,CE,Combined TRACON& Tower with Radar,14,29,10,0,53,0,0,0,0,0,14,29,10,0,53,0,0,0,53
01/31/2013,CID,IA,ACE,CE,Combined TRACON& Tower with Radar,23,66,28,0,117,0,0,2,0,2,23,66,30,0,119,0,0,0,119
02/01/2013,CID,IA,ACE,CE,Combined TRACON& Tower with Radar,17,65,18,1,101,0,0,11,0,11,17,65,29,1,112,0,0,0,112
02/02/2013,CID,IA,ACE,CE,Combined TRACON& Tower with Radar,10,48,22,0,80,0,0,7,0,7,10,48,29,0,87,2,0,2,89
02/03/2013,CID,IA,ACE,CE,Combined TRACON& Tower with Radar,15,42,12,0,69,0,0,20,0,20,15,42,32,0,89,8,0,8,97
02/04/2013,CID,IA,ACE,CE,Combined TRACON& Tower with Radar,16,54,31,0,101,0,0,5,0,5,16,54,36,0,106,10,0,10,116
02/05/2013,CID,IA,ACE,CE,Combined TRACON& Tower with Radar,15,64,36,0,115,0,0,15,0,15,15,64,51,0,130,50,0,50,180
02/06/2013,CID,IA,ACE,CE,Combined TRACON& Tower with Radar,15,67,45,0,127,0,1,27,0,28,15,68,72,0,155,8,0,8,163
02/07/2013,CID,IA,ACE,CE,Combined TRACON& Tower with Radar,13,58,24,0,95,0,0,0,0,0,13,58,24,0,95,0,0,0,95
02/08/2013,CID,IA,ACE,CE,Combined TRACON& Tower with Radar,16,64,25,0,105,0,0,4,0,4,16,64,29,0,109,14,0,14,123
02/09/2013,CID,IA,ACE,CE,Combined TRACON& Tower with Radar,9,40,14,4,67,0,0,3,0,3,9,40,17,4,70,18,0,18,88
02/10/2013,CID,IA,ACE,CE,Combined TRACON& Tower with Radar,14,47,14,0,75,0,0,2,0,2,14,47,16,0,77,0,0,0,77
02/11/2013,CID,IA,ACE,CE,Combined TRACON& Tower with Radar,16,60,23,0,99,0,0,3,0,3,16,60,26,0,102,0,0,0,102
02/12/2013,CID,IA,ACE,CE,Combined TRACON& Tower with Radar,16,61,41,0,118,0,0,15,0,15,16,61,56,0,133,2,0,2,135
02/13/2013,CID,IA,ACE,CE,Combined TRACON& Tower with Radar,17,69,50,0,136,0,0,50,0,50,17,69,100,0,186,78,0,78,264
02/14/2013,CID,IA,ACE,CE,Combined TRACON& Tower with Radar,20,64,33,0,117,0,0,9,0,9,20,64,42,0,126,0,0,0,126
02/15/2013,CID,IA,ACE,CE,Combined TRACON& Tower with Radar,17,76,35,3,131,0,0,12,1,13,17,76,47,4,144,16,6,22,166
02/16/2013,CID,IA,ACE,CE,Combined TRACON& Tower with Radar,10,48,16,0,74,0,0,12,0,12,10,48,28,0,86,28,0,28,114
02/17/2013,CID,IA,ACE,CE,Combined TRACON& Tower with Radar,15,55,18,0,88,0,5,28,0,33,15,60,46,0,121,32,0,32,153
02/18/2013,CID,IA,ACE,CE,Combined TRACON& Tower with Radar,13,63,17,0,93,0,0,0,0,0,13,63,17,0,93,12,0,12,105
02/19/2013,CID,IA,ACE,CE,Combined TRACON& Tower with Radar,14,65,24,1,104,0,0,6,1,7,14,65,30,2,111,0,0,0,111
02/20/2013,CID,IA,ACE,CE,Combined TRACON& Tower with Radar,20,69,35,0,124,0,0,28,0,28,20,69,63,0,152,8,0,8,160
02/21/2013,CID,IA,ACE,CE,Combined TRACON& Tower with Radar,13,67,19,0,99,0,0,6,0,6,13,67,25,0,105,8,0,8,113
02/22/2013,CID,IA,ACE,CE,Combined TRACON& Tower with Radar,17,57,8,0,82,0,0,3,0,3,17,57,11,0,85,0,0,0,85
02/23/2013,CID,IA,ACE,CE,Combined TRACON& Tower with Radar,15,43,8,0,66,0,0,27,0,27,15,43,35,0,93,12,0,12,105
02/24/2013,CID,IA,ACE,CE,Combined TRACON& Tower with Radar,11,57,18,0,86,0,1,30,0,31,11,58,48,0,117,74,0,74,191
02/25/2013,CID,IA,ACE,CE,Combined TRACON& Tower with Radar,13,61,31,0,105,0,0,9,0,9,13,61,40,0,114,0,0,0,114
02/26/2013,CID,IA,ACE,CE,Combined TRACON& Tower with Radar,15,54,11,2,82,0,0,0,0,0,15,54,11,2,82,0,0,0,82
02/27/2013,CID,IA,ACE,CE,Combined TRACON& Tower with Radar,18,67,13,0,98,0,0,0,0,0,18,67,13,0,98,0,0,0,98
02/28/2013,CID,IA,ACE,CE,Combined TRACON& Tower with Radar,23,76,14,0,113,0,0,2,0,2,23,76,16,0,115,0,0,0,115
03/01/2013,CID,IA,ACE,CE,Combined TRACON& Tower with Radar,21,61,32,0,114,0,0,16,0,16,21,61,48,0,130,0,0,0,130
03/02/2013,CID,IA,ACE,CE,Combined TRACON& Tower with Radar,10,49,13,0,72,0,2,48,0,50,10,51,61,0,122,36,0,36,158
03/03/2013,CID,IA,ACE,CE,Combined TRACON& Tower with Radar,14,60,12,0,86,0,0,35,0,35,14,60,47,0,121,16,0,16,137
03/04/2013,CID,IA,ACE,CE,Combined TRACON& Tower with Radar,16,67,18,0,101,0,0,1,0,1,16,67,19,0,102,0,0,0,102
03/05/2013,CID,IA,ACE,CE,Combined TRACON& Tower with Radar,13,48,8,0,69,0,0,0,0,0,13,48,8,0,69,0,0,0,69
03/06/2013,CID,IA,ACE,CE,Combined TRACON& Tower with Radar,19,64,43,0,126,0,0,2,0,2,19,64,45,0,128,0,0,0,128
03/07/2013,CID,IA,ACE,CE,Combined TRACON& Tower with Radar,24,72,36,0,132,0,0,14,0,14,24,72,50,0,146,0,0,0,146
03/08/2013,CID,IA,ACE,CE,Combined TRACON& Tower with Radar,20,66,36,2,124,0,0,22,0,22,20,66,58,2,146,0,0,0,146
03/09/2013,CID,IA,ACE,CE,Combined TRACON& Tower with Radar,12,45,8,2,67,0,0,0,0,0,12,45,8,2,67,0,0,0,67
03/10/2013,CID,IA,ACE,CE,Combined TRACON& Tower with Radar,13,46,4,0,63,0,0,0,0,0,13,46,4,0,63,0,0,0,63
03/11/2013,CID,IA,ACE,CE,Combined TRACON& Tower with Radar,16,64,6,0,86,0,0,2,0,2,16,64,8,0,88,0,0,0,88
03/12/2013,CID,IA,ACE,CE,Combined TRACON& Tower with Radar,18,68,25,0,111,0,0,2,0,2,18,68,27,0,113,0,0,0,113
03/13/2013,CID,IA,ACE,CE,Combined TRACON& Tower with Radar,16,68,36,0,120,0,2,33,0,35,16,70,69,0,155,30,0,30,185
03/14/2013,CID,IA,ACE,CE,Combined TRACON& Tower with Radar,21,76,38,0,135,0,0,21,0,21,21,76,59,0,156,36,0,36,192
03/15/2013,CID,IA,ACE,CE,Combined TRACON& Tower with Radar,20,65,28,4,117,0,0,17,0,17,20,65,45,4,134,0,0,0,134
03/16/2013,CID,IA,ACE,CE,Combined TRACON& Tower with Radar,12,51,12,0,75,0,0,4,0,4,12,51,16,0,79,2,0,2,81
03/17/2013,CID,IA,ACE,CE,Combined TRACON& Tower with Radar,12,56,7,0,75,0,0,33,0,33,12,56,40,0,108,36,0,36,144
03/18/2013,CID,IA,ACE,CE,Combined TRACON& Tower with Radar,14,60,12,0,86,0,0,2,0,2,14,60,14,0,88,0,0,0,88
03/19/2013,CID,IA,ACE,CE,Combined TRACON& Tower with Radar,21,71,27,2,121,0,0,3,0,3,21,71,30,2,124,16,0,16,140
03/20/2013,CID,IA,ACE,CE,Combined TRACON& Tower with Radar,14,70,30,2,116,0,0,5,0,5,14,70,35,2,121,0,0,0,121
03/21/2013,CID,IA,ACE,CE,Combined TRACON& Tower with Radar,25,68,25,0,118,0,0,35,0,35,25,68,60,0,153,16,0,16,169
03/22/2013,CID,IA,ACE,CE,Combined TRACON& Tower with Radar,26,70,22,0,118,0,0,21,0,21,26,70,43,0,139,50,0,50,189
03/23/2013,CID,IA,ACE,CE,Combined TRACON& Tower with Radar,10,46,21,0,77,0,0,42,0,42,10,46,63,0,119,38,0,38,157
03/24/2013,CID,IA,ACE,CE,Combined TRACON& Tower with Radar,14,55,12,0,81,0,0,0,0,0,14,55,12,0,81,0,0,0,81
03/25/2013,CID,IA,ACE,CE,Combined TRACON& Tower with Radar,18,67,21,0,106,0,0,1,0,1,18,67,22,0,107,0,0,0,107
03/26/2013,CID,IA,ACE,CE,Combined TRACON& Tower with Radar,17,68,26,1,112,0,0,10,1,11,17,68,36,2,123,36,0,36,159
03/27/2013,CID,IA,ACE,CE,Combined TRACON& Tower with Radar,17,76,23,1,117,0,0,35,1,36,17,76,58,2,153,44,0,44,197
03/28/2013,CID,IA,ACE,CE,Combined TRACON& Tower with Radar,23,71,36,0,130,0,0,39,0,39,23,71,75,0,169,54,0,54,223
03/29/2013,CID,IA,ACE,CE,Combined TRACON& Tower with Radar,20,68,16,0,104,0,0,45,0,45,20,68,61,0,149,18,0,18,167
03/30/2013,CID,IA,ACE,CE,Combined TRACON& Tower with Radar,8,50,15,0,73,0,0,11,0,11,8,50,26,0,84,26,0,26,110
03/31/2013,CID,IA,ACE,CE,Combined TRACON& Tower with Radar,15,55,9,0,79,0,0,3,0,3,15,55,12,0,82,0,0,0,82
04/01/2013,CID,IA,ACE,CE,Combined TRACON& Tower with Radar,18,71,18,0,107,0,0,26,0,26,18,71,44,0,133,30,0,30,163
04/02/2013,CID,IA,ACE,CE,Combined TRACON& Tower with Radar,15,73,35,0,123,0,0,14,0,14,15,73,49,0,137,20,0,20,157
04/03/2013,CID,IA,ACE,CE,Combined TRACON& Tower with Radar,13,64,33,2,112,0,2,45,1,48,13,66,78,3,160,30,0,30,190
04/04/2013,CID,IA,ACE,CE,Combined TRACON& Tower with Radar,20,68,26,0,114,0,0,21,0,21,20,68,47,0,135,32,0,32,167
04/05/2013,CID,IA,ACE,CE,Combined TRACON& Tower with Radar,19,66,29,2,116,0,0,12,0,12,19,66,41,2,128,26,0,26,154
04/06/2013,CID,IA,ACE,CE,Combined TRACON& Tower with Radar,8,49,6,0,63,0,0,7,0,7,8,49,13,0,70,0,0,0,70
04/07/2013,CID,IA,ACE,CE,Combined TRACON& Tower with Radar,13,57,18,0,88,0,0,58,0,58,13,57,76,0,146,70,0,70,216
04/08/2013,CID,IA,ACE,CE,Combined TRACON& Tower with Radar,14,60,27,0,101,0,0,7,0,7,14,60,34,0,108,0,0,0,108
04/09/2013,CID,IA,ACE,CE,Combined TRACON& Tower with Radar,13,58,34,0,105,0,0,0,0,0,13,58,34,0,105,0,0,0,105
04/10/2013,CID,IA,ACE,CE,Combined TRACON& Tower with Radar,9,48,22,0,79,0,0,0,0,0,9,48,22,0,79,0,0,0,79
04/11/2013,CID,IA,ACE,CE,Combined TRACON& Tower with Radar,18,59,17,0,94,0,0,0,0,0,18,59,17,0,94,0,0,0,94
04/12/2013,CID,IA,ACE,CE,Combined TRACON& Tower with Radar,24,62,7,0,93,0,0,3,0,3,24,62,10,0,96,0,0,0,96
04/13/2013,CID,IA,ACE,CE,Combined TRACON& Tower with Radar,9,43,12,4,68,0,0,24,0,24,9,43,36,4,92,72,24,96,188
04/14/2013,CID,IA,ACE,CE,Combined TRACON& Tower with Radar,12,60,7,0,79,0,0,6,0,6,12,60,13,0,85,0,0,0,85
04/15/2013,CID,IA,ACE,CE,Combined TRACON& Tower with Radar,16,58,16,0,90,0,0,8,0,8,16,58,24,0,98,20,0,20,118
04/16/2013,CID,IA,ACE,CE,Combined TRACON& Tower with Radar,14,57,34,0,105,0,0,19,0,19,14,57,53,0,124,6,0,6,130
04/17/2013,CID,IA,ACE,CE,Combined TRACON& Tower with Radar,9,46,10,0,65,0,0,0,0,0,9,46,10,0,65,0,0,0,65
04/18/2013,CID,IA,ACE,CE,Combined TRACON& Tower with Radar,14,51,29,0,94,0,0,0,0,0,14,51,29,0,94,0,0,0,94
04/19/2013,CID,IA,ACE,CE,Combined TRACON& Tower with Radar,19,69,15,0,103,0,0,0,0,0,19,69,15,0,103,0,0,0,103
04/20/2013,CID,IA,ACE,CE,Combined TRACON& Tower with Radar,10,42,17,0,69,0,0,59,0,59,10,42,76,0,128,70,0,70,198
04/21/2013,CID,IA,ACE,CE,Combined TRACON& Tower with Radar,13,57,7,1,78,0,0,3,3,6,13,57,10,4,84,0,0,0,84
04/22/2013,CID,IA,ACE,CE,Combined TRACON& Tower with Radar,16,66,15,0,97,0,0,18,0,18,16,66,33,0,115,14,0,14,129
04/23/2013,CID,IA,ACE,CE,Combined TRACON& Tower with Radar,18,62,45,2,127,0,0,4,0,4,18,62,49,2,131,0,0,0,131
04/24/2013,CID,IA,ACE,CE,Combined TRACON& Tower with Radar,15,65,29,2,111,0,0,29,0,29,15,65,58,2,140,36,0,36,176
04/25/2013,CID,IA,ACE,CE,Combined TRACON& Tower with Radar,20,65,46,0,131,0,0,40,0,40,20,65,86,0,171,52,0,52,223
04/26/2013,CID,IA,ACE,CE,Combined TRACON& Tower with Radar,20,61,22,0,103,0,0,24,0,24,20,61,46,0,127,20,0,20,147
04/27/2013,CID,IA,ACE,CE,Combined TRACON& Tower with Radar,7,43,33,0,83,0,0,43,2,45,7,43,76,2,128,18,0,18,146
04/28/2013,CID,IA,ACE,CE,Combined TRACON& Tower with Radar,14,65,25,0,104,0,0,59,0,59,14,65,84,0,163,34,0,34,197
04/29/2013,CID,IA,ACE,CE,Combined TRACON& Tower with Radar,15,61,24,0,100,0,0,9,1,10,15,61,33,1,110,10,0,10,120
04/30/2013,CID,IA,ACE,CE,Combined TRACON& Tower with Radar,13,63,26,0,102,0,0,20,1,21,13,63,46,1,123,14,0,14,137
05/01/2013,CID,IA,ACE,CE,Combined TRACON& Tower with Radar,15,63,28,0,106,0,0,34,0,34,15,63,62,0,140,4,0,4,144
05/02/2013,CID,IA,ACE,CE,Combined TRACON& Tower with Radar,18,69,16,0,103,0,0,1,1,2,18,69,17,1,105,0,0,0,105
05/03/2013,CID,IA,ACE,CE,Combined TRACON& Tower with Radar,22,58,18,0,98,0,0,1,0,1,22,58,19,0,99,0,0,0,99
05/04/2013,CID,IA,ACE,CE,Combined TRACON& Tower with Radar,9,44,15,0,68,0,0,1,0,1,9,44,16,0,69,10,0,10,79
05/05/2013,CID,IA,ACE,CE,Combined TRACON& Tower with Radar,14,54,13,1,82,0,1,21,0,22,14,55,34,1,104,24,0,24,128
05/06/2013,CID,IA,ACE,CE,Combined TRACON& Tower with Radar,15,62,30,1,108,0,0,32,1,33,15,62,62,2,141,54,0,54,195
05/07/2013,CID,IA,ACE,CE,Combined TRACON& Tower with Radar,15,64,52,0,131,0,0,23,0,23,15,64,75,0,154,42,0,42,196
05/08/2013,CID,IA,ACE,CE,Combined TRACON& Tower with Radar,14,68,39,4,125,0,0,27,2,29,14,68,66,6,154,38,0,38,192
05/09/2013,CID,IA,ACE,CE,Combined TRACON& Tower with Radar,19,68,33,0,120,0,0,4,0,4,19,68,37,0,124,0,0,0,124
05/10/2013,CID,IA,ACE,CE,Combined TRACON& Tower with Radar,23,67,29,0,119,0,0,16,0,16,23,67,45,0,135,66,0,66,201
05/11/2013,CID,IA,ACE,CE,Combined TRACON& Tower with Radar,9,41,16,0,66,0,0,19,0,19,9,41,35,0,85,0,0,0,85
05/12/2013,CID,IA,ACE,CE,Combined TRACON& Tower with Radar,14,52,20,0,86,0,0,32,0,32,14,52,52,0,118,20,0,20,138
05/13/2013,CID,IA,ACE,CE,Combined TRACON& Tower with Radar,15,61,23,4,103,0,1,43,0,44,15,62,66,4,147,52,2,54,201
05/14/2013,CID,IA,ACE,CE,Combined TRACON& Tower with Radar,15,63,43,1,122,0,0,35,3,38,15,63,78,4,160,12,0,12,172
05/15/2013,CID,IA,ACE,CE,Combined TRACON& Tower with Radar,15,60,41,2,118,0,0,36,0,36,15,60,77,2,154,48,0,48,202
05/16/2013,CID,IA,ACE,CE,Combined TRACON& Tower with Radar,21,75,27,0,123,0,0,24,2,26,21,75,51,2,149,26,0,26,175
05/17/2013,CID,IA,ACE,CE,Combined TRACON& Tower with Radar,16,71,39,0,126,0,2,27,3,32,16,73,66,3,158,2,0,2,160
05/18/2013,CID,IA,ACE,CE,Combined TRACON& Tower with Radar,11,46,15,0,72,0,0,27,0,27,11,46,42,0,99,56,0,56,155
05/19/2013,CID,IA,ACE,CE,Combined TRACON& Tower with Radar,14,49,14,0,77,0,0,9,0,9,14,49,23,0,86,4,0,4,90
05/20/2013,CID,IA,ACE,CE,Combined TRACON& Tower with Radar,13,66,14,0,93,0,0,22,0,22,13,66,36,0,115,8,0,8,123
05/21/2013,CID,IA,ACE,CE,Combined TRACON& Tower with Radar,18,63,39,0,120,0,0,16,0,16,18,63,55,0,136,32,0,32,168
05/22/2013,CID,IA,ACE,CE,Combined TRACON& Tower with Radar,18,68,33,2,121,0,0,8,0,8,18,68,41,2,129,31,0,31,160
05/23/2013,CID,IA,ACE,CE,Combined TRACON& Tower with Radar,23,62,36,0,121,0,0,29,0,29,23,62,65,0,150,10,0,10,160
05/24/2013,CID,IA,ACE,CE,Combined TRACON& Tower with Radar,20,62,33,0,115,0,0,53,0,53,20,62,86,0,168,36,0,36,204
05/25/2013,CID,IA,ACE,CE,Combined TRACON& Tower with Radar,12,39,7,0,58,0,0,0,0,0,12,39,7,0,58,0,0,0,58
05/26/2013,CID,IA,ACE,CE,Combined TRACON& Tower with Radar,15,43,4,0,62,0,0,0,0,0,15,43,4,0,62,0,0,0,62
05/27/2013,CID,IA,ACE,CE,Combined TRACON& Tower with Radar,15,52,17,0,84,0,0,2,0,2,15,52,19,0,86,2,0,2,88
05/28/2013,CID,IA,ACE,CE,Combined TRACON& Tower with Radar,14,60,42,0,116,0,0,1,0,1,14,60,43,0,117,22,0,22,139
05/29/2013,CID,IA,ACE,CE,Combined TRACON& Tower with Radar,16,63,34,0,113,0,0,23,0,23,16,63,57,0,136,12,0,12,148
05/30/2013,CID,IA,ACE,CE,Combined TRACON& Tower with Radar,22,59,35,0,116,0,0,12,0,12,22,59,47,0,128,10,0,10,138
05/31/2013,CID,IA,ACE,CE,Combined TRACON& Tower with Radar,21,64,39,0,124,0,0,12,0,12,21,64,51,0,136,0,0,0,136
06/01/2013,CID,IA,ACE,CE,Combined TRACON& Tower with Radar,12,41,24,0,77,0,0,25,0,25,12,41,49,0,102,32,0,32,134
06/02/2013,CID,IA,ACE,CE,Combined TRACON& Tower with Radar,13,56,25,0,94,0,0,42,0,42,13,56,67,0,136,0,0,0,136
06/03/2013,CID,IA,ACE,CE,Combined TRACON& Tower with Radar,17,58,22,0,97,0,0,44,0,44,17,58,66,0,141,112,0,112,253
06/04/2013,CID,IA,ACE,CE,Combined TRACON& Tower with Radar,16,62,44,2,124,0,2,20,0,22,16,64,64,2,146,12,0,12,158
06/05/2013,CID,IA,ACE,CE,Combined TRACON& Tower with Radar,15,62,28,0,105,0,0,3,0,3,15,62,31,0,108,0,0,0,108
06/06/2013,CID,IA,ACE,CE,Combined TRACON& Tower with Radar,22,62,67,2,153,0,0,20,0,20,22,62,87,2,173,14,0,14,187
06/07/2013,CID,IA,ACE,CE,Combined TRACON& Tower with Radar,23,60,30,0,113,0,0,24,0,24,23,60,54,0,137,94,0,94,231
06/08/2013,CID,IA,ACE,CE,Combined TRACON& Tower with Radar,13,38,12,0,63,0,0,46,0,46,13,38,58,0,109,98,0,98,207
06/09/2013,CID,IA,ACE,CE,Combined TRACON& Tower with Radar,13,56,25,0,94,0,0,42,0,42,13,56,67,0,136,22,0,22,158
06/10/2013,CID,IA,ACE,CE,Combined TRACON& Tower with Radar,18,58,37,0,113,0,0,23,0,23,18,58,60,0,136,68,0,68,204
06/11/2013,CID,IA,ACE,CE,Combined TRACON& Tower with Radar,17,65,33,0,115,0,0,46,0,46,17,65,79,0,161,22,0,22,183
06/12/2013,CID,IA,ACE,CE,Combined TRACON& Tower with Radar,21,67,30,0,118,0,1,6,0,7,21,68,36,0,125,0,0,0,125
06/13/2013,CID,IA,ACE,CE,Combined TRACON& Tower with Radar,21,59,30,0,110,0,0,42,0,42,21,59,72,0,152,60,0,60,212
06/14/2013,CID,IA,ACE,CE,Combined TRACON& Tower with Radar,21,65,26,0,112,0,0,26,0,26,21,65,52,0,138,24,0,24,162
06/15/2013,CID,IA,ACE,CE,Combined TRACON& Tower with Radar,13,42,15,0,70,0,2,22,0,24,13,44,37,0,94,32,0,32,126
06/16/2013,CID,IA,ACE,CE,Combined TRACON& Tower with Radar,13,61,19,0,93,0,1,45,0,46,13,62,64,0,139,24,0,24,163
06/17/2013,CID,IA,ACE,CE,Combined TRACON& Tower with Radar,16,61,22,0,99,0,0,49,0,49,16,61,71,0,148,98,0,98,246
06/18/2013,CID,IA,ACE,CE,Combined TRACON& Tower with Radar,18,60,40,1,119,0,0,41,1,42,18,60,81,2,161,44,0,44,205
06/19/2013,CID,IA,ACE,CE,Combined TRACON& Tower with Radar,19,63,45,1,128,0,0,39,0,39,19,63,84,1,167,82,0,82,249
06/20/2013,CID,IA,ACE,CE,Combined TRACON& Tower with Radar,21,65,34,1,121,0,0,34,1,35,21,65,68,2,156,20,0,20,176
06/21/2013,CID,IA,ACE,CE,Combined TRACON& Tower with Radar,21,57,28,1,107,0,0,18,0,18,21,57,46,1,125,6,0,6,131
06/22/2013,CID,IA,ACE,CE,Combined TRACON& Tower with Radar,14,43,9,1,67,0,0,6,0,6,14,43,15,1,73,16,0,16,89
06/23/2013,CID,IA,ACE,CE,Combined TRACON& Tower with Radar,14,59,5,0,78,0,0,21,0,21,14,59,26,0,99,30,0,30,129
06/24/2013,CID,IA,ACE,CE,Combined TRACON& Tower with Radar,16,61,24,0,101,0,1,4,0,5,16,62,28,0,106,10,0,10,116
06/25/2013,CID,IA,ACE,CE,Combined TRACON& Tower with Radar,20,57,45,4,126,0,0,29,0,29,20,57,74,4,155,36,0,36,191
06/26/2013,CID,IA,ACE,CE,Combined TRACON& Tower with Radar,21,59,49,0,129,0,0,27,0,27,21,59,76,0,156,30,0,30,186
06/27/2013,CID,IA,ACE,CE,Combined TRACON& Tower with Radar,24,60,40,2,126,0,0,38,0,38,24,60,78,2,164,13,0,13,177
06/28/2013,CID,IA,ACE,CE,Combined TRACON& Tower with Radar,21,57,39,0,117,0,0,43,0,43,21,57,82,0,160,26,0,26,186
06/29/2013,CID,IA,ACE,CE,Combined TRACON& Tower with Radar,12,39,19,4,74,0,0,4,0,4,12,39,23,4,78,2,0,2,80
06/30/2013,CID,IA,ACE,CE,Combined TRACON& Tower with Radar,15,46,17,0,78,0,0,68,0,68,15,46,85,0,146,20,0,20,166
07/01/2013,CID,IA,ACE,CE,Combined TRACON& Tower with Radar,15,48,26,0,89,0,0,29,0,29,15,48,55,0,118,42,0,42,160
07/02/2013,CID,IA,ACE,CE,Combined TRACON& Tower with Radar,12,54,29,0,95,0,0,37,0,37,12,54,66,0,132,32,0,32,164
07/03/2013,CID,IA,ACE,CE,Combined TRACON& Tower with Radar,13,62,25,0,100,0,0,46,0,46,13,62,71,0,146,46,0,46,192
07/04/2013,CID,IA,ACE,CE,Combined TRACON& Tower with Radar,9,38,9,0,56,0,0,35,0,35,9,38,44,0,91,8,0,8,99
07/05/2013,CID,IA,ACE,CE,Combined TRACON& Tower with Radar,13,52,8,0,73,0,0,23,0,23,13,52,31,0,96,10,0,10,106
07/06/2013,CID,IA,ACE,CE,Combined TRACON& Tower with Radar,15,39,7,0,61,0,0,22,0,22,15,39,29,0,83,12,0,12,95
07/07/2013,CID,IA,ACE,CE,Combined TRACON& Tower with Radar,12,59,16,0,87,0,0,22,0,22,12,59,38,0,109,0,0,0,109
07/08/2013,CID,IA,ACE,CE,Combined TRACON& Tower with Radar,14,58,24,0,96,0,0,19,0,19,14,58,43,0,115,45,0,45,160
07/09/2013,CID,IA,ACE,CE,Combined TRACON& Tower with Radar,16,60,35,0,111,0,0,16,0,16,16,60,51,0,127,10,0,10,137
07/10/2013,CID,IA,ACE,CE,Combined TRACON& Tower with Radar,15,58,24,2,99,0,0,23,0,23,15,58,47,2,122,110,0,110,232
07/11/2013,CID,IA,ACE,CE,Combined TRACON& Tower with Radar,18,67,42,0,127,0,2,30,0,32,18,69,72,0,159,145,0,145,304
07/12/2013,CID,IA,ACE,CE,Combined TRACON& Tower with Radar,18,66,20,0,104,0,6,39,0,45,18,72,59,0,149,60,0,60,209
07/13/2013,CID,IA,ACE,CE,Combined TRACON& Tower with Radar,14,40,21,2,77,0,0,35,2,37,14,40,56,4,114,62,0,62,176
07/14/2013,CID,IA,ACE,CE,Combined TRACON& Tower with Radar,14,59,15,0,88,0,1,34,0,35,14,60,49,0,123,40,0,40,163
07/15/2013,CID,IA,ACE,CE,Combined TRACON& Tower with Radar,15,65,17,0,97,0,2,9,0,11,15,67,26,0,108,52,0,52,160
07/16/2013,CID,IA,ACE,CE,Combined TRACON& Tower with Radar,17,66,36,2,121,0,0,20,0,20,17,66,56,2,141,65,0,65,206
07/17/2013,CID,IA,ACE,CE,Combined TRACON& Tower with Radar,15,62,46,2,125,0,0,44,0,44,15,62,90,2,169,58,0,58,227
07/18/2013,CID,IA,ACE,CE,Combined TRACON& Tower with Radar,20,61,42,0,123,0,0,30,0,30,20,61,72,0,153,28,0,28,181
07/19/2013,CID,IA,ACE,CE,Combined TRACON& Tower with Radar,18,73,35,0,126,0,14,25,0,39,18,87,60,0,165,4,0,4,169
07/20/2013,CID,IA,ACE,CE,Combined TRACON& Tower with Radar,16,37,19,0,72,0,0,58,0,58,16,37,77,0,130,18,0,18,148
07/21/2013,CID,IA,ACE,CE,Combined TRACON& Tower with Radar,13,61,27,0,101,0,0,26,0,26,13,61,53,0,127,36,0,36,163
07/22/2013,CID,IA,ACE,CE,Combined TRACON& Tower with Radar,12,58,41,0,111,0,1,27,0,28,12,59,68,0,139,44,0,44,183
07/23/2013,CID,IA,ACE,CE,Combined TRACON& Tower with Radar,14,60,47,0,121,0,0,40,0,40,14,60,87,0,161,46,0,46,207
07/24/2013,CID,IA,ACE,CE,Combined TRACON& Tower with Radar,15,59,39,0,113,0,0,53,0,53,15,59,92,0,166,38,0,38,204
07/25/2013,CID,IA,ACE,CE,Combined TRACON& Tower with Radar,21,61,37,0,119,0,0,38,0,38,21,61,75,0,157,46,0,46,203
07/26/2013,CID,IA,ACE,CE,Combined TRACON& Tower with Radar,19,61,31,0,111,0,0,14,0,14,19,61,45,0,125,4,0,4,129
07/27/2013,CID,IA,ACE,CE,Combined TRACON& Tower with Radar,15,40,19,0,74,0,1,38,0,39,15,41,57,0,113,16,0,16,129
07/28/2013,CID,IA,ACE,CE,Combined TRACON& Tower with Radar,14,61,29,0,104,0,0,26,0,26,14,61,55,0,130,12,0,12,142
07/29/2013,CID,IA,ACE,CE,Combined TRACON& Tower with Radar,15,61,36,0,112,0,0,25,0,25,15,61,61,0,137,0,0,0,137
07/30/2013,CID,IA,ACE,CE,Combined TRACON& Tower with Radar,15,57,50,0,122,0,0,1,0,1,15,57,51,0,123,0,0,0,123
07/31/2013,CID,IA,ACE,CE,Combined TRACON& Tower with Radar,14,57,37,0,108,0,0,16,0,16,14,57,53,0,124,44,0,44,168
08/01/2013,CID,IA,ACE,CE,Combined TRACON& Tower with Radar,20,62,34,2,118,0,0,46,0,46,20,62,80,2,164,44,0,44,208
08/02/2013,CID,IA,ACE,CE,Combined TRACON& Tower with Radar,19,61,25,1,106,0,0,25,1,26,19,61,50,2,132,8,0,8,140
08/03/2013,CID,IA,ACE,CE,Combined TRACON& Tower with Radar,12,41,13,2,68,0,0,45,0,45,12,41,58,2,113,14,0,14,127
08/04/2013,CID,IA,ACE,CE,Combined TRACON& Tower with Radar,12,63,9,0,84,0,1,35,0,36,12,64,44,0,120,22,0,22,142
08/05/2013,CID,IA,ACE,CE,Combined TRACON& Tower with Radar,16,53,35,0,104,0,0,17,0,17,16,53,52,0,121,22,0,22,143
08/06/2013,CID,IA,ACE,CE,Combined TRACON& Tower with Radar,16,60,18,0,94,0,0,14,0,14,16,60,32,0,108,18,0,18,126
08/07/2013,CID,IA,ACE,CE,Combined TRACON& Tower with Radar,12,66,32,0,110,0,0,37,0,37,12,66,69,0,147,12,0,12,159
08/08/2013,CID,IA,ACE,CE,Combined TRACON& Tower with Radar,20,65,42,3,130,0,2,46,1,49,20,67,88,4,179,60,0,60,239
08/09/2013,CID,IA,ACE,CE,Combined TRACON& Tower with Radar,17,67,31,0,115,0,0,25,0,25,17,67,56,0,140,14,0,14,154
08/10/2013,CID,IA,ACE,CE,Combined TRACON& Tower with Radar,12,41,12,0,65,0,0,35,0,35,12,41,47,0,100,24,0,24,124
08/11/2013,CID,IA,ACE,CE,Combined TRACON& Tower with Radar,11,61,25,0,97,0,0,30,0,30,11,61,55,0,127,22,0,22,149
08/12/2013,CID,IA,ACE,CE,Combined TRACON& Tower with Radar,15,61,24,2,102,0,0,11,0,11,15,61,35,2,113,26,0,26,139
08/13/2013,CID,IA,ACE,CE,Combined TRACON& Tower with Radar,18,60,31,8,117,0,0,18,0,18,18,60,49,8,135,18,0,18,153
08/14/2013,CID,IA,ACE,CE,Combined TRACON& Tower with Radar,13,61,33,0,107,0,0,37,0,37,13,61,70,0,144,70,0,70,214
08/15/2013,CID,IA,ACE,CE,Combined TRACON& Tower with Radar,22,61,42,0,125,0,0,29,0,29,22,61,71,0,154,32,0,32,186
08/16/2013,CID,IA,ACE,CE,Combined TRACON& Tower with Radar,15,63,34,0,112,0,0,41,0,41,15,63,75,0,153,18,0,18,171
08/17/2013,CID,IA,ACE,CE,Combined TRACON& Tower with Radar,10,40,15,0,65,0,0,44,0,44,10,40,59,0,109,46,0,46,155
08/18/2013,CID,IA,ACE,CE,Combined TRACON& Tower with Radar,16,56,21,0,93,0,0,44,0,44,16,56,65,0,137,60,0,60,197
08/19/2013,CID,IA,ACE,CE,Combined TRACON& Tower with Radar,13,59,18,0,90,0,0,17,0,17,13,59,35,0,107,26,0,26,133
08/20/2013,CID,IA,ACE,CE,Combined TRACON& Tower with Radar,16,60,39,0,115,0,0,26,0,26,16,60,65,0,141,16,0,16,157
08/21/2013,CID,IA,ACE,CE,Combined TRACON& Tower with Radar,13,57,52,0,122,0,0,32,0,32,13,57,84,0,154,62,0,62,216
08/22/2013,CID,IA,ACE,CE,Combined TRACON& Tower with Radar,22,58,44,1,125,0,0,18,1,19,22,58,62,2,144,24,0,24,168
08/23/2013,CID,IA,ACE,CE,Combined TRACON& Tower with Radar,21,62,40,0,123,0,0,38,0,38,21,62,78,0,161,4,0,4,165
08/24/2013,CID,IA,ACE,CE,Combined TRACON& Tower with Radar,9,37,10,2,58,0,0,27,0,27,9,37,37,2,85,0,0,0,85
08/25/2013,CID,IA,ACE,CE,Combined TRACON& Tower with Radar,16,55,15,0,86,0,0,38,0,38,16,55,53,0,124,8,0,8,132
08/26/2013,CID,IA,ACE,CE,Combined TRACON& Tower with Radar,13,54,32,0,99,0,0,14,0,14,13,54,46,0,113,44,0,44,157
08/27/2013,CID,IA,ACE,CE,Combined TRACON& Tower with Radar,13,61,42,0,116,0,0,16,0,16,13,61,58,0,132,12,0,12,144
08/28/2013,CID,IA,ACE,CE,Combined TRACON& Tower with Radar,12,60,29,2,103,0,0,26,0,26,12,60,55,2,129,30,0,30,159
08/29/2013,CID,IA,ACE,CE,Combined TRACON& Tower with Radar,19,62,40,0,121,0,0,28,0,28,19,62,68,0,149,4,0,4,153
08/30/2013,CID,IA,ACE,CE,Combined TRACON& Tower with Radar,17,61,34,0,112,0,0,27,0,27,17,61,61,0,139,0,0,0,139
08/31/2013,CID,IA,ACE,CE,Combined TRACON& Tower with Radar,7,36,23,0,66,0,0,17,0,17,7,36,40,0,83,12,0,12,95
09/01/2013,CID,IA,ACE,CE,Combined TRACON& Tower with Radar,12,30,6,0,48,0,0,8,0,8,12,30,14,0,56,0,0,0,56
09/02/2013,CID,IA,ACE,CE,Combined TRACON& Tower with Radar,6,55,21,0,82,0,0,49,0,49,6,55,70,0,131,16,0,16,147
09/03/2013,CID,IA,ACE,CE,Combined TRACON& Tower with Radar,12,60,38,2,112,0,1,23,0,24,12,61,61,2,136,4,0,4,140
09/04/2013,CID,IA,ACE,CE,Combined TRACON& Tower with Radar,13,61,26,0,100,0,0,24,0,24,13,61,50,0,124,72,0,72,196
09/05/2013,CID,IA,ACE,CE,Combined TRACON& Tower with Radar,23,62,29,2,116,0,0,27,0,27,23,62,56,2,143,12,0,12,155
09/06/2013,CID,IA,ACE,CE,Combined TRACON& Tower with Radar,17,60,14,0,91,0,0,34,2,36,17,60,48,2,127,6,0,6,133
09/07/2013,CID,IA,ACE,CE,Combined TRACON& Tower with Radar,7,40,13,0,60,0,0,26,0,26,7,40,39,0,86,30,0,30,116
09/08/2013,CID,IA,ACE,CE,Combined TRACON& Tower with Radar,14,57,29,0,100,0,0,11,0,11,14,57,40,0,111,8,0,8,119
09/09/2013,CID,IA,ACE,CE,Combined TRACON& Tower with Radar,11,59,18,0,88,0,0,21,2,23,11,59,39,2,111,6,0,6,117
09/10/2013,CID,IA,ACE,CE,Combined TRACON& Tower with Radar,15,61,32,0,108,0,0,19,0,19,15,61,51,0,127,14,0,14,141
09/11/2013,CID,IA,ACE,CE,Combined TRACON& Tower with Radar,12,54,34,2,102,0,0,22,0,22,12,54,56,2,124,16,0,16,140
09/12/2013,CID,IA,ACE,CE,Combined TRACON& Tower with Radar,20,63,41,0,124,0,0,33,0,33,20,63,74,0,157,20,0,20,177
09/13/2013,CID,IA,ACE,CE,Combined TRACON& Tower with Radar,15,62,23,2,102,0,0,27,0,27,15,62,50,2,129,8,0,8,137
09/14/2013,CID,IA,ACE,CE,Combined TRACON& Tower with Radar,7,39,33,0,79,0,0,69,0,69,7,39,102,0,148,30,0,30,178
09/15/2013,CID,IA,ACE,CE,Combined TRACON& Tower with Radar,16,58,32,0,106,0,0,0,0,0,16,58,32,0,106,0,0,0,106
09/16/2013,CID,IA,ACE,CE,Combined TRACON& Tower with Radar,11,61,30,0,102,0,0,7,0,7,11,61,37,0,109,30,0,30,139
09/17/2013,CID,IA,ACE,CE,Combined TRACON& Tower with Radar,12,61,30,0,103,0,0,10,0,10,12,61,40,0,113,6,0,6,119
09/18/2013,CID,IA,ACE,CE,Combined TRACON& Tower with Radar,10,59,40,0,109,0,0,15,0,15,10,59,55,0,124,0,0,0,124
09/19/2013,CID,IA,ACE,CE,Combined TRACON& Tower with Radar,19,57,29,0,105,0,0,4,0,4,19,57,33,0,109,24,0,24,133
09/20/2013,CID,IA,ACE,CE,Combined TRACON& Tower with Radar,15,64,43,0,122,0,0,18,0,18,15,64,61,0,140,0,0,0,140
09/21/2013,CID,IA,ACE,CE,Combined TRACON& Tower with Radar,7,38,17,0,62,0,0,39,0,39,7,38,56,0,101,38,0,38,139
09/22/2013,CID,IA,ACE,CE,Combined TRACON& Tower with Radar,14,57,18,0,89,0,0,40,0,40,14,57,58,0,129,22,0,22,151
09/23/2013,CID,IA,ACE,CE,Combined TRACON& Tower with Radar,11,61,37,0,109,0,0,20,0,20,11,61,57,0,129,40,0,40,169
09/24/2013,CID,IA,ACE,CE,Combined TRACON& Tower with Radar,12,60,29,2,103,0,0,10,0,10,12,60,39,2,113,50,0,50,163
09/25/2013,CID,IA,ACE,CE,Combined TRACON& Tower with Radar,8,65,24,0,97,0,0,50,0,50,8,65,74,0,147,74,0,74,221
09/26/2013,CID,IA,ACE,CE,Combined TRACON& Tower with Radar,18,66,28,3,115,0,0,17,0,17,18,66,45,3,132,62,2,64,196
09/27/2013,CID,IA,ACE,CE,Combined TRACON& Tower with Radar,15,64,32,3,114,0,0,20,0,20,15,64,52,3,134,20,0,20,154
09/28/2013,CID,IA,ACE,CE,Combined TRACON& Tower with Radar,6,42,25,2,75,0,0,2,0,2,6,42,27,2,77,0,0,0,77
09/29/2013,CID,IA,ACE,CE,Combined TRACON& Tower with Radar,10,59,19,2,90,0,0,37,0,37,10,59,56,2,127,18,0,18,145
09/30/2013,CID,IA,ACE,CE,Combined TRACON& Tower with Radar,9,60,33,2,104,0,0,21,1,22,9,60,54,3,126,24,0,24,150
10/01/2013,CID,IA,ACE,CE,Combined TRACON& Tower with Radar,12,60,42,2,116,0,0,31,0,31,12,60,73,2,147,28,0,28,175
10/02/2013,CID,IA,ACE,CE,Combined TRACON& Tower with Radar,11,67,44,2,124,0,0,27,0,27,11,67,71,2,151,14,0,14,165
10/03/2013,CID,IA,ACE,CE,Combined TRACON& Tower with Radar,15,62,41,0,118,0,0,5,0,5,15,62,46,0,123,12,0,12,135
10/04/2013,CID,IA,ACE,CE,Combined TRACON& Tower with Radar,19,66,19,0,104,0,0,4,0,4,19,66,23,0,108,2,0,2,110
10/05/2013,CID,IA,ACE,CE,Combined TRACON& Tower with Radar,6,43,10,0,59,0,0,11,0,11,6,43,21,0,70,14,0,14,84
10/06/2013,CID,IA,ACE,CE,Combined TRACON& Tower with Radar,8,62,17,0,87,0,0,12,0,12,8,62,29,0,99,0,0,0,99
10/07/2013,CID,IA,ACE,CE,Combined TRACON& Tower with Radar,13,61,19,0,93,0,0,19,0,19,13,61,38,0,112,6,0,6,118
10/08/2013,CID,IA,ACE,CE,Combined TRACON& Tower with Radar,13,57,35,0,105,0,1,25,0,26,13,58,60,0,131,18,0,18,149
10/09/2013,CID,IA,ACE,CE,Combined TRACON& Tower with Radar,11,54,13,0,78,0,0,22,0,22,11,54,35,0,100,34,0,34,134
10/10/2013,CID,IA,ACE,CE,Combined TRACON& Tower with Radar,16,67,29,0,112,0,0,23,0,23,16,67,52,0,135,24,0,24,159
10/11/2013,CID,IA,ACE,CE,Combined TRACON& Tower with Radar,14,61,32,0,107,0,0,13,0,13,14,61,45,0,120,0,0,0,120
10/12/2013,CID,IA,ACE,CE,Combined TRACON& Tower with Radar,4,43,13,0,60,0,0,20,0,20,4,43,33,0,80,0,0,0,80
10/13/2013,CID,IA,ACE,CE,Combined TRACON& Tower with Radar,8,58,21,0,87,0,0,53,0,53,8,58,74,0,140,72,0,72,212
10/14/2013,CID,IA,ACE,CE,Combined TRACON& Tower with Radar,11,58,19,0,88,0,0,22,0,22,11,58,41,0,110,40,0,40,150
10/15/2013,CID,IA,ACE,CE,Combined TRACON& Tower with Radar,13,65,27,0,105,0,0,0,0,0,13,65,27,0,105,0,0,0,105
10/16/2013,CID,IA,ACE,CE,Combined TRACON& Tower with Radar,14,64,38,0,116,0,1,9,0,10,14,65,47,0,126,8,0,8,134
10/17/2013,CID,IA,ACE,CE,Combined TRACON& Tower with Radar,16,66,33,0,115,0,0,27,0,27,16,66,60,0,142,28,0,28,170
10/18/2013,CID,IA,ACE,CE,Combined TRACON& Tower with Radar,19,66,39,0,124,0,0,20,0,20,19,66,59,0,144,16,0,16,160
10/19/2013,CID,IA,ACE,CE,Combined TRACON& Tower with Radar,7,42,12,0,61,0,0,23,0,23,7,42,35,0,84,0,0,0,84
10/20/2013,CID,IA,ACE,CE,Combined TRACON& Tower with Radar,8,61,26,0,95,0,0,20,0,20,8,61,46,0,115,14,0,14,129
10/21/2013,CID,IA,ACE,CE,Combined TRACON& Tower with Radar,13,63,25,0,101,0,0,8,0,8,13,63,33,0,109,10,0,10,119
10/22/2013,CID,IA,ACE,CE,Combined TRACON& Tower with Radar,12,60,22,2,96,0,0,0,0,0,12,60,22,2,96,0,0,0,96
10/23/2013,CID,IA,ACE,CE,Combined TRACON& Tower with Radar,11,65,34,0,110,0,0,7,0,7,11,65,41,0,117,28,0,28,145
10/24/2013,CID,IA,ACE,CE,Combined TRACON& Tower with Radar,16,65,32,0,113,0,0,16,0,16,16,65,48,0,129,4,0,4,133
10/25/2013,CID,IA,ACE,CE,Combined TRACON& Tower with Radar,16,68,18,0,102,0,1,15,0,16,16,69,33,0,118,0,0,0,118
10/26/2013,CID,IA,ACE,CE,Combined TRACON& Tower with Radar,5,41,18,0,64,0,0,43,0,43,5,41,61,0,107,12,0,12,119
10/27/2013,CID,IA,ACE,CE,Combined TRACON& Tower with Radar,8,61,32,0,101,0,0,60,0,60,8,61,92,0,161,30,0,30,191
10/28/2013,CID,IA,ACE,CE,Combined TRACON& Tower with Radar,11,64,38,0,113,0,0,16,0,16,11,64,54,0,129,4,0,4,133
10/29/2013,CID,IA,ACE,CE,Combined TRACON& Tower with Radar,12,56,34,2,104,0,0,12,0,12,12,56,46,2,116,24,0,24,140
10/30/2013,CID,IA,ACE,CE,Combined TRACON& Tower with Radar,15,63,30,0,108,0,0,3,0,3,15,63,33,0,111,8,0,8,119
10/31/2013,CID,IA,ACE,CE,Combined TRACON& Tower with Radar,18,55,34,0,107,0,0,1,0,1,18,55,35,0,108,0,0,0,108
11/01/2013,CID,IA,ACE,CE,Combined TRACON& Tower with Radar,17,65,31,0,113,0,0,9,0,9,17,65,40,0,122,8,0,8,130
11/02/2013,CID,IA,ACE,CE,Combined TRACON& Tower with Radar,5,42,11,0,58,0,0,32,0,32,5,42,43,0,90,12,0,12,102
11/03/2013,CID,IA,ACE,CE,Combined TRACON& Tower with Radar,8,66,14,0,88,0,0,32,0,32,8,66,46,0,120,16,0,16,136
11/04/2013,CID,IA,ACE,CE,Combined TRACON& Tower with Radar,14,59,26,2,101,0,0,2,0,2,14,59,28,2,103,18,0,18,121
11/05/2013,CID,IA,ACE,CE,Combined TRACON& Tower with Radar,18,51,35,0,104,0,0,2,0,2,18,51,37,0,106,0,0,0,106
11/06/2013,CID,IA,ACE,CE,Combined TRACON& Tower with Radar,18,60,25,0,103,0,0,8,0,8,18,60,33,0,111,8,0,8,119
11/07/2013,CID,IA,ACE,CE,Combined TRACON& Tower with Radar,20,59,30,2,111,0,0,13,0,13,20,59,43,2,124,0,0,0,124
11/08/2013,CID,IA,ACE,CE,Combined TRACON& Tower with Radar,22,62,17,0,101,0,0,12,0,12,22,62,29,0,113,0,0,0,113
11/09/2013,CID,IA,ACE,CE,Combined TRACON& Tower with Radar,8,42,30,0,80,0,0,28,0,28,8,42,58,0,108,0,0,0,108
11/10/2013,CID,IA,ACE,CE,Combined TRACON& Tower with Radar,11,57,23,0,91,0,0,51,0,51,11,57,74,0,142,100,0,100,242
11/11/2013,CID,IA,ACE,CE,Combined TRACON& Tower with Radar,15,68,22,0,105,0,0,2,0,2,15,68,24,0,107,0,0,0,107
11/12/2013,CID,IA,ACE,CE,Combined TRACON& Tower with Radar,19,51,38,0,108,0,0,16,0,16,19,51,54,0,124,14,0,14,138
11/13/2013,CID,IA,ACE,CE,Combined TRACON& Tower with Radar,18,63,27,0,108,0,0,16,0,16,18,63,43,0,124,14,0,14,138
11/14/2013,CID,IA,ACE,CE,Combined TRACON& Tower with Radar,19,65,47,1,132,0,0,22,1,23,19,65,69,2,155,24,0,24,179
11/15/2013,CID,IA,ACE,CE,Combined TRACON& Tower with Radar,18,65,34,0,117,0,0,35,0,35,18,65,69,0,152,58,0,58,210
11/16/2013,CID,IA,ACE,CE,Combined TRACON& Tower with Radar,6,40,19,0,65,0,0,0,0,0,6,40,19,0,65,14,0,14,79
11/17/2013,CID,IA,ACE,CE,Combined TRACON& Tower with Radar,12,53,6,0,71,0,0,6,0,6,12,53,12,0,77,0,0,0,77
11/18/2013,CID,IA,ACE,CE,Combined TRACON& Tower with Radar,14,58,28,0,100,0,0,4,0,4,14,58,32,0,104,12,0,12,116
11/19/2013,CID,IA,ACE,CE,Combined TRACON& Tower with Radar,19,53,32,0,104,0,0,15,0,15,19,53,47,0,119,12,0,12,131
11/20/2013,CID,IA,ACE,CE,Combined TRACON& Tower with Radar,17,56,29,0,102,0,0,0,0,0,17,56,29,0,102,0,0,0,102
11/21/2013,CID,IA,ACE,CE,Combined TRACON& Tower with Radar,20,69,24,0,113,0,0,0,0,0,20,69,24,0,113,0,0,0,113
11/22/2013,CID,IA,ACE,CE,Combined TRACON& Tower with Radar,20,63,16,0,99,0,0,19,0,19,20,63,35,0,118,0,0,0,118
11/23/2013,CID,IA,ACE,CE,Combined TRACON& Tower with Radar,8,44,9,0,61,0,0,12,0,12,8,44,21,0,73,0,0,0,73
11/24/2013,CID,IA,ACE,CE,Combined TRACON& Tower with Radar,14,42,25,0,81,0,0,30,0,30,14,42,55,0,111,6,0,6,117
11/25/2013,CID,IA,ACE,CE,Combined TRACON& Tower with Radar,12,42,25,2,81,0,0,1,0,1,12,42,26,2,82,20,0,20,102
11/26/2013,CID,IA,ACE,CE,Combined TRACON& Tower with Radar,20,54,21,0,95,0,0,8,0,8,20,54,29,0,103,0,0,0,103
11/27/2013,CID,IA,ACE,CE,Combined TRACON& Tower with Radar,21,55,21,0,97,0,1,38,0,39,21,56,59,0,136,18,0,18,154
11/28/2013,CID,IA,ACE,CE,Combined TRACON& Tower with Radar,8,30,2,0,40,0,0,15,0,15,8,30,17,0,55,0,0,0,55
11/29/2013,CID,IA,ACE,CE,Combined TRACON& Tower with Radar,12,44,13,0,69,0,0,21,0,21,12,44,34,0,90,2,0,2,92
11/30/2013,CID,IA,ACE,CE,Combined TRACON& Tower with Radar,10,50,19,0,79,0,0,36,0,36,10,50,55,0,115,36,0,36,151
12/01/2013,CID,IA,ACE,CE,Combined TRACON& Tower with Radar,15,59,18,0,92,0,0,34,0,34,15,59,52,0,126,54,0,54,180
12/02/2013,CID,IA,ACE,CE,Combined TRACON& Tower with Radar,13,69,15,0,97,0,0,4,0,4,13,69,19,0,101,14,0,14,115
12/03/2013,CID,IA,ACE,CE,Combined TRACON& Tower with Radar,20,46,32,0,98,0,0,0,0,0,20,46,32,0,98,0,0,0,98
12/04/2013,CID,IA,ACE,CE,Combined TRACON& Tower with Radar,13,39,15,0,67,0,0,0,0,0,13,39,15,0,67,0,0,0,67
12/05/2013,CID,IA,ACE,CE,Combined TRACON& Tower with Radar,20,58,25,2,105,0,0,3,0,3,20,58,28,2,108,0,0,0,108
12/06/2013,CID,IA,ACE,CE,Combined TRACON& Tower with Radar,17,49,17,0,83,0,0,12,0,12,17,49,29,0,95,4,0,4,99
12/07/2013,CID,IA,ACE,CE,Combined TRACON& Tower with Radar,8,33,6,0,47,0,0,27,0,27,8,33,33,0,74,0,0,0,74
12/08/2013,CID,IA,ACE,CE,Combined TRACON& Tower with Radar,10,48,5,1,64,0,0,0,0,0,10,48,5,1,64,0,0,0,64
12/09/2013,CID,IA,ACE,CE,Combined TRACON& Tower with Radar,10,57,18,2,87,0,0,3,1,4,10,57,21,3,91,8,0,8,99
12/10/2013,CID,IA,ACE,CE,Combined TRACON& Tower with Radar,16,57,28,0,101,0,1,6,0,7,16,58,34,0,108,0,0,0,108
12/11/2013,CID,IA,ACE,CE,Combined TRACON& Tower with Radar,15,68,31,1,115,0,0,10,1,11,15,68,41,2,126,0,0,0,126
12/12/2013,CID,IA,ACE,CE,Combined TRACON& Tower with Radar,22,58,26,1,107,0,0,8,1,9,22,58,34,2,116,4,0,4,120
12/13/2013,CID,IA,ACE,CE,Combined TRACON& Tower with Radar,17,67,15,2,101,0,0,10,0,10,17,67,25,2,111,2,0,2,113
12/14/2013,CID,IA,ACE,CE,Combined TRACON& Tower with Radar,7,43,4,0,54,0,0,4,0,4,7,43,8,0,58,0,0,0,58
12/15/2013,CID,IA,ACE,CE,Combined TRACON& Tower with Radar,12,56,20,0,88,0,0,19,0,19,12,56,39,0,107,0,0,0,107
12/16/2013,CID,IA,ACE,CE,Combined TRACON& Tower with Radar,10,61,15,0,86,0,0,2,0,2,10,61,17,0,88,4,0,4,92
12/17/2013,CID,IA,ACE,CE,Combined TRACON& Tower with Radar,19,59,30,2,110,0,0,18,0,18,19,59,48,2,128,0,0,0,128
12/18/2013,CID,IA,ACE,CE,Combined TRACON& Tower with Radar,20,66,50,0,136,0,0,49,0,49,20,66,99,0,185,18,0,18,203
12/19/2013,CID,IA,ACE,CE,Combined TRACON& Tower with Radar,26,55,46,0,127,0,0,0,0,0,26,55,46,0,127,0,0,0,127
12/20/2013,CID,IA,ACE,CE,Combined TRACON& Tower with Radar,28,43,7,0,78,0,0,0,0,0,28,43,7,0,78,0,0,0,78
12/21/2013,CID,IA,ACE,CE,Combined TRACON& Tower with Radar,25,40,4,0,69,0,0,0,0,0,25,40,4,0,69,0,0,0,69
12/22/2013,CID,IA,ACE,CE,Combined TRACON& Tower with Radar,14,37,1,0,52,0,0,0,0,0,14,37,1,0,52,0,0,0,52
12/23/2013,CID,IA,ACE,CE,Combined TRACON& Tower with Radar,21,52,11,0,84,0,0,3,0,3,21,52,14,0,87,0,0,0,87
12/24/2013,CID,IA,ACE,CE,Combined TRACON& Tower with Radar,31,35,9,0,75,0,0,2,0,2,31,35,11,0,77,0,0,0,77
12/25/2013,CID,IA,ACE,CE,Combined TRACON& Tower with Radar,14,34,3,0,51,0,0,2,0,2,14,34,5,0,53,0,0,0,53
12/26/2013,CID,IA,ACE,CE,Combined TRACON& Tower with Radar,16,62,15,1,94,0,0,14,1,15,16,62,29,2,109,4,0,4,113
12/27/2013,CID,IA,ACE,CE,Combined TRACON& Tower with Radar,21,59,17,0,97,0,0,22,0,22,21,59,39,0,119,18,0,18,137
12/28/2013,CID,IA,ACE,CE,Combined TRACON& Tower with Radar,15,45,10,0,70,0,0,33,0,33,15,45,43,0,103,20,0,20,123
12/29/2013,CID,IA,ACE,CE,Combined TRACON& Tower with Radar,26,41,2,0,69,0,0,0,0,0,26,41,2,0,69,0,0,0,69
12/30/2013,CID,IA,ACE,CE,Combined TRACON& Tower with Radar,19,50,13,0,82,0,0,0,0,0,19,50,13,0,82,0,0,0,82
12/31/2013,CID,IA,ACE,CE,Combined TRACON& Tower with Radar,26,38,10,0,74,0,0,5,0,5,26,38,15,0,79,0,0,0,79
01/01/2014,CID,IA,ACE,CE,Combined TRACON& Tower with Radar,13,35,2,0,50,0,0,0,0,0,13,35,2,0,50,0,0,0,50
01/02/2014,CID,IA,ACE,CE,Combined TRACON& Tower with Radar,38,47,14,0,99,0,0,6,0,6,38,47,20,0,105,0,0,0,105
01/03/2014,CID,IA,ACE,CE,Combined TRACON& Tower with Radar,19,57,15,0,91,0,0,10,0,10,19,57,25,0,101,10,0,10,111
01/04/2014,CID,IA,ACE,CE,Combined TRACON& Tower with Radar,15,40,2,0,57,0,0,3,0,3,15,40,5,0,60,0,0,0,60
01/05/2014,CID,IA,ACE,CE,Combined TRACON& Tower with Radar,7,32,6,0,45,0,0,0,0,0,7,32,6,0,45,0,0,0,45
01/06/2014,CID,IA,ACE,CE,Combined TRACON& Tower with Radar,12,30,7,0,49,0,0,0,0,0,12,30,7,0,49,0,0,0,49
01/07/2014,CID,IA,ACE,CE,Combined TRACON& Tower with Radar,11,34,29,0,74,0,0,7,0,7,11,34,36,0,81,0,0,0,81
01/08/2014,CID,IA,ACE,CE,Combined TRACON& Tower with Radar,19,46,21,0,86,0,0,17,0,17,19,46,38,0,103,6,0,6,109
01/09/2014,CID,IA,ACE,CE,Combined TRACON& Tower with Radar,18,64,18,2,102,0,0,9,0,9,18,64,27,2,111,16,0,16,127
01/10/2014,CID,IA,ACE,CE,Combined TRACON& Tower with Radar,14,42,11,0,67,0,0,0,0,0,14,42,11,0,67,0,0,0,67
01/11/2014,CID,IA,ACE,CE,Combined TRACON& Tower with Radar,10,47,8,0,65,0,0,4,2,6,10,47,12,2,71,0,0,0,71
01/12/2014,CID,IA,ACE,CE,Combined TRACON& Tower with Radar,12,53,11,0,76,0,0,31,0,31,12,53,42,0,107,48,0,48,155
01/13/2014,CID,IA,ACE,CE,Combined TRACON& Tower with Radar,11,61,20,0,92,0,0,12,0,12,11,61,32,0,104,0,0,0,104
01/14/2014,CID,IA,ACE,CE,Combined TRACON& Tower with Radar,15,60,18,0,93,0,0,0,0,0,15,60,18,0,93,0,0,0,93
01/15/2014,CID,IA,ACE,CE,Combined TRACON& Tower with Radar,18,58,35,5,116,0,0,12,0,12,18,58,47,5,128,2,2,4,132
01/16/2014,CID,IA,ACE,CE,Combined TRACON& Tower with Radar,16,62,20,0,98,0,0,0,0,0,16,62,20,0,98,0,0,0,98
01/17/2014,CID,IA,ACE,CE,Combined TRACON& Tower with Radar,19,62,20,0,101,0,0,9,0,9,19,62,29,0,110,0,0,0,110
01/18/2014,CID,IA,ACE,CE,Combined TRACON& Tower with Radar,12,39,0,0,51,0,0,0,0,0,12,39,0,0,51,0,0,0,51
01/19/2014,CID,IA,ACE,CE,Combined TRACON& Tower with Radar,14,51,21,0,86,0,0,43,0,43,14,51,64,0,129,44,0,44,173
01/20/2014,CID,IA,ACE,CE,Combined TRACON& Tower with Radar,12,53,16,0,81,0,0,7,0,7,12,53,23,0,88,30,0,30,118
01/21/2014,CID,IA,ACE,CE,Combined TRACON& Tower with Radar,15,58,19,0,92,0,0,13,0,13,15,58,32,0,105,0,0,0,105
01/22/2014,CID,IA,ACE,CE,Combined TRACON& Tower with Radar,18,59,21,0,98,0,0,0,0,0,18,59,21,0,98,0,0,0,98
01/23/2014,CID,IA,ACE,CE,Combined TRACON& Tower with Radar,18,40,28,0,86,0,0,25,0,25,18,40,53,0,111,0,0,0,111
01/24/2014,CID,IA,ACE,CE,Combined TRACON& Tower with Radar,18,63,20,0,101,0,0,4,0,4,18,63,24,0,105,6,0,6,111
01/25/2014,CID,IA,ACE,CE,Combined TRACON& Tower with Radar,11,39,11,0,61,0,0,9,0,9,11,39,20,0,70,6,0,6,76
01/26/2014,CID,IA,ACE,CE,Combined TRACON& Tower with Radar,12,45,6,0,63,0,0,7,0,7,12,45,13,0,70,0,0,0,70
01/27/2014,CID,IA,ACE,CE,Combined TRACON& Tower with Radar,13,58,11,0,82,0,0,3,0,3,13,58,14,0,85,0,0,0,85
01/28/2014,CID,IA,ACE,CE,Combined TRACON& Tower with Radar,17,57,29,3,106,0,0,10,1,11,17,57,39,4,117,0,0,0,117
01/29/2014,CID,IA,ACE,CE,Combined TRACON& Tower with Radar,21,55,24,0,100,0,0,29,0,29,21,55,53,0,129,10,0,10,139
01/30/2014,CID,IA,ACE,CE,Combined TRACON& Tower with Radar,16,51,24,0,91,0,0,0,0,0,16,51,24,0,91,6,0,6,97
01/31/2014,CID,IA,ACE,CE,Combined TRACON& Tower with Radar,19,64,28,0,111,0,0,18,0,18,19,64,46,0,129,0,0,0,129
02/01/2014,CID,IA,ACE,CE,Combined TRACON& Tower with Radar,10,32,4,0,46,0,0,0,0,0,10,32,4,0,46,0,0,0,46
02/02/2014,CID,IA,ACE,CE,Combined TRACON& Tower with Radar,9,39,10,0,58,0,0,19,0,19,9,39,29,0,77,18,0,18,95
02/03/2014,CID,IA,ACE,CE,Combined TRACON& Tower with Radar,16,61,17,2,96,0,0,15,2,17,16,61,32,4,113,36,0,36,149
02/04/2014,CID,IA,ACE,CE,Combined TRACON& Tower with Radar,14,62,20,0,96,0,0,1,0,1,14,62,21,0,97,0,0,0,97
02/05/2014,CID,IA,ACE,CE,Combined TRACON& Tower with Radar,18,53,26,0,97,0,0,1,0,1,18,53,27,0,98,0,0,0,98
02/06/2014,CID,IA,ACE,CE,Combined TRACON& Tower with Radar,18,60,18,0,96,0,0,6,0,6,18,60,24,0,102,0,0,0,102
02/07/2014,CID,IA,ACE,CE,Combined TRACON& Tower with Radar,18,70,18,2,108,0,0,12,2,14,18,70,30,4,122,8,0,8,130
02/08/2014,CID,IA,ACE,CE,Combined TRACON& Tower with Radar,10,37,7,0,54,0,0,0,0,0,10,37,7,0,54,0,0,0,54
02/09/2014,CID,IA,ACE,CE,Combined TRACON& Tower with Radar,12,53,13,1,79,0,0,15,1,16,12,53,28,2,95,24,0,24,119
02/10/2014,CID,IA,ACE,CE,Combined TRACON& Tower with Radar,13,58,16,0,87,0,0,6,0,6,13,58,22,0,93,6,0,6,99
02/11/2014,CID,IA,ACE,CE,Combined TRACON& Tower with Radar,15,51,21,0,87,0,0,6,0,6,15,51,27,0,93,18,0,18,111
02/12/2014,CID,IA,ACE,CE,Combined TRACON& Tower with Radar,21,51,32,0,104,0,0,2,0,2,21,51,34,0,106,0,0,0,106
02/13/2014,CID,IA,ACE,CE,Combined TRACON& Tower with Radar,39,97,45,1,182,0,1,30,1,32,39,98,75,2,214,16,0,16,230
02/14/2014,CID,IA,ACE,CE,Combined TRACON& Tower with Radar,24,62,38,0,124,0,0,21,0,21,24,62,59,0,145,20,0,20,165
02/15/2014,CID,IA,ACE,CE,Combined TRACON& Tower with Radar,12,46,10,0,68,0,0,3,0,3,12,46,13,0,71,0,0,0,71
02/16/2014,CID,IA,ACE,CE,Combined TRACON& Tower with Radar,11,49,11,0,71,0,0,9,0,9,11,49,20,0,80,32,0,32,112
02/17/2014,CID,IA,ACE,CE,Combined TRACON& Tower with Radar,16,59,8,0,83,0,0,0,0,0,16,59,8,0,83,0,0,0,83
02/18/2014,CID,IA,ACE,CE,Combined TRACON& Tower with Radar,19,61,31,0,111,0,0,30,0,30,19,61,61,0,141,30,0,30,171
02/19/2014,CID,IA,ACE,CE,Combined TRACON& Tower with Radar,25,53,31,0,109,0,0,22,0,22,25,53,53,0,131,12,0,12,143
02/20/2014,CID,IA,ACE,CE,Combined TRACON& Tower with Radar,26,34,20,0,80,0,0,0,0,0,26,34,20,0,80,0,0,0,80
02/21/2014,CID,IA,ACE,CE,Combined TRACON& Tower with Radar,23,54,31,1,109,0,0,10,0,10,23,54,41,1,119,0,0,0,119
02/22/2014,CID,IA,ACE,CE,Combined TRACON& Tower with Radar,12,46,19,0,77,0,0,43,0,43,12,46,62,0,120,62,0,62,182
02/23/2014,CID,IA,ACE,CE,Combined TRACON& Tower with Radar,9,47,8,0,64,0,0,24,0,24,9,47,32,0,88,20,0,20,108
02/24/2014,CID,IA,ACE,CE,Combined TRACON& Tower with Radar,16,61,15,1,93,0,0,10,0,10,16,61,25,1,103,10,0,10,113
02/25/2014,CID,IA,ACE,CE,Combined TRACON& Tower with Radar,26,58,16,2,102,0,0,1,0,1,26,58,17,2,103,0,0,0,103
02/26/2014,CID,IA,ACE,CE,Combined TRACON& Tower with Radar,24,59,28,0,111,0,0,13,0,13,24,59,41,0,124,0,0,0,124
02/27/2014,CID,IA,ACE,CE,Combined TRACON& Tower with Radar,26,61,34,1,122,0,0,4,1,5,26,61,38,2,127,0,0,0,127
02/28/2014,CID,IA,ACE,CE,Combined TRACON& Tower with Radar,26,59,24,0,109,0,0,9,0,9,26,59,33,0,118,0,0,0,118
03/01/2014,CID,IA,ACE,CE,Combined TRACON& Tower with Radar,12,38,6,0,56,0,0,0,0,0,12,38,6,0,56,0,0,0,56
03/02/2014,CID,IA,ACE,CE,Combined TRACON& Tower with Radar,13,50,15,0,78,0,0,0,0,0,13,50,15,0,78,6,0,6,84
03/03/2014,CID,IA,ACE,CE,Combined TRACON& Tower with Radar,18,56,16,0,90,0,0,0,0,0,18,56,16,0,90,0,0,0,90
03/04/2014,CID,IA,ACE,CE,Combined TRACON& Tower with Radar,21,61,20,0,102,0,0,10,0,10,21,61,30,0,112,10,0,10,122
03/05/2014,CID,IA,ACE,CE,Combined TRACON& Tower with Radar,26,60,24,0,110,0,0,10,0,10,26,60,34,0,120,10,0,10,130
03/06/2014,CID,IA,ACE,CE,Combined TRACON& Tower with Radar,21,60,32,1,114,0,0,17,1,18,21,60,49,2,132,16,0,16,148
03/07/2014,CID,IA,ACE,CE,Combined TRACON& Tower with Radar,21,54,37,0,112,0,0,12,0,12,21,54,49,0,124,0,0,0,124
03/08/2014,CID,IA,ACE,CE,Combined TRACON& Tower with Radar,13,43,13,1,70,0,0,17,1,18,13,43,30,2,88,90,0,90,178
03/09/2014,CID,IA,ACE,CE,Combined TRACON& Tower with Radar,17,54,16,0,87,0,0,32,0,32,17,54,48,0,119,28,0,28,147
03/10/2014,CID,IA,ACE,CE,Combined TRACON& Tower with Radar,17,56,25,0,98,0,2,24,0,26,17,58,49,0,124,42,0,42,166
03/11/2014,CID,IA,ACE,CE,Combined TRACON& Tower with Radar,19,57,27,0,103,0,0,4,0,4,19,57,31,0,107,0,0,0,107
03/12/2014,CID,IA,ACE,CE,Combined TRACON& Tower with Radar,24,50,32,0,106,0,0,3,0,3,24,50,35,0,109,0,0,0,109
03/13/2014,CID,IA,ACE,CE,Combined TRACON& Tower with Radar,22,59,32,0,113,0,0,16,0,16,22,59,48,0,129,8,0,8,137
03/14/2014,CID,IA,ACE,CE,Combined TRACON& Tower with Radar,23,64,27,0,114,0,0,31,0,31,23,64,58,0,145,10,0,10,155
03/15/2014,CID,IA,ACE,CE,Combined TRACON& Tower with Radar,23,37,17,0,77,0,0,46,0,46,23,37,63,0,123,26,0,26,149
03/16/2014,CID,IA,ACE,CE,Combined TRACON& Tower with Radar,17,51,15,0,83,0,0,20,0,20,17,51,35,0,103,26,0,26,129
03/17/2014,CID,IA,ACE,CE,Combined TRACON& Tower with Radar,19,59,15,0,93,0,0,9,0,9,19,59,24,0,102,20,0,20,122
03/18/2014,CID,IA,ACE,CE,Combined TRACON& Tower with Radar,20,57,26,0,103,0,0,10,0,10,20,57,36,0,113,18,0,18,131
03/19/2014,CID,IA,ACE,CE,Combined TRACON& Tower with Radar,22,56,16,0,94,0,0,4,0,4,22,56,20,0,98,22,0,22,120
03/20/2014,CID,IA,ACE,CE,Combined TRACON& Tower with Radar,22,59,31,1,113,0,0,28,1,29,22,59,59,2,142,32,0,32,174
03/21/2014,CID,IA,ACE,CE,Combined TRACON& Tower with Radar,23,61,21,4,109,0,0,18,0,18,23,61,39,4,127,4,0,4,131
03/22/2014,CID,IA,ACE,CE,Combined TRACON& Tower with Radar,22,42,17,0,81,0,0,11,0,11,22,42,28,0,92,0,0,0,92
03/23/2014,CID,IA,ACE,CE,Combined TRACON& Tower with Radar,15,54,21,0,90,0,0,45,0,45,15,54,66,0,135,86,0,86,221
03/24/2014,CID,IA,ACE,CE,Combined TRACON& Tower with Radar,20,56,17,0,93,0,0,5,0,5,20,56,22,0,98,24,0,24,122
03/25/2014,CID,IA,ACE,CE,Combined TRACON& Tower with Radar,19,59,20,0,98,0,0,7,0,7,19,59,27,0,105,12,0,12,117
03/26/2014,CID,IA,ACE,CE,Combined TRACON& Tower with Radar,27,58,18,0,103,0,0,5,0,5,27,58,23,0,108,0,0,0,108
03/27/2014,CID,IA,ACE,CE,Combined TRACON& Tower with Radar,21,56,21,0,98,0,0,0,0,0,21,56,21,0,98,0,0,0,98
03/28/2014,CID,IA,ACE,CE,Combined TRACON& Tower with Radar,22,64,19,0,105,0,0,6,0,6,22,64,25,0,111,8,0,8,119
03/29/2014,CID,IA,ACE,CE,Combined TRACON& Tower with Radar,17,41,40,0,98,0,0,63,0,63,17,41,103,0,161,38,0,38,199
03/30/2014,CID,IA,ACE,CE,Combined TRACON& Tower with Radar,15,53,16,0,84,0,0,28,0,28,15,53,44,0,112,20,0,20,132
03/31/2014,CID,IA,ACE,CE,Combined TRACON& Tower with Radar,19,60,18,0,97,0,0,2,1,3,19,60,20,1,100,0,0,0,100
04/01/2014,CID,IA,ACE,CE,Combined TRACON& Tower with Radar,28,53,30,0,111,0,0,8,0,8,28,53,38,0,119,58,0,58,177
04/02/2014,CID,IA,ACE,CE,Combined TRACON& Tower with Radar,22,56,31,0,109,0,0,12,0,12,22,56,43,0,121,16,0,16,137
04/03/2014,CID,IA,ACE,CE,Combined TRACON& Tower with Radar,23,52,30,0,105,0,0,2,0,2,23,52,32,0,107,0,0,0,107
04/04/2014,CID,IA,ACE,CE,Combined TRACON& Tower with Radar,31,57,11,0,99,0,0,0,0,0,31,57,11,0,99,0,0,0,99
04/05/2014,CID,IA,ACE,CE,Combined TRACON& Tower with Radar,15,40,40,0,95,0,0,73,0,73,15,40,113,0,168,42,0,42,210
04/06/2014,CID,IA,ACE,CE,Combined TRACON& Tower with Radar,11,47,25,0,83,0,0,43,0,43,11,47,68,0,126,46,0,46,172
04/07/2014,CID,IA,ACE,CE,Combined TRACON& Tower with Radar,23,55,14,0,92,0,0,9,0,9,23,55,23,0,101,32,0,32,133
04/08/2014,CID,IA,ACE,CE,Combined TRACON& Tower with Radar,21,61,28,0,110,0,1,24,0,25,21,62,52,0,135,18,0,18,153
04/09/2014,CID,IA,ACE,CE,Combined TRACON& Tower with Radar,19,58,25,0,102,0,0,27,0,27,19,58,52,0,129,22,0,22,151
04/10/2014,CID,IA,ACE,CE,Combined TRACON& Tower with Radar,26,53,30,0,109,0,0,16,0,16,26,53,46,0,125,28,0,28,153
04/11/2014,CID,IA,ACE,CE,Combined TRACON& Tower with Radar,25,54,34,0,113,0,0,23,0,23,25,54,57,0,136,30,0,30,166
04/12/2014,CID,IA,ACE,CE,Combined TRACON& Tower with Radar,14,40,6,0,60,0,0,12,0,12,14,40,18,0,72,48,0,48,120
04/13/2014,CID,IA,ACE,CE,Combined TRACON& Tower with Radar,15,34,5,0,54,0,0,0,0,0,15,34,5,0,54,0,0,0,54
04/14/2014,CID,IA,ACE,CE,Combined TRACON& Tower with Radar,19,52,26,0,97,0,0,14,0,14,19,52,40,0,111,6,0,6,117
04/15/2014,CID,IA,ACE,CE,Combined TRACON& Tower with Radar,21,54,35,0,110,0,0,24,0,24,21,54,59,0,134,52,0,52,186
04/16/2014,CID,IA,ACE,CE,Combined TRACON& Tower with Radar,21,58,25,0,104,0,0,5,0,5,21,58,30,0,109,0,0,0,109
04/17/2014,CID,IA,ACE,CE,Combined TRACON& Tower with Radar,23,57,32,0,112,0,0,12,0,12,23,57,44,0,124,32,0,32,156
04/18/2014,CID,IA,ACE,CE,Combined TRACON& Tower with Radar,27,52,24,0,103,0,0,28,0,28,27,52,52,0,131,38,0,38,169
04/19/2014,CID,IA,ACE,CE,Combined TRACON& Tower with Radar,14,36,19,0,69,0,1,25,0,26,14,37,44,0,95,0,0,0,95
04/20/2014,CID,IA,ACE,CE,Combined TRACON& Tower with Radar,14,44,8,0,66,0,0,12,0,12,14,44,20,0,78,12,0,12,90
04/21/2014,CID,IA,ACE,CE,Combined TRACON& Tower with Radar,21,55,16,0,92,0,1,8,0,9,21,56,24,0,101,18,0,18,119
04/22/2014,CID,IA,ACE,CE,Combined TRACON& Tower with Radar,21,52,38,0,111,0,0,54,0,54,21,52,92,0,165,28,0,28,193
04/23/2014,CID,IA,ACE,CE,Combined TRACON& Tower with Radar,19,57,27,0,103,0,0,11,0,11,19,57,38,0,114,8,0,8,122
04/24/2014,CID,IA,ACE,CE,Combined TRACON& Tower with Radar,22,53,27,0,102,0,0,0,0,0,22,53,27,0,102,0,0,0,102
04/25/2014,CID,IA,ACE,CE,Combined TRACON& Tower with Radar,26,59,29,0,114,0,0,47,1,48,26,59,76,1,162,60,0,60,222
04/26/2014,CID,IA,ACE,CE,Combined TRACON& Tower with Radar,14,40,33,0,87,0,0,54,0,54,14,40,87,0,141,38,0,38,179
04/27/2014,CID,IA,ACE,CE,Combined TRACON& Tower with Radar,14,42,13,2,71,0,0,2,0,2,14,42,15,2,73,0,0,0,73
04/28/2014,CID,IA,ACE,CE,Combined TRACON& Tower with Radar,21,53,12,0,86,0,0,0,0,0,21,53,12,0,86,0,0,0,86
04/29/2014,CID,IA,ACE,CE,Combined TRACON& Tower with Radar,20,44,21,0,85,0,0,0,0,0,20,44,21,0,85,0,0,0,85
04/30/2014,CID,IA,ACE,CE,Combined TRACON& Tower with Radar,21,57,23,0,101,0,0,0,0,0,21,57,23,0,101,0,0,0,101
05/01/2014,CID,IA,ACE,CE,Combined TRACON& Tower with Radar,22,61,35,0,118,0,0,10,0,10,22,61,45,0,128,20,0,20,148
05/02/2014,CID,IA,ACE,CE,Combined TRACON& Tower with Radar,23,60,23,2,108,0,0,26,0,26,23,60,49,2,134,8,0,8,142
05/03/2014,CID,IA,ACE,CE,Combined TRACON& Tower with Radar,13,43,26,0,82,0,0,38,0,38,13,43,64,0,120,24,0,24,144
05/04/2014,CID,IA,ACE,CE,Combined TRACON& Tower with Radar,15,50,21,0,86,0,0,39,0,39,15,50,60,0,125,50,0,50,175
05/05/2014,CID,IA,ACE,CE,Combined TRACON& Tower with Radar,20,60,24,0,104,0,1,26,0,27,20,61,50,0,131,6,0,6,137
05/06/2014,CID,IA,ACE,CE,Combined TRACON& Tower with Radar,17,69,27,0,113,0,0,11,0,11,17,69,38,0,124,0,0,0,124
05/07/2014,CID,IA,ACE,CE,Combined TRACON& Tower with Radar,21,56,20,0,97,0,0,39,0,39,21,56,59,0,136,26,0,26,162
05/08/2014,CID,IA,ACE,CE,Combined TRACON& Tower with Radar,22,55,23,0,100,0,0,6,0,6,22,55,29,0,106,0,0,0,106
05/09/2014,CID,IA,ACE,CE,Combined TRACON& Tower with Radar,28,52,40,0,120,0,0,31,0,31,28,52,71,0,151,20,0,20,171
05/10/2014,CID,IA,ACE,CE,Combined TRACON& Tower with Radar,16,41,12,0,69,0,0,27,0,27,16,41,39,0,96,40,0,40,136
05/11/2014,CID,IA,ACE,CE,Combined TRACON& Tower with Radar,13,45,11,0,69,0,0,7,0,7,13,45,18,0,76,18,0,18,94
05/12/2014,CID,IA,ACE,CE,Combined TRACON& Tower with Radar,18,50,19,0,87,0,0,4,0,4,18,50,23,0,91,0,0,0,91
05/13/2014,CID,IA,ACE,CE,Combined TRACON& Tower with Radar,23,44,24,0,91,0,0,14,0,14,23,44,38,0,105,22,0,22,127
05/14/2014,CID,IA,ACE,CE,Combined TRACON& Tower with Radar,21,64,32,4,121,0,0,38,7,45,21,64,70,11,166,24,0,24,190
05/15/2014,CID,IA,ACE,CE,Combined TRACON& Tower with Radar,24,58,31,0,113,0,0,10,1,11,24,58,41,1,124,18,0,18,142
05/16/2014,CID,IA,ACE,CE,Combined TRACON& Tower with Radar,23,56,19,0,98,0,0,31,0,31,23,56,50,0,129,38,0,38,167
05/17/2014,CID,IA,ACE,CE,Combined TRACON& Tower with Radar,13,40,32,2,87,0,0,51,0,51,13,40,83,2,138,48,0,48,186
05/18/2014,CID,IA,ACE,CE,Combined TRACON& Tower with Radar,14,53,24,0,91,0,0,31,0,31,14,53,55,0,122,24,0,24,146
05/19/2014,CID,IA,ACE,CE,Combined TRACON& Tower with Radar,23,56,21,0,100,0,0,10,0,10,23,56,31,0,110,0,0,0,110
05/20/2014,CID,IA,ACE,CE,Combined TRACON& Tower with Radar,17,52,43,0,112,0,0,20,0,20,17,52,63,0,132,14,0,14,146
05/21/2014,CID,IA,ACE,CE,Combined TRACON& Tower with Radar,27,57,21,0,105,0,0,34,0,34,27,57,55,0,139,58,0,58,197
05/22/2014,CID,IA,ACE,CE,Combined TRACON& Tower with Radar,21,59,36,0,116,0,0,50,0,50,21,59,86,0,166,100,0,100,266
05/23/2014,CID,IA,ACE,CE,Combined TRACON& Tower with Radar,24,59,30,0,113,0,0,25,0,25,24,59,55,0,138,8,0,8,146
05/24/2014,CID,IA,ACE,CE,Combined TRACON& Tower with Radar,12,44,19,0,75,0,0,50,0,50,12,44,69,0,125,42,0,42,167
05/25/2014,CID,IA,ACE,CE,Combined TRACON& Tower with Radar,13,33,16,0,62,0,0,26,0,26,13,33,42,0,88,24,0,24,112
05/26/2014,CID,IA,ACE,CE,Combined TRACON& Tower with Radar,14,52,13,0,79,0,0,16,0,16,14,52,29,0,95,2,0,2,97
05/27/2014,CID,IA,ACE,CE,Combined TRACON& Tower with Radar,14,54,36,0,104,0,0,23,0,23,14,54,59,0,127,0,0,0,127
05/28/2014,CID,IA,ACE,CE,Combined TRACON& Tower with Radar,23,59,31,0,113,0,0,23,0,23,23,59,54,0,136,20,0,20,156
05/29/2014,CID,IA,ACE,CE,Combined TRACON& Tower with Radar,26,61,33,0,120,0,0,41,0,41,26,61,74,0,161,22,0,22,183
05/30/2014,CID,IA,ACE,CE,Combined TRACON& Tower with Radar,24,60,37,0,121,0,0,43,0,43,24,60,80,0,164,28,0,28,192
05/31/2014,CID,IA,ACE,CE,Combined TRACON& Tower with Radar,13,41,17,2,73,0,0,34,0,34,13,41,51,2,107,30,0,30,137
06/01/2014,CID,IA,ACE,CE,Combined TRACON& Tower with Radar,12,51,23,0,86,0,0,20,0,20,12,51,43,0,106,22,0,22,128
06/02/2014,CID,IA,ACE,CE,Combined TRACON& Tower with Radar,21,56,15,0,92,0,0,12,0,12,21,56,27,0,104,2,0,2,106
06/03/2014,CID,IA,ACE,CE,Combined TRACON& Tower with Radar,17,55,39,0,111,0,1,32,0,33,17,56,71,0,144,46,0,46,190
06/04/2014,CID,IA,ACE,CE,Combined TRACON& Tower with Radar,21,55,33,0,109,0,0,12,0,12,21,55,45,0,121,6,0,6,127
06/05/2014,CID,IA,ACE,CE,Combined TRACON& Tower with Radar,23,57,39,0,119,0,0,47,2,49,23,57,86,2,168,58,0,58,226
06/06/2014,CID,IA,ACE,CE,Combined TRACON& Tower with Radar,25,58,23,4,110,0,0,43,1,44,25,58,66,5,154,64,0,64,218
06/07/2014,CID,IA,ACE,CE,Combined TRACON& Tower with Radar,14,39,10,0,63,0,0,18,0,18,14,39,28,0,81,10,0,10,91
06/08/2014,CID,IA,ACE,CE,Combined TRACON& Tower with Radar,13,50,44,0,107,0,2,36,1,39,13,52,80,1,146,16,0,16,162
06/09/2014,CID,IA,ACE,CE,Combined TRACON& Tower with Radar,21,55,30,2,108,0,0,36,0,36,21,55,66,2,144,30,0,30,174
06/10/2014,CID,IA,ACE,CE,Combined TRACON& Tower with Radar,20,51,32,0,103,0,0,21,0,21,20,51,53,0,124,32,0,32,156
06/11/2014,CID,IA,ACE,CE,Combined TRACON& Tower with Radar,27,50,41,1,119,0,0,29,2,31,27,50,70,3,150,48,0,48,198
06/12/2014,CID,IA,ACE,CE,Combined TRACON& Tower with Radar,23,56,34,0,113,0,0,20,0,20,23,56,54,0,133,24,0,24,157
06/13/2014,CID,IA,ACE,CE,Combined TRACON& Tower with Radar,25,60,19,0,104,0,0,61,0,61,25,60,80,0,165,40,0,40,205
06/14/2014,CID,IA,ACE,CE,Combined TRACON& Tower with Radar,17,38,23,2,80,0,0,41,0,41,17,38,64,2,121,0,0,0,121
06/15/2014,CID,IA,ACE,CE,Combined TRACON& Tower with Radar,14,48,7,0,69,0,0,12,0,12,14,48,19,0,81,16,0,16,97
06/16/2014,CID,IA,ACE,CE,Combined TRACON& Tower with Radar,20,59,21,0,100,0,0,18,0,18,20,59,39,0,118,44,0,44,162
06/17/2014,CID,IA,ACE,CE,Combined TRACON& Tower with Radar,23,54,42,0,119,0,0,21,0,21,23,54,63,0,140,0,0,0,140
06/18/2014,CID,IA,ACE,CE,Combined TRACON& Tower with Radar,27,49,29,1,106,0,0,23,3,26,27,49,52,4,132,38,0,38,170
06/19/2014,CID,IA,ACE,CE,Combined TRACON& Tower with Radar,25,48,15,0,88,0,0,2,0,2,25,48,17,0,90,0,0,0,90
06/20/2014,CID,IA,ACE,CE,Combined TRACON& Tower with Radar,28,54,32,0,114,0,1,31,0,32,28,55,63,0,146,36,0,36,182
06/21/2014,CID,IA,ACE,CE,Combined TRACON& Tower with Radar,18,39,23,0,80,0,0,29,0,29,18,39,52,0,109,16,0,16,125
06/22/2014,CID,IA,ACE,CE,Combined TRACON& Tower with Radar,15,60,11,0,86,0,0,16,0,16,15,60,27,0,102,46,0,46,148
06/23/2014,CID,IA,ACE,CE,Combined TRACON& Tower with Radar,21,47,24,1,93,0,0,20,0,20,21,47,44,1,113,20,0,20,133
06/24/2014,CID,IA,ACE,CE,Combined TRACON& Tower with Radar,22,61,31,0,114,0,0,50,4,54,22,61,81,4,168,78,0,78,246
06/25/2014,CID,IA,ACE,CE,Combined TRACON& Tower with Radar,23,50,30,3,106,0,0,52,5,57,23,50,82,8,163,61,0,61,224
06/26/2014,CID,IA,ACE,CE,Combined TRACON& Tower with Radar,27,57,28,1,113,0,0,15,0,15,27,57,43,1,128,58,0,58,186
06/27/2014,CID,IA,ACE,CE,Combined TRACON& Tower with Radar,25,57,19,0,101,0,0,12,0,12,25,57,31,0,113,4,0,4,117
06/28/2014,CID,IA,ACE,CE,Combined TRACON& Tower with Radar,18,39,29,0,86,0,0,4,0,4,18,39,33,0,90,0,0,0,90
06/29/2014,CID,IA,ACE,CE,Combined TRACON& Tower with Radar,13,44,18,0,75,0,0,22,0,22,13,44,40,0,97,0,0,0,97
06/30/2014,CID,IA,ACE,CE,Combined TRACON& Tower with Radar,17,41,22,0,80,0,0,6,0,6,17,41,28,0,86,10,0,10,96
07/01/2014,CID,IA,ACE,CE,Combined TRACON& Tower with Radar,20,50,30,1,101,0,0,20,1,21,20,50,50,2,122,24,0,24,146
07/02/2014,CID,IA,ACE,CE,Combined TRACON& Tower with Radar,21,58,18,0,97,0,0,14,0,14,21,58,32,0,111,8,0,8,119
07/03/2014,CID,IA,ACE,CE,Combined TRACON& Tower with Radar,22,53,31,0,106,0,0,56,0,56,22,53,87,0,162,84,0,84,246
07/04/2014,CID,IA,ACE,CE,Combined TRACON& Tower with Radar,11,32,14,0,57,0,0,47,0,47,11,32,61,0,104,26,0,26,130
07/05/2014,CID,IA,ACE,CE,Combined TRACON& Tower with Radar,13,37,5,0,55,0,0,0,0,0,13,37,5,0,55,0,0,0,55
07/06/2014,CID,IA,ACE,CE,Combined TRACON& Tower with Radar,15,57,49,0,121,0,0,18,0,18,15,57,67,0,139,22,0,22,161
07/07/2014,CID,IA,ACE,CE,Combined TRACON& Tower with Radar,23,60,28,0,111,0,1,29,0,30,23,61,57,0,141,64,0,64,205
07/08/2014,CID,IA,ACE,CE,Combined TRACON& Tower with Radar,19,58,36,0,113,0,0,26,0,26,19,58,62,0,139,28,0,28,167
07/09/2014,CID,IA,ACE,CE,Combined TRACON& Tower with Radar,23,55,47,0,125,0,0,45,0,45,23,55,92,0,170,70,0,70,240
07/10/2014,CID,IA,ACE,CE,Combined TRACON& Tower with Radar,23,61,30,0,114,0,0,59,0,59,23,61,89,0,173,116,0,116,289
07/11/2014,CID,IA,ACE,CE,Combined TRACON& Tower with Radar,23,58,26,3,110,0,0,15,0,15,23,58,41,3,125,24,0,24,149
07/12/2014,CID,IA,ACE,CE,Combined TRACON& Tower with Radar,16,35,12,0,63,0,0,1,0,1,16,35,13,0,64,22,0,22,86
07/13/2014,CID,IA,ACE,CE,Combined TRACON& Tower with Radar,16,55,14,0,85,1,0,26,0,27,17,55,40,0,112,0,0,0,112
07/14/2014,CID,IA,ACE,CE,Combined TRACON& Tower with Radar,21,58,21,1,101,0,0,21,0,21,21,58,42,1,122,10,0,10,132
07/15/2014,CID,IA,ACE,CE,Combined TRACON& Tower with Radar,19,56,35,0,110,0,0,44,0,44,19,56,79,0,154,78,0,78,232
07/16/2014,CID,IA,ACE,CE,Combined TRACON& Tower with Radar,22,54,47,1,124,0,0,56,1,57,22,54,103,2,181,69,0,69,250
07/17/2014,CID,IA,ACE,CE,Combined TRACON& Tower with Radar,23,57,59,0,139,0,0,38,0,38,23,57,97,0,177,40,0,40,217
07/18/2014,CID,IA,ACE,CE,Combined TRACON& Tower with Radar,26,61,19,0,106,0,0,37,0,37,26,61,56,0,143,28,0,28,171
07/19/2014,CID,IA,ACE,CE,Combined TRACON& Tower with Radar,16,39,23,0,78,0,0,38,1,39,16,39,61,1,117,28,0,28,145
07/20/2014,CID,IA,ACE,CE,Combined TRACON& Tower with Radar,17,50,27,0,94,0,0,43,0,43,17,50,70,0,137,36,0,36,173
07/21/2014,CID,IA,ACE,CE,Combined TRACON& Tower with Radar,21,54,27,0,102,0,0,20,0,20,21,54,47,0,122,6,0,6,128
07/22/2014,CID,IA,ACE,CE,Combined TRACON& Tower with Radar,19,52,23,0,94,0,0,16,0,16,19,52,39,0,110,12,0,12,122
07/23/2014,CID,IA,ACE,CE,Combined TRACON& Tower with Radar,23,60,43,0,126,0,0,50,0,50,23,60,93,0,176,89,0,89,265
07/24/2014,CID,IA,ACE,CE,Combined TRACON& Tower with Radar,22,55,34,0,111,0,0,36,0,36,22,55,70,0,147,58,0,58,205
07/25/2014,CID,IA,ACE,CE,Combined TRACON& Tower with Radar,25,61,21,0,107,0,0,12,0,12,25,61,33,0,119,12,0,12,131
07/26/2014,CID,IA,ACE,CE,Combined TRACON& Tower with Radar,14,39,19,1,73,0,0,34,0,34,14,39,53,1,107,38,0,38,145
07/27/2014,CID,IA,ACE,CE,Combined TRACON& Tower with Radar,14,55,17,0,86,0,0,27,0,27,14,55,44,0,113,14,0,14,127
07/28/2014,CID,IA,ACE,CE,Combined TRACON& Tower with Radar,19,58,18,0,95,0,0,35,0,35,19,58,53,0,130,48,0,48,178
07/29/2014,CID,IA,ACE,CE,Combined TRACON& Tower with Radar,19,53,39,0,111,0,1,40,0,41,19,54,79,0,152,50,0,50,202
07/30/2014,CID,IA,ACE,CE,Combined TRACON& Tower with Radar,21,55,25,0,101,0,0,31,2,33,21,55,56,2,134,15,0,15,149
07/31/2014,CID,IA,ACE,CE,Combined TRACON& Tower with Radar,23,59,41,4,127,0,0,30,2,32,23,59,71,6,159,50,0,50,209
08/01/2014,CID,IA,ACE,CE,Combined TRACON& Tower with Radar,28,53,19,6,106,0,0,25,0,25,28,53,44,6,131,26,2,28,159
08/02/2014,CID,IA,ACE,CE,Combined TRACON& Tower with Radar,12,44,16,0,72,0,0,30,0,30,12,44,46,0,102,0,0,0,102
08/03/2014,CID,IA,ACE,CE,Combined TRACON& Tower with Radar,16,53,33,0,102,0,0,40,0,40,16,53,73,0,142,38,0,38,180
08/04/2014,CID,IA,ACE,CE,Combined TRACON& Tower with Radar,23,55,19,0,97,0,0,15,0,15,23,55,34,0,112,20,0,20,132
08/05/2014,CID,IA,ACE,CE,Combined TRACON& Tower with Radar,24,57,37,0,118,0,0,17,0,17,24,57,54,0,135,40,0,40,175
08/06/2014,CID,IA,ACE,CE,Combined TRACON& Tower with Radar,21,58,34,0,113,0,0,5,0,5,21,58,39,0,118,0,0,0,118
08/07/2014,CID,IA,ACE,CE,Combined TRACON& Tower with Radar,22,64,37,2,125,0,0,16,0,16,22,64,53,2,141,36,0,36,177
08/08/2014,CID,IA,ACE,CE,Combined TRACON& Tower with Radar,27,56,24,1,108,0,0,22,1,23,27,56,46,2,131,24,0,24,155
08/09/2014,CID,IA,ACE,CE,Combined TRACON& Tower with Radar,11,43,17,0,71,0,0,30,0,30,11,43,47,0,101,4,0,4,105
08/10/2014,CID,IA,ACE,CE,Combined TRACON& Tower with Radar,19,49,17,0,85,0,0,29,2,31,19,49,46,2,116,56,0,56,172
08/11/2014,CID,IA,ACE,CE,Combined TRACON& Tower with Radar,19,56,27,0,102,0,0,10,0,10,19,56,37,0,112,0,0,0,112
08/12/2014,CID,IA,ACE,CE,Combined TRACON& Tower with Radar,19,51,20,0,90,0,0,35,1,36,19,51,55,1,126,28,0,28,154
08/13/2014,CID,IA,ACE,CE,Combined TRACON& Tower with Radar,19,57,25,0,101,0,0,41,3,44,19,57,66,3,145,72,0,72,217
08/14/2014,CID,IA,ACE,CE,Combined TRACON& Tower with Radar,25,59,41,0,125,0,0,41,0,41,25,59,82,0,166,102,0,102,268
08/15/2014,CID,IA,ACE,CE,Combined TRACON& Tower with Radar,27,57,16,0,100,0,0,11,0,11,27,57,27,0,111,24,0,24,135
08/16/2014,CID,IA,ACE,CE,Combined TRACON& Tower with Radar,12,38,18,0,68,0,0,25,2,27,12,38,43,2,95,6,0,6,101
08/17/2014,CID,IA,ACE,CE,Combined TRACON& Tower with Radar,22,46,22,0,90,0,0,32,0,32,22,46,54,0,122,34,0,34,156
08/18/2014,CID,IA,ACE,CE,Combined TRACON& Tower with Radar,21,56,31,0,108,0,0,15,0,15,21,56,46,0,123,6,0,6,129
08/19/2014,CID,IA,ACE,CE,Combined TRACON& Tower with Radar,16,54,40,0,110,0,0,44,2,46,16,54,84,2,156,52,0,52,208
08/20/2014,CID,IA,ACE,CE,Combined TRACON& Tower with Radar,20,56,36,0,112,0,1,12,0,13,20,57,48,0,125,60,0,60,185
08/21/2014,CID,IA,ACE,CE,Combined TRACON& Tower with Radar,25,57,40,0,122,0,0,19,0,19,25,57,59,0,141,14,0,14,155
08/22/2014,CID,IA,ACE,CE,Combined TRACON& Tower with Radar,26,61,35,0,122,0,0,28,2,30,26,61,63,2,152,16,0,16,168
08/23/2014,CID,IA,ACE,CE,Combined TRACON& Tower with Radar,11,37,12,0,60,0,1,12,0,13,11,38,24,0,73,0,0,0,73
08/24/2014,CID,IA,ACE,CE,Combined TRACON& Tower with Radar,20,45,16,0,81,0,0,52,0,52,20,45,68,0,133,34,0,34,167
08/25/2014,CID,IA,ACE,CE,Combined TRACON& Tower with Radar,17,55,21,0,93,0,0,12,0,12,17,55,33,0,105,68,0,68,173
08/26/2014,CID,IA,ACE,CE,Combined TRACON& Tower with Radar,14,55,31,6,106,0,0,32,0,32,14,55,63,6,138,6,0,6,144
08/27/2014,CID,IA,ACE,CE,Combined TRACON& Tower with Radar,20,57,18,0,95,0,0,30,0,30,20,57,48,0,125,38,0,38,163
08/28/2014,CID,IA,ACE,CE,Combined TRACON& Tower with Radar,24,63,16,0,103,0,0,1,0,1,24,63,17,0,104,0,0,0,104
08/29/2014,CID,IA,ACE,CE,Combined TRACON& Tower with Radar,25,63,16,0,104,0,0,18,0,18,25,63,34,0,122,4,0,4,126
08/30/2014,CID,IA,ACE,CE,Combined TRACON& Tower with Radar,12,32,23,0,67,0,0,19,0,19,12,32,42,0,86,10,0,10,96
08/31/2014,CID,IA,ACE,CE,Combined TRACON& Tower with Radar,13,30,5,0,48,0,0,28,0,28,13,30,33,0,76,32,0,32,108
09/01/2014,CID,IA,ACE,CE,Combined TRACON& Tower with Radar,17,51,13,0,81,0,0,24,0,24,17,51,37,0,105,14,0,14,119
09/02/2014,CID,IA,ACE,CE,Combined TRACON& Tower with Radar,16,58,33,0,107,0,2,26,0,28,16,60,59,0,135,30,0,30,165
09/03/2014,CID,IA,ACE,CE,Combined TRACON& Tower with Radar,24,52,29,0,105,0,2,21,0,23,24,54,50,0,128,38,0,38,166
09/04/2014,CID,IA,ACE,CE,Combined TRACON& Tower with Radar,27,44,28,0,99,0,0,17,2,19,27,44,45,2,118,22,0,22,140
09/05/2014,CID,IA,ACE,CE,Combined TRACON& Tower with Radar,28,45,31,0,104,0,0,9,0,9,28,45,40,0,113,0,0,0,113
09/06/2014,CID,IA,ACE,CE,Combined TRACON& Tower with Radar,13,39,14,0,66,0,0,39,0,39,13,39,53,0,105,20,0,20,125
09/07/2014,CID,IA,ACE,CE,Combined TRACON& Tower with Radar,17,52,26,0,95,0,0,66,0,66,17,52,92,0,161,88,0,88,249
09/08/2014,CID,IA,ACE,CE,Combined TRACON& Tower with Radar,23,58,18,0,99,0,0,27,0,27,23,58,45,0,126,2,0,2,128
09/09/2014,CID,IA,ACE,CE,Combined TRACON& Tower with Radar,21,49,24,0,94,0,0,13,0,13,21,49,37,0,107,0,0,0,107
09/10/2014,CID,IA,ACE,CE,Combined TRACON& Tower with Radar,23,53,22,0,98,0,0,0,0,0,23,53,22,0,98,0,0,0,98
09/11/2014,CID,IA,ACE,CE,Combined TRACON& Tower with Radar,29,56,45,0,130,0,0,25,0,25,29,56,70,0,155,66,0,66,221
09/12/2014,CID,IA,ACE,CE,Combined TRACON& Tower with Radar,27,58,22,1,108,0,1,12,0,13,27,59,34,1,121,0,0,0,121
09/13/2014,CID,IA,ACE,CE,Combined TRACON& Tower with Radar,12,40,20,0,72,0,4,50,0,54,12,44,70,0,126,62,0,62,188
09/14/2014,CID,IA,ACE,CE,Combined TRACON& Tower with Radar,19,56,10,1,86,0,0,52,0,52,19,56,62,1,138,14,0,14,152
09/15/2014,CID,IA,ACE,CE,Combined TRACON& Tower with Radar,21,54,29,0,104,0,0,16,0,16,21,54,45,0,120,18,0,18,138
09/16/2014,CID,IA,ACE,CE,Combined TRACON& Tower with Radar,21,50,22,0,93,0,4,51,0,55,21,54,73,0,148,50,0,50,198
09/17/2014,CID,IA,ACE,CE,Combined TRACON& Tower with Radar,23,53,20,1,97,0,1,27,0,28,23,54,47,1,125,66,0,66,191
09/18/2014,CID,IA,ACE,CE,Combined TRACON& Tower with Radar,26,63,25,0,114,0,0,39,0,39,26,63,64,0,153,66,0,66,219
09/19/2014,CID,IA,ACE,CE,Combined TRACON& Tower with Radar,28,61,20,0,109,0,3,40,0,43,28,64,60,0,152,10,0,10,162
09/20/2014,CID,IA,ACE,CE,Combined TRACON& Tower with Radar,13,37,17,0,67,0,0,28,0,28,13,37,45,0,95,16,0,16,111
09/21/2014,CID,IA,ACE,CE,Combined TRACON& Tower with Radar,26,46,17,0,89,0,0,11,0,11,26,46,28,0,100,0,0,0,100
09/22/2014,CID,IA,ACE,CE,Combined TRACON& Tower with Radar,25,56,36,0,117,0,4,34,0,38,25,60,70,0,155,24,0,24,179
09/23/2014,CID,IA,ACE,CE,Combined TRACON& Tower with Radar,27,54,31,2,114,0,1,46,0,47,27,55,77,2,161,116,0,116,277
09/24/2014,CID,IA,ACE,CE,Combined TRACON& Tower with Radar,23,61,37,0,121,0,0,17,0,17,23,61,54,0,138,66,0,66,204
09/25/2014,CID,IA,ACE,CE,Combined TRACON& Tower with Radar,31,51,38,0,120,0,0,40,0,40,31,51,78,0,160,76,0,76,236
09/26/2014,CID,IA,ACE,CE,Combined TRACON& Tower with Radar,6,29,13,2,50,0,2,49,0,51,6,31,62,2,101,0,0,0,101
09/27/2014,CID,IA,ACE,CE,Combined TRACON& Tower with Radar,1,38,7,0,46,0,2,40,0,42,1,40,47,0,88,68,0,68,156
09/28/2014,CID,IA,ACE,CE,Combined TRACON& Tower with Radar,1,55,11,0,67,0,1,38,0,39,1,56,49,0,106,0,0,0,106
09/29/2014,CID,IA,ACE,CE,Combined TRACON& Tower with Radar,1,61,17,0,79,0,4,16,0,20,1,65,33,0,99,0,0,0,99
09/30/2014,CID,IA,ACE,CE,Combined TRACON& Tower with Radar,4,60,33,0,97,0,2,14,0,16,4,62,47,0,113,12,0,12,125
10/01/2014,CID,IA,ACE,CE,Combined TRACON& Tower with Radar,1,68,35,0,104,0,6,13,0,19,1,74,48,0,123,8,0,8,131
10/02/2014,CID,IA,ACE,CE,Combined TRACON& Tower with Radar,3,70,26,0,99,0,2,8,0,10,3,72,34,0,109,12,0,12,121
10/03/2014,CID,IA,ACE,CE,Combined TRACON& Tower with Radar,5,74,19,0,98,0,6,4,0,10,5,80,23,0,108,0,0,0,108
10/04/2014,CID,IA,ACE,CE,Combined TRACON& Tower with Radar,4,36,10,0,50,2,2,4,0,8,6,38,14,0,58,0,0,0,58
10/05/2014,CID,IA,ACE,CE,Combined TRACON& Tower with Radar,6,63,11,0,80,0,0,14,0,14,6,63,25,0,94,16,0,16,110
10/06/2014,CID,IA,ACE,CE,Combined TRACON& Tower with Radar,10,63,8,0,81,1,1,25,0,27,11,64,33,0,108,18,0,18,126
10/07/2014,CID,IA,ACE,CE,Combined TRACON& Tower with Radar,6,63,16,0,85,0,0,24,0,24,6,63,40,0,109,56,0,56,165
10/08/2014,CID,IA,ACE,CE,Combined TRACON& Tower with Radar,7,62,24,0,93,0,6,56,2,64,7,68,80,2,157,90,0,90,247
10/09/2014,CID,IA,ACE,CE,Combined TRACON& Tower with Radar,12,73,18,0,103,0,0,34,2,36,12,73,52,2,139,0,0,0,139
10/10/2014,CID,IA,ACE,CE,Combined TRACON& Tower with Radar,18,56,21,0,95,1,6,39,0,46,19,62,60,0,141,24,0,24,165
10/11/2014,CID,IA,ACE,CE,Combined TRACON& Tower with Radar,3,45,9,0,57,0,1,50,0,51,3,46,59,0,108,40,0,40,148
10/12/2014,CID,IA,ACE,CE,Combined TRACON& Tower with Radar,3,62,11,0,76,0,2,12,0,14,3,64,23,0,90,22,0,22,112
10/13/2014,CID,IA,ACE,CE,Combined TRACON& Tower with Radar,24,53,18,0,95,0,0,0,0,0,24,53,18,0,95,0,0,0,95
10/14/2014,CID,IA,ACE,CE,Combined TRACON& Tower with Radar,24,57,17,0,98,0,0,1,0,1,24,57,18,0,99,0,0,0,99
10/15/2014,CID,IA,ACE,CE,Combined TRACON& Tower with Radar,27,54,29,0,110,0,0,42,0,42,27,54,71,0,152,18,0,18,170
10/16/2014,CID,IA,ACE,CE,Combined TRACON& Tower with Radar,35,51,32,0,118,0,2,34,0,36,35,53,66,0,154,52,0,52,206
10/17/2014,CID,IA,ACE,CE,Combined TRACON& Tower with Radar,37,54,20,0,111,0,0,12,0,12,37,54,32,0,123,12,0,12,135
10/18/2014,CID,IA,ACE,CE,Combined TRACON& Tower with Radar,20,34,21,0,75,0,0,58,0,58,20,34,79,0,133,86,0,86,219
10/19/2014,CID,IA,ACE,CE,Combined TRACON& Tower with Radar,23,45,18,0,86,0,0,39,0,39,23,45,57,0,125,22,0,22,147
10/20/2014,CID,IA,ACE,CE,Combined TRACON& Tower with Radar,27,48,7,0,82,0,0,34,0,34,27,48,41,0,116,36,0,36,152
10/21/2014,CID,IA,ACE,CE,Combined TRACON& Tower with Radar,26,51,21,2,100,0,0,30,0,30,26,51,51,2,130,20,0,20,150
10/22/2014,CID,IA,ACE,CE,Combined TRACON& Tower with Radar,27,51,22,0,100,0,0,34,1,35,27,51,56,1,135,24,0,24,159
10/23/2014,CID,IA,ACE,CE,Combined TRACON& Tower with Radar,23,49,33,0,105,0,0,5,0,5,23,49,38,0,110,6,0,6,116
10/24/2014,CID,IA,ACE,CE,Combined TRACON& Tower with Radar,23,39,23,0,85,0,0,0,0,0,23,39,23,0,85,4,0,4,89
10/25/2014,CID,IA,ACE,CE,Combined TRACON& Tower with Radar,18,35,31,1,85,0,1,69,1,71,18,36,100,2,156,40,0,40,196
10/26/2014,CID,IA,ACE,CE,Combined TRACON& Tower with Radar,21,46,17,0,84,0,0,37,0,37,21,46,54,0,121,64,0,64,185
10/27/2014,CID,IA,ACE,CE,Combined TRACON& Tower with Radar,26,55,23,2,106,0,1,14,0,15,26,56,37,2,121,44,0,44,165
10/28/2014,CID,IA,ACE,CE,Combined TRACON& Tower with Radar,26,53,20,0,99,0,0,10,0,10,26,53,30,0,109,36,0,36,145
10/29/2014,CID,IA,ACE,CE,Combined TRACON& Tower with Radar,29,50,31,3,113,0,0,32,1,33,29,50,63,4,146,64,0,64,210
10/30/2014,CID,IA,ACE,CE,Combined TRACON& Tower with Radar,29,56,31,0,116,0,0,26,0,26,29,56,57,0,142,26,0,26,168
10/31/2014,CID,IA,ACE,CE,Combined TRACON& Tower with Radar,28,44,11,0,83,0,0,9,0,9,28,44,20,0,92,0,0,0,92
11/01/2014,CID,IA,ACE,CE,Combined TRACON& Tower with Radar,13,34,19,0,66,0,0,43,0,43,13,34,62,0,109,64,0,64,173
11/02/2014,CID,IA,ACE,CE,Combined TRACON& Tower with Radar,22,46,10,0,78,0,1,33,0,34,22,47,43,0,112,0,0,0,112
11/03/2014,CID,IA,ACE,CE,Combined TRACON& Tower with Radar,27,53,19,0,99,0,0,14,0,14,27,53,33,0,113,6,0,6,119
11/04/2014,CID,IA,ACE,CE,Combined TRACON& Tower with Radar,25,45,37,0,107,0,0,35,0,35,25,45,72,0,142,30,0,30,172
11/05/2014,CID,IA,ACE,CE,Combined TRACON& Tower with Radar,29,51,25,1,106,0,0,30,1,31,29,51,55,2,137,8,0,8,145
11/06/2014,CID,IA,ACE,CE,Combined TRACON& Tower with Radar,30,52,23,0,105,0,0,16,0,16,30,52,39,0,121,0,0,0,121
11/07/2014,CID,IA,ACE,CE,Combined TRACON& Tower with Radar,32,56,17,0,105,0,0,18,0,18,32,56,35,0,123,6,0,6,129
11/08/2014,CID,IA,ACE,CE,Combined TRACON& Tower with Radar,17,39,12,0,68,0,0,17,0,17,17,39,29,0,85,0,0,0,85
11/09/2014,CID,IA,ACE,CE,Combined TRACON& Tower with Radar,21,46,19,0,86,0,1,61,0,62,21,47,80,0,148,56,0,56,204
11/10/2014,CID,IA,ACE,CE,Combined TRACON& Tower with Radar,26,51,15,0,92,0,0,16,0,16,26,51,31,0,108,6,0,6,114
11/11/2014,CID,IA,ACE,CE,Combined TRACON& Tower with Radar,25,45,12,0,82,0,0,4,0,4,25,45,16,0,86,0,0,0,86
11/12/2014,CID,IA,ACE,CE,Combined TRACON& Tower with Radar,27,53,29,0,109,0,0,3,0,3,27,53,32,0,112,0,0,0,112
11/13/2014,CID,IA,ACE,CE,Combined TRACON& Tower with Radar,29,57,11,0,97,0,0,7,0,7,29,57,18,0,104,8,0,8,112
11/14/2014,CID,IA,ACE,CE,Combined TRACON& Tower with Radar,32,56,20,0,108,0,0,36,0,36,32,56,56,0,144,32,0,32,176
11/15/2014,CID,IA,ACE,CE,Combined TRACON& Tower with Radar,17,39,23,2,81,0,0,24,0,24,17,39,47,2,105,16,0,16,121
11/16/2014,CID,IA,ACE,CE,Combined TRACON& Tower with Radar,18,46,18,0,82,0,0,6,0,6,18,46,24,0,88,2,0,2,90
11/17/2014,CID,IA,ACE,CE,Combined TRACON& Tower with Radar,25,55,16,0,96,0,0,9,0,9,25,55,25,0,105,0,0,0,105
11/18/2014,CID,IA,ACE,CE,Combined TRACON& Tower with Radar,23,53,32,1,109,0,0,8,3,11,23,53,40,4,120,16,0,16,136
11/19/2014,CID,IA,ACE,CE,Combined TRACON& Tower with Radar,32,55,34,0,121,0,0,16,0,16,32,55,50,0,137,0,0,0,137
11/20/2014,CID,IA,ACE,CE,Combined TRACON& Tower with Radar,31,59,36,1,127,0,0,46,1,47,31,59,82,2,174,20,0,20,194
11/21/2014,CID,IA,ACE,CE,Combined TRACON& Tower with Radar,33,52,34,0,119,0,0,29,0,29,33,52,63,0,148,6,0,6,154
11/22/2014,CID,IA,ACE,CE,Combined TRACON& Tower with Radar,15,32,19,0,66,0,0,0,0,0,15,32,19,0,66,0,0,0,66
11/23/2014,CID,IA,ACE,CE,Combined TRACON& Tower with Radar,20,44,15,0,79,0,0,0,0,0,20,44,15,0,79,0,0,0,79
11/24/2014,CID,IA,ACE,CE,Combined TRACON& Tower with Radar,21,43,8,0,72,0,0,0,0,0,21,43,8,0,72,0,0,0,72
11/25/2014,CID,IA,ACE,CE,Combined TRACON& Tower with Radar,28,47,29,0,104,0,0,22,0,22,28,47,51,0,126,10,0,10,136
11/26/2014,CID,IA,ACE,CE,Combined TRACON& Tower with Radar,30,55,31,0,116,0,0,2,0,2,30,55,33,0,118,0,0,0,118
11/27/2014,CID,IA,ACE,CE,Combined TRACON& Tower with Radar,16,29,8,0,53,0,0,8,0,8,16,29,16,0,61,0,0,0,61
11/28/2014,CID,IA,ACE,CE,Combined TRACON& Tower with Radar,31,32,15,0,78,0,0,12,0,12,31,32,27,0,90,0,0,0,90
11/29/2014,CID,IA,ACE,CE,Combined TRACON& Tower with Radar,19,51,15,0,85,0,0,52,0,52,19,51,67,0,137,18,0,18,155
11/30/2014,CID,IA,ACE,CE,Combined TRACON& Tower with Radar,26,54,12,0,92,0,0,4,0,4,26,54,16,0,96,4,0,4,100
12/01/2014,CID,IA,ACE,CE,Combined TRACON& Tower with Radar,27,56,31,0,114,0,0,15,0,15,27,56,46,0,129,12,0,12,141
12/02/2014,CID,IA,ACE,CE,Combined TRACON& Tower with Radar,30,45,41,0,116,0,0,12,0,12,30,45,53,0,128,24,0,24,152
12/03/2014,CID,IA,ACE,CE,Combined TRACON& Tower with Radar,28,49,30,0,107,0,0,23,0,23,28,49,53,0,130,10,0,10,140
12/04/2014,CID,IA,ACE,CE,Combined TRACON& Tower with Radar,30,50,30,0,110,0,0,28,0,28,30,50,58,0,138,4,0,4,142
12/05/2014,CID,IA,ACE,CE,Combined TRACON& Tower with Radar,29,44,20,0,93,0,0,0,0,0,29,44,20,0,93,0,0,0,93
12/06/2014,CID,IA,ACE,CE,Combined TRACON& Tower with Radar,16,35,20,2,73,0,0,57,0,57,16,35,77,2,130,42,0,42,172
12/07/2014,CID,IA,ACE,CE,Combined TRACON& Tower with Radar,20,41,17,0,78,0,0,34,0,34,20,41,51,0,112,32,0,32,144
12/08/2014,CID,IA,ACE,CE,Combined TRACON& Tower with Radar,29,44,27,0,100,0,0,0,0,0,29,44,27,0,100,0,0,0,100
12/09/2014,CID,IA,ACE,CE,Combined TRACON& Tower with Radar,25,45,19,9,98,0,0,1,13,14,25,45,20,22,112,40,0,40,152
12/10/2014,CID,IA,ACE,CE,Combined TRACON& Tower with Radar,29,44,38,20,131,0,0,10,0,10,29,44,48,20,141,22,20,42,183
12/11/2014,CID,IA,ACE,CE,Combined TRACON& Tower with Radar,30,46,36,0,112,0,0,1,0,1,30,46,37,0,113,0,0,0,113
12/12/2014,CID,IA,ACE,CE,Combined TRACON& Tower with Radar,32,50,29,0,111,0,0,4,0,4,32,50,33,0,115,32,0,32,147
12/13/2014,CID,IA,ACE,CE,Combined TRACON& Tower with Radar,15,28,19,0,62,0,0,8,0,8,15,28,27,0,70,0,0,0,70
12/14/2014,CID,IA,ACE,CE,Combined TRACON& Tower with Radar,18,38,15,0,71,0,0,0,0,0,18,38,15,0,71,0,0,0,71
12/15/2014,CID,IA,ACE,CE,Combined TRACON& Tower with Radar,28,49,17,4,98,0,0,0,0,0,28,49,17,4,98,0,0,0,98
12/16/2014,CID,IA,ACE,CE,Combined TRACON& Tower with Radar,30,44,20,0,94,0,0,7,2,9,30,44,27,2,103,0,0,0,103
12/17/2014,CID,IA,ACE,CE,Combined TRACON& Tower with Radar,33,45,42,0,120,0,0,27,0,27,33,45,69,0,147,10,0,10,157
12/18/2014,CID,IA,ACE,CE,Combined TRACON& Tower with Radar,35,51,23,2,111,0,0,14,0,14,35,51,37,2,125,10,0,10,135
12/19/2014,CID,IA,ACE,CE,Combined TRACON& Tower with Radar,45,47,26,0,118,0,0,25,0,25,45,47,51,0,143,26,0,26,169
12/20/2014,CID,IA,ACE,CE,Combined TRACON& Tower with Radar,41,39,3,0,83,0,0,0,0,0,41,39,3,0,83,0,0,0,83
12/21/2014,CID,IA,ACE,CE,Combined TRACON& Tower with Radar,41,32,5,0,78,0,0,3,0,3,41,32,8,0,81,10,0,10,91
12/22/2014,CID,IA,ACE,CE,Combined TRACON& Tower with Radar,47,35,15,0,97,0,0,0,0,0,47,35,15,0,97,0,0,0,97
12/23/2014,CID,IA,ACE,CE,Combined TRACON& Tower with Radar,43,38,7,0,88,0,0,0,0,0,43,38,7,0,88,0,0,0,88
12/24/2014,CID,IA,ACE,CE,Combined TRACON& Tower with Radar,43,25,2,0,70,0,0,4,0,4,43,25,6,0,74,0,0,0,74
12/25/2014,CID,IA,ACE,CE,Combined TRACON& Tower with Radar,32,18,10,0,60,0,0,7,0,7,32,18,17,0,67,12,0,12,79
12/26/2014,CID,IA,ACE,CE,Combined TRACON& Tower with Radar,43,43,20,0,106,0,0,34,0,34,43,43,54,0,140,68,0,68,208
12/27/2014,CID,IA,ACE,CE,Combined TRACON& Tower with Radar,31,40,10,0,81,0,0,14,0,14,31,40,24,0,95,0,0,0,95
12/28/2014,CID,IA,ACE,CE,Combined TRACON& Tower with Radar,35,41,24,0,100,0,0,42,0,42,35,41,66,0,142,22,0,22,164
12/29/2014,CID,IA,ACE,CE,Combined TRACON& Tower with Radar,40,31,8,0,79,0,0,7,2,9,40,31,15,2,88,10,6,16,104
12/30/2014,CID,IA,ACE,CE,Combined TRACON& Tower with Radar,38,31,8,0,77,0,0,15,2,17,38,31,23,2,94,34,0,34,128
12/31/2014,CID,IA,ACE,CE,Combined TRACON& Tower with Radar,44,24,8,0,76,0,0,15,0,15,44,24,23,0,91,28,0,28,119
01/01/2015,CID,IA,ACE,CE,Combined TRACON& Tower with Radar,26,18,6,0,50,0,0,19,0,19,26,18,25,0,69,6,0,6,75
01/02/2015,CID,IA,ACE,CE,Combined TRACON& Tower with Radar,45,42,16,0,103,0,0,58,3,61,45,42,74,3,164,58,0,58,222
01/03/2015,CID,IA,ACE,CE,Combined TRACON& Tower with Radar,37,34,3,0,74,0,0,0,0,0,37,34,3,0,74,0,0,0,74
01/04/2015,CID,IA,ACE,CE,Combined TRACON& Tower with Radar,33,31,10,0,74,0,0,5,1,6,33,31,15,1,80,6,0,6,86
01/05/2015,CID,IA,ACE,CE,Combined TRACON& Tower with Radar,34,35,15,0,84,0,0,8,0,8,34,35,23,0,92,0,0,0,92
01/06/2015,CID,IA,ACE,CE,Combined TRACON& Tower with Radar,30,34,19,0,83,0,0,9,0,9,30,34,28,0,92,8,0,8,100
01/07/2015,CID,IA,ACE,CE,Combined TRACON& Tower with Radar,37,31,9,0,77,0,0,4,0,4,37,31,13,0,81,0,0,0,81
01/08/2015,CID,IA,ACE,CE,Combined TRACON& Tower with Radar,36,28,22,1,87,0,0,3,0,3,36,28,25,1,90,0,0,0,90
01/09/2015,CID,IA,ACE,CE,Combined TRACON& Tower with Radar,40,33,22,3,98,0,0,3,2,5,40,33,25,5,103,0,0,0,103
01/10/2015,CID,IA,ACE,CE,Combined TRACON& Tower with Radar,23,22,5,1,51,0,0,13,1,14,23,22,18,2,65,40,0,40,105
01/11/2015,CID,IA,ACE,CE,Combined TRACON& Tower with Radar,23,38,21,0,82,0,0,64,0,64,23,38,85,0,146,38,0,38,184
01/12/2015,CID,IA,ACE,CE,Combined TRACON& Tower with Radar,29,32,15,10,86,0,0,19,2,21,29,32,34,12,107,6,6,12,119
01/13/2015,CID,IA,ACE,CE,Combined TRACON& Tower with Radar,29,35,18,5,87,0,0,21,0,21,29,35,39,5,108,64,0,64,172
01/14/2015,CID,IA,ACE,CE,Combined TRACON& Tower with Radar,33,39,19,1,92,0,0,15,0,15,33,39,34,1,107,42,0,42,149
01/15/2015,CID,IA,ACE,CE,Combined TRACON& Tower with Radar,34,41,23,2,100,0,0,19,0,19,34,41,42,2,119,12,0,12,131
01/16/2015,CID,IA,ACE,CE,Combined TRACON& Tower with Radar,38,36,29,0,103,0,0,39,0,39,38,36,68,0,142,40,0,40,182
01/17/2015,CID,IA,ACE,CE,Combined TRACON& Tower with Radar,23,28,18,0,69,0,0,47,0,47,23,28,65,0,116,52,0,52,168
01/18/2015,CID,IA,ACE,CE,Combined TRACON& Tower with Radar,24,28,14,0,66,0,0,52,1,53,24,28,66,1,119,50,0,50,169
01/19/2015,CID,IA,ACE,CE,Combined TRACON& Tower with Radar,34,32,10,0,76,0,0,18,0,18,34,32,28,0,94,34,0,34,128
01/20/2015,CID,IA,ACE,CE,Combined TRACON& Tower with Radar,29,35,23,0,87,0,0,2,0,2,29,35,25,0,89,0,0,0,89
01/21/2015,CID,IA,ACE,CE,Combined TRACON& Tower with Radar,33,39,14,0,86,0,0,0,0,0,33,39,14,0,86,0,0,0,86
01/22/2015,CID,IA,ACE,CE,Combined TRACON& Tower with Radar,37,41,28,0,106,0,0,2,0,2,37,41,30,0,108,6,0,6,114
01/23/2015,CID,IA,ACE,CE,Combined TRACON& Tower with Radar,39,40,14,0,93,0,0,27,0,27,39,40,41,0,120,18,0,18,138
01/24/2015,CID,IA,ACE,CE,Combined TRACON& Tower with Radar,23,26,18,0,67,0,0,53,0,53,23,26,71,0,120,84,0,84,204
01/25/2015,CID,IA,ACE,CE,Combined TRACON& Tower with Radar,23,28,7,0,58,0,0,0,0,0,23,28,7,0,58,0,0,0,58
01/26/2015,CID,IA,ACE,CE,Combined TRACON& Tower with Radar,31,37,13,0,81,0,0,2,0,2,31,37,15,0,83,0,0,0,83
01/27/2015,CID,IA,ACE,CE,Combined TRACON& Tower with Radar,30,38,26,2,96,0,0,5,0,5,30,38,31,2,101,0,0,0,101
01/28/2015,CID,IA,ACE,CE,Combined TRACON& Tower with Radar,32,38,18,3,91,0,0,15,1,16,32,38,33,4,107,34,0,34,141
01/29/2015,CID,IA,ACE,CE,Combined TRACON& Tower with Radar,34,39,25,0,98,0,0,2,1,3,34,39,27,1,101,0,0,0,101
01/30/2015,CID,IA,ACE,CE,Combined TRACON& Tower with Radar,37,38,33,0,108,0,0,43,1,44,37,38,76,1,152,12,0,12,164
01/31/2015,CID,IA,ACE,CE,Combined TRACON& Tower with Radar,23,18,26,0,67,0,0,20,0,20,23,18,46,0,87,42,0,42,129
02/01/2015,CID,IA,ACE,CE,Combined TRACON& Tower with Radar,11,5,0,0,16,0,0,0,0,0,11,5,0,0,16,0,0,0,16
02/02/2015,CID,IA,ACE,CE,Combined TRACON& Tower with Radar,31,30,12,0,73,1,0,14,0,15,32,30,26,0,88,6,0,6,94
02/03/2015,CID,IA,ACE,CE,Combined TRACON& Tower with Radar,25,32,22,0,79,0,0,5,0,5,25,32,27,0,84,4,0,4,88
02/04/2015,CID,IA,ACE,CE,Combined TRACON& Tower with Radar,35,32,25,0,92,0,0,9,0,9,35,32,34,0,101,4,0,4,105
02/05/2015,CID,IA,ACE,CE,Combined TRACON& Tower with Radar,32,41,28,0,101,0,0,6,0,6,32,41,34,0,107,0,0,0,107
02/06/2015,CID,IA,ACE,CE,Combined TRACON& Tower with Radar,39,37,24,0,100,0,0,19,0,19,39,37,43,0,119,12,0,12,131
02/07/2015,CID,IA,ACE,CE,Combined TRACON& Tower with Radar,23,27,25,0,75,0,0,47,0,47,23,27,72,0,122,34,0,34,156
02/08/2015,CID,IA,ACE,CE,Combined TRACON& Tower with Radar,25,41,14,0,80,0,0,3,0,3,25,41,17,0,83,2,0,2,85
02/09/2015,CID,IA,ACE,CE,Combined TRACON& Tower with Radar,31,33,17,0,81,0,0,9,0,9,31,33,26,0,90,24,0,24,114
02/10/2015,CID,IA,ACE,CE,Combined TRACON& Tower with Radar,33,37,21,0,91,0,0,8,0,8,33,37,29,0,99,20,0,20,119
02/11/2015,CID,IA,ACE,CE,Combined TRACON& Tower with Radar,37,34,25,0,96,0,0,4,0,4,37,34,29,0,100,2,0,2,102
02/12/2015,CID,IA,ACE,CE,Combined TRACON& Tower with Radar,42,36,30,2,110,0,0,15,0,15,42,36,45,2,125,30,0,30,155
02/13/2015,CID,IA,ACE,CE,Combined TRACON& Tower with Radar,38,38,18,0,94,0,0,20,0,20,38,38,38,0,114,32,0,32,146
02/14/2015,CID,IA,ACE,CE,Combined TRACON& Tower with Radar,28,24,2,0,54,0,0,3,0,3,28,24,5,0,57,0,0,0,57
02/15/2015,CID,IA,ACE,CE,Combined TRACON& Tower with Radar,24,34,5,0,63,0,0,17,0,17,24,34,22,0,80,20,0,20,100
02/16/2015,CID,IA,ACE,CE,Combined TRACON& Tower with Radar,31,36,9,1,77,0,0,26,1,27,31,36,35,2,104,16,0,16,120
02/17/2015,CID,IA,ACE,CE,Combined TRACON& Tower with Radar,31,36,42,3,112,0,0,2,1,3,31,36,44,4,115,0,0,0,115
02/18/2015,CID,IA,ACE,CE,Combined TRACON& Tower with Radar,35,41,31,0,107,0,0,2,0,2,35,41,33,0,109,0,0,0,109
02/19/2015,CID,IA,ACE,CE,Combined TRACON& Tower with Radar,36,47,30,1,114,0,0,21,1,22,36,47,51,2,136,8,0,8,144
02/20/2015,CID,IA,ACE,CE,Combined TRACON& Tower with Radar,41,39,20,0,100,0,0,15,0,15,41,39,35,0,115,12,0,12,127
02/21/2015,CID,IA,ACE,CE,Combined TRACON& Tower with Radar,25,33,3,0,61,0,0,2,0,2,25,33,5,0,63,18,0,18,81
02/22/2015,CID,IA,ACE,CE,Combined TRACON& Tower with Radar,24,39,14,0,77,0,0,21,0,21,24,39,35,0,98,0,0,0,98
02/23/2015,CID,IA,ACE,CE,Combined TRACON& Tower with Radar,24,42,15,0,81,0,0,13,0,13,24,42,28,0,94,0,0,0,94
02/24/2015,CID,IA,ACE,CE,Combined TRACON& Tower with Radar,28,39,40,0,107,0,0,11,0,11,28,39,51,0,118,28,0,28,146
02/25/2015,CID,IA,ACE,CE,Combined TRACON& Tower with Radar,30,47,13,0,90,0,0,1,0,1,30,47,14,0,91,0,0,0,91
02/26/2015,CID,IA,ACE,CE,Combined TRACON& Tower with Radar,31,46,14,0,91,0,0,8,2,10,31,46,22,2,101,0,0,0,101
02/27/2015,CID,IA,ACE,CE,Combined TRACON& Tower with Radar,36,35,26,0,97,0,0,16,0,16,36,35,42,0,113,0,0,0,113
02/28/2015,CID,IA,ACE,CE,Combined TRACON& Tower with Radar,23,33,5,0,61,0,0,21,0,21,23,33,26,0,82,20,0,20,102
03/01/2015,CID,IA,ACE,CE,Combined TRACON& Tower with Radar,20,35,13,0,68,0,0,7,2,9,20,35,20,2,77,0,0,0,77
03/02/2015,CID,IA,ACE,CE,Combined TRACON& Tower with Radar,32,40,26,1,99,0,0,25,1,26,32,40,51,2,125,14,0,14,139
03/03/2015,CID,IA,ACE,CE,Combined TRACON& Tower with Radar,27,33,8,0,68,1,0,2,0,3,28,33,10,0,71,0,0,0,71
03/04/2015,CID,IA,ACE,CE,Combined TRACON& Tower with Radar,29,43,32,0,104,0,0,17,0,17,29,43,49,0,121,20,0,20,141
03/05/2015,CID,IA,ACE,CE,Combined TRACON& Tower with Radar,28,45,25,0,98,0,0,7,0,7,28,45,32,0,105,0,0,0,105
03/06/2015,CID,IA,ACE,CE,Combined TRACON& Tower with Radar,41,37,14,3,95,0,0,25,3,28,41,37,39,6,123,2,0,2,125
03/07/2015,CID,IA,ACE,CE,Combined TRACON& Tower with Radar,33,27,17,0,77,0,0,38,0,38,33,27,55,0,115,92,0,92,207
03/08/2015,CID,IA,ACE,CE,Combined TRACON& Tower with Radar,28,37,19,0,84,0,2,34,0,36,28,39,53,0,120,64,0,64,184
03/09/2015,CID,IA,ACE,CE,Combined TRACON& Tower with Radar,32,37,7,8,84,0,0,19,9,28,32,37,26,17,112,0,0,0,112
03/10/2015,CID,IA,ACE,CE,Combined TRACON& Tower with Radar,33,31,33,0,97,0,0,19,0,19,33,31,52,0,116,4,0,4,120
03/11/2015,CID,IA,ACE,CE,Combined TRACON& Tower with Radar,37,46,22,2,107,0,0,37,2,39,37,46,59,4,146,39,0,39,185
03/12/2015,CID,IA,ACE,CE,Combined TRACON& Tower with Radar,36,38,27,3,104,0,0,32,4,36,36,38,59,7,140,40,0,40,180
03/13/2015,CID,IA,ACE,CE,Combined TRACON& Tower with Radar,38,42,25,10,115,0,1,40,5,46,38,43,65,15,161,16,0,16,177
03/14/2015,CID,IA,ACE,CE,Combined TRACON& Tower with Radar,30,33,19,0,82,0,0,56,1,57,30,33,75,1,139,56,0,56,195
03/15/2015,CID,IA,ACE,CE,Combined TRACON& Tower with Radar,28,31,15,0,74,0,1,29,0,30,28,32,44,0,104,36,0,36,140
03/16/2015,CID,IA,ACE,CE,Combined TRACON& Tower with Radar,33,35,17,0,85,0,0,14,0,14,33,35,31,0,99,14,0,14,113
03/17/2015,CID,IA,ACE,CE,Combined TRACON& Tower with Radar,40,31,25,0,96,0,0,13,0,13,40,31,38,0,109,6,0,6,115
03/18/2015,CID,IA,ACE,CE,Combined TRACON& Tower with Radar,41,40,22,2,105,0,0,30,0,30,41,40,52,2,135,31,0,31,166
03/19/2015,CID,IA,ACE,CE,Combined TRACON& Tower with Radar,38,37,34,1,110,0,0,18,1,19,38,37,52,2,129,18,0,18,147
03/20/2015,CID,IA,ACE,CE,Combined TRACON& Tower with Radar,41,36,17,0,94,0,0,25,0,25,41,36,42,0,119,10,0,10,129
03/21/2015,CID,IA,ACE,CE,Combined TRACON& Tower with Radar,37,27,18,0,82,0,0,49,0,49,37,27,67,0,131,101,0,101,232
03/22/2015,CID,IA,ACE,CE,Combined TRACON& Tower with Radar,32,29,17,0,78,0,0,18,1,19,32,29,35,1,97,18,0,18,115
03/23/2015,CID,IA,ACE,CE,Combined TRACON& Tower with Radar,33,26,13,1,73,0,3,1,0,4,33,29,14,1,77,6,0,6,83
03/24/2015,CID,IA,ACE,CE,Combined TRACON& Tower with Radar,45,31,25,2,103,0,0,0,0,0,45,31,25,2,103,0,0,0,103
03/25/2015,CID,IA,ACE,CE,Combined TRACON& Tower with Radar,42,40,43,3,128,0,0,5,0,5,42,40,48,3,133,0,0,0,133
03/26/2015,CID,IA,ACE,CE,Combined TRACON& Tower with Radar,38,41,25,4,108,0,0,7,0,7,38,41,32,4,115,4,2,6,121
03/27/2015,CID,IA,ACE,CE,Combined TRACON& Tower with Radar,37,41,18,4,100,0,0,29,0,29,37,41,47,4,129,12,0,12,141
03/28/2015,CID,IA,ACE,CE,Combined TRACON& Tower with Radar,32,24,17,0,73,0,0,46,0,46,32,24,63,0,119,28,0,28,147
03/29/2015,CID,IA,ACE,CE,Combined TRACON& Tower with Radar,34,34,10,0,78,0,0,8,0,8,34,34,18,0,86,0,0,0,86
03/30/2015,CID,IA,ACE,CE,Combined TRACON& Tower with Radar,36,38,24,3,101,0,0,26,1,27,36,38,50,4,128,4,0,4,132
03/31/2015,CID,IA,ACE,CE,Combined TRACON& Tower with Radar,40,34,31,7,112,0,0,34,7,41,40,34,65,14,153,48,10,58,211
04/01/2015,CID,IA,ACE,CE,Combined TRACON& Tower with Radar,36,44,17,1,98,0,1,17,0,18,36,45,34,1,116,6,0,6,122
04/02/2015,CID,IA,ACE,CE,Combined TRACON& Tower with Radar,36,50,33,0,119,0,1,5,0,6,36,51,38,0,125,6,0,6,131
04/03/2015,CID,IA,ACE,CE,Combined TRACON& Tower with Radar,40,37,12,0,89,0,0,10,0,10,40,37,22,0,99,0,0,0,99
04/04/2015,CID,IA,ACE,CE,Combined TRACON& Tower with Radar,32,17,10,0,59,0,0,38,0,38,32,17,48,0,97,28,0,28,125
04/05/2015,CID,IA,ACE,CE,Combined TRACON& Tower with Radar,32,25,11,0,68,0,0,16,0,16,32,25,27,0,84,10,0,10,94
04/06/2015,CID,IA,ACE,CE,Combined TRACON& Tower with Radar,35,40,21,0,96,0,0,6,0,6,35,40,27,0,102,22,0,22,124
04/07/2015,CID,IA,ACE,CE,Combined TRACON& Tower with Radar,37,31,44,0,112,0,0,0,0,0,37,31,44,0,112,14,0,14,126
04/08/2015,CID,IA,ACE,CE,Combined TRACON& Tower with Radar,38,36,38,0,112,0,0,0,0,0,38,36,38,0,112,0,0,0,112
04/09/2015,CID,IA,ACE,CE,Combined TRACON& Tower with Radar,37,29,23,0,89,0,0,0,0,0,37,29,23,0,89,0,0,0,89
04/10/2015,CID,IA,ACE,CE,Combined TRACON& Tower with Radar,39,34,11,0,84,0,1,30,0,31,39,35,41,0,115,14,0,14,129
04/11/2015,CID,IA,ACE,CE,Combined TRACON& Tower with Radar,27,17,16,0,60,0,0,52,0,52,27,17,68,0,112,34,0,34,146
04/12/2015,CID,IA,ACE,CE,Combined TRACON& Tower with Radar,28,31,10,0,69,0,0,23,0,23,28,31,33,0,92,48,0,48,140
04/13/2015,CID,IA,ACE,CE,Combined TRACON& Tower with Radar,40,29,17,0,86,0,0,27,0,27,40,29,44,0,113,22,0,22,135
04/14/2015,CID,IA,ACE,CE,Combined TRACON& Tower with Radar,41,31,17,0,89,0,0,40,2,42,41,31,57,2,131,18,0,18,149
04/15/2015,CID,IA,ACE,CE,Combined TRACON& Tower with Radar,36,32,28,1,97,0,0,19,0,19,36,32,47,1,116,36,0,36,152
04/16/2015,CID,IA,ACE,CE,Combined TRACON& Tower with Radar,41,35,29,1,106,0,3,45,2,50,41,38,74,3,156,38,0,38,194
04/17/2015,CID,IA,ACE,CE,Combined TRACON& Tower with Radar,41,28,11,0,80,0,0,38,0,38,41,28,49,0,118,30,0,30,148
04/18/2015,CID,IA,ACE,CE,Combined TRACON& Tower with Radar,30,19,17,0,66,0,0,37,0,37,30,19,54,0,103,10,0,10,113
04/19/2015,CID,IA,ACE,CE,Combined TRACON& Tower with Radar,34,27,9,0,70,0,0,11,0,11,34,27,20,0,81,20,0,20,101
04/20/2015,CID,IA,ACE,CE,Combined TRACON& Tower with Radar,40,33,17,2,92,0,0,5,0,5,40,33,22,2,97,2,0,2,99
04/21/2015,CID,IA,ACE,CE,Combined TRACON& Tower with Radar,43,30,27,0,100,0,0,3,0,3,43,30,30,0,103,18,0,18,121
04/22/2015,CID,IA,ACE,CE,Combined TRACON& Tower with Radar,38,32,30,0,100,0,0,8,0,8,38,32,38,0,108,26,0,26,134
04/23/2015,CID,IA,ACE,CE,Combined TRACON& Tower with Radar,44,32,15,0,91,0,0,36,0,36,44,32,51,0,127,24,0,24,151
04/24/2015,CID,IA,ACE,CE,Combined TRACON& Tower with Radar,42,29,14,0,85,0,0,10,0,10,42,29,24,0,95,28,0,28,123
04/25/2015,CID,IA,ACE,CE,Combined TRACON& Tower with Radar,29,14,26,0,69,0,0,6,0,6,29,14,32,0,75,0,0,0,75
04/26/2015,CID,IA,ACE,CE,Combined TRACON& Tower with Radar,33,27,27,0,87,0,0,63,0,63,33,27,90,0,150,72,0,72,222
04/27/2015,CID,IA,ACE,CE,Combined TRACON& Tower with Radar,39,31,24,0,94,0,0,31,0,31,39,31,55,0,125,24,0,24,149
04/28/2015,CID,IA,ACE,CE,Combined TRACON& Tower with Radar,40,31,34,1,106,0,0,47,1,48,40,31,81,2,154,28,0,28,182
04/29/2015,CID,IA,ACE,CE,Combined TRACON& Tower with Radar,35,36,34,1,106,0,0,18,1,19,35,36,52,2,125,34,0,34,159
04/30/2015,CID,IA,ACE,CE,Combined TRACON& Tower with Radar,46,33,20,0,99,0,0,34,0,34,46,33,54,0,133,64,0,64,197
05/01/2015,CID,IA,ACE,CE,Combined TRACON& Tower with Radar,43,31,19,0,93,1,0,30,2,33,44,31,49,2,126,40,0,40,166
05/02/2015,CID,IA,ACE,CE,Combined TRACON& Tower with Radar,25,20,15,0,60,0,0,32,0,32,25,20,47,0,92,20,0,20,112
05/03/2015,CID,IA,ACE,CE,Combined TRACON& Tower with Radar,29,30,12,0,71,0,0,16,0,16,29,30,28,0,87,10,0,10,97
05/04/2015,CID,IA,ACE,CE,Combined TRACON& Tower with Radar,39,33,28,0,100,0,0,9,0,9,39,33,37,0,109,40,0,40,149
05/05/2015,CID,IA,ACE,CE,Combined TRACON& Tower with Radar,38,30,42,0,110,0,0,0,0,0,38,30,42,0,110,0,0,0,110
05/06/2015,CID,IA,ACE,CE,Combined TRACON& Tower with Radar,41,39,35,0,115,0,0,5,0,5,41,39,40,0,120,0,0,0,120
05/07/2015,CID,IA,ACE,CE,Combined TRACON& Tower with Radar,40,36,37,1,114,0,0,10,0,10,40,36,47,1,124,28,0,28,152
05/08/2015,CID,IA,ACE,CE,Combined TRACON& Tower with Radar,36,40,40,0,116,1,0,13,0,14,37,40,53,0,130,48,0,48,178
05/09/2015,CID,IA,ACE,CE,Combined TRACON& Tower with Radar,21,22,25,2,70,0,0,35,0,35,21,22,60,2,105,68,0,68,173
05/10/2015,CID,IA,ACE,CE,Combined TRACON& Tower with Radar,26,36,21,0,83,0,0,1,0,1,26,36,22,0,84,0,0,0,84
05/11/2015,CID,IA,ACE,CE,Combined TRACON& Tower with Radar,34,35,24,0,93,0,0,18,0,18,34,35,42,0,111,0,0,0,111
05/12/2015,CID,IA,ACE,CE,Combined TRACON& Tower with Radar,36,40,20,1,97,0,0,18,2,20,36,40,38,3,117,20,0,20,137
05/13/2015,CID,IA,ACE,CE,Combined TRACON& Tower with Radar,37,40,35,1,113,0,0,52,6,58,37,40,87,7,171,60,0,60,231
05/14/2015,CID,IA,ACE,CE,Combined TRACON& Tower with Radar,39,41,16,0,96,0,0,0,0,0,39,41,16,0,96,0,0,0,96
05/15/2015,CID,IA,ACE,CE,Combined TRACON& Tower with Radar,39,37,21,0,97,0,2,11,0,13,39,39,32,0,110,12,0,12,122
05/16/2015,CID,IA,ACE,CE,Combined TRACON& Tower with Radar,22,23,21,0,66,0,0,13,0,13,22,23,34,0,79,0,0,0,79
05/17/2015,CID,IA,ACE,CE,Combined TRACON& Tower with Radar,34,36,14,0,84,0,0,6,0,6,34,36,20,0,90,18,0,18,108
05/18/2015,CID,IA,ACE,CE,Combined TRACON& Tower with Radar,33,46,19,0,98,0,0,13,0,13,33,46,32,0,111,12,0,12,123
05/19/2015,CID,IA,ACE,CE,Combined TRACON& Tower with Radar,39,47,36,0,122,0,1,42,0,43,39,48,78,0,165,40,0,40,205
05/20/2015,CID,IA,ACE,CE,Combined TRACON& Tower with Radar,40,52,20,0,112,0,0,13,0,13,40,52,33,0,125,36,0,36,161
05/21/2015,CID,IA,ACE,CE,Combined TRACON& Tower with Radar,42,39,24,0,105,0,0,48,2,50,42,39,72,2,155,34,0,34,189
05/22/2015,CID,IA,ACE,CE,Combined TRACON& Tower with Radar,38,40,42,0,120,0,0,60,0,60,38,40,102,0,180,26,0,26,206
05/23/2015,CID,IA,ACE,CE,Combined TRACON& Tower with Radar,26,23,17,0,66,0,0,30,1,31,26,23,47,1,97,26,0,26,123
05/24/2015,CID,IA,ACE,CE,Combined TRACON& Tower with Radar,30,18,14,0,62,0,0,0,0,0,30,18,14,0,62,0,0,0,62
05/25/2015,CID,IA,ACE,CE,Combined TRACON& Tower with Radar,31,28,24,0,83,1,0,16,0,17,32,28,40,0,100,14,0,14,114
05/26/2015,CID,IA,ACE,CE,Combined TRACON& Tower with Radar,30,40,22,0,92,0,0,7,0,7,30,40,29,0,99,18,0,18,117
05/27/2015,CID,IA,ACE,CE,Combined TRACON& Tower with Radar,38,40,36,0,114,0,0,43,0,43,38,40,79,0,157,34,0,34,191
05/28/2015,CID,IA,ACE,CE,Combined TRACON& Tower with Radar,40,37,27,0,104,0,0,25,1,26,40,37,52,1,130,46,0,46,176
05/29/2015,CID,IA,ACE,CE,Combined TRACON& Tower with Radar,38,38,16,0,92,0,0,14,0,14,38,38,30,0,106,4,0,4,110
05/30/2015,CID,IA,ACE,CE,Combined TRACON& Tower with Radar,17,24,28,1,70,0,0,3,0,3,17,24,31,1,73,0,0,0,73
05/31/2015,CID,IA,ACE,CE,Combined TRACON& Tower with Radar,31,35,18,0,84,0,0,58,0,58,31,35,76,0,142,78,0,78,220
06/01/2015,CID,IA,ACE,CE,Combined TRACON& Tower with Radar,37,36,21,0,94,0,0,33,0,33,37,36,54,0,127,52,0,52,179
06/02/2015,CID,IA,ACE,CE,Combined TRACON& Tower with Radar,36,36,37,0,109,0,0,17,0,17,36,36,54,0,126,58,0,58,184
06/03/2015,CID,IA,ACE,CE,Combined TRACON& Tower with Radar,40,36,15,2,93,0,0,21,0,21,40,36,36,2,114,30,0,30,144
06/04/2015,CID,IA,ACE,CE,Combined TRACON& Tower with Radar,41,42,29,0,112,0,0,20,0,20,41,42,49,0,132,18,0,18,150
06/05/2015,CID,IA,ACE,CE,Combined TRACON& Tower with Radar,40,41,36,0,117,0,0,24,4,28,40,41,60,4,145,0,0,0,145
06/06/2015,CID,IA,ACE,CE,Combined TRACON& Tower with Radar,24,30,21,2,77,0,0,50,0,50,24,30,71,2,127,6,0,6,133
06/07/2015,CID,IA,ACE,CE,Combined TRACON& Tower with Radar,30,34,40,2,106,0,0,21,0,21,30,34,61,2,127,0,0,0,127
06/08/2015,CID,IA,ACE,CE,Combined TRACON& Tower with Radar,33,42,19,1,95,0,0,36,1,37,33,42,55,2,132,16,0,16,148
06/09/2015,CID,IA,ACE,CE,Combined TRACON& Tower with Radar,37,44,35,0,116,0,0,37,1,38,37,44,72,1,154,26,0,26,180
06/10/2015,CID,IA,ACE,CE,Combined TRACON& Tower with Radar,37,48,17,0,102,0,0,32,4,36,37,48,49,4,138,0,0,0,138
06/11/2015,CID,IA,ACE,CE,Combined TRACON& Tower with Radar,35,43,15,1,94,0,0,2,0,2,35,43,17,1,96,6,0,6,102
06/12/2015,CID,IA,ACE,CE,Combined TRACON& Tower with Radar,38,48,41,0,127,0,0,0,0,0,38,48,41,0,127,0,0,0,127
06/13/2015,CID,IA,ACE,CE,Combined TRACON& Tower with Radar,32,37,4,1,74,0,0,4,1,5,32,37,8,2,79,0,0,0,79
06/14/2015,CID,IA,ACE,CE,Combined TRACON& Tower with Radar,26,41,19,0,86,0,1,15,0,16,26,42,34,0,102,28,0,28,130
06/15/2015,CID,IA,ACE,CE,Combined TRACON& Tower with Radar,28,29,8,0,65,0,0,1,0,1,28,29,9,0,66,0,0,0,66
06/16/2015,CID,IA,ACE,CE,Combined TRACON& Tower with Radar,39,37,27,0,103,0,0,62,2,64,39,37,89,2,167,68,0,68,235
06/17/2015,CID,IA,ACE,CE,Combined TRACON& Tower with Radar,43,46,30,3,122,0,0,25,0,25,43,46,55,3,147,42,0,42,189
06/18/2015,CID,IA,ACE,CE,Combined TRACON& Tower with Radar,43,46,19,0,108,0,0,20,0,20,43,46,39,0,128,48,0,48,176
06/19/2015,CID,IA,ACE,CE,Combined TRACON& Tower with Radar,39,49,26,0,114,0,0,53,1,54,39,49,79,1,168,22,0,22,190
06/20/2015,CID,IA,ACE,CE,Combined TRACON& Tower with Radar,25,34,6,0,65,0,0,13,1,14,25,34,19,1,79,0,0,0,79
06/21/2015,CID,IA,ACE,CE,Combined TRACON& Tower with Radar,11,25,12,0,48,0,0,19,0,19,11,25,31,0,67,12,0,12,79
06/22/2015,CID,IA,ACE,CE,Combined TRACON& Tower with Radar,32,34,26,0,92,0,0,2,0,2,32,34,28,0,94,28,0,28,122
06/23/2015,CID,IA,ACE,CE,Combined TRACON& Tower with Radar,37,49,48,0,134,0,0,61,9,70,37,49,109,9,204,36,0,36,240
06/24/2015,CID,IA,ACE,CE,Combined TRACON& Tower with Radar,40,42,22,0,104,0,0,2,0,2,40,42,24,0,106,0,0,0,106
06/25/2015,CID,IA,ACE,CE,Combined TRACON& Tower with Radar,43,52,40,0,135,0,0,16,0,16,43,52,56,0,151,44,0,44,195
06/26/2015,CID,IA,ACE,CE,Combined TRACON& Tower with Radar,40,57,16,0,113,0,0,7,0,7,40,57,23,0,120,0,0,0,120
06/27/2015,CID,IA,ACE,CE,Combined TRACON& Tower with Radar,23,33,15,1,72,1,0,65,1,67,24,33,80,2,139,10,0,10,149
06/28/2015,CID,IA,ACE,CE,Combined TRACON& Tower with Radar,27,38,9,0,74,0,0,6,0,6,27,38,15,0,80,0,0,0,80
06/29/2015,CID,IA,ACE,CE,Combined TRACON& Tower with Radar,34,34,17,4,89,0,0,15,0,15,34,34,32,4,104,24,0,24,128
06/30/2015,CID,IA,ACE,CE,Combined TRACON& Tower with Radar,39,32,30,0,101,0,0,28,0,28,39,32,58,0,129,12,0,12,141
07/01/2015,CID,IA,ACE,CE,Combined TRACON& Tower with Radar,44,39,18,1,102,0,0,17,0,17,44,39,35,1,119,0,0,0,119
07/02/2015,CID,IA,ACE,CE,Combined TRACON& Tower with Radar,32,49,30,0,111,0,1,36,0,37,32,50,66,0,148,22,0,22,170
07/03/2015,CID,IA,ACE,CE,Combined TRACON& Tower with Radar,19,39,15,0,73,0,0,55,0,55,19,39,70,0,128,46,0,46,174
07/04/2015,CID,IA,ACE,CE,Combined TRACON& Tower with Radar,10,31,7,0,48,0,0,32,0,32,10,31,39,0,80,0,0,0,80
07/05/2015,CID,IA,ACE,CE,Combined TRACON& Tower with Radar,22,50,25,0,97,0,0,34,0,34,22,50,59,0,131,10,0,10,141
07/06/2015,CID,IA,ACE,CE,Combined TRACON& Tower with Radar,29,50,12,0,91,0,0,2,0,2,29,50,14,0,93,42,0,42,135
07/07/2015,CID,IA,ACE,CE,Combined TRACON& Tower with Radar,34,43,43,0,120,0,0,48,0,48,34,43,91,0,168,44,0,44,212
07/08/2015,CID,IA,ACE,CE,Combined TRACON& Tower with Radar,34,46,26,0,106,0,0,25,0,25,34,46,51,0,131,20,0,20,151
07/09/2015,CID,IA,ACE,CE,Combined TRACON& Tower with Radar,34,47,25,2,108,0,0,37,0,37,34,47,62,2,145,24,0,24,169
07/10/2015,CID,IA,ACE,CE,Combined TRACON& Tower with Radar,33,46,20,1,100,0,0,20,0,20,33,46,40,1,120,24,0,24,144
07/11/2015,CID,IA,ACE,CE,Combined TRACON& Tower with Radar,23,38,8,1,70,0,0,6,0,6,23,38,14,1,76,18,0,18,94
07/12/2015,CID,IA,ACE,CE,Combined TRACON& Tower with Radar,29,40,19,0,88,0,0,12,0,12,29,40,31,0,100,0,0,0,100
07/13/2015,CID,IA,ACE,CE,Combined TRACON& Tower with Radar,35,38,11,0,84,0,0,11,0,11,35,38,22,0,95,30,0,30,125
07/14/2015,CID,IA,ACE,CE,Combined TRACON& Tower with Radar,35,47,32,1,115,0,0,42,0,42,35,47,74,1,157,58,0,58,215
07/15/2015,CID,IA,ACE,CE,Combined TRACON& Tower with Radar,36,47,31,0,114,0,0,14,0,14,36,47,45,0,128,60,0,60,188
07/16/2015,CID,IA,ACE,CE,Combined TRACON& Tower with Radar,35,48,34,0,117,0,0,0,0,0,35,48,34,0,117,8,0,8,125
07/17/2015,CID,IA,ACE,CE,Combined TRACON& Tower with Radar,35,49,13,0,97,0,0,27,0,27,35,49,40,0,124,6,0,6,130
07/18/2015,CID,IA,ACE,CE,Combined TRACON& Tower with Radar,20,33,20,0,73,0,0,27,0,27,20,33,47,0,100,8,0,8,108
07/19/2015,CID,IA,ACE,CE,Combined TRACON& Tower with Radar,30,37,24,0,91,0,0,37,0,37,30,37,61,0,128,140,0,140,268
07/20/2015,CID,IA,ACE,CE,Combined TRACON& Tower with Radar,34,38,28,0,100,0,0,16,0,16,34,38,44,0,116,28,0,28,144
07/21/2015,CID,IA,ACE,CE,Combined TRACON& Tower with Radar,31,44,25,2,102,0,0,50,4,54,31,44,75,6,156,52,0,52,208
07/22/2015,CID,IA,ACE,CE,Combined TRACON& Tower with Radar,35,51,33,2,121,0,2,40,0,42,35,53,73,2,163,38,0,38,201
07/23/2015,CID,IA,ACE,CE,Combined TRACON& Tower with Radar,33,52,32,0,117,0,0,34,0,34,33,52,66,0,151,56,0,56,207
07/24/2015,CID,IA,ACE,CE,Combined TRACON& Tower with Radar,33,46,16,0,95,0,0,21,0,21,33,46,37,0,116,10,0,10,126
07/25/2015,CID,IA,ACE,CE,Combined TRACON& Tower with Radar,24,34,11,1,70,0,0,26,1,27,24,34,37,2,97,0,0,0,97
07/26/2015,CID,IA,ACE,CE,Combined TRACON& Tower with Radar,33,38,16,0,87,0,0,23,0,23,33,38,39,0,110,14,0,14,124
07/27/2015,CID,IA,ACE,CE,Combined TRACON& Tower with Radar,36,40,31,0,107,0,0,24,0,24,36,40,55,0,131,10,0,10,141
07/28/2015,CID,IA,ACE,CE,Combined TRACON& Tower with Radar,38,40,16,0,94,0,0,6,0,6,38,40,22,0,100,0,0,0,100
07/29/2015,CID,IA,ACE,CE,Combined TRACON& Tower with Radar,32,47,34,0,113,0,0,53,0,53,32,47,87,0,166,58,0,58,224
07/30/2015,CID,IA,ACE,CE,Combined TRACON& Tower with Radar,32,47,23,3,105,0,0,51,1,52,32,47,74,4,157,60,0,60,217
07/31/2015,CID,IA,ACE,CE,Combined TRACON& Tower with Radar,35,52,20,0,107,0,0,57,0,57,35,52,77,0,164,0,0,0,164
08/01/2015,CID,IA,ACE,CE,Combined TRACON& Tower with Radar,20,36,16,0,72,0,0,115,0,115,20,36,131,0,187,56,0,56,243
08/02/2015,CID,IA,ACE,CE,Combined TRACON& Tower with Radar,29,36,17,0,82,0,0,44,0,44,29,36,61,0,126,10,0,10,136
08/03/2015,CID,IA,ACE,CE,Combined TRACON& Tower with Radar,32,48,16,0,96,0,0,24,0,24,32,48,40,0,120,38,0,38,158
08/04/2015,CID,IA,ACE,CE,Combined TRACON& Tower with Radar,26,52,35,0,113,0,0,38,0,38,26,52,73,0,151,66,0,66,217
08/05/2015,CID,IA,ACE,CE,Combined TRACON& Tower with Radar,32,51,28,1,112,0,0,40,1,41,32,51,68,2,153,40,0,40,193
08/06/2015,CID,IA,ACE,CE,Combined TRACON& Tower with Radar,35,49,23,2,109,0,0,39,0,39,35,49,62,2,148,46,0,46,194
08/07/2015,CID,IA,ACE,CE,Combined TRACON& Tower with Radar,36,46,25,0,107,0,0,9,0,9,36,46,34,0,116,0,0,0,116
08/08/2015,CID,IA,ACE,CE,Combined TRACON& Tower with Radar,16,38,13,0,67,0,0,43,0,43,16,38,56,0,110,14,0,14,124
08/09/2015,CID,IA,ACE,CE,Combined TRACON& Tower with Radar,24,41,24,0,89,1,1,4,0,6,25,42,28,0,95,0,0,0,95
08/10/2015,CID,IA,ACE,CE,Combined TRACON& Tower with Radar,28,42,23,0,93,0,0,21,0,21,28,42,44,0,114,34,0,34,148
08/11/2015,CID,IA,ACE,CE,Combined TRACON& Tower with Radar,30,49,34,0,113,0,0,31,0,31,30,49,65,0,144,96,0,96,240
08/12/2015,CID,IA,ACE,CE,Combined TRACON& Tower with Radar,30,49,35,0,114,0,0,28,0,28,30,49,63,0,142,30,0,30,172
08/13/2015,CID,IA,ACE,CE,Combined TRACON& Tower with Radar,35,48,33,2,118,0,0,24,0,24,35,48,57,2,142,0,0,0,142
08/14/2015,CID,IA,ACE,CE,Combined TRACON& Tower with Radar,35,46,30,0,111,0,1,28,0,29,35,47,58,0,140,14,0,14,154
08/15/2015,CID,IA,ACE,CE,Combined TRACON& Tower with Radar,30,35,23,0,88,0,0,43,0,43,30,35,66,0,131,0,0,0,131
08/16/2015,CID,IA,ACE,CE,Combined TRACON& Tower with Radar,27,41,23,0,91,0,0,30,0,30,27,41,53,0,121,16,0,16,137
08/17/2015,CID,IA,ACE,CE,Combined TRACON& Tower with Radar,35,43,17,0,95,0,0,7,0,7,35,43,24,0,102,20,0,20,122
08/18/2015,CID,IA,ACE,CE,Combined TRACON& Tower with Radar,30,41,13,0,84,0,0,1,0,1,30,41,14,0,85,0,0,0,85
08/19/2015,CID,IA,ACE,CE,Combined TRACON& Tower with Radar,29,46,32,0,107,0,0,6,0,6,29,46,38,0,113,0,0,0,113
08/20/2015,CID,IA,ACE,CE,Combined TRACON& Tower with Radar,35,45,21,0,101,0,0,45,0,45,35,45,66,0,146,47,0,47,193
08/21/2015,CID,IA,ACE,CE,Combined TRACON& Tower with Radar,35,47,27,0,109,0,2,35,0,37,35,49,62,0,146,18,0,18,164
08/22/2015,CID,IA,ACE,CE,Combined TRACON& Tower with Radar,14,36,15,0,65,0,0,56,0,56,14,36,71,0,121,8,0,8,129
08/23/2015,CID,IA,ACE,CE,Combined TRACON& Tower with Radar,25,30,16,0,71,0,0,21,0,21,25,30,37,0,92,12,0,12,104
08/24/2015,CID,IA,ACE,CE,Combined TRACON& Tower with Radar,34,40,25,0,99,0,0,19,0,19,34,40,44,0,118,2,0,2,120
08/25/2015,CID,IA,ACE,CE,Combined TRACON& Tower with Radar,30,46,27,0,103,0,0,35,0,35,30,46,62,0,138,26,0,26,164
08/26/2015,CID,IA,ACE,CE,Combined TRACON& Tower with Radar,27,49,35,0,111,0,0,61,0,61,27,49,96,0,172,16,0,16,188
08/27/2015,CID,IA,ACE,CE,Combined TRACON& Tower with Radar,35,47,19,1,102,0,0,36,1,37,35,47,55,2,139,34,0,34,173
08/28/2015,CID,IA,ACE,CE,Combined TRACON& Tower with Radar,38,43,16,0,97,0,0,7,0,7,38,43,23,0,104,14,0,14,118
08/29/2015,CID,IA,ACE,CE,Combined TRACON& Tower with Radar,12,30,25,0,67,0,1,9,0,10,12,31,34,0,77,6,0,6,83
08/30/2015,CID,IA,ACE,CE,Combined TRACON& Tower with Radar,21,39,10,0,70,0,0,22,0,22,21,39,32,0,92,32,0,32,124
08/31/2015,CID,IA,ACE,CE,Combined TRACON& Tower with Radar,30,50,20,0,100,0,0,21,0,21,30,50,41,0,121,22,0,22,143
09/01/2015,CID,IA,ACE,CE,Combined TRACON& Tower with Radar,31,48,26,0,105,0,0,36,0,36,31,48,62,0,141,42,0,42,183
09/02/2015,CID,IA,ACE,CE,Combined TRACON& Tower with Radar,28,51,30,2,111,0,0,40,0,40,28,51,70,2,151,90,0,90,241
09/03/2015,CID,IA,ACE,CE,Combined TRACON& Tower with Radar,32,46,30,0,108,0,0,22,0,22,32,46,52,0,130,8,0,8,138
09/04/2015,CID,IA,ACE,CE,Combined TRACON& Tower with Radar,30,51,26,0,107,0,0,34,0,34,30,51,60,0,141,6,0,6,147
09/05/2015,CID,IA,ACE,CE,Combined TRACON& Tower with Radar,12,26,22,0,60,0,0,43,0,43,12,26,65,0,103,22,0,22,125
09/06/2015,CID,IA,ACE,CE,Combined TRACON& Tower with Radar,17,28,11,0,56,0,1,12,0,13,17,29,23,0,69,0,0,0,69
09/07/2015,CID,IA,ACE,CE,Combined TRACON& Tower with Radar,26,29,19,0,74,0,0,13,0,13,26,29,32,0,87,0,0,0,87
09/08/2015,CID,IA,ACE,CE,Combined TRACON& Tower with Radar,28,36,29,0,93,0,0,11,0,11,28,36,40,0,104,20,0,20,124
09/09/2015,CID,IA,ACE,CE,Combined TRACON& Tower with Radar,38,28,28,0,94,0,0,35,0,35,38,28,63,0,129,88,0,88,217
09/10/2015,CID,IA,ACE,CE,Combined TRACON& Tower with Radar,41,30,24,0,95,0,0,21,0,21,41,30,45,0,116,50,0,50,166
09/11/2015,CID,IA,ACE,CE,Combined TRACON& Tower with Radar,38,30,33,0,101,0,0,29,0,29,38,30,62,0,130,4,0,4,134
09/12/2015,CID,IA,ACE,CE,Combined TRACON& Tower with Radar,19,23,20,0,62,0,0,51,0,51,19,23,71,0,113,38,0,38,151
09/13/2015,CID,IA,ACE,CE,Combined TRACON& Tower with Radar,31,28,23,0,82,1,0,61,0,62,32,28,84,0,144,22,0,22,166
09/14/2015,CID,IA,ACE,CE,Combined TRACON& Tower with Radar,37,36,32,0,105,0,0,24,0,24,37,36,56,0,129,32,0,32,161
09/15/2015,CID,IA,ACE,CE,Combined TRACON& Tower with Radar,41,35,27,5,108,0,0,22,0,22,41,35,49,5,130,26,4,30,160
09/16/2015,CID,IA,ACE,CE,Combined TRACON& Tower with Radar,35,36,25,1,97,0,0,18,0,18,35,36,43,1,115,20,0,20,135
09/17/2015,CID,IA,ACE,CE,Combined TRACON& Tower with Radar,43,33,26,1,103,0,0,8,0,8,43,33,34,1,111,0,0,0,111
09/18/2015,CID,IA,ACE,CE,Combined TRACON& Tower with Radar,42,37,24,1,104,0,0,0,0,0,42,37,24,1,104,0,0,0,104
09/19/2015,CID,IA,ACE,CE,Combined TRACON& Tower with Radar,23,22,15,0,60,0,0,52,0,52,23,22,67,0,112,4,0,4,116
09/20/2015,CID,IA,ACE,CE,Combined TRACON& Tower with Radar,33,31,34,0,98,0,0,42,0,42,33,31,76,0,140,24,0,24,164
09/21/2015,CID,IA,ACE,CE,Combined TRACON& Tower with Radar,35,47,20,0,102,0,0,23,0,23,35,47,43,0,125,24,0,24,149
09/22/2015,CID,IA,ACE,CE,Combined TRACON& Tower with Radar,37,37,30,0,104,0,0,28,0,28,37,37,58,0,132,30,0,30,162
09/23/2015,CID,IA,ACE,CE,Combined TRACON& Tower with Radar,34,38,24,0,96,0,1,23,0,24,34,39,47,0,120,46,0,46,166
09/24/2015,CID,IA,ACE,CE,Combined TRACON& Tower with Radar,45,38,34,0,117,0,0,49,0,49,45,38,83,0,166,34,0,34,200
09/25/2015,CID,IA,ACE,CE,Combined TRACON& Tower with Radar,43,40,26,2,111,0,0,36,0,36,43,40,62,2,147,26,0,26,173
09/26/2015,CID,IA,ACE,CE,Combined TRACON& Tower with Radar,23,22,18,0,63,0,0,40,0,40,23,22,58,0,103,38,0,38,141
09/27/2015,CID,IA,ACE,CE,Combined TRACON& Tower with Radar,34,29,8,0,71,0,0,47,0,47,34,29,55,0,118,8,0,8,126
09/28/2015,CID,IA,ACE,CE,Combined TRACON& Tower with Radar,39,33,34,0,106,0,0,29,0,29,39,33,63,0,135,38,0,38,173
09/29/2015,CID,IA,ACE,CE,Combined TRACON& Tower with Radar,38,37,25,0,100,0,0,14,0,14,38,37,39,0,114,24,0,24,138
09/30/2015,CID,IA,ACE,CE,Combined TRACON& Tower with Radar,35,39,23,0,97,0,3,33,0,36,35,42,56,0,133,0,0,0,133
10/01/2015,CID,IA,ACE,CE,Combined TRACON& Tower with Radar,34,44,37,0,115,0,0,36,0,36,34,44,73,0,151,88,0,88,239
10/02/2015,CID,IA,ACE,CE,Combined TRACON& Tower with Radar,38,41,29,0,108,0,0,41,0,41,38,41,70,0,149,14,0,14,163
10/03/2015,CID,IA,ACE,CE,Combined TRACON& Tower with Radar,19,26,6,0,51,0,0,35,0,35,19,26,41,0,86,10,0,10,96
10/04/2015,CID,IA,ACE,CE,Combined TRACON& Tower with Radar,29,31,33,2,95,0,0,15,0,15,29,31,48,2,110,16,0,16,126
10/05/2015,CID,IA,ACE,CE,Combined TRACON& Tower with Radar,31,42,21,0,94,0,0,17,0,17,31,42,38,0,111,20,0,20,131
10/06/2015,CID,IA,ACE,CE,Combined TRACON& Tower with Radar,30,40,24,0,94,0,0,27,0,27,30,40,51,0,121,48,0,48,169
10/07/2015,CID,IA,ACE,CE,Combined TRACON& Tower with Radar,35,39,16,0,90,0,0,45,0,45,35,39,61,0,135,30,0,30,165
10/08/2015,CID,IA,ACE,CE,Combined TRACON& Tower with Radar,40,43,32,0,115,0,0,12,0,12,40,43,44,0,127,26,0,26,153
10/09/2015,CID,IA,ACE,CE,Combined TRACON& Tower with Radar,42,37,17,2,98,0,0,23,0,23,42,37,40,2,121,16,0,16,137
10/10/2015,CID,IA,ACE,CE,Combined TRACON& Tower with Radar,24,27,17,0,68,0,0,31,0,31,24,27,48,0,99,56,0,56,155
10/11/2015,CID,IA,ACE,CE,Combined TRACON& Tower with Radar,30,30,21,0,81,0,0,40,0,40,30,30,61,0,121,20,0,20,141
10/12/2015,CID,IA,ACE,CE,Combined TRACON& Tower with Radar,32,34,17,0,83,0,0,13,0,13,32,34,30,0,96,0,0,0,96
10/13/2015,CID,IA,ACE,CE,Combined TRACON& Tower with Radar,32,36,25,0,93,0,0,11,1,12,32,36,36,1,105,6,0,6,111
10/14/2015,CID,IA,ACE,CE,Combined TRACON& Tower with Radar,35,38,36,2,111,0,0,41,1,42,35,38,77,3,153,28,0,28,181
10/15/2015,CID,IA,ACE,CE,Combined TRACON& Tower with Radar,38,45,20,1,104,0,0,14,2,16,38,45,34,3,120,24,0,24,144
10/16/2015,CID,IA,ACE,CE,Combined TRACON& Tower with Radar,37,41,14,0,92,0,0,37,0,37,37,41,51,0,129,20,0,20,149
10/17/2015,CID,IA,ACE,CE,Combined TRACON& Tower with Radar,26,25,8,0,59,0,0,53,0,53,26,25,61,0,112,56,0,56,168
10/18/2015,CID,IA,ACE,CE,Combined TRACON& Tower with Radar,28,31,12,0,71,0,0,51,0,51,28,31,63,0,122,54,0,54,176
10/19/2015,CID,IA,ACE,CE,Combined TRACON& Tower with Radar,32,39,12,0,83,0,0,10,0,10,32,39,22,0,93,10,0,10,103
10/20/2015,CID,IA,ACE,CE,Combined TRACON& Tower with Radar,35,39,21,0,95,0,0,14,0,14,35,39,35,0,109,0,0,0,109
10/21/2015,CID,IA,ACE,CE,Combined TRACON& Tower with Radar,37,37,16,0,90,0,0,18,0,18,37,37,34,0,108,22,0,22,130
10/22/2015,CID,IA,ACE,CE,Combined TRACON& Tower with Radar,36,38,30,0,104,0,0,35,0,35,36,38,65,0,139,40,0,40,179
10/23/2015,CID,IA,ACE,CE,Combined TRACON& Tower with Radar,30,39,18,0,87,0,0,0,0,0,30,39,18,0,87,0,0,0,87
10/24/2015,CID,IA,ACE,CE,Combined TRACON& Tower with Radar,24,22,25,0,71,0,0,6,0,6,24,22,31,0,77,6,0,6,83
10/25/2015,CID,IA,ACE,CE,Combined TRACON& Tower with Radar,24,38,7,0,69,0,2,66,0,68,24,40,73,0,137,38,0,38,175
10/26/2015,CID,IA,ACE,CE,Combined TRACON& Tower with Radar,29,43,24,0,96,0,0,33,0,33,29,43,57,0,129,22,0,22,151
10/27/2015,CID,IA,ACE,CE,Combined TRACON& Tower with Radar,32,37,26,2,97,0,0,6,0,6,32,37,32,2,103,0,0,0,103
10/28/2015,CID,IA,ACE,CE,Combined TRACON& Tower with Radar,31,44,12,0,87,0,0,4,0,4,31,44,16,0,91,0,0,0,91
10/29/2015,CID,IA,ACE,CE,Combined TRACON& Tower with Radar,34,47,30,0,111,0,0,10,0,10,34,47,40,0,121,14,0,14,135
10/30/2015,CID,IA,ACE,CE,Combined TRACON& Tower with Radar,33,42,23,0,98,0,0,20,0,20,33,42,43,0,118,24,0,24,142
10/31/2015,CID,IA,ACE,CE,Combined TRACON& Tower with Radar,19,27,10,0,56,0,0,3,0,3,19,27,13,0,59,0,0,0,59
11/01/2015,CID,IA,ACE,CE,Combined TRACON& Tower with Radar,25,39,21,0,85,0,0,43,0,43,25,39,64,0,128,30,0,30,158
11/02/2015,CID,IA,ACE,CE,Combined TRACON& Tower with Radar,28,43,30,0,101,1,0,25,0,26,29,43,55,0,127,10,0,10,137
11/03/2015,CID,IA,ACE,CE,Combined TRACON& Tower with Radar,27,47,24,0,98,0,0,33,0,33,27,47,57,0,131,0,0,0,131
11/04/2015,CID,IA,ACE,CE,Combined TRACON& Tower with Radar,42,40,30,2,114,0,1,15,0,16,42,41,45,2,130,48,0,48,178
11/05/2015,CID,IA,ACE,CE,Combined TRACON& Tower with Radar,32,50,25,0,107,0,0,6,0,6,32,50,31,0,113,16,0,16,129
11/06/2015,CID,IA,ACE,CE,Combined TRACON& Tower with Radar,33,50,25,0,108,0,0,30,0,30,33,50,55,0,138,20,0,20,158
11/07/2015,CID,IA,ACE,CE,Combined TRACON& Tower with Radar,23,29,17,0,69,0,0,50,0,50,23,29,67,0,119,48,0,48,167
11/08/2015,CID,IA,ACE,CE,Combined TRACON& Tower with Radar,22,42,26,4,94,0,0,52,0,52,22,42,78,4,146,58,0,58,204
11/09/2015,CID,IA,ACE,CE,Combined TRACON& Tower with Radar,25,44,27,0,96,0,0,24,0,24,25,44,51,0,120,14,0,14,134
11/10/2015,CID,IA,ACE,CE,Combined TRACON& Tower with Radar,27,40,34,0,101,0,1,33,0,34,27,41,67,0,135,16,0,16,151
11/11/2015,CID,IA,ACE,CE,Combined TRACON& Tower with Radar,30,42,31,0,103,0,1,6,0,7,30,43,37,0,110,0,0,0,110
11/12/2015,CID,IA,ACE,CE,Combined TRACON& Tower with Radar,32,48,22,14,116,0,0,4,2,6,32,48,26,16,122,14,0,14,136
11/13/2015,CID,IA,ACE,CE,Combined TRACON& Tower with Radar,30,54,21,0,105,0,0,19,0,19,30,54,40,0,124,6,0,6,130
11/14/2015,CID,IA,ACE,CE,Combined TRACON& Tower with Radar,22,24,14,0,60,0,0,64,2,66,22,24,78,2,126,90,0,90,216
11/15/2015,CID,IA,ACE,CE,Combined TRACON& Tower with Radar,24,40,22,0,86,0,0,40,0,40,24,40,62,0,126,26,0,26,152
11/16/2015,CID,IA,ACE,CE,Combined TRACON& Tower with Radar,25,47,17,0,89,0,0,2,0,2,25,47,19,0,91,0,0,0,91
11/17/2015,CID,IA,ACE,CE,Combined TRACON& Tower with Radar,29,44,30,0,103,0,0,0,0,0,29,44,30,0,103,0,0,0,103
11/18/2015,CID,IA,ACE,CE,Combined TRACON& Tower with Radar,27,38,26,0,91,0,0,1,0,1,27,38,27,0,92,0,0,0,92
11/19/2015,CID,IA,ACE,CE,Combined TRACON& Tower with Radar,32,52,18,0,102,0,1,3,0,4,32,53,21,0,106,0,0,0,106
11/20/2015,CID,IA,ACE,CE,Combined TRACON& Tower with Radar,28,39,23,0,90,0,0,8,0,8,28,39,31,0,98,6,0,6,104
11/21/2015,CID,IA,ACE,CE,Combined TRACON& Tower with Radar,27,23,5,0,55,0,0,3,0,3,27,23,8,0,58,0,0,0,58
11/22/2015,CID,IA,ACE,CE,Combined TRACON& Tower with Radar,23,38,20,0,81,0,0,25,0,25,23,38,45,0,106,30,0,30,136
11/23/2015,CID,IA,ACE,CE,Combined TRACON& Tower with Radar,20,36,36,2,94,0,0,55,0,55,20,36,91,2,149,12,0,12,161
11/24/2015,CID,IA,ACE,CE,Combined TRACON& Tower with Radar,27,50,32,0,109,0,0,38,0,38,27,50,70,0,147,32,0,32,179
11/25/2015,CID,IA,ACE,CE,Combined TRACON& Tower with Radar,39,41,19,0,99,0,1,21,0,22,39,42,40,0,121,8,0,8,129
11/26/2015,CID,IA,ACE,CE,Combined TRACON& Tower with Radar,21,17,5,0,43,0,0,0,0,0,21,17,5,0,43,0,0,0,43
11/27/2015,CID,IA,ACE,CE,Combined TRACON& Tower with Radar,25,30,14,0,69,0,0,4,0,4,25,30,18,0,73,2,0,2,75
11/28/2015,CID,IA,ACE,CE,Combined TRACON& Tower with Radar,39,32,16,0,87,0,0,12,0,12,39,32,28,0,99,70,0,70,169
11/29/2015,CID,IA,ACE,CE,Combined TRACON& Tower with Radar,30,42,21,0,93,0,0,32,0,32,30,42,53,0,125,55,0,55,180
11/30/2015,CID,IA,ACE,CE,Combined TRACON& Tower with Radar,30,38,13,0,81,0,0,0,0,0,30,38,13,0,81,0,0,0,81
12/01/2015,CID,IA,ACE,CE,Combined TRACON& Tower with Radar,31,45,28,0,104,0,0,0,0,0,31,45,28,0,104,18,0,18,122
12/02/2015,CID,IA,ACE,CE,Combined TRACON& Tower with Radar,28,39,15,0,82,0,0,6,0,6,28,39,21,0,88,18,0,18,106
12/03/2015,CID,IA,ACE,CE,Combined TRACON& Tower with Radar,35,39,25,0,99,0,0,12,0,12,35,39,37,0,111,20,0,20,131
12/04/2015,CID,IA,ACE,CE,Combined TRACON& Tower with Radar,32,39,31,2,104,0,0,34,0,34,32,39,65,2,138,48,0,48,186
12/05/2015,CID,IA,ACE,CE,Combined TRACON& Tower with Radar,20,27,31,0,78,0,0,60,0,60,20,27,91,0,138,54,0,54,192
12/06/2015,CID,IA,ACE,CE,Combined TRACON& Tower with Radar,24,36,26,0,86,0,0,18,0,18,24,36,44,0,104,48,0,48,152
12/07/2015,CID,IA,ACE,CE,Combined TRACON& Tower with Radar,31,39,37,0,107,1,0,9,0,10,32,39,46,0,117,4,0,4,121
12/08/2015,CID,IA,ACE,CE,Combined TRACON& Tower with Radar,33,39,33,0,105,0,0,22,0,22,33,39,55,0,127,16,0,16,143
12/09/2015,CID,IA,ACE,CE,Combined TRACON& Tower with Radar,29,37,33,2,101,0,0,22,0,22,29,37,55,2,123,0,0,0,123
12/10/2015,CID,IA,ACE,CE,Combined TRACON& Tower with Radar,32,45,18,2,97,0,0,9,0,9,32,45,27,2,106,10,0,10,116
12/11/2015,CID,IA,ACE,CE,Combined TRACON& Tower with Radar,30,45,28,0,103,0,0,23,0,23,30,45,51,0,126,32,0,32,158
12/12/2015,CID,IA,ACE,CE,Combined TRACON& Tower with Radar,19,22,19,0,60,0,0,0,0,0,19,22,19,0,60,0,0,0,60
12/13/2015,CID,IA,ACE,CE,Combined TRACON& Tower with Radar,23,31,13,0,67,0,0,0,0,0,23,31,13,0,67,0,0,0,67
12/14/2015,CID,IA,ACE,CE,Combined TRACON& Tower with Radar,27,36,21,0,84,0,0,1,0,1,27,36,22,0,85,0,0,0,85
12/15/2015,CID,IA,ACE,CE,Combined TRACON& Tower with Radar,30,38,25,0,93,0,0,3,0,3,30,38,28,0,96,32,0,32,128
12/16/2015,CID,IA,ACE,CE,Combined TRACON& Tower with Radar,32,38,23,2,95,0,0,2,0,2,32,38,25,2,97,0,0,0,97
12/17/2015,CID,IA,ACE,CE,Combined TRACON& Tower with Radar,36,48,24,3,111,0,0,21,0,21,36,48,45,3,132,18,0,18,150
12/18/2015,CID,IA,ACE,CE,Combined TRACON& Tower with Radar,38,44,26,0,108,0,0,15,0,15,38,44,41,0,123,12,0,12,135
12/19/2015,CID,IA,ACE,CE,Combined TRACON& Tower with Radar,29,37,35,0,101,0,0,59,0,59,29,37,94,0,160,18,0,18,178
12/20/2015,CID,IA,ACE,CE,Combined TRACON& Tower with Radar,28,36,18,0,82,0,0,10,0,10,28,36,28,0,92,16,0,16,108
12/21/2015,CID,IA,ACE,CE,Combined TRACON& Tower with Radar,37,41,11,0,89,0,0,0,0,0,37,41,11,0,89,0,0,0,89
12/22/2015,CID,IA,ACE,CE,Combined TRACON& Tower with Radar,39,40,29,0,108,0,0,1,0,1,39,40,30,0,109,0,0,0,109
12/23/2015,CID,IA,ACE,CE,Combined TRACON& Tower with Radar,51,38,27,0,116,0,0,1,0,1,51,38,28,0,117,0,0,0,117
12/24/2015,CID,IA,ACE,CE,Combined TRACON& Tower with Radar,34,28,7,0,69,0,0,14,0,14,34,28,21,0,83,0,0,0,83
12/25/2015,CID,IA,ACE,CE,Combined TRACON& Tower with Radar,18,12,0,0,30,0,0,0,0,0,18,12,0,0,30,0,0,0,30
12/26/2015,CID,IA,ACE,CE,Combined TRACON& Tower with Radar,22,33,7,0,62,0,0,0,0,0,22,33,7,0,62,0,0,0,62
12/27/2015,CID,IA,ACE,CE,Combined TRACON& Tower with Radar,25,37,8,0,70,0,0,0,0,0,25,37,8,0,70,0,0,0,70
12/28/2015,CID,IA,ACE,CE,Combined TRACON& Tower with Radar,16,16,0,0,32,0,0,0,0,0,16,16,0,0,32,0,0,0,32
12/29/2015,CID,IA,ACE,CE,Combined TRACON& Tower with Radar,61,36,5,0,102,0,1,8,0,9,61,37,13,0,111,30,0,30,141
12/30/2015,CID,IA,ACE,CE,Combined TRACON& Tower with Radar,32,41,8,0,81,0,0,1,0,1,32,41,9,0,82,0,0,0,82
12/31/2015,CID,IA,ACE,CE,Combined TRACON& Tower with Radar,31,33,6,0,70,0,0,26,0,26,31,33,32,0,96,46,0,46,142
01/01/2016,CID,IA,ACE,CE,Combined TRACON& Tower with Radar,17,23,7,0,47,0,0,6,0,6,17,23,13,0,53,14,0,14,67
01/02/2016,CID,IA,ACE,CE,Combined TRACON& Tower with Radar,48,35,13,0,96,0,0,19,0,19,48,35,32,0,115,0,0,0,115
01/03/2016,CID,IA,ACE,CE,Combined TRACON& Tower with Radar,29,46,13,0,88,0,0,4,0,4,29,46,17,0,92,0,0,0,92
01/04/2016,CID,IA,ACE,CE,Combined TRACON& Tower with Radar,23,41,8,0,72,0,0,16,0,16,23,41,24,0,88,18,0,18,106
01/05/2016,CID,IA,ACE,CE,Combined TRACON& Tower with Radar,9,20,8,0,37,0,0,9,0,9,9,20,17,0,46,24,0,24,70
01/06/2016,CID,IA,ACE,CE,Combined TRACON& Tower with Radar,23,43,18,0,84,0,0,12,0,12,23,43,30,0,96,42,0,42,138
01/07/2016,CID,IA,ACE,CE,Combined TRACON& Tower with Radar,30,39,18,0,87,0,0,0,0,0,30,39,18,0,87,0,0,0,87
01/08/2016,CID,IA,ACE,CE,Combined TRACON& Tower with Radar,19,9,13,0,41,0,0,0,0,0,19,9,13,0,41,0,0,0,41
01/09/2016,CID,IA,ACE,CE,Combined TRACON& Tower with Radar,25,25,1,0,51,0,0,3,0,3,25,25,4,0,54,30,0,30,84
01/10/2016,CID,IA,ACE,CE,Combined TRACON& Tower with Radar,21,40,3,0,64,0,0,10,0,10,21,40,13,0,74,0,0,0,74
01/11/2016,CID,IA,ACE,CE,Combined TRACON& Tower with Radar,26,34,15,0,75,0,0,3,0,3,26,34,18,0,78,6,0,6,84
01/12/2016,CID,IA,ACE,CE,Combined TRACON& Tower with Radar,25,39,15,0,79,0,0,9,0,9,25,39,24,0,88,0,0,0,88
01/13/2016,CID,IA,ACE,CE,Combined TRACON& Tower with Radar,30,43,21,2,96,0,1,22,0,23,30,44,43,2,119,14,0,14,133
01/14/2016,CID,IA,ACE,CE,Combined TRACON& Tower with Radar,31,41,14,0,86,0,0,31,0,31,31,41,45,0,117,58,0,58,175
01/15/2016,CID,IA,ACE,CE,Combined TRACON& Tower with Radar,27,53,9,0,89,0,0,0,0,0,27,53,9,0,89,6,0,6,95
01/16/2016,CID,IA,ACE,CE,Combined TRACON& Tower with Radar,27,19,5,0,51,0,0,11,0,11,27,19,16,0,62,30,0,30,92
01/17/2016,CID,IA,ACE,CE,Combined TRACON& Tower with Radar,23,26,8,0,57,0,0,9,0,9,23,26,17,0,66,0,0,0,66
01/18/2016,CID,IA,ACE,CE,Combined TRACON& Tower with Radar,28,37,8,0,73,0,0,8,0,8,28,37,16,0,81,4,0,4,85
01/19/2016,CID,IA,ACE,CE,Combined TRACON& Tower with Radar,26,45,22,0,93,0,0,4,0,4,26,45,26,0,97,0,0,0,97
01/20/2016,CID,IA,ACE,CE,Combined TRACON& Tower with Radar,29,43,11,0,83,0,0,12,0,12,29,43,23,0,95,4,0,4,99
01/21/2016,CID,IA,ACE,CE,Combined TRACON& Tower with Radar,31,40,26,0,97,0,0,19,0,19,31,40,45,0,116,44,0,44,160
01/22/2016,CID,IA,ACE,CE,Combined TRACON& Tower with Radar,27,44,18,0,89,0,0,0,0,0,27,44,18,0,89,16,0,16,105
01/23/2016,CID,IA,ACE,CE,Combined TRACON& Tower with Radar,26,27,26,0,79,0,0,35,0,35,26,27,61,0,114,18,0,18,132
01/24/2016,CID,IA,ACE,CE,Combined TRACON& Tower with Radar,20,41,6,0,67,0,0,0,0,0,20,41,6,0,67,0,0,0,67
01/25/2016,CID,IA,ACE,CE,Combined TRACON& Tower with Radar,26,41,4,0,71,0,0,0,0,0,26,41,4,0,71,0,0,0,71
01/26/2016,CID,IA,ACE,CE,Combined TRACON& Tower with Radar,26,42,22,0,90,0,0,6,0,6,26,42,28,0,96,0,0,0,96
01/27/2016,CID,IA,ACE,CE,Combined TRACON& Tower with Radar,34,46,25,0,105,0,0,10,0,10,34,46,35,0,115,10,0,10,125
01/28/2016,CID,IA,ACE,CE,Combined TRACON& Tower with Radar,28,41,22,0,91,0,0,8,0,8,28,41,30,0,99,8,0,8,107
01/29/2016,CID,IA,ACE,CE,Combined TRACON& Tower with Radar,27,43,23,0,93,0,0,26,0,26,27,43,49,0,119,8,0,8,127
01/30/2016,CID,IA,ACE,CE,Combined TRACON& Tower with Radar,20,24,24,0,68,0,0,72,0,72,20,24,96,0,140,72,0,72,212
01/31/2016,CID,IA,ACE,CE,Combined TRACON& Tower with Radar,19,43,17,0,79,0,0,11,0,11,19,43,28,0,90,12,0,12,102
02/01/2016,CID,IA,ACE,CE,Combined TRACON& Tower with Radar,18,22,23,0,63,0,0,0,0,0,18,22,23,0,63,0,0,0,63
02/02/2016,CID,IA,ACE,CE,Combined TRACON& Tower with Radar,22,32,4,0,58,0,0,0,0,0,22,32,4,0,58,0,0,0,58
02/03/2016,CID,IA,ACE,CE,Combined TRACON& Tower with Radar,30,47,18,0,95,0,0,5,0,5,30,47,23,0,100,4,0,4,104
02/04/2016,CID,IA,ACE,CE,Combined TRACON& Tower with Radar,29,42,36,0,107,0,0,8,0,8,29,42,44,0,115,20,0,20,135
02/05/2016,CID,IA,ACE,CE,Combined TRACON& Tower with Radar,29,42,19,0,90,0,0,16,0,16,29,42,35,0,106,16,0,16,122
02/06/2016,CID,IA,ACE,CE,Combined TRACON& Tower with Radar,21,25,16,0,62,0,1,13,0,14,21,26,29,0,76,32,0,32,108
02/07/2016,CID,IA,ACE,CE,Combined TRACON& Tower with Radar,22,27,10,0,59,0,0,19,0,19,22,27,29,0,78,0,0,0,78
02/08/2016,CID,IA,ACE,CE,Combined TRACON& Tower with Radar,27,36,20,0,83,0,0,2,0,2,27,36,22,0,85,4,0,4,89
02/09/2016,CID,IA,ACE,CE,Combined TRACON& Tower with Radar,27,39,16,0,82,0,1,4,0,5,27,40,20,0,87,0,0,0,87
02/10/2016,CID,IA,ACE,CE,Combined TRACON& Tower with Radar,30,46,20,0,96,0,0,9,0,9,30,46,29,0,105,8,0,8,113
02/11/2016,CID,IA,ACE,CE,Combined TRACON& Tower with Radar,30,41,23,0,94,0,0,31,0,31,30,41,54,0,125,6,0,6,131
02/12/2016,CID,IA,ACE,CE,Combined TRACON& Tower with Radar,31,42,24,0,97,0,0,5,0,5,31,42,29,0,102,0,0,0,102
02/13/2016,CID,IA,ACE,CE,Combined TRACON& Tower with Radar,21,25,6,0,52,0,0,14,0,14,21,25,20,0,66,16,0,16,82
02/14/2016,CID,IA,ACE,CE,Combined TRACON& Tower with Radar,18,29,9,0,56,0,0,0,0,0,18,29,9,0,56,0,0,0,56
02/15/2016,CID,IA,ACE,CE,Combined TRACON& Tower with Radar,24,40,7,0,71,0,0,0,0,0,24,40,7,0,71,0,0,0,71
02/16/2016,CID,IA,ACE,CE,Combined TRACON& Tower with Radar,24,38,24,0,86,0,0,0,0,0,24,38,24,0,86,0,0,0,86
02/17/2016,CID,IA,ACE,CE,Combined TRACON& Tower with Radar,30,42,20,2,94,0,0,17,0,17,30,42,37,2,111,28,0,28,139
02/18/2016,CID,IA,ACE,CE,Combined TRACON& Tower with Radar,26,46,23,4,99,0,0,10,0,10,26,46,33,4,109,22,0,22,131
02/19/2016,CID,IA,ACE,CE,Combined TRACON& Tower with Radar,27,39,12,0,78,0,0,7,0,7,27,39,19,0,85,0,0,0,85
02/20/2016,CID,IA,ACE,CE,Combined TRACON& Tower with Radar,25,25,13,0,63,0,0,60,0,60,25,25,73,0,123,34,0,34,157
02/21/2016,CID,IA,ACE,CE,Combined TRACON& Tower with Radar,23,34,15,0,72,0,0,19,0,19,23,34,34,0,91,28,0,28,119
02/22/2016,CID,IA,ACE,CE,Combined TRACON& Tower with Radar,25,44,24,0,93,0,0,18,0,18,25,44,42,0,111,6,0,6,117
02/23/2016,CID,IA,ACE,CE,Combined TRACON& Tower with Radar,25,38,34,0,97,0,1,23,0,24,25,39,57,0,121,22,0,22,143
02/24/2016,CID,IA,ACE,CE,Combined TRACON& Tower with Radar,36,47,18,2,103,0,0,11,0,11,36,47,29,2,114,16,0,16,130
02/25/2016,CID,IA,ACE,CE,Combined TRACON& Tower with Radar,30,55,33,2,120,0,0,17,2,19,30,55,50,4,139,0,0,0,139
02/26/2016,CID,IA,ACE,CE,Combined TRACON& Tower with Radar,31,42,17,0,90,0,0,35,0,35,31,42,52,0,125,20,0,20,145
02/27/2016,CID,IA,ACE,CE,Combined TRACON& Tower with Radar,27,26,14,0,67,0,0,39,0,39,27,26,53,0,106,48,0,48,154
02/28/2016,CID,IA,ACE,CE,Combined TRACON& Tower with Radar,23,36,12,0,71,0,0,13,0,13,23,36,25,0,84,26,0,26,110
02/29/2016,CID,IA,ACE,CE,Combined TRACON& Tower with Radar,24,42,19,0,85,0,0,14,0,14,24,42,33,0,99,22,0,22,121
03/01/2016,CID,IA,ACE,CE,Combined TRACON& Tower with Radar,25,36,24,0,85,0,0,7,0,7,25,36,31,0,92,0,0,0,92
03/02/2016,CID,IA,ACE,CE,Combined TRACON& Tower with Radar,34,39,20,0,93,0,0,10,0,10,34,39,30,0,103,24,0,24,127
03/03/2016,CID,IA,ACE,CE,Combined TRACON& Tower with Radar,31,37,19,0,87,0,0,1,0,1,31,37,20,0,88,0,0,0,88
03/04/2016,CID,IA,ACE,CE,Combined TRACON& Tower with Radar,27,50,15,0,92,0,0,2,0,2,27,50,17,0,94,0,0,0,94
03/05/2016,CID,IA,ACE,CE,Combined TRACON& Tower with Radar,25,29,19,0,73,0,0,24,0,24,25,29,43,0,97,42,0,42,139
03/06/2016,CID,IA,ACE,CE,Combined TRACON& Tower with Radar,20,38,9,0,67,0,0,24,0,24,20,38,33,0,91,40,0,40,131
03/07/2016,CID,IA,ACE,CE,Combined TRACON& Tower with Radar,24,44,17,0,85,0,0,14,0,14,24,44,31,0,99,28,0,28,127
03/08/2016,CID,IA,ACE,CE,Combined TRACON& Tower with Radar,24,47,25,0,96,0,0,11,0,11,24,47,36,0,107,4,0,4,111
03/09/2016,CID,IA,ACE,CE,Combined TRACON& Tower with Radar,35,42,40,0,117,0,0,10,0,10,35,42,50,0,127,34,0,34,161
03/10/2016,CID,IA,ACE,CE,Combined TRACON& Tower with Radar,30,42,19,2,93,0,0,34,0,34,30,42,53,2,127,34,0,34,161
03/11/2016,CID,IA,ACE,CE,Combined TRACON& Tower with Radar,31,49,27,2,109,0,1,35,0,36,31,50,62,2,145,26,0,26,171
03/12/2016,CID,IA,ACE,CE,Combined TRACON& Tower with Radar,31,25,14,0,70,0,0,25,0,25,31,25,39,0,95,6,0,6,101
03/13/2016,CID,IA,ACE,CE,Combined TRACON& Tower with Radar,23,39,7,0,69,0,0,0,0,0,23,39,7,0,69,0,0,0,69
03/14/2016,CID,IA,ACE,CE,Combined TRACON& Tower with Radar,25,43,12,0,80,0,0,9,0,9,25,43,21,0,89,0,0,0,89
03/15/2016,CID,IA,ACE,CE,Combined TRACON& Tower with Radar,31,40,9,0,80,0,0,3,0,3,31,40,12,0,83,0,0,0,83
03/16/2016,CID,IA,ACE,CE,Combined TRACON& Tower with Radar,33,39,14,0,86,0,0,6,0,6,33,39,20,0,92,6,0,6,98
03/17/2016,CID,IA,ACE,CE,Combined TRACON& Tower with Radar,29,46,24,3,102,0,0,14,1,15,29,46,38,4,117,0,0,0,117
03/18/2016,CID,IA,ACE,CE,Combined TRACON& Tower with Radar,26,48,20,0,94,1,0,22,0,23,27,48,42,0,117,34,0,34,151
03/19/2016,CID,IA,ACE,CE,Combined TRACON& Tower with Radar,29,29,22,0,80,0,0,6,0,6,29,29,28,0,86,16,0,16,102
03/20/2016,CID,IA,ACE,CE,Combined TRACON& Tower with Radar,25,43,30,0,98,0,0,32,0,32,25,43,62,0,130,28,0,28,158
03/21/2016,CID,IA,ACE,CE,Combined TRACON& Tower with Radar,28,44,9,0,81,0,0,18,0,18,28,44,27,0,99,54,0,54,153
03/22/2016,CID,IA,ACE,CE,Combined TRACON& Tower with Radar,32,38,20,0,90,0,0,23,0,23,32,38,43,0,113,43,0,43,156
03/23/2016,CID,IA,ACE,CE,Combined TRACON& Tower with Radar,31,35,20,0,86,0,0,0,0,0,31,35,20,0,86,0,0,0,86
03/24/2016,CID,IA,ACE,CE,Combined TRACON& Tower with Radar,28,42,9,0,79,0,0,2,0,2,28,42,11,0,81,0,0,0,81
03/25/2016,CID,IA,ACE,CE,Combined TRACON& Tower with Radar,32,46,17,0,95,0,0,42,0,42,32,46,59,0,137,42,0,42,179
03/26/2016,CID,IA,ACE,CE,Combined TRACON& Tower with Radar,25,23,5,0,53,0,0,29,0,29,25,23,34,0,82,24,0,24,106
03/27/2016,CID,IA,ACE,CE,Combined TRACON& Tower with Radar,19,40,7,0,66,0,0,2,0,2,19,40,9,0,68,0,0,0,68
03/28/2016,CID,IA,ACE,CE,Combined TRACON& Tower with Radar,24,41,22,2,89,0,1,57,0,58,24,42,79,2,147,92,0,92,239
03/29/2016,CID,IA,ACE,CE,Combined TRACON& Tower with Radar,23,42,19,0,84,0,0,25,0,25,23,42,44,0,109,28,0,28,137
03/30/2016,CID,IA,ACE,CE,Combined TRACON& Tower with Radar,26,40,13,2,81,0,0,0,0,0,26,40,13,2,81,0,0,0,81
03/31/2016,CID,IA,ACE,CE,Combined TRACON& Tower with Radar,29,40,21,5,95,0,0,5,1,6,29,40,26,6,101,0,0,0,101
04/01/2016,CID,IA,ACE,CE,Combined TRACON& Tower with Radar,30,44,15,0,89,0,0,3,0,3,30,44,18,0,92,0,0,0,92
04/02/2016,CID,IA,ACE,CE,Combined TRACON& Tower with Radar,23,29,4,2,58,0,0,5,0,5,23,29,9,2,63,0,0,0,63
04/03/2016,CID,IA,ACE,CE,Combined TRACON& Tower with Radar,19,43,9,0,71,0,0,13,0,13,19,43,22,0,84,0,0,0,84
04/04/2016,CID,IA,ACE,CE,Combined TRACON& Tower with Radar,30,37,21,0,88,0,0,29,0,29,30,37,50,0,117,56,0,56,173
04/05/2016,CID,IA,ACE,CE,Combined TRACON& Tower with Radar,35,29,16,0,80,0,0,5,0,5,35,29,21,0,85,0,0,0,85
04/06/2016,CID,IA,ACE,CE,Combined TRACON& Tower with Radar,39,38,11,0,88,0,0,3,0,3,39,38,14,0,91,0,0,0,91
04/07/2016,CID,IA,ACE,CE,Combined TRACON& Tower with Radar,39,32,23,1,95,0,0,22,2,24,39,32,45,3,119,0,0,0,119
04/08/2016,CID,IA,ACE,CE,Combined TRACON& Tower with Radar,43,39,23,0,105,0,0,7,0,7,43,39,30,0,112,0,0,0,112
04/09/2016,CID,IA,ACE,CE,Combined TRACON& Tower with Radar,31,24,10,0,65,0,0,51,0,51,31,24,61,0,116,66,0,66,182
04/10/2016,CID,IA,ACE,CE,Combined TRACON& Tower with Radar,29,25,11,0,65,0,0,2,0,2,29,25,13,0,67,4,0,4,71
04/11/2016,CID,IA,ACE,CE,Combined TRACON& Tower with Radar,35,29,18,0,82,0,0,15,0,15,35,29,33,0,97,10,0,10,107
04/12/2016,CID,IA,ACE,CE,Combined TRACON& Tower with Radar,35,30,29,0,94,0,0,57,0,57,35,30,86,0,151,82,0,82,233
04/13/2016,CID,IA,ACE,CE,Combined TRACON& Tower with Radar,33,36,33,0,102,0,0,46,0,46,33,36,79,0,148,0,0,0,148
04/14/2016,CID,IA,ACE,CE,Combined TRACON& Tower with Radar,39,35,20,2,96,0,0,31,0,31,39,35,51,2,127,44,0,44,171
04/15/2016,CID,IA,ACE,CE,Combined TRACON& Tower with Radar,36,36,18,0,90,0,0,20,0,20,36,36,38,0,110,56,0,56,166
04/16/2016,CID,IA,ACE,CE,Combined TRACON& Tower with Radar,30,19,9,0,58,0,1,33,0,34,30,20,42,0,92,20,0,20,112
04/17/2016,CID,IA,ACE,CE,Combined TRACON& Tower with Radar,27,30,19,0,76,0,0,49,0,49,27,30,68,0,125,20,0,20,145
04/18/2016,CID,IA,ACE,CE,Combined TRACON& Tower with Radar,37,30,10,0,77,0,0,17,0,17,37,30,27,0,94,10,0,10,104
04/19/2016,CID,IA,ACE,CE,Combined TRACON& Tower with Radar,35,34,37,0,106,0,0,1,1,2,35,34,38,1,108,0,0,0,108
04/20/2016,CID,IA,ACE,CE,Combined TRACON& Tower with Radar,36,33,32,0,101,0,0,9,0,9,36,33,41,0,110,8,0,8,118
04/21/2016,CID,IA,ACE,CE,Combined TRACON& Tower with Radar,43,33,17,1,94,0,0,5,0,5,43,33,22,1,99,0,0,0,99
04/22/2016,CID,IA,ACE,CE,Combined TRACON& Tower with Radar,39,31,30,1,101,0,0,19,0,19,39,31,49,1,120,20,0,20,140
04/23/2016,CID,IA,ACE,CE,Combined TRACON& Tower with Radar,29,18,18,0,65,0,0,42,0,42,29,18,60,0,107,24,0,24,131
04/24/2016,CID,IA,ACE,CE,Combined TRACON& Tower with Radar,32,26,14,0,72,0,0,24,0,24,32,26,38,0,96,18,0,18,114
04/25/2016,CID,IA,ACE,CE,Combined TRACON& Tower with Radar,33,33,29,6,101,0,0,12,0,12,33,33,41,6,113,12,0,12,125
04/26/2016,CID,IA,ACE,CE,Combined TRACON& Tower with Radar,35,36,17,2,90,0,0,9,0,9,35,36,26,2,99,6,0,6,105
04/27/2016,CID,IA,ACE,CE,Combined TRACON& Tower with Radar,37,32,23,0,92,0,0,1,0,1,37,32,24,0,93,0,0,0,93
04/28/2016,CID,IA,ACE,CE,Combined TRACON& Tower with Radar,42,38,38,0,118,0,0,3,0,3,42,38,41,0,121,0,0,0,121
04/29/2016,CID,IA,ACE,CE,Combined TRACON& Tower with Radar,36,36,37,2,111,1,0,15,0,16,37,36,52,2,127,32,0,32,159
04/30/2016,CID,IA,ACE,CE,Combined TRACON& Tower with Radar,27,16,9,0,52,0,0,0,0,0,27,16,9,0,52,0,0,0,52
05/01/2016,CID,IA,ACE,CE,Combined TRACON& Tower with Radar,28,32,23,0,83,0,0,0,0,0,28,32,23,0,83,0,0,0,83
05/02/2016,CID,IA,ACE,CE,Combined TRACON& Tower with Radar,32,37,27,0,96,0,0,34,0,34,32,37,61,0,130,74,0,74,204
05/03/2016,CID,IA,ACE,CE,Combined TRACON& Tower with Radar,31,38,30,0,99,0,0,44,0,44,31,38,74,0,143,54,0,54,197
05/04/2016,CID,IA,ACE,CE,Combined TRACON& Tower with Radar,28,40,13,2,83,0,0,22,0,22,28,40,35,2,105,28,0,28,133
05/05/2016,CID,IA,ACE,CE,Combined TRACON& Tower with Radar,35,38,39,0,112,0,0,57,0,57,35,38,96,0,169,0,0,0,169
05/06/2016,CID,IA,ACE,CE,Combined TRACON& Tower with Radar,33,38,12,4,87,0,0,47,0,47,33,38,59,4,134,50,0,50,184
05/07/2016,CID,IA,ACE,CE,Combined TRACON& Tower with Radar,24,24,23,0,71,0,0,14,0,14,24,24,37,0,85,14,0,14,99
05/08/2016,CID,IA,ACE,CE,Combined TRACON& Tower with Radar,31,30,6,0,67,0,0,26,0,26,31,30,32,0,93,30,0,30,123
05/09/2016,CID,IA,ACE,CE,Combined TRACON& Tower with Radar,26,37,17,0,80,0,0,2,0,2,26,37,19,0,82,0,0,0,82
05/10/2016,CID,IA,ACE,CE,Combined TRACON& Tower with Radar,29,42,17,0,88,0,0,2,0,2,29,42,19,0,90,6,0,6,96
05/11/2016,CID,IA,ACE,CE,Combined TRACON& Tower with Radar,27,43,31,0,101,0,0,2,0,2,27,43,33,0,103,0,0,0,103
05/12/2016,CID,IA,ACE,CE,Combined TRACON& Tower with Radar,33,42,31,0,106,0,0,22,0,22,33,42,53,0,128,14,0,14,142
05/13/2016,CID,IA,ACE,CE,Combined TRACON& Tower with Radar,30,42,31,0,103,0,0,27,0,27,30,42,58,0,130,28,0,28,158
05/14/2016,CID,IA,ACE,CE,Combined TRACON& Tower with Radar,20,27,7,2,56,0,0,28,0,28,20,27,35,2,84,18,0,18,102
05/15/2016,CID,IA,ACE,CE,Combined TRACON& Tower with Radar,27,38,21,0,86,0,2,55,0,57,27,40,76,0,143,40,0,40,183
05/16/2016,CID,IA,ACE,CE,Combined TRACON& Tower with Radar,24,39,29,0,92,0,1,30,0,31,24,40,59,0,123,12,0,12,135
05/17/2016,CID,IA,ACE,CE,Combined TRACON& Tower with Radar,26,44,35,0,105,0,0,26,0,26,26,44,61,0,131,22,0,22,153
05/18/2016,CID,IA,ACE,CE,Combined TRACON& Tower with Radar,30,42,24,0,96,0,0,71,1,72,30,42,95,1,168,92,0,92,260
05/19/2016,CID,IA,ACE,CE,Combined TRACON& Tower with Radar,36,40,29,0,105,0,1,39,1,41,36,41,68,1,146,14,0,14,160
05/20/2016,CID,IA,ACE,CE,Combined TRACON& Tower with Radar,26,40,25,0,91,0,0,41,0,41,26,40,66,0,132,92,0,92,224
05/21/2016,CID,IA,ACE,CE,Combined TRACON& Tower with Radar,22,26,22,0,70,0,0,35,0,35,22,26,57,0,105,24,0,24,129
05/22/2016,CID,IA,ACE,CE,Combined TRACON& Tower with Radar,33,30,14,0,77,0,0,38,0,38,33,30,52,0,115,32,0,32,147
05/23/2016,CID,IA,ACE,CE,Combined TRACON& Tower with Radar,22,35,24,0,81,0,1,37,0,38,22,36,61,0,119,74,0,74,193
05/24/2016,CID,IA,ACE,CE,Combined TRACON& Tower with Radar,31,45,42,0,118,0,0,37,0,37,31,45,79,0,155,12,0,12,167
05/25/2016,CID,IA,ACE,CE,Combined TRACON& Tower with Radar,29,42,32,0,103,0,0,16,0,16,29,42,48,0,119,12,0,12,131
05/26/2016,CID,IA,ACE,CE,Combined TRACON& Tower with Radar,36,44,23,0,103,0,0,22,0,22,36,44,45,0,125,12,0,12,137
05/27/2016,CID,IA,ACE,CE,Combined TRACON& Tower with Radar,28,43,23,0,94,0,0,9,0,9,28,43,32,0,103,10,0,10,113
05/28/2016,CID,IA,ACE,CE,Combined TRACON& Tower with Radar,23,25,3,0,51,0,0,4,0,4,23,25,7,0,55,0,0,0,55
05/29/2016,CID,IA,ACE,CE,Combined TRACON& Tower with Radar,29,23,11,0,63,0,0,25,0,25,29,23,36,0,88,0,0,0,88
05/30/2016,CID,IA,ACE,CE,Combined TRACON& Tower with Radar,18,37,12,0,67,0,0,16,0,16,18,37,28,0,83,32,0,32,115
05/31/2016,CID,IA,ACE,CE,Combined TRACON& Tower with Radar,22,37,20,0,79,0,0,15,0,15,22,37,35,0,94,0,0,0,94
06/01/2016,CID,IA,ACE,CE,Combined TRACON& Tower with Radar,26,39,28,2,95,0,0,22,0,22,26,39,50,2,117,36,0,36,153
06/02/2016,CID,IA,ACE,CE,Combined TRACON& Tower with Radar,38,40,34,0,112,0,0,34,0,34,38,40,68,0,146,26,0,26,172
06/03/2016,CID,IA,ACE,CE,Combined TRACON& Tower with Radar,26,48,24,5,103,0,0,41,0,41,26,48,65,5,144,26,0,26,170
06/04/2016,CID,IA,ACE,CE,Combined TRACON& Tower with Radar,22,31,7,1,61,0,0,21,0,21,22,31,28,1,82,4,0,4,86
06/05/2016,CID,IA,ACE,CE,Combined TRACON& Tower with Radar,27,41,24,0,92,0,0,41,0,41,27,41,65,0,133,2,0,2,135
06/06/2016,CID,IA,ACE,CE,Combined TRACON& Tower with Radar,20,39,35,0,94,0,0,21,0,21,20,39,56,0,115,18,0,18,133
06/07/2016,CID,IA,ACE,CE,Combined TRACON& Tower with Radar,28,37,37,0,102,0,1,39,0,40,28,38,76,0,142,18,0,18,160
06/08/2016,CID,IA,ACE,CE,Combined TRACON& Tower with Radar,25,50,26,0,101,0,0,43,0,43,25,50,69,0,144,62,0,62,206
06/09/2016,CID,IA,ACE,CE,Combined TRACON& Tower with Radar,41,43,11,0,95,0,0,35,0,35,41,43,46,0,130,40,0,40,170
06/10/2016,CID,IA,ACE,CE,Combined TRACON& Tower with Radar,36,47,30,0,113,0,2,32,0,34,36,49,62,0,147,6,0,6,153
06/11/2016,CID,IA,ACE,CE,Combined TRACON& Tower with Radar,20,36,23,0,79,0,0,38,0,38,20,36,61,0,117,32,0,32,149
06/12/2016,CID,IA,ACE,CE,Combined TRACON& Tower with Radar,27,45,34,0,106,0,0,23,0,23,27,45,57,0,129,26,0,26,155
06/13/2016,CID,IA,ACE,CE,Combined TRACON& Tower with Radar,25,45,16,0,86,0,0,20,0,20,25,45,36,0,106,50,0,50,156
06/14/2016,CID,IA,ACE,CE,Combined TRACON& Tower with Radar,34,38,17,0,89,0,0,5,0,5,34,38,22,0,94,12,0,12,106
06/15/2016,CID,IA,ACE,CE,Combined TRACON& Tower with Radar,34,42,21,0,97,0,0,24,0,24,34,42,45,0,121,50,0,50,171
06/16/2016,CID,IA,ACE,CE,Combined TRACON& Tower with Radar,42,45,25,0,112,0,0,46,0,46,42,45,71,0,158,72,0,72,230
06/17/2016,CID,IA,ACE,CE,Combined TRACON& Tower with Radar,32,42,36,2,112,0,0,43,0,43,32,42,79,2,155,16,0,16,171
06/18/2016,CID,IA,ACE,CE,Combined TRACON& Tower with Radar,24,33,15,0,72,0,0,35,1,36,24,33,50,1,108,14,0,14,122
06/19/2016,CID,IA,ACE,CE,Combined TRACON& Tower with Radar,32,42,18,0,92,0,0,39,1,40,32,42,57,1,132,0,0,0,132
06/20/2016,CID,IA,ACE,CE,Combined TRACON& Tower with Radar,28,39,24,0,91,0,0,18,0,18,28,39,42,0,109,16,0,16,125
06/21/2016,CID,IA,ACE,CE,Combined TRACON& Tower with Radar,36,48,35,0,119,0,0,56,0,56,36,48,91,0,175,36,0,36,211
06/22/2016,CID,IA,ACE,CE,Combined TRACON& Tower with Radar,36,37,23,0,96,0,0,12,0,12,36,37,35,0,108,24,0,24,132
06/23/2016,CID,IA,ACE,CE,Combined TRACON& Tower with Radar,44,49,24,0,117,0,0,27,0,27,44,49,51,0,144,50,0,50,194
06/24/2016,CID,IA,ACE,CE,Combined TRACON& Tower with Radar,29,52,41,0,122,0,0,41,0,41,29,52,82,0,163,10,0,10,173
06/25/2016,CID,IA,ACE,CE,Combined TRACON& Tower with Radar,23,35,16,0,74,0,0,27,0,27,23,35,43,0,101,26,0,26,127
06/26/2016,CID,IA,ACE,CE,Combined TRACON& Tower with Radar,30,46,21,0,97,0,0,41,0,41,30,46,62,0,138,16,0,16,154
06/27/2016,CID,IA,ACE,CE,Combined TRACON& Tower with Radar,27,48,36,0,111,0,1,26,0,27,27,49,62,0,138,28,0,28,166
06/28/2016,CID,IA,ACE,CE,Combined TRACON& Tower with Radar,35,39,31,0,105,0,0,35,0,35,35,39,66,0,140,62,0,62,202
06/29/2016,CID,IA,ACE,CE,Combined TRACON& Tower with Radar,34,46,27,0,107,0,0,31,0,31,34,46,58,0,138,36,0,36,174
06/30/2016,CID,IA,ACE,CE,Combined TRACON& Tower with Radar,39,39,31,0,109,0,0,8,0,8,39,39,39,0,117,28,0,28,145
07/01/2016,CID,IA,ACE,CE,Combined TRACON& Tower with Radar,33,42,21,0,96,0,0,34,0,34,33,42,55,0,130,50,0,50,180
07/02/2016,CID,IA,ACE,CE,Combined TRACON& Tower with Radar,28,25,11,0,64,0,0,16,0,16,28,25,27,0,80,2,0,2,82
07/03/2016,CID,IA,ACE,CE,Combined TRACON& Tower with Radar,30,44,32,0,106,0,0,18,0,18,30,44,50,0,124,32,0,32,156
07/04/2016,CID,IA,ACE,CE,Combined TRACON& Tower with Radar,28,37,24,0,89,0,1,19,0,20,28,38,43,0,109,0,0,0,109
07/05/2016,CID,IA,ACE,CE,Combined TRACON& Tower with Radar,36,38,17,0,91,0,0,11,0,11,36,38,28,0,102,30,0,30,132
07/06/2016,CID,IA,ACE,CE,Combined TRACON& Tower with Radar,34,38,14,0,86,0,0,13,0,13,34,38,27,0,99,42,0,42,141
07/07/2016,CID,IA,ACE,CE,Combined TRACON& Tower with Radar,44,42,26,2,114,0,0,27,0,27,44,42,53,2,141,84,0,84,225
07/08/2016,CID,IA,ACE,CE,Combined TRACON& Tower with Radar,36,37,8,2,83,0,0,23,0,23,36,37,31,2,106,36,0,36,142
07/09/2016,CID,IA,ACE,CE,Combined TRACON& Tower with Radar,25,34,14,0,73,0,0,65,0,65,25,34,79,0,138,54,0,54,192
07/10/2016,CID,IA,ACE,CE,Combined TRACON& Tower with Radar,30,40,14,0,84,0,0,2,0,2,30,40,16,0,86,4,0,4,90
07/11/2016,CID,IA,ACE,CE,Combined TRACON& Tower with Radar,31,37,18,0,86,0,0,29,0,29,31,37,47,0,115,4,0,4,119
07/12/2016,CID,IA,ACE,CE,Combined TRACON& Tower with Radar,41,40,24,0,105,0,0,22,0,22,41,40,46,0,127,28,0,28,155
07/13/2016,CID,IA,ACE,CE,Combined TRACON& Tower with Radar,39,39,24,2,104,0,0,13,0,13,39,39,37,2,117,46,0,46,163
07/14/2016,CID,IA,ACE,CE,Combined TRACON& Tower with Radar,43,39,36,1,119,0,0,32,1,33,43,39,68,2,152,64,0,64,216
07/15/2016,CID,IA,ACE,CE,Combined TRACON& Tower with Radar,40,37,39,0,116,0,1,31,1,33,40,38,70,1,149,132,0,132,281
07/16/2016,CID,IA,ACE,CE,Combined TRACON& Tower with Radar,28,30,26,0,84,0,0,60,0,60,28,30,86,0,144,60,0,60,204
07/17/2016,CID,IA,ACE,CE,Combined TRACON& Tower with Radar,33,43,3,0,79,0,0,4,0,4,33,43,7,0,83,4,0,4,87
07/18/2016,CID,IA,ACE,CE,Combined TRACON& Tower with Radar,27,44,21,0,92,0,0,25,0,25,27,44,46,0,117,26,0,26,143
07/19/2016,CID,IA,ACE,CE,Combined TRACON& Tower with Radar,36,40,33,2,111,1,0,6,0,7,37,40,39,2,118,0,0,0,118
07/20/2016,CID,IA,ACE,CE,Combined TRACON& Tower with Radar,33,44,28,0,105,0,0,15,0,15,33,44,43,0,120,14,0,14,134
07/21/2016,CID,IA,ACE,CE,Combined TRACON& Tower with Radar,36,44,36,1,117,0,0,24,1,25,36,44,60,2,142,68,0,68,210
07/22/2016,CID,IA,ACE,CE,Combined TRACON& Tower with Radar,36,38,19,0,93,0,0,16,0,16,36,38,35,0,109,6,0,6,115
07/23/2016,CID,IA,ACE,CE,Combined TRACON& Tower with Radar,26,30,17,1,74,0,0,21,1,22,26,30,38,2,96,0,0,0,96
07/24/2016,CID,IA,ACE,CE,Combined TRACON& Tower with Radar,17,44,28,0,89,0,0,38,0,38,17,44,66,0,127,22,0,22,149
07/25/2016,CID,IA,ACE,CE,Combined TRACON& Tower with Radar,21,36,29,0,86,0,0,20,0,20,21,36,49,0,106,70,0,70,176
07/26/2016,CID,IA,ACE,CE,Combined TRACON& Tower with Radar,36,47,25,0,108,0,0,25,0,25,36,47,50,0,133,38,0,38,171
07/27/2016,CID,IA,ACE,CE,Combined TRACON& Tower with Radar,32,42,23,0,97,0,0,22,0,22,32,42,45,0,119,36,0,36,155
07/28/2016,CID,IA,ACE,CE,Combined TRACON& Tower with Radar,44,42,39,0,125,0,0,6,0,6,44,42,45,0,131,4,0,4,135
07/29/2016,CID,IA,ACE,CE,Combined TRACON& Tower with Radar,30,52,25,8,115,0,0,4,0,4,30,52,29,8,119,0,22,22,141
07/30/2016,CID,IA,ACE,CE,Combined TRACON& Tower with Radar,24,30,14,0,68,0,0,10,0,10,24,30,24,0,78,18,0,18,96
07/31/2016,CID,IA,ACE,CE,Combined TRACON& Tower with Radar,29,44,30,2,105,1,0,18,0,19,30,44,48,2,124,6,0,6,130
08/01/2016,CID,IA,ACE,CE,Combined TRACON& Tower with Radar,24,40,18,0,82,0,0,12,0,12,24,40,30,0,94,8,0,8,102
08/02/2016,CID,IA,ACE,CE,Combined TRACON& Tower with Radar,31,41,16,0,88,0,0,9,0,9,31,41,25,0,97,20,0,20,117
08/03/2016,CID,IA,ACE,CE,Combined TRACON& Tower with Radar,37,45,35,0,117,0,0,16,0,16,37,45,51,0,133,28,0,28,161
08/04/2016,CID,IA,ACE,CE,Combined TRACON& Tower with Radar,40,41,24,0,105,0,0,15,0,15,40,41,39,0,120,0,0,0,120
08/05/2016,CID,IA,ACE,CE,Combined TRACON& Tower with Radar,34,39,27,0,100,0,0,34,0,34,34,39,61,0,134,22,0,22,156
08/06/2016,CID,IA,ACE,CE,Combined TRACON& Tower with Radar,22,29,8,0,59,0,0,143,2,145,22,29,151,2,204,22,10,32,236
08/07/2016,CID,IA,ACE,CE,Combined TRACON& Tower with Radar,27,39,28,0,94,0,0,47,0,47,27,39,75,0,141,40,0,40,181
08/08/2016,CID,IA,ACE,CE,Combined TRACON& Tower with Radar,31,42,12,0,85,0,0,19,0,19,31,42,31,0,104,28,0,28,132
08/09/2016,CID,IA,ACE,CE,Combined TRACON& Tower with Radar,31,44,23,0,98,0,1,16,0,17,31,45,39,0,115,70,0,70,185
08/10/2016,CID,IA,ACE,CE,Combined TRACON& Tower with Radar,37,41,20,0,98,0,0,40,0,40,37,41,60,0,138,49,0,49,187
08/11/2016,CID,IA,ACE,CE,Combined TRACON& Tower with Radar,39,38,26,0,103,0,0,15,0,15,39,38,41,0,118,10,0,10,128
08/12/2016,CID,IA,ACE,CE,Combined TRACON& Tower with Radar,36,42,29,0,107,0,0,2,0,2,36,42,31,0,109,0,0,0,109
08/13/2016,CID,IA,ACE,CE,Combined TRACON& Tower with Radar,21,31,12,2,66,0,0,39,1,40,21,31,51,3,106,16,0,16,122
08/14/2016,CID,IA,ACE,CE,Combined TRACON& Tower with Radar,32,36,27,1,96,0,0,65,0,65,32,36,92,1,161,24,0,24,185
08/15/2016,CID,IA,ACE,CE,Combined TRACON& Tower with Radar,27,41,17,2,87,0,0,7,0,7,27,41,24,2,94,2,0,2,96
08/16/2016,CID,IA,ACE,CE,Combined TRACON& Tower with Radar,25,47,30,2,104,0,0,18,0,18,25,47,48,2,122,32,0,32,154
08/17/2016,CID,IA,ACE,CE,Combined TRACON& Tower with Radar,23,55,32,2,112,0,0,23,0,23,23,55,55,2,135,34,0,34,169
08/18/2016,CID,IA,ACE,CE,Combined TRACON& Tower with Radar,37,46,25,2,110,0,0,22,0,22,37,46,47,2,132,12,0,12,144
08/19/2016,CID,IA,ACE,CE,Combined TRACON& Tower with Radar,22,49,24,0,95,0,0,9,0,9,22,49,33,0,104,4,0,4,108
08/20/2016,CID,IA,ACE,CE,Combined TRACON& Tower with Radar,16,25,20,0,61,0,0,6,0,6,16,25,26,0,67,6,0,6,73
08/21/2016,CID,IA,ACE,CE,Combined TRACON& Tower with Radar,29,36,22,0,87,0,1,41,0,42,29,37,63,0,129,26,0,26,155
08/22/2016,CID,IA,ACE,CE,Combined TRACON& Tower with Radar,20,50,25,0,95,0,0,24,0,24,20,50,49,0,119,0,0,0,119
08/23/2016,CID,IA,ACE,CE,Combined TRACON& Tower with Radar,24,46,26,0,96,0,0,10,0,10,24,46,36,0,106,18,0,18,124
08/24/2016,CID,IA,ACE,CE,Combined TRACON& Tower with Radar,24,42,40,2,108,0,0,14,0,14,24,42,54,2,122,27,0,27,149
08/25/2016,CID,IA,ACE,CE,Combined TRACON& Tower with Radar,33,48,23,1,105,0,0,31,0,31,33,48,54,1,136,58,0,58,194
08/26/2016,CID,IA,ACE,CE,Combined TRACON& Tower with Radar,26,43,19,0,88,0,0,25,0,25,26,43,44,0,113,52,0,52,165
08/27/2016,CID,IA,ACE,CE,Combined TRACON& Tower with Radar,19,26,9,0,54,0,0,5,0,5,19,26,14,0,59,42,0,42,101
08/28/2016,CID,IA,ACE,CE,Combined TRACON& Tower with Radar,29,32,19,0,80,0,0,29,0,29,29,32,48,0,109,42,0,42,151
08/29/2016,CID,IA,ACE,CE,Combined TRACON& Tower with Radar,27,38,18,0,83,0,0,11,0,11,27,38,29,0,94,2,0,2,96
08/30/2016,CID,IA,ACE,CE,Combined TRACON& Tower with Radar,32,40,38,0,110,0,1,17,0,18,32,41,55,0,128,42,0,42,170
08/31/2016,CID,IA,ACE,CE,Combined TRACON& Tower with Radar,27,46,23,0,96,0,0,33,0,33,27,46,56,0,129,14,0,14,143
09/01/2016,CID,IA,ACE,CE,Combined TRACON& Tower with Radar,36,44,39,2,121,0,0,28,0,28,36,44,67,2,149,80,0,80,229
09/02/2016,CID,IA,ACE,CE,Combined TRACON& Tower with Radar,28,43,32,0,103,0,0,32,0,32,28,43,64,0,135,20,0,20,155
09/03/2016,CID,IA,ACE,CE,Combined TRACON& Tower with Radar,21,17,5,0,43,0,0,19,0,19,21,17,24,0,62,0,0,0,62
09/04/2016,CID,IA,ACE,CE,Combined TRACON& Tower with Radar,33,13,8,0,54,0,0,21,0,21,33,13,29,0,75,46,0,46,121
09/05/2016,CID,IA,ACE,CE,Combined TRACON& Tower with Radar,20,36,16,0,72,0,0,39,0,39,20,36,55,0,111,18,0,18,129
09/06/2016,CID,IA,ACE,CE,Combined TRACON& Tower with Radar,28,41,30,0,99,0,0,11,0,11,28,41,41,0,110,22,0,22,132
09/07/2016,CID,IA,ACE,CE,Combined TRACON& Tower with Radar,29,39,16,0,84,0,0,2,0,2,29,39,18,0,86,0,0,0,86
09/08/2016,CID,IA,ACE,CE,Combined TRACON& Tower with Radar,43,38,35,0,116,0,0,24,0,24,43,38,59,0,140,94,0,94,234
09/09/2016,CID,IA,ACE,CE,Combined TRACON& Tower with Radar,33,35,20,0,88,0,0,10,0,10,33,35,30,0,98,20,0,20,118
09/10/2016,CID,IA,ACE,CE,Combined TRACON& Tower with Radar,25,19,15,1,60,0,0,27,1,28,25,19,42,2,88,28,0,28,116
09/11/2016,CID,IA,ACE,CE,Combined TRACON& Tower with Radar,32,38,8,0,78,0,0,53,0,53,32,38,61,0,131,6,0,6,137
09/12/2016,CID,IA,ACE,CE,Combined TRACON& Tower with Radar,28,42,7,0,77,0,0,16,0,16,28,42,23,0,93,44,0,44,137
09/13/2016,CID,IA,ACE,CE,Combined TRACON& Tower with Radar,32,40,29,0,101,0,0,5,0,5,32,40,34,0,106,0,0,0,106
09/14/2016,CID,IA,ACE,CE,Combined TRACON& Tower with Radar,30,41,32,2,105,0,0,32,0,32,30,41,64,2,137,62,0,62,199
09/15/2016,CID,IA,ACE,CE,Combined TRACON& Tower with Radar,42,40,30,0,112,0,0,20,0,20,42,40,50,0,132,48,0,48,180
09/16/2016,CID,IA,ACE,CE,Combined TRACON& Tower with Radar,34,39,27,0,100,0,0,10,0,10,34,39,37,0,110,32,0,32,142
09/17/2016,CID,IA,ACE,CE,Combined TRACON& Tower with Radar,28,19,17,0,64,0,0,44,4,48,28,19,61,4,112,24,0,24,136
09/18/2016,CID,IA,ACE,CE,Combined TRACON& Tower with Radar,33,36,22,0,91,0,0,38,0,38,33,36,60,0,129,38,0,38,167
09/19/2016,CID,IA,ACE,CE,Combined TRACON& Tower with Radar,28,38,27,0,93,0,0,22,0,22,28,38,49,0,115,20,0,20,135
09/20/2016,CID,IA,ACE,CE,Combined TRACON& Tower with Radar,35,41,30,0,106,0,0,31,0,31,35,41,61,0,137,66,0,66,203
09/21/2016,CID,IA,ACE,CE,Combined TRACON& Tower with Radar,30,38,35,0,103,0,0,18,0,18,30,38,53,0,121,18,0,18,139
09/22/2016,CID,IA,ACE,CE,Combined TRACON& Tower with Radar,40,43,25,0,108,1,0,10,0,11,41,43,35,0,119,32,0,32,151
09/23/2016,CID,IA,ACE,CE,Combined TRACON& Tower with Radar,37,44,18,0,99,0,0,4,0,4,37,44,22,0,103,16,0,16,119
09/24/2016,CID,IA,ACE,CE,Combined TRACON& Tower with Radar,25,21,33,0,79,0,0,16,0,16,25,21,49,0,95,22,0,22,117
09/25/2016,CID,IA,ACE,CE,Combined TRACON& Tower with Radar,35,35,4,0,74,0,0,21,0,21,35,35,25,0,95,50,0,50,145
09/26/2016,CID,IA,ACE,CE,Combined TRACON& Tower with Radar,28,40,24,17,109,0,1,17,2,20,28,41,41,19,129,18,0,18,147
09/27/2016,CID,IA,ACE,CE,Combined TRACON& Tower with Radar,31,51,15,0,97,0,0,63,0,63,31,51,78,0,160,48,0,48,208
09/28/2016,CID,IA,ACE,CE,Combined TRACON& Tower with Radar,30,42,36,2,110,0,0,33,0,33,30,42,69,2,143,52,0,52,195
09/29/2016,CID,IA,ACE,CE,Combined TRACON& Tower with Radar,41,46,26,0,113,0,0,13,0,13,41,46,39,0,126,50,0,50,176
09/30/2016,CID,IA,ACE,CE,Combined TRACON& Tower with Radar,36,46,29,0,111,0,0,13,0,13,36,46,42,0,124,20,0,20,144
10/01/2016,CID,IA,ACE,CE,Combined TRACON& Tower with Radar,21,22,21,0,64,0,0,2,0,2,21,22,23,0,66,8,0,8,74
10/02/2016,CID,IA,ACE,CE,Combined TRACON& Tower with Radar,33,28,19,0,80,0,0,46,0,46,33,28,65,0,126,62,0,62,188
10/03/2016,CID,IA,ACE,CE,Combined TRACON& Tower with Radar,28,36,18,0,82,0,0,21,0,21,28,36,39,0,103,26,0,26,129
10/04/2016,CID,IA,ACE,CE,Combined TRACON& Tower with Radar,31,42,17,0,90,0,0,15,0,15,31,42,32,0,105,22,0,22,127
10/05/2016,CID,IA,ACE,CE,Combined TRACON& Tower with Radar,33,41,27,0,101,0,0,17,0,17,33,41,44,0,118,20,0,20,138
10/06/2016,CID,IA,ACE,CE,Combined TRACON& Tower with Radar,40,40,13,0,93,0,0,8,0,8,40,40,21,0,101,14,0,14,115
10/07/2016,CID,IA,ACE,CE,Combined TRACON& Tower with Radar,31,45,18,0,94,0,0,23,0,23,31,45,41,0,117,20,0,20,137
10/08/2016,CID,IA,ACE,CE,Combined TRACON& Tower with Radar,25,27,12,0,64,0,0,45,0,45,25,27,57,0,109,32,0,32,141
10/09/2016,CID,IA,ACE,CE,Combined TRACON& Tower with Radar,35,35,16,2,88,0,0,42,0,42,35,35,58,2,130,44,0,44,174
10/10/2016,CID,IA,ACE,CE,Combined TRACON& Tower with Radar,25,39,14,0,78,0,0,18,0,18,25,39,32,0,96,38,0,38,134
10/11/2016,CID,IA,ACE,CE,Combined TRACON& Tower with Radar,35,35,21,0,91,0,0,34,0,34,35,35,55,0,125,18,0,18,143
10/12/2016,CID,IA,ACE,CE,Combined TRACON& Tower with Radar,33,40,29,0,102,0,0,14,0,14,33,40,43,0,116,0,0,0,116
10/13/2016,CID,IA,ACE,CE,Combined TRACON& Tower with Radar,40,42,15,0,97,0,0,17,0,17,40,42,32,0,114,24,0,24,138
10/14/2016,CID,IA,ACE,CE,Combined TRACON& Tower with Radar,32,43,30,0,105,0,0,35,0,35,32,43,65,0,140,2,0,2,142
10/15/2016,CID,IA,ACE,CE,Combined TRACON& Tower with Radar,25,21,11,2,59,0,0,6,0,6,25,21,17,2,65,0,0,0,65
10/16/2016,CID,IA,ACE,CE,Combined TRACON& Tower with Radar,34,31,16,0,81,0,0,8,0,8,34,31,24,0,89,0,0,0,89
10/17/2016,CID,IA,ACE,CE,Combined TRACON& Tower with Radar,25,40,33,0,98,0,0,16,0,16,25,40,49,0,114,14,0,14,128
10/18/2016,CID,IA,ACE,CE,Combined TRACON& Tower with Radar,38,36,29,2,105,0,0,25,0,25,38,36,54,2,130,30,0,30,160
10/19/2016,CID,IA,ACE,CE,Combined TRACON& Tower with Radar,32,41,36,1,110,0,0,18,1,19,32,41,54,2,129,8,0,8,137
10/20/2016,CID,IA,ACE,CE,Combined TRACON& Tower with Radar,39,40,14,0,93,1,0,24,0,25,40,40,38,0,118,54,0,54,172
10/21/2016,CID,IA,ACE,CE,Combined TRACON& Tower with Radar,31,40,20,0,91,0,1,29,0,30,31,41,49,0,121,74,0,74,195
10/22/2016,CID,IA,ACE,CE,Combined TRACON& Tower with Radar,24,21,25,0,70,0,1,40,0,41,24,22,65,0,111,48,0,48,159
10/23/2016,CID,IA,ACE,CE,Combined TRACON& Tower with Radar,34,33,15,0,82,0,0,36,0,36,34,33,51,0,118,39,0,39,157
10/24/2016,CID,IA,ACE,CE,Combined TRACON& Tower with Radar,26,40,17,0,83,1,0,18,0,19,27,40,35,0,102,42,0,42,144
10/25/2016,CID,IA,ACE,CE,Combined TRACON& Tower with Radar,33,39,20,2,94,0,0,4,0,4,33,39,24,2,98,16,0,16,114
10/26/2016,CID,IA,ACE,CE,Combined TRACON& Tower with Radar,35,41,15,0,91,0,0,4,0,4,35,41,19,0,95,0,0,0,95
10/27/2016,CID,IA,ACE,CE,Combined TRACON& Tower with Radar,42,42,17,0,101,0,0,3,0,3,42,42,20,0,104,24,0,24,128
10/28/2016,CID,IA,ACE,CE,Combined TRACON& Tower with Radar,35,43,16,2,96,0,0,5,0,5,35,43,21,2,101,0,0,0,101
10/29/2016,CID,IA,ACE,CE,Combined TRACON& Tower with Radar,25,22,12,2,61,0,0,23,0,23,25,22,35,2,84,20,0,20,104
10/30/2016,CID,IA,ACE,CE,Combined TRACON& Tower with Radar,33,29,17,0,79,0,0,26,0,26,33,29,43,0,105,0,0,0,105
10/31/2016,CID,IA,ACE,CE,Combined TRACON& Tower with Radar,19,35,15,0,69,0,0,4,0,4,19,35,19,0,73,0,0,0,73
11/01/2016,CID,IA,ACE,CE,Combined TRACON& Tower with Radar,30,43,26,0,99,0,0,26,0,26,30,43,52,0,125,50,0,50,175
11/02/2016,CID,IA,ACE,CE,Combined TRACON& Tower with Radar,31,45,18,0,94,0,1,4,0,5,31,46,22,0,99,0,0,0,99
11/03/2016,CID,IA,ACE,CE,Combined TRACON& Tower with Radar,41,47,34,2,124,0,0,15,0,15,41,47,49,2,139,32,0,32,171
11/04/2016,CID,IA,ACE,CE,Combined TRACON& Tower with Radar,31,44,28,0,103,0,0,28,0,28,31,44,56,0,131,68,0,68,199
11/05/2016,CID,IA,ACE,CE,Combined TRACON& Tower with Radar,24,25,23,0,72,0,0,36,2,38,24,25,59,2,110,30,2,32,142
11/06/2016,CID,IA,ACE,CE,Combined TRACON& Tower with Radar,30,39,22,0,91,0,0,31,0,31,30,39,53,0,122,22,0,22,144
11/07/2016,CID,IA,ACE,CE,Combined TRACON& Tower with Radar,22,40,17,1,80,0,0,15,1,16,22,40,32,2,96,10,0,10,106
11/08/2016,CID,IA,ACE,CE,Combined TRACON& Tower with Radar,26,45,23,0,94,0,0,12,0,12,26,45,35,0,106,20,0,20,126
11/09/2016,CID,IA,ACE,CE,Combined TRACON& Tower with Radar,31,47,18,0,96,0,0,18,0,18,31,47,36,0,114,10,0,10,124
11/10/2016,CID,IA,ACE,CE,Combined TRACON& Tower with Radar,36,46,24,0,106,0,0,26,0,26,36,46,50,0,132,20,0,20,152
11/11/2016,CID,IA,ACE,CE,Combined TRACON& Tower with Radar,27,50,25,0,102,0,0,25,0,25,27,50,50,0,127,32,0,32,159
11/12/2016,CID,IA,ACE,CE,Combined TRACON& Tower with Radar,27,33,18,0,78,0,0,31,0,31,27,33,49,0,109,22,0,22,131
11/13/2016,CID,IA,ACE,CE,Combined TRACON& Tower with Radar,33,44,19,0,96,0,0,24,0,24,33,44,43,0,120,30,0,30,150
11/14/2016,CID,IA,ACE,CE,Combined TRACON& Tower with Radar,26,42,25,0,93,0,0,22,0,22,26,42,47,0,115,6,0,6,121
11/15/2016,CID,IA,ACE,CE,Combined TRACON& Tower with Radar,25,50,25,0,100,0,0,13,0,13,25,50,38,0,113,8,0,8,121
11/16/2016,CID,IA,ACE,CE,Combined TRACON& Tower with Radar,30,49,14,0,93,0,0,28,1,29,30,49,42,1,122,12,0,12,134
11/17/2016,CID,IA,ACE,CE,Combined TRACON& Tower with Radar,35,49,32,0,116,0,0,11,0,11,35,49,43,0,127,18,0,18,145
11/18/2016,CID,IA,ACE,CE,Combined TRACON& Tower with Radar,31,54,11,0,96,0,0,5,0,5,31,54,16,0,101,8,0,8,109
11/19/2016,CID,IA,ACE,CE,Combined TRACON& Tower with Radar,29,26,9,0,64,0,1,9,0,10,29,27,18,0,74,12,0,12,86
11/20/2016,CID,IA,ACE,CE,Combined TRACON& Tower with Radar,27,32,18,0,77,0,0,34,0,34,27,32,52,0,111,30,0,30,141
11/21/2016,CID,IA,ACE,CE,Combined TRACON& Tower with Radar,25,41,20,0,86,0,0,37,0,37,25,41,57,0,123,18,0,18,141
11/22/2016,CID,IA,ACE,CE,Combined TRACON& Tower with Radar,34,48,24,0,106,0,0,8,0,8,34,48,32,0,114,10,0,10,124
11/23/2016,CID,IA,ACE,CE,Combined TRACON& Tower with Radar,38,53,18,0,109,0,0,2,0,2,38,53,20,0,111,0,0,0,111
11/24/2016,CID,IA,ACE,CE,Combined TRACON& Tower with Radar,21,15,2,0,38,0,0,0,0,0,21,15,2,0,38,0,0,0,38
11/25/2016,CID,IA,ACE,CE,Combined TRACON& Tower with Radar,31,30,12,0,73,0,0,12,0,12,31,30,24,0,85,4,0,4,89
11/26/2016,CID,IA,ACE,CE,Combined TRACON& Tower with Radar,32,46,23,0,101,0,0,38,0,38,32,46,61,0,139,34,0,34,173
11/27/2016,CID,IA,ACE,CE,Combined TRACON& Tower with Radar,41,44,20,0,105,0,0,12,0,12,41,44,32,0,117,8,0,8,125
11/28/2016,CID,IA,ACE,CE,Combined TRACON& Tower with Radar,35,51,19,0,105,0,0,0,0,0,35,51,19,0,105,0,0,0,105
11/29/2016,CID,IA,ACE,CE,Combined TRACON& Tower with Radar,31,48,29,0,108,0,0,34,0,34,31,48,63,0,142,0,0,0,142
11/30/2016,CID,IA,ACE,CE,Combined TRACON& Tower with Radar,34,40,25,0,99,0,0,3,0,3,34,40,28,0,102,0,0,0,102
12/01/2016,CID,IA,ACE,CE,Combined TRACON& Tower with Radar,47,37,19,0,103,0,0,8,0,8,47,37,27,0,111,52,0,52,163
12/02/2016,CID,IA,ACE,CE,Combined TRACON& Tower with Radar,33,38,25,0,96,0,0,10,0,10,33,38,35,0,106,0,0,0,106
12/03/2016,CID,IA,ACE,CE,Combined TRACON& Tower with Radar,24,21,13,0,58,0,0,37,0,37,24,21,50,0,95,64,0,64,159
12/04/2016,CID,IA,ACE,CE,Combined TRACON& Tower with Radar,31,24,6,0,61,0,0,0,0,0,31,24,6,0,61,0,0,0,61
12/05/2016,CID,IA,ACE,CE,Combined TRACON& Tower with Radar,33,38,7,0,78,0,0,0,0,0,33,38,7,0,78,0,0,0,78
12/06/2016,CID,IA,ACE,CE,Combined TRACON& Tower with Radar,38,40,21,0,99,0,1,21,0,22,38,41,42,0,121,2,0,2,123
12/07/2016,CID,IA,ACE,CE,Combined TRACON& Tower with Radar,38,38,19,0,95,0,0,6,0,6,38,38,25,0,101,0,0,0,101
12/08/2016,CID,IA,ACE,CE,Combined TRACON& Tower with Radar,43,37,24,0,104,0,0,8,0,8,43,37,32,0,112,8,0,8,120
12/09/2016,CID,IA,ACE,CE,Combined TRACON& Tower with Radar,32,41,28,0,101,1,0,27,0,28,33,41,55,0,129,24,0,24,153
12/10/2016,CID,IA,ACE,CE,Combined TRACON& Tower with Radar,24,15,12,0,51,0,0,23,0,23,24,15,35,0,74,2,0,2,76
12/11/2016,CID,IA,ACE,CE,Combined TRACON& Tower with Radar,24,24,7,0,55,0,0,0,0,0,24,24,7,0,55,0,0,0,55
12/12/2016,CID,IA,ACE,CE,Combined TRACON& Tower with Radar,31,32,15,0,78,0,0,11,0,11,31,32,26,0,89,10,0,10,99
12/13/2016,CID,IA,ACE,CE,Combined TRACON& Tower with Radar,31,39,20,0,90,0,0,15,0,15,31,39,35,0,105,0,0,0,105
12/14/2016,CID,IA,ACE,CE,Combined TRACON& Tower with Radar,33,38,35,1,107,0,1,16,1,18,33,39,51,2,125,6,0,6,131
12/15/2016,CID,IA,ACE,CE,Combined TRACON& Tower with Radar,37,37,29,0,103,0,0,12,0,12,37,37,41,0,115,18,0,18,133
12/16/2016,CID,IA,ACE,CE,Combined TRACON& Tower with Radar,28,40,6,0,74,0,0,1,0,1,28,40,7,0,75,0,0,0,75
12/17/2016,CID,IA,ACE,CE,Combined TRACON& Tower with Radar,22,29,2,0,53,0,0,2,0,2,22,29,4,0,55,0,0,0,55
12/18/2016,CID,IA,ACE,CE,Combined TRACON& Tower with Radar,28,31,9,0,68,0,0,5,0,5,28,31,14,0,73,0,0,0,73
12/19/2016,CID,IA,ACE,CE,Combined TRACON& Tower with Radar,27,39,14,2,82,0,0,7,0,7,27,39,21,2,89,6,0,6,95
12/20/2016,CID,IA,ACE,CE,Combined TRACON& Tower with Radar,35,46,42,0,123,0,0,17,0,17,35,46,59,0,140,18,0,18,158
12/21/2016,CID,IA,ACE,CE,Combined TRACON& Tower with Radar,32,51,18,0,101,0,0,9,0,9,32,51,27,0,110,6,0,6,116
12/22/2016,CID,IA,ACE,CE,Combined TRACON& Tower with Radar,40,45,22,0,107,0,1,30,0,31,40,46,52,0,138,52,0,52,190
12/23/2016,CID,IA,ACE,CE,Combined TRACON& Tower with Radar,40,41,2,0,83,0,0,1,0,1,40,41,3,0,84,0,0,0,84
12/24/2016,CID,IA,ACE,CE,Combined TRACON& Tower with Radar,26,26,1,0,53,0,0,0,0,0,26,26,1,0,53,0,0,0,53
12/25/2016,CID,IA,ACE,CE,Combined TRACON& Tower with Radar,20,27,2,0,49,0,0,0,0,0,20,27,2,0,49,0,0,0,49
12/26/2016,CID,IA,ACE,CE,Combined TRACON& Tower with Radar,33,36,10,0,79,0,0,8,0,8,33,36,18,0,87,0,0,0,87
12/27/2016,CID,IA,ACE,CE,Combined TRACON& Tower with Radar,33,40,17,0,90,0,0,24,0,24,33,40,41,0,114,28,0,28,142
12/28/2016,CID,IA,ACE,CE,Combined TRACON& Tower with Radar,33,42,18,0,93,0,1,28,0,29,33,43,46,0,122,20,0,20,142
12/29/2016,CID,IA,ACE,CE,Combined TRACON& Tower with Radar,41,39,3,0,83,0,0,1,0,1,41,39,4,0,84,0,0,0,84
12/30/2016,CID,IA,ACE,CE,Combined TRACON& Tower with Radar,30,45,15,0,90,0,0,27,0,27,30,45,42,0,117,24,0,24,141
12/31/2016,CID,IA,ACE,CE,Combined TRACON& Tower with Radar,31,31,4,0,66,0,0,12,0,12,31,31,16,0,78,20,0,20,98
01/01/2017,CID,IA,ACE,CE,Combined TRACON& Tower with Radar,25,34,15,0,74,0,1,21,0,22,25,35,36,0,96,42,0,42,138
01/02/2017,CID,IA,ACE,CE,Combined TRACON& Tower with Radar,17,31,4,0,52,0,0,0,0,0,17,31,4,0,52,4,0,4,56
01/03/2017,CID,IA,ACE,CE,Combined TRACON& Tower with Radar,37,38,14,0,89,0,0,2,0,2,37,38,16,0,91,0,0,0,91
01/04/2017,CID,IA,ACE,CE,Combined TRACON& Tower with Radar,29,44,13,0,86,0,1,12,0,13,29,45,25,0,99,2,0,2,101
01/05/2017,CID,IA,ACE,CE,Combined TRACON& Tower with Radar,34,40,17,2,93,0,1,4,2,7,34,41,21,4,100,0,0,0,100
01/06/2017,CID,IA,ACE,CE,Combined TRACON& Tower with Radar,29,42,13,0,84,0,0,19,2,21,29,42,32,2,105,8,0,8,113
01/07/2017,CID,IA,ACE,CE,Combined TRACON& Tower with Radar,28,22,7,0,57,0,0,25,0,25,28,22,32,0,82,10,0,10,92
01/08/2017,CID,IA,ACE,CE,Combined TRACON& Tower with Radar,29,36,9,0,74,0,0,22,0,22,29,36,31,0,96,20,0,20,116
01/09/2017,CID,IA,ACE,CE,Combined TRACON& Tower with Radar,33,33,15,0,81,0,0,12,0,12,33,33,27,0,93,22,0,22,115
01/10/2017,CID,IA,ACE,CE,Combined TRACON& Tower with Radar,39,34,8,0,81,0,0,1,0,1,39,34,9,0,82,0,0,0,82
01/11/2017,CID,IA,ACE,CE,Combined TRACON& Tower with Radar,42,39,12,0,93,0,0,7,0,7,42,39,19,0,100,24,0,24,124
01/12/2017,CID,IA,ACE,CE,Combined TRACON& Tower with Radar,44,39,31,0,114,0,0,10,0,10,44,39,41,0,124,0,0,0,124
01/13/2017,CID,IA,ACE,CE,Combined TRACON& Tower with Radar,35,41,15,0,91,0,0,23,0,23,35,41,38,0,114,20,0,20,134
01/14/2017,CID,IA,ACE,CE,Combined TRACON& Tower with Radar,29,24,8,0,61,0,0,29,0,29,29,24,37,0,90,38,0,38,128
01/15/2017,CID,IA,ACE,CE,Combined TRACON& Tower with Radar,32,31,18,0,81,0,0,12,0,12,32,31,30,0,93,12,0,12,105
01/16/2017,CID,IA,ACE,CE,Combined TRACON& Tower with Radar,26,26,11,0,63,0,0,0,0,0,26,26,11,0,63,0,0,0,63
01/17/2017,CID,IA,ACE,CE,Combined TRACON& Tower with Radar,33,35,17,0,85,0,0,0,0,0,33,35,17,0,85,0,0,0,85
01/18/2017,CID,IA,ACE,CE,Combined TRACON& Tower with Radar,42,35,25,0,102,0,0,9,0,9,42,35,34,0,111,18,0,18,129
01/19/2017,CID,IA,ACE,CE,Combined TRACON& Tower with Radar,45,38,30,0,113,0,0,0,0,0,45,38,30,0,113,0,0,0,113
01/20/2017,CID,IA,ACE,CE,Combined TRACON& Tower with Radar,33,29,9,0,71,0,0,0,0,0,33,29,9,0,71,0,0,0,71
01/21/2017,CID,IA,ACE,CE,Combined TRACON& Tower with Radar,25,22,16,0,63,0,0,0,0,0,25,22,16,0,63,0,0,0,63
01/22/2017,CID,IA,ACE,CE,Combined TRACON& Tower with Radar,30,30,19,0,79,0,0,0,0,0,30,30,19,0,79,0,0,0,79
01/23/2017,CID,IA,ACE,CE,Combined TRACON& Tower with Radar,34,31,16,0,81,0,0,0,0,0,34,31,16,0,81,30,0,30,111
01/24/2017,CID,IA,ACE,CE,Combined TRACON& Tower with Radar,34,40,10,0,84,0,0,0,0,0,34,40,10,0,84,0,0,0,84
01/25/2017,CID,IA,ACE,CE,Combined TRACON& Tower with Radar,37,35,9,0,81,0,0,0,0,0,37,35,9,0,81,0,0,0,81
01/26/2017,CID,IA,ACE,CE,Combined TRACON& Tower with Radar,44,34,30,0,108,0,0,4,0,4,44,34,34,0,112,0,0,0,112
01/27/2017,CID,IA,ACE,CE,Combined TRACON& Tower with Radar,39,30,20,1,90,0,0,27,0,27,39,30,47,1,117,16,0,16,133
01/28/2017,CID,IA,ACE,CE,Combined TRACON& Tower with Radar,33,23,7,0,63,0,0,2,0,2,33,23,9,0,65,44,0,44,109
01/29/2017,CID,IA,ACE,CE,Combined TRACON& Tower with Radar,31,31,12,0,74,0,0,5,0,5,31,31,17,0,79,0,0,0,79
01/30/2017,CID,IA,ACE,CE,Combined TRACON& Tower with Radar,36,36,10,0,82,0,0,8,0,8,36,36,18,0,90,24,0,24,114
01/31/2017,CID,IA,ACE,CE,Combined TRACON& Tower with Radar,35,40,18,0,93,0,0,11,0,11,35,40,29,0,104,32,0,32,136
02/01/2017,CID,IA,ACE,CE,Combined TRACON& Tower with Radar,40,35,23,1,99,0,0,23,1,24,40,35,46,2,123,6,0,6,129
02/02/2017,CID,IA,ACE,CE,Combined TRACON& Tower with Radar,43,41,14,4,102,0,0,17,0,17,43,41,31,4,119,4,0,4,123
02/03/2017,CID,IA,ACE,CE,Combined TRACON& Tower with Radar,35,38,14,0,87,0,0,34,0,34,35,38,48,0,121,40,0,40,161
02/04/2017,CID,IA,ACE,CE,Combined TRACON& Tower with Radar,28,25,6,0,59,0,0,22,0,22,28,25,28,0,81,22,0,22,103
02/05/2017,CID,IA,ACE,CE,Combined TRACON& Tower with Radar,33,26,23,0,82,0,0,38,0,38,33,26,61,0,120,14,0,14,134
02/06/2017,CID,IA,ACE,CE,Combined TRACON& Tower with Radar,35,37,36,0,108,0,0,18,0,18,35,37,54,0,126,14,0,14,140
02/07/2017,CID,IA,ACE,CE,Combined TRACON& Tower with Radar,34,37,19,0,90,0,0,0,0,0,34,37,19,0,90,0,0,0,90
02/08/2017,CID,IA,ACE,CE,Combined TRACON& Tower with Radar,33,34,22,0,89,0,0,16,0,16,33,34,38,0,105,40,0,40,145
02/09/2017,CID,IA,ACE,CE,Combined TRACON& Tower with Radar,46,40,24,0,110,0,0,24,0,24,46,40,48,0,134,30,0,30,164
02/10/2017,CID,IA,ACE,CE,Combined TRACON& Tower with Radar,38,38,20,0,96,0,0,28,0,28,38,38,48,0,124,4,0,4,128
02/11/2017,CID,IA,ACE,CE,Combined TRACON& Tower with Radar,28,22,25,0,75,0,0,35,0,35,28,22,60,0,110,70,0,70,180
02/12/2017,CID,IA,ACE,CE,Combined TRACON& Tower with Radar,31,34,5,0,70,0,0,7,0,7,31,34,12,0,77,8,0,8,85
02/13/2017,CID,IA,ACE,CE,Combined TRACON& Tower with Radar,35,36,27,0,98,0,1,24,0,25,35,37,51,0,123,66,0,66,189
02/14/2017,CID,IA,ACE,CE,Combined TRACON& Tower with Radar,34,41,28,0,103,0,0,14,1,15,34,41,42,1,118,0,0,0,118
02/15/2017,CID,IA,ACE,CE,Combined TRACON& Tower with Radar,39,37,28,2,106,0,2,21,0,23,39,39,49,2,129,8,0,8,137
02/16/2017,CID,IA,ACE,CE,Combined TRACON& Tower with Radar,41,41,22,0,104,0,2,14,0,16,41,43,36,0,120,60,0,60,180
02/17/2017,CID,IA,ACE,CE,Combined TRACON& Tower with Radar,39,35,20,0,94,0,0,28,0,28,39,35,48,0,122,50,0,50,172
02/18/2017,CID,IA,ACE,CE,Combined TRACON& Tower with Radar,29,20,25,0,74,0,0,56,0,56,29,20,81,0,130,18,0,18,148
02/19/2017,CID,IA,ACE,CE,Combined TRACON& Tower with Radar,29,26,28,0,83,0,0,40,0,40,29,26,68,0,123,6,0,6,129
02/20/2017,CID,IA,ACE,CE,Combined TRACON& Tower with Radar,37,37,11,0,85,0,0,0,0,0,37,37,11,0,85,12,0,12,97
02/21/2017,CID,IA,ACE,CE,Combined TRACON& Tower with Radar,36,41,17,0,94,1,0,19,0,20,37,41,36,0,114,40,0,40,154
02/22/2017,CID,IA,ACE,CE,Combined TRACON& Tower with Radar,40,38,17,1,96,0,0,14,1,15,40,38,31,2,111,32,0,32,143
02/23/2017,CID,IA,ACE,CE,Combined TRACON& Tower with Radar,39,38,9,0,86,0,0,2,0,2,39,38,11,0,88,0,0,0,88
02/24/2017,CID,IA,ACE,CE,Combined TRACON& Tower with Radar,41,33,12,0,86,0,0,0,0,0,41,33,12,0,86,0,0,0,86
02/25/2017,CID,IA,ACE,CE,Combined TRACON& Tower with Radar,31,25,8,0,64,0,0,4,0,4,31,25,12,0,68,0,0,0,68
02/26/2017,CID,IA,ACE,CE,Combined TRACON& Tower with Radar,29,28,19,0,76,0,0,17,0,17,29,28,36,0,93,12,0,12,105
02/27/2017,CID,IA,ACE,CE,Combined TRACON& Tower with Radar,37,30,16,0,83,0,0,17,0,17,37,30,33,0,100,8,0,8,108
02/28/2017,CID,IA,ACE,CE,Combined TRACON& Tower with Radar,40,33,14,0,87,0,1,1,0,2,40,34,15,0,89,0,0,0,89
03/01/2017,CID,IA,ACE,CE,Combined TRACON& Tower with Radar,43,41,18,0,102,0,0,1,0,1,43,41,19,0,103,0,0,0,103
03/02/2017,CID,IA,ACE,CE,Combined TRACON& Tower with Radar,45,32,26,0,103,0,0,8,0,8,45,32,34,0,111,16,0,16,127
03/03/2017,CID,IA,ACE,CE,Combined TRACON& Tower with Radar,41,36,15,1,93,1,0,36,1,38,42,36,51,2,131,4,0,4,135
03/04/2017,CID,IA,ACE,CE,Combined TRACON& Tower with Radar,40,16,8,0,64,0,0,42,0,42,40,16,50,0,106,38,0,38,144
03/05/2017,CID,IA,ACE,CE,Combined TRACON& Tower with Radar,34,31,14,0,79,0,0,25,0,25,34,31,39,0,104,0,0,0,104
03/06/2017,CID,IA,ACE,CE,Combined TRACON& Tower with Radar,32,31,9,0,72,0,0,0,0,0,32,31,9,0,72,0,0,0,72
03/07/2017,CID,IA,ACE,CE,Combined TRACON& Tower with Radar,42,32,25,0,99,0,0,4,0,4,42,32,29,0,103,0,0,0,103
03/08/2017,CID,IA,ACE,CE,Combined TRACON& Tower with Radar,48,36,21,0,105,0,0,10,0,10,48,36,31,0,115,26,0,26,141
03/09/2017,CID,IA,ACE,CE,Combined TRACON& Tower with Radar,33,44,22,0,99,0,0,23,0,23,33,44,45,0,122,30,0,30,152
03/10/2017,CID,IA,ACE,CE,Combined TRACON& Tower with Radar,39,42,17,0,98,0,0,20,0,20,39,42,37,0,118,6,0,6,124
03/11/2017,CID,IA,ACE,CE,Combined TRACON& Tower with Radar,30,31,11,0,72,0,0,21,0,21,30,31,32,0,93,14,0,14,107
03/12/2017,CID,IA,ACE,CE,Combined TRACON& Tower with Radar,25,37,18,0,80,0,0,23,0,23,25,37,41,0,103,2,0,2,105
03/13/2017,CID,IA,ACE,CE,Combined TRACON& Tower with Radar,33,31,6,4,74,0,0,3,0,3,33,31,9,4,77,0,0,0,77
03/14/2017,CID,IA,ACE,CE,Combined TRACON& Tower with Radar,36,29,19,0,84,0,0,15,0,15,36,29,34,0,99,18,0,18,117
03/15/2017,CID,IA,ACE,CE,Combined TRACON& Tower with Radar,40,40,18,0,98,0,0,29,0,29,40,40,47,0,127,24,0,24,151
03/16/2017,CID,IA,ACE,CE,Combined TRACON& Tower with Radar,36,42,24,1,103,0,0,12,1,13,36,42,36,2,116,0,0,0,116
03/17/2017,CID,IA,ACE,CE,Combined TRACON& Tower with Radar,36,41,11,0,88,0,0,23,0,23,36,41,34,0,111,6,0,6,117
03/18/2017,CID,IA,ACE,CE,Combined TRACON& Tower with Radar,34,30,12,0,76,0,0,42,1,43,34,30,54,1,119,16,0,16,135
03/19/2017,CID,IA,ACE,CE,Combined TRACON& Tower with Radar,30,34,21,0,85,0,0,24,0,24,30,34,45,0,109,0,0,0,109
03/20/2017,CID,IA,ACE,CE,Combined TRACON& Tower with Radar,34,42,18,0,94,0,0,32,0,32,34,42,50,0,126,10,0,10,136
03/21/2017,CID,IA,ACE,CE,Combined TRACON& Tower with Radar,37,35,23,0,95,0,0,24,0,24,37,35,47,0,119,28,0,28,147
03/22/2017,CID,IA,ACE,CE,Combined TRACON& Tower with Radar,38,41,17,0,96,0,0,28,0,28,38,41,45,0,124,32,0,32,156
03/23/2017,CID,IA,ACE,CE,Combined TRACON& Tower with Radar,36,42,12,0,90,0,0,10,0,10,36,42,22,0,100,0,0,0,100
03/24/2017,CID,IA,ACE,CE,Combined TRACON& Tower with Radar,38,43,3,1,85,0,0,10,1,11,38,43,13,2,96,6,0,6,102
03/25/2017,CID,IA,ACE,CE,Combined TRACON& Tower with Radar,27,24,21,0,72,0,0,9,0,9,27,24,30,0,81,0,0,0,81
03/26/2017,CID,IA,ACE,CE,Combined TRACON& Tower with Radar,26,35,14,0,75,0,0,0,0,0,26,35,14,0,75,0,0,0,75
03/27/2017,CID,IA,ACE,CE,Combined TRACON& Tower with Radar,35,37,11,0,83,0,0,2,0,2,35,37,13,0,85,6,0,6,91
03/28/2017,CID,IA,ACE,CE,Combined TRACON& Tower with Radar,37,41,31,0,109,0,0,17,0,17,37,41,48,0,126,14,0,14,140
03/29/2017,CID,IA,ACE,CE,Combined TRACON& Tower with Radar,32,50,15,0,97,0,0,0,0,0,32,50,15,0,97,0,0,0,97
03/30/2017,CID,IA,ACE,CE,Combined TRACON& Tower with Radar,36,45,15,0,96,0,0,5,0,5,36,45,20,0,101,0,0,0,101
03/31/2017,CID,IA,ACE,CE,Combined TRACON& Tower with Radar,34,46,22,0,102,0,0,12,0,12,34,46,34,0,114,10,0,10,124
04/01/2017,CID,IA,ACE,CE,Combined TRACON& Tower with Radar,25,24,16,0,65,0,0,58,0,58,25,24,74,0,123,58,0,58,181
04/02/2017,CID,IA,ACE,CE,Combined TRACON& Tower with Radar,25,39,15,0,79,0,0,2,0,2,25,39,17,0,81,30,0,30,111
04/03/2017,CID,IA,ACE,CE,Combined TRACON& Tower with Radar,35,37,17,0,89,0,0,5,0,5,35,37,22,0,94,0,0,0,94
04/04/2017,CID,IA,ACE,CE,Combined TRACON& Tower with Radar,27,45,27,0,99,0,0,7,0,7,27,45,34,0,106,32,0,32,138
04/05/2017,CID,IA,ACE,CE,Combined TRACON& Tower with Radar,21,43,13,2,79,0,0,1,0,1,21,43,14,2,80,0,0,0,80
04/06/2017,CID,IA,ACE,CE,Combined TRACON& Tower with Radar,27,40,26,0,93,0,0,13,0,13,27,40,39,0,106,2,0,2,108
04/07/2017,CID,IA,ACE,CE,Combined TRACON& Tower with Radar,26,41,21,0,88,0,0,45,0,45,26,41,66,0,133,68,0,68,201
04/08/2017,CID,IA,ACE,CE,Combined TRACON& Tower with Radar,25,23,14,0,62,0,0,25,0,25,25,23,39,0,87,0,0,0,87
04/09/2017,CID,IA,ACE,CE,Combined TRACON& Tower with Radar,24,34,9,0,67,0,0,17,0,17,24,34,26,0,84,10,0,10,94
04/10/2017,CID,IA,ACE,CE,Combined TRACON& Tower with Radar,24,46,18,0,88,0,0,9,0,9,24,46,27,0,97,0,0,0,97
04/11/2017,CID,IA,ACE,CE,Combined TRACON& Tower with Radar,27,48,28,2,105,0,0,28,4,32,27,48,56,6,137,64,0,64,201
04/12/2017,CID,IA,ACE,CE,Combined TRACON& Tower with Radar,29,51,18,0,98,0,0,31,0,31,29,51,49,0,129,0,0,0,129
04/13/2017,CID,IA,ACE,CE,Combined TRACON& Tower with Radar,35,46,14,1,96,0,0,17,1,18,35,46,31,2,114,20,0,20,134
04/14/2017,CID,IA,ACE,CE,Combined TRACON& Tower with Radar,25,49,9,0,83,0,0,4,0,4,25,49,13,0,87,6,0,6,93
04/15/2017,CID,IA,ACE,CE,Combined TRACON& Tower with Radar,21,25,6,0,52,0,0,8,0,8,21,25,14,0,60,0,0,0,60
04/16/2017,CID,IA,ACE,CE,Combined TRACON& Tower with Radar,24,33,20,0,77,0,0,15,0,15,24,33,35,0,92,12,0,12,104
04/17/2017,CID,IA,ACE,CE,Combined TRACON& Tower with Radar,26,42,25,0,93,0,0,49,0,49,26,42,74,0,142,18,0,18,160
04/18/2017,CID,IA,ACE,CE,Combined TRACON& Tower with Radar,26,44,31,0,101,0,0,21,0,21,26,44,52,0,122,6,0,6,128
04/19/2017,CID,IA,ACE,CE,Combined TRACON& Tower with Radar,28,44,24,0,96,0,0,11,0,11,28,44,35,0,107,10,0,10,117
04/20/2017,CID,IA,ACE,CE,Combined TRACON& Tower with Radar,33,44,27,0,104,0,0,10,0,10,33,44,37,0,114,12,0,12,126
04/21/2017,CID,IA,ACE,CE,Combined TRACON& Tower with Radar,29,42,14,0,85,0,0,27,0,27,29,42,41,0,112,14,0,14,126
04/22/2017,CID,IA,ACE,CE,Combined TRACON& Tower with Radar,26,23,14,0,63,0,0,59,0,59,26,23,73,0,122,38,0,38,160
04/23/2017,CID,IA,ACE,CE,Combined TRACON& Tower with Radar,27,39,12,0,78,0,0,45,0,45,27,39,57,0,123,44,0,44,167
04/24/2017,CID,IA,ACE,CE,Combined TRACON& Tower with Radar,24,43,10,0,77,0,0,15,0,15,24,43,25,0,92,8,0,8,100
04/25/2017,CID,IA,ACE,CE,Combined TRACON& Tower with Radar,30,42,34,0,106,1,0,30,0,31,31,42,64,0,137,64,0,64,201
04/26/2017,CID,IA,ACE,CE,Combined TRACON& Tower with Radar,26,43,23,0,92,0,0,4,0,4,26,43,27,0,96,0,0,0,96
04/27/2017,CID,IA,ACE,CE,Combined TRACON& Tower with Radar,35,46,16,1,98,0,0,17,1,18,35,46,33,2,116,46,0,46,162
04/28/2017,CID,IA,ACE,CE,Combined TRACON& Tower with Radar,31,44,20,0,95,0,0,3,0,3,31,44,23,0,98,20,0,20,118
04/29/2017,CID,IA,ACE,CE,Combined TRACON& Tower with Radar,22,23,8,0,53,0,0,0,0,0,22,23,8,0,53,0,0,0,53
04/30/2017,CID,IA,ACE,CE,Combined TRACON& Tower with Radar,29,31,13,0,73,0,0,0,0,0,29,31,13,0,73,0,0,0,73
05/01/2017,CID,IA,ACE,CE,Combined TRACON& Tower with Radar,36,40,23,0,99,0,0,9,0,9,36,40,32,0,108,0,0,0,108
05/02/2017,CID,IA,ACE,CE,Combined TRACON& Tower with Radar,33,40,19,0,92,0,0,21,0,21,33,40,40,0,113,16,0,16,129
05/03/2017,CID,IA,ACE,CE,Combined TRACON& Tower with Radar,29,43,20,0,92,0,0,38,0,38,29,43,58,0,130,74,0,74,204
05/04/2017,CID,IA,ACE,CE,Combined TRACON& Tower with Radar,34,44,24,0,102,0,0,37,0,37,34,44,61,0,139,6,0,6,145
05/05/2017,CID,IA,ACE,CE,Combined TRACON& Tower with Radar,40,35,27,0,102,1,0,45,0,46,41,35,72,0,148,58,0,58,206
05/06/2017,CID,IA,ACE,CE,Combined TRACON& Tower with Radar,28,22,16,0,66,0,0,46,1,47,28,22,62,1,113,56,0,56,169
05/07/2017,CID,IA,ACE,CE,Combined TRACON& Tower with Radar,36,28,24,0,88,0,0,49,0,49,36,28,73,0,137,104,0,104,241
05/08/2017,CID,IA,ACE,CE,Combined TRACON& Tower with Radar,36,35,23,0,94,0,0,28,3,31,36,35,51,3,125,68,0,68,193
05/09/2017,CID,IA,ACE,CE,Combined TRACON& Tower with Radar,42,38,36,2,118,0,0,31,0,31,42,38,67,2,149,70,0,70,219
05/10/2017,CID,IA,ACE,CE,Combined TRACON& Tower with Radar,37,36,15,0,88,0,0,0,0,0,37,36,15,0,88,14,0,14,102
05/11/2017,CID,IA,ACE,CE,Combined TRACON& Tower with Radar,47,36,36,2,121,0,0,30,0,30,47,36,66,2,151,30,0,30,181
05/12/2017,CID,IA,ACE,CE,Combined TRACON& Tower with Radar,37,38,41,0,116,0,2,37,1,40,37,40,78,1,156,14,0,14,170
05/13/2017,CID,IA,ACE,CE,Combined TRACON& Tower with Radar,29,16,22,0,67,0,0,36,2,38,29,16,58,2,105,110,0,110,215
05/14/2017,CID,IA,ACE,CE,Combined TRACON& Tower with Radar,38,27,25,0,90,0,0,27,0,27,38,27,52,0,117,30,0,30,147
05/15/2017,CID,IA,ACE,CE,Combined TRACON& Tower with Radar,36,32,17,0,85,0,0,14,0,14,36,32,31,0,99,0,0,0,99
05/16/2017,CID,IA,ACE,CE,Combined TRACON& Tower with Radar,42,36,32,0,110,0,0,16,0,16,42,36,48,0,126,24,0,24,150
05/17/2017,CID,IA,ACE,CE,Combined TRACON& Tower with Radar,39,40,24,0,103,0,0,0,0,0,39,40,24,0,103,0,0,0,103
05/18/2017,CID,IA,ACE,CE,Combined TRACON& Tower with Radar,44,37,21,2,104,0,0,5,0,5,44,37,26,2,109,52,0,52,161
05/19/2017,CID,IA,ACE,CE,Combined TRACON& Tower with Radar,37,36,40,0,113,0,0,3,0,3,37,36,43,0,116,0,0,0,116
05/20/2017,CID,IA,ACE,CE,Combined TRACON& Tower with Radar,33,20,5,0,58,0,0,7,0,7,33,20,12,0,65,0,0,0,65
05/21/2017,CID,IA,ACE,CE,Combined TRACON& Tower with Radar,37,27,20,0,84,0,0,14,0,14,37,27,34,0,98,4,0,4,102
05/22/2017,CID,IA,ACE,CE,Combined TRACON& Tower with Radar,37,36,20,0,93,0,0,16,0,16,37,36,36,0,109,6,0,6,115
05/23/2017,CID,IA,ACE,CE,Combined TRACON& Tower with Radar,43,39,36,0,118,0,0,23,0,23,43,39,59,0,141,74,0,74,215
05/24/2017,CID,IA,ACE,CE,Combined TRACON& Tower with Radar,49,33,35,2,119,0,0,13,0,13,49,33,48,2,132,6,0,6,138
05/25/2017,CID,IA,ACE,CE,Combined TRACON& Tower with Radar,45,34,28,0,107,0,0,24,0,24,45,34,52,0,131,66,0,66,197
05/26/2017,CID,IA,ACE,CE,Combined TRACON& Tower with Radar,37,37,22,0,96,0,0,1,0,1,37,37,23,0,97,54,0,54,151
05/27/2017,CID,IA,ACE,CE,Combined TRACON& Tower with Radar,25,21,21,0,67,0,0,5,0,5,25,21,26,0,72,24,0,24,96
05/28/2017,CID,IA,ACE,CE,Combined TRACON& Tower with Radar,32,26,9,0,67,0,0,37,0,37,32,26,46,0,104,88,0,88,192
05/29/2017,CID,IA,ACE,CE,Combined TRACON& Tower with Radar,28,30,10,0,68,0,0,32,0,32,28,30,42,0,100,18,0,18,118
05/30/2017,CID,IA,ACE,CE,Combined TRACON& Tower with Radar,37,32,24,0,93,0,0,35,3,38,37,32,59,3,131,46,0,46,177
05/31/2017,CID,IA,ACE,CE,Combined TRACON& Tower with Radar,39,34,19,0,92,0,0,28,0,28,39,34,47,0,120,56,0,56,176
06/01/2017,CID,IA,ACE,CE,Combined TRACON& Tower with Radar,40,39,21,5,105,0,0,34,0,34,40,39,55,5,139,118,0,118,257
06/02/2017,CID,IA,ACE,CE,Combined TRACON& Tower with Radar,33,35,11,4,83,0,0,17,4,21,33,35,28,8,104,34,0,34,138
06/03/2017,CID,IA,ACE,CE,Combined TRACON& Tower with Radar,30,24,12,0,66,0,0,28,2,30,30,24,40,2,96,20,0,20,116
06/04/2017,CID,IA,ACE,CE,Combined TRACON& Tower with Radar,32,35,16,0,83,0,0,36,0,36,32,35,52,0,119,24,0,24,143
06/05/2017,CID,IA,ACE,CE,Combined TRACON& Tower with Radar,38,33,17,0,88,0,0,21,0,21,38,33,38,0,109,32,0,32,141
06/06/2017,CID,IA,ACE,CE,Combined TRACON& Tower with Radar,42,37,34,0,113,0,0,38,0,38,42,37,72,0,151,82,0,82,233
06/07/2017,CID,IA,ACE,CE,Combined TRACON& Tower with Radar,41,36,32,1,110,0,0,40,1,41,41,36,72,2,151,52,0,52,203
06/08/2017,CID,IA,ACE,CE,Combined TRACON& Tower with Radar,46,37,26,0,109,0,0,14,0,14,46,37,40,0,123,44,0,44,167
06/09/2017,CID,IA,ACE,CE,Combined TRACON& Tower with Radar,40,37,31,0,108,0,0,32,0,32,40,37,63,0,140,42,0,42,182
06/10/2017,CID,IA,ACE,CE,Combined TRACON& Tower with Radar,32,33,6,0,71,0,2,23,0,25,32,35,29,0,96,0,0,0,96
06/11/2017,CID,IA,ACE,CE,Combined TRACON& Tower with Radar,34,29,15,0,78,0,0,9,0,9,34,29,24,0,87,0,0,0,87
06/12/2017,CID,IA,ACE,CE,Combined TRACON& Tower with Radar,36,41,34,0,111,0,0,22,0,22,36,41,56,0,133,28,0,28,161
06/13/2017,CID,IA,ACE,CE,Combined TRACON& Tower with Radar,39,39,32,0,110,0,0,30,0,30,39,39,62,0,140,30,0,30,170
06/14/2017,CID,IA,ACE,CE,Combined TRACON& Tower with Radar,37,31,19,0,87,1,0,16,0,17,38,31,35,0,104,20,0,20,124
06/15/2017,CID,IA,ACE,CE,Combined TRACON& Tower with Radar,47,38,20,4,109,0,0,23,2,25,47,38,43,6,134,148,0,148,282
06/16/2017,CID,IA,ACE,CE,Combined TRACON& Tower with Radar,36,39,23,1,99,0,0,21,1,22,36,39,44,2,121,18,0,18,139
06/17/2017,CID,IA,ACE,CE,Combined TRACON& Tower with Radar,25,35,23,0,83,0,0,21,0,21,25,35,44,0,104,20,0,20,124
06/18/2017,CID,IA,ACE,CE,Combined TRACON& Tower with Radar,34,36,15,3,88,0,0,25,1,26,34,36,40,4,114,24,0,24,138
06/19/2017,CID,IA,ACE,CE,Combined TRACON& Tower with Radar,31,34,22,0,87,0,0,23,0,23,31,34,45,0,110,32,0,32,142
06/20/2017,CID,IA,ACE,CE,Combined TRACON& Tower with Radar,42,35,33,3,113,0,0,54,0,54,42,35,87,3,167,42,0,42,209
06/21/2017,CID,IA,ACE,CE,Combined TRACON& Tower with Radar,39,40,20,2,101,0,1,7,0,8,39,41,27,2,109,0,0,0,109
06/22/2017,CID,IA,ACE,CE,Combined TRACON& Tower with Radar,45,40,26,2,113,0,0,16,0,16,45,40,42,2,129,18,0,18,147
06/23/2017,CID,IA,ACE,CE,Combined TRACON& Tower with Radar,37,39,19,0,95,0,0,28,0,28,37,39,47,0,123,0,0,0,123
06/24/2017,CID,IA,ACE,CE,Combined TRACON& Tower with Radar,30,26,16,0,72,0,0,34,0,34,30,26,50,0,106,16,0,16,122
06/25/2017,CID,IA,ACE,CE,Combined TRACON& Tower with Radar,36,34,17,0,87,0,0,48,0,48,36,34,65,0,135,24,0,24,159
06/26/2017,CID,IA,ACE,CE,Combined TRACON& Tower with Radar,39,35,26,0,100,0,0,14,0,14,39,35,40,0,114,20,0,20,134
06/27/2017,CID,IA,ACE,CE,Combined TRACON& Tower with Radar,39,38,27,3,107,0,0,52,0,52,39,38,79,3,159,14,10,24,183
06/28/2017,CID,IA,ACE,CE,Combined TRACON& Tower with Radar,39,50,17,0,106,0,0,5,0,5,39,50,22,0,111,2,0,2,113
06/29/2017,CID,IA,ACE,CE,Combined TRACON& Tower with Radar,47,36,35,0,118,0,0,14,0,14,47,36,49,0,132,2,0,2,134
06/30/2017,CID,IA,ACE,CE,Combined TRACON& Tower with Radar,42,45,31,0,118,0,0,15,0,15,42,45,46,0,133,24,0,24,157
07/01/2017,CID,IA,ACE,CE,Combined TRACON& Tower with Radar,31,30,20,0,81,0,0,32,4,36,31,30,52,4,117,40,0,40,157
07/02/2017,CID,IA,ACE,CE,Combined TRACON& Tower with Radar,32,23,15,0,70,0,0,22,0,22,32,23,37,0,92,82,0,82,174
07/03/2017,CID,IA,ACE,CE,Combined TRACON& Tower with Radar,30,31,12,0,73,0,0,12,0,12,30,31,24,0,85,24,0,24,109
07/04/2017,CID,IA,ACE,CE,Combined TRACON& Tower with Radar,22,26,8,0,56,0,0,22,0,22,22,26,30,0,78,42,0,42,120
07/05/2017,CID,IA,ACE,CE,Combined TRACON& Tower with Radar,41,37,12,0,90,0,0,11,0,11,41,37,23,0,101,4,0,4,105
07/06/2017,CID,IA,ACE,CE,Combined TRACON& Tower with Radar,44,36,23,0,103,0,0,27,0,27,44,36,50,0,130,48,0,48,178
07/07/2017,CID,IA,ACE,CE,Combined TRACON& Tower with Radar,40,37,18,0,95,0,0,24,0,24,40,37,42,0,119,10,0,10,129
07/08/2017,CID,IA,ACE,CE,Combined TRACON& Tower with Radar,33,25,22,0,80,0,0,53,0,53,33,25,75,0,133,64,0,64,197
07/09/2017,CID,IA,ACE,CE,Combined TRACON& Tower with Radar,33,43,20,0,96,0,0,35,0,35,33,43,55,0,131,36,0,36,167
07/10/2017,CID,IA,ACE,CE,Combined TRACON& Tower with Radar,34,33,27,2,96,1,0,12,0,13,35,33,39,2,109,8,0,8,117
07/11/2017,CID,IA,ACE,CE,Combined TRACON& Tower with Radar,39,47,24,0,110,0,1,27,0,28,39,48,51,0,138,20,0,20,158
07/12/2017,CID,IA,ACE,CE,Combined TRACON& Tower with Radar,38,33,34,0,105,0,0,13,0,13,38,33,47,0,118,22,0,22,140
07/13/2017,CID,IA,ACE,CE,Combined TRACON& Tower with Radar,44,35,29,0,108,0,0,26,0,26,44,35,55,0,134,12,0,12,146
07/14/2017,CID,IA,ACE,CE,Combined TRACON& Tower with Radar,38,36,26,0,100,0,0,31,0,31,38,36,57,0,131,50,0,50,181
07/15/2017,CID,IA,ACE,CE,Combined TRACON& Tower with Radar,32,29,14,0,75,0,0,168,0,168,32,29,182,0,243,16,0,16,259
07/16/2017,CID,IA,ACE,CE,Combined TRACON& Tower with Radar,34,41,21,0,96,0,0,24,0,24,34,41,45,0,120,26,0,26,146
07/17/2017,CID,IA,ACE,CE,Combined TRACON& Tower with Radar,33,37,31,0,101,0,1,42,0,43,33,38,73,0,144,224,0,224,368
07/18/2017,CID,IA,ACE,CE,Combined TRACON& Tower with Radar,43,41,34,2,120,0,0,18,0,18,43,41,52,2,138,6,0,6,144
07/19/2017,CID,IA,ACE,CE,Combined TRACON& Tower with Radar,39,43,31,0,113,0,0,18,0,18,39,43,49,0,131,70,0,70,201
07/20/2017,CID,IA,ACE,CE,Combined TRACON& Tower with Radar,45,40,24,0,109,0,0,16,6,22,45,40,40,6,131,14,0,14,145
07/21/2017,CID,IA,ACE,CE,Combined TRACON& Tower with Radar,40,36,31,0,107,0,3,16,0,19,40,39,47,0,126,0,0,0,126
07/22/2017,CID,IA,ACE,CE,Combined TRACON& Tower with Radar,29,24,28,2,83,0,0,21,0,21,29,24,49,2,104,20,0,20,124
07/23/2017,CID,IA,ACE,CE,Combined TRACON& Tower with Radar,37,33,24,0,94,0,0,33,0,33,37,33,57,0,127,64,0,64,191
07/24/2017,CID,IA,ACE,CE,Combined TRACON& Tower with Radar,38,34,30,0,102,0,0,23,0,23,38,34,53,0,125,26,0,26,151
07/25/2017,CID,IA,ACE,CE,Combined TRACON& Tower with Radar,45,37,25,0,107,0,0,35,0,35,45,37,60,0,142,64,0,64,206
07/26/2017,CID,IA,ACE,CE,Combined TRACON& Tower with Radar,41,40,18,2,101,0,0,6,0,6,41,40,24,2,107,40,0,40,147
07/27/2017,CID,IA,ACE,CE,Combined TRACON& Tower with Radar,47,35,27,3,112,0,0,19,0,19,47,35,46,3,131,26,0,26,157
07/28/2017,CID,IA,ACE,CE,Combined TRACON& Tower with Radar,43,34,30,0,107,0,0,100,0,100,43,34,130,0,207,0,0,0,207
07/29/2017,CID,IA,ACE,CE,Combined TRACON& Tower with Radar,30,23,7,0,60,0,0,41,0,41,30,23,48,0,101,60,0,60,161
07/30/2017,CID,IA,ACE,CE,Combined TRACON& Tower with Radar,35,32,18,0,85,0,0,42,0,42,35,32,60,0,127,68,0,68,195
07/31/2017,CID,IA,ACE,CE,Combined TRACON& Tower with Radar,41,35,21,0,97,0,0,34,2,36,41,35,55,2,133,108,0,108,241
08/01/2017,CID,IA,ACE,CE,Combined TRACON& Tower with Radar,40,42,28,0,110,0,0,34,0,34,40,42,62,0,144,66,0,66,210
08/02/2017,CID,IA,ACE,CE,Combined TRACON& Tower with Radar,37,42,23,0,102,0,0,28,0,28,37,42,51,0,130,16,0,16,146
08/03/2017,CID,IA,ACE,CE,Combined TRACON& Tower with Radar,38,41,14,0,93,0,0,8,0,8,38,41,22,0,101,0,0,0,101
08/04/2017,CID,IA,ACE,CE,Combined TRACON& Tower with Radar,35,30,21,1,87,0,0,29,1,30,35,30,50,2,117,18,0,18,135
08/05/2017,CID,IA,ACE,CE,Combined TRACON& Tower with Radar,29,26,29,0,84,0,1,52,0,53,29,27,81,0,137,62,0,62,199
08/06/2017,CID,IA,ACE,CE,Combined TRACON& Tower with Radar,30,42,18,0,90,0,0,26,0,26,30,42,44,0,116,6,0,6,122
08/07/2017,CID,IA,ACE,CE,Combined TRACON& Tower with Radar,35,35,23,7,100,0,0,39,0,39,35,35,62,7,139,44,0,44,183
08/08/2017,CID,IA,ACE,CE,Combined TRACON& Tower with Radar,41,36,18,0,95,0,0,33,0,33,41,36,51,0,128,38,0,38,166
08/09/2017,CID,IA,ACE,CE,Combined TRACON& Tower with Radar,39,38,26,0,103,0,0,30,0,30,39,38,56,0,133,82,0,82,215
08/10/2017,CID,IA,ACE,CE,Combined TRACON& Tower with Radar,45,40,20,2,107,4,0,18,0,22,49,40,38,2,129,0,0,0,129
08/11/2017,CID,IA,ACE,CE,Combined TRACON& Tower with Radar,38,39,19,0,96,0,0,14,0,14,38,39,33,0,110,42,0,42,152
08/12/2017,CID,IA,ACE,CE,Combined TRACON& Tower with Radar,31,26,24,0,81,0,0,46,0,46,31,26,70,0,127,36,0,36,163
08/13/2017,CID,IA,ACE,CE,Combined TRACON& Tower with Radar,34,35,19,0,88,0,0,21,0,21,34,35,40,0,109,14,0,14,123
08/14/2017,CID,IA,ACE,CE,Combined TRACON& Tower with Radar,32,40,20,0,92,0,0,19,0,19,32,40,39,0,111,16,0,16,127
08/15/2017,CID,IA,ACE,CE,Combined TRACON& Tower with Radar,36,39,33,0,108,0,0,13,0,13,36,39,46,0,121,10,0,10,131
08/16/2017,CID,IA,ACE,CE,Combined TRACON& Tower with Radar,33,40,17,0,90,0,0,10,0,10,33,40,27,0,100,16,0,16,116
08/17/2017,CID,IA,ACE,CE,Combined TRACON& Tower with Radar,45,40,27,4,116,0,0,14,0,14,45,40,41,4,130,30,0,30,160
08/18/2017,CID,IA,ACE,CE,Combined TRACON& Tower with Radar,38,39,33,0,110,0,0,31,0,31,38,39,64,0,141,56,0,56,197
08/19/2017,CID,IA,ACE,CE,Combined TRACON& Tower with Radar,21,28,10,0,59,0,0,41,0,41,21,28,51,0,100,44,0,44,144
08/20/2017,CID,IA,ACE,CE,Combined TRACON& Tower with Radar,32,42,18,0,92,0,0,33,0,33,32,42,51,0,125,24,0,24,149
08/21/2017,CID,IA,ACE,CE,Combined TRACON& Tower with Radar,32,42,18,0,92,0,0,20,0,20,32,42,38,0,112,10,0,10,122
08/22/2017,CID,IA,ACE,CE,Combined TRACON& Tower with Radar,38,41,23,0,102,0,1,18,0,19,38,42,41,0,121,58,0,58,179
08/23/2017,CID,IA,ACE,CE,Combined TRACON& Tower with Radar,33,42,45,0,120,0,0,41,0,41,33,42,86,0,161,46,0,46,207
08/24/2017,CID,IA,ACE,CE,Combined TRACON& Tower with Radar,49,39,25,0,113,0,0,23,0,23,49,39,48,0,136,18,0,18,154
08/25/2017,CID,IA,ACE,CE,Combined TRACON& Tower with Radar,37,36,18,5,96,0,0,44,0,44,37,36,62,5,140,44,4,48,188
08/26/2017,CID,IA,ACE,CE,Combined TRACON& Tower with Radar,25,19,8,0,52,0,0,38,0,38,25,19,46,0,90,18,0,18,108
08/27/2017,CID,IA,ACE,CE,Combined TRACON& Tower with Radar,34,32,15,0,81,0,0,15,0,15,34,32,30,0,96,38,0,38,134
08/28/2017,CID,IA,ACE,CE,Combined TRACON& Tower with Radar,37,33,19,0,89,0,0,12,0,12,37,33,31,0,101,4,0,4,105
08/29/2017,CID,IA,ACE,CE,Combined TRACON& Tower with Radar,40,35,32,0,107,0,1,25,0,26,40,36,57,0,133,44,0,44,177
08/30/2017,CID,IA,ACE,CE,Combined TRACON& Tower with Radar,37,37,27,3,104,0,0,17,0,17,37,37,44,3,121,18,0,18,139
08/31/2017,CID,IA,ACE,CE,Combined TRACON& Tower with Radar,48,40,27,0,115,0,0,9,0,9,48,40,36,0,124,6,0,6,130
09/01/2017,CID,IA,ACE,CE,Combined TRACON& Tower with Radar,41,35,42,0,118,0,0,24,0,24,41,35,66,0,142,26,0,26,168
09/02/2017,CID,IA,ACE,CE,Combined TRACON& Tower with Radar,30,18,17,0,65,0,0,23,0,23,30,18,40,0,88,6,0,6,94
09/03/2017,CID,IA,ACE,CE,Combined TRACON& Tower with Radar,37,15,15,0,67,0,0,27,0,27,37,15,42,0,94,6,0,6,100
09/04/2017,CID,IA,ACE,CE,Combined TRACON& Tower with Radar,30,26,19,0,75,0,0,29,0,29,30,26,48,0,104,0,0,0,104
09/05/2017,CID,IA,ACE,CE,Combined TRACON& Tower with Radar,35,38,23,2,98,0,0,7,0,7,35,38,30,2,105,14,0,14,119
09/06/2017,CID,IA,ACE,CE,Combined TRACON& Tower with Radar,34,31,33,1,99,0,0,24,1,25,34,31,57,2,124,24,0,24,148
09/07/2017,CID,IA,ACE,CE,Combined TRACON& Tower with Radar,49,30,36,0,115,0,0,37,0,37,49,30,73,0,152,12,0,12,164
09/08/2017,CID,IA,ACE,CE,Combined TRACON& Tower with Radar,41,30,25,0,96,0,0,29,0,29,41,30,54,0,125,6,0,6,131
09/09/2017,CID,IA,ACE,CE,Combined TRACON& Tower with Radar,25,18,16,0,59,0,0,33,0,33,25,18,49,0,92,32,0,32,124
09/10/2017,CID,IA,ACE,CE,Combined TRACON& Tower with Radar,38,28,13,0,79,0,0,50,0,50,38,28,63,0,129,4,0,4,133
09/11/2017,CID,IA,ACE,CE,Combined TRACON& Tower with Radar,29,33,20,0,82,0,0,28,0,28,29,33,48,0,110,38,0,38,148
09/12/2017,CID,IA,ACE,CE,Combined TRACON& Tower with Radar,40,34,40,0,114,0,0,16,0,16,40,34,56,0,130,62,0,62,192
09/13/2017,CID,IA,ACE,CE,Combined TRACON& Tower with Radar,39,34,42,0,115,0,0,34,0,34,39,34,76,0,149,82,0,82,231
09/14/2017,CID,IA,ACE,CE,Combined TRACON& Tower with Radar,52,38,38,0,128,0,0,19,0,19,52,38,57,0,147,2,0,2,149
09/15/2017,CID,IA,ACE,CE,Combined TRACON& Tower with Radar,43,32,39,0,114,0,1,26,0,27,43,33,65,0,141,6,0,6,147
09/16/2017,CID,IA,ACE,CE,Combined TRACON& Tower with Radar,28,26,27,0,81,0,0,34,0,34,28,26,61,0,115,22,0,22,137
09/17/2017,CID,IA,ACE,CE,Combined TRACON& Tower with Radar,38,34,31,0,103,0,0,20,2,22,38,34,51,2,125,4,0,4,129
09/18/2017,CID,IA,ACE,CE,Combined TRACON& Tower with Radar,39,28,20,0,87,0,0,14,0,14,39,28,34,0,101,26,0,26,127
09/19/2017,CID,IA,ACE,CE,Combined TRACON& Tower with Radar,39,33,38,0,110,0,0,16,0,16,39,33,54,0,126,46,0,46,172
09/20/2017,CID,IA,ACE,CE,Combined TRACON& Tower with Radar,37,36,17,0,90,0,0,19,0,19,37,36,36,0,109,16,0,16,125
09/21/2017,CID,IA,ACE,CE,Combined TRACON& Tower with Radar,53,41,24,0,118,0,0,16,0,16,53,41,40,0,134,0,0,0,134
09/22/2017,CID,IA,ACE,CE,Combined TRACON& Tower with Radar,41,32,23,0,96,0,1,28,0,29,41,33,51,0,125,0,0,0,125
09/23/2017,CID,IA,ACE,CE,Combined TRACON& Tower with Radar,24,26,23,0,73,0,0,43,0,43,24,26,66,0,116,54,0,54,170
09/24/2017,CID,IA,ACE,CE,Combined TRACON& Tower with Radar,38,29,25,0,92,0,0,33,0,33,38,29,58,0,125,40,0,40,165
09/25/2017,CID,IA,ACE,CE,Combined TRACON& Tower with Radar,40,31,14,0,85,0,0,8,0,8,40,31,22,0,93,6,0,6,99
09/26/2017,CID,IA,ACE,CE,Combined TRACON& Tower with Radar,47,30,33,0,110,0,0,8,0,8,47,30,41,0,118,30,0,30,148
09/27/2017,CID,IA,ACE,CE,Combined TRACON& Tower with Radar,42,30,22,0,94,0,0,29,0,29,42,30,51,0,123,48,0,48,171
09/28/2017,CID,IA,ACE,CE,Combined TRACON& Tower with Radar,53,35,23,0,111,0,0,42,0,42,53,35,65,0,153,18,0,18,171
09/29/2017,CID,IA,ACE,CE,Combined TRACON& Tower with Radar,46,33,32,0,111,0,0,28,0,28,46,33,60,0,139,22,0,22,161
09/30/2017,CID,IA,ACE,CE,Combined TRACON& Tower with Radar,25,22,13,0,60,0,0,35,0,35,25,22,48,0,95,0,0,0,95
10/01/2017,CID,IA,ACE,CE,Combined TRACON& Tower with Radar,37,31,11,0,79,0,0,20,0,20,37,31,31,0,99,0,0,0,99
10/02/2017,CID,IA,ACE,CE,Combined TRACON& Tower with Radar,41,32,9,2,84,0,0,13,0,13,41,32,22,2,97,16,0,16,113
10/03/2017,CID,IA,ACE,CE,Combined TRACON& Tower with Radar,50,30,34,0,114,0,0,9,0,9,50,30,43,0,123,8,0,8,131
10/04/2017,CID,IA,ACE,CE,Combined TRACON& Tower with Radar,42,30,31,0,103,0,0,42,0,42,42,30,73,0,145,56,0,56,201
10/05/2017,CID,IA,ACE,CE,Combined TRACON& Tower with Radar,48,32,29,12,121,0,0,17,2,19,48,32,46,14,140,20,10,30,170
10/06/2017,CID,IA,ACE,CE,Combined TRACON& Tower with Radar,41,38,24,0,103,0,0,6,0,6,41,38,30,0,109,0,0,0,109
10/07/2017,CID,IA,ACE,CE,Combined TRACON& Tower with Radar,29,25,15,0,69,0,0,2,0,2,29,25,17,0,71,0,0,0,71
10/08/2017,CID,IA,ACE,CE,Combined TRACON& Tower with Radar,30,28,20,0,78,0,0,42,0,42,30,28,62,0,120,78,0,78,198
10/09/2017,CID,IA,ACE,CE,Combined TRACON& Tower with Radar,37,40,17,0,94,0,0,19,0,19,37,40,36,0,113,28,0,28,141
10/10/2017,CID,IA,ACE,CE,Combined TRACON& Tower with Radar,41,33,19,2,95,0,0,1,0,1,41,33,20,2,96,0,0,0,96
10/11/2017,CID,IA,ACE,CE,Combined TRACON& Tower with Radar,41,34,20,0,95,0,0,0,0,0,41,34,20,0,95,0,0,0,95
10/12/2017,CID,IA,ACE,CE,Combined TRACON& Tower with Radar,43,38,28,0,109,0,0,4,0,4,43,38,32,0,113,8,0,8,121
10/13/2017,CID,IA,ACE,CE,Combined TRACON& Tower with Radar,42,38,17,0,97,0,0,7,0,7,42,38,24,0,104,0,0,0,104
10/14/2017,CID,IA,ACE,CE,Combined TRACON& Tower with Radar,24,25,9,0,58,0,0,0,0,0,24,25,9,0,58,0,0,0,58
10/15/2017,CID,IA,ACE,CE,Combined TRACON& Tower with Radar,30,32,12,0,74,0,0,6,0,6,30,32,18,0,80,14,0,14,94
10/16/2017,CID,IA,ACE,CE,Combined TRACON& Tower with Radar,38,36,36,0,110,0,0,40,0,40,38,36,76,0,150,28,0,28,178
10/17/2017,CID,IA,ACE,CE,Combined TRACON& Tower with Radar,43,41,28,0,112,0,6,51,0,57,43,47,79,0,169,54,0,54,223
10/18/2017,CID,IA,ACE,CE,Combined TRACON& Tower with Radar,40,39,17,0,96,0,0,31,0,31,40,39,48,0,127,30,0,30,157
10/19/2017,CID,IA,ACE,CE,Combined TRACON& Tower with Radar,46,33,33,0,112,0,0,47,0,47,46,33,80,0,159,64,0,64,223
10/20/2017,CID,IA,ACE,CE,Combined TRACON& Tower with Radar,42,36,18,2,98,0,0,31,0,31,42,36,49,2,129,18,0,18,147
10/21/2017,CID,IA,ACE,CE,Combined TRACON& Tower with Radar,27,26,10,0,63,0,0,14,0,14,27,26,24,0,77,14,0,14,91
10/22/2017,CID,IA,ACE,CE,Combined TRACON& Tower with Radar,32,28,22,2,84,0,0,25,0,25,32,28,47,2,109,58,0,58,167
10/23/2017,CID,IA,ACE,CE,Combined TRACON& Tower with Radar,36,38,21,0,95,0,0,16,2,18,36,38,37,2,113,18,0,18,131
10/24/2017,CID,IA,ACE,CE,Combined TRACON& Tower with Radar,38,33,32,0,103,0,0,12,0,12,38,33,44,0,115,0,8,8,123
10/25/2017,CID,IA,ACE,CE,Combined TRACON& Tower with Radar,40,35,39,0,114,0,1,45,1,47,40,36,84,1,161,26,0,26,187
10/26/2017,CID,IA,ACE,CE,Combined TRACON& Tower with Radar,44,37,19,0,100,0,0,17,0,17,44,37,36,0,117,48,0,48,165
10/27/2017,CID,IA,ACE,CE,Combined TRACON& Tower with Radar,42,38,20,0,100,0,0,3,0,3,42,38,23,0,103,0,0,0,103
10/28/2017,CID,IA,ACE,CE,Combined TRACON& Tower with Radar,28,25,7,0,60,0,0,19,0,19,28,25,26,0,79,0,0,0,79
10/29/2017,CID,IA,ACE,CE,Combined TRACON& Tower with Radar,28,39,13,0,80,0,0,44,0,44,28,39,57,0,124,58,0,58,182
10/30/2017,CID,IA,ACE,CE,Combined TRACON& Tower with Radar,40,26,25,0,91,0,0,1,0,1,40,26,26,0,92,0,0,0,92
10/31/2017,CID,IA,ACE,CE,Combined TRACON& Tower with Radar,37,26,23,0,86,0,0,22,0,22,37,26,45,0,108,10,0,10,118
11/01/2017,CID,IA,ACE,CE,Combined TRACON& Tower with Radar,45,35,31,2,113,0,0,13,0,13,45,35,44,2,126,4,0,4,130
11/02/2017,CID,IA,ACE,CE,Combined TRACON& Tower with Radar,37,43,35,0,115,0,0,18,0,18,37,43,53,0,133,36,0,36,169
11/03/2017,CID,IA,ACE,CE,Combined TRACON& Tower with Radar,41,39,23,0,103,0,0,32,0,32,41,39,55,0,135,20,0,20,155
11/04/2017,CID,IA,ACE,CE,Combined TRACON& Tower with Radar,32,28,33,2,95,0,0,2,0,2,32,28,35,2,97,0,0,0,97
11/05/2017,CID,IA,ACE,CE,Combined TRACON& Tower with Radar,33,35,14,0,82,0,0,2,0,2,33,35,16,0,84,0,0,0,84
11/06/2017,CID,IA,ACE,CE,Combined TRACON& Tower with Radar,30,41,16,0,87,0,0,19,0,19,30,41,35,0,106,30,0,30,136
11/07/2017,CID,IA,ACE,CE,Combined TRACON& Tower with Radar,32,38,22,0,92,0,0,24,0,24,32,38,46,0,116,68,0,68,184
11/08/2017,CID,IA,ACE,CE,Combined TRACON& Tower with Radar,39,38,40,2,119,0,0,42,0,42,39,38,82,2,161,34,0,34,195
11/09/2017,CID,IA,ACE,CE,Combined TRACON& Tower with Radar,40,41,36,2,119,0,0,13,0,13,40,41,49,2,132,30,0,30,162
11/10/2017,CID,IA,ACE,CE,Combined TRACON& Tower with Radar,38,38,49,0,125,0,0,39,0,39,38,38,88,0,164,2,0,2,166
11/11/2017,CID,IA,ACE,CE,Combined TRACON& Tower with Radar,32,20,24,0,76,0,0,27,0,27,32,20,51,0,103,22,0,22,125
11/12/2017,CID,IA,ACE,CE,Combined TRACON& Tower with Radar,26,34,23,0,83,0,0,5,0,5,26,34,28,0,88,6,0,6,94
11/13/2017,CID,IA,ACE,CE,Combined TRACON& Tower with Radar,30,33,21,0,84,0,0,5,0,5,30,33,26,0,89,0,0,0,89
11/14/2017,CID,IA,ACE,CE,Combined TRACON& Tower with Radar,31,40,28,0,99,0,0,6,0,6,31,40,34,0,105,0,0,0,105
11/15/2017,CID,IA,ACE,CE,Combined TRACON& Tower with Radar,37,36,27,0,100,0,0,17,0,17,37,36,44,0,117,12,0,12,129
11/16/2017,CID,IA,ACE,CE,Combined TRACON& Tower with Radar,39,38,21,2,100,0,0,15,0,15,39,38,36,2,115,42,0,42,157
11/17/2017,CID,IA,ACE,CE,Combined TRACON& Tower with Radar,40,39,23,0,102,0,0,6,0,6,40,39,29,0,108,0,0,0,108
11/18/2017,CID,IA,ACE,CE,Combined TRACON& Tower with Radar,30,24,5,0,59,0,0,2,0,2,30,24,7,0,61,20,0,20,81
11/19/2017,CID,IA,ACE,CE,Combined TRACON& Tower with Radar,23,30,13,0,66,0,0,55,0,55,23,30,68,0,121,84,0,84,205
11/20/2017,CID,IA,ACE,CE,Combined TRACON& Tower with Radar,33,33,11,0,77,0,0,22,0,22,33,33,33,0,99,4,0,4,103
11/21/2017,CID,IA,ACE,CE,Combined TRACON& Tower with Radar,37,33,22,0,92,0,0,13,0,13,37,33,35,0,105,68,0,68,173
11/22/2017,CID,IA,ACE,CE,Combined TRACON& Tower with Radar,39,36,25,0,100,0,0,52,0,52,39,36,77,0,152,18,0,18,170
11/23/2017,CID,IA,ACE,CE,Combined TRACON& Tower with Radar,18,17,4,0,39,0,0,16,0,16,18,17,20,0,55,6,0,6,61
11/24/2017,CID,IA,ACE,CE,Combined TRACON& Tower with Radar,38,22,12,0,72,0,0,12,0,12,38,22,24,0,84,0,0,0,84
11/25/2017,CID,IA,ACE,CE,Combined TRACON& Tower with Radar,36,33,11,0,80,0,0,24,0,24,36,33,35,0,104,0,0,0,104
11/26/2017,CID,IA,ACE,CE,Combined TRACON& Tower with Radar,30,32,10,0,72,0,0,37,0,37,30,32,47,0,109,18,0,18,127
11/27/2017,CID,IA,ACE,CE,Combined TRACON& Tower with Radar,35,37,7,0,79,0,0,11,0,11,35,37,18,0,90,40,0,40,130
11/28/2017,CID,IA,ACE,CE,Combined TRACON& Tower with Radar,33,32,31,2,98,0,0,26,0,26,33,32,57,2,124,12,0,12,136
11/29/2017,CID,IA,ACE,CE,Combined TRACON& Tower with Radar,38,35,23,0,96,0,0,40,0,40,38,35,63,0,136,16,0,16,152
11/30/2017,CID,IA,ACE,CE,Combined TRACON& Tower with Radar,37,35,23,0,95,0,0,26,0,26,37,35,49,0,121,8,0,8,129
12/01/2017,CID,IA,ACE,CE,Combined TRACON& Tower with Radar,39,40,27,0,106,0,0,32,0,32,39,40,59,0,138,70,0,70,208
12/02/2017,CID,IA,ACE,CE,Combined TRACON& Tower with Radar,30,20,14,2,66,0,1,49,0,50,30,21,63,2,116,50,0,50,166
12/03/2017,CID,IA,ACE,CE,Combined TRACON& Tower with Radar,26,29,11,0,66,0,0,47,0,47,26,29,58,0,113,96,0,96,209
12/04/2017,CID,IA,ACE,CE,Combined TRACON& Tower with Radar,35,28,11,0,74,0,0,0,0,0,35,28,11,0,74,0,0,0,74
12/05/2017,CID,IA,ACE,CE,Combined TRACON& Tower with Radar,33,35,17,0,85,0,0,2,0,2,33,35,19,0,87,6,0,6,93
12/06/2017,CID,IA,ACE,CE,Combined TRACON& Tower with Radar,37,32,19,0,88,0,0,17,0,17,37,32,36,0,105,22,0,22,127
12/07/2017,CID,IA,ACE,CE,Combined TRACON& Tower with Radar,37,36,12,2,87,0,0,23,0,23,37,36,35,2,110,22,0,22,132
12/08/2017,CID,IA,ACE,CE,Combined TRACON& Tower with Radar,39,32,23,0,94,0,0,42,0,42,39,32,65,0,136,36,0,36,172
12/09/2017,CID,IA,ACE,CE,Combined TRACON& Tower with Radar,28,16,3,0,47,0,0,11,0,11,28,16,14,0,58,14,0,14,72
12/10/2017,CID,IA,ACE,CE,Combined TRACON& Tower with Radar,25,29,15,0,69,0,0,27,0,27,25,29,42,0,96,44,0,44,140
12/11/2017,CID,IA,ACE,CE,Combined TRACON& Tower with Radar,30,37,16,0,83,0,0,3,0,3,30,37,19,0,86,0,0,0,86
12/12/2017,CID,IA,ACE,CE,Combined TRACON& Tower with Radar,32,33,27,0,92,0,0,15,0,15,32,33,42,0,107,40,0,40,147
12/13/2017,CID,IA,ACE,CE,Combined TRACON& Tower with Radar,34,33,29,0,96,0,0,6,0,6,34,33,35,0,102,0,0,0,102
12/14/2017,CID,IA,ACE,CE,Combined TRACON& Tower with Radar,38,32,17,0,87,0,0,12,0,12,38,32,29,0,99,16,0,16,115
12/15/2017,CID,IA,ACE,CE,Combined TRACON& Tower with Radar,40,34,12,0,86,0,0,7,0,7,40,34,19,0,93,12,0,12,105
12/16/2017,CID,IA,ACE,CE,Combined TRACON& Tower with Radar,31,16,22,0,69,0,0,52,0,52,31,16,74,0,121,22,0,22,143
12/17/2017,CID,IA,ACE,CE,Combined TRACON& Tower with Radar,26,29,6,0,61,0,0,6,0,6,26,29,12,0,67,0,0,0,67
12/18/2017,CID,IA,ACE,CE,Combined TRACON& Tower with Radar,30,32,26,0,88,0,0,29,0,29,30,32,55,0,117,34,0,34,151
12/19/2017,CID,IA,ACE,CE,Combined TRACON& Tower with Radar,39,35,22,0,96,0,0,39,0,39,39,35,61,0,135,56,0,56,191
12/20/2017,CID,IA,ACE,CE,Combined TRACON& Tower with Radar,43,30,18,0,91,0,0,32,0,32,43,30,50,0,123,46,0,46,169
12/21/2017,CID,IA,ACE,CE,Combined TRACON& Tower with Radar,51,38,12,0,101,0,0,3,0,3,51,38,15,0,104,0,0,0,104
12/22/2017,CID,IA,ACE,CE,Combined TRACON& Tower with Radar,46,38,12,0,96,0,0,9,0,9,46,38,21,0,105,14,0,14,119
12/23/2017,CID,IA,ACE,CE,Combined TRACON& Tower with Radar,34,31,7,0,72,0,0,22,0,22,34,31,29,0,94,2,0,2,96
12/24/2017,CID,IA,ACE,CE,Combined TRACON& Tower with Radar,25,21,1,0,47,0,0,1,0,1,25,21,2,0,48,0,0,0,48
12/25/2017,CID,IA,ACE,CE,Combined TRACON& Tower with Radar,21,21,2,0,44,0,0,3,0,3,21,21,5,0,47,0,0,0,47
12/26/2017,CID,IA,ACE,CE,Combined TRACON& Tower with Radar,43,36,12,0,91,0,0,9,0,9,43,36,21,0,100,0,0,0,100
12/27/2017,CID,IA,ACE,CE,Combined TRACON& Tower with Radar,41,36,7,0,84,0,0,8,0,8,41,36,15,0,92,2,0,2,94
12/28/2017,CID,IA,ACE,CE,Combined TRACON& Tower with Radar,41,31,7,0,79,0,0,1,0,1,41,31,8,0,80,36,0,36,116
12/29/2017,CID,IA,ACE,CE,Combined TRACON& Tower with Radar,32,36,4,0,72,0,0,3,0,3,32,36,7,0,75,0,0,0,75
12/30/2017,CID,IA,ACE,CE,Combined TRACON& Tower with Radar,31,27,9,0,67,0,0,1,0,1,31,27,10,0,68,0,0,0,68
12/31/2017,CID,IA,ACE,CE,Combined TRACON& Tower with Radar,20,23,0,0,43,0,0,1,0,1,20,23,1,0,44,0,0,0,44
01/01/2018,CID,IA,ACE,CE,Combined TRACON& Tower with Radar,26,23,3,0,52,0,0,1,0,1,26,23,4,0,53,0,0,0,53
01/02/2018,CID,IA,ACE,CE,Combined TRACON& Tower with Radar,37,33,10,0,80,0,0,9,0,9,37,33,19,0,89,6,0,6,95
01/03/2018,CID,IA,ACE,CE,Combined TRACON& Tower with Radar,40,30,11,1,82,0,0,11,1,12,40,30,22,2,94,56,0,56,150
01/04/2018,CID,IA,ACE,CE,Combined TRACON& Tower with Radar,42,29,11,0,82,0,0,14,0,14,42,29,25,0,96,8,0,8,104
01/05/2018,CID,IA,ACE,CE,Combined TRACON& Tower with Radar,37,31,17,0,85,0,0,17,0,17,37,31,34,0,102,0,0,0,102
01/06/2018,CID,IA,ACE,CE,Combined TRACON& Tower with Radar,33,17,5,0,55,0,0,14,0,14,33,17,19,0,69,0,0,0,69
01/07/2018,CID,IA,ACE,CE,Combined TRACON& Tower with Radar,27,30,7,0,64,0,0,5,0,5,27,30,12,0,69,0,0,0,69
01/08/2018,CID,IA,ACE,CE,Combined TRACON& Tower with Radar,37,30,18,0,85,0,0,26,0,26,37,30,44,0,111,22,0,22,133
01/09/2018,CID,IA,ACE,CE,Combined TRACON& Tower with Radar,37,36,15,2,90,0,0,7,0,7,37,36,22,2,97,12,0,12,109
01/10/2018,CID,IA,ACE,CE,Combined TRACON& Tower with Radar,40,33,17,0,90,0,0,1,0,1,40,33,18,0,91,18,0,18,109
01/11/2018,CID,IA,ACE,CE,Combined TRACON& Tower with Radar,38,36,10,0,84,0,0,0,0,0,38,36,10,0,84,0,0,0,84
01/12/2018,CID,IA,ACE,CE,Combined TRACON& Tower with Radar,39,33,15,0,87,0,0,16,0,16,39,33,31,0,103,6,0,6,109
01/13/2018,CID,IA,ACE,CE,Combined TRACON& Tower with Radar,29,15,13,0,57,0,0,26,0,26,29,15,39,0,83,24,0,24,107
01/14/2018,CID,IA,ACE,CE,Combined TRACON& Tower with Radar,29,17,13,0,59,0,0,14,0,14,29,17,27,0,73,52,0,52,125
01/15/2018,CID,IA,ACE,CE,Combined TRACON& Tower with Radar,37,29,10,0,76,0,0,0,0,0,37,29,10,0,76,0,0,0,76
01/16/2018,CID,IA,ACE,CE,Combined TRACON& Tower with Radar,37,32,31,0,100,0,0,12,0,12,37,32,43,0,112,31,0,31,143
01/17/2018,CID,IA,ACE,CE,Combined TRACON& Tower with Radar,36,34,16,0,86,0,0,18,0,18,36,34,34,0,104,2,0,2,106
01/18/2018,CID,IA,ACE,CE,Combined TRACON& Tower with Radar,40,31,30,0,101,0,0,29,0,29,40,31,59,0,130,8,0,8,138
01/19/2018,CID,IA,ACE,CE,Combined TRACON& Tower with Radar,43,30,40,0,113,0,0,24,0,24,43,30,64,0,137,24,0,24,161
01/20/2018,CID,IA,ACE,CE,Combined TRACON& Tower with Radar,33,13,20,0,66,0,0,51,0,51,33,13,71,0,117,114,0,114,231
01/21/2018,CID,IA,ACE,CE,Combined TRACON& Tower with Radar,26,26,13,0,65,0,0,5,0,5,26,26,18,0,70,0,0,0,70
01/22/2018,CID,IA,ACE,CE,Combined TRACON& Tower with Radar,37,24,9,0,70,0,0,0,0,0,37,24,9,0,70,0,0,0,70
01/23/2018,CID,IA,ACE,CE,Combined TRACON& Tower with Radar,32,35,23,0,90,0,0,8,1,9,32,35,31,1,99,52,0,52,151
01/24/2018,CID,IA,ACE,CE,Combined TRACON& Tower with Radar,39,29,22,0,90,0,0,3,0,3,39,29,25,0,93,22,0,22,115
01/25/2018,CID,IA,ACE,CE,Combined TRACON& Tower with Radar,40,30,31,5,106,0,0,28,0,28,40,30,59,5,134,20,6,26,160
01/26/2018,CID,IA,ACE,CE,Combined TRACON& Tower with Radar,42,29,12,0,83,0,0,10,0,10,42,29,22,0,93,6,0,6,99
01/27/2018,CID,IA,ACE,CE,Combined TRACON& Tower with Radar,30,19,17,0,66,0,0,64,2,66,30,19,81,2,132,0,0,0,132
01/28/2018,CID,IA,ACE,CE,Combined TRACON& Tower with Radar,28,26,19,0,73,0,0,28,0,28,28,26,47,0,101,102,0,102,203
01/29/2018,CID,IA,ACE,CE,Combined TRACON& Tower with Radar,36,29,8,0,73,0,0,6,0,6,36,29,14,0,79,4,0,4,83
01/30/2018,CID,IA,ACE,CE,Combined TRACON& Tower with Radar,34,34,12,2,82,0,1,5,0,6,34,35,17,2,88,0,0,0,88
01/31/2018,CID,IA,ACE,CE,Combined TRACON& Tower with Radar,39,36,22,0,97,0,0,20,0,20,39,36,42,0,117,0,0,0,117
02/01/2018,CID,IA,ACE,CE,Combined TRACON& Tower with Radar,42,36,17,0,95,0,0,6,0,6,42,36,23,0,101,0,0,0,101
02/02/2018,CID,IA,ACE,CE,Combined TRACON& Tower with Radar,42,34,19,0,95,0,0,12,0,12,42,34,31,0,107,14,0,14,121
02/03/2018,CID,IA,ACE,CE,Combined TRACON& Tower with Radar,31,13,8,0,52,0,0,6,0,6,31,13,14,0,58,0,0,0,58
02/04/2018,CID,IA,ACE,CE,Combined TRACON& Tower with Radar,29,23,4,0,56,0,0,1,0,1,29,23,5,0,57,0,0,0,57
02/05/2018,CID,IA,ACE,CE,Combined TRACON& Tower with Radar,27,23,3,0,53,0,0,2,0,2,27,23,5,0,55,0,0,0,55
02/06/2018,CID,IA,ACE,CE,Combined TRACON& Tower with Radar,34,35,18,0,87,0,0,5,0,5,34,35,23,0,92,0,0,0,92
02/07/2018,CID,IA,ACE,CE,Combined TRACON& Tower with Radar,37,35,25,2,99,0,0,8,0,8,37,35,33,2,107,0,0,0,107
02/08/2018,CID,IA,ACE,CE,Combined TRACON& Tower with Radar,44,30,17,0,91,0,0,0,0,0,44,30,17,0,91,0,0,0,91
02/09/2018,CID,IA,ACE,CE,Combined TRACON& Tower with Radar,41,15,13,0,69,0,0,2,0,2,41,15,15,0,71,0,0,0,71
02/10/2018,CID,IA,ACE,CE,Combined TRACON& Tower with Radar,30,16,10,0,56,0,0,14,0,14,30,16,24,0,70,20,0,20,90
02/11/2018,CID,IA,ACE,CE,Combined TRACON& Tower with Radar,28,23,23,0,74,0,0,13,0,13,28,23,36,0,87,66,0,66,153
02/12/2018,CID,IA,ACE,CE,Combined TRACON& Tower with Radar,36,28,20,0,84,0,0,14,2,16,36,28,34,2,100,4,0,4,104
02/13/2018,CID,IA,ACE,CE,Combined TRACON& Tower with Radar,35,39,25,0,99,0,0,40,0,40,35,39,65,0,139,46,0,46,185
02/14/2018,CID,IA,ACE,CE,Combined TRACON& Tower with Radar,41,38,24,0,103,0,1,16,0,17,41,39,40,0,120,20,0,20,140
02/15/2018,CID,IA,ACE,CE,Combined TRACON& Tower with Radar,44,28,27,0,99,0,0,9,0,9,44,28,36,0,108,8,0,8,116
02/16/2018,CID,IA,ACE,CE,Combined TRACON& Tower with Radar,41,32,32,0,105,0,0,15,0,15,41,32,47,0,120,24,0,24,144
02/17/2018,CID,IA,ACE,CE,Combined TRACON& Tower with Radar,28,15,10,0,53,0,0,10,0,10,28,15,20,0,63,8,0,8,71
02/18/2018,CID,IA,ACE,CE,Combined TRACON& Tower with Radar,32,19,12,0,63,0,0,5,0,5,32,19,17,0,68,0,0,0,68
02/19/2018,CID,IA,ACE,CE,Combined TRACON& Tower with Radar,37,15,20,0,72,0,0,0,0,0,37,15,20,0,72,0,0,0,72
02/20/2018,CID,IA,ACE,CE,Combined TRACON& Tower with Radar,43,29,11,0,83,0,0,1,0,1,43,29,12,0,84,0,0,0,84
02/21/2018,CID,IA,ACE,CE,Combined TRACON& Tower with Radar,43,28,14,0,85,0,0,26,0,26,43,28,40,0,111,22,0,22,133
02/22/2018,CID,IA,ACE,CE,Combined TRACON& Tower with Radar,42,27,15,0,84,0,0,4,1,5,42,27,19,1,89,0,0,0,89
02/23/2018,CID,IA,ACE,CE,Combined TRACON& Tower with Radar,41,30,22,1,94,0,0,16,1,17,41,30,38,2,111,32,0,32,143
02/24/2018,CID,IA,ACE,CE,Combined TRACON& Tower with Radar,32,24,2,0,58,0,0,0,0,0,32,24,2,0,58,0,0,0,58
02/25/2018,CID,IA,ACE,CE,Combined TRACON& Tower with Radar,31,25,18,0,74,0,0,33,0,33,31,25,51,0,107,26,0,26,133
02/26/2018,CID,IA,ACE,CE,Combined TRACON& Tower with Radar,36,28,21,0,85,0,0,55,1,56,36,28,76,1,141,50,0,50,191
02/27/2018,CID,IA,ACE,CE,Combined TRACON& Tower with Radar,45,31,10,0,86,0,0,27,0,27,45,31,37,0,113,16,0,16,129
02/28/2018,CID,IA,ACE,CE,Combined TRACON& Tower with Radar,41,33,25,0,99,0,0,9,0,9,41,33,34,0,108,20,0,20,128
03/01/2018,CID,IA,ACE,CE,Combined TRACON& Tower with Radar,46,33,19,0,98,0,2,14,0,16,46,35,33,0,114,28,0,28,142
03/02/2018,CID,IA,ACE,CE,Combined TRACON& Tower with Radar,47,28,15,0,90,0,0,31,0,31,47,28,46,0,121,36,0,36,157
03/03/2018,CID,IA,ACE,CE,Combined TRACON& Tower with Radar,33,17,12,0,62,0,0,23,0,23,33,17,35,0,85,48,0,48,133
03/04/2018,CID,IA,ACE,CE,Combined TRACON& Tower with Radar,36,28,5,0,69,0,0,22,0,22,36,28,27,0,91,4,0,4,95
03/05/2018,CID,IA,ACE,CE,Combined TRACON& Tower with Radar,42,27,14,0,83,0,0,0,0,0,42,27,14,0,83,0,0,0,83
03/06/2018,CID,IA,ACE,CE,Combined TRACON& Tower with Radar,45,28,15,0,88,0,0,0,0,0,45,28,15,0,88,0,0,0,88
03/07/2018,CID,IA,ACE,CE,Combined TRACON& Tower with Radar,44,32,17,1,94,0,0,7,1,8,44,32,24,2,102,52,0,52,154
03/08/2018,CID,IA,ACE,CE,Combined TRACON& Tower with Radar,46,29,20,0,95,0,0,28,0,28,46,29,48,0,123,8,0,8,131
03/09/2018,CID,IA,ACE,CE,Combined TRACON& Tower with Radar,44,28,23,0,95,0,0,33,0,33,44,28,56,0,128,16,0,16,144
03/10/2018,CID,IA,ACE,CE,Combined TRACON& Tower with Radar,39,18,16,0,73,0,0,30,0,30,39,18,46,0,103,34,0,34,137
03/11/2018,CID,IA,ACE,CE,Combined TRACON& Tower with Radar,33,27,8,0,68,0,0,24,0,24,33,27,32,0,92,22,0,22,114
03/12/2018,CID,IA,ACE,CE,Combined TRACON& Tower with Radar,39,26,17,0,82,0,0,16,0,16,39,26,33,0,98,0,0,0,98
03/13/2018,CID,IA,ACE,CE,Combined TRACON& Tower with Radar,46,27,17,0,90,0,0,12,0,12,46,27,29,0,102,8,0,8,110
03/14/2018,CID,IA,ACE,CE,Combined TRACON& Tower with Radar,45,31,15,1,92,0,0,19,2,21,45,31,34,3,113,0,0,0,113
03/15/2018,CID,IA,ACE,CE,Combined TRACON& Tower with Radar,46,32,23,0,101,0,0,26,0,26,46,32,49,0,127,22,0,22,149
03/16/2018,CID,IA,ACE,CE,Combined TRACON& Tower with Radar,43,31,15,0,89,0,0,9,0,9,43,31,24,0,98,0,0,0,98
03/17/2018,CID,IA,ACE,CE,Combined TRACON& Tower with Radar,41,12,8,0,61,0,0,11,0,11,41,12,19,0,72,0,0,0,72
03/18/2018,CID,IA,ACE,CE,Combined TRACON& Tower with Radar,33,30,4,0,67,0,0,22,0,22,33,30,26,0,89,58,0,58,147
03/19/2018,CID,IA,ACE,CE,Combined TRACON& Tower with Radar,39,28,15,0,82,0,0,12,0,12,39,28,27,0,94,30,0,30,124
03/20/2018,CID,IA,ACE,CE,Combined TRACON& Tower with Radar,46,30,25,0,101,0,0,28,0,28,46,30,53,0,129,6,0,6,135
03/21/2018,CID,IA,ACE,CE,Combined TRACON& Tower with Radar,46,34,36,0,116,0,0,52,0,52,46,34,88,0,168,50,0,50,218
03/22/2018,CID,IA,ACE,CE,Combined TRACON& Tower with Radar,45,34,31,3,113,0,0,13,4,17,45,34,44,7,130,28,0,28,158
03/23/2018,CID,IA,ACE,CE,Combined TRACON& Tower with Radar,44,32,18,0,94,0,0,9,0,9,44,32,27,0,103,0,0,0,103
03/24/2018,CID,IA,ACE,CE,Combined TRACON& Tower with Radar,37,13,3,0,53,0,0,0,0,0,37,13,3,0,53,0,0,0,53
03/25/2018,CID,IA,ACE,CE,Combined TRACON& Tower with Radar,33,31,16,0,80,0,0,7,0,7,33,31,23,0,87,8,0,8,95
03/26/2018,CID,IA,ACE,CE,Combined TRACON& Tower with Radar,42,33,14,0,89,0,0,3,0,3,42,33,17,0,92,6,0,6,98
03/27/2018,CID,IA,ACE,CE,Combined TRACON& Tower with Radar,39,30,29,0,98,0,0,4,0,4,39,30,33,0,102,0,0,0,102
03/28/2018,CID,IA,ACE,CE,Combined TRACON& Tower with Radar,46,29,24,0,99,0,0,13,0,13,46,29,37,0,112,12,0,12,124
03/29/2018,CID,IA,ACE,CE,Combined TRACON& Tower with Radar,45,27,23,1,96,0,0,23,1,24,45,27,46,2,120,26,2,28,148
03/30/2018,CID,IA,ACE,CE,Combined TRACON& Tower with Radar,41,28,15,0,84,0,0,40,0,40,41,28,55,0,124,56,0,56,180
03/31/2018,CID,IA,ACE,CE,Combined TRACON& Tower with Radar,35,11,3,0,49,0,0,0,0,0,35,11,3,0,49,0,0,0,49
04/01/2018,CID,IA,ACE,CE,Combined TRACON& Tower with Radar,29,25,5,0,59,0,0,16,0,16,29,25,21,0,75,4,0,4,79
04/02/2018,CID,IA,ACE,CE,Combined TRACON& Tower with Radar,38,25,30,0,93,0,0,8,0,8,38,25,38,0,101,40,0,40,141
04/03/2018,CID,IA,ACE,CE,Combined TRACON& Tower with Radar,43,22,18,0,83,0,0,0,0,0,43,22,18,0,83,0,0,0,83
04/04/2018,CID,IA,ACE,CE,Combined TRACON& Tower with Radar,37,27,22,1,87,0,0,26,1,27,37,27,48,2,114,26,0,26,140
04/05/2018,CID,IA,ACE,CE,Combined TRACON& Tower with Radar,46,24,27,0,97,0,0,10,0,10,46,24,37,0,107,16,0,16,123
04/06/2018,CID,IA,ACE,CE,Combined TRACON& Tower with Radar,43,24,11,0,78,0,0,10,0,10,43,24,21,0,88,0,0,0,88
04/07/2018,CID,IA,ACE,CE,Combined TRACON& Tower with Radar,33,16,12,0,61,0,0,46,0,46,33,16,58,0,107,48,0,48,155
04/08/2018,CID,IA,ACE,CE,Combined TRACON& Tower with Radar,28,23,14,0,65,0,0,11,0,11,28,23,25,0,76,18,0,18,94
04/09/2018,CID,IA,ACE,CE,Combined TRACON& Tower with Radar,40,23,19,0,82,0,0,3,0,3,40,23,22,0,85,24,0,24,109
04/10/2018,CID,IA,ACE,CE,Combined TRACON& Tower with Radar,43,27,13,2,85,0,0,22,0,22,43,27,35,2,107,0,0,0,107
04/11/2018,CID,IA,ACE,CE,Combined TRACON& Tower with Radar,40,26,24,0,90,0,0,25,0,25,40,26,49,0,115,20,0,20,135
04/12/2018,CID,IA,ACE,CE,Combined TRACON& Tower with Radar,44,28,15,0,87,0,0,46,0,46,44,28,61,0,133,46,0,46,179
04/13/2018,CID,IA,ACE,CE,Combined TRACON& Tower with Radar,44,26,23,0,93,0,0,4,0,4,44,26,27,0,97,0,0,0,97
04/14/2018,CID,IA,ACE,CE,Combined TRACON& Tower with Radar,28,15,2,0,45,0,0,0,0,0,28,15,2,0,45,0,0,0,45
04/15/2018,CID,IA,ACE,CE,Combined TRACON& Tower with Radar,34,20,5,0,59,0,0,0,0,0,34,20,5,0,59,0,0,0,59
04/16/2018,CID,IA,ACE,CE,Combined TRACON& Tower with Radar,41,23,10,0,74,0,0,11,0,11,41,23,21,0,85,34,0,34,119
04/17/2018,CID,IA,ACE,CE,Combined TRACON& Tower with Radar,48,30,41,0,119,0,0,38,0,38,48,30,79,0,157,22,0,22,179
04/18/2018,CID,IA,ACE,CE,Combined TRACON& Tower with Radar,43,28,12,0,83,0,0,0,0,0,43,28,12,0,83,0,0,0,83
04/19/2018,CID,IA,ACE,CE,Combined TRACON& Tower with Radar,46,25,24,2,97,0,3,27,0,30,46,28,51,2,127,26,0,26,153
04/20/2018,CID,IA,ACE,CE,Combined TRACON& Tower with Radar,44,25,20,0,89,0,0,45,0,45,44,25,65,0,134,38,0,38,172
04/21/2018,CID,IA,ACE,CE,Combined TRACON& Tower with Radar,29,22,11,0,62,0,0,35,0,35,29,22,46,0,97,50,0,50,147
04/22/2018,CID,IA,ACE,CE,Combined TRACON& Tower with Radar,34,23,15,0,72,0,0,49,0,49,34,23,64,0,121,50,0,50,171
04/23/2018,CID,IA,ACE,CE,Combined TRACON& Tower with Radar,39,23,23,0,85,0,0,36,3,39,39,23,59,3,124,64,0,64,188
04/24/2018,CID,IA,ACE,CE,Combined TRACON& Tower with Radar,42,24,17,0,83,0,0,36,4,40,42,24,53,4,123,28,0,28,151
04/25/2018,CID,IA,ACE,CE,Combined TRACON& Tower with Radar,42,25,36,0,103,0,0,47,0,47,42,25,83,0,150,62,0,62,212
04/26/2018,CID,IA,ACE,CE,Combined TRACON& Tower with Radar,44,28,17,0,89,0,0,31,0,31,44,28,48,0,120,26,0,26,146
04/27/2018,CID,IA,ACE,CE,Combined TRACON& Tower with Radar,45,27,16,0,88,0,0,18,0,18,45,27,34,0,106,6,0,6,112
04/28/2018,CID,IA,ACE,CE,Combined TRACON& Tower with Radar,31,17,19,0,67,0,0,43,0,43,31,17,62,0,110,60,0,60,170
04/29/2018,CID,IA,ACE,CE,Combined TRACON& Tower with Radar,34,24,16,0,74,0,1,30,0,31,34,25,46,0,105,26,0,26,131
04/30/2018,CID,IA,ACE,CE,Combined TRACON& Tower with Radar,40,25,13,0,78,0,0,7,0,7,40,25,20,0,85,0,0,0,85
05/01/2018,CID,IA,ACE,CE,Combined TRACON& Tower with Radar,41,28,7,0,76,0,0,4,0,4,41,28,11,0,80,10,0,10,90
05/02/2018,CID,IA,ACE,CE,Combined TRACON& Tower with Radar,36,31,20,0,87,0,0,12,0,12,36,31,32,0,99,2,0,2,101
05/03/2018,CID,IA,ACE,CE,Combined TRACON& Tower with Radar,48,23,12,0,83,0,0,1,0,1,48,23,13,0,84,18,0,18,102
05/04/2018,CID,IA,ACE,CE,Combined TRACON& Tower with Radar,50,26,23,0,99,0,0,24,0,24,50,26,47,0,123,34,0,34,157
05/05/2018,CID,IA,ACE,CE,Combined TRACON& Tower with Radar,33,15,16,0,64,0,0,46,0,46,33,15,62,0,110,12,0,12,122
05/06/2018,CID,IA,ACE,CE,Combined TRACON& Tower with Radar,40,21,15,0,76,0,0,41,0,41,40,21,56,0,117,44,0,44,161
05/07/2018,CID,IA,ACE,CE,Combined TRACON& Tower with Radar,47,26,12,0,85,0,0,34,0,34,47,26,46,0,119,128,0,128,247
05/08/2018,CID,IA,ACE,CE,Combined TRACON& Tower with Radar,46,32,26,0,104,0,0,15,3,18,46,32,41,3,122,0,0,0,122
05/09/2018,CID,IA,ACE,CE,Combined TRACON& Tower with Radar,40,35,12,2,89,0,0,17,0,17,40,35,29,2,106,12,0,12,118
05/10/2018,CID,IA,ACE,CE,Combined TRACON& Tower with Radar,49,26,23,11,109,0,0,32,0,32,49,26,55,11,141,42,0,42,183
05/11/2018,CID,IA,ACE,CE,Combined TRACON& Tower with Radar,49,23,13,0,85,0,0,10,0,10,49,23,23,0,95,12,0,12,107
05/12/2018,CID,IA,ACE,CE,Combined TRACON& Tower with Radar,36,17,23,0,76,0,0,9,0,9,36,17,32,0,85,0,0,0,85
05/13/2018,CID,IA,ACE,CE,Combined TRACON& Tower with Radar,39,23,9,0,71,0,0,2,0,2,39,23,11,0,73,0,0,0,73
05/14/2018,CID,IA,ACE,CE,Combined TRACON& Tower with Radar,39,17,23,0,79,0,0,14,0,14,39,17,37,0,93,0,0,0,93
05/15/2018,CID,IA,ACE,CE,Combined TRACON& Tower with Radar,46,28,16,2,92,0,0,25,0,25,46,28,41,2,117,86,0,86,203
05/16/2018,CID,IA,ACE,CE,Combined TRACON& Tower with Radar,47,22,26,0,95,0,0,51,0,51,47,22,77,0,146,106,0,106,252
05/17/2018,CID,IA,ACE,CE,Combined TRACON& Tower with Radar,48,31,39,0,118,0,0,56,0,56,48,31,95,0,174,26,0,26,200
05/18/2018,CID,IA,ACE,CE,Combined TRACON& Tower with Radar,49,25,20,0,94,0,0,27,0,27,49,25,47,0,121,2,0,2,123
05/19/2018,CID,IA,ACE,CE,Combined TRACON& Tower with Radar,34,28,21,0,83,0,0,55,0,55,34,28,76,0,138,24,0,24,162
05/20/2018,CID,IA,ACE,CE,Combined TRACON& Tower with Radar,37,25,3,0,65,0,0,1,0,1,37,25,4,0,66,0,0,0,66
05/21/2018,CID,IA,ACE,CE,Combined TRACON& Tower with Radar,43,18,30,0,91,0,0,5,0,5,43,18,35,0,96,0,0,0,96
05/22/2018,CID,IA,ACE,CE,Combined TRACON& Tower with Radar,48,22,20,0,90,0,0,34,0,34,48,22,54,0,124,36,0,36,160
05/23/2018,CID,IA,ACE,CE,Combined TRACON& Tower with Radar,48,24,22,2,96,0,0,29,0,29,48,24,51,2,125,96,0,96,221
05/24/2018,CID,IA,ACE,CE,Combined TRACON& Tower with Radar,51,23,25,0,99,0,0,44,0,44,51,23,69,0,143,14,0,14,157
05/25/2018,CID,IA,ACE,CE,Combined TRACON& Tower with Radar,46,23,6,0,75,0,1,28,0,29,46,24,34,0,104,4,0,4,108
05/26/2018,CID,IA,ACE,CE,Combined TRACON& Tower with Radar,32,18,12,0,62,0,0,30,0,30,32,18,42,0,92,6,0,6,98
05/27/2018,CID,IA,ACE,CE,Combined TRACON& Tower with Radar,36,16,6,0,58,0,1,31,0,32,36,17,37,0,90,34,0,34,124
05/28/2018,CID,IA,ACE,CE,Combined TRACON& Tower with Radar,34,22,20,0,76,0,0,35,0,35,34,22,55,0,111,28,0,28,139
05/29/2018,CID,IA,ACE,CE,Combined TRACON& Tower with Radar,44,22,17,0,83,0,0,26,1,27,44,22,43,1,110,88,0,88,198
05/30/2018,CID,IA,ACE,CE,Combined TRACON& Tower with Radar,46,25,13,0,84,0,0,16,0,16,46,25,29,0,100,32,0,32,132
05/31/2018,CID,IA,ACE,CE,Combined TRACON& Tower with Radar,51,28,18,0,97,0,0,28,0,28,51,28,46,0,125,30,0,30,155
06/01/2018,CID,IA,ACE,CE,Combined TRACON& Tower with Radar,51,27,37,0,115,0,0,27,0,27,51,27,64,0,142,52,0,52,194
06/02/2018,CID,IA,ACE,CE,Combined TRACON& Tower with Radar,34,17,6,0,57,0,0,5,0,5,34,17,11,0,62,10,0,10,72
06/03/2018,CID,IA,ACE,CE,Combined TRACON& Tower with Radar,36,25,5,0,66,0,0,19,0,19,36,25,24,0,85,0,0,0,85
06/04/2018,CID,IA,ACE,CE,Combined TRACON& Tower with Radar,43,22,18,0,83,0,0,18,0,18,43,22,36,0,101,30,0,30,131
06/05/2018,CID,IA,ACE,CE,Combined TRACON& Tower with Radar,48,21,23,6,98,0,0,27,2,29,48,21,50,8,127,20,6,26,153
06/06/2018,CID,IA,ACE,CE,Combined TRACON& Tower with Radar,48,24,19,0,91,0,0,37,0,37,48,24,56,0,128,40,0,40,168
06/07/2018,CID,IA,ACE,CE,Combined TRACON& Tower with Radar,46,29,31,0,106,0,1,25,0,26,46,30,56,0,132,26,0,26,158
06/08/2018,CID,IA,ACE,CE,Combined TRACON& Tower with Radar,44,26,18,9,97,0,0,11,0,11,44,26,29,9,108,18,10,28,136
06/09/2018,CID,IA,ACE,CE,Combined TRACON& Tower with Radar,33,18,9,0,60,0,0,17,0,17,33,18,26,0,77,34,0,34,111
06/10/2018,CID,IA,ACE,CE,Combined TRACON& Tower with Radar,36,23,16,0,75,0,0,4,0,4,36,23,20,0,79,48,0,48,127
06/11/2018,CID,IA,ACE,CE,Combined TRACON& Tower with Radar,41,31,23,0,95,0,1,11,0,12,41,32,34,0,107,4,0,4,111
06/12/2018,CID,IA,ACE,CE,Combined TRACON& Tower with Radar,49,29,33,0,111,0,0,12,0,12,49,29,45,0,123,30,0,30,153
06/13/2018,CID,IA,ACE,CE,Combined TRACON& Tower with Radar,48,30,24,2,104,0,0,44,0,44,48,30,68,2,148,38,0,38,186
06/14/2018,CID,IA,ACE,CE,Combined TRACON& Tower with Radar,47,32,14,2,95,0,0,22,0,22,47,32,36,2,117,20,0,20,137
06/15/2018,CID,IA,ACE,CE,Combined TRACON& Tower with Radar,45,36,29,0,110,0,0,19,0,19,45,36,48,0,129,48,0,48,177
06/16/2018,CID,IA,ACE,CE,Combined TRACON& Tower with Radar,34,18,13,0,65,0,0,21,0,21,34,18,34,0,86,28,0,28,114
06/17/2018,CID,IA,ACE,CE,Combined TRACON& Tower with Radar,31,27,12,0,70,0,0,15,0,15,31,27,27,0,85,12,0,12,97
06/18/2018,CID,IA,ACE,CE,Combined TRACON& Tower with Radar,31,24,23,0,78,0,0,16,0,16,31,24,39,0,94,26,0,26,120
06/19/2018,CID,IA,ACE,CE,Combined TRACON& Tower with Radar,35,24,25,0,84,0,0,5,0,5,35,24,30,0,89,0,0,0,89
06/20/2018,CID,IA,ACE,CE,Combined TRACON& Tower with Radar,47,33,19,0,99,0,0,1,0,1,47,33,20,0,100,10,0,10,110
06/21/2018,CID,IA,ACE,CE,Combined TRACON& Tower with Radar,46,31,22,0,99,0,0,0,0,0,46,31,22,0,99,0,0,0,99
06/22/2018,CID,IA,ACE,CE,Combined TRACON& Tower with Radar,46,30,24,0,100,0,0,20,0,20,46,30,44,0,120,54,0,54,174
06/23/2018,CID,IA,ACE,CE,Combined TRACON& Tower with Radar,37,18,22,0,77,0,0,44,0,44,37,18,66,0,121,56,0,56,177
06/24/2018,CID,IA,ACE,CE,Combined TRACON& Tower with Radar,32,29,23,0,84,0,0,33,0,33,32,29,56,0,117,54,0,54,171
06/25/2018,CID,IA,ACE,CE,Combined TRACON& Tower with Radar,40,30,25,0,95,0,0,12,0,12,40,30,37,0,107,66,0,66,173
06/26/2018,CID,IA,ACE,CE,Combined TRACON& Tower with Radar,45,23,22,2,92,0,0,7,0,7,45,23,29,2,99,0,0,0,99
06/27/2018,CID,IA,ACE,CE,Combined TRACON& Tower with Radar,49,26,31,0,106,0,0,40,0,40,49,26,71,0,146,60,0,60,206
06/28/2018,CID,IA,ACE,CE,Combined TRACON& Tower with Radar,46,34,16,0,96,0,0,21,2,23,46,34,37,2,119,62,0,62,181
06/29/2018,CID,IA,ACE,CE,Combined TRACON& Tower with Radar,45,33,20,0,98,0,0,32,0,32,45,33,52,0,130,8,0,8,138
06/30/2018,CID,IA,ACE,CE,Combined TRACON& Tower with Radar,33,22,13,0,68,0,0,26,0,26,33,22,39,0,94,18,0,18,112
07/01/2018,CID,IA,ACE,CE,Combined TRACON& Tower with Radar,34,14,9,0,57,0,0,12,0,12,34,14,21,0,69,56,0,56,125
07/02/2018,CID,IA,ACE,CE,Combined TRACON& Tower with Radar,33,19,34,0,86,0,0,46,0,46,33,19,80,0,132,62,0,62,194
07/03/2018,CID,IA,ACE,CE,Combined TRACON& Tower with Radar,38,25,19,0,82,0,0,27,0,27,38,25,46,0,109,28,0,28,137
07/04/2018,CID,IA,ACE,CE,Combined TRACON& Tower with Radar,34,17,7,0,58,0,1,7,0,8,34,18,14,0,66,8,0,8,74
07/05/2018,CID,IA,ACE,CE,Combined TRACON& Tower with Radar,43,26,12,2,83,0,0,22,0,22,43,26,34,2,105,62,0,62,167
07/06/2018,CID,IA,ACE,CE,Combined TRACON& Tower with Radar,44,23,19,0,86,0,0,23,0,23,44,23,42,0,109,8,0,8,117
07/07/2018,CID,IA,ACE,CE,Combined TRACON& Tower with Radar,31,29,20,0,80,0,0,45,0,45,31,29,65,0,125,46,0,46,171
07/08/2018,CID,IA,ACE,CE,Combined TRACON& Tower with Radar,34,32,34,0,100,0,0,30,0,30,34,32,64,0,130,86,0,86,216
07/09/2018,CID,IA,ACE,CE,Combined TRACON& Tower with Radar,36,39,20,0,95,0,3,14,0,17,36,42,34,0,112,0,0,0,112
07/10/2018,CID,IA,ACE,CE,Combined TRACON& Tower with Radar,46,31,35,2,114,0,0,41,0,41,46,31,76,2,155,96,0,96,251
07/11/2018,CID,IA,ACE,CE,Combined TRACON& Tower with Radar,46,27,37,4,114,0,0,10,4,14,46,27,47,8,128,56,0,56,184
07/12/2018,CID,IA,ACE,CE,Combined TRACON& Tower with Radar,48,31,21,1,101,0,0,26,1,27,48,31,47,2,128,30,0,30,158
07/13/2018,CID,IA,ACE,CE,Combined TRACON& Tower with Radar,47,25,28,0,100,0,0,21,0,21,47,25,49,0,121,10,0,10,131
07/14/2018,CID,IA,ACE,CE,Combined TRACON& Tower with Radar,33,26,18,0,77,0,0,84,0,84,33,26,102,0,161,0,0,0,161
07/15/2018,CID,IA,ACE,CE,Combined TRACON& Tower with Radar,32,31,30,0,93,0,0,8,0,8,32,31,38,0,101,6,0,6,107
07/16/2018,CID,IA,ACE,CE,Combined TRACON& Tower with Radar,35,37,27,0,99,0,0,18,0,18,35,37,45,0,117,94,0,94,211
07/17/2018,CID,IA,ACE,CE,Combined TRACON& Tower with Radar,44,31,25,0,100,0,0,29,0,29,44,31,54,0,129,10,0,10,139
07/18/2018,CID,IA,ACE,CE,Combined TRACON& Tower with Radar,43,30,32,0,105,0,0,42,0,42,43,30,74,0,147,64,0,64,211
07/19/2018,CID,IA,ACE,CE,Combined TRACON& Tower with Radar,46,31,20,0,97,0,0,10,0,10,46,31,30,0,107,14,0,14,121
07/20/2018,CID,IA,ACE,CE,Combined TRACON& Tower with Radar,45,25,29,0,99,0,0,7,0,7,45,25,36,0,106,0,0,0,106
07/21/2018,CID,IA,ACE,CE,Combined TRACON& Tower with Radar,32,21,10,0,63,0,0,16,0,16,32,21,26,0,79,48,0,48,127
07/22/2018,CID,IA,ACE,CE,Combined TRACON& Tower with Radar,30,29,30,0,89,0,0,29,0,29,30,29,59,0,118,28,0,28,146
07/23/2018,CID,IA,ACE,CE,Combined TRACON& Tower with Radar,38,32,36,0,106,0,0,23,0,23,38,32,59,0,129,6,0,6,135
07/24/2018,CID,IA,ACE,CE,Combined TRACON& Tower with Radar,45,26,22,0,93,0,0,40,0,40,45,26,62,0,133,52,0,52,185
07/25/2018,CID,IA,ACE,CE,Combined TRACON& Tower with Radar,43,28,27,0,98,0,0,30,0,30,43,28,57,0,128,40,0,40,168
07/26/2018,CID,IA,ACE,CE,Combined TRACON& Tower with Radar,47,33,25,2,107,0,1,29,0,30,47,34,54,2,137,36,0,36,173
07/27/2018,CID,IA,ACE,CE,Combined TRACON& Tower with Radar,45,27,19,0,91,0,1,28,1,30,45,28,47,1,121,24,0,24,145
07/28/2018,CID,IA,ACE,CE,Combined TRACON& Tower with Radar,31,17,6,0,54,0,1,31,0,32,31,18,37,0,86,10,0,10,96
07/29/2018,CID,IA,ACE,CE,Combined TRACON& Tower with Radar,34,29,15,0,78,0,0,21,0,21,34,29,36,0,99,94,0,94,193
07/30/2018,CID,IA,ACE,CE,Combined TRACON& Tower with Radar,39,28,17,0,84,0,0,14,0,14,39,28,31,0,98,34,0,34,132
07/31/2018,CID,IA,ACE,CE,Combined TRACON& Tower with Radar,44,26,23,0,93,0,0,35,0,35,44,26,58,0,128,68,0,68,196
08/01/2018,CID,IA,ACE,CE,Combined TRACON& Tower with Radar,43,23,44,0,110,0,0,38,0,38,43,23,82,0,148,58,0,58,206
08/02/2018,CID,IA,ACE,CE,Combined TRACON& Tower with Radar,49,26,27,2,104,0,0,43,0,43,49,26,70,2,147,96,0,96,243
08/03/2018,CID,IA,ACE,CE,Combined TRACON& Tower with Radar,48,31,33,0,112,0,0,50,0,50,48,31,83,0,162,102,0,102,264
08/04/2018,CID,IA,ACE,CE,Combined TRACON& Tower with Radar,27,28,27,0,82,0,0,35,0,35,27,28,62,0,117,34,0,34,151
08/05/2018,CID,IA,ACE,CE,Combined TRACON& Tower with Radar,36,26,11,0,73,0,1,27,0,28,36,27,38,0,101,24,0,24,125
08/06/2018,CID,IA,ACE,CE,Combined TRACON& Tower with Radar,40,23,13,0,76,0,0,16,0,16,40,23,29,0,92,48,0,48,140
08/07/2018,CID,IA,ACE,CE,Combined TRACON& Tower with Radar,45,24,20,0,89,0,0,9,0,9,45,24,29,0,98,22,0,22,120
08/08/2018,CID,IA,ACE,CE,Combined TRACON& Tower with Radar,43,33,23,0,99,0,0,21,0,21,43,33,44,0,120,25,0,25,145
08/09/2018,CID,IA,ACE,CE,Combined TRACON& Tower with Radar,45,36,23,0,104,0,0,35,0,35,45,36,58,0,139,22,0,22,161
08/10/2018,CID,IA,ACE,CE,Combined TRACON& Tower with Radar,49,23,14,0,86,0,0,18,0,18,49,23,32,0,104,88,0,88,192
08/11/2018,CID,IA,ACE,CE,Combined TRACON& Tower with Radar,30,22,15,4,71,0,0,33,4,37,30,22,48,8,108,56,8,64,172
08/12/2018,CID,IA,ACE,CE,Combined TRACON& Tower with Radar,33,29,18,0,80,0,2,54,0,56,33,31,72,0,136,52,0,52,188
08/13/2018,CID,IA,ACE,CE,Combined TRACON& Tower with Radar,41,26,29,0,96,0,0,28,0,28,41,26,57,0,124,18,0,18,142
08/14/2018,CID,IA,ACE,CE,Combined TRACON& Tower with Radar,44,30,28,4,106,0,0,12,0,12,44,30,40,4,118,16,0,16,134
08/15/2018,CID,IA,ACE,CE,Combined TRACON& Tower with Radar,38,28,21,1,88,0,0,2,0,2,38,28,23,1,90,12,0,12,102
08/16/2018,CID,IA,ACE,CE,Combined TRACON& Tower with Radar,44,26,28,1,99,0,0,6,0,6,44,26,34,1,105,0,0,0,105
08/17/2018,CID,IA,ACE,CE,Combined TRACON& Tower with Radar,45,34,22,0,101,0,0,16,0,16,45,34,38,0,117,58,0,58,175
08/18/2018,CID,IA,ACE,CE,Combined TRACON& Tower with Radar,25,20,24,0,69,0,0,30,0,30,25,20,54,0,99,56,0,56,155
08/19/2018,CID,IA,ACE,CE,Combined TRACON& Tower with Radar,37,29,11,0,77,0,0,29,0,29,37,29,40,0,106,24,0,24,130
08/20/2018,CID,IA,ACE,CE,Combined TRACON& Tower with Radar,45,26,16,0,87,0,0,0,0,0,45,26,16,0,87,0,0,0,87
08/21/2018,CID,IA,ACE,CE,Combined TRACON& Tower with Radar,44,32,25,9,110,0,1,11,0,12,44,33,36,9,122,60,0,60,182
08/22/2018,CID,IA,ACE,CE,Combined TRACON& Tower with Radar,38,34,35,0,107,0,2,36,0,38,38,36,71,0,145,78,0,78,223
08/23/2018,CID,IA,ACE,CE,Combined TRACON& Tower with Radar,40,38,30,4,112,0,1,47,0,48,40,39,77,4,160,144,0,144,304
08/24/2018,CID,IA,ACE,CE,Combined TRACON& Tower with Radar,45,33,24,0,102,0,0,3,0,3,45,33,27,0,105,0,0,0,105
08/25/2018,CID,IA,ACE,CE,Combined TRACON& Tower with Radar,25,21,14,0,60,0,0,25,0,25,25,21,39,0,85,64,0,64,149
08/26/2018,CID,IA,ACE,CE,Combined TRACON& Tower with Radar,32,34,15,0,81,0,0,16,2,18,32,34,31,2,99,0,0,0,99
08/27/2018,CID,IA,ACE,CE,Combined TRACON& Tower with Radar,39,30,15,0,84,0,0,4,0,4,39,30,19,0,88,0,0,0,88
08/28/2018,CID,IA,ACE,CE,Combined TRACON& Tower with Radar,38,21,8,2,69,0,0,6,0,6,38,21,14,2,75,10,0,10,85
08/29/2018,CID,IA,ACE,CE,Combined TRACON& Tower with Radar,42,28,26,0,96,0,0,33,0,33,42,28,59,0,129,206,0,206,335
08/30/2018,CID,IA,ACE,CE,Combined TRACON& Tower with Radar,45,32,20,0,97,0,0,32,1,33,45,32,52,1,130,110,0,110,240
08/31/2018,CID,IA,ACE,CE,Combined TRACON& Tower with Radar,42,30,19,0,91,0,0,8,0,8,42,30,27,0,99,10,0,10,109
09/01/2018,CID,IA,ACE,CE,Combined TRACON& Tower with Radar,20,17,4,0,41,0,0,5,0,5,20,17,9,0,46,0,0,0,46
09/02/2018,CID,IA,ACE,CE,Combined TRACON& Tower with Radar,26,20,13,0,59,0,1,9,0,10,26,21,22,0,69,16,0,16,85
09/03/2018,CID,IA,ACE,CE,Combined TRACON& Tower with Radar,30,25,10,0,65,0,0,3,0,3,30,25,13,0,68,0,0,0,68
09/04/2018,CID,IA,ACE,CE,Combined TRACON& Tower with Radar,38,26,11,0,75,0,0,21,0,21,38,26,32,0,96,46,0,46,142
09/05/2018,CID,IA,ACE,CE,Combined TRACON& Tower with Radar,38,28,18,0,84,0,0,0,0,0,38,28,18,0,84,0,0,0,84
09/06/2018,CID,IA,ACE,CE,Combined TRACON& Tower with Radar,45,30,25,14,114,0,0,6,0,6,45,30,31,14,120,32,12,44,164
09/07/2018,CID,IA,ACE,CE,Combined TRACON& Tower with Radar,43,30,15,0,88,0,0,17,0,17,43,30,32,0,105,110,0,110,215
09/08/2018,CID,IA,ACE,CE,Combined TRACON& Tower with Radar,26,31,11,6,74,0,4,34,1,39,26,35,45,7,113,8,18,26,139
09/09/2018,CID,IA,ACE,CE,Combined TRACON& Tower with Radar,34,34,24,1,93,0,0,56,0,56,34,34,80,1,149,48,0,48,197
09/10/2018,CID,IA,ACE,CE,Combined TRACON& Tower with Radar,40,38,16,0,94,0,0,45,0,45,40,38,61,0,139,90,0,90,229
09/11/2018,CID,IA,ACE,CE,Combined TRACON& Tower with Radar,43,28,44,0,115,0,0,28,0,28,43,28,72,0,143,70,0,70,213
09/12/2018,CID,IA,ACE,CE,Combined TRACON& Tower with Radar,40,27,19,0,86,0,0,37,0,37,40,27,56,0,123,0,0,0,123
09/13/2018,CID,IA,ACE,CE,Combined TRACON& Tower with Radar,46,29,27,11,113,0,0,29,0,29,46,29,56,11,142,46,0,46,188
09/14/2018,CID,IA,ACE,CE,Combined TRACON& Tower with Radar,44,28,23,0,95,0,0,22,0,22,44,28,45,0,117,116,0,116,233
09/15/2018,CID,IA,ACE,CE,Combined TRACON& Tower with Radar,26,21,21,0,68,0,1,34,0,35,26,22,55,0,103,0,0,0,103
09/16/2018,CID,IA,ACE,CE,Combined TRACON& Tower with Radar,32,31,19,0,82,0,0,35,0,35,32,31,54,0,117,18,0,18,135
09/17/2018,CID,IA,ACE,CE,Combined TRACON& Tower with Radar,41,31,18,0,90,0,1,21,0,22,41,32,39,0,112,42,0,42,154
09/18/2018,CID,IA,ACE,CE,Combined TRACON& Tower with Radar,48,25,14,0,87,0,0,8,0,8,48,25,22,0,95,6,0,6,101
09/19/2018,CID,IA,ACE,CE,Combined TRACON& Tower with Radar,41,26,20,0,87,0,0,4,0,4,41,26,24,0,91,40,0,40,131
09/20/2018,CID,IA,ACE,CE,Combined TRACON& Tower with Radar,48,37,23,0,108,0,0,11,0,11,48,37,34,0,119,6,0,6,125
09/21/2018,CID,IA,ACE,CE,Combined TRACON& Tower with Radar,44,30,31,2,107,0,0,7,0,7,44,30,38,2,114,0,0,0,114
09/22/2018,CID,IA,ACE,CE,Combined TRACON& Tower with Radar,29,26,16,0,71,0,0,47,0,47,29,26,63,0,118,28,0,28,146
09/23/2018,CID,IA,ACE,CE,Combined TRACON& Tower with Radar,34,38,14,0,86,0,0,50,0,50,34,38,64,0,136,64,0,64,200
09/24/2018,CID,IA,ACE,CE,Combined TRACON& Tower with Radar,41,31,18,0,90,0,0,14,1,15,41,31,32,1,105,52,0,52,157
09/25/2018,CID,IA,ACE,CE,Combined TRACON& Tower with Radar,46,27,14,0,87,0,0,0,0,0,46,27,14,0,87,0,0,0,87
09/26/2018,CID,IA,ACE,CE,Combined TRACON& Tower with Radar,42,33,29,0,104,0,0,34,0,34,42,33,63,0,138,36,0,36,174
09/27/2018,CID,IA,ACE,CE,Combined TRACON& Tower with Radar,46,33,15,2,96,0,0,34,0,34,46,33,49,2,130,14,0,14,144
09/28/2018,CID,IA,ACE,CE,Combined TRACON& Tower with Radar,46,33,21,0,100,0,0,11,2,13,46,33,32,2,113,12,0,12,125
09/29/2018,CID,IA,ACE,CE,Combined TRACON& Tower with Radar,31,21,18,0,70,0,0,22,0,22,31,21,40,0,92,52,0,52,144
09/30/2018,CID,IA,ACE,CE,Combined TRACON& Tower with Radar,35,33,9,0,77,0,0,3,0,3,35,33,12,0,80,0,0,0,80
10/01/2018,CID,IA,ACE,CE,Combined TRACON& Tower with Radar,38,30,22,0,90,0,0,0,0,0,38,30,22,0,90,0,0,0,90
10/02/2018,CID,IA,ACE,CE,Combined TRACON& Tower with Radar,42,32,32,0,106,0,0,7,0,7,42,32,39,0,113,0,0,0,113
10/03/2018,CID,IA,ACE,CE,Combined TRACON& Tower with Radar,38,32,22,2,94,0,0,8,0,8,38,32,30,2,102,0,0,0,102
10/04/2018,CID,IA,ACE,CE,Combined TRACON& Tower with Radar,45,39,19,0,103,0,1,40,0,41,45,40,59,0,144,48,0,48,192
10/05/2018,CID,IA,ACE,CE,Combined TRACON& Tower with Radar,44,33,31,0,108,0,0,2,0,2,44,33,33,0,110,0,0,0,110
10/06/2018,CID,IA,ACE,CE,Combined TRACON& Tower with Radar,27,19,13,0,59,0,0,5,0,5,27,19,18,0,64,0,0,0,64
10/07/2018,CID,IA,ACE,CE,Combined TRACON& Tower with Radar,29,31,15,0,75,0,0,0,0,0,29,31,15,0,75,0,0,0,75
10/08/2018,CID,IA,ACE,CE,Combined TRACON& Tower with Radar,37,33,21,0,91,0,0,1,0,1,37,33,22,0,92,0,0,0,92
10/09/2018,CID,IA,ACE,CE,Combined TRACON& Tower with Radar,36,36,16,2,90,0,0,1,0,1,36,36,17,2,91,10,0,10,101
10/10/2018,CID,IA,ACE,CE,Combined TRACON& Tower with Radar,37,44,18,0,99,0,0,8,0,8,37,44,26,0,107,8,0,8,115
10/11/2018,CID,IA,ACE,CE,Combined TRACON& Tower with Radar,40,36,22,10,108,0,0,8,0,8,40,36,30,10,116,8,6,14,130
10/12/2018,CID,IA,ACE,CE,Combined TRACON& Tower with Radar,45,34,11,0,90,0,1,14,0,15,45,35,25,0,105,30,0,30,135
10/13/2018,CID,IA,ACE,CE,Combined TRACON& Tower with Radar,25,25,34,0,84,0,0,29,0,29,25,25,63,0,113,24,0,24,137
10/14/2018,CID,IA,ACE,CE,Combined TRACON& Tower with Radar,29,38,13,0,80,0,0,0,0,0,29,38,13,0,80,0,0,0,80
10/15/2018,CID,IA,ACE,CE,Combined TRACON& Tower with Radar,41,32,18,0,91,0,0,40,0,40,41,32,58,0,131,56,0,56,187
10/16/2018,CID,IA,ACE,CE,Combined TRACON& Tower with Radar,46,35,24,3,108,0,1,23,0,24,46,36,47,3,132,36,0,36,168
10/17/2018,CID,IA,ACE,CE,Combined TRACON& Tower with Radar,39,38,24,1,102,0,0,36,0,36,39,38,60,1,138,46,0,46,184
10/18/2018,CID,IA,ACE,CE,Combined TRACON& Tower with Radar,43,38,22,2,105,0,0,35,0,35,43,38,57,2,140,28,0,28,168
10/19/2018,CID,IA,ACE,CE,Combined TRACON& Tower with Radar,42,42,22,0,106,0,0,16,0,16,42,42,38,0,122,26,0,26,148
10/20/2018,CID,IA,ACE,CE,Combined TRACON& Tower with Radar,27,23,3,1,54,0,2,5,0,7,27,25,8,1,61,0,0,0,61
10/21/2018,CID,IA,ACE,CE,Combined TRACON& Tower with Radar,30,36,23,0,89,0,1,27,0,28,30,37,50,0,117,52,0,52,169
10/22/2018,CID,IA,ACE,CE,Combined TRACON& Tower with Radar,37,43,32,0,112,0,0,45,0,45,37,43,77,0,157,76,0,76,233
10/23/2018,CID,IA,ACE,CE,Combined TRACON& Tower with Radar,40,35,16,0,91,0,1,36,0,37,40,36,52,0,128,34,0,34,162
10/24/2018,CID,IA,ACE,CE,Combined TRACON& Tower with Radar,39,38,31,0,108,0,0,42,4,46,39,38,73,4,154,30,0,30,184
10/25/2018,CID,IA,ACE,CE,Combined TRACON& Tower with Radar,42,35,18,2,97,0,0,36,0,36,42,35,54,2,133,62,0,62,195
10/26/2018,CID,IA,ACE,CE,Combined TRACON& Tower with Radar,43,40,13,0,96,0,0,23,0,23,43,40,36,0,119,28,0,28,147
10/27/2018,CID,IA,ACE,CE,Combined TRACON& Tower with Radar,26,25,14,0,65,0,0,34,0,34,26,25,48,0,99,58,0,58,157
10/28/2018,CID,IA,ACE,CE,Combined TRACON& Tower with Radar,30,35,1,0,66,0,0,0,0,0,30,35,1,0,66,0,0,0,66
10/29/2018,CID,IA,ACE,CE,Combined TRACON& Tower with Radar,39,39,23,0,101,0,0,27,0,27,39,39,50,0,128,30,0,30,158
10/30/2018,CID,IA,ACE,CE,Combined TRACON& Tower with Radar,38,35,8,0,81,0,0,10,0,10,38,35,18,0,91,56,0,56,147
10/31/2018,CID,IA,ACE,CE,Combined TRACON& Tower with Radar,34,31,28,1,94,0,0,19,1,20,34,31,47,2,114,26,0,26,140
11/01/2018,CID,IA,ACE,CE,Combined TRACON& Tower with Radar,41,34,27,0,102,0,0,31,0,31,41,34,58,0,133,42,0,42,175
11/02/2018,CID,IA,ACE,CE,Combined TRACON& Tower with Radar,42,38,18,0,98,0,0,31,0,31,42,38,49,0,129,16,0,16,145
11/03/2018,CID,IA,ACE,CE,Combined TRACON& Tower with Radar,26,22,22,0,70,0,0,0,0,0,26,22,22,0,70,0,0,0,70
11/04/2018,CID,IA,ACE,CE,Combined TRACON& Tower with Radar,32,31,17,0,80,0,1,1,0,2,32,32,18,0,82,0,0,0,82
11/05/2018,CID,IA,ACE,CE,Combined TRACON& Tower with Radar,43,29,17,0,89,0,0,6,0,6,43,29,23,0,95,14,0,14,109
11/06/2018,CID,IA,ACE,CE,Combined TRACON& Tower with Radar,43,29,23,0,95,0,0,6,0,6,43,29,29,0,101,0,0,0,101
11/07/2018,CID,IA,ACE,CE,Combined TRACON& Tower with Radar,41,28,23,0,92,0,0,5,0,5,41,28,28,0,97,10,0,10,107
11/08/2018,CID,IA,ACE,CE,Combined TRACON& Tower with Radar,46,28,25,2,101,0,1,27,0,28,46,29,52,2,129,48,4,52,181
11/09/2018,CID,IA,ACE,CE,Combined TRACON& Tower with Radar,47,29,14,0,90,0,0,14,0,14,47,29,28,0,104,24,0,24,128
11/10/2018,CID,IA,ACE,CE,Combined TRACON& Tower with Radar,27,27,10,1,65,0,0,41,1,42,27,27,51,2,107,52,6,58,165
11/11/2018,CID,IA,ACE,CE,Combined TRACON& Tower with Radar,33,31,12,1,77,0,0,34,0,34,33,31,46,1,111,58,0,58,169
11/12/2018,CID,IA,ACE,CE,Combined TRACON& Tower with Radar,40,31,21,0,92,0,0,12,0,12,40,31,33,0,104,4,0,4,108
11/13/2018,CID,IA,ACE,CE,Combined TRACON& Tower with Radar,45,34,21,0,100,0,0,11,0,11,45,34,32,0,111,0,0,0,111
11/14/2018,CID,IA,ACE,CE,Combined TRACON& Tower with Radar,41,31,27,3,102,0,0,23,1,24,41,31,50,4,126,6,0,6,132
11/15/2018,CID,IA,ACE,CE,Combined TRACON& Tower with Radar,47,30,22,0,99,0,0,16,0,16,47,30,38,0,115,14,0,14,129
11/16/2018,CID,IA,ACE,CE,Combined TRACON& Tower with Radar,44,28,23,0,95,0,0,14,0,14,44,28,37,0,109,34,0,34,143
11/17/2018,CID,IA,ACE,CE,Combined TRACON& Tower with Radar,26,28,5,0,59,0,0,2,0,2,26,28,7,0,61,0,0,0,61
11/18/2018,CID,IA,ACE,CE,Combined TRACON& Tower with Radar,31,28,12,0,71,0,0,38,0,38,31,28,50,0,109,14,0,14,123
11/19/2018,CID,IA,ACE,CE,Combined TRACON& Tower with Radar,37,27,22,3,89,0,1,23,1,25,37,28,45,4,114,92,0,92,206
11/20/2018,CID,IA,ACE,CE,Combined TRACON& Tower with Radar,49,33,14,0,96,0,1,39,0,40,49,34,53,0,136,60,0,60,196
11/21/2018,CID,IA,ACE,CE,Combined TRACON& Tower with Radar,47,29,15,0,91,0,0,20,0,20,47,29,35,0,111,78,0,78,189
11/22/2018,CID,IA,ACE,CE,Combined TRACON& Tower with Radar,23,15,4,0,42,0,0,7,0,7,23,15,11,0,49,6,0,6,55
11/23/2018,CID,IA,ACE,CE,Combined TRACON& Tower with Radar,31,20,4,0,55,0,0,1,1,2,31,20,5,1,57,0,0,0,57
11/24/2018,CID,IA,ACE,CE,Combined TRACON& Tower with Radar,36,29,17,0,82,0,0,36,0,36,36,29,53,0,118,48,0,48,166
11/25/2018,CID,IA,ACE,CE,Combined TRACON& Tower with Radar,28,25,5,0,58,0,0,0,0,0,28,25,5,0,58,0,0,0,58
11/26/2018,CID,IA,ACE,CE,Combined TRACON& Tower with Radar,41,17,10,1,69,0,0,6,0,6,41,17,16,1,75,38,0,38,113
11/27/2018,CID,IA,ACE,CE,Combined TRACON& Tower with Radar,43,32,20,0,95,0,0,21,0,21,43,32,41,0,116,36,0,36,152
11/28/2018,CID,IA,ACE,CE,Combined TRACON& Tower with Radar,45,30,25,0,100,0,0,22,0,22,45,30,47,0,122,10,0,10,132
11/29/2018,CID,IA,ACE,CE,Combined TRACON& Tower with Radar,44,30,17,0,91,0,0,13,0,13,44,30,30,0,104,64,0,64,168
11/30/2018,CID,IA,ACE,CE,Combined TRACON& Tower with Radar,44,42,23,0,109,0,0,30,0,30,44,42,53,0,139,88,0,88,227
12/01/2018,CID,IA,ACE,CE,Combined TRACON& Tower with Radar,33,20,6,0,59,0,0,0,0,0,33,20,6,0,59,0,0,0,59
12/02/2018,CID,IA,ACE,CE,Combined TRACON& Tower with Radar,31,30,3,0,64,0,0,0,0,0,31,30,3,0,64,0,0,0,64
12/03/2018,CID,IA,ACE,CE,Combined TRACON& Tower with Radar,39,29,6,2,76,0,0,8,0,8,39,29,14,2,84,0,0,0,84
12/04/2018,CID,IA,ACE,CE,Combined TRACON& Tower with Radar,40,31,10,0,81,0,0,0,0,0,40,31,10,0,81,0,0,0,81
12/05/2018,CID,IA,ACE,CE,Combined TRACON& Tower with Radar,45,33,24,0,102,0,0,27,0,27,45,33,51,0,129,22,0,22,151
12/06/2018,CID,IA,ACE,CE,Combined TRACON& Tower with Radar,46,31,25,0,102,0,0,10,0,10,46,31,35,0,112,10,0,10,122
12/07/2018,CID,IA,ACE,CE,Combined TRACON& Tower with Radar,42,31,23,0,96,0,0,18,0,18,42,31,41,0,114,66,0,66,180
12/08/2018,CID,IA,ACE,CE,Combined TRACON& Tower with Radar,29,20,26,0,75,0,0,46,0,46,29,20,72,0,121,80,0,80,201
12/09/2018,CID,IA,ACE,CE,Combined TRACON& Tower with Radar,26,29,26,0,81,0,0,28,0,28,26,29,54,0,109,40,0,40,149
12/10/2018,CID,IA,ACE,CE,Combined TRACON& Tower with Radar,36,30,13,0,79,0,0,16,0,16,36,30,29,0,95,72,0,72,167
12/11/2018,CID,IA,ACE,CE,Combined TRACON& Tower with Radar,46,26,27,0,99,0,0,33,0,33,46,26,60,0,132,22,0,22,154
12/12/2018,CID,IA,ACE,CE,Combined TRACON& Tower with Radar,42,33,23,6,104,0,0,6,0,6,42,33,29,6,110,2,0,2,112
12/13/2018,CID,IA,ACE,CE,Combined TRACON& Tower with Radar,48,35,17,2,102,0,0,4,0,4,48,35,21,2,106,0,0,0,106
12/14/2018,CID,IA,ACE,CE,Combined TRACON& Tower with Radar,41,31,28,0,100,0,0,19,0,19,41,31,47,0,119,12,0,12,131
12/15/2018,CID,IA,ACE,CE,Combined TRACON& Tower with Radar,33,26,20,0,79,0,0,62,0,62,33,26,82,0,141,38,0,38,179
12/16/2018,CID,IA,ACE,CE,Combined TRACON& Tower with Radar,32,29,15,0,76,0,0,36,0,36,32,29,51,0,112,70,0,70,182
12/17/2018,CID,IA,ACE,CE,Combined TRACON& Tower with Radar,40,30,16,0,86,0,0,29,0,29,40,30,45,0,115,24,0,24,139
12/18/2018,CID,IA,ACE,CE,Combined TRACON& Tower with Radar,43,32,19,4,98,0,3,37,0,40,43,35,56,4,138,20,0,20,158
12/19/2018,CID,IA,ACE,CE,Combined TRACON& Tower with Radar,36,43,16,0,95,0,0,23,0,23,36,43,39,0,118,36,0,36,154
12/20/2018,CID,IA,ACE,CE,Combined TRACON& Tower with Radar,41,38,9,0,88,0,0,0,0,0,41,38,9,0,88,0,0,0,88
12/21/2018,CID,IA,ACE,CE,Combined TRACON& Tower with Radar,41,35,10,0,86,0,0,4,0,4,41,35,14,0,90,0,0,0,90
12/22/2018,CID,IA,ACE,CE,Combined TRACON& Tower with Radar,34,30,9,0,73,0,0,3,0,3,34,30,12,0,76,0,0,0,76
12/23/2018,CID,IA,ACE,CE,Combined TRACON& Tower with Radar,29,27,5,0,61,0,0,15,0,15,29,27,20,0,76,16,0,16,92
12/24/2018,CID,IA,ACE,CE,Combined TRACON& Tower with Radar,24,25,4,0,53,0,0,25,0,25,24,25,29,0,78,22,0,22,100
12/25/2018,CID,IA,ACE,CE,Combined TRACON& Tower with Radar,21,20,6,0,47,0,0,1,0,1,21,20,7,0,48,0,0,0,48
12/26/2018,CID,IA,ACE,CE,Combined TRACON& Tower with Radar,36,36,9,0,81,0,0,5,0,5,36,36,14,0,86,8,0,8,94
12/27/2018,CID,IA,ACE,CE,Combined TRACON& Tower with Radar,42,32,8,0,82,0,0,0,0,0,42,32,8,0,82,14,0,14,96
12/28/2018,CID,IA,ACE,CE,Combined TRACON& Tower with Radar,38,33,5,0,76,0,0,1,0,1,38,33,6,0,77,0,0,0,77
12/29/2018,CID,IA,ACE,CE,Combined TRACON& Tower with Radar,34,35,9,0,78,0,0,7,0,7,34,35,16,0,85,34,0,34,119
12/30/2018,CID,IA,ACE,CE,Combined TRACON& Tower with Radar,26,34,35,0,95,0,0,18,0,18,26,34,53,0,113,42,0,42,155
12/31/2018,CID,IA,ACE,CE,Combined TRACON& Tower with Radar,29,33,5,0,67,0,0,3,0,3,29,33,8,0,70,0,0,0,70
01/01/2019,CID,IA,ACE,CE,Combined TRACON& Tower with Radar,26,20,6,0,52,0,0,1,0,1,26,20,7,0,53,24,0,24,77
01/02/2019,CID,IA,ACE,CE,Combined TRACON& Tower with Radar,40,40,14,0,94,0,0,6,0,6,40,40,20,0,100,8,0,8,108
01/03/2019,CID,IA,ACE,CE,Combined TRACON& Tower with Radar,36,30,20,2,88,0,0,25,0,25,36,30,45,2,113,8,0,8,121
01/04/2019,CID,IA,ACE,CE,Combined TRACON& Tower with Radar,37,29,21,2,89,0,0,58,0,58,37,29,79,2,147,36,0,36,183
01/05/2019,CID,IA,ACE,CE,Combined TRACON& Tower with Radar,32,25,18,0,75,0,0,83,0,83,32,25,101,0,158,158,0,158,316
01/06/2019,CID,IA,ACE,CE,Combined TRACON& Tower with Radar,26,29,11,0,66,0,0,17,0,17,26,29,28,0,83,16,0,16,99
01/07/2019,CID,IA,ACE,CE,Combined TRACON& Tower with Radar,32,30,9,0,71,0,0,0,0,0,32,30,9,0,71,0,0,0,71
01/08/2019,CID,IA,ACE,CE,Combined TRACON& Tower with Radar,35,30,10,0,75,0,0,4,6,10,35,30,14,6,85,16,0,16,101
01/09/2019,CID,IA,ACE,CE,Combined TRACON& Tower with Radar,33,33,26,4,96,0,0,10,0,10,33,33,36,4,106,28,0,28,134
01/10/2019,CID,IA,ACE,CE,Combined TRACON& Tower with Radar,38,32,11,0,81,0,0,14,1,15,38,32,25,1,96,18,0,18,114
01/11/2019,CID,IA,ACE,CE,Combined TRACON& Tower with Radar,37,36,11,0,84,0,0,12,2,14,37,36,23,2,98,30,0,30,128
01/12/2019,CID,IA,ACE,CE,Combined TRACON& Tower with Radar,30,23,2,0,55,0,0,0,0,0,30,23,2,0,55,0,0,0,55
01/13/2019,CID,IA,ACE,CE,Combined TRACON& Tower with Radar,25,34,10,0,69,0,1,11,0,12,25,35,21,0,81,46,0,46,127
01/14/2019,CID,IA,ACE,CE,Combined TRACON& Tower with Radar,32,38,3,0,73,0,0,0,0,0,32,38,3,0,73,0,0,0,73
01/15/2019,CID,IA,ACE,CE,Combined TRACON& Tower with Radar,35,32,13,0,80,0,0,0,0,0,35,32,13,0,80,0,0,0,80
01/16/2019,CID,IA,ACE,CE,Combined TRACON& Tower with Radar,39,32,16,1,88,0,1,10,1,12,39,33,26,2,100,48,0,48,148
01/17/2019,CID,IA,ACE,CE,Combined TRACON& Tower with Radar,41,38,10,0,89,0,0,0,0,0,41,38,10,0,89,0,0,0,89
01/18/2019,CID,IA,ACE,CE,Combined TRACON& Tower with Radar,34,38,10,0,82,0,0,2,0,2,34,38,12,0,84,0,0,0,84
01/19/2019,CID,IA,ACE,CE,Combined TRACON& Tower with Radar,28,14,8,0,50,0,0,2,0,2,28,14,10,0,52,30,0,30,82
01/20/2019,CID,IA,ACE,CE,Combined TRACON& Tower with Radar,27,23,6,0,56,0,0,9,0,9,27,23,15,0,65,6,0,6,71
01/21/2019,CID,IA,ACE,CE,Combined TRACON& Tower with Radar,33,31,8,0,72,0,0,4,0,4,33,31,12,0,76,0,0,0,76
01/22/2019,CID,IA,ACE,CE,Combined TRACON& Tower with Radar,33,24,8,0,65,0,0,0,0,0,33,24,8,0,65,0,0,0,65
01/23/2019,CID,IA,ACE,CE,Combined TRACON& Tower with Radar,33,31,30,0,94,0,0,6,0,6,33,31,36,0,100,0,0,0,100
01/24/2019,CID,IA,ACE,CE,Combined TRACON& Tower with Radar,40,33,4,0,77,0,0,1,0,1,40,33,5,0,78,16,0,16,94
01/25/2019,CID,IA,ACE,CE,Combined TRACON& Tower with Radar,36,34,6,0,76,0,0,7,0,7,36,34,13,0,83,0,0,0,83
01/26/2019,CID,IA,ACE,CE,Combined TRACON& Tower with Radar,25,30,1,0,56,0,0,2,0,2,25,30,3,0,58,0,0,0,58
01/27/2019,CID,IA,ACE,CE,Combined TRACON& Tower with Radar,26,34,9,0,69,0,0,10,0,10,26,34,19,0,79,8,0,8,87
01/28/2019,CID,IA,ACE,CE,Combined TRACON& Tower with Radar,32,22,5,0,59,0,0,0,0,0,32,22,5,0,59,0,0,0,59
01/29/2019,CID,IA,ACE,CE,Combined TRACON& Tower with Radar,30,28,10,0,68,0,0,0,0,0,30,28,10,0,68,0,0,0,68
01/30/2019,CID,IA,ACE,CE,Combined TRACON& Tower with Radar,25,16,8,0,49,0,0,0,0,0,25,16,8,0,49,0,0,0,49
01/31/2019,CID,IA,ACE,CE,Combined TRACON& Tower with Radar,34,12,9,2,57,0,0,0,0,0,34,12,9,2,57,0,0,0,57
02/01/2019,CID,IA,ACE,CE,Combined TRACON& Tower with Radar,41,34,9,0,84,0,0,17,0,17,41,34,26,0,101,40,0,40,141
02/02/2019,CID,IA,ACE,CE,Combined TRACON& Tower with Radar,19,22,2,0,43,0,0,0,0,0,19,22,2,0,43,0,0,0,43
02/03/2019,CID,IA,ACE,CE,Combined TRACON& Tower with Radar,4,1,1,0,6,0,0,0,0,0,4,1,1,0,6,0,0,0,6
02/04/2019,CID,IA,ACE,CE,Combined TRACON& Tower with Radar,31,34,10,0,75,0,0,3,0,3,31,34,13,0,78,22,0,22,100
02/05/2019,CID,IA,ACE,CE,Combined TRACON& Tower with Radar,29,31,11,2,73,0,0,10,0,10,29,31,21,2,83,12,0,12,95
02/06/2019,CID,IA,ACE,CE,Combined TRACON& Tower with Radar,31,36,13,0,80,0,0,0,0,0,31,36,13,0,80,0,0,0,80
02/07/2019,CID,IA,ACE,CE,Combined TRACON& Tower with Radar,28,25,9,0,62,0,0,1,0,1,28,25,10,0,63,0,0,0,63
02/08/2019,CID,IA,ACE,CE,Combined TRACON& Tower with Radar,39,36,7,0,82,0,0,7,2,9,39,36,14,2,91,28,0,28,119
02/09/2019,CID,IA,ACE,CE,Combined TRACON& Tower with Radar,29,26,12,0,67,0,0,13,0,13,29,26,25,0,80,0,0,0,80
02/10/2019,CID,IA,ACE,CE,Combined TRACON& Tower with Radar,30,26,4,0,60,0,0,0,0,0,30,26,4,0,60,0,0,0,60
02/11/2019,CID,IA,ACE,CE,Combined TRACON& Tower with Radar,20,23,16,0,59,0,0,0,0,0,20,23,16,0,59,0,0,0,59
02/12/2019,CID,IA,ACE,CE,Combined TRACON& Tower with Radar,34,32,5,0,71,0,0,0,0,0,34,32,5,0,71,0,0,0,71
02/13/2019,CID,IA,ACE,CE,Combined TRACON& Tower with Radar,43,29,24,4,100,0,0,16,0,16,43,29,40,4,116,48,0,48,164
02/14/2019,CID,IA,ACE,CE,Combined TRACON& Tower with Radar,42,34,29,0,105,0,0,6,0,6,42,34,35,0,111,26,0,26,137
02/15/2019,CID,IA,ACE,CE,Combined TRACON& Tower with Radar,43,28,14,0,85,0,0,11,0,11,43,28,25,0,96,24,0,24,120
02/16/2019,CID,IA,ACE,CE,Combined TRACON& Tower with Radar,25,29,13,0,67,0,0,27,0,27,25,29,40,0,94,30,0,30,124
02/17/2019,CID,IA,ACE,CE,Combined TRACON& Tower with Radar,30,21,7,0,58,0,0,0,0,0,30,21,7,0,58,0,0,0,58
02/18/2019,CID,IA,ACE,CE,Combined TRACON& Tower with Radar,38,27,12,0,77,0,0,7,0,7,38,27,19,0,84,16,0,16,100
02/19/2019,CID,IA,ACE,CE,Combined TRACON& Tower with Radar,40,32,13,0,85,0,1,9,0,10,40,33,22,0,95,36,0,36,131
02/20/2019,CID,IA,ACE,CE,Combined TRACON& Tower with Radar,44,27,8,0,79,0,0,1,0,1,44,27,9,0,80,0,0,0,80
02/21/2019,CID,IA,ACE,CE,Combined TRACON& Tower with Radar,42,36,17,0,95,0,0,19,0,19,42,36,36,0,114,30,0,30,144
02/22/2019,CID,IA,ACE,CE,Combined TRACON& Tower with Radar,41,31,23,0,95,0,0,25,0,25,41,31,48,0,120,76,0,76,196
02/23/2019,CID,IA,ACE,CE,Combined TRACON& Tower with Radar,26,24,0,0,50,0,0,0,0,0,26,24,0,0,50,0,0,0,50
02/24/2019,CID,IA,ACE,CE,Combined TRACON& Tower with Radar,29,29,9,0,67,0,0,0,0,0,29,29,9,0,67,0,0,0,67
02/25/2019,CID,IA,ACE,CE,Combined TRACON& Tower with Radar,40,30,3,0,73,0,0,6,0,6,40,30,9,0,79,6,0,6,85
02/26/2019,CID,IA,ACE,CE,Combined TRACON& Tower with Radar,38,30,8,8,84,0,0,12,0,12,38,30,20,8,96,6,0,6,102
02/27/2019,CID,IA,ACE,CE,Combined TRACON& Tower with Radar,38,38,17,0,93,0,0,7,0,7,38,38,24,0,100,0,0,0,100
02/28/2019,CID,IA,ACE,CE,Combined TRACON& Tower with Radar,41,34,12,2,89,0,0,16,0,16,41,34,28,2,105,16,0,16,121
03/01/2019,CID,IA,ACE,CE,Combined TRACON& Tower with Radar,41,31,27,0,99,0,1,28,0,29,41,32,55,0,128,56,0,56,184
03/02/2019,CID,IA,ACE,CE,Combined TRACON& Tower with Radar,29,31,20,0,80,0,0,30,0,30,29,31,50,0,110,40,0,40,150
03/03/2019,CID,IA,ACE,CE,Combined TRACON& Tower with Radar,33,28,9,0,70,0,0,4,2,6,33,28,13,2,76,8,0,8,84
03/04/2019,CID,IA,ACE,CE,Combined TRACON& Tower with Radar,40,24,8,0,72,0,0,6,0,6,40,24,14,0,78,0,0,0,78
03/05/2019,CID,IA,ACE,CE,Combined TRACON& Tower with Radar,43,26,8,2,79,0,0,10,0,10,43,26,18,2,89,8,0,8,97
03/06/2019,CID,IA,ACE,CE,Combined TRACON& Tower with Radar,45,32,16,0,93,0,0,31,0,31,45,32,47,0,124,40,0,40,164
03/07/2019,CID,IA,ACE,CE,Combined TRACON& Tower with Radar,43,31,12,0,86,0,0,4,0,4,43,31,16,0,90,0,0,0,90
03/08/2019,CID,IA,ACE,CE,Combined TRACON& Tower with Radar,43,29,17,0,89,0,0,1,0,1,43,29,18,0,90,0,0,0,90
03/09/2019,CID,IA,ACE,CE,Combined TRACON& Tower with Radar,30,27,6,0,63,0,0,0,0,0,30,27,6,0,63,0,0,0,63
03/10/2019,CID,IA,ACE,CE,Combined TRACON& Tower with Radar,33,27,13,0,73,0,0,11,0,11,33,27,24,0,84,0,0,0,84
03/11/2019,CID,IA,ACE,CE,Combined TRACON& Tower with Radar,36,32,16,0,84,0,0,52,0,52,36,32,68,0,136,78,0,78,214
03/12/2019,CID,IA,ACE,CE,Combined TRACON& Tower with Radar,42,33,10,0,85,0,0,4,0,4,42,33,14,0,89,46,0,46,135
03/13/2019,CID,IA,ACE,CE,Combined TRACON& Tower with Radar,41,29,11,0,81,0,0,4,0,4,41,29,15,0,85,2,0,2,87
03/14/2019,CID,IA,ACE,CE,Combined TRACON& Tower with Radar,45,27,12,0,84,0,0,1,0,1,45,27,13,0,85,0,0,0,85
03/15/2019,CID,IA,ACE,CE,Combined TRACON& Tower with Radar,44,34,14,0,92,0,0,7,0,7,44,34,21,0,99,0,0,0,99
03/16/2019,CID,IA,ACE,CE,Combined TRACON& Tower with Radar,36,26,25,0,87,0,0,57,0,57,36,26,82,0,144,132,0,132,276
03/17/2019,CID,IA,ACE,CE,Combined TRACON& Tower with Radar,32,29,15,0,76,0,0,30,0,30,32,29,45,0,106,32,0,32,138
03/18/2019,CID,IA,ACE,CE,Combined TRACON& Tower with Radar,37,32,20,0,89,0,1,31,0,32,37,33,51,0,121,54,0,54,175
03/19/2019,CID,IA,ACE,CE,Combined TRACON& Tower with Radar,44,30,20,0,94,0,0,26,0,26,44,30,46,0,120,100,0,100,220
03/20/2019,CID,IA,ACE,CE,Combined TRACON& Tower with Radar,51,30,22,0,103,0,0,17,0,17,51,30,39,0,120,44,0,44,164
03/21/2019,CID,IA,ACE,CE,Combined TRACON& Tower with Radar,42,30,22,0,94,0,0,29,0,29,42,30,51,0,123,48,0,48,171
03/22/2019,CID,IA,ACE,CE,Combined TRACON& Tower with Radar,44,26,7,0,77,0,0,40,0,40,44,26,47,0,117,58,0,58,175
03/23/2019,CID,IA,ACE,CE,Combined TRACON& Tower with Radar,34,21,12,1,68,0,0,54,0,54,34,21,66,1,122,86,0,86,208
03/24/2019,CID,IA,ACE,CE,Combined TRACON& Tower with Radar,33,35,30,1,99,0,0,4,0,4,33,35,34,1,103,0,0,0,103
03/25/2019,CID,IA,ACE,CE,Combined TRACON& Tower with Radar,38,30,12,0,80,0,0,28,0,28,38,30,40,0,108,34,0,34,142
03/26/2019,CID,IA,ACE,CE,Combined TRACON& Tower with Radar,43,30,15,2,90,0,0,26,0,26,43,30,41,2,116,130,0,130,246
03/27/2019,CID,IA,ACE,CE,Combined TRACON& Tower with Radar,41,31,13,0,85,0,0,4,0,4,41,31,17,0,89,0,0,0,89
03/28/2019,CID,IA,ACE,CE,Combined TRACON& Tower with Radar,44,33,24,0,101,0,0,19,0,19,44,33,43,0,120,42,0,42,162
03/29/2019,CID,IA,ACE,CE,Combined TRACON& Tower with Radar,41,32,11,0,84,0,0,18,0,18,41,32,29,0,102,14,0,14,116
03/30/2019,CID,IA,ACE,CE,Combined TRACON& Tower with Radar,28,23,7,0,58,0,0,20,0,20,28,23,27,0,78,34,0,34,112
03/31/2019,CID,IA,ACE,CE,Combined TRACON& Tower with Radar,33,28,15,0,76,0,2,36,1,39,33,30,51,1,115,18,0,18,133
04/01/2019,CID,IA,ACE,CE,Combined TRACON& Tower with Radar,34,29,16,0,79,0,0,6,0,6,34,29,22,0,85,6,0,6,91
04/02/2019,CID,IA,ACE,CE,Combined TRACON& Tower with Radar,44,30,11,0,85,0,0,13,0,13,44,30,24,0,98,6,0,6,104
04/03/2019,CID,IA,ACE,CE,Combined TRACON& Tower with Radar,40,26,21,0,87,0,0,25,0,25,40,26,46,0,112,44,0,44,156
04/04/2019,CID,IA,ACE,CE,Combined TRACON& Tower with Radar,47,29,15,0,91,0,0,14,0,14,47,29,29,0,105,4,0,4,109
04/05/2019,CID,IA,ACE,CE,Combined TRACON& Tower with Radar,44,26,25,4,99,0,0,13,0,13,44,26,38,4,112,42,0,42,154
04/06/2019,CID,IA,ACE,CE,Combined TRACON& Tower with Radar,27,17,12,0,56,0,2,37,0,39,27,19,49,0,95,48,0,48,143
04/07/2019,CID,IA,ACE,CE,Combined TRACON& Tower with Radar,31,23,16,0,70,0,1,7,0,8,31,24,23,0,78,12,0,12,90
04/08/2019,CID,IA,ACE,CE,Combined TRACON& Tower with Radar,38,24,17,0,79,0,0,30,0,30,38,24,47,0,109,44,0,44,153
04/09/2019,CID,IA,ACE,CE,Combined TRACON& Tower with Radar,44,32,31,2,109,0,4,37,0,41,44,36,68,2,150,62,0,62,212
04/10/2019,CID,IA,ACE,CE,Combined TRACON& Tower with Radar,39,27,14,0,80,0,0,0,0,0,39,27,14,0,80,0,0,0,80
04/11/2019,CID,IA,ACE,CE,Combined TRACON& Tower with Radar,41,29,10,0,80,0,0,0,0,0,41,29,10,0,80,0,0,0,80
04/12/2019,CID,IA,ACE,CE,Combined TRACON& Tower with Radar,41,28,16,2,87,0,2,3,0,5,41,30,19,2,92,0,0,0,92
04/13/2019,CID,IA,ACE,CE,Combined TRACON& Tower with Radar,27,20,21,0,68,0,2,35,0,37,27,22,56,0,105,54,0,54,159
04/14/2019,CID,IA,ACE,CE,Combined TRACON& Tower with Radar,36,14,17,2,69,0,0,18,0,18,36,14,35,2,87,52,0,52,139
04/15/2019,CID,IA,ACE,CE,Combined TRACON& Tower with Radar,40,27,18,0,85,0,0,24,0,24,40,27,42,0,109,24,0,24,133
04/16/2019,CID,IA,ACE,CE,Combined TRACON& Tower with Radar,46,26,21,0,93,0,1,40,0,41,46,27,61,0,134,50,0,50,184
04/17/2019,CID,IA,ACE,CE,Combined TRACON& Tower with Radar,37,33,10,0,80,0,0,4,0,4,37,33,14,0,84,32,0,32,116
04/18/2019,CID,IA,ACE,CE,Combined TRACON& Tower with Radar,45,27,12,2,86,0,1,6,0,7,45,28,18,2,93,24,0,24,117
04/19/2019,CID,IA,ACE,CE,Combined TRACON& Tower with Radar,41,29,15,1,86,0,0,23,1,24,41,29,38,2,110,46,0,46,156
04/20/2019,CID,IA,ACE,CE,Combined TRACON& Tower with Radar,28,18,20,0,66,1,0,85,1,87,29,18,105,1,153,100,0,100,253
04/21/2019,CID,IA,ACE,CE,Combined TRACON& Tower with Radar,29,15,9,0,53,0,0,8,1,9,29,15,17,1,62,6,0,6,68
04/22/2019,CID,IA,ACE,CE,Combined TRACON& Tower with Radar,40,27,13,0,80,0,0,4,0,4,40,27,17,0,84,6,0,6,90
04/23/2019,CID,IA,ACE,CE,Combined TRACON& Tower with Radar,39,26,33,2,100,0,0,24,0,24,39,26,57,2,124,30,0,30,154
04/24/2019,CID,IA,ACE,CE,Combined TRACON& Tower with Radar,37,27,34,1,99,0,0,49,1,50,37,27,83,2,149,48,0,48,197
04/25/2019,CID,IA,ACE,CE,Combined TRACON& Tower with Radar,43,34,35,2,114,0,0,9,0,9,43,34,44,2,123,10,0,10,133
04/26/2019,CID,IA,ACE,CE,Combined TRACON& Tower with Radar,41,26,17,0,84,0,1,18,0,19,41,27,35,0,103,8,0,8,111
04/27/2019,CID,IA,ACE,CE,Combined TRACON& Tower with Radar,30,17,9,0,56,0,0,0,0,0,30,17,9,0,56,0,0,0,56
04/28/2019,CID,IA,ACE,CE,Combined TRACON& Tower with Radar,31,28,26,0,85,0,0,50,0,50,31,28,76,0,135,62,0,62,197
04/29/2019,CID,IA,ACE,CE,Combined TRACON& Tower with Radar,38,29,24,0,91,0,0,10,0,10,38,29,34,0,101,46,0,46,147
04/30/2019,CID,IA,ACE,CE,Combined TRACON& Tower with Radar,41,27,14,0,82,0,0,0,0,0,41,27,14,0,82,0,0,0,82
05/01/2019,CID,IA,ACE,CE,Combined TRACON& Tower with Radar,43,29,47,0,119,0,0,3,0,3,43,29,50,0,122,12,0,12,134
05/02/2019,CID,IA,ACE,CE,Combined TRACON& Tower with Radar,46,28,28,0,102,0,0,17,1,18,46,28,45,1,120,2,0,2,122
05/03/2019,CID,IA,ACE,CE,Combined TRACON& Tower with Radar,42,27,12,1,82,0,0,36,6,42,42,27,48,7,124,90,0,90,214
05/04/2019,CID,IA,ACE,CE,Combined TRACON& Tower with Radar,27,20,17,0,64,0,0,61,0,61,27,20,78,0,125,76,0,76,201
05/05/2019,CID,IA,ACE,CE,Combined TRACON& Tower with Radar,34,28,19,0,81,0,2,13,0,15,34,30,32,0,96,36,0,36,132
05/06/2019,CID,IA,ACE,CE,Combined TRACON& Tower with Radar,37,28,20,0,85,0,0,11,0,11,37,28,31,0,96,0,0,0,96
05/07/2019,CID,IA,ACE,CE,Combined TRACON& Tower with Radar,41,27,42,0,110,0,0,26,0,26,41,27,68,0,136,28,0,28,164
05/08/2019,CID,IA,ACE,CE,Combined TRACON& Tower with Radar,44,26,23,0,93,0,0,2,0,2,44,26,25,0,95,0,0,0,95
05/09/2019,CID,IA,ACE,CE,Combined TRACON& Tower with Radar,45,35,20,4,104,0,0,9,0,9,45,35,29,4,113,38,0,38,151
05/10/2019,CID,IA,ACE,CE,Combined TRACON& Tower with Radar,45,29,23,0,97,0,0,29,0,29,45,29,52,0,126,56,0,56,182
05/11/2019,CID,IA,ACE,CE,Combined TRACON& Tower with Radar,29,29,16,0,74,0,0,9,4,13,29,29,25,4,87,22,0,22,109
05/12/2019,CID,IA,ACE,CE,Combined TRACON& Tower with Radar,40,24,13,0,77,0,0,9,0,9,40,24,22,0,86,16,0,16,102
05/13/2019,CID,IA,ACE,CE,Combined TRACON& Tower with Radar,38,32,20,0,90,0,0,40,0,40,38,32,60,0,130,56,0,56,186
05/14/2019,CID,IA,ACE,CE,Combined TRACON& Tower with Radar,42,26,24,0,92,0,0,11,0,11,42,26,35,0,103,36,0,36,139
05/15/2019,CID,IA,ACE,CE,Combined TRACON& Tower with Radar,41,29,33,0,103,0,0,53,0,53,41,29,86,0,156,90,0,90,246
05/16/2019,CID,IA,ACE,CE,Combined TRACON& Tower with Radar,36,30,26,0,92,0,0,22,2,24,36,30,48,2,116,42,0,42,158
05/17/2019,CID,IA,ACE,CE,Combined TRACON& Tower with Radar,44,33,19,0,96,0,0,2,0,2,44,33,21,0,98,2,0,2,100
05/18/2019,CID,IA,ACE,CE,Combined TRACON& Tower with Radar,27,22,8,0,57,0,0,5,0,5,27,22,13,0,62,0,0,0,62
05/19/2019,CID,IA,ACE,CE,Combined TRACON& Tower with Radar,34,26,17,0,77,0,0,2,0,2,34,26,19,0,79,8,0,8,87
05/20/2019,CID,IA,ACE,CE,Combined TRACON& Tower with Radar,40,32,26,2,100,0,1,28,0,29,40,33,54,2,129,82,0,82,211
05/21/2019,CID,IA,ACE,CE,Combined TRACON& Tower with Radar,47,30,21,0,98,0,0,1,0,1,47,30,22,0,99,0,0,0,99
05/22/2019,CID,IA,ACE,CE,Combined TRACON& Tower with Radar,46,30,9,0,85,0,2,12,0,14,46,32,21,0,99,2,0,2,101
05/23/2019,CID,IA,ACE,CE,Combined TRACON& Tower with Radar,45,32,26,0,103,0,0,43,0,43,45,32,69,0,146,82,0,82,228
05/24/2019,CID,IA,ACE,CE,Combined TRACON& Tower with Radar,48,33,21,0,102,0,0,6,0,6,48,33,27,0,108,8,0,8,116
05/25/2019,CID,IA,ACE,CE,Combined TRACON& Tower with Radar,30,26,4,0,60,0,1,14,0,15,30,27,18,0,75,34,0,34,109
05/26/2019,CID,IA,ACE,CE,Combined TRACON& Tower with Radar,29,28,16,0,73,0,0,47,0,47,29,28,63,0,120,50,0,50,170
05/27/2019,CID,IA,ACE,CE,Combined TRACON& Tower with Radar,31,20,6,0,57,0,0,4,0,4,31,20,10,0,61,0,0,0,61
05/28/2019,CID,IA,ACE,CE,Combined TRACON& Tower with Radar,37,23,5,0,65,0,0,1,0,1,37,23,6,0,66,0,0,0,66
05/29/2019,CID,IA,ACE,CE,Combined TRACON& Tower with Radar,45,34,25,0,104,0,0,18,0,18,45,34,43,0,122,6,0,6,128
05/30/2019,CID,IA,ACE,CE,Combined TRACON& Tower with Radar,44,29,24,0,97,0,0,33,0,33,44,29,57,0,130,30,0,30,160
05/31/2019,CID,IA,ACE,CE,Combined TRACON& Tower with Radar,49,31,21,0,101,0,0,23,0,23,49,31,44,0,124,16,0,16,140
06/01/2019,CID,IA,ACE,CE,Combined TRACON& Tower with Radar,30,29,10,0,69,0,0,23,0,23,30,29,33,0,92,30,0,30,122
06/02/2019,CID,IA,ACE,CE,Combined TRACON& Tower with Radar,38,22,16,0,76,0,0,46,0,46,38,22,62,0,122,50,0,50,172
06/03/2019,CID,IA,ACE,CE,Combined TRACON& Tower with Radar,46,27,14,0,87,0,0,37,0,37,46,27,51,0,124,22,0,22,146
06/04/2019,CID,IA,ACE,CE,Combined TRACON& Tower with Radar,47,27,18,2,94,0,2,16,2,20,47,29,34,4,114,26,0,26,140
06/05/2019,CID,IA,ACE,CE,Combined TRACON& Tower with Radar,53,30,24,0,107,0,3,36,0,39,53,33,60,0,146,56,0,56,202
06/06/2019,CID,IA,ACE,CE,Combined TRACON& Tower with Radar,51,34,25,0,110,0,2,27,0,29,51,36,52,0,139,12,0,12,151
06/07/2019,CID,IA,ACE,CE,Combined TRACON& Tower with Radar,48,36,20,0,104,0,0,38,0,38,48,36,58,0,142,76,0,76,218
06/08/2019,CID,IA,ACE,CE,Combined TRACON& Tower with Radar,36,22,15,0,73,0,1,58,0,59,36,23,73,0,132,62,0,62,194
06/09/2019,CID,IA,ACE,CE,Combined TRACON& Tower with Radar,37,41,20,1,99,0,0,22,1,23,37,41,42,2,122,78,0,78,200
06/10/2019,CID,IA,ACE,CE,Combined TRACON& Tower with Radar,46,32,19,0,97,0,0,17,0,17,46,32,36,0,114,20,0,20,134
06/11/2019,CID,IA,ACE,CE,Combined TRACON& Tower with Radar,50,32,26,0,108,0,0,28,0,28,50,32,54,0,136,114,0,114,250
06/12/2019,CID,IA,ACE,CE,Combined TRACON& Tower with Radar,53,30,22,0,105,0,0,5,2,7,53,30,27,2,112,8,0,8,120
06/13/2019,CID,IA,ACE,CE,Combined TRACON& Tower with Radar,46,35,24,0,105,0,1,48,1,50,46,36,72,1,155,52,0,52,207
06/14/2019,CID,IA,ACE,CE,Combined TRACON& Tower with Radar,50,31,21,0,102,0,1,15,0,16,50,32,36,0,118,42,0,42,160
06/15/2019,CID,IA,ACE,CE,Combined TRACON& Tower with Radar,38,22,15,0,75,0,0,16,0,16,38,22,31,0,91,68,0,68,159
06/16/2019,CID,IA,ACE,CE,Combined TRACON& Tower with Radar,32,32,20,0,84,0,0,15,0,15,32,32,35,0,99,8,0,8,107
06/17/2019,CID,IA,ACE,CE,Combined TRACON& Tower with Radar,43,31,22,0,96,0,0,27,0,27,43,31,49,0,123,64,0,64,187
06/18/2019,CID,IA,ACE,CE,Combined TRACON& Tower with Radar,53,30,17,0,100,0,0,33,0,33,53,30,50,0,133,62,0,62,195
06/19/2019,CID,IA,ACE,CE,Combined TRACON& Tower with Radar,54,34,24,2,114,0,0,11,0,11,54,34,35,2,125,40,0,40,165
06/20/2019,CID,IA,ACE,CE,Combined TRACON& Tower with Radar,47,35,33,1,116,0,0,54,0,54,47,35,87,1,170,64,0,64,234
06/21/2019,CID,IA,ACE,CE,Combined TRACON& Tower with Radar,50,34,10,0,94,0,0,3,0,3,50,34,13,0,97,0,0,0,97
06/22/2019,CID,IA,ACE,CE,Combined TRACON& Tower with Radar,38,23,21,0,82,0,0,17,0,17,38,23,38,0,99,48,0,48,147
06/23/2019,CID,IA,ACE,CE,Combined TRACON& Tower with Radar,33,33,18,0,84,0,0,6,0,6,33,33,24,0,90,0,0,0,90
06/24/2019,CID,IA,ACE,CE,Combined TRACON& Tower with Radar,43,41,21,0,105,0,0,17,0,17,43,41,38,0,122,30,0,30,152
06/25/2019,CID,IA,ACE,CE,Combined TRACON& Tower with Radar,50,37,23,2,112,0,0,36,0,36,50,37,59,2,148,36,0,36,184
06/26/2019,CID,IA,ACE,CE,Combined TRACON& Tower with Radar,54,34,37,2,127,0,0,49,2,51,54,34,86,4,178,70,0,70,248
06/27/2019,CID,IA,ACE,CE,Combined TRACON& Tower with Radar,47,29,23,0,99,0,0,24,0,24,47,29,47,0,123,30,0,30,153
06/28/2019,CID,IA,ACE,CE,Combined TRACON& Tower with Radar,48,32,20,2,102,0,0,26,1,27,48,32,46,3,129,12,0,12,141
06/29/2019,CID,IA,ACE,CE,Combined TRACON& Tower with Radar,43,25,8,1,77,0,0,34,2,36,43,25,42,3,113,8,0,8,121
06/30/2019,CID,IA,ACE,CE,Combined TRACON& Tower with Radar,38,22,19,5,84,0,0,18,0,18,38,22,37,5,102,6,0,6,108
07/01/2019,CID,IA,ACE,CE,Combined TRACON& Tower with Radar,38,28,22,2,90,0,0,30,0,30,38,28,52,2,120,70,0,70,190
07/02/2019,CID,IA,ACE,CE,Combined TRACON& Tower with Radar,49,16,10,0,75,0,0,25,1,26,49,16,35,1,101,18,0,18,119
07/03/2019,CID,IA,ACE,CE,Combined TRACON& Tower with Radar,51,23,11,0,85,0,2,13,0,15,51,25,24,0,100,42,0,42,142
07/04/2019,CID,IA,ACE,CE,Combined TRACON& Tower with Radar,25,24,2,0,51,0,0,29,0,29,25,24,31,0,80,16,0,16,96
07/05/2019,CID,IA,ACE,CE,Combined TRACON& Tower with Radar,41,24,13,0,78,0,0,27,0,27,41,24,40,0,105,78,0,78,183
07/06/2019,CID,IA,ACE,CE,Combined TRACON& Tower with Radar,34,23,12,0,69,0,0,14,0,14,34,23,26,0,83,44,0,44,127
07/07/2019,CID,IA,ACE,CE,Combined TRACON& Tower with Radar,34,41,23,0,98,0,1,34,0,35,34,42,57,0,133,24,0,24,157
07/08/2019,CID,IA,ACE,CE,Combined TRACON& Tower with Radar,42,47,19,0,108,0,1,30,0,31,42,48,49,0,139,66,0,66,205
07/09/2019,CID,IA,ACE,CE,Combined TRACON& Tower with Radar,49,37,26,0,112,0,0,14,0,14,49,37,40,0,126,16,0,16,142
07/10/2019,CID,IA,ACE,CE,Combined TRACON& Tower with Radar,53,32,29,2,116,0,0,27,0,27,53,32,56,2,143,56,0,56,199
07/11/2019,CID,IA,ACE,CE,Combined TRACON& Tower with Radar,46,34,26,0,106,0,1,28,1,30,46,35,54,1,136,42,0,42,178
07/12/2019,CID,IA,ACE,CE,Combined TRACON& Tower with Radar,47,36,23,0,106,0,2,39,0,41,47,38,62,0,147,60,0,60,207
07/13/2019,CID,IA,ACE,CE,Combined TRACON& Tower with Radar,35,28,13,0,76,0,0,140,1,141,35,28,153,1,217,20,0,20,237
07/14/2019,CID,IA,ACE,CE,Combined TRACON& Tower with Radar,34,32,18,0,84,0,0,41,0,41,34,32,59,0,125,46,0,46,171
07/15/2019,CID,IA,ACE,CE,Combined TRACON& Tower with Radar,43,34,14,0,91,0,0,21,0,21,43,34,35,0,112,26,0,26,138
07/16/2019,CID,IA,ACE,CE,Combined TRACON& Tower with Radar,51,32,16,0,99,0,0,20,1,21,51,32,36,1,120,36,0,36,156
07/17/2019,CID,IA,ACE,CE,Combined TRACON& Tower with Radar,57,28,20,0,105,0,1,18,0,19,57,29,38,0,124,32,0,32,156
07/18/2019,CID,IA,ACE,CE,Combined TRACON& Tower with Radar,48,21,17,0,86,0,0,28,0,28,48,21,45,0,114,38,0,38,152
07/19/2019,CID,IA,ACE,CE,Combined TRACON& Tower with Radar,48,31,11,2,92,0,0,32,1,33,48,31,43,3,125,16,0,16,141
07/20/2019,CID,IA,ACE,CE,Combined TRACON& Tower with Radar,37,23,9,0,69,0,4,40,0,44,37,27,49,0,113,18,0,18,131
07/21/2019,CID,IA,ACE,CE,Combined TRACON& Tower with Radar,37,35,15,2,89,0,0,18,0,18,37,35,33,2,107,12,0,12,119
07/22/2019,CID,IA,ACE,CE,Combined TRACON& Tower with Radar,45,35,11,0,91,0,0,45,0,45,45,35,56,0,136,46,0,46,182
07/23/2019,CID,IA,ACE,CE,Combined TRACON& Tower with Radar,51,35,27,0,113,0,1,46,2,49,51,36,73,2,162,68,0,68,230
07/24/2019,CID,IA,ACE,CE,Combined TRACON& Tower with Radar,53,34,18,1,106,0,0,32,0,32,53,34,50,1,138,54,0,54,192
07/25/2019,CID,IA,ACE,CE,Combined TRACON& Tower with Radar,48,35,30,0,113,0,1,28,0,29,48,36,58,0,142,18,0,18,160
07/26/2019,CID,IA,ACE,CE,Combined TRACON& Tower with Radar,47,39,23,0,109,0,0,31,0,31,47,39,54,0,140,58,0,58,198
07/27/2019,CID,IA,ACE,CE,Combined TRACON& Tower with Radar,35,28,15,0,78,0,0,17,0,17,35,28,32,0,95,12,0,12,107
07/28/2019,CID,IA,ACE,CE,Combined TRACON& Tower with Radar,35,38,16,0,89,0,0,25,1,26,35,38,41,1,115,4,0,4,119
07/29/2019,CID,IA,ACE,CE,Combined TRACON& Tower with Radar,41,35,30,1,107,0,0,31,0,31,41,35,61,1,138,40,0,40,178
07/30/2019,CID,IA,ACE,CE,Combined TRACON& Tower with Radar,48,34,30,0,112,0,1,12,0,13,48,35,42,0,125,70,0,70,195
07/31/2019,CID,IA,ACE,CE,Combined TRACON& Tower with Radar,51,33,28,0,112,0,1,26,0,27,51,34,54,0,139,26,0,26,165
08/01/2019,CID,IA,ACE,CE,Combined TRACON& Tower with Radar,45,35,18,0,98,0,0,28,0,28,45,35,46,0,126,0,0,0,126
08/02/2019,CID,IA,ACE,CE,Combined TRACON& Tower with Radar,48,37,26,1,112,0,0,36,1,37,48,37,62,2,149,70,0,70,219
08/03/2019,CID,IA,ACE,CE,Combined TRACON& Tower with Radar,37,24,11,0,72,0,0,39,0,39,37,24,50,0,111,30,0,30,141
08/04/2019,CID,IA,ACE,CE,Combined TRACON& Tower with Radar,35,33,15,1,84,0,0,35,1,36,35,33,50,2,120,62,0,62,182
08/05/2019,CID,IA,ACE,CE,Combined TRACON& Tower with Radar,43,28,15,0,86,0,0,22,0,22,43,28,37,0,108,34,0,34,142
08/06/2019,CID,IA,ACE,CE,Combined TRACON& Tower with Radar,49,30,24,2,105,0,1,23,0,24,49,31,47,2,129,18,0,18,147
08/07/2019,CID,IA,ACE,CE,Combined TRACON& Tower with Radar,56,33,24,0,113,0,0,24,0,24,56,33,48,0,137,68,0,68,205
08/08/2019,CID,IA,ACE,CE,Combined TRACON& Tower with Radar,47,34,26,0,107,0,0,32,0,32,47,34,58,0,139,50,0,50,189
08/09/2019,CID,IA,ACE,CE,Combined TRACON& Tower with Radar,49,31,32,0,112,0,0,51,0,51,49,31,83,0,163,56,0,56,219
08/10/2019,CID,IA,ACE,CE,Combined TRACON& Tower with Radar,38,26,18,0,82,0,0,29,0,29,38,26,47,0,111,88,0,88,199
08/11/2019,CID,IA,ACE,CE,Combined TRACON& Tower with Radar,36,33,16,0,85,0,0,7,0,7,36,33,23,0,92,24,0,24,116
08/12/2019,CID,IA,ACE,CE,Combined TRACON& Tower with Radar,43,29,14,0,86,0,0,0,0,0,43,29,14,0,86,22,0,22,108
08/13/2019,CID,IA,ACE,CE,Combined TRACON& Tower with Radar,49,32,23,0,104,0,0,14,0,14,49,32,37,0,118,0,0,0,118
08/14/2019,CID,IA,ACE,CE,Combined TRACON& Tower with Radar,43,37,15,2,97,0,0,11,0,11,43,37,26,2,108,0,0,0,108
08/15/2019,CID,IA,ACE,CE,Combined TRACON& Tower with Radar,42,41,28,0,111,0,0,37,0,37,42,41,65,0,148,60,0,60,208
08/16/2019,CID,IA,ACE,CE,Combined TRACON& Tower with Radar,48,36,28,0,112,0,0,21,0,21,48,36,49,0,133,72,0,72,205
08/17/2019,CID,IA,ACE,CE,Combined TRACON& Tower with Radar,33,21,23,0,77,0,0,30,0,30,33,21,53,0,107,64,0,64,171
08/18/2019,CID,IA,ACE,CE,Combined TRACON& Tower with Radar,32,27,11,0,70,0,0,13,0,13,32,27,24,0,83,2,0,2,85
08/19/2019,CID,IA,ACE,CE,Combined TRACON& Tower with Radar,43,33,18,0,94,0,1,21,0,22,43,34,39,0,116,36,0,36,152
08/20/2019,CID,IA,ACE,CE,Combined TRACON& Tower with Radar,36,32,21,0,89,0,0,15,0,15,36,32,36,0,104,12,0,12,116
08/21/2019,CID,IA,ACE,CE,Combined TRACON& Tower with Radar,41,41,18,0,100,0,0,7,0,7,41,41,25,0,107,20,0,20,127
08/22/2019,CID,IA,ACE,CE,Combined TRACON& Tower with Radar,45,48,28,0,121,0,0,51,0,51,45,48,79,0,172,40,0,40,212
08/23/2019,CID,IA,ACE,CE,Combined TRACON& Tower with Radar,45,42,13,2,102,0,0,19,0,19,45,42,32,2,121,28,0,28,149
08/24/2019,CID,IA,ACE,CE,Combined TRACON& Tower with Radar,33,26,14,0,73,0,0,56,0,56,33,26,70,0,129,42,0,42,171
08/25/2019,CID,IA,ACE,CE,Combined TRACON& Tower with Radar,32,37,10,0,79,0,0,20,0,20,32,37,30,0,99,12,0,12,111
08/26/2019,CID,IA,ACE,CE,Combined TRACON& Tower with Radar,46,28,17,0,91,0,0,8,0,8,46,28,25,0,99,6,0,6,105
08/27/2019,CID,IA,ACE,CE,Combined TRACON& Tower with Radar,42,37,15,2,96,0,0,29,0,29,42,37,44,2,125,42,0,42,167
08/28/2019,CID,IA,ACE,CE,Combined TRACON& Tower with Radar,40,35,26,1,102,0,0,17,1,18,40,35,43,2,120,38,0,38,158
08/29/2019,CID,IA,ACE,CE,Combined TRACON& Tower with Radar,40,37,14,1,92,0,0,18,1,19,40,37,32,2,111,54,0,54,165
08/30/2019,CID,IA,ACE,CE,Combined TRACON& Tower with Radar,46,38,22,0,106,0,0,44,0,44,46,38,66,0,150,68,0,68,218
08/31/2019,CID,IA,ACE,CE,Combined TRACON& Tower with Radar,26,20,18,0,64,0,0,19,0,19,26,20,37,0,83,24,0,24,107
09/01/2019,CID,IA,ACE,CE,Combined TRACON& Tower with Radar,31,18,9,0,58,0,1,6,0,7,31,19,15,0,65,0,0,0,65
09/02/2019,CID,IA,ACE,CE,Combined TRACON& Tower with Radar,31,39,15,1,86,0,1,32,0,33,31,40,47,1,119,16,0,16,135
09/03/2019,CID,IA,ACE,CE,Combined TRACON& Tower with Radar,38,29,18,0,85,0,0,10,0,10,38,29,28,0,95,0,0,0,95
09/04/2019,CID,IA,ACE,CE,Combined TRACON& Tower with Radar,43,32,26,2,103,0,2,35,2,39,43,34,61,4,142,60,0,60,202
09/05/2019,CID,IA,ACE,CE,Combined TRACON& Tower with Radar,42,32,21,0,95,0,0,35,0,35,42,32,56,0,130,16,0,16,146
09/06/2019,CID,IA,ACE,CE,Combined TRACON& Tower with Radar,48,33,25,0,106,0,0,33,0,33,48,33,58,0,139,10,0,10,149
09/07/2019,CID,IA,ACE,CE,Combined TRACON& Tower with Radar,29,31,13,0,73,0,0,26,0,26,29,31,39,0,99,40,0,40,139
09/08/2019,CID,IA,ACE,CE,Combined TRACON& Tower with Radar,37,31,32,0,100,0,0,9,0,9,37,31,41,0,109,18,0,18,127
09/09/2019,CID,IA,ACE,CE,Combined TRACON& Tower with Radar,43,31,18,0,92,0,0,11,0,11,43,31,29,0,103,18,0,18,121
09/10/2019,CID,IA,ACE,CE,Combined TRACON& Tower with Radar,44,27,35,0,106,0,0,19,0,19,44,27,54,0,125,58,0,58,183
09/11/2019,CID,IA,ACE,CE,Combined TRACON& Tower with Radar,40,32,14,2,88,0,0,21,0,21,40,32,35,2,109,26,0,26,135
09/12/2019,CID,IA,ACE,CE,Combined TRACON& Tower with Radar,50,28,13,0,91,0,0,10,6,16,50,28,23,6,107,0,0,0,107
09/13/2019,CID,IA,ACE,CE,Combined TRACON& Tower with Radar,49,34,16,0,99,0,0,20,0,20,49,34,36,0,119,16,0,16,135
09/14/2019,CID,IA,ACE,CE,Combined TRACON& Tower with Radar,27,23,12,0,62,0,0,20,0,20,27,23,32,0,82,16,0,16,98
09/15/2019,CID,IA,ACE,CE,Combined TRACON& Tower with Radar,35,33,14,0,82,0,0,14,0,14,35,33,28,0,96,76,0,76,172
09/16/2019,CID,IA,ACE,CE,Combined TRACON& Tower with Radar,48,31,17,0,96,0,0,20,0,20,48,31,37,0,116,26,0,26,142
09/17/2019,CID,IA,ACE,CE,Combined TRACON& Tower with Radar,46,29,27,4,106,0,0,32,0,32,46,29,59,4,138,46,0,46,184
09/18/2019,CID,IA,ACE,CE,Combined TRACON& Tower with Radar,43,31,18,0,92,0,1,32,0,33,43,32,50,0,125,22,0,22,147
09/19/2019,CID,IA,ACE,CE,Combined TRACON& Tower with Radar,46,37,38,0,121,0,0,14,0,14,46,37,52,0,135,14,0,14,149
09/20/2019,CID,IA,ACE,CE,Combined TRACON& Tower with Radar,47,35,14,0,96,0,0,19,0,19,47,35,33,0,115,34,0,34,149
09/21/2019,CID,IA,ACE,CE,Combined TRACON& Tower with Radar,25,29,8,0,62,0,0,4,0,4,25,29,12,0,66,0,0,0,66
09/22/2019,CID,IA,ACE,CE,Combined TRACON& Tower with Radar,38,30,10,0,78,0,0,3,0,3,38,30,13,0,81,0,0,0,81
09/23/2019,CID,IA,ACE,CE,Combined TRACON& Tower with Radar,42,32,27,0,101,0,1,45,0,46,42,33,72,0,147,88,0,88,235
09/24/2019,CID,IA,ACE,CE,Combined TRACON& Tower with Radar,44,31,26,2,103,0,0,18,6,24,44,31,44,8,127,40,0,40,167
09/25/2019,CID,IA,ACE,CE,Combined TRACON& Tower with Radar,44,30,30,0,104,0,0,37,2,39,44,30,67,2,143,50,0,50,193
09/26/2019,CID,IA,ACE,CE,Combined TRACON& Tower with Radar,45,43,27,0,115,0,1,46,0,47,45,44,73,0,162,102,0,102,264
09/27/2019,CID,IA,ACE,CE,Combined TRACON& Tower with Radar,50,24,15,0,89,0,0,4,0,4,50,24,19,0,93,0,0,0,93
09/28/2019,CID,IA,ACE,CE,Combined TRACON& Tower with Radar,30,22,17,0,69,0,0,19,0,19,30,22,36,0,88,42,0,42,130
09/29/2019,CID,IA,ACE,CE,Combined TRACON& Tower with Radar,35,30,6,0,71,0,1,0,0,1,35,31,6,0,72,0,0,0,72
09/30/2019,CID,IA,ACE,CE,Combined TRACON& Tower with Radar,40,36,18,6,100,0,3,29,0,32,40,39,47,6,132,16,0,16,148
10/01/2019,CID,IA,ACE,CE,Combined TRACON& Tower with Radar,40,32,12,0,84,0,0,5,0,5,40,32,17,0,89,24,0,24,113
10/02/2019,CID,IA,ACE,CE,Combined TRACON& Tower with Radar,42,35,23,0,100,0,0,0,0,0,42,35,23,0,100,0,0,0,100
10/03/2019,CID,IA,ACE,CE,Combined TRACON& Tower with Radar,42,43,31,0,116,0,0,33,0,33,42,43,64,0,149,36,0,36,185
10/04/2019,CID,IA,ACE,CE,Combined TRACON& Tower with Radar,49,39,7,0,95,0,0,49,0,49,49,39,56,0,144,110,0,110,254
10/05/2019,CID,IA,ACE,CE,Combined TRACON& Tower with Radar,34,33,6,0,73,0,0,5,0,5,34,33,11,0,78,32,0,32,110
10/06/2019,CID,IA,ACE,CE,Combined TRACON& Tower with Radar,33,40,15,0,88,0,0,40,0,40,33,40,55,0,128,106,0,106,234
10/07/2019,CID,IA,ACE,CE,Combined TRACON& Tower with Radar,45,34,12,0,91,142,0,39,0,181,187,34,51,0,272,0,0,0,272
10/08/2019,CID,IA,ACE,CE,Combined TRACON& Tower with Radar,46,39,21,2,108,0,1,47,0,48,46,40,68,2,156,98,0,98,254
10/09/2019,CID,IA,ACE,CE,Combined TRACON& Tower with Radar,44,38,20,7,109,0,0,44,0,44,44,38,64,7,153,14,0,14,167
10/10/2019,CID,IA,ACE,CE,Combined TRACON& Tower with Radar,48,46,23,0,117,0,0,0,0,0,48,46,23,0,117,6,0,6,123
10/11/2019,CID,IA,ACE,CE,Combined TRACON& Tower with Radar,55,33,18,0,106,0,0,8,1,9,55,33,26,1,115,0,4,4,119
10/12/2019,CID,IA,ACE,CE,Combined TRACON& Tower with Radar,33,28,7,1,69,0,0,11,1,12,33,28,18,2,81,22,0,22,103
10/13/2019,CID,IA,ACE,CE,Combined TRACON& Tower with Radar,34,42,13,1,90,0,0,41,0,41,34,42,54,1,131,80,0,80,211
10/14/2019,CID,IA,ACE,CE,Combined TRACON& Tower with Radar,44,40,22,0,106,0,0,53,0,53,44,40,75,0,159,134,0,134,293
10/15/2019,CID,IA,ACE,CE,Combined TRACON& Tower with Radar,49,35,16,0,100,0,0,18,0,18,49,35,34,0,118,64,0,64,182
10/16/2019,CID,IA,ACE,CE,Combined TRACON& Tower with Radar,45,38,24,0,107,0,1,29,2,32,45,39,53,2,139,74,0,74,213
10/17/2019,CID,IA,ACE,CE,Combined TRACON& Tower with Radar,44,38,35,0,117,0,0,46,0,46,44,38,81,0,163,24,0,24,187
10/18/2019,CID,IA,ACE,CE,Combined TRACON& Tower with Radar,50,45,23,1,119,0,0,14,1,15,50,45,37,2,134,84,0,84,218
10/19/2019,CID,IA,ACE,CE,Combined TRACON& Tower with Radar,30,33,19,10,92,0,1,15,4,20,30,34,34,14,112,38,0,38,150
10/20/2019,CID,IA,ACE,CE,Combined TRACON& Tower with Radar,32,46,20,7,105,0,0,30,0,30,32,46,50,7,135,174,0,174,309
10/21/2019,CID,IA,ACE,CE,Combined TRACON& Tower with Radar,45,36,9,0,90,0,0,2,0,2,45,36,11,0,92,0,0,0,92
10/22/2019,CID,IA,ACE,CE,Combined TRACON& Tower with Radar,44,34,13,1,92,0,0,3,0,3,44,34,16,1,95,0,0,0,95
10/23/2019,CID,IA,ACE,CE,Combined TRACON& Tower with Radar,46,40,29,0,115,0,1,18,0,19,46,41,47,0,134,54,0,54,188
10/24/2019,CID,IA,ACE,CE,Combined TRACON& Tower with Radar,43,38,25,0,106,0,0,37,0,37,43,38,62,0,143,40,0,40,183
10/25/2019,CID,IA,ACE,CE,Combined TRACON& Tower with Radar,46,39,17,0,102,0,0,45,0,45,46,39,62,0,147,142,0,142,289
10/26/2019,CID,IA,ACE,CE,Combined TRACON& Tower with Radar,27,33,25,0,85,0,0,38,0,38,27,33,63,0,123,64,0,64,187
10/27/2019,CID,IA,ACE,CE,Combined TRACON& Tower with Radar,30,38,22,0,90,0,0,45,0,45,30,38,67,0,135,40,0,40,175
10/28/2019,CID,IA,ACE,CE,Combined TRACON& Tower with Radar,40,33,21,0,94,0,1,22,0,23,40,34,43,0,117,72,0,72,189
10/29/2019,CID,IA,ACE,CE,Combined TRACON& Tower with Radar,37,34,22,0,93,0,0,23,0,23,37,34,45,0,116,66,0,66,182
10/30/2019,CID,IA,ACE,CE,Combined TRACON& Tower with Radar,42,35,25,0,102,0,0,9,0,9,42,35,34,0,111,24,0,24,135
10/31/2019,CID,IA,ACE,CE,Combined TRACON& Tower with Radar,39,23,9,0,71,0,0,16,0,16,39,23,25,0,87,0,0,0,87
11/01/2019,CID,IA,ACE,CE,Combined TRACON& Tower with Radar,51,30,24,0,105,0,0,20,0,20,51,30,44,0,125,56,0,56,181
11/02/2019,CID,IA,ACE,CE,Combined TRACON& Tower with Radar,36,25,17,0,78,0,0,47,0,47,36,25,64,0,125,94,0,94,219
11/03/2019,CID,IA,ACE,CE,Combined TRACON& Tower with Radar,36,35,15,0,86,0,0,40,0,40,36,35,55,0,126,142,0,142,268
11/04/2019,CID,IA,ACE,CE,Combined TRACON& Tower with Radar,37,42,13,0,92,0,0,8,0,8,37,42,21,0,100,66,0,66,166
11/05/2019,CID,IA,ACE,CE,Combined TRACON& Tower with Radar,39,38,27,2,106,0,0,32,2,34,39,38,59,4,140,108,0,108,248
11/06/2019,CID,IA,ACE,CE,Combined TRACON& Tower with Radar,42,42,25,2,111,0,0,28,0,28,42,42,53,2,139,132,0,132,271
11/07/2019,CID,IA,ACE,CE,Combined TRACON& Tower with Radar,42,39,16,0,97,0,0,29,0,29,42,39,45,0,126,66,0,66,192
11/08/2019,CID,IA,ACE,CE,Combined TRACON& Tower with Radar,50,40,21,0,111,0,0,36,0,36,50,40,57,0,147,62,0,62,209
11/09/2019,CID,IA,ACE,CE,Combined TRACON& Tower with Radar,36,28,21,0,85,0,0,68,0,68,36,28,89,0,153,126,0,126,279
11/10/2019,CID,IA,ACE,CE,Combined TRACON& Tower with Radar,32,42,18,0,92,0,0,17,0,17,32,42,35,0,109,50,0,50,159
11/11/2019,CID,IA,ACE,CE,Combined TRACON& Tower with Radar,31,26,7,0,64,0,0,5,0,5,31,26,12,0,69,6,0,6,75
11/12/2019,CID,IA,ACE,CE,Combined TRACON& Tower with Radar,45,38,27,0,110,1,0,7,0,8,46,38,34,0,118,15,0,15,133
11/13/2019,CID,IA,ACE,CE,Combined TRACON& Tower with Radar,43,44,22,0,109,0,0,5,0,5,43,44,27,0,114,36,0,36,150
11/14/2019,CID,IA,ACE,CE,Combined TRACON& Tower with Radar,43,37,21,0,101,0,0,14,0,14,43,37,35,0,115,46,0,46,161
11/15/2019,CID,IA,ACE,CE,Combined TRACON& Tower with Radar,47,37,11,0,95,0,0,40,1,41,47,37,51,1,136,36,0,36,172
11/16/2019,CID,IA,ACE,CE,Combined TRACON& Tower with Radar,36,24,18,0,78,0,2,31,3,36,36,26,49,3,114,108,8,116,230
11/17/2019,CID,IA,ACE,CE,Combined TRACON& Tower with Radar,32,45,9,0,86,0,0,7,0,7,32,45,16,0,93,8,0,8,101
11/18/2019,CID,IA,ACE,CE,Combined TRACON& Tower with Radar,41,37,16,1,95,0,0,7,2,9,41,37,23,3,104,34,0,34,138
11/19/2019,CID,IA,ACE,CE,Combined TRACON& Tower with Radar,41,35,25,0,101,0,0,13,0,13,41,35,38,0,114,16,0,16,130
11/20/2019,CID,IA,ACE,CE,Combined TRACON& Tower with Radar,48,37,36,0,121,0,1,20,0,21,48,38,56,0,142,24,0,24,166
11/21/2019,CID,IA,ACE,CE,Combined TRACON& Tower with Radar,44,37,7,1,89,0,0,3,0,3,44,37,10,1,92,18,0,18,110
11/22/2019,CID,IA,ACE,CE,Combined TRACON& Tower with Radar,44,39,22,0,105,0,1,52,0,53,44,40,74,0,158,82,0,82,240
11/23/2019,CID,IA,ACE,CE,Combined TRACON& Tower with Radar,35,25,15,0,75,0,0,37,2,39,35,25,52,2,114,86,1,87,201
11/24/2019,CID,IA,ACE,CE,Combined TRACON& Tower with Radar,32,35,12,0,79,0,1,54,0,55,32,36,66,0,134,176,0,176,310
11/25/2019,CID,IA,ACE,CE,Combined TRACON& Tower with Radar,41,34,29,0,104,0,0,48,0,48,41,34,77,0,152,84,0,84,236
11/26/2019,CID,IA,ACE,CE,Combined TRACON& Tower with Radar,37,32,11,0,80,0,0,13,0,13,37,32,24,0,93,52,0,52,145
11/27/2019,CID,IA,ACE,CE,Combined TRACON& Tower with Radar,48,35,5,0,88,0,1,1,0,2,48,36,6,0,90,0,0,0,90
11/28/2019,CID,IA,ACE,CE,Combined TRACON& Tower with Radar,21,13,4,0,38,0,0,2,0,2,21,13,6,0,40,0,0,0,40
11/29/2019,CID,IA,ACE,CE,Combined TRACON& Tower with Radar,38,16,9,0,63,0,0,0,0,0,38,16,9,0,63,0,0,0,63
11/30/2019,CID,IA,ACE,CE,Combined TRACON& Tower with Radar,39,38,8,0,85,0,0,0,0,0,39,38,8,0,85,0,0,0,85
12/01/2019,CID,IA,ACE,CE,Combined TRACON& Tower with Radar,31,41,6,0,78,0,0,0,0,0,31,41,6,0,78,0,0,0,78
12/02/2019,CID,IA,ACE,CE,Combined TRACON& Tower with Radar,51,47,10,0,108,0,1,14,0,15,51,48,24,0,123,82,0,82,205
12/03/2019,CID,IA,ACE,CE,Combined TRACON& Tower with Radar,45,33,23,0,101,0,0,40,0,40,45,33,63,0,141,110,0,110,251
12/04/2019,CID,IA,ACE,CE,Combined TRACON& Tower with Radar,48,33,17,0,98,0,0,23,2,25,48,33,40,2,123,80,0,80,203
12/05/2019,CID,IA,ACE,CE,Combined TRACON& Tower with Radar,53,37,28,0,118,0,0,44,0,44,53,37,72,0,162,88,0,88,250
12/06/2019,CID,IA,ACE,CE,Combined TRACON& Tower with Radar,52,28,32,4,116,0,0,43,0,43,52,28,75,4,159,42,0,42,201
12/07/2019,CID,IA,ACE,CE,Combined TRACON& Tower with Radar,36,23,25,0,84,0,1,67,0,68,36,24,92,0,152,80,0,80,232
12/08/2019,CID,IA,ACE,CE,Combined TRACON& Tower with Radar,40,27,7,0,74,0,0,50,0,50,40,27,57,0,124,110,0,110,234
12/09/2019,CID,IA,ACE,CE,Combined TRACON& Tower with Radar,51,27,13,0,91,0,0,0,0,0,51,27,13,0,91,0,0,0,91
12/10/2019,CID,IA,ACE,CE,Combined TRACON& Tower with Radar,47,21,23,2,93,0,0,16,0,16,47,21,39,2,109,70,0,70,179
12/11/2019,CID,IA,ACE,CE,Combined TRACON& Tower with Radar,52,26,13,0,91,0,0,19,0,19,52,26,32,0,110,0,0,0,110
12/12/2019,CID,IA,ACE,CE,Combined TRACON& Tower with Radar,49,29,10,0,88,0,2,9,0,11,49,31,19,0,99,2,0,2,101
12/13/2019,CID,IA,ACE,CE,Combined TRACON& Tower with Radar,56,30,18,0,104,0,0,4,0,4,56,30,22,0,108,0,0,0,108
12/14/2019,CID,IA,ACE,CE,Combined TRACON& Tower with Radar,40,24,4,0,68,0,0,3,0,3,40,24,7,0,71,24,0,24,95
12/15/2019,CID,IA,ACE,CE,Combined TRACON& Tower with Radar,36,28,15,0,79,0,0,31,0,31,36,28,46,0,110,60,0,60,170
12/16/2019,CID,IA,ACE,CE,Combined TRACON& Tower with Radar,43,28,31,0,102,0,0,19,0,19,43,28,50,0,121,20,0,20,141
12/17/2019,CID,IA,ACE,CE,Combined TRACON& Tower with Radar,44,24,23,0,91,0,0,2,0,2,44,24,25,0,93,0,0,0,93
12/18/2019,CID,IA,ACE,CE,Combined TRACON& Tower with Radar,49,30,21,0,100,0,0,22,0,22,49,30,43,0,122,38,0,38,160
12/19/2019,CID,IA,ACE,CE,Combined TRACON& Tower with Radar,54,26,19,2,101,0,0,35,0,35,54,26,54,2,136,10,0,10,146
12/20/2019,CID,IA,ACE,CE,Combined TRACON& Tower with Radar,59,29,15,0,103,0,0,23,0,23,59,29,38,0,126,62,0,62,188
12/21/2019,CID,IA,ACE,CE,Combined TRACON& Tower with Radar,54,26,10,0,90,0,0,65,0,65,54,26,75,0,155,126,0,126,281
12/22/2019,CID,IA,ACE,CE,Combined TRACON& Tower with Radar,38,33,6,0,77,0,0,35,0,35,38,33,41,0,112,62,0,62,174
12/23/2019,CID,IA,ACE,CE,Combined TRACON& Tower with Radar,61,27,22,0,110,0,0,38,0,38,61,27,60,0,148,104,0,104,252
12/24/2019,CID,IA,ACE,CE,Combined TRACON& Tower with Radar,44,21,8,0,73,0,1,20,0,21,44,22,28,0,94,24,0,24,118
12/25/2019,CID,IA,ACE,CE,Combined TRACON& Tower with Radar,35,14,1,0,50,0,0,4,0,4,35,14,5,0,54,0,0,0,54
12/26/2019,CID,IA,ACE,CE,Combined TRACON& Tower with Radar,48,26,5,0,79,0,0,2,0,2,48,26,7,0,81,0,0,0,81
12/27/2019,CID,IA,ACE,CE,Combined TRACON& Tower with Radar,55,30,24,0,109,0,0,27,0,27,55,30,51,0,136,28,0,28,164
12/28/2019,CID,IA,ACE,CE,Combined TRACON& Tower with Radar,44,29,1,0,74,0,0,1,0,1,44,29,2,0,75,0,0,0,75
12/29/2019,CID,IA,ACE,CE,Combined TRACON& Tower with Radar,36,32,9,0,77,0,0,4,0,4,36,32,13,0,81,12,0,12,93
12/30/2019,CID,IA,ACE,CE,Combined TRACON& Tower with Radar,50,25,6,0,81,0,0,1,0,1,50,25,7,0,82,0,0,0,82
12/31/2019,CID,IA,ACE,CE,Combined TRACON& Tower with Radar,48,17,5,0,70,0,0,6,0,6,48,17,11,0,76,0,0,0,76
01/01/2020,CID,IA,ACE,CE,Combined TRACON& Tower with Radar,29,22,4,0,55,0,0,19,0,19,29,22,23,0,74,14,0,14,88
01/02/2020,CID,IA,ACE,CE,Combined TRACON& Tower with Radar,47,27,6,1,81,0,0,30,1,31,47,27,36,2,112,58,0,58,170
01/03/2020,CID,IA,ACE,CE,Combined TRACON& Tower with Radar,54,28,1,0,83,0,0,6,0,6,54,28,7,0,89,22,0,22,111
01/04/2020,CID,IA,ACE,CE,Combined TRACON& Tower with Radar,42,21,1,0,64,0,0,5,0,5,42,21,6,0,69,38,0,38,107
01/05/2020,CID,IA,ACE,CE,Combined TRACON& Tower with Radar,34,29,8,0,71,0,0,8,0,8,34,29,16,0,79,6,0,6,85
01/06/2020,CID,IA,ACE,CE,Combined TRACON& Tower with Radar,53,28,26,0,107,0,0,24,0,24,53,28,50,0,131,30,0,30,161
01/07/2020,CID,IA,ACE,CE,Combined TRACON& Tower with Radar,43,30,16,0,89,0,2,14,0,16,43,32,30,0,105,38,0,38,143
01/08/2020,CID,IA,ACE,CE,Combined TRACON& Tower with Radar,51,31,22,0,104,0,0,26,0,26,51,31,48,0,130,22,0,22,152
01/09/2020,CID,IA,ACE,CE,Combined TRACON& Tower with Radar,51,28,12,0,91,0,0,12,0,12,51,28,24,0,103,14,0,14,117
01/10/2020,CID,IA,ACE,CE,Combined TRACON& Tower with Radar,41,29,7,0,77,0,0,8,0,8,41,29,15,0,85,6,0,6,91
01/11/2020,CID,IA,ACE,CE,Combined TRACON& Tower with Radar,46,7,5,0,58,1,0,2,0,3,47,7,7,0,61,0,0,0,61
01/12/2020,CID,IA,ACE,CE,Combined TRACON& Tower with Radar,39,28,17,0,84,0,0,3,0,3,39,28,20,0,87,18,0,18,105
01/13/2020,CID,IA,ACE,CE,Combined TRACON& Tower with Radar,45,28,17,0,90,0,0,0,0,0,45,28,17,0,90,0,0,0,90
01/14/2020,CID,IA,ACE,CE,Combined TRACON& Tower with Radar,40,29,13,0,82,0,0,7,0,7,40,29,20,0,89,12,0,12,101
01/15/2020,CID,IA,ACE,CE,Combined TRACON& Tower with Radar,51,33,9,0,93,0,0,1,0,1,51,33,10,0,94,0,0,0,94
01/16/2020,CID,IA,ACE,CE,Combined TRACON& Tower with Radar,48,28,23,0,99,0,0,31,0,31,48,28,54,0,130,58,0,58,188
01/17/2020,CID,IA,ACE,CE,Combined TRACON& Tower with Radar,32,17,5,0,54,0,0,2,0,2,32,17,7,0,56,0,0,0,56
01/18/2020,CID,IA,ACE,CE,Combined TRACON& Tower with Radar,35,10,1,0,46,0,0,0,0,0,35,10,1,0,46,0,0,0,46
01/19/2020,CID,IA,ACE,CE,Combined TRACON& Tower with Radar,35,17,8,0,60,0,0,4,0,4,35,17,12,0,64,0,0,0,64
01/20/2020,CID,IA,ACE,CE,Combined TRACON& Tower with Radar,46,28,4,0,78,0,0,8,0,8,46,28,12,0,86,6,0,6,92
01/21/2020,CID,IA,ACE,CE,Combined TRACON& Tower with Radar,44,27,27,0,98,0,0,23,2,25,44,27,50,2,123,16,0,16,139
01/22/2020,CID,IA,ACE,CE,Combined TRACON& Tower with Radar,49,39,11,0,99,0,0,2,0,2,49,39,13,0,101,8,0,8,109
01/23/2020,CID,IA,ACE,CE,Combined TRACON& Tower with Radar,51,28,12,0,91,0,0,0,0,0,51,28,12,0,91,0,0,0,91
01/24/2020,CID,IA,ACE,CE,Combined TRACON& Tower with Radar,49,31,10,0,90,0,0,0,0,0,49,31,10,0,90,0,0,0,90
01/25/2020,CID,IA,ACE,CE,Combined TRACON& Tower with Radar,41,22,9,1,73,0,1,0,0,1,41,23,9,1,74,0,0,0,74
01/26/2020,CID,IA,ACE,CE,Combined TRACON& Tower with Radar,40,36,9,0,85,0,0,2,0,2,40,36,11,0,87,0,0,0,87
01/27/2020,CID,IA,ACE,CE,Combined TRACON& Tower with Radar,44,30,12,0,86,0,0,0,0,0,44,30,12,0,86,0,0,0,86
01/28/2020,CID,IA,ACE,CE,Combined TRACON& Tower with Radar,37,38,5,2,82,0,0,0,0,0,37,38,5,2,82,0,0,0,82
01/29/2020,CID,IA,ACE,CE,Combined TRACON& Tower with Radar,51,32,6,2,91,0,0,0,0,0,51,32,6,2,91,0,0,0,91
01/30/2020,CID,IA,ACE,CE,Combined TRACON& Tower with Radar,48,30,12,0,90,0,0,0,0,0,48,30,12,0,90,0,0,0,90
01/31/2020,CID,IA,ACE,CE,Combined TRACON& Tower with Radar,51,33,14,0,98,0,0,0,0,0,51,33,14,0,98,0,0,0,98
02/01/2020,CID,IA,ACE,CE,Combined TRACON& Tower with Radar,44,23,18,0,85,0,0,44,0,44,44,23,62,0,129,64,0,64,193
02/02/2020,CID,IA,ACE,CE,Combined TRACON& Tower with Radar,39,22,33,0,94,0,0,77,0,77,39,22,110,0,171,48,0,48,219
02/03/2020,CID,IA,ACE,CE,Combined TRACON& Tower with Radar,48,35,21,0,104,0,0,13,0,13,48,35,34,0,117,4,0,4,121
02/04/2020,CID,IA,ACE,CE,Combined TRACON& Tower with Radar,39,31,22,0,92,0,0,16,0,16,39,31,38,0,108,8,0,8,116
02/05/2020,CID,IA,ACE,CE,Combined TRACON& Tower with Radar,48,31,12,0,91,0,0,15,0,15,48,31,27,0,106,26,0,26,132
02/06/2020,CID,IA,ACE,CE,Combined TRACON& Tower with Radar,43,30,15,0,88,0,0,17,2,19,43,30,32,2,107,36,0,36,143
02/07/2020,CID,IA,ACE,CE,Combined TRACON& Tower with Radar,48,29,13,0,90,0,0,5,0,5,48,29,18,0,95,24,0,24,119
02/08/2020,CID,IA,ACE,CE,Combined TRACON& Tower with Radar,37,21,12,0,70,0,0,54,0,54,37,21,66,0,124,56,0,56,180
02/09/2020,CID,IA,ACE,CE,Combined TRACON& Tower with Radar,36,25,13,0,74,0,0,0,0,0,36,25,13,0,74,0,0,0,74
02/10/2020,CID,IA,ACE,CE,Combined TRACON& Tower with Radar,50,33,12,0,95,0,0,8,0,8,50,33,20,0,103,10,0,10,113
02/11/2020,CID,IA,ACE,CE,Combined TRACON& Tower with Radar,44,27,22,3,96,0,0,26,1,27,44,27,48,4,123,28,0,28,151
02/12/2020,CID,IA,ACE,CE,Combined TRACON& Tower with Radar,52,25,15,0,92,0,0,5,0,5,52,25,20,0,97,4,0,4,101
02/13/2020,CID,IA,ACE,CE,Combined TRACON& Tower with Radar,46,30,27,0,103,0,0,6,0,6,46,30,33,0,109,0,0,0,109
02/14/2020,CID,IA,ACE,CE,Combined TRACON& Tower with Radar,56,27,11,0,94,0,0,20,0,20,56,27,31,0,114,6,0,6,120
02/15/2020,CID,IA,ACE,CE,Combined TRACON& Tower with Radar,42,19,10,0,71,0,0,21,0,21,42,19,31,0,92,4,0,4,96
02/16/2020,CID,IA,ACE,CE,Combined TRACON& Tower with Radar,36,22,7,0,65,0,0,50,0,50,36,22,57,0,115,56,0,56,171
02/17/2020,CID,IA,ACE,CE,Combined TRACON& Tower with Radar,46,22,5,0,73,0,0,0,0,0,46,22,5,0,73,0,0,0,73
02/18/2020,CID,IA,ACE,CE,Combined TRACON& Tower with Radar,46,36,14,2,98,0,0,28,0,28,46,36,42,2,126,8,0,8,134
02/19/2020,CID,IA,ACE,CE,Combined TRACON& Tower with Radar,57,27,23,0,107,0,1,18,0,19,57,28,41,0,126,18,0,18,144
02/20/2020,CID,IA,ACE,CE,Combined TRACON& Tower with Radar,49,31,15,0,95,0,2,27,2,31,49,33,42,2,126,52,0,52,178
02/21/2020,CID,IA,ACE,CE,Combined TRACON& Tower with Radar,57,25,23,0,105,0,0,23,0,23,57,25,46,0,128,40,0,40,168
02/22/2020,CID,IA,ACE,CE,Combined TRACON& Tower with Radar,42,21,10,0,73,0,1,59,0,60,42,22,69,0,133,80,0,80,213
02/23/2020,CID,IA,ACE,CE,Combined TRACON& Tower with Radar,38,26,11,0,75,0,0,67,0,67,38,26,78,0,142,28,0,28,170
02/24/2020,CID,IA,ACE,CE,Combined TRACON& Tower with Radar,55,28,20,0,103,0,0,9,0,9,55,28,29,0,112,18,0,18,130
02/25/2020,CID,IA,ACE,CE,Combined TRACON& Tower with Radar,52,25,8,0,85,0,0,6,0,6,52,25,14,0,91,0,0,0,91
02/26/2020,CID,IA,ACE,CE,Combined TRACON& Tower with Radar,51,33,28,0,112,0,0,20,0,20,51,33,48,0,132,2,0,2,134
02/27/2020,CID,IA,ACE,CE,Combined TRACON& Tower with Radar,54,24,20,0,98,0,0,14,0,14,54,24,34,0,112,16,0,16,128
02/28/2020,CID,IA,ACE,CE,Combined TRACON& Tower with Radar,55,26,5,0,86,0,0,11,0,11,55,26,16,0,97,0,0,0,97
02/29/2020,CID,IA,ACE,CE,Combined TRACON& Tower with Radar,46,18,15,0,79,0,0,67,0,67,46,18,82,0,146,74,0,74,220
03/01/2020,CID,IA,ACE,CE,Combined TRACON& Tower with Radar,38,29,18,0,85,0,0,67,0,67,38,29,85,0,152,100,0,100,252
03/02/2020,CID,IA,ACE,CE,Combined TRACON& Tower with Radar,52,24,10,0,86,0,0,5,0,5,52,24,15,0,91,0,0,0,91
03/03/2020,CID,IA,ACE,CE,Combined TRACON& Tower with Radar,51,28,7,0,86,0,0,15,0,15,51,28,22,0,101,0,0,0,101
03/04/2020,CID,IA,ACE,CE,Combined TRACON& Tower with Radar,57,25,26,2,110,0,0,43,0,43,57,25,69,2,153,42,0,42,195
03/05/2020,CID,IA,ACE,CE,Combined TRACON& Tower with Radar,63,20,10,0,93,0,0,2,0,2,63,20,12,0,95,12,0,12,107
03/06/2020,CID,IA,ACE,CE,Combined TRACON& Tower with Radar,64,18,25,0,107,0,0,33,0,33,64,18,58,0,140,60,0,60,200
03/07/2020,CID,IA,ACE,CE,Combined TRACON& Tower with Radar,56,9,10,0,75,0,1,44,0,45,56,10,54,0,120,8,0,8,128
03/08/2020,CID,IA,ACE,CE,Combined TRACON& Tower with Radar,50,20,5,0,75,0,0,5,0,5,50,20,10,0,80,0,0,0,80
03/09/2020,CID,IA,ACE,CE,Combined TRACON& Tower with Radar,58,23,19,0,100,0,0,5,0,5,58,23,24,0,105,0,0,0,105
03/10/2020,CID,IA,ACE,CE,Combined TRACON& Tower with Radar,58,20,14,0,92,0,1,32,0,33,58,21,46,0,125,40,0,40,165
03/11/2020,CID,IA,ACE,CE,Combined TRACON& Tower with Radar,67,19,14,0,100,0,2,6,0,8,67,21,20,0,108,8,0,8,116
03/12/2020,CID,IA,ACE,CE,Combined TRACON& Tower with Radar,58,29,20,0,107,0,0,0,0,0,58,29,20,0,107,26,0,26,133
03/13/2020,CID,IA,ACE,CE,Combined TRACON& Tower with Radar,63,28,17,0,108,0,0,18,1,19,63,28,35,1,127,36,0,36,163
03/14/2020,CID,IA,ACE,CE,Combined TRACON& Tower with Radar,52,20,7,0,79,0,0,0,0,0,52,20,7,0,79,22,0,22,101
03/15/2020,CID,IA,ACE,CE,Combined TRACON& Tower with Radar,43,27,20,0,90,0,0,34,0,34,43,27,54,0,124,86,0,86,210
03/16/2020,CID,IA,ACE,CE,Combined TRACON& Tower with Radar,54,25,13,0,92,0,0,7,0,7,54,25,20,0,99,24,0,24,123
03/17/2020,CID,IA,ACE,CE,Combined TRACON& Tower with Radar,55,29,18,0,102,0,1,35,0,36,55,30,53,0,138,78,0,78,216
03/18/2020,CID,IA,ACE,CE,Combined TRACON& Tower with Radar,63,25,12,2,102,0,0,0,0,0,63,25,12,2,102,0,0,0,102
03/19/2020,CID,IA,ACE,CE,Combined TRACON& Tower with Radar,46,27,5,0,78,0,0,0,0,0,46,27,5,0,78,0,0,0,78
03/20/2020,CID,IA,ACE,CE,Combined TRACON& Tower with Radar,53,26,4,0,83,0,0,1,0,1,53,26,5,0,84,0,0,0,84
03/21/2020,CID,IA,ACE,CE,Combined TRACON& Tower with Radar,44,21,5,0,70,0,0,32,0,32,44,21,37,0,102,44,0,44,146
03/22/2020,CID,IA,ACE,CE,Combined TRACON& Tower with Radar,37,17,1,0,55,0,0,10,0,10,37,17,11,0,65,32,0,32,97
03/23/2020,CID,IA,ACE,CE,Combined TRACON& Tower with Radar,34,19,7,0,60,0,0,3,0,3,34,19,10,0,63,0,0,0,63
03/24/2020,CID,IA,ACE,CE,Combined TRACON& Tower with Radar,36,19,10,0,65,0,1,10,0,11,36,20,20,0,76,22,0,22,98
03/25/2020,CID,IA,ACE,CE,Combined TRACON& Tower with Radar,30,13,5,2,50,0,0,8,0,8,30,13,13,2,58,16,0,16,74
03/26/2020,CID,IA,ACE,CE,Combined TRACON& Tower with Radar,27,13,6,2,48,0,0,6,0,6,27,13,12,2,54,16,0,16,70
03/27/2020,CID,IA,ACE,CE,Combined TRACON& Tower with Radar,31,13,2,0,46,0,0,4,0,4,31,13,6,0,50,48,0,48,98
03/28/2020,CID,IA,ACE,CE,Combined TRACON& Tower with Radar,26,10,0,0,36,0,0,2,0,2,26,10,2,0,38,0,0,0,38
03/29/2020,CID,IA,ACE,CE,Combined TRACON& Tower with Radar,23,14,0,0,37,0,0,1,0,1,23,14,1,0,38,0,0,0,38
03/30/2020,CID,IA,ACE,CE,Combined TRACON& Tower with Radar,28,16,11,0,55,0,0,70,1,71,28,16,81,1,126,96,0,96,222
03/31/2020,CID,IA,ACE,CE,Combined TRACON& Tower with Radar,32,24,5,0,61,0,0,24,0,24,32,24,29,0,85,122,0,122,207
04/01/2020,CID,IA,ACE,CE,Combined TRACON& Tower with Radar,28,12,7,0,47,0,0,19,0,19,28,12,26,0,66,40,0,40,106
04/02/2020,CID,IA,ACE,CE,Combined TRACON& Tower with Radar,25,11,3,1,40,0,0,11,1,12,25,11,14,2,52,22,0,22,74
04/03/2020,CID,IA,ACE,CE,Combined TRACON& Tower with Radar,27,8,1,0,36,0,0,0,0,0,27,8,1,0,36,0,0,0,36
04/04/2020,CID,IA,ACE,CE,Combined TRACON& Tower with Radar,18,9,4,0,31,0,0,43,0,43,18,9,47,0,74,98,0,98,172
04/05/2020,CID,IA,ACE,CE,Combined TRACON& Tower with Radar,16,8,12,0,36,0,0,45,0,45,16,8,57,0,81,112,0,112,193
04/06/2020,CID,IA,ACE,CE,Combined TRACON& Tower with Radar,25,4,3,0,32,0,0,4,0,4,25,4,7,0,36,16,0,16,52
04/07/2020,CID,IA,ACE,CE,Combined TRACON& Tower with Radar,18,6,10,0,34,0,0,19,0,19,18,6,29,0,53,66,0,66,119
04/08/2020,CID,IA,ACE,CE,Combined TRACON& Tower with Radar,23,11,5,0,39,0,0,13,0,13,23,11,18,0,52,6,0,6,58
04/09/2020,CID,IA,ACE,CE,Combined TRACON& Tower with Radar,23,11,5,0,39,0,0,4,4,8,23,11,9,4,47,0,0,0,47
04/10/2020,CID,IA,ACE,CE,Combined TRACON& Tower with Radar,25,10,9,0,44,0,0,52,0,52,25,10,61,0,96,76,0,76,172
04/11/2020,CID,IA,ACE,CE,Combined TRACON& Tower with Radar,13,9,2,0,24,0,0,11,0,11,13,9,13,0,35,0,0,0,35
04/12/2020,CID,IA,ACE,CE,Combined TRACON& Tower with Radar,7,5,2,0,14,0,0,1,0,1,7,5,3,0,15,0,0,0,15
04/13/2020,CID,IA,ACE,CE,Combined TRACON& Tower with Radar,17,6,1,0,24,0,0,1,0,1,17,6,2,0,25,0,0,0,25
04/14/2020,CID,IA,ACE,CE,Combined TRACON& Tower with Radar,21,6,8,0,35,0,0,9,0,9,21,6,17,0,44,12,0,12,56
04/15/2020,CID,IA,ACE,CE,Combined TRACON& Tower with Radar,19,6,4,0,29,0,0,15,0,15,19,6,19,0,44,12,0,12,56
04/16/2020,CID,IA,ACE,CE,Combined TRACON& Tower with Radar,22,3,8,1,34,0,0,21,1,22,22,3,29,2,56,28,0,28,84
04/17/2020,CID,IA,ACE,CE,Combined TRACON& Tower with Radar,25,6,7,0,38,0,0,12,0,12,25,6,19,0,50,56,0,56,106
04/18/2020,CID,IA,ACE,CE,Combined TRACON& Tower with Radar,13,2,6,0,21,0,0,9,0,9,13,2,15,0,30,14,0,14,44
04/19/2020,CID,IA,ACE,CE,Combined TRACON& Tower with Radar,6,2,4,0,12,0,0,55,0,55,6,2,59,0,67,102,0,102,169
04/20/2020,CID,IA,ACE,CE,Combined TRACON& Tower with Radar,15,3,7,4,29,0,0,12,0,12,15,3,19,4,41,40,0,40,81
04/21/2020,CID,IA,ACE,CE,Combined TRACON& Tower with Radar,17,5,13,0,35,0,0,18,0,18,17,5,31,0,53,8,0,8,61
04/22/2020,CID,IA,ACE,CE,Combined TRACON& Tower with Radar,16,10,10,0,36,0,0,13,0,13,16,10,23,0,49,0,0,0,49
04/23/2020,CID,IA,ACE,CE,Combined TRACON& Tower with Radar,15,7,14,1,37,0,0,16,0,16,15,7,30,1,53,20,0,20,73
04/24/2020,CID,IA,ACE,CE,Combined TRACON& Tower with Radar,18,4,10,4,36,0,0,7,0,7,18,4,17,4,43,0,0,0,43
04/25/2020,CID,IA,ACE,CE,Combined TRACON& Tower with Radar,11,2,8,0,21,0,0,41,1,42,11,2,49,1,63,36,0,36,99
04/26/2020,CID,IA,ACE,CE,Combined TRACON& Tower with Radar,6,7,13,0,26,0,0,64,0,64,6,7,77,0,90,48,0,48,138
04/27/2020,CID,IA,ACE,CE,Combined TRACON& Tower with Radar,10,9,8,0,27,0,0,11,0,11,10,9,19,0,38,0,0,0,38
04/28/2020,CID,IA,ACE,CE,Combined TRACON& Tower with Radar,15,4,10,0,29,0,0,4,0,4,15,4,14,0,33,12,0,12,45
04/29/2020,CID,IA,ACE,CE,Combined TRACON& Tower with Radar,13,8,8,0,29,0,0,1,0,1,13,8,9,0,30,10,0,10,40
04/30/2020,CID,IA,ACE,CE,Combined TRACON& Tower with Radar,19,7,5,0,31,0,0,15,1,16,19,7,20,1,47,8,0,8,55
05/01/2020,CID,IA,ACE,CE,Combined TRACON& Tower with Radar,25,4,9,0,38,0,0,19,1,20,25,4,28,1,58,22,0,22,80
05/02/2020,CID,IA,ACE,CE,Combined TRACON& Tower with Radar,15,1,10,0,26,0,1,49,0,50,15,2,59,0,76,98,0,98,174
05/03/2020,CID,IA,ACE,CE,Combined TRACON& Tower with Radar,17,1,9,0,27,0,0,47,0,47,17,1,56,0,74,96,0,96,170
05/04/2020,CID,IA,ACE,CE,Combined TRACON& Tower with Radar,21,3,10,0,34,0,0,16,0,16,21,3,26,0,50,12,0,12,62
05/05/2020,CID,IA,ACE,CE,Combined TRACON& Tower with Radar,21,2,4,0,27,0,0,0,0,0,21,2,4,0,27,0,0,0,27
05/06/2020,CID,IA,ACE,CE,Combined TRACON& Tower with Radar,24,2,21,2,49,0,0,18,0,18,24,2,39,2,67,52,0,52,119
05/07/2020,CID,IA,ACE,CE,Combined TRACON& Tower with Radar,28,4,14,0,46,0,0,39,0,39,28,4,53,0,85,90,0,90,175
05/08/2020,CID,IA,ACE,CE,Combined TRACON& Tower with Radar,33,2,24,0,59,0,1,6,0,7,33,3,30,0,66,0,0,0,66
05/09/2020,CID,IA,ACE,CE,Combined TRACON& Tower with Radar,20,1,7,1,29,0,0,54,0,54,20,1,61,1,83,62,0,62,145
05/10/2020,CID,IA,ACE,CE,Combined TRACON& Tower with Radar,21,2,5,0,28,0,0,1,0,1,21,2,6,0,29,0,0,0,29
05/11/2020,CID,IA,ACE,CE,Combined TRACON& Tower with Radar,29,3,17,0,49,0,0,19,0,19,29,3,36,0,68,66,0,66,134
05/12/2020,CID,IA,ACE,CE,Combined TRACON& Tower with Radar,23,3,11,0,37,0,0,57,1,58,23,3,68,1,95,70,0,70,165
05/13/2020,CID,IA,ACE,CE,Combined TRACON& Tower with Radar,27,4,13,0,44,0,0,8,0,8,27,4,21,0,52,14,0,14,66
05/14/2020,CID,IA,ACE,CE,Combined TRACON& Tower with Radar,30,2,7,0,39,0,0,6,0,6,30,2,13,0,45,0,0,0,45
05/15/2020,CID,IA,ACE,CE,Combined TRACON& Tower with Radar,32,4,17,2,55,0,0,52,0,52,32,4,69,2,107,38,0,38,145
05/16/2020,CID,IA,ACE,CE,Combined TRACON& Tower with Radar,24,3,7,0,34,0,1,27,0,28,24,4,34,0,62,26,0,26,88
05/17/2020,CID,IA,ACE,CE,Combined TRACON& Tower with Radar,21,4,14,0,39,0,1,12,0,13,21,5,26,0,52,0,0,0,52
05/18/2020,CID,IA,ACE,CE,Combined TRACON& Tower with Radar,27,4,18,0,49,0,0,2,0,2,27,4,20,0,51,0,0,0,51
05/19/2020,CID,IA,ACE,CE,Combined TRACON& Tower with Radar,24,4,24,2,54,0,0,14,0,14,24,4,38,2,68,36,0,36,104
05/20/2020,CID,IA,ACE,CE,Combined TRACON& Tower with Radar,29,7,13,4,53,0,1,6,0,7,29,8,19,4,60,30,0,30,90
05/21/2020,CID,IA,ACE,CE,Combined TRACON& Tower with Radar,33,6,4,0,43,0,0,7,0,7,33,6,11,0,50,38,0,38,88
05/22/2020,CID,IA,ACE,CE,Combined TRACON& Tower with Radar,33,6,17,0,56,0,0,28,0,28,33,6,45,0,84,86,0,86,170
05/23/2020,CID,IA,ACE,CE,Combined TRACON& Tower with Radar,21,3,2,0,26,0,0,12,0,12,21,3,14,0,38,26,0,26,64
05/24/2020,CID,IA,ACE,CE,Combined TRACON& Tower with Radar,23,4,12,0,39,0,0,23,0,23,23,4,35,0,62,38,0,38,100
05/25/2020,CID,IA,ACE,CE,Combined TRACON& Tower with Radar,19,2,5,0,26,0,0,22,0,22,19,2,27,0,48,18,0,18,66
05/26/2020,CID,IA,ACE,CE,Combined TRACON& Tower with Radar,23,8,6,2,39,0,0,24,0,24,23,8,30,2,63,8,0,8,71
05/27/2020,CID,IA,ACE,CE,Combined TRACON& Tower with Radar,30,6,17,0,53,0,0,14,0,14,30,6,31,0,67,38,0,38,105
05/28/2020,CID,IA,ACE,CE,Combined TRACON& Tower with Radar,33,4,26,0,63,0,1,8,0,9,33,5,34,0,72,6,0,6,78
05/29/2020,CID,IA,ACE,CE,Combined TRACON& Tower with Radar,32,2,26,0,60,0,0,49,0,49,32,2,75,0,109,0,0,0,109
05/30/2020,CID,IA,ACE,CE,Combined TRACON& Tower with Radar,20,2,16,0,38,0,0,69,0,69,20,2,85,0,107,56,0,56,163
05/31/2020,CID,IA,ACE,CE,Combined TRACON& Tower with Radar,23,2,14,0,39,0,0,58,0,58,23,2,72,0,97,79,0,79,176
06/01/2020,CID,IA,ACE,CE,Combined TRACON& Tower with Radar,29,4,15,0,48,0,2,18,0,20,29,6,33,0,68,0,0,0,68
06/02/2020,CID,IA,ACE,CE,Combined TRACON& Tower with Radar,25,2,27,0,54,0,0,23,0,23,25,2,50,0,77,6,0,6,83
06/03/2020,CID,IA,ACE,CE,Combined TRACON& Tower with Radar,34,6,12,0,52,0,0,16,0,16,34,6,28,0,68,6,0,6,74
06/04/2020,CID,IA,ACE,CE,Combined TRACON& Tower with Radar,32,3,25,0,60,0,0,34,0,34,32,3,59,0,94,40,0,40,134
06/05/2020,CID,IA,ACE,CE,Combined TRACON& Tower with Radar,32,0,19,0,51,0,0,37,0,37,32,0,56,0,88,10,0,10,98
06/06/2020,CID,IA,ACE,CE,Combined TRACON& Tower with Radar,24,1,11,0,36,0,0,43,0,43,24,1,54,0,79,10,0,10,89
06/07/2020,CID,IA,ACE,CE,Combined TRACON& Tower with Radar,20,4,18,0,42,0,1,25,0,26,20,5,43,0,68,22,0,22,90
06/08/2020,CID,IA,ACE,CE,Combined TRACON& Tower with Radar,28,2,12,0,42,0,0,39,0,39,28,2,51,0,81,32,0,32,113
06/09/2020,CID,IA,ACE,CE,Combined TRACON& Tower with Radar,25,6,3,0,34,0,0,1,0,1,25,6,4,0,35,0,0,0,35
06/10/2020,CID,IA,ACE,CE,Combined TRACON& Tower with Radar,29,5,11,0,45,0,1,4,0,5,29,6,15,0,50,6,0,6,56
06/11/2020,CID,IA,ACE,CE,Combined TRACON& Tower with Radar,32,5,26,1,64,0,1,38,1,40,32,6,64,2,104,32,0,32,136
06/12/2020,CID,IA,ACE,CE,Combined TRACON& Tower with Radar,32,7,18,0,57,0,0,57,0,57,32,7,75,0,114,130,0,130,244
06/13/2020,CID,IA,ACE,CE,Combined TRACON& Tower with Radar,24,1,14,0,39,0,0,49,0,49,24,1,63,0,88,22,0,22,110
06/14/2020,CID,IA,ACE,CE,Combined TRACON& Tower with Radar,20,3,10,0,33,0,0,44,0,44,20,3,54,0,77,14,0,14,91
06/15/2020,CID,IA,ACE,CE,Combined TRACON& Tower with Radar,28,1,12,1,42,0,0,24,3,27,28,1,36,4,69,28,0,28,97
06/16/2020,CID,IA,ACE,CE,Combined TRACON& Tower with Radar,27,7,27,0,61,0,0,54,0,54,27,7,81,0,115,14,0,14,129
06/17/2020,CID,IA,ACE,CE,Combined TRACON& Tower with Radar,27,4,18,0,49,0,1,34,0,35,27,5,52,0,84,0,0,0,84
06/18/2020,CID,IA,ACE,CE,Combined TRACON& Tower with Radar,32,2,27,0,61,0,0,38,2,40,32,2,65,2,101,58,0,58,159
06/19/2020,CID,IA,ACE,CE,Combined TRACON& Tower with Radar,37,0,2,0,39,0,0,1,0,1,37,0,3,0,40,0,0,0,40
06/20/2020,CID,IA,ACE,CE,Combined TRACON& Tower with Radar,22,2,12,0,36,0,0,4,0,4,22,2,16,0,40,8,0,8,48
06/21/2020,CID,IA,ACE,CE,Combined TRACON& Tower with Radar,18,0,13,0,31,0,0,39,0,39,18,0,52,0,70,20,0,20,90
06/22/2020,CID,IA,ACE,CE,Combined TRACON& Tower with Radar,29,0,5,0,34,0,0,6,0,6,29,0,11,0,40,0,0,0,40
06/23/2020,CID,IA,ACE,CE,Combined TRACON& Tower with Radar,27,3,22,1,53,0,0,37,1,38,27,3,59,2,91,44,0,44,135
06/24/2020,CID,IA,ACE,CE,Combined TRACON& Tower with Radar,27,4,11,0,42,0,1,50,0,51,27,5,61,0,93,76,0,76,169
06/25/2020,CID,IA,ACE,CE,Combined TRACON& Tower with Radar,30,5,21,0,56,0,0,69,0,69,30,5,90,0,125,76,0,76,201
06/26/2020,CID,IA,ACE,CE,Combined TRACON& Tower with Radar,37,1,9,0,47,0,1,15,0,16,37,2,24,0,63,24,0,24,87
06/27/2020,CID,IA,ACE,CE,Combined TRACON& Tower with Radar,21,3,11,0,35,0,1,48,0,49,21,4,59,0,84,64,0,64,148
06/28/2020,CID,IA,ACE,CE,Combined TRACON& Tower with Radar,18,2,11,0,31,0,0,19,0,19,18,2,30,0,50,38,0,38,88
06/29/2020,CID,IA,ACE,CE,Combined TRACON& Tower with Radar,29,2,13,0,44,0,0,28,0,28,29,2,41,0,72,92,0,92,164
06/30/2020,CID,IA,ACE,CE,Combined TRACON& Tower with Radar,26,5,13,0,44,0,0,25,0,25,26,5,38,0,69,96,0,96,165
07/01/2020,CID,IA,ACE,CE,Combined TRACON& Tower with Radar,25,7,11,0,43,0,0,11,0,11,25,7,22,0,54,32,0,32,86
07/02/2020,CID,IA,ACE,CE,Combined TRACON& Tower with Radar,33,4,21,0,58,0,0,49,0,49,33,4,70,0,107,80,0,80,187
07/03/2020,CID,IA,ACE,CE,Combined TRACON& Tower with Radar,32,1,13,0,46,0,1,71,0,72,32,2,84,0,118,106,0,106,224
07/04/2020,CID,IA,ACE,CE,Combined TRACON& Tower with Radar,20,0,11,0,31,0,0,27,0,27,20,0,38,0,58,4,0,4,62
07/05/2020,CID,IA,ACE,CE,Combined TRACON& Tower with Radar,20,0,16,0,36,0,0,49,0,49,20,0,65,0,85,34,0,34,119
07/06/2020,CID,IA,ACE,CE,Combined TRACON& Tower with Radar,36,6,16,0,58,0,1,49,0,50,36,7,65,0,108,82,0,82,190
07/07/2020,CID,IA,ACE,CE,Combined TRACON& Tower with Radar,33,4,11,0,48,0,1,40,0,41,33,5,51,0,89,55,0,55,144
07/08/2020,CID,IA,ACE,CE,Combined TRACON& Tower with Radar,33,9,19,0,61,0,0,41,0,41,33,9,60,0,102,66,0,66,168
07/09/2020,CID,IA,ACE,CE,Combined TRACON& Tower with Radar,40,7,14,0,61,0,0,6,0,6,40,7,20,0,67,20,0,20,87
07/10/2020,CID,IA,ACE,CE,Combined TRACON& Tower with Radar,46,2,21,0,69,0,0,35,0,35,46,2,56,0,104,34,0,34,138
07/11/2020,CID,IA,ACE,CE,Combined TRACON& Tower with Radar,33,6,4,0,43,0,0,16,0,16,33,6,20,0,59,50,0,50,109
07/12/2020,CID,IA,ACE,CE,Combined TRACON& Tower with Radar,28,12,13,0,53,0,2,51,0,53,28,14,64,0,106,76,0,76,182
07/13/2020,CID,IA,ACE,CE,Combined TRACON& Tower with Radar,38,8,20,0,66,0,4,50,0,54,38,12,70,0,120,20,0,20,140
07/14/2020,CID,IA,ACE,CE,Combined TRACON& Tower with Radar,35,6,20,0,61,0,0,15,0,15,35,6,35,0,76,16,0,16,92
07/15/2020,CID,IA,ACE,CE,Combined TRACON& Tower with Radar,35,4,13,0,52,0,1,9,0,10,35,5,22,0,62,0,0,0,62
07/16/2020,CID,IA,ACE,CE,Combined TRACON& Tower with Radar,39,8,34,0,81,0,0,52,0,52,39,8,86,0,133,104,0,104,237
07/17/2020,CID,IA,ACE,CE,Combined TRACON& Tower with Radar,46,6,13,0,65,0,0,49,1,50,46,6,62,1,115,72,0,72,187
07/18/2020,CID,IA,ACE,CE,Combined TRACON& Tower with Radar,31,9,12,0,52,0,0,27,0,27,31,9,39,0,79,14,0,14,93
07/19/2020,CID,IA,ACE,CE,Combined TRACON& Tower with Radar,28,10,17,0,55,0,0,51,0,51,28,10,68,0,106,50,0,50,156
07/20/2020,CID,IA,ACE,CE,Combined TRACON& Tower with Radar,37,7,11,0,55,0,0,33,0,33,37,7,44,0,88,60,0,60,148
07/21/2020,CID,IA,ACE,CE,Combined TRACON& Tower with Radar,32,7,7,2,48,0,0,9,0,9,32,7,16,2,57,0,0,0,57
07/22/2020,CID,IA,ACE,CE,Combined TRACON& Tower with Radar,34,4,17,0,55,0,1,61,0,62,34,5,78,0,117,72,0,72,189
07/23/2020,CID,IA,ACE,CE,Combined TRACON& Tower with Radar,40,10,15,0,65,0,1,50,2,53,40,11,65,2,118,56,0,56,174
07/24/2020,CID,IA,ACE,CE,Combined TRACON& Tower with Radar,42,7,19,0,68,0,0,60,0,60,42,7,79,0,128,38,0,38,166
07/25/2020,CID,IA,ACE,CE,Combined TRACON& Tower with Radar,33,6,12,0,51,0,0,32,0,32,33,6,44,0,83,58,0,58,141
07/26/2020,CID,IA,ACE,CE,Combined TRACON& Tower with Radar,28,6,8,0,42,0,1,7,0,8,28,7,15,0,50,40,0,40,90
07/27/2020,CID,IA,ACE,CE,Combined TRACON& Tower with Radar,40,8,9,0,57,0,2,23,0,25,40,10,32,0,82,8,0,8,90
07/28/2020,CID,IA,ACE,CE,Combined TRACON& Tower with Radar,33,5,26,1,65,0,2,59,0,61,33,7,85,1,126,0,0,0,126
07/29/2020,CID,IA,ACE,CE,Combined TRACON& Tower with Radar,34,10,30,1,75,0,0,36,0,36,34,10,66,1,111,34,0,34,145
07/30/2020,CID,IA,ACE,CE,Combined TRACON& Tower with Radar,42,8,20,0,70,0,0,25,0,25,42,8,45,0,95,40,0,40,135
07/31/2020,CID,IA,ACE,CE,Combined TRACON& Tower with Radar,44,4,24,2,74,0,0,48,0,48,44,4,72,2,122,14,2,16,138
08/01/2020,CID,IA,ACE,CE,Combined TRACON& Tower with Radar,32,11,16,0,59,0,1,42,0,43,32,12,58,0,102,32,0,32,134
08/02/2020,CID,IA,ACE,CE,Combined TRACON& Tower with Radar,30,8,24,0,62,0,0,20,0,20,30,8,44,0,82,28,0,28,110
08/03/2020,CID,IA,ACE,CE,Combined TRACON& Tower with Radar,37,11,13,0,61,0,0,17,0,17,37,11,30,0,78,26,0,26,104
08/04/2020,CID,IA,ACE,CE,Combined TRACON& Tower with Radar,31,19,14,4,68,0,0,35,0,35,31,19,49,4,103,36,0,36,139
08/05/2020,CID,IA,ACE,CE,Combined TRACON& Tower with Radar,33,16,14,1,64,0,0,48,1,49,33,16,62,2,113,16,0,16,129
08/06/2020,CID,IA,ACE,CE,Combined TRACON& Tower with Radar,38,15,12,2,67,0,0,28,1,29,38,15,40,3,96,20,0,20,116
08/07/2020,CID,IA,ACE,CE,Combined TRACON& Tower with Radar,45,12,12,1,70,0,0,19,0,19,45,12,31,1,89,32,0,32,121
08/08/2020,CID,IA,ACE,CE,Combined TRACON& Tower with Radar,29,14,20,0,63,0,0,20,0,20,29,14,40,0,83,38,0,38,121
08/09/2020,CID,IA,ACE,CE,Combined TRACON& Tower with Radar,28,15,25,0,68,0,0,10,0,10,28,15,35,0,78,0,0,0,78
08/10/2020,CID,IA,ACE,CE,Combined TRACON& Tower with Radar,24,9,9,0,42,0,0,5,0,5,24,9,14,0,47,0,0,0,47
08/11/2020,CID,IA,ACE,CE,Combined TRACON& Tower with Radar,17,25,14,0,56,0,1,21,0,22,17,26,35,0,78,0,0,0,78
08/12/2020,CID,IA,ACE,CE,Combined TRACON& Tower with Radar,14,40,7,2,63,0,1,11,0,12,14,41,18,2,75,0,0,0,75
08/13/2020,CID,IA,ACE,CE,Combined TRACON& Tower with Radar,44,16,15,2,77,0,0,8,2,10,44,16,23,4,87,0,0,0,87
08/14/2020,CID,IA,ACE,CE,Combined TRACON& Tower with Radar,41,18,2,1,62,0,1,31,1,33,41,19,33,2,95,34,0,34,129
08/15/2020,CID,IA,ACE,CE,Combined TRACON& Tower with Radar,29,17,11,0,57,0,1,43,0,44,29,18,54,0,101,0,0,0,101
08/16/2020,CID,IA,ACE,CE,Combined TRACON& Tower with Radar,30,14,12,0,56,0,1,29,0,30,30,15,41,0,86,14,0,14,100
08/17/2020,CID,IA,ACE,CE,Combined TRACON& Tower with Radar,37,23,26,2,88,0,0,22,0,22,37,23,48,2,110,26,0,26,136
08/18/2020,CID,IA,ACE,CE,Combined TRACON& Tower with Radar,31,20,14,6,71,0,1,27,2,30,31,21,41,8,101,16,0,16,117
08/19/2020,CID,IA,ACE,CE,Combined TRACON& Tower with Radar,29,29,20,3,81,0,0,31,3,34,29,29,51,6,115,34,0,34,149
08/20/2020,CID,IA,ACE,CE,Combined TRACON& Tower with Radar,39,18,27,0,84,0,2,46,0,48,39,20,73,0,132,66,0,66,198
08/21/2020,CID,IA,ACE,CE,Combined TRACON& Tower with Radar,40,14,12,0,66,0,0,21,0,21,40,14,33,0,87,0,0,0,87
08/22/2020,CID,IA,ACE,CE,Combined TRACON& Tower with Radar,24,14,8,0,46,0,0,11,0,11,24,14,19,0,57,0,0,0,57
08/23/2020,CID,IA,ACE,CE,Combined TRACON& Tower with Radar,28,17,12,0,57,0,1,28,0,29,28,18,40,0,86,20,0,20,106
08/24/2020,CID,IA,ACE,CE,Combined TRACON& Tower with Radar,34,22,12,0,68,0,0,21,0,21,34,22,33,0,89,8,0,8,97
08/25/2020,CID,IA,ACE,CE,Combined TRACON& Tower with Radar,26,17,15,2,60,0,0,34,0,34,26,17,49,2,94,32,0,32,126
08/26/2020,CID,IA,ACE,CE,Combined TRACON& Tower with Radar,27,15,25,0,67,0,0,22,0,22,27,15,47,0,89,14,0,14,103
08/27/2020,CID,IA,ACE,CE,Combined TRACON& Tower with Radar,38,15,14,0,67,0,0,19,0,19,38,15,33,0,86,24,0,24,110
08/28/2020,CID,IA,ACE,CE,Combined TRACON& Tower with Radar,38,14,16,2,70,0,0,27,0,27,38,14,43,2,97,18,0,18,115
08/29/2020,CID,IA,ACE,CE,Combined TRACON& Tower with Radar,24,14,15,0,53,0,0,37,0,37,24,14,52,0,90,10,0,10,100
08/30/2020,CID,IA,ACE,CE,Combined TRACON& Tower with Radar,26,16,17,0,59,0,0,32,0,32,26,16,49,0,91,28,0,28,119
08/31/2020,CID,IA,ACE,CE,Combined TRACON& Tower with Radar,35,18,6,0,59,0,0,11,0,11,35,18,17,0,70,24,0,24,94
09/01/2020,CID,IA,ACE,CE,Combined TRACON& Tower with Radar,27,18,16,0,61,0,0,11,0,11,27,18,27,0,72,20,0,20,92
09/02/2020,CID,IA,ACE,CE,Combined TRACON& Tower with Radar,33,15,20,0,68,0,0,45,0,45,33,15,65,0,113,62,0,62,175
09/03/2020,CID,IA,ACE,CE,Combined TRACON& Tower with Radar,41,14,15,0,70,0,0,6,0,6,41,14,21,0,76,12,0,12,88
09/04/2020,CID,IA,ACE,CE,Combined TRACON& Tower with Radar,40,17,16,0,73,0,1,40,0,41,40,18,56,0,114,28,0,28,142
09/05/2020,CID,IA,ACE,CE,Combined TRACON& Tower with Radar,22,14,9,0,45,0,0,27,0,27,22,14,36,0,72,22,0,22,94
09/06/2020,CID,IA,ACE,CE,Combined TRACON& Tower with Radar,26,11,2,0,39,0,0,6,0,6,26,11,8,0,45,0,0,0,45
09/07/2020,CID,IA,ACE,CE,Combined TRACON& Tower with Radar,31,17,12,0,60,0,1,47,0,48,31,18,59,0,108,48,0,48,156
09/08/2020,CID,IA,ACE,CE,Combined TRACON& Tower with Radar,28,14,8,0,50,0,0,1,0,1,28,14,9,0,51,0,0,0,51
09/09/2020,CID,IA,ACE,CE,Combined TRACON& Tower with Radar,35,9,16,0,60,0,0,6,0,6,35,9,22,0,66,0,0,0,66
09/10/2020,CID,IA,ACE,CE,Combined TRACON& Tower with Radar,42,16,26,4,88,0,0,7,0,7,42,16,33,4,95,0,0,0,95
09/11/2020,CID,IA,ACE,CE,Combined TRACON& Tower with Radar,55,12,10,2,79,0,0,0,0,0,55,12,10,2,79,0,0,0,79
09/12/2020,CID,IA,ACE,CE,Combined TRACON& Tower with Radar,26,9,31,2,68,0,0,12,0,12,26,9,43,2,80,28,0,28,108
09/13/2020,CID,IA,ACE,CE,Combined TRACON& Tower with Radar,30,10,16,0,56,0,2,40,0,42,30,12,56,0,98,70,0,70,168
09/14/2020,CID,IA,ACE,CE,Combined TRACON& Tower with Radar,38,11,18,2,69,0,0,38,0,38,38,11,56,2,107,18,0,18,125
09/15/2020,CID,IA,ACE,CE,Combined TRACON& Tower with Radar,35,10,16,0,61,0,1,32,1,34,35,11,48,1,95,36,0,36,131
09/16/2020,CID,IA,ACE,CE,Combined TRACON& Tower with Radar,35,8,23,0,66,0,0,32,0,32,35,8,55,0,98,30,0,30,128
09/17/2020,CID,IA,ACE,CE,Combined TRACON& Tower with Radar,41,14,26,0,81,0,0,32,0,32,41,14,58,0,113,42,0,42,155
09/18/2020,CID,IA,ACE,CE,Combined TRACON& Tower with Radar,41,8,19,2,70,0,0,27,0,27,41,8,46,2,97,48,0,48,145
09/19/2020,CID,IA,ACE,CE,Combined TRACON& Tower with Radar,27,7,12,0,46,0,1,34,0,35,27,8,46,0,81,42,0,42,123
09/20/2020,CID,IA,ACE,CE,Combined TRACON& Tower with Radar,30,12,13,0,55,0,0,33,0,33,30,12,46,0,88,22,0,22,110
09/21/2020,CID,IA,ACE,CE,Combined TRACON& Tower with Radar,40,10,29,0,79,0,2,18,0,20,40,12,47,0,99,28,0,28,127
09/22/2020,CID,IA,ACE,CE,Combined TRACON& Tower with Radar,34,8,27,0,69,0,0,41,0,41,34,8,68,0,110,30,0,30,140
09/23/2020,CID,IA,ACE,CE,Combined TRACON& Tower with Radar,36,8,8,2,54,0,0,32,0,32,36,8,40,2,86,62,0,62,148
09/24/2020,CID,IA,ACE,CE,Combined TRACON& Tower with Radar,41,12,22,0,75,0,1,31,2,34,41,13,53,2,109,80,0,80,189
09/25/2020,CID,IA,ACE,CE,Combined TRACON& Tower with Radar,43,13,16,0,72,0,0,26,0,26,43,13,42,0,98,30,0,30,128
09/26/2020,CID,IA,ACE,CE,Combined TRACON& Tower with Radar,25,12,12,0,49,0,0,9,0,9,25,12,21,0,58,22,0,22,80
09/27/2020,CID,IA,ACE,CE,Combined TRACON& Tower with Radar,32,11,6,0,49,0,0,10,0,10,32,11,16,0,59,6,0,6,65
09/28/2020,CID,IA,ACE,CE,Combined TRACON& Tower with Radar,36,12,24,0,72,0,0,12,0,12,36,12,36,0,84,14,0,14,98
09/29/2020,CID,IA,ACE,CE,Combined TRACON& Tower with Radar,38,10,16,0,64,0,2,24,0,26,38,12,40,0,90,58,0,58,148
09/30/2020,CID,IA,ACE,CE,Combined TRACON& Tower with Radar,35,16,11,0,62,0,1,19,0,20,35,17,30,0,82,14,0,14,96
10/01/2020,CID,IA,ACE,CE,Combined TRACON& Tower with Radar,40,17,28,0,85,0,2,35,2,39,40,19,63,2,124,108,0,108,232
10/02/2020,CID,IA,ACE,CE,Combined TRACON& Tower with Radar,40,8,25,0,73,0,0,38,0,38,40,8,63,0,111,36,0,36,147
10/03/2020,CID,IA,ACE,CE,Combined TRACON& Tower with Radar,25,9,9,0,43,0,0,21,0,21,25,9,30,0,64,20,0,20,84
10/04/2020,CID,IA,ACE,CE,Combined TRACON& Tower with Radar,28,10,16,0,54,0,1,51,0,52,28,11,67,0,106,86,0,86,192
10/05/2020,CID,IA,ACE,CE,Combined TRACON& Tower with Radar,35,12,19,0,66,0,0,8,0,8,35,12,27,0,74,10,0,10,84
10/06/2020,CID,IA,ACE,CE,Combined TRACON& Tower with Radar,34,14,9,2,59,0,0,22,0,22,34,14,31,2,81,24,0,24,105
10/07/2020,CID,IA,ACE,CE,Combined TRACON& Tower with Radar,33,10,16,0,59,0,1,55,0,56,33,11,71,0,115,48,0,48,163
10/08/2020,CID,IA,ACE,CE,Combined TRACON& Tower with Radar,40,16,26,0,82,0,0,47,0,47,40,16,73,0,129,102,0,102,231
10/09/2020,CID,IA,ACE,CE,Combined TRACON& Tower with Radar,42,16,9,0,67,0,0,26,1,27,42,16,35,1,94,34,0,34,128
10/10/2020,CID,IA,ACE,CE,Combined TRACON& Tower with Radar,25,13,20,0,58,0,0,46,0,46,25,13,66,0,104,62,0,62,166
10/11/2020,CID,IA,ACE,CE,Combined TRACON& Tower with Radar,30,14,5,0,49,0,0,22,0,22,30,14,27,0,71,0,0,0,71
10/12/2020,CID,IA,ACE,CE,Combined TRACON& Tower with Radar,38,12,7,0,57,0,0,7,0,7,38,12,14,0,64,0,0,0,64
10/13/2020,CID,IA,ACE,CE,Combined TRACON& Tower with Radar,32,14,22,0,68,0,0,23,0,23,32,14,45,0,91,84,0,84,175
10/14/2020,CID,IA,ACE,CE,Combined TRACON& Tower with Radar,33,11,17,0,61,0,0,12,0,12,33,11,29,0,73,20,0,20,93
10/15/2020,CID,IA,ACE,CE,Combined TRACON& Tower with Radar,41,15,23,3,82,0,0,19,3,22,41,15,42,6,104,36,0,36,140
10/16/2020,CID,IA,ACE,CE,Combined TRACON& Tower with Radar,44,14,23,0,81,0,0,21,0,21,44,14,44,0,102,22,0,22,124
10/17/2020,CID,IA,ACE,CE,Combined TRACON& Tower with Radar,26,14,5,0,45,0,0,2,0,2,26,14,7,0,47,8,0,8,55
10/18/2020,CID,IA,ACE,CE,Combined TRACON& Tower with Radar,32,10,8,0,50,0,0,29,0,29,32,10,37,0,79,58,0,58,137
10/19/2020,CID,IA,ACE,CE,Combined TRACON& Tower with Radar,37,14,20,0,71,0,0,2,0,2,37,14,22,0,73,0,0,0,73
10/20/2020,CID,IA,ACE,CE,Combined TRACON& Tower with Radar,34,11,24,0,69,0,0,14,0,14,34,11,38,0,83,12,0,12,95
10/21/2020,CID,IA,ACE,CE,Combined TRACON& Tower with Radar,35,13,23,2,73,0,0,13,1,14,35,13,36,3,87,26,2,28,115
10/22/2020,CID,IA,ACE,CE,Combined TRACON& Tower with Radar,50,11,23,0,84,0,0,1,0,1,50,11,24,0,85,0,0,0,85
10/23/2020,CID,IA,ACE,CE,Combined TRACON& Tower with Radar,47,17,17,0,81,0,1,0,0,1,47,18,17,0,82,0,0,0,82
10/24/2020,CID,IA,ACE,CE,Combined TRACON& Tower with Radar,25,14,10,0,49,0,0,40,2,42,25,14,50,2,91,70,0,70,161
10/25/2020,CID,IA,ACE,CE,Combined TRACON& Tower with Radar,32,13,6,3,54,0,0,16,1,17,32,13,22,4,71,0,0,0,71
10/26/2020,CID,IA,ACE,CE,Combined TRACON& Tower with Radar,38,15,12,1,66,0,0,11,0,11,38,15,23,1,77,0,0,0,77
10/27/2020,CID,IA,ACE,CE,Combined TRACON& Tower with Radar,34,14,18,15,81,0,0,50,5,55,34,14,68,20,136,48,12,60,196
10/28/2020,CID,IA,ACE,CE,Combined TRACON& Tower with Radar,31,12,24,0,67,0,0,30,0,30,31,12,54,0,97,76,0,76,173
10/29/2020,CID,IA,ACE,CE,Combined TRACON& Tower with Radar,41,16,24,0,81,0,0,29,0,29,41,16,53,0,110,26,0,26,136
10/30/2020,CID,IA,ACE,CE,Combined TRACON& Tower with Radar,45,20,17,0,82,0,1,45,1,47,45,21,62,1,129,120,0,120,249
10/31/2020,CID,IA,ACE,CE,Combined TRACON& Tower with Radar,19,9,2,0,30,0,1,8,0,9,19,10,10,0,39,16,0,16,55
11/01/2020,CID,IA,ACE,CE,Combined TRACON& Tower with Radar,28,12,12,0,52,0,0,12,0,12,28,12,24,0,64,0,0,0,64
11/02/2020,CID,IA,ACE,CE,Combined TRACON& Tower with Radar,41,10,14,0,65,0,0,25,0,25,41,10,39,0,90,64,0,64,154
11/03/2020,CID,IA,ACE,CE,Combined TRACON& Tower with Radar,34,9,10,0,53,0,0,42,0,42,34,9,52,0,95,58,0,58,153
11/04/2020,CID,IA,ACE,CE,Combined TRACON& Tower with Radar,36,9,18,0,63,0,1,26,0,27,36,10,44,0,90,26,0,26,116
11/05/2020,CID,IA,ACE,CE,Combined TRACON& Tower with Radar,42,13,22,1,78,0,0,38,1,39,42,13,60,2,117,12,0,12,129
11/06/2020,CID,IA,ACE,CE,Combined TRACON& Tower with Radar,49,17,14,0,80,0,0,26,0,26,49,17,40,0,106,34,0,34,140
11/07/2020,CID,IA,ACE,CE,Combined TRACON& Tower with Radar,32,10,4,0,46,0,0,28,0,28,32,10,32,0,74,8,0,8,82
11/08/2020,CID,IA,ACE,CE,Combined TRACON& Tower with Radar,36,11,17,0,64,0,1,29,0,30,36,12,46,0,94,12,0,12,106
11/09/2020,CID,IA,ACE,CE,Combined TRACON& Tower with Radar,38,14,14,0,66,0,0,2,0,2,38,14,16,0,68,0,0,0,68
11/10/2020,CID,IA,ACE,CE,Combined TRACON& Tower with Radar,35,10,10,0,55,0,0,0,0,0,35,10,10,0,55,0,0,0,55
11/11/2020,CID,IA,ACE,CE,Combined TRACON& Tower with Radar,37,14,25,0,76,0,1,36,0,37,37,15,61,0,113,46,0,46,159
11/12/2020,CID,IA,ACE,CE,Combined TRACON& Tower with Radar,46,14,15,0,75,0,1,32,0,33,46,15,47,0,108,46,0,46,154
11/13/2020,CID,IA,ACE,CE,Combined TRACON& Tower with Radar,48,8,21,0,77,0,0,46,0,46,48,8,67,0,123,52,0,52,175
11/14/2020,CID,IA,ACE,CE,Combined TRACON& Tower with Radar,32,11,10,0,53,0,0,6,0,6,32,11,16,0,59,0,0,0,59
11/15/2020,CID,IA,ACE,CE,Combined TRACON& Tower with Radar,33,8,8,0,49,0,0,2,0,2,33,8,10,0,51,0,0,0,51
11/16/2020,CID,IA,ACE,CE,Combined TRACON& Tower with Radar,40,10,22,0,72,0,0,28,0,28,40,10,50,0,100,6,0,6,106
11/17/2020,CID,IA,ACE,CE,Combined TRACON& Tower with Radar,36,9,12,0,57,0,0,43,1,44,36,9,55,1,101,72,0,72,173
11/18/2020,CID,IA,ACE,CE,Combined TRACON& Tower with Radar,36,12,17,0,65,0,0,5,0,5,36,12,22,0,70,4,0,4,74
11/19/2020,CID,IA,ACE,CE,Combined TRACON& Tower with Radar,45,11,17,0,73,0,0,12,0,12,45,11,29,0,85,12,0,12,97
11/20/2020,CID,IA,ACE,CE,Combined TRACON& Tower with Radar,52,13,14,4,83,0,0,26,0,26,52,13,40,4,109,58,0,58,167
11/21/2020,CID,IA,ACE,CE,Combined TRACON& Tower with Radar,32,14,14,0,60,0,0,54,0,54,32,14,68,0,114,104,0,104,218
11/22/2020,CID,IA,ACE,CE,Combined TRACON& Tower with Radar,34,11,12,0,57,0,0,22,0,22,34,11,34,0,79,8,0,8,87
11/23/2020,CID,IA,ACE,CE,Combined TRACON& Tower with Radar,34,10,14,0,58,0,0,21,0,21,34,10,35,0,79,38,0,38,117
11/24/2020,CID,IA,ACE,CE,Combined TRACON& Tower with Radar,45,15,14,0,74,0,0,0,0,0,45,15,14,0,74,0,0,0,74
11/25/2020,CID,IA,ACE,CE,Combined TRACON& Tower with Radar,50,13,11,0,74,0,0,0,0,0,50,13,11,0,74,0,0,0,74
11/26/2020,CID,IA,ACE,CE,Combined TRACON& Tower with Radar,22,6,2,0,30,0,0,2,0,2,22,6,4,0,32,0,0,0,32
11/27/2020,CID,IA,ACE,CE,Combined TRACON& Tower with Radar,40,10,6,0,56,0,0,13,0,13,40,10,19,0,69,14,0,14,83
11/28/2020,CID,IA,ACE,CE,Combined TRACON& Tower with Radar,39,17,14,0,70,0,0,48,0,48,39,17,62,0,118,34,0,34,152
11/29/2020,CID,IA,ACE,CE,Combined TRACON& Tower with Radar,37,13,21,0,71,0,0,23,0,23,37,13,44,0,94,4,0,4,98
11/30/2020,CID,IA,ACE,CE,Combined TRACON& Tower with Radar,47,13,9,0,69,0,0,26,0,26,47,13,35,0,95,16,0,16,111
12/01/2020,CID,IA,ACE,CE,Combined TRACON& Tower with Radar,39,10,16,0,65,0,0,34,0,34,39,10,50,0,99,52,0,52,151
12/02/2020,CID,IA,ACE,CE,Combined TRACON& Tower with Radar,37,12,17,0,66,0,2,34,0,36,37,14,51,0,102,38,0,38,140
12/03/2020,CID,IA,ACE,CE,Combined TRACON& Tower with Radar,44,13,16,0,73,0,0,28,0,28,44,13,44,0,101,0,0,0,101
12/04/2020,CID,IA,ACE,CE,Combined TRACON& Tower with Radar,48,14,21,0,83,0,2,24,0,26,48,16,45,0,109,86,0,86,195
12/05/2020,CID,IA,ACE,CE,Combined TRACON& Tower with Radar,24,9,21,0,54,0,0,48,0,48,24,9,69,0,102,54,0,54,156
12/06/2020,CID,IA,ACE,CE,Combined TRACON& Tower with Radar,31,13,6,0,50,0,0,12,0,12,31,13,18,0,62,101,0,101,163
12/07/2020,CID,IA,ACE,CE,Combined TRACON& Tower with Radar,44,15,4,0,63,0,0,0,0,0,44,15,4,0,63,0,0,0,63
12/08/2020,CID,IA,ACE,CE,Combined TRACON& Tower with Radar,43,10,9,0,62,0,0,0,0,0,43,10,9,0,62,0,0,0,62
12/09/2020,CID,IA,ACE,CE,Combined TRACON& Tower with Radar,37,13,26,0,76,0,0,57,0,57,37,13,83,0,133,62,0,62,195
12/10/2020,CID,IA,ACE,CE,Combined TRACON& Tower with Radar,45,10,20,1,76,0,0,40,1,41,45,10,60,2,117,60,0,60,177
12/11/2020,CID,IA,ACE,CE,Combined TRACON& Tower with Radar,46,13,6,0,65,0,0,6,0,6,46,13,12,0,71,0,0,0,71
12/12/2020,CID,IA,ACE,CE,Combined TRACON& Tower with Radar,25,16,3,0,44,0,0,0,0,0,25,16,3,0,44,0,0,0,44
12/13/2020,CID,IA,ACE,CE,Combined TRACON& Tower with Radar,32,13,15,0,60,0,0,20,0,20,32,13,35,0,80,48,0,48,128
12/14/2020,CID,IA,ACE,CE,Combined TRACON& Tower with Radar,41,21,14,0,76,0,0,15,0,15,41,21,29,0,91,28,0,28,119
12/15/2020,CID,IA,ACE,CE,Combined TRACON& Tower with Radar,37,7,22,0,66,0,0,24,0,24,37,7,46,0,90,42,0,42,132
12/16/2020,CID,IA,ACE,CE,Combined TRACON& Tower with Radar,37,9,19,0,65,0,1,23,0,24,37,10,42,0,89,48,0,48,137
12/17/2020,CID,IA,ACE,CE,Combined TRACON& Tower with Radar,43,19,15,0,77,0,0,4,0,4,43,19,19,0,81,14,0,14,95
12/18/2020,CID,IA,ACE,CE,Combined TRACON& Tower with Radar,46,15,22,2,85,0,1,22,0,23,46,16,44,2,108,34,0,34,142
12/19/2020,CID,IA,ACE,CE,Combined TRACON& Tower with Radar,30,16,10,0,56,0,0,3,0,3,30,16,13,0,59,4,0,4,63
12/20/2020,CID,IA,ACE,CE,Combined TRACON& Tower with Radar,34,12,13,0,59,0,0,63,0,63,34,12,76,0,122,54,0,54,176
12/21/2020,CID,IA,ACE,CE,Combined TRACON& Tower with Radar,41,12,15,0,68,0,0,15,0,15,41,12,30,0,83,20,0,20,103
12/22/2020,CID,IA,ACE,CE,Combined TRACON& Tower with Radar,46,8,18,0,72,0,1,35,0,36,46,9,53,0,108,18,0,18,126
12/23/2020,CID,IA,ACE,CE,Combined TRACON& Tower with Radar,40,24,11,0,75,0,0,0,0,0,40,24,11,0,75,0,0,0,75
12/24/2020,CID,IA,ACE,CE,Combined TRACON& Tower with Radar,39,20,8,0,67,0,0,2,0,2,39,20,10,0,69,0,0,0,69
12/25/2020,CID,IA,ACE,CE,Combined TRACON& Tower with Radar,14,12,1,0,27,0,0,8,0,8,14,12,9,0,35,0,0,0,35
12/26/2020,CID,IA,ACE,CE,Combined TRACON& Tower with Radar,32,20,12,0,64,0,1,24,0,25,32,21,36,0,89,54,0,54,143
12/27/2020,CID,IA,ACE,CE,Combined TRACON& Tower with Radar,31,16,8,0,55,0,0,6,0,6,31,16,14,0,61,6,0,6,67
12/28/2020,CID,IA,ACE,CE,Combined TRACON& Tower with Radar,38,20,23,0,81,0,0,25,2,27,38,20,48,2,108,14,0,14,122
12/29/2020,CID,IA,ACE,CE,Combined TRACON& Tower with Radar,27,7,8,0,42,0,0,4,0,4,27,7,12,0,46,16,0,16,62
12/30/2020,CID,IA,ACE,CE,Combined TRACON& Tower with Radar,45,16,3,0,64,0,0,1,0,1,45,16,4,0,65,0,0,0,65
12/31/2020,CID,IA,ACE,CE,Combined TRACON& Tower with Radar,37,15,16,0,68,0,0,7,0,7,37,15,23,0,75,4,0,4,79
01/01/2021,CID,IA,ACE,CE,Combined TRACON& Tower with Radar,17,9,5,0,31,0,0,1,0,1,17,9,6,0,32,0,0,0,32
01/02/2021,CID,IA,ACE,CE,Combined TRACON& Tower with Radar,31,15,14,0,60,0,0,0,0,0,31,15,14,0,60,0,0,0,60
01/03/2021,CID,IA,ACE,CE,Combined TRACON& Tower with Radar,21,9,12,0,42,0,0,0,0,0,21,9,12,0,42,0,0,0,42
01/04/2021,CID,IA,ACE,CE,Combined TRACON& Tower with Radar,38,18,7,0,63,0,0,0,0,0,38,18,7,0,63,0,0,0,63
01/05/2021,CID,IA,ACE,CE,Combined TRACON& Tower with Radar,30,17,27,0,74,0,0,17,0,17,30,17,44,0,91,0,0,0,91
01/06/2021,CID,IA,ACE,CE,Combined TRACON& Tower with Radar,36,6,14,0,56,0,0,0,0,0,36,6,14,0,56,0,0,0,56
01/07/2021,CID,IA,ACE,CE,Combined TRACON& Tower with Radar,45,6,13,0,64,0,0,7,0,7,45,6,20,0,71,14,0,14,85
01/08/2021,CID,IA,ACE,CE,Combined TRACON& Tower with Radar,47,9,14,0,70,0,0,5,0,5,47,9,19,0,75,0,0,0,75
01/09/2021,CID,IA,ACE,CE,Combined TRACON& Tower with Radar,23,14,13,0,50,0,0,8,0,8,23,14,21,0,58,46,0,46,104
01/10/2021,CID,IA,ACE,CE,Combined TRACON& Tower with Radar,29,10,4,0,43,0,0,0,0,0,29,10,4,0,43,0,0,0,43
01/11/2021,CID,IA,ACE,CE,Combined TRACON& Tower with Radar,35,12,13,0,60,0,1,16,0,17,35,13,29,0,77,12,0,12,89
01/12/2021,CID,IA,ACE,CE,Combined TRACON& Tower with Radar,30,12,17,1,60,0,2,28,1,31,30,14,45,2,91,14,0,14,105
01/13/2021,CID,IA,ACE,CE,Combined TRACON& Tower with Radar,32,10,29,0,71,0,0,57,2,59,32,10,86,2,130,78,0,78,208
01/14/2021,CID,IA,ACE,CE,Combined TRACON& Tower with Radar,40,10,6,0,56,0,0,0,0,0,40,10,6,0,56,0,0,0,56
01/15/2021,CID,IA,ACE,CE,Combined TRACON& Tower with Radar,49,14,5,0,68,0,0,0,0,0,49,14,5,0,68,0,0,0,68
01/16/2021,CID,IA,ACE,CE,Combined TRACON& Tower with Radar,23,13,1,0,37,0,0,2,0,2,23,13,3,0,39,0,0,0,39
01/17/2021,CID,IA,ACE,CE,Combined TRACON& Tower with Radar,27,12,2,0,41,0,0,12,0,12,27,12,14,0,53,10,0,10,63
01/18/2021,CID,IA,ACE,CE,Combined TRACON& Tower with Radar,38,9,13,0,60,0,0,27,0,27,38,9,40,0,87,28,0,28,115
01/19/2021,CID,IA,ACE,CE,Combined TRACON& Tower with Radar,28,8,10,0,46,0,0,2,0,2,28,8,12,0,48,0,0,0,48
01/20/2021,CID,IA,ACE,CE,Combined TRACON& Tower with Radar,31,9,26,2,68,0,0,28,0,28,31,9,54,2,96,12,0,12,108
01/21/2021,CID,IA,ACE,CE,Combined TRACON& Tower with Radar,40,13,25,0,78,0,0,48,0,48,40,13,73,0,126,2,0,2,128
01/22/2021,CID,IA,ACE,CE,Combined TRACON& Tower with Radar,50,14,12,0,76,0,2,29,0,31,50,16,41,0,107,54,0,54,161
01/23/2021,CID,IA,ACE,CE,Combined TRACON& Tower with Radar,23,9,16,0,48,0,0,28,0,28,23,9,44,0,76,26,0,26,102
01/24/2021,CID,IA,ACE,CE,Combined TRACON& Tower with Radar,32,9,9,0,50,0,0,0,0,0,32,9,9,0,50,0,0,0,50
01/25/2021,CID,IA,ACE,CE,Combined TRACON& Tower with Radar,31,8,9,0,48,0,0,0,0,0,31,8,9,0,48,0,0,0,48
01/26/2021,CID,IA,ACE,CE,Combined TRACON& Tower with Radar,28,8,21,0,57,0,0,6,0,6,28,8,27,0,63,0,0,0,63
01/27/2021,CID,IA,ACE,CE,Combined TRACON& Tower with Radar,32,8,17,0,57,0,0,24,0,24,32,8,41,0,81,20,0,20,101
01/28/2021,CID,IA,ACE,CE,Combined TRACON& Tower with Radar,46,11,9,1,67,0,2,35,1,38,46,13,44,2,105,58,0,58,163
01/29/2021,CID,IA,ACE,CE,Combined TRACON& Tower with Radar,48,10,15,0,73,0,1,32,0,33,48,11,47,0,106,44,0,44,150
01/30/2021,CID,IA,ACE,CE,Combined TRACON& Tower with Radar,23,12,4,0,39,0,0,0,0,0,23,12,4,0,39,0,0,0,39
01/31/2021,CID,IA,ACE,CE,Combined TRACON& Tower with Radar,28,17,2,0,47,0,0,2,0,2,28,17,4,0,49,0,0,0,49
02/01/2021,CID,IA,ACE,CE,Combined TRACON& Tower with Radar,36,12,8,4,60,0,0,4,0,4,36,12,12,4,64,26,0,26,90
02/02/2021,CID,IA,ACE,CE,Combined TRACON& Tower with Radar,29,8,9,0,46,0,0,10,0,10,29,8,19,0,56,0,0,0,56
02/03/2021,CID,IA,ACE,CE,Combined TRACON& Tower with Radar,34,9,33,0,76,0,0,4,0,4,34,9,37,0,80,0,0,0,80
02/04/2021,CID,IA,ACE,CE,Combined TRACON& Tower with Radar,23,6,5,0,34,0,0,0,0,0,23,6,5,0,34,0,0,0,34
02/05/2021,CID,IA,ACE,CE,Combined TRACON& Tower with Radar,52,12,20,0,84,0,0,15,0,15,52,12,35,0,99,12,0,12,111
02/06/2021,CID,IA,ACE,CE,Combined TRACON& Tower with Radar,25,14,5,0,44,0,0,4,2,6,25,14,9,2,50,16,0,16,66
02/07/2021,CID,IA,ACE,CE,Combined TRACON& Tower with Radar,28,11,3,0,42,0,0,3,0,3,28,11,6,0,45,0,0,0,45
02/08/2021,CID,IA,ACE,CE,Combined TRACON& Tower with Radar,36,14,11,2,63,0,0,1,0,1,36,14,12,2,64,0,0,0,64
02/09/2021,CID,IA,ACE,CE,Combined TRACON& Tower with Radar,27,11,9,0,47,0,0,22,0,22,27,11,31,0,69,0,0,0,69
02/10/2021,CID,IA,ACE,CE,Combined TRACON& Tower with Radar,31,15,11,0,57,0,0,8,0,8,31,15,19,0,65,28,0,28,93
02/11/2021,CID,IA,ACE,CE,Combined TRACON& Tower with Radar,38,16,15,4,73,0,0,0,2,2,38,16,15,6,75,0,0,0,75
02/12/2021,CID,IA,ACE,CE,Combined TRACON& Tower with Radar,49,12,7,0,68,0,2,11,0,13,49,14,18,0,81,0,0,0,81
02/13/2021,CID,IA,ACE,CE,Combined TRACON& Tower with Radar,31,14,4,0,49,0,0,0,0,0,31,14,4,0,49,0,0,0,49
02/14/2021,CID,IA,ACE,CE,Combined TRACON& Tower with Radar,23,11,5,0,39,0,0,2,0,2,23,11,7,0,41,0,0,0,41
02/15/2021,CID,IA,ACE,CE,Combined TRACON& Tower with Radar,33,9,11,4,57,0,0,10,0,10,33,9,21,4,67,10,0,10,77
02/16/2021,CID,IA,ACE,CE,Combined TRACON& Tower with Radar,31,9,4,0,44,0,0,10,0,10,31,9,14,0,54,0,0,0,54
02/17/2021,CID,IA,ACE,CE,Combined TRACON& Tower with Radar,29,11,11,3,54,0,0,11,1,12,29,11,22,4,66,8,0,8,74
02/18/2021,CID,IA,ACE,CE,Combined TRACON& Tower with Radar,39,13,12,2,66,0,0,24,0,24,39,13,36,2,90,36,0,36,126
02/19/2021,CID,IA,ACE,CE,Combined TRACON& Tower with Radar,43,18,25,0,86,0,0,25,0,25,43,18,50,0,111,8,0,8,119
02/20/2021,CID,IA,ACE,CE,Combined TRACON& Tower with Radar,31,12,13,0,56,0,1,41,0,42,31,13,54,0,98,60,0,60,158
02/21/2021,CID,IA,ACE,CE,Combined TRACON& Tower with Radar,35,10,5,0,50,0,0,2,0,2,35,10,7,0,52,0,0,0,52
02/22/2021,CID,IA,ACE,CE,Combined TRACON& Tower with Radar,50,14,17,0,81,0,1,11,0,12,50,15,28,0,93,14,0,14,107
02/23/2021,CID,IA,ACE,CE,Combined TRACON& Tower with Radar,41,11,14,2,68,0,1,47,0,48,41,12,61,2,116,72,2,74,190
02/24/2021,CID,IA,ACE,CE,Combined TRACON& Tower with Radar,40,15,20,2,77,0,0,13,0,13,40,15,33,2,90,12,0,12,102
02/25/2021,CID,IA,ACE,CE,Combined TRACON& Tower with Radar,45,13,20,0,78,0,0,31,0,31,45,13,51,0,109,60,0,60,169
02/26/2021,CID,IA,ACE,CE,Combined TRACON& Tower with Radar,52,11,27,0,90,0,0,34,0,34,52,11,61,0,124,40,0,40,164
02/27/2021,CID,IA,ACE,CE,Combined TRACON& Tower with Radar,35,9,5,0,49,0,0,49,0,49,35,9,54,0,98,134,0,134,232
02/28/2021,CID,IA,ACE,CE,Combined TRACON& Tower with Radar,34,13,6,0,53,0,0,0,0,0,34,13,6,0,53,0,0,0,53
03/01/2021,CID,IA,ACE,CE,Combined TRACON& Tower with Radar,46,9,14,0,69,0,2,14,0,16,46,11,28,0,85,8,0,8,93
03/02/2021,CID,IA,ACE,CE,Combined TRACON& Tower with Radar,37,14,4,0,55,0,0,24,0,24,37,14,28,0,79,26,0,26,105
03/03/2021,CID,IA,ACE,CE,Combined TRACON& Tower with Radar,38,21,16,0,75,0,1,28,0,29,38,22,44,0,104,64,0,64,168
03/04/2021,CID,IA,ACE,CE,Combined TRACON& Tower with Radar,48,15,22,16,101,0,0,27,1,28,48,15,49,17,129,10,0,10,139
03/05/2021,CID,IA,ACE,CE,Combined TRACON& Tower with Radar,47,22,18,0,87,0,2,37,0,39,47,24,55,0,126,62,0,62,188
03/06/2021,CID,IA,ACE,CE,Combined TRACON& Tower with Radar,31,15,11,0,57,0,0,55,0,55,31,15,66,0,112,16,0,16,128
03/07/2021,CID,IA,ACE,CE,Combined TRACON& Tower with Radar,31,18,6,0,55,0,2,24,0,26,31,20,30,0,81,24,0,24,105
03/08/2021,CID,IA,ACE,CE,Combined TRACON& Tower with Radar,40,19,8,0,67,0,0,24,0,24,40,19,32,0,91,54,0,54,145
03/09/2021,CID,IA,ACE,CE,Combined TRACON& Tower with Radar,43,17,3,0,63,0,0,15,0,15,43,17,18,0,78,20,0,20,98
03/10/2021,CID,IA,ACE,CE,Combined TRACON& Tower with Radar,43,21,2,1,67,0,1,2,1,4,43,22,4,2,71,0,0,0,71
03/11/2021,CID,IA,ACE,CE,Combined TRACON& Tower with Radar,43,22,13,0,78,0,0,15,0,15,43,22,28,0,93,40,0,40,133
03/12/2021,CID,IA,ACE,CE,Combined TRACON& Tower with Radar,49,18,13,0,80,0,0,37,2,39,49,18,50,2,119,48,0,48,167
03/13/2021,CID,IA,ACE,CE,Combined TRACON& Tower with Radar,39,10,22,0,71,0,0,58,0,58,39,10,80,0,129,26,0,26,155
03/14/2021,CID,IA,ACE,CE,Combined TRACON& Tower with Radar,32,13,10,0,55,0,0,0,0,0,32,13,10,0,55,0,0,0,55
03/15/2021,CID,IA,ACE,CE,Combined TRACON& Tower with Radar,41,15,4,0,60,0,0,0,0,0,41,15,4,0,60,0,0,0,60
03/16/2021,CID,IA,ACE,CE,Combined TRACON& Tower with Radar,45,24,17,4,90,0,0,2,0,2,45,24,19,4,92,0,0,0,92
03/17/2021,CID,IA,ACE,CE,Combined TRACON& Tower with Radar,48,19,10,0,77,0,0,0,0,0,48,19,10,0,77,0,0,0,77
03/18/2021,CID,IA,ACE,CE,Combined TRACON& Tower with Radar,46,16,13,2,77,0,0,0,2,2,46,16,13,4,79,8,0,8,87
03/19/2021,CID,IA,ACE,CE,Combined TRACON& Tower with Radar,53,16,28,0,97,0,2,42,0,44,53,18,70,0,141,30,0,30,171
03/20/2021,CID,IA,ACE,CE,Combined TRACON& Tower with Radar,38,14,15,0,67,0,2,45,0,47,38,16,60,0,114,38,0,38,152
03/21/2021,CID,IA,ACE,CE,Combined TRACON& Tower with Radar,32,21,9,0,62,0,2,9,0,11,32,23,18,0,73,0,0,0,73
03/22/2021,CID,IA,ACE,CE,Combined TRACON& Tower with Radar,44,22,15,0,81,0,0,14,0,14,44,22,29,0,95,0,0,0,95
03/23/2021,CID,IA,ACE,CE,Combined TRACON& Tower with Radar,46,18,11,0,75,0,0,0,0,0,46,18,11,0,75,0,0,0,75
03/24/2021,CID,IA,ACE,CE,Combined TRACON& Tower with Radar,43,18,10,4,75,0,0,0,0,0,43,18,10,4,75,0,0,0,75
03/25/2021,CID,IA,ACE,CE,Combined TRACON& Tower with Radar,45,19,5,0,69,0,0,0,0,0,45,19,5,0,69,0,0,0,69
03/26/2021,CID,IA,ACE,CE,Combined TRACON& Tower with Radar,49,18,11,2,80,0,0,15,0,15,49,18,26,2,95,14,0,14,109
03/27/2021,CID,IA,ACE,CE,Combined TRACON& Tower with Radar,36,11,30,0,77,0,0,6,0,6,36,11,36,0,83,18,0,18,101
03/28/2021,CID,IA,ACE,CE,Combined TRACON& Tower with Radar,32,12,11,0,55,0,0,36,0,36,32,12,47,0,91,44,0,44,135
03/29/2021,CID,IA,ACE,CE,Combined TRACON& Tower with Radar,50,15,6,0,71,0,0,5,0,5,50,15,11,0,76,0,0,0,76
03/30/2021,CID,IA,ACE,CE,Combined TRACON& Tower with Radar,40,14,12,0,66,0,0,30,0,30,40,14,42,0,96,64,0,64,160
03/31/2021,CID,IA,ACE,CE,Combined TRACON& Tower with Radar,41,14,12,2,69,0,0,15,0,15,41,14,27,2,84,0,0,0,84
04/01/2021,CID,IA,ACE,CE,Combined TRACON& Tower with Radar,42,23,21,0,86,0,1,48,0,49,42,24,69,0,135,44,0,44,179
04/02/2021,CID,IA,ACE,CE,Combined TRACON& Tower with Radar,46,13,9,0,68,0,0,11,0,11,46,13,20,0,79,18,0,18,97
04/03/2021,CID,IA,ACE,CE,Combined TRACON& Tower with Radar,23,15,8,0,46,0,4,44,0,48,23,19,52,0,94,26,0,26,120
04/04/2021,CID,IA,ACE,CE,Combined TRACON& Tower with Radar,24,18,2,0,44,0,2,25,0,27,24,20,27,0,71,6,0,6,77
04/05/2021,CID,IA,ACE,CE,Combined TRACON& Tower with Radar,39,18,17,0,74,0,0,20,0,20,39,18,37,0,94,24,0,24,118
04/06/2021,CID,IA,ACE,CE,Combined TRACON& Tower with Radar,29,17,25,0,71,0,0,33,0,33,29,17,58,0,104,28,0,28,132
04/07/2021,CID,IA,ACE,CE,Combined TRACON& Tower with Radar,29,11,17,0,57,0,0,8,0,8,29,11,25,0,65,0,0,0,65
04/08/2021,CID,IA,ACE,CE,Combined TRACON& Tower with Radar,41,15,11,0,67,0,0,7,0,7,41,15,18,0,74,0,0,0,74
04/09/2021,CID,IA,ACE,CE,Combined TRACON& Tower with Radar,47,15,24,2,88,0,0,4,0,4,47,15,28,2,92,6,0,6,98
04/10/2021,CID,IA,ACE,CE,Combined TRACON& Tower with Radar,26,9,3,0,38,0,0,0,0,0,26,9,3,0,38,0,0,0,38
04/11/2021,CID,IA,ACE,CE,Combined TRACON& Tower with Radar,26,14,22,0,62,0,1,10,0,11,26,15,32,0,73,16,0,16,89
04/12/2021,CID,IA,ACE,CE,Combined TRACON& Tower with Radar,40,16,18,0,74,0,0,11,0,11,40,16,29,0,85,0,0,0,85
04/13/2021,CID,IA,ACE,CE,Combined TRACON& Tower with Radar,34,18,19,0,71,0,0,14,0,14,34,18,33,0,85,18,0,18,103
04/14/2021,CID,IA,ACE,CE,Combined TRACON& Tower with Radar,31,18,5,0,54,0,0,9,0,9,31,18,14,0,63,40,0,40,103
04/15/2021,CID,IA,ACE,CE,Combined TRACON& Tower with Radar,38,16,10,0,64,0,0,18,0,18,38,16,28,0,82,52,0,52,134
04/16/2021,CID,IA,ACE,CE,Combined TRACON& Tower with Radar,47,16,12,0,75,0,0,32,0,32,47,16,44,0,107,34,0,34,141
04/17/2021,CID,IA,ACE,CE,Combined TRACON& Tower with Radar,26,14,12,0,52,0,0,40,0,40,26,14,52,0,92,54,0,54,146
04/18/2021,CID,IA,ACE,CE,Combined TRACON& Tower with Radar,26,22,20,0,68,0,0,35,0,35,26,22,55,0,103,36,0,36,139
04/19/2021,CID,IA,ACE,CE,Combined TRACON& Tower with Radar,39,14,11,0,64,0,1,2,0,3,39,15,13,0,67,2,0,2,69
04/20/2021,CID,IA,ACE,CE,Combined TRACON& Tower with Radar,32,16,15,0,63,0,1,23,0,24,32,17,38,0,87,36,0,36,123
04/21/2021,CID,IA,ACE,CE,Combined TRACON& Tower with Radar,32,16,20,3,71,0,0,27,1,28,32,16,47,4,99,42,0,42,141
04/22/2021,CID,IA,ACE,CE,Combined TRACON& Tower with Radar,42,23,17,2,84,0,0,35,0,35,42,23,52,2,119,40,0,40,159
04/23/2021,CID,IA,ACE,CE,Combined TRACON& Tower with Radar,46,17,7,0,70,0,0,9,0,9,46,17,16,0,79,22,0,22,101
04/24/2021,CID,IA,ACE,CE,Combined TRACON& Tower with Radar,23,13,8,4,48,0,0,24,0,24,23,13,32,4,72,14,0,14,86
04/25/2021,CID,IA,ACE,CE,Combined TRACON& Tower with Radar,25,18,11,0,54,0,0,36,0,36,25,18,47,0,90,46,0,46,136
04/26/2021,CID,IA,ACE,CE,Combined TRACON& Tower with Radar,41,18,7,0,66,0,0,10,0,10,41,18,17,0,76,14,0,14,90
04/27/2021,CID,IA,ACE,CE,Combined TRACON& Tower with Radar,31,16,3,0,50,0,0,16,0,16,31,16,19,0,66,34,0,34,100
04/28/2021,CID,IA,ACE,CE,Combined TRACON& Tower with Radar,32,15,12,0,59,0,0,16,0,16,32,15,28,0,75,44,0,44,119
04/29/2021,CID,IA,ACE,CE,Combined TRACON& Tower with Radar,40,26,17,0,83,0,0,24,0,24,40,26,41,0,107,70,0,70,177
04/30/2021,CID,IA,ACE,CE,Combined TRACON& Tower with Radar,47,21,22,0,90,0,0,53,0,53,47,21,75,0,143,58,0,58,201
05/01/2021,CID,IA,ACE,CE,Combined TRACON& Tower with Radar,24,15,11,0,50,0,2,4,0,6,24,17,15,0,56,12,0,12,68
05/02/2021,CID,IA,ACE,CE,Combined TRACON& Tower with Radar,26,20,15,0,61,0,0,14,2,16,26,20,29,2,77,4,0,4,81
05/03/2021,CID,IA,ACE,CE,Combined TRACON& Tower with Radar,41,18,15,0,74,0,0,5,1,6,41,18,20,1,80,12,0,12,92
05/04/2021,CID,IA,ACE,CE,Combined TRACON& Tower with Radar,32,13,13,2,60,0,0,12,0,12,32,13,25,2,72,10,0,10,82
05/05/2021,CID,IA,ACE,CE,Combined TRACON& Tower with Radar,35,16,11,2,64,0,2,45,2,49,35,18,56,4,113,96,0,96,209
05/06/2021,CID,IA,ACE,CE,Combined TRACON& Tower with Radar,46,13,12,0,71,0,0,24,0,24,46,13,36,0,95,12,0,12,107
05/07/2021,CID,IA,ACE,CE,Combined TRACON& Tower with Radar,55,10,28,0,93,0,2,23,4,29,55,12,51,4,122,14,0,14,136
05/08/2021,CID,IA,ACE,CE,Combined TRACON& Tower with Radar,32,12,7,0,51,0,0,14,0,14,32,12,21,0,65,8,0,8,73
05/09/2021,CID,IA,ACE,CE,Combined TRACON& Tower with Radar,34,11,16,0,61,0,0,11,0,11,34,11,27,0,72,22,0,22,94
05/10/2021,CID,IA,ACE,CE,Combined TRACON& Tower with Radar,48,17,14,1,80,0,3,22,3,28,48,20,36,4,108,44,0,44,152
05/11/2021,CID,IA,ACE,CE,Combined TRACON& Tower with Radar,41,10,14,0,65,0,1,23,0,24,41,11,37,0,89,74,0,74,163
05/12/2021,CID,IA,ACE,CE,Combined TRACON& Tower with Radar,43,15,20,0,78,0,0,37,0,37,43,15,57,0,115,58,0,58,173
05/13/2021,CID,IA,ACE,CE,Combined TRACON& Tower with Radar,46,11,15,0,72,0,0,33,0,33,46,11,48,0,105,70,0,70,175
05/14/2021,CID,IA,ACE,CE,Combined TRACON& Tower with Radar,54,12,13,2,81,0,0,21,0,21,54,12,34,2,102,8,0,8,110
05/15/2021,CID,IA,ACE,CE,Combined TRACON& Tower with Radar,34,10,25,0,69,0,0,7,0,7,34,10,32,0,76,6,0,6,82
05/16/2021,CID,IA,ACE,CE,Combined TRACON& Tower with Radar,31,9,10,0,50,0,0,8,0,8,31,9,18,0,58,0,0,0,58
05/17/2021,CID,IA,ACE,CE,Combined TRACON& Tower with Radar,51,11,21,2,85,0,0,0,0,0,51,11,21,2,85,0,0,0,85
05/18/2021,CID,IA,ACE,CE,Combined TRACON& Tower with Radar,43,12,23,2,80,0,0,1,0,1,43,12,24,2,81,0,0,0,81
05/19/2021,CID,IA,ACE,CE,Combined TRACON& Tower with Radar,43,12,16,2,73,0,0,3,0,3,43,12,19,2,76,8,0,8,84
05/20/2021,CID,IA,ACE,CE,Combined TRACON& Tower with Radar,47,10,17,0,74,0,0,3,0,3,47,10,20,0,77,0,0,0,77
05/21/2021,CID,IA,ACE,CE,Combined TRACON& Tower with Radar,52,10,14,0,76,0,0,9,0,9,52,10,23,0,85,0,0,0,85
05/22/2021,CID,IA,ACE,CE,Combined TRACON& Tower with Radar,33,13,16,0,62,0,0,7,0,7,33,13,23,0,69,30,0,30,99
05/23/2021,CID,IA,ACE,CE,Combined TRACON& Tower with Radar,33,10,25,0,68,0,0,19,0,19,33,10,44,0,87,30,0,30,117
05/24/2021,CID,IA,ACE,CE,Combined TRACON& Tower with Radar,47,13,9,0,69,0,0,28,0,28,47,13,37,0,97,44,0,44,141
05/25/2021,CID,IA,ACE,CE,Combined TRACON& Tower with Radar,41,11,9,0,61,0,0,7,2,9,41,11,16,2,70,18,0,18,88
05/26/2021,CID,IA,ACE,CE,Combined TRACON& Tower with Radar,49,14,26,0,89,0,0,46,0,46,49,14,72,0,135,24,0,24,159
05/27/2021,CID,IA,ACE,CE,Combined TRACON& Tower with Radar,46,14,11,0,71,0,0,0,0,0,46,14,11,0,71,0,0,0,71
05/28/2021,CID,IA,ACE,CE,Combined TRACON& Tower with Radar,54,11,20,0,85,0,0,6,0,6,54,11,26,0,91,0,0,0,91
05/29/2021,CID,IA,ACE,CE,Combined TRACON& Tower with Radar,38,14,10,0,62,0,0,35,0,35,38,14,45,0,97,34,0,34,131
05/30/2021,CID,IA,ACE,CE,Combined TRACON& Tower with Radar,29,10,12,0,51,0,0,33,0,33,29,10,45,0,84,0,0,0,84
05/31/2021,CID,IA,ACE,CE,Combined TRACON& Tower with Radar,40,8,11,0,59,0,0,23,0,23,40,8,34,0,82,0,0,0,82
06/01/2021,CID,IA,ACE,CE,Combined TRACON& Tower with Radar,44,9,11,0,64,0,0,24,0,24,44,9,35,0,88,32,0,32,120
06/02/2021,CID,IA,ACE,CE,Combined TRACON& Tower with Radar,54,14,15,0,83,0,0,26,0,26,54,14,41,0,109,64,0,64,173
06/03/2021,CID,IA,ACE,CE,Combined TRACON& Tower with Radar,45,28,9,0,82,0,0,36,0,36,45,28,45,0,118,14,0,14,132
06/04/2021,CID,IA,ACE,CE,Combined TRACON& Tower with Radar,45,32,7,0,84,0,1,25,0,26,45,33,32,0,110,0,0,0,110
06/05/2021,CID,IA,ACE,CE,Combined TRACON& Tower with Radar,38,26,13,0,77,0,0,23,0,23,38,26,36,0,100,6,0,6,106
06/06/2021,CID,IA,ACE,CE,Combined TRACON& Tower with Radar,30,29,14,0,73,0,1,21,0,22,30,30,35,0,95,0,0,0,95
06/07/2021,CID,IA,ACE,CE,Combined TRACON& Tower with Radar,37,32,15,0,84,0,0,15,2,17,37,32,30,2,101,8,0,8,109
06/08/2021,CID,IA,ACE,CE,Combined TRACON& Tower with Radar,36,32,9,0,77,0,0,20,0,20,36,32,29,0,97,10,0,10,107
06/09/2021,CID,IA,ACE,CE,Combined TRACON& Tower with Radar,47,33,13,0,93,0,0,22,0,22,47,33,35,0,115,42,0,42,157
06/10/2021,CID,IA,ACE,CE,Combined TRACON& Tower with Radar,40,34,21,0,95,0,0,33,0,33,40,34,54,0,128,24,0,24,152
06/11/2021,CID,IA,ACE,CE,Combined TRACON& Tower with Radar,46,29,9,0,84,0,0,18,0,18,46,29,27,0,102,40,0,40,142
06/12/2021,CID,IA,ACE,CE,Combined TRACON& Tower with Radar,35,27,11,0,73,0,0,27,0,27,35,27,38,0,100,0,0,0,100
06/13/2021,CID,IA,ACE,CE,Combined TRACON& Tower with Radar,29,34,13,0,76,0,0,40,0,40,29,34,53,0,116,0,0,0,116
06/14/2021,CID,IA,ACE,CE,Combined TRACON& Tower with Radar,38,29,26,1,94,0,0,28,0,28,38,29,54,1,122,54,0,54,176
06/15/2021,CID,IA,ACE,CE,Combined TRACON& Tower with Radar,37,40,12,3,92,0,2,31,0,33,37,42,43,3,125,48,0,48,173
06/16/2021,CID,IA,ACE,CE,Combined TRACON& Tower with Radar,46,32,18,4,100,0,0,35,0,35,46,32,53,4,135,64,0,64,199
06/17/2021,CID,IA,ACE,CE,Combined TRACON& Tower with Radar,39,37,10,0,86,0,0,6,0,6,39,37,16,0,92,0,0,0,92
06/18/2021,CID,IA,ACE,CE,Combined TRACON& Tower with Radar,42,36,17,3,98,0,0,32,11,43,42,36,49,14,141,30,14,44,185
06/19/2021,CID,IA,ACE,CE,Combined TRACON& Tower with Radar,37,31,9,0,77,0,1,37,0,38,37,32,46,0,115,62,0,62,177
06/20/2021,CID,IA,ACE,CE,Combined TRACON& Tower with Radar,28,30,14,1,73,0,0,1,0,1,28,30,15,1,74,0,0,0,74
06/21/2021,CID,IA,ACE,CE,Combined TRACON& Tower with Radar,35,29,19,0,83,0,0,15,0,15,35,29,34,0,98,22,0,22,120
06/22/2021,CID,IA,ACE,CE,Combined TRACON& Tower with Radar,43,34,22,2,101,0,0,13,0,13,43,34,35,2,114,4,0,4,118
06/23/2021,CID,IA,ACE,CE,Combined TRACON& Tower with Radar,47,34,15,0,96,0,2,14,0,16,47,36,29,0,112,0,0,0,112
06/24/2021,CID,IA,ACE,CE,Combined TRACON& Tower with Radar,41,38,14,0,93,0,0,6,0,6,41,38,20,0,99,20,0,20,119
06/25/2021,CID,IA,ACE,CE,Combined TRACON& Tower with Radar,47,32,20,0,99,0,0,5,0,5,47,32,25,0,104,6,0,6,110
06/26/2021,CID,IA,ACE,CE,Combined TRACON& Tower with Radar,38,26,14,0,78,0,0,7,0,7,38,26,21,0,85,0,0,0,85
06/27/2021,CID,IA,ACE,CE,Combined TRACON& Tower with Radar,29,30,39,0,98,0,0,28,0,28,29,30,67,0,126,0,0,0,126
06/28/2021,CID,IA,ACE,CE,Combined TRACON& Tower with Radar,35,32,25,0,92,0,0,15,0,15,35,32,40,0,107,94,0,94,201
06/29/2021,CID,IA,ACE,CE,Combined TRACON& Tower with Radar,41,32,20,1,94,0,0,12,1,13,41,32,32,2,107,0,0,0,107
06/30/2021,CID,IA,ACE,CE,Combined TRACON& Tower with Radar,44,34,31,2,111,0,1,41,2,44,44,35,72,4,155,68,0,68,223
07/01/2021,CID,IA,ACE,CE,Combined TRACON& Tower with Radar,36,42,22,0,100,0,5,34,0,39,36,47,56,0,139,28,0,28,167
07/02/2021,CID,IA,ACE,CE,Combined TRACON& Tower with Radar,40,30,17,0,87,0,0,36,0,36,40,30,53,0,123,56,0,56,179
07/03/2021,CID,IA,ACE,CE,Combined TRACON& Tower with Radar,36,30,18,0,84,0,0,28,0,28,36,30,46,0,112,36,0,36,148
07/04/2021,CID,IA,ACE,CE,Combined TRACON& Tower with Radar,22,26,6,0,54,0,0,18,2,20,22,26,24,2,74,14,0,14,88
07/05/2021,CID,IA,ACE,CE,Combined TRACON& Tower with Radar,34,31,10,0,75,0,2,26,0,28,34,33,36,0,103,20,0,20,123
07/06/2021,CID,IA,ACE,CE,Combined TRACON& Tower with Radar,38,33,17,0,88,0,0,19,0,19,38,33,36,0,107,26,0,26,133
07/07/2021,CID,IA,ACE,CE,Combined TRACON& Tower with Radar,47,35,14,2,98,0,0,10,0,10,47,35,24,2,108,0,0,0,108
07/08/2021,CID,IA,ACE,CE,Combined TRACON& Tower with Radar,41,36,28,0,105,0,1,15,0,16,41,37,43,0,121,44,0,44,165
07/09/2021,CID,IA,ACE,CE,Combined TRACON& Tower with Radar,40,34,14,4,92,0,0,14,0,14,40,34,28,4,106,48,0,48,154
07/10/2021,CID,IA,ACE,CE,Combined TRACON& Tower with Radar,38,27,19,0,84,0,0,2,0,2,38,27,21,0,86,12,0,12,98
07/11/2021,CID,IA,ACE,CE,Combined TRACON& Tower with Radar,28,33,15,0,76,0,1,10,0,11,28,34,25,0,87,8,0,8,95
07/12/2021,CID,IA,ACE,CE,Combined TRACON& Tower with Radar,36,31,45,0,112,0,0,11,0,11,36,31,56,0,123,62,0,62,185
07/13/2021,CID,IA,ACE,CE,Combined TRACON& Tower with Radar,40,40,16,0,96,0,0,16,0,16,40,40,32,0,112,36,0,36,148
07/14/2021,CID,IA,ACE,CE,Combined TRACON& Tower with Radar,41,38,15,0,94,0,1,8,0,9,41,39,23,0,103,6,0,6,109
07/15/2021,CID,IA,ACE,CE,Combined TRACON& Tower with Radar,42,38,14,2,96,0,0,29,0,29,42,38,43,2,125,18,0,18,143
07/16/2021,CID,IA,ACE,CE,Combined TRACON& Tower with Radar,52,37,19,0,108,0,0,19,0,19,52,37,38,0,127,32,0,32,159
07/17/2021,CID,IA,ACE,CE,Combined TRACON& Tower with Radar,36,31,15,0,82,0,0,24,0,24,36,31,39,0,106,30,0,30,136
07/18/2021,CID,IA,ACE,CE,Combined TRACON& Tower with Radar,29,36,20,0,85,0,0,29,1,30,29,36,49,1,115,20,0,20,135
07/19/2021,CID,IA,ACE,CE,Combined TRACON& Tower with Radar,36,34,21,0,91,0,0,39,0,39,36,34,60,0,130,62,0,62,192
07/20/2021,CID,IA,ACE,CE,Combined TRACON& Tower with Radar,38,32,20,0,90,0,1,43,0,44,38,33,63,0,134,54,0,54,188
07/21/2021,CID,IA,ACE,CE,Combined TRACON& Tower with Radar,46,35,17,0,98,0,0,75,0,75,46,35,92,0,173,86,0,86,259
07/22/2021,CID,IA,ACE,CE,Combined TRACON& Tower with Radar,41,35,22,0,98,0,0,58,0,58,41,35,80,0,156,66,0,66,222
07/23/2021,CID,IA,ACE,CE,Combined TRACON& Tower with Radar,45,34,21,4,104,0,2,24,0,26,45,36,45,4,130,30,0,30,160
07/24/2021,CID,IA,ACE,CE,Combined TRACON& Tower with Radar,33,30,17,0,80,0,1,25,0,26,33,31,42,0,106,38,0,38,144
07/25/2021,CID,IA,ACE,CE,Combined TRACON& Tower with Radar,29,37,19,0,85,0,0,33,0,33,29,37,52,0,118,54,0,54,172
07/26/2021,CID,IA,ACE,CE,Combined TRACON& Tower with Radar,38,35,14,0,87,0,0,27,0,27,38,35,41,0,114,32,0,32,146
07/27/2021,CID,IA,ACE,CE,Combined TRACON& Tower with Radar,37,39,17,0,93,0,0,28,0,28,37,39,45,0,121,0,0,0,121
07/28/2021,CID,IA,ACE,CE,Combined TRACON& Tower with Radar,45,45,16,2,108,0,1,28,1,30,45,46,44,3,138,28,0,28,166
07/29/2021,CID,IA,ACE,CE,Combined TRACON& Tower with Radar,44,37,24,6,111,0,2,30,0,32,44,39,54,6,143,0,0,0,143
07/30/2021,CID,IA,ACE,CE,Combined TRACON& Tower with Radar,43,36,15,2,96,0,0,24,0,24,43,36,39,2,120,40,0,40,160
07/31/2021,CID,IA,ACE,CE,Combined TRACON& Tower with Radar,38,29,16,0,83,0,0,11,0,11,38,29,27,0,94,10,0,10,104
08/01/2021,CID,IA,ACE,CE,Combined TRACON& Tower with Radar,28,25,21,0,74,0,0,19,0,19,28,25,40,0,93,10,0,10,103
08/02/2021,CID,IA,ACE,CE,Combined TRACON& Tower with Radar,37,30,23,0,90,0,6,24,0,30,37,36,47,0,120,66,0,66,186
08/03/2021,CID,IA,ACE,CE,Combined TRACON& Tower with Radar,35,32,18,0,85,0,0,27,0,27,35,32,45,0,112,66,0,66,178
08/04/2021,CID,IA,ACE,CE,Combined TRACON& Tower with Radar,42,35,26,2,105,0,0,23,0,23,42,35,49,2,128,20,0,20,148
08/05/2021,CID,IA,ACE,CE,Combined TRACON& Tower with Radar,39,34,23,0,96,0,0,10,0,10,39,34,33,0,106,6,0,6,112
08/06/2021,CID,IA,ACE,CE,Combined TRACON& Tower with Radar,43,35,9,0,87,0,0,28,0,28,43,35,37,0,115,48,0,48,163
08/07/2021,CID,IA,ACE,CE,Combined TRACON& Tower with Radar,37,31,10,0,78,0,0,25,0,25,37,31,35,0,103,0,0,0,103
08/08/2021,CID,IA,ACE,CE,Combined TRACON& Tower with Radar,26,33,19,0,78,0,0,14,0,14,26,33,33,0,92,24,0,24,116
08/09/2021,CID,IA,ACE,CE,Combined TRACON& Tower with Radar,36,29,21,0,86,0,0,22,0,22,36,29,43,0,108,32,0,32,140
08/10/2021,CID,IA,ACE,CE,Combined TRACON& Tower with Radar,39,35,12,0,86,0,0,13,0,13,39,35,25,0,99,6,0,6,105
08/11/2021,CID,IA,ACE,CE,Combined TRACON& Tower with Radar,40,35,18,0,93,0,0,8,0,8,40,35,26,0,101,38,0,38,139
08/12/2021,CID,IA,ACE,CE,Combined TRACON& Tower with Radar,41,44,25,0,110,0,0,26,0,26,41,44,51,0,136,46,0,46,182
08/13/2021,CID,IA,ACE,CE,Combined TRACON& Tower with Radar,43,39,12,0,94,0,0,31,0,31,43,39,43,0,125,26,0,26,151
08/14/2021,CID,IA,ACE,CE,Combined TRACON& Tower with Radar,31,37,22,0,90,0,0,37,0,37,31,37,59,0,127,10,0,10,137
08/15/2021,CID,IA,ACE,CE,Combined TRACON& Tower with Radar,29,34,12,0,75,0,0,36,0,36,29,34,48,0,111,40,0,40,151
08/16/2021,CID,IA,ACE,CE,Combined TRACON& Tower with Radar,39,33,18,0,90,0,0,29,0,29,39,33,47,0,119,0,0,0,119
08/17/2021,CID,IA,ACE,CE,Combined TRACON& Tower with Radar,32,39,34,0,105,0,0,37,0,37,32,39,71,0,142,52,0,52,194
08/18/2021,CID,IA,ACE,CE,Combined TRACON& Tower with Radar,36,38,28,1,103,1,0,28,0,29,37,38,56,1,132,62,0,62,194
08/19/2021,CID,IA,ACE,CE,Combined TRACON& Tower with Radar,42,37,27,1,107,0,2,20,1,23,42,39,47,2,130,38,0,38,168
08/20/2021,CID,IA,ACE,CE,Combined TRACON& Tower with Radar,48,33,15,2,98,0,0,17,0,17,48,33,32,2,115,4,0,4,119
08/21/2021,CID,IA,ACE,CE,Combined TRACON& Tower with Radar,31,37,13,0,81,0,0,49,0,49,31,37,62,0,130,28,0,28,158
08/22/2021,CID,IA,ACE,CE,Combined TRACON& Tower with Radar,32,34,14,0,80,0,0,24,0,24,32,34,38,0,104,44,0,44,148
08/23/2021,CID,IA,ACE,CE,Combined TRACON& Tower with Radar,40,38,10,0,88,0,0,15,0,15,40,38,25,0,103,0,0,0,103
08/24/2021,CID,IA,ACE,CE,Combined TRACON& Tower with Radar,33,32,13,0,78,1,1,9,0,11,34,33,22,0,89,0,0,0,89
08/25/2021,CID,IA,ACE,CE,Combined TRACON& Tower with Radar,42,33,11,0,86,0,0,19,0,19,42,33,30,0,105,14,0,14,119
08/26/2021,CID,IA,ACE,CE,Combined TRACON& Tower with Radar,42,33,17,0,92,0,0,7,0,7,42,33,24,0,99,0,0,0,99
08/27/2021,CID,IA,ACE,CE,Combined TRACON& Tower with Radar,45,36,18,0,99,0,1,18,0,19,45,37,36,0,118,14,0,14,132
08/28/2021,CID,IA,ACE,CE,Combined TRACON& Tower with Radar,33,32,8,0,73,0,0,121,0,121,33,32,129,0,194,6,0,6,200
08/29/2021,CID,IA,ACE,CE,Combined TRACON& Tower with Radar,27,33,11,0,71,0,0,24,0,24,27,33,35,0,95,8,0,8,103
08/30/2021,CID,IA,ACE,CE,Combined TRACON& Tower with Radar,38,31,8,0,77,0,0,21,0,21,38,31,29,0,98,26,0,26,124
08/31/2021,CID,IA,ACE,CE,Combined TRACON& Tower with Radar,37,35,4,2,78,0,0,15,0,15,37,35,19,2,93,36,0,36,129
09/01/2021,CID,IA,ACE,CE,Combined TRACON& Tower with Radar,41,39,28,0,108,0,0,28,0,28,41,39,56,0,136,46,0,46,182
09/02/2021,CID,IA,ACE,CE,Combined TRACON& Tower with Radar,46,35,12,0,93,0,0,33,0,33,46,35,45,0,126,0,0,0,126
09/03/2021,CID,IA,ACE,CE,Combined TRACON& Tower with Radar,48,34,24,0,106,0,0,6,0,6,48,34,30,0,112,0,0,0,112
09/04/2021,CID,IA,ACE,CE,Combined TRACON& Tower with Radar,28,28,29,0,85,0,0,10,0,10,28,28,39,0,95,32,0,32,127
09/05/2021,CID,IA,ACE,CE,Combined TRACON& Tower with Radar,24,30,4,0,58,0,0,31,0,31,24,30,35,0,89,4,0,4,93
09/06/2021,CID,IA,ACE,CE,Combined TRACON& Tower with Radar,35,23,15,0,73,0,2,44,0,46,35,25,59,0,119,24,0,24,143
09/07/2021,CID,IA,ACE,CE,Combined TRACON& Tower with Radar,35,26,23,0,84,0,1,14,0,15,35,27,37,0,99,42,0,42,141
09/08/2021,CID,IA,ACE,CE,Combined TRACON& Tower with Radar,39,28,27,0,94,0,2,15,0,17,39,30,42,0,111,0,0,0,111
09/09/2021,CID,IA,ACE,CE,Combined TRACON& Tower with Radar,50,30,20,0,100,0,1,29,0,30,50,31,49,0,130,10,0,10,140
09/10/2021,CID,IA,ACE,CE,Combined TRACON& Tower with Radar,52,31,21,2,106,1,2,23,0,26,53,33,44,2,132,12,0,12,144
09/11/2021,CID,IA,ACE,CE,Combined TRACON& Tower with Radar,30,24,10,0,64,0,0,36,0,36,30,24,46,0,100,10,0,10,110
09/12/2021,CID,IA,ACE,CE,Combined TRACON& Tower with Radar,37,35,23,0,95,0,0,23,0,23,37,35,46,0,118,30,0,30,148
09/13/2021,CID,IA,ACE,CE,Combined TRACON& Tower with Radar,41,33,10,2,86,0,0,25,0,25,41,33,35,2,111,22,0,22,133
09/14/2021,CID,IA,ACE,CE,Combined TRACON& Tower with Radar,42,31,18,2,93,0,1,9,0,10,42,32,27,2,103,12,0,12,115
09/15/2021,CID,IA,ACE,CE,Combined TRACON& Tower with Radar,42,33,34,0,109,0,0,39,0,39,42,33,73,0,148,20,0,20,168
09/16/2021,CID,IA,ACE,CE,Combined TRACON& Tower with Radar,50,34,16,0,100,0,0,22,0,22,50,34,38,0,122,0,0,0,122
09/17/2021,CID,IA,ACE,CE,Combined TRACON& Tower with Radar,46,30,19,0,95,0,0,13,0,13,46,30,32,0,108,12,0,12,120
09/18/2021,CID,IA,ACE,CE,Combined TRACON& Tower with Radar,32,23,16,0,71,0,0,40,0,40,32,23,56,0,111,28,0,28,139
09/19/2021,CID,IA,ACE,CE,Combined TRACON& Tower with Radar,37,27,23,0,87,0,0,27,0,27,37,27,50,0,114,0,0,0,114
09/20/2021,CID,IA,ACE,CE,Combined TRACON& Tower with Radar,43,36,28,0,107,0,2,3,0,5,43,38,31,0,112,0,0,0,112
09/21/2021,CID,IA,ACE,CE,Combined TRACON& Tower with Radar,45,33,13,0,91,0,0,10,0,10,45,33,23,0,101,58,0,58,159
09/22/2021,CID,IA,ACE,CE,Combined TRACON& Tower with Radar,38,34,27,2,101,0,0,16,0,16,38,34,43,2,117,42,0,42,159
09/23/2021,CID,IA,ACE,CE,Combined TRACON& Tower with Radar,50,32,11,0,93,0,0,36,0,36,50,32,47,0,129,22,0,22,151
09/24/2021,CID,IA,ACE,CE,Combined TRACON& Tower with Radar,53,37,17,0,107,0,0,11,0,11,53,37,28,0,118,16,0,16,134
09/25/2021,CID,IA,ACE,CE,Combined TRACON& Tower with Radar,30,25,8,0,63,0,0,43,0,43,30,25,51,0,106,40,0,40,146
09/26/2021,CID,IA,ACE,CE,Combined TRACON& Tower with Radar,36,42,10,0,88,0,0,14,0,14,36,42,24,0,102,2,0,2,104
09/27/2021,CID,IA,ACE,CE,Combined TRACON& Tower with Radar,41,35,20,0,96,0,0,25,0,25,41,35,45,0,121,14,0,14,135
09/28/2021,CID,IA,ACE,CE,Combined TRACON& Tower with Radar,40,36,17,0,93,0,0,22,0,22,40,36,39,0,115,38,0,38,153
09/29/2021,CID,IA,ACE,CE,Combined TRACON& Tower with Radar,38,33,22,0,93,0,0,31,0,31,38,33,53,0,124,46,0,46,170
09/30/2021,CID,IA,ACE,CE,Combined TRACON& Tower with Radar,50,40,14,2,106,0,0,10,0,10,50,40,24,2,116,0,0,0,116
10/01/2021,CID,IA,ACE,CE,Combined TRACON& Tower with Radar,52,33,10,0,95,0,0,18,0,18,52,33,28,0,113,0,0,0,113
10/02/2021,CID,IA,ACE,CE,Combined TRACON& Tower with Radar,30,34,16,0,80,0,0,16,0,16,30,34,32,0,96,18,0,18,114
10/03/2021,CID,IA,ACE,CE,Combined TRACON& Tower with Radar,35,31,22,0,88,0,0,8,0,8,35,31,30,0,96,4,0,4,100
10/04/2021,CID,IA,ACE,CE,Combined TRACON& Tower with Radar,43,35,21,0,99,0,1,15,0,16,43,36,36,0,115,0,0,0,115
10/05/2021,CID,IA,ACE,CE,Combined TRACON& Tower with Radar,50,34,26,0,110,0,0,4,0,4,50,34,30,0,114,0,0,0,114
10/06/2021,CID,IA,ACE,CE,Combined TRACON& Tower with Radar,41,34,24,0,99,0,0,18,0,18,41,34,42,0,117,26,0,26,143
10/07/2021,CID,IA,ACE,CE,Combined TRACON& Tower with Radar,49,33,24,1,107,0,0,12,0,12,49,33,36,1,119,0,0,0,119
10/08/2021,CID,IA,ACE,CE,Combined TRACON& Tower with Radar,54,37,27,3,121,0,0,17,6,23,54,37,44,9,144,24,8,32,176
10/09/2021,CID,IA,ACE,CE,Combined TRACON& Tower with Radar,33,32,18,0,83,0,0,36,3,39,33,32,54,3,122,34,0,34,156
10/10/2021,CID,IA,ACE,CE,Combined TRACON& Tower with Radar,37,30,13,4,84,0,0,19,0,19,37,30,32,4,103,0,0,0,103
10/11/2021,CID,IA,ACE,CE,Combined TRACON& Tower with Radar,39,28,8,0,75,0,0,0,0,0,39,28,8,0,75,0,0,0,75
10/12/2021,CID,IA,ACE,CE,Combined TRACON& Tower with Radar,39,27,16,0,82,0,0,26,2,28,39,27,42,2,110,18,0,18,128
10/13/2021,CID,IA,ACE,CE,Combined TRACON& Tower with Radar,45,38,12,0,95,0,0,4,0,4,45,38,16,0,99,0,0,0,99
10/14/2021,CID,IA,ACE,CE,Combined TRACON& Tower with Radar,45,37,25,0,107,0,1,21,0,22,45,38,46,0,129,2,0,2,131
10/15/2021,CID,IA,ACE,CE,Combined TRACON& Tower with Radar,53,30,15,0,98,0,1,9,2,12,53,31,24,2,110,6,0,6,116
10/16/2021,CID,IA,ACE,CE,Combined TRACON& Tower with Radar,38,31,13,0,82,0,1,21,2,24,38,32,34,2,106,6,0,6,112
10/17/2021,CID,IA,ACE,CE,Combined TRACON& Tower with Radar,36,30,26,0,92,0,0,41,0,41,36,30,67,0,133,22,0,22,155
10/18/2021,CID,IA,ACE,CE,Combined TRACON& Tower with Radar,42,27,13,0,82,0,4,26,0,30,42,31,39,0,112,40,0,40,152
10/19/2021,CID,IA,ACE,CE,Combined TRACON& Tower with Radar,46,28,12,0,86,0,0,34,0,34,46,28,46,0,120,4,0,4,124
10/20/2021,CID,IA,ACE,CE,Combined TRACON& Tower with Radar,45,32,18,1,96,0,0,11,1,12,45,32,29,2,108,6,0,6,114
10/21/2021,CID,IA,ACE,CE,Combined TRACON& Tower with Radar,47,29,34,0,110,0,0,8,0,8,47,29,42,0,118,0,0,0,118
10/22/2021,CID,IA,ACE,CE,Combined TRACON& Tower with Radar,47,27,11,2,87,0,0,15,0,15,47,27,26,2,102,14,0,14,116
10/23/2021,CID,IA,ACE,CE,Combined TRACON& Tower with Radar,34,30,11,0,75,0,0,51,0,51,34,30,62,0,126,36,0,36,162
10/24/2021,CID,IA,ACE,CE,Combined TRACON& Tower with Radar,33,37,12,0,82,0,0,0,0,0,33,37,12,0,82,0,0,0,82
10/25/2021,CID,IA,ACE,CE,Combined TRACON& Tower with Radar,43,26,20,0,89,0,0,14,1,15,43,26,34,1,104,12,0,12,116
10/26/2021,CID,IA,ACE,CE,Combined TRACON& Tower with Radar,37,30,17,0,84,0,0,20,0,20,37,30,37,0,104,20,0,20,124
10/27/2021,CID,IA,ACE,CE,Combined TRACON& Tower with Radar,44,37,19,0,100,0,0,7,0,7,44,37,26,0,107,18,0,18,125
10/28/2021,CID,IA,ACE,CE,Combined TRACON& Tower with Radar,41,33,16,0,90,0,0,1,0,1,41,33,17,0,91,0,0,0,91
10/29/2021,CID,IA,ACE,CE,Combined TRACON& Tower with Radar,51,29,15,0,95,0,0,1,0,1,51,29,16,0,96,0,0,0,96
10/30/2021,CID,IA,ACE,CE,Combined TRACON& Tower with Radar,28,30,25,0,83,0,1,33,0,34,28,31,58,0,117,36,0,36,153
10/31/2021,CID,IA,ACE,CE,Combined TRACON& Tower with Radar,31,30,15,0,76,0,0,25,0,25,31,30,40,0,101,12,0,12,113
11/01/2021,CID,IA,ACE,CE,Combined TRACON& Tower with Radar,38,33,5,0,76,0,0,12,0,12,38,33,17,0,88,6,0,6,94
11/02/2021,CID,IA,ACE,CE,Combined TRACON& Tower with Radar,37,33,27,0,97,0,0,17,0,17,37,33,44,0,114,12,0,12,126
11/03/2021,CID,IA,ACE,CE,Combined TRACON& Tower with Radar,43,35,26,0,104,0,0,17,0,17,43,35,43,0,121,0,0,0,121
11/04/2021,CID,IA,ACE,CE,Combined TRACON& Tower with Radar,50,33,15,0,98,0,0,13,0,13,50,33,28,0,111,0,0,0,111
11/05/2021,CID,IA,ACE,CE,Combined TRACON& Tower with Radar,47,30,15,0,92,0,0,6,0,6,47,30,21,0,98,14,0,14,112
11/06/2021,CID,IA,ACE,CE,Combined TRACON& Tower with Radar,33,21,10,0,64,0,0,36,0,36,33,21,46,0,100,10,0,10,110
11/07/2021,CID,IA,ACE,CE,Combined TRACON& Tower with Radar,36,26,13,0,75,0,0,21,0,21,36,26,34,0,96,38,0,38,134
11/08/2021,CID,IA,ACE,CE,Combined TRACON& Tower with Radar,40,24,11,0,75,0,1,34,2,37,40,25,45,2,112,42,0,42,154
11/09/2021,CID,IA,ACE,CE,Combined TRACON& Tower with Radar,42,24,21,0,87,0,0,26,0,26,42,24,47,0,113,34,0,34,147
11/10/2021,CID,IA,ACE,CE,Combined TRACON& Tower with Radar,42,23,15,0,80,0,0,5,0,5,42,23,20,0,85,4,0,4,89
11/11/2021,CID,IA,ACE,CE,Combined TRACON& Tower with Radar,46,24,8,0,78,0,0,0,1,1,46,24,8,1,79,0,0,0,79
11/12/2021,CID,IA,ACE,CE,Combined TRACON& Tower with Radar,50,26,11,0,87,0,0,1,0,1,50,26,12,0,88,0,0,0,88
11/13/2021,CID,IA,ACE,CE,Combined TRACON& Tower with Radar,36,25,12,2,75,0,1,17,2,20,36,26,29,4,95,8,0,8,103
11/14/2021,CID,IA,ACE,CE,Combined TRACON& Tower with Radar,35,27,19,0,81,0,0,7,0,7,35,27,26,0,88,0,0,0,88
11/15/2021,CID,IA,ACE,CE,Combined TRACON& Tower with Radar,40,25,18,1,84,0,0,20,1,21,40,25,38,2,105,42,0,42,147
11/16/2021,CID,IA,ACE,CE,Combined TRACON& Tower with Radar,43,27,13,0,83,0,0,17,1,18,43,27,30,1,101,18,0,18,119
11/17/2021,CID,IA,ACE,CE,Combined TRACON& Tower with Radar,42,24,21,0,87,0,0,22,2,24,42,24,43,2,111,16,0,16,127
11/18/2021,CID,IA,ACE,CE,Combined TRACON& Tower with Radar,46,29,17,0,92,0,0,12,0,12,46,29,29,0,104,26,0,26,130
11/19/2021,CID,IA,ACE,CE,Combined TRACON& Tower with Radar,50,31,27,0,108,0,0,38,0,38,50,31,65,0,146,86,0,86,232
11/20/2021,CID,IA,ACE,CE,Combined TRACON& Tower with Radar,32,26,20,0,78,0,0,62,2,64,32,26,82,2,142,94,0,94,236
11/21/2021,CID,IA,ACE,CE,Combined TRACON& Tower with Radar,32,26,3,0,61,0,0,11,0,11,32,26,14,0,72,16,0,16,88
11/22/2021,CID,IA,ACE,CE,Combined TRACON& Tower with Radar,46,21,10,0,77,0,0,37,0,37,46,21,47,0,114,100,0,100,214
11/23/2021,CID,IA,ACE,CE,Combined TRACON& Tower with Radar,46,30,15,0,91,0,1,24,0,25,46,31,39,0,116,14,0,14,130
11/24/2021,CID,IA,ACE,CE,Combined TRACON& Tower with Radar,52,33,20,0,105,0,0,16,0,16,52,33,36,0,121,12,0,12,133
11/25/2021,CID,IA,ACE,CE,Combined TRACON& Tower with Radar,24,18,0,0,42,0,1,0,0,1,24,19,0,0,43,0,0,0,43
11/26/2021,CID,IA,ACE,CE,Combined TRACON& Tower with Radar,38,18,25,0,81,0,0,24,0,24,38,18,49,0,105,35,0,35,140
11/27/2021,CID,IA,ACE,CE,Combined TRACON& Tower with Radar,45,31,16,0,92,0,0,27,0,27,45,31,43,0,119,46,0,46,165
11/28/2021,CID,IA,ACE,CE,Combined TRACON& Tower with Radar,42,29,14,0,85,0,0,21,0,21,42,29,35,0,106,26,0,26,132
11/29/2021,CID,IA,ACE,CE,Combined TRACON& Tower with Radar,45,23,14,0,82,0,0,16,0,16,45,23,30,0,98,6,0,6,104
11/30/2021,CID,IA,ACE,CE,Combined TRACON& Tower with Radar,33,26,17,0,76,0,3,26,0,29,33,29,43,0,105,40,0,40,145
12/01/2021,CID,IA,ACE,CE,Combined TRACON& Tower with Radar,46,24,13,0,83,0,2,11,0,13,46,26,24,0,96,22,0,22,118
12/02/2021,CID,IA,ACE,CE,Combined TRACON& Tower with Radar,45,26,29,0,100,0,0,22,0,22,45,26,51,0,122,34,0,34,156
12/03/2021,CID,IA,ACE,CE,Combined TRACON& Tower with Radar,52,29,15,0,96,0,0,27,0,27,52,29,42,0,123,18,0,18,141
12/04/2021,CID,IA,ACE,CE,Combined TRACON& Tower with Radar,36,25,17,0,78,0,0,33,0,33,36,25,50,0,111,66,0,66,177
12/05/2021,CID,IA,ACE,CE,Combined TRACON& Tower with Radar,39,28,13,0,80,0,0,5,0,5,39,28,18,0,85,0,0,0,85
12/06/2021,CID,IA,ACE,CE,Combined TRACON& Tower with Radar,47,29,19,0,95,0,0,0,0,0,47,29,19,0,95,0,0,0,95
12/07/2021,CID,IA,ACE,CE,Combined TRACON& Tower with Radar,36,24,12,0,72,0,0,9,0,9,36,24,21,0,81,10,0,10,91
12/08/2021,CID,IA,ACE,CE,Combined TRACON& Tower with Radar,41,26,17,2,86,0,0,18,0,18,41,26,35,2,104,0,0,0,104
12/09/2021,CID,IA,ACE,CE,Combined TRACON& Tower with Radar,46,31,9,0,86,0,2,16,1,19,46,33,25,1,105,32,0,32,137
12/10/2021,CID,IA,ACE,CE,Combined TRACON& Tower with Radar,47,24,10,0,81,0,0,0,0,0,47,24,10,0,81,0,0,0,81
12/11/2021,CID,IA,ACE,CE,Combined TRACON& Tower with Radar,30,25,5,0,60,0,0,5,0,5,30,25,10,0,65,12,0,12,77
12/12/2021,CID,IA,ACE,CE,Combined TRACON& Tower with Radar,34,25,13,0,72,0,0,15,0,15,34,25,28,0,87,32,0,32,119
12/13/2021,CID,IA,ACE,CE,Combined TRACON& Tower with Radar,40,30,23,0,93,0,0,31,0,31,40,30,54,0,124,18,0,18,142
12/14/2021,CID,IA,ACE,CE,Combined TRACON& Tower with Radar,32,26,25,0,83,0,0,23,0,23,32,26,48,0,106,72,0,72,178
12/15/2021,CID,IA,ACE,CE,Combined TRACON& Tower with Radar,29,17,7,0,53,0,0,3,2,5,29,17,10,2,58,0,0,0,58
12/16/2021,CID,IA,ACE,CE,Combined TRACON& Tower with Radar,45,24,12,0,81,0,0,2,0,2,45,24,14,0,83,0,0,0,83
12/17/2021,CID,IA,ACE,CE,Combined TRACON& Tower with Radar,47,36,27,0,110,0,0,20,0,20,47,36,47,0,130,26,0,26,156
12/18/2021,CID,IA,ACE,CE,Combined TRACON& Tower with Radar,32,18,7,0,57,0,0,13,0,13,32,18,20,0,70,26,0,26,96
12/19/2021,CID,IA,ACE,CE,Combined TRACON& Tower with Radar,29,28,12,0,69,0,0,10,0,10,29,28,22,0,79,36,0,36,115
12/20/2021,CID,IA,ACE,CE,Combined TRACON& Tower with Radar,39,33,16,0,88,0,0,25,0,25,39,33,41,0,113,16,0,16,129
12/21/2021,CID,IA,ACE,CE,Combined TRACON& Tower with Radar,45,31,8,0,84,0,0,17,2,19,45,31,25,2,103,12,0,12,115
12/22/2021,CID,IA,ACE,CE,Combined TRACON& Tower with Radar,51,30,15,2,98,0,0,28,0,28,51,30,43,2,126,52,0,52,178
12/23/2021,CID,IA,ACE,CE,Combined TRACON& Tower with Radar,43,26,10,0,79,0,0,23,0,23,43,26,33,0,102,0,0,0,102
12/24/2021,CID,IA,ACE,CE,Combined TRACON& Tower with Radar,38,14,13,0,65,0,0,3,0,3,38,14,16,0,68,0,0,0,68
12/25/2021,CID,IA,ACE,CE,Combined TRACON& Tower with Radar,20,16,4,0,40,0,0,9,0,9,20,16,13,0,49,6,0,6,55
12/26/2021,CID,IA,ACE,CE,Combined TRACON& Tower with Radar,34,21,8,0,63,0,0,3,0,3,34,21,11,0,66,0,0,0,66
12/27/2021,CID,IA,ACE,CE,Combined TRACON& Tower with Radar,48,25,18,0,91,0,0,7,0,7,48,25,25,0,98,0,0,0,98
12/28/2021,CID,IA,ACE,CE,Combined TRACON& Tower with Radar,41,27,6,0,74,0,0,0,0,0,41,27,6,0,74,0,0,0,74
12/29/2021,CID,IA,ACE,CE,Combined TRACON& Tower with Radar,53,26,11,2,92,0,0,16,0,16,53,26,27,2,108,10,0,10,118
12/30/2021,CID,IA,ACE,CE,Combined TRACON& Tower with Radar,41,32,14,0,87,0,0,0,0,0,41,32,14,0,87,0,0,0,87
12/31/2021,CID,IA,ACE,CE,Combined TRACON& Tower with Radar,13,8,5,0,26,0,0,0,0,0,13,8,5,0,26,0,0,0,26
01/01/2022,CID,IA,ACE,CE,Combined TRACON& Tower with Radar,17,13,1,0,31,0,0,0,0,0,17,13,1,0,31,0,0,0,31
01/02/2022,CID,IA,ACE,CE,Combined TRACON& Tower with Radar,33,25,13,0,71,0,0,4,0,4,33,25,17,0,75,0,0,0,75
01/03/2022,CID,IA,ACE,CE,Combined TRACON& Tower with Radar,35,21,9,0,65,1,0,13,0,14,36,21,22,0,79,0,0,0,79
01/04/2022,CID,IA,ACE,CE,Combined TRACON& Tower with Radar,37,19,3,0,59,0,0,9,0,9,37,19,12,0,68,0,0,0,68
01/05/2022,CID,IA,ACE,CE,Combined TRACON& Tower with Radar,36,29,2,0,67,0,0,2,0,2,36,29,4,0,69,0,0,0,69
01/06/2022,CID,IA,ACE,CE,Combined TRACON& Tower with Radar,41,28,5,0,74,0,0,5,0,5,41,28,10,0,79,0,0,0,79
01/07/2022,CID,IA,ACE,CE,Combined TRACON& Tower with Radar,43,20,14,0,77,0,0,9,0,9,43,20,23,0,86,8,0,8,94
01/08/2022,CID,IA,ACE,CE,Combined TRACON& Tower with Radar,27,29,8,0,64,0,0,1,0,1,27,29,9,0,65,18,0,18,83
01/09/2022,CID,IA,ACE,CE,Combined TRACON& Tower with Radar,29,24,11,0,64,0,0,13,0,13,29,24,24,0,77,12,0,12,89
01/10/2022,CID,IA,ACE,CE,Combined TRACON& Tower with Radar,36,23,7,1,67,0,0,6,1,7,36,23,13,2,74,0,0,0,74
01/11/2022,CID,IA,ACE,CE,Combined TRACON& Tower with Radar,32,28,8,2,70,0,0,10,3,13,32,28,18,5,83,10,0,10,93
01/12/2022,CID,IA,ACE,CE,Combined TRACON& Tower with Radar,39,26,14,0,79,0,2,17,0,19,39,28,31,0,98,28,0,28,126
01/13/2022,CID,IA,ACE,CE,Combined TRACON& Tower with Radar,37,32,21,0,90,0,0,9,0,9,37,32,30,0,99,20,0,20,119
01/14/2022,CID,IA,ACE,CE,Combined TRACON& Tower with Radar,36,24,9,0,69,0,0,0,0,0,36,24,9,0,69,0,0,0,69
01/15/2022,CID,IA,ACE,CE,Combined TRACON& Tower with Radar,28,22,12,0,62,0,0,8,0,8,28,22,20,0,70,12,0,12,82
01/16/2022,CID,IA,ACE,CE,Combined TRACON& Tower with Radar,24,19,7,0,50,0,0,2,2,4,24,19,9,2,54,0,0,0,54
01/17/2022,CID,IA,ACE,CE,Combined TRACON& Tower with Radar,35,24,18,0,77,0,0,13,0,13,35,24,31,0,90,4,0,4,94
01/18/2022,CID,IA,ACE,CE,Combined TRACON& Tower with Radar,31,27,11,2,71,0,0,14,0,14,31,27,25,2,85,6,0,6,91
01/19/2022,CID,IA,ACE,CE,Combined TRACON& Tower with Radar,37,28,9,0,74,0,0,4,0,4,37,28,13,0,78,0,0,0,78
01/20/2022,CID,IA,ACE,CE,Combined TRACON& Tower with Radar,39,41,9,0,89,0,0,8,0,8,39,41,17,0,97,0,0,0,97
01/21/2022,CID,IA,ACE,CE,Combined TRACON& Tower with Radar,44,28,12,0,84,0,0,7,0,7,44,28,19,0,91,12,0,12,103
01/22/2022,CID,IA,ACE,CE,Combined TRACON& Tower with Radar,28,19,11,0,58,0,0,23,0,23,28,19,34,0,81,38,0,38,119
01/23/2022,CID,IA,ACE,CE,Combined TRACON& Tower with Radar,28,26,10,0,64,0,0,14,0,14,28,26,24,0,78,40,0,40,118
01/24/2022,CID,IA,ACE,CE,Combined TRACON& Tower with Radar,40,25,5,0,70,0,0,4,0,4,40,25,9,0,74,0,0,0,74
01/25/2022,CID,IA,ACE,CE,Combined TRACON& Tower with Radar,28,23,10,0,61,0,1,18,0,19,28,24,28,0,80,20,0,20,100
01/26/2022,CID,IA,ACE,CE,Combined TRACON& Tower with Radar,40,22,9,0,71,0,0,14,0,14,40,22,23,0,85,0,0,0,85
01/27/2022,CID,IA,ACE,CE,Combined TRACON& Tower with Radar,39,29,14,0,82,0,0,14,0,14,39,29,28,0,96,46,0,46,142
01/28/2022,CID,IA,ACE,CE,Combined TRACON& Tower with Radar,46,27,19,0,92,0,0,11,0,11,46,27,30,0,103,0,0,0,103
01/29/2022,CID,IA,ACE,CE,Combined TRACON& Tower with Radar,31,27,18,0,76,0,0,32,0,32,31,27,50,0,108,40,0,40,148
01/30/2022,CID,IA,ACE,CE,Combined TRACON& Tower with Radar,31,29,10,0,70,0,0,3,0,3,31,29,13,0,73,56,0,56,129
01/31/2022,CID,IA,ACE,CE,Combined TRACON& Tower with Radar,42,27,5,0,74,0,0,12,0,12,42,27,17,0,86,6,0,6,92
02/01/2022,CID,IA,ACE,CE,Combined TRACON& Tower with Radar,35,24,14,0,73,0,0,16,0,16,35,24,30,0,89,34,0,34,123
02/02/2022,CID,IA,ACE,CE,Combined TRACON& Tower with Radar,34,12,14,1,61,0,1,7,1,9,34,13,21,2,70,0,0,0,70
02/03/2022,CID,IA,ACE,CE,Combined TRACON& Tower with Radar,27,22,10,0,59,0,0,6,0,6,27,22,16,0,65,2,0,2,67
02/04/2022,CID,IA,ACE,CE,Combined TRACON& Tower with Radar,34,30,17,0,81,0,0,3,0,3,34,30,20,0,84,8,0,8,92
02/05/2022,CID,IA,ACE,CE,Combined TRACON& Tower with Radar,30,25,1,0,56,0,0,7,0,7,30,25,8,0,63,0,0,0,63
02/06/2022,CID,IA,ACE,CE,Combined TRACON& Tower with Radar,29,30,6,0,65,0,0,13,0,13,29,30,19,0,78,44,0,44,122
02/07/2022,CID,IA,ACE,CE,Combined TRACON& Tower with Radar,36,27,14,0,77,0,2,15,0,17,36,29,29,0,94,16,0,16,110
02/08/2022,CID,IA,ACE,CE,Combined TRACON& Tower with Radar,35,28,20,0,83,0,0,39,0,39,35,28,59,0,122,58,0,58,180
02/09/2022,CID,IA,ACE,CE,Combined TRACON& Tower with Radar,38,21,8,0,67,0,0,11,0,11,38,21,19,0,78,14,0,14,92
02/10/2022,CID,IA,ACE,CE,Combined TRACON& Tower with Radar,34,24,7,0,65,0,0,9,0,9,34,24,16,0,74,32,0,32,106
02/11/2022,CID,IA,ACE,CE,Combined TRACON& Tower with Radar,41,27,9,3,80,0,0,10,1,11,41,27,19,4,91,18,0,18,109
02/12/2022,CID,IA,ACE,CE,Combined TRACON& Tower with Radar,31,27,16,2,76,0,0,13,0,13,31,27,29,2,89,12,0,12,101
02/13/2022,CID,IA,ACE,CE,Combined TRACON& Tower with Radar,30,24,5,0,59,0,0,6,0,6,30,24,11,0,65,0,0,0,65
02/14/2022,CID,IA,ACE,CE,Combined TRACON& Tower with Radar,39,27,9,0,75,0,0,23,0,23,39,27,32,0,98,20,0,20,118
02/15/2022,CID,IA,ACE,CE,Combined TRACON& Tower with Radar,36,17,13,0,66,0,0,14,0,14,36,17,27,0,80,18,0,18,98
02/16/2022,CID,IA,ACE,CE,Combined TRACON& Tower with Radar,43,18,17,0,78,0,0,2,2,4,43,18,19,2,82,0,0,0,82
02/17/2022,CID,IA,ACE,CE,Combined TRACON& Tower with Radar,42,30,10,0,82,0,0,0,0,0,42,30,10,0,82,0,0,0,82
02/18/2022,CID,IA,ACE,CE,Combined TRACON& Tower with Radar,43,28,13,2,86,0,0,13,0,13,43,28,26,2,99,0,0,0,99
02/19/2022,CID,IA,ACE,CE,Combined TRACON& Tower with Radar,32,21,10,0,63,0,0,33,1,34,32,21,43,1,97,22,0,22,119
02/20/2022,CID,IA,ACE,CE,Combined TRACON& Tower with Radar,31,22,19,0,72,0,0,12,0,12,31,22,31,0,84,22,0,22,106
02/21/2022,CID,IA,ACE,CE,Combined TRACON& Tower with Radar,42,27,11,0,80,0,0,10,0,10,42,27,21,0,90,16,0,16,106
02/22/2022,CID,IA,ACE,CE,Combined TRACON& Tower with Radar,38,27,4,0,69,0,0,0,0,0,38,27,4,0,69,0,0,0,69
02/23/2022,CID,IA,ACE,CE,Combined TRACON& Tower with Radar,41,25,8,10,84,0,0,10,0,10,41,25,18,10,94,24,0,24,118
02/24/2022,CID,IA,ACE,CE,Combined TRACON& Tower with Radar,33,35,14,0,82,0,0,2,0,2,33,35,16,0,84,0,0,0,84
02/25/2022,CID,IA,ACE,CE,Combined TRACON& Tower with Radar,50,31,17,0,98,0,0,13,0,13,50,31,30,0,111,0,0,0,111
02/26/2022,CID,IA,ACE,CE,Combined TRACON& Tower with Radar,31,29,23,0,83,0,0,23,0,23,31,29,46,0,106,38,0,38,144
02/27/2022,CID,IA,ACE,CE,Combined TRACON& Tower with Radar,29,26,17,0,72,0,0,53,0,53,29,26,70,0,125,58,0,58,183
02/28/2022,CID,IA,ACE,CE,Combined TRACON& Tower with Radar,40,23,18,0,81,0,0,36,1,37,40,23,54,1,118,44,0,44,162
03/01/2022,CID,IA,ACE,CE,Combined TRACON& Tower with Radar,36,24,19,0,79,0,0,19,0,19,36,24,38,0,98,32,0,32,130
03/02/2022,CID,IA,ACE,CE,Combined TRACON& Tower with Radar,45,21,24,0,90,0,0,33,0,33,45,21,57,0,123,24,0,24,147
03/03/2022,CID,IA,ACE,CE,Combined TRACON& Tower with Radar,44,29,12,3,88,0,0,6,1,7,44,29,18,4,95,28,0,28,123
03/04/2022,CID,IA,ACE,CE,Combined TRACON& Tower with Radar,48,27,19,0,94,0,0,22,0,22,48,27,41,0,116,24,1,25,141
03/05/2022,CID,IA,ACE,CE,Combined TRACON& Tower with Radar,35,22,7,0,64,0,0,3,0,3,35,22,10,0,67,0,0,0,67
03/06/2022,CID,IA,ACE,CE,Combined TRACON& Tower with Radar,26,28,13,0,67,0,0,7,0,7,26,28,20,0,74,24,0,24,98
03/07/2022,CID,IA,ACE,CE,Combined TRACON& Tower with Radar,37,27,6,0,70,0,0,9,0,9,37,27,15,0,79,0,0,0,79
03/08/2022,CID,IA,ACE,CE,Combined TRACON& Tower with Radar,35,29,24,2,90,0,1,24,1,26,35,30,48,3,116,22,0,22,138
03/09/2022,CID,IA,ACE,CE,Combined TRACON& Tower with Radar,40,23,23,0,86,0,0,13,0,13,40,23,36,0,99,0,0,0,99
03/10/2022,CID,IA,ACE,CE,Combined TRACON& Tower with Radar,41,32,17,0,90,0,0,5,2,7,41,32,22,2,97,6,0,6,103
03/11/2022,CID,IA,ACE,CE,Combined TRACON& Tower with Radar,42,25,33,0,100,0,0,18,0,18,42,25,51,0,118,34,0,34,152
03/12/2022,CID,IA,ACE,CE,Combined TRACON& Tower with Radar,41,31,23,0,95,0,2,27,0,29,41,33,50,0,124,40,0,40,164
03/13/2022,CID,IA,ACE,CE,Combined TRACON& Tower with Radar,28,28,9,0,65,0,2,26,0,28,28,30,35,0,93,40,0,40,133
03/14/2022,CID,IA,ACE,CE,Combined TRACON& Tower with Radar,34,24,15,0,73,0,0,24,0,24,34,24,39,0,97,14,0,14,111
03/15/2022,CID,IA,ACE,CE,Combined TRACON& Tower with Radar,40,24,17,3,84,0,0,26,0,26,40,24,43,3,110,48,0,48,158
03/16/2022,CID,IA,ACE,CE,Combined TRACON& Tower with Radar,41,24,21,0,86,0,0,30,2,32,41,24,51,2,118,16,0,16,134
03/17/2022,CID,IA,ACE,CE,Combined TRACON& Tower with Radar,40,32,14,0,86,0,0,15,0,15,40,32,29,0,101,10,0,10,111
03/18/2022,CID,IA,ACE,CE,Combined TRACON& Tower with Radar,48,30,10,0,88,0,0,0,0,0,48,30,10,0,88,0,0,0,88
03/19/2022,CID,IA,ACE,CE,Combined TRACON& Tower with Radar,42,32,14,0,88,0,0,30,0,30,42,32,44,0,118,28,0,28,146
03/20/2022,CID,IA,ACE,CE,Combined TRACON& Tower with Radar,34,27,21,0,82,0,0,75,0,75,34,27,96,0,157,72,0,72,229
03/21/2022,CID,IA,ACE,CE,Combined TRACON& Tower with Radar,35,26,19,0,80,0,0,16,0,16,35,26,35,0,96,16,0,16,112
03/22/2022,CID,IA,ACE,CE,Combined TRACON& Tower with Radar,36,26,26,1,89,0,0,0,0,0,36,26,26,1,89,0,0,0,89
03/23/2022,CID,IA,ACE,CE,Combined TRACON& Tower with Radar,38,26,20,1,85,0,0,0,0,0,38,26,20,1,85,0,0,0,85
03/24/2022,CID,IA,ACE,CE,Combined TRACON& Tower with Radar,38,33,6,0,77,0,1,0,0,1,38,34,6,0,78,26,0,26,104
03/25/2022,CID,IA,ACE,CE,Combined TRACON& Tower with Radar,41,25,9,0,75,0,0,6,0,6,41,25,15,0,81,0,0,0,81
03/26/2022,CID,IA,ACE,CE,Combined TRACON& Tower with Radar,35,22,13,0,70,0,0,19,0,19,35,22,32,0,89,6,0,6,95
03/27/2022,CID,IA,ACE,CE,Combined TRACON& Tower with Radar,26,26,8,0,60,0,0,33,0,33,26,26,41,0,93,22,0,22,115
03/28/2022,CID,IA,ACE,CE,Combined TRACON& Tower with Radar,36,23,17,0,76,0,0,32,0,32,36,23,49,0,108,84,0,84,192
03/29/2022,CID,IA,ACE,CE,Combined TRACON& Tower with Radar,31,24,9,0,64,0,0,3,0,3,31,24,12,0,67,0,0,0,67
03/30/2022,CID,IA,ACE,CE,Combined TRACON& Tower with Radar,37,24,24,0,85,0,0,0,0,0,37,24,24,0,85,0,0,0,85
03/31/2022,CID,IA,ACE,CE,Combined TRACON& Tower with Radar,37,30,11,0,78,0,0,0,0,0,37,30,11,0,78,0,0,0,78
04/01/2022,CID,IA,ACE,CE,Combined TRACON& Tower with Radar,37,33,32,0,102,0,0,55,0,55,37,33,87,0,157,41,0,41,198
04/02/2022,CID,IA,ACE,CE,Combined TRACON& Tower with Radar,31,25,9,0,65,0,0,8,0,8,31,25,17,0,73,52,0,52,125
04/03/2022,CID,IA,ACE,CE,Combined TRACON& Tower with Radar,22,35,7,0,64,0,0,17,0,17,22,35,24,0,81,10,0,10,91
04/04/2022,CID,IA,ACE,CE,Combined TRACON& Tower with Radar,31,22,29,0,82,0,0,31,0,31,31,22,60,0,113,36,0,36,149
04/05/2022,CID,IA,ACE,CE,Combined TRACON& Tower with Radar,29,27,14,0,70,0,0,11,0,11,29,27,25,0,81,26,0,26,107
04/06/2022,CID,IA,ACE,CE,Combined TRACON& Tower with Radar,27,30,13,2,72,0,0,6,0,6,27,30,19,2,78,8,0,8,86
04/07/2022,CID,IA,ACE,CE,Combined TRACON& Tower with Radar,33,34,10,0,77,0,0,2,0,2,33,34,12,0,79,0,0,0,79
04/08/2022,CID,IA,ACE,CE,Combined TRACON& Tower with Radar,36,33,8,0,77,0,0,11,2,13,36,33,19,2,90,4,0,4,94
04/09/2022,CID,IA,ACE,CE,Combined TRACON& Tower with Radar,30,24,22,0,76,0,0,50,0,50,30,24,72,0,126,76,0,76,202
04/10/2022,CID,IA,ACE,CE,Combined TRACON& Tower with Radar,23,27,13,0,63,0,0,15,0,15,23,27,28,0,78,6,0,6,84
04/11/2022,CID,IA,ACE,CE,Combined TRACON& Tower with Radar,27,31,22,0,80,0,0,35,0,35,27,31,57,0,115,24,0,24,139
04/12/2022,CID,IA,ACE,CE,Combined TRACON& Tower with Radar,27,38,8,0,73,0,0,5,0,5,27,38,13,0,78,0,0,0,78
04/13/2022,CID,IA,ACE,CE,Combined TRACON& Tower with Radar,34,30,8,0,72,0,1,0,0,1,34,31,8,0,73,0,0,0,73
04/14/2022,CID,IA,ACE,CE,Combined TRACON& Tower with Radar,34,30,12,0,76,0,0,11,0,11,34,30,23,0,87,0,0,0,87
04/15/2022,CID,IA,ACE,CE,Combined TRACON& Tower with Radar,36,26,20,0,82,0,0,37,0,37,36,26,57,0,119,80,0,80,199
04/16/2022,CID,IA,ACE,CE,Combined TRACON& Tower with Radar,27,26,15,0,68,0,0,32,0,32,27,26,47,0,100,70,0,70,170
04/17/2022,CID,IA,ACE,CE,Combined TRACON& Tower with Radar,24,27,4,0,55,0,0,10,0,10,24,27,14,0,65,10,0,10,75
04/18/2022,CID,IA,ACE,CE,Combined TRACON& Tower with Radar,31,30,10,0,71,0,0,5,0,5,31,30,15,0,76,10,0,10,86
04/19/2022,CID,IA,ACE,CE,Combined TRACON& Tower with Radar,33,33,12,2,80,0,0,26,4,30,33,33,38,6,110,20,0,20,130
04/20/2022,CID,IA,ACE,CE,Combined TRACON& Tower with Radar,31,26,13,0,70,0,0,2,0,2,31,26,15,0,72,0,0,0,72
04/21/2022,CID,IA,ACE,CE,Combined TRACON& Tower with Radar,34,30,25,0,89,0,0,36,0,36,34,30,61,0,125,60,0,60,185
04/22/2022,CID,IA,ACE,CE,Combined TRACON& Tower with Radar,34,25,8,0,67,0,0,2,0,2,34,25,10,0,69,0,0,0,69
04/23/2022,CID,IA,ACE,CE,Combined TRACON& Tower with Radar,31,27,9,0,67,0,0,5,0,5,31,27,14,0,72,16,0,16,88
04/24/2022,CID,IA,ACE,CE,Combined TRACON& Tower with Radar,22,26,14,0,62,0,0,10,0,10,22,26,24,0,72,22,0,22,94
04/25/2022,CID,IA,ACE,CE,Combined TRACON& Tower with Radar,29,27,20,0,76,0,0,13,0,13,29,27,33,0,89,36,0,36,125
04/26/2022,CID,IA,ACE,CE,Combined TRACON& Tower with Radar,29,26,19,0,74,0,1,47,0,48,29,27,66,0,122,100,0,100,222
04/27/2022,CID,IA,ACE,CE,Combined TRACON& Tower with Radar,34,34,23,0,91,0,1,21,0,22,34,35,44,0,113,40,0,40,153
04/28/2022,CID,IA,ACE,CE,Combined TRACON& Tower with Radar,33,32,16,0,81,0,0,13,0,13,33,32,29,0,94,26,0,26,120
04/29/2022,CID,IA,ACE,CE,Combined TRACON& Tower with Radar,38,26,24,0,88,0,0,1,0,1,38,26,25,0,89,0,0,0,89
04/30/2022,CID,IA,ACE,CE,Combined TRACON& Tower with Radar,31,26,13,0,70,0,0,2,0,2,31,26,15,0,72,6,0,6,78
05/01/2022,CID,IA,ACE,CE,Combined TRACON& Tower with Radar,24,32,6,0,62,0,0,3,0,3,24,32,9,0,65,16,0,16,81
05/02/2022,CID,IA,ACE,CE,Combined TRACON& Tower with Radar,28,33,17,0,78,0,0,13,0,13,28,33,30,0,91,30,0,30,121
05/03/2022,CID,IA,ACE,CE,Combined TRACON& Tower with Radar,26,34,21,0,81,0,0,6,0,6,26,34,27,0,87,6,0,6,93
05/04/2022,CID,IA,ACE,CE,Combined TRACON& Tower with Radar,32,29,20,0,81,0,0,39,0,39,32,29,59,0,120,4,0,4,124
05/05/2022,CID,IA,ACE,CE,Combined TRACON& Tower with Radar,36,31,24,0,91,0,0,0,0,0,36,31,24,0,91,0,0,0,91
05/06/2022,CID,IA,ACE,CE,Combined TRACON& Tower with Radar,34,31,24,0,89,0,0,29,1,30,34,31,53,1,119,52,0,52,171
05/07/2022,CID,IA,ACE,CE,Combined TRACON& Tower with Radar,24,31,11,0,66,0,0,41,0,41,24,31,52,0,107,128,0,128,235
05/08/2022,CID,IA,ACE,CE,Combined TRACON& Tower with Radar,24,24,5,0,53,0,0,3,0,3,24,24,8,0,56,0,0,0,56
05/09/2022,CID,IA,ACE,CE,Combined TRACON& Tower with Radar,30,29,5,0,64,0,0,4,0,4,30,29,9,0,68,4,0,4,72
05/10/2022,CID,IA,ACE,CE,Combined TRACON& Tower with Radar,25,36,11,0,72,0,0,17,0,17,25,36,28,0,89,18,0,18,107
05/11/2022,CID,IA,ACE,CE,Combined TRACON& Tower with Radar,34,27,29,0,90,0,0,30,0,30,34,27,59,0,120,6,0,6,126
05/12/2022,CID,IA,ACE,CE,Combined TRACON& Tower with Radar,36,29,19,1,85,0,0,29,1,30,36,29,48,2,115,12,0,12,127
05/13/2022,CID,IA,ACE,CE,Combined TRACON& Tower with Radar,34,31,13,0,78,0,0,19,0,19,34,31,32,0,97,32,0,32,129
05/14/2022,CID,IA,ACE,CE,Combined TRACON& Tower with Radar,27,25,22,0,74,0,1,97,0,98,27,26,119,0,172,28,0,28,200
05/15/2022,CID,IA,ACE,CE,Combined TRACON& Tower with Radar,22,24,12,0,58,0,0,24,0,24,22,24,36,0,82,46,0,46,128
05/16/2022,CID,IA,ACE,CE,Combined TRACON& Tower with Radar,29,31,21,0,81,0,0,28,0,28,29,31,49,0,109,34,0,34,143
05/17/2022,CID,IA,ACE,CE,Combined TRACON& Tower with Radar,29,31,17,0,77,20,0,18,0,38,49,31,35,0,115,0,0,0,115
05/18/2022,CID,IA,ACE,CE,Combined TRACON& Tower with Radar,32,29,24,0,85,0,0,23,0,23,32,29,47,0,108,24,0,24,132
05/19/2022,CID,IA,ACE,CE,Combined TRACON& Tower with Radar,31,29,25,0,85,0,0,20,0,20,31,29,45,0,105,22,0,22,127
05/20/2022,CID,IA,ACE,CE,Combined TRACON& Tower with Radar,35,29,6,0,70,0,0,18,0,18,35,29,24,0,88,20,0,20,108
05/21/2022,CID,IA,ACE,CE,Combined TRACON& Tower with Radar,26,22,6,0,54,0,0,17,0,17,26,22,23,0,71,14,0,14,85
05/22/2022,CID,IA,ACE,CE,Combined TRACON& Tower with Radar,20,29,11,0,60,0,0,23,0,23,20,29,34,0,83,22,0,22,105
05/23/2022,CID,IA,ACE,CE,Combined TRACON& Tower with Radar,28,34,21,0,83,0,0,40,0,40,28,34,61,0,123,62,0,62,185
05/24/2022,CID,IA,ACE,CE,Combined TRACON& Tower with Radar,26,30,13,2,71,0,2,14,0,16,26,32,27,2,87,22,0,22,109
05/25/2022,CID,IA,ACE,CE,Combined TRACON& Tower with Radar,34,34,12,0,80,0,0,1,0,1,34,34,13,0,81,0,0,0,81
05/26/2022,CID,IA,ACE,CE,Combined TRACON& Tower with Radar,31,38,11,0,80,0,0,4,0,4,31,38,15,0,84,8,0,8,92
05/27/2022,CID,IA,ACE,CE,Combined TRACON& Tower with Radar,34,31,27,0,92,0,0,36,0,36,34,31,63,0,128,120,0,120,248
05/28/2022,CID,IA,ACE,CE,Combined TRACON& Tower with Radar,27,24,14,0,65,0,1,16,0,17,27,25,30,0,82,12,0,12,94
05/29/2022,CID,IA,ACE,CE,Combined TRACON& Tower with Radar,18,24,4,0,46,0,0,2,0,2,18,24,6,0,48,0,0,0,48
05/30/2022,CID,IA,ACE,CE,Combined TRACON& Tower with Radar,24,31,6,0,61,0,0,4,0,4,24,31,10,0,65,0,0,0,65
05/31/2022,CID,IA,ACE,CE,Combined TRACON& Tower with Radar,26,29,8,0,63,0,0,14,0,14,26,29,22,0,77,20,0,20,97
06/01/2022,CID,IA,ACE,CE,Combined TRACON& Tower with Radar,33,28,18,0,79,0,0,27,0,27,33,28,45,0,106,36,0,36,142
06/02/2022,CID,IA,ACE,CE,Combined TRACON& Tower with Radar,29,32,21,0,82,0,2,44,0,46,29,34,65,0,128,190,0,190,318
06/03/2022,CID,IA,ACE,CE,Combined TRACON& Tower with Radar,41,26,31,0,98,0,0,33,0,33,41,26,64,0,131,12,0,12,143
06/04/2022,CID,IA,ACE,CE,Combined TRACON& Tower with Radar,32,23,13,0,68,0,0,21,0,21,32,23,34,0,89,18,0,18,107
06/05/2022,CID,IA,ACE,CE,Combined TRACON& Tower with Radar,29,26,30,0,85,0,0,41,0,41,29,26,71,0,126,66,0,66,192
06/06/2022,CID,IA,ACE,CE,Combined TRACON& Tower with Radar,42,26,20,0,88,0,0,6,0,6,42,26,26,0,94,0,0,0,94
06/07/2022,CID,IA,ACE,CE,Combined TRACON& Tower with Radar,36,24,36,0,96,0,0,46,0,46,36,24,82,0,142,56,0,56,198
06/08/2022,CID,IA,ACE,CE,Combined TRACON& Tower with Radar,43,30,10,0,83,0,0,14,0,14,43,30,24,0,97,66,0,66,163
06/09/2022,CID,IA,ACE,CE,Combined TRACON& Tower with Radar,42,33,16,0,91,0,0,47,2,49,42,33,63,2,140,12,0,12,152
06/10/2022,CID,IA,ACE,CE,Combined TRACON& Tower with Radar,48,19,18,0,85,0,0,16,0,16,48,19,34,0,101,18,0,18,119
06/11/2022,CID,IA,ACE,CE,Combined TRACON& Tower with Radar,34,21,15,0,70,0,0,8,1,9,34,21,23,1,79,2,0,2,81
06/12/2022,CID,IA,ACE,CE,Combined TRACON& Tower with Radar,29,16,13,7,65,0,2,20,1,23,29,18,33,8,88,50,0,50,138
06/13/2022,CID,IA,ACE,CE,Combined TRACON& Tower with Radar,40,17,12,0,69,0,0,9,0,9,40,17,21,0,78,20,0,20,98
06/14/2022,CID,IA,ACE,CE,Combined TRACON& Tower with Radar,33,22,13,0,68,18,0,23,0,41,51,22,36,0,109,0,0,0,109
06/15/2022,CID,IA,ACE,CE,Combined TRACON& Tower with Radar,48,21,14,0,83,26,0,12,0,38,74,21,26,0,121,0,0,0,121
06/16/2022,CID,IA,ACE,CE,Combined TRACON& Tower with Radar,41,26,25,0,92,0,2,31,0,33,41,28,56,0,125,14,0,14,139
06/17/2022,CID,IA,ACE,CE,Combined TRACON& Tower with Radar,47,25,18,0,90,0,0,35,0,35,47,25,53,0,125,28,0,28,153
06/18/2022,CID,IA,ACE,CE,Combined TRACON& Tower with Radar,34,27,10,0,71,0,0,41,1,42,34,27,51,1,113,42,0,42,155
06/19/2022,CID,IA,ACE,CE,Combined TRACON& Tower with Radar,29,19,27,2,77,0,0,31,1,32,29,19,58,3,109,6,0,6,115
06/20/2022,CID,IA,ACE,CE,Combined TRACON& Tower with Radar,40,18,17,0,75,0,0,34,0,34,40,18,51,0,109,26,0,26,135
06/21/2022,CID,IA,ACE,CE,Combined TRACON& Tower with Radar,35,24,23,4,86,24,1,25,2,52,59,25,48,6,138,0,0,0,138
06/22/2022,CID,IA,ACE,CE,Combined TRACON& Tower with Radar,46,29,19,0,94,0,0,28,0,28,46,29,47,0,122,40,0,40,162
06/23/2022,CID,IA,ACE,CE,Combined TRACON& Tower with Radar,41,34,28,3,106,0,0,18,1,19,41,34,46,4,125,26,0,26,151
06/24/2022,CID,IA,ACE,CE,Combined TRACON& Tower with Radar,45,23,24,0,92,0,1,13,0,14,45,24,37,0,106,6,0,6,112
06/25/2022,CID,IA,ACE,CE,Combined TRACON& Tower with Radar,37,23,10,2,72,0,0,2,0,2,37,23,12,2,74,0,0,0,74
06/26/2022,CID,IA,ACE,CE,Combined TRACON& Tower with Radar,29,18,13,0,60,0,2,26,2,30,29,20,39,2,90,36,0,36,126
06/27/2022,CID,IA,ACE,CE,Combined TRACON& Tower with Radar,40,20,22,0,82,0,1,42,0,43,40,21,64,0,125,82,0,82,207
06/28/2022,CID,IA,ACE,CE,Combined TRACON& Tower with Radar,34,25,24,2,85,0,0,42,4,46,34,25,66,6,131,14,0,14,145
06/29/2022,CID,IA,ACE,CE,Combined TRACON& Tower with Radar,44,22,14,0,80,0,0,37,0,37,44,22,51,0,117,32,0,32,149
06/30/2022,CID,IA,ACE,CE,Combined TRACON& Tower with Radar,41,25,15,0,81,0,0,27,2,29,41,25,42,2,110,22,0,22,132
07/01/2022,CID,IA,ACE,CE,Combined TRACON& Tower with Radar,47,20,17,0,84,0,0,32,0,32,47,20,49,0,116,12,0,12,128
07/02/2022,CID,IA,ACE,CE,Combined TRACON& Tower with Radar,34,20,11,0,65,0,0,18,0,18,34,20,29,0,83,40,0,40,123
07/03/2022,CID,IA,ACE,CE,Combined TRACON& Tower with Radar,25,21,3,0,49,0,0,22,0,22,25,21,25,0,71,12,0,12,83
07/04/2022,CID,IA,ACE,CE,Combined TRACON& Tower with Radar,37,20,5,0,62,0,1,5,0,6,37,21,10,0,68,0,0,0,68
07/05/2022,CID,IA,ACE,CE,Combined TRACON& Tower with Radar,28,23,24,0,75,0,1,15,0,16,28,24,39,0,91,26,0,26,117
07/06/2022,CID,IA,ACE,CE,Combined TRACON& Tower with Radar,43,19,38,0,100,0,0,6,0,6,43,19,44,0,106,46,0,46,152
07/07/2022,CID,IA,ACE,CE,Combined TRACON& Tower with Radar,41,22,13,4,80,0,0,0,0,0,41,22,13,4,80,0,0,0,80
07/08/2022,CID,IA,ACE,CE,Combined TRACON& Tower with Radar,46,19,17,0,82,0,0,5,0,5,46,19,22,0,87,16,0,16,103
07/09/2022,CID,IA,ACE,CE,Combined TRACON& Tower with Radar,37,19,13,0,69,0,0,53,0,53,37,19,66,0,122,46,0,46,168
07/10/2022,CID,IA,ACE,CE,Combined TRACON& Tower with Radar,30,20,15,0,65,0,0,24,0,24,30,20,39,0,89,34,0,34,123
07/11/2022,CID,IA,ACE,CE,Combined TRACON& Tower with Radar,42,17,18,0,77,0,0,22,2,24,42,17,40,2,101,20,0,20,121
07/12/2022,CID,IA,ACE,CE,Combined TRACON& Tower with Radar,32,19,19,0,70,32,0,33,0,65,64,19,52,0,135,0,0,0,135
07/13/2022,CID,IA,ACE,CE,Combined TRACON& Tower with Radar,42,21,22,0,85,0,0,35,2,37,42,21,57,2,122,72,0,72,194
07/14/2022,CID,IA,ACE,CE,Combined TRACON& Tower with Radar,31,34,22,0,87,0,0,37,0,37,31,34,59,0,124,92,0,92,216
07/15/2022,CID,IA,ACE,CE,Combined TRACON& Tower with Radar,47,22,17,2,88,0,0,11,0,11,47,22,28,2,99,0,0,0,99
07/16/2022,CID,IA,ACE,CE,Combined TRACON& Tower with Radar,35,17,16,0,68,0,0,7,0,7,35,17,23,0,75,0,0,0,75
07/17/2022,CID,IA,ACE,CE,Combined TRACON& Tower with Radar,32,20,20,1,73,0,0,36,1,37,32,20,56,2,110,54,0,54,164
07/18/2022,CID,IA,ACE,CE,Combined TRACON& Tower with Radar,42,19,19,0,80,0,0,32,0,32,42,19,51,0,112,76,0,76,188
07/19/2022,CID,IA,ACE,CE,Combined TRACON& Tower with Radar,31,20,19,0,70,0,0,36,0,36,31,20,55,0,106,0,0,0,106
07/20/2022,CID,IA,ACE,CE,Combined TRACON& Tower with Radar,41,23,8,0,72,0,0,21,0,21,41,23,29,0,93,26,0,26,119
07/21/2022,CID,IA,ACE,CE,Combined TRACON& Tower with Radar,39,18,34,0,91,0,0,53,1,54,39,18,87,1,145,26,0,26,171
07/22/2022,CID,IA,ACE,CE,Combined TRACON& Tower with Radar,47,17,19,0,83,0,2,30,0,32,47,19,49,0,115,12,0,12,127
07/23/2022,CID,IA,ACE,CE,Combined TRACON& Tower with Radar,39,17,22,6,84,0,3,27,0,30,39,20,49,6,114,48,0,48,162
07/24/2022,CID,IA,ACE,CE,Combined TRACON& Tower with Radar,29,24,39,0,92,0,0,21,0,21,29,24,60,0,113,4,0,4,117
07/25/2022,CID,IA,ACE,CE,Combined TRACON& Tower with Radar,41,27,34,0,102,0,0,31,0,31,41,27,65,0,133,34,0,34,167
07/26/2022,CID,IA,ACE,CE,Combined TRACON& Tower with Radar,33,18,27,2,80,30,0,27,15,72,63,18,54,17,152,0,0,0,152
07/27/2022,CID,IA,ACE,CE,Combined TRACON& Tower with Radar,43,23,31,4,101,0,0,18,1,19,43,23,49,5,120,12,0,12,132
07/28/2022,CID,IA,ACE,CE,Combined TRACON& Tower with Radar,41,29,38,0,108,0,0,46,0,46,41,29,84,0,154,16,0,16,170
07/29/2022,CID,IA,ACE,CE,Combined TRACON& Tower with Radar,47,19,24,0,90,0,0,33,2,35,47,19,57,2,125,44,0,44,169
07/30/2022,CID,IA,ACE,CE,Combined TRACON& Tower with Radar,36,21,15,0,72,0,0,41,0,41,36,21,56,0,113,30,0,30,143
07/31/2022,CID,IA,ACE,CE,Combined TRACON& Tower with Radar,29,22,30,0,81,0,0,31,0,31,29,22,61,0,112,30,0,30,142
08/01/2022,CID,IA,ACE,CE,Combined TRACON& Tower with Radar,40,31,17,0,88,0,0,33,0,33,40,31,50,0,121,90,0,90,211
08/02/2022,CID,IA,ACE,CE,Combined TRACON& Tower with Radar,35,20,17,0,72,20,0,15,0,35,55,20,32,0,107,0,0,0,107
08/03/2022,CID,IA,ACE,CE,Combined TRACON& Tower with Radar,41,20,13,0,74,0,0,7,2,9,41,20,20,2,83,8,0,8,91
08/04/2022,CID,IA,ACE,CE,Combined TRACON& Tower with Radar,41,16,20,1,78,0,0,46,2,48,41,16,66,3,126,40,0,40,166
08/05/2022,CID,IA,ACE,CE,Combined TRACON& Tower with Radar,43,22,30,0,95,0,0,5,0,5,43,22,35,0,100,16,0,16,116
08/06/2022,CID,IA,ACE,CE,Combined TRACON& Tower with Radar,36,21,13,0,70,0,0,10,0,10,36,21,23,0,80,62,0,62,142
08/07/2022,CID,IA,ACE,CE,Combined TRACON& Tower with Radar,30,18,12,0,60,0,0,3,0,3,30,18,15,0,63,0,0,0,63
08/08/2022,CID,IA,ACE,CE,Combined TRACON& Tower with Radar,38,25,30,0,93,0,0,16,0,16,38,25,46,0,109,26,0,26,135
08/09/2022,CID,IA,ACE,CE,Combined TRACON& Tower with Radar,31,24,21,2,78,0,0,27,0,27,31,24,48,2,105,50,4,54,159
08/10/2022,CID,IA,ACE,CE,Combined TRACON& Tower with Radar,39,26,20,1,86,0,5,25,0,30,39,31,45,1,116,26,6,32,148
08/11/2022,CID,IA,ACE,CE,Combined TRACON& Tower with Radar,35,26,20,1,82,0,0,25,1,26,35,26,45,2,108,28,0,28,136
08/12/2022,CID,IA,ACE,CE,Combined TRACON& Tower with Radar,44,33,12,0,89,0,0,25,0,25,44,33,37,0,114,12,12,24,138
08/13/2022,CID,IA,ACE,CE,Combined TRACON& Tower with Radar,34,19,15,4,72,0,3,23,0,26,34,22,38,4,98,2,12,14,112
08/14/2022,CID,IA,ACE,CE,Combined TRACON& Tower with Radar,26,24,30,0,80,0,0,25,0,25,26,24,55,0,105,18,0,18,123
08/15/2022,CID,IA,ACE,CE,Combined TRACON& Tower with Radar,36,22,14,4,76,0,0,12,0,12,36,22,26,4,88,0,0,0,88
08/16/2022,CID,IA,ACE,CE,Combined TRACON& Tower with Radar,33,21,17,0,71,42,0,22,0,64,75,21,39,0,135,0,0,0,135
08/17/2022,CID,IA,ACE,CE,Combined TRACON& Tower with Radar,37,22,10,0,69,0,3,32,0,35,37,25,42,0,104,58,0,58,162
08/18/2022,CID,IA,ACE,CE,Combined TRACON& Tower with Radar,33,26,19,0,78,0,0,33,0,33,33,26,52,0,111,24,0,24,135
08/19/2022,CID,IA,ACE,CE,Combined TRACON& Tower with Radar,42,24,17,0,83,0,0,7,0,7,42,24,24,0,90,18,0,18,108
08/20/2022,CID,IA,ACE,CE,Combined TRACON& Tower with Radar,29,26,22,0,77,0,0,3,0,3,29,26,25,0,80,30,0,30,110
08/21/2022,CID,IA,ACE,CE,Combined TRACON& Tower with Radar,23,25,12,0,60,0,0,7,0,7,23,25,19,0,67,0,0,0,67
08/22/2022,CID,IA,ACE,CE,Combined TRACON& Tower with Radar,34,25,5,0,64,0,0,25,0,25,34,25,30,0,89,34,0,34,123
08/23/2022,CID,IA,ACE,CE,Combined TRACON& Tower with Radar,31,20,20,0,71,0,0,33,0,33,31,20,53,0,104,20,0,20,124
08/24/2022,CID,IA,ACE,CE,Combined TRACON& Tower with Radar,31,25,19,0,75,0,0,27,0,27,31,25,46,0,102,58,0,58,160
08/25/2022,CID,IA,ACE,CE,Combined TRACON& Tower with Radar,34,33,18,0,85,0,0,8,1,9,34,33,26,1,94,2,0,2,96
08/26/2022,CID,IA,ACE,CE,Combined TRACON& Tower with Radar,39,29,19,0,87,0,0,11,0,11,39,29,30,0,98,8,0,8,106
08/27/2022,CID,IA,ACE,CE,Combined TRACON& Tower with Radar,30,19,7,0,56,5,0,25,0,30,35,19,32,0,86,6,0,6,92
08/28/2022,CID,IA,ACE,CE,Combined TRACON& Tower with Radar,24,25,13,0,62,0,0,11,0,11,24,25,24,0,73,20,0,20,93
08/29/2022,CID,IA,ACE,CE,Combined TRACON& Tower with Radar,37,21,17,2,77,0,0,14,0,14,37,21,31,2,91,0,0,0,91
08/30/2022,CID,IA,ACE,CE,Combined TRACON& Tower with Radar,32,21,14,0,67,78,2,29,0,109,110,23,43,0,176,0,0,0,176
08/31/2022,CID,IA,ACE,CE,Combined TRACON& Tower with Radar,33,22,23,2,80,0,3,40,0,43,33,25,63,2,123,44,0,44,167
09/01/2022,CID,IA,ACE,CE,Combined TRACON& Tower with Radar,38,20,19,0,77,0,0,34,0,34,38,20,53,0,111,46,0,46,157
09/02/2022,CID,IA,ACE,CE,Combined TRACON& Tower with Radar,39,28,12,0,79,0,0,31,0,31,39,28,43,0,110,42,0,42,152
09/03/2022,CID,IA,ACE,CE,Combined TRACON& Tower with Radar,23,20,23,0,66,0,0,8,0,8,23,20,31,0,74,8,0,8,82
09/04/2022,CID,IA,ACE,CE,Combined TRACON& Tower with Radar,25,24,9,0,58,0,0,14,0,14,25,24,23,0,72,0,0,0,72
09/05/2022,CID,IA,ACE,CE,Combined TRACON& Tower with Radar,31,19,11,0,61,0,1,16,0,17,31,20,27,0,78,44,0,44,122
09/06/2022,CID,IA,ACE,CE,Combined TRACON& Tower with Radar,33,21,29,0,83,0,1,15,0,16,33,22,44,0,99,70,0,70,169
09/07/2022,CID,IA,ACE,CE,Combined TRACON& Tower with Radar,33,27,16,0,76,0,0,41,2,43,33,27,57,2,119,24,0,24,143
09/08/2022,CID,IA,ACE,CE,Combined TRACON& Tower with Radar,36,22,30,0,88,0,0,27,0,27,36,22,57,0,115,62,0,62,177
09/09/2022,CID,IA,ACE,CE,Combined TRACON& Tower with Radar,40,29,22,1,92,0,0,40,2,42,40,29,62,3,134,16,0,16,150
09/10/2022,CID,IA,ACE,CE,Combined TRACON& Tower with Radar,27,25,21,1,74,0,0,1,1,2,27,25,22,2,76,0,0,0,76
09/11/2022,CID,IA,ACE,CE,Combined TRACON& Tower with Radar,26,29,19,3,77,0,0,21,0,21,26,29,40,3,98,66,0,66,164
09/12/2022,CID,IA,ACE,CE,Combined TRACON& Tower with Radar,35,23,16,0,74,0,0,24,0,24,35,23,40,0,98,8,0,8,106
09/13/2022,CID,IA,ACE,CE,Combined TRACON& Tower with Radar,33,21,19,0,73,0,0,38,0,38,33,21,57,0,111,62,0,62,173
09/14/2022,CID,IA,ACE,CE,Combined TRACON& Tower with Radar,33,23,22,1,79,0,0,51,1,52,33,23,73,2,131,62,0,62,193
09/15/2022,CID,IA,ACE,CE,Combined TRACON& Tower with Radar,36,27,22,0,85,0,0,27,0,27,36,27,49,0,112,82,0,82,194
09/16/2022,CID,IA,ACE,CE,Combined TRACON& Tower with Radar,41,25,23,0,89,1,1,31,3,36,42,26,54,3,125,66,0,66,191
09/17/2022,CID,IA,ACE,CE,Combined TRACON& Tower with Radar,27,22,0,0,49,0,0,0,0,0,27,22,0,0,49,0,0,0,49
09/18/2022,CID,IA,ACE,CE,Combined TRACON& Tower with Radar,27,20,12,0,59,0,0,42,1,43,27,20,54,1,102,66,0,66,168
09/19/2022,CID,IA,ACE,CE,Combined TRACON& Tower with Radar,37,25,20,0,82,0,0,35,0,35,37,25,55,0,117,72,0,72,189
09/20/2022,CID,IA,ACE,CE,Combined TRACON& Tower with Radar,35,18,9,2,64,0,0,25,0,25,35,18,34,2,89,54,0,54,143
09/21/2022,CID,IA,ACE,CE,Combined TRACON& Tower with Radar,33,26,8,0,67,0,0,18,0,18,33,26,26,0,85,70,0,70,155
09/22/2022,CID,IA,ACE,CE,Combined TRACON& Tower with Radar,35,37,25,0,97,0,0,32,0,32,35,37,57,0,129,54,0,54,183
09/23/2022,CID,IA,ACE,CE,Combined TRACON& Tower with Radar,42,28,24,0,94,0,0,7,0,7,42,28,31,0,101,36,0,36,137
09/24/2022,CID,IA,ACE,CE,Combined TRACON& Tower with Radar,27,26,11,0,64,0,0,16,0,16,27,26,27,0,80,22,0,22,102
09/25/2022,CID,IA,ACE,CE,Combined TRACON& Tower with Radar,26,25,5,0,56,0,0,11,0,11,26,25,16,0,67,18,0,18,85
09/26/2022,CID,IA,ACE,CE,Combined TRACON& Tower with Radar,37,28,9,0,74,0,0,11,0,11,37,28,20,0,85,4,0,4,89
09/27/2022,CID,IA,ACE,CE,Combined TRACON& Tower with Radar,31,29,17,0,77,0,0,25,0,25,31,29,42,0,102,42,0,42,144
09/28/2022,CID,IA,ACE,CE,Combined TRACON& Tower with Radar,31,29,16,0,76,0,0,34,2,36,31,29,50,2,112,84,0,84,196
09/29/2022,CID,IA,ACE,CE,Combined TRACON& Tower with Radar,32,20,17,0,69,0,3,28,1,32,32,23,45,1,101,50,0,50,151
09/30/2022,CID,IA,ACE,CE,Combined TRACON& Tower with Radar,49,22,17,3,91,0,0,35,0,35,49,22,52,3,126,54,4,58,184
10/01/2022,CID,IA,ACE,CE,Combined TRACON& Tower with Radar,27,28,14,0,69,0,0,37,2,39,27,28,51,2,108,100,4,104,212
10/02/2022,CID,IA,ACE,CE,Combined TRACON& Tower with Radar,32,23,10,0,65,0,0,33,1,34,32,23,43,1,99,22,0,22,121
10/03/2022,CID,IA,ACE,CE,Combined TRACON& Tower with Radar,35,25,6,0,66,0,0,19,0,19,35,25,25,0,85,70,0,70,155
10/04/2022,CID,IA,ACE,CE,Combined TRACON& Tower with Radar,30,26,28,0,84,0,0,108,0,108,30,26,136,0,192,0,0,0,192
10/05/2022,CID,IA,ACE,CE,Combined TRACON& Tower with Radar,35,30,13,0,78,0,0,22,0,22,35,30,35,0,100,50,0,50,150
10/06/2022,CID,IA,ACE,CE,Combined TRACON& Tower with Radar,33,23,20,0,76,0,0,6,0,6,33,23,26,0,82,0,0,0,82
10/07/2022,CID,IA,ACE,CE,Combined TRACON& Tower with Radar,40,30,33,0,103,0,0,16,0,16,40,30,49,0,119,48,0,48,167
10/08/2022,CID,IA,ACE,CE,Combined TRACON& Tower with Radar,29,26,7,0,62,0,0,21,0,21,29,26,28,0,83,30,0,30,113
10/09/2022,CID,IA,ACE,CE,Combined TRACON& Tower with Radar,24,22,13,0,59,0,0,47,0,47,24,22,60,0,106,54,0,54,160
10/10/2022,CID,IA,ACE,CE,Combined TRACON& Tower with Radar,34,22,15,0,71,0,0,38,0,38,34,22,53,0,109,66,0,66,175
10/11/2022,CID,IA,ACE,CE,Combined TRACON& Tower with Radar,31,23,19,0,73,0,0,15,0,15,31,23,34,0,88,0,0,0,88
10/12/2022,CID,IA,ACE,CE,Combined TRACON& Tower with Radar,36,22,14,0,72,0,1,14,0,15,36,23,28,0,87,22,0,22,109
10/13/2022,CID,IA,ACE,CE,Combined TRACON& Tower with Radar,35,26,12,0,73,0,0,12,0,12,35,26,24,0,85,2,0,2,87
10/14/2022,CID,IA,ACE,CE,Combined TRACON& Tower with Radar,39,24,14,1,78,0,0,11,1,12,39,24,25,2,90,58,0,58,148
10/15/2022,CID,IA,ACE,CE,Combined TRACON& Tower with Radar,28,31,17,0,76,0,2,26,0,28,28,33,43,0,104,40,0,40,144
10/16/2022,CID,IA,ACE,CE,Combined TRACON& Tower with Radar,23,27,16,0,66,0,1,29,0,30,23,28,45,0,96,48,0,48,144
10/17/2022,CID,IA,ACE,CE,Combined TRACON& Tower with Radar,33,23,14,0,70,0,0,11,0,11,33,23,25,0,81,0,0,0,81
10/18/2022,CID,IA,ACE,CE,Combined TRACON& Tower with Radar,38,30,17,0,85,0,8,16,0,24,38,38,33,0,109,0,0,0,109
10/19/2022,CID,IA,ACE,CE,Combined TRACON& Tower with Radar,37,33,26,0,96,0,1,22,2,25,37,34,48,2,121,58,0,58,179
10/20/2022,CID,IA,ACE,CE,Combined TRACON& Tower with Radar,30,31,29,0,90,0,0,45,0,45,30,31,74,0,135,82,0,82,217
10/21/2022,CID,IA,ACE,CE,Combined TRACON& Tower with Radar,41,25,26,2,94,0,0,43,2,45,41,25,69,4,139,58,2,60,199
10/22/2022,CID,IA,ACE,CE,Combined TRACON& Tower with Radar,33,23,14,0,70,0,1,23,0,24,33,24,37,0,94,28,0,28,122
10/23/2022,CID,IA,ACE,CE,Combined TRACON& Tower with Radar,25,23,5,0,53,0,0,4,0,4,25,23,9,0,57,0,0,0,57
10/24/2022,CID,IA,ACE,CE,Combined TRACON& Tower with Radar,31,19,13,0,63,0,0,2,1,3,31,19,15,1,66,0,0,0,66
10/25/2022,CID,IA,ACE,CE,Combined TRACON& Tower with Radar,32,27,32,0,91,2,0,19,0,21,34,27,51,0,112,0,0,0,112
10/26/2022,CID,IA,ACE,CE,Combined TRACON& Tower with Radar,34,20,32,0,86,0,0,40,0,40,34,20,72,0,126,74,0,74,200
10/27/2022,CID,IA,ACE,CE,Combined TRACON& Tower with Radar,33,22,9,0,64,0,0,26,0,26,33,22,35,0,90,56,0,56,146
10/28/2022,CID,IA,ACE,CE,Combined TRACON& Tower with Radar,35,27,21,0,83,0,0,33,0,33,35,27,54,0,116,60,0,60,176
10/29/2022,CID,IA,ACE,CE,Combined TRACON& Tower with Radar,26,28,14,0,68,0,0,49,0,49,26,28,63,0,117,42,0,42,159
10/30/2022,CID,IA,ACE,CE,Combined TRACON& Tower with Radar,24,20,12,0,56,0,1,33,0,34,24,21,45,0,90,30,0,30,120
10/31/2022,CID,IA,ACE,CE,Combined TRACON& Tower with Radar,33,22,27,0,82,0,1,37,0,38,33,23,64,0,120,46,0,46,166
11/01/2022,CID,IA,ACE,CE,Combined TRACON& Tower with Radar,31,24,28,0,83,0,0,33,0,33,31,24,61,0,116,0,0,0,116
11/02/2022,CID,IA,ACE,CE,Combined TRACON& Tower with Radar,38,24,28,0,90,0,0,16,0,16,38,24,44,0,106,22,0,22,128
11/03/2022,CID,IA,ACE,CE,Combined TRACON& Tower with Radar,35,18,10,0,63,0,2,7,0,9,35,20,17,0,72,12,0,12,84
11/04/2022,CID,IA,ACE,CE,Combined TRACON& Tower with Radar,45,24,7,0,76,0,0,0,0,0,45,24,7,0,76,0,0,0,76
11/05/2022,CID,IA,ACE,CE,Combined TRACON& Tower with Radar,27,16,4,0,47,0,0,0,0,0,27,16,4,0,47,6,0,6,53
11/06/2022,CID,IA,ACE,CE,Combined TRACON& Tower with Radar,28,30,20,2,80,0,0,37,0,37,28,30,57,2,117,42,0,42,159
11/07/2022,CID,IA,ACE,CE,Combined TRACON& Tower with Radar,31,29,23,0,83,0,1,23,0,24,31,30,46,0,107,26,0,26,133
11/08/2022,CID,IA,ACE,CE,Combined TRACON& Tower with Radar,37,21,14,0,72,0,0,31,3,34,37,21,45,3,106,62,0,62,168
11/09/2022,CID,IA,ACE,CE,Combined TRACON& Tower with Radar,37,17,13,7,74,0,0,10,2,12,37,17,23,9,86,6,0,6,92
11/10/2022,CID,IA,ACE,CE,Combined TRACON& Tower with Radar,41,25,20,0,86,0,0,1,0,1,41,25,21,0,87,0,0,0,87
11/11/2022,CID,IA,ACE,CE,Combined TRACON& Tower with Radar,43,19,18,0,80,0,0,9,0,9,43,19,27,0,89,22,0,22,111
11/12/2022,CID,IA,ACE,CE,Combined TRACON& Tower with Radar,29,18,9,0,56,0,0,10,0,10,29,18,19,0,66,12,0,12,78
11/13/2022,CID,IA,ACE,CE,Combined TRACON& Tower with Radar,34,18,14,0,66,0,0,33,2,35,34,18,47,2,101,66,0,66,167
11/14/2022,CID,IA,ACE,CE,Combined TRACON& Tower with Radar,35,16,21,0,72,0,0,9,0,9,35,16,30,0,81,8,0,8,89
11/15/2022,CID,IA,ACE,CE,Combined TRACON& Tower with Radar,40,18,7,0,65,0,0,0,0,0,40,18,7,0,65,0,0,0,65
11/16/2022,CID,IA,ACE,CE,Combined TRACON& Tower with Radar,38,23,30,0,91,0,0,0,0,0,38,23,30,0,91,0,0,0,91
11/17/2022,CID,IA,ACE,CE,Combined TRACON& Tower with Radar,41,23,20,0,84,0,0,4,2,6,41,23,24,2,90,6,0,6,96
11/18/2022,CID,IA,ACE,CE,Combined TRACON& Tower with Radar,45,29,22,0,96,0,0,15,0,15,45,29,37,0,111,16,0,16,127
11/19/2022,CID,IA,ACE,CE,Combined TRACON& Tower with Radar,33,17,2,2,54,0,1,2,0,3,33,18,4,2,57,0,0,0,57
11/20/2022,CID,IA,ACE,CE,Combined TRACON& Tower with Radar,34,13,7,0,54,0,0,15,0,15,34,13,22,0,69,4,0,4,73
11/21/2022,CID,IA,ACE,CE,Combined TRACON& Tower with Radar,38,19,15,0,72,0,0,39,0,39,38,19,54,0,111,34,0,34,145
11/22/2022,CID,IA,ACE,CE,Combined TRACON& Tower with Radar,41,14,11,2,68,4,0,32,4,40,45,14,43,6,108,78,0,78,186
11/23/2022,CID,IA,ACE,CE,Combined TRACON& Tower with Radar,50,21,12,0,83,0,0,39,0,39,50,21,51,0,122,74,0,74,196
11/24/2022,CID,IA,ACE,CE,Combined TRACON& Tower with Radar,23,11,6,0,40,0,0,3,0,3,23,11,9,0,43,0,0,0,43
11/25/2022,CID,IA,ACE,CE,Combined TRACON& Tower with Radar,39,16,17,3,75,0,0,42,1,43,39,16,59,4,118,60,0,60,178
11/26/2022,CID,IA,ACE,CE,Combined TRACON& Tower with Radar,34,21,14,0,69,0,0,21,0,21,34,21,35,0,90,32,0,32,122
11/27/2022,CID,IA,ACE,CE,Combined TRACON& Tower with Radar,42,17,10,0,69,0,0,18,0,18,42,17,28,0,87,12,0,12,99
11/28/2022,CID,IA,ACE,CE,Combined TRACON& Tower with Radar,38,15,23,0,76,0,0,20,0,20,38,15,43,0,96,28,0,28,124
11/29/2022,CID,IA,ACE,CE,Combined TRACON& Tower with Radar,40,13,6,0,59,0,0,0,0,0,40,13,6,0,59,0,0,0,59
11/30/2022,CID,IA,ACE,CE,Combined TRACON& Tower with Radar,41,26,15,3,85,0,1,5,1,7,41,27,20,4,92,20,0,20,112
12/01/2022,CID,IA,ACE,CE,Combined TRACON& Tower with Radar,49,14,7,0,70,0,0,9,0,9,49,14,16,0,79,10,0,10,89
12/02/2022,CID,IA,ACE,CE,Combined TRACON& Tower with Radar,43,16,11,0,70,0,0,8,0,8,43,16,19,0,78,0,0,0,78
12/03/2022,CID,IA,ACE,CE,Combined TRACON& Tower with Radar,34,20,7,0,61,0,1,32,2,35,34,21,39,2,96,48,0,48,144
12/04/2022,CID,IA,ACE,CE,Combined TRACON& Tower with Radar,36,15,8,0,59,0,0,45,0,45,36,15,53,0,104,26,0,26,130
12/05/2022,CID,IA,ACE,CE,Combined TRACON& Tower with Radar,38,15,24,2,79,0,0,12,0,12,38,15,36,2,91,18,0,18,109
12/06/2022,CID,IA,ACE,CE,Combined TRACON& Tower with Radar,40,18,7,0,65,0,0,21,0,21,40,18,28,0,86,60,0,60,146
12/07/2022,CID,IA,ACE,CE,Combined TRACON& Tower with Radar,38,14,24,1,77,0,0,27,1,28,38,14,51,2,105,32,0,32,137
12/08/2022,CID,IA,ACE,CE,Combined TRACON& Tower with Radar,45,16,10,0,71,0,0,2,0,2,45,16,12,0,73,0,0,0,73
12/09/2022,CID,IA,ACE,CE,Combined TRACON& Tower with Radar,42,17,6,0,65,0,0,0,0,0,42,17,6,0,65,0,0,0,65
12/10/2022,CID,IA,ACE,CE,Combined TRACON& Tower with Radar,33,20,8,0,61,0,0,0,0,0,33,20,8,0,61,0,0,0,61
12/11/2022,CID,IA,ACE,CE,Combined TRACON& Tower with Radar,34,15,10,0,59,0,0,11,0,11,34,15,21,0,70,70,0,70,140
12/12/2022,CID,IA,ACE,CE,Combined TRACON& Tower with Radar,39,20,10,0,69,0,0,1,0,1,39,20,11,0,70,0,0,0,70
12/13/2022,CID,IA,ACE,CE,Combined TRACON& Tower with Radar,38,9,8,0,55,0,0,0,0,0,38,9,8,0,55,0,0,0,55
12/14/2022,CID,IA,ACE,CE,Combined TRACON& Tower with Radar,37,20,33,0,90,0,0,8,0,8,37,20,41,0,98,0,0,0,98
12/15/2022,CID,IA,ACE,CE,Combined TRACON& Tower with Radar,53,13,14,0,80,0,0,0,0,0,53,13,14,0,80,0,0,0,80
12/16/2022,CID,IA,ACE,CE,Combined TRACON& Tower with Radar,48,13,7,0,68,0,0,0,0,0,48,13,7,0,68,0,0,0,68
12/17/2022,CID,IA,ACE,CE,Combined TRACON& Tower with Radar,39,12,1,0,52,0,0,0,0,0,39,12,1,0,52,0,0,0,52
12/18/2022,CID,IA,ACE,CE,Combined TRACON& Tower with Radar,47,10,12,0,69,0,0,31,0,31,47,10,43,0,100,26,0,26,126
12/19/2022,CID,IA,ACE,CE,Combined TRACON& Tower with Radar,42,14,4,0,60,0,0,10,0,10,42,14,14,0,70,24,0,24,94
12/20/2022,CID,IA,ACE,CE,Combined TRACON& Tower with Radar,54,11,18,1,84,0,0,21,1,22,54,11,39,2,106,24,0,24,130
12/21/2022,CID,IA,ACE,CE,Combined TRACON& Tower with Radar,47,14,19,0,80,0,0,7,0,7,47,14,26,0,87,0,0,0,87
12/22/2022,CID,IA,ACE,CE,Combined TRACON& Tower with Radar,16,9,3,0,28,0,0,0,0,0,16,9,3,0,28,20,0,20,48
12/23/2022,CID,IA,ACE,CE,Combined TRACON& Tower with Radar,18,5,2,0,25,0,0,0,0,0,18,5,2,0,25,0,0,0,25
12/24/2022,CID,IA,ACE,CE,Combined TRACON& Tower with Radar,35,14,2,0,51,0,0,0,0,0,35,14,2,0,51,0,0,0,51
12/25/2022,CID,IA,ACE,CE,Combined TRACON& Tower with Radar,34,4,6,0,44,0,0,3,0,3,34,4,9,0,47,8,0,8,55
12/26/2022,CID,IA,ACE,CE,Combined TRACON& Tower with Radar,34,6,6,0,46,0,0,3,0,3,34,6,9,0,49,0,0,0,49
12/27/2022,CID,IA,ACE,CE,Combined TRACON& Tower with Radar,55,10,5,0,70,0,0,5,0,5,55,10,10,0,75,12,0,12,87
12/28/2022,CID,IA,ACE,CE,Combined TRACON& Tower with Radar,53,10,17,0,80,0,0,13,0,13,53,10,30,0,93,24,0,24,117
12/29/2022,CID,IA,ACE,CE,Combined TRACON& Tower with Radar,53,16,7,0,76,0,0,5,0,5,53,16,12,0,81,0,0,0,81
12/30/2022,CID,IA,ACE,CE,Combined TRACON& Tower with Radar,48,10,20,0,78,0,0,7,0,7,48,10,27,0,85,28,0,28,113
12/31/2022,CID,IA,ACE,CE,Combined TRACON& Tower with Radar,43,5,5,0,53,0,0,10,0,10,43,5,15,0,63,18,0,18,81
01/01/2023,CID,IA,ACE,CE,Combined TRACON& Tower with Radar,41,6,5,0,52,0,0,7,0,7,41,6,12,0,59,46,0,46,105
01/02/2023,CID,IA,ACE,CE,Combined TRACON& Tower with Radar,34,14,15,0,63,0,0,12,0,12,34,14,27,0,75,44,0,44,119
01/03/2023,CID,IA,ACE,CE,Combined TRACON& Tower with Radar,44,7,7,0,58,0,0,0,0,0,44,7,7,0,58,0,0,0,58
01/04/2023,CID,IA,ACE,CE,Combined TRACON& Tower with Radar,40,9,7,0,56,0,0,0,0,0,40,9,7,0,56,0,0,0,56
01/05/2023,CID,IA,ACE,CE,Combined TRACON& Tower with Radar,44,11,10,0,65,0,0,0,0,0,44,11,10,0,65,0,0,0,65
01/06/2023,CID,IA,ACE,CE,Combined TRACON& Tower with Radar,48,13,11,1,73,0,0,21,1,22,48,13,32,2,95,60,0,60,155
01/07/2023,CID,IA,ACE,CE,Combined TRACON& Tower with Radar,38,15,13,0,66,0,0,0,0,0,38,15,13,0,66,0,0,0,66
01/08/2023,CID,IA,ACE,CE,Combined TRACON& Tower with Radar,40,6,11,0,57,0,0,7,0,7,40,6,18,0,64,10,0,10,74
01/09/2023,CID,IA,ACE,CE,Combined TRACON& Tower with Radar,40,6,19,0,65,0,0,23,0,23,40,6,42,0,88,18,0,18,106
01/10/2023,CID,IA,ACE,CE,Combined TRACON& Tower with Radar,35,18,29,0,82,0,0,18,0,18,35,18,47,0,100,10,0,10,110
01/11/2023,CID,IA,ACE,CE,Combined TRACON& Tower with Radar,43,9,18,0,70,0,0,18,0,18,43,9,36,0,88,44,0,44,132
01/12/2023,CID,IA,ACE,CE,Combined TRACON& Tower with Radar,42,14,6,0,62,0,0,0,0,0,42,14,6,0,62,0,0,0,62
01/13/2023,CID,IA,ACE,CE,Combined TRACON& Tower with Radar,42,12,15,0,69,0,0,4,0,4,42,12,19,0,73,26,0,26,99
01/14/2023,CID,IA,ACE,CE,Combined TRACON& Tower with Radar,31,11,19,0,61,0,0,38,0,38,31,11,57,0,99,20,0,20,119
01/15/2023,CID,IA,ACE,CE,Combined TRACON& Tower with Radar,33,10,5,0,48,0,0,14,0,14,33,10,19,0,62,26,0,26,88
01/16/2023,CID,IA,ACE,CE,Combined TRACON& Tower with Radar,35,14,11,0,60,0,0,0,0,0,35,14,11,0,60,0,0,0,60
01/17/2023,CID,IA,ACE,CE,Combined TRACON& Tower with Radar,37,11,11,0,59,0,0,0,0,0,37,11,11,0,59,0,0,0,59
01/18/2023,CID,IA,ACE,CE,Combined TRACON& Tower with Radar,41,9,9,0,59,0,0,0,0,0,41,9,9,0,59,0,0,0,59
01/19/2023,CID,IA,ACE,CE,Combined TRACON& Tower with Radar,41,16,10,0,67,0,0,0,0,0,41,16,10,0,67,0,0,0,67
01/20/2023,CID,IA,ACE,CE,Combined TRACON& Tower with Radar,46,17,6,0,69,0,0,10,0,10,46,17,16,0,79,16,0,16,95
01/21/2023,CID,IA,ACE,CE,Combined TRACON& Tower with Radar,36,14,1,0,51,0,0,0,0,0,36,14,1,0,51,0,0,0,51
01/22/2023,CID,IA,ACE,CE,Combined TRACON& Tower with Radar,33,13,4,0,50,0,0,0,0,0,33,13,4,0,50,0,0,0,50
01/23/2023,CID,IA,ACE,CE,Combined TRACON& Tower with Radar,38,13,9,0,60,0,0,15,0,15,38,13,24,0,75,28,0,28,103
01/24/2023,CID,IA,ACE,CE,Combined TRACON& Tower with Radar,36,10,6,0,52,0,0,1,0,1,36,10,7,0,53,0,0,0,53
01/25/2023,CID,IA,ACE,CE,Combined TRACON& Tower with Radar,43,11,6,0,60,0,0,0,0,0,43,11,6,0,60,0,0,0,60
01/26/2023,CID,IA,ACE,CE,Combined TRACON& Tower with Radar,44,20,24,1,89,0,0,21,3,24,44,20,45,4,113,16,0,16,129
01/27/2023,CID,IA,ACE,CE,Combined TRACON& Tower with Radar,42,11,6,0,59,0,0,0,0,0,42,11,6,0,59,6,0,6,65
01/28/2023,CID,IA,ACE,CE,Combined TRACON& Tower with Radar,33,12,4,0,49,0,0,0,0,0,33,12,4,0,49,0,0,0,49
01/29/2023,CID,IA,ACE,CE,Combined TRACON& Tower with Radar,35,14,5,0,54,0,0,12,0,12,35,14,17,0,66,40,0,40,106
01/30/2023,CID,IA,ACE,CE,Combined TRACON& Tower with Radar,38,15,16,0,69,0,0,12,0,12,38,15,28,0,81,10,0,10,91
01/31/2023,CID,IA,ACE,CE,Combined TRACON& Tower with Radar,33,12,24,2,71,0,0,24,0,24,33,12,48,2,95,36,0,36,131
02/01/2023,CID,IA,ACE,CE,Combined TRACON& Tower with Radar,36,12,34,0,82,0,2,29,0,31,36,14,63,0,113,66,0,66,179
02/02/2023,CID,IA,ACE,CE,Combined TRACON& Tower with Radar,41,13,20,0,74,0,0,9,0,9,41,13,29,0,83,20,0,20,103
02/03/2023,CID,IA,ACE,CE,Combined TRACON& Tower with Radar,49,11,19,0,79,0,0,17,0,17,49,11,36,0,96,6,0,6,102
02/04/2023,CID,IA,ACE,CE,Combined TRACON& Tower with Radar,46,13,18,0,77,0,0,29,0,29,46,13,47,0,106,32,0,32,138
02/05/2023,CID,IA,ACE,CE,Combined TRACON& Tower with Radar,37,10,12,0,59,0,0,47,0,47,37,10,59,0,106,74,0,74,180
02/06/2023,CID,IA,ACE,CE,Combined TRACON& Tower with Radar,43,5,14,2,64,0,0,5,0,5,43,5,19,2,69,12,0,12,81
02/07/2023,CID,IA,ACE,CE,Combined TRACON& Tower with Radar,38,15,24,2,79,0,2,10,0,12,38,17,34,2,91,12,0,12,103
02/08/2023,CID,IA,ACE,CE,Combined TRACON& Tower with Radar,41,22,30,0,93,0,0,30,0,30,41,22,60,0,123,60,0,60,183
02/09/2023,CID,IA,ACE,CE,Combined TRACON& Tower with Radar,47,9,4,0,60,0,0,0,0,0,47,9,4,0,60,0,0,0,60
02/10/2023,CID,IA,ACE,CE,Combined TRACON& Tower with Radar,48,15,22,0,85,0,0,19,2,21,48,15,41,2,106,38,0,38,144
02/11/2023,CID,IA,ACE,CE,Combined TRACON& Tower with Radar,41,15,19,0,75,0,0,24,0,24,41,15,43,0,99,48,0,48,147
02/12/2023,CID,IA,ACE,CE,Combined TRACON& Tower with Radar,33,12,11,0,56,0,0,43,0,43,33,12,54,0,99,42,0,42,141
02/13/2023,CID,IA,ACE,CE,Combined TRACON& Tower with Radar,43,14,11,0,68,0,0,13,0,13,43,14,24,0,81,42,0,42,123
02/14/2023,CID,IA,ACE,CE,Combined TRACON& Tower with Radar,41,10,5,0,56,0,0,0,2,2,41,10,5,2,58,0,0,0,58
02/15/2023,CID,IA,ACE,CE,Combined TRACON& Tower with Radar,44,19,17,0,80,0,0,0,2,2,44,19,17,2,82,0,0,0,82
02/16/2023,CID,IA,ACE,CE,Combined TRACON& Tower with Radar,43,5,3,0,51,0,0,0,0,0,43,5,3,0,51,0,0,0,51
02/17/2023,CID,IA,ACE,CE,Combined TRACON& Tower with Radar,46,18,22,0,86,0,0,27,0,27,46,18,49,0,113,30,0,30,143
02/18/2023,CID,IA,ACE,CE,Combined TRACON& Tower with Radar,36,13,15,0,64,0,0,34,0,34,36,13,49,0,98,2,0,2,100
02/19/2023,CID,IA,ACE,CE,Combined TRACON& Tower with Radar,38,12,21,0,71,0,0,35,0,35,38,12,56,0,106,44,0,44,150
02/20/2023,CID,IA,ACE,CE,Combined TRACON& Tower with Radar,43,12,14,0,69,0,0,17,0,17,43,12,31,0,86,28,0,28,114
02/21/2023,CID,IA,ACE,CE,Combined TRACON& Tower with Radar,38,11,24,0,73,0,0,16,0,16,38,11,40,0,89,110,0,110,199
02/22/2023,CID,IA,ACE,CE,Combined TRACON& Tower with Radar,37,9,4,0,50,0,0,0,0,0,37,9,4,0,50,0,0,0,50
02/23/2023,CID,IA,ACE,CE,Combined TRACON& Tower with Radar,47,8,6,0,61,0,0,1,0,1,47,8,7,0,62,0,0,0,62
02/24/2023,CID,IA,ACE,CE,Combined TRACON& Tower with Radar,47,7,11,0,65,0,0,4,0,4,47,7,15,0,69,20,0,20,89
02/25/2023,CID,IA,ACE,CE,Combined TRACON& Tower with Radar,40,15,19,0,74,0,0,34,0,34,40,15,53,0,108,44,0,44,152
02/26/2023,CID,IA,ACE,CE,Combined TRACON& Tower with Radar,36,12,26,0,74,0,0,51,0,51,36,12,77,0,125,60,0,60,185
02/27/2023,CID,IA,ACE,CE,Combined TRACON& Tower with Radar,41,10,3,0,54,0,0,0,0,0,41,10,3,0,54,0,0,0,54
02/28/2023,CID,IA,ACE,CE,Combined TRACON& Tower with Radar,42,16,26,2,86,0,0,26,0,26,42,16,52,2,112,30,0,30,142
03/01/2023,CID,IA,ACE,CE,Combined TRACON& Tower with Radar,45,12,21,0,78,0,0,7,0,7,45,12,28,0,85,0,0,0,85
03/02/2023,CID,IA,ACE,CE,Combined TRACON& Tower with Radar,45,11,10,1,67,0,0,8,1,9,45,11,18,2,76,18,0,18,94
03/03/2023,CID,IA,ACE,CE,Combined TRACON& Tower with Radar,45,7,16,1,69,0,0,9,1,10,45,7,25,2,79,0,0,0,79
03/04/2023,CID,IA,ACE,CE,Combined TRACON& Tower with Radar,43,14,8,0,65,0,0,11,0,11,43,14,19,0,76,74,0,74,150
03/05/2023,CID,IA,ACE,CE,Combined TRACON& Tower with Radar,37,8,8,0,53,0,0,14,0,14,37,8,22,0,67,14,0,14,81
03/06/2023,CID,IA,ACE,CE,Combined TRACON& Tower with Radar,44,8,21,0,73,0,0,0,0,0,44,8,21,0,73,0,0,0,73
03/07/2023,CID,IA,ACE,CE,Combined TRACON& Tower with Radar,39,11,12,0,62,0,0,17,0,17,39,11,29,0,79,50,0,50,129
03/08/2023,CID,IA,ACE,CE,Combined TRACON& Tower with Radar,43,16,16,3,78,0,0,9,3,12,43,16,25,6,90,16,0,16,106
03/09/2023,CID,IA,ACE,CE,Combined TRACON& Tower with Radar,45,7,5,0,57,0,0,0,0,0,45,7,5,0,57,0,0,0,57
03/10/2023,CID,IA,ACE,CE,Combined TRACON& Tower with Radar,43,11,14,0,68,0,0,6,0,6,43,11,20,0,74,22,0,22,96
03/11/2023,CID,IA,ACE,CE,Combined TRACON& Tower with Radar,43,8,5,0,56,0,0,2,0,2,43,8,7,0,58,0,0,0,58
03/12/2023,CID,IA,ACE,CE,Combined TRACON& Tower with Radar,40,9,6,0,55,0,0,2,0,2,40,9,8,0,57,12,0,12,69
03/13/2023,CID,IA,ACE,CE,Combined TRACON& Tower with Radar,43,8,2,0,53,0,0,7,0,7,43,8,9,0,60,20,0,20,80
03/14/2023,CID,IA,ACE,CE,Combined TRACON& Tower with Radar,42,10,17,0,69,0,0,43,0,43,42,10,60,0,112,34,0,34,146
03/15/2023,CID,IA,ACE,CE,Combined TRACON& Tower with Radar,52,8,14,0,74,0,2,13,0,15,52,10,27,0,89,16,0,16,105
03/16/2023,CID,IA,ACE,CE,Combined TRACON& Tower with Radar,43,13,7,0,63,0,0,2,0,2,43,13,9,0,65,0,0,0,65
03/17/2023,CID,IA,ACE,CE,Combined TRACON& Tower with Radar,54,11,4,0,69,0,0,5,0,5,54,11,9,0,74,0,0,0,74
03/18/2023,CID,IA,ACE,CE,Combined TRACON& Tower with Radar,45,7,5,0,57,0,0,0,0,0,45,7,5,0,57,0,0,0,57
03/19/2023,CID,IA,ACE,CE,Combined TRACON& Tower with Radar,38,15,13,0,66,0,0,30,0,30,38,15,43,0,96,80,0,80,176
03/20/2023,CID,IA,ACE,CE,Combined TRACON& Tower with Radar,43,10,9,0,62,0,0,17,0,17,43,10,26,0,79,10,0,10,89
03/21/2023,CID,IA,ACE,CE,Combined TRACON& Tower with Radar,38,10,9,2,59,0,0,22,0,22,38,10,31,2,81,16,0,16,97
03/22/2023,CID,IA,ACE,CE,Combined TRACON& Tower with Radar,42,15,26,0,83,0,0,2,0,2,42,15,28,0,85,14,0,14,99
03/23/2023,CID,IA,ACE,CE,Combined TRACON& Tower with Radar,44,18,16,0,78,0,0,16,0,16,44,18,32,0,94,48,0,48,142
03/24/2023,CID,IA,ACE,CE,Combined TRACON& Tower with Radar,43,12,22,0,77,0,0,22,0,22,43,12,44,0,99,4,0,4,103
03/25/2023,CID,IA,ACE,CE,Combined TRACON& Tower with Radar,40,7,6,0,53,0,0,30,0,30,40,7,36,0,83,64,0,64,147
03/26/2023,CID,IA,ACE,CE,Combined TRACON& Tower with Radar,34,9,12,0,55,0,0,10,0,10,34,9,22,0,65,16,0,16,81
03/27/2023,CID,IA,ACE,CE,Combined TRACON& Tower with Radar,43,16,21,2,82,0,0,36,0,36,43,16,57,2,118,40,0,40,158
03/28/2023,CID,IA,ACE,CE,Combined TRACON& Tower with Radar,38,8,24,0,70,0,0,46,0,46,38,8,70,0,116,38,0,38,154
03/29/2023,CID,IA,ACE,CE,Combined TRACON& Tower with Radar,37,13,25,0,75,0,0,25,0,25,37,13,50,0,100,30,0,30,130
03/30/2023,CID,IA,ACE,CE,Combined TRACON& Tower with Radar,45,11,13,0,69,0,0,19,0,19,45,11,32,0,88,14,0,14,102
03/31/2023,CID,IA,ACE,CE,Combined TRACON& Tower with Radar,40,6,2,0,48,0,0,1,0,1,40,6,3,0,49,8,0,8,57
04/01/2023,CID,IA,ACE,CE,Combined TRACON& Tower with Radar,29,8,7,0,44,0,0,12,0,12,29,8,19,0,56,46,0,46,102
04/02/2023,CID,IA,ACE,CE,Combined TRACON& Tower with Radar,33,17,23,0,73,0,0,25,0,25,33,17,48,0,98,10,0,10,108
04/03/2023,CID,IA,ACE,CE,Combined TRACON& Tower with Radar,39,5,19,0,63,0,0,9,0,9,39,5,28,0,72,6,0,6,78
04/04/2023,CID,IA,ACE,CE,Combined TRACON& Tower with Radar,33,8,14,0,55,0,0,0,0,0,33,8,14,0,55,0,0,0,55
04/05/2023,CID,IA,ACE,CE,Combined TRACON& Tower with Radar,43,7,11,0,61,0,0,2,2,4,43,7,13,2,65,0,0,0,65
04/06/2023,CID,IA,ACE,CE,Combined TRACON& Tower with Radar,44,12,26,1,83,0,1,51,5,57,44,13,77,6,140,42,0,42,182
04/07/2023,CID,IA,ACE,CE,Combined TRACON& Tower with Radar,43,9,17,2,71,0,2,46,0,48,43,11,63,2,119,42,0,42,161
04/08/2023,CID,IA,ACE,CE,Combined TRACON& Tower with Radar,27,11,17,0,55,0,0,36,0,36,27,11,53,0,91,14,0,14,105
04/09/2023,CID,IA,ACE,CE,Combined TRACON& Tower with Radar,36,6,4,0,46,0,0,13,0,13,36,6,17,0,59,0,0,0,59
04/10/2023,CID,IA,ACE,CE,Combined TRACON& Tower with Radar,38,13,24,0,75,0,1,39,0,40,38,14,63,0,115,48,0,48,163
04/11/2023,CID,IA,ACE,CE,Combined TRACON& Tower with Radar,42,9,16,2,69,0,0,15,2,17,42,9,31,4,86,2,0,2,88
04/12/2023,CID,IA,ACE,CE,Combined TRACON& Tower with Radar,41,9,18,1,69,0,0,17,1,18,41,9,35,2,87,2,0,2,89
04/13/2023,CID,IA,ACE,CE,Combined TRACON& Tower with Radar,43,6,15,0,64,0,0,21,0,21,43,6,36,0,85,36,0,36,121
04/14/2023,CID,IA,ACE,CE,Combined TRACON& Tower with Radar,41,6,11,0,58,0,0,28,0,28,41,6,39,0,86,60,0,60,146
04/15/2023,CID,IA,ACE,CE,Combined TRACON& Tower with Radar,34,8,14,0,56,0,1,11,0,12,34,9,25,0,68,10,0,10,78
04/16/2023,CID,IA,ACE,CE,Combined TRACON& Tower with Radar,34,4,8,0,46,0,0,0,0,0,34,4,8,0,46,0,0,0,46
04/17/2023,CID,IA,ACE,CE,Combined TRACON& Tower with Radar,39,7,12,0,58,0,2,2,0,4,39,9,14,0,62,6,0,6,68
04/18/2023,CID,IA,ACE,CE,Combined TRACON& Tower with Radar,37,9,22,1,69,0,0,65,5,70,37,9,87,6,139,27,0,27,166
04/19/2023,CID,IA,ACE,CE,Combined TRACON& Tower with Radar,39,10,15,0,64,0,0,8,0,8,39,10,23,0,72,32,0,32,104
04/20/2023,CID,IA,ACE,CE,Combined TRACON& Tower with Radar,40,9,23,0,72,0,0,0,0,0,40,9,23,0,72,0,0,0,72
04/21/2023,CID,IA,ACE,CE,Combined TRACON& Tower with Radar,42,6,7,0,55,0,0,14,0,14,42,6,21,0,69,40,0,40,109
04/22/2023,CID,IA,ACE,CE,Combined TRACON& Tower with Radar,31,5,6,0,42,0,0,2,0,2,31,5,8,0,44,0,0,0,44
04/23/2023,CID,IA,ACE,CE,Combined TRACON& Tower with Radar,35,15,8,0,58,0,0,33,0,33,35,15,41,0,91,44,0,44,135
04/24/2023,CID,IA,ACE,CE,Combined TRACON& Tower with Radar,38,9,12,0,59,0,0,31,0,31,38,9,43,0,90,4,0,4,94
04/25/2023,CID,IA,ACE,CE,Combined TRACON& Tower with Radar,40,8,31,1,80,0,0,33,1,34,40,8,64,2,114,48,0,48,162
04/26/2023,CID,IA,ACE,CE,Combined TRACON& Tower with Radar,37,12,13,2,64,0,0,27,0,27,37,12,40,2,91,48,0,48,139
04/27/2023,CID,IA,ACE,CE,Combined TRACON& Tower with Radar,45,8,10,0,63,0,0,24,0,24,45,8,34,0,87,50,0,50,137
04/28/2023,CID,IA,ACE,CE,Combined TRACON& Tower with Radar,42,6,34,0,82,0,0,28,0,28,42,6,62,0,110,48,0,48,158
04/29/2023,CID,IA,ACE,CE,Combined TRACON& Tower with Radar,27,9,12,0,48,0,0,16,0,16,27,9,28,0,64,18,0,18,82
04/30/2023,CID,IA,ACE,CE,Combined TRACON& Tower with Radar,37,4,4,0,45,0,0,3,0,3,37,4,7,0,48,6,0,6,54
05/01/2023,CID,IA,ACE,CE,Combined TRACON& Tower with Radar,39,13,5,0,57,0,0,3,0,3,39,13,8,0,60,12,0,12,72
05/02/2023,CID,IA,ACE,CE,Combined TRACON& Tower with Radar,36,14,16,0,66,0,0,11,0,11,36,14,27,0,77,4,0,4,81
05/03/2023,CID,IA,ACE,CE,Combined TRACON& Tower with Radar,40,9,12,0,61,0,2,31,2,35,40,11,43,2,96,56,0,56,152
05/04/2023,CID,IA,ACE,CE,Combined TRACON& Tower with Radar,44,11,36,7,98,0,0,62,0,62,44,11,98,7,160,48,0,48,208
05/05/2023,CID,IA,ACE,CE,Combined TRACON& Tower with Radar,43,8,27,0,78,0,2,19,0,21,43,10,46,0,99,42,0,42,141
05/06/2023,CID,IA,ACE,CE,Combined TRACON& Tower with Radar,28,11,16,0,55,0,0,4,0,4,28,11,20,0,59,16,0,16,75
05/07/2023,CID,IA,ACE,CE,Combined TRACON& Tower with Radar,32,10,14,0,56,0,0,20,0,20,32,10,34,0,76,56,0,56,132
05/08/2023,CID,IA,ACE,CE,Combined TRACON& Tower with Radar,38,6,12,0,56,0,0,14,0,14,38,6,26,0,70,28,0,28,98
05/09/2023,CID,IA,ACE,CE,Combined TRACON& Tower with Radar,39,11,48,0,98,0,0,25,0,25,39,11,73,0,123,28,0,28,151
05/10/2023,CID,IA,ACE,CE,Combined TRACON& Tower with Radar,40,10,22,2,74,0,3,39,0,42,40,13,61,2,116,0,0,0,116
05/11/2023,CID,IA,ACE,CE,Combined TRACON& Tower with Radar,45,10,13,0,68,0,2,28,0,30,45,12,41,0,98,40,0,40,138
05/12/2023,CID,IA,ACE,CE,Combined TRACON& Tower with Radar,44,13,27,0,84,0,0,21,0,21,44,13,48,0,105,20,0,20,125
05/13/2023,CID,IA,ACE,CE,Combined TRACON& Tower with Radar,28,15,16,0,59,0,0,2,0,2,28,15,18,0,61,14,0,14,75
05/14/2023,CID,IA,ACE,CE,Combined TRACON& Tower with Radar,35,14,10,0,59,0,0,0,0,0,35,14,10,0,59,0,0,0,59
05/15/2023,CID,IA,ACE,CE,Combined TRACON& Tower with Radar,35,12,17,0,64,0,0,26,0,26,35,12,43,0,90,42,0,42,132
05/16/2023,CID,IA,ACE,CE,Combined TRACON& Tower with Radar,36,9,17,0,62,0,0,32,0,32,36,9,49,0,94,12,0,12,106
05/17/2023,CID,IA,ACE,CE,Combined TRACON& Tower with Radar,38,12,21,2,73,0,0,29,0,29,38,12,50,2,102,66,0,66,168
05/18/2023,CID,IA,ACE,CE,Combined TRACON& Tower with Radar,41,13,32,0,86,0,0,26,0,26,41,13,58,0,112,6,0,6,118
05/19/2023,CID,IA,ACE,CE,Combined TRACON& Tower with Radar,43,13,13,0,69,0,0,12,0,12,43,13,25,0,81,14,0,14,95
05/20/2023,CID,IA,ACE,CE,Combined TRACON& Tower with Radar,27,13,12,0,52,0,1,135,0,136,27,14,147,0,188,26,0,26,214
05/21/2023,CID,IA,ACE,CE,Combined TRACON& Tower with Radar,32,10,8,1,51,0,0,32,0,32,32,10,40,1,83,56,0,56,139
05/22/2023,CID,IA,ACE,CE,Combined TRACON& Tower with Radar,45,13,10,0,68,0,0,25,1,26,45,13,35,1,94,20,0,20,114
05/23/2023,CID,IA,ACE,CE,Combined TRACON& Tower with Radar,43,11,18,0,72,0,0,29,0,29,43,11,47,0,101,0,0,0,101
05/24/2023,CID,IA,ACE,CE,Combined TRACON& Tower with Radar,47,11,11,11,80,0,0,23,0,23,47,11,34,11,103,18,12,30,133
05/25/2023,CID,IA,ACE,CE,Combined TRACON& Tower with Radar,43,12,19,2,76,0,0,29,0,29,43,12,48,2,105,48,0,48,153
05/26/2023,CID,IA,ACE,CE,Combined TRACON& Tower with Radar,45,13,20,0,78,0,1,42,0,43,45,14,62,0,121,54,0,54,175
05/27/2023,CID,IA,ACE,CE,Combined TRACON& Tower with Radar,26,7,5,2,40,0,0,36,0,36,26,7,41,2,76,42,0,42,118
05/28/2023,CID,IA,ACE,CE,Combined TRACON& Tower with Radar,34,7,10,0,51,0,0,26,0,26,34,7,36,0,77,18,0,18,95
05/29/2023,CID,IA,ACE,CE,Combined TRACON& Tower with Radar,34,17,8,0,59,0,0,29,0,29,34,17,37,0,88,30,0,30,118
05/30/2023,CID,IA,ACE,CE,Combined TRACON& Tower with Radar,39,8,14,0,61,0,0,34,0,34,39,8,48,0,95,64,0,64,159
05/31/2023,CID,IA,ACE,CE,Combined TRACON& Tower with Radar,42,8,28,0,78,0,0,33,0,33,42,8,61,0,111,16,0,16,127
06/01/2023,CID,IA,ACE,CE,Combined TRACON& Tower with Radar,47,4,24,2,77,0,0,11,2,13,47,4,35,4,90,34,0,34,124
06/02/2023,CID,IA,ACE,CE,Combined TRACON& Tower with Radar,53,7,23,0,83,0,0,17,0,17,53,7,40,0,100,42,0,42,142
06/03/2023,CID,IA,ACE,CE,Combined TRACON& Tower with Radar,32,14,10,0,56,0,0,36,0,36,32,14,46,0,92,20,0,20,112
06/04/2023,CID,IA,ACE,CE,Combined TRACON& Tower with Radar,35,8,9,0,52,0,0,17,0,17,35,8,26,0,69,10,0,10,79
06/05/2023,CID,IA,ACE,CE,Combined TRACON& Tower with Radar,47,12,14,0,73,0,0,15,0,15,47,12,29,0,88,30,0,30,118
06/06/2023,CID,IA,ACE,CE,Combined TRACON& Tower with Radar,45,10,21,0,76,1,0,14,0,15,46,10,35,0,91,8,0,8,99
06/07/2023,CID,IA,ACE,CE,Combined TRACON& Tower with Radar,47,14,20,0,81,0,0,30,0,30,47,14,50,0,111,24,0,24,135
06/08/2023,CID,IA,ACE,CE,Combined TRACON& Tower with Radar,46,12,14,0,72,0,0,25,0,25,46,12,39,0,97,44,0,44,141
06/09/2023,CID,IA,ACE,CE,Combined TRACON& Tower with Radar,49,12,10,1,72,0,0,38,1,39,49,12,48,2,111,80,0,80,191
06/10/2023,CID,IA,ACE,CE,Combined TRACON& Tower with Radar,37,11,10,0,58,0,0,19,0,19,37,11,29,0,77,14,0,14,91
06/11/2023,CID,IA,ACE,CE,Combined TRACON& Tower with Radar,35,13,18,2,68,0,0,5,0,5,35,13,23,2,73,2,0,2,75
06/12/2023,CID,IA,ACE,CE,Combined TRACON& Tower with Radar,48,11,19,0,78,0,0,21,0,21,48,11,40,0,99,54,0,54,153
06/13/2023,CID,IA,ACE,CE,Combined TRACON& Tower with Radar,48,11,17,0,76,0,0,25,0,25,48,11,42,0,101,34,0,34,135
06/14/2023,CID,IA,ACE,CE,Combined TRACON& Tower with Radar,51,9,9,0,69,0,0,44,0,44,51,9,53,0,113,16,0,16,129
06/15/2023,CID,IA,ACE,CE,Combined TRACON& Tower with Radar,47,15,24,0,86,0,0,13,0,13,47,15,37,0,99,38,0,38,137
06/16/2023,CID,IA,ACE,CE,Combined TRACON& Tower with Radar,51,16,13,0,80,0,0,18,0,18,51,16,31,0,98,14,0,14,112
06/17/2023,CID,IA,ACE,CE,Combined TRACON& Tower with Radar,37,11,5,0,53,0,0,29,0,29,37,11,34,0,82,8,0,8,90
06/18/2023,CID,IA,ACE,CE,Combined TRACON& Tower with Radar,36,12,12,0,60,0,0,5,0,5,36,12,17,0,65,10,0,10,75
06/19/2023,CID,IA,ACE,CE,Combined TRACON& Tower with Radar,46,14,16,0,76,0,1,25,0,26,46,15,41,0,102,20,0,20,122
06/20/2023,CID,IA,ACE,CE,Combined TRACON& Tower with Radar,46,11,13,0,70,0,0,41,0,41,46,11,54,0,111,30,0,30,141
06/21/2023,CID,IA,ACE,CE,Combined TRACON& Tower with Radar,43,21,25,2,91,0,0,33,0,33,43,21,58,2,124,38,0,38,162
06/22/2023,CID,IA,ACE,CE,Combined TRACON& Tower with Radar,45,10,25,0,80,0,1,32,2,35,45,11,57,2,115,42,0,42,157
06/23/2023,CID,IA,ACE,CE,Combined TRACON& Tower with Radar,46,23,15,0,84,0,1,33,0,34,46,24,48,0,118,40,0,40,158
06/24/2023,CID,IA,ACE,CE,Combined TRACON& Tower with Radar,33,21,13,0,67,0,0,15,0,15,33,21,28,0,82,18,0,18,100
06/25/2023,CID,IA,ACE,CE,Combined TRACON& Tower with Radar,38,10,11,0,59,0,0,11,0,11,38,10,22,0,70,4,0,4,74
06/26/2023,CID,IA,ACE,CE,Combined TRACON& Tower with Radar,44,14,27,0,85,0,0,4,0,4,44,14,31,0,89,0,0,0,89
06/27/2023,CID,IA,ACE,CE,Combined TRACON& Tower with Radar,40,16,40,2,98,0,0,5,0,5,40,16,45,2,103,0,0,0,103
06/28/2023,CID,IA,ACE,CE,Combined TRACON& Tower with Radar,39,18,25,0,82,0,0,2,0,2,39,18,27,0,84,0,0,0,84
06/29/2023,CID,IA,ACE,CE,Combined TRACON& Tower with Radar,39,17,12,2,70,0,0,0,0,0,39,17,12,2,70,0,0,0,70
06/30/2023,CID,IA,ACE,CE,Combined TRACON& Tower with Radar,45,13,13,0,71,0,0,11,0,11,45,13,24,0,82,22,0,22,104
07/01/2023,CID,IA,ACE,CE,Combined TRACON& Tower with Radar,40,10,17,0,67,0,0,3,0,3,40,10,20,0,70,0,0,0,70
07/02/2023,CID,IA,ACE,CE,Combined TRACON& Tower with Radar,42,8,14,2,66,0,0,17,1,18,42,8,31,3,84,30,0,30,114
07/03/2023,CID,IA,ACE,CE,Combined TRACON& Tower with Radar,47,2,22,0,71,0,2,40,0,42,47,4,62,0,113,24,0,24,137
07/04/2023,CID,IA,ACE,CE,Combined TRACON& Tower with Radar,38,2,4,0,44,0,0,18,0,18,38,2,22,0,62,8,0,8,70
07/05/2023,CID,IA,ACE,CE,Combined TRACON& Tower with Radar,44,4,19,1,68,0,0,9,0,9,44,4,28,1,77,38,0,38,115
07/06/2023,CID,IA,ACE,CE,Combined TRACON& Tower with Radar,51,8,11,1,71,0,0,27,1,28,51,8,38,2,99,12,0,12,111
07/07/2023,CID,IA,ACE,CE,Combined TRACON& Tower with Radar,54,6,12,1,73,0,0,14,1,15,54,6,26,2,88,16,0,16,104
07/08/2023,CID,IA,ACE,CE,Combined TRACON& Tower with Radar,44,8,3,0,55,0,0,24,2,26,44,8,27,2,81,18,0,18,99
07/09/2023,CID,IA,ACE,CE,Combined TRACON& Tower with Radar,41,7,17,0,65,0,0,36,0,36,41,7,53,0,101,14,0,14,115
07/10/2023,CID,IA,ACE,CE,Combined TRACON& Tower with Radar,49,13,17,0,79,0,1,26,0,27,49,14,43,0,106,12,0,12,118
07/11/2023,CID,IA,ACE,CE,Combined TRACON& Tower with Radar,51,14,13,0,78,0,0,29,0,29,51,14,42,0,107,20,0,20,127
07/12/2023,CID,IA,ACE,CE,Combined TRACON& Tower with Radar,51,9,18,2,80,0,0,4,0,4,51,9,22,2,84,8,0,8,92
07/13/2023,CID,IA,ACE,CE,Combined TRACON& Tower with Radar,51,17,25,4,97,0,0,12,0,12,51,17,37,4,109,12,0,12,121
07/14/2023,CID,IA,ACE,CE,Combined TRACON& Tower with Radar,55,9,16,3,83,0,1,28,1,30,55,10,44,4,113,28,2,30,143
07/15/2023,CID,IA,ACE,CE,Combined TRACON& Tower with Radar,40,7,9,2,58,0,0,39,2,41,40,7,48,4,99,54,0,54,153
07/16/2023,CID,IA,ACE,CE,Combined TRACON& Tower with Radar,42,9,35,0,86,0,0,9,0,9,42,9,44,0,95,0,0,0,95
07/17/2023,CID,IA,ACE,CE,Combined TRACON& Tower with Radar,51,7,25,2,85,0,0,43,0,43,51,7,68,2,128,38,0,38,166
07/18/2023,CID,IA,ACE,CE,Combined TRACON& Tower with Radar,50,6,19,0,75,0,0,31,0,31,50,6,50,0,106,80,0,80,186
07/19/2023,CID,IA,ACE,CE,Combined TRACON& Tower with Radar,54,7,26,0,87,0,0,32,0,32,54,7,58,0,119,14,0,14,133
07/20/2023,CID,IA,ACE,CE,Combined TRACON& Tower with Radar,55,12,23,0,90,0,2,32,0,34,55,14,55,0,124,86,0,86,210
07/21/2023,CID,IA,ACE,CE,Combined TRACON& Tower with Radar,54,27,34,2,117,0,2,59,0,61,54,29,93,2,178,72,0,72,250
07/22/2023,CID,IA,ACE,CE,Combined TRACON& Tower with Radar,47,7,14,0,68,0,3,34,0,37,47,10,48,0,105,0,0,0,105
07/23/2023,CID,IA,ACE,CE,Combined TRACON& Tower with Radar,42,7,11,0,60,0,0,24,0,24,42,7,35,0,84,10,0,10,94
07/24/2023,CID,IA,ACE,CE,Combined TRACON& Tower with Radar,52,14,16,0,82,0,0,34,0,34,52,14,50,0,116,42,0,42,158
07/25/2023,CID,IA,ACE,CE,Combined TRACON& Tower with Radar,50,6,18,0,74,0,0,27,0,27,50,6,45,0,101,6,0,6,107
07/26/2023,CID,IA,ACE,CE,Combined TRACON& Tower with Radar,51,6,11,0,68,0,0,28,0,28,51,6,39,0,96,20,0,20,116
07/27/2023,CID,IA,ACE,CE,Combined TRACON& Tower with Radar,47,6,16,0,69,0,0,33,2,35,47,6,49,2,104,30,0,30,134
07/28/2023,CID,IA,ACE,CE,Combined TRACON& Tower with Radar,51,13,7,0,71,0,0,12,0,12,51,13,19,0,83,8,0,8,91
07/29/2023,CID,IA,ACE,CE,Combined TRACON& Tower with Radar,41,11,20,0,72,0,0,10,0,10,41,11,30,0,82,0,0,0,82
07/30/2023,CID,IA,ACE,CE,Combined TRACON& Tower with Radar,40,13,26,0,79,0,0,33,0,33,40,13,59,0,112,50,0,50,162
07/31/2023,CID,IA,ACE,CE,Combined TRACON& Tower with Radar,51,12,19,0,82,0,2,27,0,29,51,14,46,0,111,50,0,50,161
08/01/2023,CID,IA,ACE,CE,Combined TRACON& Tower with Radar,48,8,17,0,73,0,0,28,1,29,48,8,45,1,102,48,0,48,150
08/02/2023,CID,IA,ACE,CE,Combined TRACON& Tower with Radar,50,6,21,0,77,0,0,6,0,6,50,6,27,0,83,14,0,14,97
08/03/2023,CID,IA,ACE,CE,Combined TRACON& Tower with Radar,48,5,20,0,73,0,0,12,0,12,48,5,32,0,85,6,0,6,91
08/04/2023,CID,IA,ACE,CE,Combined TRACON& Tower with Radar,50,7,14,0,71,0,0,15,0,15,50,7,29,0,86,48,0,48,134
08/05/2023,CID,IA,ACE,CE,Combined TRACON& Tower with Radar,40,10,9,5,64,0,0,20,17,37,40,10,29,22,101,30,22,52,153
08/06/2023,CID,IA,ACE,CE,Combined TRACON& Tower with Radar,36,7,21,0,64,0,0,1,0,1,36,7,22,0,65,0,0,0,65
08/07/2023,CID,IA,ACE,CE,Combined TRACON& Tower with Radar,49,7,12,0,68,0,0,9,0,9,49,7,21,0,77,18,0,18,95
08/08/2023,CID,IA,ACE,CE,Combined TRACON& Tower with Radar,47,13,22,0,82,0,2,28,0,30,47,15,50,0,112,30,0,30,142
08/09/2023,CID,IA,ACE,CE,Combined TRACON& Tower with Radar,49,8,17,0,74,0,0,8,0,8,49,8,25,0,82,26,0,26,108
08/10/2023,CID,IA,ACE,CE,Combined TRACON& Tower with Radar,51,4,21,2,78,0,0,32,0,32,51,4,53,2,110,12,0,12,122
08/11/2023,CID,IA,ACE,CE,Combined TRACON& Tower with Radar,55,6,21,0,82,0,0,21,0,21,55,6,42,0,103,34,0,34,137
08/12/2023,CID,IA,ACE,CE,Combined TRACON& Tower with Radar,42,10,13,0,65,0,0,39,0,39,42,10,52,0,104,36,0,36,140
08/13/2023,CID,IA,ACE,CE,Combined TRACON& Tower with Radar,40,7,16,0,63,0,0,15,0,15,40,7,31,0,78,28,0,28,106
08/14/2023,CID,IA,ACE,CE,Combined TRACON& Tower with Radar,45,3,8,0,56,0,0,10,0,10,45,3,18,0,66,20,0,20,86
08/15/2023,CID,IA,ACE,CE,Combined TRACON& Tower with Radar,48,10,24,0,82,0,0,49,0,49,48,10,73,0,131,34,0,34,165
08/16/2023,CID,IA,ACE,CE,Combined TRACON& Tower with Radar,47,15,14,0,76,0,0,26,2,28,47,15,40,2,104,20,0,20,124
08/17/2023,CID,IA,ACE,CE,Combined TRACON& Tower with Radar,49,13,13,0,75,0,0,18,0,18,49,13,31,0,93,44,0,44,137
08/18/2023,CID,IA,ACE,CE,Combined TRACON& Tower with Radar,52,6,13,4,75,0,2,46,1,49,52,8,59,5,124,52,6,58,182
08/19/2023,CID,IA,ACE,CE,Combined TRACON& Tower with Radar,43,11,9,0,63,0,0,25,0,25,43,11,34,0,88,6,0,6,94
08/20/2023,CID,IA,ACE,CE,Combined TRACON& Tower with Radar,38,7,16,0,61,0,0,21,0,21,38,7,37,0,82,18,0,18,100
08/21/2023,CID,IA,ACE,CE,Combined TRACON& Tower with Radar,49,7,11,0,67,0,0,15,0,15,49,7,26,0,82,20,0,20,102
08/22/2023,CID,IA,ACE,CE,Combined TRACON& Tower with Radar,46,9,12,2,69,0,2,18,0,20,46,11,30,2,89,28,0,28,117
08/23/2023,CID,IA,ACE,CE,Combined TRACON& Tower with Radar,49,10,39,0,98,0,0,7,0,7,49,10,46,0,105,12,0,12,117
08/24/2023,CID,IA,ACE,CE,Combined TRACON& Tower with Radar,46,13,24,0,83,0,1,14,0,15,46,14,38,0,98,44,0,44,142
08/25/2023,CID,IA,ACE,CE,Combined TRACON& Tower with Radar,51,10,19,0,80,0,0,9,0,9,51,10,28,0,89,20,0,20,109
08/26/2023,CID,IA,ACE,CE,Combined TRACON& Tower with Radar,38,6,13,0,57,0,0,35,0,35,38,6,48,0,92,36,0,36,128
08/27/2023,CID,IA,ACE,CE,Combined TRACON& Tower with Radar,35,12,14,0,61,0,0,41,0,41,35,12,55,0,102,24,0,24,126
08/28/2023,CID,IA,ACE,CE,Combined TRACON& Tower with Radar,48,10,13,0,71,0,0,39,0,39,48,10,52,0,110,20,0,20,130
08/29/2023,CID,IA,ACE,CE,Combined TRACON& Tower with Radar,45,6,23,2,76,0,0,31,0,31,45,6,54,2,107,10,0,10,117
08/30/2023,CID,IA,ACE,CE,Combined TRACON& Tower with Radar,49,15,18,2,84,0,0,31,0,31,49,15,49,2,115,36,2,38,153
08/31/2023,CID,IA,ACE,CE,Combined TRACON& Tower with Radar,49,10,24,0,83,0,0,40,0,40,49,10,64,0,123,46,0,46,169
