01/01/2000,CKB,WV,AEA,CE,Towers with Radar,0,3,3,0,6,0,1,41,0,42,0,4,44,0,48,74,0,74,122
01/02/2000,CKB,WV,AEA,CE,Towers with Radar,0,12,4,0,16,0,0,25,1,26,0,12,29,1,42,4,0,4,46
01/03/2000,CKB,WV,AEA,CE,Towers with Radar,0,16,5,2,23,0,5,9,6,20,0,21,14,8,43,20,52,72,115
01/04/2000,CKB,WV,AEA,CE,Towers with Radar,0,18,6,1,25,0,0,0,0,0,0,18,6,1,25,16,0,16,41
01/05/2000,CKB,WV,AEA,CE,Towers with Radar,0,23,18,14,55,0,0,47,9,56,0,23,65,23,111,40,32,72,183
01/06/2000,CKB,WV,AEA,CE,Towers with Radar,0,14,6,2,22,0,2,51,0,53,0,16,57,2,75,90,30,120,195
01/07/2000,CKB,WV,AEA,CE,Towers with Radar,0,18,16,3,37,0,0,36,0,36,0,18,52,3,73,52,12,64,137
01/08/2000,CKB,WV,AEA,CE,Towers with Radar,0,7,4,0,11,0,0,54,2,56,0,7,58,2,67,52,4,56,123
01/09/2000,CKB,WV,AEA,CE,Towers with Radar,0,13,8,0,21,0,0,0,0,0,0,13,8,0,21,0,0,0,21
01/10/2000,CKB,WV,AEA,CE,Towers with Radar,0,22,10,2,34,0,0,3,0,3,0,22,13,2,37,0,0,0,37
01/11/2000,CKB,WV,AEA,CE,Towers with Radar,0,23,7,2,32,0,0,2,0,2,0,23,9,2,34,6,0,6,40
01/12/2000,CKB,WV,AEA,CE,Towers with Radar,0,15,19,12,46,0,3,58,13,74,0,18,77,25,120,152,64,216,336
01/13/2000,CKB,WV,AEA,CE,Towers with Radar,0,13,1,0,14,0,0,3,0,3,0,13,4,0,17,0,0,0,17
01/14/2000,CKB,WV,AEA,CE,Towers with Radar,0,18,1,12,31,0,0,14,5,19,0,18,15,17,50,20,26,46,96
01/15/2000,CKB,WV,AEA,CE,Towers with Radar,0,7,8,9,24,0,2,35,13,50,0,9,43,22,74,106,88,194,268
01/16/2000,CKB,WV,AEA,CE,Towers with Radar,0,9,4,0,13,0,0,2,0,2,0,9,6,0,15,0,0,0,15
01/17/2000,CKB,WV,AEA,CE,Towers with Radar,0,17,10,2,29,0,0,40,0,40,0,17,50,2,69,76,0,76,145
01/18/2000,CKB,WV,AEA,CE,Towers with Radar,0,17,8,4,29,0,9,1,21,31,0,26,9,25,60,0,54,54,114
01/19/2000,CKB,WV,AEA,CE,Towers with Radar,0,20,9,15,44,0,1,14,5,20,0,21,23,20,64,10,120,130,194
01/20/2000,CKB,WV,AEA,CE,Towers with Radar,0,15,4,0,19,0,0,1,0,1,0,15,5,0,20,0,0,0,20
01/21/2000,CKB,WV,AEA,CE,Towers with Radar,2,22,2,0,26,0,1,1,0,2,2,23,3,0,28,0,0,0,28
01/22/2000,CKB,WV,AEA,CE,Towers with Radar,2,13,1,11,27,0,1,5,9,15,2,14,6,20,42,0,38,38,80
01/23/2000,CKB,WV,AEA,CE,Towers with Radar,0,14,0,0,14,0,0,0,0,0,0,14,0,0,14,0,0,0,14
01/24/2000,CKB,WV,AEA,CE,Towers with Radar,0,16,8,7,31,0,0,29,50,79,0,16,37,57,110,10,90,100,210
01/25/2000,CKB,WV,AEA,CE,Towers with Radar,0,13,0,27,40,0,1,24,1,26,0,14,24,28,66,70,66,136,202
01/26/2000,CKB,WV,AEA,CE,Towers with Radar,0,15,6,11,32,0,0,4,2,6,0,15,10,13,38,0,6,6,44
01/27/2000,CKB,WV,AEA,CE,Towers with Radar,0,18,17,13,48,0,0,20,26,46,0,18,37,39,94,42,96,138,232
01/28/2000,CKB,WV,AEA,CE,Towers with Radar,0,14,11,18,43,0,0,0,1,1,0,14,11,19,44,52,70,122,166
01/29/2000,CKB,WV,AEA,CE,Towers with Radar,0,14,10,0,24,0,0,70,0,70,0,14,80,0,94,86,0,86,180
01/30/2000,CKB,WV,AEA,CE,Towers with Radar,0,8,0,0,8,0,0,0,0,0,0,8,0,0,8,0,0,0,8
01/31/2000,CKB,WV,AEA,CE,Towers with Radar,0,18,6,0,24,0,2,1,6,9,0,20,7,6,33,0,0,0,33
02/01/2000,CKB,WV,AEA,CE,Towers with Radar,0,18,17,2,37,0,1,0,2,3,0,19,17,4,40,0,0,0,40
02/02/2000,CKB,WV,AEA,CE,Towers with Radar,0,17,8,16,41,0,3,27,35,65,0,20,35,51,106,24,56,80,186
02/03/2000,CKB,WV,AEA,CE,Towers with Radar,0,19,7,7,33,0,4,9,18,31,0,23,16,25,64,18,56,74,138
02/04/2000,CKB,WV,AEA,CE,Towers with Radar,0,14,4,5,23,0,0,1,4,5,0,14,5,9,28,0,0,0,28
02/05/2000,CKB,WV,AEA,CE,Towers with Radar,0,10,5,3,18,0,0,17,3,20,0,10,22,6,38,14,0,14,52
02/06/2000,CKB,WV,AEA,CE,Towers with Radar,0,12,15,2,29,0,0,33,20,53,0,12,48,22,82,48,36,84,166
02/07/2000,CKB,WV,AEA,CE,Towers with Radar,0,16,20,21,57,0,0,51,24,75,0,16,71,45,132,82,82,164,296
02/08/2000,CKB,WV,AEA,CE,Towers with Radar,0,19,12,6,37,0,1,55,24,80,0,20,67,30,117,94,84,178,295
02/09/2000,CKB,WV,AEA,CE,Towers with Radar,0,15,25,5,45,0,0,25,21,46,0,15,50,26,91,56,56,112,203
02/10/2000,CKB,WV,AEA,CE,Towers with Radar,0,15,21,6,42,0,0,38,38,76,0,15,59,44,118,48,56,104,222
02/11/2000,CKB,WV,AEA,CE,Towers with Radar,0,20,7,8,35,0,0,3,0,3,0,20,10,8,38,0,0,0,38
02/12/2000,CKB,WV,AEA,CE,Towers with Radar,0,12,4,1,17,0,2,14,13,29,0,14,18,14,46,0,26,26,72
02/13/2000,CKB,WV,AEA,CE,Towers with Radar,0,12,7,0,19,0,3,5,0,8,0,15,12,0,27,0,0,0,27
02/14/2000,CKB,WV,AEA,CE,Towers with Radar,0,17,7,4,28,0,0,0,1,1,0,17,7,5,29,0,0,0,29
02/15/2000,CKB,WV,AEA,CE,Towers with Radar,0,19,16,8,43,0,0,19,19,38,0,19,35,27,81,112,88,200,281
02/16/2000,CKB,WV,AEA,CE,Towers with Radar,0,18,13,0,31,0,0,6,0,6,0,18,19,0,37,0,0,0,37
02/17/2000,CKB,WV,AEA,CE,Towers with Radar,0,20,8,8,36,0,0,65,21,86,0,20,73,29,122,50,54,104,226
02/18/2000,CKB,WV,AEA,CE,Towers with Radar,0,18,8,0,26,0,0,0,0,0,0,18,8,0,26,0,0,0,26
02/19/2000,CKB,WV,AEA,CE,Towers with Radar,0,10,5,0,15,0,6,0,0,6,0,16,5,0,21,0,0,0,21
02/20/2000,CKB,WV,AEA,CE,Towers with Radar,0,12,13,0,25,0,0,11,2,13,0,12,24,2,38,0,0,0,38
02/21/2000,CKB,WV,AEA,CE,Towers with Radar,0,17,14,0,31,0,0,60,0,60,0,17,74,0,91,88,0,88,179
02/22/2000,CKB,WV,AEA,CE,Towers with Radar,0,17,8,7,32,0,0,73,13,86,0,17,81,20,118,68,30,98,216
02/23/2000,CKB,WV,AEA,CE,Towers with Radar,0,18,17,5,40,1,10,28,0,39,1,28,45,5,79,64,26,90,169
02/24/2000,CKB,WV,AEA,CE,Towers with Radar,0,21,7,12,40,0,0,35,11,46,0,21,42,23,86,62,44,106,192
02/25/2000,CKB,WV,AEA,CE,Towers with Radar,0,17,6,13,36,0,0,34,15,49,0,17,40,28,85,62,50,112,197
02/26/2000,CKB,WV,AEA,CE,Towers with Radar,0,8,10,3,21,0,0,62,6,68,0,8,72,9,89,52,10,62,151
02/27/2000,CKB,WV,AEA,CE,Towers with Radar,0,13,7,0,20,0,6,16,0,22,0,19,23,0,42,48,0,48,90
02/28/2000,CKB,WV,AEA,CE,Towers with Radar,0,19,5,1,25,0,1,26,5,32,0,20,31,6,57,26,26,52,109
02/29/2000,CKB,WV,AEA,CE,Towers with Radar,0,20,8,6,34,0,0,48,9,57,0,20,56,15,91,106,12,118,209
03/01/2000,CKB,WV,AEA,CE,Towers with Radar,0,21,21,6,48,0,0,16,7,23,0,21,37,13,71,56,28,84,155
03/02/2000,CKB,WV,AEA,CE,Towers with Radar,0,17,13,0,30,0,1,17,0,18,0,18,30,0,48,14,0,14,62
03/03/2000,CKB,WV,AEA,CE,Towers with Radar,0,16,22,7,45,0,1,56,5,62,0,17,78,12,107,86,40,126,233
03/04/2000,CKB,WV,AEA,CE,Towers with Radar,0,11,9,0,20,0,0,79,0,79,0,11,88,0,99,108,0,108,207
03/05/2000,CKB,WV,AEA,CE,Towers with Radar,0,16,15,0,31,0,0,66,0,66,0,16,81,0,97,102,0,102,199
03/06/2000,CKB,WV,AEA,CE,Towers with Radar,0,22,11,1,34,0,0,59,12,71,0,22,70,13,105,184,50,234,339
03/07/2000,CKB,WV,AEA,CE,Towers with Radar,0,16,5,10,31,0,0,53,8,61,0,16,58,18,92,68,0,68,160
03/08/2000,CKB,WV,AEA,CE,Towers with Radar,0,15,12,7,34,0,2,69,8,79,0,17,81,15,113,206,34,240,353
03/09/2000,CKB,WV,AEA,CE,Towers with Radar,0,15,7,0,22,0,0,12,0,12,0,15,19,0,34,14,0,14,48
03/10/2000,CKB,WV,AEA,CE,Towers with Radar,0,16,17,11,44,0,0,25,10,35,0,16,42,21,79,100,16,116,195
03/11/2000,CKB,WV,AEA,CE,Towers with Radar,0,11,2,0,13,0,3,0,0,3,0,14,2,0,16,0,0,0,16
03/12/2000,CKB,WV,AEA,CE,Towers with Radar,0,12,3,1,16,0,0,4,0,4,0,12,7,1,20,0,0,0,20
03/13/2000,CKB,WV,AEA,CE,Towers with Radar,0,16,13,4,33,0,1,0,0,1,0,17,13,4,34,80,20,100,134
03/14/2000,CKB,WV,AEA,CE,Towers with Radar,0,16,9,4,29,0,0,29,0,29,0,16,38,4,58,90,18,108,166
03/15/2000,CKB,WV,AEA,CE,Towers with Radar,0,12,7,4,23,0,0,47,4,51,0,12,54,8,74,54,8,62,136
03/16/2000,CKB,WV,AEA,CE,Towers with Radar,0,20,2,2,24,0,0,0,3,3,0,20,2,5,27,14,10,24,51
03/17/2000,CKB,WV,AEA,CE,Towers with Radar,0,16,13,1,30,0,0,16,1,17,0,16,29,2,47,26,12,38,85
03/18/2000,CKB,WV,AEA,CE,Towers with Radar,0,12,13,0,25,0,5,75,0,80,0,17,88,0,105,62,0,62,167
03/19/2000,CKB,WV,AEA,CE,Towers with Radar,0,14,7,0,21,0,0,19,1,20,0,14,26,1,41,40,30,70,111
03/20/2000,CKB,WV,AEA,CE,Towers with Radar,0,17,9,8,34,0,0,0,0,0,0,17,9,8,34,0,0,0,34
03/21/2000,CKB,WV,AEA,CE,Towers with Radar,0,17,9,11,37,0,0,9,1,10,0,17,18,12,47,56,0,56,103
03/22/2000,CKB,WV,AEA,CE,Towers with Radar,0,19,10,16,45,0,0,15,6,21,0,19,25,22,66,14,20,34,100
03/23/2000,CKB,WV,AEA,CE,Towers with Radar,0,24,16,9,49,0,0,86,21,107,0,24,102,30,156,166,90,256,412
03/24/2000,CKB,WV,AEA,CE,Towers with Radar,0,19,21,9,49,0,1,61,18,80,0,20,82,27,129,114,16,130,259
03/25/2000,CKB,WV,AEA,CE,Towers with Radar,0,12,5,0,17,0,0,0,0,0,0,12,5,0,17,40,0,40,57
03/26/2000,CKB,WV,AEA,CE,Towers with Radar,0,17,5,0,22,0,1,27,0,28,0,18,32,0,50,0,0,0,50
03/27/2000,CKB,WV,AEA,CE,Towers with Radar,0,20,26,5,51,0,3,0,18,21,0,23,26,23,72,2,12,14,86
03/28/2000,CKB,WV,AEA,CE,Towers with Radar,0,20,2,10,32,0,2,7,0,9,0,22,9,10,41,2,0,2,43
03/29/2000,CKB,WV,AEA,CE,Towers with Radar,0,17,6,5,28,0,0,15,1,16,0,17,21,6,44,20,10,30,74
03/30/2000,CKB,WV,AEA,CE,Towers with Radar,0,18,20,5,43,0,0,83,19,102,0,18,103,24,145,188,66,254,399
03/31/2000,CKB,WV,AEA,CE,Towers with Radar,0,18,10,8,36,0,0,57,11,68,0,18,67,19,104,122,24,146,250
04/01/2000,CKB,WV,AEA,CE,Towers with Radar,0,9,8,2,19,0,3,42,1,46,0,12,50,3,65,22,12,34,99
04/02/2000,CKB,WV,AEA,CE,Towers with Radar,0,14,12,0,26,0,2,3,0,5,0,16,15,0,31,4,0,4,35
04/03/2000,CKB,WV,AEA,CE,Towers with Radar,0,20,11,2,33,0,3,13,8,24,0,23,24,10,57,64,46,110,167
04/04/2000,CKB,WV,AEA,CE,Towers with Radar,0,19,8,2,29,0,1,5,0,6,0,20,13,2,35,0,0,0,35
04/05/2000,CKB,WV,AEA,CE,Towers with Radar,0,15,8,9,32,0,0,26,7,33,0,15,34,16,65,98,46,144,209
04/06/2000,CKB,WV,AEA,CE,Towers with Radar,0,18,6,0,24,0,1,16,0,17,0,19,22,0,41,2,0,2,43
04/07/2000,CKB,WV,AEA,CE,Towers with Radar,0,26,13,13,52,0,0,39,27,66,0,26,52,40,118,84,72,156,274
04/08/2000,CKB,WV,AEA,CE,Towers with Radar,0,10,5,0,15,0,0,0,0,0,0,10,5,0,15,0,0,0,15
04/09/2000,CKB,WV,AEA,CE,Towers with Radar,0,10,10,0,20,0,1,5,2,8,0,11,15,2,28,4,0,4,32
04/10/2000,CKB,WV,AEA,CE,Towers with Radar,0,20,24,16,60,0,0,53,16,69,0,20,77,32,129,114,58,172,301
04/11/2000,CKB,WV,AEA,CE,Towers with Radar,0,17,13,5,35,0,0,25,12,37,0,17,38,17,72,78,24,102,174
04/12/2000,CKB,WV,AEA,CE,Towers with Radar,0,17,13,2,32,0,4,26,2,32,0,21,39,4,64,124,2,126,190
04/13/2000,CKB,WV,AEA,CE,Towers with Radar,0,24,18,7,49,0,0,73,15,88,0,24,91,22,137,92,38,130,267
04/14/2000,CKB,WV,AEA,CE,Towers with Radar,0,17,19,6,42,0,0,87,7,94,0,17,106,13,136,78,26,104,240
04/15/2000,CKB,WV,AEA,CE,Towers with Radar,0,7,14,0,21,0,0,55,0,55,0,7,69,0,76,116,0,116,192
04/16/2000,CKB,WV,AEA,CE,Towers with Radar,0,12,3,0,15,0,0,31,0,31,0,12,34,0,46,68,0,68,114
04/17/2000,CKB,WV,AEA,CE,Towers with Radar,0,19,12,0,31,0,1,4,2,7,0,20,16,2,38,42,24,66,104
04/18/2000,CKB,WV,AEA,CE,Towers with Radar,0,21,18,5,44,0,0,25,23,48,0,21,43,28,92,100,60,160,252
04/19/2000,CKB,WV,AEA,CE,Towers with Radar,0,20,16,10,46,0,0,11,2,13,0,20,27,12,59,0,16,16,75
04/20/2000,CKB,WV,AEA,CE,Towers with Radar,0,21,20,6,47,0,2,50,12,64,0,23,70,18,111,52,20,72,183
04/21/2000,CKB,WV,AEA,CE,Towers with Radar,0,22,20,4,46,0,0,0,15,15,0,22,20,19,61,14,42,56,117
04/22/2000,CKB,WV,AEA,CE,Towers with Radar,1,8,7,0,16,0,0,0,0,0,1,8,7,0,16,0,0,0,16
04/23/2000,CKB,WV,AEA,CE,Towers with Radar,0,19,4,0,23,0,0,18,0,18,0,19,22,0,41,8,0,8,49
04/24/2000,CKB,WV,AEA,CE,Towers with Radar,0,20,14,4,38,0,0,57,0,57,0,20,71,4,95,96,10,106,201
04/25/2000,CKB,WV,AEA,CE,Towers with Radar,0,22,21,11,54,0,0,39,15,54,0,22,60,26,108,54,54,108,216
04/26/2000,CKB,WV,AEA,CE,Towers with Radar,0,22,24,21,67,0,2,82,16,100,0,24,106,37,167,118,112,230,397
04/27/2000,CKB,WV,AEA,CE,Towers with Radar,0,17,11,9,37,0,2,82,5,89,0,19,93,14,126,94,48,142,268
04/28/2000,CKB,WV,AEA,CE,Towers with Radar,0,17,10,10,37,0,5,61,12,78,0,22,71,22,115,118,78,196,311
04/29/2000,CKB,WV,AEA,CE,Towers with Radar,0,11,8,0,19,0,0,38,0,38,0,11,46,0,57,66,0,66,123
04/30/2000,CKB,WV,AEA,CE,Towers with Radar,0,18,5,0,23,0,0,61,0,61,0,18,66,0,84,98,0,98,182
05/01/2000,CKB,WV,AEA,CE,Towers with Radar,0,20,12,6,38,0,3,43,6,52,0,23,55,12,90,86,44,130,220
05/02/2000,CKB,WV,AEA,CE,Towers with Radar,0,18,7,11,36,0,0,54,12,66,0,18,61,23,102,106,70,176,278
05/03/2000,CKB,WV,AEA,CE,Towers with Radar,0,18,8,6,32,0,0,99,22,121,0,18,107,28,153,112,132,244,397
05/04/2000,CKB,WV,AEA,CE,Towers with Radar,0,24,11,11,46,0,1,79,15,95,0,25,90,26,141,84,36,120,261
05/05/2000,CKB,WV,AEA,CE,Towers with Radar,0,21,23,5,49,0,0,62,15,77,0,21,85,20,126,142,24,166,292
05/06/2000,CKB,WV,AEA,CE,Towers with Radar,0,11,10,2,23,0,0,38,9,47,0,11,48,11,70,38,4,42,112
05/07/2000,CKB,WV,AEA,CE,Towers with Radar,0,12,1,3,16,0,2,45,0,47,0,14,46,3,63,60,0,60,123
05/08/2000,CKB,WV,AEA,CE,Towers with Radar,0,14,14,6,34,0,0,57,3,60,0,14,71,9,94,104,6,110,204
05/09/2000,CKB,WV,AEA,CE,Towers with Radar,0,20,24,5,49,0,0,69,0,69,0,20,93,5,118,148,22,170,288
05/10/2000,CKB,WV,AEA,CE,Towers with Radar,0,12,16,5,33,0,3,31,0,34,0,15,47,5,67,10,0,10,77
05/11/2000,CKB,WV,AEA,CE,Towers with Radar,0,15,15,6,36,0,1,0,0,1,0,16,15,6,37,180,6,186,223
05/12/2000,CKB,WV,AEA,CE,Towers with Radar,1,19,19,3,42,0,0,42,1,43,1,19,61,4,85,24,18,42,127
05/13/2000,CKB,WV,AEA,CE,Towers with Radar,0,9,6,2,17,0,3,24,0,27,0,12,30,2,44,68,0,68,112
05/14/2000,CKB,WV,AEA,CE,Towers with Radar,0,13,10,0,23,0,3,44,0,47,0,16,54,0,70,84,0,84,154
05/15/2000,CKB,WV,AEA,CE,Towers with Radar,0,17,21,6,44,0,0,87,7,94,0,17,108,13,138,136,12,148,286
05/16/2000,CKB,WV,AEA,CE,Towers with Radar,0,13,21,7,41,0,1,75,17,93,0,14,96,24,134,200,50,250,384
05/17/2000,CKB,WV,AEA,CE,Towers with Radar,0,16,19,8,43,0,2,0,1,3,0,18,19,9,46,166,52,218,264
05/18/2000,CKB,WV,AEA,CE,Towers with Radar,0,14,10,3,27,0,0,31,0,31,0,14,41,3,58,20,8,28,86
05/19/2000,CKB,WV,AEA,CE,Towers with Radar,0,15,5,1,21,0,1,0,0,1,0,16,5,1,22,4,0,4,26
05/20/2000,CKB,WV,AEA,CE,Towers with Radar,2,5,12,0,19,0,4,7,0,11,2,9,19,0,30,2,0,2,32
05/21/2000,CKB,WV,AEA,CE,Towers with Radar,0,11,12,2,25,0,0,18,0,18,0,11,30,2,43,26,0,26,69
05/22/2000,CKB,WV,AEA,CE,Towers with Radar,0,15,12,5,32,0,0,17,13,30,0,15,29,18,62,72,62,134,196
05/23/2000,CKB,WV,AEA,CE,Towers with Radar,0,16,15,6,37,0,0,13,27,40,0,16,28,33,77,50,32,82,159
05/24/2000,CKB,WV,AEA,CE,Towers with Radar,0,13,14,6,33,0,0,14,14,28,0,13,28,20,61,34,18,52,113
05/25/2000,CKB,WV,AEA,CE,Towers with Radar,0,16,8,15,39,0,0,45,7,52,0,16,53,22,91,68,36,104,195
05/26/2000,CKB,WV,AEA,CE,Towers with Radar,0,16,13,6,35,0,3,69,8,80,0,19,82,14,115,126,34,160,275
05/27/2000,CKB,WV,AEA,CE,Towers with Radar,0,5,15,0,20,0,3,19,0,22,0,8,34,0,42,72,0,72,114
05/28/2000,CKB,WV,AEA,CE,Towers with Radar,0,10,3,0,13,0,0,2,0,2,0,10,5,0,15,0,0,0,15
05/29/2000,CKB,WV,AEA,CE,Towers with Radar,0,13,15,0,28,0,0,37,0,37,0,13,52,0,65,34,0,34,99
05/30/2000,CKB,WV,AEA,CE,Towers with Radar,0,13,15,7,35,0,0,95,26,121,0,13,110,33,156,172,32,204,360
05/31/2000,CKB,WV,AEA,CE,Towers with Radar,0,15,4,12,31,0,0,68,9,77,0,15,72,21,108,132,48,180,288
06/01/2000,CKB,WV,AEA,CE,Towers with Radar,0,18,16,7,41,0,1,47,6,54,0,19,63,13,95,232,44,276,371
06/02/2000,CKB,WV,AEA,CE,Towers with Radar,0,18,18,13,49,0,7,29,5,41,0,25,47,18,90,96,32,128,218
06/03/2000,CKB,WV,AEA,CE,Towers with Radar,1,9,12,0,22,0,1,66,0,67,1,10,78,0,89,98,0,98,187
06/04/2000,CKB,WV,AEA,CE,Towers with Radar,0,10,10,4,24,0,2,67,1,70,0,12,77,5,94,80,0,80,174
06/05/2000,CKB,WV,AEA,CE,Towers with Radar,0,17,12,9,38,0,1,43,0,44,0,18,55,9,82,108,26,134,216
06/06/2000,CKB,WV,AEA,CE,Towers with Radar,0,19,18,2,39,0,6,0,0,6,0,25,18,2,45,0,0,0,45
06/07/2000,CKB,WV,AEA,CE,Towers with Radar,0,15,24,7,46,0,0,95,11,106,0,15,119,18,152,228,46,274,426
06/08/2000,CKB,WV,AEA,CE,Towers with Radar,0,18,34,6,58,0,2,71,20,93,0,20,105,26,151,192,62,254,405
06/09/2000,CKB,WV,AEA,CE,Towers with Radar,0,13,15,7,35,0,2,54,20,76,0,15,69,27,111,102,52,154,265
06/10/2000,CKB,WV,AEA,CE,Towers with Radar,1,10,10,0,21,0,1,49,0,50,1,11,59,0,71,40,0,40,111
06/11/2000,CKB,WV,AEA,CE,Towers with Radar,0,14,13,0,27,0,1,44,0,45,0,15,57,0,72,84,0,84,156
06/12/2000,CKB,WV,AEA,CE,Towers with Radar,0,13,18,4,35,0,0,42,12,54,0,13,60,16,89,122,40,162,251
06/13/2000,CKB,WV,AEA,CE,Towers with Radar,0,16,15,4,35,0,2,0,1,3,0,18,15,5,38,46,30,76,114
06/14/2000,CKB,WV,AEA,CE,Towers with Radar,0,15,6,13,34,0,0,50,1,51,0,15,56,14,85,96,22,118,203
06/15/2000,CKB,WV,AEA,CE,Towers with Radar,0,12,11,6,29,0,1,10,12,23,0,13,21,18,52,56,24,80,132
06/16/2000,CKB,WV,AEA,CE,Towers with Radar,0,21,20,12,53,0,0,37,4,41,0,21,57,16,94,64,42,106,200
06/17/2000,CKB,WV,AEA,CE,Towers with Radar,0,7,7,0,14,0,1,24,0,25,0,8,31,0,39,26,0,26,65
06/18/2000,CKB,WV,AEA,CE,Towers with Radar,0,14,4,0,18,0,0,5,0,5,0,14,9,0,23,0,0,0,23
06/19/2000,CKB,WV,AEA,CE,Towers with Radar,0,14,18,5,37,0,0,55,1,56,0,14,73,6,93,112,12,124,217
06/20/2000,CKB,WV,AEA,CE,Towers with Radar,0,18,16,6,40,0,5,77,7,89,0,23,93,13,129,146,22,168,297
06/21/2000,CKB,WV,AEA,CE,Towers with Radar,0,16,10,9,35,0,0,17,1,18,0,16,27,10,53,14,0,14,67
06/22/2000,CKB,WV,AEA,CE,Towers with Radar,0,14,18,7,39,0,1,30,2,33,0,15,48,9,72,90,18,108,180
06/23/2000,CKB,WV,AEA,CE,Towers with Radar,0,13,16,7,36,0,0,79,7,86,0,13,95,14,122,184,42,226,348
06/24/2000,CKB,WV,AEA,CE,Towers with Radar,0,8,10,2,20,0,0,75,6,81,0,8,85,8,101,100,4,104,205
06/25/2000,CKB,WV,AEA,CE,Towers with Radar,0,10,9,2,21,0,0,42,0,42,0,10,51,2,63,8,0,8,71
06/26/2000,CKB,WV,AEA,CE,Towers with Radar,0,19,14,0,33,0,0,42,4,46,0,19,56,4,79,82,18,100,179
06/27/2000,CKB,WV,AEA,CE,Towers with Radar,0,18,22,13,53,0,0,3,0,3,0,18,25,13,56,8,2,10,66
06/28/2000,CKB,WV,AEA,CE,Towers with Radar,0,15,4,9,28,0,0,41,3,44,0,15,45,12,72,122,34,156,228
06/29/2000,CKB,WV,AEA,CE,Towers with Radar,0,18,16,6,40,0,1,61,6,68,0,19,77,12,108,81,8,89,197
06/30/2000,CKB,WV,AEA,CE,Towers with Radar,0,15,15,0,30,0,0,53,2,55,0,15,68,2,85,142,0,142,227
07/01/2000,CKB,WV,AEA,CE,Towers with Radar,0,9,16,0,25,0,2,77,0,79,0,11,93,0,104,122,0,122,226
07/02/2000,CKB,WV,AEA,CE,Towers with Radar,0,10,8,0,18,0,3,58,0,61,0,13,66,0,79,46,0,46,125
07/03/2000,CKB,WV,AEA,CE,Towers with Radar,0,6,15,0,21,0,4,27,0,31,0,10,42,0,52,24,0,24,76
07/04/2000,CKB,WV,AEA,CE,Towers with Radar,0,11,9,0,20,0,0,8,0,8,0,11,17,0,28,30,0,30,58
07/05/2000,CKB,WV,AEA,CE,Towers with Radar,0,11,9,2,22,0,12,47,3,62,0,23,56,5,84,122,2,124,208
07/06/2000,CKB,WV,AEA,CE,Towers with Radar,0,18,12,0,30,0,1,70,4,75,0,19,82,4,105,164,0,164,269
07/07/2000,CKB,WV,AEA,CE,Towers with Radar,0,13,12,1,26,0,0,56,6,62,0,13,68,7,88,88,14,102,190
07/08/2000,CKB,WV,AEA,CE,Towers with Radar,0,8,16,0,24,0,1,64,5,70,0,9,80,5,94,46,12,58,152
07/09/2000,CKB,WV,AEA,CE,Towers with Radar,0,14,18,0,32,0,0,94,11,105,0,14,112,11,137,48,10,58,195
07/10/2000,CKB,WV,AEA,CE,Towers with Radar,0,17,18,0,35,0,1,0,0,1,0,18,18,0,36,0,0,0,36
07/11/2000,CKB,WV,AEA,CE,Towers with Radar,0,17,16,6,39,0,0,16,1,17,0,17,32,7,56,50,0,50,106
07/12/2000,CKB,WV,AEA,CE,Towers with Radar,0,16,7,2,25,0,0,67,16,83,0,16,74,18,108,104,8,112,220
07/13/2000,CKB,WV,AEA,CE,Towers with Radar,0,16,17,0,33,0,0,53,5,58,0,16,70,5,91,142,0,142,233
07/14/2000,CKB,WV,AEA,CE,Towers with Radar,1,14,10,15,40,0,2,22,15,39,1,16,32,30,79,52,10,62,141
07/15/2000,CKB,WV,AEA,CE,Towers with Radar,0,8,6,2,16,0,0,9,0,9,0,8,15,2,25,2,0,2,27
07/16/2000,CKB,WV,AEA,CE,Towers with Radar,0,15,4,2,21,0,1,18,1,20,0,16,22,3,41,10,0,10,51
07/17/2000,CKB,WV,AEA,CE,Towers with Radar,0,20,26,10,56,0,1,34,3,38,0,21,60,13,94,146,38,184,278
07/18/2000,CKB,WV,AEA,CE,Towers with Radar,0,21,22,12,55,0,16,25,8,49,0,37,47,20,104,130,46,176,280
07/19/2000,CKB,WV,AEA,CE,Towers with Radar,0,17,5,11,33,0,0,1,0,1,0,17,6,11,34,0,0,0,34
07/20/2000,CKB,WV,AEA,CE,Towers with Radar,0,18,31,17,66,0,0,59,75,134,0,18,90,92,200,82,80,162,362
07/21/2000,CKB,WV,AEA,CE,Towers with Radar,0,17,15,6,38,0,0,50,35,85,0,17,65,41,123,116,30,146,269
07/22/2000,CKB,WV,AEA,CE,Towers with Radar,0,10,4,0,14,0,1,52,0,53,0,11,56,0,67,46,0,46,113
07/23/2000,CKB,WV,AEA,CE,Towers with Radar,0,10,11,2,23,0,0,53,0,53,0,10,64,2,76,44,0,44,120
07/24/2000,CKB,WV,AEA,CE,Towers with Radar,0,17,19,9,45,0,0,29,12,41,0,17,48,21,86,6,16,22,108
07/25/2000,CKB,WV,AEA,CE,Towers with Radar,0,16,18,8,42,0,0,55,6,61,0,16,73,14,103,72,28,100,203
07/26/2000,CKB,WV,AEA,CE,Towers with Radar,0,14,24,5,43,0,0,111,39,150,0,14,135,44,193,54,78,132,325
07/27/2000,CKB,WV,AEA,CE,Towers with Radar,0,18,21,8,47,0,0,70,12,82,0,18,91,20,129,106,36,142,271
07/28/2000,CKB,WV,AEA,CE,Towers with Radar,0,14,14,4,32,0,1,29,14,44,0,15,43,18,76,52,52,104,180
07/29/2000,CKB,WV,AEA,CE,Towers with Radar,0,13,9,2,24,0,3,4,6,13,0,16,13,8,37,0,46,46,83
07/30/2000,CKB,WV,AEA,CE,Towers with Radar,0,12,16,3,31,0,0,30,6,36,0,12,46,9,67,20,14,34,101
07/31/2000,CKB,WV,AEA,CE,Towers with Radar,0,16,11,9,36,0,2,42,28,72,0,18,53,37,108,110,116,226,334
08/01/2000,CKB,WV,AEA,CE,Towers with Radar,0,13,12,14,39,0,1,39,8,48,0,14,51,22,87,80,28,108,195
08/02/2000,CKB,WV,AEA,CE,Towers with Radar,0,15,26,7,48,0,2,73,69,144,0,17,99,76,192,180,68,248,440
08/03/2000,CKB,WV,AEA,CE,Towers with Radar,0,11,15,11,37,0,0,23,6,29,0,11,38,17,66,2,22,24,90
08/04/2000,CKB,WV,AEA,CE,Towers with Radar,0,20,20,5,45,0,0,10,0,10,0,20,30,5,55,10,0,10,65
08/05/2000,CKB,WV,AEA,CE,Towers with Radar,0,12,13,2,27,0,1,64,2,67,0,13,77,4,94,52,10,62,156
08/06/2000,CKB,WV,AEA,CE,Towers with Radar,0,9,8,1,18,0,1,10,1,12,0,10,18,2,30,6,0,6,36
08/07/2000,CKB,WV,AEA,CE,Towers with Radar,0,19,16,4,39,0,1,37,10,48,0,20,53,14,87,34,22,56,143
08/08/2000,CKB,WV,AEA,CE,Towers with Radar,0,16,15,7,38,0,2,20,4,26,0,18,35,11,64,88,10,98,162
08/09/2000,CKB,WV,AEA,CE,Towers with Radar,0,14,13,8,35,0,6,9,1,16,0,20,22,9,51,24,0,24,75
08/10/2000,CKB,WV,AEA,CE,Towers with Radar,0,15,27,7,49,0,2,31,7,40,0,17,58,14,89,30,10,40,129
08/11/2000,CKB,WV,AEA,CE,Towers with Radar,0,20,18,6,44,0,1,54,8,63,0,21,72,14,107,70,28,98,205
08/12/2000,CKB,WV,AEA,CE,Towers with Radar,0,10,9,2,21,0,3,56,0,59,0,13,65,2,80,40,2,42,122
08/13/2000,CKB,WV,AEA,CE,Towers with Radar,0,16,10,7,33,0,0,27,0,27,0,16,37,7,60,72,0,72,132
08/14/2000,CKB,WV,AEA,CE,Towers with Radar,0,19,29,12,60,1,0,53,6,60,1,19,82,18,120,122,40,162,282
08/15/2000,CKB,WV,AEA,CE,Towers with Radar,0,16,17,6,39,0,1,73,32,106,0,17,90,38,145,136,36,172,317
08/16/2000,CKB,WV,AEA,CE,Towers with Radar,0,19,13,9,41,0,1,40,6,47,0,20,53,15,88,90,46,136,224
08/17/2000,CKB,WV,AEA,CE,Towers with Radar,0,18,12,4,34,0,4,59,0,63,0,22,71,4,97,10,70,80,177
08/18/2000,CKB,WV,AEA,CE,Towers with Radar,0,23,8,3,34,0,0,6,0,6,0,23,14,3,40,10,0,10,50
08/19/2000,CKB,WV,AEA,CE,Towers with Radar,0,14,17,3,34,0,0,65,0,65,0,14,82,3,99,44,0,44,143
08/20/2000,CKB,WV,AEA,CE,Towers with Radar,0,11,9,0,20,0,0,39,0,39,0,11,48,0,59,30,0,30,89
08/21/2000,CKB,WV,AEA,CE,Towers with Radar,0,18,15,6,39,0,0,66,10,76,0,18,81,16,115,98,28,126,241
08/22/2000,CKB,WV,AEA,CE,Towers with Radar,0,18,16,6,40,0,4,63,11,78,0,22,79,17,118,60,60,120,238
08/23/2000,CKB,WV,AEA,CE,Towers with Radar,0,19,11,6,36,0,0,0,11,11,0,19,11,17,47,34,0,34,81
08/24/2000,CKB,WV,AEA,CE,Towers with Radar,0,22,19,7,48,0,0,18,10,28,0,22,37,17,76,2,0,2,78
08/25/2000,CKB,WV,AEA,CE,Towers with Radar,0,18,17,6,41,0,0,42,20,62,0,18,59,26,103,60,28,88,191
08/26/2000,CKB,WV,AEA,CE,Towers with Radar,0,5,8,3,16,0,0,37,0,37,0,5,45,3,53,44,4,48,101
08/27/2000,CKB,WV,AEA,CE,Towers with Radar,0,11,10,0,21,0,2,20,0,22,0,13,30,0,43,38,0,38,81
08/28/2000,CKB,WV,AEA,CE,Towers with Radar,0,21,18,6,45,1,7,40,10,58,1,28,58,16,103,138,46,184,287
08/29/2000,CKB,WV,AEA,CE,Towers with Radar,0,15,18,5,38,0,0,45,17,62,0,15,63,22,100,104,42,146,246
08/30/2000,CKB,WV,AEA,CE,Towers with Radar,0,18,17,5,40,0,5,66,50,121,0,23,83,55,161,54,136,190,351
08/31/2000,CKB,WV,AEA,CE,Towers with Radar,0,19,17,5,41,0,2,34,5,41,0,21,51,10,82,58,22,80,162
09/01/2000,CKB,WV,AEA,CE,Towers with Radar,0,16,18,7,41,0,4,29,9,42,0,20,47,16,83,42,34,76,159
09/02/2000,CKB,WV,AEA,CE,Towers with Radar,0,9,12,0,21,0,3,39,0,42,0,12,51,0,63,12,0,12,75
09/03/2000,CKB,WV,AEA,CE,Towers with Radar,0,6,9,0,15,0,4,1,0,5,0,10,10,0,20,6,0,6,26
09/04/2000,CKB,WV,AEA,CE,Towers with Radar,0,10,13,0,23,0,2,3,0,5,0,12,16,0,28,4,0,4,32
09/05/2000,CKB,WV,AEA,CE,Towers with Radar,0,13,16,5,34,0,0,43,14,57,0,13,59,19,91,46,52,98,189
09/06/2000,CKB,WV,AEA,CE,Towers with Radar,0,16,19,6,41,0,2,92,10,104,0,18,111,16,145,60,30,90,235
09/07/2000,CKB,WV,AEA,CE,Towers with Radar,0,18,21,6,45,0,3,110,14,127,0,21,131,20,172,134,46,180,352
09/08/2000,CKB,WV,AEA,CE,Towers with Radar,0,17,21,7,45,0,0,59,7,66,0,17,80,14,111,98,84,182,293
09/09/2000,CKB,WV,AEA,CE,Towers with Radar,0,6,12,0,18,0,0,22,0,22,0,6,34,0,40,50,0,50,90
09/10/2000,CKB,WV,AEA,CE,Towers with Radar,0,11,16,5,32,0,0,36,1,37,0,11,52,6,69,60,0,60,129
09/11/2000,CKB,WV,AEA,CE,Towers with Radar,0,11,19,6,36,0,0,33,21,54,0,11,52,27,90,126,54,180,270
09/12/2000,CKB,WV,AEA,CE,Towers with Radar,0,17,18,6,41,0,0,58,20,78,0,17,76,26,119,82,54,136,255
09/13/2000,CKB,WV,AEA,CE,Towers with Radar,0,17,18,6,41,0,3,52,2,57,0,20,70,8,98,40,2,42,140
09/14/2000,CKB,WV,AEA,CE,Towers with Radar,0,19,22,7,48,0,7,33,13,53,0,26,55,20,101,6,18,24,125
09/15/2000,CKB,WV,AEA,CE,Towers with Radar,0,17,21,7,45,0,0,39,1,40,0,17,60,8,85,84,64,148,233
09/16/2000,CKB,WV,AEA,CE,Towers with Radar,0,9,5,0,14,1,0,38,0,39,1,9,43,0,53,74,0,74,127
09/17/2000,CKB,WV,AEA,CE,Towers with Radar,0,8,20,0,28,0,1,70,2,73,0,9,90,2,101,46,0,46,147
09/18/2000,CKB,WV,AEA,CE,Towers with Radar,0,14,12,6,32,0,0,62,26,88,0,14,74,32,120,54,66,120,240
09/19/2000,CKB,WV,AEA,CE,Towers with Radar,0,15,24,8,47,0,1,63,6,70,0,16,87,14,117,88,46,134,251
09/20/2000,CKB,WV,AEA,CE,Towers with Radar,0,9,12,13,34,0,0,75,20,95,0,9,87,33,129,28,30,58,187
09/21/2000,CKB,WV,AEA,CE,Towers with Radar,0,21,21,2,44,0,2,66,0,68,0,23,87,2,112,20,0,20,132
09/22/2000,CKB,WV,AEA,CE,Towers with Radar,0,18,14,5,37,0,0,65,8,73,0,18,79,13,110,104,42,146,256
09/23/2000,CKB,WV,AEA,CE,Towers with Radar,0,9,11,2,22,0,6,35,1,42,0,15,46,3,64,16,0,16,80
09/24/2000,CKB,WV,AEA,CE,Towers with Radar,0,11,7,0,18,0,0,0,0,0,0,11,7,0,18,0,0,0,18
09/25/2000,CKB,WV,AEA,CE,Towers with Radar,0,18,23,13,54,0,0,0,0,0,0,18,23,13,54,0,0,0,54
09/26/2000,CKB,WV,AEA,CE,Towers with Radar,0,16,17,7,40,0,4,5,0,9,0,20,22,7,49,0,0,0,49
09/27/2000,CKB,WV,AEA,CE,Towers with Radar,2,21,17,9,49,0,0,66,2,68,2,21,83,11,117,28,0,28,145
09/28/2000,CKB,WV,AEA,CE,Towers with Radar,0,14,15,16,45,0,0,55,6,61,0,14,70,22,106,90,36,126,232
09/29/2000,CKB,WV,AEA,CE,Towers with Radar,0,18,11,3,32,0,0,35,0,35,0,18,46,3,67,46,0,46,113
09/30/2000,CKB,WV,AEA,CE,Towers with Radar,0,11,7,0,18,0,0,69,0,69,0,11,76,0,87,38,0,38,125
10/01/2000,CKB,WV,AEA,CE,Towers with Radar,0,10,14,0,24,0,1,67,0,68,0,11,81,0,92,64,0,64,156
10/02/2000,CKB,WV,AEA,CE,Towers with Radar,0,16,13,1,30,0,7,48,6,61,0,23,61,7,91,122,20,142,233
10/03/2000,CKB,WV,AEA,CE,Towers with Radar,0,19,10,5,34,1,2,81,15,99,1,21,91,20,133,140,18,158,291
10/04/2000,CKB,WV,AEA,CE,Towers with Radar,0,14,9,5,28,0,1,58,18,77,0,15,67,23,105,120,44,164,269
10/05/2000,CKB,WV,AEA,CE,Towers with Radar,0,18,24,4,46,0,0,42,6,48,0,18,66,10,94,208,2,210,304
10/06/2000,CKB,WV,AEA,CE,Towers with Radar,0,16,24,9,49,0,0,13,0,13,0,16,37,9,62,2,0,2,64
10/07/2000,CKB,WV,AEA,CE,Towers with Radar,0,8,26,0,34,0,7,36,0,43,0,15,62,0,77,82,0,82,159
10/08/2000,CKB,WV,AEA,CE,Towers with Radar,0,12,14,0,26,0,0,209,0,209,0,12,223,0,235,44,0,44,279
10/09/2000,CKB,WV,AEA,CE,Towers with Radar,0,15,9,0,24,0,3,5,0,8,0,18,14,0,32,6,0,6,38
10/10/2000,CKB,WV,AEA,CE,Towers with Radar,0,16,16,5,37,0,0,74,13,87,0,16,90,18,124,48,0,48,172
10/11/2000,CKB,WV,AEA,CE,Towers with Radar,2,21,17,4,44,1,1,95,16,113,3,22,112,20,157,162,56,218,375
10/12/2000,CKB,WV,AEA,CE,Towers with Radar,0,11,32,7,50,0,5,113,7,125,0,16,145,14,175,238,28,266,441
10/13/2000,CKB,WV,AEA,CE,Towers with Radar,0,16,10,5,31,0,0,170,17,187,0,16,180,22,218,172,32,204,422
10/14/2000,CKB,WV,AEA,CE,Towers with Radar,0,10,3,1,14,0,1,94,0,95,0,11,97,1,109,78,0,78,187
10/15/2000,CKB,WV,AEA,CE,Towers with Radar,0,10,17,1,28,0,0,70,1,71,0,10,87,2,99,34,0,34,133
10/16/2000,CKB,WV,AEA,CE,Towers with Radar,0,14,14,6,34,0,1,77,2,80,0,15,91,8,114,68,32,100,214
10/17/2000,CKB,WV,AEA,CE,Towers with Radar,0,24,20,20,64,0,0,6,0,6,0,24,26,20,70,2,0,2,72
10/18/2000,CKB,WV,AEA,CE,Towers with Radar,0,15,18,21,54,0,0,23,18,41,0,15,41,39,95,26,72,98,193
10/19/2000,CKB,WV,AEA,CE,Towers with Radar,2,15,27,9,53,0,0,48,14,62,2,15,75,23,115,138,58,196,311
10/20/2000,CKB,WV,AEA,CE,Towers with Radar,2,13,18,13,46,0,0,65,10,75,2,13,83,23,121,84,86,170,291
10/21/2000,CKB,WV,AEA,CE,Towers with Radar,2,11,18,0,31,0,0,75,2,77,2,11,93,2,108,98,0,98,206
10/22/2000,CKB,WV,AEA,CE,Towers with Radar,0,11,19,0,30,0,4,66,0,70,0,15,85,0,100,60,0,60,160
10/23/2000,CKB,WV,AEA,CE,Towers with Radar,0,16,29,10,55,0,0,96,19,115,0,16,125,29,170,200,90,290,460
10/24/2000,CKB,WV,AEA,CE,Towers with Radar,0,18,12,14,44,0,0,18,16,34,0,18,30,30,78,58,28,86,164
10/25/2000,CKB,WV,AEA,CE,Towers with Radar,0,17,8,5,30,0,1,30,8,39,0,18,38,13,69,97,24,121,190
10/26/2000,CKB,WV,AEA,CE,Towers with Radar,0,17,20,10,47,0,0,57,11,68,0,17,77,21,115,76,26,102,217
10/27/2000,CKB,WV,AEA,CE,Towers with Radar,0,15,11,16,42,0,2,67,21,90,0,17,78,37,132,66,44,110,242
10/28/2000,CKB,WV,AEA,CE,Towers with Radar,0,10,11,0,21,0,7,4,0,11,0,17,15,0,32,14,0,14,46
10/29/2000,CKB,WV,AEA,CE,Towers with Radar,0,9,2,0,11,0,0,78,0,78,0,9,80,0,89,93,0,93,182
10/30/2000,CKB,WV,AEA,CE,Towers with Radar,0,15,15,17,47,0,0,90,8,98,0,15,105,25,145,134,30,164,309
10/31/2000,CKB,WV,AEA,CE,Towers with Radar,0,15,15,15,45,0,0,117,2,119,0,15,132,17,164,142,22,164,328
11/01/2000,CKB,WV,AEA,CE,Towers with Radar,0,17,18,13,48,0,1,56,7,64,0,18,74,20,112,60,16,76,188
11/02/2000,CKB,WV,AEA,CE,Towers with Radar,0,14,13,14,41,0,0,75,10,85,0,14,88,24,126,116,2,118,244
11/03/2000,CKB,WV,AEA,CE,Towers with Radar,2,21,20,17,60,0,2,49,0,51,2,23,69,17,111,122,8,130,241
11/04/2000,CKB,WV,AEA,CE,Towers with Radar,2,6,16,0,24,0,2,60,2,64,2,8,76,2,88,86,0,86,174
11/05/2000,CKB,WV,AEA,CE,Towers with Radar,0,16,16,0,32,0,0,69,0,69,0,16,85,0,101,82,0,82,183
11/06/2000,CKB,WV,AEA,CE,Towers with Radar,0,17,20,4,41,0,2,64,1,67,0,19,84,5,108,102,0,102,210
11/07/2000,CKB,WV,AEA,CE,Towers with Radar,0,19,12,4,35,0,0,4,0,4,0,19,16,4,39,0,0,0,39
11/08/2000,CKB,WV,AEA,CE,Towers with Radar,0,17,15,14,46,0,0,53,6,59,0,17,68,20,105,92,16,108,213
11/09/2000,CKB,WV,AEA,CE,Towers with Radar,0,13,25,6,44,0,0,15,2,17,0,13,40,8,61,34,2,36,97
11/10/2000,CKB,WV,AEA,CE,Towers with Radar,0,2,10,0,12,0,0,5,11,16,0,2,15,11,28,0,0,0,28
11/11/2000,CKB,WV,AEA,CE,Towers with Radar,0,11,16,1,28,0,0,45,0,45,0,11,61,1,73,80,6,86,159
11/12/2000,CKB,WV,AEA,CE,Towers with Radar,0,13,12,0,25,0,1,81,0,82,0,14,93,0,107,56,0,56,163
11/13/2000,CKB,WV,AEA,CE,Towers with Radar,0,16,9,2,27,0,0,45,2,47,0,16,54,4,74,112,0,112,186
11/14/2000,CKB,WV,AEA,CE,Towers with Radar,0,15,10,0,25,0,3,22,0,25,0,18,32,0,50,134,0,134,184
11/15/2000,CKB,WV,AEA,CE,Towers with Radar,0,14,14,2,30,0,1,32,1,34,0,15,46,3,64,54,0,54,118
11/16/2000,CKB,WV,AEA,CE,Towers with Radar,0,14,10,0,24,0,1,25,0,26,0,15,35,0,50,46,24,70,120
11/17/2000,CKB,WV,AEA,CE,Towers with Radar,0,17,11,0,28,0,2,13,0,15,0,19,24,0,43,2,0,2,45
11/18/2000,CKB,WV,AEA,CE,Towers with Radar,0,10,16,0,26,0,0,30,0,30,0,10,46,0,56,14,0,14,70
11/19/2000,CKB,WV,AEA,CE,Towers with Radar,0,13,5,0,18,0,0,56,0,56,0,13,61,0,74,46,0,46,120
11/20/2000,CKB,WV,AEA,CE,Towers with Radar,0,15,5,0,20,0,2,7,0,9,0,17,12,0,29,8,0,8,37
11/21/2000,CKB,WV,AEA,CE,Towers with Radar,0,23,15,0,38,0,2,0,0,2,0,25,15,0,40,0,0,0,40
11/22/2000,CKB,WV,AEA,CE,Towers with Radar,0,15,12,0,27,0,0,40,0,40,0,15,52,0,67,26,0,26,93
11/23/2000,CKB,WV,AEA,CE,Towers with Radar,0,6,3,0,9,0,0,15,0,15,0,6,18,0,24,16,0,16,40
11/24/2000,CKB,WV,AEA,CE,Towers with Radar,0,7,2,0,9,0,1,44,0,45,0,8,46,0,54,74,0,74,128
11/25/2000,CKB,WV,AEA,CE,Towers with Radar,0,14,9,0,23,0,1,18,0,19,0,15,27,0,42,20,0,20,62
11/26/2000,CKB,WV,AEA,CE,Towers with Radar,0,10,8,0,18,0,2,6,0,8,0,12,14,0,26,10,0,10,36
11/27/2000,CKB,WV,AEA,CE,Towers with Radar,0,13,11,2,26,0,5,31,3,39,0,18,42,5,65,56,0,56,121
11/28/2000,CKB,WV,AEA,CE,Towers with Radar,0,14,17,3,34,0,0,17,1,18,0,14,34,4,52,56,0,56,108
11/29/2000,CKB,WV,AEA,CE,Towers with Radar,0,12,8,0,20,0,0,26,6,32,0,12,34,6,52,68,26,94,146
11/30/2000,CKB,WV,AEA,CE,Towers with Radar,0,15,19,0,34,0,0,6,0,6,0,15,25,0,40,6,0,6,46
12/01/2000,CKB,WV,AEA,CE,Towers with Radar,0,16,15,3,34,0,0,16,0,16,0,16,31,3,50,34,0,34,84
12/02/2000,CKB,WV,AEA,CE,Towers with Radar,0,11,21,0,32,0,1,38,0,39,0,12,59,0,71,66,0,66,137
12/03/2000,CKB,WV,AEA,CE,Towers with Radar,0,10,19,0,29,0,1,72,1,74,0,11,91,1,103,70,0,70,173
12/04/2000,CKB,WV,AEA,CE,Towers with Radar,0,15,16,3,34,0,1,62,6,69,0,16,78,9,103,154,6,160,263
12/05/2000,CKB,WV,AEA,CE,Towers with Radar,0,16,13,0,29,0,0,2,0,2,0,16,15,0,31,0,0,0,31
12/06/2000,CKB,WV,AEA,CE,Towers with Radar,0,20,23,2,45,0,0,74,10,84,0,20,97,12,129,194,22,216,345
12/07/2000,CKB,WV,AEA,CE,Towers with Radar,0,11,18,0,29,0,1,0,0,1,0,12,18,0,30,0,0,0,30
12/08/2000,CKB,WV,AEA,CE,Towers with Radar,0,13,9,3,25,0,6,14,3,23,0,19,23,6,48,38,20,58,106
12/09/2000,CKB,WV,AEA,CE,Towers with Radar,0,6,12,0,18,0,7,81,0,88,0,13,93,0,106,70,2,72,178
12/10/2000,CKB,WV,AEA,CE,Towers with Radar,0,10,0,0,10,0,1,3,0,4,0,11,3,0,14,16,0,16,30
12/11/2000,CKB,WV,AEA,CE,Towers with Radar,0,11,19,5,35,0,0,18,9,27,0,11,37,14,62,58,58,116,178
12/12/2000,CKB,WV,AEA,CE,Towers with Radar,0,14,14,1,29,0,0,3,1,4,0,14,17,2,33,0,2,2,35
12/13/2000,CKB,WV,AEA,CE,Towers with Radar,0,13,8,5,26,0,1,28,6,35,0,14,36,11,61,106,30,136,197
12/14/2000,CKB,WV,AEA,CE,Towers with Radar,0,14,9,8,31,0,1,0,0,1,0,15,9,8,32,0,0,0,32
12/15/2000,CKB,WV,AEA,CE,Towers with Radar,0,12,16,2,30,0,0,36,3,39,0,12,52,5,69,98,0,98,167
12/16/2000,CKB,WV,AEA,CE,Towers with Radar,0,8,6,0,14,0,5,10,0,15,0,13,16,0,29,4,0,4,33
12/17/2000,CKB,WV,AEA,CE,Towers with Radar,0,10,1,0,11,0,0,2,0,2,0,10,3,0,13,0,0,0,13
12/18/2000,CKB,WV,AEA,CE,Towers with Radar,0,15,12,1,28,0,1,37,1,39,0,16,49,2,67,16,0,16,83
12/19/2000,CKB,WV,AEA,CE,Towers with Radar,0,14,7,0,21,0,5,0,0,5,0,19,7,0,26,0,0,0,26
12/20/2000,CKB,WV,AEA,CE,Towers with Radar,0,17,11,0,28,0,3,23,2,28,0,20,34,2,56,4,0,4,60
12/21/2000,CKB,WV,AEA,CE,Towers with Radar,1,17,4,0,22,0,0,0,10,10,1,17,4,10,32,12,12,24,56
12/22/2000,CKB,WV,AEA,CE,Towers with Radar,0,16,8,0,24,0,1,2,0,3,0,17,10,0,27,0,0,0,27
12/23/2000,CKB,WV,AEA,CE,Towers with Radar,0,7,4,0,11,0,1,25,0,26,0,8,29,0,37,26,0,26,63
12/24/2000,CKB,WV,AEA,CE,Towers with Radar,0,9,0,0,9,0,0,5,0,5,0,9,5,0,14,0,0,0,14
12/25/2000,CKB,WV,AEA,CE,Towers with Radar,0,4,3,0,7,0,1,4,0,5,0,5,7,0,12,10,0,10,22
12/26/2000,CKB,WV,AEA,CE,Towers with Radar,0,14,2,0,16,0,0,32,0,32,0,14,34,0,48,20,0,20,68
12/27/2000,CKB,WV,AEA,CE,Towers with Radar,0,18,20,0,38,0,0,3,0,3,0,18,23,0,41,0,0,0,41
12/28/2000,CKB,WV,AEA,CE,Towers with Radar,0,18,16,5,39,0,2,49,1,52,0,20,65,6,91,22,0,22,113
12/29/2000,CKB,WV,AEA,CE,Towers with Radar,0,20,5,0,25,0,0,39,0,39,0,20,44,0,64,40,0,40,104
12/30/2000,CKB,WV,AEA,CE,Towers with Radar,0,9,2,0,11,0,0,0,0,0,0,9,2,0,11,0,0,0,11
12/31/2000,CKB,WV,AEA,CE,Towers with Radar,0,7,1,0,8,0,2,0,0,2,0,9,1,0,10,0,0,0,10
01/01/2001,CKB,WV,AEA,CE,Towers with Radar,0,8,2,0,10,0,1,3,0,4,0,9,5,0,14,0,0,0,14
01/02/2001,CKB,WV,AEA,CE,Towers with Radar,0,17,10,6,33,0,36,37,0,73,0,53,47,6,106,40,0,40,146
01/03/2001,CKB,WV,AEA,CE,Towers with Radar,0,20,7,0,27,0,0,25,0,25,0,20,32,0,52,32,0,32,84
01/04/2001,CKB,WV,AEA,CE,Towers with Radar,1,20,5,6,32,0,3,3,1,7,1,23,8,7,39,0,4,4,43
01/05/2001,CKB,WV,AEA,CE,Towers with Radar,0,16,0,0,16,0,0,3,0,3,0,16,3,0,19,2,0,2,21
01/06/2001,CKB,WV,AEA,CE,Towers with Radar,0,7,1,0,8,0,1,8,0,9,0,8,9,0,17,16,0,16,33
01/07/2001,CKB,WV,AEA,CE,Towers with Radar,0,11,10,0,21,0,1,52,0,53,0,12,62,0,74,116,0,116,190
01/08/2001,CKB,WV,AEA,CE,Towers with Radar,0,14,16,0,30,0,0,3,0,3,0,14,19,0,33,0,0,0,33
01/09/2001,CKB,WV,AEA,CE,Towers with Radar,0,18,12,8,38,0,0,32,2,34,0,18,44,10,72,36,4,40,112
01/10/2001,CKB,WV,AEA,CE,Towers with Radar,0,19,2,0,21,0,0,117,16,133,0,19,119,16,154,108,8,116,270
01/11/2001,CKB,WV,AEA,CE,Towers with Radar,1,17,13,0,31,2,1,102,2,107,3,18,115,2,138,90,6,96,234
01/12/2001,CKB,WV,AEA,CE,Towers with Radar,0,16,16,2,34,0,0,55,1,56,0,16,71,3,90,106,0,106,196
01/13/2001,CKB,WV,AEA,CE,Towers with Radar,0,10,16,0,26,0,0,58,0,58,0,10,74,0,84,46,0,46,130
01/14/2001,CKB,WV,AEA,CE,Towers with Radar,0,12,9,2,23,0,0,54,0,54,0,12,63,2,77,26,2,28,105
01/15/2001,CKB,WV,AEA,CE,Towers with Radar,0,17,11,0,28,0,6,49,0,55,0,23,60,0,83,62,0,62,145
01/16/2001,CKB,WV,AEA,CE,Towers with Radar,0,14,11,2,27,0,0,31,1,32,0,14,42,3,59,12,0,12,71
01/17/2001,CKB,WV,AEA,CE,Towers with Radar,0,19,13,3,35,0,0,18,2,20,0,19,31,5,55,26,42,68,123
01/18/2001,CKB,WV,AEA,CE,Towers with Radar,0,16,2,6,24,0,0,0,1,1,0,16,2,7,25,0,0,0,25
01/19/2001,CKB,WV,AEA,CE,Towers with Radar,0,15,5,1,21,0,0,0,1,1,0,15,5,2,22,0,0,0,22
01/20/2001,CKB,WV,AEA,CE,Towers with Radar,0,4,0,0,4,0,0,0,0,0,0,4,0,0,4,0,0,0,4
01/21/2001,CKB,WV,AEA,CE,Towers with Radar,0,15,12,0,27,0,0,5,0,5,0,15,17,0,32,6,0,6,38
01/22/2001,CKB,WV,AEA,CE,Towers with Radar,0,19,19,4,42,0,0,62,8,70,0,19,81,12,112,122,44,166,278
01/23/2001,CKB,WV,AEA,CE,Towers with Radar,0,15,22,6,43,0,0,110,42,152,0,15,132,48,195,144,60,204,399
01/24/2001,CKB,WV,AEA,CE,Towers with Radar,0,18,18,15,51,0,2,102,30,134,0,20,120,45,185,102,38,140,325
01/25/2001,CKB,WV,AEA,CE,Towers with Radar,0,26,9,5,40,0,0,34,0,34,0,26,43,5,74,44,30,74,148
01/26/2001,CKB,WV,AEA,CE,Towers with Radar,0,15,29,5,49,0,0,79,9,88,0,15,108,14,137,88,28,116,253
01/27/2001,CKB,WV,AEA,CE,Towers with Radar,0,11,1,0,12,0,0,0,0,0,0,11,1,0,12,0,0,0,12
01/28/2001,CKB,WV,AEA,CE,Towers with Radar,0,9,12,0,21,0,0,83,0,83,0,9,95,0,104,46,0,46,150
01/29/2001,CKB,WV,AEA,CE,Towers with Radar,0,18,11,11,40,0,0,113,62,175,0,18,124,73,215,86,98,184,399
01/30/2001,CKB,WV,AEA,CE,Towers with Radar,0,16,4,7,27,0,3,31,1,35,0,19,35,8,62,88,0,88,150
01/31/2001,CKB,WV,AEA,CE,Towers with Radar,0,16,16,12,44,0,1,23,1,25,0,17,39,13,69,14,44,58,127
02/01/2001,CKB,WV,AEA,CE,Towers with Radar,0,15,27,15,57,0,7,21,0,28,0,22,48,15,85,92,34,126,211
02/02/2001,CKB,WV,AEA,CE,Towers with Radar,0,18,10,2,30,0,0,0,0,0,0,18,10,2,30,0,0,0,30
02/03/2001,CKB,WV,AEA,CE,Towers with Radar,0,13,11,5,29,0,0,40,0,40,0,13,51,5,69,78,0,78,147
02/04/2001,CKB,WV,AEA,CE,Towers with Radar,0,14,9,2,25,0,1,59,0,60,0,15,68,2,85,140,0,140,225
02/05/2001,CKB,WV,AEA,CE,Towers with Radar,0,17,11,9,37,0,0,20,0,20,0,17,31,9,57,34,0,34,91
02/06/2001,CKB,WV,AEA,CE,Towers with Radar,1,19,14,14,48,0,0,49,0,49,1,19,63,14,97,56,4,60,157
02/07/2001,CKB,WV,AEA,CE,Towers with Radar,0,15,18,12,45,0,1,71,8,80,0,16,89,20,125,122,30,152,277
02/08/2001,CKB,WV,AEA,CE,Towers with Radar,0,16,26,10,52,0,0,58,7,65,0,16,84,17,117,48,8,56,173
02/09/2001,CKB,WV,AEA,CE,Towers with Radar,0,15,5,12,32,0,3,20,4,27,0,18,25,16,59,34,4,38,97
02/10/2001,CKB,WV,AEA,CE,Towers with Radar,0,8,7,1,16,0,0,32,0,32,0,8,39,1,48,52,0,52,100
02/11/2001,CKB,WV,AEA,CE,Towers with Radar,0,15,24,1,40,0,1,103,0,104,0,16,127,1,144,36,0,36,180
02/12/2001,CKB,WV,AEA,CE,Towers with Radar,0,18,11,3,32,0,1,57,13,71,0,19,68,16,103,108,22,130,233
02/13/2001,CKB,WV,AEA,CE,Towers with Radar,0,20,18,7,45,0,0,65,18,83,0,20,83,25,128,104,14,118,246
02/14/2001,CKB,WV,AEA,CE,Towers with Radar,0,19,9,5,33,0,3,7,0,10,0,22,16,5,43,60,0,60,103
02/15/2001,CKB,WV,AEA,CE,Towers with Radar,0,21,14,6,41,0,0,1,2,3,0,21,15,8,44,0,0,0,44
02/16/2001,CKB,WV,AEA,CE,Towers with Radar,0,18,13,0,31,0,0,4,0,4,0,18,17,0,35,12,0,12,47
02/17/2001,CKB,WV,AEA,CE,Towers with Radar,0,9,2,0,11,0,4,11,0,15,0,13,13,0,26,12,0,12,38
02/18/2001,CKB,WV,AEA,CE,Towers with Radar,0,11,8,0,19,0,2,49,0,51,0,13,57,0,70,14,0,14,84
02/19/2001,CKB,WV,AEA,CE,Towers with Radar,0,15,10,0,25,0,2,92,0,94,0,17,102,0,119,58,0,58,177
02/20/2001,CKB,WV,AEA,CE,Towers with Radar,0,24,12,3,39,0,10,47,19,76,0,34,59,22,115,42,0,42,157
02/21/2001,CKB,WV,AEA,CE,Towers with Radar,2,12,9,3,26,0,4,35,8,47,2,16,44,11,73,70,4,74,147
02/22/2001,CKB,WV,AEA,CE,Towers with Radar,0,18,16,0,34,0,3,0,0,3,0,21,16,0,37,0,0,0,37
02/23/2001,CKB,WV,AEA,CE,Towers with Radar,0,17,15,4,36,0,0,21,2,23,0,17,36,6,59,48,42,90,149
02/24/2001,CKB,WV,AEA,CE,Towers with Radar,0,9,13,0,22,0,0,51,0,51,0,9,64,0,73,24,0,24,97
02/25/2001,CKB,WV,AEA,CE,Towers with Radar,0,14,3,0,17,0,0,2,0,2,0,14,5,0,19,0,0,0,19
02/26/2001,CKB,WV,AEA,CE,Towers with Radar,0,17,14,6,37,0,17,90,23,130,0,34,104,29,167,54,132,186,353
02/27/2001,CKB,WV,AEA,CE,Towers with Radar,0,21,30,3,54,0,2,115,48,165,0,23,145,51,219,98,60,158,377
02/28/2001,CKB,WV,AEA,CE,Towers with Radar,0,18,13,19,50,0,0,10,2,12,0,18,23,21,62,32,32,64,126
03/01/2001,CKB,WV,AEA,CE,Towers with Radar,0,17,13,4,34,0,0,52,10,62,0,17,65,14,96,48,34,82,178
03/02/2001,CKB,WV,AEA,CE,Towers with Radar,0,18,5,2,25,0,1,16,0,17,0,19,21,2,42,100,50,150,192
03/03/2001,CKB,WV,AEA,CE,Towers with Radar,0,9,10,5,24,0,0,44,0,44,0,9,54,5,68,98,2,100,168
03/04/2001,CKB,WV,AEA,CE,Towers with Radar,0,9,4,0,13,0,4,9,0,13,0,13,13,0,26,32,0,32,58
03/05/2001,CKB,WV,AEA,CE,Towers with Radar,0,14,4,1,19,0,0,0,2,2,0,14,4,3,21,0,0,0,21
03/06/2001,CKB,WV,AEA,CE,Towers with Radar,0,17,1,0,18,0,0,0,0,0,0,17,1,0,18,0,0,0,18
03/07/2001,CKB,WV,AEA,CE,Towers with Radar,0,21,3,9,33,0,0,8,8,16,0,21,11,17,49,8,44,52,101
03/08/2001,CKB,WV,AEA,CE,Towers with Radar,0,18,7,8,33,0,0,22,1,23,0,18,29,9,56,36,12,48,104
03/09/2001,CKB,WV,AEA,CE,Towers with Radar,0,18,5,5,28,0,0,8,1,9,0,18,13,6,37,6,0,6,43
03/10/2001,CKB,WV,AEA,CE,Towers with Radar,0,10,5,0,15,0,0,46,0,46,0,10,51,0,61,46,0,46,107
03/11/2001,CKB,WV,AEA,CE,Towers with Radar,0,12,18,2,32,0,1,24,0,25,0,13,42,2,57,46,0,46,103
03/12/2001,CKB,WV,AEA,CE,Towers with Radar,0,22,11,4,37,0,8,47,2,57,0,30,58,6,94,58,0,58,152
03/13/2001,CKB,WV,AEA,CE,Towers with Radar,0,18,10,4,32,0,0,2,0,2,0,18,12,4,34,2,0,2,36
03/14/2001,CKB,WV,AEA,CE,Towers with Radar,0,20,14,2,36,0,4,23,1,28,0,24,37,3,64,18,0,18,82
03/15/2001,CKB,WV,AEA,CE,Towers with Radar,0,15,15,3,33,0,0,45,6,51,0,15,60,9,84,62,0,62,146
03/16/2001,CKB,WV,AEA,CE,Towers with Radar,0,12,10,0,22,0,0,40,0,40,0,12,50,0,62,84,10,94,156
03/17/2001,CKB,WV,AEA,CE,Towers with Radar,0,10,6,0,16,0,0,6,0,6,0,10,12,0,22,0,0,0,22
03/18/2001,CKB,WV,AEA,CE,Towers with Radar,1,14,16,0,31,0,0,83,0,83,1,14,99,0,114,48,0,48,162
03/19/2001,CKB,WV,AEA,CE,Towers with Radar,0,14,11,2,27,0,0,80,18,98,0,14,91,20,125,70,16,86,211
03/20/2001,CKB,WV,AEA,CE,Towers with Radar,1,18,12,3,34,0,3,48,6,57,1,21,60,9,91,112,34,146,237
03/21/2001,CKB,WV,AEA,CE,Towers with Radar,0,20,10,3,33,0,1,2,9,12,0,21,12,12,45,12,2,14,59
03/22/2001,CKB,WV,AEA,CE,Towers with Radar,0,21,8,4,33,0,3,28,14,45,0,24,36,18,78,46,50,96,174
03/23/2001,CKB,WV,AEA,CE,Towers with Radar,2,16,6,2,26,0,1,53,10,64,2,17,59,12,90,78,26,104,194
03/24/2001,CKB,WV,AEA,CE,Towers with Radar,0,14,2,0,16,0,0,14,0,14,0,14,16,0,30,0,0,0,30
03/25/2001,CKB,WV,AEA,CE,Towers with Radar,0,11,11,0,22,0,3,58,0,61,0,14,69,0,83,22,0,22,105
03/26/2001,CKB,WV,AEA,CE,Towers with Radar,0,11,17,8,36,0,0,55,21,76,0,11,72,29,112,108,54,162,274
03/27/2001,CKB,WV,AEA,CE,Towers with Radar,0,12,19,16,47,0,1,69,22,92,0,13,88,38,139,136,124,260,399
03/28/2001,CKB,WV,AEA,CE,Towers with Radar,1,13,19,5,38,0,5,118,29,152,1,18,137,34,190,122,78,200,390
03/29/2001,CKB,WV,AEA,CE,Towers with Radar,0,17,26,4,47,0,0,47,25,72,0,17,73,29,119,94,124,218,337
03/30/2001,CKB,WV,AEA,CE,Towers with Radar,0,18,12,12,42,0,0,0,0,0,0,18,12,12,42,0,0,0,42
03/31/2001,CKB,WV,AEA,CE,Towers with Radar,0,0,7,2,9,0,0,0,19,19,0,0,7,21,28,0,0,0,28
04/01/2001,CKB,WV,AEA,CE,Towers with Radar,0,9,4,0,13,0,0,13,0,13,0,9,17,0,26,8,0,8,34
04/02/2001,CKB,WV,AEA,CE,Towers with Radar,0,18,13,1,32,0,0,68,8,76,0,18,81,9,108,68,56,124,232
04/03/2001,CKB,WV,AEA,CE,Towers with Radar,0,17,22,11,50,0,1,61,19,81,0,18,83,30,131,130,62,192,323
04/04/2001,CKB,WV,AEA,CE,Towers with Radar,0,22,38,3,63,0,1,74,18,93,0,23,112,21,156,84,70,154,310
04/05/2001,CKB,WV,AEA,CE,Towers with Radar,0,12,23,12,47,0,0,65,13,78,0,12,88,25,125,126,46,172,297
04/06/2001,CKB,WV,AEA,CE,Towers with Radar,0,13,21,3,37,0,0,0,0,0,0,13,21,3,37,0,0,0,37
04/07/2001,CKB,WV,AEA,CE,Towers with Radar,0,8,12,0,20,0,0,38,0,38,0,8,50,0,58,4,0,4,62
04/08/2001,CKB,WV,AEA,CE,Towers with Radar,0,15,10,3,28,0,0,29,0,29,0,15,39,3,57,34,0,34,91
04/09/2001,CKB,WV,AEA,CE,Towers with Radar,0,14,19,21,54,0,3,36,0,39,0,17,55,21,93,50,12,62,155
04/10/2001,CKB,WV,AEA,CE,Towers with Radar,0,18,18,16,52,0,4,11,7,22,0,22,29,23,74,42,50,92,166
04/11/2001,CKB,WV,AEA,CE,Towers with Radar,0,15,10,14,39,0,4,23,9,36,0,19,33,23,75,70,48,118,193
04/12/2001,CKB,WV,AEA,CE,Towers with Radar,0,14,4,5,23,0,3,24,13,40,0,17,28,18,63,32,2,34,97
04/13/2001,CKB,WV,AEA,CE,Towers with Radar,0,21,19,7,47,0,0,82,14,96,0,21,101,21,143,68,26,94,237
04/14/2001,CKB,WV,AEA,CE,Towers with Radar,0,11,8,0,19,0,0,59,0,59,0,11,67,0,78,36,0,36,114
04/15/2001,CKB,WV,AEA,CE,Towers with Radar,0,9,2,0,11,0,1,13,0,14,0,10,15,0,25,12,0,12,37
04/16/2001,CKB,WV,AEA,CE,Towers with Radar,0,15,16,4,35,0,0,17,0,17,0,15,33,4,52,28,0,28,80
04/17/2001,CKB,WV,AEA,CE,Towers with Radar,0,16,10,10,36,0,2,10,5,17,0,18,20,15,53,38,0,38,91
04/18/2001,CKB,WV,AEA,CE,Towers with Radar,0,16,14,9,39,0,0,11,10,21,0,16,25,19,60,4,32,36,96
04/19/2001,CKB,WV,AEA,CE,Towers with Radar,0,16,25,0,41,0,3,45,7,55,0,19,70,7,96,32,0,32,128
04/20/2001,CKB,WV,AEA,CE,Towers with Radar,0,15,21,13,49,0,2,33,0,35,0,17,54,13,84,42,0,42,126
04/21/2001,CKB,WV,AEA,CE,Towers with Radar,0,6,23,0,29,0,0,54,0,54,0,6,77,0,83,84,0,84,167
04/22/2001,CKB,WV,AEA,CE,Towers with Radar,0,11,16,0,27,0,0,50,1,51,0,11,66,1,78,80,0,80,158
04/23/2001,CKB,WV,AEA,CE,Towers with Radar,0,14,20,1,35,0,0,73,5,78,0,14,93,6,113,120,24,144,257
04/24/2001,CKB,WV,AEA,CE,Towers with Radar,0,13,23,0,36,0,0,34,0,34,0,13,57,0,70,102,0,102,172
04/25/2001,CKB,WV,AEA,CE,Towers with Radar,0,12,15,10,37,0,0,101,19,120,0,12,116,29,157,88,36,124,281
04/26/2001,CKB,WV,AEA,CE,Towers with Radar,0,19,21,7,47,0,4,117,17,138,0,23,138,24,185,94,6,100,285
04/27/2001,CKB,WV,AEA,CE,Towers with Radar,3,19,22,5,49,0,0,76,0,76,3,19,98,5,125,48,0,48,173
04/28/2001,CKB,WV,AEA,CE,Towers with Radar,0,7,12,0,19,0,0,80,0,80,0,7,92,0,99,152,0,152,251
04/29/2001,CKB,WV,AEA,CE,Towers with Radar,0,11,9,0,20,0,1,85,0,86,0,12,94,0,106,94,0,94,200
04/30/2001,CKB,WV,AEA,CE,Towers with Radar,0,15,15,3,33,0,0,89,14,103,0,15,104,17,136,148,32,180,316
05/01/2001,CKB,WV,AEA,CE,Towers with Radar,0,17,19,9,45,0,1,49,19,69,0,18,68,28,114,48,52,100,214
05/02/2001,CKB,WV,AEA,CE,Towers with Radar,1,19,10,10,40,0,2,83,31,116,1,21,93,41,156,108,126,234,390
05/03/2001,CKB,WV,AEA,CE,Towers with Radar,0,15,12,13,40,0,0,56,1,57,0,15,68,14,97,70,36,106,203
05/04/2001,CKB,WV,AEA,CE,Towers with Radar,0,16,7,7,30,0,4,52,16,72,0,20,59,23,102,80,78,158,260
05/05/2001,CKB,WV,AEA,CE,Towers with Radar,0,7,10,0,17,0,0,29,6,35,0,7,39,6,52,84,0,84,136
05/06/2001,CKB,WV,AEA,CE,Towers with Radar,0,13,5,0,18,0,0,34,2,36,0,13,39,2,54,6,0,6,60
05/07/2001,CKB,WV,AEA,CE,Towers with Radar,1,15,11,12,39,0,0,69,9,78,1,15,80,21,117,100,74,174,291
05/08/2001,CKB,WV,AEA,CE,Towers with Radar,0,13,16,16,45,0,0,25,1,26,0,13,41,17,71,124,4,128,199
05/09/2001,CKB,WV,AEA,CE,Towers with Radar,0,15,13,11,39,0,2,74,10,86,0,17,87,21,125,106,42,148,273
05/10/2001,CKB,WV,AEA,CE,Towers with Radar,0,15,17,1,33,0,0,103,2,105,0,15,120,3,138,116,93,209,347
05/11/2001,CKB,WV,AEA,CE,Towers with Radar,0,12,20,5,37,0,0,56,7,63,0,12,76,12,100,104,52,156,256
05/12/2001,CKB,WV,AEA,CE,Towers with Radar,0,10,5,0,15,0,0,29,0,29,0,10,34,0,44,8,0,8,52
05/13/2001,CKB,WV,AEA,CE,Towers with Radar,0,12,14,4,30,0,0,70,0,70,0,12,84,4,100,50,0,50,150
05/14/2001,CKB,WV,AEA,CE,Towers with Radar,0,14,11,10,35,0,1,50,5,56,0,15,61,15,91,102,62,164,255
05/15/2001,CKB,WV,AEA,CE,Towers with Radar,0,16,13,9,38,0,0,15,19,34,0,16,28,28,72,38,10,48,120
05/16/2001,CKB,WV,AEA,CE,Towers with Radar,0,16,7,7,30,0,6,9,0,15,0,22,16,7,45,32,4,36,81
05/17/2001,CKB,WV,AEA,CE,Towers with Radar,0,14,15,6,35,0,0,50,16,66,0,14,65,22,101,152,48,200,301
05/18/2001,CKB,WV,AEA,CE,Towers with Radar,0,16,13,0,29,0,0,16,0,16,0,16,29,0,45,28,0,28,73
05/19/2001,CKB,WV,AEA,CE,Towers with Radar,0,6,16,0,22,0,0,25,0,25,0,6,41,0,47,72,0,72,119
05/20/2001,CKB,WV,AEA,CE,Towers with Radar,0,12,20,0,32,0,0,44,0,44,0,12,64,0,76,44,0,44,120
05/21/2001,CKB,WV,AEA,CE,Towers with Radar,0,14,4,4,22,0,0,63,28,91,0,14,67,32,113,110,56,166,279
05/22/2001,CKB,WV,AEA,CE,Towers with Radar,0,17,4,5,26,0,0,16,8,24,0,17,20,13,50,32,82,114,164
05/23/2001,CKB,WV,AEA,CE,Towers with Radar,0,20,25,5,50,0,0,90,71,161,0,20,115,76,211,52,34,86,297
05/24/2001,CKB,WV,AEA,CE,Towers with Radar,0,15,9,9,33,0,0,58,15,73,0,15,67,24,106,112,88,200,306
05/25/2001,CKB,WV,AEA,CE,Towers with Radar,0,25,27,17,69,0,0,22,24,46,0,25,49,41,115,26,28,54,169
05/26/2001,CKB,WV,AEA,CE,Towers with Radar,0,7,9,0,16,0,0,47,0,47,0,7,56,0,63,56,0,56,119
05/27/2001,CKB,WV,AEA,CE,Towers with Radar,0,7,1,0,8,0,0,1,8,9,0,7,2,8,17,0,0,0,17
05/28/2001,CKB,WV,AEA,CE,Towers with Radar,0,11,13,0,24,0,0,48,0,48,0,11,61,0,72,100,0,100,172
05/29/2001,CKB,WV,AEA,CE,Towers with Radar,0,18,29,12,59,0,0,64,12,76,0,18,93,24,135,116,54,170,305
05/30/2001,CKB,WV,AEA,CE,Towers with Radar,0,15,15,8,38,0,0,83,7,90,0,15,98,15,128,96,36,132,260
05/31/2001,CKB,WV,AEA,CE,Towers with Radar,0,21,18,8,47,0,0,117,7,124,0,21,135,15,171,180,20,200,371
06/01/2001,CKB,WV,AEA,CE,Towers with Radar,0,18,12,0,30,0,1,12,0,13,0,19,24,0,43,44,0,44,87
06/02/2001,CKB,WV,AEA,CE,Towers with Radar,0,8,7,0,15,0,0,43,9,52,0,8,50,9,67,86,2,88,155
06/03/2001,CKB,WV,AEA,CE,Towers with Radar,0,12,11,4,27,0,0,27,6,33,0,12,38,10,60,30,0,30,90
06/04/2001,CKB,WV,AEA,CE,Towers with Radar,0,17,18,11,46,0,1,87,9,97,0,18,105,20,143,136,40,176,319
06/05/2001,CKB,WV,AEA,CE,Towers with Radar,0,20,21,5,46,0,0,83,11,94,0,20,104,16,140,132,30,162,302
06/06/2001,CKB,WV,AEA,CE,Towers with Radar,0,20,16,14,50,0,1,26,25,52,0,21,42,39,102,42,4,46,148
06/07/2001,CKB,WV,AEA,CE,Towers with Radar,0,19,21,18,58,0,0,79,20,99,0,19,100,38,157,58,10,68,225
06/08/2001,CKB,WV,AEA,CE,Towers with Radar,0,14,20,7,41,0,0,69,6,75,0,14,89,13,116,138,8,146,262
06/09/2001,CKB,WV,AEA,CE,Towers with Radar,0,7,6,0,13,0,14,64,3,81,0,21,70,3,94,64,4,68,162
06/10/2001,CKB,WV,AEA,CE,Towers with Radar,0,9,17,0,26,0,1,59,0,60,0,10,76,0,86,42,0,42,128
06/11/2001,CKB,WV,AEA,CE,Towers with Radar,0,15,12,9,36,0,0,85,8,93,0,15,97,17,129,66,18,84,213
06/12/2001,CKB,WV,AEA,CE,Towers with Radar,0,16,19,14,49,0,1,59,13,73,0,17,78,27,122,94,10,104,226
06/13/2001,CKB,WV,AEA,CE,Towers with Radar,0,15,21,10,46,0,1,58,8,67,0,16,79,18,113,50,18,68,181
06/14/2001,CKB,WV,AEA,CE,Towers with Radar,0,18,18,5,41,0,1,33,3,37,0,19,51,8,78,58,20,78,156
06/15/2001,CKB,WV,AEA,CE,Towers with Radar,0,16,28,3,47,0,1,63,7,71,0,17,91,10,118,192,10,202,320
06/16/2001,CKB,WV,AEA,CE,Towers with Radar,0,8,7,0,15,0,1,12,0,13,0,9,19,0,28,22,0,22,50
06/17/2001,CKB,WV,AEA,CE,Towers with Radar,2,11,10,1,24,0,3,164,2,169,2,14,174,3,193,112,4,116,309
06/18/2001,CKB,WV,AEA,CE,Towers with Radar,0,14,16,12,42,0,1,124,3,128,0,15,140,15,170,134,14,148,318
06/19/2001,CKB,WV,AEA,CE,Towers with Radar,1,16,7,12,36,0,0,121,17,138,1,16,128,29,174,108,4,112,286
06/20/2001,CKB,WV,AEA,CE,Towers with Radar,0,14,11,17,42,1,2,86,17,106,1,16,97,34,148,108,50,158,306
06/21/2001,CKB,WV,AEA,CE,Towers with Radar,0,18,6,10,34,0,0,43,6,49,0,18,49,16,83,66,48,114,197
06/22/2001,CKB,WV,AEA,CE,Towers with Radar,0,12,6,11,29,0,0,21,6,27,0,12,27,17,56,30,10,40,96
06/23/2001,CKB,WV,AEA,CE,Towers with Radar,0,8,24,1,33,0,0,37,0,37,0,8,61,1,70,56,0,56,126
06/24/2001,CKB,WV,AEA,CE,Towers with Radar,0,12,14,0,26,0,1,97,0,98,0,13,111,0,124,62,0,62,186
06/25/2001,CKB,WV,AEA,CE,Towers with Radar,0,14,9,9,32,0,0,96,7,103,0,14,105,16,135,116,16,132,267
06/26/2001,CKB,WV,AEA,CE,Towers with Radar,1,16,10,7,34,0,2,78,11,91,1,18,88,18,125,122,24,146,271
06/27/2001,CKB,WV,AEA,CE,Towers with Radar,0,16,12,5,33,0,1,96,7,104,0,17,108,12,137,196,32,228,365
06/28/2001,CKB,WV,AEA,CE,Towers with Radar,0,12,25,10,47,0,0,41,6,47,0,12,66,16,94,176,16,192,286
06/29/2001,CKB,WV,AEA,CE,Towers with Radar,0,14,19,4,37,0,0,18,0,18,0,14,37,4,55,100,12,112,167
06/30/2001,CKB,WV,AEA,CE,Towers with Radar,0,7,11,0,18,0,0,67,0,67,0,7,78,0,85,110,0,110,195
07/01/2001,CKB,WV,AEA,CE,Towers with Radar,0,7,2,3,12,0,1,7,1,9,0,8,9,4,21,14,6,20,41
07/02/2001,CKB,WV,AEA,CE,Towers with Radar,0,16,15,0,31,0,1,90,0,91,0,17,105,0,122,86,0,86,208
07/03/2001,CKB,WV,AEA,CE,Towers with Radar,0,18,16,0,34,0,0,153,2,155,0,18,169,2,189,54,0,54,243
07/04/2001,CKB,WV,AEA,CE,Towers with Radar,0,8,15,0,23,0,0,16,0,16,0,8,31,0,39,2,0,2,41
07/05/2001,CKB,WV,AEA,CE,Towers with Radar,0,19,13,2,34,0,0,17,0,17,0,19,30,2,51,4,0,4,55
07/06/2001,CKB,WV,AEA,CE,Towers with Radar,0,18,12,7,37,0,0,64,6,70,0,18,76,13,107,106,0,106,213
07/07/2001,CKB,WV,AEA,CE,Towers with Radar,0,8,12,0,20,0,0,53,2,55,0,8,65,2,75,24,0,24,99
07/08/2001,CKB,WV,AEA,CE,Towers with Radar,0,15,2,0,17,0,0,8,0,8,0,15,10,0,25,0,0,0,25
07/09/2001,CKB,WV,AEA,CE,Towers with Radar,0,19,10,1,30,0,0,113,3,116,0,19,123,4,146,76,6,82,228
07/10/2001,CKB,WV,AEA,CE,Towers with Radar,0,13,14,7,34,0,0,2,3,5,0,13,16,10,39,0,14,14,53
07/11/2001,CKB,WV,AEA,CE,Towers with Radar,0,16,13,5,34,0,0,42,4,46,0,16,55,9,80,42,16,58,138
07/12/2001,CKB,WV,AEA,CE,Towers with Radar,0,14,21,7,42,0,0,74,11,85,0,14,95,18,127,125,26,151,278
07/13/2001,CKB,WV,AEA,CE,Towers with Radar,0,14,15,6,35,0,0,69,4,73,0,14,84,10,108,116,8,124,232
07/14/2001,CKB,WV,AEA,CE,Towers with Radar,0,10,6,0,16,0,2,72,0,74,0,12,78,0,90,50,0,50,140
07/15/2001,CKB,WV,AEA,CE,Towers with Radar,0,11,7,0,18,0,0,73,8,81,0,11,80,8,99,22,0,22,121
07/16/2001,CKB,WV,AEA,CE,Towers with Radar,0,25,17,4,46,0,0,69,40,109,0,25,86,44,155,52,44,96,251
07/17/2001,CKB,WV,AEA,CE,Towers with Radar,0,20,14,11,45,0,1,20,19,40,0,21,34,30,85,28,30,58,143
07/18/2001,CKB,WV,AEA,CE,Towers with Radar,0,18,9,0,27,0,3,1,2,6,0,21,10,2,33,12,0,12,45
07/19/2001,CKB,WV,AEA,CE,Towers with Radar,0,18,23,8,49,0,0,28,3,31,0,18,51,11,80,34,12,46,126
07/20/2001,CKB,WV,AEA,CE,Towers with Radar,0,19,17,7,43,0,2,48,30,80,0,21,65,37,123,162,70,232,355
07/21/2001,CKB,WV,AEA,CE,Towers with Radar,0,10,19,2,31,0,1,81,0,82,0,11,100,2,113,36,0,36,149
07/22/2001,CKB,WV,AEA,CE,Towers with Radar,0,15,16,0,31,0,1,59,0,60,0,16,75,0,91,58,0,58,149
07/23/2001,CKB,WV,AEA,CE,Towers with Radar,0,14,21,3,38,0,0,57,30,87,0,14,78,33,125,120,66,186,311
07/24/2001,CKB,WV,AEA,CE,Towers with Radar,0,14,23,3,40,0,0,57,40,97,0,14,80,43,137,58,72,130,267
07/25/2001,CKB,WV,AEA,CE,Towers with Radar,0,18,17,3,38,0,0,46,20,66,0,18,63,23,104,98,56,154,258
07/26/2001,CKB,WV,AEA,CE,Towers with Radar,0,15,16,0,31,0,0,4,0,4,0,15,20,0,35,4,0,4,39
07/27/2001,CKB,WV,AEA,CE,Towers with Radar,0,20,21,9,50,0,4,74,34,112,0,24,95,43,162,104,96,200,362
07/28/2001,CKB,WV,AEA,CE,Towers with Radar,0,9,20,0,29,0,0,15,0,15,0,9,35,0,44,16,2,18,62
07/29/2001,CKB,WV,AEA,CE,Towers with Radar,0,14,5,0,19,0,0,2,2,4,0,14,7,2,23,0,0,0,23
07/30/2001,CKB,WV,AEA,CE,Towers with Radar,0,20,21,36,77,0,0,29,0,29,0,20,50,36,106,40,18,58,164
07/31/2001,CKB,WV,AEA,CE,Towers with Radar,0,16,31,14,61,0,0,61,4,65,0,16,92,18,126,62,82,144,270
08/01/2001,CKB,WV,AEA,CE,Towers with Radar,0,16,27,17,60,0,0,52,30,82,0,16,79,47,142,109,44,153,295
08/02/2001,CKB,WV,AEA,CE,Towers with Radar,0,17,17,14,48,0,0,54,8,62,0,17,71,22,110,98,68,166,276
08/03/2001,CKB,WV,AEA,CE,Towers with Radar,0,26,19,15,60,0,0,14,1,15,0,26,33,16,75,6,0,6,81
08/04/2001,CKB,WV,AEA,CE,Towers with Radar,0,12,10,0,22,0,0,17,0,17,0,12,27,0,39,46,0,46,85
08/05/2001,CKB,WV,AEA,CE,Towers with Radar,0,11,11,0,22,0,2,39,0,41,0,13,50,0,63,32,0,32,95
08/06/2001,CKB,WV,AEA,CE,Towers with Radar,0,14,22,18,54,0,0,53,1,54,0,14,75,19,108,86,12,98,206
08/07/2001,CKB,WV,AEA,CE,Towers with Radar,0,15,24,15,54,0,0,18,0,18,0,15,42,15,72,26,8,34,106
08/08/2001,CKB,WV,AEA,CE,Towers with Radar,0,13,5,16,34,0,0,12,3,15,0,13,17,19,49,0,6,6,55
08/09/2001,CKB,WV,AEA,CE,Towers with Radar,0,13,25,11,49,0,0,12,3,15,0,13,37,14,64,12,8,20,84
08/10/2001,CKB,WV,AEA,CE,Towers with Radar,0,12,15,0,27,0,1,0,0,1,0,13,15,0,28,0,0,0,28
08/11/2001,CKB,WV,AEA,CE,Towers with Radar,0,10,9,0,19,0,3,0,0,3,0,13,9,0,22,0,0,0,22
08/12/2001,CKB,WV,AEA,CE,Towers with Radar,0,12,3,0,15,0,0,0,0,0,0,12,3,0,15,0,0,0,15
08/13/2001,CKB,WV,AEA,CE,Towers with Radar,0,15,23,7,45,0,0,25,0,25,0,15,48,7,70,8,0,8,78
08/14/2001,CKB,WV,AEA,CE,Towers with Radar,0,18,18,16,52,0,0,54,6,60,0,18,72,22,112,48,38,86,198
08/15/2001,CKB,WV,AEA,CE,Towers with Radar,0,15,21,10,46,0,2,57,7,66,0,17,78,17,112,60,30,90,202
08/16/2001,CKB,WV,AEA,CE,Towers with Radar,0,15,13,3,31,0,3,37,26,66,0,18,50,29,97,74,32,106,203
08/17/2001,CKB,WV,AEA,CE,Towers with Radar,0,19,11,8,38,0,0,32,3,35,0,19,43,11,73,12,8,20,93
08/18/2001,CKB,WV,AEA,CE,Towers with Radar,0,10,15,1,26,0,0,46,2,48,0,10,61,3,74,32,0,32,106
08/19/2001,CKB,WV,AEA,CE,Towers with Radar,0,14,6,1,21,0,0,26,2,28,0,14,32,3,49,10,0,10,59
08/20/2001,CKB,WV,AEA,CE,Towers with Radar,0,13,16,4,33,0,0,14,0,14,0,13,30,4,47,36,2,38,85
08/21/2001,CKB,WV,AEA,CE,Towers with Radar,0,17,14,3,34,0,0,48,15,63,0,17,62,18,97,48,72,120,217
08/22/2001,CKB,WV,AEA,CE,Towers with Radar,0,17,16,3,36,0,1,48,12,61,0,18,64,15,97,88,88,176,273
08/23/2001,CKB,WV,AEA,CE,Towers with Radar,0,16,9,12,37,0,0,17,23,40,0,16,26,35,77,2,64,66,143
08/24/2001,CKB,WV,AEA,CE,Towers with Radar,0,20,29,9,58,0,0,41,2,43,0,20,70,11,101,2,28,30,131
08/25/2001,CKB,WV,AEA,CE,Towers with Radar,0,12,11,0,23,0,0,70,0,70,0,12,81,0,93,56,0,56,149
08/26/2001,CKB,WV,AEA,CE,Towers with Radar,0,11,14,0,25,0,2,14,0,16,0,13,28,0,41,20,0,20,61
08/27/2001,CKB,WV,AEA,CE,Towers with Radar,0,17,24,4,45,0,0,30,11,41,0,17,54,15,86,70,14,84,170
08/28/2001,CKB,WV,AEA,CE,Towers with Radar,0,17,24,4,45,0,37,4,4,45,0,54,28,8,90,60,10,70,160
08/29/2001,CKB,WV,AEA,CE,Towers with Radar,0,17,30,4,51,0,9,37,11,57,0,26,67,15,108,52,20,72,180
08/30/2001,CKB,WV,AEA,CE,Towers with Radar,0,15,24,4,43,0,5,77,7,89,0,20,101,11,132,128,50,178,310
08/31/2001,CKB,WV,AEA,CE,Towers with Radar,2,19,17,8,46,0,0,5,1,6,2,19,22,9,52,16,0,16,68
09/01/2001,CKB,WV,AEA,CE,Towers with Radar,2,13,14,0,29,0,0,56,0,56,2,13,70,0,85,42,0,42,127
09/02/2001,CKB,WV,AEA,CE,Towers with Radar,0,7,12,0,19,0,1,63,0,64,0,8,75,0,83,94,0,94,177
09/03/2001,CKB,WV,AEA,CE,Towers with Radar,0,11,23,0,34,0,0,52,0,52,0,11,75,0,86,86,0,86,172
09/04/2001,CKB,WV,AEA,CE,Towers with Radar,0,20,25,7,52,0,0,15,5,20,0,20,40,12,72,12,0,12,84
09/05/2001,CKB,WV,AEA,CE,Towers with Radar,0,18,12,5,35,0,0,68,5,73,0,18,80,10,108,40,0,40,148
09/06/2001,CKB,WV,AEA,CE,Towers with Radar,0,20,16,1,37,0,0,92,13,105,0,20,108,14,142,122,52,174,316
09/07/2001,CKB,WV,AEA,CE,Towers with Radar,0,15,14,11,40,0,1,58,4,63,0,16,72,15,103,64,6,70,173
09/08/2001,CKB,WV,AEA,CE,Towers with Radar,0,8,6,6,20,0,0,37,6,43,0,8,43,12,63,26,104,130,193
09/09/2001,CKB,WV,AEA,CE,Towers with Radar,0,11,9,8,28,0,1,38,30,69,0,12,47,38,97,2,10,12,109
09/10/2001,CKB,WV,AEA,CE,Towers with Radar,0,15,11,2,28,0,1,33,17,51,0,16,44,19,79,38,38,76,155
09/11/2001,CKB,WV,AEA,CE,Towers with Radar,0,1,1,0,2,0,0,0,6,6,0,1,1,6,8,0,12,12,20
09/12/2001,CKB,WV,AEA,CE,Towers with Radar,0,0,0,0,0,0,0,0,0,0,0,0,0,0,0,0,0,0,0
09/13/2001,CKB,WV,AEA,CE,Towers with Radar,0,2,0,0,2,0,0,0,3,3,0,2,0,3,5,0,0,0,5
09/14/2001,CKB,WV,AEA,CE,Towers with Radar,0,16,0,4,20,0,0,0,2,2,0,16,0,6,22,0,42,42,64
09/15/2001,CKB,WV,AEA,CE,Towers with Radar,0,12,13,0,25,0,0,2,0,2,0,12,15,0,27,0,0,0,27
09/16/2001,CKB,WV,AEA,CE,Towers with Radar,0,11,14,0,25,0,0,0,0,0,0,11,14,0,25,2,0,2,27
09/17/2001,CKB,WV,AEA,CE,Towers with Radar,0,12,6,6,24,0,0,0,1,1,0,12,6,7,25,0,14,14,39
09/18/2001,CKB,WV,AEA,CE,Towers with Radar,0,26,11,9,46,0,2,6,23,31,0,28,17,32,77,0,44,44,121
09/19/2001,CKB,WV,AEA,CE,Towers with Radar,0,12,11,9,32,0,0,6,15,21,0,12,17,24,53,16,6,22,75
09/20/2001,CKB,WV,AEA,CE,Towers with Radar,0,15,9,4,28,0,4,0,2,6,0,19,9,6,34,4,22,26,60
09/21/2001,CKB,WV,AEA,CE,Towers with Radar,0,13,18,6,37,0,0,21,3,24,0,13,39,9,61,6,8,14,75
09/22/2001,CKB,WV,AEA,CE,Towers with Radar,0,7,11,9,27,0,0,23,12,35,0,7,34,21,62,52,34,86,148
09/23/2001,CKB,WV,AEA,CE,Towers with Radar,0,9,16,0,25,0,0,68,0,68,0,9,84,0,93,50,0,50,143
09/24/2001,CKB,WV,AEA,CE,Towers with Radar,0,10,4,10,24,0,0,1,3,4,0,10,5,13,28,0,0,0,28
09/25/2001,CKB,WV,AEA,CE,Towers with Radar,0,13,12,9,34,0,0,10,0,10,0,13,22,9,44,14,0,14,58
09/26/2001,CKB,WV,AEA,CE,Towers with Radar,0,9,22,10,41,0,2,45,1,48,0,11,67,11,89,70,0,70,159
09/27/2001,CKB,WV,AEA,CE,Towers with Radar,0,12,26,13,51,0,2,53,12,67,0,14,79,25,118,62,0,62,180
09/28/2001,CKB,WV,AEA,CE,Towers with Radar,0,10,16,5,31,0,0,42,7,49,0,10,58,12,80,44,10,54,134
09/29/2001,CKB,WV,AEA,CE,Towers with Radar,0,8,20,0,28,0,0,29,2,31,0,8,49,2,59,34,0,34,93
09/30/2001,CKB,WV,AEA,CE,Towers with Radar,0,10,14,1,25,0,4,41,0,45,0,14,55,1,70,82,0,82,152
10/01/2001,CKB,WV,AEA,CE,Towers with Radar,0,18,13,2,33,0,0,62,5,67,0,18,75,7,100,76,2,78,178
10/02/2001,CKB,WV,AEA,CE,Towers with Radar,0,11,17,2,30,0,0,51,2,53,0,11,68,4,83,156,0,156,239
10/03/2001,CKB,WV,AEA,CE,Towers with Radar,0,13,19,4,36,0,0,84,2,86,0,13,103,6,122,116,2,118,240
10/04/2001,CKB,WV,AEA,CE,Towers with Radar,0,17,22,8,47,0,0,70,0,70,0,17,92,8,117,98,0,98,215
10/05/2001,CKB,WV,AEA,CE,Towers with Radar,0,9,7,2,18,0,0,24,0,24,0,9,31,2,42,44,0,44,86
10/06/2001,CKB,WV,AEA,CE,Towers with Radar,0,8,5,0,13,0,0,0,0,0,0,8,5,0,13,14,0,14,27
10/07/2001,CKB,WV,AEA,CE,Towers with Radar,0,12,20,1,33,0,2,85,0,87,0,14,105,1,120,48,0,48,168
10/08/2001,CKB,WV,AEA,CE,Towers with Radar,0,17,5,2,24,0,0,68,0,68,0,17,73,2,92,100,0,100,192
10/09/2001,CKB,WV,AEA,CE,Towers with Radar,0,12,22,5,39,0,3,60,0,63,0,15,82,5,102,96,0,96,198
10/10/2001,CKB,WV,AEA,CE,Towers with Radar,0,11,8,3,22,0,0,75,0,75,0,11,83,3,97,148,12,160,257
10/11/2001,CKB,WV,AEA,CE,Towers with Radar,0,19,22,6,47,0,5,91,3,99,0,24,113,9,146,142,12,154,300
10/12/2001,CKB,WV,AEA,CE,Towers with Radar,1,13,23,9,46,0,2,14,2,18,1,15,37,11,64,56,4,60,124
10/13/2001,CKB,WV,AEA,CE,Towers with Radar,2,6,10,2,20,0,0,29,0,29,2,6,39,2,49,42,6,48,97
10/14/2001,CKB,WV,AEA,CE,Towers with Radar,0,11,12,0,23,0,0,3,0,3,0,11,15,0,26,0,0,0,26
10/15/2001,CKB,WV,AEA,CE,Towers with Radar,0,13,23,5,41,0,2,94,22,118,0,15,117,27,159,82,26,108,267
10/16/2001,CKB,WV,AEA,CE,Towers with Radar,0,14,10,4,28,0,0,10,0,10,0,14,20,4,38,4,14,18,56
10/17/2001,CKB,WV,AEA,CE,Towers with Radar,0,11,12,11,34,0,0,8,23,31,0,11,20,34,65,2,30,32,97
10/18/2001,CKB,WV,AEA,CE,Towers with Radar,0,15,26,5,46,0,0,75,15,90,0,15,101,20,136,92,66,158,294
10/19/2001,CKB,WV,AEA,CE,Towers with Radar,0,10,24,7,41,0,4,47,2,53,0,14,71,9,94,98,32,130,224
10/20/2001,CKB,WV,AEA,CE,Towers with Radar,0,5,14,0,19,0,0,50,0,50,0,5,64,0,69,62,0,62,131
10/21/2001,CKB,WV,AEA,CE,Towers with Radar,0,15,9,0,24,0,1,38,0,39,0,16,47,0,63,16,0,16,79
10/22/2001,CKB,WV,AEA,CE,Towers with Radar,0,10,12,7,29,0,1,63,28,92,0,11,75,35,121,128,74,202,323
10/23/2001,CKB,WV,AEA,CE,Towers with Radar,0,10,7,11,28,0,0,50,21,71,0,10,57,32,99,68,62,130,229
10/24/2001,CKB,WV,AEA,CE,Towers with Radar,0,14,15,6,35,0,0,19,12,31,0,14,34,18,66,62,50,112,178
10/25/2001,CKB,WV,AEA,CE,Towers with Radar,0,9,11,0,20,0,0,5,0,5,0,9,16,0,25,4,0,4,29
10/26/2001,CKB,WV,AEA,CE,Towers with Radar,0,9,5,0,14,0,0,9,0,9,0,9,14,0,23,0,0,0,23
10/27/2001,CKB,WV,AEA,CE,Towers with Radar,0,9,4,0,13,0,0,8,0,8,0,9,12,0,21,10,0,10,31
10/28/2001,CKB,WV,AEA,CE,Towers with Radar,0,15,13,0,28,0,0,51,0,51,0,15,64,0,79,130,0,130,209
10/29/2001,CKB,WV,AEA,CE,Towers with Radar,0,12,15,7,34,0,0,68,30,98,0,12,83,37,132,166,70,236,368
10/30/2001,CKB,WV,AEA,CE,Towers with Radar,0,14,14,6,34,0,0,87,25,112,0,14,101,31,146,186,86,272,418
10/31/2001,CKB,WV,AEA,CE,Towers with Radar,0,14,22,13,49,0,0,57,6,63,0,14,79,19,112,154,68,222,334
11/01/2001,CKB,WV,AEA,CE,Towers with Radar,0,11,7,10,28,0,0,58,20,78,0,11,65,30,106,152,72,224,330
11/02/2001,CKB,WV,AEA,CE,Towers with Radar,2,11,11,9,33,0,3,31,21,55,2,14,42,30,88,72,34,106,194
11/03/2001,CKB,WV,AEA,CE,Towers with Radar,2,6,6,3,17,0,1,36,0,37,2,7,42,3,54,110,0,110,164
11/04/2001,CKB,WV,AEA,CE,Towers with Radar,0,15,9,0,24,0,0,49,0,49,0,15,58,0,73,86,2,88,161
11/05/2001,CKB,WV,AEA,CE,Towers with Radar,0,8,12,13,33,0,0,78,21,99,0,8,90,34,132,104,58,162,294
11/06/2001,CKB,WV,AEA,CE,Towers with Radar,0,15,13,4,32,0,1,89,13,103,0,16,102,17,135,156,2,158,293
11/07/2001,CKB,WV,AEA,CE,Towers with Radar,0,13,20,19,52,0,0,85,13,98,0,13,105,32,150,248,28,276,426
11/08/2001,CKB,WV,AEA,CE,Towers with Radar,0,14,26,10,50,0,0,42,6,48,0,14,68,16,98,164,8,172,270
11/09/2001,CKB,WV,AEA,CE,Towers with Radar,2,14,23,15,54,0,0,72,2,74,2,14,95,17,128,180,2,182,310
11/10/2001,CKB,WV,AEA,CE,Towers with Radar,2,6,13,0,21,0,0,25,8,33,2,6,38,8,54,58,4,62,116
11/11/2001,CKB,WV,AEA,CE,Towers with Radar,0,10,15,0,25,0,1,51,0,52,0,11,66,0,77,62,0,62,139
11/12/2001,CKB,WV,AEA,CE,Towers with Radar,0,11,22,0,33,0,0,90,0,90,0,11,112,0,123,168,0,168,291
11/13/2001,CKB,WV,AEA,CE,Towers with Radar,0,14,18,7,39,0,2,85,1,88,0,16,103,8,127,168,8,176,303
11/14/2001,CKB,WV,AEA,CE,Towers with Radar,0,12,24,10,46,0,0,71,0,71,0,12,95,10,117,224,0,224,341
11/15/2001,CKB,WV,AEA,CE,Towers with Radar,0,13,27,14,54,0,0,57,7,64,0,13,84,21,118,109,30,139,257
11/16/2001,CKB,WV,AEA,CE,Towers with Radar,0,11,17,14,42,0,0,35,1,36,0,11,52,15,78,70,0,70,148
11/17/2001,CKB,WV,AEA,CE,Towers with Radar,2,7,6,0,15,0,0,26,0,26,2,7,32,0,41,28,0,28,69
11/18/2001,CKB,WV,AEA,CE,Towers with Radar,0,8,12,0,20,0,0,36,1,37,0,8,48,1,57,74,0,74,131
11/19/2001,CKB,WV,AEA,CE,Towers with Radar,0,11,8,0,19,0,0,19,0,19,0,11,27,0,38,34,0,34,72
11/20/2001,CKB,WV,AEA,CE,Towers with Radar,0,20,11,0,31,0,0,17,0,17,0,20,28,0,48,18,0,18,66
11/21/2001,CKB,WV,AEA,CE,Towers with Radar,0,14,19,0,33,0,2,41,0,43,0,16,60,0,76,62,0,62,138
11/22/2001,CKB,WV,AEA,CE,Towers with Radar,0,4,6,0,10,0,0,30,0,30,0,4,36,0,40,20,0,20,60
11/23/2001,CKB,WV,AEA,CE,Towers with Radar,0,9,6,0,15,0,0,51,2,53,0,9,57,2,68,44,0,44,112
11/24/2001,CKB,WV,AEA,CE,Towers with Radar,0,8,4,0,12,0,3,26,0,29,0,11,30,0,41,0,0,0,41
11/25/2001,CKB,WV,AEA,CE,Towers with Radar,0,10,11,3,24,0,0,16,0,16,0,10,27,3,40,10,0,10,50
11/26/2001,CKB,WV,AEA,CE,Towers with Radar,0,12,15,1,28,0,0,53,0,53,0,12,68,1,81,82,2,84,165
11/27/2001,CKB,WV,AEA,CE,Towers with Radar,0,11,10,0,21,0,5,0,0,5,0,16,10,0,26,0,0,0,26
11/28/2001,CKB,WV,AEA,CE,Towers with Radar,0,17,18,0,35,0,0,30,0,30,0,17,48,0,65,98,0,98,163
11/29/2001,CKB,WV,AEA,CE,Towers with Radar,0,13,4,8,25,0,0,34,9,43,0,13,38,17,68,36,2,38,106
11/30/2001,CKB,WV,AEA,CE,Towers with Radar,0,6,6,0,12,0,0,24,0,24,0,6,30,0,36,38,0,38,74
12/01/2001,CKB,WV,AEA,CE,Towers with Radar,0,11,12,0,23,0,0,45,0,45,0,11,57,0,68,62,0,62,130
12/02/2001,CKB,WV,AEA,CE,Towers with Radar,0,9,5,0,14,0,0,49,0,49,0,9,54,0,63,40,0,40,103
12/03/2001,CKB,WV,AEA,CE,Towers with Radar,0,11,1,2,14,0,0,41,5,46,0,11,42,7,60,76,22,98,158
12/04/2001,CKB,WV,AEA,CE,Towers with Radar,0,13,7,5,25,0,0,68,3,71,0,13,75,8,96,124,6,130,226
12/05/2001,CKB,WV,AEA,CE,Towers with Radar,0,18,11,0,29,0,1,52,8,61,0,19,63,8,90,108,8,116,206
12/06/2001,CKB,WV,AEA,CE,Towers with Radar,0,12,14,0,26,0,0,7,0,7,0,12,21,0,33,8,0,8,41
12/07/2001,CKB,WV,AEA,CE,Towers with Radar,0,14,10,10,34,0,2,14,8,24,0,16,24,18,58,32,0,32,90
12/08/2001,CKB,WV,AEA,CE,Towers with Radar,0,4,1,0,5,0,1,0,0,1,0,5,1,0,6,0,0,0,6
12/09/2001,CKB,WV,AEA,CE,Towers with Radar,0,8,3,2,13,0,0,14,0,14,0,8,17,2,27,82,0,82,109
12/10/2001,CKB,WV,AEA,CE,Towers with Radar,0,15,9,19,43,0,0,28,1,29,0,15,37,20,72,96,24,120,192
12/11/2001,CKB,WV,AEA,CE,Towers with Radar,0,8,22,4,34,0,0,38,4,42,0,8,60,8,76,76,4,80,156
12/12/2001,CKB,WV,AEA,CE,Towers with Radar,0,12,18,3,33,0,0,34,8,42,0,12,52,11,75,72,34,106,181
12/13/2001,CKB,WV,AEA,CE,Towers with Radar,0,10,21,2,33,0,2,19,2,23,0,12,40,4,56,54,0,54,110
12/14/2001,CKB,WV,AEA,CE,Towers with Radar,0,14,21,1,36,0,0,6,0,6,0,14,27,1,42,6,0,6,48
12/15/2001,CKB,WV,AEA,CE,Towers with Radar,0,10,11,0,21,0,3,29,0,32,0,13,40,0,53,60,0,60,113
12/16/2001,CKB,WV,AEA,CE,Towers with Radar,0,8,10,3,21,0,0,33,0,33,0,8,43,3,54,0,0,0,54
12/17/2001,CKB,WV,AEA,CE,Towers with Radar,0,17,7,0,24,0,1,11,2,14,0,18,18,2,38,68,0,68,106
12/18/2001,CKB,WV,AEA,CE,Towers with Radar,0,13,11,0,24,0,1,10,0,11,0,14,21,0,35,18,0,18,53
12/19/2001,CKB,WV,AEA,CE,Towers with Radar,0,9,10,2,21,0,0,45,3,48,0,9,55,5,69,70,2,72,141
12/20/2001,CKB,WV,AEA,CE,Towers with Radar,0,10,9,0,19,0,0,6,2,8,0,10,15,2,27,2,0,2,29
12/21/2001,CKB,WV,AEA,CE,Towers with Radar,0,19,7,1,27,0,3,17,0,20,0,22,24,1,47,6,0,6,53
12/22/2001,CKB,WV,AEA,CE,Towers with Radar,2,9,8,0,19,0,1,1,0,2,2,10,9,0,21,26,0,26,47
12/23/2001,CKB,WV,AEA,CE,Towers with Radar,0,3,4,0,7,0,0,3,0,3,0,3,7,0,10,0,0,0,10
12/24/2001,CKB,WV,AEA,CE,Towers with Radar,0,8,2,0,10,0,1,0,0,1,0,9,2,0,11,2,0,2,13
12/25/2001,CKB,WV,AEA,CE,Towers with Radar,0,7,0,0,7,0,1,2,0,3,0,8,2,0,10,0,0,0,10
12/26/2001,CKB,WV,AEA,CE,Towers with Radar,0,10,5,0,15,0,1,30,1,32,0,11,35,1,47,6,0,6,53
12/27/2001,CKB,WV,AEA,CE,Towers with Radar,0,10,5,0,15,0,0,3,0,3,0,10,8,0,18,0,0,0,18
12/28/2001,CKB,WV,AEA,CE,Towers with Radar,0,10,3,0,13,0,0,0,0,0,0,10,3,0,13,0,0,0,13
12/29/2001,CKB,WV,AEA,CE,Towers with Radar,0,6,2,0,8,0,0,0,0,0,0,6,2,0,8,0,0,0,8
12/30/2001,CKB,WV,AEA,CE,Towers with Radar,0,7,5,0,12,0,1,10,0,11,0,8,15,0,23,32,0,32,55
12/31/2001,CKB,WV,AEA,CE,Towers with Radar,0,8,8,0,16,0,0,4,0,4,0,8,12,0,20,0,0,0,20
01/01/2002,CKB,WV,AEA,CE,Towers with Radar,0,6,4,0,10,0,0,14,0,14,0,6,18,0,24,0,0,0,24
01/02/2002,CKB,WV,AEA,CE,Towers with Radar,0,9,21,4,34,0,2,36,0,38,0,11,57,4,72,80,6,86,158
01/03/2002,CKB,WV,AEA,CE,Towers with Radar,0,11,20,2,33,0,0,25,0,25,0,11,45,2,58,0,0,0,58
01/04/2002,CKB,WV,AEA,CE,Towers with Radar,0,8,16,8,32,0,0,21,0,21,0,8,37,8,53,16,0,16,69
01/05/2002,CKB,WV,AEA,CE,Towers with Radar,0,6,14,0,20,0,0,23,0,23,0,6,37,0,43,26,0,26,69
01/06/2002,CKB,WV,AEA,CE,Towers with Radar,0,5,1,4,10,0,0,0,0,0,0,5,1,4,10,0,0,0,10
01/07/2002,CKB,WV,AEA,CE,Towers with Radar,0,13,2,0,15,0,0,0,0,0,0,13,2,0,15,0,0,0,15
01/08/2002,CKB,WV,AEA,CE,Towers with Radar,0,10,10,4,24,0,0,8,3,11,0,10,18,7,35,16,22,38,73
01/09/2002,CKB,WV,AEA,CE,Towers with Radar,0,8,13,13,34,0,3,39,1,43,0,11,52,14,77,44,20,64,141
01/10/2002,CKB,WV,AEA,CE,Towers with Radar,0,12,17,8,37,0,0,13,1,14,0,12,30,9,51,18,10,28,79
01/11/2002,CKB,WV,AEA,CE,Towers with Radar,0,13,1,1,15,0,0,11,9,20,0,13,12,10,35,12,24,36,71
01/12/2002,CKB,WV,AEA,CE,Towers with Radar,1,5,25,0,31,0,1,50,0,51,1,6,75,0,82,80,0,80,162
01/13/2002,CKB,WV,AEA,CE,Towers with Radar,1,8,3,0,12,0,0,20,0,20,1,8,23,0,32,0,0,0,32
01/14/2002,CKB,WV,AEA,CE,Towers with Radar,0,14,14,6,34,0,0,25,13,38,0,14,39,19,72,56,98,154,226
01/15/2002,CKB,WV,AEA,CE,Towers with Radar,0,9,11,17,37,0,3,10,7,20,0,12,21,24,57,52,48,100,157
01/16/2002,CKB,WV,AEA,CE,Towers with Radar,0,10,16,7,33,0,3,48,12,63,0,13,64,19,96,73,62,135,231
01/17/2002,CKB,WV,AEA,CE,Towers with Radar,0,11,10,14,35,0,0,23,18,41,0,11,33,32,76,44,58,102,178
01/18/2002,CKB,WV,AEA,CE,Towers with Radar,0,17,13,4,34,0,0,25,20,45,0,17,38,24,79,68,24,92,171
01/19/2002,CKB,WV,AEA,CE,Towers with Radar,0,9,0,0,9,0,1,0,0,1,0,10,0,0,10,0,0,0,10
01/20/2002,CKB,WV,AEA,CE,Towers with Radar,0,9,9,3,21,0,0,14,0,14,0,9,23,3,35,16,0,16,51
01/21/2002,CKB,WV,AEA,CE,Towers with Radar,0,10,4,0,14,0,0,6,0,6,0,10,10,0,20,14,0,14,34
01/22/2002,CKB,WV,AEA,CE,Towers with Radar,0,20,6,20,46,0,0,10,24,34,0,20,16,44,80,90,78,168,248
01/23/2002,CKB,WV,AEA,CE,Towers with Radar,0,11,12,13,36,0,0,8,2,10,0,11,20,15,46,43,50,93,139
01/24/2002,CKB,WV,AEA,CE,Towers with Radar,0,12,16,6,34,0,0,0,0,0,0,12,16,6,34,0,0,0,34
01/25/2002,CKB,WV,AEA,CE,Towers with Radar,0,14,3,12,29,0,0,41,36,77,0,14,44,48,106,64,32,96,202
01/26/2002,CKB,WV,AEA,CE,Towers with Radar,0,13,10,1,24,0,0,92,0,92,0,13,102,1,116,139,0,139,255
01/27/2002,CKB,WV,AEA,CE,Towers with Radar,0,14,7,0,21,0,0,56,0,56,0,14,63,0,77,98,0,98,175
01/28/2002,CKB,WV,AEA,CE,Towers with Radar,0,8,18,10,36,0,2,42,20,64,0,10,60,30,100,60,100,160,260
01/29/2002,CKB,WV,AEA,CE,Towers with Radar,0,12,19,20,51,0,0,24,33,57,0,12,43,53,108,88,112,200,308
01/30/2002,CKB,WV,AEA,CE,Towers with Radar,0,12,3,8,23,0,4,0,2,6,0,16,3,10,29,0,0,0,29
01/31/2002,CKB,WV,AEA,CE,Towers with Radar,0,17,20,13,50,0,0,40,20,60,0,17,60,33,110,50,76,126,236
02/01/2002,CKB,WV,AEA,CE,Towers with Radar,0,11,0,1,12,0,1,1,0,2,0,12,1,1,14,0,0,0,14
02/02/2002,CKB,WV,AEA,CE,Towers with Radar,0,8,6,1,15,0,0,43,0,43,0,8,49,1,58,28,0,28,86
02/03/2002,CKB,WV,AEA,CE,Towers with Radar,0,15,12,0,27,4,3,45,0,52,4,18,57,0,79,32,0,32,111
02/04/2002,CKB,WV,AEA,CE,Towers with Radar,0,14,6,0,20,0,0,0,0,0,0,14,6,0,20,0,0,0,20
02/05/2002,CKB,WV,AEA,CE,Towers with Radar,0,14,11,8,33,0,1,21,34,56,0,15,32,42,89,16,36,52,141
02/06/2002,CKB,WV,AEA,CE,Towers with Radar,0,11,5,11,27,0,3,43,14,60,0,14,48,25,87,68,50,118,205
02/07/2002,CKB,WV,AEA,CE,Towers with Radar,0,14,9,13,36,0,2,26,3,31,0,16,35,16,67,22,0,22,89
02/08/2002,CKB,WV,AEA,CE,Towers with Radar,0,10,16,10,36,0,4,37,0,41,0,14,53,10,77,82,42,124,201
02/09/2002,CKB,WV,AEA,CE,Towers with Radar,0,11,5,0,16,0,0,53,0,53,0,11,58,0,69,32,0,32,101
02/10/2002,CKB,WV,AEA,CE,Towers with Radar,0,9,2,1,12,0,0,4,0,4,0,9,6,1,16,0,0,0,16
02/11/2002,CKB,WV,AEA,CE,Towers with Radar,0,9,13,5,27,0,1,11,0,12,0,10,24,5,39,2,0,2,41
02/12/2002,CKB,WV,AEA,CE,Towers with Radar,0,14,12,12,38,0,2,25,4,31,0,16,37,16,69,2,0,2,71
02/13/2002,CKB,WV,AEA,CE,Towers with Radar,0,9,5,13,27,0,2,32,0,34,0,11,37,13,61,58,0,58,119
02/14/2002,CKB,WV,AEA,CE,Towers with Radar,0,13,8,16,37,0,1,27,7,35,0,14,35,23,72,72,6,78,150
02/15/2002,CKB,WV,AEA,CE,Towers with Radar,0,12,11,8,31,0,2,20,2,24,0,14,31,10,55,26,0,26,81
02/16/2002,CKB,WV,AEA,CE,Towers with Radar,0,13,10,2,25,0,0,29,0,29,0,13,39,2,54,36,0,36,90
02/17/2002,CKB,WV,AEA,CE,Towers with Radar,0,9,3,0,12,0,0,1,0,1,0,9,4,0,13,0,0,0,13
02/18/2002,CKB,WV,AEA,CE,Towers with Radar,0,10,31,0,41,0,0,97,0,97,0,10,128,0,138,170,0,170,308
02/19/2002,CKB,WV,AEA,CE,Towers with Radar,0,17,10,10,37,0,0,59,4,63,0,17,69,14,100,160,24,184,284
02/20/2002,CKB,WV,AEA,CE,Towers with Radar,0,12,9,4,25,0,0,18,1,19,0,12,27,5,44,38,0,38,82
02/21/2002,CKB,WV,AEA,CE,Towers with Radar,0,10,10,12,32,0,0,21,7,28,0,10,31,19,60,38,26,64,124
02/22/2002,CKB,WV,AEA,CE,Towers with Radar,0,9,2,3,14,0,0,12,0,12,0,9,14,3,26,38,0,38,64
02/23/2002,CKB,WV,AEA,CE,Towers with Radar,0,9,23,0,32,0,0,64,0,64,0,9,87,0,96,162,0,162,258
02/24/2002,CKB,WV,AEA,CE,Towers with Radar,0,8,10,1,19,0,0,75,0,75,0,8,85,1,94,100,0,100,194
02/25/2002,CKB,WV,AEA,CE,Towers with Radar,0,12,15,4,31,0,0,59,10,69,0,12,74,14,100,135,14,149,249
02/26/2002,CKB,WV,AEA,CE,Towers with Radar,0,9,4,0,13,0,1,0,0,1,0,10,4,0,14,0,0,0,14
02/27/2002,CKB,WV,AEA,CE,Towers with Radar,0,12,7,4,23,0,0,0,0,0,0,12,7,4,23,0,0,0,23
02/28/2002,CKB,WV,AEA,CE,Towers with Radar,0,13,13,13,39,0,0,4,3,7,0,13,17,16,46,4,0,4,50
03/01/2002,CKB,WV,AEA,CE,Towers with Radar,0,13,14,7,34,0,0,45,2,47,0,13,59,9,81,84,0,84,165
03/02/2002,CKB,WV,AEA,CE,Towers with Radar,0,6,2,0,8,0,0,14,1,15,0,6,16,1,23,10,0,10,33
03/03/2002,CKB,WV,AEA,CE,Towers with Radar,0,7,6,0,13,0,0,0,0,0,0,7,6,0,13,0,0,0,13
03/04/2002,CKB,WV,AEA,CE,Towers with Radar,0,17,3,8,28,0,2,9,5,16,0,19,12,13,44,2,6,8,52
03/05/2002,CKB,WV,AEA,CE,Towers with Radar,0,14,8,6,28,0,0,46,7,53,0,14,54,13,81,32,24,56,137
03/06/2002,CKB,WV,AEA,CE,Towers with Radar,0,20,8,5,33,0,0,52,0,52,0,20,60,5,85,50,0,50,135
03/07/2002,CKB,WV,AEA,CE,Towers with Radar,0,9,25,2,36,0,0,63,5,68,0,9,88,7,104,100,0,100,204
03/08/2002,CKB,WV,AEA,CE,Towers with Radar,0,11,17,7,35,0,0,69,6,75,0,11,86,13,110,120,12,132,242
03/09/2002,CKB,WV,AEA,CE,Towers with Radar,0,15,1,1,17,0,0,6,0,6,0,15,7,1,23,2,0,2,25
03/10/2002,CKB,WV,AEA,CE,Towers with Radar,0,8,0,0,8,0,0,3,0,3,0,8,3,0,11,0,0,0,11
03/11/2002,CKB,WV,AEA,CE,Towers with Radar,0,11,18,9,38,0,0,57,4,61,0,11,75,13,99,101,22,123,222
03/12/2002,CKB,WV,AEA,CE,Towers with Radar,0,10,7,5,22,0,0,29,0,29,0,10,36,5,51,48,26,74,125
03/13/2002,CKB,WV,AEA,CE,Towers with Radar,0,9,4,11,24,0,0,5,1,6,0,9,9,12,30,0,2,2,32
03/14/2002,CKB,WV,AEA,CE,Towers with Radar,0,12,23,11,46,0,0,72,19,91,0,12,95,30,137,126,16,142,279
03/15/2002,CKB,WV,AEA,CE,Towers with Radar,0,9,17,0,26,0,2,37,2,41,0,11,54,2,67,64,4,68,135
03/16/2002,CKB,WV,AEA,CE,Towers with Radar,0,8,1,0,9,0,1,1,0,2,0,9,2,0,11,0,0,0,11
03/17/2002,CKB,WV,AEA,CE,Towers with Radar,0,8,4,0,12,0,0,2,0,2,0,8,6,0,14,12,0,12,26
03/18/2002,CKB,WV,AEA,CE,Towers with Radar,0,23,24,9,56,0,0,12,0,12,0,23,36,9,68,14,0,14,82
03/19/2002,CKB,WV,AEA,CE,Towers with Radar,0,12,7,6,25,0,0,20,20,40,0,12,27,26,65,76,72,148,213
03/20/2002,CKB,WV,AEA,CE,Towers with Radar,0,10,14,4,28,0,1,3,0,4,0,11,17,4,32,0,0,0,32
03/21/2002,CKB,WV,AEA,CE,Towers with Radar,0,13,13,12,38,0,0,10,2,12,0,13,23,14,50,30,12,42,92
03/22/2002,CKB,WV,AEA,CE,Towers with Radar,0,11,13,5,29,0,0,14,0,14,0,11,27,5,43,8,0,8,51
03/23/2002,CKB,WV,AEA,CE,Towers with Radar,0,9,7,0,16,0,1,23,1,25,0,10,30,1,41,14,0,14,55
03/24/2002,CKB,WV,AEA,CE,Towers with Radar,0,12,17,0,29,0,1,34,2,37,0,13,51,2,66,0,0,0,66
03/25/2002,CKB,WV,AEA,CE,Towers with Radar,0,9,15,19,43,0,2,50,9,61,0,11,65,28,104,56,54,110,214
03/26/2002,CKB,WV,AEA,CE,Towers with Radar,0,10,6,0,16,0,3,0,0,3,0,13,6,0,19,0,0,0,19
03/27/2002,CKB,WV,AEA,CE,Towers with Radar,0,9,12,2,23,0,1,8,22,31,0,10,20,24,54,22,56,78,132
03/28/2002,CKB,WV,AEA,CE,Towers with Radar,0,16,17,10,43,0,1,80,12,93,0,17,97,22,136,126,70,196,332
03/29/2002,CKB,WV,AEA,CE,Towers with Radar,0,8,11,6,25,0,0,68,31,99,0,8,79,37,124,98,144,242,366
03/30/2002,CKB,WV,AEA,CE,Towers with Radar,0,5,8,0,13,0,0,49,0,49,0,5,57,0,62,46,0,46,108
03/31/2002,CKB,WV,AEA,CE,Towers with Radar,0,6,7,0,13,0,0,2,0,2,0,6,9,0,15,0,0,0,15
04/01/2002,CKB,WV,AEA,CE,Towers with Radar,0,13,17,7,37,0,0,53,21,74,0,13,70,28,111,104,106,210,321
04/02/2002,CKB,WV,AEA,CE,Towers with Radar,0,7,13,6,26,0,0,52,49,101,0,7,65,55,127,64,78,142,269
04/03/2002,CKB,WV,AEA,CE,Towers with Radar,0,13,10,2,25,0,0,8,7,15,0,13,18,9,40,22,10,32,72
04/04/2002,CKB,WV,AEA,CE,Towers with Radar,0,16,13,13,42,0,0,65,83,148,0,16,78,96,190,134,120,254,444
04/05/2002,CKB,WV,AEA,CE,Towers with Radar,0,9,8,8,25,0,0,48,39,87,0,9,56,47,112,74,102,176,288
04/06/2002,CKB,WV,AEA,CE,Towers with Radar,0,10,16,0,26,0,0,43,0,43,0,10,59,0,69,16,0,16,85
04/07/2002,CKB,WV,AEA,CE,Towers with Radar,0,9,7,2,18,0,0,42,0,42,0,9,49,2,60,26,0,26,86
04/08/2002,CKB,WV,AEA,CE,Towers with Radar,0,13,20,12,45,0,0,31,23,54,0,13,51,35,99,46,48,94,193
04/09/2002,CKB,WV,AEA,CE,Towers with Radar,0,12,7,6,25,0,0,4,4,8,0,12,11,10,33,12,4,16,49
04/10/2002,CKB,WV,AEA,CE,Towers with Radar,0,10,13,16,39,0,0,74,10,84,0,10,87,26,123,83,32,115,238
04/11/2002,CKB,WV,AEA,CE,Towers with Radar,0,11,25,17,53,0,2,96,9,107,0,13,121,26,160,30,4,34,194
04/12/2002,CKB,WV,AEA,CE,Towers with Radar,0,6,18,14,38,0,0,82,13,95,0,6,100,27,133,90,2,92,225
04/13/2002,CKB,WV,AEA,CE,Towers with Radar,0,7,11,1,19,0,0,12,2,14,0,7,23,3,33,26,0,26,59
04/14/2002,CKB,WV,AEA,CE,Towers with Radar,0,9,9,0,18,0,0,28,0,28,0,9,37,0,46,6,0,6,52
04/15/2002,CKB,WV,AEA,CE,Towers with Radar,0,12,13,11,36,0,0,21,1,22,0,12,34,12,58,100,2,102,160
04/16/2002,CKB,WV,AEA,CE,Towers with Radar,0,14,16,11,41,0,4,75,6,85,0,18,91,17,126,80,2,82,208
04/17/2002,CKB,WV,AEA,CE,Towers with Radar,0,17,15,24,56,0,0,92,2,94,0,17,107,26,150,128,6,134,284
04/18/2002,CKB,WV,AEA,CE,Towers with Radar,0,15,21,15,51,0,0,64,0,64,0,15,85,15,115,120,4,124,239
04/19/2002,CKB,WV,AEA,CE,Towers with Radar,0,11,9,11,31,0,0,55,6,61,0,11,64,17,92,102,28,130,222
04/20/2002,CKB,WV,AEA,CE,Towers with Radar,0,7,18,0,25,0,0,22,2,24,0,7,40,2,49,36,0,36,85
04/21/2002,CKB,WV,AEA,CE,Towers with Radar,0,3,4,0,7,0,0,4,0,4,0,3,8,0,11,0,0,0,11
04/22/2002,CKB,WV,AEA,CE,Towers with Radar,0,17,6,16,39,0,0,0,3,3,0,17,6,19,42,0,12,12,54
04/23/2002,CKB,WV,AEA,CE,Towers with Radar,0,8,16,10,34,0,0,35,13,48,0,8,51,23,82,46,12,58,140
04/24/2002,CKB,WV,AEA,CE,Towers with Radar,0,9,18,8,35,0,4,84,0,88,0,13,102,8,123,52,0,52,175
04/25/2002,CKB,WV,AEA,CE,Towers with Radar,0,16,11,11,38,0,0,18,6,24,0,16,29,17,62,2,10,12,74
04/26/2002,CKB,WV,AEA,CE,Towers with Radar,0,10,16,25,51,0,5,85,0,90,0,15,101,25,141,92,28,120,261
04/27/2002,CKB,WV,AEA,CE,Towers with Radar,0,8,8,0,16,0,0,37,0,37,0,8,45,0,53,20,0,20,73
04/28/2002,CKB,WV,AEA,CE,Towers with Radar,0,5,3,0,8,0,0,0,0,0,0,5,3,0,8,0,0,0,8
04/29/2002,CKB,WV,AEA,CE,Towers with Radar,0,16,12,16,44,0,1,9,0,10,0,17,21,16,54,8,6,14,68
04/30/2002,CKB,WV,AEA,CE,Towers with Radar,0,12,20,15,47,0,0,40,7,47,0,12,60,22,94,52,48,100,194
05/01/2002,CKB,WV,AEA,CE,Towers with Radar,0,13,12,8,33,0,3,63,55,121,0,16,75,63,154,80,48,128,282
05/02/2002,CKB,WV,AEA,CE,Towers with Radar,0,10,7,2,19,0,2,5,2,9,0,12,12,4,28,14,6,20,48
05/03/2002,CKB,WV,AEA,CE,Towers with Radar,0,10,17,8,35,0,0,94,14,108,0,10,111,22,143,124,110,234,377
05/04/2002,CKB,WV,AEA,CE,Towers with Radar,0,6,12,6,24,0,0,74,2,76,0,6,86,8,100,20,6,26,126
05/05/2002,CKB,WV,AEA,CE,Towers with Radar,0,13,16,0,29,0,2,68,0,70,0,15,84,0,99,54,0,54,153
05/06/2002,CKB,WV,AEA,CE,Towers with Radar,0,8,4,7,19,0,2,43,66,111,0,10,47,73,130,64,32,96,226
05/07/2002,CKB,WV,AEA,CE,Towers with Radar,0,11,10,4,25,0,0,18,8,26,0,11,28,12,51,12,22,34,85
05/08/2002,CKB,WV,AEA,CE,Towers with Radar,0,14,3,12,29,0,0,33,3,36,0,14,36,15,65,8,32,40,105
05/09/2002,CKB,WV,AEA,CE,Towers with Radar,0,12,4,1,17,0,0,12,61,73,0,12,16,62,90,0,8,8,98
05/10/2002,CKB,WV,AEA,CE,Towers with Radar,0,13,12,16,41,0,4,53,19,76,0,17,65,35,117,106,132,238,355
05/11/2002,CKB,WV,AEA,CE,Towers with Radar,0,6,24,0,30,0,0,80,0,80,0,6,104,0,110,100,0,100,210
05/12/2002,CKB,WV,AEA,CE,Towers with Radar,0,10,6,0,16,0,3,19,0,22,0,13,25,0,38,34,0,34,72
05/13/2002,CKB,WV,AEA,CE,Towers with Radar,0,9,4,0,13,0,0,3,2,5,0,9,7,2,18,6,0,6,24
05/14/2002,CKB,WV,AEA,CE,Towers with Radar,0,8,10,6,24,0,0,28,11,39,0,8,38,17,63,8,80,88,151
05/15/2002,CKB,WV,AEA,CE,Towers with Radar,0,9,15,8,32,0,2,78,32,112,0,11,93,40,144,50,114,164,308
05/16/2002,CKB,WV,AEA,CE,Towers with Radar,0,9,14,3,26,0,1,53,12,66,0,10,67,15,92,38,48,86,178
05/17/2002,CKB,WV,AEA,CE,Towers with Radar,0,15,8,4,27,0,2,20,23,45,0,17,28,27,72,54,100,154,226
05/18/2002,CKB,WV,AEA,CE,Towers with Radar,0,6,10,0,16,0,0,16,1,17,0,6,26,1,33,24,0,24,57
05/19/2002,CKB,WV,AEA,CE,Towers with Radar,0,14,20,2,36,0,0,33,0,33,0,14,53,2,69,88,0,88,157
05/20/2002,CKB,WV,AEA,CE,Towers with Radar,0,13,2,9,24,0,0,37,0,37,0,13,39,9,61,26,22,48,109
05/21/2002,CKB,WV,AEA,CE,Towers with Radar,0,10,6,12,28,0,1,114,57,172,0,11,120,69,200,106,74,180,380
05/22/2002,CKB,WV,AEA,CE,Towers with Radar,0,13,16,30,59,0,0,108,41,149,0,13,124,71,208,84,70,154,362
05/23/2002,CKB,WV,AEA,CE,Towers with Radar,0,12,19,9,40,0,0,108,38,146,0,12,127,47,186,88,58,146,332
05/24/2002,CKB,WV,AEA,CE,Towers with Radar,0,11,34,7,52,0,2,61,9,72,0,13,95,16,124,100,66,166,290
05/25/2002,CKB,WV,AEA,CE,Towers with Radar,0,6,8,0,14,0,0,34,0,34,0,6,42,0,48,62,0,62,110
05/26/2002,CKB,WV,AEA,CE,Towers with Radar,0,5,6,0,11,0,0,49,0,49,0,5,55,0,60,62,0,62,122
05/27/2002,CKB,WV,AEA,CE,Towers with Radar,0,7,13,0,20,0,0,52,0,52,0,7,65,0,72,28,0,28,100
05/28/2002,CKB,WV,AEA,CE,Towers with Radar,0,7,9,9,25,0,1,26,24,51,0,8,35,33,76,44,130,174,250
05/29/2002,CKB,WV,AEA,CE,Towers with Radar,0,9,13,27,49,0,0,93,37,130,0,9,106,64,179,72,84,156,335
05/30/2002,CKB,WV,AEA,CE,Towers with Radar,0,16,21,10,47,0,0,78,20,98,0,16,99,30,145,110,48,158,303
05/31/2002,CKB,WV,AEA,CE,Towers with Radar,0,10,17,16,43,0,0,22,12,34,0,10,39,28,77,36,48,84,161
06/01/2002,CKB,WV,AEA,CE,Towers with Radar,0,9,15,2,26,0,1,45,0,46,0,10,60,2,72,44,0,44,116
06/02/2002,CKB,WV,AEA,CE,Towers with Radar,0,8,14,2,24,0,0,40,0,40,0,8,54,2,64,10,0,10,74
06/03/2002,CKB,WV,AEA,CE,Towers with Radar,0,8,18,6,32,0,1,58,4,63,0,9,76,10,95,16,42,58,153
06/04/2002,CKB,WV,AEA,CE,Towers with Radar,0,14,8,6,28,0,3,41,2,46,0,17,49,8,74,23,24,47,121
06/05/2002,CKB,WV,AEA,CE,Towers with Radar,0,7,11,15,33,0,4,20,26,50,0,11,31,41,83,20,36,56,139
06/06/2002,CKB,WV,AEA,CE,Towers with Radar,0,9,12,0,21,0,0,0,0,0,0,9,12,0,21,0,0,0,21
06/07/2002,CKB,WV,AEA,CE,Towers with Radar,0,10,13,13,36,0,1,40,16,57,0,11,53,29,93,62,54,116,209
06/08/2002,CKB,WV,AEA,CE,Towers with Radar,0,10,15,2,27,0,2,80,2,84,0,12,95,4,111,46,0,46,157
06/09/2002,CKB,WV,AEA,CE,Towers with Radar,0,11,8,0,19,0,3,48,0,51,0,14,56,0,70,70,0,70,140
06/10/2002,CKB,WV,AEA,CE,Towers with Radar,0,12,11,13,36,0,2,15,0,17,0,14,26,13,53,26,38,64,117
06/11/2002,CKB,WV,AEA,CE,Towers with Radar,0,17,8,7,32,0,2,42,30,74,0,19,50,37,106,24,28,52,158
06/12/2002,CKB,WV,AEA,CE,Towers with Radar,0,6,9,4,19,0,0,24,24,48,0,6,33,28,67,50,36,86,153
06/13/2002,CKB,WV,AEA,CE,Towers with Radar,0,12,6,0,18,0,0,4,0,4,0,12,10,0,22,18,0,18,40
06/14/2002,CKB,WV,AEA,CE,Towers with Radar,0,7,11,6,24,0,0,32,6,38,0,7,43,12,62,60,18,78,140
06/15/2002,CKB,WV,AEA,CE,Towers with Radar,0,5,4,0,9,0,0,12,0,12,0,5,16,0,21,0,0,0,21
06/16/2002,CKB,WV,AEA,CE,Towers with Radar,0,7,8,0,15,0,0,30,0,30,0,7,38,0,45,52,0,52,97
06/17/2002,CKB,WV,AEA,CE,Towers with Radar,0,8,11,5,24,0,0,52,12,64,0,8,63,17,88,78,18,96,184
06/18/2002,CKB,WV,AEA,CE,Towers with Radar,0,10,13,5,28,0,3,65,10,78,0,13,78,15,106,62,38,100,206
06/19/2002,CKB,WV,AEA,CE,Towers with Radar,0,10,9,7,26,0,5,72,12,89,0,15,81,19,115,106,46,152,267
06/20/2002,CKB,WV,AEA,CE,Towers with Radar,0,11,16,9,36,0,0,50,2,52,0,11,66,11,88,82,54,136,224
06/21/2002,CKB,WV,AEA,CE,Towers with Radar,0,15,24,4,43,0,0,44,4,48,0,15,68,8,91,36,18,54,145
06/22/2002,CKB,WV,AEA,CE,Towers with Radar,0,7,9,0,16,0,6,67,6,79,0,13,76,6,95,10,0,10,105
06/23/2002,CKB,WV,AEA,CE,Towers with Radar,0,9,20,0,29,0,1,91,4,96,0,10,111,4,125,60,0,60,185
06/24/2002,CKB,WV,AEA,CE,Towers with Radar,0,13,16,12,41,0,0,92,20,112,0,13,108,32,153,48,12,60,213
06/25/2002,CKB,WV,AEA,CE,Towers with Radar,0,12,13,10,35,0,0,37,15,52,0,12,50,25,87,44,26,70,157
06/26/2002,CKB,WV,AEA,CE,Towers with Radar,0,12,18,9,39,0,0,76,3,79,0,12,94,12,118,44,10,54,172
06/27/2002,CKB,WV,AEA,CE,Towers with Radar,0,14,21,9,44,0,4,3,0,7,0,18,24,9,51,4,6,10,61
06/28/2002,CKB,WV,AEA,CE,Towers with Radar,0,14,26,0,40,0,0,22,0,22,0,14,48,0,62,14,0,14,76
06/29/2002,CKB,WV,AEA,CE,Towers with Radar,0,7,14,0,21,0,0,40,0,40,0,7,54,0,61,32,0,32,93
06/30/2002,CKB,WV,AEA,CE,Towers with Radar,0,8,22,0,30,0,0,29,0,29,0,8,51,0,59,26,0,26,85
07/01/2002,CKB,WV,AEA,CE,Towers with Radar,0,11,15,2,28,0,0,24,0,24,0,11,39,2,52,8,0,8,60
07/02/2002,CKB,WV,AEA,CE,Towers with Radar,0,16,21,0,37,0,8,13,0,21,0,24,34,0,58,16,0,16,74
07/03/2002,CKB,WV,AEA,CE,Towers with Radar,0,14,16,0,30,0,1,33,0,34,0,15,49,0,64,80,0,80,144
07/04/2002,CKB,WV,AEA,CE,Towers with Radar,0,7,19,0,26,0,0,49,0,49,0,7,68,0,75,102,0,102,177
07/05/2002,CKB,WV,AEA,CE,Towers with Radar,0,5,17,0,22,0,0,79,0,79,0,5,96,0,101,86,0,86,187
07/06/2002,CKB,WV,AEA,CE,Towers with Radar,0,5,15,0,20,0,1,99,0,100,0,6,114,0,120,70,0,70,190
07/07/2002,CKB,WV,AEA,CE,Towers with Radar,0,6,6,0,12,0,2,51,1,54,0,8,57,1,66,20,0,20,86
07/08/2002,CKB,WV,AEA,CE,Towers with Radar,0,17,30,0,47,0,0,83,0,83,0,17,113,0,130,52,0,52,182
07/09/2002,CKB,WV,AEA,CE,Towers with Radar,0,18,2,1,21,0,1,33,0,34,0,19,35,1,55,92,72,164,219
07/10/2002,CKB,WV,AEA,CE,Towers with Radar,0,11,11,8,30,0,2,5,1,8,0,13,16,9,38,20,14,34,72
07/11/2002,CKB,WV,AEA,CE,Towers with Radar,0,10,26,4,40,0,3,77,1,81,0,13,103,5,121,17,28,45,166
07/12/2002,CKB,WV,AEA,CE,Towers with Radar,0,13,20,0,33,0,4,82,0,86,0,17,102,0,119,46,4,50,169
07/13/2002,CKB,WV,AEA,CE,Towers with Radar,0,6,11,0,17,0,0,4,0,4,0,6,15,0,21,0,0,0,21
07/14/2002,CKB,WV,AEA,CE,Towers with Radar,0,9,12,0,21,0,0,23,0,23,0,9,35,0,44,0,0,0,44
07/15/2002,CKB,WV,AEA,CE,Towers with Radar,0,14,23,3,40,0,0,42,6,48,0,14,65,9,88,8,24,32,120
07/16/2002,CKB,WV,AEA,CE,Towers with Radar,0,11,11,5,27,0,0,51,0,51,0,11,62,5,78,36,24,60,138
07/17/2002,CKB,WV,AEA,CE,Towers with Radar,0,10,14,5,29,0,0,58,28,86,0,10,72,33,115,76,72,148,263
07/18/2002,CKB,WV,AEA,CE,Towers with Radar,0,11,25,7,43,0,0,12,0,12,0,11,37,7,55,4,0,4,59
07/19/2002,CKB,WV,AEA,CE,Towers with Radar,0,11,10,1,22,0,1,12,0,13,0,12,22,1,35,0,0,0,35
07/20/2002,CKB,WV,AEA,CE,Towers with Radar,0,7,30,2,39,0,0,26,0,26,0,7,56,2,65,80,0,80,145
07/21/2002,CKB,WV,AEA,CE,Towers with Radar,0,11,7,0,18,0,0,55,2,57,0,11,62,2,75,78,0,78,153
07/22/2002,CKB,WV,AEA,CE,Towers with Radar,0,8,14,11,33,0,0,64,24,88,0,8,78,35,121,52,56,108,229
07/23/2002,CKB,WV,AEA,CE,Towers with Radar,0,9,4,6,19,0,0,44,25,69,0,9,48,31,88,58,44,102,190
07/24/2002,CKB,WV,AEA,CE,Towers with Radar,0,10,12,12,34,0,0,31,25,56,0,10,43,37,90,52,36,88,178
07/25/2002,CKB,WV,AEA,CE,Towers with Radar,0,20,27,5,52,0,0,32,4,36,0,20,59,9,88,38,72,110,198
07/26/2002,CKB,WV,AEA,CE,Towers with Radar,0,14,10,2,26,0,0,25,1,26,0,14,35,3,52,129,24,153,205
07/27/2002,CKB,WV,AEA,CE,Towers with Radar,0,12,15,1,28,0,1,15,1,17,0,13,30,2,45,0,0,0,45
07/28/2002,CKB,WV,AEA,CE,Towers with Radar,0,10,17,0,27,0,0,42,0,42,0,10,59,0,69,8,0,8,77
07/29/2002,CKB,WV,AEA,CE,Towers with Radar,0,13,13,2,28,0,0,37,15,52,0,13,50,17,80,42,34,76,156
07/30/2002,CKB,WV,AEA,CE,Towers with Radar,0,9,9,8,26,0,0,48,6,54,0,9,57,14,80,98,44,142,222
07/31/2002,CKB,WV,AEA,CE,Towers with Radar,0,10,24,8,42,0,1,79,11,91,0,11,103,19,133,68,28,96,229
08/01/2002,CKB,WV,AEA,CE,Towers with Radar,0,10,19,6,35,0,2,70,5,77,0,12,89,11,112,94,86,180,292
08/02/2002,CKB,WV,AEA,CE,Towers with Radar,0,11,12,2,25,0,3,62,11,76,0,14,74,13,101,86,48,134,235
08/03/2002,CKB,WV,AEA,CE,Towers with Radar,0,9,3,4,16,0,0,61,0,61,0,9,64,4,77,8,0,8,85
08/04/2002,CKB,WV,AEA,CE,Towers with Radar,0,9,12,0,21,0,1,83,6,90,0,10,95,6,111,0,0,0,111
08/05/2002,CKB,WV,AEA,CE,Towers with Radar,0,9,16,5,30,0,0,21,3,24,0,9,37,8,54,31,0,31,85
08/06/2002,CKB,WV,AEA,CE,Towers with Radar,0,12,14,8,34,0,1,104,10,115,0,13,118,18,149,90,14,104,253
08/07/2002,CKB,WV,AEA,CE,Towers with Radar,0,15,22,6,43,0,0,91,18,109,0,15,113,24,152,128,16,144,296
08/08/2002,CKB,WV,AEA,CE,Towers with Radar,0,10,14,7,31,0,3,94,8,105,0,13,108,15,136,120,28,148,284
08/09/2002,CKB,WV,AEA,CE,Towers with Radar,0,9,9,6,24,0,3,59,4,66,0,12,68,10,90,54,4,58,148
08/10/2002,CKB,WV,AEA,CE,Towers with Radar,0,6,6,0,12,0,0,67,0,67,0,6,73,0,79,42,8,50,129
08/11/2002,CKB,WV,AEA,CE,Towers with Radar,0,9,13,6,28,6,7,33,0,46,6,16,46,6,74,12,12,24,98
08/12/2002,CKB,WV,AEA,CE,Towers with Radar,1,9,2,11,23,0,0,11,4,15,1,9,13,15,38,8,0,8,46
08/13/2002,CKB,WV,AEA,CE,Towers with Radar,1,12,19,9,41,0,0,21,2,23,1,12,40,11,64,26,12,38,102
08/14/2002,CKB,WV,AEA,CE,Towers with Radar,0,11,5,6,22,0,0,36,10,46,0,11,41,16,68,70,32,102,170
08/15/2002,CKB,WV,AEA,CE,Towers with Radar,0,11,16,21,48,0,0,31,16,47,0,11,47,37,95,36,34,70,165
08/16/2002,CKB,WV,AEA,CE,Towers with Radar,0,12,18,5,35,0,0,57,12,69,0,12,75,17,104,82,54,136,240
08/17/2002,CKB,WV,AEA,CE,Towers with Radar,0,6,6,0,12,0,0,35,0,35,0,6,41,0,47,74,0,74,121
08/18/2002,CKB,WV,AEA,CE,Towers with Radar,0,16,13,0,29,0,4,8,1,13,0,20,21,1,42,0,0,0,42
08/19/2002,CKB,WV,AEA,CE,Towers with Radar,0,12,12,14,38,0,2,16,8,26,0,14,28,22,64,4,18,22,86
08/20/2002,CKB,WV,AEA,CE,Towers with Radar,0,10,15,10,35,0,0,37,8,45,0,10,52,18,80,48,12,60,140
08/21/2002,CKB,WV,AEA,CE,Towers with Radar,0,13,13,9,35,0,0,92,4,96,0,13,105,13,131,118,0,118,249
08/22/2002,CKB,WV,AEA,CE,Towers with Radar,0,14,16,21,51,0,0,85,24,109,0,14,101,45,160,54,48,102,262
08/23/2002,CKB,WV,AEA,CE,Towers with Radar,0,10,7,9,26,0,0,22,14,36,0,10,29,23,62,22,16,38,100
08/24/2002,CKB,WV,AEA,CE,Towers with Radar,0,13,8,3,24,0,0,17,8,25,0,13,25,11,49,8,2,10,59
08/25/2002,CKB,WV,AEA,CE,Towers with Radar,0,14,8,0,22,0,0,69,8,77,0,14,77,8,99,50,0,50,149
08/26/2002,CKB,WV,AEA,CE,Towers with Radar,5,13,10,13,41,0,1,70,20,91,5,14,80,33,132,98,52,150,282
08/27/2002,CKB,WV,AEA,CE,Towers with Radar,0,14,11,12,37,0,0,24,25,49,0,14,35,37,86,50,60,110,196
08/28/2002,CKB,WV,AEA,CE,Towers with Radar,0,12,7,10,29,0,0,39,32,71,0,12,46,42,100,102,64,166,266
08/29/2002,CKB,WV,AEA,CE,Towers with Radar,0,18,17,18,53,0,0,90,60,150,0,18,107,78,203,110,60,170,373
08/30/2002,CKB,WV,AEA,CE,Towers with Radar,0,9,9,4,22,0,2,73,20,95,0,11,82,24,117,130,64,194,311
08/31/2002,CKB,WV,AEA,CE,Towers with Radar,0,4,13,0,17,0,1,72,0,73,0,5,85,0,90,6,0,6,96
09/01/2002,CKB,WV,AEA,CE,Towers with Radar,0,5,10,0,15,0,0,77,0,77,0,5,87,0,92,66,0,66,158
09/02/2002,CKB,WV,AEA,CE,Towers with Radar,0,8,8,0,16,1,3,55,0,59,1,11,63,0,75,108,0,108,183
09/03/2002,CKB,WV,AEA,CE,Towers with Radar,0,10,17,4,31,0,1,40,110,151,0,11,57,114,182,48,46,94,276
09/04/2002,CKB,WV,AEA,CE,Towers with Radar,0,11,8,0,19,0,2,65,19,86,0,13,73,19,105,94,46,140,245
09/05/2002,CKB,WV,AEA,CE,Towers with Radar,0,8,12,9,29,0,0,84,13,97,0,8,96,22,126,44,84,128,254
09/06/2002,CKB,WV,AEA,CE,Towers with Radar,2,12,16,4,34,0,3,65,27,95,2,15,81,31,129,50,68,118,247
09/07/2002,CKB,WV,AEA,CE,Towers with Radar,0,5,4,0,9,0,0,49,1,50,0,5,53,1,59,88,0,88,147
09/08/2002,CKB,WV,AEA,CE,Towers with Radar,0,7,11,0,18,0,0,82,4,86,0,7,93,4,104,108,0,108,212
09/09/2002,CKB,WV,AEA,CE,Towers with Radar,0,10,10,6,26,0,0,55,18,73,0,10,65,24,99,102,70,172,271
09/10/2002,CKB,WV,AEA,CE,Towers with Radar,0,14,9,9,32,0,0,70,28,98,0,14,79,37,130,100,80,180,310
09/11/2002,CKB,WV,AEA,CE,Towers with Radar,0,15,21,9,45,0,0,37,17,54,0,15,58,26,99,80,62,142,241
09/12/2002,CKB,WV,AEA,CE,Towers with Radar,0,12,13,15,40,0,22,81,50,153,0,34,94,65,193,62,26,88,281
09/13/2002,CKB,WV,AEA,CE,Towers with Radar,0,11,16,12,39,0,0,68,15,83,0,11,84,27,122,118,86,204,326
09/14/2002,CKB,WV,AEA,CE,Towers with Radar,0,6,14,0,20,0,0,23,0,23,0,6,37,0,43,68,0,68,111
09/15/2002,CKB,WV,AEA,CE,Towers with Radar,0,8,2,0,10,0,0,13,0,13,0,8,15,0,23,66,0,66,89
09/16/2002,CKB,WV,AEA,CE,Towers with Radar,0,19,22,24,65,0,0,26,0,26,0,19,48,24,91,48,12,60,151
09/17/2002,CKB,WV,AEA,CE,Towers with Radar,0,11,14,13,38,0,0,63,7,70,0,11,77,20,108,40,10,50,158
09/18/2002,CKB,WV,AEA,CE,Towers with Radar,0,9,9,20,38,0,1,39,4,44,0,10,48,24,82,58,38,96,178
09/19/2002,CKB,WV,AEA,CE,Towers with Radar,0,9,12,10,31,0,12,23,23,58,0,21,35,33,89,40,50,90,179
09/20/2002,CKB,WV,AEA,CE,Towers with Radar,0,10,10,15,35,0,0,54,3,57,0,10,64,18,92,14,6,20,112
09/21/2002,CKB,WV,AEA,CE,Towers with Radar,0,13,7,0,20,1,0,6,0,7,1,13,13,0,27,16,0,16,43
09/22/2002,CKB,WV,AEA,CE,Towers with Radar,0,10,16,0,26,0,1,10,0,11,0,11,26,0,37,22,0,22,59
09/23/2002,CKB,WV,AEA,CE,Towers with Radar,0,12,31,14,57,0,4,77,3,84,0,16,108,17,141,86,0,86,227
09/24/2002,CKB,WV,AEA,CE,Towers with Radar,0,13,22,14,49,0,0,63,0,63,0,13,85,14,112,34,2,36,148
09/25/2002,CKB,WV,AEA,CE,Towers with Radar,0,18,13,10,41,0,8,61,5,74,0,26,74,15,115,38,4,42,157
09/26/2002,CKB,WV,AEA,CE,Towers with Radar,0,6,2,5,13,0,0,0,0,0,0,6,2,5,13,0,0,0,13
09/27/2002,CKB,WV,AEA,CE,Towers with Radar,0,11,10,2,23,0,0,10,5,15,0,11,20,7,38,4,0,4,42
09/28/2002,CKB,WV,AEA,CE,Towers with Radar,2,7,14,0,23,0,0,57,0,57,2,7,71,0,80,66,0,66,146
09/29/2002,CKB,WV,AEA,CE,Towers with Radar,0,6,9,0,15,0,0,37,1,38,0,6,46,1,53,88,0,88,141
09/30/2002,CKB,WV,AEA,CE,Towers with Radar,0,11,24,3,38,0,4,78,8,90,0,15,102,11,128,84,4,88,216
10/01/2002,CKB,WV,AEA,CE,Towers with Radar,0,13,28,2,43,0,0,33,0,33,0,13,61,2,76,92,0,92,168
10/02/2002,CKB,WV,AEA,CE,Towers with Radar,0,8,12,2,22,0,0,10,0,10,0,8,22,2,32,0,0,0,32
10/03/2002,CKB,WV,AEA,CE,Towers with Radar,0,11,19,0,30,0,0,39,0,39,0,11,58,0,69,40,0,40,109
10/04/2002,CKB,WV,AEA,CE,Towers with Radar,0,16,9,0,25,0,0,11,0,11,0,16,20,0,36,22,0,22,58
10/05/2002,CKB,WV,AEA,CE,Towers with Radar,0,4,10,2,16,0,0,27,7,34,0,4,37,9,50,34,0,34,84
10/06/2002,CKB,WV,AEA,CE,Towers with Radar,0,6,8,0,14,0,0,38,0,38,0,6,46,0,52,38,0,38,90
10/07/2002,CKB,WV,AEA,CE,Towers with Radar,0,9,11,2,22,0,0,28,0,28,0,9,39,2,50,8,0,8,58
10/08/2002,CKB,WV,AEA,CE,Towers with Radar,0,9,15,2,26,0,1,46,1,48,0,10,61,3,74,54,0,54,128
10/09/2002,CKB,WV,AEA,CE,Towers with Radar,0,11,19,0,30,6,4,56,0,66,6,15,75,0,96,48,0,48,144
10/10/2002,CKB,WV,AEA,CE,Towers with Radar,0,8,15,0,23,0,0,0,0,0,0,8,15,0,23,0,0,0,23
10/11/2002,CKB,WV,AEA,CE,Towers with Radar,0,10,7,0,17,0,0,2,0,2,0,10,9,0,19,0,0,0,19
10/12/2002,CKB,WV,AEA,CE,Towers with Radar,0,6,12,0,18,0,0,12,0,12,0,6,24,0,30,6,0,6,36
10/13/2002,CKB,WV,AEA,CE,Towers with Radar,2,7,4,0,13,0,0,13,0,13,2,7,17,0,26,12,0,12,38
10/14/2002,CKB,WV,AEA,CE,Towers with Radar,0,14,16,0,30,0,13,91,0,104,0,27,107,0,134,118,0,118,252
10/15/2002,CKB,WV,AEA,CE,Towers with Radar,1,10,10,2,23,0,7,67,30,104,1,17,77,32,127,70,34,104,231
10/16/2002,CKB,WV,AEA,CE,Towers with Radar,0,12,11,0,23,0,4,0,0,4,0,16,11,0,27,0,0,0,27
10/17/2002,CKB,WV,AEA,CE,Towers with Radar,0,14,21,2,37,0,2,5,7,14,0,16,26,9,51,2,2,4,55
10/18/2002,CKB,WV,AEA,CE,Towers with Radar,2,11,7,10,30,0,1,57,17,75,2,12,64,27,105,44,90,134,239
10/19/2002,CKB,WV,AEA,CE,Towers with Radar,2,9,11,0,22,0,12,16,0,28,2,21,27,0,50,32,2,34,84
10/20/2002,CKB,WV,AEA,CE,Towers with Radar,0,10,8,1,19,0,0,35,0,35,0,10,43,1,54,42,0,42,96
10/21/2002,CKB,WV,AEA,CE,Towers with Radar,0,12,11,8,31,0,0,113,25,138,0,12,124,33,169,70,84,154,323
10/22/2002,CKB,WV,AEA,CE,Towers with Radar,0,10,12,9,31,0,0,86,10,96,0,10,98,19,127,88,0,88,215
10/23/2002,CKB,WV,AEA,CE,Towers with Radar,0,11,18,15,44,0,1,36,12,49,0,12,54,27,93,40,18,58,151
10/24/2002,CKB,WV,AEA,CE,Towers with Radar,0,8,19,9,36,0,1,11,28,40,0,9,30,37,76,44,36,80,156
10/25/2002,CKB,WV,AEA,CE,Towers with Radar,0,9,12,9,30,0,0,46,42,88,0,9,58,51,118,24,84,108,226
10/26/2002,CKB,WV,AEA,CE,Towers with Radar,0,11,14,0,25,0,1,3,0,4,0,12,17,0,29,0,0,0,29
10/27/2002,CKB,WV,AEA,CE,Towers with Radar,0,6,11,0,17,0,5,19,0,24,0,11,30,0,41,46,0,46,87
10/28/2002,CKB,WV,AEA,CE,Towers with Radar,0,8,11,0,19,0,0,28,38,66,0,8,39,38,85,34,78,112,197
10/29/2002,CKB,WV,AEA,CE,Towers with Radar,1,9,6,4,20,0,1,3,29,33,1,10,9,33,53,4,32,36,89
10/30/2002,CKB,WV,AEA,CE,Towers with Radar,0,8,19,10,37,1,0,2,2,5,1,8,21,12,42,0,0,0,42
10/31/2002,CKB,WV,AEA,CE,Towers with Radar,1,9,13,19,42,0,0,13,0,13,1,9,26,19,55,58,0,58,113
11/01/2002,CKB,WV,AEA,CE,Towers with Radar,1,11,17,6,35,0,0,12,5,17,1,11,29,11,52,6,8,14,66
11/02/2002,CKB,WV,AEA,CE,Towers with Radar,3,6,9,7,25,0,0,51,5,56,3,6,60,12,81,80,12,92,173
11/03/2002,CKB,WV,AEA,CE,Towers with Radar,0,9,9,2,20,0,0,60,3,63,0,9,69,5,83,62,0,62,145
11/04/2002,CKB,WV,AEA,CE,Towers with Radar,0,14,20,13,47,0,0,12,3,15,0,14,32,16,62,0,2,2,64
11/05/2002,CKB,WV,AEA,CE,Towers with Radar,0,14,15,6,35,0,0,63,64,127,0,14,78,70,162,66,86,152,314
11/06/2002,CKB,WV,AEA,CE,Towers with Radar,0,9,11,2,22,0,0,0,1,1,0,9,11,3,23,0,4,4,27
11/07/2002,CKB,WV,AEA,CE,Towers with Radar,2,14,21,12,49,0,0,21,24,45,2,14,42,36,94,40,80,120,214
11/08/2002,CKB,WV,AEA,CE,Towers with Radar,1,20,20,6,47,0,0,83,29,112,1,20,103,35,159,32,74,106,265
11/09/2002,CKB,WV,AEA,CE,Towers with Radar,1,10,5,0,16,0,0,65,0,65,1,10,70,0,81,86,0,86,167
11/10/2002,CKB,WV,AEA,CE,Towers with Radar,0,20,10,0,30,0,0,28,2,30,0,20,38,2,60,58,4,62,122
11/11/2002,CKB,WV,AEA,CE,Towers with Radar,0,10,7,10,27,0,0,42,0,42,0,10,49,10,69,50,0,50,119
11/12/2002,CKB,WV,AEA,CE,Towers with Radar,0,10,9,16,35,0,1,4,1,6,0,11,13,17,41,0,0,0,41
11/13/2002,CKB,WV,AEA,CE,Towers with Radar,0,10,20,27,57,0,0,59,9,68,0,10,79,36,125,70,46,116,241
11/14/2002,CKB,WV,AEA,CE,Towers with Radar,0,9,24,20,53,0,0,105,32,137,0,9,129,52,190,52,32,84,274
11/15/2002,CKB,WV,AEA,CE,Towers with Radar,2,11,25,16,54,0,0,70,20,90,2,11,95,36,144,70,30,100,244
11/16/2002,CKB,WV,AEA,CE,Towers with Radar,2,7,10,0,19,0,0,0,0,0,2,7,10,0,19,0,0,0,19
11/17/2002,CKB,WV,AEA,CE,Towers with Radar,0,8,3,0,11,0,0,0,0,0,0,8,3,0,11,0,0,0,11
11/18/2002,CKB,WV,AEA,CE,Towers with Radar,0,12,23,8,43,0,2,28,2,32,0,14,51,10,75,44,6,50,125
11/19/2002,CKB,WV,AEA,CE,Towers with Radar,0,8,10,9,27,0,0,14,1,15,0,8,24,10,42,0,4,4,46
11/20/2002,CKB,WV,AEA,CE,Towers with Radar,0,7,20,2,29,2,1,128,4,135,2,8,148,6,164,152,36,188,352
11/21/2002,CKB,WV,AEA,CE,Towers with Radar,0,10,19,2,31,0,0,45,0,45,0,10,64,2,76,144,0,144,220
11/22/2002,CKB,WV,AEA,CE,Towers with Radar,0,12,6,0,18,0,0,0,0,0,0,12,6,0,18,0,0,0,18
11/23/2002,CKB,WV,AEA,CE,Towers with Radar,0,10,11,0,21,0,1,44,2,47,0,11,55,2,68,98,0,98,166
11/24/2002,CKB,WV,AEA,CE,Towers with Radar,0,7,17,0,24,0,1,66,0,67,0,8,83,0,91,92,0,92,183
11/25/2002,CKB,WV,AEA,CE,Towers with Radar,0,8,16,3,27,0,0,30,1,31,0,8,46,4,58,24,0,24,82
11/26/2002,CKB,WV,AEA,CE,Towers with Radar,2,14,15,2,33,0,2,4,0,6,2,16,19,2,39,18,0,18,57
11/27/2002,CKB,WV,AEA,CE,Towers with Radar,1,16,7,4,28,4,0,3,0,7,5,16,10,4,35,0,4,4,39
11/28/2002,CKB,WV,AEA,CE,Towers with Radar,0,8,2,0,10,0,0,11,0,11,0,8,13,0,21,0,0,0,21
11/29/2002,CKB,WV,AEA,CE,Towers with Radar,0,6,6,0,12,0,0,11,3,14,0,6,17,3,26,4,0,4,30
11/30/2002,CKB,WV,AEA,CE,Towers with Radar,0,5,12,0,17,0,0,8,0,8,0,5,20,0,25,0,0,0,25
12/01/2002,CKB,WV,AEA,CE,Towers with Radar,0,10,7,0,17,0,0,11,0,11,0,10,18,0,28,16,0,16,44
12/02/2002,CKB,WV,AEA,CE,Towers with Radar,0,12,8,9,29,0,3,75,3,81,0,15,83,12,110,68,10,78,188
12/03/2002,CKB,WV,AEA,CE,Towers with Radar,0,9,14,2,25,0,0,25,6,31,0,9,39,8,56,44,24,68,124
12/04/2002,CKB,WV,AEA,CE,Towers with Radar,0,9,14,10,33,0,0,27,18,45,0,9,41,28,78,44,24,68,146
12/05/2002,CKB,WV,AEA,CE,Towers with Radar,0,9,7,2,18,1,2,0,0,3,1,11,7,2,21,0,0,0,21
12/06/2002,CKB,WV,AEA,CE,Towers with Radar,1,14,10,2,27,0,1,23,0,24,1,15,33,2,51,36,0,36,87
12/07/2002,CKB,WV,AEA,CE,Towers with Radar,0,7,10,0,17,0,0,59,2,61,0,7,69,2,78,34,0,34,112
12/08/2002,CKB,WV,AEA,CE,Towers with Radar,0,6,9,1,16,0,0,7,0,7,0,6,16,1,23,8,0,8,31
12/09/2002,CKB,WV,AEA,CE,Towers with Radar,0,9,10,0,19,0,1,42,10,53,0,10,52,10,72,104,32,136,208
12/10/2002,CKB,WV,AEA,CE,Towers with Radar,0,16,7,4,27,0,0,40,11,51,0,16,47,15,78,88,70,158,236
12/11/2002,CKB,WV,AEA,CE,Towers with Radar,2,10,2,0,14,0,0,0,0,0,2,10,2,0,14,0,0,0,14
12/12/2002,CKB,WV,AEA,CE,Towers with Radar,0,11,14,4,29,0,0,6,0,6,0,11,20,4,35,6,0,6,41
12/13/2002,CKB,WV,AEA,CE,Towers with Radar,0,9,18,0,27,0,0,14,1,15,0,9,32,1,42,10,0,10,52
12/14/2002,CKB,WV,AEA,CE,Towers with Radar,2,6,2,0,10,0,0,0,0,0,2,6,2,0,10,0,0,0,10
12/15/2002,CKB,WV,AEA,CE,Towers with Radar,0,13,11,0,24,0,2,28,0,30,0,15,39,0,54,70,0,70,124
12/16/2002,CKB,WV,AEA,CE,Towers with Radar,2,8,15,5,30,0,0,19,12,31,2,8,34,17,61,14,0,14,75
12/17/2002,CKB,WV,AEA,CE,Towers with Radar,0,7,26,1,34,0,0,51,0,51,0,7,77,1,85,98,0,98,183
12/18/2002,CKB,WV,AEA,CE,Towers with Radar,1,10,11,5,27,0,3,51,0,54,1,13,62,5,81,76,0,76,157
12/19/2002,CKB,WV,AEA,CE,Towers with Radar,2,11,12,0,25,0,0,53,3,56,2,11,65,3,81,48,6,54,135
12/20/2002,CKB,WV,AEA,CE,Towers with Radar,0,16,9,1,26,0,10,19,8,37,0,26,28,9,63,62,0,62,125
12/21/2002,CKB,WV,AEA,CE,Towers with Radar,0,10,9,0,19,0,2,16,0,18,0,12,25,0,37,16,0,16,53
12/22/2002,CKB,WV,AEA,CE,Towers with Radar,0,13,3,0,16,0,0,6,0,6,0,13,9,0,22,2,0,2,24
12/23/2002,CKB,WV,AEA,CE,Towers with Radar,0,11,8,0,19,0,0,21,0,21,0,11,29,0,40,34,0,34,74
12/24/2002,CKB,WV,AEA,CE,Towers with Radar,0,8,3,0,11,0,2,3,0,5,0,10,6,0,16,4,0,4,20
12/25/2002,CKB,WV,AEA,CE,Towers with Radar,0,3,0,0,3,0,0,0,0,0,0,3,0,0,3,0,0,0,3
12/26/2002,CKB,WV,AEA,CE,Towers with Radar,0,7,4,4,15,0,0,16,0,16,0,7,20,4,31,0,2,2,33
12/27/2002,CKB,WV,AEA,CE,Towers with Radar,0,9,12,5,26,0,0,29,4,33,0,9,41,9,59,47,8,55,114
12/28/2002,CKB,WV,AEA,CE,Towers with Radar,0,10,0,0,10,0,0,3,0,3,0,10,3,0,13,2,0,2,15
12/29/2002,CKB,WV,AEA,CE,Towers with Radar,0,6,14,0,20,0,1,47,0,48,0,7,61,0,68,12,0,12,80
12/30/2002,CKB,WV,AEA,CE,Towers with Radar,0,10,19,5,34,0,0,25,15,40,0,10,44,20,74,38,10,48,122
12/31/2002,CKB,WV,AEA,CE,Towers with Radar,0,15,3,0,18,0,0,30,0,30,0,15,33,0,48,90,0,90,138
01/01/2003,CKB,WV,AEA,CE,Towers with Radar,0,0,0,0,0,0,7,0,0,7,0,7,0,0,7,0,0,0,7
01/02/2003,CKB,WV,AEA,CE,Towers with Radar,0,12,5,0,17,0,0,1,0,1,0,12,6,0,18,0,0,0,18
01/03/2003,CKB,WV,AEA,CE,Towers with Radar,0,9,2,0,11,0,0,1,0,1,0,9,3,0,12,0,0,0,12
01/04/2003,CKB,WV,AEA,CE,Towers with Radar,0,5,5,0,10,0,0,2,0,2,0,5,7,0,12,2,0,2,14
01/05/2003,CKB,WV,AEA,CE,Towers with Radar,0,12,0,3,15,0,0,0,2,2,0,12,0,5,17,0,0,0,17
01/06/2003,CKB,WV,AEA,CE,Towers with Radar,0,13,2,1,16,0,0,1,0,1,0,13,3,1,17,0,0,0,17
01/07/2003,CKB,WV,AEA,CE,Towers with Radar,0,11,13,8,32,0,0,13,6,19,0,11,26,14,51,14,30,44,95
01/08/2003,CKB,WV,AEA,CE,Towers with Radar,0,10,8,3,21,1,2,42,7,52,1,12,50,10,73,48,10,58,131
01/09/2003,CKB,WV,AEA,CE,Towers with Radar,0,8,19,9,36,1,0,46,11,58,1,8,65,20,94,26,0,26,120
01/10/2003,CKB,WV,AEA,CE,Towers with Radar,0,12,13,8,33,0,2,0,6,8,0,14,13,14,41,2,0,2,43
01/11/2003,CKB,WV,AEA,CE,Towers with Radar,0,4,16,0,20,0,0,21,0,21,0,4,37,0,41,32,0,32,73
01/12/2003,CKB,WV,AEA,CE,Towers with Radar,0,9,12,2,23,0,0,52,12,64,0,9,64,14,87,52,16,68,155
01/13/2003,CKB,WV,AEA,CE,Towers with Radar,0,7,17,14,38,0,0,47,28,75,0,7,64,42,113,62,44,106,219
01/14/2003,CKB,WV,AEA,CE,Towers with Radar,0,10,6,8,24,0,0,0,1,1,0,10,6,9,25,2,14,16,41
01/15/2003,CKB,WV,AEA,CE,Towers with Radar,0,12,5,9,26,0,0,40,2,42,0,12,45,11,68,42,20,62,130
01/16/2003,CKB,WV,AEA,CE,Towers with Radar,0,10,8,10,28,0,0,15,16,31,0,10,23,26,59,34,8,42,101
01/17/2003,CKB,WV,AEA,CE,Towers with Radar,0,12,10,12,34,0,0,2,0,2,0,12,12,12,36,6,8,14,50
01/18/2003,CKB,WV,AEA,CE,Towers with Radar,0,12,13,1,26,0,0,10,3,13,0,12,23,4,39,50,16,66,105
01/19/2003,CKB,WV,AEA,CE,Towers with Radar,0,9,2,1,12,0,0,6,0,6,0,9,8,1,18,10,0,10,28
01/20/2003,CKB,WV,AEA,CE,Towers with Radar,0,10,8,0,18,0,1,5,0,6,0,11,13,0,24,16,0,16,40
01/21/2003,CKB,WV,AEA,CE,Towers with Radar,0,6,3,10,19,0,2,33,9,44,0,8,36,19,63,60,72,132,195
01/22/2003,CKB,WV,AEA,CE,Towers with Radar,0,11,15,11,37,0,1,58,33,92,0,12,73,44,129,76,28,104,233
01/23/2003,CKB,WV,AEA,CE,Towers with Radar,0,11,10,8,29,0,3,3,0,6,0,14,13,8,35,0,0,0,35
01/24/2003,CKB,WV,AEA,CE,Towers with Radar,0,5,13,8,26,1,0,13,6,20,1,5,26,14,46,50,0,50,96
01/25/2003,CKB,WV,AEA,CE,Towers with Radar,0,6,5,3,14,0,1,40,1,42,0,7,45,4,56,104,6,110,166
01/26/2003,CKB,WV,AEA,CE,Towers with Radar,0,9,10,0,19,0,0,0,0,0,0,9,10,0,19,4,0,4,23
01/27/2003,CKB,WV,AEA,CE,Towers with Radar,0,12,8,21,41,0,2,53,46,101,0,14,61,67,142,62,40,102,244
01/28/2003,CKB,WV,AEA,CE,Towers with Radar,1,15,17,17,50,1,0,16,16,33,2,15,33,33,83,70,82,152,235
01/29/2003,CKB,WV,AEA,CE,Towers with Radar,0,11,6,0,17,0,0,4,0,4,0,11,10,0,21,0,0,0,21
01/30/2003,CKB,WV,AEA,CE,Towers with Radar,0,7,23,26,56,0,1,56,24,81,0,8,79,50,137,66,62,128,265
01/31/2003,CKB,WV,AEA,CE,Towers with Radar,0,13,15,12,40,0,0,25,41,66,0,13,40,53,106,75,90,165,271
02/01/2003,CKB,WV,AEA,CE,Towers with Radar,0,9,0,1,10,1,0,12,3,16,1,9,12,4,26,42,4,46,72
02/02/2003,CKB,WV,AEA,CE,Towers with Radar,0,9,3,0,12,0,0,13,0,13,0,9,16,0,25,0,0,0,25
02/03/2003,CKB,WV,AEA,CE,Towers with Radar,1,13,23,20,57,0,1,54,25,80,1,14,77,45,137,50,56,106,243
02/04/2003,CKB,WV,AEA,CE,Towers with Radar,0,8,3,1,12,0,0,3,4,7,0,8,6,5,19,14,4,18,37
02/05/2003,CKB,WV,AEA,CE,Towers with Radar,1,12,23,27,63,0,3,41,11,55,1,15,64,38,118,22,14,36,154
02/06/2003,CKB,WV,AEA,CE,Towers with Radar,0,12,10,18,40,0,0,75,11,86,0,12,85,29,126,70,4,74,200
02/07/2003,CKB,WV,AEA,CE,Towers with Radar,0,11,6,2,19,0,0,0,0,0,0,11,6,2,19,0,0,0,19
02/08/2003,CKB,WV,AEA,CE,Towers with Radar,0,10,14,4,28,0,0,33,0,33,0,10,47,4,61,16,0,16,77
02/09/2003,CKB,WV,AEA,CE,Towers with Radar,0,9,3,2,14,0,2,17,0,19,0,11,20,2,33,28,0,28,61
02/10/2003,CKB,WV,AEA,CE,Towers with Radar,1,8,2,2,13,0,0,3,0,3,1,8,5,2,16,0,0,0,16
02/11/2003,CKB,WV,AEA,CE,Towers with Radar,0,13,12,4,29,0,0,8,4,12,0,13,20,8,41,4,38,42,83
02/12/2003,CKB,WV,AEA,CE,Towers with Radar,0,10,1,7,18,0,0,16,0,16,0,10,17,7,34,12,6,18,52
02/13/2003,CKB,WV,AEA,CE,Towers with Radar,0,7,9,2,18,0,0,11,3,14,0,7,20,5,32,14,0,14,46
02/14/2003,CKB,WV,AEA,CE,Towers with Radar,0,8,6,3,17,0,1,27,6,34,0,9,33,9,51,50,16,66,117
02/15/2003,CKB,WV,AEA,CE,Towers with Radar,0,5,0,0,5,0,0,0,0,0,0,5,0,0,5,0,0,0,5
02/16/2003,CKB,WV,AEA,CE,Towers with Radar,0,0,0,0,0,0,0,0,0,0,0,0,0,0,0,0,0,0,0
02/17/2003,CKB,WV,AEA,CE,Towers with Radar,0,0,2,0,2,0,0,0,0,0,0,0,2,0,2,0,0,0,2
02/18/2003,CKB,WV,AEA,CE,Towers with Radar,1,10,4,4,19,0,3,9,0,12,1,13,13,4,31,0,4,4,35
02/19/2003,CKB,WV,AEA,CE,Towers with Radar,0,11,10,5,26,0,0,1,11,12,0,11,11,16,38,0,2,2,40
02/20/2003,CKB,WV,AEA,CE,Towers with Radar,0,10,16,13,39,0,0,45,26,71,0,10,61,39,110,62,56,118,228
02/21/2003,CKB,WV,AEA,CE,Towers with Radar,0,10,6,14,30,0,0,5,2,7,0,10,11,16,37,22,22,44,81
02/22/2003,CKB,WV,AEA,CE,Towers with Radar,1,15,1,0,17,0,0,5,0,5,1,15,6,0,22,10,0,10,32
02/23/2003,CKB,WV,AEA,CE,Towers with Radar,0,10,1,0,11,0,0,0,0,0,0,10,1,0,11,0,0,0,11
02/24/2003,CKB,WV,AEA,CE,Towers with Radar,3,10,4,0,17,0,0,0,0,0,3,10,4,0,17,0,0,0,17
02/25/2003,CKB,WV,AEA,CE,Towers with Radar,0,9,16,4,29,0,0,17,22,39,0,9,33,26,68,31,30,61,129
02/26/2003,CKB,WV,AEA,CE,Towers with Radar,1,13,13,4,31,0,0,0,0,0,1,13,13,4,31,0,0,0,31
02/27/2003,CKB,WV,AEA,CE,Towers with Radar,1,8,10,0,19,0,0,10,6,16,1,8,20,6,35,58,28,86,121
02/28/2003,CKB,WV,AEA,CE,Towers with Radar,0,8,5,4,17,0,0,0,18,18,0,8,5,22,35,0,2,2,37
03/01/2003,CKB,WV,AEA,CE,Towers with Radar,0,6,0,0,6,0,1,52,3,56,0,7,52,3,62,82,0,82,144
03/02/2003,CKB,WV,AEA,CE,Towers with Radar,0,6,1,0,7,0,0,4,0,4,0,6,5,0,11,14,0,14,25
03/03/2003,CKB,WV,AEA,CE,Towers with Radar,0,6,18,5,29,1,0,39,24,64,1,6,57,29,93,50,2,52,145
03/04/2003,CKB,WV,AEA,CE,Towers with Radar,2,16,7,4,29,0,1,97,10,108,2,17,104,14,137,96,10,106,243
03/05/2003,CKB,WV,AEA,CE,Towers with Radar,1,19,10,2,32,0,2,9,0,11,1,21,19,2,43,24,0,24,67
03/06/2003,CKB,WV,AEA,CE,Towers with Radar,0,15,17,4,36,0,0,0,0,0,0,15,17,4,36,0,0,0,36
03/07/2003,CKB,WV,AEA,CE,Towers with Radar,0,10,22,10,42,0,0,60,10,70,0,10,82,20,112,100,42,142,254
03/08/2003,CKB,WV,AEA,CE,Towers with Radar,0,7,6,0,13,0,0,80,0,80,0,7,86,0,93,144,0,144,237
03/09/2003,CKB,WV,AEA,CE,Towers with Radar,0,6,4,0,10,0,4,10,0,14,0,10,14,0,24,4,0,4,28
03/10/2003,CKB,WV,AEA,CE,Towers with Radar,2,10,20,5,37,0,1,31,38,70,2,11,51,43,107,6,44,50,157
03/11/2003,CKB,WV,AEA,CE,Towers with Radar,0,9,19,2,30,0,1,61,3,65,0,10,80,5,95,62,6,68,163
03/12/2003,CKB,WV,AEA,CE,Towers with Radar,0,11,20,4,35,0,0,30,30,60,0,11,50,34,95,40,10,50,145
03/13/2003,CKB,WV,AEA,CE,Towers with Radar,0,6,18,6,30,0,0,8,2,10,0,6,26,8,40,4,0,4,44
03/14/2003,CKB,WV,AEA,CE,Towers with Radar,0,12,14,9,35,0,0,62,30,92,0,12,76,39,127,80,102,182,309
03/15/2003,CKB,WV,AEA,CE,Towers with Radar,0,6,19,2,27,0,0,92,2,94,0,6,111,4,121,112,1,113,234
03/16/2003,CKB,WV,AEA,CE,Towers with Radar,0,7,24,0,31,0,3,80,0,83,0,10,104,0,114,108,0,108,222
03/17/2003,CKB,WV,AEA,CE,Towers with Radar,0,9,12,7,28,0,0,72,29,101,0,9,84,36,129,86,82,168,297
03/18/2003,CKB,WV,AEA,CE,Towers with Radar,0,11,14,7,32,0,0,50,44,94,0,11,64,51,126,56,68,124,250
03/19/2003,CKB,WV,AEA,CE,Towers with Radar,0,13,14,1,28,0,0,21,0,21,0,13,35,1,49,42,46,88,137
03/20/2003,CKB,WV,AEA,CE,Towers with Radar,0,14,8,9,31,0,0,12,14,26,0,14,20,23,57,72,58,130,187
03/21/2003,CKB,WV,AEA,CE,Towers with Radar,0,13,12,7,32,0,5,25,0,30,0,18,37,7,62,66,74,140,202
03/22/2003,CKB,WV,AEA,CE,Towers with Radar,2,11,22,3,38,0,0,35,6,41,2,11,57,9,79,48,0,48,127
03/23/2003,CKB,WV,AEA,CE,Towers with Radar,0,14,17,0,31,0,0,46,0,46,0,14,63,0,77,116,0,116,193
03/24/2003,CKB,WV,AEA,CE,Towers with Radar,0,10,7,11,28,0,0,91,20,111,0,10,98,31,139,108,110,218,357
03/25/2003,CKB,WV,AEA,CE,Towers with Radar,1,11,14,15,41,0,4,83,11,98,1,15,97,26,139,32,48,80,219
03/26/2003,CKB,WV,AEA,CE,Towers with Radar,1,11,15,13,40,0,0,17,3,20,1,11,32,16,60,16,32,48,108
03/27/2003,CKB,WV,AEA,CE,Towers with Radar,0,15,20,5,40,0,1,86,30,117,0,16,106,35,157,74,118,192,349
03/28/2003,CKB,WV,AEA,CE,Towers with Radar,0,14,23,3,40,0,6,30,36,72,0,20,53,39,112,82,106,188,300
03/29/2003,CKB,WV,AEA,CE,Towers with Radar,0,10,5,0,15,0,0,11,0,11,0,10,16,0,26,38,0,38,64
03/30/2003,CKB,WV,AEA,CE,Towers with Radar,0,13,3,0,16,0,0,0,0,0,0,13,3,0,16,0,0,0,16
03/31/2003,CKB,WV,AEA,CE,Towers with Radar,0,15,12,2,29,1,2,5,31,39,1,17,17,33,68,2,48,50,118
04/01/2003,CKB,WV,AEA,CE,Towers with Radar,0,9,15,3,27,0,0,39,52,91,0,9,54,55,118,28,86,114,232
04/02/2003,CKB,WV,AEA,CE,Towers with Radar,0,11,12,13,36,0,1,48,26,75,0,12,60,39,111,40,90,130,241
04/03/2003,CKB,WV,AEA,CE,Towers with Radar,0,8,17,13,38,0,0,55,16,71,0,8,72,29,109,88,88,176,285
04/04/2003,CKB,WV,AEA,CE,Towers with Radar,3,16,8,8,35,0,4,53,34,91,3,20,61,42,126,22,110,132,258
04/05/2003,CKB,WV,AEA,CE,Towers with Radar,0,8,0,0,8,0,0,12,0,12,0,8,12,0,20,36,0,36,56
04/06/2003,CKB,WV,AEA,CE,Towers with Radar,0,9,19,1,29,0,1,57,2,60,0,10,76,3,89,80,0,80,169
04/07/2003,CKB,WV,AEA,CE,Towers with Radar,2,11,12,19,44,0,3,7,7,17,2,14,19,26,61,2,8,10,71
04/08/2003,CKB,WV,AEA,CE,Towers with Radar,1,14,7,15,37,0,0,31,20,51,1,14,38,35,88,56,14,70,158
04/09/2003,CKB,WV,AEA,CE,Towers with Radar,1,7,5,24,37,0,0,13,7,20,1,7,18,31,57,22,20,42,99
04/10/2003,CKB,WV,AEA,CE,Towers with Radar,1,11,21,11,44,0,0,10,14,24,1,11,31,25,68,22,42,64,132
04/11/2003,CKB,WV,AEA,CE,Towers with Radar,0,12,16,13,41,0,0,13,23,36,0,12,29,36,77,18,0,18,95
04/12/2003,CKB,WV,AEA,CE,Towers with Radar,0,7,19,1,27,0,0,162,12,174,0,7,181,13,201,38,0,38,239
04/13/2003,CKB,WV,AEA,CE,Towers with Radar,0,11,23,2,36,0,0,152,6,158,0,11,175,8,194,94,0,94,288
04/14/2003,CKB,WV,AEA,CE,Towers with Radar,0,13,12,13,38,0,2,53,10,65,0,15,65,23,103,26,24,50,153
04/15/2003,CKB,WV,AEA,CE,Towers with Radar,0,6,5,6,17,0,0,42,4,46,0,6,47,10,63,70,16,86,149
04/16/2003,CKB,WV,AEA,CE,Towers with Radar,0,9,14,11,34,0,3,81,15,99,0,12,95,26,133,114,48,162,295
04/17/2003,CKB,WV,AEA,CE,Towers with Radar,2,10,16,5,33,0,0,26,4,30,2,10,42,9,63,42,18,60,123
04/18/2003,CKB,WV,AEA,CE,Towers with Radar,1,10,5,7,23,0,1,9,5,15,1,11,14,12,38,48,34,82,120
04/19/2003,CKB,WV,AEA,CE,Towers with Radar,2,9,19,0,30,0,0,96,0,96,2,9,115,0,126,10,0,10,136
04/20/2003,CKB,WV,AEA,CE,Towers with Radar,0,10,8,0,18,0,0,56,0,56,0,10,64,0,74,72,0,72,146
04/21/2003,CKB,WV,AEA,CE,Towers with Radar,1,14,6,12,33,0,0,24,10,34,1,14,30,22,67,36,8,44,111
04/22/2003,CKB,WV,AEA,CE,Towers with Radar,0,11,14,17,42,0,0,3,0,3,0,11,17,17,45,0,8,8,53
04/23/2003,CKB,WV,AEA,CE,Towers with Radar,0,9,9,5,23,0,0,45,7,52,0,9,54,12,75,74,18,92,167
04/24/2003,CKB,WV,AEA,CE,Towers with Radar,0,12,26,1,39,0,2,67,0,69,0,14,93,1,108,106,10,116,224
04/25/2003,CKB,WV,AEA,CE,Towers with Radar,2,12,7,3,24,0,0,35,7,42,2,12,42,10,66,16,8,24,90
04/26/2003,CKB,WV,AEA,CE,Towers with Radar,5,13,11,2,31,0,0,20,1,21,5,13,31,3,52,18,0,18,70
04/27/2003,CKB,WV,AEA,CE,Towers with Radar,0,11,7,0,18,0,0,81,4,85,0,11,88,4,103,74,0,74,177
04/28/2003,CKB,WV,AEA,CE,Towers with Radar,0,10,18,0,28,0,0,40,0,40,0,10,58,0,68,78,0,78,146
04/29/2003,CKB,WV,AEA,CE,Towers with Radar,0,8,8,15,31,0,0,7,1,8,0,8,15,16,39,18,10,28,67
04/30/2003,CKB,WV,AEA,CE,Towers with Radar,1,10,7,12,30,0,0,41,5,46,1,10,48,17,76,44,40,84,160
05/01/2003,CKB,WV,AEA,CE,Towers with Radar,0,8,17,7,32,0,1,61,13,75,0,9,78,20,107,60,28,88,195
05/02/2003,CKB,WV,AEA,CE,Towers with Radar,0,13,14,8,35,0,0,18,5,23,0,13,32,13,58,16,0,16,74
05/03/2003,CKB,WV,AEA,CE,Towers with Radar,0,12,12,2,26,0,1,47,4,52,0,13,59,6,78,30,8,38,116
05/04/2003,CKB,WV,AEA,CE,Towers with Radar,0,10,17,0,27,0,1,48,1,50,0,11,65,1,77,104,0,104,181
05/05/2003,CKB,WV,AEA,CE,Towers with Radar,0,11,14,0,25,0,0,6,11,17,0,11,20,11,42,4,94,98,140
05/06/2003,CKB,WV,AEA,CE,Towers with Radar,0,15,18,6,39,0,3,25,17,45,0,18,43,23,84,50,74,124,208
05/07/2003,CKB,WV,AEA,CE,Towers with Radar,1,14,10,0,25,0,0,32,41,73,1,14,42,41,98,40,86,126,224
05/08/2003,CKB,WV,AEA,CE,Towers with Radar,1,9,12,5,27,0,0,29,22,51,1,9,41,27,78,46,76,122,200
05/09/2003,CKB,WV,AEA,CE,Towers with Radar,0,11,12,2,25,0,0,5,5,10,0,11,17,7,35,24,30,54,89
05/10/2003,CKB,WV,AEA,CE,Towers with Radar,0,8,2,0,10,0,0,6,0,6,0,8,8,0,16,12,0,12,28
05/11/2003,CKB,WV,AEA,CE,Towers with Radar,0,7,5,0,12,0,0,10,2,12,0,7,15,2,24,40,0,40,64
05/12/2003,CKB,WV,AEA,CE,Towers with Radar,0,10,8,0,18,0,0,7,0,7,0,10,15,0,25,24,0,24,49
05/13/2003,CKB,WV,AEA,CE,Towers with Radar,0,9,12,11,32,0,0,19,2,21,0,9,31,13,53,38,0,38,91
05/14/2003,CKB,WV,AEA,CE,Towers with Radar,0,10,20,6,36,0,9,73,26,108,0,19,93,32,144,86,98,184,328
05/15/2003,CKB,WV,AEA,CE,Towers with Radar,0,14,18,3,35,0,2,29,9,40,0,16,47,12,75,54,60,114,189
05/16/2003,CKB,WV,AEA,CE,Towers with Radar,0,10,16,33,59,0,1,50,25,76,0,11,66,58,135,60,32,92,227
05/17/2003,CKB,WV,AEA,CE,Towers with Radar,0,8,9,10,27,0,0,8,14,22,0,8,17,24,49,6,66,72,121
05/18/2003,CKB,WV,AEA,CE,Towers with Radar,0,10,9,0,19,0,0,10,1,11,0,10,19,1,30,0,2,2,32
05/19/2003,CKB,WV,AEA,CE,Towers with Radar,2,10,16,8,36,0,0,48,0,48,2,10,64,8,84,88,43,131,215
05/20/2003,CKB,WV,AEA,CE,Towers with Radar,0,12,17,12,41,0,0,41,28,69,0,12,58,40,110,92,24,116,226
05/21/2003,CKB,WV,AEA,CE,Towers with Radar,2,12,17,14,45,0,0,29,0,29,2,12,46,14,74,44,4,48,122
05/22/2003,CKB,WV,AEA,CE,Towers with Radar,0,11,16,9,36,0,3,21,22,46,0,14,37,31,82,30,92,122,204
05/23/2003,CKB,WV,AEA,CE,Towers with Radar,2,13,15,9,39,2,0,35,19,56,4,13,50,28,95,42,86,128,223
05/24/2003,CKB,WV,AEA,CE,Towers with Radar,0,11,18,0,29,2,0,60,4,66,2,11,78,4,95,18,0,18,113
05/25/2003,CKB,WV,AEA,CE,Towers with Radar,1,7,8,0,16,0,0,25,0,25,1,7,33,0,41,36,0,36,77
05/26/2003,CKB,WV,AEA,CE,Towers with Radar,0,10,6,0,16,0,0,29,0,29,0,10,35,0,45,12,0,12,57
05/27/2003,CKB,WV,AEA,CE,Towers with Radar,1,10,13,7,31,0,0,26,35,61,1,10,39,42,92,10,154,164,256
05/28/2003,CKB,WV,AEA,CE,Towers with Radar,0,14,23,15,52,0,0,21,8,29,0,14,44,23,81,18,10,28,109
05/29/2003,CKB,WV,AEA,CE,Towers with Radar,0,13,9,12,34,0,0,20,10,30,0,13,29,22,64,40,68,108,172
05/30/2003,CKB,WV,AEA,CE,Towers with Radar,0,10,26,11,47,0,3,19,5,27,0,13,45,16,74,60,8,68,142
05/31/2003,CKB,WV,AEA,CE,Towers with Radar,2,8,9,0,19,0,0,8,6,14,2,8,17,6,33,30,0,30,63
06/01/2003,CKB,WV,AEA,CE,Towers with Radar,0,9,4,0,13,0,0,28,0,28,0,9,32,0,41,42,0,42,83
06/02/2003,CKB,WV,AEA,CE,Towers with Radar,0,9,24,8,41,0,0,76,17,93,0,9,100,25,134,86,0,86,220
06/03/2003,CKB,WV,AEA,CE,Towers with Radar,2,10,18,4,34,0,0,2,0,2,2,10,20,4,36,0,2,2,38
06/04/2003,CKB,WV,AEA,CE,Towers with Radar,0,11,25,13,49,0,4,1,6,11,0,15,26,19,60,18,6,24,84
06/05/2003,CKB,WV,AEA,CE,Towers with Radar,0,9,16,9,34,0,0,41,9,50,0,9,57,18,84,0,14,14,98
06/06/2003,CKB,WV,AEA,CE,Towers with Radar,2,19,26,13,60,0,0,68,10,78,2,19,94,23,138,128,64,192,330
06/07/2003,CKB,WV,AEA,CE,Towers with Radar,0,5,19,4,28,0,3,10,0,13,0,8,29,4,41,28,0,28,69
06/08/2003,CKB,WV,AEA,CE,Towers with Radar,0,7,1,0,8,0,0,27,0,27,0,7,28,0,35,56,0,56,91
06/09/2003,CKB,WV,AEA,CE,Towers with Radar,0,11,10,8,29,0,0,44,16,60,0,11,54,24,89,14,14,28,117
06/10/2003,CKB,WV,AEA,CE,Towers with Radar,1,12,17,4,34,0,0,68,34,102,1,12,85,38,136,18,46,64,200
06/11/2003,CKB,WV,AEA,CE,Towers with Radar,0,11,15,14,40,0,2,29,26,57,0,13,44,40,97,46,50,96,193
06/12/2003,CKB,WV,AEA,CE,Towers with Radar,0,11,19,8,38,0,0,34,11,45,0,11,53,19,83,38,18,56,139
06/13/2003,CKB,WV,AEA,CE,Towers with Radar,0,12,11,12,35,0,1,4,0,5,0,13,15,12,40,0,0,0,40
06/14/2003,CKB,WV,AEA,CE,Towers with Radar,2,8,3,0,13,0,9,50,0,59,2,17,53,0,72,24,0,24,96
06/15/2003,CKB,WV,AEA,CE,Towers with Radar,4,12,3,0,19,0,0,2,1,3,4,12,5,1,22,0,0,0,22
06/16/2003,CKB,WV,AEA,CE,Towers with Radar,0,6,16,16,38,0,2,65,18,85,0,8,81,34,123,92,30,122,245
06/17/2003,CKB,WV,AEA,CE,Towers with Radar,0,10,10,6,26,0,0,14,7,21,0,10,24,13,47,60,22,82,129
06/18/2003,CKB,WV,AEA,CE,Towers with Radar,0,8,20,10,38,0,2,24,4,30,0,10,44,14,68,6,6,12,80
06/19/2003,CKB,WV,AEA,CE,Towers with Radar,0,8,9,12,29,0,0,2,0,2,0,8,11,12,31,0,0,0,31
06/20/2003,CKB,WV,AEA,CE,Towers with Radar,1,11,19,11,42,0,0,3,0,3,1,11,22,11,45,0,0,0,45
06/21/2003,CKB,WV,AEA,CE,Towers with Radar,0,7,21,1,29,0,0,15,1,16,0,7,36,2,45,0,4,4,49
06/22/2003,CKB,WV,AEA,CE,Towers with Radar,1,7,11,0,19,0,0,80,0,80,1,7,91,0,99,106,0,106,205
06/23/2003,CKB,WV,AEA,CE,Towers with Radar,0,9,22,5,36,0,9,110,0,119,0,18,132,5,155,44,22,66,221
06/24/2003,CKB,WV,AEA,CE,Towers with Radar,0,8,31,17,56,0,5,91,8,104,0,13,122,25,160,94,4,98,258
06/25/2003,CKB,WV,AEA,CE,Towers with Radar,0,9,22,7,38,0,0,73,9,82,0,9,95,16,120,34,32,66,186
06/26/2003,CKB,WV,AEA,CE,Towers with Radar,0,11,22,3,36,0,0,96,4,100,0,11,118,7,136,54,0,54,190
06/27/2003,CKB,WV,AEA,CE,Towers with Radar,0,14,12,0,26,0,0,46,2,48,0,14,58,2,74,94,8,102,176
06/28/2003,CKB,WV,AEA,CE,Towers with Radar,3,7,8,0,18,0,0,36,0,36,3,7,44,0,54,68,0,68,122
06/29/2003,CKB,WV,AEA,CE,Towers with Radar,2,10,24,2,38,0,0,40,2,42,2,10,64,4,80,82,4,86,166
06/30/2003,CKB,WV,AEA,CE,Towers with Radar,1,15,24,5,45,0,0,0,0,0,1,15,24,5,45,96,0,96,141
07/01/2003,CKB,WV,AEA,CE,Towers with Radar,0,12,8,6,26,0,1,35,3,39,0,13,43,9,65,50,32,82,147
07/02/2003,CKB,WV,AEA,CE,Towers with Radar,0,12,23,5,40,0,1,64,1,66,0,13,87,6,106,68,2,70,176
07/03/2003,CKB,WV,AEA,CE,Towers with Radar,0,7,32,0,39,0,0,63,0,63,0,7,95,0,102,45,0,45,147
07/04/2003,CKB,WV,AEA,CE,Towers with Radar,0,8,7,0,15,0,1,25,1,27,0,9,32,1,42,36,0,36,78
07/05/2003,CKB,WV,AEA,CE,Towers with Radar,0,10,3,0,13,0,1,33,0,34,0,11,36,0,47,28,0,28,75
07/06/2003,CKB,WV,AEA,CE,Towers with Radar,0,6,13,0,19,0,0,15,0,15,0,6,28,0,34,34,0,34,68
07/07/2003,CKB,WV,AEA,CE,Towers with Radar,0,14,17,5,36,0,1,19,9,29,0,15,36,14,65,46,16,62,127
07/08/2003,CKB,WV,AEA,CE,Towers with Radar,0,15,19,13,47,0,1,14,17,32,0,16,33,30,79,58,42,100,179
07/09/2003,CKB,WV,AEA,CE,Towers with Radar,0,13,12,10,35,0,0,13,16,29,0,13,25,26,64,44,66,110,174
07/10/2003,CKB,WV,AEA,CE,Towers with Radar,0,8,9,19,36,0,0,10,10,20,0,8,19,29,56,50,38,88,144
07/11/2003,CKB,WV,AEA,CE,Towers with Radar,1,9,14,4,28,0,0,14,10,24,1,9,28,14,52,52,26,78,130
07/12/2003,CKB,WV,AEA,CE,Towers with Radar,0,9,14,1,24,0,0,28,2,30,0,9,42,3,54,34,4,38,92
07/13/2003,CKB,WV,AEA,CE,Towers with Radar,1,7,15,0,23,0,0,68,0,68,1,7,83,0,91,22,0,22,113
07/14/2003,CKB,WV,AEA,CE,Towers with Radar,0,6,19,0,25,0,0,74,33,107,0,6,93,33,132,64,40,104,236
07/15/2003,CKB,WV,AEA,CE,Towers with Radar,0,11,22,5,38,0,0,90,25,115,0,11,112,30,153,166,48,214,367
07/16/2003,CKB,WV,AEA,CE,Towers with Radar,0,12,30,0,42,0,0,45,10,55,0,12,75,10,97,34,36,70,167
07/17/2003,CKB,WV,AEA,CE,Towers with Radar,0,15,27,3,45,0,0,51,2,53,0,15,78,5,98,70,20,90,188
07/18/2003,CKB,WV,AEA,CE,Towers with Radar,0,13,20,1,34,0,0,44,10,54,0,13,64,11,88,60,22,82,170
07/19/2003,CKB,WV,AEA,CE,Towers with Radar,0,16,8,1,25,2,0,80,0,82,2,16,88,1,107,14,1,15,122
07/20/2003,CKB,WV,AEA,CE,Towers with Radar,0,8,22,4,34,0,24,33,0,57,0,32,55,4,91,88,0,88,179
07/21/2003,CKB,WV,AEA,CE,Towers with Radar,1,11,13,0,25,0,0,39,16,55,1,11,52,16,80,58,30,88,168
07/22/2003,CKB,WV,AEA,CE,Towers with Radar,0,14,9,6,29,0,0,29,7,36,0,14,38,13,65,26,104,130,195
07/23/2003,CKB,WV,AEA,CE,Towers with Radar,0,15,16,2,33,0,0,10,0,10,0,15,26,2,43,40,1,41,84
07/24/2003,CKB,WV,AEA,CE,Towers with Radar,0,13,19,21,53,0,1,29,37,67,0,14,48,58,120,84,40,124,244
07/25/2003,CKB,WV,AEA,CE,Towers with Radar,0,10,17,3,30,0,0,83,16,99,0,10,100,19,129,64,48,112,241
07/26/2003,CKB,WV,AEA,CE,Towers with Radar,0,13,15,1,29,0,0,80,0,80,0,13,95,1,109,42,0,42,151
07/27/2003,CKB,WV,AEA,CE,Towers with Radar,0,10,14,0,24,0,0,50,0,50,0,10,64,0,74,60,0,60,134
07/28/2003,CKB,WV,AEA,CE,Towers with Radar,0,11,13,0,24,0,0,0,0,0,0,11,13,0,24,0,0,0,24
07/29/2003,CKB,WV,AEA,CE,Towers with Radar,1,10,25,6,42,0,0,47,13,60,1,10,72,19,102,70,32,102,204
07/30/2003,CKB,WV,AEA,CE,Towers with Radar,0,10,16,2,28,0,0,49,7,56,0,10,65,9,84,66,78,144,228
07/31/2003,CKB,WV,AEA,CE,Towers with Radar,0,9,19,4,32,0,0,14,17,31,0,9,33,21,63,44,64,108,171
08/01/2003,CKB,WV,AEA,CE,Towers with Radar,0,10,4,2,16,0,2,7,3,12,0,12,11,5,28,6,2,8,36
08/02/2003,CKB,WV,AEA,CE,Towers with Radar,0,6,7,0,13,0,0,30,0,30,0,6,37,0,43,104,0,104,147
08/03/2003,CKB,WV,AEA,CE,Towers with Radar,0,8,13,0,21,0,0,13,0,13,0,8,26,0,34,54,0,54,88
08/04/2003,CKB,WV,AEA,CE,Towers with Radar,0,8,12,5,25,0,0,34,23,57,0,8,46,28,82,68,66,134,216
08/05/2003,CKB,WV,AEA,CE,Towers with Radar,0,6,6,24,36,0,0,22,0,22,0,6,28,24,58,28,12,40,98
08/06/2003,CKB,WV,AEA,CE,Towers with Radar,1,18,9,9,37,0,0,21,9,30,1,18,30,18,67,78,40,118,185
08/07/2003,CKB,WV,AEA,CE,Towers with Radar,0,8,17,8,33,0,0,16,1,17,0,8,33,9,50,110,4,114,164
08/08/2003,CKB,WV,AEA,CE,Towers with Radar,0,11,13,9,33,0,0,10,0,10,0,11,23,9,43,0,24,24,67
08/09/2003,CKB,WV,AEA,CE,Towers with Radar,0,16,8,2,26,0,0,4,1,5,0,16,12,3,31,0,0,0,31
08/10/2003,CKB,WV,AEA,CE,Towers with Radar,0,7,19,0,26,0,4,13,0,17,0,11,32,0,43,32,0,32,75
08/11/2003,CKB,WV,AEA,CE,Towers with Radar,0,7,12,14,33,0,4,0,5,9,0,11,12,19,42,14,36,50,92
08/12/2003,CKB,WV,AEA,CE,Towers with Radar,0,10,13,14,37,0,0,65,9,74,0,10,78,23,111,78,40,118,229
08/13/2003,CKB,WV,AEA,CE,Towers with Radar,0,13,27,12,52,0,2,47,1,50,0,15,74,13,102,174,18,192,294
08/14/2003,CKB,WV,AEA,CE,Towers with Radar,0,11,17,9,37,0,0,41,3,44,0,11,58,12,81,86,28,114,195
08/15/2003,CKB,WV,AEA,CE,Towers with Radar,0,12,10,15,37,0,1,9,7,17,0,13,19,22,54,42,22,64,118
08/16/2003,CKB,WV,AEA,CE,Towers with Radar,1,7,12,0,20,0,0,19,0,19,1,7,31,0,39,64,0,64,103
08/17/2003,CKB,WV,AEA,CE,Towers with Radar,8,7,20,0,35,1,1,22,0,24,9,8,42,0,59,76,0,76,135
08/18/2003,CKB,WV,AEA,CE,Towers with Radar,0,11,21,7,39,0,0,51,11,62,0,11,72,18,101,28,30,58,159
08/19/2003,CKB,WV,AEA,CE,Towers with Radar,0,11,20,8,39,0,0,43,4,47,0,11,63,12,86,70,48,118,204
08/20/2003,CKB,WV,AEA,CE,Towers with Radar,0,9,24,13,46,0,0,58,11,69,0,9,82,24,115,72,0,72,187
08/21/2003,CKB,WV,AEA,CE,Towers with Radar,0,15,20,6,41,0,0,40,5,45,0,15,60,11,86,74,50,124,210
08/22/2003,CKB,WV,AEA,CE,Towers with Radar,0,13,21,0,34,0,0,22,0,22,0,13,43,0,56,18,12,30,86
08/23/2003,CKB,WV,AEA,CE,Towers with Radar,4,7,19,1,31,0,0,58,0,58,4,7,77,1,89,68,0,68,157
08/24/2003,CKB,WV,AEA,CE,Towers with Radar,0,15,21,1,37,0,0,43,1,44,0,15,64,2,81,80,0,80,161
08/25/2003,CKB,WV,AEA,CE,Towers with Radar,0,8,15,8,31,0,0,69,20,89,0,8,84,28,120,104,20,124,244
08/26/2003,CKB,WV,AEA,CE,Towers with Radar,0,10,22,6,38,0,0,71,20,91,0,10,93,26,129,100,58,158,287
08/27/2003,CKB,WV,AEA,CE,Towers with Radar,0,10,30,2,42,0,0,11,1,12,0,10,41,3,54,2,14,16,70
08/28/2003,CKB,WV,AEA,CE,Towers with Radar,0,20,30,12,62,0,0,79,28,107,0,20,109,40,169,70,98,168,337
08/29/2003,CKB,WV,AEA,CE,Towers with Radar,1,12,19,0,32,0,2,24,0,26,1,14,43,0,58,6,0,6,64
08/30/2003,CKB,WV,AEA,CE,Towers with Radar,1,5,3,0,9,2,0,8,0,10,3,5,11,0,19,0,0,0,19
08/31/2003,CKB,WV,AEA,CE,Towers with Radar,0,7,9,0,16,0,1,23,0,24,0,8,32,0,40,74,0,74,114
09/01/2003,CKB,WV,AEA,CE,Towers with Radar,0,10,13,0,23,0,0,12,0,12,0,10,25,0,35,46,0,46,81
09/02/2003,CKB,WV,AEA,CE,Towers with Radar,0,10,10,0,20,0,0,0,0,0,0,10,10,0,20,0,0,0,20
09/03/2003,CKB,WV,AEA,CE,Towers with Radar,1,7,13,9,30,0,0,28,12,40,1,7,41,21,70,76,54,130,200
09/04/2003,CKB,WV,AEA,CE,Towers with Radar,0,8,30,10,48,0,0,34,7,41,0,8,64,17,89,20,58,78,167
09/05/2003,CKB,WV,AEA,CE,Towers with Radar,2,11,34,19,66,0,5,19,2,26,2,16,53,21,92,36,58,94,186
09/06/2003,CKB,WV,AEA,CE,Towers with Radar,0,13,9,2,24,0,1,93,3,97,0,14,102,5,121,48,0,48,169
09/07/2003,CKB,WV,AEA,CE,Towers with Radar,0,7,10,5,22,0,0,52,0,52,0,7,62,5,74,70,0,70,144
09/08/2003,CKB,WV,AEA,CE,Towers with Radar,0,11,31,15,57,0,1,74,27,102,0,12,105,42,159,98,64,162,321
09/09/2003,CKB,WV,AEA,CE,Towers with Radar,0,13,31,16,60,0,0,116,62,178,0,13,147,78,238,112,86,198,436
09/10/2003,CKB,WV,AEA,CE,Towers with Radar,0,11,18,20,49,0,0,85,20,105,0,11,103,40,154,114,42,156,310
09/11/2003,CKB,WV,AEA,CE,Towers with Radar,0,14,25,15,54,1,7,118,14,140,1,21,143,29,194,106,70,176,370
09/12/2003,CKB,WV,AEA,CE,Towers with Radar,2,12,20,23,57,1,0,74,18,93,3,12,94,41,150,78,48,126,276
09/13/2003,CKB,WV,AEA,CE,Towers with Radar,3,11,16,3,33,0,0,48,0,48,3,11,64,3,81,93,0,93,174
09/14/2003,CKB,WV,AEA,CE,Towers with Radar,0,10,18,7,35,0,0,67,21,88,0,10,85,28,123,60,42,102,225
09/15/2003,CKB,WV,AEA,CE,Towers with Radar,0,12,15,14,41,0,0,20,6,26,0,12,35,20,67,54,24,78,145
09/16/2003,CKB,WV,AEA,CE,Towers with Radar,0,11,23,14,48,0,0,61,11,72,0,11,84,25,120,132,36,168,288
09/17/2003,CKB,WV,AEA,CE,Towers with Radar,1,11,17,11,40,0,0,78,19,97,1,11,95,30,137,138,42,180,317
09/18/2003,CKB,WV,AEA,CE,Towers with Radar,0,7,12,11,30,0,3,50,15,68,0,10,62,26,98,106,40,146,244
09/19/2003,CKB,WV,AEA,CE,Towers with Radar,0,15,8,1,24,0,0,14,24,38,0,15,22,25,62,24,0,24,86
09/20/2003,CKB,WV,AEA,CE,Towers with Radar,0,8,20,6,34,0,0,35,14,49,0,8,55,20,83,80,52,132,215
09/21/2003,CKB,WV,AEA,CE,Towers with Radar,0,8,10,0,18,0,0,61,1,62,0,8,71,1,80,70,0,70,150
09/22/2003,CKB,WV,AEA,CE,Towers with Radar,0,9,11,2,22,0,3,4,0,7,0,12,15,2,29,30,0,30,59
09/23/2003,CKB,WV,AEA,CE,Towers with Radar,2,8,25,18,53,0,0,49,0,49,2,8,74,18,102,40,8,48,150
09/24/2003,CKB,WV,AEA,CE,Towers with Radar,0,14,23,17,54,0,1,89,25,115,0,15,112,42,169,184,8,192,361
09/25/2003,CKB,WV,AEA,CE,Towers with Radar,0,14,28,11,53,0,2,15,2,19,0,16,43,13,72,22,0,22,94
09/26/2003,CKB,WV,AEA,CE,Towers with Radar,2,13,20,11,46,0,0,42,2,44,2,13,62,13,90,46,26,72,162
09/27/2003,CKB,WV,AEA,CE,Towers with Radar,0,8,3,0,11,0,0,11,35,46,0,8,14,35,57,0,0,0,57
09/28/2003,CKB,WV,AEA,CE,Towers with Radar,0,7,10,0,17,0,0,13,0,13,0,7,23,0,30,18,0,18,48
09/29/2003,CKB,WV,AEA,CE,Towers with Radar,0,8,17,6,31,0,0,37,10,47,0,8,54,16,78,70,16,86,164
09/30/2003,CKB,WV,AEA,CE,Towers with Radar,1,9,18,5,33,0,0,94,10,104,1,9,112,15,137,110,40,150,287
10/01/2003,CKB,WV,AEA,CE,Towers with Radar,0,15,26,4,45,0,0,34,0,34,0,15,60,4,79,112,8,120,199
10/02/2003,CKB,WV,AEA,CE,Towers with Radar,1,10,21,4,36,0,0,93,3,96,1,10,114,7,132,54,4,58,190
10/03/2003,CKB,WV,AEA,CE,Towers with Radar,2,14,17,6,39,0,0,36,12,48,2,14,53,18,87,62,4,66,153
10/04/2003,CKB,WV,AEA,CE,Towers with Radar,0,5,4,0,9,2,3,1,0,6,2,8,5,0,15,0,0,0,15
10/05/2003,CKB,WV,AEA,CE,Towers with Radar,0,7,14,4,25,0,0,70,0,70,0,7,84,4,95,90,0,90,185
10/06/2003,CKB,WV,AEA,CE,Towers with Radar,1,7,28,2,38,2,0,93,1,96,3,7,121,3,134,98,4,102,236
10/07/2003,CKB,WV,AEA,CE,Towers with Radar,0,10,30,5,45,0,0,82,0,82,0,10,112,5,127,128,0,128,255
10/08/2003,CKB,WV,AEA,CE,Towers with Radar,2,8,14,3,27,0,0,95,0,95,2,8,109,3,122,152,0,152,274
10/09/2003,CKB,WV,AEA,CE,Towers with Radar,0,12,22,1,35,0,0,104,0,104,0,12,126,1,139,172,0,172,311
10/10/2003,CKB,WV,AEA,CE,Towers with Radar,0,8,21,5,34,0,0,58,12,70,0,8,79,17,104,106,18,124,228
10/11/2003,CKB,WV,AEA,CE,Towers with Radar,4,7,11,0,22,0,0,50,0,50,4,7,61,0,72,66,0,66,138
10/12/2003,CKB,WV,AEA,CE,Towers with Radar,0,9,8,0,17,0,0,18,0,18,0,9,26,0,35,20,0,20,55
10/13/2003,CKB,WV,AEA,CE,Towers with Radar,2,12,23,0,37,0,0,67,0,67,2,12,90,0,104,106,0,106,210
10/14/2003,CKB,WV,AEA,CE,Towers with Radar,2,9,18,0,29,0,0,36,12,48,2,9,54,12,77,56,30,86,163
10/15/2003,CKB,WV,AEA,CE,Towers with Radar,1,16,16,1,34,0,3,29,0,32,1,19,45,1,66,38,0,38,104
10/16/2003,CKB,WV,AEA,CE,Towers with Radar,0,14,20,5,39,0,1,111,24,136,0,15,131,29,175,106,64,170,345
10/17/2003,CKB,WV,AEA,CE,Towers with Radar,0,8,18,2,28,0,0,16,5,21,0,8,34,7,49,48,0,48,97
10/18/2003,CKB,WV,AEA,CE,Towers with Radar,2,14,13,0,29,0,32,4,0,36,2,46,17,0,65,90,0,90,155
10/19/2003,CKB,WV,AEA,CE,Towers with Radar,0,13,18,1,32,1,0,59,0,60,1,13,77,1,92,72,0,72,164
10/20/2003,CKB,WV,AEA,CE,Towers with Radar,2,12,7,15,36,0,3,119,35,157,2,15,126,50,193,136,112,248,441
10/21/2003,CKB,WV,AEA,CE,Towers with Radar,2,10,12,7,31,0,0,27,10,37,2,10,39,17,68,18,24,42,110
10/22/2003,CKB,WV,AEA,CE,Towers with Radar,0,19,20,14,53,0,0,21,29,50,0,19,41,43,103,32,94,126,229
10/23/2003,CKB,WV,AEA,CE,Towers with Radar,0,10,21,13,44,0,0,43,41,84,0,10,64,54,128,134,134,268,396
10/24/2003,CKB,WV,AEA,CE,Towers with Radar,2,12,24,16,54,0,0,88,15,103,2,12,112,31,157,138,98,236,393
10/25/2003,CKB,WV,AEA,CE,Towers with Radar,0,10,8,0,18,0,2,69,0,71,0,12,77,0,89,96,0,96,185
10/26/2003,CKB,WV,AEA,CE,Towers with Radar,0,8,13,0,21,0,0,20,0,20,0,8,33,0,41,40,0,40,81
10/27/2003,CKB,WV,AEA,CE,Towers with Radar,1,6,15,5,27,0,0,15,0,15,1,6,30,5,42,26,20,46,88
10/28/2003,CKB,WV,AEA,CE,Towers with Radar,2,9,15,25,51,0,1,72,29,102,2,10,87,54,153,126,146,272,425
10/29/2003,CKB,WV,AEA,CE,Towers with Radar,0,10,7,19,36,0,2,35,30,67,0,12,42,49,103,54,42,96,199
10/30/2003,CKB,WV,AEA,CE,Towers with Radar,0,13,34,21,68,0,0,91,37,128,0,13,125,58,196,116,116,232,428
10/31/2003,CKB,WV,AEA,CE,Towers with Radar,3,9,14,18,44,0,2,50,11,63,3,11,64,29,107,92,82,174,281
11/01/2003,CKB,WV,AEA,CE,Towers with Radar,1,7,15,3,26,0,0,42,0,42,1,7,57,3,68,116,0,116,184
11/02/2003,CKB,WV,AEA,CE,Towers with Radar,1,11,15,0,27,0,0,40,0,40,1,11,55,0,67,56,0,56,123
11/03/2003,CKB,WV,AEA,CE,Towers with Radar,3,14,16,8,41,0,3,79,16,98,3,17,95,24,139,124,50,174,313
11/04/2003,CKB,WV,AEA,CE,Towers with Radar,0,8,23,4,35,0,0,81,15,96,0,8,104,19,131,78,44,122,253
11/05/2003,CKB,WV,AEA,CE,Towers with Radar,1,8,10,2,21,0,0,3,0,3,1,8,13,2,24,8,0,8,32
11/06/2003,CKB,WV,AEA,CE,Towers with Radar,1,11,3,0,15,0,0,0,0,0,1,11,3,0,15,0,0,0,15
11/07/2003,CKB,WV,AEA,CE,Towers with Radar,3,13,27,8,51,0,0,36,0,36,3,13,63,8,87,46,26,72,159
11/08/2003,CKB,WV,AEA,CE,Towers with Radar,2,6,16,3,27,0,3,62,1,66,2,9,78,4,93,30,2,32,125
11/09/2003,CKB,WV,AEA,CE,Towers with Radar,2,6,19,4,31,0,0,51,0,51,2,6,70,4,82,70,0,70,152
11/10/2003,CKB,WV,AEA,CE,Towers with Radar,0,7,8,2,17,0,0,71,2,73,0,7,79,4,90,104,8,112,202
11/11/2003,CKB,WV,AEA,CE,Towers with Radar,0,21,13,16,50,0,4,18,0,22,0,25,31,16,72,32,0,32,104
11/12/2003,CKB,WV,AEA,CE,Towers with Radar,0,14,20,15,49,0,0,5,2,7,0,14,25,17,56,0,0,0,56
11/13/2003,CKB,WV,AEA,CE,Towers with Radar,0,16,6,1,23,0,0,0,0,0,0,16,6,1,23,0,0,0,23
11/14/2003,CKB,WV,AEA,CE,Towers with Radar,0,12,9,7,28,0,0,24,2,26,0,12,33,9,54,38,12,50,104
11/15/2003,CKB,WV,AEA,CE,Towers with Radar,0,8,13,1,22,0,2,58,0,60,0,10,71,1,82,106,0,106,188
11/16/2003,CKB,WV,AEA,CE,Towers with Radar,0,10,30,0,40,0,0,11,0,11,0,10,41,0,51,22,0,22,73
11/17/2003,CKB,WV,AEA,CE,Towers with Radar,0,12,27,4,43,0,1,79,20,100,0,13,106,24,143,192,0,192,335
11/18/2003,CKB,WV,AEA,CE,Towers with Radar,0,14,30,7,51,0,2,16,3,21,0,16,46,10,72,62,10,72,144
11/19/2003,CKB,WV,AEA,CE,Towers with Radar,0,13,7,3,23,0,1,8,1,10,0,14,15,4,33,0,0,0,33
11/20/2003,CKB,WV,AEA,CE,Towers with Radar,0,16,26,0,42,0,0,62,0,62,0,16,88,0,104,72,0,72,176
11/21/2003,CKB,WV,AEA,CE,Towers with Radar,2,13,17,5,37,0,0,83,1,84,2,13,100,6,121,90,0,90,211
11/22/2003,CKB,WV,AEA,CE,Towers with Radar,3,7,20,0,30,1,8,72,0,81,4,15,92,0,111,66,0,66,177
11/23/2003,CKB,WV,AEA,CE,Towers with Radar,1,10,9,1,21,0,0,55,0,55,1,10,64,1,76,60,0,60,136
11/24/2003,CKB,WV,AEA,CE,Towers with Radar,0,12,17,4,33,0,0,6,4,10,0,12,23,8,43,40,18,58,101
11/25/2003,CKB,WV,AEA,CE,Towers with Radar,0,12,21,1,34,0,1,9,0,10,0,13,30,1,44,106,8,114,158
11/26/2003,CKB,WV,AEA,CE,Towers with Radar,0,9,24,0,33,0,1,23,0,24,0,10,47,0,57,12,0,12,69
11/27/2003,CKB,WV,AEA,CE,Towers with Radar,0,6,3,0,9,0,1,14,0,15,0,7,17,0,24,0,14,14,38
11/28/2003,CKB,WV,AEA,CE,Towers with Radar,1,3,4,0,8,0,2,8,1,11,1,5,12,1,19,44,0,44,63
11/29/2003,CKB,WV,AEA,CE,Towers with Radar,0,7,6,2,15,0,1,10,0,11,0,8,16,2,26,46,0,46,72
11/30/2003,CKB,WV,AEA,CE,Towers with Radar,0,10,8,1,19,0,0,44,0,44,0,10,52,1,63,66,0,66,129
12/01/2003,CKB,WV,AEA,CE,Towers with Radar,1,10,16,0,27,0,2,9,0,11,1,12,25,0,38,0,10,10,48
12/02/2003,CKB,WV,AEA,CE,Towers with Radar,0,12,6,8,26,0,1,41,19,61,0,13,47,27,87,36,30,66,153
12/03/2003,CKB,WV,AEA,CE,Towers with Radar,0,8,8,12,28,1,0,40,0,41,1,8,48,12,69,78,36,114,183
12/04/2003,CKB,WV,AEA,CE,Towers with Radar,0,15,8,5,28,0,0,16,8,24,0,15,24,13,52,46,22,68,120
12/05/2003,CKB,WV,AEA,CE,Towers with Radar,0,9,3,1,13,0,0,8,0,8,0,9,11,1,21,44,0,44,65
12/06/2003,CKB,WV,AEA,CE,Towers with Radar,1,8,3,0,12,0,0,11,0,11,1,8,14,0,23,0,0,0,23
12/07/2003,CKB,WV,AEA,CE,Towers with Radar,0,11,12,3,26,0,0,12,0,12,0,11,24,3,38,42,0,42,80
12/08/2003,CKB,WV,AEA,CE,Towers with Radar,0,10,32,8,50,0,2,39,13,54,0,12,71,21,104,96,34,130,234
12/09/2003,CKB,WV,AEA,CE,Towers with Radar,0,9,23,23,55,0,2,40,33,75,0,11,63,56,130,76,78,154,284
12/10/2003,CKB,WV,AEA,CE,Towers with Radar,0,10,10,5,25,0,0,30,10,40,0,10,40,15,65,88,82,170,235
12/11/2003,CKB,WV,AEA,CE,Towers with Radar,0,11,8,0,19,2,2,0,0,4,2,13,8,0,23,0,0,0,23
12/12/2003,CKB,WV,AEA,CE,Towers with Radar,0,9,22,16,47,0,0,35,0,35,0,9,57,16,82,14,24,38,120
12/13/2003,CKB,WV,AEA,CE,Towers with Radar,0,3,8,0,11,0,0,44,0,44,0,3,52,0,55,62,0,62,117
12/14/2003,CKB,WV,AEA,CE,Towers with Radar,0,6,0,0,6,0,0,0,0,0,0,6,0,0,6,0,0,0,6
12/15/2003,CKB,WV,AEA,CE,Towers with Radar,0,10,30,0,40,0,0,5,0,5,0,10,35,0,45,4,0,4,49
12/16/2003,CKB,WV,AEA,CE,Towers with Radar,1,16,13,0,30,2,1,36,5,44,3,17,49,5,74,78,6,84,158
12/17/2003,CKB,WV,AEA,CE,Towers with Radar,1,14,11,0,26,0,0,4,0,4,1,14,15,0,30,4,0,4,34
12/18/2003,CKB,WV,AEA,CE,Towers with Radar,2,12,26,5,45,0,0,6,0,6,2,12,32,5,51,22,0,22,73
12/19/2003,CKB,WV,AEA,CE,Towers with Radar,0,10,9,0,19,0,1,0,0,1,0,11,9,0,20,0,0,0,20
12/20/2003,CKB,WV,AEA,CE,Towers with Radar,0,8,3,0,11,0,0,1,0,1,0,8,4,0,12,0,0,0,12
12/21/2003,CKB,WV,AEA,CE,Towers with Radar,0,9,5,0,14,0,0,30,0,30,0,9,35,0,44,80,0,80,124
12/22/2003,CKB,WV,AEA,CE,Towers with Radar,0,12,16,7,35,0,0,33,8,41,0,12,49,15,76,52,16,68,144
12/23/2003,CKB,WV,AEA,CE,Towers with Radar,0,10,19,4,33,0,9,34,17,60,0,19,53,21,93,42,8,50,143
12/24/2003,CKB,WV,AEA,CE,Towers with Radar,0,3,2,0,5,0,0,0,1,1,0,3,2,1,6,0,0,0,6
12/25/2003,CKB,WV,AEA,CE,Towers with Radar,0,3,1,0,4,0,0,1,0,1,0,3,2,0,5,0,0,0,5
12/26/2003,CKB,WV,AEA,CE,Towers with Radar,0,7,7,0,14,0,0,14,0,14,0,7,21,0,28,58,0,58,86
12/27/2003,CKB,WV,AEA,CE,Towers with Radar,0,7,13,0,20,0,0,61,0,61,0,7,74,0,81,22,0,22,103
12/28/2003,CKB,WV,AEA,CE,Towers with Radar,0,7,9,0,16,0,3,55,0,58,0,10,64,0,74,56,0,56,130
12/29/2003,CKB,WV,AEA,CE,Towers with Radar,0,9,10,7,26,0,1,23,1,25,0,10,33,8,51,38,6,44,95
12/30/2003,CKB,WV,AEA,CE,Towers with Radar,0,9,9,5,23,0,1,15,9,25,0,10,24,14,48,50,16,66,114
12/31/2003,CKB,WV,AEA,CE,Towers with Radar,0,9,8,0,17,0,1,40,0,41,0,10,48,0,58,54,0,54,112
01/01/2004,CKB,WV,AEA,CE,Towers with Radar,0,5,0,0,5,0,0,33,0,33,0,5,33,0,38,38,0,38,76
01/02/2004,CKB,WV,AEA,CE,Towers with Radar,0,8,13,0,21,0,0,4,0,4,0,8,17,0,25,2,0,2,27
01/03/2004,CKB,WV,AEA,CE,Towers with Radar,0,10,12,0,22,0,0,13,0,13,0,10,25,0,35,46,0,46,81
01/04/2004,CKB,WV,AEA,CE,Towers with Radar,1,11,5,0,17,0,0,5,0,5,1,11,10,0,22,2,0,2,24
01/05/2004,CKB,WV,AEA,CE,Towers with Radar,0,8,2,0,10,0,0,9,0,9,0,8,11,0,19,40,0,40,59
01/06/2004,CKB,WV,AEA,CE,Towers with Radar,0,13,13,1,27,0,0,12,0,12,0,13,25,1,39,0,0,0,39
01/07/2004,CKB,WV,AEA,CE,Towers with Radar,0,12,13,1,26,0,0,20,0,20,0,12,33,1,46,60,0,60,106
01/08/2004,CKB,WV,AEA,CE,Towers with Radar,0,7,5,2,14,0,1,22,7,30,0,8,27,9,44,36,22,58,102
01/09/2004,CKB,WV,AEA,CE,Towers with Radar,0,7,21,4,32,0,0,13,6,19,0,7,34,10,51,14,18,32,83
01/10/2004,CKB,WV,AEA,CE,Towers with Radar,0,4,5,4,13,0,0,63,3,66,0,4,68,7,79,64,8,72,151
01/11/2004,CKB,WV,AEA,CE,Towers with Radar,0,6,4,2,12,0,0,49,0,49,0,6,53,2,61,82,0,82,143
01/12/2004,CKB,WV,AEA,CE,Towers with Radar,0,6,9,0,15,0,0,14,0,14,0,6,23,0,29,10,0,10,39
01/13/2004,CKB,WV,AEA,CE,Towers with Radar,0,9,14,0,23,0,0,4,0,4,0,9,18,0,27,18,0,18,45
01/14/2004,CKB,WV,AEA,CE,Towers with Radar,0,14,12,0,26,0,1,46,38,85,0,15,58,38,111,48,154,202,313
01/15/2004,CKB,WV,AEA,CE,Towers with Radar,0,8,7,2,17,0,1,8,12,21,0,9,15,14,38,2,24,26,64
01/16/2004,CKB,WV,AEA,CE,Towers with Radar,0,11,12,11,34,0,0,22,11,33,0,11,34,22,67,46,28,74,141
01/17/2004,CKB,WV,AEA,CE,Towers with Radar,0,6,6,0,12,0,0,23,0,23,0,6,29,0,35,56,0,56,91
01/18/2004,CKB,WV,AEA,CE,Towers with Radar,0,5,4,0,9,0,0,20,0,20,0,5,24,0,29,40,0,40,69
01/19/2004,CKB,WV,AEA,CE,Towers with Radar,1,8,16,0,25,0,16,5,0,21,1,24,21,0,46,22,0,22,68
01/20/2004,CKB,WV,AEA,CE,Towers with Radar,0,10,21,9,40,0,0,59,11,70,0,10,80,20,110,42,6,48,158
01/21/2004,CKB,WV,AEA,CE,Towers with Radar,0,6,13,11,30,0,0,42,24,66,0,6,55,35,96,22,90,112,208
01/22/2004,CKB,WV,AEA,CE,Towers with Radar,0,11,9,3,23,0,2,15,1,18,0,13,24,4,41,44,0,44,85
01/23/2004,CKB,WV,AEA,CE,Towers with Radar,0,11,19,9,39,0,0,36,34,70,0,11,55,43,109,62,112,174,283
01/24/2004,CKB,WV,AEA,CE,Towers with Radar,0,6,3,2,11,0,2,20,0,22,0,8,23,2,33,64,0,64,97
01/25/2004,CKB,WV,AEA,CE,Towers with Radar,0,6,5,2,13,0,0,15,1,16,0,6,20,3,29,12,0,12,41
01/26/2004,CKB,WV,AEA,CE,Towers with Radar,0,2,2,0,4,0,0,1,0,1,0,2,3,0,5,0,0,0,5
01/27/2004,CKB,WV,AEA,CE,Towers with Radar,0,11,4,0,15,0,0,0,0,0,0,11,4,0,15,0,0,0,15
01/28/2004,CKB,WV,AEA,CE,Towers with Radar,0,10,2,0,12,0,0,3,0,3,0,10,5,0,15,12,0,12,27
01/29/2004,CKB,WV,AEA,CE,Towers with Radar,0,15,16,12,43,0,1,1,3,5,0,16,17,15,48,10,4,14,62
01/30/2004,CKB,WV,AEA,CE,Towers with Radar,0,11,5,7,23,0,0,4,44,48,0,11,9,51,71,0,70,70,141
01/31/2004,CKB,WV,AEA,CE,Towers with Radar,0,4,10,13,27,0,1,41,50,92,0,5,51,63,119,56,130,186,305
02/01/2004,CKB,WV,AEA,CE,Towers with Radar,0,6,4,13,23,0,0,25,10,35,0,6,29,23,58,30,72,102,160
02/02/2004,CKB,WV,AEA,CE,Towers with Radar,0,11,23,22,56,0,0,45,38,83,0,11,68,60,139,48,78,126,265
02/03/2004,CKB,WV,AEA,CE,Towers with Radar,1,10,9,2,22,0,0,1,0,1,1,10,10,2,23,0,0,0,23
02/04/2004,CKB,WV,AEA,CE,Towers with Radar,2,10,18,27,57,0,2,46,1,49,2,12,64,28,106,64,55,119,225
02/05/2004,CKB,WV,AEA,CE,Towers with Radar,1,7,12,24,44,0,0,40,20,60,1,7,52,44,104,42,60,102,206
02/06/2004,CKB,WV,AEA,CE,Towers with Radar,0,10,10,18,38,0,4,18,0,22,0,14,28,18,60,46,0,46,106
02/07/2004,CKB,WV,AEA,CE,Towers with Radar,0,6,8,0,14,0,2,5,0,7,0,8,13,0,21,18,0,18,39
02/08/2004,CKB,WV,AEA,CE,Towers with Radar,0,10,7,6,23,0,0,67,8,75,0,10,74,14,98,86,18,104,202
02/09/2004,CKB,WV,AEA,CE,Towers with Radar,0,8,27,15,50,0,2,28,0,30,0,10,55,15,80,12,0,12,92
02/10/2004,CKB,WV,AEA,CE,Towers with Radar,0,9,27,18,54,0,0,39,4,43,0,9,66,22,97,10,34,44,141
02/11/2004,CKB,WV,AEA,CE,Towers with Radar,0,11,14,12,37,0,1,86,24,111,0,12,100,36,148,86,26,112,260
02/12/2004,CKB,WV,AEA,CE,Towers with Radar,0,10,22,7,39,0,0,45,4,49,0,10,67,11,88,158,22,180,268
02/13/2004,CKB,WV,AEA,CE,Towers with Radar,0,11,20,1,32,0,0,28,1,29,0,11,48,2,61,72,0,72,133
02/14/2004,CKB,WV,AEA,CE,Towers with Radar,0,6,12,0,18,0,0,56,0,56,0,6,68,0,74,112,0,112,186
02/15/2004,CKB,WV,AEA,CE,Towers with Radar,0,6,7,0,13,0,0,40,0,40,0,6,47,0,53,60,0,60,113
02/16/2004,CKB,WV,AEA,CE,Towers with Radar,0,7,16,0,23,0,0,63,0,63,0,7,79,0,86,92,0,92,178
02/17/2004,CKB,WV,AEA,CE,Towers with Radar,0,10,9,2,21,0,0,72,2,74,0,10,81,4,95,24,0,24,119
02/18/2004,CKB,WV,AEA,CE,Towers with Radar,3,10,21,5,39,0,0,45,6,51,3,10,66,11,90,90,34,124,214
02/19/2004,CKB,WV,AEA,CE,Towers with Radar,0,6,12,2,20,3,0,35,12,50,3,6,47,14,70,55,38,93,163
02/20/2004,CKB,WV,AEA,CE,Towers with Radar,0,11,18,2,31,0,0,54,6,60,0,11,72,8,91,82,36,118,209
02/21/2004,CKB,WV,AEA,CE,Towers with Radar,0,5,1,0,6,0,0,0,0,0,0,5,1,0,6,0,0,0,6
02/22/2004,CKB,WV,AEA,CE,Towers with Radar,0,5,16,3,24,0,0,84,0,84,0,5,100,3,108,102,0,102,210
02/23/2004,CKB,WV,AEA,CE,Towers with Radar,0,8,14,4,26,0,0,68,20,88,0,8,82,24,114,44,86,130,244
02/24/2004,CKB,WV,AEA,CE,Towers with Radar,0,12,14,4,30,0,0,2,0,2,0,12,16,4,32,0,0,0,32
02/25/2004,CKB,WV,AEA,CE,Towers with Radar,1,11,6,8,26,0,0,52,41,93,1,11,58,49,119,102,92,194,313
02/26/2004,CKB,WV,AEA,CE,Towers with Radar,0,11,22,13,46,0,0,41,13,54,0,11,63,26,100,86,62,148,248
02/27/2004,CKB,WV,AEA,CE,Towers with Radar,0,12,14,9,35,0,0,104,20,124,0,12,118,29,159,114,32,146,305
02/28/2004,CKB,WV,AEA,CE,Towers with Radar,0,7,14,4,25,0,0,76,1,77,0,7,90,5,102,122,0,122,224
02/29/2004,CKB,WV,AEA,CE,Towers with Radar,0,5,8,0,13,0,0,74,0,74,0,5,82,0,87,12,0,12,99
03/01/2004,CKB,WV,AEA,CE,Towers with Radar,0,9,18,8,35,0,0,37,0,37,0,9,55,8,72,70,14,84,156
03/02/2004,CKB,WV,AEA,CE,Towers with Radar,1,10,9,6,26,0,0,16,18,34,1,10,25,24,60,2,38,40,100
03/03/2004,CKB,WV,AEA,CE,Towers with Radar,1,9,20,7,37,0,0,33,18,51,1,9,53,25,88,106,76,182,270
03/04/2004,CKB,WV,AEA,CE,Towers with Radar,0,10,16,4,30,0,0,13,4,17,0,10,29,8,47,56,6,62,109
03/05/2004,CKB,WV,AEA,CE,Towers with Radar,0,7,10,6,23,0,0,14,4,18,0,7,24,10,41,56,24,80,121
03/06/2004,CKB,WV,AEA,CE,Towers with Radar,0,9,2,7,18,0,0,12,0,12,0,9,14,7,30,60,0,60,90
03/07/2004,CKB,WV,AEA,CE,Towers with Radar,0,10,2,0,12,0,0,17,0,17,0,10,19,0,29,40,0,40,69
03/08/2004,CKB,WV,AEA,CE,Towers with Radar,0,6,23,9,38,0,0,5,0,5,0,6,28,9,43,4,2,6,49
03/09/2004,CKB,WV,AEA,CE,Towers with Radar,0,10,8,13,31,0,0,24,4,28,0,10,32,17,59,68,30,98,157
03/10/2004,CKB,WV,AEA,CE,Towers with Radar,0,8,19,16,43,0,2,59,36,97,0,10,78,52,140,112,86,198,338
03/11/2004,CKB,WV,AEA,CE,Towers with Radar,0,6,15,7,28,0,5,33,13,51,0,11,48,20,79,69,86,155,234
03/12/2004,CKB,WV,AEA,CE,Towers with Radar,0,6,11,19,36,0,0,20,20,40,0,6,31,39,76,60,70,130,206
03/13/2004,CKB,WV,AEA,CE,Towers with Radar,0,5,12,2,19,0,3,72,5,80,0,8,84,7,99,76,30,106,205
03/14/2004,CKB,WV,AEA,CE,Towers with Radar,0,6,2,0,8,0,0,0,0,0,0,6,2,0,8,0,0,0,8
03/15/2004,CKB,WV,AEA,CE,Towers with Radar,1,8,15,14,38,0,0,40,45,85,1,8,55,59,123,68,140,208,331
03/16/2004,CKB,WV,AEA,CE,Towers with Radar,1,14,3,0,18,0,0,2,0,2,1,14,5,0,20,8,0,8,28
03/17/2004,CKB,WV,AEA,CE,Towers with Radar,0,8,9,4,21,0,0,5,4,9,0,8,14,8,30,0,62,62,92
03/18/2004,CKB,WV,AEA,CE,Towers with Radar,0,12,13,2,27,0,0,8,8,16,0,12,21,10,43,46,30,76,119
03/19/2004,CKB,WV,AEA,CE,Towers with Radar,0,8,16,10,34,0,0,41,24,65,0,8,57,34,99,44,126,170,269
03/20/2004,CKB,WV,AEA,CE,Towers with Radar,1,3,16,2,22,0,0,41,0,41,1,3,57,2,63,16,0,16,79
03/21/2004,CKB,WV,AEA,CE,Towers with Radar,1,10,2,0,13,0,0,0,0,0,1,10,2,0,13,0,0,0,13
03/22/2004,CKB,WV,AEA,CE,Towers with Radar,0,9,23,6,38,0,1,91,48,140,0,10,114,54,178,66,116,182,360
03/23/2004,CKB,WV,AEA,CE,Towers with Radar,0,13,12,10,35,0,0,80,40,120,0,13,92,50,155,108,102,210,365
03/24/2004,CKB,WV,AEA,CE,Towers with Radar,1,10,16,5,32,0,0,47,54,101,1,10,63,59,133,80,128,208,341
03/25/2004,CKB,WV,AEA,CE,Towers with Radar,0,16,22,8,46,0,0,46,23,69,0,16,68,31,115,94,88,182,297
03/26/2004,CKB,WV,AEA,CE,Towers with Radar,0,7,17,6,30,0,0,52,30,82,0,7,69,36,112,40,110,150,262
03/27/2004,CKB,WV,AEA,CE,Towers with Radar,0,4,16,1,21,0,0,4,1,5,0,4,20,2,26,2,0,2,28
03/28/2004,CKB,WV,AEA,CE,Towers with Radar,1,10,9,4,24,0,0,47,0,47,1,10,56,4,71,110,0,110,181
03/29/2004,CKB,WV,AEA,CE,Towers with Radar,0,10,14,4,28,1,1,69,33,104,1,11,83,37,132,20,140,160,292
03/30/2004,CKB,WV,AEA,CE,Towers with Radar,0,10,24,13,47,0,0,28,39,67,0,10,52,52,114,16,188,204,318
03/31/2004,CKB,WV,AEA,CE,Towers with Radar,0,8,24,14,46,0,0,1,0,1,0,8,25,14,47,6,2,8,55
04/01/2004,CKB,WV,AEA,CE,Towers with Radar,0,8,7,2,17,0,0,0,0,0,0,8,7,2,17,0,2,2,19
04/02/2004,CKB,WV,AEA,CE,Towers with Radar,0,8,18,0,26,0,0,0,0,0,0,8,18,0,26,0,0,0,26
04/03/2004,CKB,WV,AEA,CE,Towers with Radar,0,4,17,0,21,0,0,5,0,5,0,4,22,0,26,8,0,8,34
04/04/2004,CKB,WV,AEA,CE,Towers with Radar,0,7,2,0,9,0,0,0,0,0,0,7,2,0,9,0,0,0,9
04/05/2004,CKB,WV,AEA,CE,Towers with Radar,0,6,19,8,33,0,0,30,44,74,0,6,49,52,107,40,170,210,317
04/06/2004,CKB,WV,AEA,CE,Towers with Radar,0,15,21,13,49,0,0,52,50,102,0,15,73,63,151,22,162,184,335
04/07/2004,CKB,WV,AEA,CE,Towers with Radar,0,6,21,5,32,0,1,43,22,66,0,7,64,27,98,108,116,224,322
04/08/2004,CKB,WV,AEA,CE,Towers with Radar,0,10,14,19,43,0,0,65,17,82,0,10,79,36,125,120,54,174,299
04/09/2004,CKB,WV,AEA,CE,Towers with Radar,0,10,22,14,46,0,0,52,10,62,0,10,74,24,108,98,40,138,246
04/10/2004,CKB,WV,AEA,CE,Towers with Radar,0,12,7,0,19,0,0,50,0,50,0,12,57,0,69,12,0,12,81
04/11/2004,CKB,WV,AEA,CE,Towers with Radar,0,5,3,0,8,0,0,3,0,3,0,5,6,0,11,0,0,0,11
04/12/2004,CKB,WV,AEA,CE,Towers with Radar,1,7,27,11,46,0,0,14,2,16,1,7,41,13,62,60,0,60,122
04/13/2004,CKB,WV,AEA,CE,Towers with Radar,0,14,14,0,28,0,0,0,0,0,0,14,14,0,28,0,0,0,28
04/14/2004,CKB,WV,AEA,CE,Towers with Radar,0,7,16,28,51,0,0,5,0,5,0,7,21,28,56,2,0,2,58
04/15/2004,CKB,WV,AEA,CE,Towers with Radar,0,11,19,23,53,0,0,86,18,104,0,11,105,41,157,66,20,86,243
04/16/2004,CKB,WV,AEA,CE,Towers with Radar,0,8,10,11,29,0,0,66,10,76,0,8,76,21,105,64,8,72,177
04/17/2004,CKB,WV,AEA,CE,Towers with Radar,0,8,8,1,17,0,0,67,2,69,0,8,75,3,86,40,0,40,126
04/18/2004,CKB,WV,AEA,CE,Towers with Radar,0,3,9,4,16,0,0,48,0,48,0,3,57,4,64,110,0,110,174
04/19/2004,CKB,WV,AEA,CE,Towers with Radar,0,9,15,3,27,0,0,30,0,30,0,9,45,3,57,74,0,74,131
04/20/2004,CKB,WV,AEA,CE,Towers with Radar,0,16,36,10,62,0,0,43,12,55,0,16,79,22,117,104,83,187,304
04/21/2004,CKB,WV,AEA,CE,Towers with Radar,0,7,18,8,33,0,0,28,7,35,0,7,46,15,68,54,28,82,150
04/22/2004,CKB,WV,AEA,CE,Towers with Radar,0,6,13,4,23,0,0,22,0,22,0,6,35,4,45,60,46,106,151
04/23/2004,CKB,WV,AEA,CE,Towers with Radar,0,12,31,4,47,0,5,14,3,22,0,17,45,7,69,86,0,86,155
04/24/2004,CKB,WV,AEA,CE,Towers with Radar,0,6,13,2,21,2,1,125,0,128,2,7,138,2,149,76,0,76,225
04/25/2004,CKB,WV,AEA,CE,Towers with Radar,0,5,5,1,11,0,2,13,0,15,0,7,18,1,26,12,0,12,38
04/26/2004,CKB,WV,AEA,CE,Towers with Radar,0,9,27,8,44,0,1,35,3,39,0,10,62,11,83,100,4,104,187
04/27/2004,CKB,WV,AEA,CE,Towers with Radar,0,11,8,13,32,0,0,16,14,30,0,11,24,27,62,8,74,82,144
04/28/2004,CKB,WV,AEA,CE,Towers with Radar,1,12,27,9,49,0,0,68,8,76,1,12,95,17,125,76,52,128,253
04/29/2004,CKB,WV,AEA,CE,Towers with Radar,0,16,32,10,58,0,1,111,17,129,0,17,143,27,187,68,68,136,323
04/30/2004,CKB,WV,AEA,CE,Towers with Radar,1,6,20,2,29,0,0,47,26,73,1,6,67,28,102,74,72,146,248
05/01/2004,CKB,WV,AEA,CE,Towers with Radar,0,13,12,0,25,0,4,50,0,54,0,17,62,0,79,134,0,134,213
05/02/2004,CKB,WV,AEA,CE,Towers with Radar,0,5,7,4,16,0,0,6,1,7,0,5,13,5,23,0,0,0,23
05/03/2004,CKB,WV,AEA,CE,Towers with Radar,0,7,15,4,26,0,1,29,26,56,0,8,44,30,82,68,84,152,234
05/04/2004,CKB,WV,AEA,CE,Towers with Radar,1,12,26,10,49,0,4,46,28,78,1,16,72,38,127,102,70,172,299
05/05/2004,CKB,WV,AEA,CE,Towers with Radar,2,13,14,7,36,0,0,69,28,97,2,13,83,35,133,66,58,124,257
05/06/2004,CKB,WV,AEA,CE,Towers with Radar,3,20,18,3,44,0,0,43,8,51,3,20,61,11,95,54,44,98,193
05/07/2004,CKB,WV,AEA,CE,Towers with Radar,0,7,14,2,23,0,1,22,7,30,0,8,36,9,53,34,44,78,131
05/08/2004,CKB,WV,AEA,CE,Towers with Radar,0,12,13,2,27,0,0,44,0,44,0,12,57,2,71,32,0,32,103
05/09/2004,CKB,WV,AEA,CE,Towers with Radar,0,7,5,1,13,0,0,42,0,42,0,7,47,1,55,54,0,54,109
05/10/2004,CKB,WV,AEA,CE,Towers with Radar,3,15,26,3,47,0,0,74,28,102,3,15,100,31,149,48,76,124,273
05/11/2004,CKB,WV,AEA,CE,Towers with Radar,0,10,18,8,36,0,0,37,73,110,0,10,55,81,146,48,104,152,298
05/12/2004,CKB,WV,AEA,CE,Towers with Radar,0,12,9,7,28,0,0,62,38,100,0,12,71,45,128,41,44,85,213
05/13/2004,CKB,WV,AEA,CE,Towers with Radar,0,11,17,10,38,0,0,59,25,84,0,11,76,35,122,36,44,80,202
05/14/2004,CKB,WV,AEA,CE,Towers with Radar,0,9,22,13,44,0,0,42,27,69,0,9,64,40,113,48,94,142,255
05/15/2004,CKB,WV,AEA,CE,Towers with Radar,1,6,2,4,13,0,0,39,0,39,1,6,41,4,52,104,0,104,156
05/16/2004,CKB,WV,AEA,CE,Towers with Radar,0,6,7,0,13,0,1,23,0,24,0,7,30,0,37,80,0,80,117
05/17/2004,CKB,WV,AEA,CE,Towers with Radar,0,10,17,8,35,0,0,57,24,81,0,10,74,32,116,64,90,154,270
05/18/2004,CKB,WV,AEA,CE,Towers with Radar,0,12,19,4,35,0,0,30,20,50,0,12,49,24,85,70,106,176,261
05/19/2004,CKB,WV,AEA,CE,Towers with Radar,0,11,19,8,38,0,0,15,0,15,0,11,34,8,53,12,0,12,65
05/20/2004,CKB,WV,AEA,CE,Towers with Radar,0,10,21,5,36,0,0,64,51,115,0,10,85,56,151,36,42,78,229
05/21/2004,CKB,WV,AEA,CE,Towers with Radar,2,9,18,2,31,0,0,51,0,51,2,9,69,2,82,26,0,26,108
05/22/2004,CKB,WV,AEA,CE,Towers with Radar,0,7,10,2,19,0,2,69,0,71,0,9,79,2,90,150,0,150,240
05/23/2004,CKB,WV,AEA,CE,Towers with Radar,0,7,11,4,22,0,0,29,8,37,0,7,40,12,59,104,0,104,163
05/24/2004,CKB,WV,AEA,CE,Towers with Radar,0,7,25,12,44,0,0,25,21,46,0,7,50,33,90,66,96,162,252
05/25/2004,CKB,WV,AEA,CE,Towers with Radar,0,10,16,19,45,0,0,21,29,50,0,10,37,48,95,72,36,108,203
05/26/2004,CKB,WV,AEA,CE,Towers with Radar,0,8,8,12,28,0,0,7,35,42,0,8,15,47,70,4,42,46,116
05/27/2004,CKB,WV,AEA,CE,Towers with Radar,0,13,19,17,49,0,0,42,19,61,0,13,61,36,110,78,42,120,230
05/28/2004,CKB,WV,AEA,CE,Towers with Radar,0,6,23,4,33,0,4,1,4,9,0,10,24,8,42,0,4,4,46
05/29/2004,CKB,WV,AEA,CE,Towers with Radar,0,2,10,0,12,0,0,71,0,71,0,2,81,0,83,126,0,126,209
05/30/2004,CKB,WV,AEA,CE,Towers with Radar,0,4,3,0,7,0,0,24,0,24,0,4,27,0,31,66,0,66,97
05/31/2004,CKB,WV,AEA,CE,Towers with Radar,0,9,19,0,28,0,0,17,0,17,0,9,36,0,45,52,0,52,97
06/01/2004,CKB,WV,AEA,CE,Towers with Radar,0,14,17,8,39,0,2,63,13,78,0,16,80,21,117,70,10,80,197
06/02/2004,CKB,WV,AEA,CE,Towers with Radar,0,7,14,11,32,0,3,88,3,94,0,10,102,14,126,54,26,80,206
06/03/2004,CKB,WV,AEA,CE,Towers with Radar,0,9,25,16,50,0,1,40,5,46,0,10,65,21,96,38,22,60,156
06/04/2004,CKB,WV,AEA,CE,Towers with Radar,0,14,19,3,36,0,0,86,13,99,0,14,105,16,135,100,12,112,247
06/05/2004,CKB,WV,AEA,CE,Towers with Radar,0,5,2,0,7,0,0,6,0,6,0,5,8,0,13,66,0,66,79
06/06/2004,CKB,WV,AEA,CE,Towers with Radar,1,10,18,0,29,0,0,27,0,27,1,10,45,0,56,80,0,80,136
06/07/2004,CKB,WV,AEA,CE,Towers with Radar,0,7,23,9,39,0,0,47,7,54,0,7,70,16,93,34,38,72,165
06/08/2004,CKB,WV,AEA,CE,Towers with Radar,0,11,25,5,41,0,0,28,2,30,0,11,53,7,71,20,32,52,123
06/09/2004,CKB,WV,AEA,CE,Towers with Radar,0,9,30,9,48,0,0,148,33,181,0,9,178,42,229,120,32,152,381
06/10/2004,CKB,WV,AEA,CE,Towers with Radar,0,8,27,4,39,0,0,36,19,55,0,8,63,23,94,14,16,30,124
06/11/2004,CKB,WV,AEA,CE,Towers with Radar,0,7,9,2,18,0,0,15,0,15,0,7,24,2,33,48,0,48,81
06/12/2004,CKB,WV,AEA,CE,Towers with Radar,0,4,10,1,15,0,0,38,1,39,0,4,48,2,54,120,0,120,174
06/13/2004,CKB,WV,AEA,CE,Towers with Radar,0,6,6,0,12,0,0,58,0,58,0,6,64,0,70,86,0,86,156
06/14/2004,CKB,WV,AEA,CE,Towers with Radar,0,16,20,6,42,0,0,38,0,38,0,16,58,6,80,20,0,20,100
06/15/2004,CKB,WV,AEA,CE,Towers with Radar,0,13,23,9,45,0,1,38,1,40,0,14,61,10,85,32,2,34,119
06/16/2004,CKB,WV,AEA,CE,Towers with Radar,0,7,17,11,35,0,4,61,4,69,0,11,78,15,104,76,10,86,190
06/17/2004,CKB,WV,AEA,CE,Towers with Radar,0,8,13,10,31,0,0,26,0,26,0,8,39,10,57,36,4,40,97
06/18/2004,CKB,WV,AEA,CE,Towers with Radar,0,7,2,0,9,0,0,44,2,46,0,7,46,2,55,0,0,0,55
06/19/2004,CKB,WV,AEA,CE,Towers with Radar,0,5,13,0,18,0,0,45,0,45,0,5,58,0,63,92,14,106,169
06/20/2004,CKB,WV,AEA,CE,Towers with Radar,0,7,6,0,13,0,0,41,0,41,0,7,47,0,54,84,0,84,138
06/21/2004,CKB,WV,AEA,CE,Towers with Radar,0,9,25,2,36,0,1,48,0,49,0,10,73,2,85,92,2,94,179
06/22/2004,CKB,WV,AEA,CE,Towers with Radar,0,11,16,6,33,0,3,26,0,29,0,14,42,6,62,52,0,52,114
06/23/2004,CKB,WV,AEA,CE,Towers with Radar,0,8,27,2,37,0,0,34,1,35,0,8,61,3,72,116,10,126,198
06/24/2004,CKB,WV,AEA,CE,Towers with Radar,1,11,24,6,42,0,0,76,10,86,1,11,100,16,128,124,0,124,252
06/25/2004,CKB,WV,AEA,CE,Towers with Radar,0,9,18,0,27,0,0,26,2,28,0,9,44,2,55,92,4,96,151
06/26/2004,CKB,WV,AEA,CE,Towers with Radar,0,5,13,0,18,0,0,49,2,51,0,5,62,2,69,36,6,42,111
06/27/2004,CKB,WV,AEA,CE,Towers with Radar,0,10,5,2,17,0,0,65,0,65,0,10,70,2,82,72,0,72,154
06/28/2004,CKB,WV,AEA,CE,Towers with Radar,0,8,17,1,26,0,0,19,5,24,0,8,36,6,50,12,30,42,92
06/29/2004,CKB,WV,AEA,CE,Towers with Radar,0,17,12,1,30,0,0,29,0,29,0,17,41,1,59,20,4,24,83
06/30/2004,CKB,WV,AEA,CE,Towers with Radar,1,21,48,3,73,0,0,59,21,80,1,21,107,24,153,84,12,96,249
07/01/2004,CKB,WV,AEA,CE,Towers with Radar,0,8,29,7,44,0,0,41,4,45,0,8,70,11,89,88,6,94,183
07/02/2004,CKB,WV,AEA,CE,Towers with Radar,0,11,15,0,26,0,0,38,1,39,0,11,53,1,65,98,0,98,163
07/03/2004,CKB,WV,AEA,CE,Towers with Radar,0,6,19,0,25,0,2,31,0,33,0,8,50,0,58,60,0,60,118
07/04/2004,CKB,WV,AEA,CE,Towers with Radar,0,6,3,0,9,0,0,3,0,3,0,6,6,0,12,2,0,2,14
07/05/2004,CKB,WV,AEA,CE,Towers with Radar,0,9,6,1,16,0,2,12,7,21,0,11,18,8,37,10,0,10,47
07/06/2004,CKB,WV,AEA,CE,Towers with Radar,0,8,22,3,33,0,1,20,0,21,0,9,42,3,54,2,0,2,56
07/07/2004,CKB,WV,AEA,CE,Towers with Radar,1,12,25,8,46,0,0,36,21,57,1,12,61,29,103,36,4,40,143
07/08/2004,CKB,WV,AEA,CE,Towers with Radar,1,12,30,7,50,0,0,54,9,63,1,12,84,16,113,30,20,50,163
07/09/2004,CKB,WV,AEA,CE,Towers with Radar,0,6,18,7,31,0,0,36,1,37,0,6,54,8,68,94,20,114,182
07/10/2004,CKB,WV,AEA,CE,Towers with Radar,1,9,11,0,21,0,0,2,0,2,1,9,13,0,23,0,0,0,23
07/11/2004,CKB,WV,AEA,CE,Towers with Radar,2,5,12,0,19,0,0,26,0,26,2,5,38,0,45,28,0,28,73
07/12/2004,CKB,WV,AEA,CE,Towers with Radar,0,6,18,7,31,0,0,10,12,22,0,6,28,19,53,0,0,0,53
07/13/2004,CKB,WV,AEA,CE,Towers with Radar,0,13,17,7,37,0,0,9,0,9,0,13,26,7,46,0,0,0,46
07/14/2004,CKB,WV,AEA,CE,Towers with Radar,0,10,14,12,36,0,2,27,9,38,0,12,41,21,74,22,40,62,136
07/15/2004,CKB,WV,AEA,CE,Towers with Radar,0,14,26,5,45,0,1,28,17,46,0,15,54,22,91,14,67,81,172
07/16/2004,CKB,WV,AEA,CE,Towers with Radar,0,11,20,4,35,0,9,23,8,40,0,20,43,12,75,68,52,120,195
07/17/2004,CKB,WV,AEA,CE,Towers with Radar,0,7,8,4,19,0,0,33,3,36,0,7,41,7,55,52,16,68,123
07/18/2004,CKB,WV,AEA,CE,Towers with Radar,0,8,18,0,26,0,0,32,0,32,0,8,50,0,58,2,0,2,60
07/19/2004,CKB,WV,AEA,CE,Towers with Radar,0,7,19,3,29,0,1,22,18,41,0,8,41,21,70,59,70,129,199
07/20/2004,CKB,WV,AEA,CE,Towers with Radar,3,8,12,23,46,8,0,35,38,81,11,8,47,61,127,70,78,148,275
07/21/2004,CKB,WV,AEA,CE,Towers with Radar,0,8,13,8,29,0,0,40,22,62,0,8,53,30,91,88,92,180,271
07/22/2004,CKB,WV,AEA,CE,Towers with Radar,0,10,12,3,25,0,0,13,0,13,0,10,25,3,38,62,27,89,127
07/23/2004,CKB,WV,AEA,CE,Towers with Radar,0,10,11,0,21,0,0,10,0,10,0,10,21,0,31,50,0,50,81
07/24/2004,CKB,WV,AEA,CE,Towers with Radar,0,8,11,2,21,0,0,27,0,27,0,8,38,2,48,27,17,44,92
07/25/2004,CKB,WV,AEA,CE,Towers with Radar,0,5,2,2,9,0,3,25,43,71,0,8,27,45,80,22,12,34,114
07/26/2004,CKB,WV,AEA,CE,Towers with Radar,0,9,22,5,36,0,0,5,1,6,0,9,27,6,42,24,0,24,66
07/27/2004,CKB,WV,AEA,CE,Towers with Radar,0,10,11,6,27,0,0,1,0,1,0,10,12,6,28,10,0,10,38
07/28/2004,CKB,WV,AEA,CE,Towers with Radar,3,12,23,8,46,0,3,32,0,35,3,15,55,8,81,30,44,74,155
07/29/2004,CKB,WV,AEA,CE,Towers with Radar,0,11,33,10,54,0,2,78,13,93,0,13,111,23,147,26,4,30,177
07/30/2004,CKB,WV,AEA,CE,Towers with Radar,0,7,18,7,32,0,0,21,4,25,0,7,39,11,57,20,50,70,127
07/31/2004,CKB,WV,AEA,CE,Towers with Radar,0,4,11,0,15,0,0,16,0,16,0,4,27,0,31,28,0,28,59
08/01/2004,CKB,WV,AEA,CE,Towers with Radar,0,6,13,0,19,0,2,10,3,15,0,8,23,3,34,2,0,2,36
08/02/2004,CKB,WV,AEA,CE,Towers with Radar,0,7,10,10,27,0,1,60,7,68,0,8,70,17,95,74,42,116,211
08/03/2004,CKB,WV,AEA,CE,Towers with Radar,0,13,10,8,31,0,0,40,6,46,0,13,50,14,77,86,28,114,191
08/04/2004,CKB,WV,AEA,CE,Towers with Radar,0,8,17,11,36,0,0,28,0,28,0,8,45,11,64,98,30,128,192
08/05/2004,CKB,WV,AEA,CE,Towers with Radar,0,15,24,5,44,0,0,21,0,21,0,15,45,5,65,60,0,60,125
08/06/2004,CKB,WV,AEA,CE,Towers with Radar,1,16,13,13,43,0,0,50,16,66,1,16,63,29,109,76,50,126,235
08/07/2004,CKB,WV,AEA,CE,Towers with Radar,0,6,12,0,18,0,0,71,0,71,0,6,83,0,89,70,0,70,159
08/08/2004,CKB,WV,AEA,CE,Towers with Radar,0,9,10,0,19,0,0,41,0,41,0,9,51,0,60,73,2,75,135
08/09/2004,CKB,WV,AEA,CE,Towers with Radar,0,12,15,18,45,0,0,80,16,96,0,12,95,34,141,74,34,108,249
08/10/2004,CKB,WV,AEA,CE,Towers with Radar,0,10,9,18,37,0,0,24,5,29,0,10,33,23,66,78,60,138,204
08/11/2004,CKB,WV,AEA,CE,Towers with Radar,0,8,11,11,30,0,0,27,5,32,0,8,38,16,62,14,28,42,104
08/12/2004,CKB,WV,AEA,CE,Towers with Radar,0,8,11,2,21,0,0,1,0,1,0,8,12,2,22,2,0,2,24
08/13/2004,CKB,WV,AEA,CE,Towers with Radar,3,14,9,3,29,0,2,16,1,19,3,16,25,4,48,18,2,20,68
08/14/2004,CKB,WV,AEA,CE,Towers with Radar,0,5,17,5,27,0,3,85,7,95,0,8,102,12,122,68,34,102,224
08/15/2004,CKB,WV,AEA,CE,Towers with Radar,0,6,7,0,13,0,0,36,0,36,0,6,43,0,49,40,0,40,89
08/16/2004,CKB,WV,AEA,CE,Towers with Radar,0,11,22,12,45,0,0,29,18,47,0,11,51,30,92,162,52,214,306
08/17/2004,CKB,WV,AEA,CE,Towers with Radar,0,12,19,10,41,0,0,50,11,61,0,12,69,21,102,112,62,174,276
08/18/2004,CKB,WV,AEA,CE,Towers with Radar,0,0,16,13,29,0,0,19,4,23,0,0,35,17,52,20,12,32,84
08/19/2004,CKB,WV,AEA,CE,Towers with Radar,0,7,19,12,38,0,0,50,4,54,0,7,69,16,92,88,32,120,212
08/20/2004,CKB,WV,AEA,CE,Towers with Radar,0,9,16,4,29,0,0,58,22,80,0,9,74,26,109,22,2,24,133
08/21/2004,CKB,WV,AEA,CE,Towers with Radar,4,4,5,0,13,0,0,22,0,22,4,4,27,0,35,74,0,74,109
08/22/2004,CKB,WV,AEA,CE,Towers with Radar,0,9,12,1,22,0,0,71,1,72,0,9,83,2,94,122,2,124,218
08/23/2004,CKB,WV,AEA,CE,Towers with Radar,0,8,14,6,28,0,2,50,23,75,0,10,64,29,103,76,60,136,239
08/24/2004,CKB,WV,AEA,CE,Towers with Radar,0,10,18,7,35,0,2,67,24,93,0,12,85,31,128,10,66,76,204
08/25/2004,CKB,WV,AEA,CE,Towers with Radar,0,17,11,8,36,0,0,51,30,81,0,17,62,38,117,30,36,66,183
08/26/2004,CKB,WV,AEA,CE,Towers with Radar,0,10,18,6,34,0,0,37,15,52,0,10,55,21,86,94,58,152,238
08/27/2004,CKB,WV,AEA,CE,Towers with Radar,0,11,27,3,41,0,0,48,19,67,0,11,75,22,108,52,96,148,256
08/28/2004,CKB,WV,AEA,CE,Towers with Radar,1,5,18,2,26,0,0,47,0,47,1,5,65,2,73,118,0,118,191
08/29/2004,CKB,WV,AEA,CE,Towers with Radar,0,8,17,0,25,0,2,27,1,30,0,10,44,1,55,42,0,42,97
08/30/2004,CKB,WV,AEA,CE,Towers with Radar,2,10,12,0,24,0,1,0,0,1,2,11,12,0,25,0,0,0,25
08/31/2004,CKB,WV,AEA,CE,Towers with Radar,1,7,20,12,40,0,0,26,9,35,1,7,46,21,75,18,0,18,93
09/01/2004,CKB,WV,AEA,CE,Towers with Radar,0,7,27,11,45,0,0,85,11,96,0,7,112,22,141,48,96,144,285
09/02/2004,CKB,WV,AEA,CE,Towers with Radar,0,7,12,8,27,0,0,72,19,91,0,7,84,27,118,96,82,178,296
09/03/2004,CKB,WV,AEA,CE,Towers with Radar,1,10,14,8,33,0,1,51,13,65,1,11,65,21,98,70,60,130,228
09/04/2004,CKB,WV,AEA,CE,Towers with Radar,0,4,8,0,12,0,0,44,0,44,0,4,52,0,56,92,0,92,148
09/05/2004,CKB,WV,AEA,CE,Towers with Radar,0,5,10,0,15,0,0,48,2,50,0,5,58,2,65,20,28,48,113
09/06/2004,CKB,WV,AEA,CE,Towers with Radar,0,5,6,0,11,0,0,41,1,42,0,5,47,1,53,36,0,36,89
09/07/2004,CKB,WV,AEA,CE,Towers with Radar,0,9,16,5,30,0,0,42,53,95,0,9,58,58,125,68,48,116,241
09/08/2004,CKB,WV,AEA,CE,Towers with Radar,5,14,8,3,30,0,0,1,0,1,5,14,9,3,31,0,0,0,31
09/09/2004,CKB,WV,AEA,CE,Towers with Radar,0,11,12,4,27,0,1,27,0,28,0,12,39,4,55,38,0,38,93
09/10/2004,CKB,WV,AEA,CE,Towers with Radar,0,9,28,15,52,0,0,53,31,84,0,9,81,46,136,140,90,230,366
09/11/2004,CKB,WV,AEA,CE,Towers with Radar,0,6,12,0,18,0,0,89,6,95,0,6,101,6,113,102,0,102,215
09/12/2004,CKB,WV,AEA,CE,Towers with Radar,0,7,10,1,18,0,0,40,4,44,0,7,50,5,62,0,0,0,62
09/13/2004,CKB,WV,AEA,CE,Towers with Radar,0,5,26,12,43,0,0,51,8,59,0,5,77,20,102,10,42,52,154
09/14/2004,CKB,WV,AEA,CE,Towers with Radar,0,11,23,18,52,0,0,28,0,28,0,11,51,18,80,70,2,72,152
09/15/2004,CKB,WV,AEA,CE,Towers with Radar,0,13,26,14,53,0,8,73,2,83,0,21,99,16,136,48,8,56,192
09/16/2004,CKB,WV,AEA,CE,Towers with Radar,0,11,18,18,47,0,0,50,11,61,0,11,68,29,108,128,10,138,246
09/17/2004,CKB,WV,AEA,CE,Towers with Radar,0,12,7,10,29,0,1,0,0,1,0,13,7,10,30,8,0,8,38
09/18/2004,CKB,WV,AEA,CE,Towers with Radar,0,3,5,0,8,0,0,5,0,5,0,3,10,0,13,0,0,0,13
09/19/2004,CKB,WV,AEA,CE,Towers with Radar,3,7,3,0,13,0,0,55,0,55,3,7,58,0,68,106,0,106,174
09/20/2004,CKB,WV,AEA,CE,Towers with Radar,0,8,18,15,41,0,0,56,0,56,0,8,74,15,97,66,10,76,173
09/21/2004,CKB,WV,AEA,CE,Towers with Radar,0,9,8,15,32,0,2,76,5,83,0,11,84,20,115,18,0,18,133
09/22/2004,CKB,WV,AEA,CE,Towers with Radar,0,10,25,20,55,0,1,42,15,58,0,11,67,35,113,122,24,146,259
09/23/2004,CKB,WV,AEA,CE,Towers with Radar,0,12,16,18,46,0,0,49,6,55,0,12,65,24,101,81,14,95,196
09/24/2004,CKB,WV,AEA,CE,Towers with Radar,0,7,10,4,21,0,0,42,3,45,0,7,52,7,66,122,32,154,220
09/25/2004,CKB,WV,AEA,CE,Towers with Radar,0,3,7,1,11,0,0,61,1,62,0,3,68,2,73,152,0,152,225
09/26/2004,CKB,WV,AEA,CE,Towers with Radar,0,13,13,2,28,0,0,26,0,26,0,13,39,2,54,64,0,64,118
09/27/2004,CKB,WV,AEA,CE,Towers with Radar,1,7,13,10,31,0,5,55,13,73,1,12,68,23,104,68,22,90,194
09/28/2004,CKB,WV,AEA,CE,Towers with Radar,0,9,8,0,17,0,0,2,0,2,0,9,10,0,19,10,0,10,29
09/29/2004,CKB,WV,AEA,CE,Towers with Radar,0,15,30,5,50,0,0,1,0,1,0,15,31,5,51,44,0,44,95
09/30/2004,CKB,WV,AEA,CE,Towers with Radar,0,15,25,4,44,0,0,61,0,61,0,15,86,4,105,140,0,140,245
10/01/2004,CKB,WV,AEA,CE,Towers with Radar,0,12,23,0,35,0,1,77,0,78,0,13,100,0,113,118,0,118,231
10/02/2004,CKB,WV,AEA,CE,Towers with Radar,0,3,7,0,10,0,0,2,0,2,0,3,9,0,12,20,0,20,32
10/03/2004,CKB,WV,AEA,CE,Towers with Radar,3,6,22,0,31,0,0,62,0,62,3,6,84,0,93,82,0,82,175
10/04/2004,CKB,WV,AEA,CE,Towers with Radar,2,10,24,2,38,0,0,106,0,106,2,10,130,2,144,48,4,52,196
10/05/2004,CKB,WV,AEA,CE,Towers with Radar,0,18,29,5,52,0,0,89,0,89,0,18,118,5,141,24,2,26,167
10/06/2004,CKB,WV,AEA,CE,Towers with Radar,0,14,12,3,29,0,0,61,0,61,0,14,73,3,90,50,0,50,140
10/07/2004,CKB,WV,AEA,CE,Towers with Radar,0,15,14,5,34,0,0,115,3,118,0,15,129,8,152,80,2,82,234
10/08/2004,CKB,WV,AEA,CE,Towers with Radar,0,11,13,3,27,0,0,116,32,148,0,11,129,35,175,94,14,108,283
10/09/2004,CKB,WV,AEA,CE,Towers with Radar,0,6,18,2,26,0,0,63,0,63,0,6,81,2,89,50,0,50,139
10/10/2004,CKB,WV,AEA,CE,Towers with Radar,0,7,6,0,13,0,4,33,1,38,0,11,39,1,51,68,0,68,119
10/11/2004,CKB,WV,AEA,CE,Towers with Radar,0,7,6,0,13,0,0,66,0,66,0,7,72,0,79,106,0,106,185
10/12/2004,CKB,WV,AEA,CE,Towers with Radar,0,14,17,13,44,6,0,62,29,97,6,14,79,42,141,60,68,128,269
10/13/2004,CKB,WV,AEA,CE,Towers with Radar,0,10,11,12,33,0,0,42,21,63,0,10,53,33,96,42,84,126,222
10/14/2004,CKB,WV,AEA,CE,Towers with Radar,0,9,9,3,21,0,0,1,0,1,0,9,10,3,22,0,0,0,22
10/15/2004,CKB,WV,AEA,CE,Towers with Radar,0,8,12,5,25,0,0,0,11,11,0,8,12,16,36,6,16,22,58
10/16/2004,CKB,WV,AEA,CE,Towers with Radar,0,9,11,0,20,0,0,5,0,5,0,9,16,0,25,4,0,4,29
10/17/2004,CKB,WV,AEA,CE,Towers with Radar,0,10,10,0,20,0,0,13,0,13,0,10,23,0,33,66,0,66,99
10/18/2004,CKB,WV,AEA,CE,Towers with Radar,0,7,18,0,25,0,0,11,0,11,0,7,29,0,36,38,22,60,96
10/19/2004,CKB,WV,AEA,CE,Towers with Radar,0,11,30,0,41,0,0,11,0,11,0,11,41,0,52,0,22,22,74
10/20/2004,CKB,WV,AEA,CE,Towers with Radar,2,13,29,4,48,0,0,3,0,3,2,13,32,4,51,14,0,14,65
10/21/2004,CKB,WV,AEA,CE,Towers with Radar,0,9,36,12,57,0,0,6,6,12,0,9,42,18,69,6,22,28,97
10/22/2004,CKB,WV,AEA,CE,Towers with Radar,1,19,25,13,58,0,0,60,0,60,1,19,85,13,118,88,46,134,252
10/23/2004,CKB,WV,AEA,CE,Towers with Radar,4,4,10,0,18,0,0,61,1,62,4,4,71,1,80,120,0,120,200
10/24/2004,CKB,WV,AEA,CE,Towers with Radar,0,6,7,0,13,0,0,32,4,36,0,6,39,4,49,12,0,12,61
10/25/2004,CKB,WV,AEA,CE,Towers with Radar,0,8,9,6,23,0,5,37,3,45,0,13,46,9,68,92,64,156,224
10/26/2004,CKB,WV,AEA,CE,Towers with Radar,2,8,23,6,39,0,3,61,23,87,2,11,84,29,126,68,166,234,360
10/27/2004,CKB,WV,AEA,CE,Towers with Radar,1,9,14,8,32,0,0,30,20,50,1,9,44,28,82,150,56,206,288
10/28/2004,CKB,WV,AEA,CE,Towers with Radar,0,10,30,19,59,0,0,8,0,8,0,10,38,19,67,58,8,66,133
10/29/2004,CKB,WV,AEA,CE,Towers with Radar,2,10,9,0,21,0,0,7,0,7,2,10,16,0,28,0,0,0,28
10/30/2004,CKB,WV,AEA,CE,Towers with Radar,2,3,3,0,8,1,0,17,2,20,3,3,20,2,28,33,0,33,61
10/31/2004,CKB,WV,AEA,CE,Towers with Radar,3,7,3,0,13,2,0,29,0,31,5,7,32,0,44,66,0,66,110
11/01/2004,CKB,WV,AEA,CE,Combined TRACON& Tower with Radar,2,9,18,12,41,0,0,38,38,76,2,9,56,50,117,156,116,272,389
11/02/2004,CKB,WV,AEA,CE,Combined TRACON& Tower with Radar,0,10,21,7,38,0,1,71,8,80,0,11,92,15,118,89,56,145,263
11/03/2004,CKB,WV,AEA,CE,Combined TRACON& Tower with Radar,0,8,24,22,54,0,1,67,31,99,0,9,91,53,153,118,72,190,343
11/04/2004,CKB,WV,AEA,CE,Combined TRACON& Tower with Radar,0,14,12,16,42,0,0,0,1,1,0,14,12,17,43,0,0,0,43
11/05/2004,CKB,WV,AEA,CE,Combined TRACON& Tower with Radar,0,9,14,6,29,0,0,28,8,36,0,9,42,14,65,28,34,62,127
11/06/2004,CKB,WV,AEA,CE,Combined TRACON& Tower with Radar,0,7,11,0,18,0,63,36,0,99,0,70,47,0,117,112,0,112,229
11/07/2004,CKB,WV,AEA,CE,Combined TRACON& Tower with Radar,0,8,11,3,22,0,0,58,0,58,0,8,69,3,80,0,0,0,80
11/08/2004,CKB,WV,AEA,CE,Combined TRACON& Tower with Radar,2,9,18,10,39,0,0,38,7,45,2,9,56,17,84,40,36,76,160
11/09/2004,CKB,WV,AEA,CE,Combined TRACON& Tower with Radar,0,12,20,13,45,0,0,54,0,54,0,12,74,13,99,104,54,158,257
11/10/2004,CKB,WV,AEA,CE,Combined TRACON& Tower with Radar,0,0,15,8,23,1,0,57,0,58,1,0,72,8,81,118,24,142,223
11/11/2004,CKB,WV,AEA,CE,Combined TRACON& Tower with Radar,0,13,20,12,45,0,0,58,6,64,0,13,78,18,109,150,14,164,273
11/12/2004,CKB,WV,AEA,CE,Combined TRACON& Tower with Radar,1,12,14,4,31,0,0,0,0,0,1,12,14,4,31,0,0,0,31
11/13/2004,CKB,WV,AEA,CE,Combined TRACON& Tower with Radar,1,8,15,0,24,0,0,45,0,45,1,8,60,0,69,138,0,138,207
11/14/2004,CKB,WV,AEA,CE,Combined TRACON& Tower with Radar,0,9,16,0,25,0,0,65,0,65,0,9,81,0,90,34,0,34,124
11/15/2004,CKB,WV,AEA,CE,Combined TRACON& Tower with Radar,0,7,25,3,35,0,1,55,8,64,0,8,80,11,99,118,52,170,269
11/16/2004,CKB,WV,AEA,CE,Combined TRACON& Tower with Radar,5,9,14,8,36,0,0,49,18,67,5,9,63,26,103,118,42,160,263
11/17/2004,CKB,WV,AEA,CE,Combined TRACON& Tower with Radar,0,10,25,6,41,1,0,45,19,65,1,10,70,25,106,104,54,158,264
11/18/2004,CKB,WV,AEA,CE,Combined TRACON& Tower with Radar,0,6,13,2,21,0,2,1,0,3,0,8,14,2,24,0,0,0,24
11/19/2004,CKB,WV,AEA,CE,Combined TRACON& Tower with Radar,0,7,10,0,17,0,0,0,0,0,0,7,10,0,17,0,0,0,17
11/20/2004,CKB,WV,AEA,CE,Combined TRACON& Tower with Radar,0,8,15,0,23,0,0,2,0,2,0,8,17,0,25,2,0,2,27
11/21/2004,CKB,WV,AEA,CE,Combined TRACON& Tower with Radar,0,8,12,0,20,0,0,2,0,2,0,8,14,0,22,0,0,0,22
11/22/2004,CKB,WV,AEA,CE,Combined TRACON& Tower with Radar,1,10,18,4,33,0,0,0,0,0,1,10,18,4,33,0,0,0,33
11/23/2004,CKB,WV,AEA,CE,Combined TRACON& Tower with Radar,4,12,30,4,50,0,0,0,0,0,4,12,30,4,50,32,36,68,118
11/24/2004,CKB,WV,AEA,CE,Combined TRACON& Tower with Radar,3,8,9,0,20,0,0,5,3,8,3,8,14,3,28,4,20,24,52
11/25/2004,CKB,WV,AEA,CE,Combined TRACON& Tower with Radar,0,5,4,0,9,0,0,0,0,0,0,5,4,0,9,0,0,0,9
11/26/2004,CKB,WV,AEA,CE,Combined TRACON& Tower with Radar,0,4,7,0,11,0,0,26,0,26,0,4,33,0,37,2,0,2,39
11/27/2004,CKB,WV,AEA,CE,Combined TRACON& Tower with Radar,0,3,3,0,6,0,0,28,0,28,0,3,31,0,34,22,0,22,56
11/28/2004,CKB,WV,AEA,CE,Combined TRACON& Tower with Radar,0,11,9,0,20,0,2,3,0,5,0,13,12,0,25,2,0,2,27
11/29/2004,CKB,WV,AEA,CE,Combined TRACON& Tower with Radar,0,7,4,11,22,0,0,46,10,56,0,7,50,21,78,70,28,98,176
11/30/2004,CKB,WV,AEA,CE,Combined TRACON& Tower with Radar,1,10,18,2,31,0,0,31,7,38,1,10,49,9,69,60,108,168,237
12/01/2004,CKB,WV,AEA,CE,Combined TRACON& Tower with Radar,0,11,13,2,26,0,0,7,6,13,0,11,20,8,39,14,28,42,81
12/02/2004,CKB,WV,AEA,CE,Combined TRACON& Tower with Radar,0,10,12,12,34,0,0,43,22,65,0,10,55,34,99,46,20,66,165
12/03/2004,CKB,WV,AEA,CE,Combined TRACON& Tower with Radar,0,12,17,9,38,0,0,78,7,85,0,12,95,16,123,52,6,58,181
12/04/2004,CKB,WV,AEA,CE,Combined TRACON& Tower with Radar,0,4,11,0,15,0,0,79,0,79,0,4,90,0,94,46,0,46,140
12/05/2004,CKB,WV,AEA,CE,Combined TRACON& Tower with Radar,0,8,15,7,30,0,2,71,1,74,0,10,86,8,104,124,0,124,228
12/06/2004,CKB,WV,AEA,CE,Combined TRACON& Tower with Radar,1,12,14,4,31,0,0,2,0,2,1,12,16,4,33,0,0,0,33
12/07/2004,CKB,WV,AEA,CE,Combined TRACON& Tower with Radar,0,7,10,0,17,0,1,11,0,12,0,8,21,0,29,4,0,4,33
12/08/2004,CKB,WV,AEA,CE,Combined TRACON& Tower with Radar,0,9,16,12,37,0,3,53,38,94,0,12,69,50,131,102,64,166,297
12/09/2004,CKB,WV,AEA,CE,Combined TRACON& Tower with Radar,0,10,21,12,43,0,0,6,1,7,0,10,27,13,50,26,14,40,90
12/10/2004,CKB,WV,AEA,CE,Combined TRACON& Tower with Radar,0,7,16,4,27,0,0,0,12,12,0,7,16,16,39,6,0,6,45
12/11/2004,CKB,WV,AEA,CE,Combined TRACON& Tower with Radar,3,5,4,1,13,0,1,2,2,5,3,6,6,3,18,0,10,10,28
12/12/2004,CKB,WV,AEA,CE,Combined TRACON& Tower with Radar,1,8,1,3,13,0,0,3,0,3,1,8,4,3,16,0,0,0,16
12/13/2004,CKB,WV,AEA,CE,Combined TRACON& Tower with Radar,0,11,5,2,18,0,0,0,0,0,0,11,5,2,18,0,0,0,18
12/14/2004,CKB,WV,AEA,CE,Combined TRACON& Tower with Radar,0,8,7,8,23,0,0,0,13,13,0,8,7,21,36,0,22,22,58
12/15/2004,CKB,WV,AEA,CE,Combined TRACON& Tower with Radar,0,10,17,5,32,0,0,50,12,62,0,10,67,17,94,104,18,122,216
12/16/2004,CKB,WV,AEA,CE,Combined TRACON& Tower with Radar,0,9,15,6,30,0,0,39,11,50,0,9,54,17,80,112,8,120,200
12/17/2004,CKB,WV,AEA,CE,Combined TRACON& Tower with Radar,0,10,15,2,27,0,0,52,0,52,0,10,67,2,79,0,124,124,203
12/18/2004,CKB,WV,AEA,CE,Combined TRACON& Tower with Radar,0,6,12,0,18,0,0,45,3,48,0,6,57,3,66,10,0,10,76
12/19/2004,CKB,WV,AEA,CE,Combined TRACON& Tower with Radar,0,3,4,0,7,0,0,0,0,0,0,3,4,0,7,0,0,0,7
12/20/2004,CKB,WV,AEA,CE,Combined TRACON& Tower with Radar,0,14,12,7,33,0,1,8,0,9,0,15,20,7,42,0,0,0,42
12/21/2004,CKB,WV,AEA,CE,Combined TRACON& Tower with Radar,0,12,14,6,32,0,0,21,14,35,0,12,35,20,67,47,26,73,140
12/22/2004,CKB,WV,AEA,CE,Combined TRACON& Tower with Radar,0,15,15,3,33,0,2,26,4,32,0,17,41,7,65,74,6,80,145
12/23/2004,CKB,WV,AEA,CE,Combined TRACON& Tower with Radar,0,10,4,2,16,0,0,0,0,0,0,10,4,2,16,0,0,0,16
12/24/2004,CKB,WV,AEA,CE,Combined TRACON& Tower with Radar,0,11,7,0,18,0,0,7,0,7,0,11,14,0,25,0,0,0,25
12/25/2004,CKB,WV,AEA,CE,Combined TRACON& Tower with Radar,0,6,0,0,6,0,0,16,0,16,0,6,16,0,22,0,0,0,22
12/26/2004,CKB,WV,AEA,CE,Combined TRACON& Tower with Radar,0,6,9,0,15,0,0,23,0,23,0,6,32,0,38,64,0,64,102
12/27/2004,CKB,WV,AEA,CE,Combined TRACON& Tower with Radar,0,10,6,5,21,0,4,18,11,33,0,14,24,16,54,34,20,54,108
12/28/2004,CKB,WV,AEA,CE,Combined TRACON& Tower with Radar,0,8,12,10,30,0,2,27,5,34,0,10,39,15,64,32,14,46,110
12/29/2004,CKB,WV,AEA,CE,Combined TRACON& Tower with Radar,0,7,6,2,15,0,1,19,0,20,0,8,25,2,35,10,0,10,45
12/30/2004,CKB,WV,AEA,CE,Combined TRACON& Tower with Radar,0,8,9,0,17,0,0,0,0,0,0,8,9,0,17,0,0,0,17
12/31/2004,CKB,WV,AEA,CE,Combined TRACON& Tower with Radar,0,11,10,0,21,0,0,5,0,5,0,11,15,0,26,0,0,0,26
01/01/2005,CKB,WV,AEA,CE,Combined TRACON& Tower with Radar,0,6,0,0,6,2,0,9,0,11,2,6,9,0,17,6,0,6,23
01/02/2005,CKB,WV,AEA,CE,Combined TRACON& Tower with Radar,0,6,5,0,11,0,1,12,0,13,0,7,17,0,24,26,0,26,50
01/03/2005,CKB,WV,AEA,CE,Combined TRACON& Tower with Radar,0,11,12,2,25,0,0,1,0,1,0,11,13,2,26,2,0,2,28
01/04/2005,CKB,WV,AEA,CE,Combined TRACON& Tower with Radar,0,14,6,0,20,0,0,0,0,0,0,14,6,0,20,0,0,0,20
01/05/2005,CKB,WV,AEA,CE,Combined TRACON& Tower with Radar,0,11,10,0,21,0,0,0,0,0,0,11,10,0,21,0,0,0,21
01/06/2005,CKB,WV,AEA,CE,Combined TRACON& Tower with Radar,0,7,8,1,16,0,0,6,3,9,0,7,14,4,25,0,0,0,25
01/07/2005,CKB,WV,AEA,CE,Combined TRACON& Tower with Radar,1,8,16,0,25,0,0,19,0,19,1,8,35,0,44,28,0,28,72
01/08/2005,CKB,WV,AEA,CE,Combined TRACON& Tower with Radar,5,5,10,0,20,0,0,12,0,12,5,5,22,0,32,34,0,34,66
01/09/2005,CKB,WV,AEA,CE,Combined TRACON& Tower with Radar,0,10,20,0,30,0,0,88,2,90,0,10,108,2,120,52,0,52,172
01/10/2005,CKB,WV,AEA,CE,Combined TRACON& Tower with Radar,0,8,5,9,22,0,0,11,7,18,0,8,16,16,40,54,4,58,98
01/11/2005,CKB,WV,AEA,CE,Combined TRACON& Tower with Radar,3,6,5,2,16,0,0,0,0,0,3,6,5,2,16,0,2,2,18
01/12/2005,CKB,WV,AEA,CE,Combined TRACON& Tower with Radar,0,13,13,0,26,0,1,35,4,40,0,14,48,4,66,24,8,32,98
01/13/2005,CKB,WV,AEA,CE,Combined TRACON& Tower with Radar,0,7,9,7,23,0,1,6,1,8,0,8,15,8,31,0,8,8,39
01/14/2005,CKB,WV,AEA,CE,Combined TRACON& Tower with Radar,0,17,14,3,34,0,0,19,2,21,0,17,33,5,55,24,2,26,81
01/15/2005,CKB,WV,AEA,CE,Combined TRACON& Tower with Radar,0,3,12,0,15,0,1,38,0,39,0,4,50,0,54,30,2,32,86
01/16/2005,CKB,WV,AEA,CE,Combined TRACON& Tower with Radar,0,8,2,0,10,0,0,17,0,17,0,8,19,0,27,52,0,52,79
01/17/2005,CKB,WV,AEA,CE,Combined TRACON& Tower with Radar,0,8,0,0,8,0,0,4,0,4,0,8,4,0,12,10,0,10,22
01/18/2005,CKB,WV,AEA,CE,Combined TRACON& Tower with Radar,0,9,14,9,32,0,0,29,1,30,0,9,43,10,62,20,13,33,95
01/19/2005,CKB,WV,AEA,CE,Combined TRACON& Tower with Radar,5,11,8,1,25,0,0,0,0,0,5,11,8,1,25,0,0,0,25
01/20/2005,CKB,WV,AEA,CE,Combined TRACON& Tower with Radar,0,9,7,5,21,0,0,0,2,2,0,9,7,7,23,0,0,0,23
01/21/2005,CKB,WV,AEA,CE,Combined TRACON& Tower with Radar,0,13,15,8,36,0,3,48,4,55,0,16,63,12,91,94,0,94,185
01/22/2005,CKB,WV,AEA,CE,Combined TRACON& Tower with Radar,2,1,0,0,3,0,1,0,0,1,2,2,0,0,4,0,0,0,4
01/23/2005,CKB,WV,AEA,CE,Combined TRACON& Tower with Radar,0,10,1,1,12,0,0,0,5,5,0,10,1,6,17,0,0,0,17
01/24/2005,CKB,WV,AEA,CE,Combined TRACON& Tower with Radar,2,18,13,10,43,0,26,30,48,104,2,44,43,58,147,48,23,71,218
01/25/2005,CKB,WV,AEA,CE,Combined TRACON& Tower with Radar,1,13,20,7,41,2,0,54,13,69,3,13,74,20,110,24,62,86,196
01/26/2005,CKB,WV,AEA,CE,Combined TRACON& Tower with Radar,0,12,10,10,32,0,0,10,0,10,0,12,20,10,42,40,22,62,104
01/27/2005,CKB,WV,AEA,CE,Combined TRACON& Tower with Radar,0,11,6,10,27,0,0,17,1,18,0,11,23,11,45,34,22,56,101
01/28/2005,CKB,WV,AEA,CE,Combined TRACON& Tower with Radar,3,9,13,1,26,0,0,29,0,29,3,9,42,1,55,76,0,76,131
01/29/2005,CKB,WV,AEA,CE,Combined TRACON& Tower with Radar,0,3,5,3,11,0,0,12,1,13,0,3,17,4,24,50,22,72,96
01/30/2005,CKB,WV,AEA,CE,Combined TRACON& Tower with Radar,0,7,2,1,10,0,0,0,0,0,0,7,2,1,10,0,0,0,10
01/31/2005,CKB,WV,AEA,CE,Combined TRACON& Tower with Radar,0,17,11,7,35,0,0,42,19,61,0,17,53,26,96,46,66,112,208
02/01/2005,CKB,WV,AEA,CE,Combined TRACON& Tower with Radar,0,11,14,6,31,0,0,63,15,78,0,11,77,21,109,28,44,72,181
02/02/2005,CKB,WV,AEA,CE,Combined TRACON& Tower with Radar,0,8,17,6,31,0,0,64,17,81,0,8,81,23,112,88,42,130,242
02/03/2005,CKB,WV,AEA,CE,Combined TRACON& Tower with Radar,0,9,10,2,21,0,0,0,0,0,0,9,10,2,21,0,0,0,21
02/04/2005,CKB,WV,AEA,CE,Combined TRACON& Tower with Radar,0,7,26,6,39,0,0,39,8,47,0,7,65,14,86,104,44,148,234
02/05/2005,CKB,WV,AEA,CE,Combined TRACON& Tower with Radar,0,4,14,10,28,0,0,74,12,86,0,4,88,22,114,88,12,100,214
02/06/2005,CKB,WV,AEA,CE,Combined TRACON& Tower with Radar,0,7,11,0,18,0,1,80,0,81,0,8,91,0,99,28,0,28,127
02/07/2005,CKB,WV,AEA,CE,Combined TRACON& Tower with Radar,0,11,14,9,34,0,0,63,1,64,0,11,77,10,98,68,8,76,174
02/08/2005,CKB,WV,AEA,CE,Combined TRACON& Tower with Radar,0,10,13,7,30,0,0,0,2,2,0,10,13,9,32,0,6,6,38
02/09/2005,CKB,WV,AEA,CE,Combined TRACON& Tower with Radar,0,9,5,7,21,0,4,1,2,7,0,13,6,9,28,14,0,14,42
02/10/2005,CKB,WV,AEA,CE,Combined TRACON& Tower with Radar,0,8,7,2,17,0,3,4,1,8,0,11,11,3,25,0,0,0,25
02/11/2005,CKB,WV,AEA,CE,Combined TRACON& Tower with Radar,0,10,21,22,53,0,0,4,1,5,0,10,25,23,58,2,58,60,118
02/12/2005,CKB,WV,AEA,CE,Combined TRACON& Tower with Radar,0,6,6,11,23,0,2,25,6,33,0,8,31,17,56,46,30,76,132
02/13/2005,CKB,WV,AEA,CE,Combined TRACON& Tower with Radar,0,13,11,5,29,0,3,27,10,40,0,16,38,15,69,50,48,98,167
02/14/2005,CKB,WV,AEA,CE,Combined TRACON& Tower with Radar,0,8,12,1,21,0,0,5,0,5,0,8,17,1,26,0,0,0,26
02/15/2005,CKB,WV,AEA,CE,Combined TRACON& Tower with Radar,0,15,16,2,33,0,0,58,0,58,0,15,74,2,91,50,0,50,141
02/16/2005,CKB,WV,AEA,CE,Combined TRACON& Tower with Radar,0,7,19,10,36,0,0,11,0,11,0,7,30,10,47,36,0,36,83
02/17/2005,CKB,WV,AEA,CE,Combined TRACON& Tower with Radar,0,1,13,6,20,0,5,9,3,17,0,6,22,9,37,0,16,16,53
02/18/2005,CKB,WV,AEA,CE,Combined TRACON& Tower with Radar,0,7,15,7,29,0,0,20,10,30,0,7,35,17,59,76,8,84,143
02/19/2005,CKB,WV,AEA,CE,Combined TRACON& Tower with Radar,0,8,13,0,21,0,0,90,0,90,0,8,103,0,111,112,0,112,223
02/20/2005,CKB,WV,AEA,CE,Combined TRACON& Tower with Radar,1,8,6,0,15,0,2,11,0,13,1,10,17,0,28,60,0,60,88
02/21/2005,CKB,WV,AEA,CE,Combined TRACON& Tower with Radar,0,15,17,0,32,0,0,23,0,23,0,15,40,0,55,26,0,26,81
02/22/2005,CKB,WV,AEA,CE,Combined TRACON& Tower with Radar,0,11,12,6,29,0,0,67,14,81,0,11,79,20,110,104,54,158,268
02/23/2005,CKB,WV,AEA,CE,Combined TRACON& Tower with Radar,0,9,9,16,34,0,0,41,7,48,0,9,50,23,82,36,102,138,220
02/24/2005,CKB,WV,AEA,CE,Combined TRACON& Tower with Radar,0,9,13,0,22,0,0,0,0,0,0,9,13,0,22,0,0,0,22
02/25/2005,CKB,WV,AEA,CE,Combined TRACON& Tower with Radar,0,6,8,6,20,0,0,21,7,28,0,6,29,13,48,19,5,24,72
02/26/2005,CKB,WV,AEA,CE,Combined TRACON& Tower with Radar,3,5,10,0,18,0,0,14,0,14,3,5,24,0,32,40,0,40,72
02/27/2005,CKB,WV,AEA,CE,Combined TRACON& Tower with Radar,0,6,16,5,27,0,0,61,0,61,0,6,77,5,88,98,0,98,186
02/28/2005,CKB,WV,AEA,CE,Combined TRACON& Tower with Radar,0,9,6,0,15,0,0,0,0,0,0,9,6,0,15,0,0,0,15
03/01/2005,CKB,WV,AEA,CE,Combined TRACON& Tower with Radar,0,6,5,0,11,0,0,0,0,0,0,6,5,0,11,0,0,0,11
03/02/2005,CKB,WV,AEA,CE,Combined TRACON& Tower with Radar,0,11,4,2,17,0,0,2,0,2,0,11,6,2,19,0,0,0,19
03/03/2005,CKB,WV,AEA,CE,Combined TRACON& Tower with Radar,0,10,13,12,35,0,0,27,4,31,0,10,40,16,66,60,66,126,192
03/04/2005,CKB,WV,AEA,CE,Combined TRACON& Tower with Radar,1,8,10,10,29,0,0,21,5,26,1,8,31,15,55,78,70,148,203
03/05/2005,CKB,WV,AEA,CE,Combined TRACON& Tower with Radar,0,9,3,5,17,0,0,23,10,33,0,9,26,15,50,80,36,116,166
03/06/2005,CKB,WV,AEA,CE,Combined TRACON& Tower with Radar,0,6,6,5,17,0,0,0,0,0,0,6,6,5,17,48,24,72,89
03/07/2005,CKB,WV,AEA,CE,Combined TRACON& Tower with Radar,0,10,10,4,24,0,0,22,2,24,0,10,32,6,48,26,14,40,88
03/08/2005,CKB,WV,AEA,CE,Combined TRACON& Tower with Radar,0,9,6,1,16,0,2,0,3,5,0,11,6,4,21,0,6,6,27
03/09/2005,CKB,WV,AEA,CE,Combined TRACON& Tower with Radar,0,8,18,5,31,0,3,37,5,45,0,11,55,10,76,84,28,112,188
03/10/2005,CKB,WV,AEA,CE,Combined TRACON& Tower with Radar,5,6,16,5,32,0,1,84,0,85,5,7,100,5,117,126,22,148,265
03/11/2005,CKB,WV,AEA,CE,Combined TRACON& Tower with Radar,0,9,8,0,17,0,1,0,1,2,0,10,8,1,19,0,0,0,19
03/12/2005,CKB,WV,AEA,CE,Combined TRACON& Tower with Radar,0,7,10,0,17,0,0,1,0,1,0,7,11,0,18,0,0,0,18
03/13/2005,CKB,WV,AEA,CE,Combined TRACON& Tower with Radar,0,13,6,0,19,0,0,32,0,32,0,13,38,0,51,54,0,54,105
03/14/2005,CKB,WV,AEA,CE,Combined TRACON& Tower with Radar,0,14,7,12,33,0,2,74,48,124,0,16,81,60,157,73,48,121,278
03/15/2005,CKB,WV,AEA,CE,Combined TRACON& Tower with Radar,2,15,11,10,38,0,2,74,71,147,2,17,85,81,185,42,152,194,379
03/16/2005,CKB,WV,AEA,CE,Combined TRACON& Tower with Radar,0,11,19,10,40,0,0,45,25,70,0,11,64,35,110,80,134,214,324
03/17/2005,CKB,WV,AEA,CE,Combined TRACON& Tower with Radar,0,8,17,14,39,0,0,49,40,89,0,8,66,54,128,100,128,228,356
03/18/2005,CKB,WV,AEA,CE,Combined TRACON& Tower with Radar,0,11,24,6,41,0,0,86,11,97,0,11,110,17,138,108,72,180,318
03/19/2005,CKB,WV,AEA,CE,Combined TRACON& Tower with Radar,0,5,6,0,11,0,0,40,1,41,0,5,46,1,52,66,0,66,118
03/20/2005,CKB,WV,AEA,CE,Combined TRACON& Tower with Radar,0,8,6,0,14,0,0,12,0,12,0,8,18,0,26,54,2,56,82
03/21/2005,CKB,WV,AEA,CE,Combined TRACON& Tower with Radar,1,10,19,1,31,0,9,45,88,142,1,19,64,89,173,112,180,292,465
03/22/2005,CKB,WV,AEA,CE,Combined TRACON& Tower with Radar,1,8,12,3,24,0,0,47,19,66,1,8,59,22,90,96,128,224,314
03/23/2005,CKB,WV,AEA,CE,Combined TRACON& Tower with Radar,3,11,11,0,25,0,0,10,10,20,3,11,21,10,45,14,78,92,137
03/24/2005,CKB,WV,AEA,CE,Combined TRACON& Tower with Radar,2,9,14,2,27,0,0,11,0,11,2,9,25,2,38,54,0,54,92
03/25/2005,CKB,WV,AEA,CE,Combined TRACON& Tower with Radar,0,9,11,0,20,0,2,26,4,32,0,11,37,4,52,24,62,86,138
03/26/2005,CKB,WV,AEA,CE,Combined TRACON& Tower with Radar,3,8,7,1,19,0,0,22,2,24,3,8,29,3,43,42,0,42,85
03/27/2005,CKB,WV,AEA,CE,Combined TRACON& Tower with Radar,2,9,5,0,16,0,0,5,0,5,2,9,10,0,21,8,0,8,29
03/28/2005,CKB,WV,AEA,CE,Combined TRACON& Tower with Radar,0,13,11,1,25,0,0,9,0,9,0,13,20,1,34,40,0,40,74
03/29/2005,CKB,WV,AEA,CE,Combined TRACON& Tower with Radar,0,9,23,12,44,0,0,23,2,25,0,9,46,14,69,126,24,150,219
03/30/2005,CKB,WV,AEA,CE,Combined TRACON& Tower with Radar,0,9,14,11,34,0,0,119,18,137,0,9,133,29,171,136,160,296,467
03/31/2005,CKB,WV,AEA,CE,Combined TRACON& Tower with Radar,0,10,13,4,27,0,4,14,4,22,0,14,27,8,49,60,32,92,141
04/01/2005,CKB,WV,AEA,CE,Combined TRACON& Tower with Radar,0,9,14,13,36,0,0,43,6,49,0,9,57,19,85,152,114,266,351
04/02/2005,CKB,WV,AEA,CE,Combined TRACON& Tower with Radar,0,6,7,0,13,0,3,0,0,3,0,9,7,0,16,0,0,0,16
04/03/2005,CKB,WV,AEA,CE,Combined TRACON& Tower with Radar,0,9,3,2,14,0,0,3,1,4,0,9,6,3,18,6,4,10,28
04/04/2005,CKB,WV,AEA,CE,Combined TRACON& Tower with Radar,0,18,4,7,29,0,0,36,14,50,0,18,40,21,79,40,56,96,175
04/05/2005,CKB,WV,AEA,CE,Combined TRACON& Tower with Radar,0,7,19,20,46,0,0,56,6,62,0,7,75,26,108,132,52,184,292
04/06/2005,CKB,WV,AEA,CE,Combined TRACON& Tower with Radar,0,13,21,19,53,0,0,77,24,101,0,13,98,43,154,132,38,170,324
04/07/2005,CKB,WV,AEA,CE,Combined TRACON& Tower with Radar,1,7,23,12,43,1,0,14,0,15,2,7,37,12,58,58,16,74,132
04/08/2005,CKB,WV,AEA,CE,Combined TRACON& Tower with Radar,0,7,15,20,42,0,0,25,0,25,0,7,40,20,67,58,0,58,125
04/09/2005,CKB,WV,AEA,CE,Combined TRACON& Tower with Radar,0,3,15,2,20,0,0,91,0,91,0,3,106,2,111,64,0,64,175
04/10/2005,CKB,WV,AEA,CE,Combined TRACON& Tower with Radar,0,7,16,0,23,0,1,69,0,70,0,8,85,0,93,144,0,144,237
04/11/2005,CKB,WV,AEA,CE,Combined TRACON& Tower with Radar,0,8,16,22,46,0,0,74,6,80,0,8,90,28,126,30,8,38,164
04/12/2005,CKB,WV,AEA,CE,Combined TRACON& Tower with Radar,0,8,10,14,32,0,1,55,27,83,0,9,65,41,115,78,86,164,279
04/13/2005,CKB,WV,AEA,CE,Combined TRACON& Tower with Radar,0,8,17,12,37,0,0,23,9,32,0,8,40,21,69,32,36,68,137
04/14/2005,CKB,WV,AEA,CE,Combined TRACON& Tower with Radar,0,9,15,23,47,0,0,54,15,69,0,9,69,38,116,116,74,190,306
04/15/2005,CKB,WV,AEA,CE,Combined TRACON& Tower with Radar,0,15,23,2,40,0,2,39,5,46,0,17,62,7,86,108,0,108,194
04/16/2005,CKB,WV,AEA,CE,Combined TRACON& Tower with Radar,0,3,7,0,10,0,2,77,2,81,0,5,84,2,91,46,0,46,137
04/17/2005,CKB,WV,AEA,CE,Combined TRACON& Tower with Radar,0,20,10,1,31,0,0,0,0,0,0,20,10,1,31,106,0,106,137
04/18/2005,CKB,WV,AEA,CE,Combined TRACON& Tower with Radar,2,11,12,11,36,0,2,65,16,83,2,13,77,27,119,70,38,108,227
04/19/2005,CKB,WV,AEA,CE,Combined TRACON& Tower with Radar,0,12,16,6,34,0,0,124,10,134,0,12,140,16,168,68,56,124,292
04/20/2005,CKB,WV,AEA,CE,Combined TRACON& Tower with Radar,0,9,16,9,34,0,0,19,0,19,0,9,35,9,53,82,0,82,135
04/21/2005,CKB,WV,AEA,CE,Combined TRACON& Tower with Radar,0,11,13,7,31,1,0,0,3,4,1,11,13,10,35,0,0,0,35
04/22/2005,CKB,WV,AEA,CE,Combined TRACON& Tower with Radar,0,9,17,0,26,0,0,14,0,14,0,9,31,0,40,62,0,62,102
04/23/2005,CKB,WV,AEA,CE,Combined TRACON& Tower with Radar,0,6,4,0,10,0,0,0,0,0,0,6,4,0,10,0,0,0,10
04/24/2005,CKB,WV,AEA,CE,Combined TRACON& Tower with Radar,0,6,2,0,8,0,0,0,0,0,0,6,2,0,8,0,0,0,8
04/25/2005,CKB,WV,AEA,CE,Combined TRACON& Tower with Radar,0,5,7,9,21,0,0,21,2,23,0,5,28,11,44,70,4,74,118
04/26/2005,CKB,WV,AEA,CE,Combined TRACON& Tower with Radar,3,11,22,10,46,0,1,30,32,63,3,12,52,42,109,72,108,180,289
04/27/2005,CKB,WV,AEA,CE,Combined TRACON& Tower with Radar,0,11,15,11,37,0,1,26,50,77,0,12,41,61,114,40,44,84,198
04/28/2005,CKB,WV,AEA,CE,Combined TRACON& Tower with Radar,0,9,17,9,35,0,0,38,49,87,0,9,55,58,122,60,70,130,252
04/29/2005,CKB,WV,AEA,CE,Combined TRACON& Tower with Radar,0,18,11,2,31,0,0,45,5,50,0,18,56,7,81,0,70,70,151
04/30/2005,CKB,WV,AEA,CE,Combined TRACON& Tower with Radar,0,4,6,1,11,0,1,6,0,7,0,5,12,1,18,2,0,2,20
05/01/2005,CKB,WV,AEA,CE,Combined TRACON& Tower with Radar,1,13,7,1,22,0,0,17,0,17,1,13,24,1,39,81,0,81,120
05/02/2005,CKB,WV,AEA,CE,Combined TRACON& Tower with Radar,0,7,19,6,32,0,1,27,4,32,0,8,46,10,64,102,30,132,196
05/03/2005,CKB,WV,AEA,CE,Combined TRACON& Tower with Radar,2,11,34,2,49,0,0,40,0,40,2,11,74,2,89,86,102,188,277
05/04/2005,CKB,WV,AEA,CE,Combined TRACON& Tower with Radar,0,9,15,15,39,0,0,79,32,111,0,9,94,47,150,90,86,176,326
05/05/2005,CKB,WV,AEA,CE,Combined TRACON& Tower with Radar,1,9,23,11,44,0,0,81,53,134,1,9,104,64,178,66,108,174,352
05/06/2005,CKB,WV,AEA,CE,Combined TRACON& Tower with Radar,0,9,12,8,29,0,0,24,26,50,0,9,36,34,79,48,112,160,239
05/07/2005,CKB,WV,AEA,CE,Combined TRACON& Tower with Radar,0,4,7,0,11,0,0,38,1,39,0,4,45,1,50,94,0,94,144
05/08/2005,CKB,WV,AEA,CE,Combined TRACON& Tower with Radar,0,7,9,3,19,0,0,49,0,49,0,7,58,3,68,84,0,84,152
05/09/2005,CKB,WV,AEA,CE,Combined TRACON& Tower with Radar,0,9,13,8,30,0,0,96,12,108,0,9,109,20,138,110,78,188,326
05/10/2005,CKB,WV,AEA,CE,Combined TRACON& Tower with Radar,0,9,14,4,27,0,0,53,59,112,0,9,67,63,139,80,66,146,285
05/11/2005,CKB,WV,AEA,CE,Combined TRACON& Tower with Radar,0,12,22,1,35,0,2,60,32,94,0,14,82,33,129,38,126,164,293
05/12/2005,CKB,WV,AEA,CE,Combined TRACON& Tower with Radar,1,8,14,7,30,0,0,0,0,0,1,8,14,7,30,0,0,0,30
05/13/2005,CKB,WV,AEA,CE,Combined TRACON& Tower with Radar,2,13,8,9,32,0,0,47,15,62,2,13,55,24,94,40,70,110,204
05/14/2005,CKB,WV,AEA,CE,Combined TRACON& Tower with Radar,4,4,6,2,16,0,0,0,0,0,4,4,6,2,16,80,11,91,107
05/15/2005,CKB,WV,AEA,CE,Combined TRACON& Tower with Radar,2,9,16,3,30,0,1,33,0,34,2,10,49,3,64,100,0,100,164
05/16/2005,CKB,WV,AEA,CE,Combined TRACON& Tower with Radar,0,7,15,9,31,0,0,45,0,45,0,7,60,9,76,110,104,214,290
05/17/2005,CKB,WV,AEA,CE,Combined TRACON& Tower with Radar,0,11,13,9,33,0,0,81,24,105,0,11,94,33,138,134,88,222,360
05/18/2005,CKB,WV,AEA,CE,Combined TRACON& Tower with Radar,0,9,16,5,30,0,0,44,24,68,0,9,60,29,98,44,70,114,212
05/19/2005,CKB,WV,AEA,CE,Combined TRACON& Tower with Radar,0,7,17,12,36,0,0,31,30,61,0,7,48,42,97,36,134,170,267
05/20/2005,CKB,WV,AEA,CE,Combined TRACON& Tower with Radar,0,14,21,12,47,0,0,16,2,18,0,14,37,14,65,74,14,88,153
05/21/2005,CKB,WV,AEA,CE,Combined TRACON& Tower with Radar,0,7,16,8,31,0,0,94,5,99,0,7,110,13,130,46,0,46,176
05/22/2005,CKB,WV,AEA,CE,Combined TRACON& Tower with Radar,0,7,8,0,15,0,4,52,0,56,0,11,60,0,71,98,8,106,177
05/23/2005,CKB,WV,AEA,CE,Combined TRACON& Tower with Radar,0,7,9,11,27,0,3,15,4,22,0,10,24,15,49,86,50,136,185
05/24/2005,CKB,WV,AEA,CE,Combined TRACON& Tower with Radar,0,9,20,1,30,0,0,5,5,10,0,9,25,6,40,2,48,50,90
05/25/2005,CKB,WV,AEA,CE,Combined TRACON& Tower with Radar,1,14,14,7,36,0,1,32,14,47,1,15,46,21,83,56,22,78,161
05/26/2005,CKB,WV,AEA,CE,Combined TRACON& Tower with Radar,1,6,13,8,28,0,0,51,13,64,1,6,64,21,92,40,0,40,132
05/27/2005,CKB,WV,AEA,CE,Combined TRACON& Tower with Radar,2,16,18,4,40,0,0,61,28,89,2,16,79,32,129,48,16,64,193
05/28/2005,CKB,WV,AEA,CE,Combined TRACON& Tower with Radar,0,3,15,0,18,0,2,9,0,11,0,5,24,0,29,18,0,18,47
05/29/2005,CKB,WV,AEA,CE,Combined TRACON& Tower with Radar,0,5,7,0,12,0,0,51,1,52,0,5,58,1,64,2,0,2,66
05/30/2005,CKB,WV,AEA,CE,Combined TRACON& Tower with Radar,0,11,10,0,21,0,0,27,0,27,0,11,37,0,48,66,0,66,114
05/31/2005,CKB,WV,AEA,CE,Combined TRACON& Tower with Radar,0,9,14,3,26,0,1,32,2,35,0,10,46,5,61,32,24,56,117
06/01/2005,CKB,WV,AEA,CE,Combined TRACON& Tower with Radar,0,10,7,11,28,0,0,38,13,51,0,10,45,24,79,124,54,178,257
06/02/2005,CKB,WV,AEA,CE,Combined TRACON& Tower with Radar,4,9,3,4,20,0,0,7,12,19,4,9,10,16,39,10,60,70,109
06/03/2005,CKB,WV,AEA,CE,Combined TRACON& Tower with Radar,1,7,16,6,30,0,0,22,5,27,1,7,38,11,57,64,74,138,195
06/04/2005,CKB,WV,AEA,CE,Combined TRACON& Tower with Radar,0,2,16,3,21,0,0,47,1,48,0,2,63,4,69,108,4,112,181
06/05/2005,CKB,WV,AEA,CE,Combined TRACON& Tower with Radar,0,7,8,0,15,0,1,41,6,48,0,8,49,6,63,100,0,100,163
06/06/2005,CKB,WV,AEA,CE,Combined TRACON& Tower with Radar,1,7,10,6,24,0,0,18,5,23,1,7,28,11,47,82,10,92,139
06/07/2005,CKB,WV,AEA,CE,Combined TRACON& Tower with Radar,1,11,11,6,29,0,1,75,22,98,1,12,86,28,127,82,14,96,223
06/08/2005,CKB,WV,AEA,CE,Combined TRACON& Tower with Radar,0,11,24,7,42,0,0,44,10,54,0,11,68,17,96,44,10,54,150
06/09/2005,CKB,WV,AEA,CE,Combined TRACON& Tower with Radar,0,10,27,6,43,0,0,38,5,43,0,10,65,11,86,52,20,72,158
06/10/2005,CKB,WV,AEA,CE,Combined TRACON& Tower with Radar,0,14,9,4,27,0,0,37,10,47,0,14,46,14,74,64,30,94,168
06/11/2005,CKB,WV,AEA,CE,Combined TRACON& Tower with Radar,0,7,11,0,18,0,2,33,1,36,0,9,44,1,54,98,0,98,152
06/12/2005,CKB,WV,AEA,CE,Combined TRACON& Tower with Radar,0,10,6,0,16,0,0,44,0,44,0,10,50,0,60,70,0,70,130
06/13/2005,CKB,WV,AEA,CE,Combined TRACON& Tower with Radar,0,7,12,3,22,0,0,34,0,34,0,7,46,3,56,52,56,108,164
06/14/2005,CKB,WV,AEA,CE,Combined TRACON& Tower with Radar,0,13,10,5,28,0,0,33,13,46,0,13,43,18,74,30,80,110,184
06/15/2005,CKB,WV,AEA,CE,Combined TRACON& Tower with Radar,0,10,22,14,46,0,0,33,10,43,0,10,55,24,89,64,60,124,213
06/16/2005,CKB,WV,AEA,CE,Combined TRACON& Tower with Radar,1,10,24,12,47,0,0,15,0,15,1,10,39,12,62,8,48,56,118
06/17/2005,CKB,WV,AEA,CE,Combined TRACON& Tower with Radar,0,9,22,8,39,0,0,57,1,58,0,9,79,9,97,62,52,114,211
06/18/2005,CKB,WV,AEA,CE,Combined TRACON& Tower with Radar,0,10,10,0,20,0,0,67,0,67,0,10,77,0,87,138,0,138,225
06/19/2005,CKB,WV,AEA,CE,Combined TRACON& Tower with Radar,0,14,6,0,20,0,0,52,0,52,0,14,58,0,72,90,0,90,162
06/20/2005,CKB,WV,AEA,CE,Combined TRACON& Tower with Radar,0,12,10,4,26,0,1,66,6,73,0,13,76,10,99,78,12,90,189
06/21/2005,CKB,WV,AEA,CE,Combined TRACON& Tower with Radar,0,16,17,5,38,0,0,42,1,43,0,16,59,6,81,28,8,36,117
06/22/2005,CKB,WV,AEA,CE,Combined TRACON& Tower with Radar,2,13,27,8,50,0,1,30,2,33,2,14,57,10,83,20,6,26,109
06/23/2005,CKB,WV,AEA,CE,Combined TRACON& Tower with Radar,0,15,24,8,47,0,0,88,3,91,0,15,112,11,138,106,6,112,250
06/24/2005,CKB,WV,AEA,CE,Combined TRACON& Tower with Radar,0,12,16,4,32,0,0,84,1,85,0,12,100,5,117,56,0,56,173
06/25/2005,CKB,WV,AEA,CE,Combined TRACON& Tower with Radar,0,8,19,0,27,0,8,58,2,68,0,16,77,2,95,60,0,60,155
06/26/2005,CKB,WV,AEA,CE,Combined TRACON& Tower with Radar,0,9,6,1,16,0,0,47,0,47,0,9,53,1,63,24,0,24,87
06/27/2005,CKB,WV,AEA,CE,Combined TRACON& Tower with Radar,3,13,6,14,36,0,0,31,6,37,3,13,37,20,73,31,6,37,110
06/28/2005,CKB,WV,AEA,CE,Combined TRACON& Tower with Radar,1,15,7,12,35,0,0,32,7,39,1,15,39,19,74,56,10,66,140
06/29/2005,CKB,WV,AEA,CE,Combined TRACON& Tower with Radar,0,15,21,3,39,0,0,32,1,33,0,15,53,4,72,92,2,94,166
06/30/2005,CKB,WV,AEA,CE,Combined TRACON& Tower with Radar,0,11,13,9,33,0,4,30,5,39,0,15,43,14,72,96,40,136,208
07/01/2005,CKB,WV,AEA,CE,Combined TRACON& Tower with Radar,0,9,15,0,24,0,0,44,2,46,0,9,59,2,70,98,0,98,168
07/02/2005,CKB,WV,AEA,CE,Combined TRACON& Tower with Radar,0,6,13,0,19,0,0,46,0,46,0,6,59,0,65,88,0,88,153
07/03/2005,CKB,WV,AEA,CE,Combined TRACON& Tower with Radar,0,8,5,1,14,0,2,30,0,32,0,10,35,1,46,62,0,62,108
07/04/2005,CKB,WV,AEA,CE,Combined TRACON& Tower with Radar,0,2,7,1,10,0,0,3,23,26,0,2,10,24,36,70,0,70,106
07/05/2005,CKB,WV,AEA,CE,Combined TRACON& Tower with Radar,2,13,13,9,37,0,0,26,0,26,2,13,39,9,63,46,4,50,113
07/06/2005,CKB,WV,AEA,CE,Combined TRACON& Tower with Radar,0,7,25,4,36,2,0,31,1,34,2,7,56,5,70,8,12,20,90
07/07/2005,CKB,WV,AEA,CE,Combined TRACON& Tower with Radar,0,12,16,0,28,0,0,18,0,18,0,12,34,0,46,34,0,34,80
07/08/2005,CKB,WV,AEA,CE,Combined TRACON& Tower with Radar,1,21,23,11,56,0,4,12,4,20,1,25,35,15,76,12,4,16,92
07/09/2005,CKB,WV,AEA,CE,Combined TRACON& Tower with Radar,0,10,14,0,24,0,0,35,1,36,0,10,49,1,60,82,0,82,142
07/10/2005,CKB,WV,AEA,CE,Combined TRACON& Tower with Radar,1,9,10,2,22,0,0,38,0,38,1,9,48,2,60,14,0,14,74
07/11/2005,CKB,WV,AEA,CE,Combined TRACON& Tower with Radar,0,8,18,2,28,0,0,32,2,34,0,8,50,4,62,26,6,32,94
07/12/2005,CKB,WV,AEA,CE,Combined TRACON& Tower with Radar,2,14,4,5,25,0,2,24,18,44,2,16,28,23,69,48,82,130,199
07/13/2005,CKB,WV,AEA,CE,Combined TRACON& Tower with Radar,0,11,11,5,27,0,0,22,11,33,0,11,33,16,60,56,112,168,228
07/14/2005,CKB,WV,AEA,CE,Combined TRACON& Tower with Radar,0,9,20,11,40,0,0,30,12,42,0,9,50,23,82,86,92,178,260
07/15/2005,CKB,WV,AEA,CE,Combined TRACON& Tower with Radar,0,9,11,6,26,0,5,26,7,38,0,14,37,13,64,113,70,183,247
07/16/2005,CKB,WV,AEA,CE,Combined TRACON& Tower with Radar,0,8,5,0,13,0,1,24,0,25,0,9,29,0,38,100,0,100,138
07/17/2005,CKB,WV,AEA,CE,Combined TRACON& Tower with Radar,0,12,11,0,23,0,0,3,0,3,0,12,14,0,26,24,0,24,50
07/18/2005,CKB,WV,AEA,CE,Combined TRACON& Tower with Radar,0,10,15,5,30,0,1,8,8,17,0,11,23,13,47,2,22,24,71
07/19/2005,CKB,WV,AEA,CE,Combined TRACON& Tower with Radar,0,10,20,2,32,0,0,27,8,35,0,10,47,10,67,36,16,52,119
07/20/2005,CKB,WV,AEA,CE,Combined TRACON& Tower with Radar,0,11,18,17,46,0,0,99,67,166,0,11,117,84,212,44,86,130,342
07/21/2005,CKB,WV,AEA,CE,Combined TRACON& Tower with Radar,0,9,9,11,29,0,0,33,55,88,0,9,42,66,117,4,110,114,231
07/22/2005,CKB,WV,AEA,CE,Combined TRACON& Tower with Radar,0,10,25,8,43,0,3,53,39,95,0,13,78,47,138,84,6,90,228
07/23/2005,CKB,WV,AEA,CE,Combined TRACON& Tower with Radar,0,9,15,0,24,0,0,75,0,75,0,9,90,0,99,68,0,68,167
07/24/2005,CKB,WV,AEA,CE,Combined TRACON& Tower with Radar,0,9,7,0,16,0,0,42,1,43,0,9,49,1,59,16,0,16,75
07/25/2005,CKB,WV,AEA,CE,Combined TRACON& Tower with Radar,0,13,14,9,36,0,0,27,0,27,0,13,41,9,63,78,16,94,157
07/26/2005,CKB,WV,AEA,CE,Combined TRACON& Tower with Radar,0,14,17,10,41,0,0,43,25,68,0,14,60,35,109,94,188,282,391
07/27/2005,CKB,WV,AEA,CE,Combined TRACON& Tower with Radar,0,14,13,11,38,0,0,26,2,28,0,14,39,13,66,44,44,88,154
07/28/2005,CKB,WV,AEA,CE,Combined TRACON& Tower with Radar,0,14,30,16,60,0,1,27,0,28,0,15,57,16,88,0,62,62,150
07/29/2005,CKB,WV,AEA,CE,Combined TRACON& Tower with Radar,0,13,16,4,33,0,0,54,45,99,0,13,70,49,132,6,76,82,214
07/30/2005,CKB,WV,AEA,CE,Combined TRACON& Tower with Radar,0,10,18,0,28,0,1,65,4,70,0,11,83,4,98,50,0,50,148
07/31/2005,CKB,WV,AEA,CE,Combined TRACON& Tower with Radar,0,8,10,0,18,0,0,62,0,62,0,8,72,0,80,28,4,32,112
08/01/2005,CKB,WV,AEA,CE,Combined TRACON& Tower with Radar,0,10,8,5,23,0,0,40,24,64,0,10,48,29,87,73,130,203,290
08/02/2005,CKB,WV,AEA,CE,Combined TRACON& Tower with Radar,1,9,10,27,47,0,1,39,28,68,1,10,49,55,115,97,160,257,372
08/03/2005,CKB,WV,AEA,CE,Combined TRACON& Tower with Radar,1,12,19,8,40,0,0,62,12,74,1,12,81,20,114,77,90,167,281
08/04/2005,CKB,WV,AEA,CE,Combined TRACON& Tower with Radar,0,10,15,6,31,0,1,59,20,80,0,11,74,26,111,58,70,128,239
08/05/2005,CKB,WV,AEA,CE,Combined TRACON& Tower with Radar,0,12,22,1,35,0,0,11,2,13,0,12,33,3,48,6,26,32,80
08/06/2005,CKB,WV,AEA,CE,Combined TRACON& Tower with Radar,0,10,8,4,22,0,0,85,3,88,0,10,93,7,110,52,0,52,162
08/07/2005,CKB,WV,AEA,CE,Combined TRACON& Tower with Radar,0,9,4,0,13,0,2,47,0,49,0,11,51,0,62,22,0,22,84
08/08/2005,CKB,WV,AEA,CE,Combined TRACON& Tower with Radar,0,10,16,11,37,0,0,21,13,34,0,10,37,24,71,80,90,170,241
08/09/2005,CKB,WV,AEA,CE,Combined TRACON& Tower with Radar,0,15,12,23,50,0,0,58,34,92,0,15,70,57,142,94,112,206,348
08/10/2005,CKB,WV,AEA,CE,Combined TRACON& Tower with Radar,0,9,29,16,54,0,0,47,5,52,0,9,76,21,106,82,92,174,280
08/11/2005,CKB,WV,AEA,CE,Combined TRACON& Tower with Radar,0,16,27,12,55,0,2,38,59,99,0,18,65,71,154,40,106,146,300
08/12/2005,CKB,WV,AEA,CE,Combined TRACON& Tower with Radar,0,13,14,16,43,0,0,55,25,80,0,13,69,41,123,38,58,96,219
08/13/2005,CKB,WV,AEA,CE,Combined TRACON& Tower with Radar,0,5,11,0,16,0,0,28,0,28,0,5,39,0,44,14,0,14,58
08/14/2005,CKB,WV,AEA,CE,Combined TRACON& Tower with Radar,0,12,12,0,24,0,0,52,0,52,0,12,64,0,76,90,0,90,166
08/15/2005,CKB,WV,AEA,CE,Combined TRACON& Tower with Radar,0,10,13,8,31,0,0,40,27,67,0,10,53,35,98,104,62,166,264
08/16/2005,CKB,WV,AEA,CE,Combined TRACON& Tower with Radar,0,6,9,12,27,0,5,20,7,32,0,11,29,19,59,48,16,64,123
08/17/2005,CKB,WV,AEA,CE,Combined TRACON& Tower with Radar,0,13,9,5,27,0,0,24,13,37,0,13,33,18,64,14,56,70,134
08/18/2005,CKB,WV,AEA,CE,Combined TRACON& Tower with Radar,0,10,15,17,42,0,0,37,24,61,0,10,52,41,103,62,182,244,347
08/19/2005,CKB,WV,AEA,CE,Combined TRACON& Tower with Radar,0,19,13,4,36,0,0,18,5,23,0,19,31,9,59,66,80,146,205
08/20/2005,CKB,WV,AEA,CE,Combined TRACON& Tower with Radar,0,7,6,0,13,0,16,18,0,34,0,23,24,0,47,24,0,24,71
08/21/2005,CKB,WV,AEA,CE,Combined TRACON& Tower with Radar,0,5,16,3,24,0,10,24,0,34,0,15,40,3,58,10,0,10,68
08/22/2005,CKB,WV,AEA,CE,Combined TRACON& Tower with Radar,0,14,19,7,40,0,0,76,64,140,0,14,95,71,180,82,124,206,386
08/23/2005,CKB,WV,AEA,CE,Combined TRACON& Tower with Radar,0,13,21,12,46,0,0,49,39,88,0,13,70,51,134,98,130,228,362
08/24/2005,CKB,WV,AEA,CE,Combined TRACON& Tower with Radar,0,15,26,10,51,0,0,64,15,79,0,15,90,25,130,62,96,158,288
08/25/2005,CKB,WV,AEA,CE,Combined TRACON& Tower with Radar,1,12,12,3,28,0,0,58,14,72,1,12,70,17,100,28,44,72,172
08/26/2005,CKB,WV,AEA,CE,Combined TRACON& Tower with Radar,1,9,15,11,36,0,0,0,0,0,1,9,15,11,36,0,22,22,58
08/27/2005,CKB,WV,AEA,CE,Combined TRACON& Tower with Radar,0,9,5,0,14,0,0,0,0,0,0,9,5,0,14,0,0,0,14
08/28/2005,CKB,WV,AEA,CE,Combined TRACON& Tower with Radar,2,8,7,6,23,0,0,24,0,24,2,8,31,6,47,74,0,74,121
08/29/2005,CKB,WV,AEA,CE,Combined TRACON& Tower with Radar,0,12,15,15,42,0,0,0,2,2,0,12,15,17,44,0,0,0,44
08/30/2005,CKB,WV,AEA,CE,Combined TRACON& Tower with Radar,0,12,14,10,36,0,0,7,24,31,0,12,21,34,67,2,122,124,191
08/31/2005,CKB,WV,AEA,CE,Combined TRACON& Tower with Radar,0,12,11,2,25,0,0,0,0,0,0,12,11,2,25,0,0,0,25
09/01/2005,CKB,WV,AEA,CE,Combined TRACON& Tower with Radar,0,10,9,17,36,0,4,40,37,81,0,14,49,54,117,18,50,68,185
09/02/2005,CKB,WV,AEA,CE,Combined TRACON& Tower with Radar,0,14,16,13,43,0,0,53,0,53,0,14,69,13,96,20,86,106,202
09/03/2005,CKB,WV,AEA,CE,Combined TRACON& Tower with Radar,2,10,5,0,17,0,0,60,2,62,2,10,65,2,79,108,12,120,199
09/04/2005,CKB,WV,AEA,CE,Combined TRACON& Tower with Radar,2,16,8,0,26,0,0,52,4,56,2,16,60,4,82,112,0,112,194
09/05/2005,CKB,WV,AEA,CE,Combined TRACON& Tower with Radar,0,10,2,2,14,4,0,46,0,50,4,10,48,2,64,90,0,90,154
09/06/2005,CKB,WV,AEA,CE,Combined TRACON& Tower with Radar,0,11,16,7,34,0,0,53,27,80,0,11,69,34,114,78,64,142,256
09/07/2005,CKB,WV,AEA,CE,Combined TRACON& Tower with Radar,0,16,14,7,37,0,2,58,38,98,0,18,72,45,135,132,134,266,401
09/08/2005,CKB,WV,AEA,CE,Combined TRACON& Tower with Radar,0,15,15,10,40,0,5,95,13,113,0,20,110,23,153,98,70,168,321
09/09/2005,CKB,WV,AEA,CE,Combined TRACON& Tower with Radar,0,11,24,10,45,0,0,91,55,146,0,11,115,65,191,91,54,145,336
09/10/2005,CKB,WV,AEA,CE,Combined TRACON& Tower with Radar,0,6,8,0,14,0,0,69,3,72,0,6,77,3,86,66,0,66,152
09/11/2005,CKB,WV,AEA,CE,Combined TRACON& Tower with Radar,0,6,3,0,9,0,0,35,0,35,0,6,38,0,44,78,0,78,122
09/12/2005,CKB,WV,AEA,CE,Combined TRACON& Tower with Radar,0,12,11,7,30,0,0,30,7,37,0,12,41,14,67,92,68,160,227
09/13/2005,CKB,WV,AEA,CE,Combined TRACON& Tower with Radar,3,16,14,4,37,0,0,49,2,51,3,16,63,6,88,48,2,50,138
09/14/2005,CKB,WV,AEA,CE,Combined TRACON& Tower with Radar,0,9,9,11,29,0,0,68,55,123,0,9,77,66,152,70,44,114,266
09/15/2005,CKB,WV,AEA,CE,Combined TRACON& Tower with Radar,0,12,7,14,33,0,0,68,28,96,0,12,75,42,129,70,78,148,277
09/16/2005,CKB,WV,AEA,CE,Combined TRACON& Tower with Radar,0,16,9,11,36,0,2,22,1,25,0,18,31,12,61,30,0,30,91
09/17/2005,CKB,WV,AEA,CE,Combined TRACON& Tower with Radar,0,9,4,1,14,0,0,13,0,13,0,9,17,1,27,50,0,50,77
09/18/2005,CKB,WV,AEA,CE,Combined TRACON& Tower with Radar,0,9,5,1,15,0,2,29,1,32,0,11,34,2,47,78,0,78,125
09/19/2005,CKB,WV,AEA,CE,Combined TRACON& Tower with Radar,1,9,16,29,55,0,0,74,25,99,1,9,90,54,154,86,12,98,252
09/20/2005,CKB,WV,AEA,CE,Combined TRACON& Tower with Radar,0,10,15,18,43,0,1,27,7,35,0,11,42,25,78,10,0,10,88
09/21/2005,CKB,WV,AEA,CE,Combined TRACON& Tower with Radar,0,15,13,19,47,0,1,42,0,43,0,16,55,19,90,32,0,32,122
09/22/2005,CKB,WV,AEA,CE,Combined TRACON& Tower with Radar,0,16,18,34,68,0,0,55,6,61,0,16,73,40,129,150,34,184,313
09/23/2005,CKB,WV,AEA,CE,Combined TRACON& Tower with Radar,0,9,10,0,19,0,3,24,17,44,0,12,34,17,63,100,14,114,177
09/24/2005,CKB,WV,AEA,CE,Combined TRACON& Tower with Radar,2,8,6,2,18,0,0,35,0,35,2,8,41,2,53,28,0,28,81
09/25/2005,CKB,WV,AEA,CE,Combined TRACON& Tower with Radar,0,12,9,0,21,0,0,40,2,42,0,12,49,2,63,74,0,74,137
09/26/2005,CKB,WV,AEA,CE,Combined TRACON& Tower with Radar,0,9,10,0,19,0,0,6,8,14,0,9,16,8,33,56,22,78,111
09/27/2005,CKB,WV,AEA,CE,Combined TRACON& Tower with Radar,0,13,10,4,27,0,0,66,10,76,0,13,76,14,103,88,20,108,211
09/28/2005,CKB,WV,AEA,CE,Combined TRACON& Tower with Radar,1,18,17,5,41,0,0,92,14,106,1,18,109,19,147,70,32,102,249
09/29/2005,CKB,WV,AEA,CE,Combined TRACON& Tower with Radar,0,21,28,7,56,0,0,36,8,44,0,21,64,15,100,18,24,42,142
09/30/2005,CKB,WV,AEA,CE,Combined TRACON& Tower with Radar,0,21,13,8,42,0,0,92,4,96,0,21,105,12,138,126,62,188,326
10/01/2005,CKB,WV,AEA,CE,Combined TRACON& Tower with Radar,0,7,7,0,14,0,0,47,2,49,0,7,54,2,63,26,2,28,91
10/02/2005,CKB,WV,AEA,CE,Combined TRACON& Tower with Radar,0,13,17,2,32,0,0,49,0,49,0,13,66,2,81,126,0,126,207
10/03/2005,CKB,WV,AEA,CE,Combined TRACON& Tower with Radar,0,9,18,7,34,0,0,48,6,54,0,9,66,13,88,72,40,112,200
10/04/2005,CKB,WV,AEA,CE,Combined TRACON& Tower with Radar,0,14,19,4,37,0,0,65,56,121,0,14,84,60,158,122,54,176,334
10/05/2005,CKB,WV,AEA,CE,Combined TRACON& Tower with Radar,0,16,16,11,43,0,0,104,46,150,0,16,120,57,193,56,36,92,285
10/06/2005,CKB,WV,AEA,CE,Combined TRACON& Tower with Radar,0,16,20,18,54,0,0,92,13,105,0,16,112,31,159,136,30,166,325
10/07/2005,CKB,WV,AEA,CE,Combined TRACON& Tower with Radar,2,12,12,7,33,0,0,1,0,1,2,12,13,7,34,0,0,0,34
10/08/2005,CKB,WV,AEA,CE,Combined TRACON& Tower with Radar,2,10,3,0,15,0,0,5,1,6,2,10,8,1,21,0,0,0,21
10/09/2005,CKB,WV,AEA,CE,Combined TRACON& Tower with Radar,1,13,11,3,28,0,0,3,0,3,1,13,14,3,31,3,0,3,34
10/10/2005,CKB,WV,AEA,CE,Combined TRACON& Tower with Radar,1,14,26,0,41,0,0,61,0,61,1,14,87,0,102,92,0,92,194
10/11/2005,CKB,WV,AEA,CE,Combined TRACON& Tower with Radar,0,13,19,2,34,0,0,0,0,0,0,13,19,2,34,0,0,0,34
10/12/2005,CKB,WV,AEA,CE,Combined TRACON& Tower with Radar,0,11,23,6,40,0,0,47,5,52,0,11,70,11,92,46,4,50,142
10/13/2005,CKB,WV,AEA,CE,Combined TRACON& Tower with Radar,0,12,15,17,44,0,0,46,66,112,0,12,61,83,156,66,112,178,334
10/14/2005,CKB,WV,AEA,CE,Combined TRACON& Tower with Radar,1,12,29,9,51,2,1,55,15,73,3,13,84,24,124,140,58,198,322
10/15/2005,CKB,WV,AEA,CE,Combined TRACON& Tower with Radar,1,10,7,0,18,0,0,41,0,41,1,10,48,0,59,104,0,104,163
10/16/2005,CKB,WV,AEA,CE,Combined TRACON& Tower with Radar,0,10,10,0,20,0,5,10,1,16,0,15,20,1,36,99,0,99,135
10/17/2005,CKB,WV,AEA,CE,Combined TRACON& Tower with Radar,0,9,13,9,31,0,9,59,36,104,0,18,72,45,135,80,60,140,275
10/18/2005,CKB,WV,AEA,CE,Combined TRACON& Tower with Radar,0,7,12,11,30,0,2,89,28,119,0,9,101,39,149,77,40,117,266
10/19/2005,CKB,WV,AEA,CE,Combined TRACON& Tower with Radar,0,17,15,8,40,4,4,128,115,251,4,21,143,123,291,34,40,74,365
10/20/2005,CKB,WV,AEA,CE,Combined TRACON& Tower with Radar,0,15,14,14,43,0,0,71,25,96,0,15,85,39,139,146,96,242,381
10/21/2005,CKB,WV,AEA,CE,Combined TRACON& Tower with Radar,0,14,12,1,27,0,0,15,0,15,0,14,27,1,42,80,0,80,122
10/22/2005,CKB,WV,AEA,CE,Combined TRACON& Tower with Radar,0,4,6,0,10,0,2,0,0,2,0,6,6,0,12,0,0,0,12
10/23/2005,CKB,WV,AEA,CE,Combined TRACON& Tower with Radar,0,8,10,3,21,0,0,89,1,90,0,8,99,4,111,30,0,30,141
10/24/2005,CKB,WV,AEA,CE,Combined TRACON& Tower with Radar,0,12,9,5,26,0,0,3,0,3,0,12,12,5,29,0,0,0,29
10/25/2005,CKB,WV,AEA,CE,Combined TRACON& Tower with Radar,0,10,6,0,16,0,0,0,0,0,0,10,6,0,16,0,0,0,16
10/26/2005,CKB,WV,AEA,CE,Combined TRACON& Tower with Radar,0,15,11,12,38,0,1,58,30,89,0,16,69,42,127,94,20,114,241
10/27/2005,CKB,WV,AEA,CE,Combined TRACON& Tower with Radar,2,12,11,14,39,0,0,50,30,80,2,12,61,44,119,166,84,250,369
10/28/2005,CKB,WV,AEA,CE,Combined TRACON& Tower with Radar,0,10,11,10,31,0,3,48,33,84,0,13,59,43,115,128,120,248,363
10/29/2005,CKB,WV,AEA,CE,Combined TRACON& Tower with Radar,0,3,10,8,21,0,0,45,0,45,0,3,55,8,66,100,16,116,182
10/30/2005,CKB,WV,AEA,CE,Combined TRACON& Tower with Radar,0,8,10,2,20,0,0,71,10,81,0,8,81,12,101,88,86,174,275
10/31/2005,CKB,WV,AEA,CE,Combined TRACON& Tower with Radar,1,12,20,8,41,0,1,107,12,120,1,13,127,20,161,60,2,62,223
11/01/2005,CKB,WV,AEA,CE,Combined TRACON& Tower with Radar,2,10,16,2,30,0,0,29,0,29,2,10,45,2,59,44,22,66,125
11/02/2005,CKB,WV,AEA,CE,Combined TRACON& Tower with Radar,0,12,9,9,30,0,0,53,10,63,0,12,62,19,93,78,26,104,197
11/03/2005,CKB,WV,AEA,CE,Combined TRACON& Tower with Radar,2,17,9,10,38,0,0,66,35,101,2,17,75,45,139,174,120,294,433
11/04/2005,CKB,WV,AEA,CE,Combined TRACON& Tower with Radar,0,9,12,14,35,12,12,1,74,99,12,21,13,88,134,112,88,200,334
11/05/2005,CKB,WV,AEA,CE,Combined TRACON& Tower with Radar,0,7,9,10,26,0,0,72,5,77,0,7,81,15,103,128,58,186,289
11/06/2005,CKB,WV,AEA,CE,Combined TRACON& Tower with Radar,0,3,3,2,8,0,0,46,6,52,0,3,49,8,60,58,0,58,118
11/07/2005,CKB,WV,AEA,CE,Combined TRACON& Tower with Radar,0,10,8,0,18,0,0,71,19,90,0,10,79,19,108,60,30,90,198
11/08/2005,CKB,WV,AEA,CE,Combined TRACON& Tower with Radar,1,18,10,22,51,0,0,73,18,91,1,18,83,40,142,74,16,90,232
11/09/2005,CKB,WV,AEA,CE,Combined TRACON& Tower with Radar,0,11,11,4,26,0,1,31,0,32,0,12,42,4,58,98,0,98,156
11/10/2005,CKB,WV,AEA,CE,Combined TRACON& Tower with Radar,0,11,10,2,23,0,0,41,0,41,0,11,51,2,64,146,0,146,210
11/11/2005,CKB,WV,AEA,CE,Combined TRACON& Tower with Radar,0,17,9,5,31,0,1,65,3,69,0,18,74,8,100,178,4,182,282
11/12/2005,CKB,WV,AEA,CE,Combined TRACON& Tower with Radar,0,7,4,0,11,0,1,81,4,86,0,8,85,4,97,156,0,156,253
11/13/2005,CKB,WV,AEA,CE,Combined TRACON& Tower with Radar,0,9,10,0,19,0,1,29,0,30,0,10,39,0,49,90,0,90,139
11/14/2005,CKB,WV,AEA,CE,Combined TRACON& Tower with Radar,0,16,15,2,33,0,0,136,0,136,0,16,151,2,169,110,2,112,281
11/15/2005,CKB,WV,AEA,CE,Combined TRACON& Tower with Radar,0,13,5,8,26,0,0,23,1,24,0,13,28,9,50,42,6,48,98
11/16/2005,CKB,WV,AEA,CE,Combined TRACON& Tower with Radar,0,10,12,0,22,0,0,16,0,16,0,10,28,0,38,30,0,30,68
11/17/2005,CKB,WV,AEA,CE,Combined TRACON& Tower with Radar,2,15,25,3,45,0,0,44,22,66,2,15,69,25,111,92,48,140,251
11/18/2005,CKB,WV,AEA,CE,Combined TRACON& Tower with Radar,0,13,10,6,29,0,0,54,3,57,0,13,64,9,86,158,6,164,250
11/19/2005,CKB,WV,AEA,CE,Combined TRACON& Tower with Radar,1,6,13,0,20,1,0,75,0,76,2,6,88,0,96,144,0,144,240
11/20/2005,CKB,WV,AEA,CE,Combined TRACON& Tower with Radar,0,7,11,3,21,0,0,65,0,65,0,7,76,3,86,138,0,138,224
11/21/2005,CKB,WV,AEA,CE,Combined TRACON& Tower with Radar,0,6,11,14,31,0,0,55,1,56,0,6,66,15,87,18,0,18,105
11/22/2005,CKB,WV,AEA,CE,Combined TRACON& Tower with Radar,0,10,26,1,37,0,0,0,0,0,0,10,26,1,37,0,0,0,37
11/23/2005,CKB,WV,AEA,CE,Combined TRACON& Tower with Radar,0,10,13,0,23,0,0,13,0,13,0,10,26,0,36,8,0,8,44
11/24/2005,CKB,WV,AEA,CE,Combined TRACON& Tower with Radar,0,8,3,0,11,0,0,2,0,2,0,8,5,0,13,2,0,2,15
11/25/2005,CKB,WV,AEA,CE,Combined TRACON& Tower with Radar,0,12,10,0,22,0,0,40,0,40,0,12,50,0,62,34,0,34,96
11/26/2005,CKB,WV,AEA,CE,Combined TRACON& Tower with Radar,0,9,9,0,18,0,1,47,0,48,0,10,56,0,66,90,0,90,156
11/27/2005,CKB,WV,AEA,CE,Combined TRACON& Tower with Radar,0,8,4,0,12,0,0,57,0,57,0,8,61,0,69,60,0,60,129
11/28/2005,CKB,WV,AEA,CE,Combined TRACON& Tower with Radar,1,12,4,2,19,0,4,42,0,46,1,16,46,2,65,42,0,42,107
11/29/2005,CKB,WV,AEA,CE,Combined TRACON& Tower with Radar,0,15,16,10,41,0,0,14,0,14,0,15,30,10,55,0,0,0,55
11/30/2005,CKB,WV,AEA,CE,Combined TRACON& Tower with Radar,0,14,25,7,46,0,0,40,19,59,0,14,65,26,105,122,58,180,285
12/01/2005,CKB,WV,AEA,CE,Combined TRACON& Tower with Radar,3,7,14,2,26,0,0,20,2,22,3,7,34,4,48,84,14,98,146
12/02/2005,CKB,WV,AEA,CE,Combined TRACON& Tower with Radar,0,9,6,0,15,0,0,3,0,3,0,9,9,0,18,2,0,2,20
12/03/2005,CKB,WV,AEA,CE,Combined TRACON& Tower with Radar,0,10,8,0,18,0,0,34,0,34,0,10,42,0,52,90,0,90,142
12/04/2005,CKB,WV,AEA,CE,Combined TRACON& Tower with Radar,1,10,2,1,14,0,0,0,0,0,1,10,2,1,14,0,0,0,14
12/05/2005,CKB,WV,AEA,CE,Combined TRACON& Tower with Radar,0,10,14,6,30,0,0,20,5,25,0,10,34,11,55,182,28,210,265
12/06/2005,CKB,WV,AEA,CE,Combined TRACON& Tower with Radar,3,9,19,10,41,0,0,24,7,31,3,9,43,17,72,74,10,84,156
12/07/2005,CKB,WV,AEA,CE,Combined TRACON& Tower with Radar,1,8,14,2,25,0,0,28,12,40,1,8,42,14,65,84,30,114,179
12/08/2005,CKB,WV,AEA,CE,Combined TRACON& Tower with Radar,0,10,21,6,37,0,0,58,0,58,0,10,79,6,95,114,10,124,219
12/09/2005,CKB,WV,AEA,CE,Combined TRACON& Tower with Radar,0,5,11,1,17,0,0,20,0,20,0,5,31,1,37,110,0,110,147
12/10/2005,CKB,WV,AEA,CE,Combined TRACON& Tower with Radar,0,6,5,0,11,0,0,64,0,64,0,6,69,0,75,62,0,62,137
12/11/2005,CKB,WV,AEA,CE,Combined TRACON& Tower with Radar,0,12,2,0,14,0,0,0,0,0,0,12,2,0,14,0,0,0,14
12/12/2005,CKB,WV,AEA,CE,Combined TRACON& Tower with Radar,0,7,6,2,15,0,0,19,0,19,0,7,25,2,34,106,0,106,140
12/13/2005,CKB,WV,AEA,CE,Combined TRACON& Tower with Radar,0,12,18,1,31,0,0,61,0,61,0,12,79,1,92,74,0,74,166
12/14/2005,CKB,WV,AEA,CE,Combined TRACON& Tower with Radar,0,13,8,9,30,0,0,34,14,48,0,13,42,23,78,118,60,178,256
12/15/2005,CKB,WV,AEA,CE,Combined TRACON& Tower with Radar,0,8,2,0,10,0,0,0,0,0,0,8,2,0,10,0,0,0,10
12/16/2005,CKB,WV,AEA,CE,Combined TRACON& Tower with Radar,0,8,7,3,18,0,0,12,0,12,0,8,19,3,30,94,0,94,124
12/17/2005,CKB,WV,AEA,CE,Combined TRACON& Tower with Radar,1,4,5,0,10,0,0,123,0,123,1,4,128,0,133,122,0,122,255
12/18/2005,CKB,WV,AEA,CE,Combined TRACON& Tower with Radar,0,4,10,0,14,0,0,60,0,60,0,4,70,0,74,72,0,72,146
12/19/2005,CKB,WV,AEA,CE,Combined TRACON& Tower with Radar,0,9,17,0,26,0,0,36,0,36,0,9,53,0,62,102,0,102,164
12/20/2005,CKB,WV,AEA,CE,Combined TRACON& Tower with Radar,0,17,12,0,29,0,3,35,0,38,0,20,47,0,67,94,0,94,161
12/21/2005,CKB,WV,AEA,CE,Combined TRACON& Tower with Radar,0,16,9,14,39,0,0,63,0,63,0,16,72,14,102,0,0,0,102
12/22/2005,CKB,WV,AEA,CE,Combined TRACON& Tower with Radar,0,10,15,6,31,0,0,28,28,56,0,10,43,34,87,126,46,172,259
12/23/2005,CKB,WV,AEA,CE,Combined TRACON& Tower with Radar,0,19,11,1,31,0,0,65,0,65,0,19,76,1,96,104,0,104,200
12/24/2005,CKB,WV,AEA,CE,Combined TRACON& Tower with Radar,0,2,0,0,2,0,0,40,0,40,0,2,40,0,42,2,0,2,44
12/25/2005,CKB,WV,AEA,CE,Combined TRACON& Tower with Radar,0,4,0,0,4,0,0,0,0,0,0,4,0,0,4,0,0,0,4
12/26/2005,CKB,WV,AEA,CE,Combined TRACON& Tower with Radar,0,10,0,0,10,0,0,0,0,0,0,10,0,0,10,0,0,0,10
12/27/2005,CKB,WV,AEA,CE,Combined TRACON& Tower with Radar,0,15,7,0,22,0,0,14,0,14,0,15,21,0,36,84,0,84,120
12/28/2005,CKB,WV,AEA,CE,Combined TRACON& Tower with Radar,0,9,6,0,15,0,0,40,0,40,0,9,46,0,55,40,0,40,95
12/29/2005,CKB,WV,AEA,CE,Combined TRACON& Tower with Radar,0,9,4,3,16,0,0,0,0,0,0,9,4,3,16,0,0,0,16
12/30/2005,CKB,WV,AEA,CE,Combined TRACON& Tower with Radar,0,14,5,0,19,0,0,0,0,0,0,14,5,0,19,4,0,4,23
12/31/2005,CKB,WV,AEA,CE,Combined TRACON& Tower with Radar,2,4,2,0,8,0,0,4,0,4,2,4,6,0,12,26,0,26,38
01/01/2006,CKB,WV,AEA,CE,Combined TRACON& Tower with Radar,0,6,6,0,12,0,0,37,0,37,0,6,43,0,49,32,0,32,81
01/02/2006,CKB,WV,AEA,CE,Combined TRACON& Tower with Radar,0,6,9,0,15,0,0,2,0,2,0,6,11,0,17,0,0,0,17
01/03/2006,CKB,WV,AEA,CE,Combined TRACON& Tower with Radar,2,20,9,0,31,1,0,1,0,2,3,20,10,0,33,0,0,0,33
01/04/2006,CKB,WV,AEA,CE,Combined TRACON& Tower with Radar,0,17,20,4,41,0,0,22,22,44,0,17,42,26,85,100,0,100,185
01/05/2006,CKB,WV,AEA,CE,Combined TRACON& Tower with Radar,0,9,9,7,25,0,0,3,5,8,0,9,12,12,33,0,6,6,39
01/06/2006,CKB,WV,AEA,CE,Combined TRACON& Tower with Radar,0,8,6,0,14,0,0,6,0,6,0,8,12,0,20,0,0,0,20
01/07/2006,CKB,WV,AEA,CE,Combined TRACON& Tower with Radar,0,3,17,0,20,0,0,52,0,52,0,3,69,0,72,58,0,58,130
01/08/2006,CKB,WV,AEA,CE,Combined TRACON& Tower with Radar,0,4,19,10,33,0,2,35,4,41,0,6,54,14,74,40,5,45,119
01/09/2006,CKB,WV,AEA,CE,Combined TRACON& Tower with Radar,0,13,6,6,25,0,0,27,0,27,0,13,33,6,52,106,0,106,158
01/10/2006,CKB,WV,AEA,CE,Combined TRACON& Tower with Radar,0,12,12,21,45,0,0,51,2,53,0,12,63,23,98,56,28,84,182
01/11/2006,CKB,WV,AEA,CE,Combined TRACON& Tower with Radar,0,8,11,2,21,0,0,0,12,12,0,8,11,14,33,16,12,28,61
01/12/2006,CKB,WV,AEA,CE,Combined TRACON& Tower with Radar,0,9,17,4,30,0,0,84,2,86,0,9,101,6,116,52,0,52,168
01/13/2006,CKB,WV,AEA,CE,Combined TRACON& Tower with Radar,2,7,14,15,38,0,0,58,21,79,2,7,72,36,117,78,76,154,271
01/14/2006,CKB,WV,AEA,CE,Combined TRACON& Tower with Radar,1,4,0,0,5,0,0,0,0,0,1,4,0,0,5,0,0,0,5
01/15/2006,CKB,WV,AEA,CE,Combined TRACON& Tower with Radar,0,7,1,0,8,0,0,33,0,33,0,7,34,0,41,90,0,90,131
01/16/2006,CKB,WV,AEA,CE,Combined TRACON& Tower with Radar,0,6,26,0,32,0,0,35,0,35,0,6,61,0,67,148,0,148,215
01/17/2006,CKB,WV,AEA,CE,Combined TRACON& Tower with Radar,0,9,13,6,28,0,0,3,14,17,0,9,16,20,45,0,128,128,173
01/18/2006,CKB,WV,AEA,CE,Combined TRACON& Tower with Radar,1,10,4,0,15,0,1,0,0,1,1,11,4,0,16,0,0,0,16
01/19/2006,CKB,WV,AEA,CE,Combined TRACON& Tower with Radar,1,11,23,16,51,0,4,58,25,87,1,15,81,41,138,38,96,134,272
01/20/2006,CKB,WV,AEA,CE,Combined TRACON& Tower with Radar,4,12,24,22,62,0,0,74,26,100,4,12,98,48,162,112,86,198,360
01/21/2006,CKB,WV,AEA,CE,Combined TRACON& Tower with Radar,2,5,5,0,12,1,1,20,0,22,3,6,25,0,34,80,0,80,114
01/22/2006,CKB,WV,AEA,CE,Combined TRACON& Tower with Radar,0,9,12,1,22,0,0,25,1,26,0,9,37,2,48,46,0,46,94
01/23/2006,CKB,WV,AEA,CE,Combined TRACON& Tower with Radar,0,10,12,0,22,0,0,0,0,0,0,10,12,0,22,0,0,0,22
01/24/2006,CKB,WV,AEA,CE,Combined TRACON& Tower with Radar,0,11,19,8,38,0,0,49,18,67,0,11,68,26,105,100,28,128,233
01/25/2006,CKB,WV,AEA,CE,Combined TRACON& Tower with Radar,0,8,7,0,15,0,4,4,0,8,0,12,11,0,23,0,0,0,23
01/26/2006,CKB,WV,AEA,CE,Combined TRACON& Tower with Radar,1,10,13,8,32,0,2,27,23,52,1,12,40,31,84,10,172,182,266
01/27/2006,CKB,WV,AEA,CE,Combined TRACON& Tower with Radar,0,10,15,11,36,0,0,50,28,78,0,10,65,39,114,118,66,184,298
01/28/2006,CKB,WV,AEA,CE,Combined TRACON& Tower with Radar,0,4,5,7,16,0,0,60,22,82,0,4,65,29,98,156,90,246,344
01/29/2006,CKB,WV,AEA,CE,Combined TRACON& Tower with Radar,0,8,6,0,14,0,0,14,0,14,0,8,20,0,28,34,0,34,62
01/30/2006,CKB,WV,AEA,CE,Combined TRACON& Tower with Radar,1,8,9,11,29,0,0,14,0,14,1,8,23,11,43,90,92,182,225
01/31/2006,CKB,WV,AEA,CE,Combined TRACON& Tower with Radar,0,10,7,2,19,1,2,0,0,3,1,12,7,2,22,12,4,16,38
02/01/2006,CKB,WV,AEA,CE,Combined TRACON& Tower with Radar,0,10,16,15,41,0,0,43,1,44,0,10,59,16,85,54,90,144,229
02/02/2006,CKB,WV,AEA,CE,Combined TRACON& Tower with Radar,0,9,17,16,42,0,3,51,18,72,0,12,68,34,114,64,128,192,306
02/03/2006,CKB,WV,AEA,CE,Combined TRACON& Tower with Radar,3,9,6,10,28,0,0,7,15,22,3,9,13,25,50,6,104,110,160
02/04/2006,CKB,WV,AEA,CE,Combined TRACON& Tower with Radar,0,4,3,0,7,0,1,8,1,10,0,5,11,1,17,26,0,26,43
02/05/2006,CKB,WV,AEA,CE,Combined TRACON& Tower with Radar,0,5,9,0,14,0,0,0,0,0,0,5,9,0,14,0,0,0,14
02/06/2006,CKB,WV,AEA,CE,Combined TRACON& Tower with Radar,0,10,4,0,14,0,0,13,2,15,0,10,17,2,29,84,0,84,113
02/07/2006,CKB,WV,AEA,CE,Combined TRACON& Tower with Radar,0,7,17,12,36,0,0,35,3,38,0,7,52,15,74,38,3,41,115
02/08/2006,CKB,WV,AEA,CE,Combined TRACON& Tower with Radar,0,7,12,7,26,0,0,21,0,21,0,7,33,7,47,50,2,52,99
02/09/2006,CKB,WV,AEA,CE,Combined TRACON& Tower with Radar,0,7,24,16,47,0,2,51,16,69,0,9,75,32,116,52,38,90,206
02/10/2006,CKB,WV,AEA,CE,Combined TRACON& Tower with Radar,0,11,13,7,31,0,0,37,5,42,0,11,50,12,73,128,32,160,233
02/11/2006,CKB,WV,AEA,CE,Combined TRACON& Tower with Radar,0,2,1,0,3,0,0,0,0,0,0,2,1,0,3,0,0,0,3
02/12/2006,CKB,WV,AEA,CE,Combined TRACON& Tower with Radar,0,2,3,1,6,1,0,9,0,10,1,2,12,1,16,64,12,76,92
02/13/2006,CKB,WV,AEA,CE,Combined TRACON& Tower with Radar,0,7,10,12,29,0,1,0,3,4,0,8,10,15,33,0,0,0,33
02/14/2006,CKB,WV,AEA,CE,Combined TRACON& Tower with Radar,0,12,11,18,41,0,0,46,4,50,0,12,57,22,91,86,96,182,273
02/15/2006,CKB,WV,AEA,CE,Combined TRACON& Tower with Radar,0,7,25,13,45,0,0,52,5,57,0,7,77,18,102,58,68,126,228
02/16/2006,CKB,WV,AEA,CE,Combined TRACON& Tower with Radar,0,10,16,14,40,0,0,50,20,70,0,10,66,34,110,108,126,234,344
02/17/2006,CKB,WV,AEA,CE,Combined TRACON& Tower with Radar,2,11,10,14,37,0,0,20,9,29,2,11,30,23,66,84,56,140,206
02/18/2006,CKB,WV,AEA,CE,Combined TRACON& Tower with Radar,2,2,4,0,8,0,0,16,0,16,2,2,20,0,24,60,0,60,84
02/19/2006,CKB,WV,AEA,CE,Combined TRACON& Tower with Radar,0,6,13,0,19,0,2,27,0,29,0,8,40,0,48,25,0,25,73
02/20/2006,CKB,WV,AEA,CE,Combined TRACON& Tower with Radar,0,8,15,0,23,0,0,48,0,48,0,8,63,0,71,78,0,78,149
02/21/2006,CKB,WV,AEA,CE,Combined TRACON& Tower with Radar,0,12,27,13,52,0,0,57,36,93,0,12,84,49,145,80,56,136,281
02/22/2006,CKB,WV,AEA,CE,Combined TRACON& Tower with Radar,0,10,16,8,34,0,1,49,15,65,0,11,65,23,99,16,56,72,171
02/23/2006,CKB,WV,AEA,CE,Combined TRACON& Tower with Radar,1,8,51,12,72,0,0,62,7,69,1,8,113,19,141,132,46,178,319
02/24/2006,CKB,WV,AEA,CE,Combined TRACON& Tower with Radar,1,5,26,2,34,0,0,47,14,61,1,5,73,16,95,102,94,196,291
02/25/2006,CKB,WV,AEA,CE,Combined TRACON& Tower with Radar,1,5,7,1,14,0,0,13,1,14,1,5,20,2,28,68,0,68,96
02/26/2006,CKB,WV,AEA,CE,Combined TRACON& Tower with Radar,0,6,8,0,14,0,0,50,0,50,0,6,58,0,64,92,0,92,156
02/27/2006,CKB,WV,AEA,CE,Combined TRACON& Tower with Radar,0,9,8,2,19,0,0,0,0,0,0,9,8,2,19,0,0,0,19
02/28/2006,CKB,WV,AEA,CE,Combined TRACON& Tower with Radar,0,13,18,9,40,0,0,42,0,42,0,13,60,9,82,60,16,76,158
03/01/2006,CKB,WV,AEA,CE,Combined TRACON& Tower with Radar,0,13,14,4,31,0,0,47,10,57,0,13,61,14,88,146,44,190,278
03/02/2006,CKB,WV,AEA,CE,Combined TRACON& Tower with Radar,2,9,5,0,16,0,0,2,2,4,2,9,7,2,20,0,4,4,24
03/03/2006,CKB,WV,AEA,CE,Combined TRACON& Tower with Radar,0,12,10,15,37,0,0,18,0,18,0,12,28,15,55,120,0,120,175
03/04/2006,CKB,WV,AEA,CE,Combined TRACON& Tower with Radar,0,3,10,0,13,0,0,42,2,44,0,3,52,2,57,114,8,122,179
03/05/2006,CKB,WV,AEA,CE,Combined TRACON& Tower with Radar,0,14,15,4,33,0,0,65,2,67,0,14,80,6,100,100,0,100,200
03/06/2006,CKB,WV,AEA,CE,Combined TRACON& Tower with Radar,0,8,8,2,18,0,0,10,1,11,0,8,18,3,29,6,24,30,59
03/07/2006,CKB,WV,AEA,CE,Combined TRACON& Tower with Radar,0,12,6,0,18,0,0,55,0,55,0,12,61,0,73,54,0,54,127
03/08/2006,CKB,WV,AEA,CE,Combined TRACON& Tower with Radar,0,11,5,3,19,0,1,57,11,69,0,12,62,14,88,156,26,182,270
03/09/2006,CKB,WV,AEA,CE,Combined TRACON& Tower with Radar,0,12,8,3,23,0,0,36,5,41,0,12,44,8,64,122,44,166,230
03/10/2006,CKB,WV,AEA,CE,Combined TRACON& Tower with Radar,0,11,10,0,21,0,0,34,0,34,0,11,44,0,55,122,0,122,177
03/11/2006,CKB,WV,AEA,CE,Combined TRACON& Tower with Radar,0,4,2,0,6,0,0,45,0,45,0,4,47,0,51,118,0,118,169
03/12/2006,CKB,WV,AEA,CE,Combined TRACON& Tower with Radar,0,4,6,0,10,0,0,18,0,18,0,4,24,0,28,96,0,96,124
03/13/2006,CKB,WV,AEA,CE,Combined TRACON& Tower with Radar,0,7,12,2,21,0,0,0,20,20,0,7,12,22,41,2,40,42,83
03/14/2006,CKB,WV,AEA,CE,Combined TRACON& Tower with Radar,0,14,5,2,21,0,0,0,0,0,0,14,5,2,21,0,0,0,21
03/15/2006,CKB,WV,AEA,CE,Combined TRACON& Tower with Radar,2,10,8,8,28,0,0,11,5,16,2,10,19,13,44,0,42,42,86
03/16/2006,CKB,WV,AEA,CE,Combined TRACON& Tower with Radar,0,9,11,10,30,0,1,30,40,71,0,10,41,50,101,124,82,206,307
03/17/2006,CKB,WV,AEA,CE,Combined TRACON& Tower with Radar,2,13,10,0,25,0,0,0,0,0,2,13,10,0,25,106,64,170,195
03/18/2006,CKB,WV,AEA,CE,Combined TRACON& Tower with Radar,0,4,7,1,12,0,0,40,9,49,0,4,47,10,61,38,14,52,113
03/19/2006,CKB,WV,AEA,CE,Combined TRACON& Tower with Radar,1,9,10,0,20,0,2,0,0,2,1,11,10,0,22,74,0,74,96
03/20/2006,CKB,WV,AEA,CE,Combined TRACON& Tower with Radar,1,9,13,16,39,0,0,23,57,80,1,9,36,73,119,0,80,80,199
03/21/2006,CKB,WV,AEA,CE,Combined TRACON& Tower with Radar,2,9,8,1,20,0,0,9,32,41,2,9,17,33,61,8,62,70,131
03/22/2006,CKB,WV,AEA,CE,Combined TRACON& Tower with Radar,0,12,16,24,52,0,0,78,36,114,0,12,94,60,166,89,176,265,431
03/23/2006,CKB,WV,AEA,CE,Combined TRACON& Tower with Radar,0,4,16,15,35,2,0,64,77,143,2,4,80,92,178,56,116,172,350
03/24/2006,CKB,WV,AEA,CE,Combined TRACON& Tower with Radar,2,9,8,15,34,0,0,26,26,52,2,9,34,41,86,82,132,214,300
03/25/2006,CKB,WV,AEA,CE,Combined TRACON& Tower with Radar,0,2,3,0,5,0,0,0,0,0,0,2,3,0,5,58,0,58,63
03/26/2006,CKB,WV,AEA,CE,Combined TRACON& Tower with Radar,0,6,6,1,13,0,1,1,0,2,0,7,7,1,15,0,0,0,15
03/27/2006,CKB,WV,AEA,CE,Combined TRACON& Tower with Radar,0,10,32,10,52,0,1,39,23,63,0,11,71,33,115,58,124,182,297
03/28/2006,CKB,WV,AEA,CE,Combined TRACON& Tower with Radar,0,11,10,10,31,0,0,12,4,16,0,11,22,14,47,0,24,24,71
03/29/2006,CKB,WV,AEA,CE,Combined TRACON& Tower with Radar,0,8,14,8,30,0,0,39,17,56,0,8,53,25,86,68,104,172,258
03/30/2006,CKB,WV,AEA,CE,Combined TRACON& Tower with Radar,0,12,26,12,50,0,0,75,26,101,0,12,101,38,151,188,48,236,387
03/31/2006,CKB,WV,AEA,CE,Combined TRACON& Tower with Radar,0,8,11,10,29,0,0,25,16,41,0,8,36,26,70,46,32,78,148
04/01/2006,CKB,WV,AEA,CE,Combined TRACON& Tower with Radar,0,7,9,2,18,0,0,31,2,33,0,7,40,4,51,90,0,90,141
04/02/2006,CKB,WV,AEA,CE,Combined TRACON& Tower with Radar,0,5,8,0,13,0,0,53,4,57,0,5,61,4,70,48,2,50,120
04/03/2006,CKB,WV,AEA,CE,Combined TRACON& Tower with Radar,2,11,11,3,27,0,1,14,16,31,2,12,25,19,58,26,88,114,172
04/04/2006,CKB,WV,AEA,CE,Combined TRACON& Tower with Radar,2,12,7,16,37,0,0,39,32,71,2,12,46,48,108,28,114,142,250
04/05/2006,CKB,WV,AEA,CE,Combined TRACON& Tower with Radar,0,11,18,9,38,0,0,1,0,1,0,11,19,9,39,54,74,128,167
04/06/2006,CKB,WV,AEA,CE,Combined TRACON& Tower with Radar,0,10,20,11,41,0,1,74,49,124,0,11,94,60,165,67,148,215,380
04/07/2006,CKB,WV,AEA,CE,Combined TRACON& Tower with Radar,0,10,18,4,32,0,0,11,3,14,0,10,29,7,46,6,0,6,52
04/08/2006,CKB,WV,AEA,CE,Combined TRACON& Tower with Radar,0,7,9,1,17,0,0,3,0,3,0,7,12,1,20,0,0,0,20
04/09/2006,CKB,WV,AEA,CE,Combined TRACON& Tower with Radar,1,7,12,6,26,0,0,73,3,76,1,7,85,9,102,152,0,152,254
04/10/2006,CKB,WV,AEA,CE,Combined TRACON& Tower with Radar,0,12,10,22,44,0,0,64,20,84,0,12,74,42,128,64,20,84,212
04/11/2006,CKB,WV,AEA,CE,Combined TRACON& Tower with Radar,0,12,13,21,46,0,0,59,12,71,0,12,72,33,117,60,56,116,233
04/12/2006,CKB,WV,AEA,CE,Combined TRACON& Tower with Radar,2,9,16,15,42,0,0,36,20,56,2,9,52,35,98,96,52,148,246
04/13/2006,CKB,WV,AEA,CE,Combined TRACON& Tower with Radar,0,11,14,16,41,0,0,21,0,21,0,11,35,16,62,21,4,25,87
04/14/2006,CKB,WV,AEA,CE,Combined TRACON& Tower with Radar,0,9,8,1,18,0,1,29,0,30,0,10,37,1,48,0,68,68,116
04/15/2006,CKB,WV,AEA,CE,Combined TRACON& Tower with Radar,0,13,9,0,22,0,0,24,0,24,0,13,33,0,46,34,0,34,80
04/16/2006,CKB,WV,AEA,CE,Combined TRACON& Tower with Radar,0,5,1,0,6,0,0,9,0,9,0,5,10,0,15,0,0,0,15
04/17/2006,CKB,WV,AEA,CE,Combined TRACON& Tower with Radar,0,9,16,8,33,0,0,29,9,38,0,9,45,17,71,74,18,92,163
04/18/2006,CKB,WV,AEA,CE,Combined TRACON& Tower with Radar,0,9,11,14,34,1,3,72,7,83,1,12,83,21,117,44,32,76,193
04/19/2006,CKB,WV,AEA,CE,Combined TRACON& Tower with Radar,0,12,13,10,35,0,0,48,10,58,0,12,61,20,93,128,108,236,329
04/20/2006,CKB,WV,AEA,CE,Combined TRACON& Tower with Radar,0,6,18,9,33,0,0,104,4,108,0,6,122,13,141,124,22,146,287
04/21/2006,CKB,WV,AEA,CE,Combined TRACON& Tower with Radar,0,8,11,7,26,0,0,76,1,77,0,8,87,8,103,100,0,100,203
04/22/2006,CKB,WV,AEA,CE,Combined TRACON& Tower with Radar,2,3,14,3,22,0,1,16,0,17,2,4,30,3,39,12,0,12,51
04/23/2006,CKB,WV,AEA,CE,Combined TRACON& Tower with Radar,0,12,11,3,26,0,0,0,0,0,0,12,11,3,26,40,0,40,66
04/24/2006,CKB,WV,AEA,CE,Combined TRACON& Tower with Radar,0,9,15,15,39,0,1,58,4,63,0,10,73,19,102,106,32,138,240
04/25/2006,CKB,WV,AEA,CE,Combined TRACON& Tower with Radar,1,11,13,14,39,0,0,81,8,89,1,11,94,22,128,108,34,142,270
04/26/2006,CKB,WV,AEA,CE,Combined TRACON& Tower with Radar,10,16,19,16,61,0,0,47,6,53,10,16,66,22,114,68,76,144,258
04/27/2006,CKB,WV,AEA,CE,Combined TRACON& Tower with Radar,0,11,20,17,48,0,0,86,30,116,0,11,106,47,164,112,48,160,324
04/28/2006,CKB,WV,AEA,CE,Combined TRACON& Tower with Radar,2,12,15,8,37,0,1,77,59,137,2,13,92,67,174,78,60,138,312
04/29/2006,CKB,WV,AEA,CE,Combined TRACON& Tower with Radar,0,7,9,0,16,0,2,24,0,26,0,9,33,0,42,0,0,0,42
04/30/2006,CKB,WV,AEA,CE,Combined TRACON& Tower with Radar,0,5,16,0,21,0,0,52,0,52,0,5,68,0,73,88,0,88,161
05/01/2006,CKB,WV,AEA,CE,Combined TRACON& Tower with Radar,0,11,9,4,24,0,1,57,25,83,0,12,66,29,107,64,86,150,257
05/02/2006,CKB,WV,AEA,CE,Combined TRACON& Tower with Radar,0,8,7,10,25,0,0,41,27,68,0,8,48,37,93,100,80,180,273
05/03/2006,CKB,WV,AEA,CE,Combined TRACON& Tower with Radar,0,13,29,8,50,0,0,60,6,66,0,13,89,14,116,86,32,118,234
05/04/2006,CKB,WV,AEA,CE,Combined TRACON& Tower with Radar,0,9,17,11,37,0,4,32,8,44,0,13,49,19,81,130,32,162,243
05/05/2006,CKB,WV,AEA,CE,Combined TRACON& Tower with Radar,0,6,2,9,17,0,5,47,7,59,0,11,49,16,76,18,48,66,142
05/06/2006,CKB,WV,AEA,CE,Combined TRACON& Tower with Radar,3,6,10,0,19,0,0,21,0,21,3,6,31,0,40,0,0,0,40
05/07/2006,CKB,WV,AEA,CE,Combined TRACON& Tower with Radar,0,4,6,4,14,0,0,32,0,32,0,4,38,4,46,104,0,104,150
05/08/2006,CKB,WV,AEA,CE,Combined TRACON& Tower with Radar,0,11,19,6,36,0,0,47,36,83,0,11,66,42,119,98,66,164,283
05/09/2006,CKB,WV,AEA,CE,Combined TRACON& Tower with Radar,0,7,14,13,34,0,0,83,18,101,0,7,97,31,135,80,42,122,257
05/10/2006,CKB,WV,AEA,CE,Combined TRACON& Tower with Radar,1,5,18,19,43,2,0,74,12,88,3,5,92,31,131,136,4,140,271
05/11/2006,CKB,WV,AEA,CE,Combined TRACON& Tower with Radar,0,10,11,3,24,0,0,2,21,23,0,10,13,24,47,90,0,90,137
05/12/2006,CKB,WV,AEA,CE,Combined TRACON& Tower with Radar,0,12,21,1,34,0,0,25,9,34,0,12,46,10,68,92,44,136,204
05/13/2006,CKB,WV,AEA,CE,Combined TRACON& Tower with Radar,0,8,13,0,21,0,5,31,1,37,0,13,44,1,58,26,0,26,84
05/14/2006,CKB,WV,AEA,CE,Combined TRACON& Tower with Radar,0,11,11,0,22,0,0,24,0,24,0,11,35,0,46,56,0,56,102
05/15/2006,CKB,WV,AEA,CE,Combined TRACON& Tower with Radar,0,9,18,0,27,0,0,17,1,18,0,9,35,1,45,22,0,22,67
05/16/2006,CKB,WV,AEA,CE,Combined TRACON& Tower with Radar,0,7,19,0,26,0,3,2,0,5,0,10,21,0,31,8,0,8,39
05/17/2006,CKB,WV,AEA,CE,Combined TRACON& Tower with Radar,0,11,13,4,28,0,0,0,0,0,0,11,13,4,28,50,20,70,98
05/18/2006,CKB,WV,AEA,CE,Combined TRACON& Tower with Radar,0,8,15,3,26,0,3,11,0,14,0,11,26,3,40,40,0,40,80
05/19/2006,CKB,WV,AEA,CE,Combined TRACON& Tower with Radar,0,9,12,0,21,0,0,1,0,1,0,9,13,0,22,4,0,4,26
05/20/2006,CKB,WV,AEA,CE,Combined TRACON& Tower with Radar,0,2,7,6,15,0,0,43,2,45,0,2,50,8,60,0,0,0,60
05/21/2006,CKB,WV,AEA,CE,Combined TRACON& Tower with Radar,0,5,4,2,11,0,0,0,0,0,0,5,4,2,11,100,0,100,111
05/22/2006,CKB,WV,AEA,CE,Combined TRACON& Tower with Radar,0,6,31,12,49,0,0,54,42,96,0,6,85,54,145,0,0,0,145
05/23/2006,CKB,WV,AEA,CE,Combined TRACON& Tower with Radar,0,5,14,4,23,0,0,101,34,135,0,5,115,38,158,0,0,0,158
05/24/2006,CKB,WV,AEA,CE,Combined TRACON& Tower with Radar,1,7,29,7,44,0,0,83,21,104,1,7,112,28,148,152,44,196,344
05/25/2006,CKB,WV,AEA,CE,Combined TRACON& Tower with Radar,0,3,12,7,22,0,0,41,18,59,0,3,53,25,81,42,102,144,225
05/26/2006,CKB,WV,AEA,CE,Combined TRACON& Tower with Radar,0,5,15,0,20,0,0,10,0,10,0,5,25,0,30,0,0,0,30
05/27/2006,CKB,WV,AEA,CE,Combined TRACON& Tower with Radar,0,2,6,0,8,0,0,34,2,36,0,2,40,2,44,2,0,2,46
05/28/2006,CKB,WV,AEA,CE,Combined TRACON& Tower with Radar,2,8,5,0,15,0,0,54,0,54,2,8,59,0,69,18,0,18,87
05/29/2006,CKB,WV,AEA,CE,Combined TRACON& Tower with Radar,0,7,8,0,15,0,0,58,0,58,0,7,66,0,73,102,0,102,175
05/30/2006,CKB,WV,AEA,CE,Combined TRACON& Tower with Radar,0,8,10,3,21,0,0,48,13,61,0,8,58,16,82,42,8,50,132
05/31/2006,CKB,WV,AEA,CE,Combined TRACON& Tower with Radar,0,4,8,6,18,0,0,34,18,52,0,4,42,24,70,12,28,40,110
06/01/2006,CKB,WV,AEA,CE,Combined TRACON& Tower with Radar,0,1,7,5,13,0,0,34,24,58,0,1,41,29,71,30,54,84,155
06/02/2006,CKB,WV,AEA,CE,Combined TRACON& Tower with Radar,0,5,9,3,17,0,1,0,6,7,0,6,9,9,24,0,14,14,38
06/03/2006,CKB,WV,AEA,CE,Combined TRACON& Tower with Radar,0,5,10,0,15,0,0,65,0,65,0,5,75,0,80,102,0,102,182
06/04/2006,CKB,WV,AEA,CE,Combined TRACON& Tower with Radar,0,7,10,2,19,0,0,7,0,7,0,7,17,2,26,2,0,2,28
06/05/2006,CKB,WV,AEA,CE,Combined TRACON& Tower with Radar,0,5,14,4,23,0,1,32,18,51,0,6,46,22,74,36,18,54,128
06/06/2006,CKB,WV,AEA,CE,Combined TRACON& Tower with Radar,0,3,22,15,40,0,0,79,18,97,0,3,101,33,137,120,80,200,337
06/07/2006,CKB,WV,AEA,CE,Combined TRACON& Tower with Radar,0,10,13,6,29,0,0,44,2,46,0,10,57,8,75,124,18,142,217
06/08/2006,CKB,WV,AEA,CE,Combined TRACON& Tower with Radar,0,10,18,19,47,0,0,32,15,47,0,10,50,34,94,54,18,72,166
06/09/2006,CKB,WV,AEA,CE,Combined TRACON& Tower with Radar,0,15,8,12,35,0,0,19,0,19,0,15,27,12,54,8,18,26,80
06/10/2006,CKB,WV,AEA,CE,Combined TRACON& Tower with Radar,0,6,16,0,22,0,0,48,0,48,0,6,64,0,70,140,0,140,210
06/11/2006,CKB,WV,AEA,CE,Combined TRACON& Tower with Radar,2,9,7,0,18,0,0,32,0,32,2,9,39,0,50,80,0,80,130
06/12/2006,CKB,WV,AEA,CE,Combined TRACON& Tower with Radar,0,9,10,13,32,0,0,40,0,40,0,9,50,13,72,176,0,176,248
06/13/2006,CKB,WV,AEA,CE,Combined TRACON& Tower with Radar,0,5,16,11,32,0,0,73,6,79,0,5,89,17,111,112,0,112,223
06/14/2006,CKB,WV,AEA,CE,Combined TRACON& Tower with Radar,0,9,9,8,26,0,1,79,9,89,0,10,88,17,115,172,34,206,321
06/15/2006,CKB,WV,AEA,CE,Combined TRACON& Tower with Radar,0,10,13,5,28,0,0,56,7,63,0,10,69,12,91,14,0,14,105
06/16/2006,CKB,WV,AEA,CE,Combined TRACON& Tower with Radar,0,6,7,8,21,0,1,28,3,32,0,7,35,11,53,118,0,118,171
06/17/2006,CKB,WV,AEA,CE,Combined TRACON& Tower with Radar,0,9,5,0,14,0,0,40,0,40,0,9,45,0,54,104,0,104,158
06/18/2006,CKB,WV,AEA,CE,Combined TRACON& Tower with Radar,0,3,4,1,8,0,0,22,0,22,0,3,26,1,30,0,0,0,30
06/19/2006,CKB,WV,AEA,CE,Combined TRACON& Tower with Radar,0,4,9,4,17,0,1,11,0,12,0,5,20,4,29,46,0,46,75
06/20/2006,CKB,WV,AEA,CE,Combined TRACON& Tower with Radar,0,2,10,14,26,3,0,71,30,104,3,2,81,44,130,142,2,144,274
06/21/2006,CKB,WV,AEA,CE,Combined TRACON& Tower with Radar,0,9,8,13,30,0,0,44,8,52,0,9,52,21,82,62,0,62,144
06/22/2006,CKB,WV,AEA,CE,Combined TRACON& Tower with Radar,1,2,18,9,30,0,0,42,0,42,1,2,60,9,72,48,0,48,120
06/23/2006,CKB,WV,AEA,CE,Combined TRACON& Tower with Radar,0,9,9,1,19,0,1,29,0,30,0,10,38,1,49,20,0,20,69
06/24/2006,CKB,WV,AEA,CE,Combined TRACON& Tower with Radar,0,4,16,0,20,0,0,27,0,27,0,4,43,0,47,0,0,0,47
06/25/2006,CKB,WV,AEA,CE,Combined TRACON& Tower with Radar,0,7,15,0,22,0,0,1,0,1,0,7,16,0,23,0,0,0,23
06/26/2006,CKB,WV,AEA,CE,Combined TRACON& Tower with Radar,0,5,15,4,24,0,0,2,0,2,0,5,17,4,26,0,0,0,26
06/27/2006,CKB,WV,AEA,CE,Combined TRACON& Tower with Radar,1,8,6,2,17,0,2,5,1,8,1,10,11,3,25,8,0,8,33
06/28/2006,CKB,WV,AEA,CE,Combined TRACON& Tower with Radar,0,7,26,10,43,0,2,53,4,59,0,9,79,14,102,78,0,78,180
06/29/2006,CKB,WV,AEA,CE,Combined TRACON& Tower with Radar,0,11,21,0,32,0,0,61,0,61,0,11,82,0,93,106,0,106,199
06/30/2006,CKB,WV,AEA,CE,Combined TRACON& Tower with Radar,0,6,20,4,30,0,0,93,4,97,0,6,113,8,127,93,2,95,222
07/01/2006,CKB,WV,AEA,CE,Combined TRACON& Tower with Radar,0,6,6,2,14,0,0,54,0,54,0,6,60,2,68,84,0,84,152
07/02/2006,CKB,WV,AEA,CE,Combined TRACON& Tower with Radar,0,6,8,3,17,0,0,42,0,42,0,6,50,3,59,80,0,80,139
07/03/2006,CKB,WV,AEA,CE,Combined TRACON& Tower with Radar,0,6,8,1,15,0,4,2,0,6,0,10,10,1,21,50,82,132,153
07/04/2006,CKB,WV,AEA,CE,Combined TRACON& Tower with Radar,0,5,5,0,10,0,0,26,2,28,0,5,31,2,38,66,4,70,108
07/05/2006,CKB,WV,AEA,CE,Combined TRACON& Tower with Radar,0,5,10,0,15,0,3,0,0,3,0,8,10,0,18,0,0,0,18
07/06/2006,CKB,WV,AEA,CE,Combined TRACON& Tower with Radar,0,7,7,9,23,0,4,56,10,70,0,11,63,19,93,104,0,104,197
07/07/2006,CKB,WV,AEA,CE,Combined TRACON& Tower with Radar,0,7,16,0,23,0,0,59,2,61,0,7,75,2,84,116,0,116,200
07/08/2006,CKB,WV,AEA,CE,Combined TRACON& Tower with Radar,2,8,6,0,16,0,0,66,0,66,2,8,72,0,82,92,0,92,174
07/09/2006,CKB,WV,AEA,CE,Combined TRACON& Tower with Radar,0,10,11,0,21,0,0,24,0,24,0,10,35,0,45,80,0,80,125
07/10/2006,CKB,WV,AEA,CE,Combined TRACON& Tower with Radar,0,2,20,3,25,0,0,44,14,58,0,2,64,17,83,48,0,48,131
07/11/2006,CKB,WV,AEA,CE,Combined TRACON& Tower with Radar,0,4,30,4,38,0,0,46,8,54,0,4,76,12,92,58,0,58,150
07/12/2006,CKB,WV,AEA,CE,Combined TRACON& Tower with Radar,1,4,10,9,24,0,0,5,20,25,1,4,15,29,49,20,0,20,69
07/13/2006,CKB,WV,AEA,CE,Combined TRACON& Tower with Radar,0,9,17,0,26,0,0,3,0,3,0,9,20,0,29,10,0,10,39
07/14/2006,CKB,WV,AEA,CE,Combined TRACON& Tower with Radar,0,11,18,7,36,0,0,19,0,19,0,11,37,7,55,20,0,20,75
07/15/2006,CKB,WV,AEA,CE,Combined TRACON& Tower with Radar,0,5,3,0,8,0,0,24,0,24,0,5,27,0,32,80,0,80,112
07/16/2006,CKB,WV,AEA,CE,Combined TRACON& Tower with Radar,0,5,13,0,18,0,0,66,0,66,0,5,79,0,84,102,0,102,186
07/17/2006,CKB,WV,AEA,CE,Combined TRACON& Tower with Radar,0,4,17,12,33,0,0,41,22,63,0,4,58,34,96,118,62,180,276
07/18/2006,CKB,WV,AEA,CE,Combined TRACON& Tower with Radar,0,10,16,20,46,0,0,48,31,79,0,10,64,51,125,28,48,76,201
07/19/2006,CKB,WV,AEA,CE,Combined TRACON& Tower with Radar,0,7,15,16,38,0,0,41,8,49,0,7,56,24,87,32,60,92,179
07/20/2006,CKB,WV,AEA,CE,Combined TRACON& Tower with Radar,0,3,8,11,22,0,0,40,39,79,0,3,48,50,101,140,132,272,373
07/21/2006,CKB,WV,AEA,CE,Combined TRACON& Tower with Radar,0,10,20,5,35,0,0,0,0,0,0,10,20,5,35,68,2,70,105
07/22/2006,CKB,WV,AEA,CE,Combined TRACON& Tower with Radar,0,8,8,0,16,0,0,4,0,4,0,8,12,0,20,0,0,0,20
07/23/2006,CKB,WV,AEA,CE,Combined TRACON& Tower with Radar,0,7,7,0,14,0,0,46,0,46,0,7,53,0,60,112,0,112,172
07/24/2006,CKB,WV,AEA,CE,Combined TRACON& Tower with Radar,0,7,12,8,27,0,0,52,11,63,0,7,64,19,90,48,8,56,146
07/25/2006,CKB,WV,AEA,CE,Combined TRACON& Tower with Radar,0,8,12,10,30,0,2,63,36,101,0,10,75,46,131,80,122,202,333
07/26/2006,CKB,WV,AEA,CE,Combined TRACON& Tower with Radar,0,6,10,15,31,0,0,66,36,102,0,6,76,51,133,102,72,174,307
07/27/2006,CKB,WV,AEA,CE,Combined TRACON& Tower with Radar,0,5,17,11,33,0,0,34,30,64,0,5,51,41,97,100,58,158,255
07/28/2006,CKB,WV,AEA,CE,Combined TRACON& Tower with Radar,0,8,8,4,20,0,0,19,2,21,0,8,27,6,41,62,16,78,119
07/29/2006,CKB,WV,AEA,CE,Combined TRACON& Tower with Radar,0,3,16,0,19,0,0,0,0,0,0,3,16,0,19,108,0,108,127
07/30/2006,CKB,WV,AEA,CE,Combined TRACON& Tower with Radar,0,8,8,2,18,0,0,21,0,21,0,8,29,2,39,100,0,100,139
07/31/2006,CKB,WV,AEA,CE,Combined TRACON& Tower with Radar,0,7,21,17,45,0,0,28,26,54,0,7,49,43,99,92,112,204,303
08/01/2006,CKB,WV,AEA,CE,Combined TRACON& Tower with Radar,0,10,12,11,33,0,0,34,10,44,0,10,46,21,77,60,60,120,197
08/02/2006,CKB,WV,AEA,CE,Combined TRACON& Tower with Radar,0,14,16,16,46,0,0,60,29,89,0,14,76,45,135,76,0,76,211
08/03/2006,CKB,WV,AEA,CE,Combined TRACON& Tower with Radar,0,9,11,6,26,0,2,34,71,107,0,11,45,77,133,10,136,146,279
08/04/2006,CKB,WV,AEA,CE,Combined TRACON& Tower with Radar,0,11,29,4,44,0,0,47,2,49,0,11,76,6,93,68,8,76,169
08/05/2006,CKB,WV,AEA,CE,Combined TRACON& Tower with Radar,0,4,24,0,28,0,0,75,12,87,0,4,99,12,115,46,0,46,161
08/06/2006,CKB,WV,AEA,CE,Combined TRACON& Tower with Radar,0,5,16,0,21,0,3,23,0,26,0,8,39,0,47,10,0,10,57
08/07/2006,CKB,WV,AEA,CE,Combined TRACON& Tower with Radar,0,8,17,8,33,1,0,35,27,63,1,8,52,35,96,50,64,114,210
08/08/2006,CKB,WV,AEA,CE,Combined TRACON& Tower with Radar,0,4,23,9,36,0,40,40,21,101,0,44,63,30,137,50,78,128,265
08/09/2006,CKB,WV,AEA,CE,Combined TRACON& Tower with Radar,0,5,14,14,33,0,0,44,6,50,0,5,58,20,83,134,20,154,237
08/10/2006,CKB,WV,AEA,CE,Combined TRACON& Tower with Radar,0,7,11,7,25,0,0,23,0,23,0,7,34,7,48,110,2,112,160
08/11/2006,CKB,WV,AEA,CE,Combined TRACON& Tower with Radar,0,8,17,8,33,0,0,66,2,68,0,8,83,10,101,126,0,126,227
08/12/2006,CKB,WV,AEA,CE,Combined TRACON& Tower with Radar,0,4,12,0,16,0,0,43,0,43,0,4,55,0,59,144,0,144,203
08/13/2006,CKB,WV,AEA,CE,Combined TRACON& Tower with Radar,0,5,13,1,19,0,0,62,0,62,0,5,75,1,81,124,0,124,205
08/14/2006,CKB,WV,AEA,CE,Combined TRACON& Tower with Radar,0,8,14,4,26,0,0,0,0,0,0,8,14,4,26,20,4,24,50
08/15/2006,CKB,WV,AEA,CE,Combined TRACON& Tower with Radar,0,12,17,10,39,0,4,50,2,56,0,16,67,12,95,106,0,106,201
08/16/2006,CKB,WV,AEA,CE,Combined TRACON& Tower with Radar,0,9,16,7,32,0,0,36,0,36,0,9,52,7,68,68,0,68,136
08/17/2006,CKB,WV,AEA,CE,Combined TRACON& Tower with Radar,0,8,35,4,47,0,0,47,1,48,0,8,82,5,95,51,70,121,216
08/18/2006,CKB,WV,AEA,CE,Combined TRACON& Tower with Radar,0,7,26,1,34,0,0,39,2,41,0,7,65,3,75,54,14,68,143
08/19/2006,CKB,WV,AEA,CE,Combined TRACON& Tower with Radar,0,11,3,0,14,0,0,43,0,43,0,11,46,0,57,36,0,36,93
08/20/2006,CKB,WV,AEA,CE,Combined TRACON& Tower with Radar,0,5,15,1,21,0,0,23,0,23,0,5,38,1,44,6,0,6,50
08/21/2006,CKB,WV,AEA,CE,Combined TRACON& Tower with Radar,0,5,31,0,36,0,4,42,2,48,0,9,73,2,84,26,0,26,110
08/22/2006,CKB,WV,AEA,CE,Combined TRACON& Tower with Radar,0,5,14,7,26,0,0,51,11,62,0,5,65,18,88,128,28,156,244
08/23/2006,CKB,WV,AEA,CE,Combined TRACON& Tower with Radar,0,6,21,8,35,0,0,71,31,102,0,6,92,39,137,108,12,120,257
08/24/2006,CKB,WV,AEA,CE,Combined TRACON& Tower with Radar,0,6,17,6,29,0,0,72,0,72,0,6,89,6,101,74,0,74,175
08/25/2006,CKB,WV,AEA,CE,Combined TRACON& Tower with Radar,0,7,10,3,20,0,0,74,28,102,0,7,84,31,122,112,30,142,264
08/26/2006,CKB,WV,AEA,CE,Combined TRACON& Tower with Radar,0,4,11,0,15,0,0,18,0,18,0,4,29,0,33,56,0,56,89
08/27/2006,CKB,WV,AEA,CE,Combined TRACON& Tower with Radar,0,4,12,0,16,0,0,14,0,14,0,4,26,0,30,46,0,46,76
08/28/2006,CKB,WV,AEA,CE,Combined TRACON& Tower with Radar,0,9,15,0,24,0,0,4,1,5,0,9,19,1,29,0,0,0,29
08/29/2006,CKB,WV,AEA,CE,Combined TRACON& Tower with Radar,0,9,16,3,28,0,0,24,0,24,0,9,40,3,52,100,0,100,152
08/30/2006,CKB,WV,AEA,CE,Combined TRACON& Tower with Radar,0,7,19,8,34,0,0,33,18,51,0,7,52,26,85,114,60,174,259
08/31/2006,CKB,WV,AEA,CE,Combined TRACON& Tower with Radar,0,9,16,9,34,0,0,29,49,78,0,9,45,58,112,36,70,106,218
09/01/2006,CKB,WV,AEA,CE,Combined TRACON& Tower with Radar,0,13,14,2,29,0,0,46,113,159,0,13,60,115,188,32,114,146,334
09/02/2006,CKB,WV,AEA,CE,Combined TRACON& Tower with Radar,0,3,10,2,15,0,0,3,0,3,0,3,13,2,18,0,0,0,18
09/03/2006,CKB,WV,AEA,CE,Combined TRACON& Tower with Radar,1,5,9,5,20,0,0,7,10,17,1,5,16,15,37,22,38,60,97
09/04/2006,CKB,WV,AEA,CE,Combined TRACON& Tower with Radar,0,12,6,2,20,0,0,46,0,46,0,12,52,2,66,132,0,132,198
09/05/2006,CKB,WV,AEA,CE,Combined TRACON& Tower with Radar,0,9,13,2,24,0,0,18,2,20,0,9,31,4,44,54,24,78,122
09/06/2006,CKB,WV,AEA,CE,Combined TRACON& Tower with Radar,0,7,24,11,42,0,0,105,62,167,0,7,129,73,209,188,204,392,601
09/07/2006,CKB,WV,AEA,CE,Combined TRACON& Tower with Radar,0,10,20,15,45,0,0,58,46,104,0,10,78,61,149,126,106,232,381
09/08/2006,CKB,WV,AEA,CE,Combined TRACON& Tower with Radar,0,10,22,12,44,0,0,71,39,110,0,10,93,51,154,166,72,238,392
09/09/2006,CKB,WV,AEA,CE,Combined TRACON& Tower with Radar,1,7,8,6,22,0,0,60,40,100,1,7,68,46,122,46,166,212,334
09/10/2006,CKB,WV,AEA,CE,Combined TRACON& Tower with Radar,0,8,11,10,29,0,0,76,50,126,0,8,87,60,155,80,88,168,323
09/11/2006,CKB,WV,AEA,CE,Combined TRACON& Tower with Radar,0,7,25,9,41,0,0,44,112,156,0,7,69,121,197,24,86,110,307
09/12/2006,CKB,WV,AEA,CE,Combined TRACON& Tower with Radar,0,6,35,17,58,0,0,44,3,47,0,6,79,20,105,148,52,200,305
09/13/2006,CKB,WV,AEA,CE,Combined TRACON& Tower with Radar,0,4,24,5,33,0,0,20,0,20,0,4,44,5,53,76,0,76,129
09/14/2006,CKB,WV,AEA,CE,Combined TRACON& Tower with Radar,0,15,25,13,53,0,0,32,5,37,0,15,57,18,90,50,0,50,140
09/15/2006,CKB,WV,AEA,CE,Combined TRACON& Tower with Radar,0,8,25,9,42,0,0,12,2,14,0,8,37,11,56,14,32,46,102
09/16/2006,CKB,WV,AEA,CE,Combined TRACON& Tower with Radar,0,2,9,0,11,0,0,25,0,25,0,2,34,0,36,78,0,78,114
09/17/2006,CKB,WV,AEA,CE,Combined TRACON& Tower with Radar,0,5,10,0,15,0,0,66,0,66,0,5,76,0,81,162,0,162,243
09/18/2006,CKB,WV,AEA,CE,Combined TRACON& Tower with Radar,0,8,18,16,42,0,0,55,26,81,0,8,73,42,123,92,168,260,383
09/19/2006,CKB,WV,AEA,CE,Combined TRACON& Tower with Radar,0,6,12,16,34,0,0,55,41,96,0,6,67,57,130,55,41,96,226
09/20/2006,CKB,WV,AEA,CE,Combined TRACON& Tower with Radar,0,9,20,28,57,0,0,62,26,88,0,9,82,54,145,60,14,74,219
09/21/2006,CKB,WV,AEA,CE,Combined TRACON& Tower with Radar,0,7,21,24,52,0,0,67,13,80,0,7,88,37,132,138,22,160,292
09/22/2006,CKB,WV,AEA,CE,Combined TRACON& Tower with Radar,2,13,19,17,51,2,1,84,35,122,4,14,103,52,173,80,40,120,293
09/23/2006,CKB,WV,AEA,CE,Combined TRACON& Tower with Radar,0,3,5,0,8,0,0,18,0,18,0,3,23,0,26,0,0,0,26
09/24/2006,CKB,WV,AEA,CE,Combined TRACON& Tower with Radar,1,4,8,0,13,0,4,0,0,4,1,8,8,0,17,0,0,0,17
09/25/2006,CKB,WV,AEA,CE,Combined TRACON& Tower with Radar,0,7,15,26,48,0,2,82,6,90,0,9,97,32,138,252,30,282,420
09/26/2006,CKB,WV,AEA,CE,Combined TRACON& Tower with Radar,0,7,16,14,37,0,0,72,5,77,0,7,88,19,114,178,0,178,292
09/27/2006,CKB,WV,AEA,CE,Combined TRACON& Tower with Radar,0,9,16,7,32,0,0,67,0,67,0,9,83,7,99,132,0,132,231
09/28/2006,CKB,WV,AEA,CE,Combined TRACON& Tower with Radar,0,7,32,12,51,0,0,28,0,28,0,7,60,12,79,72,0,72,151
09/29/2006,CKB,WV,AEA,CE,Combined TRACON& Tower with Radar,0,8,23,9,40,0,0,40,4,44,0,8,63,13,84,146,10,156,240
09/30/2006,CKB,WV,AEA,CE,Combined TRACON& Tower with Radar,0,2,6,0,8,1,0,25,0,26,1,2,31,0,34,10,0,10,44
10/01/2006,CKB,WV,AEA,CE,Combined TRACON& Tower with Radar,0,5,5,1,11,0,0,30,5,35,0,5,35,6,46,46,0,46,92
10/02/2006,CKB,WV,AEA,CE,Combined TRACON& Tower with Radar,0,5,10,0,15,0,1,69,0,70,0,6,79,0,85,134,0,134,219
10/03/2006,CKB,WV,AEA,CE,Combined TRACON& Tower with Radar,0,6,18,0,24,0,0,55,0,55,0,6,73,0,79,164,0,164,243
10/04/2006,CKB,WV,AEA,CE,Combined TRACON& Tower with Radar,0,5,16,0,21,0,0,31,0,31,0,5,47,0,52,31,112,143,195
10/05/2006,CKB,WV,AEA,CE,Combined TRACON& Tower with Radar,0,8,17,5,30,0,0,0,0,0,0,8,17,5,30,0,0,0,30
10/06/2006,CKB,WV,AEA,CE,Combined TRACON& Tower with Radar,2,10,22,5,39,0,0,25,2,27,2,10,47,7,66,104,0,104,170
10/07/2006,CKB,WV,AEA,CE,Combined TRACON& Tower with Radar,1,2,14,3,20,0,0,58,0,58,1,2,72,3,78,36,0,36,114
10/08/2006,CKB,WV,AEA,CE,Combined TRACON& Tower with Radar,1,4,12,1,18,0,0,70,3,73,1,4,82,4,91,80,6,86,177
10/09/2006,CKB,WV,AEA,CE,Combined TRACON& Tower with Radar,0,6,18,0,24,0,0,56,1,57,0,6,74,1,81,162,0,162,243
10/10/2006,CKB,WV,AEA,CE,Combined TRACON& Tower with Radar,1,9,17,4,31,0,0,52,12,64,1,9,69,16,95,162,22,184,279
10/11/2006,CKB,WV,AEA,CE,Combined TRACON& Tower with Radar,0,11,26,3,40,0,0,30,2,32,0,11,56,5,72,110,30,140,212
10/12/2006,CKB,WV,AEA,CE,Combined TRACON& Tower with Radar,0,5,9,4,18,0,1,17,2,20,0,6,26,6,38,70,2,72,110
10/13/2006,CKB,WV,AEA,CE,Combined TRACON& Tower with Radar,2,8,13,8,31,0,0,69,39,108,2,8,82,47,139,32,70,102,241
10/14/2006,CKB,WV,AEA,CE,Combined TRACON& Tower with Radar,2,3,6,6,17,0,0,28,2,30,2,3,34,8,47,2,14,16,63
10/15/2006,CKB,WV,AEA,CE,Combined TRACON& Tower with Radar,0,6,7,0,13,0,0,42,0,42,0,6,49,0,55,42,0,42,97
10/16/2006,CKB,WV,AEA,CE,Combined TRACON& Tower with Radar,0,12,22,10,44,0,4,80,33,117,0,16,102,43,161,172,120,292,453
10/17/2006,CKB,WV,AEA,CE,Combined TRACON& Tower with Radar,0,7,7,0,14,0,2,26,0,28,0,9,33,0,42,78,0,78,120
10/18/2006,CKB,WV,AEA,CE,Combined TRACON& Tower with Radar,1,12,12,10,35,0,18,33,38,89,1,30,45,48,124,126,116,242,366
10/19/2006,CKB,WV,AEA,CE,Combined TRACON& Tower with Radar,2,5,20,12,39,0,0,48,65,113,2,5,68,77,152,68,142,210,362
10/20/2006,CKB,WV,AEA,CE,Combined TRACON& Tower with Radar,0,4,17,8,29,0,0,9,0,9,0,4,26,8,38,0,0,0,38
10/21/2006,CKB,WV,AEA,CE,Combined TRACON& Tower with Radar,0,8,15,7,30,0,0,86,25,111,0,8,101,32,141,104,56,160,301
10/22/2006,CKB,WV,AEA,CE,Combined TRACON& Tower with Radar,0,13,12,0,25,0,3,15,57,75,0,16,27,57,100,57,0,57,157
10/23/2006,CKB,WV,AEA,CE,Combined TRACON& Tower with Radar,0,7,21,5,33,0,0,33,0,33,0,7,54,5,66,104,0,104,170
10/24/2006,CKB,WV,AEA,CE,Combined TRACON& Tower with Radar,3,6,8,7,24,0,0,58,0,58,3,6,66,7,82,124,0,124,206
10/25/2006,CKB,WV,AEA,CE,Combined TRACON& Tower with Radar,0,6,9,8,23,0,3,91,51,145,0,9,100,59,168,174,136,310,478
10/26/2006,CKB,WV,AEA,CE,Combined TRACON& Tower with Radar,0,6,10,13,29,0,0,78,21,99,0,6,88,34,128,72,40,112,240
10/27/2006,CKB,WV,AEA,CE,Combined TRACON& Tower with Radar,0,8,9,4,21,0,0,36,0,36,0,8,45,4,57,28,0,28,85
10/28/2006,CKB,WV,AEA,CE,Combined TRACON& Tower with Radar,0,0,2,0,2,0,0,0,0,0,0,0,2,0,2,0,0,0,2
10/29/2006,CKB,WV,AEA,CE,Combined TRACON& Tower with Radar,0,6,14,0,20,0,0,12,0,12,0,6,26,0,32,74,0,74,106
10/30/2006,CKB,WV,AEA,CE,Combined TRACON& Tower with Radar,5,11,11,14,41,0,0,85,48,133,5,11,96,62,174,124,150,274,448
10/31/2006,CKB,WV,AEA,CE,Combined TRACON& Tower with Radar,0,4,12,4,20,0,0,60,22,82,0,4,72,26,102,92,36,128,230
11/01/2006,CKB,WV,AEA,CE,Combined TRACON& Tower with Radar,2,5,25,1,33,0,0,0,0,0,2,5,25,1,33,0,0,0,33
11/02/2006,CKB,WV,AEA,CE,Combined TRACON& Tower with Radar,0,7,13,16,36,0,0,51,26,77,0,7,64,42,113,78,68,146,259
11/03/2006,CKB,WV,AEA,CE,Combined TRACON& Tower with Radar,0,7,15,9,31,0,0,58,77,135,0,7,73,86,166,103,208,311,477
11/04/2006,CKB,WV,AEA,CE,Combined TRACON& Tower with Radar,0,3,12,1,16,0,0,67,20,87,0,3,79,21,103,112,130,242,345
11/05/2006,CKB,WV,AEA,CE,Combined TRACON& Tower with Radar,0,6,3,6,15,0,1,41,57,99,0,7,44,63,114,48,142,190,304
11/06/2006,CKB,WV,AEA,CE,Combined TRACON& Tower with Radar,0,6,14,10,30,0,0,82,39,121,0,6,96,49,151,79,126,205,356
11/07/2006,CKB,WV,AEA,CE,Combined TRACON& Tower with Radar,0,6,13,6,25,0,0,31,3,34,0,6,44,9,59,94,4,98,157
11/08/2006,CKB,WV,AEA,CE,Combined TRACON& Tower with Radar,0,4,25,20,49,0,2,21,14,37,0,6,46,34,86,54,14,68,154
11/09/2006,CKB,WV,AEA,CE,Combined TRACON& Tower with Radar,0,11,14,14,39,0,0,69,4,73,0,11,83,18,112,50,8,58,170
11/10/2006,CKB,WV,AEA,CE,Combined TRACON& Tower with Radar,0,7,14,8,29,0,0,51,8,59,0,7,65,16,88,28,0,28,116
11/11/2006,CKB,WV,AEA,CE,Combined TRACON& Tower with Radar,0,3,12,0,15,0,0,5,0,5,0,3,17,0,20,0,0,0,20
11/12/2006,CKB,WV,AEA,CE,Combined TRACON& Tower with Radar,0,5,10,0,15,0,0,6,0,6,0,5,16,0,21,38,0,38,59
11/13/2006,CKB,WV,AEA,CE,Combined TRACON& Tower with Radar,0,5,21,3,29,0,0,0,0,0,0,5,21,3,29,0,0,0,29
11/14/2006,CKB,WV,AEA,CE,Combined TRACON& Tower with Radar,0,8,11,9,28,0,2,3,0,5,0,10,14,9,33,0,0,0,33
11/15/2006,CKB,WV,AEA,CE,Combined TRACON& Tower with Radar,0,7,13,26,46,0,1,8,8,17,0,8,21,34,63,20,96,116,179
11/16/2006,CKB,WV,AEA,CE,Combined TRACON& Tower with Radar,0,13,13,9,35,0,0,7,4,11,0,13,20,13,46,14,0,14,60
11/17/2006,CKB,WV,AEA,CE,Combined TRACON& Tower with Radar,0,10,22,12,44,0,0,1,0,1,0,10,23,12,45,0,4,4,49
11/18/2006,CKB,WV,AEA,CE,Combined TRACON& Tower with Radar,0,3,15,4,22,0,0,60,7,67,0,3,75,11,89,110,6,116,205
11/19/2006,CKB,WV,AEA,CE,Combined TRACON& Tower with Radar,0,4,1,4,9,0,0,4,1,5,0,4,5,5,14,0,0,0,14
11/20/2006,CKB,WV,AEA,CE,Combined TRACON& Tower with Radar,0,10,15,4,29,0,0,18,12,30,0,10,33,16,59,18,16,34,93
11/21/2006,CKB,WV,AEA,CE,Combined TRACON& Tower with Radar,0,6,15,12,33,0,0,39,36,75,0,6,54,48,108,32,30,62,170
11/22/2006,CKB,WV,AEA,CE,Combined TRACON& Tower with Radar,0,7,16,0,23,0,1,60,0,61,0,8,76,0,84,118,0,118,202
11/23/2006,CKB,WV,AEA,CE,Combined TRACON& Tower with Radar,0,6,3,0,9,0,0,12,0,12,0,6,15,0,21,0,0,0,21
11/24/2006,CKB,WV,AEA,CE,Combined TRACON& Tower with Radar,0,7,5,0,12,0,0,47,0,47,0,7,52,0,59,2,0,2,61
11/25/2006,CKB,WV,AEA,CE,Combined TRACON& Tower with Radar,2,5,7,0,14,0,0,40,0,40,2,5,47,0,54,124,0,124,178
11/26/2006,CKB,WV,AEA,CE,Combined TRACON& Tower with Radar,0,7,10,0,17,0,0,46,0,46,0,7,56,0,63,84,0,84,147
11/27/2006,CKB,WV,AEA,CE,Combined TRACON& Tower with Radar,0,9,12,12,33,0,0,40,18,58,0,9,52,30,91,102,100,202,293
11/28/2006,CKB,WV,AEA,CE,Combined TRACON& Tower with Radar,0,12,20,28,60,0,0,92,27,119,0,12,112,55,179,122,54,176,355
11/29/2006,CKB,WV,AEA,CE,Combined TRACON& Tower with Radar,0,11,22,3,36,0,0,24,0,24,0,11,46,3,60,32,14,46,106
11/30/2006,CKB,WV,AEA,CE,Combined TRACON& Tower with Radar,0,12,14,7,33,0,0,29,6,35,0,12,43,13,68,38,12,50,118
12/01/2006,CKB,WV,AEA,CE,Combined TRACON& Tower with Radar,0,2,6,0,8,0,0,2,0,2,0,2,8,0,10,14,0,14,24
12/02/2006,CKB,WV,AEA,CE,Combined TRACON& Tower with Radar,0,1,4,0,5,0,0,18,0,18,0,1,22,0,23,6,0,6,29
12/03/2006,CKB,WV,AEA,CE,Combined TRACON& Tower with Radar,1,6,13,3,23,0,0,59,4,63,1,6,72,7,86,82,0,82,168
12/04/2006,CKB,WV,AEA,CE,Combined TRACON& Tower with Radar,0,9,19,3,31,0,0,24,0,24,0,9,43,3,55,20,4,24,79
12/05/2006,CKB,WV,AEA,CE,Combined TRACON& Tower with Radar,0,9,11,9,29,0,1,46,12,59,0,10,57,21,88,32,44,76,164
12/06/2006,CKB,WV,AEA,CE,Combined TRACON& Tower with Radar,0,12,9,5,26,0,0,39,2,41,0,12,48,7,67,22,24,46,113
12/07/2006,CKB,WV,AEA,CE,Combined TRACON& Tower with Radar,0,6,14,2,22,0,2,4,0,6,0,8,18,2,28,0,0,0,28
12/08/2006,CKB,WV,AEA,CE,Combined TRACON& Tower with Radar,0,13,22,5,40,0,0,21,3,24,0,13,43,8,64,8,6,14,78
12/09/2006,CKB,WV,AEA,CE,Combined TRACON& Tower with Radar,0,4,10,0,14,0,0,30,0,30,0,4,40,0,44,62,0,62,106
12/10/2006,CKB,WV,AEA,CE,Combined TRACON& Tower with Radar,0,5,13,0,18,0,0,26,0,26,0,5,39,0,44,18,0,18,62
12/11/2006,CKB,WV,AEA,CE,Combined TRACON& Tower with Radar,0,0,14,0,14,0,0,25,8,33,0,0,39,8,47,64,26,90,137
12/12/2006,CKB,WV,AEA,CE,Combined TRACON& Tower with Radar,2,12,14,4,32,0,1,32,0,33,2,13,46,4,65,12,0,12,77
12/13/2006,CKB,WV,AEA,CE,Combined TRACON& Tower with Radar,0,8,2,6,16,0,0,11,0,11,0,8,13,6,27,2,10,12,39
12/14/2006,CKB,WV,AEA,CE,Combined TRACON& Tower with Radar,0,8,9,5,22,0,0,22,8,30,0,8,31,13,52,8,20,28,80
12/15/2006,CKB,WV,AEA,CE,Combined TRACON& Tower with Radar,0,15,13,2,30,0,0,14,0,14,0,15,27,2,44,30,6,36,80
12/16/2006,CKB,WV,AEA,CE,Combined TRACON& Tower with Radar,0,6,8,2,16,0,0,49,6,55,0,6,57,8,71,2,0,2,73
12/17/2006,CKB,WV,AEA,CE,Combined TRACON& Tower with Radar,0,5,16,2,23,0,0,21,1,22,0,5,37,3,45,0,0,0,45
12/18/2006,CKB,WV,AEA,CE,Combined TRACON& Tower with Radar,0,8,12,4,24,0,1,3,4,8,0,9,15,8,32,0,22,22,54
12/19/2006,CKB,WV,AEA,CE,Combined TRACON& Tower with Radar,0,10,10,0,20,0,4,50,0,54,0,14,60,0,74,32,0,32,106
12/20/2006,CKB,WV,AEA,CE,Combined TRACON& Tower with Radar,0,9,8,0,17,0,0,63,0,63,0,9,71,0,80,20,0,20,100
12/21/2006,CKB,WV,AEA,CE,Combined TRACON& Tower with Radar,0,8,10,2,20,0,0,8,15,23,0,8,18,17,43,10,36,46,89
12/22/2006,CKB,WV,AEA,CE,Combined TRACON& Tower with Radar,0,10,4,0,14,0,0,0,0,0,0,10,4,0,14,0,0,0,14
12/23/2006,CKB,WV,AEA,CE,Combined TRACON& Tower with Radar,0,4,4,0,8,0,0,11,0,11,0,4,15,0,19,0,0,0,19
12/24/2006,CKB,WV,AEA,CE,Combined TRACON& Tower with Radar,0,4,0,0,4,0,0,4,0,4,0,4,4,0,8,0,0,0,8
12/25/2006,CKB,WV,AEA,CE,Combined TRACON& Tower with Radar,0,8,0,0,8,0,0,2,0,2,0,8,2,0,10,0,0,0,10
12/26/2006,CKB,WV,AEA,CE,Combined TRACON& Tower with Radar,0,8,4,0,12,0,0,6,0,6,0,8,10,0,18,0,0,0,18
12/27/2006,CKB,WV,AEA,CE,Combined TRACON& Tower with Radar,0,14,6,0,20,0,0,3,6,9,0,14,9,6,29,0,22,22,51
12/28/2006,CKB,WV,AEA,CE,Combined TRACON& Tower with Radar,0,8,11,0,19,0,0,31,0,31,0,8,42,0,50,16,0,16,66
12/29/2006,CKB,WV,AEA,CE,Combined TRACON& Tower with Radar,2,9,22,0,33,0,0,27,0,27,2,9,49,0,60,0,0,0,60
12/30/2006,CKB,WV,AEA,CE,Combined TRACON& Tower with Radar,4,2,4,0,10,0,0,18,0,18,4,2,22,0,28,12,0,12,40
12/31/2006,CKB,WV,AEA,CE,Combined TRACON& Tower with Radar,0,6,11,0,17,0,0,4,0,4,0,6,15,0,21,0,0,0,21
01/01/2007,CKB,WV,AEA,CE,Combined TRACON& Tower with Radar,4,8,8,0,20,0,0,4,0,4,4,8,12,0,24,0,0,0,24
01/02/2007,CKB,WV,AEA,CE,Combined TRACON& Tower with Radar,6,17,12,0,35,0,0,6,0,6,6,17,18,0,41,4,0,4,45
01/03/2007,CKB,WV,AEA,CE,Combined TRACON& Tower with Radar,1,10,10,3,24,1,0,55,0,56,2,10,65,3,80,16,0,16,96
01/04/2007,CKB,WV,AEA,CE,Combined TRACON& Tower with Radar,0,10,19,4,33,0,1,32,9,42,0,11,51,13,75,26,38,64,139
01/05/2007,CKB,WV,AEA,CE,Combined TRACON& Tower with Radar,2,7,7,5,21,0,0,0,0,0,2,7,7,5,21,50,0,50,71
01/06/2007,CKB,WV,AEA,CE,Combined TRACON& Tower with Radar,0,4,8,5,17,0,0,12,0,12,0,4,20,5,29,92,0,92,121
01/07/2007,CKB,WV,AEA,CE,Combined TRACON& Tower with Radar,0,7,15,0,22,0,2,21,0,23,0,9,36,0,45,88,0,88,133
01/08/2007,CKB,WV,AEA,CE,Combined TRACON& Tower with Radar,0,15,7,0,22,0,0,24,0,24,0,15,31,0,46,84,0,84,130
01/09/2007,CKB,WV,AEA,CE,Combined TRACON& Tower with Radar,0,11,8,0,19,0,0,0,0,0,0,11,8,0,19,0,0,0,19
01/10/2007,CKB,WV,AEA,CE,Combined TRACON& Tower with Radar,0,9,14,11,34,0,0,13,4,17,0,9,27,15,51,12,66,78,129
01/11/2007,CKB,WV,AEA,CE,Combined TRACON& Tower with Radar,0,12,8,11,31,0,0,39,17,56,0,12,47,28,87,30,48,78,165
01/12/2007,CKB,WV,AEA,CE,Combined TRACON& Tower with Radar,0,10,15,8,33,0,0,1,5,6,0,10,16,13,39,0,0,0,39
01/13/2007,CKB,WV,AEA,CE,Combined TRACON& Tower with Radar,0,5,0,0,5,0,0,0,0,0,0,5,0,0,5,0,0,0,5
01/14/2007,CKB,WV,AEA,CE,Combined TRACON& Tower with Radar,0,4,8,0,12,0,0,0,0,0,0,4,8,0,12,0,0,0,12
01/15/2007,CKB,WV,AEA,CE,Combined TRACON& Tower with Radar,0,2,3,0,5,0,0,12,0,12,0,2,15,0,17,18,0,18,35
01/16/2007,CKB,WV,AEA,CE,Combined TRACON& Tower with Radar,0,7,2,0,9,0,0,5,0,5,0,7,7,0,14,0,0,0,14
01/17/2007,CKB,WV,AEA,CE,Combined TRACON& Tower with Radar,0,8,11,10,29,0,0,30,20,50,0,8,41,30,79,48,136,184,263
01/18/2007,CKB,WV,AEA,CE,Combined TRACON& Tower with Radar,0,11,8,11,30,0,0,39,51,90,0,11,47,62,120,32,144,176,296
01/19/2007,CKB,WV,AEA,CE,Combined TRACON& Tower with Radar,0,10,5,4,19,0,0,8,0,8,0,10,13,4,27,66,0,66,93
01/20/2007,CKB,WV,AEA,CE,Combined TRACON& Tower with Radar,0,4,5,0,9,1,0,14,1,16,1,4,19,1,25,74,0,74,99
01/21/2007,CKB,WV,AEA,CE,Combined TRACON& Tower with Radar,0,6,2,10,18,0,4,0,22,26,0,10,2,32,44,0,22,22,66
01/22/2007,CKB,WV,AEA,CE,Combined TRACON& Tower with Radar,0,14,11,10,35,0,0,12,12,24,0,14,23,22,59,54,48,102,161
01/23/2007,CKB,WV,AEA,CE,Combined TRACON& Tower with Radar,0,9,15,5,29,0,0,11,37,48,0,9,26,42,77,16,150,166,243
01/24/2007,CKB,WV,AEA,CE,Combined TRACON& Tower with Radar,0,6,9,0,15,1,0,1,0,2,1,6,10,0,17,0,0,0,17
01/25/2007,CKB,WV,AEA,CE,Combined TRACON& Tower with Radar,0,11,12,2,25,0,0,0,0,0,0,11,12,2,25,0,0,0,25
01/26/2007,CKB,WV,AEA,CE,Combined TRACON& Tower with Radar,0,9,16,8,33,0,0,25,28,53,0,9,41,36,86,38,196,234,320
01/27/2007,CKB,WV,AEA,CE,Combined TRACON& Tower with Radar,0,6,15,15,36,0,0,30,10,40,0,6,45,25,76,60,106,166,242
01/28/2007,CKB,WV,AEA,CE,Combined TRACON& Tower with Radar,0,6,2,0,8,0,0,13,0,13,0,6,15,0,21,56,0,56,77
01/29/2007,CKB,WV,AEA,CE,Combined TRACON& Tower with Radar,0,10,10,18,38,0,0,6,36,42,0,10,16,54,80,40,84,124,204
01/30/2007,CKB,WV,AEA,CE,Combined TRACON& Tower with Radar,0,8,9,5,22,0,0,2,0,2,0,8,11,5,24,0,0,0,24
01/31/2007,CKB,WV,AEA,CE,Combined TRACON& Tower with Radar,0,7,6,14,27,0,0,43,37,80,0,7,49,51,107,80,150,230,337
02/01/2007,CKB,WV,AEA,CE,Combined TRACON& Tower with Radar,0,7,6,6,19,0,1,46,51,98,0,8,52,57,117,38,102,140,257
02/02/2007,CKB,WV,AEA,CE,Combined TRACON& Tower with Radar,0,9,6,10,25,0,0,0,8,8,0,9,6,18,33,0,80,80,113
02/03/2007,CKB,WV,AEA,CE,Combined TRACON& Tower with Radar,0,11,6,0,17,0,0,4,9,13,0,11,10,9,30,0,50,50,80
02/04/2007,CKB,WV,AEA,CE,Combined TRACON& Tower with Radar,0,3,3,0,6,0,0,2,0,2,0,3,5,0,8,6,0,6,14
02/05/2007,CKB,WV,AEA,CE,Combined TRACON& Tower with Radar,0,12,5,8,25,0,0,22,19,41,0,12,27,27,66,36,78,114,180
02/06/2007,CKB,WV,AEA,CE,Combined TRACON& Tower with Radar,0,6,4,7,17,0,0,28,5,33,0,6,32,12,50,14,88,102,152
02/07/2007,CKB,WV,AEA,CE,Combined TRACON& Tower with Radar,0,10,17,13,40,0,0,46,39,85,0,10,63,52,125,86,104,190,315
02/08/2007,CKB,WV,AEA,CE,Combined TRACON& Tower with Radar,0,11,12,13,36,0,0,26,49,75,0,11,38,62,111,74,68,142,253
02/09/2007,CKB,WV,AEA,CE,Combined TRACON& Tower with Radar,0,8,14,16,38,0,0,37,21,58,0,8,51,37,96,104,80,184,280
02/10/2007,CKB,WV,AEA,CE,Combined TRACON& Tower with Radar,0,4,5,4,13,0,0,20,0,20,0,4,25,4,33,76,0,76,109
02/11/2007,CKB,WV,AEA,CE,Combined TRACON& Tower with Radar,0,6,13,2,21,0,0,26,0,26,0,6,39,2,47,92,0,92,139
02/12/2007,CKB,WV,AEA,CE,Combined TRACON& Tower with Radar,0,10,14,10,34,0,4,45,10,59,0,14,59,20,93,104,34,138,231
02/13/2007,CKB,WV,AEA,CE,Combined TRACON& Tower with Radar,0,4,0,0,4,0,0,0,0,0,0,4,0,0,4,0,0,0,4
02/14/2007,CKB,WV,AEA,CE,Combined TRACON& Tower with Radar,0,8,2,0,10,0,0,0,0,0,0,8,2,0,10,0,0,0,10
02/15/2007,CKB,WV,AEA,CE,Combined TRACON& Tower with Radar,0,7,12,9,28,0,0,32,27,59,0,7,44,36,87,58,102,160,247
02/16/2007,CKB,WV,AEA,CE,Combined TRACON& Tower with Radar,0,17,14,24,55,0,0,7,4,11,0,17,21,28,66,12,0,12,78
02/17/2007,CKB,WV,AEA,CE,Combined TRACON& Tower with Radar,0,6,1,0,7,0,0,16,36,52,0,6,17,36,59,64,40,104,163
02/18/2007,CKB,WV,AEA,CE,Combined TRACON& Tower with Radar,0,8,7,0,15,0,0,0,0,0,0,8,7,0,15,0,0,0,15
02/19/2007,CKB,WV,AEA,CE,Combined TRACON& Tower with Radar,0,6,15,0,21,0,0,38,0,38,0,6,53,0,59,74,0,74,133
02/20/2007,CKB,WV,AEA,CE,Combined TRACON& Tower with Radar,0,11,18,1,30,0,0,54,7,61,0,11,72,8,91,20,18,38,129
02/21/2007,CKB,WV,AEA,CE,Combined TRACON& Tower with Radar,0,9,10,3,22,0,0,61,22,83,0,9,71,25,105,154,38,192,297
02/22/2007,CKB,WV,AEA,CE,Combined TRACON& Tower with Radar,0,8,9,2,19,0,0,8,1,9,0,8,17,3,28,64,0,64,92
02/23/2007,CKB,WV,AEA,CE,Combined TRACON& Tower with Radar,0,10,25,6,41,0,0,47,12,59,0,10,72,18,100,144,20,164,264
02/24/2007,CKB,WV,AEA,CE,Combined TRACON& Tower with Radar,0,3,7,1,11,0,0,0,0,0,0,3,7,1,11,118,48,166,177
02/25/2007,CKB,WV,AEA,CE,Combined TRACON& Tower with Radar,0,4,4,0,8,0,0,3,0,3,0,4,7,0,11,0,0,0,11
02/26/2007,CKB,WV,AEA,CE,Combined TRACON& Tower with Radar,0,9,7,2,18,0,0,30,2,32,0,9,37,4,50,110,22,132,182
02/27/2007,CKB,WV,AEA,CE,Combined TRACON& Tower with Radar,0,9,15,13,37,0,3,40,14,57,0,12,55,27,94,80,100,180,274
02/28/2007,CKB,WV,AEA,CE,Combined TRACON& Tower with Radar,0,11,14,6,31,0,1,71,21,93,0,12,85,27,124,134,66,200,324
03/01/2007,CKB,WV,AEA,CE,Combined TRACON& Tower with Radar,0,10,5,4,19,0,2,19,1,22,0,12,24,5,41,74,16,90,131
03/02/2007,CKB,WV,AEA,CE,Combined TRACON& Tower with Radar,0,8,8,0,16,0,0,12,0,12,0,8,20,0,28,68,0,68,96
03/03/2007,CKB,WV,AEA,CE,Combined TRACON& Tower with Radar,0,2,3,2,7,0,0,2,0,2,0,2,5,2,9,0,0,0,9
03/04/2007,CKB,WV,AEA,CE,Combined TRACON& Tower with Radar,0,1,2,0,3,0,0,17,0,17,0,1,19,0,20,74,0,74,94
03/05/2007,CKB,WV,AEA,CE,Combined TRACON& Tower with Radar,0,8,5,1,14,0,0,9,1,10,0,8,14,2,24,24,0,24,48
03/06/2007,CKB,WV,AEA,CE,Combined TRACON& Tower with Radar,0,10,9,7,26,0,2,64,26,92,0,12,73,33,118,168,70,238,356
03/07/2007,CKB,WV,AEA,CE,Combined TRACON& Tower with Radar,0,1,4,0,5,0,0,0,0,0,0,1,4,0,5,0,0,0,5
03/08/2007,CKB,WV,AEA,CE,Combined TRACON& Tower with Radar,0,10,21,12,43,0,2,98,7,107,0,12,119,19,150,76,30,106,256
03/09/2007,CKB,WV,AEA,CE,Combined TRACON& Tower with Radar,0,6,19,11,36,0,1,49,29,79,0,7,68,40,115,56,36,92,207
03/10/2007,CKB,WV,AEA,CE,Combined TRACON& Tower with Radar,0,0,2,0,2,0,0,10,0,10,0,0,12,0,12,60,0,60,72
03/11/2007,CKB,WV,AEA,CE,Combined TRACON& Tower with Radar,0,3,11,0,14,0,0,59,5,64,0,3,70,5,78,140,0,140,218
03/12/2007,CKB,WV,AEA,CE,Combined TRACON& Tower with Radar,0,3,14,7,24,0,2,83,52,137,0,5,97,59,161,48,98,146,307
03/13/2007,CKB,WV,AEA,CE,Combined TRACON& Tower with Radar,0,4,21,24,49,0,1,115,48,164,0,5,136,72,213,112,98,210,423
03/14/2007,CKB,WV,AEA,CE,Combined TRACON& Tower with Radar,0,3,11,6,20,0,0,49,30,79,0,3,60,36,99,0,104,104,203
03/15/2007,CKB,WV,AEA,CE,Combined TRACON& Tower with Radar,2,5,5,0,12,0,0,6,14,20,2,5,11,14,32,30,4,34,66
03/16/2007,CKB,WV,AEA,CE,Combined TRACON& Tower with Radar,0,0,1,0,1,0,5,0,0,5,0,5,1,0,6,0,0,0,6
03/17/2007,CKB,WV,AEA,CE,Combined TRACON& Tower with Radar,0,0,4,0,4,0,0,15,0,15,0,0,19,0,19,72,0,72,91
03/18/2007,CKB,WV,AEA,CE,Combined TRACON& Tower with Radar,0,6,5,0,11,0,0,60,15,75,0,6,65,15,86,10,0,10,96
03/19/2007,CKB,WV,AEA,CE,Combined TRACON& Tower with Radar,1,4,10,6,21,0,0,33,45,78,1,4,43,51,99,46,130,176,275
03/20/2007,CKB,WV,AEA,CE,Combined TRACON& Tower with Radar,2,10,23,10,45,0,0,47,20,67,2,10,70,30,112,114,130,244,356
03/21/2007,CKB,WV,AEA,CE,Combined TRACON& Tower with Radar,1,5,8,12,26,0,3,106,76,185,1,8,114,88,211,140,100,240,451
03/22/2007,CKB,WV,AEA,CE,Combined TRACON& Tower with Radar,1,4,6,7,18,0,1,17,58,76,1,5,23,65,94,0,28,28,122
03/23/2007,CKB,WV,AEA,CE,Combined TRACON& Tower with Radar,0,5,13,16,34,0,0,54,70,124,0,5,67,86,158,52,128,180,338
03/24/2007,CKB,WV,AEA,CE,Combined TRACON& Tower with Radar,0,1,7,0,8,0,2,12,0,14,0,3,19,0,22,26,0,26,48
03/25/2007,CKB,WV,AEA,CE,Combined TRACON& Tower with Radar,2,0,24,5,31,0,1,112,12,125,2,1,136,17,156,82,62,144,300
03/26/2007,CKB,WV,AEA,CE,Combined TRACON& Tower with Radar,0,4,16,5,25,0,0,55,67,122,0,4,71,72,147,92,110,202,349
03/27/2007,CKB,WV,AEA,CE,Combined TRACON& Tower with Radar,0,6,22,6,34,0,0,48,34,82,0,6,70,40,116,82,152,234,350
03/28/2007,CKB,WV,AEA,CE,Combined TRACON& Tower with Radar,0,5,9,11,25,0,0,24,18,42,0,5,33,29,67,52,108,160,227
03/29/2007,CKB,WV,AEA,CE,Combined TRACON& Tower with Radar,0,1,12,7,20,0,0,50,38,88,0,1,62,45,108,26,134,160,268
03/30/2007,CKB,WV,AEA,CE,Combined TRACON& Tower with Radar,2,2,26,15,45,0,0,93,97,190,2,2,119,112,235,93,97,190,425
03/31/2007,CKB,WV,AEA,CE,Combined TRACON& Tower with Radar,0,4,11,4,19,0,0,22,11,33,0,4,33,15,52,138,0,138,190
04/01/2007,CKB,WV,AEA,CE,Combined TRACON& Tower with Radar,0,0,7,0,7,0,0,7,1,8,0,0,14,1,15,10,0,10,25
04/02/2007,CKB,WV,AEA,CE,Combined TRACON& Tower with Radar,0,2,7,14,23,0,0,74,29,103,0,2,81,43,126,50,0,50,176
04/03/2007,CKB,WV,AEA,CE,Combined TRACON& Tower with Radar,0,3,12,37,52,0,0,57,50,107,0,3,69,87,159,62,146,208,367
04/04/2007,CKB,WV,AEA,CE,Combined TRACON& Tower with Radar,0,2,17,8,27,0,0,7,2,9,0,2,24,10,36,62,10,72,108
04/05/2007,CKB,WV,AEA,CE,Combined TRACON& Tower with Radar,0,5,6,8,19,0,0,2,10,12,0,5,8,18,31,6,0,6,37
04/06/2007,CKB,WV,AEA,CE,Combined TRACON& Tower with Radar,0,2,9,23,34,0,0,16,9,25,0,2,25,32,59,30,12,42,101
04/07/2007,CKB,WV,AEA,CE,Combined TRACON& Tower with Radar,0,0,3,0,3,0,0,0,0,0,0,0,3,0,3,0,0,0,3
04/08/2007,CKB,WV,AEA,CE,Combined TRACON& Tower with Radar,0,3,2,0,5,0,0,2,0,2,0,3,4,0,7,2,0,2,9
04/09/2007,CKB,WV,AEA,CE,Combined TRACON& Tower with Radar,0,0,22,17,39,0,0,54,9,63,0,0,76,26,102,156,16,172,274
04/10/2007,CKB,WV,AEA,CE,Combined TRACON& Tower with Radar,0,1,13,22,36,0,0,82,11,93,0,1,95,33,129,144,2,146,275
04/11/2007,CKB,WV,AEA,CE,Combined TRACON& Tower with Radar,0,4,9,23,36,0,0,113,4,117,0,4,122,27,153,148,2,150,303
04/12/2007,CKB,WV,AEA,CE,Combined TRACON& Tower with Radar,0,0,11,7,18,0,0,7,16,23,0,0,18,23,41,10,108,118,159
04/13/2007,CKB,WV,AEA,CE,Combined TRACON& Tower with Radar,0,3,8,0,11,0,0,54,2,56,0,3,62,2,67,128,0,128,195
04/14/2007,CKB,WV,AEA,CE,Combined TRACON& Tower with Radar,0,1,1,2,4,0,0,5,0,5,0,1,6,2,9,6,0,6,15
04/15/2007,CKB,WV,AEA,CE,Combined TRACON& Tower with Radar,0,5,3,0,8,0,0,0,0,0,0,5,3,0,8,0,0,0,8
04/16/2007,CKB,WV,AEA,CE,Combined TRACON& Tower with Radar,0,3,3,0,6,0,0,0,0,0,0,3,3,0,6,0,0,0,6
04/17/2007,CKB,WV,AEA,CE,Combined TRACON& Tower with Radar,0,6,17,0,23,0,1,40,0,41,0,7,57,0,64,62,0,62,126
04/18/2007,CKB,WV,AEA,CE,Combined TRACON& Tower with Radar,0,4,10,9,23,0,2,114,6,122,0,6,124,15,145,120,14,134,279
04/19/2007,CKB,WV,AEA,CE,Combined TRACON& Tower with Radar,0,4,22,6,32,0,0,76,4,80,0,4,98,10,112,102,14,116,228
04/20/2007,CKB,WV,AEA,CE,Combined TRACON& Tower with Radar,0,5,15,4,24,0,0,76,19,95,0,5,91,23,119,64,20,84,203
04/21/2007,CKB,WV,AEA,CE,Combined TRACON& Tower with Radar,0,1,6,2,9,0,2,85,2,89,0,3,91,4,98,18,0,18,116
04/22/2007,CKB,WV,AEA,CE,Combined TRACON& Tower with Radar,0,3,11,3,17,0,0,81,14,95,0,3,92,17,112,100,0,100,212
04/23/2007,CKB,WV,AEA,CE,Combined TRACON& Tower with Radar,0,0,25,7,32,0,0,38,42,80,0,0,63,49,112,102,34,136,248
04/24/2007,CKB,WV,AEA,CE,Combined TRACON& Tower with Radar,0,1,29,10,40,0,1,21,16,38,0,2,50,26,78,100,86,186,264
04/25/2007,CKB,WV,AEA,CE,Combined TRACON& Tower with Radar,0,7,14,14,35,0,0,61,50,111,0,7,75,64,146,84,134,218,364
04/26/2007,CKB,WV,AEA,CE,Combined TRACON& Tower with Radar,0,5,16,11,32,0,0,21,5,26,0,5,37,16,58,10,16,26,84
04/27/2007,CKB,WV,AEA,CE,Combined TRACON& Tower with Radar,0,4,12,4,20,0,0,35,4,39,0,4,47,8,59,120,14,134,193
04/28/2007,CKB,WV,AEA,CE,Combined TRACON& Tower with Radar,0,1,3,2,6,0,0,20,0,20,0,1,23,2,26,94,0,94,120
04/29/2007,CKB,WV,AEA,CE,Combined TRACON& Tower with Radar,0,3,10,5,18,0,0,59,1,60,0,3,69,6,78,44,0,44,122
04/30/2007,CKB,WV,AEA,CE,Combined TRACON& Tower with Radar,0,5,16,8,29,0,0,87,24,111,0,5,103,32,140,50,76,126,266
05/01/2007,CKB,WV,AEA,CE,Combined TRACON& Tower with Radar,0,6,13,13,32,0,0,48,31,79,0,6,61,44,111,56,86,142,253
05/02/2007,CKB,WV,AEA,CE,Combined TRACON& Tower with Radar,0,10,7,12,29,0,0,42,10,52,0,10,49,22,81,126,8,134,215
05/03/2007,CKB,WV,AEA,CE,Combined TRACON& Tower with Radar,0,9,23,7,39,0,0,46,48,94,0,9,69,55,133,114,178,292,425
05/04/2007,CKB,WV,AEA,CE,Combined TRACON& Tower with Radar,0,11,11,11,33,0,0,40,13,53,0,11,51,24,86,58,68,126,212
05/05/2007,CKB,WV,AEA,CE,Combined TRACON& Tower with Radar,0,5,10,1,16,0,0,44,0,44,0,5,54,1,60,88,0,88,148
05/06/2007,CKB,WV,AEA,CE,Combined TRACON& Tower with Radar,0,4,7,0,11,0,0,55,0,55,0,4,62,0,66,104,0,104,170
05/07/2007,CKB,WV,AEA,CE,Combined TRACON& Tower with Radar,0,9,12,6,27,0,0,47,38,85,0,9,59,44,112,82,138,220,332
05/08/2007,CKB,WV,AEA,CE,Combined TRACON& Tower with Radar,1,10,15,7,33,0,0,69,171,240,1,10,84,178,273,40,134,174,447
05/09/2007,CKB,WV,AEA,CE,Combined TRACON& Tower with Radar,0,6,8,19,33,0,0,60,61,121,0,6,68,80,154,94,174,268,422
05/10/2007,CKB,WV,AEA,CE,Combined TRACON& Tower with Radar,0,10,21,12,43,0,0,49,41,90,0,10,70,53,133,116,140,256,389
05/11/2007,CKB,WV,AEA,CE,Combined TRACON& Tower with Radar,1,11,11,6,29,0,0,60,102,162,1,11,71,108,191,44,80,124,315
05/12/2007,CKB,WV,AEA,CE,Combined TRACON& Tower with Radar,0,3,11,0,14,0,0,53,0,53,0,3,64,0,67,108,0,108,175
05/13/2007,CKB,WV,AEA,CE,Combined TRACON& Tower with Radar,0,5,8,1,14,0,1,51,0,52,0,6,59,1,66,82,0,82,148
05/14/2007,CKB,WV,AEA,CE,Combined TRACON& Tower with Radar,0,10,15,8,33,0,0,84,92,176,0,10,99,100,209,60,92,152,361
05/15/2007,CKB,WV,AEA,CE,Combined TRACON& Tower with Radar,0,8,24,13,45,0,1,60,74,135,0,9,84,87,180,42,226,268,448
05/16/2007,CKB,WV,AEA,CE,Combined TRACON& Tower with Radar,0,8,24,8,40,0,0,15,2,17,0,8,39,10,57,0,6,6,63
05/17/2007,CKB,WV,AEA,CE,Combined TRACON& Tower with Radar,0,32,32,19,83,0,0,45,19,64,0,32,77,38,147,56,90,146,293
05/18/2007,CKB,WV,AEA,CE,Combined TRACON& Tower with Radar,0,7,21,3,31,0,0,8,0,8,0,7,29,3,39,20,0,20,59
05/19/2007,CKB,WV,AEA,CE,Combined TRACON& Tower with Radar,0,7,21,2,30,0,4,59,21,84,0,11,80,23,114,58,70,128,242
05/20/2007,CKB,WV,AEA,CE,Combined TRACON& Tower with Radar,0,6,7,1,14,0,0,23,2,25,0,6,30,3,39,84,0,84,123
05/21/2007,CKB,WV,AEA,CE,Combined TRACON& Tower with Radar,0,8,20,15,43,0,0,50,60,110,0,8,70,75,153,108,150,258,411
05/22/2007,CKB,WV,AEA,CE,Combined TRACON& Tower with Radar,0,12,20,17,49,0,20,50,51,121,0,32,70,68,170,64,172,236,406
05/23/2007,CKB,WV,AEA,CE,Combined TRACON& Tower with Radar,0,9,18,13,40,0,1,34,33,68,0,10,52,46,108,48,112,160,268
05/24/2007,CKB,WV,AEA,CE,Combined TRACON& Tower with Radar,1,7,15,8,31,0,0,60,55,115,1,7,75,63,146,108,136,244,390
05/25/2007,CKB,WV,AEA,CE,Combined TRACON& Tower with Radar,0,11,27,4,42,0,0,74,0,74,0,11,101,4,116,60,30,90,206
05/26/2007,CKB,WV,AEA,CE,Combined TRACON& Tower with Radar,0,5,2,0,7,0,0,41,0,41,0,5,43,0,48,34,0,34,82
05/27/2007,CKB,WV,AEA,CE,Combined TRACON& Tower with Radar,0,6,2,0,8,0,0,30,0,30,0,6,32,0,38,58,0,58,96
05/28/2007,CKB,WV,AEA,CE,Combined TRACON& Tower with Radar,0,6,15,0,21,0,6,51,4,61,0,12,66,4,82,120,0,120,202
05/29/2007,CKB,WV,AEA,CE,Combined TRACON& Tower with Radar,0,13,22,11,46,0,0,35,24,59,0,13,57,35,105,32,102,134,239
05/30/2007,CKB,WV,AEA,CE,Combined TRACON& Tower with Radar,0,12,13,17,42,0,2,50,58,110,0,14,63,75,152,66,144,210,362
05/31/2007,CKB,WV,AEA,CE,Combined TRACON& Tower with Radar,0,13,24,24,61,0,1,27,37,65,0,14,51,61,126,18,90,108,234
06/01/2007,CKB,WV,AEA,CE,Combined TRACON& Tower with Radar,0,5,15,19,39,0,0,47,25,72,0,5,62,44,111,126,80,206,317
06/02/2007,CKB,WV,AEA,CE,Combined TRACON& Tower with Radar,0,5,4,2,11,0,4,11,0,15,0,9,15,2,26,44,4,48,74
06/03/2007,CKB,WV,AEA,CE,Combined TRACON& Tower with Radar,0,6,8,3,17,0,0,5,1,6,0,6,13,4,23,24,0,24,47
06/04/2007,CKB,WV,AEA,CE,Combined TRACON& Tower with Radar,0,6,8,7,21,0,0,10,6,16,0,6,18,13,37,2,38,40,77
06/05/2007,CKB,WV,AEA,CE,Combined TRACON& Tower with Radar,0,10,21,12,43,0,1,17,10,28,0,11,38,22,71,36,44,80,151
06/06/2007,CKB,WV,AEA,CE,Combined TRACON& Tower with Radar,0,12,21,17,50,0,0,60,3,63,0,12,81,20,113,160,72,232,345
06/07/2007,CKB,WV,AEA,CE,Combined TRACON& Tower with Radar,0,11,11,14,36,0,0,30,6,36,0,11,41,20,72,14,62,76,148
06/08/2007,CKB,WV,AEA,CE,Combined TRACON& Tower with Radar,0,9,12,7,28,0,0,28,8,36,0,9,40,15,64,28,34,62,126
06/09/2007,CKB,WV,AEA,CE,Combined TRACON& Tower with Radar,0,8,8,4,20,0,0,12,13,25,0,8,20,17,45,4,18,22,67
06/10/2007,CKB,WV,AEA,CE,Combined TRACON& Tower with Radar,0,5,15,2,22,0,0,63,2,65,0,5,78,4,87,28,4,32,119
06/11/2007,CKB,WV,AEA,CE,Combined TRACON& Tower with Radar,0,7,11,17,35,0,4,26,7,37,0,11,37,24,72,18,20,38,110
06/12/2007,CKB,WV,AEA,CE,Combined TRACON& Tower with Radar,0,7,12,12,31,0,0,27,13,40,0,7,39,25,71,100,80,180,251
06/13/2007,CKB,WV,AEA,CE,Combined TRACON& Tower with Radar,0,10,22,24,56,0,0,6,11,17,0,10,28,35,73,32,26,58,131
06/14/2007,CKB,WV,AEA,CE,Combined TRACON& Tower with Radar,0,8,11,13,32,0,0,13,16,29,0,8,24,29,61,48,70,118,179
06/15/2007,CKB,WV,AEA,CE,Combined TRACON& Tower with Radar,0,9,17,18,44,0,0,31,18,49,0,9,48,36,93,8,88,96,189
06/16/2007,CKB,WV,AEA,CE,Combined TRACON& Tower with Radar,0,7,17,0,24,0,0,43,0,43,0,7,60,0,67,10,0,10,77
06/17/2007,CKB,WV,AEA,CE,Combined TRACON& Tower with Radar,0,3,11,0,14,0,0,18,0,18,0,3,29,0,32,22,0,22,54
06/18/2007,CKB,WV,AEA,CE,Combined TRACON& Tower with Radar,0,8,22,9,39,0,0,14,16,30,0,8,36,25,69,0,80,80,149
06/19/2007,CKB,WV,AEA,CE,Combined TRACON& Tower with Radar,0,5,11,7,23,0,0,7,5,12,0,5,18,12,35,18,12,30,65
06/20/2007,CKB,WV,AEA,CE,Combined TRACON& Tower with Radar,0,9,9,8,26,0,0,83,23,106,0,9,92,31,132,76,18,94,226
06/21/2007,CKB,WV,AEA,CE,Combined TRACON& Tower with Radar,0,9,25,9,43,0,0,26,9,35,0,9,51,18,78,4,22,26,104
06/22/2007,CKB,WV,AEA,CE,Combined TRACON& Tower with Radar,0,9,18,2,29,0,0,48,3,51,0,9,66,5,80,140,3,143,223
06/23/2007,CKB,WV,AEA,CE,Combined TRACON& Tower with Radar,0,10,14,3,27,0,0,44,0,44,0,10,58,3,71,114,2,116,187
06/24/2007,CKB,WV,AEA,CE,Combined TRACON& Tower with Radar,0,5,5,0,10,0,0,29,2,31,0,5,34,2,41,90,0,90,131
06/25/2007,CKB,WV,AEA,CE,Combined TRACON& Tower with Radar,0,7,8,5,20,0,1,50,8,59,0,8,58,13,79,132,56,188,267
06/26/2007,CKB,WV,AEA,CE,Combined TRACON& Tower with Radar,0,11,11,7,29,0,0,40,11,51,0,11,51,18,80,52,38,90,170
06/27/2007,CKB,WV,AEA,CE,Combined TRACON& Tower with Radar,0,7,17,7,31,0,0,1,0,1,0,7,18,7,32,40,18,58,90
06/28/2007,CKB,WV,AEA,CE,Combined TRACON& Tower with Radar,0,10,7,13,30,0,0,22,13,35,0,10,29,26,65,66,0,66,131
06/29/2007,CKB,WV,AEA,CE,Combined TRACON& Tower with Radar,0,6,14,9,29,0,5,21,0,26,0,11,35,9,55,36,0,36,91
06/30/2007,CKB,WV,AEA,CE,Combined TRACON& Tower with Radar,0,6,21,8,35,0,0,56,14,70,0,6,77,22,105,136,10,146,251
07/01/2007,CKB,WV,AEA,CE,Combined TRACON& Tower with Radar,0,7,14,0,21,0,3,62,0,65,0,10,76,0,86,112,0,112,198
07/02/2007,CKB,WV,AEA,CE,Combined TRACON& Tower with Radar,0,11,24,2,37,0,0,48,3,51,0,11,72,5,88,126,0,126,214
07/03/2007,CKB,WV,AEA,CE,Combined TRACON& Tower with Radar,0,12,17,9,38,0,0,0,13,13,0,12,17,22,51,44,34,78,129
07/04/2007,CKB,WV,AEA,CE,Combined TRACON& Tower with Radar,0,9,15,0,24,0,0,8,1,9,0,9,23,1,33,8,0,8,41
07/05/2007,CKB,WV,AEA,CE,Combined TRACON& Tower with Radar,0,7,11,0,18,0,0,0,0,0,0,7,11,0,18,0,0,0,18
07/06/2007,CKB,WV,AEA,CE,Combined TRACON& Tower with Radar,2,15,9,6,32,0,0,39,3,42,2,15,48,9,74,106,0,106,180
07/07/2007,CKB,WV,AEA,CE,Combined TRACON& Tower with Radar,0,4,14,0,18,0,0,40,0,40,0,4,54,0,58,82,0,82,140
07/08/2007,CKB,WV,AEA,CE,Combined TRACON& Tower with Radar,0,4,9,0,13,0,0,21,1,22,0,4,30,1,35,86,0,86,121
07/09/2007,CKB,WV,AEA,CE,Combined TRACON& Tower with Radar,0,10,5,7,22,0,2,27,5,34,0,12,32,12,56,0,18,18,74
07/10/2007,CKB,WV,AEA,CE,Combined TRACON& Tower with Radar,0,8,9,14,31,0,0,0,0,0,0,8,9,14,31,36,70,106,137
07/11/2007,CKB,WV,AEA,CE,Combined TRACON& Tower with Radar,0,10,5,1,16,0,0,0,0,0,0,10,5,1,16,0,0,0,16
07/12/2007,CKB,WV,AEA,CE,Combined TRACON& Tower with Radar,0,10,12,9,31,0,0,20,3,23,0,10,32,12,54,84,20,104,158
07/13/2007,CKB,WV,AEA,CE,Combined TRACON& Tower with Radar,0,7,8,9,24,0,0,31,10,41,0,7,39,19,65,120,78,198,263
07/14/2007,CKB,WV,AEA,CE,Combined TRACON& Tower with Radar,0,8,2,0,10,0,0,27,0,27,0,8,29,0,37,62,0,62,99
07/15/2007,CKB,WV,AEA,CE,Combined TRACON& Tower with Radar,0,6,9,0,15,0,0,16,0,16,0,6,25,0,31,52,0,52,83
07/16/2007,CKB,WV,AEA,CE,Combined TRACON& Tower with Radar,0,10,33,9,52,0,0,53,7,60,0,10,86,16,112,116,72,188,300
07/17/2007,CKB,WV,AEA,CE,Combined TRACON& Tower with Radar,0,9,10,13,32,0,2,32,18,52,0,11,42,31,84,48,116,164,248
07/18/2007,CKB,WV,AEA,CE,Combined TRACON& Tower with Radar,0,12,31,13,56,0,0,17,30,47,0,12,48,43,103,30,100,130,233
07/19/2007,CKB,WV,AEA,CE,Combined TRACON& Tower with Radar,0,9,12,7,28,0,0,6,6,12,0,9,18,13,40,22,20,42,82
07/20/2007,CKB,WV,AEA,CE,Combined TRACON& Tower with Radar,0,9,13,12,34,0,0,39,38,77,0,9,52,50,111,78,150,228,339
07/21/2007,CKB,WV,AEA,CE,Combined TRACON& Tower with Radar,0,6,13,4,23,0,0,47,0,47,0,6,60,4,70,48,0,48,118
07/22/2007,CKB,WV,AEA,CE,Combined TRACON& Tower with Radar,0,5,8,3,16,0,0,32,0,32,0,5,40,3,48,30,0,30,78
07/23/2007,CKB,WV,AEA,CE,Combined TRACON& Tower with Radar,0,7,16,16,39,1,0,41,14,56,1,7,57,30,95,46,70,116,211
07/24/2007,CKB,WV,AEA,CE,Combined TRACON& Tower with Radar,0,5,9,4,18,0,0,16,29,45,0,5,25,33,63,24,156,180,243
07/25/2007,CKB,WV,AEA,CE,Combined TRACON& Tower with Radar,0,9,16,18,43,0,0,21,27,48,0,9,37,45,91,98,98,196,287
07/26/2007,CKB,WV,AEA,CE,Combined TRACON& Tower with Radar,0,12,11,10,33,0,0,16,47,63,0,12,27,57,96,32,88,120,216
07/27/2007,CKB,WV,AEA,CE,Combined TRACON& Tower with Radar,0,6,5,5,16,0,0,0,41,41,0,6,5,46,57,0,110,110,167
07/28/2007,CKB,WV,AEA,CE,Combined TRACON& Tower with Radar,0,7,8,4,19,0,0,17,4,21,0,7,25,8,40,64,46,110,150
07/29/2007,CKB,WV,AEA,CE,Combined TRACON& Tower with Radar,0,6,5,0,11,0,0,12,0,12,0,6,17,0,23,56,0,56,79
07/30/2007,CKB,WV,AEA,CE,Combined TRACON& Tower with Radar,0,6,15,17,38,0,0,13,22,35,0,6,28,39,73,20,66,86,159
07/31/2007,CKB,WV,AEA,CE,Combined TRACON& Tower with Radar,0,17,30,17,64,0,0,13,15,28,0,17,43,32,92,24,82,106,198
08/01/2007,CKB,WV,AEA,CE,Combined TRACON& Tower with Radar,0,10,8,18,36,0,0,25,22,47,0,10,33,40,83,49,118,167,250
08/02/2007,CKB,WV,AEA,CE,Combined TRACON& Tower with Radar,0,7,17,14,38,0,0,15,21,36,0,7,32,35,74,32,110,142,216
08/03/2007,CKB,WV,AEA,CE,Combined TRACON& Tower with Radar,0,7,12,11,30,0,0,27,47,74,0,7,39,58,104,30,122,152,256
08/04/2007,CKB,WV,AEA,CE,Combined TRACON& Tower with Radar,0,5,12,0,17,0,0,20,0,20,0,5,32,0,37,68,0,68,105
08/05/2007,CKB,WV,AEA,CE,Combined TRACON& Tower with Radar,0,6,12,0,18,0,0,0,0,0,0,6,12,0,18,0,0,0,18
08/06/2007,CKB,WV,AEA,CE,Combined TRACON& Tower with Radar,0,6,20,22,48,0,3,9,0,12,0,9,29,22,60,0,12,12,72
08/07/2007,CKB,WV,AEA,CE,Combined TRACON& Tower with Radar,0,16,24,28,68,0,0,18,3,21,0,16,42,31,89,26,52,78,167
08/08/2007,CKB,WV,AEA,CE,Combined TRACON& Tower with Radar,0,8,15,7,30,0,0,30,20,50,0,8,45,27,80,76,90,166,246
08/09/2007,CKB,WV,AEA,CE,Combined TRACON& Tower with Radar,0,10,12,16,38,0,0,13,7,20,0,10,25,23,58,40,78,118,176
08/10/2007,CKB,WV,AEA,CE,Combined TRACON& Tower with Radar,0,11,18,25,54,0,0,16,6,22,0,11,34,31,76,76,44,120,196
08/11/2007,CKB,WV,AEA,CE,Combined TRACON& Tower with Radar,0,5,18,0,23,0,0,32,0,32,0,5,50,0,55,72,0,72,127
08/12/2007,CKB,WV,AEA,CE,Combined TRACON& Tower with Radar,0,5,6,1,12,0,0,25,0,25,0,5,31,1,37,12,0,12,49
08/13/2007,CKB,WV,AEA,CE,Combined TRACON& Tower with Radar,0,9,9,8,26,0,0,32,7,39,0,9,41,15,65,46,22,68,133
08/14/2007,CKB,WV,AEA,CE,Combined TRACON& Tower with Radar,0,7,14,14,35,0,0,20,2,22,0,7,34,16,57,2,50,52,109
08/15/2007,CKB,WV,AEA,CE,Combined TRACON& Tower with Radar,0,9,32,24,65,0,0,40,17,57,0,9,72,41,122,84,98,182,304
08/16/2007,CKB,WV,AEA,CE,Combined TRACON& Tower with Radar,0,7,6,20,33,0,0,20,32,52,0,7,26,52,85,4,138,142,227
08/17/2007,CKB,WV,AEA,CE,Combined TRACON& Tower with Radar,0,10,12,9,31,0,0,9,7,16,0,10,21,16,47,14,26,40,87
08/18/2007,CKB,WV,AEA,CE,Combined TRACON& Tower with Radar,0,5,11,4,20,0,6,33,1,40,0,11,44,5,60,41,0,41,101
08/19/2007,CKB,WV,AEA,CE,Combined TRACON& Tower with Radar,0,5,14,0,19,0,0,3,0,3,0,5,17,0,22,10,0,10,32
08/20/2007,CKB,WV,AEA,CE,Combined TRACON& Tower with Radar,0,5,11,1,17,0,0,6,0,6,0,5,17,1,23,18,0,18,41
08/21/2007,CKB,WV,AEA,CE,Combined TRACON& Tower with Radar,0,11,22,11,44,0,0,4,5,9,0,11,26,16,53,0,36,36,89
08/22/2007,CKB,WV,AEA,CE,Combined TRACON& Tower with Radar,0,8,13,25,46,0,0,10,14,24,0,8,23,39,70,6,20,26,96
08/23/2007,CKB,WV,AEA,CE,Combined TRACON& Tower with Radar,0,7,17,5,29,0,0,25,25,50,0,7,42,30,79,20,140,160,239
08/24/2007,CKB,WV,AEA,CE,Combined TRACON& Tower with Radar,0,8,16,9,33,0,0,34,15,49,0,8,50,24,82,26,30,56,138
08/25/2007,CKB,WV,AEA,CE,Combined TRACON& Tower with Radar,0,7,4,1,12,0,0,37,0,37,0,7,41,1,49,78,0,78,127
08/26/2007,CKB,WV,AEA,CE,Combined TRACON& Tower with Radar,0,6,9,0,15,0,0,20,0,20,0,6,29,0,35,62,0,62,97
08/27/2007,CKB,WV,AEA,CE,Combined TRACON& Tower with Radar,0,14,13,6,33,0,0,14,10,24,0,14,27,16,57,34,10,44,101
08/28/2007,CKB,WV,AEA,CE,Combined TRACON& Tower with Radar,0,8,3,19,30,0,0,35,16,51,0,8,38,35,81,42,84,126,207
08/29/2007,CKB,WV,AEA,CE,Combined TRACON& Tower with Radar,0,9,15,15,39,0,0,52,18,70,0,9,67,33,109,150,28,178,287
08/30/2007,CKB,WV,AEA,CE,Combined TRACON& Tower with Radar,1,15,11,12,39,0,0,11,15,26,1,15,22,27,65,42,122,164,229
08/31/2007,CKB,WV,AEA,CE,Combined TRACON& Tower with Radar,0,14,13,11,38,0,0,24,28,52,0,14,37,39,90,14,38,52,142
09/01/2007,CKB,WV,AEA,CE,Combined TRACON& Tower with Radar,0,7,4,0,11,0,0,41,4,45,0,7,45,4,56,18,10,28,84
09/02/2007,CKB,WV,AEA,CE,Combined TRACON& Tower with Radar,0,9,7,0,16,0,0,28,0,28,0,9,35,0,44,0,0,0,44
09/03/2007,CKB,WV,AEA,CE,Combined TRACON& Tower with Radar,0,7,9,0,16,0,0,23,2,25,0,7,32,2,41,60,16,76,117
09/04/2007,CKB,WV,AEA,CE,Combined TRACON& Tower with Radar,0,6,38,20,64,0,0,40,45,85,0,6,78,65,149,128,186,314,463
09/05/2007,CKB,WV,AEA,CE,Combined TRACON& Tower with Radar,0,9,24,20,53,0,0,35,40,75,0,9,59,60,128,62,122,184,312
09/06/2007,CKB,WV,AEA,CE,Combined TRACON& Tower with Radar,0,11,19,40,70,0,0,32,29,61,0,11,51,69,131,108,110,218,349
09/07/2007,CKB,WV,AEA,CE,Combined TRACON& Tower with Radar,0,7,9,11,27,0,1,60,32,93,0,8,69,43,120,100,124,224,344
09/08/2007,CKB,WV,AEA,CE,Combined TRACON& Tower with Radar,0,7,11,11,29,0,0,33,4,37,0,7,44,15,66,0,10,10,76
09/09/2007,CKB,WV,AEA,CE,Combined TRACON& Tower with Radar,0,4,12,4,20,0,0,15,3,18,0,4,27,7,38,8,0,8,46
09/10/2007,CKB,WV,AEA,CE,Combined TRACON& Tower with Radar,0,9,8,26,43,0,9,27,22,58,0,18,35,48,101,18,58,76,177
09/11/2007,CKB,WV,AEA,CE,Combined TRACON& Tower with Radar,0,8,14,6,28,0,0,3,2,5,0,8,17,8,33,0,26,26,59
09/12/2007,CKB,WV,AEA,CE,Combined TRACON& Tower with Radar,0,8,13,18,39,0,1,44,35,80,0,9,57,53,119,28,120,148,267
09/13/2007,CKB,WV,AEA,CE,Combined TRACON& Tower with Radar,0,7,10,21,38,0,0,41,24,65,0,7,51,45,103,63,126,189,292
09/14/2007,CKB,WV,AEA,CE,Combined TRACON& Tower with Radar,0,6,16,21,43,0,0,15,21,36,0,6,31,42,79,16,100,116,195
09/15/2007,CKB,WV,AEA,CE,Combined TRACON& Tower with Radar,0,7,12,0,19,0,0,29,1,30,0,7,41,1,49,36,0,36,85
09/16/2007,CKB,WV,AEA,CE,Combined TRACON& Tower with Radar,0,11,6,2,19,0,0,26,0,26,0,11,32,2,45,12,0,12,57
09/17/2007,CKB,WV,AEA,CE,Combined TRACON& Tower with Radar,0,9,14,16,39,0,0,36,18,54,0,9,50,34,93,50,10,60,153
09/18/2007,CKB,WV,AEA,CE,Combined TRACON& Tower with Radar,0,7,14,17,38,0,0,45,21,66,0,7,59,38,104,75,114,189,293
09/19/2007,CKB,WV,AEA,CE,Combined TRACON& Tower with Radar,1,7,16,34,58,0,0,36,11,47,1,7,52,45,105,50,40,90,195
09/20/2007,CKB,WV,AEA,CE,Combined TRACON& Tower with Radar,0,8,22,25,55,0,0,34,22,56,0,8,56,47,111,26,70,96,207
09/21/2007,CKB,WV,AEA,CE,Combined TRACON& Tower with Radar,0,0,18,24,42,0,0,57,12,69,0,0,75,36,111,50,46,96,207
09/22/2007,CKB,WV,AEA,CE,Combined TRACON& Tower with Radar,3,5,13,2,23,0,0,18,3,21,3,5,31,5,44,69,6,75,119
09/23/2007,CKB,WV,AEA,CE,Combined TRACON& Tower with Radar,0,6,11,0,17,0,18,42,0,60,0,24,53,0,77,24,0,24,101
09/24/2007,CKB,WV,AEA,CE,Combined TRACON& Tower with Radar,1,9,18,19,47,0,2,53,2,57,1,11,71,21,104,108,12,120,224
09/25/2007,CKB,WV,AEA,CE,Combined TRACON& Tower with Radar,0,17,10,19,46,0,1,58,17,76,0,18,68,36,122,36,38,74,196
09/26/2007,CKB,WV,AEA,CE,Combined TRACON& Tower with Radar,0,12,32,18,62,0,2,49,14,65,0,14,81,32,127,62,54,116,243
09/27/2007,CKB,WV,AEA,CE,Combined TRACON& Tower with Radar,0,7,15,6,28,0,1,24,23,48,0,8,39,29,76,62,52,114,190
09/28/2007,CKB,WV,AEA,CE,Combined TRACON& Tower with Radar,0,10,22,9,41,0,0,13,3,16,0,10,35,12,57,0,20,20,77
09/29/2007,CKB,WV,AEA,CE,Combined TRACON& Tower with Radar,0,7,2,0,9,0,0,24,1,25,0,7,26,1,34,14,0,14,48
09/30/2007,CKB,WV,AEA,CE,Combined TRACON& Tower with Radar,0,6,21,0,27,0,0,40,0,40,0,6,61,0,67,60,0,60,127
10/01/2007,CKB,WV,AEA,CE,Combined TRACON& Tower with Radar,0,7,17,14,38,0,0,47,22,69,0,7,64,36,107,82,94,176,283
10/02/2007,CKB,WV,AEA,CE,Combined TRACON& Tower with Radar,0,10,21,19,50,0,0,49,29,78,0,10,70,48,128,84,108,192,320
10/03/2007,CKB,WV,AEA,CE,Combined TRACON& Tower with Radar,0,13,25,18,56,0,0,50,26,76,0,13,75,44,132,120,112,232,364
10/04/2007,CKB,WV,AEA,CE,Combined TRACON& Tower with Radar,0,8,21,0,29,0,0,60,55,115,0,8,81,55,144,100,152,252,396
10/05/2007,CKB,WV,AEA,CE,Combined TRACON& Tower with Radar,2,6,29,19,56,0,4,43,22,69,2,10,72,41,125,84,104,188,313
10/06/2007,CKB,WV,AEA,CE,Combined TRACON& Tower with Radar,2,4,14,1,21,0,1,36,1,38,2,5,50,2,59,36,4,40,99
10/07/2007,CKB,WV,AEA,CE,Combined TRACON& Tower with Radar,0,6,12,0,18,0,0,32,3,35,0,6,44,3,53,110,32,142,195
10/08/2007,CKB,WV,AEA,CE,Combined TRACON& Tower with Radar,0,10,18,0,28,0,0,56,0,56,0,10,74,0,84,88,0,88,172
10/09/2007,CKB,WV,AEA,CE,Combined TRACON& Tower with Radar,0,6,17,13,36,0,0,27,17,44,0,6,44,30,80,28,74,102,182
10/10/2007,CKB,WV,AEA,CE,Combined TRACON& Tower with Radar,0,7,23,7,37,0,1,32,8,41,0,8,55,15,78,42,46,88,166
10/11/2007,CKB,WV,AEA,CE,Combined TRACON& Tower with Radar,0,6,25,5,36,0,0,9,7,16,0,6,34,12,52,36,44,80,132
10/12/2007,CKB,WV,AEA,CE,Combined TRACON& Tower with Radar,0,6,14,7,27,0,0,21,0,21,0,6,35,7,48,68,30,98,146
10/13/2007,CKB,WV,AEA,CE,Combined TRACON& Tower with Radar,1,4,8,4,17,0,0,43,0,43,1,4,51,4,60,12,0,12,72
10/14/2007,CKB,WV,AEA,CE,Combined TRACON& Tower with Radar,0,6,3,0,9,0,2,28,0,30,0,8,31,0,39,30,0,30,69
10/15/2007,CKB,WV,AEA,CE,Combined TRACON& Tower with Radar,0,13,14,7,34,0,0,85,29,114,0,13,99,36,148,234,64,298,446
10/16/2007,CKB,WV,AEA,CE,Combined TRACON& Tower with Radar,1,10,21,11,43,0,0,48,37,85,1,10,69,48,128,194,196,390,518
10/17/2007,CKB,WV,AEA,CE,Combined TRACON& Tower with Radar,0,6,20,24,50,0,0,66,32,98,0,6,86,56,148,134,129,263,411
10/18/2007,CKB,WV,AEA,CE,Combined TRACON& Tower with Radar,1,8,24,10,43,0,0,62,20,82,1,8,86,30,125,112,48,160,285
10/19/2007,CKB,WV,AEA,CE,Combined TRACON& Tower with Radar,0,8,19,10,37,0,0,9,14,23,0,8,28,24,60,0,42,42,102
10/20/2007,CKB,WV,AEA,CE,Combined TRACON& Tower with Radar,1,6,6,11,24,0,0,14,7,21,1,6,20,18,45,0,10,10,55
10/21/2007,CKB,WV,AEA,CE,Combined TRACON& Tower with Radar,0,10,13,4,27,0,0,36,0,36,0,10,49,4,63,14,0,14,77
10/22/2007,CKB,WV,AEA,CE,Combined TRACON& Tower with Radar,0,7,10,5,22,0,7,80,85,172,0,14,90,90,194,208,184,392,586
10/23/2007,CKB,WV,AEA,CE,Combined TRACON& Tower with Radar,0,11,9,8,28,0,0,5,63,68,0,11,14,71,96,2,248,250,346
10/24/2007,CKB,WV,AEA,CE,Combined TRACON& Tower with Radar,0,10,20,3,33,0,1,0,12,13,0,11,20,15,46,0,10,10,56
10/25/2007,CKB,WV,AEA,CE,Combined TRACON& Tower with Radar,4,14,16,16,50,0,0,21,72,93,4,14,37,88,143,36,186,222,365
10/26/2007,CKB,WV,AEA,CE,Combined TRACON& Tower with Radar,2,12,13,10,37,0,0,22,50,72,2,12,35,60,109,80,188,268,377
10/27/2007,CKB,WV,AEA,CE,Combined TRACON& Tower with Radar,2,6,13,10,31,0,0,18,71,89,2,6,31,81,120,12,180,192,312
10/28/2007,CKB,WV,AEA,CE,Combined TRACON& Tower with Radar,0,5,14,1,20,0,0,36,1,37,0,5,50,2,57,146,0,146,203
10/29/2007,CKB,WV,AEA,CE,Combined TRACON& Tower with Radar,0,12,16,20,48,0,0,61,84,145,0,12,77,104,193,136,236,372,565
10/30/2007,CKB,WV,AEA,CE,Combined TRACON& Tower with Radar,0,9,30,15,54,0,0,87,76,163,0,9,117,91,217,172,308,480,697
10/31/2007,CKB,WV,AEA,CE,Combined TRACON& Tower with Radar,0,14,8,26,48,0,0,59,69,128,0,14,67,95,176,78,230,308,484
11/01/2007,CKB,WV,AEA,CE,Combined TRACON& Tower with Radar,1,8,16,23,48,0,0,19,17,36,1,8,35,40,84,76,148,224,308
11/02/2007,CKB,WV,AEA,CE,Combined TRACON& Tower with Radar,0,11,12,12,35,0,1,79,62,142,0,12,91,74,177,200,188,388,565
11/03/2007,CKB,WV,AEA,CE,Combined TRACON& Tower with Radar,0,4,5,21,30,0,0,49,12,61,0,4,54,33,91,48,34,82,173
11/04/2007,CKB,WV,AEA,CE,Combined TRACON& Tower with Radar,0,6,15,0,21,0,5,35,5,45,0,11,50,5,66,0,2,2,68
11/05/2007,CKB,WV,AEA,CE,Combined TRACON& Tower with Radar,0,7,17,19,43,0,0,45,45,90,0,7,62,64,133,92,128,220,353
11/06/2007,CKB,WV,AEA,CE,Combined TRACON& Tower with Radar,0,9,10,11,30,0,0,37,26,63,0,9,47,37,93,54,112,166,259
11/07/2007,CKB,WV,AEA,CE,Combined TRACON& Tower with Radar,2,7,10,54,73,0,0,37,16,53,2,7,47,70,126,130,102,232,358
11/08/2007,CKB,WV,AEA,CE,Combined TRACON& Tower with Radar,0,11,8,30,49,0,0,51,6,57,0,11,59,36,106,88,54,142,248
11/09/2007,CKB,WV,AEA,CE,Combined TRACON& Tower with Radar,0,13,16,30,59,0,0,0,0,0,0,13,16,30,59,186,40,226,285
11/10/2007,CKB,WV,AEA,CE,Combined TRACON& Tower with Radar,0,6,7,0,13,0,0,16,0,16,0,6,23,0,29,90,0,90,119
11/11/2007,CKB,WV,AEA,CE,Combined TRACON& Tower with Radar,0,5,9,0,14,0,3,10,1,14,0,8,19,1,28,70,0,70,98
11/12/2007,CKB,WV,AEA,CE,Combined TRACON& Tower with Radar,0,6,16,15,37,0,0,27,0,27,0,6,43,15,64,62,0,62,126
11/13/2007,CKB,WV,AEA,CE,Combined TRACON& Tower with Radar,0,12,19,27,58,0,4,13,3,20,0,16,32,30,78,18,0,18,96
11/14/2007,CKB,WV,AEA,CE,Combined TRACON& Tower with Radar,0,9,25,31,65,0,0,7,0,7,0,9,32,31,72,76,38,114,186
11/15/2007,CKB,WV,AEA,CE,Combined TRACON& Tower with Radar,0,18,22,0,40,0,0,13,0,13,0,18,35,0,53,26,0,26,79
11/16/2007,CKB,WV,AEA,CE,Combined TRACON& Tower with Radar,0,9,13,7,29,0,0,15,3,18,0,9,28,10,47,30,10,40,87
11/17/2007,CKB,WV,AEA,CE,Combined TRACON& Tower with Radar,0,9,7,6,22,0,0,21,1,22,0,9,28,7,44,44,0,44,88
11/18/2007,CKB,WV,AEA,CE,Combined TRACON& Tower with Radar,0,6,14,5,25,0,0,22,0,22,0,6,36,5,47,102,0,102,149
11/19/2007,CKB,WV,AEA,CE,Combined TRACON& Tower with Radar,0,6,16,3,25,0,10,15,34,59,0,16,31,37,84,14,78,92,176
11/20/2007,CKB,WV,AEA,CE,Combined TRACON& Tower with Radar,0,11,9,5,25,0,0,0,30,30,0,11,9,35,55,0,76,76,131
11/21/2007,CKB,WV,AEA,CE,Combined TRACON& Tower with Radar,0,9,9,4,22,0,0,24,16,40,0,9,33,20,62,80,12,92,154
11/22/2007,CKB,WV,AEA,CE,Combined TRACON& Tower with Radar,0,3,0,0,3,0,2,0,0,2,0,5,0,0,5,0,0,0,5
11/23/2007,CKB,WV,AEA,CE,Combined TRACON& Tower with Radar,0,4,3,0,7,0,0,9,0,9,0,4,12,0,16,0,0,0,16
11/24/2007,CKB,WV,AEA,CE,Combined TRACON& Tower with Radar,2,7,6,0,15,0,0,21,0,21,2,7,27,0,36,60,0,60,96
11/25/2007,CKB,WV,AEA,CE,Combined TRACON& Tower with Radar,0,12,15,0,27,0,0,32,0,32,0,12,47,0,59,10,0,10,69
11/26/2007,CKB,WV,AEA,CE,Combined TRACON& Tower with Radar,0,10,11,0,21,0,0,10,18,28,0,10,21,18,49,8,32,40,89
11/27/2007,CKB,WV,AEA,CE,Combined TRACON& Tower with Radar,0,7,17,4,28,0,0,26,24,50,0,7,43,28,78,52,112,164,242
11/28/2007,CKB,WV,AEA,CE,Combined TRACON& Tower with Radar,0,9,14,12,35,0,0,28,14,42,0,9,42,26,77,128,84,212,289
11/29/2007,CKB,WV,AEA,CE,Combined TRACON& Tower with Radar,0,9,17,7,33,0,0,12,2,14,0,9,29,9,47,26,10,36,83
11/30/2007,CKB,WV,AEA,CE,Combined TRACON& Tower with Radar,0,10,11,5,26,0,0,50,5,55,0,10,61,10,81,92,42,134,215
12/01/2007,CKB,WV,AEA,CE,Combined TRACON& Tower with Radar,1,7,10,2,20,0,0,20,0,20,1,7,30,2,40,22,0,22,62
12/02/2007,CKB,WV,AEA,CE,Combined TRACON& Tower with Radar,0,3,5,2,10,0,0,0,0,0,0,3,5,2,10,0,0,0,10
12/03/2007,CKB,WV,AEA,CE,Combined TRACON& Tower with Radar,0,8,6,0,14,0,0,1,0,1,0,8,7,0,15,0,0,0,15
12/04/2007,CKB,WV,AEA,CE,Combined TRACON& Tower with Radar,0,15,15,0,30,0,0,4,23,27,0,15,19,23,57,0,28,28,85
12/05/2007,CKB,WV,AEA,CE,Combined TRACON& Tower with Radar,0,5,4,0,9,0,0,0,0,0,0,5,4,0,9,0,0,0,9
12/06/2007,CKB,WV,AEA,CE,Combined TRACON& Tower with Radar,0,11,15,13,39,0,0,20,5,25,0,11,35,18,64,100,18,118,182
12/07/2007,CKB,WV,AEA,CE,Combined TRACON& Tower with Radar,0,11,10,0,21,0,0,0,0,0,0,11,10,0,21,0,0,0,21
12/08/2007,CKB,WV,AEA,CE,Combined TRACON& Tower with Radar,0,6,5,6,17,0,0,0,0,0,0,6,5,6,17,0,0,0,17
12/09/2007,CKB,WV,AEA,CE,Combined TRACON& Tower with Radar,0,8,12,10,30,0,0,0,0,0,0,8,12,10,30,0,0,0,30
12/10/2007,CKB,WV,AEA,CE,Combined TRACON& Tower with Radar,0,10,3,2,15,0,0,0,0,0,0,10,3,2,15,0,0,0,15
12/11/2007,CKB,WV,AEA,CE,Combined TRACON& Tower with Radar,0,11,20,19,50,0,0,28,25,53,0,11,48,44,103,42,104,146,249
12/12/2007,CKB,WV,AEA,CE,Combined TRACON& Tower with Radar,0,11,15,20,46,0,0,0,0,0,0,11,15,20,46,0,0,0,46
12/13/2007,CKB,WV,AEA,CE,Combined TRACON& Tower with Radar,0,7,0,0,7,0,0,0,0,0,0,7,0,0,7,0,0,0,7
12/14/2007,CKB,WV,AEA,CE,Combined TRACON& Tower with Radar,0,9,8,4,21,0,0,19,0,19,0,9,27,4,40,52,0,52,92
12/15/2007,CKB,WV,AEA,CE,Combined TRACON& Tower with Radar,0,4,9,0,13,0,0,9,3,12,0,4,18,3,25,74,22,96,121
12/16/2007,CKB,WV,AEA,CE,Combined TRACON& Tower with Radar,0,11,0,0,11,0,0,0,0,0,0,11,0,0,11,0,0,0,11
12/17/2007,CKB,WV,AEA,CE,Combined TRACON& Tower with Radar,0,10,16,5,31,0,0,2,0,2,0,10,18,5,33,0,0,0,33
12/18/2007,CKB,WV,AEA,CE,Combined TRACON& Tower with Radar,0,10,21,10,41,0,0,40,10,50,0,10,61,20,91,74,18,92,183
12/19/2007,CKB,WV,AEA,CE,Combined TRACON& Tower with Radar,0,11,6,4,21,0,0,7,0,7,0,11,13,4,28,8,0,8,36
12/20/2007,CKB,WV,AEA,CE,Combined TRACON& Tower with Radar,0,13,25,11,49,0,0,25,8,33,0,13,50,19,82,134,18,152,234
12/21/2007,CKB,WV,AEA,CE,Combined TRACON& Tower with Radar,0,18,15,8,41,0,0,28,0,28,0,18,43,8,69,122,2,124,193
12/22/2007,CKB,WV,AEA,CE,Combined TRACON& Tower with Radar,0,9,9,1,19,0,0,13,1,14,0,9,22,2,33,56,0,56,89
12/23/2007,CKB,WV,AEA,CE,Combined TRACON& Tower with Radar,0,9,0,0,9,0,0,2,0,2,0,9,2,0,11,2,0,2,13
12/24/2007,CKB,WV,AEA,CE,Combined TRACON& Tower with Radar,0,7,2,0,9,0,0,2,0,2,0,7,4,0,11,0,0,0,11
12/25/2007,CKB,WV,AEA,CE,Combined TRACON& Tower with Radar,0,3,2,0,5,0,0,4,0,4,0,3,6,0,9,0,0,0,9
12/26/2007,CKB,WV,AEA,CE,Combined TRACON& Tower with Radar,0,10,6,0,16,0,0,10,0,10,0,10,16,0,26,58,0,58,84
12/27/2007,CKB,WV,AEA,CE,Combined TRACON& Tower with Radar,0,11,3,0,14,0,1,6,0,7,0,12,9,0,21,14,0,14,35
12/28/2007,CKB,WV,AEA,CE,Combined TRACON& Tower with Radar,0,9,15,0,24,0,0,72,0,72,0,9,87,0,96,72,0,72,168
12/29/2007,CKB,WV,AEA,CE,Combined TRACON& Tower with Radar,0,7,7,0,14,0,0,11,0,11,0,7,18,0,25,88,0,88,113
12/30/2007,CKB,WV,AEA,CE,Combined TRACON& Tower with Radar,1,6,1,0,8,0,0,3,0,3,1,6,4,0,11,0,0,0,11
12/31/2007,CKB,WV,AEA,CE,Combined TRACON& Tower with Radar,0,7,8,0,15,0,0,13,0,13,0,7,21,0,28,6,0,6,34
01/01/2008,CKB,WV,AEA,CE,Combined TRACON& Tower with Radar,0,1,3,0,4,0,4,0,0,4,0,5,3,0,8,0,0,0,8
01/02/2008,CKB,WV,AEA,CE,Combined TRACON& Tower with Radar,0,11,5,0,16,0,0,0,0,0,0,11,5,0,16,0,0,0,16
01/03/2008,CKB,WV,AEA,CE,Combined TRACON& Tower with Radar,2,10,9,1,22,0,0,1,0,1,2,10,10,1,23,0,6,6,29
01/04/2008,CKB,WV,AEA,CE,Combined TRACON& Tower with Radar,0,10,6,6,22,0,0,13,6,19,0,10,19,12,41,4,10,14,55
01/05/2008,CKB,WV,AEA,CE,Combined TRACON& Tower with Radar,1,6,4,2,13,0,0,13,2,15,1,6,17,4,28,66,0,66,94
01/06/2008,CKB,WV,AEA,CE,Combined TRACON& Tower with Radar,1,2,22,2,27,0,0,0,0,0,1,2,22,2,27,6,0,6,33
01/07/2008,CKB,WV,AEA,CE,Combined TRACON& Tower with Radar,0,7,8,9,24,0,1,28,44,73,0,8,36,53,97,64,50,114,211
01/08/2008,CKB,WV,AEA,CE,Combined TRACON& Tower with Radar,0,8,3,11,22,0,0,4,20,24,0,8,7,31,46,2,60,62,108
01/09/2008,CKB,WV,AEA,CE,Combined TRACON& Tower with Radar,0,9,4,15,28,0,0,15,21,36,0,9,19,36,64,10,130,140,204
01/10/2008,CKB,WV,AEA,CE,Combined TRACON& Tower with Radar,0,10,10,12,32,0,0,7,46,53,0,10,17,58,85,2,146,148,233
01/11/2008,CKB,WV,AEA,CE,Combined TRACON& Tower with Radar,0,8,6,5,19,0,0,5,13,18,0,8,11,18,37,0,32,32,69
01/12/2008,CKB,WV,AEA,CE,Combined TRACON& Tower with Radar,2,9,9,8,28,0,0,54,11,65,2,9,63,19,93,2,122,124,217
01/13/2008,CKB,WV,AEA,CE,Combined TRACON& Tower with Radar,2,6,1,3,12,1,0,20,0,21,3,6,21,3,33,58,0,58,91
01/14/2008,CKB,WV,AEA,CE,Combined TRACON& Tower with Radar,0,9,5,0,14,0,0,0,0,0,0,9,5,0,14,0,0,0,14
01/15/2008,CKB,WV,AEA,CE,Combined TRACON& Tower with Radar,2,10,3,0,15,0,0,0,0,0,2,10,3,0,15,0,0,0,15
01/16/2008,CKB,WV,AEA,CE,Combined TRACON& Tower with Radar,1,16,6,36,59,0,0,19,48,67,1,16,25,84,126,4,214,218,344
01/17/2008,CKB,WV,AEA,CE,Combined TRACON& Tower with Radar,2,7,4,0,13,0,0,0,0,0,2,7,4,0,13,0,0,0,13
01/18/2008,CKB,WV,AEA,CE,Combined TRACON& Tower with Radar,2,10,8,25,45,0,0,15,32,47,2,10,23,57,92,22,104,126,218
01/19/2008,CKB,WV,AEA,CE,Combined TRACON& Tower with Radar,0,6,7,0,13,0,0,9,0,9,0,6,16,0,22,74,0,74,96
01/20/2008,CKB,WV,AEA,CE,Combined TRACON& Tower with Radar,2,7,2,19,30,0,0,3,34,37,2,7,5,53,67,0,112,112,179
01/21/2008,CKB,WV,AEA,CE,Combined TRACON& Tower with Radar,0,8,7,10,25,0,0,33,62,95,0,8,40,72,120,12,214,226,346
01/22/2008,CKB,WV,AEA,CE,Combined TRACON& Tower with Radar,0,9,4,0,13,0,0,0,2,2,0,9,4,2,15,0,6,6,21
01/23/2008,CKB,WV,AEA,CE,Combined TRACON& Tower with Radar,0,10,9,16,35,0,0,35,37,72,0,10,44,53,107,32,138,170,277
01/24/2008,CKB,WV,AEA,CE,Combined TRACON& Tower with Radar,0,13,4,21,38,0,0,13,16,29,0,13,17,37,67,44,64,108,175
01/25/2008,CKB,WV,AEA,CE,Combined TRACON& Tower with Radar,0,5,13,34,52,0,1,21,4,26,0,6,34,38,78,52,18,70,148
01/26/2008,CKB,WV,AEA,CE,Combined TRACON& Tower with Radar,0,6,3,0,9,0,1,12,0,13,0,7,15,0,22,32,0,32,54
01/27/2008,CKB,WV,AEA,CE,Combined TRACON& Tower with Radar,0,4,3,2,9,0,0,0,0,0,0,4,3,2,9,0,0,0,9
01/28/2008,CKB,WV,AEA,CE,Combined TRACON& Tower with Radar,2,15,12,17,46,0,0,31,4,35,2,15,43,21,81,92,14,106,187
01/29/2008,CKB,WV,AEA,CE,Combined TRACON& Tower with Radar,1,9,4,26,40,0,0,3,9,12,1,9,7,35,52,0,60,60,112
01/30/2008,CKB,WV,AEA,CE,Combined TRACON& Tower with Radar,0,8,11,1,20,0,0,7,10,17,0,8,18,11,37,60,56,116,153
01/31/2008,CKB,WV,AEA,CE,Combined TRACON& Tower with Radar,0,9,6,19,34,0,0,44,27,71,0,9,50,46,105,80,62,142,247
02/01/2008,CKB,WV,AEA,CE,Combined TRACON& Tower with Radar,0,15,5,0,20,0,0,0,0,0,0,15,5,0,20,0,0,0,20
02/02/2008,CKB,WV,AEA,CE,Combined TRACON& Tower with Radar,0,3,19,5,27,0,0,19,7,26,0,3,38,12,53,0,42,42,95
02/03/2008,CKB,WV,AEA,CE,Combined TRACON& Tower with Radar,0,2,10,4,16,0,0,43,0,43,0,2,53,4,59,86,0,86,145
02/04/2008,CKB,WV,AEA,CE,Combined TRACON& Tower with Radar,0,9,6,1,16,0,0,3,0,3,0,9,9,1,19,40,0,40,59
02/05/2008,CKB,WV,AEA,CE,Combined TRACON& Tower with Radar,0,7,8,8,23,0,0,12,18,30,0,7,20,26,53,54,104,158,211
02/06/2008,CKB,WV,AEA,CE,Combined TRACON& Tower with Radar,0,7,7,7,21,0,0,5,1,6,0,7,12,8,27,0,18,18,45
02/07/2008,CKB,WV,AEA,CE,Combined TRACON& Tower with Radar,0,9,12,6,27,0,0,23,30,53,0,9,35,36,80,88,90,178,258
02/08/2008,CKB,WV,AEA,CE,Combined TRACON& Tower with Radar,0,10,7,6,23,0,0,9,0,9,0,10,16,6,32,106,2,108,140
02/09/2008,CKB,WV,AEA,CE,Combined TRACON& Tower with Radar,0,2,3,0,5,0,0,12,0,12,0,2,15,0,17,74,0,74,91
02/10/2008,CKB,WV,AEA,CE,Combined TRACON& Tower with Radar,0,3,0,0,3,0,0,2,0,2,0,3,2,0,5,0,0,0,5
02/11/2008,CKB,WV,AEA,CE,Combined TRACON& Tower with Radar,0,11,7,16,34,0,0,30,48,78,0,11,37,64,112,50,162,212,324
02/12/2008,CKB,WV,AEA,CE,Combined TRACON& Tower with Radar,0,9,5,0,14,0,2,0,0,2,0,11,5,0,16,0,0,0,16
02/13/2008,CKB,WV,AEA,CE,Combined TRACON& Tower with Radar,0,3,8,0,11,3,5,0,0,8,3,8,8,0,19,0,0,0,19
02/14/2008,CKB,WV,AEA,CE,Combined TRACON& Tower with Radar,1,7,14,14,36,0,0,34,49,83,1,7,48,63,119,60,180,240,359
02/15/2008,CKB,WV,AEA,CE,Combined TRACON& Tower with Radar,0,6,13,11,30,1,4,10,60,75,1,10,23,71,105,38,170,208,313
02/16/2008,CKB,WV,AEA,CE,Combined TRACON& Tower with Radar,2,4,2,7,15,0,0,13,20,33,2,4,15,27,48,28,142,170,218
02/17/2008,CKB,WV,AEA,CE,Combined TRACON& Tower with Radar,0,9,1,0,10,0,0,2,3,5,0,9,3,3,15,14,0,14,29
02/18/2008,CKB,WV,AEA,CE,Combined TRACON& Tower with Radar,1,9,10,0,20,0,0,4,0,4,1,9,14,0,24,12,0,12,36
02/19/2008,CKB,WV,AEA,CE,Combined TRACON& Tower with Radar,0,15,18,6,39,0,0,1,25,26,0,15,19,31,65,0,102,102,167
02/20/2008,CKB,WV,AEA,CE,Combined TRACON& Tower with Radar,0,10,10,1,21,0,0,0,2,2,0,10,10,3,23,0,10,10,33
02/21/2008,CKB,WV,AEA,CE,Combined TRACON& Tower with Radar,0,12,10,14,36,0,2,34,73,109,0,14,44,87,145,36,218,254,399
02/22/2008,CKB,WV,AEA,CE,Combined TRACON& Tower with Radar,0,12,4,0,16,0,0,0,0,0,0,12,4,0,16,0,0,0,16
02/23/2008,CKB,WV,AEA,CE,Combined TRACON& Tower with Radar,0,7,5,3,15,0,0,3,0,3,0,7,8,3,18,0,0,0,18
02/24/2008,CKB,WV,AEA,CE,Combined TRACON& Tower with Radar,0,5,6,14,25,0,0,10,32,42,0,5,16,46,67,26,198,224,291
02/25/2008,CKB,WV,AEA,CE,Combined TRACON& Tower with Radar,0,9,22,22,53,0,0,14,33,47,0,9,36,55,100,28,142,170,270
02/26/2008,CKB,WV,AEA,CE,Combined TRACON& Tower with Radar,2,11,8,11,32,0,0,0,4,4,2,11,8,15,36,0,22,22,58
02/27/2008,CKB,WV,AEA,CE,Combined TRACON& Tower with Radar,0,14,9,0,23,0,0,0,0,0,0,14,9,0,23,0,0,0,23
02/28/2008,CKB,WV,AEA,CE,Combined TRACON& Tower with Radar,0,7,15,23,45,0,0,26,32,58,0,7,41,55,103,61,204,265,368
02/29/2008,CKB,WV,AEA,CE,Combined TRACON& Tower with Radar,0,11,15,9,35,0,0,11,26,37,0,11,26,35,72,40,192,232,304
03/01/2008,CKB,WV,AEA,CE,Combined TRACON& Tower with Radar,0,8,3,3,14,0,0,8,0,8,0,8,11,3,22,8,0,8,30
03/02/2008,CKB,WV,AEA,CE,Combined TRACON& Tower with Radar,0,6,24,6,36,0,0,52,15,67,0,6,76,21,103,18,84,102,205
03/03/2008,CKB,WV,AEA,CE,Combined TRACON& Tower with Radar,0,11,13,18,42,0,11,38,41,90,0,22,51,59,132,82,150,232,364
03/04/2008,CKB,WV,AEA,CE,Combined TRACON& Tower with Radar,0,7,9,5,21,0,0,0,2,2,0,7,9,7,23,0,0,0,23
03/05/2008,CKB,WV,AEA,CE,Combined TRACON& Tower with Radar,0,12,11,5,28,0,0,9,25,34,0,12,20,30,62,28,114,142,204
03/06/2008,CKB,WV,AEA,CE,Combined TRACON& Tower with Radar,0,12,9,31,52,0,0,50,72,122,0,12,59,103,174,136,222,358,532
03/07/2008,CKB,WV,AEA,CE,Combined TRACON& Tower with Radar,0,18,8,15,41,0,0,10,30,40,0,18,18,45,81,20,116,136,217
03/08/2008,CKB,WV,AEA,CE,Combined TRACON& Tower with Radar,0,4,4,2,10,0,0,0,0,0,0,4,4,2,10,0,0,0,10
03/09/2008,CKB,WV,AEA,CE,Combined TRACON& Tower with Radar,0,5,10,2,17,0,0,17,0,17,0,5,27,2,34,94,0,94,128
03/10/2008,CKB,WV,AEA,CE,Combined TRACON& Tower with Radar,0,6,8,12,26,0,2,10,2,14,0,8,18,14,40,16,46,62,102
03/11/2008,CKB,WV,AEA,CE,Combined TRACON& Tower with Radar,2,16,10,17,45,0,0,20,14,34,2,16,30,31,79,4,56,60,139
03/12/2008,CKB,WV,AEA,CE,Combined TRACON& Tower with Radar,0,9,16,10,35,0,0,22,40,62,0,9,38,50,97,48,148,196,293
03/13/2008,CKB,WV,AEA,CE,Combined TRACON& Tower with Radar,0,10,7,5,22,0,0,10,15,25,0,10,17,20,47,28,156,184,231
03/14/2008,CKB,WV,AEA,CE,Combined TRACON& Tower with Radar,0,6,14,4,24,0,0,10,28,38,0,6,24,32,62,10,56,66,128
03/15/2008,CKB,WV,AEA,CE,Combined TRACON& Tower with Radar,2,10,5,0,17,0,0,2,0,2,2,10,7,0,19,0,0,0,19
03/16/2008,CKB,WV,AEA,CE,Combined TRACON& Tower with Radar,0,6,6,0,12,0,0,9,0,9,0,6,15,0,21,0,0,0,21
03/17/2008,CKB,WV,AEA,CE,Combined TRACON& Tower with Radar,0,6,8,13,27,0,0,13,28,41,0,6,21,41,68,4,128,132,200
03/18/2008,CKB,WV,AEA,CE,Combined TRACON& Tower with Radar,0,11,7,12,30,0,0,0,5,5,0,11,7,17,35,0,20,20,55
03/19/2008,CKB,WV,AEA,CE,Combined TRACON& Tower with Radar,0,7,4,5,16,0,0,3,7,10,0,7,7,12,26,12,50,62,88
03/20/2008,CKB,WV,AEA,CE,Combined TRACON& Tower with Radar,2,8,11,20,41,0,0,22,37,59,2,8,33,57,100,0,88,88,188
03/21/2008,CKB,WV,AEA,CE,Combined TRACON& Tower with Radar,0,10,15,13,38,0,0,47,55,102,0,10,62,68,140,20,164,184,324
03/22/2008,CKB,WV,AEA,CE,Combined TRACON& Tower with Radar,0,5,1,6,12,0,0,4,0,4,0,5,5,6,16,0,0,0,16
03/23/2008,CKB,WV,AEA,CE,Combined TRACON& Tower with Radar,0,4,0,0,4,0,0,5,0,5,0,4,5,0,9,0,0,0,9
03/24/2008,CKB,WV,AEA,CE,Combined TRACON& Tower with Radar,0,11,12,19,42,0,3,22,42,67,0,14,34,61,109,50,144,194,303
03/25/2008,CKB,WV,AEA,CE,Combined TRACON& Tower with Radar,4,7,7,13,31,0,0,14,17,31,4,7,21,30,62,48,86,134,196
03/26/2008,CKB,WV,AEA,CE,Combined TRACON& Tower with Radar,0,10,6,26,42,0,0,36,51,87,0,10,42,77,129,51,198,249,378
03/27/2008,CKB,WV,AEA,CE,Combined TRACON& Tower with Radar,0,9,6,31,46,0,0,4,10,14,0,9,10,41,60,16,28,44,104
03/28/2008,CKB,WV,AEA,CE,Combined TRACON& Tower with Radar,2,7,6,10,25,0,0,0,2,2,2,7,6,12,27,0,0,0,27
03/29/2008,CKB,WV,AEA,CE,Combined TRACON& Tower with Radar,0,5,10,0,15,0,9,42,29,80,0,14,52,29,95,108,32,140,235
03/30/2008,CKB,WV,AEA,CE,Combined TRACON& Tower with Radar,0,4,3,2,9,0,0,1,8,9,0,4,4,10,18,26,0,26,44
03/31/2008,CKB,WV,AEA,CE,Combined TRACON& Tower with Radar,0,12,9,14,35,0,0,27,15,42,0,12,36,29,77,18,24,42,119
04/01/2008,CKB,WV,AEA,CE,Combined TRACON& Tower with Radar,0,6,5,15,26,0,0,20,12,32,0,6,25,27,58,10,134,144,202
04/02/2008,CKB,WV,AEA,CE,Combined TRACON& Tower with Radar,0,7,22,23,52,0,0,42,11,53,0,7,64,34,105,45,128,173,278
04/03/2008,CKB,WV,AEA,CE,Combined TRACON& Tower with Radar,0,5,6,22,33,0,0,10,20,30,0,5,16,42,63,56,80,136,199
04/04/2008,CKB,WV,AEA,CE,Combined TRACON& Tower with Radar,0,9,7,0,16,0,0,4,2,6,0,9,11,2,22,18,0,18,40
04/05/2008,CKB,WV,AEA,CE,Combined TRACON& Tower with Radar,0,5,7,4,16,0,0,29,14,43,0,5,36,18,59,106,14,120,179
04/06/2008,CKB,WV,AEA,CE,Combined TRACON& Tower with Radar,0,5,24,4,33,0,0,72,0,72,0,5,96,4,105,132,0,132,237
04/07/2008,CKB,WV,AEA,CE,Combined TRACON& Tower with Radar,2,13,23,14,52,0,0,53,33,86,2,13,76,47,138,112,98,210,348
04/08/2008,CKB,WV,AEA,CE,Combined TRACON& Tower with Radar,0,9,30,14,53,0,0,50,12,62,0,9,80,26,115,155,108,263,378
04/09/2008,CKB,WV,AEA,CE,Combined TRACON& Tower with Radar,0,9,27,9,45,0,0,14,8,22,0,9,41,17,67,84,50,134,201
04/10/2008,CKB,WV,AEA,CE,Combined TRACON& Tower with Radar,0,11,11,14,36,0,0,33,34,67,0,11,44,48,103,40,114,154,257
04/11/2008,CKB,WV,AEA,CE,Combined TRACON& Tower with Radar,0,12,6,12,30,0,0,1,25,26,0,12,7,37,56,2,84,86,142
04/12/2008,CKB,WV,AEA,CE,Combined TRACON& Tower with Radar,0,5,21,0,26,0,0,11,0,11,0,5,32,0,37,8,0,8,45
04/13/2008,CKB,WV,AEA,CE,Combined TRACON& Tower with Radar,2,7,6,0,15,0,0,1,0,1,2,7,7,0,16,0,0,0,16
04/14/2008,CKB,WV,AEA,CE,Combined TRACON& Tower with Radar,0,9,18,23,50,0,0,21,20,41,0,9,39,43,91,28,148,176,267
04/15/2008,CKB,WV,AEA,CE,Combined TRACON& Tower with Radar,0,12,18,34,64,0,0,44,50,94,0,12,62,84,158,40,186,226,384
04/16/2008,CKB,WV,AEA,CE,Combined TRACON& Tower with Radar,0,8,27,16,51,0,0,40,25,65,0,8,67,41,116,48,110,158,274
04/17/2008,CKB,WV,AEA,CE,Combined TRACON& Tower with Radar,0,11,11,23,45,0,0,65,10,75,0,11,76,33,120,90,98,188,308
04/18/2008,CKB,WV,AEA,CE,Combined TRACON& Tower with Radar,1,12,26,21,60,0,0,50,40,90,1,12,76,61,150,58,132,190,340
04/19/2008,CKB,WV,AEA,CE,Combined TRACON& Tower with Radar,1,11,7,1,20,0,0,15,0,15,1,11,22,1,35,4,0,4,39
04/20/2008,CKB,WV,AEA,CE,Combined TRACON& Tower with Radar,0,4,5,0,9,0,0,12,0,12,0,4,17,0,21,8,0,8,29
04/21/2008,CKB,WV,AEA,CE,Combined TRACON& Tower with Radar,0,6,32,8,46,0,0,35,9,44,0,6,67,17,90,32,16,48,138
04/22/2008,CKB,WV,AEA,CE,Combined TRACON& Tower with Radar,0,8,14,23,45,0,0,65,18,83,0,8,79,41,128,110,138,248,376
04/23/2008,CKB,WV,AEA,CE,Combined TRACON& Tower with Radar,0,9,20,17,46,0,0,28,23,51,0,9,48,40,97,24,108,132,229
04/24/2008,CKB,WV,AEA,CE,Combined TRACON& Tower with Radar,0,7,21,17,45,0,0,37,20,57,0,7,58,37,102,70,164,234,336
04/25/2008,CKB,WV,AEA,CE,Combined TRACON& Tower with Radar,0,9,14,14,37,0,0,32,7,39,0,9,46,21,76,32,96,128,204
04/26/2008,CKB,WV,AEA,CE,Combined TRACON& Tower with Radar,0,5,2,0,7,0,1,15,0,16,0,6,17,0,23,84,0,84,107
04/27/2008,CKB,WV,AEA,CE,Combined TRACON& Tower with Radar,0,9,10,0,19,0,0,33,0,33,0,9,43,0,52,16,0,16,68
04/28/2008,CKB,WV,AEA,CE,Combined TRACON& Tower with Radar,0,13,14,5,32,0,0,0,0,0,0,13,14,5,32,0,0,0,32
04/29/2008,CKB,WV,AEA,CE,Combined TRACON& Tower with Radar,0,8,9,13,30,0,1,6,9,16,0,9,15,22,46,4,16,20,66
04/30/2008,CKB,WV,AEA,CE,Combined TRACON& Tower with Radar,0,13,12,28,53,0,2,18,15,35,0,15,30,43,88,8,80,88,176
05/01/2008,CKB,WV,AEA,CE,Combined TRACON& Tower with Radar,0,17,15,13,45,0,0,22,31,53,0,17,37,44,98,80,72,152,250
05/02/2008,CKB,WV,AEA,CE,Combined TRACON& Tower with Radar,0,5,10,13,28,0,0,26,7,33,0,5,36,20,61,22,78,100,161
05/03/2008,CKB,WV,AEA,CE,Combined TRACON& Tower with Radar,0,6,7,0,13,0,0,9,2,11,0,6,16,2,24,8,14,22,46
05/04/2008,CKB,WV,AEA,CE,Combined TRACON& Tower with Radar,1,6,12,0,19,0,0,30,0,30,1,6,42,0,49,50,0,50,99
05/05/2008,CKB,WV,AEA,CE,Combined TRACON& Tower with Radar,1,14,14,18,47,0,0,30,14,44,1,14,44,32,91,4,62,66,157
05/06/2008,CKB,WV,AEA,CE,Combined TRACON& Tower with Radar,0,12,13,14,39,0,0,40,16,56,0,12,53,30,95,70,136,206,301
05/07/2008,CKB,WV,AEA,CE,Combined TRACON& Tower with Radar,0,8,32,14,54,0,0,46,19,65,0,8,78,33,119,6,110,116,235
05/08/2008,CKB,WV,AEA,CE,Combined TRACON& Tower with Radar,0,18,13,6,37,0,0,1,0,1,0,18,14,6,38,0,0,0,38
05/09/2008,CKB,WV,AEA,CE,Combined TRACON& Tower with Radar,1,12,5,4,22,0,0,0,0,0,1,12,5,4,22,0,0,0,22
05/10/2008,CKB,WV,AEA,CE,Combined TRACON& Tower with Radar,1,5,14,1,21,0,0,20,0,20,1,5,34,1,41,96,0,96,137
05/11/2008,CKB,WV,AEA,CE,Combined TRACON& Tower with Radar,3,5,4,0,12,0,0,2,0,2,3,5,6,0,14,0,0,0,14
05/12/2008,CKB,WV,AEA,CE,Combined TRACON& Tower with Radar,1,12,13,3,29,0,1,3,0,4,1,13,16,3,33,2,0,2,35
05/13/2008,CKB,WV,AEA,CE,Combined TRACON& Tower with Radar,1,9,26,11,47,0,0,24,9,33,1,9,50,20,80,26,58,84,164
05/14/2008,CKB,WV,AEA,CE,Combined TRACON& Tower with Radar,0,9,16,14,39,0,0,8,17,25,0,9,24,31,64,27,75,102,166
05/15/2008,CKB,WV,AEA,CE,Combined TRACON& Tower with Radar,0,10,21,6,37,0,0,12,12,24,0,10,33,18,61,8,76,84,145
05/16/2008,CKB,WV,AEA,CE,Combined TRACON& Tower with Radar,0,10,6,3,19,0,0,0,0,0,0,10,6,3,19,0,0,0,19
05/17/2008,CKB,WV,AEA,CE,Combined TRACON& Tower with Radar,0,9,9,0,18,0,0,9,3,12,0,9,18,3,30,2,0,2,32
05/18/2008,CKB,WV,AEA,CE,Combined TRACON& Tower with Radar,2,8,7,2,19,0,0,6,0,6,2,8,13,2,25,0,0,0,25
05/19/2008,CKB,WV,AEA,CE,Combined TRACON& Tower with Radar,0,15,19,11,45,0,0,26,12,38,0,15,45,23,83,26,16,42,125
05/20/2008,CKB,WV,AEA,CE,Combined TRACON& Tower with Radar,0,13,8,6,27,0,2,14,0,16,0,15,22,6,43,0,8,8,51
05/21/2008,CKB,WV,AEA,CE,Combined TRACON& Tower with Radar,0,5,5,0,10,0,0,11,0,11,0,5,16,0,21,0,25,25,46
05/22/2008,CKB,WV,AEA,CE,Combined TRACON& Tower with Radar,0,7,17,4,28,0,0,14,1,15,0,7,31,5,43,70,14,84,127
05/23/2008,CKB,WV,AEA,CE,Combined TRACON& Tower with Radar,2,3,6,0,11,0,0,44,0,44,2,3,50,0,55,112,0,112,167
05/24/2008,CKB,WV,AEA,CE,Combined TRACON& Tower with Radar,0,3,0,1,4,0,0,23,0,23,0,3,23,1,27,14,0,14,41
05/25/2008,CKB,WV,AEA,CE,Combined TRACON& Tower with Radar,2,3,10,0,15,0,0,20,0,20,2,3,30,0,35,54,0,54,89
05/26/2008,CKB,WV,AEA,CE,Combined TRACON& Tower with Radar,0,5,5,0,10,0,0,23,0,23,0,5,28,0,33,50,0,50,83
05/27/2008,CKB,WV,AEA,CE,Combined TRACON& Tower with Radar,0,10,10,2,22,0,0,0,0,0,0,10,10,2,22,0,0,0,22
05/28/2008,CKB,WV,AEA,CE,Combined TRACON& Tower with Radar,0,8,12,8,28,0,0,35,7,42,0,8,47,15,70,60,18,78,148
05/29/2008,CKB,WV,AEA,CE,Combined TRACON& Tower with Radar,0,14,7,5,26,0,0,30,10,40,0,14,37,15,66,82,64,146,212
05/30/2008,CKB,WV,AEA,CE,Combined TRACON& Tower with Radar,1,13,12,2,28,0,0,32,2,34,1,13,44,4,62,48,26,74,136
05/31/2008,CKB,WV,AEA,CE,Combined TRACON& Tower with Radar,1,6,3,0,10,0,0,1,0,1,1,6,4,0,11,14,0,14,25
06/01/2008,CKB,WV,AEA,CE,Combined TRACON& Tower with Radar,2,3,9,0,14,0,0,22,0,22,2,3,31,0,36,32,0,32,68
06/02/2008,CKB,WV,AEA,CE,Combined TRACON& Tower with Radar,0,7,13,17,37,0,0,33,27,60,0,7,46,44,97,34,118,152,249
06/03/2008,CKB,WV,AEA,CE,Combined TRACON& Tower with Radar,0,7,5,6,18,0,1,5,1,7,0,8,10,7,25,26,4,30,55
06/04/2008,CKB,WV,AEA,CE,Combined TRACON& Tower with Radar,0,7,11,0,18,0,0,2,0,2,0,7,13,0,20,8,0,8,28
06/05/2008,CKB,WV,AEA,CE,Combined TRACON& Tower with Radar,0,8,9,9,26,0,0,15,15,30,0,8,24,24,56,36,126,162,218
06/06/2008,CKB,WV,AEA,CE,Combined TRACON& Tower with Radar,0,13,8,2,23,0,0,9,4,13,0,13,17,6,36,16,16,32,68
06/07/2008,CKB,WV,AEA,CE,Combined TRACON& Tower with Radar,0,4,4,0,8,0,0,8,0,8,0,4,12,0,16,8,12,20,36
06/08/2008,CKB,WV,AEA,CE,Combined TRACON& Tower with Radar,0,2,14,0,16,0,0,33,2,35,0,2,47,2,51,98,0,98,149
06/09/2008,CKB,WV,AEA,CE,Combined TRACON& Tower with Radar,0,7,10,5,22,0,1,39,10,50,0,8,49,15,72,110,12,122,194
06/10/2008,CKB,WV,AEA,CE,Combined TRACON& Tower with Radar,0,7,10,2,19,0,0,23,16,39,0,7,33,18,58,82,70,152,210
06/11/2008,CKB,WV,AEA,CE,Combined TRACON& Tower with Radar,0,7,10,10,27,0,0,35,4,39,0,7,45,14,66,104,20,124,190
06/12/2008,CKB,WV,AEA,CE,Combined TRACON& Tower with Radar,0,7,15,9,31,0,0,22,5,27,0,7,37,14,58,68,50,118,176
06/13/2008,CKB,WV,AEA,CE,Combined TRACON& Tower with Radar,0,8,20,10,38,0,1,38,8,47,0,9,58,18,85,72,46,118,203
06/14/2008,CKB,WV,AEA,CE,Combined TRACON& Tower with Radar,0,4,14,0,18,0,0,10,0,10,0,4,24,0,28,4,0,4,32
06/15/2008,CKB,WV,AEA,CE,Combined TRACON& Tower with Radar,0,5,4,1,10,0,1,3,0,4,0,6,7,1,14,0,0,0,14
06/16/2008,CKB,WV,AEA,CE,Combined TRACON& Tower with Radar,0,11,13,0,24,0,0,0,0,0,0,11,13,0,24,42,0,42,66
06/17/2008,CKB,WV,AEA,CE,Combined TRACON& Tower with Radar,0,8,23,6,37,0,0,29,4,33,0,8,52,10,70,18,48,66,136
06/18/2008,CKB,WV,AEA,CE,Combined TRACON& Tower with Radar,0,6,33,4,43,0,0,39,1,40,0,6,72,5,83,44,22,66,149
06/19/2008,CKB,WV,AEA,CE,Combined TRACON& Tower with Radar,0,11,23,5,39,0,3,20,10,33,0,14,43,15,72,86,60,146,218
06/20/2008,CKB,WV,AEA,CE,Combined TRACON& Tower with Radar,0,6,11,3,20,0,0,36,13,49,0,6,47,16,69,58,34,92,161
06/21/2008,CKB,WV,AEA,CE,Combined TRACON& Tower with Radar,0,4,10,0,14,0,1,27,0,28,0,5,37,0,42,86,0,86,128
06/22/2008,CKB,WV,AEA,CE,Combined TRACON& Tower with Radar,0,5,15,0,20,0,0,26,0,26,0,5,41,0,46,114,0,114,160
06/23/2008,CKB,WV,AEA,CE,Combined TRACON& Tower with Radar,0,8,13,4,25,0,0,22,10,32,0,8,35,14,57,90,44,134,191
06/24/2008,CKB,WV,AEA,CE,Combined TRACON& Tower with Radar,0,8,6,8,22,0,6,24,12,42,0,14,30,20,64,76,40,116,180
06/25/2008,CKB,WV,AEA,CE,Combined TRACON& Tower with Radar,0,10,7,10,27,0,0,32,15,47,0,10,39,25,74,130,46,176,250
06/26/2008,CKB,WV,AEA,CE,Combined TRACON& Tower with Radar,0,9,15,6,30,0,0,17,4,21,0,9,32,10,51,48,0,48,99
06/27/2008,CKB,WV,AEA,CE,Combined TRACON& Tower with Radar,0,10,13,1,24,0,0,4,0,4,0,10,17,1,28,4,0,4,32
06/28/2008,CKB,WV,AEA,CE,Combined TRACON& Tower with Radar,1,5,4,0,10,0,0,6,0,6,1,5,10,0,16,2,0,2,18
06/29/2008,CKB,WV,AEA,CE,Combined TRACON& Tower with Radar,0,4,9,0,13,0,2,14,1,17,0,6,23,1,30,56,0,56,86
06/30/2008,CKB,WV,AEA,CE,Combined TRACON& Tower with Radar,0,11,15,0,26,0,0,22,0,22,0,11,37,0,48,114,0,114,162
07/01/2008,CKB,WV,AEA,CE,Combined TRACON& Tower with Radar,0,8,19,4,31,0,0,13,0,13,0,8,32,4,44,82,0,82,126
07/02/2008,CKB,WV,AEA,CE,Combined TRACON& Tower with Radar,0,8,21,9,38,0,0,45,0,45,0,8,66,9,83,150,0,150,233
07/03/2008,CKB,WV,AEA,CE,Combined TRACON& Tower with Radar,0,9,26,2,37,0,0,9,0,9,0,9,35,2,46,18,0,18,64
07/04/2008,CKB,WV,AEA,CE,Combined TRACON& Tower with Radar,0,3,3,0,6,0,0,0,0,0,0,3,3,0,6,0,0,0,6
07/05/2008,CKB,WV,AEA,CE,Combined TRACON& Tower with Radar,0,5,7,0,12,0,0,16,0,16,0,5,23,0,28,0,0,0,28
07/06/2008,CKB,WV,AEA,CE,Combined TRACON& Tower with Radar,0,3,7,2,12,0,1,25,1,27,0,4,32,3,39,12,0,12,51
07/07/2008,CKB,WV,AEA,CE,Combined TRACON& Tower with Radar,0,8,17,0,25,0,0,42,15,57,0,8,59,15,82,98,64,162,244
07/08/2008,CKB,WV,AEA,CE,Combined TRACON& Tower with Radar,0,7,16,8,31,0,0,22,24,46,0,7,38,32,77,76,0,76,153
07/09/2008,CKB,WV,AEA,CE,Combined TRACON& Tower with Radar,0,14,8,0,22,0,0,1,2,3,0,14,9,2,25,22,0,22,47
07/10/2008,CKB,WV,AEA,CE,Combined TRACON& Tower with Radar,0,8,10,11,29,0,0,42,2,44,0,8,52,13,73,110,30,140,213
07/11/2008,CKB,WV,AEA,CE,Combined TRACON& Tower with Radar,0,12,16,9,37,0,0,65,40,105,0,12,81,49,142,100,96,196,338
07/12/2008,CKB,WV,AEA,CE,Combined TRACON& Tower with Radar,0,5,10,0,15,0,0,70,0,70,0,5,80,0,85,6,0,6,91
07/13/2008,CKB,WV,AEA,CE,Combined TRACON& Tower with Radar,2,3,11,0,16,0,0,20,4,24,2,3,31,4,40,92,0,92,132
07/14/2008,CKB,WV,AEA,CE,Combined TRACON& Tower with Radar,0,11,11,16,38,0,0,11,5,16,0,11,22,21,54,52,44,96,150
07/15/2008,CKB,WV,AEA,CE,Combined TRACON& Tower with Radar,0,10,18,7,35,0,0,45,37,82,0,10,63,44,117,86,90,176,293
07/16/2008,CKB,WV,AEA,CE,Combined TRACON& Tower with Radar,0,7,17,13,37,0,0,26,30,56,0,7,43,43,93,4,128,132,225
07/17/2008,CKB,WV,AEA,CE,Combined TRACON& Tower with Radar,0,9,24,7,40,0,0,31,12,43,0,9,55,19,83,56,70,126,209
07/18/2008,CKB,WV,AEA,CE,Combined TRACON& Tower with Radar,2,13,11,6,32,0,0,16,1,17,2,13,27,7,49,30,6,36,85
07/19/2008,CKB,WV,AEA,CE,Combined TRACON& Tower with Radar,0,4,10,0,14,0,0,12,1,13,0,4,22,1,27,88,0,88,115
07/20/2008,CKB,WV,AEA,CE,Combined TRACON& Tower with Radar,0,4,7,4,15,0,0,10,0,10,0,4,17,4,25,56,0,56,81
07/21/2008,CKB,WV,AEA,CE,Combined TRACON& Tower with Radar,0,10,14,21,45,0,0,10,10,20,0,10,24,31,65,53,48,101,166
07/22/2008,CKB,WV,AEA,CE,Combined TRACON& Tower with Radar,0,8,14,10,32,0,0,25,17,42,0,8,39,27,74,82,94,176,250
07/23/2008,CKB,WV,AEA,CE,Combined TRACON& Tower with Radar,0,11,5,11,27,0,0,1,0,1,0,11,6,11,28,0,0,0,28
07/24/2008,CKB,WV,AEA,CE,Combined TRACON& Tower with Radar,0,11,21,20,52,0,0,32,23,55,0,11,53,43,107,12,44,56,163
07/25/2008,CKB,WV,AEA,CE,Combined TRACON& Tower with Radar,0,7,22,13,42,0,0,50,37,87,0,7,72,50,129,42,116,158,287
07/26/2008,CKB,WV,AEA,CE,Combined TRACON& Tower with Radar,0,5,3,0,8,0,0,19,0,19,0,5,22,0,27,18,9,27,54
07/27/2008,CKB,WV,AEA,CE,Combined TRACON& Tower with Radar,0,3,3,0,6,0,0,15,0,15,0,3,18,0,21,20,0,20,41
07/28/2008,CKB,WV,AEA,CE,Combined TRACON& Tower with Radar,0,6,13,15,34,0,0,38,34,72,0,6,51,49,106,60,146,206,312
07/29/2008,CKB,WV,AEA,CE,Combined TRACON& Tower with Radar,0,4,11,20,35,0,0,14,32,46,0,4,25,52,81,10,138,148,229
07/30/2008,CKB,WV,AEA,CE,Combined TRACON& Tower with Radar,1,9,8,20,38,0,0,4,8,12,1,9,12,28,50,20,52,72,122
07/31/2008,CKB,WV,AEA,CE,Combined TRACON& Tower with Radar,0,6,9,23,38,0,0,6,7,13,0,6,15,30,51,32,48,80,131
08/01/2008,CKB,WV,AEA,CE,Combined TRACON& Tower with Radar,0,9,7,17,33,0,0,23,17,40,0,9,30,34,73,28,92,120,193
08/02/2008,CKB,WV,AEA,CE,Combined TRACON& Tower with Radar,0,4,5,0,9,0,0,4,2,6,0,4,9,2,15,4,10,14,29
08/03/2008,CKB,WV,AEA,CE,Combined TRACON& Tower with Radar,1,6,7,2,16,0,0,35,0,35,1,6,42,2,51,22,0,22,73
08/04/2008,CKB,WV,AEA,CE,Combined TRACON& Tower with Radar,0,11,17,20,48,0,0,26,31,57,0,11,43,51,105,34,104,138,243
08/05/2008,CKB,WV,AEA,CE,Combined TRACON& Tower with Radar,0,11,15,20,46,0,0,1,2,3,0,11,16,22,49,8,6,14,63
08/06/2008,CKB,WV,AEA,CE,Combined TRACON& Tower with Radar,0,7,16,19,42,0,1,7,22,30,0,8,23,41,72,32,48,80,152
08/07/2008,CKB,WV,AEA,CE,Combined TRACON& Tower with Radar,0,10,12,16,38,0,0,45,35,80,0,10,57,51,118,56,36,92,210
08/08/2008,CKB,WV,AEA,CE,Combined TRACON& Tower with Radar,0,8,13,12,33,0,0,43,25,68,0,8,56,37,101,26,76,102,203
08/09/2008,CKB,WV,AEA,CE,Combined TRACON& Tower with Radar,0,7,12,0,19,0,0,18,0,18,0,7,30,0,37,8,0,8,45
08/10/2008,CKB,WV,AEA,CE,Combined TRACON& Tower with Radar,1,2,6,2,11,0,0,11,0,11,1,2,17,2,22,16,0,16,38
08/11/2008,CKB,WV,AEA,CE,Combined TRACON& Tower with Radar,0,4,17,7,28,0,0,9,13,22,0,4,26,20,50,26,54,80,130
08/12/2008,CKB,WV,AEA,CE,Combined TRACON& Tower with Radar,1,5,17,6,29,0,0,28,1,29,1,5,45,7,58,36,26,62,120
08/13/2008,CKB,WV,AEA,CE,Combined TRACON& Tower with Radar,0,9,17,9,35,0,1,19,14,34,0,10,36,23,69,26,40,66,135
08/14/2008,CKB,WV,AEA,CE,Combined TRACON& Tower with Radar,1,6,7,7,21,0,0,12,12,24,1,6,19,19,45,38,56,94,139
08/15/2008,CKB,WV,AEA,CE,Combined TRACON& Tower with Radar,0,7,9,9,25,0,0,20,0,20,0,7,29,9,45,104,0,104,149
08/16/2008,CKB,WV,AEA,CE,Combined TRACON& Tower with Radar,0,9,4,0,13,0,2,16,2,20,0,11,20,2,33,24,0,24,57
08/17/2008,CKB,WV,AEA,CE,Combined TRACON& Tower with Radar,0,3,6,2,11,0,0,15,0,15,0,3,21,2,26,24,0,24,50
08/18/2008,CKB,WV,AEA,CE,Combined TRACON& Tower with Radar,1,10,15,12,38,1,0,26,28,55,2,10,41,40,93,22,108,130,223
08/19/2008,CKB,WV,AEA,CE,Combined TRACON& Tower with Radar,0,7,17,16,40,0,3,45,24,72,0,10,62,40,112,36,46,82,194
08/20/2008,CKB,WV,AEA,CE,Combined TRACON& Tower with Radar,0,7,20,14,41,0,4,32,22,58,0,11,52,36,99,40,60,100,199
08/21/2008,CKB,WV,AEA,CE,Combined TRACON& Tower with Radar,0,7,12,15,34,0,0,29,7,36,0,7,41,22,70,40,50,90,160
08/22/2008,CKB,WV,AEA,CE,Combined TRACON& Tower with Radar,12,8,18,12,50,12,0,25,14,51,24,8,43,26,101,32,36,68,169
08/23/2008,CKB,WV,AEA,CE,Combined TRACON& Tower with Radar,0,5,5,0,10,0,2,14,1,17,0,7,19,1,27,0,0,0,27
08/24/2008,CKB,WV,AEA,CE,Combined TRACON& Tower with Radar,0,5,6,0,11,0,0,32,0,32,0,5,38,0,43,30,0,30,73
08/25/2008,CKB,WV,AEA,CE,Combined TRACON& Tower with Radar,0,3,10,19,32,0,0,5,1,6,0,3,15,20,38,0,2,2,40
08/26/2008,CKB,WV,AEA,CE,Combined TRACON& Tower with Radar,0,4,27,18,49,0,0,14,2,16,0,4,41,20,65,2,30,32,97
08/27/2008,CKB,WV,AEA,CE,Combined TRACON& Tower with Radar,0,9,9,23,41,0,0,2,2,4,0,9,11,25,45,0,8,8,53
08/28/2008,CKB,WV,AEA,CE,Combined TRACON& Tower with Radar,0,12,12,14,38,0,2,0,0,2,0,14,12,14,40,0,0,0,40
08/29/2008,CKB,WV,AEA,CE,Combined TRACON& Tower with Radar,0,8,14,15,37,0,4,10,15,29,0,12,24,30,66,0,14,14,80
08/30/2008,CKB,WV,AEA,CE,Combined TRACON& Tower with Radar,0,7,2,6,15,0,0,3,4,7,0,7,5,10,22,0,8,8,30
08/31/2008,CKB,WV,AEA,CE,Combined TRACON& Tower with Radar,0,3,4,0,7,0,0,20,0,20,0,3,24,0,27,62,0,62,89
09/01/2008,CKB,WV,AEA,CE,Combined TRACON& Tower with Radar,0,6,12,0,18,0,0,17,6,23,0,6,29,6,41,20,0,20,61
09/02/2008,CKB,WV,AEA,CE,Combined TRACON& Tower with Radar,0,8,6,6,20,0,0,31,14,45,0,8,37,20,65,22,16,38,103
09/03/2008,CKB,WV,AEA,CE,Combined TRACON& Tower with Radar,0,8,13,16,37,0,0,54,40,94,0,8,67,56,131,108,128,236,367
09/04/2008,CKB,WV,AEA,CE,Combined TRACON& Tower with Radar,0,9,22,20,51,0,0,35,42,77,0,9,57,62,128,56,134,190,318
09/05/2008,CKB,WV,AEA,CE,Combined TRACON& Tower with Radar,2,15,15,20,52,14,0,42,44,100,16,15,57,64,152,62,126,188,340
09/06/2008,CKB,WV,AEA,CE,Combined TRACON& Tower with Radar,0,7,13,12,32,0,0,8,22,30,0,7,21,34,62,0,98,98,160
09/07/2008,CKB,WV,AEA,CE,Combined TRACON& Tower with Radar,1,8,15,9,33,0,0,29,4,33,1,8,44,13,66,34,8,42,108
09/08/2008,CKB,WV,AEA,CE,Combined TRACON& Tower with Radar,0,10,18,1,29,0,0,37,7,44,0,10,55,8,73,50,0,50,123
09/09/2008,CKB,WV,AEA,CE,Combined TRACON& Tower with Radar,0,6,10,10,26,0,0,4,0,4,0,6,14,10,30,14,0,14,44
09/10/2008,CKB,WV,AEA,CE,Combined TRACON& Tower with Radar,0,7,16,21,44,0,0,46,32,78,0,7,62,53,122,63,130,193,315
09/11/2008,CKB,WV,AEA,CE,Combined TRACON& Tower with Radar,0,6,7,14,27,0,8,22,30,60,0,14,29,44,87,40,140,180,267
09/12/2008,CKB,WV,AEA,CE,Combined TRACON& Tower with Radar,2,6,11,4,23,0,1,0,7,8,2,7,11,11,31,0,26,26,57
09/13/2008,CKB,WV,AEA,CE,Combined TRACON& Tower with Radar,0,7,10,0,17,0,0,13,10,23,0,7,23,10,40,58,10,68,108
09/14/2008,CKB,WV,AEA,CE,Combined TRACON& Tower with Radar,1,7,12,3,23,0,0,11,17,28,1,7,23,20,51,16,34,50,101
09/15/2008,CKB,WV,AEA,CE,Combined TRACON& Tower with Radar,0,11,10,18,39,0,0,18,7,25,0,11,28,25,64,24,12,36,100
09/16/2008,CKB,WV,AEA,CE,Combined TRACON& Tower with Radar,0,8,12,14,34,0,1,26,26,53,0,9,38,40,87,54,152,206,293
09/17/2008,CKB,WV,AEA,CE,Combined TRACON& Tower with Radar,0,4,13,17,34,0,0,63,36,99,0,4,76,53,133,96,132,228,361
09/18/2008,CKB,WV,AEA,CE,Combined TRACON& Tower with Radar,0,6,16,15,37,0,0,44,0,44,0,6,60,15,81,112,10,122,203
09/19/2008,CKB,WV,AEA,CE,Combined TRACON& Tower with Radar,0,4,12,20,36,0,0,42,3,45,0,4,54,23,81,124,6,130,211
09/20/2008,CKB,WV,AEA,CE,Combined TRACON& Tower with Radar,0,5,10,5,20,0,0,400,5,405,0,5,410,10,425,40,0,40,465
09/21/2008,CKB,WV,AEA,CE,Combined TRACON& Tower with Radar,2,5,15,0,22,0,1,23,0,24,2,6,38,0,46,48,0,48,94
09/22/2008,CKB,WV,AEA,CE,Combined TRACON& Tower with Radar,0,15,21,12,48,0,6,33,0,39,0,21,54,12,87,82,0,82,169
09/23/2008,CKB,WV,AEA,CE,Combined TRACON& Tower with Radar,0,7,12,12,31,0,0,36,3,39,0,7,48,15,70,8,22,30,100
09/24/2008,CKB,WV,AEA,CE,Combined TRACON& Tower with Radar,0,6,13,11,30,0,0,54,10,64,0,6,67,21,94,142,2,144,238
09/25/2008,CKB,WV,AEA,CE,Combined TRACON& Tower with Radar,13,8,18,17,56,8,0,36,4,48,21,8,54,21,104,43,0,43,147
09/26/2008,CKB,WV,AEA,CE,Combined TRACON& Tower with Radar,2,11,12,0,25,0,0,9,1,10,2,11,21,1,35,128,0,128,163
09/27/2008,CKB,WV,AEA,CE,Combined TRACON& Tower with Radar,0,6,11,0,17,0,0,22,0,22,0,6,33,0,39,24,0,24,63
09/28/2008,CKB,WV,AEA,CE,Combined TRACON& Tower with Radar,1,5,7,2,15,0,0,3,2,5,1,5,10,4,20,0,0,0,20
09/29/2008,CKB,WV,AEA,CE,Combined TRACON& Tower with Radar,9,9,12,4,34,0,8,12,15,35,9,17,24,19,69,10,20,30,99
09/30/2008,CKB,WV,AEA,CE,Combined TRACON& Tower with Radar,0,9,19,8,36,0,0,28,9,37,0,9,47,17,73,126,70,196,269
10/01/2008,CKB,WV,AEA,CE,Combined TRACON& Tower with Radar,0,7,14,5,26,0,0,34,3,37,0,7,48,8,63,70,12,82,145
10/02/2008,CKB,WV,AEA,CE,Combined TRACON& Tower with Radar,1,6,14,10,31,0,1,20,20,41,1,7,34,30,72,90,76,166,238
10/03/2008,CKB,WV,AEA,CE,Combined TRACON& Tower with Radar,1,8,16,5,30,0,0,35,12,47,1,8,51,17,77,56,60,116,193
10/04/2008,CKB,WV,AEA,CE,Combined TRACON& Tower with Radar,2,5,13,1,21,0,0,24,0,24,2,5,37,1,45,0,0,0,45
10/05/2008,CKB,WV,AEA,CE,Combined TRACON& Tower with Radar,0,3,13,0,16,0,0,35,1,36,0,3,48,1,52,52,0,52,104
10/06/2008,CKB,WV,AEA,CE,Combined TRACON& Tower with Radar,3,6,7,6,22,0,0,28,8,36,3,6,35,14,58,44,68,112,170
10/07/2008,CKB,WV,AEA,CE,Combined TRACON& Tower with Radar,1,8,5,16,30,0,0,49,26,75,1,8,54,42,105,106,78,184,289
10/08/2008,CKB,WV,AEA,CE,Combined TRACON& Tower with Radar,0,8,24,14,46,0,2,20,18,40,0,10,44,32,86,72,92,164,250
10/09/2008,CKB,WV,AEA,CE,Combined TRACON& Tower with Radar,0,8,10,9,27,0,1,24,31,56,0,9,34,40,83,28,128,156,239
10/10/2008,CKB,WV,AEA,CE,Combined TRACON& Tower with Radar,2,8,8,12,30,4,0,35,18,57,6,8,43,30,87,50,102,152,239
10/11/2008,CKB,WV,AEA,CE,Combined TRACON& Tower with Radar,3,8,3,0,14,0,0,25,3,28,3,8,28,3,42,34,0,34,76
10/12/2008,CKB,WV,AEA,CE,Combined TRACON& Tower with Radar,0,8,4,0,12,0,0,35,0,35,0,8,39,0,47,48,0,48,95
10/13/2008,CKB,WV,AEA,CE,Combined TRACON& Tower with Radar,0,7,13,0,20,0,0,21,0,21,0,7,34,0,41,4,0,4,45
10/14/2008,CKB,WV,AEA,CE,Combined TRACON& Tower with Radar,0,11,23,16,50,0,0,56,2,58,0,11,79,18,108,146,12,158,266
10/15/2008,CKB,WV,AEA,CE,Combined TRACON& Tower with Radar,0,7,12,7,26,0,0,30,0,30,0,7,42,7,56,26,4,30,86
10/16/2008,CKB,WV,AEA,CE,Combined TRACON& Tower with Radar,0,5,16,9,30,0,0,8,0,8,0,5,24,9,38,72,32,104,142
10/17/2008,CKB,WV,AEA,CE,Combined TRACON& Tower with Radar,0,4,16,4,24,0,0,15,14,29,0,4,31,18,53,8,110,118,171
10/18/2008,CKB,WV,AEA,CE,Combined TRACON& Tower with Radar,0,4,5,0,9,0,0,31,1,32,0,4,36,1,41,100,0,100,141
10/19/2008,CKB,WV,AEA,CE,Combined TRACON& Tower with Radar,0,9,13,2,24,0,0,32,0,32,0,9,45,2,56,48,10,58,114
10/20/2008,CKB,WV,AEA,CE,Combined TRACON& Tower with Radar,0,10,17,11,38,2,0,55,21,78,2,10,72,32,116,40,74,114,230
10/21/2008,CKB,WV,AEA,CE,Combined TRACON& Tower with Radar,0,7,5,5,17,0,0,40,35,75,0,7,45,40,92,106,148,254,346
10/22/2008,CKB,WV,AEA,CE,Combined TRACON& Tower with Radar,8,6,11,16,41,18,0,27,16,61,26,6,38,32,102,66,30,96,198
10/23/2008,CKB,WV,AEA,CE,Combined TRACON& Tower with Radar,0,6,10,6,22,0,0,34,12,46,0,6,44,18,68,28,74,102,170
10/24/2008,CKB,WV,AEA,CE,Combined TRACON& Tower with Radar,1,29,39,15,84,0,0,26,11,37,1,29,65,26,121,18,90,108,229
10/25/2008,CKB,WV,AEA,CE,Combined TRACON& Tower with Radar,0,9,4,0,13,0,0,4,0,4,0,9,8,0,17,0,0,0,17
10/26/2008,CKB,WV,AEA,CE,Combined TRACON& Tower with Radar,0,4,14,0,18,0,1,27,0,28,0,5,41,0,46,15,0,15,61
10/27/2008,CKB,WV,AEA,CE,Combined TRACON& Tower with Radar,1,12,6,5,24,0,1,21,43,65,1,13,27,48,89,42,150,192,281
10/28/2008,CKB,WV,AEA,CE,Combined TRACON& Tower with Radar,0,8,1,0,9,0,6,0,0,6,0,14,1,0,15,0,0,0,15
10/29/2008,CKB,WV,AEA,CE,Combined TRACON& Tower with Radar,0,10,10,2,22,0,4,4,6,14,0,14,14,8,36,44,0,44,80
10/30/2008,CKB,WV,AEA,CE,Combined TRACON& Tower with Radar,0,6,8,8,22,0,0,40,20,60,0,6,48,28,82,32,134,166,248
10/31/2008,CKB,WV,AEA,CE,Combined TRACON& Tower with Radar,5,4,9,1,19,0,0,35,40,75,5,4,44,41,94,132,116,248,342
11/01/2008,CKB,WV,AEA,CE,Combined TRACON& Tower with Radar,2,6,10,0,18,0,0,30,0,30,2,6,40,0,48,28,0,28,76
11/02/2008,CKB,WV,AEA,CE,Combined TRACON& Tower with Radar,3,4,18,4,29,0,0,46,1,47,3,4,64,5,76,30,0,30,106
11/03/2008,CKB,WV,AEA,CE,Combined TRACON& Tower with Radar,0,8,9,8,25,0,0,50,40,90,0,8,59,48,115,104,104,208,323
11/04/2008,CKB,WV,AEA,CE,Combined TRACON& Tower with Radar,0,3,12,10,25,0,0,35,20,55,0,3,47,30,80,50,134,184,264
11/05/2008,CKB,WV,AEA,CE,Combined TRACON& Tower with Radar,0,6,12,17,35,0,1,34,45,80,0,7,46,62,115,74,68,142,257
11/06/2008,CKB,WV,AEA,CE,Combined TRACON& Tower with Radar,0,3,14,13,30,0,1,43,14,58,0,4,57,27,88,100,96,196,284
11/07/2008,CKB,WV,AEA,CE,Combined TRACON& Tower with Radar,0,8,17,10,35,0,0,40,38,78,0,8,57,48,113,128,102,230,343
11/08/2008,CKB,WV,AEA,CE,Combined TRACON& Tower with Radar,0,5,8,0,13,0,0,20,0,20,0,5,28,0,33,54,0,54,87
11/09/2008,CKB,WV,AEA,CE,Combined TRACON& Tower with Radar,0,6,3,0,9,0,0,0,0,0,0,6,3,0,9,58,0,58,67
11/10/2008,CKB,WV,AEA,CE,Combined TRACON& Tower with Radar,0,9,7,7,23,0,0,43,54,97,0,9,50,61,120,66,120,186,306
11/11/2008,CKB,WV,AEA,CE,Combined TRACON& Tower with Radar,0,3,5,1,9,0,0,49,0,49,0,3,54,1,58,132,0,132,190
11/12/2008,CKB,WV,AEA,CE,Combined TRACON& Tower with Radar,0,4,19,10,33,0,0,42,7,49,0,4,61,17,82,74,54,128,210
11/13/2008,CKB,WV,AEA,CE,Combined TRACON& Tower with Radar,0,10,6,6,22,0,0,0,0,0,0,10,6,6,22,0,2,2,24
11/14/2008,CKB,WV,AEA,CE,Combined TRACON& Tower with Radar,0,4,16,14,34,0,0,22,32,54,0,4,38,46,88,62,94,156,244
11/15/2008,CKB,WV,AEA,CE,Combined TRACON& Tower with Radar,0,5,1,0,6,0,0,0,0,0,0,5,1,0,6,0,0,0,6
11/16/2008,CKB,WV,AEA,CE,Combined TRACON& Tower with Radar,0,7,3,0,10,0,0,0,0,0,0,7,3,0,10,0,0,0,10
11/17/2008,CKB,WV,AEA,CE,Combined TRACON& Tower with Radar,0,3,3,6,12,0,0,0,0,0,0,3,3,6,12,0,0,0,12
11/18/2008,CKB,WV,AEA,CE,Combined TRACON& Tower with Radar,0,7,10,2,19,0,0,7,0,7,0,7,17,2,26,38,0,38,64
11/19/2008,CKB,WV,AEA,CE,Combined TRACON& Tower with Radar,0,24,38,15,77,0,0,22,23,45,0,24,60,38,122,26,148,174,296
11/20/2008,CKB,WV,AEA,CE,Combined TRACON& Tower with Radar,0,8,5,10,23,0,2,20,35,57,0,10,25,45,80,14,110,124,204
11/21/2008,CKB,WV,AEA,CE,Combined TRACON& Tower with Radar,2,8,6,4,20,0,0,14,2,16,2,8,20,6,36,12,0,12,48
11/22/2008,CKB,WV,AEA,CE,Combined TRACON& Tower with Radar,2,8,2,0,12,0,3,21,2,26,2,11,23,2,38,0,0,0,38
11/23/2008,CKB,WV,AEA,CE,Combined TRACON& Tower with Radar,0,4,11,0,15,0,4,28,0,32,0,8,39,0,47,18,0,18,65
11/24/2008,CKB,WV,AEA,CE,Combined TRACON& Tower with Radar,0,11,4,4,19,0,0,2,0,2,0,11,6,4,21,40,0,40,61
11/25/2008,CKB,WV,AEA,CE,Combined TRACON& Tower with Radar,0,5,7,4,16,0,0,4,0,4,0,5,11,4,20,0,0,0,20
11/26/2008,CKB,WV,AEA,CE,Combined TRACON& Tower with Radar,0,10,7,4,21,0,0,20,0,20,0,10,27,4,41,102,0,102,143
11/27/2008,CKB,WV,AEA,CE,Combined TRACON& Tower with Radar,0,5,4,0,9,0,0,5,0,5,0,5,9,0,14,2,0,2,16
11/28/2008,CKB,WV,AEA,CE,Combined TRACON& Tower with Radar,0,4,4,0,8,0,0,24,0,24,0,4,28,0,32,94,2,96,128
11/29/2008,CKB,WV,AEA,CE,Combined TRACON& Tower with Radar,2,2,7,0,11,0,0,35,0,35,2,2,42,0,46,16,0,16,62
11/30/2008,CKB,WV,AEA,CE,Combined TRACON& Tower with Radar,0,3,5,2,10,0,0,0,0,0,0,3,5,2,10,0,0,0,10
12/01/2008,CKB,WV,AEA,CE,Combined TRACON& Tower with Radar,0,8,20,7,35,0,0,2,0,2,0,8,22,7,37,0,0,0,37
12/02/2008,CKB,WV,AEA,CE,Combined TRACON& Tower with Radar,0,9,9,10,28,0,0,10,7,17,0,9,19,17,45,0,30,30,75
12/03/2008,CKB,WV,AEA,CE,Combined TRACON& Tower with Radar,0,14,13,9,36,0,1,40,22,63,0,15,53,31,99,46,108,154,253
12/04/2008,CKB,WV,AEA,CE,Combined TRACON& Tower with Radar,0,6,3,0,9,0,0,0,2,2,0,6,3,2,11,0,2,2,13
12/05/2008,CKB,WV,AEA,CE,Combined TRACON& Tower with Radar,0,9,10,8,27,0,0,3,0,3,0,9,13,8,30,0,0,0,30
12/06/2008,CKB,WV,AEA,CE,Combined TRACON& Tower with Radar,0,5,6,2,13,0,0,0,0,0,0,5,6,2,13,0,0,0,13
12/07/2008,CKB,WV,AEA,CE,Combined TRACON& Tower with Radar,0,3,4,0,7,0,0,7,1,8,0,3,11,1,15,0,0,0,15
12/08/2008,CKB,WV,AEA,CE,Combined TRACON& Tower with Radar,0,9,5,9,23,0,0,19,2,21,0,9,24,11,44,78,18,96,140
12/09/2008,CKB,WV,AEA,CE,Combined TRACON& Tower with Radar,0,7,11,6,24,0,0,26,50,76,0,7,37,56,100,34,178,212,312
12/10/2008,CKB,WV,AEA,CE,Combined TRACON& Tower with Radar,0,6,7,0,13,0,0,0,6,6,0,6,7,6,19,0,6,6,25
12/11/2008,CKB,WV,AEA,CE,Combined TRACON& Tower with Radar,0,7,9,2,18,0,0,0,0,0,0,7,9,2,18,0,0,0,18
12/12/2008,CKB,WV,AEA,CE,Combined TRACON& Tower with Radar,0,9,5,6,20,0,0,0,0,0,0,9,5,6,20,0,0,0,20
12/13/2008,CKB,WV,AEA,CE,Combined TRACON& Tower with Radar,0,10,2,0,12,0,0,22,23,45,0,10,24,23,57,114,36,150,207
12/14/2008,CKB,WV,AEA,CE,Combined TRACON& Tower with Radar,0,3,9,2,14,0,0,38,0,38,0,3,47,2,52,26,0,26,78
12/15/2008,CKB,WV,AEA,CE,Combined TRACON& Tower with Radar,0,8,11,7,26,0,0,4,1,5,0,8,15,8,31,0,6,6,37
12/16/2008,CKB,WV,AEA,CE,Combined TRACON& Tower with Radar,2,5,3,2,12,0,0,0,0,0,2,5,3,2,12,0,0,0,12
12/17/2008,CKB,WV,AEA,CE,Combined TRACON& Tower with Radar,0,8,8,0,16,0,0,0,0,0,0,8,8,0,16,0,0,0,16
12/18/2008,CKB,WV,AEA,CE,Combined TRACON& Tower with Radar,0,9,10,0,19,0,0,0,0,0,0,9,10,0,19,0,0,0,19
12/19/2008,CKB,WV,AEA,CE,Combined TRACON& Tower with Radar,0,10,2,0,12,0,0,1,0,1,0,10,3,0,13,2,0,2,15
12/20/2008,CKB,WV,AEA,CE,Combined TRACON& Tower with Radar,1,6,6,0,13,0,0,6,2,8,1,6,12,2,21,0,10,10,31
12/21/2008,CKB,WV,AEA,CE,Combined TRACON& Tower with Radar,0,3,0,0,3,0,1,0,0,1,0,4,0,0,4,0,0,0,4
12/22/2008,CKB,WV,AEA,CE,Combined TRACON& Tower with Radar,1,13,6,2,22,0,13,16,3,32,1,26,22,5,54,8,0,8,62
12/23/2008,CKB,WV,AEA,CE,Combined TRACON& Tower with Radar,0,11,7,4,22,0,0,29,0,29,0,11,36,4,51,44,0,44,95
12/24/2008,CKB,WV,AEA,CE,Combined TRACON& Tower with Radar,0,8,2,0,10,0,0,6,0,6,0,8,8,0,16,50,0,50,66
12/25/2008,CKB,WV,AEA,CE,Combined TRACON& Tower with Radar,0,3,0,0,3,0,0,1,0,1,0,3,1,0,4,2,0,2,6
12/26/2008,CKB,WV,AEA,CE,Combined TRACON& Tower with Radar,0,6,3,0,9,0,0,0,0,0,0,6,3,0,9,0,0,0,9
12/27/2008,CKB,WV,AEA,CE,Combined TRACON& Tower with Radar,3,8,7,0,18,0,0,20,0,20,3,8,27,0,38,72,0,72,110
12/28/2008,CKB,WV,AEA,CE,Combined TRACON& Tower with Radar,6,6,0,0,12,0,0,15,0,15,6,6,15,0,27,10,0,10,37
12/29/2008,CKB,WV,AEA,CE,Combined TRACON& Tower with Radar,0,12,7,1,20,0,1,51,0,52,0,13,58,1,72,109,0,109,181
12/30/2008,CKB,WV,AEA,CE,Combined TRACON& Tower with Radar,0,5,3,4,12,0,0,38,1,39,0,5,41,5,51,124,0,124,175
12/31/2008,CKB,WV,AEA,CE,Combined TRACON& Tower with Radar,0,6,2,1,9,0,0,1,0,1,0,6,3,1,10,0,0,0,10
01/01/2009,CKB,WV,AEA,CE,Combined TRACON& Tower with Radar,0,4,8,0,12,0,0,11,0,11,0,4,19,0,23,50,0,50,73
01/02/2009,CKB,WV,AEA,CE,Combined TRACON& Tower with Radar,0,8,0,0,8,0,0,14,0,14,0,8,14,0,22,10,0,10,32
01/03/2009,CKB,WV,AEA,CE,Combined TRACON& Tower with Radar,0,6,2,0,8,0,0,64,0,64,0,6,66,0,72,122,0,122,194
01/04/2009,CKB,WV,AEA,CE,Combined TRACON& Tower with Radar,0,4,3,4,11,0,0,2,0,2,0,4,5,4,13,0,0,0,13
01/05/2009,CKB,WV,AEA,CE,Combined TRACON& Tower with Radar,0,8,9,2,19,0,0,18,13,31,0,8,27,15,50,48,48,96,146
01/06/2009,CKB,WV,AEA,CE,Combined TRACON& Tower with Radar,0,9,3,0,12,0,0,0,0,0,0,9,3,0,12,0,0,0,12
01/07/2009,CKB,WV,AEA,CE,Combined TRACON& Tower with Radar,0,8,3,0,11,0,0,0,0,0,0,8,3,0,11,0,0,0,11
01/08/2009,CKB,WV,AEA,CE,Combined TRACON& Tower with Radar,0,10,7,1,18,0,0,0,0,0,0,10,7,1,18,0,0,0,18
01/09/2009,CKB,WV,AEA,CE,Combined TRACON& Tower with Radar,0,8,8,8,24,0,0,11,2,13,0,8,19,10,37,14,10,24,61
01/10/2009,CKB,WV,AEA,CE,Combined TRACON& Tower with Radar,0,8,0,5,13,0,0,2,0,2,0,8,2,5,15,0,0,0,15
01/11/2009,CKB,WV,AEA,CE,Combined TRACON& Tower with Radar,0,3,14,0,17,0,0,6,0,6,0,3,20,0,23,0,0,0,23
01/12/2009,CKB,WV,AEA,CE,Combined TRACON& Tower with Radar,0,7,5,1,13,0,0,2,0,2,0,7,7,1,15,0,0,0,15
01/13/2009,CKB,WV,AEA,CE,Combined TRACON& Tower with Radar,0,3,6,6,15,0,0,4,28,32,0,3,10,34,47,4,106,110,157
01/14/2009,CKB,WV,AEA,CE,Combined TRACON& Tower with Radar,0,5,5,6,16,0,0,20,29,49,0,5,25,35,65,8,128,136,201
01/15/2009,CKB,WV,AEA,CE,Combined TRACON& Tower with Radar,0,5,7,15,27,0,0,4,21,25,0,5,11,36,52,0,36,36,88
01/16/2009,CKB,WV,AEA,CE,Combined TRACON& Tower with Radar,0,9,6,17,32,0,1,21,30,52,0,10,27,47,84,60,96,156,240
01/17/2009,CKB,WV,AEA,CE,Combined TRACON& Tower with Radar,0,11,2,0,13,0,0,7,0,7,0,11,9,0,20,18,0,18,38
01/18/2009,CKB,WV,AEA,CE,Combined TRACON& Tower with Radar,0,3,0,0,3,0,0,0,0,0,0,3,0,0,3,0,0,0,3
01/19/2009,CKB,WV,AEA,CE,Combined TRACON& Tower with Radar,0,4,5,0,9,0,0,0,0,0,0,4,5,0,9,0,0,0,9
01/20/2009,CKB,WV,AEA,CE,Combined TRACON& Tower with Radar,0,4,7,9,20,0,0,0,0,0,0,4,7,9,20,0,0,0,20
01/21/2009,CKB,WV,AEA,CE,Combined TRACON& Tower with Radar,0,5,4,18,27,0,0,19,13,32,0,5,23,31,59,20,32,52,111
01/22/2009,CKB,WV,AEA,CE,Combined TRACON& Tower with Radar,0,10,26,12,48,0,0,18,20,38,0,10,44,32,86,50,106,156,242
01/23/2009,CKB,WV,AEA,CE,Combined TRACON& Tower with Radar,0,10,12,14,36,0,0,35,29,64,0,10,47,43,100,108,94,202,302
01/24/2009,CKB,WV,AEA,CE,Combined TRACON& Tower with Radar,0,6,10,0,16,0,2,4,0,6,0,8,14,0,22,26,0,26,48
01/25/2009,CKB,WV,AEA,CE,Combined TRACON& Tower with Radar,0,7,12,0,19,0,12,31,0,43,0,19,43,0,62,0,0,0,62
01/26/2009,CKB,WV,AEA,CE,Combined TRACON& Tower with Radar,0,9,10,11,30,0,0,4,0,4,0,9,14,11,34,10,0,10,44
01/27/2009,CKB,WV,AEA,CE,Combined TRACON& Tower with Radar,0,5,2,0,7,0,0,0,0,0,0,5,2,0,7,0,0,0,7
01/28/2009,CKB,WV,AEA,CE,Combined TRACON& Tower with Radar,0,5,4,0,9,0,0,0,0,0,0,5,4,0,9,0,0,0,9
01/29/2009,CKB,WV,AEA,CE,Combined TRACON& Tower with Radar,0,9,5,17,31,0,0,0,6,6,0,9,5,23,37,0,40,40,77
01/30/2009,CKB,WV,AEA,CE,Combined TRACON& Tower with Radar,0,13,6,0,19,0,0,0,0,0,0,13,6,0,19,0,0,0,19
01/31/2009,CKB,WV,AEA,CE,Combined TRACON& Tower with Radar,0,9,2,18,29,0,0,5,0,5,0,9,7,18,34,42,2,44,78
02/01/2009,CKB,WV,AEA,CE,Combined TRACON& Tower with Radar,0,6,6,2,14,0,0,31,0,31,0,6,37,2,45,60,0,60,105
02/02/2009,CKB,WV,AEA,CE,Combined TRACON& Tower with Radar,0,6,8,11,25,0,0,0,0,0,0,6,8,11,25,0,0,0,25
02/03/2009,CKB,WV,AEA,CE,Combined TRACON& Tower with Radar,0,10,6,9,25,0,0,15,8,23,0,10,21,17,48,56,0,56,104
02/04/2009,CKB,WV,AEA,CE,Combined TRACON& Tower with Radar,0,9,6,8,23,0,0,0,0,0,0,9,6,8,23,0,0,0,23
02/05/2009,CKB,WV,AEA,CE,Combined TRACON& Tower with Radar,0,7,15,11,33,0,0,44,4,48,0,7,59,15,81,72,32,104,185
02/06/2009,CKB,WV,AEA,CE,Combined TRACON& Tower with Radar,1,8,18,11,38,0,0,29,3,32,1,8,47,14,70,36,14,50,120
02/07/2009,CKB,WV,AEA,CE,Combined TRACON& Tower with Radar,0,5,5,4,14,0,0,26,3,29,0,5,31,7,43,76,4,80,123
02/08/2009,CKB,WV,AEA,CE,Combined TRACON& Tower with Radar,0,4,16,3,23,0,0,20,16,36,0,4,36,19,59,24,0,24,83
02/09/2009,CKB,WV,AEA,CE,Combined TRACON& Tower with Radar,0,7,23,11,41,0,0,38,29,67,0,7,61,40,108,102,96,198,306
02/10/2009,CKB,WV,AEA,CE,Combined TRACON& Tower with Radar,0,5,6,6,17,0,2,9,5,16,0,7,15,11,33,46,22,68,101
02/11/2009,CKB,WV,AEA,CE,Combined TRACON& Tower with Radar,0,11,8,14,33,0,0,24,43,67,0,11,32,57,100,40,114,154,254
02/12/2009,CKB,WV,AEA,CE,Combined TRACON& Tower with Radar,0,6,2,7,15,0,0,2,1,3,0,6,4,8,18,0,4,4,22
02/13/2009,CKB,WV,AEA,CE,Combined TRACON& Tower with Radar,0,9,12,28,49,0,0,24,2,26,0,9,36,30,75,9,28,37,112
02/14/2009,CKB,WV,AEA,CE,Combined TRACON& Tower with Radar,0,7,1,0,8,0,0,4,0,4,0,7,5,0,12,0,0,0,12
02/15/2009,CKB,WV,AEA,CE,Combined TRACON& Tower with Radar,0,8,18,0,26,0,0,7,0,7,0,8,25,0,33,36,0,36,69
02/16/2009,CKB,WV,AEA,CE,Combined TRACON& Tower with Radar,0,8,13,0,21,0,6,17,0,23,0,14,30,0,44,42,0,42,86
02/17/2009,CKB,WV,AEA,CE,Combined TRACON& Tower with Radar,0,7,9,16,32,0,0,83,48,131,0,7,92,64,163,102,170,272,435
02/18/2009,CKB,WV,AEA,CE,Combined TRACON& Tower with Radar,0,6,0,3,9,0,0,2,4,6,0,6,2,7,15,0,24,24,39
02/19/2009,CKB,WV,AEA,CE,Combined TRACON& Tower with Radar,0,6,10,0,16,0,0,2,1,3,0,6,12,1,19,0,4,4,23
02/20/2009,CKB,WV,AEA,CE,Combined TRACON& Tower with Radar,0,15,15,11,41,0,0,18,20,38,0,15,33,31,79,30,144,174,253
02/21/2009,CKB,WV,AEA,CE,Combined TRACON& Tower with Radar,0,8,1,1,10,0,0,6,0,6,0,8,7,1,16,0,0,0,16
02/22/2009,CKB,WV,AEA,CE,Combined TRACON& Tower with Radar,0,5,3,0,8,0,0,0,0,0,0,5,3,0,8,0,0,0,8
02/23/2009,CKB,WV,AEA,CE,Combined TRACON& Tower with Radar,0,8,2,23,33,0,0,3,29,32,0,8,5,52,65,2,82,84,149
02/24/2009,CKB,WV,AEA,CE,Combined TRACON& Tower with Radar,0,5,13,28,46,0,2,53,72,127,0,7,66,100,173,66,258,324,497
02/25/2009,CKB,WV,AEA,CE,Combined TRACON& Tower with Radar,2,5,11,20,38,0,2,35,34,71,2,7,46,54,109,92,196,288,397
02/26/2009,CKB,WV,AEA,CE,Combined TRACON& Tower with Radar,0,6,13,11,30,0,0,14,36,50,0,6,27,47,80,24,136,160,240
02/27/2009,CKB,WV,AEA,CE,Combined TRACON& Tower with Radar,0,11,10,2,23,0,0,0,0,0,0,11,10,2,23,0,0,0,23
02/28/2009,CKB,WV,AEA,CE,Combined TRACON& Tower with Radar,0,5,11,0,16,0,0,4,0,4,0,5,15,0,20,8,0,8,28
03/01/2009,CKB,WV,AEA,CE,Combined TRACON& Tower with Radar,0,8,5,0,13,0,0,21,0,21,0,8,26,0,34,14,0,14,48
03/02/2009,CKB,WV,AEA,CE,Combined TRACON& Tower with Radar,0,10,4,8,22,0,0,11,2,13,0,10,15,10,35,10,12,22,57
03/03/2009,CKB,WV,AEA,CE,Combined TRACON& Tower with Radar,0,5,14,16,35,0,0,28,30,58,0,5,42,46,93,28,90,118,211
03/04/2009,CKB,WV,AEA,CE,Combined TRACON& Tower with Radar,0,6,11,5,22,0,0,19,8,27,0,6,30,13,49,40,74,114,163
03/05/2009,CKB,WV,AEA,CE,Combined TRACON& Tower with Radar,0,11,18,15,44,0,0,38,13,51,0,11,56,28,95,54,64,118,213
03/06/2009,CKB,WV,AEA,CE,Combined TRACON& Tower with Radar,0,7,6,5,18,0,0,35,12,47,0,7,41,17,65,100,50,150,215
03/07/2009,CKB,WV,AEA,CE,Combined TRACON& Tower with Radar,0,4,8,0,12,0,0,25,0,25,0,4,33,0,37,74,0,74,111
03/08/2009,CKB,WV,AEA,CE,Combined TRACON& Tower with Radar,0,6,2,2,10,0,0,16,0,16,0,6,18,2,26,8,0,8,34
03/09/2009,CKB,WV,AEA,CE,Combined TRACON& Tower with Radar,1,5,10,13,29,0,0,26,5,31,1,5,36,18,60,38,30,68,128
03/10/2009,CKB,WV,AEA,CE,Combined TRACON& Tower with Radar,4,10,4,18,36,15,1,13,35,64,19,11,17,53,100,82,96,178,278
03/11/2009,CKB,WV,AEA,CE,Combined TRACON& Tower with Radar,0,8,5,5,18,0,2,28,10,40,0,10,33,15,58,68,26,94,152
03/12/2009,CKB,WV,AEA,CE,Combined TRACON& Tower with Radar,0,10,12,13,35,0,0,48,30,78,0,10,60,43,113,36,104,140,253
03/13/2009,CKB,WV,AEA,CE,Combined TRACON& Tower with Radar,0,12,9,17,38,0,1,33,14,48,0,13,42,31,86,12,48,60,146
03/14/2009,CKB,WV,AEA,CE,Combined TRACON& Tower with Radar,0,9,5,14,28,0,0,19,5,24,0,9,24,19,52,28,22,50,102
03/15/2009,CKB,WV,AEA,CE,Combined TRACON& Tower with Radar,0,3,10,0,13,0,0,6,5,11,0,3,16,5,24,0,10,10,34
03/16/2009,CKB,WV,AEA,CE,Combined TRACON& Tower with Radar,0,6,15,2,23,0,2,3,4,9,0,8,18,6,32,0,26,26,58
03/17/2009,CKB,WV,AEA,CE,Combined TRACON& Tower with Radar,1,11,16,14,42,0,0,12,21,33,1,11,28,35,75,44,158,202,277
03/18/2009,CKB,WV,AEA,CE,Combined TRACON& Tower with Radar,0,8,4,12,24,0,0,18,4,22,0,8,22,16,46,14,32,46,92
03/19/2009,CKB,WV,AEA,CE,Combined TRACON& Tower with Radar,0,9,21,8,38,0,0,7,7,14,0,9,28,15,52,8,34,42,94
03/20/2009,CKB,WV,AEA,CE,Combined TRACON& Tower with Radar,0,12,17,16,45,0,2,47,22,71,0,14,64,38,116,24,120,144,260
03/21/2009,CKB,WV,AEA,CE,Combined TRACON& Tower with Radar,5,5,3,4,17,0,1,40,6,47,5,6,43,10,64,40,56,96,160
03/22/2009,CKB,WV,AEA,CE,Combined TRACON& Tower with Radar,0,3,17,1,21,0,0,50,0,50,0,3,67,1,71,96,6,102,173
03/23/2009,CKB,WV,AEA,CE,Combined TRACON& Tower with Radar,0,2,18,10,30,0,0,38,21,59,0,2,56,31,89,76,86,162,251
03/24/2009,CKB,WV,AEA,CE,Combined TRACON& Tower with Radar,0,21,14,10,45,0,0,23,10,33,0,21,37,20,78,24,62,86,164
03/25/2009,CKB,WV,AEA,CE,Combined TRACON& Tower with Radar,0,7,19,2,28,0,0,14,14,28,0,7,33,16,56,12,70,82,138
03/26/2009,CKB,WV,AEA,CE,Combined TRACON& Tower with Radar,0,6,10,9,25,0,0,2,4,6,0,6,12,13,31,0,44,44,75
03/27/2009,CKB,WV,AEA,CE,Combined TRACON& Tower with Radar,0,9,17,10,36,0,0,41,16,57,0,9,58,26,93,62,42,104,197
03/28/2009,CKB,WV,AEA,CE,Combined TRACON& Tower with Radar,0,5,3,5,13,0,1,23,0,24,0,6,26,5,37,82,12,94,131
03/29/2009,CKB,WV,AEA,CE,Combined TRACON& Tower with Radar,0,3,1,0,4,0,0,0,0,0,0,3,1,0,4,0,0,0,4
03/30/2009,CKB,WV,AEA,CE,Combined TRACON& Tower with Radar,0,19,32,17,68,0,0,39,40,79,0,19,71,57,147,36,124,160,307
03/31/2009,CKB,WV,AEA,CE,Combined TRACON& Tower with Radar,0,10,11,12,33,0,0,67,39,106,0,10,78,51,139,88,98,186,325
04/01/2009,CKB,WV,AEA,CE,Combined TRACON& Tower with Radar,0,4,14,5,23,0,0,3,0,3,0,4,17,5,26,12,0,12,38
04/02/2009,CKB,WV,AEA,CE,Combined TRACON& Tower with Radar,0,10,13,10,33,0,0,50,41,91,0,10,63,51,124,54,132,186,310
04/03/2009,CKB,WV,AEA,CE,Combined TRACON& Tower with Radar,0,4,6,0,10,0,0,20,0,20,0,4,26,0,30,20,0,20,50
04/04/2009,CKB,WV,AEA,CE,Combined TRACON& Tower with Radar,0,8,5,6,19,0,0,21,4,25,0,8,26,10,44,88,16,104,148
04/05/2009,CKB,WV,AEA,CE,Combined TRACON& Tower with Radar,3,3,4,13,23,0,10,78,22,110,3,13,82,35,133,160,74,234,367
04/06/2009,CKB,WV,AEA,CE,Combined TRACON& Tower with Radar,0,5,5,0,10,0,0,4,0,4,0,5,9,0,14,0,0,0,14
04/07/2009,CKB,WV,AEA,CE,Combined TRACON& Tower with Radar,0,8,4,7,19,0,0,3,0,3,0,8,7,7,22,0,0,0,22
04/08/2009,CKB,WV,AEA,CE,Combined TRACON& Tower with Radar,0,11,13,17,41,0,0,31,13,44,0,11,44,30,85,58,44,102,187
04/09/2009,CKB,WV,AEA,CE,Combined TRACON& Tower with Radar,0,4,19,17,40,0,1,46,9,56,0,5,65,26,96,88,124,212,308
04/10/2009,CKB,WV,AEA,CE,Combined TRACON& Tower with Radar,2,6,9,19,36,0,0,16,27,43,2,6,25,46,79,74,96,170,249
04/11/2009,CKB,WV,AEA,CE,Combined TRACON& Tower with Radar,0,4,8,0,12,0,0,33,0,33,0,4,41,0,45,64,0,64,109
04/12/2009,CKB,WV,AEA,CE,Combined TRACON& Tower with Radar,2,7,8,0,17,0,0,48,9,57,2,7,56,9,74,96,0,96,170
04/13/2009,CKB,WV,AEA,CE,Combined TRACON& Tower with Radar,0,7,15,17,39,0,3,30,20,53,0,10,45,37,92,72,70,142,234
04/14/2009,CKB,WV,AEA,CE,Combined TRACON& Tower with Radar,0,6,24,14,44,0,0,13,5,18,0,6,37,19,62,38,70,108,170
04/15/2009,CKB,WV,AEA,CE,Combined TRACON& Tower with Radar,0,6,10,0,16,0,0,0,0,0,0,6,10,0,16,0,0,0,16
04/16/2009,CKB,WV,AEA,CE,Combined TRACON& Tower with Radar,1,12,28,19,60,0,0,35,16,51,1,12,63,35,111,100,42,142,253
04/17/2009,CKB,WV,AEA,CE,Combined TRACON& Tower with Radar,2,4,22,33,61,0,0,80,26,106,2,4,102,59,167,142,76,218,385
04/18/2009,CKB,WV,AEA,CE,Combined TRACON& Tower with Radar,0,7,10,1,18,0,0,65,13,78,0,7,75,14,96,118,54,172,268
04/19/2009,CKB,WV,AEA,CE,Combined TRACON& Tower with Radar,0,3,10,1,14,0,0,21,0,21,0,3,31,1,35,78,0,78,113
04/20/2009,CKB,WV,AEA,CE,Combined TRACON& Tower with Radar,2,7,14,11,34,0,0,6,6,12,2,7,20,17,46,0,12,12,58
04/21/2009,CKB,WV,AEA,CE,Combined TRACON& Tower with Radar,0,4,18,10,32,0,0,2,2,4,0,4,20,12,36,0,24,24,60
04/22/2009,CKB,WV,AEA,CE,Combined TRACON& Tower with Radar,2,6,6,12,26,0,0,5,9,14,2,6,11,21,40,0,32,32,72
04/23/2009,CKB,WV,AEA,CE,Combined TRACON& Tower with Radar,0,6,18,13,37,0,0,38,27,65,0,6,56,40,102,104,78,182,284
04/24/2009,CKB,WV,AEA,CE,Combined TRACON& Tower with Radar,2,5,14,9,30,0,0,38,34,72,2,5,52,43,102,94,104,198,300
04/25/2009,CKB,WV,AEA,CE,Combined TRACON& Tower with Radar,0,5,6,8,19,0,0,28,1,29,0,5,34,9,48,52,0,52,100
04/26/2009,CKB,WV,AEA,CE,Combined TRACON& Tower with Radar,0,11,8,0,19,0,0,20,0,20,0,11,28,0,39,18,0,18,57
04/27/2009,CKB,WV,AEA,CE,Combined TRACON& Tower with Radar,0,8,15,13,36,0,0,16,7,23,0,8,31,20,59,62,58,120,179
04/28/2009,CKB,WV,AEA,CE,Combined TRACON& Tower with Radar,0,5,12,11,28,0,0,12,16,28,0,5,24,27,56,10,122,132,188
04/29/2009,CKB,WV,AEA,CE,Combined TRACON& Tower with Radar,0,6,9,1,16,0,0,3,0,3,0,6,12,1,19,18,0,18,37
04/30/2009,CKB,WV,AEA,CE,Combined TRACON& Tower with Radar,0,3,3,15,21,0,0,26,33,59,0,3,29,48,80,30,140,170,250
05/01/2009,CKB,WV,AEA,CE,Combined TRACON& Tower with Radar,0,7,11,2,20,0,0,4,1,5,0,7,15,3,25,4,0,4,29
05/02/2009,CKB,WV,AEA,CE,Combined TRACON& Tower with Radar,0,4,3,0,7,0,0,6,0,6,0,4,9,0,13,10,0,10,23
05/03/2009,CKB,WV,AEA,CE,Combined TRACON& Tower with Radar,0,6,7,1,14,0,0,0,0,0,0,6,7,1,14,0,0,0,14
05/04/2009,CKB,WV,AEA,CE,Combined TRACON& Tower with Radar,0,6,7,5,18,0,0,0,1,1,0,6,7,6,19,0,0,0,19
05/05/2009,CKB,WV,AEA,CE,Combined TRACON& Tower with Radar,0,14,19,10,43,0,0,11,13,24,0,14,30,23,67,84,34,118,185
05/06/2009,CKB,WV,AEA,CE,Combined TRACON& Tower with Radar,0,8,4,14,26,0,0,14,19,33,0,8,18,33,59,36,102,138,197
05/07/2009,CKB,WV,AEA,CE,Combined TRACON& Tower with Radar,0,5,26,29,60,0,0,12,32,44,0,5,38,61,104,2,148,150,254
05/08/2009,CKB,WV,AEA,CE,Combined TRACON& Tower with Radar,0,9,6,8,23,0,0,16,18,34,0,9,22,26,57,44,138,182,239
05/09/2009,CKB,WV,AEA,CE,Combined TRACON& Tower with Radar,0,8,4,0,12,0,0,0,0,0,0,8,4,0,12,0,0,0,12
05/10/2009,CKB,WV,AEA,CE,Combined TRACON& Tower with Radar,0,3,5,1,9,0,0,14,0,14,0,3,19,1,23,30,0,30,53
05/11/2009,CKB,WV,AEA,CE,Combined TRACON& Tower with Radar,0,7,7,10,24,0,0,23,22,45,0,7,30,32,69,30,98,128,197
05/12/2009,CKB,WV,AEA,CE,Combined TRACON& Tower with Radar,0,4,16,4,24,0,0,21,11,32,0,4,37,15,56,48,100,148,204
05/13/2009,CKB,WV,AEA,CE,Combined TRACON& Tower with Radar,0,14,11,15,40,0,2,32,23,57,0,16,43,38,97,122,132,254,351
05/14/2009,CKB,WV,AEA,CE,Combined TRACON& Tower with Radar,0,4,4,4,12,0,0,11,12,23,0,4,15,16,35,14,72,86,121
05/15/2009,CKB,WV,AEA,CE,Combined TRACON& Tower with Radar,0,8,20,16,44,0,0,46,3,49,0,8,66,19,93,98,54,152,245
05/16/2009,CKB,WV,AEA,CE,Combined TRACON& Tower with Radar,0,6,10,0,16,0,0,30,0,30,0,6,40,0,46,90,0,90,136
05/17/2009,CKB,WV,AEA,CE,Combined TRACON& Tower with Radar,0,3,6,2,11,0,1,8,0,9,0,4,14,2,20,4,0,4,24
05/18/2009,CKB,WV,AEA,CE,Combined TRACON& Tower with Radar,0,5,12,23,40,0,0,31,4,35,0,5,43,27,75,44,26,70,145
05/19/2009,CKB,WV,AEA,CE,Combined TRACON& Tower with Radar,0,6,15,11,32,0,0,28,3,31,0,6,43,14,63,32,26,58,121
05/20/2009,CKB,WV,AEA,CE,Combined TRACON& Tower with Radar,0,11,18,14,43,0,2,32,8,42,0,13,50,22,85,28,53,81,166
05/21/2009,CKB,WV,AEA,CE,Combined TRACON& Tower with Radar,0,4,17,3,24,0,0,38,2,40,0,4,55,5,64,110,12,122,186
05/22/2009,CKB,WV,AEA,CE,Combined TRACON& Tower with Radar,0,5,9,2,16,0,0,32,8,40,0,5,41,10,56,74,42,116,172
05/23/2009,CKB,WV,AEA,CE,Combined TRACON& Tower with Radar,0,4,7,0,11,0,0,17,0,17,0,4,24,0,28,66,0,66,94
05/24/2009,CKB,WV,AEA,CE,Combined TRACON& Tower with Radar,0,4,7,0,11,0,2,13,0,15,0,6,20,0,26,4,0,4,30
05/25/2009,CKB,WV,AEA,CE,Combined TRACON& Tower with Radar,0,7,5,0,12,0,0,20,6,26,0,7,25,6,38,0,40,40,78
05/26/2009,CKB,WV,AEA,CE,Combined TRACON& Tower with Radar,0,8,10,9,27,0,0,0,0,0,0,8,10,9,27,4,0,4,31
05/27/2009,CKB,WV,AEA,CE,Combined TRACON& Tower with Radar,0,5,7,14,26,0,0,15,20,35,0,5,22,34,61,14,110,124,185
05/28/2009,CKB,WV,AEA,CE,Combined TRACON& Tower with Radar,0,10,7,12,29,0,0,20,30,50,0,10,27,42,79,65,112,177,256
05/29/2009,CKB,WV,AEA,CE,Combined TRACON& Tower with Radar,0,6,7,21,34,0,0,1,0,1,0,6,8,21,35,14,0,14,49
05/30/2009,CKB,WV,AEA,CE,Combined TRACON& Tower with Radar,0,10,7,4,21,0,0,10,5,15,0,10,17,9,36,42,8,50,86
05/31/2009,CKB,WV,AEA,CE,Combined TRACON& Tower with Radar,0,2,3,2,7,0,0,19,0,19,0,2,22,2,26,28,0,28,54
06/01/2009,CKB,WV,AEA,CE,Combined TRACON& Tower with Radar,0,8,15,33,56,0,0,33,49,82,0,8,48,82,138,48,186,234,372
06/02/2009,CKB,WV,AEA,CE,Combined TRACON& Tower with Radar,0,5,18,16,39,0,0,19,10,29,0,5,37,26,68,14,126,140,208
06/03/2009,CKB,WV,AEA,CE,Combined TRACON& Tower with Radar,0,5,8,31,44,0,0,10,12,22,0,5,18,43,66,22,48,70,136
06/04/2009,CKB,WV,AEA,CE,Combined TRACON& Tower with Radar,0,6,11,3,20,0,0,0,0,0,0,6,11,3,20,0,0,0,20
06/05/2009,CKB,WV,AEA,CE,Combined TRACON& Tower with Radar,0,4,16,23,43,0,0,0,0,0,0,4,16,23,43,0,0,0,43
06/06/2009,CKB,WV,AEA,CE,Combined TRACON& Tower with Radar,0,8,8,9,25,0,2,25,3,30,0,10,33,12,55,2,8,10,65
06/07/2009,CKB,WV,AEA,CE,Combined TRACON& Tower with Radar,0,5,9,5,19,0,0,13,0,13,0,5,22,5,32,28,0,28,60
06/08/2009,CKB,WV,AEA,CE,Combined TRACON& Tower with Radar,0,8,20,14,42,0,0,23,38,61,0,8,43,52,103,2,246,248,351
06/09/2009,CKB,WV,AEA,CE,Combined TRACON& Tower with Radar,0,4,11,21,36,0,0,20,15,35,0,4,31,36,71,30,100,130,201
06/10/2009,CKB,WV,AEA,CE,Combined TRACON& Tower with Radar,0,3,16,23,42,0,0,8,12,20,0,3,24,35,62,22,94,116,178
06/11/2009,CKB,WV,AEA,CE,Combined TRACON& Tower with Radar,0,13,16,8,37,0,0,8,6,14,0,13,24,14,51,52,30,82,133
06/12/2009,CKB,WV,AEA,CE,Combined TRACON& Tower with Radar,0,4,7,18,29,0,0,6,23,29,0,4,13,41,58,0,96,96,154
06/13/2009,CKB,WV,AEA,CE,Combined TRACON& Tower with Radar,0,9,6,6,21,0,5,8,0,13,0,14,14,6,34,6,22,28,62
06/14/2009,CKB,WV,AEA,CE,Combined TRACON& Tower with Radar,0,8,8,4,20,0,0,0,0,0,0,8,8,4,20,46,2,48,68
06/15/2009,CKB,WV,AEA,CE,Combined TRACON& Tower with Radar,0,8,32,16,56,0,0,21,26,47,0,8,53,42,103,8,74,82,185
06/16/2009,CKB,WV,AEA,CE,Combined TRACON& Tower with Radar,0,7,10,17,34,0,0,22,9,31,0,7,32,26,65,22,68,90,155
06/17/2009,CKB,WV,AEA,CE,Combined TRACON& Tower with Radar,0,9,9,8,26,0,0,30,50,80,0,9,39,58,106,18,152,170,276
06/18/2009,CKB,WV,AEA,CE,Combined TRACON& Tower with Radar,0,10,21,21,52,0,0,22,20,42,0,10,43,41,94,8,80,88,182
06/19/2009,CKB,WV,AEA,CE,Combined TRACON& Tower with Radar,0,6,11,2,19,0,0,4,0,4,0,6,15,2,23,4,24,28,51
06/20/2009,CKB,WV,AEA,CE,Combined TRACON& Tower with Radar,0,5,4,0,9,0,0,0,0,0,0,5,4,0,9,0,0,0,9
06/21/2009,CKB,WV,AEA,CE,Combined TRACON& Tower with Radar,0,5,5,2,12,0,0,20,1,21,0,5,25,3,33,15,0,15,48
06/22/2009,CKB,WV,AEA,CE,Combined TRACON& Tower with Radar,0,11,20,7,38,0,0,30,16,46,0,11,50,23,84,0,144,144,228
06/23/2009,CKB,WV,AEA,CE,Combined TRACON& Tower with Radar,0,3,15,23,41,0,0,36,31,67,0,3,51,54,108,50,166,216,324
06/24/2009,CKB,WV,AEA,CE,Combined TRACON& Tower with Radar,0,16,9,17,42,0,0,30,41,71,0,16,39,58,113,64,126,190,303
06/25/2009,CKB,WV,AEA,CE,Combined TRACON& Tower with Radar,0,6,8,13,27,0,0,33,23,56,0,6,41,36,83,72,128,200,283
06/26/2009,CKB,WV,AEA,CE,Combined TRACON& Tower with Radar,0,5,5,8,18,0,0,15,23,38,0,5,20,31,56,8,66,74,130
06/27/2009,CKB,WV,AEA,CE,Combined TRACON& Tower with Radar,0,4,5,0,9,0,0,20,0,20,0,4,25,0,29,20,0,20,49
06/28/2009,CKB,WV,AEA,CE,Combined TRACON& Tower with Radar,0,6,3,0,9,0,0,0,0,0,0,6,3,0,9,6,0,6,15
06/29/2009,CKB,WV,AEA,CE,Combined TRACON& Tower with Radar,0,4,14,21,39,0,1,22,14,37,0,5,36,35,76,12,122,134,210
06/30/2009,CKB,WV,AEA,CE,Combined TRACON& Tower with Radar,0,6,10,11,27,0,0,9,21,30,0,6,19,32,57,0,126,126,183
07/01/2009,CKB,WV,AEA,CE,Combined TRACON& Tower with Radar,0,7,9,12,28,0,0,20,14,34,0,7,29,26,62,26,86,112,174
07/02/2009,CKB,WV,AEA,CE,Combined TRACON& Tower with Radar,0,5,11,9,25,0,0,0,0,0,0,5,11,9,25,0,0,0,25
07/03/2009,CKB,WV,AEA,CE,Combined TRACON& Tower with Radar,0,6,3,0,9,0,0,9,0,9,0,6,12,0,18,4,0,4,22
07/04/2009,CKB,WV,AEA,CE,Combined TRACON& Tower with Radar,0,4,4,3,11,0,0,24,0,24,0,4,28,3,35,18,0,18,53
07/05/2009,CKB,WV,AEA,CE,Combined TRACON& Tower with Radar,0,4,9,0,13,0,0,11,0,11,0,4,20,0,24,8,0,8,32
07/06/2009,CKB,WV,AEA,CE,Combined TRACON& Tower with Radar,0,4,11,2,17,0,0,23,8,31,0,4,34,10,48,28,44,72,120
07/07/2009,CKB,WV,AEA,CE,Combined TRACON& Tower with Radar,0,3,9,6,18,0,1,28,22,51,0,4,37,28,69,24,102,126,195
07/08/2009,CKB,WV,AEA,CE,Combined TRACON& Tower with Radar,0,4,11,9,24,0,0,30,10,40,0,4,41,19,64,56,72,128,192
07/09/2009,CKB,WV,AEA,CE,Combined TRACON& Tower with Radar,0,12,20,11,43,0,1,37,10,48,0,13,57,21,91,62,62,124,215
07/10/2009,CKB,WV,AEA,CE,Combined TRACON& Tower with Radar,0,8,7,6,21,0,0,16,2,18,0,8,23,8,39,20,36,56,95
07/11/2009,CKB,WV,AEA,CE,Combined TRACON& Tower with Radar,0,4,3,0,7,0,0,3,0,3,0,4,6,0,10,0,0,0,10
07/12/2009,CKB,WV,AEA,CE,Combined TRACON& Tower with Radar,0,7,10,0,17,0,0,27,0,27,0,7,37,0,44,4,0,4,48
07/13/2009,CKB,WV,AEA,CE,Combined TRACON& Tower with Radar,0,6,19,7,32,0,0,41,6,47,0,6,60,13,79,20,32,52,131
07/14/2009,CKB,WV,AEA,CE,Combined TRACON& Tower with Radar,0,12,27,9,48,0,1,63,14,78,0,13,90,23,126,74,38,112,238
07/15/2009,CKB,WV,AEA,CE,Combined TRACON& Tower with Radar,0,7,12,7,26,0,0,41,17,58,0,7,53,24,84,46,48,94,178
07/16/2009,CKB,WV,AEA,CE,Combined TRACON& Tower with Radar,0,6,12,12,30,0,0,25,12,37,0,6,37,24,67,36,44,80,147
07/17/2009,CKB,WV,AEA,CE,Combined TRACON& Tower with Radar,0,5,5,6,16,0,0,1,1,2,0,5,6,7,18,12,18,30,48
07/18/2009,CKB,WV,AEA,CE,Combined TRACON& Tower with Radar,0,4,9,0,13,0,0,11,2,13,0,4,20,2,26,22,0,22,48
07/19/2009,CKB,WV,AEA,CE,Combined TRACON& Tower with Radar,0,4,14,0,18,0,0,30,1,31,0,4,44,1,49,76,0,76,125
07/20/2009,CKB,WV,AEA,CE,Combined TRACON& Tower with Radar,0,6,7,7,20,0,0,16,15,31,0,6,23,22,51,12,116,128,179
07/21/2009,CKB,WV,AEA,CE,Combined TRACON& Tower with Radar,0,7,30,15,52,0,0,36,44,80,0,7,66,59,132,78,106,184,316
07/22/2009,CKB,WV,AEA,CE,Combined TRACON& Tower with Radar,0,7,7,10,24,0,0,29,24,53,0,7,36,34,77,92,86,178,255
07/23/2009,CKB,WV,AEA,CE,Combined TRACON& Tower with Radar,0,3,12,1,16,0,0,15,4,19,0,3,27,5,35,32,0,32,67
07/24/2009,CKB,WV,AEA,CE,Combined TRACON& Tower with Radar,0,5,13,17,35,0,0,16,9,25,0,5,29,26,60,22,36,58,118
07/25/2009,CKB,WV,AEA,CE,Combined TRACON& Tower with Radar,0,6,2,0,8,0,0,5,0,5,0,6,7,0,13,16,0,16,29
07/26/2009,CKB,WV,AEA,CE,Combined TRACON& Tower with Radar,2,4,10,0,16,0,0,8,0,8,2,4,18,0,24,28,0,28,52
07/27/2009,CKB,WV,AEA,CE,Combined TRACON& Tower with Radar,0,4,13,5,22,0,0,31,44,75,0,4,44,49,97,34,82,116,213
07/28/2009,CKB,WV,AEA,CE,Combined TRACON& Tower with Radar,0,7,13,12,32,0,0,48,21,69,0,7,61,33,101,86,134,220,321
07/29/2009,CKB,WV,AEA,CE,Combined TRACON& Tower with Radar,0,9,14,2,25,0,0,1,0,1,0,9,15,2,26,2,0,2,28
07/30/2009,CKB,WV,AEA,CE,Combined TRACON& Tower with Radar,1,9,19,1,30,0,0,10,0,10,1,9,29,1,40,34,0,34,74
07/31/2009,CKB,WV,AEA,CE,Combined TRACON& Tower with Radar,1,5,10,8,24,0,0,6,1,7,1,5,16,9,31,6,2,8,39
08/01/2009,CKB,WV,AEA,CE,Combined TRACON& Tower with Radar,0,5,3,0,8,0,0,14,3,17,0,5,17,3,25,30,16,46,71
08/02/2009,CKB,WV,AEA,CE,Combined TRACON& Tower with Radar,2,6,17,5,30,0,0,16,1,17,2,6,33,6,47,20,0,20,67
08/03/2009,CKB,WV,AEA,CE,Combined TRACON& Tower with Radar,0,5,14,22,41,0,1,34,10,45,0,6,48,32,86,84,106,190,276
08/04/2009,CKB,WV,AEA,CE,Combined TRACON& Tower with Radar,0,5,9,17,31,0,0,18,2,20,0,5,27,19,51,20,74,94,145
08/05/2009,CKB,WV,AEA,CE,Combined TRACON& Tower with Radar,0,6,12,19,37,0,0,11,5,16,0,6,23,24,53,72,28,100,153
08/06/2009,CKB,WV,AEA,CE,Combined TRACON& Tower with Radar,0,5,20,26,51,0,0,36,24,60,0,5,56,50,111,150,50,200,311
08/07/2009,CKB,WV,AEA,CE,Combined TRACON& Tower with Radar,2,5,14,30,51,0,0,23,0,23,2,5,37,30,74,42,14,56,130
08/08/2009,CKB,WV,AEA,CE,Combined TRACON& Tower with Radar,0,4,12,4,20,0,0,14,0,14,0,4,26,4,34,44,0,44,78
08/09/2009,CKB,WV,AEA,CE,Combined TRACON& Tower with Radar,0,4,4,2,10,0,0,16,0,16,0,4,20,2,26,36,0,36,62
08/10/2009,CKB,WV,AEA,CE,Combined TRACON& Tower with Radar,0,10,15,14,39,0,0,12,0,12,0,10,27,14,51,60,10,70,121
08/11/2009,CKB,WV,AEA,CE,Combined TRACON& Tower with Radar,0,4,23,17,44,0,0,7,1,8,0,4,30,18,52,4,16,20,72
08/12/2009,CKB,WV,AEA,CE,Combined TRACON& Tower with Radar,0,5,15,5,25,0,0,3,10,13,0,5,18,15,38,2,18,20,58
08/13/2009,CKB,WV,AEA,CE,Combined TRACON& Tower with Radar,0,9,23,11,43,0,0,25,6,31,0,9,48,17,74,66,12,78,152
08/14/2009,CKB,WV,AEA,CE,Combined TRACON& Tower with Radar,0,5,24,5,34,0,0,31,0,31,0,5,55,5,65,52,10,62,127
08/15/2009,CKB,WV,AEA,CE,Combined TRACON& Tower with Radar,0,4,7,1,12,0,0,23,0,23,0,4,30,1,35,62,0,62,97
08/16/2009,CKB,WV,AEA,CE,Combined TRACON& Tower with Radar,0,8,8,3,19,0,1,17,0,18,0,9,25,3,37,0,0,0,37
08/17/2009,CKB,WV,AEA,CE,Combined TRACON& Tower with Radar,0,5,24,2,31,0,0,14,0,14,0,5,38,2,45,32,8,40,85
08/18/2009,CKB,WV,AEA,CE,Combined TRACON& Tower with Radar,0,5,4,4,13,0,0,3,9,12,0,5,7,13,25,6,26,32,57
08/19/2009,CKB,WV,AEA,CE,Combined TRACON& Tower with Radar,0,5,7,5,17,0,0,4,0,4,0,5,11,5,21,20,4,24,45
08/20/2009,CKB,WV,AEA,CE,Combined TRACON& Tower with Radar,0,11,8,6,25,0,0,22,0,22,0,11,30,6,47,18,0,18,65
08/21/2009,CKB,WV,AEA,CE,Combined TRACON& Tower with Radar,0,5,8,7,20,0,0,17,0,17,0,5,25,7,37,22,0,22,59
08/22/2009,CKB,WV,AEA,CE,Combined TRACON& Tower with Radar,0,4,4,4,12,0,0,21,0,21,0,4,25,4,33,26,0,26,59
08/23/2009,CKB,WV,AEA,CE,Combined TRACON& Tower with Radar,0,8,16,0,24,0,0,20,0,20,0,8,36,0,44,46,0,46,90
08/24/2009,CKB,WV,AEA,CE,Combined TRACON& Tower with Radar,0,9,13,6,28,0,0,15,14,29,0,9,28,20,57,52,50,102,159
08/25/2009,CKB,WV,AEA,CE,Combined TRACON& Tower with Radar,0,7,18,10,35,0,0,28,6,34,0,7,46,16,69,102,38,140,209
08/26/2009,CKB,WV,AEA,CE,Combined TRACON& Tower with Radar,0,8,27,6,41,0,0,39,11,50,0,8,66,17,91,44,76,120,211
08/27/2009,CKB,WV,AEA,CE,Combined TRACON& Tower with Radar,2,9,13,14,38,0,0,28,0,28,2,9,41,14,66,32,20,52,118
08/28/2009,CKB,WV,AEA,CE,Combined TRACON& Tower with Radar,0,5,11,12,28,0,0,10,6,16,0,5,21,18,44,12,54,66,110
08/29/2009,CKB,WV,AEA,CE,Combined TRACON& Tower with Radar,0,6,6,2,14,0,0,10,0,10,0,6,16,2,24,0,0,0,24
08/30/2009,CKB,WV,AEA,CE,Combined TRACON& Tower with Radar,0,4,24,1,29,0,0,12,0,12,0,4,36,1,41,30,0,30,71
08/31/2009,CKB,WV,AEA,CE,Combined TRACON& Tower with Radar,0,6,10,18,34,0,0,38,40,78,0,6,48,58,112,86,106,192,304
09/01/2009,CKB,WV,AEA,CE,Combined TRACON& Tower with Radar,0,5,15,20,40,0,1,28,2,31,0,6,43,22,71,56,84,140,211
09/02/2009,CKB,WV,AEA,CE,Combined TRACON& Tower with Radar,0,8,31,16,55,0,0,30,3,33,0,8,61,19,88,47,94,141,229
09/03/2009,CKB,WV,AEA,CE,Combined TRACON& Tower with Radar,0,8,17,15,40,0,0,39,1,40,0,8,56,16,80,88,64,152,232
09/04/2009,CKB,WV,AEA,CE,Combined TRACON& Tower with Radar,0,4,21,12,37,0,0,32,0,32,0,4,53,12,69,56,86,142,211
09/05/2009,CKB,WV,AEA,CE,Combined TRACON& Tower with Radar,0,4,9,0,13,0,0,28,0,28,0,4,37,0,41,62,0,62,103
09/06/2009,CKB,WV,AEA,CE,Combined TRACON& Tower with Radar,0,4,6,0,10,0,0,9,0,9,0,4,15,0,19,22,0,22,41
09/07/2009,CKB,WV,AEA,CE,Combined TRACON& Tower with Radar,0,5,12,0,17,0,0,4,0,4,0,5,16,0,21,16,0,16,37
09/08/2009,CKB,WV,AEA,CE,Combined TRACON& Tower with Radar,1,5,24,21,51,0,1,16,0,17,1,6,40,21,68,40,78,118,186
09/09/2009,CKB,WV,AEA,CE,Combined TRACON& Tower with Radar,0,8,12,31,51,0,0,25,2,27,0,8,37,33,78,84,38,122,200
09/10/2009,CKB,WV,AEA,CE,Combined TRACON& Tower with Radar,0,10,16,14,40,0,0,30,1,31,0,10,46,15,71,60,56,116,187
09/11/2009,CKB,WV,AEA,CE,Combined TRACON& Tower with Radar,0,6,23,23,52,0,1,31,1,33,0,7,54,24,85,90,152,242,327
09/12/2009,CKB,WV,AEA,CE,Combined TRACON& Tower with Radar,2,3,6,13,24,0,0,20,1,21,2,3,26,14,45,2,0,2,47
09/13/2009,CKB,WV,AEA,CE,Combined TRACON& Tower with Radar,0,5,7,5,17,0,0,25,1,26,0,5,32,6,43,22,22,44,87
09/14/2009,CKB,WV,AEA,CE,Combined TRACON& Tower with Radar,0,5,17,16,38,0,0,20,2,22,0,5,37,18,60,72,42,114,174
09/15/2009,CKB,WV,AEA,CE,Combined TRACON& Tower with Radar,0,5,24,35,64,0,3,29,2,34,0,8,53,37,98,112,152,264,362
09/16/2009,CKB,WV,AEA,CE,Combined TRACON& Tower with Radar,0,7,18,16,41,0,0,27,2,29,0,7,45,18,70,52,38,90,160
09/17/2009,CKB,WV,AEA,CE,Combined TRACON& Tower with Radar,0,6,10,12,28,0,1,27,3,31,0,7,37,15,59,96,26,122,181
09/18/2009,CKB,WV,AEA,CE,Combined TRACON& Tower with Radar,2,6,9,6,23,0,0,18,1,19,2,6,27,7,42,100,40,140,182
09/19/2009,CKB,WV,AEA,CE,Combined TRACON& Tower with Radar,2,8,13,2,25,0,2,255,3,260,2,10,268,5,285,8,0,8,293
09/20/2009,CKB,WV,AEA,CE,Combined TRACON& Tower with Radar,1,7,15,1,24,0,0,11,0,11,1,7,26,1,35,0,0,0,35
09/21/2009,CKB,WV,AEA,CE,Combined TRACON& Tower with Radar,0,9,11,14,34,0,0,20,0,20,0,9,31,14,54,90,34,124,178
09/22/2009,CKB,WV,AEA,CE,Combined TRACON& Tower with Radar,0,4,7,14,25,0,2,6,0,8,0,6,13,14,33,12,48,60,93
09/23/2009,CKB,WV,AEA,CE,Combined TRACON& Tower with Radar,0,8,15,14,37,0,1,25,1,27,0,9,40,15,64,52,20,72,136
09/24/2009,CKB,WV,AEA,CE,Combined TRACON& Tower with Radar,0,9,13,1,23,0,1,13,0,14,0,10,26,1,37,68,0,68,105
09/25/2009,CKB,WV,AEA,CE,Combined TRACON& Tower with Radar,2,13,12,1,28,0,1,18,0,19,2,14,30,1,47,38,0,38,85
09/26/2009,CKB,WV,AEA,CE,Combined TRACON& Tower with Radar,0,6,7,0,13,0,0,5,0,5,0,6,12,0,18,24,0,24,42
09/27/2009,CKB,WV,AEA,CE,Combined TRACON& Tower with Radar,0,6,14,1,21,0,2,4,0,6,0,8,18,1,27,30,0,30,57
09/28/2009,CKB,WV,AEA,CE,Combined TRACON& Tower with Radar,0,5,4,5,14,0,2,2,1,5,0,7,6,6,19,0,22,22,41
09/29/2009,CKB,WV,AEA,CE,Combined TRACON& Tower with Radar,0,9,12,9,30,0,4,1,1,6,0,13,13,10,36,0,0,0,36
09/30/2009,CKB,WV,AEA,CE,Combined TRACON& Tower with Radar,0,11,20,7,38,0,1,0,0,1,0,12,20,7,39,56,30,86,125
10/01/2009,CKB,WV,AEA,CE,Combined TRACON& Tower with Radar,0,7,19,4,30,0,0,34,0,34,0,7,53,4,64,110,66,176,240
10/02/2009,CKB,WV,AEA,CE,Combined TRACON& Tower with Radar,0,7,7,3,17,0,0,14,0,14,0,7,21,3,31,40,0,40,71
10/03/2009,CKB,WV,AEA,CE,Combined TRACON& Tower with Radar,0,7,11,2,20,0,0,7,0,7,0,7,18,2,27,32,0,32,59
10/04/2009,CKB,WV,AEA,CE,Combined TRACON& Tower with Radar,0,7,23,0,30,0,0,12,0,12,0,7,35,0,42,64,0,64,106
10/05/2009,CKB,WV,AEA,CE,Combined TRACON& Tower with Radar,0,6,15,9,30,0,0,26,1,27,0,6,41,10,57,34,4,38,95
10/06/2009,CKB,WV,AEA,CE,Combined TRACON& Tower with Radar,0,5,17,11,33,0,0,30,1,31,0,5,47,12,64,56,98,154,218
10/07/2009,CKB,WV,AEA,CE,Combined TRACON& Tower with Radar,0,5,18,15,38,0,1,4,1,6,0,6,22,16,44,0,0,0,44
10/08/2009,CKB,WV,AEA,CE,Combined TRACON& Tower with Radar,1,6,15,8,30,0,0,24,0,24,1,6,39,8,54,90,28,118,172
10/09/2009,CKB,WV,AEA,CE,Combined TRACON& Tower with Radar,2,6,12,0,20,0,0,5,0,5,2,6,17,0,25,0,0,0,25
10/10/2009,CKB,WV,AEA,CE,Combined TRACON& Tower with Radar,2,5,5,2,14,0,0,3,0,3,2,5,8,2,17,0,0,0,17
10/11/2009,CKB,WV,AEA,CE,Combined TRACON& Tower with Radar,0,7,13,5,25,0,0,11,0,11,0,7,24,5,36,0,0,0,36
10/12/2009,CKB,WV,AEA,CE,Combined TRACON& Tower with Radar,2,8,15,2,27,0,0,11,0,11,2,8,26,2,38,0,0,0,38
10/13/2009,CKB,WV,AEA,CE,Combined TRACON& Tower with Radar,0,5,20,10,35,0,0,6,1,7,0,5,26,11,42,10,0,10,52
10/14/2009,CKB,WV,AEA,CE,Combined TRACON& Tower with Radar,1,6,18,16,41,0,0,16,0,16,1,6,34,16,57,86,62,148,205
10/15/2009,CKB,WV,AEA,CE,Combined TRACON& Tower with Radar,0,11,9,4,24,0,0,0,0,0,0,11,9,4,24,0,0,0,24
10/16/2009,CKB,WV,AEA,CE,Combined TRACON& Tower with Radar,0,8,8,2,18,0,0,1,0,1,0,8,9,2,19,0,0,0,19
10/17/2009,CKB,WV,AEA,CE,Combined TRACON& Tower with Radar,0,4,8,0,12,0,0,0,0,0,0,4,8,0,12,0,0,0,12
10/18/2009,CKB,WV,AEA,CE,Combined TRACON& Tower with Radar,0,4,8,2,14,0,3,3,0,6,0,7,11,2,20,18,44,62,82
10/19/2009,CKB,WV,AEA,CE,Combined TRACON& Tower with Radar,0,5,27,14,46,0,0,34,1,35,0,5,61,15,81,78,128,206,287
10/20/2009,CKB,WV,AEA,CE,Combined TRACON& Tower with Radar,0,3,23,18,44,0,0,24,0,24,0,3,47,18,68,140,90,230,298
10/21/2009,CKB,WV,AEA,CE,Combined TRACON& Tower with Radar,0,7,20,14,41,0,0,37,0,37,0,7,57,14,78,96,136,232,310
10/22/2009,CKB,WV,AEA,CE,Combined TRACON& Tower with Radar,0,13,20,14,47,0,0,14,0,14,0,13,34,14,61,104,54,158,219
10/23/2009,CKB,WV,AEA,CE,Combined TRACON& Tower with Radar,1,7,1,18,27,0,0,4,0,4,1,7,5,18,31,16,58,74,105
10/24/2009,CKB,WV,AEA,CE,Combined TRACON& Tower with Radar,1,8,4,0,13,0,0,0,0,0,1,8,4,0,13,30,0,30,43
10/25/2009,CKB,WV,AEA,CE,Combined TRACON& Tower with Radar,0,7,7,0,14,0,0,25,1,26,0,7,32,1,40,118,0,118,158
10/26/2009,CKB,WV,AEA,CE,Combined TRACON& Tower with Radar,0,6,16,14,36,0,1,10,0,11,0,7,26,14,47,92,66,158,205
10/27/2009,CKB,WV,AEA,CE,Combined TRACON& Tower with Radar,0,2,8,15,25,0,0,14,0,14,0,2,22,15,39,132,90,222,261
10/28/2009,CKB,WV,AEA,CE,Combined TRACON& Tower with Radar,0,3,18,7,28,0,0,1,0,1,0,3,19,7,29,12,6,18,47
10/29/2009,CKB,WV,AEA,CE,Combined TRACON& Tower with Radar,2,6,10,14,32,0,0,22,0,22,2,6,32,14,54,42,36,78,132
10/30/2009,CKB,WV,AEA,CE,Combined TRACON& Tower with Radar,0,13,20,6,39,0,0,25,1,26,0,13,45,7,65,52,82,134,199
10/31/2009,CKB,WV,AEA,CE,Combined TRACON& Tower with Radar,0,6,0,0,6,0,0,0,0,0,0,6,0,0,6,54,0,54,60
11/01/2009,CKB,WV,AEA,CE,Combined TRACON& Tower with Radar,0,8,10,0,18,0,1,26,0,27,0,9,36,0,45,64,0,64,109
11/02/2009,CKB,WV,AEA,CE,Combined TRACON& Tower with Radar,0,6,17,11,34,0,0,23,1,24,0,6,40,12,58,110,124,234,292
11/03/2009,CKB,WV,AEA,CE,Combined TRACON& Tower with Radar,0,6,21,26,53,0,0,5,0,5,0,6,26,26,58,20,132,152,210
11/04/2009,CKB,WV,AEA,CE,Combined TRACON& Tower with Radar,0,7,12,14,33,0,2,5,0,7,0,9,17,14,40,24,140,164,204
11/05/2009,CKB,WV,AEA,CE,Combined TRACON& Tower with Radar,0,8,14,14,36,0,0,6,0,6,0,8,20,14,42,48,200,248,290
11/06/2009,CKB,WV,AEA,CE,Combined TRACON& Tower with Radar,1,7,11,13,32,0,1,21,1,23,1,8,32,14,55,103,82,185,240
11/07/2009,CKB,WV,AEA,CE,Combined TRACON& Tower with Radar,1,5,9,0,15,0,0,10,2,12,1,5,19,2,27,0,4,4,31
11/08/2009,CKB,WV,AEA,CE,Combined TRACON& Tower with Radar,0,6,9,0,15,0,0,30,0,30,0,6,39,0,45,42,0,42,87
11/09/2009,CKB,WV,AEA,CE,Combined TRACON& Tower with Radar,0,6,18,9,33,0,0,21,1,22,0,6,39,10,55,130,62,192,247
11/10/2009,CKB,WV,AEA,CE,Combined TRACON& Tower with Radar,0,2,6,8,16,0,1,12,0,13,0,3,18,8,29,24,22,46,75
11/11/2009,CKB,WV,AEA,CE,Combined TRACON& Tower with Radar,0,5,7,0,12,0,0,12,0,12,0,5,19,0,24,72,0,72,96
11/12/2009,CKB,WV,AEA,CE,Combined TRACON& Tower with Radar,0,4,16,19,39,0,0,19,12,31,0,4,35,31,70,38,54,92,162
11/13/2009,CKB,WV,AEA,CE,Combined TRACON& Tower with Radar,0,5,15,8,28,0,0,15,1,16,0,5,30,9,44,76,60,136,180
11/14/2009,CKB,WV,AEA,CE,Combined TRACON& Tower with Radar,0,6,9,0,15,0,0,13,0,13,0,6,22,0,28,102,0,102,130
11/15/2009,CKB,WV,AEA,CE,Combined TRACON& Tower with Radar,0,4,16,0,20,0,0,19,0,19,0,4,35,0,39,10,0,10,49
11/16/2009,CKB,WV,AEA,CE,Combined TRACON& Tower with Radar,0,10,11,14,35,0,0,21,0,21,0,10,32,14,56,92,28,120,176
11/17/2009,CKB,WV,AEA,CE,Combined TRACON& Tower with Radar,0,6,19,13,38,0,0,18,2,20,0,6,37,15,58,62,46,108,166
11/18/2009,CKB,WV,AEA,CE,Combined TRACON& Tower with Radar,0,6,9,19,34,0,0,10,0,10,0,6,19,19,44,66,94,160,204
11/19/2009,CKB,WV,AEA,CE,Combined TRACON& Tower with Radar,0,7,9,14,30,0,0,0,0,0,0,7,9,14,30,50,20,70,100
11/20/2009,CKB,WV,AEA,CE,Combined TRACON& Tower with Radar,0,6,16,8,30,0,0,14,0,14,0,6,30,8,44,72,16,88,132
11/21/2009,CKB,WV,AEA,CE,Combined TRACON& Tower with Radar,0,8,5,0,13,0,0,21,0,21,0,8,26,0,34,32,0,32,66
11/22/2009,CKB,WV,AEA,CE,Combined TRACON& Tower with Radar,0,5,8,0,13,0,0,18,0,18,0,5,26,0,31,8,0,8,39
11/23/2009,CKB,WV,AEA,CE,Combined TRACON& Tower with Radar,0,5,21,2,28,0,0,8,0,8,0,5,29,2,36,46,0,46,82
11/24/2009,CKB,WV,AEA,CE,Combined TRACON& Tower with Radar,0,4,3,6,13,0,0,9,0,9,0,4,12,6,22,52,0,52,74
11/25/2009,CKB,WV,AEA,CE,Combined TRACON& Tower with Radar,0,5,9,0,14,0,0,4,0,4,0,5,13,0,18,4,0,4,22
11/26/2009,CKB,WV,AEA,CE,Combined TRACON& Tower with Radar,0,5,3,0,8,0,0,1,0,1,0,5,4,0,9,0,0,0,9
11/27/2009,CKB,WV,AEA,CE,Combined TRACON& Tower with Radar,0,6,5,0,11,0,0,0,0,0,0,6,5,0,11,0,0,0,11
11/28/2009,CKB,WV,AEA,CE,Combined TRACON& Tower with Radar,0,7,17,0,24,0,1,22,0,23,0,8,39,0,47,24,0,24,71
11/29/2009,CKB,WV,AEA,CE,Combined TRACON& Tower with Radar,0,5,10,1,16,0,0,20,0,20,0,5,30,1,36,6,0,6,42
11/30/2009,CKB,WV,AEA,CE,Combined TRACON& Tower with Radar,0,9,6,5,20,0,0,0,0,0,0,9,6,5,20,10,62,72,92
12/01/2009,CKB,WV,AEA,CE,Combined TRACON& Tower with Radar,0,3,27,9,39,0,0,25,4,29,0,3,52,13,68,50,100,150,218
12/02/2009,CKB,WV,AEA,CE,Combined TRACON& Tower with Radar,0,6,4,2,12,0,0,2,0,2,0,6,6,2,14,0,8,8,22
12/03/2009,CKB,WV,AEA,CE,Combined TRACON& Tower with Radar,0,8,6,2,16,0,0,1,0,1,0,8,7,2,17,2,0,2,19
12/04/2009,CKB,WV,AEA,CE,Combined TRACON& Tower with Radar,2,8,10,3,23,0,0,5,0,5,2,8,15,3,28,20,140,160,188
12/05/2009,CKB,WV,AEA,CE,Combined TRACON& Tower with Radar,4,8,3,0,15,0,0,0,0,0,4,8,3,0,15,0,0,0,15
12/06/2009,CKB,WV,AEA,CE,Combined TRACON& Tower with Radar,0,6,4,3,13,0,0,10,0,10,0,6,14,3,23,38,0,38,61
12/07/2009,CKB,WV,AEA,CE,Combined TRACON& Tower with Radar,0,5,4,3,12,0,0,2,0,2,0,5,6,3,14,0,0,0,14
12/08/2009,CKB,WV,AEA,CE,Combined TRACON& Tower with Radar,0,4,11,0,15,0,0,5,0,5,0,4,16,0,20,132,34,166,186
12/09/2009,CKB,WV,AEA,CE,Combined TRACON& Tower with Radar,0,5,9,0,14,0,0,0,0,0,0,5,9,0,14,0,0,0,14
12/10/2009,CKB,WV,AEA,CE,Combined TRACON& Tower with Radar,0,7,4,4,15,0,0,0,0,0,0,7,4,4,15,0,28,28,43
12/11/2009,CKB,WV,AEA,CE,Combined TRACON& Tower with Radar,0,8,16,9,33,0,0,2,1,3,0,8,18,10,36,0,8,8,44
12/12/2009,CKB,WV,AEA,CE,Combined TRACON& Tower with Radar,0,4,8,0,12,0,1,13,0,14,0,5,21,0,26,14,0,14,40
12/13/2009,CKB,WV,AEA,CE,Combined TRACON& Tower with Radar,0,11,1,2,14,0,0,0,0,0,0,11,1,2,14,0,0,0,14
12/14/2009,CKB,WV,AEA,CE,Combined TRACON& Tower with Radar,0,4,10,0,14,0,0,9,0,9,0,4,19,0,23,66,10,76,99
12/15/2009,CKB,WV,AEA,CE,Combined TRACON& Tower with Radar,2,6,15,11,34,0,0,0,0,0,2,6,15,11,34,0,16,16,50
12/16/2009,CKB,WV,AEA,CE,Combined TRACON& Tower with Radar,3,5,18,2,28,0,0,18,2,20,3,5,36,4,48,30,34,64,112
12/17/2009,CKB,WV,AEA,CE,Combined TRACON& Tower with Radar,0,8,20,4,32,0,0,29,4,33,0,8,49,8,65,46,38,84,149
12/18/2009,CKB,WV,AEA,CE,Combined TRACON& Tower with Radar,0,8,10,11,29,0,0,15,9,24,0,8,25,20,53,0,6,6,59
12/19/2009,CKB,WV,AEA,CE,Combined TRACON& Tower with Radar,0,0,1,0,1,0,0,0,0,0,0,0,1,0,1,0,0,0,1
12/20/2009,CKB,WV,AEA,CE,Combined TRACON& Tower with Radar,0,6,3,0,9,0,0,0,0,0,0,6,3,0,9,0,0,0,9
12/21/2009,CKB,WV,AEA,CE,Combined TRACON& Tower with Radar,0,5,5,0,10,0,0,0,0,0,0,5,5,0,10,0,0,0,10
12/22/2009,CKB,WV,AEA,CE,Combined TRACON& Tower with Radar,0,12,6,0,18,0,0,0,0,0,0,12,6,0,18,0,0,0,18
12/23/2009,CKB,WV,AEA,CE,Combined TRACON& Tower with Radar,0,6,7,2,15,0,0,2,0,2,0,6,9,2,17,10,22,32,49
12/24/2009,CKB,WV,AEA,CE,Combined TRACON& Tower with Radar,0,7,8,0,15,0,0,4,0,4,0,7,12,0,19,6,0,6,25
12/25/2009,CKB,WV,AEA,CE,Combined TRACON& Tower with Radar,0,7,0,0,7,0,0,0,0,0,0,7,0,0,7,0,0,0,7
12/26/2009,CKB,WV,AEA,CE,Combined TRACON& Tower with Radar,3,10,2,1,16,0,0,6,0,6,3,10,8,1,22,8,0,8,30
12/27/2009,CKB,WV,AEA,CE,Combined TRACON& Tower with Radar,1,5,5,0,11,0,0,9,0,9,1,5,14,0,20,60,0,60,80
12/28/2009,CKB,WV,AEA,CE,Combined TRACON& Tower with Radar,0,5,0,3,8,0,0,0,0,0,0,5,0,3,8,0,0,0,8
12/29/2009,CKB,WV,AEA,CE,Combined TRACON& Tower with Radar,0,3,3,2,8,0,0,18,0,18,0,3,21,2,26,0,0,0,26
12/30/2009,CKB,WV,AEA,CE,Combined TRACON& Tower with Radar,2,7,6,3,18,0,0,12,0,12,2,7,18,3,30,38,8,46,76
12/31/2009,CKB,WV,AEA,CE,Combined TRACON& Tower with Radar,0,7,1,0,8,0,0,0,0,0,0,7,1,0,8,0,0,0,8
01/01/2010,CKB,WV,AEA,CE,Combined TRACON& Tower with Radar,6,9,0,0,15,0,0,2,0,2,6,9,2,0,17,0,0,0,17
01/02/2010,CKB,WV,AEA,CE,Combined TRACON& Tower with Radar,0,11,0,0,11,0,0,0,0,0,0,11,0,0,11,0,0,0,11
01/03/2010,CKB,WV,AEA,CE,Combined TRACON& Tower with Radar,0,6,5,0,11,0,0,0,0,0,0,6,5,0,11,0,0,0,11
01/04/2010,CKB,WV,AEA,CE,Combined TRACON& Tower with Radar,0,8,5,4,17,0,0,0,0,0,0,8,5,4,17,0,0,0,17
01/05/2010,CKB,WV,AEA,CE,Combined TRACON& Tower with Radar,3,3,7,0,13,0,0,0,0,0,3,3,7,0,13,0,0,0,13
01/06/2010,CKB,WV,AEA,CE,Combined TRACON& Tower with Radar,1,5,6,6,18,0,0,0,0,0,1,5,6,6,18,0,0,0,18
01/07/2010,CKB,WV,AEA,CE,Combined TRACON& Tower with Radar,0,9,4,2,15,0,0,0,0,0,0,9,4,2,15,0,0,0,15
01/08/2010,CKB,WV,AEA,CE,Combined TRACON& Tower with Radar,0,9,1,2,12,0,0,0,0,0,0,9,1,2,12,0,0,0,12
01/09/2010,CKB,WV,AEA,CE,Combined TRACON& Tower with Radar,0,6,0,0,6,0,0,0,0,0,0,6,0,0,6,0,0,0,6
01/10/2010,CKB,WV,AEA,CE,Combined TRACON& Tower with Radar,0,6,6,0,12,0,0,0,0,0,0,6,6,0,12,0,0,0,12
01/11/2010,CKB,WV,AEA,CE,Combined TRACON& Tower with Radar,0,8,14,4,26,0,0,6,0,6,0,8,20,4,32,0,0,0,32
01/12/2010,CKB,WV,AEA,CE,Combined TRACON& Tower with Radar,2,7,7,2,18,0,1,0,0,1,2,8,7,2,19,0,0,0,19
01/13/2010,CKB,WV,AEA,CE,Combined TRACON& Tower with Radar,0,8,7,13,28,0,0,12,1,13,0,8,19,14,41,80,24,104,145
01/14/2010,CKB,WV,AEA,CE,Combined TRACON& Tower with Radar,0,8,8,24,40,0,0,24,2,26,0,8,32,26,66,22,40,62,128
01/15/2010,CKB,WV,AEA,CE,Combined TRACON& Tower with Radar,0,7,22,14,43,0,0,18,4,22,0,7,40,18,65,0,28,28,93
01/16/2010,CKB,WV,AEA,CE,Combined TRACON& Tower with Radar,0,7,9,0,16,0,0,12,0,12,0,7,21,0,28,34,0,34,62
01/17/2010,CKB,WV,AEA,CE,Combined TRACON& Tower with Radar,0,7,0,0,7,0,0,0,0,0,0,7,0,0,7,0,0,0,7
01/18/2010,CKB,WV,AEA,CE,Combined TRACON& Tower with Radar,0,6,8,2,16,0,0,2,0,2,0,6,10,2,18,0,0,0,18
01/19/2010,CKB,WV,AEA,CE,Combined TRACON& Tower with Radar,0,8,8,22,38,0,0,1,0,1,0,8,9,22,39,0,0,0,39
01/20/2010,CKB,WV,AEA,CE,Combined TRACON& Tower with Radar,0,5,6,28,39,0,0,14,2,16,0,5,20,30,55,42,10,52,107
01/21/2010,CKB,WV,AEA,CE,Combined TRACON& Tower with Radar,0,7,4,17,28,0,0,10,0,10,0,7,14,17,38,82,30,112,150
01/22/2010,CKB,WV,AEA,CE,Combined TRACON& Tower with Radar,0,7,8,14,29,0,0,0,0,0,0,7,8,14,29,0,0,0,29
01/23/2010,CKB,WV,AEA,CE,Combined TRACON& Tower with Radar,0,9,10,0,19,0,0,26,0,26,0,9,36,0,45,112,0,112,157
01/24/2010,CKB,WV,AEA,CE,Combined TRACON& Tower with Radar,0,6,3,0,9,0,0,0,0,0,0,6,3,0,9,0,0,0,9
01/25/2010,CKB,WV,AEA,CE,Combined TRACON& Tower with Radar,0,8,14,18,40,0,0,0,0,0,0,8,14,18,40,0,0,0,40
01/26/2010,CKB,WV,AEA,CE,Combined TRACON& Tower with Radar,0,7,12,12,31,0,0,0,0,0,0,7,12,12,31,0,42,42,73
01/27/2010,CKB,WV,AEA,CE,Combined TRACON& Tower with Radar,0,8,7,27,42,0,0,12,2,14,0,8,19,29,56,44,20,64,120
01/28/2010,CKB,WV,AEA,CE,Combined TRACON& Tower with Radar,0,6,14,1,21,0,0,0,4,4,0,6,14,5,25,0,2,2,27
01/29/2010,CKB,WV,AEA,CE,Combined TRACON& Tower with Radar,0,7,12,17,36,0,0,15,0,15,0,7,27,17,51,46,34,80,131
01/30/2010,CKB,WV,AEA,CE,Combined TRACON& Tower with Radar,0,5,2,0,7,0,0,0,0,0,0,5,2,0,7,0,0,0,7
01/31/2010,CKB,WV,AEA,CE,Combined TRACON& Tower with Radar,0,9,11,20,40,0,0,15,0,15,0,9,26,20,55,44,0,44,99
02/01/2010,CKB,WV,AEA,CE,Combined TRACON& Tower with Radar,0,12,18,27,57,0,0,21,1,22,0,12,39,28,79,164,34,198,277
02/02/2010,CKB,WV,AEA,CE,Combined TRACON& Tower with Radar,0,9,10,24,43,0,0,6,0,6,0,9,16,24,49,10,22,32,81
02/03/2010,CKB,WV,AEA,CE,Combined TRACON& Tower with Radar,0,8,4,22,34,0,0,13,0,13,0,8,17,22,47,0,0,0,47
02/04/2010,CKB,WV,AEA,CE,Combined TRACON& Tower with Radar,0,15,8,26,49,0,1,27,2,30,0,16,35,28,79,100,0,100,179
02/05/2010,CKB,WV,AEA,CE,Combined TRACON& Tower with Radar,0,8,1,0,9,0,0,0,0,0,0,8,1,0,9,0,0,0,9
02/06/2010,CKB,WV,AEA,CE,Combined TRACON& Tower with Radar,0,1,0,0,1,0,0,0,0,0,0,1,0,0,1,0,0,0,1
02/07/2010,CKB,WV,AEA,CE,Combined TRACON& Tower with Radar,0,9,0,2,11,0,0,0,0,0,0,9,0,2,11,0,0,0,11
02/08/2010,CKB,WV,AEA,CE,Combined TRACON& Tower with Radar,0,6,7,11,24,0,0,6,3,9,0,6,13,14,33,26,70,96,129
02/09/2010,CKB,WV,AEA,CE,Combined TRACON& Tower with Radar,0,4,1,4,9,0,0,0,0,0,0,4,1,4,9,0,36,36,45
02/10/2010,CKB,WV,AEA,CE,Combined TRACON& Tower with Radar,0,5,2,0,7,0,0,0,0,0,0,5,2,0,7,0,0,0,7
02/11/2010,CKB,WV,AEA,CE,Combined TRACON& Tower with Radar,0,6,3,1,10,0,0,0,0,0,0,6,3,1,10,0,0,0,10
02/12/2010,CKB,WV,AEA,CE,Combined TRACON& Tower with Radar,0,6,3,11,20,0,1,5,0,6,0,7,8,11,26,80,80,160,186
02/13/2010,CKB,WV,AEA,CE,Combined TRACON& Tower with Radar,0,8,3,1,12,0,0,1,0,1,0,8,4,1,13,0,0,0,13
02/14/2010,CKB,WV,AEA,CE,Combined TRACON& Tower with Radar,0,2,5,0,7,0,0,1,0,1,0,2,6,0,8,0,0,0,8
02/15/2010,CKB,WV,AEA,CE,Combined TRACON& Tower with Radar,0,7,1,0,8,0,0,0,0,0,0,7,1,0,8,0,0,0,8
02/16/2010,CKB,WV,AEA,CE,Combined TRACON& Tower with Radar,0,7,5,0,12,0,0,0,0,0,0,7,5,0,12,0,0,0,12
02/17/2010,CKB,WV,AEA,CE,Combined TRACON& Tower with Radar,0,5,5,0,10,0,0,0,0,0,0,5,5,0,10,0,0,0,10
02/18/2010,CKB,WV,AEA,CE,Combined TRACON& Tower with Radar,3,9,6,0,18,0,0,0,0,0,3,9,6,0,18,0,0,0,18
02/19/2010,CKB,WV,AEA,CE,Combined TRACON& Tower with Radar,0,8,21,11,40,0,2,5,1,8,0,10,26,12,48,40,98,138,186
02/20/2010,CKB,WV,AEA,CE,Combined TRACON& Tower with Radar,0,7,8,10,25,0,0,18,0,18,0,7,26,10,43,98,54,152,195
02/21/2010,CKB,WV,AEA,CE,Combined TRACON& Tower with Radar,2,6,12,8,28,0,1,10,0,11,2,7,22,8,39,10,78,88,127
02/22/2010,CKB,WV,AEA,CE,Combined TRACON& Tower with Radar,1,5,11,2,19,0,0,6,0,6,1,5,17,2,25,92,40,132,157
02/23/2010,CKB,WV,AEA,CE,Combined TRACON& Tower with Radar,0,4,3,4,11,0,0,0,0,0,0,4,3,4,11,10,0,10,21
02/24/2010,CKB,WV,AEA,CE,Combined TRACON& Tower with Radar,0,7,6,8,21,0,0,11,0,11,0,7,17,8,32,94,122,216,248
02/25/2010,CKB,WV,AEA,CE,Combined TRACON& Tower with Radar,0,8,11,0,19,0,0,0,0,0,0,8,11,0,19,0,0,0,19
02/26/2010,CKB,WV,AEA,CE,Combined TRACON& Tower with Radar,0,7,0,0,7,0,0,0,0,0,0,7,0,0,7,0,0,0,7
02/27/2010,CKB,WV,AEA,CE,Combined TRACON& Tower with Radar,0,6,0,0,6,0,0,4,0,4,0,6,4,0,10,4,0,4,14
02/28/2010,CKB,WV,AEA,CE,Combined TRACON& Tower with Radar,0,6,2,0,8,0,0,4,0,4,0,6,6,0,12,0,0,0,12
03/01/2010,CKB,WV,AEA,CE,Combined TRACON& Tower with Radar,0,5,5,8,18,0,0,24,0,24,0,5,29,8,42,118,16,134,176
03/02/2010,CKB,WV,AEA,CE,Combined TRACON& Tower with Radar,0,6,10,14,30,0,0,6,0,6,0,6,16,14,36,84,56,140,176
03/03/2010,CKB,WV,AEA,CE,Combined TRACON& Tower with Radar,0,14,14,10,38,0,1,0,0,1,0,15,14,10,39,2,0,2,41
03/04/2010,CKB,WV,AEA,CE,Combined TRACON& Tower with Radar,0,9,21,16,46,0,0,30,0,30,0,9,51,16,76,92,100,192,268
03/05/2010,CKB,WV,AEA,CE,Combined TRACON& Tower with Radar,0,9,22,12,43,1,0,26,1,28,1,9,48,13,71,86,16,102,173
03/06/2010,CKB,WV,AEA,CE,Combined TRACON& Tower with Radar,0,6,17,2,25,0,1,28,0,29,0,7,45,2,54,110,0,110,164
03/07/2010,CKB,WV,AEA,CE,Combined TRACON& Tower with Radar,0,9,32,6,47,0,0,23,0,23,0,9,55,6,70,36,6,42,112
03/08/2010,CKB,WV,AEA,CE,Combined TRACON& Tower with Radar,0,8,16,12,36,0,1,23,2,26,0,9,39,14,62,98,30,128,190
03/09/2010,CKB,WV,AEA,CE,Combined TRACON& Tower with Radar,0,5,10,18,33,0,0,25,7,32,0,5,35,25,65,80,18,98,163
03/10/2010,CKB,WV,AEA,CE,Combined TRACON& Tower with Radar,0,7,11,15,33,0,0,34,2,36,0,7,45,17,69,106,36,142,211
03/11/2010,CKB,WV,AEA,CE,Combined TRACON& Tower with Radar,0,5,10,14,29,0,0,14,2,16,0,5,24,16,45,120,50,170,215
03/12/2010,CKB,WV,AEA,CE,Combined TRACON& Tower with Radar,0,9,14,20,43,0,0,5,0,5,0,9,19,20,48,90,84,174,222
03/13/2010,CKB,WV,AEA,CE,Combined TRACON& Tower with Radar,0,10,1,0,11,0,0,0,0,0,0,10,1,0,11,0,0,0,11
03/14/2010,CKB,WV,AEA,CE,Combined TRACON& Tower with Radar,2,8,6,1,17,0,0,2,0,2,2,8,8,1,19,0,0,0,19
03/15/2010,CKB,WV,AEA,CE,Combined TRACON& Tower with Radar,0,7,9,2,18,0,0,0,0,0,0,7,9,2,18,0,0,0,18
03/16/2010,CKB,WV,AEA,CE,Combined TRACON& Tower with Radar,0,10,14,14,38,0,0,6,0,6,0,10,20,14,44,28,78,106,150
03/17/2010,CKB,WV,AEA,CE,Combined TRACON& Tower with Radar,2,5,9,13,29,0,3,12,1,16,2,8,21,14,45,40,60,100,145
03/18/2010,CKB,WV,AEA,CE,Combined TRACON& Tower with Radar,0,13,22,17,52,0,0,30,3,33,0,13,52,20,85,50,118,168,253
03/19/2010,CKB,WV,AEA,CE,Combined TRACON& Tower with Radar,2,8,37,14,61,0,0,13,2,15,2,8,50,16,76,62,110,172,248
03/20/2010,CKB,WV,AEA,CE,Combined TRACON& Tower with Radar,0,4,20,3,27,0,0,43,1,44,0,4,63,4,71,102,64,166,237
03/21/2010,CKB,WV,AEA,CE,Combined TRACON& Tower with Radar,2,4,18,0,24,0,0,45,0,45,2,4,63,0,69,90,0,90,159
03/22/2010,CKB,WV,AEA,CE,Combined TRACON& Tower with Radar,0,6,16,13,35,0,0,8,1,9,0,6,24,14,44,26,74,100,144
03/23/2010,CKB,WV,AEA,CE,Combined TRACON& Tower with Radar,2,5,2,7,16,0,0,0,0,0,2,5,2,7,16,0,0,0,16
03/24/2010,CKB,WV,AEA,CE,Combined TRACON& Tower with Radar,2,7,11,22,42,0,4,24,6,34,2,11,35,28,76,108,230,338,414
03/25/2010,CKB,WV,AEA,CE,Combined TRACON& Tower with Radar,0,7,27,18,52,0,1,7,2,10,0,8,34,20,62,48,122,170,232
03/26/2010,CKB,WV,AEA,CE,Combined TRACON& Tower with Radar,0,5,14,8,27,0,0,5,0,5,0,5,19,8,32,24,86,110,142
03/27/2010,CKB,WV,AEA,CE,Combined TRACON& Tower with Radar,0,4,11,0,15,0,0,27,0,27,0,4,38,0,42,44,0,44,86
03/28/2010,CKB,WV,AEA,CE,Combined TRACON& Tower with Radar,0,5,6,1,12,0,0,0,0,0,0,5,6,1,12,0,0,0,12
03/29/2010,CKB,WV,AEA,CE,Combined TRACON& Tower with Radar,0,4,12,9,25,0,0,13,0,13,0,4,25,9,38,76,60,136,174
03/30/2010,CKB,WV,AEA,CE,Combined TRACON& Tower with Radar,0,3,14,17,34,0,0,22,3,25,0,3,36,20,59,100,96,196,255
03/31/2010,CKB,WV,AEA,CE,Combined TRACON& Tower with Radar,3,7,18,19,47,0,0,30,2,32,3,7,48,21,79,102,76,178,257
04/01/2010,CKB,WV,AEA,CE,Combined TRACON& Tower with Radar,0,11,15,18,44,0,0,38,1,39,0,11,53,19,83,126,114,240,323
04/02/2010,CKB,WV,AEA,CE,Combined TRACON& Tower with Radar,0,9,17,20,46,0,1,19,0,20,0,10,36,20,66,76,34,110,176
04/03/2010,CKB,WV,AEA,CE,Combined TRACON& Tower with Radar,0,9,9,0,18,0,0,8,0,8,0,9,17,0,26,0,0,0,26
04/04/2010,CKB,WV,AEA,CE,Combined TRACON& Tower with Radar,0,7,8,0,15,0,0,15,0,15,0,7,23,0,30,0,0,0,30
04/05/2010,CKB,WV,AEA,CE,Combined TRACON& Tower with Radar,1,8,9,19,37,1,2,37,19,59,2,10,46,38,96,62,156,218,314
04/06/2010,CKB,WV,AEA,CE,Combined TRACON& Tower with Radar,0,5,12,21,38,0,0,20,4,24,0,5,32,25,62,34,164,198,260
04/07/2010,CKB,WV,AEA,CE,Combined TRACON& Tower with Radar,0,7,25,20,52,0,0,18,2,20,0,7,43,22,72,50,100,150,222
04/08/2010,CKB,WV,AEA,CE,Combined TRACON& Tower with Radar,0,4,11,14,29,0,0,4,3,7,0,4,15,17,36,2,102,104,140
04/09/2010,CKB,WV,AEA,CE,Combined TRACON& Tower with Radar,0,6,7,16,29,0,0,4,0,4,0,6,11,16,33,8,64,72,105
04/10/2010,CKB,WV,AEA,CE,Combined TRACON& Tower with Radar,0,4,16,3,23,0,1,9,0,10,0,5,25,3,33,0,0,0,33
04/11/2010,CKB,WV,AEA,CE,Combined TRACON& Tower with Radar,0,6,7,1,14,0,0,18,1,19,0,6,25,2,33,20,0,20,53
04/12/2010,CKB,WV,AEA,CE,Combined TRACON& Tower with Radar,0,5,17,15,37,0,1,26,1,28,0,6,43,16,65,36,114,150,215
04/13/2010,CKB,WV,AEA,CE,Combined TRACON& Tower with Radar,2,5,8,11,26,0,0,15,1,16,2,5,23,12,42,52,66,118,160
04/14/2010,CKB,WV,AEA,CE,Combined TRACON& Tower with Radar,0,8,12,21,41,0,0,25,1,26,0,8,37,22,67,82,144,226,293
04/15/2010,CKB,WV,AEA,CE,Combined TRACON& Tower with Radar,0,8,17,26,51,0,1,28,0,29,0,9,45,26,80,78,8,86,166
04/16/2010,CKB,WV,AEA,CE,Combined TRACON& Tower with Radar,2,5,15,16,38,0,0,1,0,1,2,5,16,16,39,10,26,36,75
04/17/2010,CKB,WV,AEA,CE,Combined TRACON& Tower with Radar,0,4,2,1,7,0,0,5,0,5,0,4,7,1,12,14,0,14,26
04/18/2010,CKB,WV,AEA,CE,Combined TRACON& Tower with Radar,0,5,10,0,15,0,0,8,0,8,0,5,18,0,23,22,0,22,45
04/19/2010,CKB,WV,AEA,CE,Combined TRACON& Tower with Radar,0,7,31,11,49,0,2,16,2,20,0,9,47,13,69,22,0,22,91
04/20/2010,CKB,WV,AEA,CE,Combined TRACON& Tower with Radar,0,8,11,26,45,0,0,9,2,11,0,8,20,28,56,82,86,168,224
04/21/2010,CKB,WV,AEA,CE,Combined TRACON& Tower with Radar,0,5,16,31,52,0,1,27,0,28,0,6,43,31,80,66,90,156,236
04/22/2010,CKB,WV,AEA,CE,Combined TRACON& Tower with Radar,0,7,14,25,46,0,0,27,4,31,0,7,41,29,77,56,40,96,173
04/23/2010,CKB,WV,AEA,CE,Combined TRACON& Tower with Radar,0,10,12,14,36,0,0,30,8,38,0,10,42,22,74,48,79,127,201
04/24/2010,CKB,WV,AEA,CE,Combined TRACON& Tower with Radar,0,7,2,0,9,0,0,1,0,1,0,7,3,0,10,0,0,0,10
04/25/2010,CKB,WV,AEA,CE,Combined TRACON& Tower with Radar,0,11,6,0,17,0,0,2,0,2,0,11,8,0,19,0,0,0,19
04/26/2010,CKB,WV,AEA,CE,Combined TRACON& Tower with Radar,0,7,4,4,15,0,0,0,0,0,0,7,4,4,15,0,0,0,15
04/27/2010,CKB,WV,AEA,CE,Combined TRACON& Tower with Radar,0,6,24,24,54,0,0,13,0,13,0,6,37,24,67,28,120,148,215
04/28/2010,CKB,WV,AEA,CE,Combined TRACON& Tower with Radar,0,5,18,26,49,0,0,50,5,55,0,5,68,31,104,74,168,242,346
04/29/2010,CKB,WV,AEA,CE,Combined TRACON& Tower with Radar,0,11,16,24,51,0,0,24,0,24,0,11,40,24,75,24,128,152,227
04/30/2010,CKB,WV,AEA,CE,Combined TRACON& Tower with Radar,0,5,16,22,43,0,0,22,1,23,0,5,38,23,66,30,84,114,180
05/01/2010,CKB,WV,AEA,CE,Combined TRACON& Tower with Radar,0,5,14,0,19,0,0,10,0,10,0,5,24,0,29,36,0,36,65
05/02/2010,CKB,WV,AEA,CE,Combined TRACON& Tower with Radar,0,3,4,0,7,0,0,0,0,0,0,3,4,0,7,0,0,0,7
05/03/2010,CKB,WV,AEA,CE,Combined TRACON& Tower with Radar,0,5,8,21,34,0,0,8,3,11,0,5,16,24,45,20,100,120,165
05/04/2010,CKB,WV,AEA,CE,Combined TRACON& Tower with Radar,0,5,11,31,47,0,0,20,2,22,0,5,31,33,69,52,152,204,273
05/05/2010,CKB,WV,AEA,CE,Combined TRACON& Tower with Radar,0,11,17,24,52,0,0,19,1,20,0,11,36,25,72,20,134,154,226
05/06/2010,CKB,WV,AEA,CE,Combined TRACON& Tower with Radar,0,3,9,18,30,0,1,11,0,12,0,4,20,18,42,30,72,102,144
05/07/2010,CKB,WV,AEA,CE,Combined TRACON& Tower with Radar,0,7,14,12,33,0,0,14,0,14,0,7,28,12,47,10,18,28,75
05/08/2010,CKB,WV,AEA,CE,Combined TRACON& Tower with Radar,1,8,2,0,11,0,0,0,0,0,1,8,2,0,11,0,0,0,11
05/09/2010,CKB,WV,AEA,CE,Combined TRACON& Tower with Radar,0,9,8,1,18,0,0,4,0,4,0,9,12,1,22,0,0,0,22
05/10/2010,CKB,WV,AEA,CE,Combined TRACON& Tower with Radar,0,6,12,21,39,0,0,23,0,23,0,6,35,21,62,52,86,138,200
05/11/2010,CKB,WV,AEA,CE,Combined TRACON& Tower with Radar,0,5,14,10,29,0,0,4,0,4,0,5,18,10,33,10,4,14,47
05/12/2010,CKB,WV,AEA,CE,Combined TRACON& Tower with Radar,0,10,13,11,34,0,0,2,1,3,0,10,15,12,37,32,48,80,117
05/13/2010,CKB,WV,AEA,CE,Combined TRACON& Tower with Radar,0,9,18,22,49,0,0,22,19,41,0,9,40,41,90,60,132,192,282
05/14/2010,CKB,WV,AEA,CE,Combined TRACON& Tower with Radar,0,8,10,22,40,0,0,5,0,5,0,8,15,22,45,0,28,28,73
05/15/2010,CKB,WV,AEA,CE,Combined TRACON& Tower with Radar,0,6,9,6,21,0,0,31,4,35,0,6,40,10,56,76,22,98,154
05/16/2010,CKB,WV,AEA,CE,Combined TRACON& Tower with Radar,0,4,11,5,20,0,0,6,0,6,0,4,17,5,26,8,0,8,34
05/17/2010,CKB,WV,AEA,CE,Combined TRACON& Tower with Radar,2,7,8,9,26,0,0,1,0,1,2,7,9,9,27,2,130,132,159
05/18/2010,CKB,WV,AEA,CE,Combined TRACON& Tower with Radar,0,3,16,11,30,0,0,1,1,2,0,3,17,12,32,10,90,100,132
05/19/2010,CKB,WV,AEA,CE,Combined TRACON& Tower with Radar,0,12,12,17,41,0,0,5,1,6,0,12,17,18,47,0,100,100,147
05/20/2010,CKB,WV,AEA,CE,Combined TRACON& Tower with Radar,0,7,25,22,54,0,4,41,9,54,0,11,66,31,108,230,152,382,490
05/21/2010,CKB,WV,AEA,CE,Combined TRACON& Tower with Radar,0,6,15,17,38,0,0,13,1,14,0,6,28,18,52,0,86,86,138
05/22/2010,CKB,WV,AEA,CE,Combined TRACON& Tower with Radar,0,7,3,4,14,0,0,0,2,2,0,7,3,6,16,0,0,0,16
05/23/2010,CKB,WV,AEA,CE,Combined TRACON& Tower with Radar,0,4,2,0,6,0,0,7,1,8,0,4,9,1,14,44,6,50,64
05/24/2010,CKB,WV,AEA,CE,Combined TRACON& Tower with Radar,0,5,11,26,42,0,0,31,10,41,0,5,42,36,83,96,128,224,307
05/25/2010,CKB,WV,AEA,CE,Combined TRACON& Tower with Radar,0,11,21,26,58,0,0,24,4,28,0,11,45,30,86,68,116,184,270
05/26/2010,CKB,WV,AEA,CE,Combined TRACON& Tower with Radar,0,6,15,14,35,0,0,40,13,53,0,6,55,27,88,72,166,238,326
05/27/2010,CKB,WV,AEA,CE,Combined TRACON& Tower with Radar,0,13,9,19,41,0,0,14,0,14,0,13,23,19,55,46,74,120,175
05/28/2010,CKB,WV,AEA,CE,Combined TRACON& Tower with Radar,0,5,16,8,29,0,0,33,2,35,0,5,49,10,64,68,44,112,176
05/29/2010,CKB,WV,AEA,CE,Combined TRACON& Tower with Radar,0,6,8,0,14,0,0,15,0,15,0,6,23,0,29,38,0,38,67
05/30/2010,CKB,WV,AEA,CE,Combined TRACON& Tower with Radar,0,8,2,0,10,0,0,18,0,18,0,8,20,0,28,32,0,32,60
05/31/2010,CKB,WV,AEA,CE,Combined TRACON& Tower with Radar,0,5,12,0,17,0,0,6,0,6,0,5,18,0,23,50,0,50,73
06/01/2010,CKB,WV,AEA,CE,Combined TRACON& Tower with Radar,0,3,20,19,42,0,0,17,0,17,0,3,37,19,59,44,34,78,137
06/02/2010,CKB,WV,AEA,CE,Combined TRACON& Tower with Radar,0,5,7,29,41,0,0,39,26,65,0,5,46,55,106,66,144,210,316
06/03/2010,CKB,WV,AEA,CE,Combined TRACON& Tower with Radar,0,4,6,30,40,0,0,3,0,3,0,4,9,30,43,30,0,30,73
06/04/2010,CKB,WV,AEA,CE,Combined TRACON& Tower with Radar,0,15,7,19,41,0,0,14,7,21,0,15,21,26,62,12,92,104,166
06/05/2010,CKB,WV,AEA,CE,Combined TRACON& Tower with Radar,0,12,10,0,22,0,0,1,0,1,0,12,11,0,23,0,0,0,23
06/06/2010,CKB,WV,AEA,CE,Combined TRACON& Tower with Radar,0,4,1,0,5,0,0,2,0,2,0,4,3,0,7,40,0,40,47
06/07/2010,CKB,WV,AEA,CE,Combined TRACON& Tower with Radar,0,5,23,20,48,0,0,23,1,24,0,5,46,21,72,48,56,104,176
06/08/2010,CKB,WV,AEA,CE,Combined TRACON& Tower with Radar,0,3,15,28,46,0,0,31,3,34,0,3,46,31,80,28,96,124,204
06/09/2010,CKB,WV,AEA,CE,Combined TRACON& Tower with Radar,0,10,5,1,16,0,0,0,0,0,0,10,5,1,16,0,0,0,16
06/10/2010,CKB,WV,AEA,CE,Combined TRACON& Tower with Radar,0,9,20,20,49,0,0,21,2,23,0,9,41,22,72,34,78,112,184
06/11/2010,CKB,WV,AEA,CE,Combined TRACON& Tower with Radar,0,7,13,22,42,0,0,22,1,23,0,7,35,23,65,24,40,64,129
06/12/2010,CKB,WV,AEA,CE,Combined TRACON& Tower with Radar,0,4,5,7,16,0,0,5,0,5,0,4,10,7,21,0,60,60,81
06/13/2010,CKB,WV,AEA,CE,Combined TRACON& Tower with Radar,0,4,4,0,8,0,0,2,0,2,0,4,6,0,10,38,0,38,48
06/14/2010,CKB,WV,AEA,CE,Combined TRACON& Tower with Radar,0,5,10,15,30,0,0,4,0,4,0,5,14,15,34,10,46,56,90
06/15/2010,CKB,WV,AEA,CE,Combined TRACON& Tower with Radar,0,5,12,16,33,0,0,0,2,2,0,5,12,18,35,38,32,70,105
06/16/2010,CKB,WV,AEA,CE,Combined TRACON& Tower with Radar,0,5,8,13,26,0,1,8,2,11,0,6,16,15,37,2,64,66,103
06/17/2010,CKB,WV,AEA,CE,Combined TRACON& Tower with Radar,0,9,13,20,42,0,0,10,1,11,0,9,23,21,53,22,70,92,145
06/18/2010,CKB,WV,AEA,CE,Combined TRACON& Tower with Radar,0,8,16,28,52,0,0,19,7,26,0,8,35,35,78,20,54,74,152
06/19/2010,CKB,WV,AEA,CE,Combined TRACON& Tower with Radar,0,5,5,0,10,0,0,12,0,12,0,5,17,0,22,8,0,8,30
06/20/2010,CKB,WV,AEA,CE,Combined TRACON& Tower with Radar,0,4,13,1,18,0,0,3,1,4,0,4,16,2,22,12,0,12,34
06/21/2010,CKB,WV,AEA,CE,Combined TRACON& Tower with Radar,0,6,24,15,45,0,0,15,2,17,0,6,39,17,62,18,28,46,108
06/22/2010,CKB,WV,AEA,CE,Combined TRACON& Tower with Radar,0,5,10,12,27,0,0,9,1,10,0,5,19,13,37,12,34,46,83
06/23/2010,CKB,WV,AEA,CE,Combined TRACON& Tower with Radar,0,4,21,16,41,0,0,13,1,14,0,4,34,17,55,16,42,58,113
06/24/2010,CKB,WV,AEA,CE,Combined TRACON& Tower with Radar,0,10,8,4,22,0,0,5,1,6,0,10,13,5,28,50,0,50,78
06/25/2010,CKB,WV,AEA,CE,Combined TRACON& Tower with Radar,0,5,16,8,29,0,0,12,2,14,0,5,28,10,43,0,0,0,43
06/26/2010,CKB,WV,AEA,CE,Combined TRACON& Tower with Radar,0,4,12,0,16,0,0,16,0,16,0,4,28,0,32,42,20,62,94
06/27/2010,CKB,WV,AEA,CE,Combined TRACON& Tower with Radar,0,4,9,1,14,0,0,2,0,2,0,4,11,1,16,48,12,60,76
06/28/2010,CKB,WV,AEA,CE,Combined TRACON& Tower with Radar,0,11,13,16,40,0,3,8,2,13,0,14,21,18,53,4,52,56,109
06/29/2010,CKB,WV,AEA,CE,Combined TRACON& Tower with Radar,0,7,17,16,40,0,0,13,2,15,0,7,30,18,55,4,98,102,157
06/30/2010,CKB,WV,AEA,CE,Combined TRACON& Tower with Radar,0,6,27,19,52,0,0,20,2,22,0,6,47,21,74,16,126,142,216
07/01/2010,CKB,WV,AEA,CE,Combined TRACON& Tower with Radar,0,5,12,17,34,0,1,22,9,32,0,6,34,26,66,26,186,212,278
07/02/2010,CKB,WV,AEA,CE,Combined TRACON& Tower with Radar,0,5,18,8,31,0,1,5,11,17,0,6,23,19,48,0,78,78,126
07/03/2010,CKB,WV,AEA,CE,Combined TRACON& Tower with Radar,0,7,9,0,16,0,0,15,0,15,0,7,24,0,31,0,0,0,31
07/04/2010,CKB,WV,AEA,CE,Combined TRACON& Tower with Radar,0,4,6,0,10,0,0,13,0,13,0,4,19,0,23,0,0,0,23
07/05/2010,CKB,WV,AEA,CE,Combined TRACON& Tower with Radar,0,4,6,0,10,0,0,5,0,5,0,4,11,0,15,0,0,0,15
07/06/2010,CKB,WV,AEA,CE,Combined TRACON& Tower with Radar,0,7,1,16,24,0,0,4,5,9,0,7,5,21,33,10,58,68,101
07/07/2010,CKB,WV,AEA,CE,Combined TRACON& Tower with Radar,0,8,8,8,24,0,0,12,13,25,0,8,20,21,49,0,76,76,125
07/08/2010,CKB,WV,AEA,CE,Combined TRACON& Tower with Radar,0,8,12,17,37,0,0,9,0,9,0,8,21,17,46,0,26,26,72
07/09/2010,CKB,WV,AEA,CE,Combined TRACON& Tower with Radar,0,9,7,18,34,0,0,2,2,4,0,9,9,20,38,8,18,26,64
07/10/2010,CKB,WV,AEA,CE,Combined TRACON& Tower with Radar,0,5,9,1,15,0,0,4,0,4,0,5,13,1,19,0,0,0,19
07/11/2010,CKB,WV,AEA,CE,Combined TRACON& Tower with Radar,0,4,6,5,15,0,0,16,1,17,0,4,22,6,32,0,0,0,32
07/12/2010,CKB,WV,AEA,CE,Combined TRACON& Tower with Radar,0,9,8,12,29,0,0,7,0,7,0,9,15,12,36,0,0,0,36
07/13/2010,CKB,WV,AEA,CE,Combined TRACON& Tower with Radar,0,3,13,14,30,0,0,7,1,8,0,3,20,15,38,2,0,2,40
07/14/2010,CKB,WV,AEA,CE,Combined TRACON& Tower with Radar,0,8,16,16,40,0,0,11,1,12,0,8,27,17,52,50,32,82,134
07/15/2010,CKB,WV,AEA,CE,Combined TRACON& Tower with Radar,0,8,8,9,25,0,0,41,9,50,0,8,49,18,75,72,26,98,173
07/16/2010,CKB,WV,AEA,CE,Combined TRACON& Tower with Radar,0,5,14,11,30,0,0,9,0,9,0,5,23,11,39,18,12,30,69
07/17/2010,CKB,WV,AEA,CE,Combined TRACON& Tower with Radar,0,4,6,4,14,0,0,6,0,6,0,4,12,4,20,0,0,0,20
07/18/2010,CKB,WV,AEA,CE,Combined TRACON& Tower with Radar,0,4,15,0,19,0,0,5,0,5,0,4,20,0,24,0,0,0,24
07/19/2010,CKB,WV,AEA,CE,Combined TRACON& Tower with Radar,0,9,15,14,38,0,0,16,2,18,0,9,31,16,56,30,32,62,118
07/20/2010,CKB,WV,AEA,CE,Combined TRACON& Tower with Radar,0,3,10,14,27,0,0,7,0,7,0,3,17,14,34,10,16,26,60
07/21/2010,CKB,WV,AEA,CE,Combined TRACON& Tower with Radar,0,5,8,8,21,0,0,5,1,6,0,5,13,9,27,10,18,28,55
07/22/2010,CKB,WV,AEA,CE,Combined TRACON& Tower with Radar,0,5,22,8,35,0,1,16,0,17,0,6,38,8,52,52,86,138,190
07/23/2010,CKB,WV,AEA,CE,Combined TRACON& Tower with Radar,0,10,27,7,44,0,1,8,2,11,0,11,35,9,55,26,54,80,135
07/24/2010,CKB,WV,AEA,CE,Combined TRACON& Tower with Radar,0,7,7,3,17,0,0,10,0,10,0,7,17,3,27,2,16,18,45
07/25/2010,CKB,WV,AEA,CE,Combined TRACON& Tower with Radar,0,6,7,0,13,0,0,5,0,5,0,6,12,0,18,0,0,0,18
07/26/2010,CKB,WV,AEA,CE,Combined TRACON& Tower with Radar,0,15,16,10,41,0,0,24,0,24,0,15,40,10,65,12,70,82,147
07/27/2010,CKB,WV,AEA,CE,Combined TRACON& Tower with Radar,0,2,7,16,25,0,0,13,1,14,0,2,20,17,39,4,56,60,99
07/28/2010,CKB,WV,AEA,CE,Combined TRACON& Tower with Radar,0,8,8,11,27,0,0,15,1,16,0,8,23,12,43,34,64,98,141
07/29/2010,CKB,WV,AEA,CE,Combined TRACON& Tower with Radar,0,9,6,14,29,0,0,6,2,8,0,9,12,16,37,4,0,4,41
07/30/2010,CKB,WV,AEA,CE,Combined TRACON& Tower with Radar,0,4,10,8,22,0,0,16,3,19,0,4,26,11,41,14,86,100,141
07/31/2010,CKB,WV,AEA,CE,Combined TRACON& Tower with Radar,0,6,5,4,15,0,0,23,1,24,0,6,28,5,39,26,20,46,85
08/01/2010,CKB,WV,AEA,CE,Combined TRACON& Tower with Radar,0,4,14,0,18,0,0,8,0,8,0,4,22,0,26,0,0,0,26
08/02/2010,CKB,WV,AEA,CE,Combined TRACON& Tower with Radar,0,6,13,14,33,0,0,17,4,21,0,6,30,18,54,16,42,58,112
08/03/2010,CKB,WV,AEA,CE,Combined TRACON& Tower with Radar,1,3,18,14,36,0,0,13,0,13,1,3,31,14,49,0,44,44,93
08/04/2010,CKB,WV,AEA,CE,Combined TRACON& Tower with Radar,0,7,10,11,28,0,0,5,1,6,0,7,15,12,34,16,28,44,78
08/05/2010,CKB,WV,AEA,CE,Combined TRACON& Tower with Radar,0,7,6,8,21,0,0,3,0,3,0,7,9,8,24,12,42,54,78
08/06/2010,CKB,WV,AEA,CE,Combined TRACON& Tower with Radar,0,6,8,9,23,0,0,13,1,14,0,6,21,10,37,52,52,104,141
08/07/2010,CKB,WV,AEA,CE,Combined TRACON& Tower with Radar,0,4,10,0,14,0,0,4,0,4,0,4,14,0,18,0,0,0,18
08/08/2010,CKB,WV,AEA,CE,Combined TRACON& Tower with Radar,0,3,5,2,10,0,0,10,0,10,0,3,15,2,20,0,0,0,20
08/09/2010,CKB,WV,AEA,CE,Combined TRACON& Tower with Radar,0,6,12,12,30,0,0,16,4,20,0,6,28,16,50,20,38,58,108
08/10/2010,CKB,WV,AEA,CE,Combined TRACON& Tower with Radar,0,4,14,11,29,0,0,20,7,27,0,4,34,18,56,10,92,102,158
08/11/2010,CKB,WV,AEA,CE,Combined TRACON& Tower with Radar,0,5,6,11,22,0,0,9,5,14,0,5,15,16,36,18,96,114,150
08/12/2010,CKB,WV,AEA,CE,Combined TRACON& Tower with Radar,0,7,11,18,36,0,0,2,0,2,0,7,13,18,38,2,28,30,68
08/13/2010,CKB,WV,AEA,CE,Combined TRACON& Tower with Radar,0,11,8,10,29,0,0,11,0,11,0,11,19,10,40,8,108,116,156
08/14/2010,CKB,WV,AEA,CE,Combined TRACON& Tower with Radar,0,8,12,0,20,0,1,3,0,4,0,9,15,0,24,36,10,46,70
08/15/2010,CKB,WV,AEA,CE,Combined TRACON& Tower with Radar,0,5,8,0,13,0,0,5,0,5,0,5,13,0,18,2,0,2,20
08/16/2010,CKB,WV,AEA,CE,Combined TRACON& Tower with Radar,0,5,16,20,41,0,0,10,0,10,0,5,26,20,51,18,24,42,93
08/17/2010,CKB,WV,AEA,CE,Combined TRACON& Tower with Radar,0,3,9,13,25,0,0,12,7,19,0,3,21,20,44,34,50,84,128
08/18/2010,CKB,WV,AEA,CE,Combined TRACON& Tower with Radar,0,7,12,14,33,0,0,8,0,8,0,7,20,14,41,0,0,0,41
08/19/2010,CKB,WV,AEA,CE,Combined TRACON& Tower with Radar,0,7,11,18,36,0,0,2,0,2,0,7,13,18,38,20,4,24,62
08/20/2010,CKB,WV,AEA,CE,Combined TRACON& Tower with Radar,0,11,8,10,29,0,0,4,0,4,0,11,12,10,33,6,8,14,47
08/21/2010,CKB,WV,AEA,CE,Combined TRACON& Tower with Radar,0,8,12,0,20,0,1,3,0,4,0,9,15,0,24,0,0,0,24
08/22/2010,CKB,WV,AEA,CE,Combined TRACON& Tower with Radar,0,5,8,0,13,0,0,5,0,5,0,5,13,0,18,0,0,0,18
08/23/2010,CKB,WV,AEA,CE,Combined TRACON& Tower with Radar,0,5,16,20,41,0,0,10,0,10,0,5,26,20,51,0,30,30,81
08/24/2010,CKB,WV,AEA,CE,Combined TRACON& Tower with Radar,0,3,23,20,46,0,1,3,0,4,0,4,26,20,50,26,0,26,76
08/25/2010,CKB,WV,AEA,CE,Combined TRACON& Tower with Radar,0,8,14,17,39,0,0,6,0,6,0,8,20,17,45,20,30,50,95
08/26/2010,CKB,WV,AEA,CE,Combined TRACON& Tower with Radar,0,6,22,24,52,0,0,11,0,11,0,6,33,24,63,10,10,20,83
08/27/2010,CKB,WV,AEA,CE,Combined TRACON& Tower with Radar,0,6,9,10,25,0,2,14,0,16,0,8,23,10,41,46,22,68,109
08/28/2010,CKB,WV,AEA,CE,Combined TRACON& Tower with Radar,0,8,11,0,19,0,1,19,3,23,0,9,30,3,42,20,0,20,62
08/29/2010,CKB,WV,AEA,CE,Combined TRACON& Tower with Radar,0,4,10,0,14,0,1,13,0,14,0,5,23,0,28,6,8,14,42
08/30/2010,CKB,WV,AEA,CE,Combined TRACON& Tower with Radar,0,7,13,20,40,0,0,29,6,35,0,7,42,26,75,0,60,60,135
08/31/2010,CKB,WV,AEA,CE,Combined TRACON& Tower with Radar,0,5,12,25,42,0,0,70,8,78,0,5,82,33,120,22,72,94,214
09/01/2010,CKB,WV,AEA,CE,Combined TRACON& Tower with Radar,0,5,12,16,33,0,0,43,6,49,0,5,55,22,82,38,40,78,160
09/02/2010,CKB,WV,AEA,CE,Combined TRACON& Tower with Radar,0,5,19,15,39,0,0,30,5,35,0,5,49,20,74,4,54,58,132
09/03/2010,CKB,WV,AEA,CE,Combined TRACON& Tower with Radar,2,9,4,17,32,0,0,6,3,9,2,9,10,20,41,2,54,56,97
09/04/2010,CKB,WV,AEA,CE,Combined TRACON& Tower with Radar,2,5,10,0,17,0,1,4,0,5,2,6,14,0,22,0,0,0,22
09/05/2010,CKB,WV,AEA,CE,Combined TRACON& Tower with Radar,0,5,7,0,12,0,0,10,0,10,0,5,17,0,22,6,0,6,28
09/06/2010,CKB,WV,AEA,CE,Combined TRACON& Tower with Radar,0,5,6,0,11,0,1,12,0,13,0,6,18,0,24,14,0,14,38
09/07/2010,CKB,WV,AEA,CE,Combined TRACON& Tower with Radar,0,6,12,20,38,0,0,23,6,29,0,6,35,26,67,24,198,222,289
09/08/2010,CKB,WV,AEA,CE,Combined TRACON& Tower with Radar,0,6,13,15,34,0,0,16,11,27,0,6,29,26,61,40,134,174,235
09/09/2010,CKB,WV,AEA,CE,Combined TRACON& Tower with Radar,0,4,33,32,69,0,1,20,4,25,0,5,53,36,94,28,38,66,160
09/10/2010,CKB,WV,AEA,CE,Combined TRACON& Tower with Radar,0,9,15,17,41,0,1,19,3,23,0,10,34,20,64,28,34,62,126
09/11/2010,CKB,WV,AEA,CE,Combined TRACON& Tower with Radar,0,7,9,0,16,0,0,10,2,12,0,7,19,2,28,12,0,12,40
09/12/2010,CKB,WV,AEA,CE,Combined TRACON& Tower with Radar,0,7,12,0,19,0,0,12,1,13,0,7,24,1,32,16,3,19,51
09/13/2010,CKB,WV,AEA,CE,Combined TRACON& Tower with Radar,0,9,10,10,29,0,0,24,3,27,0,9,34,13,56,14,40,54,110
09/14/2010,CKB,WV,AEA,CE,Combined TRACON& Tower with Radar,0,4,4,18,26,0,0,12,4,16,0,4,16,22,42,14,32,46,88
09/15/2010,CKB,WV,AEA,CE,Combined TRACON& Tower with Radar,0,5,17,12,34,0,0,33,6,39,0,5,50,18,73,56,66,122,195
09/16/2010,CKB,WV,AEA,CE,Combined TRACON& Tower with Radar,6,7,26,9,48,0,0,0,0,0,6,7,26,9,48,0,46,46,94
09/17/2010,CKB,WV,AEA,CE,Combined TRACON& Tower with Radar,0,5,21,13,39,0,0,7,0,7,0,5,28,13,46,14,18,32,78
09/18/2010,CKB,WV,AEA,CE,Combined TRACON& Tower with Radar,0,6,5,0,11,0,0,8,3,11,0,6,13,3,22,26,0,26,48
09/19/2010,CKB,WV,AEA,CE,Combined TRACON& Tower with Radar,0,4,11,2,17,0,1,10,0,11,0,5,21,2,28,10,0,10,38
09/20/2010,CKB,WV,AEA,CE,Combined TRACON& Tower with Radar,0,11,20,9,40,0,0,18,7,25,0,11,38,16,65,32,49,81,146
09/21/2010,CKB,WV,AEA,CE,Combined TRACON& Tower with Radar,0,6,16,17,39,0,0,16,6,22,0,6,32,23,61,20,114,134,195
09/22/2010,CKB,WV,AEA,CE,Combined TRACON& Tower with Radar,0,5,19,15,39,0,0,20,5,25,0,5,39,20,64,44,90,134,198
09/23/2010,CKB,WV,AEA,CE,Combined TRACON& Tower with Radar,0,4,14,16,34,0,0,19,6,25,0,4,33,22,59,8,68,76,135
09/24/2010,CKB,WV,AEA,CE,Combined TRACON& Tower with Radar,2,6,30,10,48,0,0,14,8,22,2,6,44,18,70,10,90,100,170
09/25/2010,CKB,WV,AEA,CE,Combined TRACON& Tower with Radar,0,5,9,0,14,0,0,13,0,13,0,5,22,0,27,0,0,0,27
09/26/2010,CKB,WV,AEA,CE,Combined TRACON& Tower with Radar,0,5,12,0,17,0,0,8,0,8,0,5,20,0,25,26,0,26,51
09/27/2010,CKB,WV,AEA,CE,Combined TRACON& Tower with Radar,0,6,14,11,31,0,1,5,2,8,0,7,19,13,39,40,234,274,313
09/28/2010,CKB,WV,AEA,CE,Combined TRACON& Tower with Radar,0,5,10,0,15,0,2,0,0,2,0,7,10,0,17,0,0,0,17
09/29/2010,CKB,WV,AEA,CE,Combined TRACON& Tower with Radar,0,11,17,17,45,0,1,20,3,24,0,12,37,20,69,60,170,230,299
09/30/2010,CKB,WV,AEA,CE,Combined TRACON& Tower with Radar,0,5,15,5,25,0,0,0,0,0,0,5,15,5,25,0,0,0,25
10/01/2010,CKB,WV,AEA,CE,Combined TRACON& Tower with Radar,0,5,12,18,35,0,0,11,3,14,0,5,23,21,49,4,70,74,123
10/02/2010,CKB,WV,AEA,CE,Combined TRACON& Tower with Radar,1,9,13,8,31,0,0,26,3,29,1,9,39,11,60,4,0,4,64
10/03/2010,CKB,WV,AEA,CE,Combined TRACON& Tower with Radar,0,4,3,16,23,0,0,1,0,1,0,4,4,16,24,0,0,0,24
10/04/2010,CKB,WV,AEA,CE,Combined TRACON& Tower with Radar,0,12,9,4,25,0,0,0,0,0,0,12,9,4,25,16,0,16,41
10/05/2010,CKB,WV,AEA,CE,Combined TRACON& Tower with Radar,2,3,12,6,23,0,0,0,0,0,2,3,12,6,23,0,0,0,23
10/06/2010,CKB,WV,AEA,CE,Combined TRACON& Tower with Radar,3,7,15,9,34,0,0,0,0,0,3,7,15,9,34,0,0,0,34
10/07/2010,CKB,WV,AEA,CE,Combined TRACON& Tower with Radar,0,6,11,25,42,0,0,15,2,17,0,6,26,27,59,42,92,134,193
10/08/2010,CKB,WV,AEA,CE,Combined TRACON& Tower with Radar,0,4,16,27,47,0,1,18,2,21,0,5,34,29,68,16,32,48,116
10/09/2010,CKB,WV,AEA,CE,Combined TRACON& Tower with Radar,0,6,10,0,16,0,0,9,0,9,0,6,19,0,25,0,0,0,25
10/10/2010,CKB,WV,AEA,CE,Combined TRACON& Tower with Radar,0,5,11,0,16,0,0,5,0,5,0,5,16,0,21,0,0,0,21
10/11/2010,CKB,WV,AEA,CE,Combined TRACON& Tower with Radar,0,7,15,0,22,0,0,26,3,29,0,7,41,3,51,84,0,84,135
10/12/2010,CKB,WV,AEA,CE,Combined TRACON& Tower with Radar,0,4,16,11,31,0,0,16,3,19,0,4,32,14,50,58,56,114,164
10/13/2010,CKB,WV,AEA,CE,Combined TRACON& Tower with Radar,0,4,16,19,39,0,4,23,0,27,0,8,39,19,66,4,42,46,112
10/14/2010,CKB,WV,AEA,CE,Combined TRACON& Tower with Radar,1,5,17,10,33,0,0,7,2,9,1,5,24,12,42,64,40,104,146
10/15/2010,CKB,WV,AEA,CE,Combined TRACON& Tower with Radar,2,4,13,10,29,0,1,10,0,11,2,5,23,10,40,8,14,22,62
10/16/2010,CKB,WV,AEA,CE,Combined TRACON& Tower with Radar,0,7,7,0,14,0,0,11,0,11,0,7,18,0,25,0,0,0,25
10/17/2010,CKB,WV,AEA,CE,Combined TRACON& Tower with Radar,0,5,8,2,15,0,0,13,1,14,0,5,21,3,29,22,0,22,51
10/18/2010,CKB,WV,AEA,CE,Combined TRACON& Tower with Radar,0,8,17,17,42,0,0,16,1,17,0,8,33,18,59,82,150,232,291
10/19/2010,CKB,WV,AEA,CE,Combined TRACON& Tower with Radar,0,4,20,17,41,0,2,15,1,18,0,6,35,18,59,6,50,56,115
10/20/2010,CKB,WV,AEA,CE,Combined TRACON& Tower with Radar,0,7,35,21,63,0,0,25,9,34,0,7,60,30,97,74,52,126,223
10/21/2010,CKB,WV,AEA,CE,Combined TRACON& Tower with Radar,0,5,13,18,36,0,1,12,2,15,0,6,25,20,51,20,58,78,129
10/22/2010,CKB,WV,AEA,CE,Combined TRACON& Tower with Radar,2,2,21,20,45,0,0,7,3,10,2,2,28,23,55,10,72,82,137
10/23/2010,CKB,WV,AEA,CE,Combined TRACON& Tower with Radar,2,4,6,0,12,0,0,11,0,11,2,4,17,0,23,32,0,32,55
10/24/2010,CKB,WV,AEA,CE,Combined TRACON& Tower with Radar,0,5,11,1,17,0,0,21,2,23,0,5,32,3,40,54,0,54,94
10/25/2010,CKB,WV,AEA,CE,Combined TRACON& Tower with Radar,0,5,5,7,17,0,0,2,1,3,0,5,7,8,20,0,22,22,42
10/26/2010,CKB,WV,AEA,CE,Combined TRACON& Tower with Radar,0,4,13,8,25,0,0,16,0,16,0,4,29,8,41,18,90,108,149
10/27/2010,CKB,WV,AEA,CE,Combined TRACON& Tower with Radar,0,7,26,20,53,0,3,35,1,39,0,10,61,21,92,60,116,176,268
10/28/2010,CKB,WV,AEA,CE,Combined TRACON& Tower with Radar,2,4,13,15,34,0,0,5,1,6,2,4,18,16,40,0,51,51,91
10/29/2010,CKB,WV,AEA,CE,Combined TRACON& Tower with Radar,0,6,15,17,38,0,2,12,0,14,0,8,27,17,52,18,28,46,98
10/30/2010,CKB,WV,AEA,CE,Combined TRACON& Tower with Radar,0,5,10,0,15,0,0,23,0,23,0,5,33,0,38,16,0,16,54
10/31/2010,CKB,WV,AEA,CE,Combined TRACON& Tower with Radar,0,4,24,2,30,0,0,11,0,11,0,4,35,2,41,18,0,18,59
11/01/2010,CKB,WV,AEA,CE,Combined TRACON& Tower with Radar,0,10,13,11,34,0,0,20,2,22,0,10,33,13,56,36,88,124,180
11/02/2010,CKB,WV,AEA,CE,Combined TRACON& Tower with Radar,0,5,26,22,53,0,2,30,3,35,0,7,56,25,88,40,66,106,194
11/03/2010,CKB,WV,AEA,CE,Combined TRACON& Tower with Radar,0,9,17,17,43,0,0,23,1,24,0,9,40,18,67,44,56,100,167
11/04/2010,CKB,WV,AEA,CE,Combined TRACON& Tower with Radar,0,5,6,8,19,0,0,0,0,0,0,5,6,8,19,0,16,16,35
11/05/2010,CKB,WV,AEA,CE,Combined TRACON& Tower with Radar,0,8,7,4,19,0,0,0,0,0,0,8,7,4,19,0,0,0,19
11/06/2010,CKB,WV,AEA,CE,Combined TRACON& Tower with Radar,0,5,8,0,13,0,1,2,0,3,0,6,10,0,16,0,0,0,16
11/07/2010,CKB,WV,AEA,CE,Combined TRACON& Tower with Radar,0,4,11,1,16,0,0,16,0,16,0,4,27,1,32,24,0,24,56
11/08/2010,CKB,WV,AEA,CE,Combined TRACON& Tower with Radar,0,6,13,29,48,0,0,26,2,28,0,6,39,31,76,34,60,94,170
11/09/2010,CKB,WV,AEA,CE,Combined TRACON& Tower with Radar,0,8,18,21,47,0,0,15,4,19,0,8,33,25,66,24,144,168,234
11/10/2010,CKB,WV,AEA,CE,Combined TRACON& Tower with Radar,1,7,29,28,65,0,0,13,1,14,1,7,42,29,79,28,60,88,167
11/11/2010,CKB,WV,AEA,CE,Combined TRACON& Tower with Radar,0,5,17,0,22,0,0,20,0,20,0,5,37,0,42,78,0,78,120
11/12/2010,CKB,WV,AEA,CE,Combined TRACON& Tower with Radar,0,6,18,12,36,0,0,19,2,21,0,6,37,14,57,18,40,58,115
11/13/2010,CKB,WV,AEA,CE,Combined TRACON& Tower with Radar,0,4,12,0,16,0,0,24,0,24,0,4,36,0,40,112,0,112,152
11/14/2010,CKB,WV,AEA,CE,Combined TRACON& Tower with Radar,0,4,16,0,20,0,0,2,0,2,0,4,18,0,22,0,0,0,22
11/15/2010,CKB,WV,AEA,CE,Combined TRACON& Tower with Radar,0,5,7,18,30,0,0,11,1,12,0,5,18,19,42,22,62,84,126
11/16/2010,CKB,WV,AEA,CE,Combined TRACON& Tower with Radar,0,4,8,3,15,0,1,2,0,3,0,5,10,3,18,0,0,0,18
11/17/2010,CKB,WV,AEA,CE,Combined TRACON& Tower with Radar,0,6,7,19,32,0,0,2,12,14,0,6,9,31,46,0,96,96,142
11/18/2010,CKB,WV,AEA,CE,Combined TRACON& Tower with Radar,0,5,9,17,31,0,0,0,0,0,0,5,9,17,31,0,0,0,31
11/19/2010,CKB,WV,AEA,CE,Combined TRACON& Tower with Radar,2,5,15,24,46,0,0,6,0,6,2,5,21,24,52,32,0,32,84
11/20/2010,CKB,WV,AEA,CE,Combined TRACON& Tower with Radar,2,6,4,0,12,0,1,2,0,3,2,7,6,0,15,0,0,0,15
11/21/2010,CKB,WV,AEA,CE,Combined TRACON& Tower with Radar,0,5,8,0,13,0,0,3,0,3,0,5,11,0,16,48,0,48,64
11/22/2010,CKB,WV,AEA,CE,Combined TRACON& Tower with Radar,0,5,8,2,15,0,0,17,0,17,0,5,25,2,32,10,74,84,116
11/23/2010,CKB,WV,AEA,CE,Combined TRACON& Tower with Radar,0,12,6,0,18,0,0,3,0,3,0,12,9,0,21,6,0,6,27
11/24/2010,CKB,WV,AEA,CE,Combined TRACON& Tower with Radar,0,5,11,0,16,0,1,2,1,4,0,6,13,1,20,10,0,10,30
11/25/2010,CKB,WV,AEA,CE,Combined TRACON& Tower with Radar,0,4,3,0,7,0,0,0,0,0,0,4,3,0,7,0,0,0,7
11/26/2010,CKB,WV,AEA,CE,Combined TRACON& Tower with Radar,0,7,1,0,8,0,0,1,0,1,0,7,2,0,9,0,0,0,9
11/27/2010,CKB,WV,AEA,CE,Combined TRACON& Tower with Radar,0,5,3,0,8,0,0,0,0,0,0,5,3,0,8,0,0,0,8
11/28/2010,CKB,WV,AEA,CE,Combined TRACON& Tower with Radar,0,4,17,0,21,0,0,15,2,17,0,4,32,2,38,54,0,54,92
11/29/2010,CKB,WV,AEA,CE,Combined TRACON& Tower with Radar,0,10,7,9,26,0,0,7,3,10,0,10,14,12,36,36,50,86,122
11/30/2010,CKB,WV,AEA,CE,Combined TRACON& Tower with Radar,0,4,2,2,8,0,0,0,0,0,0,4,2,2,8,0,98,98,106
12/01/2010,CKB,WV,AEA,CE,Combined TRACON& Tower with Radar,0,8,1,0,9,0,0,0,0,0,0,8,1,0,9,0,0,0,9
12/02/2010,CKB,WV,AEA,CE,Combined TRACON& Tower with Radar,0,7,14,16,37,0,0,3,0,3,0,7,17,16,40,0,86,86,126
12/03/2010,CKB,WV,AEA,CE,Combined TRACON& Tower with Radar,2,5,2,12,21,0,0,1,0,1,2,5,3,12,22,0,22,22,44
12/04/2010,CKB,WV,AEA,CE,Combined TRACON& Tower with Radar,4,4,10,9,27,0,0,4,1,5,4,4,14,10,32,4,64,68,100
12/05/2010,CKB,WV,AEA,CE,Combined TRACON& Tower with Radar,0,5,0,0,5,0,0,0,0,0,0,5,0,0,5,0,0,0,5
12/06/2010,CKB,WV,AEA,CE,Combined TRACON& Tower with Radar,0,8,3,3,14,0,0,1,1,2,0,8,4,4,16,0,0,0,16
12/07/2010,CKB,WV,AEA,CE,Combined TRACON& Tower with Radar,0,6,7,0,13,0,0,1,4,5,0,6,8,4,18,0,34,34,52
12/08/2010,CKB,WV,AEA,CE,Combined TRACON& Tower with Radar,1,11,9,10,31,0,0,3,4,7,1,11,12,14,38,2,66,68,106
12/09/2010,CKB,WV,AEA,CE,Combined TRACON& Tower with Radar,0,10,11,13,34,0,1,19,1,21,0,11,30,14,55,46,2,48,103
12/10/2010,CKB,WV,AEA,CE,Combined TRACON& Tower with Radar,0,9,7,16,32,0,1,14,0,15,0,10,21,16,47,10,0,10,57
12/11/2010,CKB,WV,AEA,CE,Combined TRACON& Tower with Radar,2,6,20,1,29,0,0,30,0,30,2,6,50,1,59,33,0,33,92
12/12/2010,CKB,WV,AEA,CE,Combined TRACON& Tower with Radar,0,4,0,1,5,0,0,0,0,0,0,4,0,1,5,0,0,0,5
12/13/2010,CKB,WV,AEA,CE,Combined TRACON& Tower with Radar,0,4,3,0,7,0,0,0,0,0,0,4,3,0,7,0,0,0,7
12/14/2010,CKB,WV,AEA,CE,Combined TRACON& Tower with Radar,0,5,2,9,16,0,0,3,0,3,0,5,5,9,19,0,0,0,19
12/15/2010,CKB,WV,AEA,CE,Combined TRACON& Tower with Radar,0,1,3,2,6,0,0,0,0,0,0,1,3,2,6,0,0,0,6
12/16/2010,CKB,WV,AEA,CE,Combined TRACON& Tower with Radar,0,10,1,0,11,0,0,0,0,0,0,10,1,0,11,0,0,0,11
12/17/2010,CKB,WV,AEA,CE,Combined TRACON& Tower with Radar,1,5,4,1,11,0,0,0,0,0,1,5,4,1,11,0,0,0,11
12/18/2010,CKB,WV,AEA,CE,Combined TRACON& Tower with Radar,3,6,4,0,13,0,0,5,0,5,3,6,9,0,18,0,0,0,18
12/19/2010,CKB,WV,AEA,CE,Combined TRACON& Tower with Radar,0,6,9,0,15,0,2,1,0,3,0,8,10,0,18,4,0,4,22
12/20/2010,CKB,WV,AEA,CE,Combined TRACON& Tower with Radar,0,6,4,0,10,0,1,0,0,1,0,7,4,0,11,2,0,2,13
12/21/2010,CKB,WV,AEA,CE,Combined TRACON& Tower with Radar,0,3,8,0,11,0,0,2,0,2,0,3,10,0,13,0,0,0,13
12/22/2010,CKB,WV,AEA,CE,Combined TRACON& Tower with Radar,0,3,5,3,11,0,1,1,0,2,0,4,6,3,13,0,0,0,13
12/23/2010,CKB,WV,AEA,CE,Combined TRACON& Tower with Radar,0,9,4,0,13,0,0,0,0,0,0,9,4,0,13,0,0,0,13
12/24/2010,CKB,WV,AEA,CE,Combined TRACON& Tower with Radar,0,10,8,0,18,0,0,3,0,3,0,10,11,0,21,8,0,8,29
12/25/2010,CKB,WV,AEA,CE,Combined TRACON& Tower with Radar,0,4,0,0,4,0,0,0,0,0,0,4,0,0,4,0,0,0,4
12/26/2010,CKB,WV,AEA,CE,Combined TRACON& Tower with Radar,0,4,0,0,4,0,0,0,0,0,0,4,0,0,4,0,0,0,4
12/27/2010,CKB,WV,AEA,CE,Combined TRACON& Tower with Radar,0,7,4,0,11,0,0,0,0,0,0,7,4,0,11,0,0,0,11
12/28/2010,CKB,WV,AEA,CE,Combined TRACON& Tower with Radar,0,4,3,2,9,0,0,0,0,0,0,4,3,2,9,42,0,42,51
12/29/2010,CKB,WV,AEA,CE,Combined TRACON& Tower with Radar,0,11,12,2,25,0,0,13,0,13,0,11,25,2,38,12,10,22,60
12/30/2010,CKB,WV,AEA,CE,Combined TRACON& Tower with Radar,0,2,3,0,5,0,0,3,0,3,0,2,6,0,8,8,0,8,16
12/31/2010,CKB,WV,AEA,CE,Combined TRACON& Tower with Radar,0,11,13,0,24,0,0,13,0,13,0,11,26,0,37,34,0,34,71
01/01/2011,CKB,WV,AEA,CE,Combined TRACON& Tower with Radar,0,7,2,0,9,0,0,0,0,0,0,7,2,0,9,0,0,0,9
01/02/2011,CKB,WV,AEA,CE,Combined TRACON& Tower with Radar,0,4,5,0,9,0,0,3,0,3,0,4,8,0,12,0,0,0,12
01/03/2011,CKB,WV,AEA,CE,Combined TRACON& Tower with Radar,2,9,6,1,18,0,0,15,1,16,2,9,21,2,34,10,16,26,60
01/04/2011,CKB,WV,AEA,CE,Combined TRACON& Tower with Radar,0,7,12,5,24,0,0,8,0,8,0,7,20,5,32,12,0,12,44
01/05/2011,CKB,WV,AEA,CE,Combined TRACON& Tower with Radar,0,10,23,18,51,0,0,18,2,20,0,10,41,20,71,19,18,37,108
01/06/2011,CKB,WV,AEA,CE,Combined TRACON& Tower with Radar,0,5,8,4,17,0,0,3,0,3,0,5,11,4,20,0,0,0,20
01/07/2011,CKB,WV,AEA,CE,Combined TRACON& Tower with Radar,0,7,10,2,19,0,0,1,0,1,0,7,11,2,20,0,0,0,20
01/08/2011,CKB,WV,AEA,CE,Combined TRACON& Tower with Radar,0,5,0,0,5,0,0,0,0,0,0,5,0,0,5,0,0,0,5
01/09/2011,CKB,WV,AEA,CE,Combined TRACON& Tower with Radar,0,9,5,0,14,0,0,0,0,0,0,9,5,0,14,0,0,0,14
01/10/2011,CKB,WV,AEA,CE,Combined TRACON& Tower with Radar,0,7,7,3,17,0,0,3,0,3,0,7,10,3,20,8,22,30,50
01/11/2011,CKB,WV,AEA,CE,Combined TRACON& Tower with Radar,0,1,4,5,10,0,0,1,0,1,0,1,5,5,11,0,0,0,11
01/12/2011,CKB,WV,AEA,CE,Combined TRACON& Tower with Radar,0,4,0,0,4,0,0,0,0,0,0,4,0,0,4,0,0,0,4
01/13/2011,CKB,WV,AEA,CE,Combined TRACON& Tower with Radar,0,5,4,2,11,0,0,0,0,0,0,5,4,2,11,0,0,0,11
01/14/2011,CKB,WV,AEA,CE,Combined TRACON& Tower with Radar,0,9,9,2,20,0,0,5,0,5,0,9,14,2,25,0,4,4,29
01/15/2011,CKB,WV,AEA,CE,Combined TRACON& Tower with Radar,0,7,2,0,9,0,1,2,0,3,0,8,4,0,12,0,0,0,12
01/16/2011,CKB,WV,AEA,CE,Combined TRACON& Tower with Radar,0,9,5,0,14,0,3,1,0,4,0,12,6,0,18,0,0,0,18
01/17/2011,CKB,WV,AEA,CE,Combined TRACON& Tower with Radar,0,7,9,0,16,0,1,12,0,13,0,8,21,0,29,22,0,22,51
01/18/2011,CKB,WV,AEA,CE,Combined TRACON& Tower with Radar,0,4,9,12,25,0,0,5,0,5,0,4,14,12,30,10,26,36,66
01/19/2011,CKB,WV,AEA,CE,Combined TRACON& Tower with Radar,0,7,8,8,23,0,0,0,0,0,0,7,8,8,23,0,0,0,23
01/20/2011,CKB,WV,AEA,CE,Combined TRACON& Tower with Radar,0,7,12,25,44,0,0,2,0,2,0,7,14,25,46,0,0,0,46
01/21/2011,CKB,WV,AEA,CE,Combined TRACON& Tower with Radar,0,4,6,18,28,0,1,0,0,1,0,5,6,18,29,0,0,0,29
01/22/2011,CKB,WV,AEA,CE,Combined TRACON& Tower with Radar,0,4,3,0,7,0,0,10,0,10,0,4,13,0,17,56,0,56,73
01/23/2011,CKB,WV,AEA,CE,Combined TRACON& Tower with Radar,0,6,5,0,11,0,0,7,0,7,0,6,12,0,18,12,10,22,40
01/24/2011,CKB,WV,AEA,CE,Combined TRACON& Tower with Radar,0,5,16,18,39,0,0,13,0,13,0,5,29,18,52,32,6,38,90
01/25/2011,CKB,WV,AEA,CE,Combined TRACON& Tower with Radar,1,7,3,22,33,0,0,2,0,2,1,7,5,22,35,0,0,0,35
01/26/2011,CKB,WV,AEA,CE,Combined TRACON& Tower with Radar,0,4,5,0,9,0,0,0,0,0,0,4,5,0,9,0,0,0,9
01/27/2011,CKB,WV,AEA,CE,Combined TRACON& Tower with Radar,0,2,1,8,11,0,0,2,0,2,0,2,3,8,13,0,0,0,13
01/28/2011,CKB,WV,AEA,CE,Combined TRACON& Tower with Radar,0,6,8,14,28,0,0,5,0,5,0,6,13,14,33,0,0,0,33
01/29/2011,CKB,WV,AEA,CE,Combined TRACON& Tower with Radar,0,11,3,3,17,0,0,1,0,1,0,11,4,3,18,0,28,28,46
01/30/2011,CKB,WV,AEA,CE,Combined TRACON& Tower with Radar,0,7,7,6,20,0,0,13,0,13,0,7,20,6,33,28,0,28,61
01/31/2011,CKB,WV,AEA,CE,Combined TRACON& Tower with Radar,0,7,10,14,31,0,0,13,0,13,0,7,23,14,44,30,0,30,74
02/01/2011,CKB,WV,AEA,CE,Combined TRACON& Tower with Radar,0,2,7,16,25,0,0,2,0,2,0,2,9,16,27,29,0,29,56
02/02/2011,CKB,WV,AEA,CE,Combined TRACON& Tower with Radar,0,6,1,10,17,0,0,2,0,2,0,6,3,10,19,0,0,0,19
02/03/2011,CKB,WV,AEA,CE,Combined TRACON& Tower with Radar,0,9,8,15,32,0,0,14,0,14,0,9,22,15,46,44,26,70,116
02/04/2011,CKB,WV,AEA,CE,Combined TRACON& Tower with Radar,0,7,11,19,37,0,0,16,1,17,0,7,27,20,54,0,0,0,54
02/05/2011,CKB,WV,AEA,CE,Combined TRACON& Tower with Radar,1,10,0,0,11,0,0,2,0,2,1,10,2,0,13,0,0,0,13
02/06/2011,CKB,WV,AEA,CE,Combined TRACON& Tower with Radar,0,7,3,4,14,0,2,1,0,3,0,9,4,4,17,4,0,4,21
02/07/2011,CKB,WV,AEA,CE,Combined TRACON& Tower with Radar,0,9,7,13,29,0,0,11,0,11,0,9,18,13,40,36,0,36,76
02/08/2011,CKB,WV,AEA,CE,Combined TRACON& Tower with Radar,0,8,1,13,22,0,0,2,0,2,0,8,3,13,24,0,0,0,24
02/09/2011,CKB,WV,AEA,CE,Combined TRACON& Tower with Radar,0,10,9,12,31,0,0,19,0,19,0,10,28,12,50,12,0,12,62
02/10/2011,CKB,WV,AEA,CE,Combined TRACON& Tower with Radar,0,6,10,13,29,0,0,16,0,16,0,6,26,13,45,80,20,100,145
02/11/2011,CKB,WV,AEA,CE,Combined TRACON& Tower with Radar,1,6,15,14,36,0,0,12,0,12,1,6,27,14,48,16,4,20,68
02/12/2011,CKB,WV,AEA,CE,Combined TRACON& Tower with Radar,0,11,1,0,12,0,0,1,0,1,0,11,2,0,13,0,0,0,13
02/13/2011,CKB,WV,AEA,CE,Combined TRACON& Tower with Radar,2,7,8,1,18,0,0,16,0,16,2,7,24,1,34,20,0,20,54
02/14/2011,CKB,WV,AEA,CE,Combined TRACON& Tower with Radar,0,5,6,4,15,0,0,3,1,4,0,5,9,5,19,0,0,0,19
02/15/2011,CKB,WV,AEA,CE,Combined TRACON& Tower with Radar,0,3,2,22,27,0,0,22,0,22,0,3,24,22,49,68,58,126,175
02/16/2011,CKB,WV,AEA,CE,Combined TRACON& Tower with Radar,0,4,8,18,30,0,0,15,1,16,0,4,23,19,46,18,46,64,110
02/17/2011,CKB,WV,AEA,CE,Combined TRACON& Tower with Radar,0,5,11,16,32,0,0,13,1,14,0,5,24,17,46,50,105,155,201
02/18/2011,CKB,WV,AEA,CE,Combined TRACON& Tower with Radar,0,6,11,17,34,0,1,8,0,9,0,7,19,17,43,0,78,78,121
02/19/2011,CKB,WV,AEA,CE,Combined TRACON& Tower with Radar,0,7,2,2,11,0,1,3,2,6,0,8,5,4,17,0,0,0,17
02/20/2011,CKB,WV,AEA,CE,Combined TRACON& Tower with Radar,0,6,4,0,10,0,0,4,0,4,0,6,8,0,14,0,0,0,14
02/21/2011,CKB,WV,AEA,CE,Combined TRACON& Tower with Radar,1,12,7,0,20,0,0,0,0,0,1,12,7,0,20,0,0,0,20
02/22/2011,CKB,WV,AEA,CE,Combined TRACON& Tower with Radar,1,7,5,8,21,0,0,0,0,0,1,7,5,8,21,0,0,0,21
02/23/2011,CKB,WV,AEA,CE,Combined TRACON& Tower with Radar,0,5,41,22,68,0,0,18,3,21,0,5,59,25,89,54,154,208,297
02/24/2011,CKB,WV,AEA,CE,Combined TRACON& Tower with Radar,0,8,15,13,36,0,0,2,0,2,0,8,17,13,38,0,98,98,136
02/25/2011,CKB,WV,AEA,CE,Combined TRACON& Tower with Radar,0,9,2,3,14,0,0,0,0,0,0,9,2,3,14,0,0,0,14
02/26/2011,CKB,WV,AEA,CE,Combined TRACON& Tower with Radar,2,11,9,13,35,0,0,28,9,37,2,11,37,22,72,2,116,118,190
02/27/2011,CKB,WV,AEA,CE,Combined TRACON& Tower with Radar,0,7,14,3,24,0,0,7,0,7,0,7,21,3,31,0,0,0,31
02/28/2011,CKB,WV,AEA,CE,Combined TRACON& Tower with Radar,0,6,2,6,14,0,0,0,0,0,0,6,2,6,14,0,0,0,14
03/01/2011,CKB,WV,AEA,CE,Combined TRACON& Tower with Radar,0,9,6,20,35,0,0,28,6,34,0,9,34,26,69,8,42,50,119
03/02/2011,CKB,WV,AEA,CE,Combined TRACON& Tower with Radar,0,10,11,20,41,0,0,18,0,18,0,10,29,20,59,76,172,248,307
03/03/2011,CKB,WV,AEA,CE,Combined TRACON& Tower with Radar,0,12,20,29,61,0,0,17,0,17,0,12,37,29,78,34,68,102,180
03/04/2011,CKB,WV,AEA,CE,Combined TRACON& Tower with Radar,1,7,10,15,33,0,0,8,2,10,1,7,18,17,43,48,54,102,145
03/05/2011,CKB,WV,AEA,CE,Combined TRACON& Tower with Radar,1,5,7,0,13,0,0,0,0,0,1,5,7,0,13,0,0,0,13
03/06/2011,CKB,WV,AEA,CE,Combined TRACON& Tower with Radar,0,5,0,0,5,0,0,0,0,0,0,5,0,0,5,0,0,0,5
03/07/2011,CKB,WV,AEA,CE,Combined TRACON& Tower with Radar,0,8,34,18,60,0,0,15,1,16,0,8,49,19,76,6,10,16,92
03/08/2011,CKB,WV,AEA,CE,Combined TRACON& Tower with Radar,2,4,22,31,59,0,1,22,1,24,2,5,44,32,83,4,59,63,146
03/09/2011,CKB,WV,AEA,CE,Combined TRACON& Tower with Radar,0,4,12,16,32,0,0,0,0,0,0,4,12,16,32,0,0,0,32
03/10/2011,CKB,WV,AEA,CE,Combined TRACON& Tower with Radar,2,5,11,24,42,0,0,2,0,2,2,5,13,24,44,0,60,60,104
03/11/2011,CKB,WV,AEA,CE,Combined TRACON& Tower with Radar,0,5,3,5,13,0,0,1,0,1,0,5,4,5,14,0,0,0,14
03/12/2011,CKB,WV,AEA,CE,Combined TRACON& Tower with Radar,0,4,7,0,11,0,0,1,2,3,0,4,8,2,14,0,0,0,14
03/13/2011,CKB,WV,AEA,CE,Combined TRACON& Tower with Radar,1,6,10,2,19,0,0,2,0,2,1,6,12,2,21,0,0,0,21
03/14/2011,CKB,WV,AEA,CE,Combined TRACON& Tower with Radar,1,5,16,21,43,0,0,9,4,13,1,5,25,25,56,56,66,122,178
03/15/2011,CKB,WV,AEA,CE,Combined TRACON& Tower with Radar,2,5,12,14,33,0,0,12,2,14,2,5,24,16,47,0,62,62,109
03/16/2011,CKB,WV,AEA,CE,Combined TRACON& Tower with Radar,0,6,14,5,25,0,0,1,0,1,0,6,15,5,26,12,48,60,86
03/17/2011,CKB,WV,AEA,CE,Combined TRACON& Tower with Radar,0,9,39,24,72,0,0,15,0,15,0,9,54,24,87,48,124,172,259
03/18/2011,CKB,WV,AEA,CE,Combined TRACON& Tower with Radar,2,7,8,27,44,0,0,7,2,9,2,7,15,29,53,0,68,68,121
03/19/2011,CKB,WV,AEA,CE,Combined TRACON& Tower with Radar,2,7,9,0,18,0,0,8,0,8,2,7,17,0,26,2,2,4,30
03/20/2011,CKB,WV,AEA,CE,Combined TRACON& Tower with Radar,0,4,13,1,18,0,0,9,1,10,0,4,22,2,28,4,0,4,32
03/21/2011,CKB,WV,AEA,CE,Combined TRACON& Tower with Radar,0,8,9,3,20,0,0,3,0,3,0,8,12,3,23,0,53,53,76
03/22/2011,CKB,WV,AEA,CE,Combined TRACON& Tower with Radar,0,15,12,16,43,0,2,7,0,9,0,17,19,16,52,36,52,88,140
03/23/2011,CKB,WV,AEA,CE,Combined TRACON& Tower with Radar,2,7,6,22,37,0,0,5,5,10,2,7,11,27,47,18,74,92,139
03/24/2011,CKB,WV,AEA,CE,Combined TRACON& Tower with Radar,0,10,16,2,28,0,0,7,0,7,0,10,23,2,35,30,0,30,65
03/25/2011,CKB,WV,AEA,CE,Combined TRACON& Tower with Radar,0,6,33,20,59,0,0,39,1,40,0,6,72,21,99,8,144,152,251
03/26/2011,CKB,WV,AEA,CE,Combined TRACON& Tower with Radar,0,6,6,0,12,0,0,18,0,18,0,6,24,0,30,6,0,6,36
03/27/2011,CKB,WV,AEA,CE,Combined TRACON& Tower with Radar,0,6,4,0,10,0,1,4,0,5,0,7,8,0,15,0,0,0,15
03/28/2011,CKB,WV,AEA,CE,Combined TRACON& Tower with Radar,0,7,17,16,40,0,0,21,7,28,0,7,38,23,68,42,142,184,252
03/29/2011,CKB,WV,AEA,CE,Combined TRACON& Tower with Radar,0,7,20,25,52,0,0,21,0,21,0,7,41,25,73,38,90,128,201
03/30/2011,CKB,WV,AEA,CE,Combined TRACON& Tower with Radar,1,15,9,14,39,0,0,8,2,10,1,15,17,16,49,26,134,160,209
03/31/2011,CKB,WV,AEA,CE,Combined TRACON& Tower with Radar,1,6,10,9,26,0,0,0,0,0,1,6,10,9,26,0,0,0,26
04/01/2011,CKB,WV,AEA,CE,Combined TRACON& Tower with Radar,0,8,4,15,27,0,0,1,0,1,0,8,5,15,28,0,0,0,28
04/02/2011,CKB,WV,AEA,CE,Combined TRACON& Tower with Radar,0,4,2,0,6,0,0,0,0,0,0,4,2,0,6,0,0,0,6
04/03/2011,CKB,WV,AEA,CE,Combined TRACON& Tower with Radar,1,8,12,6,27,0,1,16,4,21,1,9,28,10,48,14,68,82,130
04/04/2011,CKB,WV,AEA,CE,Combined TRACON& Tower with Radar,0,10,5,14,29,0,1,4,0,5,0,11,9,14,34,0,46,46,80
04/05/2011,CKB,WV,AEA,CE,Combined TRACON& Tower with Radar,0,3,6,14,23,0,0,2,0,2,0,3,8,14,25,36,48,84,109
04/06/2011,CKB,WV,AEA,CE,Combined TRACON& Tower with Radar,0,5,8,31,44,0,0,16,0,16,0,5,24,31,60,10,44,54,114
04/07/2011,CKB,WV,AEA,CE,Combined TRACON& Tower with Radar,0,9,11,27,47,0,2,19,3,24,0,11,30,30,71,22,58,80,151
04/08/2011,CKB,WV,AEA,CE,Combined TRACON& Tower with Radar,0,8,5,26,39,0,0,0,0,0,0,8,5,26,39,0,10,10,49
04/09/2011,CKB,WV,AEA,CE,Combined TRACON& Tower with Radar,0,5,6,0,11,0,0,0,0,0,0,5,6,0,11,0,0,0,11
04/10/2011,CKB,WV,AEA,CE,Combined TRACON& Tower with Radar,0,6,4,0,10,0,1,4,0,5,0,7,8,0,15,16,0,16,31
04/11/2011,CKB,WV,AEA,CE,Combined TRACON& Tower with Radar,0,5,18,17,40,0,0,3,1,4,0,5,21,18,44,4,32,36,80
04/12/2011,CKB,WV,AEA,CE,Combined TRACON& Tower with Radar,2,5,6,10,23,0,0,0,0,0,2,5,6,10,23,0,0,0,23
04/13/2011,CKB,WV,AEA,CE,Combined TRACON& Tower with Radar,3,5,14,24,46,0,0,3,2,5,3,5,17,26,51,0,12,12,63
04/14/2011,CKB,WV,AEA,CE,Combined TRACON& Tower with Radar,0,5,19,7,31,0,0,28,4,32,0,5,47,11,63,59,30,89,152
04/15/2011,CKB,WV,AEA,CE,Combined TRACON& Tower with Radar,0,9,15,11,35,0,0,22,2,24,0,9,37,13,59,16,10,26,85
04/16/2011,CKB,WV,AEA,CE,Combined TRACON& Tower with Radar,0,4,2,0,6,0,0,0,0,0,0,4,2,0,6,0,0,0,6
04/17/2011,CKB,WV,AEA,CE,Combined TRACON& Tower with Radar,0,7,4,2,13,0,1,6,0,7,0,8,10,2,20,0,0,0,20
04/18/2011,CKB,WV,AEA,CE,Combined TRACON& Tower with Radar,1,10,19,9,39,0,0,14,8,22,1,10,33,17,61,28,46,74,135
04/19/2011,CKB,WV,AEA,CE,Combined TRACON& Tower with Radar,1,3,7,5,16,0,0,1,0,1,1,3,8,5,17,0,0,0,17
04/20/2011,CKB,WV,AEA,CE,Combined TRACON& Tower with Radar,0,7,26,8,41,0,0,6,0,6,0,7,32,8,47,0,80,80,127
04/21/2011,CKB,WV,AEA,CE,Combined TRACON& Tower with Radar,0,8,7,21,36,0,0,14,2,16,0,8,21,23,52,8,98,106,158
04/22/2011,CKB,WV,AEA,CE,Combined TRACON& Tower with Radar,0,5,0,6,11,0,0,2,0,2,0,5,2,6,13,2,104,106,119
04/23/2011,CKB,WV,AEA,CE,Combined TRACON& Tower with Radar,0,5,0,0,5,0,0,0,0,0,0,5,0,0,5,0,0,0,5
04/24/2011,CKB,WV,AEA,CE,Combined TRACON& Tower with Radar,4,4,0,0,8,0,0,2,0,2,4,4,2,0,10,0,0,0,10
04/25/2011,CKB,WV,AEA,CE,Combined TRACON& Tower with Radar,1,5,9,12,27,0,0,9,3,12,1,5,18,15,39,8,44,52,91
04/26/2011,CKB,WV,AEA,CE,Combined TRACON& Tower with Radar,0,4,8,16,28,0,0,5,0,5,0,4,13,16,33,4,78,82,115
04/27/2011,CKB,WV,AEA,CE,Combined TRACON& Tower with Radar,0,8,8,9,25,0,0,5,2,7,0,8,13,11,32,0,90,90,122
04/28/2011,CKB,WV,AEA,CE,Combined TRACON& Tower with Radar,0,5,4,16,25,0,0,4,1,5,0,5,8,17,30,0,82,82,112
04/29/2011,CKB,WV,AEA,CE,Combined TRACON& Tower with Radar,0,5,6,4,15,0,1,1,1,3,0,6,7,5,18,12,0,12,30
04/30/2011,CKB,WV,AEA,CE,Combined TRACON& Tower with Radar,0,8,11,0,19,0,0,10,0,10,0,8,21,0,29,4,0,4,33
05/01/2011,CKB,WV,AEA,CE,Combined TRACON& Tower with Radar,0,4,4,0,8,0,0,1,0,1,0,4,5,0,9,0,0,0,9
05/02/2011,CKB,WV,AEA,CE,Combined TRACON& Tower with Radar,0,5,19,12,36,0,1,11,1,13,0,6,30,13,49,12,54,66,115
05/03/2011,CKB,WV,AEA,CE,Combined TRACON& Tower with Radar,0,4,16,15,35,0,0,4,0,4,0,4,20,15,39,0,50,50,89
05/04/2011,CKB,WV,AEA,CE,Combined TRACON& Tower with Radar,0,5,14,17,36,0,0,2,0,2,0,5,16,17,38,0,52,52,90
05/05/2011,CKB,WV,AEA,CE,Combined TRACON& Tower with Radar,0,5,20,15,40,0,2,27,3,32,0,7,47,18,72,62,50,112,184
05/06/2011,CKB,WV,AEA,CE,Combined TRACON& Tower with Radar,0,8,5,10,23,0,0,13,3,16,0,8,18,13,39,22,86,108,147
05/07/2011,CKB,WV,AEA,CE,Combined TRACON& Tower with Radar,0,5,5,0,10,0,2,18,0,20,0,7,23,0,30,12,0,12,42
05/08/2011,CKB,WV,AEA,CE,Combined TRACON& Tower with Radar,0,5,10,4,19,0,0,8,0,8,0,5,18,4,27,0,0,0,27
05/09/2011,CKB,WV,AEA,CE,Combined TRACON& Tower with Radar,1,9,10,12,32,0,0,14,5,19,1,9,24,17,51,24,102,126,177
05/10/2011,CKB,WV,AEA,CE,Combined TRACON& Tower with Radar,0,8,12,25,45,0,0,16,4,20,0,8,28,29,65,18,106,124,189
05/11/2011,CKB,WV,AEA,CE,Combined TRACON& Tower with Radar,1,5,21,11,38,0,2,20,5,27,1,7,41,16,65,22,86,108,173
05/12/2011,CKB,WV,AEA,CE,Combined TRACON& Tower with Radar,0,7,10,7,24,0,1,5,4,10,0,8,15,11,34,4,80,84,118
05/13/2011,CKB,WV,AEA,CE,Combined TRACON& Tower with Radar,0,4,7,13,24,0,0,5,3,8,0,4,12,16,32,4,76,80,112
05/14/2011,CKB,WV,AEA,CE,Combined TRACON& Tower with Radar,0,4,5,0,9,0,0,4,2,6,0,4,9,2,15,0,0,0,15
05/15/2011,CKB,WV,AEA,CE,Combined TRACON& Tower with Radar,0,4,10,0,14,0,0,3,0,3,0,4,13,0,17,12,0,12,29
05/16/2011,CKB,WV,AEA,CE,Combined TRACON& Tower with Radar,0,5,10,11,26,0,0,0,0,0,0,5,10,11,26,0,0,0,26
05/17/2011,CKB,WV,AEA,CE,Combined TRACON& Tower with Radar,0,3,11,0,14,0,0,0,0,0,0,3,11,0,14,0,0,0,14
05/18/2011,CKB,WV,AEA,CE,Combined TRACON& Tower with Radar,0,14,8,10,32,0,0,3,0,3,0,14,11,10,35,0,0,0,35
05/19/2011,CKB,WV,AEA,CE,Combined TRACON& Tower with Radar,0,4,14,20,38,0,0,2,0,2,0,4,16,20,40,22,78,100,140
05/20/2011,CKB,WV,AEA,CE,Combined TRACON& Tower with Radar,0,4,17,21,42,0,0,4,2,6,0,4,21,23,48,18,108,126,174
05/21/2011,CKB,WV,AEA,CE,Combined TRACON& Tower with Radar,0,4,10,6,20,0,0,25,0,25,0,4,35,6,45,44,4,48,93
05/22/2011,CKB,WV,AEA,CE,Combined TRACON& Tower with Radar,0,4,10,0,14,0,4,11,0,15,0,8,21,0,29,30,0,30,59
05/23/2011,CKB,WV,AEA,CE,Combined TRACON& Tower with Radar,0,4,9,20,33,0,0,6,0,6,0,4,15,20,39,0,4,4,43
05/24/2011,CKB,WV,AEA,CE,Combined TRACON& Tower with Radar,0,3,13,21,37,0,0,4,0,4,0,3,17,21,41,20,56,76,117
05/25/2011,CKB,WV,AEA,CE,Combined TRACON& Tower with Radar,0,5,20,25,50,0,0,15,7,22,0,5,35,32,72,26,6,32,104
05/26/2011,CKB,WV,AEA,CE,Combined TRACON& Tower with Radar,0,4,20,22,46,0,0,11,4,15,0,4,31,26,61,28,32,60,121
05/27/2011,CKB,WV,AEA,CE,Combined TRACON& Tower with Radar,0,4,11,5,20,0,0,9,0,9,0,4,20,5,29,12,0,12,41
05/28/2011,CKB,WV,AEA,CE,Combined TRACON& Tower with Radar,0,6,11,0,17,0,0,6,0,6,0,6,17,0,23,0,0,0,23
05/29/2011,CKB,WV,AEA,CE,Combined TRACON& Tower with Radar,0,6,11,0,17,0,2,15,0,17,0,8,26,0,34,0,0,0,34
05/30/2011,CKB,WV,AEA,CE,Combined TRACON& Tower with Radar,0,4,9,0,13,0,0,10,0,10,0,4,19,0,23,6,0,6,29
05/31/2011,CKB,WV,AEA,CE,Combined TRACON& Tower with Radar,0,3,13,16,32,0,0,12,2,14,0,3,25,18,46,7,77,84,130
06/01/2011,CKB,WV,AEA,CE,Combined TRACON& Tower with Radar,0,4,5,19,28,0,1,5,2,8,0,5,10,21,36,2,52,54,90
06/02/2011,CKB,WV,AEA,CE,Combined TRACON& Tower with Radar,0,5,23,12,40,0,0,22,2,24,0,5,45,14,64,30,59,89,153
06/03/2011,CKB,WV,AEA,CE,Combined TRACON& Tower with Radar,0,7,15,14,36,0,1,15,0,16,0,8,30,14,52,46,44,90,142
06/04/2011,CKB,WV,AEA,CE,Combined TRACON& Tower with Radar,0,5,4,0,9,0,0,18,0,18,0,5,22,0,27,8,0,8,35
06/05/2011,CKB,WV,AEA,CE,Combined TRACON& Tower with Radar,0,4,4,4,12,0,1,0,1,2,0,5,4,5,14,0,0,0,14
06/06/2011,CKB,WV,AEA,CE,Combined TRACON& Tower with Radar,0,5,14,11,30,0,0,12,0,12,0,5,26,11,42,36,80,116,158
06/07/2011,CKB,WV,AEA,CE,Combined TRACON& Tower with Radar,0,3,21,13,37,0,0,5,0,5,0,3,26,13,42,0,60,60,102
06/08/2011,CKB,WV,AEA,CE,Combined TRACON& Tower with Radar,0,3,10,22,35,0,2,15,1,18,0,5,25,23,53,0,116,116,169
06/09/2011,CKB,WV,AEA,CE,Combined TRACON& Tower with Radar,0,5,16,17,38,0,0,11,1,12,0,5,27,18,50,14,108,122,172
06/10/2011,CKB,WV,AEA,CE,Combined TRACON& Tower with Radar,0,13,12,10,35,0,2,9,0,11,0,15,21,10,46,10,104,114,160
06/11/2011,CKB,WV,AEA,CE,Combined TRACON& Tower with Radar,0,4,5,0,9,0,0,5,0,5,0,4,10,0,14,0,0,0,14
06/12/2011,CKB,WV,AEA,CE,Combined TRACON& Tower with Radar,0,5,13,0,18,0,0,4,0,4,0,5,17,0,22,0,0,0,22
06/13/2011,CKB,WV,AEA,CE,Combined TRACON& Tower with Radar,0,5,22,16,43,0,0,12,1,13,0,5,34,17,56,22,134,156,212
06/14/2011,CKB,WV,AEA,CE,Combined TRACON& Tower with Radar,0,4,15,13,32,0,1,19,2,22,0,5,34,15,54,12,87,99,153
06/15/2011,CKB,WV,AEA,CE,Combined TRACON& Tower with Radar,0,5,8,18,31,0,2,13,2,17,0,7,21,20,48,16,120,136,184
06/16/2011,CKB,WV,AEA,CE,Combined TRACON& Tower with Radar,0,9,12,13,34,0,0,7,0,7,0,9,19,13,41,14,39,53,94
06/17/2011,CKB,WV,AEA,CE,Combined TRACON& Tower with Radar,0,8,10,23,41,0,0,8,1,9,0,8,18,24,50,18,85,103,153
06/18/2011,CKB,WV,AEA,CE,Combined TRACON& Tower with Radar,0,4,3,0,7,0,0,5,0,5,0,4,8,0,12,14,0,14,26
06/19/2011,CKB,WV,AEA,CE,Combined TRACON& Tower with Radar,0,6,3,0,9,0,0,2,0,2,0,6,5,0,11,52,8,60,71
06/20/2011,CKB,WV,AEA,CE,Combined TRACON& Tower with Radar,1,12,14,12,39,0,0,4,6,10,1,12,18,18,49,12,54,66,115
06/21/2011,CKB,WV,AEA,CE,Combined TRACON& Tower with Radar,0,5,10,18,33,0,0,11,3,14,0,5,21,21,47,4,28,32,79
06/22/2011,CKB,WV,AEA,CE,Combined TRACON& Tower with Radar,1,8,13,20,42,0,0,11,2,13,1,8,24,22,55,5,34,39,94
06/23/2011,CKB,WV,AEA,CE,Combined TRACON& Tower with Radar,0,7,6,12,25,0,0,9,0,9,0,7,15,12,34,19,34,53,87
06/24/2011,CKB,WV,AEA,CE,Combined TRACON& Tower with Radar,0,5,14,4,23,0,0,4,0,4,0,5,18,4,27,0,2,2,29
06/25/2011,CKB,WV,AEA,CE,Combined TRACON& Tower with Radar,0,5,9,0,14,0,5,9,0,14,0,10,18,0,28,4,0,4,32
06/26/2011,CKB,WV,AEA,CE,Combined TRACON& Tower with Radar,0,8,2,0,10,0,1,3,0,4,0,9,5,0,14,40,0,40,54
06/27/2011,CKB,WV,AEA,CE,Combined TRACON& Tower with Radar,1,10,11,15,37,0,0,14,3,17,1,10,25,18,54,38,70,108,162
06/28/2011,CKB,WV,AEA,CE,Combined TRACON& Tower with Radar,0,4,13,7,24,0,0,10,2,12,0,4,23,9,36,10,20,30,66
06/29/2011,CKB,WV,AEA,CE,Combined TRACON& Tower with Radar,0,5,15,5,25,0,1,21,2,24,0,6,36,7,49,12,38,50,99
06/30/2011,CKB,WV,AEA,CE,Combined TRACON& Tower with Radar,0,7,19,8,34,0,0,17,1,18,0,7,36,9,52,10,38,48,100
07/01/2011,CKB,WV,AEA,CE,Combined TRACON& Tower with Radar,0,6,15,2,23,0,0,17,0,17,0,6,32,2,40,6,0,6,46
07/02/2011,CKB,WV,AEA,CE,Combined TRACON& Tower with Radar,0,8,10,0,18,0,0,13,0,13,0,8,23,0,31,26,0,26,57
07/03/2011,CKB,WV,AEA,CE,Combined TRACON& Tower with Radar,0,4,5,0,9,0,0,9,0,9,0,4,14,0,18,4,0,4,22
07/04/2011,CKB,WV,AEA,CE,Combined TRACON& Tower with Radar,0,8,4,0,12,0,0,2,0,2,0,8,6,0,14,0,0,0,14
07/05/2011,CKB,WV,AEA,CE,Combined TRACON& Tower with Radar,0,4,9,0,13,0,1,3,0,4,0,5,12,0,17,38,0,38,55
07/06/2011,CKB,WV,AEA,CE,Combined TRACON& Tower with Radar,0,6,10,1,17,0,0,17,1,18,0,6,27,2,35,46,6,52,87
07/07/2011,CKB,WV,AEA,CE,Combined TRACON& Tower with Radar,0,8,10,7,25,0,1,7,3,11,0,9,17,10,36,8,0,8,44
07/08/2011,CKB,WV,AEA,CE,Combined TRACON& Tower with Radar,0,6,2,4,12,0,0,1,0,1,0,6,3,4,13,0,0,0,13
07/09/2011,CKB,WV,AEA,CE,Combined TRACON& Tower with Radar,0,9,14,0,23,0,0,6,0,6,0,9,20,0,29,22,0,22,51
07/10/2011,CKB,WV,AEA,CE,Combined TRACON& Tower with Radar,0,6,10,1,17,0,0,18,0,18,0,6,28,1,35,2,0,2,37
07/11/2011,CKB,WV,AEA,CE,Combined TRACON& Tower with Radar,0,3,19,9,31,0,0,11,3,14,0,3,30,12,45,16,10,26,71
07/12/2011,CKB,WV,AEA,CE,Combined TRACON& Tower with Radar,0,4,19,12,35,0,4,4,1,9,0,8,23,13,44,22,44,66,110
07/13/2011,CKB,WV,AEA,CE,Combined TRACON& Tower with Radar,0,6,21,9,36,0,5,7,3,15,0,11,28,12,51,0,40,40,91
07/14/2011,CKB,WV,AEA,CE,Combined TRACON& Tower with Radar,0,7,41,8,56,0,3,24,1,28,0,10,65,9,84,35,100,135,219
07/15/2011,CKB,WV,AEA,CE,Combined TRACON& Tower with Radar,0,8,15,10,33,0,1,17,2,20,0,9,32,12,53,14,48,62,115
07/16/2011,CKB,WV,AEA,CE,Combined TRACON& Tower with Radar,0,4,13,0,17,0,1,12,0,13,0,5,25,0,30,24,0,24,54
07/17/2011,CKB,WV,AEA,CE,Combined TRACON& Tower with Radar,0,4,3,0,7,0,0,0,0,0,0,4,3,0,7,0,0,0,7
07/18/2011,CKB,WV,AEA,CE,Combined TRACON& Tower with Radar,0,6,17,14,37,0,0,2,2,4,0,6,19,16,41,43,28,71,112
07/19/2011,CKB,WV,AEA,CE,Combined TRACON& Tower with Radar,0,4,3,11,18,0,0,4,1,5,0,4,7,12,23,12,62,74,97
07/20/2011,CKB,WV,AEA,CE,Combined TRACON& Tower with Radar,0,6,18,19,43,0,0,3,2,5,0,6,21,21,48,44,26,70,118
07/21/2011,CKB,WV,AEA,CE,Combined TRACON& Tower with Radar,0,6,11,10,27,0,0,15,0,15,0,6,26,10,42,40,0,40,82
07/22/2011,CKB,WV,AEA,CE,Combined TRACON& Tower with Radar,0,6,13,10,29,0,0,7,1,8,0,6,20,11,37,50,0,50,87
07/23/2011,CKB,WV,AEA,CE,Combined TRACON& Tower with Radar,0,6,9,0,15,0,0,6,0,6,0,6,15,0,21,0,8,8,29
07/24/2011,CKB,WV,AEA,CE,Combined TRACON& Tower with Radar,0,6,8,0,14,0,0,5,0,5,0,6,13,0,19,40,0,40,59
07/25/2011,CKB,WV,AEA,CE,Combined TRACON& Tower with Radar,0,10,12,20,42,0,0,4,1,5,0,10,16,21,47,2,10,12,59
07/26/2011,CKB,WV,AEA,CE,Combined TRACON& Tower with Radar,0,8,21,21,50,0,0,15,2,17,0,8,36,23,67,45,22,67,134
07/27/2011,CKB,WV,AEA,CE,Combined TRACON& Tower with Radar,0,10,25,22,57,0,0,15,3,18,0,10,40,25,75,42,88,130,205
07/28/2011,CKB,WV,AEA,CE,Combined TRACON& Tower with Radar,0,5,12,12,29,0,2,12,0,14,0,7,24,12,43,18,42,60,103
07/29/2011,CKB,WV,AEA,CE,Combined TRACON& Tower with Radar,0,6,21,6,33,0,0,11,1,12,0,6,32,7,45,10,34,44,89
07/30/2011,CKB,WV,AEA,CE,Combined TRACON& Tower with Radar,0,1,14,1,16,0,0,6,0,6,0,1,20,1,22,62,0,62,84
07/31/2011,CKB,WV,AEA,CE,Combined TRACON& Tower with Radar,0,5,13,1,19,0,0,13,1,14,0,5,26,2,33,68,0,68,101
08/01/2011,CKB,WV,AEA,CE,Combined TRACON& Tower with Radar,0,5,14,13,32,0,0,20,4,24,0,5,34,17,56,44,94,138,194
08/02/2011,CKB,WV,AEA,CE,Combined TRACON& Tower with Radar,0,5,6,28,39,0,1,7,2,10,0,6,13,30,49,16,112,128,177
08/03/2011,CKB,WV,AEA,CE,Combined TRACON& Tower with Radar,0,5,12,14,31,0,0,2,0,2,0,5,14,14,33,18,94,112,145
08/04/2011,CKB,WV,AEA,CE,Combined TRACON& Tower with Radar,0,7,22,26,55,0,1,3,0,4,0,8,25,26,59,1,31,32,91
08/05/2011,CKB,WV,AEA,CE,Combined TRACON& Tower with Radar,0,8,7,15,30,0,0,13,0,13,0,8,20,15,43,0,110,110,153
08/06/2011,CKB,WV,AEA,CE,Combined TRACON& Tower with Radar,0,8,1,0,9,0,0,0,0,0,0,8,1,0,9,0,0,0,9
08/07/2011,CKB,WV,AEA,CE,Combined TRACON& Tower with Radar,0,4,7,0,11,0,0,4,0,4,0,4,11,0,15,0,0,0,15
08/08/2011,CKB,WV,AEA,CE,Combined TRACON& Tower with Radar,0,5,10,27,42,0,0,5,1,6,0,5,15,28,48,22,108,130,178
08/09/2011,CKB,WV,AEA,CE,Combined TRACON& Tower with Radar,0,4,17,21,42,0,2,4,1,7,0,6,21,22,49,48,86,134,183
08/10/2011,CKB,WV,AEA,CE,Combined TRACON& Tower with Radar,0,2,24,21,47,0,0,4,2,6,0,2,28,23,53,12,52,64,117
08/11/2011,CKB,WV,AEA,CE,Combined TRACON& Tower with Radar,0,5,4,26,35,0,0,32,4,36,0,5,36,30,71,86,34,120,191
08/12/2011,CKB,WV,AEA,CE,Combined TRACON& Tower with Radar,0,5,18,30,53,0,0,11,1,12,0,5,29,31,65,16,31,47,112
08/13/2011,CKB,WV,AEA,CE,Combined TRACON& Tower with Radar,0,9,8,1,18,0,0,3,0,3,0,9,11,1,21,8,0,8,29
08/14/2011,CKB,WV,AEA,CE,Combined TRACON& Tower with Radar,0,3,6,2,11,0,0,0,0,0,0,3,6,2,11,50,0,50,61
08/15/2011,CKB,WV,AEA,CE,Combined TRACON& Tower with Radar,0,12,15,29,56,0,0,1,0,1,0,12,16,29,57,14,38,52,109
08/16/2011,CKB,WV,AEA,CE,Combined TRACON& Tower with Radar,0,7,11,22,40,0,1,4,1,6,0,8,15,23,46,32,22,54,100
08/17/2011,CKB,WV,AEA,CE,Combined TRACON& Tower with Radar,0,9,21,27,57,0,1,29,0,30,0,10,50,27,87,52,2,54,141
08/18/2011,CKB,WV,AEA,CE,Combined TRACON& Tower with Radar,0,6,9,21,36,0,0,12,6,18,0,6,21,27,54,36,18,54,108
08/19/2011,CKB,WV,AEA,CE,Combined TRACON& Tower with Radar,0,6,17,8,31,0,0,6,0,6,0,6,23,8,37,34,46,80,117
08/20/2011,CKB,WV,AEA,CE,Combined TRACON& Tower with Radar,0,9,7,2,18,0,4,8,0,12,0,13,15,2,30,56,20,76,106
08/21/2011,CKB,WV,AEA,CE,Combined TRACON& Tower with Radar,0,5,3,1,9,0,0,0,0,0,0,5,3,1,9,36,4,40,49
08/22/2011,CKB,WV,AEA,CE,Combined TRACON& Tower with Radar,0,5,16,14,35,0,0,9,1,10,0,5,25,15,45,22,40,62,107
08/23/2011,CKB,WV,AEA,CE,Combined TRACON& Tower with Radar,0,8,10,8,26,0,0,15,1,16,0,8,25,9,42,36,70,106,148
08/24/2011,CKB,WV,AEA,CE,Combined TRACON& Tower with Radar,0,7,17,5,29,0,0,5,1,6,0,7,22,6,35,16,38,54,89
08/25/2011,CKB,WV,AEA,CE,Combined TRACON& Tower with Radar,0,7,11,7,25,0,0,2,0,2,0,7,13,7,27,0,32,32,59
08/26/2011,CKB,WV,AEA,CE,Combined TRACON& Tower with Radar,0,12,18,12,42,0,2,12,2,16,0,14,30,14,58,10,72,82,140
08/27/2011,CKB,WV,AEA,CE,Combined TRACON& Tower with Radar,0,4,5,1,10,0,2,5,1,8,0,6,10,2,18,72,4,76,94
08/28/2011,CKB,WV,AEA,CE,Combined TRACON& Tower with Radar,0,4,5,2,11,0,1,4,0,5,0,5,9,2,16,0,0,0,16
08/29/2011,CKB,WV,AEA,CE,Combined TRACON& Tower with Radar,1,10,15,6,32,0,0,13,1,14,1,10,28,7,46,0,30,30,76
08/30/2011,CKB,WV,AEA,CE,Combined TRACON& Tower with Radar,0,7,17,16,40,0,2,22,1,25,0,9,39,17,65,0,30,30,95
08/31/2011,CKB,WV,AEA,CE,Combined TRACON& Tower with Radar,0,5,2,12,19,0,0,14,2,16,0,5,16,14,35,10,30,40,75
09/01/2011,CKB,WV,AEA,CE,Combined TRACON& Tower with Radar,1,8,10,3,22,0,2,4,0,6,1,10,14,3,28,10,16,26,54
09/02/2011,CKB,WV,AEA,CE,Combined TRACON& Tower with Radar,0,7,16,10,33,0,0,10,1,11,0,7,26,11,44,44,52,96,140
09/03/2011,CKB,WV,AEA,CE,Combined TRACON& Tower with Radar,0,4,2,0,6,0,0,1,0,1,0,4,3,0,7,58,12,70,77
09/04/2011,CKB,WV,AEA,CE,Combined TRACON& Tower with Radar,0,5,5,0,10,0,0,2,0,2,0,5,7,0,12,2,0,2,14
09/05/2011,CKB,WV,AEA,CE,Combined TRACON& Tower with Radar,0,5,3,0,8,0,0,0,0,0,0,5,3,0,8,0,0,0,8
09/06/2011,CKB,WV,AEA,CE,Combined TRACON& Tower with Radar,0,5,11,0,16,0,0,2,0,2,0,5,13,0,18,0,0,0,18
09/07/2011,CKB,WV,AEA,CE,Combined TRACON& Tower with Radar,1,7,7,13,28,0,0,11,3,14,1,7,18,16,42,13,18,31,73
09/08/2011,CKB,WV,AEA,CE,Combined TRACON& Tower with Radar,0,13,17,11,41,0,0,2,0,2,0,13,19,11,43,2,0,2,45
09/09/2011,CKB,WV,AEA,CE,Combined TRACON& Tower with Radar,0,5,10,9,24,0,2,15,6,23,0,7,25,15,47,26,8,34,81
09/10/2011,CKB,WV,AEA,CE,Combined TRACON& Tower with Radar,0,9,10,4,23,0,0,1,0,1,0,9,11,4,24,0,0,0,24
09/11/2011,CKB,WV,AEA,CE,Combined TRACON& Tower with Radar,0,7,5,2,14,0,0,10,0,10,0,7,15,2,24,30,0,30,54
09/12/2011,CKB,WV,AEA,CE,Combined TRACON& Tower with Radar,0,5,20,15,40,0,0,24,7,31,0,5,44,22,71,52,68,120,191
09/13/2011,CKB,WV,AEA,CE,Combined TRACON& Tower with Radar,0,4,31,8,43,0,0,43,4,47,0,4,74,12,90,10,84,94,184
09/14/2011,CKB,WV,AEA,CE,Combined TRACON& Tower with Radar,0,10,15,21,46,0,0,38,0,38,0,10,53,21,84,24,88,112,196
09/15/2011,CKB,WV,AEA,CE,Combined TRACON& Tower with Radar,0,10,13,12,35,0,2,3,0,5,0,12,16,12,40,22,30,52,92
09/16/2011,CKB,WV,AEA,CE,Combined TRACON& Tower with Radar,0,6,10,14,30,0,0,40,2,42,0,6,50,16,72,38,60,98,170
09/17/2011,CKB,WV,AEA,CE,Combined TRACON& Tower with Radar,0,5,13,2,20,0,0,28,5,33,0,5,41,7,53,46,54,100,153
09/18/2011,CKB,WV,AEA,CE,Combined TRACON& Tower with Radar,0,6,9,2,17,0,0,9,0,9,0,6,18,2,26,10,48,58,84
09/19/2011,CKB,WV,AEA,CE,Combined TRACON& Tower with Radar,0,5,13,7,25,0,2,10,4,16,0,7,23,11,41,16,112,128,169
09/20/2011,CKB,WV,AEA,CE,Combined TRACON& Tower with Radar,0,5,15,11,31,0,1,0,0,1,0,6,15,11,32,0,62,62,94
09/21/2011,CKB,WV,AEA,CE,Combined TRACON& Tower with Radar,0,9,19,11,39,0,0,12,1,13,0,9,31,12,52,22,90,112,164
09/22/2011,CKB,WV,AEA,CE,Combined TRACON& Tower with Radar,0,6,35,13,54,0,1,8,0,9,0,7,43,13,63,14,34,48,111
09/23/2011,CKB,WV,AEA,CE,Combined TRACON& Tower with Radar,0,12,5,13,30,0,0,4,0,4,0,12,9,13,34,4,18,22,56
09/24/2011,CKB,WV,AEA,CE,Combined TRACON& Tower with Radar,3,5,6,0,14,0,0,2,0,2,3,5,8,0,16,0,0,0,16
09/25/2011,CKB,WV,AEA,CE,Combined TRACON& Tower with Radar,0,6,14,0,20,0,0,6,0,6,0,6,20,0,26,22,12,34,60
09/26/2011,CKB,WV,AEA,CE,Combined TRACON& Tower with Radar,0,8,8,13,29,0,1,14,3,18,0,9,22,16,47,32,48,80,127
09/27/2011,CKB,WV,AEA,CE,Combined TRACON& Tower with Radar,0,6,11,15,32,0,0,5,1,6,0,6,16,16,38,8,22,30,68
09/28/2011,CKB,WV,AEA,CE,Combined TRACON& Tower with Radar,0,8,18,22,48,0,0,10,1,11,0,8,28,23,59,32,38,70,129
09/29/2011,CKB,WV,AEA,CE,Combined TRACON& Tower with Radar,0,12,14,27,53,0,0,4,0,4,0,12,18,27,57,28,58,86,143
09/30/2011,CKB,WV,AEA,CE,Combined TRACON& Tower with Radar,0,5,15,5,25,0,0,2,0,2,0,5,17,5,27,0,0,0,27
10/01/2011,CKB,WV,AEA,CE,Combined TRACON& Tower with Radar,1,9,3,0,13,0,0,2,0,2,1,9,5,0,15,6,0,6,21
10/02/2011,CKB,WV,AEA,CE,Combined TRACON& Tower with Radar,0,4,6,0,10,0,0,1,0,1,0,4,7,0,11,0,0,0,11
10/03/2011,CKB,WV,AEA,CE,Combined TRACON& Tower with Radar,0,6,11,0,17,0,0,1,0,1,0,6,12,0,18,0,0,0,18
10/04/2011,CKB,WV,AEA,CE,Combined TRACON& Tower with Radar,0,4,5,9,18,0,0,3,0,3,0,4,8,9,21,0,0,0,21
10/05/2011,CKB,WV,AEA,CE,Combined TRACON& Tower with Radar,0,8,25,14,47,0,1,22,1,24,0,9,47,15,71,57,60,117,188
10/06/2011,CKB,WV,AEA,CE,Combined TRACON& Tower with Radar,0,6,20,12,38,0,0,24,6,30,0,6,44,18,68,36,104,140,208
10/07/2011,CKB,WV,AEA,CE,Combined TRACON& Tower with Radar,1,7,28,10,46,0,2,45,2,49,1,9,73,12,95,62,118,180,275
10/08/2011,CKB,WV,AEA,CE,Combined TRACON& Tower with Radar,1,4,2,0,7,0,0,8,0,8,1,4,10,0,15,60,40,100,115
10/09/2011,CKB,WV,AEA,CE,Combined TRACON& Tower with Radar,1,5,9,0,15,0,0,8,0,8,1,5,17,0,23,14,0,14,37
10/10/2011,CKB,WV,AEA,CE,Combined TRACON& Tower with Radar,0,7,14,0,21,0,1,18,0,19,0,8,32,0,40,6,8,14,54
10/11/2011,CKB,WV,AEA,CE,Combined TRACON& Tower with Radar,0,13,20,14,47,0,0,23,1,24,0,13,43,15,71,36,126,162,233
10/12/2011,CKB,WV,AEA,CE,Combined TRACON& Tower with Radar,2,8,7,0,17,0,0,0,0,0,2,8,7,0,17,0,0,0,17
10/13/2011,CKB,WV,AEA,CE,Combined TRACON& Tower with Radar,0,9,10,10,29,0,0,4,1,5,0,9,14,11,34,2,66,68,102
10/14/2011,CKB,WV,AEA,CE,Combined TRACON& Tower with Radar,0,8,13,15,36,0,0,5,0,5,0,8,18,15,41,2,10,12,53
10/15/2011,CKB,WV,AEA,CE,Combined TRACON& Tower with Radar,0,7,3,2,12,0,0,3,1,4,0,7,6,3,16,0,0,0,16
10/16/2011,CKB,WV,AEA,CE,Combined TRACON& Tower with Radar,0,7,3,0,10,0,1,5,0,6,0,8,8,0,16,0,0,0,16
10/17/2011,CKB,WV,AEA,CE,Combined TRACON& Tower with Radar,0,8,20,10,38,0,0,12,2,14,0,8,32,12,52,16,74,90,142
10/18/2011,CKB,WV,AEA,CE,Combined TRACON& Tower with Radar,0,5,16,18,39,0,0,20,5,25,0,5,36,23,64,32,54,86,150
10/19/2011,CKB,WV,AEA,CE,Combined TRACON& Tower with Radar,0,13,6,14,33,0,0,4,0,4,0,13,10,14,37,8,50,58,95
10/20/2011,CKB,WV,AEA,CE,Combined TRACON& Tower with Radar,2,7,12,0,21,0,0,0,0,0,2,7,12,0,21,0,0,0,21
10/21/2011,CKB,WV,AEA,CE,Combined TRACON& Tower with Radar,0,11,8,6,25,0,0,2,0,2,0,11,10,6,27,64,59,123,150
10/22/2011,CKB,WV,AEA,CE,Combined TRACON& Tower with Radar,0,4,14,0,18,0,1,6,0,7,0,5,20,0,25,0,0,0,25
10/23/2011,CKB,WV,AEA,CE,Combined TRACON& Tower with Radar,0,7,16,2,25,0,0,19,0,19,0,7,35,2,44,25,0,25,69
10/24/2011,CKB,WV,AEA,CE,Combined TRACON& Tower with Radar,0,7,14,25,46,0,0,13,4,17,0,7,27,29,63,22,88,110,173
10/25/2011,CKB,WV,AEA,CE,Combined TRACON& Tower with Radar,0,7,26,17,50,0,1,23,3,27,0,8,49,20,77,52,60,112,189
10/26/2011,CKB,WV,AEA,CE,Combined TRACON& Tower with Radar,1,8,12,20,41,0,0,2,2,4,1,8,14,22,45,2,110,112,157
10/27/2011,CKB,WV,AEA,CE,Combined TRACON& Tower with Radar,1,6,15,6,28,0,0,0,0,0,1,6,15,6,28,0,0,0,28
10/28/2011,CKB,WV,AEA,CE,Combined TRACON& Tower with Radar,2,7,13,12,34,0,0,12,3,15,2,7,25,15,49,28,74,102,151
10/29/2011,CKB,WV,AEA,CE,Combined TRACON& Tower with Radar,0,4,3,0,7,0,0,0,0,0,0,4,3,0,7,0,0,0,7
10/30/2011,CKB,WV,AEA,CE,Combined TRACON& Tower with Radar,1,5,7,0,13,0,0,6,0,6,1,5,13,0,19,0,0,0,19
10/31/2011,CKB,WV,AEA,CE,Combined TRACON& Tower with Radar,0,13,9,15,37,0,0,17,4,21,0,13,26,19,58,10,82,92,150
11/01/2011,CKB,WV,AEA,CE,Combined TRACON& Tower with Radar,0,6,32,15,53,0,0,19,4,23,0,6,51,19,76,14,114,128,204
11/02/2011,CKB,WV,AEA,CE,Combined TRACON& Tower with Radar,0,11,10,15,36,0,2,11,1,14,0,13,21,16,50,18,84,102,152
11/03/2011,CKB,WV,AEA,CE,Combined TRACON& Tower with Radar,0,7,10,16,33,0,0,13,0,13,0,7,23,16,46,32,50,82,128
11/04/2011,CKB,WV,AEA,CE,Combined TRACON& Tower with Radar,1,8,12,9,30,0,0,7,0,7,1,8,19,9,37,82,40,122,159
11/05/2011,CKB,WV,AEA,CE,Combined TRACON& Tower with Radar,1,4,8,0,13,0,0,16,0,16,1,4,24,0,29,6,0,6,35
11/06/2011,CKB,WV,AEA,CE,Combined TRACON& Tower with Radar,0,8,14,0,22,0,0,24,0,24,0,8,38,0,46,0,0,0,46
11/07/2011,CKB,WV,AEA,CE,Combined TRACON& Tower with Radar,0,7,11,18,36,0,1,17,3,21,0,8,28,21,57,68,26,94,151
11/08/2011,CKB,WV,AEA,CE,Combined TRACON& Tower with Radar,0,10,8,15,33,0,0,24,1,25,0,10,32,16,58,36,64,100,158
11/09/2011,CKB,WV,AEA,CE,Combined TRACON& Tower with Radar,0,7,11,13,31,0,0,8,3,11,0,7,19,16,42,43,16,59,101
11/10/2011,CKB,WV,AEA,CE,Combined TRACON& Tower with Radar,0,11,10,7,28,0,0,2,0,2,0,11,12,7,30,62,38,100,130
11/11/2011,CKB,WV,AEA,CE,Combined TRACON& Tower with Radar,0,9,10,0,19,0,1,6,0,7,0,10,16,0,26,62,0,62,88
11/12/2011,CKB,WV,AEA,CE,Combined TRACON& Tower with Radar,2,4,11,0,17,0,0,7,0,7,2,4,18,0,24,14,0,14,38
11/13/2011,CKB,WV,AEA,CE,Combined TRACON& Tower with Radar,0,5,8,2,15,0,0,7,1,8,0,5,15,3,23,10,0,10,33
11/14/2011,CKB,WV,AEA,CE,Combined TRACON& Tower with Radar,0,11,7,11,29,0,0,0,0,0,0,11,7,11,29,0,55,55,84
11/15/2011,CKB,WV,AEA,CE,Combined TRACON& Tower with Radar,0,6,13,9,28,0,0,0,0,0,0,6,13,9,28,0,0,0,28
11/16/2011,CKB,WV,AEA,CE,Combined TRACON& Tower with Radar,0,7,10,2,19,0,0,0,0,0,0,7,10,2,19,0,0,0,19
11/17/2011,CKB,WV,AEA,CE,Combined TRACON& Tower with Radar,0,9,9,15,33,0,0,2,1,3,0,9,11,16,36,18,32,50,86
11/18/2011,CKB,WV,AEA,CE,Combined TRACON& Tower with Radar,0,7,23,5,35,0,0,19,1,20,0,7,42,6,55,60,46,106,161
11/19/2011,CKB,WV,AEA,CE,Combined TRACON& Tower with Radar,0,4,19,0,23,0,0,12,0,12,0,4,31,0,35,0,0,0,35
11/20/2011,CKB,WV,AEA,CE,Combined TRACON& Tower with Radar,0,8,10,0,18,0,1,3,0,4,0,9,13,0,22,22,0,22,44
11/21/2011,CKB,WV,AEA,CE,Combined TRACON& Tower with Radar,0,8,5,0,13,0,0,0,0,0,0,8,5,0,13,0,0,0,13
11/22/2011,CKB,WV,AEA,CE,Combined TRACON& Tower with Radar,0,5,1,0,6,0,0,0,0,0,0,5,1,0,6,0,0,0,6
11/23/2011,CKB,WV,AEA,CE,Combined TRACON& Tower with Radar,0,6,7,0,13,0,0,0,0,0,0,6,7,0,13,0,0,0,13
11/24/2011,CKB,WV,AEA,CE,Combined TRACON& Tower with Radar,0,7,4,0,11,0,0,2,0,2,0,7,6,0,13,6,0,6,19
11/25/2011,CKB,WV,AEA,CE,Combined TRACON& Tower with Radar,0,7,7,0,14,0,0,9,1,10,0,7,16,1,24,46,0,46,70
11/26/2011,CKB,WV,AEA,CE,Combined TRACON& Tower with Radar,0,4,6,0,10,0,0,17,0,17,0,4,23,0,27,10,0,10,37
11/27/2011,CKB,WV,AEA,CE,Combined TRACON& Tower with Radar,0,5,8,0,13,0,0,3,0,3,0,5,11,0,16,16,0,16,32
11/28/2011,CKB,WV,AEA,CE,Combined TRACON& Tower with Radar,0,6,9,21,36,0,0,8,5,13,0,6,17,26,49,44,86,130,179
11/29/2011,CKB,WV,AEA,CE,Combined TRACON& Tower with Radar,0,4,1,14,19,0,0,0,0,0,0,4,1,14,19,0,112,112,131
11/30/2011,CKB,WV,AEA,CE,Combined TRACON& Tower with Radar,2,11,6,2,21,0,0,5,0,5,2,11,11,2,26,0,16,16,42
12/01/2011,CKB,WV,AEA,CE,Combined TRACON& Tower with Radar,0,7,10,21,38,0,0,28,3,31,0,7,38,24,69,78,120,198,267
12/02/2011,CKB,WV,AEA,CE,Combined TRACON& Tower with Radar,1,12,26,19,58,0,0,21,1,22,1,12,47,20,80,34,142,176,256
12/03/2011,CKB,WV,AEA,CE,Combined TRACON& Tower with Radar,0,7,12,0,19,0,0,16,0,16,0,7,28,0,35,16,0,16,51
12/04/2011,CKB,WV,AEA,CE,Combined TRACON& Tower with Radar,0,8,11,0,19,0,1,21,1,23,0,9,32,1,42,40,0,40,82
12/05/2011,CKB,WV,AEA,CE,Combined TRACON& Tower with Radar,0,7,15,19,41,0,1,7,2,10,0,8,22,21,51,34,88,122,173
12/06/2011,CKB,WV,AEA,CE,Combined TRACON& Tower with Radar,0,11,13,0,24,0,0,0,0,0,0,11,13,0,24,0,0,0,24
12/07/2011,CKB,WV,AEA,CE,Combined TRACON& Tower with Radar,1,3,4,0,8,0,0,0,0,0,1,3,4,0,8,0,0,0,8
12/08/2011,CKB,WV,AEA,CE,Combined TRACON& Tower with Radar,0,6,10,43,59,0,0,2,18,20,0,6,12,61,79,24,150,174,253
12/09/2011,CKB,WV,AEA,CE,Combined TRACON& Tower with Radar,0,8,18,23,49,0,0,20,1,21,0,8,38,24,70,36,58,94,164
12/10/2011,CKB,WV,AEA,CE,Combined TRACON& Tower with Radar,0,7,11,0,18,0,0,11,0,11,0,7,22,0,29,0,0,0,29
12/11/2011,CKB,WV,AEA,CE,Combined TRACON& Tower with Radar,0,5,10,0,15,0,0,11,0,11,0,5,21,0,26,0,0,0,26
12/12/2011,CKB,WV,AEA,CE,Combined TRACON& Tower with Radar,0,7,18,14,39,0,0,17,6,23,0,7,35,20,62,52,54,106,168
12/13/2011,CKB,WV,AEA,CE,Combined TRACON& Tower with Radar,0,7,7,13,27,0,0,6,5,11,0,7,13,18,38,48,34,82,120
12/14/2011,CKB,WV,AEA,CE,Combined TRACON& Tower with Radar,0,6,18,11,35,0,0,12,0,12,0,6,30,11,47,32,42,74,121
12/15/2011,CKB,WV,AEA,CE,Combined TRACON& Tower with Radar,0,9,10,4,23,0,0,3,0,3,0,9,13,4,26,0,0,0,26
12/16/2011,CKB,WV,AEA,CE,Combined TRACON& Tower with Radar,0,10,23,2,35,0,0,12,0,12,0,10,35,2,47,78,20,98,145
12/17/2011,CKB,WV,AEA,CE,Combined TRACON& Tower with Radar,0,5,3,0,8,0,0,4,0,4,0,5,7,0,12,0,0,0,12
12/18/2011,CKB,WV,AEA,CE,Combined TRACON& Tower with Radar,0,7,2,0,9,0,0,2,0,2,0,7,4,0,11,0,0,0,11
12/19/2011,CKB,WV,AEA,CE,Combined TRACON& Tower with Radar,0,9,26,12,47,0,0,18,0,18,0,9,44,12,65,60,8,68,133
12/20/2011,CKB,WV,AEA,CE,Combined TRACON& Tower with Radar,2,9,9,4,24,0,1,4,0,5,2,10,13,4,29,66,6,72,101
12/21/2011,CKB,WV,AEA,CE,Combined TRACON& Tower with Radar,0,10,8,1,19,0,0,2,0,2,0,10,10,1,21,0,0,0,21
12/22/2011,CKB,WV,AEA,CE,Combined TRACON& Tower with Radar,0,10,9,11,30,0,0,2,3,5,0,10,11,14,35,28,74,102,137
12/23/2011,CKB,WV,AEA,CE,Combined TRACON& Tower with Radar,0,7,5,0,12,0,0,0,0,0,0,7,5,0,12,0,0,0,12
12/24/2011,CKB,WV,AEA,CE,Combined TRACON& Tower with Radar,2,5,0,0,7,0,0,1,0,1,2,5,1,0,8,2,0,2,10
12/25/2011,CKB,WV,AEA,CE,Combined TRACON& Tower with Radar,0,8,0,0,8,0,0,3,0,3,0,8,3,0,11,0,0,0,11
12/26/2011,CKB,WV,AEA,CE,Combined TRACON& Tower with Radar,0,7,10,0,17,0,0,12,0,12,0,7,22,0,29,72,0,72,101
12/27/2011,CKB,WV,AEA,CE,Combined TRACON& Tower with Radar,3,7,0,0,10,0,0,0,0,0,3,7,0,0,10,0,0,0,10
12/28/2011,CKB,WV,AEA,CE,Combined TRACON& Tower with Radar,0,9,5,0,14,0,0,3,0,3,0,9,8,0,17,34,0,34,51
12/29/2011,CKB,WV,AEA,CE,Combined TRACON& Tower with Radar,0,10,9,0,19,0,0,7,0,7,0,10,16,0,26,50,0,50,76
12/30/2011,CKB,WV,AEA,CE,Combined TRACON& Tower with Radar,0,8,4,0,12,0,0,4,0,4,0,8,8,0,16,0,0,0,16
12/31/2011,CKB,WV,AEA,CE,Combined TRACON& Tower with Radar,2,5,2,0,9,0,0,2,0,2,2,5,4,0,11,0,0,0,11
01/01/2012,CKB,WV,AEA,CE,Combined TRACON& Tower with Radar,0,8,2,0,10,0,0,3,0,3,0,8,5,0,13,30,0,30,43
01/02/2012,CKB,WV,AEA,CE,Combined TRACON& Tower with Radar,2,7,3,0,12,0,0,0,0,0,2,7,3,0,12,0,0,0,12
01/03/2012,CKB,WV,AEA,CE,Combined TRACON& Tower with Radar,2,7,2,0,11,0,0,0,0,0,2,7,2,0,11,0,0,0,11
01/04/2012,CKB,WV,AEA,CE,Combined TRACON& Tower with Radar,1,9,8,10,28,0,0,9,1,10,1,9,17,11,38,14,18,32,70
01/05/2012,CKB,WV,AEA,CE,Combined TRACON& Tower with Radar,2,9,12,13,36,0,0,14,3,17,2,9,26,16,53,12,10,22,75
01/06/2012,CKB,WV,AEA,CE,Combined TRACON& Tower with Radar,0,8,9,7,24,0,1,15,5,21,0,9,24,12,45,40,14,54,99
01/07/2012,CKB,WV,AEA,CE,Combined TRACON& Tower with Radar,2,7,9,0,18,0,0,5,0,5,2,7,14,0,23,4,0,4,27
01/08/2012,CKB,WV,AEA,CE,Combined TRACON& Tower with Radar,0,9,5,4,18,0,0,10,0,10,0,9,15,4,28,0,0,0,28
01/09/2012,CKB,WV,AEA,CE,Combined TRACON& Tower with Radar,0,10,13,0,23,0,0,17,0,17,0,10,30,0,40,16,0,16,56
01/10/2012,CKB,WV,AEA,CE,Combined TRACON& Tower with Radar,1,6,9,13,29,0,1,8,6,15,1,7,17,19,44,29,80,109,153
01/11/2012,CKB,WV,AEA,CE,Combined TRACON& Tower with Radar,0,10,14,3,27,0,0,1,0,1,0,10,15,3,28,0,0,0,28
01/12/2012,CKB,WV,AEA,CE,Combined TRACON& Tower with Radar,0,7,13,9,29,0,0,0,0,0,0,7,13,9,29,0,0,0,29
01/13/2012,CKB,WV,AEA,CE,Combined TRACON& Tower with Radar,0,8,12,1,21,0,0,0,0,0,0,8,12,1,21,0,0,0,21
01/14/2012,CKB,WV,AEA,CE,Combined TRACON& Tower with Radar,0,9,5,0,14,0,0,1,0,1,0,9,6,0,15,0,0,0,15
01/15/2012,CKB,WV,AEA,CE,Combined TRACON& Tower with Radar,0,5,6,0,11,0,1,2,0,3,0,6,8,0,14,0,0,0,14
01/16/2012,CKB,WV,AEA,CE,Combined TRACON& Tower with Radar,1,6,6,1,14,0,1,4,1,6,1,7,10,2,20,44,0,44,64
01/17/2012,CKB,WV,AEA,CE,Combined TRACON& Tower with Radar,0,4,4,8,16,0,0,0,0,0,0,4,4,8,16,0,0,0,16
01/18/2012,CKB,WV,AEA,CE,Combined TRACON& Tower with Radar,0,10,6,2,18,0,0,3,0,3,0,10,9,2,21,14,12,26,47
01/19/2012,CKB,WV,AEA,CE,Combined TRACON& Tower with Radar,1,8,10,28,47,0,0,8,1,9,1,8,18,29,56,6,52,58,114
01/20/2012,CKB,WV,AEA,CE,Combined TRACON& Tower with Radar,0,8,7,8,23,0,0,3,0,3,0,8,10,8,26,0,2,2,28
01/21/2012,CKB,WV,AEA,CE,Combined TRACON& Tower with Radar,0,4,0,0,4,0,0,0,0,0,0,4,0,0,4,0,0,0,4
01/22/2012,CKB,WV,AEA,CE,Combined TRACON& Tower with Radar,0,4,11,2,17,0,0,7,0,7,0,4,18,2,24,42,0,42,66
01/23/2012,CKB,WV,AEA,CE,Combined TRACON& Tower with Radar,1,7,6,9,23,0,2,3,2,7,1,9,9,11,30,0,0,0,30
01/24/2012,CKB,WV,AEA,CE,Combined TRACON& Tower with Radar,1,10,5,18,34,0,0,4,0,4,1,10,9,18,38,14,6,20,58
01/25/2012,CKB,WV,AEA,CE,Combined TRACON& Tower with Radar,1,6,12,23,42,0,0,6,0,6,1,6,18,23,48,52,6,58,106
01/26/2012,CKB,WV,AEA,CE,Combined TRACON& Tower with Radar,1,11,9,3,24,0,0,0,0,0,1,11,9,3,24,0,0,0,24
01/27/2012,CKB,WV,AEA,CE,Combined TRACON& Tower with Radar,0,10,9,4,23,0,1,0,0,1,0,11,9,4,24,0,0,0,24
01/28/2012,CKB,WV,AEA,CE,Combined TRACON& Tower with Radar,0,8,13,6,27,0,0,6,0,6,0,8,19,6,33,12,0,12,45
01/29/2012,CKB,WV,AEA,CE,Combined TRACON& Tower with Radar,0,6,8,2,16,0,0,3,0,3,0,6,11,2,19,0,0,0,19
01/30/2012,CKB,WV,AEA,CE,Combined TRACON& Tower with Radar,1,7,7,25,40,0,2,15,3,20,1,9,22,28,60,46,54,100,160
01/31/2012,CKB,WV,AEA,CE,Combined TRACON& Tower with Radar,1,15,5,17,38,0,1,6,2,9,1,16,11,19,47,4,14,18,65
02/01/2012,CKB,WV,AEA,CE,Combined TRACON& Tower with Radar,0,9,9,19,37,0,0,0,0,0,0,9,9,19,37,0,0,0,37
02/02/2012,CKB,WV,AEA,CE,Combined TRACON& Tower with Radar,2,9,12,20,43,0,0,5,1,6,2,9,17,21,49,22,10,32,81
02/03/2012,CKB,WV,AEA,CE,Combined TRACON& Tower with Radar,0,6,7,30,43,0,0,17,0,17,0,6,24,30,60,40,50,90,150
02/04/2012,CKB,WV,AEA,CE,Combined TRACON& Tower with Radar,0,6,2,0,8,0,0,6,0,6,0,6,8,0,14,0,0,0,14
02/05/2012,CKB,WV,AEA,CE,Combined TRACON& Tower with Radar,0,6,6,0,12,0,1,1,0,2,0,7,7,0,14,64,0,64,78
02/06/2012,CKB,WV,AEA,CE,Combined TRACON& Tower with Radar,0,6,11,16,33,0,0,12,0,12,0,6,23,16,45,48,34,82,127
02/07/2012,CKB,WV,AEA,CE,Combined TRACON& Tower with Radar,0,10,13,13,36,0,0,22,1,23,0,10,35,14,59,50,22,72,131
02/08/2012,CKB,WV,AEA,CE,Combined TRACON& Tower with Radar,0,7,11,2,20,0,0,0,0,0,0,7,11,2,20,0,0,0,20
02/09/2012,CKB,WV,AEA,CE,Combined TRACON& Tower with Radar,0,7,13,15,35,0,0,18,0,18,0,7,31,15,53,34,0,34,87
02/10/2012,CKB,WV,AEA,CE,Combined TRACON& Tower with Radar,1,13,6,9,29,0,0,10,0,10,1,13,16,9,39,14,0,14,53
02/11/2012,CKB,WV,AEA,CE,Combined TRACON& Tower with Radar,2,8,1,0,11,0,0,0,0,0,2,8,1,0,11,0,0,0,11
02/12/2012,CKB,WV,AEA,CE,Combined TRACON& Tower with Radar,0,8,4,2,14,0,0,0,0,0,0,8,4,2,14,0,0,0,14
02/13/2012,CKB,WV,AEA,CE,Combined TRACON& Tower with Radar,0,7,17,17,41,0,0,18,2,20,0,7,35,19,61,76,82,158,219
02/14/2012,CKB,WV,AEA,CE,Combined TRACON& Tower with Radar,0,6,11,9,26,0,0,3,3,6,0,6,14,12,32,8,52,60,92
02/15/2012,CKB,WV,AEA,CE,Combined TRACON& Tower with Radar,0,8,13,14,35,0,0,17,4,21,0,8,30,18,56,10,76,86,142
02/16/2012,CKB,WV,AEA,CE,Combined TRACON& Tower with Radar,0,7,6,4,17,0,0,0,0,0,0,7,6,4,17,0,77,77,94
02/17/2012,CKB,WV,AEA,CE,Combined TRACON& Tower with Radar,0,14,22,23,59,0,0,22,1,23,0,14,44,24,82,60,154,214,296
02/18/2012,CKB,WV,AEA,CE,Combined TRACON& Tower with Radar,0,5,20,2,27,0,2,35,0,37,0,7,55,2,64,64,0,64,128
02/19/2012,CKB,WV,AEA,CE,Combined TRACON& Tower with Radar,0,5,6,0,11,0,0,4,0,4,0,5,10,0,15,54,0,54,69
02/20/2012,CKB,WV,AEA,CE,Combined TRACON& Tower with Radar,0,8,7,0,15,0,0,22,1,23,0,8,29,1,38,42,0,42,80
02/21/2012,CKB,WV,AEA,CE,Combined TRACON& Tower with Radar,0,6,9,12,27,0,0,3,6,9,0,6,12,18,36,2,130,132,168
02/22/2012,CKB,WV,AEA,CE,Combined TRACON& Tower with Radar,0,10,11,13,34,0,0,8,4,12,0,10,19,17,46,18,92,110,156
02/23/2012,CKB,WV,AEA,CE,Combined TRACON& Tower with Radar,1,8,3,29,41,0,0,8,0,8,1,8,11,29,49,42,126,168,217
02/24/2012,CKB,WV,AEA,CE,Combined TRACON& Tower with Radar,0,13,2,13,28,0,0,1,0,1,0,13,3,13,29,0,52,52,81
02/25/2012,CKB,WV,AEA,CE,Combined TRACON& Tower with Radar,0,7,1,0,8,0,0,0,3,3,0,7,1,3,11,0,0,0,11
02/26/2012,CKB,WV,AEA,CE,Combined TRACON& Tower with Radar,0,5,14,1,20,0,1,8,0,9,0,6,22,1,29,14,0,14,43
02/27/2012,CKB,WV,AEA,CE,Combined TRACON& Tower with Radar,4,10,12,16,42,0,2,7,1,10,4,12,19,17,52,0,100,100,152
02/28/2012,CKB,WV,AEA,CE,Combined TRACON& Tower with Radar,0,7,15,11,33,0,0,19,1,20,0,7,34,12,53,32,82,114,167
02/29/2012,CKB,WV,AEA,CE,Combined TRACON& Tower with Radar,1,8,2,0,11,0,0,0,0,0,1,8,2,0,11,0,0,0,11
03/01/2012,CKB,WV,AEA,CE,Combined TRACON& Tower with Radar,1,9,10,17,37,2,1,5,2,10,3,10,15,19,47,0,18,18,65
03/02/2012,CKB,WV,AEA,CE,Combined TRACON& Tower with Radar,3,7,8,20,38,0,2,2,1,5,3,9,10,21,43,18,66,84,127
03/03/2012,CKB,WV,AEA,CE,Combined TRACON& Tower with Radar,2,6,8,7,23,0,0,2,3,5,2,6,10,10,28,20,24,44,72
03/04/2012,CKB,WV,AEA,CE,Combined TRACON& Tower with Radar,0,2,4,4,10,0,4,0,0,4,0,6,4,4,14,0,0,0,14
03/05/2012,CKB,WV,AEA,CE,Combined TRACON& Tower with Radar,2,8,3,25,38,0,0,2,0,2,2,8,5,25,40,0,18,18,58
03/06/2012,CKB,WV,AEA,CE,Combined TRACON& Tower with Radar,0,5,20,27,52,0,1,18,5,24,0,6,38,32,76,88,104,192,268
03/07/2012,CKB,WV,AEA,CE,Combined TRACON& Tower with Radar,2,6,12,29,49,0,0,10,2,12,2,6,22,31,61,24,40,64,125
03/08/2012,CKB,WV,AEA,CE,Combined TRACON& Tower with Radar,4,5,3,23,35,0,2,2,3,7,4,7,5,26,42,0,80,80,122
03/09/2012,CKB,WV,AEA,CE,Combined TRACON& Tower with Radar,0,7,10,14,31,0,1,6,1,8,0,8,16,15,39,6,62,68,107
03/10/2012,CKB,WV,AEA,CE,Combined TRACON& Tower with Radar,0,4,19,2,25,0,0,23,2,25,0,4,42,4,50,60,8,68,118
03/11/2012,CKB,WV,AEA,CE,Combined TRACON& Tower with Radar,2,4,7,0,13,0,0,26,1,27,2,4,33,1,40,62,20,82,122
03/12/2012,CKB,WV,AEA,CE,Combined TRACON& Tower with Radar,1,8,6,8,23,0,0,4,0,4,1,8,10,8,27,4,20,24,51
03/13/2012,CKB,WV,AEA,CE,Combined TRACON& Tower with Radar,0,8,17,21,46,0,1,2,1,4,0,9,19,22,50,6,74,80,130
03/14/2012,CKB,WV,AEA,CE,Combined TRACON& Tower with Radar,2,9,22,24,57,0,2,18,3,23,2,11,40,27,80,8,42,50,130
03/15/2012,CKB,WV,AEA,CE,Combined TRACON& Tower with Radar,2,8,7,19,36,0,0,6,4,10,2,8,13,23,46,34,20,54,100
03/16/2012,CKB,WV,AEA,CE,Combined TRACON& Tower with Radar,0,6,9,6,21,0,1,10,0,11,0,7,19,6,32,10,18,28,60
03/17/2012,CKB,WV,AEA,CE,Combined TRACON& Tower with Radar,0,2,4,4,10,0,0,10,0,10,0,2,14,4,20,10,56,66,86
03/18/2012,CKB,WV,AEA,CE,Combined TRACON& Tower with Radar,0,4,4,6,14,0,1,6,0,7,0,5,10,6,21,58,32,90,111
03/19/2012,CKB,WV,AEA,CE,Combined TRACON& Tower with Radar,0,6,7,16,29,0,0,21,4,25,0,6,28,20,54,22,50,72,126
03/20/2012,CKB,WV,AEA,CE,Combined TRACON& Tower with Radar,0,3,14,13,30,0,0,13,3,16,0,3,27,16,46,44,32,76,122
03/21/2012,CKB,WV,AEA,CE,Combined TRACON& Tower with Radar,0,6,17,14,37,0,0,18,4,22,0,6,35,18,59,10,4,14,73
03/22/2012,CKB,WV,AEA,CE,Combined TRACON& Tower with Radar,0,6,16,8,30,0,1,11,0,12,0,7,27,8,42,98,24,122,164
03/23/2012,CKB,WV,AEA,CE,Combined TRACON& Tower with Radar,0,7,10,6,23,0,0,8,1,9,0,7,18,7,32,20,12,32,64
03/24/2012,CKB,WV,AEA,CE,Combined TRACON& Tower with Radar,0,7,0,2,9,0,0,0,0,0,0,7,0,2,9,0,0,0,9
03/25/2012,CKB,WV,AEA,CE,Combined TRACON& Tower with Radar,3,4,6,2,15,0,1,2,0,3,3,5,8,2,18,54,0,54,72
03/26/2012,CKB,WV,AEA,CE,Combined TRACON& Tower with Radar,1,8,10,8,27,0,0,11,9,20,1,8,21,17,47,2,32,34,81
03/27/2012,CKB,WV,AEA,CE,Combined TRACON& Tower with Radar,2,4,20,11,37,0,0,16,12,28,2,4,36,23,65,32,54,86,151
03/28/2012,CKB,WV,AEA,CE,Combined TRACON& Tower with Radar,0,6,10,4,20,0,0,1,3,4,0,6,11,7,24,0,0,0,24
03/29/2012,CKB,WV,AEA,CE,Combined TRACON& Tower with Radar,0,6,12,16,34,0,2,12,1,15,0,8,24,17,49,30,108,138,187
03/30/2012,CKB,WV,AEA,CE,Combined TRACON& Tower with Radar,0,7,8,8,23,0,0,9,1,10,0,7,17,9,33,28,104,132,165
03/31/2012,CKB,WV,AEA,CE,Combined TRACON& Tower with Radar,0,8,8,0,16,0,0,0,0,0,0,8,8,0,16,0,0,0,16
04/01/2012,CKB,WV,AEA,CE,Combined TRACON& Tower with Radar,0,7,6,4,17,0,0,10,0,10,0,7,16,4,27,40,0,40,67
04/02/2012,CKB,WV,AEA,CE,Combined TRACON& Tower with Radar,0,5,16,11,32,0,0,8,6,14,0,5,24,17,46,8,102,110,156
04/03/2012,CKB,WV,AEA,CE,Combined TRACON& Tower with Radar,0,9,6,15,30,0,2,31,6,39,0,11,37,21,69,18,96,114,183
04/04/2012,CKB,WV,AEA,CE,Combined TRACON& Tower with Radar,0,9,4,18,31,0,1,10,0,11,0,10,14,18,42,0,66,66,108
04/05/2012,CKB,WV,AEA,CE,Combined TRACON& Tower with Radar,0,5,15,23,43,0,0,9,3,12,0,5,24,26,55,28,20,48,103
04/06/2012,CKB,WV,AEA,CE,Combined TRACON& Tower with Radar,0,7,17,14,38,0,0,16,0,16,0,7,33,14,54,12,0,12,66
04/07/2012,CKB,WV,AEA,CE,Combined TRACON& Tower with Radar,0,4,3,0,7,0,0,12,0,12,0,4,15,0,19,0,0,0,19
04/08/2012,CKB,WV,AEA,CE,Combined TRACON& Tower with Radar,0,6,8,0,14,0,0,12,0,12,0,6,20,0,26,6,0,6,32
04/09/2012,CKB,WV,AEA,CE,Combined TRACON& Tower with Radar,0,8,14,3,25,0,0,10,0,10,0,8,24,3,35,0,0,0,35
04/10/2012,CKB,WV,AEA,CE,Combined TRACON& Tower with Radar,0,4,5,20,29,0,0,12,2,14,0,4,17,22,43,0,6,6,49
04/11/2012,CKB,WV,AEA,CE,Combined TRACON& Tower with Radar,5,6,4,15,30,0,1,4,0,5,5,7,8,15,35,44,26,70,105
04/12/2012,CKB,WV,AEA,CE,Combined TRACON& Tower with Radar,4,7,11,19,41,0,0,19,4,23,4,7,30,23,64,54,24,78,142
04/13/2012,CKB,WV,AEA,CE,Combined TRACON& Tower with Radar,0,6,16,4,26,0,0,21,0,21,0,6,37,4,47,63,24,87,134
04/14/2012,CKB,WV,AEA,CE,Combined TRACON& Tower with Radar,1,6,5,4,16,0,2,4,0,6,1,8,9,4,22,32,22,54,76
04/15/2012,CKB,WV,AEA,CE,Combined TRACON& Tower with Radar,0,7,10,1,18,0,0,10,0,10,0,7,20,1,28,60,10,70,98
04/16/2012,CKB,WV,AEA,CE,Combined TRACON& Tower with Radar,0,8,1,16,25,0,0,1,2,3,0,8,2,18,28,0,0,0,28
04/17/2012,CKB,WV,AEA,CE,Combined TRACON& Tower with Radar,0,4,13,24,41,0,0,9,3,12,0,4,22,27,53,24,36,60,113
04/18/2012,CKB,WV,AEA,CE,Combined TRACON& Tower with Radar,0,9,11,11,31,0,1,8,7,16,0,10,19,18,47,24,120,144,191
04/19/2012,CKB,WV,AEA,CE,Combined TRACON& Tower with Radar,0,6,8,16,30,0,1,19,6,26,0,7,27,22,56,44,130,174,230
04/20/2012,CKB,WV,AEA,CE,Combined TRACON& Tower with Radar,0,4,16,22,42,0,0,17,5,22,0,4,33,27,64,12,68,80,144
04/21/2012,CKB,WV,AEA,CE,Combined TRACON& Tower with Radar,0,5,1,1,7,0,0,1,0,1,0,5,2,1,8,0,0,0,8
04/22/2012,CKB,WV,AEA,CE,Combined TRACON& Tower with Radar,2,3,13,0,18,0,0,1,0,1,2,3,14,0,19,0,0,0,19
04/23/2012,CKB,WV,AEA,CE,Combined TRACON& Tower with Radar,0,4,1,3,8,0,0,0,0,0,0,4,1,3,8,0,0,0,8
04/24/2012,CKB,WV,AEA,CE,Combined TRACON& Tower with Radar,4,8,3,15,30,0,0,4,8,12,4,8,7,23,42,0,32,32,74
04/25/2012,CKB,WV,AEA,CE,Combined TRACON& Tower with Radar,0,7,17,30,54,0,0,16,2,18,0,7,33,32,72,55,172,227,299
04/26/2012,CKB,WV,AEA,CE,Combined TRACON& Tower with Radar,0,7,14,14,35,0,0,0,0,0,0,7,14,14,35,10,90,100,135
04/27/2012,CKB,WV,AEA,CE,Combined TRACON& Tower with Radar,0,8,10,23,41,0,0,3,0,3,0,8,13,23,44,28,46,74,118
04/28/2012,CKB,WV,AEA,CE,Combined TRACON& Tower with Radar,0,6,1,2,9,0,0,2,4,6,0,6,3,6,15,32,0,32,47
04/29/2012,CKB,WV,AEA,CE,Combined TRACON& Tower with Radar,0,5,4,8,17,0,0,19,1,20,0,5,23,9,37,6,4,10,47
04/30/2012,CKB,WV,AEA,CE,Combined TRACON& Tower with Radar,0,7,7,11,25,0,0,24,0,24,0,7,31,11,49,74,54,128,177
05/01/2012,CKB,WV,AEA,CE,Combined TRACON& Tower with Radar,1,5,13,20,39,0,0,0,0,0,1,5,13,20,39,4,60,64,103
05/02/2012,CKB,WV,AEA,CE,Combined TRACON& Tower with Radar,0,6,16,17,39,0,0,4,1,5,0,6,20,18,44,28,72,100,144
05/03/2012,CKB,WV,AEA,CE,Combined TRACON& Tower with Radar,0,11,13,16,40,0,0,9,0,9,0,11,22,16,49,47,47,94,143
05/04/2012,CKB,WV,AEA,CE,Combined TRACON& Tower with Radar,0,7,7,5,19,0,0,12,0,12,0,7,19,5,31,20,18,38,69
05/05/2012,CKB,WV,AEA,CE,Combined TRACON& Tower with Radar,3,3,4,3,13,0,0,0,1,1,3,3,4,4,14,44,0,44,58
05/06/2012,CKB,WV,AEA,CE,Combined TRACON& Tower with Radar,0,5,3,0,8,0,0,5,0,5,0,5,8,0,13,6,0,6,19
05/07/2012,CKB,WV,AEA,CE,Combined TRACON& Tower with Radar,0,7,10,8,25,0,0,16,9,25,0,7,26,17,50,26,70,96,146
05/08/2012,CKB,WV,AEA,CE,Combined TRACON& Tower with Radar,0,4,3,4,11,0,0,1,0,1,0,4,4,4,12,0,0,0,12
05/09/2012,CKB,WV,AEA,CE,Combined TRACON& Tower with Radar,0,8,16,7,31,0,0,4,0,4,0,8,20,7,35,10,98,108,143
05/10/2012,CKB,WV,AEA,CE,Combined TRACON& Tower with Radar,0,6,17,22,45,0,0,13,2,15,0,6,30,24,60,56,118,174,234
05/11/2012,CKB,WV,AEA,CE,Combined TRACON& Tower with Radar,0,7,9,18,34,0,0,18,0,18,0,7,27,18,52,64,154,218,270
05/12/2012,CKB,WV,AEA,CE,Combined TRACON& Tower with Radar,0,5,7,0,12,0,0,21,0,21,0,5,28,0,33,0,0,0,33
05/13/2012,CKB,WV,AEA,CE,Combined TRACON& Tower with Radar,0,5,2,0,7,0,0,5,0,5,0,5,7,0,12,0,0,0,12
05/14/2012,CKB,WV,AEA,CE,Combined TRACON& Tower with Radar,0,14,10,2,26,0,0,0,0,0,0,14,10,2,26,0,0,0,26
05/15/2012,CKB,WV,AEA,CE,Combined TRACON& Tower with Radar,0,2,9,15,26,0,0,6,0,6,0,2,15,15,32,2,40,42,74
05/16/2012,CKB,WV,AEA,CE,Combined TRACON& Tower with Radar,0,7,27,17,51,0,0,11,3,14,0,7,38,20,65,2,88,90,155
05/17/2012,CKB,WV,AEA,CE,Combined TRACON& Tower with Radar,0,6,28,21,55,0,2,16,2,20,0,8,44,23,75,6,4,10,85
05/18/2012,CKB,WV,AEA,CE,Combined TRACON& Tower with Radar,0,8,6,13,27,0,1,12,0,13,0,9,18,13,40,8,0,8,48
05/19/2012,CKB,WV,AEA,CE,Combined TRACON& Tower with Radar,2,4,4,2,12,1,0,12,0,13,3,4,16,2,25,60,0,60,85
05/20/2012,CKB,WV,AEA,CE,Combined TRACON& Tower with Radar,0,8,9,2,19,0,0,4,0,4,0,8,13,2,23,0,0,0,23
05/21/2012,CKB,WV,AEA,CE,Combined TRACON& Tower with Radar,0,14,6,6,26,0,0,7,1,8,0,14,13,7,34,0,0,0,34
05/22/2012,CKB,WV,AEA,CE,Combined TRACON& Tower with Radar,0,7,13,12,32,0,0,5,0,5,0,7,18,12,37,0,0,0,37
05/23/2012,CKB,WV,AEA,CE,Combined TRACON& Tower with Radar,2,5,4,18,29,0,3,3,0,6,2,8,7,18,35,30,20,50,85
05/24/2012,CKB,WV,AEA,CE,Combined TRACON& Tower with Radar,0,7,18,18,43,0,0,12,0,12,0,7,30,18,55,20,12,32,87
05/25/2012,CKB,WV,AEA,CE,Combined TRACON& Tower with Radar,0,10,12,2,24,0,2,17,1,20,0,12,29,3,44,54,0,54,98
05/26/2012,CKB,WV,AEA,CE,Combined TRACON& Tower with Radar,0,4,5,0,9,0,0,14,0,14,0,4,19,0,23,0,0,0,23
05/27/2012,CKB,WV,AEA,CE,Combined TRACON& Tower with Radar,0,6,4,0,10,0,0,9,0,9,0,6,13,0,19,2,0,2,21
05/28/2012,CKB,WV,AEA,CE,Combined TRACON& Tower with Radar,0,6,15,0,21,0,1,12,0,13,0,7,27,0,34,4,0,4,38
05/29/2012,CKB,WV,AEA,CE,Combined TRACON& Tower with Radar,0,2,19,3,24,0,0,7,1,8,0,2,26,4,32,0,88,88,120
05/30/2012,CKB,WV,AEA,CE,Combined TRACON& Tower with Radar,0,8,12,12,32,0,0,6,1,7,0,8,18,13,39,11,106,117,156
05/31/2012,CKB,WV,AEA,CE,Combined TRACON& Tower with Radar,1,10,17,11,39,0,0,11,3,14,1,10,28,14,53,16,46,62,115
06/01/2012,CKB,WV,AEA,CE,Combined TRACON& Tower with Radar,3,4,5,5,17,0,0,1,0,1,3,4,6,5,18,0,16,16,34
06/02/2012,CKB,WV,AEA,CE,Combined TRACON& Tower with Radar,0,4,7,0,11,0,0,16,0,16,0,4,23,0,27,0,0,0,27
06/03/2012,CKB,WV,AEA,CE,Combined TRACON& Tower with Radar,0,5,9,2,16,0,0,7,0,7,0,5,16,2,23,0,0,0,23
06/04/2012,CKB,WV,AEA,CE,Combined TRACON& Tower with Radar,0,4,9,11,24,0,0,6,3,9,0,4,15,14,33,0,42,42,75
06/05/2012,CKB,WV,AEA,CE,Combined TRACON& Tower with Radar,0,5,15,15,35,0,0,13,0,13,0,5,28,15,48,32,68,100,148
06/06/2012,CKB,WV,AEA,CE,Combined TRACON& Tower with Radar,1,10,16,10,37,0,0,17,0,17,1,10,33,10,54,38,176,214,268
06/07/2012,CKB,WV,AEA,CE,Combined TRACON& Tower with Radar,0,8,15,18,41,0,0,12,0,12,0,8,27,18,53,0,100,100,153
06/08/2012,CKB,WV,AEA,CE,Combined TRACON& Tower with Radar,0,6,18,14,38,0,2,23,8,33,0,8,41,22,71,4,100,104,175
06/09/2012,CKB,WV,AEA,CE,Combined TRACON& Tower with Radar,0,8,13,0,21,0,0,12,0,12,0,8,25,0,33,0,0,0,33
06/10/2012,CKB,WV,AEA,CE,Combined TRACON& Tower with Radar,0,5,12,1,18,0,0,8,0,8,0,5,20,1,26,6,0,6,32
06/11/2012,CKB,WV,AEA,CE,Combined TRACON& Tower with Radar,0,6,4,6,16,0,0,18,2,20,0,6,22,8,36,10,152,162,198
06/12/2012,CKB,WV,AEA,CE,Combined TRACON& Tower with Radar,0,4,7,21,32,0,0,4,0,4,0,4,11,21,36,14,96,110,146
06/13/2012,CKB,WV,AEA,CE,Combined TRACON& Tower with Radar,0,8,17,29,54,0,0,9,2,11,0,8,26,31,65,8,64,72,137
06/14/2012,CKB,WV,AEA,CE,Combined TRACON& Tower with Radar,0,9,7,30,46,0,0,8,4,12,0,9,15,34,58,2,46,48,106
06/15/2012,CKB,WV,AEA,CE,Combined TRACON& Tower with Radar,0,10,8,16,34,0,0,16,2,18,0,10,24,18,52,2,24,26,78
06/16/2012,CKB,WV,AEA,CE,Combined TRACON& Tower with Radar,0,6,4,2,12,0,1,7,1,9,0,7,11,3,21,0,0,0,21
06/17/2012,CKB,WV,AEA,CE,Combined TRACON& Tower with Radar,0,4,4,0,8,0,0,3,0,3,0,4,7,0,11,0,0,0,11
06/18/2012,CKB,WV,AEA,CE,Combined TRACON& Tower with Radar,0,6,5,15,26,0,0,2,0,2,0,6,7,15,28,0,42,42,70
06/19/2012,CKB,WV,AEA,CE,Combined TRACON& Tower with Radar,0,5,6,22,33,0,0,6,2,8,0,5,12,24,41,32,56,88,129
06/20/2012,CKB,WV,AEA,CE,Combined TRACON& Tower with Radar,4,6,25,23,58,0,0,6,2,8,4,6,31,25,66,40,86,126,192
06/21/2012,CKB,WV,AEA,CE,Combined TRACON& Tower with Radar,0,0,0,0,0,0,0,1,0,1,0,0,1,0,1,0,0,0,1
06/22/2012,CKB,WV,AEA,CE,Combined TRACON& Tower with Radar,0,0,0,0,0,0,0,0,0,0,0,0,0,0,0,0,0,0,0
06/23/2012,CKB,WV,AEA,CE,Combined TRACON& Tower with Radar,0,0,0,0,0,0,1,2,0,3,0,1,2,0,3,0,0,0,3
06/24/2012,CKB,WV,AEA,CE,Combined TRACON& Tower with Radar,0,0,0,0,0,0,0,0,0,0,0,0,0,0,0,0,0,0,0
06/25/2012,CKB,WV,AEA,CE,Combined TRACON& Tower with Radar,0,7,6,11,24,0,0,5,0,5,0,7,11,11,29,6,12,18,47
06/26/2012,CKB,WV,AEA,CE,Combined TRACON& Tower with Radar,0,5,5,11,21,0,0,11,2,13,0,5,16,13,34,58,62,120,154
06/27/2012,CKB,WV,AEA,CE,Combined TRACON& Tower with Radar,0,7,15,14,36,0,0,24,2,26,0,7,39,16,62,42,44,86,148
06/28/2012,CKB,WV,AEA,CE,Combined TRACON& Tower with Radar,0,6,9,9,24,0,0,1,1,2,0,6,10,10,26,52,18,70,96
06/29/2012,CKB,WV,AEA,CE,Combined TRACON& Tower with Radar,0,4,11,4,19,0,0,13,0,13,0,4,24,4,32,6,20,26,58
06/30/2012,CKB,WV,AEA,CE,Combined TRACON& Tower with Radar,0,4,10,0,14,0,0,10,0,10,0,4,20,0,24,0,0,0,24
07/01/2012,CKB,WV,AEA,CE,Combined TRACON& Tower with Radar,0,5,4,2,11,0,0,9,2,11,0,5,13,4,22,0,0,0,22
07/02/2012,CKB,WV,AEA,CE,Combined TRACON& Tower with Radar,0,7,15,10,32,0,0,20,0,20,0,7,35,10,52,28,4,32,84
07/03/2012,CKB,WV,AEA,CE,Combined TRACON& Tower with Radar,0,6,13,6,25,0,0,15,0,15,0,6,28,6,40,0,10,10,50
07/04/2012,CKB,WV,AEA,CE,Combined TRACON& Tower with Radar,0,8,7,0,15,0,0,2,0,2,0,8,9,0,17,0,0,0,17
07/05/2012,CKB,WV,AEA,CE,Combined TRACON& Tower with Radar,4,6,12,3,25,0,0,2,0,2,4,6,14,3,27,32,26,58,85
07/06/2012,CKB,WV,AEA,CE,Combined TRACON& Tower with Radar,0,10,4,1,15,0,0,11,0,11,0,10,15,1,26,6,0,6,32
07/07/2012,CKB,WV,AEA,CE,Combined TRACON& Tower with Radar,0,4,7,0,11,0,0,2,0,2,0,4,9,0,13,0,0,0,13
07/08/2012,CKB,WV,AEA,CE,Combined TRACON& Tower with Radar,0,8,4,2,14,0,2,8,0,10,0,10,12,2,24,0,0,0,24
07/09/2012,CKB,WV,AEA,CE,Combined TRACON& Tower with Radar,0,8,8,23,39,0,4,9,3,16,0,12,17,26,55,2,60,62,117
07/10/2012,CKB,WV,AEA,CE,Combined TRACON& Tower with Radar,4,4,10,19,37,0,2,7,2,11,4,6,17,21,48,24,72,96,144
07/11/2012,CKB,WV,AEA,CE,Combined TRACON& Tower with Radar,1,6,4,13,24,0,0,5,1,6,1,6,9,14,30,4,114,118,148
07/12/2012,CKB,WV,AEA,CE,Combined TRACON& Tower with Radar,0,7,12,14,33,0,0,8,3,11,0,7,20,17,44,10,76,86,130
07/13/2012,CKB,WV,AEA,CE,Combined TRACON& Tower with Radar,1,9,4,6,20,0,0,1,0,1,1,9,5,6,21,0,18,18,39
07/14/2012,CKB,WV,AEA,CE,Combined TRACON& Tower with Radar,0,5,7,0,12,0,0,3,0,3,0,5,10,0,15,0,0,0,15
07/15/2012,CKB,WV,AEA,CE,Combined TRACON& Tower with Radar,0,4,2,0,6,0,0,1,0,1,0,4,3,0,7,0,0,0,7
07/16/2012,CKB,WV,AEA,CE,Combined TRACON& Tower with Radar,0,5,16,13,34,0,0,2,1,3,0,5,18,14,37,10,96,106,143
07/17/2012,CKB,WV,AEA,CE,Combined TRACON& Tower with Radar,0,5,14,13,32,0,0,12,3,15,0,5,26,16,47,32,76,108,155
07/18/2012,CKB,WV,AEA,CE,Combined TRACON& Tower with Radar,0,6,5,12,23,0,0,0,0,0,0,6,5,12,23,0,0,0,23
07/19/2012,CKB,WV,AEA,CE,Combined TRACON& Tower with Radar,5,6,8,21,40,0,0,6,0,6,5,6,14,21,46,0,0,0,46
07/20/2012,CKB,WV,AEA,CE,Combined TRACON& Tower with Radar,0,8,10,16,34,0,0,0,0,0,0,8,10,16,34,0,0,0,34
07/21/2012,CKB,WV,AEA,CE,Combined TRACON& Tower with Radar,0,7,7,0,14,0,0,0,0,0,0,7,7,0,14,0,0,0,14
07/22/2012,CKB,WV,AEA,CE,Combined TRACON& Tower with Radar,1,12,5,0,18,0,0,6,0,6,1,12,11,0,24,4,0,4,28
07/23/2012,CKB,WV,AEA,CE,Combined TRACON& Tower with Radar,1,6,15,4,26,0,1,8,2,11,1,7,23,6,37,50,46,96,133
07/24/2012,CKB,WV,AEA,CE,Combined TRACON& Tower with Radar,0,4,11,18,33,0,0,3,0,3,0,4,14,18,36,16,34,50,86
07/25/2012,CKB,WV,AEA,CE,Combined TRACON& Tower with Radar,0,6,13,20,39,0,0,11,1,12,0,6,24,21,51,56,48,104,155
07/26/2012,CKB,WV,AEA,CE,Combined TRACON& Tower with Radar,0,6,14,14,34,0,0,2,1,3,0,6,16,15,37,38,52,90,127
07/27/2012,CKB,WV,AEA,CE,Combined TRACON& Tower with Radar,0,6,7,1,14,0,0,2,0,2,0,6,9,1,16,0,0,0,16
07/28/2012,CKB,WV,AEA,CE,Combined TRACON& Tower with Radar,1,4,4,0,9,0,0,1,0,1,1,4,5,0,10,0,0,0,10
07/29/2012,CKB,WV,AEA,CE,Combined TRACON& Tower with Radar,1,6,15,0,22,0,0,12,0,12,1,6,27,0,34,4,0,4,38
07/30/2012,CKB,WV,AEA,CE,Combined TRACON& Tower with Radar,0,7,11,2,20,0,3,13,0,16,0,10,24,2,36,26,55,81,117
07/31/2012,CKB,WV,AEA,CE,Combined TRACON& Tower with Radar,2,9,4,4,19,0,1,8,0,9,2,10,12,4,28,36,62,98,126
08/01/2012,CKB,WV,AEA,CE,Combined TRACON& Tower with Radar,0,12,12,10,34,0,0,10,0,10,0,12,22,10,44,4,16,20,64
08/02/2012,CKB,WV,AEA,CE,Combined TRACON& Tower with Radar,0,8,21,8,37,0,0,14,0,14,0,8,35,8,51,0,28,28,79
08/03/2012,CKB,WV,AEA,CE,Combined TRACON& Tower with Radar,0,5,10,5,20,0,0,23,4,27,0,5,33,9,47,10,28,38,85
08/04/2012,CKB,WV,AEA,CE,Combined TRACON& Tower with Radar,0,1,7,0,8,0,2,6,0,8,0,3,13,0,16,0,0,0,16
08/05/2012,CKB,WV,AEA,CE,Combined TRACON& Tower with Radar,0,3,3,2,8,0,0,6,0,6,0,3,9,2,14,0,0,0,14
08/06/2012,CKB,WV,AEA,CE,Combined TRACON& Tower with Radar,1,4,26,7,38,0,1,4,1,6,1,5,30,8,44,42,70,112,156
08/07/2012,CKB,WV,AEA,CE,Combined TRACON& Tower with Radar,1,7,5,15,28,0,0,29,1,30,1,7,34,16,58,24,48,72,130
08/08/2012,CKB,WV,AEA,CE,Combined TRACON& Tower with Radar,0,8,11,18,37,0,1,14,0,15,0,9,25,18,52,4,64,68,120
08/09/2012,CKB,WV,AEA,CE,Combined TRACON& Tower with Radar,0,7,10,17,34,0,0,6,0,6,0,7,16,17,40,6,54,60,100
08/10/2012,CKB,WV,AEA,CE,Combined TRACON& Tower with Radar,1,12,25,5,43,0,0,7,1,8,1,12,32,6,51,10,88,98,149
08/11/2012,CKB,WV,AEA,CE,Combined TRACON& Tower with Radar,0,3,7,0,10,0,0,4,0,4,0,3,11,0,14,6,0,6,20
08/12/2012,CKB,WV,AEA,CE,Combined TRACON& Tower with Radar,0,3,8,0,11,0,0,21,0,21,0,3,29,0,32,44,16,60,92
08/13/2012,CKB,WV,AEA,CE,Combined TRACON& Tower with Radar,0,7,13,12,32,0,0,15,2,17,0,7,28,14,49,38,84,122,171
08/14/2012,CKB,WV,AEA,CE,Combined TRACON& Tower with Radar,0,9,21,10,40,0,0,3,0,3,0,9,24,10,43,34,68,102,145
08/15/2012,CKB,WV,AEA,CE,Combined TRACON& Tower with Radar,2,4,17,12,35,0,0,6,0,6,2,4,23,12,41,20,74,94,135
08/16/2012,CKB,WV,AEA,CE,Combined TRACON& Tower with Radar,0,4,13,12,29,0,2,14,0,16,0,6,27,12,45,0,0,0,45
08/17/2012,CKB,WV,AEA,CE,Combined TRACON& Tower with Radar,2,6,14,2,24,0,1,4,0,5,2,7,18,2,29,0,30,30,59
08/18/2012,CKB,WV,AEA,CE,Combined TRACON& Tower with Radar,5,1,10,0,16,0,0,9,0,9,5,1,19,0,25,0,0,0,25
08/19/2012,CKB,WV,AEA,CE,Combined TRACON& Tower with Radar,0,3,7,0,10,0,0,9,0,9,0,3,16,0,19,8,0,8,27
08/20/2012,CKB,WV,AEA,CE,Combined TRACON& Tower with Radar,2,3,7,18,30,0,2,14,0,16,2,5,21,18,46,44,38,82,128
08/21/2012,CKB,WV,AEA,CE,Combined TRACON& Tower with Radar,3,7,8,15,33,0,1,14,6,21,3,8,22,21,54,26,68,94,148
08/22/2012,CKB,WV,AEA,CE,Combined TRACON& Tower with Radar,0,5,13,8,26,0,0,19,6,25,0,5,32,14,51,68,70,138,189
08/23/2012,CKB,WV,AEA,CE,Combined TRACON& Tower with Radar,5,4,20,13,42,0,0,15,0,15,5,4,35,13,57,10,34,44,101
08/24/2012,CKB,WV,AEA,CE,Combined TRACON& Tower with Radar,0,5,18,11,34,0,0,9,0,9,0,5,27,11,43,40,16,56,99
08/25/2012,CKB,WV,AEA,CE,Combined TRACON& Tower with Radar,0,1,4,0,5,0,1,11,0,12,0,2,15,0,17,4,0,4,21
08/26/2012,CKB,WV,AEA,CE,Combined TRACON& Tower with Radar,0,4,13,0,17,0,0,12,0,12,0,4,25,0,29,32,0,32,61
08/27/2012,CKB,WV,AEA,CE,Combined TRACON& Tower with Radar,1,4,8,19,32,0,0,20,1,21,1,4,28,20,53,48,62,110,163
08/28/2012,CKB,WV,AEA,CE,Combined TRACON& Tower with Radar,0,6,20,20,46,0,0,45,0,45,0,6,65,20,91,50,116,166,257
08/29/2012,CKB,WV,AEA,CE,Combined TRACON& Tower with Radar,2,5,16,19,42,0,0,83,2,85,2,5,99,21,127,112,152,264,391
08/30/2012,CKB,WV,AEA,CE,Combined TRACON& Tower with Radar,0,9,21,14,44,0,0,39,0,39,0,9,60,14,83,22,100,122,205
08/31/2012,CKB,WV,AEA,CE,Combined TRACON& Tower with Radar,0,6,20,11,37,0,0,21,0,21,0,6,41,11,58,0,82,82,140
09/01/2012,CKB,WV,AEA,CE,Combined TRACON& Tower with Radar,0,1,3,0,4,0,0,8,0,8,0,1,11,0,12,0,0,0,12
09/02/2012,CKB,WV,AEA,CE,Combined TRACON& Tower with Radar,0,3,3,0,6,0,0,1,0,1,0,3,4,0,7,0,0,0,7
09/03/2012,CKB,WV,AEA,CE,Combined TRACON& Tower with Radar,0,4,2,0,6,0,0,0,0,0,0,4,2,0,6,16,0,16,22
09/04/2012,CKB,WV,AEA,CE,Combined TRACON& Tower with Radar,0,4,8,16,28,0,2,5,0,7,0,6,13,16,35,14,64,78,113
09/05/2012,CKB,WV,AEA,CE,Combined TRACON& Tower with Radar,0,6,12,17,35,0,0,10,0,10,0,6,22,17,45,18,104,122,167
09/06/2012,CKB,WV,AEA,CE,Combined TRACON& Tower with Radar,0,8,28,11,47,0,0,29,0,29,0,8,57,11,76,116,32,148,224
09/07/2012,CKB,WV,AEA,CE,Combined TRACON& Tower with Radar,0,7,18,21,46,0,0,11,2,13,0,7,29,23,59,6,8,14,73
09/08/2012,CKB,WV,AEA,CE,Combined TRACON& Tower with Radar,0,3,11,0,14,0,0,0,0,0,0,3,11,0,14,0,0,0,14
09/09/2012,CKB,WV,AEA,CE,Combined TRACON& Tower with Radar,1,3,11,1,16,0,0,6,1,7,1,3,17,2,23,0,0,0,23
09/10/2012,CKB,WV,AEA,CE,Combined TRACON& Tower with Radar,1,7,14,19,41,0,0,22,0,22,1,7,36,19,63,67,78,145,208
09/11/2012,CKB,WV,AEA,CE,Combined TRACON& Tower with Radar,2,6,22,21,51,0,0,23,1,24,2,6,45,22,75,50,96,146,221
09/12/2012,CKB,WV,AEA,CE,Combined TRACON& Tower with Radar,0,10,10,21,41,0,0,32,6,38,0,10,42,27,79,30,148,178,257
09/13/2012,CKB,WV,AEA,CE,Combined TRACON& Tower with Radar,0,4,16,22,42,0,2,24,5,31,0,6,40,27,73,26,98,124,197
09/14/2012,CKB,WV,AEA,CE,Combined TRACON& Tower with Radar,0,6,20,13,39,0,2,18,0,20,0,8,38,13,59,12,80,92,151
09/15/2012,CKB,WV,AEA,CE,Combined TRACON& Tower with Radar,0,4,7,0,11,0,0,8,0,8,0,4,15,0,19,10,0,10,29
09/16/2012,CKB,WV,AEA,CE,Combined TRACON& Tower with Radar,0,3,12,1,16,0,0,15,0,15,0,3,27,1,31,62,0,62,93
09/17/2012,CKB,WV,AEA,CE,Combined TRACON& Tower with Radar,0,4,12,16,32,0,0,20,0,20,0,4,32,16,52,38,78,116,168
09/18/2012,CKB,WV,AEA,CE,Combined TRACON& Tower with Radar,0,8,6,0,14,0,0,0,0,0,0,8,6,0,14,0,0,0,14
09/19/2012,CKB,WV,AEA,CE,Combined TRACON& Tower with Radar,2,9,22,21,54,0,1,29,13,43,2,10,51,34,97,18,54,72,169
09/20/2012,CKB,WV,AEA,CE,Combined TRACON& Tower with Radar,2,6,19,21,48,0,0,33,0,33,2,6,52,21,81,58,30,88,169
09/21/2012,CKB,WV,AEA,CE,Combined TRACON& Tower with Radar,0,4,13,14,31,0,0,18,0,18,0,4,31,14,49,12,24,36,85
09/22/2012,CKB,WV,AEA,CE,Combined TRACON& Tower with Radar,0,7,3,0,10,0,0,4,0,4,0,7,7,0,14,0,0,0,14
09/23/2012,CKB,WV,AEA,CE,Combined TRACON& Tower with Radar,1,4,13,0,18,0,0,17,0,17,1,4,30,0,35,0,0,0,35
09/24/2012,CKB,WV,AEA,CE,Combined TRACON& Tower with Radar,1,4,17,18,40,0,0,17,0,17,1,4,34,18,57,10,95,105,162
09/25/2012,CKB,WV,AEA,CE,Combined TRACON& Tower with Radar,1,6,7,18,32,0,0,20,0,20,1,6,27,18,52,14,8,22,74
09/26/2012,CKB,WV,AEA,CE,Combined TRACON& Tower with Radar,0,7,16,18,41,0,0,3,1,4,0,7,19,19,45,0,0,0,45
09/27/2012,CKB,WV,AEA,CE,Combined TRACON& Tower with Radar,1,5,9,10,25,0,0,10,4,14,1,5,19,14,39,6,16,22,61
09/28/2012,CKB,WV,AEA,CE,Combined TRACON& Tower with Radar,0,7,11,4,22,0,0,4,1,5,0,7,15,5,27,12,4,16,43
09/29/2012,CKB,WV,AEA,CE,Combined TRACON& Tower with Radar,2,5,7,2,16,0,0,8,2,10,2,5,15,4,26,14,0,14,40
09/30/2012,CKB,WV,AEA,CE,Combined TRACON& Tower with Radar,0,4,6,0,10,0,0,12,0,12,0,4,18,0,22,18,0,18,40
10/01/2012,CKB,WV,AEA,CE,Combined TRACON& Tower with Radar,0,8,9,0,17,0,4,10,0,14,0,12,19,0,31,70,0,70,101
10/02/2012,CKB,WV,AEA,CE,Combined TRACON& Tower with Radar,4,9,9,3,25,0,0,3,0,3,4,9,12,3,28,50,30,80,108
10/03/2012,CKB,WV,AEA,CE,Combined TRACON& Tower with Radar,1,6,19,6,32,0,0,8,0,8,1,6,27,6,40,14,2,16,56
10/04/2012,CKB,WV,AEA,CE,Combined TRACON& Tower with Radar,0,4,24,7,35,0,0,17,6,23,0,4,41,13,58,22,6,28,86
10/05/2012,CKB,WV,AEA,CE,Combined TRACON& Tower with Radar,4,4,9,1,18,0,2,13,1,16,4,6,22,2,34,64,4,68,102
10/06/2012,CKB,WV,AEA,CE,Combined TRACON& Tower with Radar,0,2,2,0,4,0,1,4,0,5,0,3,6,0,9,50,0,50,59
10/07/2012,CKB,WV,AEA,CE,Combined TRACON& Tower with Radar,2,4,5,0,11,0,2,1,0,3,2,6,6,0,14,0,0,0,14
10/08/2012,CKB,WV,AEA,CE,Combined TRACON& Tower with Radar,1,5,10,2,18,0,2,9,0,11,1,7,19,2,29,54,0,54,83
10/09/2012,CKB,WV,AEA,CE,Combined TRACON& Tower with Radar,0,5,7,10,22,0,0,12,3,15,0,5,19,13,37,30,34,64,101
10/10/2012,CKB,WV,AEA,CE,Combined TRACON& Tower with Radar,1,7,11,19,38,0,0,0,0,0,1,7,11,19,38,0,66,66,104
10/11/2012,CKB,WV,AEA,CE,Combined TRACON& Tower with Radar,0,7,15,12,34,0,0,28,4,32,0,7,43,16,66,24,42,66,132
10/12/2012,CKB,WV,AEA,CE,Combined TRACON& Tower with Radar,2,5,3,14,24,0,1,10,4,15,2,6,13,18,39,24,64,88,127
10/13/2012,CKB,WV,AEA,CE,Combined TRACON& Tower with Radar,0,4,14,0,18,0,0,14,0,14,0,4,28,0,32,64,0,64,96
10/14/2012,CKB,WV,AEA,CE,Combined TRACON& Tower with Radar,0,4,15,2,21,0,0,12,0,12,0,4,27,2,33,50,6,56,89
10/15/2012,CKB,WV,AEA,CE,Combined TRACON& Tower with Radar,0,4,10,16,30,0,0,3,0,3,0,4,13,16,33,0,88,88,121
10/16/2012,CKB,WV,AEA,CE,Combined TRACON& Tower with Radar,0,14,16,19,49,0,0,10,5,15,0,14,26,24,64,82,110,192,256
10/17/2012,CKB,WV,AEA,CE,Combined TRACON& Tower with Radar,0,4,7,26,37,0,1,15,2,18,0,5,22,28,55,32,30,62,117
10/18/2012,CKB,WV,AEA,CE,Combined TRACON& Tower with Radar,0,6,2,17,25,0,0,4,1,5,0,6,6,18,30,38,36,74,104
10/19/2012,CKB,WV,AEA,CE,Combined TRACON& Tower with Radar,0,4,8,13,25,0,1,8,1,10,0,5,16,14,35,32,46,78,113
10/20/2012,CKB,WV,AEA,CE,Combined TRACON& Tower with Radar,1,9,13,2,25,0,3,0,0,3,1,12,13,2,28,0,0,0,28
10/21/2012,CKB,WV,AEA,CE,Combined TRACON& Tower with Radar,3,3,11,6,23,0,0,4,0,4,3,3,15,6,27,16,36,52,79
10/22/2012,CKB,WV,AEA,CE,Combined TRACON& Tower with Radar,0,4,13,5,22,0,0,11,1,12,0,4,24,6,34,28,18,46,80
10/23/2012,CKB,WV,AEA,CE,Combined TRACON& Tower with Radar,0,4,8,16,28,0,0,4,3,7,0,4,12,19,35,0,34,34,69
10/24/2012,CKB,WV,AEA,CE,Combined TRACON& Tower with Radar,1,5,16,14,36,0,0,13,4,17,1,5,29,18,53,18,16,34,87
10/25/2012,CKB,WV,AEA,CE,Combined TRACON& Tower with Radar,0,4,9,25,38,0,0,23,5,28,0,4,32,30,66,18,60,78,144
10/26/2012,CKB,WV,AEA,CE,Combined TRACON& Tower with Radar,0,4,21,9,34,0,0,8,1,9,0,4,29,10,43,44,56,100,143
10/27/2012,CKB,WV,AEA,CE,Combined TRACON& Tower with Radar,0,2,2,0,4,0,0,0,0,0,0,2,2,0,4,34,36,70,74
10/28/2012,CKB,WV,AEA,CE,Combined TRACON& Tower with Radar,0,3,4,1,8,0,0,0,0,0,0,3,4,1,8,0,0,0,8
10/29/2012,CKB,WV,AEA,CE,Combined TRACON& Tower with Radar,0,0,5,1,6,0,0,0,0,0,0,0,5,1,6,0,0,0,6
10/30/2012,CKB,WV,AEA,CE,Combined TRACON& Tower with Radar,0,2,2,0,4,0,0,0,0,0,0,2,2,0,4,0,0,0,4
10/31/2012,CKB,WV,AEA,CE,Combined TRACON& Tower with Radar,1,5,1,0,7,0,0,0,0,0,1,5,1,0,7,0,0,0,7
11/01/2012,CKB,WV,AEA,CE,Combined TRACON& Tower with Radar,1,7,6,6,20,0,0,2,0,2,1,7,8,6,22,0,6,6,28
11/02/2012,CKB,WV,AEA,CE,Combined TRACON& Tower with Radar,0,4,7,26,37,0,0,6,5,11,0,4,13,31,48,0,82,82,130
11/03/2012,CKB,WV,AEA,CE,Combined TRACON& Tower with Radar,4,2,5,4,15,0,0,4,0,4,4,2,9,4,19,30,62,92,111
11/04/2012,CKB,WV,AEA,CE,Combined TRACON& Tower with Radar,0,4,5,12,21,0,0,17,0,17,0,4,22,12,38,4,114,118,156
11/05/2012,CKB,WV,AEA,CE,Combined TRACON& Tower with Radar,0,7,5,35,47,0,0,8,0,8,0,7,13,35,55,44,152,196,251
11/06/2012,CKB,WV,AEA,CE,Combined TRACON& Tower with Radar,0,8,9,26,43,0,0,21,7,28,0,8,30,33,71,28,98,126,197
11/07/2012,CKB,WV,AEA,CE,Combined TRACON& Tower with Radar,0,8,17,17,42,0,0,12,7,19,0,8,29,24,61,64,144,208,269
11/08/2012,CKB,WV,AEA,CE,Combined TRACON& Tower with Radar,0,7,23,16,46,0,0,7,2,9,0,7,30,18,55,34,54,88,143
11/09/2012,CKB,WV,AEA,CE,Combined TRACON& Tower with Radar,2,8,10,14,34,0,0,16,0,16,2,8,26,14,50,38,22,60,110
11/10/2012,CKB,WV,AEA,CE,Combined TRACON& Tower with Radar,0,5,18,0,23,0,0,8,0,8,0,5,26,0,31,58,0,58,89
11/11/2012,CKB,WV,AEA,CE,Combined TRACON& Tower with Radar,0,7,22,0,29,0,0,9,0,9,0,7,31,0,38,51,0,51,89
11/12/2012,CKB,WV,AEA,CE,Combined TRACON& Tower with Radar,0,5,10,0,15,0,0,3,0,3,0,5,13,0,18,0,0,0,18
11/13/2012,CKB,WV,AEA,CE,Combined TRACON& Tower with Radar,0,4,8,13,25,0,1,9,5,15,0,5,17,18,40,22,34,56,96
11/14/2012,CKB,WV,AEA,CE,Combined TRACON& Tower with Radar,0,5,13,27,45,0,2,16,3,21,0,7,29,30,66,42,88,130,196
11/15/2012,CKB,WV,AEA,CE,Combined TRACON& Tower with Radar,0,12,14,23,49,0,1,13,4,18,0,13,27,27,67,42,64,106,173
11/16/2012,CKB,WV,AEA,CE,Combined TRACON& Tower with Radar,3,4,14,9,30,0,0,11,2,13,3,4,25,11,43,62,62,124,167
11/17/2012,CKB,WV,AEA,CE,Combined TRACON& Tower with Radar,2,3,8,2,15,0,0,19,3,22,2,3,27,5,37,26,0,26,63
11/18/2012,CKB,WV,AEA,CE,Combined TRACON& Tower with Radar,0,7,14,0,21,0,0,19,2,21,0,7,33,2,42,28,10,38,80
11/19/2012,CKB,WV,AEA,CE,Combined TRACON& Tower with Radar,1,7,13,0,21,0,0,46,0,46,1,7,59,0,67,24,0,24,91
11/20/2012,CKB,WV,AEA,CE,Combined TRACON& Tower with Radar,2,7,8,4,21,0,0,19,0,19,2,7,27,4,40,6,0,6,46
11/21/2012,CKB,WV,AEA,CE,Combined TRACON& Tower with Radar,0,8,10,0,18,0,0,13,0,13,0,8,23,0,31,38,32,70,101
11/22/2012,CKB,WV,AEA,CE,Combined TRACON& Tower with Radar,2,4,5,0,11,0,0,5,0,5,2,4,10,0,16,0,0,0,16
11/23/2012,CKB,WV,AEA,CE,Combined TRACON& Tower with Radar,0,8,4,0,12,0,1,0,0,1,0,9,4,0,13,0,0,0,13
11/24/2012,CKB,WV,AEA,CE,Combined TRACON& Tower with Radar,0,2,0,0,2,0,0,1,0,1,0,2,1,0,3,0,0,0,3
11/25/2012,CKB,WV,AEA,CE,Combined TRACON& Tower with Radar,1,5,5,0,11,0,0,8,0,8,1,5,13,0,19,22,0,22,41
11/26/2012,CKB,WV,AEA,CE,Combined TRACON& Tower with Radar,1,4,10,9,24,0,0,8,5,13,1,4,18,14,37,0,44,44,81
11/27/2012,CKB,WV,AEA,CE,Combined TRACON& Tower with Radar,0,8,6,1,15,0,0,1,0,1,0,8,7,1,16,0,0,0,16
11/28/2012,CKB,WV,AEA,CE,Combined TRACON& Tower with Radar,2,4,8,17,31,0,0,6,1,7,2,4,14,18,38,14,58,72,110
11/29/2012,CKB,WV,AEA,CE,Combined TRACON& Tower with Radar,0,10,14,32,56,0,0,11,4,15,0,10,25,36,71,10,28,38,109
11/30/2012,CKB,WV,AEA,CE,Combined TRACON& Tower with Radar,1,6,11,11,29,0,0,14,1,15,1,6,25,12,44,44,22,66,110
12/01/2012,CKB,WV,AEA,CE,Combined TRACON& Tower with Radar,2,4,7,0,13,0,0,12,0,12,2,4,19,0,25,62,0,62,87
12/02/2012,CKB,WV,AEA,CE,Combined TRACON& Tower with Radar,0,4,14,3,21,0,0,1,0,1,0,4,15,3,22,0,0,0,22
12/03/2012,CKB,WV,AEA,CE,Combined TRACON& Tower with Radar,0,4,13,5,22,0,0,6,0,6,0,4,19,5,28,0,10,10,38
12/04/2012,CKB,WV,AEA,CE,Combined TRACON& Tower with Radar,0,6,7,7,20,0,2,8,2,12,0,8,15,9,32,18,0,18,50
12/05/2012,CKB,WV,AEA,CE,Combined TRACON& Tower with Radar,0,8,14,7,29,0,0,2,0,2,0,8,16,7,31,16,30,46,77
12/06/2012,CKB,WV,AEA,CE,Combined TRACON& Tower with Radar,0,8,17,6,31,0,0,19,1,20,0,8,36,7,51,147,32,179,230
12/07/2012,CKB,WV,AEA,CE,Combined TRACON& Tower with Radar,0,14,2,6,22,0,0,1,0,1,0,14,3,6,23,0,0,0,23
12/08/2012,CKB,WV,AEA,CE,Combined TRACON& Tower with Radar,0,2,2,0,4,0,0,1,0,1,0,2,3,0,5,100,0,100,105
12/09/2012,CKB,WV,AEA,CE,Combined TRACON& Tower with Radar,0,3,4,0,7,0,2,1,0,3,0,5,5,0,10,50,0,50,60
12/10/2012,CKB,WV,AEA,CE,Combined TRACON& Tower with Radar,0,5,7,5,17,0,1,0,0,1,0,6,7,5,18,0,26,26,44
12/11/2012,CKB,WV,AEA,CE,Combined TRACON& Tower with Radar,0,5,6,9,20,0,0,2,0,2,0,5,8,9,22,0,0,0,22
12/12/2012,CKB,WV,AEA,CE,Combined TRACON& Tower with Radar,0,8,13,7,28,0,2,11,4,17,0,10,24,11,45,34,0,34,79
12/13/2012,CKB,WV,AEA,CE,Combined TRACON& Tower with Radar,1,4,14,8,27,0,0,7,8,15,1,4,21,16,42,186,14,200,242
12/14/2012,CKB,WV,AEA,CE,Combined TRACON& Tower with Radar,11,4,10,11,36,0,0,11,2,13,11,4,21,13,49,290,0,290,339
12/15/2012,CKB,WV,AEA,CE,Combined TRACON& Tower with Radar,1,2,14,0,17,0,0,9,0,9,1,2,23,0,26,278,0,278,304
12/16/2012,CKB,WV,AEA,CE,Combined TRACON& Tower with Radar,0,5,7,0,12,0,0,1,0,1,0,5,8,0,13,0,0,0,13
12/17/2012,CKB,WV,AEA,CE,Combined TRACON& Tower with Radar,0,4,7,11,22,0,0,0,0,0,0,4,7,11,22,0,2,2,24
12/18/2012,CKB,WV,AEA,CE,Combined TRACON& Tower with Radar,1,11,13,2,27,0,0,0,0,0,1,11,13,2,27,0,0,0,27
12/19/2012,CKB,WV,AEA,CE,Combined TRACON& Tower with Radar,0,6,12,5,23,0,1,2,0,3,0,7,14,5,26,30,4,34,60
12/20/2012,CKB,WV,AEA,CE,Combined TRACON& Tower with Radar,0,7,3,2,12,0,0,4,0,4,0,7,7,2,16,4,18,22,38
12/21/2012,CKB,WV,AEA,CE,Combined TRACON& Tower with Radar,0,0,8,0,8,0,0,0,0,0,0,0,8,0,8,0,0,0,8
12/22/2012,CKB,WV,AEA,CE,Combined TRACON& Tower with Radar,0,2,2,0,4,0,0,1,0,1,0,2,3,0,5,0,0,0,5
12/23/2012,CKB,WV,AEA,CE,Combined TRACON& Tower with Radar,0,7,2,0,9,0,0,1,0,1,0,7,3,0,10,8,0,8,18
12/24/2012,CKB,WV,AEA,CE,Combined TRACON& Tower with Radar,0,3,0,0,3,0,2,0,0,2,0,5,0,0,5,0,0,0,5
12/25/2012,CKB,WV,AEA,CE,Combined TRACON& Tower with Radar,2,5,0,0,7,0,0,3,0,3,2,5,3,0,10,6,0,6,16
12/26/2012,CKB,WV,AEA,CE,Combined TRACON& Tower with Radar,0,3,1,0,4,0,0,0,0,0,0,3,1,0,4,0,0,0,4
12/27/2012,CKB,WV,AEA,CE,Combined TRACON& Tower with Radar,0,4,2,0,6,0,0,0,0,0,0,4,2,0,6,0,0,0,6
12/28/2012,CKB,WV,AEA,CE,Combined TRACON& Tower with Radar,0,7,6,2,15,0,0,3,0,3,0,7,9,2,18,46,24,70,88
12/29/2012,CKB,WV,AEA,CE,Combined TRACON& Tower with Radar,0,3,2,0,5,0,0,0,0,0,0,3,2,0,5,0,0,0,5
12/30/2012,CKB,WV,AEA,CE,Combined TRACON& Tower with Radar,2,4,0,0,6,0,0,1,0,1,2,4,1,0,7,0,0,0,7
12/31/2012,CKB,WV,AEA,CE,Combined TRACON& Tower with Radar,0,6,4,0,10,0,0,5,0,5,0,6,9,0,15,0,0,0,15
01/01/2013,CKB,WV,AEA,CE,Combined TRACON& Tower with Radar,0,8,2,0,10,0,0,0,0,0,0,8,2,0,10,0,0,0,10
01/02/2013,CKB,WV,AEA,CE,Combined TRACON& Tower with Radar,0,6,4,6,16,0,0,5,0,5,0,6,9,6,21,44,0,44,65
01/03/2013,CKB,WV,AEA,CE,Combined TRACON& Tower with Radar,0,3,14,9,26,0,1,16,1,18,0,4,30,10,44,20,56,76,120
01/04/2013,CKB,WV,AEA,CE,Combined TRACON& Tower with Radar,2,11,9,9,31,0,0,3,0,3,2,11,12,9,34,22,60,82,116
01/05/2013,CKB,WV,AEA,CE,Combined TRACON& Tower with Radar,1,8,19,3,31,0,1,5,0,6,1,9,24,3,37,8,0,8,45
01/06/2013,CKB,WV,AEA,CE,Combined TRACON& Tower with Radar,0,3,8,0,11,0,0,1,0,1,0,3,9,0,12,0,0,0,12
01/07/2013,CKB,WV,AEA,CE,Combined TRACON& Tower with Radar,1,7,9,11,28,0,2,5,0,7,1,9,14,11,35,46,24,70,105
01/08/2013,CKB,WV,AEA,CE,Combined TRACON& Tower with Radar,3,6,12,7,28,0,0,14,0,14,3,6,26,7,42,16,54,70,112
01/09/2013,CKB,WV,AEA,CE,Combined TRACON& Tower with Radar,0,4,13,8,25,0,0,4,0,4,0,4,17,8,29,6,6,12,41
01/10/2013,CKB,WV,AEA,CE,Combined TRACON& Tower with Radar,0,7,10,4,21,0,1,4,1,6,0,8,14,5,27,28,22,50,77
01/11/2013,CKB,WV,AEA,CE,Combined TRACON& Tower with Radar,1,11,1,6,19,0,0,1,0,1,1,11,2,6,20,0,14,14,34
01/12/2013,CKB,WV,AEA,CE,Combined TRACON& Tower with Radar,4,5,8,2,19,0,1,4,0,5,4,6,12,2,24,68,0,68,92
01/13/2013,CKB,WV,AEA,CE,Combined TRACON& Tower with Radar,0,2,1,0,3,0,0,2,0,2,0,2,3,0,5,0,0,0,5
01/14/2013,CKB,WV,AEA,CE,Combined TRACON& Tower with Radar,0,10,10,4,24,0,0,0,0,0,0,10,10,4,24,0,16,16,40
01/15/2013,CKB,WV,AEA,CE,Combined TRACON& Tower with Radar,3,6,5,7,21,0,0,1,3,4,3,6,6,10,25,20,44,64,89
01/16/2013,CKB,WV,AEA,CE,Combined TRACON& Tower with Radar,0,4,0,0,4,0,0,0,0,0,0,4,0,0,4,0,0,0,4
01/17/2013,CKB,WV,AEA,CE,Combined TRACON& Tower with Radar,0,4,6,20,30,0,2,4,0,6,0,6,10,20,36,20,86,106,142
01/18/2013,CKB,WV,AEA,CE,Combined TRACON& Tower with Radar,3,4,22,22,51,0,0,10,0,10,3,4,32,22,61,24,62,86,147
01/19/2013,CKB,WV,AEA,CE,Combined TRACON& Tower with Radar,2,7,10,0,19,0,0,8,0,8,2,7,18,0,27,64,0,64,91
01/20/2013,CKB,WV,AEA,CE,Combined TRACON& Tower with Radar,0,3,5,0,8,0,2,0,0,2,0,5,5,0,10,40,0,40,50
01/21/2013,CKB,WV,AEA,CE,Combined TRACON& Tower with Radar,1,3,3,2,9,0,1,3,0,4,1,4,6,2,13,0,0,0,13
01/22/2013,CKB,WV,AEA,CE,Combined TRACON& Tower with Radar,2,6,13,12,33,0,1,7,0,8,2,7,20,12,41,0,24,24,65
01/23/2013,CKB,WV,AEA,CE,Combined TRACON& Tower with Radar,0,7,12,15,34,0,0,8,0,8,0,7,20,15,42,14,46,60,102
01/24/2013,CKB,WV,AEA,CE,Combined TRACON& Tower with Radar,0,7,4,11,22,0,3,8,0,11,0,10,12,11,33,4,20,24,57
01/25/2013,CKB,WV,AEA,CE,Combined TRACON& Tower with Radar,1,2,6,6,15,0,0,1,0,1,1,2,7,6,16,0,10,10,26
01/26/2013,CKB,WV,AEA,CE,Combined TRACON& Tower with Radar,2,2,0,2,6,0,0,0,0,0,2,2,0,2,6,0,0,0,6
01/27/2013,CKB,WV,AEA,CE,Combined TRACON& Tower with Radar,2,3,2,0,7,0,0,4,0,4,2,3,6,0,11,74,0,74,85
01/28/2013,CKB,WV,AEA,CE,Combined TRACON& Tower with Radar,1,10,1,10,22,0,0,1,0,1,1,10,2,10,23,2,0,2,25
01/29/2013,CKB,WV,AEA,CE,Combined TRACON& Tower with Radar,0,4,14,19,37,0,0,14,0,14,0,4,28,19,51,6,46,52,103
01/30/2013,CKB,WV,AEA,CE,Combined TRACON& Tower with Radar,0,4,1,0,5,0,0,0,0,0,0,4,1,0,5,0,0,0,5
01/31/2013,CKB,WV,AEA,CE,Combined TRACON& Tower with Radar,0,6,0,8,14,0,0,0,0,0,0,6,0,8,14,0,0,0,14
02/01/2013,CKB,WV,AEA,CE,Combined TRACON& Tower with Radar,3,5,7,6,21,0,0,1,0,1,3,5,8,6,22,0,20,20,42
02/02/2013,CKB,WV,AEA,CE,Combined TRACON& Tower with Radar,4,4,2,0,10,0,0,0,0,0,4,4,2,0,10,0,0,0,10
02/03/2013,CKB,WV,AEA,CE,Combined TRACON& Tower with Radar,1,7,0,0,8,0,0,0,0,0,1,7,0,0,8,0,0,0,8
02/04/2013,CKB,WV,AEA,CE,Combined TRACON& Tower with Radar,1,7,6,12,26,0,0,3,5,8,1,7,9,17,34,2,54,56,90
02/05/2013,CKB,WV,AEA,CE,Combined TRACON& Tower with Radar,4,2,6,14,26,0,0,0,1,1,4,2,6,15,27,0,2,2,29
02/06/2013,CKB,WV,AEA,CE,Combined TRACON& Tower with Radar,0,7,8,24,39,0,0,4,1,5,0,7,12,25,44,30,16,46,90
02/07/2013,CKB,WV,AEA,CE,Combined TRACON& Tower with Radar,0,4,26,21,51,0,1,9,3,13,0,5,35,24,64,36,112,148,212
02/08/2013,CKB,WV,AEA,CE,Combined TRACON& Tower with Radar,2,9,6,14,31,0,0,0,0,0,2,9,6,14,31,22,38,60,91
02/09/2013,CKB,WV,AEA,CE,Combined TRACON& Tower with Radar,1,4,6,0,11,0,0,5,0,5,1,4,11,0,16,92,0,92,108
02/10/2013,CKB,WV,AEA,CE,Combined TRACON& Tower with Radar,1,3,4,8,16,0,0,10,0,10,1,3,14,8,26,30,104,134,160
02/11/2013,CKB,WV,AEA,CE,Combined TRACON& Tower with Radar,0,0,8,10,18,0,0,1,0,1,0,0,9,10,19,0,28,28,47
02/12/2013,CKB,WV,AEA,CE,Combined TRACON& Tower with Radar,2,4,3,24,33,0,0,2,5,7,2,4,5,29,40,4,166,170,210
02/13/2013,CKB,WV,AEA,CE,Combined TRACON& Tower with Radar,0,7,13,20,40,0,0,8,0,8,0,7,21,20,48,74,58,132,180
02/14/2013,CKB,WV,AEA,CE,Combined TRACON& Tower with Radar,0,7,4,24,35,0,0,4,0,4,0,7,8,24,39,28,72,100,139
02/15/2013,CKB,WV,AEA,CE,Combined TRACON& Tower with Radar,5,10,7,19,41,0,0,8,5,13,5,10,15,24,54,24,80,104,158
02/16/2013,CKB,WV,AEA,CE,Combined TRACON& Tower with Radar,2,5,2,2,11,0,0,0,0,0,2,5,2,2,11,10,0,10,21
02/17/2013,CKB,WV,AEA,CE,Combined TRACON& Tower with Radar,4,9,3,1,17,0,0,2,0,2,4,9,5,1,19,0,0,0,19
02/18/2013,CKB,WV,AEA,CE,Combined TRACON& Tower with Radar,0,4,10,7,21,0,2,22,0,24,0,6,32,7,45,66,28,94,139
02/19/2013,CKB,WV,AEA,CE,Combined TRACON& Tower with Radar,1,5,2,20,28,0,0,0,0,0,1,5,2,20,28,0,46,46,74
02/20/2013,CKB,WV,AEA,CE,Combined TRACON& Tower with Radar,0,6,7,14,27,0,2,0,0,2,0,8,7,14,29,0,18,18,47
02/21/2013,CKB,WV,AEA,CE,Combined TRACON& Tower with Radar,0,10,3,18,31,0,0,17,0,17,0,10,20,18,48,26,86,112,160
02/22/2013,CKB,WV,AEA,CE,Combined TRACON& Tower with Radar,2,9,2,5,18,0,0,1,0,1,2,9,3,5,19,28,64,92,111
02/23/2013,CKB,WV,AEA,CE,Combined TRACON& Tower with Radar,0,8,6,4,18,0,0,14,0,14,0,8,20,4,32,73,0,73,105
02/24/2013,CKB,WV,AEA,CE,Combined TRACON& Tower with Radar,1,5,2,2,10,0,0,2,2,4,1,5,4,4,14,20,0,20,34
02/25/2013,CKB,WV,AEA,CE,Combined TRACON& Tower with Radar,0,4,31,23,58,0,0,32,1,33,0,4,63,24,91,64,114,178,269
02/26/2013,CKB,WV,AEA,CE,Combined TRACON& Tower with Radar,1,6,8,7,22,0,0,5,0,5,1,6,13,7,27,12,4,16,43
02/27/2013,CKB,WV,AEA,CE,Combined TRACON& Tower with Radar,0,6,4,22,32,0,0,0,0,0,0,6,4,22,32,20,4,24,56
02/28/2013,CKB,WV,AEA,CE,Combined TRACON& Tower with Radar,0,5,7,10,22,0,0,2,0,2,0,5,9,10,24,6,0,6,30
03/01/2013,CKB,WV,AEA,CE,Combined TRACON& Tower with Radar,2,12,3,6,23,0,0,0,0,0,2,12,3,6,23,10,28,38,61
03/02/2013,CKB,WV,AEA,CE,Combined TRACON& Tower with Radar,2,5,2,0,9,0,0,0,0,0,2,5,2,0,9,0,0,0,9
03/03/2013,CKB,WV,AEA,CE,Combined TRACON& Tower with Radar,0,3,2,1,6,0,0,0,0,0,0,3,2,1,6,0,0,0,6
03/04/2013,CKB,WV,AEA,CE,Combined TRACON& Tower with Radar,7,9,9,27,52,0,2,24,0,26,7,11,33,27,78,66,52,118,196
03/05/2013,CKB,WV,AEA,CE,Combined TRACON& Tower with Radar,1,6,1,18,26,0,0,15,1,16,1,6,16,19,42,44,54,98,140
03/06/2013,CKB,WV,AEA,CE,Combined TRACON& Tower with Radar,0,2,3,1,6,0,0,0,0,0,0,2,3,1,6,0,0,0,6
03/07/2013,CKB,WV,AEA,CE,Combined TRACON& Tower with Radar,3,5,7,16,31,0,0,1,0,1,3,5,8,16,32,8,120,128,160
03/08/2013,CKB,WV,AEA,CE,Combined TRACON& Tower with Radar,0,6,14,22,42,0,1,16,1,18,0,7,30,23,60,42,70,112,172
03/09/2013,CKB,WV,AEA,CE,Combined TRACON& Tower with Radar,2,5,7,4,18,0,1,12,0,13,2,6,19,4,31,77,0,77,108
03/10/2013,CKB,WV,AEA,CE,Combined TRACON& Tower with Radar,2,4,6,0,12,0,0,13,0,13,2,4,19,0,25,26,0,26,51
03/11/2013,CKB,WV,AEA,CE,Combined TRACON& Tower with Radar,2,4,13,22,41,0,0,4,0,4,2,4,17,22,45,32,122,154,199
03/12/2013,CKB,WV,AEA,CE,Combined TRACON& Tower with Radar,1,8,7,7,23,0,0,4,0,4,1,8,11,7,27,42,132,174,201
03/13/2013,CKB,WV,AEA,CE,Combined TRACON& Tower with Radar,0,4,8,18,30,0,0,1,0,1,0,4,9,18,31,10,56,66,97
03/14/2013,CKB,WV,AEA,CE,Combined TRACON& Tower with Radar,3,6,12,21,42,0,0,12,7,19,3,6,24,28,61,10,60,70,131
03/15/2013,CKB,WV,AEA,CE,Combined TRACON& Tower with Radar,0,4,22,23,49,0,0,21,2,23,0,4,43,25,72,22,116,138,210
03/16/2013,CKB,WV,AEA,CE,Combined TRACON& Tower with Radar,0,5,4,1,10,0,0,2,0,2,0,5,6,1,12,0,0,0,12
03/17/2013,CKB,WV,AEA,CE,Combined TRACON& Tower with Radar,1,3,2,2,8,0,0,0,0,0,1,3,2,2,8,0,0,0,8
03/18/2013,CKB,WV,AEA,CE,Combined TRACON& Tower with Radar,0,2,2,10,14,0,0,0,0,0,0,2,2,10,14,0,86,86,100
03/19/2013,CKB,WV,AEA,CE,Combined TRACON& Tower with Radar,0,4,8,22,34,0,0,7,0,7,0,4,15,22,41,6,20,26,67
03/20/2013,CKB,WV,AEA,CE,Combined TRACON& Tower with Radar,0,6,9,16,31,0,0,3,7,10,0,6,12,23,41,54,98,152,193
03/21/2013,CKB,WV,AEA,CE,Combined TRACON& Tower with Radar,0,6,4,16,26,0,0,2,1,3,0,6,6,17,29,2,28,30,59
03/22/2013,CKB,WV,AEA,CE,Combined TRACON& Tower with Radar,0,9,5,14,28,0,0,25,0,25,0,9,30,14,53,28,90,118,171
03/23/2013,CKB,WV,AEA,CE,Combined TRACON& Tower with Radar,0,2,9,1,12,0,0,17,1,18,0,2,26,2,30,64,0,64,94
03/24/2013,CKB,WV,AEA,CE,Combined TRACON& Tower with Radar,0,3,9,1,13,0,0,2,1,3,0,3,11,2,16,14,0,14,30
03/25/2013,CKB,WV,AEA,CE,Combined TRACON& Tower with Radar,0,0,3,0,3,0,0,0,0,0,0,0,3,0,3,0,0,0,3
03/26/2013,CKB,WV,AEA,CE,Combined TRACON& Tower with Radar,0,12,0,19,31,0,0,0,0,0,0,12,0,19,31,0,0,0,31
03/27/2013,CKB,WV,AEA,CE,Combined TRACON& Tower with Radar,0,7,7,16,30,0,0,1,6,7,0,7,8,22,37,10,90,100,137
03/28/2013,CKB,WV,AEA,CE,Combined TRACON& Tower with Radar,0,5,11,15,31,0,0,3,0,3,0,5,14,15,34,0,182,182,216
03/29/2013,CKB,WV,AEA,CE,Combined TRACON& Tower with Radar,3,5,8,23,39,0,5,12,7,24,3,10,20,30,63,70,128,198,261
03/30/2013,CKB,WV,AEA,CE,Combined TRACON& Tower with Radar,0,2,11,0,13,0,0,8,0,8,0,2,19,0,21,52,10,62,83
03/31/2013,CKB,WV,AEA,CE,Combined TRACON& Tower with Radar,0,5,1,2,8,0,0,0,0,0,0,5,1,2,8,0,0,0,8
04/01/2013,CKB,WV,AEA,CE,Combined TRACON& Tower with Radar,0,4,7,8,19,0,0,4,0,4,0,4,11,8,23,0,88,88,111
04/02/2013,CKB,WV,AEA,CE,Combined TRACON& Tower with Radar,0,6,9,15,30,0,0,15,4,19,0,6,24,19,49,24,192,216,265
04/03/2013,CKB,WV,AEA,CE,Combined TRACON& Tower with Radar,0,4,13,23,40,0,0,20,1,21,0,4,33,24,61,62,180,242,303
04/04/2013,CKB,WV,AEA,CE,Combined TRACON& Tower with Radar,2,8,4,24,38,0,0,15,2,17,2,8,19,26,55,88,76,164,219
04/05/2013,CKB,WV,AEA,CE,Combined TRACON& Tower with Radar,0,7,10,13,30,0,2,7,1,10,0,9,17,14,40,12,22,34,74
04/06/2013,CKB,WV,AEA,CE,Combined TRACON& Tower with Radar,0,13,10,0,23,0,0,16,0,16,0,13,26,0,39,80,0,80,119
04/07/2013,CKB,WV,AEA,CE,Combined TRACON& Tower with Radar,0,5,3,0,8,0,0,0,0,0,0,5,3,0,8,0,0,0,8
04/08/2013,CKB,WV,AEA,CE,Combined TRACON& Tower with Radar,0,6,9,6,21,0,1,3,0,4,0,7,12,6,25,7,6,13,38
04/09/2013,CKB,WV,AEA,CE,Combined TRACON& Tower with Radar,0,8,21,12,41,0,0,13,0,13,0,8,34,12,54,88,138,226,280
04/10/2013,CKB,WV,AEA,CE,Combined TRACON& Tower with Radar,0,4,7,14,25,0,1,12,1,14,0,5,19,15,39,70,32,102,141
04/11/2013,CKB,WV,AEA,CE,Combined TRACON& Tower with Radar,0,4,6,17,27,0,0,7,0,7,0,4,13,17,34,6,8,14,48
04/12/2013,CKB,WV,AEA,CE,Combined TRACON& Tower with Radar,0,4,3,4,11,0,1,2,0,3,0,5,5,4,14,4,12,16,30
04/13/2013,CKB,WV,AEA,CE,Combined TRACON& Tower with Radar,0,6,4,1,11,0,2,2,0,4,0,8,6,1,15,0,0,0,15
04/14/2013,CKB,WV,AEA,CE,Combined TRACON& Tower with Radar,1,3,7,0,11,0,0,18,0,18,1,3,25,0,29,6,12,18,47
04/15/2013,CKB,WV,AEA,CE,Combined TRACON& Tower with Radar,1,4,7,19,31,0,0,16,0,16,1,4,23,19,47,120,94,214,261
04/16/2013,CKB,WV,AEA,CE,Combined TRACON& Tower with Radar,0,5,6,19,30,0,0,13,1,14,0,5,19,20,44,84,132,216,260
04/17/2013,CKB,WV,AEA,CE,Combined TRACON& Tower with Radar,0,6,16,2,24,0,0,3,0,3,0,6,19,2,27,98,42,140,167
04/18/2013,CKB,WV,AEA,CE,Combined TRACON& Tower with Radar,0,6,8,23,37,0,0,7,1,8,0,6,15,24,45,54,104,158,203
04/19/2013,CKB,WV,AEA,CE,Combined TRACON& Tower with Radar,0,7,1,8,16,0,0,2,0,2,0,7,3,8,18,0,8,8,26
04/20/2013,CKB,WV,AEA,CE,Combined TRACON& Tower with Radar,0,5,8,0,13,0,0,8,0,8,0,5,16,0,21,0,0,0,21
04/21/2013,CKB,WV,AEA,CE,Combined TRACON& Tower with Radar,0,4,9,0,13,0,2,15,0,17,0,6,24,0,30,6,0,6,36
04/22/2013,CKB,WV,AEA,CE,Combined TRACON& Tower with Radar,1,4,10,19,34,0,0,24,4,28,1,4,34,23,62,108,196,304,366
04/23/2013,CKB,WV,AEA,CE,Combined TRACON& Tower with Radar,1,6,12,23,42,0,0,21,4,25,1,6,33,27,67,220,144,364,431
04/24/2013,CKB,WV,AEA,CE,Combined TRACON& Tower with Radar,0,6,6,13,25,0,0,3,3,6,0,6,9,16,31,28,34,62,93
04/25/2013,CKB,WV,AEA,CE,Combined TRACON& Tower with Radar,0,7,16,26,49,0,1,9,0,10,0,8,25,26,59,62,36,98,157
04/26/2013,CKB,WV,AEA,CE,Combined TRACON& Tower with Radar,1,6,18,30,55,0,0,26,0,26,1,6,44,30,81,86,122,208,289
04/27/2013,CKB,WV,AEA,CE,Combined TRACON& Tower with Radar,1,6,8,2,17,0,1,24,0,25,1,7,32,2,42,76,20,96,138
04/28/2013,CKB,WV,AEA,CE,Combined TRACON& Tower with Radar,0,6,6,2,14,0,0,1,0,1,0,6,7,2,15,14,0,14,29
04/29/2013,CKB,WV,AEA,CE,Combined TRACON& Tower with Radar,0,8,9,21,38,0,0,4,0,4,0,8,13,21,42,4,24,28,70
04/30/2013,CKB,WV,AEA,CE,Combined TRACON& Tower with Radar,0,11,8,28,47,0,0,13,0,13,0,11,21,28,60,74,32,106,166
05/01/2013,CKB,WV,AEA,CE,Combined TRACON& Tower with Radar,0,4,6,20,30,0,0,27,3,30,0,4,33,23,60,92,20,112,172
05/02/2013,CKB,WV,AEA,CE,Combined TRACON& Tower with Radar,0,10,11,18,39,0,0,16,0,16,0,10,27,18,55,46,0,46,101
05/03/2013,CKB,WV,AEA,CE,Combined TRACON& Tower with Radar,0,5,3,0,8,0,1,16,0,17,0,6,19,0,25,6,0,6,31
05/04/2013,CKB,WV,AEA,CE,Combined TRACON& Tower with Radar,3,2,2,6,13,0,0,5,0,5,3,2,7,6,18,0,18,18,36
05/05/2013,CKB,WV,AEA,CE,Combined TRACON& Tower with Radar,0,3,6,2,11,0,2,6,0,8,0,5,12,2,19,33,13,46,65
05/06/2013,CKB,WV,AEA,CE,Combined TRACON& Tower with Radar,0,4,5,13,22,0,1,5,7,13,0,5,10,20,35,18,68,86,121
05/07/2013,CKB,WV,AEA,CE,Combined TRACON& Tower with Radar,0,13,7,9,29,0,0,1,6,7,0,13,8,15,36,22,34,56,92
05/08/2013,CKB,WV,AEA,CE,Combined TRACON& Tower with Radar,4,5,10,16,35,0,2,4,1,7,4,7,14,17,42,68,82,150,192
05/09/2013,CKB,WV,AEA,CE,Combined TRACON& Tower with Radar,1,2,15,11,29,0,0,8,4,12,1,2,23,15,41,56,88,144,185
05/10/2013,CKB,WV,AEA,CE,Combined TRACON& Tower with Radar,0,13,3,27,43,0,0,9,3,12,0,13,12,30,55,60,72,132,187
05/11/2013,CKB,WV,AEA,CE,Combined TRACON& Tower with Radar,0,2,12,0,14,0,1,0,0,1,0,3,12,0,15,18,0,18,33
05/12/2013,CKB,WV,AEA,CE,Combined TRACON& Tower with Radar,1,3,4,3,11,0,0,8,1,9,1,3,12,4,20,10,0,10,30
05/13/2013,CKB,WV,AEA,CE,Combined TRACON& Tower with Radar,0,4,9,19,32,0,3,5,1,9,0,7,14,20,41,10,94,104,145
05/14/2013,CKB,WV,AEA,CE,Combined TRACON& Tower with Radar,0,9,8,22,39,0,0,18,1,19,0,9,26,23,58,28,114,142,200
05/15/2013,CKB,WV,AEA,CE,Combined TRACON& Tower with Radar,0,5,5,21,31,0,0,7,2,9,0,5,12,23,40,0,66,66,106
05/16/2013,CKB,WV,AEA,CE,Combined TRACON& Tower with Radar,0,7,8,13,28,0,0,5,0,5,0,7,13,13,33,2,32,34,67
05/17/2013,CKB,WV,AEA,CE,Combined TRACON& Tower with Radar,0,5,4,18,27,0,0,22,0,22,0,5,26,18,49,14,16,30,79
05/18/2013,CKB,WV,AEA,CE,Combined TRACON& Tower with Radar,0,4,3,2,9,0,2,8,0,10,0,6,11,2,19,0,10,10,29
05/19/2013,CKB,WV,AEA,CE,Combined TRACON& Tower with Radar,0,3,9,0,12,0,0,4,0,4,0,3,13,0,16,0,0,0,16
05/20/2013,CKB,WV,AEA,CE,Combined TRACON& Tower with Radar,0,4,14,6,24,0,0,8,4,12,0,4,22,10,36,14,26,40,76
05/21/2013,CKB,WV,AEA,CE,Combined TRACON& Tower with Radar,0,5,8,24,37,0,4,22,0,26,0,9,30,24,63,94,24,118,181
05/22/2013,CKB,WV,AEA,CE,Combined TRACON& Tower with Radar,1,6,9,19,35,0,2,12,2,16,1,8,21,21,51,14,66,80,131
05/23/2013,CKB,WV,AEA,CE,Combined TRACON& Tower with Radar,0,4,5,16,25,0,0,2,2,4,0,4,7,18,29,29,30,59,88
05/24/2013,CKB,WV,AEA,CE,Combined TRACON& Tower with Radar,1,8,15,8,32,0,0,5,0,5,1,8,20,8,37,0,0,0,37
05/25/2013,CKB,WV,AEA,CE,Combined TRACON& Tower with Radar,0,2,2,0,4,0,0,3,0,3,0,2,5,0,7,32,0,32,39
05/26/2013,CKB,WV,AEA,CE,Combined TRACON& Tower with Radar,0,11,3,0,14,0,0,5,0,5,0,11,8,0,19,32,0,32,51
05/27/2013,CKB,WV,AEA,CE,Combined TRACON& Tower with Radar,2,4,1,0,7,0,0,2,0,2,2,4,3,0,9,22,0,22,31
05/28/2013,CKB,WV,AEA,CE,Combined TRACON& Tower with Radar,0,4,13,7,24,0,0,6,8,14,0,4,19,15,38,38,94,132,170
05/29/2013,CKB,WV,AEA,CE,Combined TRACON& Tower with Radar,0,1,6,4,11,0,0,18,0,18,0,1,24,4,29,36,10,46,75
05/30/2013,CKB,WV,AEA,CE,Combined TRACON& Tower with Radar,0,6,14,12,32,0,1,19,3,23,0,7,33,15,55,66,42,108,163
05/31/2013,CKB,WV,AEA,CE,Combined TRACON& Tower with Radar,2,10,26,6,44,0,2,18,0,20,2,12,44,6,64,4,0,4,68
06/01/2013,CKB,WV,AEA,CE,Combined TRACON& Tower with Radar,1,5,11,0,17,0,0,11,3,14,1,5,22,3,31,20,0,20,51
06/02/2013,CKB,WV,AEA,CE,Combined TRACON& Tower with Radar,0,8,4,2,14,0,0,0,0,0,0,8,4,2,14,0,0,0,14
06/03/2013,CKB,WV,AEA,CE,Combined TRACON& Tower with Radar,0,5,10,10,25,0,0,5,0,5,0,5,15,10,30,40,14,54,84
06/04/2013,CKB,WV,AEA,CE,Combined TRACON& Tower with Radar,0,7,17,13,37,0,0,28,3,31,0,7,45,16,68,42,52,94,162
06/05/2013,CKB,WV,AEA,CE,Combined TRACON& Tower with Radar,0,7,13,11,31,0,0,23,1,24,0,7,36,12,55,102,112,214,269
06/06/2013,CKB,WV,AEA,CE,Combined TRACON& Tower with Radar,0,8,15,10,33,0,0,9,0,9,0,8,24,10,42,0,144,144,186
06/07/2013,CKB,WV,AEA,CE,Combined TRACON& Tower with Radar,0,5,3,0,8,0,0,1,2,3,0,5,4,2,11,0,6,6,17
06/08/2013,CKB,WV,AEA,CE,Combined TRACON& Tower with Radar,0,4,3,5,12,0,0,6,1,7,0,4,9,6,19,0,20,20,39
06/09/2013,CKB,WV,AEA,CE,Combined TRACON& Tower with Radar,0,5,4,0,9,0,0,14,0,14,0,5,18,0,23,62,0,62,85
06/10/2013,CKB,WV,AEA,CE,Combined TRACON& Tower with Radar,0,7,5,15,27,0,0,1,0,1,0,7,6,15,28,3,68,71,99
06/11/2013,CKB,WV,AEA,CE,Combined TRACON& Tower with Radar,0,10,8,25,43,0,0,2,0,2,0,10,10,25,45,6,48,54,99
06/12/2013,CKB,WV,AEA,CE,Combined TRACON& Tower with Radar,0,7,13,25,45,0,2,9,0,11,0,9,22,25,56,40,34,74,130
06/13/2013,CKB,WV,AEA,CE,Combined TRACON& Tower with Radar,0,6,1,3,10,0,0,0,0,0,0,6,1,3,10,0,0,0,10
06/14/2013,CKB,WV,AEA,CE,Combined TRACON& Tower with Radar,0,7,7,27,41,0,2,11,2,15,0,9,18,29,56,18,2,20,76
06/15/2013,CKB,WV,AEA,CE,Combined TRACON& Tower with Radar,0,2,14,0,16,0,0,16,0,16,0,2,30,0,32,10,0,10,42
06/16/2013,CKB,WV,AEA,CE,Combined TRACON& Tower with Radar,0,3,5,4,12,0,0,2,1,3,0,3,7,5,15,3,0,3,18
06/17/2013,CKB,WV,AEA,CE,Combined TRACON& Tower with Radar,0,6,4,13,23,0,0,4,2,6,0,6,8,15,29,16,14,30,59
06/18/2013,CKB,WV,AEA,CE,Combined TRACON& Tower with Radar,0,8,17,22,47,0,0,8,0,8,0,8,25,22,55,0,0,0,55
06/19/2013,CKB,WV,AEA,CE,Combined TRACON& Tower with Radar,4,4,11,21,40,0,0,19,1,20,4,4,30,22,60,102,38,140,200
06/20/2013,CKB,WV,AEA,CE,Combined TRACON& Tower with Radar,0,10,23,17,50,0,0,18,7,25,0,10,41,24,75,90,14,104,179
06/21/2013,CKB,WV,AEA,CE,Combined TRACON& Tower with Radar,0,5,11,12,28,0,0,37,2,39,0,5,48,14,67,44,4,48,115
06/22/2013,CKB,WV,AEA,CE,Combined TRACON& Tower with Radar,0,2,14,0,16,0,0,19,0,19,0,2,33,0,35,82,0,82,117
06/23/2013,CKB,WV,AEA,CE,Combined TRACON& Tower with Radar,0,4,0,2,6,0,2,5,0,7,0,6,5,2,13,50,0,50,63
06/24/2013,CKB,WV,AEA,CE,Combined TRACON& Tower with Radar,0,8,9,19,36,0,0,8,3,11,0,8,17,22,47,36,66,102,149
06/25/2013,CKB,WV,AEA,CE,Combined TRACON& Tower with Radar,0,7,21,8,36,0,2,8,0,10,0,9,29,8,46,6,4,10,56
06/26/2013,CKB,WV,AEA,CE,Combined TRACON& Tower with Radar,0,10,12,8,30,0,2,5,0,7,0,12,17,8,37,20,0,20,57
06/27/2013,CKB,WV,AEA,CE,Combined TRACON& Tower with Radar,0,5,5,17,27,0,0,2,0,2,0,5,7,17,29,0,0,0,29
06/28/2013,CKB,WV,AEA,CE,Combined TRACON& Tower with Radar,0,6,7,8,21,0,1,2,0,3,0,7,9,8,24,20,0,20,44
06/29/2013,CKB,WV,AEA,CE,Combined TRACON& Tower with Radar,2,5,7,0,14,0,0,4,0,4,2,5,11,0,18,0,0,0,18
06/30/2013,CKB,WV,AEA,CE,Combined TRACON& Tower with Radar,0,3,7,0,10,0,0,3,1,4,0,3,10,1,14,16,0,16,30
07/01/2013,CKB,WV,AEA,CE,Combined TRACON& Tower with Radar,0,6,12,8,26,0,0,6,0,6,0,6,18,8,32,20,0,20,52
07/02/2013,CKB,WV,AEA,CE,Combined TRACON& Tower with Radar,0,6,9,7,22,0,0,7,1,8,0,6,16,8,30,50,58,108,138
07/03/2013,CKB,WV,AEA,CE,Combined TRACON& Tower with Radar,0,6,7,10,23,0,1,7,4,12,0,7,14,14,35,10,18,28,63
07/04/2013,CKB,WV,AEA,CE,Combined TRACON& Tower with Radar,0,4,5,0,9,0,0,5,0,5,0,4,10,0,14,16,0,16,30
07/05/2013,CKB,WV,AEA,CE,Combined TRACON& Tower with Radar,0,4,0,0,4,0,0,11,0,11,0,4,11,0,15,60,0,60,75
07/06/2013,CKB,WV,AEA,CE,Combined TRACON& Tower with Radar,1,2,6,0,9,0,1,1,0,2,1,3,7,0,11,0,0,0,11
07/07/2013,CKB,WV,AEA,CE,Combined TRACON& Tower with Radar,0,3,4,3,10,0,0,2,1,3,0,3,6,4,13,0,0,0,13
07/08/2013,CKB,WV,AEA,CE,Combined TRACON& Tower with Radar,0,4,22,9,35,0,1,4,5,10,0,5,26,14,45,0,0,0,45
07/09/2013,CKB,WV,AEA,CE,Combined TRACON& Tower with Radar,0,6,9,13,28,0,0,4,0,4,0,6,13,13,32,0,32,32,64
07/10/2013,CKB,WV,AEA,CE,Combined TRACON& Tower with Radar,0,6,16,14,36,0,0,13,0,13,0,6,29,14,49,74,164,238,287
07/11/2013,CKB,WV,AEA,CE,Combined TRACON& Tower with Radar,0,4,9,16,29,0,0,1,0,1,0,4,10,16,30,104,56,160,190
07/12/2013,CKB,WV,AEA,CE,Combined TRACON& Tower with Radar,1,9,11,16,37,0,0,12,0,12,1,9,23,16,49,24,70,94,143
07/13/2013,CKB,WV,AEA,CE,Combined TRACON& Tower with Radar,0,4,4,2,10,0,1,4,3,8,0,5,8,5,18,42,2,44,62
07/14/2013,CKB,WV,AEA,CE,Combined TRACON& Tower with Radar,0,3,9,0,12,0,0,6,2,8,0,3,15,2,20,44,8,52,72
07/15/2013,CKB,WV,AEA,CE,Combined TRACON& Tower with Radar,0,8,8,21,37,0,0,19,2,21,0,8,27,23,58,0,56,56,114
07/16/2013,CKB,WV,AEA,CE,Combined TRACON& Tower with Radar,0,7,17,15,39,0,1,9,0,10,0,8,26,15,49,46,66,112,161
07/17/2013,CKB,WV,AEA,CE,Combined TRACON& Tower with Radar,0,5,29,9,43,0,0,7,1,8,0,5,36,10,51,40,145,185,236
07/18/2013,CKB,WV,AEA,CE,Combined TRACON& Tower with Radar,0,6,8,19,33,0,1,18,0,19,0,7,26,19,52,50,36,86,138
07/19/2013,CKB,WV,AEA,CE,Combined TRACON& Tower with Radar,0,4,4,23,31,0,1,3,2,6,0,5,7,25,37,0,0,0,37
07/20/2013,CKB,WV,AEA,CE,Combined TRACON& Tower with Radar,0,2,1,0,3,0,0,3,0,3,0,2,4,0,6,0,0,0,6
07/21/2013,CKB,WV,AEA,CE,Combined TRACON& Tower with Radar,0,3,9,0,12,0,0,3,0,3,0,3,12,0,15,0,0,0,15
07/22/2013,CKB,WV,AEA,CE,Combined TRACON& Tower with Radar,0,4,11,6,21,0,0,5,0,5,0,4,16,6,26,0,22,22,48
07/23/2013,CKB,WV,AEA,CE,Combined TRACON& Tower with Radar,0,5,11,19,35,0,0,8,1,9,0,5,19,20,44,20,4,24,68
07/24/2013,CKB,WV,AEA,CE,Combined TRACON& Tower with Radar,0,4,22,16,42,0,0,6,0,6,0,4,28,16,48,32,0,32,80
07/25/2013,CKB,WV,AEA,CE,Combined TRACON& Tower with Radar,2,9,13,15,39,0,0,6,0,6,2,9,19,15,45,2,22,24,69
07/26/2013,CKB,WV,AEA,CE,Combined TRACON& Tower with Radar,2,7,5,6,20,0,0,14,0,14,2,7,19,6,34,40,28,68,102
07/27/2013,CKB,WV,AEA,CE,Combined TRACON& Tower with Radar,2,3,2,0,7,0,0,2,0,2,2,3,4,0,9,0,0,0,9
07/28/2013,CKB,WV,AEA,CE,Combined TRACON& Tower with Radar,0,3,7,0,10,0,0,2,0,2,0,3,9,0,12,2,0,2,14
07/29/2013,CKB,WV,AEA,CE,Combined TRACON& Tower with Radar,0,5,16,13,34,0,1,14,1,16,0,6,30,14,50,16,40,56,106
07/30/2013,CKB,WV,AEA,CE,Combined TRACON& Tower with Radar,0,5,8,23,36,0,0,17,1,18,0,5,25,24,54,30,50,80,134
07/31/2013,CKB,WV,AEA,CE,Combined TRACON& Tower with Radar,0,7,19,14,40,0,0,6,0,6,0,7,25,14,46,14,56,70,116
08/01/2013,CKB,WV,AEA,CE,Combined TRACON& Tower with Radar,0,6,16,14,36,0,1,5,0,6,0,7,21,14,42,24,52,76,118
08/02/2013,CKB,WV,AEA,CE,Combined TRACON& Tower with Radar,1,8,18,22,49,0,0,17,7,24,1,8,35,29,73,34,92,126,199
08/03/2013,CKB,WV,AEA,CE,Combined TRACON& Tower with Radar,0,4,4,0,8,0,0,1,0,1,0,4,5,0,9,0,0,0,9
08/04/2013,CKB,WV,AEA,CE,Combined TRACON& Tower with Radar,0,5,16,0,21,0,1,8,0,9,0,6,24,0,30,4,0,4,34
08/05/2013,CKB,WV,AEA,CE,Combined TRACON& Tower with Radar,0,8,13,25,46,0,3,13,1,17,0,11,26,26,63,0,82,82,145
08/06/2013,CKB,WV,AEA,CE,Combined TRACON& Tower with Radar,0,6,17,25,48,0,1,19,1,21,0,7,36,26,69,2,68,70,139
08/07/2013,CKB,WV,AEA,CE,Combined TRACON& Tower with Radar,0,4,16,23,43,0,0,5,0,5,0,4,21,23,48,35,40,75,123
08/08/2013,CKB,WV,AEA,CE,Combined TRACON& Tower with Radar,0,4,10,18,32,0,0,6,0,6,0,4,16,18,38,8,0,8,46
08/09/2013,CKB,WV,AEA,CE,Combined TRACON& Tower with Radar,0,4,12,2,18,0,0,2,0,2,0,4,14,2,20,0,0,0,20
08/10/2013,CKB,WV,AEA,CE,Combined TRACON& Tower with Radar,0,6,5,0,11,0,0,6,0,6,0,6,11,0,17,58,0,58,75
08/11/2013,CKB,WV,AEA,CE,Combined TRACON& Tower with Radar,2,4,4,0,10,0,0,6,0,6,2,4,10,0,16,6,0,6,22
08/12/2013,CKB,WV,AEA,CE,Combined TRACON& Tower with Radar,0,5,15,14,34,0,2,11,0,13,0,7,26,14,47,64,42,106,153
08/13/2013,CKB,WV,AEA,CE,Combined TRACON& Tower with Radar,0,7,3,25,35,0,2,5,0,7,0,9,8,25,42,0,0,0,42
08/14/2013,CKB,WV,AEA,CE,Combined TRACON& Tower with Radar,0,6,17,21,44,0,0,14,1,15,0,6,31,22,59,86,42,128,187
08/15/2013,CKB,WV,AEA,CE,Combined TRACON& Tower with Radar,0,7,13,20,40,0,0,25,0,25,0,7,38,20,65,34,60,94,159
08/16/2013,CKB,WV,AEA,CE,Combined TRACON& Tower with Radar,2,5,10,4,21,0,1,14,0,15,2,6,24,4,36,8,36,44,80
08/17/2013,CKB,WV,AEA,CE,Combined TRACON& Tower with Radar,0,4,4,0,8,0,2,8,0,10,0,6,12,0,18,0,0,0,18
08/18/2013,CKB,WV,AEA,CE,Combined TRACON& Tower with Radar,3,3,6,0,12,0,0,0,0,0,3,3,6,0,12,2,0,2,14
08/19/2013,CKB,WV,AEA,CE,Combined TRACON& Tower with Radar,0,8,13,11,32,0,0,7,0,7,0,8,20,11,39,30,26,56,95
08/20/2013,CKB,WV,AEA,CE,Combined TRACON& Tower with Radar,1,7,10,20,38,0,0,21,1,22,1,7,31,21,60,26,50,76,136
08/21/2013,CKB,WV,AEA,CE,Combined TRACON& Tower with Radar,0,4,12,15,31,0,0,14,4,18,0,4,26,19,49,50,118,168,217
08/22/2013,CKB,WV,AEA,CE,Combined TRACON& Tower with Radar,0,6,9,22,37,0,0,2,0,2,0,6,11,22,39,52,48,100,139
08/23/2013,CKB,WV,AEA,CE,Combined TRACON& Tower with Radar,0,5,12,10,27,0,0,3,0,3,0,5,15,10,30,0,0,0,30
08/24/2013,CKB,WV,AEA,CE,Combined TRACON& Tower with Radar,0,3,12,2,17,0,0,18,0,18,0,3,30,2,35,0,0,0,35
08/25/2013,CKB,WV,AEA,CE,Combined TRACON& Tower with Radar,0,5,4,0,9,0,0,15,0,15,0,5,19,0,24,44,0,44,68
08/26/2013,CKB,WV,AEA,CE,Combined TRACON& Tower with Radar,2,5,20,19,46,0,0,24,3,27,2,5,44,22,73,28,90,118,191
08/27/2013,CKB,WV,AEA,CE,Combined TRACON& Tower with Radar,2,5,10,18,35,0,0,1,0,1,2,5,11,18,36,6,12,18,54
08/28/2013,CKB,WV,AEA,CE,Combined TRACON& Tower with Radar,0,11,10,24,45,0,0,0,0,0,0,11,10,24,45,8,16,24,69
08/29/2013,CKB,WV,AEA,CE,Combined TRACON& Tower with Radar,0,7,7,26,40,0,0,11,1,12,0,7,18,27,52,42,92,134,186
08/30/2013,CKB,WV,AEA,CE,Combined TRACON& Tower with Radar,3,6,12,26,47,0,0,14,2,16,3,6,26,28,63,74,32,106,169
08/31/2013,CKB,WV,AEA,CE,Combined TRACON& Tower with Radar,0,3,8,0,11,0,0,1,0,1,0,3,9,0,12,0,0,0,12
09/01/2013,CKB,WV,AEA,CE,Combined TRACON& Tower with Radar,0,4,7,0,11,0,0,2,0,2,0,4,9,0,13,0,0,0,13
09/02/2013,CKB,WV,AEA,CE,Combined TRACON& Tower with Radar,0,6,5,0,11,0,1,3,0,4,0,7,8,0,15,6,0,6,21
09/03/2013,CKB,WV,AEA,CE,Combined TRACON& Tower with Radar,0,7,17,20,44,0,0,28,0,28,0,7,45,20,72,12,84,96,168
09/04/2013,CKB,WV,AEA,CE,Combined TRACON& Tower with Radar,0,2,6,17,25,0,3,51,1,55,0,5,57,18,80,34,20,54,134
09/05/2013,CKB,WV,AEA,CE,Combined TRACON& Tower with Radar,0,4,15,22,41,0,0,57,0,57,0,4,72,22,98,16,14,30,128
09/06/2013,CKB,WV,AEA,CE,Combined TRACON& Tower with Radar,3,8,14,20,45,0,0,32,0,32,3,8,46,20,77,100,30,130,207
09/07/2013,CKB,WV,AEA,CE,Combined TRACON& Tower with Radar,3,2,10,2,17,0,0,31,2,33,3,2,41,4,50,34,14,48,98
09/08/2013,CKB,WV,AEA,CE,Combined TRACON& Tower with Radar,0,7,14,2,23,0,0,12,0,12,0,7,26,2,35,6,0,6,41
09/09/2013,CKB,WV,AEA,CE,Combined TRACON& Tower with Radar,0,11,11,24,46,0,0,10,0,10,0,11,21,24,56,28,46,74,130
09/10/2013,CKB,WV,AEA,CE,Combined TRACON& Tower with Radar,0,8,23,29,60,0,0,14,1,15,0,8,37,30,75,32,184,216,291
09/11/2013,CKB,WV,AEA,CE,Combined TRACON& Tower with Radar,0,5,12,21,38,0,4,5,1,10,0,9,17,22,48,26,62,88,136
09/12/2013,CKB,WV,AEA,CE,Combined TRACON& Tower with Radar,0,5,13,22,40,0,1,4,1,6,0,6,17,23,46,12,28,40,86
09/13/2013,CKB,WV,AEA,CE,Combined TRACON& Tower with Radar,0,6,14,26,46,0,0,3,2,5,0,6,17,28,51,8,18,26,77
09/14/2013,CKB,WV,AEA,CE,Combined TRACON& Tower with Radar,2,2,5,0,9,0,0,7,0,7,2,2,12,0,16,8,0,8,24
09/15/2013,CKB,WV,AEA,CE,Combined TRACON& Tower with Radar,1,6,11,0,18,0,1,13,0,14,1,7,24,0,32,18,0,18,50
09/16/2013,CKB,WV,AEA,CE,Combined TRACON& Tower with Radar,2,5,11,7,25,0,0,2,0,2,2,5,13,7,27,0,166,166,193
09/17/2013,CKB,WV,AEA,CE,Combined TRACON& Tower with Radar,1,9,28,26,64,0,0,18,4,22,1,9,46,30,86,30,94,124,210
09/18/2013,CKB,WV,AEA,CE,Combined TRACON& Tower with Radar,0,6,21,31,58,0,1,30,1,32,0,7,51,32,90,38,62,100,190
09/19/2013,CKB,WV,AEA,CE,Combined TRACON& Tower with Radar,0,5,20,20,45,0,0,11,2,13,0,5,31,22,58,66,28,94,152
09/20/2013,CKB,WV,AEA,CE,Combined TRACON& Tower with Radar,2,8,11,4,25,0,0,3,0,3,2,8,14,4,28,18,60,78,106
09/21/2013,CKB,WV,AEA,CE,Combined TRACON& Tower with Radar,0,3,3,0,6,0,0,1,0,1,0,3,4,0,7,0,0,0,7
09/22/2013,CKB,WV,AEA,CE,Combined TRACON& Tower with Radar,1,5,12,0,18,0,0,13,0,13,1,5,25,0,31,0,0,0,31
09/23/2013,CKB,WV,AEA,CE,Combined TRACON& Tower with Radar,0,4,25,20,49,0,1,13,0,14,0,5,38,20,63,54,48,102,165
09/24/2013,CKB,WV,AEA,CE,Combined TRACON& Tower with Radar,0,4,12,24,40,0,0,22,2,24,0,4,34,26,64,68,48,116,180
09/25/2013,CKB,WV,AEA,CE,Combined TRACON& Tower with Radar,2,7,24,14,47,0,0,39,4,43,2,7,63,18,90,80,0,80,170
09/26/2013,CKB,WV,AEA,CE,Combined TRACON& Tower with Radar,0,9,19,15,43,0,0,28,2,30,0,9,47,17,73,60,6,66,139
09/27/2013,CKB,WV,AEA,CE,Combined TRACON& Tower with Radar,0,8,24,18,50,0,0,32,2,34,0,8,56,20,84,96,26,122,206
09/28/2013,CKB,WV,AEA,CE,Combined TRACON& Tower with Radar,3,4,22,0,29,0,0,5,0,5,3,4,27,0,34,0,0,0,34
09/29/2013,CKB,WV,AEA,CE,Combined TRACON& Tower with Radar,0,5,13,0,18,0,0,13,0,13,0,5,26,0,31,6,0,6,37
09/30/2013,CKB,WV,AEA,CE,Combined TRACON& Tower with Radar,0,4,18,6,28,0,0,29,0,29,0,4,47,6,57,190,28,218,275
10/01/2013,CKB,WV,AEA,CE,Combined TRACON& Tower with Radar,0,6,31,0,37,0,0,23,0,23,0,6,54,0,60,36,0,36,96
10/02/2013,CKB,WV,AEA,CE,Combined TRACON& Tower with Radar,0,6,21,6,33,0,0,23,2,25,0,6,44,8,58,88,18,106,164
10/03/2013,CKB,WV,AEA,CE,Combined TRACON& Tower with Radar,0,6,11,0,17,0,0,15,0,15,0,6,26,0,32,68,0,68,100
10/04/2013,CKB,WV,AEA,CE,Combined TRACON& Tower with Radar,6,11,17,0,34,0,1,17,0,18,6,12,34,0,52,20,0,20,72
10/05/2013,CKB,WV,AEA,CE,Combined TRACON& Tower with Radar,0,4,6,0,10,0,1,9,0,10,0,5,15,0,20,6,0,6,26
10/06/2013,CKB,WV,AEA,CE,Combined TRACON& Tower with Radar,2,7,5,0,14,0,0,8,0,8,2,7,13,0,22,0,0,0,22
10/07/2013,CKB,WV,AEA,CE,Combined TRACON& Tower with Radar,0,7,12,4,23,0,0,2,0,2,0,7,14,4,25,2,70,72,97
10/08/2013,CKB,WV,AEA,CE,Combined TRACON& Tower with Radar,0,7,7,11,25,0,2,26,3,31,0,9,33,14,56,106,72,178,234
10/09/2013,CKB,WV,AEA,CE,Combined TRACON& Tower with Radar,2,7,23,8,40,0,0,24,0,24,2,7,47,8,64,64,38,102,166
10/10/2013,CKB,WV,AEA,CE,Combined TRACON& Tower with Radar,2,4,21,7,34,0,0,24,1,25,2,4,45,8,59,48,64,112,171
10/11/2013,CKB,WV,AEA,CE,Combined TRACON& Tower with Radar,0,5,7,4,16,0,0,1,0,1,0,5,8,4,17,0,0,0,17
10/12/2013,CKB,WV,AEA,CE,Combined TRACON& Tower with Radar,0,5,11,0,16,0,0,15,0,15,0,5,26,0,31,32,0,32,63
10/13/2013,CKB,WV,AEA,CE,Combined TRACON& Tower with Radar,0,4,8,0,12,0,1,7,0,8,0,5,15,0,20,70,0,70,90
10/14/2013,CKB,WV,AEA,CE,Combined TRACON& Tower with Radar,0,2,13,0,15,0,0,0,0,0,0,2,13,0,15,0,0,0,15
10/15/2013,CKB,WV,AEA,CE,Combined TRACON& Tower with Radar,0,5,20,3,28,0,0,25,3,28,0,5,45,6,56,46,38,84,140
10/16/2013,CKB,WV,AEA,CE,Combined TRACON& Tower with Radar,0,10,20,8,38,0,0,18,0,18,0,10,38,8,56,116,64,180,236
10/17/2013,CKB,WV,AEA,CE,Combined TRACON& Tower with Radar,1,7,2,5,15,0,0,0,0,0,1,7,2,5,15,0,0,0,15
10/18/2013,CKB,WV,AEA,CE,Combined TRACON& Tower with Radar,0,8,13,8,29,0,0,15,0,15,0,8,28,8,44,12,0,12,56
10/19/2013,CKB,WV,AEA,CE,Combined TRACON& Tower with Radar,3,2,12,0,17,0,0,8,0,8,3,2,20,0,25,0,0,0,25
10/20/2013,CKB,WV,AEA,CE,Combined TRACON& Tower with Radar,0,3,12,0,15,0,1,10,1,12,0,4,22,1,27,0,0,0,27
10/21/2013,CKB,WV,AEA,CE,Combined TRACON& Tower with Radar,2,4,16,12,34,0,0,23,2,25,2,4,39,14,59,60,18,78,137
10/22/2013,CKB,WV,AEA,CE,Combined TRACON& Tower with Radar,0,5,8,9,22,0,1,9,1,11,0,6,17,10,33,38,22,60,93
10/23/2013,CKB,WV,AEA,CE,Combined TRACON& Tower with Radar,0,7,12,2,21,0,0,0,0,0,0,7,12,2,21,0,0,0,21
10/24/2013,CKB,WV,AEA,CE,Combined TRACON& Tower with Radar,2,12,6,8,28,0,0,1,0,1,2,12,7,8,29,42,24,66,95
10/25/2013,CKB,WV,AEA,CE,Combined TRACON& Tower with Radar,2,5,6,2,15,0,0,9,0,9,2,5,15,2,24,42,28,70,94
10/26/2013,CKB,WV,AEA,CE,Combined TRACON& Tower with Radar,1,2,4,1,8,0,2,10,1,13,1,4,14,2,21,6,0,6,27
10/27/2013,CKB,WV,AEA,CE,Combined TRACON& Tower with Radar,0,4,7,0,11,0,1,5,0,6,0,5,12,0,17,0,0,0,17
10/28/2013,CKB,WV,AEA,CE,Combined TRACON& Tower with Radar,1,5,16,10,32,0,0,14,2,16,1,5,30,12,48,48,38,86,134
10/29/2013,CKB,WV,AEA,CE,Combined TRACON& Tower with Radar,1,5,11,20,37,0,2,16,3,21,1,7,27,23,58,152,148,300,358
10/30/2013,CKB,WV,AEA,CE,Combined TRACON& Tower with Radar,0,4,7,23,34,0,0,0,0,0,0,4,7,23,34,2,22,24,58
10/31/2013,CKB,WV,AEA,CE,Combined TRACON& Tower with Radar,0,6,8,19,33,0,0,2,1,3,0,6,10,20,36,10,102,112,148
11/01/2013,CKB,WV,AEA,CE,Combined TRACON& Tower with Radar,2,6,5,13,26,0,1,3,2,6,2,7,8,15,32,8,31,39,71
11/02/2013,CKB,WV,AEA,CE,Combined TRACON& Tower with Radar,0,2,2,2,6,0,1,2,0,3,0,3,4,2,9,0,0,0,9
11/03/2013,CKB,WV,AEA,CE,Combined TRACON& Tower with Radar,0,8,9,0,17,0,0,9,0,9,0,8,18,0,26,0,0,0,26
11/04/2013,CKB,WV,AEA,CE,Combined TRACON& Tower with Radar,0,9,18,21,48,0,0,13,3,16,0,9,31,24,64,28,96,124,188
11/05/2013,CKB,WV,AEA,CE,Combined TRACON& Tower with Radar,0,3,15,24,42,0,1,19,0,20,0,4,34,24,62,34,66,100,162
11/06/2013,CKB,WV,AEA,CE,Combined TRACON& Tower with Radar,2,4,13,20,39,0,1,30,5,36,2,5,43,25,75,36,52,88,163
11/07/2013,CKB,WV,AEA,CE,Combined TRACON& Tower with Radar,1,2,14,6,23,0,0,1,0,1,1,2,15,6,24,0,0,0,24
11/08/2013,CKB,WV,AEA,CE,Combined TRACON& Tower with Radar,4,5,22,8,39,0,0,13,1,14,4,5,35,9,53,28,4,32,85
11/09/2013,CKB,WV,AEA,CE,Combined TRACON& Tower with Radar,5,3,13,0,21,0,4,7,0,11,5,7,20,0,32,14,0,14,46
11/10/2013,CKB,WV,AEA,CE,Combined TRACON& Tower with Radar,0,3,6,1,10,0,0,1,0,1,0,3,7,1,11,0,0,0,11
11/11/2013,CKB,WV,AEA,CE,Combined TRACON& Tower with Radar,4,5,14,3,26,0,0,25,0,25,4,5,39,3,51,40,12,52,103
11/12/2013,CKB,WV,AEA,CE,Combined TRACON& Tower with Radar,2,8,6,11,27,0,0,1,1,2,2,8,7,12,29,0,0,0,29
11/13/2013,CKB,WV,AEA,CE,Combined TRACON& Tower with Radar,0,6,19,20,45,0,0,7,4,11,0,6,26,24,56,0,0,0,56
11/14/2013,CKB,WV,AEA,CE,Combined TRACON& Tower with Radar,6,5,15,21,47,0,0,18,6,24,6,5,33,27,71,20,2,22,93
11/15/2013,CKB,WV,AEA,CE,Combined TRACON& Tower with Radar,2,7,13,10,32,0,0,6,4,10,2,7,19,14,42,77,22,99,141
11/16/2013,CKB,WV,AEA,CE,Combined TRACON& Tower with Radar,2,2,12,2,18,0,0,30,0,30,2,2,42,2,48,70,0,70,118
11/17/2013,CKB,WV,AEA,CE,Combined TRACON& Tower with Radar,2,3,4,4,13,0,0,2,1,3,2,3,6,5,16,18,6,24,40
11/18/2013,CKB,WV,AEA,CE,Combined TRACON& Tower with Radar,0,4,13,8,25,0,0,6,2,8,0,4,19,10,33,0,34,34,67
11/19/2013,CKB,WV,AEA,CE,Combined TRACON& Tower with Radar,0,4,12,27,43,0,0,4,0,4,0,4,16,27,47,2,46,48,95
11/20/2013,CKB,WV,AEA,CE,Combined TRACON& Tower with Radar,2,4,7,18,31,0,2,12,0,14,2,6,19,18,45,16,14,30,75
11/21/2013,CKB,WV,AEA,CE,Combined TRACON& Tower with Radar,4,4,14,17,39,0,0,12,1,13,4,4,26,18,52,26,48,74,126
11/22/2013,CKB,WV,AEA,CE,Combined TRACON& Tower with Radar,0,11,2,2,15,0,0,0,0,0,0,11,2,2,15,0,0,0,15
11/23/2013,CKB,WV,AEA,CE,Combined TRACON& Tower with Radar,0,2,2,0,4,0,0,4,0,4,0,2,6,0,8,0,0,0,8
11/24/2013,CKB,WV,AEA,CE,Combined TRACON& Tower with Radar,4,4,6,1,15,0,0,6,0,6,4,4,12,1,21,0,0,0,21
11/25/2013,CKB,WV,AEA,CE,Combined TRACON& Tower with Radar,0,6,4,12,22,0,0,11,3,14,0,6,15,15,36,0,16,16,52
11/26/2013,CKB,WV,AEA,CE,Combined TRACON& Tower with Radar,5,2,7,0,14,0,0,0,0,0,5,2,7,0,14,0,0,0,14
11/27/2013,CKB,WV,AEA,CE,Combined TRACON& Tower with Radar,0,4,2,0,6,0,0,0,0,0,0,4,2,0,6,0,0,0,6
11/28/2013,CKB,WV,AEA,CE,Combined TRACON& Tower with Radar,2,2,2,0,6,0,0,1,0,1,2,2,3,0,7,0,0,0,7
11/29/2013,CKB,WV,AEA,CE,Combined TRACON& Tower with Radar,3,2,3,0,8,0,0,10,0,10,3,2,13,0,18,12,0,12,30
11/30/2013,CKB,WV,AEA,CE,Combined TRACON& Tower with Radar,1,4,1,0,6,0,0,5,0,5,1,4,6,0,11,0,0,0,11
12/01/2013,CKB,WV,AEA,CE,Combined TRACON& Tower with Radar,3,4,8,0,15,0,0,9,0,9,3,4,17,0,24,0,0,0,24
12/02/2013,CKB,WV,AEA,CE,Combined TRACON& Tower with Radar,1,7,9,19,36,0,2,14,0,16,1,9,23,19,52,0,66,66,118
12/03/2013,CKB,WV,AEA,CE,Combined TRACON& Tower with Radar,0,11,8,14,33,0,0,6,2,8,0,11,14,16,41,10,38,48,89
12/04/2013,CKB,WV,AEA,CE,Combined TRACON& Tower with Radar,4,4,8,16,32,0,0,8,1,9,4,4,16,17,41,0,32,32,73
12/05/2013,CKB,WV,AEA,CE,Combined TRACON& Tower with Radar,2,4,10,16,32,0,0,4,0,4,2,4,14,16,36,0,22,22,58
12/06/2013,CKB,WV,AEA,CE,Combined TRACON& Tower with Radar,0,5,4,0,9,0,0,0,0,0,0,5,4,0,9,0,0,0,9
12/07/2013,CKB,WV,AEA,CE,Combined TRACON& Tower with Radar,0,9,1,0,10,0,0,0,0,0,0,9,1,0,10,0,0,0,10
12/08/2013,CKB,WV,AEA,CE,Combined TRACON& Tower with Radar,2,0,1,2,5,0,0,0,0,0,2,0,1,2,5,0,0,0,5
12/09/2013,CKB,WV,AEA,CE,Combined TRACON& Tower with Radar,0,4,5,8,17,0,0,0,0,0,0,4,5,8,17,0,0,0,17
12/10/2013,CKB,WV,AEA,CE,Combined TRACON& Tower with Radar,0,7,7,9,23,0,0,1,2,3,0,7,8,11,26,0,0,0,26
12/11/2013,CKB,WV,AEA,CE,Combined TRACON& Tower with Radar,0,6,11,15,32,0,0,7,6,13,0,6,18,21,45,0,58,58,103
12/12/2013,CKB,WV,AEA,CE,Combined TRACON& Tower with Radar,2,5,13,7,27,0,0,5,0,5,2,5,18,7,32,22,76,98,130
12/13/2013,CKB,WV,AEA,CE,Combined TRACON& Tower with Radar,2,10,7,8,27,0,3,5,0,8,2,13,12,8,35,0,10,10,45
12/14/2013,CKB,WV,AEA,CE,Combined TRACON& Tower with Radar,0,0,1,0,1,0,0,1,0,1,0,0,2,0,2,0,0,0,2
12/15/2013,CKB,WV,AEA,CE,Combined TRACON& Tower with Radar,2,0,4,1,7,0,0,0,0,0,2,0,4,1,7,0,0,0,7
12/16/2013,CKB,WV,AEA,CE,Combined TRACON& Tower with Radar,2,4,5,1,12,0,0,1,0,1,2,4,6,1,13,0,0,0,13
12/17/2013,CKB,WV,AEA,CE,Combined TRACON& Tower with Radar,0,6,5,2,13,0,0,6,0,6,0,6,11,2,19,0,0,0,19
12/18/2013,CKB,WV,AEA,CE,Combined TRACON& Tower with Radar,2,10,7,7,26,0,0,5,1,6,2,10,12,8,32,8,24,32,64
12/19/2013,CKB,WV,AEA,CE,Combined TRACON& Tower with Radar,2,7,15,4,28,0,0,6,0,6,2,7,21,4,34,0,0,0,34
12/20/2013,CKB,WV,AEA,CE,Combined TRACON& Tower with Radar,0,10,4,3,17,0,0,0,0,0,0,10,4,3,17,4,10,14,31
12/21/2013,CKB,WV,AEA,CE,Combined TRACON& Tower with Radar,3,6,4,1,14,0,2,2,0,4,3,8,6,1,18,0,0,0,18
12/22/2013,CKB,WV,AEA,CE,Combined TRACON& Tower with Radar,4,4,3,0,11,0,0,0,0,0,4,4,3,0,11,0,0,0,11
12/23/2013,CKB,WV,AEA,CE,Combined TRACON& Tower with Radar,1,4,1,0,6,0,0,0,0,0,1,4,1,0,6,0,0,0,6
12/24/2013,CKB,WV,AEA,CE,Combined TRACON& Tower with Radar,0,2,2,0,4,0,0,0,0,0,0,2,2,0,4,0,0,0,4
12/25/2013,CKB,WV,AEA,CE,Combined TRACON& Tower with Radar,0,2,0,0,2,0,0,1,0,1,0,2,1,0,3,0,0,0,3
12/26/2013,CKB,WV,AEA,CE,Combined TRACON& Tower with Radar,2,6,7,0,15,0,0,0,0,0,2,6,7,0,15,0,0,0,15
12/27/2013,CKB,WV,AEA,CE,Combined TRACON& Tower with Radar,1,5,5,0,11,0,0,13,1,14,1,5,18,1,25,52,12,64,89
12/28/2013,CKB,WV,AEA,CE,Combined TRACON& Tower with Radar,0,7,7,3,17,0,0,10,0,10,0,7,17,3,27,38,0,38,65
12/29/2013,CKB,WV,AEA,CE,Combined TRACON& Tower with Radar,4,3,2,0,9,0,0,0,0,0,4,3,2,0,9,0,0,0,9
12/30/2013,CKB,WV,AEA,CE,Combined TRACON& Tower with Radar,0,7,3,2,12,0,0,1,0,1,0,7,4,2,13,0,0,0,13
12/31/2013,CKB,WV,AEA,CE,Combined TRACON& Tower with Radar,3,3,4,0,10,0,0,0,0,0,3,3,4,0,10,0,0,0,10
01/01/2014,CKB,WV,AEA,CE,Combined TRACON& Tower with Radar,0,5,6,0,11,0,0,4,1,5,0,5,10,1,16,44,0,44,60
01/02/2014,CKB,WV,AEA,CE,Combined TRACON& Tower with Radar,2,1,0,2,5,0,0,2,0,2,2,1,2,2,7,10,0,10,17
01/03/2014,CKB,WV,AEA,CE,Combined TRACON& Tower with Radar,2,5,4,0,11,0,0,2,0,2,2,5,6,0,13,0,0,0,13
01/04/2014,CKB,WV,AEA,CE,Combined TRACON& Tower with Radar,2,7,4,0,13,0,0,8,0,8,2,7,12,0,21,0,0,0,21
01/05/2014,CKB,WV,AEA,CE,Combined TRACON& Tower with Radar,3,2,7,2,14,0,1,6,0,7,3,3,13,2,21,0,0,0,21
01/06/2014,CKB,WV,AEA,CE,Combined TRACON& Tower with Radar,0,4,0,0,4,0,0,0,0,0,0,4,0,0,4,0,0,0,4
01/07/2014,CKB,WV,AEA,CE,Combined TRACON& Tower with Radar,5,5,7,8,25,0,2,0,0,2,5,7,7,8,27,0,0,0,27
01/08/2014,CKB,WV,AEA,CE,Combined TRACON& Tower with Radar,5,3,7,16,31,0,0,6,2,8,5,3,13,18,39,0,88,88,127
01/09/2014,CKB,WV,AEA,CE,Combined TRACON& Tower with Radar,2,6,11,14,33,0,0,3,0,3,2,6,14,14,36,0,68,68,104
01/10/2014,CKB,WV,AEA,CE,Combined TRACON& Tower with Radar,0,4,5,18,27,0,0,2,2,4,0,4,7,20,31,0,36,36,67
01/11/2014,CKB,WV,AEA,CE,Combined TRACON& Tower with Radar,4,3,4,0,11,0,2,0,0,2,4,5,4,0,13,0,0,0,13
01/12/2014,CKB,WV,AEA,CE,Combined TRACON& Tower with Radar,4,3,2,6,15,0,0,2,0,2,4,3,4,6,17,0,52,52,69
01/13/2014,CKB,WV,AEA,CE,Combined TRACON& Tower with Radar,2,6,10,33,51,0,0,3,3,6,2,6,13,36,57,2,92,94,151
01/14/2014,CKB,WV,AEA,CE,Combined TRACON& Tower with Radar,3,5,14,21,43,0,0,4,1,5,3,5,18,22,48,0,92,92,140
01/15/2014,CKB,WV,AEA,CE,Combined TRACON& Tower with Radar,1,5,11,15,32,0,0,2,0,2,1,5,13,15,34,14,36,50,84
01/16/2014,CKB,WV,AEA,CE,Combined TRACON& Tower with Radar,2,2,7,23,34,0,0,3,1,4,2,2,10,24,38,14,70,84,122
01/17/2014,CKB,WV,AEA,CE,Combined TRACON& Tower with Radar,3,8,1,14,26,0,0,3,0,3,3,8,4,14,29,22,20,42,71
01/18/2014,CKB,WV,AEA,CE,Combined TRACON& Tower with Radar,4,4,2,0,10,0,0,1,0,1,4,4,3,0,11,0,0,0,11
01/19/2014,CKB,WV,AEA,CE,Combined TRACON& Tower with Radar,5,4,0,0,9,0,0,1,0,1,5,4,1,0,10,0,0,0,10
01/20/2014,CKB,WV,AEA,CE,Combined TRACON& Tower with Radar,0,7,4,0,11,0,0,2,0,2,0,7,6,0,13,0,0,0,13
01/21/2014,CKB,WV,AEA,CE,Combined TRACON& Tower with Radar,0,0,0,0,0,0,0,0,0,0,0,0,0,0,0,0,0,0,0
01/22/2014,CKB,WV,AEA,CE,Combined TRACON& Tower with Radar,0,13,3,18,34,0,1,6,2,9,0,14,9,20,43,4,72,76,119
01/23/2014,CKB,WV,AEA,CE,Combined TRACON& Tower with Radar,2,5,17,19,43,0,0,3,1,4,2,5,20,20,47,0,0,0,47
01/24/2014,CKB,WV,AEA,CE,Combined TRACON& Tower with Radar,3,4,4,13,24,0,0,3,4,7,3,4,7,17,31,20,38,58,89
01/25/2014,CKB,WV,AEA,CE,Combined TRACON& Tower with Radar,2,0,0,0,2,0,0,0,0,0,2,0,0,0,2,0,0,0,2
01/26/2014,CKB,WV,AEA,CE,Combined TRACON& Tower with Radar,2,0,6,9,17,0,1,2,1,4,2,1,8,10,21,0,0,0,21
01/27/2014,CKB,WV,AEA,CE,Combined TRACON& Tower with Radar,2,7,3,3,15,0,0,0,0,0,2,7,3,3,15,0,0,0,15
01/28/2014,CKB,WV,AEA,CE,Combined TRACON& Tower with Radar,0,8,5,14,27,0,0,2,5,7,0,8,7,19,34,0,26,26,60
01/29/2014,CKB,WV,AEA,CE,Combined TRACON& Tower with Radar,1,7,6,14,28,0,3,0,0,3,1,10,6,14,31,0,0,0,31
01/30/2014,CKB,WV,AEA,CE,Combined TRACON& Tower with Radar,3,4,6,36,49,0,0,4,0,4,3,4,10,36,53,0,0,0,53
01/31/2014,CKB,WV,AEA,CE,Combined TRACON& Tower with Radar,3,10,2,21,36,0,1,7,0,8,3,11,9,21,44,0,0,0,44
02/01/2014,CKB,WV,AEA,CE,Combined TRACON& Tower with Radar,4,6,5,2,17,0,1,7,0,8,4,7,12,2,25,0,0,0,25
02/02/2014,CKB,WV,AEA,CE,Combined TRACON& Tower with Radar,2,2,1,2,7,0,0,0,0,0,2,2,1,2,7,0,0,0,7
02/03/2014,CKB,WV,AEA,CE,Combined TRACON& Tower with Radar,1,1,6,0,8,0,0,0,0,0,1,1,6,0,8,0,0,0,8
02/04/2014,CKB,WV,AEA,CE,Combined TRACON& Tower with Radar,0,7,4,21,32,0,0,4,4,8,0,7,8,25,40,0,96,96,136
02/05/2014,CKB,WV,AEA,CE,Combined TRACON& Tower with Radar,0,6,6,6,18,0,0,0,0,0,0,6,6,6,18,0,0,0,18
02/06/2014,CKB,WV,AEA,CE,Combined TRACON& Tower with Radar,2,9,6,34,51,0,0,1,2,3,2,9,7,36,54,0,70,70,124
02/07/2014,CKB,WV,AEA,CE,Combined TRACON& Tower with Radar,2,4,17,25,48,0,0,5,0,5,2,4,22,25,53,22,116,138,191
02/08/2014,CKB,WV,AEA,CE,Combined TRACON& Tower with Radar,1,2,1,5,9,0,1,0,0,1,1,3,1,5,10,8,48,56,66
02/09/2014,CKB,WV,AEA,CE,Combined TRACON& Tower with Radar,5,3,1,0,9,0,0,0,0,0,5,3,1,0,9,0,0,0,9
02/10/2014,CKB,WV,AEA,CE,Combined TRACON& Tower with Radar,0,5,13,11,29,0,0,3,1,4,0,5,16,12,33,0,66,66,99
02/11/2014,CKB,WV,AEA,CE,Combined TRACON& Tower with Radar,0,4,12,25,41,0,0,5,6,11,0,4,17,31,52,0,76,76,128
02/12/2014,CKB,WV,AEA,CE,Combined TRACON& Tower with Radar,0,6,17,18,41,0,0,2,1,3,0,6,19,19,44,0,22,22,66
02/13/2014,CKB,WV,AEA,CE,Combined TRACON& Tower with Radar,2,0,0,0,2,0,0,0,0,0,2,0,0,0,2,0,0,0,2
02/14/2014,CKB,WV,AEA,CE,Combined TRACON& Tower with Radar,2,4,6,9,21,0,0,0,0,0,2,4,6,9,21,0,6,6,27
02/15/2014,CKB,WV,AEA,CE,Combined TRACON& Tower with Radar,0,0,2,0,2,0,0,2,0,2,0,0,4,0,4,0,0,0,4
02/16/2014,CKB,WV,AEA,CE,Combined TRACON& Tower with Radar,2,5,1,0,8,0,0,0,0,0,2,5,1,0,8,0,0,0,8
02/17/2014,CKB,WV,AEA,CE,Combined TRACON& Tower with Radar,0,5,8,0,13,0,0,1,0,1,0,5,9,0,14,0,0,0,14
02/18/2014,CKB,WV,AEA,CE,Combined TRACON& Tower with Radar,0,8,4,21,33,0,0,3,1,4,0,8,7,22,37,10,12,22,59
02/19/2014,CKB,WV,AEA,CE,Combined TRACON& Tower with Radar,0,4,11,24,39,0,1,1,0,2,0,5,12,24,41,0,0,0,41
02/20/2014,CKB,WV,AEA,CE,Combined TRACON& Tower with Radar,2,5,4,16,27,0,0,6,0,6,2,5,10,16,33,28,84,112,145
02/21/2014,CKB,WV,AEA,CE,Combined TRACON& Tower with Radar,3,7,4,2,16,0,0,2,0,2,3,7,6,2,18,0,14,14,32
02/22/2014,CKB,WV,AEA,CE,Combined TRACON& Tower with Radar,3,3,11,6,23,0,0,5,0,5,3,3,16,6,28,0,28,28,56
02/23/2014,CKB,WV,AEA,CE,Combined TRACON& Tower with Radar,2,2,16,7,27,0,2,5,0,7,2,4,21,7,34,0,42,42,76
02/24/2014,CKB,WV,AEA,CE,Combined TRACON& Tower with Radar,2,4,15,19,40,0,0,0,1,1,2,4,15,20,41,0,32,32,73
02/25/2014,CKB,WV,AEA,CE,Combined TRACON& Tower with Radar,2,5,7,10,24,0,0,3,0,3,2,5,10,10,27,0,0,0,27
02/26/2014,CKB,WV,AEA,CE,Combined TRACON& Tower with Radar,0,6,11,8,25,0,2,0,0,2,0,8,11,8,27,0,22,22,49
02/27/2014,CKB,WV,AEA,CE,Combined TRACON& Tower with Radar,5,9,1,14,29,2,3,0,5,10,7,12,1,19,39,0,18,18,57
02/28/2014,CKB,WV,AEA,CE,Combined TRACON& Tower with Radar,0,6,12,10,28,0,0,10,1,11,0,6,22,11,39,8,34,42,81
03/01/2014,CKB,WV,AEA,CE,Combined TRACON& Tower with Radar,4,6,2,9,21,0,3,2,0,5,4,9,4,9,26,0,6,6,32
03/02/2014,CKB,WV,AEA,CE,Combined TRACON& Tower with Radar,4,5,2,4,15,0,0,0,0,0,4,5,2,4,15,0,0,0,15
03/03/2014,CKB,WV,AEA,CE,Combined TRACON& Tower with Radar,0,3,4,0,7,0,3,0,0,3,0,6,4,0,10,0,0,0,10
03/04/2014,CKB,WV,AEA,CE,Combined TRACON& Tower with Radar,0,8,12,16,36,0,3,8,3,14,0,11,20,19,50,14,64,78,128
03/05/2014,CKB,WV,AEA,CE,Combined TRACON& Tower with Radar,0,6,8,19,33,0,0,10,7,17,0,6,18,26,50,0,78,78,128
03/06/2014,CKB,WV,AEA,CE,Combined TRACON& Tower with Radar,5,4,4,23,36,0,3,10,3,16,5,7,14,26,52,44,126,170,222
03/07/2014,CKB,WV,AEA,CE,Combined TRACON& Tower with Radar,2,4,9,11,26,0,0,9,3,12,2,4,18,14,38,18,134,152,190
03/08/2014,CKB,WV,AEA,CE,Combined TRACON& Tower with Radar,2,5,1,3,11,0,0,0,0,0,2,5,1,3,11,0,0,0,11
03/09/2014,CKB,WV,AEA,CE,Combined TRACON& Tower with Radar,2,4,3,0,9,0,0,5,0,5,2,4,8,0,14,0,0,0,14
03/10/2014,CKB,WV,AEA,CE,Combined TRACON& Tower with Radar,0,4,6,28,38,0,0,1,4,5,0,4,7,32,43,14,138,152,195
03/11/2014,CKB,WV,AEA,CE,Combined TRACON& Tower with Radar,4,7,9,24,44,0,0,1,5,6,4,7,10,29,50,4,40,44,94
03/12/2014,CKB,WV,AEA,CE,Combined TRACON& Tower with Radar,0,7,7,8,22,0,0,0,0,0,0,7,7,8,22,0,0,0,22
03/13/2014,CKB,WV,AEA,CE,Combined TRACON& Tower with Radar,2,8,7,17,34,0,4,2,3,9,2,12,9,20,43,0,40,40,83
03/14/2014,CKB,WV,AEA,CE,Combined TRACON& Tower with Radar,2,9,8,25,44,0,0,5,1,6,2,9,13,26,50,22,28,50,100
03/15/2014,CKB,WV,AEA,CE,Combined TRACON& Tower with Radar,0,3,4,0,7,0,1,0,0,1,0,4,4,0,8,0,0,0,8
03/16/2014,CKB,WV,AEA,CE,Combined TRACON& Tower with Radar,2,2,5,2,11,0,0,2,0,2,2,2,7,2,13,0,0,0,13
03/17/2014,CKB,WV,AEA,CE,Combined TRACON& Tower with Radar,0,3,9,8,20,0,0,2,0,2,0,3,11,8,22,10,4,14,36
03/18/2014,CKB,WV,AEA,CE,Combined TRACON& Tower with Radar,0,11,17,22,50,0,1,7,2,10,0,12,24,24,60,28,58,86,146
03/19/2014,CKB,WV,AEA,CE,Combined TRACON& Tower with Radar,0,4,10,23,37,0,2,9,6,17,0,6,19,29,54,36,20,56,110
03/20/2014,CKB,WV,AEA,CE,Combined TRACON& Tower with Radar,2,7,7,16,32,0,0,1,0,1,2,7,8,16,33,2,60,62,95
03/21/2014,CKB,WV,AEA,CE,Combined TRACON& Tower with Radar,5,12,16,34,67,0,0,24,5,29,5,12,40,39,96,58,22,80,176
03/22/2014,CKB,WV,AEA,CE,Combined TRACON& Tower with Radar,2,5,8,0,15,0,1,8,0,9,2,6,16,0,24,2,0,2,26
03/23/2014,CKB,WV,AEA,CE,Combined TRACON& Tower with Radar,2,3,7,2,14,0,0,7,0,7,2,3,14,2,21,0,0,0,21
03/24/2014,CKB,WV,AEA,CE,Combined TRACON& Tower with Radar,1,10,21,15,47,0,0,22,4,26,1,10,43,19,73,44,16,60,133
03/25/2014,CKB,WV,AEA,CE,Combined TRACON& Tower with Radar,0,9,5,2,16,0,0,3,0,3,0,9,8,2,19,0,22,22,41
03/26/2014,CKB,WV,AEA,CE,Combined TRACON& Tower with Radar,4,9,15,19,47,0,0,3,1,4,4,9,18,20,51,0,72,72,123
03/27/2014,CKB,WV,AEA,CE,Combined TRACON& Tower with Radar,8,7,19,16,50,0,1,39,5,45,8,8,58,21,95,58,64,122,217
03/28/2014,CKB,WV,AEA,CE,Combined TRACON& Tower with Radar,0,4,7,5,16,0,0,1,0,1,0,4,8,5,17,0,42,42,59
03/29/2014,CKB,WV,AEA,CE,Combined TRACON& Tower with Radar,0,3,0,0,3,0,0,0,0,0,0,3,0,0,3,0,0,0,3
03/30/2014,CKB,WV,AEA,CE,Combined TRACON& Tower with Radar,2,4,2,0,8,0,0,0,0,0,2,4,2,0,8,0,0,0,8
03/31/2014,CKB,WV,AEA,CE,Combined TRACON& Tower with Radar,0,5,15,15,35,0,0,31,7,38,0,5,46,22,73,62,84,146,219
04/01/2014,CKB,WV,AEA,CE,Combined TRACON& Tower with Radar,0,5,4,14,23,0,2,15,1,18,0,7,19,15,41,44,24,68,109
04/02/2014,CKB,WV,AEA,CE,Combined TRACON& Tower with Radar,1,6,11,15,33,0,0,9,3,12,1,6,20,18,45,64,36,100,145
04/03/2014,CKB,WV,AEA,CE,Combined TRACON& Tower with Radar,2,4,10,17,33,0,0,14,3,17,2,4,24,20,50,44,0,44,94
04/04/2014,CKB,WV,AEA,CE,Combined TRACON& Tower with Radar,0,6,3,16,25,0,0,2,1,3,0,6,5,17,28,0,100,100,128
04/05/2014,CKB,WV,AEA,CE,Combined TRACON& Tower with Radar,0,3,10,8,21,0,0,6,2,8,0,3,16,10,29,22,26,48,77
04/06/2014,CKB,WV,AEA,CE,Combined TRACON& Tower with Radar,2,2,21,10,35,0,0,27,0,27,2,2,48,10,62,4,0,4,66
04/07/2014,CKB,WV,AEA,CE,Combined TRACON& Tower with Radar,0,3,14,17,34,0,1,0,1,2,0,4,14,18,36,0,0,0,36
04/08/2014,CKB,WV,AEA,CE,Combined TRACON& Tower with Radar,1,5,11,14,31,0,0,5,8,13,1,5,16,22,44,30,0,30,74
04/09/2014,CKB,WV,AEA,CE,Combined TRACON& Tower with Radar,0,6,18,12,36,0,0,14,3,17,0,6,32,15,53,74,18,92,145
04/10/2014,CKB,WV,AEA,CE,Combined TRACON& Tower with Radar,5,4,15,18,42,0,1,10,2,13,5,5,25,20,55,14,6,20,75
04/11/2014,CKB,WV,AEA,CE,Combined TRACON& Tower with Radar,2,4,4,22,32,0,0,5,0,5,2,4,9,22,37,0,4,4,41
04/12/2014,CKB,WV,AEA,CE,Combined TRACON& Tower with Radar,1,2,10,0,13,0,0,20,0,20,1,2,30,0,33,70,0,70,103
04/13/2014,CKB,WV,AEA,CE,Combined TRACON& Tower with Radar,3,3,10,2,18,0,0,12,0,12,3,3,22,2,30,6,12,18,48
04/14/2014,CKB,WV,AEA,CE,Combined TRACON& Tower with Radar,0,4,16,18,38,0,0,3,4,7,0,4,19,22,45,8,31,39,84
04/15/2014,CKB,WV,AEA,CE,Combined TRACON& Tower with Radar,0,5,7,0,12,0,0,0,0,0,0,5,7,0,12,0,0,0,12
04/16/2014,CKB,WV,AEA,CE,Combined TRACON& Tower with Radar,0,6,24,26,56,0,0,10,6,16,0,6,34,32,72,4,108,112,184
04/17/2014,CKB,WV,AEA,CE,Combined TRACON& Tower with Radar,2,9,39,28,78,0,0,38,15,53,2,9,77,43,131,64,148,212,343
04/18/2014,CKB,WV,AEA,CE,Combined TRACON& Tower with Radar,0,5,21,21,47,0,1,9,2,12,0,6,30,23,59,38,102,140,199
04/19/2014,CKB,WV,AEA,CE,Combined TRACON& Tower with Radar,0,3,3,12,18,0,0,15,0,15,0,3,18,12,33,0,0,0,33
04/20/2014,CKB,WV,AEA,CE,Combined TRACON& Tower with Radar,2,2,3,0,7,0,2,4,0,6,2,4,7,0,13,0,0,0,13
04/21/2014,CKB,WV,AEA,CE,Combined TRACON& Tower with Radar,0,6,25,27,58,0,0,11,5,16,0,6,36,32,74,10,174,184,258
04/22/2014,CKB,WV,AEA,CE,Combined TRACON& Tower with Radar,0,4,8,18,30,0,0,3,2,5,0,4,11,20,35,0,20,20,55
04/23/2014,CKB,WV,AEA,CE,Combined TRACON& Tower with Radar,3,4,21,35,63,0,0,7,0,7,3,4,28,35,70,18,82,100,170
04/24/2014,CKB,WV,AEA,CE,Combined TRACON& Tower with Radar,3,7,9,32,51,0,0,28,2,30,3,7,37,34,81,106,74,180,261
04/25/2014,CKB,WV,AEA,CE,Combined TRACON& Tower with Radar,0,5,5,24,34,0,0,0,0,0,0,5,5,24,34,0,10,10,44
04/26/2014,CKB,WV,AEA,CE,Combined TRACON& Tower with Radar,0,2,6,1,9,0,0,8,0,8,0,2,14,1,17,0,0,0,17
04/27/2014,CKB,WV,AEA,CE,Combined TRACON& Tower with Radar,2,2,10,9,23,0,0,8,3,11,2,2,18,12,34,4,0,4,38
04/28/2014,CKB,WV,AEA,CE,Combined TRACON& Tower with Radar,0,8,9,22,39,0,0,4,2,6,0,8,13,24,45,30,0,30,75
04/29/2014,CKB,WV,AEA,CE,Combined TRACON& Tower with Radar,0,5,6,32,43,0,0,0,2,2,0,5,6,34,45,0,0,0,45
04/30/2014,CKB,WV,AEA,CE,Combined TRACON& Tower with Radar,0,6,22,30,58,0,0,1,0,1,0,6,23,30,59,0,2,2,61
05/01/2014,CKB,WV,AEA,CE,Combined TRACON& Tower with Radar,4,4,20,28,56,0,0,2,2,4,4,4,22,30,60,0,20,20,80
05/02/2014,CKB,WV,AEA,CE,Combined TRACON& Tower with Radar,0,7,13,11,31,0,0,10,1,11,0,7,23,12,42,22,10,32,74
05/03/2014,CKB,WV,AEA,CE,Combined TRACON& Tower with Radar,5,2,4,0,11,0,0,4,0,4,5,2,8,0,15,0,0,0,15
05/04/2014,CKB,WV,AEA,CE,Combined TRACON& Tower with Radar,5,2,6,4,17,0,0,2,0,2,5,2,8,4,19,2,2,4,23
05/05/2014,CKB,WV,AEA,CE,Combined TRACON& Tower with Radar,0,6,12,25,43,0,0,19,3,22,0,6,31,28,65,46,50,96,161
05/06/2014,CKB,WV,AEA,CE,Combined TRACON& Tower with Radar,0,8,20,16,44,0,1,20,2,23,0,9,40,18,67,70,62,132,199
05/07/2014,CKB,WV,AEA,CE,Combined TRACON& Tower with Radar,1,8,21,10,40,0,0,10,6,16,1,8,31,16,56,53,76,129,185
05/08/2014,CKB,WV,AEA,CE,Combined TRACON& Tower with Radar,6,5,12,13,36,0,0,18,2,20,6,5,30,15,56,24,94,118,174
05/09/2014,CKB,WV,AEA,CE,Combined TRACON& Tower with Radar,0,5,15,13,33,0,0,12,3,15,0,5,27,16,48,26,60,86,134
05/10/2014,CKB,WV,AEA,CE,Combined TRACON& Tower with Radar,3,3,1,0,7,0,0,0,0,0,3,3,1,0,7,0,0,0,7
05/11/2014,CKB,WV,AEA,CE,Combined TRACON& Tower with Radar,4,2,15,0,21,0,0,16,0,16,4,2,31,0,37,26,0,26,63
05/12/2014,CKB,WV,AEA,CE,Combined TRACON& Tower with Radar,0,5,10,12,27,0,0,9,4,13,0,5,19,16,40,0,138,138,178
05/13/2014,CKB,WV,AEA,CE,Combined TRACON& Tower with Radar,0,5,12,24,41,0,0,12,1,13,0,5,24,25,54,34,46,80,134
05/14/2014,CKB,WV,AEA,CE,Combined TRACON& Tower with Radar,0,6,9,12,27,0,0,2,2,4,0,6,11,14,31,63,46,109,140
05/15/2014,CKB,WV,AEA,CE,Combined TRACON& Tower with Radar,3,12,4,13,32,0,0,0,0,0,3,12,4,13,32,0,6,6,38
05/16/2014,CKB,WV,AEA,CE,Combined TRACON& Tower with Radar,0,10,15,13,38,0,0,1,2,3,0,10,16,15,41,0,14,14,55
05/17/2014,CKB,WV,AEA,CE,Combined TRACON& Tower with Radar,3,3,4,2,12,0,0,7,0,7,3,3,11,2,19,0,0,0,19
05/18/2014,CKB,WV,AEA,CE,Combined TRACON& Tower with Radar,2,3,6,4,15,0,3,11,0,14,2,6,17,4,29,44,0,44,73
05/19/2014,CKB,WV,AEA,CE,Combined TRACON& Tower with Radar,0,6,18,17,41,0,1,13,3,17,0,7,31,20,58,22,50,72,130
05/20/2014,CKB,WV,AEA,CE,Combined TRACON& Tower with Radar,0,8,26,16,50,0,0,10,2,12,0,8,36,18,62,78,24,102,164
05/21/2014,CKB,WV,AEA,CE,Combined TRACON& Tower with Radar,0,8,19,16,43,0,0,0,1,1,0,8,19,17,44,14,26,40,84
05/22/2014,CKB,WV,AEA,CE,Combined TRACON& Tower with Radar,2,5,14,20,41,0,3,4,0,7,2,8,18,20,48,12,0,12,60
05/23/2014,CKB,WV,AEA,CE,Combined TRACON& Tower with Radar,0,8,16,6,30,0,2,7,0,9,0,10,23,6,39,0,16,16,55
05/24/2014,CKB,WV,AEA,CE,Combined TRACON& Tower with Radar,0,5,9,2,16,0,0,18,0,18,0,5,27,2,34,10,0,10,44
05/25/2014,CKB,WV,AEA,CE,Combined TRACON& Tower with Radar,4,2,7,4,17,0,0,14,0,14,4,2,21,4,31,0,0,0,31
05/26/2014,CKB,WV,AEA,CE,Combined TRACON& Tower with Radar,1,6,15,2,24,0,3,18,0,21,1,9,33,2,45,24,0,24,69
05/27/2014,CKB,WV,AEA,CE,Combined TRACON& Tower with Radar,0,7,9,10,26,0,0,9,1,10,0,7,18,11,36,12,0,12,48
05/28/2014,CKB,WV,AEA,CE,Combined TRACON& Tower with Radar,0,6,12,5,23,0,2,1,0,3,0,8,13,5,26,0,0,0,26
05/29/2014,CKB,WV,AEA,CE,Combined TRACON& Tower with Radar,7,7,7,8,29,0,0,0,0,0,7,7,7,8,29,0,0,0,29
05/30/2014,CKB,WV,AEA,CE,Combined TRACON& Tower with Radar,3,7,17,6,33,0,1,12,1,14,3,8,29,7,47,22,0,22,69
05/31/2014,CKB,WV,AEA,CE,Combined TRACON& Tower with Radar,0,6,6,1,13,0,0,13,0,13,0,6,19,1,26,0,0,0,26
06/01/2014,CKB,WV,AEA,CE,Combined TRACON& Tower with Radar,2,4,9,0,15,0,6,14,0,20,2,10,23,0,35,0,0,0,35
06/02/2014,CKB,WV,AEA,CE,Combined TRACON& Tower with Radar,0,5,10,14,29,0,0,8,1,9,0,5,18,15,38,10,82,92,130
06/03/2014,CKB,WV,AEA,CE,Combined TRACON& Tower with Radar,0,10,7,16,33,0,0,2,0,2,0,10,9,16,35,0,6,6,41
06/04/2014,CKB,WV,AEA,CE,Combined TRACON& Tower with Radar,0,4,15,13,32,0,0,0,1,1,0,4,15,14,33,22,18,40,73
06/05/2014,CKB,WV,AEA,CE,Combined TRACON& Tower with Radar,2,9,15,34,60,0,0,8,2,10,2,9,23,36,70,78,34,112,182
06/06/2014,CKB,WV,AEA,CE,Combined TRACON& Tower with Radar,0,12,8,16,36,0,0,21,4,25,0,12,29,20,61,47,50,97,158
06/07/2014,CKB,WV,AEA,CE,Combined TRACON& Tower with Radar,1,5,14,1,21,0,0,20,0,20,1,5,34,1,41,40,0,40,81
06/08/2014,CKB,WV,AEA,CE,Combined TRACON& Tower with Radar,0,4,3,0,7,0,2,2,1,5,0,6,5,1,12,0,0,0,12
06/09/2014,CKB,WV,AEA,CE,Combined TRACON& Tower with Radar,2,5,9,24,40,0,0,4,0,4,2,5,13,24,44,24,30,54,98
06/10/2014,CKB,WV,AEA,CE,Combined TRACON& Tower with Radar,1,8,14,26,49,0,1,7,0,8,1,9,21,26,57,46,86,132,189
06/11/2014,CKB,WV,AEA,CE,Combined TRACON& Tower with Radar,4,6,17,20,47,0,0,8,0,8,4,6,25,20,55,10,0,10,65
06/12/2014,CKB,WV,AEA,CE,Combined TRACON& Tower with Radar,2,8,10,22,42,0,0,2,0,2,2,8,12,22,44,0,0,0,44
06/13/2014,CKB,WV,AEA,CE,Combined TRACON& Tower with Radar,0,6,13,14,33,0,0,10,0,10,0,6,23,14,43,42,12,54,97
06/14/2014,CKB,WV,AEA,CE,Combined TRACON& Tower with Radar,3,6,10,0,19,0,4,15,0,19,3,10,25,0,38,6,2,8,46
06/15/2014,CKB,WV,AEA,CE,Combined TRACON& Tower with Radar,1,4,3,0,8,0,0,11,0,11,1,4,14,0,19,0,0,0,19
06/16/2014,CKB,WV,AEA,CE,Combined TRACON& Tower with Radar,2,7,12,20,41,0,0,15,2,17,2,7,27,22,58,14,18,32,90
06/17/2014,CKB,WV,AEA,CE,Combined TRACON& Tower with Radar,0,8,17,22,47,0,0,7,2,9,0,8,24,24,56,46,64,110,166
06/18/2014,CKB,WV,AEA,CE,Combined TRACON& Tower with Radar,0,7,9,24,40,0,0,17,4,21,0,7,26,28,61,10,26,36,97
06/19/2014,CKB,WV,AEA,CE,Combined TRACON& Tower with Radar,3,7,20,12,42,0,0,3,2,5,3,7,23,14,47,0,22,22,69
06/20/2014,CKB,WV,AEA,CE,Combined TRACON& Tower with Radar,0,8,10,20,38,0,0,6,0,6,0,8,16,20,44,14,44,58,102
06/21/2014,CKB,WV,AEA,CE,Combined TRACON& Tower with Radar,0,5,5,0,10,0,0,0,0,0,0,5,5,0,10,0,0,0,10
06/22/2014,CKB,WV,AEA,CE,Combined TRACON& Tower with Radar,2,4,14,2,22,0,0,1,0,1,2,4,15,2,23,0,0,0,23
06/23/2014,CKB,WV,AEA,CE,Combined TRACON& Tower with Radar,0,5,11,9,25,0,2,10,2,14,0,7,21,11,39,66,12,78,117
06/24/2014,CKB,WV,AEA,CE,Combined TRACON& Tower with Radar,0,4,12,11,27,0,0,12,2,14,0,4,24,13,41,4,98,102,143
06/25/2014,CKB,WV,AEA,CE,Combined TRACON& Tower with Radar,0,4,4,19,27,0,1,7,1,9,0,5,11,20,36,12,12,24,60
06/26/2014,CKB,WV,AEA,CE,Combined TRACON& Tower with Radar,2,6,13,31,52,0,0,5,2,7,2,6,18,33,59,0,44,44,103
06/27/2014,CKB,WV,AEA,CE,Combined TRACON& Tower with Radar,1,8,4,10,23,0,0,9,0,9,1,8,13,10,32,0,42,42,74
06/28/2014,CKB,WV,AEA,CE,Combined TRACON& Tower with Radar,0,6,9,2,17,0,2,4,1,7,0,8,13,3,24,0,0,0,24
06/29/2014,CKB,WV,AEA,CE,Combined TRACON& Tower with Radar,2,4,6,0,12,0,1,1,0,2,2,5,7,0,14,0,0,0,14
06/30/2014,CKB,WV,AEA,CE,Combined TRACON& Tower with Radar,0,5,11,10,26,0,0,5,1,6,0,5,16,11,32,0,26,26,58
07/01/2014,CKB,WV,AEA,CE,Combined TRACON& Tower with Radar,0,4,15,5,24,0,0,7,0,7,0,4,22,5,31,10,28,38,69
07/02/2014,CKB,WV,AEA,CE,Combined TRACON& Tower with Radar,0,11,23,4,38,0,0,11,0,11,0,11,34,4,49,6,0,6,55
07/03/2014,CKB,WV,AEA,CE,Combined TRACON& Tower with Radar,5,4,8,2,19,0,0,3,0,3,5,4,11,2,22,0,0,0,22
07/04/2014,CKB,WV,AEA,CE,Combined TRACON& Tower with Radar,0,6,6,0,12,0,0,10,0,10,0,6,16,0,22,20,0,20,42
07/05/2014,CKB,WV,AEA,CE,Combined TRACON& Tower with Radar,1,3,6,0,10,0,0,13,0,13,1,3,19,0,23,0,0,0,23
07/06/2014,CKB,WV,AEA,CE,Combined TRACON& Tower with Radar,2,2,11,0,15,0,2,6,1,9,2,4,17,1,24,50,2,52,76
07/07/2014,CKB,WV,AEA,CE,Combined TRACON& Tower with Radar,0,6,9,3,18,0,1,1,3,5,0,7,10,6,23,0,12,12,35
07/08/2014,CKB,WV,AEA,CE,Combined TRACON& Tower with Radar,0,7,2,6,15,0,0,2,0,2,0,7,4,6,17,0,24,24,41
07/09/2014,CKB,WV,AEA,CE,Combined TRACON& Tower with Radar,5,7,17,9,38,0,5,17,0,22,5,12,34,9,60,0,6,6,66
07/10/2014,CKB,WV,AEA,CE,Combined TRACON& Tower with Radar,2,14,7,16,39,0,2,16,5,23,2,16,23,21,62,57,46,103,165
07/11/2014,CKB,WV,AEA,CE,Combined TRACON& Tower with Radar,0,6,15,7,28,0,1,9,2,12,0,7,24,9,40,0,18,18,58
07/12/2014,CKB,WV,AEA,CE,Combined TRACON& Tower with Radar,1,3,2,1,7,2,0,11,0,13,3,3,13,1,20,10,0,10,30
07/13/2014,CKB,WV,AEA,CE,Combined TRACON& Tower with Radar,2,4,7,3,16,0,0,7,1,8,2,4,14,4,24,46,26,72,96
07/14/2014,CKB,WV,AEA,CE,Combined TRACON& Tower with Radar,0,5,10,10,25,0,0,4,0,4,0,5,14,10,29,10,30,40,69
07/15/2014,CKB,WV,AEA,CE,Combined TRACON& Tower with Radar,1,5,7,14,27,0,0,1,0,1,1,5,8,14,28,4,32,36,64
07/16/2014,CKB,WV,AEA,CE,Combined TRACON& Tower with Radar,0,5,12,9,26,0,2,2,3,7,0,7,14,12,33,0,4,4,37
07/17/2014,CKB,WV,AEA,CE,Combined TRACON& Tower with Radar,2,10,10,9,31,0,0,14,3,17,2,10,24,12,48,28,42,70,118
07/18/2014,CKB,WV,AEA,CE,Combined TRACON& Tower with Radar,0,7,15,11,33,0,2,8,1,11,0,9,23,12,44,50,28,78,122
07/19/2014,CKB,WV,AEA,CE,Combined TRACON& Tower with Radar,0,3,8,0,11,0,0,5,0,5,0,3,13,0,16,0,6,6,22
07/20/2014,CKB,WV,AEA,CE,Combined TRACON& Tower with Radar,3,2,9,0,14,0,0,5,0,5,3,2,14,0,19,44,0,44,63
07/21/2014,CKB,WV,AEA,CE,Combined TRACON& Tower with Radar,0,3,15,18,36,0,1,1,2,4,0,4,16,20,40,10,16,26,66
07/22/2014,CKB,WV,AEA,CE,Combined TRACON& Tower with Radar,0,4,17,14,35,0,0,4,0,4,0,4,21,14,39,8,30,38,77
07/23/2014,CKB,WV,AEA,CE,Combined TRACON& Tower with Radar,0,5,15,15,35,0,0,5,4,9,0,5,20,19,44,8,22,30,74
07/24/2014,CKB,WV,AEA,CE,Combined TRACON& Tower with Radar,3,5,9,21,38,0,0,7,0,7,3,5,16,21,45,12,4,16,61
07/25/2014,CKB,WV,AEA,CE,Combined TRACON& Tower with Radar,0,4,7,19,30,0,3,11,0,14,0,7,18,19,44,0,10,10,54
07/26/2014,CKB,WV,AEA,CE,Combined TRACON& Tower with Radar,1,2,7,0,10,0,0,15,0,15,1,2,22,0,25,0,0,0,25
07/27/2014,CKB,WV,AEA,CE,Combined TRACON& Tower with Radar,3,2,2,0,7,0,0,0,0,0,3,2,2,0,7,0,0,0,7
07/28/2014,CKB,WV,AEA,CE,Combined TRACON& Tower with Radar,0,5,11,14,30,0,0,0,0,0,0,5,11,14,30,0,0,0,30
07/29/2014,CKB,WV,AEA,CE,Combined TRACON& Tower with Radar,0,5,7,17,29,0,1,14,3,18,0,6,21,20,47,22,6,28,75
07/30/2014,CKB,WV,AEA,CE,Combined TRACON& Tower with Radar,0,4,13,19,36,0,1,5,2,8,0,5,18,21,44,6,8,14,58
07/31/2014,CKB,WV,AEA,CE,Combined TRACON& Tower with Radar,2,7,6,14,29,0,0,22,1,23,2,7,28,15,52,50,70,120,172
08/01/2014,CKB,WV,AEA,CE,Combined TRACON& Tower with Radar,0,4,5,10,19,0,0,7,0,7,0,4,12,10,26,28,26,54,80
08/02/2014,CKB,WV,AEA,CE,Combined TRACON& Tower with Radar,0,2,5,0,7,0,2,4,0,6,0,4,9,0,13,0,0,0,13
08/03/2014,CKB,WV,AEA,CE,Combined TRACON& Tower with Radar,2,3,9,0,14,0,0,9,0,9,2,3,18,0,23,44,8,52,75
08/04/2014,CKB,WV,AEA,CE,Combined TRACON& Tower with Radar,0,7,8,12,27,0,1,13,0,14,0,8,21,12,41,47,20,67,108
08/05/2014,CKB,WV,AEA,CE,Combined TRACON& Tower with Radar,2,8,8,10,28,0,0,8,7,15,2,8,16,17,43,0,26,26,69
08/06/2014,CKB,WV,AEA,CE,Combined TRACON& Tower with Radar,0,5,12,20,37,0,0,5,0,5,0,5,17,20,42,0,20,20,62
08/07/2014,CKB,WV,AEA,CE,Combined TRACON& Tower with Radar,2,8,14,17,41,0,2,9,3,14,2,10,23,20,55,0,22,22,77
08/08/2014,CKB,WV,AEA,CE,Combined TRACON& Tower with Radar,1,5,10,12,28,0,0,5,3,8,1,5,15,15,36,12,58,70,106
08/09/2014,CKB,WV,AEA,CE,Combined TRACON& Tower with Radar,0,3,3,0,6,0,0,8,0,8,0,3,11,0,14,36,0,36,50
08/10/2014,CKB,WV,AEA,CE,Combined TRACON& Tower with Radar,3,3,3,0,9,0,0,5,0,5,3,3,8,0,14,20,4,24,38
08/11/2014,CKB,WV,AEA,CE,Combined TRACON& Tower with Radar,0,7,1,12,20,0,0,0,2,2,0,7,1,14,22,0,36,36,58
08/12/2014,CKB,WV,AEA,CE,Combined TRACON& Tower with Radar,4,6,12,16,38,0,0,2,0,2,4,6,14,16,40,0,46,46,86
08/13/2014,CKB,WV,AEA,CE,Combined TRACON& Tower with Radar,0,11,10,14,35,0,2,0,0,2,0,13,10,14,37,0,0,0,37
08/14/2014,CKB,WV,AEA,CE,Combined TRACON& Tower with Radar,0,10,15,14,39,0,0,8,1,9,0,10,23,15,48,0,24,24,72
08/15/2014,CKB,WV,AEA,CE,Combined TRACON& Tower with Radar,0,4,11,12,27,0,0,11,0,11,0,4,22,12,38,14,58,72,110
08/16/2014,CKB,WV,AEA,CE,Combined TRACON& Tower with Radar,0,3,3,2,8,0,0,7,0,7,0,3,10,2,15,10,0,10,25
08/17/2014,CKB,WV,AEA,CE,Combined TRACON& Tower with Radar,0,2,10,1,13,0,2,0,0,2,0,4,10,1,15,0,0,0,15
08/18/2014,CKB,WV,AEA,CE,Combined TRACON& Tower with Radar,0,10,5,8,23,0,0,16,4,20,0,10,21,12,43,2,20,22,65
08/19/2014,CKB,WV,AEA,CE,Combined TRACON& Tower with Radar,6,4,7,11,28,0,0,7,0,7,6,4,14,11,35,2,0,2,37
08/20/2014,CKB,WV,AEA,CE,Combined TRACON& Tower with Radar,1,7,12,8,28,0,0,12,1,13,1,7,24,9,41,12,0,12,53
08/21/2014,CKB,WV,AEA,CE,Combined TRACON& Tower with Radar,0,9,7,8,24,0,0,13,0,13,0,9,20,8,37,30,20,50,87
08/22/2014,CKB,WV,AEA,CE,Combined TRACON& Tower with Radar,0,6,15,2,23,0,0,7,0,7,0,6,22,2,30,0,0,0,30
08/23/2014,CKB,WV,AEA,CE,Combined TRACON& Tower with Radar,0,2,51,0,53,0,0,55,0,55,0,2,106,0,108,166,0,166,274
08/24/2014,CKB,WV,AEA,CE,Combined TRACON& Tower with Radar,0,4,7,0,11,0,0,5,0,5,0,4,12,0,16,6,0,6,22
08/25/2014,CKB,WV,AEA,CE,Combined TRACON& Tower with Radar,0,8,12,1,21,0,0,14,0,14,0,8,26,1,35,4,20,24,59
08/26/2014,CKB,WV,AEA,CE,Combined TRACON& Tower with Radar,0,10,6,7,23,0,0,33,1,34,0,10,39,8,57,8,46,54,111
08/27/2014,CKB,WV,AEA,CE,Combined TRACON& Tower with Radar,0,9,10,9,28,0,0,38,2,40,0,9,48,11,68,22,24,46,114
08/28/2014,CKB,WV,AEA,CE,Combined TRACON& Tower with Radar,0,6,5,10,21,0,1,31,4,36,0,7,36,14,57,50,50,100,157
08/29/2014,CKB,WV,AEA,CE,Combined TRACON& Tower with Radar,2,6,16,4,28,0,0,61,0,61,2,6,77,4,89,32,24,56,145
08/30/2014,CKB,WV,AEA,CE,Combined TRACON& Tower with Radar,1,3,4,0,8,0,2,54,0,56,1,5,58,0,64,4,0,4,68
08/31/2014,CKB,WV,AEA,CE,Combined TRACON& Tower with Radar,0,5,5,0,10,0,0,1,2,3,0,5,6,2,13,0,0,0,13
09/01/2014,CKB,WV,AEA,CE,Combined TRACON& Tower with Radar,0,6,11,0,17,0,0,0,0,0,0,6,11,0,17,0,0,0,17
09/02/2014,CKB,WV,AEA,CE,Combined TRACON& Tower with Radar,2,7,10,4,23,0,0,11,1,12,2,7,21,5,35,22,38,60,95
09/03/2014,CKB,WV,AEA,CE,Combined TRACON& Tower with Radar,0,5,24,16,45,0,0,17,1,18,0,5,41,17,63,50,24,74,137
09/04/2014,CKB,WV,AEA,CE,Combined TRACON& Tower with Radar,0,8,18,12,38,0,0,19,4,23,0,8,37,16,61,50,36,86,147
09/05/2014,CKB,WV,AEA,CE,Combined TRACON& Tower with Radar,0,10,7,7,24,0,0,18,6,24,0,10,25,13,48,44,18,62,110
09/06/2014,CKB,WV,AEA,CE,Combined TRACON& Tower with Radar,0,5,3,3,11,0,0,1,1,2,0,5,4,4,13,0,0,0,13
09/07/2014,CKB,WV,AEA,CE,Combined TRACON& Tower with Radar,0,3,6,0,9,0,2,11,0,13,0,5,17,0,22,2,0,2,24
09/08/2014,CKB,WV,AEA,CE,Combined TRACON& Tower with Radar,0,7,16,6,29,0,0,20,1,21,0,7,36,7,50,20,14,34,84
09/09/2014,CKB,WV,AEA,CE,Combined TRACON& Tower with Radar,0,8,10,6,24,0,4,13,1,18,0,12,23,7,42,6,4,10,52
09/10/2014,CKB,WV,AEA,CE,Combined TRACON& Tower with Radar,1,7,17,5,30,0,1,9,0,10,1,8,26,5,40,0,10,10,50
09/11/2014,CKB,WV,AEA,CE,Combined TRACON& Tower with Radar,2,8,13,7,30,0,0,5,0,5,2,8,18,7,35,8,0,8,43
09/12/2014,CKB,WV,AEA,CE,Combined TRACON& Tower with Radar,1,6,11,14,32,0,0,11,0,11,1,6,22,14,43,40,0,40,83
09/13/2014,CKB,WV,AEA,CE,Combined TRACON& Tower with Radar,0,5,9,0,14,0,0,4,0,4,0,5,13,0,18,6,0,6,24
09/14/2014,CKB,WV,AEA,CE,Combined TRACON& Tower with Radar,0,3,12,0,15,0,0,11,0,11,0,3,23,0,26,0,0,0,26
09/15/2014,CKB,WV,AEA,CE,Combined TRACON& Tower with Radar,1,6,12,3,22,0,0,18,0,18,1,6,30,3,40,14,20,34,74
09/16/2014,CKB,WV,AEA,CE,Combined TRACON& Tower with Radar,0,9,17,8,34,0,0,22,0,22,0,9,39,8,56,58,2,60,116
09/17/2014,CKB,WV,AEA,CE,Combined TRACON& Tower with Radar,0,4,24,8,36,0,0,23,4,27,0,4,47,12,63,70,50,120,183
09/18/2014,CKB,WV,AEA,CE,Combined TRACON& Tower with Radar,0,10,18,7,35,0,1,18,1,20,0,11,36,8,55,23,43,66,121
09/19/2014,CKB,WV,AEA,CE,Combined TRACON& Tower with Radar,9,7,15,12,43,0,1,27,5,33,9,8,42,17,76,20,43,63,139
09/20/2014,CKB,WV,AEA,CE,Combined TRACON& Tower with Radar,1,5,4,0,10,0,1,7,0,8,1,6,11,0,18,8,0,8,26
09/21/2014,CKB,WV,AEA,CE,Combined TRACON& Tower with Radar,6,2,9,0,17,0,0,3,0,3,6,2,12,0,20,0,0,0,20
09/22/2014,CKB,WV,AEA,CE,Combined TRACON& Tower with Radar,0,6,17,14,37,0,0,9,0,9,0,6,26,14,46,34,42,76,122
09/23/2014,CKB,WV,AEA,CE,Combined TRACON& Tower with Radar,0,4,10,9,23,0,0,18,1,19,0,4,28,10,42,54,22,76,118
09/24/2014,CKB,WV,AEA,CE,Combined TRACON& Tower with Radar,0,8,20,7,35,0,2,14,5,21,0,10,34,12,56,24,32,56,112
09/25/2014,CKB,WV,AEA,CE,Combined TRACON& Tower with Radar,0,4,25,7,36,0,1,20,2,23,0,5,45,9,59,36,58,94,153
09/26/2014,CKB,WV,AEA,CE,Combined TRACON& Tower with Radar,1,7,17,2,27,0,0,16,0,16,1,7,33,2,43,2,12,14,57
09/27/2014,CKB,WV,AEA,CE,Combined TRACON& Tower with Radar,2,4,15,0,21,0,0,22,1,23,2,4,37,1,44,0,0,0,44
09/28/2014,CKB,WV,AEA,CE,Combined TRACON& Tower with Radar,0,5,10,0,15,0,0,15,0,15,0,5,25,0,30,44,0,44,74
09/29/2014,CKB,WV,AEA,CE,Combined TRACON& Tower with Radar,0,4,12,8,24,0,1,15,0,16,0,5,27,8,40,0,0,0,40
09/30/2014,CKB,WV,AEA,CE,Combined TRACON& Tower with Radar,0,4,10,4,18,0,0,7,1,8,0,4,17,5,26,12,0,12,38
10/01/2014,CKB,WV,AEA,CE,Combined TRACON& Tower with Radar,0,12,9,12,33,0,0,3,0,3,0,12,12,12,36,4,18,22,58
10/02/2014,CKB,WV,AEA,CE,Combined TRACON& Tower with Radar,3,5,14,7,29,0,0,14,0,14,3,5,28,7,43,59,40,99,142
10/03/2014,CKB,WV,AEA,CE,Combined TRACON& Tower with Radar,1,4,15,2,22,0,0,2,0,2,1,4,17,2,24,0,2,2,26
10/04/2014,CKB,WV,AEA,CE,Combined TRACON& Tower with Radar,2,2,2,2,8,0,0,0,0,0,2,2,2,2,8,0,0,0,8
10/05/2014,CKB,WV,AEA,CE,Combined TRACON& Tower with Radar,6,5,12,0,23,0,0,11,0,11,6,5,23,0,34,16,0,16,50
10/06/2014,CKB,WV,AEA,CE,Combined TRACON& Tower with Radar,4,6,13,8,31,0,2,11,4,17,4,8,24,12,48,40,12,52,100
10/07/2014,CKB,WV,AEA,CE,Combined TRACON& Tower with Radar,0,8,5,7,20,0,0,5,0,5,0,8,10,7,25,0,0,0,25
10/08/2014,CKB,WV,AEA,CE,Combined TRACON& Tower with Radar,0,5,11,6,22,0,1,10,0,11,0,6,21,6,33,38,22,60,93
10/09/2014,CKB,WV,AEA,CE,Combined TRACON& Tower with Radar,2,10,11,5,28,0,0,11,0,11,2,10,22,5,39,14,0,14,53
10/10/2014,CKB,WV,AEA,CE,Combined TRACON& Tower with Radar,3,6,10,2,21,0,0,1,0,1,3,6,11,2,22,0,0,0,22
10/11/2014,CKB,WV,AEA,CE,Combined TRACON& Tower with Radar,2,6,8,0,16,0,0,0,0,0,2,6,8,0,16,0,0,0,16
10/12/2014,CKB,WV,AEA,CE,Combined TRACON& Tower with Radar,2,3,8,0,13,0,1,7,0,8,2,4,15,0,21,0,0,0,21
10/13/2014,CKB,WV,AEA,CE,Combined TRACON& Tower with Radar,0,6,16,0,22,0,0,11,0,11,0,6,27,0,33,48,0,48,81
10/14/2014,CKB,WV,AEA,CE,Combined TRACON& Tower with Radar,0,9,4,8,21,0,0,2,0,2,0,9,6,8,23,6,2,8,31
10/15/2014,CKB,WV,AEA,CE,Combined TRACON& Tower with Radar,2,13,10,6,31,0,0,4,0,4,2,13,14,6,35,4,0,4,39
10/16/2014,CKB,WV,AEA,CE,Combined TRACON& Tower with Radar,3,5,9,11,28,0,0,0,0,0,3,5,9,11,28,0,0,0,28
10/17/2014,CKB,WV,AEA,CE,Combined TRACON& Tower with Radar,3,6,28,9,46,0,0,6,4,10,3,6,34,13,56,0,16,16,72
10/18/2014,CKB,WV,AEA,CE,Combined TRACON& Tower with Radar,2,5,5,0,12,0,0,0,0,0,2,5,5,0,12,2,0,2,14
10/19/2014,CKB,WV,AEA,CE,Combined TRACON& Tower with Radar,3,5,14,0,22,0,0,22,0,22,3,5,36,0,44,38,0,38,82
10/20/2014,CKB,WV,AEA,CE,Combined TRACON& Tower with Radar,0,4,16,6,26,0,0,15,4,19,0,4,31,10,45,18,20,38,83
10/21/2014,CKB,WV,AEA,CE,Combined TRACON& Tower with Radar,0,4,4,10,18,0,0,0,0,0,0,4,4,10,18,0,0,0,18
10/22/2014,CKB,WV,AEA,CE,Combined TRACON& Tower with Radar,0,8,23,12,43,0,0,0,2,2,0,8,23,14,45,0,0,0,45
10/23/2014,CKB,WV,AEA,CE,Combined TRACON& Tower with Radar,6,4,8,14,32,0,0,7,0,7,6,4,15,14,39,10,20,30,69
10/24/2014,CKB,WV,AEA,CE,Combined TRACON& Tower with Radar,2,4,23,6,35,0,0,18,0,18,2,4,41,6,53,32,66,98,151
10/25/2014,CKB,WV,AEA,CE,Combined TRACON& Tower with Radar,1,2,12,2,17,0,1,10,0,11,1,3,22,2,28,6,0,6,34
10/26/2014,CKB,WV,AEA,CE,Combined TRACON& Tower with Radar,2,2,6,0,10,0,0,22,0,22,2,2,28,0,32,58,0,58,90
10/27/2014,CKB,WV,AEA,CE,Combined TRACON& Tower with Radar,1,7,13,13,34,0,0,12,0,12,1,7,25,13,46,0,54,54,100
10/28/2014,CKB,WV,AEA,CE,Combined TRACON& Tower with Radar,4,6,3,23,36,0,0,1,3,4,4,6,4,26,40,0,92,92,132
10/29/2014,CKB,WV,AEA,CE,Combined TRACON& Tower with Radar,0,5,13,17,35,0,0,3,3,6,0,5,16,20,41,26,70,96,137
10/30/2014,CKB,WV,AEA,CE,Combined TRACON& Tower with Radar,6,5,13,6,30,0,1,11,0,12,6,6,24,6,42,10,238,248,290
10/31/2014,CKB,WV,AEA,CE,Combined TRACON& Tower with Radar,4,9,8,16,37,0,0,0,0,0,4,9,8,16,37,16,84,100,137
11/01/2014,CKB,WV,AEA,CE,Combined TRACON& Tower with Radar,2,6,5,0,13,0,0,0,0,0,2,6,5,0,13,0,0,0,13
11/02/2014,CKB,WV,AEA,CE,Combined TRACON& Tower with Radar,2,6,10,2,20,0,0,6,0,6,2,6,16,2,26,0,0,0,26
11/03/2014,CKB,WV,AEA,CE,Combined TRACON& Tower with Radar,1,6,18,16,41,0,0,8,3,11,1,6,26,19,52,26,86,112,164
11/04/2014,CKB,WV,AEA,CE,Combined TRACON& Tower with Radar,0,7,7,22,36,0,0,12,2,14,0,7,19,24,50,14,118,132,182
11/05/2014,CKB,WV,AEA,CE,Combined TRACON& Tower with Radar,0,5,5,26,36,0,2,2,0,4,0,7,7,26,40,16,14,30,70
11/06/2014,CKB,WV,AEA,CE,Combined TRACON& Tower with Radar,2,7,5,11,25,0,0,1,1,2,2,7,6,12,27,0,50,50,77
11/07/2014,CKB,WV,AEA,CE,Combined TRACON& Tower with Radar,4,4,6,15,29,0,0,3,2,5,4,4,9,17,34,0,16,16,50
11/08/2014,CKB,WV,AEA,CE,Combined TRACON& Tower with Radar,2,2,11,3,18,1,0,3,3,7,3,2,14,6,25,0,0,0,25
11/09/2014,CKB,WV,AEA,CE,Combined TRACON& Tower with Radar,3,6,11,0,20,0,2,8,2,12,3,8,19,2,32,16,0,16,48
11/10/2014,CKB,WV,AEA,CE,Combined TRACON& Tower with Radar,0,6,13,12,31,0,0,18,2,20,0,6,31,14,51,16,50,66,117
11/11/2014,CKB,WV,AEA,CE,Combined TRACON& Tower with Radar,1,9,9,4,23,0,0,27,1,28,1,9,36,5,51,50,2,52,103
11/12/2014,CKB,WV,AEA,CE,Combined TRACON& Tower with Radar,2,5,11,12,30,0,0,4,0,4,2,5,15,12,34,66,8,74,108
11/13/2014,CKB,WV,AEA,CE,Combined TRACON& Tower with Radar,2,5,10,16,33,0,0,2,0,2,2,5,12,16,35,28,0,28,63
11/14/2014,CKB,WV,AEA,CE,Combined TRACON& Tower with Radar,4,6,5,13,28,0,0,14,0,14,4,6,19,13,42,14,32,46,88
11/15/2014,CKB,WV,AEA,CE,Combined TRACON& Tower with Radar,1,5,9,2,17,0,1,46,0,47,1,6,55,2,64,0,0,0,64
11/16/2014,CKB,WV,AEA,CE,Combined TRACON& Tower with Radar,2,5,5,1,13,0,0,2,0,2,2,5,7,1,15,0,0,0,15
11/17/2014,CKB,WV,AEA,CE,Combined TRACON& Tower with Radar,3,3,8,2,16,0,0,0,0,0,3,3,8,2,16,0,0,0,16
11/18/2014,CKB,WV,AEA,CE,Combined TRACON& Tower with Radar,1,5,7,5,18,0,0,0,0,0,1,5,7,5,18,4,0,4,22
11/19/2014,CKB,WV,AEA,CE,Combined TRACON& Tower with Radar,2,9,10,7,28,0,0,6,0,6,2,9,16,7,34,1,0,1,35
11/20/2014,CKB,WV,AEA,CE,Combined TRACON& Tower with Radar,4,7,7,2,20,0,3,1,0,4,4,10,8,2,24,0,4,4,28
11/21/2014,CKB,WV,AEA,CE,Combined TRACON& Tower with Radar,0,5,15,8,28,0,2,12,1,15,0,7,27,9,43,10,18,28,71
11/22/2014,CKB,WV,AEA,CE,Combined TRACON& Tower with Radar,7,7,3,3,20,0,0,4,0,4,7,7,7,3,24,16,0,16,40
11/23/2014,CKB,WV,AEA,CE,Combined TRACON& Tower with Radar,2,3,7,0,12,0,2,11,0,13,2,5,18,0,25,0,0,0,25
11/24/2014,CKB,WV,AEA,CE,Combined TRACON& Tower with Radar,2,4,7,0,13,0,0,0,0,0,2,4,7,0,13,0,0,0,13
11/25/2014,CKB,WV,AEA,CE,Combined TRACON& Tower with Radar,3,10,9,6,28,0,3,8,0,11,3,13,17,6,39,22,0,22,61
11/26/2014,CKB,WV,AEA,CE,Combined TRACON& Tower with Radar,3,0,0,9,12,0,0,0,0,0,3,0,0,9,12,0,0,0,12
11/27/2014,CKB,WV,AEA,CE,Combined TRACON& Tower with Radar,4,5,1,0,10,0,0,0,0,0,4,5,1,0,10,0,0,0,10
11/28/2014,CKB,WV,AEA,CE,Combined TRACON& Tower with Radar,2,5,3,0,10,0,0,1,0,1,2,5,4,0,11,0,0,0,11
11/29/2014,CKB,WV,AEA,CE,Combined TRACON& Tower with Radar,2,6,4,0,12,0,0,10,0,10,2,6,14,0,22,4,0,4,26
11/30/2014,CKB,WV,AEA,CE,Combined TRACON& Tower with Radar,2,2,6,0,10,0,1,5,0,6,2,3,11,0,16,0,0,0,16
12/01/2014,CKB,WV,AEA,CE,Combined TRACON& Tower with Radar,1,9,5,6,21,0,0,1,0,1,1,9,6,6,22,4,0,4,26
12/02/2014,CKB,WV,AEA,CE,Combined TRACON& Tower with Radar,0,4,2,6,12,0,0,2,0,2,0,4,4,6,14,0,38,38,52
12/03/2014,CKB,WV,AEA,CE,Combined TRACON& Tower with Radar,0,9,17,4,30,0,0,2,0,2,0,9,19,4,32,0,0,0,32
12/04/2014,CKB,WV,AEA,CE,Combined TRACON& Tower with Radar,3,9,16,4,32,0,0,13,0,13,3,9,29,4,45,28,0,28,73
12/05/2014,CKB,WV,AEA,CE,Combined TRACON& Tower with Radar,0,8,10,0,18,0,0,2,0,2,0,8,12,0,20,0,0,0,20
12/06/2014,CKB,WV,AEA,CE,Combined TRACON& Tower with Radar,3,7,4,0,14,0,0,0,0,0,3,7,4,0,14,0,0,0,14
12/07/2014,CKB,WV,AEA,CE,Combined TRACON& Tower with Radar,3,3,13,0,19,0,0,11,0,11,3,3,24,0,30,10,0,10,40
12/08/2014,CKB,WV,AEA,CE,Combined TRACON& Tower with Radar,0,5,13,9,27,0,2,8,0,10,0,7,21,9,37,0,0,0,37
12/09/2014,CKB,WV,AEA,CE,Combined TRACON& Tower with Radar,0,8,5,7,20,0,0,5,0,5,0,8,10,7,25,62,10,72,97
12/10/2014,CKB,WV,AEA,CE,Combined TRACON& Tower with Radar,1,6,9,0,16,0,0,0,0,0,1,6,9,0,16,0,0,0,16
12/11/2014,CKB,WV,AEA,CE,Combined TRACON& Tower with Radar,3,5,5,3,16,0,0,3,0,3,3,5,8,3,19,0,0,0,19
12/12/2014,CKB,WV,AEA,CE,Combined TRACON& Tower with Radar,4,5,13,3,25,0,0,14,2,16,4,5,27,5,41,26,4,30,71
12/13/2014,CKB,WV,AEA,CE,Combined TRACON& Tower with Radar,0,4,1,0,5,0,0,1,0,1,0,4,2,0,6,0,0,0,6
12/14/2014,CKB,WV,AEA,CE,Combined TRACON& Tower with Radar,2,2,5,0,9,0,0,0,0,0,2,2,5,0,9,0,0,0,9
12/15/2014,CKB,WV,AEA,CE,Combined TRACON& Tower with Radar,1,5,8,8,22,0,0,4,0,4,1,5,12,8,26,20,10,30,56
12/16/2014,CKB,WV,AEA,CE,Combined TRACON& Tower with Radar,4,6,8,2,20,0,0,0,0,0,4,6,8,2,20,0,0,0,20
12/17/2014,CKB,WV,AEA,CE,Combined TRACON& Tower with Radar,0,11,15,2,28,0,0,2,0,2,0,11,17,2,30,0,0,0,30
12/18/2014,CKB,WV,AEA,CE,Combined TRACON& Tower with Radar,4,7,6,3,20,0,0,2,0,2,4,7,8,3,22,12,14,26,48
12/19/2014,CKB,WV,AEA,CE,Combined TRACON& Tower with Radar,1,5,14,3,23,0,0,2,0,2,1,5,16,3,25,8,0,8,33
12/20/2014,CKB,WV,AEA,CE,Combined TRACON& Tower with Radar,2,2,9,0,13,0,0,6,0,6,2,2,15,0,19,0,0,0,19
12/21/2014,CKB,WV,AEA,CE,Combined TRACON& Tower with Radar,3,3,6,0,12,0,1,8,0,9,3,4,14,0,21,8,0,8,29
12/22/2014,CKB,WV,AEA,CE,Combined TRACON& Tower with Radar,1,5,15,4,25,0,0,3,0,3,1,5,18,4,28,0,18,18,46
12/23/2014,CKB,WV,AEA,CE,Combined TRACON& Tower with Radar,1,5,5,8,19,0,0,8,2,10,1,5,13,10,29,14,0,14,43
12/24/2014,CKB,WV,AEA,CE,Combined TRACON& Tower with Radar,2,5,0,0,7,0,0,0,0,0,2,5,0,0,7,0,0,0,7
12/25/2014,CKB,WV,AEA,CE,Combined TRACON& Tower with Radar,0,4,1,0,5,0,0,1,0,1,0,4,2,0,6,0,0,0,6
12/26/2014,CKB,WV,AEA,CE,Combined TRACON& Tower with Radar,0,5,14,0,19,0,0,9,0,9,0,5,23,0,28,0,0,0,28
12/27/2014,CKB,WV,AEA,CE,Combined TRACON& Tower with Radar,0,5,5,0,10,0,2,17,0,19,0,7,22,0,29,26,0,26,55
12/28/2014,CKB,WV,AEA,CE,Combined TRACON& Tower with Radar,2,3,3,0,8,0,0,0,0,0,2,3,3,0,8,0,0,0,8
12/29/2014,CKB,WV,AEA,CE,Combined TRACON& Tower with Radar,0,5,0,2,7,0,0,0,0,0,0,5,0,2,7,0,0,0,7
12/30/2014,CKB,WV,AEA,CE,Combined TRACON& Tower with Radar,2,6,11,2,21,0,0,7,0,7,2,6,18,2,28,80,4,84,112
12/31/2014,CKB,WV,AEA,CE,Combined TRACON& Tower with Radar,0,6,1,0,7,0,0,6,0,6,0,6,7,0,13,16,0,16,29
01/01/2015,CKB,WV,AEA,CE,Combined TRACON& Tower with Radar,2,9,4,0,15,0,3,2,0,5,2,12,6,0,20,0,0,0,20
01/02/2015,CKB,WV,AEA,CE,Combined TRACON& Tower with Radar,2,7,6,0,15,0,0,6,2,8,2,7,12,2,23,10,0,10,33
01/03/2015,CKB,WV,AEA,CE,Combined TRACON& Tower with Radar,2,5,0,0,7,0,0,0,0,0,2,5,0,0,7,0,0,0,7
01/04/2015,CKB,WV,AEA,CE,Combined TRACON& Tower with Radar,0,2,5,2,9,0,2,0,0,2,0,4,5,2,11,0,0,0,11
01/05/2015,CKB,WV,AEA,CE,Combined TRACON& Tower with Radar,0,11,7,8,26,0,0,1,1,2,0,11,8,9,28,0,6,6,34
01/06/2015,CKB,WV,AEA,CE,Combined TRACON& Tower with Radar,1,6,8,1,16,0,0,0,0,0,1,6,8,1,16,0,0,0,16
01/07/2015,CKB,WV,AEA,CE,Combined TRACON& Tower with Radar,0,5,8,0,13,0,0,0,0,0,0,5,8,0,13,0,0,0,13
01/08/2015,CKB,WV,AEA,CE,Combined TRACON& Tower with Radar,6,8,9,1,24,0,0,1,3,4,6,8,10,4,28,0,0,0,28
01/09/2015,CKB,WV,AEA,CE,Combined TRACON& Tower with Radar,6,10,3,3,22,0,0,0,2,2,6,10,3,5,24,0,0,0,24
01/10/2015,CKB,WV,AEA,CE,Combined TRACON& Tower with Radar,2,3,4,0,9,0,0,7,1,8,2,3,11,1,17,10,0,10,27
01/11/2015,CKB,WV,AEA,CE,Combined TRACON& Tower with Radar,2,4,4,2,12,0,0,3,0,3,2,4,7,2,15,0,0,0,15
01/12/2015,CKB,WV,AEA,CE,Combined TRACON& Tower with Radar,0,2,0,0,2,0,0,0,0,0,0,2,0,0,2,0,0,0,2
01/13/2015,CKB,WV,AEA,CE,Combined TRACON& Tower with Radar,3,9,4,13,29,0,0,5,4,9,3,9,9,17,38,0,22,22,60
01/14/2015,CKB,WV,AEA,CE,Combined TRACON& Tower with Radar,0,9,2,8,19,0,0,0,0,0,0,9,2,8,19,0,0,0,19
01/15/2015,CKB,WV,AEA,CE,Combined TRACON& Tower with Radar,5,7,5,10,27,0,0,6,0,6,5,7,11,10,33,0,12,12,45
01/16/2015,CKB,WV,AEA,CE,Combined TRACON& Tower with Radar,2,7,5,6,20,0,0,0,0,0,2,7,5,6,20,0,0,0,20
01/17/2015,CKB,WV,AEA,CE,Combined TRACON& Tower with Radar,0,5,3,0,8,0,0,11,0,11,0,5,14,0,19,90,0,90,109
01/18/2015,CKB,WV,AEA,CE,Combined TRACON& Tower with Radar,2,2,2,1,7,0,0,0,0,0,2,2,2,1,7,40,0,40,47
01/19/2015,CKB,WV,AEA,CE,Combined TRACON& Tower with Radar,0,7,13,0,20,0,0,14,0,14,0,7,27,0,34,6,0,6,40
01/20/2015,CKB,WV,AEA,CE,Combined TRACON& Tower with Radar,1,10,5,6,22,0,0,10,0,10,1,10,15,6,32,12,0,12,44
01/21/2015,CKB,WV,AEA,CE,Combined TRACON& Tower with Radar,0,15,7,19,41,0,0,0,0,0,0,15,7,19,41,20,28,48,89
01/22/2015,CKB,WV,AEA,CE,Combined TRACON& Tower with Radar,2,5,7,6,20,0,1,5,0,6,2,6,12,6,26,0,0,0,26
01/23/2015,CKB,WV,AEA,CE,Combined TRACON& Tower with Radar,0,10,13,4,27,0,1,10,0,11,0,11,23,4,38,46,20,66,104
01/24/2015,CKB,WV,AEA,CE,Combined TRACON& Tower with Radar,0,4,2,2,8,0,0,2,0,2,0,4,4,2,10,0,0,0,10
01/25/2015,CKB,WV,AEA,CE,Combined TRACON& Tower with Radar,2,7,4,0,13,0,0,1,0,1,2,7,5,0,14,0,0,0,14
01/26/2015,CKB,WV,AEA,CE,Combined TRACON& Tower with Radar,0,1,5,5,11,0,0,0,0,0,0,1,5,5,11,0,0,0,11
01/27/2015,CKB,WV,AEA,CE,Combined TRACON& Tower with Radar,2,8,3,5,18,0,0,0,0,0,2,8,3,5,18,0,0,0,18
01/28/2015,CKB,WV,AEA,CE,Combined TRACON& Tower with Radar,1,6,14,18,39,0,0,1,2,3,1,6,15,20,42,0,6,6,48
01/29/2015,CKB,WV,AEA,CE,Combined TRACON& Tower with Radar,2,6,3,13,24,0,0,1,0,1,2,6,4,13,25,0,14,14,39
01/30/2015,CKB,WV,AEA,CE,Combined TRACON& Tower with Radar,2,7,1,7,17,0,0,0,0,0,2,7,1,7,17,0,0,0,17
01/31/2015,CKB,WV,AEA,CE,Combined TRACON& Tower with Radar,2,7,4,0,13,0,0,10,0,10,2,7,14,0,23,16,0,16,39
02/01/2015,CKB,WV,AEA,CE,Combined TRACON& Tower with Radar,5,4,4,0,13,0,0,3,0,3,5,4,7,0,16,0,0,0,16
02/02/2015,CKB,WV,AEA,CE,Combined TRACON& Tower with Radar,2,5,8,1,16,0,0,0,0,0,2,5,8,1,16,0,0,0,16
02/03/2015,CKB,WV,AEA,CE,Combined TRACON& Tower with Radar,1,12,19,6,38,0,1,8,2,11,1,13,27,8,49,14,24,38,87
02/04/2015,CKB,WV,AEA,CE,Combined TRACON& Tower with Radar,0,8,4,30,42,0,0,2,0,2,0,8,6,30,44,32,42,74,118
02/05/2015,CKB,WV,AEA,CE,Combined TRACON& Tower with Radar,2,6,10,6,24,0,0,1,1,2,2,6,11,7,26,2,18,20,46
02/06/2015,CKB,WV,AEA,CE,Combined TRACON& Tower with Radar,5,7,3,6,21,0,0,10,0,10,5,7,13,6,31,22,28,50,81
02/07/2015,CKB,WV,AEA,CE,Combined TRACON& Tower with Radar,2,6,2,5,15,0,0,4,1,5,2,6,6,6,20,10,8,18,38
02/08/2015,CKB,WV,AEA,CE,Combined TRACON& Tower with Radar,2,3,10,2,17,0,0,4,0,4,2,3,14,2,21,16,0,16,37
02/09/2015,CKB,WV,AEA,CE,Combined TRACON& Tower with Radar,1,6,10,3,20,0,0,0,0,0,1,6,10,3,20,0,0,0,20
02/10/2015,CKB,WV,AEA,CE,Combined TRACON& Tower with Radar,0,9,9,7,25,0,0,0,0,0,0,9,9,7,25,0,0,0,25
02/11/2015,CKB,WV,AEA,CE,Combined TRACON& Tower with Radar,2,8,9,9,28,0,0,7,0,7,2,8,16,9,35,70,0,70,105
02/12/2015,CKB,WV,AEA,CE,Combined TRACON& Tower with Radar,6,1,2,6,15,0,0,0,0,0,6,1,2,6,15,0,0,0,15
02/13/2015,CKB,WV,AEA,CE,Combined TRACON& Tower with Radar,4,6,5,4,19,0,0,7,0,7,4,6,12,4,26,2,0,2,28
02/14/2015,CKB,WV,AEA,CE,Combined TRACON& Tower with Radar,3,3,3,0,9,0,0,0,0,0,3,3,3,0,9,0,0,0,9
02/15/2015,CKB,WV,AEA,CE,Combined TRACON& Tower with Radar,4,0,5,2,11,0,0,3,0,3,4,0,8,2,14,0,0,0,14
02/16/2015,CKB,WV,AEA,CE,Combined TRACON& Tower with Radar,1,2,1,0,4,0,0,0,0,0,1,2,1,0,4,0,0,0,4
02/17/2015,CKB,WV,AEA,CE,Combined TRACON& Tower with Radar,4,8,0,0,12,0,0,2,0,2,4,8,2,0,14,0,28,28,42
02/18/2015,CKB,WV,AEA,CE,Combined TRACON& Tower with Radar,0,4,2,6,12,0,0,2,0,2,0,4,4,6,14,0,34,34,48
02/19/2015,CKB,WV,AEA,CE,Combined TRACON& Tower with Radar,3,8,1,18,30,0,0,1,0,1,3,8,2,18,31,0,10,10,41
02/20/2015,CKB,WV,AEA,CE,Combined TRACON& Tower with Radar,3,9,4,11,27,0,1,6,5,12,3,10,10,16,39,2,98,100,139
02/21/2015,CKB,WV,AEA,CE,Combined TRACON& Tower with Radar,3,0,0,0,3,0,0,0,0,0,3,0,0,0,3,0,0,0,3
02/22/2015,CKB,WV,AEA,CE,Combined TRACON& Tower with Radar,2,6,3,1,12,0,1,0,0,1,2,7,3,1,13,0,0,0,13
02/23/2015,CKB,WV,AEA,CE,Combined TRACON& Tower with Radar,3,7,8,12,30,0,1,1,2,4,3,8,9,14,34,0,22,22,56
02/24/2015,CKB,WV,AEA,CE,Combined TRACON& Tower with Radar,0,8,3,13,24,0,3,6,4,13,0,11,9,17,37,6,76,82,119
02/25/2015,CKB,WV,AEA,CE,Combined TRACON& Tower with Radar,1,7,11,15,34,0,2,6,3,11,1,9,17,18,45,12,36,48,93
02/26/2015,CKB,WV,AEA,CE,Combined TRACON& Tower with Radar,2,4,4,13,23,0,0,2,0,2,2,4,6,13,25,0,44,44,69
02/27/2015,CKB,WV,AEA,CE,Combined TRACON& Tower with Radar,4,7,10,11,32,0,0,1,0,1,4,7,11,11,33,2,16,18,51
02/28/2015,CKB,WV,AEA,CE,Combined TRACON& Tower with Radar,0,9,2,6,17,0,0,3,0,3,0,9,5,6,20,26,0,26,46
03/01/2015,CKB,WV,AEA,CE,Combined TRACON& Tower with Radar,4,5,9,2,20,0,0,0,0,0,4,5,9,2,20,0,0,0,20
03/02/2015,CKB,WV,AEA,CE,Combined TRACON& Tower with Radar,3,5,1,15,24,0,0,0,1,1,3,5,1,16,25,0,12,12,37
03/03/2015,CKB,WV,AEA,CE,Combined TRACON& Tower with Radar,0,4,2,9,15,0,0,3,0,3,0,4,5,9,18,0,0,0,18
03/04/2015,CKB,WV,AEA,CE,Combined TRACON& Tower with Radar,1,4,13,1,19,0,0,0,0,0,1,4,13,1,19,0,0,0,19
03/05/2015,CKB,WV,AEA,CE,Combined TRACON& Tower with Radar,3,1,1,0,5,0,0,0,0,0,3,1,1,0,5,0,0,0,5
03/06/2015,CKB,WV,AEA,CE,Combined TRACON& Tower with Radar,0,6,10,19,35,0,2,4,2,8,0,8,14,21,43,0,0,0,43
03/07/2015,CKB,WV,AEA,CE,Combined TRACON& Tower with Radar,0,9,8,0,17,0,0,6,2,8,0,9,14,2,25,0,0,0,25
03/08/2015,CKB,WV,AEA,CE,Combined TRACON& Tower with Radar,4,7,12,2,25,0,0,7,0,7,4,7,19,2,32,23,0,23,55
03/09/2015,CKB,WV,AEA,CE,Combined TRACON& Tower with Radar,2,7,4,13,26,0,0,7,1,8,2,7,11,14,34,0,26,26,60
03/10/2015,CKB,WV,AEA,CE,Combined TRACON& Tower with Radar,3,7,6,4,20,0,0,2,0,2,3,7,8,4,22,0,5,5,27
03/11/2015,CKB,WV,AEA,CE,Combined TRACON& Tower with Radar,2,10,15,13,40,0,2,18,4,24,2,12,33,17,64,40,40,80,144
03/12/2015,CKB,WV,AEA,CE,Combined TRACON& Tower with Radar,3,5,8,13,29,0,0,15,4,19,3,5,23,17,48,24,24,48,96
03/13/2015,CKB,WV,AEA,CE,Combined TRACON& Tower with Radar,4,12,6,12,34,0,2,6,0,8,4,14,12,12,42,2,50,52,94
03/14/2015,CKB,WV,AEA,CE,Combined TRACON& Tower with Radar,1,3,8,0,12,0,0,0,0,0,1,3,8,0,12,0,0,0,12
03/15/2015,CKB,WV,AEA,CE,Combined TRACON& Tower with Radar,2,3,15,1,21,0,0,3,0,3,2,3,18,1,24,10,0,10,34
03/16/2015,CKB,WV,AEA,CE,Combined TRACON& Tower with Radar,1,6,9,9,25,0,0,11,1,12,1,6,20,10,37,4,38,42,79
03/17/2015,CKB,WV,AEA,CE,Combined TRACON& Tower with Radar,0,8,6,11,25,0,4,5,2,11,0,12,11,13,36,0,14,14,50
03/18/2015,CKB,WV,AEA,CE,Combined TRACON& Tower with Radar,0,4,6,14,24,0,0,11,5,16,0,4,17,19,40,88,56,144,184
03/19/2015,CKB,WV,AEA,CE,Combined TRACON& Tower with Radar,2,7,16,25,50,0,0,14,5,19,2,7,30,30,69,4,38,42,111
03/20/2015,CKB,WV,AEA,CE,Combined TRACON& Tower with Radar,0,1,9,0,10,0,0,0,0,0,0,1,9,0,10,0,0,0,10
03/21/2015,CKB,WV,AEA,CE,Combined TRACON& Tower with Radar,0,4,8,0,12,0,0,5,0,5,0,4,13,0,17,0,0,0,17
03/22/2015,CKB,WV,AEA,CE,Combined TRACON& Tower with Radar,2,8,14,1,25,0,2,10,0,12,2,10,24,1,37,22,0,22,59
03/23/2015,CKB,WV,AEA,CE,Combined TRACON& Tower with Radar,0,8,12,19,39,0,0,6,4,10,0,8,18,23,49,4,0,4,53
03/24/2015,CKB,WV,AEA,CE,Combined TRACON& Tower with Radar,2,10,11,25,48,1,0,8,3,12,3,10,19,28,60,0,6,6,66
03/25/2015,CKB,WV,AEA,CE,Combined TRACON& Tower with Radar,1,8,8,26,43,0,0,8,0,8,1,8,16,26,51,0,22,22,73
03/26/2015,CKB,WV,AEA,CE,Combined TRACON& Tower with Radar,2,7,16,14,39,0,0,6,3,9,2,7,22,17,48,2,40,42,90
03/27/2015,CKB,WV,AEA,CE,Combined TRACON& Tower with Radar,0,5,7,10,22,0,0,3,0,3,0,5,10,10,25,0,4,4,29
03/28/2015,CKB,WV,AEA,CE,Combined TRACON& Tower with Radar,0,6,12,8,26,0,2,7,0,9,0,8,19,8,35,0,0,0,35
03/29/2015,CKB,WV,AEA,CE,Combined TRACON& Tower with Radar,2,2,23,0,27,0,2,18,0,20,2,4,41,0,47,42,0,42,89
03/30/2015,CKB,WV,AEA,CE,Combined TRACON& Tower with Radar,0,2,26,11,39,0,0,6,3,9,0,2,32,14,48,12,16,28,76
03/31/2015,CKB,WV,AEA,CE,Combined TRACON& Tower with Radar,2,5,7,15,29,0,0,3,4,7,2,5,10,19,36,0,48,48,84
04/01/2015,CKB,WV,AEA,CE,Combined TRACON& Tower with Radar,0,9,26,18,53,0,2,28,4,34,0,11,54,22,87,32,96,128,215
04/02/2015,CKB,WV,AEA,CE,Combined TRACON& Tower with Radar,2,7,12,15,36,0,0,6,1,7,2,7,18,16,43,0,44,44,87
04/03/2015,CKB,WV,AEA,CE,Combined TRACON& Tower with Radar,0,11,9,0,20,0,0,2,0,2,0,11,11,0,22,0,0,0,22
04/04/2015,CKB,WV,AEA,CE,Combined TRACON& Tower with Radar,0,3,6,1,10,0,2,5,0,7,0,5,11,1,17,12,0,12,29
04/05/2015,CKB,WV,AEA,CE,Combined TRACON& Tower with Radar,2,7,13,0,22,0,0,8,0,8,2,7,21,0,30,0,0,0,30
04/06/2015,CKB,WV,AEA,CE,Combined TRACON& Tower with Radar,9,3,8,12,32,2,0,6,2,10,11,3,14,14,42,6,64,70,112
04/07/2015,CKB,WV,AEA,CE,Combined TRACON& Tower with Radar,1,12,6,14,33,0,0,5,0,5,1,12,11,14,38,5,9,14,52
04/08/2015,CKB,WV,AEA,CE,Combined TRACON& Tower with Radar,0,8,6,12,26,0,0,3,0,3,0,8,9,12,29,0,0,0,29
04/09/2015,CKB,WV,AEA,CE,Combined TRACON& Tower with Radar,2,3,4,14,23,0,0,4,0,4,2,3,8,14,27,0,14,14,41
04/10/2015,CKB,WV,AEA,CE,Combined TRACON& Tower with Radar,0,9,6,0,15,0,0,0,0,0,0,9,6,0,15,0,0,0,15
04/11/2015,CKB,WV,AEA,CE,Combined TRACON& Tower with Radar,0,3,9,4,16,0,0,15,3,18,0,3,24,7,34,0,4,4,38
04/12/2015,CKB,WV,AEA,CE,Combined TRACON& Tower with Radar,2,4,12,1,19,0,0,22,5,27,2,4,34,6,46,48,12,60,106
04/13/2015,CKB,WV,AEA,CE,Combined TRACON& Tower with Radar,0,6,11,25,42,0,0,9,2,11,0,6,20,27,53,14,34,48,101
04/14/2015,CKB,WV,AEA,CE,Combined TRACON& Tower with Radar,0,6,2,30,38,0,0,0,0,0,0,6,2,30,38,0,44,44,82
04/15/2015,CKB,WV,AEA,CE,Combined TRACON& Tower with Radar,1,3,12,28,44,0,0,11,1,12,1,3,23,29,56,30,60,90,146
04/16/2015,CKB,WV,AEA,CE,Combined TRACON& Tower with Radar,2,6,8,25,41,0,3,0,0,3,2,9,8,25,44,0,82,82,126
04/17/2015,CKB,WV,AEA,CE,Combined TRACON& Tower with Radar,2,6,14,17,39,0,1,5,0,6,2,7,19,17,45,0,10,10,55
04/18/2015,CKB,WV,AEA,CE,Combined TRACON& Tower with Radar,0,6,12,4,22,0,0,15,0,15,0,6,27,4,37,6,8,14,51
04/19/2015,CKB,WV,AEA,CE,Combined TRACON& Tower with Radar,4,5,12,0,21,0,0,1,0,1,4,5,13,0,22,0,0,0,22
04/20/2015,CKB,WV,AEA,CE,Combined TRACON& Tower with Radar,0,4,3,17,24,0,0,0,1,1,0,4,3,18,25,0,32,32,57
04/21/2015,CKB,WV,AEA,CE,Combined TRACON& Tower with Radar,0,4,10,20,34,0,0,4,0,4,0,4,14,20,38,0,20,20,58
04/22/2015,CKB,WV,AEA,CE,Combined TRACON& Tower with Radar,0,5,13,16,34,0,1,2,1,4,0,6,15,17,38,0,14,14,52
04/23/2015,CKB,WV,AEA,CE,Combined TRACON& Tower with Radar,2,9,7,22,40,0,0,1,1,2,2,9,8,23,42,2,4,6,48
04/24/2015,CKB,WV,AEA,CE,Combined TRACON& Tower with Radar,0,5,9,23,37,0,1,24,4,29,0,6,33,27,66,12,8,20,86
04/25/2015,CKB,WV,AEA,CE,Combined TRACON& Tower with Radar,3,4,3,0,10,0,0,7,0,7,3,4,10,0,17,0,0,0,17
04/26/2015,CKB,WV,AEA,CE,Combined TRACON& Tower with Radar,2,8,9,2,21,0,2,4,0,6,2,10,13,2,27,16,0,16,43
04/27/2015,CKB,WV,AEA,CE,Combined TRACON& Tower with Radar,0,6,18,14,38,0,0,18,1,19,0,6,36,15,57,4,26,30,87
04/28/2015,CKB,WV,AEA,CE,Combined TRACON& Tower with Radar,1,8,16,28,53,0,0,22,3,25,1,8,38,31,78,10,12,22,100
04/29/2015,CKB,WV,AEA,CE,Combined TRACON& Tower with Radar,0,12,17,29,58,0,2,23,7,32,0,14,40,36,90,52,30,82,172
04/30/2015,CKB,WV,AEA,CE,Combined TRACON& Tower with Radar,3,4,2,21,30,0,0,4,9,13,3,4,6,30,43,6,32,38,81
05/01/2015,CKB,WV,AEA,CE,Combined TRACON& Tower with Radar,3,11,10,12,36,0,1,14,4,19,3,12,24,16,55,12,20,32,87
05/02/2015,CKB,WV,AEA,CE,Combined TRACON& Tower with Radar,7,5,16,0,28,0,0,15,0,15,7,5,31,0,43,0,0,0,43
05/03/2015,CKB,WV,AEA,CE,Combined TRACON& Tower with Radar,2,9,8,2,21,0,0,16,0,16,2,9,24,2,37,14,0,14,51
05/04/2015,CKB,WV,AEA,CE,Combined TRACON& Tower with Radar,0,10,12,14,36,0,0,7,9,16,0,10,19,23,52,30,32,62,114
05/05/2015,CKB,WV,AEA,CE,Combined TRACON& Tower with Radar,2,8,17,18,45,0,0,4,2,6,2,8,21,20,51,50,6,56,107
05/06/2015,CKB,WV,AEA,CE,Combined TRACON& Tower with Radar,0,7,14,14,35,0,0,19,1,20,0,7,33,15,55,28,46,74,129
05/07/2015,CKB,WV,AEA,CE,Combined TRACON& Tower with Radar,4,10,5,12,31,0,0,6,1,7,4,10,11,13,38,8,0,8,46
05/08/2015,CKB,WV,AEA,CE,Combined TRACON& Tower with Radar,0,5,14,5,24,0,0,15,0,15,0,5,29,5,39,24,0,24,63
05/09/2015,CKB,WV,AEA,CE,Combined TRACON& Tower with Radar,2,12,10,0,24,0,2,11,0,13,2,14,21,0,37,68,0,68,105
05/10/2015,CKB,WV,AEA,CE,Combined TRACON& Tower with Radar,2,6,8,1,17,0,0,12,0,12,2,6,20,1,29,68,0,68,97
05/11/2015,CKB,WV,AEA,CE,Combined TRACON& Tower with Radar,1,6,8,10,25,0,0,2,0,2,1,6,10,10,27,16,62,78,105
05/12/2015,CKB,WV,AEA,CE,Combined TRACON& Tower with Radar,0,9,9,14,32,0,2,9,0,11,0,11,18,14,43,10,54,64,107
05/13/2015,CKB,WV,AEA,CE,Combined TRACON& Tower with Radar,0,6,24,18,48,0,0,6,0,6,0,6,30,18,54,10,26,36,90
05/14/2015,CKB,WV,AEA,CE,Combined TRACON& Tower with Radar,2,8,13,13,36,0,4,17,6,27,2,12,30,19,63,12,86,98,161
05/15/2015,CKB,WV,AEA,CE,Combined TRACON& Tower with Radar,0,4,8,10,22,0,0,4,2,6,0,4,12,12,28,12,34,46,74
05/16/2015,CKB,WV,AEA,CE,Combined TRACON& Tower with Radar,0,6,6,0,12,0,0,4,4,8,0,6,10,4,20,0,0,0,20
05/17/2015,CKB,WV,AEA,CE,Combined TRACON& Tower with Radar,2,3,5,0,10,0,0,1,0,1,2,3,6,0,11,0,0,0,11
05/18/2015,CKB,WV,AEA,CE,Combined TRACON& Tower with Radar,0,6,7,16,29,0,0,6,0,6,0,6,13,16,35,6,66,72,107
05/19/2015,CKB,WV,AEA,CE,Combined TRACON& Tower with Radar,0,5,7,12,24,0,1,7,2,10,0,6,14,14,34,27,54,81,115
05/20/2015,CKB,WV,AEA,CE,Combined TRACON& Tower with Radar,0,6,20,13,39,0,0,15,0,15,0,6,35,13,54,22,48,70,124
05/21/2015,CKB,WV,AEA,CE,Combined TRACON& Tower with Radar,2,6,12,11,31,0,0,1,0,1,2,6,13,11,32,0,0,0,32
05/22/2015,CKB,WV,AEA,CE,Combined TRACON& Tower with Radar,4,5,6,14,29,0,0,9,3,12,4,5,15,17,41,0,24,24,65
05/23/2015,CKB,WV,AEA,CE,Combined TRACON& Tower with Radar,4,3,11,0,18,0,0,24,0,24,4,3,35,0,42,10,0,10,52
05/24/2015,CKB,WV,AEA,CE,Combined TRACON& Tower with Radar,2,4,1,0,7,0,0,5,0,5,2,4,6,0,12,0,0,0,12
05/25/2015,CKB,WV,AEA,CE,Combined TRACON& Tower with Radar,3,8,6,0,17,0,0,9,0,9,3,8,15,0,26,6,0,6,32
05/26/2015,CKB,WV,AEA,CE,Combined TRACON& Tower with Radar,1,7,15,10,33,0,0,8,1,9,1,7,23,11,42,20,52,72,114
05/27/2015,CKB,WV,AEA,CE,Combined TRACON& Tower with Radar,0,4,16,14,34,0,0,7,0,7,0,4,23,14,41,0,0,0,41
05/28/2015,CKB,WV,AEA,CE,Combined TRACON& Tower with Radar,2,9,9,17,37,0,2,11,2,15,2,11,20,19,52,28,20,48,100
05/29/2015,CKB,WV,AEA,CE,Combined TRACON& Tower with Radar,0,6,9,18,33,0,0,6,0,6,0,6,15,18,39,0,10,10,49
05/30/2015,CKB,WV,AEA,CE,Combined TRACON& Tower with Radar,0,5,6,0,11,0,0,7,0,7,0,5,13,0,18,16,0,16,34
05/31/2015,CKB,WV,AEA,CE,Combined TRACON& Tower with Radar,2,7,2,4,15,0,0,5,0,5,2,7,7,4,20,0,0,0,20
06/01/2015,CKB,WV,AEA,CE,Combined TRACON& Tower with Radar,1,5,5,8,19,0,0,0,0,0,1,5,5,8,19,0,0,0,19
06/02/2015,CKB,WV,AEA,CE,Combined TRACON& Tower with Radar,1,4,8,0,13,0,0,0,0,0,1,4,8,0,13,0,0,0,13
06/03/2015,CKB,WV,AEA,CE,Combined TRACON& Tower with Radar,3,3,13,4,23,0,0,5,0,5,3,3,18,4,28,0,20,20,48
06/04/2015,CKB,WV,AEA,CE,Combined TRACON& Tower with Radar,2,7,14,3,26,0,2,22,0,24,2,9,36,3,50,10,36,46,96
06/05/2015,CKB,WV,AEA,CE,Combined TRACON& Tower with Radar,2,5,10,5,22,0,0,13,1,14,2,5,23,6,36,54,20,74,110
06/06/2015,CKB,WV,AEA,CE,Combined TRACON& Tower with Radar,0,3,7,0,10,0,0,6,0,6,0,3,13,0,16,6,0,6,22
06/07/2015,CKB,WV,AEA,CE,Combined TRACON& Tower with Radar,2,8,12,0,22,0,0,17,0,17,2,8,29,0,39,0,0,0,39
06/08/2015,CKB,WV,AEA,CE,Combined TRACON& Tower with Radar,2,8,5,6,21,0,1,2,0,3,2,9,7,6,24,0,0,0,24
06/09/2015,CKB,WV,AEA,CE,Combined TRACON& Tower with Radar,0,5,6,8,19,0,0,12,1,13,0,5,18,9,32,32,16,48,80
06/10/2015,CKB,WV,AEA,CE,Combined TRACON& Tower with Radar,1,6,11,15,33,2,0,11,1,14,3,6,22,16,47,18,8,26,73
06/11/2015,CKB,WV,AEA,CE,Combined TRACON& Tower with Radar,2,4,8,13,27,0,0,20,5,25,2,4,28,18,52,30,58,88,140
06/12/2015,CKB,WV,AEA,CE,Combined TRACON& Tower with Radar,3,5,6,16,30,0,0,16,1,17,3,5,22,17,47,4,6,10,57
06/13/2015,CKB,WV,AEA,CE,Combined TRACON& Tower with Radar,0,3,10,0,13,0,0,1,0,1,0,3,11,0,14,0,0,0,14
06/14/2015,CKB,WV,AEA,CE,Combined TRACON& Tower with Radar,2,7,11,2,22,0,3,9,0,12,2,10,20,2,34,14,0,14,48
06/15/2015,CKB,WV,AEA,CE,Combined TRACON& Tower with Radar,2,7,11,12,32,0,0,0,0,0,2,7,11,12,32,0,0,0,32
06/16/2015,CKB,WV,AEA,CE,Combined TRACON& Tower with Radar,0,7,19,14,40,0,2,0,0,2,0,9,19,14,42,0,0,0,42
06/17/2015,CKB,WV,AEA,CE,Combined TRACON& Tower with Radar,1,6,17,12,36,0,0,0,0,0,1,6,17,12,36,0,4,4,40
06/18/2015,CKB,WV,AEA,CE,Combined TRACON& Tower with Radar,8,6,8,14,36,0,0,8,0,8,8,6,16,14,44,16,0,16,60
06/19/2015,CKB,WV,AEA,CE,Combined TRACON& Tower with Radar,2,12,9,14,37,0,0,1,0,1,2,12,10,14,38,12,0,12,50
06/20/2015,CKB,WV,AEA,CE,Combined TRACON& Tower with Radar,1,6,4,0,11,0,0,1,0,1,1,6,5,0,12,0,0,0,12
06/21/2015,CKB,WV,AEA,CE,Combined TRACON& Tower with Radar,2,8,5,0,15,0,0,6,0,6,2,8,11,0,21,22,0,22,43
06/22/2015,CKB,WV,AEA,CE,Combined TRACON& Tower with Radar,2,5,11,10,28,0,1,17,0,18,2,6,28,10,46,26,0,26,72
06/23/2015,CKB,WV,AEA,CE,Combined TRACON& Tower with Radar,0,8,12,18,38,0,0,0,0,0,0,8,12,18,38,0,4,4,42
06/24/2015,CKB,WV,AEA,CE,Combined TRACON& Tower with Radar,0,9,15,14,38,0,0,18,5,23,0,9,33,19,61,16,40,56,117
06/25/2015,CKB,WV,AEA,CE,Combined TRACON& Tower with Radar,2,7,17,10,36,0,0,8,0,8,2,7,25,10,44,24,50,74,118
06/26/2015,CKB,WV,AEA,CE,Combined TRACON& Tower with Radar,3,10,6,12,31,4,0,7,0,11,7,10,13,12,42,28,76,104,146
06/27/2015,CKB,WV,AEA,CE,Combined TRACON& Tower with Radar,0,3,1,0,4,0,0,1,0,1,0,3,2,0,5,0,0,0,5
06/28/2015,CKB,WV,AEA,CE,Combined TRACON& Tower with Radar,2,8,19,0,29,0,0,5,0,5,2,8,24,0,34,0,0,0,34
06/29/2015,CKB,WV,AEA,CE,Combined TRACON& Tower with Radar,5,10,15,13,43,0,0,14,2,16,5,10,29,15,59,54,32,86,145
06/30/2015,CKB,WV,AEA,CE,Combined TRACON& Tower with Radar,0,6,2,12,20,0,0,2,0,2,0,6,4,12,22,0,0,0,22
07/01/2015,CKB,WV,AEA,CE,Combined TRACON& Tower with Radar,2,5,11,8,26,0,0,12,0,12,2,5,23,8,38,14,4,18,56
07/02/2015,CKB,WV,AEA,CE,Combined TRACON& Tower with Radar,2,9,10,6,27,2,0,15,0,17,4,9,25,6,44,24,0,24,68
07/03/2015,CKB,WV,AEA,CE,Combined TRACON& Tower with Radar,3,7,2,0,12,0,0,2,0,2,3,7,4,0,14,12,0,12,26
07/04/2015,CKB,WV,AEA,CE,Combined TRACON& Tower with Radar,0,2,3,0,5,0,1,0,0,1,0,3,3,0,6,4,0,4,10
07/05/2015,CKB,WV,AEA,CE,Combined TRACON& Tower with Radar,2,5,11,0,18,0,2,4,0,6,2,7,15,0,24,0,0,0,24
07/06/2015,CKB,WV,AEA,CE,Combined TRACON& Tower with Radar,2,4,15,2,23,0,0,6,0,6,2,4,21,2,29,0,0,0,29
07/07/2015,CKB,WV,AEA,CE,Combined TRACON& Tower with Radar,0,7,2,6,15,0,0,1,0,1,0,7,3,6,16,0,0,0,16
07/08/2015,CKB,WV,AEA,CE,Combined TRACON& Tower with Radar,0,6,7,10,23,0,0,0,0,0,0,6,7,10,23,0,0,0,23
07/09/2015,CKB,WV,AEA,CE,Combined TRACON& Tower with Radar,2,6,8,8,24,0,1,6,0,7,2,7,14,8,31,0,0,0,31
07/10/2015,CKB,WV,AEA,CE,Combined TRACON& Tower with Radar,1,9,8,3,21,0,0,8,1,9,1,9,16,4,30,16,0,16,46
07/11/2015,CKB,WV,AEA,CE,Combined TRACON& Tower with Radar,6,2,3,0,11,0,0,6,0,6,6,2,9,0,17,40,0,40,57
07/12/2015,CKB,WV,AEA,CE,Combined TRACON& Tower with Radar,2,4,9,0,15,0,0,6,0,6,2,4,15,0,21,34,0,34,55
07/13/2015,CKB,WV,AEA,CE,Combined TRACON& Tower with Radar,2,6,10,6,24,0,0,4,0,4,2,6,14,6,28,19,4,23,51
07/14/2015,CKB,WV,AEA,CE,Combined TRACON& Tower with Radar,0,5,4,11,20,0,0,6,0,6,0,5,10,11,26,0,0,0,26
07/15/2015,CKB,WV,AEA,CE,Combined TRACON& Tower with Radar,0,5,10,10,25,0,0,8,0,8,0,5,18,10,33,8,0,8,41
07/16/2015,CKB,WV,AEA,CE,Combined TRACON& Tower with Radar,2,8,11,12,33,0,1,17,1,19,2,9,28,13,52,16,0,16,68
07/17/2015,CKB,WV,AEA,CE,Combined TRACON& Tower with Radar,2,4,17,6,29,0,0,22,2,24,2,4,39,8,53,12,18,30,83
07/18/2015,CKB,WV,AEA,CE,Combined TRACON& Tower with Radar,0,3,10,0,13,0,0,9,0,9,0,3,19,0,22,8,0,8,30
07/19/2015,CKB,WV,AEA,CE,Combined TRACON& Tower with Radar,2,5,13,1,21,0,0,8,0,8,2,5,21,1,29,8,0,8,37
07/20/2015,CKB,WV,AEA,CE,Combined TRACON& Tower with Radar,2,5,12,1,20,0,0,11,1,12,2,5,23,2,32,22,0,22,54
07/21/2015,CKB,WV,AEA,CE,Combined TRACON& Tower with Radar,0,9,5,6,20,0,2,2,0,4,0,11,7,6,24,3,0,3,27
07/22/2015,CKB,WV,AEA,CE,Combined TRACON& Tower with Radar,0,5,17,10,32,0,0,17,0,17,0,5,34,10,49,12,18,30,79
07/23/2015,CKB,WV,AEA,CE,Combined TRACON& Tower with Radar,2,6,7,8,23,0,4,22,0,26,2,10,29,8,49,6,4,10,59
07/24/2015,CKB,WV,AEA,CE,Combined TRACON& Tower with Radar,2,5,12,8,27,0,1,19,0,20,2,6,31,8,47,14,0,14,61
07/25/2015,CKB,WV,AEA,CE,Combined TRACON& Tower with Radar,0,5,5,4,14,0,0,20,0,20,0,5,25,4,34,0,0,0,34
07/26/2015,CKB,WV,AEA,CE,Combined TRACON& Tower with Radar,2,6,8,7,23,0,0,6,0,6,2,6,14,7,29,0,0,0,29
07/27/2015,CKB,WV,AEA,CE,Combined TRACON& Tower with Radar,2,4,11,6,23,0,0,5,0,5,2,4,16,6,28,0,0,0,28
07/28/2015,CKB,WV,AEA,CE,Combined TRACON& Tower with Radar,0,7,7,18,32,0,0,12,0,12,0,7,19,18,44,25,10,35,79
07/29/2015,CKB,WV,AEA,CE,Combined TRACON& Tower with Radar,0,4,10,16,30,0,0,16,2,18,0,4,26,18,48,0,34,34,82
07/30/2015,CKB,WV,AEA,CE,Combined TRACON& Tower with Radar,6,5,8,16,35,0,0,22,0,22,6,5,30,16,57,10,26,36,93
07/31/2015,CKB,WV,AEA,CE,Combined TRACON& Tower with Radar,2,4,11,10,27,0,0,16,0,16,2,4,27,10,43,24,42,66,109
08/01/2015,CKB,WV,AEA,CE,Combined TRACON& Tower with Radar,0,10,9,0,19,0,0,12,1,13,0,10,21,1,32,32,0,32,64
08/02/2015,CKB,WV,AEA,CE,Combined TRACON& Tower with Radar,2,4,10,6,22,0,0,19,0,19,2,4,29,6,41,22,0,22,63
08/03/2015,CKB,WV,AEA,CE,Combined TRACON& Tower with Radar,2,9,14,13,38,0,0,6,1,7,2,9,20,14,45,30,60,90,135
08/04/2015,CKB,WV,AEA,CE,Combined TRACON& Tower with Radar,0,4,6,25,35,0,0,17,0,17,0,4,23,25,52,28,80,108,160
08/05/2015,CKB,WV,AEA,CE,Combined TRACON& Tower with Radar,0,10,8,20,38,0,0,11,0,11,0,10,19,20,49,22,30,52,101
08/06/2015,CKB,WV,AEA,CE,Combined TRACON& Tower with Radar,2,9,8,13,32,0,0,2,0,2,2,9,10,13,34,0,0,0,34
08/07/2015,CKB,WV,AEA,CE,Combined TRACON& Tower with Radar,2,4,24,24,54,0,0,1,0,1,2,4,25,24,55,24,50,74,129
08/08/2015,CKB,WV,AEA,CE,Combined TRACON& Tower with Radar,0,4,16,0,20,0,0,13,0,13,0,4,29,0,33,8,0,8,41
08/09/2015,CKB,WV,AEA,CE,Combined TRACON& Tower with Radar,4,6,14,2,26,0,0,8,0,8,4,6,22,2,34,8,0,8,42
08/10/2015,CKB,WV,AEA,CE,Combined TRACON& Tower with Radar,4,6,7,30,47,0,0,9,1,10,4,6,16,31,57,8,0,8,65
08/11/2015,CKB,WV,AEA,CE,Combined TRACON& Tower with Radar,0,11,8,27,46,0,0,2,9,11,0,11,10,36,57,2,10,12,69
08/12/2015,CKB,WV,AEA,CE,Combined TRACON& Tower with Radar,3,8,8,18,37,0,0,8,7,15,3,8,16,25,52,40,4,44,96
08/13/2015,CKB,WV,AEA,CE,Combined TRACON& Tower with Radar,2,5,4,17,28,0,0,16,2,18,2,5,20,19,46,32,28,60,106
08/14/2015,CKB,WV,AEA,CE,Combined TRACON& Tower with Radar,2,6,10,10,28,0,0,13,0,13,2,6,23,10,41,12,8,20,61
08/15/2015,CKB,WV,AEA,CE,Combined TRACON& Tower with Radar,0,4,1,0,5,0,0,17,1,18,0,4,18,1,23,4,0,4,27
08/16/2015,CKB,WV,AEA,CE,Combined TRACON& Tower with Radar,2,6,8,1,17,0,0,16,0,16,2,6,24,1,33,19,0,19,52
08/17/2015,CKB,WV,AEA,CE,Combined TRACON& Tower with Radar,0,7,13,6,26,0,0,6,2,8,0,7,19,8,34,16,22,38,72
08/18/2015,CKB,WV,AEA,CE,Combined TRACON& Tower with Radar,2,8,7,10,27,0,0,3,0,3,2,8,10,10,30,14,0,14,44
08/19/2015,CKB,WV,AEA,CE,Combined TRACON& Tower with Radar,0,7,8,11,26,0,0,4,0,4,0,7,12,11,30,28,55,83,113
08/20/2015,CKB,WV,AEA,CE,Combined TRACON& Tower with Radar,0,10,6,12,28,0,0,1,0,1,0,10,7,12,29,10,56,66,95
08/21/2015,CKB,WV,AEA,CE,Combined TRACON& Tower with Radar,4,9,15,6,34,0,0,19,0,19,4,9,34,6,53,78,34,112,165
08/22/2015,CKB,WV,AEA,CE,Combined TRACON& Tower with Radar,7,4,12,0,23,0,0,14,0,14,7,4,26,0,37,0,0,0,37
08/23/2015,CKB,WV,AEA,CE,Combined TRACON& Tower with Radar,0,5,12,0,17,0,0,24,0,24,0,5,36,0,41,14,0,14,55
08/24/2015,CKB,WV,AEA,CE,Combined TRACON& Tower with Radar,0,7,16,7,30,0,2,3,0,5,0,9,19,7,35,15,12,27,62
08/25/2015,CKB,WV,AEA,CE,Combined TRACON& Tower with Radar,0,9,13,15,37,0,0,31,1,32,0,9,44,16,69,6,0,6,75
08/26/2015,CKB,WV,AEA,CE,Combined TRACON& Tower with Radar,1,6,23,10,40,0,1,37,0,38,1,7,60,10,78,32,28,60,138
08/27/2015,CKB,WV,AEA,CE,Combined TRACON& Tower with Radar,1,6,3,4,14,0,0,27,1,28,1,6,30,5,42,34,0,34,76
08/28/2015,CKB,WV,AEA,CE,Combined TRACON& Tower with Radar,0,6,15,4,25,0,0,50,0,50,0,6,65,4,75,72,0,72,147
08/29/2015,CKB,WV,AEA,CE,Combined TRACON& Tower with Radar,0,5,10,0,15,0,0,39,0,39,0,5,49,0,54,66,0,66,120
08/30/2015,CKB,WV,AEA,CE,Combined TRACON& Tower with Radar,0,4,6,0,10,0,0,10,0,10,0,4,16,0,20,16,2,18,38
08/31/2015,CKB,WV,AEA,CE,Combined TRACON& Tower with Radar,0,7,11,7,25,0,2,8,0,10,0,9,19,7,35,46,20,66,101
09/01/2015,CKB,WV,AEA,CE,Combined TRACON& Tower with Radar,0,6,6,2,14,0,2,3,0,5,0,8,9,2,19,30,30,60,79
09/02/2015,CKB,WV,AEA,CE,Combined TRACON& Tower with Radar,1,5,19,12,37,0,0,6,2,8,1,5,25,14,45,8,22,30,75
09/03/2015,CKB,WV,AEA,CE,Combined TRACON& Tower with Radar,0,6,5,10,21,0,0,3,0,3,0,6,8,10,24,12,14,26,50
09/04/2015,CKB,WV,AEA,CE,Combined TRACON& Tower with Radar,1,7,17,7,32,0,0,3,0,3,1,7,20,7,35,0,4,4,39
09/05/2015,CKB,WV,AEA,CE,Combined TRACON& Tower with Radar,1,6,2,0,9,0,0,4,0,4,1,6,6,0,13,15,0,15,28
09/06/2015,CKB,WV,AEA,CE,Combined TRACON& Tower with Radar,0,5,8,0,13,0,0,7,0,7,0,5,15,0,20,12,0,12,32
09/07/2015,CKB,WV,AEA,CE,Combined TRACON& Tower with Radar,0,4,20,0,24,0,0,12,0,12,0,4,32,0,36,6,0,6,42
09/08/2015,CKB,WV,AEA,CE,Combined TRACON& Tower with Radar,0,7,12,11,30,0,0,6,0,6,0,7,18,11,36,10,20,30,66
09/09/2015,CKB,WV,AEA,CE,Combined TRACON& Tower with Radar,1,7,11,18,37,0,0,7,21,28,1,7,18,39,65,7,81,88,153
09/10/2015,CKB,WV,AEA,CE,Combined TRACON& Tower with Radar,0,7,8,9,24,0,0,0,1,1,0,7,8,10,25,0,0,0,25
09/11/2015,CKB,WV,AEA,CE,Combined TRACON& Tower with Radar,1,7,13,16,37,0,0,0,0,0,1,7,13,16,37,12,14,26,63
09/12/2015,CKB,WV,AEA,CE,Combined TRACON& Tower with Radar,0,3,0,19,22,0,0,0,0,0,0,3,0,19,22,0,0,0,22
09/13/2015,CKB,WV,AEA,CE,Combined TRACON& Tower with Radar,0,4,9,1,14,0,0,1,0,1,0,4,10,1,15,8,0,8,23
09/14/2015,CKB,WV,AEA,CE,Combined TRACON& Tower with Radar,0,4,7,22,33,0,0,21,1,22,0,4,28,23,55,30,52,82,137
09/15/2015,CKB,WV,AEA,CE,Combined TRACON& Tower with Radar,5,10,17,24,56,0,0,15,6,21,5,10,32,30,77,40,30,70,147
09/16/2015,CKB,WV,AEA,CE,Combined TRACON& Tower with Radar,0,6,8,20,34,0,0,29,0,29,0,6,37,20,63,38,12,50,113
09/17/2015,CKB,WV,AEA,CE,Combined TRACON& Tower with Radar,1,6,7,18,32,0,0,38,0,38,1,6,45,18,70,35,8,43,113
09/18/2015,CKB,WV,AEA,CE,Combined TRACON& Tower with Radar,1,4,7,11,23,0,0,5,5,10,1,4,12,16,33,10,8,18,51
09/19/2015,CKB,WV,AEA,CE,Combined TRACON& Tower with Radar,0,7,8,0,15,0,0,13,0,13,0,7,21,0,28,58,0,58,86
09/20/2015,CKB,WV,AEA,CE,Combined TRACON& Tower with Radar,0,4,8,0,12,0,0,9,0,9,0,4,17,0,21,0,0,0,21
09/21/2015,CKB,WV,AEA,CE,Combined TRACON& Tower with Radar,0,4,7,12,23,0,0,10,2,12,0,4,17,14,35,14,2,16,51
09/22/2015,CKB,WV,AEA,CE,Combined TRACON& Tower with Radar,1,10,5,17,33,0,0,15,0,15,1,10,20,17,48,36,0,36,84
09/23/2015,CKB,WV,AEA,CE,Combined TRACON& Tower with Radar,0,6,7,20,33,0,0,21,2,23,0,6,28,22,56,58,22,80,136
09/24/2015,CKB,WV,AEA,CE,Combined TRACON& Tower with Radar,3,7,13,12,35,0,0,9,1,10,3,7,22,13,45,46,24,70,115
09/25/2015,CKB,WV,AEA,CE,Combined TRACON& Tower with Radar,0,9,7,12,28,0,0,6,0,6,0,9,13,12,34,0,0,0,34
09/26/2015,CKB,WV,AEA,CE,Combined TRACON& Tower with Radar,3,5,3,2,13,0,0,7,0,7,3,5,10,2,20,0,0,0,20
09/27/2015,CKB,WV,AEA,CE,Combined TRACON& Tower with Radar,0,8,6,0,14,0,0,2,0,2,0,8,8,0,16,9,0,9,25
09/28/2015,CKB,WV,AEA,CE,Combined TRACON& Tower with Radar,0,12,9,21,42,0,0,2,5,7,0,12,11,26,49,0,6,6,55
09/29/2015,CKB,WV,AEA,CE,Combined TRACON& Tower with Radar,0,10,10,21,41,0,0,0,0,0,0,10,10,21,41,0,6,6,47
09/30/2015,CKB,WV,AEA,CE,Combined TRACON& Tower with Radar,1,8,12,9,30,0,0,0,0,0,1,8,12,9,30,2,2,4,34
10/01/2015,CKB,WV,AEA,CE,Combined TRACON& Tower with Radar,2,6,16,3,27,0,0,6,0,6,2,6,22,3,33,10,8,18,51
10/02/2015,CKB,WV,AEA,CE,Combined TRACON& Tower with Radar,4,6,8,1,19,0,0,3,0,3,4,6,11,1,22,0,0,0,22
10/03/2015,CKB,WV,AEA,CE,Combined TRACON& Tower with Radar,2,5,6,4,17,0,0,2,0,2,2,5,8,4,19,0,0,0,19
10/04/2015,CKB,WV,AEA,CE,Combined TRACON& Tower with Radar,2,7,7,2,18,0,0,12,1,13,2,7,19,3,31,12,0,12,43
10/05/2015,CKB,WV,AEA,CE,Combined TRACON& Tower with Radar,1,10,15,0,26,0,1,17,2,20,1,11,32,2,46,4,0,4,50
10/06/2015,CKB,WV,AEA,CE,Combined TRACON& Tower with Radar,5,7,16,10,38,0,1,7,2,10,5,8,23,12,48,14,40,54,102
10/07/2015,CKB,WV,AEA,CE,Combined TRACON& Tower with Radar,1,16,18,10,45,0,0,8,2,10,1,16,26,12,55,28,18,46,101
10/08/2015,CKB,WV,AEA,CE,Combined TRACON& Tower with Radar,3,7,10,13,33,0,2,9,0,11,3,9,19,13,44,10,14,24,68
10/09/2015,CKB,WV,AEA,CE,Combined TRACON& Tower with Radar,2,8,10,9,29,0,0,1,0,1,2,8,11,9,30,7,56,63,93
10/10/2015,CKB,WV,AEA,CE,Combined TRACON& Tower with Radar,1,3,11,0,15,0,0,12,0,12,1,3,23,0,27,4,0,4,31
10/11/2015,CKB,WV,AEA,CE,Combined TRACON& Tower with Radar,2,6,11,0,19,0,0,27,0,27,2,6,38,0,46,14,0,14,60
10/12/2015,CKB,WV,AEA,CE,Combined TRACON& Tower with Radar,3,8,23,0,34,0,0,21,1,22,3,8,44,1,56,0,0,0,56
10/13/2015,CKB,WV,AEA,CE,Combined TRACON& Tower with Radar,0,6,4,12,22,0,0,1,4,5,0,6,5,16,27,0,12,12,39
10/14/2015,CKB,WV,AEA,CE,Combined TRACON& Tower with Radar,0,5,11,12,28,0,0,5,0,5,0,5,16,12,33,24,30,54,87
10/15/2015,CKB,WV,AEA,CE,Combined TRACON& Tower with Radar,2,13,8,14,37,0,0,13,0,13,2,13,21,14,50,16,22,38,88
10/16/2015,CKB,WV,AEA,CE,Combined TRACON& Tower with Radar,6,6,11,9,32,0,0,7,1,8,6,6,18,10,40,16,45,61,101
10/17/2015,CKB,WV,AEA,CE,Combined TRACON& Tower with Radar,2,4,1,0,7,0,1,3,0,4,2,5,4,0,11,0,0,0,11
10/18/2015,CKB,WV,AEA,CE,Combined TRACON& Tower with Radar,3,3,4,2,12,0,0,5,0,5,3,3,9,2,17,8,0,8,25
10/19/2015,CKB,WV,AEA,CE,Combined TRACON& Tower with Radar,2,6,17,7,32,0,0,17,0,17,2,6,34,7,49,12,0,12,61
10/20/2015,CKB,WV,AEA,CE,Combined TRACON& Tower with Radar,1,8,10,14,33,0,0,12,3,15,1,8,22,17,48,18,24,42,90
10/21/2015,CKB,WV,AEA,CE,Combined TRACON& Tower with Radar,1,8,11,15,35,0,1,11,0,12,1,9,22,15,47,22,62,84,131
10/22/2015,CKB,WV,AEA,CE,Combined TRACON& Tower with Radar,2,10,20,14,46,0,0,13,4,17,2,10,33,18,63,19,27,46,109
10/23/2015,CKB,WV,AEA,CE,Combined TRACON& Tower with Radar,0,9,18,15,42,0,0,11,2,13,0,9,29,17,55,10,14,24,79
10/24/2015,CKB,WV,AEA,CE,Combined TRACON& Tower with Radar,0,7,10,0,17,0,0,7,0,7,0,7,17,0,24,16,0,16,40
10/25/2015,CKB,WV,AEA,CE,Combined TRACON& Tower with Radar,4,7,7,0,18,0,0,1,0,1,4,7,8,0,19,0,0,0,19
10/26/2015,CKB,WV,AEA,CE,Combined TRACON& Tower with Radar,0,8,20,14,42,0,0,16,0,16,0,8,36,14,58,18,34,52,110
10/27/2015,CKB,WV,AEA,CE,Combined TRACON& Tower with Radar,3,11,9,15,38,0,0,0,0,0,3,11,9,15,38,14,22,36,74
10/28/2015,CKB,WV,AEA,CE,Combined TRACON& Tower with Radar,2,8,9,15,34,0,0,0,2,2,2,8,9,17,36,0,0,0,36
10/29/2015,CKB,WV,AEA,CE,Combined TRACON& Tower with Radar,2,7,6,7,22,0,0,4,3,7,2,7,10,10,29,0,24,24,53
10/30/2015,CKB,WV,AEA,CE,Combined TRACON& Tower with Radar,0,6,21,0,27,0,0,15,0,15,0,6,36,0,42,36,0,36,78
10/31/2015,CKB,WV,AEA,CE,Combined TRACON& Tower with Radar,0,3,11,1,15,0,0,7,0,7,0,3,18,1,22,12,0,12,34
11/01/2015,CKB,WV,AEA,CE,Combined TRACON& Tower with Radar,2,11,12,2,27,0,0,0,0,0,2,11,12,2,27,0,0,0,27
11/02/2015,CKB,WV,AEA,CE,Combined TRACON& Tower with Radar,0,4,12,2,18,0,0,7,0,7,0,4,19,2,25,11,0,11,36
11/03/2015,CKB,WV,AEA,CE,Combined TRACON& Tower with Radar,3,5,10,9,27,0,0,26,2,28,3,5,36,11,55,33,12,45,100
11/04/2015,CKB,WV,AEA,CE,Combined TRACON& Tower with Radar,0,8,16,17,41,0,0,13,4,17,0,8,29,21,58,18,39,57,115
11/05/2015,CKB,WV,AEA,CE,Combined TRACON& Tower with Radar,5,4,14,20,43,0,0,19,0,19,5,4,33,20,62,54,46,100,162
11/06/2015,CKB,WV,AEA,CE,Combined TRACON& Tower with Radar,3,8,19,4,34,0,0,0,0,0,3,8,19,4,34,0,41,41,75
11/07/2015,CKB,WV,AEA,CE,Combined TRACON& Tower with Radar,2,7,10,0,19,0,0,3,0,3,2,7,13,0,22,20,0,20,42
11/08/2015,CKB,WV,AEA,CE,Combined TRACON& Tower with Radar,6,5,12,0,23,0,0,10,0,10,6,5,22,0,33,6,0,6,39
11/09/2015,CKB,WV,AEA,CE,Combined TRACON& Tower with Radar,2,5,10,14,31,0,1,16,4,21,2,6,26,18,52,2,6,8,60
11/10/2015,CKB,WV,AEA,CE,Combined TRACON& Tower with Radar,0,11,5,10,26,0,0,0,0,0,0,11,5,10,26,0,0,0,26
11/11/2015,CKB,WV,AEA,CE,Combined TRACON& Tower with Radar,1,6,17,0,24,5,0,7,0,12,6,6,24,0,36,20,0,20,56
11/12/2015,CKB,WV,AEA,CE,Combined TRACON& Tower with Radar,2,5,10,12,29,0,2,2,0,4,2,7,12,12,33,4,16,20,53
11/13/2015,CKB,WV,AEA,CE,Combined TRACON& Tower with Radar,6,4,3,6,19,0,0,0,0,0,6,4,3,6,19,0,0,0,19
11/14/2015,CKB,WV,AEA,CE,Combined TRACON& Tower with Radar,2,4,4,0,10,0,1,14,0,15,2,5,18,0,25,18,0,18,43
11/15/2015,CKB,WV,AEA,CE,Combined TRACON& Tower with Radar,2,5,5,3,15,0,1,8,0,9,2,6,13,3,24,0,16,16,40
11/16/2015,CKB,WV,AEA,CE,Combined TRACON& Tower with Radar,0,6,6,10,22,0,0,14,0,14,0,6,20,10,36,56,34,90,126
11/17/2015,CKB,WV,AEA,CE,Combined TRACON& Tower with Radar,0,5,8,12,25,0,0,8,1,9,0,5,16,13,34,44,20,64,98
11/18/2015,CKB,WV,AEA,CE,Combined TRACON& Tower with Radar,0,4,10,9,23,0,0,4,3,7,0,4,14,12,30,0,0,0,30
11/19/2015,CKB,WV,AEA,CE,Combined TRACON& Tower with Radar,2,5,14,12,33,0,0,10,1,11,2,5,24,13,44,16,8,24,68
11/20/2015,CKB,WV,AEA,CE,Combined TRACON& Tower with Radar,3,15,17,11,46,0,0,28,0,28,3,15,45,11,74,10,0,10,84
11/21/2015,CKB,WV,AEA,CE,Combined TRACON& Tower with Radar,3,7,12,16,38,0,0,7,1,8,3,7,19,17,46,0,0,0,46
11/22/2015,CKB,WV,AEA,CE,Combined TRACON& Tower with Radar,8,3,6,0,17,0,0,5,0,5,8,3,11,0,22,20,0,20,42
11/23/2015,CKB,WV,AEA,CE,Combined TRACON& Tower with Radar,0,4,12,3,19,0,0,8,0,8,0,4,20,3,27,28,30,58,85
11/24/2015,CKB,WV,AEA,CE,Combined TRACON& Tower with Radar,6,7,11,1,25,0,0,8,0,8,6,7,19,1,33,0,0,0,33
11/25/2015,CKB,WV,AEA,CE,Combined TRACON& Tower with Radar,2,10,8,4,24,0,2,16,2,20,2,12,24,6,44,14,0,14,58
11/26/2015,CKB,WV,AEA,CE,Combined TRACON& Tower with Radar,0,5,3,0,8,0,0,5,0,5,0,5,8,0,13,0,0,0,13
11/27/2015,CKB,WV,AEA,CE,Combined TRACON& Tower with Radar,2,6,5,0,13,0,1,7,0,8,2,7,12,0,21,0,0,0,21
11/28/2015,CKB,WV,AEA,CE,Combined TRACON& Tower with Radar,2,10,6,0,18,0,0,0,0,0,2,10,6,0,18,0,0,0,18
11/29/2015,CKB,WV,AEA,CE,Combined TRACON& Tower with Radar,7,6,9,0,22,0,0,0,0,0,7,6,9,0,22,0,0,0,22
11/30/2015,CKB,WV,AEA,CE,Combined TRACON& Tower with Radar,2,7,11,0,20,0,0,5,0,5,2,7,16,0,25,0,0,0,25
12/01/2015,CKB,WV,AEA,CE,Combined TRACON& Tower with Radar,0,5,3,0,8,0,0,0,2,2,0,5,3,2,10,14,6,20,30
12/02/2015,CKB,WV,AEA,CE,Combined TRACON& Tower with Radar,0,8,6,2,16,0,0,0,0,0,0,8,6,2,16,28,2,30,46
12/03/2015,CKB,WV,AEA,CE,Combined TRACON& Tower with Radar,2,7,4,4,17,0,1,5,2,8,2,8,9,6,25,100,14,114,139
12/04/2015,CKB,WV,AEA,CE,Combined TRACON& Tower with Radar,2,7,11,13,33,0,1,14,1,16,2,8,25,14,49,0,0,0,49
12/05/2015,CKB,WV,AEA,CE,Combined TRACON& Tower with Radar,0,5,7,2,14,0,3,15,0,18,0,8,22,2,32,0,0,0,32
12/06/2015,CKB,WV,AEA,CE,Combined TRACON& Tower with Radar,4,5,6,0,15,0,0,1,0,1,4,5,7,0,16,104,0,104,120
12/07/2015,CKB,WV,AEA,CE,Combined TRACON& Tower with Radar,0,7,17,7,31,0,0,3,0,3,0,7,20,7,34,24,36,60,94
12/08/2015,CKB,WV,AEA,CE,Combined TRACON& Tower with Radar,0,7,1,12,20,0,0,4,0,4,0,7,5,12,24,20,20,40,64
12/09/2015,CKB,WV,AEA,CE,Combined TRACON& Tower with Radar,3,8,6,3,20,0,0,12,1,13,3,8,18,4,33,16,0,16,49
12/10/2015,CKB,WV,AEA,CE,Combined TRACON& Tower with Radar,6,9,14,3,32,0,0,5,1,6,6,9,19,4,38,8,22,30,68
12/11/2015,CKB,WV,AEA,CE,Combined TRACON& Tower with Radar,2,9,8,7,26,0,0,5,0,5,2,9,13,7,31,0,0,0,31
12/12/2015,CKB,WV,AEA,CE,Combined TRACON& Tower with Radar,2,4,6,2,14,0,2,4,0,6,2,6,10,2,20,0,0,0,20
12/13/2015,CKB,WV,AEA,CE,Combined TRACON& Tower with Radar,2,8,5,0,15,0,0,14,0,14,2,8,19,0,29,20,0,20,49
12/14/2015,CKB,WV,AEA,CE,Combined TRACON& Tower with Radar,0,10,12,8,30,0,0,5,0,5,0,10,17,8,35,0,6,6,41
12/15/2015,CKB,WV,AEA,CE,Combined TRACON& Tower with Radar,0,7,6,14,27,0,0,2,0,2,0,7,8,14,29,0,0,0,29
12/16/2015,CKB,WV,AEA,CE,Combined TRACON& Tower with Radar,0,9,19,10,38,0,0,15,1,16,0,9,34,11,54,2,18,20,74
12/17/2015,CKB,WV,AEA,CE,Combined TRACON& Tower with Radar,2,10,7,3,22,0,0,1,0,1,2,10,8,3,23,0,0,0,23
12/18/2015,CKB,WV,AEA,CE,Combined TRACON& Tower with Radar,2,13,8,4,27,0,0,0,0,0,2,13,8,4,27,0,0,0,27
12/19/2015,CKB,WV,AEA,CE,Combined TRACON& Tower with Radar,2,4,7,0,13,0,0,1,0,1,2,4,8,0,14,0,0,0,14
12/20/2015,CKB,WV,AEA,CE,Combined TRACON& Tower with Radar,2,6,12,0,20,0,0,11,0,11,2,6,23,0,31,39,0,39,70
12/21/2015,CKB,WV,AEA,CE,Combined TRACON& Tower with Radar,6,8,8,6,28,0,0,0,7,7,6,8,8,13,35,0,10,10,45
12/22/2015,CKB,WV,AEA,CE,Combined TRACON& Tower with Radar,0,8,11,5,24,0,0,2,0,2,0,8,13,5,26,0,8,8,34
12/23/2015,CKB,WV,AEA,CE,Combined TRACON& Tower with Radar,0,9,9,3,21,0,1,4,0,5,0,10,13,3,26,12,16,28,54
12/24/2015,CKB,WV,AEA,CE,Combined TRACON& Tower with Radar,3,7,3,0,13,0,0,2,0,2,3,7,5,0,15,18,0,18,33
12/25/2015,CKB,WV,AEA,CE,Combined TRACON& Tower with Radar,0,7,0,0,7,0,0,0,0,0,0,7,0,0,7,0,0,0,7
12/26/2015,CKB,WV,AEA,CE,Combined TRACON& Tower with Radar,0,4,6,0,10,0,0,0,0,0,0,4,6,0,10,0,0,0,10
12/27/2015,CKB,WV,AEA,CE,Combined TRACON& Tower with Radar,4,4,1,0,9,0,0,2,0,2,4,4,3,0,11,0,0,0,11
12/28/2015,CKB,WV,AEA,CE,Combined TRACON& Tower with Radar,1,7,10,6,24,0,0,0,0,0,1,7,10,6,24,0,6,6,30
12/29/2015,CKB,WV,AEA,CE,Combined TRACON& Tower with Radar,8,8,6,0,22,0,0,0,0,0,8,8,6,0,22,0,0,0,22
12/30/2015,CKB,WV,AEA,CE,Combined TRACON& Tower with Radar,2,7,6,2,17,0,0,2,0,2,2,7,8,2,19,12,0,12,31
12/31/2015,CKB,WV,AEA,CE,Combined TRACON& Tower with Radar,4,9,3,0,16,0,0,2,0,2,4,9,5,0,18,0,0,0,18
01/01/2016,CKB,WV,AEA,CE,Combined TRACON& Tower with Radar,0,7,0,0,7,0,0,1,0,1,0,7,1,0,8,0,0,0,8
01/02/2016,CKB,WV,AEA,CE,Combined TRACON& Tower with Radar,1,5,7,0,13,0,0,8,0,8,1,5,15,0,21,0,0,0,21
01/03/2016,CKB,WV,AEA,CE,Combined TRACON& Tower with Radar,2,3,3,0,8,0,2,6,0,8,2,5,9,0,16,8,0,8,24
01/04/2016,CKB,WV,AEA,CE,Combined TRACON& Tower with Radar,1,4,3,2,10,0,0,1,0,1,1,4,4,2,11,0,0,0,11
01/05/2016,CKB,WV,AEA,CE,Combined TRACON& Tower with Radar,1,8,14,8,31,0,2,6,0,8,1,10,20,8,39,4,16,20,59
01/06/2016,CKB,WV,AEA,CE,Combined TRACON& Tower with Radar,0,7,1,4,12,0,1,10,2,13,0,8,11,6,25,14,0,14,39
01/07/2016,CKB,WV,AEA,CE,Combined TRACON& Tower with Radar,2,8,9,10,29,0,0,13,0,13,2,8,22,10,42,49,50,99,141
01/08/2016,CKB,WV,AEA,CE,Combined TRACON& Tower with Radar,2,9,11,7,29,0,0,5,0,5,2,9,16,7,34,10,0,10,44
01/09/2016,CKB,WV,AEA,CE,Combined TRACON& Tower with Radar,0,4,8,0,12,0,0,12,0,12,0,4,20,0,24,68,0,68,92
01/10/2016,CKB,WV,AEA,CE,Combined TRACON& Tower with Radar,3,5,3,4,15,0,0,4,0,4,3,5,7,4,19,0,0,0,19
01/11/2016,CKB,WV,AEA,CE,Combined TRACON& Tower with Radar,3,5,11,8,27,0,0,8,0,8,3,5,19,8,35,14,16,30,65
01/12/2016,CKB,WV,AEA,CE,Combined TRACON& Tower with Radar,0,9,2,0,11,0,0,0,0,0,0,9,2,0,11,0,0,0,11
01/13/2016,CKB,WV,AEA,CE,Combined TRACON& Tower with Radar,2,8,12,4,26,0,2,0,1,3,2,10,12,5,29,4,18,22,51
01/14/2016,CKB,WV,AEA,CE,Combined TRACON& Tower with Radar,2,7,11,7,27,0,0,8,1,9,2,7,19,8,36,20,0,20,56
01/15/2016,CKB,WV,AEA,CE,Combined TRACON& Tower with Radar,3,8,9,5,25,0,0,8,1,9,3,8,17,6,34,56,22,78,112
01/16/2016,CKB,WV,AEA,CE,Combined TRACON& Tower with Radar,2,6,1,0,9,0,0,0,0,0,2,6,1,0,9,0,0,0,9
01/17/2016,CKB,WV,AEA,CE,Combined TRACON& Tower with Radar,3,2,0,0,5,0,1,0,0,1,3,3,0,0,6,0,0,0,6
01/18/2016,CKB,WV,AEA,CE,Combined TRACON& Tower with Radar,4,5,6,0,15,0,0,0,0,0,4,5,6,0,15,0,0,0,15
01/19/2016,CKB,WV,AEA,CE,Combined TRACON& Tower with Radar,5,6,6,18,35,0,0,9,1,10,5,6,15,19,45,10,6,16,61
01/20/2016,CKB,WV,AEA,CE,Combined TRACON& Tower with Radar,1,7,6,6,20,0,1,5,0,6,1,8,11,6,26,6,0,6,32
01/21/2016,CKB,WV,AEA,CE,Combined TRACON& Tower with Radar,2,6,7,20,35,0,0,2,0,2,2,6,9,20,37,0,0,0,37
01/22/2016,CKB,WV,AEA,CE,Combined TRACON& Tower with Radar,2,1,1,14,18,0,0,0,0,0,2,1,1,14,18,0,0,0,18
01/23/2016,CKB,WV,AEA,CE,Combined TRACON& Tower with Radar,0,0,0,0,0,0,0,0,0,0,0,0,0,0,0,0,0,0,0
01/24/2016,CKB,WV,AEA,CE,Combined TRACON& Tower with Radar,4,1,2,0,7,0,0,0,0,0,4,1,2,0,7,0,0,0,7
01/25/2016,CKB,WV,AEA,CE,Combined TRACON& Tower with Radar,1,5,4,17,27,0,0,0,0,0,1,5,4,17,27,0,0,0,27
01/26/2016,CKB,WV,AEA,CE,Combined TRACON& Tower with Radar,2,5,5,17,29,0,0,0,0,0,2,5,5,17,29,0,0,0,29
01/27/2016,CKB,WV,AEA,CE,Combined TRACON& Tower with Radar,0,10,16,24,50,0,0,2,0,2,0,10,18,24,52,6,16,22,74
01/28/2016,CKB,WV,AEA,CE,Combined TRACON& Tower with Radar,2,15,2,21,40,0,0,4,2,6,2,15,6,23,46,0,0,0,46
01/29/2016,CKB,WV,AEA,CE,Combined TRACON& Tower with Radar,5,6,7,4,22,0,0,1,0,1,5,6,8,4,23,0,0,0,23
01/30/2016,CKB,WV,AEA,CE,Combined TRACON& Tower with Radar,5,6,5,0,16,0,0,13,0,13,5,6,18,0,29,54,0,54,83
01/31/2016,CKB,WV,AEA,CE,Combined TRACON& Tower with Radar,3,3,4,2,12,0,0,7,0,7,3,3,11,2,19,64,0,64,83
02/01/2016,CKB,WV,AEA,CE,Combined TRACON& Tower with Radar,5,9,8,16,38,0,0,8,0,8,5,9,16,16,46,0,0,0,46
02/02/2016,CKB,WV,AEA,CE,Combined TRACON& Tower with Radar,0,8,3,25,36,0,0,3,0,3,0,8,6,25,39,14,16,30,69
02/03/2016,CKB,WV,AEA,CE,Combined TRACON& Tower with Radar,2,7,6,31,46,0,0,1,3,4,2,7,7,34,50,0,14,14,64
02/04/2016,CKB,WV,AEA,CE,Combined TRACON& Tower with Radar,3,7,2,21,33,0,0,7,0,7,3,7,9,21,40,8,0,8,48
02/05/2016,CKB,WV,AEA,CE,Combined TRACON& Tower with Radar,2,10,12,17,41,0,0,14,0,14,2,10,26,17,55,12,0,12,67
02/06/2016,CKB,WV,AEA,CE,Combined TRACON& Tower with Radar,1,5,10,0,16,0,0,15,0,15,1,5,25,0,31,0,0,0,31
02/07/2016,CKB,WV,AEA,CE,Combined TRACON& Tower with Radar,2,3,8,2,15,0,0,16,1,17,2,3,24,3,32,32,2,34,66
02/08/2016,CKB,WV,AEA,CE,Combined TRACON& Tower with Radar,2,8,7,23,40,0,0,1,0,1,2,8,8,23,41,0,0,0,41
02/09/2016,CKB,WV,AEA,CE,Combined TRACON& Tower with Radar,0,7,2,1,10,0,0,2,0,2,0,7,4,1,12,0,0,0,12
02/10/2016,CKB,WV,AEA,CE,Combined TRACON& Tower with Radar,0,12,7,18,37,0,0,0,0,0,0,12,7,18,37,0,0,0,37
02/11/2016,CKB,WV,AEA,CE,Combined TRACON& Tower with Radar,4,7,5,25,41,0,0,3,0,3,4,7,8,25,44,0,0,0,44
02/12/2016,CKB,WV,AEA,CE,Combined TRACON& Tower with Radar,2,7,8,6,23,0,0,3,5,8,2,7,11,11,31,0,0,0,31
02/13/2016,CKB,WV,AEA,CE,Combined TRACON& Tower with Radar,6,8,2,0,16,0,0,0,0,0,6,8,2,0,16,0,0,0,16
02/14/2016,CKB,WV,AEA,CE,Combined TRACON& Tower with Radar,5,3,4,0,12,0,3,1,0,4,5,6,5,0,16,0,0,0,16
02/15/2016,CKB,WV,AEA,CE,Combined TRACON& Tower with Radar,2,2,3,3,10,0,0,1,0,1,2,2,4,3,11,0,0,0,11
02/16/2016,CKB,WV,AEA,CE,Combined TRACON& Tower with Radar,0,8,0,4,12,0,0,2,0,2,0,8,2,4,14,0,0,0,14
02/17/2016,CKB,WV,AEA,CE,Combined TRACON& Tower with Radar,0,10,5,4,19,0,0,4,0,4,0,10,9,4,23,0,0,0,23
02/18/2016,CKB,WV,AEA,CE,Combined TRACON& Tower with Radar,4,10,8,8,30,0,0,1,0,1,4,10,9,8,31,10,8,18,49
02/19/2016,CKB,WV,AEA,CE,Combined TRACON& Tower with Radar,2,10,5,14,31,0,0,0,2,2,2,10,5,16,33,2,6,8,41
02/20/2016,CKB,WV,AEA,CE,Combined TRACON& Tower with Radar,5,8,5,0,18,0,1,7,0,8,5,9,12,0,26,0,0,0,26
02/21/2016,CKB,WV,AEA,CE,Combined TRACON& Tower with Radar,4,9,7,0,20,0,0,1,0,1,4,9,8,0,21,44,0,44,65
02/22/2016,CKB,WV,AEA,CE,Combined TRACON& Tower with Radar,7,6,10,4,27,0,0,8,2,10,7,6,18,6,37,2,4,6,43
02/23/2016,CKB,WV,AEA,CE,Combined TRACON& Tower with Radar,0,13,10,20,43,0,0,7,0,7,0,13,17,20,50,20,0,20,70
02/24/2016,CKB,WV,AEA,CE,Combined TRACON& Tower with Radar,1,11,3,0,15,0,0,2,0,2,1,11,5,0,17,0,26,26,43
02/25/2016,CKB,WV,AEA,CE,Combined TRACON& Tower with Radar,2,7,2,4,15,0,0,0,0,0,2,7,2,4,15,0,0,0,15
02/26/2016,CKB,WV,AEA,CE,Combined TRACON& Tower with Radar,2,9,13,10,34,0,0,7,0,7,2,9,20,10,41,0,0,0,41
02/27/2016,CKB,WV,AEA,CE,Combined TRACON& Tower with Radar,4,6,9,0,19,0,0,9,1,10,4,6,18,1,29,76,0,76,105
02/28/2016,CKB,WV,AEA,CE,Combined TRACON& Tower with Radar,2,3,10,0,15,0,0,4,0,4,2,3,14,0,19,0,0,0,19
02/29/2016,CKB,WV,AEA,CE,Combined TRACON& Tower with Radar,1,8,16,8,33,0,0,8,1,9,1,8,24,9,42,30,50,80,122
03/01/2016,CKB,WV,AEA,CE,Combined TRACON& Tower with Radar,1,9,3,14,27,0,0,6,1,7,1,9,9,15,34,0,0,0,34
03/02/2016,CKB,WV,AEA,CE,Combined TRACON& Tower with Radar,0,10,7,4,21,0,0,3,0,3,0,10,10,4,24,2,0,2,26
03/03/2016,CKB,WV,AEA,CE,Combined TRACON& Tower with Radar,8,3,1,9,21,0,0,8,2,10,8,3,9,11,31,14,0,14,45
03/04/2016,CKB,WV,AEA,CE,Combined TRACON& Tower with Radar,2,6,3,4,15,0,0,2,0,2,2,6,5,4,17,0,0,0,17
03/05/2016,CKB,WV,AEA,CE,Combined TRACON& Tower with Radar,3,4,2,0,9,0,0,2,3,5,3,4,4,3,14,48,24,72,86
03/06/2016,CKB,WV,AEA,CE,Combined TRACON& Tower with Radar,3,6,5,1,15,0,0,2,0,2,3,6,7,1,17,0,0,0,17
03/07/2016,CKB,WV,AEA,CE,Combined TRACON& Tower with Radar,3,5,20,6,34,0,0,10,2,12,3,5,30,8,46,48,36,84,130
03/08/2016,CKB,WV,AEA,CE,Combined TRACON& Tower with Radar,2,10,8,15,35,0,0,4,3,7,2,10,12,18,42,32,10,42,84
03/09/2016,CKB,WV,AEA,CE,Combined TRACON& Tower with Radar,0,11,10,16,37,0,0,18,12,30,0,11,28,28,67,52,52,104,171
03/10/2016,CKB,WV,AEA,CE,Combined TRACON& Tower with Radar,5,5,10,12,32,0,0,9,3,12,5,5,19,15,44,0,8,8,52
03/11/2016,CKB,WV,AEA,CE,Combined TRACON& Tower with Radar,1,7,14,9,31,0,0,2,0,2,1,7,16,9,33,6,0,6,39
03/12/2016,CKB,WV,AEA,CE,Combined TRACON& Tower with Radar,0,6,6,1,13,0,0,5,0,5,0,6,11,1,18,54,14,68,86
03/13/2016,CKB,WV,AEA,CE,Combined TRACON& Tower with Radar,4,3,8,1,16,0,0,0,0,0,4,3,8,1,16,0,0,0,16
03/14/2016,CKB,WV,AEA,CE,Combined TRACON& Tower with Radar,0,5,14,5,24,0,0,4,1,5,0,5,18,6,29,2,4,6,35
03/15/2016,CKB,WV,AEA,CE,Combined TRACON& Tower with Radar,0,7,14,14,35,0,0,10,0,10,0,7,24,14,45,14,42,56,101
03/16/2016,CKB,WV,AEA,CE,Combined TRACON& Tower with Radar,2,4,9,9,24,0,1,7,0,8,2,5,16,9,32,0,0,0,32
03/17/2016,CKB,WV,AEA,CE,Combined TRACON& Tower with Radar,2,10,7,4,23,0,0,2,0,2,2,10,9,4,25,0,32,32,57
03/18/2016,CKB,WV,AEA,CE,Combined TRACON& Tower with Radar,0,4,10,5,19,0,2,9,0,11,0,6,19,5,30,0,14,14,44
03/19/2016,CKB,WV,AEA,CE,Combined TRACON& Tower with Radar,2,1,1,1,5,0,0,0,0,0,2,1,1,1,5,0,0,0,5
03/20/2016,CKB,WV,AEA,CE,Combined TRACON& Tower with Radar,2,5,1,0,8,0,0,0,0,0,2,5,1,0,8,0,0,0,8
03/21/2016,CKB,WV,AEA,CE,Combined TRACON& Tower with Radar,4,2,8,14,28,0,0,2,0,2,4,2,10,14,30,0,16,16,46
03/22/2016,CKB,WV,AEA,CE,Combined TRACON& Tower with Radar,0,6,7,19,32,0,1,16,0,17,0,7,23,19,49,12,28,40,89
03/23/2016,CKB,WV,AEA,CE,Combined TRACON& Tower with Radar,0,4,10,10,24,0,0,15,0,15,0,4,25,10,39,2,26,28,67
03/24/2016,CKB,WV,AEA,CE,Combined TRACON& Tower with Radar,5,5,17,19,46,0,1,3,1,5,5,6,20,20,51,22,40,62,113
03/25/2016,CKB,WV,AEA,CE,Combined TRACON& Tower with Radar,1,4,6,0,11,0,0,2,0,2,1,4,8,0,13,0,0,0,13
03/26/2016,CKB,WV,AEA,CE,Combined TRACON& Tower with Radar,2,3,8,0,13,0,0,15,1,16,2,3,23,1,29,0,0,0,29
03/27/2016,CKB,WV,AEA,CE,Combined TRACON& Tower with Radar,3,3,9,0,15,0,0,9,1,10,3,3,18,1,25,0,0,0,25
03/28/2016,CKB,WV,AEA,CE,Combined TRACON& Tower with Radar,2,7,6,4,19,0,0,0,1,1,2,7,6,5,20,0,0,0,20
03/29/2016,CKB,WV,AEA,CE,Combined TRACON& Tower with Radar,0,7,2,11,20,0,0,9,0,9,0,7,11,11,29,4,46,50,79
03/30/2016,CKB,WV,AEA,CE,Combined TRACON& Tower with Radar,1,7,17,9,34,0,0,19,0,19,1,7,36,9,53,4,32,36,89
03/31/2016,CKB,WV,AEA,CE,Combined TRACON& Tower with Radar,2,5,4,13,24,0,0,0,2,2,2,5,4,15,26,8,92,100,126
04/01/2016,CKB,WV,AEA,CE,Combined TRACON& Tower with Radar,1,5,10,6,22,0,2,3,2,7,1,7,13,8,29,12,38,50,79
04/02/2016,CKB,WV,AEA,CE,Combined TRACON& Tower with Radar,0,8,0,0,8,0,0,4,0,4,0,8,4,0,12,0,0,0,12
04/03/2016,CKB,WV,AEA,CE,Combined TRACON& Tower with Radar,0,7,2,2,11,0,0,4,0,4,0,7,6,2,15,40,0,40,55
04/04/2016,CKB,WV,AEA,CE,Combined TRACON& Tower with Radar,3,5,11,4,23,0,0,3,0,3,3,5,14,4,26,0,0,0,26
04/05/2016,CKB,WV,AEA,CE,Combined TRACON& Tower with Radar,8,5,6,7,26,0,0,17,1,18,8,5,23,8,44,10,14,24,68
04/06/2016,CKB,WV,AEA,CE,Combined TRACON& Tower with Radar,1,7,8,8,24,0,0,13,0,13,1,7,21,8,37,38,15,53,90
04/07/2016,CKB,WV,AEA,CE,Combined TRACON& Tower with Radar,8,5,7,8,28,0,0,0,0,0,8,5,7,8,28,0,0,0,28
04/08/2016,CKB,WV,AEA,CE,Combined TRACON& Tower with Radar,2,4,3,8,17,0,0,1,1,2,2,4,4,9,19,0,0,0,19
04/09/2016,CKB,WV,AEA,CE,Combined TRACON& Tower with Radar,0,3,0,0,3,0,0,0,0,0,0,3,0,0,3,0,0,0,3
04/10/2016,CKB,WV,AEA,CE,Combined TRACON& Tower with Radar,2,4,10,0,16,0,0,11,0,11,2,4,21,0,27,10,0,10,37
04/11/2016,CKB,WV,AEA,CE,Combined TRACON& Tower with Radar,1,5,10,2,18,0,0,4,0,4,1,5,14,2,22,0,0,0,22
04/12/2016,CKB,WV,AEA,CE,Combined TRACON& Tower with Radar,14,6,3,6,29,0,0,9,0,9,14,6,12,6,38,0,0,0,38
04/13/2016,CKB,WV,AEA,CE,Combined TRACON& Tower with Radar,2,7,26,1,36,0,0,27,5,32,2,7,53,6,68,81,32,113,181
04/14/2016,CKB,WV,AEA,CE,Combined TRACON& Tower with Radar,2,4,18,6,30,0,0,24,3,27,2,4,42,9,57,53,12,65,122
04/15/2016,CKB,WV,AEA,CE,Combined TRACON& Tower with Radar,1,4,16,5,26,0,0,12,0,12,1,4,28,5,38,35,40,75,113
04/16/2016,CKB,WV,AEA,CE,Combined TRACON& Tower with Radar,2,3,7,0,12,0,0,20,1,21,2,3,27,1,33,70,0,70,103
04/17/2016,CKB,WV,AEA,CE,Combined TRACON& Tower with Radar,2,5,7,0,14,0,0,15,0,15,2,5,22,0,29,52,0,52,81
04/18/2016,CKB,WV,AEA,CE,Combined TRACON& Tower with Radar,2,4,9,7,22,0,0,17,1,18,2,4,26,8,40,16,10,26,66
04/19/2016,CKB,WV,AEA,CE,Combined TRACON& Tower with Radar,1,5,4,8,18,0,0,14,0,14,1,5,18,8,32,48,8,56,88
04/20/2016,CKB,WV,AEA,CE,Combined TRACON& Tower with Radar,1,5,12,9,27,0,0,24,5,29,1,5,36,14,56,71,4,75,131
04/21/2016,CKB,WV,AEA,CE,Combined TRACON& Tower with Radar,2,6,4,17,29,0,0,7,1,8,2,6,11,18,37,0,4,4,41
04/22/2016,CKB,WV,AEA,CE,Combined TRACON& Tower with Radar,1,8,14,10,33,0,0,4,0,4,1,8,18,10,37,24,0,24,61
04/23/2016,CKB,WV,AEA,CE,Combined TRACON& Tower with Radar,4,3,1,0,8,0,0,2,0,2,4,3,3,0,10,0,0,0,10
04/24/2016,CKB,WV,AEA,CE,Combined TRACON& Tower with Radar,4,4,16,0,24,0,0,20,0,20,4,4,36,0,44,0,0,0,44
04/25/2016,CKB,WV,AEA,CE,Combined TRACON& Tower with Radar,0,5,12,19,36,0,0,13,1,14,0,5,25,20,50,6,0,6,56
04/26/2016,CKB,WV,AEA,CE,Combined TRACON& Tower with Radar,0,5,6,0,11,0,0,4,0,4,0,5,10,0,15,40,2,42,57
04/27/2016,CKB,WV,AEA,CE,Combined TRACON& Tower with Radar,0,3,3,20,26,0,0,3,0,3,0,3,6,20,29,10,4,14,43
04/28/2016,CKB,WV,AEA,CE,Combined TRACON& Tower with Radar,4,5,11,15,35,0,0,2,0,2,4,5,13,15,37,0,68,68,105
04/29/2016,CKB,WV,AEA,CE,Combined TRACON& Tower with Radar,0,10,11,16,37,0,0,6,0,6,0,10,17,16,43,16,0,16,59
04/30/2016,CKB,WV,AEA,CE,Combined TRACON& Tower with Radar,4,5,7,2,18,0,0,10,0,10,4,5,17,2,28,0,0,0,28
05/01/2016,CKB,WV,AEA,CE,Combined TRACON& Tower with Radar,4,4,7,0,15,0,0,0,0,0,4,4,7,0,15,0,0,0,15
05/02/2016,CKB,WV,AEA,CE,Combined TRACON& Tower with Radar,4,5,8,22,39,0,2,9,0,11,4,7,17,22,50,4,14,18,68
05/03/2016,CKB,WV,AEA,CE,Combined TRACON& Tower with Radar,3,6,16,15,40,0,0,2,0,2,3,6,18,15,42,12,58,70,112
05/04/2016,CKB,WV,AEA,CE,Combined TRACON& Tower with Radar,1,8,12,14,35,0,0,1,0,1,1,8,13,14,36,32,18,50,86
05/05/2016,CKB,WV,AEA,CE,Combined TRACON& Tower with Radar,2,6,12,30,50,0,0,0,0,0,2,6,12,30,50,0,0,0,50
05/06/2016,CKB,WV,AEA,CE,Combined TRACON& Tower with Radar,0,4,16,18,38,0,0,7,0,7,0,4,23,18,45,12,54,66,111
05/07/2016,CKB,WV,AEA,CE,Combined TRACON& Tower with Radar,3,3,10,0,16,0,0,9,0,9,3,3,19,0,25,40,8,48,73
05/08/2016,CKB,WV,AEA,CE,Combined TRACON& Tower with Radar,2,9,11,1,23,0,0,13,1,14,2,9,24,2,37,19,0,19,56
05/09/2016,CKB,WV,AEA,CE,Combined TRACON& Tower with Radar,0,6,13,21,40,0,0,2,1,3,0,6,15,22,43,0,0,0,43
05/10/2016,CKB,WV,AEA,CE,Combined TRACON& Tower with Radar,0,5,13,20,38,0,0,11,3,14,0,5,24,23,52,14,60,74,126
05/11/2016,CKB,WV,AEA,CE,Combined TRACON& Tower with Radar,0,7,5,18,30,0,0,3,0,3,0,7,8,18,33,6,0,6,39
05/12/2016,CKB,WV,AEA,CE,Combined TRACON& Tower with Radar,2,9,11,15,37,0,0,3,0,3,2,9,14,15,40,0,0,0,40
05/13/2016,CKB,WV,AEA,CE,Combined TRACON& Tower with Radar,2,12,4,6,24,0,0,4,1,5,2,12,8,7,29,0,0,0,29
05/14/2016,CKB,WV,AEA,CE,Combined TRACON& Tower with Radar,4,5,2,2,13,0,0,2,0,2,4,5,4,2,15,0,0,0,15
05/15/2016,CKB,WV,AEA,CE,Combined TRACON& Tower with Radar,6,3,5,0,14,0,0,3,0,3,6,3,8,0,17,0,0,0,17
05/16/2016,CKB,WV,AEA,CE,Combined TRACON& Tower with Radar,3,5,11,8,27,1,0,22,1,24,4,5,33,9,51,16,4,20,71
05/17/2016,CKB,WV,AEA,CE,Combined TRACON& Tower with Radar,0,9,5,8,22,0,0,0,0,0,0,9,5,8,22,0,8,8,30
05/18/2016,CKB,WV,AEA,CE,Combined TRACON& Tower with Radar,0,12,16,9,37,0,0,0,0,0,0,12,16,9,37,0,0,0,37
05/19/2016,CKB,WV,AEA,CE,Combined TRACON& Tower with Radar,2,11,16,19,48,0,0,16,1,17,2,11,32,20,65,48,22,70,135
05/20/2016,CKB,WV,AEA,CE,Combined TRACON& Tower with Radar,1,5,7,2,15,0,0,8,2,10,1,5,15,4,25,30,34,64,89
05/21/2016,CKB,WV,AEA,CE,Combined TRACON& Tower with Radar,0,4,7,0,11,0,0,0,0,0,0,4,7,0,11,0,0,0,11
05/22/2016,CKB,WV,AEA,CE,Combined TRACON& Tower with Radar,9,3,3,0,15,0,0,0,0,0,9,3,3,0,15,30,2,32,47
05/23/2016,CKB,WV,AEA,CE,Combined TRACON& Tower with Radar,0,7,8,11,26,0,0,4,2,6,0,7,12,13,32,0,0,0,32
05/24/2016,CKB,WV,AEA,CE,Combined TRACON& Tower with Radar,1,6,21,2,30,0,0,28,1,29,1,6,49,3,59,30,0,30,89
05/25/2016,CKB,WV,AEA,CE,Combined TRACON& Tower with Radar,0,8,13,2,23,0,0,12,1,13,0,8,25,3,36,24,16,40,76
05/26/2016,CKB,WV,AEA,CE,Combined TRACON& Tower with Radar,7,5,7,2,21,1,0,6,0,7,8,5,13,2,28,21,10,31,59
05/27/2016,CKB,WV,AEA,CE,Combined TRACON& Tower with Radar,0,7,6,0,13,0,0,10,0,10,0,7,16,0,23,0,0,0,23
05/28/2016,CKB,WV,AEA,CE,Combined TRACON& Tower with Radar,1,5,3,0,9,0,1,5,0,6,1,6,8,0,15,0,0,0,15
05/29/2016,CKB,WV,AEA,CE,Combined TRACON& Tower with Radar,4,4,1,0,9,0,2,5,0,7,4,6,6,0,16,0,0,0,16
05/30/2016,CKB,WV,AEA,CE,Combined TRACON& Tower with Radar,0,4,4,0,8,0,0,5,0,5,0,4,9,0,13,0,0,0,13
05/31/2016,CKB,WV,AEA,CE,Combined TRACON& Tower with Radar,0,4,14,4,22,1,0,14,0,15,1,4,28,4,37,28,22,50,87
06/01/2016,CKB,WV,AEA,CE,Combined TRACON& Tower with Radar,4,4,9,7,24,0,0,12,0,12,4,4,21,7,36,30,16,46,82
06/02/2016,CKB,WV,AEA,CE,Combined TRACON& Tower with Radar,2,5,8,2,17,0,0,6,2,8,2,5,14,4,25,0,0,0,25
06/03/2016,CKB,WV,AEA,CE,Combined TRACON& Tower with Radar,2,9,5,0,16,0,0,4,0,4,2,9,9,0,20,0,0,0,20
06/04/2016,CKB,WV,AEA,CE,Combined TRACON& Tower with Radar,0,4,11,0,15,0,0,6,0,6,0,4,17,0,21,0,0,0,21
06/05/2016,CKB,WV,AEA,CE,Combined TRACON& Tower with Radar,2,6,4,0,12,0,2,0,0,2,2,8,4,0,14,0,0,0,14
06/06/2016,CKB,WV,AEA,CE,Combined TRACON& Tower with Radar,4,9,14,12,39,0,0,11,4,15,4,9,25,16,54,6,2,8,62
06/07/2016,CKB,WV,AEA,CE,Combined TRACON& Tower with Radar,0,8,4,9,21,0,0,10,3,13,0,8,14,12,34,4,0,4,38
06/08/2016,CKB,WV,AEA,CE,Combined TRACON& Tower with Radar,0,7,10,22,39,0,0,3,5,8,0,7,13,27,47,0,0,0,47
06/09/2016,CKB,WV,AEA,CE,Combined TRACON& Tower with Radar,2,11,13,17,43,0,0,12,3,15,2,11,25,20,58,0,6,6,64
06/10/2016,CKB,WV,AEA,CE,Combined TRACON& Tower with Radar,2,4,8,12,26,0,0,11,0,11,2,4,19,12,37,20,20,40,77
06/11/2016,CKB,WV,AEA,CE,Combined TRACON& Tower with Radar,0,5,4,0,9,0,0,1,0,1,0,5,5,0,10,0,0,0,10
06/12/2016,CKB,WV,AEA,CE,Combined TRACON& Tower with Radar,2,3,8,0,13,0,0,6,0,6,2,3,14,0,19,0,0,0,19
06/13/2016,CKB,WV,AEA,CE,Combined TRACON& Tower with Radar,2,4,14,18,38,0,0,12,0,12,2,4,26,18,50,0,0,0,50
06/14/2016,CKB,WV,AEA,CE,Combined TRACON& Tower with Radar,1,6,9,14,30,0,0,10,0,10,1,6,19,14,40,0,0,0,40
06/15/2016,CKB,WV,AEA,CE,Combined TRACON& Tower with Radar,1,5,10,15,31,0,0,9,0,9,1,5,19,15,40,26,24,50,90
06/16/2016,CKB,WV,AEA,CE,Combined TRACON& Tower with Radar,6,4,5,21,36,0,0,9,1,10,6,4,14,22,46,0,0,0,46
06/17/2016,CKB,WV,AEA,CE,Combined TRACON& Tower with Radar,5,6,9,9,29,0,0,6,0,6,5,6,15,9,35,0,6,6,41
06/18/2016,CKB,WV,AEA,CE,Combined TRACON& Tower with Radar,3,3,4,0,10,0,0,13,2,15,3,3,17,2,25,13,6,19,44
06/19/2016,CKB,WV,AEA,CE,Combined TRACON& Tower with Radar,8,6,8,0,22,0,0,8,0,8,8,6,16,0,30,0,0,0,30
06/20/2016,CKB,WV,AEA,CE,Combined TRACON& Tower with Radar,2,7,11,21,41,0,0,9,3,12,2,7,20,24,53,0,48,48,101
06/21/2016,CKB,WV,AEA,CE,Combined TRACON& Tower with Radar,0,5,3,23,31,0,0,4,1,5,0,5,7,24,36,0,0,0,36
06/22/2016,CKB,WV,AEA,CE,Combined TRACON& Tower with Radar,0,6,8,19,33,0,0,9,0,9,0,6,17,19,42,3,11,14,56
06/23/2016,CKB,WV,AEA,CE,Combined TRACON& Tower with Radar,7,12,7,17,43,0,0,1,1,2,7,12,8,18,45,0,0,0,45
06/24/2016,CKB,WV,AEA,CE,Combined TRACON& Tower with Radar,7,6,9,16,38,0,0,4,0,4,7,6,13,16,42,0,0,0,42
06/25/2016,CKB,WV,AEA,CE,Combined TRACON& Tower with Radar,0,3,7,3,13,0,0,24,0,24,0,3,31,3,37,0,0,0,37
06/26/2016,CKB,WV,AEA,CE,Combined TRACON& Tower with Radar,3,3,7,14,27,0,0,11,0,11,3,3,18,14,38,28,8,36,74
06/27/2016,CKB,WV,AEA,CE,Combined TRACON& Tower with Radar,2,4,9,13,28,0,0,6,0,6,2,4,15,13,34,0,0,0,34
06/28/2016,CKB,WV,AEA,CE,Combined TRACON& Tower with Radar,0,8,8,18,34,0,0,7,0,7,0,8,15,18,41,40,10,50,91
06/29/2016,CKB,WV,AEA,CE,Combined TRACON& Tower with Radar,2,4,5,15,26,0,0,12,0,12,2,4,17,15,38,42,16,58,96
06/30/2016,CKB,WV,AEA,CE,Combined TRACON& Tower with Radar,3,5,8,6,22,0,0,14,1,15,3,5,22,7,37,14,0,14,51
07/01/2016,CKB,WV,AEA,CE,Combined TRACON& Tower with Radar,2,4,7,6,19,0,0,15,0,15,2,4,22,6,34,4,0,4,38
07/02/2016,CKB,WV,AEA,CE,Combined TRACON& Tower with Radar,0,3,12,0,15,0,0,5,0,5,0,3,17,0,20,0,0,0,20
07/03/2016,CKB,WV,AEA,CE,Combined TRACON& Tower with Radar,5,5,5,0,15,0,0,3,0,3,5,5,8,0,18,0,0,0,18
07/04/2016,CKB,WV,AEA,CE,Combined TRACON& Tower with Radar,9,9,5,0,23,0,0,0,0,0,9,9,5,0,23,0,0,0,23
07/05/2016,CKB,WV,AEA,CE,Combined TRACON& Tower with Radar,3,6,11,10,30,0,0,9,0,9,3,6,20,10,39,7,0,7,46
07/06/2016,CKB,WV,AEA,CE,Combined TRACON& Tower with Radar,0,5,10,4,19,0,0,9,2,11,0,5,19,6,30,0,2,2,32
07/07/2016,CKB,WV,AEA,CE,Combined TRACON& Tower with Radar,1,4,10,12,27,0,0,5,0,5,1,4,15,12,32,0,0,0,32
07/08/2016,CKB,WV,AEA,CE,Combined TRACON& Tower with Radar,3,4,11,9,27,0,0,3,0,3,3,4,14,9,30,0,0,0,30
07/09/2016,CKB,WV,AEA,CE,Combined TRACON& Tower with Radar,0,3,5,6,14,0,2,2,0,4,0,5,7,6,18,0,6,6,24
07/10/2016,CKB,WV,AEA,CE,Combined TRACON& Tower with Radar,4,5,14,6,29,0,0,16,0,16,4,5,30,6,45,20,0,20,65
07/11/2016,CKB,WV,AEA,CE,Combined TRACON& Tower with Radar,5,4,11,10,30,0,0,22,1,23,5,4,33,11,53,0,8,8,61
07/12/2016,CKB,WV,AEA,CE,Combined TRACON& Tower with Radar,3,4,8,14,29,0,0,12,0,12,3,4,20,14,41,26,76,102,143
07/13/2016,CKB,WV,AEA,CE,Combined TRACON& Tower with Radar,1,4,4,16,25,0,0,6,0,6,1,4,10,16,31,0,8,8,39
07/14/2016,CKB,WV,AEA,CE,Combined TRACON& Tower with Radar,4,5,12,9,30,0,0,15,1,16,4,5,27,10,46,12,10,22,68
07/15/2016,CKB,WV,AEA,CE,Combined TRACON& Tower with Radar,2,5,16,5,28,0,0,5,0,5,2,5,21,5,33,0,0,0,33
07/16/2016,CKB,WV,AEA,CE,Combined TRACON& Tower with Radar,0,3,1,0,4,0,0,6,0,6,0,3,7,0,10,14,0,14,24
07/17/2016,CKB,WV,AEA,CE,Combined TRACON& Tower with Radar,3,3,13,0,19,0,0,16,0,16,3,3,29,0,35,37,0,37,72
07/18/2016,CKB,WV,AEA,CE,Combined TRACON& Tower with Radar,9,4,7,3,23,0,0,3,0,3,9,4,10,3,26,8,18,26,52
07/19/2016,CKB,WV,AEA,CE,Combined TRACON& Tower with Radar,1,5,17,9,32,0,0,15,0,15,1,5,32,9,47,16,8,24,71
07/20/2016,CKB,WV,AEA,CE,Combined TRACON& Tower with Radar,3,4,6,12,25,0,0,19,0,19,3,4,25,12,44,14,26,40,84
07/21/2016,CKB,WV,AEA,CE,Combined TRACON& Tower with Radar,2,5,18,5,30,0,0,24,0,24,2,5,42,5,54,26,0,26,80
07/22/2016,CKB,WV,AEA,CE,Combined TRACON& Tower with Radar,2,4,16,6,28,0,0,14,0,14,2,4,30,6,42,34,14,48,90
07/23/2016,CKB,WV,AEA,CE,Combined TRACON& Tower with Radar,0,4,4,1,9,0,2,13,0,15,0,6,17,1,24,8,0,8,32
07/24/2016,CKB,WV,AEA,CE,Combined TRACON& Tower with Radar,2,3,4,0,9,0,0,3,0,3,2,3,7,0,12,10,0,10,22
07/25/2016,CKB,WV,AEA,CE,Combined TRACON& Tower with Radar,6,5,15,9,35,0,1,3,1,5,6,6,18,10,40,0,0,0,40
07/26/2016,CKB,WV,AEA,CE,Combined TRACON& Tower with Radar,0,7,4,10,21,0,3,2,0,5,0,10,6,10,26,14,2,16,42
07/27/2016,CKB,WV,AEA,CE,Combined TRACON& Tower with Radar,0,3,14,12,29,0,0,17,0,17,0,3,31,12,46,12,8,20,66
07/28/2016,CKB,WV,AEA,CE,Combined TRACON& Tower with Radar,7,8,13,17,45,0,0,3,1,4,7,8,16,18,49,0,2,2,51
07/29/2016,CKB,WV,AEA,CE,Combined TRACON& Tower with Radar,3,4,7,2,16,0,0,6,2,8,3,4,13,4,24,10,22,32,56
07/30/2016,CKB,WV,AEA,CE,Combined TRACON& Tower with Radar,1,4,4,2,11,0,0,3,1,4,1,4,7,3,15,0,0,0,15
07/31/2016,CKB,WV,AEA,CE,Combined TRACON& Tower with Radar,2,5,2,0,9,0,0,6,1,7,2,5,8,1,16,7,0,7,23
08/01/2016,CKB,WV,AEA,CE,Combined TRACON& Tower with Radar,4,4,14,16,38,0,1,6,2,9,4,5,20,18,47,0,4,4,51
08/02/2016,CKB,WV,AEA,CE,Combined TRACON& Tower with Radar,0,4,7,6,17,0,0,11,0,11,0,4,18,6,28,10,12,22,50
08/03/2016,CKB,WV,AEA,CE,Combined TRACON& Tower with Radar,1,5,10,6,22,0,0,9,0,9,1,5,19,6,31,18,5,23,54
08/04/2016,CKB,WV,AEA,CE,Combined TRACON& Tower with Radar,5,6,11,8,30,0,2,8,0,10,5,8,19,8,40,4,20,24,64
08/05/2016,CKB,WV,AEA,CE,Combined TRACON& Tower with Radar,2,7,17,4,30,0,0,9,2,11,2,7,26,6,41,0,0,0,41
08/06/2016,CKB,WV,AEA,CE,Combined TRACON& Tower with Radar,0,4,3,0,7,0,0,6,0,6,0,4,9,0,13,0,0,0,13
08/07/2016,CKB,WV,AEA,CE,Combined TRACON& Tower with Radar,4,4,8,0,16,0,0,22,2,24,4,4,30,2,40,28,0,28,68
08/08/2016,CKB,WV,AEA,CE,Combined TRACON& Tower with Radar,2,4,17,6,29,0,0,18,1,19,2,4,35,7,48,24,8,32,80
08/09/2016,CKB,WV,AEA,CE,Combined TRACON& Tower with Radar,4,7,4,16,31,0,0,9,0,9,4,7,13,16,40,0,0,0,40
08/10/2016,CKB,WV,AEA,CE,Combined TRACON& Tower with Radar,0,6,22,5,33,0,0,14,3,17,0,6,36,8,50,12,26,38,88
08/11/2016,CKB,WV,AEA,CE,Combined TRACON& Tower with Radar,3,9,7,3,22,0,0,11,7,18,3,9,18,10,40,20,0,20,60
08/12/2016,CKB,WV,AEA,CE,Combined TRACON& Tower with Radar,4,6,13,2,25,0,2,13,5,20,4,8,26,7,45,0,0,0,45
08/13/2016,CKB,WV,AEA,CE,Combined TRACON& Tower with Radar,4,4,5,2,15,0,0,5,0,5,4,4,10,2,20,13,0,13,33
08/14/2016,CKB,WV,AEA,CE,Combined TRACON& Tower with Radar,2,3,6,0,11,0,0,2,0,2,2,3,8,0,13,8,0,8,21
08/15/2016,CKB,WV,AEA,CE,Combined TRACON& Tower with Radar,2,5,12,10,29,0,0,7,0,7,2,5,19,10,36,0,4,4,40
08/16/2016,CKB,WV,AEA,CE,Combined TRACON& Tower with Radar,0,7,7,10,24,0,0,2,0,2,0,7,9,10,26,4,4,8,34
08/17/2016,CKB,WV,AEA,CE,Combined TRACON& Tower with Radar,0,4,8,6,18,0,1,7,0,8,0,5,15,6,26,0,0,0,26
08/18/2016,CKB,WV,AEA,CE,Combined TRACON& Tower with Radar,0,6,7,9,22,0,0,7,3,10,0,6,14,12,32,0,0,0,32
08/19/2016,CKB,WV,AEA,CE,Combined TRACON& Tower with Radar,2,4,7,2,15,0,0,9,0,9,2,4,16,2,24,20,0,20,44
08/20/2016,CKB,WV,AEA,CE,Combined TRACON& Tower with Radar,2,4,9,1,16,0,0,9,2,11,2,4,18,3,27,0,0,0,27
08/21/2016,CKB,WV,AEA,CE,Combined TRACON& Tower with Radar,2,7,4,6,19,0,0,0,0,0,2,7,4,6,19,0,0,0,19
08/22/2016,CKB,WV,AEA,CE,Combined TRACON& Tower with Radar,2,4,17,12,35,0,0,19,0,19,2,4,36,12,54,8,12,20,74
08/23/2016,CKB,WV,AEA,CE,Combined TRACON& Tower with Radar,1,6,13,18,38,0,0,22,4,26,1,6,35,22,64,20,16,36,100
08/24/2016,CKB,WV,AEA,CE,Combined TRACON& Tower with Radar,0,5,14,11,30,0,0,7,1,8,0,5,21,12,38,7,14,21,59
08/25/2016,CKB,WV,AEA,CE,Combined TRACON& Tower with Radar,0,6,9,22,37,0,0,8,0,8,0,6,17,22,45,0,22,22,67
08/26/2016,CKB,WV,AEA,CE,Combined TRACON& Tower with Radar,5,8,18,11,42,0,0,22,0,22,5,8,40,11,64,48,46,94,158
08/27/2016,CKB,WV,AEA,CE,Combined TRACON& Tower with Radar,0,3,8,7,18,0,0,26,0,26,0,3,34,7,44,26,0,26,70
08/28/2016,CKB,WV,AEA,CE,Combined TRACON& Tower with Radar,4,3,9,1,17,0,0,13,0,13,4,3,22,1,30,6,0,6,36
08/29/2016,CKB,WV,AEA,CE,Combined TRACON& Tower with Radar,4,5,18,8,35,0,0,30,0,30,4,5,48,8,65,0,0,0,65
08/30/2016,CKB,WV,AEA,CE,Combined TRACON& Tower with Radar,0,6,11,10,27,0,0,62,3,65,0,6,73,13,92,7,105,112,204
08/31/2016,CKB,WV,AEA,CE,Combined TRACON& Tower with Radar,0,7,13,12,32,0,0,65,1,66,0,7,78,13,98,10,55,65,163
09/01/2016,CKB,WV,AEA,CE,Combined TRACON& Tower with Radar,2,9,4,20,35,0,0,26,0,26,2,9,30,20,61,4,4,8,69
09/02/2016,CKB,WV,AEA,CE,Combined TRACON& Tower with Radar,3,4,6,24,37,0,0,42,0,42,3,4,48,24,79,36,100,136,215
09/03/2016,CKB,WV,AEA,CE,Combined TRACON& Tower with Radar,1,3,9,0,13,0,0,40,0,40,1,3,49,0,53,0,0,0,53
09/04/2016,CKB,WV,AEA,CE,Combined TRACON& Tower with Radar,1,5,9,0,15,0,0,40,2,42,1,5,49,2,57,0,0,0,57
09/05/2016,CKB,WV,AEA,CE,Combined TRACON& Tower with Radar,2,6,9,0,17,0,0,24,0,24,2,6,33,0,41,2,0,2,43
09/06/2016,CKB,WV,AEA,CE,Combined TRACON& Tower with Radar,1,5,15,20,41,0,0,14,0,14,1,5,29,20,55,20,48,68,123
09/07/2016,CKB,WV,AEA,CE,Combined TRACON& Tower with Radar,0,4,11,29,44,0,0,13,3,16,0,4,24,32,60,0,16,16,76
09/08/2016,CKB,WV,AEA,CE,Combined TRACON& Tower with Radar,0,4,15,19,38,0,0,9,0,9,0,4,24,19,47,10,8,18,65
09/09/2016,CKB,WV,AEA,CE,Combined TRACON& Tower with Radar,2,9,6,23,40,0,0,6,0,6,2,9,12,23,46,0,14,14,60
09/10/2016,CKB,WV,AEA,CE,Combined TRACON& Tower with Radar,4,6,2,0,12,0,0,5,0,5,4,6,7,0,17,4,0,4,21
09/11/2016,CKB,WV,AEA,CE,Combined TRACON& Tower with Radar,0,3,10,0,13,0,0,18,0,18,0,3,28,0,31,0,0,0,31
09/12/2016,CKB,WV,AEA,CE,Combined TRACON& Tower with Radar,6,6,18,14,44,0,1,15,5,21,6,7,33,19,65,16,6,22,87
09/13/2016,CKB,WV,AEA,CE,Combined TRACON& Tower with Radar,0,5,13,17,35,0,0,20,3,23,0,5,33,20,58,6,16,22,80
09/14/2016,CKB,WV,AEA,CE,Combined TRACON& Tower with Radar,0,4,12,21,37,0,0,22,4,26,0,4,34,25,63,48,37,85,148
09/15/2016,CKB,WV,AEA,CE,Combined TRACON& Tower with Radar,3,4,10,12,29,0,0,12,0,12,3,4,22,12,41,15,52,67,108
09/16/2016,CKB,WV,AEA,CE,Combined TRACON& Tower with Radar,3,4,11,13,31,0,0,14,1,15,3,4,25,14,46,44,0,44,90
09/17/2016,CKB,WV,AEA,CE,Combined TRACON& Tower with Radar,3,4,3,0,10,0,0,6,0,6,3,4,9,0,16,2,0,2,18
09/18/2016,CKB,WV,AEA,CE,Combined TRACON& Tower with Radar,5,4,9,0,18,0,0,0,0,0,5,4,9,0,18,0,0,0,18
09/19/2016,CKB,WV,AEA,CE,Combined TRACON& Tower with Radar,3,7,17,14,41,0,0,18,1,19,3,7,35,15,60,10,0,10,70
09/20/2016,CKB,WV,AEA,CE,Combined TRACON& Tower with Radar,0,5,11,16,32,0,1,20,0,21,0,6,31,16,53,15,0,15,68
09/21/2016,CKB,WV,AEA,CE,Combined TRACON& Tower with Radar,0,5,17,14,36,0,1,18,0,19,0,6,35,14,55,19,2,21,76
09/22/2016,CKB,WV,AEA,CE,Combined TRACON& Tower with Radar,8,4,11,12,35,0,2,23,0,25,8,6,34,12,60,58,8,66,126
09/23/2016,CKB,WV,AEA,CE,Combined TRACON& Tower with Radar,2,6,2,2,12,0,0,6,0,6,2,6,8,2,18,43,18,61,79
09/24/2016,CKB,WV,AEA,CE,Combined TRACON& Tower with Radar,0,8,15,0,23,0,0,2,0,2,0,8,17,0,25,8,0,8,33
09/25/2016,CKB,WV,AEA,CE,Combined TRACON& Tower with Radar,2,3,9,1,15,0,0,10,1,11,2,3,19,2,26,5,0,5,31
09/26/2016,CKB,WV,AEA,CE,Combined TRACON& Tower with Radar,2,2,15,6,25,0,0,8,0,8,2,2,23,6,33,8,30,38,71
09/27/2016,CKB,WV,AEA,CE,Combined TRACON& Tower with Radar,0,4,16,20,40,0,0,31,2,33,0,4,47,22,73,31,28,59,132
09/28/2016,CKB,WV,AEA,CE,Combined TRACON& Tower with Radar,0,4,16,13,33,0,0,26,0,26,0,4,42,13,59,66,6,72,131
09/29/2016,CKB,WV,AEA,CE,Combined TRACON& Tower with Radar,2,9,15,11,37,0,0,4,0,4,2,9,19,11,41,4,36,40,81
09/30/2016,CKB,WV,AEA,CE,Combined TRACON& Tower with Radar,7,5,11,5,28,0,0,3,1,4,7,5,14,6,32,0,27,27,59
10/01/2016,CKB,WV,AEA,CE,Combined TRACON& Tower with Radar,3,4,8,0,15,0,0,10,0,10,3,4,18,0,25,4,0,4,29
10/02/2016,CKB,WV,AEA,CE,Combined TRACON& Tower with Radar,2,7,9,0,18,0,0,8,0,8,2,7,17,0,26,6,0,6,32
10/03/2016,CKB,WV,AEA,CE,Combined TRACON& Tower with Radar,2,6,21,9,38,0,0,9,0,9,2,6,30,9,47,33,9,42,89
10/04/2016,CKB,WV,AEA,CE,Combined TRACON& Tower with Radar,3,7,16,11,37,0,0,17,1,18,3,7,33,12,55,6,11,17,72
10/05/2016,CKB,WV,AEA,CE,Combined TRACON& Tower with Radar,4,8,16,12,40,0,0,16,1,17,4,8,32,13,57,11,9,20,77
10/06/2016,CKB,WV,AEA,CE,Combined TRACON& Tower with Radar,2,8,7,11,28,0,1,26,1,28,2,9,33,12,56,23,8,31,87
10/07/2016,CKB,WV,AEA,CE,Combined TRACON& Tower with Radar,0,7,7,2,16,0,0,4,0,4,0,7,11,2,20,0,0,0,20
10/08/2016,CKB,WV,AEA,CE,Combined TRACON& Tower with Radar,0,4,14,0,18,0,0,2,0,2,0,4,16,0,20,0,0,0,20
10/09/2016,CKB,WV,AEA,CE,Combined TRACON& Tower with Radar,3,6,9,0,18,0,1,6,0,7,3,7,15,0,25,0,0,0,25
10/10/2016,CKB,WV,AEA,CE,Combined TRACON& Tower with Radar,2,6,23,1,32,0,1,18,0,19,2,7,41,1,51,40,0,40,91
10/11/2016,CKB,WV,AEA,CE,Combined TRACON& Tower with Radar,1,5,4,6,16,0,0,22,0,22,1,5,26,6,38,60,0,60,98
10/12/2016,CKB,WV,AEA,CE,Combined TRACON& Tower with Radar,0,6,14,5,25,0,0,14,2,16,0,6,28,7,41,54,34,88,129
10/13/2016,CKB,WV,AEA,CE,Combined TRACON& Tower with Radar,3,10,18,12,43,0,0,3,0,3,3,10,21,12,46,0,0,0,46
10/14/2016,CKB,WV,AEA,CE,Combined TRACON& Tower with Radar,6,10,16,7,39,0,0,12,0,12,6,10,28,7,51,14,0,14,65
10/15/2016,CKB,WV,AEA,CE,Combined TRACON& Tower with Radar,4,4,6,4,18,0,0,8,1,9,4,4,14,5,27,4,0,4,31
10/16/2016,CKB,WV,AEA,CE,Combined TRACON& Tower with Radar,2,2,7,1,12,0,0,9,1,10,2,2,16,2,22,0,0,0,22
10/17/2016,CKB,WV,AEA,CE,Combined TRACON& Tower with Radar,4,9,13,6,32,0,1,25,1,27,4,10,38,7,59,36,0,36,95
10/18/2016,CKB,WV,AEA,CE,Combined TRACON& Tower with Radar,2,4,19,8,33,0,0,3,0,3,2,4,22,8,36,6,2,8,44
10/19/2016,CKB,WV,AEA,CE,Combined TRACON& Tower with Radar,0,6,10,6,22,0,0,11,0,11,0,6,21,6,33,24,22,46,79
10/20/2016,CKB,WV,AEA,CE,Combined TRACON& Tower with Radar,2,13,7,4,26,0,0,14,0,14,2,13,21,4,40,24,14,38,78
10/21/2016,CKB,WV,AEA,CE,Combined TRACON& Tower with Radar,2,7,3,5,17,0,0,0,0,0,2,7,3,5,17,0,0,0,17
10/22/2016,CKB,WV,AEA,CE,Combined TRACON& Tower with Radar,2,3,6,0,11,0,0,1,0,1,2,3,7,0,12,0,0,0,12
10/23/2016,CKB,WV,AEA,CE,Combined TRACON& Tower with Radar,4,2,5,0,11,0,0,5,0,5,4,2,10,0,16,1,0,1,17
10/24/2016,CKB,WV,AEA,CE,Combined TRACON& Tower with Radar,0,9,15,6,30,0,0,12,3,15,0,9,27,9,45,12,30,42,87
10/25/2016,CKB,WV,AEA,CE,Combined TRACON& Tower with Radar,0,4,20,9,33,0,1,27,0,28,0,5,47,9,61,10,14,24,85
10/26/2016,CKB,WV,AEA,CE,Combined TRACON& Tower with Radar,2,6,19,11,38,0,0,22,1,23,2,6,41,12,61,6,18,24,85
10/27/2016,CKB,WV,AEA,CE,Combined TRACON& Tower with Radar,2,7,16,6,31,0,0,6,0,6,2,7,22,6,37,2,12,14,51
10/28/2016,CKB,WV,AEA,CE,Combined TRACON& Tower with Radar,2,6,11,10,29,0,0,22,1,23,2,6,33,11,52,13,12,25,77
10/29/2016,CKB,WV,AEA,CE,Combined TRACON& Tower with Radar,6,5,3,0,14,0,0,9,0,9,6,5,12,0,23,1,0,1,24
10/30/2016,CKB,WV,AEA,CE,Combined TRACON& Tower with Radar,2,0,10,0,12,1,0,9,0,10,3,0,19,0,22,0,0,0,22
10/31/2016,CKB,WV,AEA,CE,Combined TRACON& Tower with Radar,1,9,22,4,36,0,1,15,0,16,1,10,37,4,52,6,0,6,58
11/01/2016,CKB,WV,AEA,CE,Combined TRACON& Tower with Radar,2,4,16,12,34,0,0,8,0,8,2,4,24,12,42,0,10,10,52
11/02/2016,CKB,WV,AEA,CE,Combined TRACON& Tower with Radar,2,8,19,8,37,0,0,22,0,22,2,8,41,8,59,32,0,32,91
11/03/2016,CKB,WV,AEA,CE,Combined TRACON& Tower with Radar,2,0,8,7,17,0,4,1,1,6,2,4,9,8,23,0,0,0,23
11/04/2016,CKB,WV,AEA,CE,Combined TRACON& Tower with Radar,3,8,13,2,26,0,1,11,0,12,3,9,24,2,38,4,0,4,42
11/05/2016,CKB,WV,AEA,CE,Combined TRACON& Tower with Radar,3,4,7,0,14,0,0,14,0,14,3,4,21,0,28,10,0,10,38
11/06/2016,CKB,WV,AEA,CE,Combined TRACON& Tower with Radar,2,4,6,0,12,0,0,12,0,12,2,4,18,0,24,4,0,4,28
11/07/2016,CKB,WV,AEA,CE,Combined TRACON& Tower with Radar,4,7,16,4,31,0,1,14,1,16,4,8,30,5,47,16,0,16,63
11/08/2016,CKB,WV,AEA,CE,Combined TRACON& Tower with Radar,4,7,11,6,28,0,0,16,0,16,4,7,27,6,44,22,0,22,66
11/09/2016,CKB,WV,AEA,CE,Combined TRACON& Tower with Radar,1,11,9,2,23,0,0,0,0,0,1,11,9,2,23,0,0,0,23
11/10/2016,CKB,WV,AEA,CE,Combined TRACON& Tower with Radar,2,14,16,7,39,0,0,24,0,24,2,14,40,7,63,46,0,46,109
11/11/2016,CKB,WV,AEA,CE,Combined TRACON& Tower with Radar,4,5,6,0,15,0,0,2,0,2,4,5,8,0,17,0,0,0,17
11/12/2016,CKB,WV,AEA,CE,Combined TRACON& Tower with Radar,6,0,7,1,14,0,0,13,1,14,6,0,20,2,28,4,0,4,32
11/13/2016,CKB,WV,AEA,CE,Combined TRACON& Tower with Radar,3,6,12,0,21,0,0,8,0,8,3,6,20,0,29,0,0,0,29
11/14/2016,CKB,WV,AEA,CE,Combined TRACON& Tower with Radar,0,5,7,7,19,0,1,8,0,9,0,6,15,7,28,28,10,38,66
11/15/2016,CKB,WV,AEA,CE,Combined TRACON& Tower with Radar,2,6,16,4,28,0,0,8,0,8,2,6,24,4,36,22,14,36,72
11/16/2016,CKB,WV,AEA,CE,Combined TRACON& Tower with Radar,0,3,15,6,24,0,0,13,0,13,0,3,28,6,37,0,0,0,37
11/17/2016,CKB,WV,AEA,CE,Combined TRACON& Tower with Radar,3,7,11,8,29,0,0,12,0,12,3,7,23,8,41,30,0,30,71
11/18/2016,CKB,WV,AEA,CE,Combined TRACON& Tower with Radar,4,12,19,4,39,0,0,19,0,19,4,12,38,4,58,10,0,10,68
11/19/2016,CKB,WV,AEA,CE,Combined TRACON& Tower with Radar,2,7,1,0,10,0,0,0,0,0,2,7,1,0,10,2,0,2,12
11/20/2016,CKB,WV,AEA,CE,Combined TRACON& Tower with Radar,3,3,3,0,9,0,0,0,0,0,3,3,3,0,9,2,0,2,11
11/21/2016,CKB,WV,AEA,CE,Combined TRACON& Tower with Radar,1,0,13,4,18,0,0,3,0,3,1,0,16,4,21,2,0,2,23
11/22/2016,CKB,WV,AEA,CE,Combined TRACON& Tower with Radar,5,2,4,14,25,0,2,6,0,8,5,4,10,14,33,0,12,12,45
11/23/2016,CKB,WV,AEA,CE,Combined TRACON& Tower with Radar,2,9,8,2,21,0,0,4,0,4,2,9,12,2,25,0,10,10,35
11/24/2016,CKB,WV,AEA,CE,Combined TRACON& Tower with Radar,0,6,0,0,6,0,0,0,0,0,0,6,0,0,6,0,0,0,6
11/25/2016,CKB,WV,AEA,CE,Combined TRACON& Tower with Radar,2,12,0,0,14,0,0,0,0,0,2,12,0,0,14,0,0,0,14
11/26/2016,CKB,WV,AEA,CE,Combined TRACON& Tower with Radar,4,9,4,0,17,0,0,0,0,0,4,9,4,0,17,0,0,0,17
11/27/2016,CKB,WV,AEA,CE,Combined TRACON& Tower with Radar,4,9,9,2,24,0,0,18,0,18,4,9,27,2,42,6,0,6,48
11/28/2016,CKB,WV,AEA,CE,Combined TRACON& Tower with Radar,2,4,18,3,27,0,0,9,0,9,2,4,27,3,36,6,0,6,42
11/29/2016,CKB,WV,AEA,CE,Combined TRACON& Tower with Radar,2,9,14,10,35,0,2,1,1,4,2,11,15,11,39,38,62,100,139
11/30/2016,CKB,WV,AEA,CE,Combined TRACON& Tower with Radar,0,6,4,10,20,0,0,0,0,0,0,6,4,10,20,0,0,0,20
12/01/2016,CKB,WV,AEA,CE,Combined TRACON& Tower with Radar,2,6,4,14,26,0,1,1,0,2,2,7,5,14,28,0,0,0,28
12/02/2016,CKB,WV,AEA,CE,Combined TRACON& Tower with Radar,4,9,13,10,36,0,0,2,0,2,4,9,15,10,38,2,8,10,48
12/03/2016,CKB,WV,AEA,CE,Combined TRACON& Tower with Radar,6,6,7,2,21,0,0,5,0,5,6,6,12,2,26,0,0,0,26
12/04/2016,CKB,WV,AEA,CE,Combined TRACON& Tower with Radar,2,8,2,10,22,0,0,7,0,7,2,8,9,10,29,0,18,18,47
12/05/2016,CKB,WV,AEA,CE,Combined TRACON& Tower with Radar,0,4,15,19,38,0,0,1,2,3,0,4,16,21,41,0,6,6,47
12/06/2016,CKB,WV,AEA,CE,Combined TRACON& Tower with Radar,1,4,0,9,14,0,1,4,0,5,1,5,4,9,19,0,0,0,19
12/07/2016,CKB,WV,AEA,CE,Combined TRACON& Tower with Radar,1,4,10,12,27,0,0,15,10,25,1,4,25,22,52,16,14,30,82
12/08/2016,CKB,WV,AEA,CE,Combined TRACON& Tower with Radar,3,11,10,6,30,0,0,4,1,5,3,11,14,7,35,0,0,0,35
12/09/2016,CKB,WV,AEA,CE,Combined TRACON& Tower with Radar,0,4,4,5,13,0,0,3,0,3,0,4,7,5,16,0,0,0,16
12/10/2016,CKB,WV,AEA,CE,Combined TRACON& Tower with Radar,5,0,5,0,10,0,0,1,2,3,5,0,6,2,13,0,0,0,13
12/11/2016,CKB,WV,AEA,CE,Combined TRACON& Tower with Radar,4,6,3,0,13,0,0,3,0,3,4,6,6,0,16,0,0,0,16
12/12/2016,CKB,WV,AEA,CE,Combined TRACON& Tower with Radar,2,7,11,3,23,0,0,0,0,0,2,7,11,3,23,0,0,0,23
12/13/2016,CKB,WV,AEA,CE,Combined TRACON& Tower with Radar,0,9,3,4,16,0,0,8,0,8,0,9,11,4,24,12,4,16,40
12/14/2016,CKB,WV,AEA,CE,Combined TRACON& Tower with Radar,6,10,8,3,27,0,0,13,1,14,6,10,21,4,41,8,0,8,49
12/15/2016,CKB,WV,AEA,CE,Combined TRACON& Tower with Radar,3,8,7,3,21,0,0,1,2,3,3,8,8,5,24,0,0,0,24
12/16/2016,CKB,WV,AEA,CE,Combined TRACON& Tower with Radar,1,7,6,4,18,0,0,9,1,10,1,7,15,5,28,0,0,0,28
12/17/2016,CKB,WV,AEA,CE,Combined TRACON& Tower with Radar,0,1,1,0,2,0,0,0,0,0,0,1,1,0,2,0,0,0,2
12/18/2016,CKB,WV,AEA,CE,Combined TRACON& Tower with Radar,3,1,3,1,8,0,0,0,0,0,3,1,3,1,8,0,0,0,8
12/19/2016,CKB,WV,AEA,CE,Combined TRACON& Tower with Radar,0,6,11,1,18,0,0,7,0,7,0,6,18,1,25,0,12,12,37
12/20/2016,CKB,WV,AEA,CE,Combined TRACON& Tower with Radar,1,5,8,8,22,0,0,11,1,12,1,5,19,9,34,30,4,34,68
12/21/2016,CKB,WV,AEA,CE,Combined TRACON& Tower with Radar,0,11,12,10,33,0,0,12,1,13,0,11,24,11,46,1,2,3,49
12/22/2016,CKB,WV,AEA,CE,Combined TRACON& Tower with Radar,5,8,0,3,16,0,0,0,0,0,5,8,0,3,16,0,0,0,16
12/23/2016,CKB,WV,AEA,CE,Combined TRACON& Tower with Radar,5,6,6,2,19,0,2,8,0,10,5,8,14,2,29,0,0,0,29
12/24/2016,CKB,WV,AEA,CE,Combined TRACON& Tower with Radar,2,5,0,0,7,0,0,0,0,0,2,5,0,0,7,0,0,0,7
12/25/2016,CKB,WV,AEA,CE,Combined TRACON& Tower with Radar,2,0,4,0,6,0,0,0,0,0,2,0,4,0,6,0,0,0,6
12/26/2016,CKB,WV,AEA,CE,Combined TRACON& Tower with Radar,0,7,5,0,12,0,0,3,0,3,0,7,8,0,15,0,0,0,15
12/27/2016,CKB,WV,AEA,CE,Combined TRACON& Tower with Radar,0,8,5,0,13,0,0,1,0,1,0,8,6,0,14,0,0,0,14
12/28/2016,CKB,WV,AEA,CE,Combined TRACON& Tower with Radar,4,8,4,0,16,0,0,8,3,11,4,8,12,3,27,9,0,9,36
12/29/2016,CKB,WV,AEA,CE,Combined TRACON& Tower with Radar,13,8,0,0,21,0,0,0,0,0,13,8,0,0,21,0,0,0,21
12/30/2016,CKB,WV,AEA,CE,Combined TRACON& Tower with Radar,1,6,0,0,7,0,0,0,0,0,1,6,0,0,7,0,0,0,7
12/31/2016,CKB,WV,AEA,CE,Combined TRACON& Tower with Radar,2,4,0,0,6,0,0,2,0,2,2,4,2,0,8,0,0,0,8
01/01/2017,CKB,WV,AEA,CE,Combined TRACON& Tower with Radar,4,5,2,0,11,0,1,2,0,3,4,6,4,0,14,0,0,0,14
01/02/2017,CKB,WV,AEA,CE,Combined TRACON& Tower with Radar,1,10,9,0,20,0,0,0,0,0,1,10,9,0,20,18,0,18,38
01/03/2017,CKB,WV,AEA,CE,Combined TRACON& Tower with Radar,4,4,0,0,8,0,0,0,0,0,4,4,0,0,8,0,0,0,8
01/04/2017,CKB,WV,AEA,CE,Combined TRACON& Tower with Radar,4,7,7,4,22,0,0,0,1,1,4,7,7,5,23,0,0,0,23
01/05/2017,CKB,WV,AEA,CE,Combined TRACON& Tower with Radar,8,7,5,0,20,0,0,0,0,0,8,7,5,0,20,0,0,0,20
01/06/2017,CKB,WV,AEA,CE,Combined TRACON& Tower with Radar,1,4,5,2,12,0,0,0,0,0,1,4,5,2,12,0,0,0,12
01/07/2017,CKB,WV,AEA,CE,Combined TRACON& Tower with Radar,1,1,0,0,2,0,0,0,0,0,1,1,0,0,2,0,0,0,2
01/08/2017,CKB,WV,AEA,CE,Combined TRACON& Tower with Radar,3,3,12,0,18,0,0,2,0,2,3,3,14,0,20,0,0,0,20
01/09/2017,CKB,WV,AEA,CE,Combined TRACON& Tower with Radar,5,0,10,3,18,0,0,1,0,1,5,0,11,3,19,0,0,0,19
01/10/2017,CKB,WV,AEA,CE,Combined TRACON& Tower with Radar,2,0,1,4,7,0,0,0,1,1,2,0,1,5,8,20,0,20,28
01/11/2017,CKB,WV,AEA,CE,Combined TRACON& Tower with Radar,0,3,8,3,14,0,0,4,0,4,0,3,12,3,18,0,0,0,18
01/12/2017,CKB,WV,AEA,CE,Combined TRACON& Tower with Radar,2,2,5,5,14,0,0,0,0,0,2,2,5,5,14,0,0,0,14
01/13/2017,CKB,WV,AEA,CE,Combined TRACON& Tower with Radar,5,5,6,5,21,0,0,5,0,5,5,5,11,5,26,8,0,8,34
01/14/2017,CKB,WV,AEA,CE,Combined TRACON& Tower with Radar,3,4,0,0,7,0,0,0,0,0,3,4,0,0,7,0,0,0,7
01/15/2017,CKB,WV,AEA,CE,Combined TRACON& Tower with Radar,2,2,1,0,5,0,0,3,0,3,2,2,4,0,8,18,0,18,26
01/16/2017,CKB,WV,AEA,CE,Combined TRACON& Tower with Radar,0,5,3,1,9,0,0,3,0,3,0,5,6,1,12,0,0,0,12
01/17/2017,CKB,WV,AEA,CE,Combined TRACON& Tower with Radar,3,9,9,14,35,0,0,0,4,4,3,9,9,18,39,0,0,0,39
01/18/2017,CKB,WV,AEA,CE,Combined TRACON& Tower with Radar,2,1,7,15,25,0,0,1,0,1,2,1,8,15,26,0,0,0,26
01/19/2017,CKB,WV,AEA,CE,Combined TRACON& Tower with Radar,4,8,16,13,41,0,0,5,3,8,4,8,21,16,49,0,0,0,49
01/20/2017,CKB,WV,AEA,CE,Combined TRACON& Tower with Radar,4,7,3,15,29,0,0,2,1,3,4,7,5,16,32,0,0,0,32
01/21/2017,CKB,WV,AEA,CE,Combined TRACON& Tower with Radar,2,7,4,0,13,0,0,18,0,18,2,7,22,0,31,14,0,14,45
01/22/2017,CKB,WV,AEA,CE,Combined TRACON& Tower with Radar,3,4,5,0,12,0,0,2,0,2,3,4,7,0,14,0,0,0,14
01/23/2017,CKB,WV,AEA,CE,Combined TRACON& Tower with Radar,2,4,9,10,25,0,0,0,0,0,2,4,9,10,25,0,0,0,25
01/24/2017,CKB,WV,AEA,CE,Combined TRACON& Tower with Radar,0,3,2,13,18,0,0,0,0,0,0,3,2,13,18,0,0,0,18
01/25/2017,CKB,WV,AEA,CE,Combined TRACON& Tower with Radar,6,6,12,16,40,0,0,13,3,16,6,6,25,19,56,8,22,30,86
01/26/2017,CKB,WV,AEA,CE,Combined TRACON& Tower with Radar,2,6,6,6,20,0,0,0,0,0,2,6,6,6,20,0,0,0,20
01/27/2017,CKB,WV,AEA,CE,Combined TRACON& Tower with Radar,4,5,7,10,26,0,0,0,0,0,4,5,7,10,26,0,0,0,26
01/28/2017,CKB,WV,AEA,CE,Combined TRACON& Tower with Radar,3,1,1,0,5,0,0,0,2,2,3,1,1,2,7,0,0,0,7
01/29/2017,CKB,WV,AEA,CE,Combined TRACON& Tower with Radar,6,3,1,0,10,0,0,0,0,0,6,3,1,0,10,0,0,0,10
01/30/2017,CKB,WV,AEA,CE,Combined TRACON& Tower with Radar,5,0,2,9,16,0,0,0,2,2,5,0,2,11,18,0,0,0,18
01/31/2017,CKB,WV,AEA,CE,Combined TRACON& Tower with Radar,0,3,1,19,23,0,0,5,4,9,0,3,6,23,32,0,2,2,34
02/01/2017,CKB,WV,AEA,CE,Combined TRACON& Tower with Radar,0,1,5,13,19,0,0,0,0,0,0,1,5,13,19,0,0,0,19
02/02/2017,CKB,WV,AEA,CE,Combined TRACON& Tower with Radar,2,3,6,12,23,0,2,4,6,12,2,5,10,18,35,0,0,0,35
02/03/2017,CKB,WV,AEA,CE,Combined TRACON& Tower with Radar,1,3,14,14,32,0,0,25,1,26,1,3,39,15,58,0,0,0,58
02/04/2017,CKB,WV,AEA,CE,Combined TRACON& Tower with Radar,1,5,7,11,24,0,0,6,2,8,1,5,13,13,32,8,0,8,40
02/05/2017,CKB,WV,AEA,CE,Combined TRACON& Tower with Radar,5,5,3,0,13,0,0,4,1,5,5,5,7,1,18,0,0,0,18
02/06/2017,CKB,WV,AEA,CE,Combined TRACON& Tower with Radar,3,6,12,21,42,0,0,14,10,24,3,6,26,31,66,4,11,15,81
02/07/2017,CKB,WV,AEA,CE,Combined TRACON& Tower with Radar,2,0,3,16,21,0,0,1,5,6,2,0,4,21,27,0,12,12,39
02/08/2017,CKB,WV,AEA,CE,Combined TRACON& Tower with Radar,0,1,23,16,40,0,0,9,2,11,0,1,32,18,51,18,0,18,69
02/09/2017,CKB,WV,AEA,CE,Combined TRACON& Tower with Radar,0,0,5,4,9,0,0,0,0,0,0,0,5,4,9,0,0,0,9
02/10/2017,CKB,WV,AEA,CE,Combined TRACON& Tower with Radar,2,6,9,8,25,0,0,7,1,8,2,6,16,9,33,0,10,10,43
02/11/2017,CKB,WV,AEA,CE,Combined TRACON& Tower with Radar,0,10,5,1,16,0,0,1,1,2,0,10,6,2,18,6,0,6,24
02/12/2017,CKB,WV,AEA,CE,Combined TRACON& Tower with Radar,6,1,3,0,10,0,0,0,1,1,6,1,3,1,11,0,0,0,11
02/13/2017,CKB,WV,AEA,CE,Combined TRACON& Tower with Radar,0,6,9,2,17,1,0,12,3,16,1,6,21,5,33,0,14,14,47
02/14/2017,CKB,WV,AEA,CE,Combined TRACON& Tower with Radar,0,10,6,15,31,0,0,8,8,16,0,10,14,23,47,14,6,20,67
02/15/2017,CKB,WV,AEA,CE,Combined TRACON& Tower with Radar,0,7,10,16,33,0,0,4,2,6,0,7,14,18,39,2,10,12,51
02/16/2017,CKB,WV,AEA,CE,Combined TRACON& Tower with Radar,2,11,8,11,32,0,0,6,5,11,2,11,14,16,43,22,12,34,77
02/17/2017,CKB,WV,AEA,CE,Combined TRACON& Tower with Radar,1,10,16,6,33,0,0,16,2,18,1,10,32,8,51,0,16,16,67
02/18/2017,CKB,WV,AEA,CE,Combined TRACON& Tower with Radar,2,7,6,0,15,0,0,12,4,16,2,7,18,4,31,14,0,14,45
02/19/2017,CKB,WV,AEA,CE,Combined TRACON& Tower with Radar,4,3,10,0,17,0,0,2,0,2,4,3,12,0,19,0,0,0,19
02/20/2017,CKB,WV,AEA,CE,Combined TRACON& Tower with Radar,0,8,14,1,23,0,0,27,0,27,0,8,41,1,50,12,0,12,62
02/21/2017,CKB,WV,AEA,CE,Combined TRACON& Tower with Radar,2,0,11,32,45,0,0,18,6,24,2,0,29,38,69,6,6,12,81
02/22/2017,CKB,WV,AEA,CE,Combined TRACON& Tower with Radar,0,7,15,19,41,0,0,6,1,7,0,7,21,20,48,10,42,52,100
02/23/2017,CKB,WV,AEA,CE,Combined TRACON& Tower with Radar,2,5,12,20,39,0,0,4,5,9,2,5,16,25,48,0,28,28,76
02/24/2017,CKB,WV,AEA,CE,Combined TRACON& Tower with Radar,6,5,10,14,35,0,0,9,3,12,6,5,19,17,47,0,62,62,109
02/25/2017,CKB,WV,AEA,CE,Combined TRACON& Tower with Radar,3,4,0,0,7,0,0,0,0,0,3,4,0,0,7,0,0,0,7
02/26/2017,CKB,WV,AEA,CE,Combined TRACON& Tower with Radar,2,3,6,3,14,0,0,5,0,5,2,3,11,3,19,14,0,14,33
02/27/2017,CKB,WV,AEA,CE,Combined TRACON& Tower with Radar,1,4,13,19,37,0,2,0,0,2,1,6,13,19,39,2,24,26,65
02/28/2017,CKB,WV,AEA,CE,Combined TRACON& Tower with Radar,1,0,4,9,14,0,0,3,1,4,1,0,7,10,18,0,30,30,48
03/01/2017,CKB,WV,AEA,CE,Combined TRACON& Tower with Radar,0,0,2,1,3,0,0,2,0,2,0,0,4,1,5,0,0,0,5
03/02/2017,CKB,WV,AEA,CE,Combined TRACON& Tower with Radar,5,1,13,12,31,0,0,8,2,10,5,1,21,14,41,0,6,6,47
03/03/2017,CKB,WV,AEA,CE,Combined TRACON& Tower with Radar,0,2,4,6,12,0,0,1,2,3,0,2,5,8,15,0,0,0,15
03/04/2017,CKB,WV,AEA,CE,Combined TRACON& Tower with Radar,0,0,11,0,11,0,0,16,0,16,0,0,27,0,27,4,1,5,32
03/05/2017,CKB,WV,AEA,CE,Combined TRACON& Tower with Radar,3,0,7,6,16,0,1,19,0,20,3,1,26,6,36,0,18,18,54
03/06/2017,CKB,WV,AEA,CE,Combined TRACON& Tower with Radar,1,2,8,11,22,0,0,7,1,8,1,2,15,12,30,18,32,50,80
03/07/2017,CKB,WV,AEA,CE,Combined TRACON& Tower with Radar,6,5,7,10,28,0,0,2,2,4,6,5,9,12,32,0,0,0,32
03/08/2017,CKB,WV,AEA,CE,Combined TRACON& Tower with Radar,0,7,7,12,26,0,0,4,1,5,0,7,11,13,31,0,10,10,41
03/09/2017,CKB,WV,AEA,CE,Combined TRACON& Tower with Radar,2,6,13,17,38,0,0,8,0,8,2,6,21,17,46,6,0,6,52
03/10/2017,CKB,WV,AEA,CE,Combined TRACON& Tower with Radar,2,8,2,3,15,0,0,0,0,0,2,8,2,3,15,0,0,0,15
03/11/2017,CKB,WV,AEA,CE,Combined TRACON& Tower with Radar,0,2,8,0,10,0,0,7,0,7,0,2,15,0,17,0,0,0,17
03/12/2017,CKB,WV,AEA,CE,Combined TRACON& Tower with Radar,2,4,4,0,10,0,0,7,0,7,2,4,11,0,17,12,0,12,29
03/13/2017,CKB,WV,AEA,CE,Combined TRACON& Tower with Radar,2,1,13,10,26,0,1,6,2,9,2,2,19,12,35,2,18,20,55
03/14/2017,CKB,WV,AEA,CE,Combined TRACON& Tower with Radar,0,1,4,0,5,0,0,0,0,0,0,1,4,0,5,0,0,0,5
03/15/2017,CKB,WV,AEA,CE,Combined TRACON& Tower with Radar,0,1,3,9,13,0,0,6,1,7,0,1,9,10,20,0,24,24,44
03/16/2017,CKB,WV,AEA,CE,Combined TRACON& Tower with Radar,2,2,8,14,26,0,0,7,0,7,2,2,15,14,33,0,46,46,79
03/17/2017,CKB,WV,AEA,CE,Combined TRACON& Tower with Radar,1,6,4,4,15,0,0,0,1,1,1,6,4,5,16,0,32,32,48
03/18/2017,CKB,WV,AEA,CE,Combined TRACON& Tower with Radar,4,4,6,0,14,0,0,0,1,1,4,4,6,1,15,0,0,0,15
03/19/2017,CKB,WV,AEA,CE,Combined TRACON& Tower with Radar,2,3,1,0,6,0,2,5,0,7,2,5,6,0,13,10,0,10,23
03/20/2017,CKB,WV,AEA,CE,Combined TRACON& Tower with Radar,1,5,7,5,18,0,0,5,1,6,1,5,12,6,24,0,14,14,38
03/21/2017,CKB,WV,AEA,CE,Combined TRACON& Tower with Radar,4,6,4,11,25,0,0,1,1,2,4,6,5,12,27,0,0,0,27
03/22/2017,CKB,WV,AEA,CE,Combined TRACON& Tower with Radar,3,7,15,7,32,0,3,3,1,7,3,10,18,8,39,0,8,8,47
03/23/2017,CKB,WV,AEA,CE,Combined TRACON& Tower with Radar,3,6,15,8,32,0,1,10,1,12,3,7,25,9,44,0,22,22,66
03/24/2017,CKB,WV,AEA,CE,Combined TRACON& Tower with Radar,4,11,6,4,25,0,0,7,0,7,4,11,13,4,32,0,0,0,32
03/25/2017,CKB,WV,AEA,CE,Combined TRACON& Tower with Radar,0,2,10,0,12,0,1,36,0,37,0,3,46,0,49,8,0,8,57
03/26/2017,CKB,WV,AEA,CE,Combined TRACON& Tower with Radar,2,2,7,1,12,0,0,8,0,8,2,2,15,1,20,20,0,20,40
03/27/2017,CKB,WV,AEA,CE,Combined TRACON& Tower with Radar,2,7,14,8,31,0,0,5,10,15,2,7,19,18,46,12,108,120,166
03/28/2017,CKB,WV,AEA,CE,Combined TRACON& Tower with Radar,0,5,17,24,46,0,0,0,1,1,0,5,17,25,47,0,52,52,99
03/29/2017,CKB,WV,AEA,CE,Combined TRACON& Tower with Radar,0,3,9,19,31,0,0,14,0,14,0,3,23,19,45,24,4,28,73
03/30/2017,CKB,WV,AEA,CE,Combined TRACON& Tower with Radar,2,6,6,20,34,0,0,14,2,16,2,6,20,22,50,58,20,78,128
03/31/2017,CKB,WV,AEA,CE,Combined TRACON& Tower with Radar,2,6,3,16,27,0,2,0,0,2,2,8,3,16,29,0,0,0,29
04/01/2017,CKB,WV,AEA,CE,Combined TRACON& Tower with Radar,0,3,5,0,8,0,0,2,0,2,0,3,7,0,10,0,0,0,10
04/02/2017,CKB,WV,AEA,CE,Combined TRACON& Tower with Radar,2,2,7,4,15,0,0,21,1,22,2,2,28,5,37,0,16,16,53
04/03/2017,CKB,WV,AEA,CE,Combined TRACON& Tower with Radar,0,6,2,9,17,0,0,3,1,4,0,6,5,10,21,24,18,42,63
04/04/2017,CKB,WV,AEA,CE,Combined TRACON& Tower with Radar,0,7,6,6,19,0,0,0,0,0,0,7,6,6,19,0,0,0,19
04/05/2017,CKB,WV,AEA,CE,Combined TRACON& Tower with Radar,1,8,19,18,46,0,2,23,2,27,1,10,42,20,73,20,20,40,113
04/06/2017,CKB,WV,AEA,CE,Combined TRACON& Tower with Radar,2,5,3,9,19,0,0,0,1,1,2,5,3,10,20,0,0,0,20
04/07/2017,CKB,WV,AEA,CE,Combined TRACON& Tower with Radar,0,1,9,1,11,0,0,2,0,2,0,1,11,1,13,0,0,0,13
04/08/2017,CKB,WV,AEA,CE,Combined TRACON& Tower with Radar,2,1,2,5,10,0,0,12,1,13,2,1,14,6,23,20,8,28,51
04/09/2017,CKB,WV,AEA,CE,Combined TRACON& Tower with Radar,3,0,7,14,24,0,1,20,0,21,3,1,27,14,45,50,4,54,99
04/10/2017,CKB,WV,AEA,CE,Combined TRACON& Tower with Radar,0,1,14,7,22,0,0,4,2,6,0,1,18,9,28,14,12,26,54
04/11/2017,CKB,WV,AEA,CE,Combined TRACON& Tower with Radar,14,0,5,8,27,0,0,12,1,13,14,0,17,9,40,10,22,32,72
04/12/2017,CKB,WV,AEA,CE,Combined TRACON& Tower with Radar,0,0,9,10,19,0,0,15,1,16,0,0,24,11,35,16,32,48,83
04/13/2017,CKB,WV,AEA,CE,Combined TRACON& Tower with Radar,5,5,33,16,59,0,0,16,3,19,5,5,49,19,78,10,20,30,108
04/14/2017,CKB,WV,AEA,CE,Combined TRACON& Tower with Radar,2,6,15,11,34,0,0,15,12,27,2,6,30,23,61,26,8,34,95
04/15/2017,CKB,WV,AEA,CE,Combined TRACON& Tower with Radar,3,2,15,0,20,0,1,8,0,9,3,3,23,0,29,0,0,0,29
04/16/2017,CKB,WV,AEA,CE,Combined TRACON& Tower with Radar,4,3,3,0,10,0,0,4,0,4,4,3,7,0,14,0,0,0,14
04/17/2017,CKB,WV,AEA,CE,Combined TRACON& Tower with Radar,2,8,12,12,34,0,0,13,2,15,2,8,25,14,49,6,26,32,81
04/18/2017,CKB,WV,AEA,CE,Combined TRACON& Tower with Radar,4,5,18,16,43,0,0,22,7,29,4,5,40,23,72,41,98,139,211
04/19/2017,CKB,WV,AEA,CE,Combined TRACON& Tower with Radar,1,7,25,12,45,0,0,6,1,7,1,7,31,13,52,14,6,20,72
04/20/2017,CKB,WV,AEA,CE,Combined TRACON& Tower with Radar,2,5,9,10,26,0,0,2,0,2,2,5,11,10,28,8,0,8,36
04/21/2017,CKB,WV,AEA,CE,Combined TRACON& Tower with Radar,0,0,14,14,28,0,0,3,1,4,0,0,17,15,32,28,20,48,80
04/22/2017,CKB,WV,AEA,CE,Combined TRACON& Tower with Radar,2,0,14,0,16,0,0,0,0,0,2,0,14,0,16,0,0,0,16
04/23/2017,CKB,WV,AEA,CE,Combined TRACON& Tower with Radar,3,3,6,2,14,0,0,8,0,8,3,3,14,2,22,8,0,8,30
04/24/2017,CKB,WV,AEA,CE,Combined TRACON& Tower with Radar,0,0,20,10,30,0,1,7,0,8,0,1,27,10,38,12,0,12,50
04/25/2017,CKB,WV,AEA,CE,Combined TRACON& Tower with Radar,1,1,10,23,35,0,1,6,2,9,1,2,16,25,44,22,0,22,66
04/26/2017,CKB,WV,AEA,CE,Combined TRACON& Tower with Radar,0,3,11,13,27,0,0,25,3,28,0,3,36,16,55,20,0,20,75
04/27/2017,CKB,WV,AEA,CE,Combined TRACON& Tower with Radar,3,1,9,10,23,0,2,5,3,10,3,3,14,13,33,52,0,52,85
04/28/2017,CKB,WV,AEA,CE,Combined TRACON& Tower with Radar,0,2,8,9,19,0,0,13,1,14,0,2,21,10,33,24,6,30,63
04/29/2017,CKB,WV,AEA,CE,Combined TRACON& Tower with Radar,1,3,8,0,12,0,0,4,0,4,1,3,12,0,16,4,0,4,20
04/30/2017,CKB,WV,AEA,CE,Combined TRACON& Tower with Radar,4,1,10,0,15,0,0,6,0,6,4,1,16,0,21,6,0,6,27
05/01/2017,CKB,WV,AEA,CE,Combined TRACON& Tower with Radar,0,2,6,8,16,0,0,0,2,2,0,2,6,10,18,0,12,12,30
05/02/2017,CKB,WV,AEA,CE,Combined TRACON& Tower with Radar,2,4,3,4,13,0,0,5,3,8,2,4,8,7,21,0,0,0,21
05/03/2017,CKB,WV,AEA,CE,Combined TRACON& Tower with Radar,3,1,9,14,27,0,0,29,1,30,3,1,38,15,57,28,0,28,85
05/04/2017,CKB,WV,AEA,CE,Combined TRACON& Tower with Radar,2,2,9,12,25,0,0,3,5,8,2,2,12,17,33,8,0,8,41
05/05/2017,CKB,WV,AEA,CE,Combined TRACON& Tower with Radar,1,3,6,8,18,0,2,7,0,9,1,5,13,8,27,28,0,28,55
05/06/2017,CKB,WV,AEA,CE,Combined TRACON& Tower with Radar,0,0,3,1,4,0,2,0,2,4,0,2,3,3,8,0,0,0,8
05/07/2017,CKB,WV,AEA,CE,Combined TRACON& Tower with Radar,2,0,10,0,12,0,0,1,0,1,2,0,11,0,13,0,0,0,13
05/08/2017,CKB,WV,AEA,CE,Combined TRACON& Tower with Radar,0,5,10,4,19,0,0,3,0,3,0,5,13,4,22,4,0,4,26
05/09/2017,CKB,WV,AEA,CE,Combined TRACON& Tower with Radar,4,4,7,6,21,1,0,8,0,9,5,4,15,6,30,14,0,14,44
05/10/2017,CKB,WV,AEA,CE,Combined TRACON& Tower with Radar,1,3,13,4,21,0,1,27,2,30,1,4,40,6,51,32,0,32,83
05/11/2017,CKB,WV,AEA,CE,Combined TRACON& Tower with Radar,2,3,5,4,14,0,0,0,0,0,2,3,5,4,14,0,0,0,14
05/12/2017,CKB,WV,AEA,CE,Combined TRACON& Tower with Radar,0,0,14,2,16,0,2,0,0,2,0,2,14,2,18,0,0,0,18
05/13/2017,CKB,WV,AEA,CE,Combined TRACON& Tower with Radar,1,2,11,0,14,0,0,0,0,0,1,2,11,0,14,0,0,0,14
05/14/2017,CKB,WV,AEA,CE,Combined TRACON& Tower with Radar,2,3,7,6,18,0,0,7,1,8,2,3,14,7,26,4,0,4,30
05/15/2017,CKB,WV,AEA,CE,Combined TRACON& Tower with Radar,1,0,27,9,37,0,0,31,0,31,1,0,58,9,68,44,34,78,146
05/16/2017,CKB,WV,AEA,CE,Combined TRACON& Tower with Radar,0,2,13,11,26,0,1,21,8,30,0,3,34,19,56,48,14,62,118
05/17/2017,CKB,WV,AEA,CE,Combined TRACON& Tower with Radar,1,1,22,5,29,0,0,19,2,21,1,1,41,7,50,14,12,26,76
05/18/2017,CKB,WV,AEA,CE,Combined TRACON& Tower with Radar,2,1,9,8,20,0,0,8,1,9,2,1,17,9,29,24,6,30,59
05/19/2017,CKB,WV,AEA,CE,Combined TRACON& Tower with Radar,2,0,5,6,13,0,1,4,0,5,2,1,9,6,18,6,12,18,36
05/20/2017,CKB,WV,AEA,CE,Combined TRACON& Tower with Radar,0,1,6,4,11,0,0,4,1,5,0,1,10,5,16,0,0,0,16
05/21/2017,CKB,WV,AEA,CE,Combined TRACON& Tower with Radar,2,0,4,0,6,0,0,0,0,0,2,0,4,0,6,0,0,0,6
05/22/2017,CKB,WV,AEA,CE,Combined TRACON& Tower with Radar,0,0,12,7,19,0,0,11,4,15,0,0,23,11,34,32,6,38,72
05/23/2017,CKB,WV,AEA,CE,Combined TRACON& Tower with Radar,0,0,7,14,21,0,0,13,3,16,0,0,20,17,37,24,20,44,81
05/24/2017,CKB,WV,AEA,CE,Combined TRACON& Tower with Radar,11,1,12,12,36,0,0,0,0,0,11,1,12,12,36,0,28,28,64
05/25/2017,CKB,WV,AEA,CE,Combined TRACON& Tower with Radar,2,2,13,12,29,0,0,1,0,1,2,2,14,12,30,0,0,0,30
05/26/2017,CKB,WV,AEA,CE,Combined TRACON& Tower with Radar,0,8,12,10,30,0,1,0,0,1,0,9,12,10,31,0,16,16,47
05/27/2017,CKB,WV,AEA,CE,Combined TRACON& Tower with Radar,0,0,8,0,8,0,0,2,0,2,0,0,10,0,10,6,0,6,16
05/28/2017,CKB,WV,AEA,CE,Combined TRACON& Tower with Radar,4,1,2,1,8,0,0,0,0,0,4,1,2,1,8,0,0,0,8
05/29/2017,CKB,WV,AEA,CE,Combined TRACON& Tower with Radar,0,7,10,1,18,0,0,17,0,17,0,7,27,1,35,6,0,6,41
05/30/2017,CKB,WV,AEA,CE,Combined TRACON& Tower with Radar,4,1,12,11,28,0,0,16,0,16,4,1,28,11,44,14,20,34,78
05/31/2017,CKB,WV,AEA,CE,Combined TRACON& Tower with Radar,1,2,11,5,19,0,0,15,0,15,1,2,26,5,34,48,36,84,118
06/01/2017,CKB,WV,AEA,CE,Combined TRACON& Tower with Radar,4,4,14,9,31,0,0,15,1,16,4,4,29,10,47,8,8,16,63
06/02/2017,CKB,WV,AEA,CE,Combined TRACON& Tower with Radar,3,1,15,11,30,0,0,12,0,12,3,1,27,11,42,43,22,65,107
06/03/2017,CKB,WV,AEA,CE,Combined TRACON& Tower with Radar,0,2,6,6,14,0,0,13,3,16,0,2,19,9,30,2,10,12,42
06/04/2017,CKB,WV,AEA,CE,Combined TRACON& Tower with Radar,4,1,4,0,9,0,2,5,0,7,4,3,9,0,16,8,0,8,24
06/05/2017,CKB,WV,AEA,CE,Combined TRACON& Tower with Radar,1,1,7,16,25,0,0,0,5,5,1,1,7,21,30,6,44,50,80
06/06/2017,CKB,WV,AEA,CE,Combined TRACON& Tower with Radar,0,0,18,18,36,0,0,10,10,20,0,0,28,28,56,36,37,73,129
06/07/2017,CKB,WV,AEA,CE,Combined TRACON& Tower with Radar,0,0,19,14,33,0,0,5,1,6,0,0,24,15,39,0,0,0,39
06/08/2017,CKB,WV,AEA,CE,Combined TRACON& Tower with Radar,4,1,9,12,26,0,0,4,0,4,4,1,13,12,30,5,20,25,55
06/09/2017,CKB,WV,AEA,CE,Combined TRACON& Tower with Radar,3,0,16,3,22,0,0,8,2,10,3,0,24,5,32,3,6,9,41
06/10/2017,CKB,WV,AEA,CE,Combined TRACON& Tower with Radar,1,2,8,2,13,0,2,7,3,12,1,4,15,5,25,0,0,0,25
06/11/2017,CKB,WV,AEA,CE,Combined TRACON& Tower with Radar,6,0,10,2,18,0,0,6,0,6,6,0,16,2,24,6,0,6,30
06/12/2017,CKB,WV,AEA,CE,Combined TRACON& Tower with Radar,0,0,24,2,26,0,1,12,0,13,0,1,36,2,39,22,4,26,65
06/13/2017,CKB,WV,AEA,CE,Combined TRACON& Tower with Radar,2,0,9,2,13,0,0,4,1,5,2,0,13,3,18,0,0,0,18
06/14/2017,CKB,WV,AEA,CE,Combined TRACON& Tower with Radar,2,0,5,2,9,0,0,1,0,1,2,0,6,2,10,0,3,3,13
06/15/2017,CKB,WV,AEA,CE,Combined TRACON& Tower with Radar,4,2,4,4,14,0,0,4,0,4,4,2,8,4,18,14,4,18,36
06/16/2017,CKB,WV,AEA,CE,Combined TRACON& Tower with Radar,0,0,6,3,9,0,0,2,0,2,0,0,8,3,11,13,0,13,24
06/17/2017,CKB,WV,AEA,CE,Combined TRACON& Tower with Radar,0,0,1,4,5,0,0,16,0,16,0,0,17,4,21,6,13,19,40
06/18/2017,CKB,WV,AEA,CE,Combined TRACON& Tower with Radar,4,0,3,3,10,0,0,2,0,2,4,0,5,3,12,10,0,10,22
06/19/2017,CKB,WV,AEA,CE,Combined TRACON& Tower with Radar,0,2,10,2,14,0,1,0,0,1,0,3,10,2,15,0,0,0,15
06/20/2017,CKB,WV,AEA,CE,Combined TRACON& Tower with Radar,2,4,13,7,26,0,0,18,3,21,2,4,31,10,47,12,30,42,89
06/21/2017,CKB,WV,AEA,CE,Combined TRACON& Tower with Radar,0,2,10,17,29,0,0,11,3,14,0,2,21,20,43,22,12,34,77
06/22/2017,CKB,WV,AEA,CE,Combined TRACON& Tower with Radar,6,0,8,4,18,0,0,6,0,6,6,0,14,4,24,22,10,32,56
06/23/2017,CKB,WV,AEA,CE,Combined TRACON& Tower with Radar,0,2,3,13,18,0,0,0,0,0,0,2,3,13,18,0,0,0,18
06/24/2017,CKB,WV,AEA,CE,Combined TRACON& Tower with Radar,0,0,6,2,8,0,1,7,1,9,0,1,13,3,17,4,0,4,21
06/25/2017,CKB,WV,AEA,CE,Combined TRACON& Tower with Radar,4,0,0,2,6,0,2,15,2,19,4,2,15,4,25,2,0,2,27
06/26/2017,CKB,WV,AEA,CE,Combined TRACON& Tower with Radar,0,1,20,2,23,0,2,20,6,28,0,3,40,8,51,12,18,30,81
06/27/2017,CKB,WV,AEA,CE,Combined TRACON& Tower with Radar,3,6,8,6,23,0,0,12,5,17,3,6,20,11,40,29,2,31,71
06/28/2017,CKB,WV,AEA,CE,Combined TRACON& Tower with Radar,1,4,9,15,29,1,0,37,4,42,2,4,46,19,71,59,16,75,146
06/29/2017,CKB,WV,AEA,CE,Combined TRACON& Tower with Radar,6,1,6,22,35,0,2,19,3,24,6,3,25,25,59,72,32,104,163
06/30/2017,CKB,WV,AEA,CE,Combined TRACON& Tower with Radar,3,4,8,16,31,0,0,10,4,14,3,4,18,20,45,34,8,42,87
07/01/2017,CKB,WV,AEA,CE,Combined TRACON& Tower with Radar,0,1,4,0,5,0,0,0,0,0,0,1,4,0,5,0,0,0,5
07/02/2017,CKB,WV,AEA,CE,Combined TRACON& Tower with Radar,8,1,5,0,14,0,2,4,0,6,8,3,9,0,20,31,0,31,51
07/03/2017,CKB,WV,AEA,CE,Combined TRACON& Tower with Radar,4,0,12,0,16,0,0,5,0,5,4,0,17,0,21,0,0,0,21
07/04/2017,CKB,WV,AEA,CE,Combined TRACON& Tower with Radar,4,0,2,0,6,0,0,3,0,3,4,0,5,0,9,0,0,0,9
07/05/2017,CKB,WV,AEA,CE,Combined TRACON& Tower with Radar,1,1,4,14,20,0,2,11,0,13,1,3,15,14,33,62,8,70,103
07/06/2017,CKB,WV,AEA,CE,Combined TRACON& Tower with Radar,4,0,4,20,28,0,0,1,0,1,4,0,5,20,29,0,0,0,29
07/07/2017,CKB,WV,AEA,CE,Combined TRACON& Tower with Radar,1,1,10,17,29,0,0,8,1,9,1,1,18,18,38,36,6,42,80
07/08/2017,CKB,WV,AEA,CE,Combined TRACON& Tower with Radar,1,1,1,4,7,0,0,6,1,7,1,1,7,5,14,12,0,12,26
07/09/2017,CKB,WV,AEA,CE,Combined TRACON& Tower with Radar,4,0,9,0,13,0,0,13,0,13,4,0,22,0,26,13,0,13,39
07/10/2017,CKB,WV,AEA,CE,Combined TRACON& Tower with Radar,1,5,10,18,34,0,0,20,3,23,1,5,30,21,57,22,0,22,79
07/11/2017,CKB,WV,AEA,CE,Combined TRACON& Tower with Radar,1,2,7,9,19,0,0,3,0,3,1,2,10,9,22,14,4,18,40
07/12/2017,CKB,WV,AEA,CE,Combined TRACON& Tower with Radar,0,1,8,11,20,0,2,14,1,17,0,3,22,12,37,15,0,15,52
07/13/2017,CKB,WV,AEA,CE,Combined TRACON& Tower with Radar,5,0,7,14,26,0,0,3,3,6,5,0,10,17,32,6,6,12,44
07/14/2017,CKB,WV,AEA,CE,Combined TRACON& Tower with Radar,2,0,5,14,21,0,0,2,0,2,2,0,7,14,23,0,0,0,23
07/15/2017,CKB,WV,AEA,CE,Combined TRACON& Tower with Radar,1,0,15,0,16,0,0,6,0,6,1,0,21,0,22,0,0,0,22
07/16/2017,CKB,WV,AEA,CE,Combined TRACON& Tower with Radar,4,1,6,1,12,0,0,15,0,15,4,1,21,1,27,53,0,53,80
07/17/2017,CKB,WV,AEA,CE,Combined TRACON& Tower with Radar,1,2,14,14,31,0,0,14,0,14,1,2,28,14,45,12,0,12,57
07/18/2017,CKB,WV,AEA,CE,Combined TRACON& Tower with Radar,1,1,7,12,21,0,0,22,0,22,1,1,29,12,43,72,0,72,115
07/19/2017,CKB,WV,AEA,CE,Combined TRACON& Tower with Radar,0,1,17,12,30,0,0,9,0,9,0,1,26,12,39,52,0,52,91
07/20/2017,CKB,WV,AEA,CE,Combined TRACON& Tower with Radar,5,2,9,14,30,0,0,14,0,14,5,2,23,14,44,32,4,36,80
07/21/2017,CKB,WV,AEA,CE,Combined TRACON& Tower with Radar,0,2,8,9,19,0,0,2,0,2,0,2,10,9,21,16,0,16,37
07/22/2017,CKB,WV,AEA,CE,Combined TRACON& Tower with Radar,1,0,1,1,3,0,0,2,4,6,1,0,3,5,9,0,0,0,9
07/23/2017,CKB,WV,AEA,CE,Combined TRACON& Tower with Radar,4,0,1,0,5,0,0,3,0,3,4,0,4,0,8,0,0,0,8
07/24/2017,CKB,WV,AEA,CE,Combined TRACON& Tower with Radar,2,1,34,5,42,0,0,8,0,8,2,1,42,5,50,6,0,6,56
07/25/2017,CKB,WV,AEA,CE,Combined TRACON& Tower with Radar,0,0,15,16,31,0,0,11,2,13,0,0,26,18,44,23,12,35,79
07/26/2017,CKB,WV,AEA,CE,Combined TRACON& Tower with Radar,0,2,15,13,30,0,0,31,1,32,0,2,46,14,62,26,14,40,102
07/27/2017,CKB,WV,AEA,CE,Combined TRACON& Tower with Radar,6,1,5,9,21,0,0,9,1,10,6,1,14,10,31,12,50,62,93
07/28/2017,CKB,WV,AEA,CE,Combined TRACON& Tower with Radar,2,3,10,2,17,0,0,0,0,0,2,3,10,2,17,0,0,0,17
07/29/2017,CKB,WV,AEA,CE,Combined TRACON& Tower with Radar,0,4,7,0,11,0,2,3,0,5,0,6,10,0,16,0,0,0,16
07/30/2017,CKB,WV,AEA,CE,Combined TRACON& Tower with Radar,7,1,12,0,20,0,0,22,0,22,7,1,34,0,42,11,0,11,53
07/31/2017,CKB,WV,AEA,CE,Combined TRACON& Tower with Radar,3,2,14,18,37,0,2,18,1,21,3,4,32,19,58,24,70,94,152
08/01/2017,CKB,WV,AEA,CE,Combined TRACON& Tower with Radar,0,1,6,19,26,0,2,11,2,15,0,3,17,21,41,20,41,61,102
08/02/2017,CKB,WV,AEA,CE,Combined TRACON& Tower with Radar,0,5,9,11,25,0,0,10,0,10,0,5,19,11,35,22,42,64,99
08/03/2017,CKB,WV,AEA,CE,Combined TRACON& Tower with Radar,4,0,3,16,23,0,3,6,1,10,4,3,9,17,33,24,34,58,91
08/04/2017,CKB,WV,AEA,CE,Combined TRACON& Tower with Radar,0,3,7,13,23,0,1,6,8,15,0,4,13,21,38,20,34,54,92
08/05/2017,CKB,WV,AEA,CE,Combined TRACON& Tower with Radar,0,1,2,14,17,0,0,5,0,5,0,1,7,14,22,8,0,8,30
08/06/2017,CKB,WV,AEA,CE,Combined TRACON& Tower with Radar,4,1,15,4,24,0,0,19,2,21,4,1,34,6,45,8,8,16,61
08/07/2017,CKB,WV,AEA,CE,Combined TRACON& Tower with Radar,0,0,13,13,26,0,0,2,0,2,0,0,15,13,28,0,0,0,28
08/08/2017,CKB,WV,AEA,CE,Combined TRACON& Tower with Radar,0,4,10,19,33,0,2,16,0,18,0,6,26,19,51,34,2,36,87
08/09/2017,CKB,WV,AEA,CE,Combined TRACON& Tower with Radar,1,1,11,19,32,0,0,26,1,27,1,1,37,20,59,45,0,45,104
08/10/2017,CKB,WV,AEA,CE,Combined TRACON& Tower with Radar,4,0,17,12,33,0,0,23,0,23,4,0,40,12,56,48,0,48,104
08/11/2017,CKB,WV,AEA,CE,Combined TRACON& Tower with Radar,0,4,10,5,19,0,1,2,0,3,0,5,12,5,22,64,0,64,86
08/12/2017,CKB,WV,AEA,CE,Combined TRACON& Tower with Radar,1,0,3,1,5,0,0,4,1,5,1,0,7,2,10,0,0,0,10
08/13/2017,CKB,WV,AEA,CE,Combined TRACON& Tower with Radar,4,0,5,3,12,0,0,12,0,12,4,0,17,3,24,0,0,0,24
08/14/2017,CKB,WV,AEA,CE,Combined TRACON& Tower with Radar,0,1,13,2,16,0,2,4,0,6,0,3,17,2,22,14,0,14,36
08/15/2017,CKB,WV,AEA,CE,Combined TRACON& Tower with Radar,2,0,7,4,13,0,0,10,4,14,2,0,17,8,27,64,0,64,91
08/16/2017,CKB,WV,AEA,CE,Combined TRACON& Tower with Radar,1,1,10,7,19,0,0,15,0,15,1,1,25,7,34,14,0,14,48
08/17/2017,CKB,WV,AEA,CE,Combined TRACON& Tower with Radar,2,0,12,10,24,0,0,6,1,7,2,0,18,11,31,10,18,28,59
08/18/2017,CKB,WV,AEA,CE,Combined TRACON& Tower with Radar,0,1,11,10,22,0,0,7,0,7,0,1,18,10,29,4,4,8,37
08/19/2017,CKB,WV,AEA,CE,Combined TRACON& Tower with Radar,0,2,8,0,10,0,1,8,0,9,0,3,16,0,19,18,0,18,37
08/20/2017,CKB,WV,AEA,CE,Combined TRACON& Tower with Radar,2,2,8,0,12,0,0,13,0,13,2,2,21,0,25,4,0,4,29
08/21/2017,CKB,WV,AEA,CE,Combined TRACON& Tower with Radar,0,2,15,6,23,0,0,13,0,13,0,2,28,6,36,40,2,42,78
08/22/2017,CKB,WV,AEA,CE,Combined TRACON& Tower with Radar,2,1,4,9,16,0,0,12,2,14,2,1,16,11,30,8,3,11,41
08/23/2017,CKB,WV,AEA,CE,Combined TRACON& Tower with Radar,1,6,1,10,18,0,0,12,3,15,1,6,13,13,33,24,14,38,71
08/24/2017,CKB,WV,AEA,CE,Combined TRACON& Tower with Radar,3,1,6,12,22,0,1,6,1,8,3,2,12,13,30,14,0,14,44
08/25/2017,CKB,WV,AEA,CE,Combined TRACON& Tower with Radar,1,2,18,6,27,2,0,7,2,11,3,2,25,8,38,16,6,22,60
08/26/2017,CKB,WV,AEA,CE,Combined TRACON& Tower with Radar,2,2,9,0,13,0,0,6,0,6,2,2,15,0,19,2,0,2,21
08/27/2017,CKB,WV,AEA,CE,Combined TRACON& Tower with Radar,2,3,10,1,16,0,0,8,0,8,2,3,18,1,24,0,0,0,24
08/28/2017,CKB,WV,AEA,CE,Combined TRACON& Tower with Radar,0,2,10,7,19,0,2,35,1,38,0,4,45,8,57,55,8,63,120
08/29/2017,CKB,WV,AEA,CE,Combined TRACON& Tower with Radar,2,4,4,9,19,0,0,37,3,40,2,4,41,12,59,12,0,12,71
08/30/2017,CKB,WV,AEA,CE,Combined TRACON& Tower with Radar,0,3,6,7,16,0,0,40,5,45,0,3,46,12,61,6,16,22,83
08/31/2017,CKB,WV,AEA,CE,Combined TRACON& Tower with Radar,1,1,5,8,15,0,0,30,0,30,1,1,35,8,45,3,8,11,56
09/01/2017,CKB,WV,AEA,CE,Combined TRACON& Tower with Radar,0,1,3,0,4,0,0,0,0,0,0,1,3,0,4,0,14,14,18
09/02/2017,CKB,WV,AEA,CE,Combined TRACON& Tower with Radar,0,0,2,0,2,0,0,1,0,1,0,0,3,0,3,4,0,4,7
09/03/2017,CKB,WV,AEA,CE,Combined TRACON& Tower with Radar,2,0,3,0,5,0,0,22,0,22,2,0,25,0,27,0,0,0,27
09/04/2017,CKB,WV,AEA,CE,Combined TRACON& Tower with Radar,0,0,18,0,18,0,0,29,0,29,0,0,47,0,47,6,0,6,53
09/05/2017,CKB,WV,AEA,CE,Combined TRACON& Tower with Radar,1,0,11,1,13,0,1,1,0,2,1,1,12,1,15,0,0,0,15
09/06/2017,CKB,WV,AEA,CE,Combined TRACON& Tower with Radar,0,2,13,18,33,0,0,5,3,8,0,2,18,21,41,50,26,76,117
09/07/2017,CKB,WV,AEA,CE,Combined TRACON& Tower with Radar,2,0,13,22,37,0,0,10,2,12,2,0,23,24,49,50,24,74,123
09/08/2017,CKB,WV,AEA,CE,Combined TRACON& Tower with Radar,3,3,16,13,35,0,1,25,0,26,3,4,41,13,61,46,6,52,113
09/09/2017,CKB,WV,AEA,CE,Combined TRACON& Tower with Radar,2,1,7,2,12,0,1,19,2,22,2,2,26,4,34,2,0,2,36
09/10/2017,CKB,WV,AEA,CE,Combined TRACON& Tower with Radar,2,3,8,0,13,0,2,11,0,13,2,5,19,0,26,0,0,0,26
09/11/2017,CKB,WV,AEA,CE,Combined TRACON& Tower with Radar,0,0,17,14,31,0,0,16,4,20,0,0,33,18,51,66,28,94,145
09/12/2017,CKB,WV,AEA,CE,Combined TRACON& Tower with Radar,0,1,4,11,16,0,0,9,1,10,0,1,13,12,26,71,14,85,111
09/13/2017,CKB,WV,AEA,CE,Combined TRACON& Tower with Radar,0,0,22,8,30,0,0,23,0,23,0,0,45,8,53,40,6,46,99
09/14/2017,CKB,WV,AEA,CE,Combined TRACON& Tower with Radar,2,1,13,15,31,0,1,0,0,1,2,2,13,15,32,0,0,0,32
09/15/2017,CKB,WV,AEA,CE,Combined TRACON& Tower with Radar,1,0,8,10,19,0,0,14,0,14,1,0,22,10,33,45,0,45,78
09/16/2017,CKB,WV,AEA,CE,Combined TRACON& Tower with Radar,0,2,5,0,7,0,0,7,0,7,0,2,12,0,14,0,0,0,14
09/17/2017,CKB,WV,AEA,CE,Combined TRACON& Tower with Radar,2,0,17,2,21,0,0,6,0,6,2,0,23,2,27,0,0,0,27
09/18/2017,CKB,WV,AEA,CE,Combined TRACON& Tower with Radar,0,3,11,6,20,0,2,11,2,15,0,5,22,8,35,25,0,25,60
09/19/2017,CKB,WV,AEA,CE,Combined TRACON& Tower with Radar,0,1,15,7,23,0,0,31,0,31,0,1,46,7,54,68,0,68,122
09/20/2017,CKB,WV,AEA,CE,Combined TRACON& Tower with Radar,1,0,12,7,20,0,0,6,0,6,1,0,18,7,26,36,2,38,64
09/21/2017,CKB,WV,AEA,CE,Combined TRACON& Tower with Radar,6,0,11,4,21,0,0,14,0,14,6,0,25,4,35,30,0,30,65
09/22/2017,CKB,WV,AEA,CE,Combined TRACON& Tower with Radar,3,0,9,6,18,0,2,13,2,17,3,2,22,8,35,58,2,60,95
09/23/2017,CKB,WV,AEA,CE,Combined TRACON& Tower with Radar,3,0,12,0,15,0,0,16,0,16,3,0,28,0,31,2,0,2,33
09/24/2017,CKB,WV,AEA,CE,Combined TRACON& Tower with Radar,4,3,10,1,18,0,0,13,0,13,4,3,23,1,31,36,0,36,67
09/25/2017,CKB,WV,AEA,CE,Combined TRACON& Tower with Radar,0,1,16,7,24,0,2,37,2,41,0,3,53,9,65,93,0,93,158
09/26/2017,CKB,WV,AEA,CE,Combined TRACON& Tower with Radar,0,2,16,3,21,0,0,19,1,20,0,2,35,4,41,101,6,107,148
09/27/2017,CKB,WV,AEA,CE,Combined TRACON& Tower with Radar,2,0,13,5,20,0,0,26,0,26,2,0,39,5,46,59,0,59,105
09/28/2017,CKB,WV,AEA,CE,Combined TRACON& Tower with Radar,2,0,9,4,15,0,0,20,2,22,2,0,29,6,37,98,12,110,147
09/29/2017,CKB,WV,AEA,CE,Combined TRACON& Tower with Radar,0,1,8,8,17,0,0,20,0,20,0,1,28,8,37,40,2,42,79
09/30/2017,CKB,WV,AEA,CE,Combined TRACON& Tower with Radar,0,4,7,0,11,0,0,6,0,6,0,4,13,0,17,0,0,0,17
10/01/2017,CKB,WV,AEA,CE,Combined TRACON& Tower with Radar,3,0,6,0,9,0,0,17,0,17,3,0,23,0,26,0,0,0,26
10/02/2017,CKB,WV,AEA,CE,Combined TRACON& Tower with Radar,1,0,16,8,25,0,0,22,0,22,1,0,38,8,47,56,0,56,103
10/03/2017,CKB,WV,AEA,CE,Combined TRACON& Tower with Radar,0,2,4,2,8,0,0,15,1,16,0,2,19,3,24,96,10,106,130
10/04/2017,CKB,WV,AEA,CE,Combined TRACON& Tower with Radar,0,1,9,5,15,0,0,19,1,20,0,1,28,6,35,36,0,36,71
10/05/2017,CKB,WV,AEA,CE,Combined TRACON& Tower with Radar,2,1,10,13,26,0,0,4,0,4,2,1,14,13,30,56,20,76,106
10/06/2017,CKB,WV,AEA,CE,Combined TRACON& Tower with Radar,2,1,6,7,16,0,0,14,1,15,2,1,20,8,31,37,32,69,100
10/07/2017,CKB,WV,AEA,CE,Combined TRACON& Tower with Radar,3,4,3,0,10,0,2,10,0,12,3,6,13,0,22,0,0,0,22
10/08/2017,CKB,WV,AEA,CE,Combined TRACON& Tower with Radar,2,2,1,0,5,0,0,0,0,0,2,2,1,0,5,0,0,0,5
10/09/2017,CKB,WV,AEA,CE,Combined TRACON& Tower with Radar,0,0,11,0,11,0,0,1,0,1,0,0,12,0,12,58,0,58,70
10/10/2017,CKB,WV,AEA,CE,Combined TRACON& Tower with Radar,4,3,5,7,19,0,0,10,0,10,4,3,15,7,29,104,10,114,143
10/11/2017,CKB,WV,AEA,CE,Combined TRACON& Tower with Radar,1,0,9,10,20,0,0,1,0,1,1,0,10,10,21,0,16,16,37
10/12/2017,CKB,WV,AEA,CE,Combined TRACON& Tower with Radar,2,4,7,9,22,0,0,9,3,12,2,4,16,12,34,20,18,38,72
10/13/2017,CKB,WV,AEA,CE,Combined TRACON& Tower with Radar,2,0,21,9,32,0,0,22,5,27,2,0,43,14,59,12,10,22,81
10/14/2017,CKB,WV,AEA,CE,Combined TRACON& Tower with Radar,2,0,3,8,13,0,0,9,0,9,2,0,12,8,22,25,10,35,57
10/15/2017,CKB,WV,AEA,CE,Combined TRACON& Tower with Radar,2,0,9,3,14,0,0,7,0,7,2,0,16,3,21,0,0,0,21
10/16/2017,CKB,WV,AEA,CE,Combined TRACON& Tower with Radar,1,1,14,7,23,0,0,6,0,6,1,1,20,7,29,0,0,0,29
10/17/2017,CKB,WV,AEA,CE,Combined TRACON& Tower with Radar,4,2,6,6,18,0,0,12,1,13,4,2,18,7,31,34,10,44,75
10/18/2017,CKB,WV,AEA,CE,Combined TRACON& Tower with Radar,2,0,4,9,15,0,0,25,0,25,2,0,29,9,40,42,2,44,84
10/19/2017,CKB,WV,AEA,CE,Combined TRACON& Tower with Radar,3,1,11,4,19,0,0,17,1,18,3,1,28,5,37,27,0,27,64
10/20/2017,CKB,WV,AEA,CE,Combined TRACON& Tower with Radar,5,1,14,6,26,0,2,18,2,22,5,3,32,8,48,60,0,60,108
10/21/2017,CKB,WV,AEA,CE,Combined TRACON& Tower with Radar,0,5,8,0,13,0,3,18,0,21,0,8,26,0,34,10,0,10,44
10/22/2017,CKB,WV,AEA,CE,Combined TRACON& Tower with Radar,3,0,9,1,13,0,0,14,0,14,3,0,23,1,27,5,2,7,34
10/23/2017,CKB,WV,AEA,CE,Combined TRACON& Tower with Radar,1,3,10,8,22,0,0,4,0,4,1,3,14,8,26,20,12,32,58
10/24/2017,CKB,WV,AEA,CE,Combined TRACON& Tower with Radar,0,4,7,8,19,0,0,2,0,2,0,4,9,8,21,84,0,84,105
10/25/2017,CKB,WV,AEA,CE,Combined TRACON& Tower with Radar,0,3,13,3,19,0,0,3,0,3,0,3,16,3,22,45,2,47,69
10/26/2017,CKB,WV,AEA,CE,Combined TRACON& Tower with Radar,2,5,11,7,25,0,0,24,2,26,2,5,35,9,51,58,6,64,115
10/27/2017,CKB,WV,AEA,CE,Combined TRACON& Tower with Radar,2,0,10,10,22,0,1,18,2,21,2,1,28,12,43,72,6,78,121
10/28/2017,CKB,WV,AEA,CE,Combined TRACON& Tower with Radar,5,0,6,1,12,0,0,2,0,2,5,0,8,1,14,0,0,0,14
10/29/2017,CKB,WV,AEA,CE,Combined TRACON& Tower with Radar,2,0,1,0,3,0,0,0,0,0,2,0,1,0,3,0,0,0,3
10/30/2017,CKB,WV,AEA,CE,Combined TRACON& Tower with Radar,2,1,13,7,23,0,0,24,2,26,2,1,37,9,49,32,30,62,111
10/31/2017,CKB,WV,AEA,CE,Combined TRACON& Tower with Radar,0,0,8,11,19,0,0,11,1,12,0,0,19,12,31,16,36,52,83
11/01/2017,CKB,WV,AEA,CE,Combined TRACON& Tower with Radar,1,9,11,11,32,0,0,2,1,3,1,9,13,12,35,4,60,64,99
11/02/2017,CKB,WV,AEA,CE,Combined TRACON& Tower with Radar,3,3,8,12,26,0,2,8,0,10,3,5,16,12,36,70,34,104,140
11/03/2017,CKB,WV,AEA,CE,Combined TRACON& Tower with Radar,3,6,8,4,21,0,0,0,0,0,3,6,8,4,21,0,6,6,27
11/04/2017,CKB,WV,AEA,CE,Combined TRACON& Tower with Radar,7,4,3,1,15,0,0,8,0,8,7,4,11,1,23,4,0,4,27
11/05/2017,CKB,WV,AEA,CE,Combined TRACON& Tower with Radar,4,5,4,0,13,0,0,4,0,4,4,5,8,0,17,3,0,3,20
11/06/2017,CKB,WV,AEA,CE,Combined TRACON& Tower with Radar,4,4,12,4,24,0,0,0,0,0,4,4,12,4,24,0,0,0,24
11/07/2017,CKB,WV,AEA,CE,Combined TRACON& Tower with Radar,0,7,5,16,28,0,0,0,0,0,0,7,5,16,28,0,0,0,28
11/08/2017,CKB,WV,AEA,CE,Combined TRACON& Tower with Radar,1,4,14,32,51,0,0,1,1,2,1,4,15,33,53,0,6,6,59
11/09/2017,CKB,WV,AEA,CE,Combined TRACON& Tower with Radar,4,5,4,7,20,0,2,7,0,9,4,7,11,7,29,0,0,0,29
11/10/2017,CKB,WV,AEA,CE,Combined TRACON& Tower with Radar,2,10,6,0,18,0,2,13,0,15,2,12,19,0,33,44,0,44,77
11/11/2017,CKB,WV,AEA,CE,Combined TRACON& Tower with Radar,1,2,3,0,6,0,0,4,0,4,1,2,7,0,10,0,0,0,10
11/12/2017,CKB,WV,AEA,CE,Combined TRACON& Tower with Radar,2,8,2,0,12,0,0,11,0,11,2,8,13,0,23,6,0,6,29
11/13/2017,CKB,WV,AEA,CE,Combined TRACON& Tower with Radar,5,4,19,6,34,0,0,0,0,0,5,4,19,6,34,0,22,22,56
11/14/2017,CKB,WV,AEA,CE,Combined TRACON& Tower with Radar,5,3,0,12,20,0,4,0,0,4,5,7,0,12,24,0,0,0,24
11/15/2017,CKB,WV,AEA,CE,Combined TRACON& Tower with Radar,7,6,22,12,47,0,0,18,0,18,7,6,40,12,65,61,12,73,138
11/16/2017,CKB,WV,AEA,CE,Combined TRACON& Tower with Radar,1,7,4,9,21,0,1,1,2,4,1,8,5,11,25,0,0,0,25
11/17/2017,CKB,WV,AEA,CE,Combined TRACON& Tower with Radar,5,9,6,12,32,0,0,11,0,11,5,9,17,12,43,25,14,39,82
11/18/2017,CKB,WV,AEA,CE,Combined TRACON& Tower with Radar,6,7,7,0,20,0,0,0,0,0,6,7,7,0,20,0,0,0,20
11/19/2017,CKB,WV,AEA,CE,Combined TRACON& Tower with Radar,1,5,6,1,13,0,0,1,0,1,1,5,7,1,14,0,2,2,16
11/20/2017,CKB,WV,AEA,CE,Combined TRACON& Tower with Radar,3,5,9,9,26,0,0,9,2,11,3,5,18,11,37,6,0,6,43
11/21/2017,CKB,WV,AEA,CE,Combined TRACON& Tower with Radar,3,6,27,3,39,0,0,4,0,4,3,6,31,3,43,0,0,0,43
11/22/2017,CKB,WV,AEA,CE,Combined TRACON& Tower with Radar,2,5,3,0,10,0,0,6,0,6,2,5,9,0,16,4,0,4,20
11/23/2017,CKB,WV,AEA,CE,Combined TRACON& Tower with Radar,1,4,4,0,9,0,1,6,0,7,1,5,10,0,16,4,0,4,20
11/24/2017,CKB,WV,AEA,CE,Combined TRACON& Tower with Radar,4,6,12,0,22,0,0,16,0,16,4,6,28,0,38,20,0,20,58
11/25/2017,CKB,WV,AEA,CE,Combined TRACON& Tower with Radar,1,4,3,0,8,0,0,2,0,2,1,4,5,0,10,0,0,0,10
11/26/2017,CKB,WV,AEA,CE,Combined TRACON& Tower with Radar,0,5,13,0,18,0,0,7,0,7,0,5,20,0,25,0,0,0,25
11/27/2017,CKB,WV,AEA,CE,Combined TRACON& Tower with Radar,2,5,7,1,15,0,3,17,0,20,2,8,24,1,35,68,0,68,103
11/28/2017,CKB,WV,AEA,CE,Combined TRACON& Tower with Radar,2,4,10,0,16,0,0,15,0,15,2,4,25,0,31,18,0,18,49
11/29/2017,CKB,WV,AEA,CE,Combined TRACON& Tower with Radar,1,4,7,4,16,0,2,16,0,18,1,6,23,4,34,40,0,40,74
11/30/2017,CKB,WV,AEA,CE,Combined TRACON& Tower with Radar,2,3,6,2,13,0,0,8,0,8,2,3,14,2,21,36,0,36,57
12/01/2017,CKB,WV,AEA,CE,Combined TRACON& Tower with Radar,2,4,8,4,18,0,0,2,1,3,2,4,10,5,21,2,0,2,23
12/02/2017,CKB,WV,AEA,CE,Combined TRACON& Tower with Radar,3,3,6,0,12,0,1,9,0,10,3,4,15,0,22,2,0,2,24
12/03/2017,CKB,WV,AEA,CE,Combined TRACON& Tower with Radar,6,7,8,3,24,0,2,15,0,17,6,9,23,3,41,4,4,8,49
12/04/2017,CKB,WV,AEA,CE,Combined TRACON& Tower with Radar,3,4,10,12,29,0,0,10,1,11,3,4,20,13,40,49,20,69,109
12/05/2017,CKB,WV,AEA,CE,Combined TRACON& Tower with Radar,0,6,2,2,10,0,0,3,0,3,0,6,5,2,13,0,0,0,13
12/06/2017,CKB,WV,AEA,CE,Combined TRACON& Tower with Radar,3,4,6,6,19,0,0,15,1,16,3,4,21,7,35,34,8,42,77
12/07/2017,CKB,WV,AEA,CE,Combined TRACON& Tower with Radar,2,4,3,4,13,0,0,6,1,7,2,4,9,5,20,0,0,0,20
12/08/2017,CKB,WV,AEA,CE,Combined TRACON& Tower with Radar,3,3,3,3,12,0,0,8,0,8,3,3,11,3,20,80,8,88,108
12/09/2017,CKB,WV,AEA,CE,Combined TRACON& Tower with Radar,1,3,3,0,7,0,0,5,0,5,1,3,8,0,12,0,0,0,12
12/10/2017,CKB,WV,AEA,CE,Combined TRACON& Tower with Radar,3,4,5,0,12,0,0,2,0,2,3,4,7,0,14,0,0,0,14
12/11/2017,CKB,WV,AEA,CE,Combined TRACON& Tower with Radar,5,3,14,7,29,0,0,9,0,9,5,3,23,7,38,110,2,112,150
12/12/2017,CKB,WV,AEA,CE,Combined TRACON& Tower with Radar,0,4,7,1,12,0,0,0,0,0,0,4,7,1,12,0,0,0,12
12/13/2017,CKB,WV,AEA,CE,Combined TRACON& Tower with Radar,0,7,11,6,24,0,0,3,0,3,0,7,14,6,27,34,4,38,65
12/14/2017,CKB,WV,AEA,CE,Combined TRACON& Tower with Radar,0,4,1,0,5,0,0,1,0,1,0,4,2,0,6,0,0,0,6
12/15/2017,CKB,WV,AEA,CE,Combined TRACON& Tower with Radar,3,6,7,5,21,0,0,5,0,5,3,6,12,5,26,4,6,10,36
12/16/2017,CKB,WV,AEA,CE,Combined TRACON& Tower with Radar,0,4,0,6,10,0,0,5,0,5,0,4,5,6,15,10,0,10,25
12/17/2017,CKB,WV,AEA,CE,Combined TRACON& Tower with Radar,0,5,2,0,7,0,0,7,1,8,0,5,9,1,15,10,0,10,25
12/18/2017,CKB,WV,AEA,CE,Combined TRACON& Tower with Radar,3,3,8,6,20,0,0,0,0,0,3,3,8,6,20,0,0,0,20
12/19/2017,CKB,WV,AEA,CE,Combined TRACON& Tower with Radar,2,4,4,6,16,0,0,9,4,13,2,4,13,10,29,27,8,35,64
12/20/2017,CKB,WV,AEA,CE,Combined TRACON& Tower with Radar,0,3,5,4,12,0,0,22,0,22,0,3,27,4,34,47,20,67,101
12/21/2017,CKB,WV,AEA,CE,Combined TRACON& Tower with Radar,4,6,6,4,20,0,4,17,0,21,4,10,23,4,41,118,0,118,159
12/22/2017,CKB,WV,AEA,CE,Combined TRACON& Tower with Radar,6,3,6,2,17,0,2,3,0,5,6,5,9,2,22,10,0,10,32
12/23/2017,CKB,WV,AEA,CE,Combined TRACON& Tower with Radar,2,2,0,0,4,0,0,0,0,0,2,2,0,0,4,0,0,0,4
12/24/2017,CKB,WV,AEA,CE,Combined TRACON& Tower with Radar,1,4,0,0,5,0,0,2,0,2,1,4,2,0,7,0,0,0,7
12/25/2017,CKB,WV,AEA,CE,Combined TRACON& Tower with Radar,2,3,0,0,5,0,0,2,0,2,2,3,2,0,7,0,0,0,7
12/26/2017,CKB,WV,AEA,CE,Combined TRACON& Tower with Radar,8,3,3,0,14,0,0,2,0,2,8,3,5,0,16,0,0,0,16
12/27/2017,CKB,WV,AEA,CE,Combined TRACON& Tower with Radar,2,3,13,2,20,0,0,3,0,3,2,3,16,2,23,4,0,4,27
12/28/2017,CKB,WV,AEA,CE,Combined TRACON& Tower with Radar,3,3,6,4,16,0,0,4,0,4,3,3,10,4,20,0,0,0,20
12/29/2017,CKB,WV,AEA,CE,Combined TRACON& Tower with Radar,2,6,2,2,12,0,4,3,0,7,2,10,5,2,19,0,0,0,19
12/30/2017,CKB,WV,AEA,CE,Combined TRACON& Tower with Radar,0,4,0,0,4,0,0,0,0,0,0,4,0,0,4,0,0,0,4
12/31/2017,CKB,WV,AEA,CE,Combined TRACON& Tower with Radar,0,1,0,0,1,0,1,0,0,1,0,2,0,0,2,0,0,0,2
01/01/2018,CKB,WV,AEA,CE,Combined TRACON& Tower with Radar,1,5,1,0,7,0,0,2,0,2,1,5,3,0,9,0,0,0,9
01/02/2018,CKB,WV,AEA,CE,Combined TRACON& Tower with Radar,3,8,6,1,18,0,1,4,1,6,3,9,10,2,24,9,14,23,47
01/03/2018,CKB,WV,AEA,CE,Combined TRACON& Tower with Radar,5,4,3,1,13,0,0,2,1,3,5,4,5,2,16,0,0,0,16
01/04/2018,CKB,WV,AEA,CE,Combined TRACON& Tower with Radar,0,9,0,2,11,0,2,0,0,2,0,11,0,2,13,0,0,0,13
01/05/2018,CKB,WV,AEA,CE,Combined TRACON& Tower with Radar,5,7,3,4,19,0,0,0,4,4,5,7,3,8,23,0,0,0,23
01/06/2018,CKB,WV,AEA,CE,Combined TRACON& Tower with Radar,4,4,3,1,12,0,0,4,1,5,4,4,7,2,17,0,0,0,17
01/07/2018,CKB,WV,AEA,CE,Combined TRACON& Tower with Radar,2,6,10,2,20,0,0,12,0,12,2,6,22,2,32,4,0,4,36
01/08/2018,CKB,WV,AEA,CE,Combined TRACON& Tower with Radar,2,6,1,0,9,0,0,0,0,0,2,6,1,0,9,0,0,0,9
01/09/2018,CKB,WV,AEA,CE,Combined TRACON& Tower with Radar,0,8,6,5,19,0,0,0,0,0,0,8,6,5,19,0,0,0,19
01/10/2018,CKB,WV,AEA,CE,Combined TRACON& Tower with Radar,2,3,10,2,17,0,2,4,2,8,2,5,14,4,25,0,0,0,25
01/11/2018,CKB,WV,AEA,CE,Combined TRACON& Tower with Radar,2,5,14,13,34,0,0,5,0,5,2,5,19,13,39,24,0,24,63
01/12/2018,CKB,WV,AEA,CE,Combined TRACON& Tower with Radar,4,3,5,18,30,0,0,0,0,0,4,3,5,18,30,12,14,26,56
01/13/2018,CKB,WV,AEA,CE,Combined TRACON& Tower with Radar,3,2,3,0,8,0,0,0,0,0,3,2,3,0,8,0,0,0,8
01/14/2018,CKB,WV,AEA,CE,Combined TRACON& Tower with Radar,3,12,11,1,27,0,0,5,0,5,3,12,16,1,32,0,2,2,34
01/15/2018,CKB,WV,AEA,CE,Combined TRACON& Tower with Radar,5,11,8,0,24,0,0,1,0,1,5,11,9,0,25,0,0,0,25
01/16/2018,CKB,WV,AEA,CE,Combined TRACON& Tower with Radar,6,4,2,0,12,0,0,0,0,0,6,4,2,0,12,0,0,0,12
01/17/2018,CKB,WV,AEA,CE,Combined TRACON& Tower with Radar,1,8,8,1,18,0,0,0,0,0,1,8,8,1,18,0,0,0,18
01/18/2018,CKB,WV,AEA,CE,Combined TRACON& Tower with Radar,1,5,12,7,25,0,0,8,2,10,1,5,20,9,35,0,0,0,35
01/19/2018,CKB,WV,AEA,CE,Combined TRACON& Tower with Radar,5,4,20,13,42,0,2,9,3,14,5,6,29,16,56,18,0,18,74
01/20/2018,CKB,WV,AEA,CE,Combined TRACON& Tower with Radar,2,3,2,0,7,0,0,3,1,4,2,3,5,1,11,2,0,2,13
01/21/2018,CKB,WV,AEA,CE,Combined TRACON& Tower with Radar,2,5,3,0,10,0,0,2,0,2,2,5,5,0,12,0,0,0,12
01/22/2018,CKB,WV,AEA,CE,Combined TRACON& Tower with Radar,2,3,10,17,32,0,0,8,0,8,2,3,18,17,40,31,10,41,81
01/23/2018,CKB,WV,AEA,CE,Combined TRACON& Tower with Radar,0,3,6,6,15,0,0,0,0,0,0,3,6,6,15,0,0,0,15
01/24/2018,CKB,WV,AEA,CE,Combined TRACON& Tower with Radar,1,10,4,8,23,0,0,0,0,0,1,10,4,8,23,0,0,0,23
01/25/2018,CKB,WV,AEA,CE,Combined TRACON& Tower with Radar,2,7,6,9,24,0,2,8,0,10,2,9,14,9,34,70,0,70,104
01/26/2018,CKB,WV,AEA,CE,Combined TRACON& Tower with Radar,4,3,9,10,26,0,0,23,0,23,4,3,32,10,49,100,0,100,149
01/27/2018,CKB,WV,AEA,CE,Combined TRACON& Tower with Radar,5,5,2,0,12,0,0,0,0,0,5,5,2,0,12,10,0,10,22
01/28/2018,CKB,WV,AEA,CE,Combined TRACON& Tower with Radar,0,5,3,1,9,0,0,0,0,0,0,5,3,1,9,4,0,4,13
01/29/2018,CKB,WV,AEA,CE,Combined TRACON& Tower with Radar,2,4,3,9,18,0,0,9,1,10,2,4,12,10,28,174,0,174,202
01/30/2018,CKB,WV,AEA,CE,Combined TRACON& Tower with Radar,2,4,4,6,16,0,0,0,0,0,2,4,4,6,16,8,0,8,24
01/31/2018,CKB,WV,AEA,CE,Combined TRACON& Tower with Radar,0,3,6,9,18,0,0,23,0,23,0,3,29,9,41,54,14,68,109
02/01/2018,CKB,WV,AEA,CE,Combined TRACON& Tower with Radar,0,4,11,12,27,0,0,7,0,7,0,4,18,12,34,10,0,10,44
02/02/2018,CKB,WV,AEA,CE,Combined TRACON& Tower with Radar,0,0,1,0,1,0,0,0,0,0,0,0,1,0,1,0,0,0,1
02/03/2018,CKB,WV,AEA,CE,Combined TRACON& Tower with Radar,6,4,2,10,22,0,0,11,0,11,6,4,13,10,33,44,0,44,77
02/04/2018,CKB,WV,AEA,CE,Combined TRACON& Tower with Radar,2,6,0,0,8,0,0,0,0,0,2,6,0,0,8,0,0,0,8
02/05/2018,CKB,WV,AEA,CE,Combined TRACON& Tower with Radar,2,4,3,7,16,0,0,5,0,5,2,4,8,7,21,48,6,54,75
02/06/2018,CKB,WV,AEA,CE,Combined TRACON& Tower with Radar,4,6,1,8,19,0,0,0,0,0,4,6,1,8,19,0,0,0,19
02/07/2018,CKB,WV,AEA,CE,Combined TRACON& Tower with Radar,5,3,0,3,11,0,0,0,0,0,5,3,0,3,11,0,0,0,11
02/08/2018,CKB,WV,AEA,CE,Combined TRACON& Tower with Radar,0,2,10,10,22,0,0,2,5,7,0,2,12,15,29,136,14,150,179
02/09/2018,CKB,WV,AEA,CE,Combined TRACON& Tower with Radar,4,2,4,2,12,1,1,18,0,20,5,3,22,2,32,45,0,45,77
02/10/2018,CKB,WV,AEA,CE,Combined TRACON& Tower with Radar,3,2,3,0,8,0,0,5,0,5,3,2,8,0,13,65,0,65,78
02/11/2018,CKB,WV,AEA,CE,Combined TRACON& Tower with Radar,1,6,1,1,9,0,0,0,0,0,1,6,1,1,9,0,0,0,9
02/12/2018,CKB,WV,AEA,CE,Combined TRACON& Tower with Radar,3,3,9,2,17,2,0,1,0,3,5,3,10,2,20,30,0,30,50
02/13/2018,CKB,WV,AEA,CE,Combined TRACON& Tower with Radar,1,3,6,4,14,0,0,5,0,5,1,3,11,4,19,45,0,45,64
02/14/2018,CKB,WV,AEA,CE,Combined TRACON& Tower with Radar,2,4,7,3,16,0,0,0,0,0,2,4,7,3,16,0,0,0,16
02/15/2018,CKB,WV,AEA,CE,Combined TRACON& Tower with Radar,5,3,6,6,20,0,0,0,0,0,5,3,6,6,20,2,0,2,22
02/16/2018,CKB,WV,AEA,CE,Combined TRACON& Tower with Radar,1,2,5,1,9,0,0,0,0,0,1,2,5,1,9,0,0,0,9
02/17/2018,CKB,WV,AEA,CE,Combined TRACON& Tower with Radar,0,3,2,3,8,0,0,4,0,4,0,3,6,3,12,17,0,17,29
02/18/2018,CKB,WV,AEA,CE,Combined TRACON& Tower with Radar,2,5,2,0,9,0,0,8,0,8,2,5,10,0,17,38,0,38,55
02/19/2018,CKB,WV,AEA,CE,Combined TRACON& Tower with Radar,2,3,8,0,13,0,0,0,0,0,2,3,8,0,13,0,0,0,13
02/20/2018,CKB,WV,AEA,CE,Combined TRACON& Tower with Radar,0,3,5,6,14,0,0,1,0,1,0,3,6,6,15,46,2,48,63
02/21/2018,CKB,WV,AEA,CE,Combined TRACON& Tower with Radar,5,3,6,3,17,0,0,0,0,0,5,3,6,3,17,2,0,2,19
02/22/2018,CKB,WV,AEA,CE,Combined TRACON& Tower with Radar,2,5,4,8,19,0,0,0,0,0,2,5,4,8,19,0,0,0,19
02/23/2018,CKB,WV,AEA,CE,Combined TRACON& Tower with Radar,0,9,5,9,23,0,0,4,0,4,0,9,9,9,27,28,24,52,79
02/24/2018,CKB,WV,AEA,CE,Combined TRACON& Tower with Radar,0,4,1,3,8,0,0,1,0,1,0,4,2,3,9,0,0,0,9
02/25/2018,CKB,WV,AEA,CE,Combined TRACON& Tower with Radar,5,5,13,0,23,0,0,8,0,8,5,5,21,0,31,4,0,4,35
02/26/2018,CKB,WV,AEA,CE,Combined TRACON& Tower with Radar,1,5,17,6,29,0,0,30,3,33,1,5,47,9,62,39,14,53,115
02/27/2018,CKB,WV,AEA,CE,Combined TRACON& Tower with Radar,2,3,15,3,23,3,0,45,8,56,5,3,60,11,79,74,9,83,162
02/28/2018,CKB,WV,AEA,CE,Combined TRACON& Tower with Radar,1,5,11,8,25,0,0,18,1,19,1,5,29,9,44,42,6,48,92
03/01/2018,CKB,WV,AEA,CE,Combined TRACON& Tower with Radar,3,8,7,7,25,0,0,0,0,0,3,8,7,7,25,0,0,0,25
03/02/2018,CKB,WV,AEA,CE,Combined TRACON& Tower with Radar,2,3,4,2,11,0,0,1,2,3,2,3,5,4,14,0,0,0,14
03/03/2018,CKB,WV,AEA,CE,Combined TRACON& Tower with Radar,3,2,7,0,12,0,0,4,2,6,3,2,11,2,18,12,2,14,32
03/04/2018,CKB,WV,AEA,CE,Combined TRACON& Tower with Radar,1,3,13,0,17,0,1,9,0,10,1,4,22,0,27,36,0,36,63
03/05/2018,CKB,WV,AEA,CE,Combined TRACON& Tower with Radar,7,3,21,13,44,0,0,26,6,32,7,3,47,19,76,38,60,98,174
03/06/2018,CKB,WV,AEA,CE,Combined TRACON& Tower with Radar,2,4,7,13,26,0,2,2,0,4,2,6,9,13,30,10,16,26,56
03/07/2018,CKB,WV,AEA,CE,Combined TRACON& Tower with Radar,2,5,5,12,24,0,0,1,1,2,2,5,6,13,26,0,14,14,40
03/08/2018,CKB,WV,AEA,CE,Combined TRACON& Tower with Radar,4,8,0,10,22,0,0,0,3,3,4,8,0,13,25,6,3,9,34
03/09/2018,CKB,WV,AEA,CE,Combined TRACON& Tower with Radar,2,5,5,11,23,0,0,1,0,1,2,5,6,11,24,0,23,23,47
03/10/2018,CKB,WV,AEA,CE,Combined TRACON& Tower with Radar,1,2,9,4,16,0,2,4,2,8,1,4,13,6,24,4,14,18,42
03/11/2018,CKB,WV,AEA,CE,Combined TRACON& Tower with Radar,3,3,10,0,16,0,0,9,0,9,3,3,19,0,25,14,0,14,39
03/12/2018,CKB,WV,AEA,CE,Combined TRACON& Tower with Radar,4,5,3,8,20,0,1,0,0,1,4,6,3,8,21,0,0,0,21
03/13/2018,CKB,WV,AEA,CE,Combined TRACON& Tower with Radar,5,3,0,15,23,0,0,3,4,7,5,3,3,19,30,0,4,4,34
03/14/2018,CKB,WV,AEA,CE,Combined TRACON& Tower with Radar,2,6,3,7,18,0,0,0,0,0,2,6,3,7,18,0,0,0,18
03/15/2018,CKB,WV,AEA,CE,Combined TRACON& Tower with Radar,2,5,6,8,21,0,2,3,2,7,2,7,9,10,28,2,6,8,36
03/16/2018,CKB,WV,AEA,CE,Combined TRACON& Tower with Radar,0,7,5,5,17,0,0,6,0,6,0,7,11,5,23,14,18,32,55
03/17/2018,CKB,WV,AEA,CE,Combined TRACON& Tower with Radar,3,3,0,0,6,0,0,7,0,7,3,3,7,0,13,30,0,30,43
03/18/2018,CKB,WV,AEA,CE,Combined TRACON& Tower with Radar,0,4,9,2,15,0,0,17,0,17,0,4,26,2,32,8,0,8,40
03/19/2018,CKB,WV,AEA,CE,Combined TRACON& Tower with Radar,2,3,18,11,34,0,0,25,0,25,2,3,43,11,59,34,6,40,99
03/20/2018,CKB,WV,AEA,CE,Combined TRACON& Tower with Radar,3,3,3,1,10,0,0,1,0,1,3,3,4,1,11,12,0,12,23
03/21/2018,CKB,WV,AEA,CE,Combined TRACON& Tower with Radar,4,2,4,0,10,0,0,0,0,0,4,2,4,0,10,0,0,0,10
03/22/2018,CKB,WV,AEA,CE,Combined TRACON& Tower with Radar,3,9,8,7,27,0,0,8,0,8,3,9,16,7,35,43,0,43,78
03/23/2018,CKB,WV,AEA,CE,Combined TRACON& Tower with Radar,0,3,11,6,20,0,2,11,0,13,0,5,22,6,33,22,4,26,59
03/24/2018,CKB,WV,AEA,CE,Combined TRACON& Tower with Radar,2,2,2,0,6,0,0,13,0,13,2,2,15,0,19,16,0,16,35
03/25/2018,CKB,WV,AEA,CE,Combined TRACON& Tower with Radar,2,4,0,2,8,0,2,10,0,12,2,6,10,2,20,44,0,44,64
03/26/2018,CKB,WV,AEA,CE,Combined TRACON& Tower with Radar,2,4,13,8,27,0,0,17,4,21,2,4,30,12,48,10,30,40,88
03/27/2018,CKB,WV,AEA,CE,Combined TRACON& Tower with Radar,3,5,11,14,33,0,0,3,0,3,3,5,14,14,36,0,2,2,38
03/28/2018,CKB,WV,AEA,CE,Combined TRACON& Tower with Radar,3,8,4,4,19,0,0,0,0,0,3,8,4,4,19,0,0,0,19
03/29/2018,CKB,WV,AEA,CE,Combined TRACON& Tower with Radar,3,8,11,17,39,0,0,9,1,10,3,8,20,18,49,34,22,56,105
03/30/2018,CKB,WV,AEA,CE,Combined TRACON& Tower with Radar,6,5,0,9,20,0,2,4,0,6,6,7,4,9,26,0,0,0,26
03/31/2018,CKB,WV,AEA,CE,Combined TRACON& Tower with Radar,0,2,11,3,16,0,1,21,1,23,0,3,32,4,39,26,0,26,65
04/01/2018,CKB,WV,AEA,CE,Combined TRACON& Tower with Radar,3,6,7,0,16,0,0,1,0,1,3,6,8,0,17,0,0,0,17
04/02/2018,CKB,WV,AEA,CE,Combined TRACON& Tower with Radar,1,7,14,2,24,0,0,5,0,5,1,7,19,2,29,26,0,26,55
04/03/2018,CKB,WV,AEA,CE,Combined TRACON& Tower with Radar,0,3,5,3,11,0,0,5,0,5,0,3,10,3,16,8,0,8,24
04/04/2018,CKB,WV,AEA,CE,Combined TRACON& Tower with Radar,4,6,1,1,12,0,0,0,0,0,4,6,1,1,12,0,0,0,12
04/05/2018,CKB,WV,AEA,CE,Combined TRACON& Tower with Radar,3,6,9,8,26,0,0,19,3,22,3,6,28,11,48,66,22,88,136
04/06/2018,CKB,WV,AEA,CE,Combined TRACON& Tower with Radar,1,7,3,5,16,0,0,12,0,12,1,7,15,5,28,18,12,30,58
04/07/2018,CKB,WV,AEA,CE,Combined TRACON& Tower with Radar,2,4,3,2,11,0,0,6,0,6,2,4,9,2,17,0,0,0,17
04/08/2018,CKB,WV,AEA,CE,Combined TRACON& Tower with Radar,2,4,17,4,27,0,2,17,0,19,2,6,34,4,46,1,0,1,47
04/09/2018,CKB,WV,AEA,CE,Combined TRACON& Tower with Radar,0,5,6,8,19,0,0,1,0,1,0,5,7,8,20,0,0,0,20
04/10/2018,CKB,WV,AEA,CE,Combined TRACON& Tower with Radar,1,4,10,21,36,0,0,20,1,21,1,4,30,22,57,99,42,141,198
04/11/2018,CKB,WV,AEA,CE,Combined TRACON& Tower with Radar,0,6,15,11,32,0,0,24,2,26,0,6,39,13,58,28,8,36,94
04/12/2018,CKB,WV,AEA,CE,Combined TRACON& Tower with Radar,3,6,5,14,28,0,0,7,1,8,3,6,12,15,36,12,14,26,62
04/13/2018,CKB,WV,AEA,CE,Combined TRACON& Tower with Radar,1,3,9,7,20,0,0,22,5,27,1,3,31,12,47,8,20,28,75
04/14/2018,CKB,WV,AEA,CE,Combined TRACON& Tower with Radar,1,4,9,0,14,0,1,8,0,9,1,5,17,0,23,16,0,16,39
04/15/2018,CKB,WV,AEA,CE,Combined TRACON& Tower with Radar,3,6,2,5,16,0,0,2,0,2,3,6,4,5,18,0,0,0,18
04/16/2018,CKB,WV,AEA,CE,Combined TRACON& Tower with Radar,0,3,5,12,20,0,0,0,0,0,0,3,5,12,20,0,0,0,20
04/17/2018,CKB,WV,AEA,CE,Combined TRACON& Tower with Radar,2,7,11,12,32,0,0,2,0,2,2,7,13,12,34,0,34,34,68
04/18/2018,CKB,WV,AEA,CE,Combined TRACON& Tower with Radar,4,6,8,12,30,0,1,27,5,33,4,7,35,17,63,127,30,157,220
04/19/2018,CKB,WV,AEA,CE,Combined TRACON& Tower with Radar,2,5,9,12,28,0,0,3,0,3,2,5,12,12,31,0,0,0,31
04/20/2018,CKB,WV,AEA,CE,Combined TRACON& Tower with Radar,0,5,23,11,39,0,0,24,6,30,0,5,47,17,69,34,50,84,153
04/21/2018,CKB,WV,AEA,CE,Combined TRACON& Tower with Radar,3,3,15,1,22,0,0,20,0,20,3,3,35,1,42,21,0,21,63
04/22/2018,CKB,WV,AEA,CE,Combined TRACON& Tower with Radar,6,4,28,4,42,0,0,13,3,16,6,4,41,7,58,0,0,0,58
04/23/2018,CKB,WV,AEA,CE,Combined TRACON& Tower with Radar,3,4,11,6,24,0,0,6,2,8,3,4,17,8,32,22,58,80,112
04/24/2018,CKB,WV,AEA,CE,Combined TRACON& Tower with Radar,1,6,4,15,26,0,0,1,0,1,1,6,5,15,27,0,2,2,29
04/25/2018,CKB,WV,AEA,CE,Combined TRACON& Tower with Radar,3,4,18,24,49,0,0,11,0,11,3,4,29,24,60,14,24,38,98
04/26/2018,CKB,WV,AEA,CE,Combined TRACON& Tower with Radar,6,6,14,8,34,3,1,15,0,19,9,7,29,8,53,30,0,30,83
04/27/2018,CKB,WV,AEA,CE,Combined TRACON& Tower with Radar,2,6,5,6,19,0,0,8,0,8,2,6,13,6,27,27,0,27,54
04/28/2018,CKB,WV,AEA,CE,Combined TRACON& Tower with Radar,6,2,1,0,9,0,0,0,0,0,6,2,1,0,9,0,0,0,9
04/29/2018,CKB,WV,AEA,CE,Combined TRACON& Tower with Radar,3,5,8,1,17,0,0,8,0,8,3,5,16,1,25,14,0,14,39
04/30/2018,CKB,WV,AEA,CE,Combined TRACON& Tower with Radar,0,3,22,12,37,0,0,32,2,34,0,3,54,14,71,66,18,84,155
05/01/2018,CKB,WV,AEA,CE,Combined TRACON& Tower with Radar,4,4,12,15,35,0,0,32,1,33,4,4,44,16,68,42,12,54,122
05/02/2018,CKB,WV,AEA,CE,Combined TRACON& Tower with Radar,0,3,6,4,13,4,3,4,3,14,4,6,10,7,27,28,18,46,73
05/03/2018,CKB,WV,AEA,CE,Combined TRACON& Tower with Radar,3,8,8,15,34,0,0,15,1,16,3,8,23,16,50,36,36,72,122
05/04/2018,CKB,WV,AEA,CE,Combined TRACON& Tower with Radar,1,3,11,4,19,0,2,9,2,13,1,5,20,6,32,12,6,18,50
05/05/2018,CKB,WV,AEA,CE,Combined TRACON& Tower with Radar,4,5,9,0,18,0,2,6,0,8,4,7,15,0,26,18,0,18,44
05/06/2018,CKB,WV,AEA,CE,Combined TRACON& Tower with Radar,2,8,7,2,19,0,0,0,0,0,2,8,7,2,19,0,0,0,19
05/07/2018,CKB,WV,AEA,CE,Combined TRACON& Tower with Radar,3,5,5,3,16,0,0,7,1,8,3,5,12,4,24,24,28,52,76
05/08/2018,CKB,WV,AEA,CE,Combined TRACON& Tower with Radar,2,5,21,16,44,0,0,12,1,13,2,5,33,17,57,56,32,88,145
05/09/2018,CKB,WV,AEA,CE,Combined TRACON& Tower with Radar,2,7,14,12,35,0,0,17,3,20,2,7,31,15,55,36,10,46,101
05/10/2018,CKB,WV,AEA,CE,Combined TRACON& Tower with Radar,3,3,7,9,22,0,0,2,0,2,3,3,9,9,24,2,4,6,30
05/11/2018,CKB,WV,AEA,CE,Combined TRACON& Tower with Radar,0,5,19,11,35,0,0,10,0,10,0,5,29,11,45,58,12,70,115
05/12/2018,CKB,WV,AEA,CE,Combined TRACON& Tower with Radar,1,6,9,0,16,0,0,5,0,5,1,6,14,0,21,0,0,0,21
05/13/2018,CKB,WV,AEA,CE,Combined TRACON& Tower with Radar,2,6,3,0,11,0,0,4,0,4,2,6,7,0,15,0,0,0,15
05/14/2018,CKB,WV,AEA,CE,Combined TRACON& Tower with Radar,2,5,17,11,35,0,0,13,0,13,2,5,30,11,48,18,22,40,88
05/15/2018,CKB,WV,AEA,CE,Combined TRACON& Tower with Radar,1,5,11,6,23,0,0,13,2,15,1,5,24,8,38,32,12,44,82
05/16/2018,CKB,WV,AEA,CE,Combined TRACON& Tower with Radar,0,3,12,9,24,0,0,5,0,5,0,3,17,9,29,0,0,0,29
05/17/2018,CKB,WV,AEA,CE,Combined TRACON& Tower with Radar,0,4,17,2,23,0,0,8,0,8,0,4,25,2,31,8,20,28,59
05/18/2018,CKB,WV,AEA,CE,Combined TRACON& Tower with Radar,2,4,11,10,27,0,0,13,0,13,2,4,24,10,40,36,4,40,80
05/19/2018,CKB,WV,AEA,CE,Combined TRACON& Tower with Radar,2,2,6,0,10,0,2,8,0,10,2,4,14,0,20,6,0,6,26
05/20/2018,CKB,WV,AEA,CE,Combined TRACON& Tower with Radar,7,4,5,1,17,0,0,7,0,7,7,4,12,1,24,0,0,0,24
05/21/2018,CKB,WV,AEA,CE,Combined TRACON& Tower with Radar,4,5,13,6,28,0,0,7,7,14,4,5,20,13,42,2,6,8,50
05/22/2018,CKB,WV,AEA,CE,Combined TRACON& Tower with Radar,2,3,15,4,24,0,0,2,0,2,2,3,17,4,26,0,0,0,26
05/23/2018,CKB,WV,AEA,CE,Combined TRACON& Tower with Radar,0,4,9,20,33,0,2,11,0,13,0,6,20,20,46,50,15,65,111
05/24/2018,CKB,WV,AEA,CE,Combined TRACON& Tower with Radar,1,4,10,11,26,0,0,24,0,24,1,4,34,11,50,23,14,37,87
05/25/2018,CKB,WV,AEA,CE,Combined TRACON& Tower with Radar,2,3,9,6,20,0,0,14,2,16,2,3,23,8,36,35,8,43,79
05/26/2018,CKB,WV,AEA,CE,Combined TRACON& Tower with Radar,1,2,11,0,14,0,1,11,0,12,1,3,22,0,26,4,0,4,30
05/27/2018,CKB,WV,AEA,CE,Combined TRACON& Tower with Radar,1,5,3,0,9,0,0,4,0,4,1,5,7,0,13,0,0,0,13
05/28/2018,CKB,WV,AEA,CE,Combined TRACON& Tower with Radar,0,3,7,1,11,0,0,7,1,8,0,3,14,2,19,0,0,0,19
05/29/2018,CKB,WV,AEA,CE,Combined TRACON& Tower with Radar,3,4,22,4,33,0,0,32,0,32,3,4,54,4,65,52,32,84,149
05/30/2018,CKB,WV,AEA,CE,Combined TRACON& Tower with Radar,5,1,14,6,26,0,0,15,0,15,5,1,29,6,41,82,22,104,145
05/31/2018,CKB,WV,AEA,CE,Combined TRACON& Tower with Radar,0,6,11,5,22,0,0,6,0,6,0,6,17,5,28,10,22,32,60
06/01/2018,CKB,WV,AEA,CE,Combined TRACON& Tower with Radar,3,7,5,3,18,0,0,0,0,0,3,7,5,3,18,0,0,0,18
06/02/2018,CKB,WV,AEA,CE,Combined TRACON& Tower with Radar,0,3,4,1,8,0,0,5,0,5,0,3,9,1,13,0,0,0,13
06/03/2018,CKB,WV,AEA,CE,Combined TRACON& Tower with Radar,0,5,7,1,13,0,0,4,1,5,0,5,11,2,18,2,0,2,20
06/04/2018,CKB,WV,AEA,CE,Combined TRACON& Tower with Radar,3,3,13,9,28,0,0,16,1,17,3,3,29,10,45,22,0,22,67
06/05/2018,CKB,WV,AEA,CE,Combined TRACON& Tower with Radar,8,4,10,9,31,0,0,8,5,13,8,4,18,14,44,14,40,54,98
06/06/2018,CKB,WV,AEA,CE,Combined TRACON& Tower with Radar,2,8,16,8,34,0,2,12,2,16,2,10,28,10,50,26,10,36,86
06/07/2018,CKB,WV,AEA,CE,Combined TRACON& Tower with Radar,2,3,15,14,34,0,2,18,4,24,2,5,33,18,58,44,12,56,114
06/08/2018,CKB,WV,AEA,CE,Combined TRACON& Tower with Radar,2,3,13,11,29,0,3,10,2,15,2,6,23,13,44,2,14,16,60
06/09/2018,CKB,WV,AEA,CE,Combined TRACON& Tower with Radar,0,5,1,2,8,0,3,14,2,19,0,8,15,4,27,63,12,75,102
06/10/2018,CKB,WV,AEA,CE,Combined TRACON& Tower with Radar,4,4,8,1,17,0,0,8,0,8,4,4,16,1,25,24,0,24,49
06/11/2018,CKB,WV,AEA,CE,Combined TRACON& Tower with Radar,4,3,16,10,33,0,0,7,0,7,4,3,23,10,40,12,6,18,58
06/12/2018,CKB,WV,AEA,CE,Combined TRACON& Tower with Radar,3,6,5,11,25,0,0,17,0,17,3,6,22,11,42,44,14,58,100
06/13/2018,CKB,WV,AEA,CE,Combined TRACON& Tower with Radar,9,3,15,9,36,0,0,2,0,2,9,3,17,9,38,4,16,20,58
06/14/2018,CKB,WV,AEA,CE,Combined TRACON& Tower with Radar,3,4,16,11,34,0,0,20,2,22,3,4,36,13,56,125,12,137,193
06/15/2018,CKB,WV,AEA,CE,Combined TRACON& Tower with Radar,2,3,12,8,25,0,0,25,3,28,2,3,37,11,53,35,0,35,88
06/16/2018,CKB,WV,AEA,CE,Combined TRACON& Tower with Radar,0,4,3,2,9,0,0,28,0,28,0,4,31,2,37,30,0,30,67
06/17/2018,CKB,WV,AEA,CE,Combined TRACON& Tower with Radar,4,4,8,3,19,0,0,5,0,5,4,4,13,3,24,16,0,16,40
06/18/2018,CKB,WV,AEA,CE,Combined TRACON& Tower with Radar,2,8,19,12,41,0,0,20,0,20,2,8,39,12,61,34,8,42,103
06/19/2018,CKB,WV,AEA,CE,Combined TRACON& Tower with Radar,0,2,8,9,19,0,0,1,1,2,0,2,9,10,21,12,0,12,33
06/20/2018,CKB,WV,AEA,CE,Combined TRACON& Tower with Radar,4,4,20,12,40,0,0,5,1,6,4,4,25,13,46,0,6,6,52
06/21/2018,CKB,WV,AEA,CE,Combined TRACON& Tower with Radar,2,3,8,14,27,0,0,1,0,1,2,3,9,14,28,0,4,4,32
06/22/2018,CKB,WV,AEA,CE,Combined TRACON& Tower with Radar,2,7,6,4,19,0,0,4,0,4,2,7,10,4,23,8,0,8,31
06/23/2018,CKB,WV,AEA,CE,Combined TRACON& Tower with Radar,4,3,4,0,11,0,2,6,0,8,4,5,10,0,19,0,0,0,19
06/24/2018,CKB,WV,AEA,CE,Combined TRACON& Tower with Radar,2,8,6,1,17,0,1,4,0,5,2,9,10,1,22,0,0,0,22
06/25/2018,CKB,WV,AEA,CE,Combined TRACON& Tower with Radar,3,5,18,14,40,0,2,19,0,21,3,7,37,14,61,44,17,61,122
06/26/2018,CKB,WV,AEA,CE,Combined TRACON& Tower with Radar,2,5,12,10,29,0,0,18,2,20,2,5,30,12,49,103,0,103,152
06/27/2018,CKB,WV,AEA,CE,Combined TRACON& Tower with Radar,6,5,20,8,39,0,0,1,0,1,6,5,21,8,40,0,18,18,58
06/28/2018,CKB,WV,AEA,CE,Combined TRACON& Tower with Radar,5,6,11,14,36,0,2,6,0,8,5,8,17,14,44,16,0,16,60
06/29/2018,CKB,WV,AEA,CE,Combined TRACON& Tower with Radar,2,4,16,5,27,2,0,23,2,27,4,4,39,7,54,20,0,20,74
06/30/2018,CKB,WV,AEA,CE,Combined TRACON& Tower with Radar,0,3,5,2,10,0,0,23,0,23,0,3,28,2,33,30,0,30,63
07/01/2018,CKB,WV,AEA,CE,Combined TRACON& Tower with Radar,5,4,5,1,15,0,0,11,0,11,5,4,16,1,26,0,0,0,26
07/02/2018,CKB,WV,AEA,CE,Combined TRACON& Tower with Radar,5,4,10,2,21,0,0,24,0,24,5,4,34,2,45,82,0,82,127
07/03/2018,CKB,WV,AEA,CE,Combined TRACON& Tower with Radar,2,5,4,0,11,0,0,21,0,21,2,5,25,0,32,56,0,56,88
07/04/2018,CKB,WV,AEA,CE,Combined TRACON& Tower with Radar,0,4,4,0,8,0,0,17,0,17,0,4,21,0,25,18,0,18,43
07/05/2018,CKB,WV,AEA,CE,Combined TRACON& Tower with Radar,2,6,8,1,17,0,1,12,0,13,2,7,20,1,30,36,0,36,66
07/06/2018,CKB,WV,AEA,CE,Combined TRACON& Tower with Radar,3,6,11,2,22,0,2,14,0,16,3,8,25,2,38,14,0,14,52
07/07/2018,CKB,WV,AEA,CE,Combined TRACON& Tower with Radar,0,4,6,0,10,0,2,15,0,17,0,6,21,0,27,38,0,38,65
07/08/2018,CKB,WV,AEA,CE,Combined TRACON& Tower with Radar,3,6,8,0,17,0,0,7,0,7,3,6,15,0,24,0,0,0,24
07/09/2018,CKB,WV,AEA,CE,Combined TRACON& Tower with Radar,3,5,22,0,30,0,0,21,2,23,3,5,43,2,53,18,0,18,71
07/10/2018,CKB,WV,AEA,CE,Combined TRACON& Tower with Radar,0,6,6,4,16,0,0,19,2,21,0,6,25,6,37,58,0,58,95
07/11/2018,CKB,WV,AEA,CE,Combined TRACON& Tower with Radar,0,4,10,5,19,0,1,27,0,28,0,5,37,5,47,32,0,32,79
07/12/2018,CKB,WV,AEA,CE,Combined TRACON& Tower with Radar,2,3,9,5,19,0,0,27,0,27,2,3,36,5,46,34,0,34,80
07/13/2018,CKB,WV,AEA,CE,Combined TRACON& Tower with Radar,0,5,13,5,23,0,0,33,1,34,0,5,46,6,57,33,0,33,90
07/14/2018,CKB,WV,AEA,CE,Combined TRACON& Tower with Radar,2,3,8,2,15,0,0,17,0,17,2,3,25,2,32,2,0,2,34
07/15/2018,CKB,WV,AEA,CE,Combined TRACON& Tower with Radar,4,3,6,1,14,0,0,5,0,5,4,3,11,1,19,32,0,32,51
07/16/2018,CKB,WV,AEA,CE,Combined TRACON& Tower with Radar,2,5,9,3,19,0,0,22,0,22,2,5,31,3,41,41,0,41,82
07/17/2018,CKB,WV,AEA,CE,Combined TRACON& Tower with Radar,2,9,10,3,24,0,0,7,0,7,2,9,17,3,31,40,0,40,71
07/18/2018,CKB,WV,AEA,CE,Combined TRACON& Tower with Radar,4,7,15,6,32,0,2,22,2,26,4,9,37,8,58,106,0,106,164
07/19/2018,CKB,WV,AEA,CE,Combined TRACON& Tower with Radar,3,5,12,13,33,0,0,32,1,33,3,5,44,14,66,42,0,42,108
07/20/2018,CKB,WV,AEA,CE,Combined TRACON& Tower with Radar,2,12,10,13,37,0,2,15,0,17,2,14,25,13,54,42,4,46,100
07/21/2018,CKB,WV,AEA,CE,Combined TRACON& Tower with Radar,3,4,2,0,9,0,0,2,0,2,3,4,4,0,11,0,0,0,11
07/22/2018,CKB,WV,AEA,CE,Combined TRACON& Tower with Radar,2,7,6,0,15,0,0,3,1,4,2,7,9,1,19,0,0,0,19
07/23/2018,CKB,WV,AEA,CE,Combined TRACON& Tower with Radar,3,4,9,6,22,0,0,17,2,19,3,4,26,8,41,22,16,38,79
07/24/2018,CKB,WV,AEA,CE,Combined TRACON& Tower with Radar,2,6,16,10,34,0,0,6,2,8,2,6,22,12,42,20,11,31,73
07/25/2018,CKB,WV,AEA,CE,Combined TRACON& Tower with Radar,2,5,10,12,29,0,0,0,0,0,2,5,10,12,29,0,0,0,29
07/26/2018,CKB,WV,AEA,CE,Combined TRACON& Tower with Radar,1,5,12,17,35,0,0,9,0,9,1,5,21,17,44,23,24,47,91
07/27/2018,CKB,WV,AEA,CE,Combined TRACON& Tower with Radar,4,5,11,11,31,0,0,7,0,7,4,5,18,11,38,10,0,10,48
07/28/2018,CKB,WV,AEA,CE,Combined TRACON& Tower with Radar,1,1,12,0,14,0,1,11,0,12,1,2,23,0,26,9,0,9,35
07/29/2018,CKB,WV,AEA,CE,Combined TRACON& Tower with Radar,1,1,7,4,13,0,0,2,0,2,1,1,9,4,15,8,0,8,23
07/30/2018,CKB,WV,AEA,CE,Combined TRACON& Tower with Radar,2,6,15,8,31,0,3,6,2,11,2,9,21,10,42,16,0,16,58
07/31/2018,CKB,WV,AEA,CE,Combined TRACON& Tower with Radar,0,4,1,12,17,0,0,8,0,8,0,4,9,12,25,12,8,20,45
08/01/2018,CKB,WV,AEA,CE,Combined TRACON& Tower with Radar,1,3,7,13,24,0,1,6,2,9,1,4,13,15,33,60,20,80,113
08/02/2018,CKB,WV,AEA,CE,Combined TRACON& Tower with Radar,3,3,6,13,25,0,2,15,0,17,3,5,21,13,42,52,6,58,100
08/03/2018,CKB,WV,AEA,CE,Combined TRACON& Tower with Radar,2,5,6,14,27,0,0,2,0,2,2,5,8,14,29,0,0,0,29
08/04/2018,CKB,WV,AEA,CE,Combined TRACON& Tower with Radar,0,2,6,0,8,0,0,14,2,16,0,2,20,2,24,22,0,22,46
08/05/2018,CKB,WV,AEA,CE,Combined TRACON& Tower with Radar,3,5,3,0,11,0,1,16,0,17,3,6,19,0,28,0,0,0,28
08/06/2018,CKB,WV,AEA,CE,Combined TRACON& Tower with Radar,5,7,14,10,36,0,0,25,2,27,5,7,39,12,63,42,40,82,145
08/07/2018,CKB,WV,AEA,CE,Combined TRACON& Tower with Radar,0,6,14,8,28,0,4,1,3,8,0,10,15,11,36,0,0,0,36
08/08/2018,CKB,WV,AEA,CE,Combined TRACON& Tower with Radar,3,3,13,6,25,0,1,4,0,5,3,4,17,6,30,4,12,16,46
08/09/2018,CKB,WV,AEA,CE,Combined TRACON& Tower with Radar,3,5,11,10,29,0,0,15,0,15,3,5,26,10,44,16,0,16,60
08/10/2018,CKB,WV,AEA,CE,Combined TRACON& Tower with Radar,2,3,17,6,28,0,0,14,0,14,2,3,31,6,42,62,0,62,104
08/11/2018,CKB,WV,AEA,CE,Combined TRACON& Tower with Radar,3,4,0,0,7,0,0,0,0,0,3,4,0,0,7,0,0,0,7
08/12/2018,CKB,WV,AEA,CE,Combined TRACON& Tower with Radar,2,4,9,0,15,0,0,6,0,6,2,4,15,0,21,10,0,10,31
08/13/2018,CKB,WV,AEA,CE,Combined TRACON& Tower with Radar,6,4,10,2,22,0,2,16,0,18,6,6,26,2,40,12,0,12,52
08/14/2018,CKB,WV,AEA,CE,Combined TRACON& Tower with Radar,1,10,14,0,25,0,0,9,0,9,1,10,23,0,34,2,0,2,36
08/15/2018,CKB,WV,AEA,CE,Combined TRACON& Tower with Radar,0,5,15,2,22,0,0,26,3,29,0,5,41,5,51,34,0,34,85
08/16/2018,CKB,WV,AEA,CE,Combined TRACON& Tower with Radar,2,5,15,0,22,0,0,7,0,7,2,5,22,0,29,12,0,12,41
08/17/2018,CKB,WV,AEA,CE,Combined TRACON& Tower with Radar,1,3,2,4,10,0,4,6,0,10,1,7,8,4,20,14,0,14,34
08/18/2018,CKB,WV,AEA,CE,Combined TRACON& Tower with Radar,0,3,5,0,8,0,0,0,0,0,0,3,5,0,8,0,0,0,8
08/19/2018,CKB,WV,AEA,CE,Combined TRACON& Tower with Radar,2,7,15,0,24,0,2,3,0,5,2,9,18,0,29,2,0,2,31
08/20/2018,CKB,WV,AEA,CE,Combined TRACON& Tower with Radar,4,2,12,3,21,0,0,16,0,16,4,2,28,3,37,22,0,22,59
08/21/2018,CKB,WV,AEA,CE,Combined TRACON& Tower with Radar,3,5,2,2,12,0,0,2,1,3,3,5,4,3,15,6,12,18,33
08/22/2018,CKB,WV,AEA,CE,Combined TRACON& Tower with Radar,5,4,7,10,26,0,0,12,1,13,5,4,19,11,39,22,10,32,71
08/23/2018,CKB,WV,AEA,CE,Combined TRACON& Tower with Radar,2,3,8,8,21,0,0,19,1,20,2,3,27,9,41,18,10,28,69
08/24/2018,CKB,WV,AEA,CE,Combined TRACON& Tower with Radar,0,3,16,5,24,0,0,30,3,33,0,3,46,8,57,76,14,90,147
08/25/2018,CKB,WV,AEA,CE,Combined TRACON& Tower with Radar,0,4,9,0,13,0,0,19,0,19,0,4,28,0,32,40,0,40,72
08/26/2018,CKB,WV,AEA,CE,Combined TRACON& Tower with Radar,3,5,7,0,15,0,0,2,0,2,3,5,9,0,17,6,0,6,23
08/27/2018,CKB,WV,AEA,CE,Combined TRACON& Tower with Radar,0,5,9,6,20,0,0,10,1,11,0,5,19,7,31,0,0,0,31
08/28/2018,CKB,WV,AEA,CE,Combined TRACON& Tower with Radar,0,6,6,12,24,0,0,17,1,18,0,6,23,13,42,30,9,39,81
08/29/2018,CKB,WV,AEA,CE,Combined TRACON& Tower with Radar,1,5,11,9,26,0,2,37,3,42,1,7,48,12,68,80,46,126,194
08/30/2018,CKB,WV,AEA,CE,Combined TRACON& Tower with Radar,5,5,12,9,31,0,0,48,0,48,5,5,60,9,79,27,8,35,114
08/31/2018,CKB,WV,AEA,CE,Combined TRACON& Tower with Radar,3,8,22,6,39,0,0,27,0,27,3,8,49,6,66,12,0,12,78
09/01/2018,CKB,WV,AEA,CE,Combined TRACON& Tower with Radar,3,1,11,0,15,1,2,23,0,26,4,3,34,0,41,13,0,13,54
09/02/2018,CKB,WV,AEA,CE,Combined TRACON& Tower with Radar,2,3,7,0,12,0,0,21,0,21,2,3,28,0,33,0,0,0,33
09/03/2018,CKB,WV,AEA,CE,Combined TRACON& Tower with Radar,0,4,15,0,19,0,0,25,0,25,0,4,40,0,44,6,0,6,50
09/04/2018,CKB,WV,AEA,CE,Combined TRACON& Tower with Radar,3,3,13,21,40,0,0,49,0,49,3,3,62,21,89,30,0,30,119
09/05/2018,CKB,WV,AEA,CE,Combined TRACON& Tower with Radar,4,4,7,6,21,0,0,17,1,18,4,4,24,7,39,76,36,112,151
09/06/2018,CKB,WV,AEA,CE,Combined TRACON& Tower with Radar,2,6,5,9,22,0,0,9,0,9,2,6,14,9,31,28,6,34,65
09/07/2018,CKB,WV,AEA,CE,Combined TRACON& Tower with Radar,1,5,11,4,21,0,0,4,0,4,1,5,15,4,25,22,0,22,47
09/08/2018,CKB,WV,AEA,CE,Combined TRACON& Tower with Radar,0,9,8,1,18,0,0,1,0,1,0,9,9,1,19,0,0,0,19
09/09/2018,CKB,WV,AEA,CE,Combined TRACON& Tower with Radar,4,3,2,0,9,0,0,0,0,0,4,3,2,0,9,0,0,0,9
09/10/2018,CKB,WV,AEA,CE,Combined TRACON& Tower with Radar,0,9,10,4,23,0,0,0,0,0,0,9,10,4,23,0,0,0,23
09/11/2018,CKB,WV,AEA,CE,Combined TRACON& Tower with Radar,1,3,15,5,24,0,0,4,1,5,1,3,19,6,29,32,0,32,61
09/12/2018,CKB,WV,AEA,CE,Combined TRACON& Tower with Radar,0,6,13,4,23,0,2,5,0,7,0,8,18,4,30,12,0,12,42
09/13/2018,CKB,WV,AEA,CE,Combined TRACON& Tower with Radar,2,8,10,2,22,0,0,28,0,28,2,8,38,2,50,123,0,123,173
09/14/2018,CKB,WV,AEA,CE,Combined TRACON& Tower with Radar,1,6,3,0,10,0,2,17,0,19,1,8,20,0,29,78,0,78,107
09/15/2018,CKB,WV,AEA,CE,Combined TRACON& Tower with Radar,4,3,5,0,12,0,0,5,0,5,4,3,10,0,17,0,0,0,17
09/16/2018,CKB,WV,AEA,CE,Combined TRACON& Tower with Radar,1,5,4,4,14,0,1,8,0,9,1,6,12,4,23,0,0,0,23
09/17/2018,CKB,WV,AEA,CE,Combined TRACON& Tower with Radar,1,3,5,4,13,0,0,3,0,3,1,3,8,4,16,12,0,12,28
09/18/2018,CKB,WV,AEA,CE,Combined TRACON& Tower with Radar,1,5,8,13,27,0,0,19,0,19,1,5,27,13,46,74,4,78,124
09/19/2018,CKB,WV,AEA,CE,Combined TRACON& Tower with Radar,1,5,10,3,19,0,2,32,4,38,1,7,42,7,57,79,32,111,168
09/20/2018,CKB,WV,AEA,CE,Combined TRACON& Tower with Radar,3,4,17,15,39,0,0,25,4,29,3,4,42,19,68,22,12,34,102
09/21/2018,CKB,WV,AEA,CE,Combined TRACON& Tower with Radar,3,5,6,5,19,0,2,9,2,13,3,7,15,7,32,28,1,29,61
09/22/2018,CKB,WV,AEA,CE,Combined TRACON& Tower with Radar,4,2,13,0,19,0,0,3,0,3,4,2,16,0,22,2,0,2,24
09/23/2018,CKB,WV,AEA,CE,Combined TRACON& Tower with Radar,2,2,12,1,17,0,0,0,0,0,2,2,12,1,17,0,0,0,17
09/24/2018,CKB,WV,AEA,CE,Combined TRACON& Tower with Radar,0,5,13,5,23,0,0,3,0,3,0,5,16,5,26,0,0,0,26
09/25/2018,CKB,WV,AEA,CE,Combined TRACON& Tower with Radar,3,4,5,2,14,0,0,3,0,3,3,4,8,2,17,0,0,0,17
09/26/2018,CKB,WV,AEA,CE,Combined TRACON& Tower with Radar,2,3,7,2,14,0,0,0,0,0,2,3,7,2,14,0,0,0,14
09/27/2018,CKB,WV,AEA,CE,Combined TRACON& Tower with Radar,0,9,15,6,30,0,0,0,0,0,0,9,15,6,30,0,0,0,30
09/28/2018,CKB,WV,AEA,CE,Combined TRACON& Tower with Radar,2,4,16,5,27,0,0,20,1,21,2,4,36,6,48,42,6,48,96
09/29/2018,CKB,WV,AEA,CE,Combined TRACON& Tower with Radar,5,6,11,0,22,0,0,12,0,12,5,6,23,0,34,4,0,4,38
09/30/2018,CKB,WV,AEA,CE,Combined TRACON& Tower with Radar,2,5,13,0,20,0,0,16,1,17,2,5,29,1,37,42,0,42,79
10/01/2018,CKB,WV,AEA,CE,Combined TRACON& Tower with Radar,0,8,11,3,22,0,0,23,3,26,0,8,34,6,48,32,0,32,80
10/02/2018,CKB,WV,AEA,CE,Combined TRACON& Tower with Radar,0,5,2,3,10,0,2,4,0,6,0,7,6,3,16,2,14,16,32
10/03/2018,CKB,WV,AEA,CE,Combined TRACON& Tower with Radar,0,4,14,6,24,0,2,7,0,9,0,6,21,6,33,0,0,0,33
10/04/2018,CKB,WV,AEA,CE,Combined TRACON& Tower with Radar,3,7,8,6,24,0,0,5,1,6,3,7,13,7,30,20,0,20,50
10/05/2018,CKB,WV,AEA,CE,Combined TRACON& Tower with Radar,5,5,12,10,32,0,0,4,0,4,5,5,16,10,36,0,0,0,36
10/06/2018,CKB,WV,AEA,CE,Combined TRACON& Tower with Radar,2,4,3,5,14,0,1,11,3,15,2,5,14,8,29,34,4,38,67
10/07/2018,CKB,WV,AEA,CE,Combined TRACON& Tower with Radar,0,6,8,0,14,0,0,10,0,10,0,6,18,0,24,0,0,0,24
10/08/2018,CKB,WV,AEA,CE,Combined TRACON& Tower with Radar,2,3,16,0,21,0,1,17,0,18,2,4,33,0,39,6,0,6,45
10/09/2018,CKB,WV,AEA,CE,Combined TRACON& Tower with Radar,0,4,5,14,23,0,0,20,4,24,0,4,25,18,47,38,24,62,109
10/10/2018,CKB,WV,AEA,CE,Combined TRACON& Tower with Radar,2,4,11,6,23,0,0,5,2,7,2,4,16,8,30,0,18,18,48
10/11/2018,CKB,WV,AEA,CE,Combined TRACON& Tower with Radar,0,4,9,7,20,0,0,0,0,0,0,4,9,7,20,0,0,0,20
10/12/2018,CKB,WV,AEA,CE,Combined TRACON& Tower with Radar,4,5,12,7,28,0,0,17,0,17,4,5,29,7,45,39,0,39,84
10/13/2018,CKB,WV,AEA,CE,Combined TRACON& Tower with Radar,1,4,2,0,7,0,2,0,0,2,1,6,2,0,9,0,0,0,9
10/14/2018,CKB,WV,AEA,CE,Combined TRACON& Tower with Radar,0,5,7,0,12,0,0,4,1,5,0,5,11,1,17,2,0,2,19
10/15/2018,CKB,WV,AEA,CE,Combined TRACON& Tower with Radar,5,3,11,0,19,0,0,0,0,0,5,3,11,0,19,0,0,0,19
10/16/2018,CKB,WV,AEA,CE,Combined TRACON& Tower with Radar,1,3,11,3,18,0,1,12,3,16,1,4,23,6,34,8,4,12,46
10/17/2018,CKB,WV,AEA,CE,Combined TRACON& Tower with Radar,0,3,11,2,16,0,0,6,1,7,0,3,17,3,23,0,0,0,23
10/18/2018,CKB,WV,AEA,CE,Combined TRACON& Tower with Radar,0,3,12,9,24,0,0,24,0,24,0,3,36,9,48,21,14,35,83
10/19/2018,CKB,WV,AEA,CE,Combined TRACON& Tower with Radar,2,3,16,6,27,0,4,15,3,22,2,7,31,9,49,18,0,18,67
10/20/2018,CKB,WV,AEA,CE,Combined TRACON& Tower with Radar,0,3,6,7,16,0,2,0,0,2,0,5,6,7,18,0,0,0,18
10/21/2018,CKB,WV,AEA,CE,Combined TRACON& Tower with Radar,0,3,7,0,10,0,0,3,0,3,0,3,10,0,13,0,0,0,13
10/22/2018,CKB,WV,AEA,CE,Combined TRACON& Tower with Radar,3,3,8,8,22,0,0,18,0,18,3,3,26,8,40,26,12,38,78
10/23/2018,CKB,WV,AEA,CE,Combined TRACON& Tower with Radar,1,7,3,2,13,0,0,14,3,17,1,7,17,5,30,8,21,29,59
10/24/2018,CKB,WV,AEA,CE,Combined TRACON& Tower with Radar,2,6,9,10,27,0,0,15,1,16,2,6,24,11,43,20,26,46,89
10/25/2018,CKB,WV,AEA,CE,Combined TRACON& Tower with Radar,5,3,8,12,28,0,0,18,1,19,5,3,26,13,47,38,50,88,135
10/26/2018,CKB,WV,AEA,CE,Combined TRACON& Tower with Radar,3,6,1,7,17,0,0,4,0,4,3,6,5,7,21,10,28,38,59
10/27/2018,CKB,WV,AEA,CE,Combined TRACON& Tower with Radar,1,2,5,1,9,0,0,0,0,0,1,2,5,1,9,0,0,0,9
10/28/2018,CKB,WV,AEA,CE,Combined TRACON& Tower with Radar,0,4,6,1,11,0,0,0,0,0,0,4,6,1,11,0,0,0,11
10/29/2018,CKB,WV,AEA,CE,Combined TRACON& Tower with Radar,4,6,14,8,32,0,0,1,0,1,4,6,15,8,33,0,0,0,33
10/30/2018,CKB,WV,AEA,CE,Combined TRACON& Tower with Radar,3,7,10,9,29,0,0,28,0,28,3,7,38,9,57,94,38,132,189
10/31/2018,CKB,WV,AEA,CE,Combined TRACON& Tower with Radar,1,6,4,11,22,0,0,8,3,11,1,6,12,14,33,8,44,52,85
11/01/2018,CKB,WV,AEA,CE,Combined TRACON& Tower with Radar,1,6,10,13,30,0,0,3,2,5,1,6,13,15,35,0,0,0,35
11/02/2018,CKB,WV,AEA,CE,Combined TRACON& Tower with Radar,4,4,7,13,28,0,0,0,0,0,4,4,7,13,28,0,42,42,70
11/03/2018,CKB,WV,AEA,CE,Combined TRACON& Tower with Radar,0,7,4,2,13,0,0,2,0,2,0,7,6,2,15,0,0,0,15
11/04/2018,CKB,WV,AEA,CE,Combined TRACON& Tower with Radar,1,8,12,1,22,0,0,11,0,11,1,8,23,1,33,0,0,0,33
11/05/2018,CKB,WV,AEA,CE,Combined TRACON& Tower with Radar,2,6,17,17,42,0,0,17,0,17,2,6,34,17,59,46,57,103,162
11/06/2018,CKB,WV,AEA,CE,Combined TRACON& Tower with Radar,0,4,3,13,20,0,0,5,3,8,0,4,8,16,28,30,68,98,126
11/07/2018,CKB,WV,AEA,CE,Combined TRACON& Tower with Radar,1,7,6,27,41,0,0,14,0,14,1,7,20,27,55,18,64,82,137
11/08/2018,CKB,WV,AEA,CE,Combined TRACON& Tower with Radar,2,7,5,7,21,0,0,27,2,29,2,7,32,9,50,46,53,99,149
11/09/2018,CKB,WV,AEA,CE,Combined TRACON& Tower with Radar,1,6,8,3,18,0,0,0,0,0,1,6,8,3,18,0,0,0,18
11/10/2018,CKB,WV,AEA,CE,Combined TRACON& Tower with Radar,3,5,5,0,13,0,2,2,0,4,3,7,7,0,17,0,0,0,17
11/11/2018,CKB,WV,AEA,CE,Combined TRACON& Tower with Radar,3,4,12,1,20,0,0,17,0,17,3,4,29,1,37,32,0,32,69
11/12/2018,CKB,WV,AEA,CE,Combined TRACON& Tower with Radar,0,3,17,1,21,0,0,10,0,10,0,3,27,1,31,28,0,28,59
11/13/2018,CKB,WV,AEA,CE,Combined TRACON& Tower with Radar,2,6,11,3,22,0,0,0,0,0,2,6,11,3,22,0,0,0,22
11/14/2018,CKB,WV,AEA,CE,Combined TRACON& Tower with Radar,1,4,14,9,28,0,0,26,3,29,1,4,40,12,57,36,2,38,95
11/15/2018,CKB,WV,AEA,CE,Combined TRACON& Tower with Radar,2,3,1,0,6,0,0,0,0,0,2,3,1,0,6,0,0,0,6
11/16/2018,CKB,WV,AEA,CE,Combined TRACON& Tower with Radar,4,8,10,7,29,0,0,0,2,2,4,8,10,9,31,0,0,0,31
11/17/2018,CKB,WV,AEA,CE,Combined TRACON& Tower with Radar,2,5,9,0,16,0,2,4,0,6,2,7,13,0,22,0,0,0,22
11/18/2018,CKB,WV,AEA,CE,Combined TRACON& Tower with Radar,5,3,6,0,14,0,0,7,0,7,5,3,13,0,21,40,0,40,61
11/19/2018,CKB,WV,AEA,CE,Combined TRACON& Tower with Radar,1,3,5,7,16,0,0,10,5,15,1,3,15,12,31,6,26,32,63
11/20/2018,CKB,WV,AEA,CE,Combined TRACON& Tower with Radar,2,4,6,5,17,0,0,0,0,0,2,4,6,5,17,0,0,0,17
11/21/2018,CKB,WV,AEA,CE,Combined TRACON& Tower with Radar,3,3,10,2,18,0,0,2,0,2,3,3,12,2,20,10,0,10,30
11/22/2018,CKB,WV,AEA,CE,Combined TRACON& Tower with Radar,3,5,0,0,8,0,0,5,0,5,3,5,5,0,13,0,0,0,13
11/23/2018,CKB,WV,AEA,CE,Combined TRACON& Tower with Radar,2,5,10,0,17,0,2,5,0,7,2,7,15,0,24,0,0,0,24
11/24/2018,CKB,WV,AEA,CE,Combined TRACON& Tower with Radar,0,6,5,0,11,0,0,0,0,0,0,6,5,0,11,0,0,0,11
11/25/2018,CKB,WV,AEA,CE,Combined TRACON& Tower with Radar,6,6,8,0,20,0,0,4,1,5,6,6,12,1,25,6,0,6,31
11/26/2018,CKB,WV,AEA,CE,Combined TRACON& Tower with Radar,2,4,6,0,12,0,0,0,0,0,2,4,6,0,12,0,0,0,12
11/27/2018,CKB,WV,AEA,CE,Combined TRACON& Tower with Radar,1,3,5,0,9,0,0,0,0,0,1,3,5,0,9,0,0,0,9
11/28/2018,CKB,WV,AEA,CE,Combined TRACON& Tower with Radar,0,6,5,9,20,0,0,0,0,0,0,6,5,9,20,0,10,10,30
11/29/2018,CKB,WV,AEA,CE,Combined TRACON& Tower with Radar,2,5,11,8,26,0,0,10,0,10,2,5,21,8,36,19,8,27,63
11/30/2018,CKB,WV,AEA,CE,Combined TRACON& Tower with Radar,2,6,5,1,14,0,0,0,0,0,2,6,5,1,14,0,0,0,14
12/01/2018,CKB,WV,AEA,CE,Combined TRACON& Tower with Radar,0,4,8,2,14,0,0,0,0,0,0,4,8,2,14,0,0,0,14
12/02/2018,CKB,WV,AEA,CE,Combined TRACON& Tower with Radar,2,7,16,3,28,0,0,9,0,9,2,7,25,3,37,0,0,0,37
12/03/2018,CKB,WV,AEA,CE,Combined TRACON& Tower with Radar,4,4,14,1,23,0,0,4,0,4,4,4,18,1,27,2,21,23,50
12/04/2018,CKB,WV,AEA,CE,Combined TRACON& Tower with Radar,0,4,3,13,20,0,0,3,0,3,0,4,6,13,23,0,10,10,33
12/05/2018,CKB,WV,AEA,CE,Combined TRACON& Tower with Radar,0,5,8,7,20,0,0,0,0,0,0,5,8,7,20,0,0,0,20
12/06/2018,CKB,WV,AEA,CE,Combined TRACON& Tower with Radar,1,5,4,6,16,0,0,9,0,9,1,5,13,6,25,29,14,43,68
12/07/2018,CKB,WV,AEA,CE,Combined TRACON& Tower with Radar,2,6,13,4,25,0,0,16,4,20,2,6,29,8,45,19,2,21,66
12/08/2018,CKB,WV,AEA,CE,Combined TRACON& Tower with Radar,0,6,6,0,12,0,0,10,0,10,0,6,16,0,22,14,0,14,36
12/09/2018,CKB,WV,AEA,CE,Combined TRACON& Tower with Radar,0,8,6,0,14,0,1,8,0,9,0,9,14,0,23,0,0,0,23
12/10/2018,CKB,WV,AEA,CE,Combined TRACON& Tower with Radar,2,4,7,0,13,0,2,14,0,16,2,6,21,0,29,0,0,0,29
12/11/2018,CKB,WV,AEA,CE,Combined TRACON& Tower with Radar,0,4,1,6,11,0,1,20,0,21,0,5,21,6,32,34,0,34,66
12/12/2018,CKB,WV,AEA,CE,Combined TRACON& Tower with Radar,2,7,7,6,22,0,0,13,2,15,2,7,20,8,37,27,0,27,64
12/13/2018,CKB,WV,AEA,CE,Combined TRACON& Tower with Radar,2,6,12,6,26,0,2,25,5,32,2,8,37,11,58,54,0,54,112
12/14/2018,CKB,WV,AEA,CE,Combined TRACON& Tower with Radar,4,4,4,0,12,0,0,6,0,6,4,4,10,0,18,0,0,0,18
12/15/2018,CKB,WV,AEA,CE,Combined TRACON& Tower with Radar,3,7,1,0,11,0,0,0,0,0,3,7,1,0,11,0,0,0,11
12/16/2018,CKB,WV,AEA,CE,Combined TRACON& Tower with Radar,3,6,0,0,9,0,0,0,0,0,3,6,0,0,9,0,0,0,9
12/17/2018,CKB,WV,AEA,CE,Combined TRACON& Tower with Radar,5,5,9,11,30,0,0,8,0,8,5,5,17,11,38,0,0,0,38
12/18/2018,CKB,WV,AEA,CE,Combined TRACON& Tower with Radar,0,6,13,11,30,0,0,31,0,31,0,6,44,11,61,24,14,38,99
12/19/2018,CKB,WV,AEA,CE,Combined TRACON& Tower with Radar,0,5,10,7,22,0,0,28,0,28,0,5,38,7,50,8,0,8,58
12/20/2018,CKB,WV,AEA,CE,Combined TRACON& Tower with Radar,0,3,6,5,14,0,0,9,0,9,0,3,15,5,23,0,0,0,23
12/21/2018,CKB,WV,AEA,CE,Combined TRACON& Tower with Radar,2,2,3,1,8,0,0,0,0,0,2,2,3,1,8,0,0,0,8
12/22/2018,CKB,WV,AEA,CE,Combined TRACON& Tower with Radar,0,2,4,0,6,0,0,0,0,0,0,2,4,0,6,0,0,0,6
12/23/2018,CKB,WV,AEA,CE,Combined TRACON& Tower with Radar,1,3,6,0,10,0,2,7,0,9,1,5,13,0,19,8,0,8,27
12/24/2018,CKB,WV,AEA,CE,Combined TRACON& Tower with Radar,5,3,4,0,12,0,0,2,0,2,5,3,6,0,14,0,0,0,14
12/25/2018,CKB,WV,AEA,CE,Combined TRACON& Tower with Radar,0,4,0,0,4,0,0,4,0,4,0,4,4,0,8,0,0,0,8
12/26/2018,CKB,WV,AEA,CE,Combined TRACON& Tower with Radar,7,6,13,0,26,0,1,22,0,23,7,7,35,0,49,14,0,14,63
12/27/2018,CKB,WV,AEA,CE,Combined TRACON& Tower with Radar,3,3,2,0,8,0,0,12,0,12,3,3,14,0,20,22,0,22,42
12/28/2018,CKB,WV,AEA,CE,Combined TRACON& Tower with Radar,2,3,2,0,7,0,4,0,0,4,2,7,2,0,11,0,0,0,11
12/29/2018,CKB,WV,AEA,CE,Combined TRACON& Tower with Radar,4,4,1,0,9,0,0,3,0,3,4,4,4,0,12,0,0,0,12
12/30/2018,CKB,WV,AEA,CE,Combined TRACON& Tower with Radar,0,5,9,0,14,0,1,3,0,4,0,6,12,0,18,0,0,0,18
12/31/2018,CKB,WV,AEA,CE,Combined TRACON& Tower with Radar,2,4,2,0,8,0,0,1,0,1,2,4,3,0,9,0,0,0,9
01/01/2019,CKB,WV,AEA,CE,Combined TRACON& Tower with Radar,2,6,2,0,10,0,0,0,0,0,2,6,2,0,10,0,0,0,10
01/02/2019,CKB,WV,AEA,CE,Combined TRACON& Tower with Radar,3,6,2,0,11,0,2,0,0,2,3,8,2,0,13,0,0,0,13
01/03/2019,CKB,WV,AEA,CE,Combined TRACON& Tower with Radar,2,3,9,2,16,0,1,8,0,9,2,4,17,2,25,16,0,16,41
01/04/2019,CKB,WV,AEA,CE,Combined TRACON& Tower with Radar,4,3,5,6,18,0,0,18,1,19,4,3,23,7,37,6,0,6,43
01/05/2019,CKB,WV,AEA,CE,Combined TRACON& Tower with Radar,0,4,9,0,13,0,0,2,0,2,0,4,11,0,15,12,0,12,27
01/06/2019,CKB,WV,AEA,CE,Combined TRACON& Tower with Radar,1,4,9,0,14,0,0,9,0,9,1,4,18,0,23,30,0,30,53
01/07/2019,CKB,WV,AEA,CE,Combined TRACON& Tower with Radar,3,5,10,0,18,0,0,9,0,9,3,5,19,0,27,0,0,0,27
01/08/2019,CKB,WV,AEA,CE,Combined TRACON& Tower with Radar,3,10,5,4,22,0,4,2,0,6,3,14,7,4,28,2,2,4,32
01/09/2019,CKB,WV,AEA,CE,Combined TRACON& Tower with Radar,2,5,12,0,19,0,0,0,0,0,2,5,12,0,19,0,0,0,19
01/10/2019,CKB,WV,AEA,CE,Combined TRACON& Tower with Radar,0,4,2,5,11,0,1,1,0,2,0,5,3,5,13,0,0,0,13
01/11/2019,CKB,WV,AEA,CE,Combined TRACON& Tower with Radar,2,7,8,8,25,0,0,5,0,5,2,7,13,8,30,0,12,12,42
01/12/2019,CKB,WV,AEA,CE,Combined TRACON& Tower with Radar,0,6,0,0,6,0,0,0,0,0,0,6,0,0,6,0,0,0,6
01/13/2019,CKB,WV,AEA,CE,Combined TRACON& Tower with Radar,0,7,0,0,7,0,0,0,0,0,0,7,0,0,7,0,0,0,7
01/14/2019,CKB,WV,AEA,CE,Combined TRACON& Tower with Radar,6,4,4,0,14,0,0,0,0,0,6,4,4,0,14,0,0,0,14
01/15/2019,CKB,WV,AEA,CE,Combined TRACON& Tower with Radar,0,5,3,4,12,0,0,1,0,1,0,5,4,4,13,0,0,0,13
01/16/2019,CKB,WV,AEA,CE,Combined TRACON& Tower with Radar,1,7,12,0,20,0,1,0,0,1,1,8,12,0,21,0,0,0,21
01/17/2019,CKB,WV,AEA,CE,Combined TRACON& Tower with Radar,1,6,4,10,21,0,0,2,0,2,1,6,6,10,23,0,0,0,23
01/18/2019,CKB,WV,AEA,CE,Combined TRACON& Tower with Radar,7,5,3,7,22,0,0,2,0,2,7,5,5,7,24,0,0,0,24
01/19/2019,CKB,WV,AEA,CE,Combined TRACON& Tower with Radar,4,1,3,0,8,0,0,4,0,4,4,1,7,0,12,0,0,0,12
01/20/2019,CKB,WV,AEA,CE,Combined TRACON& Tower with Radar,1,5,1,0,7,0,0,0,0,0,1,5,1,0,7,0,0,0,7
01/21/2019,CKB,WV,AEA,CE,Combined TRACON& Tower with Radar,3,4,6,0,13,0,0,7,0,7,3,4,13,0,20,18,0,18,38
01/22/2019,CKB,WV,AEA,CE,Combined TRACON& Tower with Radar,2,9,15,13,39,0,0,21,0,21,2,9,36,13,60,20,0,20,80
01/23/2019,CKB,WV,AEA,CE,Combined TRACON& Tower with Radar,3,10,4,0,17,0,0,0,0,0,3,10,4,0,17,0,0,0,17
01/24/2019,CKB,WV,AEA,CE,Combined TRACON& Tower with Radar,2,3,2,0,7,0,0,0,0,0,2,3,2,0,7,0,0,0,7
01/25/2019,CKB,WV,AEA,CE,Combined TRACON& Tower with Radar,4,7,7,15,33,0,0,5,0,5,4,7,12,15,38,0,0,0,38
01/26/2019,CKB,WV,AEA,CE,Combined TRACON& Tower with Radar,2,4,2,0,8,0,0,4,0,4,2,4,6,0,12,16,0,16,28
01/27/2019,CKB,WV,AEA,CE,Combined TRACON& Tower with Radar,3,9,2,0,14,0,0,0,0,0,3,9,2,0,14,0,0,0,14
01/28/2019,CKB,WV,AEA,CE,Combined TRACON& Tower with Radar,2,6,12,16,36,0,0,34,1,35,2,6,46,17,71,18,16,34,105
01/29/2019,CKB,WV,AEA,CE,Combined TRACON& Tower with Radar,1,4,3,10,18,0,0,0,0,0,1,4,3,10,18,0,0,0,18
01/30/2019,CKB,WV,AEA,CE,Combined TRACON& Tower with Radar,0,4,7,2,13,0,0,0,0,0,0,4,7,2,13,0,0,0,13
01/31/2019,CKB,WV,AEA,CE,Combined TRACON& Tower with Radar,2,5,10,10,27,0,0,14,4,18,2,5,24,14,45,0,0,0,45
02/01/2019,CKB,WV,AEA,CE,Combined TRACON& Tower with Radar,4,0,3,0,7,0,0,0,0,0,4,0,3,0,7,0,0,0,7
02/02/2019,CKB,WV,AEA,CE,Combined TRACON& Tower with Radar,5,3,5,4,17,0,0,10,2,12,5,3,15,6,29,6,0,6,35
02/03/2019,CKB,WV,AEA,CE,Combined TRACON& Tower with Radar,3,6,10,1,20,0,0,13,0,13,3,6,23,1,33,48,0,48,81
02/04/2019,CKB,WV,AEA,CE,Combined TRACON& Tower with Radar,2,5,6,14,27,0,0,13,0,13,2,5,19,14,40,10,0,10,50
02/05/2019,CKB,WV,AEA,CE,Combined TRACON& Tower with Radar,3,3,10,6,22,0,0,0,0,0,3,3,10,6,22,0,0,0,22
02/06/2019,CKB,WV,AEA,CE,Combined TRACON& Tower with Radar,1,6,1,12,20,0,0,2,0,2,1,6,3,12,22,0,6,6,28
02/07/2019,CKB,WV,AEA,CE,Combined TRACON& Tower with Radar,0,5,8,16,29,0,0,0,0,0,0,5,8,16,29,0,0,0,29
02/08/2019,CKB,WV,AEA,CE,Combined TRACON& Tower with Radar,4,6,3,12,25,0,2,2,0,4,4,8,5,12,29,0,0,0,29
02/09/2019,CKB,WV,AEA,CE,Combined TRACON& Tower with Radar,3,4,4,2,13,0,2,16,0,18,3,6,20,2,31,0,0,0,31
02/10/2019,CKB,WV,AEA,CE,Combined TRACON& Tower with Radar,1,3,6,2,12,0,0,13,0,13,1,3,19,2,25,0,0,0,25
02/11/2019,CKB,WV,AEA,CE,Combined TRACON& Tower with Radar,10,4,3,1,18,0,0,0,0,0,10,4,3,1,18,0,0,0,18
02/12/2019,CKB,WV,AEA,CE,Combined TRACON& Tower with Radar,2,5,0,6,13,0,3,0,0,3,2,8,0,6,16,0,0,0,16
02/13/2019,CKB,WV,AEA,CE,Combined TRACON& Tower with Radar,1,3,2,0,6,0,0,0,0,0,1,3,2,0,6,0,0,0,6
02/14/2019,CKB,WV,AEA,CE,Combined TRACON& Tower with Radar,2,6,10,11,29,0,0,31,0,31,2,6,41,11,60,24,4,28,88
02/15/2019,CKB,WV,AEA,CE,Combined TRACON& Tower with Radar,2,5,12,5,24,0,0,2,0,2,2,5,14,5,26,0,0,0,26
02/16/2019,CKB,WV,AEA,CE,Combined TRACON& Tower with Radar,6,4,8,0,18,0,0,12,0,12,6,4,20,0,30,30,0,30,60
02/17/2019,CKB,WV,AEA,CE,Combined TRACON& Tower with Radar,2,4,7,1,14,0,2,2,0,4,2,6,9,1,18,0,0,0,18
02/18/2019,CKB,WV,AEA,CE,Combined TRACON& Tower with Radar,2,6,6,1,15,0,0,0,0,0,2,6,6,1,15,0,0,0,15
02/19/2019,CKB,WV,AEA,CE,Combined TRACON& Tower with Radar,2,5,3,6,16,0,0,28,2,30,2,5,31,8,46,16,20,36,82
02/20/2019,CKB,WV,AEA,CE,Combined TRACON& Tower with Radar,0,1,0,0,1,0,0,0,0,0,0,1,0,0,1,0,0,0,1
02/21/2019,CKB,WV,AEA,CE,Combined TRACON& Tower with Radar,4,4,8,16,32,0,0,15,2,17,4,4,23,18,49,8,0,8,57
02/22/2019,CKB,WV,AEA,CE,Combined TRACON& Tower with Radar,5,8,3,9,25,0,0,18,0,18,5,8,21,9,43,19,0,19,62
02/23/2019,CKB,WV,AEA,CE,Combined TRACON& Tower with Radar,5,4,2,0,11,0,0,0,0,0,5,4,2,0,11,0,0,0,11
02/24/2019,CKB,WV,AEA,CE,Combined TRACON& Tower with Radar,5,4,0,0,9,0,0,1,0,1,5,4,1,0,10,0,0,0,10
02/25/2019,CKB,WV,AEA,CE,Combined TRACON& Tower with Radar,2,3,7,2,14,0,2,0,0,2,2,5,7,2,16,0,0,0,16
02/26/2019,CKB,WV,AEA,CE,Combined TRACON& Tower with Radar,4,5,10,8,27,0,0,24,5,29,4,5,34,13,56,14,16,30,86
02/27/2019,CKB,WV,AEA,CE,Combined TRACON& Tower with Radar,0,6,20,10,36,0,1,20,1,22,0,7,40,11,58,10,14,24,82
02/28/2019,CKB,WV,AEA,CE,Combined TRACON& Tower with Radar,2,6,6,7,21,1,0,17,1,19,3,6,23,8,40,42,26,68,108
03/01/2019,CKB,WV,AEA,CE,Combined TRACON& Tower with Radar,4,3,6,5,18,0,0,0,0,0,4,3,6,5,18,0,0,0,18
03/02/2019,CKB,WV,AEA,CE,Combined TRACON& Tower with Radar,2,2,2,7,13,0,2,2,0,4,2,4,4,7,17,0,0,0,17
03/03/2019,CKB,WV,AEA,CE,Combined TRACON& Tower with Radar,2,5,0,1,8,0,0,0,0,0,2,5,0,1,8,0,0,0,8
03/04/2019,CKB,WV,AEA,CE,Combined TRACON& Tower with Radar,2,8,4,20,34,0,0,0,0,0,2,8,4,20,34,8,6,14,48
03/05/2019,CKB,WV,AEA,CE,Combined TRACON& Tower with Radar,9,3,5,12,29,0,0,2,2,4,9,3,7,14,33,0,12,12,45
03/06/2019,CKB,WV,AEA,CE,Combined TRACON& Tower with Radar,2,5,4,14,25,0,0,5,0,5,2,5,9,14,30,2,4,6,36
03/07/2019,CKB,WV,AEA,CE,Combined TRACON& Tower with Radar,4,2,11,16,33,0,0,28,0,28,4,2,39,16,61,0,10,10,71
03/08/2019,CKB,WV,AEA,CE,Combined TRACON& Tower with Radar,2,5,5,1,13,0,0,0,0,0,2,5,5,1,13,0,0,0,13
03/09/2019,CKB,WV,AEA,CE,Combined TRACON& Tower with Radar,3,2,1,0,6,0,0,11,0,11,3,2,12,0,17,8,0,8,25
03/10/2019,CKB,WV,AEA,CE,Combined TRACON& Tower with Radar,4,3,2,3,12,0,2,0,1,3,4,5,2,4,15,0,8,8,23
03/11/2019,CKB,WV,AEA,CE,Combined TRACON& Tower with Radar,2,8,9,4,23,0,0,9,0,9,2,8,18,4,32,16,0,16,48
03/12/2019,CKB,WV,AEA,CE,Combined TRACON& Tower with Radar,3,5,19,13,40,0,0,34,0,34,3,5,53,13,74,74,8,82,156
03/13/2019,CKB,WV,AEA,CE,Combined TRACON& Tower with Radar,0,3,10,16,29,0,2,32,8,42,0,5,42,24,71,26,42,68,139
03/14/2019,CKB,WV,AEA,CE,Combined TRACON& Tower with Radar,2,4,5,12,23,0,0,10,1,11,2,4,15,13,34,6,8,14,48
03/15/2019,CKB,WV,AEA,CE,Combined TRACON& Tower with Radar,2,3,2,7,14,0,0,3,2,5,2,3,5,9,19,2,4,6,25
03/16/2019,CKB,WV,AEA,CE,Combined TRACON& Tower with Radar,1,3,2,0,6,0,0,6,0,6,1,3,8,0,12,0,0,0,12
03/17/2019,CKB,WV,AEA,CE,Combined TRACON& Tower with Radar,3,4,5,2,14,0,4,9,1,14,3,8,14,3,28,0,18,18,46
03/18/2019,CKB,WV,AEA,CE,Combined TRACON& Tower with Radar,2,4,7,5,18,0,0,8,2,10,2,4,15,7,28,12,0,12,40
03/19/2019,CKB,WV,AEA,CE,Combined TRACON& Tower with Radar,3,3,19,8,33,0,0,26,1,27,3,3,45,9,60,10,0,10,70
03/20/2019,CKB,WV,AEA,CE,Combined TRACON& Tower with Radar,2,4,13,10,29,0,2,15,2,19,2,6,28,12,48,29,22,51,99
03/21/2019,CKB,WV,AEA,CE,Combined TRACON& Tower with Radar,2,6,17,4,29,0,1,16,0,17,2,7,33,4,46,17,0,17,63
03/22/2019,CKB,WV,AEA,CE,Combined TRACON& Tower with Radar,2,9,6,2,19,0,0,2,0,2,2,9,8,2,21,0,0,0,21
03/23/2019,CKB,WV,AEA,CE,Combined TRACON& Tower with Radar,0,2,5,0,7,0,0,12,0,12,0,2,17,0,19,0,0,0,19
03/24/2019,CKB,WV,AEA,CE,Combined TRACON& Tower with Radar,4,3,2,1,10,0,2,5,2,9,4,5,7,3,19,20,0,20,39
03/25/2019,CKB,WV,AEA,CE,Combined TRACON& Tower with Radar,3,5,14,0,22,0,0,0,0,0,3,5,14,0,22,0,0,0,22
03/26/2019,CKB,WV,AEA,CE,Combined TRACON& Tower with Radar,7,6,16,5,34,0,2,17,1,20,7,8,33,6,54,48,18,66,120
03/27/2019,CKB,WV,AEA,CE,Combined TRACON& Tower with Radar,2,5,13,8,28,0,4,23,0,27,2,9,36,8,55,25,10,35,90
03/28/2019,CKB,WV,AEA,CE,Combined TRACON& Tower with Radar,2,3,9,16,30,0,0,18,4,22,2,3,27,20,52,6,14,20,72
03/29/2019,CKB,WV,AEA,CE,Combined TRACON& Tower with Radar,0,3,9,12,24,0,0,8,1,9,0,3,17,13,33,0,0,0,33
03/30/2019,CKB,WV,AEA,CE,Combined TRACON& Tower with Radar,0,3,3,0,6,0,4,2,0,6,0,7,5,0,12,12,0,12,24
03/31/2019,CKB,WV,AEA,CE,Combined TRACON& Tower with Radar,4,6,1,0,11,0,0,0,0,0,4,6,1,0,11,0,0,0,11
04/01/2019,CKB,WV,AEA,CE,Combined TRACON& Tower with Radar,0,4,15,10,29,2,0,13,0,15,2,4,28,10,44,50,2,52,96
04/02/2019,CKB,WV,AEA,CE,Combined TRACON& Tower with Radar,5,3,7,8,23,0,0,17,0,17,5,3,24,8,40,0,0,0,40
04/03/2019,CKB,WV,AEA,CE,Combined TRACON& Tower with Radar,0,5,8,15,28,0,0,8,2,10,0,5,16,17,38,0,8,8,46
04/04/2019,CKB,WV,AEA,CE,Combined TRACON& Tower with Radar,2,5,14,13,34,0,4,20,0,24,2,9,34,13,58,16,12,28,86
04/05/2019,CKB,WV,AEA,CE,Combined TRACON& Tower with Radar,0,5,7,11,23,0,0,0,0,0,0,5,7,11,23,0,0,0,23
04/06/2019,CKB,WV,AEA,CE,Combined TRACON& Tower with Radar,1,2,2,4,9,0,0,6,0,6,1,2,8,4,15,0,0,0,15
04/07/2019,CKB,WV,AEA,CE,Combined TRACON& Tower with Radar,2,4,13,0,19,0,0,1,0,1,2,4,14,0,20,0,0,0,20
04/08/2019,CKB,WV,AEA,CE,Combined TRACON& Tower with Radar,2,4,11,14,31,0,0,2,0,2,2,4,13,14,33,26,8,34,67
04/09/2019,CKB,WV,AEA,CE,Combined TRACON& Tower with Radar,0,7,17,14,38,0,2,9,0,11,0,9,26,14,49,14,0,14,63
04/10/2019,CKB,WV,AEA,CE,Combined TRACON& Tower with Radar,2,3,14,11,30,0,0,26,6,32,2,3,40,17,62,53,37,90,152
04/11/2019,CKB,WV,AEA,CE,Combined TRACON& Tower with Radar,4,6,4,21,35,0,0,28,0,28,4,6,32,21,63,36,14,50,113
04/12/2019,CKB,WV,AEA,CE,Combined TRACON& Tower with Radar,0,7,0,8,15,0,0,0,2,2,0,7,0,10,17,0,60,60,77
04/13/2019,CKB,WV,AEA,CE,Combined TRACON& Tower with Radar,0,4,12,0,16,0,2,20,0,22,0,6,32,0,38,28,0,28,66
04/14/2019,CKB,WV,AEA,CE,Combined TRACON& Tower with Radar,2,3,2,0,7,0,2,0,0,2,2,5,2,0,9,0,0,0,9
04/15/2019,CKB,WV,AEA,CE,Combined TRACON& Tower with Radar,1,3,7,1,12,0,0,0,0,0,1,3,7,1,12,0,0,0,12
04/16/2019,CKB,WV,AEA,CE,Combined TRACON& Tower with Radar,0,3,6,18,27,0,0,24,0,24,0,3,30,18,51,1,24,25,76
04/17/2019,CKB,WV,AEA,CE,Combined TRACON& Tower with Radar,0,7,11,17,35,0,0,21,1,22,0,7,32,18,57,15,2,17,74
04/18/2019,CKB,WV,AEA,CE,Combined TRACON& Tower with Radar,2,6,6,15,29,0,0,10,3,13,2,6,16,18,42,23,12,35,77
04/19/2019,CKB,WV,AEA,CE,Combined TRACON& Tower with Radar,0,5,0,0,5,0,0,0,0,0,0,5,0,0,5,0,0,0,5
04/20/2019,CKB,WV,AEA,CE,Combined TRACON& Tower with Radar,1,4,2,0,7,0,1,3,0,4,1,5,5,0,11,0,0,0,11
04/21/2019,CKB,WV,AEA,CE,Combined TRACON& Tower with Radar,6,3,0,0,9,0,0,2,0,2,6,3,2,0,11,0,0,0,11
04/22/2019,CKB,WV,AEA,CE,Combined TRACON& Tower with Radar,4,3,12,12,31,0,2,18,1,21,4,5,30,13,52,6,20,26,78
04/23/2019,CKB,WV,AEA,CE,Combined TRACON& Tower with Radar,5,6,11,25,47,0,1,13,0,14,5,7,24,25,61,8,0,8,69
04/24/2019,CKB,WV,AEA,CE,Combined TRACON& Tower with Radar,9,8,20,18,55,0,2,20,0,22,9,10,40,18,77,36,0,36,113
04/25/2019,CKB,WV,AEA,CE,Combined TRACON& Tower with Radar,2,5,12,9,28,0,0,5,0,5,2,5,17,9,33,0,12,12,45
04/26/2019,CKB,WV,AEA,CE,Combined TRACON& Tower with Radar,0,4,14,7,25,0,0,0,0,0,0,4,14,7,25,0,0,0,25
04/27/2019,CKB,WV,AEA,CE,Combined TRACON& Tower with Radar,0,4,5,0,9,0,2,4,0,6,0,6,9,0,15,0,0,0,15
04/28/2019,CKB,WV,AEA,CE,Combined TRACON& Tower with Radar,2,4,9,0,15,0,0,0,0,0,2,4,9,0,15,0,0,0,15
04/29/2019,CKB,WV,AEA,CE,Combined TRACON& Tower with Radar,0,3,15,15,33,0,0,36,2,38,0,3,51,17,71,42,26,68,139
04/30/2019,CKB,WV,AEA,CE,Combined TRACON& Tower with Radar,0,5,14,6,25,0,2,17,1,20,0,7,31,7,45,26,34,60,105
05/01/2019,CKB,WV,AEA,CE,Combined TRACON& Tower with Radar,1,7,9,10,27,0,2,10,0,12,1,9,19,10,39,2,30,32,71
05/02/2019,CKB,WV,AEA,CE,Combined TRACON& Tower with Radar,4,4,12,6,26,2,0,15,2,19,6,4,27,8,45,45,44,89,134
05/03/2019,CKB,WV,AEA,CE,Combined TRACON& Tower with Radar,0,4,13,12,29,0,0,3,0,3,0,4,16,12,32,4,4,8,40
05/04/2019,CKB,WV,AEA,CE,Combined TRACON& Tower with Radar,0,6,7,0,13,0,0,2,0,2,0,6,9,0,15,0,0,0,15
05/05/2019,CKB,WV,AEA,CE,Combined TRACON& Tower with Radar,3,3,17,1,24,0,0,0,0,0,3,3,17,1,24,0,0,0,24
05/06/2019,CKB,WV,AEA,CE,Combined TRACON& Tower with Radar,2,4,30,16,52,0,0,22,7,29,2,4,52,23,81,50,28,78,159
05/07/2019,CKB,WV,AEA,CE,Combined TRACON& Tower with Radar,1,14,9,8,32,0,0,25,3,28,1,14,34,11,60,54,16,70,130
05/08/2019,CKB,WV,AEA,CE,Combined TRACON& Tower with Radar,0,11,17,7,35,0,0,15,3,18,0,11,32,10,53,0,0,0,53
05/09/2019,CKB,WV,AEA,CE,Combined TRACON& Tower with Radar,2,4,4,9,19,0,0,6,1,7,2,4,10,10,26,0,6,6,32
05/10/2019,CKB,WV,AEA,CE,Combined TRACON& Tower with Radar,2,5,8,7,22,0,0,2,0,2,2,5,10,7,24,0,0,0,24
05/11/2019,CKB,WV,AEA,CE,Combined TRACON& Tower with Radar,1,4,4,0,9,0,0,8,0,8,1,4,12,0,17,10,0,10,27
05/12/2019,CKB,WV,AEA,CE,Combined TRACON& Tower with Radar,2,3,10,0,15,0,0,0,0,0,2,3,10,0,15,0,0,0,15
05/13/2019,CKB,WV,AEA,CE,Combined TRACON& Tower with Radar,0,5,10,10,25,0,2,0,0,2,0,7,10,10,27,0,0,0,27
05/14/2019,CKB,WV,AEA,CE,Combined TRACON& Tower with Radar,0,3,14,12,29,0,0,10,0,10,0,3,24,12,39,0,10,10,49
05/15/2019,CKB,WV,AEA,CE,Combined TRACON& Tower with Radar,2,5,18,25,50,0,0,29,2,31,2,5,47,27,81,72,4,76,157
05/16/2019,CKB,WV,AEA,CE,Combined TRACON& Tower with Radar,2,2,8,8,20,0,0,19,2,21,2,2,27,10,41,37,26,63,104
05/17/2019,CKB,WV,AEA,CE,Combined TRACON& Tower with Radar,0,3,1,2,6,0,0,0,0,0,0,3,1,2,6,0,0,0,6
05/18/2019,CKB,WV,AEA,CE,Combined TRACON& Tower with Radar,0,5,6,0,11,0,1,20,0,21,0,6,26,0,32,24,0,24,56
05/19/2019,CKB,WV,AEA,CE,Combined TRACON& Tower with Radar,3,8,3,0,14,0,0,5,0,5,3,8,8,0,19,20,0,20,39
05/20/2019,CKB,WV,AEA,CE,Combined TRACON& Tower with Radar,5,7,16,14,42,0,1,9,0,10,5,8,25,14,52,0,0,0,52
05/21/2019,CKB,WV,AEA,CE,Combined TRACON& Tower with Radar,3,3,13,11,30,0,0,18,0,18,3,3,31,11,48,20,22,42,90
05/22/2019,CKB,WV,AEA,CE,Combined TRACON& Tower with Radar,1,6,13,15,35,0,0,22,5,27,1,6,35,20,62,46,0,46,108
05/23/2019,CKB,WV,AEA,CE,Combined TRACON& Tower with Radar,2,3,3,4,12,0,1,9,2,12,2,4,12,6,24,8,0,8,32
05/24/2019,CKB,WV,AEA,CE,Combined TRACON& Tower with Radar,1,3,18,2,24,0,0,20,0,20,1,3,38,2,44,0,0,0,44
05/25/2019,CKB,WV,AEA,CE,Combined TRACON& Tower with Radar,0,7,9,0,16,0,0,5,0,5,0,7,14,0,21,22,0,22,43
05/26/2019,CKB,WV,AEA,CE,Combined TRACON& Tower with Radar,6,3,0,0,9,0,0,0,0,0,6,3,0,0,9,0,0,0,9
05/27/2019,CKB,WV,AEA,CE,Combined TRACON& Tower with Radar,1,2,6,0,9,0,0,5,0,5,1,2,11,0,14,6,0,6,20
05/28/2019,CKB,WV,AEA,CE,Combined TRACON& Tower with Radar,1,4,4,2,11,0,0,11,0,11,1,4,15,2,22,6,16,22,44
05/29/2019,CKB,WV,AEA,CE,Combined TRACON& Tower with Radar,2,6,1,2,11,0,0,5,2,7,2,6,6,4,18,0,0,0,18
05/30/2019,CKB,WV,AEA,CE,Combined TRACON& Tower with Radar,2,3,11,7,23,0,2,0,0,2,2,5,11,7,25,0,6,6,31
05/31/2019,CKB,WV,AEA,CE,Combined TRACON& Tower with Radar,4,9,3,7,23,0,1,13,3,17,4,10,16,10,40,0,16,16,56
06/01/2019,CKB,WV,AEA,CE,Combined TRACON& Tower with Radar,2,4,4,1,11,0,1,16,0,17,2,5,20,1,28,76,0,76,104
06/02/2019,CKB,WV,AEA,CE,Combined TRACON& Tower with Radar,3,3,4,0,10,0,2,3,0,5,3,5,7,0,15,12,0,12,27
06/03/2019,CKB,WV,AEA,CE,Combined TRACON& Tower with Radar,2,3,12,8,25,0,0,31,0,31,2,3,43,8,56,26,6,32,88
06/04/2019,CKB,WV,AEA,CE,Combined TRACON& Tower with Radar,1,3,10,4,18,0,0,13,4,17,1,3,23,8,35,8,4,12,47
06/05/2019,CKB,WV,AEA,CE,Combined TRACON& Tower with Radar,3,3,8,4,18,0,0,2,0,2,3,3,10,4,20,12,12,24,44
06/06/2019,CKB,WV,AEA,CE,Combined TRACON& Tower with Radar,2,7,12,8,29,0,2,16,0,18,2,9,28,8,47,48,0,48,95
06/07/2019,CKB,WV,AEA,CE,Combined TRACON& Tower with Radar,2,3,4,10,19,0,0,11,2,13,2,3,15,12,32,38,0,38,70
06/08/2019,CKB,WV,AEA,CE,Combined TRACON& Tower with Radar,0,4,9,9,22,0,0,11,0,11,0,4,20,9,33,0,24,24,57
06/09/2019,CKB,WV,AEA,CE,Combined TRACON& Tower with Radar,1,4,3,0,8,0,2,4,0,6,1,6,7,0,14,0,0,0,14
06/10/2019,CKB,WV,AEA,CE,Combined TRACON& Tower with Radar,4,5,11,12,32,0,0,10,0,10,4,5,21,12,42,0,0,0,42
06/11/2019,CKB,WV,AEA,CE,Combined TRACON& Tower with Radar,2,5,9,18,34,0,0,18,1,19,2,5,27,19,53,38,12,50,103
06/12/2019,CKB,WV,AEA,CE,Combined TRACON& Tower with Radar,2,6,11,11,30,0,2,20,0,22,2,8,31,11,52,46,6,52,104
06/13/2019,CKB,WV,AEA,CE,Combined TRACON& Tower with Radar,2,6,3,5,16,0,0,0,0,0,2,6,3,5,16,8,0,8,24
06/14/2019,CKB,WV,AEA,CE,Combined TRACON& Tower with Radar,2,5,8,6,21,0,0,18,0,18,2,5,26,6,39,14,14,28,67
06/15/2019,CKB,WV,AEA,CE,Combined TRACON& Tower with Radar,0,5,4,0,9,0,0,13,0,13,0,5,17,0,22,12,0,12,34
06/16/2019,CKB,WV,AEA,CE,Combined TRACON& Tower with Radar,3,3,2,0,8,0,0,3,0,3,3,3,5,0,11,4,0,4,15
06/17/2019,CKB,WV,AEA,CE,Combined TRACON& Tower with Radar,2,4,10,4,20,0,0,1,0,1,2,4,11,4,21,14,0,14,35
06/18/2019,CKB,WV,AEA,CE,Combined TRACON& Tower with Radar,3,10,7,4,24,0,0,0,0,0,3,10,7,4,24,0,0,0,24
06/19/2019,CKB,WV,AEA,CE,Combined TRACON& Tower with Radar,9,7,8,4,28,0,0,24,0,24,9,7,32,4,52,10,0,10,62
06/20/2019,CKB,WV,AEA,CE,Combined TRACON& Tower with Radar,2,3,19,6,30,0,0,6,0,6,2,3,25,6,36,0,0,0,36
06/21/2019,CKB,WV,AEA,CE,Combined TRACON& Tower with Radar,2,7,16,6,31,0,1,19,0,20,2,8,35,6,51,26,0,26,77
06/22/2019,CKB,WV,AEA,CE,Combined TRACON& Tower with Radar,1,4,6,0,11,0,0,13,0,13,1,4,19,0,24,16,0,16,40
06/23/2019,CKB,WV,AEA,CE,Combined TRACON& Tower with Radar,3,3,9,0,15,0,4,15,0,19,3,7,24,0,34,26,0,26,60
06/24/2019,CKB,WV,AEA,CE,Combined TRACON& Tower with Radar,3,9,6,4,22,0,0,15,1,16,3,9,21,5,38,8,0,8,46
06/25/2019,CKB,WV,AEA,CE,Combined TRACON& Tower with Radar,2,8,6,7,23,0,0,14,5,19,2,8,20,12,42,56,12,68,110
06/26/2019,CKB,WV,AEA,CE,Combined TRACON& Tower with Radar,4,4,15,6,29,0,0,34,1,35,4,4,49,7,64,20,0,20,84
06/27/2019,CKB,WV,AEA,CE,Combined TRACON& Tower with Radar,3,6,6,7,22,0,0,29,1,30,3,6,35,8,52,82,0,82,134
06/28/2019,CKB,WV,AEA,CE,Combined TRACON& Tower with Radar,5,5,14,2,26,0,0,30,2,32,5,5,44,4,58,23,0,23,81
06/29/2019,CKB,WV,AEA,CE,Combined TRACON& Tower with Radar,2,5,7,0,14,0,0,18,0,18,2,5,25,0,32,0,0,0,32
06/30/2019,CKB,WV,AEA,CE,Combined TRACON& Tower with Radar,2,4,8,0,14,0,2,2,0,4,2,6,10,0,18,24,0,24,42
07/01/2019,CKB,WV,AEA,CE,Combined TRACON& Tower with Radar,2,5,16,2,25,0,0,16,0,16,2,5,32,2,41,18,6,24,65
07/02/2019,CKB,WV,AEA,CE,Combined TRACON& Tower with Radar,2,4,6,2,14,0,0,14,0,14,2,4,20,2,28,0,0,0,28
07/03/2019,CKB,WV,AEA,CE,Combined TRACON& Tower with Radar,2,3,4,1,10,0,0,5,1,6,2,3,9,2,16,22,0,22,38
07/04/2019,CKB,WV,AEA,CE,Combined TRACON& Tower with Radar,2,2,8,0,12,0,0,5,0,5,2,2,13,0,17,14,0,14,31
07/05/2019,CKB,WV,AEA,CE,Combined TRACON& Tower with Radar,2,2,6,0,10,0,0,4,0,4,2,2,10,0,14,10,0,10,24
07/06/2019,CKB,WV,AEA,CE,Combined TRACON& Tower with Radar,0,3,0,0,3,0,0,3,0,3,0,3,3,0,6,17,0,17,23
07/07/2019,CKB,WV,AEA,CE,Combined TRACON& Tower with Radar,3,6,9,0,18,0,2,1,0,3,3,8,10,0,21,0,0,0,21
07/08/2019,CKB,WV,AEA,CE,Combined TRACON& Tower with Radar,3,6,12,0,21,0,2,1,0,3,3,8,13,0,24,0,0,0,24
07/09/2019,CKB,WV,AEA,CE,Combined TRACON& Tower with Radar,4,3,12,3,22,0,0,23,0,23,4,3,35,3,45,10,0,10,55
07/10/2019,CKB,WV,AEA,CE,Combined TRACON& Tower with Radar,4,5,19,5,33,0,2,40,3,45,4,7,59,8,78,60,18,78,156
07/11/2019,CKB,WV,AEA,CE,Combined TRACON& Tower with Radar,2,5,18,0,25,0,0,1,0,1,2,5,19,0,26,2,0,2,28
07/12/2019,CKB,WV,AEA,CE,Combined TRACON& Tower with Radar,2,5,4,0,11,0,0,11,0,11,2,5,15,0,22,6,10,16,38
07/13/2019,CKB,WV,AEA,CE,Combined TRACON& Tower with Radar,0,4,11,0,15,0,0,19,0,19,0,4,30,0,34,0,0,0,34
07/14/2019,CKB,WV,AEA,CE,Combined TRACON& Tower with Radar,4,3,10,1,18,0,0,7,0,7,4,3,17,1,25,28,0,28,53
07/15/2019,CKB,WV,AEA,CE,Combined TRACON& Tower with Radar,2,4,13,2,21,0,0,9,2,11,2,4,22,4,32,18,0,18,50
07/16/2019,CKB,WV,AEA,CE,Combined TRACON& Tower with Radar,2,5,12,5,24,0,5,21,2,28,2,10,33,7,52,40,0,40,92
07/17/2019,CKB,WV,AEA,CE,Combined TRACON& Tower with Radar,3,6,10,8,27,0,0,6,2,8,3,6,16,10,35,0,20,20,55
07/18/2019,CKB,WV,AEA,CE,Combined TRACON& Tower with Radar,3,3,4,11,21,0,4,12,0,16,3,7,16,11,37,6,0,6,43
07/19/2019,CKB,WV,AEA,CE,Combined TRACON& Tower with Radar,5,6,6,13,30,0,1,6,0,7,5,7,12,13,37,23,0,23,60
07/20/2019,CKB,WV,AEA,CE,Combined TRACON& Tower with Radar,2,4,13,0,19,0,2,19,0,21,2,6,32,0,40,32,0,32,72
07/21/2019,CKB,WV,AEA,CE,Combined TRACON& Tower with Radar,3,3,8,3,17,0,0,6,0,6,3,3,14,3,23,0,0,0,23
07/22/2019,CKB,WV,AEA,CE,Combined TRACON& Tower with Radar,2,5,12,0,19,0,0,1,0,1,2,5,13,0,20,0,0,0,20
07/23/2019,CKB,WV,AEA,CE,Combined TRACON& Tower with Radar,4,2,5,15,26,0,0,16,2,18,4,2,21,17,44,90,32,122,166
07/24/2019,CKB,WV,AEA,CE,Combined TRACON& Tower with Radar,3,5,13,13,34,0,0,30,2,32,3,5,43,15,66,44,0,44,110
07/25/2019,CKB,WV,AEA,CE,Combined TRACON& Tower with Radar,2,2,7,10,21,0,8,29,0,37,2,10,36,10,58,12,0,12,70
07/26/2019,CKB,WV,AEA,CE,Combined TRACON& Tower with Radar,2,5,8,14,29,0,0,30,0,30,2,5,38,14,59,14,4,18,77
07/27/2019,CKB,WV,AEA,CE,Combined TRACON& Tower with Radar,0,3,10,0,13,0,4,20,0,24,0,7,30,0,37,4,0,4,41
07/28/2019,CKB,WV,AEA,CE,Combined TRACON& Tower with Radar,2,2,19,0,23,0,0,30,0,30,2,2,49,0,53,11,0,11,64
07/29/2019,CKB,WV,AEA,CE,Combined TRACON& Tower with Radar,2,4,7,10,23,0,1,22,0,23,2,5,29,10,46,36,0,36,82
07/30/2019,CKB,WV,AEA,CE,Combined TRACON& Tower with Radar,6,2,3,8,19,0,0,7,0,7,6,2,10,8,26,0,0,0,26
07/31/2019,CKB,WV,AEA,CE,Combined TRACON& Tower with Radar,2,4,5,8,19,0,2,7,0,9,2,6,12,8,28,20,0,20,48
08/01/2019,CKB,WV,AEA,CE,Combined TRACON& Tower with Radar,3,4,11,11,29,0,1,10,1,12,3,5,21,12,41,23,0,23,64
08/02/2019,CKB,WV,AEA,CE,Combined TRACON& Tower with Radar,4,3,9,12,28,0,2,14,0,16,4,5,23,12,44,0,0,0,44
08/03/2019,CKB,WV,AEA,CE,Combined TRACON& Tower with Radar,0,5,4,2,11,0,0,5,0,5,0,5,9,2,16,0,0,0,16
08/04/2019,CKB,WV,AEA,CE,Combined TRACON& Tower with Radar,2,4,10,0,16,0,1,12,0,13,2,5,22,0,29,12,0,12,41
08/05/2019,CKB,WV,AEA,CE,Combined TRACON& Tower with Radar,2,3,15,11,31,0,0,25,2,27,2,3,40,13,58,4,6,10,68
08/06/2019,CKB,WV,AEA,CE,Combined TRACON& Tower with Radar,2,3,14,12,31,0,0,13,2,15,2,3,27,14,46,19,0,19,65
08/07/2019,CKB,WV,AEA,CE,Combined TRACON& Tower with Radar,2,5,13,8,28,0,0,3,0,3,2,5,16,8,31,8,0,8,39
08/08/2019,CKB,WV,AEA,CE,Combined TRACON& Tower with Radar,2,4,10,5,21,0,0,7,0,7,2,4,17,5,28,22,0,22,50
08/09/2019,CKB,WV,AEA,CE,Combined TRACON& Tower with Radar,2,3,23,4,32,0,0,9,0,9,2,3,32,4,41,6,0,6,47
08/10/2019,CKB,WV,AEA,CE,Combined TRACON& Tower with Radar,1,5,8,0,14,0,0,18,0,18,1,5,26,0,32,26,0,26,58
08/11/2019,CKB,WV,AEA,CE,Combined TRACON& Tower with Radar,6,6,9,0,21,0,0,9,0,9,6,6,18,0,30,28,0,28,58
08/12/2019,CKB,WV,AEA,CE,Combined TRACON& Tower with Radar,2,5,3,1,11,0,0,27,0,27,2,5,30,1,38,44,0,44,82
08/13/2019,CKB,WV,AEA,CE,Combined TRACON& Tower with Radar,0,5,4,2,11,0,0,0,0,0,0,5,4,2,11,0,0,0,11
08/14/2019,CKB,WV,AEA,CE,Combined TRACON& Tower with Radar,0,8,8,2,18,0,0,7,0,7,0,8,15,2,25,0,11,11,36
08/15/2019,CKB,WV,AEA,CE,Combined TRACON& Tower with Radar,0,4,4,3,11,0,0,15,0,15,0,4,19,3,26,12,0,12,38
08/16/2019,CKB,WV,AEA,CE,Combined TRACON& Tower with Radar,0,4,8,4,16,0,1,8,1,10,0,5,16,5,26,6,0,6,32
08/17/2019,CKB,WV,AEA,CE,Combined TRACON& Tower with Radar,0,5,5,1,11,0,4,13,3,20,0,9,18,4,31,10,0,10,41
08/18/2019,CKB,WV,AEA,CE,Combined TRACON& Tower with Radar,2,3,7,1,13,0,0,12,1,13,2,3,19,2,26,0,0,0,26
08/19/2019,CKB,WV,AEA,CE,Combined TRACON& Tower with Radar,1,8,13,5,27,0,1,14,0,15,1,9,27,5,42,2,0,2,44
08/20/2019,CKB,WV,AEA,CE,Combined TRACON& Tower with Radar,2,4,10,5,21,0,0,3,0,3,2,4,13,5,24,12,10,22,46
08/21/2019,CKB,WV,AEA,CE,Combined TRACON& Tower with Radar,3,7,16,12,38,0,2,7,0,9,3,9,23,12,47,4,0,4,51
08/22/2019,CKB,WV,AEA,CE,Combined TRACON& Tower with Radar,0,5,13,1,19,0,0,14,2,16,0,5,27,3,35,4,50,54,89
08/23/2019,CKB,WV,AEA,CE,Combined TRACON& Tower with Radar,2,11,7,10,30,0,2,3,1,6,2,13,10,11,36,8,0,8,44
08/24/2019,CKB,WV,AEA,CE,Combined TRACON& Tower with Radar,0,6,13,0,19,0,0,7,0,7,0,6,20,0,26,22,0,22,48
08/25/2019,CKB,WV,AEA,CE,Combined TRACON& Tower with Radar,2,7,7,0,16,0,0,3,0,3,2,7,10,0,19,0,0,0,19
08/26/2019,CKB,WV,AEA,CE,Combined TRACON& Tower with Radar,0,3,14,10,27,0,0,15,2,17,0,3,29,12,44,22,32,54,98
08/27/2019,CKB,WV,AEA,CE,Combined TRACON& Tower with Radar,3,7,12,4,26,0,0,0,0,0,3,7,12,4,26,0,4,4,30
08/28/2019,CKB,WV,AEA,CE,Combined TRACON& Tower with Radar,2,7,14,10,33,0,0,6,0,6,2,7,20,10,39,24,56,80,119
08/29/2019,CKB,WV,AEA,CE,Combined TRACON& Tower with Radar,0,3,13,9,25,0,0,10,8,18,0,3,23,17,43,46,44,90,133
08/30/2019,CKB,WV,AEA,CE,Combined TRACON& Tower with Radar,0,3,9,11,23,0,0,17,1,18,0,3,26,12,41,22,27,49,90
08/31/2019,CKB,WV,AEA,CE,Combined TRACON& Tower with Radar,18,10,8,0,36,0,0,3,0,3,18,10,11,0,39,0,0,0,39
09/01/2019,CKB,WV,AEA,CE,Combined TRACON& Tower with Radar,2,6,3,0,11,0,0,4,0,4,2,6,7,0,15,0,0,0,15
09/02/2019,CKB,WV,AEA,CE,Combined TRACON& Tower with Radar,0,5,6,0,11,0,0,12,0,12,0,5,18,0,23,0,0,0,23
09/03/2019,CKB,WV,AEA,CE,Combined TRACON& Tower with Radar,0,3,9,11,23,0,2,20,1,23,0,5,29,12,46,16,30,46,92
09/04/2019,CKB,WV,AEA,CE,Combined TRACON& Tower with Radar,0,3,17,15,35,0,0,12,0,12,0,3,29,15,47,21,14,35,82
09/05/2019,CKB,WV,AEA,CE,Combined TRACON& Tower with Radar,2,7,5,13,27,0,0,10,3,13,2,7,15,16,40,0,2,2,42
09/06/2019,CKB,WV,AEA,CE,Combined TRACON& Tower with Radar,3,4,12,6,25,0,2,9,4,15,3,6,21,10,40,0,0,0,40
09/07/2019,CKB,WV,AEA,CE,Combined TRACON& Tower with Radar,2,4,9,0,15,0,0,10,0,10,2,4,19,0,25,0,0,0,25
09/08/2019,CKB,WV,AEA,CE,Combined TRACON& Tower with Radar,2,4,4,2,12,0,0,6,0,6,2,4,10,2,18,4,0,4,22
09/09/2019,CKB,WV,AEA,CE,Combined TRACON& Tower with Radar,1,6,17,5,29,0,0,14,3,17,1,6,31,8,46,18,16,34,80
09/10/2019,CKB,WV,AEA,CE,Combined TRACON& Tower with Radar,1,9,4,19,33,0,0,11,1,12,1,9,15,20,45,8,40,48,93
09/11/2019,CKB,WV,AEA,CE,Combined TRACON& Tower with Radar,1,5,16,9,31,0,0,27,3,30,1,5,43,12,61,26,32,58,119
09/12/2019,CKB,WV,AEA,CE,Combined TRACON& Tower with Radar,1,6,9,10,26,0,0,11,2,13,1,6,20,12,39,26,9,35,74
09/13/2019,CKB,WV,AEA,CE,Combined TRACON& Tower with Radar,1,5,3,3,12,0,2,9,2,13,1,7,12,5,25,24,22,46,71
09/14/2019,CKB,WV,AEA,CE,Combined TRACON& Tower with Radar,3,4,2,0,9,0,0,7,0,7,3,4,9,0,16,0,0,0,16
09/15/2019,CKB,WV,AEA,CE,Combined TRACON& Tower with Radar,0,5,7,2,14,0,0,20,0,20,0,5,27,2,34,16,0,16,50
09/16/2019,CKB,WV,AEA,CE,Combined TRACON& Tower with Radar,3,4,16,0,23,0,1,13,1,15,3,5,29,1,38,43,20,63,101
09/17/2019,CKB,WV,AEA,CE,Combined TRACON& Tower with Radar,0,3,11,10,24,0,0,7,4,11,0,3,18,14,35,12,32,44,79
09/18/2019,CKB,WV,AEA,CE,Combined TRACON& Tower with Radar,3,6,17,2,28,0,2,27,6,35,3,8,44,8,63,42,6,48,111
09/19/2019,CKB,WV,AEA,CE,Combined TRACON& Tower with Radar,1,6,8,7,22,0,2,11,8,21,1,8,19,15,43,0,0,0,43
09/20/2019,CKB,WV,AEA,CE,Combined TRACON& Tower with Radar,4,11,11,5,31,0,0,18,3,21,4,11,29,8,52,10,0,10,62
09/21/2019,CKB,WV,AEA,CE,Combined TRACON& Tower with Radar,1,4,6,0,11,0,0,9,0,9,1,4,15,0,20,0,0,0,20
09/22/2019,CKB,WV,AEA,CE,Combined TRACON& Tower with Radar,0,7,5,1,13,0,0,5,0,5,0,7,10,1,18,0,0,0,18
09/23/2019,CKB,WV,AEA,CE,Combined TRACON& Tower with Radar,0,3,10,16,29,0,0,4,2,6,0,3,14,18,35,0,0,0,35
09/24/2019,CKB,WV,AEA,CE,Combined TRACON& Tower with Radar,3,3,15,10,31,0,0,13,5,18,3,3,28,15,49,0,0,0,49
09/25/2019,CKB,WV,AEA,CE,Combined TRACON& Tower with Radar,0,5,13,9,27,0,2,33,4,39,0,7,46,13,66,74,0,74,140
09/26/2019,CKB,WV,AEA,CE,Combined TRACON& Tower with Radar,0,3,9,11,23,0,0,9,0,9,0,3,18,11,32,0,0,0,32
09/27/2019,CKB,WV,AEA,CE,Combined TRACON& Tower with Radar,1,5,14,5,25,0,0,16,0,16,1,5,30,5,41,12,2,14,55
09/28/2019,CKB,WV,AEA,CE,Combined TRACON& Tower with Radar,1,4,3,0,8,0,0,14,0,14,1,4,17,0,22,0,0,0,22
09/29/2019,CKB,WV,AEA,CE,Combined TRACON& Tower with Radar,2,4,7,0,13,0,2,11,0,13,2,6,18,0,26,12,0,12,38
09/30/2019,CKB,WV,AEA,CE,Combined TRACON& Tower with Radar,0,3,9,2,14,0,0,12,0,12,0,3,21,2,26,0,0,0,26
10/01/2019,CKB,WV,AEA,CE,Combined TRACON& Tower with Radar,0,5,13,5,23,0,0,6,0,6,0,5,19,5,29,4,0,4,33
10/02/2019,CKB,WV,AEA,CE,Combined TRACON& Tower with Radar,2,3,10,11,26,0,2,13,1,16,2,5,23,12,42,8,0,8,50
10/03/2019,CKB,WV,AEA,CE,Combined TRACON& Tower with Radar,5,3,7,8,23,0,2,7,4,13,5,5,14,12,36,18,24,42,78
10/04/2019,CKB,WV,AEA,CE,Combined TRACON& Tower with Radar,8,3,16,7,34,0,0,13,5,18,8,3,29,12,52,0,18,18,70
10/05/2019,CKB,WV,AEA,CE,Combined TRACON& Tower with Radar,6,5,4,0,15,0,0,5,0,5,6,5,9,0,20,0,0,0,20
10/06/2019,CKB,WV,AEA,CE,Combined TRACON& Tower with Radar,2,4,5,0,11,0,0,1,0,1,2,4,6,0,12,30,0,30,42
10/07/2019,CKB,WV,AEA,CE,Combined TRACON& Tower with Radar,0,3,3,6,12,0,0,0,0,0,0,3,3,6,12,0,0,0,12
10/08/2019,CKB,WV,AEA,CE,Combined TRACON& Tower with Radar,2,6,8,10,26,0,4,9,4,17,2,10,17,14,43,36,0,36,79
10/09/2019,CKB,WV,AEA,CE,Combined TRACON& Tower with Radar,0,4,10,11,25,0,1,14,1,16,0,5,24,12,41,14,0,14,55
10/10/2019,CKB,WV,AEA,CE,Combined TRACON& Tower with Radar,5,3,7,18,33,0,0,22,4,26,5,3,29,22,59,0,6,6,65
10/11/2019,CKB,WV,AEA,CE,Combined TRACON& Tower with Radar,4,3,13,5,25,0,2,18,0,20,4,5,31,5,45,6,4,10,55
10/12/2019,CKB,WV,AEA,CE,Combined TRACON& Tower with Radar,1,4,7,0,12,0,0,1,0,1,1,4,8,0,13,0,0,0,13
10/13/2019,CKB,WV,AEA,CE,Combined TRACON& Tower with Radar,0,4,3,0,7,0,0,19,0,19,0,4,22,0,26,22,0,22,48
10/14/2019,CKB,WV,AEA,CE,Combined TRACON& Tower with Radar,2,3,14,0,19,0,0,14,0,14,2,3,28,0,33,0,0,0,33
10/15/2019,CKB,WV,AEA,CE,Combined TRACON& Tower with Radar,3,3,18,6,30,0,1,23,0,24,3,4,41,6,54,50,0,50,104
10/16/2019,CKB,WV,AEA,CE,Combined TRACON& Tower with Radar,0,3,4,0,7,0,0,0,0,0,0,3,4,0,7,0,0,0,7
10/17/2019,CKB,WV,AEA,CE,Combined TRACON& Tower with Radar,2,6,5,4,17,0,2,0,0,2,2,8,5,4,19,0,0,0,19
10/18/2019,CKB,WV,AEA,CE,Combined TRACON& Tower with Radar,4,6,11,2,23,0,1,24,2,27,4,7,35,4,50,6,0,6,56
10/19/2019,CKB,WV,AEA,CE,Combined TRACON& Tower with Radar,2,7,16,0,25,0,3,18,0,21,2,10,34,0,46,20,0,20,66
10/20/2019,CKB,WV,AEA,CE,Combined TRACON& Tower with Radar,4,8,11,0,23,0,0,8,0,8,4,8,19,0,31,0,0,0,31
10/21/2019,CKB,WV,AEA,CE,Combined TRACON& Tower with Radar,2,7,9,3,21,0,0,6,2,8,2,7,15,5,29,16,0,16,45
10/22/2019,CKB,WV,AEA,CE,Combined TRACON& Tower with Radar,4,3,10,1,18,0,0,3,0,3,4,3,13,1,21,0,0,0,21
10/23/2019,CKB,WV,AEA,CE,Combined TRACON& Tower with Radar,0,8,9,3,20,0,0,14,1,15,0,8,23,4,35,8,0,8,43
10/24/2019,CKB,WV,AEA,CE,Combined TRACON& Tower with Radar,3,4,13,2,22,0,0,18,2,20,3,4,31,4,42,28,0,28,70
10/25/2019,CKB,WV,AEA,CE,Combined TRACON& Tower with Radar,0,3,9,2,14,0,0,10,1,11,0,3,19,3,25,42,0,42,67
10/26/2019,CKB,WV,AEA,CE,Combined TRACON& Tower with Radar,2,4,2,0,8,0,2,8,0,10,2,6,10,0,18,16,0,16,34
10/27/2019,CKB,WV,AEA,CE,Combined TRACON& Tower with Radar,2,4,4,0,10,0,0,0,0,0,2,4,4,0,10,0,0,0,10
10/28/2019,CKB,WV,AEA,CE,Combined TRACON& Tower with Radar,1,4,11,4,20,0,0,19,1,20,1,4,30,5,40,0,0,0,40
10/29/2019,CKB,WV,AEA,CE,Combined TRACON& Tower with Radar,0,4,12,2,18,0,1,26,5,32,0,5,38,7,50,50,2,52,102
10/30/2019,CKB,WV,AEA,CE,Combined TRACON& Tower with Radar,2,7,20,8,37,0,0,7,6,13,2,7,27,14,50,34,26,60,110
10/31/2019,CKB,WV,AEA,CE,Combined TRACON& Tower with Radar,2,3,0,2,7,0,0,0,0,0,2,3,0,2,7,10,0,10,17
11/01/2019,CKB,WV,AEA,CE,Combined TRACON& Tower with Radar,2,7,7,18,34,0,0,4,1,5,2,7,11,19,39,4,44,48,87
11/02/2019,CKB,WV,AEA,CE,Combined TRACON& Tower with Radar,3,6,2,2,13,0,0,9,0,9,3,6,11,2,22,6,0,6,28
11/03/2019,CKB,WV,AEA,CE,Combined TRACON& Tower with Radar,3,5,4,0,12,0,0,5,0,5,3,5,9,0,17,0,0,0,17
11/04/2019,CKB,WV,AEA,CE,Combined TRACON& Tower with Radar,3,3,9,13,28,0,3,14,3,20,3,6,23,16,48,2,26,28,76
11/05/2019,CKB,WV,AEA,CE,Combined TRACON& Tower with Radar,3,4,2,10,19,0,1,6,4,11,3,5,8,14,30,4,12,16,46
11/06/2019,CKB,WV,AEA,CE,Combined TRACON& Tower with Radar,0,3,8,11,22,0,0,17,8,25,0,3,25,19,47,17,16,33,80
11/07/2019,CKB,WV,AEA,CE,Combined TRACON& Tower with Radar,2,3,1,4,10,0,0,1,0,1,2,3,2,4,11,0,0,0,11
11/08/2019,CKB,WV,AEA,CE,Combined TRACON& Tower with Radar,3,5,11,14,33,0,2,19,0,21,3,7,30,14,54,11,0,11,65
11/09/2019,CKB,WV,AEA,CE,Combined TRACON& Tower with Radar,5,10,3,0,18,0,0,26,0,26,5,10,29,0,44,0,0,0,44
11/10/2019,CKB,WV,AEA,CE,Combined TRACON& Tower with Radar,2,4,2,0,8,0,0,11,0,11,2,4,13,0,19,0,0,0,19
11/11/2019,CKB,WV,AEA,CE,Combined TRACON& Tower with Radar,2,4,8,0,14,0,2,8,0,10,2,6,16,0,24,0,0,0,24
11/12/2019,CKB,WV,AEA,CE,Combined TRACON& Tower with Radar,1,4,0,0,5,0,0,0,0,0,1,4,0,0,5,6,0,6,11
11/13/2019,CKB,WV,AEA,CE,Combined TRACON& Tower with Radar,0,7,6,16,29,0,0,8,4,12,0,7,14,20,41,60,20,80,121
11/14/2019,CKB,WV,AEA,CE,Combined TRACON& Tower with Radar,4,3,11,17,35,0,0,10,9,19,4,3,21,26,54,4,0,4,58
11/15/2019,CKB,WV,AEA,CE,Combined TRACON& Tower with Radar,6,3,10,15,34,0,0,12,2,14,6,3,22,17,48,8,0,8,56
11/16/2019,CKB,WV,AEA,CE,Combined TRACON& Tower with Radar,2,4,3,0,9,0,0,18,0,18,2,4,21,0,27,32,0,32,59
11/17/2019,CKB,WV,AEA,CE,Combined TRACON& Tower with Radar,0,4,2,0,6,0,0,14,0,14,0,4,16,0,20,40,0,40,60
11/18/2019,CKB,WV,AEA,CE,Combined TRACON& Tower with Radar,6,5,12,15,38,0,0,16,0,16,6,5,28,15,54,41,0,41,95
11/19/2019,CKB,WV,AEA,CE,Combined TRACON& Tower with Radar,3,5,4,9,21,0,0,0,0,0,3,5,4,9,21,0,0,0,21
11/20/2019,CKB,WV,AEA,CE,Combined TRACON& Tower with Radar,2,4,6,12,24,0,0,4,0,4,2,4,10,12,28,14,4,18,46
11/21/2019,CKB,WV,AEA,CE,Combined TRACON& Tower with Radar,2,4,17,2,25,0,0,12,0,12,2,4,29,2,37,8,0,8,45
11/22/2019,CKB,WV,AEA,CE,Combined TRACON& Tower with Radar,4,3,0,7,14,0,0,1,0,1,4,3,1,7,15,0,0,0,15
11/23/2019,CKB,WV,AEA,CE,Combined TRACON& Tower with Radar,5,5,1,3,14,0,0,1,0,1,5,5,2,3,15,0,0,0,15
11/24/2019,CKB,WV,AEA,CE,Combined TRACON& Tower with Radar,4,7,2,0,13,0,2,3,0,5,4,9,5,0,18,0,0,0,18
11/25/2019,CKB,WV,AEA,CE,Combined TRACON& Tower with Radar,6,5,7,1,19,0,3,12,2,17,6,8,19,3,36,32,0,32,68
11/26/2019,CKB,WV,AEA,CE,Combined TRACON& Tower with Radar,1,3,3,5,12,0,0,28,5,33,1,3,31,10,45,13,0,13,58
11/27/2019,CKB,WV,AEA,CE,Combined TRACON& Tower with Radar,2,5,2,0,9,0,0,1,0,1,2,5,3,0,10,0,0,0,10
11/28/2019,CKB,WV,AEA,CE,Combined TRACON& Tower with Radar,2,2,1,0,5,0,0,0,0,0,2,2,1,0,5,0,0,0,5
11/29/2019,CKB,WV,AEA,CE,Combined TRACON& Tower with Radar,1,5,0,0,6,0,0,1,0,1,1,5,1,0,7,0,0,0,7
11/30/2019,CKB,WV,AEA,CE,Combined TRACON& Tower with Radar,2,5,3,0,10,0,2,2,0,4,2,7,5,0,14,10,0,10,24
12/01/2019,CKB,WV,AEA,CE,Combined TRACON& Tower with Radar,2,4,7,0,13,0,0,2,0,2,2,4,9,0,15,0,0,0,15
12/02/2019,CKB,WV,AEA,CE,Combined TRACON& Tower with Radar,3,3,4,2,12,0,0,0,0,0,3,3,4,2,12,0,0,0,12
12/03/2019,CKB,WV,AEA,CE,Combined TRACON& Tower with Radar,0,3,2,2,7,0,0,0,0,0,0,3,2,2,7,0,0,0,7
12/04/2019,CKB,WV,AEA,CE,Combined TRACON& Tower with Radar,1,4,0,4,9,0,3,0,0,3,1,7,0,4,12,0,0,0,12
12/05/2019,CKB,WV,AEA,CE,Combined TRACON& Tower with Radar,0,2,9,5,16,0,3,10,0,13,0,5,19,5,29,16,0,16,45
12/06/2019,CKB,WV,AEA,CE,Combined TRACON& Tower with Radar,5,3,2,8,18,0,2,0,1,3,5,5,2,9,21,0,10,10,31
12/07/2019,CKB,WV,AEA,CE,Combined TRACON& Tower with Radar,2,3,9,2,16,0,0,17,0,17,2,3,26,2,33,12,0,12,45
12/08/2019,CKB,WV,AEA,CE,Combined TRACON& Tower with Radar,3,2,1,2,8,0,2,8,0,10,3,4,9,2,18,0,0,0,18
12/09/2019,CKB,WV,AEA,CE,Combined TRACON& Tower with Radar,3,2,9,0,14,0,0,0,0,0,3,2,9,0,14,0,0,0,14
12/10/2019,CKB,WV,AEA,CE,Combined TRACON& Tower with Radar,4,5,0,1,10,0,0,0,0,0,4,5,0,1,10,0,0,0,10
12/11/2019,CKB,WV,AEA,CE,Combined TRACON& Tower with Radar,0,5,18,5,28,0,0,24,1,25,0,5,42,6,53,52,22,74,127
12/12/2019,CKB,WV,AEA,CE,Combined TRACON& Tower with Radar,1,3,7,12,23,0,0,23,1,24,1,3,30,13,47,18,26,44,91
12/13/2019,CKB,WV,AEA,CE,Combined TRACON& Tower with Radar,4,2,4,0,10,0,0,0,0,0,4,2,4,0,10,0,0,0,10
12/14/2019,CKB,WV,AEA,CE,Combined TRACON& Tower with Radar,3,4,0,0,7,0,0,0,0,0,3,4,0,0,7,0,0,0,7
12/15/2019,CKB,WV,AEA,CE,Combined TRACON& Tower with Radar,0,4,9,1,14,0,0,5,0,5,0,4,14,1,19,22,0,22,41
12/16/2019,CKB,WV,AEA,CE,Combined TRACON& Tower with Radar,2,2,0,0,4,0,0,0,0,0,2,2,0,0,4,0,0,0,4
12/17/2019,CKB,WV,AEA,CE,Combined TRACON& Tower with Radar,0,2,5,0,7,0,0,0,0,0,0,2,5,0,7,0,0,0,7
12/18/2019,CKB,WV,AEA,CE,Combined TRACON& Tower with Radar,3,4,9,12,28,0,0,1,0,1,3,4,10,12,29,0,0,0,29
12/19/2019,CKB,WV,AEA,CE,Combined TRACON& Tower with Radar,2,3,5,7,17,0,2,14,7,23,2,5,19,14,40,30,52,82,122
12/20/2019,CKB,WV,AEA,CE,Combined TRACON& Tower with Radar,2,2,13,8,25,0,1,20,3,24,2,3,33,11,49,46,10,56,105
12/21/2019,CKB,WV,AEA,CE,Combined TRACON& Tower with Radar,2,4,3,0,9,0,0,13,0,13,2,4,16,0,22,6,0,6,28
12/22/2019,CKB,WV,AEA,CE,Combined TRACON& Tower with Radar,0,5,3,0,8,0,0,17,0,17,0,5,20,0,25,44,0,44,69
12/23/2019,CKB,WV,AEA,CE,Combined TRACON& Tower with Radar,3,4,8,2,17,0,2,19,0,21,3,6,27,2,38,26,0,26,64
12/24/2019,CKB,WV,AEA,CE,Combined TRACON& Tower with Radar,4,6,1,0,11,0,0,5,0,5,4,6,6,0,16,0,0,0,16
12/25/2019,CKB,WV,AEA,CE,Combined TRACON& Tower with Radar,0,2,0,0,2,0,0,1,0,1,0,2,1,0,3,0,0,0,3
12/26/2019,CKB,WV,AEA,CE,Combined TRACON& Tower with Radar,3,4,6,3,16,0,0,17,0,17,3,4,23,3,33,10,0,10,43
12/27/2019,CKB,WV,AEA,CE,Combined TRACON& Tower with Radar,2,3,2,0,7,0,0,1,3,4,2,3,3,3,11,0,0,0,11
12/28/2019,CKB,WV,AEA,CE,Combined TRACON& Tower with Radar,5,3,8,0,16,0,0,1,0,1,5,3,9,0,17,0,0,0,17
12/29/2019,CKB,WV,AEA,CE,Combined TRACON& Tower with Radar,0,4,4,0,8,0,3,0,0,3,0,7,4,0,11,0,0,0,11
12/30/2019,CKB,WV,AEA,CE,Combined TRACON& Tower with Radar,2,2,1,0,5,0,4,0,0,4,2,6,1,0,9,0,0,0,9
12/31/2019,CKB,WV,AEA,CE,Combined TRACON& Tower with Radar,1,4,2,0,7,0,2,0,0,2,1,6,2,0,9,0,0,0,9
01/01/2020,CKB,WV,AEA,CE,Combined TRACON& Tower with Radar,1,2,4,0,7,0,2,7,0,9,1,4,11,0,16,11,0,11,27
01/02/2020,CKB,WV,AEA,CE,Combined TRACON& Tower with Radar,0,3,3,3,9,0,0,4,0,4,0,3,7,3,13,0,0,0,13
01/03/2020,CKB,WV,AEA,CE,Combined TRACON& Tower with Radar,5,4,2,0,11,0,0,0,0,0,5,4,2,0,11,0,0,0,11
01/04/2020,CKB,WV,AEA,CE,Combined TRACON& Tower with Radar,4,6,0,0,10,0,0,0,0,0,4,6,0,0,10,0,0,0,10
01/05/2020,CKB,WV,AEA,CE,Combined TRACON& Tower with Radar,2,3,6,2,13,0,0,1,0,1,2,3,7,2,14,0,0,0,14
01/06/2020,CKB,WV,AEA,CE,Combined TRACON& Tower with Radar,3,3,13,7,26,0,0,10,0,10,3,3,23,7,36,76,0,76,112
01/07/2020,CKB,WV,AEA,CE,Combined TRACON& Tower with Radar,3,4,6,0,13,0,2,1,0,3,3,6,7,0,16,0,0,0,16
01/08/2020,CKB,WV,AEA,CE,Combined TRACON& Tower with Radar,0,4,1,5,10,0,0,0,0,0,0,4,1,5,10,0,0,0,10
01/09/2020,CKB,WV,AEA,CE,Combined TRACON& Tower with Radar,2,3,5,10,20,0,2,16,0,18,2,5,21,10,38,60,34,94,132
01/10/2020,CKB,WV,AEA,CE,Combined TRACON& Tower with Radar,4,4,10,3,21,0,0,2,0,2,4,4,12,3,23,0,0,0,23
01/11/2020,CKB,WV,AEA,CE,Combined TRACON& Tower with Radar,2,0,3,6,11,0,0,0,0,0,2,0,3,6,11,0,0,0,11
01/12/2020,CKB,WV,AEA,CE,Combined TRACON& Tower with Radar,0,5,3,0,8,0,0,1,1,2,0,5,4,1,10,0,0,0,10
01/13/2020,CKB,WV,AEA,CE,Combined TRACON& Tower with Radar,3,3,8,2,16,0,1,6,0,7,3,4,14,2,23,0,0,0,23
01/14/2020,CKB,WV,AEA,CE,Combined TRACON& Tower with Radar,2,5,5,2,14,0,2,0,0,2,2,7,5,2,16,0,0,0,16
01/15/2020,CKB,WV,AEA,CE,Combined TRACON& Tower with Radar,2,5,6,11,24,0,2,3,4,9,2,7,9,15,33,0,0,0,33
01/16/2020,CKB,WV,AEA,CE,Combined TRACON& Tower with Radar,1,5,5,6,17,0,0,8,0,8,1,5,13,6,25,0,0,0,25
01/17/2020,CKB,WV,AEA,CE,Combined TRACON& Tower with Radar,4,3,3,9,19,0,0,20,1,21,4,3,23,10,40,36,0,36,76
01/18/2020,CKB,WV,AEA,CE,Combined TRACON& Tower with Radar,1,4,3,1,9,0,0,0,0,0,1,4,3,1,9,0,0,0,9
01/19/2020,CKB,WV,AEA,CE,Combined TRACON& Tower with Radar,2,3,1,0,6,0,0,0,0,0,2,3,1,0,6,0,0,0,6
01/20/2020,CKB,WV,AEA,CE,Combined TRACON& Tower with Radar,3,3,4,0,10,0,0,2,0,2,3,3,6,0,12,0,0,0,12
01/21/2020,CKB,WV,AEA,CE,Combined TRACON& Tower with Radar,2,5,4,14,25,0,0,20,0,20,2,5,24,14,45,17,16,33,78
01/22/2020,CKB,WV,AEA,CE,Combined TRACON& Tower with Radar,0,3,5,14,22,0,0,32,4,36,0,3,37,18,58,36,0,36,94
01/23/2020,CKB,WV,AEA,CE,Combined TRACON& Tower with Radar,0,5,7,13,25,0,0,22,0,22,0,5,29,13,47,8,12,20,67
01/24/2020,CKB,WV,AEA,CE,Combined TRACON& Tower with Radar,7,4,2,0,13,0,0,0,2,2,7,4,2,2,15,0,0,0,15
01/25/2020,CKB,WV,AEA,CE,Combined TRACON& Tower with Radar,3,8,1,0,12,0,0,0,0,0,3,8,1,0,12,0,0,0,12
01/26/2020,CKB,WV,AEA,CE,Combined TRACON& Tower with Radar,0,3,4,0,7,0,0,0,0,0,0,3,4,0,7,0,0,0,7
01/27/2020,CKB,WV,AEA,CE,Combined TRACON& Tower with Radar,3,7,8,13,31,0,4,4,0,8,3,11,12,13,39,0,0,0,39
01/28/2020,CKB,WV,AEA,CE,Combined TRACON& Tower with Radar,1,2,3,11,17,0,1,0,0,1,1,3,3,11,18,0,0,0,18
01/29/2020,CKB,WV,AEA,CE,Combined TRACON& Tower with Radar,0,6,3,15,24,0,1,7,0,8,0,7,10,15,32,0,12,12,44
01/30/2020,CKB,WV,AEA,CE,Combined TRACON& Tower with Radar,0,2,2,14,18,0,0,2,0,2,0,2,4,14,20,8,14,22,42
01/31/2020,CKB,WV,AEA,CE,Combined TRACON& Tower with Radar,2,4,9,24,39,0,0,22,0,22,2,4,31,24,61,18,4,22,83
02/01/2020,CKB,WV,AEA,CE,Combined TRACON& Tower with Radar,0,7,0,0,7,0,0,0,0,0,0,7,0,0,7,0,0,0,7
02/02/2020,CKB,WV,AEA,CE,Combined TRACON& Tower with Radar,6,2,2,2,12,0,0,0,0,0,6,2,2,2,12,0,0,0,12
02/03/2020,CKB,WV,AEA,CE,Combined TRACON& Tower with Radar,2,3,12,14,31,0,7,32,2,41,2,10,44,16,72,70,22,92,164
02/04/2020,CKB,WV,AEA,CE,Combined TRACON& Tower with Radar,0,5,4,11,20,0,0,0,0,0,0,5,4,11,20,0,0,0,20
02/05/2020,CKB,WV,AEA,CE,Combined TRACON& Tower with Radar,2,4,0,14,20,0,0,0,0,0,2,4,0,14,20,0,0,0,20
02/06/2020,CKB,WV,AEA,CE,Combined TRACON& Tower with Radar,2,3,2,4,11,0,0,0,0,0,2,3,2,4,11,0,4,4,15
02/07/2020,CKB,WV,AEA,CE,Combined TRACON& Tower with Radar,8,3,0,0,11,0,0,0,0,0,8,3,0,0,11,0,0,0,11
02/08/2020,CKB,WV,AEA,CE,Combined TRACON& Tower with Radar,3,11,0,0,14,0,0,0,0,0,3,11,0,0,14,0,4,4,18
02/09/2020,CKB,WV,AEA,CE,Combined TRACON& Tower with Radar,0,1,1,8,10,0,2,16,1,19,0,3,17,9,29,26,10,36,65
02/10/2020,CKB,WV,AEA,CE,Combined TRACON& Tower with Radar,3,5,4,4,16,0,0,0,0,0,3,5,4,4,16,0,0,0,16
02/11/2020,CKB,WV,AEA,CE,Combined TRACON& Tower with Radar,1,8,4,0,13,0,0,0,0,0,1,8,4,0,13,0,0,0,13
02/12/2020,CKB,WV,AEA,CE,Combined TRACON& Tower with Radar,0,4,5,6,15,0,2,9,2,13,0,6,14,8,28,26,45,71,99
02/13/2020,CKB,WV,AEA,CE,Combined TRACON& Tower with Radar,3,6,1,2,12,0,0,0,0,0,3,6,1,2,12,0,0,0,12
02/14/2020,CKB,WV,AEA,CE,Combined TRACON& Tower with Radar,2,7,4,6,19,0,2,3,0,5,2,9,7,6,24,14,18,32,56
02/15/2020,CKB,WV,AEA,CE,Combined TRACON& Tower with Radar,1,4,20,2,27,0,1,33,2,36,1,5,53,4,63,4,4,8,71
02/16/2020,CKB,WV,AEA,CE,Combined TRACON& Tower with Radar,4,4,1,2,11,0,3,7,0,10,4,7,8,2,21,4,0,4,25
02/17/2020,CKB,WV,AEA,CE,Combined TRACON& Tower with Radar,0,4,21,0,25,0,4,19,0,23,0,8,40,0,48,36,0,36,84
02/18/2020,CKB,WV,AEA,CE,Combined TRACON& Tower with Radar,0,6,5,0,11,0,0,3,6,9,0,6,8,6,20,0,24,24,44
02/19/2020,CKB,WV,AEA,CE,Combined TRACON& Tower with Radar,0,2,14,4,20,0,3,19,6,28,0,5,33,10,48,0,22,22,70
02/20/2020,CKB,WV,AEA,CE,Combined TRACON& Tower with Radar,2,5,11,4,22,0,1,17,2,20,2,6,28,6,42,44,4,48,90
02/21/2020,CKB,WV,AEA,CE,Combined TRACON& Tower with Radar,1,3,3,4,11,0,0,25,4,29,1,3,28,8,40,23,8,31,71
02/22/2020,CKB,WV,AEA,CE,Combined TRACON& Tower with Radar,2,3,14,0,19,0,0,18,0,18,2,3,32,0,37,50,0,50,87
02/23/2020,CKB,WV,AEA,CE,Combined TRACON& Tower with Radar,2,5,9,0,16,0,2,18,1,21,2,7,27,1,37,50,0,50,87
02/24/2020,CKB,WV,AEA,CE,Combined TRACON& Tower with Radar,2,4,14,15,35,0,0,19,3,22,2,4,33,18,57,52,40,92,149
02/25/2020,CKB,WV,AEA,CE,Combined TRACON& Tower with Radar,2,3,4,0,9,0,0,0,0,0,2,3,4,0,9,0,0,0,9
02/26/2020,CKB,WV,AEA,CE,Combined TRACON& Tower with Radar,0,5,3,13,21,0,0,6,0,6,0,5,9,13,27,0,0,0,27
02/27/2020,CKB,WV,AEA,CE,Combined TRACON& Tower with Radar,3,2,3,4,12,0,2,0,0,2,3,4,3,4,14,0,0,0,14
02/28/2020,CKB,WV,AEA,CE,Combined TRACON& Tower with Radar,3,6,5,0,14,0,1,2,0,3,3,7,7,0,17,0,0,0,17
02/29/2020,CKB,WV,AEA,CE,Combined TRACON& Tower with Radar,2,4,2,0,8,0,2,8,1,11,2,6,10,1,19,0,0,0,19
03/01/2020,CKB,WV,AEA,CE,Combined TRACON& Tower with Radar,2,6,7,0,15,0,0,29,0,29,2,6,36,0,44,20,0,20,64
03/02/2020,CKB,WV,AEA,CE,Combined TRACON& Tower with Radar,0,3,6,4,13,0,2,2,0,4,0,5,8,4,17,4,0,4,21
03/03/2020,CKB,WV,AEA,CE,Combined TRACON& Tower with Radar,2,9,3,2,16,0,4,0,0,4,2,13,3,2,20,0,0,0,20
03/04/2020,CKB,WV,AEA,CE,Combined TRACON& Tower with Radar,0,3,19,8,30,0,2,15,3,20,0,5,34,11,50,34,0,34,84
03/05/2020,CKB,WV,AEA,CE,Combined TRACON& Tower with Radar,2,2,12,6,22,0,4,34,0,38,2,6,46,6,60,14,0,14,74
03/06/2020,CKB,WV,AEA,CE,Combined TRACON& Tower with Radar,2,4,6,8,20,0,0,0,0,0,2,4,6,8,20,0,0,0,20
03/07/2020,CKB,WV,AEA,CE,Combined TRACON& Tower with Radar,2,2,3,0,7,0,0,2,0,2,2,2,5,0,9,0,0,0,9
03/08/2020,CKB,WV,AEA,CE,Combined TRACON& Tower with Radar,2,4,13,0,19,0,2,17,0,19,2,6,30,0,38,18,0,18,56
03/09/2020,CKB,WV,AEA,CE,Combined TRACON& Tower with Radar,1,4,13,8,26,0,2,16,0,18,1,6,29,8,44,16,2,18,62
03/10/2020,CKB,WV,AEA,CE,Combined TRACON& Tower with Radar,7,2,3,8,20,0,2,0,0,2,7,4,3,8,22,0,0,0,22
03/11/2020,CKB,WV,AEA,CE,Combined TRACON& Tower with Radar,0,3,10,4,17,0,1,3,0,4,0,4,13,4,21,16,0,16,37
03/12/2020,CKB,WV,AEA,CE,Combined TRACON& Tower with Radar,8,9,15,4,36,0,1,17,0,18,8,10,32,4,54,31,0,31,85
03/13/2020,CKB,WV,AEA,CE,Combined TRACON& Tower with Radar,1,3,7,0,11,0,1,6,0,7,1,4,13,0,18,0,0,0,18
03/14/2020,CKB,WV,AEA,CE,Combined TRACON& Tower with Radar,0,1,2,1,4,0,2,8,6,16,0,3,10,7,20,6,0,6,26
03/15/2020,CKB,WV,AEA,CE,Combined TRACON& Tower with Radar,2,2,1,0,5,0,0,6,0,6,2,2,7,0,11,8,0,8,19
03/16/2020,CKB,WV,AEA,CE,Combined TRACON& Tower with Radar,2,2,4,4,12,0,0,4,0,4,2,2,8,4,16,0,0,0,16
03/17/2020,CKB,WV,AEA,CE,Combined TRACON& Tower with Radar,2,5,1,0,8,0,0,0,0,0,2,5,1,0,8,0,0,0,8
03/18/2020,CKB,WV,AEA,CE,Combined TRACON& Tower with Radar,0,2,8,8,18,0,2,26,1,29,0,4,34,9,47,0,0,0,47
03/19/2020,CKB,WV,AEA,CE,Combined TRACON& Tower with Radar,2,2,7,8,19,0,0,0,0,0,2,2,7,8,19,0,0,0,19
03/20/2020,CKB,WV,AEA,CE,Combined TRACON& Tower with Radar,2,2,1,6,11,0,0,1,1,2,2,2,2,7,13,0,0,0,13
03/21/2020,CKB,WV,AEA,CE,Combined TRACON& Tower with Radar,0,0,2,0,2,0,0,5,0,5,0,0,7,0,7,0,0,0,7
03/22/2020,CKB,WV,AEA,CE,Combined TRACON& Tower with Radar,2,2,2,0,6,0,0,12,0,12,2,2,14,0,18,0,0,0,18
03/23/2020,CKB,WV,AEA,CE,Combined TRACON& Tower with Radar,2,1,8,8,19,0,2,0,0,2,2,3,8,8,21,0,0,0,21
03/24/2020,CKB,WV,AEA,CE,Combined TRACON& Tower with Radar,0,2,4,6,12,0,0,0,0,0,0,2,4,6,12,0,0,0,12
03/25/2020,CKB,WV,AEA,CE,Combined TRACON& Tower with Radar,2,3,0,12,17,0,0,0,0,0,2,3,0,12,17,0,0,0,17
03/26/2020,CKB,WV,AEA,CE,Combined TRACON& Tower with Radar,0,3,2,2,7,0,1,6,0,7,0,4,8,2,14,0,0,0,14
03/27/2020,CKB,WV,AEA,CE,Combined TRACON& Tower with Radar,0,4,5,2,11,0,2,1,0,3,0,6,6,2,14,0,0,0,14
03/28/2020,CKB,WV,AEA,CE,Combined TRACON& Tower with Radar,1,1,3,0,5,0,2,0,0,2,1,3,3,0,7,0,0,0,7
03/29/2020,CKB,WV,AEA,CE,Combined TRACON& Tower with Radar,0,3,0,0,3,0,0,0,0,0,0,3,0,0,3,0,0,0,3
03/30/2020,CKB,WV,AEA,CE,Combined TRACON& Tower with Radar,0,2,2,0,4,0,0,4,0,4,0,2,6,0,8,0,0,0,8
03/31/2020,CKB,WV,AEA,CE,Combined TRACON& Tower with Radar,0,3,0,4,7,0,0,1,0,1,0,3,1,4,8,0,4,4,12
04/01/2020,CKB,WV,AEA,CE,Combined TRACON& Tower with Radar,0,4,0,0,4,0,0,0,0,0,0,4,0,0,4,0,0,0,4
04/02/2020,CKB,WV,AEA,CE,Combined TRACON& Tower with Radar,0,6,4,9,19,0,6,0,1,7,0,12,4,10,26,0,12,12,38
04/03/2020,CKB,WV,AEA,CE,Combined TRACON& Tower with Radar,0,4,6,3,13,0,1,8,2,11,0,5,14,5,24,0,10,10,34
04/04/2020,CKB,WV,AEA,CE,Combined TRACON& Tower with Radar,0,2,4,0,6,0,0,27,0,27,0,2,31,0,33,0,0,0,33
04/05/2020,CKB,WV,AEA,CE,Combined TRACON& Tower with Radar,0,4,2,0,6,0,0,9,0,9,0,4,11,0,15,0,0,0,15
04/06/2020,CKB,WV,AEA,CE,Combined TRACON& Tower with Radar,1,7,5,4,17,0,5,9,0,14,1,12,14,4,31,10,6,16,47
04/07/2020,CKB,WV,AEA,CE,Combined TRACON& Tower with Radar,0,2,2,0,4,0,0,0,0,0,0,2,2,0,4,0,0,0,4
04/08/2020,CKB,WV,AEA,CE,Combined TRACON& Tower with Radar,2,3,2,5,12,0,0,5,1,6,2,3,7,6,18,0,0,0,18
04/09/2020,CKB,WV,AEA,CE,Combined TRACON& Tower with Radar,0,5,0,0,5,0,0,0,0,0,0,5,0,0,5,0,0,0,5
04/10/2020,CKB,WV,AEA,CE,Combined TRACON& Tower with Radar,0,3,0,0,3,0,0,0,0,0,0,3,0,0,3,0,0,0,3
04/11/2020,CKB,WV,AEA,CE,Combined TRACON& Tower with Radar,3,1,5,0,9,0,0,10,0,10,3,1,15,0,19,0,0,0,19
04/12/2020,CKB,WV,AEA,CE,Combined TRACON& Tower with Radar,0,3,0,0,3,0,2,10,0,12,0,5,10,0,15,0,0,0,15
04/13/2020,CKB,WV,AEA,CE,Combined TRACON& Tower with Radar,0,3,0,0,3,0,0,0,0,0,0,3,0,0,3,0,0,0,3
04/14/2020,CKB,WV,AEA,CE,Combined TRACON& Tower with Radar,0,1,5,0,6,0,0,2,0,2,0,1,7,0,8,0,0,0,8
04/15/2020,CKB,WV,AEA,CE,Combined TRACON& Tower with Radar,1,3,4,1,9,0,0,0,1,1,1,3,4,2,10,0,0,0,10
04/16/2020,CKB,WV,AEA,CE,Combined TRACON& Tower with Radar,0,3,4,4,11,0,4,3,0,7,0,7,7,4,18,0,18,18,36
04/17/2020,CKB,WV,AEA,CE,Combined TRACON& Tower with Radar,0,4,1,6,11,0,0,1,1,2,0,4,2,7,13,0,20,20,33
04/18/2020,CKB,WV,AEA,CE,Combined TRACON& Tower with Radar,1,1,1,0,3,0,0,2,0,2,1,1,3,0,5,0,0,0,5
04/19/2020,CKB,WV,AEA,CE,Combined TRACON& Tower with Radar,2,3,2,0,7,0,0,11,0,11,2,3,13,0,18,0,0,0,18
04/20/2020,CKB,WV,AEA,CE,Combined TRACON& Tower with Radar,2,3,4,4,13,0,0,5,0,5,2,3,9,4,18,0,0,0,18
04/21/2020,CKB,WV,AEA,CE,Combined TRACON& Tower with Radar,2,1,0,4,7,0,0,1,0,1,2,1,1,4,8,0,0,0,8
04/22/2020,CKB,WV,AEA,CE,Combined TRACON& Tower with Radar,0,1,2,5,8,0,0,14,0,14,0,1,16,5,22,0,0,0,22
04/23/2020,CKB,WV,AEA,CE,Combined TRACON& Tower with Radar,3,3,1,4,11,0,0,1,0,1,3,3,2,4,12,4,18,22,34
04/24/2020,CKB,WV,AEA,CE,Combined TRACON& Tower with Radar,0,3,7,0,10,0,0,0,0,0,0,3,7,0,10,0,0,0,10
04/25/2020,CKB,WV,AEA,CE,Combined TRACON& Tower with Radar,0,1,2,0,3,0,2,9,0,11,0,3,11,0,14,6,0,6,20
04/26/2020,CKB,WV,AEA,CE,Combined TRACON& Tower with Radar,0,3,2,0,5,0,0,0,0,0,0,3,2,0,5,0,0,0,5
04/27/2020,CKB,WV,AEA,CE,Combined TRACON& Tower with Radar,0,3,2,0,5,0,2,4,0,6,0,5,6,0,11,0,0,0,11
04/28/2020,CKB,WV,AEA,CE,Combined TRACON& Tower with Radar,0,2,4,4,10,0,2,0,0,2,0,4,4,4,12,0,0,0,12
04/29/2020,CKB,WV,AEA,CE,Combined TRACON& Tower with Radar,0,3,2,0,5,0,0,5,4,9,0,3,7,4,14,0,8,8,22
04/30/2020,CKB,WV,AEA,CE,Combined TRACON& Tower with Radar,1,5,2,8,16,0,0,0,0,0,1,5,2,8,16,0,0,0,16
05/01/2020,CKB,WV,AEA,CE,Combined TRACON& Tower with Radar,0,3,4,2,9,0,0,2,0,2,0,3,6,2,11,0,0,0,11
05/02/2020,CKB,WV,AEA,CE,Combined TRACON& Tower with Radar,0,1,6,3,10,0,1,11,0,12,0,2,17,3,22,18,0,18,40
05/03/2020,CKB,WV,AEA,CE,Combined TRACON& Tower with Radar,1,4,2,0,7,0,0,0,0,0,1,4,2,0,7,0,0,0,7
05/04/2020,CKB,WV,AEA,CE,Combined TRACON& Tower with Radar,0,4,5,4,13,0,2,9,1,12,0,6,14,5,25,0,0,0,25
05/05/2020,CKB,WV,AEA,CE,Combined TRACON& Tower with Radar,0,3,2,6,11,0,3,6,0,9,0,6,8,6,20,0,0,0,20
05/06/2020,CKB,WV,AEA,CE,Combined TRACON& Tower with Radar,1,3,8,5,17,0,0,0,0,0,1,3,8,5,17,0,0,0,17
05/07/2020,CKB,WV,AEA,CE,Combined TRACON& Tower with Radar,0,4,7,6,17,0,0,11,2,13,0,4,18,8,30,0,0,0,30
05/08/2020,CKB,WV,AEA,CE,Combined TRACON& Tower with Radar,1,10,0,0,11,0,0,0,0,0,1,10,0,0,11,0,0,0,11
05/09/2020,CKB,WV,AEA,CE,Combined TRACON& Tower with Radar,2,2,0,0,4,0,2,4,0,6,2,4,4,0,10,0,0,0,10
05/10/2020,CKB,WV,AEA,CE,Combined TRACON& Tower with Radar,2,5,6,0,13,0,1,5,0,6,2,6,11,0,19,0,0,0,19
05/11/2020,CKB,WV,AEA,CE,Combined TRACON& Tower with Radar,2,5,3,9,19,0,0,0,0,0,2,5,3,9,19,0,0,0,19
05/12/2020,CKB,WV,AEA,CE,Combined TRACON& Tower with Radar,0,2,10,8,20,0,0,5,0,5,0,2,15,8,25,0,0,0,25
05/13/2020,CKB,WV,AEA,CE,Combined TRACON& Tower with Radar,0,5,21,6,32,0,0,16,0,16,0,5,37,6,48,10,10,20,68
05/14/2020,CKB,WV,AEA,CE,Combined TRACON& Tower with Radar,4,4,6,3,17,0,1,4,1,6,4,5,10,4,23,24,0,24,47
05/15/2020,CKB,WV,AEA,CE,Combined TRACON& Tower with Radar,0,5,1,2,8,0,0,3,2,5,0,5,4,4,13,0,0,0,13
05/16/2020,CKB,WV,AEA,CE,Combined TRACON& Tower with Radar,0,2,2,0,4,0,2,4,1,7,0,4,6,1,11,20,0,20,31
05/17/2020,CKB,WV,AEA,CE,Combined TRACON& Tower with Radar,3,4,7,0,14,0,0,4,1,5,3,4,11,1,19,0,0,0,19
05/18/2020,CKB,WV,AEA,CE,Combined TRACON& Tower with Radar,2,6,6,6,20,0,3,3,4,10,2,9,9,10,30,0,0,0,30
05/19/2020,CKB,WV,AEA,CE,Combined TRACON& Tower with Radar,0,3,0,11,14,0,2,0,0,2,0,5,0,11,16,0,8,8,24
05/20/2020,CKB,WV,AEA,CE,Combined TRACON& Tower with Radar,0,5,5,22,32,0,0,1,1,2,0,5,6,23,34,0,0,0,34
05/21/2020,CKB,WV,AEA,CE,Combined TRACON& Tower with Radar,3,6,3,6,18,0,1,0,0,1,3,7,3,6,19,0,0,0,19
05/22/2020,CKB,WV,AEA,CE,Combined TRACON& Tower with Radar,1,3,6,0,10,0,0,2,1,3,1,3,8,1,13,0,0,0,13
05/23/2020,CKB,WV,AEA,CE,Combined TRACON& Tower with Radar,0,1,2,0,3,0,0,10,0,10,0,1,12,0,13,0,0,0,13
05/24/2020,CKB,WV,AEA,CE,Combined TRACON& Tower with Radar,2,4,2,0,8,0,0,4,0,4,2,4,6,0,12,0,0,0,12
05/25/2020,CKB,WV,AEA,CE,Combined TRACON& Tower with Radar,0,3,3,0,6,0,0,5,0,5,0,3,8,0,11,0,0,0,11
05/26/2020,CKB,WV,AEA,CE,Combined TRACON& Tower with Radar,0,2,19,1,22,0,0,16,0,16,0,2,35,1,38,0,0,0,38
05/27/2020,CKB,WV,AEA,CE,Combined TRACON& Tower with Radar,0,3,4,0,7,0,2,15,0,17,0,5,19,0,24,0,0,0,24
05/28/2020,CKB,WV,AEA,CE,Combined TRACON& Tower with Radar,2,4,2,0,8,0,0,0,0,0,2,4,2,0,8,28,0,28,36
05/29/2020,CKB,WV,AEA,CE,Combined TRACON& Tower with Radar,0,3,0,2,5,0,0,3,1,4,0,3,3,3,9,0,0,0,9
05/30/2020,CKB,WV,AEA,CE,Combined TRACON& Tower with Radar,0,3,4,2,9,0,3,6,1,10,0,6,10,3,19,0,0,0,19
05/31/2020,CKB,WV,AEA,CE,Combined TRACON& Tower with Radar,4,4,9,0,17,0,2,8,1,11,4,6,17,1,28,18,0,18,46
06/01/2020,CKB,WV,AEA,CE,Combined TRACON& Tower with Radar,1,5,19,22,47,0,4,35,0,39,1,9,54,22,86,68,12,80,166
06/02/2020,CKB,WV,AEA,CE,Combined TRACON& Tower with Radar,0,2,9,12,23,0,0,26,2,28,0,2,35,14,51,18,4,22,73
06/03/2020,CKB,WV,AEA,CE,Combined TRACON& Tower with Radar,1,3,9,9,22,0,2,12,4,18,1,5,21,13,40,16,0,16,56
06/04/2020,CKB,WV,AEA,CE,Combined TRACON& Tower with Radar,4,5,6,8,23,0,0,23,2,25,4,5,29,10,48,38,18,56,104
06/05/2020,CKB,WV,AEA,CE,Combined TRACON& Tower with Radar,2,3,14,4,23,0,4,1,0,5,2,7,15,4,28,0,0,0,28
06/06/2020,CKB,WV,AEA,CE,Combined TRACON& Tower with Radar,1,2,8,1,12,0,0,7,1,8,1,2,15,2,20,0,0,0,20
06/07/2020,CKB,WV,AEA,CE,Combined TRACON& Tower with Radar,2,3,7,0,12,0,3,22,0,25,2,6,29,0,37,0,0,0,37
06/08/2020,CKB,WV,AEA,CE,Combined TRACON& Tower with Radar,2,6,13,0,21,0,3,43,2,48,2,9,56,2,69,0,0,0,69
06/09/2020,CKB,WV,AEA,CE,Combined TRACON& Tower with Radar,0,3,4,9,16,0,2,37,2,41,0,5,41,11,57,12,2,14,71
06/10/2020,CKB,WV,AEA,CE,Combined TRACON& Tower with Radar,0,5,13,4,22,0,2,11,2,15,0,7,24,6,37,0,0,0,37
06/11/2020,CKB,WV,AEA,CE,Combined TRACON& Tower with Radar,4,11,24,4,43,0,2,22,0,24,4,13,46,4,67,26,0,26,93
06/12/2020,CKB,WV,AEA,CE,Combined TRACON& Tower with Radar,4,4,7,2,17,0,2,37,1,40,4,6,44,3,57,24,0,24,81
06/13/2020,CKB,WV,AEA,CE,Combined TRACON& Tower with Radar,0,3,22,0,25,0,0,13,1,14,0,3,35,1,39,0,0,0,39
06/14/2020,CKB,WV,AEA,CE,Combined TRACON& Tower with Radar,2,4,3,0,9,0,0,0,0,0,2,4,3,0,9,0,0,0,9
06/15/2020,CKB,WV,AEA,CE,Combined TRACON& Tower with Radar,2,5,22,4,33,0,2,36,0,38,2,7,58,4,71,30,0,30,101
06/16/2020,CKB,WV,AEA,CE,Combined TRACON& Tower with Radar,0,6,13,4,23,0,0,32,0,32,0,6,45,4,55,10,0,10,65
06/17/2020,CKB,WV,AEA,CE,Combined TRACON& Tower with Radar,0,5,6,8,19,0,2,17,0,19,0,7,23,8,38,22,16,38,76
06/18/2020,CKB,WV,AEA,CE,Combined TRACON& Tower with Radar,2,5,9,2,18,0,2,0,0,2,2,7,9,2,20,0,0,0,20
06/19/2020,CKB,WV,AEA,CE,Combined TRACON& Tower with Radar,4,3,8,1,16,0,2,0,0,2,4,5,8,1,18,0,0,0,18
06/20/2020,CKB,WV,AEA,CE,Combined TRACON& Tower with Radar,2,2,2,0,6,0,0,5,0,5,2,2,7,0,11,0,0,0,11
06/21/2020,CKB,WV,AEA,CE,Combined TRACON& Tower with Radar,2,4,11,1,18,0,0,6,0,6,2,4,17,1,24,18,0,18,42
06/22/2020,CKB,WV,AEA,CE,Combined TRACON& Tower with Radar,2,5,14,7,28,0,1,16,2,19,2,6,30,9,47,10,0,10,57
06/23/2020,CKB,WV,AEA,CE,Combined TRACON& Tower with Radar,0,5,8,1,14,0,2,15,0,17,0,7,23,1,31,0,0,0,31
06/24/2020,CKB,WV,AEA,CE,Combined TRACON& Tower with Radar,0,8,15,6,29,0,0,30,2,32,0,8,45,8,61,21,8,29,90
06/25/2020,CKB,WV,AEA,CE,Combined TRACON& Tower with Radar,2,8,8,2,20,0,3,24,0,27,2,11,32,2,47,14,0,14,61
06/26/2020,CKB,WV,AEA,CE,Combined TRACON& Tower with Radar,2,6,15,5,28,0,0,28,0,28,2,6,43,5,56,0,0,0,56
06/27/2020,CKB,WV,AEA,CE,Combined TRACON& Tower with Radar,0,2,6,0,8,0,0,2,0,2,0,2,8,0,10,0,0,0,10
06/28/2020,CKB,WV,AEA,CE,Combined TRACON& Tower with Radar,2,3,12,0,17,0,0,5,0,5,2,3,17,0,22,10,0,10,32
06/29/2020,CKB,WV,AEA,CE,Combined TRACON& Tower with Radar,2,4,12,5,23,0,2,18,0,20,2,6,30,5,43,30,0,30,73
06/30/2020,CKB,WV,AEA,CE,Combined TRACON& Tower with Radar,0,4,10,5,19,0,0,34,0,34,0,4,44,5,53,28,0,28,81
07/01/2020,CKB,WV,AEA,CE,Combined TRACON& Tower with Radar,0,5,6,2,13,0,1,25,0,26,0,6,31,2,39,0,0,0,39
07/02/2020,CKB,WV,AEA,CE,Combined TRACON& Tower with Radar,2,5,12,2,21,0,2,43,4,49,2,7,55,6,70,16,0,16,86
07/03/2020,CKB,WV,AEA,CE,Combined TRACON& Tower with Radar,2,3,4,0,9,0,0,10,2,12,2,3,14,2,21,0,0,0,21
07/04/2020,CKB,WV,AEA,CE,Combined TRACON& Tower with Radar,0,3,7,0,10,0,0,10,0,10,0,3,17,0,20,0,0,0,20
07/05/2020,CKB,WV,AEA,CE,Combined TRACON& Tower with Radar,3,4,4,0,11,0,0,9,0,9,3,4,13,0,20,0,0,0,20
07/06/2020,CKB,WV,AEA,CE,Combined TRACON& Tower with Radar,2,4,12,4,22,0,0,32,3,35,2,4,44,7,57,6,0,6,63
07/07/2020,CKB,WV,AEA,CE,Combined TRACON& Tower with Radar,2,2,5,5,14,0,3,16,1,20,2,5,21,6,34,62,11,73,107
07/08/2020,CKB,WV,AEA,CE,Combined TRACON& Tower with Radar,0,4,9,8,21,0,0,25,0,25,0,4,34,8,46,56,28,84,130
07/09/2020,CKB,WV,AEA,CE,Combined TRACON& Tower with Radar,2,5,9,3,19,0,3,26,0,29,2,8,35,3,48,51,16,67,115
07/10/2020,CKB,WV,AEA,CE,Combined TRACON& Tower with Radar,2,7,2,2,13,0,2,27,2,31,2,9,29,4,44,0,6,6,50
07/11/2020,CKB,WV,AEA,CE,Combined TRACON& Tower with Radar,4,2,4,0,10,0,2,1,0,3,4,4,5,0,13,0,0,0,13
07/12/2020,CKB,WV,AEA,CE,Combined TRACON& Tower with Radar,2,5,3,0,10,0,0,23,0,23,2,5,26,0,33,0,0,0,33
07/13/2020,CKB,WV,AEA,CE,Combined TRACON& Tower with Radar,2,4,13,2,21,0,0,8,0,8,2,4,21,2,29,0,0,0,29
07/14/2020,CKB,WV,AEA,CE,Combined TRACON& Tower with Radar,1,4,4,9,18,0,3,26,0,29,1,7,30,9,47,24,0,24,71
07/15/2020,CKB,WV,AEA,CE,Combined TRACON& Tower with Radar,1,7,12,10,30,0,0,27,2,29,1,7,39,12,59,12,0,12,71
07/16/2020,CKB,WV,AEA,CE,Combined TRACON& Tower with Radar,2,4,7,14,27,0,2,12,0,14,2,6,19,14,41,0,0,0,41
07/17/2020,CKB,WV,AEA,CE,Combined TRACON& Tower with Radar,4,6,10,11,31,0,2,2,0,4,4,8,12,11,35,0,0,0,35
07/18/2020,CKB,WV,AEA,CE,Combined TRACON& Tower with Radar,1,2,4,2,9,0,0,26,2,28,1,2,30,4,37,18,0,18,55
07/19/2020,CKB,WV,AEA,CE,Combined TRACON& Tower with Radar,2,3,8,0,13,0,0,5,0,5,2,3,13,0,18,0,0,0,18
07/20/2020,CKB,WV,AEA,CE,Combined TRACON& Tower with Radar,2,7,18,12,39,0,2,11,0,13,2,9,29,12,52,24,0,24,76
07/21/2020,CKB,WV,AEA,CE,Combined TRACON& Tower with Radar,0,6,10,15,31,0,2,15,1,18,0,8,25,16,49,20,0,20,69
07/22/2020,CKB,WV,AEA,CE,Combined TRACON& Tower with Radar,0,5,6,9,20,0,5,2,0,7,0,10,8,9,27,42,0,42,69
07/23/2020,CKB,WV,AEA,CE,Combined TRACON& Tower with Radar,3,6,27,10,46,0,2,5,0,7,3,8,32,10,53,6,0,6,59
07/24/2020,CKB,WV,AEA,CE,Combined TRACON& Tower with Radar,3,6,17,2,28,0,5,3,0,8,3,11,20,2,36,0,0,0,36
07/25/2020,CKB,WV,AEA,CE,Combined TRACON& Tower with Radar,0,5,10,1,16,0,4,20,1,25,0,9,30,2,41,10,0,10,51
07/26/2020,CKB,WV,AEA,CE,Combined TRACON& Tower with Radar,5,3,9,0,17,0,8,19,0,27,5,11,28,0,44,0,0,0,44
07/27/2020,CKB,WV,AEA,CE,Combined TRACON& Tower with Radar,3,4,28,0,35,0,0,4,0,4,3,4,32,0,39,24,0,24,63
07/28/2020,CKB,WV,AEA,CE,Combined TRACON& Tower with Radar,1,5,14,15,35,0,7,5,1,13,1,12,19,16,48,0,0,0,48
07/29/2020,CKB,WV,AEA,CE,Combined TRACON& Tower with Radar,0,5,7,0,12,0,5,26,1,32,0,10,33,1,44,30,0,30,74
07/30/2020,CKB,WV,AEA,CE,Combined TRACON& Tower with Radar,2,4,20,2,28,0,0,12,0,12,2,4,32,2,40,6,0,6,46
07/31/2020,CKB,WV,AEA,CE,Combined TRACON& Tower with Radar,4,4,5,0,13,0,0,1,0,1,4,4,6,0,14,0,0,0,14
08/01/2020,CKB,WV,AEA,CE,Combined TRACON& Tower with Radar,2,2,15,2,21,0,0,3,1,4,2,2,18,3,25,0,0,0,25
08/02/2020,CKB,WV,AEA,CE,Combined TRACON& Tower with Radar,5,6,5,0,16,0,2,7,0,9,5,8,12,0,25,0,0,0,25
08/03/2020,CKB,WV,AEA,CE,Combined TRACON& Tower with Radar,2,7,15,15,39,0,0,14,1,15,2,7,29,16,54,0,0,0,54
08/04/2020,CKB,WV,AEA,CE,Combined TRACON& Tower with Radar,1,4,5,12,22,0,2,12,0,14,1,6,17,12,36,0,0,0,36
08/05/2020,CKB,WV,AEA,CE,Combined TRACON& Tower with Radar,2,12,26,14,54,0,0,18,2,20,2,12,44,16,74,10,0,10,84
08/06/2020,CKB,WV,AEA,CE,Combined TRACON& Tower with Radar,4,4,3,15,26,0,2,11,1,14,4,6,14,16,40,19,22,41,81
08/07/2020,CKB,WV,AEA,CE,Combined TRACON& Tower with Radar,4,6,11,20,41,0,2,6,1,9,4,8,17,21,50,42,22,64,114
08/08/2020,CKB,WV,AEA,CE,Combined TRACON& Tower with Radar,1,1,6,12,20,0,0,14,2,16,1,1,20,14,36,0,12,12,48
08/09/2020,CKB,WV,AEA,CE,Combined TRACON& Tower with Radar,2,7,5,0,14,0,4,14,0,18,2,11,19,0,32,12,0,12,44
08/10/2020,CKB,WV,AEA,CE,Combined TRACON& Tower with Radar,2,5,19,18,44,0,0,16,0,16,2,5,35,18,60,2,0,2,62
08/11/2020,CKB,WV,AEA,CE,Combined TRACON& Tower with Radar,2,9,19,16,46,0,3,16,0,19,2,12,35,16,65,0,0,0,65
08/12/2020,CKB,WV,AEA,CE,Combined TRACON& Tower with Radar,0,7,11,16,34,0,0,16,2,18,0,7,27,18,52,2,0,2,54
08/13/2020,CKB,WV,AEA,CE,Combined TRACON& Tower with Radar,2,5,4,2,13,0,2,23,0,25,2,7,27,2,38,6,0,6,44
08/14/2020,CKB,WV,AEA,CE,Combined TRACON& Tower with Radar,3,11,13,7,34,0,0,23,0,23,3,11,36,7,57,0,0,0,57
08/15/2020,CKB,WV,AEA,CE,Combined TRACON& Tower with Radar,1,2,2,0,5,0,0,0,0,0,1,2,2,0,5,0,0,0,5
08/16/2020,CKB,WV,AEA,CE,Combined TRACON& Tower with Radar,2,5,16,0,23,0,1,4,0,5,2,6,20,0,28,0,0,0,28
08/17/2020,CKB,WV,AEA,CE,Combined TRACON& Tower with Radar,2,5,18,10,35,0,2,12,2,16,2,7,30,12,51,0,14,14,65
08/18/2020,CKB,WV,AEA,CE,Combined TRACON& Tower with Radar,0,8,5,7,20,0,1,3,3,7,0,9,8,10,27,1,48,49,76
08/19/2020,CKB,WV,AEA,CE,Combined TRACON& Tower with Radar,2,10,5,13,30,0,0,20,1,21,2,10,25,14,51,3,14,17,68
08/20/2020,CKB,WV,AEA,CE,Combined TRACON& Tower with Radar,0,6,12,12,30,0,0,23,0,23,0,6,35,12,53,11,24,35,88
08/21/2020,CKB,WV,AEA,CE,Combined TRACON& Tower with Radar,2,5,11,5,23,0,1,6,3,10,2,6,17,8,33,8,14,22,55
08/22/2020,CKB,WV,AEA,CE,Combined TRACON& Tower with Radar,1,2,5,0,8,0,0,2,0,2,1,2,7,0,10,0,0,0,10
08/23/2020,CKB,WV,AEA,CE,Combined TRACON& Tower with Radar,0,5,16,0,21,0,0,6,0,6,0,5,22,0,27,6,0,6,33
08/24/2020,CKB,WV,AEA,CE,Combined TRACON& Tower with Radar,0,5,14,8,27,0,0,21,5,26,0,5,35,13,53,0,0,0,53
08/25/2020,CKB,WV,AEA,CE,Combined TRACON& Tower with Radar,0,2,4,11,17,0,2,1,2,5,0,4,5,13,22,0,18,18,40
08/26/2020,CKB,WV,AEA,CE,Combined TRACON& Tower with Radar,1,6,5,11,23,0,0,22,0,22,1,6,27,11,45,44,2,46,91
08/27/2020,CKB,WV,AEA,CE,Combined TRACON& Tower with Radar,0,4,10,11,25,0,0,8,0,8,0,4,18,11,33,13,0,13,46
08/28/2020,CKB,WV,AEA,CE,Combined TRACON& Tower with Radar,2,4,5,8,19,0,4,2,0,6,2,8,7,8,25,16,18,34,59
08/29/2020,CKB,WV,AEA,CE,Combined TRACON& Tower with Radar,1,6,1,0,8,0,0,0,0,0,1,6,1,0,8,0,0,0,8
08/30/2020,CKB,WV,AEA,CE,Combined TRACON& Tower with Radar,0,4,9,1,14,0,0,14,0,14,0,4,23,1,28,0,0,0,28
08/31/2020,CKB,WV,AEA,CE,Combined TRACON& Tower with Radar,1,5,9,2,17,0,0,0,0,0,1,5,9,2,17,0,0,0,17
09/01/2020,CKB,WV,AEA,CE,Combined TRACON& Tower with Radar,2,6,13,16,37,0,3,18,5,26,2,9,31,21,63,62,12,74,137
09/02/2020,CKB,WV,AEA,CE,Combined TRACON& Tower with Radar,0,5,4,10,19,0,0,1,8,9,0,5,5,18,28,0,4,4,32
09/03/2020,CKB,WV,AEA,CE,Combined TRACON& Tower with Radar,0,7,2,0,9,0,0,0,0,0,0,7,2,0,9,0,0,0,9
09/04/2020,CKB,WV,AEA,CE,Combined TRACON& Tower with Radar,0,4,14,16,34,0,0,10,1,11,0,4,24,17,45,8,0,8,53
09/05/2020,CKB,WV,AEA,CE,Combined TRACON& Tower with Radar,0,2,13,0,15,0,3,12,0,15,0,5,25,0,30,0,0,0,30
09/06/2020,CKB,WV,AEA,CE,Combined TRACON& Tower with Radar,1,5,7,0,13,0,0,15,0,15,1,5,22,0,28,0,0,0,28
09/07/2020,CKB,WV,AEA,CE,Combined TRACON& Tower with Radar,0,5,13,0,18,0,6,13,1,20,0,11,26,1,38,30,0,30,68
09/08/2020,CKB,WV,AEA,CE,Combined TRACON& Tower with Radar,4,6,19,12,41,0,0,31,3,34,4,6,50,15,75,57,4,61,136
09/09/2020,CKB,WV,AEA,CE,Combined TRACON& Tower with Radar,0,7,24,11,42,0,0,38,6,44,0,7,62,17,86,38,19,57,143
09/10/2020,CKB,WV,AEA,CE,Combined TRACON& Tower with Radar,0,4,16,14,34,0,0,21,0,21,0,4,37,14,55,24,0,24,79
09/11/2020,CKB,WV,AEA,CE,Combined TRACON& Tower with Radar,1,4,10,22,37,0,0,7,2,9,1,4,17,24,46,0,0,0,46
09/12/2020,CKB,WV,AEA,CE,Combined TRACON& Tower with Radar,0,2,13,0,15,0,0,10,0,10,0,2,23,0,25,12,0,12,37
09/13/2020,CKB,WV,AEA,CE,Combined TRACON& Tower with Radar,0,5,8,3,16,0,0,5,0,5,0,5,13,3,21,0,0,0,21
09/14/2020,CKB,WV,AEA,CE,Combined TRACON& Tower with Radar,3,4,15,20,42,0,0,18,2,20,3,4,33,22,62,12,4,16,78
09/15/2020,CKB,WV,AEA,CE,Combined TRACON& Tower with Radar,1,5,12,8,26,0,1,23,0,24,1,6,35,8,50,13,0,13,63
09/16/2020,CKB,WV,AEA,CE,Combined TRACON& Tower with Radar,2,8,7,15,32,0,0,30,1,31,2,8,37,16,63,88,2,90,153
09/17/2020,CKB,WV,AEA,CE,Combined TRACON& Tower with Radar,1,4,9,13,27,0,0,18,0,18,1,4,27,13,45,20,3,23,68
09/18/2020,CKB,WV,AEA,CE,Combined TRACON& Tower with Radar,3,4,14,14,35,0,0,3,0,3,3,4,17,14,38,0,0,0,38
09/19/2020,CKB,WV,AEA,CE,Combined TRACON& Tower with Radar,2,2,11,0,15,0,0,25,0,25,2,2,36,0,40,0,0,0,40
09/20/2020,CKB,WV,AEA,CE,Combined TRACON& Tower with Radar,0,4,12,1,17,0,0,21,0,21,0,4,33,1,38,0,0,0,38
09/21/2020,CKB,WV,AEA,CE,Combined TRACON& Tower with Radar,2,4,10,10,26,0,2,22,0,24,2,6,32,10,50,45,0,45,95
09/22/2020,CKB,WV,AEA,CE,Combined TRACON& Tower with Radar,0,8,11,6,25,0,1,43,2,46,0,9,54,8,71,50,4,54,125
09/23/2020,CKB,WV,AEA,CE,Combined TRACON& Tower with Radar,0,6,7,10,23,0,4,42,1,47,0,10,49,11,70,36,2,38,108
09/24/2020,CKB,WV,AEA,CE,Combined TRACON& Tower with Radar,0,5,13,3,21,0,1,25,1,27,0,6,38,4,48,24,0,24,72
09/25/2020,CKB,WV,AEA,CE,Combined TRACON& Tower with Radar,4,5,11,6,26,0,0,27,0,27,4,5,38,6,53,32,0,32,85
09/26/2020,CKB,WV,AEA,CE,Combined TRACON& Tower with Radar,0,5,3,1,9,0,0,13,0,13,0,5,16,1,22,0,0,0,22
09/27/2020,CKB,WV,AEA,CE,Combined TRACON& Tower with Radar,0,7,11,0,18,0,2,8,0,10,0,9,19,0,28,16,0,16,44
09/28/2020,CKB,WV,AEA,CE,Combined TRACON& Tower with Radar,2,16,8,4,30,0,0,25,0,25,2,16,33,4,55,48,28,76,131
09/29/2020,CKB,WV,AEA,CE,Combined TRACON& Tower with Radar,5,8,12,0,25,0,0,0,0,0,5,8,12,0,25,0,0,0,25
09/30/2020,CKB,WV,AEA,CE,Combined TRACON& Tower with Radar,0,8,10,0,18,0,1,4,0,5,0,9,14,0,23,0,0,0,23
10/01/2020,CKB,WV,AEA,CE,Combined TRACON& Tower with Radar,0,7,23,2,32,0,0,28,4,32,0,7,51,6,64,20,12,32,96
10/02/2020,CKB,WV,AEA,CE,Combined TRACON& Tower with Radar,5,8,12,24,49,0,3,5,0,8,5,11,17,24,57,2,0,2,59
10/03/2020,CKB,WV,AEA,CE,Combined TRACON& Tower with Radar,3,5,4,0,12,0,2,23,0,25,3,7,27,0,37,12,0,12,49
10/04/2020,CKB,WV,AEA,CE,Combined TRACON& Tower with Radar,4,6,11,0,21,0,0,4,0,4,4,6,15,0,25,0,0,0,25
10/05/2020,CKB,WV,AEA,CE,Combined TRACON& Tower with Radar,5,12,15,0,32,0,2,18,0,20,5,14,33,0,52,20,32,52,104
10/06/2020,CKB,WV,AEA,CE,Combined TRACON& Tower with Radar,0,12,14,1,27,0,2,30,9,41,0,14,44,10,68,32,38,70,138
10/07/2020,CKB,WV,AEA,CE,Combined TRACON& Tower with Radar,2,11,5,1,19,0,3,13,1,17,2,14,18,2,36,2,0,2,38
10/08/2020,CKB,WV,AEA,CE,Combined TRACON& Tower with Radar,2,15,6,0,23,0,1,37,2,40,2,16,43,2,63,24,0,24,87
10/09/2020,CKB,WV,AEA,CE,Combined TRACON& Tower with Radar,2,14,11,0,27,0,4,25,0,29,2,18,36,0,56,78,0,78,134
10/10/2020,CKB,WV,AEA,CE,Combined TRACON& Tower with Radar,0,2,4,0,6,0,0,5,0,5,0,2,9,0,11,0,0,0,11
10/11/2020,CKB,WV,AEA,CE,Combined TRACON& Tower with Radar,0,4,3,0,7,0,0,0,0,0,0,4,3,0,7,0,0,0,7
10/12/2020,CKB,WV,AEA,CE,Combined TRACON& Tower with Radar,6,4,20,0,30,0,1,25,0,26,6,5,45,0,56,35,0,35,91
10/13/2020,CKB,WV,AEA,CE,Combined TRACON& Tower with Radar,1,12,15,9,37,0,2,15,3,20,1,14,30,12,57,32,14,46,103
10/14/2020,CKB,WV,AEA,CE,Combined TRACON& Tower with Radar,2,17,17,10,46,0,0,36,2,38,2,17,53,12,84,36,2,38,122
10/15/2020,CKB,WV,AEA,CE,Combined TRACON& Tower with Radar,0,11,9,2,22,0,1,5,0,6,0,12,14,2,28,20,0,20,48
10/16/2020,CKB,WV,AEA,CE,Combined TRACON& Tower with Radar,3,10,7,2,22,0,3,3,1,7,3,13,10,3,29,22,0,22,51
10/17/2020,CKB,WV,AEA,CE,Combined TRACON& Tower with Radar,1,3,11,2,17,0,4,19,3,26,1,7,30,5,43,12,6,18,61
10/18/2020,CKB,WV,AEA,CE,Combined TRACON& Tower with Radar,1,4,10,2,17,0,2,9,0,11,1,6,19,2,28,12,0,12,40
10/19/2020,CKB,WV,AEA,CE,Combined TRACON& Tower with Radar,3,12,10,5,30,0,10,11,1,22,3,22,21,6,52,50,12,62,114
10/20/2020,CKB,WV,AEA,CE,Combined TRACON& Tower with Radar,6,11,6,5,28,0,0,3,0,3,6,11,9,5,31,60,6,66,97
10/21/2020,CKB,WV,AEA,CE,Combined TRACON& Tower with Radar,1,9,10,13,33,0,5,21,1,27,1,14,31,14,60,83,12,95,155
10/22/2020,CKB,WV,AEA,CE,Combined TRACON& Tower with Radar,1,19,14,4,38,0,25,8,4,37,1,44,22,8,75,39,8,47,122
10/23/2020,CKB,WV,AEA,CE,Combined TRACON& Tower with Radar,7,8,8,0,23,0,23,8,2,33,7,31,16,2,56,26,0,26,82
10/24/2020,CKB,WV,AEA,CE,Combined TRACON& Tower with Radar,0,3,6,0,9,0,0,0,0,0,0,3,6,0,9,0,0,0,9
10/25/2020,CKB,WV,AEA,CE,Combined TRACON& Tower with Radar,0,5,15,0,20,0,0,0,0,0,0,5,15,0,20,0,0,0,20
10/26/2020,CKB,WV,AEA,CE,Combined TRACON& Tower with Radar,4,5,8,11,28,0,8,5,2,15,4,13,13,13,43,24,0,24,67
10/27/2020,CKB,WV,AEA,CE,Combined TRACON& Tower with Radar,0,4,12,13,29,0,0,2,1,3,0,4,14,14,32,8,0,8,40
10/28/2020,CKB,WV,AEA,CE,Combined TRACON& Tower with Radar,0,4,6,10,20,0,0,0,0,0,0,4,6,10,20,0,0,0,20
10/29/2020,CKB,WV,AEA,CE,Combined TRACON& Tower with Radar,1,5,3,0,9,0,0,0,0,0,1,5,3,0,9,0,0,0,9
10/30/2020,CKB,WV,AEA,CE,Combined TRACON& Tower with Radar,5,4,2,8,19,0,0,0,0,0,5,4,2,8,19,0,0,0,19
10/31/2020,CKB,WV,AEA,CE,Combined TRACON& Tower with Radar,3,2,13,0,18,0,4,21,0,25,3,6,34,0,43,11,0,11,54
11/01/2020,CKB,WV,AEA,CE,Combined TRACON& Tower with Radar,0,4,0,0,4,0,2,1,0,3,0,6,1,0,7,0,0,0,7
11/02/2020,CKB,WV,AEA,CE,Combined TRACON& Tower with Radar,2,5,7,6,20,0,0,3,0,3,2,5,10,6,23,0,0,0,23
11/03/2020,CKB,WV,AEA,CE,Combined TRACON& Tower with Radar,0,2,8,4,14,0,14,13,2,29,0,16,21,6,43,44,40,84,127
11/04/2020,CKB,WV,AEA,CE,Combined TRACON& Tower with Radar,0,4,17,6,27,0,25,9,6,40,0,29,26,12,67,47,12,59,126
11/05/2020,CKB,WV,AEA,CE,Combined TRACON& Tower with Radar,0,6,8,9,23,0,18,8,4,30,0,24,16,13,53,98,34,132,185
11/06/2020,CKB,WV,AEA,CE,Combined TRACON& Tower with Radar,4,10,17,6,37,0,27,11,3,41,4,37,28,9,78,6,4,10,88
11/07/2020,CKB,WV,AEA,CE,Combined TRACON& Tower with Radar,4,4,14,0,22,0,4,11,0,15,4,8,25,0,37,6,0,6,43
11/08/2020,CKB,WV,AEA,CE,Combined TRACON& Tower with Radar,2,4,10,0,16,0,6,15,0,21,2,10,25,0,37,2,0,2,39
11/09/2020,CKB,WV,AEA,CE,Combined TRACON& Tower with Radar,2,7,14,16,39,0,29,8,0,37,2,36,22,16,76,49,24,73,149
11/10/2020,CKB,WV,AEA,CE,Combined TRACON& Tower with Radar,3,7,17,7,34,0,18,19,5,42,3,25,36,12,76,48,10,58,134
11/11/2020,CKB,WV,AEA,CE,Combined TRACON& Tower with Radar,0,6,1,2,9,0,0,1,0,1,0,6,2,2,10,0,0,0,10
11/12/2020,CKB,WV,AEA,CE,Combined TRACON& Tower with Radar,0,6,9,9,24,0,2,8,0,10,0,8,17,9,34,14,0,14,48
11/13/2020,CKB,WV,AEA,CE,Combined TRACON& Tower with Radar,4,6,7,6,23,0,4,9,0,13,4,10,16,6,36,0,0,0,36
11/14/2020,CKB,WV,AEA,CE,Combined TRACON& Tower with Radar,2,2,8,0,12,0,6,23,0,29,2,8,31,0,41,16,0,16,57
11/15/2020,CKB,WV,AEA,CE,Combined TRACON& Tower with Radar,0,4,0,0,4,0,0,0,0,0,0,4,0,0,4,0,0,0,4
11/16/2020,CKB,WV,AEA,CE,Combined TRACON& Tower with Radar,4,5,12,2,23,0,4,3,1,8,4,9,15,3,31,0,0,0,31
11/17/2020,CKB,WV,AEA,CE,Combined TRACON& Tower with Radar,0,4,1,0,5,0,0,1,2,3,0,4,2,2,8,0,0,0,8
11/18/2020,CKB,WV,AEA,CE,Combined TRACON& Tower with Radar,0,7,6,20,33,0,18,5,5,28,0,25,11,25,61,76,30,106,167
11/19/2020,CKB,WV,AEA,CE,Combined TRACON& Tower with Radar,0,7,7,7,21,0,28,11,13,52,0,35,18,20,73,14,5,19,92
11/20/2020,CKB,WV,AEA,CE,Combined TRACON& Tower with Radar,2,11,9,5,27,0,9,13,3,25,2,20,22,8,52,0,4,4,56
11/21/2020,CKB,WV,AEA,CE,Combined TRACON& Tower with Radar,0,2,12,2,16,0,0,1,0,1,0,2,13,2,17,0,0,0,17
11/22/2020,CKB,WV,AEA,CE,Combined TRACON& Tower with Radar,2,6,7,0,15,0,0,5,0,5,2,6,12,0,20,6,0,6,26
11/23/2020,CKB,WV,AEA,CE,Combined TRACON& Tower with Radar,5,4,9,0,18,0,2,0,0,2,5,6,9,0,20,0,0,0,20
11/24/2020,CKB,WV,AEA,CE,Combined TRACON& Tower with Radar,2,5,7,2,16,0,3,10,0,13,2,8,17,2,29,8,8,16,45
11/25/2020,CKB,WV,AEA,CE,Combined TRACON& Tower with Radar,1,6,5,0,12,0,0,4,0,4,1,6,9,0,16,0,0,0,16
11/26/2020,CKB,WV,AEA,CE,Combined TRACON& Tower with Radar,0,2,0,0,2,0,0,0,0,0,0,2,0,0,2,0,0,0,2
11/27/2020,CKB,WV,AEA,CE,Combined TRACON& Tower with Radar,5,2,5,0,12,0,0,5,0,5,5,2,10,0,17,16,0,16,33
11/28/2020,CKB,WV,AEA,CE,Combined TRACON& Tower with Radar,1,4,5,0,10,0,2,4,0,6,1,6,9,0,16,0,0,0,16
11/29/2020,CKB,WV,AEA,CE,Combined TRACON& Tower with Radar,3,7,7,1,18,0,0,13,0,13,3,7,20,1,31,23,0,23,54
11/30/2020,CKB,WV,AEA,CE,Combined TRACON& Tower with Radar,2,6,0,0,8,0,0,0,0,0,2,6,0,0,8,0,0,0,8
12/01/2020,CKB,WV,AEA,CE,Combined TRACON& Tower with Radar,2,3,4,0,9,0,0,0,0,0,2,3,4,0,9,0,0,0,9
12/02/2020,CKB,WV,AEA,CE,Combined TRACON& Tower with Radar,5,6,6,13,30,0,2,0,1,3,5,8,6,14,33,0,0,0,33
12/03/2020,CKB,WV,AEA,CE,Combined TRACON& Tower with Radar,1,17,9,10,37,0,15,9,4,28,1,32,18,14,65,66,8,74,139
12/04/2020,CKB,WV,AEA,CE,Combined TRACON& Tower with Radar,4,5,0,7,16,0,0,0,0,0,4,5,0,7,16,0,0,0,16
12/05/2020,CKB,WV,AEA,CE,Combined TRACON& Tower with Radar,2,4,1,0,7,0,0,0,0,0,2,4,1,0,7,0,0,0,7
12/06/2020,CKB,WV,AEA,CE,Combined TRACON& Tower with Radar,2,6,4,2,14,0,2,2,0,4,2,8,6,2,18,0,0,0,18
12/07/2020,CKB,WV,AEA,CE,Combined TRACON& Tower with Radar,2,6,6,1,15,0,0,0,2,2,2,6,6,3,17,0,0,0,17
12/08/2020,CKB,WV,AEA,CE,Combined TRACON& Tower with Radar,0,4,6,9,19,0,12,2,2,16,0,16,8,11,35,24,0,24,59
12/09/2020,CKB,WV,AEA,CE,Combined TRACON& Tower with Radar,2,7,10,9,28,0,6,4,0,10,2,13,14,9,38,42,4,46,84
12/10/2020,CKB,WV,AEA,CE,Combined TRACON& Tower with Radar,0,5,11,3,19,0,18,18,7,43,0,23,29,10,62,20,8,28,90
12/11/2020,CKB,WV,AEA,CE,Combined TRACON& Tower with Radar,2,4,7,3,16,0,15,12,1,28,2,19,19,4,44,86,6,92,136
12/12/2020,CKB,WV,AEA,CE,Combined TRACON& Tower with Radar,0,2,9,0,11,0,9,2,0,11,0,11,11,0,22,0,0,0,22
12/13/2020,CKB,WV,AEA,CE,Combined TRACON& Tower with Radar,0,4,4,0,8,0,0,0,0,0,0,4,4,0,8,0,0,0,8
12/14/2020,CKB,WV,AEA,CE,Combined TRACON& Tower with Radar,2,5,3,2,12,0,1,0,0,1,2,6,3,2,13,0,0,0,13
12/15/2020,CKB,WV,AEA,CE,Combined TRACON& Tower with Radar,0,2,13,4,19,0,22,12,2,36,0,24,25,6,55,0,0,0,55
12/16/2020,CKB,WV,AEA,CE,Combined TRACON& Tower with Radar,0,3,0,0,3,0,0,0,0,0,0,3,0,0,3,0,0,0,3
12/17/2020,CKB,WV,AEA,CE,Combined TRACON& Tower with Radar,1,4,2,2,9,0,0,0,0,0,1,4,2,2,9,0,0,0,9
12/18/2020,CKB,WV,AEA,CE,Combined TRACON& Tower with Radar,6,4,5,0,15,0,0,0,0,0,6,4,5,0,15,0,0,0,15
12/19/2020,CKB,WV,AEA,CE,Combined TRACON& Tower with Radar,0,4,11,0,15,0,7,6,0,13,0,11,17,0,28,22,0,22,50
12/20/2020,CKB,WV,AEA,CE,Combined TRACON& Tower with Radar,3,7,3,0,13,0,0,0,0,0,3,7,3,0,13,0,0,0,13
12/21/2020,CKB,WV,AEA,CE,Combined TRACON& Tower with Radar,1,5,8,14,28,0,0,0,0,0,1,5,8,14,28,0,0,0,28
12/22/2020,CKB,WV,AEA,CE,Combined TRACON& Tower with Radar,3,7,3,2,15,0,0,1,0,1,3,7,4,2,16,0,0,0,16
12/23/2020,CKB,WV,AEA,CE,Combined TRACON& Tower with Radar,1,7,10,2,20,0,0,10,0,10,1,7,20,2,30,6,6,12,42
12/24/2020,CKB,WV,AEA,CE,Combined TRACON& Tower with Radar,2,4,4,0,10,0,0,0,0,0,2,4,4,0,10,0,0,0,10
12/25/2020,CKB,WV,AEA,CE,Combined TRACON& Tower with Radar,0,2,1,0,3,0,0,0,0,0,0,2,1,0,3,0,0,0,3
12/26/2020,CKB,WV,AEA,CE,Combined TRACON& Tower with Radar,1,2,0,0,3,0,0,1,0,1,1,2,1,0,4,0,0,0,4
12/27/2020,CKB,WV,AEA,CE,Combined TRACON& Tower with Radar,2,8,4,0,14,0,0,11,0,11,2,8,15,0,25,0,0,0,25
12/28/2020,CKB,WV,AEA,CE,Combined TRACON& Tower with Radar,0,5,4,1,10,0,2,2,0,4,0,7,6,1,14,0,0,0,14
12/29/2020,CKB,WV,AEA,CE,Combined TRACON& Tower with Radar,6,5,5,3,19,0,0,12,0,12,6,5,17,3,31,0,0,0,31
12/30/2020,CKB,WV,AEA,CE,Combined TRACON& Tower with Radar,2,4,7,0,13,0,0,2,0,2,2,4,9,0,15,0,0,0,15
12/31/2020,CKB,WV,AEA,CE,Combined TRACON& Tower with Radar,10,5,0,0,15,0,0,0,0,0,10,5,0,0,15,0,0,0,15
01/01/2021,CKB,WV,AEA,CE,Combined TRACON& Tower with Radar,1,4,3,0,8,0,0,0,0,0,1,4,3,0,8,0,0,0,8
01/02/2021,CKB,WV,AEA,CE,Combined TRACON& Tower with Radar,0,4,12,0,16,0,2,1,0,3,0,6,13,0,19,0,0,0,19
01/03/2021,CKB,WV,AEA,CE,Combined TRACON& Tower with Radar,2,4,7,0,13,0,0,0,0,0,2,4,7,0,13,0,0,0,13
01/04/2021,CKB,WV,AEA,CE,Combined TRACON& Tower with Radar,0,6,5,0,11,0,0,0,0,0,0,6,5,0,11,0,0,0,11
01/05/2021,CKB,WV,AEA,CE,Combined TRACON& Tower with Radar,1,2,1,6,10,0,0,2,0,2,1,2,3,6,12,0,0,0,12
01/06/2021,CKB,WV,AEA,CE,Combined TRACON& Tower with Radar,4,3,4,4,15,0,0,0,0,0,4,3,4,4,15,0,0,0,15
01/07/2021,CKB,WV,AEA,CE,Combined TRACON& Tower with Radar,0,4,2,3,9,0,2,5,0,7,0,6,7,3,16,0,0,0,16
01/08/2021,CKB,WV,AEA,CE,Combined TRACON& Tower with Radar,3,4,4,1,12,0,0,4,0,4,3,4,8,1,16,0,0,0,16
01/09/2021,CKB,WV,AEA,CE,Combined TRACON& Tower with Radar,1,6,7,0,14,0,3,11,1,15,1,9,18,1,29,0,0,0,29
01/10/2021,CKB,WV,AEA,CE,Combined TRACON& Tower with Radar,2,6,12,0,20,0,1,16,0,17,2,7,28,0,37,0,0,0,37
01/11/2021,CKB,WV,AEA,CE,Combined TRACON& Tower with Radar,2,6,15,3,26,0,13,4,0,17,2,19,19,3,43,42,0,42,85
01/12/2021,CKB,WV,AEA,CE,Combined TRACON& Tower with Radar,2,5,5,4,16,0,4,5,1,10,2,9,10,5,26,0,0,0,26
01/13/2021,CKB,WV,AEA,CE,Combined TRACON& Tower with Radar,1,6,7,12,26,0,20,11,2,33,1,26,18,14,59,36,0,36,95
01/14/2021,CKB,WV,AEA,CE,Combined TRACON& Tower with Radar,0,7,3,12,22,0,15,4,0,19,0,22,7,12,41,20,0,20,61
01/15/2021,CKB,WV,AEA,CE,Combined TRACON& Tower with Radar,7,7,5,6,25,0,0,3,0,3,7,7,8,6,28,0,0,0,28
01/16/2021,CKB,WV,AEA,CE,Combined TRACON& Tower with Radar,2,3,3,0,8,0,0,0,0,0,2,3,3,0,8,0,0,0,8
01/17/2021,CKB,WV,AEA,CE,Combined TRACON& Tower with Radar,0,6,3,0,9,0,0,0,0,0,0,6,3,0,9,0,0,0,9
01/18/2021,CKB,WV,AEA,CE,Combined TRACON& Tower with Radar,2,6,5,0,13,0,0,0,0,0,2,6,5,0,13,0,0,0,13
01/19/2021,CKB,WV,AEA,CE,Combined TRACON& Tower with Radar,3,4,3,10,20,0,4,6,0,10,3,8,9,10,30,12,0,12,42
01/20/2021,CKB,WV,AEA,CE,Combined TRACON& Tower with Radar,0,5,2,12,19,0,0,0,0,0,0,5,2,12,19,0,0,0,19
01/21/2021,CKB,WV,AEA,CE,Combined TRACON& Tower with Radar,0,11,1,14,26,0,7,2,1,10,0,18,3,15,36,0,0,0,36
01/22/2021,CKB,WV,AEA,CE,Combined TRACON& Tower with Radar,4,9,7,5,25,0,0,0,0,0,4,9,7,5,25,4,0,4,29
01/23/2021,CKB,WV,AEA,CE,Combined TRACON& Tower with Radar,1,4,2,0,7,0,8,4,0,12,1,12,6,0,19,12,0,12,31
01/24/2021,CKB,WV,AEA,CE,Combined TRACON& Tower with Radar,2,5,4,1,12,0,1,2,0,3,2,6,6,1,15,10,0,10,25
01/25/2021,CKB,WV,AEA,CE,Combined TRACON& Tower with Radar,4,7,0,0,11,0,0,0,0,0,4,7,0,0,11,0,0,0,11
01/26/2021,CKB,WV,AEA,CE,Combined TRACON& Tower with Radar,3,19,8,6,36,0,0,0,0,0,3,19,8,6,36,0,0,0,36
01/27/2021,CKB,WV,AEA,CE,Combined TRACON& Tower with Radar,0,7,4,12,23,0,2,2,0,4,0,9,6,12,27,9,12,21,48
01/28/2021,CKB,WV,AEA,CE,Combined TRACON& Tower with Radar,3,8,4,8,23,0,0,0,0,0,3,8,4,8,23,0,0,0,23
01/29/2021,CKB,WV,AEA,CE,Combined TRACON& Tower with Radar,4,10,6,6,26,0,22,7,0,29,4,32,13,6,55,18,11,29,84
01/30/2021,CKB,WV,AEA,CE,Combined TRACON& Tower with Radar,3,14,7,8,32,0,16,11,1,28,3,30,18,9,60,14,0,14,74
01/31/2021,CKB,WV,AEA,CE,Combined TRACON& Tower with Radar,0,3,2,0,5,0,0,0,0,0,0,3,2,0,5,0,0,0,5
02/01/2021,CKB,WV,AEA,CE,Combined TRACON& Tower with Radar,2,6,4,0,12,0,0,0,0,0,2,6,4,0,12,0,0,0,12
02/02/2021,CKB,WV,AEA,CE,Combined TRACON& Tower with Radar,0,6,0,4,10,0,0,0,0,0,0,6,0,4,10,0,0,0,10
02/03/2021,CKB,WV,AEA,CE,Combined TRACON& Tower with Radar,0,30,4,14,48,0,10,1,5,16,0,40,5,19,64,38,6,44,108
02/04/2021,CKB,WV,AEA,CE,Combined TRACON& Tower with Radar,0,10,7,13,30,0,22,6,0,28,0,32,13,13,58,0,0,0,58
02/05/2021,CKB,WV,AEA,CE,Combined TRACON& Tower with Radar,7,5,3,8,23,0,0,0,0,0,7,5,3,8,23,0,0,0,23
02/06/2021,CKB,WV,AEA,CE,Combined TRACON& Tower with Radar,1,2,6,1,10,0,0,13,1,14,1,2,19,2,24,10,0,10,34
02/07/2021,CKB,WV,AEA,CE,Combined TRACON& Tower with Radar,0,5,2,0,7,0,0,0,0,0,0,5,2,0,7,0,0,0,7
02/08/2021,CKB,WV,AEA,CE,Combined TRACON& Tower with Radar,3,11,18,14,46,0,18,13,0,31,3,29,31,14,77,28,0,28,105
02/09/2021,CKB,WV,AEA,CE,Combined TRACON& Tower with Radar,0,2,2,2,6,0,0,0,0,0,0,2,2,2,6,0,0,0,6
02/10/2021,CKB,WV,AEA,CE,Combined TRACON& Tower with Radar,0,3,2,5,10,0,0,0,0,0,0,3,2,5,10,0,0,0,10
02/11/2021,CKB,WV,AEA,CE,Combined TRACON& Tower with Radar,0,4,2,0,6,0,1,1,0,2,0,5,3,0,8,0,0,0,8
02/12/2021,CKB,WV,AEA,CE,Combined TRACON& Tower with Radar,2,5,1,2,10,0,0,0,2,2,2,5,1,4,12,0,0,0,12
02/13/2021,CKB,WV,AEA,CE,Combined TRACON& Tower with Radar,1,3,3,0,7,0,0,0,0,0,1,3,3,0,7,0,0,0,7
02/14/2021,CKB,WV,AEA,CE,Combined TRACON& Tower with Radar,2,3,2,1,8,0,0,0,0,0,2,3,2,1,8,0,0,0,8
02/15/2021,CKB,WV,AEA,CE,Combined TRACON& Tower with Radar,2,2,0,0,4,0,0,0,0,0,2,2,0,0,4,0,0,0,4
02/16/2021,CKB,WV,AEA,CE,Combined TRACON& Tower with Radar,0,4,0,2,6,0,0,0,0,0,0,4,0,2,6,0,0,0,6
02/17/2021,CKB,WV,AEA,CE,Combined TRACON& Tower with Radar,7,10,10,7,34,0,16,12,3,31,7,26,22,10,65,28,20,48,113
02/18/2021,CKB,WV,AEA,CE,Combined TRACON& Tower with Radar,3,3,0,0,6,0,0,0,0,0,3,3,0,0,6,0,0,0,6
02/19/2021,CKB,WV,AEA,CE,Combined TRACON& Tower with Radar,2,8,6,1,17,0,0,1,0,1,2,8,7,1,18,0,0,0,18
02/20/2021,CKB,WV,AEA,CE,Combined TRACON& Tower with Radar,0,5,2,4,11,0,2,7,0,9,0,7,9,4,20,0,0,0,20
02/21/2021,CKB,WV,AEA,CE,Combined TRACON& Tower with Radar,2,7,9,4,22,0,9,11,2,22,2,16,20,6,44,46,16,62,106
02/22/2021,CKB,WV,AEA,CE,Combined TRACON& Tower with Radar,0,6,0,0,6,0,0,0,0,0,0,6,0,0,6,0,0,0,6
02/23/2021,CKB,WV,AEA,CE,Combined TRACON& Tower with Radar,1,2,10,14,27,0,0,4,3,7,1,2,14,17,34,0,0,0,34
02/24/2021,CKB,WV,AEA,CE,Combined TRACON& Tower with Radar,2,5,4,9,20,0,10,2,0,12,2,15,6,9,32,0,4,4,36
02/25/2021,CKB,WV,AEA,CE,Combined TRACON& Tower with Radar,2,8,8,10,28,0,10,6,1,17,2,18,14,11,45,8,2,10,55
02/26/2021,CKB,WV,AEA,CE,Combined TRACON& Tower with Radar,6,6,7,6,25,0,13,12,0,25,6,19,19,6,50,22,8,30,80
02/27/2021,CKB,WV,AEA,CE,Combined TRACON& Tower with Radar,2,3,6,0,11,0,0,0,0,0,2,3,6,0,11,0,0,0,11
02/28/2021,CKB,WV,AEA,CE,Combined TRACON& Tower with Radar,2,6,1,0,9,0,0,0,0,0,2,6,1,0,9,0,0,0,9
03/01/2021,CKB,WV,AEA,CE,Combined TRACON& Tower with Radar,4,4,6,2,16,0,2,0,0,2,4,6,6,2,18,0,0,0,18
03/02/2021,CKB,WV,AEA,CE,Combined TRACON& Tower with Radar,2,5,11,7,25,0,15,9,2,26,2,20,20,9,51,22,0,22,73
03/03/2021,CKB,WV,AEA,CE,Combined TRACON& Tower with Radar,1,5,7,21,34,0,16,10,11,37,1,21,17,32,71,52,0,52,123
03/04/2021,CKB,WV,AEA,CE,Combined TRACON& Tower with Radar,3,5,0,8,16,0,2,1,0,3,3,7,1,8,19,52,22,74,93
03/05/2021,CKB,WV,AEA,CE,Combined TRACON& Tower with Radar,0,7,3,9,19,0,6,7,2,15,0,13,10,11,34,0,0,0,34
03/06/2021,CKB,WV,AEA,CE,Combined TRACON& Tower with Radar,0,6,11,0,17,0,0,9,0,9,0,6,20,0,26,8,0,8,34
03/07/2021,CKB,WV,AEA,CE,Combined TRACON& Tower with Radar,3,6,1,1,11,0,6,11,3,20,3,12,12,4,31,0,0,0,31
03/08/2021,CKB,WV,AEA,CE,Combined TRACON& Tower with Radar,0,5,21,20,46,0,17,8,1,26,0,22,29,21,72,28,10,38,110
03/09/2021,CKB,WV,AEA,CE,Combined TRACON& Tower with Radar,6,2,13,11,32,0,7,12,6,25,6,9,25,17,57,32,34,66,123
03/10/2021,CKB,WV,AEA,CE,Combined TRACON& Tower with Radar,0,4,12,15,31,0,19,6,1,26,0,23,18,16,57,32,0,32,89
03/11/2021,CKB,WV,AEA,CE,Combined TRACON& Tower with Radar,5,6,7,15,33,0,0,3,0,3,5,6,10,15,36,0,0,0,36
03/12/2021,CKB,WV,AEA,CE,Combined TRACON& Tower with Radar,1,4,6,2,13,0,10,0,0,10,1,14,6,2,23,2,0,2,25
03/13/2021,CKB,WV,AEA,CE,Combined TRACON& Tower with Radar,0,6,12,0,18,0,12,17,0,29,0,18,29,0,47,14,0,14,61
03/14/2021,CKB,WV,AEA,CE,Combined TRACON& Tower with Radar,4,6,7,2,19,0,0,4,0,4,4,6,11,2,23,0,0,0,23
03/15/2021,CKB,WV,AEA,CE,Combined TRACON& Tower with Radar,2,8,10,13,33,0,16,7,0,23,2,24,17,13,56,66,0,66,122
03/16/2021,CKB,WV,AEA,CE,Combined TRACON& Tower with Radar,2,4,8,8,22,0,1,1,0,2,2,5,9,8,24,27,0,27,51
03/17/2021,CKB,WV,AEA,CE,Combined TRACON& Tower with Radar,2,3,11,19,35,0,10,19,3,32,2,13,30,22,67,36,8,44,111
03/18/2021,CKB,WV,AEA,CE,Combined TRACON& Tower with Radar,2,4,5,10,21,0,0,0,0,0,2,4,5,10,21,0,0,0,21
03/19/2021,CKB,WV,AEA,CE,Combined TRACON& Tower with Radar,3,6,2,10,21,0,0,1,0,1,3,6,3,10,22,0,0,0,22
03/20/2021,CKB,WV,AEA,CE,Combined TRACON& Tower with Radar,0,10,7,0,17,0,8,6,0,14,0,18,13,0,31,0,0,0,31
03/21/2021,CKB,WV,AEA,CE,Combined TRACON& Tower with Radar,2,6,11,2,21,0,14,17,0,31,2,20,28,2,52,4,0,4,56
03/22/2021,CKB,WV,AEA,CE,Combined TRACON& Tower with Radar,0,8,13,15,36,0,20,15,1,36,0,28,28,16,72,31,6,37,109
03/23/2021,CKB,WV,AEA,CE,Combined TRACON& Tower with Radar,2,5,7,11,25,0,17,9,1,27,2,22,16,12,52,22,12,34,86
03/24/2021,CKB,WV,AEA,CE,Combined TRACON& Tower with Radar,0,4,9,8,21,0,18,13,0,31,0,22,22,8,52,68,0,68,120
03/25/2021,CKB,WV,AEA,CE,Combined TRACON& Tower with Radar,2,10,15,3,30,0,9,3,1,13,2,19,18,4,43,20,0,20,63
03/26/2021,CKB,WV,AEA,CE,Combined TRACON& Tower with Radar,0,8,2,2,12,0,0,1,0,1,0,8,3,2,13,0,0,0,13
03/27/2021,CKB,WV,AEA,CE,Combined TRACON& Tower with Radar,0,4,15,2,21,0,8,19,0,27,0,12,34,2,48,16,0,16,64
03/28/2021,CKB,WV,AEA,CE,Combined TRACON& Tower with Radar,2,9,2,0,13,0,0,1,0,1,2,9,3,0,14,0,0,0,14
03/29/2021,CKB,WV,AEA,CE,Combined TRACON& Tower with Radar,1,10,19,5,35,0,27,8,1,36,1,37,27,6,71,44,0,44,115
03/30/2021,CKB,WV,AEA,CE,Combined TRACON& Tower with Radar,2,8,19,11,40,0,17,17,3,37,2,25,36,14,77,20,0,20,97
03/31/2021,CKB,WV,AEA,CE,Combined TRACON& Tower with Radar,1,3,4,1,9,0,0,0,0,0,1,3,4,1,9,0,0,0,9
04/01/2021,CKB,WV,AEA,CE,Combined TRACON& Tower with Radar,3,7,3,5,18,0,2,0,0,2,3,9,3,5,20,0,0,0,20
04/02/2021,CKB,WV,AEA,CE,Combined TRACON& Tower with Radar,1,5,3,11,20,0,0,5,0,5,1,5,8,11,25,0,0,0,25
04/03/2021,CKB,WV,AEA,CE,Combined TRACON& Tower with Radar,0,6,4,2,12,0,10,7,0,17,0,16,11,2,29,2,0,2,31
04/04/2021,CKB,WV,AEA,CE,Combined TRACON& Tower with Radar,2,5,1,0,8,0,6,5,0,11,2,11,6,0,19,0,0,0,19
04/05/2021,CKB,WV,AEA,CE,Combined TRACON& Tower with Radar,0,5,11,3,19,0,17,20,1,38,0,22,31,4,57,0,0,0,57
04/06/2021,CKB,WV,AEA,CE,Combined TRACON& Tower with Radar,2,2,11,4,19,0,24,28,2,54,2,26,39,6,73,36,0,36,109
04/07/2021,CKB,WV,AEA,CE,Combined TRACON& Tower with Radar,0,5,16,14,35,0,32,15,1,48,0,37,31,15,83,58,18,76,159
04/08/2021,CKB,WV,AEA,CE,Combined TRACON& Tower with Radar,2,4,7,10,23,0,4,17,0,21,2,8,24,10,44,22,38,60,104
04/09/2021,CKB,WV,AEA,CE,Combined TRACON& Tower with Radar,1,7,13,6,27,0,10,4,0,14,1,17,17,6,41,6,42,48,89
04/10/2021,CKB,WV,AEA,CE,Combined TRACON& Tower with Radar,3,5,9,2,19,0,5,8,0,13,3,10,17,2,32,10,0,10,42
04/11/2021,CKB,WV,AEA,CE,Combined TRACON& Tower with Radar,0,3,18,1,22,0,3,4,0,7,0,6,22,1,29,4,0,4,33
04/12/2021,CKB,WV,AEA,CE,Combined TRACON& Tower with Radar,4,4,12,6,26,0,3,7,0,10,4,7,19,6,36,0,0,0,36
04/13/2021,CKB,WV,AEA,CE,Combined TRACON& Tower with Radar,2,3,15,10,30,0,18,12,3,33,2,21,27,13,63,59,14,73,136
04/14/2021,CKB,WV,AEA,CE,Combined TRACON& Tower with Radar,0,4,8,23,35,0,0,1,1,2,0,4,9,24,37,0,18,18,55
04/15/2021,CKB,WV,AEA,CE,Combined TRACON& Tower with Radar,3,7,7,11,28,0,0,10,1,11,3,7,17,12,39,0,36,36,75
04/16/2021,CKB,WV,AEA,CE,Combined TRACON& Tower with Radar,0,4,1,9,14,0,2,2,0,4,0,6,3,9,18,0,0,0,18
04/17/2021,CKB,WV,AEA,CE,Combined TRACON& Tower with Radar,0,7,5,0,12,0,13,11,0,24,0,20,16,0,36,16,0,16,52
04/18/2021,CKB,WV,AEA,CE,Combined TRACON& Tower with Radar,3,4,8,0,15,0,2,9,0,11,3,6,17,0,26,0,0,0,26
04/19/2021,CKB,WV,AEA,CE,Combined TRACON& Tower with Radar,2,4,13,20,39,0,22,10,0,32,2,26,23,20,71,16,0,16,87
04/20/2021,CKB,WV,AEA,CE,Combined TRACON& Tower with Radar,0,10,2,16,28,0,11,9,1,21,0,21,11,17,49,6,12,18,67
04/21/2021,CKB,WV,AEA,CE,Combined TRACON& Tower with Radar,2,3,0,2,7,0,0,0,0,0,2,3,0,2,7,0,0,0,7
04/22/2021,CKB,WV,AEA,CE,Combined TRACON& Tower with Radar,6,4,0,14,24,0,0,10,0,10,6,4,10,14,34,0,0,0,34
04/23/2021,CKB,WV,AEA,CE,Combined TRACON& Tower with Radar,0,8,9,10,27,0,15,15,1,31,0,23,24,11,58,44,0,44,102
04/24/2021,CKB,WV,AEA,CE,Combined TRACON& Tower with Radar,1,4,6,0,11,0,6,2,0,8,1,10,8,0,19,0,0,0,19
04/25/2021,CKB,WV,AEA,CE,Combined TRACON& Tower with Radar,2,4,5,0,11,0,2,3,0,5,2,6,8,0,16,14,0,14,30
04/26/2021,CKB,WV,AEA,CE,Combined TRACON& Tower with Radar,0,10,11,8,29,0,21,24,6,51,0,31,35,14,80,0,12,12,92
04/27/2021,CKB,WV,AEA,CE,Combined TRACON& Tower with Radar,0,6,10,12,28,0,6,8,1,15,0,12,18,13,43,8,0,8,51
04/28/2021,CKB,WV,AEA,CE,Combined TRACON& Tower with Radar,0,12,9,14,35,0,8,2,0,10,0,20,11,14,45,0,0,0,45
04/29/2021,CKB,WV,AEA,CE,Combined TRACON& Tower with Radar,3,5,10,11,29,0,0,1,0,1,3,5,11,11,30,0,0,0,30
04/30/2021,CKB,WV,AEA,CE,Combined TRACON& Tower with Radar,3,5,10,12,30,0,2,1,2,5,3,7,11,14,35,0,0,0,35
05/01/2021,CKB,WV,AEA,CE,Combined TRACON& Tower with Radar,1,10,6,0,17,0,12,17,4,33,1,22,23,4,50,8,0,8,58
05/02/2021,CKB,WV,AEA,CE,Combined TRACON& Tower with Radar,3,8,5,0,16,0,2,6,0,8,3,10,11,0,24,0,0,0,24
05/03/2021,CKB,WV,AEA,CE,Combined TRACON& Tower with Radar,0,6,4,8,18,0,1,0,0,1,0,7,4,8,19,0,0,0,19
05/04/2021,CKB,WV,AEA,CE,Combined TRACON& Tower with Radar,4,2,4,12,22,0,1,0,0,1,4,3,4,12,23,0,0,0,23
05/05/2021,CKB,WV,AEA,CE,Combined TRACON& Tower with Radar,2,6,9,14,31,0,0,0,0,0,2,6,9,14,31,0,0,0,31
05/06/2021,CKB,WV,AEA,CE,Combined TRACON& Tower with Radar,2,8,16,5,31,0,21,12,3,36,2,29,28,8,67,28,14,42,109
05/07/2021,CKB,WV,AEA,CE,Combined TRACON& Tower with Radar,0,7,2,5,14,0,0,0,0,0,0,7,2,5,14,0,10,10,24
05/08/2021,CKB,WV,AEA,CE,Combined TRACON& Tower with Radar,0,7,4,0,11,0,2,9,0,11,0,9,13,0,22,0,0,0,22
05/09/2021,CKB,WV,AEA,CE,Combined TRACON& Tower with Radar,6,5,0,3,14,0,2,0,0,2,6,7,0,3,16,0,0,0,16
05/10/2021,CKB,WV,AEA,CE,Combined TRACON& Tower with Radar,0,8,11,5,24,0,6,14,3,23,0,14,25,8,47,16,0,16,63
05/11/2021,CKB,WV,AEA,CE,Combined TRACON& Tower with Radar,0,7,5,4,16,0,16,7,4,27,0,23,12,8,43,18,10,28,71
05/12/2021,CKB,WV,AEA,CE,Combined TRACON& Tower with Radar,0,2,11,2,15,0,20,21,3,44,0,22,32,5,59,12,0,12,71
05/13/2021,CKB,WV,AEA,CE,Combined TRACON& Tower with Radar,3,7,8,6,24,0,23,9,6,38,3,30,17,12,62,0,0,0,62
05/14/2021,CKB,WV,AEA,CE,Combined TRACON& Tower with Radar,0,6,8,9,23,0,20,19,1,40,0,26,27,10,63,4,2,6,69
05/15/2021,CKB,WV,AEA,CE,Combined TRACON& Tower with Radar,4,6,12,0,22,0,5,22,0,27,4,11,34,0,49,0,0,0,49
05/16/2021,CKB,WV,AEA,CE,Combined TRACON& Tower with Radar,6,5,11,2,24,0,6,10,0,16,6,11,21,2,40,10,0,10,50
05/17/2021,CKB,WV,AEA,CE,Combined TRACON& Tower with Radar,0,6,10,1,17,0,16,4,0,20,0,22,14,1,37,30,0,30,67
05/18/2021,CKB,WV,AEA,CE,Combined TRACON& Tower with Radar,2,2,9,4,17,0,16,18,2,36,2,18,27,6,53,0,0,0,53
05/19/2021,CKB,WV,AEA,CE,Combined TRACON& Tower with Radar,0,7,14,8,29,0,12,7,6,25,0,19,21,14,54,22,30,52,106
05/20/2021,CKB,WV,AEA,CE,Combined TRACON& Tower with Radar,2,4,6,10,22,0,13,5,2,20,2,17,11,12,42,52,16,68,110
05/21/2021,CKB,WV,AEA,CE,Combined TRACON& Tower with Radar,1,7,1,10,19,0,8,8,6,22,1,15,9,16,41,0,0,0,41
05/22/2021,CKB,WV,AEA,CE,Combined TRACON& Tower with Radar,2,4,7,0,13,0,4,3,1,8,2,8,10,1,21,0,0,0,21
05/23/2021,CKB,WV,AEA,CE,Combined TRACON& Tower with Radar,2,4,4,0,10,0,2,2,0,4,2,6,6,0,14,0,0,0,14
05/24/2021,CKB,WV,AEA,CE,Combined TRACON& Tower with Radar,1,5,5,8,19,0,5,3,3,11,1,10,8,11,30,6,18,24,54
05/25/2021,CKB,WV,AEA,CE,Combined TRACON& Tower with Radar,2,10,6,12,30,0,22,10,3,35,2,32,16,15,65,16,0,16,81
05/26/2021,CKB,WV,AEA,CE,Combined TRACON& Tower with Radar,5,4,9,8,26,0,7,5,2,14,5,11,14,10,40,0,0,0,40
05/27/2021,CKB,WV,AEA,CE,Combined TRACON& Tower with Radar,6,5,18,15,44,0,19,5,2,26,6,24,23,17,70,9,28,37,107
05/28/2021,CKB,WV,AEA,CE,Combined TRACON& Tower with Radar,4,4,5,4,17,0,2,0,0,2,4,6,5,4,19,0,0,0,19
05/29/2021,CKB,WV,AEA,CE,Combined TRACON& Tower with Radar,2,5,2,0,9,0,0,0,0,0,2,5,2,0,9,0,0,0,9
05/30/2021,CKB,WV,AEA,CE,Combined TRACON& Tower with Radar,2,8,8,0,18,0,2,0,0,2,2,10,8,0,20,0,0,0,20
05/31/2021,CKB,WV,AEA,CE,Combined TRACON& Tower with Radar,2,7,6,0,15,0,6,15,0,21,2,13,21,0,36,0,0,0,36
06/01/2021,CKB,WV,AEA,CE,Combined TRACON& Tower with Radar,4,8,9,21,42,0,8,9,6,23,4,16,18,27,65,0,0,0,65
06/02/2021,CKB,WV,AEA,CE,Combined TRACON& Tower with Radar,8,7,10,20,45,0,3,3,3,9,8,10,13,23,54,2,10,12,66
06/03/2021,CKB,WV,AEA,CE,Combined TRACON& Tower with Radar,4,4,5,8,21,0,0,1,0,1,4,4,6,8,22,4,0,4,26
06/04/2021,CKB,WV,AEA,CE,Combined TRACON& Tower with Radar,7,4,24,10,45,0,2,7,2,11,7,6,31,12,56,0,0,0,56
06/05/2021,CKB,WV,AEA,CE,Combined TRACON& Tower with Radar,2,5,12,3,22,0,14,10,0,24,2,19,22,3,46,12,0,12,58
06/06/2021,CKB,WV,AEA,CE,Combined TRACON& Tower with Radar,2,6,6,2,16,0,0,19,4,23,2,6,25,6,39,0,0,0,39
06/07/2021,CKB,WV,AEA,CE,Combined TRACON& Tower with Radar,4,6,10,13,33,0,28,12,1,41,4,34,22,14,74,8,0,8,82
06/08/2021,CKB,WV,AEA,CE,Combined TRACON& Tower with Radar,6,5,8,16,35,0,15,10,1,26,6,20,18,17,61,53,0,53,114
06/09/2021,CKB,WV,AEA,CE,Combined TRACON& Tower with Radar,5,4,24,12,45,0,10,6,0,16,5,14,30,12,61,6,0,6,67
06/10/2021,CKB,WV,AEA,CE,Combined TRACON& Tower with Radar,7,5,12,0,24,0,6,3,0,9,7,11,15,0,33,0,0,0,33
06/11/2021,CKB,WV,AEA,CE,Combined TRACON& Tower with Radar,2,4,9,4,19,0,0,0,0,0,2,4,9,4,19,0,0,0,19
06/12/2021,CKB,WV,AEA,CE,Combined TRACON& Tower with Radar,1,5,8,2,16,0,26,16,1,43,1,31,24,3,59,8,0,8,67
06/13/2021,CKB,WV,AEA,CE,Combined TRACON& Tower with Radar,2,5,7,0,14,0,0,5,0,5,2,5,12,0,19,0,0,0,19
06/14/2021,CKB,WV,AEA,CE,Combined TRACON& Tower with Radar,3,4,12,3,22,0,21,13,2,36,3,25,25,5,58,0,8,8,66
06/15/2021,CKB,WV,AEA,CE,Combined TRACON& Tower with Radar,5,5,10,25,45,0,12,18,7,37,5,17,28,32,82,14,8,22,104
06/16/2021,CKB,WV,AEA,CE,Combined TRACON& Tower with Radar,5,5,24,16,50,0,38,21,1,60,5,43,45,17,110,152,0,152,262
06/17/2021,CKB,WV,AEA,CE,Combined TRACON& Tower with Radar,4,8,7,6,25,0,33,27,3,63,4,41,34,9,88,15,0,15,103
06/18/2021,CKB,WV,AEA,CE,Combined TRACON& Tower with Radar,2,6,10,7,25,0,16,15,4,35,2,22,25,11,60,16,0,16,76
06/19/2021,CKB,WV,AEA,CE,Combined TRACON& Tower with Radar,1,7,1,0,9,0,2,0,0,2,1,9,1,0,11,0,0,0,11
06/20/2021,CKB,WV,AEA,CE,Combined TRACON& Tower with Radar,4,6,4,0,14,0,3,8,0,11,4,9,12,0,25,18,0,18,43
06/21/2021,CKB,WV,AEA,CE,Combined TRACON& Tower with Radar,2,6,6,3,17,0,6,9,1,16,2,12,15,4,33,8,0,8,41
06/22/2021,CKB,WV,AEA,CE,Combined TRACON& Tower with Radar,3,9,15,6,33,0,2,3,0,5,3,11,18,6,38,44,0,44,82
06/23/2021,CKB,WV,AEA,CE,Combined TRACON& Tower with Radar,6,6,8,8,28,0,24,24,8,56,6,30,32,16,84,60,0,60,144
06/24/2021,CKB,WV,AEA,CE,Combined TRACON& Tower with Radar,4,13,6,6,29,0,29,26,2,57,4,42,32,8,86,48,0,48,134
06/25/2021,CKB,WV,AEA,CE,Combined TRACON& Tower with Radar,6,13,14,6,39,0,33,26,1,60,6,46,40,7,99,42,0,42,141
06/26/2021,CKB,WV,AEA,CE,Combined TRACON& Tower with Radar,6,5,2,0,13,0,10,12,0,22,6,15,14,0,35,0,0,0,35
06/27/2021,CKB,WV,AEA,CE,Combined TRACON& Tower with Radar,4,4,7,2,17,0,21,8,0,29,4,25,15,2,46,4,0,4,50
06/28/2021,CKB,WV,AEA,CE,Combined TRACON& Tower with Radar,6,9,6,2,23,0,36,10,0,46,6,45,16,2,69,6,28,34,103
06/29/2021,CKB,WV,AEA,CE,Combined TRACON& Tower with Radar,4,12,7,21,44,0,21,18,9,48,4,33,25,30,92,20,4,24,116
06/30/2021,CKB,WV,AEA,CE,Combined TRACON& Tower with Radar,4,8,7,4,23,0,8,6,0,14,4,16,13,4,37,0,0,0,37
07/01/2021,CKB,WV,AEA,CE,Combined TRACON& Tower with Radar,6,4,2,5,17,0,0,0,0,0,6,4,2,5,17,0,0,0,17
07/02/2021,CKB,WV,AEA,CE,Combined TRACON& Tower with Radar,2,5,9,4,20,0,24,4,3,31,2,29,13,7,51,0,0,0,51
07/03/2021,CKB,WV,AEA,CE,Combined TRACON& Tower with Radar,0,4,6,0,10,0,4,3,0,7,0,8,9,0,17,0,0,0,17
07/04/2021,CKB,WV,AEA,CE,Combined TRACON& Tower with Radar,0,4,0,0,4,0,2,2,0,4,0,6,2,0,8,14,0,14,22
07/05/2021,CKB,WV,AEA,CE,Combined TRACON& Tower with Radar,3,4,8,0,15,0,10,16,1,27,3,14,24,1,42,0,0,0,42
07/06/2021,CKB,WV,AEA,CE,Combined TRACON& Tower with Radar,2,6,10,13,31,0,24,14,4,42,2,30,24,17,73,38,44,82,155
07/07/2021,CKB,WV,AEA,CE,Combined TRACON& Tower with Radar,4,7,8,3,22,0,10,4,6,20,4,17,12,9,42,6,10,16,58
07/08/2021,CKB,WV,AEA,CE,Combined TRACON& Tower with Radar,2,4,11,8,25,0,6,3,0,9,2,10,14,8,34,10,0,10,44
07/09/2021,CKB,WV,AEA,CE,Combined TRACON& Tower with Radar,2,9,10,16,37,0,9,7,2,18,2,18,17,18,55,0,0,0,55
07/10/2021,CKB,WV,AEA,CE,Combined TRACON& Tower with Radar,2,4,19,0,25,0,15,17,0,32,2,19,36,0,57,0,0,0,57
07/11/2021,CKB,WV,AEA,CE,Combined TRACON& Tower with Radar,8,5,0,0,13,0,8,3,1,12,8,13,3,1,25,6,0,6,31
07/12/2021,CKB,WV,AEA,CE,Combined TRACON& Tower with Radar,3,5,9,17,34,0,29,32,0,61,3,34,41,17,95,0,4,4,99
07/13/2021,CKB,WV,AEA,CE,Combined TRACON& Tower with Radar,8,7,9,7,31,0,26,9,4,39,8,33,18,11,70,0,0,0,70
07/14/2021,CKB,WV,AEA,CE,Combined TRACON& Tower with Radar,4,8,12,11,35,0,12,11,3,26,4,20,23,14,61,0,0,0,61
07/15/2021,CKB,WV,AEA,CE,Combined TRACON& Tower with Radar,2,8,6,10,26,0,19,9,0,28,2,27,15,10,54,16,14,30,84
07/16/2021,CKB,WV,AEA,CE,Combined TRACON& Tower with Radar,2,7,3,11,23,0,20,13,0,33,2,27,16,11,56,0,0,0,56
07/17/2021,CKB,WV,AEA,CE,Combined TRACON& Tower with Radar,2,8,3,0,13,0,3,1,0,4,2,11,4,0,17,0,0,0,17
07/18/2021,CKB,WV,AEA,CE,Combined TRACON& Tower with Radar,3,4,12,0,19,0,0,12,0,12,3,4,24,0,31,0,0,0,31
07/19/2021,CKB,WV,AEA,CE,Combined TRACON& Tower with Radar,2,6,7,9,24,0,16,22,4,42,2,22,29,13,66,6,0,6,72
07/20/2021,CKB,WV,AEA,CE,Combined TRACON& Tower with Radar,2,5,14,20,41,0,12,16,4,32,2,17,30,24,73,4,0,4,77
07/21/2021,CKB,WV,AEA,CE,Combined TRACON& Tower with Radar,7,4,13,14,38,0,4,1,0,5,7,8,14,14,43,2,2,4,47
07/22/2021,CKB,WV,AEA,CE,Combined TRACON& Tower with Radar,5,10,9,14,38,0,29,14,1,44,5,39,23,15,82,32,22,54,136
07/23/2021,CKB,WV,AEA,CE,Combined TRACON& Tower with Radar,3,11,5,12,31,0,28,9,1,38,3,39,14,13,69,2,2,4,73
07/24/2021,CKB,WV,AEA,CE,Combined TRACON& Tower with Radar,2,4,9,2,17,0,11,9,0,20,2,15,18,2,37,8,0,8,45
07/25/2021,CKB,WV,AEA,CE,Combined TRACON& Tower with Radar,4,11,10,0,25,0,6,5,0,11,4,17,15,0,36,0,0,0,36
07/26/2021,CKB,WV,AEA,CE,Combined TRACON& Tower with Radar,4,6,7,8,25,0,12,6,1,19,4,18,13,9,44,0,20,20,64
07/27/2021,CKB,WV,AEA,CE,Combined TRACON& Tower with Radar,4,5,7,11,27,0,14,15,3,32,4,19,22,14,59,2,10,12,71
07/28/2021,CKB,WV,AEA,CE,Combined TRACON& Tower with Radar,5,13,18,12,48,0,24,7,0,31,5,37,25,12,79,0,0,0,79
07/29/2021,CKB,WV,AEA,CE,Combined TRACON& Tower with Radar,2,12,10,9,33,0,11,6,0,17,2,23,16,9,50,8,0,8,58
07/30/2021,CKB,WV,AEA,CE,Combined TRACON& Tower with Radar,7,5,11,11,34,0,7,7,2,16,7,12,18,13,50,0,0,0,50
07/31/2021,CKB,WV,AEA,CE,Combined TRACON& Tower with Radar,2,6,8,0,16,0,10,14,0,24,2,16,22,0,40,2,0,2,42
08/01/2021,CKB,WV,AEA,CE,Combined TRACON& Tower with Radar,2,4,11,0,17,0,3,3,0,6,2,7,14,0,23,0,0,0,23
08/02/2021,CKB,WV,AEA,CE,Combined TRACON& Tower with Radar,2,6,15,11,34,0,6,8,0,14,2,12,23,11,48,4,8,12,60
08/03/2021,CKB,WV,AEA,CE,Combined TRACON& Tower with Radar,6,5,2,8,21,0,7,6,0,13,6,12,8,8,34,4,0,4,38
08/04/2021,CKB,WV,AEA,CE,Combined TRACON& Tower with Radar,4,8,8,12,32,0,0,3,0,3,4,8,11,12,35,0,0,0,35
08/05/2021,CKB,WV,AEA,CE,Combined TRACON& Tower with Radar,4,13,8,4,29,0,10,12,0,22,4,23,20,4,51,0,0,0,51
08/06/2021,CKB,WV,AEA,CE,Combined TRACON& Tower with Radar,2,10,6,12,30,0,11,7,0,18,2,21,13,12,48,4,0,4,52
08/07/2021,CKB,WV,AEA,CE,Combined TRACON& Tower with Radar,2,7,6,0,15,0,6,11,0,17,2,13,17,0,32,0,0,0,32
08/08/2021,CKB,WV,AEA,CE,Combined TRACON& Tower with Radar,2,3,5,0,10,0,0,10,0,10,2,3,15,0,20,22,0,22,42
08/09/2021,CKB,WV,AEA,CE,Combined TRACON& Tower with Radar,2,3,5,2,12,0,4,7,0,11,2,7,12,2,23,0,0,0,23
08/10/2021,CKB,WV,AEA,CE,Combined TRACON& Tower with Radar,6,3,4,9,22,0,4,2,1,7,6,7,6,10,29,0,16,16,45
08/11/2021,CKB,WV,AEA,CE,Combined TRACON& Tower with Radar,4,3,6,10,23,0,2,1,0,3,4,5,7,10,26,0,0,0,26
08/12/2021,CKB,WV,AEA,CE,Combined TRACON& Tower with Radar,4,8,5,14,31,0,19,5,1,25,4,27,10,15,56,0,14,14,70
08/13/2021,CKB,WV,AEA,CE,Combined TRACON& Tower with Radar,2,12,14,9,37,0,13,5,3,21,2,25,19,12,58,10,0,10,68
08/14/2021,CKB,WV,AEA,CE,Combined TRACON& Tower with Radar,2,4,6,0,12,0,2,2,0,4,2,6,8,0,16,0,0,0,16
08/15/2021,CKB,WV,AEA,CE,Combined TRACON& Tower with Radar,4,4,6,2,16,0,0,7,0,7,4,4,13,2,23,0,0,0,23
08/16/2021,CKB,WV,AEA,CE,Combined TRACON& Tower with Radar,2,4,8,3,17,0,0,0,0,0,2,4,8,3,17,0,0,0,17
08/17/2021,CKB,WV,AEA,CE,Combined TRACON& Tower with Radar,0,8,5,4,17,0,4,5,2,11,0,12,10,6,28,0,44,44,72
08/18/2021,CKB,WV,AEA,CE,Combined TRACON& Tower with Radar,0,8,3,14,25,0,0,0,0,0,0,8,3,14,25,0,0,0,25
08/19/2021,CKB,WV,AEA,CE,Combined TRACON& Tower with Radar,0,13,15,20,48,0,9,0,1,10,0,22,15,21,58,0,0,0,58
08/20/2021,CKB,WV,AEA,CE,Combined TRACON& Tower with Radar,3,8,6,14,31,0,2,4,1,7,3,10,10,15,38,18,0,18,56
08/21/2021,CKB,WV,AEA,CE,Combined TRACON& Tower with Radar,0,3,10,0,13,0,4,10,1,15,0,7,20,1,28,0,0,0,28
08/22/2021,CKB,WV,AEA,CE,Combined TRACON& Tower with Radar,3,4,3,0,10,0,8,9,0,17,3,12,12,0,27,8,0,8,35
08/23/2021,CKB,WV,AEA,CE,Combined TRACON& Tower with Radar,2,5,15,13,35,0,13,1,0,14,2,18,16,13,49,0,0,0,49
08/24/2021,CKB,WV,AEA,CE,Combined TRACON& Tower with Radar,0,7,3,13,23,0,21,5,5,31,0,28,8,18,54,4,4,8,62
08/25/2021,CKB,WV,AEA,CE,Combined TRACON& Tower with Radar,1,3,11,12,27,0,20,9,3,32,1,23,20,15,59,0,6,6,65
08/26/2021,CKB,WV,AEA,CE,Combined TRACON& Tower with Radar,0,6,6,14,26,0,18,18,4,40,0,24,24,18,66,0,0,0,66
08/27/2021,CKB,WV,AEA,CE,Combined TRACON& Tower with Radar,5,6,16,23,50,0,18,2,1,21,5,24,18,24,71,0,0,0,71
08/28/2021,CKB,WV,AEA,CE,Combined TRACON& Tower with Radar,0,5,4,0,9,0,11,10,0,21,0,16,14,0,30,0,0,0,30
08/29/2021,CKB,WV,AEA,CE,Combined TRACON& Tower with Radar,4,3,5,0,12,0,2,4,0,6,4,5,9,0,18,0,0,0,18
08/30/2021,CKB,WV,AEA,CE,Combined TRACON& Tower with Radar,3,4,10,15,32,0,16,2,0,18,3,20,12,15,50,0,0,0,50
08/31/2021,CKB,WV,AEA,CE,Combined TRACON& Tower with Radar,2,4,0,14,20,0,2,0,0,2,2,6,0,14,22,0,0,0,22
09/01/2021,CKB,WV,AEA,CE,Combined TRACON& Tower with Radar,1,7,3,1,12,0,0,0,0,0,1,7,3,1,12,0,0,0,12
09/02/2021,CKB,WV,AEA,CE,Combined TRACON& Tower with Radar,0,5,8,14,27,0,24,6,0,30,0,29,14,14,57,0,0,0,57
09/03/2021,CKB,WV,AEA,CE,Combined TRACON& Tower with Radar,2,12,3,8,25,0,24,10,0,34,2,36,13,8,59,0,0,0,59
09/04/2021,CKB,WV,AEA,CE,Combined TRACON& Tower with Radar,6,8,1,0,15,0,18,13,0,31,6,26,14,0,46,6,0,6,52
09/05/2021,CKB,WV,AEA,CE,Combined TRACON& Tower with Radar,2,6,0,0,8,0,0,0,0,0,2,6,0,0,8,0,0,0,8
09/06/2021,CKB,WV,AEA,CE,Combined TRACON& Tower with Radar,2,5,5,0,12,0,6,10,0,16,2,11,15,0,28,0,0,0,28
09/07/2021,CKB,WV,AEA,CE,Combined TRACON& Tower with Radar,0,8,17,12,37,0,18,10,2,30,0,26,27,14,67,0,16,16,83
09/08/2021,CKB,WV,AEA,CE,Combined TRACON& Tower with Radar,0,4,8,16,28,0,8,7,0,15,0,12,15,16,43,0,0,0,43
09/09/2021,CKB,WV,AEA,CE,Combined TRACON& Tower with Radar,0,4,9,7,20,0,6,13,1,20,0,10,22,8,40,0,0,0,40
09/10/2021,CKB,WV,AEA,CE,Combined TRACON& Tower with Radar,2,5,10,3,20,0,11,13,12,36,2,16,23,15,56,0,0,0,56
09/11/2021,CKB,WV,AEA,CE,Combined TRACON& Tower with Radar,4,6,10,0,20,0,12,16,0,28,4,18,26,0,48,0,0,0,48
09/12/2021,CKB,WV,AEA,CE,Combined TRACON& Tower with Radar,0,4,4,0,8,0,0,10,0,10,0,4,14,0,18,8,0,8,26
09/13/2021,CKB,WV,AEA,CE,Combined TRACON& Tower with Radar,6,5,13,2,26,0,11,2,0,13,6,16,15,2,39,0,0,0,39
09/14/2021,CKB,WV,AEA,CE,Combined TRACON& Tower with Radar,1,9,10,4,24,0,17,10,0,27,1,26,20,4,51,0,0,0,51
09/15/2021,CKB,WV,AEA,CE,Combined TRACON& Tower with Radar,1,6,11,0,18,0,5,1,0,6,1,11,12,0,24,0,0,0,24
09/16/2021,CKB,WV,AEA,CE,Combined TRACON& Tower with Radar,0,5,5,3,13,0,13,4,1,18,0,18,9,4,31,0,0,0,31
09/17/2021,CKB,WV,AEA,CE,Combined TRACON& Tower with Radar,4,8,18,10,40,0,9,2,2,13,4,17,20,12,53,0,0,0,53
09/18/2021,CKB,WV,AEA,CE,Combined TRACON& Tower with Radar,2,8,2,0,12,0,5,11,0,16,2,13,13,0,28,0,0,0,28
09/19/2021,CKB,WV,AEA,CE,Combined TRACON& Tower with Radar,0,6,11,0,17,0,2,9,0,11,0,8,20,0,28,0,0,0,28
09/20/2021,CKB,WV,AEA,CE,Combined TRACON& Tower with Radar,6,6,12,4,28,0,0,5,0,5,6,6,17,4,33,0,0,0,33
09/21/2021,CKB,WV,AEA,CE,Combined TRACON& Tower with Radar,0,9,2,4,15,0,0,2,0,2,0,9,4,4,17,0,0,0,17
09/22/2021,CKB,WV,AEA,CE,Combined TRACON& Tower with Radar,3,10,5,4,22,0,2,0,0,2,3,12,5,4,24,0,0,0,24
09/23/2021,CKB,WV,AEA,CE,Combined TRACON& Tower with Radar,0,13,19,5,37,0,1,5,0,6,0,14,24,5,43,0,0,0,43
09/24/2021,CKB,WV,AEA,CE,Combined TRACON& Tower with Radar,4,12,20,11,47,0,23,24,0,47,4,35,44,11,94,0,0,0,94
09/25/2021,CKB,WV,AEA,CE,Combined TRACON& Tower with Radar,0,5,11,0,16,0,11,10,0,21,0,16,21,0,37,0,0,0,37
09/26/2021,CKB,WV,AEA,CE,Combined TRACON& Tower with Radar,0,4,9,0,13,0,5,5,0,10,0,9,14,0,23,16,0,16,39
09/27/2021,CKB,WV,AEA,CE,Combined TRACON& Tower with Radar,2,12,10,1,25,0,10,3,5,18,2,22,13,6,43,4,0,4,47
09/28/2021,CKB,WV,AEA,CE,Combined TRACON& Tower with Radar,0,9,8,3,20,0,1,2,0,3,0,10,10,3,23,0,0,0,23
09/29/2021,CKB,WV,AEA,CE,Combined TRACON& Tower with Radar,0,8,16,2,26,0,0,7,0,7,0,8,23,2,33,0,0,0,33
09/30/2021,CKB,WV,AEA,CE,Combined TRACON& Tower with Radar,2,6,3,2,13,0,0,18,0,18,2,6,21,2,31,8,0,8,39
10/01/2021,CKB,WV,AEA,CE,Combined TRACON& Tower with Radar,7,5,9,2,23,0,0,9,0,9,7,5,18,2,32,0,0,0,32
10/02/2021,CKB,WV,AEA,CE,Combined TRACON& Tower with Radar,4,4,8,0,16,0,1,9,0,10,4,5,17,0,26,0,0,0,26
10/03/2021,CKB,WV,AEA,CE,Combined TRACON& Tower with Radar,0,6,3,0,9,0,1,0,0,1,0,7,3,0,10,0,0,0,10
10/04/2021,CKB,WV,AEA,CE,Combined TRACON& Tower with Radar,2,6,9,2,19,0,0,0,0,0,2,6,9,2,19,0,0,0,19
10/05/2021,CKB,WV,AEA,CE,Combined TRACON& Tower with Radar,1,4,8,12,25,0,0,2,0,2,1,4,10,12,27,0,6,6,33
10/06/2021,CKB,WV,AEA,CE,Combined TRACON& Tower with Radar,0,3,6,0,9,0,2,1,0,3,0,5,7,0,12,0,0,0,12
10/07/2021,CKB,WV,AEA,CE,Combined TRACON& Tower with Radar,0,14,6,2,22,0,18,3,2,23,0,32,9,4,45,6,0,6,51
10/08/2021,CKB,WV,AEA,CE,Combined TRACON& Tower with Radar,4,7,7,3,21,0,7,14,1,22,4,14,21,4,43,0,0,0,43
10/09/2021,CKB,WV,AEA,CE,Combined TRACON& Tower with Radar,2,4,10,0,16,0,2,2,0,4,2,6,12,0,20,0,0,0,20
10/10/2021,CKB,WV,AEA,CE,Combined TRACON& Tower with Radar,7,4,5,0,16,0,0,4,0,4,7,4,9,0,20,0,0,0,20
10/11/2021,CKB,WV,AEA,CE,Combined TRACON& Tower with Radar,3,7,12,0,22,0,16,7,0,23,3,23,19,0,45,0,0,0,45
10/12/2021,CKB,WV,AEA,CE,Combined TRACON& Tower with Radar,2,7,8,0,17,0,21,6,2,29,2,28,14,2,46,0,0,0,46
10/13/2021,CKB,WV,AEA,CE,Combined TRACON& Tower with Radar,1,12,19,7,39,0,10,5,1,16,1,22,24,8,55,0,0,0,55
10/14/2021,CKB,WV,AEA,CE,Combined TRACON& Tower with Radar,0,13,10,8,31,0,16,5,3,24,0,29,15,11,55,0,0,0,55
10/15/2021,CKB,WV,AEA,CE,Combined TRACON& Tower with Radar,2,10,3,4,19,0,20,6,0,26,2,30,9,4,45,0,0,0,45
10/16/2021,CKB,WV,AEA,CE,Combined TRACON& Tower with Radar,0,3,5,2,10,0,2,0,0,2,0,5,5,2,12,0,0,0,12
10/17/2021,CKB,WV,AEA,CE,Combined TRACON& Tower with Radar,1,6,4,0,11,0,2,8,0,10,1,8,12,0,21,0,0,0,21
10/18/2021,CKB,WV,AEA,CE,Combined TRACON& Tower with Radar,4,3,8,6,21,0,8,9,1,18,4,11,17,7,39,0,0,0,39
10/19/2021,CKB,WV,AEA,CE,Combined TRACON& Tower with Radar,1,8,15,4,28,0,31,14,0,45,1,39,29,4,73,0,0,0,73
10/20/2021,CKB,WV,AEA,CE,Combined TRACON& Tower with Radar,3,6,8,5,22,0,24,17,0,41,3,30,25,5,63,0,0,0,63
10/21/2021,CKB,WV,AEA,CE,Combined TRACON& Tower with Radar,0,2,9,6,17,0,8,5,0,13,0,10,14,6,30,0,0,0,30
10/22/2021,CKB,WV,AEA,CE,Combined TRACON& Tower with Radar,5,7,11,6,29,0,0,0,0,0,5,7,11,6,29,0,0,0,29
10/23/2021,CKB,WV,AEA,CE,Combined TRACON& Tower with Radar,0,9,14,0,23,0,4,2,0,6,0,13,16,0,29,0,0,0,29
10/24/2021,CKB,WV,AEA,CE,Combined TRACON& Tower with Radar,0,2,11,0,13,0,0,7,0,7,0,2,18,0,20,0,0,0,20
10/25/2021,CKB,WV,AEA,CE,Combined TRACON& Tower with Radar,2,4,12,10,28,0,1,4,2,7,2,5,16,12,35,0,0,0,35
10/26/2021,CKB,WV,AEA,CE,Combined TRACON& Tower with Radar,0,5,2,4,11,0,2,4,0,6,0,7,6,4,17,0,0,0,17
10/27/2021,CKB,WV,AEA,CE,Combined TRACON& Tower with Radar,0,6,5,7,18,0,0,5,0,5,0,6,10,7,23,0,0,0,23
10/28/2021,CKB,WV,AEA,CE,Combined TRACON& Tower with Radar,0,9,8,5,22,0,20,7,1,28,0,29,15,6,50,24,0,24,74
10/29/2021,CKB,WV,AEA,CE,Combined TRACON& Tower with Radar,3,8,1,0,12,0,1,0,0,1,3,9,1,0,13,0,0,0,13
10/30/2021,CKB,WV,AEA,CE,Combined TRACON& Tower with Radar,1,3,2,0,6,0,0,0,0,0,1,3,2,0,6,0,0,0,6
10/31/2021,CKB,WV,AEA,CE,Combined TRACON& Tower with Radar,3,4,4,0,11,0,0,0,0,0,3,4,4,0,11,0,0,0,11
11/01/2021,CKB,WV,AEA,CE,Combined TRACON& Tower with Radar,2,7,7,4,20,0,27,10,3,40,2,34,17,7,60,0,0,0,60
11/02/2021,CKB,WV,AEA,CE,Combined TRACON& Tower with Radar,2,4,5,8,19,0,5,3,0,8,2,9,8,8,27,0,0,0,27
11/03/2021,CKB,WV,AEA,CE,Combined TRACON& Tower with Radar,0,8,11,4,23,0,19,10,0,29,0,27,21,4,52,0,0,0,52
11/04/2021,CKB,WV,AEA,CE,Combined TRACON& Tower with Radar,2,5,9,5,21,0,20,8,1,29,2,25,17,6,50,0,0,0,50
11/05/2021,CKB,WV,AEA,CE,Combined TRACON& Tower with Radar,4,7,9,4,24,0,27,15,0,42,4,34,24,4,66,0,0,0,66
11/06/2021,CKB,WV,AEA,CE,Combined TRACON& Tower with Radar,2,7,9,2,20,0,18,12,0,30,2,25,21,2,50,0,0,0,50
11/07/2021,CKB,WV,AEA,CE,Combined TRACON& Tower with Radar,0,5,11,2,18,0,8,15,0,23,0,13,26,2,41,0,0,0,41
11/08/2021,CKB,WV,AEA,CE,Combined TRACON& Tower with Radar,2,5,10,4,21,0,12,9,4,25,2,17,19,8,46,0,0,0,46
11/09/2021,CKB,WV,AEA,CE,Combined TRACON& Tower with Radar,0,6,14,10,30,0,12,10,4,26,0,18,24,14,56,0,0,0,56
11/10/2021,CKB,WV,AEA,CE,Combined TRACON& Tower with Radar,1,17,21,10,49,0,16,9,2,27,1,33,30,12,76,0,0,0,76
11/11/2021,CKB,WV,AEA,CE,Combined TRACON& Tower with Radar,3,6,11,1,21,0,7,11,0,18,3,13,22,1,39,0,0,0,39
11/12/2021,CKB,WV,AEA,CE,Combined TRACON& Tower with Radar,4,5,5,7,21,0,2,2,3,7,4,7,7,10,28,0,0,0,28
11/13/2021,CKB,WV,AEA,CE,Combined TRACON& Tower with Radar,2,3,0,0,5,0,0,0,0,0,2,3,0,0,5,0,0,0,5
11/14/2021,CKB,WV,AEA,CE,Combined TRACON& Tower with Radar,0,3,1,0,4,0,0,4,0,4,0,3,5,0,8,0,0,0,8
11/15/2021,CKB,WV,AEA,CE,Combined TRACON& Tower with Radar,2,5,9,10,26,0,5,1,0,6,2,10,10,10,32,0,0,0,32
11/16/2021,CKB,WV,AEA,CE,Combined TRACON& Tower with Radar,2,5,10,8,25,0,7,17,0,24,2,12,27,8,49,26,0,26,75
11/17/2021,CKB,WV,AEA,CE,Combined TRACON& Tower with Radar,3,4,5,8,20,0,16,5,1,22,3,20,10,9,42,0,0,0,42
11/18/2021,CKB,WV,AEA,CE,Combined TRACON& Tower with Radar,0,4,2,7,13,0,0,0,1,1,0,4,2,8,14,0,0,0,14
11/19/2021,CKB,WV,AEA,CE,Combined TRACON& Tower with Radar,8,7,4,4,23,0,11,20,1,32,8,18,24,5,55,4,0,4,59
11/20/2021,CKB,WV,AEA,CE,Combined TRACON& Tower with Radar,4,3,3,0,10,0,16,14,0,30,4,19,17,0,40,0,0,0,40
11/21/2021,CKB,WV,AEA,CE,Combined TRACON& Tower with Radar,1,4,4,2,11,0,2,0,2,4,1,6,4,4,15,4,0,4,19
11/22/2021,CKB,WV,AEA,CE,Combined TRACON& Tower with Radar,6,3,6,7,22,0,2,7,1,10,6,5,13,8,32,0,0,0,32
11/23/2021,CKB,WV,AEA,CE,Combined TRACON& Tower with Radar,1,5,9,6,21,0,3,5,2,10,1,8,14,8,31,0,14,14,45
11/24/2021,CKB,WV,AEA,CE,Combined TRACON& Tower with Radar,2,6,7,4,19,0,4,10,1,15,2,10,17,5,34,0,0,0,34
11/25/2021,CKB,WV,AEA,CE,Combined TRACON& Tower with Radar,0,4,1,0,5,0,0,0,0,0,0,4,1,0,5,0,0,0,5
11/26/2021,CKB,WV,AEA,CE,Combined TRACON& Tower with Radar,2,2,3,0,7,0,0,1,0,1,2,2,4,0,8,0,0,0,8
11/27/2021,CKB,WV,AEA,CE,Combined TRACON& Tower with Radar,3,6,9,0,18,0,5,10,0,15,3,11,19,0,33,0,0,0,33
11/28/2021,CKB,WV,AEA,CE,Combined TRACON& Tower with Radar,2,3,8,0,13,0,0,1,0,1,2,3,9,0,14,0,0,0,14
11/29/2021,CKB,WV,AEA,CE,Combined TRACON& Tower with Radar,2,8,9,3,22,0,13,12,0,25,2,21,21,3,47,0,0,0,47
11/30/2021,CKB,WV,AEA,CE,Combined TRACON& Tower with Radar,3,5,7,3,18,0,0,6,0,6,3,5,13,3,24,0,0,0,24
12/01/2021,CKB,WV,AEA,CE,Combined TRACON& Tower with Radar,0,13,4,16,33,0,13,7,1,21,0,26,11,17,54,58,38,96,150
12/02/2021,CKB,WV,AEA,CE,Combined TRACON& Tower with Radar,0,11,2,4,17,0,3,0,0,3,0,14,2,4,20,0,0,0,20
12/03/2021,CKB,WV,AEA,CE,Combined TRACON& Tower with Radar,4,4,16,7,31,0,21,8,1,30,4,25,24,8,61,0,0,0,61
12/04/2021,CKB,WV,AEA,CE,Combined TRACON& Tower with Radar,3,5,9,2,19,0,9,14,0,23,3,14,23,2,42,0,0,0,42
12/05/2021,CKB,WV,AEA,CE,Combined TRACON& Tower with Radar,0,3,9,2,14,0,6,12,0,18,0,9,21,2,32,0,0,0,32
12/06/2021,CKB,WV,AEA,CE,Combined TRACON& Tower with Radar,2,5,4,11,22,0,0,0,2,2,2,5,4,13,24,0,0,0,24
12/07/2021,CKB,WV,AEA,CE,Combined TRACON& Tower with Radar,2,5,11,4,22,0,15,6,0,21,2,20,17,4,43,0,0,0,43
12/08/2021,CKB,WV,AEA,CE,Combined TRACON& Tower with Radar,4,4,2,2,12,0,0,1,0,1,4,4,3,2,13,0,0,0,13
12/09/2021,CKB,WV,AEA,CE,Combined TRACON& Tower with Radar,3,7,2,12,24,0,11,10,0,21,3,18,12,12,45,36,2,38,83
12/10/2021,CKB,WV,AEA,CE,Combined TRACON& Tower with Radar,2,5,7,8,22,0,6,4,0,10,2,11,11,8,32,0,0,0,32
12/11/2021,CKB,WV,AEA,CE,Combined TRACON& Tower with Radar,0,3,2,0,5,0,0,0,0,0,0,3,2,0,5,0,0,0,5
12/12/2021,CKB,WV,AEA,CE,Combined TRACON& Tower with Radar,0,3,4,0,7,0,2,9,0,11,0,5,13,0,18,0,0,0,18
12/13/2021,CKB,WV,AEA,CE,Combined TRACON& Tower with Radar,2,4,6,12,24,0,8,3,2,13,2,12,9,14,37,0,0,0,37
12/14/2021,CKB,WV,AEA,CE,Combined TRACON& Tower with Radar,3,7,3,0,13,0,15,18,0,33,3,22,21,0,46,0,0,0,46
12/15/2021,CKB,WV,AEA,CE,Combined TRACON& Tower with Radar,0,3,6,1,10,0,12,12,0,24,0,15,18,1,34,0,0,0,34
12/16/2021,CKB,WV,AEA,CE,Combined TRACON& Tower with Radar,5,2,9,3,19,0,3,1,0,4,5,5,10,3,23,4,6,10,33
12/17/2021,CKB,WV,AEA,CE,Combined TRACON& Tower with Radar,3,5,7,1,16,0,18,3,0,21,3,23,10,1,37,0,0,0,37
12/18/2021,CKB,WV,AEA,CE,Combined TRACON& Tower with Radar,2,4,6,0,12,0,2,0,0,2,2,6,6,0,14,0,0,0,14
12/19/2021,CKB,WV,AEA,CE,Combined TRACON& Tower with Radar,0,4,7,0,11,0,2,4,0,6,0,6,11,0,17,0,0,0,17
12/20/2021,CKB,WV,AEA,CE,Combined TRACON& Tower with Radar,2,5,8,0,15,0,4,12,0,16,2,9,20,0,31,12,0,12,43
12/21/2021,CKB,WV,AEA,CE,Combined TRACON& Tower with Radar,0,6,11,0,17,0,8,13,0,21,0,14,24,0,38,64,0,64,102
12/22/2021,CKB,WV,AEA,CE,Combined TRACON& Tower with Radar,2,4,3,0,9,0,2,2,0,4,2,6,5,0,13,0,0,0,13
12/23/2021,CKB,WV,AEA,CE,Combined TRACON& Tower with Radar,0,4,5,0,9,0,6,12,0,18,0,10,17,0,27,0,0,0,27
12/24/2021,CKB,WV,AEA,CE,Combined TRACON& Tower with Radar,2,7,2,0,11,0,0,1,0,1,2,7,3,0,12,0,0,0,12
12/25/2021,CKB,WV,AEA,CE,Combined TRACON& Tower with Radar,0,6,2,0,8,0,0,0,0,0,0,6,2,0,8,0,0,0,8
12/26/2021,CKB,WV,AEA,CE,Combined TRACON& Tower with Radar,0,4,7,0,11,0,4,10,0,14,0,8,17,0,25,0,0,0,25
12/27/2021,CKB,WV,AEA,CE,Combined TRACON& Tower with Radar,2,6,4,4,16,0,2,2,1,5,2,8,6,5,21,0,0,0,21
12/28/2021,CKB,WV,AEA,CE,Combined TRACON& Tower with Radar,0,6,4,2,12,0,0,5,0,5,0,6,9,2,17,4,0,4,21
12/29/2021,CKB,WV,AEA,CE,Combined TRACON& Tower with Radar,2,4,0,0,6,0,0,0,0,0,2,4,0,0,6,0,0,0,6
12/30/2021,CKB,WV,AEA,CE,Combined TRACON& Tower with Radar,0,4,7,8,19,0,0,0,0,0,0,4,7,8,19,0,0,0,19
12/31/2021,CKB,WV,AEA,CE,Combined TRACON& Tower with Radar,4,4,4,0,12,0,2,5,0,7,4,6,9,0,19,0,0,0,19
01/01/2022,CKB,WV,AEA,CE,Combined TRACON& Tower with Radar,2,3,4,0,9,0,0,0,0,0,2,3,4,0,9,0,0,0,9
01/02/2022,CKB,WV,AEA,CE,Combined TRACON& Tower with Radar,0,2,3,0,5,0,0,0,0,0,0,2,3,0,5,0,0,0,5
01/03/2022,CKB,WV,AEA,CE,Combined TRACON& Tower with Radar,2,3,2,0,7,0,2,1,0,3,2,5,3,0,10,0,0,0,10
01/04/2022,CKB,WV,AEA,CE,Combined TRACON& Tower with Radar,0,4,7,0,11,0,7,8,0,15,0,11,15,0,26,0,0,0,26
01/05/2022,CKB,WV,AEA,CE,Combined TRACON& Tower with Radar,1,4,2,1,8,1,0,0,3,4,2,4,2,4,12,0,0,0,12
01/06/2022,CKB,WV,AEA,CE,Combined TRACON& Tower with Radar,0,6,0,0,6,0,6,0,0,6,0,12,0,0,12,2,6,8,20
01/07/2022,CKB,WV,AEA,CE,Combined TRACON& Tower with Radar,4,3,0,0,7,0,0,1,0,1,4,3,1,0,8,0,0,0,8
01/08/2022,CKB,WV,AEA,CE,Combined TRACON& Tower with Radar,1,7,4,0,12,0,6,12,0,18,1,13,16,0,30,0,0,0,30
01/09/2022,CKB,WV,AEA,CE,Combined TRACON& Tower with Radar,0,4,2,0,6,0,0,0,0,0,0,4,2,0,6,0,0,0,6
01/10/2022,CKB,WV,AEA,CE,Combined TRACON& Tower with Radar,6,8,0,3,17,0,3,1,0,4,6,11,1,3,21,0,0,0,21
01/11/2022,CKB,WV,AEA,CE,Combined TRACON& Tower with Radar,0,7,7,2,16,0,24,12,3,39,0,31,19,5,55,0,0,0,55
01/12/2022,CKB,WV,AEA,CE,Combined TRACON& Tower with Radar,6,5,5,6,22,0,0,6,0,6,6,5,11,6,28,0,0,0,28
01/13/2022,CKB,WV,AEA,CE,Combined TRACON& Tower with Radar,0,7,6,0,13,0,11,3,0,14,0,18,9,0,27,0,0,0,27
01/14/2022,CKB,WV,AEA,CE,Combined TRACON& Tower with Radar,7,1,2,2,12,0,0,1,0,1,7,1,3,2,13,0,0,0,13
01/15/2022,CKB,WV,AEA,CE,Combined TRACON& Tower with Radar,7,8,9,0,24,0,16,8,0,24,7,24,17,0,48,0,0,0,48
01/16/2022,CKB,WV,AEA,CE,Combined TRACON& Tower with Radar,1,1,1,0,3,0,0,0,0,0,1,1,1,0,3,0,0,0,3
01/17/2022,CKB,WV,AEA,CE,Combined TRACON& Tower with Radar,0,0,0,0,0,0,0,0,0,0,0,0,0,0,0,0,0,0,0
01/18/2022,CKB,WV,AEA,CE,Combined TRACON& Tower with Radar,0,0,0,0,0,0,0,2,1,3,0,0,2,1,3,0,0,0,3
01/19/2022,CKB,WV,AEA,CE,Combined TRACON& Tower with Radar,3,4,3,0,10,0,0,4,0,4,3,4,7,0,14,0,0,0,14
01/20/2022,CKB,WV,AEA,CE,Combined TRACON& Tower with Radar,0,4,5,0,9,0,0,0,0,0,0,4,5,0,9,0,0,0,9
01/21/2022,CKB,WV,AEA,CE,Combined TRACON& Tower with Radar,6,5,9,4,24,0,24,6,0,30,6,29,15,4,54,4,0,4,58
01/22/2022,CKB,WV,AEA,CE,Combined TRACON& Tower with Radar,3,6,7,0,16,0,24,9,2,35,3,30,16,2,51,0,0,0,51
01/23/2022,CKB,WV,AEA,CE,Combined TRACON& Tower with Radar,0,8,3,0,11,0,0,2,0,2,0,8,5,0,13,0,0,0,13
01/24/2022,CKB,WV,AEA,CE,Combined TRACON& Tower with Radar,2,7,1,2,12,0,2,1,0,3,2,9,2,2,15,0,0,0,15
01/25/2022,CKB,WV,AEA,CE,Combined TRACON& Tower with Radar,5,4,3,2,14,0,0,1,0,1,5,4,4,2,15,0,0,0,15
01/26/2022,CKB,WV,AEA,CE,Combined TRACON& Tower with Radar,0,7,12,7,26,0,13,7,4,24,0,20,19,11,50,0,0,0,50
01/27/2022,CKB,WV,AEA,CE,Combined TRACON& Tower with Radar,3,10,3,6,22,0,25,10,3,38,3,35,13,9,60,14,0,14,74
01/28/2022,CKB,WV,AEA,CE,Combined TRACON& Tower with Radar,4,2,3,0,9,0,0,0,0,0,4,2,3,0,9,0,0,0,9
01/29/2022,CKB,WV,AEA,CE,Combined TRACON& Tower with Radar,3,5,1,4,13,0,15,7,0,22,3,20,8,4,35,0,0,0,35
01/30/2022,CKB,WV,AEA,CE,Combined TRACON& Tower with Radar,0,5,4,0,9,0,6,3,0,9,0,11,7,0,18,0,0,0,18
01/31/2022,CKB,WV,AEA,CE,Combined TRACON& Tower with Radar,3,5,8,7,23,0,19,11,5,35,3,24,19,12,58,0,0,0,58
02/01/2022,CKB,WV,AEA,CE,Combined TRACON& Tower with Radar,1,6,8,9,24,0,27,6,4,37,1,33,14,13,61,12,0,12,73
02/02/2022,CKB,WV,AEA,CE,Combined TRACON& Tower with Radar,0,9,8,8,25,0,29,7,0,36,0,38,15,8,61,0,0,0,61
02/03/2022,CKB,WV,AEA,CE,Combined TRACON& Tower with Radar,0,1,0,0,1,0,0,0,0,0,0,1,0,0,1,0,0,0,1
02/04/2022,CKB,WV,AEA,CE,Combined TRACON& Tower with Radar,1,7,0,0,8,0,0,0,0,0,1,7,0,0,8,0,0,0,8
02/05/2022,CKB,WV,AEA,CE,Combined TRACON& Tower with Radar,1,5,4,7,17,0,2,2,0,4,1,7,6,7,21,0,0,0,21
02/06/2022,CKB,WV,AEA,CE,Combined TRACON& Tower with Radar,4,6,1,2,13,0,7,13,0,20,4,13,14,2,33,0,0,0,33
02/07/2022,CKB,WV,AEA,CE,Combined TRACON& Tower with Radar,2,5,10,14,31,0,16,9,0,25,2,21,19,14,56,0,0,0,56
02/08/2022,CKB,WV,AEA,CE,Combined TRACON& Tower with Radar,0,8,8,4,20,0,14,2,0,16,0,22,10,4,36,0,0,0,36
02/09/2022,CKB,WV,AEA,CE,Combined TRACON& Tower with Radar,2,11,3,8,24,0,12,3,0,15,2,23,6,8,39,0,0,0,39
02/10/2022,CKB,WV,AEA,CE,Combined TRACON& Tower with Radar,1,6,4,4,15,0,2,4,2,8,1,8,8,6,23,0,0,0,23
02/11/2022,CKB,WV,AEA,CE,Combined TRACON& Tower with Radar,6,7,4,2,19,0,6,5,0,11,6,13,9,2,30,0,0,0,30
02/12/2022,CKB,WV,AEA,CE,Combined TRACON& Tower with Radar,1,3,0,0,4,0,5,4,0,9,1,8,4,0,13,0,0,0,13
02/13/2022,CKB,WV,AEA,CE,Combined TRACON& Tower with Radar,0,4,5,0,9,0,1,3,1,5,0,5,8,1,14,2,2,4,18
02/14/2022,CKB,WV,AEA,CE,Combined TRACON& Tower with Radar,2,6,7,2,17,0,13,7,0,20,2,19,14,2,37,0,0,0,37
02/15/2022,CKB,WV,AEA,CE,Combined TRACON& Tower with Radar,2,6,6,9,23,0,16,16,2,34,2,22,22,11,57,0,0,0,57
02/16/2022,CKB,WV,AEA,CE,Combined TRACON& Tower with Radar,2,7,4,5,18,0,6,1,1,8,2,13,5,6,26,0,0,0,26
02/17/2022,CKB,WV,AEA,CE,Combined TRACON& Tower with Radar,5,5,0,4,14,0,0,1,0,1,5,5,1,4,15,0,0,0,15
02/18/2022,CKB,WV,AEA,CE,Combined TRACON& Tower with Radar,2,5,7,0,14,0,2,2,0,4,2,7,9,0,18,0,0,0,18
02/19/2022,CKB,WV,AEA,CE,Combined TRACON& Tower with Radar,2,4,0,0,6,0,0,0,0,0,2,4,0,0,6,0,0,0,6
02/20/2022,CKB,WV,AEA,CE,Combined TRACON& Tower with Radar,6,4,7,0,17,0,5,12,0,17,6,9,19,0,34,14,0,14,48
02/21/2022,CKB,WV,AEA,CE,Combined TRACON& Tower with Radar,3,5,34,0,42,0,15,14,0,29,3,20,48,0,71,0,0,0,71
02/22/2022,CKB,WV,AEA,CE,Combined TRACON& Tower with Radar,4,5,7,6,22,0,2,4,0,6,4,7,11,6,28,0,0,0,28
02/23/2022,CKB,WV,AEA,CE,Combined TRACON& Tower with Radar,0,4,8,6,18,0,0,5,2,7,0,4,13,8,25,0,0,0,25
02/24/2022,CKB,WV,AEA,CE,Combined TRACON& Tower with Radar,5,5,3,0,13,0,0,0,0,0,5,5,3,0,13,0,0,0,13
02/25/2022,CKB,WV,AEA,CE,Combined TRACON& Tower with Radar,2,3,1,6,12,0,0,0,0,0,2,3,1,6,12,0,0,0,12
02/26/2022,CKB,WV,AEA,CE,Combined TRACON& Tower with Radar,5,6,10,0,21,0,5,5,0,10,5,11,15,0,31,0,0,0,31
02/27/2022,CKB,WV,AEA,CE,Combined TRACON& Tower with Radar,11,4,4,0,19,0,4,8,1,13,11,8,12,1,32,0,0,0,32
02/28/2022,CKB,WV,AEA,CE,Combined TRACON& Tower with Radar,2,7,10,5,24,0,9,18,3,30,2,16,28,8,54,0,0,0,54
03/01/2022,CKB,WV,AEA,CE,Combined TRACON& Tower with Radar,0,6,5,6,17,0,24,2,4,30,0,30,7,10,47,0,0,0,47
03/02/2022,CKB,WV,AEA,CE,Combined TRACON& Tower with Radar,1,7,8,8,24,0,16,5,0,21,1,23,13,8,45,0,0,0,45
03/03/2022,CKB,WV,AEA,CE,Combined TRACON& Tower with Radar,2,6,8,10,26,0,4,3,0,7,2,10,11,10,33,0,0,0,33
03/04/2022,CKB,WV,AEA,CE,Combined TRACON& Tower with Radar,1,8,7,5,21,0,23,15,3,41,1,31,22,8,62,0,0,0,62
03/05/2022,CKB,WV,AEA,CE,Combined TRACON& Tower with Radar,2,3,5,0,10,0,4,12,2,18,2,7,17,2,28,0,0,0,28
03/06/2022,CKB,WV,AEA,CE,Combined TRACON& Tower with Radar,5,6,4,0,15,0,2,0,0,2,5,8,4,0,17,0,0,0,17
03/07/2022,CKB,WV,AEA,CE,Combined TRACON& Tower with Radar,1,4,0,0,5,0,0,0,0,0,1,4,0,0,5,0,0,0,5
03/08/2022,CKB,WV,AEA,CE,Combined TRACON& Tower with Radar,1,6,4,9,20,0,17,3,2,22,1,23,7,11,42,0,0,0,42
03/09/2022,CKB,WV,AEA,CE,Combined TRACON& Tower with Radar,4,4,4,0,12,0,0,0,0,0,4,4,4,0,12,0,0,0,12
03/10/2022,CKB,WV,AEA,CE,Combined TRACON& Tower with Radar,0,3,9,8,20,0,24,7,1,32,0,27,16,9,52,0,4,4,56
03/11/2022,CKB,WV,AEA,CE,Combined TRACON& Tower with Radar,4,5,8,3,20,0,9,6,1,16,4,14,14,4,36,0,0,0,36
03/12/2022,CKB,WV,AEA,CE,Combined TRACON& Tower with Radar,2,5,0,0,7,0,0,0,0,0,2,5,0,0,7,0,0,0,7
03/13/2022,CKB,WV,AEA,CE,Combined TRACON& Tower with Radar,3,6,0,0,9,0,0,3,0,3,3,6,3,0,12,0,0,0,12
03/14/2022,CKB,WV,AEA,CE,Combined TRACON& Tower with Radar,2,10,10,3,25,0,18,15,0,33,2,28,25,3,58,8,0,8,66
03/15/2022,CKB,WV,AEA,CE,Combined TRACON& Tower with Radar,0,7,11,7,25,0,14,13,8,35,0,21,24,15,60,0,0,0,60
03/16/2022,CKB,WV,AEA,CE,Combined TRACON& Tower with Radar,4,8,10,10,32,0,17,17,0,34,4,25,27,10,66,0,0,0,66
03/17/2022,CKB,WV,AEA,CE,Combined TRACON& Tower with Radar,3,10,9,6,28,0,19,10,0,29,3,29,19,6,57,0,0,0,57
03/18/2022,CKB,WV,AEA,CE,Combined TRACON& Tower with Radar,2,8,2,6,18,0,11,19,0,30,2,19,21,6,48,0,0,0,48
03/19/2022,CKB,WV,AEA,CE,Combined TRACON& Tower with Radar,0,7,2,0,9,0,2,5,1,8,0,9,7,1,17,0,0,0,17
03/20/2022,CKB,WV,AEA,CE,Combined TRACON& Tower with Radar,0,6,3,0,9,0,0,1,1,2,0,6,4,1,11,0,0,0,11
03/21/2022,CKB,WV,AEA,CE,Combined TRACON& Tower with Radar,8,6,8,8,30,0,17,22,1,40,8,23,30,9,70,0,0,0,70
03/22/2022,CKB,WV,AEA,CE,Combined TRACON& Tower with Radar,1,7,10,9,27,0,29,12,0,41,1,36,22,9,68,8,0,8,76
03/23/2022,CKB,WV,AEA,CE,Combined TRACON& Tower with Radar,0,8,10,0,18,0,2,2,0,4,0,10,12,0,22,0,0,0,22
03/24/2022,CKB,WV,AEA,CE,Combined TRACON& Tower with Radar,2,7,12,12,33,0,20,19,2,41,2,27,31,14,74,2,0,2,76
03/25/2022,CKB,WV,AEA,CE,Combined TRACON& Tower with Radar,4,3,3,2,12,0,11,9,0,20,4,14,12,2,32,0,0,0,32
03/26/2022,CKB,WV,AEA,CE,Combined TRACON& Tower with Radar,1,8,1,0,10,0,0,2,0,2,1,8,3,0,12,0,0,0,12
03/27/2022,CKB,WV,AEA,CE,Combined TRACON& Tower with Radar,2,8,8,0,18,0,0,2,0,2,2,8,10,0,20,0,0,0,20
03/28/2022,CKB,WV,AEA,CE,Combined TRACON& Tower with Radar,2,3,7,2,14,0,2,8,0,10,2,5,15,2,24,0,0,0,24
03/29/2022,CKB,WV,AEA,CE,Combined TRACON& Tower with Radar,0,6,10,11,27,0,29,23,2,54,0,35,33,13,81,0,0,0,81
03/30/2022,CKB,WV,AEA,CE,Combined TRACON& Tower with Radar,0,5,5,6,16,0,14,4,1,19,0,19,9,7,35,0,0,0,35
03/31/2022,CKB,WV,AEA,CE,Combined TRACON& Tower with Radar,3,3,3,0,9,0,4,0,0,4,3,7,3,0,13,0,0,0,13
04/01/2022,CKB,WV,AEA,CE,Combined TRACON& Tower with Radar,5,3,1,2,11,0,0,0,0,0,5,3,1,2,11,0,0,0,11
04/02/2022,CKB,WV,AEA,CE,Combined TRACON& Tower with Radar,0,5,15,2,22,0,19,25,0,44,0,24,40,2,66,0,0,0,66
04/03/2022,CKB,WV,AEA,CE,Combined TRACON& Tower with Radar,2,4,1,0,7,0,0,6,0,6,2,4,7,0,13,0,0,0,13
04/04/2022,CKB,WV,AEA,CE,Combined TRACON& Tower with Radar,4,6,7,5,22,0,20,5,1,26,4,26,12,6,48,0,0,0,48
04/05/2022,CKB,WV,AEA,CE,Combined TRACON& Tower with Radar,5,4,1,8,18,0,2,0,0,2,5,6,1,8,20,0,0,0,20
04/06/2022,CKB,WV,AEA,CE,Combined TRACON& Tower with Radar,0,10,14,6,30,0,3,2,0,5,0,13,16,6,35,0,2,2,37
04/07/2022,CKB,WV,AEA,CE,Combined TRACON& Tower with Radar,2,6,13,11,32,0,14,4,0,18,2,20,17,11,50,0,0,0,50
04/08/2022,CKB,WV,AEA,CE,Combined TRACON& Tower with Radar,2,8,12,6,28,0,5,5,2,12,2,13,17,8,40,0,0,0,40
04/09/2022,CKB,WV,AEA,CE,Combined TRACON& Tower with Radar,0,9,1,0,10,0,0,0,0,0,0,9,1,0,10,0,0,0,10
04/10/2022,CKB,WV,AEA,CE,Combined TRACON& Tower with Radar,0,6,9,0,15,0,2,14,0,16,0,8,23,0,31,0,0,0,31
04/11/2022,CKB,WV,AEA,CE,Combined TRACON& Tower with Radar,2,5,14,4,25,0,8,2,0,10,2,13,16,4,35,8,0,8,43
04/12/2022,CKB,WV,AEA,CE,Combined TRACON& Tower with Radar,0,7,10,6,23,0,8,4,0,12,0,15,14,6,35,0,0,0,35
04/13/2022,CKB,WV,AEA,CE,Combined TRACON& Tower with Radar,3,7,6,8,24,0,5,0,4,9,3,12,6,12,33,0,0,0,33
04/14/2022,CKB,WV,AEA,CE,Combined TRACON& Tower with Radar,3,4,7,15,29,0,4,3,0,7,3,8,10,15,36,0,0,0,36
04/15/2022,CKB,WV,AEA,CE,Combined TRACON& Tower with Radar,5,5,9,6,25,0,23,25,0,48,5,28,34,6,73,0,0,0,73
04/16/2022,CKB,WV,AEA,CE,Combined TRACON& Tower with Radar,0,2,7,0,9,0,2,2,0,4,0,4,9,0,13,0,0,0,13
04/17/2022,CKB,WV,AEA,CE,Combined TRACON& Tower with Radar,3,5,5,0,13,0,0,7,0,7,3,5,12,0,20,2,0,2,22
04/18/2022,CKB,WV,AEA,CE,Combined TRACON& Tower with Radar,4,4,6,2,16,0,0,0,0,0,4,4,6,2,16,0,0,0,16
04/19/2022,CKB,WV,AEA,CE,Combined TRACON& Tower with Radar,0,9,5,2,16,0,0,2,0,2,0,9,7,2,18,0,0,0,18
04/20/2022,CKB,WV,AEA,CE,Combined TRACON& Tower with Radar,0,11,11,16,38,0,21,24,0,45,0,32,35,16,83,36,4,40,123
04/21/2022,CKB,WV,AEA,CE,Combined TRACON& Tower with Radar,3,8,7,8,26,0,4,2,0,6,3,12,9,8,32,0,0,0,32
04/22/2022,CKB,WV,AEA,CE,Combined TRACON& Tower with Radar,2,7,7,10,26,0,18,16,0,34,2,25,23,10,60,0,0,0,60
04/23/2022,CKB,WV,AEA,CE,Combined TRACON& Tower with Radar,0,5,8,0,13,0,10,19,0,29,0,15,27,0,42,10,0,10,52
04/24/2022,CKB,WV,AEA,CE,Combined TRACON& Tower with Radar,3,3,5,0,11,0,0,6,0,6,3,3,11,0,17,0,0,0,17
04/25/2022,CKB,WV,AEA,CE,Combined TRACON& Tower with Radar,6,5,9,8,28,0,6,8,2,16,6,11,17,10,44,0,0,0,44
04/26/2022,CKB,WV,AEA,CE,Combined TRACON& Tower with Radar,0,7,8,6,21,0,3,1,0,4,0,10,9,6,25,2,0,2,27
04/27/2022,CKB,WV,AEA,CE,Combined TRACON& Tower with Radar,0,7,2,14,23,0,7,7,0,14,0,14,9,14,37,0,0,0,37
04/28/2022,CKB,WV,AEA,CE,Combined TRACON& Tower with Radar,2,7,8,11,28,0,20,24,1,45,2,27,32,12,73,0,2,2,75
04/29/2022,CKB,WV,AEA,CE,Combined TRACON& Tower with Radar,2,5,6,10,23,0,10,28,0,38,2,15,34,10,61,0,0,0,61
04/30/2022,CKB,WV,AEA,CE,Combined TRACON& Tower with Radar,4,4,12,0,20,0,10,11,0,21,4,14,23,0,41,0,0,0,41
05/01/2022,CKB,WV,AEA,CE,Combined TRACON& Tower with Radar,2,8,3,0,13,0,0,0,0,0,2,8,3,0,13,0,0,0,13
05/02/2022,CKB,WV,AEA,CE,Combined TRACON& Tower with Radar,3,12,12,11,38,0,6,8,3,17,3,18,20,14,55,0,0,0,55
05/03/2022,CKB,WV,AEA,CE,Combined TRACON& Tower with Radar,0,5,6,7,18,0,8,5,0,13,0,13,11,7,31,0,0,0,31
05/04/2022,CKB,WV,AEA,CE,Combined TRACON& Tower with Radar,0,9,9,10,28,0,0,0,0,0,0,9,9,10,28,0,0,0,28
05/05/2022,CKB,WV,AEA,CE,Combined TRACON& Tower with Radar,3,8,9,11,31,0,13,9,0,22,3,21,18,11,53,4,0,4,57
05/06/2022,CKB,WV,AEA,CE,Combined TRACON& Tower with Radar,2,6,3,0,11,0,0,0,0,0,2,6,3,0,11,0,0,0,11
05/07/2022,CKB,WV,AEA,CE,Combined TRACON& Tower with Radar,2,10,5,0,17,0,2,0,0,2,2,12,5,0,19,0,0,0,19
05/08/2022,CKB,WV,AEA,CE,Combined TRACON& Tower with Radar,4,8,3,0,15,0,7,2,0,9,4,15,5,0,24,7,0,7,31
05/09/2022,CKB,WV,AEA,CE,Combined TRACON& Tower with Radar,2,9,8,4,23,0,19,19,1,39,2,28,27,5,62,0,0,0,62
05/10/2022,CKB,WV,AEA,CE,Combined TRACON& Tower with Radar,0,8,9,6,23,0,8,16,0,24,0,16,25,6,47,16,0,16,63
05/11/2022,CKB,WV,AEA,CE,Combined TRACON& Tower with Radar,1,9,4,7,21,0,25,16,0,41,1,34,20,7,62,0,0,0,62
05/12/2022,CKB,WV,AEA,CE,Combined TRACON& Tower with Radar,7,11,3,6,27,0,20,12,1,33,7,31,15,7,60,0,0,0,60
05/13/2022,CKB,WV,AEA,CE,Combined TRACON& Tower with Radar,3,6,1,2,12,0,22,10,0,32,3,28,11,2,44,6,0,6,50
05/14/2022,CKB,WV,AEA,CE,Combined TRACON& Tower with Radar,3,8,2,0,13,0,8,11,0,19,3,16,13,0,32,0,0,0,32
05/15/2022,CKB,WV,AEA,CE,Combined TRACON& Tower with Radar,2,9,8,0,19,0,0,2,0,2,2,9,10,0,21,0,0,0,21
05/16/2022,CKB,WV,AEA,CE,Combined TRACON& Tower with Radar,2,7,11,0,20,0,2,0,0,2,2,9,11,0,22,0,0,0,22
05/17/2022,CKB,WV,AEA,CE,Combined TRACON& Tower with Radar,2,10,4,5,21,0,17,18,1,36,2,27,22,6,57,0,0,0,57
05/18/2022,CKB,WV,AEA,CE,Combined TRACON& Tower with Radar,0,9,7,0,16,0,13,8,0,21,0,22,15,0,37,0,0,0,37
05/19/2022,CKB,WV,AEA,CE,Combined TRACON& Tower with Radar,2,10,9,8,29,0,1,3,0,4,2,11,12,8,33,0,0,0,33
05/20/2022,CKB,WV,AEA,CE,Combined TRACON& Tower with Radar,2,9,11,2,24,0,0,1,2,3,2,9,12,4,27,0,0,0,27
05/21/2022,CKB,WV,AEA,CE,Combined TRACON& Tower with Radar,0,6,6,0,12,0,0,7,0,7,0,6,13,0,19,0,0,0,19
05/22/2022,CKB,WV,AEA,CE,Combined TRACON& Tower with Radar,3,8,6,0,17,0,2,2,0,4,3,10,8,0,21,0,0,0,21
05/23/2022,CKB,WV,AEA,CE,Combined TRACON& Tower with Radar,2,10,16,4,32,0,10,0,1,11,2,20,16,5,43,0,0,0,43
05/24/2022,CKB,WV,AEA,CE,Combined TRACON& Tower with Radar,2,11,8,0,21,0,10,5,0,15,2,21,13,0,36,0,0,0,36
05/25/2022,CKB,WV,AEA,CE,Combined TRACON& Tower with Radar,4,10,15,4,33,0,31,19,0,50,4,41,34,4,83,0,0,0,83
05/26/2022,CKB,WV,AEA,CE,Combined TRACON& Tower with Radar,2,8,12,2,24,0,24,9,2,35,2,32,21,4,59,0,0,0,59
05/27/2022,CKB,WV,AEA,CE,Combined TRACON& Tower with Radar,2,6,6,0,14,0,0,1,0,1,2,6,7,0,15,0,0,0,15
05/28/2022,CKB,WV,AEA,CE,Combined TRACON& Tower with Radar,0,9,13,0,22,0,2,2,0,4,0,11,15,0,26,0,0,0,26
05/29/2022,CKB,WV,AEA,CE,Combined TRACON& Tower with Radar,2,6,8,0,16,0,2,13,0,15,2,8,21,0,31,0,0,0,31
05/30/2022,CKB,WV,AEA,CE,Combined TRACON& Tower with Radar,2,6,5,0,13,0,2,6,0,8,2,8,11,0,21,0,0,0,21
05/31/2022,CKB,WV,AEA,CE,Combined TRACON& Tower with Radar,5,11,14,2,32,0,12,18,2,32,5,23,32,4,64,0,0,0,64
06/01/2022,CKB,WV,AEA,CE,Combined TRACON& Tower with Radar,2,11,8,4,25,0,12,6,1,19,2,23,14,5,44,0,0,0,44
06/02/2022,CKB,WV,AEA,CE,Combined TRACON& Tower with Radar,4,7,11,4,26,0,0,1,1,2,4,7,12,5,28,0,46,46,74
06/03/2022,CKB,WV,AEA,CE,Combined TRACON& Tower with Radar,3,7,11,7,28,0,23,15,3,41,3,30,26,10,69,0,0,0,69
06/04/2022,CKB,WV,AEA,CE,Combined TRACON& Tower with Radar,2,6,10,3,21,0,10,7,1,18,2,16,17,4,39,0,0,0,39
06/05/2022,CKB,WV,AEA,CE,Combined TRACON& Tower with Radar,4,6,5,0,15,0,2,8,0,10,4,8,13,0,25,0,0,0,25
06/06/2022,CKB,WV,AEA,CE,Combined TRACON& Tower with Radar,2,8,10,6,26,0,35,5,2,42,2,43,15,8,68,0,0,0,68
06/07/2022,CKB,WV,AEA,CE,Combined TRACON& Tower with Radar,0,6,4,5,15,0,4,0,2,6,0,10,4,7,21,0,0,0,21
06/08/2022,CKB,WV,AEA,CE,Combined TRACON& Tower with Radar,2,10,16,6,34,0,29,2,0,31,2,39,18,6,65,0,6,6,71
06/09/2022,CKB,WV,AEA,CE,Combined TRACON& Tower with Radar,11,9,15,12,47,0,18,3,0,21,11,27,18,12,68,0,0,0,68
06/10/2022,CKB,WV,AEA,CE,Combined TRACON& Tower with Radar,2,9,5,5,21,0,25,18,8,51,2,34,23,13,72,0,0,0,72
06/11/2022,CKB,WV,AEA,CE,Combined TRACON& Tower with Radar,2,7,4,0,13,0,0,0,0,0,2,7,4,0,13,0,0,0,13
06/12/2022,CKB,WV,AEA,CE,Combined TRACON& Tower with Radar,5,8,6,0,19,0,12,22,0,34,5,20,28,0,53,0,0,0,53
06/13/2022,CKB,WV,AEA,CE,Combined TRACON& Tower with Radar,2,8,19,11,40,0,15,8,5,28,2,23,27,16,68,6,0,6,74
06/14/2022,CKB,WV,AEA,CE,Combined TRACON& Tower with Radar,0,10,7,4,21,0,0,1,0,1,0,10,8,4,22,0,0,0,22
06/15/2022,CKB,WV,AEA,CE,Combined TRACON& Tower with Radar,6,7,11,7,31,0,32,15,1,48,6,39,26,8,79,0,0,0,79
06/16/2022,CKB,WV,AEA,CE,Combined TRACON& Tower with Radar,4,7,9,7,27,0,24,7,7,38,4,31,16,14,65,0,0,0,65
06/17/2022,CKB,WV,AEA,CE,Combined TRACON& Tower with Radar,2,7,8,4,21,0,11,15,0,26,2,18,23,4,47,4,12,16,63
06/18/2022,CKB,WV,AEA,CE,Combined TRACON& Tower with Radar,3,8,3,0,14,0,0,5,0,5,3,8,8,0,19,0,0,0,19
06/19/2022,CKB,WV,AEA,CE,Combined TRACON& Tower with Radar,4,6,8,0,18,0,15,23,0,38,4,21,31,0,56,0,0,0,56
06/20/2022,CKB,WV,AEA,CE,Combined TRACON& Tower with Radar,2,8,12,0,22,0,13,15,0,28,2,21,27,0,50,0,0,0,50
06/21/2022,CKB,WV,AEA,CE,Combined TRACON& Tower with Radar,0,14,4,4,22,0,33,21,7,61,0,47,25,11,83,0,0,0,83
06/22/2022,CKB,WV,AEA,CE,Combined TRACON& Tower with Radar,2,6,6,9,23,0,19,9,4,32,2,25,15,13,55,0,0,0,55
06/23/2022,CKB,WV,AEA,CE,Combined TRACON& Tower with Radar,4,11,14,12,41,0,25,11,3,39,4,36,25,15,80,0,0,0,80
06/24/2022,CKB,WV,AEA,CE,Combined TRACON& Tower with Radar,2,12,7,10,31,0,23,13,0,36,2,35,20,10,67,0,0,0,67
06/25/2022,CKB,WV,AEA,CE,Combined TRACON& Tower with Radar,3,6,8,0,17,0,17,23,0,40,3,23,31,0,57,0,0,0,57
06/26/2022,CKB,WV,AEA,CE,Combined TRACON& Tower with Radar,8,6,6,0,20,0,0,8,0,8,8,6,14,0,28,0,0,0,28
06/27/2022,CKB,WV,AEA,CE,Combined TRACON& Tower with Radar,2,10,8,6,26,0,19,11,2,32,2,29,19,8,58,0,0,0,58
06/28/2022,CKB,WV,AEA,CE,Combined TRACON& Tower with Radar,0,8,8,3,19,0,17,20,2,39,0,25,28,5,58,0,0,0,58
06/29/2022,CKB,WV,AEA,CE,Combined TRACON& Tower with Radar,3,8,9,2,22,0,18,39,3,60,3,26,48,5,82,0,0,0,82
06/30/2022,CKB,WV,AEA,CE,Combined TRACON& Tower with Radar,5,12,10,3,30,0,31,12,0,43,5,43,22,3,73,0,0,0,73
07/01/2022,CKB,WV,AEA,CE,Combined TRACON& Tower with Radar,2,9,8,0,19,0,10,9,0,19,2,19,17,0,38,0,0,0,38
07/02/2022,CKB,WV,AEA,CE,Combined TRACON& Tower with Radar,2,6,2,0,10,0,0,1,0,1,2,6,3,0,11,0,0,0,11
07/03/2022,CKB,WV,AEA,CE,Combined TRACON& Tower with Radar,7,8,2,0,17,0,2,7,0,9,7,10,9,0,26,0,0,0,26
07/04/2022,CKB,WV,AEA,CE,Combined TRACON& Tower with Radar,2,6,4,0,12,0,4,9,0,13,2,10,13,0,25,0,0,0,25
07/05/2022,CKB,WV,AEA,CE,Combined TRACON& Tower with Radar,2,10,8,0,20,0,7,3,0,10,2,17,11,0,30,0,0,0,30
07/06/2022,CKB,WV,AEA,CE,Combined TRACON& Tower with Radar,5,6,3,0,14,0,0,1,0,1,5,6,4,0,15,0,0,0,15
07/07/2022,CKB,WV,AEA,CE,Combined TRACON& Tower with Radar,4,7,4,4,19,0,2,1,0,3,4,9,5,4,22,0,0,0,22
07/08/2022,CKB,WV,AEA,CE,Combined TRACON& Tower with Radar,3,10,5,4,22,0,24,10,0,34,3,34,15,4,56,0,0,0,56
07/09/2022,CKB,WV,AEA,CE,Combined TRACON& Tower with Radar,2,8,7,0,17,0,0,6,0,6,2,8,13,0,23,0,0,0,23
07/10/2022,CKB,WV,AEA,CE,Combined TRACON& Tower with Radar,7,9,8,0,24,0,2,22,0,24,7,11,30,0,48,0,0,0,48
07/11/2022,CKB,WV,AEA,CE,Combined TRACON& Tower with Radar,2,7,6,3,18,0,14,13,2,29,2,21,19,5,47,0,0,0,47
07/12/2022,CKB,WV,AEA,CE,Combined TRACON& Tower with Radar,3,8,2,0,13,0,4,3,0,7,3,12,5,0,20,0,0,0,20
07/13/2022,CKB,WV,AEA,CE,Combined TRACON& Tower with Radar,2,5,9,8,24,0,18,8,3,29,2,23,17,11,53,0,0,0,53
07/14/2022,CKB,WV,AEA,CE,Combined TRACON& Tower with Radar,4,5,20,6,35,0,16,11,2,29,4,21,31,8,64,0,0,0,64
07/15/2022,CKB,WV,AEA,CE,Combined TRACON& Tower with Radar,3,14,3,5,25,0,29,7,0,36,3,43,10,5,61,0,0,0,61
07/16/2022,CKB,WV,AEA,CE,Combined TRACON& Tower with Radar,2,4,7,0,13,0,8,12,0,20,2,12,19,0,33,0,0,0,33
07/17/2022,CKB,WV,AEA,CE,Combined TRACON& Tower with Radar,5,4,6,0,15,0,0,3,0,3,5,4,9,0,18,0,0,0,18
07/18/2022,CKB,WV,AEA,CE,Combined TRACON& Tower with Radar,4,7,3,0,14,0,0,3,0,3,4,7,6,0,17,0,0,0,17
07/19/2022,CKB,WV,AEA,CE,Combined TRACON& Tower with Radar,0,7,6,10,23,0,20,8,1,29,0,27,14,11,52,0,0,0,52
07/20/2022,CKB,WV,AEA,CE,Combined TRACON& Tower with Radar,2,7,8,10,27,0,27,18,0,45,2,34,26,10,72,0,0,0,72
07/21/2022,CKB,WV,AEA,CE,Combined TRACON& Tower with Radar,4,10,19,2,35,0,10,8,0,18,4,20,27,2,53,0,0,0,53
07/22/2022,CKB,WV,AEA,CE,Combined TRACON& Tower with Radar,0,5,2,2,9,0,14,12,0,26,0,19,14,2,35,0,0,0,35
07/23/2022,CKB,WV,AEA,CE,Combined TRACON& Tower with Radar,3,5,8,0,16,0,12,8,0,20,3,17,16,0,36,0,0,0,36
07/24/2022,CKB,WV,AEA,CE,Combined TRACON& Tower with Radar,4,5,14,0,23,0,6,8,0,14,4,11,22,0,37,0,0,0,37
07/25/2022,CKB,WV,AEA,CE,Combined TRACON& Tower with Radar,2,5,9,8,24,0,0,2,0,2,2,5,11,8,26,0,0,0,26
07/26/2022,CKB,WV,AEA,CE,Combined TRACON& Tower with Radar,2,4,6,11,23,0,5,1,0,6,2,9,7,11,29,0,0,0,29
07/27/2022,CKB,WV,AEA,CE,Combined TRACON& Tower with Radar,3,5,11,13,32,0,2,1,0,3,3,7,12,13,35,0,0,0,35
07/28/2022,CKB,WV,AEA,CE,Combined TRACON& Tower with Radar,4,4,13,12,33,0,3,1,0,4,4,7,14,12,37,0,0,0,37
07/29/2022,CKB,WV,AEA,CE,Combined TRACON& Tower with Radar,2,8,10,2,22,0,4,4,2,10,2,12,14,4,32,0,0,0,32
07/30/2022,CKB,WV,AEA,CE,Combined TRACON& Tower with Radar,2,4,5,0,11,0,4,8,0,12,2,8,13,0,23,0,0,0,23
07/31/2022,CKB,WV,AEA,CE,Combined TRACON& Tower with Radar,4,5,9,0,18,0,0,4,0,4,4,5,13,0,22,0,0,0,22
08/01/2022,CKB,WV,AEA,CE,Combined TRACON& Tower with Radar,2,7,13,7,29,0,0,7,2,9,2,7,20,9,38,0,0,0,38
08/02/2022,CKB,WV,AEA,CE,Combined TRACON& Tower with Radar,0,8,12,6,26,0,4,3,0,7,0,12,15,6,33,0,0,0,33
08/03/2022,CKB,WV,AEA,CE,Combined TRACON& Tower with Radar,2,8,5,6,21,0,14,19,0,33,2,22,24,6,54,0,0,0,54
08/04/2022,CKB,WV,AEA,CE,Combined TRACON& Tower with Radar,4,7,7,10,28,0,4,8,1,13,4,11,15,11,41,0,0,0,41
08/05/2022,CKB,WV,AEA,CE,Combined TRACON& Tower with Radar,1,9,5,5,20,0,0,4,0,4,1,9,9,5,24,0,0,0,24
08/06/2022,CKB,WV,AEA,CE,Combined TRACON& Tower with Radar,0,4,4,3,11,0,4,0,0,4,0,8,4,3,15,0,0,0,15
08/07/2022,CKB,WV,AEA,CE,Combined TRACON& Tower with Radar,6,9,9,2,26,0,0,5,0,5,6,9,14,2,31,0,0,0,31
08/08/2022,CKB,WV,AEA,CE,Combined TRACON& Tower with Radar,4,9,18,8,39,0,6,3,0,9,4,15,21,8,48,0,0,0,48
08/09/2022,CKB,WV,AEA,CE,Combined TRACON& Tower with Radar,0,4,10,10,24,0,0,0,0,0,0,4,10,10,24,0,0,0,24
08/10/2022,CKB,WV,AEA,CE,Combined TRACON& Tower with Radar,3,6,10,8,27,0,0,0,0,0,3,6,10,8,27,0,0,0,27
08/11/2022,CKB,WV,AEA,CE,Combined TRACON& Tower with Radar,5,4,7,13,29,0,22,5,0,27,5,26,12,13,56,0,0,0,56
08/12/2022,CKB,WV,AEA,CE,Combined TRACON& Tower with Radar,5,6,29,10,50,0,8,15,1,24,5,14,44,11,74,0,0,0,74
08/13/2022,CKB,WV,AEA,CE,Combined TRACON& Tower with Radar,0,4,14,0,18,0,4,16,0,20,0,8,30,0,38,0,0,0,38
08/14/2022,CKB,WV,AEA,CE,Combined TRACON& Tower with Radar,4,6,3,0,13,0,0,4,0,4,4,6,7,0,17,0,0,0,17
08/15/2022,CKB,WV,AEA,CE,Combined TRACON& Tower with Radar,3,5,9,12,29,0,0,3,4,7,3,5,12,16,36,0,0,0,36
08/16/2022,CKB,WV,AEA,CE,Combined TRACON& Tower with Radar,0,5,10,5,20,0,0,2,0,2,0,5,12,5,22,0,0,0,22
08/17/2022,CKB,WV,AEA,CE,Combined TRACON& Tower with Radar,2,6,11,13,32,0,20,6,1,27,2,26,17,14,59,0,0,0,59
08/18/2022,CKB,WV,AEA,CE,Combined TRACON& Tower with Radar,2,6,11,13,32,0,20,10,0,30,2,26,21,13,62,10,2,12,74
08/19/2022,CKB,WV,AEA,CE,Combined TRACON& Tower with Radar,2,5,5,14,26,0,24,14,2,40,2,29,19,16,66,0,0,0,66
08/20/2022,CKB,WV,AEA,CE,Combined TRACON& Tower with Radar,2,4,7,0,13,0,6,11,4,21,2,10,18,4,34,0,0,0,34
08/21/2022,CKB,WV,AEA,CE,Combined TRACON& Tower with Radar,3,8,6,0,17,0,0,3,0,3,3,8,9,0,20,0,0,0,20
08/22/2022,CKB,WV,AEA,CE,Combined TRACON& Tower with Radar,4,6,12,12,34,0,0,0,0,0,4,6,12,12,34,0,0,0,34
08/23/2022,CKB,WV,AEA,CE,Combined TRACON& Tower with Radar,0,4,18,18,40,0,18,12,0,30,0,22,30,18,70,0,0,0,70
08/24/2022,CKB,WV,AEA,CE,Combined TRACON& Tower with Radar,2,6,11,16,35,0,28,27,0,55,2,34,38,16,90,0,0,0,90
08/25/2022,CKB,WV,AEA,CE,Combined TRACON& Tower with Radar,2,9,2,6,19,0,37,24,0,61,2,46,26,6,80,0,0,0,80
08/26/2022,CKB,WV,AEA,CE,Combined TRACON& Tower with Radar,2,5,8,6,21,0,21,5,0,26,2,26,13,6,47,0,0,0,47
08/27/2022,CKB,WV,AEA,CE,Combined TRACON& Tower with Radar,2,4,7,0,13,0,8,6,0,14,2,12,13,0,27,0,0,0,27
08/28/2022,CKB,WV,AEA,CE,Combined TRACON& Tower with Radar,2,4,8,0,14,0,0,18,0,18,2,4,26,0,32,8,0,8,40
08/29/2022,CKB,WV,AEA,CE,Combined TRACON& Tower with Radar,2,8,10,8,28,0,28,12,0,40,2,36,22,8,68,0,0,0,68
08/30/2022,CKB,WV,AEA,CE,Combined TRACON& Tower with Radar,0,5,2,0,7,0,2,4,0,6,0,7,6,0,13,0,0,0,13
08/31/2022,CKB,WV,AEA,CE,Combined TRACON& Tower with Radar,4,5,13,6,28,0,24,10,0,34,4,29,23,6,62,0,0,0,62
09/01/2022,CKB,WV,AEA,CE,Combined TRACON& Tower with Radar,2,7,14,2,25,0,32,13,2,47,2,39,27,4,72,0,0,0,72
09/02/2022,CKB,WV,AEA,CE,Combined TRACON& Tower with Radar,4,4,9,2,19,0,33,15,0,48,4,37,24,2,67,0,0,0,67
09/03/2022,CKB,WV,AEA,CE,Combined TRACON& Tower with Radar,7,6,10,0,23,0,2,11,0,13,7,8,21,0,36,0,0,0,36
09/04/2022,CKB,WV,AEA,CE,Combined TRACON& Tower with Radar,2,4,12,0,18,0,0,3,0,3,2,4,15,0,21,0,0,0,21
09/05/2022,CKB,WV,AEA,CE,Combined TRACON& Tower with Radar,2,6,5,1,14,0,0,0,0,0,2,6,5,1,14,0,0,0,14
09/06/2022,CKB,WV,AEA,CE,Combined TRACON& Tower with Radar,0,5,5,1,11,0,2,1,0,3,0,7,6,1,14,0,0,0,14
09/07/2022,CKB,WV,AEA,CE,Combined TRACON& Tower with Radar,4,4,6,8,22,0,2,2,0,4,4,6,8,8,26,0,0,0,26
09/08/2022,CKB,WV,AEA,CE,Combined TRACON& Tower with Radar,2,5,8,4,19,0,2,9,0,11,2,7,17,4,30,0,0,0,30
09/09/2022,CKB,WV,AEA,CE,Combined TRACON& Tower with Radar,2,10,14,3,29,0,40,15,1,56,2,50,29,4,85,0,0,0,85
09/10/2022,CKB,WV,AEA,CE,Combined TRACON& Tower with Radar,1,4,11,0,16,0,0,3,1,4,1,4,14,1,20,0,0,0,20
09/11/2022,CKB,WV,AEA,CE,Combined TRACON& Tower with Radar,2,4,7,7,20,0,0,1,0,1,2,4,8,7,21,6,0,6,27
09/12/2022,CKB,WV,AEA,CE,Combined TRACON& Tower with Radar,0,6,10,11,27,0,0,2,1,3,0,6,12,12,30,0,0,0,30
09/13/2022,CKB,WV,AEA,CE,Combined TRACON& Tower with Radar,0,7,8,4,19,0,28,24,4,56,0,35,32,8,75,0,0,0,75
09/14/2022,CKB,WV,AEA,CE,Combined TRACON& Tower with Radar,0,9,13,24,46,0,28,20,0,48,0,37,33,24,94,0,0,0,94
09/15/2022,CKB,WV,AEA,CE,Combined TRACON& Tower with Radar,2,7,7,2,18,0,33,9,0,42,2,40,16,2,60,0,0,0,60
09/16/2022,CKB,WV,AEA,CE,Combined TRACON& Tower with Radar,0,5,4,6,15,0,26,8,0,34,0,31,12,6,49,0,0,0,49
09/17/2022,CKB,WV,AEA,CE,Combined TRACON& Tower with Radar,3,4,9,0,16,0,8,9,0,17,3,12,18,0,33,0,0,0,33
09/18/2022,CKB,WV,AEA,CE,Combined TRACON& Tower with Radar,2,4,2,0,8,0,2,15,1,18,2,6,17,1,26,0,0,0,26
09/19/2022,CKB,WV,AEA,CE,Combined TRACON& Tower with Radar,0,4,12,2,18,0,6,1,0,7,0,10,13,2,25,0,0,0,25
09/20/2022,CKB,WV,AEA,CE,Combined TRACON& Tower with Radar,0,7,13,4,24,0,27,21,0,48,0,34,34,4,72,0,0,0,72
09/21/2022,CKB,WV,AEA,CE,Combined TRACON& Tower with Radar,2,11,17,7,37,0,32,13,0,45,2,43,30,7,82,0,0,0,82
09/22/2022,CKB,WV,AEA,CE,Combined TRACON& Tower with Radar,2,6,6,2,16,0,0,2,0,2,2,6,8,2,18,0,0,0,18
09/23/2022,CKB,WV,AEA,CE,Combined TRACON& Tower with Radar,1,7,11,3,22,0,28,9,0,37,1,35,20,3,59,0,0,0,59
09/24/2022,CKB,WV,AEA,CE,Combined TRACON& Tower with Radar,1,4,3,0,8,0,2,22,0,24,1,6,25,0,32,0,0,0,32
09/25/2022,CKB,WV,AEA,CE,Combined TRACON& Tower with Radar,2,5,4,1,12,0,2,4,0,6,2,7,8,1,18,0,0,0,18
09/26/2022,CKB,WV,AEA,CE,Combined TRACON& Tower with Radar,0,5,10,2,17,0,12,3,0,15,0,17,13,2,32,0,0,0,32
09/27/2022,CKB,WV,AEA,CE,Combined TRACON& Tower with Radar,0,11,7,0,18,0,8,8,1,17,0,19,15,1,35,0,0,0,35
09/28/2022,CKB,WV,AEA,CE,Combined TRACON& Tower with Radar,1,6,2,8,17,0,6,2,0,8,1,12,4,8,25,0,0,0,25
09/29/2022,CKB,WV,AEA,CE,Combined TRACON& Tower with Radar,1,8,10,8,27,0,14,11,0,25,1,22,21,8,52,0,0,0,52
09/30/2022,CKB,WV,AEA,CE,Combined TRACON& Tower with Radar,2,4,3,0,9,0,8,9,1,18,2,12,12,1,27,0,0,0,27
10/01/2022,CKB,WV,AEA,CE,Combined TRACON& Tower with Radar,0,6,2,0,8,0,0,0,0,0,0,6,2,0,8,0,0,0,8
10/02/2022,CKB,WV,AEA,CE,Combined TRACON& Tower with Radar,5,9,9,0,23,0,0,0,0,0,5,9,9,0,23,0,0,0,23
10/03/2022,CKB,WV,AEA,CE,Combined TRACON& Tower with Radar,0,8,15,3,26,0,13,14,1,28,0,21,29,4,54,0,0,0,54
10/04/2022,CKB,WV,AEA,CE,Combined TRACON& Tower with Radar,4,7,8,3,22,0,11,9,1,21,4,18,17,4,43,0,0,0,43
10/05/2022,CKB,WV,AEA,CE,Combined TRACON& Tower with Radar,0,8,12,3,23,0,35,12,2,49,0,43,24,5,72,0,0,0,72
10/06/2022,CKB,WV,AEA,CE,Combined TRACON& Tower with Radar,2,8,5,2,17,0,22,14,2,38,2,30,19,4,55,0,0,0,55
10/07/2022,CKB,WV,AEA,CE,Combined TRACON& Tower with Radar,6,4,22,1,33,0,12,8,0,20,6,16,30,1,53,0,0,0,53
10/08/2022,CKB,WV,AEA,CE,Combined TRACON& Tower with Radar,0,6,6,0,12,0,4,9,0,13,0,10,15,0,25,0,0,0,25
10/09/2022,CKB,WV,AEA,CE,Combined TRACON& Tower with Radar,2,7,6,0,15,0,12,15,0,27,2,19,21,0,42,0,0,0,42
10/10/2022,CKB,WV,AEA,CE,Combined TRACON& Tower with Radar,4,10,16,0,30,0,22,11,0,33,4,32,27,0,63,0,0,0,63
10/11/2022,CKB,WV,AEA,CE,Combined TRACON& Tower with Radar,1,9,9,3,22,0,18,22,0,40,1,27,31,3,62,0,0,0,62
10/12/2022,CKB,WV,AEA,CE,Combined TRACON& Tower with Radar,2,7,12,2,23,0,15,10,0,25,2,22,22,2,48,0,0,0,48
10/13/2022,CKB,WV,AEA,CE,Combined TRACON& Tower with Radar,3,10,7,0,20,0,1,6,0,7,3,11,13,0,27,0,0,0,27
10/14/2022,CKB,WV,AEA,CE,Combined TRACON& Tower with Radar,2,14,6,6,28,0,14,18,0,32,2,28,24,6,60,0,0,0,60
10/15/2022,CKB,WV,AEA,CE,Combined TRACON& Tower with Radar,0,5,5,0,10,0,4,4,0,8,0,9,9,0,18,0,0,0,18
10/16/2022,CKB,WV,AEA,CE,Combined TRACON& Tower with Radar,2,7,13,0,22,0,11,28,0,39,2,18,41,0,61,0,0,0,61
10/17/2022,CKB,WV,AEA,CE,Combined TRACON& Tower with Radar,2,10,11,2,25,0,4,7,0,11,2,14,18,2,36,0,0,0,36
10/18/2022,CKB,WV,AEA,CE,Combined TRACON& Tower with Radar,0,6,1,0,7,0,0,0,0,0,0,6,1,0,7,0,0,0,7
10/19/2022,CKB,WV,AEA,CE,Combined TRACON& Tower with Radar,0,6,0,2,8,0,0,0,0,0,0,6,0,2,8,0,0,0,8
10/20/2022,CKB,WV,AEA,CE,Combined TRACON& Tower with Radar,2,8,9,2,21,0,10,12,0,22,2,18,21,2,43,0,0,0,43
10/21/2022,CKB,WV,AEA,CE,Combined TRACON& Tower with Radar,4,8,12,1,25,0,27,15,0,42,4,35,27,1,67,0,0,0,67
10/22/2022,CKB,WV,AEA,CE,Combined TRACON& Tower with Radar,4,7,4,2,17,0,9,12,0,21,4,16,16,2,38,0,0,0,38
10/23/2022,CKB,WV,AEA,CE,Combined TRACON& Tower with Radar,2,6,11,1,20,0,17,15,0,32,2,23,26,1,52,0,0,0,52
10/24/2022,CKB,WV,AEA,CE,Combined TRACON& Tower with Radar,3,11,10,2,26,0,30,16,0,46,3,41,26,2,72,0,0,0,72
10/25/2022,CKB,WV,AEA,CE,Combined TRACON& Tower with Radar,2,5,12,1,20,0,32,15,1,48,2,37,27,2,68,0,0,0,68
10/26/2022,CKB,WV,AEA,CE,Combined TRACON& Tower with Radar,0,5,5,12,22,0,4,3,0,7,0,9,8,12,29,0,0,0,29
10/27/2022,CKB,WV,AEA,CE,Combined TRACON& Tower with Radar,6,7,12,7,32,0,7,21,1,29,6,14,33,8,61,0,0,0,61
10/28/2022,CKB,WV,AEA,CE,Combined TRACON& Tower with Radar,7,7,9,5,28,0,0,47,6,53,7,7,56,11,81,24,0,24,105
10/29/2022,CKB,WV,AEA,CE,Combined TRACON& Tower with Radar,6,6,3,1,16,0,8,33,1,42,6,14,36,2,58,0,0,0,58
10/30/2022,CKB,WV,AEA,CE,Combined TRACON& Tower with Radar,4,7,11,0,22,0,0,20,0,20,4,7,31,0,42,0,0,0,42
10/31/2022,CKB,WV,AEA,CE,Combined TRACON& Tower with Radar,3,5,3,10,21,0,0,0,0,0,3,5,3,10,21,0,0,0,21
11/01/2022,CKB,WV,AEA,CE,Combined TRACON& Tower with Radar,0,6,16,8,30,0,2,0,0,2,0,8,16,8,32,0,0,0,32
11/02/2022,CKB,WV,AEA,CE,Combined TRACON& Tower with Radar,0,8,20,2,30,0,3,29,13,45,0,11,49,15,75,48,0,48,123
11/03/2022,CKB,WV,AEA,CE,Combined TRACON& Tower with Radar,2,4,10,9,25,0,0,42,6,48,2,4,52,15,73,0,0,0,73
11/04/2022,CKB,WV,AEA,CE,Combined TRACON& Tower with Radar,4,6,18,5,33,0,1,48,10,59,4,7,66,15,92,0,0,0,92
11/05/2022,CKB,WV,AEA,CE,Combined TRACON& Tower with Radar,1,4,2,2,9,0,0,7,0,7,1,4,9,2,16,0,0,0,16
11/06/2022,CKB,WV,AEA,CE,Combined TRACON& Tower with Radar,2,3,6,0,11,0,0,10,0,10,2,3,16,0,21,0,0,0,21
11/07/2022,CKB,WV,AEA,CE,Combined TRACON& Tower with Radar,2,9,18,16,45,0,2,40,0,42,2,11,58,16,87,20,0,20,107
11/08/2022,CKB,WV,AEA,CE,Combined TRACON& Tower with Radar,0,6,5,8,19,0,0,32,0,32,0,6,37,8,51,0,0,0,51
11/09/2022,CKB,WV,AEA,CE,Combined TRACON& Tower with Radar,4,6,7,10,27,0,0,25,0,25,4,6,32,10,52,0,0,0,52
11/10/2022,CKB,WV,AEA,CE,Combined TRACON& Tower with Radar,0,8,14,8,30,0,0,26,2,28,0,8,40,10,58,0,0,0,58
11/11/2022,CKB,WV,AEA,CE,Combined TRACON& Tower with Radar,10,4,3,0,17,0,2,0,0,2,10,6,3,0,19,0,0,0,19
11/12/2022,CKB,WV,AEA,CE,Combined TRACON& Tower with Radar,8,4,10,0,22,0,0,0,0,0,8,4,10,0,22,0,0,0,22
11/13/2022,CKB,WV,AEA,CE,Combined TRACON& Tower with Radar,2,4,3,0,9,0,0,3,0,3,2,4,6,0,12,0,0,0,12
11/14/2022,CKB,WV,AEA,CE,Combined TRACON& Tower with Radar,2,6,10,3,21,0,2,41,0,43,2,8,51,3,64,0,0,0,64
11/15/2022,CKB,WV,AEA,CE,Combined TRACON& Tower with Radar,0,4,4,0,8,0,0,0,0,0,0,4,4,0,8,0,0,0,8
11/16/2022,CKB,WV,AEA,CE,Combined TRACON& Tower with Radar,0,8,3,7,18,0,0,0,3,3,0,8,3,10,21,0,0,0,21
11/17/2022,CKB,WV,AEA,CE,Combined TRACON& Tower with Radar,7,4,4,2,17,0,0,4,0,4,7,4,8,2,21,0,0,0,21
11/18/2022,CKB,WV,AEA,CE,Combined TRACON& Tower with Radar,5,4,6,0,15,0,0,2,0,2,5,4,8,0,17,0,0,0,17
11/19/2022,CKB,WV,AEA,CE,Combined TRACON& Tower with Radar,2,4,9,0,15,0,0,10,0,10,2,4,19,0,25,0,0,0,25
11/20/2022,CKB,WV,AEA,CE,Combined TRACON& Tower with Radar,2,4,10,0,16,0,0,17,0,17,2,4,27,0,33,0,0,0,33
11/21/2022,CKB,WV,AEA,CE,Combined TRACON& Tower with Radar,3,6,8,0,17,0,0,29,0,29,3,6,37,0,46,0,0,0,46
11/22/2022,CKB,WV,AEA,CE,Combined TRACON& Tower with Radar,6,4,12,3,25,0,1,32,2,35,6,5,44,5,60,0,0,0,60
11/23/2022,CKB,WV,AEA,CE,Combined TRACON& Tower with Radar,2,4,18,0,24,0,4,30,0,34,2,8,48,0,58,96,0,96,154
11/24/2022,CKB,WV,AEA,CE,Combined TRACON& Tower with Radar,0,4,7,0,11,0,0,4,0,4,0,4,11,0,15,0,0,0,15
11/25/2022,CKB,WV,AEA,CE,Combined TRACON& Tower with Radar,2,5,6,0,13,0,0,5,0,5,2,5,11,0,18,8,0,8,26
11/26/2022,CKB,WV,AEA,CE,Combined TRACON& Tower with Radar,4,4,9,0,17,0,0,12,0,12,4,4,21,0,29,8,0,8,37
11/27/2022,CKB,WV,AEA,CE,Combined TRACON& Tower with Radar,3,5,6,0,14,0,2,0,0,2,3,7,6,0,16,0,0,0,16
11/28/2022,CKB,WV,AEA,CE,Combined TRACON& Tower with Radar,0,7,9,2,18,0,2,1,0,3,0,9,10,2,21,23,0,23,44
11/29/2022,CKB,WV,AEA,CE,Combined TRACON& Tower with Radar,1,8,11,5,25,0,0,28,1,29,1,8,39,6,54,0,0,0,54
11/30/2022,CKB,WV,AEA,CE,Combined TRACON& Tower with Radar,4,8,8,0,20,0,0,0,0,0,4,8,8,0,20,0,0,0,20
12/01/2022,CKB,WV,AEA,CE,Combined TRACON& Tower with Radar,2,4,17,8,31,0,1,35,2,38,2,5,52,10,69,0,0,0,69
12/02/2022,CKB,WV,AEA,CE,Combined TRACON& Tower with Radar,4,7,13,2,26,0,0,41,2,43,4,7,54,4,69,0,0,0,69
12/03/2022,CKB,WV,AEA,CE,Combined TRACON& Tower with Radar,0,3,0,0,3,0,0,0,0,0,0,3,0,0,3,8,0,8,11
12/04/2022,CKB,WV,AEA,CE,Combined TRACON& Tower with Radar,3,3,3,1,10,0,0,19,1,20,3,3,22,2,30,0,0,0,30
12/05/2022,CKB,WV,AEA,CE,Combined TRACON& Tower with Radar,2,7,10,11,30,0,2,36,3,41,2,9,46,14,71,0,0,0,71
12/06/2022,CKB,WV,AEA,CE,Combined TRACON& Tower with Radar,3,8,11,16,38,0,0,0,0,0,3,8,11,16,38,0,0,0,38
12/07/2022,CKB,WV,AEA,CE,Combined TRACON& Tower with Radar,4,3,14,6,27,0,0,0,0,0,4,3,14,6,27,0,0,0,27
12/08/2022,CKB,WV,AEA,CE,Combined TRACON& Tower with Radar,2,6,8,14,30,0,0,5,1,6,2,6,13,15,36,0,0,0,36
12/09/2022,CKB,WV,AEA,CE,Combined TRACON& Tower with Radar,6,3,9,5,23,0,0,37,3,40,6,3,46,8,63,12,0,12,75
12/10/2022,CKB,WV,AEA,CE,Combined TRACON& Tower with Radar,0,4,4,0,8,0,0,0,0,0,0,4,4,0,8,0,0,0,8
12/11/2022,CKB,WV,AEA,CE,Combined TRACON& Tower with Radar,2,3,2,0,7,0,0,1,0,1,2,3,3,0,8,0,0,0,8
12/12/2022,CKB,WV,AEA,CE,Combined TRACON& Tower with Radar,2,3,6,12,23,0,0,1,1,2,2,3,7,13,25,0,0,0,25
12/13/2022,CKB,WV,AEA,CE,Combined TRACON& Tower with Radar,4,5,9,12,30,0,2,32,0,34,4,7,41,12,64,0,0,0,64
12/14/2022,CKB,WV,AEA,CE,Combined TRACON& Tower with Radar,0,1,10,12,23,0,0,20,0,20,0,1,30,12,43,0,0,0,43
12/15/2022,CKB,WV,AEA,CE,Combined TRACON& Tower with Radar,0,6,5,0,11,0,0,0,0,0,0,6,5,0,11,0,0,0,11
12/16/2022,CKB,WV,AEA,CE,Combined TRACON& Tower with Radar,3,4,9,6,22,0,0,3,0,3,3,4,12,6,25,0,0,0,25
12/17/2022,CKB,WV,AEA,CE,Combined TRACON& Tower with Radar,5,0,3,0,8,0,4,5,0,9,5,4,8,0,17,0,0,0,17
12/18/2022,CKB,WV,AEA,CE,Combined TRACON& Tower with Radar,4,5,5,0,14,0,2,0,0,2,4,7,5,0,16,0,0,0,16
12/19/2022,CKB,WV,AEA,CE,Combined TRACON& Tower with Radar,2,3,8,6,19,0,2,24,2,28,2,5,32,8,47,0,8,8,55
12/20/2022,CKB,WV,AEA,CE,Combined TRACON& Tower with Radar,5,4,6,9,24,1,0,31,3,35,6,4,37,12,59,8,0,8,67
12/21/2022,CKB,WV,AEA,CE,Combined TRACON& Tower with Radar,2,2,14,14,32,0,0,29,7,36,2,2,43,21,68,0,0,0,68
12/22/2022,CKB,WV,AEA,CE,Combined TRACON& Tower with Radar,0,4,5,0,9,0,0,1,0,1,0,4,6,0,10,0,0,0,10
12/23/2022,CKB,WV,AEA,CE,Combined TRACON& Tower with Radar,4,6,0,0,10,0,0,0,0,0,4,6,0,0,10,0,0,0,10
12/24/2022,CKB,WV,AEA,CE,Combined TRACON& Tower with Radar,0,3,1,0,4,0,0,0,0,0,0,3,1,0,4,0,0,0,4
12/25/2022,CKB,WV,AEA,CE,Combined TRACON& Tower with Radar,0,2,0,0,2,0,2,1,0,3,0,4,1,0,5,0,0,0,5
12/26/2022,CKB,WV,AEA,CE,Combined TRACON& Tower with Radar,2,5,7,0,14,0,1,5,0,6,2,6,12,0,20,0,0,0,20
12/27/2022,CKB,WV,AEA,CE,Combined TRACON& Tower with Radar,2,3,3,2,10,0,1,0,0,1,2,4,3,2,11,0,0,0,11
12/28/2022,CKB,WV,AEA,CE,Combined TRACON& Tower with Radar,2,1,7,6,16,0,0,17,0,17,2,1,24,6,33,0,0,0,33
12/29/2022,CKB,WV,AEA,CE,Combined TRACON& Tower with Radar,0,4,6,1,11,0,1,14,1,16,0,5,20,2,27,0,0,0,27
12/30/2022,CKB,WV,AEA,CE,Combined TRACON& Tower with Radar,6,5,5,0,16,0,4,4,0,8,6,9,9,0,24,0,0,0,24
12/31/2022,CKB,WV,AEA,CE,Combined TRACON& Tower with Radar,0,3,2,0,5,0,0,0,0,0,0,3,2,0,5,0,0,0,5
01/01/2023,CKB,WV,AEA,CE,Combined TRACON& Tower with Radar,0,5,6,0,11,0,4,3,0,7,0,9,9,0,18,0,0,0,18
01/02/2023,CKB,WV,AEA,CE,Combined TRACON& Tower with Radar,6,4,9,0,19,0,0,3,0,3,6,4,12,0,22,0,0,0,22
01/03/2023,CKB,WV,AEA,CE,Combined TRACON& Tower with Radar,3,3,2,0,8,0,0,0,0,0,3,3,2,0,8,0,0,0,8
01/04/2023,CKB,WV,AEA,CE,Combined TRACON& Tower with Radar,0,3,3,0,6,0,0,2,0,2,0,3,5,0,8,0,0,0,8
01/05/2023,CKB,WV,AEA,CE,Combined TRACON& Tower with Radar,2,5,10,0,17,0,0,20,2,22,2,5,30,2,39,0,0,0,39
01/06/2023,CKB,WV,AEA,CE,Combined TRACON& Tower with Radar,1,5,4,3,13,0,0,0,2,2,1,5,4,5,15,0,0,0,15
01/07/2023,CKB,WV,AEA,CE,Combined TRACON& Tower with Radar,11,1,9,0,21,0,0,6,0,6,11,1,15,0,27,0,0,0,27
01/08/2023,CKB,WV,AEA,CE,Combined TRACON& Tower with Radar,2,4,14,0,20,0,0,11,0,11,2,4,25,0,31,0,0,0,31
01/09/2023,CKB,WV,AEA,CE,Combined TRACON& Tower with Radar,5,3,9,2,19,0,4,0,0,4,5,7,9,2,23,0,0,0,23
01/10/2023,CKB,WV,AEA,CE,Combined TRACON& Tower with Radar,2,3,20,6,31,0,0,48,0,48,2,3,68,6,79,0,0,0,79
01/11/2023,CKB,WV,AEA,CE,Combined TRACON& Tower with Radar,1,3,10,0,14,0,0,17,1,18,1,3,27,1,32,0,0,0,32
01/12/2023,CKB,WV,AEA,CE,Combined TRACON& Tower with Radar,2,3,8,2,15,0,0,2,0,2,2,3,10,2,17,0,0,0,17
01/13/2023,CKB,WV,AEA,CE,Combined TRACON& Tower with Radar,2,3,0,0,5,0,0,0,0,0,2,3,0,0,5,0,0,0,5
01/14/2023,CKB,WV,AEA,CE,Combined TRACON& Tower with Radar,0,5,7,0,12,0,0,1,0,1,0,5,8,0,13,0,0,0,13
01/15/2023,CKB,WV,AEA,CE,Combined TRACON& Tower with Radar,4,7,7,0,18,0,2,19,0,21,4,9,26,0,39,6,0,6,45
01/16/2023,CKB,WV,AEA,CE,Combined TRACON& Tower with Radar,0,4,6,0,10,0,0,18,0,18,0,4,24,0,28,0,0,0,28
01/17/2023,CKB,WV,AEA,CE,Combined TRACON& Tower with Radar,6,6,9,0,21,0,1,0,0,1,6,7,9,0,22,0,0,0,22
01/18/2023,CKB,WV,AEA,CE,Combined TRACON& Tower with Radar,1,3,4,4,12,0,0,7,0,7,1,3,11,4,19,0,0,0,19
01/19/2023,CKB,WV,AEA,CE,Combined TRACON& Tower with Radar,2,6,8,6,22,0,0,0,0,0,2,6,8,6,22,0,0,0,22
01/20/2023,CKB,WV,AEA,CE,Combined TRACON& Tower with Radar,2,3,1,6,12,0,0,1,2,3,2,3,2,8,15,0,0,0,15
01/21/2023,CKB,WV,AEA,CE,Combined TRACON& Tower with Radar,1,4,5,0,10,0,1,11,0,12,1,5,16,0,22,0,0,0,22
01/22/2023,CKB,WV,AEA,CE,Combined TRACON& Tower with Radar,6,4,10,0,20,0,0,3,0,3,6,4,13,0,23,20,0,20,43
01/23/2023,CKB,WV,AEA,CE,Combined TRACON& Tower with Radar,1,8,5,6,20,0,0,0,0,0,1,8,5,6,20,0,0,0,20
01/24/2023,CKB,WV,AEA,CE,Combined TRACON& Tower with Radar,1,3,10,6,20,0,0,29,2,31,1,3,39,8,51,0,0,0,51
01/25/2023,CKB,WV,AEA,CE,Combined TRACON& Tower with Radar,0,1,2,0,3,0,0,1,0,1,0,1,3,0,4,0,0,0,4
01/26/2023,CKB,WV,AEA,CE,Combined TRACON& Tower with Radar,3,3,3,6,15,0,0,0,0,0,3,3,3,6,15,0,0,0,15
01/27/2023,CKB,WV,AEA,CE,Combined TRACON& Tower with Radar,0,5,9,8,22,0,0,11,0,11,0,5,20,8,33,0,0,0,33
01/28/2023,CKB,WV,AEA,CE,Combined TRACON& Tower with Radar,5,1,15,0,21,0,0,32,0,32,5,1,47,0,53,0,0,0,53
01/29/2023,CKB,WV,AEA,CE,Combined TRACON& Tower with Radar,7,5,3,0,15,0,0,0,0,0,7,5,3,0,15,0,0,0,15
01/30/2023,CKB,WV,AEA,CE,Combined TRACON& Tower with Radar,2,10,8,5,25,0,0,0,0,0,2,10,8,5,25,0,0,0,25
01/31/2023,CKB,WV,AEA,CE,Combined TRACON& Tower with Radar,1,9,0,0,10,0,0,0,0,0,1,9,0,0,10,0,0,0,10
02/01/2023,CKB,WV,AEA,CE,Combined TRACON& Tower with Radar,2,4,7,3,16,0,1,37,1,39,2,5,44,4,55,0,0,0,55
02/02/2023,CKB,WV,AEA,CE,Combined TRACON& Tower with Radar,3,2,18,10,33,0,0,45,0,45,3,2,63,10,78,0,0,0,78
02/03/2023,CKB,WV,AEA,CE,Combined TRACON& Tower with Radar,5,6,7,10,28,0,0,2,0,2,5,6,9,10,30,0,0,0,30
02/04/2023,CKB,WV,AEA,CE,Combined TRACON& Tower with Radar,1,3,8,0,12,0,0,24,0,24,1,3,32,0,36,0,0,0,36
02/05/2023,CKB,WV,AEA,CE,Combined TRACON& Tower with Radar,2,5,6,0,13,0,0,5,0,5,2,5,11,0,18,0,0,0,18
02/06/2023,CKB,WV,AEA,CE,Combined TRACON& Tower with Radar,0,4,10,13,27,0,2,4,0,6,0,6,14,13,33,0,0,0,33
02/07/2023,CKB,WV,AEA,CE,Combined TRACON& Tower with Radar,6,3,8,14,31,0,0,9,6,15,6,3,17,20,46,0,0,0,46
02/08/2023,CKB,WV,AEA,CE,Combined TRACON& Tower with Radar,4,1,12,14,31,0,0,40,0,40,4,1,52,14,71,0,0,0,71
02/09/2023,CKB,WV,AEA,CE,Combined TRACON& Tower with Radar,4,8,6,17,35,0,2,0,0,2,4,10,6,17,37,0,0,0,37
02/10/2023,CKB,WV,AEA,CE,Combined TRACON& Tower with Radar,2,10,6,10,28,0,0,7,0,7,2,10,13,10,35,0,0,0,35
02/11/2023,CKB,WV,AEA,CE,Combined TRACON& Tower with Radar,5,1,5,0,11,0,2,28,0,30,5,3,33,0,41,0,0,0,41
02/12/2023,CKB,WV,AEA,CE,Combined TRACON& Tower with Radar,2,5,5,0,12,0,2,27,0,29,2,7,32,0,41,0,0,0,41
02/13/2023,CKB,WV,AEA,CE,Combined TRACON& Tower with Radar,0,9,13,8,30,0,0,20,2,22,0,9,33,10,52,0,0,0,52
02/14/2023,CKB,WV,AEA,CE,Combined TRACON& Tower with Radar,3,4,7,13,27,0,1,43,0,44,3,5,50,13,71,0,0,0,71
02/15/2023,CKB,WV,AEA,CE,Combined TRACON& Tower with Radar,6,3,8,0,17,0,0,1,0,1,6,3,9,0,18,0,0,0,18
02/16/2023,CKB,WV,AEA,CE,Combined TRACON& Tower with Radar,2,7,7,11,27,0,0,0,0,0,2,7,7,11,27,0,0,0,27
02/17/2023,CKB,WV,AEA,CE,Combined TRACON& Tower with Radar,4,5,5,16,30,0,0,1,0,1,4,5,6,16,31,0,0,0,31
02/18/2023,CKB,WV,AEA,CE,Combined TRACON& Tower with Radar,4,3,11,0,18,0,0,42,0,42,4,3,53,0,60,0,0,0,60
02/19/2023,CKB,WV,AEA,CE,Combined TRACON& Tower with Radar,4,3,7,0,14,0,0,43,0,43,4,3,50,0,57,0,0,0,57
02/20/2023,CKB,WV,AEA,CE,Combined TRACON& Tower with Radar,3,3,19,0,25,0,4,19,0,23,3,7,38,0,48,0,0,0,48
02/21/2023,CKB,WV,AEA,CE,Combined TRACON& Tower with Radar,2,4,4,10,20,0,0,2,0,2,2,4,6,10,22,0,0,0,22
02/22/2023,CKB,WV,AEA,CE,Combined TRACON& Tower with Radar,0,0,6,12,18,0,0,2,0,2,0,0,8,12,20,0,0,0,20
02/23/2023,CKB,WV,AEA,CE,Combined TRACON& Tower with Radar,8,6,11,5,30,0,0,19,0,19,8,6,30,5,49,0,0,0,49
02/24/2023,CKB,WV,AEA,CE,Combined TRACON& Tower with Radar,5,6,16,0,27,0,2,32,0,34,5,8,48,0,61,0,0,0,61
02/25/2023,CKB,WV,AEA,CE,Combined TRACON& Tower with Radar,2,3,1,0,6,0,0,16,0,16,2,3,17,0,22,0,0,0,22
02/26/2023,CKB,WV,AEA,CE,Combined TRACON& Tower with Radar,1,5,10,0,16,0,0,17,0,17,1,5,27,0,33,0,0,0,33
02/27/2023,CKB,WV,AEA,CE,Combined TRACON& Tower with Radar,7,6,7,2,22,0,0,11,0,11,7,6,18,2,33,0,0,0,33
02/28/2023,CKB,WV,AEA,CE,Combined TRACON& Tower with Radar,3,5,4,8,20,0,2,12,0,14,3,7,16,8,34,0,0,0,34
03/01/2023,CKB,WV,AEA,CE,Combined TRACON& Tower with Radar,0,3,11,2,16,0,2,20,2,24,0,5,31,4,40,0,0,0,40
03/02/2023,CKB,WV,AEA,CE,Combined TRACON& Tower with Radar,6,5,10,4,25,0,2,35,0,37,6,7,45,4,62,0,0,0,62
03/03/2023,CKB,WV,AEA,CE,Combined TRACON& Tower with Radar,6,6,3,4,19,0,0,1,0,1,6,6,4,4,20,0,0,0,20
03/04/2023,CKB,WV,AEA,CE,Combined TRACON& Tower with Radar,0,2,1,0,3,0,0,2,1,3,0,2,3,1,6,0,0,0,6
03/05/2023,CKB,WV,AEA,CE,Combined TRACON& Tower with Radar,2,5,7,0,14,0,2,29,0,31,2,7,36,0,45,0,0,0,45
03/06/2023,CKB,WV,AEA,CE,Combined TRACON& Tower with Radar,2,3,14,2,21,0,2,45,0,47,2,5,59,2,68,0,0,0,68
03/07/2023,CKB,WV,AEA,CE,Combined TRACON& Tower with Radar,7,8,7,2,24,0,0,9,0,9,7,8,16,2,33,0,0,0,33
03/08/2023,CKB,WV,AEA,CE,Combined TRACON& Tower with Radar,1,1,10,5,17,0,0,43,2,45,1,1,53,7,62,0,0,0,62
03/09/2023,CKB,WV,AEA,CE,Combined TRACON& Tower with Radar,4,5,10,0,19,0,0,25,2,27,4,5,35,2,46,0,0,0,46
03/10/2023,CKB,WV,AEA,CE,Combined TRACON& Tower with Radar,9,4,4,0,17,0,0,2,0,2,9,4,6,0,19,0,0,0,19
03/11/2023,CKB,WV,AEA,CE,Combined TRACON& Tower with Radar,6,4,3,0,13,0,2,3,0,5,6,6,6,0,18,0,0,0,18
03/12/2023,CKB,WV,AEA,CE,Combined TRACON& Tower with Radar,2,4,4,0,10,0,0,3,0,3,2,4,7,0,13,0,0,0,13
03/13/2023,CKB,WV,AEA,CE,Combined TRACON& Tower with Radar,3,4,12,2,21,0,0,2,0,2,3,4,14,2,23,0,0,0,23
03/14/2023,CKB,WV,AEA,CE,Combined TRACON& Tower with Radar,5,4,0,4,13,0,0,0,0,0,5,4,0,4,13,0,0,0,13
03/15/2023,CKB,WV,AEA,CE,Combined TRACON& Tower with Radar,1,12,17,10,40,0,6,52,3,61,1,18,69,13,101,0,0,0,101
03/16/2023,CKB,WV,AEA,CE,Combined TRACON& Tower with Radar,4,7,15,6,32,0,0,45,2,47,4,7,60,8,79,0,0,0,79
03/17/2023,CKB,WV,AEA,CE,Combined TRACON& Tower with Radar,7,3,1,6,17,0,0,0,2,2,7,3,1,8,19,0,0,0,19
03/18/2023,CKB,WV,AEA,CE,Combined TRACON& Tower with Radar,0,3,3,1,7,0,2,3,1,6,0,5,6,2,13,0,0,0,13
03/19/2023,CKB,WV,AEA,CE,Combined TRACON& Tower with Radar,2,3,4,0,9,0,0,15,0,15,2,3,19,0,24,0,0,0,24
03/20/2023,CKB,WV,AEA,CE,Combined TRACON& Tower with Radar,2,4,19,4,29,0,1,54,10,65,2,5,73,14,94,0,0,0,94
03/21/2023,CKB,WV,AEA,CE,Combined TRACON& Tower with Radar,0,3,11,8,22,0,0,44,7,51,0,3,55,15,73,0,0,0,73
03/22/2023,CKB,WV,AEA,CE,Combined TRACON& Tower with Radar,1,2,6,10,19,0,0,21,4,25,1,2,27,14,44,0,0,0,44
03/23/2023,CKB,WV,AEA,CE,Combined TRACON& Tower with Radar,2,6,8,7,23,0,1,1,0,2,2,7,9,7,25,0,0,0,25
03/24/2023,CKB,WV,AEA,CE,Combined TRACON& Tower with Radar,3,6,0,0,9,0,0,0,0,0,3,6,0,0,9,0,0,0,9
03/25/2023,CKB,WV,AEA,CE,Combined TRACON& Tower with Radar,6,3,1,0,10,0,0,0,0,0,6,3,1,0,10,0,0,0,10
03/26/2023,CKB,WV,AEA,CE,Combined TRACON& Tower with Radar,0,13,10,0,23,0,0,44,0,44,0,13,54,0,67,0,0,0,67
03/27/2023,CKB,WV,AEA,CE,Combined TRACON& Tower with Radar,2,11,12,20,45,0,0,35,4,39,2,11,47,24,84,0,0,0,84
03/28/2023,CKB,WV,AEA,CE,Combined TRACON& Tower with Radar,0,9,3,13,25,0,0,18,1,19,0,9,21,14,44,0,0,0,44
03/29/2023,CKB,WV,AEA,CE,Combined TRACON& Tower with Radar,0,1,14,12,27,0,4,45,5,54,0,5,59,17,81,0,0,0,81
03/30/2023,CKB,WV,AEA,CE,Combined TRACON& Tower with Radar,2,5,9,6,22,0,6,38,4,48,2,11,47,10,70,0,0,0,70
03/31/2023,CKB,WV,AEA,CE,Combined TRACON& Tower with Radar,3,5,3,24,35,0,0,6,8,14,3,5,9,32,49,0,0,0,49
04/01/2023,CKB,WV,AEA,CE,Combined TRACON& Tower with Radar,2,3,0,0,5,0,0,0,0,0,2,3,0,0,5,0,0,0,5
04/02/2023,CKB,WV,AEA,CE,Combined TRACON& Tower with Radar,2,5,12,5,24,0,0,7,0,7,2,5,19,5,31,0,0,0,31
04/03/2023,CKB,WV,AEA,CE,Combined TRACON& Tower with Radar,2,6,12,2,22,0,2,43,13,58,2,8,55,15,80,0,0,0,80
04/04/2023,CKB,WV,AEA,CE,Combined TRACON& Tower with Radar,3,4,5,7,19,0,2,31,2,35,3,6,36,9,54,0,0,0,54
04/05/2023,CKB,WV,AEA,CE,Combined TRACON& Tower with Radar,2,11,4,12,29,0,2,20,0,22,2,13,24,12,51,0,0,0,51
04/06/2023,CKB,WV,AEA,CE,Combined TRACON& Tower with Radar,9,5,8,4,26,0,0,2,0,2,9,5,10,4,28,0,0,0,28
04/07/2023,CKB,WV,AEA,CE,Combined TRACON& Tower with Radar,2,7,13,5,27,0,8,41,1,50,2,15,54,6,77,0,0,0,77
04/08/2023,CKB,WV,AEA,CE,Combined TRACON& Tower with Radar,0,7,5,0,12,0,6,8,0,14,0,13,13,0,26,0,0,0,26
04/09/2023,CKB,WV,AEA,CE,Combined TRACON& Tower with Radar,4,7,4,0,15,0,4,7,0,11,4,11,11,0,26,0,0,0,26
04/10/2023,CKB,WV,AEA,CE,Combined TRACON& Tower with Radar,2,9,16,6,33,0,8,58,0,66,2,17,74,6,99,0,0,0,99
04/11/2023,CKB,WV,AEA,CE,Combined TRACON& Tower with Radar,0,7,10,4,21,0,2,49,2,53,0,9,59,6,74,14,0,14,88
04/12/2023,CKB,WV,AEA,CE,Combined TRACON& Tower with Radar,2,5,13,8,28,0,4,39,3,46,2,9,52,11,74,0,0,0,74
04/13/2023,CKB,WV,AEA,CE,Combined TRACON& Tower with Radar,2,11,9,6,28,0,4,41,2,47,2,15,50,8,75,0,0,0,75
04/14/2023,CKB,WV,AEA,CE,Combined TRACON& Tower with Radar,10,4,17,6,37,0,2,37,0,39,10,6,54,6,76,0,0,0,76
04/15/2023,CKB,WV,AEA,CE,Combined TRACON& Tower with Radar,0,2,7,0,9,0,2,10,0,12,0,4,17,0,21,0,0,0,21
04/16/2023,CKB,WV,AEA,CE,Combined TRACON& Tower with Radar,2,3,4,0,9,0,0,2,0,2,2,3,6,0,11,0,0,0,11
04/17/2023,CKB,WV,AEA,CE,Combined TRACON& Tower with Radar,6,5,11,1,23,0,0,3,0,3,6,5,14,1,26,0,0,0,26
04/18/2023,CKB,WV,AEA,CE,Combined TRACON& Tower with Radar,4,7,5,3,19,0,6,3,5,14,4,13,8,8,33,0,0,0,33
04/19/2023,CKB,WV,AEA,CE,Combined TRACON& Tower with Radar,2,8,10,7,27,0,8,60,4,72,2,16,70,11,99,0,0,0,99
04/20/2023,CKB,WV,AEA,CE,Combined TRACON& Tower with Radar,4,16,10,13,43,0,0,45,4,49,4,16,55,17,92,0,0,0,92
04/21/2023,CKB,WV,AEA,CE,Combined TRACON& Tower with Radar,2,9,1,10,22,0,1,35,3,39,2,10,36,13,61,0,0,0,61
04/22/2023,CKB,WV,AEA,CE,Combined TRACON& Tower with Radar,4,3,3,0,10,0,0,2,0,2,4,3,5,0,12,0,0,0,12
04/23/2023,CKB,WV,AEA,CE,Combined TRACON& Tower with Radar,4,3,2,0,9,0,1,11,0,12,4,4,13,0,21,0,0,0,21
04/24/2023,CKB,WV,AEA,CE,Combined TRACON& Tower with Radar,5,5,10,17,37,0,0,17,0,17,5,5,27,17,54,0,0,0,54
04/25/2023,CKB,WV,AEA,CE,Combined TRACON& Tower with Radar,0,9,14,20,43,0,4,26,4,34,0,13,40,24,77,0,0,0,77
04/26/2023,CKB,WV,AEA,CE,Combined TRACON& Tower with Radar,0,3,13,13,29,0,2,34,2,38,0,5,47,15,67,0,0,0,67
04/27/2023,CKB,WV,AEA,CE,Combined TRACON& Tower with Radar,5,6,8,12,31,0,2,25,3,30,5,8,33,15,61,0,0,0,61
04/28/2023,CKB,WV,AEA,CE,Combined TRACON& Tower with Radar,3,5,3,0,11,0,0,0,0,0,3,5,3,0,11,0,0,0,11
04/29/2023,CKB,WV,AEA,CE,Combined TRACON& Tower with Radar,0,2,10,0,12,0,0,3,0,3,0,2,13,0,15,0,0,0,15
04/30/2023,CKB,WV,AEA,CE,Combined TRACON& Tower with Radar,6,8,6,0,20,0,0,2,0,2,6,8,8,0,22,0,0,0,22
05/01/2023,CKB,WV,AEA,CE,Combined TRACON& Tower with Radar,2,5,8,0,15,0,0,0,0,0,2,5,8,0,15,0,0,0,15
05/02/2023,CKB,WV,AEA,CE,Combined TRACON& Tower with Radar,2,4,3,0,9,0,0,0,0,0,2,4,3,0,9,0,0,0,9
05/03/2023,CKB,WV,AEA,CE,Combined TRACON& Tower with Radar,0,11,4,0,15,0,0,0,0,0,0,11,4,0,15,0,0,0,15
05/04/2023,CKB,WV,AEA,CE,Combined TRACON& Tower with Radar,3,5,5,13,26,0,0,17,0,17,3,5,22,13,43,6,0,6,49
05/05/2023,CKB,WV,AEA,CE,Combined TRACON& Tower with Radar,2,5,7,16,30,0,4,48,0,52,2,9,55,16,82,0,0,0,82
05/06/2023,CKB,WV,AEA,CE,Combined TRACON& Tower with Radar,0,3,9,0,12,0,2,20,0,22,0,5,29,0,34,0,0,0,34
05/07/2023,CKB,WV,AEA,CE,Combined TRACON& Tower with Radar,1,5,12,0,18,0,0,5,0,5,1,5,17,0,23,0,0,0,23
05/08/2023,CKB,WV,AEA,CE,Combined TRACON& Tower with Radar,2,5,7,20,34,0,2,14,0,16,2,7,21,20,50,0,0,0,50
05/09/2023,CKB,WV,AEA,CE,Combined TRACON& Tower with Radar,0,7,12,16,35,0,0,16,0,16,0,7,28,16,51,0,0,0,51
05/10/2023,CKB,WV,AEA,CE,Combined TRACON& Tower with Radar,1,5,10,15,31,0,2,40,3,45,1,7,50,18,76,0,0,0,76
05/11/2023,CKB,WV,AEA,CE,Combined TRACON& Tower with Radar,9,11,16,22,58,0,2,48,2,52,9,13,64,24,110,0,0,0,110
05/12/2023,CKB,WV,AEA,CE,Combined TRACON& Tower with Radar,6,7,3,6,22,0,2,26,6,34,6,9,29,12,56,0,0,0,56
05/13/2023,CKB,WV,AEA,CE,Combined TRACON& Tower with Radar,0,1,5,0,6,0,0,0,0,0,0,1,5,0,6,0,0,0,6
05/14/2023,CKB,WV,AEA,CE,Combined TRACON& Tower with Radar,6,8,9,0,23,0,6,12,0,18,6,14,21,0,41,0,0,0,41
05/15/2023,CKB,WV,AEA,CE,Combined TRACON& Tower with Radar,3,5,13,4,25,0,2,29,2,33,3,7,42,6,58,0,0,0,58
05/16/2023,CKB,WV,AEA,CE,Combined TRACON& Tower with Radar,0,5,5,8,18,0,0,9,4,13,0,5,14,12,31,0,0,0,31
05/17/2023,CKB,WV,AEA,CE,Combined TRACON& Tower with Radar,3,6,10,6,25,0,3,16,1,20,3,9,26,7,45,0,0,0,45
05/18/2023,CKB,WV,AEA,CE,Combined TRACON& Tower with Radar,4,5,7,6,22,0,5,47,2,54,4,10,54,8,76,0,0,0,76
05/19/2023,CKB,WV,AEA,CE,Combined TRACON& Tower with Radar,4,8,2,5,19,0,0,18,1,19,4,8,20,6,38,0,0,0,38
05/20/2023,CKB,WV,AEA,CE,Combined TRACON& Tower with Radar,1,2,8,0,11,0,0,6,0,6,1,2,14,0,17,0,0,0,17
05/21/2023,CKB,WV,AEA,CE,Combined TRACON& Tower with Radar,2,5,9,0,16,0,4,28,0,32,2,9,37,0,48,0,0,0,48
05/22/2023,CKB,WV,AEA,CE,Combined TRACON& Tower with Radar,3,8,18,3,32,0,9,29,1,39,3,17,47,4,71,0,0,0,71
05/23/2023,CKB,WV,AEA,CE,Combined TRACON& Tower with Radar,2,3,20,5,30,0,0,31,0,31,2,3,51,5,61,0,0,0,61
05/24/2023,CKB,WV,AEA,CE,Combined TRACON& Tower with Radar,3,5,13,7,28,0,3,26,1,30,3,8,39,8,58,0,0,0,58
05/25/2023,CKB,WV,AEA,CE,Combined TRACON& Tower with Radar,2,4,9,1,16,0,2,19,1,22,2,6,28,2,38,0,0,0,38
05/26/2023,CKB,WV,AEA,CE,Combined TRACON& Tower with Radar,4,4,18,2,28,0,2,27,0,29,4,6,45,2,57,0,0,0,57
05/27/2023,CKB,WV,AEA,CE,Combined TRACON& Tower with Radar,2,1,7,0,10,0,0,10,0,10,2,1,17,0,20,0,0,0,20
05/28/2023,CKB,WV,AEA,CE,Combined TRACON& Tower with Radar,2,5,8,1,16,0,4,3,0,7,2,9,11,1,23,0,0,0,23
05/29/2023,CKB,WV,AEA,CE,Combined TRACON& Tower with Radar,2,4,5,0,11,0,1,12,1,14,2,5,17,1,25,0,0,0,25
05/30/2023,CKB,WV,AEA,CE,Combined TRACON& Tower with Radar,0,7,11,5,23,0,3,33,2,38,0,10,44,7,61,0,0,0,61
05/31/2023,CKB,WV,AEA,CE,Combined TRACON& Tower with Radar,1,3,18,6,28,0,4,24,4,32,1,7,42,10,60,0,0,0,60
06/01/2023,CKB,WV,AEA,CE,Combined TRACON& Tower with Radar,4,7,4,10,25,0,5,22,2,29,4,12,26,12,54,0,0,0,54
06/02/2023,CKB,WV,AEA,CE,Combined TRACON& Tower with Radar,2,4,12,7,25,0,3,31,2,36,2,7,43,9,61,0,0,0,61
06/03/2023,CKB,WV,AEA,CE,Combined TRACON& Tower with Radar,8,4,3,0,15,0,0,4,0,4,8,4,7,0,19,0,0,0,19
06/04/2023,CKB,WV,AEA,CE,Combined TRACON& Tower with Radar,7,4,16,3,30,0,0,7,5,12,7,4,23,8,42,0,0,0,42
06/05/2023,CKB,WV,AEA,CE,Combined TRACON& Tower with Radar,5,6,25,0,36,0,0,45,0,45,5,6,70,0,81,0,0,0,81
06/06/2023,CKB,WV,AEA,CE,Combined TRACON& Tower with Radar,0,7,10,5,22,0,0,47,1,48,0,7,57,6,70,0,0,0,70
06/07/2023,CKB,WV,AEA,CE,Combined TRACON& Tower with Radar,4,4,12,1,21,0,2,39,0,41,4,6,51,1,62,0,0,0,62
06/08/2023,CKB,WV,AEA,CE,Combined TRACON& Tower with Radar,5,2,4,8,19,0,0,49,0,49,5,2,53,8,68,0,0,0,68
06/09/2023,CKB,WV,AEA,CE,Combined TRACON& Tower with Radar,3,7,12,8,30,0,0,33,2,35,3,7,45,10,65,2,0,2,67
06/10/2023,CKB,WV,AEA,CE,Combined TRACON& Tower with Radar,3,3,7,0,13,0,1,29,0,30,3,4,36,0,43,0,0,0,43
06/11/2023,CKB,WV,AEA,CE,Combined TRACON& Tower with Radar,5,4,3,0,12,0,2,10,0,12,5,6,13,0,24,0,0,0,24
06/12/2023,CKB,WV,AEA,CE,Combined TRACON& Tower with Radar,2,5,13,2,22,0,0,0,0,0,2,5,13,2,22,0,0,0,22
06/13/2023,CKB,WV,AEA,CE,Combined TRACON& Tower with Radar,5,3,17,6,31,0,1,43,1,45,5,4,60,7,76,21,0,21,97
06/14/2023,CKB,WV,AEA,CE,Combined TRACON& Tower with Radar,0,5,8,6,19,0,0,20,0,20,0,5,28,6,39,0,0,0,39
06/15/2023,CKB,WV,AEA,CE,Combined TRACON& Tower with Radar,5,6,11,7,29,0,6,51,5,62,5,12,62,12,91,0,0,0,91
06/16/2023,CKB,WV,AEA,CE,Combined TRACON& Tower with Radar,4,5,3,16,28,0,2,18,0,20,4,7,21,16,48,0,0,0,48
06/17/2023,CKB,WV,AEA,CE,Combined TRACON& Tower with Radar,2,3,15,0,20,0,2,20,0,22,2,5,35,0,42,0,0,0,42
06/18/2023,CKB,WV,AEA,CE,Combined TRACON& Tower with Radar,5,4,2,0,11,0,0,27,0,27,5,4,29,0,38,0,0,0,38
06/19/2023,CKB,WV,AEA,CE,Combined TRACON& Tower with Radar,2,4,7,0,13,0,0,33,0,33,2,4,40,0,46,0,0,0,46
06/20/2023,CKB,WV,AEA,CE,Combined TRACON& Tower with Radar,0,8,2,6,16,0,1,23,0,24,0,9,25,6,40,0,0,0,40
06/21/2023,CKB,WV,AEA,CE,Combined TRACON& Tower with Radar,0,5,4,12,21,0,0,33,2,35,0,5,37,14,56,0,0,0,56
06/22/2023,CKB,WV,AEA,CE,Combined TRACON& Tower with Radar,10,3,7,10,30,0,0,22,2,24,10,3,29,12,54,0,0,0,54
06/23/2023,CKB,WV,AEA,CE,Combined TRACON& Tower with Radar,2,5,4,11,22,0,0,15,6,21,2,5,19,17,43,0,0,0,43
06/24/2023,CKB,WV,AEA,CE,Combined TRACON& Tower with Radar,3,1,3,0,7,0,4,2,0,6,3,5,5,0,13,0,0,0,13
06/25/2023,CKB,WV,AEA,CE,Combined TRACON& Tower with Radar,4,4,4,8,20,0,2,20,0,22,4,6,24,8,42,0,0,0,42
06/26/2023,CKB,WV,AEA,CE,Combined TRACON& Tower with Radar,2,10,10,6,28,0,0,23,0,23,2,10,33,6,51,0,0,0,51
06/27/2023,CKB,WV,AEA,CE,Combined TRACON& Tower with Radar,1,5,11,4,21,0,0,0,0,0,1,5,11,4,21,0,0,0,21
06/28/2023,CKB,WV,AEA,CE,Combined TRACON& Tower with Radar,0,4,30,12,46,0,0,1,0,1,0,4,31,12,47,0,0,0,47
06/29/2023,CKB,WV,AEA,CE,Combined TRACON& Tower with Radar,4,5,26,9,44,0,0,13,0,13,4,5,39,9,57,0,0,0,57
06/30/2023,CKB,WV,AEA,CE,Combined TRACON& Tower with Radar,2,7,6,4,19,0,0,37,0,37,2,7,43,4,56,0,0,0,56
07/01/2023,CKB,WV,AEA,CE,Combined TRACON& Tower with Radar,2,3,14,0,19,0,0,2,0,2,2,3,16,0,21,0,0,0,21
07/02/2023,CKB,WV,AEA,CE,Combined TRACON& Tower with Radar,9,5,6,0,20,0,2,4,0,6,9,7,10,0,26,0,0,0,26
07/03/2023,CKB,WV,AEA,CE,Combined TRACON& Tower with Radar,2,4,11,0,17,0,0,14,0,14,2,4,25,0,31,0,0,0,31
07/04/2023,CKB,WV,AEA,CE,Combined TRACON& Tower with Radar,0,5,11,0,16,0,2,7,0,9,0,7,18,0,25,0,0,0,25
07/05/2023,CKB,WV,AEA,CE,Combined TRACON& Tower with Radar,0,9,11,2,22,0,2,48,5,55,0,11,59,7,77,0,0,0,77
07/06/2023,CKB,WV,AEA,CE,Combined TRACON& Tower with Radar,8,3,2,2,15,0,2,38,3,43,8,5,40,5,58,0,0,0,58
07/07/2023,CKB,WV,AEA,CE,Combined TRACON& Tower with Radar,5,4,10,0,19,0,2,18,0,20,5,6,28,0,39,0,0,0,39
07/08/2023,CKB,WV,AEA,CE,Combined TRACON& Tower with Radar,2,1,9,0,12,0,2,34,0,36,2,3,43,0,48,0,0,0,48
07/09/2023,CKB,WV,AEA,CE,Combined TRACON& Tower with Radar,8,6,5,0,19,0,0,4,0,4,8,6,9,0,23,0,0,0,23
07/10/2023,CKB,WV,AEA,CE,Combined TRACON& Tower with Radar,12,11,22,2,47,0,2,23,0,25,12,13,45,2,72,0,0,0,72
07/11/2023,CKB,WV,AEA,CE,Combined TRACON& Tower with Radar,0,14,9,2,25,0,6,40,0,46,0,20,49,2,71,0,0,0,71
07/12/2023,CKB,WV,AEA,CE,Combined TRACON& Tower with Radar,2,6,12,1,21,0,8,39,1,48,2,14,51,2,69,0,0,0,69
07/13/2023,CKB,WV,AEA,CE,Combined TRACON& Tower with Radar,5,6,2,6,19,0,1,16,2,19,5,7,18,8,38,0,0,0,38
07/14/2023,CKB,WV,AEA,CE,Combined TRACON& Tower with Radar,2,9,9,2,22,0,2,17,0,19,2,11,26,2,41,0,0,0,41
07/15/2023,CKB,WV,AEA,CE,Combined TRACON& Tower with Radar,2,9,11,0,22,0,2,8,0,10,2,11,19,0,32,0,0,0,32
07/16/2023,CKB,WV,AEA,CE,Combined TRACON& Tower with Radar,4,9,7,2,22,0,0,4,0,4,4,9,11,2,26,0,0,0,26
07/17/2023,CKB,WV,AEA,CE,Combined TRACON& Tower with Radar,2,7,19,2,30,0,1,11,1,13,2,8,30,3,43,0,0,0,43
07/18/2023,CKB,WV,AEA,CE,Combined TRACON& Tower with Radar,2,3,8,3,16,0,0,16,3,19,2,3,24,6,35,0,0,0,35
07/19/2023,CKB,WV,AEA,CE,Combined TRACON& Tower with Radar,1,4,19,6,30,0,0,18,0,18,1,4,37,6,48,0,0,0,48
07/20/2023,CKB,WV,AEA,CE,Combined TRACON& Tower with Radar,8,10,13,8,39,0,4,7,2,13,8,14,20,10,52,0,0,0,52
07/21/2023,CKB,WV,AEA,CE,Combined TRACON& Tower with Radar,2,4,15,8,29,0,2,8,1,11,2,6,23,9,40,0,0,0,40
07/22/2023,CKB,WV,AEA,CE,Combined TRACON& Tower with Radar,2,8,4,0,14,0,4,9,0,13,2,12,13,0,27,0,0,0,27
07/23/2023,CKB,WV,AEA,CE,Combined TRACON& Tower with Radar,4,5,8,0,17,0,2,11,0,13,4,7,19,0,30,0,0,0,30
07/24/2023,CKB,WV,AEA,CE,Combined TRACON& Tower with Radar,2,5,14,4,25,0,2,27,2,31,2,7,41,6,56,0,0,0,56
07/25/2023,CKB,WV,AEA,CE,Combined TRACON& Tower with Radar,0,3,7,8,18,0,6,20,0,26,0,9,27,8,44,0,0,0,44
07/26/2023,CKB,WV,AEA,CE,Combined TRACON& Tower with Radar,1,6,6,10,23,0,2,37,4,43,1,8,43,14,66,0,0,0,66
07/27/2023,CKB,WV,AEA,CE,Combined TRACON& Tower with Radar,5,6,5,4,20,0,2,8,0,10,5,8,13,4,30,0,0,0,30
07/28/2023,CKB,WV,AEA,CE,Combined TRACON& Tower with Radar,3,5,3,10,21,0,2,8,3,13,3,7,11,13,34,0,0,0,34
07/29/2023,CKB,WV,AEA,CE,Combined TRACON& Tower with Radar,2,2,3,0,7,0,0,6,0,6,2,2,9,0,13,0,0,0,13
07/30/2023,CKB,WV,AEA,CE,Combined TRACON& Tower with Radar,4,8,8,2,22,0,4,15,0,19,4,12,23,2,41,0,0,0,41
07/31/2023,CKB,WV,AEA,CE,Combined TRACON& Tower with Radar,6,5,8,14,33,0,4,24,5,33,6,9,32,19,66,0,0,0,66
08/01/2023,CKB,WV,AEA,CE,Combined TRACON& Tower with Radar,1,4,6,4,15,0,8,21,4,33,1,12,27,8,48,0,0,0,48
08/02/2023,CKB,WV,AEA,CE,Combined TRACON& Tower with Radar,0,5,5,9,19,0,4,16,7,27,0,9,21,16,46,0,0,0,46
08/03/2023,CKB,WV,AEA,CE,Combined TRACON& Tower with Radar,5,6,7,18,36,0,3,13,0,16,5,9,20,18,52,0,0,0,52
08/04/2023,CKB,WV,AEA,CE,Combined TRACON& Tower with Radar,6,3,13,6,28,0,2,20,0,22,6,5,33,6,50,0,0,0,50
08/05/2023,CKB,WV,AEA,CE,Combined TRACON& Tower with Radar,2,2,9,2,15,0,6,18,0,24,2,8,27,2,39,0,0,0,39
08/06/2023,CKB,WV,AEA,CE,Combined TRACON& Tower with Radar,4,6,5,0,15,0,0,7,0,7,4,6,12,0,22,0,0,0,22
08/07/2023,CKB,WV,AEA,CE,Combined TRACON& Tower with Radar,3,4,3,0,10,0,0,0,0,0,3,4,3,0,10,0,0,0,10
08/08/2023,CKB,WV,AEA,CE,Combined TRACON& Tower with Radar,0,4,11,2,17,0,0,17,2,19,0,4,28,4,36,0,0,0,36
08/09/2023,CKB,WV,AEA,CE,Combined TRACON& Tower with Radar,0,7,11,1,19,0,1,19,1,21,0,8,30,2,40,0,0,0,40
08/10/2023,CKB,WV,AEA,CE,Combined TRACON& Tower with Radar,4,7,8,0,19,0,0,3,0,3,4,7,11,0,22,0,0,0,22
08/11/2023,CKB,WV,AEA,CE,Combined TRACON& Tower with Radar,4,5,15,4,28,0,4,24,0,28,4,9,39,4,56,0,0,0,56
08/12/2023,CKB,WV,AEA,CE,Combined TRACON& Tower with Radar,2,4,8,0,14,0,0,21,1,22,2,4,29,1,36,0,0,0,36
08/13/2023,CKB,WV,AEA,CE,Combined TRACON& Tower with Radar,4,4,6,0,14,0,2,6,0,8,4,6,12,0,22,0,0,0,22
08/14/2023,CKB,WV,AEA,CE,Combined TRACON& Tower with Radar,7,4,13,4,28,0,2,2,0,4,7,6,15,4,32,0,0,0,32
08/15/2023,CKB,WV,AEA,CE,Combined TRACON& Tower with Radar,0,5,13,3,21,0,3,14,1,18,0,8,27,4,39,0,0,0,39
08/16/2023,CKB,WV,AEA,CE,Combined TRACON& Tower with Radar,2,8,11,5,26,0,2,12,2,16,2,10,23,7,42,0,0,0,42
08/17/2023,CKB,WV,AEA,CE,Combined TRACON& Tower with Radar,2,6,6,3,17,0,2,32,1,35,2,8,38,4,52,0,0,0,52
08/18/2023,CKB,WV,AEA,CE,Combined TRACON& Tower with Radar,0,11,7,4,22,0,2,10,2,14,0,13,17,6,36,0,0,0,36
08/19/2023,CKB,WV,AEA,CE,Combined TRACON& Tower with Radar,0,1,8,0,9,0,4,20,0,24,0,5,28,0,33,0,0,0,33
08/20/2023,CKB,WV,AEA,CE,Combined TRACON& Tower with Radar,2,6,9,0,17,0,2,22,0,24,2,8,31,0,41,0,0,0,41
08/21/2023,CKB,WV,AEA,CE,Combined TRACON& Tower with Radar,2,8,11,0,21,0,5,19,2,26,2,13,30,2,47,0,0,0,47
08/22/2023,CKB,WV,AEA,CE,Combined TRACON& Tower with Radar,0,8,8,7,23,0,2,30,1,33,0,10,38,8,56,0,0,0,56
08/23/2023,CKB,WV,AEA,CE,Combined TRACON& Tower with Radar,0,2,9,11,22,0,0,32,1,33,0,2,41,12,55,0,0,0,55
08/24/2023,CKB,WV,AEA,CE,Combined TRACON& Tower with Radar,3,3,3,10,19,0,0,32,0,32,3,3,35,10,51,0,0,0,51
08/25/2023,CKB,WV,AEA,CE,Combined TRACON& Tower with Radar,2,4,7,0,13,0,2,11,0,13,2,6,18,0,26,0,0,0,26
08/26/2023,CKB,WV,AEA,CE,Combined TRACON& Tower with Radar,3,2,6,0,11,0,2,10,0,12,3,4,16,0,23,0,0,0,23
08/27/2023,CKB,WV,AEA,CE,Combined TRACON& Tower with Radar,2,4,9,0,15,0,0,30,0,30,2,4,39,0,45,0,0,0,45
08/28/2023,CKB,WV,AEA,CE,Combined TRACON& Tower with Radar,0,6,5,11,22,0,4,12,0,16,0,10,17,11,38,0,0,0,38
08/29/2023,CKB,WV,AEA,CE,Combined TRACON& Tower with Radar,0,7,9,6,22,0,0,0,0,0,0,7,9,6,22,0,0,0,22
08/30/2023,CKB,WV,AEA,CE,Combined TRACON& Tower with Radar,3,4,7,4,18,0,0,27,0,27,3,4,34,4,45,0,0,0,45
08/31/2023,CKB,WV,AEA,CE,Combined TRACON& Tower with Radar,2,5,16,8,31,0,2,45,0,47,2,7,61,8,78,0,0,0,78
