01/01/2000,CLE,OH,AGL,CE,Towers with Radar,276,141,10,1,428,9,0,10,0,19,285,141,20,1,447,0,0,0,447
01/02/2000,CLE,OH,AGL,CE,Towers with Radar,428,281,21,6,736,2,0,3,0,5,430,281,24,6,741,0,0,0,741
01/03/2000,CLE,OH,AGL,CE,Towers with Radar,470,377,24,4,875,1,0,1,0,2,471,377,25,4,877,0,0,0,877
01/04/2000,CLE,OH,AGL,CE,Towers with Radar,502,398,43,4,947,1,0,1,0,2,503,398,44,4,949,0,0,0,949
01/05/2000,CLE,OH,AGL,CE,Towers with Radar,514,423,50,2,989,2,0,16,2,20,516,423,66,4,1009,0,0,0,1009
01/06/2000,CLE,OH,AGL,CE,Towers with Radar,515,412,77,11,1015,1,0,11,0,12,516,412,88,11,1027,0,0,0,1027
01/07/2000,CLE,OH,AGL,CE,Towers with Radar,503,398,36,2,939,1,0,5,0,6,504,398,41,2,945,0,0,0,945
01/08/2000,CLE,OH,AGL,CE,Towers with Radar,376,251,50,9,686,1,0,22,0,23,377,251,72,9,709,0,0,0,709
01/09/2000,CLE,OH,AGL,CE,Towers with Radar,417,271,28,4,720,1,0,23,1,25,418,271,51,5,745,0,0,0,745
01/10/2000,CLE,OH,AGL,CE,Towers with Radar,480,388,44,2,914,1,0,1,0,2,481,388,45,2,916,0,0,0,916
01/11/2000,CLE,OH,AGL,CE,Towers with Radar,490,384,51,2,927,1,0,1,0,2,491,384,52,2,929,0,0,0,929
01/12/2000,CLE,OH,AGL,CE,Towers with Radar,490,425,84,3,1002,3,0,22,2,27,493,425,106,5,1029,0,0,0,1029
01/13/2000,CLE,OH,AGL,CE,Towers with Radar,450,357,56,4,867,1,0,0,0,1,451,357,56,4,868,0,0,0,868
01/14/2000,CLE,OH,AGL,CE,Towers with Radar,504,424,81,6,1015,1,0,3,0,4,505,424,84,6,1019,0,0,0,1019
01/15/2000,CLE,OH,AGL,CE,Towers with Radar,389,242,24,6,661,1,1,31,0,33,390,243,55,6,694,0,0,0,694
01/16/2000,CLE,OH,AGL,CE,Towers with Radar,424,273,20,2,719,1,1,9,0,11,425,274,29,2,730,0,0,0,730
01/17/2000,CLE,OH,AGL,CE,Towers with Radar,465,389,62,2,918,2,0,11,0,13,467,389,73,2,931,0,0,0,931
01/18/2000,CLE,OH,AGL,CE,Towers with Radar,493,384,68,8,953,2,1,6,2,11,495,385,74,10,964,0,0,0,964
01/19/2000,CLE,OH,AGL,CE,Towers with Radar,478,404,54,2,938,2,1,10,2,15,480,405,64,4,953,0,0,0,953
01/20/2000,CLE,OH,AGL,CE,Towers with Radar,413,325,76,3,817,2,0,0,0,2,415,325,76,3,819,0,0,0,819
01/21/2000,CLE,OH,AGL,CE,Towers with Radar,495,421,55,3,974,2,0,1,0,3,497,421,56,3,977,0,0,0,977
01/22/2000,CLE,OH,AGL,CE,Towers with Radar,370,255,29,2,656,3,2,4,1,10,373,257,33,3,666,0,0,0,666
01/23/2000,CLE,OH,AGL,CE,Towers with Radar,421,268,21,4,714,2,0,0,0,2,423,268,21,4,716,0,0,0,716
01/24/2000,CLE,OH,AGL,CE,Towers with Radar,484,389,53,1,927,1,0,10,3,14,485,389,63,4,941,0,0,0,941
01/25/2000,CLE,OH,AGL,CE,Towers with Radar,351,331,66,9,757,1,0,2,0,3,352,331,68,9,760,0,0,0,760
01/26/2000,CLE,OH,AGL,CE,Towers with Radar,431,322,58,4,815,1,0,0,0,1,432,322,58,4,816,0,0,0,816
01/27/2000,CLE,OH,AGL,CE,Towers with Radar,489,404,56,3,952,1,0,0,0,1,490,404,56,3,953,0,0,0,953
01/28/2000,CLE,OH,AGL,CE,Towers with Radar,485,410,57,4,956,0,13,8,0,21,485,423,65,4,977,0,0,0,977
01/29/2000,CLE,OH,AGL,CE,Towers with Radar,361,260,42,5,668,1,0,31,0,32,362,260,73,5,700,0,0,0,700
01/30/2000,CLE,OH,AGL,CE,Towers with Radar,372,266,20,2,660,1,0,2,0,3,373,266,22,2,663,0,0,0,663
01/31/2000,CLE,OH,AGL,CE,Towers with Radar,457,395,58,3,913,1,0,1,0,2,458,395,59,3,915,0,0,0,915
02/01/2000,CLE,OH,AGL,CE,Towers with Radar,460,371,52,3,886,2,2,3,0,7,462,373,55,3,893,0,0,0,893
02/02/2000,CLE,OH,AGL,CE,Towers with Radar,487,405,70,10,972,0,2,17,1,20,487,407,87,11,992,0,0,0,992
02/03/2000,CLE,OH,AGL,CE,Towers with Radar,446,322,58,10,836,0,1,2,0,3,446,323,60,10,839,0,0,0,839
02/04/2000,CLE,OH,AGL,CE,Towers with Radar,464,356,39,10,869,0,1,0,0,1,464,357,39,10,870,0,0,0,870
02/05/2000,CLE,OH,AGL,CE,Towers with Radar,382,248,32,3,665,0,1,22,2,25,382,249,54,5,690,0,0,0,690
02/06/2000,CLE,OH,AGL,CE,Towers with Radar,415,285,33,5,738,0,2,31,1,34,415,287,64,6,772,0,0,0,772
02/07/2000,CLE,OH,AGL,CE,Towers with Radar,489,414,49,4,956,0,1,17,0,18,489,415,66,4,974,0,0,0,974
02/08/2000,CLE,OH,AGL,CE,Towers with Radar,473,407,69,9,958,0,2,15,1,18,473,409,84,10,976,0,0,0,976
02/09/2000,CLE,OH,AGL,CE,Towers with Radar,501,428,60,8,997,1,2,14,1,18,502,430,74,9,1015,0,0,0,1015
02/10/2000,CLE,OH,AGL,CE,Towers with Radar,504,384,86,3,977,0,1,9,2,12,504,385,95,5,989,0,0,0,989
02/11/2000,CLE,OH,AGL,CE,Towers with Radar,483,373,63,7,926,0,1,1,0,2,483,374,64,7,928,0,0,0,928
02/12/2000,CLE,OH,AGL,CE,Towers with Radar,414,256,22,5,697,0,3,21,0,24,414,259,43,5,721,0,0,0,721
02/13/2000,CLE,OH,AGL,CE,Towers with Radar,366,271,27,1,665,75,0,0,0,75,441,271,27,1,740,0,0,0,740
02/14/2000,CLE,OH,AGL,CE,Towers with Radar,469,290,34,2,795,0,1,1,0,2,469,291,35,2,797,0,0,0,797
02/15/2000,CLE,OH,AGL,CE,Towers with Radar,506,391,57,8,962,0,1,7,0,8,506,392,64,8,970,0,0,0,970
02/16/2000,CLE,OH,AGL,CE,Towers with Radar,525,420,74,7,1026,0,2,4,0,6,525,422,78,7,1032,0,0,0,1032
02/17/2000,CLE,OH,AGL,CE,Towers with Radar,516,429,83,8,1036,0,2,33,1,36,516,431,116,9,1072,0,0,0,1072
02/18/2000,CLE,OH,AGL,CE,Towers with Radar,335,228,38,3,604,47,0,9,2,58,382,228,47,5,662,0,0,0,662
02/19/2000,CLE,OH,AGL,CE,Towers with Radar,409,255,29,5,698,0,1,0,0,1,409,256,29,5,699,0,0,0,699
02/20/2000,CLE,OH,AGL,CE,Towers with Radar,432,291,29,1,753,0,1,5,0,6,432,292,34,1,759,0,0,0,759
02/21/2000,CLE,OH,AGL,CE,Towers with Radar,486,401,66,3,956,0,1,34,0,35,486,402,100,3,991,0,0,0,991
02/22/2000,CLE,OH,AGL,CE,Towers with Radar,484,399,75,0,958,0,2,21,2,25,484,401,96,2,983,0,0,0,983
02/23/2000,CLE,OH,AGL,CE,Towers with Radar,524,419,71,4,1018,0,1,16,5,22,524,420,87,9,1040,0,0,0,1040
02/24/2000,CLE,OH,AGL,CE,Towers with Radar,493,396,62,5,956,0,0,15,4,19,493,396,77,9,975,0,0,0,975
02/25/2000,CLE,OH,AGL,CE,Towers with Radar,511,400,69,5,985,0,1,11,2,14,511,401,80,7,999,0,0,0,999
02/26/2000,CLE,OH,AGL,CE,Towers with Radar,419,249,32,2,702,0,2,32,1,35,419,251,64,3,737,0,0,0,737
02/27/2000,CLE,OH,AGL,CE,Towers with Radar,428,283,17,0,728,0,4,14,0,18,428,287,31,0,746,0,0,0,746
02/28/2000,CLE,OH,AGL,CE,Towers with Radar,515,390,65,6,976,0,2,40,3,45,515,392,105,9,1021,0,0,0,1021
02/29/2000,CLE,OH,AGL,CE,Towers with Radar,511,426,72,6,1015,0,2,23,2,27,511,428,95,8,1042,0,0,0,1042
03/01/2000,CLE,OH,AGL,CE,Towers with Radar,521,424,82,2,1029,4,0,4,2,10,525,424,86,4,1039,0,0,0,1039
03/02/2000,CLE,OH,AGL,CE,Towers with Radar,513,414,88,7,1022,0,0,4,2,6,513,414,92,9,1028,0,0,0,1028
03/03/2000,CLE,OH,AGL,CE,Towers with Radar,504,424,79,6,1013,0,0,25,3,28,504,424,104,9,1041,0,0,0,1041
03/04/2000,CLE,OH,AGL,CE,Towers with Radar,422,256,32,6,716,0,0,23,0,23,422,256,55,6,739,0,0,0,739
03/05/2000,CLE,OH,AGL,CE,Towers with Radar,434,325,38,4,801,0,0,36,0,36,434,325,74,4,837,0,0,0,837
03/06/2000,CLE,OH,AGL,CE,Towers with Radar,501,407,64,2,974,0,0,24,0,24,501,407,88,2,998,0,0,0,998
03/07/2000,CLE,OH,AGL,CE,Towers with Radar,506,429,70,3,1008,0,0,26,2,28,506,429,96,5,1036,0,0,0,1036
03/08/2000,CLE,OH,AGL,CE,Towers with Radar,511,417,84,5,1017,0,0,16,1,17,511,417,100,6,1034,0,0,0,1034
03/09/2000,CLE,OH,AGL,CE,Towers with Radar,512,392,44,2,950,0,0,5,0,5,512,392,49,2,955,0,0,0,955
03/10/2000,CLE,OH,AGL,CE,Towers with Radar,507,395,65,8,975,0,0,6,1,7,507,395,71,9,982,0,0,0,982
03/11/2000,CLE,OH,AGL,CE,Towers with Radar,407,252,21,0,680,0,0,1,0,1,407,252,22,0,681,0,0,0,681
03/12/2000,CLE,OH,AGL,CE,Towers with Radar,387,301,46,2,736,64,11,0,0,75,451,312,46,2,811,0,0,0,811
03/13/2000,CLE,OH,AGL,CE,Towers with Radar,488,409,47,11,955,0,0,10,2,12,488,409,57,13,967,0,0,0,967
03/14/2000,CLE,OH,AGL,CE,Towers with Radar,515,417,55,6,993,0,0,20,3,23,515,417,75,9,1016,0,0,0,1016
03/15/2000,CLE,OH,AGL,CE,Towers with Radar,522,401,66,8,997,0,0,16,0,16,522,401,82,8,1013,0,0,0,1013
03/16/2000,CLE,OH,AGL,CE,Towers with Radar,492,381,98,9,980,0,0,1,0,1,492,381,99,9,981,0,0,0,981
03/17/2000,CLE,OH,AGL,CE,Towers with Radar,525,437,58,7,1027,0,0,9,1,10,525,437,67,8,1037,0,0,0,1037
03/18/2000,CLE,OH,AGL,CE,Towers with Radar,409,264,34,4,711,0,0,29,0,29,409,264,63,4,740,0,0,0,740
03/19/2000,CLE,OH,AGL,CE,Towers with Radar,421,304,32,2,759,0,0,11,0,11,421,304,43,2,770,0,0,0,770
03/20/2000,CLE,OH,AGL,CE,Towers with Radar,497,405,50,5,957,0,0,12,0,12,497,405,62,5,969,0,0,0,969
03/21/2000,CLE,OH,AGL,CE,Towers with Radar,504,408,44,9,965,0,2,3,0,5,504,410,47,9,970,0,0,0,970
03/22/2000,CLE,OH,AGL,CE,Towers with Radar,514,432,79,8,1033,0,0,14,2,16,514,432,93,10,1049,0,0,0,1049
03/23/2000,CLE,OH,AGL,CE,Towers with Radar,524,417,91,9,1041,0,0,19,1,20,524,417,110,10,1061,0,0,0,1061
03/24/2000,CLE,OH,AGL,CE,Towers with Radar,513,422,80,19,1034,0,0,28,2,30,513,422,108,21,1064,0,0,0,1064
03/25/2000,CLE,OH,AGL,CE,Towers with Radar,417,268,23,5,713,0,0,16,2,18,417,268,39,7,731,0,0,0,731
03/26/2000,CLE,OH,AGL,CE,Towers with Radar,430,322,39,4,795,0,0,30,0,30,430,322,69,4,825,0,0,0,825
03/27/2000,CLE,OH,AGL,CE,Towers with Radar,488,393,47,4,932,0,0,7,2,9,488,393,54,6,941,0,0,0,941
03/28/2000,CLE,OH,AGL,CE,Towers with Radar,498,411,62,4,975,0,1,19,1,21,498,412,81,5,996,0,0,0,996
03/29/2000,CLE,OH,AGL,CE,Towers with Radar,527,411,51,8,997,0,0,12,1,13,527,411,63,9,1010,0,0,0,1010
03/30/2000,CLE,OH,AGL,CE,Towers with Radar,514,419,71,13,1017,0,0,34,2,36,514,419,105,15,1053,0,0,0,1053
03/31/2000,CLE,OH,AGL,CE,Towers with Radar,525,417,82,3,1027,0,0,30,2,32,525,417,112,5,1059,0,0,0,1059
04/01/2000,CLE,OH,AGL,CE,Towers with Radar,385,267,50,3,705,2,0,32,0,34,387,267,82,3,739,6,0,6,745
04/02/2000,CLE,OH,AGL,CE,Towers with Radar,453,327,31,4,815,1,0,1,0,2,454,327,32,4,817,0,0,0,817
04/03/2000,CLE,OH,AGL,CE,Towers with Radar,491,382,44,3,920,1,0,0,0,1,492,382,44,3,921,0,0,0,921
04/04/2000,CLE,OH,AGL,CE,Towers with Radar,482,418,46,1,947,1,0,3,0,4,483,418,49,1,951,0,0,0,951
04/05/2000,CLE,OH,AGL,CE,Towers with Radar,502,424,64,6,996,0,6,41,0,47,502,430,105,6,1043,0,0,0,1043
04/06/2000,CLE,OH,AGL,CE,Towers with Radar,498,435,65,5,1003,1,0,6,2,9,499,435,71,7,1012,0,0,0,1012
04/07/2000,CLE,OH,AGL,CE,Towers with Radar,480,386,46,4,916,1,0,13,0,14,481,386,59,4,930,0,0,0,930
04/08/2000,CLE,OH,AGL,CE,Towers with Radar,404,276,29,1,710,1,0,0,0,1,405,276,29,1,711,0,0,0,711
04/09/2000,CLE,OH,AGL,CE,Towers with Radar,429,317,39,6,791,3,0,8,0,11,432,317,47,6,802,0,0,0,802
04/10/2000,CLE,OH,AGL,CE,Towers with Radar,506,383,58,5,952,3,0,25,1,29,509,383,83,6,981,0,0,0,981
04/11/2000,CLE,OH,AGL,CE,Towers with Radar,499,406,83,4,992,4,0,5,0,9,503,406,88,4,1001,0,0,0,1001
04/12/2000,CLE,OH,AGL,CE,Towers with Radar,495,415,80,4,994,2,1,22,0,25,497,416,102,4,1019,0,0,0,1019
04/13/2000,CLE,OH,AGL,CE,Towers with Radar,524,422,77,3,1026,2,0,17,1,20,526,422,94,4,1046,0,0,0,1046
04/14/2000,CLE,OH,AGL,CE,Towers with Radar,504,427,52,12,995,4,0,15,1,20,508,427,67,13,1015,10,0,10,1025
04/15/2000,CLE,OH,AGL,CE,Towers with Radar,395,276,33,5,709,2,1,38,0,41,397,277,71,5,750,0,0,0,750
04/16/2000,CLE,OH,AGL,CE,Towers with Radar,448,356,34,1,839,1,0,1,1,3,449,356,35,2,842,0,0,0,842
04/17/2000,CLE,OH,AGL,CE,Towers with Radar,506,404,70,3,983,1,0,0,1,2,507,404,70,4,985,0,0,0,985
04/18/2000,CLE,OH,AGL,CE,Towers with Radar,523,429,51,6,1009,1,0,0,0,1,524,429,51,6,1010,0,0,0,1010
04/19/2000,CLE,OH,AGL,CE,Towers with Radar,509,429,98,2,1038,1,7,0,0,8,510,436,98,2,1046,0,0,0,1046
04/20/2000,CLE,OH,AGL,CE,Towers with Radar,448,305,75,4,832,1,0,0,1,2,449,305,75,5,834,0,0,0,834
04/21/2000,CLE,OH,AGL,CE,Towers with Radar,502,402,54,3,961,1,0,7,1,9,503,402,61,4,970,0,0,0,970
04/22/2000,CLE,OH,AGL,CE,Towers with Radar,428,269,14,3,714,1,0,0,0,1,429,269,14,3,715,0,0,0,715
04/23/2000,CLE,OH,AGL,CE,Towers with Radar,441,320,35,6,802,1,0,3,0,4,442,320,38,6,806,0,0,0,806
04/24/2000,CLE,OH,AGL,CE,Towers with Radar,502,389,54,4,949,1,0,40,0,41,503,389,94,4,990,10,0,10,1000
04/25/2000,CLE,OH,AGL,CE,Towers with Radar,519,432,73,12,1036,1,0,31,2,34,520,432,104,14,1070,6,0,6,1076
04/26/2000,CLE,OH,AGL,CE,Towers with Radar,519,432,88,11,1050,1,1,28,2,32,520,433,116,13,1082,6,0,6,1088
04/27/2000,CLE,OH,AGL,CE,Towers with Radar,525,417,72,8,1022,2,2,27,3,34,527,419,99,11,1056,0,0,0,1056
04/28/2000,CLE,OH,AGL,CE,Towers with Radar,486,437,77,2,1002,2,0,22,2,26,488,437,99,4,1028,4,0,4,1032
04/29/2000,CLE,OH,AGL,CE,Towers with Radar,392,270,36,6,704,1,1,33,1,36,393,271,69,7,740,0,0,0,740
04/30/2000,CLE,OH,AGL,CE,Towers with Radar,443,328,49,8,828,4,0,42,3,49,447,328,91,11,877,0,0,0,877
05/01/2000,CLE,OH,AGL,CE,Towers with Radar,486,394,47,3,930,12,0,7,0,19,498,394,54,3,949,0,0,0,949
05/02/2000,CLE,OH,AGL,CE,Towers with Radar,497,433,83,4,1017,1,0,11,1,13,498,433,94,5,1030,0,0,0,1030
05/03/2000,CLE,OH,AGL,CE,Towers with Radar,516,439,74,8,1037,1,0,37,1,39,517,439,111,9,1076,10,0,10,1086
05/04/2000,CLE,OH,AGL,CE,Towers with Radar,482,415,79,10,986,2,1,28,0,31,484,416,107,10,1017,6,0,6,1023
05/05/2000,CLE,OH,AGL,CE,Towers with Radar,483,382,70,3,938,1,0,16,0,17,484,382,86,3,955,0,0,0,955
05/06/2000,CLE,OH,AGL,CE,Towers with Radar,409,298,33,8,748,1,1,28,0,30,410,299,61,8,778,0,0,0,778
05/07/2000,CLE,OH,AGL,CE,Towers with Radar,439,299,43,8,789,1,2,23,3,29,440,301,66,11,818,0,0,0,818
05/08/2000,CLE,OH,AGL,CE,Towers with Radar,478,384,66,4,932,1,0,8,0,9,479,384,74,4,941,0,0,0,941
05/09/2000,CLE,OH,AGL,CE,Towers with Radar,487,392,65,6,950,0,1,10,0,11,487,393,75,6,961,0,0,0,961
05/10/2000,CLE,OH,AGL,CE,Towers with Radar,458,362,79,5,904,1,1,4,0,6,459,363,83,5,910,0,0,0,910
05/11/2000,CLE,OH,AGL,CE,Towers with Radar,509,412,87,8,1016,0,2,20,0,22,509,414,107,8,1038,0,0,0,1038
05/12/2000,CLE,OH,AGL,CE,Towers with Radar,495,414,55,15,979,0,0,6,0,6,495,414,61,15,985,0,0,0,985
05/13/2000,CLE,OH,AGL,CE,Towers with Radar,415,281,27,4,727,1,0,13,0,14,416,281,40,4,741,0,0,0,741
05/14/2000,CLE,OH,AGL,CE,Towers with Radar,435,301,28,7,771,1,0,26,0,27,436,301,54,7,798,0,0,0,798
05/15/2000,CLE,OH,AGL,CE,Towers with Radar,468,408,70,5,951,0,0,17,0,17,468,408,87,5,968,0,0,0,968
05/16/2000,CLE,OH,AGL,CE,Towers with Radar,515,412,83,8,1018,1,1,21,0,23,516,413,104,8,1041,0,0,0,1041
05/17/2000,CLE,OH,AGL,CE,Towers with Radar,509,410,70,1,990,0,0,25,2,27,509,410,95,3,1017,0,0,0,1017
05/18/2000,CLE,OH,AGL,CE,Towers with Radar,401,311,94,4,810,1,1,13,0,15,402,312,107,4,825,0,0,0,825
05/19/2000,CLE,OH,AGL,CE,Towers with Radar,479,384,77,8,948,1,0,0,0,1,480,384,77,8,949,0,0,0,949
05/20/2000,CLE,OH,AGL,CE,Towers with Radar,423,284,47,4,758,2,0,4,1,7,425,284,51,5,765,0,0,0,765
05/21/2000,CLE,OH,AGL,CE,Towers with Radar,429,317,40,5,791,1,0,35,2,38,430,317,75,7,829,0,0,0,829
05/22/2000,CLE,OH,AGL,CE,Towers with Radar,467,401,52,11,931,1,0,24,0,25,468,401,76,11,956,0,0,0,956
05/23/2000,CLE,OH,AGL,CE,Towers with Radar,511,428,67,13,1019,1,0,1,1,3,512,428,68,14,1022,0,0,0,1022
05/24/2000,CLE,OH,AGL,CE,Towers with Radar,500,415,70,8,993,0,0,39,6,45,500,415,109,14,1038,10,0,10,1048
05/25/2000,CLE,OH,AGL,CE,Towers with Radar,514,406,93,12,1025,1,3,35,3,42,515,409,128,15,1067,6,0,6,1073
05/26/2000,CLE,OH,AGL,CE,Towers with Radar,509,424,66,14,1013,1,1,33,6,41,510,425,99,20,1054,8,0,8,1062
05/27/2000,CLE,OH,AGL,CE,Towers with Radar,377,202,22,4,605,1,0,4,0,5,378,202,26,4,610,0,0,0,610
05/28/2000,CLE,OH,AGL,CE,Towers with Radar,348,194,12,5,559,1,0,0,0,1,349,194,12,5,560,0,0,0,560
05/29/2000,CLE,OH,AGL,CE,Towers with Radar,422,268,24,11,725,1,0,12,1,14,423,268,36,12,739,0,0,0,739
05/30/2000,CLE,OH,AGL,CE,Towers with Radar,497,432,68,4,1001,1,1,20,1,23,498,433,88,5,1024,0,0,0,1024
05/31/2000,CLE,OH,AGL,CE,Towers with Radar,481,404,81,13,979,1,0,18,0,19,482,404,99,13,998,0,0,0,998
06/01/2000,CLE,OH,AGL,CE,Towers with Radar,516,436,89,13,1054,10,0,4,0,14,526,436,93,13,1068,0,0,0,1068
06/02/2000,CLE,OH,AGL,CE,Towers with Radar,467,365,71,3,906,0,0,15,0,15,467,365,86,3,921,0,0,0,921
06/03/2000,CLE,OH,AGL,CE,Towers with Radar,414,271,27,16,728,0,0,32,0,32,414,271,59,16,760,6,0,6,766
06/04/2000,CLE,OH,AGL,CE,Towers with Radar,451,309,38,10,808,0,0,37,0,37,451,309,75,10,845,10,0,10,855
06/05/2000,CLE,OH,AGL,CE,Towers with Radar,495,404,73,9,981,0,0,5,0,5,495,404,78,9,986,0,0,0,986
06/06/2000,CLE,OH,AGL,CE,Towers with Radar,497,427,80,6,1010,0,0,8,0,8,497,427,88,6,1018,0,0,0,1018
06/07/2000,CLE,OH,AGL,CE,Towers with Radar,525,424,78,10,1037,0,0,36,1,37,525,424,114,11,1074,8,0,8,1082
06/08/2000,CLE,OH,AGL,CE,Towers with Radar,473,410,113,10,1006,0,0,23,0,23,473,410,136,10,1029,10,0,10,1039
06/09/2000,CLE,OH,AGL,CE,Towers with Radar,519,415,74,12,1020,0,0,19,0,19,519,415,93,12,1039,0,0,0,1039
06/10/2000,CLE,OH,AGL,CE,Towers with Radar,407,272,28,6,713,0,3,26,0,29,407,275,54,6,742,0,0,0,742
06/11/2000,CLE,OH,AGL,CE,Towers with Radar,430,281,52,5,768,0,0,12,0,12,430,281,64,5,780,0,0,0,780
06/12/2000,CLE,OH,AGL,CE,Towers with Radar,500,411,49,7,967,0,0,0,0,0,500,411,49,7,967,0,0,0,967
06/13/2000,CLE,OH,AGL,CE,Towers with Radar,479,401,72,13,965,0,0,2,0,2,479,401,74,13,967,0,0,0,967
06/14/2000,CLE,OH,AGL,CE,Towers with Radar,457,347,85,5,894,0,0,11,0,11,457,347,96,5,905,0,0,0,905
06/15/2000,CLE,OH,AGL,CE,Towers with Radar,467,406,88,10,971,0,0,10,0,10,467,406,98,10,981,0,0,0,981
06/16/2000,CLE,OH,AGL,CE,Towers with Radar,433,342,60,6,841,0,1,9,0,10,433,343,69,6,851,0,0,0,851
06/17/2000,CLE,OH,AGL,CE,Towers with Radar,461,305,28,5,799,0,0,25,0,25,461,305,53,5,824,0,0,0,824
06/18/2000,CLE,OH,AGL,CE,Towers with Radar,405,298,34,4,741,0,0,3,0,3,405,298,37,4,744,0,0,0,744
06/19/2000,CLE,OH,AGL,CE,Towers with Radar,487,420,65,10,982,0,0,35,1,36,487,420,100,11,1018,0,0,0,1018
06/20/2000,CLE,OH,AGL,CE,Towers with Radar,482,414,103,3,1002,1,2,38,2,43,483,416,141,5,1045,0,0,0,1045
06/21/2000,CLE,OH,AGL,CE,Towers with Radar,485,422,71,6,984,0,0,5,2,7,485,422,76,8,991,0,0,0,991
06/22/2000,CLE,OH,AGL,CE,Towers with Radar,520,432,89,8,1049,0,0,23,2,25,520,432,112,10,1074,0,0,0,1074
06/23/2000,CLE,OH,AGL,CE,Towers with Radar,488,437,62,10,997,0,1,37,0,38,488,438,99,10,1035,10,0,10,1045
06/24/2000,CLE,OH,AGL,CE,Towers with Radar,403,287,50,5,745,0,5,20,2,27,403,292,70,7,772,0,0,0,772
06/25/2000,CLE,OH,AGL,CE,Towers with Radar,402,292,43,14,751,0,2,13,0,15,402,294,56,14,766,0,0,0,766
06/26/2000,CLE,OH,AGL,CE,Towers with Radar,485,415,65,6,971,0,0,18,3,21,485,415,83,9,992,8,0,8,1000
06/27/2000,CLE,OH,AGL,CE,Towers with Radar,506,422,104,10,1042,0,0,26,2,28,506,422,130,12,1070,0,0,0,1070
06/28/2000,CLE,OH,AGL,CE,Towers with Radar,504,441,81,5,1031,0,1,31,1,33,504,442,112,6,1064,0,0,0,1064
06/29/2000,CLE,OH,AGL,CE,Towers with Radar,480,425,133,14,1052,0,2,28,2,32,480,427,161,16,1084,0,0,0,1084
06/30/2000,CLE,OH,AGL,CE,Towers with Radar,510,456,104,5,1075,0,1,46,2,49,510,457,150,7,1124,0,0,0,1124
07/01/2000,CLE,OH,AGL,CE,Towers with Radar,414,286,68,11,779,2,0,39,0,41,416,286,107,11,820,10,0,10,830
07/02/2000,CLE,OH,AGL,CE,Towers with Radar,380,233,63,5,681,1,0,38,0,39,381,233,101,5,720,0,0,0,720
07/03/2000,CLE,OH,AGL,CE,Towers with Radar,354,249,25,3,631,1,0,2,0,3,355,249,27,3,634,6,0,6,640
07/04/2000,CLE,OH,AGL,CE,Towers with Radar,410,324,22,6,762,1,0,2,0,3,411,324,24,6,765,0,0,0,765
07/05/2000,CLE,OH,AGL,CE,Towers with Radar,494,414,50,5,963,2,0,29,1,32,496,414,79,6,995,0,0,0,995
07/06/2000,CLE,OH,AGL,CE,Towers with Radar,516,420,75,6,1017,0,0,38,4,42,516,420,113,10,1059,0,0,0,1059
07/07/2000,CLE,OH,AGL,CE,Towers with Radar,511,432,70,8,1021,0,0,30,1,31,511,432,100,9,1052,8,0,8,1060
07/08/2000,CLE,OH,AGL,CE,Towers with Radar,405,292,34,6,737,3,1,37,5,46,408,293,71,11,783,4,0,4,787
07/09/2000,CLE,OH,AGL,CE,Towers with Radar,401,271,23,6,701,3,1,22,2,28,404,272,45,8,729,0,0,0,729
07/10/2000,CLE,OH,AGL,CE,Towers with Radar,509,437,44,4,994,2,1,1,0,4,511,438,45,4,998,0,0,0,998
07/11/2000,CLE,OH,AGL,CE,Towers with Radar,514,433,75,9,1031,2,2,22,2,28,516,435,97,11,1059,0,0,0,1059
07/12/2000,CLE,OH,AGL,CE,Towers with Radar,495,433,88,9,1025,4,0,30,1,35,499,433,118,10,1060,0,0,0,1060
07/13/2000,CLE,OH,AGL,CE,Towers with Radar,494,428,79,9,1010,3,2,36,3,44,497,430,115,12,1054,0,0,0,1054
07/14/2000,CLE,OH,AGL,CE,Towers with Radar,395,287,48,6,736,3,0,4,0,7,398,287,52,6,743,0,0,0,743
07/15/2000,CLE,OH,AGL,CE,Towers with Radar,425,254,38,6,723,2,1,9,0,12,427,255,47,6,735,0,0,0,735
07/16/2000,CLE,OH,AGL,CE,Towers with Radar,409,298,31,15,753,3,0,13,0,16,412,298,44,15,769,0,0,0,769
07/17/2000,CLE,OH,AGL,CE,Towers with Radar,489,383,77,12,961,0,0,29,0,29,489,383,106,12,990,0,0,0,990
07/18/2000,CLE,OH,AGL,CE,Towers with Radar,507,427,75,12,1021,0,5,22,0,27,507,432,97,12,1048,0,0,0,1048
07/19/2000,CLE,OH,AGL,CE,Towers with Radar,519,403,69,9,1000,1,3,39,2,45,520,406,108,11,1045,0,0,0,1045
07/20/2000,CLE,OH,AGL,CE,Towers with Radar,516,428,74,3,1021,3,2,39,1,45,519,430,113,4,1066,0,0,0,1066
07/21/2000,CLE,OH,AGL,CE,Towers with Radar,524,422,57,3,1006,0,1,26,0,27,524,423,83,3,1033,0,0,0,1033
07/22/2000,CLE,OH,AGL,CE,Towers with Radar,419,279,43,4,745,3,3,44,0,50,422,282,87,4,795,0,0,0,795
07/23/2000,CLE,OH,AGL,CE,Towers with Radar,430,312,64,10,816,3,0,43,3,49,433,312,107,13,865,0,0,0,865
07/24/2000,CLE,OH,AGL,CE,Towers with Radar,492,429,96,17,1034,3,3,40,0,46,495,432,136,17,1080,0,0,0,1080
07/25/2000,CLE,OH,AGL,CE,Towers with Radar,513,430,68,8,1019,4,4,36,1,45,517,434,104,9,1064,0,0,0,1064
07/26/2000,CLE,OH,AGL,CE,Towers with Radar,508,441,78,8,1035,3,9,51,1,64,511,450,129,9,1099,0,0,0,1099
07/27/2000,CLE,OH,AGL,CE,Towers with Radar,494,422,71,7,994,5,3,23,0,31,499,425,94,7,1025,6,0,6,1031
07/28/2000,CLE,OH,AGL,CE,Towers with Radar,420,329,73,10,832,2,0,1,0,3,422,329,74,10,835,0,0,0,835
07/29/2000,CLE,OH,AGL,CE,Towers with Radar,440,238,31,9,718,0,1,0,0,1,440,239,31,9,719,0,0,0,719
07/30/2000,CLE,OH,AGL,CE,Towers with Radar,415,305,43,9,772,2,1,7,1,11,417,306,50,10,783,0,0,0,783
07/31/2000,CLE,OH,AGL,CE,Towers with Radar,491,372,78,6,947,2,0,1,1,4,493,372,79,7,951,0,0,0,951
08/01/2000,CLE,OH,AGL,CE,Towers with Radar,500,399,94,9,1002,4,0,17,1,22,504,399,111,10,1024,0,0,0,1024
08/02/2000,CLE,OH,AGL,CE,Towers with Radar,505,397,77,12,991,0,0,20,1,21,505,397,97,13,1012,0,0,0,1012
08/03/2000,CLE,OH,AGL,CE,Towers with Radar,492,429,73,4,998,0,0,3,2,5,492,429,76,6,1003,0,0,0,1003
08/04/2000,CLE,OH,AGL,CE,Towers with Radar,506,402,62,8,978,1,1,49,1,52,507,403,111,9,1030,0,0,0,1030
08/05/2000,CLE,OH,AGL,CE,Towers with Radar,418,275,41,9,743,2,0,35,0,37,420,275,76,9,780,2,0,2,782
08/06/2000,CLE,OH,AGL,CE,Towers with Radar,418,289,26,8,741,2,0,6,0,8,420,289,32,8,749,0,0,0,749
08/07/2000,CLE,OH,AGL,CE,Towers with Radar,498,395,53,9,955,3,0,22,1,26,501,395,75,10,981,0,0,0,981
08/08/2000,CLE,OH,AGL,CE,Towers with Radar,516,448,83,12,1059,0,0,15,4,19,516,448,98,16,1078,0,0,0,1078
08/09/2000,CLE,OH,AGL,CE,Towers with Radar,495,417,55,9,976,1,0,3,2,6,496,417,58,11,982,0,0,0,982
08/10/2000,CLE,OH,AGL,CE,Towers with Radar,534,463,57,7,1061,2,2,34,2,40,536,465,91,9,1101,0,0,0,1101
08/11/2000,CLE,OH,AGL,CE,Towers with Radar,484,439,58,7,988,0,0,26,0,26,484,439,84,7,1014,0,0,0,1014
08/12/2000,CLE,OH,AGL,CE,Towers with Radar,409,282,37,8,736,0,0,54,1,55,409,282,91,9,791,0,0,0,791
08/13/2000,CLE,OH,AGL,CE,Towers with Radar,435,314,36,10,795,0,0,28,0,28,435,314,64,10,823,6,0,6,829
08/14/2000,CLE,OH,AGL,CE,Towers with Radar,499,415,67,16,997,1,2,27,2,32,500,417,94,18,1029,4,0,4,1033
08/15/2000,CLE,OH,AGL,CE,Towers with Radar,519,420,68,4,1011,0,0,20,0,20,519,420,88,4,1031,0,0,0,1031
08/16/2000,CLE,OH,AGL,CE,Towers with Radar,529,433,90,5,1057,0,1,42,2,45,529,434,132,7,1102,0,0,0,1102
08/17/2000,CLE,OH,AGL,CE,Towers with Radar,507,415,69,9,1000,1,0,17,1,19,508,415,86,10,1019,0,0,0,1019
08/18/2000,CLE,OH,AGL,CE,Towers with Radar,513,426,69,14,1022,1,1,34,1,37,514,427,103,15,1059,0,0,0,1059
08/19/2000,CLE,OH,AGL,CE,Towers with Radar,403,275,36,6,720,0,0,34,0,34,403,275,70,6,754,0,0,0,754
08/20/2000,CLE,OH,AGL,CE,Towers with Radar,456,313,37,8,814,1,1,37,0,39,457,314,74,8,853,0,0,0,853
08/21/2000,CLE,OH,AGL,CE,Towers with Radar,476,382,63,7,928,4,19,39,0,62,480,401,102,7,990,0,0,0,990
08/22/2000,CLE,OH,AGL,CE,Towers with Radar,511,411,69,7,998,2,1,28,0,31,513,412,97,7,1029,0,0,0,1029
08/23/2000,CLE,OH,AGL,CE,Towers with Radar,490,428,87,10,1015,0,0,19,2,21,490,428,106,12,1036,0,0,0,1036
08/24/2000,CLE,OH,AGL,CE,Towers with Radar,514,456,84,8,1062,0,0,34,2,36,514,456,118,10,1098,0,0,0,1098
08/25/2000,CLE,OH,AGL,CE,Towers with Radar,525,416,79,7,1027,2,0,46,4,52,527,416,125,11,1079,0,0,0,1079
08/26/2000,CLE,OH,AGL,CE,Towers with Radar,409,280,22,12,723,3,1,27,2,33,412,281,49,14,756,0,0,0,756
08/27/2000,CLE,OH,AGL,CE,Towers with Radar,411,300,63,6,780,0,0,14,0,14,411,300,77,6,794,0,0,0,794
08/28/2000,CLE,OH,AGL,CE,Towers with Radar,518,424,74,16,1032,3,0,18,0,21,521,424,92,16,1053,0,0,0,1053
08/29/2000,CLE,OH,AGL,CE,Towers with Radar,517,449,99,9,1074,3,0,21,0,24,520,449,120,9,1098,0,4,4,1102
08/30/2000,CLE,OH,AGL,CE,Towers with Radar,517,422,87,9,1035,1,3,21,1,26,518,425,108,10,1061,0,10,10,1071
08/31/2000,CLE,OH,AGL,CE,Towers with Radar,502,451,62,21,1036,1,0,35,2,38,503,451,97,23,1074,4,8,12,1086
09/01/2000,CLE,OH,AGL,CE,Towers with Radar,497,429,75,25,1026,14,1,37,4,56,511,430,112,29,1082,0,0,0,1082
09/02/2000,CLE,OH,AGL,CE,Towers with Radar,403,259,39,18,719,0,1,10,0,11,403,260,49,18,730,0,0,0,730
09/03/2000,CLE,OH,AGL,CE,Towers with Radar,332,203,31,11,577,0,3,41,0,44,332,206,72,11,621,0,0,0,621
09/04/2000,CLE,OH,AGL,CE,Towers with Radar,430,303,40,10,783,0,2,3,0,5,430,305,43,10,788,0,0,0,788
09/05/2000,CLE,OH,AGL,CE,Towers with Radar,496,423,83,16,1018,0,1,33,0,34,496,424,116,16,1052,0,0,0,1052
09/06/2000,CLE,OH,AGL,CE,Towers with Radar,515,440,90,8,1053,0,4,45,1,50,515,444,135,9,1103,10,0,10,1113
09/07/2000,CLE,OH,AGL,CE,Towers with Radar,517,425,86,8,1036,0,1,35,1,37,517,426,121,9,1073,0,0,0,1073
09/08/2000,CLE,OH,AGL,CE,Towers with Radar,533,401,89,17,1040,0,1,25,1,27,533,402,114,18,1067,0,0,0,1067
09/09/2000,CLE,OH,AGL,CE,Towers with Radar,371,267,50,4,692,0,2,9,3,14,371,269,59,7,706,0,0,0,706
09/10/2000,CLE,OH,AGL,CE,Towers with Radar,421,301,65,11,798,0,3,5,1,9,421,304,70,12,807,0,0,0,807
09/11/2000,CLE,OH,AGL,CE,Towers with Radar,488,390,69,8,955,0,2,10,2,14,488,392,79,10,969,0,0,0,969
09/12/2000,CLE,OH,AGL,CE,Towers with Radar,486,381,73,13,953,0,1,3,1,5,486,382,76,14,958,6,0,6,964
09/13/2000,CLE,OH,AGL,CE,Towers with Radar,539,420,72,14,1045,0,2,42,4,48,539,422,114,18,1093,12,0,12,1105
09/14/2000,CLE,OH,AGL,CE,Towers with Radar,514,418,59,8,999,0,3,35,1,39,514,421,94,9,1038,0,0,0,1038
09/15/2000,CLE,OH,AGL,CE,Towers with Radar,519,381,69,10,979,0,1,12,0,13,519,382,81,10,992,0,0,0,992
09/16/2000,CLE,OH,AGL,CE,Towers with Radar,384,278,52,4,718,14,0,46,0,60,398,278,98,4,778,0,0,0,778
09/17/2000,CLE,OH,AGL,CE,Towers with Radar,442,354,66,4,866,0,2,40,0,42,442,356,106,4,908,0,0,0,908
09/18/2000,CLE,OH,AGL,CE,Towers with Radar,499,384,55,10,948,0,1,39,4,44,499,385,94,14,992,0,0,0,992
09/19/2000,CLE,OH,AGL,CE,Towers with Radar,496,398,82,5,981,0,0,40,1,41,496,398,122,6,1022,2,0,2,1024
09/20/2000,CLE,OH,AGL,CE,Towers with Radar,473,338,52,8,871,0,1,28,0,29,473,339,80,8,900,0,0,0,900
09/21/2000,CLE,OH,AGL,CE,Towers with Radar,539,439,103,6,1087,0,1,23,2,26,539,440,126,8,1113,6,0,6,1119
09/22/2000,CLE,OH,AGL,CE,Towers with Radar,506,400,83,9,998,0,2,35,3,40,506,402,118,12,1038,0,0,0,1038
09/23/2000,CLE,OH,AGL,CE,Towers with Radar,300,223,22,4,549,55,0,0,0,55,355,223,22,4,604,0,0,0,604
09/24/2000,CLE,OH,AGL,CE,Towers with Radar,414,299,35,6,754,0,1,6,0,7,414,300,41,6,761,0,0,0,761
09/25/2000,CLE,OH,AGL,CE,Towers with Radar,495,385,47,15,942,0,1,24,0,25,495,386,71,15,967,0,0,0,967
09/26/2000,CLE,OH,AGL,CE,Towers with Radar,495,423,62,10,990,0,1,37,0,38,495,424,99,10,1028,0,0,0,1028
09/27/2000,CLE,OH,AGL,CE,Towers with Radar,501,431,70,2,1004,0,1,40,1,42,501,432,110,3,1046,8,0,8,1054
09/28/2000,CLE,OH,AGL,CE,Towers with Radar,502,413,63,2,980,0,2,30,2,34,502,415,93,4,1014,4,0,4,1018
09/29/2000,CLE,OH,AGL,CE,Towers with Radar,518,415,69,12,1014,0,1,35,0,36,518,416,104,12,1050,0,0,0,1050
09/30/2000,CLE,OH,AGL,CE,Towers with Radar,384,292,40,4,720,0,3,27,0,30,384,295,67,4,750,0,0,0,750
10/01/2000,CLE,OH,AGL,CE,Towers with Radar,444,271,44,6,765,4,0,37,0,41,448,271,81,6,806,0,0,0,806
10/02/2000,CLE,OH,AGL,CE,Towers with Radar,508,330,66,7,911,0,0,19,2,21,508,330,85,9,932,0,0,0,932
10/03/2000,CLE,OH,AGL,CE,Towers with Radar,542,370,79,6,997,0,0,20,2,22,542,370,99,8,1019,0,0,0,1019
10/04/2000,CLE,OH,AGL,CE,Towers with Radar,528,362,78,2,970,0,0,9,0,9,528,362,87,2,979,0,0,0,979
10/05/2000,CLE,OH,AGL,CE,Towers with Radar,0,0,0,0,0,0,0,0,0,0,0,0,0,0,0,0,0,0,0
10/06/2000,CLE,OH,AGL,CE,Towers with Radar,556,373,88,16,1033,0,1,2,0,3,556,374,90,16,1036,0,0,0,1036
10/07/2000,CLE,OH,AGL,CE,Towers with Radar,411,254,27,4,696,0,0,19,0,19,411,254,46,4,715,0,0,0,715
10/08/2000,CLE,OH,AGL,CE,Towers with Radar,418,260,29,2,709,0,0,1,0,1,418,260,30,2,710,0,0,0,710
10/09/2000,CLE,OH,AGL,CE,Towers with Radar,501,340,37,5,883,0,2,21,0,23,501,342,58,5,906,0,0,0,906
10/10/2000,CLE,OH,AGL,CE,Towers with Radar,522,379,61,5,967,0,0,28,2,30,522,379,89,7,997,0,0,0,997
10/11/2000,CLE,OH,AGL,CE,Towers with Radar,528,378,98,13,1017,0,0,25,1,26,528,378,123,14,1043,0,0,0,1043
10/12/2000,CLE,OH,AGL,CE,Towers with Radar,551,379,69,15,1014,0,0,39,1,40,551,379,108,16,1054,0,0,0,1054
10/13/2000,CLE,OH,AGL,CE,Towers with Radar,544,358,78,2,982,0,1,35,3,39,544,359,113,5,1021,0,0,0,1021
10/14/2000,CLE,OH,AGL,CE,Towers with Radar,414,251,30,11,706,0,6,42,2,50,414,257,72,13,756,0,0,0,756
10/15/2000,CLE,OH,AGL,CE,Towers with Radar,478,284,50,4,816,0,0,9,0,9,478,284,59,4,825,0,0,0,825
10/16/2000,CLE,OH,AGL,CE,Towers with Radar,505,320,60,9,894,0,0,2,1,3,505,320,62,10,897,0,0,0,897
10/17/2000,CLE,OH,AGL,CE,Towers with Radar,550,364,73,5,992,0,0,1,0,1,550,364,74,5,993,0,0,0,993
10/18/2000,CLE,OH,AGL,CE,Towers with Radar,549,363,82,5,999,0,2,4,4,10,549,365,86,9,1009,0,0,0,1009
10/19/2000,CLE,OH,AGL,CE,Towers with Radar,534,385,94,7,1020,0,1,21,0,22,534,386,115,7,1042,0,0,0,1042
10/20/2000,CLE,OH,AGL,CE,Towers with Radar,565,350,77,3,995,0,0,26,0,26,565,350,103,3,1021,0,0,0,1021
10/21/2000,CLE,OH,AGL,CE,Towers with Radar,404,249,33,8,694,0,0,39,0,39,404,249,72,8,733,0,0,0,733
10/22/2000,CLE,OH,AGL,CE,Towers with Radar,439,259,34,6,738,0,0,45,0,45,439,259,79,6,783,0,0,0,783
10/23/2000,CLE,OH,AGL,CE,Towers with Radar,529,353,55,4,941,0,0,26,1,27,529,353,81,5,968,0,0,0,968
10/24/2000,CLE,OH,AGL,CE,Towers with Radar,511,341,60,5,917,0,0,0,0,0,511,341,60,5,917,0,0,0,917
10/25/2000,CLE,OH,AGL,CE,Towers with Radar,542,339,67,8,956,0,0,0,0,0,542,339,67,8,956,0,0,0,956
10/26/2000,CLE,OH,AGL,CE,Towers with Radar,521,352,93,9,975,0,0,19,0,19,521,352,112,9,994,0,0,0,994
10/27/2000,CLE,OH,AGL,CE,Towers with Radar,550,345,76,8,979,0,0,16,1,17,550,345,92,9,996,0,0,0,996
10/28/2000,CLE,OH,AGL,CE,Towers with Radar,371,237,46,1,655,12,0,7,0,19,383,237,53,1,674,0,0,0,674
10/29/2000,CLE,OH,AGL,CE,Towers with Radar,435,248,32,9,724,0,0,31,0,31,435,248,63,9,755,0,0,0,755
10/30/2000,CLE,OH,AGL,CE,Towers with Radar,511,331,63,6,911,44,6,18,2,70,555,337,81,8,981,0,0,0,981
10/31/2000,CLE,OH,AGL,CE,Towers with Radar,522,344,75,4,945,0,0,19,2,21,522,344,94,6,966,0,0,0,966
11/01/2000,CLE,OH,AGL,CE,Towers with Radar,550,347,77,9,983,9,1,39,1,50,559,348,116,10,1033,0,0,0,1033
11/02/2000,CLE,OH,AGL,CE,Towers with Radar,551,351,96,6,1004,1,0,30,0,31,552,351,126,6,1035,0,0,0,1035
11/03/2000,CLE,OH,AGL,CE,Towers with Radar,521,342,56,7,926,0,2,21,2,25,521,344,77,9,951,0,0,0,951
11/04/2000,CLE,OH,AGL,CE,Towers with Radar,404,228,19,5,656,0,1,23,0,24,404,229,42,5,680,0,0,0,680
11/05/2000,CLE,OH,AGL,CE,Towers with Radar,468,250,28,1,747,0,0,35,0,35,468,250,63,1,782,0,0,0,782
11/06/2000,CLE,OH,AGL,CE,Towers with Radar,506,327,74,7,914,0,0,26,2,28,506,327,100,9,942,0,0,0,942
11/07/2000,CLE,OH,AGL,CE,Towers with Radar,545,361,65,4,975,0,0,5,0,5,545,361,70,4,980,0,0,0,980
11/08/2000,CLE,OH,AGL,CE,Towers with Radar,512,370,73,11,966,0,0,3,1,4,512,370,76,12,970,0,0,0,970
11/09/2000,CLE,OH,AGL,CE,Towers with Radar,532,352,59,8,951,0,0,0,0,0,532,352,59,8,951,0,0,0,951
11/10/2000,CLE,OH,AGL,CE,Towers with Radar,522,340,54,2,918,0,0,3,0,3,522,340,57,2,921,0,0,0,921
11/11/2000,CLE,OH,AGL,CE,Towers with Radar,406,254,21,4,685,1,0,23,0,24,407,254,44,4,709,0,0,0,709
11/12/2000,CLE,OH,AGL,CE,Towers with Radar,436,244,50,3,733,1,0,20,0,21,437,244,70,3,754,0,0,0,754
11/13/2000,CLE,OH,AGL,CE,Towers with Radar,516,346,60,5,927,2,2,8,2,14,518,348,68,7,941,0,0,0,941
11/14/2000,CLE,OH,AGL,CE,Towers with Radar,537,347,79,4,967,0,0,7,1,8,537,347,86,5,975,0,0,0,975
11/15/2000,CLE,OH,AGL,CE,Towers with Radar,549,364,102,3,1018,2,1,14,2,19,551,365,116,5,1037,0,0,0,1037
11/16/2000,CLE,OH,AGL,CE,Towers with Radar,507,344,88,6,945,4,0,11,2,17,511,344,99,8,962,0,0,0,962
11/17/2000,CLE,OH,AGL,CE,Towers with Radar,517,343,62,7,929,0,0,0,0,0,517,343,62,7,929,0,0,0,929
11/18/2000,CLE,OH,AGL,CE,Towers with Radar,431,256,28,5,720,0,1,18,0,19,431,257,46,5,739,0,0,0,739
11/19/2000,CLE,OH,AGL,CE,Towers with Radar,460,232,42,4,738,0,0,34,0,34,460,232,76,4,772,0,0,0,772
11/20/2000,CLE,OH,AGL,CE,Towers with Radar,495,303,53,5,856,1,0,5,0,6,496,303,58,5,862,0,0,0,862
11/21/2000,CLE,OH,AGL,CE,Towers with Radar,444,223,59,6,732,0,0,1,1,2,444,223,60,7,734,0,0,0,734
11/22/2000,CLE,OH,AGL,CE,Towers with Radar,591,375,56,8,1030,1,0,6,0,7,592,375,62,8,1037,0,0,0,1037
11/23/2000,CLE,OH,AGL,CE,Towers with Radar,376,238,13,2,629,2,0,1,0,3,378,238,14,2,632,0,0,0,632
11/24/2000,CLE,OH,AGL,CE,Towers with Radar,330,208,21,1,560,1,0,33,0,34,331,208,54,1,594,0,0,0,594
11/25/2000,CLE,OH,AGL,CE,Towers with Radar,345,200,19,3,567,1,0,8,0,9,346,200,27,3,576,0,0,0,576
11/26/2000,CLE,OH,AGL,CE,Towers with Radar,449,242,40,8,739,1,0,1,2,4,450,242,41,10,743,0,0,0,743
11/27/2000,CLE,OH,AGL,CE,Towers with Radar,526,353,46,6,931,1,0,1,0,2,527,353,47,6,933,0,0,0,933
11/28/2000,CLE,OH,AGL,CE,Towers with Radar,532,367,75,7,981,1,0,3,0,4,533,367,78,7,985,0,0,0,985
11/29/2000,CLE,OH,AGL,CE,Towers with Radar,509,364,64,7,944,0,0,3,2,5,509,364,67,9,949,0,0,0,949
11/30/2000,CLE,OH,AGL,CE,Towers with Radar,521,371,65,9,966,1,0,6,1,8,522,371,71,10,974,0,0,0,974
12/01/2000,CLE,OH,AGL,CE,Towers with Radar,519,341,49,7,916,11,0,9,0,20,530,341,58,7,936,0,0,0,936
12/02/2000,CLE,OH,AGL,CE,Towers with Radar,388,237,29,2,656,2,0,25,0,27,390,237,54,2,683,0,0,0,683
12/03/2000,CLE,OH,AGL,CE,Towers with Radar,453,268,36,4,761,0,1,43,1,45,453,269,79,5,806,0,0,0,806
12/04/2000,CLE,OH,AGL,CE,Towers with Radar,492,356,56,6,910,5,1,22,0,28,497,357,78,6,938,0,0,0,938
12/05/2000,CLE,OH,AGL,CE,Towers with Radar,515,363,62,3,943,2,0,2,0,4,517,363,64,3,947,0,0,0,947
12/06/2000,CLE,OH,AGL,CE,Towers with Radar,499,371,69,3,942,2,0,14,1,17,501,371,83,4,959,0,0,0,959
12/07/2000,CLE,OH,AGL,CE,Towers with Radar,474,340,95,5,914,2,0,0,0,2,476,340,95,5,916,0,0,0,916
12/08/2000,CLE,OH,AGL,CE,Towers with Radar,513,381,78,1,973,2,0,1,0,3,515,381,79,1,976,0,0,0,976
12/09/2000,CLE,OH,AGL,CE,Towers with Radar,386,248,39,4,677,1,0,26,0,27,387,248,65,4,704,0,0,0,704
12/10/2000,CLE,OH,AGL,CE,Towers with Radar,440,274,27,7,748,1,0,12,1,14,441,274,39,8,762,0,0,0,762
12/11/2000,CLE,OH,AGL,CE,Towers with Radar,446,233,45,3,727,1,0,0,0,1,447,233,45,3,728,0,0,0,728
12/12/2000,CLE,OH,AGL,CE,Towers with Radar,462,332,57,3,854,0,0,0,0,0,462,332,57,3,854,0,0,0,854
12/13/2000,CLE,OH,AGL,CE,Towers with Radar,418,255,62,3,738,1,0,13,1,15,419,255,75,4,753,0,0,0,753
12/14/2000,CLE,OH,AGL,CE,Towers with Radar,497,328,88,5,918,1,0,2,0,3,498,328,90,5,921,0,0,0,921
12/15/2000,CLE,OH,AGL,CE,Towers with Radar,527,345,62,10,944,0,0,6,0,6,527,345,68,10,950,0,0,0,950
12/16/2000,CLE,OH,AGL,CE,Towers with Radar,366,228,17,0,611,2,0,2,0,4,368,228,19,0,615,0,0,0,615
12/17/2000,CLE,OH,AGL,CE,Towers with Radar,360,215,24,1,600,3,0,1,0,4,363,215,25,1,604,0,0,0,604
12/18/2000,CLE,OH,AGL,CE,Towers with Radar,483,312,59,1,855,0,0,3,1,4,483,312,62,2,859,0,0,0,859
12/19/2000,CLE,OH,AGL,CE,Towers with Radar,502,340,59,3,904,0,0,1,0,1,502,340,60,3,905,0,0,0,905
12/20/2000,CLE,OH,AGL,CE,Towers with Radar,506,347,56,4,913,1,0,2,0,3,507,347,58,4,916,0,0,0,916
12/21/2000,CLE,OH,AGL,CE,Towers with Radar,517,355,48,4,924,0,0,0,0,0,517,355,48,4,924,0,0,0,924
12/22/2000,CLE,OH,AGL,CE,Towers with Radar,496,334,42,15,887,1,0,1,0,2,497,334,43,15,889,0,0,0,889
12/23/2000,CLE,OH,AGL,CE,Towers with Radar,400,242,14,2,658,0,2,10,0,12,400,244,24,2,670,0,0,0,670
12/24/2000,CLE,OH,AGL,CE,Towers with Radar,336,176,10,1,523,1,0,2,0,3,337,176,12,1,526,0,0,0,526
12/25/2000,CLE,OH,AGL,CE,Towers with Radar,315,169,10,2,496,4,0,0,0,4,319,169,10,2,500,0,0,0,500
12/26/2000,CLE,OH,AGL,CE,Towers with Radar,479,320,33,2,834,2,0,9,0,11,481,320,42,2,845,0,0,0,845
12/27/2000,CLE,OH,AGL,CE,Towers with Radar,505,322,17,4,848,1,0,0,0,1,506,322,17,4,849,0,0,0,849
12/28/2000,CLE,OH,AGL,CE,Towers with Radar,534,369,28,2,933,1,0,4,0,5,535,369,32,2,938,0,0,0,938
12/29/2000,CLE,OH,AGL,CE,Towers with Radar,503,335,13,5,856,1,0,0,0,1,504,335,13,5,857,0,0,0,857
12/30/2000,CLE,OH,AGL,CE,Towers with Radar,341,214,18,0,573,5,0,0,0,5,346,214,18,0,578,0,0,0,578
12/31/2000,CLE,OH,AGL,CE,Towers with Radar,343,188,4,1,536,3,0,0,0,3,346,188,4,1,539,0,0,0,539
01/01/2001,CLE,OH,AGL,CE,Towers with Radar,397,239,21,4,661,10,0,2,0,12,407,239,23,4,673,0,0,0,673
01/02/2001,CLE,OH,AGL,CE,Towers with Radar,497,335,48,2,882,0,0,16,0,16,497,335,64,2,898,0,0,0,898
01/03/2001,CLE,OH,AGL,CE,Towers with Radar,485,300,61,6,852,10,0,6,0,16,495,300,67,6,868,0,0,0,868
01/04/2001,CLE,OH,AGL,CE,Towers with Radar,529,352,49,2,932,0,0,0,0,0,529,352,49,2,932,0,0,0,932
01/05/2001,CLE,OH,AGL,CE,Towers with Radar,457,246,47,10,760,1,0,0,0,1,458,246,47,10,761,0,0,0,761
01/06/2001,CLE,OH,AGL,CE,Towers with Radar,394,249,27,5,675,2,0,24,3,29,396,249,51,8,704,0,0,0,704
01/07/2001,CLE,OH,AGL,CE,Towers with Radar,427,249,21,3,700,1,1,14,0,16,428,250,35,3,716,0,0,0,716
01/08/2001,CLE,OH,AGL,CE,Towers with Radar,480,335,41,9,865,1,0,0,0,1,481,335,41,9,866,0,0,0,866
01/09/2001,CLE,OH,AGL,CE,Towers with Radar,505,368,57,0,930,1,0,10,1,12,506,368,67,1,942,0,0,0,942
01/10/2001,CLE,OH,AGL,CE,Towers with Radar,523,368,66,2,959,1,0,18,1,20,524,368,84,3,979,0,0,0,979
01/11/2001,CLE,OH,AGL,CE,Towers with Radar,509,360,73,11,953,1,0,28,1,30,510,360,101,12,983,0,0,0,983
01/12/2001,CLE,OH,AGL,CE,Towers with Radar,472,311,43,3,829,1,1,17,0,19,473,312,60,3,848,0,0,0,848
01/13/2001,CLE,OH,AGL,CE,Towers with Radar,369,215,36,4,624,1,0,0,0,1,370,215,36,4,625,0,0,0,625
01/14/2001,CLE,OH,AGL,CE,Towers with Radar,430,269,19,2,720,1,0,3,0,4,431,269,22,2,724,0,0,0,724
01/15/2001,CLE,OH,AGL,CE,Towers with Radar,495,309,55,3,862,1,0,2,0,3,496,309,57,3,865,0,0,0,865
01/16/2001,CLE,OH,AGL,CE,Towers with Radar,521,358,65,3,947,1,0,3,0,4,522,358,68,3,951,0,0,0,951
01/17/2001,CLE,OH,AGL,CE,Towers with Radar,499,362,52,10,923,1,0,1,0,2,500,362,53,10,925,0,0,0,925
01/18/2001,CLE,OH,AGL,CE,Towers with Radar,507,358,64,9,938,0,2,11,2,15,507,360,75,11,953,0,0,0,953
01/19/2001,CLE,OH,AGL,CE,Towers with Radar,488,319,47,5,859,0,1,1,0,2,488,320,48,5,861,0,0,0,861
01/20/2001,CLE,OH,AGL,CE,Towers with Radar,361,234,22,3,620,0,0,2,0,2,361,234,24,3,622,0,0,0,622
01/21/2001,CLE,OH,AGL,CE,Towers with Radar,422,251,41,1,715,0,2,39,0,41,422,253,80,1,756,0,0,0,756
01/22/2001,CLE,OH,AGL,CE,Towers with Radar,499,343,51,6,899,0,1,26,0,27,499,344,77,6,926,0,0,0,926
01/23/2001,CLE,OH,AGL,CE,Towers with Radar,527,351,70,4,952,0,1,23,0,24,527,352,93,4,976,0,0,0,976
01/24/2001,CLE,OH,AGL,CE,Towers with Radar,518,362,67,5,952,0,1,6,0,7,518,363,73,5,959,0,0,0,959
01/25/2001,CLE,OH,AGL,CE,Towers with Radar,528,380,63,4,975,0,0,14,1,15,528,380,77,5,990,0,0,0,990
01/26/2001,CLE,OH,AGL,CE,Towers with Radar,490,334,51,5,880,0,0,13,4,17,490,334,64,9,897,0,0,0,897
01/27/2001,CLE,OH,AGL,CE,Towers with Radar,377,231,16,2,626,0,0,4,0,4,377,231,20,2,630,0,0,0,630
01/28/2001,CLE,OH,AGL,CE,Towers with Radar,413,270,33,2,718,0,0,28,0,28,413,270,61,2,746,0,0,0,746
01/29/2001,CLE,OH,AGL,CE,Towers with Radar,445,294,52,7,798,0,0,12,0,12,445,294,64,7,810,0,0,0,810
01/30/2001,CLE,OH,AGL,CE,Towers with Radar,500,354,42,5,901,0,0,3,2,5,500,354,45,7,906,0,0,0,906
01/31/2001,CLE,OH,AGL,CE,Towers with Radar,505,366,52,9,932,0,2,2,0,4,505,368,54,9,936,0,0,0,936
02/01/2001,CLE,OH,AGL,CE,Towers with Radar,481,381,66,7,935,7,0,12,0,19,488,381,78,7,954,0,0,0,954
02/02/2001,CLE,OH,AGL,CE,Towers with Radar,449,337,58,1,845,4,0,4,0,8,453,337,62,1,853,0,0,0,853
02/03/2001,CLE,OH,AGL,CE,Towers with Radar,362,245,27,2,636,4,0,37,0,41,366,245,64,2,677,0,0,0,677
02/04/2001,CLE,OH,AGL,CE,Towers with Radar,380,241,30,0,651,4,0,14,0,18,384,241,44,0,669,0,0,0,669
02/05/2001,CLE,OH,AGL,CE,Towers with Radar,450,321,58,8,837,4,0,0,0,4,454,321,58,8,841,0,0,0,841
02/06/2001,CLE,OH,AGL,CE,Towers with Radar,489,333,50,3,875,0,10,0,0,10,489,343,50,3,885,0,0,0,885
02/07/2001,CLE,OH,AGL,CE,Towers with Radar,518,367,77,3,965,4,0,28,0,32,522,367,105,3,997,0,0,0,997
02/08/2001,CLE,OH,AGL,CE,Towers with Radar,495,362,66,3,926,4,0,14,0,18,499,362,80,3,944,0,0,0,944
02/09/2001,CLE,OH,AGL,CE,Towers with Radar,464,312,53,7,836,4,0,6,0,10,468,312,59,7,846,0,0,0,846
02/10/2001,CLE,OH,AGL,CE,Towers with Radar,371,230,23,8,632,4,0,4,0,8,375,230,27,8,640,0,0,0,640
02/11/2001,CLE,OH,AGL,CE,Towers with Radar,422,279,33,3,737,4,1,31,0,36,426,280,64,3,773,0,0,0,773
02/12/2001,CLE,OH,AGL,CE,Towers with Radar,479,351,45,4,879,3,1,17,4,25,482,352,62,8,904,0,0,0,904
02/13/2001,CLE,OH,AGL,CE,Towers with Radar,506,366,73,4,949,3,0,17,1,21,509,366,90,5,970,0,0,0,970
02/14/2001,CLE,OH,AGL,CE,Towers with Radar,484,364,48,12,908,3,0,0,0,3,487,364,48,12,911,0,0,0,911
02/15/2001,CLE,OH,AGL,CE,Towers with Radar,534,347,62,6,949,0,0,21,8,29,534,347,83,14,978,0,0,0,978
02/16/2001,CLE,OH,AGL,CE,Towers with Radar,543,355,42,5,945,3,0,0,0,3,546,355,42,5,948,0,0,0,948
02/17/2001,CLE,OH,AGL,CE,Towers with Radar,413,231,14,1,659,3,0,1,0,4,416,231,15,1,663,0,0,0,663
02/18/2001,CLE,OH,AGL,CE,Towers with Radar,450,255,32,3,740,93,0,20,0,113,543,255,52,3,853,0,0,0,853
02/19/2001,CLE,OH,AGL,CE,Towers with Radar,503,311,66,0,880,3,0,5,0,8,506,311,71,0,888,0,0,0,888
02/20/2001,CLE,OH,AGL,CE,Towers with Radar,535,353,41,6,935,3,0,18,0,21,538,353,59,6,956,0,0,0,956
02/21/2001,CLE,OH,AGL,CE,Towers with Radar,492,348,52,11,903,3,0,1,0,4,495,348,53,11,907,0,0,0,907
02/22/2001,CLE,OH,AGL,CE,Towers with Radar,500,313,58,7,878,0,0,19,0,19,500,313,77,7,897,0,0,0,897
02/23/2001,CLE,OH,AGL,CE,Towers with Radar,521,326,55,15,917,4,1,13,0,18,525,327,68,15,935,0,0,0,935
02/24/2001,CLE,OH,AGL,CE,Towers with Radar,387,223,15,1,626,4,0,11,0,15,391,223,26,1,641,0,0,0,641
02/25/2001,CLE,OH,AGL,CE,Towers with Radar,408,241,19,3,671,4,0,0,1,5,412,241,19,4,676,0,0,0,676
02/26/2001,CLE,OH,AGL,CE,Towers with Radar,514,336,59,10,919,4,0,32,2,38,518,336,91,12,957,0,0,0,957
02/27/2001,CLE,OH,AGL,CE,Towers with Radar,521,348,55,5,929,6,1,17,0,24,527,349,72,5,953,0,0,0,953
02/28/2001,CLE,OH,AGL,CE,Towers with Radar,528,348,81,7,964,6,0,27,0,33,534,348,108,7,997,0,0,0,997
03/01/2001,CLE,OH,AGL,CE,Towers with Radar,510,323,70,8,911,17,2,24,0,43,527,325,94,8,954,0,0,0,954
03/02/2001,CLE,OH,AGL,CE,Towers with Radar,535,343,58,5,941,0,0,0,0,0,535,343,58,5,941,0,0,0,941
03/03/2001,CLE,OH,AGL,CE,Towers with Radar,380,219,29,5,633,0,2,14,0,16,380,221,43,5,649,0,0,0,649
03/04/2001,CLE,OH,AGL,CE,Towers with Radar,402,225,25,0,652,6,2,5,0,13,408,227,30,0,665,0,0,0,665
03/05/2001,CLE,OH,AGL,CE,Towers with Radar,443,268,34,4,749,37,9,0,0,46,480,277,34,4,795,0,0,0,795
03/06/2001,CLE,OH,AGL,CE,Towers with Radar,427,260,42,4,733,1,1,0,5,7,428,261,42,9,740,0,0,0,740
03/07/2001,CLE,OH,AGL,CE,Towers with Radar,522,333,59,9,923,0,1,6,0,7,522,334,65,9,930,0,0,0,930
03/08/2001,CLE,OH,AGL,CE,Towers with Radar,514,342,55,7,918,0,2,5,1,8,514,344,60,8,926,0,0,0,926
03/09/2001,CLE,OH,AGL,CE,Towers with Radar,507,352,62,10,931,0,1,1,0,2,507,353,63,10,933,0,0,0,933
03/10/2001,CLE,OH,AGL,CE,Towers with Radar,380,227,27,9,643,2,2,35,1,40,382,229,62,10,683,0,0,0,683
03/11/2001,CLE,OH,AGL,CE,Towers with Radar,438,246,38,0,722,0,1,11,0,12,438,247,49,0,734,0,0,0,734
03/12/2001,CLE,OH,AGL,CE,Towers with Radar,493,305,61,8,867,2,1,28,0,31,495,306,89,8,898,0,0,0,898
03/13/2001,CLE,OH,AGL,CE,Towers with Radar,530,332,58,8,928,0,1,5,0,6,530,333,63,8,934,0,0,0,934
03/14/2001,CLE,OH,AGL,CE,Towers with Radar,524,336,74,4,938,0,1,24,0,25,524,337,98,4,963,0,0,0,963
03/15/2001,CLE,OH,AGL,CE,Towers with Radar,529,328,61,6,924,0,0,42,0,42,529,328,103,6,966,0,0,0,966
03/16/2001,CLE,OH,AGL,CE,Towers with Radar,527,323,57,4,911,0,14,11,0,25,527,337,68,4,936,0,0,0,936
03/17/2001,CLE,OH,AGL,CE,Towers with Radar,383,196,14,1,594,0,1,0,0,1,383,197,14,1,595,0,0,0,595
03/18/2001,CLE,OH,AGL,CE,Towers with Radar,463,246,32,4,745,0,1,35,0,36,463,247,67,4,781,0,0,0,781
03/19/2001,CLE,OH,AGL,CE,Towers with Radar,504,292,84,4,884,0,2,33,2,37,504,294,117,6,921,0,0,0,921
03/20/2001,CLE,OH,AGL,CE,Towers with Radar,525,332,59,5,921,0,1,49,3,53,525,333,108,8,974,0,0,0,974
03/21/2001,CLE,OH,AGL,CE,Towers with Radar,532,331,57,5,925,0,2,24,1,27,532,333,81,6,952,0,0,0,952
03/22/2001,CLE,OH,AGL,CE,Towers with Radar,535,335,90,5,965,0,2,16,4,22,535,337,106,9,987,0,0,0,987
03/23/2001,CLE,OH,AGL,CE,Towers with Radar,529,324,66,2,921,0,3,17,0,20,529,327,83,2,941,0,0,0,941
03/24/2001,CLE,OH,AGL,CE,Towers with Radar,385,218,23,2,628,0,2,5,0,7,385,220,28,2,635,0,0,0,635
03/25/2001,CLE,OH,AGL,CE,Towers with Radar,413,225,23,4,665,0,2,0,0,2,413,227,23,4,667,0,0,0,667
03/26/2001,CLE,OH,AGL,CE,Towers with Radar,526,319,57,5,907,0,6,22,7,35,526,325,79,12,942,0,0,0,942
03/27/2001,CLE,OH,AGL,CE,Towers with Radar,541,346,55,8,950,0,8,4,1,13,541,354,59,9,963,0,0,0,963
03/28/2001,CLE,OH,AGL,CE,Towers with Radar,528,322,61,1,912,0,0,34,0,34,528,322,95,1,946,0,0,0,946
03/29/2001,CLE,OH,AGL,CE,Towers with Radar,520,335,64,6,925,0,2,10,1,13,520,337,74,7,938,0,0,0,938
03/30/2001,CLE,OH,AGL,CE,Towers with Radar,540,320,55,5,920,0,0,0,3,3,540,320,55,8,923,0,0,0,923
03/31/2001,CLE,OH,AGL,CE,Towers with Radar,340,200,37,0,577,37,0,4,0,41,377,200,41,0,618,0,0,0,618
04/01/2001,CLE,OH,AGL,CE,Towers with Radar,429,211,22,3,665,15,2,4,0,21,444,213,26,3,686,0,0,0,686
04/02/2001,CLE,OH,AGL,CE,Towers with Radar,517,302,59,5,883,0,1,33,2,36,517,303,92,7,919,0,0,0,919
04/03/2001,CLE,OH,AGL,CE,Towers with Radar,542,306,73,7,928,0,0,7,1,8,542,306,80,8,936,0,0,0,936
04/04/2001,CLE,OH,AGL,CE,Towers with Radar,543,279,76,4,902,0,2,34,2,38,543,281,110,6,940,0,0,0,940
04/05/2001,CLE,OH,AGL,CE,Towers with Radar,543,304,59,10,916,0,0,41,2,43,543,304,100,12,959,0,0,0,959
04/06/2001,CLE,OH,AGL,CE,Towers with Radar,530,289,53,0,872,0,0,1,0,1,530,289,54,0,873,0,0,0,873
04/07/2001,CLE,OH,AGL,CE,Towers with Radar,386,207,44,4,641,0,0,16,0,16,386,207,60,4,657,0,0,0,657
04/08/2001,CLE,OH,AGL,CE,Towers with Radar,445,230,29,3,707,0,1,19,0,20,445,231,48,3,727,0,0,0,727
04/09/2001,CLE,OH,AGL,CE,Towers with Radar,480,296,70,10,856,0,0,2,2,4,480,296,72,12,860,0,0,0,860
04/10/2001,CLE,OH,AGL,CE,Towers with Radar,551,306,66,8,931,0,0,2,2,4,551,306,68,10,935,0,0,0,935
04/11/2001,CLE,OH,AGL,CE,Towers with Radar,536,309,75,4,924,0,0,4,2,6,536,309,79,6,930,0,0,0,930
04/12/2001,CLE,OH,AGL,CE,Towers with Radar,510,307,61,1,879,0,0,5,0,5,510,307,66,1,884,0,0,0,884
04/13/2001,CLE,OH,AGL,CE,Towers with Radar,572,307,51,6,936,1,0,28,0,29,573,307,79,6,965,0,0,0,965
04/14/2001,CLE,OH,AGL,CE,Towers with Radar,375,201,29,1,606,0,0,39,0,39,375,201,68,1,645,0,0,0,645
04/15/2001,CLE,OH,AGL,CE,Towers with Radar,435,207,20,3,665,0,0,2,0,2,435,207,22,3,667,0,0,0,667
04/16/2001,CLE,OH,AGL,CE,Towers with Radar,523,283,63,5,874,0,0,8,0,8,523,283,71,5,882,0,0,0,882
04/17/2001,CLE,OH,AGL,CE,Towers with Radar,555,310,65,2,932,0,0,4,0,4,555,310,69,2,936,0,0,0,936
04/18/2001,CLE,OH,AGL,CE,Towers with Radar,566,293,78,8,945,0,0,24,2,26,566,293,102,10,971,0,0,0,971
04/19/2001,CLE,OH,AGL,CE,Towers with Radar,543,337,53,8,941,1,0,30,0,31,544,337,83,8,972,0,0,0,972
04/20/2001,CLE,OH,AGL,CE,Towers with Radar,557,311,67,3,938,0,0,19,0,19,557,311,86,3,957,0,0,0,957
04/21/2001,CLE,OH,AGL,CE,Towers with Radar,391,206,24,1,622,0,0,4,0,4,391,206,28,1,626,0,0,0,626
04/22/2001,CLE,OH,AGL,CE,Towers with Radar,451,217,31,11,710,0,0,20,0,20,451,217,51,11,730,0,0,0,730
04/23/2001,CLE,OH,AGL,CE,Towers with Radar,515,296,65,7,883,0,1,29,1,31,515,297,94,8,914,0,0,0,914
04/24/2001,CLE,OH,AGL,CE,Towers with Radar,558,313,83,5,959,0,0,16,1,17,558,313,99,6,976,0,0,0,976
04/25/2001,CLE,OH,AGL,CE,Towers with Radar,562,321,78,11,972,0,3,30,3,36,562,324,108,14,1008,0,0,0,1008
04/26/2001,CLE,OH,AGL,CE,Towers with Radar,552,311,77,5,945,0,1,31,4,36,552,312,108,9,981,0,0,0,981
04/27/2001,CLE,OH,AGL,CE,Towers with Radar,529,284,67,5,885,0,1,17,0,18,529,285,84,5,903,0,0,0,903
04/28/2001,CLE,OH,AGL,CE,Towers with Radar,363,185,39,3,590,0,2,47,0,49,363,187,86,3,639,0,0,0,639
04/29/2001,CLE,OH,AGL,CE,Towers with Radar,436,238,57,15,746,0,1,36,0,37,436,239,93,15,783,0,0,0,783
04/30/2001,CLE,OH,AGL,CE,Towers with Radar,531,275,54,11,871,0,2,19,0,21,531,277,73,11,892,0,0,0,892
05/01/2001,CLE,OH,AGL,CE,Towers with Radar,517,309,64,5,895,18,10,21,2,51,535,319,85,7,946,0,0,0,946
05/02/2001,CLE,OH,AGL,CE,Towers with Radar,551,302,62,8,923,0,0,19,3,22,551,302,81,11,945,0,0,0,945
05/03/2001,CLE,OH,AGL,CE,Towers with Radar,541,303,69,7,920,0,1,29,1,31,541,304,98,8,951,0,0,0,951
05/04/2001,CLE,OH,AGL,CE,Towers with Radar,538,308,69,9,924,0,2,12,0,14,538,310,81,9,938,0,0,0,938
05/05/2001,CLE,OH,AGL,CE,Towers with Radar,369,206,29,12,616,0,0,38,0,38,369,206,67,12,654,0,0,0,654
05/06/2001,CLE,OH,AGL,CE,Towers with Radar,442,220,44,10,716,0,1,38,0,39,442,221,82,10,755,0,0,0,755
05/07/2001,CLE,OH,AGL,CE,Towers with Radar,508,277,87,2,874,0,0,5,0,5,508,277,92,2,879,0,0,0,879
05/08/2001,CLE,OH,AGL,CE,Towers with Radar,549,320,88,4,961,0,0,14,0,14,549,320,102,4,975,0,0,0,975
05/09/2001,CLE,OH,AGL,CE,Towers with Radar,553,308,84,4,949,0,1,43,1,45,553,309,127,5,994,0,0,0,994
05/10/2001,CLE,OH,AGL,CE,Towers with Radar,539,297,75,6,917,0,0,26,4,30,539,297,101,10,947,0,0,0,947
05/11/2001,CLE,OH,AGL,CE,Towers with Radar,535,317,58,7,917,0,0,12,0,12,535,317,70,7,929,0,0,0,929
05/12/2001,CLE,OH,AGL,CE,Towers with Radar,418,209,29,11,667,0,10,3,0,13,418,219,32,11,680,0,0,0,680
05/13/2001,CLE,OH,AGL,CE,Towers with Radar,457,217,32,5,711,0,0,40,0,40,457,217,72,5,751,0,0,0,751
05/14/2001,CLE,OH,AGL,CE,Towers with Radar,507,295,37,2,841,0,1,28,0,29,507,296,65,2,870,0,0,0,870
05/15/2001,CLE,OH,AGL,CE,Towers with Radar,489,288,70,2,849,0,1,0,0,1,489,289,70,2,850,0,0,0,850
05/16/2001,CLE,OH,AGL,CE,Towers with Radar,552,329,67,8,956,0,1,4,0,5,552,330,71,8,961,0,0,0,961
05/17/2001,CLE,OH,AGL,CE,Towers with Radar,526,319,79,7,931,0,1,0,1,2,526,320,79,8,933,0,0,0,933
05/18/2001,CLE,OH,AGL,CE,Towers with Radar,519,292,51,6,868,0,0,0,0,0,519,292,51,6,868,0,0,0,868
05/19/2001,CLE,OH,AGL,CE,Towers with Radar,367,207,34,4,612,0,0,60,1,61,367,207,94,5,673,0,0,0,673
05/20/2001,CLE,OH,AGL,CE,Towers with Radar,453,227,35,5,720,0,1,23,0,24,453,228,58,5,744,0,0,0,744
05/21/2001,CLE,OH,AGL,CE,Towers with Radar,497,258,49,8,812,0,1,2,0,3,497,259,51,8,815,0,0,0,815
05/22/2001,CLE,OH,AGL,CE,Towers with Radar,551,328,57,7,943,0,0,3,0,3,551,328,60,7,946,0,0,0,946
05/23/2001,CLE,OH,AGL,CE,Towers with Radar,554,300,69,4,927,0,1,24,2,27,554,301,93,6,954,0,0,0,954
05/24/2001,CLE,OH,AGL,CE,Towers with Radar,562,310,49,10,931,0,0,12,0,12,562,310,61,10,943,0,0,0,943
05/25/2001,CLE,OH,AGL,CE,Towers with Radar,546,320,75,13,954,0,0,7,0,7,546,320,82,13,961,0,0,0,961
05/26/2001,CLE,OH,AGL,CE,Towers with Radar,363,198,19,6,586,0,0,11,0,11,363,198,30,6,597,0,0,0,597
05/27/2001,CLE,OH,AGL,CE,Towers with Radar,356,152,16,2,526,0,3,4,0,7,356,155,20,2,533,0,0,0,533
05/28/2001,CLE,OH,AGL,CE,Towers with Radar,409,215,37,5,666,38,0,0,1,39,447,215,37,6,705,0,0,0,705
05/29/2001,CLE,OH,AGL,CE,Towers with Radar,544,280,70,5,899,0,0,14,0,14,544,280,84,5,913,0,0,0,913
05/30/2001,CLE,OH,AGL,CE,Towers with Radar,564,319,73,11,967,0,3,35,1,39,564,322,108,12,1006,0,0,0,1006
05/31/2001,CLE,OH,AGL,CE,Towers with Radar,551,319,77,9,956,0,0,43,3,46,551,319,120,12,1002,0,0,0,1002
06/01/2001,CLE,OH,AGL,CE,Towers with Radar,517,306,48,2,873,11,0,3,0,14,528,306,51,2,887,0,0,0,887
06/02/2001,CLE,OH,AGL,CE,Towers with Radar,385,208,14,2,609,0,0,2,0,2,385,208,16,2,611,0,0,0,611
06/03/2001,CLE,OH,AGL,CE,Towers with Radar,431,219,33,4,687,0,0,17,0,17,431,219,50,4,704,0,0,0,704
06/04/2001,CLE,OH,AGL,CE,Towers with Radar,498,292,48,7,845,0,0,8,1,9,498,292,56,8,854,0,0,0,854
06/05/2001,CLE,OH,AGL,CE,Towers with Radar,525,318,65,3,911,0,5,12,2,19,525,323,77,5,930,0,0,0,930
06/06/2001,CLE,OH,AGL,CE,Towers with Radar,526,320,57,5,908,0,0,2,2,4,526,320,59,7,912,0,0,0,912
06/07/2001,CLE,OH,AGL,CE,Towers with Radar,539,330,73,10,952,0,1,18,2,21,539,331,91,12,973,0,0,0,973
06/08/2001,CLE,OH,AGL,CE,Towers with Radar,546,294,61,6,907,1,0,26,0,27,547,294,87,6,934,0,0,0,934
06/09/2001,CLE,OH,AGL,CE,Towers with Radar,358,209,34,5,606,0,0,30,0,30,358,209,64,5,636,0,0,0,636
06/10/2001,CLE,OH,AGL,CE,Towers with Radar,440,217,45,3,705,0,0,24,0,24,440,217,69,3,729,0,0,0,729
06/11/2001,CLE,OH,AGL,CE,Towers with Radar,510,292,47,1,850,0,0,31,0,31,510,292,78,1,881,0,0,0,881
06/12/2001,CLE,OH,AGL,CE,Towers with Radar,534,299,52,1,886,0,0,16,1,17,534,299,68,2,903,0,0,0,903
06/13/2001,CLE,OH,AGL,CE,Towers with Radar,536,305,71,10,922,0,2,21,1,24,536,307,92,11,946,0,0,0,946
06/14/2001,CLE,OH,AGL,CE,Towers with Radar,531,331,81,10,953,0,0,27,1,28,531,331,108,11,981,0,0,0,981
06/15/2001,CLE,OH,AGL,CE,Towers with Radar,459,243,50,7,759,0,18,14,3,35,459,261,64,10,794,0,0,0,794
06/16/2001,CLE,OH,AGL,CE,Towers with Radar,402,205,43,7,657,0,0,28,2,30,402,205,71,9,687,0,0,0,687
06/17/2001,CLE,OH,AGL,CE,Towers with Radar,452,213,36,1,702,1,1,28,0,30,453,214,64,1,732,0,0,0,732
06/18/2001,CLE,OH,AGL,CE,Towers with Radar,526,286,44,3,859,1,0,22,0,23,527,286,66,3,882,0,0,0,882
06/19/2001,CLE,OH,AGL,CE,Towers with Radar,550,306,61,6,923,2,10,19,5,36,552,316,80,11,959,0,0,0,959
06/20/2001,CLE,OH,AGL,CE,Towers with Radar,525,342,76,4,947,0,0,8,2,10,525,342,84,6,957,0,0,0,957
06/21/2001,CLE,OH,AGL,CE,Towers with Radar,511,262,51,2,826,0,1,0,2,3,511,263,51,4,829,0,0,0,829
06/22/2001,CLE,OH,AGL,CE,Towers with Radar,547,274,60,5,886,0,0,9,0,9,547,274,69,5,895,0,0,0,895
06/23/2001,CLE,OH,AGL,CE,Towers with Radar,415,196,29,5,645,0,1,25,1,27,415,197,54,6,672,0,0,0,672
06/24/2001,CLE,OH,AGL,CE,Towers with Radar,458,227,27,16,728,0,1,25,0,26,458,228,52,16,754,0,0,0,754
06/25/2001,CLE,OH,AGL,CE,Towers with Radar,515,284,65,8,872,0,0,31,2,33,515,284,96,10,905,0,0,0,905
06/26/2001,CLE,OH,AGL,CE,Towers with Radar,531,302,76,7,916,0,0,29,0,29,531,302,105,7,945,0,0,0,945
06/27/2001,CLE,OH,AGL,CE,Towers with Radar,536,296,71,7,910,0,0,26,0,26,536,296,97,7,936,0,0,0,936
06/28/2001,CLE,OH,AGL,CE,Towers with Radar,534,323,85,5,947,0,1,21,0,22,534,324,106,5,969,0,0,0,969
06/29/2001,CLE,OH,AGL,CE,Towers with Radar,534,288,76,10,908,0,0,17,2,19,534,288,93,12,927,0,0,0,927
06/30/2001,CLE,OH,AGL,CE,Towers with Radar,370,201,41,4,616,0,0,16,0,16,370,201,57,4,632,0,0,0,632
07/01/2001,CLE,OH,AGL,CE,Towers with Radar,363,201,54,4,622,6,1,25,0,32,369,202,79,4,654,0,0,0,654
07/02/2001,CLE,OH,AGL,CE,Towers with Radar,509,231,42,4,786,0,1,27,0,28,509,232,69,4,814,0,0,0,814
07/03/2001,CLE,OH,AGL,CE,Towers with Radar,471,237,31,7,746,0,1,21,1,23,471,238,52,8,769,0,0,0,769
07/04/2001,CLE,OH,AGL,CE,Towers with Radar,402,195,9,6,612,0,1,0,0,1,402,196,9,6,613,0,0,0,613
07/05/2001,CLE,OH,AGL,CE,Towers with Radar,486,252,55,4,797,0,1,19,0,20,486,253,74,4,817,0,0,0,817
07/06/2001,CLE,OH,AGL,CE,Towers with Radar,490,261,41,8,800,0,1,18,0,19,490,262,59,8,819,0,0,0,819
07/07/2001,CLE,OH,AGL,CE,Towers with Radar,385,179,21,4,589,1,1,12,0,14,386,180,33,4,603,0,0,0,603
07/08/2001,CLE,OH,AGL,CE,Towers with Radar,438,226,39,6,709,0,1,18,0,19,438,227,57,6,728,0,0,0,728
07/09/2001,CLE,OH,AGL,CE,Towers with Radar,532,288,44,6,870,0,1,33,2,36,532,289,77,8,906,0,0,0,906
07/10/2001,CLE,OH,AGL,CE,Towers with Radar,537,293,52,10,892,0,1,10,1,12,537,294,62,11,904,0,0,0,904
07/11/2001,CLE,OH,AGL,CE,Towers with Radar,561,308,74,8,951,30,1,23,0,54,591,309,97,8,1005,0,0,0,1005
07/12/2001,CLE,OH,AGL,CE,Towers with Radar,539,283,76,9,907,0,2,28,0,30,539,285,104,9,937,0,0,0,937
07/13/2001,CLE,OH,AGL,CE,Towers with Radar,549,285,58,8,900,0,2,30,0,32,549,287,88,8,932,0,0,0,932
07/14/2001,CLE,OH,AGL,CE,Towers with Radar,394,180,29,9,612,0,2,33,0,35,394,182,62,9,647,0,0,0,647
07/15/2001,CLE,OH,AGL,CE,Towers with Radar,422,215,42,7,686,9,0,27,3,39,431,215,69,10,725,0,0,0,725
07/16/2001,CLE,OH,AGL,CE,Towers with Radar,527,272,66,5,870,0,2,17,3,22,527,274,83,8,892,0,0,0,892
07/17/2001,CLE,OH,AGL,CE,Towers with Radar,538,303,41,4,886,0,3,16,2,21,538,306,57,6,907,0,0,0,907
07/18/2001,CLE,OH,AGL,CE,Towers with Radar,538,309,48,14,909,0,3,10,4,17,538,312,58,18,926,0,0,0,926
07/19/2001,CLE,OH,AGL,CE,Towers with Radar,546,304,44,11,905,0,2,13,2,17,546,306,57,13,922,0,0,0,922
07/20/2001,CLE,OH,AGL,CE,Towers with Radar,561,303,53,10,927,0,1,7,1,9,561,304,60,11,936,0,0,0,936
07/21/2001,CLE,OH,AGL,CE,Towers with Radar,395,191,40,20,646,0,1,12,0,13,395,192,52,20,659,0,0,0,659
07/22/2001,CLE,OH,AGL,CE,Towers with Radar,429,228,44,4,705,0,2,26,1,29,429,230,70,5,734,0,0,0,734
07/23/2001,CLE,OH,AGL,CE,Towers with Radar,514,281,74,7,876,0,1,11,2,14,514,282,85,9,890,0,0,0,890
07/24/2001,CLE,OH,AGL,CE,Towers with Radar,569,302,55,10,936,0,3,21,5,29,569,305,76,15,965,0,0,0,965
07/25/2001,CLE,OH,AGL,CE,Towers with Radar,516,270,40,11,837,0,1,8,5,14,516,271,48,16,851,0,0,0,851
07/26/2001,CLE,OH,AGL,CE,Towers with Radar,566,307,70,10,953,0,1,27,0,28,566,308,97,10,981,0,0,0,981
07/27/2001,CLE,OH,AGL,CE,Towers with Radar,556,284,67,17,924,0,1,26,2,29,556,285,93,19,953,0,0,0,953
07/28/2001,CLE,OH,AGL,CE,Towers with Radar,431,211,43,7,692,0,0,31,6,37,431,211,74,13,729,0,0,0,729
07/29/2001,CLE,OH,AGL,CE,Towers with Radar,388,193,36,6,623,2,0,0,5,7,390,193,36,11,630,0,0,0,630
07/30/2001,CLE,OH,AGL,CE,Towers with Radar,554,273,56,2,885,0,1,21,1,23,554,274,77,3,908,0,0,0,908
07/31/2001,CLE,OH,AGL,CE,Towers with Radar,541,289,64,15,909,0,1,20,2,23,541,290,84,17,932,0,0,0,932
08/01/2001,CLE,OH,AGL,CE,Towers with Radar,551,296,56,7,910,12,0,25,1,38,563,296,81,8,948,0,0,0,948
08/02/2001,CLE,OH,AGL,CE,Towers with Radar,529,307,59,7,902,0,0,19,1,20,529,307,78,8,922,0,0,0,922
08/03/2001,CLE,OH,AGL,CE,Towers with Radar,562,279,53,2,896,0,0,0,0,0,562,279,53,2,896,0,0,0,896
08/04/2001,CLE,OH,AGL,CE,Towers with Radar,391,167,34,13,605,0,0,26,0,26,391,167,60,13,631,0,0,0,631
08/05/2001,CLE,OH,AGL,CE,Towers with Radar,488,211,43,11,753,0,0,37,0,37,488,211,80,11,790,0,0,0,790
08/06/2001,CLE,OH,AGL,CE,Towers with Radar,549,257,44,2,852,0,0,30,2,32,549,257,74,4,884,0,0,0,884
08/07/2001,CLE,OH,AGL,CE,Towers with Radar,563,287,79,2,931,0,1,31,2,34,563,288,110,4,965,0,0,0,965
08/08/2001,CLE,OH,AGL,CE,Towers with Radar,555,296,54,5,910,1,0,22,0,23,556,296,76,5,933,0,0,0,933
08/09/2001,CLE,OH,AGL,CE,Towers with Radar,514,278,62,4,858,0,0,11,0,11,514,278,73,4,869,0,0,0,869
08/10/2001,CLE,OH,AGL,CE,Towers with Radar,525,278,43,9,855,1,0,6,0,7,526,278,49,9,862,0,0,0,862
08/11/2001,CLE,OH,AGL,CE,Towers with Radar,428,181,29,10,648,0,2,29,0,31,428,183,58,10,679,0,0,0,679
08/12/2001,CLE,OH,AGL,CE,Towers with Radar,452,195,30,5,682,1,0,10,1,12,453,195,40,6,694,0,0,0,694
08/13/2001,CLE,OH,AGL,CE,Towers with Radar,539,279,48,2,868,0,0,19,2,21,539,279,67,4,889,0,0,0,889
08/14/2001,CLE,OH,AGL,CE,Towers with Radar,559,295,55,4,913,0,1,27,1,29,559,296,82,5,942,0,0,0,942
08/15/2001,CLE,OH,AGL,CE,Towers with Radar,561,299,53,2,915,0,0,30,1,31,561,299,83,3,946,0,0,0,946
08/16/2001,CLE,OH,AGL,CE,Towers with Radar,543,295,49,5,892,0,1,15,0,16,543,296,64,5,908,0,0,0,908
08/17/2001,CLE,OH,AGL,CE,Towers with Radar,566,289,77,7,939,0,0,21,0,21,566,289,98,7,960,0,0,0,960
08/18/2001,CLE,OH,AGL,CE,Towers with Radar,382,172,38,4,596,0,0,22,1,23,382,172,60,5,619,0,0,0,619
08/19/2001,CLE,OH,AGL,CE,Towers with Radar,457,224,31,4,716,0,0,14,0,14,457,224,45,4,730,0,0,0,730
08/20/2001,CLE,OH,AGL,CE,Towers with Radar,542,281,53,11,887,0,0,4,0,4,542,281,57,11,891,0,0,0,891
08/21/2001,CLE,OH,AGL,CE,Towers with Radar,550,332,53,14,949,0,0,27,1,28,550,332,80,15,977,0,0,0,977
08/22/2001,CLE,OH,AGL,CE,Towers with Radar,508,292,69,4,873,0,1,16,1,18,508,293,85,5,891,0,0,0,891
08/23/2001,CLE,OH,AGL,CE,Towers with Radar,557,315,61,15,948,0,0,3,0,3,557,315,64,15,951,0,0,0,951
08/24/2001,CLE,OH,AGL,CE,Towers with Radar,557,297,68,8,930,0,0,14,0,14,557,297,82,8,944,0,0,0,944
08/25/2001,CLE,OH,AGL,CE,Towers with Radar,385,178,21,4,588,0,1,10,0,11,385,179,31,4,599,0,0,0,599
08/26/2001,CLE,OH,AGL,CE,Towers with Radar,464,227,26,2,719,0,1,7,0,8,464,228,33,2,727,0,0,0,727
08/27/2001,CLE,OH,AGL,CE,Towers with Radar,536,286,34,3,859,0,0,40,2,42,536,286,74,5,901,0,0,0,901
08/28/2001,CLE,OH,AGL,CE,Towers with Radar,528,300,63,13,904,0,0,12,0,12,528,300,75,13,916,0,0,0,916
08/29/2001,CLE,OH,AGL,CE,Towers with Radar,549,317,64,3,933,0,2,16,1,19,549,319,80,4,952,0,0,0,952
08/30/2001,CLE,OH,AGL,CE,Towers with Radar,524,305,59,3,891,0,0,23,2,25,524,305,82,5,916,0,0,0,916
08/31/2001,CLE,OH,AGL,CE,Towers with Radar,527,291,59,7,884,0,0,1,0,1,527,291,60,7,885,0,0,0,885
09/01/2001,CLE,OH,AGL,CE,Towers with Radar,378,182,47,14,621,14,5,21,1,41,392,187,68,15,662,0,0,0,662
09/02/2001,CLE,OH,AGL,CE,Towers with Radar,305,152,34,5,496,0,1,18,4,23,305,153,52,9,519,0,0,0,519
09/03/2001,CLE,OH,AGL,CE,Towers with Radar,452,225,45,7,729,0,2,10,3,15,452,227,55,10,744,0,0,0,744
09/04/2001,CLE,OH,AGL,CE,Towers with Radar,529,276,50,4,859,0,0,15,1,16,529,276,65,5,875,0,0,0,875
09/05/2001,CLE,OH,AGL,CE,Towers with Radar,557,296,58,3,914,0,1,17,3,21,557,297,75,6,935,0,0,0,935
09/06/2001,CLE,OH,AGL,CE,Towers with Radar,531,300,57,4,892,0,0,34,3,37,531,300,91,7,929,0,0,0,929
09/07/2001,CLE,OH,AGL,CE,Towers with Radar,503,298,47,2,850,0,1,10,4,15,503,299,57,6,865,0,0,0,865
09/08/2001,CLE,OH,AGL,CE,Towers with Radar,335,217,26,5,583,1,0,4,0,5,336,217,30,5,588,0,0,0,588
09/09/2001,CLE,OH,AGL,CE,Towers with Radar,421,222,25,4,672,0,0,8,0,8,421,222,33,4,680,0,0,0,680
09/10/2001,CLE,OH,AGL,CE,Towers with Radar,522,258,70,8,858,0,0,15,2,17,522,258,85,10,875,0,0,0,875
09/11/2001,CLE,OH,AGL,CE,Towers with Radar,145,105,23,6,279,0,0,5,5,10,145,105,28,11,289,0,0,0,289
09/12/2001,CLE,OH,AGL,CE,Towers with Radar,0,0,8,1,9,0,0,0,0,0,0,0,8,1,9,0,0,0,9
09/13/2001,CLE,OH,AGL,CE,Towers with Radar,16,35,19,5,75,4,6,0,0,10,20,41,19,5,85,0,0,0,85
09/14/2001,CLE,OH,AGL,CE,Towers with Radar,273,193,32,7,505,0,0,0,0,0,273,193,32,7,505,0,0,0,505
09/15/2001,CLE,OH,AGL,CE,Towers with Radar,248,158,67,10,483,0,0,0,0,0,248,158,67,10,483,0,0,0,483
09/16/2001,CLE,OH,AGL,CE,Towers with Radar,311,191,55,9,566,0,0,0,0,0,311,191,55,9,566,0,0,0,566
09/17/2001,CLE,OH,AGL,CE,Towers with Radar,437,273,73,7,790,0,0,0,0,0,437,273,73,7,790,0,0,0,790
09/18/2001,CLE,OH,AGL,CE,Towers with Radar,444,283,84,5,816,0,0,0,0,0,444,283,84,5,816,0,0,0,816
09/19/2001,CLE,OH,AGL,CE,Towers with Radar,437,287,79,7,810,0,0,0,0,0,437,287,79,7,810,0,0,0,810
09/20/2001,CLE,OH,AGL,CE,Towers with Radar,431,277,73,3,784,0,0,0,0,0,431,277,73,3,784,0,0,0,784
09/21/2001,CLE,OH,AGL,CE,Towers with Radar,449,236,66,8,759,0,0,0,0,0,449,236,66,8,759,0,0,0,759
09/22/2001,CLE,OH,AGL,CE,Towers with Radar,308,185,53,9,555,0,0,0,0,0,308,185,53,9,555,0,0,0,555
09/23/2001,CLE,OH,AGL,CE,Towers with Radar,376,171,53,3,603,0,0,7,0,7,376,171,60,3,610,0,0,0,610
09/24/2001,CLE,OH,AGL,CE,Towers with Radar,430,250,57,3,740,0,1,1,0,2,430,251,58,3,742,0,0,0,742
09/25/2001,CLE,OH,AGL,CE,Towers with Radar,436,256,74,8,774,0,0,0,0,0,436,256,74,8,774,0,0,0,774
09/26/2001,CLE,OH,AGL,CE,Towers with Radar,426,256,81,7,770,0,4,16,0,20,426,260,97,7,790,0,0,0,790
09/27/2001,CLE,OH,AGL,CE,Towers with Radar,438,262,85,6,791,0,0,0,0,0,438,262,85,6,791,0,0,0,791
09/28/2001,CLE,OH,AGL,CE,Towers with Radar,527,278,77,11,893,0,2,10,0,12,527,280,87,11,905,0,0,0,905
09/29/2001,CLE,OH,AGL,CE,Towers with Radar,376,226,78,8,688,0,0,17,1,18,376,226,95,9,706,0,0,0,706
09/30/2001,CLE,OH,AGL,CE,Towers with Radar,383,200,46,2,631,0,0,12,0,12,383,200,58,2,643,0,0,0,643
10/01/2001,CLE,OH,AGL,CE,Towers with Radar,375,285,62,0,722,13,2,15,0,30,388,287,77,0,752,0,0,0,752
10/02/2001,CLE,OH,AGL,CE,Towers with Radar,408,299,82,7,796,0,1,20,3,24,408,300,102,10,820,0,0,0,820
10/03/2001,CLE,OH,AGL,CE,Towers with Radar,390,307,70,10,777,0,3,18,1,22,390,310,88,11,799,0,0,0,799
10/04/2001,CLE,OH,AGL,CE,Towers with Radar,403,293,118,9,823,0,1,3,4,8,403,294,121,13,831,0,0,0,831
10/05/2001,CLE,OH,AGL,CE,Towers with Radar,406,315,50,3,774,0,0,0,0,0,406,315,50,3,774,0,0,0,774
10/06/2001,CLE,OH,AGL,CE,Towers with Radar,292,198,38,8,536,0,0,6,1,7,292,198,44,9,543,0,0,0,543
10/07/2001,CLE,OH,AGL,CE,Towers with Radar,304,183,52,5,544,0,0,10,1,11,304,183,62,6,555,0,0,0,555
10/08/2001,CLE,OH,AGL,CE,Towers with Radar,417,291,53,6,767,0,0,11,1,12,417,291,64,7,779,0,0,0,779
10/09/2001,CLE,OH,AGL,CE,Towers with Radar,406,295,72,14,787,0,0,6,4,10,406,295,78,18,797,0,0,0,797
10/10/2001,CLE,OH,AGL,CE,Towers with Radar,406,297,81,19,803,0,2,8,0,10,406,299,89,19,813,0,0,0,813
10/11/2001,CLE,OH,AGL,CE,Towers with Radar,418,305,104,7,834,0,0,3,1,4,418,305,107,8,838,0,0,0,838
10/12/2001,CLE,OH,AGL,CE,Towers with Radar,417,301,59,6,783,1,0,0,0,1,418,301,59,6,784,0,0,0,784
10/13/2001,CLE,OH,AGL,CE,Towers with Radar,299,197,54,5,555,0,0,2,0,2,299,197,56,5,557,0,0,0,557
10/14/2001,CLE,OH,AGL,CE,Towers with Radar,346,224,49,1,620,0,0,0,0,0,346,224,49,1,620,0,0,0,620
10/15/2001,CLE,OH,AGL,CE,Towers with Radar,410,301,67,5,783,0,0,10,0,10,410,301,77,5,793,0,0,0,793
10/16/2001,CLE,OH,AGL,CE,Towers with Radar,396,320,77,3,796,0,0,0,0,0,396,320,77,3,796,0,0,0,796
10/17/2001,CLE,OH,AGL,CE,Towers with Radar,403,288,65,8,764,0,1,4,4,9,403,289,69,12,773,0,0,0,773
10/18/2001,CLE,OH,AGL,CE,Towers with Radar,417,300,77,3,797,1,1,17,0,19,418,301,94,3,816,0,0,0,816
10/19/2001,CLE,OH,AGL,CE,Towers with Radar,409,305,60,5,779,0,1,16,1,18,409,306,76,6,797,0,0,0,797
10/20/2001,CLE,OH,AGL,CE,Towers with Radar,284,188,46,2,520,1,6,16,0,23,285,194,62,2,543,0,0,0,543
10/21/2001,CLE,OH,AGL,CE,Towers with Radar,352,211,40,2,605,0,1,8,0,9,352,212,48,2,614,0,0,0,614
10/22/2001,CLE,OH,AGL,CE,Towers with Radar,386,296,56,5,743,0,0,5,3,8,386,296,61,8,751,0,0,0,751
10/23/2001,CLE,OH,AGL,CE,Towers with Radar,394,301,59,11,765,0,0,1,1,2,394,301,60,12,767,0,0,0,767
10/24/2001,CLE,OH,AGL,CE,Towers with Radar,390,296,74,1,761,0,0,8,2,10,390,296,82,3,771,0,0,0,771
10/25/2001,CLE,OH,AGL,CE,Towers with Radar,398,301,67,6,772,0,0,0,1,1,398,301,67,7,773,0,0,0,773
10/26/2001,CLE,OH,AGL,CE,Towers with Radar,394,304,48,5,751,0,0,0,1,1,394,304,48,6,752,0,0,0,752
10/27/2001,CLE,OH,AGL,CE,Towers with Radar,288,189,34,6,517,0,0,3,1,4,288,189,37,7,521,0,0,0,521
10/28/2001,CLE,OH,AGL,CE,Towers with Radar,340,211,46,2,599,0,0,32,1,33,340,211,78,3,632,0,0,0,632
10/29/2001,CLE,OH,AGL,CE,Towers with Radar,387,276,53,2,718,0,0,20,2,22,387,276,73,4,740,0,0,0,740
10/30/2001,CLE,OH,AGL,CE,Towers with Radar,401,296,76,13,786,1,0,15,1,17,402,296,91,14,803,0,0,0,803
10/31/2001,CLE,OH,AGL,CE,Towers with Radar,384,270,40,20,714,0,0,25,0,25,384,270,65,20,739,0,0,0,739
11/01/2001,CLE,OH,AGL,CE,Towers with Radar,413,309,59,7,788,0,1,10,1,12,413,310,69,8,800,0,0,0,800
11/02/2001,CLE,OH,AGL,CE,Towers with Radar,436,293,62,13,804,0,1,5,1,7,436,294,67,14,811,0,0,0,811
11/03/2001,CLE,OH,AGL,CE,Towers with Radar,294,177,29,11,511,0,101,1,0,102,294,278,30,11,613,0,0,0,613
11/04/2001,CLE,OH,AGL,CE,Towers with Radar,343,200,44,4,591,7,0,27,7,41,350,200,71,11,632,0,0,0,632
11/05/2001,CLE,OH,AGL,CE,Towers with Radar,413,280,54,8,755,0,1,17,0,18,413,281,71,8,773,0,0,0,773
11/06/2001,CLE,OH,AGL,CE,Towers with Radar,422,299,76,10,807,0,1,11,1,13,422,300,87,11,820,0,0,0,820
11/07/2001,CLE,OH,AGL,CE,Towers with Radar,421,311,63,9,804,0,1,18,0,19,421,312,81,9,823,0,0,0,823
11/08/2001,CLE,OH,AGL,CE,Towers with Radar,421,197,91,3,712,0,0,10,0,10,421,197,101,3,722,0,0,0,722
11/09/2001,CLE,OH,AGL,CE,Towers with Radar,445,287,68,5,805,0,1,5,0,6,445,288,73,5,811,0,0,0,811
11/10/2001,CLE,OH,AGL,CE,Towers with Radar,297,176,29,1,503,0,3,24,2,29,297,179,53,3,532,0,0,0,532
11/11/2001,CLE,OH,AGL,CE,Towers with Radar,359,175,30,6,570,0,1,16,0,17,359,176,46,6,587,0,0,0,587
11/12/2001,CLE,OH,AGL,CE,Towers with Radar,418,264,48,2,732,0,1,23,0,24,418,265,71,2,756,0,0,0,756
11/13/2001,CLE,OH,AGL,CE,Towers with Radar,437,287,66,6,796,0,0,13,2,15,437,287,79,8,811,0,0,0,811
11/14/2001,CLE,OH,AGL,CE,Towers with Radar,426,289,66,1,782,0,0,15,0,15,426,289,81,1,797,0,0,0,797
11/15/2001,CLE,OH,AGL,CE,Towers with Radar,432,283,48,6,769,0,0,24,0,24,432,283,72,6,793,0,0,0,793
11/16/2001,CLE,OH,AGL,CE,Towers with Radar,419,286,68,5,778,0,0,1,0,1,419,286,69,5,779,0,0,0,779
11/17/2001,CLE,OH,AGL,CE,Towers with Radar,304,186,31,3,524,0,0,16,1,17,304,186,47,4,541,0,0,0,541
11/18/2001,CLE,OH,AGL,CE,Towers with Radar,382,195,54,4,635,0,0,13,0,13,382,195,67,4,648,0,0,0,648
11/19/2001,CLE,OH,AGL,CE,Towers with Radar,427,260,43,8,738,0,0,2,0,2,427,260,45,8,740,0,0,0,740
11/20/2001,CLE,OH,AGL,CE,Towers with Radar,445,288,41,3,777,0,0,6,0,6,445,288,47,3,783,0,0,0,783
11/21/2001,CLE,OH,AGL,CE,Towers with Radar,449,280,53,8,790,0,0,22,2,24,449,280,75,10,814,0,0,0,814
11/22/2001,CLE,OH,AGL,CE,Towers with Radar,261,164,33,0,458,28,4,0,0,32,289,168,33,0,490,0,0,0,490
11/23/2001,CLE,OH,AGL,CE,Towers with Radar,271,174,16,5,466,0,0,23,0,23,271,174,39,5,489,0,0,0,489
11/24/2001,CLE,OH,AGL,CE,Towers with Radar,290,175,31,1,497,0,0,19,0,19,290,175,50,1,516,0,0,0,516
11/25/2001,CLE,OH,AGL,CE,Towers with Radar,373,191,47,1,612,0,0,6,0,6,373,191,53,1,618,0,0,0,618
11/26/2001,CLE,OH,AGL,CE,Towers with Radar,438,256,39,8,741,0,0,12,1,13,438,256,51,9,754,0,0,0,754
11/27/2001,CLE,OH,AGL,CE,Towers with Radar,440,276,58,1,775,0,0,0,0,0,440,276,58,1,775,0,0,0,775
11/28/2001,CLE,OH,AGL,CE,Towers with Radar,441,268,47,7,763,0,0,0,0,0,441,268,47,7,763,0,0,0,763
11/29/2001,CLE,OH,AGL,CE,Towers with Radar,435,280,58,6,779,0,0,0,0,0,435,280,58,6,779,0,0,0,779
11/30/2001,CLE,OH,AGL,CE,Towers with Radar,451,258,50,4,763,0,0,0,0,0,451,258,50,4,763,0,0,0,763
12/01/2001,CLE,OH,AGL,CE,Towers with Radar,293,172,41,2,508,2,0,14,0,16,295,172,55,2,524,0,0,0,524
12/02/2001,CLE,OH,AGL,CE,Towers with Radar,351,183,39,7,580,2,0,19,1,22,353,183,58,8,602,0,0,0,602
12/03/2001,CLE,OH,AGL,CE,Towers with Radar,426,240,49,4,719,2,0,14,0,16,428,240,63,4,735,0,0,0,735
12/04/2001,CLE,OH,AGL,CE,Towers with Radar,431,263,57,9,760,2,0,7,1,10,433,263,64,10,770,0,0,0,770
12/05/2001,CLE,OH,AGL,CE,Towers with Radar,430,266,51,9,756,2,2,10,1,15,432,268,61,10,771,0,0,0,771
12/06/2001,CLE,OH,AGL,CE,Towers with Radar,428,258,65,12,763,0,0,8,1,9,428,258,73,13,772,0,0,0,772
12/07/2001,CLE,OH,AGL,CE,Towers with Radar,443,278,57,2,780,2,1,7,1,11,445,279,64,3,791,0,0,0,791
12/08/2001,CLE,OH,AGL,CE,Towers with Radar,294,166,23,2,485,2,0,16,1,19,296,166,39,3,504,0,0,0,504
12/09/2001,CLE,OH,AGL,CE,Towers with Radar,360,183,43,7,593,2,0,10,0,12,362,183,53,7,605,0,0,0,605
12/10/2001,CLE,OH,AGL,CE,Towers with Radar,415,262,49,6,732,0,0,10,2,12,415,262,59,8,744,0,0,0,744
12/11/2001,CLE,OH,AGL,CE,Towers with Radar,429,274,65,5,773,0,1,13,2,16,429,275,78,7,789,0,0,0,789
12/12/2001,CLE,OH,AGL,CE,Towers with Radar,422,282,42,8,754,0,0,8,2,10,422,282,50,10,764,0,0,0,764
12/13/2001,CLE,OH,AGL,CE,Towers with Radar,441,269,61,5,776,1,0,2,1,4,442,269,63,6,780,0,0,0,780
12/14/2001,CLE,OH,AGL,CE,Towers with Radar,445,260,51,5,761,1,0,0,0,1,446,260,51,5,762,0,0,0,762
12/15/2001,CLE,OH,AGL,CE,Towers with Radar,313,162,25,2,502,1,0,16,0,17,314,162,41,2,519,0,0,0,519
12/16/2001,CLE,OH,AGL,CE,Towers with Radar,351,180,31,2,564,2,0,6,0,8,353,180,37,2,572,0,0,0,572
12/17/2001,CLE,OH,AGL,CE,Towers with Radar,420,249,44,1,714,1,0,0,0,1,421,249,44,1,715,0,0,0,715
12/18/2001,CLE,OH,AGL,CE,Towers with Radar,462,280,49,4,795,0,4,15,0,19,462,284,64,4,814,0,0,0,814
12/19/2001,CLE,OH,AGL,CE,Towers with Radar,452,278,64,0,794,0,0,17,0,17,452,278,81,0,811,0,0,0,811
12/20/2001,CLE,OH,AGL,CE,Towers with Radar,448,284,55,7,794,2,2,7,4,15,450,286,62,11,809,0,0,0,809
12/21/2001,CLE,OH,AGL,CE,Towers with Radar,459,268,35,2,764,1,4,10,0,15,460,272,45,2,779,0,0,0,779
12/22/2001,CLE,OH,AGL,CE,Towers with Radar,332,165,19,0,516,1,0,21,0,22,333,165,40,0,538,0,0,0,538
12/23/2001,CLE,OH,AGL,CE,Towers with Radar,349,170,13,0,532,1,0,2,0,3,350,170,15,0,535,0,0,0,535
12/24/2001,CLE,OH,AGL,CE,Towers with Radar,320,179,18,0,517,0,0,0,0,0,320,179,18,0,517,0,0,0,517
12/25/2001,CLE,OH,AGL,CE,Towers with Radar,310,162,16,5,493,1,0,0,0,1,311,162,16,5,494,0,0,0,494
12/26/2001,CLE,OH,AGL,CE,Towers with Radar,411,248,32,3,694,1,0,7,0,8,412,248,39,3,702,0,0,0,702
12/27/2001,CLE,OH,AGL,CE,Towers with Radar,442,246,26,2,716,1,0,0,0,1,443,246,26,2,717,0,0,0,717
12/28/2001,CLE,OH,AGL,CE,Towers with Radar,450,243,32,1,726,1,20,3,0,24,451,263,35,1,750,0,0,0,750
12/29/2001,CLE,OH,AGL,CE,Towers with Radar,325,161,26,1,513,1,0,6,0,7,326,161,32,1,520,0,0,0,520
12/30/2001,CLE,OH,AGL,CE,Towers with Radar,345,187,20,1,553,1,0,19,0,20,346,187,39,1,573,0,0,0,573
12/31/2001,CLE,OH,AGL,CE,Towers with Radar,355,197,12,4,568,1,0,3,1,5,356,197,15,5,573,0,0,0,573
01/01/2002,CLE,OH,AGL,CE,Towers with Radar,332,188,9,1,530,8,0,1,0,9,340,188,10,1,539,0,0,0,539
01/02/2002,CLE,OH,AGL,CE,Towers with Radar,475,303,47,2,827,22,32,17,0,71,497,335,64,2,898,0,0,0,898
01/03/2002,CLE,OH,AGL,CE,Towers with Radar,424,265,31,1,721,0,0,4,2,6,424,265,35,3,727,0,0,0,727
01/04/2002,CLE,OH,AGL,CE,Towers with Radar,433,276,30,6,745,0,0,14,0,14,433,276,44,6,759,0,0,0,759
01/05/2002,CLE,OH,AGL,CE,Towers with Radar,294,169,17,3,483,0,0,19,0,19,294,169,36,3,502,0,0,0,502
01/06/2002,CLE,OH,AGL,CE,Towers with Radar,344,176,19,1,540,0,0,0,0,0,344,176,19,1,540,0,0,0,540
01/07/2002,CLE,OH,AGL,CE,Towers with Radar,431,286,33,7,757,0,0,0,0,0,431,286,33,7,757,0,0,0,757
01/08/2002,CLE,OH,AGL,CE,Towers with Radar,420,279,49,2,750,0,5,9,1,15,420,284,58,3,765,0,0,0,765
01/09/2002,CLE,OH,AGL,CE,Towers with Radar,427,292,43,3,765,0,0,12,0,12,427,292,55,3,777,0,0,0,777
01/10/2002,CLE,OH,AGL,CE,Towers with Radar,444,286,45,2,777,0,3,19,0,22,444,289,64,2,799,0,0,0,799
01/11/2002,CLE,OH,AGL,CE,Towers with Radar,441,269,50,0,760,0,0,1,0,1,441,269,51,0,761,0,0,0,761
01/12/2002,CLE,OH,AGL,CE,Towers with Radar,287,181,20,0,488,0,0,17,0,17,287,181,37,0,505,0,0,0,505
01/13/2002,CLE,OH,AGL,CE,Towers with Radar,334,194,18,3,549,0,0,26,0,26,334,194,44,3,575,0,0,0,575
01/14/2002,CLE,OH,AGL,CE,Towers with Radar,437,266,40,5,748,0,0,3,0,3,437,266,43,5,751,0,0,0,751
01/15/2002,CLE,OH,AGL,CE,Towers with Radar,427,286,56,4,773,0,0,2,0,2,427,286,58,4,775,0,0,0,775
01/16/2002,CLE,OH,AGL,CE,Towers with Radar,407,287,59,3,756,0,0,4,0,4,407,287,63,3,760,0,0,0,760
01/17/2002,CLE,OH,AGL,CE,Towers with Radar,450,305,53,3,811,0,0,4,0,4,450,305,57,3,815,0,0,0,815
01/18/2002,CLE,OH,AGL,CE,Towers with Radar,443,301,42,10,796,0,0,13,1,14,443,301,55,11,810,0,0,0,810
01/19/2002,CLE,OH,AGL,CE,Towers with Radar,292,164,22,3,481,0,0,17,0,17,292,164,39,3,498,0,0,0,498
01/20/2002,CLE,OH,AGL,CE,Towers with Radar,355,187,28,2,572,0,0,14,1,15,355,187,42,3,587,0,0,0,587
01/21/2002,CLE,OH,AGL,CE,Towers with Radar,420,269,39,1,729,0,0,6,0,6,420,269,45,1,735,0,0,0,735
01/22/2002,CLE,OH,AGL,CE,Towers with Radar,428,284,47,8,767,0,1,16,0,17,428,285,63,8,784,0,0,0,784
01/23/2002,CLE,OH,AGL,CE,Towers with Radar,436,288,58,8,790,0,0,1,1,2,436,288,59,9,792,0,0,0,792
01/24/2002,CLE,OH,AGL,CE,Towers with Radar,434,300,58,5,797,0,0,0,0,0,434,300,58,5,797,0,0,0,797
01/25/2002,CLE,OH,AGL,CE,Towers with Radar,451,291,63,3,808,0,0,17,1,18,451,291,80,4,826,0,0,0,826
01/26/2002,CLE,OH,AGL,CE,Towers with Radar,294,178,35,4,511,0,0,32,0,32,294,178,67,4,543,0,0,0,543
01/27/2002,CLE,OH,AGL,CE,Towers with Radar,343,198,34,3,578,0,0,9,0,9,343,198,43,3,587,0,0,0,587
01/28/2002,CLE,OH,AGL,CE,Towers with Radar,435,280,50,3,768,0,0,8,4,12,435,280,58,7,780,0,0,0,780
01/29/2002,CLE,OH,AGL,CE,Towers with Radar,431,281,46,5,763,0,0,2,0,2,431,281,48,5,765,0,0,0,765
01/30/2002,CLE,OH,AGL,CE,Towers with Radar,418,266,40,3,727,7,17,1,7,32,425,283,41,10,759,0,0,0,759
01/31/2002,CLE,OH,AGL,CE,Towers with Radar,423,258,43,5,729,0,0,0,0,0,423,258,43,5,729,0,0,0,729
02/01/2002,CLE,OH,AGL,CE,Towers with Radar,398,245,29,5,677,59,22,0,0,81,457,267,29,5,758,0,0,0,758
02/02/2002,CLE,OH,AGL,CE,Towers with Radar,286,164,28,4,482,4,2,4,0,10,290,166,32,4,492,0,0,0,492
02/03/2002,CLE,OH,AGL,CE,Towers with Radar,340,180,33,2,555,4,2,7,0,13,344,182,40,2,568,0,0,0,568
02/04/2002,CLE,OH,AGL,CE,Towers with Radar,407,249,43,2,701,17,27,8,0,52,424,276,51,2,753,0,0,0,753
02/05/2002,CLE,OH,AGL,CE,Towers with Radar,427,281,49,5,762,0,9,19,1,29,427,290,68,6,791,0,0,0,791
02/06/2002,CLE,OH,AGL,CE,Towers with Radar,435,290,50,5,780,0,1,18,5,24,435,291,68,10,804,0,0,0,804
02/07/2002,CLE,OH,AGL,CE,Towers with Radar,448,287,50,5,790,0,14,27,4,45,448,301,77,9,835,0,0,0,835
02/08/2002,CLE,OH,AGL,CE,Towers with Radar,442,277,49,5,773,0,0,7,7,14,442,277,56,12,787,0,0,0,787
02/09/2002,CLE,OH,AGL,CE,Towers with Radar,185,265,26,8,484,4,1,15,0,20,189,266,41,8,504,0,0,0,504
02/10/2002,CLE,OH,AGL,CE,Towers with Radar,332,204,22,5,563,4,2,3,0,9,336,206,25,5,572,0,0,0,572
02/11/2002,CLE,OH,AGL,CE,Towers with Radar,418,259,45,2,724,4,1,1,0,6,422,260,46,2,730,0,0,0,730
02/12/2002,CLE,OH,AGL,CE,Towers with Radar,444,289,55,5,793,4,1,3,0,8,448,290,58,5,801,0,0,0,801
02/13/2002,CLE,OH,AGL,CE,Towers with Radar,447,280,49,4,780,0,4,0,0,4,447,284,49,4,784,0,0,0,784
02/14/2002,CLE,OH,AGL,CE,Towers with Radar,459,284,64,11,818,4,2,10,0,16,463,286,74,11,834,0,0,0,834
02/15/2002,CLE,OH,AGL,CE,Towers with Radar,440,272,48,5,765,0,0,30,3,33,440,272,78,8,798,0,0,0,798
02/16/2002,CLE,OH,AGL,CE,Towers with Radar,308,171,18,1,498,4,1,6,1,12,312,172,24,2,510,0,0,0,510
02/17/2002,CLE,OH,AGL,CE,Towers with Radar,361,194,14,0,569,4,1,6,0,11,365,195,20,0,580,0,0,0,580
02/18/2002,CLE,OH,AGL,CE,Towers with Radar,432,253,46,4,735,22,0,9,0,31,454,253,55,4,766,0,0,0,766
02/19/2002,CLE,OH,AGL,CE,Towers with Radar,457,266,51,5,779,0,0,14,1,15,457,266,65,6,794,0,0,0,794
02/20/2002,CLE,OH,AGL,CE,Towers with Radar,469,274,50,4,797,8,0,5,0,13,477,274,55,4,810,0,0,0,810
02/21/2002,CLE,OH,AGL,CE,Towers with Radar,467,271,47,6,791,4,3,5,0,12,471,274,52,6,803,0,0,0,803
02/22/2002,CLE,OH,AGL,CE,Towers with Radar,466,274,40,7,787,4,1,0,0,5,470,275,40,7,792,0,0,0,792
02/23/2002,CLE,OH,AGL,CE,Towers with Radar,311,176,31,6,524,6,2,25,0,33,317,178,56,6,557,0,0,0,557
02/24/2002,CLE,OH,AGL,CE,Towers with Radar,365,187,32,7,591,5,1,26,0,32,370,188,58,7,623,0,0,0,623
02/25/2002,CLE,OH,AGL,CE,Towers with Radar,430,261,43,2,736,5,1,8,0,14,435,262,51,2,750,0,0,0,750
02/26/2002,CLE,OH,AGL,CE,Towers with Radar,419,237,23,5,684,5,1,0,0,6,424,238,23,5,690,0,0,0,690
02/27/2002,CLE,OH,AGL,CE,Towers with Radar,425,213,41,5,684,5,1,0,0,6,430,214,41,5,690,0,0,0,690
02/28/2002,CLE,OH,AGL,CE,Towers with Radar,506,291,53,7,857,0,0,25,0,25,506,291,78,7,882,0,0,0,882
03/01/2002,CLE,OH,AGL,CE,Towers with Radar,394,289,41,4,728,0,59,10,1,70,394,348,51,5,798,0,0,0,798
03/02/2002,CLE,OH,AGL,CE,Towers with Radar,254,159,22,0,435,49,5,7,0,61,303,164,29,0,496,0,0,0,496
03/03/2002,CLE,OH,AGL,CE,Towers with Radar,305,191,26,2,524,59,4,0,0,63,364,195,26,2,587,0,0,0,587
03/04/2002,CLE,OH,AGL,CE,Towers with Radar,444,257,27,3,731,3,0,1,0,4,447,257,28,3,735,0,0,0,735
03/05/2002,CLE,OH,AGL,CE,Towers with Radar,459,282,44,6,791,0,0,16,4,20,459,282,60,10,811,0,0,0,811
03/06/2002,CLE,OH,AGL,CE,Towers with Radar,442,290,43,6,781,0,0,30,2,32,442,290,73,8,813,0,0,0,813
03/07/2002,CLE,OH,AGL,CE,Towers with Radar,458,308,49,7,822,3,0,5,0,8,461,308,54,7,830,0,0,0,830
03/08/2002,CLE,OH,AGL,CE,Towers with Radar,446,300,56,5,807,3,0,7,0,10,449,300,63,5,817,0,0,0,817
03/09/2002,CLE,OH,AGL,CE,Towers with Radar,326,161,17,1,505,3,0,5,0,8,329,161,22,1,513,0,0,0,513
03/10/2002,CLE,OH,AGL,CE,Towers with Radar,405,201,27,0,633,3,0,1,0,4,408,201,28,0,637,0,0,0,637
03/11/2002,CLE,OH,AGL,CE,Towers with Radar,458,264,41,5,768,0,0,0,0,0,458,264,41,5,768,0,0,0,768
03/12/2002,CLE,OH,AGL,CE,Towers with Radar,453,282,63,8,806,3,0,3,0,6,456,282,66,8,812,0,0,0,812
03/13/2002,CLE,OH,AGL,CE,Towers with Radar,463,290,57,4,814,4,0,10,0,14,467,290,67,4,828,0,0,0,828
03/14/2002,CLE,OH,AGL,CE,Towers with Radar,469,288,49,1,807,3,0,9,0,12,472,288,58,1,819,0,0,0,819
03/15/2002,CLE,OH,AGL,CE,Towers with Radar,477,329,44,6,856,3,0,4,2,9,480,329,48,8,865,0,0,0,865
03/16/2002,CLE,OH,AGL,CE,Towers with Radar,300,189,24,3,516,0,21,0,0,21,300,210,24,3,537,0,0,0,537
03/17/2002,CLE,OH,AGL,CE,Towers with Radar,333,207,30,3,573,19,22,1,0,42,352,229,31,3,615,0,0,0,615
03/18/2002,CLE,OH,AGL,CE,Towers with Radar,430,287,42,3,762,0,7,10,0,17,430,294,52,3,779,0,0,0,779
03/19/2002,CLE,OH,AGL,CE,Towers with Radar,436,304,56,10,806,3,0,11,0,14,439,304,67,10,820,0,0,0,820
03/20/2002,CLE,OH,AGL,CE,Towers with Radar,464,307,33,3,807,3,0,0,0,3,467,307,33,3,810,0,0,0,810
03/21/2002,CLE,OH,AGL,CE,Towers with Radar,458,302,43,8,811,3,0,5,1,9,461,302,48,9,820,0,0,0,820
03/22/2002,CLE,OH,AGL,CE,Towers with Radar,458,284,42,4,788,10,13,8,4,35,468,297,50,8,823,0,0,0,823
03/23/2002,CLE,OH,AGL,CE,Towers with Radar,331,183,14,0,528,3,0,15,0,18,334,183,29,0,546,0,0,0,546
03/24/2002,CLE,OH,AGL,CE,Towers with Radar,351,180,17,3,551,3,0,3,0,6,354,180,20,3,557,0,0,0,557
03/25/2002,CLE,OH,AGL,CE,Towers with Radar,414,252,39,1,706,3,0,1,0,4,417,252,40,1,710,0,0,0,710
03/26/2002,CLE,OH,AGL,CE,Towers with Radar,430,243,24,6,703,3,0,0,0,3,433,243,24,6,706,0,0,0,706
03/27/2002,CLE,OH,AGL,CE,Towers with Radar,498,306,67,6,877,3,0,13,1,17,501,306,80,7,894,0,0,0,894
03/28/2002,CLE,OH,AGL,CE,Towers with Radar,471,298,47,5,821,0,0,17,2,19,471,298,64,7,840,0,0,0,840
03/29/2002,CLE,OH,AGL,CE,Towers with Radar,453,275,19,5,752,2,1,8,0,11,455,276,27,5,763,0,0,0,763
03/30/2002,CLE,OH,AGL,CE,Towers with Radar,324,167,29,3,523,21,0,12,0,33,345,167,41,3,556,0,0,0,556
03/31/2002,CLE,OH,AGL,CE,Towers with Radar,331,197,27,2,557,28,0,0,0,28,359,197,27,2,585,0,0,0,585
04/01/2002,CLE,OH,AGL,CE,Towers with Radar,411,256,36,4,707,28,13,0,1,42,439,269,36,5,749,0,0,0,749
04/02/2002,CLE,OH,AGL,CE,Towers with Radar,447,282,52,4,785,2,2,0,0,4,449,284,52,4,789,0,0,0,789
04/03/2002,CLE,OH,AGL,CE,Towers with Radar,439,273,44,5,761,15,21,0,1,37,454,294,44,6,798,0,0,0,798
04/04/2002,CLE,OH,AGL,CE,Towers with Radar,439,273,50,4,766,16,20,3,0,39,455,293,53,4,805,0,0,0,805
04/05/2002,CLE,OH,AGL,CE,Towers with Radar,462,280,45,2,789,2,2,0,2,6,464,282,45,4,795,0,0,0,795
04/06/2002,CLE,OH,AGL,CE,Towers with Radar,329,193,26,8,556,3,2,16,0,21,332,195,42,8,577,0,0,0,577
04/07/2002,CLE,OH,AGL,CE,Towers with Radar,364,187,42,4,597,27,0,4,2,33,391,187,46,6,630,0,0,0,630
04/08/2002,CLE,OH,AGL,CE,Towers with Radar,420,261,48,3,732,5,17,14,0,36,425,278,62,3,768,0,0,0,768
04/09/2002,CLE,OH,AGL,CE,Towers with Radar,438,275,65,8,786,3,2,0,0,5,441,277,65,8,791,0,0,0,791
04/10/2002,CLE,OH,AGL,CE,Towers with Radar,467,303,59,6,835,0,0,18,1,19,467,303,77,7,854,0,0,0,854
04/11/2002,CLE,OH,AGL,CE,Towers with Radar,465,291,58,5,819,0,0,25,7,32,465,291,83,12,851,0,0,0,851
04/12/2002,CLE,OH,AGL,CE,Towers with Radar,458,287,55,3,803,3,2,0,3,8,461,289,55,6,811,0,0,0,811
04/13/2002,CLE,OH,AGL,CE,Towers with Radar,299,186,36,3,524,12,11,3,1,27,311,197,39,4,551,0,0,0,551
04/14/2002,CLE,OH,AGL,CE,Towers with Radar,364,200,25,4,593,3,2,0,0,5,367,202,25,4,598,0,0,0,598
04/15/2002,CLE,OH,AGL,CE,Towers with Radar,444,295,28,13,780,3,1,15,3,22,447,296,43,16,802,0,0,0,802
04/16/2002,CLE,OH,AGL,CE,Towers with Radar,455,302,60,8,825,3,1,11,4,19,458,303,71,12,844,0,0,0,844
04/17/2002,CLE,OH,AGL,CE,Towers with Radar,456,304,64,6,830,2,2,10,2,16,458,306,74,8,846,0,0,0,846
04/18/2002,CLE,OH,AGL,CE,Towers with Radar,450,281,55,5,791,0,0,58,0,58,450,281,113,5,849,0,0,0,849
04/19/2002,CLE,OH,AGL,CE,Towers with Radar,427,288,32,11,758,2,2,0,0,4,429,290,32,11,762,0,0,0,762
04/20/2002,CLE,OH,AGL,CE,Towers with Radar,330,189,34,2,555,2,2,7,0,11,332,191,41,2,566,0,0,0,566
04/21/2002,CLE,OH,AGL,CE,Towers with Radar,392,193,18,3,606,2,2,7,0,11,394,195,25,3,617,0,0,0,617
04/22/2002,CLE,OH,AGL,CE,Towers with Radar,439,288,21,5,753,2,2,0,0,4,441,290,21,5,757,0,0,0,757
04/23/2002,CLE,OH,AGL,CE,Towers with Radar,459,292,51,2,804,2,2,19,1,24,461,294,70,3,828,0,0,0,828
04/24/2002,CLE,OH,AGL,CE,Towers with Radar,453,297,44,7,801,2,3,24,3,32,455,300,68,10,833,0,0,0,833
04/25/2002,CLE,OH,AGL,CE,Towers with Radar,464,301,54,4,823,0,3,20,0,23,464,304,74,4,846,0,0,0,846
04/26/2002,CLE,OH,AGL,CE,Towers with Radar,468,300,55,5,828,0,0,37,0,37,468,300,92,5,865,0,0,0,865
04/27/2002,CLE,OH,AGL,CE,Towers with Radar,303,188,35,0,526,7,13,25,0,45,310,201,60,0,571,0,0,0,571
04/28/2002,CLE,OH,AGL,CE,Towers with Radar,311,159,36,3,509,55,0,23,2,80,366,159,59,5,589,0,0,0,589
04/29/2002,CLE,OH,AGL,CE,Towers with Radar,460,281,45,3,789,2,3,0,0,5,462,284,45,3,794,0,0,0,794
04/30/2002,CLE,OH,AGL,CE,Towers with Radar,462,308,55,5,830,0,20,9,2,31,462,328,64,7,861,0,0,0,861
05/01/2002,CLE,OH,AGL,CE,Towers with Radar,157,334,42,4,537,0,0,21,2,23,157,334,63,6,560,0,0,0,560
05/02/2002,CLE,OH,AGL,CE,Towers with Radar,436,289,49,5,779,0,22,2,0,24,436,311,51,5,803,0,0,0,803
05/03/2002,CLE,OH,AGL,CE,Towers with Radar,469,311,47,4,831,0,0,16,1,17,469,311,63,5,848,0,0,0,848
05/04/2002,CLE,OH,AGL,CE,Towers with Radar,333,185,38,7,563,0,0,23,5,28,333,185,61,12,591,0,0,0,591
05/05/2002,CLE,OH,AGL,CE,Towers with Radar,375,214,28,5,622,0,0,15,0,15,375,214,43,5,637,0,0,0,637
05/06/2002,CLE,OH,AGL,CE,Towers with Radar,426,265,44,2,737,8,21,0,0,29,434,286,44,2,766,0,0,0,766
05/07/2002,CLE,OH,AGL,CE,Towers with Radar,435,296,57,1,789,0,0,3,0,3,435,296,60,1,792,0,0,0,792
05/08/2002,CLE,OH,AGL,CE,Towers with Radar,451,289,51,6,797,0,0,23,7,30,451,289,74,13,827,0,0,0,827
05/09/2002,CLE,OH,AGL,CE,Towers with Radar,437,272,46,4,759,16,19,12,0,47,453,291,58,4,806,0,0,0,806
05/10/2002,CLE,OH,AGL,CE,Towers with Radar,477,291,53,9,830,0,0,20,0,20,477,291,73,9,850,0,0,0,850
05/11/2002,CLE,OH,AGL,CE,Towers with Radar,341,188,37,5,571,0,0,11,3,14,341,188,48,8,585,0,0,0,585
05/12/2002,CLE,OH,AGL,CE,Towers with Radar,306,189,21,4,520,150,11,0,4,165,456,200,21,8,685,0,0,0,685
05/13/2002,CLE,OH,AGL,CE,Towers with Radar,415,258,39,1,713,32,10,0,0,42,447,268,39,1,755,0,0,0,755
05/14/2002,CLE,OH,AGL,CE,Towers with Radar,463,307,62,8,840,0,0,3,0,3,463,307,65,8,843,0,0,0,843
05/15/2002,CLE,OH,AGL,CE,Towers with Radar,461,310,57,7,835,0,0,33,0,33,461,310,90,7,868,0,0,0,868
05/16/2002,CLE,OH,AGL,CE,Towers with Radar,466,292,60,7,825,0,0,16,0,16,466,292,76,7,841,0,0,0,841
05/17/2002,CLE,OH,AGL,CE,Towers with Radar,474,290,46,14,824,0,0,11,0,11,474,290,57,14,835,0,0,0,835
05/18/2002,CLE,OH,AGL,CE,Towers with Radar,324,173,21,5,523,0,0,12,2,14,324,173,33,7,537,0,0,0,537
05/19/2002,CLE,OH,AGL,CE,Towers with Radar,357,205,33,4,599,0,0,16,0,16,357,205,49,4,615,0,0,0,615
05/20/2002,CLE,OH,AGL,CE,Towers with Radar,440,273,48,5,766,18,3,9,3,33,458,276,57,8,799,0,0,0,799
05/21/2002,CLE,OH,AGL,CE,Towers with Radar,451,302,68,3,824,18,7,37,6,68,469,309,105,9,892,0,0,0,892
05/22/2002,CLE,OH,AGL,CE,Towers with Radar,468,295,56,6,825,0,0,0,0,0,468,295,56,6,825,0,0,0,825
05/23/2002,CLE,OH,AGL,CE,Towers with Radar,314,167,30,4,515,0,0,0,0,0,314,167,30,4,515,0,0,0,515
05/24/2002,CLE,OH,AGL,CE,Towers with Radar,329,159,41,6,535,0,0,0,0,0,329,159,41,6,535,0,0,0,535
05/25/2002,CLE,OH,AGL,CE,Towers with Radar,320,170,19,4,513,42,30,25,4,101,362,200,44,8,614,0,0,0,614
05/26/2002,CLE,OH,AGL,CE,Towers with Radar,297,185,32,1,515,160,104,20,0,284,457,289,52,1,799,0,0,0,799
05/27/2002,CLE,OH,AGL,CE,Towers with Radar,362,200,35,7,604,0,0,11,1,12,362,200,46,8,616,0,0,0,616
05/28/2002,CLE,OH,AGL,CE,Towers with Radar,428,266,46,1,741,29,23,6,0,58,457,289,52,1,799,0,0,0,799
05/29/2002,CLE,OH,AGL,CE,Towers with Radar,437,272,47,3,759,8,23,13,0,44,445,295,60,3,803,0,0,0,803
05/30/2002,CLE,OH,AGL,CE,Towers with Radar,459,284,48,5,796,0,0,8,0,8,459,284,56,5,804,0,0,0,804
05/31/2002,CLE,OH,AGL,CE,Towers with Radar,447,288,50,1,786,0,0,11,0,11,447,288,61,1,797,0,0,0,797
06/01/2002,CLE,OH,AGL,CE,Towers with Radar,332,188,18,2,540,0,0,29,0,29,332,188,47,2,569,0,0,0,569
06/02/2002,CLE,OH,AGL,CE,Towers with Radar,371,202,19,4,596,0,8,23,0,31,371,210,42,4,627,0,0,0,627
06/03/2002,CLE,OH,AGL,CE,Towers with Radar,421,247,44,3,715,6,25,6,0,37,427,272,50,3,752,0,0,0,752
06/04/2002,CLE,OH,AGL,CE,Towers with Radar,441,285,51,1,778,0,0,10,0,10,441,285,61,1,788,0,0,0,788
06/05/2002,CLE,OH,AGL,CE,Towers with Radar,420,249,44,1,714,18,20,11,0,49,438,269,55,1,763,0,0,0,763
06/06/2002,CLE,OH,AGL,CE,Towers with Radar,463,284,44,2,793,0,0,3,0,3,463,284,47,2,796,0,0,0,796
06/07/2002,CLE,OH,AGL,CE,Towers with Radar,474,304,74,7,859,0,0,25,0,25,474,304,99,7,884,0,0,0,884
06/08/2002,CLE,OH,AGL,CE,Towers with Radar,326,188,32,9,555,0,0,24,0,24,326,188,56,9,579,0,0,0,579
06/09/2002,CLE,OH,AGL,CE,Towers with Radar,373,201,40,6,620,0,0,22,0,22,373,201,62,6,642,0,0,0,642
06/10/2002,CLE,OH,AGL,CE,Towers with Radar,415,244,38,5,702,14,25,0,0,39,429,269,38,5,741,0,0,0,741
06/11/2002,CLE,OH,AGL,CE,Towers with Radar,466,289,67,8,830,0,0,10,1,11,466,289,77,9,841,0,0,0,841
06/12/2002,CLE,OH,AGL,CE,Towers with Radar,471,289,65,8,833,0,0,15,3,18,471,289,80,11,851,0,0,0,851
06/13/2002,CLE,OH,AGL,CE,Towers with Radar,462,307,67,2,838,0,0,8,0,8,462,307,75,2,846,0,0,0,846
06/14/2002,CLE,OH,AGL,CE,Towers with Radar,464,293,44,7,808,0,0,6,0,6,464,293,50,7,814,0,0,0,814
06/15/2002,CLE,OH,AGL,CE,Towers with Radar,330,187,26,4,547,20,0,0,0,20,350,187,26,4,567,0,0,0,567
06/16/2002,CLE,OH,AGL,CE,Towers with Radar,338,192,28,4,562,40,0,0,1,41,378,192,28,5,603,0,0,0,603
06/17/2002,CLE,OH,AGL,CE,Towers with Radar,428,253,46,2,729,24,26,12,0,62,452,279,58,2,791,0,0,0,791
06/18/2002,CLE,OH,AGL,CE,Towers with Radar,478,276,52,6,812,0,0,37,0,37,478,276,89,6,849,0,0,0,849
06/19/2002,CLE,OH,AGL,CE,Towers with Radar,475,294,57,3,829,0,0,22,3,25,475,294,79,6,854,0,0,0,854
06/20/2002,CLE,OH,AGL,CE,Towers with Radar,460,290,70,2,822,0,0,18,2,20,460,290,88,4,842,0,0,0,842
06/21/2002,CLE,OH,AGL,CE,Towers with Radar,259,293,40,9,601,0,0,9,1,10,259,293,49,10,611,0,0,0,611
06/22/2002,CLE,OH,AGL,CE,Towers with Radar,338,195,37,4,574,13,0,4,4,21,351,195,41,8,595,0,0,0,595
06/23/2002,CLE,OH,AGL,CE,Towers with Radar,387,201,42,5,635,0,0,40,7,47,387,201,82,12,682,0,0,0,682
06/24/2002,CLE,OH,AGL,CE,Towers with Radar,453,273,51,6,783,0,18,27,5,50,453,291,78,11,833,0,0,0,833
06/25/2002,CLE,OH,AGL,CE,Towers with Radar,455,299,49,7,810,0,0,18,1,19,455,299,67,8,829,0,0,0,829
06/26/2002,CLE,OH,AGL,CE,Towers with Radar,450,285,59,7,801,0,0,13,0,13,450,285,72,7,814,0,0,0,814
06/27/2002,CLE,OH,AGL,CE,Towers with Radar,437,237,48,5,727,12,0,14,1,27,449,237,62,6,754,0,0,0,754
06/28/2002,CLE,OH,AGL,CE,Towers with Radar,396,234,66,6,702,0,0,14,0,14,396,234,80,6,716,0,0,0,716
06/29/2002,CLE,OH,AGL,CE,Towers with Radar,313,181,27,16,537,0,0,24,3,27,313,181,51,19,564,0,0,0,564
06/30/2002,CLE,OH,AGL,CE,Towers with Radar,398,180,33,6,617,0,0,16,0,16,398,180,49,6,633,0,0,0,633
07/01/2002,CLE,OH,AGL,CE,Towers with Radar,412,248,48,5,713,48,0,2,0,50,460,248,50,5,763,0,0,0,763
07/02/2002,CLE,OH,AGL,CE,Towers with Radar,442,276,49,3,770,12,0,7,0,19,454,276,56,3,789,0,0,0,789
07/03/2002,CLE,OH,AGL,CE,Towers with Radar,457,258,46,4,765,4,0,15,0,19,461,258,61,4,784,0,0,0,784
07/04/2002,CLE,OH,AGL,CE,Towers with Radar,308,172,33,4,517,42,0,10,3,55,350,172,43,7,572,0,0,0,572
07/05/2002,CLE,OH,AGL,CE,Towers with Radar,338,198,36,0,572,11,0,14,0,25,349,198,50,0,597,0,0,0,597
07/06/2002,CLE,OH,AGL,CE,Towers with Radar,308,164,32,1,505,16,0,5,0,21,324,164,37,1,526,0,0,0,526
07/07/2002,CLE,OH,AGL,CE,Towers with Radar,373,187,40,5,605,14,0,25,0,39,387,187,65,5,644,0,0,0,644
07/08/2002,CLE,OH,AGL,CE,Towers with Radar,458,254,47,10,769,3,0,24,0,27,461,254,71,10,796,0,0,0,796
07/09/2002,CLE,OH,AGL,CE,Towers with Radar,456,277,53,3,789,3,0,11,0,14,459,277,64,3,803,0,0,0,803
07/10/2002,CLE,OH,AGL,CE,Towers with Radar,464,278,85,12,839,3,0,8,1,12,467,278,93,13,851,0,0,0,851
07/11/2002,CLE,OH,AGL,CE,Towers with Radar,475,274,84,7,840,3,0,18,0,21,478,274,102,7,861,0,0,0,861
07/12/2002,CLE,OH,AGL,CE,Towers with Radar,488,276,59,15,838,4,0,20,0,24,492,276,79,15,862,0,0,0,862
07/13/2002,CLE,OH,AGL,CE,Towers with Radar,329,176,41,9,555,4,0,23,0,27,333,176,64,9,582,0,0,0,582
07/14/2002,CLE,OH,AGL,CE,Towers with Radar,377,196,68,8,649,3,0,41,0,44,380,196,109,8,693,0,0,0,693
07/15/2002,CLE,OH,AGL,CE,Towers with Radar,461,255,38,5,759,3,0,22,0,25,464,255,60,5,784,0,0,0,784
07/16/2002,CLE,OH,AGL,CE,Towers with Radar,461,284,54,12,811,3,0,20,1,24,464,284,74,13,835,0,0,0,835
07/17/2002,CLE,OH,AGL,CE,Towers with Radar,468,275,54,5,802,0,0,24,0,24,468,275,78,5,826,0,0,0,826
07/18/2002,CLE,OH,AGL,CE,Towers with Radar,466,292,72,9,839,3,0,11,0,14,469,292,83,9,853,0,0,0,853
07/19/2002,CLE,OH,AGL,CE,Towers with Radar,456,261,51,6,774,0,0,13,11,24,456,261,64,17,798,0,0,0,798
07/20/2002,CLE,OH,AGL,CE,Towers with Radar,329,185,34,1,549,15,0,16,0,31,344,185,50,1,580,0,0,0,580
07/21/2002,CLE,OH,AGL,CE,Towers with Radar,353,197,37,4,591,33,0,7,2,42,386,197,44,6,633,0,0,0,633
07/22/2002,CLE,OH,AGL,CE,Towers with Radar,436,261,45,5,747,3,0,7,0,10,439,261,52,5,757,0,0,0,757
07/23/2002,CLE,OH,AGL,CE,Towers with Radar,453,265,46,5,769,3,0,10,3,16,456,265,56,8,785,0,0,0,785
07/24/2002,CLE,OH,AGL,CE,Towers with Radar,456,275,64,4,799,3,0,3,1,7,459,275,67,5,806,0,0,0,806
07/25/2002,CLE,OH,AGL,CE,Towers with Radar,477,275,65,7,824,3,0,19,3,25,480,275,84,10,849,0,0,0,849
07/26/2002,CLE,OH,AGL,CE,Towers with Radar,480,275,45,3,803,3,0,11,1,15,483,275,56,4,818,0,0,0,818
07/27/2002,CLE,OH,AGL,CE,Towers with Radar,357,184,29,0,570,3,0,10,2,15,360,184,39,2,585,0,0,0,585
07/28/2002,CLE,OH,AGL,CE,Towers with Radar,395,186,29,4,614,3,0,14,1,18,398,186,43,5,632,0,0,0,632
07/29/2002,CLE,OH,AGL,CE,Towers with Radar,201,267,18,0,486,4,0,3,0,7,205,267,21,0,493,0,0,0,493
07/30/2002,CLE,OH,AGL,CE,Towers with Radar,262,224,8,0,494,0,221,0,0,221,262,445,8,0,715,0,0,0,715
07/31/2002,CLE,OH,AGL,CE,Towers with Radar,233,239,34,0,506,0,211,0,0,211,233,450,34,0,717,0,0,0,717
08/01/2002,CLE,OH,AGL,CE,Towers with Radar,244,426,44,0,714,5,6,5,0,16,249,432,49,0,730,0,0,0,730
08/02/2002,CLE,OH,AGL,CE,Towers with Radar,495,246,31,7,779,0,7,14,0,21,495,253,45,7,800,0,0,0,800
08/03/2002,CLE,OH,AGL,CE,Towers with Radar,351,166,30,5,552,0,6,27,0,33,351,172,57,5,585,0,0,0,585
08/04/2002,CLE,OH,AGL,CE,Towers with Radar,375,200,40,4,619,6,0,37,0,43,381,200,77,4,662,0,0,0,662
08/05/2002,CLE,OH,AGL,CE,Towers with Radar,467,231,43,8,749,0,6,5,0,11,467,237,48,8,760,0,0,0,760
08/06/2002,CLE,OH,AGL,CE,Towers with Radar,480,257,59,4,800,0,6,18,1,25,480,263,77,5,825,0,0,0,825
08/07/2002,CLE,OH,AGL,CE,Towers with Radar,476,282,53,8,819,0,0,27,0,27,476,282,80,8,846,0,0,0,846
08/08/2002,CLE,OH,AGL,CE,Towers with Radar,484,258,69,8,819,0,6,24,2,32,484,264,93,10,851,0,0,0,851
08/09/2002,CLE,OH,AGL,CE,Towers with Radar,481,269,53,4,807,0,6,17,0,23,481,275,70,4,830,0,0,0,830
08/10/2002,CLE,OH,AGL,CE,Towers with Radar,322,169,34,6,531,7,0,1,3,11,329,169,35,9,542,0,0,0,542
08/11/2002,CLE,OH,AGL,CE,Towers with Radar,387,191,40,7,625,1,6,22,0,29,388,197,62,7,654,0,0,0,654
08/12/2002,CLE,OH,AGL,CE,Towers with Radar,451,274,56,8,789,0,6,7,3,16,451,280,63,11,805,0,0,0,805
08/13/2002,CLE,OH,AGL,CE,Towers with Radar,452,260,46,3,761,9,5,14,0,28,461,265,60,3,789,0,0,0,789
08/14/2002,CLE,OH,AGL,CE,Towers with Radar,456,263,46,8,773,18,23,7,3,51,474,286,53,11,824,0,0,0,824
08/15/2002,CLE,OH,AGL,CE,Towers with Radar,469,282,15,2,768,0,0,0,0,0,469,282,15,2,768,0,0,0,768
08/16/2002,CLE,OH,AGL,CE,Towers with Radar,473,267,47,6,793,1,0,0,0,1,474,267,47,6,794,0,0,0,794
08/17/2002,CLE,OH,AGL,CE,Towers with Radar,316,171,30,4,521,38,0,0,0,38,354,171,30,4,559,0,0,0,559
08/18/2002,CLE,OH,AGL,CE,Towers with Radar,371,204,30,5,610,2,5,23,0,30,373,209,53,5,640,0,0,0,640
08/19/2002,CLE,OH,AGL,CE,Towers with Radar,457,272,30,5,764,0,6,2,0,8,457,278,32,5,772,0,0,0,772
08/20/2002,CLE,OH,AGL,CE,Towers with Radar,462,278,66,7,813,1,6,15,3,25,463,284,81,10,838,0,0,0,838
08/21/2002,CLE,OH,AGL,CE,Towers with Radar,466,285,61,7,819,0,5,37,0,42,466,290,98,7,861,0,0,0,861
08/22/2002,CLE,OH,AGL,CE,Towers with Radar,458,281,47,7,793,0,5,10,0,15,458,286,57,7,808,0,0,0,808
08/23/2002,CLE,OH,AGL,CE,Towers with Radar,452,260,34,8,754,17,18,0,2,37,469,278,34,10,791,0,0,0,791
08/24/2002,CLE,OH,AGL,CE,Towers with Radar,332,183,33,6,554,38,0,1,1,40,370,183,34,7,594,0,0,0,594
08/25/2002,CLE,OH,AGL,CE,Towers with Radar,367,191,38,4,600,20,0,28,0,48,387,191,66,4,648,0,0,0,648
08/26/2002,CLE,OH,AGL,CE,Towers with Radar,458,263,44,4,769,0,7,15,2,24,458,270,59,6,793,0,0,0,793
08/27/2002,CLE,OH,AGL,CE,Towers with Radar,453,273,49,8,783,0,24,26,1,51,453,297,75,9,834,0,0,0,834
08/28/2002,CLE,OH,AGL,CE,Towers with Radar,464,275,42,5,786,0,6,21,0,27,464,281,63,5,813,0,0,0,813
08/29/2002,CLE,OH,AGL,CE,Towers with Radar,489,274,54,9,826,0,0,10,10,20,489,274,64,19,846,0,0,0,846
08/30/2002,CLE,OH,AGL,CE,Towers with Radar,504,283,54,8,849,0,0,32,10,42,504,283,86,18,891,0,0,0,891
08/31/2002,CLE,OH,AGL,CE,Towers with Radar,328,160,34,5,527,6,0,29,18,53,334,160,63,23,580,0,0,0,580
09/01/2002,CLE,OH,AGL,CE,Towers with Radar,277,130,25,8,440,11,1,24,1,37,288,131,49,9,477,0,0,0,477
09/02/2002,CLE,OH,AGL,CE,Towers with Radar,364,185,41,6,596,13,0,1,1,15,377,185,42,7,611,0,0,0,611
09/03/2002,CLE,OH,AGL,CE,Towers with Radar,440,249,43,8,740,18,12,0,1,31,458,261,43,9,771,0,0,0,771
09/04/2002,CLE,OH,AGL,CE,Towers with Radar,472,259,61,6,798,0,1,16,1,18,472,260,77,7,816,0,0,0,816
09/05/2002,CLE,OH,AGL,CE,Towers with Radar,454,266,53,4,777,0,6,28,0,34,454,272,81,4,811,0,0,0,811
09/06/2002,CLE,OH,AGL,CE,Towers with Radar,459,259,52,7,777,0,0,11,5,16,459,259,63,12,793,0,0,0,793
09/07/2002,CLE,OH,AGL,CE,Towers with Radar,337,167,18,3,525,0,1,30,0,31,337,168,48,3,556,0,0,0,556
09/08/2002,CLE,OH,AGL,CE,Towers with Radar,356,175,41,5,577,13,0,15,1,29,369,175,56,6,606,0,0,0,606
09/09/2002,CLE,OH,AGL,CE,Towers with Radar,419,241,49,6,715,0,29,5,3,37,419,270,54,9,752,0,0,0,752
09/10/2002,CLE,OH,AGL,CE,Towers with Radar,413,265,43,9,730,0,0,13,3,16,413,265,56,12,746,0,0,0,746
09/11/2002,CLE,OH,AGL,CE,Towers with Radar,403,237,48,6,694,0,7,25,7,39,403,244,73,13,733,0,0,0,733
09/12/2002,CLE,OH,AGL,CE,Towers with Radar,455,275,56,7,793,0,7,15,3,25,455,282,71,10,818,0,0,0,818
09/13/2002,CLE,OH,AGL,CE,Towers with Radar,442,273,58,7,780,0,1,16,4,21,442,274,74,11,801,0,0,0,801
09/14/2002,CLE,OH,AGL,CE,Towers with Radar,294,159,34,3,490,32,0,3,0,35,326,159,37,3,525,0,0,0,525
09/15/2002,CLE,OH,AGL,CE,Towers with Radar,327,179,35,2,543,48,0,0,0,48,375,179,35,2,591,0,0,0,591
09/16/2002,CLE,OH,AGL,CE,Towers with Radar,435,254,35,8,732,0,0,7,1,8,435,254,42,9,740,0,0,0,740
09/17/2002,CLE,OH,AGL,CE,Towers with Radar,445,270,55,5,775,0,1,21,0,22,445,271,76,5,797,0,0,0,797
09/18/2002,CLE,OH,AGL,CE,Towers with Radar,427,264,63,11,765,0,2,10,1,13,427,266,73,12,778,0,0,0,778
09/19/2002,CLE,OH,AGL,CE,Towers with Radar,452,267,75,12,806,0,1,17,0,18,452,268,92,12,824,0,0,0,824
09/20/2002,CLE,OH,AGL,CE,Towers with Radar,455,266,54,9,784,0,1,9,2,12,455,267,63,11,796,0,0,0,796
09/21/2002,CLE,OH,AGL,CE,Towers with Radar,325,159,21,6,511,0,2,23,1,26,325,161,44,7,537,0,0,0,537
09/22/2002,CLE,OH,AGL,CE,Towers with Radar,374,183,51,7,615,0,2,24,0,26,374,185,75,7,641,0,0,0,641
09/23/2002,CLE,OH,AGL,CE,Towers with Radar,432,273,51,3,759,0,2,9,0,11,432,275,60,3,770,0,0,0,770
09/24/2002,CLE,OH,AGL,CE,Towers with Radar,439,270,74,11,794,0,1,9,0,10,439,271,83,11,804,0,0,0,804
09/25/2002,CLE,OH,AGL,CE,Towers with Radar,440,266,57,8,771,0,1,10,0,11,440,267,67,8,782,0,0,0,782
09/26/2002,CLE,OH,AGL,CE,Towers with Radar,451,274,49,6,780,0,3,11,0,14,451,277,60,6,794,0,0,0,794
09/27/2002,CLE,OH,AGL,CE,Towers with Radar,445,269,44,7,765,0,1,3,0,4,445,270,47,7,769,0,0,0,769
09/28/2002,CLE,OH,AGL,CE,Towers with Radar,298,158,32,3,491,8,0,21,0,29,306,158,53,3,520,0,0,0,520
09/29/2002,CLE,OH,AGL,CE,Towers with Radar,351,176,20,6,553,0,1,24,0,25,351,177,44,6,578,0,0,0,578
09/30/2002,CLE,OH,AGL,CE,Towers with Radar,426,272,56,1,755,0,3,15,2,20,426,275,71,3,775,0,0,0,775
10/01/2002,CLE,OH,AGL,CE,Towers with Radar,426,271,62,5,764,10,0,10,3,23,436,271,72,8,787,0,0,0,787
10/02/2002,CLE,OH,AGL,CE,Towers with Radar,436,270,47,2,755,0,0,6,2,8,436,270,53,4,763,0,0,0,763
10/03/2002,CLE,OH,AGL,CE,Towers with Radar,421,269,54,5,749,0,0,5,1,6,421,269,59,6,755,0,0,0,755
10/04/2002,CLE,OH,AGL,CE,Towers with Radar,428,271,49,3,751,0,0,4,2,6,428,271,53,5,757,0,0,0,757
10/05/2002,CLE,OH,AGL,CE,Towers with Radar,274,151,23,6,454,0,0,8,0,8,274,151,31,6,462,0,0,0,462
10/06/2002,CLE,OH,AGL,CE,Towers with Radar,360,200,46,10,616,0,0,36,0,36,360,200,82,10,652,0,0,0,652
10/07/2002,CLE,OH,AGL,CE,Towers with Radar,397,236,38,5,676,27,8,0,3,38,424,244,38,8,714,0,0,0,714
10/08/2002,CLE,OH,AGL,CE,Towers with Radar,441,269,53,11,774,0,0,12,0,12,441,269,65,11,786,0,0,0,786
10/09/2002,CLE,OH,AGL,CE,Towers with Radar,440,274,61,10,785,0,0,2,0,2,440,274,63,10,787,0,0,0,787
10/10/2002,CLE,OH,AGL,CE,Towers with Radar,453,277,56,4,790,1,0,10,0,11,454,277,66,4,801,0,0,0,801
10/11/2002,CLE,OH,AGL,CE,Towers with Radar,441,261,51,10,763,0,0,5,0,5,441,261,56,10,768,0,0,0,768
10/12/2002,CLE,OH,AGL,CE,Towers with Radar,302,149,25,1,477,0,0,6,1,7,302,149,31,2,484,0,0,0,484
10/13/2002,CLE,OH,AGL,CE,Towers with Radar,368,181,22,6,577,0,0,5,1,6,368,181,27,7,583,0,0,0,583
10/14/2002,CLE,OH,AGL,CE,Towers with Radar,427,239,51,6,723,0,0,6,0,6,427,239,57,6,729,0,0,0,729
10/15/2002,CLE,OH,AGL,CE,Towers with Radar,445,271,54,5,775,0,0,22,0,22,445,271,76,5,797,0,0,0,797
10/16/2002,CLE,OH,AGL,CE,Towers with Radar,451,265,50,7,773,0,0,2,0,2,451,265,52,7,775,0,0,0,775
10/17/2002,CLE,OH,AGL,CE,Towers with Radar,448,302,74,6,830,0,0,2,1,3,448,302,76,7,833,0,0,0,833
10/18/2002,CLE,OH,AGL,CE,Towers with Radar,441,269,60,4,774,0,0,6,0,6,441,269,66,4,780,0,0,0,780
10/19/2002,CLE,OH,AGL,CE,Towers with Radar,266,144,16,2,428,31,0,0,0,31,297,144,16,2,459,0,0,0,459
10/20/2002,CLE,OH,AGL,CE,Towers with Radar,361,188,48,2,599,0,0,10,0,10,361,188,58,2,609,0,0,0,609
10/21/2002,CLE,OH,AGL,CE,Towers with Radar,433,253,47,5,738,1,0,4,1,6,434,253,51,6,744,0,0,0,744
10/22/2002,CLE,OH,AGL,CE,Towers with Radar,441,265,55,3,764,1,0,7,0,8,442,265,62,3,772,0,0,0,772
10/23/2002,CLE,OH,AGL,CE,Towers with Radar,447,264,53,9,773,0,0,2,0,2,447,264,55,9,775,0,0,0,775
10/24/2002,CLE,OH,AGL,CE,Towers with Radar,438,298,49,3,788,1,0,5,0,6,439,298,54,3,794,0,0,0,794
10/25/2002,CLE,OH,AGL,CE,Towers with Radar,444,275,47,7,773,1,0,5,0,6,445,275,52,7,779,0,0,0,779
10/26/2002,CLE,OH,AGL,CE,Towers with Radar,293,141,27,5,466,0,0,2,0,2,293,141,29,5,468,0,0,0,468
10/27/2002,CLE,OH,AGL,CE,Towers with Radar,349,192,41,4,586,1,0,14,0,15,350,192,55,4,601,0,0,0,601
10/28/2002,CLE,OH,AGL,CE,Towers with Radar,416,253,44,5,718,1,0,9,0,10,417,253,53,5,728,0,0,0,728
10/29/2002,CLE,OH,AGL,CE,Towers with Radar,466,275,55,6,802,1,0,2,0,3,467,275,57,6,805,0,0,0,805
10/30/2002,CLE,OH,AGL,CE,Towers with Radar,452,281,80,4,817,0,0,4,1,5,452,281,84,5,822,0,0,0,822
10/31/2002,CLE,OH,AGL,CE,Towers with Radar,431,255,51,2,739,4,30,3,0,37,435,285,54,2,776,0,0,0,776
11/01/2002,CLE,OH,AGL,CE,Towers with Radar,425,252,57,0,734,15,5,1,0,21,440,257,58,0,755,0,0,0,755
11/02/2002,CLE,OH,AGL,CE,Towers with Radar,267,172,35,0,474,0,0,10,0,10,267,172,45,0,484,0,0,0,484
11/03/2002,CLE,OH,AGL,CE,Towers with Radar,341,190,45,7,583,0,0,13,1,14,341,190,58,8,597,0,0,0,597
11/04/2002,CLE,OH,AGL,CE,Towers with Radar,432,243,48,3,726,0,2,0,0,2,432,245,48,3,728,0,0,0,728
11/05/2002,CLE,OH,AGL,CE,Towers with Radar,428,275,43,14,760,0,2,2,0,4,428,277,45,14,764,0,0,0,764
11/06/2002,CLE,OH,AGL,CE,Towers with Radar,447,269,53,2,771,0,2,5,0,7,447,271,58,2,778,0,0,0,778
11/07/2002,CLE,OH,AGL,CE,Towers with Radar,438,269,57,3,767,0,2,6,1,9,438,271,63,4,776,0,0,0,776
11/08/2002,CLE,OH,AGL,CE,Towers with Radar,448,272,45,4,769,0,3,1,0,4,448,275,46,4,773,0,0,0,773
11/09/2002,CLE,OH,AGL,CE,Towers with Radar,276,150,33,0,459,2,3,9,0,14,278,153,42,0,473,0,0,0,473
11/10/2002,CLE,OH,AGL,CE,Towers with Radar,270,156,25,2,453,32,0,0,0,32,302,156,25,2,485,0,0,0,485
11/11/2002,CLE,OH,AGL,CE,Towers with Radar,417,249,49,0,715,0,0,6,0,6,417,249,55,0,721,0,0,0,721
11/12/2002,CLE,OH,AGL,CE,Towers with Radar,430,260,47,4,741,0,1,3,0,4,430,261,50,4,745,0,0,0,745
11/13/2002,CLE,OH,AGL,CE,Towers with Radar,427,272,86,7,792,0,0,12,1,13,427,272,98,8,805,0,0,0,805
11/14/2002,CLE,OH,AGL,CE,Towers with Radar,428,256,54,10,748,0,0,5,1,6,428,256,59,11,754,0,0,0,754
11/15/2002,CLE,OH,AGL,CE,Towers with Radar,426,262,36,4,728,0,0,2,0,2,426,262,38,4,730,0,0,0,730
11/16/2002,CLE,OH,AGL,CE,Towers with Radar,275,155,29,2,461,0,0,0,0,0,275,155,29,2,461,0,0,0,461
11/17/2002,CLE,OH,AGL,CE,Towers with Radar,348,171,28,0,547,0,0,2,0,2,348,171,30,0,549,0,0,0,549
11/18/2002,CLE,OH,AGL,CE,Towers with Radar,418,260,51,4,733,0,0,33,1,34,418,260,84,5,767,0,0,0,767
11/19/2002,CLE,OH,AGL,CE,Towers with Radar,437,263,49,3,752,0,0,6,0,6,437,263,55,3,758,0,0,0,758
11/20/2002,CLE,OH,AGL,CE,Towers with Radar,442,288,72,2,804,0,0,19,2,21,442,288,91,4,825,0,0,0,825
11/21/2002,CLE,OH,AGL,CE,Towers with Radar,444,270,63,6,783,0,0,7,0,7,444,270,70,6,790,0,0,0,790
11/22/2002,CLE,OH,AGL,CE,Towers with Radar,446,280,53,2,781,0,3,0,0,3,446,283,53,2,784,0,0,0,784
11/23/2002,CLE,OH,AGL,CE,Towers with Radar,243,142,22,5,412,0,3,10,1,14,243,145,32,6,426,0,0,0,426
11/24/2002,CLE,OH,AGL,CE,Towers with Radar,361,168,37,3,569,0,3,31,1,35,361,171,68,4,604,0,0,0,604
11/25/2002,CLE,OH,AGL,CE,Towers with Radar,417,245,34,3,699,15,18,0,5,38,432,263,34,8,737,0,0,0,737
11/26/2002,CLE,OH,AGL,CE,Towers with Radar,428,261,46,8,743,0,1,7,1,9,428,262,53,9,752,0,0,0,752
11/27/2002,CLE,OH,AGL,CE,Towers with Radar,460,267,35,3,765,0,2,10,0,12,460,269,45,3,777,0,0,0,777
11/28/2002,CLE,OH,AGL,CE,Towers with Radar,268,152,16,0,436,0,0,4,0,4,268,152,20,0,440,0,0,0,440
11/29/2002,CLE,OH,AGL,CE,Towers with Radar,289,165,18,2,474,0,2,12,0,14,289,167,30,2,488,0,0,0,488
11/30/2002,CLE,OH,AGL,CE,Towers with Radar,234,136,26,2,398,18,16,0,0,34,252,152,26,2,432,0,0,0,432
12/01/2002,CLE,OH,AGL,CE,Towers with Radar,366,207,52,4,629,13,7,7,0,27,379,214,59,4,656,0,0,0,656
12/02/2002,CLE,OH,AGL,CE,Towers with Radar,378,259,45,3,685,0,0,2,0,2,378,259,47,3,687,0,0,0,687
12/03/2002,CLE,OH,AGL,CE,Towers with Radar,486,287,55,4,832,0,0,4,1,5,486,287,59,5,837,0,0,0,837
12/04/2002,CLE,OH,AGL,CE,Towers with Radar,443,278,65,3,789,0,0,21,1,22,443,278,86,4,811,0,0,0,811
12/05/2002,CLE,OH,AGL,CE,Towers with Radar,402,246,58,5,711,0,0,6,0,6,402,246,64,5,717,0,0,0,717
12/06/2002,CLE,OH,AGL,CE,Towers with Radar,457,256,55,8,776,0,0,6,0,6,457,256,61,8,782,0,0,0,782
12/07/2002,CLE,OH,AGL,CE,Towers with Radar,253,155,16,8,432,0,0,19,0,19,253,155,35,8,451,0,0,0,451
12/08/2002,CLE,OH,AGL,CE,Towers with Radar,447,219,31,1,698,0,0,21,0,21,447,219,52,1,719,0,0,0,719
12/09/2002,CLE,OH,AGL,CE,Towers with Radar,437,247,65,4,753,0,1,18,0,19,437,248,83,4,772,0,0,0,772
12/10/2002,CLE,OH,AGL,CE,Towers with Radar,440,296,77,2,815,0,0,11,1,12,440,296,88,3,827,0,0,0,827
12/11/2002,CLE,OH,AGL,CE,Towers with Radar,441,255,50,3,749,0,0,5,0,5,441,255,55,3,754,0,0,0,754
12/12/2002,CLE,OH,AGL,CE,Towers with Radar,471,250,75,2,798,0,0,6,2,8,471,250,81,4,806,0,0,0,806
12/13/2002,CLE,OH,AGL,CE,Towers with Radar,474,230,42,3,749,0,0,2,3,5,474,230,44,6,754,0,0,0,754
12/14/2002,CLE,OH,AGL,CE,Towers with Radar,300,138,16,1,455,0,0,0,0,0,300,138,16,1,455,0,0,0,455
12/15/2002,CLE,OH,AGL,CE,Towers with Radar,377,155,28,3,563,0,0,10,0,10,377,155,38,3,573,0,0,0,573
12/16/2002,CLE,OH,AGL,CE,Towers with Radar,451,220,8,5,684,0,0,0,0,0,451,220,8,5,684,0,0,0,684
12/17/2002,CLE,OH,AGL,CE,Towers with Radar,461,252,58,6,777,0,0,9,0,9,461,252,67,6,786,0,0,0,786
12/18/2002,CLE,OH,AGL,CE,Towers with Radar,458,250,47,4,759,0,0,5,0,5,458,250,52,4,764,0,0,0,764
12/19/2002,CLE,OH,AGL,CE,Towers with Radar,476,241,40,2,759,1,0,8,0,9,477,241,48,2,768,0,0,0,768
12/20/2002,CLE,OH,AGL,CE,Towers with Radar,488,231,32,7,758,4,0,5,0,9,492,231,37,7,767,0,0,0,767
12/21/2002,CLE,OH,AGL,CE,Towers with Radar,320,142,16,1,479,0,4,3,0,7,320,146,19,1,486,0,0,0,486
12/22/2002,CLE,OH,AGL,CE,Towers with Radar,375,156,17,2,550,0,0,5,0,5,375,156,22,2,555,0,0,0,555
12/23/2002,CLE,OH,AGL,CE,Towers with Radar,453,217,10,2,682,0,0,10,0,10,453,217,20,2,692,0,0,0,692
12/24/2002,CLE,OH,AGL,CE,Towers with Radar,353,175,13,2,543,0,1,8,0,9,353,176,21,2,552,0,0,0,552
12/25/2002,CLE,OH,AGL,CE,Towers with Radar,261,125,5,2,393,10,7,2,0,19,271,132,7,2,412,0,0,0,412
12/26/2002,CLE,OH,AGL,CE,Towers with Radar,466,212,21,0,699,0,2,8,0,10,466,214,29,0,709,0,0,0,709
12/27/2002,CLE,OH,AGL,CE,Towers with Radar,478,218,32,3,731,0,0,2,0,2,478,218,34,3,733,0,0,0,733
12/28/2002,CLE,OH,AGL,CE,Towers with Radar,313,125,17,0,455,0,0,0,2,2,313,125,17,2,457,0,0,0,457
12/29/2002,CLE,OH,AGL,CE,Towers with Radar,371,155,10,1,537,0,0,1,1,2,371,155,11,2,539,0,0,0,539
12/30/2002,CLE,OH,AGL,CE,Towers with Radar,453,207,17,1,678,0,0,5,1,6,453,207,22,2,684,0,0,0,684
12/31/2002,CLE,OH,AGL,CE,Towers with Radar,334,173,19,2,528,38,2,0,0,40,372,175,19,2,568,0,0,0,568
01/01/2003,CLE,OH,AGL,CE,Towers with Radar,333,150,9,3,495,12,0,0,0,12,345,150,9,3,507,0,0,0,507
01/02/2003,CLE,OH,AGL,CE,Towers with Radar,447,214,21,4,686,0,0,0,0,0,447,214,21,4,686,0,0,0,686
01/03/2003,CLE,OH,AGL,CE,Towers with Radar,472,239,25,2,738,7,0,0,0,7,479,239,25,2,745,0,0,0,745
01/04/2003,CLE,OH,AGL,CE,Towers with Radar,301,141,10,1,453,7,0,0,0,7,308,141,10,1,460,0,0,0,460
01/05/2003,CLE,OH,AGL,CE,Towers with Radar,355,146,17,0,518,6,0,1,0,7,361,146,18,0,525,0,0,0,525
01/06/2003,CLE,OH,AGL,CE,Towers with Radar,365,187,33,4,589,43,6,0,3,52,408,193,33,7,641,0,0,0,641
01/07/2003,CLE,OH,AGL,CE,Towers with Radar,394,230,45,5,674,5,0,11,0,16,399,230,56,5,690,0,0,0,690
01/08/2003,CLE,OH,AGL,CE,Towers with Radar,415,211,37,0,663,0,0,13,0,13,415,211,50,0,676,0,0,0,676
01/09/2003,CLE,OH,AGL,CE,Towers with Radar,455,226,44,2,727,0,0,10,0,10,455,226,54,2,737,0,0,0,737
01/10/2003,CLE,OH,AGL,CE,Towers with Radar,288,143,25,3,459,0,0,0,0,0,288,143,25,3,459,0,0,0,459
01/11/2003,CLE,OH,AGL,CE,Towers with Radar,282,142,15,2,441,173,146,36,3,358,455,288,51,5,799,0,0,0,799
01/12/2003,CLE,OH,AGL,CE,Towers with Radar,317,134,25,9,485,0,0,13,1,14,317,134,38,10,499,0,0,0,499
01/13/2003,CLE,OH,AGL,CE,Towers with Radar,444,211,20,5,680,0,0,1,0,1,444,211,21,5,681,0,0,0,681
01/14/2003,CLE,OH,AGL,CE,Towers with Radar,404,211,33,6,654,6,0,3,0,9,410,211,36,6,663,0,0,0,663
01/15/2003,CLE,OH,AGL,CE,Towers with Radar,415,220,48,5,688,6,0,0,0,6,421,220,48,5,694,0,0,0,694
01/16/2003,CLE,OH,AGL,CE,Towers with Radar,452,220,62,4,738,6,0,5,0,11,458,220,67,4,749,0,0,0,749
01/17/2003,CLE,OH,AGL,CE,Towers with Radar,472,218,51,3,744,6,0,0,0,6,478,218,51,3,750,0,0,0,750
01/18/2003,CLE,OH,AGL,CE,Towers with Radar,277,126,26,3,432,21,0,4,2,27,298,126,30,5,459,0,0,0,459
01/19/2003,CLE,OH,AGL,CE,Towers with Radar,269,131,23,2,425,32,0,0,0,32,301,131,23,2,457,0,0,0,457
01/20/2003,CLE,OH,AGL,CE,Towers with Radar,395,202,37,4,638,3,16,17,4,40,398,218,54,8,678,0,0,0,678
01/21/2003,CLE,OH,AGL,CE,Towers with Radar,346,206,38,2,592,0,13,14,0,27,346,219,52,2,619,0,0,0,619
01/22/2003,CLE,OH,AGL,CE,Towers with Radar,361,213,40,4,618,0,0,11,4,15,361,213,51,8,633,0,0,0,633
01/23/2003,CLE,OH,AGL,CE,Towers with Radar,449,243,42,7,741,6,0,6,0,12,455,243,48,7,753,0,0,0,753
01/24/2003,CLE,OH,AGL,CE,Towers with Radar,456,234,35,8,733,7,0,0,0,7,463,234,35,8,740,0,0,0,740
01/25/2003,CLE,OH,AGL,CE,Towers with Radar,265,138,23,6,432,1,0,3,0,4,266,138,26,6,436,0,0,0,436
01/26/2003,CLE,OH,AGL,CE,Towers with Radar,266,135,24,3,428,35,0,0,0,35,301,135,24,3,463,0,0,0,463
01/27/2003,CLE,OH,AGL,CE,Towers with Radar,420,215,36,5,676,15,2,0,2,19,435,217,36,7,695,0,0,0,695
01/28/2003,CLE,OH,AGL,CE,Towers with Radar,380,207,38,5,630,0,0,12,1,13,380,207,50,6,643,0,0,0,643
01/29/2003,CLE,OH,AGL,CE,Towers with Radar,379,226,51,7,663,7,0,1,0,8,386,226,52,7,671,0,0,0,671
01/30/2003,CLE,OH,AGL,CE,Towers with Radar,439,242,43,4,728,0,9,25,0,34,439,251,68,4,762,0,0,0,762
01/31/2003,CLE,OH,AGL,CE,Towers with Radar,449,224,40,9,722,7,0,5,0,12,456,224,45,9,734,0,0,0,734
02/01/2003,CLE,OH,AGL,CE,Towers with Radar,270,136,21,6,433,10,2,0,0,12,280,138,21,6,445,0,0,0,445
02/02/2003,CLE,OH,AGL,CE,Towers with Radar,280,131,16,3,430,29,0,0,0,29,309,131,16,3,459,0,0,0,459
02/03/2003,CLE,OH,AGL,CE,Towers with Radar,401,194,36,2,633,21,9,13,0,43,422,203,49,2,676,0,0,0,676
02/04/2003,CLE,OH,AGL,CE,Towers with Radar,362,182,18,3,565,0,32,0,0,32,362,214,18,3,597,0,0,0,597
02/05/2003,CLE,OH,AGL,CE,Towers with Radar,363,215,41,4,623,0,3,26,4,33,363,218,67,8,656,0,0,0,656
02/06/2003,CLE,OH,AGL,CE,Towers with Radar,460,233,49,3,745,3,1,10,1,15,463,234,59,4,760,0,0,0,760
02/07/2003,CLE,OH,AGL,CE,Towers with Radar,443,230,49,4,726,5,1,1,0,7,448,231,50,4,733,0,0,0,733
02/08/2003,CLE,OH,AGL,CE,Towers with Radar,282,140,17,1,440,1,2,5,0,8,283,142,22,1,448,0,0,0,448
02/09/2003,CLE,OH,AGL,CE,Towers with Radar,324,137,31,7,499,0,0,9,0,9,324,137,40,7,508,0,0,0,508
02/10/2003,CLE,OH,AGL,CE,Towers with Radar,416,201,36,3,656,26,12,0,0,38,442,213,36,3,694,0,0,0,694
02/11/2003,CLE,OH,AGL,CE,Towers with Radar,398,221,38,4,661,2,0,2,1,5,400,221,40,5,666,0,0,0,666
02/12/2003,CLE,OH,AGL,CE,Towers with Radar,406,212,41,10,669,5,1,4,2,12,411,213,45,12,681,0,0,0,681
02/13/2003,CLE,OH,AGL,CE,Towers with Radar,463,250,50,12,775,5,1,4,0,10,468,251,54,12,785,0,0,0,785
02/14/2003,CLE,OH,AGL,CE,Towers with Radar,484,221,35,6,746,5,2,8,1,16,489,223,43,7,762,0,0,0,762
02/15/2003,CLE,OH,AGL,CE,Towers with Radar,302,132,10,5,449,0,0,2,0,2,302,132,12,5,451,0,0,0,451
02/16/2003,CLE,OH,AGL,CE,Towers with Radar,318,120,14,5,457,0,0,6,0,6,318,120,20,5,463,0,0,0,463
02/17/2003,CLE,OH,AGL,CE,Towers with Radar,366,147,27,3,543,0,0,3,0,3,366,147,30,3,546,0,0,0,546
02/18/2003,CLE,OH,AGL,CE,Towers with Radar,398,198,51,10,657,5,1,2,0,8,403,199,53,10,665,0,0,0,665
02/19/2003,CLE,OH,AGL,CE,Towers with Radar,427,215,43,5,690,0,0,12,12,24,427,215,55,17,714,0,0,0,714
02/20/2003,CLE,OH,AGL,CE,Towers with Radar,491,228,57,3,779,7,1,17,0,25,498,229,74,3,804,0,0,0,804
02/21/2003,CLE,OH,AGL,CE,Towers with Radar,473,221,44,0,738,1,0,9,0,10,474,221,53,0,748,0,0,0,748
02/22/2003,CLE,OH,AGL,CE,Towers with Radar,287,135,12,3,437,0,0,0,1,1,287,135,12,4,438,0,0,0,438
02/23/2003,CLE,OH,AGL,CE,Towers with Radar,328,136,17,1,482,0,0,1,1,2,328,136,18,2,484,0,0,0,484
02/24/2003,CLE,OH,AGL,CE,Towers with Radar,473,216,33,2,724,0,0,6,1,7,473,216,39,3,731,0,0,0,731
02/25/2003,CLE,OH,AGL,CE,Towers with Radar,418,195,47,5,665,6,2,7,4,19,424,197,54,9,684,0,0,0,684
02/26/2003,CLE,OH,AGL,CE,Towers with Radar,404,206,41,3,654,6,1,7,0,14,410,207,48,3,668,0,0,0,668
02/27/2003,CLE,OH,AGL,CE,Towers with Radar,484,207,58,5,754,5,1,13,0,19,489,208,71,5,773,0,0,0,773
02/28/2003,CLE,OH,AGL,CE,Towers with Radar,485,215,50,3,753,5,1,0,0,6,490,216,50,3,759,0,0,0,759
03/01/2003,CLE,OH,AGL,CE,Towers with Radar,291,129,33,1,454,10,5,0,0,15,301,134,33,1,469,0,0,0,469
03/02/2003,CLE,OH,AGL,CE,Towers with Radar,338,144,21,1,504,0,0,0,1,1,338,144,21,2,505,0,0,0,505
03/03/2003,CLE,OH,AGL,CE,Towers with Radar,479,218,59,5,761,0,0,4,2,6,479,218,63,7,767,0,0,0,767
03/04/2003,CLE,OH,AGL,CE,Towers with Radar,425,212,40,4,681,0,2,6,2,10,425,214,46,6,691,0,0,0,691
03/05/2003,CLE,OH,AGL,CE,Towers with Radar,433,208,43,6,690,0,0,0,0,0,433,208,43,6,690,0,0,0,690
03/06/2003,CLE,OH,AGL,CE,Towers with Radar,492,213,49,4,758,0,0,0,0,0,492,213,49,4,758,0,0,0,758
03/07/2003,CLE,OH,AGL,CE,Towers with Radar,497,219,47,8,771,0,1,4,0,5,497,220,51,8,776,0,0,0,776
03/08/2003,CLE,OH,AGL,CE,Towers with Radar,299,122,32,5,458,0,0,6,0,6,299,122,38,5,464,0,0,0,464
03/09/2003,CLE,OH,AGL,CE,Towers with Radar,318,143,30,5,496,19,0,22,0,41,337,143,52,5,537,0,0,0,537
03/10/2003,CLE,OH,AGL,CE,Towers with Radar,484,217,49,5,755,1,0,1,0,2,485,217,50,5,757,0,0,0,757
03/11/2003,CLE,OH,AGL,CE,Towers with Radar,428,207,61,9,705,6,1,13,0,20,434,208,74,9,725,0,0,0,725
03/12/2003,CLE,OH,AGL,CE,Towers with Radar,486,220,40,16,762,1,1,7,0,9,487,221,47,16,771,0,0,0,771
03/13/2003,CLE,OH,AGL,CE,Towers with Radar,392,176,38,7,613,0,0,0,6,6,392,176,38,13,619,0,0,0,619
03/14/2003,CLE,OH,AGL,CE,Towers with Radar,507,230,41,11,789,2,1,9,1,13,509,231,50,12,802,0,0,0,802
03/15/2003,CLE,OH,AGL,CE,Towers with Radar,259,121,24,3,407,51,24,8,1,84,310,145,32,4,491,0,0,0,491
03/16/2003,CLE,OH,AGL,CE,Towers with Radar,325,158,33,8,524,1,0,17,0,18,326,158,50,8,542,0,0,0,542
03/17/2003,CLE,OH,AGL,CE,Towers with Radar,471,221,41,1,734,1,1,6,0,8,472,222,47,1,742,0,0,0,742
03/18/2003,CLE,OH,AGL,CE,Towers with Radar,422,219,52,3,696,2,1,3,0,6,424,220,55,3,702,0,0,0,702
03/19/2003,CLE,OH,AGL,CE,Towers with Radar,469,235,46,6,756,0,7,27,4,38,469,242,73,10,794,0,0,0,794
03/20/2003,CLE,OH,AGL,CE,Towers with Radar,465,216,43,7,731,1,1,9,0,11,466,217,52,7,742,0,0,0,742
03/21/2003,CLE,OH,AGL,CE,Towers with Radar,508,233,42,10,793,1,0,2,0,3,509,233,44,10,796,0,0,0,796
03/22/2003,CLE,OH,AGL,CE,Towers with Radar,309,144,23,4,480,1,1,9,0,11,310,145,32,4,491,0,0,0,491
03/23/2003,CLE,OH,AGL,CE,Towers with Radar,337,147,23,1,508,0,0,10,0,10,337,147,33,1,518,0,0,0,518
03/24/2003,CLE,OH,AGL,CE,Towers with Radar,492,219,29,3,743,2,0,7,0,9,494,219,36,3,752,0,0,0,752
03/25/2003,CLE,OH,AGL,CE,Towers with Radar,442,203,37,3,685,0,2,7,0,9,442,205,44,3,694,0,0,0,694
03/26/2003,CLE,OH,AGL,CE,Towers with Radar,487,228,37,5,757,0,0,10,0,10,487,228,47,5,767,0,0,0,767
03/27/2003,CLE,OH,AGL,CE,Towers with Radar,490,236,50,9,785,0,0,8,0,8,490,236,58,9,793,0,0,0,793
03/28/2003,CLE,OH,AGL,CE,Towers with Radar,499,216,36,5,756,10,6,1,0,17,509,222,37,5,773,0,0,0,773
03/29/2003,CLE,OH,AGL,CE,Towers with Radar,304,144,12,2,462,0,0,0,0,0,304,144,12,2,462,0,0,0,462
03/30/2003,CLE,OH,AGL,CE,Towers with Radar,318,147,29,1,495,24,18,8,0,50,342,165,37,1,545,0,0,0,545
03/31/2003,CLE,OH,AGL,CE,Towers with Radar,470,222,44,6,742,0,21,9,1,31,470,243,53,7,773,0,0,0,773
04/01/2003,CLE,OH,AGL,CE,Towers with Radar,412,205,42,3,662,16,7,9,4,36,428,212,51,7,698,0,0,0,698
04/02/2003,CLE,OH,AGL,CE,Towers with Radar,428,205,48,6,687,5,1,12,0,18,433,206,60,6,705,0,0,0,705
04/03/2003,CLE,OH,AGL,CE,Towers with Radar,484,227,58,2,771,5,1,13,0,19,489,228,71,2,790,0,0,0,790
04/04/2003,CLE,OH,AGL,CE,Towers with Radar,472,223,67,5,767,6,0,0,0,6,478,223,67,5,773,0,0,0,773
04/05/2003,CLE,OH,AGL,CE,Towers with Radar,292,132,6,0,430,6,0,0,0,6,298,132,6,0,436,0,0,0,436
04/06/2003,CLE,OH,AGL,CE,Towers with Radar,358,173,44,3,578,5,0,22,1,28,363,173,66,4,606,0,0,0,606
04/07/2003,CLE,OH,AGL,CE,Towers with Radar,423,212,27,4,666,5,0,0,0,5,428,212,27,4,671,0,0,0,671
04/08/2003,CLE,OH,AGL,CE,Towers with Radar,400,199,43,5,647,4,3,1,0,8,404,202,44,5,655,0,0,0,655
04/09/2003,CLE,OH,AGL,CE,Towers with Radar,388,209,41,4,642,33,45,9,4,91,421,254,50,8,733,0,0,0,733
04/10/2003,CLE,OH,AGL,CE,Towers with Radar,462,268,73,5,808,4,1,7,1,13,466,269,80,6,821,0,0,0,821
04/11/2003,CLE,OH,AGL,CE,Towers with Radar,480,245,61,13,799,4,2,18,1,25,484,247,79,14,824,0,0,0,824
04/12/2003,CLE,OH,AGL,CE,Towers with Radar,296,147,30,4,477,5,0,13,0,18,301,147,43,4,495,0,0,0,495
04/13/2003,CLE,OH,AGL,CE,Towers with Radar,333,175,39,0,547,4,0,19,0,23,337,175,58,0,570,0,0,0,570
04/14/2003,CLE,OH,AGL,CE,Towers with Radar,475,271,55,3,804,5,0,16,0,21,480,271,71,3,825,0,0,0,825
04/15/2003,CLE,OH,AGL,CE,Towers with Radar,398,217,59,6,680,4,0,3,0,7,402,217,62,6,687,0,0,0,687
04/16/2003,CLE,OH,AGL,CE,Towers with Radar,407,228,54,4,693,4,3,17,1,25,411,231,71,5,718,0,0,0,718
04/17/2003,CLE,OH,AGL,CE,Towers with Radar,466,266,35,7,774,4,1,6,1,12,470,267,41,8,786,0,0,0,786
04/18/2003,CLE,OH,AGL,CE,Towers with Radar,481,254,33,5,773,4,2,5,0,11,485,256,38,5,784,0,0,0,784
04/19/2003,CLE,OH,AGL,CE,Towers with Radar,283,134,36,9,462,4,0,22,1,27,287,134,58,10,489,0,0,0,489
04/20/2003,CLE,OH,AGL,CE,Towers with Radar,332,182,15,4,533,4,0,0,1,5,336,182,15,5,538,0,0,0,538
04/21/2003,CLE,OH,AGL,CE,Towers with Radar,443,248,43,3,737,4,0,7,1,12,447,248,50,4,749,0,0,0,749
04/22/2003,CLE,OH,AGL,CE,Towers with Radar,378,203,39,4,624,34,18,4,0,56,412,221,43,4,680,0,0,0,680
04/23/2003,CLE,OH,AGL,CE,Towers with Radar,406,218,47,0,671,5,1,11,0,17,411,219,58,0,688,0,0,0,688
04/24/2003,CLE,OH,AGL,CE,Towers with Radar,365,216,37,5,623,4,0,12,1,17,369,216,49,6,640,0,0,0,640
04/25/2003,CLE,OH,AGL,CE,Towers with Radar,458,247,45,8,758,4,0,2,1,7,462,247,47,9,765,0,0,0,765
04/26/2003,CLE,OH,AGL,CE,Towers with Radar,299,143,30,3,475,0,0,0,2,2,299,143,30,5,477,0,0,0,477
04/27/2003,CLE,OH,AGL,CE,Towers with Radar,330,171,36,7,544,4,0,19,0,23,334,171,55,7,567,0,0,0,567
04/28/2003,CLE,OH,AGL,CE,Towers with Radar,462,267,48,2,779,7,2,7,0,16,469,269,55,2,795,0,0,0,795
04/29/2003,CLE,OH,AGL,CE,Towers with Radar,405,235,49,4,693,0,0,33,0,33,405,235,82,4,726,0,0,0,726
04/30/2003,CLE,OH,AGL,CE,Towers with Radar,367,225,44,3,639,0,12,13,0,25,367,237,57,3,664,0,0,0,664
05/01/2003,CLE,OH,AGL,CE,Towers with Radar,308,140,55,4,507,0,0,3,0,3,308,140,58,4,510,0,0,0,510
05/02/2003,CLE,OH,AGL,CE,Towers with Radar,460,272,42,4,778,0,0,3,0,3,460,272,45,4,781,0,0,0,781
05/03/2003,CLE,OH,AGL,CE,Towers with Radar,308,140,43,4,495,0,0,15,0,15,308,140,58,4,510,0,0,0,510
05/04/2003,CLE,OH,AGL,CE,Towers with Radar,326,190,35,4,555,0,0,18,0,18,326,190,53,4,573,0,0,0,573
05/05/2003,CLE,OH,AGL,CE,Towers with Radar,434,258,42,1,735,0,0,0,2,2,434,258,42,3,737,0,0,0,737
05/06/2003,CLE,OH,AGL,CE,Towers with Radar,381,272,50,1,704,0,0,10,1,11,381,272,60,2,715,0,0,0,715
05/07/2003,CLE,OH,AGL,CE,Towers with Radar,384,264,59,1,708,0,3,2,1,6,384,267,61,2,714,0,0,0,714
05/08/2003,CLE,OH,AGL,CE,Towers with Radar,461,304,51,4,820,0,3,1,1,5,461,307,52,5,825,0,0,0,825
05/09/2003,CLE,OH,AGL,CE,Towers with Radar,454,255,47,4,760,0,3,6,1,10,454,258,53,5,770,0,0,0,770
05/10/2003,CLE,OH,AGL,CE,Towers with Radar,298,190,33,5,526,0,0,3,0,3,298,190,36,5,529,0,0,0,529
05/11/2003,CLE,OH,AGL,CE,Towers with Radar,312,205,32,2,551,0,0,0,0,0,312,205,32,2,551,0,0,0,551
05/12/2003,CLE,OH,AGL,CE,Towers with Radar,430,289,37,3,759,0,0,2,0,2,430,289,39,3,761,0,0,0,761
05/13/2003,CLE,OH,AGL,CE,Towers with Radar,382,278,55,6,721,0,0,5,0,5,382,278,60,6,726,0,0,0,726
05/14/2003,CLE,OH,AGL,CE,Towers with Radar,382,259,65,12,718,0,4,22,0,26,382,263,87,12,744,0,0,0,744
05/15/2003,CLE,OH,AGL,CE,Towers with Radar,453,304,54,10,821,1,2,18,2,23,454,306,72,12,844,0,0,0,844
05/16/2003,CLE,OH,AGL,CE,Towers with Radar,457,289,39,11,796,0,0,7,4,11,457,289,46,15,807,0,0,0,807
05/17/2003,CLE,OH,AGL,CE,Towers with Radar,281,152,26,3,462,0,0,9,0,9,281,152,35,3,471,0,0,0,471
05/18/2003,CLE,OH,AGL,CE,Towers with Radar,326,188,40,4,558,0,0,16,1,17,326,188,56,5,575,0,0,0,575
05/19/2003,CLE,OH,AGL,CE,Towers with Radar,394,207,43,3,647,16,0,6,0,22,410,207,49,3,669,0,0,0,669
05/20/2003,CLE,OH,AGL,CE,Towers with Radar,392,256,34,7,689,0,3,9,0,12,392,259,43,7,701,0,0,0,701
05/21/2003,CLE,OH,AGL,CE,Towers with Radar,402,251,62,10,725,0,0,19,0,19,402,251,81,10,744,0,0,0,744
05/22/2003,CLE,OH,AGL,CE,Towers with Radar,431,284,58,9,782,0,3,24,1,28,431,287,82,10,810,0,0,0,810
05/23/2003,CLE,OH,AGL,CE,Towers with Radar,466,279,48,5,798,0,3,3,0,6,466,282,51,5,804,0,0,0,804
05/24/2003,CLE,OH,AGL,CE,Towers with Radar,263,157,20,1,441,0,0,16,1,17,263,157,36,2,458,0,0,0,458
05/25/2003,CLE,OH,AGL,CE,Towers with Radar,286,160,28,3,477,0,0,19,0,19,286,160,47,3,496,0,0,0,496
05/26/2003,CLE,OH,AGL,CE,Towers with Radar,368,198,38,6,610,0,0,5,0,5,368,198,43,6,615,0,0,0,615
05/27/2003,CLE,OH,AGL,CE,Towers with Radar,434,258,47,4,743,0,3,8,2,13,434,261,55,6,756,0,0,0,756
05/28/2003,CLE,OH,AGL,CE,Towers with Radar,395,245,48,3,691,0,34,14,1,49,395,279,62,4,740,0,0,0,740
05/29/2003,CLE,OH,AGL,CE,Towers with Radar,424,259,46,4,733,15,43,18,0,76,439,302,64,4,809,0,0,0,809
05/30/2003,CLE,OH,AGL,CE,Towers with Radar,459,286,51,6,802,0,23,8,0,31,459,309,59,6,833,0,0,0,833
05/31/2003,CLE,OH,AGL,CE,Towers with Radar,277,164,24,2,467,0,0,0,0,0,277,164,24,2,467,0,0,0,467
06/01/2003,CLE,OH,AGL,CE,Towers with Radar,297,218,42,5,562,13,7,21,0,41,310,225,63,5,603,0,0,0,603
06/02/2003,CLE,OH,AGL,CE,Towers with Radar,425,306,52,3,786,0,0,15,0,15,425,306,67,3,801,0,0,0,801
06/03/2003,CLE,OH,AGL,CE,Towers with Radar,383,275,61,4,723,0,0,11,0,11,383,275,72,4,734,0,0,0,734
06/04/2003,CLE,OH,AGL,CE,Towers with Radar,385,268,55,7,715,0,0,2,0,2,385,268,57,7,717,0,0,0,717
06/05/2003,CLE,OH,AGL,CE,Towers with Radar,428,309,62,6,805,0,0,5,0,5,428,309,67,6,810,0,0,0,810
06/06/2003,CLE,OH,AGL,CE,Towers with Radar,460,315,52,14,841,0,0,11,0,11,460,315,63,14,852,0,0,0,852
06/07/2003,CLE,OH,AGL,CE,Towers with Radar,270,187,45,7,509,1,0,10,2,13,271,187,55,9,522,0,0,0,522
06/08/2003,CLE,OH,AGL,CE,Towers with Radar,305,205,24,5,539,0,0,17,7,24,305,205,41,12,563,0,0,0,563
06/09/2003,CLE,OH,AGL,CE,Towers with Radar,429,312,48,2,791,0,0,8,2,10,429,312,56,4,801,0,0,0,801
06/10/2003,CLE,OH,AGL,CE,Towers with Radar,372,296,39,8,715,0,0,15,1,16,372,296,54,9,731,0,0,0,731
06/11/2003,CLE,OH,AGL,CE,Towers with Radar,428,304,55,2,789,0,0,7,1,8,428,304,62,3,797,0,0,0,797
06/12/2003,CLE,OH,AGL,CE,Towers with Radar,424,324,49,3,800,0,0,0,2,2,424,324,49,5,802,0,0,0,802
06/13/2003,CLE,OH,AGL,CE,Towers with Radar,412,311,63,8,794,0,1,2,2,5,412,312,65,10,799,0,0,0,799
06/14/2003,CLE,OH,AGL,CE,Towers with Radar,294,204,19,9,526,0,1,4,0,5,294,205,23,9,531,0,0,0,531
06/15/2003,CLE,OH,AGL,CE,Towers with Radar,359,225,30,5,619,0,1,22,0,23,359,226,52,5,642,0,0,0,642
06/16/2003,CLE,OH,AGL,CE,Towers with Radar,449,322,56,5,832,0,1,12,3,16,449,323,68,8,848,0,0,0,848
06/17/2003,CLE,OH,AGL,CE,Towers with Radar,379,344,43,5,771,0,1,3,1,5,379,345,46,6,776,0,0,0,776
06/18/2003,CLE,OH,AGL,CE,Towers with Radar,423,353,61,4,841,0,1,2,5,8,423,354,63,9,849,0,0,0,849
06/19/2003,CLE,OH,AGL,CE,Towers with Radar,448,341,73,3,865,0,1,5,0,6,448,342,78,3,871,0,0,0,871
06/20/2003,CLE,OH,AGL,CE,Towers with Radar,439,350,69,11,869,0,0,7,1,8,439,350,76,12,877,0,0,0,877
06/21/2003,CLE,OH,AGL,CE,Towers with Radar,288,210,43,7,548,0,0,8,1,9,288,210,51,8,557,0,0,0,557
06/22/2003,CLE,OH,AGL,CE,Towers with Radar,359,225,95,12,691,0,2,18,1,21,359,227,113,13,712,0,0,0,712
06/23/2003,CLE,OH,AGL,CE,Towers with Radar,411,326,67,5,809,0,0,9,0,9,411,326,76,5,818,0,0,0,818
06/24/2003,CLE,OH,AGL,CE,Towers with Radar,377,306,40,4,727,0,0,11,0,11,377,306,51,4,738,0,0,0,738
06/25/2003,CLE,OH,AGL,CE,Towers with Radar,438,363,62,2,865,2,0,12,0,14,440,363,74,2,879,0,0,0,879
06/26/2003,CLE,OH,AGL,CE,Towers with Radar,437,329,58,9,833,0,0,11,0,11,437,329,69,9,844,0,0,0,844
06/27/2003,CLE,OH,AGL,CE,Towers with Radar,439,350,88,7,884,0,0,10,0,10,439,350,98,7,894,0,0,0,894
06/28/2003,CLE,OH,AGL,CE,Towers with Radar,277,201,66,4,548,0,0,14,0,14,277,201,80,4,562,0,0,0,562
06/29/2003,CLE,OH,AGL,CE,Towers with Radar,356,221,41,8,626,0,0,12,0,12,356,221,53,8,638,0,0,0,638
06/30/2003,CLE,OH,AGL,CE,Towers with Radar,415,321,58,2,796,0,0,7,0,7,415,321,65,2,803,0,0,0,803
07/01/2003,CLE,OH,AGL,CE,Towers with Radar,382,280,51,5,718,14,10,20,0,44,396,290,71,5,762,0,0,0,762
07/02/2003,CLE,OH,AGL,CE,Towers with Radar,401,293,68,3,765,0,6,11,1,18,401,299,79,4,783,0,0,0,783
07/03/2003,CLE,OH,AGL,CE,Towers with Radar,442,326,74,1,843,2,6,0,0,8,444,332,74,1,851,0,0,0,851
07/04/2003,CLE,OH,AGL,CE,Towers with Radar,274,201,46,3,524,43,40,1,0,84,317,241,47,3,608,0,0,0,608
07/05/2003,CLE,OH,AGL,CE,Towers with Radar,296,187,42,0,525,5,9,15,1,30,301,196,57,1,555,0,0,0,555
07/06/2003,CLE,OH,AGL,CE,Towers with Radar,359,225,58,2,644,0,0,10,2,12,359,225,68,4,656,0,0,0,656
07/07/2003,CLE,OH,AGL,CE,Towers with Radar,412,300,49,4,765,0,0,12,1,13,412,300,61,5,778,0,0,0,778
07/08/2003,CLE,OH,AGL,CE,Towers with Radar,375,296,49,10,730,0,0,7,4,11,375,296,56,14,741,0,0,0,741
07/09/2003,CLE,OH,AGL,CE,Towers with Radar,396,296,46,11,749,0,0,3,0,3,396,296,49,11,752,0,0,0,752
07/10/2003,CLE,OH,AGL,CE,Towers with Radar,443,332,77,12,864,0,4,6,2,12,443,336,83,14,876,0,0,0,876
07/11/2003,CLE,OH,AGL,CE,Towers with Radar,437,341,51,8,837,0,0,11,3,14,437,341,62,11,851,0,0,0,851
07/12/2003,CLE,OH,AGL,CE,Towers with Radar,305,218,72,6,601,0,0,18,0,18,305,218,90,6,619,0,0,0,619
07/13/2003,CLE,OH,AGL,CE,Towers with Radar,354,236,84,2,676,0,0,17,1,18,354,236,101,3,694,0,0,0,694
07/14/2003,CLE,OH,AGL,CE,Towers with Radar,434,331,68,8,841,0,0,11,0,11,434,331,79,8,852,0,0,0,852
07/15/2003,CLE,OH,AGL,CE,Towers with Radar,377,292,68,6,743,0,4,0,5,9,377,296,68,11,752,0,0,0,752
07/16/2003,CLE,OH,AGL,CE,Towers with Radar,401,299,71,4,775,0,0,8,0,8,401,299,79,4,783,0,0,0,783
07/17/2003,CLE,OH,AGL,CE,Towers with Radar,439,344,73,6,862,0,2,17,2,21,439,346,90,8,883,0,0,0,883
07/18/2003,CLE,OH,AGL,CE,Towers with Radar,467,339,68,13,887,0,1,8,0,9,467,340,76,13,896,0,0,0,896
07/19/2003,CLE,OH,AGL,CE,Towers with Radar,285,206,68,12,571,0,0,22,0,22,285,206,90,12,593,0,0,0,593
07/20/2003,CLE,OH,AGL,CE,Towers with Radar,341,244,63,8,656,0,0,20,0,20,341,244,83,8,676,0,0,0,676
07/21/2003,CLE,OH,AGL,CE,Towers with Radar,385,284,48,6,723,0,0,3,0,3,385,284,51,6,726,0,0,0,726
07/22/2003,CLE,OH,AGL,CE,Towers with Radar,380,281,63,6,730,25,15,0,1,41,405,296,63,7,771,0,0,0,771
07/23/2003,CLE,OH,AGL,CE,Towers with Radar,465,346,79,12,902,0,0,7,1,8,465,346,86,13,910,0,0,0,910
07/24/2003,CLE,OH,AGL,CE,Towers with Radar,428,341,97,4,870,0,3,12,2,17,428,344,109,6,887,0,0,0,887
07/25/2003,CLE,OH,AGL,CE,Towers with Radar,446,340,96,5,887,0,0,9,1,10,446,340,105,6,897,0,0,0,897
07/26/2003,CLE,OH,AGL,CE,Towers with Radar,294,225,83,4,606,0,0,3,1,4,294,225,86,5,610,0,0,0,610
07/27/2003,CLE,OH,AGL,CE,Towers with Radar,290,210,50,1,551,23,5,25,0,53,313,215,75,1,604,0,0,0,604
07/28/2003,CLE,OH,AGL,CE,Towers with Radar,426,343,116,5,890,0,0,7,1,8,426,343,123,6,898,0,0,0,898
07/29/2003,CLE,OH,AGL,CE,Towers with Radar,383,316,85,6,790,0,0,6,1,7,383,316,91,7,797,0,0,0,797
07/30/2003,CLE,OH,AGL,CE,Towers with Radar,446,353,85,5,889,0,0,47,0,47,446,353,132,5,936,0,0,0,936
07/31/2003,CLE,OH,AGL,CE,Towers with Radar,447,361,78,4,890,0,0,14,1,15,447,361,92,5,905,0,0,0,905
08/01/2003,CLE,OH,AGL,CE,Towers with Radar,421,344,71,9,845,15,11,6,0,32,436,355,77,9,877,2,0,2,879
08/02/2003,CLE,OH,AGL,CE,Towers with Radar,286,201,50,4,541,0,5,10,2,17,286,206,60,6,558,4,0,4,562
08/03/2003,CLE,OH,AGL,CE,Towers with Radar,320,229,53,11,613,0,0,5,2,7,320,229,58,13,620,4,0,4,624
08/04/2003,CLE,OH,AGL,CE,Towers with Radar,423,338,68,3,832,0,0,12,0,12,423,338,80,3,844,0,0,0,844
08/05/2003,CLE,OH,AGL,CE,Towers with Radar,380,319,57,8,764,0,5,16,1,22,380,324,73,9,786,0,0,0,786
08/06/2003,CLE,OH,AGL,CE,Towers with Radar,456,382,78,12,928,0,0,7,0,7,456,382,85,12,935,0,0,0,935
08/07/2003,CLE,OH,AGL,CE,Towers with Radar,456,366,78,6,906,19,12,0,0,31,475,378,78,6,937,0,0,0,937
08/08/2003,CLE,OH,AGL,CE,Towers with Radar,422,322,50,1,795,8,13,10,1,32,430,335,60,2,827,4,0,4,831
08/09/2003,CLE,OH,AGL,CE,Towers with Radar,292,245,34,11,582,0,5,6,1,12,292,250,40,12,594,0,0,0,594
08/10/2003,CLE,OH,AGL,CE,Towers with Radar,360,251,89,7,707,0,0,18,2,20,360,251,107,9,727,0,0,0,727
08/11/2003,CLE,OH,AGL,CE,Towers with Radar,407,339,66,2,814,0,5,8,2,15,407,344,74,4,829,0,0,0,829
08/12/2003,CLE,OH,AGL,CE,Towers with Radar,394,317,56,1,768,0,0,20,1,21,394,317,76,2,789,0,0,0,789
08/13/2003,CLE,OH,AGL,CE,Towers with Radar,440,366,94,8,908,0,0,22,1,23,440,366,116,9,931,0,0,0,931
08/14/2003,CLE,OH,AGL,CE,Towers with Radar,348,287,92,2,729,0,4,15,1,20,348,291,107,3,749,0,0,0,749
08/15/2003,CLE,OH,AGL,CE,Towers with Radar,327,238,82,3,650,0,4,8,2,14,327,242,90,5,664,0,0,0,664
08/16/2003,CLE,OH,AGL,CE,Towers with Radar,298,234,67,2,601,0,0,3,1,4,298,234,70,3,605,0,0,0,605
08/17/2003,CLE,OH,AGL,CE,Towers with Radar,378,265,78,6,727,0,0,25,2,27,378,265,103,8,754,0,0,0,754
08/18/2003,CLE,OH,AGL,CE,Towers with Radar,421,373,74,2,870,0,0,16,0,16,421,373,90,2,886,0,0,0,886
08/19/2003,CLE,OH,AGL,CE,Towers with Radar,375,307,52,9,743,0,0,15,2,17,375,307,67,11,760,4,0,4,764
08/20/2003,CLE,OH,AGL,CE,Towers with Radar,388,311,69,2,770,0,4,23,9,36,388,315,92,11,806,0,0,0,806
08/21/2003,CLE,OH,AGL,CE,Towers with Radar,456,353,90,3,902,0,4,11,1,16,456,357,101,4,918,0,0,0,918
08/22/2003,CLE,OH,AGL,CE,Towers with Radar,444,379,86,5,914,0,0,12,0,12,444,379,98,5,926,0,0,0,926
08/23/2003,CLE,OH,AGL,CE,Towers with Radar,290,252,69,6,617,0,0,12,0,12,290,252,81,6,629,0,0,0,629
08/24/2003,CLE,OH,AGL,CE,Towers with Radar,336,239,65,3,643,1,0,28,1,30,337,239,93,4,673,0,0,0,673
08/25/2003,CLE,OH,AGL,CE,Towers with Radar,430,357,65,3,855,0,0,16,0,16,430,357,81,3,871,0,0,0,871
08/26/2003,CLE,OH,AGL,CE,Towers with Radar,367,308,67,3,745,0,17,0,0,17,367,325,67,3,762,4,0,4,766
08/27/2003,CLE,OH,AGL,CE,Towers with Radar,377,344,87,1,809,0,4,13,0,17,377,348,100,1,826,0,0,0,826
08/28/2003,CLE,OH,AGL,CE,Towers with Radar,433,381,77,10,901,0,4,10,1,15,433,385,87,11,916,0,0,0,916
08/29/2003,CLE,OH,AGL,CE,Towers with Radar,416,334,65,5,820,6,47,0,2,55,422,381,65,7,875,0,0,0,875
08/30/2003,CLE,OH,AGL,CE,Towers with Radar,288,246,56,3,593,0,0,21,0,21,288,246,77,3,614,0,0,0,614
08/31/2003,CLE,OH,AGL,CE,Towers with Radar,250,197,45,3,495,5,0,12,1,18,255,197,57,4,513,0,0,0,513
09/01/2003,CLE,OH,AGL,CE,Towers with Radar,331,259,46,6,642,12,9,1,1,23,343,268,47,7,665,0,0,0,665
09/02/2003,CLE,OH,AGL,CE,Towers with Radar,359,337,49,0,745,60,0,0,0,60,419,337,49,0,805,0,0,0,805
09/03/2003,CLE,OH,AGL,CE,Towers with Radar,365,341,68,2,776,1,1,0,0,2,366,342,68,2,778,0,0,0,778
09/04/2003,CLE,OH,AGL,CE,Towers with Radar,419,368,52,0,839,1,1,6,0,8,420,369,58,0,847,0,0,0,847
09/05/2003,CLE,OH,AGL,CE,Towers with Radar,391,368,72,4,835,9,17,17,1,44,400,385,89,5,879,0,0,0,879
09/06/2003,CLE,OH,AGL,CE,Towers with Radar,257,237,82,6,582,1,1,0,0,2,258,238,82,6,584,0,0,0,584
09/07/2003,CLE,OH,AGL,CE,Towers with Radar,297,264,60,4,625,0,0,16,17,33,297,264,76,21,658,0,0,0,658
09/08/2003,CLE,OH,AGL,CE,Towers with Radar,387,372,70,2,831,1,1,0,0,2,388,373,70,2,833,0,0,0,833
09/09/2003,CLE,OH,AGL,CE,Towers with Radar,341,332,70,0,743,0,0,25,0,25,341,332,95,0,768,0,0,0,768
09/10/2003,CLE,OH,AGL,CE,Towers with Radar,340,325,67,4,736,0,0,0,0,0,340,325,67,4,736,0,0,0,736
09/11/2003,CLE,OH,AGL,CE,Towers with Radar,406,372,74,4,856,12,0,23,0,35,418,372,97,4,891,0,0,0,891
09/12/2003,CLE,OH,AGL,CE,Towers with Radar,401,424,86,0,911,1,1,5,0,7,402,425,91,0,918,0,0,0,918
09/13/2003,CLE,OH,AGL,CE,Towers with Radar,262,238,48,0,548,1,1,7,0,9,263,239,55,0,557,0,0,0,557
09/14/2003,CLE,OH,AGL,CE,Towers with Radar,289,265,53,4,611,13,0,11,0,24,302,265,64,4,635,0,0,0,635
09/15/2003,CLE,OH,AGL,CE,Towers with Radar,387,378,64,0,829,0,2,3,0,5,387,380,67,0,834,0,0,0,834
09/16/2003,CLE,OH,AGL,CE,Towers with Radar,338,345,84,0,767,0,2,5,0,7,338,347,89,0,774,0,0,0,774
09/17/2003,CLE,OH,AGL,CE,Towers with Radar,334,349,84,0,767,0,2,1,0,3,334,351,85,0,770,0,0,0,770
09/18/2003,CLE,OH,AGL,CE,Towers with Radar,374,369,72,3,818,0,14,0,0,14,374,383,72,3,832,0,0,0,832
09/19/2003,CLE,OH,AGL,CE,Towers with Radar,389,382,48,2,821,1,1,1,0,3,390,383,49,2,824,0,0,0,824
09/20/2003,CLE,OH,AGL,CE,Towers with Radar,252,233,63,0,548,1,1,4,0,6,253,234,67,0,554,0,0,0,554
09/21/2003,CLE,OH,AGL,CE,Towers with Radar,311,246,53,0,610,1,1,8,0,10,312,247,61,0,620,0,0,0,620
09/22/2003,CLE,OH,AGL,CE,Towers with Radar,395,371,39,0,805,1,1,0,0,2,396,372,39,0,807,0,0,0,807
09/23/2003,CLE,OH,AGL,CE,Towers with Radar,351,328,66,2,747,0,0,0,0,0,351,328,66,2,747,0,0,0,747
09/24/2003,CLE,OH,AGL,CE,Towers with Radar,343,339,66,0,748,1,1,4,0,6,344,340,70,0,754,0,0,0,754
09/25/2003,CLE,OH,AGL,CE,Towers with Radar,408,381,68,0,857,1,0,0,0,1,409,381,68,0,858,0,0,0,858
09/26/2003,CLE,OH,AGL,CE,Towers with Radar,396,401,73,0,870,1,1,5,0,7,397,402,78,0,877,0,0,0,877
09/27/2003,CLE,OH,AGL,CE,Towers with Radar,239,225,43,0,507,10,7,7,0,24,249,232,50,0,531,0,0,0,531
09/28/2003,CLE,OH,AGL,CE,Towers with Radar,315,263,61,0,639,1,1,2,0,4,316,264,63,0,643,0,0,0,643
09/29/2003,CLE,OH,AGL,CE,Towers with Radar,360,339,54,0,753,26,55,0,0,81,386,394,54,0,834,0,0,0,834
09/30/2003,CLE,OH,AGL,CE,Towers with Radar,340,325,53,0,718,0,26,0,0,26,340,351,53,0,744,0,0,0,744
10/01/2003,CLE,OH,AGL,CE,Towers with Radar,351,343,55,0,749,0,16,0,0,16,351,359,55,0,765,0,0,0,765
10/02/2003,CLE,OH,AGL,CE,Towers with Radar,413,416,64,1,894,0,4,0,0,4,413,420,64,1,898,0,0,0,898
10/03/2003,CLE,OH,AGL,CE,Towers with Radar,386,364,58,0,808,27,5,0,0,32,413,369,58,0,840,0,0,0,840
10/04/2003,CLE,OH,AGL,CE,Towers with Radar,220,208,29,0,457,29,9,0,0,38,249,217,29,0,495,0,0,0,495
10/05/2003,CLE,OH,AGL,CE,Towers with Radar,291,263,44,0,598,26,0,6,0,32,317,263,50,0,630,0,0,0,630
10/06/2003,CLE,OH,AGL,CE,Towers with Radar,366,346,55,0,767,21,33,4,0,58,387,379,59,0,825,0,0,0,825
10/07/2003,CLE,OH,AGL,CE,Towers with Radar,356,348,57,0,761,0,0,34,0,34,356,348,91,0,795,0,0,0,795
10/08/2003,CLE,OH,AGL,CE,Towers with Radar,354,347,58,0,759,0,0,6,0,6,354,347,64,0,765,0,0,0,765
10/09/2003,CLE,OH,AGL,CE,Towers with Radar,413,396,65,0,874,0,0,14,0,14,413,396,79,0,888,0,0,0,888
10/10/2003,CLE,OH,AGL,CE,Towers with Radar,419,386,62,0,867,0,0,0,0,0,419,386,62,0,867,0,0,0,867
10/11/2003,CLE,OH,AGL,CE,Towers with Radar,264,236,45,0,545,0,0,36,0,36,264,236,81,0,581,0,0,0,581
10/12/2003,CLE,OH,AGL,CE,Towers with Radar,284,246,42,0,572,32,0,0,0,32,316,246,42,0,604,0,0,0,604
10/13/2003,CLE,OH,AGL,CE,Towers with Radar,378,357,57,0,792,14,12,4,0,30,392,369,61,0,822,0,0,0,822
10/14/2003,CLE,OH,AGL,CE,Towers with Radar,335,317,50,0,702,17,21,10,0,48,352,338,60,0,750,0,0,0,750
10/15/2003,CLE,OH,AGL,CE,Towers with Radar,353,347,55,0,755,0,10,1,0,11,353,357,56,0,766,0,0,0,766
10/16/2003,CLE,OH,AGL,CE,Towers with Radar,404,372,62,0,838,0,0,7,0,7,404,372,69,0,845,0,0,0,845
10/17/2003,CLE,OH,AGL,CE,Towers with Radar,412,389,65,0,866,0,0,17,0,17,412,389,82,0,883,0,0,0,883
10/18/2003,CLE,OH,AGL,CE,Towers with Radar,258,234,31,0,523,8,0,0,0,8,266,234,31,0,531,0,0,0,531
10/19/2003,CLE,OH,AGL,CE,Towers with Radar,308,249,46,0,603,12,0,9,0,21,320,249,55,0,624,0,0,0,624
10/20/2003,CLE,OH,AGL,CE,Towers with Radar,366,344,49,0,759,23,28,0,0,51,389,372,49,0,810,0,0,0,810
10/21/2003,CLE,OH,AGL,CE,Towers with Radar,357,347,49,0,753,0,0,0,0,0,357,347,49,0,753,0,0,0,753
10/22/2003,CLE,OH,AGL,CE,Towers with Radar,360,346,57,0,763,0,0,4,0,4,360,346,61,0,767,0,0,0,767
10/23/2003,CLE,OH,AGL,CE,Towers with Radar,429,397,66,0,892,0,0,6,0,6,429,397,72,0,898,0,0,0,898
10/24/2003,CLE,OH,AGL,CE,Towers with Radar,411,383,63,0,857,15,0,4,0,19,426,383,67,0,876,0,0,0,876
10/25/2003,CLE,OH,AGL,CE,Towers with Radar,397,392,64,0,853,0,10,14,0,24,397,402,78,0,877,0,0,0,877
10/26/2003,CLE,OH,AGL,CE,Towers with Radar,277,260,42,0,579,41,4,2,0,47,318,264,44,0,626,0,0,0,626
10/27/2003,CLE,OH,AGL,CE,Towers with Radar,361,339,28,1,729,40,57,0,0,97,401,396,28,1,826,0,0,0,826
10/28/2003,CLE,OH,AGL,CE,Towers with Radar,362,351,57,0,770,0,16,15,0,31,362,367,72,0,801,0,0,0,801
10/29/2003,CLE,OH,AGL,CE,Towers with Radar,342,356,58,0,756,0,1,5,0,6,342,357,63,0,762,0,0,0,762
10/30/2003,CLE,OH,AGL,CE,Towers with Radar,392,388,57,0,837,0,14,0,0,14,392,402,57,0,851,0,0,0,851
10/31/2003,CLE,OH,AGL,CE,Towers with Radar,379,356,52,0,787,31,25,0,0,56,410,381,52,0,843,0,0,0,843
11/01/2003,CLE,OH,AGL,CE,Towers with Radar,183,235,28,0,446,92,0,12,1,105,275,235,40,1,551,0,0,0,551
11/02/2003,CLE,OH,AGL,CE,Towers with Radar,170,303,14,0,487,75,0,0,0,75,245,303,14,0,562,0,0,0,562
11/03/2003,CLE,OH,AGL,CE,Towers with Radar,215,487,31,0,733,0,50,0,0,50,215,537,31,0,783,0,0,0,783
11/04/2003,CLE,OH,AGL,CE,Towers with Radar,226,415,34,0,675,0,0,1,0,1,226,415,35,0,676,0,0,0,676
11/05/2003,CLE,OH,AGL,CE,Towers with Radar,229,484,33,0,746,0,0,0,0,0,229,484,33,0,746,0,0,0,746
11/06/2003,CLE,OH,AGL,CE,Towers with Radar,219,524,40,0,783,0,0,15,0,15,219,524,55,0,798,0,0,0,798
11/07/2003,CLE,OH,AGL,CE,Towers with Radar,224,513,37,0,774,0,14,0,0,14,224,527,37,0,788,0,0,0,788
11/08/2003,CLE,OH,AGL,CE,Towers with Radar,180,307,27,0,514,33,0,5,0,38,213,307,32,0,552,0,0,0,552
11/09/2003,CLE,OH,AGL,CE,Towers with Radar,188,361,17,0,566,18,0,0,0,18,206,361,17,0,584,0,0,0,584
11/10/2003,CLE,OH,AGL,CE,Towers with Radar,207,490,36,0,733,0,41,0,0,41,207,531,36,0,774,0,0,0,774
11/11/2003,CLE,OH,AGL,CE,Towers with Radar,205,423,34,0,662,0,0,10,1,11,205,423,44,1,673,0,0,0,673
11/12/2003,CLE,OH,AGL,CE,Towers with Radar,224,442,35,0,701,0,0,3,0,3,224,442,38,0,704,0,0,0,704
11/13/2003,CLE,OH,AGL,CE,Towers with Radar,219,441,33,0,693,16,78,1,0,95,235,519,34,0,788,0,0,0,788
11/14/2003,CLE,OH,AGL,CE,Towers with Radar,238,526,39,0,803,0,23,6,0,29,238,549,45,0,832,0,0,0,832
11/15/2003,CLE,OH,AGL,CE,Towers with Radar,146,295,14,0,455,19,1,0,0,20,165,296,14,0,475,0,0,0,475
11/16/2003,CLE,OH,AGL,CE,Towers with Radar,188,370,22,0,580,7,0,0,0,7,195,370,22,0,587,0,0,0,587
11/17/2003,CLE,OH,AGL,CE,Towers with Radar,212,484,35,0,731,0,47,22,0,69,212,531,57,0,800,0,0,0,800
11/18/2003,CLE,OH,AGL,CE,Towers with Radar,158,378,28,0,564,0,6,3,0,9,158,384,31,0,573,0,0,0,573
11/19/2003,CLE,OH,AGL,CE,Towers with Radar,284,402,41,1,728,108,0,13,2,123,392,402,54,3,851,0,0,0,851
11/20/2003,CLE,OH,AGL,CE,Towers with Radar,209,533,39,0,781,0,21,11,0,32,209,554,50,0,813,0,0,0,813
11/21/2003,CLE,OH,AGL,CE,Towers with Radar,226,524,33,0,783,0,39,0,0,39,226,563,33,0,822,0,0,0,822
11/22/2003,CLE,OH,AGL,CE,Towers with Radar,166,317,17,0,500,20,0,0,0,20,186,317,17,0,520,0,0,0,520
11/23/2003,CLE,OH,AGL,CE,Towers with Radar,189,370,13,1,573,2,0,0,0,2,191,370,13,1,575,0,0,0,575
11/24/2003,CLE,OH,AGL,CE,Towers with Radar,197,394,29,1,621,5,29,1,1,36,202,423,30,2,657,0,0,0,657
11/25/2003,CLE,OH,AGL,CE,Towers with Radar,224,538,39,0,801,0,30,30,0,60,224,568,69,0,861,0,0,0,861
11/26/2003,CLE,OH,AGL,CE,Towers with Radar,243,567,32,0,842,0,30,0,0,30,243,597,32,0,872,0,0,0,872
11/27/2003,CLE,OH,AGL,CE,Towers with Radar,144,287,10,0,441,17,43,0,0,60,161,330,10,0,501,0,0,0,501
11/28/2003,CLE,OH,AGL,CE,Towers with Radar,157,313,2,0,472,15,69,0,0,84,172,382,2,0,556,0,0,0,556
11/29/2003,CLE,OH,AGL,CE,Towers with Radar,146,293,7,0,446,35,15,0,0,50,181,308,7,0,496,0,0,0,496
11/30/2003,CLE,OH,AGL,CE,Towers with Radar,211,433,29,0,673,0,26,0,0,26,211,459,29,0,699,0,0,0,699
12/01/2003,CLE,OH,AGL,CE,Towers with Radar,223,486,34,0,743,0,28,5,0,33,223,514,39,0,776,0,0,0,776
12/02/2003,CLE,OH,AGL,CE,Towers with Radar,213,532,38,0,783,0,2,16,0,18,213,534,54,0,801,0,0,0,801
12/03/2003,CLE,OH,AGL,CE,Towers with Radar,212,476,36,0,724,0,0,9,1,10,212,476,45,1,734,0,0,0,734
12/04/2003,CLE,OH,AGL,CE,Towers with Radar,220,550,39,0,809,0,0,12,1,13,220,550,51,1,822,0,0,0,822
12/05/2003,CLE,OH,AGL,CE,Towers with Radar,225,492,34,0,751,0,27,0,0,27,225,519,34,0,778,0,0,0,778
12/06/2003,CLE,OH,AGL,CE,Towers with Radar,142,283,14,1,440,22,0,0,2,24,164,283,14,3,464,0,0,0,464
12/07/2003,CLE,OH,AGL,CE,Towers with Radar,162,330,24,1,517,30,0,1,1,32,192,330,25,2,549,0,0,0,549
12/08/2003,CLE,OH,AGL,CE,Towers with Radar,211,530,33,0,774,0,18,0,0,18,211,548,33,0,792,0,0,0,792
12/09/2003,CLE,OH,AGL,CE,Towers with Radar,219,471,37,0,727,0,0,13,0,13,219,471,50,0,740,0,0,0,740
12/10/2003,CLE,OH,AGL,CE,Towers with Radar,212,455,35,1,703,0,0,5,0,5,212,455,40,1,708,0,0,0,708
12/11/2003,CLE,OH,AGL,CE,Towers with Radar,224,555,38,0,817,0,0,15,0,15,224,555,53,0,832,0,0,0,832
12/12/2003,CLE,OH,AGL,CE,Towers with Radar,231,549,38,0,818,0,3,7,0,10,231,552,45,0,828,0,0,0,828
12/13/2003,CLE,OH,AGL,CE,Towers with Radar,162,288,20,0,470,25,0,0,0,25,187,288,20,0,495,0,0,0,495
12/14/2003,CLE,OH,AGL,CE,Towers with Radar,149,320,16,0,485,34,13,0,0,47,183,333,16,0,532,0,0,0,532
12/15/2003,CLE,OH,AGL,CE,Towers with Radar,213,538,37,0,788,0,0,23,0,23,213,538,60,0,811,0,0,0,811
12/16/2003,CLE,OH,AGL,CE,Towers with Radar,230,469,35,0,734,0,0,2,0,2,230,469,37,0,736,0,0,0,736
12/17/2003,CLE,OH,AGL,CE,Towers with Radar,227,442,33,0,702,0,0,2,0,2,227,442,35,0,704,0,0,0,704
12/18/2003,CLE,OH,AGL,CE,Towers with Radar,243,551,38,0,832,0,0,18,0,18,243,551,56,0,850,0,0,0,850
12/19/2003,CLE,OH,AGL,CE,Towers with Radar,238,507,35,0,780,8,44,3,0,55,246,551,38,0,835,0,0,0,835
12/20/2003,CLE,OH,AGL,CE,Towers with Radar,182,388,16,0,586,16,0,0,0,16,198,388,16,0,602,0,0,0,602
12/21/2003,CLE,OH,AGL,CE,Towers with Radar,195,374,25,0,594,30,0,0,1,31,225,374,25,1,625,0,0,0,625
12/22/2003,CLE,OH,AGL,CE,Towers with Radar,217,472,26,0,715,0,30,0,0,30,217,502,26,0,745,0,0,0,745
12/23/2003,CLE,OH,AGL,CE,Towers with Radar,238,522,36,0,796,0,32,0,0,32,238,554,36,0,828,0,0,0,828
12/24/2003,CLE,OH,AGL,CE,Towers with Radar,192,409,11,0,612,39,7,0,0,46,231,416,11,0,658,0,0,0,658
12/25/2003,CLE,OH,AGL,CE,Towers with Radar,136,288,4,0,428,50,39,0,0,89,186,327,4,0,517,0,0,0,517
12/26/2003,CLE,OH,AGL,CE,Towers with Radar,220,511,35,0,766,0,37,10,0,47,220,548,45,0,813,0,0,0,813
12/27/2003,CLE,OH,AGL,CE,Towers with Radar,173,353,22,0,548,20,0,0,0,20,193,353,22,0,568,0,0,0,568
12/28/2003,CLE,OH,AGL,CE,Towers with Radar,171,363,14,0,548,39,0,0,0,39,210,363,14,0,587,0,0,0,587
12/29/2003,CLE,OH,AGL,CE,Towers with Radar,174,371,16,0,561,17,53,0,0,70,191,424,16,0,631,0,0,0,631
12/30/2003,CLE,OH,AGL,CE,Towers with Radar,222,473,8,0,703,13,51,0,0,64,235,524,8,0,767,0,0,0,767
12/31/2003,CLE,OH,AGL,CE,Towers with Radar,160,341,9,0,510,23,25,0,0,48,183,366,9,0,558,0,0,0,558
01/01/2004,CLE,OH,AGL,CE,Towers with Radar,146,305,17,0,468,24,22,0,0,46,170,327,17,0,514,0,0,0,514
01/02/2004,CLE,OH,AGL,CE,Towers with Radar,215,447,17,0,679,1,48,0,0,49,216,495,17,0,728,0,0,0,728
01/03/2004,CLE,OH,AGL,CE,Towers with Radar,176,322,20,0,518,19,0,0,0,19,195,322,20,0,537,0,0,0,537
01/04/2004,CLE,OH,AGL,CE,Towers with Radar,162,340,12,0,514,31,7,0,0,38,193,347,12,0,552,0,0,0,552
01/05/2004,CLE,OH,AGL,CE,Towers with Radar,219,480,25,0,724,0,38,0,1,39,219,518,25,1,763,0,0,0,763
01/06/2004,CLE,OH,AGL,CE,Towers with Radar,201,433,28,0,662,0,1,0,0,1,201,434,28,0,663,0,0,0,663
01/07/2004,CLE,OH,AGL,CE,Towers with Radar,196,449,30,0,675,0,0,1,0,1,196,449,31,0,676,0,0,0,676
01/08/2004,CLE,OH,AGL,CE,Towers with Radar,273,569,37,0,879,19,33,1,0,53,292,602,38,0,932,0,0,0,932
01/09/2004,CLE,OH,AGL,CE,Towers with Radar,220,501,22,0,743,0,14,0,0,14,220,515,22,0,757,0,0,0,757
01/10/2004,CLE,OH,AGL,CE,Towers with Radar,147,272,15,0,434,41,0,0,0,41,188,272,15,0,475,0,0,0,475
01/11/2004,CLE,OH,AGL,CE,Towers with Radar,160,322,12,0,494,28,0,0,0,28,188,322,12,0,522,0,0,0,522
01/12/2004,CLE,OH,AGL,CE,Towers with Radar,204,462,30,0,696,0,41,6,0,47,204,503,36,0,743,0,0,0,743
01/13/2004,CLE,OH,AGL,CE,Towers with Radar,215,402,29,0,646,20,0,25,0,45,235,402,54,0,691,0,0,0,691
01/14/2004,CLE,OH,AGL,CE,Towers with Radar,224,444,30,0,698,4,0,11,0,15,228,444,41,0,713,0,0,0,713
01/15/2004,CLE,OH,AGL,CE,Towers with Radar,258,539,35,0,832,13,12,11,0,36,271,551,46,0,868,0,0,0,868
01/16/2004,CLE,OH,AGL,CE,Towers with Radar,268,558,36,0,862,5,10,9,0,24,273,568,45,0,886,0,0,0,886
01/17/2004,CLE,OH,AGL,CE,Towers with Radar,136,270,12,0,418,41,0,0,0,41,177,270,12,0,459,0,0,0,459
01/18/2004,CLE,OH,AGL,CE,Towers with Radar,150,312,10,0,472,40,22,0,0,62,190,334,10,0,534,0,0,0,534
01/19/2004,CLE,OH,AGL,CE,Towers with Radar,207,474,30,0,711,0,46,11,0,57,207,520,41,0,768,0,0,0,768
01/20/2004,CLE,OH,AGL,CE,Towers with Radar,193,409,28,1,631,0,0,5,0,5,193,409,33,1,636,0,0,0,636
01/21/2004,CLE,OH,AGL,CE,Towers with Radar,229,483,30,1,743,0,0,15,0,15,229,483,45,1,758,0,0,0,758
01/22/2004,CLE,OH,AGL,CE,Towers with Radar,253,524,33,0,810,1,26,8,0,35,254,550,41,0,845,0,0,0,845
01/23/2004,CLE,OH,AGL,CE,Towers with Radar,207,483,30,0,720,0,35,2,0,37,207,518,32,0,757,0,0,0,757
01/24/2004,CLE,OH,AGL,CE,Towers with Radar,140,278,13,0,431,45,0,0,0,45,185,278,13,0,476,0,0,0,476
01/25/2004,CLE,OH,AGL,CE,Towers with Radar,160,328,18,0,506,21,0,0,6,27,181,328,18,6,533,0,0,0,533
01/26/2004,CLE,OH,AGL,CE,Towers with Radar,191,406,25,0,622,0,63,4,0,67,191,469,29,0,689,0,0,0,689
01/27/2004,CLE,OH,AGL,CE,Towers with Radar,175,390,24,0,589,0,7,29,0,36,175,397,53,0,625,0,0,0,625
01/28/2004,CLE,OH,AGL,CE,Towers with Radar,198,450,30,0,678,0,0,12,0,12,198,450,42,0,690,0,0,0,690
01/29/2004,CLE,OH,AGL,CE,Towers with Radar,212,514,32,0,758,0,3,13,0,16,212,517,45,0,774,0,0,0,774
01/30/2004,CLE,OH,AGL,CE,Towers with Radar,220,495,31,0,746,0,8,14,0,22,220,503,45,0,768,0,0,0,768
01/31/2004,CLE,OH,AGL,CE,Towers with Radar,150,270,11,0,431,36,0,0,0,36,186,270,11,0,467,0,0,0,467
02/01/2004,CLE,OH,AGL,CE,Towers with Radar,149,311,18,0,478,40,21,0,0,61,189,332,18,0,539,0,0,0,539
02/02/2004,CLE,OH,AGL,CE,Towers with Radar,179,393,26,0,598,0,79,0,0,79,179,472,26,0,677,0,0,0,677
02/03/2004,CLE,OH,AGL,CE,Towers with Radar,177,369,27,0,573,26,62,1,0,89,203,431,28,0,662,0,0,0,662
02/04/2004,CLE,OH,AGL,CE,Towers with Radar,206,429,32,0,667,0,15,16,2,33,206,444,48,2,700,0,0,0,700
02/05/2004,CLE,OH,AGL,CE,Towers with Radar,198,452,32,0,682,0,22,12,0,34,198,474,44,0,716,0,0,0,716
02/06/2004,CLE,OH,AGL,CE,Towers with Radar,190,419,20,1,630,0,25,0,0,25,190,444,20,1,655,0,0,0,655
02/07/2004,CLE,OH,AGL,CE,Towers with Radar,139,272,10,1,422,44,0,0,0,44,183,272,10,1,466,0,0,0,466
02/08/2004,CLE,OH,AGL,CE,Towers with Radar,161,329,22,0,512,28,0,0,0,28,189,329,22,0,540,0,0,0,540
02/09/2004,CLE,OH,AGL,CE,Towers with Radar,193,446,32,0,671,0,25,23,0,48,193,471,55,0,719,0,0,0,719
02/10/2004,CLE,OH,AGL,CE,Towers with Radar,205,433,32,1,671,0,0,12,1,13,205,433,44,2,684,0,0,0,684
02/11/2004,CLE,OH,AGL,CE,Towers with Radar,206,439,33,1,679,0,0,24,1,25,206,439,57,2,704,0,0,0,704
02/12/2004,CLE,OH,AGL,CE,Towers with Radar,229,530,40,1,800,0,0,12,3,15,229,530,52,4,815,0,0,0,815
02/13/2004,CLE,OH,AGL,CE,Towers with Radar,232,501,29,0,762,0,33,0,0,33,232,534,29,0,795,0,0,0,795
02/14/2004,CLE,OH,AGL,CE,Towers with Radar,145,274,8,0,427,45,0,0,0,45,190,274,8,0,472,0,0,0,472
02/15/2004,CLE,OH,AGL,CE,Towers with Radar,167,346,16,1,530,49,7,0,0,56,216,353,16,1,586,0,0,0,586
02/16/2004,CLE,OH,AGL,CE,Towers with Radar,213,464,28,1,706,0,42,0,0,42,213,506,28,1,748,0,0,0,748
02/17/2004,CLE,OH,AGL,CE,Towers with Radar,215,469,35,1,720,0,1,0,3,4,215,470,35,4,724,0,0,0,724
02/18/2004,CLE,OH,AGL,CE,Towers with Radar,204,461,36,0,701,0,0,11,0,11,204,461,47,0,712,0,0,0,712
02/19/2004,CLE,OH,AGL,CE,Towers with Radar,232,529,40,0,801,0,0,3,0,3,232,529,43,0,804,0,0,0,804
02/20/2004,CLE,OH,AGL,CE,Towers with Radar,223,498,35,0,756,0,25,0,0,25,223,523,35,0,781,0,0,0,781
02/21/2004,CLE,OH,AGL,CE,Towers with Radar,149,272,12,0,433,46,0,0,0,46,195,272,12,0,479,0,0,0,479
02/22/2004,CLE,OH,AGL,CE,Towers with Radar,168,342,15,0,525,29,0,0,0,29,197,342,15,0,554,0,0,0,554
02/23/2004,CLE,OH,AGL,CE,Towers with Radar,213,473,35,0,721,0,56,13,0,69,213,529,48,0,790,0,0,0,790
02/24/2004,CLE,OH,AGL,CE,Towers with Radar,223,456,35,0,714,0,0,13,1,14,223,456,48,1,728,0,0,0,728
02/25/2004,CLE,OH,AGL,CE,Towers with Radar,225,456,38,0,719,0,0,18,0,18,225,456,56,0,737,0,0,0,737
02/26/2004,CLE,OH,AGL,CE,Towers with Radar,227,534,39,0,800,0,0,13,0,13,227,534,52,0,813,0,0,0,813
02/27/2004,CLE,OH,AGL,CE,Towers with Radar,230,526,38,0,794,0,11,9,0,20,230,537,47,0,814,0,0,0,814
02/28/2004,CLE,OH,AGL,CE,Towers with Radar,148,260,22,0,430,34,0,4,0,38,182,260,26,0,468,0,0,0,468
02/29/2004,CLE,OH,AGL,CE,Towers with Radar,172,312,26,0,510,11,0,4,1,16,183,312,30,1,526,0,0,0,526
03/01/2004,CLE,OH,AGL,CE,Towers with Radar,195,428,32,0,655,0,27,7,0,34,195,455,39,0,689,0,0,0,689
03/02/2004,CLE,OH,AGL,CE,Towers with Radar,234,471,38,1,744,0,0,17,1,18,234,471,55,2,762,0,0,0,762
03/03/2004,CLE,OH,AGL,CE,Towers with Radar,239,466,40,0,745,0,0,8,0,8,239,466,48,0,753,0,0,0,753
03/04/2004,CLE,OH,AGL,CE,Towers with Radar,232,533,42,0,807,0,0,11,0,11,232,533,53,0,818,0,0,0,818
03/05/2004,CLE,OH,AGL,CE,Towers with Radar,236,496,36,0,768,9,42,0,0,51,245,538,36,0,819,0,0,0,819
03/06/2004,CLE,OH,AGL,CE,Towers with Radar,152,287,12,0,451,38,0,0,0,38,190,287,12,0,489,0,0,0,489
03/07/2004,CLE,OH,AGL,CE,Towers with Radar,147,310,19,1,477,20,33,0,0,53,167,343,19,1,530,0,0,0,530
03/08/2004,CLE,OH,AGL,CE,Towers with Radar,161,357,27,1,546,0,57,11,3,71,161,414,38,4,617,0,0,0,617
03/09/2004,CLE,OH,AGL,CE,Towers with Radar,219,464,37,1,721,0,0,4,2,6,219,464,41,3,727,0,0,0,727
03/10/2004,CLE,OH,AGL,CE,Towers with Radar,256,564,43,1,864,0,0,28,5,33,256,564,71,6,897,0,0,0,897
03/11/2004,CLE,OH,AGL,CE,Towers with Radar,274,576,38,1,889,2,2,0,1,5,276,578,38,2,894,0,0,0,894
03/12/2004,CLE,OH,AGL,CE,Towers with Radar,251,528,38,0,817,2,39,0,0,41,253,567,38,0,858,0,0,0,858
03/13/2004,CLE,OH,AGL,CE,Towers with Radar,148,283,15,0,446,36,0,0,0,36,184,283,15,0,482,0,0,0,482
03/14/2004,CLE,OH,AGL,CE,Towers with Radar,152,321,12,0,485,30,23,0,0,53,182,344,12,0,538,0,0,0,538
03/15/2004,CLE,OH,AGL,CE,Towers with Radar,239,508,39,0,786,0,41,6,0,47,239,549,45,0,833,0,0,0,833
03/16/2004,CLE,OH,AGL,CE,Towers with Radar,184,385,30,0,599,51,36,9,0,96,235,421,39,0,695,0,0,0,695
03/17/2004,CLE,OH,AGL,CE,Towers with Radar,235,541,42,0,818,0,17,18,0,35,235,558,60,0,853,0,0,0,853
03/18/2004,CLE,OH,AGL,CE,Towers with Radar,237,537,39,0,813,0,3,0,0,3,237,540,39,0,816,0,0,0,816
03/19/2004,CLE,OH,AGL,CE,Towers with Radar,240,552,44,0,836,0,0,23,0,23,240,552,67,0,859,0,0,0,859
03/20/2004,CLE,OH,AGL,CE,Towers with Radar,139,273,9,0,421,38,0,0,0,38,177,273,9,0,459,0,0,0,459
03/21/2004,CLE,OH,AGL,CE,Towers with Radar,155,323,19,0,497,31,24,0,0,55,186,347,19,0,552,0,0,0,552
03/22/2004,CLE,OH,AGL,CE,Towers with Radar,223,504,34,0,761,0,23,0,0,23,223,527,34,0,784,0,0,0,784
03/23/2004,CLE,OH,AGL,CE,Towers with Radar,223,473,39,0,735,0,0,4,2,6,223,473,43,2,741,0,0,0,741
03/24/2004,CLE,OH,AGL,CE,Towers with Radar,225,525,41,0,791,0,23,3,5,31,225,548,44,5,822,0,0,0,822
03/25/2004,CLE,OH,AGL,CE,Towers with Radar,245,530,41,0,816,0,11,9,1,21,245,541,50,1,837,0,0,0,837
03/26/2004,CLE,OH,AGL,CE,Towers with Radar,233,529,37,0,799,0,29,0,2,31,233,558,37,2,830,0,0,0,830
03/27/2004,CLE,OH,AGL,CE,Towers with Radar,156,284,20,0,460,34,0,0,2,36,190,284,20,2,496,0,0,0,496
03/28/2004,CLE,OH,AGL,CE,Towers with Radar,182,344,30,0,556,15,0,5,0,20,197,344,35,0,576,0,0,0,576
03/29/2004,CLE,OH,AGL,CE,Towers with Radar,228,494,38,0,760,0,44,0,0,44,228,538,38,0,804,0,0,0,804
03/30/2004,CLE,OH,AGL,CE,Towers with Radar,232,482,37,0,751,0,0,26,0,26,232,482,63,0,777,0,0,0,777
03/31/2004,CLE,OH,AGL,CE,Towers with Radar,217,454,34,0,705,74,4,8,0,86,291,458,42,0,791,0,0,0,791
04/01/2004,CLE,OH,AGL,CE,Towers with Radar,257,551,41,0,849,51,41,5,0,97,308,592,46,0,946,0,0,0,946
04/02/2004,CLE,OH,AGL,CE,Towers with Radar,251,537,40,0,828,32,51,5,0,88,283,588,45,0,916,0,0,0,916
04/03/2004,CLE,OH,AGL,CE,Towers with Radar,156,285,25,1,467,34,0,3,1,38,190,285,28,2,505,0,0,0,505
04/04/2004,CLE,OH,AGL,CE,Towers with Radar,159,340,21,1,521,32,31,0,0,63,191,371,21,1,584,0,0,0,584
04/05/2004,CLE,OH,AGL,CE,Towers with Radar,229,507,38,1,775,0,29,9,0,38,229,536,47,1,813,0,0,0,813
04/06/2004,CLE,OH,AGL,CE,Towers with Radar,222,462,35,1,720,1,0,7,0,8,223,462,42,1,728,0,0,0,728
04/07/2004,CLE,OH,AGL,CE,Towers with Radar,244,560,44,0,848,0,0,13,0,13,244,560,57,0,861,0,0,0,861
04/08/2004,CLE,OH,AGL,CE,Towers with Radar,236,540,41,0,817,0,11,8,0,19,236,551,49,0,836,0,0,0,836
04/09/2004,CLE,OH,AGL,CE,Towers with Radar,233,501,37,0,771,1,51,0,0,52,234,552,37,0,823,0,0,0,823
04/10/2004,CLE,OH,AGL,CE,Towers with Radar,145,284,23,0,452,49,0,3,0,52,194,284,26,0,504,0,0,0,504
04/11/2004,CLE,OH,AGL,CE,Towers with Radar,164,352,19,0,535,41,13,0,0,54,205,365,19,0,589,0,0,0,589
04/12/2004,CLE,OH,AGL,CE,Towers with Radar,216,484,36,0,736,0,48,1,0,49,216,532,37,0,785,0,0,0,785
04/13/2004,CLE,OH,AGL,CE,Towers with Radar,234,505,38,0,777,0,37,15,0,52,234,542,53,0,829,0,0,0,829
04/14/2004,CLE,OH,AGL,CE,Towers with Radar,240,545,40,0,825,0,20,12,0,32,240,565,52,0,857,0,0,0,857
04/15/2004,CLE,OH,AGL,CE,Towers with Radar,243,530,39,0,812,0,23,56,0,79,243,553,95,0,891,0,0,0,891
04/16/2004,CLE,OH,AGL,CE,Towers with Radar,232,530,39,0,801,0,16,12,0,28,232,546,51,0,829,0,0,0,829
04/17/2004,CLE,OH,AGL,CE,Towers with Radar,155,302,17,0,474,40,0,0,0,40,195,302,17,0,514,0,0,0,514
04/18/2004,CLE,OH,AGL,CE,Towers with Radar,173,364,27,0,564,30,0,4,0,34,203,364,31,0,598,0,0,0,598
04/19/2004,CLE,OH,AGL,CE,Towers with Radar,224,488,35,0,747,0,54,0,1,55,224,542,35,1,802,0,0,0,802
04/20/2004,CLE,OH,AGL,CE,Towers with Radar,219,460,38,0,717,0,0,2,1,3,219,460,40,1,720,0,0,0,720
04/21/2004,CLE,OH,AGL,CE,Towers with Radar,218,470,37,0,725,0,0,15,0,15,218,470,52,0,740,0,0,0,740
04/22/2004,CLE,OH,AGL,CE,Towers with Radar,241,559,43,0,843,0,0,0,0,0,241,559,43,0,843,0,0,0,843
04/23/2004,CLE,OH,AGL,CE,Towers with Radar,235,533,32,0,800,0,16,0,0,16,235,549,32,0,816,0,0,0,816
04/24/2004,CLE,OH,AGL,CE,Towers with Radar,151,283,24,0,458,42,0,1,0,43,193,283,25,0,501,0,0,0,501
04/25/2004,CLE,OH,AGL,CE,Towers with Radar,169,359,14,0,542,27,16,0,0,43,196,375,14,0,585,0,0,0,585
04/26/2004,CLE,OH,AGL,CE,Towers with Radar,220,524,39,0,783,0,12,12,0,24,220,536,51,0,807,0,0,0,807
04/27/2004,CLE,OH,AGL,CE,Towers with Radar,222,462,37,0,721,0,0,1,0,1,222,462,38,0,722,0,0,0,722
04/28/2004,CLE,OH,AGL,CE,Towers with Radar,232,486,37,0,755,0,0,21,1,22,232,486,58,1,777,0,0,0,777
04/29/2004,CLE,OH,AGL,CE,Towers with Radar,257,565,43,0,865,0,0,11,2,13,257,565,54,2,878,0,0,0,878
04/30/2004,CLE,OH,AGL,CE,Towers with Radar,232,553,42,0,827,0,2,16,0,18,232,555,58,0,845,0,0,0,845
05/01/2004,CLE,OH,AGL,CE,Towers with Radar,169,291,19,0,479,33,0,0,0,33,202,291,19,0,512,0,0,0,512
05/02/2004,CLE,OH,AGL,CE,Towers with Radar,185,393,28,1,607,0,2,11,2,15,185,395,39,3,622,0,0,0,622
05/03/2004,CLE,OH,AGL,CE,Towers with Radar,219,524,37,1,781,0,0,3,0,3,219,524,40,1,784,0,0,0,784
05/04/2004,CLE,OH,AGL,CE,Towers with Radar,217,450,35,0,702,0,0,9,0,9,217,450,44,0,711,0,0,0,711
05/05/2004,CLE,OH,AGL,CE,Towers with Radar,238,492,39,0,769,0,0,16,0,16,238,492,55,0,785,0,0,0,785
05/06/2004,CLE,OH,AGL,CE,Towers with Radar,239,551,41,0,831,0,0,36,0,36,239,551,77,0,867,0,0,0,867
05/07/2004,CLE,OH,AGL,CE,Towers with Radar,257,535,38,0,830,23,31,14,0,68,280,566,52,0,898,0,0,0,898
05/08/2004,CLE,OH,AGL,CE,Towers with Radar,150,304,14,0,468,37,0,0,0,37,187,304,14,0,505,0,0,0,505
05/09/2004,CLE,OH,AGL,CE,Towers with Radar,159,333,18,0,510,20,12,0,0,32,179,345,18,0,542,0,0,0,542
05/10/2004,CLE,OH,AGL,CE,Towers with Radar,223,478,35,1,737,0,60,25,0,85,223,538,60,1,822,0,0,0,822
05/11/2004,CLE,OH,AGL,CE,Towers with Radar,215,454,34,0,703,0,0,9,0,9,215,454,43,0,712,0,0,0,712
05/12/2004,CLE,OH,AGL,CE,Towers with Radar,209,447,34,0,690,0,0,10,0,10,209,447,44,0,700,0,0,0,700
05/13/2004,CLE,OH,AGL,CE,Towers with Radar,211,483,35,0,729,0,35,3,0,38,211,518,38,0,767,0,0,0,767
05/14/2004,CLE,OH,AGL,CE,Towers with Radar,234,489,31,0,754,4,39,0,0,43,238,528,31,0,797,0,0,0,797
05/15/2004,CLE,OH,AGL,CE,Towers with Radar,166,331,23,0,520,35,0,0,0,35,201,331,23,0,555,0,0,0,555
05/16/2004,CLE,OH,AGL,CE,Towers with Radar,168,349,18,0,535,9,6,0,0,15,177,355,18,0,550,0,0,0,550
05/17/2004,CLE,OH,AGL,CE,Towers with Radar,232,480,34,1,747,33,22,30,1,86,265,502,64,2,833,0,0,0,833
05/18/2004,CLE,OH,AGL,CE,Towers with Radar,219,496,36,0,751,0,5,23,0,28,219,501,59,0,779,0,0,0,779
05/19/2004,CLE,OH,AGL,CE,Towers with Radar,192,414,31,0,637,0,0,14,0,14,192,414,45,0,651,0,0,0,651
05/20/2004,CLE,OH,AGL,CE,Towers with Radar,236,531,39,0,806,0,27,20,0,47,236,558,59,0,853,0,0,0,853
05/21/2004,CLE,OH,AGL,CE,Towers with Radar,196,426,32,0,654,0,0,12,1,13,196,426,44,1,667,0,0,0,667
05/22/2004,CLE,OH,AGL,CE,Towers with Radar,156,316,18,0,490,43,0,0,1,44,199,316,18,1,534,0,0,0,534
05/23/2004,CLE,OH,AGL,CE,Towers with Radar,170,351,23,0,544,22,42,0,2,66,192,393,23,2,610,0,0,0,610
05/24/2004,CLE,OH,AGL,CE,Towers with Radar,217,470,34,0,721,0,72,1,0,73,217,542,35,0,794,0,0,0,794
05/25/2004,CLE,OH,AGL,CE,Towers with Radar,217,466,34,0,717,0,1,14,4,19,217,467,48,4,736,0,0,0,736
05/26/2004,CLE,OH,AGL,CE,Towers with Radar,245,561,41,0,847,0,25,21,2,48,245,586,62,2,895,0,0,0,895
05/27/2004,CLE,OH,AGL,CE,Towers with Radar,244,561,42,0,847,0,0,10,5,15,244,561,52,5,862,0,0,0,862
05/28/2004,CLE,OH,AGL,CE,Towers with Radar,255,533,25,0,813,0,25,0,0,25,255,558,25,0,838,0,0,0,838
05/29/2004,CLE,OH,AGL,CE,Towers with Radar,196,394,30,0,620,64,0,3,4,71,260,394,33,4,691,0,0,0,691
05/30/2004,CLE,OH,AGL,CE,Towers with Radar,134,277,11,0,422,44,16,0,0,60,178,293,11,0,482,0,0,0,482
05/31/2004,CLE,OH,AGL,CE,Towers with Radar,165,343,9,0,517,35,25,0,0,60,200,368,9,0,577,0,0,0,577
06/01/2004,CLE,OH,AGL,CE,Towers with Radar,219,487,39,2,747,3,48,8,2,61,222,535,47,4,808,0,0,0,808
06/02/2004,CLE,OH,AGL,CE,Towers with Radar,209,490,39,2,740,0,27,2,3,32,209,517,41,5,772,0,0,0,772
06/03/2004,CLE,OH,AGL,CE,Towers with Radar,217,486,39,1,743,0,0,9,0,9,217,486,48,1,752,0,0,0,752
06/04/2004,CLE,OH,AGL,CE,Towers with Radar,160,377,31,0,568,0,3,4,0,7,160,380,35,0,575,0,0,0,575
06/05/2004,CLE,OH,AGL,CE,Towers with Radar,141,292,18,1,452,36,0,0,5,41,177,292,18,6,493,0,0,0,493
06/06/2004,CLE,OH,AGL,CE,Towers with Radar,175,383,25,1,584,19,0,0,1,20,194,383,25,2,604,0,0,0,604
06/07/2004,CLE,OH,AGL,CE,Towers with Radar,216,493,34,0,743,0,31,0,0,31,216,524,34,0,774,0,0,0,774
06/08/2004,CLE,OH,AGL,CE,Towers with Radar,238,498,42,0,778,12,0,16,0,28,250,498,58,0,806,0,0,0,806
06/09/2004,CLE,OH,AGL,CE,Towers with Radar,216,514,41,2,773,0,20,0,2,22,216,534,41,4,795,0,0,0,795
06/10/2004,CLE,OH,AGL,CE,Towers with Radar,238,546,45,1,830,0,0,25,0,25,238,546,70,1,855,0,0,0,855
06/11/2004,CLE,OH,AGL,CE,Towers with Radar,231,538,42,1,812,0,10,12,1,23,231,548,54,2,835,0,0,0,835
06/12/2004,CLE,OH,AGL,CE,Towers with Radar,151,312,18,0,481,28,0,0,0,28,179,312,18,0,509,0,0,0,509
06/13/2004,CLE,OH,AGL,CE,Towers with Radar,216,467,28,1,712,26,0,0,1,27,242,467,28,2,739,0,0,0,739
06/14/2004,CLE,OH,AGL,CE,Towers with Radar,238,531,43,1,813,0,14,24,0,38,238,545,67,1,851,0,0,0,851
06/15/2004,CLE,OH,AGL,CE,Towers with Radar,226,491,42,1,760,0,0,18,2,20,226,491,60,3,780,0,0,0,780
06/16/2004,CLE,OH,AGL,CE,Towers with Radar,236,577,45,1,859,0,25,29,2,56,236,602,74,3,915,0,0,0,915
06/17/2004,CLE,OH,AGL,CE,Towers with Radar,226,503,40,1,770,4,37,0,3,44,230,540,40,4,814,0,0,0,814
06/18/2004,CLE,OH,AGL,CE,Towers with Radar,243,559,46,1,849,0,0,2,3,5,243,559,48,4,854,0,0,0,854
06/19/2004,CLE,OH,AGL,CE,Towers with Radar,151,328,18,0,497,32,0,0,0,32,183,328,18,0,529,0,0,0,529
06/20/2004,CLE,OH,AGL,CE,Towers with Radar,174,384,31,0,589,18,17,3,0,38,192,401,34,0,627,0,0,0,627
06/21/2004,CLE,OH,AGL,CE,Towers with Radar,213,478,36,1,728,0,63,0,1,64,213,541,36,2,792,0,0,0,792
06/22/2004,CLE,OH,AGL,CE,Towers with Radar,219,476,39,0,734,0,0,14,0,14,219,476,53,0,748,0,0,0,748
06/23/2004,CLE,OH,AGL,CE,Towers with Radar,228,551,43,1,823,0,13,35,3,51,228,564,78,4,874,0,0,0,874
06/24/2004,CLE,OH,AGL,CE,Towers with Radar,224,558,45,1,828,0,12,23,2,37,224,570,68,3,865,0,0,0,865
06/25/2004,CLE,OH,AGL,CE,Towers with Radar,235,537,38,1,811,0,10,0,2,12,235,547,38,3,823,0,0,0,823
06/26/2004,CLE,OH,AGL,CE,Towers with Radar,167,330,21,0,518,23,0,0,0,23,190,330,21,0,541,0,0,0,541
06/27/2004,CLE,OH,AGL,CE,Towers with Radar,175,386,31,0,592,21,25,8,4,58,196,411,39,4,650,0,0,0,650
06/28/2004,CLE,OH,AGL,CE,Towers with Radar,217,489,39,1,746,0,38,8,0,46,217,527,47,1,792,0,0,0,792
06/29/2004,CLE,OH,AGL,CE,Towers with Radar,221,492,39,1,753,0,0,17,2,19,221,492,56,3,772,0,0,0,772
06/30/2004,CLE,OH,AGL,CE,Towers with Radar,232,576,47,1,856,0,0,20,1,21,232,576,67,2,877,0,0,0,877
07/01/2004,CLE,OH,AGL,CE,Towers with Radar,273,645,49,2,969,0,91,68,0,159,273,736,117,2,1128,0,0,0,1128
07/02/2004,CLE,OH,AGL,CE,Towers with Radar,223,499,37,2,761,3,83,8,2,96,226,582,45,4,857,0,0,0,857
07/03/2004,CLE,OH,AGL,CE,Towers with Radar,140,308,23,2,473,32,0,12,0,44,172,308,35,2,517,0,0,0,517
07/04/2004,CLE,OH,AGL,CE,Towers with Radar,113,254,18,0,385,49,22,0,0,71,162,276,18,0,456,0,0,0,456
07/05/2004,CLE,OH,AGL,CE,Towers with Radar,189,420,30,0,639,8,0,0,0,8,197,420,30,0,647,0,0,0,647
07/06/2004,CLE,OH,AGL,CE,Towers with Radar,212,474,35,0,721,5,64,2,0,71,217,538,37,0,792,0,0,0,792
07/07/2004,CLE,OH,AGL,CE,Towers with Radar,217,507,37,0,761,0,27,3,0,30,217,534,40,0,791,0,0,0,791
07/08/2004,CLE,OH,AGL,CE,Towers with Radar,228,559,42,0,829,0,0,21,0,21,228,559,63,0,850,0,0,0,850
07/09/2004,CLE,OH,AGL,CE,Towers with Radar,223,533,37,0,793,0,0,0,0,0,223,533,37,0,793,0,0,0,793
07/10/2004,CLE,OH,AGL,CE,Towers with Radar,146,313,24,1,484,38,0,3,0,41,184,313,27,1,525,0,0,0,525
07/11/2004,CLE,OH,AGL,CE,Towers with Radar,174,390,13,1,578,20,28,0,0,48,194,418,13,1,626,0,0,0,626
07/12/2004,CLE,OH,AGL,CE,Towers with Radar,210,484,37,0,731,0,32,12,0,44,210,516,49,0,775,0,0,0,775
07/13/2004,CLE,OH,AGL,CE,Towers with Radar,214,445,35,1,695,10,0,0,0,10,224,445,35,1,705,0,0,0,705
07/14/2004,CLE,OH,AGL,CE,Towers with Radar,205,465,36,0,706,0,0,16,0,16,205,465,52,0,722,0,0,0,722
07/15/2004,CLE,OH,AGL,CE,Towers with Radar,233,552,43,3,831,0,0,18,0,18,233,552,61,3,849,0,0,0,849
07/16/2004,CLE,OH,AGL,CE,Towers with Radar,222,510,39,2,773,0,25,26,2,53,222,535,65,4,826,0,0,0,826
07/17/2004,CLE,OH,AGL,CE,Towers with Radar,156,322,13,1,492,29,0,0,0,29,185,322,13,1,521,0,0,0,521
07/18/2004,CLE,OH,AGL,CE,Towers with Radar,180,399,11,2,592,10,14,0,1,25,190,413,11,3,617,0,0,0,617
07/19/2004,CLE,OH,AGL,CE,Towers with Radar,208,499,25,2,734,0,51,0,0,51,208,550,25,2,785,0,0,0,785
07/20/2004,CLE,OH,AGL,CE,Towers with Radar,220,442,38,1,701,1,0,14,0,15,221,442,52,1,716,0,0,0,716
07/21/2004,CLE,OH,AGL,CE,Towers with Radar,224,524,40,1,789,0,15,9,1,25,224,539,49,2,814,0,0,0,814
07/22/2004,CLE,OH,AGL,CE,Towers with Radar,226,521,41,0,788,0,0,13,0,13,226,521,54,0,801,0,0,0,801
07/23/2004,CLE,OH,AGL,CE,Towers with Radar,236,526,41,1,804,0,0,13,1,14,236,526,54,2,818,0,0,0,818
07/24/2004,CLE,OH,AGL,CE,Towers with Radar,161,331,28,0,520,29,0,5,0,34,190,331,33,0,554,0,0,0,554
07/25/2004,CLE,OH,AGL,CE,Towers with Radar,186,412,19,0,617,10,0,0,0,10,196,412,19,0,627,0,0,0,627
07/26/2004,CLE,OH,AGL,CE,Towers with Radar,236,545,42,1,824,0,0,8,1,9,236,545,50,2,833,0,0,0,833
07/27/2004,CLE,OH,AGL,CE,Towers with Radar,224,470,41,1,736,0,0,23,0,23,224,470,64,1,759,0,0,0,759
07/28/2004,CLE,OH,AGL,CE,Towers with Radar,225,557,44,2,828,0,0,3,5,8,225,557,47,7,836,0,0,0,836
07/29/2004,CLE,OH,AGL,CE,Towers with Radar,226,558,43,2,829,0,0,6,9,15,226,558,49,11,844,0,0,0,844
07/30/2004,CLE,OH,AGL,CE,Towers with Radar,229,534,42,1,806,0,0,2,7,9,229,534,44,8,815,0,0,0,815
07/31/2004,CLE,OH,AGL,CE,Towers with Radar,324,668,55,2,1049,36,0,1,24,61,360,668,56,26,1110,0,0,0,1110
08/01/2004,CLE,OH,AGL,CE,Towers with Radar,180,418,29,1,628,5,3,0,2,10,185,421,29,3,638,0,0,0,638
08/02/2004,CLE,OH,AGL,CE,Towers with Radar,202,489,35,1,727,0,64,6,0,70,202,553,41,1,797,0,0,0,797
08/03/2004,CLE,OH,AGL,CE,Towers with Radar,211,470,34,1,716,6,0,12,0,18,217,470,46,1,734,0,0,0,734
08/04/2004,CLE,OH,AGL,CE,Towers with Radar,221,532,38,0,791,0,27,6,0,33,221,559,44,0,824,0,0,0,824
08/05/2004,CLE,OH,AGL,CE,Towers with Radar,235,571,40,1,847,0,13,25,0,38,235,584,65,1,885,0,0,0,885
08/06/2004,CLE,OH,AGL,CE,Towers with Radar,226,568,39,0,833,0,6,25,0,31,226,574,64,0,864,0,0,0,864
08/07/2004,CLE,OH,AGL,CE,Towers with Radar,150,332,23,0,505,40,0,3,0,43,190,332,26,0,548,0,0,0,548
08/08/2004,CLE,OH,AGL,CE,Towers with Radar,186,434,29,0,649,17,8,9,0,34,203,442,38,0,683,0,0,0,683
08/09/2004,CLE,OH,AGL,CE,Towers with Radar,220,525,35,0,780,0,54,3,0,57,220,579,38,0,837,0,0,0,837
08/10/2004,CLE,OH,AGL,CE,Towers with Radar,224,470,36,1,731,6,0,20,0,26,230,470,56,1,757,0,0,0,757
08/11/2004,CLE,OH,AGL,CE,Towers with Radar,220,543,38,1,802,0,0,10,7,17,220,543,48,8,819,0,0,0,819
08/12/2004,CLE,OH,AGL,CE,Towers with Radar,238,568,40,0,846,0,0,11,0,11,238,568,51,0,857,0,0,0,857
08/13/2004,CLE,OH,AGL,CE,Towers with Radar,221,586,39,0,846,0,7,0,0,7,221,593,39,0,853,0,0,0,853
08/14/2004,CLE,OH,AGL,CE,Towers with Radar,151,333,17,0,501,29,0,0,0,29,180,333,17,0,530,0,0,0,530
08/15/2004,CLE,OH,AGL,CE,Towers with Radar,184,430,18,0,632,16,12,0,0,28,200,442,18,0,660,0,0,0,660
08/16/2004,CLE,OH,AGL,CE,Towers with Radar,220,510,36,0,766,1,57,0,0,58,221,567,36,0,824,0,0,0,824
08/17/2004,CLE,OH,AGL,CE,Towers with Radar,217,490,36,0,743,0,0,9,0,9,217,490,45,0,752,0,0,0,752
08/18/2004,CLE,OH,AGL,CE,Towers with Radar,224,548,39,0,811,0,32,13,0,45,224,580,52,0,856,0,0,0,856
08/19/2004,CLE,OH,AGL,CE,Towers with Radar,227,569,41,0,837,0,0,13,2,15,227,569,54,2,852,0,0,0,852
08/20/2004,CLE,OH,AGL,CE,Towers with Radar,232,538,38,0,808,0,30,11,2,43,232,568,49,2,851,0,0,0,851
08/21/2004,CLE,OH,AGL,CE,Towers with Radar,163,355,19,0,537,23,0,0,0,23,186,355,19,0,560,0,0,0,560
08/22/2004,CLE,OH,AGL,CE,Towers with Radar,187,434,17,0,638,14,6,0,0,20,201,440,17,0,658,0,0,0,658
08/23/2004,CLE,OH,AGL,CE,Towers with Radar,215,527,37,0,779,0,27,4,2,33,215,554,41,2,812,0,0,0,812
08/24/2004,CLE,OH,AGL,CE,Towers with Radar,213,489,39,0,741,0,0,12,5,17,213,489,51,5,758,0,0,0,758
08/25/2004,CLE,OH,AGL,CE,Towers with Radar,222,482,37,0,741,0,0,17,1,18,222,482,54,1,759,0,0,0,759
08/26/2004,CLE,OH,AGL,CE,Towers with Radar,236,602,42,0,880,0,0,8,0,8,236,602,50,0,888,0,0,0,888
08/27/2004,CLE,OH,AGL,CE,Towers with Radar,235,543,28,0,806,0,30,0,2,32,235,573,28,2,838,0,0,0,838
08/28/2004,CLE,OH,AGL,CE,Towers with Radar,147,333,21,0,501,47,0,0,0,47,194,333,21,0,548,0,0,0,548
08/29/2004,CLE,OH,AGL,CE,Towers with Radar,178,413,19,0,610,19,18,0,0,37,197,431,19,0,647,0,0,0,647
08/30/2004,CLE,OH,AGL,CE,Towers with Radar,228,528,35,0,791,1,26,0,0,27,229,554,35,0,818,0,0,0,818
08/31/2004,CLE,OH,AGL,CE,Towers with Radar,214,503,36,0,753,0,0,9,0,9,214,503,45,0,762,0,0,0,762
09/01/2004,CLE,OH,AGL,CE,Towers with Radar,209,493,40,2,744,0,0,27,1,28,209,493,67,3,772,0,0,0,772
09/02/2004,CLE,OH,AGL,CE,Towers with Radar,228,585,45,2,860,0,1,33,9,43,228,586,78,11,903,0,0,0,903
09/03/2004,CLE,OH,AGL,CE,Towers with Radar,233,569,40,2,844,0,0,0,20,20,233,569,40,22,864,0,0,0,864
09/04/2004,CLE,OH,AGL,CE,Towers with Radar,140,318,13,1,472,23,0,0,7,30,163,318,13,8,502,0,0,0,502
09/05/2004,CLE,OH,AGL,CE,Towers with Radar,121,288,21,1,431,29,4,2,4,39,150,292,23,5,470,0,0,0,470
09/06/2004,CLE,OH,AGL,CE,Towers with Radar,177,420,21,2,620,28,48,0,1,77,205,468,21,3,697,0,0,0,697
09/07/2004,CLE,OH,AGL,CE,Towers with Radar,217,535,41,2,795,0,21,0,6,27,217,556,41,8,822,0,0,0,822
09/08/2004,CLE,OH,AGL,CE,Towers with Radar,197,481,37,0,715,0,0,12,0,12,197,481,49,0,727,0,0,0,727
09/09/2004,CLE,OH,AGL,CE,Towers with Radar,212,554,44,0,810,0,39,21,0,60,212,593,65,0,870,0,0,0,870
09/10/2004,CLE,OH,AGL,CE,Towers with Radar,220,574,45,1,840,0,13,12,0,25,220,587,57,1,865,0,0,0,865
09/11/2004,CLE,OH,AGL,CE,Towers with Radar,148,325,28,1,502,23,0,3,1,27,171,325,31,2,529,0,0,0,529
09/12/2004,CLE,OH,AGL,CE,Towers with Radar,171,405,31,2,609,1,11,3,0,15,172,416,34,2,624,0,0,0,624
09/13/2004,CLE,OH,AGL,CE,Towers with Radar,207,501,35,0,743,0,55,0,0,55,207,556,35,0,798,0,0,0,798
09/14/2004,CLE,OH,AGL,CE,Towers with Radar,207,481,42,1,731,0,0,14,0,14,207,481,56,1,745,0,0,0,745
09/15/2004,CLE,OH,AGL,CE,Towers with Radar,191,482,40,0,713,0,0,16,0,16,191,482,56,0,729,0,0,0,729
09/16/2004,CLE,OH,AGL,CE,Towers with Radar,217,558,44,0,819,0,29,5,0,34,217,587,49,0,853,0,0,0,853
09/17/2004,CLE,OH,AGL,CE,Towers with Radar,217,518,41,0,776,0,48,4,0,52,217,566,45,0,828,0,0,0,828
09/18/2004,CLE,OH,AGL,CE,Towers with Radar,148,332,19,0,499,27,0,0,0,27,175,332,19,0,526,0,0,0,526
09/19/2004,CLE,OH,AGL,CE,Towers with Radar,166,391,31,0,588,8,8,1,0,17,174,399,32,0,605,0,0,0,605
09/20/2004,CLE,OH,AGL,CE,Towers with Radar,212,516,41,0,769,0,71,13,0,84,212,587,54,0,853,0,0,0,853
09/21/2004,CLE,OH,AGL,CE,Towers with Radar,200,487,40,0,727,0,0,29,0,29,200,487,69,0,756,0,0,0,756
09/22/2004,CLE,OH,AGL,CE,Towers with Radar,222,504,41,0,767,26,0,13,0,39,248,504,54,0,806,0,0,0,806
09/23/2004,CLE,OH,AGL,CE,Towers with Radar,250,590,47,0,887,5,7,10,0,22,255,597,57,0,909,0,0,0,909
09/24/2004,CLE,OH,AGL,CE,Towers with Radar,251,592,46,0,889,20,17,0,0,37,271,609,46,0,926,0,0,0,926
09/25/2004,CLE,OH,AGL,CE,Towers with Radar,141,300,20,0,461,40,0,0,2,42,181,300,20,2,503,0,0,0,503
09/26/2004,CLE,OH,AGL,CE,Towers with Radar,173,385,21,1,580,14,0,0,1,15,187,385,21,2,595,0,0,0,595
09/27/2004,CLE,OH,AGL,CE,Towers with Radar,210,494,39,1,744,1,61,14,1,77,211,555,53,2,821,0,0,0,821
09/28/2004,CLE,OH,AGL,CE,Towers with Radar,204,462,37,0,703,8,0,12,0,20,212,462,49,0,723,0,0,0,723
09/29/2004,CLE,OH,AGL,CE,Towers with Radar,216,481,40,0,737,0,0,2,0,2,216,481,42,0,739,0,0,0,739
09/30/2004,CLE,OH,AGL,CE,Towers with Radar,221,546,36,0,803,0,26,0,0,26,221,572,36,0,829,0,0,0,829
10/01/2004,CLE,OH,AGL,CE,Towers with Radar,220,570,30,0,820,0,5,12,2,19,220,575,42,2,839,0,0,0,839
10/02/2004,CLE,OH,AGL,CE,Towers with Radar,189,303,24,0,516,0,9,1,0,10,189,312,25,0,526,0,0,0,526
10/03/2004,CLE,OH,AGL,CE,Towers with Radar,194,382,32,0,608,0,0,11,0,11,194,382,43,0,619,0,0,0,619
10/04/2004,CLE,OH,AGL,CE,Towers with Radar,211,541,50,0,802,0,1,5,0,6,211,542,55,0,808,0,0,0,808
10/05/2004,CLE,OH,AGL,CE,Towers with Radar,213,470,69,1,753,1917,5,11,0,1933,2130,475,80,1,2686,20,5,25,2711
10/06/2004,CLE,OH,AGL,CE,Towers with Radar,209,473,58,1,741,0,5,4,0,9,209,478,62,1,750,0,0,0,750
10/07/2004,CLE,OH,AGL,CE,Towers with Radar,222,564,46,0,832,0,7,9,0,16,222,571,55,0,848,0,0,0,848
10/08/2004,CLE,OH,AGL,CE,Towers with Radar,227,562,44,2,835,0,8,4,1,13,227,570,48,3,848,0,0,0,848
10/09/2004,CLE,OH,AGL,CE,Towers with Radar,192,302,21,0,515,0,0,7,0,7,192,302,28,0,522,0,0,0,522
10/10/2004,CLE,OH,AGL,CE,Towers with Radar,188,393,26,0,607,0,0,264,0,264,188,393,290,0,871,0,0,0,871
10/11/2004,CLE,OH,AGL,CE,Towers with Radar,207,547,22,1,777,0,3,4,2,9,207,550,26,3,786,0,0,0,786
10/12/2004,CLE,OH,AGL,CE,Towers with Radar,210,465,57,0,732,0,2,4,0,6,210,467,61,0,738,0,0,0,738
10/13/2004,CLE,OH,AGL,CE,Towers with Radar,210,471,45,0,726,0,0,4,0,4,210,471,49,0,730,0,0,0,730
10/14/2004,CLE,OH,AGL,CE,Towers with Radar,221,565,50,1,837,0,2,2,0,4,221,567,52,1,841,0,0,0,841
10/15/2004,CLE,OH,AGL,CE,Towers with Radar,221,560,33,1,815,0,0,3,0,3,221,560,36,1,818,0,0,0,818
10/16/2004,CLE,OH,AGL,CE,Towers with Radar,181,308,14,1,504,0,4,1,0,5,181,312,15,1,509,0,0,0,509
10/17/2004,CLE,OH,AGL,CE,Towers with Radar,186,398,23,1,608,0,4,1,9,14,186,402,24,10,622,0,0,0,622
10/18/2004,CLE,OH,AGL,CE,Towers with Radar,207,530,24,0,761,0,2,3,0,5,207,532,27,0,766,0,0,0,766
10/19/2004,CLE,OH,AGL,CE,Towers with Radar,216,465,39,0,720,0,0,0,0,0,216,465,39,0,720,0,0,0,720
10/20/2004,CLE,OH,AGL,CE,Towers with Radar,226,478,58,0,762,0,4,0,0,4,226,482,58,0,766,163,0,163,929
10/21/2004,CLE,OH,AGL,CE,Towers with Radar,218,560,37,0,815,0,5,0,0,5,218,565,37,0,820,0,0,0,820
10/22/2004,CLE,OH,AGL,CE,Towers with Radar,227,547,61,2,837,0,4,4,0,8,227,551,65,2,845,0,0,0,845
10/23/2004,CLE,OH,AGL,CE,Towers with Radar,185,312,31,0,528,0,1,2,0,3,185,313,33,0,531,0,0,0,531
10/24/2004,CLE,OH,AGL,CE,Towers with Radar,185,380,23,0,588,0,0,3,0,3,185,380,26,0,591,0,0,0,591
10/25/2004,CLE,OH,AGL,CE,Towers with Radar,207,553,40,2,802,0,1,4,0,5,207,554,44,2,807,0,0,0,807
10/26/2004,CLE,OH,AGL,CE,Towers with Radar,215,481,90,0,786,0,0,3,0,3,215,481,93,0,789,0,0,0,789
10/27/2004,CLE,OH,AGL,CE,Towers with Radar,210,474,90,0,774,0,3,10,0,13,210,477,100,0,787,0,0,0,787
10/28/2004,CLE,OH,AGL,CE,Towers with Radar,229,561,72,11,873,0,0,5,6,11,229,561,77,17,884,0,0,0,884
10/29/2004,CLE,OH,AGL,CE,Towers with Radar,228,546,55,0,829,0,1,1,0,2,228,547,56,0,831,0,0,0,831
10/30/2004,CLE,OH,AGL,CE,Towers with Radar,190,289,17,0,496,0,2,0,0,2,190,291,17,0,498,0,0,0,498
10/31/2004,CLE,OH,AGL,CE,Towers with Radar,197,370,19,0,586,0,0,9,0,9,197,370,28,0,595,0,0,0,595
11/01/2004,CLE,OH,AGL,CE,Combined TRACON& Tower with Radar,222,529,34,2,787,0,0,2,0,2,222,529,36,2,789,0,0,0,789
11/02/2004,CLE,OH,AGL,CE,Combined TRACON& Tower with Radar,232,470,32,0,734,0,2,2,0,4,232,472,34,0,738,0,0,0,738
11/03/2004,CLE,OH,AGL,CE,Combined TRACON& Tower with Radar,220,448,42,0,710,0,9,7,0,16,220,457,49,0,726,0,0,0,726
11/04/2004,CLE,OH,AGL,CE,Combined TRACON& Tower with Radar,240,527,47,0,814,0,1,2,0,3,240,528,49,0,817,0,0,0,817
11/05/2004,CLE,OH,AGL,CE,Combined TRACON& Tower with Radar,236,537,35,0,808,0,3,0,0,3,236,540,35,0,811,0,0,0,811
11/06/2004,CLE,OH,AGL,CE,Combined TRACON& Tower with Radar,196,288,10,1,495,0,3,7,1,11,196,291,17,2,506,0,0,0,506
11/07/2004,CLE,OH,AGL,CE,Combined TRACON& Tower with Radar,201,369,15,0,585,0,3,6,0,9,201,372,21,0,594,0,0,0,594
11/08/2004,CLE,OH,AGL,CE,Combined TRACON& Tower with Radar,233,532,19,0,784,0,1,3,1,5,233,533,22,1,789,0,0,0,789
11/09/2004,CLE,OH,AGL,CE,Combined TRACON& Tower with Radar,25,14,1,0,40,0,1,0,0,1,25,15,1,0,41,0,0,0,41
11/10/2004,CLE,OH,AGL,CE,Combined TRACON& Tower with Radar,20,19,1,0,40,0,0,0,0,0,20,19,1,0,40,0,0,0,40
11/11/2004,CLE,OH,AGL,CE,Combined TRACON& Tower with Radar,237,554,38,2,831,0,0,2,0,2,237,554,40,2,833,0,0,0,833
11/12/2004,CLE,OH,AGL,CE,Combined TRACON& Tower with Radar,237,554,38,2,831,0,0,2,0,2,237,554,40,2,833,0,0,0,833
11/13/2004,CLE,OH,AGL,CE,Combined TRACON& Tower with Radar,204,284,9,0,497,0,2,5,0,7,204,286,14,0,504,0,0,0,504
11/14/2004,CLE,OH,AGL,CE,Combined TRACON& Tower with Radar,198,386,18,0,602,0,8,14,0,22,198,394,32,0,624,0,0,0,624
11/15/2004,CLE,OH,AGL,CE,Combined TRACON& Tower with Radar,233,528,29,0,790,0,8,7,0,15,233,536,36,0,805,0,0,0,805
11/16/2004,CLE,OH,AGL,CE,Combined TRACON& Tower with Radar,210,443,48,0,701,0,2,9,2,13,210,445,57,2,714,0,0,0,714
11/17/2004,CLE,OH,AGL,CE,Combined TRACON& Tower with Radar,215,470,55,0,740,0,0,5,0,5,215,470,60,0,745,0,0,0,745
11/18/2004,CLE,OH,AGL,CE,Combined TRACON& Tower with Radar,250,503,59,0,812,0,0,0,0,0,250,503,59,0,812,0,0,0,812
11/19/2004,CLE,OH,AGL,CE,Combined TRACON& Tower with Radar,248,567,63,0,878,0,2,1,0,3,248,569,64,0,881,0,0,0,881
11/20/2004,CLE,OH,AGL,CE,Combined TRACON& Tower with Radar,205,284,20,0,509,0,2,1,0,3,205,286,21,0,512,0,0,0,512
11/21/2004,CLE,OH,AGL,CE,Combined TRACON& Tower with Radar,202,366,16,0,584,0,2,1,0,3,202,368,17,0,587,0,0,0,587
11/22/2004,CLE,OH,AGL,CE,Combined TRACON& Tower with Radar,213,436,41,2,692,0,5,6,0,11,213,441,47,2,703,0,0,0,703
11/23/2004,CLE,OH,AGL,CE,Combined TRACON& Tower with Radar,246,517,45,0,808,0,25,0,0,25,246,542,45,0,833,0,0,0,833
11/24/2004,CLE,OH,AGL,CE,Combined TRACON& Tower with Radar,243,520,45,0,808,0,0,0,0,0,243,520,45,0,808,0,0,0,808
11/25/2004,CLE,OH,AGL,CE,Combined TRACON& Tower with Radar,182,302,7,0,491,0,0,0,0,0,182,302,7,0,491,0,0,0,491
11/26/2004,CLE,OH,AGL,CE,Combined TRACON& Tower with Radar,185,308,10,0,503,0,1,6,0,7,185,309,16,0,510,0,0,0,510
11/27/2004,CLE,OH,AGL,CE,Combined TRACON& Tower with Radar,198,283,10,0,491,0,3,1,0,4,198,286,11,0,495,0,0,0,495
11/28/2004,CLE,OH,AGL,CE,Combined TRACON& Tower with Radar,218,448,20,0,686,0,0,2,0,2,218,448,22,0,688,0,0,0,688
11/29/2004,CLE,OH,AGL,CE,Combined TRACON& Tower with Radar,244,535,44,0,823,0,2,8,0,10,244,537,52,0,833,0,0,0,833
11/30/2004,CLE,OH,AGL,CE,Combined TRACON& Tower with Radar,252,531,38,0,821,0,4,8,0,12,252,535,46,0,833,0,0,0,833
12/01/2004,CLE,OH,AGL,CE,Combined TRACON& Tower with Radar,226,426,34,0,686,0,4,4,0,8,226,430,38,0,694,0,0,0,694
12/02/2004,CLE,OH,AGL,CE,Combined TRACON& Tower with Radar,239,546,41,0,826,0,2,2,2,6,239,548,43,2,832,0,0,0,832
12/03/2004,CLE,OH,AGL,CE,Combined TRACON& Tower with Radar,237,533,42,0,812,0,0,7,0,7,237,533,49,0,819,0,0,0,819
12/04/2004,CLE,OH,AGL,CE,Combined TRACON& Tower with Radar,195,284,13,0,492,0,2,7,0,9,195,286,20,0,501,0,0,0,501
12/05/2004,CLE,OH,AGL,CE,Combined TRACON& Tower with Radar,201,371,12,0,584,0,1,6,0,7,201,372,18,0,591,0,0,0,591
12/06/2004,CLE,OH,AGL,CE,Combined TRACON& Tower with Radar,229,512,33,0,774,0,2,1,0,3,229,514,34,0,777,0,0,0,777
12/07/2004,CLE,OH,AGL,CE,Combined TRACON& Tower with Radar,224,462,44,2,732,0,0,0,0,0,224,462,44,2,732,0,0,0,732
12/08/2004,CLE,OH,AGL,CE,Combined TRACON& Tower with Radar,225,465,52,0,742,0,0,7,0,7,225,465,59,0,749,0,0,0,749
12/09/2004,CLE,OH,AGL,CE,Combined TRACON& Tower with Radar,243,538,51,0,832,0,0,5,2,7,243,538,56,2,839,0,0,0,839
12/10/2004,CLE,OH,AGL,CE,Combined TRACON& Tower with Radar,240,536,48,2,826,0,0,0,0,0,240,536,48,2,826,0,0,0,826
12/11/2004,CLE,OH,AGL,CE,Combined TRACON& Tower with Radar,200,295,19,0,514,0,2,0,0,2,200,297,19,0,516,0,0,0,516
12/12/2004,CLE,OH,AGL,CE,Combined TRACON& Tower with Radar,200,371,17,0,588,0,3,0,0,3,200,374,17,0,591,0,0,0,591
12/13/2004,CLE,OH,AGL,CE,Combined TRACON& Tower with Radar,208,452,33,0,693,0,0,0,0,0,208,452,33,0,693,0,0,0,693
12/14/2004,CLE,OH,AGL,CE,Combined TRACON& Tower with Radar,233,517,45,4,799,0,2,8,0,10,233,519,53,4,809,0,0,0,809
12/15/2004,CLE,OH,AGL,CE,Combined TRACON& Tower with Radar,231,461,44,0,736,0,7,9,2,18,231,468,53,2,754,0,0,0,754
12/16/2004,CLE,OH,AGL,CE,Combined TRACON& Tower with Radar,242,549,57,0,848,0,1,10,2,13,242,550,67,2,861,0,0,0,861
12/17/2004,CLE,OH,AGL,CE,Combined TRACON& Tower with Radar,253,535,35,0,823,0,3,5,0,8,253,538,40,0,831,0,0,0,831
12/18/2004,CLE,OH,AGL,CE,Combined TRACON& Tower with Radar,201,335,9,0,545,0,0,2,0,2,201,335,11,0,547,0,0,0,547
12/19/2004,CLE,OH,AGL,CE,Combined TRACON& Tower with Radar,198,311,8,0,517,0,0,0,0,0,198,311,8,0,517,0,0,0,517
12/20/2004,CLE,OH,AGL,CE,Combined TRACON& Tower with Radar,245,530,27,0,802,0,1,7,0,8,245,531,34,0,810,0,0,0,810
12/21/2004,CLE,OH,AGL,CE,Combined TRACON& Tower with Radar,256,546,41,0,843,0,6,7,0,13,256,552,48,0,856,0,0,0,856
12/22/2004,CLE,OH,AGL,CE,Combined TRACON& Tower with Radar,234,424,31,0,689,0,3,1,0,4,234,427,32,0,693,0,0,0,693
12/23/2004,CLE,OH,AGL,CE,Combined TRACON& Tower with Radar,168,92,10,0,270,0,1,0,0,1,168,93,10,0,271,0,0,0,271
12/24/2004,CLE,OH,AGL,CE,Combined TRACON& Tower with Radar,247,131,13,0,391,0,3,6,0,9,247,134,19,0,400,0,0,0,400
12/25/2004,CLE,OH,AGL,CE,Combined TRACON& Tower with Radar,182,184,1,0,367,0,5,0,0,5,182,189,1,0,372,0,0,0,372
12/26/2004,CLE,OH,AGL,CE,Combined TRACON& Tower with Radar,204,357,25,0,586,0,0,0,0,0,204,357,25,0,586,0,0,0,586
12/27/2004,CLE,OH,AGL,CE,Combined TRACON& Tower with Radar,254,530,20,0,804,0,4,4,0,8,254,534,24,0,812,0,0,0,812
12/28/2004,CLE,OH,AGL,CE,Combined TRACON& Tower with Radar,260,515,13,0,788,0,1,6,0,7,260,516,19,0,795,0,0,0,795
12/29/2004,CLE,OH,AGL,CE,Combined TRACON& Tower with Radar,254,509,20,0,783,0,2,5,0,7,254,511,25,0,790,0,0,0,790
12/30/2004,CLE,OH,AGL,CE,Combined TRACON& Tower with Radar,247,497,17,0,761,0,0,1,0,1,247,497,18,0,762,0,0,0,762
12/31/2004,CLE,OH,AGL,CE,Combined TRACON& Tower with Radar,223,327,9,0,559,0,2,4,0,6,223,329,13,0,565,0,0,0,565
01/01/2005,CLE,OH,AGL,CE,Combined TRACON& Tower with Radar,171,249,0,0,420,0,6,6,0,12,171,255,6,0,432,0,0,0,432
01/02/2005,CLE,OH,AGL,CE,Combined TRACON& Tower with Radar,227,375,15,0,617,0,2,4,0,6,227,377,19,0,623,0,0,0,623
01/03/2005,CLE,OH,AGL,CE,Combined TRACON& Tower with Radar,230,510,24,0,764,0,0,0,0,0,230,510,24,0,764,0,0,0,764
01/04/2005,CLE,OH,AGL,CE,Combined TRACON& Tower with Radar,223,423,37,0,683,0,0,0,0,0,223,423,37,0,683,0,0,0,683
01/05/2005,CLE,OH,AGL,CE,Combined TRACON& Tower with Radar,169,345,15,1,530,0,0,0,0,0,169,345,15,1,530,0,0,0,530
01/06/2005,CLE,OH,AGL,CE,Combined TRACON& Tower with Radar,195,427,21,2,645,0,0,1,0,1,195,427,22,2,646,0,0,0,646
01/07/2005,CLE,OH,AGL,CE,Combined TRACON& Tower with Radar,231,503,41,0,775,0,4,7,2,13,231,507,48,2,788,0,0,0,788
01/08/2005,CLE,OH,AGL,CE,Combined TRACON& Tower with Radar,191,277,16,0,484,0,0,0,0,0,191,277,16,0,484,0,0,0,484
01/09/2005,CLE,OH,AGL,CE,Combined TRACON& Tower with Radar,191,345,14,0,550,0,1,0,0,1,191,346,14,0,551,0,0,0,551
01/10/2005,CLE,OH,AGL,CE,Combined TRACON& Tower with Radar,218,496,30,0,744,0,3,4,0,7,218,499,34,0,751,0,0,0,751
01/11/2005,CLE,OH,AGL,CE,Combined TRACON& Tower with Radar,214,424,42,0,680,0,0,0,0,0,214,424,42,0,680,0,0,0,680
01/12/2005,CLE,OH,AGL,CE,Combined TRACON& Tower with Radar,217,429,45,2,693,0,2,3,0,5,217,431,48,2,698,0,0,0,698
01/13/2005,CLE,OH,AGL,CE,Combined TRACON& Tower with Radar,223,457,33,0,713,0,0,2,0,2,223,457,35,0,715,0,0,0,715
01/14/2005,CLE,OH,AGL,CE,Combined TRACON& Tower with Radar,229,495,29,0,753,1,1,5,0,7,230,496,34,0,760,0,0,0,760
01/15/2005,CLE,OH,AGL,CE,Combined TRACON& Tower with Radar,187,276,18,0,481,0,5,9,0,14,187,281,27,0,495,0,0,0,495
01/16/2005,CLE,OH,AGL,CE,Combined TRACON& Tower with Radar,189,322,18,0,529,0,0,0,0,0,189,322,18,0,529,0,0,0,529
01/17/2005,CLE,OH,AGL,CE,Combined TRACON& Tower with Radar,206,436,47,0,689,0,7,0,0,7,206,443,47,0,696,0,0,0,696
01/18/2005,CLE,OH,AGL,CE,Combined TRACON& Tower with Radar,209,441,43,0,693,0,1,6,0,7,209,442,49,0,700,0,0,0,700
01/19/2005,CLE,OH,AGL,CE,Combined TRACON& Tower with Radar,205,414,44,2,665,0,5,5,0,10,205,419,49,2,675,0,0,0,675
01/20/2005,CLE,OH,AGL,CE,Combined TRACON& Tower with Radar,225,506,47,0,778,0,4,7,0,11,225,510,54,0,789,0,0,0,789
01/21/2005,CLE,OH,AGL,CE,Combined TRACON& Tower with Radar,231,496,41,0,768,0,7,11,0,18,231,503,52,0,786,0,0,0,786
01/22/2005,CLE,OH,AGL,CE,Combined TRACON& Tower with Radar,209,203,6,0,418,0,0,1,0,1,209,203,7,0,419,0,0,0,419
01/23/2005,CLE,OH,AGL,CE,Combined TRACON& Tower with Radar,185,299,21,0,505,0,4,3,0,7,185,303,24,0,512,0,0,0,512
01/24/2005,CLE,OH,AGL,CE,Combined TRACON& Tower with Radar,214,477,25,2,718,0,8,8,3,19,214,485,33,5,737,0,0,0,737
01/25/2005,CLE,OH,AGL,CE,Combined TRACON& Tower with Radar,211,460,38,5,714,0,0,0,0,0,211,460,38,5,714,0,0,0,714
01/26/2005,CLE,OH,AGL,CE,Combined TRACON& Tower with Radar,214,428,29,4,675,0,4,0,0,4,214,432,29,4,679,0,0,0,679
01/27/2005,CLE,OH,AGL,CE,Combined TRACON& Tower with Radar,28,507,33,7,575,200,10,8,11,229,228,517,41,18,804,0,0,0,804
01/28/2005,CLE,OH,AGL,CE,Combined TRACON& Tower with Radar,222,499,38,0,759,0,2,8,2,12,222,501,46,2,771,0,0,0,771
01/29/2005,CLE,OH,AGL,CE,Combined TRACON& Tower with Radar,172,258,9,0,439,0,3,8,2,13,172,261,17,2,452,0,0,0,452
01/30/2005,CLE,OH,AGL,CE,Combined TRACON& Tower with Radar,193,351,18,0,562,0,3,5,2,10,193,354,23,2,572,0,0,0,572
01/31/2005,CLE,OH,AGL,CE,Combined TRACON& Tower with Radar,222,464,31,0,717,0,0,4,1,5,222,464,35,1,722,0,0,0,722
02/01/2005,CLE,OH,AGL,CE,Combined TRACON& Tower with Radar,213,430,29,0,672,0,0,1,0,1,213,430,30,0,673,0,0,0,673
02/02/2005,CLE,OH,AGL,CE,Combined TRACON& Tower with Radar,208,419,27,0,654,0,0,1,0,1,208,419,28,0,655,0,0,0,655
02/03/2005,CLE,OH,AGL,CE,Combined TRACON& Tower with Radar,228,485,44,0,757,0,0,1,0,1,228,485,45,0,758,0,0,0,758
02/04/2005,CLE,OH,AGL,CE,Combined TRACON& Tower with Radar,235,467,29,0,731,0,3,5,1,9,235,470,34,1,740,0,0,0,740
02/05/2005,CLE,OH,AGL,CE,Combined TRACON& Tower with Radar,201,270,11,0,482,0,3,6,0,9,201,273,17,0,491,0,0,0,491
02/06/2005,CLE,OH,AGL,CE,Combined TRACON& Tower with Radar,206,332,11,0,549,0,8,0,0,8,206,340,11,0,557,0,0,0,557
02/07/2005,CLE,OH,AGL,CE,Combined TRACON& Tower with Radar,233,484,42,0,759,0,4,7,0,11,233,488,49,0,770,0,0,0,770
02/08/2005,CLE,OH,AGL,CE,Combined TRACON& Tower with Radar,224,433,65,0,722,0,0,0,0,0,224,433,65,0,722,0,0,0,722
02/09/2005,CLE,OH,AGL,CE,Combined TRACON& Tower with Radar,222,428,44,0,694,0,0,0,0,0,222,428,44,0,694,0,0,0,694
02/10/2005,CLE,OH,AGL,CE,Combined TRACON& Tower with Radar,232,498,41,0,771,0,1,6,0,7,232,499,47,0,778,0,0,0,778
02/11/2005,CLE,OH,AGL,CE,Combined TRACON& Tower with Radar,238,474,27,0,739,0,1,3,0,4,238,475,30,0,743,0,0,0,743
02/12/2005,CLE,OH,AGL,CE,Combined TRACON& Tower with Radar,204,265,12,0,481,0,12,8,0,20,204,277,20,0,501,0,0,0,501
02/13/2005,CLE,OH,AGL,CE,Combined TRACON& Tower with Radar,202,340,11,0,553,0,2,5,0,7,202,342,16,0,560,0,0,0,560
02/14/2005,CLE,OH,AGL,CE,Combined TRACON& Tower with Radar,218,486,33,0,737,0,3,9,0,12,218,489,42,0,749,0,0,0,749
02/15/2005,CLE,OH,AGL,CE,Combined TRACON& Tower with Radar,232,431,31,0,694,0,6,8,0,14,232,437,39,0,708,0,0,0,708
02/16/2005,CLE,OH,AGL,CE,Combined TRACON& Tower with Radar,211,424,50,0,685,0,0,1,0,1,211,424,51,0,686,0,0,0,686
02/17/2005,CLE,OH,AGL,CE,Combined TRACON& Tower with Radar,242,512,37,0,791,0,5,4,0,9,242,517,41,0,800,0,0,0,800
02/18/2005,CLE,OH,AGL,CE,Combined TRACON& Tower with Radar,248,509,33,0,790,0,5,6,0,11,248,514,39,0,801,0,0,0,801
02/19/2005,CLE,OH,AGL,CE,Combined TRACON& Tower with Radar,207,284,2,0,493,0,2,6,0,8,207,286,8,0,501,0,0,0,501
02/20/2005,CLE,OH,AGL,CE,Combined TRACON& Tower with Radar,213,326,16,0,555,0,1,1,2,4,213,327,17,2,559,0,0,0,559
02/21/2005,CLE,OH,AGL,CE,Combined TRACON& Tower with Radar,226,505,40,0,771,0,1,1,0,2,226,506,41,0,773,0,0,0,773
02/22/2005,CLE,OH,AGL,CE,Combined TRACON& Tower with Radar,238,511,42,1,792,0,0,1,0,1,238,511,43,1,793,0,0,0,793
02/23/2005,CLE,OH,AGL,CE,Combined TRACON& Tower with Radar,244,529,37,1,811,0,2,10,0,12,244,531,47,1,823,0,0,0,823
02/24/2005,CLE,OH,AGL,CE,Combined TRACON& Tower with Radar,243,509,49,0,801,0,5,3,0,8,243,514,52,0,809,0,0,0,809
02/25/2005,CLE,OH,AGL,CE,Combined TRACON& Tower with Radar,251,509,41,0,801,0,8,9,0,17,251,517,50,0,818,0,0,0,818
02/26/2005,CLE,OH,AGL,CE,Combined TRACON& Tower with Radar,206,289,4,0,499,0,2,8,0,10,206,291,12,0,509,0,0,0,509
02/27/2005,CLE,OH,AGL,CE,Combined TRACON& Tower with Radar,205,348,17,0,570,0,6,13,0,19,205,354,30,0,589,0,0,0,589
02/28/2005,CLE,OH,AGL,CE,Combined TRACON& Tower with Radar,225,467,20,0,712,0,2,2,0,4,225,469,22,0,716,0,0,0,716
03/01/2005,CLE,OH,AGL,CE,Combined TRACON& Tower with Radar,216,366,25,0,607,0,0,0,0,0,216,366,25,0,607,0,0,0,607
03/02/2005,CLE,OH,AGL,CE,Combined TRACON& Tower with Radar,232,433,53,0,718,0,0,0,0,0,232,433,53,0,718,0,0,0,718
03/03/2005,CLE,OH,AGL,CE,Combined TRACON& Tower with Radar,248,562,43,1,854,0,2,7,5,14,248,564,50,6,868,0,0,0,868
03/04/2005,CLE,OH,AGL,CE,Combined TRACON& Tower with Radar,246,528,31,0,805,0,9,7,0,16,246,537,38,0,821,0,0,0,821
03/05/2005,CLE,OH,AGL,CE,Combined TRACON& Tower with Radar,203,279,11,0,493,0,3,4,0,7,203,282,15,0,500,0,0,0,500
03/06/2005,CLE,OH,AGL,CE,Combined TRACON& Tower with Radar,220,357,14,0,591,0,2,4,0,6,220,359,18,0,597,0,0,0,597
03/07/2005,CLE,OH,AGL,CE,Combined TRACON& Tower with Radar,245,510,43,0,798,0,16,4,0,20,245,526,47,0,818,0,0,0,818
03/08/2005,CLE,OH,AGL,CE,Combined TRACON& Tower with Radar,235,408,54,0,697,0,0,1,0,1,235,408,55,0,698,0,0,0,698
03/09/2005,CLE,OH,AGL,CE,Combined TRACON& Tower with Radar,240,519,54,0,813,0,2,2,0,4,240,521,56,0,817,0,0,0,817
03/10/2005,CLE,OH,AGL,CE,Combined TRACON& Tower with Radar,241,512,36,0,789,0,1,8,0,9,241,513,44,0,798,0,0,0,798
03/11/2005,CLE,OH,AGL,CE,Combined TRACON& Tower with Radar,253,534,34,0,821,0,0,2,0,2,253,534,36,0,823,0,0,0,823
03/12/2005,CLE,OH,AGL,CE,Combined TRACON& Tower with Radar,202,286,15,0,503,0,2,0,0,2,202,288,15,0,505,0,0,0,505
03/13/2005,CLE,OH,AGL,CE,Combined TRACON& Tower with Radar,211,371,17,0,599,0,3,5,0,8,211,374,22,0,607,0,0,0,607
03/14/2005,CLE,OH,AGL,CE,Combined TRACON& Tower with Radar,250,518,41,0,809,0,5,5,3,13,250,523,46,3,822,0,0,0,822
03/15/2005,CLE,OH,AGL,CE,Combined TRACON& Tower with Radar,245,439,29,0,713,0,11,8,0,19,245,450,37,0,732,0,0,0,732
03/16/2005,CLE,OH,AGL,CE,Combined TRACON& Tower with Radar,246,522,44,0,812,0,18,4,0,22,246,540,48,0,834,0,0,0,834
03/17/2005,CLE,OH,AGL,CE,Combined TRACON& Tower with Radar,245,521,37,0,803,0,25,4,0,29,245,546,41,0,832,0,0,0,832
03/18/2005,CLE,OH,AGL,CE,Combined TRACON& Tower with Radar,250,535,41,0,826,0,5,3,0,8,250,540,44,0,834,0,0,0,834
03/19/2005,CLE,OH,AGL,CE,Combined TRACON& Tower with Radar,206,287,16,0,509,0,5,7,0,12,206,292,23,0,521,0,0,0,521
03/20/2005,CLE,OH,AGL,CE,Combined TRACON& Tower with Radar,216,375,18,0,609,0,3,0,0,3,216,378,18,0,612,0,0,0,612
03/21/2005,CLE,OH,AGL,CE,Combined TRACON& Tower with Radar,254,535,24,0,813,0,3,4,0,7,254,538,28,0,820,0,0,0,820
03/22/2005,CLE,OH,AGL,CE,Combined TRACON& Tower with Radar,247,432,41,0,720,0,10,19,0,29,247,442,60,0,749,0,0,0,749
03/23/2005,CLE,OH,AGL,CE,Combined TRACON& Tower with Radar,235,503,50,0,788,0,4,1,0,5,235,507,51,0,793,0,0,0,793
03/24/2005,CLE,OH,AGL,CE,Combined TRACON& Tower with Radar,255,546,57,0,858,0,2,1,0,3,255,548,58,0,861,0,0,0,861
03/25/2005,CLE,OH,AGL,CE,Combined TRACON& Tower with Radar,244,515,31,0,790,0,1,2,0,3,244,516,33,0,793,0,0,0,793
03/26/2005,CLE,OH,AGL,CE,Combined TRACON& Tower with Radar,208,283,9,0,500,0,0,1,0,1,208,283,10,0,501,0,0,0,501
03/27/2005,CLE,OH,AGL,CE,Combined TRACON& Tower with Radar,200,369,12,0,581,0,2,0,1,3,200,371,12,1,584,0,0,0,584
03/28/2005,CLE,OH,AGL,CE,Combined TRACON& Tower with Radar,235,504,35,0,774,0,2,4,0,6,235,506,39,0,780,0,0,0,780
03/29/2005,CLE,OH,AGL,CE,Combined TRACON& Tower with Radar,258,528,26,0,812,0,14,8,0,22,258,542,34,0,834,0,0,0,834
03/30/2005,CLE,OH,AGL,CE,Combined TRACON& Tower with Radar,243,515,23,0,781,0,19,6,0,25,243,534,29,0,806,0,0,0,806
03/31/2005,CLE,OH,AGL,CE,Combined TRACON& Tower with Radar,254,535,39,0,828,0,12,1,0,13,254,547,40,0,841,0,0,0,841
04/01/2005,CLE,OH,AGL,CE,Combined TRACON& Tower with Radar,252,533,25,0,810,0,14,5,0,19,252,547,30,0,829,0,0,0,829
04/02/2005,CLE,OH,AGL,CE,Combined TRACON& Tower with Radar,194,289,14,0,497,0,5,0,0,5,194,294,14,0,502,0,0,0,502
04/03/2005,CLE,OH,AGL,CE,Combined TRACON& Tower with Radar,237,385,33,0,655,0,3,0,0,3,237,388,33,0,658,0,0,0,658
04/04/2005,CLE,OH,AGL,CE,Combined TRACON& Tower with Radar,255,526,34,0,815,0,5,10,0,15,255,531,44,0,830,0,0,0,830
04/05/2005,CLE,OH,AGL,CE,Combined TRACON& Tower with Radar,240,431,46,0,717,0,8,17,0,25,240,439,63,0,742,0,0,0,742
04/06/2005,CLE,OH,AGL,CE,Combined TRACON& Tower with Radar,236,440,50,0,726,0,7,16,4,27,236,447,66,4,753,0,0,0,753
04/07/2005,CLE,OH,AGL,CE,Combined TRACON& Tower with Radar,248,526,29,0,803,0,4,1,0,5,248,530,30,0,808,0,0,0,808
04/08/2005,CLE,OH,AGL,CE,Combined TRACON& Tower with Radar,257,538,28,0,823,0,8,19,2,29,257,546,47,2,852,0,0,0,852
04/09/2005,CLE,OH,AGL,CE,Combined TRACON& Tower with Radar,227,271,13,0,511,0,3,14,0,17,227,274,27,0,528,0,0,0,528
04/10/2005,CLE,OH,AGL,CE,Combined TRACON& Tower with Radar,225,371,13,0,609,0,17,13,4,34,225,388,26,4,643,0,0,0,643
04/11/2005,CLE,OH,AGL,CE,Combined TRACON& Tower with Radar,236,535,25,0,796,0,7,17,0,24,236,542,42,0,820,0,0,0,820
04/12/2005,CLE,OH,AGL,CE,Combined TRACON& Tower with Radar,240,445,37,2,724,0,4,11,0,15,240,449,48,2,739,0,0,0,739
04/13/2005,CLE,OH,AGL,CE,Combined TRACON& Tower with Radar,239,439,38,2,718,0,0,0,0,0,239,439,38,2,718,6,3,9,727
04/14/2005,CLE,OH,AGL,CE,Combined TRACON& Tower with Radar,253,528,45,1,827,0,9,10,0,19,253,537,55,1,846,0,0,0,846
04/15/2005,CLE,OH,AGL,CE,Combined TRACON& Tower with Radar,250,515,35,5,805,0,4,8,10,22,250,519,43,15,827,0,0,0,827
04/16/2005,CLE,OH,AGL,CE,Combined TRACON& Tower with Radar,220,284,3,0,507,0,8,11,0,19,220,292,14,0,526,0,0,0,526
04/17/2005,CLE,OH,AGL,CE,Combined TRACON& Tower with Radar,216,373,13,0,602,0,6,15,0,21,216,379,28,0,623,0,0,0,623
04/18/2005,CLE,OH,AGL,CE,Combined TRACON& Tower with Radar,244,518,16,0,778,0,4,8,0,12,244,522,24,0,790,0,0,0,790
04/19/2005,CLE,OH,AGL,CE,Combined TRACON& Tower with Radar,237,248,38,2,525,0,0,12,0,12,237,248,50,2,537,0,0,0,537
04/20/2005,CLE,OH,AGL,CE,Combined TRACON& Tower with Radar,229,437,60,0,726,0,4,1,0,5,229,441,61,0,731,0,0,0,731
04/21/2005,CLE,OH,AGL,CE,Combined TRACON& Tower with Radar,249,531,31,0,811,0,0,8,0,8,249,531,39,0,819,0,0,0,819
04/22/2005,CLE,OH,AGL,CE,Combined TRACON& Tower with Radar,243,530,33,0,806,0,2,7,0,9,243,532,40,0,815,0,0,0,815
04/23/2005,CLE,OH,AGL,CE,Combined TRACON& Tower with Radar,254,327,17,0,598,0,1,0,0,1,254,328,17,0,599,0,0,0,599
04/24/2005,CLE,OH,AGL,CE,Combined TRACON& Tower with Radar,214,368,12,0,594,0,0,0,0,0,214,368,12,0,594,0,0,0,594
04/25/2005,CLE,OH,AGL,CE,Combined TRACON& Tower with Radar,243,530,27,0,800,0,0,4,0,4,243,530,31,0,804,0,0,0,804
04/26/2005,CLE,OH,AGL,CE,Combined TRACON& Tower with Radar,235,451,34,0,720,0,3,8,0,11,235,454,42,0,731,0,0,0,731
04/27/2005,CLE,OH,AGL,CE,Combined TRACON& Tower with Radar,234,455,29,0,718,0,2,2,0,4,234,457,31,0,722,0,0,0,722
04/28/2005,CLE,OH,AGL,CE,Combined TRACON& Tower with Radar,248,538,47,2,835,0,0,8,1,9,248,538,55,3,844,0,0,0,844
04/29/2005,CLE,OH,AGL,CE,Combined TRACON& Tower with Radar,252,529,35,0,816,0,0,9,2,11,252,529,44,2,827,0,0,0,827
04/30/2005,CLE,OH,AGL,CE,Combined TRACON& Tower with Radar,215,270,5,0,490,0,0,0,0,0,215,270,5,0,490,0,0,0,490
05/01/2005,CLE,OH,AGL,CE,Combined TRACON& Tower with Radar,215,377,15,0,607,0,46,93,0,139,215,423,108,0,746,72,0,72,818
05/02/2005,CLE,OH,AGL,CE,Combined TRACON& Tower with Radar,232,519,39,0,790,0,1,9,0,10,232,520,48,0,800,0,0,0,800
05/03/2005,CLE,OH,AGL,CE,Combined TRACON& Tower with Radar,277,512,43,1,833,0,4,14,0,18,277,516,57,1,851,0,0,0,851
05/04/2005,CLE,OH,AGL,CE,Combined TRACON& Tower with Radar,237,444,42,0,723,0,5,11,0,16,237,449,53,0,739,0,0,0,739
05/05/2005,CLE,OH,AGL,CE,Combined TRACON& Tower with Radar,239,531,35,0,805,0,7,16,0,23,239,538,51,0,828,0,0,0,828
05/06/2005,CLE,OH,AGL,CE,Combined TRACON& Tower with Radar,254,530,32,0,816,0,10,13,0,23,254,540,45,0,839,0,0,0,839
05/07/2005,CLE,OH,AGL,CE,Combined TRACON& Tower with Radar,206,288,9,0,503,0,3,3,0,6,206,291,12,0,509,0,0,0,509
05/08/2005,CLE,OH,AGL,CE,Combined TRACON& Tower with Radar,206,288,9,0,503,0,3,3,0,6,206,291,12,0,509,0,0,0,509
05/09/2005,CLE,OH,AGL,CE,Combined TRACON& Tower with Radar,233,525,37,0,795,0,3,15,0,18,233,528,52,0,813,0,0,0,813
05/10/2005,CLE,OH,AGL,CE,Combined TRACON& Tower with Radar,223,440,36,0,699,0,5,18,0,23,223,445,54,0,722,0,0,0,722
05/11/2005,CLE,OH,AGL,CE,Combined TRACON& Tower with Radar,245,438,43,0,726,0,2,16,0,18,245,440,59,0,744,0,0,0,744
05/12/2005,CLE,OH,AGL,CE,Combined TRACON& Tower with Radar,245,541,31,0,817,0,3,11,0,14,245,544,42,0,831,0,0,0,831
05/13/2005,CLE,OH,AGL,CE,Combined TRACON& Tower with Radar,227,506,32,0,765,0,7,12,0,19,227,513,44,0,784,0,0,0,784
05/14/2005,CLE,OH,AGL,CE,Combined TRACON& Tower with Radar,204,304,15,0,523,0,4,4,0,8,204,308,19,0,531,0,0,0,531
05/15/2005,CLE,OH,AGL,CE,Combined TRACON& Tower with Radar,199,380,17,0,596,0,19,13,0,32,199,399,30,0,628,0,0,0,628
05/16/2005,CLE,OH,AGL,CE,Combined TRACON& Tower with Radar,238,520,36,0,794,0,5,9,0,14,238,525,45,0,808,0,0,0,808
05/17/2005,CLE,OH,AGL,CE,Combined TRACON& Tower with Radar,224,438,32,0,694,0,1,9,0,10,224,439,41,0,704,0,0,0,704
05/18/2005,CLE,OH,AGL,CE,Combined TRACON& Tower with Radar,226,439,49,0,714,0,8,4,0,12,226,447,53,0,726,0,0,0,726
05/19/2005,CLE,OH,AGL,CE,Combined TRACON& Tower with Radar,234,512,55,0,801,0,6,7,0,13,234,518,62,0,814,0,0,0,814
05/20/2005,CLE,OH,AGL,CE,Combined TRACON& Tower with Radar,238,523,41,0,802,1,5,6,0,12,239,528,47,0,814,0,0,0,814
05/21/2005,CLE,OH,AGL,CE,Combined TRACON& Tower with Radar,194,282,17,0,493,0,8,9,0,17,194,290,26,0,510,0,0,0,510
05/22/2005,CLE,OH,AGL,CE,Combined TRACON& Tower with Radar,198,380,22,0,600,1,4,7,0,12,199,384,29,0,612,0,0,0,612
05/23/2005,CLE,OH,AGL,CE,Combined TRACON& Tower with Radar,232,507,43,0,782,0,5,0,0,5,232,512,43,0,787,0,0,0,787
05/24/2005,CLE,OH,AGL,CE,Combined TRACON& Tower with Radar,220,431,27,0,678,0,5,3,0,8,220,436,30,0,686,0,0,0,686
05/25/2005,CLE,OH,AGL,CE,Combined TRACON& Tower with Radar,225,535,53,0,813,0,5,7,0,12,225,540,60,0,825,0,0,0,825
05/26/2005,CLE,OH,AGL,CE,Combined TRACON& Tower with Radar,245,529,44,0,818,0,4,11,1,16,245,533,55,1,834,0,0,0,834
05/27/2005,CLE,OH,AGL,CE,Combined TRACON& Tower with Radar,241,518,36,1,796,0,1,6,1,8,241,519,42,2,804,0,0,0,804
05/28/2005,CLE,OH,AGL,CE,Combined TRACON& Tower with Radar,213,301,5,1,520,0,5,4,2,11,213,306,9,3,531,0,0,0,531
05/29/2005,CLE,OH,AGL,CE,Combined TRACON& Tower with Radar,173,280,7,1,461,0,7,3,0,10,173,287,10,1,471,0,0,0,471
05/30/2005,CLE,OH,AGL,CE,Combined TRACON& Tower with Radar,213,386,12,0,611,0,4,6,0,10,213,390,18,0,621,0,0,0,621
05/31/2005,CLE,OH,AGL,CE,Combined TRACON& Tower with Radar,223,516,28,3,770,0,5,12,0,17,223,521,40,3,787,0,0,0,787
06/01/2005,CLE,OH,AGL,CE,Combined TRACON& Tower with Radar,228,548,36,1,813,0,6,17,0,23,228,554,53,1,836,0,0,0,836
06/02/2005,CLE,OH,AGL,CE,Combined TRACON& Tower with Radar,228,538,39,0,805,0,3,11,0,14,228,541,50,0,819,0,0,0,819
06/03/2005,CLE,OH,AGL,CE,Combined TRACON& Tower with Radar,242,517,29,1,789,0,0,2,0,2,242,517,31,1,791,0,0,0,791
06/04/2005,CLE,OH,AGL,CE,Combined TRACON& Tower with Radar,190,291,9,1,491,0,1,3,0,4,190,292,12,1,495,0,0,0,495
06/05/2005,CLE,OH,AGL,CE,Combined TRACON& Tower with Radar,191,353,14,1,559,0,1,3,0,4,191,354,17,1,563,0,0,0,563
06/06/2005,CLE,OH,AGL,CE,Combined TRACON& Tower with Radar,220,480,27,0,727,1,1,1,0,3,221,481,28,0,730,0,0,0,730
06/07/2005,CLE,OH,AGL,CE,Combined TRACON& Tower with Radar,219,445,34,0,698,0,3,8,0,11,219,448,42,0,709,0,0,0,709
06/08/2005,CLE,OH,AGL,CE,Combined TRACON& Tower with Radar,240,530,24,0,794,0,4,7,1,12,240,534,31,1,806,0,0,0,806
06/09/2005,CLE,OH,AGL,CE,Combined TRACON& Tower with Radar,240,530,24,0,794,0,4,7,1,12,240,534,31,1,806,0,0,0,806
06/10/2005,CLE,OH,AGL,CE,Combined TRACON& Tower with Radar,236,536,32,0,804,0,1,3,0,4,236,537,35,0,808,0,0,0,808
06/11/2005,CLE,OH,AGL,CE,Combined TRACON& Tower with Radar,219,334,27,2,582,0,3,4,0,7,219,337,31,2,589,0,0,0,589
06/12/2005,CLE,OH,AGL,CE,Combined TRACON& Tower with Radar,208,410,23,0,641,0,4,5,1,10,208,414,28,1,651,0,0,0,651
06/13/2005,CLE,OH,AGL,CE,Combined TRACON& Tower with Radar,224,537,45,1,807,0,3,0,0,3,224,540,45,1,810,0,0,0,810
06/14/2005,CLE,OH,AGL,CE,Combined TRACON& Tower with Radar,225,412,51,0,688,0,2,1,0,3,225,414,52,0,691,0,0,0,691
06/15/2005,CLE,OH,AGL,CE,Combined TRACON& Tower with Radar,236,551,46,0,833,0,0,9,0,9,236,551,55,0,842,0,0,0,842
06/16/2005,CLE,OH,AGL,CE,Combined TRACON& Tower with Radar,236,532,48,0,816,0,1,1,0,2,236,533,49,0,818,0,0,0,818
06/17/2005,CLE,OH,AGL,CE,Combined TRACON& Tower with Radar,242,569,38,1,850,0,9,3,0,12,242,578,41,1,862,0,0,0,862
06/18/2005,CLE,OH,AGL,CE,Combined TRACON& Tower with Radar,207,310,9,1,527,0,1,5,0,6,207,311,14,1,533,0,0,0,533
06/19/2005,CLE,OH,AGL,CE,Combined TRACON& Tower with Radar,217,412,17,0,646,0,4,9,0,13,217,416,26,0,659,0,0,0,659
06/20/2005,CLE,OH,AGL,CE,Combined TRACON& Tower with Radar,229,542,20,0,791,0,3,9,1,13,229,545,29,1,804,0,0,0,804
06/21/2005,CLE,OH,AGL,CE,Combined TRACON& Tower with Radar,238,461,41,0,740,0,4,7,0,11,238,465,48,0,751,0,0,0,751
06/22/2005,CLE,OH,AGL,CE,Combined TRACON& Tower with Radar,251,554,52,0,857,0,0,8,1,9,251,554,60,1,866,0,0,0,866
06/23/2005,CLE,OH,AGL,CE,Combined TRACON& Tower with Radar,246,560,64,0,870,0,2,7,0,9,246,562,71,0,879,0,0,0,879
06/24/2005,CLE,OH,AGL,CE,Combined TRACON& Tower with Radar,244,562,49,0,855,0,0,7,0,7,244,562,56,0,862,0,0,0,862
06/25/2005,CLE,OH,AGL,CE,Combined TRACON& Tower with Radar,204,323,27,0,554,0,10,8,0,18,204,333,35,0,572,0,0,0,572
06/26/2005,CLE,OH,AGL,CE,Combined TRACON& Tower with Radar,220,420,32,0,672,0,4,5,0,9,220,424,37,0,681,0,0,0,681
06/27/2005,CLE,OH,AGL,CE,Combined TRACON& Tower with Radar,225,536,39,0,800,0,6,4,0,10,225,542,43,0,810,0,0,0,810
06/28/2005,CLE,OH,AGL,CE,Combined TRACON& Tower with Radar,227,546,43,0,816,0,7,7,0,14,227,553,50,0,830,0,0,0,830
06/29/2005,CLE,OH,AGL,CE,Combined TRACON& Tower with Radar,237,534,42,0,813,0,2,0,0,2,237,536,42,0,815,0,0,0,815
06/30/2005,CLE,OH,AGL,CE,Combined TRACON& Tower with Radar,237,534,42,0,813,0,2,0,0,2,237,536,42,0,815,0,0,0,815
07/01/2005,CLE,OH,AGL,CE,Combined TRACON& Tower with Radar,244,557,38,0,839,0,0,7,0,7,244,557,45,0,846,0,0,0,846
07/02/2005,CLE,OH,AGL,CE,Combined TRACON& Tower with Radar,206,317,15,0,538,0,0,11,0,11,206,317,26,0,549,0,0,0,549
07/03/2005,CLE,OH,AGL,CE,Combined TRACON& Tower with Radar,182,279,8,0,469,0,0,6,0,6,182,279,14,0,475,0,0,0,475
07/04/2005,CLE,OH,AGL,CE,Combined TRACON& Tower with Radar,197,407,6,0,610,0,1,2,1,4,197,408,8,1,614,0,0,0,614
07/05/2005,CLE,OH,AGL,CE,Combined TRACON& Tower with Radar,231,525,24,0,780,0,2,4,0,6,231,527,28,0,786,0,0,0,786
07/06/2005,CLE,OH,AGL,CE,Combined TRACON& Tower with Radar,238,562,43,0,843,0,0,3,0,3,238,562,46,0,846,0,0,0,846
07/07/2005,CLE,OH,AGL,CE,Combined TRACON& Tower with Radar,240,540,38,0,818,0,0,3,0,3,240,540,41,0,821,0,0,0,821
07/08/2005,CLE,OH,AGL,CE,Combined TRACON& Tower with Radar,233,531,33,0,797,0,1,7,0,8,233,532,40,0,805,0,0,0,805
07/09/2005,CLE,OH,AGL,CE,Combined TRACON& Tower with Radar,212,326,6,0,544,1,4,11,0,16,213,330,17,0,560,0,0,0,560
07/10/2005,CLE,OH,AGL,CE,Combined TRACON& Tower with Radar,220,425,24,0,669,0,3,10,0,13,220,428,34,0,682,0,0,0,682
07/11/2005,CLE,OH,AGL,CE,Combined TRACON& Tower with Radar,222,532,36,0,790,0,2,12,0,14,222,534,48,0,804,0,0,0,804
07/12/2005,CLE,OH,AGL,CE,Combined TRACON& Tower with Radar,232,451,39,0,722,0,3,5,0,8,232,454,44,0,730,0,0,0,730
07/13/2005,CLE,OH,AGL,CE,Combined TRACON& Tower with Radar,229,515,35,0,779,0,4,7,0,11,229,519,42,0,790,0,0,0,790
07/14/2005,CLE,OH,AGL,CE,Combined TRACON& Tower with Radar,246,564,47,0,857,0,0,3,0,3,246,564,50,0,860,0,0,0,860
07/15/2005,CLE,OH,AGL,CE,Combined TRACON& Tower with Radar,242,516,28,0,786,0,1,2,0,3,242,517,30,0,789,0,0,0,789
07/16/2005,CLE,OH,AGL,CE,Combined TRACON& Tower with Radar,213,338,11,0,562,0,2,1,0,3,213,340,12,0,565,0,0,0,565
07/17/2005,CLE,OH,AGL,CE,Combined TRACON& Tower with Radar,209,403,20,0,632,1,2,0,0,3,210,405,20,0,635,0,0,0,635
07/18/2005,CLE,OH,AGL,CE,Combined TRACON& Tower with Radar,238,507,46,0,791,0,1,2,0,3,238,508,48,0,794,0,0,0,794
07/19/2005,CLE,OH,AGL,CE,Combined TRACON& Tower with Radar,237,473,48,0,758,0,1,2,0,3,237,474,50,0,761,0,0,0,761
07/20/2005,CLE,OH,AGL,CE,Combined TRACON& Tower with Radar,226,556,56,0,838,0,3,6,1,10,226,559,62,1,848,0,0,0,848
07/21/2005,CLE,OH,AGL,CE,Combined TRACON& Tower with Radar,242,542,49,0,833,0,2,1,0,3,242,544,50,0,836,0,0,0,836
07/22/2005,CLE,OH,AGL,CE,Combined TRACON& Tower with Radar,243,552,52,0,847,0,4,5,0,9,243,556,57,0,856,0,0,0,856
07/23/2005,CLE,OH,AGL,CE,Combined TRACON& Tower with Radar,210,316,14,0,540,0,5,4,0,9,210,321,18,0,549,0,0,0,549
07/24/2005,CLE,OH,AGL,CE,Combined TRACON& Tower with Radar,221,418,13,0,652,0,0,3,0,3,221,418,16,0,655,0,0,0,655
07/25/2005,CLE,OH,AGL,CE,Combined TRACON& Tower with Radar,210,530,44,0,784,0,0,0,0,0,210,530,44,0,784,0,0,0,784
07/26/2005,CLE,OH,AGL,CE,Combined TRACON& Tower with Radar,232,427,35,0,694,0,4,4,0,8,232,431,39,0,702,0,0,0,702
07/27/2005,CLE,OH,AGL,CE,Combined TRACON& Tower with Radar,244,549,43,0,836,1,2,2,0,5,245,551,45,0,841,0,0,0,841
07/28/2005,CLE,OH,AGL,CE,Combined TRACON& Tower with Radar,246,568,51,0,865,0,1,3,0,4,246,569,54,0,869,0,0,0,869
07/29/2005,CLE,OH,AGL,CE,Combined TRACON& Tower with Radar,230,548,37,0,815,1,1,7,1,10,231,549,44,1,825,0,0,0,825
07/30/2005,CLE,OH,AGL,CE,Combined TRACON& Tower with Radar,210,321,23,0,554,0,3,11,0,14,210,324,34,0,568,0,0,0,568
07/31/2005,CLE,OH,AGL,CE,Combined TRACON& Tower with Radar,217,409,24,0,650,0,1,10,0,11,217,410,34,0,661,0,0,0,661
08/01/2005,CLE,OH,AGL,CE,Combined TRACON& Tower with Radar,231,542,32,0,805,0,1,6,1,8,231,543,38,1,813,0,0,0,813
08/02/2005,CLE,OH,AGL,CE,Combined TRACON& Tower with Radar,233,442,31,0,706,0,2,1,0,3,233,444,32,0,709,0,0,0,709
08/03/2005,CLE,OH,AGL,CE,Combined TRACON& Tower with Radar,227,541,50,1,819,1,3,4,0,8,228,544,54,1,827,0,0,0,827
08/04/2005,CLE,OH,AGL,CE,Combined TRACON& Tower with Radar,246,537,36,0,819,0,2,4,0,6,246,539,40,0,825,0,0,0,825
08/05/2005,CLE,OH,AGL,CE,Combined TRACON& Tower with Radar,234,520,36,0,790,0,2,5,1,8,234,522,41,1,798,0,0,0,798
08/06/2005,CLE,OH,AGL,CE,Combined TRACON& Tower with Radar,213,318,20,0,551,0,2,9,0,11,213,320,29,0,562,0,0,0,562
08/07/2005,CLE,OH,AGL,CE,Combined TRACON& Tower with Radar,209,404,17,0,630,0,2,7,0,9,209,406,24,0,639,0,0,0,639
08/08/2005,CLE,OH,AGL,CE,Combined TRACON& Tower with Radar,224,489,37,2,752,0,2,6,3,11,224,491,43,5,763,0,0,0,763
08/09/2005,CLE,OH,AGL,CE,Combined TRACON& Tower with Radar,237,469,36,0,742,0,0,7,0,7,237,469,43,0,749,0,0,0,749
08/10/2005,CLE,OH,AGL,CE,Combined TRACON& Tower with Radar,229,537,25,4,795,0,4,2,0,6,229,541,27,4,801,0,0,0,801
08/11/2005,CLE,OH,AGL,CE,Combined TRACON& Tower with Radar,237,561,34,4,836,0,0,8,0,8,237,561,42,4,844,0,0,0,844
08/12/2005,CLE,OH,AGL,CE,Combined TRACON& Tower with Radar,245,533,38,0,816,0,2,3,0,5,245,535,41,0,821,0,0,0,821
08/13/2005,CLE,OH,AGL,CE,Combined TRACON& Tower with Radar,207,318,11,0,536,0,0,4,0,4,207,318,15,0,540,0,0,0,540
08/14/2005,CLE,OH,AGL,CE,Combined TRACON& Tower with Radar,205,410,27,0,642,3,4,2,0,9,208,414,29,0,651,0,0,0,651
08/15/2005,CLE,OH,AGL,CE,Combined TRACON& Tower with Radar,241,537,34,0,812,1,0,6,1,8,242,537,40,1,820,0,0,0,820
08/16/2005,CLE,OH,AGL,CE,Combined TRACON& Tower with Radar,228,450,46,0,724,1,4,8,1,14,229,454,54,1,738,0,0,0,738
08/17/2005,CLE,OH,AGL,CE,Combined TRACON& Tower with Radar,235,552,48,0,835,0,3,5,1,9,235,555,53,1,844,0,0,0,844
08/18/2005,CLE,OH,AGL,CE,Combined TRACON& Tower with Radar,235,552,48,0,835,0,3,5,1,9,235,555,53,1,844,0,0,0,844
08/19/2005,CLE,OH,AGL,CE,Combined TRACON& Tower with Radar,243,533,35,0,811,0,8,0,0,8,243,541,35,0,819,0,0,0,819
08/20/2005,CLE,OH,AGL,CE,Combined TRACON& Tower with Radar,200,293,6,0,499,0,4,1,0,5,200,297,7,0,504,0,0,0,504
08/21/2005,CLE,OH,AGL,CE,Combined TRACON& Tower with Radar,212,435,28,2,677,0,7,5,0,12,212,442,33,2,689,0,0,0,689
08/22/2005,CLE,OH,AGL,CE,Combined TRACON& Tower with Radar,223,536,34,0,793,1,3,8,1,13,224,539,42,1,806,0,0,0,806
08/23/2005,CLE,OH,AGL,CE,Combined TRACON& Tower with Radar,223,441,50,0,714,0,0,3,0,3,223,441,53,0,717,0,0,0,717
08/24/2005,CLE,OH,AGL,CE,Combined TRACON& Tower with Radar,224,450,45,0,719,0,0,4,0,4,224,450,49,0,723,0,0,0,723
08/25/2005,CLE,OH,AGL,CE,Combined TRACON& Tower with Radar,233,561,47,2,843,0,0,3,0,3,233,561,50,2,846,0,0,0,846
08/26/2005,CLE,OH,AGL,CE,Combined TRACON& Tower with Radar,237,548,44,0,829,0,3,5,0,8,237,551,49,0,837,0,0,0,837
08/27/2005,CLE,OH,AGL,CE,Combined TRACON& Tower with Radar,208,324,24,0,556,1,4,1,0,6,209,328,25,0,562,0,0,0,562
08/28/2005,CLE,OH,AGL,CE,Combined TRACON& Tower with Radar,210,425,10,0,645,0,1,4,0,5,210,426,14,0,650,0,0,0,650
08/29/2005,CLE,OH,AGL,CE,Combined TRACON& Tower with Radar,225,539,38,2,804,0,2,4,2,8,225,541,42,4,812,0,0,0,812
08/30/2005,CLE,OH,AGL,CE,Combined TRACON& Tower with Radar,227,446,27,0,700,0,0,0,0,0,227,446,27,0,700,0,0,0,700
08/31/2005,CLE,OH,AGL,CE,Combined TRACON& Tower with Radar,233,458,32,0,723,0,0,2,0,2,233,458,34,0,725,0,0,0,725
09/01/2005,CLE,OH,AGL,CE,Combined TRACON& Tower with Radar,245,538,35,6,824,0,4,21,3,28,245,542,56,9,852,0,0,0,852
09/02/2005,CLE,OH,AGL,CE,Combined TRACON& Tower with Radar,240,547,41,5,833,0,5,7,9,21,240,552,48,14,854,0,0,0,854
09/03/2005,CLE,OH,AGL,CE,Combined TRACON& Tower with Radar,195,302,21,1,519,0,6,19,3,28,195,308,40,4,547,0,0,0,547
09/04/2005,CLE,OH,AGL,CE,Combined TRACON& Tower with Radar,162,286,15,2,465,0,0,10,7,17,162,286,25,9,482,0,0,0,482
09/05/2005,CLE,OH,AGL,CE,Combined TRACON& Tower with Radar,213,421,19,4,657,0,0,12,3,15,213,421,31,7,672,0,0,0,672
09/06/2005,CLE,OH,AGL,CE,Combined TRACON& Tower with Radar,226,528,26,3,783,0,2,7,0,9,226,530,33,3,792,0,0,0,792
09/07/2005,CLE,OH,AGL,CE,Combined TRACON& Tower with Radar,230,530,26,3,789,0,2,7,0,9,230,532,33,3,798,0,0,0,798
09/08/2005,CLE,OH,AGL,CE,Combined TRACON& Tower with Radar,254,588,44,1,887,0,0,8,1,9,254,588,52,2,896,0,0,0,896
09/09/2005,CLE,OH,AGL,CE,Combined TRACON& Tower with Radar,243,544,36,0,823,0,4,4,1,9,243,548,40,1,832,0,0,0,832
09/10/2005,CLE,OH,AGL,CE,Combined TRACON& Tower with Radar,186,290,11,0,487,0,2,10,0,12,186,292,21,0,499,0,0,0,499
09/11/2005,CLE,OH,AGL,CE,Combined TRACON& Tower with Radar,197,395,14,1,607,0,4,12,0,16,197,399,26,1,623,0,0,0,623
09/12/2005,CLE,OH,AGL,CE,Combined TRACON& Tower with Radar,212,532,37,0,781,0,1,5,2,8,212,533,42,2,789,0,0,0,789
09/13/2005,CLE,OH,AGL,CE,Combined TRACON& Tower with Radar,214,446,50,2,712,0,4,3,2,9,214,450,53,4,721,0,0,0,721
09/14/2005,CLE,OH,AGL,CE,Combined TRACON& Tower with Radar,211,449,40,2,702,0,0,5,0,5,211,449,45,2,707,0,0,0,707
09/15/2005,CLE,OH,AGL,CE,Combined TRACON& Tower with Radar,216,540,48,2,806,0,3,0,1,4,216,543,48,3,810,0,0,0,810
09/16/2005,CLE,OH,AGL,CE,Combined TRACON& Tower with Radar,228,548,40,0,816,0,0,1,0,1,228,548,41,0,817,0,0,0,817
09/17/2005,CLE,OH,AGL,CE,Combined TRACON& Tower with Radar,174,299,22,0,495,0,0,0,0,0,174,299,22,0,495,0,0,0,495
09/18/2005,CLE,OH,AGL,CE,Combined TRACON& Tower with Radar,204,389,32,2,627,0,5,4,1,10,204,394,36,3,637,0,0,0,637
09/19/2005,CLE,OH,AGL,CE,Combined TRACON& Tower with Radar,205,526,26,0,757,0,0,3,1,4,205,526,29,1,761,0,0,0,761
09/20/2005,CLE,OH,AGL,CE,Combined TRACON& Tower with Radar,221,455,32,1,709,0,3,1,1,5,221,458,33,2,714,0,0,0,714
09/21/2005,CLE,OH,AGL,CE,Combined TRACON& Tower with Radar,212,458,39,0,709,0,0,10,2,12,212,458,49,2,721,0,0,0,721
09/22/2005,CLE,OH,AGL,CE,Combined TRACON& Tower with Radar,222,536,30,0,788,0,1,0,3,4,222,537,30,3,792,0,0,0,792
09/23/2005,CLE,OH,AGL,CE,Combined TRACON& Tower with Radar,223,531,42,1,797,0,2,7,0,9,223,533,49,1,806,0,0,0,806
09/24/2005,CLE,OH,AGL,CE,Combined TRACON& Tower with Radar,170,294,17,0,481,0,2,7,0,9,170,296,24,0,490,0,0,0,490
09/25/2005,CLE,OH,AGL,CE,Combined TRACON& Tower with Radar,202,393,17,0,612,0,0,4,1,5,202,393,21,1,617,0,0,0,617
09/26/2005,CLE,OH,AGL,CE,Combined TRACON& Tower with Radar,223,533,27,1,784,0,2,0,0,2,223,535,27,1,786,0,0,0,786
09/27/2005,CLE,OH,AGL,CE,Combined TRACON& Tower with Radar,223,452,33,1,709,0,2,5,3,10,223,454,38,4,719,0,0,0,719
09/28/2005,CLE,OH,AGL,CE,Combined TRACON& Tower with Radar,216,454,43,0,713,0,2,11,4,17,216,456,54,4,730,0,0,0,730
09/29/2005,CLE,OH,AGL,CE,Combined TRACON& Tower with Radar,224,545,43,0,812,0,0,5,0,5,224,545,48,0,817,0,0,0,817
09/30/2005,CLE,OH,AGL,CE,Combined TRACON& Tower with Radar,246,578,26,2,852,0,0,13,1,14,246,578,39,3,866,0,0,0,866
10/01/2005,CLE,OH,AGL,CE,Combined TRACON& Tower with Radar,178,291,15,0,484,0,10,5,0,15,178,301,20,0,499,0,0,0,499
10/02/2005,CLE,OH,AGL,CE,Combined TRACON& Tower with Radar,191,379,26,0,596,0,1,7,0,8,191,380,33,0,604,0,0,0,604
10/03/2005,CLE,OH,AGL,CE,Combined TRACON& Tower with Radar,217,536,37,0,790,0,3,13,2,18,217,539,50,2,808,0,0,0,808
10/04/2005,CLE,OH,AGL,CE,Combined TRACON& Tower with Radar,219,445,45,0,709,0,4,10,2,16,219,449,55,2,725,0,0,0,725
10/05/2005,CLE,OH,AGL,CE,Combined TRACON& Tower with Radar,210,472,54,0,736,1,0,8,0,9,211,472,62,0,745,0,0,0,745
10/06/2005,CLE,OH,AGL,CE,Combined TRACON& Tower with Radar,210,472,54,0,736,1,0,8,0,9,211,472,62,0,745,0,0,0,745
10/07/2005,CLE,OH,AGL,CE,Combined TRACON& Tower with Radar,210,472,40,0,722,7,58,0,0,65,217,530,40,0,787,0,0,0,787
10/08/2005,CLE,OH,AGL,CE,Combined TRACON& Tower with Radar,184,315,29,0,528,0,0,0,0,0,184,315,29,0,528,0,0,0,528
10/09/2005,CLE,OH,AGL,CE,Combined TRACON& Tower with Radar,200,379,11,0,590,0,0,0,0,0,200,379,11,0,590,0,0,0,590
10/10/2005,CLE,OH,AGL,CE,Combined TRACON& Tower with Radar,222,523,35,0,780,0,0,1,0,1,222,523,36,0,781,0,0,0,781
10/11/2005,CLE,OH,AGL,CE,Combined TRACON& Tower with Radar,218,461,31,0,710,0,0,0,0,0,218,461,31,0,710,0,0,0,710
10/12/2005,CLE,OH,AGL,CE,Combined TRACON& Tower with Radar,222,448,56,0,726,0,3,0,0,3,222,451,56,0,729,0,0,0,729
10/13/2005,CLE,OH,AGL,CE,Combined TRACON& Tower with Radar,232,525,37,0,794,1,5,2,0,8,233,530,39,0,802,0,0,0,802
10/14/2005,CLE,OH,AGL,CE,Combined TRACON& Tower with Radar,219,539,41,4,803,0,4,5,2,11,219,543,46,6,814,0,0,0,814
10/15/2005,CLE,OH,AGL,CE,Combined TRACON& Tower with Radar,194,295,13,0,502,0,9,2,0,11,194,304,15,0,513,0,0,0,513
10/16/2005,CLE,OH,AGL,CE,Combined TRACON& Tower with Radar,203,386,31,0,620,2,0,3,0,5,205,386,34,0,625,0,0,0,625
10/17/2005,CLE,OH,AGL,CE,Combined TRACON& Tower with Radar,215,519,41,0,775,0,0,3,0,3,215,519,44,0,778,0,0,0,778
10/18/2005,CLE,OH,AGL,CE,Combined TRACON& Tower with Radar,224,451,41,0,716,0,0,0,4,4,224,451,41,4,720,0,0,0,720
10/19/2005,CLE,OH,AGL,CE,Combined TRACON& Tower with Radar,216,456,44,0,716,0,2,1,6,9,216,458,45,6,725,0,0,0,725
10/20/2005,CLE,OH,AGL,CE,Combined TRACON& Tower with Radar,228,534,49,0,811,0,2,9,3,14,228,536,58,3,825,0,0,0,825
10/21/2005,CLE,OH,AGL,CE,Combined TRACON& Tower with Radar,239,532,35,0,806,0,2,0,1,3,239,534,35,1,809,0,0,0,809
10/22/2005,CLE,OH,AGL,CE,Combined TRACON& Tower with Radar,180,284,13,0,477,0,1,0,0,1,180,285,13,0,478,0,0,0,478
10/23/2005,CLE,OH,AGL,CE,Combined TRACON& Tower with Radar,192,387,17,0,596,0,2,4,0,6,192,389,21,0,602,0,0,0,602
10/24/2005,CLE,OH,AGL,CE,Combined TRACON& Tower with Radar,211,529,45,0,785,0,0,1,0,1,211,529,46,0,786,0,0,0,786
10/25/2005,CLE,OH,AGL,CE,Combined TRACON& Tower with Radar,228,534,49,0,811,0,2,9,3,14,228,536,58,3,825,0,0,0,825
10/26/2005,CLE,OH,AGL,CE,Combined TRACON& Tower with Radar,215,465,53,0,733,0,0,1,1,2,215,465,54,1,735,0,0,0,735
10/27/2005,CLE,OH,AGL,CE,Combined TRACON& Tower with Radar,229,547,46,0,822,0,6,4,0,10,229,553,50,0,832,0,0,0,832
10/28/2005,CLE,OH,AGL,CE,Combined TRACON& Tower with Radar,229,547,46,0,822,0,6,4,0,10,229,553,50,0,832,0,0,0,832
10/29/2005,CLE,OH,AGL,CE,Combined TRACON& Tower with Radar,183,292,18,0,493,0,6,1,0,7,183,298,19,0,500,0,0,0,500
10/30/2005,CLE,OH,AGL,CE,Combined TRACON& Tower with Radar,181,395,18,0,594,0,2,6,0,8,181,397,24,0,602,0,0,0,602
10/31/2005,CLE,OH,AGL,CE,Combined TRACON& Tower with Radar,204,523,32,0,759,0,2,2,0,4,204,525,34,0,763,0,0,0,763
11/01/2005,CLE,OH,AGL,CE,Combined TRACON& Tower with Radar,214,467,29,0,710,0,7,1,1,9,214,474,30,1,719,0,0,0,719
11/02/2005,CLE,OH,AGL,CE,Combined TRACON& Tower with Radar,222,463,51,2,738,0,0,1,0,1,222,463,52,2,739,0,0,0,739
11/03/2005,CLE,OH,AGL,CE,Combined TRACON& Tower with Radar,234,537,43,1,815,0,2,2,1,5,234,539,45,2,820,0,0,0,820
11/04/2005,CLE,OH,AGL,CE,Combined TRACON& Tower with Radar,225,541,36,0,802,0,0,0,0,0,225,541,36,0,802,0,0,0,802
11/05/2005,CLE,OH,AGL,CE,Combined TRACON& Tower with Radar,181,284,4,0,469,0,0,2,0,2,181,284,6,0,471,0,0,0,471
11/06/2005,CLE,OH,AGL,CE,Combined TRACON& Tower with Radar,186,366,13,0,565,0,0,0,0,0,186,366,13,0,565,0,0,0,565
11/07/2005,CLE,OH,AGL,CE,Combined TRACON& Tower with Radar,224,542,39,0,805,0,0,3,0,3,224,542,42,0,808,0,0,0,808
11/08/2005,CLE,OH,AGL,CE,Combined TRACON& Tower with Radar,224,542,39,0,805,0,0,3,0,3,224,542,42,0,808,0,0,0,808
11/09/2005,CLE,OH,AGL,CE,Combined TRACON& Tower with Radar,211,447,33,0,691,0,0,0,0,0,211,447,33,0,691,0,0,0,691
11/10/2005,CLE,OH,AGL,CE,Combined TRACON& Tower with Radar,231,537,37,1,806,0,5,0,0,5,231,542,37,1,811,0,0,0,811
11/11/2005,CLE,OH,AGL,CE,Combined TRACON& Tower with Radar,236,537,37,1,811,0,5,0,0,5,236,542,37,1,816,0,0,0,816
11/12/2005,CLE,OH,AGL,CE,Combined TRACON& Tower with Radar,185,277,13,3,478,0,2,6,0,8,185,279,19,3,486,0,0,0,486
11/13/2005,CLE,OH,AGL,CE,Combined TRACON& Tower with Radar,191,392,15,4,602,0,4,0,0,4,191,396,15,4,606,0,0,0,606
11/14/2005,CLE,OH,AGL,CE,Combined TRACON& Tower with Radar,218,527,53,2,800,0,0,5,0,5,218,527,58,2,805,0,0,0,805
11/15/2005,CLE,OH,AGL,CE,Combined TRACON& Tower with Radar,216,442,31,2,691,0,0,0,2,2,216,442,31,4,693,0,0,0,693
11/16/2005,CLE,OH,AGL,CE,Combined TRACON& Tower with Radar,226,479,32,2,739,0,3,0,2,5,226,482,32,4,744,0,0,0,744
11/17/2005,CLE,OH,AGL,CE,Combined TRACON& Tower with Radar,229,539,49,0,817,2,2,0,0,4,231,541,49,0,821,0,0,0,821
11/18/2005,CLE,OH,AGL,CE,Combined TRACON& Tower with Radar,230,539,49,0,818,1,2,0,0,3,231,541,49,0,821,0,0,0,821
11/19/2005,CLE,OH,AGL,CE,Combined TRACON& Tower with Radar,185,287,14,2,488,0,1,3,0,4,185,288,17,2,492,0,0,0,492
11/20/2005,CLE,OH,AGL,CE,Combined TRACON& Tower with Radar,193,377,17,0,587,0,0,2,0,2,193,377,19,0,589,0,0,0,589
11/21/2005,CLE,OH,AGL,CE,Combined TRACON& Tower with Radar,207,445,26,3,681,0,0,0,0,0,207,445,26,3,681,0,0,0,681
11/22/2005,CLE,OH,AGL,CE,Combined TRACON& Tower with Radar,224,465,32,1,722,0,0,0,0,0,224,465,32,1,722,0,0,0,722
11/23/2005,CLE,OH,AGL,CE,Combined TRACON& Tower with Radar,232,528,24,0,784,0,0,0,0,0,232,528,24,0,784,0,0,0,784
11/24/2005,CLE,OH,AGL,CE,Combined TRACON& Tower with Radar,168,334,6,0,508,0,0,0,0,0,168,334,6,0,508,0,0,0,508
11/25/2005,CLE,OH,AGL,CE,Combined TRACON& Tower with Radar,217,401,6,0,624,0,0,0,0,0,217,401,6,0,624,0,0,0,624
11/26/2005,CLE,OH,AGL,CE,Combined TRACON& Tower with Radar,180,311,12,0,503,0,0,2,0,2,180,311,14,0,505,0,0,0,505
11/27/2005,CLE,OH,AGL,CE,Combined TRACON& Tower with Radar,201,477,13,0,691,0,2,2,0,4,201,479,15,0,695,0,0,0,695
11/28/2005,CLE,OH,AGL,CE,Combined TRACON& Tower with Radar,229,520,35,0,784,0,0,0,0,0,229,520,35,0,784,0,0,0,784
11/29/2005,CLE,OH,AGL,CE,Combined TRACON& Tower with Radar,224,470,33,0,727,0,0,5,4,9,224,470,38,4,736,0,0,0,736
11/30/2005,CLE,OH,AGL,CE,Combined TRACON& Tower with Radar,219,459,43,0,721,0,2,0,2,4,219,461,43,2,725,0,0,0,725
12/01/2005,CLE,OH,AGL,CE,Combined TRACON& Tower with Radar,229,530,38,0,797,0,1,1,2,4,229,531,39,2,801,0,0,0,801
12/02/2005,CLE,OH,AGL,CE,Combined TRACON& Tower with Radar,211,481,57,0,749,0,0,0,0,0,211,481,57,0,749,0,0,0,749
12/03/2005,CLE,OH,AGL,CE,Combined TRACON& Tower with Radar,187,310,26,1,524,0,0,1,0,1,187,310,27,1,525,0,0,0,525
12/04/2005,CLE,OH,AGL,CE,Combined TRACON& Tower with Radar,182,382,20,2,586,0,0,1,0,1,182,382,21,2,587,0,0,0,587
12/05/2005,CLE,OH,AGL,CE,Combined TRACON& Tower with Radar,212,523,45,0,780,0,4,1,3,8,212,527,46,3,788,0,0,0,788
12/06/2005,CLE,OH,AGL,CE,Combined TRACON& Tower with Radar,206,455,29,0,690,0,0,1,4,5,206,455,30,4,695,0,0,0,695
12/07/2005,CLE,OH,AGL,CE,Combined TRACON& Tower with Radar,209,445,40,0,694,0,6,0,2,8,209,451,40,2,702,0,0,0,702
12/08/2005,CLE,OH,AGL,CE,Combined TRACON& Tower with Radar,222,501,44,0,767,0,3,1,2,6,222,504,45,2,773,0,0,0,773
12/09/2005,CLE,OH,AGL,CE,Combined TRACON& Tower with Radar,213,465,29,0,707,1,3,0,0,4,214,468,29,0,711,0,0,0,711
12/10/2005,CLE,OH,AGL,CE,Combined TRACON& Tower with Radar,184,284,24,2,494,0,0,1,0,1,184,284,25,2,495,0,0,0,495
12/11/2005,CLE,OH,AGL,CE,Combined TRACON& Tower with Radar,190,365,21,2,578,0,2,0,0,2,190,367,21,2,580,0,0,0,580
12/12/2005,CLE,OH,AGL,CE,Combined TRACON& Tower with Radar,214,524,37,0,775,0,0,0,0,0,214,524,37,0,775,0,0,0,775
12/13/2005,CLE,OH,AGL,CE,Combined TRACON& Tower with Radar,215,464,47,0,726,0,2,3,4,9,215,466,50,4,735,0,0,0,735
12/14/2005,CLE,OH,AGL,CE,Combined TRACON& Tower with Radar,208,423,54,1,686,0,2,4,4,10,208,425,58,5,696,0,0,0,696
12/15/2005,CLE,OH,AGL,CE,Combined TRACON& Tower with Radar,239,469,33,0,741,1,4,0,0,5,240,473,33,0,746,0,0,0,746
12/16/2005,CLE,OH,AGL,CE,Combined TRACON& Tower with Radar,237,512,38,0,787,1,2,0,0,3,238,514,38,0,790,0,0,0,790
12/17/2005,CLE,OH,AGL,CE,Combined TRACON& Tower with Radar,204,318,18,0,540,0,4,7,0,11,204,322,25,0,551,0,0,0,551
12/18/2005,CLE,OH,AGL,CE,Combined TRACON& Tower with Radar,198,360,17,0,575,0,1,4,0,5,198,361,21,0,580,0,0,0,580
12/19/2005,CLE,OH,AGL,CE,Combined TRACON& Tower with Radar,225,498,32,0,755,0,0,0,0,0,225,498,32,0,755,10,0,10,765
12/20/2005,CLE,OH,AGL,CE,Combined TRACON& Tower with Radar,245,502,34,0,781,0,0,0,0,0,245,502,34,0,781,0,0,0,781
12/21/2005,CLE,OH,AGL,CE,Combined TRACON& Tower with Radar,250,509,40,0,799,0,1,1,0,2,250,510,41,0,801,0,0,0,801
12/22/2005,CLE,OH,AGL,CE,Combined TRACON& Tower with Radar,251,514,32,0,797,0,2,3,2,7,251,516,35,2,804,0,0,0,804
12/23/2005,CLE,OH,AGL,CE,Combined TRACON& Tower with Radar,251,507,9,0,767,0,0,1,2,3,251,507,10,2,770,0,0,0,770
12/24/2005,CLE,OH,AGL,CE,Combined TRACON& Tower with Radar,200,211,7,0,418,0,7,0,4,11,200,218,7,4,429,0,0,0,429
12/25/2005,CLE,OH,AGL,CE,Combined TRACON& Tower with Radar,179,277,3,0,459,0,0,0,0,0,179,277,3,0,459,0,0,0,459
12/26/2005,CLE,OH,AGL,CE,Combined TRACON& Tower with Radar,224,494,16,0,734,0,0,0,0,0,224,494,16,0,734,0,0,0,734
12/27/2005,CLE,OH,AGL,CE,Combined TRACON& Tower with Radar,233,497,22,0,752,0,3,5,0,8,233,500,27,0,760,0,0,0,760
12/28/2005,CLE,OH,AGL,CE,Combined TRACON& Tower with Radar,241,504,7,0,752,0,1,0,1,2,241,505,7,1,754,0,0,0,754
12/29/2005,CLE,OH,AGL,CE,Combined TRACON& Tower with Radar,244,488,13,0,745,0,0,0,0,0,244,488,13,0,745,0,0,0,745
12/30/2005,CLE,OH,AGL,CE,Combined TRACON& Tower with Radar,237,497,16,0,750,0,0,3,1,4,237,497,19,1,754,0,0,0,754
12/31/2005,CLE,OH,AGL,CE,Combined TRACON& Tower with Radar,190,218,7,0,415,0,0,0,0,0,190,218,7,0,415,0,0,0,415
01/01/2006,CLE,OH,AGL,CE,Combined TRACON& Tower with Radar,183,293,4,0,480,0,0,5,0,5,183,293,9,0,485,0,0,0,485
01/02/2006,CLE,OH,AGL,CE,Combined TRACON& Tower with Radar,213,463,16,0,692,0,0,0,0,0,213,463,16,0,692,0,0,0,692
01/03/2006,CLE,OH,AGL,CE,Combined TRACON& Tower with Radar,228,486,22,0,736,1,0,0,0,1,229,486,22,0,737,0,0,0,737
01/04/2006,CLE,OH,AGL,CE,Combined TRACON& Tower with Radar,231,427,40,0,698,0,1,0,0,1,231,428,40,0,699,0,0,0,699
01/05/2006,CLE,OH,AGL,CE,Combined TRACON& Tower with Radar,216,474,36,2,728,0,0,0,1,1,216,474,36,3,729,0,0,0,729
01/06/2006,CLE,OH,AGL,CE,Combined TRACON& Tower with Radar,219,478,40,0,737,0,0,0,2,2,219,478,40,2,739,0,0,0,739
01/07/2006,CLE,OH,AGL,CE,Combined TRACON& Tower with Radar,171,258,7,0,436,0,2,0,0,2,171,260,7,0,438,0,0,0,438
01/08/2006,CLE,OH,AGL,CE,Combined TRACON& Tower with Radar,183,351,19,0,553,0,3,2,0,5,183,354,21,0,558,0,0,0,558
01/09/2006,CLE,OH,AGL,CE,Combined TRACON& Tower with Radar,207,466,29,0,702,0,1,0,3,4,207,467,29,3,706,0,0,0,706
01/10/2006,CLE,OH,AGL,CE,Combined TRACON& Tower with Radar,208,401,28,0,637,0,0,1,4,5,208,401,29,4,642,0,0,0,642
01/11/2006,CLE,OH,AGL,CE,Combined TRACON& Tower with Radar,209,390,31,0,630,0,2,2,0,4,209,392,33,0,634,0,0,0,634
01/12/2006,CLE,OH,AGL,CE,Combined TRACON& Tower with Radar,216,479,50,0,745,0,4,10,4,18,216,483,60,4,763,0,0,0,763
01/13/2006,CLE,OH,AGL,CE,Combined TRACON& Tower with Radar,205,453,34,0,692,0,1,3,1,5,205,454,37,1,697,0,0,0,697
01/14/2006,CLE,OH,AGL,CE,Combined TRACON& Tower with Radar,175,243,16,0,434,0,0,0,0,0,175,243,16,0,434,0,0,0,434
01/15/2006,CLE,OH,AGL,CE,Combined TRACON& Tower with Radar,176,243,16,0,435,0,0,0,0,0,176,243,16,0,435,0,0,0,435
01/16/2006,CLE,OH,AGL,CE,Combined TRACON& Tower with Radar,210,459,37,0,706,0,2,7,3,12,210,461,44,3,718,0,0,0,718
01/17/2006,CLE,OH,AGL,CE,Combined TRACON& Tower with Radar,210,408,32,0,650,0,0,0,0,0,210,408,32,0,650,0,0,0,650
01/18/2006,CLE,OH,AGL,CE,Combined TRACON& Tower with Radar,201,421,32,0,654,0,2,0,0,2,201,423,32,0,656,0,0,0,656
01/19/2006,CLE,OH,AGL,CE,Combined TRACON& Tower with Radar,219,484,44,0,747,0,3,8,2,13,219,487,52,2,760,0,0,0,760
01/20/2006,CLE,OH,AGL,CE,Combined TRACON& Tower with Radar,211,467,50,2,730,0,1,1,4,6,211,468,51,6,736,0,0,0,736
01/21/2006,CLE,OH,AGL,CE,Combined TRACON& Tower with Radar,164,248,8,0,420,0,0,2,0,2,164,248,10,0,422,0,0,0,422
01/22/2006,CLE,OH,AGL,CE,Combined TRACON& Tower with Radar,173,351,18,3,545,0,0,8,2,10,173,351,26,5,555,0,0,0,555
01/23/2006,CLE,OH,AGL,CE,Combined TRACON& Tower with Radar,206,457,18,0,681,0,0,0,0,0,206,457,18,0,681,0,0,0,681
01/24/2006,CLE,OH,AGL,CE,Combined TRACON& Tower with Radar,204,419,34,0,657,0,0,0,1,1,204,419,34,1,658,0,0,0,658
01/25/2006,CLE,OH,AGL,CE,Combined TRACON& Tower with Radar,209,403,29,2,643,0,20,0,0,20,209,423,29,2,663,0,0,0,663
01/26/2006,CLE,OH,AGL,CE,Combined TRACON& Tower with Radar,214,476,51,4,745,0,4,3,7,14,214,480,54,11,759,0,0,0,759
01/27/2006,CLE,OH,AGL,CE,Combined TRACON& Tower with Radar,214,476,51,4,745,0,4,3,7,14,214,480,54,11,759,0,0,0,759
01/28/2006,CLE,OH,AGL,CE,Combined TRACON& Tower with Radar,163,242,11,0,416,0,2,5,1,8,163,244,16,1,424,0,0,0,424
01/29/2006,CLE,OH,AGL,CE,Combined TRACON& Tower with Radar,182,338,10,0,530,0,0,1,0,1,182,338,11,0,531,0,0,0,531
01/30/2006,CLE,OH,AGL,CE,Combined TRACON& Tower with Radar,203,461,37,0,701,0,7,3,0,10,203,468,40,0,711,0,0,0,711
01/31/2006,CLE,OH,AGL,CE,Combined TRACON& Tower with Radar,206,430,0,2,638,0,1,0,2,3,206,431,0,4,641,0,0,0,641
02/01/2006,CLE,OH,AGL,CE,Combined TRACON& Tower with Radar,212,438,44,1,695,0,2,2,1,5,212,440,46,2,700,0,0,0,700
02/02/2006,CLE,OH,AGL,CE,Combined TRACON& Tower with Radar,214,465,43,0,722,0,8,3,4,15,214,473,46,4,737,0,0,0,737
02/03/2006,CLE,OH,AGL,CE,Combined TRACON& Tower with Radar,215,481,25,0,721,0,2,0,1,3,215,483,25,1,724,0,0,0,724
02/04/2006,CLE,OH,AGL,CE,Combined TRACON& Tower with Radar,163,243,9,0,415,0,0,0,0,0,163,243,9,0,415,0,0,0,415
02/05/2006,CLE,OH,AGL,CE,Combined TRACON& Tower with Radar,182,349,13,0,544,0,0,0,0,0,182,349,13,0,544,0,0,0,544
02/06/2006,CLE,OH,AGL,CE,Combined TRACON& Tower with Radar,212,474,30,0,716,0,2,0,0,2,212,476,30,0,718,0,0,0,718
02/07/2006,CLE,OH,AGL,CE,Combined TRACON& Tower with Radar,212,406,49,0,667,0,0,0,1,1,212,406,49,1,668,0,0,0,668
02/08/2006,CLE,OH,AGL,CE,Combined TRACON& Tower with Radar,197,347,38,0,582,0,0,0,0,0,197,347,38,0,582,0,0,0,582
02/09/2006,CLE,OH,AGL,CE,Combined TRACON& Tower with Radar,197,347,38,0,582,0,0,0,0,0,197,347,38,0,582,0,0,0,582
02/10/2006,CLE,OH,AGL,CE,Combined TRACON& Tower with Radar,197,347,38,0,582,0,0,0,0,0,197,347,38,0,582,0,0,0,582
02/11/2006,CLE,OH,AGL,CE,Combined TRACON& Tower with Radar,178,251,22,0,451,0,0,0,0,0,178,251,22,0,451,0,0,0,451
02/12/2006,CLE,OH,AGL,CE,Combined TRACON& Tower with Radar,169,299,19,0,487,1,2,0,0,3,170,301,19,0,490,0,0,0,490
02/13/2006,CLE,OH,AGL,CE,Combined TRACON& Tower with Radar,205,466,26,1,698,0,10,2,1,13,205,476,28,2,711,0,0,0,711
02/14/2006,CLE,OH,AGL,CE,Combined TRACON& Tower with Radar,217,419,36,0,672,0,0,7,1,8,217,419,43,1,680,0,0,0,680
02/15/2006,CLE,OH,AGL,CE,Combined TRACON& Tower with Radar,212,423,35,0,670,0,3,1,4,8,212,426,36,4,678,0,0,0,678
02/16/2006,CLE,OH,AGL,CE,Combined TRACON& Tower with Radar,235,484,48,4,771,1,2,1,0,4,236,486,49,4,775,0,0,0,775
02/17/2006,CLE,OH,AGL,CE,Combined TRACON& Tower with Radar,233,475,31,2,741,0,3,0,2,5,233,478,31,4,746,0,0,0,746
02/18/2006,CLE,OH,AGL,CE,Combined TRACON& Tower with Radar,183,292,9,0,484,0,0,1,0,1,183,292,10,0,485,0,0,0,485
02/19/2006,CLE,OH,AGL,CE,Combined TRACON& Tower with Radar,197,355,15,0,567,0,2,8,1,11,197,357,23,1,578,0,0,0,578
02/20/2006,CLE,OH,AGL,CE,Combined TRACON& Tower with Radar,222,494,31,0,747,0,1,2,1,4,222,495,33,1,751,0,0,0,751
02/21/2006,CLE,OH,AGL,CE,Combined TRACON& Tower with Radar,235,500,42,0,777,0,7,4,2,13,235,507,46,2,790,0,0,0,790
02/22/2006,CLE,OH,AGL,CE,Combined TRACON& Tower with Radar,229,493,38,0,760,0,7,4,3,14,229,500,42,3,774,0,0,0,774
02/23/2006,CLE,OH,AGL,CE,Combined TRACON& Tower with Radar,233,497,34,0,764,0,1,6,3,10,233,498,40,3,774,0,0,0,774
02/24/2006,CLE,OH,AGL,CE,Combined TRACON& Tower with Radar,230,506,35,2,773,0,4,4,4,12,230,510,39,6,785,0,0,0,785
02/25/2006,CLE,OH,AGL,CE,Combined TRACON& Tower with Radar,192,290,11,2,495,0,4,4,0,8,192,294,15,2,503,0,0,0,503
02/26/2006,CLE,OH,AGL,CE,Combined TRACON& Tower with Radar,193,344,22,2,561,0,0,0,0,0,193,344,22,2,561,0,0,0,561
02/27/2006,CLE,OH,AGL,CE,Combined TRACON& Tower with Radar,219,493,40,0,752,0,0,0,0,0,219,493,40,0,752,0,0,0,752
02/28/2006,CLE,OH,AGL,CE,Combined TRACON& Tower with Radar,228,429,54,0,711,0,5,7,3,15,228,434,61,3,726,0,0,0,726
03/01/2006,CLE,OH,AGL,CE,Combined TRACON& Tower with Radar,220,438,49,0,707,0,2,9,7,18,220,440,58,7,725,0,0,0,725
03/02/2006,CLE,OH,AGL,CE,Combined TRACON& Tower with Radar,226,452,24,0,702,0,0,0,0,0,226,452,24,0,702,0,0,0,702
03/03/2006,CLE,OH,AGL,CE,Combined TRACON& Tower with Radar,242,515,51,0,808,0,2,0,1,3,242,517,51,1,811,0,0,0,811
03/04/2006,CLE,OH,AGL,CE,Combined TRACON& Tower with Radar,190,296,13,0,499,0,1,14,0,15,190,297,27,0,514,0,0,0,514
03/05/2006,CLE,OH,AGL,CE,Combined TRACON& Tower with Radar,190,375,11,0,576,0,3,6,0,9,190,378,17,0,585,0,0,0,585
03/06/2006,CLE,OH,AGL,CE,Combined TRACON& Tower with Radar,229,533,33,0,795,0,2,0,0,2,229,535,33,0,797,0,0,0,797
03/07/2006,CLE,OH,AGL,CE,Combined TRACON& Tower with Radar,226,437,37,0,700,0,0,4,3,7,226,437,41,3,707,0,0,0,707
03/08/2006,CLE,OH,AGL,CE,Combined TRACON& Tower with Radar,239,516,46,0,801,0,3,0,2,5,239,519,46,2,806,0,0,0,806
03/09/2006,CLE,OH,AGL,CE,Combined TRACON& Tower with Radar,229,515,32,0,776,0,1,0,4,5,229,516,32,4,781,0,0,0,781
03/10/2006,CLE,OH,AGL,CE,Combined TRACON& Tower with Radar,238,498,48,0,784,0,2,1,0,3,238,500,49,0,787,0,0,0,787
03/11/2006,CLE,OH,AGL,CE,Combined TRACON& Tower with Radar,193,289,23,0,505,0,2,2,0,4,193,291,25,0,509,0,0,0,509
03/12/2006,CLE,OH,AGL,CE,Combined TRACON& Tower with Radar,185,356,22,0,563,0,0,0,0,0,185,356,22,0,563,0,0,0,563
03/13/2006,CLE,OH,AGL,CE,Combined TRACON& Tower with Radar,218,492,37,0,747,0,0,0,0,0,218,492,37,0,747,0,0,0,747
03/14/2006,CLE,OH,AGL,CE,Combined TRACON& Tower with Radar,223,443,35,1,702,0,0,0,0,0,223,443,35,1,702,0,0,0,702
03/15/2006,CLE,OH,AGL,CE,Combined TRACON& Tower with Radar,230,526,39,0,795,0,0,0,1,1,230,526,39,1,796,0,0,0,796
03/16/2006,CLE,OH,AGL,CE,Combined TRACON& Tower with Radar,231,522,40,0,793,0,1,2,3,6,231,523,42,3,799,0,0,0,799
03/17/2006,CLE,OH,AGL,CE,Combined TRACON& Tower with Radar,236,524,26,2,788,0,1,10,2,13,236,525,36,4,801,0,0,0,801
03/18/2006,CLE,OH,AGL,CE,Combined TRACON& Tower with Radar,196,292,19,0,507,0,0,3,0,3,196,292,22,0,510,0,0,0,510
03/19/2006,CLE,OH,AGL,CE,Combined TRACON& Tower with Radar,191,374,22,1,588,0,3,10,0,13,191,377,32,1,601,0,0,0,601
03/20/2006,CLE,OH,AGL,CE,Combined TRACON& Tower with Radar,226,495,37,1,759,0,3,3,2,8,226,498,40,3,767,0,0,0,767
03/21/2006,CLE,OH,AGL,CE,Combined TRACON& Tower with Radar,224,464,49,0,737,0,5,2,0,7,224,469,51,0,744,0,0,0,744
03/22/2006,CLE,OH,AGL,CE,Combined TRACON& Tower with Radar,239,519,44,0,802,0,0,8,1,9,239,519,52,1,811,0,0,0,811
03/23/2006,CLE,OH,AGL,CE,Combined TRACON& Tower with Radar,235,526,47,0,808,0,5,3,0,8,235,531,50,0,816,0,0,0,816
03/24/2006,CLE,OH,AGL,CE,Combined TRACON& Tower with Radar,251,515,39,1,806,0,6,6,3,15,251,521,45,4,821,0,0,0,821
03/25/2006,CLE,OH,AGL,CE,Combined TRACON& Tower with Radar,202,294,8,0,504,0,0,0,0,0,202,294,8,0,504,0,0,0,504
03/26/2006,CLE,OH,AGL,CE,Combined TRACON& Tower with Radar,191,383,14,1,589,0,2,0,0,2,191,385,14,1,591,0,0,0,591
03/27/2006,CLE,OH,AGL,CE,Combined TRACON& Tower with Radar,228,509,53,0,790,0,0,4,4,8,228,509,57,4,798,0,0,0,798
03/28/2006,CLE,OH,AGL,CE,Combined TRACON& Tower with Radar,221,434,55,0,710,0,1,3,1,5,221,435,58,1,715,0,0,0,715
03/29/2006,CLE,OH,AGL,CE,Combined TRACON& Tower with Radar,221,430,55,0,706,0,1,3,2,6,221,431,58,2,712,0,0,0,712
03/30/2006,CLE,OH,AGL,CE,Combined TRACON& Tower with Radar,241,516,34,0,791,0,0,4,2,6,241,516,38,2,797,0,0,0,797
03/31/2006,CLE,OH,AGL,CE,Combined TRACON& Tower with Radar,235,508,26,0,769,0,5,3,0,8,235,513,29,0,777,0,0,0,777
04/01/2006,CLE,OH,AGL,CE,Combined TRACON& Tower with Radar,189,290,12,0,491,0,0,4,0,4,189,290,16,0,495,0,0,0,495
04/02/2006,CLE,OH,AGL,CE,Combined TRACON& Tower with Radar,190,360,17,0,567,0,0,6,0,6,190,360,23,0,573,0,0,0,573
04/03/2006,CLE,OH,AGL,CE,Combined TRACON& Tower with Radar,226,492,33,0,751,0,2,0,0,2,226,494,33,0,753,0,0,0,753
04/04/2006,CLE,OH,AGL,CE,Combined TRACON& Tower with Radar,229,429,52,3,713,0,3,2,1,6,229,432,54,4,719,0,0,0,719
04/05/2006,CLE,OH,AGL,CE,Combined TRACON& Tower with Radar,244,427,47,0,718,0,1,0,0,1,244,428,47,0,719,0,0,0,719
04/06/2006,CLE,OH,AGL,CE,Combined TRACON& Tower with Radar,239,502,42,0,783,0,5,3,1,9,239,507,45,1,792,0,0,0,792
04/07/2006,CLE,OH,AGL,CE,Combined TRACON& Tower with Radar,230,490,35,2,757,2,2,0,0,4,232,492,35,2,761,0,0,0,761
04/08/2006,CLE,OH,AGL,CE,Combined TRACON& Tower with Radar,206,288,21,0,515,0,0,3,2,5,206,288,24,2,520,0,0,0,520
04/09/2006,CLE,OH,AGL,CE,Combined TRACON& Tower with Radar,208,370,10,0,588,1,0,4,2,7,209,370,14,2,595,0,0,0,595
04/10/2006,CLE,OH,AGL,CE,Combined TRACON& Tower with Radar,228,505,38,2,773,0,2,7,2,11,228,507,45,4,784,0,0,0,784
04/11/2006,CLE,OH,AGL,CE,Combined TRACON& Tower with Radar,231,437,42,1,711,0,0,8,2,10,231,437,50,3,721,0,0,0,721
04/12/2006,CLE,OH,AGL,CE,Combined TRACON& Tower with Radar,230,414,41,1,686,1,0,1,1,3,231,414,42,2,689,0,0,0,689
04/13/2006,CLE,OH,AGL,CE,Combined TRACON& Tower with Radar,236,494,37,2,769,0,2,7,1,10,236,496,44,3,779,0,0,0,779
04/14/2006,CLE,OH,AGL,CE,Combined TRACON& Tower with Radar,243,503,21,0,767,0,4,4,3,11,243,507,25,3,778,0,0,0,778
04/15/2006,CLE,OH,AGL,CE,Combined TRACON& Tower with Radar,197,281,14,0,492,0,2,6,0,8,197,283,20,0,500,0,0,0,500
04/16/2006,CLE,OH,AGL,CE,Combined TRACON& Tower with Radar,194,358,5,0,557,0,1,2,0,3,194,359,7,0,560,0,0,0,560
04/17/2006,CLE,OH,AGL,CE,Combined TRACON& Tower with Radar,234,503,28,0,765,0,4,3,0,7,234,507,31,0,772,0,0,0,772
04/18/2006,CLE,OH,AGL,CE,Combined TRACON& Tower with Radar,245,513,32,0,790,0,2,6,2,10,245,515,38,2,800,0,0,0,800
04/19/2006,CLE,OH,AGL,CE,Combined TRACON& Tower with Radar,227,437,46,0,710,0,5,8,6,19,227,442,54,6,729,0,0,0,729
04/20/2006,CLE,OH,AGL,CE,Combined TRACON& Tower with Radar,244,498,34,2,778,0,3,7,4,14,244,501,41,6,792,0,0,0,792
04/21/2006,CLE,OH,AGL,CE,Combined TRACON& Tower with Radar,236,495,24,0,755,0,1,1,0,2,236,496,25,0,757,0,0,0,757
04/22/2006,CLE,OH,AGL,CE,Combined TRACON& Tower with Radar,194,296,21,0,511,0,2,6,1,9,194,298,27,1,520,0,0,0,520
04/23/2006,CLE,OH,AGL,CE,Combined TRACON& Tower with Radar,203,374,14,0,591,0,5,2,0,7,203,379,16,0,598,0,0,0,598
04/24/2006,CLE,OH,AGL,CE,Combined TRACON& Tower with Radar,227,500,33,0,760,0,0,0,2,2,227,500,33,2,762,0,0,0,762
04/25/2006,CLE,OH,AGL,CE,Combined TRACON& Tower with Radar,227,428,32,0,687,0,3,1,1,5,227,431,33,1,692,0,0,0,692
04/26/2006,CLE,OH,AGL,CE,Combined TRACON& Tower with Radar,227,440,49,0,716,0,5,9,4,18,227,445,58,4,734,0,0,0,734
04/27/2006,CLE,OH,AGL,CE,Combined TRACON& Tower with Radar,235,509,33,0,777,0,9,5,3,17,235,518,38,3,794,0,0,0,794
04/28/2006,CLE,OH,AGL,CE,Combined TRACON& Tower with Radar,237,500,34,2,773,0,0,3,4,7,237,500,37,6,780,0,0,0,780
04/29/2006,CLE,OH,AGL,CE,Combined TRACON& Tower with Radar,191,264,25,0,480,0,5,5,1,11,191,269,30,1,491,0,0,0,491
04/30/2006,CLE,OH,AGL,CE,Combined TRACON& Tower with Radar,197,377,16,1,591,0,0,7,0,7,197,377,23,1,598,0,0,0,598
05/01/2006,CLE,OH,AGL,CE,Combined TRACON& Tower with Radar,221,509,25,1,756,0,0,4,6,10,221,509,29,7,766,0,0,0,766
05/02/2006,CLE,OH,AGL,CE,Combined TRACON& Tower with Radar,221,430,35,0,686,0,0,0,0,0,221,430,35,0,686,0,0,0,686
05/03/2006,CLE,OH,AGL,CE,Combined TRACON& Tower with Radar,212,444,58,0,714,0,7,6,2,15,212,451,64,2,729,0,0,0,729
05/04/2006,CLE,OH,AGL,CE,Combined TRACON& Tower with Radar,223,515,44,0,782,1,3,2,1,7,224,518,46,1,789,0,0,0,789
05/05/2006,CLE,OH,AGL,CE,Combined TRACON& Tower with Radar,222,512,24,1,759,0,2,10,1,13,222,514,34,2,772,0,0,0,772
05/06/2006,CLE,OH,AGL,CE,Combined TRACON& Tower with Radar,178,280,16,0,474,0,4,7,0,11,178,284,23,0,485,0,0,0,485
05/07/2006,CLE,OH,AGL,CE,Combined TRACON& Tower with Radar,189,374,17,0,580,0,3,9,0,12,189,377,26,0,592,0,0,0,592
05/08/2006,CLE,OH,AGL,CE,Combined TRACON& Tower with Radar,211,491,32,0,734,0,2,7,2,11,211,493,39,2,745,0,0,0,745
05/09/2006,CLE,OH,AGL,CE,Combined TRACON& Tower with Radar,225,430,32,0,687,0,3,2,2,7,225,433,34,2,694,0,0,0,694
05/10/2006,CLE,OH,AGL,CE,Combined TRACON& Tower with Radar,202,425,43,2,672,0,7,7,1,15,202,432,50,3,687,0,0,0,687
05/11/2006,CLE,OH,AGL,CE,Combined TRACON& Tower with Radar,221,504,28,0,753,0,2,0,2,4,221,506,28,2,757,0,0,0,757
05/12/2006,CLE,OH,AGL,CE,Combined TRACON& Tower with Radar,226,501,41,2,770,0,2,4,0,6,226,503,45,2,776,0,0,0,776
05/13/2006,CLE,OH,AGL,CE,Combined TRACON& Tower with Radar,184,283,14,0,481,0,2,6,0,8,184,285,20,0,489,0,0,0,489
05/14/2006,CLE,OH,AGL,CE,Combined TRACON& Tower with Radar,186,366,13,0,565,0,2,0,1,3,186,368,13,1,568,0,0,0,568
05/15/2006,CLE,OH,AGL,CE,Combined TRACON& Tower with Radar,211,509,38,0,758,0,4,0,0,4,211,513,38,0,762,0,0,0,762
05/16/2006,CLE,OH,AGL,CE,Combined TRACON& Tower with Radar,227,443,42,0,712,0,0,0,0,0,227,443,42,0,712,0,0,0,712
05/17/2006,CLE,OH,AGL,CE,Combined TRACON& Tower with Radar,206,445,41,0,692,1,0,3,0,4,207,445,44,0,696,0,0,0,696
05/18/2006,CLE,OH,AGL,CE,Combined TRACON& Tower with Radar,228,517,53,0,798,0,0,0,1,1,228,517,53,1,799,0,0,0,799
05/19/2006,CLE,OH,AGL,CE,Combined TRACON& Tower with Radar,221,502,45,0,768,1,4,1,0,6,222,506,46,0,774,0,0,0,774
05/20/2006,CLE,OH,AGL,CE,Combined TRACON& Tower with Radar,175,293,15,1,484,1,0,6,0,7,176,293,21,1,491,0,0,0,491
05/21/2006,CLE,OH,AGL,CE,Combined TRACON& Tower with Radar,187,373,16,4,580,0,0,3,0,3,187,373,19,4,583,0,0,0,583
05/22/2006,CLE,OH,AGL,CE,Combined TRACON& Tower with Radar,220,513,40,2,775,0,0,6,0,6,220,513,46,2,781,0,0,0,781
05/23/2006,CLE,OH,AGL,CE,Combined TRACON& Tower with Radar,216,434,55,0,705,0,5,6,5,16,216,439,61,5,721,0,0,0,721
05/24/2006,CLE,OH,AGL,CE,Combined TRACON& Tower with Radar,210,504,46,2,762,0,1,9,1,11,210,505,55,3,773,0,0,0,773
05/25/2006,CLE,OH,AGL,CE,Combined TRACON& Tower with Radar,200,427,40,2,669,2,2,1,0,5,202,429,41,2,674,0,0,0,674
05/26/2006,CLE,OH,AGL,CE,Combined TRACON& Tower with Radar,240,567,34,0,841,0,4,2,0,6,240,571,36,0,847,0,0,0,847
05/27/2006,CLE,OH,AGL,CE,Combined TRACON& Tower with Radar,176,299,20,0,495,0,3,4,0,7,176,302,24,0,502,0,0,0,502
05/28/2006,CLE,OH,AGL,CE,Combined TRACON& Tower with Radar,156,278,9,0,443,0,4,5,0,9,156,282,14,0,452,0,0,0,452
05/29/2006,CLE,OH,AGL,CE,Combined TRACON& Tower with Radar,183,385,10,0,578,0,0,4,0,4,183,385,14,0,582,0,0,0,582
05/30/2006,CLE,OH,AGL,CE,Combined TRACON& Tower with Radar,217,500,29,0,746,0,1,7,3,11,217,501,36,3,757,0,0,0,757
05/31/2006,CLE,OH,AGL,CE,Combined TRACON& Tower with Radar,210,519,41,0,770,0,6,3,7,16,210,525,44,7,786,0,0,0,786
06/01/2006,CLE,OH,AGL,CE,Combined TRACON& Tower with Radar,215,500,35,4,754,0,2,2,0,4,215,502,37,4,758,0,0,0,758
06/02/2006,CLE,OH,AGL,CE,Combined TRACON& Tower with Radar,225,519,47,2,793,0,1,0,1,2,225,520,47,3,795,0,0,0,795
06/03/2006,CLE,OH,AGL,CE,Combined TRACON& Tower with Radar,179,290,21,2,492,0,0,4,0,4,179,290,25,2,496,0,0,0,496
06/04/2006,CLE,OH,AGL,CE,Combined TRACON& Tower with Radar,191,374,6,0,571,0,2,0,0,2,191,376,6,0,573,0,0,0,573
06/05/2006,CLE,OH,AGL,CE,Combined TRACON& Tower with Radar,212,516,30,0,758,0,1,3,1,5,212,517,33,1,763,0,0,0,763
06/06/2006,CLE,OH,AGL,CE,Combined TRACON& Tower with Radar,212,427,43,0,682,1,4,14,8,27,213,431,57,8,709,0,0,0,709
06/07/2006,CLE,OH,AGL,CE,Combined TRACON& Tower with Radar,208,519,36,2,765,1,2,9,0,12,209,521,45,2,777,0,0,0,777
06/08/2006,CLE,OH,AGL,CE,Combined TRACON& Tower with Radar,225,512,45,0,782,0,0,8,6,14,225,512,53,6,796,0,0,0,796
06/09/2006,CLE,OH,AGL,CE,Combined TRACON& Tower with Radar,217,531,34,2,784,0,0,3,4,7,217,531,37,6,791,0,0,0,791
06/10/2006,CLE,OH,AGL,CE,Combined TRACON& Tower with Radar,178,311,11,0,500,0,3,9,0,12,178,314,20,0,512,0,0,0,512
06/11/2006,CLE,OH,AGL,CE,Combined TRACON& Tower with Radar,195,410,12,0,617,0,0,3,0,3,195,410,15,0,620,0,0,0,620
06/12/2006,CLE,OH,AGL,CE,Combined TRACON& Tower with Radar,207,522,27,0,756,0,4,1,2,7,207,526,28,2,763,0,0,0,763
06/13/2006,CLE,OH,AGL,CE,Combined TRACON& Tower with Radar,212,449,25,3,689,0,0,0,4,4,212,449,25,7,693,0,0,0,693
06/14/2006,CLE,OH,AGL,CE,Combined TRACON& Tower with Radar,217,535,39,0,791,0,3,5,5,13,217,538,44,5,804,0,0,0,804
06/15/2006,CLE,OH,AGL,CE,Combined TRACON& Tower with Radar,220,535,41,0,796,0,2,9,3,14,220,537,50,3,810,0,0,0,810
06/16/2006,CLE,OH,AGL,CE,Combined TRACON& Tower with Radar,215,513,39,0,767,0,6,7,2,15,215,519,46,2,782,0,0,0,782
06/17/2006,CLE,OH,AGL,CE,Combined TRACON& Tower with Radar,175,309,18,0,502,0,3,8,0,11,175,312,26,0,513,0,0,0,513
06/18/2006,CLE,OH,AGL,CE,Combined TRACON& Tower with Radar,198,408,15,0,621,1,0,5,0,6,199,408,20,0,627,0,0,0,627
06/19/2006,CLE,OH,AGL,CE,Combined TRACON& Tower with Radar,188,436,29,0,653,0,0,4,0,4,188,436,33,0,657,0,0,0,657
06/20/2006,CLE,OH,AGL,CE,Combined TRACON& Tower with Radar,236,494,24,0,754,0,10,6,4,20,236,504,30,4,774,0,0,0,774
06/21/2006,CLE,OH,AGL,CE,Combined TRACON& Tower with Radar,194,460,31,0,685,0,1,3,3,7,194,461,34,3,692,0,0,0,692
06/22/2006,CLE,OH,AGL,CE,Combined TRACON& Tower with Radar,206,449,33,0,688,0,2,5,7,14,206,451,38,7,702,0,0,0,702
06/23/2006,CLE,OH,AGL,CE,Combined TRACON& Tower with Radar,224,569,56,5,854,0,6,1,3,10,224,575,57,8,864,0,0,0,864
06/24/2006,CLE,OH,AGL,CE,Combined TRACON& Tower with Radar,186,315,28,2,531,1,1,12,3,17,187,316,40,5,548,0,0,0,548
06/25/2006,CLE,OH,AGL,CE,Combined TRACON& Tower with Radar,191,388,29,3,611,1,2,4,6,13,192,390,33,9,624,0,0,0,624
06/26/2006,CLE,OH,AGL,CE,Combined TRACON& Tower with Radar,211,515,39,2,767,0,3,4,7,14,211,518,43,9,781,0,0,0,781
06/27/2006,CLE,OH,AGL,CE,Combined TRACON& Tower with Radar,223,425,29,0,677,2,1,4,3,10,225,426,33,3,687,0,0,0,687
06/28/2006,CLE,OH,AGL,CE,Combined TRACON& Tower with Radar,216,530,32,1,779,0,3,7,1,11,216,533,39,2,790,0,0,0,790
06/29/2006,CLE,OH,AGL,CE,Combined TRACON& Tower with Radar,219,533,33,1,786,0,3,11,5,19,219,536,44,6,805,0,0,0,805
06/30/2006,CLE,OH,AGL,CE,Combined TRACON& Tower with Radar,223,534,35,1,793,0,4,7,3,14,223,538,42,4,807,0,0,0,807
07/01/2006,CLE,OH,AGL,CE,Combined TRACON& Tower with Radar,177,314,17,2,510,0,1,3,0,4,177,315,20,2,514,0,0,0,514
07/02/2006,CLE,OH,AGL,CE,Combined TRACON& Tower with Radar,190,374,1,0,565,0,5,2,0,7,190,379,3,0,572,0,0,0,572
07/03/2006,CLE,OH,AGL,CE,Combined TRACON& Tower with Radar,176,368,4,0,548,0,0,2,0,2,176,368,6,0,550,0,0,0,550
07/04/2006,CLE,OH,AGL,CE,Combined TRACON& Tower with Radar,189,335,4,2,530,0,1,0,0,1,189,336,4,2,531,0,0,0,531
07/05/2006,CLE,OH,AGL,CE,Combined TRACON& Tower with Radar,199,495,33,2,729,0,1,3,2,6,199,496,36,4,735,0,0,0,735
07/06/2006,CLE,OH,AGL,CE,Combined TRACON& Tower with Radar,231,546,29,0,806,0,0,8,4,12,231,546,37,4,818,0,0,0,818
07/07/2006,CLE,OH,AGL,CE,Combined TRACON& Tower with Radar,222,525,29,0,776,0,2,7,3,12,222,527,36,3,788,0,0,0,788
07/08/2006,CLE,OH,AGL,CE,Combined TRACON& Tower with Radar,178,306,5,2,491,0,0,11,0,11,178,306,16,2,502,0,0,0,502
07/09/2006,CLE,OH,AGL,CE,Combined TRACON& Tower with Radar,189,410,23,0,622,0,4,7,0,11,189,414,30,0,633,0,0,0,633
07/10/2006,CLE,OH,AGL,CE,Combined TRACON& Tower with Radar,205,522,30,2,759,0,2,0,0,2,205,524,30,2,761,0,0,0,761
07/11/2006,CLE,OH,AGL,CE,Combined TRACON& Tower with Radar,209,434,34,0,677,0,0,1,5,6,209,434,35,5,683,0,0,0,683
07/12/2006,CLE,OH,AGL,CE,Combined TRACON& Tower with Radar,200,511,40,0,751,1,5,0,1,7,201,516,40,1,758,0,0,0,758
07/13/2006,CLE,OH,AGL,CE,Combined TRACON& Tower with Radar,225,548,54,0,827,0,0,6,1,7,225,548,60,1,834,0,0,0,834
07/14/2006,CLE,OH,AGL,CE,Combined TRACON& Tower with Radar,216,470,43,2,731,0,5,4,2,11,216,475,47,4,742,0,0,0,742
07/15/2006,CLE,OH,AGL,CE,Combined TRACON& Tower with Radar,184,351,11,1,547,0,2,3,0,5,184,353,14,1,552,0,0,0,552
07/16/2006,CLE,OH,AGL,CE,Combined TRACON& Tower with Radar,193,413,24,1,631,0,1,9,0,10,193,414,33,1,641,0,0,0,641
07/17/2006,CLE,OH,AGL,CE,Combined TRACON& Tower with Radar,202,518,37,1,758,0,3,8,2,13,202,521,45,3,771,0,0,0,771
07/18/2006,CLE,OH,AGL,CE,Combined TRACON& Tower with Radar,210,449,42,0,701,0,6,6,0,12,210,455,48,0,713,0,0,0,713
07/19/2006,CLE,OH,AGL,CE,Combined TRACON& Tower with Radar,212,536,53,0,801,0,4,7,2,13,212,540,60,2,814,0,0,0,814
07/20/2006,CLE,OH,AGL,CE,Combined TRACON& Tower with Radar,206,517,34,0,757,1,1,3,3,8,207,518,37,3,765,0,0,0,765
07/21/2006,CLE,OH,AGL,CE,Combined TRACON& Tower with Radar,223,516,21,0,760,0,7,6,5,18,223,523,27,5,778,0,0,0,778
07/22/2006,CLE,OH,AGL,CE,Combined TRACON& Tower with Radar,183,328,19,2,532,1,2,0,0,3,184,330,19,2,535,0,0,0,535
07/23/2006,CLE,OH,AGL,CE,Combined TRACON& Tower with Radar,190,433,15,0,638,1,2,15,0,18,191,435,30,0,656,0,0,0,656
07/24/2006,CLE,OH,AGL,CE,Combined TRACON& Tower with Radar,205,525,37,0,767,0,1,8,0,9,205,526,45,0,776,0,0,0,776
07/25/2006,CLE,OH,AGL,CE,Combined TRACON& Tower with Radar,213,437,42,0,692,0,1,7,2,10,213,438,49,2,702,0,0,0,702
07/26/2006,CLE,OH,AGL,CE,Combined TRACON& Tower with Radar,214,542,26,0,782,2,10,6,2,20,216,552,32,2,802,0,0,0,802
07/27/2006,CLE,OH,AGL,CE,Combined TRACON& Tower with Radar,209,503,43,1,756,0,3,2,3,8,209,506,45,4,764,0,0,0,764
07/28/2006,CLE,OH,AGL,CE,Combined TRACON& Tower with Radar,230,509,52,0,791,2,0,1,0,3,232,509,53,0,794,0,0,0,794
07/29/2006,CLE,OH,AGL,CE,Combined TRACON& Tower with Radar,182,320,21,0,523,0,2,9,0,11,182,322,30,0,534,0,0,0,534
07/30/2006,CLE,OH,AGL,CE,Combined TRACON& Tower with Radar,190,407,16,0,613,0,0,5,0,5,190,407,21,0,618,0,0,0,618
07/31/2006,CLE,OH,AGL,CE,Combined TRACON& Tower with Radar,207,524,27,3,761,0,0,4,2,6,207,524,31,5,767,0,0,0,767
08/01/2006,CLE,OH,AGL,CE,Combined TRACON& Tower with Radar,213,458,30,2,703,0,3,2,0,5,213,461,32,2,708,0,0,0,708
08/02/2006,CLE,OH,AGL,CE,Combined TRACON& Tower with Radar,198,520,42,3,763,0,10,4,6,20,198,530,46,9,783,0,0,0,783
08/03/2006,CLE,OH,AGL,CE,Combined TRACON& Tower with Radar,214,525,31,2,772,1,1,0,4,6,215,526,31,6,778,0,0,0,778
08/04/2006,CLE,OH,AGL,CE,Combined TRACON& Tower with Radar,219,534,22,0,775,1,2,4,1,8,220,536,26,1,783,0,0,0,783
08/05/2006,CLE,OH,AGL,CE,Combined TRACON& Tower with Radar,180,318,12,0,510,0,2,10,0,12,180,320,22,0,522,0,0,0,522
08/06/2006,CLE,OH,AGL,CE,Combined TRACON& Tower with Radar,191,416,12,0,619,0,1,10,1,12,191,417,22,1,631,0,0,0,631
08/07/2006,CLE,OH,AGL,CE,Combined TRACON& Tower with Radar,204,519,31,0,754,0,4,3,5,12,204,523,34,5,766,0,0,0,766
08/08/2006,CLE,OH,AGL,CE,Combined TRACON& Tower with Radar,214,447,33,1,695,0,2,3,1,6,214,449,36,2,701,0,0,0,701
08/09/2006,CLE,OH,AGL,CE,Combined TRACON& Tower with Radar,211,527,35,2,775,0,4,8,3,15,211,531,43,5,790,0,0,0,790
08/10/2006,CLE,OH,AGL,CE,Combined TRACON& Tower with Radar,205,516,47,1,769,0,2,1,3,6,205,518,48,4,775,0,0,0,775
08/11/2006,CLE,OH,AGL,CE,Combined TRACON& Tower with Radar,231,541,21,0,793,0,6,13,1,20,231,547,34,1,813,0,0,0,813
08/12/2006,CLE,OH,AGL,CE,Combined TRACON& Tower with Radar,177,313,13,0,503,0,8,5,0,13,177,321,18,0,516,0,0,0,516
08/13/2006,CLE,OH,AGL,CE,Combined TRACON& Tower with Radar,189,447,21,0,657,1,3,11,0,15,190,450,32,0,672,0,0,0,672
08/14/2006,CLE,OH,AGL,CE,Combined TRACON& Tower with Radar,206,533,27,0,766,0,2,3,1,6,206,535,30,1,772,0,0,0,772
08/15/2006,CLE,OH,AGL,CE,Combined TRACON& Tower with Radar,212,460,41,0,713,0,4,10,2,16,212,464,51,2,729,0,0,0,729
08/16/2006,CLE,OH,AGL,CE,Combined TRACON& Tower with Radar,206,533,45,0,784,1,4,7,3,15,207,537,52,3,799,0,0,0,799
08/17/2006,CLE,OH,AGL,CE,Combined TRACON& Tower with Radar,215,529,39,1,784,0,0,14,2,16,215,529,53,3,800,0,0,0,800
08/18/2006,CLE,OH,AGL,CE,Combined TRACON& Tower with Radar,213,523,30,0,766,0,3,2,0,5,213,526,32,0,771,0,0,0,771
08/19/2006,CLE,OH,AGL,CE,Combined TRACON& Tower with Radar,173,316,19,0,508,0,2,3,0,5,173,318,22,0,513,0,0,0,513
08/20/2006,CLE,OH,AGL,CE,Combined TRACON& Tower with Radar,180,425,13,0,618,1,0,9,0,10,181,425,22,0,628,0,0,0,628
08/21/2006,CLE,OH,AGL,CE,Combined TRACON& Tower with Radar,202,528,28,2,760,0,0,7,3,10,202,528,35,5,770,0,0,0,770
08/22/2006,CLE,OH,AGL,CE,Combined TRACON& Tower with Radar,209,453,33,0,695,0,7,3,5,15,209,460,36,5,710,0,0,0,710
08/23/2006,CLE,OH,AGL,CE,Combined TRACON& Tower with Radar,193,463,40,0,696,0,2,5,2,9,193,465,45,2,705,0,0,0,705
08/24/2006,CLE,OH,AGL,CE,Combined TRACON& Tower with Radar,194,542,55,0,791,0,3,4,4,11,194,545,59,4,802,0,0,0,802
08/25/2006,CLE,OH,AGL,CE,Combined TRACON& Tower with Radar,215,523,37,0,775,0,9,2,2,13,215,532,39,2,788,0,0,0,788
08/26/2006,CLE,OH,AGL,CE,Combined TRACON& Tower with Radar,168,318,16,1,503,0,1,0,0,1,168,319,16,1,504,0,0,0,504
08/27/2006,CLE,OH,AGL,CE,Combined TRACON& Tower with Radar,185,401,17,0,603,0,0,0,0,0,185,401,17,0,603,0,0,0,603
08/28/2006,CLE,OH,AGL,CE,Combined TRACON& Tower with Radar,201,521,35,0,757,0,1,0,0,1,201,522,35,0,758,0,0,0,758
08/29/2006,CLE,OH,AGL,CE,Combined TRACON& Tower with Radar,215,470,50,0,735,0,0,2,0,2,215,470,52,0,737,0,0,0,737
08/30/2006,CLE,OH,AGL,CE,Combined TRACON& Tower with Radar,202,446,55,2,705,0,1,1,3,5,202,447,56,5,710,0,0,0,710
08/31/2006,CLE,OH,AGL,CE,Combined TRACON& Tower with Radar,208,536,50,3,797,0,1,4,8,13,208,537,54,11,810,0,0,0,810
09/01/2006,CLE,OH,AGL,CE,Combined TRACON& Tower with Radar,218,514,34,0,766,0,3,5,8,16,218,517,39,8,782,0,0,0,782
09/02/2006,CLE,OH,AGL,CE,Combined TRACON& Tower with Radar,165,295,10,4,474,0,2,0,0,2,165,297,10,4,476,0,0,0,476
09/03/2006,CLE,OH,AGL,CE,Combined TRACON& Tower with Radar,154,297,18,2,471,0,0,2,0,2,154,297,20,2,473,0,0,0,473
09/04/2006,CLE,OH,AGL,CE,Combined TRACON& Tower with Radar,192,429,14,2,637,0,0,7,0,7,192,429,21,2,644,0,0,0,644
09/05/2006,CLE,OH,AGL,CE,Combined TRACON& Tower with Radar,199,512,46,1,758,0,1,5,5,11,199,513,51,6,769,0,0,0,769
09/06/2006,CLE,OH,AGL,CE,Combined TRACON& Tower with Radar,194,455,36,0,685,0,6,6,9,21,194,461,42,9,706,0,0,0,706
09/07/2006,CLE,OH,AGL,CE,Combined TRACON& Tower with Radar,191,545,35,0,771,0,2,9,5,16,191,547,44,5,787,0,0,0,787
09/08/2006,CLE,OH,AGL,CE,Combined TRACON& Tower with Radar,208,538,46,0,792,0,4,3,2,9,208,542,49,2,801,0,0,0,801
09/09/2006,CLE,OH,AGL,CE,Combined TRACON& Tower with Radar,158,285,11,0,454,0,0,4,0,4,158,285,15,0,458,0,0,0,458
09/10/2006,CLE,OH,AGL,CE,Combined TRACON& Tower with Radar,172,386,21,2,581,0,5,1,0,6,172,391,22,2,587,0,0,0,587
09/11/2006,CLE,OH,AGL,CE,Combined TRACON& Tower with Radar,184,515,45,0,744,0,1,3,4,8,184,516,48,4,752,0,0,0,752
09/12/2006,CLE,OH,AGL,CE,Combined TRACON& Tower with Radar,190,445,49,0,684,0,0,0,0,0,190,445,49,0,684,0,0,0,684
09/13/2006,CLE,OH,AGL,CE,Combined TRACON& Tower with Radar,187,447,27,0,661,0,1,0,1,2,187,448,27,1,663,0,0,0,663
09/14/2006,CLE,OH,AGL,CE,Combined TRACON& Tower with Radar,202,559,69,0,830,0,6,5,2,13,202,565,74,2,843,0,0,0,843
09/15/2006,CLE,OH,AGL,CE,Combined TRACON& Tower with Radar,209,534,42,0,785,0,2,2,2,6,209,536,44,2,791,0,0,0,791
09/16/2006,CLE,OH,AGL,CE,Combined TRACON& Tower with Radar,165,295,10,0,470,0,2,2,0,4,165,297,12,0,474,0,0,0,474
09/17/2006,CLE,OH,AGL,CE,Combined TRACON& Tower with Radar,174,379,31,4,588,0,4,7,0,11,174,383,38,4,599,0,0,0,599
09/18/2006,CLE,OH,AGL,CE,Combined TRACON& Tower with Radar,189,531,45,0,765,0,0,0,3,3,189,531,45,3,768,0,0,0,768
09/19/2006,CLE,OH,AGL,CE,Combined TRACON& Tower with Radar,186,445,35,1,667,0,3,5,3,11,186,448,40,4,678,0,0,0,678
09/20/2006,CLE,OH,AGL,CE,Combined TRACON& Tower with Radar,185,447,44,0,676,0,5,1,1,7,185,452,45,1,683,0,0,0,683
09/21/2006,CLE,OH,AGL,CE,Combined TRACON& Tower with Radar,202,546,43,0,791,0,2,4,0,6,202,548,47,0,797,0,0,0,797
09/22/2006,CLE,OH,AGL,CE,Combined TRACON& Tower with Radar,182,533,52,0,767,0,3,1,0,4,182,536,53,0,771,0,0,0,771
09/23/2006,CLE,OH,AGL,CE,Combined TRACON& Tower with Radar,151,286,11,0,448,0,0,0,0,0,151,286,11,0,448,0,0,0,448
09/24/2006,CLE,OH,AGL,CE,Combined TRACON& Tower with Radar,179,371,12,0,562,1,3,4,0,8,180,374,16,0,570,0,0,0,570
09/25/2006,CLE,OH,AGL,CE,Combined TRACON& Tower with Radar,191,532,27,0,750,1,3,3,2,9,192,535,30,2,759,0,0,0,759
09/26/2006,CLE,OH,AGL,CE,Combined TRACON& Tower with Radar,189,447,28,2,666,0,4,14,2,20,189,451,42,4,686,0,0,0,686
09/27/2006,CLE,OH,AGL,CE,Combined TRACON& Tower with Radar,174,435,29,1,639,0,2,3,5,10,174,437,32,6,649,0,0,0,649
09/28/2006,CLE,OH,AGL,CE,Combined TRACON& Tower with Radar,213,541,40,1,795,0,0,2,2,4,213,541,42,3,799,0,0,0,799
09/29/2006,CLE,OH,AGL,CE,Combined TRACON& Tower with Radar,211,543,38,0,792,2,5,1,0,8,213,548,39,0,800,0,0,0,800
09/30/2006,CLE,OH,AGL,CE,Combined TRACON& Tower with Radar,150,287,15,0,452,2,0,1,0,3,152,287,16,0,455,0,0,0,455
10/01/2006,CLE,OH,AGL,CE,Combined TRACON& Tower with Radar,163,393,23,0,579,0,0,5,0,5,163,393,28,0,584,0,0,0,584
10/02/2006,CLE,OH,AGL,CE,Combined TRACON& Tower with Radar,182,528,32,2,744,0,3,0,3,6,182,531,32,5,750,0,0,0,750
10/03/2006,CLE,OH,AGL,CE,Combined TRACON& Tower with Radar,193,460,40,0,693,0,0,3,2,5,193,460,43,2,698,0,0,0,698
10/04/2006,CLE,OH,AGL,CE,Combined TRACON& Tower with Radar,183,525,35,0,743,2,4,2,0,8,185,529,37,0,751,0,0,0,751
10/05/2006,CLE,OH,AGL,CE,Combined TRACON& Tower with Radar,226,555,48,1,830,0,4,3,6,13,226,559,51,7,843,0,0,0,843
10/06/2006,CLE,OH,AGL,CE,Combined TRACON& Tower with Radar,198,537,36,2,773,0,4,7,2,13,198,541,43,4,786,0,0,0,786
10/07/2006,CLE,OH,AGL,CE,Combined TRACON& Tower with Radar,155,293,24,0,472,2,8,2,0,12,157,301,26,0,484,0,0,0,484
10/08/2006,CLE,OH,AGL,CE,Combined TRACON& Tower with Radar,178,386,15,0,579,0,5,10,0,15,178,391,25,0,594,0,0,0,594
10/09/2006,CLE,OH,AGL,CE,Combined TRACON& Tower with Radar,194,538,20,0,752,0,7,3,0,10,194,545,23,0,762,0,0,0,762
10/10/2006,CLE,OH,AGL,CE,Combined TRACON& Tower with Radar,184,449,33,0,666,0,2,1,0,3,184,451,34,0,669,0,0,0,669
10/11/2006,CLE,OH,AGL,CE,Combined TRACON& Tower with Radar,193,533,32,0,758,0,1,0,0,1,193,534,32,0,759,0,0,0,759
10/12/2006,CLE,OH,AGL,CE,Combined TRACON& Tower with Radar,200,552,52,0,804,1,1,2,1,5,201,553,54,1,809,0,0,0,809
10/13/2006,CLE,OH,AGL,CE,Combined TRACON& Tower with Radar,202,539,38,1,780,0,1,1,1,3,202,540,39,2,783,0,0,0,783
10/14/2006,CLE,OH,AGL,CE,Combined TRACON& Tower with Radar,156,292,23,0,471,0,0,1,0,1,156,292,24,0,472,0,0,0,472
10/15/2006,CLE,OH,AGL,CE,Combined TRACON& Tower with Radar,174,387,19,0,580,0,1,8,2,11,174,388,27,2,591,0,0,0,591
10/16/2006,CLE,OH,AGL,CE,Combined TRACON& Tower with Radar,178,509,40,0,727,0,0,4,0,4,178,509,44,0,731,0,0,0,731
10/17/2006,CLE,OH,AGL,CE,Combined TRACON& Tower with Radar,195,471,34,2,702,0,0,0,1,1,195,471,34,3,703,0,0,0,703
10/18/2006,CLE,OH,AGL,CE,Combined TRACON& Tower with Radar,198,552,44,0,794,0,2,1,3,6,198,554,45,3,800,0,0,0,800
10/19/2006,CLE,OH,AGL,CE,Combined TRACON& Tower with Radar,195,544,43,2,784,0,0,1,3,4,195,544,44,5,788,0,0,0,788
10/20/2006,CLE,OH,AGL,CE,Combined TRACON& Tower with Radar,196,519,34,0,749,0,4,0,3,7,196,523,34,3,756,0,0,0,756
10/21/2006,CLE,OH,AGL,CE,Combined TRACON& Tower with Radar,162,303,11,0,476,0,4,6,0,10,162,307,17,0,486,0,0,0,486
10/22/2006,CLE,OH,AGL,CE,Combined TRACON& Tower with Radar,174,380,12,0,566,0,4,2,0,6,174,384,14,0,572,0,0,0,572
10/23/2006,CLE,OH,AGL,CE,Combined TRACON& Tower with Radar,183,519,34,0,736,0,1,0,0,1,183,520,34,0,737,0,0,0,737
10/24/2006,CLE,OH,AGL,CE,Combined TRACON& Tower with Radar,194,455,49,0,698,0,2,3,2,7,194,457,52,2,705,0,0,0,705
10/25/2006,CLE,OH,AGL,CE,Combined TRACON& Tower with Radar,196,550,46,1,793,2,0,6,1,9,198,550,52,2,802,0,0,0,802
10/26/2006,CLE,OH,AGL,CE,Combined TRACON& Tower with Radar,189,536,34,0,759,0,6,5,4,15,189,542,39,4,774,0,0,0,774
10/27/2006,CLE,OH,AGL,CE,Combined TRACON& Tower with Radar,200,536,35,0,771,0,0,0,0,0,200,536,35,0,771,0,0,0,771
10/28/2006,CLE,OH,AGL,CE,Combined TRACON& Tower with Radar,165,283,10,0,458,0,3,0,0,3,165,286,10,0,461,0,0,0,461
10/29/2006,CLE,OH,AGL,CE,Combined TRACON& Tower with Radar,182,387,23,0,592,0,2,3,0,5,182,389,26,0,597,0,0,0,597
10/30/2006,CLE,OH,AGL,CE,Combined TRACON& Tower with Radar,190,541,25,0,756,0,5,5,2,12,190,546,30,2,768,0,0,0,768
10/31/2006,CLE,OH,AGL,CE,Combined TRACON& Tower with Radar,193,444,41,0,678,0,1,2,3,6,193,445,43,3,684,0,0,0,684
11/01/2006,CLE,OH,AGL,CE,Combined TRACON& Tower with Radar,196,549,42,2,789,0,2,7,7,16,196,551,49,9,805,0,0,0,805
11/02/2006,CLE,OH,AGL,CE,Combined TRACON& Tower with Radar,210,540,49,1,800,1,2,1,0,4,211,542,50,1,804,0,0,0,804
11/03/2006,CLE,OH,AGL,CE,Combined TRACON& Tower with Radar,205,549,38,0,792,0,1,3,0,4,205,550,41,0,796,0,0,0,796
11/04/2006,CLE,OH,AGL,CE,Combined TRACON& Tower with Radar,163,285,10,0,458,0,0,2,0,2,163,285,12,0,460,0,0,0,460
11/05/2006,CLE,OH,AGL,CE,Combined TRACON& Tower with Radar,173,390,28,0,591,0,0,6,0,6,173,390,34,0,597,0,0,0,597
11/06/2006,CLE,OH,AGL,CE,Combined TRACON& Tower with Radar,197,526,40,0,763,0,3,6,1,10,197,529,46,1,773,0,0,0,773
11/07/2006,CLE,OH,AGL,CE,Combined TRACON& Tower with Radar,190,453,34,0,677,0,0,1,0,1,190,453,35,0,678,0,0,0,678
11/08/2006,CLE,OH,AGL,CE,Combined TRACON& Tower with Radar,194,526,55,0,775,1,2,0,0,3,195,528,55,0,778,0,0,0,778
11/09/2006,CLE,OH,AGL,CE,Combined TRACON& Tower with Radar,212,551,48,0,811,0,0,8,4,12,212,551,56,4,823,0,0,0,823
11/10/2006,CLE,OH,AGL,CE,Combined TRACON& Tower with Radar,196,546,40,0,782,0,1,4,7,12,196,547,44,7,794,0,0,0,794
11/11/2006,CLE,OH,AGL,CE,Combined TRACON& Tower with Radar,166,300,10,0,476,0,0,0,0,0,166,300,10,0,476,0,0,0,476
11/12/2006,CLE,OH,AGL,CE,Combined TRACON& Tower with Radar,175,379,13,0,567,1,3,1,0,5,176,382,14,0,572,0,0,0,572
11/13/2006,CLE,OH,AGL,CE,Combined TRACON& Tower with Radar,188,521,37,0,746,0,0,1,2,3,188,521,38,2,749,0,0,0,749
11/14/2006,CLE,OH,AGL,CE,Combined TRACON& Tower with Radar,201,464,37,3,705,0,0,0,3,3,201,464,37,6,708,0,0,0,708
11/15/2006,CLE,OH,AGL,CE,Combined TRACON& Tower with Radar,185,533,36,0,754,0,0,0,3,3,185,533,36,3,757,0,0,0,757
11/16/2006,CLE,OH,AGL,CE,Combined TRACON& Tower with Radar,199,548,49,0,796,0,2,0,0,2,199,550,49,0,798,0,0,0,798
11/17/2006,CLE,OH,AGL,CE,Combined TRACON& Tower with Radar,208,562,42,0,812,0,1,1,1,3,208,563,43,1,815,0,0,0,815
11/18/2006,CLE,OH,AGL,CE,Combined TRACON& Tower with Radar,166,295,16,0,477,0,2,3,1,6,166,297,19,1,483,0,0,0,483
11/19/2006,CLE,OH,AGL,CE,Combined TRACON& Tower with Radar,175,384,11,0,570,0,0,1,0,1,175,384,12,0,571,0,0,0,571
11/20/2006,CLE,OH,AGL,CE,Combined TRACON& Tower with Radar,175,435,37,0,647,0,1,1,3,5,175,436,38,3,652,0,0,0,652
11/21/2006,CLE,OH,AGL,CE,Combined TRACON& Tower with Radar,203,456,39,0,698,1,11,4,3,19,204,467,43,3,717,0,0,0,717
11/22/2006,CLE,OH,AGL,CE,Combined TRACON& Tower with Radar,214,540,37,0,791,0,1,8,5,14,214,541,45,5,805,0,0,0,805
11/23/2006,CLE,OH,AGL,CE,Combined TRACON& Tower with Radar,152,322,4,0,478,0,0,3,0,3,152,322,7,0,481,0,0,0,481
11/24/2006,CLE,OH,AGL,CE,Combined TRACON& Tower with Radar,151,281,15,0,447,0,0,5,0,5,151,281,20,0,452,0,0,0,452
11/25/2006,CLE,OH,AGL,CE,Combined TRACON& Tower with Radar,173,361,5,0,539,0,1,10,0,11,173,362,15,0,550,0,0,0,550
11/26/2006,CLE,OH,AGL,CE,Combined TRACON& Tower with Radar,195,518,24,0,737,0,0,13,0,13,195,518,37,0,750,0,0,0,750
11/27/2006,CLE,OH,AGL,CE,Combined TRACON& Tower with Radar,197,542,28,0,767,0,4,1,1,6,197,546,29,1,773,0,0,0,773
11/28/2006,CLE,OH,AGL,CE,Combined TRACON& Tower with Radar,197,457,34,0,688,0,0,7,3,10,197,457,41,3,698,0,0,0,698
11/29/2006,CLE,OH,AGL,CE,Combined TRACON& Tower with Radar,181,451,40,0,672,0,2,0,1,3,181,453,40,1,675,0,0,0,675
11/30/2006,CLE,OH,AGL,CE,Combined TRACON& Tower with Radar,191,531,33,0,755,0,0,1,0,1,191,531,34,0,756,0,0,0,756
12/01/2006,CLE,OH,AGL,CE,Combined TRACON& Tower with Radar,185,457,27,0,669,0,1,2,1,4,185,458,29,1,673,0,0,0,673
12/02/2006,CLE,OH,AGL,CE,Combined TRACON& Tower with Radar,170,301,15,0,486,0,2,4,2,8,170,303,19,2,494,0,0,0,494
12/03/2006,CLE,OH,AGL,CE,Combined TRACON& Tower with Radar,173,401,12,0,586,0,2,5,0,7,173,403,17,0,593,0,0,0,593
12/04/2006,CLE,OH,AGL,CE,Combined TRACON& Tower with Radar,179,545,34,0,758,0,1,2,0,3,179,546,36,0,761,0,0,0,761
12/05/2006,CLE,OH,AGL,CE,Combined TRACON& Tower with Radar,193,463,41,0,697,0,3,5,4,12,193,466,46,4,709,0,0,0,709
12/06/2006,CLE,OH,AGL,CE,Combined TRACON& Tower with Radar,183,464,57,2,706,0,1,3,0,4,183,465,60,2,710,0,0,0,710
12/07/2006,CLE,OH,AGL,CE,Combined TRACON& Tower with Radar,190,449,43,0,682,0,4,0,0,4,190,453,43,0,686,0,0,0,686
12/08/2006,CLE,OH,AGL,CE,Combined TRACON& Tower with Radar,213,571,38,0,822,0,1,1,0,2,213,572,39,0,824,0,0,0,824
12/09/2006,CLE,OH,AGL,CE,Combined TRACON& Tower with Radar,157,302,26,0,485,0,0,7,0,7,157,302,33,0,492,0,0,0,492
12/10/2006,CLE,OH,AGL,CE,Combined TRACON& Tower with Radar,176,391,14,0,581,0,0,6,2,8,176,391,20,2,589,0,0,0,589
12/11/2006,CLE,OH,AGL,CE,Combined TRACON& Tower with Radar,177,522,42,0,741,0,1,6,1,8,177,523,48,1,749,0,0,0,749
12/12/2006,CLE,OH,AGL,CE,Combined TRACON& Tower with Radar,194,445,43,0,682,0,2,7,3,12,194,447,50,3,694,0,0,0,694
12/13/2006,CLE,OH,AGL,CE,Combined TRACON& Tower with Radar,192,463,42,0,697,0,4,5,3,12,192,467,47,3,709,0,0,0,709
12/14/2006,CLE,OH,AGL,CE,Combined TRACON& Tower with Radar,203,531,44,0,778,0,1,3,3,7,203,532,47,3,785,0,0,0,785
12/15/2006,CLE,OH,AGL,CE,Combined TRACON& Tower with Radar,222,510,47,1,780,0,0,7,1,8,222,510,54,2,788,0,0,0,788
12/16/2006,CLE,OH,AGL,CE,Combined TRACON& Tower with Radar,188,299,11,1,499,0,0,7,0,7,188,299,18,1,506,0,0,0,506
12/17/2006,CLE,OH,AGL,CE,Combined TRACON& Tower with Radar,193,377,19,0,589,0,0,0,0,0,193,377,19,0,589,0,0,0,589
12/18/2006,CLE,OH,AGL,CE,Combined TRACON& Tower with Radar,209,519,32,0,760,0,4,0,3,7,209,523,32,3,767,0,0,0,767
12/19/2006,CLE,OH,AGL,CE,Combined TRACON& Tower with Radar,229,523,37,0,789,1,3,2,2,8,230,526,39,2,797,0,0,0,797
12/20/2006,CLE,OH,AGL,CE,Combined TRACON& Tower with Radar,228,538,49,0,815,0,3,5,3,11,228,541,54,3,826,0,0,0,826
12/21/2006,CLE,OH,AGL,CE,Combined TRACON& Tower with Radar,229,521,44,0,794,0,2,0,0,2,229,523,44,0,796,0,0,0,796
12/22/2006,CLE,OH,AGL,CE,Combined TRACON& Tower with Radar,231,516,20,0,767,1,0,0,0,1,232,516,20,0,768,0,0,0,768
12/23/2006,CLE,OH,AGL,CE,Combined TRACON& Tower with Radar,195,310,11,0,516,0,0,0,0,0,195,310,11,0,516,0,0,0,516
12/24/2006,CLE,OH,AGL,CE,Combined TRACON& Tower with Radar,162,227,5,0,394,0,0,4,0,4,162,227,9,0,398,0,0,0,398
12/25/2006,CLE,OH,AGL,CE,Combined TRACON& Tower with Radar,159,299,1,0,459,0,3,0,0,3,159,302,1,0,462,0,0,0,462
12/26/2006,CLE,OH,AGL,CE,Combined TRACON& Tower with Radar,206,498,18,0,722,0,0,0,0,0,206,498,18,0,722,0,0,0,722
12/27/2006,CLE,OH,AGL,CE,Combined TRACON& Tower with Radar,232,519,19,0,770,0,1,3,4,8,232,520,22,4,778,0,0,0,778
12/28/2006,CLE,OH,AGL,CE,Combined TRACON& Tower with Radar,220,517,17,0,754,0,2,4,0,6,220,519,21,0,760,0,0,0,760
12/29/2006,CLE,OH,AGL,CE,Combined TRACON& Tower with Radar,222,496,14,0,732,0,0,7,0,7,222,496,21,0,739,0,0,0,739
12/30/2006,CLE,OH,AGL,CE,Combined TRACON& Tower with Radar,195,305,8,0,508,0,0,2,0,2,195,305,10,0,510,0,0,0,510
12/31/2006,CLE,OH,AGL,CE,Combined TRACON& Tower with Radar,159,230,2,0,391,0,0,0,0,0,159,230,2,0,391,0,0,0,391
01/01/2007,CLE,OH,AGL,CE,Combined TRACON& Tower with Radar,181,376,10,0,567,0,2,0,0,2,181,378,10,0,569,0,0,0,569
01/02/2007,CLE,OH,AGL,CE,Combined TRACON& Tower with Radar,210,513,23,0,746,0,1,8,0,9,210,514,31,0,755,0,0,0,755
01/03/2007,CLE,OH,AGL,CE,Combined TRACON& Tower with Radar,224,521,22,0,767,1,1,6,1,9,225,522,28,1,776,0,0,0,776
01/04/2007,CLE,OH,AGL,CE,Combined TRACON& Tower with Radar,214,513,35,0,762,0,4,7,0,11,214,517,42,0,773,0,0,0,773
01/05/2007,CLE,OH,AGL,CE,Combined TRACON& Tower with Radar,214,507,27,0,748,0,2,0,0,2,214,509,27,0,750,0,0,0,750
01/06/2007,CLE,OH,AGL,CE,Combined TRACON& Tower with Radar,175,300,18,0,493,0,0,2,2,4,175,300,20,2,497,0,0,0,497
01/07/2007,CLE,OH,AGL,CE,Combined TRACON& Tower with Radar,186,377,19,0,582,0,0,1,0,1,186,377,20,0,583,0,0,0,583
01/08/2007,CLE,OH,AGL,CE,Combined TRACON& Tower with Radar,182,488,21,0,691,0,2,0,0,2,182,490,21,0,693,0,0,0,693
01/09/2007,CLE,OH,AGL,CE,Combined TRACON& Tower with Radar,173,432,33,0,638,0,1,0,0,1,173,433,33,0,639,0,0,0,639
01/10/2007,CLE,OH,AGL,CE,Combined TRACON& Tower with Radar,176,444,26,0,646,0,4,0,3,7,176,448,26,3,653,0,0,0,653
01/11/2007,CLE,OH,AGL,CE,Combined TRACON& Tower with Radar,191,501,53,0,745,0,1,0,0,1,191,502,53,0,746,0,0,0,746
01/12/2007,CLE,OH,AGL,CE,Combined TRACON& Tower with Radar,186,488,28,2,704,0,2,0,0,2,186,490,28,2,706,0,0,0,706
01/13/2007,CLE,OH,AGL,CE,Combined TRACON& Tower with Radar,161,253,20,2,436,0,0,0,0,0,161,253,20,2,436,0,0,0,436
01/14/2007,CLE,OH,AGL,CE,Combined TRACON& Tower with Radar,156,319,14,0,489,0,0,0,0,0,156,319,14,0,489,0,0,0,489
01/15/2007,CLE,OH,AGL,CE,Combined TRACON& Tower with Radar,164,454,38,0,656,0,1,1,0,2,164,455,39,0,658,0,0,0,658
01/16/2007,CLE,OH,AGL,CE,Combined TRACON& Tower with Radar,182,436,32,0,650,0,0,0,0,0,182,436,32,0,650,0,0,0,650
01/17/2007,CLE,OH,AGL,CE,Combined TRACON& Tower with Radar,171,447,30,0,648,0,3,9,7,19,171,450,39,7,667,0,0,0,667
01/18/2007,CLE,OH,AGL,CE,Combined TRACON& Tower with Radar,182,491,38,2,713,0,2,4,1,7,182,493,42,3,720,0,0,0,720
01/19/2007,CLE,OH,AGL,CE,Combined TRACON& Tower with Radar,191,498,34,0,723,1,0,1,0,2,192,498,35,0,725,0,0,0,725
01/20/2007,CLE,OH,AGL,CE,Combined TRACON& Tower with Radar,164,251,12,0,427,0,6,1,0,7,164,257,13,0,434,0,0,0,434
01/21/2007,CLE,OH,AGL,CE,Combined TRACON& Tower with Radar,153,339,28,0,520,0,1,0,0,1,153,340,28,0,521,0,0,0,521
01/22/2007,CLE,OH,AGL,CE,Combined TRACON& Tower with Radar,178,500,34,0,712,0,1,0,0,1,178,501,34,0,713,0,0,0,713
01/23/2007,CLE,OH,AGL,CE,Combined TRACON& Tower with Radar,175,431,28,0,634,0,0,3,2,5,175,431,31,2,639,0,0,0,639
01/24/2007,CLE,OH,AGL,CE,Combined TRACON& Tower with Radar,171,432,41,2,646,0,5,1,0,6,171,437,42,2,652,0,0,0,652
01/25/2007,CLE,OH,AGL,CE,Combined TRACON& Tower with Radar,187,491,41,0,719,1,2,0,0,3,188,493,41,0,722,0,0,0,722
01/26/2007,CLE,OH,AGL,CE,Combined TRACON& Tower with Radar,187,475,32,0,694,0,4,0,0,4,187,479,32,0,698,0,0,0,698
01/27/2007,CLE,OH,AGL,CE,Combined TRACON& Tower with Radar,160,259,7,0,426,0,1,2,0,3,160,260,9,0,429,0,0,0,429
01/28/2007,CLE,OH,AGL,CE,Combined TRACON& Tower with Radar,164,345,15,0,524,2,1,0,0,3,166,346,15,0,527,0,0,0,527
01/29/2007,CLE,OH,AGL,CE,Combined TRACON& Tower with Radar,175,468,46,0,689,0,1,6,1,8,175,469,52,1,697,0,0,0,697
01/30/2007,CLE,OH,AGL,CE,Combined TRACON& Tower with Radar,172,443,34,1,650,0,0,0,0,0,172,443,34,1,650,0,0,0,650
01/31/2007,CLE,OH,AGL,CE,Combined TRACON& Tower with Radar,175,444,33,0,652,0,1,1,1,3,175,445,34,1,655,0,0,0,655
02/01/2007,CLE,OH,AGL,CE,Combined TRACON& Tower with Radar,187,473,39,0,699,0,3,1,1,5,187,476,40,1,704,0,0,0,704
02/02/2007,CLE,OH,AGL,CE,Combined TRACON& Tower with Radar,190,498,21,0,709,0,0,0,0,0,190,498,21,0,709,0,0,0,709
02/03/2007,CLE,OH,AGL,CE,Combined TRACON& Tower with Radar,160,258,13,0,431,0,0,0,0,0,160,258,13,0,431,0,0,0,431
02/04/2007,CLE,OH,AGL,CE,Combined TRACON& Tower with Radar,163,347,11,0,521,0,0,3,0,3,163,347,14,0,524,0,0,0,524
02/05/2007,CLE,OH,AGL,CE,Combined TRACON& Tower with Radar,173,479,25,0,677,0,0,0,2,2,173,479,25,2,679,0,0,0,679
02/06/2007,CLE,OH,AGL,CE,Combined TRACON& Tower with Radar,162,419,30,0,611,0,2,1,0,3,162,421,31,0,614,0,0,0,614
02/07/2007,CLE,OH,AGL,CE,Combined TRACON& Tower with Radar,182,432,37,0,651,0,0,0,0,0,182,432,37,0,651,0,0,0,651
02/08/2007,CLE,OH,AGL,CE,Combined TRACON& Tower with Radar,193,497,25,0,715,0,2,4,1,7,193,499,29,1,722,0,0,0,722
02/09/2007,CLE,OH,AGL,CE,Combined TRACON& Tower with Radar,189,495,38,0,722,0,3,2,0,5,189,498,40,0,727,0,0,0,727
02/10/2007,CLE,OH,AGL,CE,Combined TRACON& Tower with Radar,160,256,20,0,436,0,0,3,0,3,160,256,23,0,439,0,0,0,439
02/11/2007,CLE,OH,AGL,CE,Combined TRACON& Tower with Radar,162,353,25,0,540,0,0,4,0,4,162,353,29,0,544,0,0,0,544
02/12/2007,CLE,OH,AGL,CE,Combined TRACON& Tower with Radar,175,478,38,0,691,0,0,0,0,0,175,478,38,0,691,0,0,0,691
02/13/2007,CLE,OH,AGL,CE,Combined TRACON& Tower with Radar,128,223,32,0,383,0,0,0,0,0,128,223,32,0,383,0,0,0,383
02/14/2007,CLE,OH,AGL,CE,Combined TRACON& Tower with Radar,111,159,28,0,298,0,2,0,2,4,111,161,28,2,302,0,0,0,302
02/15/2007,CLE,OH,AGL,CE,Combined TRACON& Tower with Radar,195,475,41,0,711,1,1,3,0,5,196,476,44,0,716,0,0,0,716
02/16/2007,CLE,OH,AGL,CE,Combined TRACON& Tower with Radar,217,512,34,0,763,0,1,0,1,2,217,513,34,1,765,0,0,0,765
02/17/2007,CLE,OH,AGL,CE,Combined TRACON& Tower with Radar,174,309,15,0,498,0,0,0,0,0,174,309,15,0,498,0,0,0,498
02/18/2007,CLE,OH,AGL,CE,Combined TRACON& Tower with Radar,169,253,9,0,431,1,1,0,1,3,170,254,9,1,434,0,0,0,434
02/19/2007,CLE,OH,AGL,CE,Combined TRACON& Tower with Radar,197,509,33,0,739,0,1,2,7,10,197,510,35,7,749,0,0,0,749
02/20/2007,CLE,OH,AGL,CE,Combined TRACON& Tower with Radar,204,512,30,0,746,0,2,0,1,3,204,514,30,1,749,0,0,0,749
02/21/2007,CLE,OH,AGL,CE,Combined TRACON& Tower with Radar,203,463,40,0,706,0,1,0,0,1,203,464,40,0,707,0,0,0,707
02/22/2007,CLE,OH,AGL,CE,Combined TRACON& Tower with Radar,222,522,48,0,792,0,0,0,1,1,222,522,48,1,793,0,0,0,793
02/23/2007,CLE,OH,AGL,CE,Combined TRACON& Tower with Radar,208,518,32,0,758,0,2,2,1,5,208,520,34,1,763,0,0,0,763
02/24/2007,CLE,OH,AGL,CE,Combined TRACON& Tower with Radar,159,288,16,0,463,0,0,3,0,3,159,288,19,0,466,0,0,0,466
02/25/2007,CLE,OH,AGL,CE,Combined TRACON& Tower with Radar,154,342,22,0,518,0,2,0,0,2,154,344,22,0,520,0,0,0,520
02/26/2007,CLE,OH,AGL,CE,Combined TRACON& Tower with Radar,192,490,45,0,727,1,0,1,3,5,193,490,46,3,732,0,0,0,732
02/27/2007,CLE,OH,AGL,CE,Combined TRACON& Tower with Radar,209,517,50,0,776,0,0,0,0,0,209,517,50,0,776,0,0,0,776
02/28/2007,CLE,OH,AGL,CE,Combined TRACON& Tower with Radar,202,512,44,0,758,0,2,1,1,4,202,514,45,1,762,0,0,0,762
03/01/2007,CLE,OH,AGL,CE,Combined TRACON& Tower with Radar,189,487,38,0,714,0,1,0,1,2,189,488,38,1,716,0,0,0,716
03/02/2007,CLE,OH,AGL,CE,Combined TRACON& Tower with Radar,208,488,26,0,722,0,2,0,3,5,208,490,26,3,727,0,0,0,727
03/03/2007,CLE,OH,AGL,CE,Combined TRACON& Tower with Radar,173,303,6,0,482,0,0,0,2,2,173,303,6,2,484,0,0,0,484
03/04/2007,CLE,OH,AGL,CE,Combined TRACON& Tower with Radar,185,362,22,0,569,0,0,0,1,1,185,362,22,1,570,0,0,0,570
03/05/2007,CLE,OH,AGL,CE,Combined TRACON& Tower with Radar,208,481,32,0,721,0,2,1,0,3,208,483,33,0,724,0,0,0,724
03/06/2007,CLE,OH,AGL,CE,Combined TRACON& Tower with Radar,213,493,32,0,738,0,6,2,6,14,213,499,34,6,752,0,0,0,752
03/07/2007,CLE,OH,AGL,CE,Combined TRACON& Tower with Radar,210,508,38,0,756,0,1,2,2,5,210,509,40,2,761,0,0,0,761
03/08/2007,CLE,OH,AGL,CE,Combined TRACON& Tower with Radar,221,511,35,0,767,0,7,7,2,16,221,518,42,2,783,0,0,0,783
03/09/2007,CLE,OH,AGL,CE,Combined TRACON& Tower with Radar,217,492,42,0,751,0,1,4,0,5,217,493,46,0,756,0,0,0,756
03/10/2007,CLE,OH,AGL,CE,Combined TRACON& Tower with Radar,178,284,14,0,476,0,0,2,0,2,178,284,16,0,478,0,0,0,478
03/11/2007,CLE,OH,AGL,CE,Combined TRACON& Tower with Radar,187,356,19,0,562,0,0,3,0,3,187,356,22,0,565,0,0,0,565
03/12/2007,CLE,OH,AGL,CE,Combined TRACON& Tower with Radar,204,492,35,1,732,0,0,3,0,3,204,492,38,1,735,0,0,0,735
03/13/2007,CLE,OH,AGL,CE,Combined TRACON& Tower with Radar,217,509,39,1,766,0,2,6,5,13,217,511,45,6,779,0,0,0,779
03/14/2007,CLE,OH,AGL,CE,Combined TRACON& Tower with Radar,200,471,27,0,698,0,5,0,1,6,200,476,27,1,704,0,0,0,704
03/15/2007,CLE,OH,AGL,CE,Combined TRACON& Tower with Radar,224,521,46,0,791,0,1,3,7,11,224,522,49,7,802,0,0,0,802
03/16/2007,CLE,OH,AGL,CE,Combined TRACON& Tower with Radar,201,411,25,1,638,0,1,1,2,4,201,412,26,3,642,0,0,0,642
03/17/2007,CLE,OH,AGL,CE,Combined TRACON& Tower with Radar,186,269,19,0,474,0,1,1,0,2,186,270,20,0,476,0,0,0,476
03/18/2007,CLE,OH,AGL,CE,Combined TRACON& Tower with Radar,192,348,15,0,555,0,2,7,0,9,192,350,22,0,564,0,0,0,564
03/19/2007,CLE,OH,AGL,CE,Combined TRACON& Tower with Radar,206,495,25,0,726,0,1,1,0,2,206,496,26,0,728,0,0,0,728
03/20/2007,CLE,OH,AGL,CE,Combined TRACON& Tower with Radar,216,519,37,1,773,0,0,4,1,5,216,519,41,2,778,0,0,0,778
03/21/2007,CLE,OH,AGL,CE,Combined TRACON& Tower with Radar,216,496,32,3,747,0,3,2,1,6,216,499,34,4,753,0,0,0,753
03/22/2007,CLE,OH,AGL,CE,Combined TRACON& Tower with Radar,211,482,29,2,724,0,1,1,2,4,211,483,30,4,728,0,0,0,728
03/23/2007,CLE,OH,AGL,CE,Combined TRACON& Tower with Radar,215,480,25,0,720,0,3,1,4,8,215,483,26,4,728,0,0,0,728
03/24/2007,CLE,OH,AGL,CE,Combined TRACON& Tower with Radar,184,291,16,0,491,0,2,0,0,2,184,293,16,0,493,0,0,0,493
03/25/2007,CLE,OH,AGL,CE,Combined TRACON& Tower with Radar,192,357,19,0,568,0,2,2,1,5,192,359,21,1,573,0,0,0,573
03/26/2007,CLE,OH,AGL,CE,Combined TRACON& Tower with Radar,207,480,32,2,721,0,4,0,4,8,207,484,32,6,729,0,0,0,729
03/27/2007,CLE,OH,AGL,CE,Combined TRACON& Tower with Radar,219,484,31,0,734,0,6,2,5,13,219,490,33,5,747,0,0,0,747
03/28/2007,CLE,OH,AGL,CE,Combined TRACON& Tower with Radar,210,487,29,1,727,0,4,3,2,9,210,491,32,3,736,0,0,0,736
03/29/2007,CLE,OH,AGL,CE,Combined TRACON& Tower with Radar,215,492,36,2,745,0,3,0,2,5,215,495,36,4,750,0,0,0,750
03/30/2007,CLE,OH,AGL,CE,Combined TRACON& Tower with Radar,217,491,28,1,737,0,5,0,1,6,217,496,28,2,743,0,0,0,743
03/31/2007,CLE,OH,AGL,CE,Combined TRACON& Tower with Radar,182,290,14,0,486,0,1,2,0,3,182,291,16,0,489,0,0,0,489
04/01/2007,CLE,OH,AGL,CE,Combined TRACON& Tower with Radar,190,363,21,0,574,2,5,5,0,12,192,368,26,0,586,0,0,0,586
04/02/2007,CLE,OH,AGL,CE,Combined TRACON& Tower with Radar,208,481,44,0,733,0,2,2,3,7,208,483,46,3,740,0,0,0,740
04/03/2007,CLE,OH,AGL,CE,Combined TRACON& Tower with Radar,209,501,32,0,742,0,4,6,0,10,209,505,38,0,752,0,0,0,752
04/04/2007,CLE,OH,AGL,CE,Combined TRACON& Tower with Radar,211,482,36,1,730,0,2,0,0,2,211,484,36,1,732,0,0,0,732
04/05/2007,CLE,OH,AGL,CE,Combined TRACON& Tower with Radar,221,518,36,0,775,0,1,0,0,1,221,519,36,0,776,0,0,0,776
04/06/2007,CLE,OH,AGL,CE,Combined TRACON& Tower with Radar,214,501,37,1,753,0,3,0,1,4,214,504,37,2,757,0,0,0,757
04/07/2007,CLE,OH,AGL,CE,Combined TRACON& Tower with Radar,169,297,18,0,484,0,0,0,0,0,169,297,18,0,484,0,0,0,484
04/08/2007,CLE,OH,AGL,CE,Combined TRACON& Tower with Radar,194,352,19,0,565,0,2,0,0,2,194,354,19,0,567,0,0,0,567
04/09/2007,CLE,OH,AGL,CE,Combined TRACON& Tower with Radar,202,509,28,0,739,0,1,1,0,2,202,510,29,0,741,0,0,0,741
04/10/2007,CLE,OH,AGL,CE,Combined TRACON& Tower with Radar,217,496,27,0,740,0,0,4,0,4,217,496,31,0,744,0,0,0,744
04/11/2007,CLE,OH,AGL,CE,Combined TRACON& Tower with Radar,215,487,36,0,738,0,4,2,0,6,215,491,38,0,744,0,0,0,744
04/12/2007,CLE,OH,AGL,CE,Combined TRACON& Tower with Radar,218,495,37,0,750,0,4,1,0,5,218,499,38,0,755,0,0,0,755
04/13/2007,CLE,OH,AGL,CE,Combined TRACON& Tower with Radar,218,510,43,0,771,0,1,8,2,11,218,511,51,2,782,0,0,0,782
04/14/2007,CLE,OH,AGL,CE,Combined TRACON& Tower with Radar,175,301,13,0,489,0,2,5,0,7,175,303,18,0,496,0,0,0,496
04/15/2007,CLE,OH,AGL,CE,Combined TRACON& Tower with Radar,192,334,20,0,546,0,1,0,0,1,192,335,20,0,547,0,0,0,547
04/16/2007,CLE,OH,AGL,CE,Combined TRACON& Tower with Radar,212,454,41,0,707,0,6,2,1,9,212,460,43,1,716,0,0,0,716
04/17/2007,CLE,OH,AGL,CE,Combined TRACON& Tower with Radar,218,498,33,0,749,0,0,0,1,1,218,498,33,1,750,0,0,0,750
04/18/2007,CLE,OH,AGL,CE,Combined TRACON& Tower with Radar,211,504,40,0,755,1,2,0,1,4,212,506,40,1,759,0,0,0,759
04/19/2007,CLE,OH,AGL,CE,Combined TRACON& Tower with Radar,219,502,34,0,755,0,5,2,2,9,219,507,36,2,764,0,0,0,764
04/20/2007,CLE,OH,AGL,CE,Combined TRACON& Tower with Radar,221,496,38,0,755,0,5,7,5,17,221,501,45,5,772,0,0,0,772
04/21/2007,CLE,OH,AGL,CE,Combined TRACON& Tower with Radar,181,287,17,0,485,0,2,7,0,9,181,289,24,0,494,0,0,0,494
04/22/2007,CLE,OH,AGL,CE,Combined TRACON& Tower with Radar,197,356,17,0,570,0,1,4,1,6,197,357,21,1,576,0,0,0,576
04/23/2007,CLE,OH,AGL,CE,Combined TRACON& Tower with Radar,207,485,34,0,726,1,1,2,0,4,208,486,36,0,730,0,0,0,730
04/24/2007,CLE,OH,AGL,CE,Combined TRACON& Tower with Radar,210,491,33,0,734,0,2,5,0,7,210,493,38,0,741,0,0,0,741
04/25/2007,CLE,OH,AGL,CE,Combined TRACON& Tower with Radar,207,483,47,0,737,0,3,1,0,4,207,486,48,0,741,0,0,0,741
04/26/2007,CLE,OH,AGL,CE,Combined TRACON& Tower with Radar,218,490,41,0,749,0,1,0,4,5,218,491,41,4,754,0,0,0,754
04/27/2007,CLE,OH,AGL,CE,Combined TRACON& Tower with Radar,220,495,33,2,750,0,4,0,0,4,220,499,33,2,754,0,0,0,754
04/28/2007,CLE,OH,AGL,CE,Combined TRACON& Tower with Radar,179,279,17,0,475,0,2,1,0,3,179,281,18,0,478,0,0,0,478
04/29/2007,CLE,OH,AGL,CE,Combined TRACON& Tower with Radar,197,351,24,0,572,0,0,4,0,4,197,351,28,0,576,0,0,0,576
04/30/2007,CLE,OH,AGL,CE,Combined TRACON& Tower with Radar,214,495,38,1,748,0,1,8,3,12,214,496,46,4,760,0,0,0,760
05/01/2007,CLE,OH,AGL,CE,Combined TRACON& Tower with Radar,207,437,31,1,676,0,4,2,1,7,207,441,33,2,683,0,0,0,683
05/02/2007,CLE,OH,AGL,CE,Combined TRACON& Tower with Radar,226,520,41,2,789,1,3,7,3,14,227,523,48,5,803,0,0,0,803
05/03/2007,CLE,OH,AGL,CE,Combined TRACON& Tower with Radar,214,507,45,1,767,0,1,5,5,11,214,508,50,6,778,0,0,0,778
05/04/2007,CLE,OH,AGL,CE,Combined TRACON& Tower with Radar,221,495,41,0,757,0,4,1,6,11,221,499,42,6,768,0,0,0,768
05/05/2007,CLE,OH,AGL,CE,Combined TRACON& Tower with Radar,174,271,14,2,461,0,4,11,2,17,174,275,25,4,478,0,0,0,478
05/06/2007,CLE,OH,AGL,CE,Combined TRACON& Tower with Radar,196,345,32,0,573,0,1,5,0,6,196,346,37,0,579,0,0,0,579
05/07/2007,CLE,OH,AGL,CE,Combined TRACON& Tower with Radar,207,484,42,0,733,2,3,3,0,8,209,487,45,0,741,0,0,0,741
05/08/2007,CLE,OH,AGL,CE,Combined TRACON& Tower with Radar,222,501,38,0,761,0,2,6,2,10,222,503,44,2,771,0,0,0,771
05/09/2007,CLE,OH,AGL,CE,Combined TRACON& Tower with Radar,220,483,50,2,755,1,5,6,4,16,221,488,56,6,771,0,0,0,771
05/10/2007,CLE,OH,AGL,CE,Combined TRACON& Tower with Radar,228,498,74,0,800,0,2,6,0,8,228,500,80,0,808,0,0,0,808
05/11/2007,CLE,OH,AGL,CE,Combined TRACON& Tower with Radar,231,502,57,2,792,0,7,7,4,18,231,509,64,6,810,0,0,0,810
05/12/2007,CLE,OH,AGL,CE,Combined TRACON& Tower with Radar,175,284,13,0,472,0,1,6,3,10,175,285,19,3,482,0,0,0,482
05/13/2007,CLE,OH,AGL,CE,Combined TRACON& Tower with Radar,197,350,13,0,560,1,1,3,0,5,198,351,16,0,565,0,0,0,565
05/14/2007,CLE,OH,AGL,CE,Combined TRACON& Tower with Radar,213,487,41,0,741,0,0,1,1,2,213,487,42,1,743,0,0,0,743
05/15/2007,CLE,OH,AGL,CE,Combined TRACON& Tower with Radar,222,477,33,1,733,0,3,1,0,4,222,480,34,1,737,0,0,0,737
05/16/2007,CLE,OH,AGL,CE,Combined TRACON& Tower with Radar,236,472,55,1,764,0,2,1,0,3,236,474,56,1,767,0,0,0,767
05/17/2007,CLE,OH,AGL,CE,Combined TRACON& Tower with Radar,223,514,59,0,796,0,0,0,3,3,223,514,59,3,799,0,0,0,799
05/18/2007,CLE,OH,AGL,CE,Combined TRACON& Tower with Radar,214,502,37,1,754,0,5,11,6,22,214,507,48,7,776,0,0,0,776
05/19/2007,CLE,OH,AGL,CE,Combined TRACON& Tower with Radar,181,273,10,0,464,0,0,9,0,9,181,273,19,0,473,0,0,0,473
05/20/2007,CLE,OH,AGL,CE,Combined TRACON& Tower with Radar,189,358,21,0,568,0,0,5,0,5,189,358,26,0,573,0,0,0,573
05/21/2007,CLE,OH,AGL,CE,Combined TRACON& Tower with Radar,206,494,27,2,729,0,8,1,5,14,206,502,28,7,743,0,0,0,743
05/22/2007,CLE,OH,AGL,CE,Combined TRACON& Tower with Radar,217,481,25,1,724,0,5,7,3,15,217,486,32,4,739,0,0,0,739
05/23/2007,CLE,OH,AGL,CE,Combined TRACON& Tower with Radar,223,504,41,1,769,0,4,6,2,12,223,508,47,3,781,0,0,0,781
05/24/2007,CLE,OH,AGL,CE,Combined TRACON& Tower with Radar,220,488,45,2,755,0,2,5,3,10,220,490,50,5,765,0,0,0,765
05/25/2007,CLE,OH,AGL,CE,Combined TRACON& Tower with Radar,222,486,37,0,745,0,4,9,1,14,222,490,46,1,759,0,0,0,759
05/26/2007,CLE,OH,AGL,CE,Combined TRACON& Tower with Radar,175,277,15,0,467,0,1,1,0,2,175,278,16,0,469,0,0,0,469
05/27/2007,CLE,OH,AGL,CE,Combined TRACON& Tower with Radar,154,245,10,0,409,0,1,0,0,1,154,246,10,0,410,0,0,0,410
05/28/2007,CLE,OH,AGL,CE,Combined TRACON& Tower with Radar,204,351,12,0,567,0,3,6,0,9,204,354,18,0,576,0,0,0,576
05/29/2007,CLE,OH,AGL,CE,Combined TRACON& Tower with Radar,204,484,35,0,723,0,4,10,1,15,204,488,45,1,738,0,0,0,738
05/30/2007,CLE,OH,AGL,CE,Combined TRACON& Tower with Radar,224,479,33,1,737,0,2,5,5,12,224,481,38,6,749,0,0,0,749
05/31/2007,CLE,OH,AGL,CE,Combined TRACON& Tower with Radar,215,495,49,1,760,0,3,5,1,9,215,498,54,2,769,0,0,0,769
06/01/2007,CLE,OH,AGL,CE,Combined TRACON& Tower with Radar,213,466,50,0,729,0,3,9,3,15,213,469,59,3,744,0,0,0,744
06/02/2007,CLE,OH,AGL,CE,Combined TRACON& Tower with Radar,189,287,26,0,502,1,0,3,0,4,190,287,29,0,506,0,0,0,506
06/03/2007,CLE,OH,AGL,CE,Combined TRACON& Tower with Radar,190,335,23,0,548,0,4,2,0,6,190,339,25,0,554,0,0,0,554
06/04/2007,CLE,OH,AGL,CE,Combined TRACON& Tower with Radar,208,468,47,0,723,0,4,1,1,6,208,472,48,1,729,0,0,0,729
06/05/2007,CLE,OH,AGL,CE,Combined TRACON& Tower with Radar,221,499,43,0,763,0,1,0,0,1,221,500,43,0,764,0,0,0,764
06/06/2007,CLE,OH,AGL,CE,Combined TRACON& Tower with Radar,222,484,38,1,745,0,1,11,0,12,222,485,49,1,757,0,0,0,757
06/07/2007,CLE,OH,AGL,CE,Combined TRACON& Tower with Radar,223,480,41,2,746,0,3,9,4,16,223,483,50,6,762,0,0,0,762
06/08/2007,CLE,OH,AGL,CE,Combined TRACON& Tower with Radar,200,399,29,1,629,1,3,3,2,9,201,402,32,3,638,0,0,0,638
06/09/2007,CLE,OH,AGL,CE,Combined TRACON& Tower with Radar,208,316,26,1,551,0,2,10,2,14,208,318,36,3,565,0,0,0,565
06/10/2007,CLE,OH,AGL,CE,Combined TRACON& Tower with Radar,203,392,14,0,609,0,0,9,0,9,203,392,23,0,618,0,0,0,618
06/11/2007,CLE,OH,AGL,CE,Combined TRACON& Tower with Radar,221,474,32,0,727,0,2,6,6,14,221,476,38,6,741,0,0,0,741
06/12/2007,CLE,OH,AGL,CE,Combined TRACON& Tower with Radar,213,466,37,0,716,0,3,6,0,9,213,469,43,0,725,0,0,0,725
06/13/2007,CLE,OH,AGL,CE,Combined TRACON& Tower with Radar,223,502,47,0,772,0,4,4,2,10,223,506,51,2,782,0,0,0,782
06/14/2007,CLE,OH,AGL,CE,Combined TRACON& Tower with Radar,233,518,57,0,808,0,5,5,2,12,233,523,62,2,820,0,0,0,820
06/15/2007,CLE,OH,AGL,CE,Combined TRACON& Tower with Radar,230,493,39,0,762,0,6,4,1,11,230,499,43,1,773,0,0,0,773
06/16/2007,CLE,OH,AGL,CE,Combined TRACON& Tower with Radar,186,304,8,0,498,1,1,10,0,12,187,305,18,0,510,0,0,0,510
06/17/2007,CLE,OH,AGL,CE,Combined TRACON& Tower with Radar,207,380,18,0,605,0,2,4,0,6,207,382,22,0,611,0,0,0,611
06/18/2007,CLE,OH,AGL,CE,Combined TRACON& Tower with Radar,208,480,43,1,732,0,6,6,1,13,208,486,49,2,745,0,0,0,745
06/19/2007,CLE,OH,AGL,CE,Combined TRACON& Tower with Radar,212,450,27,3,692,0,2,2,2,6,212,452,29,5,698,0,0,0,698
06/20/2007,CLE,OH,AGL,CE,Combined TRACON& Tower with Radar,237,516,47,3,803,0,5,6,5,16,237,521,53,8,819,0,0,0,819
06/21/2007,CLE,OH,AGL,CE,Combined TRACON& Tower with Radar,218,471,35,1,725,0,2,3,1,6,218,473,38,2,731,0,0,0,731
06/22/2007,CLE,OH,AGL,CE,Combined TRACON& Tower with Radar,228,516,45,3,792,0,6,5,1,12,228,522,50,4,804,0,0,0,804
06/23/2007,CLE,OH,AGL,CE,Combined TRACON& Tower with Radar,189,314,19,1,523,0,4,6,0,10,189,318,25,1,533,0,0,0,533
06/24/2007,CLE,OH,AGL,CE,Combined TRACON& Tower with Radar,205,386,35,2,628,0,2,7,1,10,205,388,42,3,638,0,0,0,638
06/25/2007,CLE,OH,AGL,CE,Combined TRACON& Tower with Radar,209,479,38,1,727,0,7,4,0,11,209,486,42,1,738,0,0,0,738
06/26/2007,CLE,OH,AGL,CE,Combined TRACON& Tower with Radar,216,490,39,0,745,0,5,4,3,12,216,495,43,3,757,0,0,0,757
06/27/2007,CLE,OH,AGL,CE,Combined TRACON& Tower with Radar,206,429,36,1,672,0,2,7,4,13,206,431,43,5,685,0,0,0,685
06/28/2007,CLE,OH,AGL,CE,Combined TRACON& Tower with Radar,235,499,37,0,771,0,3,1,3,7,235,502,38,3,778,0,0,0,778
06/29/2007,CLE,OH,AGL,CE,Combined TRACON& Tower with Radar,221,486,45,0,752,0,4,4,1,9,221,490,49,1,761,0,0,0,761
06/30/2007,CLE,OH,AGL,CE,Combined TRACON& Tower with Radar,184,304,13,0,501,0,3,8,0,11,184,307,21,0,512,0,0,0,512
07/01/2007,CLE,OH,AGL,CE,Combined TRACON& Tower with Radar,196,375,12,0,583,0,2,3,0,5,196,377,15,0,588,0,0,0,588
07/02/2007,CLE,OH,AGL,CE,Combined TRACON& Tower with Radar,209,477,14,0,700,0,2,5,3,10,209,479,19,3,710,0,0,0,710
07/03/2007,CLE,OH,AGL,CE,Combined TRACON& Tower with Radar,213,411,9,6,639,0,1,10,11,22,213,412,19,17,661,0,0,0,661
07/04/2007,CLE,OH,AGL,CE,Combined TRACON& Tower with Radar,173,305,3,0,481,0,0,1,0,1,173,305,4,0,482,0,0,0,482
07/05/2007,CLE,OH,AGL,CE,Combined TRACON& Tower with Radar,193,351,21,1,566,0,0,1,4,5,193,351,22,5,571,0,0,0,571
07/06/2007,CLE,OH,AGL,CE,Combined TRACON& Tower with Radar,210,381,20,5,616,1,6,11,3,21,211,387,31,8,637,0,0,0,637
07/07/2007,CLE,OH,AGL,CE,Combined TRACON& Tower with Radar,183,298,12,0,493,0,0,9,1,10,183,298,21,1,503,0,0,0,503
07/08/2007,CLE,OH,AGL,CE,Combined TRACON& Tower with Radar,198,373,11,0,582,0,2,6,0,8,198,375,17,0,590,0,0,0,590
07/09/2007,CLE,OH,AGL,CE,Combined TRACON& Tower with Radar,202,479,43,1,725,0,2,2,2,6,202,481,45,3,731,0,0,0,731
07/10/2007,CLE,OH,AGL,CE,Combined TRACON& Tower with Radar,212,470,39,1,722,0,1,2,8,11,212,471,41,9,733,0,0,0,733
07/11/2007,CLE,OH,AGL,CE,Combined TRACON& Tower with Radar,226,485,39,3,753,0,1,4,0,5,226,486,43,3,758,0,0,0,758
07/12/2007,CLE,OH,AGL,CE,Combined TRACON& Tower with Radar,218,495,37,0,750,0,3,8,1,12,218,498,45,1,762,0,0,0,762
07/13/2007,CLE,OH,AGL,CE,Combined TRACON& Tower with Radar,214,496,30,0,740,0,0,3,1,4,214,496,33,1,744,0,0,0,744
07/14/2007,CLE,OH,AGL,CE,Combined TRACON& Tower with Radar,184,312,8,0,504,0,2,1,0,3,184,314,9,0,507,0,0,0,507
07/15/2007,CLE,OH,AGL,CE,Combined TRACON& Tower with Radar,195,385,15,0,595,0,2,6,0,8,195,387,21,0,603,0,0,0,603
07/16/2007,CLE,OH,AGL,CE,Combined TRACON& Tower with Radar,209,489,23,1,722,0,3,4,2,9,209,492,27,3,731,0,0,0,731
07/17/2007,CLE,OH,AGL,CE,Combined TRACON& Tower with Radar,217,489,51,0,757,0,1,4,0,5,217,490,55,0,762,0,0,0,762
07/18/2007,CLE,OH,AGL,CE,Combined TRACON& Tower with Radar,216,474,53,3,746,1,5,0,4,10,217,479,53,7,756,0,0,0,756
07/19/2007,CLE,OH,AGL,CE,Combined TRACON& Tower with Radar,216,477,55,0,748,0,2,0,5,7,216,479,55,5,755,0,0,0,755
07/20/2007,CLE,OH,AGL,CE,Combined TRACON& Tower with Radar,220,515,36,2,773,1,13,10,6,30,221,528,46,8,803,0,0,0,803
07/21/2007,CLE,OH,AGL,CE,Combined TRACON& Tower with Radar,183,307,16,0,506,0,2,9,2,13,183,309,25,2,519,0,0,0,519
07/22/2007,CLE,OH,AGL,CE,Combined TRACON& Tower with Radar,198,386,21,0,605,0,1,7,2,10,198,387,28,2,615,0,0,0,615
07/23/2007,CLE,OH,AGL,CE,Combined TRACON& Tower with Radar,205,476,44,0,725,0,3,3,3,9,205,479,47,3,734,0,0,0,734
07/24/2007,CLE,OH,AGL,CE,Combined TRACON& Tower with Radar,223,492,36,4,755,2,9,0,3,14,225,501,36,7,769,0,0,0,769
07/25/2007,CLE,OH,AGL,CE,Combined TRACON& Tower with Radar,212,494,52,0,758,0,8,3,2,13,212,502,55,2,771,0,0,0,771
07/26/2007,CLE,OH,AGL,CE,Combined TRACON& Tower with Radar,214,491,57,0,762,0,5,6,2,13,214,496,63,2,775,0,0,0,775
07/27/2007,CLE,OH,AGL,CE,Combined TRACON& Tower with Radar,214,472,34,0,720,0,5,1,0,6,214,477,35,0,726,0,0,0,726
07/28/2007,CLE,OH,AGL,CE,Combined TRACON& Tower with Radar,194,313,34,1,542,0,4,0,1,5,194,317,34,2,547,0,0,0,547
07/29/2007,CLE,OH,AGL,CE,Combined TRACON& Tower with Radar,183,328,26,0,537,2,8,2,0,12,185,336,28,0,549,0,0,0,549
07/30/2007,CLE,OH,AGL,CE,Combined TRACON& Tower with Radar,211,479,31,0,721,0,6,3,4,13,211,485,34,4,734,0,0,0,734
07/31/2007,CLE,OH,AGL,CE,Combined TRACON& Tower with Radar,220,500,46,1,767,2,10,6,4,22,222,510,52,5,789,0,0,0,789
08/01/2007,CLE,OH,AGL,CE,Combined TRACON& Tower with Radar,217,516,41,1,775,0,11,9,6,26,217,527,50,7,801,0,0,0,801
08/02/2007,CLE,OH,AGL,CE,Combined TRACON& Tower with Radar,213,515,36,2,766,0,3,6,10,19,213,518,42,12,785,0,0,0,785
08/03/2007,CLE,OH,AGL,CE,Combined TRACON& Tower with Radar,218,493,36,2,749,1,5,3,6,15,219,498,39,8,764,0,0,0,764
08/04/2007,CLE,OH,AGL,CE,Combined TRACON& Tower with Radar,181,309,12,0,502,0,5,4,0,9,181,314,16,0,511,0,0,0,511
08/05/2007,CLE,OH,AGL,CE,Combined TRACON& Tower with Radar,189,403,13,0,605,0,7,0,0,7,189,410,13,0,612,0,0,0,612
08/06/2007,CLE,OH,AGL,CE,Combined TRACON& Tower with Radar,208,497,45,0,750,0,4,6,4,14,208,501,51,4,764,0,0,0,764
08/07/2007,CLE,OH,AGL,CE,Combined TRACON& Tower with Radar,215,453,29,0,697,0,13,0,4,17,215,466,29,4,714,0,0,0,714
08/08/2007,CLE,OH,AGL,CE,Combined TRACON& Tower with Radar,218,509,37,0,764,0,10,7,5,22,218,519,44,5,786,0,0,0,786
08/09/2007,CLE,OH,AGL,CE,Combined TRACON& Tower with Radar,198,462,34,5,699,1,7,6,3,17,199,469,40,8,716,0,0,0,716
08/10/2007,CLE,OH,AGL,CE,Combined TRACON& Tower with Radar,223,520,34,1,778,1,4,5,3,13,224,524,39,4,791,0,0,0,791
08/11/2007,CLE,OH,AGL,CE,Combined TRACON& Tower with Radar,184,319,16,2,521,0,8,6,4,18,184,327,22,6,539,0,0,0,539
08/12/2007,CLE,OH,AGL,CE,Combined TRACON& Tower with Radar,194,403,12,2,611,0,4,4,0,8,194,407,16,2,619,0,0,0,619
08/13/2007,CLE,OH,AGL,CE,Combined TRACON& Tower with Radar,205,496,30,1,732,0,11,1,3,15,205,507,31,4,747,0,0,0,747
08/14/2007,CLE,OH,AGL,CE,Combined TRACON& Tower with Radar,216,507,46,0,769,0,8,9,1,18,216,515,55,1,787,0,0,0,787
08/15/2007,CLE,OH,AGL,CE,Combined TRACON& Tower with Radar,215,512,39,1,767,0,11,2,2,15,215,523,41,3,782,0,0,0,782
08/16/2007,CLE,OH,AGL,CE,Combined TRACON& Tower with Radar,208,503,43,1,755,0,16,20,3,39,208,519,63,4,794,0,0,0,794
08/17/2007,CLE,OH,AGL,CE,Combined TRACON& Tower with Radar,222,494,28,0,744,0,10,4,5,19,222,504,32,5,763,0,0,0,763
08/18/2007,CLE,OH,AGL,CE,Combined TRACON& Tower with Radar,180,311,17,0,508,0,6,11,0,17,180,317,28,0,525,0,0,0,525
08/19/2007,CLE,OH,AGL,CE,Combined TRACON& Tower with Radar,194,377,14,0,585,0,8,0,0,8,194,385,14,0,593,0,0,0,593
08/20/2007,CLE,OH,AGL,CE,Combined TRACON& Tower with Radar,202,474,27,0,703,0,2,0,0,2,202,476,27,0,705,0,0,0,705
08/21/2007,CLE,OH,AGL,CE,Combined TRACON& Tower with Radar,220,497,29,0,746,0,3,0,0,3,220,500,29,0,749,0,0,0,749
08/22/2007,CLE,OH,AGL,CE,Combined TRACON& Tower with Radar,220,517,28,0,765,0,11,1,0,12,220,528,29,0,777,0,0,0,777
08/23/2007,CLE,OH,AGL,CE,Combined TRACON& Tower with Radar,209,488,50,0,747,0,14,5,5,24,209,502,55,5,771,0,0,0,771
08/24/2007,CLE,OH,AGL,CE,Combined TRACON& Tower with Radar,213,492,34,0,739,0,4,7,2,13,213,496,41,2,752,0,0,0,752
08/25/2007,CLE,OH,AGL,CE,Combined TRACON& Tower with Radar,174,315,14,0,503,0,0,2,0,2,174,315,16,0,505,0,0,0,505
08/26/2007,CLE,OH,AGL,CE,Combined TRACON& Tower with Radar,200,395,20,0,615,0,7,6,0,13,200,402,26,0,628,0,0,0,628
08/27/2007,CLE,OH,AGL,CE,Combined TRACON& Tower with Radar,208,501,31,3,743,2,6,9,2,19,210,507,40,5,762,0,0,0,762
08/28/2007,CLE,OH,AGL,CE,Combined TRACON& Tower with Radar,217,506,34,0,757,3,8,13,9,33,220,514,47,9,790,0,0,0,790
08/29/2007,CLE,OH,AGL,CE,Combined TRACON& Tower with Radar,216,517,42,4,779,0,10,5,6,21,216,527,47,10,800,0,0,0,800
08/30/2007,CLE,OH,AGL,CE,Combined TRACON& Tower with Radar,212,509,46,3,770,0,7,8,3,18,212,516,54,6,788,0,0,0,788
08/31/2007,CLE,OH,AGL,CE,Combined TRACON& Tower with Radar,224,511,42,0,777,0,9,7,5,21,224,520,49,5,798,0,0,0,798
09/01/2007,CLE,OH,AGL,CE,Combined TRACON& Tower with Radar,175,302,17,2,496,0,7,5,5,17,175,309,22,7,513,0,0,0,513
09/02/2007,CLE,OH,AGL,CE,Combined TRACON& Tower with Radar,168,299,17,2,486,0,13,11,2,26,168,312,28,4,512,0,0,0,512
09/03/2007,CLE,OH,AGL,CE,Combined TRACON& Tower with Radar,201,424,15,0,640,0,6,7,5,18,201,430,22,5,658,0,0,0,658
09/04/2007,CLE,OH,AGL,CE,Combined TRACON& Tower with Radar,207,498,32,6,743,0,8,8,0,16,207,506,40,6,759,0,0,0,759
09/05/2007,CLE,OH,AGL,CE,Combined TRACON& Tower with Radar,203,423,33,1,660,0,6,2,1,9,203,429,35,2,669,0,0,0,669
09/06/2007,CLE,OH,AGL,CE,Combined TRACON& Tower with Radar,204,512,42,1,759,0,3,3,5,11,204,515,45,6,770,0,0,0,770
09/07/2007,CLE,OH,AGL,CE,Combined TRACON& Tower with Radar,214,509,32,0,755,0,4,0,2,6,214,513,32,2,761,0,0,0,761
09/08/2007,CLE,OH,AGL,CE,Combined TRACON& Tower with Radar,164,277,20,0,461,0,3,0,1,4,164,280,20,1,465,0,0,0,465
09/09/2007,CLE,OH,AGL,CE,Combined TRACON& Tower with Radar,183,351,22,3,559,0,4,2,0,6,183,355,24,3,565,0,0,0,565
09/10/2007,CLE,OH,AGL,CE,Combined TRACON& Tower with Radar,202,493,44,2,741,0,8,2,2,12,202,501,46,4,753,0,0,0,753
09/11/2007,CLE,OH,AGL,CE,Combined TRACON& Tower with Radar,192,408,47,0,647,0,9,2,3,14,192,417,49,3,661,0,0,0,661
09/12/2007,CLE,OH,AGL,CE,Combined TRACON& Tower with Radar,203,443,51,2,699,2,9,3,8,22,205,452,54,10,721,0,0,0,721
09/13/2007,CLE,OH,AGL,CE,Combined TRACON& Tower with Radar,211,516,54,0,781,2,7,11,1,21,213,523,65,1,802,0,0,0,802
09/14/2007,CLE,OH,AGL,CE,Combined TRACON& Tower with Radar,207,491,49,0,747,1,4,7,0,12,208,495,56,0,759,0,0,0,759
09/15/2007,CLE,OH,AGL,CE,Combined TRACON& Tower with Radar,165,290,14,0,469,0,0,0,0,0,165,290,14,0,469,0,0,0,469
09/16/2007,CLE,OH,AGL,CE,Combined TRACON& Tower with Radar,193,372,20,0,585,0,11,14,0,25,193,383,34,0,610,0,0,0,610
09/17/2007,CLE,OH,AGL,CE,Combined TRACON& Tower with Radar,198,498,46,1,743,0,10,5,3,18,198,508,51,4,761,0,0,0,761
09/18/2007,CLE,OH,AGL,CE,Combined TRACON& Tower with Radar,198,410,56,1,665,1,13,5,2,21,199,423,61,3,686,0,0,0,686
09/19/2007,CLE,OH,AGL,CE,Combined TRACON& Tower with Radar,195,429,60,3,687,0,6,4,0,10,195,435,64,3,697,0,0,0,697
09/20/2007,CLE,OH,AGL,CE,Combined TRACON& Tower with Radar,210,495,42,0,747,0,6,0,0,6,210,501,42,0,753,0,0,0,753
09/21/2007,CLE,OH,AGL,CE,Combined TRACON& Tower with Radar,207,501,31,0,739,0,11,2,3,16,207,512,33,3,755,0,0,0,755
09/22/2007,CLE,OH,AGL,CE,Combined TRACON& Tower with Radar,167,282,23,2,474,0,5,7,1,13,167,287,30,3,487,0,0,0,487
09/23/2007,CLE,OH,AGL,CE,Combined TRACON& Tower with Radar,189,354,21,4,568,0,5,11,0,16,189,359,32,4,584,0,0,0,584
09/24/2007,CLE,OH,AGL,CE,Combined TRACON& Tower with Radar,203,500,37,0,740,0,5,4,0,9,203,505,41,0,749,0,0,0,749
09/25/2007,CLE,OH,AGL,CE,Combined TRACON& Tower with Radar,193,400,38,0,631,0,6,1,3,10,193,406,39,3,641,0,0,0,641
09/26/2007,CLE,OH,AGL,CE,Combined TRACON& Tower with Radar,193,423,41,1,658,0,4,0,9,13,193,427,41,10,671,0,0,0,671
09/27/2007,CLE,OH,AGL,CE,Combined TRACON& Tower with Radar,202,486,44,0,732,1,12,1,3,17,203,498,45,3,749,0,0,0,749
09/28/2007,CLE,OH,AGL,CE,Combined TRACON& Tower with Radar,212,518,27,0,757,0,15,5,2,22,212,533,32,2,779,0,0,0,779
09/29/2007,CLE,OH,AGL,CE,Combined TRACON& Tower with Radar,166,286,21,0,473,0,8,6,0,14,166,294,27,0,487,0,0,0,487
09/30/2007,CLE,OH,AGL,CE,Combined TRACON& Tower with Radar,188,371,12,0,571,2,11,4,0,17,190,382,16,0,588,0,0,0,588
10/01/2007,CLE,OH,AGL,CE,Combined TRACON& Tower with Radar,202,526,43,0,771,0,4,5,2,11,202,530,48,2,782,0,0,0,782
10/02/2007,CLE,OH,AGL,CE,Combined TRACON& Tower with Radar,196,506,37,1,740,0,1,2,5,8,196,507,39,6,748,0,0,0,748
10/03/2007,CLE,OH,AGL,CE,Combined TRACON& Tower with Radar,196,516,39,1,752,0,4,0,9,13,196,520,39,10,765,0,0,0,765
10/04/2007,CLE,OH,AGL,CE,Combined TRACON& Tower with Radar,204,512,33,3,752,0,3,2,5,10,204,515,35,8,762,0,0,0,762
10/05/2007,CLE,OH,AGL,CE,Combined TRACON& Tower with Radar,200,504,29,1,734,0,9,6,0,15,200,513,35,1,749,0,0,0,749
10/06/2007,CLE,OH,AGL,CE,Combined TRACON& Tower with Radar,160,292,14,0,466,0,12,8,0,20,160,304,22,0,486,0,0,0,486
10/07/2007,CLE,OH,AGL,CE,Combined TRACON& Tower with Radar,180,379,12,0,571,0,9,8,0,17,180,388,20,0,588,0,0,0,588
10/08/2007,CLE,OH,AGL,CE,Combined TRACON& Tower with Radar,194,497,34,0,725,0,6,0,0,6,194,503,34,0,731,0,0,0,731
10/09/2007,CLE,OH,AGL,CE,Combined TRACON& Tower with Radar,191,484,42,0,717,0,14,0,7,21,191,498,42,7,738,0,0,0,738
10/10/2007,CLE,OH,AGL,CE,Combined TRACON& Tower with Radar,211,505,38,0,754,0,5,4,4,13,211,510,42,4,767,0,0,0,767
10/11/2007,CLE,OH,AGL,CE,Combined TRACON& Tower with Radar,204,500,44,0,748,0,4,1,2,7,204,504,45,2,755,0,0,0,755
10/12/2007,CLE,OH,AGL,CE,Combined TRACON& Tower with Radar,209,527,35,0,771,0,11,1,2,14,209,538,36,2,785,0,0,0,785
10/13/2007,CLE,OH,AGL,CE,Combined TRACON& Tower with Radar,160,293,22,0,475,0,7,4,1,12,160,300,26,1,487,0,0,0,487
10/14/2007,CLE,OH,AGL,CE,Combined TRACON& Tower with Radar,179,370,15,0,564,0,9,14,0,23,179,379,29,0,587,0,0,0,587
10/15/2007,CLE,OH,AGL,CE,Combined TRACON& Tower with Radar,199,516,33,1,749,2,5,5,1,13,201,521,38,2,762,0,0,0,762
10/16/2007,CLE,OH,AGL,CE,Combined TRACON& Tower with Radar,198,521,38,1,758,0,17,1,1,19,198,538,39,2,777,0,0,0,777
10/17/2007,CLE,OH,AGL,CE,Combined TRACON& Tower with Radar,194,520,29,4,747,0,7,2,2,11,194,527,31,6,758,0,0,0,758
10/18/2007,CLE,OH,AGL,CE,Combined TRACON& Tower with Radar,207,516,48,0,771,0,3,6,1,10,207,519,54,1,781,0,0,0,781
10/19/2007,CLE,OH,AGL,CE,Combined TRACON& Tower with Radar,206,500,31,3,740,0,1,2,0,3,206,501,33,3,743,0,0,0,743
10/20/2007,CLE,OH,AGL,CE,Combined TRACON& Tower with Radar,162,308,15,0,485,0,13,3,0,16,162,321,18,0,501,0,0,0,501
10/21/2007,CLE,OH,AGL,CE,Combined TRACON& Tower with Radar,182,378,17,0,577,0,13,3,1,17,182,391,20,1,594,0,0,0,594
10/22/2007,CLE,OH,AGL,CE,Combined TRACON& Tower with Radar,192,511,28,0,731,0,4,10,7,21,192,515,38,7,752,0,0,0,752
10/23/2007,CLE,OH,AGL,CE,Combined TRACON& Tower with Radar,197,492,44,0,733,0,5,0,0,5,197,497,44,0,738,0,0,0,738
10/24/2007,CLE,OH,AGL,CE,Combined TRACON& Tower with Radar,192,504,36,0,732,0,7,4,5,16,192,511,40,5,748,0,0,0,748
10/25/2007,CLE,OH,AGL,CE,Combined TRACON& Tower with Radar,198,521,46,0,765,0,3,13,3,19,198,524,59,3,784,0,0,0,784
10/26/2007,CLE,OH,AGL,CE,Combined TRACON& Tower with Radar,202,490,39,3,734,0,12,3,4,19,202,502,42,7,753,0,0,0,753
10/27/2007,CLE,OH,AGL,CE,Combined TRACON& Tower with Radar,162,289,22,1,474,0,10,1,0,11,162,299,23,1,485,0,0,0,485
10/28/2007,CLE,OH,AGL,CE,Combined TRACON& Tower with Radar,175,373,19,0,567,0,12,6,0,18,175,385,25,0,585,0,0,0,585
10/29/2007,CLE,OH,AGL,CE,Combined TRACON& Tower with Radar,198,516,30,0,744,0,8,4,1,13,198,524,34,1,757,0,0,0,757
10/30/2007,CLE,OH,AGL,CE,Combined TRACON& Tower with Radar,200,506,24,0,730,0,8,7,4,19,200,514,31,4,749,0,0,0,749
10/31/2007,CLE,OH,AGL,CE,Combined TRACON& Tower with Radar,195,510,39,0,744,0,2,9,0,11,195,512,48,0,755,0,0,0,755
11/01/2007,CLE,OH,AGL,CE,Combined TRACON& Tower with Radar,207,513,45,0,765,2,5,7,1,15,209,518,52,1,780,0,0,0,780
11/02/2007,CLE,OH,AGL,CE,Combined TRACON& Tower with Radar,209,515,29,2,755,0,4,5,2,11,209,519,34,4,766,0,0,0,766
11/03/2007,CLE,OH,AGL,CE,Combined TRACON& Tower with Radar,163,282,22,1,468,0,4,3,0,7,163,286,25,1,475,0,0,0,475
11/04/2007,CLE,OH,AGL,CE,Combined TRACON& Tower with Radar,177,368,18,3,566,0,2,4,1,7,177,370,22,4,573,0,0,0,573
11/05/2007,CLE,OH,AGL,CE,Combined TRACON& Tower with Radar,198,504,28,1,731,0,0,7,3,10,198,504,35,4,741,0,0,0,741
11/06/2007,CLE,OH,AGL,CE,Combined TRACON& Tower with Radar,199,517,22,0,738,1,6,1,1,9,200,523,23,1,747,0,0,0,747
11/07/2007,CLE,OH,AGL,CE,Combined TRACON& Tower with Radar,200,533,39,0,772,0,33,3,0,36,200,566,42,0,808,0,0,0,808
11/08/2007,CLE,OH,AGL,CE,Combined TRACON& Tower with Radar,210,516,48,0,774,0,28,9,7,44,210,544,57,7,818,0,0,0,818
11/09/2007,CLE,OH,AGL,CE,Combined TRACON& Tower with Radar,209,489,35,1,734,0,35,4,1,40,209,524,39,2,774,0,0,0,774
11/10/2007,CLE,OH,AGL,CE,Combined TRACON& Tower with Radar,156,298,13,0,467,0,5,5,0,10,156,303,18,0,477,0,0,0,477
11/11/2007,CLE,OH,AGL,CE,Combined TRACON& Tower with Radar,181,377,20,0,578,0,10,0,2,12,181,387,20,2,590,0,0,0,590
11/12/2007,CLE,OH,AGL,CE,Combined TRACON& Tower with Radar,199,505,37,0,741,0,10,0,5,15,199,515,37,5,756,0,0,0,756
11/13/2007,CLE,OH,AGL,CE,Combined TRACON& Tower with Radar,201,496,43,1,741,0,6,9,4,19,201,502,52,5,760,0,0,0,760
11/14/2007,CLE,OH,AGL,CE,Combined TRACON& Tower with Radar,194,496,53,1,744,0,5,0,11,16,194,501,53,12,760,0,0,0,760
11/15/2007,CLE,OH,AGL,CE,Combined TRACON& Tower with Radar,212,514,45,0,771,0,11,0,0,11,212,525,45,0,782,0,0,0,782
11/16/2007,CLE,OH,AGL,CE,Combined TRACON& Tower with Radar,214,505,26,2,747,0,14,2,3,19,214,519,28,5,766,0,0,0,766
11/17/2007,CLE,OH,AGL,CE,Combined TRACON& Tower with Radar,165,289,14,0,468,0,5,5,0,10,165,294,19,0,478,0,0,0,478
11/18/2007,CLE,OH,AGL,CE,Combined TRACON& Tower with Radar,181,363,7,0,551,0,2,2,0,4,181,365,9,0,555,0,0,0,555
11/19/2007,CLE,OH,AGL,CE,Combined TRACON& Tower with Radar,178,402,29,2,611,0,8,1,6,15,178,410,30,8,626,0,0,0,626
11/20/2007,CLE,OH,AGL,CE,Combined TRACON& Tower with Radar,216,499,39,0,754,0,2,0,7,9,216,501,39,7,763,0,0,0,763
11/21/2007,CLE,OH,AGL,CE,Combined TRACON& Tower with Radar,209,523,31,0,763,2,5,0,2,9,211,528,31,2,772,0,0,0,772
11/22/2007,CLE,OH,AGL,CE,Combined TRACON& Tower with Radar,158,262,6,0,426,0,3,0,0,3,158,265,6,0,429,0,0,0,429
11/23/2007,CLE,OH,AGL,CE,Combined TRACON& Tower with Radar,152,272,9,0,433,0,6,8,4,18,152,278,17,4,451,0,0,0,451
11/24/2007,CLE,OH,AGL,CE,Combined TRACON& Tower with Radar,161,327,10,0,498,0,4,1,0,5,161,331,11,0,503,0,0,0,503
11/25/2007,CLE,OH,AGL,CE,Combined TRACON& Tower with Radar,195,447,15,0,657,0,0,10,0,10,195,447,25,0,667,0,0,0,667
11/26/2007,CLE,OH,AGL,CE,Combined TRACON& Tower with Radar,193,483,38,0,714,0,0,0,4,4,193,483,38,4,718,0,0,0,718
11/27/2007,CLE,OH,AGL,CE,Combined TRACON& Tower with Radar,193,444,32,0,669,0,16,2,1,19,193,460,34,1,688,0,0,0,688
11/28/2007,CLE,OH,AGL,CE,Combined TRACON& Tower with Radar,188,433,38,1,660,0,5,8,1,14,188,438,46,2,674,0,0,0,674
11/29/2007,CLE,OH,AGL,CE,Combined TRACON& Tower with Radar,213,523,39,0,775,0,6,3,9,18,213,529,42,9,793,0,0,0,793
11/30/2007,CLE,OH,AGL,CE,Combined TRACON& Tower with Radar,201,501,37,0,739,0,10,4,0,14,201,511,41,0,753,0,0,0,753
12/01/2007,CLE,OH,AGL,CE,Combined TRACON& Tower with Radar,151,276,10,0,437,0,4,8,0,12,151,280,18,0,449,0,0,0,449
12/02/2007,CLE,OH,AGL,CE,Combined TRACON& Tower with Radar,166,352,9,0,527,0,6,0,0,6,166,358,9,0,533,0,0,0,533
12/03/2007,CLE,OH,AGL,CE,Combined TRACON& Tower with Radar,199,500,36,0,735,0,5,0,0,5,199,505,36,0,740,0,0,0,740
12/04/2007,CLE,OH,AGL,CE,Combined TRACON& Tower with Radar,181,419,28,0,628,0,2,0,1,3,181,421,28,1,631,0,0,0,631
12/05/2007,CLE,OH,AGL,CE,Combined TRACON& Tower with Radar,183,413,31,0,627,0,3,0,0,3,183,416,31,0,630,0,0,0,630
12/06/2007,CLE,OH,AGL,CE,Combined TRACON& Tower with Radar,203,517,51,0,771,0,4,5,2,11,203,521,56,2,782,0,0,0,782
12/07/2007,CLE,OH,AGL,CE,Combined TRACON& Tower with Radar,200,490,32,1,723,0,10,2,5,17,200,500,34,6,740,0,0,0,740
12/08/2007,CLE,OH,AGL,CE,Combined TRACON& Tower with Radar,162,281,22,0,465,2,6,1,0,9,164,287,23,0,474,0,0,0,474
12/09/2007,CLE,OH,AGL,CE,Combined TRACON& Tower with Radar,172,302,13,0,487,2,1,0,0,3,174,303,13,0,490,0,0,0,490
12/10/2007,CLE,OH,AGL,CE,Combined TRACON& Tower with Radar,195,492,32,0,719,2,3,0,0,5,197,495,32,0,724,0,0,0,724
12/11/2007,CLE,OH,AGL,CE,Combined TRACON& Tower with Radar,176,388,31,2,597,0,5,2,4,11,176,393,33,6,608,0,0,0,608
12/12/2007,CLE,OH,AGL,CE,Combined TRACON& Tower with Radar,185,422,44,0,651,0,2,4,0,6,185,424,48,0,657,0,0,0,657
12/13/2007,CLE,OH,AGL,CE,Combined TRACON& Tower with Radar,195,429,39,1,664,0,14,0,0,14,195,443,39,1,678,0,0,0,678
12/14/2007,CLE,OH,AGL,CE,Combined TRACON& Tower with Radar,225,466,46,0,737,0,10,0,2,12,225,476,46,2,749,0,0,0,749
12/15/2007,CLE,OH,AGL,CE,Combined TRACON& Tower with Radar,177,276,5,0,458,0,5,2,0,7,177,281,7,0,465,0,0,0,465
12/16/2007,CLE,OH,AGL,CE,Combined TRACON& Tower with Radar,108,100,7,0,215,0,0,0,0,0,108,100,7,0,215,0,0,0,215
12/17/2007,CLE,OH,AGL,CE,Combined TRACON& Tower with Radar,207,459,28,1,695,1,6,1,0,8,208,465,29,1,703,0,0,0,703
12/18/2007,CLE,OH,AGL,CE,Combined TRACON& Tower with Radar,239,487,35,1,762,0,6,7,5,18,239,493,42,6,780,0,0,0,780
12/19/2007,CLE,OH,AGL,CE,Combined TRACON& Tower with Radar,223,484,29,2,738,0,9,0,4,13,223,493,29,6,751,0,0,0,751
12/20/2007,CLE,OH,AGL,CE,Combined TRACON& Tower with Radar,230,499,38,1,768,2,14,4,0,20,232,513,42,1,788,0,0,0,788
12/21/2007,CLE,OH,AGL,CE,Combined TRACON& Tower with Radar,223,474,30,1,728,0,2,5,0,7,223,476,35,1,735,0,0,0,735
12/22/2007,CLE,OH,AGL,CE,Combined TRACON& Tower with Radar,176,319,10,0,505,0,2,6,0,8,176,321,16,0,513,0,0,0,513
12/23/2007,CLE,OH,AGL,CE,Combined TRACON& Tower with Radar,184,323,3,0,510,0,3,1,0,4,184,326,4,0,514,0,0,0,514
12/24/2007,CLE,OH,AGL,CE,Combined TRACON& Tower with Radar,180,359,3,0,542,0,2,3,0,5,180,361,6,0,547,0,0,0,547
12/25/2007,CLE,OH,AGL,CE,Combined TRACON& Tower with Radar,165,286,2,0,453,0,2,0,0,2,165,288,2,0,455,0,0,0,455
12/26/2007,CLE,OH,AGL,CE,Combined TRACON& Tower with Radar,211,464,20,0,695,2,15,3,2,22,213,479,23,2,717,0,0,0,717
12/27/2007,CLE,OH,AGL,CE,Combined TRACON& Tower with Radar,221,474,22,1,718,0,9,5,0,14,221,483,27,1,732,0,0,0,732
12/28/2007,CLE,OH,AGL,CE,Combined TRACON& Tower with Radar,204,463,9,0,676,1,5,2,0,8,205,468,11,0,684,0,0,0,684
12/29/2007,CLE,OH,AGL,CE,Combined TRACON& Tower with Radar,191,325,4,0,520,0,10,0,0,10,191,335,4,0,530,0,0,0,530
12/30/2007,CLE,OH,AGL,CE,Combined TRACON& Tower with Radar,186,373,8,0,567,0,8,2,0,10,186,381,10,0,577,0,0,0,577
12/31/2007,CLE,OH,AGL,CE,Combined TRACON& Tower with Radar,166,301,6,0,473,0,5,5,0,10,166,306,11,0,483,0,0,0,483
01/01/2008,CLE,OH,AGL,CE,Combined TRACON& Tower with Radar,164,318,15,0,497,0,0,1,0,1,164,318,16,0,498,0,0,0,498
01/02/2008,CLE,OH,AGL,CE,Combined TRACON& Tower with Radar,217,485,19,0,721,0,0,0,0,0,217,485,19,0,721,0,0,0,721
01/03/2008,CLE,OH,AGL,CE,Combined TRACON& Tower with Radar,219,495,24,1,739,0,0,3,0,3,219,495,27,1,742,0,0,0,742
01/04/2008,CLE,OH,AGL,CE,Combined TRACON& Tower with Radar,209,477,20,0,706,0,0,2,0,2,209,477,22,0,708,0,0,0,708
01/05/2008,CLE,OH,AGL,CE,Combined TRACON& Tower with Radar,183,307,10,3,503,0,0,1,1,2,183,307,11,4,505,0,0,0,505
01/06/2008,CLE,OH,AGL,CE,Combined TRACON& Tower with Radar,187,351,14,0,552,0,0,0,0,0,187,351,14,0,552,0,0,0,552
01/07/2008,CLE,OH,AGL,CE,Combined TRACON& Tower with Radar,178,467,25,0,670,0,0,0,0,0,178,467,25,0,670,0,0,0,670
01/08/2008,CLE,OH,AGL,CE,Combined TRACON& Tower with Radar,181,400,31,0,612,0,1,3,0,4,181,401,34,0,616,0,0,0,616
01/09/2008,CLE,OH,AGL,CE,Combined TRACON& Tower with Radar,174,393,44,0,611,0,0,3,0,3,174,393,47,0,614,0,0,0,614
01/10/2008,CLE,OH,AGL,CE,Combined TRACON& Tower with Radar,186,484,31,1,702,0,2,5,1,8,186,486,36,2,710,0,0,0,710
01/11/2008,CLE,OH,AGL,CE,Combined TRACON& Tower with Radar,173,463,33,0,669,0,0,2,0,2,173,463,35,0,671,0,0,0,671
01/12/2008,CLE,OH,AGL,CE,Combined TRACON& Tower with Radar,151,260,12,0,423,0,1,5,0,6,151,261,17,0,429,0,0,0,429
01/13/2008,CLE,OH,AGL,CE,Combined TRACON& Tower with Radar,154,345,20,0,519,0,1,0,0,1,154,346,20,0,520,0,0,0,520
01/14/2008,CLE,OH,AGL,CE,Combined TRACON& Tower with Radar,169,465,32,0,666,0,0,0,0,0,169,465,32,0,666,0,0,0,666
01/15/2008,CLE,OH,AGL,CE,Combined TRACON& Tower with Radar,175,404,29,0,608,0,0,1,0,1,175,404,30,0,609,0,0,0,609
01/16/2008,CLE,OH,AGL,CE,Combined TRACON& Tower with Radar,169,417,40,4,630,0,1,4,0,5,169,418,44,4,635,0,0,0,635
01/17/2008,CLE,OH,AGL,CE,Combined TRACON& Tower with Radar,173,462,43,0,678,0,0,1,0,1,173,462,44,0,679,0,0,0,679
01/18/2008,CLE,OH,AGL,CE,Combined TRACON& Tower with Radar,182,475,31,2,690,0,2,3,0,5,182,477,34,2,695,0,0,0,695
01/19/2008,CLE,OH,AGL,CE,Combined TRACON& Tower with Radar,147,259,19,0,425,0,2,4,0,6,147,261,23,0,431,0,0,0,431
01/20/2008,CLE,OH,AGL,CE,Combined TRACON& Tower with Radar,157,356,19,0,532,0,0,1,0,1,157,356,20,0,533,0,0,0,533
01/21/2008,CLE,OH,AGL,CE,Combined TRACON& Tower with Radar,169,465,28,0,662,0,2,7,0,9,169,467,35,0,671,0,0,0,671
01/22/2008,CLE,OH,AGL,CE,Combined TRACON& Tower with Radar,175,384,29,0,588,0,0,1,0,1,175,384,30,0,589,0,0,0,589
01/23/2008,CLE,OH,AGL,CE,Combined TRACON& Tower with Radar,167,422,43,1,633,0,1,14,1,16,167,423,57,2,649,0,0,0,649
01/24/2008,CLE,OH,AGL,CE,Combined TRACON& Tower with Radar,182,487,49,0,718,0,1,0,0,1,182,488,49,0,719,0,0,0,719
01/25/2008,CLE,OH,AGL,CE,Combined TRACON& Tower with Radar,179,477,33,0,689,0,0,25,0,25,179,477,58,0,714,0,0,0,714
01/26/2008,CLE,OH,AGL,CE,Combined TRACON& Tower with Radar,153,265,16,0,434,0,0,22,0,22,153,265,38,0,456,0,0,0,456
01/27/2008,CLE,OH,AGL,CE,Combined TRACON& Tower with Radar,147,357,10,0,514,0,0,0,0,0,147,357,10,0,514,0,0,0,514
01/28/2008,CLE,OH,AGL,CE,Combined TRACON& Tower with Radar,174,468,39,0,681,0,0,4,0,4,174,468,43,0,685,0,0,0,685
01/29/2008,CLE,OH,AGL,CE,Combined TRACON& Tower with Radar,165,392,36,0,593,0,0,1,0,1,165,392,37,0,594,0,0,0,594
01/30/2008,CLE,OH,AGL,CE,Combined TRACON& Tower with Radar,165,405,34,0,604,0,0,3,0,3,165,405,37,0,607,0,0,0,607
01/31/2008,CLE,OH,AGL,CE,Combined TRACON& Tower with Radar,177,476,46,0,699,0,2,10,2,14,177,478,56,2,713,0,0,0,713
02/01/2008,CLE,OH,AGL,CE,Combined TRACON& Tower with Radar,175,427,36,0,638,0,1,0,0,1,175,428,36,0,639,0,0,0,639
02/02/2008,CLE,OH,AGL,CE,Combined TRACON& Tower with Radar,155,279,3,0,437,0,0,0,0,0,155,279,3,0,437,0,0,0,437
02/03/2008,CLE,OH,AGL,CE,Combined TRACON& Tower with Radar,146,346,10,0,502,0,0,0,1,1,146,346,10,1,503,0,0,0,503
02/04/2008,CLE,OH,AGL,CE,Combined TRACON& Tower with Radar,172,447,39,0,658,0,1,0,0,1,172,448,39,0,659,0,0,0,659
02/05/2008,CLE,OH,AGL,CE,Combined TRACON& Tower with Radar,175,403,32,0,610,0,0,0,0,0,175,403,32,0,610,0,0,0,610
02/06/2008,CLE,OH,AGL,CE,Combined TRACON& Tower with Radar,165,370,47,0,582,1,0,0,0,1,166,370,47,0,583,0,0,0,583
02/07/2008,CLE,OH,AGL,CE,Combined TRACON& Tower with Radar,186,484,52,0,722,0,0,2,0,2,186,484,54,0,724,0,0,0,724
02/08/2008,CLE,OH,AGL,CE,Combined TRACON& Tower with Radar,177,489,34,0,700,0,0,2,0,2,177,489,36,0,702,0,0,0,702
02/09/2008,CLE,OH,AGL,CE,Combined TRACON& Tower with Radar,148,255,18,0,421,0,3,1,0,4,148,258,19,0,425,0,0,0,425
02/10/2008,CLE,OH,AGL,CE,Combined TRACON& Tower with Radar,150,335,19,0,504,0,0,0,0,0,150,335,19,0,504,0,0,0,504
02/11/2008,CLE,OH,AGL,CE,Combined TRACON& Tower with Radar,171,469,38,0,678,0,0,5,0,5,171,469,43,0,683,0,0,0,683
02/12/2008,CLE,OH,AGL,CE,Combined TRACON& Tower with Radar,138,242,21,3,404,0,0,0,0,0,138,242,21,3,404,0,0,0,404
02/13/2008,CLE,OH,AGL,CE,Combined TRACON& Tower with Radar,181,369,27,1,578,0,0,1,0,1,181,369,28,1,579,0,0,0,579
02/14/2008,CLE,OH,AGL,CE,Combined TRACON& Tower with Radar,206,481,57,2,746,0,2,3,0,5,206,483,60,2,751,0,0,0,751
02/15/2008,CLE,OH,AGL,CE,Combined TRACON& Tower with Radar,197,480,40,0,717,0,1,1,0,2,197,481,41,0,719,0,0,0,719
02/16/2008,CLE,OH,AGL,CE,Combined TRACON& Tower with Radar,173,294,10,2,479,0,0,4,0,4,173,294,14,2,483,0,0,0,483
02/17/2008,CLE,OH,AGL,CE,Combined TRACON& Tower with Radar,166,330,13,0,509,0,0,2,0,2,166,330,15,0,511,0,0,0,511
02/18/2008,CLE,OH,AGL,CE,Combined TRACON& Tower with Radar,195,466,43,0,704,0,0,2,0,2,195,466,45,0,706,0,0,0,706
02/19/2008,CLE,OH,AGL,CE,Combined TRACON& Tower with Radar,211,490,32,0,733,0,0,1,2,3,211,490,33,2,736,0,0,0,736
02/20/2008,CLE,OH,AGL,CE,Combined TRACON& Tower with Radar,202,488,35,0,725,0,0,2,0,2,202,488,37,0,727,0,0,0,727
02/21/2008,CLE,OH,AGL,CE,Combined TRACON& Tower with Radar,213,488,46,0,747,0,0,7,0,7,213,488,53,0,754,0,0,0,754
02/22/2008,CLE,OH,AGL,CE,Combined TRACON& Tower with Radar,199,426,21,0,646,0,0,2,1,3,199,426,23,1,649,0,0,0,649
02/23/2008,CLE,OH,AGL,CE,Combined TRACON& Tower with Radar,171,291,10,0,472,0,0,1,1,2,171,291,11,1,474,0,0,0,474
02/24/2008,CLE,OH,AGL,CE,Combined TRACON& Tower with Radar,180,364,20,0,564,0,0,2,0,2,180,364,22,0,566,0,0,0,566
02/25/2008,CLE,OH,AGL,CE,Combined TRACON& Tower with Radar,196,470,35,0,701,0,0,1,0,1,196,470,36,0,702,0,0,0,702
02/26/2008,CLE,OH,AGL,CE,Combined TRACON& Tower with Radar,190,359,53,0,602,0,0,1,0,1,190,359,54,0,603,0,0,0,603
02/27/2008,CLE,OH,AGL,CE,Combined TRACON& Tower with Radar,215,532,56,0,803,0,1,0,1,2,215,533,56,1,805,0,0,0,805
02/28/2008,CLE,OH,AGL,CE,Combined TRACON& Tower with Radar,205,479,43,2,729,0,0,20,0,20,205,479,63,2,749,0,0,0,749
02/29/2008,CLE,OH,AGL,CE,Combined TRACON& Tower with Radar,202,476,33,0,711,0,0,0,0,0,202,476,33,0,711,0,0,0,711
03/01/2008,CLE,OH,AGL,CE,Combined TRACON& Tower with Radar,169,296,16,0,481,0,0,17,1,18,169,296,33,1,499,0,0,0,499
03/02/2008,CLE,OH,AGL,CE,Combined TRACON& Tower with Radar,174,358,17,1,550,0,1,30,1,32,174,359,47,2,582,0,0,0,582
03/03/2008,CLE,OH,AGL,CE,Combined TRACON& Tower with Radar,197,491,22,0,710,0,0,0,0,0,197,491,22,0,710,0,0,0,710
03/04/2008,CLE,OH,AGL,CE,Combined TRACON& Tower with Radar,162,292,20,0,474,0,0,0,0,0,162,292,20,0,474,0,0,0,474
03/05/2008,CLE,OH,AGL,CE,Combined TRACON& Tower with Radar,189,345,36,0,570,0,0,0,0,0,189,345,36,0,570,0,0,0,570
03/06/2008,CLE,OH,AGL,CE,Combined TRACON& Tower with Radar,212,537,36,0,785,0,3,3,0,6,212,540,39,0,791,0,0,0,791
03/07/2008,CLE,OH,AGL,CE,Combined TRACON& Tower with Radar,168,339,36,0,543,0,0,2,0,2,168,339,38,0,545,0,0,0,545
03/08/2008,CLE,OH,AGL,CE,Combined TRACON& Tower with Radar,31,37,4,0,72,0,0,0,0,0,31,37,4,0,72,0,0,0,72
03/09/2008,CLE,OH,AGL,CE,Combined TRACON& Tower with Radar,163,259,20,0,442,0,1,1,0,2,163,260,21,0,444,0,0,0,444
03/10/2008,CLE,OH,AGL,CE,Combined TRACON& Tower with Radar,200,480,33,0,713,0,1,3,0,4,200,481,36,0,717,0,0,0,717
03/11/2008,CLE,OH,AGL,CE,Combined TRACON& Tower with Radar,215,465,37,1,718,0,0,1,0,1,215,465,38,1,719,0,0,0,719
03/12/2008,CLE,OH,AGL,CE,Combined TRACON& Tower with Radar,207,510,45,0,762,0,5,6,1,12,207,515,51,1,774,0,0,0,774
03/13/2008,CLE,OH,AGL,CE,Combined TRACON& Tower with Radar,214,517,47,2,780,0,1,12,0,13,214,518,59,2,793,0,0,0,793
03/14/2008,CLE,OH,AGL,CE,Combined TRACON& Tower with Radar,209,511,33,0,753,0,0,4,0,4,209,511,37,0,757,0,0,0,757
03/15/2008,CLE,OH,AGL,CE,Combined TRACON& Tower with Radar,154,291,19,2,466,0,1,12,0,13,154,292,31,2,479,0,0,0,479
03/16/2008,CLE,OH,AGL,CE,Combined TRACON& Tower with Radar,180,373,13,0,566,0,1,10,0,11,180,374,23,0,577,0,0,0,577
03/17/2008,CLE,OH,AGL,CE,Combined TRACON& Tower with Radar,192,506,42,0,740,0,1,3,0,4,192,507,45,0,744,0,0,0,744
03/18/2008,CLE,OH,AGL,CE,Combined TRACON& Tower with Radar,202,491,39,0,732,0,1,0,0,1,202,492,39,0,733,0,0,0,733
03/19/2008,CLE,OH,AGL,CE,Combined TRACON& Tower with Radar,192,484,33,2,711,0,0,0,0,0,192,484,33,2,711,0,0,0,711
03/20/2008,CLE,OH,AGL,CE,Combined TRACON& Tower with Radar,224,545,33,0,802,0,1,6,0,7,224,546,39,0,809,0,0,0,809
03/21/2008,CLE,OH,AGL,CE,Combined TRACON& Tower with Radar,199,458,24,1,682,0,0,3,1,4,199,458,27,2,686,0,0,0,686
03/22/2008,CLE,OH,AGL,CE,Combined TRACON& Tower with Radar,177,321,17,0,515,0,0,0,0,0,177,321,17,0,515,0,0,0,515
03/23/2008,CLE,OH,AGL,CE,Combined TRACON& Tower with Radar,175,373,6,0,554,0,0,2,1,3,175,373,8,1,557,0,0,0,557
03/24/2008,CLE,OH,AGL,CE,Combined TRACON& Tower with Radar,202,505,39,1,747,0,1,0,0,1,202,506,39,1,748,0,0,0,748
03/25/2008,CLE,OH,AGL,CE,Combined TRACON& Tower with Radar,203,506,20,0,729,0,0,1,0,1,203,506,21,0,730,0,0,0,730
03/26/2008,CLE,OH,AGL,CE,Combined TRACON& Tower with Radar,209,500,33,0,742,0,2,2,0,4,209,502,35,0,746,0,0,0,746
03/27/2008,CLE,OH,AGL,CE,Combined TRACON& Tower with Radar,211,496,42,2,751,0,1,1,0,2,211,497,43,2,753,0,0,0,753
03/28/2008,CLE,OH,AGL,CE,Combined TRACON& Tower with Radar,214,514,26,0,754,0,0,0,0,0,214,514,26,0,754,0,0,0,754
03/29/2008,CLE,OH,AGL,CE,Combined TRACON& Tower with Radar,178,305,12,0,495,0,2,5,0,7,178,307,17,0,502,0,0,0,502
03/30/2008,CLE,OH,AGL,CE,Combined TRACON& Tower with Radar,181,370,22,0,573,0,1,1,0,2,181,371,23,0,575,0,0,0,575
03/31/2008,CLE,OH,AGL,CE,Combined TRACON& Tower with Radar,185,491,20,0,696,0,0,2,0,2,185,491,22,0,698,0,0,0,698
04/01/2008,CLE,OH,AGL,CE,Combined TRACON& Tower with Radar,210,492,30,0,732,0,1,7,1,9,210,493,37,1,741,0,0,0,741
04/02/2008,CLE,OH,AGL,CE,Combined TRACON& Tower with Radar,206,518,37,2,763,0,0,18,1,19,206,518,55,3,782,0,0,0,782
04/03/2008,CLE,OH,AGL,CE,Combined TRACON& Tower with Radar,218,515,37,0,770,0,0,38,0,38,218,515,75,0,808,0,0,0,808
04/04/2008,CLE,OH,AGL,CE,Combined TRACON& Tower with Radar,207,487,37,0,731,0,0,0,0,0,207,487,37,0,731,0,0,0,731
04/05/2008,CLE,OH,AGL,CE,Combined TRACON& Tower with Radar,172,320,15,0,507,0,0,4,0,4,172,320,19,0,511,0,0,0,511
04/06/2008,CLE,OH,AGL,CE,Combined TRACON& Tower with Radar,182,380,30,0,592,0,0,19,0,19,182,380,49,0,611,0,0,0,611
04/07/2008,CLE,OH,AGL,CE,Combined TRACON& Tower with Radar,208,528,26,0,762,0,2,16,1,19,208,530,42,1,781,0,0,0,781
04/08/2008,CLE,OH,AGL,CE,Combined TRACON& Tower with Radar,208,523,44,2,777,0,0,6,1,7,208,523,50,3,784,0,0,0,784
04/09/2008,CLE,OH,AGL,CE,Combined TRACON& Tower with Radar,213,526,33,0,772,0,1,1,0,2,213,527,34,0,774,0,0,0,774
04/10/2008,CLE,OH,AGL,CE,Combined TRACON& Tower with Radar,223,521,53,1,798,0,0,1,0,1,223,521,54,1,799,0,0,0,799
04/11/2008,CLE,OH,AGL,CE,Combined TRACON& Tower with Radar,212,502,21,1,736,0,1,0,0,1,212,503,21,1,737,0,0,0,737
04/12/2008,CLE,OH,AGL,CE,Combined TRACON& Tower with Radar,172,341,27,0,540,0,0,0,0,0,172,341,27,0,540,0,0,0,540
04/13/2008,CLE,OH,AGL,CE,Combined TRACON& Tower with Radar,189,391,22,0,602,0,0,0,0,0,189,391,22,0,602,0,0,0,602
04/14/2008,CLE,OH,AGL,CE,Combined TRACON& Tower with Radar,202,527,29,0,758,0,0,3,0,3,202,527,32,0,761,0,0,0,761
04/15/2008,CLE,OH,AGL,CE,Combined TRACON& Tower with Radar,210,531,41,2,784,0,0,6,1,7,210,531,47,3,791,0,0,0,791
04/16/2008,CLE,OH,AGL,CE,Combined TRACON& Tower with Radar,213,523,34,1,771,0,0,4,2,6,213,523,38,3,777,0,0,0,777
04/17/2008,CLE,OH,AGL,CE,Combined TRACON& Tower with Radar,226,547,40,0,813,0,1,4,1,6,226,548,44,1,819,0,0,0,819
04/18/2008,CLE,OH,AGL,CE,Combined TRACON& Tower with Radar,215,527,37,1,780,0,1,2,0,3,215,528,39,1,783,0,0,0,783
04/19/2008,CLE,OH,AGL,CE,Combined TRACON& Tower with Radar,175,308,12,0,495,0,0,0,2,2,175,308,12,2,497,0,0,0,497
04/20/2008,CLE,OH,AGL,CE,Combined TRACON& Tower with Radar,183,371,21,0,575,0,0,1,0,1,183,371,22,0,576,0,0,0,576
04/21/2008,CLE,OH,AGL,CE,Combined TRACON& Tower with Radar,205,527,43,0,775,0,0,5,0,5,205,527,48,0,780,0,0,0,780
04/22/2008,CLE,OH,AGL,CE,Combined TRACON& Tower with Radar,212,535,46,1,794,0,1,10,0,11,212,536,56,1,805,0,0,0,805
04/23/2008,CLE,OH,AGL,CE,Combined TRACON& Tower with Radar,214,539,50,2,805,0,1,5,3,9,214,540,55,5,814,0,0,0,814
04/24/2008,CLE,OH,AGL,CE,Combined TRACON& Tower with Radar,222,534,47,1,804,0,1,7,0,8,222,535,54,1,812,0,0,0,812
04/25/2008,CLE,OH,AGL,CE,Combined TRACON& Tower with Radar,208,520,36,0,764,0,0,5,0,5,208,520,41,0,769,0,0,0,769
04/26/2008,CLE,OH,AGL,CE,Combined TRACON& Tower with Radar,172,301,17,1,491,0,0,0,1,1,172,301,17,2,492,0,0,0,492
04/27/2008,CLE,OH,AGL,CE,Combined TRACON& Tower with Radar,185,381,14,0,580,0,0,6,1,7,185,381,20,1,587,0,0,0,587
04/28/2008,CLE,OH,AGL,CE,Combined TRACON& Tower with Radar,199,504,44,0,747,0,0,2,0,2,199,504,46,0,749,0,0,0,749
04/29/2008,CLE,OH,AGL,CE,Combined TRACON& Tower with Radar,220,528,33,0,781,0,1,2,2,5,220,529,35,2,786,0,0,0,786
04/30/2008,CLE,OH,AGL,CE,Combined TRACON& Tower with Radar,210,535,26,0,771,0,0,5,1,6,210,535,31,1,777,0,0,0,777
05/01/2008,CLE,OH,AGL,CE,Combined TRACON& Tower with Radar,224,540,27,1,792,0,1,1,1,3,224,541,28,2,795,0,0,0,795
05/02/2008,CLE,OH,AGL,CE,Combined TRACON& Tower with Radar,207,473,27,0,707,0,0,1,0,1,207,473,28,0,708,0,0,0,708
05/03/2008,CLE,OH,AGL,CE,Combined TRACON& Tower with Radar,171,319,15,0,505,0,0,0,0,0,171,319,15,0,505,0,0,0,505
05/04/2008,CLE,OH,AGL,CE,Combined TRACON& Tower with Radar,175,409,17,0,601,0,0,0,0,0,175,409,17,0,601,0,0,0,601
05/05/2008,CLE,OH,AGL,CE,Combined TRACON& Tower with Radar,196,534,29,4,763,0,0,6,0,6,196,534,35,4,769,0,0,0,769
05/06/2008,CLE,OH,AGL,CE,Combined TRACON& Tower with Radar,199,551,48,0,798,0,1,5,0,6,199,552,53,0,804,0,0,0,804
05/07/2008,CLE,OH,AGL,CE,Combined TRACON& Tower with Radar,198,554,39,2,793,0,0,5,0,5,198,554,44,2,798,0,0,0,798
05/08/2008,CLE,OH,AGL,CE,Combined TRACON& Tower with Radar,210,548,41,0,799,0,1,1,0,2,210,549,42,0,801,0,0,0,801
05/09/2008,CLE,OH,AGL,CE,Combined TRACON& Tower with Radar,207,538,35,0,780,0,2,1,1,4,207,540,36,1,784,0,0,0,784
05/10/2008,CLE,OH,AGL,CE,Combined TRACON& Tower with Radar,160,320,15,0,495,0,0,5,0,5,160,320,20,0,500,0,0,0,500
05/11/2008,CLE,OH,AGL,CE,Combined TRACON& Tower with Radar,175,393,14,2,584,0,3,0,0,3,175,396,14,2,587,0,0,0,587
05/12/2008,CLE,OH,AGL,CE,Combined TRACON& Tower with Radar,189,531,33,0,753,0,0,1,0,1,189,531,34,0,754,0,0,0,754
05/13/2008,CLE,OH,AGL,CE,Combined TRACON& Tower with Radar,201,553,38,0,792,0,1,6,0,7,201,554,44,0,799,0,0,0,799
05/14/2008,CLE,OH,AGL,CE,Combined TRACON& Tower with Radar,195,542,50,0,787,0,1,2,0,3,195,543,52,0,790,0,0,0,790
05/15/2008,CLE,OH,AGL,CE,Combined TRACON& Tower with Radar,206,562,32,0,800,0,0,9,0,9,206,562,41,0,809,0,0,0,809
05/16/2008,CLE,OH,AGL,CE,Combined TRACON& Tower with Radar,202,545,32,0,779,0,0,2,0,2,202,545,34,0,781,0,0,0,781
05/17/2008,CLE,OH,AGL,CE,Combined TRACON& Tower with Radar,162,317,11,0,490,0,2,0,0,2,162,319,11,0,492,0,0,0,492
05/18/2008,CLE,OH,AGL,CE,Combined TRACON& Tower with Radar,174,407,22,0,603,0,0,1,0,1,174,407,23,0,604,0,0,0,604
05/19/2008,CLE,OH,AGL,CE,Combined TRACON& Tower with Radar,202,536,18,0,756,0,0,3,1,4,202,536,21,1,760,0,0,0,760
05/20/2008,CLE,OH,AGL,CE,Combined TRACON& Tower with Radar,194,552,36,0,782,0,0,4,0,4,194,552,40,0,786,0,0,0,786
05/21/2008,CLE,OH,AGL,CE,Combined TRACON& Tower with Radar,196,563,35,0,794,0,0,4,0,4,196,563,39,0,798,0,0,0,798
05/22/2008,CLE,OH,AGL,CE,Combined TRACON& Tower with Radar,209,543,40,0,792,0,0,1,0,1,209,543,41,0,793,0,0,0,793
05/23/2008,CLE,OH,AGL,CE,Combined TRACON& Tower with Radar,211,548,17,1,777,0,0,6,1,7,211,548,23,2,784,0,0,0,784
05/24/2008,CLE,OH,AGL,CE,Combined TRACON& Tower with Radar,163,299,14,0,476,0,0,8,0,8,163,299,22,0,484,0,0,0,484
05/25/2008,CLE,OH,AGL,CE,Combined TRACON& Tower with Radar,147,264,12,1,424,0,0,6,0,6,147,264,18,1,430,0,0,0,430
05/26/2008,CLE,OH,AGL,CE,Combined TRACON& Tower with Radar,184,409,10,0,603,0,0,0,0,0,184,409,10,0,603,0,0,0,603
05/27/2008,CLE,OH,AGL,CE,Combined TRACON& Tower with Radar,197,526,38,0,761,0,1,0,0,1,197,527,38,0,762,0,0,0,762
05/28/2008,CLE,OH,AGL,CE,Combined TRACON& Tower with Radar,205,571,39,1,816,0,1,4,1,6,205,572,43,2,822,0,0,0,822
05/29/2008,CLE,OH,AGL,CE,Combined TRACON& Tower with Radar,214,559,42,1,816,0,0,5,1,6,214,559,47,2,822,0,0,0,822
05/30/2008,CLE,OH,AGL,CE,Combined TRACON& Tower with Radar,216,546,38,0,800,0,2,3,0,5,216,548,41,0,805,0,0,0,805
05/31/2008,CLE,OH,AGL,CE,Combined TRACON& Tower with Radar,164,308,12,0,484,0,4,5,0,9,164,312,17,0,493,0,0,0,493
06/01/2008,CLE,OH,AGL,CE,Combined TRACON& Tower with Radar,173,391,17,0,581,0,0,7,0,7,173,391,24,0,588,0,0,0,588
06/02/2008,CLE,OH,AGL,CE,Combined TRACON& Tower with Radar,192,546,33,0,771,0,2,3,0,5,192,548,36,0,776,0,0,0,776
06/03/2008,CLE,OH,AGL,CE,Combined TRACON& Tower with Radar,204,522,30,0,756,0,0,2,0,2,204,522,32,0,758,0,0,0,758
06/04/2008,CLE,OH,AGL,CE,Combined TRACON& Tower with Radar,205,514,32,0,751,0,0,3,2,5,205,514,35,2,756,0,0,0,756
06/05/2008,CLE,OH,AGL,CE,Combined TRACON& Tower with Radar,219,542,38,0,799,0,1,2,0,3,219,543,40,0,802,0,0,0,802
06/06/2008,CLE,OH,AGL,CE,Combined TRACON& Tower with Radar,208,538,23,0,769,0,2,8,0,10,208,540,31,0,779,0,0,0,779
06/07/2008,CLE,OH,AGL,CE,Combined TRACON& Tower with Radar,178,307,12,0,497,0,1,0,1,2,178,308,12,1,499,0,0,0,499
06/08/2008,CLE,OH,AGL,CE,Combined TRACON& Tower with Radar,176,374,7,0,557,0,0,2,0,2,176,374,9,0,559,0,0,0,559
06/09/2008,CLE,OH,AGL,CE,Combined TRACON& Tower with Radar,195,512,31,0,738,0,0,2,0,2,195,512,33,0,740,0,0,0,740
06/10/2008,CLE,OH,AGL,CE,Combined TRACON& Tower with Radar,202,545,28,0,775,0,0,1,0,1,202,545,29,0,776,0,0,0,776
06/11/2008,CLE,OH,AGL,CE,Combined TRACON& Tower with Radar,202,545,30,0,777,0,1,5,1,7,202,546,35,1,784,0,0,0,784
06/12/2008,CLE,OH,AGL,CE,Combined TRACON& Tower with Radar,212,553,34,0,799,0,1,10,0,11,212,554,44,0,810,0,0,0,810
06/13/2008,CLE,OH,AGL,CE,Combined TRACON& Tower with Radar,189,460,23,0,672,0,2,1,0,3,189,462,24,0,675,0,0,0,675
06/14/2008,CLE,OH,AGL,CE,Combined TRACON& Tower with Radar,181,364,15,1,561,0,0,1,0,1,181,364,16,1,562,0,0,0,562
06/15/2008,CLE,OH,AGL,CE,Combined TRACON& Tower with Radar,182,424,15,0,621,0,0,1,1,2,182,424,16,1,623,0,0,0,623
06/16/2008,CLE,OH,AGL,CE,Combined TRACON& Tower with Radar,198,532,34,1,765,0,0,2,1,3,198,532,36,2,768,0,0,0,768
06/17/2008,CLE,OH,AGL,CE,Combined TRACON& Tower with Radar,210,541,31,2,784,0,3,0,0,3,210,544,31,2,787,0,0,0,787
06/18/2008,CLE,OH,AGL,CE,Combined TRACON& Tower with Radar,192,554,30,0,776,0,1,3,0,4,192,555,33,0,780,0,0,0,780
06/19/2008,CLE,OH,AGL,CE,Combined TRACON& Tower with Radar,216,560,31,1,808,0,0,4,1,5,216,560,35,2,813,0,0,0,813
06/20/2008,CLE,OH,AGL,CE,Combined TRACON& Tower with Radar,212,553,31,1,797,0,2,3,1,6,212,555,34,2,803,0,0,0,803
06/21/2008,CLE,OH,AGL,CE,Combined TRACON& Tower with Radar,166,334,9,0,509,0,0,0,0,0,166,334,9,0,509,0,0,0,509
06/22/2008,CLE,OH,AGL,CE,Combined TRACON& Tower with Radar,184,378,14,0,576,0,0,1,0,1,184,378,15,0,577,0,0,0,577
06/23/2008,CLE,OH,AGL,CE,Combined TRACON& Tower with Radar,203,548,40,0,791,0,0,1,0,1,203,548,41,0,792,0,0,0,792
06/24/2008,CLE,OH,AGL,CE,Combined TRACON& Tower with Radar,217,554,45,0,816,0,1,6,0,7,217,555,51,0,823,0,0,0,823
06/25/2008,CLE,OH,AGL,CE,Combined TRACON& Tower with Radar,202,553,29,0,784,0,0,8,0,8,202,553,37,0,792,0,0,0,792
06/26/2008,CLE,OH,AGL,CE,Combined TRACON& Tower with Radar,198,479,36,0,713,0,0,4,0,4,198,479,40,0,717,0,0,0,717
06/27/2008,CLE,OH,AGL,CE,Combined TRACON& Tower with Radar,220,600,36,0,856,0,1,0,0,1,220,601,36,0,857,0,0,0,857
06/28/2008,CLE,OH,AGL,CE,Combined TRACON& Tower with Radar,176,331,11,0,518,0,3,1,0,4,176,334,12,0,522,0,0,0,522
06/29/2008,CLE,OH,AGL,CE,Combined TRACON& Tower with Radar,180,402,13,0,595,0,1,2,0,3,180,403,15,0,598,0,0,0,598
06/30/2008,CLE,OH,AGL,CE,Combined TRACON& Tower with Radar,209,545,29,1,784,0,0,1,1,2,209,545,30,2,786,0,0,0,786
07/01/2008,CLE,OH,AGL,CE,Combined TRACON& Tower with Radar,212,549,32,2,795,0,2,4,1,7,212,551,36,3,802,0,0,0,802
07/02/2008,CLE,OH,AGL,CE,Combined TRACON& Tower with Radar,207,538,26,1,772,0,0,0,1,1,207,538,26,2,773,0,0,0,773
07/03/2008,CLE,OH,AGL,CE,Combined TRACON& Tower with Radar,218,560,25,0,803,0,0,3,0,3,218,560,28,0,806,0,0,0,806
07/04/2008,CLE,OH,AGL,CE,Combined TRACON& Tower with Radar,163,379,5,0,547,0,2,1,0,3,163,381,6,0,550,0,0,0,550
07/05/2008,CLE,OH,AGL,CE,Combined TRACON& Tower with Radar,152,287,6,0,445,0,1,5,0,6,152,288,11,0,451,0,0,0,451
07/06/2008,CLE,OH,AGL,CE,Combined TRACON& Tower with Radar,187,438,6,0,631,0,2,4,0,6,187,440,10,0,637,0,0,0,637
07/07/2008,CLE,OH,AGL,CE,Combined TRACON& Tower with Radar,203,543,30,0,776,0,0,7,0,7,203,543,37,0,783,0,0,0,783
07/08/2008,CLE,OH,AGL,CE,Combined TRACON& Tower with Radar,211,510,23,2,746,0,0,5,1,6,211,510,28,3,752,0,0,0,752
07/09/2008,CLE,OH,AGL,CE,Combined TRACON& Tower with Radar,209,564,26,1,800,0,3,2,0,5,209,567,28,1,805,0,0,0,805
07/10/2008,CLE,OH,AGL,CE,Combined TRACON& Tower with Radar,217,552,40,0,809,0,1,3,0,4,217,553,43,0,813,0,0,0,813
07/11/2008,CLE,OH,AGL,CE,Combined TRACON& Tower with Radar,221,544,41,1,807,0,1,7,0,8,221,545,48,1,815,0,0,0,815
07/12/2008,CLE,OH,AGL,CE,Combined TRACON& Tower with Radar,186,322,16,0,524,0,1,0,0,1,186,323,16,0,525,0,0,0,525
07/13/2008,CLE,OH,AGL,CE,Combined TRACON& Tower with Radar,180,393,23,0,596,0,3,2,0,5,180,396,25,0,601,0,0,0,601
07/14/2008,CLE,OH,AGL,CE,Combined TRACON& Tower with Radar,207,563,26,0,796,0,2,1,2,5,207,565,27,2,801,0,0,0,801
07/15/2008,CLE,OH,AGL,CE,Combined TRACON& Tower with Radar,208,548,42,1,799,0,0,10,1,11,208,548,52,2,810,0,0,0,810
07/16/2008,CLE,OH,AGL,CE,Combined TRACON& Tower with Radar,208,550,49,0,807,0,1,15,0,16,208,551,64,0,823,0,0,0,823
07/17/2008,CLE,OH,AGL,CE,Combined TRACON& Tower with Radar,218,544,36,2,800,0,0,24,0,24,218,544,60,2,824,0,0,0,824
07/18/2008,CLE,OH,AGL,CE,Combined TRACON& Tower with Radar,208,553,48,3,812,0,3,20,1,24,208,556,68,4,836,0,0,0,836
07/19/2008,CLE,OH,AGL,CE,Combined TRACON& Tower with Radar,174,327,17,0,518,0,2,1,0,3,174,329,18,0,521,0,0,0,521
07/20/2008,CLE,OH,AGL,CE,Combined TRACON& Tower with Radar,179,420,27,0,626,0,0,2,0,2,179,420,29,0,628,0,0,0,628
07/21/2008,CLE,OH,AGL,CE,Combined TRACON& Tower with Radar,221,546,31,2,800,0,0,4,0,4,221,546,35,2,804,0,0,0,804
07/22/2008,CLE,OH,AGL,CE,Combined TRACON& Tower with Radar,207,529,39,3,778,0,2,5,1,8,207,531,44,4,786,0,0,0,786
07/23/2008,CLE,OH,AGL,CE,Combined TRACON& Tower with Radar,190,528,33,0,751,0,2,2,0,4,190,530,35,0,755,0,0,0,755
07/24/2008,CLE,OH,AGL,CE,Combined TRACON& Tower with Radar,220,544,35,3,802,0,2,4,0,6,220,546,39,3,808,0,0,0,808
07/25/2008,CLE,OH,AGL,CE,Combined TRACON& Tower with Radar,215,537,33,2,787,0,1,6,5,12,215,538,39,7,799,0,0,0,799
07/26/2008,CLE,OH,AGL,CE,Combined TRACON& Tower with Radar,173,332,7,2,514,0,0,0,4,4,173,332,7,6,518,0,0,0,518
07/27/2008,CLE,OH,AGL,CE,Combined TRACON& Tower with Radar,181,401,13,0,595,0,0,6,0,6,181,401,19,0,601,0,0,0,601
07/28/2008,CLE,OH,AGL,CE,Combined TRACON& Tower with Radar,211,550,37,1,799,0,3,6,0,9,211,553,43,1,808,0,0,0,808
07/29/2008,CLE,OH,AGL,CE,Combined TRACON& Tower with Radar,210,537,37,1,785,0,2,5,0,7,210,539,42,1,792,0,0,0,792
07/30/2008,CLE,OH,AGL,CE,Combined TRACON& Tower with Radar,214,556,29,2,801,0,1,2,0,3,214,557,31,2,804,0,0,0,804
07/31/2008,CLE,OH,AGL,CE,Combined TRACON& Tower with Radar,210,539,32,2,783,0,1,7,0,8,210,540,39,2,791,0,0,0,791
08/01/2008,CLE,OH,AGL,CE,Combined TRACON& Tower with Radar,217,545,26,2,790,0,1,3,0,4,217,546,29,2,794,0,0,0,794
08/02/2008,CLE,OH,AGL,CE,Combined TRACON& Tower with Radar,173,316,7,0,496,0,0,5,0,5,173,316,12,0,501,0,0,0,501
08/03/2008,CLE,OH,AGL,CE,Combined TRACON& Tower with Radar,183,426,19,0,628,0,0,2,0,2,183,426,21,0,630,0,0,0,630
08/04/2008,CLE,OH,AGL,CE,Combined TRACON& Tower with Radar,203,524,34,4,765,0,0,3,0,3,203,524,37,4,768,0,0,0,768
08/05/2008,CLE,OH,AGL,CE,Combined TRACON& Tower with Radar,205,545,35,4,789,0,1,1,0,2,205,546,36,4,791,0,0,0,791
08/06/2008,CLE,OH,AGL,CE,Combined TRACON& Tower with Radar,205,550,29,2,786,0,1,4,0,5,205,551,33,2,791,0,0,0,791
08/07/2008,CLE,OH,AGL,CE,Combined TRACON& Tower with Radar,210,523,44,0,777,0,0,3,0,3,210,523,47,0,780,0,0,0,780
08/08/2008,CLE,OH,AGL,CE,Combined TRACON& Tower with Radar,217,551,23,1,792,0,0,2,0,2,217,551,25,1,794,0,0,0,794
08/09/2008,CLE,OH,AGL,CE,Combined TRACON& Tower with Radar,169,329,6,2,506,0,0,3,0,3,169,329,9,2,509,0,0,0,509
08/10/2008,CLE,OH,AGL,CE,Combined TRACON& Tower with Radar,180,413,15,0,608,0,2,2,0,4,180,415,17,0,612,0,0,0,612
08/11/2008,CLE,OH,AGL,CE,Combined TRACON& Tower with Radar,211,508,24,1,744,0,1,4,2,7,211,509,28,3,751,0,0,0,751
08/12/2008,CLE,OH,AGL,CE,Combined TRACON& Tower with Radar,219,553,42,0,814,0,0,9,0,9,219,553,51,0,823,0,0,0,823
08/13/2008,CLE,OH,AGL,CE,Combined TRACON& Tower with Radar,212,550,36,2,800,0,0,7,0,7,212,550,43,2,807,0,0,0,807
08/14/2008,CLE,OH,AGL,CE,Combined TRACON& Tower with Radar,212,535,34,1,782,0,2,5,0,7,212,537,39,1,789,0,0,0,789
08/15/2008,CLE,OH,AGL,CE,Combined TRACON& Tower with Radar,210,540,28,0,778,0,0,1,1,2,210,540,29,1,780,0,0,0,780
08/16/2008,CLE,OH,AGL,CE,Combined TRACON& Tower with Radar,182,333,16,0,531,0,0,4,0,4,182,333,20,0,535,0,0,0,535
08/17/2008,CLE,OH,AGL,CE,Combined TRACON& Tower with Radar,191,427,13,0,631,0,1,4,1,6,191,428,17,1,637,0,0,0,637
08/18/2008,CLE,OH,AGL,CE,Combined TRACON& Tower with Radar,200,538,23,1,762,0,1,1,2,4,200,539,24,3,766,0,0,0,766
08/19/2008,CLE,OH,AGL,CE,Combined TRACON& Tower with Radar,206,544,40,3,793,0,0,19,1,20,206,544,59,4,813,0,0,0,813
08/20/2008,CLE,OH,AGL,CE,Combined TRACON& Tower with Radar,202,553,37,3,795,0,1,5,0,6,202,554,42,3,801,0,0,0,801
08/21/2008,CLE,OH,AGL,CE,Combined TRACON& Tower with Radar,210,537,37,0,784,0,1,12,0,13,210,538,49,0,797,0,0,0,797
08/22/2008,CLE,OH,AGL,CE,Combined TRACON& Tower with Radar,212,547,19,0,778,0,0,4,0,4,212,547,23,0,782,0,0,0,782
08/23/2008,CLE,OH,AGL,CE,Combined TRACON& Tower with Radar,155,327,11,1,494,0,1,4,0,5,155,328,15,1,499,0,0,0,499
08/24/2008,CLE,OH,AGL,CE,Combined TRACON& Tower with Radar,176,437,8,1,622,0,0,3,0,3,176,437,11,1,625,0,0,0,625
08/25/2008,CLE,OH,AGL,CE,Combined TRACON& Tower with Radar,197,546,30,0,773,0,0,3,1,4,197,546,33,1,777,0,0,0,777
08/26/2008,CLE,OH,AGL,CE,Combined TRACON& Tower with Radar,200,535,39,0,774,0,0,4,0,4,200,535,43,0,778,0,0,0,778
08/27/2008,CLE,OH,AGL,CE,Combined TRACON& Tower with Radar,202,544,41,0,787,0,1,8,0,9,202,545,49,0,796,0,0,0,796
08/28/2008,CLE,OH,AGL,CE,Combined TRACON& Tower with Radar,213,564,47,1,825,0,0,0,0,0,213,564,47,1,825,0,0,0,825
08/29/2008,CLE,OH,AGL,CE,Combined TRACON& Tower with Radar,211,558,41,5,815,0,0,4,2,6,211,558,45,7,821,0,0,0,821
08/30/2008,CLE,OH,AGL,CE,Combined TRACON& Tower with Radar,152,312,18,6,488,0,1,2,4,7,152,313,20,10,495,0,0,0,495
08/31/2008,CLE,OH,AGL,CE,Combined TRACON& Tower with Radar,134,308,14,0,456,0,1,5,3,9,134,309,19,3,465,0,0,0,465
09/01/2008,CLE,OH,AGL,CE,Combined TRACON& Tower with Radar,165,433,12,2,612,0,1,4,5,10,165,434,16,7,622,0,0,0,622
09/02/2008,CLE,OH,AGL,CE,Combined TRACON& Tower with Radar,187,521,27,5,740,0,4,2,0,6,187,525,29,5,746,0,0,0,746
09/03/2008,CLE,OH,AGL,CE,Combined TRACON& Tower with Radar,185,384,43,1,613,0,0,5,0,5,185,384,48,1,618,0,0,0,618
09/04/2008,CLE,OH,AGL,CE,Combined TRACON& Tower with Radar,182,447,46,2,677,0,0,0,0,0,182,447,46,2,677,0,0,0,677
09/05/2008,CLE,OH,AGL,CE,Combined TRACON& Tower with Radar,188,465,33,6,692,0,0,0,0,0,188,465,33,6,692,0,0,0,692
09/06/2008,CLE,OH,AGL,CE,Combined TRACON& Tower with Radar,136,216,9,0,361,0,0,7,1,8,136,216,16,1,369,0,0,0,369
09/07/2008,CLE,OH,AGL,CE,Combined TRACON& Tower with Radar,158,329,23,6,516,0,0,0,0,0,158,329,23,6,516,0,0,0,516
09/08/2008,CLE,OH,AGL,CE,Combined TRACON& Tower with Radar,175,446,36,0,657,0,0,0,0,0,175,446,36,0,657,0,0,0,657
09/09/2008,CLE,OH,AGL,CE,Combined TRACON& Tower with Radar,165,373,39,0,577,0,0,0,0,0,165,373,39,0,577,0,0,0,577
09/10/2008,CLE,OH,AGL,CE,Combined TRACON& Tower with Radar,173,406,29,0,608,0,0,4,0,4,173,406,33,0,612,0,0,0,612
09/11/2008,CLE,OH,AGL,CE,Combined TRACON& Tower with Radar,188,467,54,2,711,0,0,8,0,8,188,467,62,2,719,0,0,0,719
09/12/2008,CLE,OH,AGL,CE,Combined TRACON& Tower with Radar,177,449,28,0,654,0,0,1,0,1,177,449,29,0,655,0,0,0,655
09/13/2008,CLE,OH,AGL,CE,Combined TRACON& Tower with Radar,124,236,10,0,370,0,3,2,0,5,124,239,12,0,375,0,0,0,375
09/14/2008,CLE,OH,AGL,CE,Combined TRACON& Tower with Radar,139,305,24,1,469,0,0,1,0,1,139,305,25,1,470,0,0,0,470
09/15/2008,CLE,OH,AGL,CE,Combined TRACON& Tower with Radar,176,452,38,0,666,0,2,2,0,4,176,454,40,0,670,0,0,0,670
09/16/2008,CLE,OH,AGL,CE,Combined TRACON& Tower with Radar,179,379,35,1,594,0,0,2,0,2,179,379,37,1,596,0,0,0,596
09/17/2008,CLE,OH,AGL,CE,Combined TRACON& Tower with Radar,175,393,32,0,600,0,1,7,0,8,175,394,39,0,608,0,0,0,608
09/18/2008,CLE,OH,AGL,CE,Combined TRACON& Tower with Radar,190,453,33,2,678,0,0,3,0,3,190,453,36,2,681,0,0,0,681
09/19/2008,CLE,OH,AGL,CE,Combined TRACON& Tower with Radar,187,447,30,0,664,0,2,8,0,10,187,449,38,0,674,0,0,0,674
09/20/2008,CLE,OH,AGL,CE,Combined TRACON& Tower with Radar,138,224,11,0,373,0,3,4,0,7,138,227,15,0,380,0,0,0,380
09/21/2008,CLE,OH,AGL,CE,Combined TRACON& Tower with Radar,161,330,13,0,504,0,0,3,0,3,161,330,16,0,507,0,0,0,507
09/22/2008,CLE,OH,AGL,CE,Combined TRACON& Tower with Radar,186,449,30,3,668,0,0,5,0,5,186,449,35,3,673,0,0,0,673
09/23/2008,CLE,OH,AGL,CE,Combined TRACON& Tower with Radar,171,380,36,2,589,0,0,11,4,15,171,380,47,6,604,0,0,0,604
09/24/2008,CLE,OH,AGL,CE,Combined TRACON& Tower with Radar,174,391,57,0,622,0,1,3,0,4,174,392,60,0,626,0,0,0,626
09/25/2008,CLE,OH,AGL,CE,Combined TRACON& Tower with Radar,147,405,33,4,589,0,0,3,0,3,147,405,36,4,592,0,0,0,592
09/26/2008,CLE,OH,AGL,CE,Combined TRACON& Tower with Radar,181,441,29,2,653,0,1,0,0,1,181,442,29,2,654,0,0,0,654
09/27/2008,CLE,OH,AGL,CE,Combined TRACON& Tower with Radar,139,221,11,0,371,0,0,0,0,0,139,221,11,0,371,0,0,0,371
09/28/2008,CLE,OH,AGL,CE,Combined TRACON& Tower with Radar,157,325,8,0,490,0,1,2,0,3,157,326,10,0,493,0,0,0,493
09/29/2008,CLE,OH,AGL,CE,Combined TRACON& Tower with Radar,176,460,28,1,665,0,1,3,0,4,176,461,31,1,669,0,0,0,669
09/30/2008,CLE,OH,AGL,CE,Combined TRACON& Tower with Radar,180,375,29,1,585,0,2,2,2,6,180,377,31,3,591,0,0,0,591
10/01/2008,CLE,OH,AGL,CE,Combined TRACON& Tower with Radar,172,399,25,1,597,0,1,0,0,1,172,400,25,1,598,0,0,0,598
10/02/2008,CLE,OH,AGL,CE,Combined TRACON& Tower with Radar,192,441,25,2,660,0,1,1,0,2,192,442,26,2,662,0,0,0,662
10/03/2008,CLE,OH,AGL,CE,Combined TRACON& Tower with Radar,188,453,26,0,667,0,0,3,0,3,188,453,29,0,670,0,0,0,670
10/04/2008,CLE,OH,AGL,CE,Combined TRACON& Tower with Radar,147,215,13,0,375,0,0,5,0,5,147,215,18,0,380,0,0,0,380
10/05/2008,CLE,OH,AGL,CE,Combined TRACON& Tower with Radar,157,319,9,0,485,0,3,4,0,7,157,322,13,0,492,0,0,0,492
10/06/2008,CLE,OH,AGL,CE,Combined TRACON& Tower with Radar,184,429,28,0,641,0,1,3,0,4,184,430,31,0,645,0,0,0,645
10/07/2008,CLE,OH,AGL,CE,Combined TRACON& Tower with Radar,179,371,38,0,588,0,0,6,0,6,179,371,44,0,594,0,0,0,594
10/08/2008,CLE,OH,AGL,CE,Combined TRACON& Tower with Radar,181,376,34,3,594,0,0,0,0,0,181,376,34,3,594,0,0,0,594
10/09/2008,CLE,OH,AGL,CE,Combined TRACON& Tower with Radar,196,450,24,0,670,0,0,3,0,3,196,450,27,0,673,0,0,0,673
10/10/2008,CLE,OH,AGL,CE,Combined TRACON& Tower with Radar,191,463,33,1,688,0,0,3,0,3,191,463,36,1,691,0,0,0,691
10/11/2008,CLE,OH,AGL,CE,Combined TRACON& Tower with Radar,155,219,9,0,383,0,1,4,0,5,155,220,13,0,388,0,0,0,388
10/12/2008,CLE,OH,AGL,CE,Combined TRACON& Tower with Radar,168,318,17,0,503,0,0,3,0,3,168,318,20,0,506,0,0,0,506
10/13/2008,CLE,OH,AGL,CE,Combined TRACON& Tower with Radar,181,436,35,1,653,0,1,2,1,4,181,437,37,2,657,0,0,0,657
10/14/2008,CLE,OH,AGL,CE,Combined TRACON& Tower with Radar,184,359,36,0,579,0,1,4,0,5,184,360,40,0,584,0,0,0,584
10/15/2008,CLE,OH,AGL,CE,Combined TRACON& Tower with Radar,185,371,39,0,595,0,1,3,0,4,185,372,42,0,599,0,0,0,599
10/16/2008,CLE,OH,AGL,CE,Combined TRACON& Tower with Radar,192,445,35,0,672,0,0,0,0,0,192,445,35,0,672,0,0,0,672
10/17/2008,CLE,OH,AGL,CE,Combined TRACON& Tower with Radar,189,451,37,0,677,0,3,1,0,4,189,454,38,0,681,0,0,0,681
10/18/2008,CLE,OH,AGL,CE,Combined TRACON& Tower with Radar,153,212,17,0,382,0,2,0,0,2,153,214,17,0,384,0,0,0,384
10/19/2008,CLE,OH,AGL,CE,Combined TRACON& Tower with Radar,159,329,13,1,502,0,0,1,0,1,159,329,14,1,503,0,0,0,503
10/20/2008,CLE,OH,AGL,CE,Combined TRACON& Tower with Radar,182,434,14,3,633,0,0,1,0,1,182,434,15,3,634,0,0,0,634
10/21/2008,CLE,OH,AGL,CE,Combined TRACON& Tower with Radar,177,364,33,1,575,0,2,1,0,3,177,366,34,1,578,0,0,0,578
10/22/2008,CLE,OH,AGL,CE,Combined TRACON& Tower with Radar,179,368,30,0,577,0,0,7,0,7,179,368,37,0,584,0,0,0,584
10/23/2008,CLE,OH,AGL,CE,Combined TRACON& Tower with Radar,195,439,35,1,670,0,0,2,0,2,195,439,37,1,672,0,0,0,672
10/24/2008,CLE,OH,AGL,CE,Combined TRACON& Tower with Radar,191,430,33,1,655,0,1,1,1,3,191,431,34,2,658,0,0,0,658
10/25/2008,CLE,OH,AGL,CE,Combined TRACON& Tower with Radar,150,221,8,0,379,0,0,2,0,2,150,221,10,0,381,0,0,0,381
10/26/2008,CLE,OH,AGL,CE,Combined TRACON& Tower with Radar,161,320,18,0,499,0,0,0,0,0,161,320,18,0,499,0,0,0,499
10/27/2008,CLE,OH,AGL,CE,Combined TRACON& Tower with Radar,181,432,22,0,635,0,3,0,2,5,181,435,22,2,640,0,0,0,640
10/28/2008,CLE,OH,AGL,CE,Combined TRACON& Tower with Radar,183,360,35,1,579,0,0,0,0,0,183,360,35,1,579,0,0,0,579
10/29/2008,CLE,OH,AGL,CE,Combined TRACON& Tower with Radar,188,382,32,0,602,0,1,0,0,1,188,383,32,0,603,0,0,0,603
10/30/2008,CLE,OH,AGL,CE,Combined TRACON& Tower with Radar,191,439,29,0,659,0,0,3,0,3,191,439,32,0,662,0,0,0,662
10/31/2008,CLE,OH,AGL,CE,Combined TRACON& Tower with Radar,188,436,46,0,670,0,4,3,0,7,188,440,49,0,677,0,0,0,677
11/01/2008,CLE,OH,AGL,CE,Combined TRACON& Tower with Radar,152,212,10,0,374,0,1,0,2,3,152,213,10,2,377,0,0,0,377
11/02/2008,CLE,OH,AGL,CE,Combined TRACON& Tower with Radar,160,326,14,1,501,0,1,2,2,5,160,327,16,3,506,0,0,0,506
11/03/2008,CLE,OH,AGL,CE,Combined TRACON& Tower with Radar,186,435,16,0,637,0,2,1,0,3,186,437,17,0,640,0,0,0,640
11/04/2008,CLE,OH,AGL,CE,Combined TRACON& Tower with Radar,182,368,37,0,587,0,0,3,0,3,182,368,40,0,590,0,0,0,590
11/05/2008,CLE,OH,AGL,CE,Combined TRACON& Tower with Radar,180,371,39,1,591,0,1,11,0,12,180,372,50,1,603,0,0,0,603
11/06/2008,CLE,OH,AGL,CE,Combined TRACON& Tower with Radar,190,438,44,0,672,0,0,14,0,14,190,438,58,0,686,0,0,0,686
11/07/2008,CLE,OH,AGL,CE,Combined TRACON& Tower with Radar,192,446,45,3,686,0,0,7,0,7,192,446,52,3,693,0,0,0,693
11/08/2008,CLE,OH,AGL,CE,Combined TRACON& Tower with Radar,152,229,8,0,389,0,0,1,0,1,152,229,9,0,390,0,0,0,390
11/09/2008,CLE,OH,AGL,CE,Combined TRACON& Tower with Radar,159,320,12,1,492,0,0,0,1,1,159,320,12,2,493,0,0,0,493
11/10/2008,CLE,OH,AGL,CE,Combined TRACON& Tower with Radar,188,434,19,2,643,0,0,0,0,0,188,434,19,2,643,0,0,0,643
11/11/2008,CLE,OH,AGL,CE,Combined TRACON& Tower with Radar,183,355,35,1,574,0,0,3,0,3,183,355,38,1,577,0,0,0,577
11/12/2008,CLE,OH,AGL,CE,Combined TRACON& Tower with Radar,189,363,42,0,594,0,0,30,0,30,189,363,72,0,624,0,0,0,624
11/13/2008,CLE,OH,AGL,CE,Combined TRACON& Tower with Radar,190,440,29,0,659,0,1,1,0,2,190,441,30,0,661,0,0,0,661
11/14/2008,CLE,OH,AGL,CE,Combined TRACON& Tower with Radar,192,426,21,0,639,0,0,0,0,0,192,426,21,0,639,0,0,0,639
11/15/2008,CLE,OH,AGL,CE,Combined TRACON& Tower with Radar,153,227,11,4,395,0,0,0,0,0,153,227,11,4,395,0,0,0,395
11/16/2008,CLE,OH,AGL,CE,Combined TRACON& Tower with Radar,161,317,27,0,505,0,0,1,0,1,161,317,28,0,506,0,0,0,506
11/17/2008,CLE,OH,AGL,CE,Combined TRACON& Tower with Radar,189,446,28,1,664,0,0,1,0,1,189,446,29,1,665,0,0,0,665
11/18/2008,CLE,OH,AGL,CE,Combined TRACON& Tower with Radar,182,376,21,0,579,0,0,0,0,0,182,376,21,0,579,0,0,0,579
11/19/2008,CLE,OH,AGL,CE,Combined TRACON& Tower with Radar,190,357,34,0,581,0,1,3,0,4,190,358,37,0,585,0,0,0,585
11/20/2008,CLE,OH,AGL,CE,Combined TRACON& Tower with Radar,195,451,31,0,677,0,0,1,0,1,195,451,32,0,678,0,0,0,678
11/21/2008,CLE,OH,AGL,CE,Combined TRACON& Tower with Radar,183,427,25,0,635,0,0,0,0,0,183,427,25,0,635,0,0,0,635
11/22/2008,CLE,OH,AGL,CE,Combined TRACON& Tower with Radar,166,258,11,0,435,0,0,1,0,1,166,258,12,0,436,0,0,0,436
11/23/2008,CLE,OH,AGL,CE,Combined TRACON& Tower with Radar,160,329,12,0,501,0,2,2,0,4,160,331,14,0,505,0,0,0,505
11/24/2008,CLE,OH,AGL,CE,Combined TRACON& Tower with Radar,179,339,18,0,536,0,0,0,0,0,179,339,18,0,536,0,0,0,536
11/25/2008,CLE,OH,AGL,CE,Combined TRACON& Tower with Radar,183,377,20,0,580,0,0,0,0,0,183,377,20,0,580,0,0,0,580
11/26/2008,CLE,OH,AGL,CE,Combined TRACON& Tower with Radar,192,449,24,0,665,0,0,3,0,3,192,449,27,0,668,0,0,0,668
11/27/2008,CLE,OH,AGL,CE,Combined TRACON& Tower with Radar,131,235,5,0,371,0,0,0,0,0,131,235,5,0,371,0,0,0,371
11/28/2008,CLE,OH,AGL,CE,Combined TRACON& Tower with Radar,144,226,8,0,378,0,1,3,0,4,144,227,11,0,382,0,0,0,382
11/29/2008,CLE,OH,AGL,CE,Combined TRACON& Tower with Radar,159,271,5,1,436,0,0,7,0,7,159,271,12,1,443,0,0,0,443
11/30/2008,CLE,OH,AGL,CE,Combined TRACON& Tower with Radar,166,404,23,0,593,0,1,2,0,3,166,405,25,0,596,0,0,0,596
12/01/2008,CLE,OH,AGL,CE,Combined TRACON& Tower with Radar,185,459,25,0,669,0,0,0,0,0,185,459,25,0,669,0,0,0,669
12/02/2008,CLE,OH,AGL,CE,Combined TRACON& Tower with Radar,189,383,30,0,602,0,0,1,0,1,189,383,31,0,603,0,0,0,603
12/03/2008,CLE,OH,AGL,CE,Combined TRACON& Tower with Radar,176,356,20,0,552,0,0,1,0,1,176,356,21,0,553,0,0,0,553
12/04/2008,CLE,OH,AGL,CE,Combined TRACON& Tower with Radar,179,444,36,1,660,0,0,0,1,1,179,444,36,2,661,0,0,0,661
12/05/2008,CLE,OH,AGL,CE,Combined TRACON& Tower with Radar,180,437,36,0,653,0,0,1,0,1,180,437,37,0,654,0,0,0,654
12/06/2008,CLE,OH,AGL,CE,Combined TRACON& Tower with Radar,141,228,14,0,383,0,0,0,0,0,141,228,14,0,383,0,0,0,383
12/07/2008,CLE,OH,AGL,CE,Combined TRACON& Tower with Radar,150,320,8,0,478,0,0,0,0,0,150,320,8,0,478,0,0,0,478
12/08/2008,CLE,OH,AGL,CE,Combined TRACON& Tower with Radar,174,427,20,3,624,0,2,7,0,9,174,429,27,3,633,0,0,0,633
12/09/2008,CLE,OH,AGL,CE,Combined TRACON& Tower with Radar,172,350,21,0,543,0,0,0,0,0,172,350,21,0,543,0,0,0,543
12/10/2008,CLE,OH,AGL,CE,Combined TRACON& Tower with Radar,176,353,39,0,568,0,1,0,0,1,176,354,39,0,569,0,0,0,569
12/11/2008,CLE,OH,AGL,CE,Combined TRACON& Tower with Radar,180,436,24,1,641,0,2,1,0,3,180,438,25,1,644,0,0,0,644
12/12/2008,CLE,OH,AGL,CE,Combined TRACON& Tower with Radar,177,443,33,0,653,0,1,0,0,1,177,444,33,0,654,0,0,0,654
12/13/2008,CLE,OH,AGL,CE,Combined TRACON& Tower with Radar,139,222,6,1,368,0,0,2,0,2,139,222,8,1,370,0,0,0,370
12/14/2008,CLE,OH,AGL,CE,Combined TRACON& Tower with Radar,150,313,10,1,474,0,0,0,0,0,150,313,10,1,474,0,0,0,474
12/15/2008,CLE,OH,AGL,CE,Combined TRACON& Tower with Radar,166,429,23,0,618,0,0,0,0,0,166,429,23,0,618,0,0,0,618
12/16/2008,CLE,OH,AGL,CE,Combined TRACON& Tower with Radar,184,327,37,0,548,0,0,1,0,1,184,327,38,0,549,0,0,0,549
12/17/2008,CLE,OH,AGL,CE,Combined TRACON& Tower with Radar,177,425,12,0,614,0,0,0,0,0,177,425,12,0,614,0,0,0,614
12/18/2008,CLE,OH,AGL,CE,Combined TRACON& Tower with Radar,182,419,30,1,632,0,0,1,1,2,182,419,31,2,634,0,0,0,634
12/19/2008,CLE,OH,AGL,CE,Combined TRACON& Tower with Radar,187,270,25,0,482,0,1,0,0,1,187,271,25,0,483,0,0,0,483
12/20/2008,CLE,OH,AGL,CE,Combined TRACON& Tower with Radar,165,262,5,0,432,0,0,4,0,4,165,262,9,0,436,0,0,0,436
12/21/2008,CLE,OH,AGL,CE,Combined TRACON& Tower with Radar,159,297,4,0,460,0,0,0,0,0,159,297,4,0,460,0,0,0,460
12/22/2008,CLE,OH,AGL,CE,Combined TRACON& Tower with Radar,181,414,20,0,615,0,2,0,0,2,181,416,20,0,617,0,0,0,617
12/23/2008,CLE,OH,AGL,CE,Combined TRACON& Tower with Radar,183,356,6,0,545,0,1,1,0,2,183,357,7,0,547,0,0,0,547
12/24/2008,CLE,OH,AGL,CE,Combined TRACON& Tower with Radar,176,269,11,0,456,0,0,0,0,0,176,269,11,0,456,0,0,0,456
12/25/2008,CLE,OH,AGL,CE,Combined TRACON& Tower with Radar,155,242,4,0,401,0,1,0,0,1,155,243,4,0,402,0,0,0,402
12/26/2008,CLE,OH,AGL,CE,Combined TRACON& Tower with Radar,181,398,23,0,602,0,0,0,0,0,181,398,23,0,602,0,0,0,602
12/27/2008,CLE,OH,AGL,CE,Combined TRACON& Tower with Radar,171,258,6,0,435,0,0,0,0,0,171,258,6,0,435,0,0,0,435
12/28/2008,CLE,OH,AGL,CE,Combined TRACON& Tower with Radar,182,319,13,0,514,0,0,0,0,0,182,319,13,0,514,0,0,0,514
12/29/2008,CLE,OH,AGL,CE,Combined TRACON& Tower with Radar,185,410,9,0,604,0,0,1,0,1,185,410,10,0,605,0,0,0,605
12/30/2008,CLE,OH,AGL,CE,Combined TRACON& Tower with Radar,188,418,6,1,613,0,0,1,0,1,188,418,7,1,614,0,0,0,614
12/31/2008,CLE,OH,AGL,CE,Combined TRACON& Tower with Radar,162,264,10,1,437,0,0,0,1,1,162,264,10,2,438,0,0,0,438
01/01/2009,CLE,OH,AGL,CE,Combined TRACON& Tower with Radar,160,286,6,0,452,0,3,0,0,3,160,289,6,0,455,0,0,0,455
01/02/2009,CLE,OH,AGL,CE,Combined TRACON& Tower with Radar,183,412,6,0,601,0,0,1,1,2,183,412,7,1,603,0,0,0,603
01/03/2009,CLE,OH,AGL,CE,Combined TRACON& Tower with Radar,160,258,14,0,432,0,0,4,0,4,160,258,18,0,436,0,0,0,436
01/04/2009,CLE,OH,AGL,CE,Combined TRACON& Tower with Radar,176,323,27,0,526,0,0,0,0,0,176,323,27,0,526,0,0,0,526
01/05/2009,CLE,OH,AGL,CE,Combined TRACON& Tower with Radar,156,406,21,0,583,0,0,4,1,5,156,406,25,1,588,0,0,0,588
01/06/2009,CLE,OH,AGL,CE,Combined TRACON& Tower with Radar,152,337,11,0,500,0,2,1,0,3,152,339,12,0,503,0,0,0,503
01/07/2009,CLE,OH,AGL,CE,Combined TRACON& Tower with Radar,152,349,18,0,519,0,0,0,0,0,152,349,18,0,519,0,0,0,519
01/08/2009,CLE,OH,AGL,CE,Combined TRACON& Tower with Radar,166,418,30,0,614,0,1,0,0,1,166,419,30,0,615,0,0,0,615
01/09/2009,CLE,OH,AGL,CE,Combined TRACON& Tower with Radar,163,386,29,0,578,0,0,0,0,0,163,386,29,0,578,0,0,0,578
01/10/2009,CLE,OH,AGL,CE,Combined TRACON& Tower with Radar,119,110,9,0,238,0,0,0,0,0,119,110,9,0,238,0,0,0,238
01/11/2009,CLE,OH,AGL,CE,Combined TRACON& Tower with Radar,143,305,12,0,460,0,1,0,0,1,143,306,12,0,461,0,0,0,461
01/12/2009,CLE,OH,AGL,CE,Combined TRACON& Tower with Radar,156,418,28,0,602,0,0,4,0,4,156,418,32,0,606,0,0,0,606
01/13/2009,CLE,OH,AGL,CE,Combined TRACON& Tower with Radar,153,365,16,0,534,0,0,0,0,0,153,365,16,0,534,0,0,0,534
01/14/2009,CLE,OH,AGL,CE,Combined TRACON& Tower with Radar,149,347,22,0,518,0,2,0,0,2,149,349,22,0,520,0,0,0,520
01/15/2009,CLE,OH,AGL,CE,Combined TRACON& Tower with Radar,163,423,13,0,599,0,0,0,0,0,163,423,13,0,599,0,0,0,599
01/16/2009,CLE,OH,AGL,CE,Combined TRACON& Tower with Radar,165,395,17,2,579,0,1,2,1,4,165,396,19,3,583,0,0,0,583
01/17/2009,CLE,OH,AGL,CE,Combined TRACON& Tower with Radar,129,212,12,0,353,0,2,0,0,2,129,214,12,0,355,0,0,0,355
01/18/2009,CLE,OH,AGL,CE,Combined TRACON& Tower with Radar,136,288,10,0,434,0,0,0,0,0,136,288,10,0,434,0,0,0,434
01/19/2009,CLE,OH,AGL,CE,Combined TRACON& Tower with Radar,156,401,26,0,583,0,0,1,0,1,156,401,27,0,584,0,0,0,584
01/20/2009,CLE,OH,AGL,CE,Combined TRACON& Tower with Radar,156,360,23,0,539,0,0,1,0,1,156,360,24,0,540,0,0,0,540
01/21/2009,CLE,OH,AGL,CE,Combined TRACON& Tower with Radar,151,365,18,2,536,0,2,2,0,4,151,367,20,2,540,0,0,0,540
01/22/2009,CLE,OH,AGL,CE,Combined TRACON& Tower with Radar,164,410,23,4,601,0,0,2,1,3,164,410,25,5,604,0,0,0,604
01/23/2009,CLE,OH,AGL,CE,Combined TRACON& Tower with Radar,161,417,18,0,596,0,0,0,1,1,161,417,18,1,597,0,0,0,597
01/24/2009,CLE,OH,AGL,CE,Combined TRACON& Tower with Radar,129,201,6,0,336,0,0,1,0,1,129,201,7,0,337,0,0,0,337
01/25/2009,CLE,OH,AGL,CE,Combined TRACON& Tower with Radar,139,305,17,0,461,0,0,0,0,0,139,305,17,0,461,0,0,0,461
01/26/2009,CLE,OH,AGL,CE,Combined TRACON& Tower with Radar,161,406,26,0,593,0,0,0,0,0,161,406,26,0,593,0,0,0,593
01/27/2009,CLE,OH,AGL,CE,Combined TRACON& Tower with Radar,150,341,22,0,513,0,1,3,0,4,150,342,25,0,517,0,0,0,517
01/28/2009,CLE,OH,AGL,CE,Combined TRACON& Tower with Radar,127,136,30,0,293,0,1,0,1,2,127,137,30,1,295,0,0,0,295
01/29/2009,CLE,OH,AGL,CE,Combined TRACON& Tower with Radar,169,402,22,1,594,0,2,1,0,3,169,404,23,1,597,0,0,0,597
01/30/2009,CLE,OH,AGL,CE,Combined TRACON& Tower with Radar,166,417,24,0,607,0,0,0,0,0,166,417,24,0,607,0,0,0,607
01/31/2009,CLE,OH,AGL,CE,Combined TRACON& Tower with Radar,134,207,8,1,350,0,1,0,0,1,134,208,8,1,351,0,0,0,351
02/01/2009,CLE,OH,AGL,CE,Combined TRACON& Tower with Radar,137,298,12,0,447,0,0,0,0,0,137,298,12,0,447,0,0,0,447
02/02/2009,CLE,OH,AGL,CE,Combined TRACON& Tower with Radar,160,416,16,0,592,0,0,0,2,2,160,416,16,2,594,0,0,0,594
02/03/2009,CLE,OH,AGL,CE,Combined TRACON& Tower with Radar,142,346,31,0,519,0,0,2,0,2,142,346,33,0,521,0,0,0,521
02/04/2009,CLE,OH,AGL,CE,Combined TRACON& Tower with Radar,137,284,29,0,450,0,0,0,0,0,137,284,29,0,450,0,0,0,450
02/05/2009,CLE,OH,AGL,CE,Combined TRACON& Tower with Radar,171,413,20,0,604,0,0,0,0,0,171,413,20,0,604,0,0,0,604
02/06/2009,CLE,OH,AGL,CE,Combined TRACON& Tower with Radar,162,426,15,0,603,0,0,0,0,0,162,426,15,0,603,0,0,0,603
02/07/2009,CLE,OH,AGL,CE,Combined TRACON& Tower with Radar,130,198,6,0,334,0,0,0,0,0,130,198,6,0,334,0,0,0,334
02/08/2009,CLE,OH,AGL,CE,Combined TRACON& Tower with Radar,139,307,13,0,459,0,2,0,0,2,139,309,13,0,461,0,0,0,461
02/09/2009,CLE,OH,AGL,CE,Combined TRACON& Tower with Radar,153,407,14,0,574,0,0,0,0,0,153,407,14,0,574,0,0,0,574
02/10/2009,CLE,OH,AGL,CE,Combined TRACON& Tower with Radar,154,350,15,2,521,0,1,2,0,3,154,351,17,2,524,0,0,0,524
02/11/2009,CLE,OH,AGL,CE,Combined TRACON& Tower with Radar,152,352,14,0,518,0,0,1,0,1,152,352,15,0,519,0,0,0,519
02/12/2009,CLE,OH,AGL,CE,Combined TRACON& Tower with Radar,182,427,30,0,639,0,0,0,0,0,182,427,30,0,639,0,0,0,639
02/13/2009,CLE,OH,AGL,CE,Combined TRACON& Tower with Radar,177,426,26,0,629,0,0,1,0,1,177,426,27,0,630,0,0,0,630
02/14/2009,CLE,OH,AGL,CE,Combined TRACON& Tower with Radar,136,237,8,0,381,0,0,0,0,0,136,237,8,0,381,0,0,0,381
02/15/2009,CLE,OH,AGL,CE,Combined TRACON& Tower with Radar,164,308,12,0,484,0,0,0,0,0,164,308,12,0,484,0,0,0,484
02/16/2009,CLE,OH,AGL,CE,Combined TRACON& Tower with Radar,175,413,18,0,606,0,0,0,0,0,175,413,18,0,606,0,0,0,606
02/17/2009,CLE,OH,AGL,CE,Combined TRACON& Tower with Radar,174,405,31,0,610,0,0,2,1,3,174,405,33,1,613,0,0,0,613
02/18/2009,CLE,OH,AGL,CE,Combined TRACON& Tower with Radar,174,404,19,0,597,0,0,0,0,0,174,404,19,0,597,0,0,0,597
02/19/2009,CLE,OH,AGL,CE,Combined TRACON& Tower with Radar,171,433,11,1,616,0,0,0,1,1,171,433,11,2,617,0,0,0,617
02/20/2009,CLE,OH,AGL,CE,Combined TRACON& Tower with Radar,178,431,7,0,616,0,0,0,0,0,178,431,7,0,616,0,0,0,616
02/21/2009,CLE,OH,AGL,CE,Combined TRACON& Tower with Radar,140,241,4,0,385,0,0,0,0,0,140,241,4,0,385,0,0,0,385
02/22/2009,CLE,OH,AGL,CE,Combined TRACON& Tower with Radar,156,314,15,0,485,0,0,0,0,0,156,314,15,0,485,0,0,0,485
02/23/2009,CLE,OH,AGL,CE,Combined TRACON& Tower with Radar,176,416,25,0,617,0,0,0,0,0,176,416,25,0,617,0,0,0,617
02/24/2009,CLE,OH,AGL,CE,Combined TRACON& Tower with Radar,165,361,29,0,555,0,0,3,0,3,165,361,32,0,558,0,0,0,558
02/25/2009,CLE,OH,AGL,CE,Combined TRACON& Tower with Radar,165,388,22,0,575,0,0,1,0,1,165,388,23,0,576,0,0,0,576
02/26/2009,CLE,OH,AGL,CE,Combined TRACON& Tower with Radar,174,413,17,0,604,0,4,0,0,4,174,417,17,0,608,0,0,0,608
02/27/2009,CLE,OH,AGL,CE,Combined TRACON& Tower with Radar,186,416,14,0,616,0,0,0,0,0,186,416,14,0,616,0,0,0,616
02/28/2009,CLE,OH,AGL,CE,Combined TRACON& Tower with Radar,144,238,2,0,384,0,0,0,1,1,144,238,2,1,385,0,0,0,385
03/01/2009,CLE,OH,AGL,CE,Combined TRACON& Tower with Radar,151,295,8,0,454,0,0,0,0,0,151,295,8,0,454,0,0,0,454
03/02/2009,CLE,OH,AGL,CE,Combined TRACON& Tower with Radar,165,364,14,0,543,0,0,0,0,0,165,364,14,0,543,0,0,0,543
03/03/2009,CLE,OH,AGL,CE,Combined TRACON& Tower with Radar,183,352,16,1,552,0,2,0,0,2,183,354,16,1,554,0,0,0,554
03/04/2009,CLE,OH,AGL,CE,Combined TRACON& Tower with Radar,168,372,30,2,572,0,1,2,0,3,168,373,32,2,575,0,0,0,575
03/05/2009,CLE,OH,AGL,CE,Combined TRACON& Tower with Radar,188,421,23,0,632,0,1,4,0,5,188,422,27,0,637,0,0,0,637
03/06/2009,CLE,OH,AGL,CE,Combined TRACON& Tower with Radar,184,427,26,0,637,0,0,7,0,7,184,427,33,0,644,0,0,0,644
03/07/2009,CLE,OH,AGL,CE,Combined TRACON& Tower with Radar,141,230,6,0,377,0,1,0,0,1,141,231,6,0,378,0,0,0,378
03/08/2009,CLE,OH,AGL,CE,Combined TRACON& Tower with Radar,171,302,10,0,483,0,0,0,0,0,171,302,10,0,483,0,0,0,483
03/09/2009,CLE,OH,AGL,CE,Combined TRACON& Tower with Radar,184,425,13,0,622,0,0,3,0,3,184,425,16,0,625,0,0,0,625
03/10/2009,CLE,OH,AGL,CE,Combined TRACON& Tower with Radar,167,360,33,0,560,0,0,0,0,0,167,360,33,0,560,0,0,0,560
03/11/2009,CLE,OH,AGL,CE,Combined TRACON& Tower with Radar,177,414,26,0,617,0,0,0,0,0,177,414,26,0,617,0,0,0,617
03/12/2009,CLE,OH,AGL,CE,Combined TRACON& Tower with Radar,186,434,26,0,646,0,1,1,1,3,186,435,27,1,649,0,0,0,649
03/13/2009,CLE,OH,AGL,CE,Combined TRACON& Tower with Radar,193,437,16,0,646,0,0,3,0,3,193,437,19,0,649,0,0,0,649
03/14/2009,CLE,OH,AGL,CE,Combined TRACON& Tower with Radar,146,235,17,0,398,0,0,2,0,2,146,235,19,0,400,0,0,0,400
03/15/2009,CLE,OH,AGL,CE,Combined TRACON& Tower with Radar,174,315,10,0,499,0,0,0,0,0,174,315,10,0,499,0,0,0,499
03/16/2009,CLE,OH,AGL,CE,Combined TRACON& Tower with Radar,187,412,17,0,616,0,1,0,0,1,187,413,17,0,617,0,0,0,617
03/17/2009,CLE,OH,AGL,CE,Combined TRACON& Tower with Radar,177,369,11,0,557,0,0,4,0,4,177,369,15,0,561,0,0,0,561
03/18/2009,CLE,OH,AGL,CE,Combined TRACON& Tower with Radar,187,426,36,0,649,0,0,3,0,3,187,426,39,0,652,0,0,0,652
03/19/2009,CLE,OH,AGL,CE,Combined TRACON& Tower with Radar,188,433,11,0,632,0,0,1,0,1,188,433,12,0,633,0,0,0,633
03/20/2009,CLE,OH,AGL,CE,Combined TRACON& Tower with Radar,196,437,24,0,657,0,0,4,0,4,196,437,28,0,661,0,0,0,661
03/21/2009,CLE,OH,AGL,CE,Combined TRACON& Tower with Radar,146,236,9,0,391,0,0,5,0,5,146,236,14,0,396,0,0,0,396
03/22/2009,CLE,OH,AGL,CE,Combined TRACON& Tower with Radar,177,312,14,0,503,0,0,4,0,4,177,312,18,0,507,0,0,0,507
03/23/2009,CLE,OH,AGL,CE,Combined TRACON& Tower with Radar,183,421,18,1,623,0,1,1,0,2,183,422,19,1,625,0,0,0,625
03/24/2009,CLE,OH,AGL,CE,Combined TRACON& Tower with Radar,174,362,22,1,559,0,0,3,0,3,174,362,25,1,562,0,0,0,562
03/25/2009,CLE,OH,AGL,CE,Combined TRACON& Tower with Radar,178,420,10,0,608,0,0,0,0,0,178,420,10,0,608,0,0,0,608
03/26/2009,CLE,OH,AGL,CE,Combined TRACON& Tower with Radar,188,414,16,2,620,0,0,0,0,0,188,414,16,2,620,0,0,0,620
03/27/2009,CLE,OH,AGL,CE,Combined TRACON& Tower with Radar,200,442,18,2,662,0,0,3,0,3,200,442,21,2,665,0,0,0,665
03/28/2009,CLE,OH,AGL,CE,Combined TRACON& Tower with Radar,146,233,7,0,386,0,0,2,0,2,146,233,9,0,388,0,0,0,388
03/29/2009,CLE,OH,AGL,CE,Combined TRACON& Tower with Radar,170,295,8,1,474,0,0,0,2,2,170,295,8,3,476,0,0,0,476
03/30/2009,CLE,OH,AGL,CE,Combined TRACON& Tower with Radar,189,428,23,2,642,0,0,1,0,1,189,428,24,2,643,0,0,0,643
03/31/2009,CLE,OH,AGL,CE,Combined TRACON& Tower with Radar,162,365,18,2,547,0,1,1,0,2,162,366,19,2,549,0,0,0,549
04/01/2009,CLE,OH,AGL,CE,Combined TRACON& Tower with Radar,185,429,42,0,656,0,0,0,0,0,185,429,42,0,656,0,0,0,656
04/02/2009,CLE,OH,AGL,CE,Combined TRACON& Tower with Radar,187,414,14,0,615,0,0,2,0,2,187,414,16,0,617,0,0,0,617
04/03/2009,CLE,OH,AGL,CE,Combined TRACON& Tower with Radar,185,411,20,0,616,0,0,0,0,0,185,411,20,0,616,0,0,0,616
04/04/2009,CLE,OH,AGL,CE,Combined TRACON& Tower with Radar,157,236,17,0,410,0,0,2,0,2,157,236,19,0,412,0,0,0,412
04/05/2009,CLE,OH,AGL,CE,Combined TRACON& Tower with Radar,165,321,11,0,497,0,1,6,0,7,165,322,17,0,504,0,0,0,504
04/06/2009,CLE,OH,AGL,CE,Combined TRACON& Tower with Radar,171,418,9,0,598,0,0,0,0,0,171,418,9,0,598,0,0,0,598
04/07/2009,CLE,OH,AGL,CE,Combined TRACON& Tower with Radar,182,368,23,0,573,0,0,1,0,1,182,368,24,0,574,0,0,0,574
04/08/2009,CLE,OH,AGL,CE,Combined TRACON& Tower with Radar,176,378,36,2,592,0,0,0,0,0,176,378,36,2,592,0,0,0,592
04/09/2009,CLE,OH,AGL,CE,Combined TRACON& Tower with Radar,190,433,30,0,653,0,0,9,0,9,190,433,39,0,662,0,0,0,662
04/10/2009,CLE,OH,AGL,CE,Combined TRACON& Tower with Radar,182,430,18,0,630,0,0,1,2,3,182,430,19,2,633,0,0,0,633
04/11/2009,CLE,OH,AGL,CE,Combined TRACON& Tower with Radar,159,224,7,0,390,0,1,5,1,7,159,225,12,1,397,0,0,0,397
04/12/2009,CLE,OH,AGL,CE,Combined TRACON& Tower with Radar,163,320,12,0,495,0,2,7,0,9,163,322,19,0,504,0,0,0,504
04/13/2009,CLE,OH,AGL,CE,Combined TRACON& Tower with Radar,188,423,27,0,638,0,0,8,0,8,188,423,35,0,646,0,0,0,646
04/14/2009,CLE,OH,AGL,CE,Combined TRACON& Tower with Radar,178,428,22,0,628,0,0,0,0,0,178,428,22,0,628,0,0,0,628
04/15/2009,CLE,OH,AGL,CE,Combined TRACON& Tower with Radar,172,362,28,0,562,0,0,0,0,0,172,362,28,0,562,0,0,0,562
04/16/2009,CLE,OH,AGL,CE,Combined TRACON& Tower with Radar,195,442,28,0,665,0,0,2,0,2,195,442,30,0,667,0,0,0,667
04/17/2009,CLE,OH,AGL,CE,Combined TRACON& Tower with Radar,181,431,29,3,644,0,0,1,0,1,181,431,30,3,645,0,0,0,645
04/18/2009,CLE,OH,AGL,CE,Combined TRACON& Tower with Radar,162,232,14,1,409,0,0,8,0,8,162,232,22,1,417,0,0,0,417
04/19/2009,CLE,OH,AGL,CE,Combined TRACON& Tower with Radar,168,324,12,0,504,0,0,1,0,1,168,324,13,0,505,0,0,0,505
04/20/2009,CLE,OH,AGL,CE,Combined TRACON& Tower with Radar,179,429,9,0,617,0,0,0,0,0,179,429,9,0,617,0,0,0,617
04/21/2009,CLE,OH,AGL,CE,Combined TRACON& Tower with Radar,171,353,34,0,558,0,1,2,1,4,171,354,36,1,562,0,0,0,562
04/22/2009,CLE,OH,AGL,CE,Combined TRACON& Tower with Radar,175,374,35,0,584,0,0,2,0,2,175,374,37,0,586,0,0,0,586
04/23/2009,CLE,OH,AGL,CE,Combined TRACON& Tower with Radar,189,437,30,0,656,0,0,1,0,1,189,437,31,0,657,0,0,0,657
04/24/2009,CLE,OH,AGL,CE,Combined TRACON& Tower with Radar,179,430,24,0,633,0,0,3,1,4,179,430,27,1,637,0,0,0,637
04/25/2009,CLE,OH,AGL,CE,Combined TRACON& Tower with Radar,153,239,11,0,403,0,0,1,2,3,153,239,12,2,406,0,0,0,406
04/26/2009,CLE,OH,AGL,CE,Combined TRACON& Tower with Radar,169,321,15,0,505,0,0,0,0,0,169,321,15,0,505,0,0,0,505
04/27/2009,CLE,OH,AGL,CE,Combined TRACON& Tower with Radar,167,438,21,0,626,0,2,1,1,4,167,440,22,1,630,0,0,0,630
04/28/2009,CLE,OH,AGL,CE,Combined TRACON& Tower with Radar,176,365,25,0,566,0,0,0,0,0,176,365,25,0,566,0,0,0,566
04/29/2009,CLE,OH,AGL,CE,Combined TRACON& Tower with Radar,168,378,33,0,579,0,0,4,0,4,168,378,37,0,583,0,0,0,583
04/30/2009,CLE,OH,AGL,CE,Combined TRACON& Tower with Radar,182,427,31,0,640,0,1,1,0,2,182,428,32,0,642,0,0,0,642
05/01/2009,CLE,OH,AGL,CE,Combined TRACON& Tower with Radar,185,422,20,0,627,0,0,1,2,3,185,422,21,2,630,0,0,0,630
05/02/2009,CLE,OH,AGL,CE,Combined TRACON& Tower with Radar,157,236,8,0,401,0,0,4,1,5,157,236,12,1,406,0,0,0,406
05/03/2009,CLE,OH,AGL,CE,Combined TRACON& Tower with Radar,155,325,10,0,490,0,0,7,1,8,155,325,17,1,498,0,0,0,498
05/04/2009,CLE,OH,AGL,CE,Combined TRACON& Tower with Radar,168,424,19,0,611,0,1,2,0,3,168,425,21,0,614,0,0,0,614
05/05/2009,CLE,OH,AGL,CE,Combined TRACON& Tower with Radar,169,348,17,2,536,0,0,4,0,4,169,348,21,2,540,0,0,0,540
05/06/2009,CLE,OH,AGL,CE,Combined TRACON& Tower with Radar,164,355,19,2,540,0,0,0,0,0,164,355,19,2,540,0,0,0,540
05/07/2009,CLE,OH,AGL,CE,Combined TRACON& Tower with Radar,186,436,27,0,649,0,0,1,0,1,186,436,28,0,650,0,0,0,650
05/08/2009,CLE,OH,AGL,CE,Combined TRACON& Tower with Radar,194,444,19,0,657,0,0,0,0,0,194,444,19,0,657,0,0,0,657
05/09/2009,CLE,OH,AGL,CE,Combined TRACON& Tower with Radar,150,231,12,0,393,0,0,0,0,0,150,231,12,0,393,0,0,0,393
05/10/2009,CLE,OH,AGL,CE,Combined TRACON& Tower with Radar,155,326,13,2,496,0,0,0,0,0,155,326,13,2,496,0,0,0,496
05/11/2009,CLE,OH,AGL,CE,Combined TRACON& Tower with Radar,175,421,30,0,626,0,0,6,0,6,175,421,36,0,632,0,0,0,632
05/12/2009,CLE,OH,AGL,CE,Combined TRACON& Tower with Radar,168,353,43,2,566,0,2,0,0,2,168,355,43,2,568,0,0,0,568
05/13/2009,CLE,OH,AGL,CE,Combined TRACON& Tower with Radar,170,350,16,2,538,0,0,1,0,1,170,350,17,2,539,0,0,0,539
05/14/2009,CLE,OH,AGL,CE,Combined TRACON& Tower with Radar,184,436,18,0,638,0,0,0,2,2,184,436,18,2,640,0,0,0,640
05/15/2009,CLE,OH,AGL,CE,Combined TRACON& Tower with Radar,188,433,22,0,643,0,4,0,1,5,188,437,22,1,648,0,0,0,648
05/16/2009,CLE,OH,AGL,CE,Combined TRACON& Tower with Radar,152,238,8,0,398,0,1,0,0,1,152,239,8,0,399,0,0,0,399
05/17/2009,CLE,OH,AGL,CE,Combined TRACON& Tower with Radar,159,332,18,1,510,0,1,1,0,2,159,333,19,1,512,0,0,0,512
05/18/2009,CLE,OH,AGL,CE,Combined TRACON& Tower with Radar,178,427,18,2,625,0,2,0,0,2,178,429,18,2,627,0,0,0,627
05/19/2009,CLE,OH,AGL,CE,Combined TRACON& Tower with Radar,168,347,22,1,538,0,3,0,0,3,168,350,22,1,541,0,0,0,541
05/20/2009,CLE,OH,AGL,CE,Combined TRACON& Tower with Radar,167,358,28,0,553,0,0,2,0,2,167,358,30,0,555,0,0,0,555
05/21/2009,CLE,OH,AGL,CE,Combined TRACON& Tower with Radar,185,428,29,0,642,0,3,2,0,5,185,431,31,0,647,0,0,0,647
05/22/2009,CLE,OH,AGL,CE,Combined TRACON& Tower with Radar,186,430,19,2,637,0,1,3,1,5,186,431,22,3,642,0,0,0,642
05/23/2009,CLE,OH,AGL,CE,Combined TRACON& Tower with Radar,145,226,16,0,387,0,0,1,0,1,145,226,17,0,388,0,0,0,388
05/24/2009,CLE,OH,AGL,CE,Combined TRACON& Tower with Radar,131,201,14,0,346,0,2,2,0,4,131,203,16,0,350,0,0,0,350
05/25/2009,CLE,OH,AGL,CE,Combined TRACON& Tower with Radar,149,326,11,0,486,0,0,1,0,1,149,326,12,0,487,0,0,0,487
05/26/2009,CLE,OH,AGL,CE,Combined TRACON& Tower with Radar,174,414,25,0,613,0,0,3,0,3,174,414,28,0,616,0,0,0,616
05/27/2009,CLE,OH,AGL,CE,Combined TRACON& Tower with Radar,184,428,34,0,646,0,0,1,0,1,184,428,35,0,647,0,0,0,647
05/28/2009,CLE,OH,AGL,CE,Combined TRACON& Tower with Radar,183,448,20,2,653,0,0,0,0,0,183,448,20,2,653,0,0,0,653
05/29/2009,CLE,OH,AGL,CE,Combined TRACON& Tower with Radar,184,438,21,2,645,0,0,3,2,5,184,438,24,4,650,0,0,0,650
05/30/2009,CLE,OH,AGL,CE,Combined TRACON& Tower with Radar,155,245,11,0,411,0,2,2,0,4,155,247,13,0,415,0,0,0,415
05/31/2009,CLE,OH,AGL,CE,Combined TRACON& Tower with Radar,156,327,21,1,505,0,0,1,0,1,156,327,22,1,506,0,0,0,506
06/01/2009,CLE,OH,AGL,CE,Combined TRACON& Tower with Radar,175,428,22,1,626,0,0,2,0,2,175,428,24,1,628,0,0,0,628
06/02/2009,CLE,OH,AGL,CE,Combined TRACON& Tower with Radar,163,348,39,0,550,0,0,1,0,1,163,348,40,0,551,0,0,0,551
06/03/2009,CLE,OH,AGL,CE,Combined TRACON& Tower with Radar,167,353,27,0,547,0,0,2,0,2,167,353,29,0,549,0,0,0,549
06/04/2009,CLE,OH,AGL,CE,Combined TRACON& Tower with Radar,184,433,23,2,642,0,0,7,0,7,184,433,30,2,649,0,0,0,649
06/05/2009,CLE,OH,AGL,CE,Combined TRACON& Tower with Radar,179,427,20,0,626,0,1,3,0,4,179,428,23,0,630,0,0,0,630
06/06/2009,CLE,OH,AGL,CE,Combined TRACON& Tower with Radar,152,234,6,0,392,0,1,2,0,3,152,235,8,0,395,0,0,0,395
06/07/2009,CLE,OH,AGL,CE,Combined TRACON& Tower with Radar,157,335,10,0,502,0,0,4,0,4,157,335,14,0,506,0,0,0,506
06/08/2009,CLE,OH,AGL,CE,Combined TRACON& Tower with Radar,176,424,24,0,624,0,0,1,0,1,176,424,25,0,625,0,0,0,625
06/09/2009,CLE,OH,AGL,CE,Combined TRACON& Tower with Radar,162,354,21,0,537,0,2,0,1,3,162,356,21,1,540,0,0,0,540
06/10/2009,CLE,OH,AGL,CE,Combined TRACON& Tower with Radar,169,354,22,0,545,0,0,4,0,4,169,354,26,0,549,0,0,0,549
06/11/2009,CLE,OH,AGL,CE,Combined TRACON& Tower with Radar,175,433,20,0,628,0,0,4,0,4,175,433,24,0,632,0,0,0,632
06/12/2009,CLE,OH,AGL,CE,Combined TRACON& Tower with Radar,190,438,29,0,657,0,0,5,0,5,190,438,34,0,662,0,0,0,662
06/13/2009,CLE,OH,AGL,CE,Combined TRACON& Tower with Radar,143,251,10,0,404,0,0,1,0,1,143,251,11,0,405,0,0,0,405
06/14/2009,CLE,OH,AGL,CE,Combined TRACON& Tower with Radar,160,356,18,0,534,0,0,3,0,3,160,356,21,0,537,0,0,0,537
06/15/2009,CLE,OH,AGL,CE,Combined TRACON& Tower with Radar,177,420,23,0,620,0,0,5,1,6,177,420,28,1,626,0,0,0,626
06/16/2009,CLE,OH,AGL,CE,Combined TRACON& Tower with Radar,183,435,34,0,652,0,1,3,0,4,183,436,37,0,656,0,0,0,656
06/17/2009,CLE,OH,AGL,CE,Combined TRACON& Tower with Radar,183,427,12,0,622,0,0,1,0,1,183,427,13,0,623,0,0,0,623
06/18/2009,CLE,OH,AGL,CE,Combined TRACON& Tower with Radar,177,409,21,0,607,0,0,2,0,2,177,409,23,0,609,0,0,0,609
06/19/2009,CLE,OH,AGL,CE,Combined TRACON& Tower with Radar,182,425,17,0,624,0,0,1,0,1,182,425,18,0,625,0,0,0,625
06/20/2009,CLE,OH,AGL,CE,Combined TRACON& Tower with Radar,159,246,6,0,411,0,0,1,1,2,159,246,7,1,413,0,0,0,413
06/21/2009,CLE,OH,AGL,CE,Combined TRACON& Tower with Radar,158,346,17,0,521,0,1,0,0,1,158,347,17,0,522,0,0,0,522
06/22/2009,CLE,OH,AGL,CE,Combined TRACON& Tower with Radar,179,424,21,0,624,0,0,4,2,6,179,424,25,2,630,0,0,0,630
06/23/2009,CLE,OH,AGL,CE,Combined TRACON& Tower with Radar,184,441,22,0,647,0,0,0,0,0,184,441,22,0,647,0,0,0,647
06/24/2009,CLE,OH,AGL,CE,Combined TRACON& Tower with Radar,181,428,27,1,637,0,0,3,3,6,181,428,30,4,643,0,0,0,643
06/25/2009,CLE,OH,AGL,CE,Combined TRACON& Tower with Radar,181,390,22,3,596,0,0,2,0,2,181,390,24,3,598,0,0,0,598
06/26/2009,CLE,OH,AGL,CE,Combined TRACON& Tower with Radar,193,448,27,2,670,0,1,0,1,2,193,449,27,3,672,0,0,0,672
06/27/2009,CLE,OH,AGL,CE,Combined TRACON& Tower with Radar,151,256,9,0,416,0,3,6,0,9,151,259,15,0,425,0,0,0,425
06/28/2009,CLE,OH,AGL,CE,Combined TRACON& Tower with Radar,159,344,13,0,516,0,0,0,0,0,159,344,13,0,516,0,0,0,516
06/29/2009,CLE,OH,AGL,CE,Combined TRACON& Tower with Radar,177,420,21,0,618,0,0,0,0,0,177,420,21,0,618,0,0,0,618
06/30/2009,CLE,OH,AGL,CE,Combined TRACON& Tower with Radar,195,413,20,2,630,0,0,1,0,1,195,413,21,2,631,0,0,0,631
07/01/2009,CLE,OH,AGL,CE,Combined TRACON& Tower with Radar,184,435,33,0,652,0,0,0,0,0,184,435,33,0,652,0,0,0,652
07/02/2009,CLE,OH,AGL,CE,Combined TRACON& Tower with Radar,172,434,26,0,632,0,0,2,0,2,172,434,28,0,634,0,0,0,634
07/03/2009,CLE,OH,AGL,CE,Combined TRACON& Tower with Radar,155,259,12,0,426,0,1,1,0,2,155,260,13,0,428,0,0,0,428
07/04/2009,CLE,OH,AGL,CE,Combined TRACON& Tower with Radar,124,197,6,0,327,0,0,6,0,6,124,197,12,0,333,0,0,0,333
07/05/2009,CLE,OH,AGL,CE,Combined TRACON& Tower with Radar,151,343,13,0,507,0,0,4,0,4,151,343,17,0,511,0,0,0,511
07/06/2009,CLE,OH,AGL,CE,Combined TRACON& Tower with Radar,172,427,17,0,616,0,1,3,0,4,172,428,20,0,620,0,0,0,620
07/07/2009,CLE,OH,AGL,CE,Combined TRACON& Tower with Radar,183,424,21,0,628,0,1,6,0,7,183,425,27,0,635,0,0,0,635
07/08/2009,CLE,OH,AGL,CE,Combined TRACON& Tower with Radar,175,445,24,0,644,0,0,3,0,3,175,445,27,0,647,0,0,0,647
07/09/2009,CLE,OH,AGL,CE,Combined TRACON& Tower with Radar,184,433,30,0,647,0,0,5,0,5,184,433,35,0,652,0,0,0,652
07/10/2009,CLE,OH,AGL,CE,Combined TRACON& Tower with Radar,177,443,19,0,639,0,0,0,0,0,177,443,19,0,639,0,0,0,639
07/11/2009,CLE,OH,AGL,CE,Combined TRACON& Tower with Radar,147,251,12,0,410,0,1,2,0,3,147,252,14,0,413,0,0,0,413
07/12/2009,CLE,OH,AGL,CE,Combined TRACON& Tower with Radar,157,342,15,0,514,0,1,8,0,9,157,343,23,0,523,0,0,0,523
07/13/2009,CLE,OH,AGL,CE,Combined TRACON& Tower with Radar,172,435,24,0,631,0,0,3,1,4,172,435,27,1,635,0,0,0,635
07/14/2009,CLE,OH,AGL,CE,Combined TRACON& Tower with Radar,178,429,21,0,628,0,0,2,2,4,178,429,23,2,632,0,0,0,632
07/15/2009,CLE,OH,AGL,CE,Combined TRACON& Tower with Radar,177,435,20,1,633,0,3,5,0,8,177,438,25,1,641,0,0,0,641
07/16/2009,CLE,OH,AGL,CE,Combined TRACON& Tower with Radar,180,440,20,0,640,0,3,1,1,5,180,443,21,1,645,0,0,0,645
07/17/2009,CLE,OH,AGL,CE,Combined TRACON& Tower with Radar,181,439,20,2,642,0,1,2,1,4,181,440,22,3,646,0,0,0,646
07/18/2009,CLE,OH,AGL,CE,Combined TRACON& Tower with Radar,151,252,15,0,418,0,0,1,0,1,151,252,16,0,419,0,0,0,419
07/19/2009,CLE,OH,AGL,CE,Combined TRACON& Tower with Radar,159,347,13,0,519,0,0,1,0,1,159,347,14,0,520,0,0,0,520
07/20/2009,CLE,OH,AGL,CE,Combined TRACON& Tower with Radar,175,424,23,2,624,0,1,0,1,2,175,425,23,3,626,0,0,0,626
07/21/2009,CLE,OH,AGL,CE,Combined TRACON& Tower with Radar,176,431,29,0,636,0,1,1,0,2,176,432,30,0,638,0,0,0,638
07/22/2009,CLE,OH,AGL,CE,Combined TRACON& Tower with Radar,175,446,32,1,654,0,0,2,0,2,175,446,34,1,656,0,0,0,656
07/23/2009,CLE,OH,AGL,CE,Combined TRACON& Tower with Radar,171,420,20,3,614,0,0,0,1,1,171,420,20,4,615,0,0,0,615
07/24/2009,CLE,OH,AGL,CE,Combined TRACON& Tower with Radar,185,446,16,0,647,0,0,5,0,5,185,446,21,0,652,0,0,0,652
07/25/2009,CLE,OH,AGL,CE,Combined TRACON& Tower with Radar,157,250,8,0,415,0,1,0,0,1,157,251,8,0,416,0,0,0,416
07/26/2009,CLE,OH,AGL,CE,Combined TRACON& Tower with Radar,163,332,11,0,506,0,1,2,0,3,163,333,13,0,509,0,0,0,509
07/27/2009,CLE,OH,AGL,CE,Combined TRACON& Tower with Radar,175,440,23,2,640,0,0,1,0,1,175,440,24,2,641,0,0,0,641
07/28/2009,CLE,OH,AGL,CE,Combined TRACON& Tower with Radar,175,435,30,10,650,0,0,3,0,3,175,435,33,10,653,0,0,0,653
07/29/2009,CLE,OH,AGL,CE,Combined TRACON& Tower with Radar,169,422,20,0,611,0,0,0,1,1,169,422,20,1,612,0,0,0,612
07/30/2009,CLE,OH,AGL,CE,Combined TRACON& Tower with Radar,188,437,23,0,648,0,0,2,0,2,188,437,25,0,650,0,0,0,650
07/31/2009,CLE,OH,AGL,CE,Combined TRACON& Tower with Radar,171,428,29,0,628,0,0,0,2,2,171,428,29,2,630,0,0,0,630
08/01/2009,CLE,OH,AGL,CE,Combined TRACON& Tower with Radar,154,258,15,0,427,0,0,8,0,8,154,258,23,0,435,0,0,0,435
08/02/2009,CLE,OH,AGL,CE,Combined TRACON& Tower with Radar,153,321,25,0,499,0,1,4,0,5,153,322,29,0,504,0,0,0,504
08/03/2009,CLE,OH,AGL,CE,Combined TRACON& Tower with Radar,166,428,25,0,619,0,0,0,0,0,166,428,25,0,619,0,0,0,619
08/04/2009,CLE,OH,AGL,CE,Combined TRACON& Tower with Radar,172,433,16,0,621,0,0,2,3,5,172,433,18,3,626,0,0,0,626
08/05/2009,CLE,OH,AGL,CE,Combined TRACON& Tower with Radar,176,433,18,4,631,0,1,1,0,2,176,434,19,4,633,0,0,0,633
08/06/2009,CLE,OH,AGL,CE,Combined TRACON& Tower with Radar,181,442,47,6,676,0,1,2,0,3,181,443,49,6,679,0,0,0,679
08/07/2009,CLE,OH,AGL,CE,Combined TRACON& Tower with Radar,176,443,27,2,648,0,1,7,0,8,176,444,34,2,656,0,0,0,656
08/08/2009,CLE,OH,AGL,CE,Combined TRACON& Tower with Radar,152,254,13,0,419,0,0,1,0,1,152,254,14,0,420,0,0,0,420
08/09/2009,CLE,OH,AGL,CE,Combined TRACON& Tower with Radar,154,336,22,0,512,0,0,0,0,0,154,336,22,0,512,0,0,0,512
08/10/2009,CLE,OH,AGL,CE,Combined TRACON& Tower with Radar,176,433,17,0,626,0,1,2,0,3,176,434,19,0,629,0,0,0,629
08/11/2009,CLE,OH,AGL,CE,Combined TRACON& Tower with Radar,182,425,26,2,635,0,1,1,3,5,182,426,27,5,640,0,0,0,640
08/12/2009,CLE,OH,AGL,CE,Combined TRACON& Tower with Radar,184,421,23,0,628,0,4,0,1,5,184,425,23,1,633,0,0,0,633
08/13/2009,CLE,OH,AGL,CE,Combined TRACON& Tower with Radar,187,438,35,0,660,0,0,1,1,2,187,438,36,1,662,0,0,0,662
08/14/2009,CLE,OH,AGL,CE,Combined TRACON& Tower with Radar,184,441,29,2,656,0,1,5,0,6,184,442,34,2,662,0,0,0,662
08/15/2009,CLE,OH,AGL,CE,Combined TRACON& Tower with Radar,154,250,16,0,420,0,0,1,0,1,154,250,17,0,421,0,0,0,421
08/16/2009,CLE,OH,AGL,CE,Combined TRACON& Tower with Radar,151,344,15,0,510,0,1,4,0,5,151,345,19,0,515,0,0,0,515
08/17/2009,CLE,OH,AGL,CE,Combined TRACON& Tower with Radar,177,430,20,0,627,0,0,0,0,0,177,430,20,0,627,0,0,0,627
08/18/2009,CLE,OH,AGL,CE,Combined TRACON& Tower with Radar,176,422,29,0,627,0,1,3,0,4,176,423,32,0,631,0,0,0,631
08/19/2009,CLE,OH,AGL,CE,Combined TRACON& Tower with Radar,171,428,32,3,634,0,0,3,1,4,171,428,35,4,638,0,0,0,638
08/20/2009,CLE,OH,AGL,CE,Combined TRACON& Tower with Radar,188,428,30,0,646,0,0,1,0,1,188,428,31,0,647,0,0,0,647
08/21/2009,CLE,OH,AGL,CE,Combined TRACON& Tower with Radar,181,395,23,1,600,0,0,1,0,1,181,395,24,1,601,0,0,0,601
08/22/2009,CLE,OH,AGL,CE,Combined TRACON& Tower with Radar,163,255,10,0,428,0,0,0,0,0,163,255,10,0,428,0,0,0,428
08/23/2009,CLE,OH,AGL,CE,Combined TRACON& Tower with Radar,161,328,19,0,508,0,0,1,1,2,161,328,20,1,510,0,0,0,510
08/24/2009,CLE,OH,AGL,CE,Combined TRACON& Tower with Radar,174,420,16,0,610,0,0,0,0,0,174,420,16,0,610,0,0,0,610
08/25/2009,CLE,OH,AGL,CE,Combined TRACON& Tower with Radar,167,418,20,2,607,0,3,2,3,8,167,421,22,5,615,0,0,0,615
08/26/2009,CLE,OH,AGL,CE,Combined TRACON& Tower with Radar,171,427,25,0,623,0,0,0,0,0,171,427,25,0,623,0,0,0,623
08/27/2009,CLE,OH,AGL,CE,Combined TRACON& Tower with Radar,179,421,20,1,621,0,0,0,0,0,179,421,20,1,621,0,0,0,621
08/28/2009,CLE,OH,AGL,CE,Combined TRACON& Tower with Radar,176,414,15,2,607,0,0,0,0,0,176,414,15,2,607,0,0,0,607
08/29/2009,CLE,OH,AGL,CE,Combined TRACON& Tower with Radar,139,254,15,0,408,0,1,4,0,5,139,255,19,0,413,0,0,0,413
08/30/2009,CLE,OH,AGL,CE,Combined TRACON& Tower with Radar,159,335,12,0,506,0,2,0,0,2,159,337,12,0,508,0,0,0,508
08/31/2009,CLE,OH,AGL,CE,Combined TRACON& Tower with Radar,166,425,30,2,623,0,1,4,0,5,166,426,34,2,628,0,0,0,628
09/01/2009,CLE,OH,AGL,CE,Combined TRACON& Tower with Radar,159,353,23,1,536,0,1,1,1,3,159,354,24,2,539,0,0,0,539
09/02/2009,CLE,OH,AGL,CE,Combined TRACON& Tower with Radar,160,365,32,1,558,0,1,1,0,2,160,366,33,1,560,0,0,0,560
09/03/2009,CLE,OH,AGL,CE,Combined TRACON& Tower with Radar,165,433,16,5,619,0,0,0,7,7,165,433,16,12,626,0,0,0,626
09/04/2009,CLE,OH,AGL,CE,Combined TRACON& Tower with Radar,161,433,38,3,635,0,0,3,7,10,161,433,41,10,645,0,0,0,645
09/05/2009,CLE,OH,AGL,CE,Combined TRACON& Tower with Radar,137,195,15,0,347,0,0,4,5,9,137,195,19,5,356,0,0,0,356
09/06/2009,CLE,OH,AGL,CE,Combined TRACON& Tower with Radar,115,192,10,0,317,0,2,2,4,8,115,194,12,4,325,0,0,0,325
09/07/2009,CLE,OH,AGL,CE,Combined TRACON& Tower with Radar,138,333,12,1,484,0,0,2,2,4,138,333,14,3,488,0,0,0,488
09/08/2009,CLE,OH,AGL,CE,Combined TRACON& Tower with Radar,150,411,34,9,604,0,0,0,0,0,150,411,34,9,604,0,0,0,604
09/09/2009,CLE,OH,AGL,CE,Combined TRACON& Tower with Radar,162,350,29,2,543,0,0,3,0,3,162,350,32,2,546,0,0,0,546
09/10/2009,CLE,OH,AGL,CE,Combined TRACON& Tower with Radar,165,416,22,0,603,0,0,0,0,0,165,416,22,0,603,0,0,0,603
09/11/2009,CLE,OH,AGL,CE,Combined TRACON& Tower with Radar,162,397,25,1,585,0,0,5,0,5,162,397,30,1,590,0,0,0,590
09/12/2009,CLE,OH,AGL,CE,Combined TRACON& Tower with Radar,129,210,10,1,350,0,6,3,1,10,129,216,13,2,360,0,0,0,360
09/13/2009,CLE,OH,AGL,CE,Combined TRACON& Tower with Radar,158,311,10,1,480,0,1,4,0,5,158,312,14,1,485,0,0,0,485
09/14/2009,CLE,OH,AGL,CE,Combined TRACON& Tower with Radar,151,426,18,2,597,0,1,1,0,2,151,427,19,2,599,0,0,0,599
09/15/2009,CLE,OH,AGL,CE,Combined TRACON& Tower with Radar,154,349,21,2,526,0,0,2,0,2,154,349,23,2,528,0,0,0,528
09/16/2009,CLE,OH,AGL,CE,Combined TRACON& Tower with Radar,152,345,32,2,531,0,2,4,3,9,152,347,36,5,540,0,0,0,540
09/17/2009,CLE,OH,AGL,CE,Combined TRACON& Tower with Radar,168,432,24,1,625,0,3,1,1,5,168,435,25,2,630,0,0,0,630
09/18/2009,CLE,OH,AGL,CE,Combined TRACON& Tower with Radar,166,425,22,0,613,0,0,3,0,3,166,425,25,0,616,0,0,0,616
09/19/2009,CLE,OH,AGL,CE,Combined TRACON& Tower with Radar,131,206,14,0,351,0,1,5,0,6,131,207,19,0,357,0,0,0,357
09/20/2009,CLE,OH,AGL,CE,Combined TRACON& Tower with Radar,146,315,13,0,474,0,0,2,0,2,146,315,15,0,476,0,0,0,476
09/21/2009,CLE,OH,AGL,CE,Combined TRACON& Tower with Radar,160,419,26,0,605,0,1,0,0,1,160,420,26,0,606,0,0,0,606
09/22/2009,CLE,OH,AGL,CE,Combined TRACON& Tower with Radar,150,337,36,0,523,0,0,0,0,0,150,337,36,0,523,0,0,0,523
09/23/2009,CLE,OH,AGL,CE,Combined TRACON& Tower with Radar,154,345,25,0,524,0,0,4,0,4,154,345,29,0,528,0,0,0,528
09/24/2009,CLE,OH,AGL,CE,Combined TRACON& Tower with Radar,163,418,26,0,607,0,1,1,0,2,163,419,27,0,609,0,0,0,609
09/25/2009,CLE,OH,AGL,CE,Combined TRACON& Tower with Radar,169,414,25,0,608,0,1,9,0,10,169,415,34,0,618,0,0,0,618
09/26/2009,CLE,OH,AGL,CE,Combined TRACON& Tower with Radar,132,208,16,0,356,0,0,0,0,0,132,208,16,0,356,0,0,0,356
09/27/2009,CLE,OH,AGL,CE,Combined TRACON& Tower with Radar,146,308,22,0,476,0,0,1,0,1,146,308,23,0,477,0,0,0,477
09/28/2009,CLE,OH,AGL,CE,Combined TRACON& Tower with Radar,162,421,19,0,602,0,0,0,0,0,162,421,19,0,602,0,0,0,602
09/29/2009,CLE,OH,AGL,CE,Combined TRACON& Tower with Radar,154,350,22,0,526,0,0,0,0,0,154,350,22,0,526,0,0,0,526
09/30/2009,CLE,OH,AGL,CE,Combined TRACON& Tower with Radar,153,351,29,2,535,0,0,0,0,0,153,351,29,2,535,0,0,0,535
10/01/2009,CLE,OH,AGL,CE,Combined TRACON& Tower with Radar,171,432,39,1,643,0,1,7,1,9,171,433,46,2,652,0,0,0,652
10/02/2009,CLE,OH,AGL,CE,Combined TRACON& Tower with Radar,168,430,32,0,630,0,0,0,0,0,168,430,32,0,630,0,0,0,630
10/03/2009,CLE,OH,AGL,CE,Combined TRACON& Tower with Radar,130,221,10,0,361,0,1,1,0,2,130,222,11,0,363,0,0,0,363
10/04/2009,CLE,OH,AGL,CE,Combined TRACON& Tower with Radar,151,321,20,0,492,0,1,0,0,1,151,322,20,0,493,0,0,0,493
10/05/2009,CLE,OH,AGL,CE,Combined TRACON& Tower with Radar,164,410,29,0,603,0,0,0,0,0,164,410,29,0,603,0,0,0,603
10/06/2009,CLE,OH,AGL,CE,Combined TRACON& Tower with Radar,150,343,22,0,515,0,0,1,0,1,150,343,23,0,516,0,0,0,516
10/07/2009,CLE,OH,AGL,CE,Combined TRACON& Tower with Radar,152,360,25,0,537,0,1,0,0,1,152,361,25,0,538,0,0,0,538
10/08/2009,CLE,OH,AGL,CE,Combined TRACON& Tower with Radar,169,419,27,4,619,0,0,1,0,1,169,419,28,4,620,0,0,0,620
10/09/2009,CLE,OH,AGL,CE,Combined TRACON& Tower with Radar,166,428,29,0,623,0,0,0,0,0,166,428,29,0,623,0,0,0,623
10/10/2009,CLE,OH,AGL,CE,Combined TRACON& Tower with Radar,138,227,12,0,377,0,1,1,0,2,138,228,13,0,379,0,0,0,379
10/11/2009,CLE,OH,AGL,CE,Combined TRACON& Tower with Radar,72,158,4,0,234,0,0,1,0,1,72,158,5,0,235,0,0,0,235
10/12/2009,CLE,OH,AGL,CE,Combined TRACON& Tower with Radar,162,405,25,0,592,0,0,1,0,1,162,405,26,0,593,0,0,0,593
10/13/2009,CLE,OH,AGL,CE,Combined TRACON& Tower with Radar,151,354,24,0,529,0,2,1,2,5,151,356,25,2,534,0,0,0,534
10/14/2009,CLE,OH,AGL,CE,Combined TRACON& Tower with Radar,151,352,25,2,530,0,0,1,1,2,151,352,26,3,532,0,0,0,532
10/15/2009,CLE,OH,AGL,CE,Combined TRACON& Tower with Radar,166,421,38,0,625,0,0,2,0,2,166,421,40,0,627,0,0,0,627
10/16/2009,CLE,OH,AGL,CE,Combined TRACON& Tower with Radar,178,423,23,0,624,0,0,2,0,2,178,423,25,0,626,0,0,0,626
10/17/2009,CLE,OH,AGL,CE,Combined TRACON& Tower with Radar,131,216,9,0,356,0,0,0,0,0,131,216,9,0,356,0,0,0,356
10/18/2009,CLE,OH,AGL,CE,Combined TRACON& Tower with Radar,148,310,16,0,474,0,1,2,0,3,148,311,18,0,477,0,0,0,477
10/19/2009,CLE,OH,AGL,CE,Combined TRACON& Tower with Radar,159,421,16,4,600,0,3,1,2,6,159,424,17,6,606,0,0,0,606
10/20/2009,CLE,OH,AGL,CE,Combined TRACON& Tower with Radar,152,346,20,2,520,0,1,2,0,3,152,347,22,2,523,0,0,0,523
10/21/2009,CLE,OH,AGL,CE,Combined TRACON& Tower with Radar,150,351,31,0,532,0,2,2,0,4,150,353,33,0,536,0,0,0,536
10/22/2009,CLE,OH,AGL,CE,Combined TRACON& Tower with Radar,168,421,28,6,623,0,0,0,0,0,168,421,28,6,623,0,0,0,623
10/23/2009,CLE,OH,AGL,CE,Combined TRACON& Tower with Radar,171,423,32,0,626,0,0,0,0,0,171,423,32,0,626,0,0,0,626
10/24/2009,CLE,OH,AGL,CE,Combined TRACON& Tower with Radar,132,221,13,0,366,0,0,1,0,1,132,221,14,0,367,0,0,0,367
10/25/2009,CLE,OH,AGL,CE,Combined TRACON& Tower with Radar,150,314,19,1,484,0,0,2,0,2,150,314,21,1,486,0,0,0,486
10/26/2009,CLE,OH,AGL,CE,Combined TRACON& Tower with Radar,162,412,25,1,600,0,0,0,0,0,162,412,25,1,600,0,0,0,600
10/27/2009,CLE,OH,AGL,CE,Combined TRACON& Tower with Radar,151,344,27,2,524,0,1,1,0,2,151,345,28,2,526,0,0,0,526
10/28/2009,CLE,OH,AGL,CE,Combined TRACON& Tower with Radar,147,360,39,0,546,0,0,2,0,2,147,360,41,0,548,0,0,0,548
10/29/2009,CLE,OH,AGL,CE,Combined TRACON& Tower with Radar,168,432,34,2,636,0,0,2,0,2,168,432,36,2,638,0,0,0,638
10/30/2009,CLE,OH,AGL,CE,Combined TRACON& Tower with Radar,170,438,19,0,627,0,1,1,0,2,170,439,20,0,629,0,0,0,629
10/31/2009,CLE,OH,AGL,CE,Combined TRACON& Tower with Radar,143,215,4,0,362,0,0,0,0,0,143,215,4,0,362,0,0,0,362
11/01/2009,CLE,OH,AGL,CE,Combined TRACON& Tower with Radar,139,328,13,0,480,0,0,4,0,4,139,328,17,0,484,0,0,0,484
11/02/2009,CLE,OH,AGL,CE,Combined TRACON& Tower with Radar,148,431,27,5,611,0,0,2,0,2,148,431,29,5,613,0,0,0,613
11/03/2009,CLE,OH,AGL,CE,Combined TRACON& Tower with Radar,149,347,23,2,521,0,1,2,0,3,149,348,25,2,524,0,0,0,524
11/04/2009,CLE,OH,AGL,CE,Combined TRACON& Tower with Radar,156,362,31,0,549,0,0,1,0,1,156,362,32,0,550,0,0,0,550
11/05/2009,CLE,OH,AGL,CE,Combined TRACON& Tower with Radar,153,433,31,0,617,0,0,0,0,0,153,433,31,0,617,0,0,0,617
11/06/2009,CLE,OH,AGL,CE,Combined TRACON& Tower with Radar,165,443,31,0,639,0,1,4,1,6,165,444,35,1,645,0,0,0,645
11/07/2009,CLE,OH,AGL,CE,Combined TRACON& Tower with Radar,125,225,11,0,361,0,0,0,0,0,125,225,11,0,361,0,0,0,361
11/08/2009,CLE,OH,AGL,CE,Combined TRACON& Tower with Radar,143,329,9,0,481,0,0,2,0,2,143,329,11,0,483,0,0,0,483
11/09/2009,CLE,OH,AGL,CE,Combined TRACON& Tower with Radar,146,428,30,0,604,0,0,0,1,1,146,428,30,1,605,0,0,0,605
11/10/2009,CLE,OH,AGL,CE,Combined TRACON& Tower with Radar,145,347,9,0,501,0,0,0,0,0,145,347,9,0,501,0,0,0,501
11/11/2009,CLE,OH,AGL,CE,Combined TRACON& Tower with Radar,143,363,36,0,542,0,0,0,1,1,143,363,36,1,543,0,0,0,543
11/12/2009,CLE,OH,AGL,CE,Combined TRACON& Tower with Radar,162,442,30,0,634,0,1,4,0,5,162,443,34,0,639,0,0,0,639
11/13/2009,CLE,OH,AGL,CE,Combined TRACON& Tower with Radar,159,419,25,0,603,0,1,1,0,2,159,420,26,0,605,0,0,0,605
11/14/2009,CLE,OH,AGL,CE,Combined TRACON& Tower with Radar,125,226,11,0,362,0,0,3,0,3,125,226,14,0,365,0,0,0,365
11/15/2009,CLE,OH,AGL,CE,Combined TRACON& Tower with Radar,137,315,9,2,463,0,0,0,0,0,137,315,9,2,463,0,0,0,463
11/16/2009,CLE,OH,AGL,CE,Combined TRACON& Tower with Radar,147,431,27,2,607,0,0,1,0,1,147,431,28,2,608,0,0,0,608
11/17/2009,CLE,OH,AGL,CE,Combined TRACON& Tower with Radar,146,350,27,2,525,0,0,4,0,4,146,350,31,2,529,0,0,0,529
11/18/2009,CLE,OH,AGL,CE,Combined TRACON& Tower with Radar,153,359,20,0,532,0,0,2,0,2,153,359,22,0,534,0,0,0,534
11/19/2009,CLE,OH,AGL,CE,Combined TRACON& Tower with Radar,156,425,38,0,619,0,1,1,0,2,156,426,39,0,621,0,0,0,621
11/20/2009,CLE,OH,AGL,CE,Combined TRACON& Tower with Radar,157,443,22,0,622,0,0,1,0,1,157,443,23,0,623,0,0,0,623
11/21/2009,CLE,OH,AGL,CE,Combined TRACON& Tower with Radar,130,233,10,0,373,0,0,1,0,1,130,233,11,0,374,0,0,0,374
11/22/2009,CLE,OH,AGL,CE,Combined TRACON& Tower with Radar,140,318,13,0,471,0,1,3,0,4,140,319,16,0,475,0,0,0,475
11/23/2009,CLE,OH,AGL,CE,Combined TRACON& Tower with Radar,142,356,20,0,518,0,0,1,0,1,142,356,21,0,519,0,0,0,519
11/24/2009,CLE,OH,AGL,CE,Combined TRACON& Tower with Radar,157,370,32,0,559,0,0,0,0,0,157,370,32,0,559,0,0,0,559
11/25/2009,CLE,OH,AGL,CE,Combined TRACON& Tower with Radar,162,430,17,0,609,0,0,1,0,1,162,430,18,0,610,0,0,0,610
11/26/2009,CLE,OH,AGL,CE,Combined TRACON& Tower with Radar,102,203,4,0,309,0,0,0,0,0,102,203,4,0,309,0,0,0,309
11/27/2009,CLE,OH,AGL,CE,Combined TRACON& Tower with Radar,121,215,0,0,336,0,2,0,0,2,121,217,0,0,338,0,0,0,338
11/28/2009,CLE,OH,AGL,CE,Combined TRACON& Tower with Radar,143,288,3,0,434,0,0,2,0,2,143,288,5,0,436,0,0,0,436
11/29/2009,CLE,OH,AGL,CE,Combined TRACON& Tower with Radar,158,409,15,0,582,0,0,1,0,1,158,409,16,0,583,0,0,0,583
11/30/2009,CLE,OH,AGL,CE,Combined TRACON& Tower with Radar,156,427,23,0,606,0,0,0,1,1,156,427,23,1,607,0,0,0,607
12/01/2009,CLE,OH,AGL,CE,Combined TRACON& Tower with Radar,153,353,24,0,530,0,0,2,0,2,153,353,26,0,532,0,0,0,532
12/02/2009,CLE,OH,AGL,CE,Combined TRACON& Tower with Radar,150,331,16,0,497,0,1,2,0,3,150,332,18,0,500,0,0,0,500
12/03/2009,CLE,OH,AGL,CE,Combined TRACON& Tower with Radar,161,421,17,0,599,0,0,0,0,0,161,421,17,0,599,0,0,0,599
12/04/2009,CLE,OH,AGL,CE,Combined TRACON& Tower with Radar,156,420,27,0,603,0,0,1,0,1,156,420,28,0,604,0,0,0,604
12/05/2009,CLE,OH,AGL,CE,Combined TRACON& Tower with Radar,118,224,5,0,347,0,0,0,0,0,118,224,5,0,347,0,0,0,347
12/06/2009,CLE,OH,AGL,CE,Combined TRACON& Tower with Radar,130,314,16,0,460,0,0,3,0,3,130,314,19,0,463,0,0,0,463
12/07/2009,CLE,OH,AGL,CE,Combined TRACON& Tower with Radar,146,412,13,2,573,0,0,2,0,2,146,412,15,2,575,0,0,0,575
12/08/2009,CLE,OH,AGL,CE,Combined TRACON& Tower with Radar,142,327,21,2,492,0,0,1,0,1,142,327,22,2,493,0,0,0,493
12/09/2009,CLE,OH,AGL,CE,Combined TRACON& Tower with Radar,152,331,28,0,511,0,0,1,0,1,152,331,29,0,512,0,0,0,512
12/10/2009,CLE,OH,AGL,CE,Combined TRACON& Tower with Radar,167,424,46,0,637,0,0,0,0,0,167,424,46,0,637,0,0,0,637
12/11/2009,CLE,OH,AGL,CE,Combined TRACON& Tower with Radar,158,431,23,0,612,0,4,0,0,4,158,435,23,0,616,0,0,0,616
12/12/2009,CLE,OH,AGL,CE,Combined TRACON& Tower with Radar,119,236,11,0,366,0,1,3,0,4,119,237,14,0,370,0,0,0,370
12/13/2009,CLE,OH,AGL,CE,Combined TRACON& Tower with Radar,131,292,9,0,432,0,0,0,0,0,131,292,9,0,432,0,0,0,432
12/14/2009,CLE,OH,AGL,CE,Combined TRACON& Tower with Radar,150,409,30,0,589,0,1,5,0,6,150,410,35,0,595,0,0,0,595
12/15/2009,CLE,OH,AGL,CE,Combined TRACON& Tower with Radar,155,344,29,0,528,0,0,0,0,0,155,344,29,0,528,0,0,0,528
12/16/2009,CLE,OH,AGL,CE,Combined TRACON& Tower with Radar,166,427,37,1,631,0,1,1,0,2,166,428,38,1,633,0,0,0,633
12/17/2009,CLE,OH,AGL,CE,Combined TRACON& Tower with Radar,174,420,22,1,617,0,0,0,0,0,174,420,22,1,617,0,0,0,617
12/18/2009,CLE,OH,AGL,CE,Combined TRACON& Tower with Radar,177,419,21,2,619,0,1,0,1,2,177,420,21,3,621,0,0,0,621
12/19/2009,CLE,OH,AGL,CE,Combined TRACON& Tower with Radar,133,230,9,0,372,0,0,0,0,0,133,230,9,0,372,0,0,0,372
12/20/2009,CLE,OH,AGL,CE,Combined TRACON& Tower with Radar,143,294,11,0,448,0,1,1,0,2,143,295,12,0,450,0,0,0,450
12/21/2009,CLE,OH,AGL,CE,Combined TRACON& Tower with Radar,171,413,23,0,607,0,2,0,0,2,171,415,23,0,609,0,0,0,609
12/22/2009,CLE,OH,AGL,CE,Combined TRACON& Tower with Radar,181,419,13,0,613,0,0,0,0,0,181,419,13,0,613,0,0,0,613
12/23/2009,CLE,OH,AGL,CE,Combined TRACON& Tower with Radar,182,425,15,4,626,0,2,3,0,5,182,427,18,4,631,0,0,0,631
12/24/2009,CLE,OH,AGL,CE,Combined TRACON& Tower with Radar,153,264,4,2,423,0,1,1,0,2,153,265,5,2,425,0,0,0,425
12/25/2009,CLE,OH,AGL,CE,Combined TRACON& Tower with Radar,131,247,5,0,383,0,0,0,0,0,131,247,5,0,383,0,0,0,383
12/26/2009,CLE,OH,AGL,CE,Combined TRACON& Tower with Radar,136,249,15,0,400,0,0,0,0,0,136,249,15,0,400,0,0,0,400
12/27/2009,CLE,OH,AGL,CE,Combined TRACON& Tower with Radar,163,333,11,0,507,0,1,0,0,1,163,334,11,0,508,0,0,0,508
12/28/2009,CLE,OH,AGL,CE,Combined TRACON& Tower with Radar,169,416,11,0,596,0,0,0,0,0,169,416,11,0,596,0,0,0,596
12/29/2009,CLE,OH,AGL,CE,Combined TRACON& Tower with Radar,170,411,11,0,592,0,1,2,0,3,170,412,13,0,595,0,0,0,595
12/30/2009,CLE,OH,AGL,CE,Combined TRACON& Tower with Radar,173,415,13,0,601,0,3,1,1,5,173,418,14,1,606,0,0,0,606
12/31/2009,CLE,OH,AGL,CE,Combined TRACON& Tower with Radar,140,270,7,0,417,0,0,0,0,0,140,270,7,0,417,0,0,0,417
01/01/2010,CLE,OH,AGL,CE,Combined TRACON& Tower with Radar,128,256,4,0,388,0,0,0,0,0,128,256,4,0,388,0,0,0,388
01/02/2010,CLE,OH,AGL,CE,Combined TRACON& Tower with Radar,139,281,11,0,431,0,0,0,0,0,139,281,11,0,431,0,0,0,431
01/03/2010,CLE,OH,AGL,CE,Combined TRACON& Tower with Radar,157,336,18,0,511,0,2,0,0,2,157,338,18,0,513,0,0,0,513
01/04/2010,CLE,OH,AGL,CE,Combined TRACON& Tower with Radar,174,412,20,1,607,0,0,0,0,0,174,412,20,1,607,0,0,0,607
01/05/2010,CLE,OH,AGL,CE,Combined TRACON& Tower with Radar,146,342,16,0,504,0,0,0,0,0,146,342,16,0,504,0,0,0,504
01/06/2010,CLE,OH,AGL,CE,Combined TRACON& Tower with Radar,138,336,8,0,482,0,0,0,0,0,138,336,8,0,482,0,0,0,482
01/07/2010,CLE,OH,AGL,CE,Combined TRACON& Tower with Radar,141,408,17,0,566,0,0,0,0,0,141,408,17,0,566,0,0,0,566
01/08/2010,CLE,OH,AGL,CE,Combined TRACON& Tower with Radar,150,305,14,0,469,0,0,0,0,0,150,305,14,0,469,0,0,0,469
01/09/2010,CLE,OH,AGL,CE,Combined TRACON& Tower with Radar,112,206,12,0,330,0,0,1,0,1,112,206,13,0,331,0,0,0,331
01/10/2010,CLE,OH,AGL,CE,Combined TRACON& Tower with Radar,55,114,13,0,182,0,1,2,0,3,55,115,15,0,185,0,0,0,185
01/11/2010,CLE,OH,AGL,CE,Combined TRACON& Tower with Radar,146,396,10,0,552,0,0,0,0,0,146,396,10,0,552,0,0,0,552
01/12/2010,CLE,OH,AGL,CE,Combined TRACON& Tower with Radar,135,341,34,0,510,0,0,0,0,0,135,341,34,0,510,0,0,0,510
01/13/2010,CLE,OH,AGL,CE,Combined TRACON& Tower with Radar,132,347,26,0,505,0,2,8,0,10,132,349,34,0,515,0,0,0,515
01/14/2010,CLE,OH,AGL,CE,Combined TRACON& Tower with Radar,145,417,41,1,604,0,0,4,0,4,145,417,45,1,608,0,0,0,608
01/15/2010,CLE,OH,AGL,CE,Combined TRACON& Tower with Radar,144,417,30,1,592,0,0,0,0,0,144,417,30,1,592,0,0,0,592
01/16/2010,CLE,OH,AGL,CE,Combined TRACON& Tower with Radar,109,212,4,0,325,0,0,0,0,0,109,212,4,0,325,0,0,0,325
01/17/2010,CLE,OH,AGL,CE,Combined TRACON& Tower with Radar,119,276,10,0,405,0,0,0,0,0,119,276,10,0,405,0,0,0,405
01/18/2010,CLE,OH,AGL,CE,Combined TRACON& Tower with Radar,137,401,28,0,566,0,0,0,0,0,137,401,28,0,566,0,0,0,566
01/19/2010,CLE,OH,AGL,CE,Combined TRACON& Tower with Radar,135,332,25,1,493,0,0,1,1,2,135,332,26,2,495,0,0,0,495
01/20/2010,CLE,OH,AGL,CE,Combined TRACON& Tower with Radar,132,344,30,1,507,0,2,2,2,6,132,346,32,3,513,0,0,0,513
01/21/2010,CLE,OH,AGL,CE,Combined TRACON& Tower with Radar,148,407,23,3,581,0,2,0,1,3,148,409,23,4,584,0,0,0,584
01/22/2010,CLE,OH,AGL,CE,Combined TRACON& Tower with Radar,150,399,22,2,573,0,0,0,3,3,150,399,22,5,576,0,0,0,576
01/23/2010,CLE,OH,AGL,CE,Combined TRACON& Tower with Radar,109,216,14,1,340,0,0,2,0,2,109,216,16,1,342,0,0,0,342
01/24/2010,CLE,OH,AGL,CE,Combined TRACON& Tower with Radar,120,291,15,1,427,0,0,1,0,1,120,291,16,1,428,0,0,0,428
01/25/2010,CLE,OH,AGL,CE,Combined TRACON& Tower with Radar,138,377,20,0,535,0,0,0,0,0,138,377,20,0,535,0,0,0,535
01/26/2010,CLE,OH,AGL,CE,Combined TRACON& Tower with Radar,138,337,32,0,507,0,0,0,0,0,138,337,32,0,507,0,0,0,507
01/27/2010,CLE,OH,AGL,CE,Combined TRACON& Tower with Radar,135,346,29,2,512,0,0,2,0,2,135,346,31,2,514,0,0,0,514
01/28/2010,CLE,OH,AGL,CE,Combined TRACON& Tower with Radar,146,407,32,0,585,0,1,0,0,1,146,408,32,0,586,0,0,0,586
01/29/2010,CLE,OH,AGL,CE,Combined TRACON& Tower with Radar,151,411,27,0,589,0,3,2,0,5,151,414,29,0,594,0,0,0,594
01/30/2010,CLE,OH,AGL,CE,Combined TRACON& Tower with Radar,105,199,21,0,325,0,0,2,0,2,105,199,23,0,327,0,0,0,327
01/31/2010,CLE,OH,AGL,CE,Combined TRACON& Tower with Radar,129,295,18,2,444,0,1,2,0,3,129,296,20,2,447,0,0,0,447
02/01/2010,CLE,OH,AGL,CE,Combined TRACON& Tower with Radar,141,395,23,0,559,0,0,0,0,0,141,395,23,0,559,0,0,0,559
02/02/2010,CLE,OH,AGL,CE,Combined TRACON& Tower with Radar,129,330,21,0,480,0,1,0,0,1,129,331,21,0,481,0,0,0,481
02/03/2010,CLE,OH,AGL,CE,Combined TRACON& Tower with Radar,134,348,28,0,510,0,0,0,0,0,134,348,28,0,510,0,0,0,510
02/04/2010,CLE,OH,AGL,CE,Combined TRACON& Tower with Radar,145,405,23,1,574,0,0,7,0,7,145,405,30,1,581,0,0,0,581
02/05/2010,CLE,OH,AGL,CE,Combined TRACON& Tower with Radar,139,387,34,0,560,0,1,1,0,2,139,388,35,0,562,0,0,0,562
02/06/2010,CLE,OH,AGL,CE,Combined TRACON& Tower with Radar,100,177,7,0,284,0,0,0,0,0,100,177,7,0,284,0,0,0,284
02/07/2010,CLE,OH,AGL,CE,Combined TRACON& Tower with Radar,118,288,7,0,413,0,0,2,0,2,118,288,9,0,415,0,0,0,415
02/08/2010,CLE,OH,AGL,CE,Combined TRACON& Tower with Radar,136,387,39,0,562,0,1,4,3,8,136,388,43,3,570,0,0,0,570
02/09/2010,CLE,OH,AGL,CE,Combined TRACON& Tower with Radar,111,292,25,0,428,0,1,0,0,1,111,293,25,0,429,0,0,0,429
02/10/2010,CLE,OH,AGL,CE,Combined TRACON& Tower with Radar,102,253,19,0,374,0,0,0,0,0,102,253,19,0,374,0,0,0,374
02/11/2010,CLE,OH,AGL,CE,Combined TRACON& Tower with Radar,144,373,37,0,554,0,0,0,0,0,144,373,37,0,554,0,0,0,554
02/12/2010,CLE,OH,AGL,CE,Combined TRACON& Tower with Radar,151,419,18,0,588,0,0,1,0,1,151,419,19,0,589,0,0,0,589
02/13/2010,CLE,OH,AGL,CE,Combined TRACON& Tower with Radar,135,224,12,0,371,0,0,0,0,0,135,224,12,0,371,0,0,0,371
02/14/2010,CLE,OH,AGL,CE,Combined TRACON& Tower with Radar,137,319,9,0,465,0,0,0,0,0,137,319,9,0,465,0,0,0,465
02/15/2010,CLE,OH,AGL,CE,Combined TRACON& Tower with Radar,149,398,27,0,574,0,0,0,0,0,149,398,27,0,574,0,0,0,574
02/16/2010,CLE,OH,AGL,CE,Combined TRACON& Tower with Radar,142,406,34,0,582,0,0,0,0,0,142,406,34,0,582,0,0,0,582
02/17/2010,CLE,OH,AGL,CE,Combined TRACON& Tower with Radar,146,428,27,4,605,0,0,3,0,3,146,428,30,4,608,0,0,0,608
02/18/2010,CLE,OH,AGL,CE,Combined TRACON& Tower with Radar,157,420,26,0,603,0,2,0,0,2,157,422,26,0,605,0,0,0,605
02/19/2010,CLE,OH,AGL,CE,Combined TRACON& Tower with Radar,154,426,20,2,602,0,3,3,0,6,154,429,23,2,608,0,0,0,608
02/20/2010,CLE,OH,AGL,CE,Combined TRACON& Tower with Radar,132,233,11,0,376,0,2,6,1,9,132,235,17,1,385,0,0,0,385
02/21/2010,CLE,OH,AGL,CE,Combined TRACON& Tower with Radar,136,317,9,0,462,0,0,0,0,0,136,317,9,0,462,0,0,0,462
02/22/2010,CLE,OH,AGL,CE,Combined TRACON& Tower with Radar,143,417,20,0,580,0,0,0,0,0,143,417,20,0,580,0,0,0,580
02/23/2010,CLE,OH,AGL,CE,Combined TRACON& Tower with Radar,133,345,19,0,497,0,0,0,0,0,133,345,19,0,497,0,0,0,497
02/24/2010,CLE,OH,AGL,CE,Combined TRACON& Tower with Radar,135,346,36,0,517,0,0,0,0,0,135,346,36,0,517,0,0,0,517
02/25/2010,CLE,OH,AGL,CE,Combined TRACON& Tower with Radar,157,383,26,0,566,0,1,0,0,1,157,384,26,0,567,0,0,0,567
02/26/2010,CLE,OH,AGL,CE,Combined TRACON& Tower with Radar,140,350,11,1,502,0,0,0,0,0,140,350,11,1,502,0,0,0,502
02/27/2010,CLE,OH,AGL,CE,Combined TRACON& Tower with Radar,133,241,15,0,389,0,0,0,0,0,133,241,15,0,389,0,0,0,389
02/28/2010,CLE,OH,AGL,CE,Combined TRACON& Tower with Radar,142,328,17,0,487,0,1,0,0,1,142,329,17,0,488,0,0,0,488
03/01/2010,CLE,OH,AGL,CE,Combined TRACON& Tower with Radar,143,414,19,0,576,0,0,0,0,0,143,414,19,0,576,0,0,0,576
03/02/2010,CLE,OH,AGL,CE,Combined TRACON& Tower with Radar,126,344,15,0,485,0,0,0,0,0,126,344,15,0,485,0,0,0,485
03/03/2010,CLE,OH,AGL,CE,Combined TRACON& Tower with Radar,132,343,24,3,502,0,0,4,1,5,132,343,28,4,507,0,0,0,507
03/04/2010,CLE,OH,AGL,CE,Combined TRACON& Tower with Radar,151,415,19,2,587,0,2,0,0,2,151,417,19,2,589,0,0,0,589
03/05/2010,CLE,OH,AGL,CE,Combined TRACON& Tower with Radar,152,420,18,0,590,0,1,3,0,4,152,421,21,0,594,0,0,0,594
03/06/2010,CLE,OH,AGL,CE,Combined TRACON& Tower with Radar,133,227,12,0,372,0,0,1,0,1,133,227,13,0,373,0,0,0,373
03/07/2010,CLE,OH,AGL,CE,Combined TRACON& Tower with Radar,142,325,10,0,477,0,0,1,0,1,142,325,11,0,478,0,0,0,478
03/08/2010,CLE,OH,AGL,CE,Combined TRACON& Tower with Radar,144,422,28,0,594,0,2,2,0,4,144,424,30,0,598,0,0,0,598
03/09/2010,CLE,OH,AGL,CE,Combined TRACON& Tower with Radar,134,352,23,2,511,0,0,7,0,7,134,352,30,2,518,0,0,0,518
03/10/2010,CLE,OH,AGL,CE,Combined TRACON& Tower with Radar,145,358,10,0,513,0,0,0,0,0,145,358,10,0,513,0,0,0,513
03/11/2010,CLE,OH,AGL,CE,Combined TRACON& Tower with Radar,152,410,25,0,587,0,0,1,0,1,152,410,26,0,588,0,0,0,588
03/12/2010,CLE,OH,AGL,CE,Combined TRACON& Tower with Radar,165,416,16,2,599,0,1,0,3,4,165,417,16,5,603,0,0,0,603
03/13/2010,CLE,OH,AGL,CE,Combined TRACON& Tower with Radar,142,219,9,0,370,0,0,0,0,0,142,219,9,0,370,0,0,0,370
03/14/2010,CLE,OH,AGL,CE,Combined TRACON& Tower with Radar,145,294,18,2,459,0,0,0,0,0,145,294,18,2,459,0,0,0,459
03/15/2010,CLE,OH,AGL,CE,Combined TRACON& Tower with Radar,145,413,27,3,588,0,0,0,1,1,145,413,27,4,589,0,0,0,589
03/16/2010,CLE,OH,AGL,CE,Combined TRACON& Tower with Radar,145,357,36,3,541,0,1,1,1,3,145,358,37,4,544,0,0,0,544
03/17/2010,CLE,OH,AGL,CE,Combined TRACON& Tower with Radar,146,363,29,2,540,0,2,3,1,6,146,365,32,3,546,0,0,0,546
03/18/2010,CLE,OH,AGL,CE,Combined TRACON& Tower with Radar,163,427,18,2,610,0,0,2,0,2,163,427,20,2,612,0,0,0,612
03/19/2010,CLE,OH,AGL,CE,Combined TRACON& Tower with Radar,159,429,29,0,617,0,1,1,0,2,159,430,30,0,619,0,0,0,619
03/20/2010,CLE,OH,AGL,CE,Combined TRACON& Tower with Radar,130,237,14,0,381,0,1,1,0,2,130,238,15,0,383,0,0,0,383
03/21/2010,CLE,OH,AGL,CE,Combined TRACON& Tower with Radar,148,313,15,0,476,0,0,2,0,2,148,313,17,0,478,0,0,0,478
03/22/2010,CLE,OH,AGL,CE,Combined TRACON& Tower with Radar,145,416,21,0,582,0,0,0,0,0,145,416,21,0,582,0,0,0,582
03/23/2010,CLE,OH,AGL,CE,Combined TRACON& Tower with Radar,138,357,30,0,525,0,0,0,0,0,138,357,30,0,525,0,0,0,525
03/24/2010,CLE,OH,AGL,CE,Combined TRACON& Tower with Radar,143,356,21,1,521,0,1,2,0,3,143,357,23,1,524,0,0,0,524
03/25/2010,CLE,OH,AGL,CE,Combined TRACON& Tower with Radar,153,421,23,0,597,0,1,0,0,1,153,422,23,0,598,0,0,0,598
03/26/2010,CLE,OH,AGL,CE,Combined TRACON& Tower with Radar,160,434,24,0,618,0,1,0,0,1,160,435,24,0,619,0,0,0,619
03/27/2010,CLE,OH,AGL,CE,Combined TRACON& Tower with Radar,136,235,16,0,387,0,0,1,0,1,136,235,17,0,388,0,0,0,388
03/28/2010,CLE,OH,AGL,CE,Combined TRACON& Tower with Radar,140,324,11,0,475,0,1,0,0,1,140,325,11,0,476,0,0,0,476
03/29/2010,CLE,OH,AGL,CE,Combined TRACON& Tower with Radar,144,417,19,0,580,0,0,0,0,0,144,417,19,0,580,0,0,0,580
03/30/2010,CLE,OH,AGL,CE,Combined TRACON& Tower with Radar,140,355,39,0,534,0,1,5,0,6,140,356,44,0,540,0,0,0,540
03/31/2010,CLE,OH,AGL,CE,Combined TRACON& Tower with Radar,145,368,24,0,537,0,0,2,5,7,145,368,26,5,544,0,0,0,544
04/01/2010,CLE,OH,AGL,CE,Combined TRACON& Tower with Radar,156,418,18,0,592,0,0,1,1,2,156,418,19,1,594,0,0,0,594
04/02/2010,CLE,OH,AGL,CE,Combined TRACON& Tower with Radar,158,417,12,0,587,0,2,1,0,3,158,419,13,0,590,0,0,0,590
04/03/2010,CLE,OH,AGL,CE,Combined TRACON& Tower with Radar,130,236,7,0,373,0,0,1,0,1,130,236,8,0,374,0,0,0,374
04/04/2010,CLE,OH,AGL,CE,Combined TRACON& Tower with Radar,142,309,9,0,460,0,1,0,0,1,142,310,9,0,461,0,0,0,461
04/05/2010,CLE,OH,AGL,CE,Combined TRACON& Tower with Radar,149,422,25,1,597,0,1,2,2,5,149,423,27,3,602,0,0,0,602
04/06/2010,CLE,OH,AGL,CE,Combined TRACON& Tower with Radar,144,351,22,2,519,0,0,0,1,1,144,351,22,3,520,0,0,0,520
04/07/2010,CLE,OH,AGL,CE,Combined TRACON& Tower with Radar,145,340,26,0,511,0,0,2,0,2,145,340,28,0,513,0,0,0,513
04/08/2010,CLE,OH,AGL,CE,Combined TRACON& Tower with Radar,166,433,24,2,625,0,0,0,0,0,166,433,24,2,625,0,0,0,625
04/09/2010,CLE,OH,AGL,CE,Combined TRACON& Tower with Radar,168,420,26,0,614,0,1,0,1,2,168,421,26,1,616,0,0,0,616
04/10/2010,CLE,OH,AGL,CE,Combined TRACON& Tower with Radar,144,227,18,0,389,0,0,3,1,4,144,227,21,1,393,0,0,0,393
04/11/2010,CLE,OH,AGL,CE,Combined TRACON& Tower with Radar,138,316,21,0,475,0,0,2,0,2,138,316,23,0,477,0,0,0,477
04/12/2010,CLE,OH,AGL,CE,Combined TRACON& Tower with Radar,153,424,24,0,601,0,0,2,0,2,153,424,26,0,603,0,0,0,603
04/13/2010,CLE,OH,AGL,CE,Combined TRACON& Tower with Radar,141,347,43,0,531,0,0,0,0,0,141,347,43,0,531,0,0,0,531
04/14/2010,CLE,OH,AGL,CE,Combined TRACON& Tower with Radar,148,350,22,2,522,0,1,3,0,4,148,351,25,2,526,0,0,0,526
04/15/2010,CLE,OH,AGL,CE,Combined TRACON& Tower with Radar,168,430,34,3,635,0,0,13,1,14,168,430,47,4,649,0,0,0,649
04/16/2010,CLE,OH,AGL,CE,Combined TRACON& Tower with Radar,170,410,32,0,612,0,2,1,0,3,170,412,33,0,615,0,0,0,615
04/17/2010,CLE,OH,AGL,CE,Combined TRACON& Tower with Radar,139,239,11,0,389,0,0,0,0,0,139,239,11,0,389,0,0,0,389
04/18/2010,CLE,OH,AGL,CE,Combined TRACON& Tower with Radar,137,318,13,0,468,0,1,0,1,2,137,319,13,1,470,0,0,0,470
04/19/2010,CLE,OH,AGL,CE,Combined TRACON& Tower with Radar,155,418,33,0,606,0,1,0,0,1,155,419,33,0,607,0,0,0,607
04/20/2010,CLE,OH,AGL,CE,Combined TRACON& Tower with Radar,144,350,21,2,517,0,0,4,0,4,144,350,25,2,521,0,0,0,521
04/21/2010,CLE,OH,AGL,CE,Combined TRACON& Tower with Radar,144,350,34,1,529,0,0,4,0,4,144,350,38,1,533,0,0,0,533
04/22/2010,CLE,OH,AGL,CE,Combined TRACON& Tower with Radar,163,420,30,2,615,0,2,1,0,3,163,422,31,2,618,0,0,0,618
04/23/2010,CLE,OH,AGL,CE,Combined TRACON& Tower with Radar,168,421,26,0,615,0,1,0,1,2,168,422,26,1,617,0,0,0,617
04/24/2010,CLE,OH,AGL,CE,Combined TRACON& Tower with Radar,131,233,14,0,378,0,2,0,0,2,131,235,14,0,380,0,0,0,380
04/25/2010,CLE,OH,AGL,CE,Combined TRACON& Tower with Radar,145,289,17,0,451,0,0,0,0,0,145,289,17,0,451,0,0,0,451
04/26/2010,CLE,OH,AGL,CE,Combined TRACON& Tower with Radar,158,439,37,0,634,0,0,0,0,0,158,439,37,0,634,0,0,0,634
04/27/2010,CLE,OH,AGL,CE,Combined TRACON& Tower with Radar,152,355,35,0,542,0,0,4,0,4,152,355,39,0,546,0,0,0,546
04/28/2010,CLE,OH,AGL,CE,Combined TRACON& Tower with Radar,147,356,59,2,564,0,0,1,0,1,147,356,60,2,565,0,0,0,565
04/29/2010,CLE,OH,AGL,CE,Combined TRACON& Tower with Radar,168,419,23,2,612,0,1,2,0,3,168,420,25,2,615,0,0,0,615
04/30/2010,CLE,OH,AGL,CE,Combined TRACON& Tower with Radar,162,419,33,2,616,0,0,3,0,3,162,419,36,2,619,0,0,0,619
05/01/2010,CLE,OH,AGL,CE,Combined TRACON& Tower with Radar,137,232,12,0,381,0,2,0,0,2,137,234,12,0,383,0,0,0,383
05/02/2010,CLE,OH,AGL,CE,Combined TRACON& Tower with Radar,127,332,17,1,477,0,0,1,1,2,127,332,18,2,479,0,0,0,479
05/03/2010,CLE,OH,AGL,CE,Combined TRACON& Tower with Radar,144,428,29,1,602,0,1,2,0,3,144,429,31,1,605,0,0,0,605
05/04/2010,CLE,OH,AGL,CE,Combined TRACON& Tower with Radar,136,360,28,2,526,0,0,3,0,3,136,360,31,2,529,0,0,0,529
05/05/2010,CLE,OH,AGL,CE,Combined TRACON& Tower with Radar,138,363,29,2,532,0,1,1,0,2,138,364,30,2,534,0,0,0,534
05/06/2010,CLE,OH,AGL,CE,Combined TRACON& Tower with Radar,152,438,23,1,614,0,0,3,1,4,152,438,26,2,618,0,0,0,618
05/07/2010,CLE,OH,AGL,CE,Combined TRACON& Tower with Radar,158,432,30,0,620,0,1,0,0,1,158,433,30,0,621,0,0,0,621
05/08/2010,CLE,OH,AGL,CE,Combined TRACON& Tower with Radar,123,248,15,0,386,0,0,0,0,0,123,248,15,0,386,0,0,0,386
05/09/2010,CLE,OH,AGL,CE,Combined TRACON& Tower with Radar,130,323,10,0,463,0,2,0,0,2,130,325,10,0,465,0,0,0,465
05/10/2010,CLE,OH,AGL,CE,Combined TRACON& Tower with Radar,151,430,28,0,609,0,1,2,0,3,151,431,30,0,612,0,0,0,612
05/11/2010,CLE,OH,AGL,CE,Combined TRACON& Tower with Radar,145,368,19,0,532,0,1,0,0,1,145,369,19,0,533,0,0,0,533
05/12/2010,CLE,OH,AGL,CE,Combined TRACON& Tower with Radar,136,357,25,0,518,0,0,0,0,0,136,357,25,0,518,0,0,0,518
05/13/2010,CLE,OH,AGL,CE,Combined TRACON& Tower with Radar,149,441,24,2,616,0,2,0,0,2,149,443,24,2,618,0,0,0,618
05/14/2010,CLE,OH,AGL,CE,Combined TRACON& Tower with Radar,146,433,40,0,619,0,2,0,0,2,146,435,40,0,621,0,0,0,621
05/15/2010,CLE,OH,AGL,CE,Combined TRACON& Tower with Radar,119,235,14,0,368,0,0,2,0,2,119,235,16,0,370,0,0,0,370
05/16/2010,CLE,OH,AGL,CE,Combined TRACON& Tower with Radar,127,318,21,1,467,0,0,1,1,2,127,318,22,2,469,0,0,0,469
05/17/2010,CLE,OH,AGL,CE,Combined TRACON& Tower with Radar,145,428,20,0,593,0,1,0,3,4,145,429,20,3,597,0,0,0,597
05/18/2010,CLE,OH,AGL,CE,Combined TRACON& Tower with Radar,145,353,24,1,523,0,0,0,0,0,145,353,24,1,523,0,0,0,523
05/19/2010,CLE,OH,AGL,CE,Combined TRACON& Tower with Radar,137,370,41,0,548,0,0,1,2,3,137,370,42,2,551,0,0,0,551
05/20/2010,CLE,OH,AGL,CE,Combined TRACON& Tower with Radar,153,437,34,0,624,0,0,1,1,2,153,437,35,1,626,0,0,0,626
05/21/2010,CLE,OH,AGL,CE,Combined TRACON& Tower with Radar,152,424,32,1,609,0,0,1,0,1,152,424,33,1,610,0,0,0,610
05/22/2010,CLE,OH,AGL,CE,Combined TRACON& Tower with Radar,125,238,7,0,370,0,0,0,1,1,125,238,7,1,371,0,0,0,371
05/23/2010,CLE,OH,AGL,CE,Combined TRACON& Tower with Radar,131,335,10,0,476,0,0,0,0,0,131,335,10,0,476,0,0,0,476
05/24/2010,CLE,OH,AGL,CE,Combined TRACON& Tower with Radar,145,427,33,0,605,0,1,0,1,2,145,428,33,1,607,0,0,0,607
05/25/2010,CLE,OH,AGL,CE,Combined TRACON& Tower with Radar,140,361,28,0,529,0,0,3,0,3,140,361,31,0,532,0,0,0,532
05/26/2010,CLE,OH,AGL,CE,Combined TRACON& Tower with Radar,135,362,31,0,528,0,1,2,0,3,135,363,33,0,531,0,0,0,531
05/27/2010,CLE,OH,AGL,CE,Combined TRACON& Tower with Radar,155,419,46,0,620,0,2,0,0,2,155,421,46,0,622,0,0,0,622
05/28/2010,CLE,OH,AGL,CE,Combined TRACON& Tower with Radar,157,423,24,1,605,0,2,0,0,2,157,425,24,1,607,0,0,0,607
05/29/2010,CLE,OH,AGL,CE,Combined TRACON& Tower with Radar,132,218,7,0,357,0,0,3,0,3,132,218,10,0,360,0,0,0,360
05/30/2010,CLE,OH,AGL,CE,Combined TRACON& Tower with Radar,107,204,13,0,324,0,1,3,0,4,107,205,16,0,328,0,0,0,328
05/31/2010,CLE,OH,AGL,CE,Combined TRACON& Tower with Radar,130,312,3,3,448,0,0,0,0,0,130,312,3,3,448,0,0,0,448
06/01/2010,CLE,OH,AGL,CE,Combined TRACON& Tower with Radar,154,434,23,0,611,0,0,0,0,0,154,434,23,0,611,0,0,0,611
06/02/2010,CLE,OH,AGL,CE,Combined TRACON& Tower with Radar,141,359,23,0,523,0,1,0,0,1,141,360,23,0,524,0,0,0,524
06/03/2010,CLE,OH,AGL,CE,Combined TRACON& Tower with Radar,151,438,35,0,624,0,0,1,0,1,151,438,36,0,625,0,0,0,625
06/04/2010,CLE,OH,AGL,CE,Combined TRACON& Tower with Radar,153,430,25,4,612,0,0,2,0,2,153,430,27,4,614,0,0,0,614
06/05/2010,CLE,OH,AGL,CE,Combined TRACON& Tower with Radar,135,234,12,0,381,0,1,0,1,2,135,235,12,1,383,0,0,0,383
06/06/2010,CLE,OH,AGL,CE,Combined TRACON& Tower with Radar,131,319,6,0,456,0,0,2,1,3,131,319,8,1,459,0,0,0,459
06/07/2010,CLE,OH,AGL,CE,Combined TRACON& Tower with Radar,154,441,32,0,627,0,0,2,1,3,154,441,34,1,630,0,0,0,630
06/08/2010,CLE,OH,AGL,CE,Combined TRACON& Tower with Radar,137,371,28,4,540,0,0,9,0,9,137,371,37,4,549,0,0,0,549
06/09/2010,CLE,OH,AGL,CE,Combined TRACON& Tower with Radar,137,366,27,0,530,0,0,0,0,0,137,366,27,0,530,0,0,0,530
06/10/2010,CLE,OH,AGL,CE,Combined TRACON& Tower with Radar,151,430,20,2,603,0,1,0,0,1,151,431,20,2,604,0,0,0,604
06/11/2010,CLE,OH,AGL,CE,Combined TRACON& Tower with Radar,159,444,13,0,616,0,1,2,0,3,159,445,15,0,619,0,0,0,619
06/12/2010,CLE,OH,AGL,CE,Combined TRACON& Tower with Radar,131,241,3,0,375,0,0,0,0,0,131,241,3,0,375,0,0,0,375
06/13/2010,CLE,OH,AGL,CE,Combined TRACON& Tower with Radar,142,340,15,0,497,0,1,1,0,2,142,341,16,0,499,0,0,0,499
06/14/2010,CLE,OH,AGL,CE,Combined TRACON& Tower with Radar,150,438,23,0,611,0,0,0,0,0,150,438,23,0,611,0,0,0,611
06/15/2010,CLE,OH,AGL,CE,Combined TRACON& Tower with Radar,155,420,31,0,606,0,0,1,0,1,155,420,32,0,607,0,0,0,607
06/16/2010,CLE,OH,AGL,CE,Combined TRACON& Tower with Radar,151,437,36,2,626,0,0,1,0,1,151,437,37,2,627,0,0,0,627
06/17/2010,CLE,OH,AGL,CE,Combined TRACON& Tower with Radar,157,435,30,2,624,0,0,2,0,2,157,435,32,2,626,0,0,0,626
06/18/2010,CLE,OH,AGL,CE,Combined TRACON& Tower with Radar,151,424,34,2,611,0,0,3,0,3,151,424,37,2,614,0,0,0,614
06/19/2010,CLE,OH,AGL,CE,Combined TRACON& Tower with Radar,134,240,20,0,394,0,2,0,1,3,134,242,20,1,397,0,0,0,397
06/20/2010,CLE,OH,AGL,CE,Combined TRACON& Tower with Radar,146,325,12,0,483,0,0,0,0,0,146,325,12,0,483,0,0,0,483
06/21/2010,CLE,OH,AGL,CE,Combined TRACON& Tower with Radar,145,438,28,0,611,0,0,5,0,5,145,438,33,0,616,0,0,0,616
06/22/2010,CLE,OH,AGL,CE,Combined TRACON& Tower with Radar,157,430,39,2,628,0,0,2,0,2,157,430,41,2,630,0,0,0,630
06/23/2010,CLE,OH,AGL,CE,Combined TRACON& Tower with Radar,150,420,32,0,602,0,0,0,3,3,150,420,32,3,605,0,0,0,605
06/24/2010,CLE,OH,AGL,CE,Combined TRACON& Tower with Radar,157,442,34,0,633,0,0,3,1,4,157,442,37,1,637,0,0,0,637
06/25/2010,CLE,OH,AGL,CE,Combined TRACON& Tower with Radar,156,446,25,0,627,0,0,3,2,5,156,446,28,2,632,0,0,0,632
06/26/2010,CLE,OH,AGL,CE,Combined TRACON& Tower with Radar,132,243,12,0,387,0,0,2,0,2,132,243,14,0,389,0,0,0,389
06/27/2010,CLE,OH,AGL,CE,Combined TRACON& Tower with Radar,150,352,10,0,512,0,2,0,0,2,150,354,10,0,514,0,0,0,514
06/28/2010,CLE,OH,AGL,CE,Combined TRACON& Tower with Radar,149,432,29,1,611,0,0,2,0,2,149,432,31,1,613,0,0,0,613
06/29/2010,CLE,OH,AGL,CE,Combined TRACON& Tower with Radar,159,429,17,0,605,0,0,3,1,4,159,429,20,1,609,0,0,0,609
06/30/2010,CLE,OH,AGL,CE,Combined TRACON& Tower with Radar,157,431,19,1,608,0,1,0,0,1,157,432,19,1,609,0,0,0,609
07/01/2010,CLE,OH,AGL,CE,Combined TRACON& Tower with Radar,160,441,32,2,635,0,1,1,0,2,160,442,33,2,637,0,0,0,637
07/02/2010,CLE,OH,AGL,CE,Combined TRACON& Tower with Radar,161,429,23,0,613,0,1,2,0,3,161,430,25,0,616,0,0,0,616
07/03/2010,CLE,OH,AGL,CE,Combined TRACON& Tower with Radar,134,241,9,0,384,0,0,4,0,4,134,241,13,0,388,0,0,0,388
07/04/2010,CLE,OH,AGL,CE,Combined TRACON& Tower with Radar,122,209,3,0,334,0,0,5,0,5,122,209,8,0,339,0,0,0,339
07/05/2010,CLE,OH,AGL,CE,Combined TRACON& Tower with Radar,140,351,11,0,502,0,1,1,0,2,140,352,12,0,504,0,0,0,504
07/06/2010,CLE,OH,AGL,CE,Combined TRACON& Tower with Radar,156,411,24,2,593,0,3,2,1,6,156,414,26,3,599,0,0,0,599
07/07/2010,CLE,OH,AGL,CE,Combined TRACON& Tower with Radar,160,414,28,2,604,0,1,7,0,8,160,415,35,2,612,0,0,0,612
07/08/2010,CLE,OH,AGL,CE,Combined TRACON& Tower with Radar,158,439,42,2,641,0,0,3,0,3,158,439,45,2,644,0,0,0,644
07/09/2010,CLE,OH,AGL,CE,Combined TRACON& Tower with Radar,169,428,21,0,618,0,0,0,0,0,169,428,21,0,618,0,0,0,618
07/10/2010,CLE,OH,AGL,CE,Combined TRACON& Tower with Radar,140,239,6,0,385,0,0,5,0,5,140,239,11,0,390,0,0,0,390
07/11/2010,CLE,OH,AGL,CE,Combined TRACON& Tower with Radar,144,342,21,0,507,0,1,7,0,8,144,343,28,0,515,0,0,0,515
07/12/2010,CLE,OH,AGL,CE,Combined TRACON& Tower with Radar,154,426,31,2,613,0,0,2,0,2,154,426,33,2,615,0,0,0,615
07/13/2010,CLE,OH,AGL,CE,Combined TRACON& Tower with Radar,172,421,31,0,624,0,0,0,0,0,172,421,31,0,624,0,0,0,624
07/14/2010,CLE,OH,AGL,CE,Combined TRACON& Tower with Radar,161,435,30,6,632,0,1,0,0,1,161,436,30,6,633,0,0,0,633
07/15/2010,CLE,OH,AGL,CE,Combined TRACON& Tower with Radar,171,420,24,1,616,0,0,2,0,2,171,420,26,1,618,0,0,0,618
07/16/2010,CLE,OH,AGL,CE,Combined TRACON& Tower with Radar,164,431,22,1,618,0,2,0,1,3,164,433,22,2,621,0,0,0,621
07/17/2010,CLE,OH,AGL,CE,Combined TRACON& Tower with Radar,135,243,17,1,396,0,3,0,0,3,135,246,17,1,399,0,0,0,399
07/18/2010,CLE,OH,AGL,CE,Combined TRACON& Tower with Radar,141,340,24,1,506,0,1,2,0,3,141,341,26,1,509,0,0,0,509
07/19/2010,CLE,OH,AGL,CE,Combined TRACON& Tower with Radar,157,425,27,1,610,0,0,0,2,2,157,425,27,3,612,0,0,0,612
07/20/2010,CLE,OH,AGL,CE,Combined TRACON& Tower with Radar,169,427,41,0,637,0,1,2,0,3,169,428,43,0,640,0,0,0,640
07/21/2010,CLE,OH,AGL,CE,Combined TRACON& Tower with Radar,163,419,27,0,609,0,1,2,0,3,163,420,29,0,612,0,0,0,612
07/22/2010,CLE,OH,AGL,CE,Combined TRACON& Tower with Radar,163,433,33,4,633,0,0,0,0,0,163,433,33,4,633,0,0,0,633
07/23/2010,CLE,OH,AGL,CE,Combined TRACON& Tower with Radar,183,407,26,0,616,0,1,0,0,1,183,408,26,0,617,0,0,0,617
07/24/2010,CLE,OH,AGL,CE,Combined TRACON& Tower with Radar,137,242,5,2,386,0,2,1,0,3,137,244,6,2,389,0,0,0,389
07/25/2010,CLE,OH,AGL,CE,Combined TRACON& Tower with Radar,141,344,15,0,500,0,0,2,1,3,141,344,17,1,503,0,0,0,503
07/26/2010,CLE,OH,AGL,CE,Combined TRACON& Tower with Radar,158,422,26,0,606,0,0,3,0,3,158,422,29,0,609,0,0,0,609
07/27/2010,CLE,OH,AGL,CE,Combined TRACON& Tower with Radar,165,421,36,0,622,0,0,0,0,0,165,421,36,0,622,0,0,0,622
07/28/2010,CLE,OH,AGL,CE,Combined TRACON& Tower with Radar,169,419,40,1,629,0,0,4,0,4,169,419,44,1,633,0,0,0,633
07/29/2010,CLE,OH,AGL,CE,Combined TRACON& Tower with Radar,159,436,29,0,624,0,3,1,0,4,159,439,30,0,628,0,0,0,628
07/30/2010,CLE,OH,AGL,CE,Combined TRACON& Tower with Radar,176,428,18,0,622,0,2,3,0,5,176,430,21,0,627,0,0,0,627
07/31/2010,CLE,OH,AGL,CE,Combined TRACON& Tower with Radar,140,243,10,1,394,0,4,0,0,4,140,247,10,1,398,0,0,0,398
08/01/2010,CLE,OH,AGL,CE,Combined TRACON& Tower with Radar,144,342,14,0,500,0,0,2,0,2,144,342,16,0,502,0,0,0,502
08/02/2010,CLE,OH,AGL,CE,Combined TRACON& Tower with Radar,161,419,24,0,604,0,1,4,0,5,161,420,28,0,609,0,0,0,609
08/03/2010,CLE,OH,AGL,CE,Combined TRACON& Tower with Radar,170,421,34,0,625,0,0,0,1,1,170,421,34,1,626,0,0,0,626
08/04/2010,CLE,OH,AGL,CE,Combined TRACON& Tower with Radar,160,411,40,2,613,0,0,0,2,2,160,411,40,4,615,0,0,0,615
08/05/2010,CLE,OH,AGL,CE,Combined TRACON& Tower with Radar,163,435,35,0,633,1,1,0,0,2,164,436,35,0,635,0,0,0,635
08/06/2010,CLE,OH,AGL,CE,Combined TRACON& Tower with Radar,171,424,19,0,614,0,1,1,0,2,171,425,20,0,616,0,0,0,616
08/07/2010,CLE,OH,AGL,CE,Combined TRACON& Tower with Radar,134,240,8,0,382,0,0,4,1,5,134,240,12,1,387,0,0,0,387
08/08/2010,CLE,OH,AGL,CE,Combined TRACON& Tower with Radar,147,346,24,0,517,0,2,1,0,3,147,348,25,0,520,0,0,0,520
08/09/2010,CLE,OH,AGL,CE,Combined TRACON& Tower with Radar,161,439,26,0,626,0,0,3,0,3,161,439,29,0,629,0,0,0,629
08/10/2010,CLE,OH,AGL,CE,Combined TRACON& Tower with Radar,172,423,31,2,628,0,1,0,0,1,172,424,31,2,629,0,0,0,629
08/11/2010,CLE,OH,AGL,CE,Combined TRACON& Tower with Radar,165,422,22,0,609,0,0,0,0,0,165,422,22,0,609,0,0,0,609
08/12/2010,CLE,OH,AGL,CE,Combined TRACON& Tower with Radar,159,434,42,0,635,0,2,0,0,2,159,436,42,0,637,0,0,0,637
08/13/2010,CLE,OH,AGL,CE,Combined TRACON& Tower with Radar,165,436,34,0,635,0,0,3,0,3,165,436,37,0,638,0,0,0,638
08/14/2010,CLE,OH,AGL,CE,Combined TRACON& Tower with Radar,137,240,5,1,383,0,0,3,0,3,137,240,8,1,386,0,0,0,386
08/15/2010,CLE,OH,AGL,CE,Combined TRACON& Tower with Radar,148,342,16,1,507,0,0,0,0,0,148,342,16,1,507,0,0,0,507
08/16/2010,CLE,OH,AGL,CE,Combined TRACON& Tower with Radar,165,424,30,0,619,0,1,1,0,2,165,425,31,0,621,0,0,0,621
08/17/2010,CLE,OH,AGL,CE,Combined TRACON& Tower with Radar,157,350,14,0,521,0,3,0,0,3,157,353,14,0,524,0,0,0,524
08/18/2010,CLE,OH,AGL,CE,Combined TRACON& Tower with Radar,151,362,26,0,539,0,1,0,0,1,151,363,26,0,540,0,0,0,540
08/19/2010,CLE,OH,AGL,CE,Combined TRACON& Tower with Radar,158,422,29,0,609,0,2,3,0,5,158,424,32,0,614,0,0,0,614
08/20/2010,CLE,OH,AGL,CE,Combined TRACON& Tower with Radar,158,417,25,2,602,0,1,2,1,4,158,418,27,3,606,0,0,0,606
08/21/2010,CLE,OH,AGL,CE,Combined TRACON& Tower with Radar,117,226,2,0,345,0,0,2,0,2,117,226,4,0,347,0,0,0,347
08/22/2010,CLE,OH,AGL,CE,Combined TRACON& Tower with Radar,145,319,11,0,475,0,0,0,0,0,145,319,11,0,475,0,0,0,475
08/23/2010,CLE,OH,AGL,CE,Combined TRACON& Tower with Radar,149,417,16,0,582,0,0,0,0,0,149,417,16,0,582,0,0,0,582
08/24/2010,CLE,OH,AGL,CE,Combined TRACON& Tower with Radar,150,361,39,5,555,0,1,1,1,3,150,362,40,6,558,0,0,0,558
08/25/2010,CLE,OH,AGL,CE,Combined TRACON& Tower with Radar,150,357,29,1,537,0,2,0,0,2,150,359,29,1,539,0,0,0,539
08/26/2010,CLE,OH,AGL,CE,Combined TRACON& Tower with Radar,160,417,22,0,599,0,0,2,0,2,160,417,24,0,601,0,0,0,601
08/27/2010,CLE,OH,AGL,CE,Combined TRACON& Tower with Radar,152,429,18,1,600,0,0,0,0,0,152,429,18,1,600,0,0,0,600
08/28/2010,CLE,OH,AGL,CE,Combined TRACON& Tower with Radar,119,231,8,0,358,0,3,2,0,5,119,234,10,0,363,0,0,0,363
08/29/2010,CLE,OH,AGL,CE,Combined TRACON& Tower with Radar,137,336,15,0,488,0,1,4,0,5,137,337,19,0,493,0,0,0,493
08/30/2010,CLE,OH,AGL,CE,Combined TRACON& Tower with Radar,151,423,31,1,606,0,0,0,0,0,151,423,31,1,606,0,0,0,606
08/31/2010,CLE,OH,AGL,CE,Combined TRACON& Tower with Radar,148,354,18,2,522,0,1,5,2,8,148,355,23,4,530,0,0,0,530
09/01/2010,CLE,OH,AGL,CE,Combined TRACON& Tower with Radar,149,356,28,2,535,0,0,0,0,0,149,356,28,2,535,0,0,0,535
09/02/2010,CLE,OH,AGL,CE,Combined TRACON& Tower with Radar,156,425,24,2,607,0,2,1,1,4,156,427,25,3,611,0,0,0,611
09/03/2010,CLE,OH,AGL,CE,Combined TRACON& Tower with Radar,155,426,24,2,607,0,0,0,0,0,155,426,24,2,607,0,0,0,607
09/04/2010,CLE,OH,AGL,CE,Combined TRACON& Tower with Radar,118,206,10,0,334,0,0,1,2,3,118,206,11,2,337,0,0,0,337
09/05/2010,CLE,OH,AGL,CE,Combined TRACON& Tower with Radar,111,201,6,2,320,0,0,5,3,8,111,201,11,5,328,0,0,0,328
09/06/2010,CLE,OH,AGL,CE,Combined TRACON& Tower with Radar,139,350,8,0,497,0,2,1,2,5,139,352,9,2,502,0,0,0,502
09/07/2010,CLE,OH,AGL,CE,Combined TRACON& Tower with Radar,142,418,18,5,583,0,0,0,0,0,142,418,18,5,583,0,0,0,583
09/08/2010,CLE,OH,AGL,CE,Combined TRACON& Tower with Radar,151,346,22,4,523,0,0,0,1,1,151,346,22,5,524,0,0,0,524
09/09/2010,CLE,OH,AGL,CE,Combined TRACON& Tower with Radar,164,413,32,3,612,0,0,4,0,4,164,413,36,3,616,0,0,0,616
09/10/2010,CLE,OH,AGL,CE,Combined TRACON& Tower with Radar,153,415,39,4,611,0,0,6,0,6,153,415,45,4,617,0,0,0,617
09/11/2010,CLE,OH,AGL,CE,Combined TRACON& Tower with Radar,127,210,11,0,348,0,1,0,0,1,127,211,11,0,349,0,0,0,349
09/12/2010,CLE,OH,AGL,CE,Combined TRACON& Tower with Radar,141,333,12,0,486,0,0,1,0,1,141,333,13,0,487,0,0,0,487
09/13/2010,CLE,OH,AGL,CE,Combined TRACON& Tower with Radar,143,422,32,2,599,0,0,2,0,2,143,422,34,2,601,0,0,0,601
09/14/2010,CLE,OH,AGL,CE,Combined TRACON& Tower with Radar,143,349,46,0,538,0,0,5,0,5,143,349,51,0,543,0,0,0,543
09/15/2010,CLE,OH,AGL,CE,Combined TRACON& Tower with Radar,150,367,40,0,557,0,1,1,0,2,150,368,41,0,559,0,0,0,559
09/16/2010,CLE,OH,AGL,CE,Combined TRACON& Tower with Radar,158,410,20,0,588,0,0,1,0,1,158,410,21,0,589,0,0,0,589
09/17/2010,CLE,OH,AGL,CE,Combined TRACON& Tower with Radar,156,425,11,2,594,0,1,0,2,3,156,426,11,4,597,0,0,0,597
09/18/2010,CLE,OH,AGL,CE,Combined TRACON& Tower with Radar,125,207,4,0,336,0,2,3,3,8,125,209,7,3,344,0,0,0,344
09/19/2010,CLE,OH,AGL,CE,Combined TRACON& Tower with Radar,145,325,9,0,479,0,2,0,2,4,145,327,9,2,483,0,0,0,483
09/20/2010,CLE,OH,AGL,CE,Combined TRACON& Tower with Radar,148,421,24,2,595,0,1,6,0,7,148,422,30,2,602,0,0,0,602
09/21/2010,CLE,OH,AGL,CE,Combined TRACON& Tower with Radar,143,346,28,2,519,0,0,5,1,6,143,346,33,3,525,0,0,0,525
09/22/2010,CLE,OH,AGL,CE,Combined TRACON& Tower with Radar,150,354,25,0,529,0,0,2,1,3,150,354,27,1,532,0,0,0,532
09/23/2010,CLE,OH,AGL,CE,Combined TRACON& Tower with Radar,160,426,33,1,620,0,0,2,1,3,160,426,35,2,623,0,0,0,623
09/24/2010,CLE,OH,AGL,CE,Combined TRACON& Tower with Radar,151,424,31,2,608,0,0,4,0,4,151,424,35,2,612,0,0,0,612
09/25/2010,CLE,OH,AGL,CE,Combined TRACON& Tower with Radar,126,208,6,0,340,0,2,0,0,2,126,210,6,0,342,0,0,0,342
09/26/2010,CLE,OH,AGL,CE,Combined TRACON& Tower with Radar,147,327,11,0,485,0,0,1,0,1,147,327,12,0,486,0,0,0,486
09/27/2010,CLE,OH,AGL,CE,Combined TRACON& Tower with Radar,146,410,19,0,575,0,0,0,0,0,146,410,19,0,575,0,0,0,575
09/28/2010,CLE,OH,AGL,CE,Combined TRACON& Tower with Radar,145,339,23,0,507,0,0,0,0,0,145,339,23,0,507,0,0,0,507
09/29/2010,CLE,OH,AGL,CE,Combined TRACON& Tower with Radar,149,347,42,1,539,0,0,5,2,7,149,347,47,3,546,0,0,0,546
09/30/2010,CLE,OH,AGL,CE,Combined TRACON& Tower with Radar,166,398,29,1,594,0,0,0,0,0,166,398,29,1,594,0,0,0,594
10/01/2010,CLE,OH,AGL,CE,Combined TRACON& Tower with Radar,153,413,33,0,599,0,1,1,0,2,153,414,34,0,601,0,0,0,601
10/02/2010,CLE,OH,AGL,CE,Combined TRACON& Tower with Radar,123,218,7,0,348,0,0,0,0,0,123,218,7,0,348,0,0,0,348
10/03/2010,CLE,OH,AGL,CE,Combined TRACON& Tower with Radar,153,333,21,0,507,0,0,0,0,0,153,333,21,0,507,0,0,0,507
10/04/2010,CLE,OH,AGL,CE,Combined TRACON& Tower with Radar,148,426,29,0,603,0,1,0,0,1,148,427,29,0,604,0,0,0,604
10/05/2010,CLE,OH,AGL,CE,Combined TRACON& Tower with Radar,153,359,31,0,543,0,1,0,1,2,153,360,31,1,545,0,0,0,545
10/06/2010,CLE,OH,AGL,CE,Combined TRACON& Tower with Radar,150,369,25,0,544,0,0,4,0,4,150,369,29,0,548,0,0,0,548
10/07/2010,CLE,OH,AGL,CE,Combined TRACON& Tower with Radar,161,427,29,0,617,0,0,4,0,4,161,427,33,0,621,0,0,0,621
10/08/2010,CLE,OH,AGL,CE,Combined TRACON& Tower with Radar,153,432,19,0,604,0,2,3,0,5,153,434,22,0,609,0,0,0,609
10/09/2010,CLE,OH,AGL,CE,Combined TRACON& Tower with Radar,131,223,8,0,362,0,2,2,1,5,131,225,10,1,367,0,0,0,367
10/10/2010,CLE,OH,AGL,CE,Combined TRACON& Tower with Radar,146,329,13,0,488,0,1,3,0,4,146,330,16,0,492,0,0,0,492
10/11/2010,CLE,OH,AGL,CE,Combined TRACON& Tower with Radar,165,424,16,0,605,0,0,0,0,0,165,424,16,0,605,0,0,0,605
10/12/2010,CLE,OH,AGL,CE,Combined TRACON& Tower with Radar,152,350,40,0,542,0,0,1,0,1,152,350,41,0,543,0,0,0,543
10/13/2010,CLE,OH,AGL,CE,Combined TRACON& Tower with Radar,149,370,29,1,549,0,0,1,1,2,149,370,30,2,551,0,0,0,551
10/14/2010,CLE,OH,AGL,CE,Combined TRACON& Tower with Radar,159,423,41,5,628,0,0,0,0,0,159,423,41,5,628,0,0,0,628
10/15/2010,CLE,OH,AGL,CE,Combined TRACON& Tower with Radar,166,418,23,1,608,0,1,0,0,1,166,419,23,1,609,0,0,0,609
10/16/2010,CLE,OH,AGL,CE,Combined TRACON& Tower with Radar,131,216,12,2,361,0,0,1,0,1,131,216,13,2,362,0,0,0,362
10/17/2010,CLE,OH,AGL,CE,Combined TRACON& Tower with Radar,154,321,14,2,491,0,0,0,3,3,154,321,14,5,494,0,0,0,494
10/18/2010,CLE,OH,AGL,CE,Combined TRACON& Tower with Radar,165,414,29,2,610,0,0,1,1,2,165,414,30,3,612,0,0,0,612
10/19/2010,CLE,OH,AGL,CE,Combined TRACON& Tower with Radar,153,352,43,0,548,0,0,5,0,5,153,352,48,0,553,0,0,0,553
10/20/2010,CLE,OH,AGL,CE,Combined TRACON& Tower with Radar,158,351,52,2,563,0,0,6,1,7,158,351,58,3,570,0,0,0,570
10/21/2010,CLE,OH,AGL,CE,Combined TRACON& Tower with Radar,169,414,40,0,623,0,0,2,0,2,169,414,42,0,625,0,0,0,625
10/22/2010,CLE,OH,AGL,CE,Combined TRACON& Tower with Radar,168,415,34,3,620,0,0,1,1,2,168,415,35,4,622,0,0,0,622
10/23/2010,CLE,OH,AGL,CE,Combined TRACON& Tower with Radar,133,213,14,0,360,0,0,1,0,1,133,213,15,0,361,0,0,0,361
10/24/2010,CLE,OH,AGL,CE,Combined TRACON& Tower with Radar,149,327,22,0,498,0,0,0,1,1,149,327,22,1,499,0,0,0,499
10/25/2010,CLE,OH,AGL,CE,Combined TRACON& Tower with Radar,164,417,23,0,604,0,0,4,0,4,164,417,27,0,608,0,0,0,608
10/26/2010,CLE,OH,AGL,CE,Combined TRACON& Tower with Radar,154,307,22,0,483,0,0,1,0,1,154,307,23,0,484,0,0,0,484
10/27/2010,CLE,OH,AGL,CE,Combined TRACON& Tower with Radar,146,352,39,2,539,0,1,1,0,2,146,353,40,2,541,0,0,0,541
10/28/2010,CLE,OH,AGL,CE,Combined TRACON& Tower with Radar,177,427,33,2,639,0,0,7,1,8,177,427,40,3,647,0,0,0,647
10/29/2010,CLE,OH,AGL,CE,Combined TRACON& Tower with Radar,160,416,18,0,594,0,0,4,0,4,160,416,22,0,598,0,0,0,598
10/30/2010,CLE,OH,AGL,CE,Combined TRACON& Tower with Radar,137,214,14,2,367,0,0,11,0,11,137,214,25,2,378,0,0,0,378
10/31/2010,CLE,OH,AGL,CE,Combined TRACON& Tower with Radar,163,306,17,2,488,0,0,0,0,0,163,306,17,2,488,0,0,0,488
11/01/2010,CLE,OH,AGL,CE,Combined TRACON& Tower with Radar,177,401,17,1,596,0,0,4,2,6,177,401,21,3,602,0,0,0,602
11/02/2010,CLE,OH,AGL,CE,Combined TRACON& Tower with Radar,169,334,26,1,530,0,0,2,1,3,169,334,28,2,533,0,0,0,533
11/03/2010,CLE,OH,AGL,CE,Combined TRACON& Tower with Radar,169,338,23,4,534,0,1,1,0,2,169,339,24,4,536,0,0,0,536
11/04/2010,CLE,OH,AGL,CE,Combined TRACON& Tower with Radar,179,393,29,0,601,0,0,0,0,0,179,393,29,0,601,0,0,0,601
11/05/2010,CLE,OH,AGL,CE,Combined TRACON& Tower with Radar,186,384,29,0,599,0,0,1,0,1,186,384,30,0,600,0,0,0,600
11/06/2010,CLE,OH,AGL,CE,Combined TRACON& Tower with Radar,139,215,14,0,368,0,1,0,0,1,139,216,14,0,369,0,0,0,369
11/07/2010,CLE,OH,AGL,CE,Combined TRACON& Tower with Radar,161,308,11,0,480,0,1,4,0,5,161,309,15,0,485,0,0,0,485
11/08/2010,CLE,OH,AGL,CE,Combined TRACON& Tower with Radar,171,404,31,0,606,0,0,2,1,3,171,404,33,1,609,0,0,0,609
11/09/2010,CLE,OH,AGL,CE,Combined TRACON& Tower with Radar,173,328,37,2,540,0,1,5,0,6,173,329,42,2,546,0,0,0,546
11/10/2010,CLE,OH,AGL,CE,Combined TRACON& Tower with Radar,176,343,29,0,548,0,0,1,0,1,176,343,30,0,549,0,0,0,549
11/11/2010,CLE,OH,AGL,CE,Combined TRACON& Tower with Radar,179,406,18,0,603,0,1,3,0,4,179,407,21,0,607,0,0,0,607
11/12/2010,CLE,OH,AGL,CE,Combined TRACON& Tower with Radar,179,399,30,0,608,0,0,0,0,0,179,399,30,0,608,0,0,0,608
11/13/2010,CLE,OH,AGL,CE,Combined TRACON& Tower with Radar,138,209,21,0,368,0,0,4,0,4,138,209,25,0,372,0,0,0,372
11/14/2010,CLE,OH,AGL,CE,Combined TRACON& Tower with Radar,167,312,7,0,486,0,1,0,1,2,167,313,7,1,488,0,0,0,488
11/15/2010,CLE,OH,AGL,CE,Combined TRACON& Tower with Radar,173,404,36,0,613,0,2,1,1,4,173,406,37,1,617,0,0,0,617
11/16/2010,CLE,OH,AGL,CE,Combined TRACON& Tower with Radar,162,326,32,2,522,0,2,0,0,2,162,328,32,2,524,0,0,0,524
11/17/2010,CLE,OH,AGL,CE,Combined TRACON& Tower with Radar,170,348,39,2,559,0,0,0,0,0,170,348,39,2,559,0,0,0,559
11/18/2010,CLE,OH,AGL,CE,Combined TRACON& Tower with Radar,175,409,53,2,639,0,0,0,0,0,175,409,53,2,639,0,0,0,639
11/19/2010,CLE,OH,AGL,CE,Combined TRACON& Tower with Radar,181,408,32,4,625,0,2,5,0,7,181,410,37,4,632,0,0,0,632
11/20/2010,CLE,OH,AGL,CE,Combined TRACON& Tower with Radar,138,219,14,2,373,0,0,1,1,2,138,219,15,3,375,0,0,0,375
11/21/2010,CLE,OH,AGL,CE,Combined TRACON& Tower with Radar,159,304,10,0,473,0,2,2,0,4,159,306,12,0,477,0,0,0,477
11/22/2010,CLE,OH,AGL,CE,Combined TRACON& Tower with Radar,161,334,20,1,516,0,0,1,0,1,161,334,21,1,517,0,0,0,517
11/23/2010,CLE,OH,AGL,CE,Combined TRACON& Tower with Radar,183,354,27,2,566,0,0,0,0,0,183,354,27,2,566,0,0,0,566
11/24/2010,CLE,OH,AGL,CE,Combined TRACON& Tower with Radar,181,408,13,0,602,0,1,2,0,3,181,409,15,0,605,0,0,0,605
11/25/2010,CLE,OH,AGL,CE,Combined TRACON& Tower with Radar,110,180,8,0,298,0,0,0,0,0,110,180,8,0,298,0,0,0,298
11/26/2010,CLE,OH,AGL,CE,Combined TRACON& Tower with Radar,141,180,6,0,327,0,2,1,1,4,141,182,7,1,331,0,0,0,331
11/27/2010,CLE,OH,AGL,CE,Combined TRACON& Tower with Radar,157,322,11,0,490,0,1,0,0,1,157,323,11,0,491,0,0,0,491
11/28/2010,CLE,OH,AGL,CE,Combined TRACON& Tower with Radar,185,413,24,0,622,0,0,2,0,2,185,413,26,0,624,0,0,0,624
11/29/2010,CLE,OH,AGL,CE,Combined TRACON& Tower with Radar,184,421,13,3,621,0,0,0,0,0,184,421,13,3,621,0,0,0,621
11/30/2010,CLE,OH,AGL,CE,Combined TRACON& Tower with Radar,171,344,23,4,542,0,0,0,0,0,171,344,23,4,542,0,0,0,542
12/01/2010,CLE,OH,AGL,CE,Combined TRACON& Tower with Radar,168,333,25,0,526,0,0,1,0,1,168,333,26,0,527,0,0,0,527
12/02/2010,CLE,OH,AGL,CE,Combined TRACON& Tower with Radar,177,414,29,0,620,0,0,1,0,1,177,414,30,0,621,0,0,0,621
12/03/2010,CLE,OH,AGL,CE,Combined TRACON& Tower with Radar,170,424,16,1,611,0,0,1,0,1,170,424,17,1,612,0,0,0,612
12/04/2010,CLE,OH,AGL,CE,Combined TRACON& Tower with Radar,131,226,18,0,375,0,2,0,0,2,131,228,18,0,377,0,0,0,377
12/05/2010,CLE,OH,AGL,CE,Combined TRACON& Tower with Radar,159,317,12,2,490,0,0,0,0,0,159,317,12,2,490,0,0,0,490
12/06/2010,CLE,OH,AGL,CE,Combined TRACON& Tower with Radar,166,412,25,0,603,0,0,0,0,0,166,412,25,0,603,0,0,0,603
12/07/2010,CLE,OH,AGL,CE,Combined TRACON& Tower with Radar,169,347,25,0,541,0,0,0,0,0,169,347,25,0,541,0,0,0,541
12/08/2010,CLE,OH,AGL,CE,Combined TRACON& Tower with Radar,170,372,39,0,581,0,0,0,0,0,170,372,39,0,581,0,0,0,581
12/09/2010,CLE,OH,AGL,CE,Combined TRACON& Tower with Radar,176,419,47,2,644,0,0,5,0,5,176,419,52,2,649,0,0,0,649
12/10/2010,CLE,OH,AGL,CE,Combined TRACON& Tower with Radar,173,395,39,0,607,0,0,1,1,2,173,395,40,1,609,0,0,0,609
12/11/2010,CLE,OH,AGL,CE,Combined TRACON& Tower with Radar,131,210,7,0,348,0,0,3,0,3,131,210,10,0,351,0,0,0,351
12/12/2010,CLE,OH,AGL,CE,Combined TRACON& Tower with Radar,131,259,11,0,401,0,0,0,0,0,131,259,11,0,401,0,0,0,401
12/13/2010,CLE,OH,AGL,CE,Combined TRACON& Tower with Radar,133,216,28,0,377,0,0,0,0,0,133,216,28,0,377,0,0,0,377
12/14/2010,CLE,OH,AGL,CE,Combined TRACON& Tower with Radar,164,325,27,0,516,0,1,0,0,1,164,326,27,0,517,0,0,0,517
12/15/2010,CLE,OH,AGL,CE,Combined TRACON& Tower with Radar,163,353,26,0,542,0,2,1,0,3,163,355,27,0,545,0,0,0,545
12/16/2010,CLE,OH,AGL,CE,Combined TRACON& Tower with Radar,189,395,21,1,606,0,1,7,0,8,189,396,28,1,614,0,0,0,614
12/17/2010,CLE,OH,AGL,CE,Combined TRACON& Tower with Radar,204,405,36,1,646,0,0,0,0,0,204,405,36,1,646,0,0,0,646
12/18/2010,CLE,OH,AGL,CE,Combined TRACON& Tower with Radar,143,246,10,0,399,0,0,0,0,0,143,246,10,0,399,0,0,0,399
12/19/2010,CLE,OH,AGL,CE,Combined TRACON& Tower with Radar,171,322,7,0,500,0,0,0,0,0,171,322,7,0,500,0,0,0,500
12/20/2010,CLE,OH,AGL,CE,Combined TRACON& Tower with Radar,179,400,19,0,598,0,1,1,0,2,179,401,20,0,600,0,0,0,600
12/21/2010,CLE,OH,AGL,CE,Combined TRACON& Tower with Radar,189,411,21,0,621,0,0,0,1,1,189,411,21,1,622,0,0,0,622
12/22/2010,CLE,OH,AGL,CE,Combined TRACON& Tower with Radar,205,404,15,0,624,0,1,1,0,2,205,405,16,0,626,0,0,0,626
12/23/2010,CLE,OH,AGL,CE,Combined TRACON& Tower with Radar,202,409,18,1,630,0,1,1,0,2,202,410,19,1,632,0,0,0,632
12/24/2010,CLE,OH,AGL,CE,Combined TRACON& Tower with Radar,156,263,5,0,424,0,0,0,0,0,156,263,5,0,424,0,0,0,424
12/25/2010,CLE,OH,AGL,CE,Combined TRACON& Tower with Radar,125,224,4,2,355,0,0,1,1,2,125,224,5,3,357,0,0,0,357
12/26/2010,CLE,OH,AGL,CE,Combined TRACON& Tower with Radar,163,281,26,0,470,0,0,0,0,0,163,281,26,0,470,0,0,0,470
12/27/2010,CLE,OH,AGL,CE,Combined TRACON& Tower with Radar,169,331,13,0,513,0,0,0,0,0,169,331,13,0,513,0,0,0,513
12/28/2010,CLE,OH,AGL,CE,Combined TRACON& Tower with Radar,188,378,13,0,579,0,1,3,0,4,188,379,16,0,583,0,0,0,583
12/29/2010,CLE,OH,AGL,CE,Combined TRACON& Tower with Radar,186,396,10,0,592,0,2,0,0,2,186,398,10,0,594,0,0,0,594
12/30/2010,CLE,OH,AGL,CE,Combined TRACON& Tower with Radar,193,394,11,0,598,0,0,1,0,1,193,394,12,0,599,0,0,0,599
12/31/2010,CLE,OH,AGL,CE,Combined TRACON& Tower with Radar,158,265,7,0,430,0,0,0,0,0,158,265,7,0,430,0,0,0,430
01/01/2011,CLE,OH,AGL,CE,Combined TRACON& Tower with Radar,126,226,7,0,359,0,0,0,1,1,126,226,7,1,360,0,0,0,360
01/02/2011,CLE,OH,AGL,CE,Combined TRACON& Tower with Radar,167,321,30,0,518,0,0,2,0,2,167,321,32,0,520,0,0,0,520
01/03/2011,CLE,OH,AGL,CE,Combined TRACON& Tower with Radar,192,394,22,0,608,0,0,1,0,1,192,394,23,0,609,0,0,0,609
01/04/2011,CLE,OH,AGL,CE,Combined TRACON& Tower with Radar,161,316,5,0,482,0,0,27,2,29,161,316,32,2,511,0,0,0,511
01/05/2011,CLE,OH,AGL,CE,Combined TRACON& Tower with Radar,151,314,34,0,499,0,2,25,1,28,151,316,59,1,527,0,0,0,527
01/06/2011,CLE,OH,AGL,CE,Combined TRACON& Tower with Radar,167,382,25,0,574,0,0,0,0,0,167,382,25,0,574,0,0,0,574
01/07/2011,CLE,OH,AGL,CE,Combined TRACON& Tower with Radar,164,365,21,0,550,0,0,0,0,0,164,365,21,0,550,0,0,0,550
01/08/2011,CLE,OH,AGL,CE,Combined TRACON& Tower with Radar,117,199,17,0,333,0,0,1,0,1,117,199,18,0,334,0,0,0,334
01/09/2011,CLE,OH,AGL,CE,Combined TRACON& Tower with Radar,148,277,21,0,446,0,0,5,0,5,148,277,26,0,451,0,0,0,451
01/10/2011,CLE,OH,AGL,CE,Combined TRACON& Tower with Radar,148,351,23,0,522,0,0,1,0,1,148,351,24,0,523,0,0,0,523
01/11/2011,CLE,OH,AGL,CE,Combined TRACON& Tower with Radar,119,260,18,0,397,0,2,0,0,2,119,262,18,0,399,0,0,0,399
01/12/2011,CLE,OH,AGL,CE,Combined TRACON& Tower with Radar,125,223,22,0,370,0,0,0,0,0,125,223,22,0,370,0,0,0,370
01/13/2011,CLE,OH,AGL,CE,Combined TRACON& Tower with Radar,161,368,48,1,578,0,2,3,0,5,161,370,51,1,583,0,0,0,583
01/14/2011,CLE,OH,AGL,CE,Combined TRACON& Tower with Radar,162,369,37,0,568,0,0,1,0,1,162,369,38,0,569,0,0,0,569
01/15/2011,CLE,OH,AGL,CE,Combined TRACON& Tower with Radar,118,192,9,0,319,0,0,0,0,0,118,192,9,0,319,0,0,0,319
01/16/2011,CLE,OH,AGL,CE,Combined TRACON& Tower with Radar,143,278,5,0,426,0,0,0,0,0,143,278,5,0,426,0,0,0,426
01/17/2011,CLE,OH,AGL,CE,Combined TRACON& Tower with Radar,146,357,27,0,530,0,1,1,1,3,146,358,28,1,533,0,0,0,533
01/18/2011,CLE,OH,AGL,CE,Combined TRACON& Tower with Radar,141,305,27,0,473,0,0,0,0,0,141,305,27,0,473,0,0,0,473
01/19/2011,CLE,OH,AGL,CE,Combined TRACON& Tower with Radar,145,306,19,0,470,0,0,0,0,0,145,306,19,0,470,0,0,0,470
01/20/2011,CLE,OH,AGL,CE,Combined TRACON& Tower with Radar,167,393,27,0,587,0,1,0,0,1,167,394,27,0,588,0,0,0,588
01/21/2011,CLE,OH,AGL,CE,Combined TRACON& Tower with Radar,164,371,25,0,560,0,3,0,0,3,164,374,25,0,563,0,0,0,563
01/22/2011,CLE,OH,AGL,CE,Combined TRACON& Tower with Radar,119,202,11,0,332,0,3,1,0,4,119,205,12,0,336,0,0,0,336
01/23/2011,CLE,OH,AGL,CE,Combined TRACON& Tower with Radar,141,285,15,0,441,0,3,1,0,4,141,288,16,0,445,0,0,0,445
01/24/2011,CLE,OH,AGL,CE,Combined TRACON& Tower with Radar,157,373,21,0,551,0,0,0,0,0,157,373,21,0,551,0,0,0,551
01/25/2011,CLE,OH,AGL,CE,Combined TRACON& Tower with Radar,150,317,25,0,492,0,0,0,0,0,150,317,25,0,492,0,0,0,492
01/26/2011,CLE,OH,AGL,CE,Combined TRACON& Tower with Radar,138,271,30,0,439,0,0,0,0,0,138,271,30,0,439,0,0,0,439
01/27/2011,CLE,OH,AGL,CE,Combined TRACON& Tower with Radar,155,346,26,2,529,0,0,0,0,0,155,346,26,2,529,0,0,0,529
01/28/2011,CLE,OH,AGL,CE,Combined TRACON& Tower with Radar,166,377,27,0,570,0,0,0,0,0,166,377,27,0,570,0,0,0,570
01/29/2011,CLE,OH,AGL,CE,Combined TRACON& Tower with Radar,111,204,11,0,326,0,0,1,0,1,111,204,12,0,327,0,0,0,327
01/30/2011,CLE,OH,AGL,CE,Combined TRACON& Tower with Radar,139,283,14,0,436,0,0,1,0,1,139,283,15,0,437,0,0,0,437
01/31/2011,CLE,OH,AGL,CE,Combined TRACON& Tower with Radar,148,367,19,2,536,0,0,1,0,1,148,367,20,2,537,0,0,0,537
02/01/2011,CLE,OH,AGL,CE,Combined TRACON& Tower with Radar,80,125,10,0,215,0,0,0,0,0,80,125,10,0,215,0,0,0,215
02/02/2011,CLE,OH,AGL,CE,Combined TRACON& Tower with Radar,82,170,15,1,268,0,0,0,0,0,82,170,15,1,268,0,0,0,268
02/03/2011,CLE,OH,AGL,CE,Combined TRACON& Tower with Radar,155,350,41,1,547,0,1,1,0,2,155,351,42,1,549,0,0,0,549
02/04/2011,CLE,OH,AGL,CE,Combined TRACON& Tower with Radar,153,357,14,1,525,0,1,0,1,2,153,358,14,2,527,0,0,0,527
02/05/2011,CLE,OH,AGL,CE,Combined TRACON& Tower with Radar,125,189,7,0,321,0,0,0,0,0,125,189,7,0,321,0,0,0,321
02/06/2011,CLE,OH,AGL,CE,Combined TRACON& Tower with Radar,141,265,12,1,419,0,1,0,0,1,141,266,12,1,420,0,0,0,420
02/07/2011,CLE,OH,AGL,CE,Combined TRACON& Tower with Radar,156,352,28,0,536,0,0,0,0,0,156,352,28,0,536,0,0,0,536
02/08/2011,CLE,OH,AGL,CE,Combined TRACON& Tower with Radar,151,310,20,0,481,0,0,0,0,0,151,310,20,0,481,0,0,0,481
02/09/2011,CLE,OH,AGL,CE,Combined TRACON& Tower with Radar,136,319,36,0,491,0,2,2,0,4,136,321,38,0,495,0,0,0,495
02/10/2011,CLE,OH,AGL,CE,Combined TRACON& Tower with Radar,168,387,34,0,589,0,2,0,0,2,168,389,34,0,591,0,0,0,591
02/11/2011,CLE,OH,AGL,CE,Combined TRACON& Tower with Radar,156,380,29,0,565,0,0,4,0,4,156,380,33,0,569,0,0,0,569
02/12/2011,CLE,OH,AGL,CE,Combined TRACON& Tower with Radar,117,200,9,2,328,0,0,4,0,4,117,200,13,2,332,0,0,0,332
02/13/2011,CLE,OH,AGL,CE,Combined TRACON& Tower with Radar,140,284,16,0,440,0,0,0,2,2,140,284,16,2,442,0,0,0,442
02/14/2011,CLE,OH,AGL,CE,Combined TRACON& Tower with Radar,156,365,14,0,535,0,1,0,0,1,156,366,14,0,536,0,0,0,536
02/15/2011,CLE,OH,AGL,CE,Combined TRACON& Tower with Radar,145,312,35,0,492,0,0,4,0,4,145,312,39,0,496,0,0,0,496
02/16/2011,CLE,OH,AGL,CE,Combined TRACON& Tower with Radar,156,309,25,0,490,0,0,3,0,3,156,309,28,0,493,0,0,0,493
02/17/2011,CLE,OH,AGL,CE,Combined TRACON& Tower with Radar,185,379,27,0,591,0,2,0,0,2,185,381,27,0,593,0,0,0,593
02/18/2011,CLE,OH,AGL,CE,Combined TRACON& Tower with Radar,191,384,22,0,597,0,1,2,1,4,191,385,24,1,601,0,0,0,601
02/19/2011,CLE,OH,AGL,CE,Combined TRACON& Tower with Radar,147,204,12,3,366,0,0,0,0,0,147,204,12,3,366,0,0,0,366
02/20/2011,CLE,OH,AGL,CE,Combined TRACON& Tower with Radar,159,261,17,0,437,0,0,1,0,1,159,261,18,0,438,0,0,0,438
02/21/2011,CLE,OH,AGL,CE,Combined TRACON& Tower with Radar,166,335,25,1,527,0,0,0,0,0,166,335,25,1,527,0,0,0,527
02/22/2011,CLE,OH,AGL,CE,Combined TRACON& Tower with Radar,184,372,39,1,596,0,1,0,0,1,184,373,39,1,597,0,0,0,597
02/23/2011,CLE,OH,AGL,CE,Combined TRACON& Tower with Radar,164,323,31,2,520,0,1,5,0,6,164,324,36,2,526,0,0,0,526
02/24/2011,CLE,OH,AGL,CE,Combined TRACON& Tower with Radar,190,381,33,0,604,0,0,0,0,0,190,381,33,0,604,0,0,0,604
02/25/2011,CLE,OH,AGL,CE,Combined TRACON& Tower with Radar,112,35,31,0,178,0,0,1,0,1,112,35,32,0,179,0,0,0,179
02/26/2011,CLE,OH,AGL,CE,Combined TRACON& Tower with Radar,142,188,24,0,354,0,0,0,0,0,142,188,24,0,354,0,0,0,354
02/27/2011,CLE,OH,AGL,CE,Combined TRACON& Tower with Radar,166,298,19,0,483,0,0,1,0,1,166,298,20,0,484,0,0,0,484
02/28/2011,CLE,OH,AGL,CE,Combined TRACON& Tower with Radar,173,375,20,0,568,0,1,0,0,1,173,376,20,0,569,0,0,0,569
03/01/2011,CLE,OH,AGL,CE,Combined TRACON& Tower with Radar,165,324,26,2,517,0,0,1,0,1,165,324,27,2,518,0,0,0,518
03/02/2011,CLE,OH,AGL,CE,Combined TRACON& Tower with Radar,172,320,34,1,527,0,0,0,0,0,172,320,34,1,527,0,0,0,527
03/03/2011,CLE,OH,AGL,CE,Combined TRACON& Tower with Radar,181,376,26,0,583,0,0,17,0,17,181,376,43,0,600,0,0,0,600
03/04/2011,CLE,OH,AGL,CE,Combined TRACON& Tower with Radar,184,370,16,0,570,0,2,0,0,2,184,372,16,0,572,0,0,0,572
03/05/2011,CLE,OH,AGL,CE,Combined TRACON& Tower with Radar,143,215,9,0,367,0,2,0,0,2,143,217,9,0,369,0,0,0,369
03/06/2011,CLE,OH,AGL,CE,Combined TRACON& Tower with Radar,167,320,10,0,497,0,1,0,0,1,167,321,10,0,498,0,0,0,498
03/07/2011,CLE,OH,AGL,CE,Combined TRACON& Tower with Radar,183,390,37,1,611,0,0,0,0,0,183,390,37,1,611,0,0,0,611
03/08/2011,CLE,OH,AGL,CE,Combined TRACON& Tower with Radar,170,338,31,3,542,0,2,3,0,5,170,340,34,3,547,0,0,0,547
03/09/2011,CLE,OH,AGL,CE,Combined TRACON& Tower with Radar,170,345,28,1,544,0,0,0,0,0,170,345,28,1,544,0,0,0,544
03/10/2011,CLE,OH,AGL,CE,Combined TRACON& Tower with Radar,185,408,40,0,633,0,0,1,0,1,185,408,41,0,634,0,0,0,634
03/11/2011,CLE,OH,AGL,CE,Combined TRACON& Tower with Radar,159,277,18,0,454,0,0,0,0,0,159,277,18,0,454,0,0,0,454
03/12/2011,CLE,OH,AGL,CE,Combined TRACON& Tower with Radar,142,226,16,0,384,0,2,2,0,4,142,228,18,0,388,0,0,0,388
03/13/2011,CLE,OH,AGL,CE,Combined TRACON& Tower with Radar,165,319,11,0,495,0,0,1,0,1,165,319,12,0,496,0,0,0,496
03/14/2011,CLE,OH,AGL,CE,Combined TRACON& Tower with Radar,184,405,27,0,616,0,0,4,0,4,184,405,31,0,620,0,0,0,620
03/15/2011,CLE,OH,AGL,CE,Combined TRACON& Tower with Radar,167,354,28,2,551,0,1,0,0,1,167,355,28,2,552,0,0,0,552
03/16/2011,CLE,OH,AGL,CE,Combined TRACON& Tower with Radar,177,351,34,0,562,0,0,0,0,0,177,351,34,0,562,0,0,0,562
03/17/2011,CLE,OH,AGL,CE,Combined TRACON& Tower with Radar,184,425,27,0,636,0,1,0,1,2,184,426,27,1,638,0,0,0,638
03/18/2011,CLE,OH,AGL,CE,Combined TRACON& Tower with Radar,195,421,22,0,638,0,0,1,0,1,195,421,23,0,639,0,0,0,639
03/19/2011,CLE,OH,AGL,CE,Combined TRACON& Tower with Radar,144,233,23,0,400,0,1,3,0,4,144,234,26,0,404,0,0,0,404
03/20/2011,CLE,OH,AGL,CE,Combined TRACON& Tower with Radar,166,315,16,0,497,0,0,1,0,1,166,315,17,0,498,0,0,0,498
03/21/2011,CLE,OH,AGL,CE,Combined TRACON& Tower with Radar,186,413,24,0,623,0,1,2,0,3,186,414,26,0,626,0,0,0,626
03/22/2011,CLE,OH,AGL,CE,Combined TRACON& Tower with Radar,167,339,34,0,540,0,0,2,0,2,167,339,36,0,542,0,0,0,542
03/23/2011,CLE,OH,AGL,CE,Combined TRACON& Tower with Radar,164,336,30,0,530,0,0,0,0,0,164,336,30,0,530,0,0,0,530
03/24/2011,CLE,OH,AGL,CE,Combined TRACON& Tower with Radar,190,419,24,0,633,0,0,0,0,0,190,419,24,0,633,0,0,0,633
03/25/2011,CLE,OH,AGL,CE,Combined TRACON& Tower with Radar,182,415,30,0,627,0,2,0,1,3,182,417,30,1,630,0,0,0,630
03/26/2011,CLE,OH,AGL,CE,Combined TRACON& Tower with Radar,138,236,5,0,379,0,0,1,0,1,138,236,6,0,380,0,0,0,380
03/27/2011,CLE,OH,AGL,CE,Combined TRACON& Tower with Radar,163,310,21,0,494,0,0,0,2,2,163,310,21,2,496,0,0,0,496
03/28/2011,CLE,OH,AGL,CE,Combined TRACON& Tower with Radar,175,403,22,0,600,0,0,4,0,4,175,403,26,0,604,0,0,0,604
03/29/2011,CLE,OH,AGL,CE,Combined TRACON& Tower with Radar,171,347,34,2,554,0,0,1,0,1,171,347,35,2,555,0,0,0,555
03/30/2011,CLE,OH,AGL,CE,Combined TRACON& Tower with Radar,169,368,39,0,576,0,1,1,0,2,169,369,40,0,578,0,0,0,578
03/31/2011,CLE,OH,AGL,CE,Combined TRACON& Tower with Radar,188,400,28,0,616,0,0,1,0,1,188,400,29,0,617,0,0,0,617
04/01/2011,CLE,OH,AGL,CE,Combined TRACON& Tower with Radar,198,389,25,2,614,0,1,2,0,3,198,390,27,2,617,0,0,0,617
04/02/2011,CLE,OH,AGL,CE,Combined TRACON& Tower with Radar,149,230,13,0,392,0,0,2,0,2,149,230,15,0,394,0,0,0,394
04/03/2011,CLE,OH,AGL,CE,Combined TRACON& Tower with Radar,165,326,31,0,522,0,0,3,1,4,165,326,34,1,526,0,0,0,526
04/04/2011,CLE,OH,AGL,CE,Combined TRACON& Tower with Radar,178,411,25,0,614,0,0,0,1,1,178,411,25,1,615,0,0,0,615
04/05/2011,CLE,OH,AGL,CE,Combined TRACON& Tower with Radar,165,331,30,3,529,0,0,2,0,2,165,331,32,3,531,0,0,0,531
04/06/2011,CLE,OH,AGL,CE,Combined TRACON& Tower with Radar,161,345,46,0,552,0,2,1,0,3,161,347,47,0,555,0,0,0,555
04/07/2011,CLE,OH,AGL,CE,Combined TRACON& Tower with Radar,188,429,33,4,654,0,0,0,0,0,188,429,33,4,654,0,0,0,654
04/08/2011,CLE,OH,AGL,CE,Combined TRACON& Tower with Radar,178,405,29,0,612,0,0,2,1,3,178,405,31,1,615,0,0,0,615
04/09/2011,CLE,OH,AGL,CE,Combined TRACON& Tower with Radar,132,233,15,0,380,0,0,0,0,0,132,233,15,0,380,0,0,0,380
04/10/2011,CLE,OH,AGL,CE,Combined TRACON& Tower with Radar,169,336,9,0,514,0,2,0,0,2,169,338,9,0,516,0,0,0,516
04/11/2011,CLE,OH,AGL,CE,Combined TRACON& Tower with Radar,181,402,20,0,603,0,0,0,0,0,181,402,20,0,603,0,0,0,603
04/12/2011,CLE,OH,AGL,CE,Combined TRACON& Tower with Radar,161,324,30,1,516,0,0,1,0,1,161,324,31,1,517,0,0,0,517
04/13/2011,CLE,OH,AGL,CE,Combined TRACON& Tower with Radar,168,333,33,0,534,0,0,3,0,3,168,333,36,0,537,0,0,0,537
04/14/2011,CLE,OH,AGL,CE,Combined TRACON& Tower with Radar,187,406,31,2,626,0,0,1,0,1,187,406,32,2,627,0,0,0,627
04/15/2011,CLE,OH,AGL,CE,Combined TRACON& Tower with Radar,188,403,28,0,619,0,0,1,0,1,188,403,29,0,620,0,0,0,620
04/16/2011,CLE,OH,AGL,CE,Combined TRACON& Tower with Radar,143,216,15,0,374,0,0,0,0,0,143,216,15,0,374,0,0,0,374
04/17/2011,CLE,OH,AGL,CE,Combined TRACON& Tower with Radar,177,327,23,0,527,0,0,1,0,1,177,327,24,0,528,0,0,0,528
04/18/2011,CLE,OH,AGL,CE,Combined TRACON& Tower with Radar,179,405,29,3,616,0,0,1,0,1,179,405,30,3,617,0,0,0,617
04/19/2011,CLE,OH,AGL,CE,Combined TRACON& Tower with Radar,164,334,33,1,532,0,0,0,0,0,164,334,33,1,532,0,0,0,532
04/20/2011,CLE,OH,AGL,CE,Combined TRACON& Tower with Radar,166,329,27,0,522,0,2,0,1,3,166,331,27,1,525,0,0,0,525
04/21/2011,CLE,OH,AGL,CE,Combined TRACON& Tower with Radar,189,412,28,0,629,0,1,5,0,6,189,413,33,0,635,0,0,0,635
04/22/2011,CLE,OH,AGL,CE,Combined TRACON& Tower with Radar,183,383,6,0,572,0,0,0,0,0,183,383,6,0,572,0,0,0,572
04/23/2011,CLE,OH,AGL,CE,Combined TRACON& Tower with Radar,135,209,5,0,349,0,3,2,2,7,135,212,7,2,356,0,0,0,356
04/24/2011,CLE,OH,AGL,CE,Combined TRACON& Tower with Radar,170,314,3,0,487,0,1,1,0,2,170,315,4,0,489,0,0,0,489
04/25/2011,CLE,OH,AGL,CE,Combined TRACON& Tower with Radar,174,413,27,1,615,0,0,1,0,1,174,413,28,1,616,0,0,0,616
04/26/2011,CLE,OH,AGL,CE,Combined TRACON& Tower with Radar,169,329,24,0,522,0,1,0,1,2,169,330,24,1,524,0,0,0,524
04/27/2011,CLE,OH,AGL,CE,Combined TRACON& Tower with Radar,166,340,35,2,543,0,0,0,0,0,166,340,35,2,543,0,0,0,543
04/28/2011,CLE,OH,AGL,CE,Combined TRACON& Tower with Radar,188,371,32,2,593,0,0,0,0,0,188,371,32,2,593,0,0,0,593
04/29/2011,CLE,OH,AGL,CE,Combined TRACON& Tower with Radar,180,414,23,0,617,0,0,5,0,5,180,414,28,0,622,0,0,0,622
04/30/2011,CLE,OH,AGL,CE,Combined TRACON& Tower with Radar,137,219,11,1,368,0,0,6,0,6,137,219,17,1,374,0,0,0,374
05/01/2011,CLE,OH,AGL,CE,Combined TRACON& Tower with Radar,163,313,10,0,486,0,0,1,0,1,163,313,11,0,487,0,0,0,487
05/02/2011,CLE,OH,AGL,CE,Combined TRACON& Tower with Radar,175,401,30,1,607,0,0,2,0,2,175,401,32,1,609,0,0,0,609
05/03/2011,CLE,OH,AGL,CE,Combined TRACON& Tower with Radar,166,337,24,0,527,0,0,0,0,0,166,337,24,0,527,0,0,0,527
05/04/2011,CLE,OH,AGL,CE,Combined TRACON& Tower with Radar,161,327,26,0,514,0,0,1,0,1,161,327,27,0,515,0,0,0,515
05/05/2011,CLE,OH,AGL,CE,Combined TRACON& Tower with Radar,183,396,20,2,601,0,0,2,0,2,183,396,22,2,603,0,0,0,603
05/06/2011,CLE,OH,AGL,CE,Combined TRACON& Tower with Radar,178,392,26,0,596,0,0,3,0,3,178,392,29,0,599,0,0,0,599
05/07/2011,CLE,OH,AGL,CE,Combined TRACON& Tower with Radar,136,198,12,0,346,0,1,0,0,1,136,199,12,0,347,0,0,0,347
05/08/2011,CLE,OH,AGL,CE,Combined TRACON& Tower with Radar,165,308,15,0,488,0,3,0,0,3,165,311,15,0,491,0,0,0,491
05/09/2011,CLE,OH,AGL,CE,Combined TRACON& Tower with Radar,176,406,33,0,615,0,1,4,2,7,176,407,37,2,622,0,0,0,622
05/10/2011,CLE,OH,AGL,CE,Combined TRACON& Tower with Radar,160,318,27,0,505,0,0,4,0,4,160,318,31,0,509,0,0,0,509
05/11/2011,CLE,OH,AGL,CE,Combined TRACON& Tower with Radar,159,334,31,0,524,0,0,4,1,5,159,334,35,1,529,0,0,0,529
05/12/2011,CLE,OH,AGL,CE,Combined TRACON& Tower with Radar,179,392,31,0,602,0,2,1,0,3,179,394,32,0,605,0,0,0,605
05/13/2011,CLE,OH,AGL,CE,Combined TRACON& Tower with Radar,186,384,25,3,598,0,2,2,0,4,186,386,27,3,602,0,0,0,602
05/14/2011,CLE,OH,AGL,CE,Combined TRACON& Tower with Radar,129,198,11,0,338,0,0,0,0,0,129,198,11,0,338,0,0,0,338
05/15/2011,CLE,OH,AGL,CE,Combined TRACON& Tower with Radar,161,294,14,1,470,0,0,0,0,0,161,294,14,1,470,0,0,0,470
05/16/2011,CLE,OH,AGL,CE,Combined TRACON& Tower with Radar,180,397,38,1,616,0,0,0,0,0,180,397,38,1,616,0,0,0,616
05/17/2011,CLE,OH,AGL,CE,Combined TRACON& Tower with Radar,158,325,46,3,532,0,0,0,0,0,158,325,46,3,532,0,0,0,532
05/18/2011,CLE,OH,AGL,CE,Combined TRACON& Tower with Radar,168,316,43,0,527,0,0,2,0,2,168,316,45,0,529,0,0,0,529
05/19/2011,CLE,OH,AGL,CE,Combined TRACON& Tower with Radar,183,404,35,0,622,0,0,3,0,3,183,404,38,0,625,0,0,0,625
05/20/2011,CLE,OH,AGL,CE,Combined TRACON& Tower with Radar,190,399,34,0,623,0,0,2,0,2,190,399,36,0,625,0,0,0,625
05/21/2011,CLE,OH,AGL,CE,Combined TRACON& Tower with Radar,134,197,10,0,341,0,0,2,0,2,134,197,12,0,343,0,0,0,343
05/22/2011,CLE,OH,AGL,CE,Combined TRACON& Tower with Radar,165,294,19,2,480,0,0,0,0,0,165,294,19,2,480,0,0,0,480
05/23/2011,CLE,OH,AGL,CE,Combined TRACON& Tower with Radar,177,393,18,0,588,0,0,0,0,0,177,393,18,0,588,0,0,0,588
05/24/2011,CLE,OH,AGL,CE,Combined TRACON& Tower with Radar,164,323,21,0,508,0,2,2,0,4,164,325,23,0,512,0,0,0,512
05/25/2011,CLE,OH,AGL,CE,Combined TRACON& Tower with Radar,146,277,16,0,439,0,0,0,0,0,146,277,16,0,439,0,0,0,439
05/26/2011,CLE,OH,AGL,CE,Combined TRACON& Tower with Radar,180,376,29,0,585,0,0,0,0,0,180,376,29,0,585,0,0,0,585
05/27/2011,CLE,OH,AGL,CE,Combined TRACON& Tower with Radar,181,399,31,0,611,0,0,0,0,0,181,399,31,0,611,0,0,0,611
05/28/2011,CLE,OH,AGL,CE,Combined TRACON& Tower with Radar,130,205,10,1,346,0,0,1,0,1,130,205,11,1,347,0,0,0,347
05/29/2011,CLE,OH,AGL,CE,Combined TRACON& Tower with Radar,130,201,9,0,340,0,2,1,0,3,130,203,10,0,343,0,0,0,343
05/30/2011,CLE,OH,AGL,CE,Combined TRACON& Tower with Radar,155,332,13,0,500,0,0,1,1,2,155,332,14,1,502,0,0,0,502
05/31/2011,CLE,OH,AGL,CE,Combined TRACON& Tower with Radar,169,390,23,0,582,0,0,4,0,4,169,390,27,0,586,0,0,0,586
06/01/2011,CLE,OH,AGL,CE,Combined TRACON& Tower with Radar,169,331,24,0,524,0,2,1,3,6,169,333,25,3,530,0,0,0,530
06/02/2011,CLE,OH,AGL,CE,Combined TRACON& Tower with Radar,182,396,26,2,606,0,3,4,0,7,182,399,30,2,613,0,0,0,613
06/03/2011,CLE,OH,AGL,CE,Combined TRACON& Tower with Radar,183,385,26,0,594,0,3,5,0,8,183,388,31,0,602,0,0,0,602
06/04/2011,CLE,OH,AGL,CE,Combined TRACON& Tower with Radar,127,204,14,0,345,0,1,4,0,5,127,205,18,0,350,0,0,0,350
06/05/2011,CLE,OH,AGL,CE,Combined TRACON& Tower with Radar,158,303,13,0,474,0,0,3,0,3,158,303,16,0,477,0,0,0,477
06/06/2011,CLE,OH,AGL,CE,Combined TRACON& Tower with Radar,179,397,22,0,598,0,2,3,0,5,179,399,25,0,603,0,0,0,603
06/07/2011,CLE,OH,AGL,CE,Combined TRACON& Tower with Radar,162,323,18,2,505,0,1,0,0,1,162,324,18,2,506,0,0,0,506
06/08/2011,CLE,OH,AGL,CE,Combined TRACON& Tower with Radar,170,329,36,2,537,0,0,3,0,3,170,329,39,2,540,0,0,0,540
06/09/2011,CLE,OH,AGL,CE,Combined TRACON& Tower with Radar,166,377,25,0,568,0,0,0,0,0,166,377,25,0,568,0,0,0,568
06/10/2011,CLE,OH,AGL,CE,Combined TRACON& Tower with Radar,182,367,25,0,574,0,0,0,0,0,182,367,25,0,574,0,0,0,574
06/11/2011,CLE,OH,AGL,CE,Combined TRACON& Tower with Radar,146,219,6,0,371,0,0,1,1,2,146,219,7,1,373,0,0,0,373
06/12/2011,CLE,OH,AGL,CE,Combined TRACON& Tower with Radar,152,307,6,0,465,0,0,0,0,0,152,307,6,0,465,0,0,0,465
06/13/2011,CLE,OH,AGL,CE,Combined TRACON& Tower with Radar,178,391,19,2,590,0,0,3,0,3,178,391,22,2,593,0,0,0,593
06/14/2011,CLE,OH,AGL,CE,Combined TRACON& Tower with Radar,179,380,24,0,583,0,0,5,0,5,179,380,29,0,588,0,0,0,588
06/15/2011,CLE,OH,AGL,CE,Combined TRACON& Tower with Radar,144,330,38,1,513,0,0,2,0,2,144,330,40,1,515,0,0,0,515
06/16/2011,CLE,OH,AGL,CE,Combined TRACON& Tower with Radar,150,351,19,2,522,0,0,2,0,2,150,351,21,2,524,0,0,0,524
06/17/2011,CLE,OH,AGL,CE,Combined TRACON& Tower with Radar,187,386,15,0,588,0,3,0,0,3,187,389,15,0,591,0,0,0,591
06/18/2011,CLE,OH,AGL,CE,Combined TRACON& Tower with Radar,154,221,13,0,388,0,0,5,0,5,154,221,18,0,393,0,0,0,393
06/19/2011,CLE,OH,AGL,CE,Combined TRACON& Tower with Radar,163,313,16,4,496,0,1,0,1,2,163,314,16,5,498,0,0,0,498
06/20/2011,CLE,OH,AGL,CE,Combined TRACON& Tower with Radar,174,391,17,2,584,0,0,0,0,0,174,391,17,2,584,0,0,0,584
06/21/2011,CLE,OH,AGL,CE,Combined TRACON& Tower with Radar,126,278,19,0,423,0,0,12,0,12,126,278,31,0,435,0,0,0,435
06/22/2011,CLE,OH,AGL,CE,Combined TRACON& Tower with Radar,175,378,27,0,580,0,3,3,0,6,175,381,30,0,586,0,0,0,586
06/23/2011,CLE,OH,AGL,CE,Combined TRACON& Tower with Radar,195,396,29,0,620,0,2,0,0,2,195,398,29,0,622,0,0,0,622
06/24/2011,CLE,OH,AGL,CE,Combined TRACON& Tower with Radar,180,375,31,0,586,0,2,0,0,2,180,377,31,0,588,0,0,0,588
06/25/2011,CLE,OH,AGL,CE,Combined TRACON& Tower with Radar,146,232,9,0,387,0,0,0,0,0,146,232,9,0,387,0,0,0,387
06/26/2011,CLE,OH,AGL,CE,Combined TRACON& Tower with Radar,157,320,11,0,488,0,1,1,0,2,157,321,12,0,490,0,0,0,490
06/27/2011,CLE,OH,AGL,CE,Combined TRACON& Tower with Radar,176,392,19,0,587,0,0,2,1,3,176,392,21,1,590,0,0,0,590
06/28/2011,CLE,OH,AGL,CE,Combined TRACON& Tower with Radar,179,393,29,2,603,0,0,0,0,0,179,393,29,2,603,0,0,0,603
06/29/2011,CLE,OH,AGL,CE,Combined TRACON& Tower with Radar,181,395,22,0,598,0,1,1,1,3,181,396,23,1,601,0,0,0,601
06/30/2011,CLE,OH,AGL,CE,Combined TRACON& Tower with Radar,180,387,25,0,592,0,0,2,0,2,180,387,27,0,594,0,0,0,594
07/01/2011,CLE,OH,AGL,CE,Combined TRACON& Tower with Radar,179,390,22,0,591,0,0,1,2,3,179,390,23,2,594,0,0,0,594
07/02/2011,CLE,OH,AGL,CE,Combined TRACON& Tower with Radar,152,226,11,1,390,0,0,0,1,1,152,226,11,2,391,0,0,0,391
07/03/2011,CLE,OH,AGL,CE,Combined TRACON& Tower with Radar,132,198,9,0,339,0,1,1,0,2,132,199,10,0,341,0,0,0,341
07/04/2011,CLE,OH,AGL,CE,Combined TRACON& Tower with Radar,155,300,7,0,462,0,0,1,0,1,155,300,8,0,463,0,0,0,463
07/05/2011,CLE,OH,AGL,CE,Combined TRACON& Tower with Radar,182,394,32,1,609,0,3,0,0,3,182,397,32,1,612,0,0,0,612
07/06/2011,CLE,OH,AGL,CE,Combined TRACON& Tower with Radar,174,399,21,2,596,0,1,1,0,2,174,400,22,2,598,0,0,0,598
07/07/2011,CLE,OH,AGL,CE,Combined TRACON& Tower with Radar,171,398,18,0,587,0,1,5,0,6,171,399,23,0,593,0,0,0,593
07/08/2011,CLE,OH,AGL,CE,Combined TRACON& Tower with Radar,180,376,12,1,569,0,3,20,0,23,180,379,32,1,592,0,0,0,592
07/09/2011,CLE,OH,AGL,CE,Combined TRACON& Tower with Radar,153,230,16,1,400,0,0,12,3,15,153,230,28,4,415,0,0,0,415
07/10/2011,CLE,OH,AGL,CE,Combined TRACON& Tower with Radar,159,313,13,0,485,0,1,2,0,3,159,314,15,0,488,0,0,0,488
07/11/2011,CLE,OH,AGL,CE,Combined TRACON& Tower with Radar,173,381,12,0,566,0,2,2,0,4,173,383,14,0,570,0,0,0,570
07/12/2011,CLE,OH,AGL,CE,Combined TRACON& Tower with Radar,171,400,21,0,592,0,0,1,0,1,171,400,22,0,593,0,0,0,593
07/13/2011,CLE,OH,AGL,CE,Combined TRACON& Tower with Radar,174,403,22,1,600,0,0,5,0,5,174,403,27,1,605,0,0,0,605
07/14/2011,CLE,OH,AGL,CE,Combined TRACON& Tower with Radar,175,413,20,1,609,0,0,3,0,3,175,413,23,1,612,0,0,0,612
07/15/2011,CLE,OH,AGL,CE,Combined TRACON& Tower with Radar,171,397,16,1,585,0,0,3,1,4,171,397,19,2,589,0,0,0,589
07/16/2011,CLE,OH,AGL,CE,Combined TRACON& Tower with Radar,149,232,3,0,384,0,0,0,0,0,149,232,3,0,384,0,0,0,384
07/17/2011,CLE,OH,AGL,CE,Combined TRACON& Tower with Radar,158,321,17,2,498,0,2,0,0,2,158,323,17,2,500,0,0,0,500
07/18/2011,CLE,OH,AGL,CE,Combined TRACON& Tower with Radar,179,400,26,0,605,0,0,6,1,7,179,400,32,1,612,0,0,0,612
07/19/2011,CLE,OH,AGL,CE,Combined TRACON& Tower with Radar,171,388,34,3,596,0,1,2,1,4,171,389,36,4,600,0,0,0,600
07/20/2011,CLE,OH,AGL,CE,Combined TRACON& Tower with Radar,184,389,24,1,598,0,0,1,1,2,184,389,25,2,600,0,0,0,600
07/21/2011,CLE,OH,AGL,CE,Combined TRACON& Tower with Radar,177,400,28,0,605,0,3,0,0,3,177,403,28,0,608,0,0,0,608
07/22/2011,CLE,OH,AGL,CE,Combined TRACON& Tower with Radar,175,352,31,2,560,0,1,2,0,3,175,353,33,2,563,0,0,0,563
07/23/2011,CLE,OH,AGL,CE,Combined TRACON& Tower with Radar,144,234,7,0,385,0,1,1,0,2,144,235,8,0,387,0,0,0,387
07/24/2011,CLE,OH,AGL,CE,Combined TRACON& Tower with Radar,167,302,21,0,490,0,2,1,0,3,167,304,22,0,493,0,0,0,493
07/25/2011,CLE,OH,AGL,CE,Combined TRACON& Tower with Radar,168,393,16,1,578,0,1,0,0,1,168,394,16,1,579,0,0,0,579
07/26/2011,CLE,OH,AGL,CE,Combined TRACON& Tower with Radar,177,387,16,0,580,0,0,4,0,4,177,387,20,0,584,0,0,0,584
07/27/2011,CLE,OH,AGL,CE,Combined TRACON& Tower with Radar,177,397,30,0,604,0,0,3,0,3,177,397,33,0,607,0,0,0,607
07/28/2011,CLE,OH,AGL,CE,Combined TRACON& Tower with Radar,178,391,28,1,598,0,0,0,0,0,178,391,28,1,598,0,0,0,598
07/29/2011,CLE,OH,AGL,CE,Combined TRACON& Tower with Radar,181,390,29,0,600,0,1,4,1,6,181,391,33,1,606,0,0,0,606
07/30/2011,CLE,OH,AGL,CE,Combined TRACON& Tower with Radar,149,223,11,0,383,0,0,3,0,3,149,223,14,0,386,0,0,0,386
07/31/2011,CLE,OH,AGL,CE,Combined TRACON& Tower with Radar,162,315,9,0,486,0,0,0,0,0,162,315,9,0,486,0,0,0,486
08/01/2011,CLE,OH,AGL,CE,Combined TRACON& Tower with Radar,175,387,15,0,577,0,0,1,0,1,175,387,16,0,578,0,0,0,578
08/02/2011,CLE,OH,AGL,CE,Combined TRACON& Tower with Radar,177,386,21,0,584,0,1,4,0,5,177,387,25,0,589,0,0,0,589
08/03/2011,CLE,OH,AGL,CE,Combined TRACON& Tower with Radar,176,393,21,0,590,0,0,0,0,0,176,393,21,0,590,0,0,0,590
08/04/2011,CLE,OH,AGL,CE,Combined TRACON& Tower with Radar,181,396,18,0,595,0,0,0,0,0,181,396,18,0,595,0,0,0,595
08/05/2011,CLE,OH,AGL,CE,Combined TRACON& Tower with Radar,179,387,22,0,588,0,2,3,1,6,179,389,25,1,594,0,0,0,594
08/06/2011,CLE,OH,AGL,CE,Combined TRACON& Tower with Radar,146,234,12,0,392,0,1,0,0,1,146,235,12,0,393,0,0,0,393
08/07/2011,CLE,OH,AGL,CE,Combined TRACON& Tower with Radar,159,305,16,0,480,0,0,1,0,1,159,305,17,0,481,0,0,0,481
08/08/2011,CLE,OH,AGL,CE,Combined TRACON& Tower with Radar,178,398,21,0,597,0,0,0,0,0,178,398,21,0,597,0,0,0,597
08/09/2011,CLE,OH,AGL,CE,Combined TRACON& Tower with Radar,176,401,17,2,596,0,0,3,0,3,176,401,20,2,599,0,0,0,599
08/10/2011,CLE,OH,AGL,CE,Combined TRACON& Tower with Radar,184,405,24,4,617,0,0,0,0,0,184,405,24,4,617,0,0,0,617
08/11/2011,CLE,OH,AGL,CE,Combined TRACON& Tower with Radar,185,396,20,4,605,0,0,0,0,0,185,396,20,4,605,0,0,0,605
08/12/2011,CLE,OH,AGL,CE,Combined TRACON& Tower with Radar,185,390,31,0,606,0,0,2,0,2,185,390,33,0,608,0,0,0,608
08/13/2011,CLE,OH,AGL,CE,Combined TRACON& Tower with Radar,149,231,8,0,388,0,1,0,1,2,149,232,8,1,390,0,0,0,390
08/14/2011,CLE,OH,AGL,CE,Combined TRACON& Tower with Radar,155,303,13,0,471,0,0,0,0,0,155,303,13,0,471,0,0,0,471
08/15/2011,CLE,OH,AGL,CE,Combined TRACON& Tower with Radar,182,392,14,0,588,0,0,0,0,0,182,392,14,0,588,0,0,0,588
08/16/2011,CLE,OH,AGL,CE,Combined TRACON& Tower with Radar,166,325,47,0,538,0,0,7,0,7,166,325,54,0,545,0,0,0,545
08/17/2011,CLE,OH,AGL,CE,Combined TRACON& Tower with Radar,168,325,19,0,512,0,0,3,0,3,168,325,22,0,515,0,0,0,515
08/18/2011,CLE,OH,AGL,CE,Combined TRACON& Tower with Radar,176,383,30,0,589,0,0,1,2,3,176,383,31,2,592,0,0,0,592
08/19/2011,CLE,OH,AGL,CE,Combined TRACON& Tower with Radar,172,368,23,0,563,0,0,2,0,2,172,368,25,0,565,0,0,0,565
08/20/2011,CLE,OH,AGL,CE,Combined TRACON& Tower with Radar,136,212,17,0,365,0,2,1,0,3,136,214,18,0,368,0,0,0,368
08/21/2011,CLE,OH,AGL,CE,Combined TRACON& Tower with Radar,136,306,15,0,457,0,1,0,1,2,136,307,15,1,459,0,0,0,459
08/22/2011,CLE,OH,AGL,CE,Combined TRACON& Tower with Radar,169,398,27,0,594,0,2,3,0,5,169,400,30,0,599,0,0,0,599
08/23/2011,CLE,OH,AGL,CE,Combined TRACON& Tower with Radar,169,346,23,0,538,0,0,1,0,1,169,346,24,0,539,0,0,0,539
08/24/2011,CLE,OH,AGL,CE,Combined TRACON& Tower with Radar,174,330,30,0,534,0,2,0,0,2,174,332,30,0,536,0,0,0,536
08/25/2011,CLE,OH,AGL,CE,Combined TRACON& Tower with Radar,173,375,38,0,586,0,5,4,1,10,173,380,42,1,596,0,0,0,596
08/26/2011,CLE,OH,AGL,CE,Combined TRACON& Tower with Radar,180,392,22,0,594,0,2,3,0,5,180,394,25,0,599,0,0,0,599
08/27/2011,CLE,OH,AGL,CE,Combined TRACON& Tower with Radar,115,180,17,0,312,0,0,1,1,2,115,180,18,1,314,0,0,0,314
08/28/2011,CLE,OH,AGL,CE,Combined TRACON& Tower with Radar,123,239,17,0,379,0,1,2,0,3,123,240,19,0,382,0,0,0,382
08/29/2011,CLE,OH,AGL,CE,Combined TRACON& Tower with Radar,161,373,19,2,555,0,0,2,0,2,161,373,21,2,557,0,0,0,557
08/30/2011,CLE,OH,AGL,CE,Combined TRACON& Tower with Radar,163,322,19,0,504,0,0,2,0,2,163,322,21,0,506,0,0,0,506
08/31/2011,CLE,OH,AGL,CE,Combined TRACON& Tower with Radar,161,337,29,4,531,0,1,2,1,4,161,338,31,5,535,0,0,0,535
09/01/2011,CLE,OH,AGL,CE,Combined TRACON& Tower with Radar,182,396,29,6,613,0,0,1,2,3,182,396,30,8,616,0,0,0,616
09/02/2011,CLE,OH,AGL,CE,Combined TRACON& Tower with Radar,171,394,30,3,598,0,0,1,1,2,171,394,31,4,600,0,0,0,600
09/03/2011,CLE,OH,AGL,CE,Combined TRACON& Tower with Radar,128,184,11,0,323,0,0,5,3,8,128,184,16,3,331,0,0,0,331
09/04/2011,CLE,OH,AGL,CE,Combined TRACON& Tower with Radar,122,170,10,0,302,0,2,2,2,6,122,172,12,2,308,0,0,0,308
09/05/2011,CLE,OH,AGL,CE,Combined TRACON& Tower with Radar,144,306,15,0,465,0,0,0,5,5,144,306,15,5,470,0,0,0,470
09/06/2011,CLE,OH,AGL,CE,Combined TRACON& Tower with Radar,163,387,15,3,568,0,0,2,0,2,163,387,17,3,570,0,0,0,570
09/07/2011,CLE,OH,AGL,CE,Combined TRACON& Tower with Radar,158,312,20,5,495,0,0,0,0,0,158,312,20,5,495,0,0,0,495
09/08/2011,CLE,OH,AGL,CE,Combined TRACON& Tower with Radar,172,381,26,0,579,0,0,0,0,0,172,381,26,0,579,0,0,0,579
09/09/2011,CLE,OH,AGL,CE,Combined TRACON& Tower with Radar,172,400,18,2,592,0,2,1,2,5,172,402,19,4,597,0,0,0,597
09/10/2011,CLE,OH,AGL,CE,Combined TRACON& Tower with Radar,137,192,16,0,345,0,0,2,0,2,137,192,18,0,347,0,0,0,347
09/11/2011,CLE,OH,AGL,CE,Combined TRACON& Tower with Radar,146,288,9,0,443,0,0,0,0,0,146,288,9,0,443,0,0,0,443
09/12/2011,CLE,OH,AGL,CE,Combined TRACON& Tower with Radar,173,389,23,0,585,0,3,2,0,5,173,392,25,0,590,0,0,0,590
09/13/2011,CLE,OH,AGL,CE,Combined TRACON& Tower with Radar,159,313,22,0,494,0,1,0,0,1,159,314,22,0,495,0,0,0,495
09/14/2011,CLE,OH,AGL,CE,Combined TRACON& Tower with Radar,158,316,23,0,497,0,0,1,0,1,158,316,24,0,498,0,0,0,498
09/15/2011,CLE,OH,AGL,CE,Combined TRACON& Tower with Radar,176,402,36,0,614,0,0,0,0,0,176,402,36,0,614,0,0,0,614
09/16/2011,CLE,OH,AGL,CE,Combined TRACON& Tower with Radar,175,386,30,0,591,0,0,0,0,0,175,386,30,0,591,0,0,0,591
09/17/2011,CLE,OH,AGL,CE,Combined TRACON& Tower with Radar,137,191,22,0,350,0,1,0,0,1,137,192,22,0,351,0,0,0,351
09/18/2011,CLE,OH,AGL,CE,Combined TRACON& Tower with Radar,145,282,29,0,456,0,0,2,0,2,145,282,31,0,458,0,0,0,458
09/19/2011,CLE,OH,AGL,CE,Combined TRACON& Tower with Radar,171,392,31,1,595,0,0,1,0,1,171,392,32,1,596,0,0,0,596
09/20/2011,CLE,OH,AGL,CE,Combined TRACON& Tower with Radar,155,324,36,3,518,0,0,2,0,2,155,324,38,3,520,0,0,0,520
09/21/2011,CLE,OH,AGL,CE,Combined TRACON& Tower with Radar,163,330,22,0,515,0,0,0,0,0,163,330,22,0,515,0,0,0,515
09/22/2011,CLE,OH,AGL,CE,Combined TRACON& Tower with Radar,174,383,20,0,577,0,1,2,0,3,174,384,22,0,580,0,0,0,580
09/23/2011,CLE,OH,AGL,CE,Combined TRACON& Tower with Radar,173,382,16,0,571,0,0,0,3,3,173,382,16,3,574,0,0,0,574
09/24/2011,CLE,OH,AGL,CE,Combined TRACON& Tower with Radar,138,196,9,0,343,0,0,0,0,0,138,196,9,0,343,0,0,0,343
09/25/2011,CLE,OH,AGL,CE,Combined TRACON& Tower with Radar,146,313,20,0,479,0,0,1,0,1,146,313,21,0,480,0,0,0,480
09/26/2011,CLE,OH,AGL,CE,Combined TRACON& Tower with Radar,167,388,31,1,587,0,0,1,0,1,167,388,32,1,588,0,0,0,588
09/27/2011,CLE,OH,AGL,CE,Combined TRACON& Tower with Radar,163,331,31,0,525,0,1,5,0,6,163,332,36,0,531,0,0,0,531
09/28/2011,CLE,OH,AGL,CE,Combined TRACON& Tower with Radar,164,321,41,0,526,0,1,6,2,9,164,322,47,2,535,0,0,0,535
09/29/2011,CLE,OH,AGL,CE,Combined TRACON& Tower with Radar,175,373,25,0,573,0,2,0,0,2,175,375,25,0,575,0,0,0,575
09/30/2011,CLE,OH,AGL,CE,Combined TRACON& Tower with Radar,179,382,31,0,592,0,0,0,0,0,179,382,31,0,592,0,0,0,592
10/01/2011,CLE,OH,AGL,CE,Combined TRACON& Tower with Radar,140,206,14,0,360,0,0,0,2,2,140,206,14,2,362,0,0,0,362
10/02/2011,CLE,OH,AGL,CE,Combined TRACON& Tower with Radar,147,306,12,0,465,0,0,0,0,0,147,306,12,0,465,0,0,0,465
10/03/2011,CLE,OH,AGL,CE,Combined TRACON& Tower with Radar,164,391,30,0,585,0,0,1,0,1,164,391,31,0,586,0,0,0,586
10/04/2011,CLE,OH,AGL,CE,Combined TRACON& Tower with Radar,158,329,31,0,518,0,1,9,0,10,158,330,40,0,528,0,0,0,528
10/05/2011,CLE,OH,AGL,CE,Combined TRACON& Tower with Radar,163,334,23,0,520,0,0,6,0,6,163,334,29,0,526,0,0,0,526
10/06/2011,CLE,OH,AGL,CE,Combined TRACON& Tower with Radar,170,407,30,0,607,0,1,13,0,14,170,408,43,0,621,0,0,0,621
10/07/2011,CLE,OH,AGL,CE,Combined TRACON& Tower with Radar,174,398,31,1,604,0,0,12,0,12,174,398,43,1,616,0,0,0,616
10/08/2011,CLE,OH,AGL,CE,Combined TRACON& Tower with Radar,139,197,27,0,363,0,0,3,0,3,139,197,30,0,366,0,0,0,366
10/09/2011,CLE,OH,AGL,CE,Combined TRACON& Tower with Radar,147,299,15,0,461,0,0,7,0,7,147,299,22,0,468,0,0,0,468
10/10/2011,CLE,OH,AGL,CE,Combined TRACON& Tower with Radar,172,393,37,0,602,0,0,4,0,4,172,393,41,0,606,0,0,0,606
10/11/2011,CLE,OH,AGL,CE,Combined TRACON& Tower with Radar,158,326,30,0,514,0,2,0,0,2,158,328,30,0,516,0,0,0,516
10/12/2011,CLE,OH,AGL,CE,Combined TRACON& Tower with Radar,158,328,22,0,508,0,0,0,0,0,158,328,22,0,508,0,0,0,508
10/13/2011,CLE,OH,AGL,CE,Combined TRACON& Tower with Radar,177,387,40,2,606,0,0,1,0,1,177,387,41,2,607,0,0,0,607
10/14/2011,CLE,OH,AGL,CE,Combined TRACON& Tower with Radar,174,389,32,1,596,0,2,0,0,2,174,391,32,1,598,0,0,0,598
10/15/2011,CLE,OH,AGL,CE,Combined TRACON& Tower with Radar,143,202,4,2,351,0,0,2,0,2,143,202,6,2,353,0,0,0,353
10/16/2011,CLE,OH,AGL,CE,Combined TRACON& Tower with Radar,147,301,11,0,459,0,0,0,0,0,147,301,11,0,459,0,0,0,459
10/17/2011,CLE,OH,AGL,CE,Combined TRACON& Tower with Radar,168,395,34,1,598,0,2,7,1,10,168,397,41,2,608,0,0,0,608
10/18/2011,CLE,OH,AGL,CE,Combined TRACON& Tower with Radar,155,326,27,0,508,0,1,0,0,1,155,327,27,0,509,0,0,0,509
10/19/2011,CLE,OH,AGL,CE,Combined TRACON& Tower with Radar,160,316,32,0,508,0,0,0,0,0,160,316,32,0,508,0,0,0,508
10/20/2011,CLE,OH,AGL,CE,Combined TRACON& Tower with Radar,172,401,27,0,600,0,0,1,0,1,172,401,28,0,601,0,0,0,601
10/21/2011,CLE,OH,AGL,CE,Combined TRACON& Tower with Radar,179,397,23,0,599,0,0,0,0,0,179,397,23,0,599,0,0,0,599
10/22/2011,CLE,OH,AGL,CE,Combined TRACON& Tower with Radar,140,198,4,0,342,0,0,2,1,3,140,198,6,1,345,0,0,0,345
10/23/2011,CLE,OH,AGL,CE,Combined TRACON& Tower with Radar,150,298,7,0,455,0,0,4,0,4,150,298,11,0,459,0,0,0,459
10/24/2011,CLE,OH,AGL,CE,Combined TRACON& Tower with Radar,164,390,25,1,580,0,1,0,0,1,164,391,25,1,581,0,0,0,581
10/25/2011,CLE,OH,AGL,CE,Combined TRACON& Tower with Radar,155,326,43,0,524,0,1,10,0,11,155,327,53,0,535,0,0,0,535
10/26/2011,CLE,OH,AGL,CE,Combined TRACON& Tower with Radar,164,333,27,1,525,0,1,0,0,1,164,334,27,1,526,0,0,0,526
10/27/2011,CLE,OH,AGL,CE,Combined TRACON& Tower with Radar,181,390,26,2,599,0,0,1,0,1,181,390,27,2,600,0,0,0,600
10/28/2011,CLE,OH,AGL,CE,Combined TRACON& Tower with Radar,185,400,15,0,600,0,3,3,0,6,185,403,18,0,606,0,0,0,606
10/29/2011,CLE,OH,AGL,CE,Combined TRACON& Tower with Radar,134,184,8,0,326,0,2,2,0,4,134,186,10,0,330,0,0,0,330
10/30/2011,CLE,OH,AGL,CE,Combined TRACON& Tower with Radar,139,304,18,2,463,0,0,0,0,0,139,304,18,2,463,0,0,0,463
10/31/2011,CLE,OH,AGL,CE,Combined TRACON& Tower with Radar,164,318,27,2,511,0,1,0,0,1,164,319,27,2,512,0,0,0,512
11/01/2011,CLE,OH,AGL,CE,Combined TRACON& Tower with Radar,157,313,36,4,510,0,1,2,0,3,157,314,38,4,513,0,0,0,513
11/02/2011,CLE,OH,AGL,CE,Combined TRACON& Tower with Radar,162,326,31,1,520,0,1,4,0,5,162,327,35,1,525,0,0,0,525
11/03/2011,CLE,OH,AGL,CE,Combined TRACON& Tower with Radar,173,396,25,0,594,0,3,0,0,3,173,399,25,0,597,0,0,0,597
11/04/2011,CLE,OH,AGL,CE,Combined TRACON& Tower with Radar,179,383,24,0,586,0,0,3,0,3,179,383,27,0,589,0,0,0,589
11/05/2011,CLE,OH,AGL,CE,Combined TRACON& Tower with Radar,141,206,5,0,352,0,1,4,0,5,141,207,9,0,357,0,0,0,357
11/06/2011,CLE,OH,AGL,CE,Combined TRACON& Tower with Radar,141,308,20,0,469,0,0,2,0,2,141,308,22,0,471,0,0,0,471
11/07/2011,CLE,OH,AGL,CE,Combined TRACON& Tower with Radar,162,386,20,0,568,0,2,1,0,3,162,388,21,0,571,0,0,0,571
11/08/2011,CLE,OH,AGL,CE,Combined TRACON& Tower with Radar,154,307,22,0,483,0,1,2,0,3,154,308,24,0,486,0,0,0,486
11/09/2011,CLE,OH,AGL,CE,Combined TRACON& Tower with Radar,163,312,29,0,504,0,2,1,0,3,163,314,30,0,507,0,0,0,507
11/10/2011,CLE,OH,AGL,CE,Combined TRACON& Tower with Radar,168,375,29,0,572,0,0,0,0,0,168,375,29,0,572,0,0,0,572
11/11/2011,CLE,OH,AGL,CE,Combined TRACON& Tower with Radar,166,389,31,0,586,0,0,0,0,0,166,389,31,0,586,0,0,0,586
11/12/2011,CLE,OH,AGL,CE,Combined TRACON& Tower with Radar,124,201,18,0,343,0,0,0,0,0,124,201,18,0,343,0,0,0,343
11/13/2011,CLE,OH,AGL,CE,Combined TRACON& Tower with Radar,145,297,20,0,462,0,0,1,0,1,145,297,21,0,463,0,0,0,463
11/14/2011,CLE,OH,AGL,CE,Combined TRACON& Tower with Radar,156,351,15,2,524,0,0,0,0,0,156,351,15,2,524,0,0,0,524
11/15/2011,CLE,OH,AGL,CE,Combined TRACON& Tower with Radar,163,318,35,2,518,0,0,0,0,0,163,318,35,2,518,0,0,0,518
11/16/2011,CLE,OH,AGL,CE,Combined TRACON& Tower with Radar,154,315,39,3,511,0,0,0,0,0,154,315,39,3,511,0,0,0,511
11/17/2011,CLE,OH,AGL,CE,Combined TRACON& Tower with Radar,168,399,31,1,599,0,0,1,0,1,168,399,32,1,600,0,0,0,600
11/18/2011,CLE,OH,AGL,CE,Combined TRACON& Tower with Radar,169,399,20,0,588,0,1,1,0,2,169,400,21,0,590,0,0,0,590
11/19/2011,CLE,OH,AGL,CE,Combined TRACON& Tower with Radar,130,198,6,0,334,0,0,0,0,0,130,198,6,0,334,0,0,0,334
11/20/2011,CLE,OH,AGL,CE,Combined TRACON& Tower with Radar,142,287,14,2,445,0,2,0,0,2,142,289,14,2,447,0,0,0,447
11/21/2011,CLE,OH,AGL,CE,Combined TRACON& Tower with Radar,154,310,22,0,486,0,1,0,0,1,154,311,22,0,487,0,0,0,487
11/22/2011,CLE,OH,AGL,CE,Combined TRACON& Tower with Radar,165,314,31,0,510,0,1,2,0,3,165,315,33,0,513,0,0,0,513
11/23/2011,CLE,OH,AGL,CE,Combined TRACON& Tower with Radar,173,386,18,0,577,0,0,1,0,1,173,386,19,0,578,0,0,0,578
11/24/2011,CLE,OH,AGL,CE,Combined TRACON& Tower with Radar,105,164,5,0,274,0,0,0,0,0,105,164,5,0,274,0,0,0,274
11/25/2011,CLE,OH,AGL,CE,Combined TRACON& Tower with Radar,122,174,2,0,298,0,1,0,0,1,122,175,2,0,299,0,0,0,299
11/26/2011,CLE,OH,AGL,CE,Combined TRACON& Tower with Radar,135,335,11,0,481,0,1,3,0,4,135,336,14,0,485,0,0,0,485
11/27/2011,CLE,OH,AGL,CE,Combined TRACON& Tower with Radar,162,384,23,0,569,0,0,0,0,0,162,384,23,0,569,0,0,0,569
11/28/2011,CLE,OH,AGL,CE,Combined TRACON& Tower with Radar,168,396,18,0,582,0,0,0,0,0,168,396,18,0,582,0,0,0,582
11/29/2011,CLE,OH,AGL,CE,Combined TRACON& Tower with Radar,156,311,37,0,504,0,0,0,0,0,156,311,37,0,504,0,0,0,504
11/30/2011,CLE,OH,AGL,CE,Combined TRACON& Tower with Radar,162,317,33,1,513,0,1,3,0,4,162,318,36,1,517,0,0,0,517
12/01/2011,CLE,OH,AGL,CE,Combined TRACON& Tower with Radar,171,389,37,0,597,0,0,2,0,2,171,389,39,0,599,0,0,0,599
12/02/2011,CLE,OH,AGL,CE,Combined TRACON& Tower with Radar,164,392,19,0,575,0,1,1,0,2,164,393,20,0,577,0,0,0,577
12/03/2011,CLE,OH,AGL,CE,Combined TRACON& Tower with Radar,116,196,7,0,319,0,1,3,0,4,116,197,10,0,323,0,0,0,323
12/04/2011,CLE,OH,AGL,CE,Combined TRACON& Tower with Radar,122,309,12,0,443,0,4,0,0,4,122,313,12,0,447,0,0,0,447
12/05/2011,CLE,OH,AGL,CE,Combined TRACON& Tower with Radar,143,403,20,0,566,0,0,0,0,0,143,403,20,0,566,0,0,0,566
12/06/2011,CLE,OH,AGL,CE,Combined TRACON& Tower with Radar,140,328,24,6,498,0,0,0,0,0,140,328,24,6,498,0,0,0,498
12/07/2011,CLE,OH,AGL,CE,Combined TRACON& Tower with Radar,139,324,24,0,487,0,1,0,0,1,139,325,24,0,488,0,0,0,488
12/08/2011,CLE,OH,AGL,CE,Combined TRACON& Tower with Radar,146,413,23,0,582,0,0,2,0,2,146,413,25,0,584,0,0,0,584
12/09/2011,CLE,OH,AGL,CE,Combined TRACON& Tower with Radar,141,418,29,1,589,0,0,0,0,0,141,418,29,1,589,0,0,0,589
12/10/2011,CLE,OH,AGL,CE,Combined TRACON& Tower with Radar,100,214,12,0,326,0,1,0,0,1,100,215,12,0,327,0,0,0,327
12/11/2011,CLE,OH,AGL,CE,Combined TRACON& Tower with Radar,117,304,21,0,442,0,3,2,0,5,117,307,23,0,447,0,0,0,447
12/12/2011,CLE,OH,AGL,CE,Combined TRACON& Tower with Radar,138,412,33,2,585,0,1,4,1,6,138,413,37,3,591,0,0,0,591
12/13/2011,CLE,OH,AGL,CE,Combined TRACON& Tower with Radar,137,324,23,2,486,0,1,0,0,1,137,325,23,2,487,0,0,0,487
12/14/2011,CLE,OH,AGL,CE,Combined TRACON& Tower with Radar,136,341,22,0,499,0,0,0,0,0,136,341,22,0,499,0,0,0,499
12/15/2011,CLE,OH,AGL,CE,Combined TRACON& Tower with Radar,175,401,24,2,602,0,1,0,0,1,175,402,24,2,603,0,0,0,603
12/16/2011,CLE,OH,AGL,CE,Combined TRACON& Tower with Radar,172,393,26,0,591,0,2,8,0,10,172,395,34,0,601,0,0,0,601
12/17/2011,CLE,OH,AGL,CE,Combined TRACON& Tower with Radar,132,227,7,0,366,0,0,0,0,0,132,227,7,0,366,0,0,0,366
12/18/2011,CLE,OH,AGL,CE,Combined TRACON& Tower with Radar,140,299,12,0,451,0,0,0,0,0,140,299,12,0,451,0,0,0,451
12/19/2011,CLE,OH,AGL,CE,Combined TRACON& Tower with Radar,156,370,22,0,548,0,1,2,0,3,156,371,24,0,551,0,0,0,551
12/20/2011,CLE,OH,AGL,CE,Combined TRACON& Tower with Radar,170,371,19,0,560,0,0,0,0,0,170,371,19,0,560,0,0,0,560
12/21/2011,CLE,OH,AGL,CE,Combined TRACON& Tower with Radar,168,407,27,0,602,0,0,0,0,0,168,407,27,0,602,0,0,0,602
12/22/2011,CLE,OH,AGL,CE,Combined TRACON& Tower with Radar,186,389,14,0,589,0,2,0,0,2,186,391,14,0,591,0,0,0,591
12/23/2011,CLE,OH,AGL,CE,Combined TRACON& Tower with Radar,185,386,10,0,581,0,0,0,0,0,185,386,10,0,581,0,0,0,581
12/24/2011,CLE,OH,AGL,CE,Combined TRACON& Tower with Radar,128,183,7,0,318,0,2,0,0,2,128,185,7,0,320,0,0,0,320
12/25/2011,CLE,OH,AGL,CE,Combined TRACON& Tower with Radar,126,193,2,0,321,0,0,0,0,0,126,193,2,0,321,0,0,0,321
12/26/2011,CLE,OH,AGL,CE,Combined TRACON& Tower with Radar,160,380,21,0,561,0,0,2,0,2,160,380,23,0,563,0,0,0,563
12/27/2011,CLE,OH,AGL,CE,Combined TRACON& Tower with Radar,169,372,12,1,554,0,2,0,0,2,169,374,12,1,556,0,0,0,556
12/28/2011,CLE,OH,AGL,CE,Combined TRACON& Tower with Radar,169,378,11,0,558,0,0,0,0,0,169,378,11,0,558,0,0,0,558
12/29/2011,CLE,OH,AGL,CE,Combined TRACON& Tower with Radar,170,378,11,0,559,0,0,0,0,0,170,378,11,0,559,0,0,0,559
12/30/2011,CLE,OH,AGL,CE,Combined TRACON& Tower with Radar,169,376,5,0,550,0,0,1,0,1,169,376,6,0,551,0,0,0,551
12/31/2011,CLE,OH,AGL,CE,Combined TRACON& Tower with Radar,134,193,7,1,335,0,1,0,0,1,134,194,7,1,336,0,0,0,336
01/01/2012,CLE,OH,AGL,CE,Combined TRACON& Tower with Radar,138,268,9,0,415,0,0,0,0,0,138,268,9,0,415,0,0,0,415
01/02/2012,CLE,OH,AGL,CE,Combined TRACON& Tower with Radar,164,256,21,2,443,0,0,0,0,0,164,256,21,2,443,0,0,0,443
01/03/2012,CLE,OH,AGL,CE,Combined TRACON& Tower with Radar,145,277,26,1,449,0,0,0,0,0,145,277,26,1,449,0,0,0,449
01/04/2012,CLE,OH,AGL,CE,Combined TRACON& Tower with Radar,137,298,22,5,462,0,0,0,3,3,137,298,22,8,465,0,0,0,465
01/05/2012,CLE,OH,AGL,CE,Combined TRACON& Tower with Radar,139,360,24,2,525,0,1,7,0,8,139,361,31,2,533,0,0,0,533
01/06/2012,CLE,OH,AGL,CE,Combined TRACON& Tower with Radar,142,353,30,0,525,0,1,0,0,1,142,354,30,0,526,0,0,0,526
01/07/2012,CLE,OH,AGL,CE,Combined TRACON& Tower with Radar,106,188,6,1,301,0,0,2,0,2,106,188,8,1,303,0,0,0,303
01/08/2012,CLE,OH,AGL,CE,Combined TRACON& Tower with Radar,120,262,13,4,399,0,1,1,0,2,120,263,14,4,401,0,0,0,401
01/09/2012,CLE,OH,AGL,CE,Combined TRACON& Tower with Radar,131,352,22,3,508,0,0,1,0,1,131,352,23,3,509,0,0,0,509
01/10/2012,CLE,OH,AGL,CE,Combined TRACON& Tower with Radar,133,303,22,0,458,0,1,2,0,3,133,304,24,0,461,0,0,0,461
01/11/2012,CLE,OH,AGL,CE,Combined TRACON& Tower with Radar,134,302,23,0,459,0,1,3,1,5,134,303,26,1,464,0,0,0,464
01/12/2012,CLE,OH,AGL,CE,Combined TRACON& Tower with Radar,131,340,27,0,498,0,0,0,0,0,131,340,27,0,498,0,0,0,498
01/13/2012,CLE,OH,AGL,CE,Combined TRACON& Tower with Radar,139,281,16,0,436,0,0,0,0,0,139,281,16,0,436,0,0,0,436
01/14/2012,CLE,OH,AGL,CE,Combined TRACON& Tower with Radar,102,186,12,0,300,0,0,0,0,0,102,186,12,0,300,0,0,0,300
01/15/2012,CLE,OH,AGL,CE,Combined TRACON& Tower with Radar,128,253,13,0,394,0,0,0,0,0,128,253,13,0,394,0,0,0,394
01/16/2012,CLE,OH,AGL,CE,Combined TRACON& Tower with Radar,137,349,17,0,503,0,0,0,0,0,137,349,17,0,503,0,0,0,503
01/17/2012,CLE,OH,AGL,CE,Combined TRACON& Tower with Radar,138,301,20,0,459,0,0,0,0,0,138,301,20,0,459,0,0,0,459
01/18/2012,CLE,OH,AGL,CE,Combined TRACON& Tower with Radar,138,302,30,0,470,0,0,0,0,0,138,302,30,0,470,0,0,0,470
01/19/2012,CLE,OH,AGL,CE,Combined TRACON& Tower with Radar,138,360,30,0,528,0,0,0,0,0,138,360,30,0,528,0,0,0,528
01/20/2012,CLE,OH,AGL,CE,Combined TRACON& Tower with Radar,132,302,30,0,464,0,0,3,0,3,132,302,33,0,467,0,0,0,467
01/21/2012,CLE,OH,AGL,CE,Combined TRACON& Tower with Radar,100,161,6,0,267,0,1,0,0,1,100,162,6,0,268,0,0,0,268
01/22/2012,CLE,OH,AGL,CE,Combined TRACON& Tower with Radar,118,256,19,0,393,0,0,1,0,1,118,256,20,0,394,0,0,0,394
01/23/2012,CLE,OH,AGL,CE,Combined TRACON& Tower with Radar,136,346,18,0,500,0,0,0,0,0,136,346,18,0,500,0,0,0,500
01/24/2012,CLE,OH,AGL,CE,Combined TRACON& Tower with Radar,135,297,23,2,457,0,1,0,0,1,135,298,23,2,458,0,0,0,458
01/25/2012,CLE,OH,AGL,CE,Combined TRACON& Tower with Radar,133,292,50,0,475,0,0,2,0,2,133,292,52,0,477,0,0,0,477
01/26/2012,CLE,OH,AGL,CE,Combined TRACON& Tower with Radar,143,356,28,1,528,0,0,0,0,0,143,356,28,1,528,0,0,0,528
01/27/2012,CLE,OH,AGL,CE,Combined TRACON& Tower with Radar,137,355,18,0,510,0,1,0,0,1,137,356,18,0,511,0,0,0,511
01/28/2012,CLE,OH,AGL,CE,Combined TRACON& Tower with Radar,104,186,13,0,303,0,2,0,0,2,104,188,13,0,305,0,0,0,305
01/29/2012,CLE,OH,AGL,CE,Combined TRACON& Tower with Radar,123,249,8,0,380,0,0,1,0,1,123,249,9,0,381,0,0,0,381
01/30/2012,CLE,OH,AGL,CE,Combined TRACON& Tower with Radar,134,352,18,0,504,0,0,2,0,2,134,352,20,0,506,0,0,0,506
01/31/2012,CLE,OH,AGL,CE,Combined TRACON& Tower with Radar,134,296,25,0,455,0,0,0,0,0,134,296,25,0,455,0,0,0,455
02/01/2012,CLE,OH,AGL,CE,Combined TRACON& Tower with Radar,132,300,26,0,458,0,0,0,0,0,132,300,26,0,458,0,0,0,458
02/02/2012,CLE,OH,AGL,CE,Combined TRACON& Tower with Radar,140,357,28,0,525,0,1,1,0,2,140,358,29,0,527,0,0,0,527
02/03/2012,CLE,OH,AGL,CE,Combined TRACON& Tower with Radar,135,356,35,0,526,0,0,9,0,9,135,356,44,0,535,0,0,0,535
02/04/2012,CLE,OH,AGL,CE,Combined TRACON& Tower with Radar,107,186,6,2,301,0,0,1,0,1,107,186,7,2,302,0,0,0,302
02/05/2012,CLE,OH,AGL,CE,Combined TRACON& Tower with Radar,121,256,11,0,388,0,0,2,0,2,121,256,13,0,390,0,0,0,390
02/06/2012,CLE,OH,AGL,CE,Combined TRACON& Tower with Radar,141,355,33,0,529,0,1,1,0,2,141,356,34,0,531,0,0,0,531
02/07/2012,CLE,OH,AGL,CE,Combined TRACON& Tower with Radar,135,295,21,0,451,0,0,0,0,0,135,295,21,0,451,0,0,0,451
02/08/2012,CLE,OH,AGL,CE,Combined TRACON& Tower with Radar,138,297,19,0,454,0,2,0,0,2,138,299,19,0,456,0,0,0,456
02/09/2012,CLE,OH,AGL,CE,Combined TRACON& Tower with Radar,139,355,24,0,518,0,0,2,0,2,139,355,26,0,520,0,0,0,520
02/10/2012,CLE,OH,AGL,CE,Combined TRACON& Tower with Radar,136,350,20,0,506,0,1,0,0,1,136,351,20,0,507,0,0,0,507
02/11/2012,CLE,OH,AGL,CE,Combined TRACON& Tower with Radar,97,151,5,0,253,0,0,0,0,0,97,151,5,0,253,0,0,0,253
02/12/2012,CLE,OH,AGL,CE,Combined TRACON& Tower with Radar,116,256,16,0,388,0,0,0,0,0,116,256,16,0,388,0,0,0,388
02/13/2012,CLE,OH,AGL,CE,Combined TRACON& Tower with Radar,137,349,17,1,504,0,0,3,0,3,137,349,20,1,507,0,0,0,507
02/14/2012,CLE,OH,AGL,CE,Combined TRACON& Tower with Radar,138,293,33,0,464,0,2,0,0,2,138,295,33,0,466,0,0,0,466
02/15/2012,CLE,OH,AGL,CE,Combined TRACON& Tower with Radar,141,319,28,1,489,0,2,2,0,4,141,321,30,1,493,0,0,0,493
02/16/2012,CLE,OH,AGL,CE,Combined TRACON& Tower with Radar,163,395,37,0,595,0,0,0,0,0,163,395,37,0,595,0,0,0,595
02/17/2012,CLE,OH,AGL,CE,Combined TRACON& Tower with Radar,157,381,24,0,562,0,3,1,0,4,157,384,25,0,566,0,0,0,566
02/18/2012,CLE,OH,AGL,CE,Combined TRACON& Tower with Radar,121,210,11,0,342,0,1,1,0,2,121,211,12,0,344,0,0,0,344
02/19/2012,CLE,OH,AGL,CE,Combined TRACON& Tower with Radar,137,291,11,0,439,0,3,1,0,4,137,294,12,0,443,0,0,0,443
02/20/2012,CLE,OH,AGL,CE,Combined TRACON& Tower with Radar,152,382,29,0,563,0,1,0,0,1,152,383,29,0,564,0,0,0,564
02/21/2012,CLE,OH,AGL,CE,Combined TRACON& Tower with Radar,154,369,23,0,546,0,1,0,0,1,154,370,23,0,547,0,0,0,547
02/22/2012,CLE,OH,AGL,CE,Combined TRACON& Tower with Radar,144,308,22,0,474,0,0,3,0,3,144,308,25,0,477,0,0,0,477
02/23/2012,CLE,OH,AGL,CE,Combined TRACON& Tower with Radar,164,375,43,0,582,0,2,1,0,3,164,377,44,0,585,0,0,0,585
02/24/2012,CLE,OH,AGL,CE,Combined TRACON& Tower with Radar,156,379,17,1,553,0,0,0,0,0,156,379,17,1,553,0,0,0,553
02/25/2012,CLE,OH,AGL,CE,Combined TRACON& Tower with Radar,117,201,12,0,330,0,0,0,0,0,117,201,12,0,330,0,0,0,330
02/26/2012,CLE,OH,AGL,CE,Combined TRACON& Tower with Radar,137,290,16,0,443,0,0,2,0,2,137,290,18,0,445,0,0,0,445
02/27/2012,CLE,OH,AGL,CE,Combined TRACON& Tower with Radar,154,382,20,0,556,0,1,1,0,2,154,383,21,0,558,0,0,0,558
02/28/2012,CLE,OH,AGL,CE,Combined TRACON& Tower with Radar,148,309,30,0,487,0,0,4,0,4,148,309,34,0,491,0,0,0,491
02/29/2012,CLE,OH,AGL,CE,Combined TRACON& Tower with Radar,138,314,18,1,471,0,0,0,0,0,138,314,18,1,471,0,0,0,471
03/01/2012,CLE,OH,AGL,CE,Combined TRACON& Tower with Radar,164,374,21,1,560,0,0,2,0,2,164,374,23,1,562,0,0,0,562
03/02/2012,CLE,OH,AGL,CE,Combined TRACON& Tower with Radar,157,377,27,5,566,0,0,0,0,0,157,377,27,5,566,0,0,0,566
03/03/2012,CLE,OH,AGL,CE,Combined TRACON& Tower with Radar,122,211,14,0,347,0,0,0,0,0,122,211,14,0,347,0,0,0,347
03/04/2012,CLE,OH,AGL,CE,Combined TRACON& Tower with Radar,136,313,10,0,459,0,0,0,0,0,136,313,10,0,459,0,0,0,459
03/05/2012,CLE,OH,AGL,CE,Combined TRACON& Tower with Radar,145,395,22,0,562,0,1,0,0,1,145,396,22,0,563,0,0,0,563
03/06/2012,CLE,OH,AGL,CE,Combined TRACON& Tower with Radar,147,315,32,2,496,0,2,2,0,4,147,317,34,2,500,0,0,0,500
03/07/2012,CLE,OH,AGL,CE,Combined TRACON& Tower with Radar,142,319,22,0,483,0,1,1,0,2,142,320,23,0,485,0,0,0,485
03/08/2012,CLE,OH,AGL,CE,Combined TRACON& Tower with Radar,152,408,27,0,587,0,0,0,0,0,152,408,27,0,587,0,0,0,587
03/09/2012,CLE,OH,AGL,CE,Combined TRACON& Tower with Radar,151,397,39,0,587,0,1,2,0,3,151,398,41,0,590,0,0,0,590
03/10/2012,CLE,OH,AGL,CE,Combined TRACON& Tower with Radar,131,216,6,0,353,0,0,0,0,0,131,216,6,0,353,0,0,0,353
03/11/2012,CLE,OH,AGL,CE,Combined TRACON& Tower with Radar,136,305,18,0,459,0,0,0,0,0,136,305,18,0,459,0,0,0,459
03/12/2012,CLE,OH,AGL,CE,Combined TRACON& Tower with Radar,150,392,30,0,572,0,1,0,0,1,150,393,30,0,573,0,0,0,573
03/13/2012,CLE,OH,AGL,CE,Combined TRACON& Tower with Radar,155,324,31,0,510,0,1,6,0,7,155,325,37,0,517,0,0,0,517
03/14/2012,CLE,OH,AGL,CE,Combined TRACON& Tower with Radar,146,326,26,2,500,0,0,0,0,0,146,326,26,2,500,0,0,0,500
03/15/2012,CLE,OH,AGL,CE,Combined TRACON& Tower with Radar,160,401,33,0,594,0,0,1,0,1,160,401,34,0,595,0,0,0,595
03/16/2012,CLE,OH,AGL,CE,Combined TRACON& Tower with Radar,155,412,24,0,591,0,1,2,0,3,155,413,26,0,594,0,0,0,594
03/17/2012,CLE,OH,AGL,CE,Combined TRACON& Tower with Radar,128,225,3,0,356,0,2,3,0,5,128,227,6,0,361,0,0,0,361
03/18/2012,CLE,OH,AGL,CE,Combined TRACON& Tower with Radar,142,316,5,0,463,0,0,0,0,0,142,316,5,0,463,0,0,0,463
03/19/2012,CLE,OH,AGL,CE,Combined TRACON& Tower with Radar,156,392,23,0,571,0,0,5,0,5,156,392,28,0,576,0,0,0,576
03/20/2012,CLE,OH,AGL,CE,Combined TRACON& Tower with Radar,149,316,21,0,486,0,2,1,0,3,149,318,22,0,489,0,0,0,489
03/21/2012,CLE,OH,AGL,CE,Combined TRACON& Tower with Radar,147,328,28,0,503,0,3,6,0,9,147,331,34,0,512,0,0,0,512
03/22/2012,CLE,OH,AGL,CE,Combined TRACON& Tower with Radar,153,405,37,0,595,0,1,1,1,3,153,406,38,1,598,0,0,0,598
03/23/2012,CLE,OH,AGL,CE,Combined TRACON& Tower with Radar,152,393,23,2,570,0,0,1,0,1,152,393,24,2,571,0,0,0,571
03/24/2012,CLE,OH,AGL,CE,Combined TRACON& Tower with Radar,130,227,8,0,365,0,0,2,0,2,130,227,10,0,367,0,0,0,367
03/25/2012,CLE,OH,AGL,CE,Combined TRACON& Tower with Radar,136,327,21,0,484,0,1,0,0,1,136,328,21,0,485,0,0,0,485
03/26/2012,CLE,OH,AGL,CE,Combined TRACON& Tower with Radar,149,391,21,0,561,0,1,1,0,2,149,392,22,0,563,0,0,0,563
03/27/2012,CLE,OH,AGL,CE,Combined TRACON& Tower with Radar,146,315,21,2,484,0,1,3,0,4,146,316,24,2,488,0,0,0,488
03/28/2012,CLE,OH,AGL,CE,Combined TRACON& Tower with Radar,149,319,28,0,496,0,0,1,0,1,149,319,29,0,497,0,0,0,497
03/29/2012,CLE,OH,AGL,CE,Combined TRACON& Tower with Radar,154,393,29,0,576,0,1,4,0,5,154,394,33,0,581,0,0,0,581
03/30/2012,CLE,OH,AGL,CE,Combined TRACON& Tower with Radar,162,413,36,1,612,0,1,4,0,5,162,414,40,1,617,0,0,0,617
03/31/2012,CLE,OH,AGL,CE,Combined TRACON& Tower with Radar,129,233,8,0,370,0,0,0,1,1,129,233,8,1,371,0,0,0,371
04/01/2012,CLE,OH,AGL,CE,Combined TRACON& Tower with Radar,154,311,18,0,483,0,0,0,0,0,154,311,18,0,483,0,0,0,483
04/02/2012,CLE,OH,AGL,CE,Combined TRACON& Tower with Radar,152,380,11,0,543,0,1,2,0,3,152,381,13,0,546,0,0,0,546
04/03/2012,CLE,OH,AGL,CE,Combined TRACON& Tower with Radar,154,313,11,0,478,0,0,8,0,8,154,313,19,0,486,0,0,0,486
04/04/2012,CLE,OH,AGL,CE,Combined TRACON& Tower with Radar,158,325,35,2,520,0,1,5,0,6,158,326,40,2,526,0,0,0,526
04/05/2012,CLE,OH,AGL,CE,Combined TRACON& Tower with Radar,160,402,28,0,590,0,0,7,0,7,160,402,35,0,597,0,0,0,597
04/06/2012,CLE,OH,AGL,CE,Combined TRACON& Tower with Radar,158,391,20,0,569,0,4,4,0,8,158,395,24,0,577,0,0,0,577
04/07/2012,CLE,OH,AGL,CE,Combined TRACON& Tower with Radar,134,211,14,0,359,0,0,0,0,0,134,211,14,0,359,0,0,0,359
04/08/2012,CLE,OH,AGL,CE,Combined TRACON& Tower with Radar,141,297,16,0,454,0,1,1,0,2,141,298,17,0,456,0,0,0,456
04/09/2012,CLE,OH,AGL,CE,Combined TRACON& Tower with Radar,160,382,26,0,568,0,1,0,0,1,160,383,26,0,569,0,0,0,569
04/10/2012,CLE,OH,AGL,CE,Combined TRACON& Tower with Radar,164,309,32,0,505,0,2,0,0,2,164,311,32,0,507,0,0,0,507
04/11/2012,CLE,OH,AGL,CE,Combined TRACON& Tower with Radar,157,317,25,0,499,0,1,0,0,1,157,318,25,0,500,0,0,0,500
04/12/2012,CLE,OH,AGL,CE,Combined TRACON& Tower with Radar,170,394,31,0,595,0,1,2,0,3,170,395,33,0,598,0,0,0,598
04/13/2012,CLE,OH,AGL,CE,Combined TRACON& Tower with Radar,163,394,36,0,593,0,1,2,0,3,163,395,38,0,596,0,0,0,596
04/14/2012,CLE,OH,AGL,CE,Combined TRACON& Tower with Radar,130,217,9,1,357,0,2,0,2,4,130,219,9,3,361,0,0,0,361
04/15/2012,CLE,OH,AGL,CE,Combined TRACON& Tower with Radar,141,308,16,2,467,0,0,0,0,0,141,308,16,2,467,0,0,0,467
04/16/2012,CLE,OH,AGL,CE,Combined TRACON& Tower with Radar,158,396,25,1,580,0,2,0,0,2,158,398,25,1,582,0,0,0,582
04/17/2012,CLE,OH,AGL,CE,Combined TRACON& Tower with Radar,154,316,29,3,502,0,2,3,0,5,154,318,32,3,507,0,0,0,507
04/18/2012,CLE,OH,AGL,CE,Combined TRACON& Tower with Radar,159,320,30,3,512,0,2,2,4,8,159,322,32,7,520,0,0,0,520
04/19/2012,CLE,OH,AGL,CE,Combined TRACON& Tower with Radar,161,396,33,2,592,0,0,1,0,1,161,396,34,2,593,0,0,0,593
04/20/2012,CLE,OH,AGL,CE,Combined TRACON& Tower with Radar,163,388,23,0,574,0,0,0,0,0,163,388,23,0,574,0,0,0,574
04/21/2012,CLE,OH,AGL,CE,Combined TRACON& Tower with Radar,133,211,10,0,354,0,1,1,0,2,133,212,11,0,356,0,0,0,356
04/22/2012,CLE,OH,AGL,CE,Combined TRACON& Tower with Radar,140,304,12,0,456,0,0,1,0,1,140,304,13,0,457,0,0,0,457
04/23/2012,CLE,OH,AGL,CE,Combined TRACON& Tower with Radar,155,411,24,0,590,0,1,0,0,1,155,412,24,0,591,0,0,0,591
04/24/2012,CLE,OH,AGL,CE,Combined TRACON& Tower with Radar,156,317,14,0,487,0,0,0,0,0,156,317,14,0,487,0,0,0,487
04/25/2012,CLE,OH,AGL,CE,Combined TRACON& Tower with Radar,164,319,31,0,514,0,1,5,0,6,164,320,36,0,520,0,0,0,520
04/26/2012,CLE,OH,AGL,CE,Combined TRACON& Tower with Radar,163,393,37,0,593,0,0,0,0,0,163,393,37,0,593,0,0,0,593
04/27/2012,CLE,OH,AGL,CE,Combined TRACON& Tower with Radar,162,382,27,0,571,0,0,4,0,4,162,382,31,0,575,0,0,0,575
04/28/2012,CLE,OH,AGL,CE,Combined TRACON& Tower with Radar,128,212,11,0,351,0,2,0,0,2,128,214,11,0,353,0,0,0,353
04/29/2012,CLE,OH,AGL,CE,Combined TRACON& Tower with Radar,142,315,8,0,465,0,1,0,0,1,142,316,8,0,466,0,0,0,466
04/30/2012,CLE,OH,AGL,CE,Combined TRACON& Tower with Radar,152,393,22,0,567,0,0,2,0,2,152,393,24,0,569,0,0,0,569
05/01/2012,CLE,OH,AGL,CE,Combined TRACON& Tower with Radar,159,331,38,0,528,0,0,1,0,1,159,331,39,0,529,0,0,0,529
05/02/2012,CLE,OH,AGL,CE,Combined TRACON& Tower with Radar,147,326,18,0,491,0,1,1,0,2,147,327,19,0,493,0,0,0,493
05/03/2012,CLE,OH,AGL,CE,Combined TRACON& Tower with Radar,156,385,27,0,568,0,0,1,0,1,156,385,28,0,569,0,0,0,569
05/04/2012,CLE,OH,AGL,CE,Combined TRACON& Tower with Radar,146,392,35,0,573,0,2,4,0,6,146,394,39,0,579,0,0,0,579
05/05/2012,CLE,OH,AGL,CE,Combined TRACON& Tower with Radar,118,212,13,0,343,0,0,0,0,0,118,212,13,0,343,0,0,0,343
05/06/2012,CLE,OH,AGL,CE,Combined TRACON& Tower with Radar,125,303,24,0,452,0,0,0,0,0,125,303,24,0,452,0,0,0,452
05/07/2012,CLE,OH,AGL,CE,Combined TRACON& Tower with Radar,145,386,25,0,556,0,0,0,0,0,145,386,25,0,556,0,0,0,556
05/08/2012,CLE,OH,AGL,CE,Combined TRACON& Tower with Radar,147,331,38,2,518,0,0,0,0,0,147,331,38,2,518,0,0,0,518
05/09/2012,CLE,OH,AGL,CE,Combined TRACON& Tower with Radar,145,324,29,0,498,0,3,1,0,4,145,327,30,0,502,0,0,0,502
05/10/2012,CLE,OH,AGL,CE,Combined TRACON& Tower with Radar,154,400,28,4,586,0,1,0,0,1,154,401,28,4,587,0,0,0,587
05/11/2012,CLE,OH,AGL,CE,Combined TRACON& Tower with Radar,155,398,34,0,587,0,4,6,0,10,155,402,40,0,597,0,0,0,597
05/12/2012,CLE,OH,AGL,CE,Combined TRACON& Tower with Radar,117,204,14,0,335,0,3,1,0,4,117,207,15,0,339,0,0,0,339
05/13/2012,CLE,OH,AGL,CE,Combined TRACON& Tower with Radar,135,305,16,0,456,0,0,0,0,0,135,305,16,0,456,0,0,0,456
05/14/2012,CLE,OH,AGL,CE,Combined TRACON& Tower with Radar,149,393,28,0,570,0,1,0,0,1,149,394,28,0,571,0,0,0,571
05/15/2012,CLE,OH,AGL,CE,Combined TRACON& Tower with Radar,155,324,40,0,519,0,3,4,0,7,155,327,44,0,526,0,0,0,526
05/16/2012,CLE,OH,AGL,CE,Combined TRACON& Tower with Radar,148,322,33,2,505,0,0,1,0,1,148,322,34,2,506,0,0,0,506
05/17/2012,CLE,OH,AGL,CE,Combined TRACON& Tower with Radar,163,400,37,0,600,0,1,2,0,3,163,401,39,0,603,0,0,0,603
05/18/2012,CLE,OH,AGL,CE,Combined TRACON& Tower with Radar,152,396,21,0,569,0,0,2,0,2,152,396,23,0,571,0,0,0,571
05/19/2012,CLE,OH,AGL,CE,Combined TRACON& Tower with Radar,116,211,12,0,339,0,1,3,0,4,116,212,15,0,343,0,0,0,343
05/20/2012,CLE,OH,AGL,CE,Combined TRACON& Tower with Radar,134,312,13,0,459,0,1,2,0,3,134,313,15,0,462,0,0,0,462
05/21/2012,CLE,OH,AGL,CE,Combined TRACON& Tower with Radar,150,395,18,2,565,0,0,2,0,2,150,395,20,2,567,0,0,0,567
05/22/2012,CLE,OH,AGL,CE,Combined TRACON& Tower with Radar,150,331,27,0,508,0,0,0,0,0,150,331,27,0,508,0,0,0,508
05/23/2012,CLE,OH,AGL,CE,Combined TRACON& Tower with Radar,152,325,28,0,505,0,0,3,0,3,152,325,31,0,508,0,0,0,508
05/24/2012,CLE,OH,AGL,CE,Combined TRACON& Tower with Radar,160,393,19,1,573,0,1,1,0,2,160,394,20,1,575,0,0,0,575
05/25/2012,CLE,OH,AGL,CE,Combined TRACON& Tower with Radar,153,391,22,0,566,0,2,18,0,20,153,393,40,0,586,0,0,0,586
05/26/2012,CLE,OH,AGL,CE,Combined TRACON& Tower with Radar,113,212,6,0,331,0,0,3,0,3,113,212,9,0,334,0,0,0,334
05/27/2012,CLE,OH,AGL,CE,Combined TRACON& Tower with Radar,112,190,12,0,314,0,0,1,0,1,112,190,13,0,315,0,0,0,315
05/28/2012,CLE,OH,AGL,CE,Combined TRACON& Tower with Radar,131,324,7,0,462,0,0,0,0,0,131,324,7,0,462,0,0,0,462
05/29/2012,CLE,OH,AGL,CE,Combined TRACON& Tower with Radar,150,346,23,0,519,0,0,2,1,3,150,346,25,1,522,0,0,0,522
05/30/2012,CLE,OH,AGL,CE,Combined TRACON& Tower with Radar,148,326,44,2,520,0,3,3,0,6,148,329,47,2,526,0,0,0,526
05/31/2012,CLE,OH,AGL,CE,Combined TRACON& Tower with Radar,153,398,24,2,577,0,4,1,0,5,153,402,25,2,582,0,0,0,582
06/01/2012,CLE,OH,AGL,CE,Combined TRACON& Tower with Radar,150,379,22,0,551,0,0,1,0,1,150,379,23,0,552,0,0,0,552
06/02/2012,CLE,OH,AGL,CE,Combined TRACON& Tower with Radar,121,207,1,0,329,0,1,0,0,1,121,208,1,0,330,0,0,0,330
06/03/2012,CLE,OH,AGL,CE,Combined TRACON& Tower with Radar,131,311,4,0,446,0,2,0,0,2,131,313,4,0,448,0,0,0,448
06/04/2012,CLE,OH,AGL,CE,Combined TRACON& Tower with Radar,152,390,21,0,563,0,3,2,0,5,152,393,23,0,568,0,0,0,568
06/05/2012,CLE,OH,AGL,CE,Combined TRACON& Tower with Radar,154,328,24,0,506,0,0,1,0,1,154,328,25,0,507,0,0,0,507
06/06/2012,CLE,OH,AGL,CE,Combined TRACON& Tower with Radar,148,336,19,0,503,0,0,1,0,1,148,336,20,0,504,0,0,0,504
06/07/2012,CLE,OH,AGL,CE,Combined TRACON& Tower with Radar,168,396,23,0,587,0,1,2,0,3,168,397,25,0,590,0,0,0,590
06/08/2012,CLE,OH,AGL,CE,Combined TRACON& Tower with Radar,169,393,22,0,584,0,0,1,0,1,169,393,23,0,585,0,0,0,585
06/09/2012,CLE,OH,AGL,CE,Combined TRACON& Tower with Radar,127,235,9,0,371,0,0,0,0,0,127,235,9,0,371,0,0,0,371
06/10/2012,CLE,OH,AGL,CE,Combined TRACON& Tower with Radar,146,318,7,2,473,0,1,3,0,4,146,319,10,2,477,0,0,0,477
06/11/2012,CLE,OH,AGL,CE,Combined TRACON& Tower with Radar,171,383,19,3,576,0,0,2,1,3,171,383,21,4,579,0,0,0,579
06/12/2012,CLE,OH,AGL,CE,Combined TRACON& Tower with Radar,168,376,35,0,579,0,0,0,0,0,168,376,35,0,579,0,0,0,579
06/13/2012,CLE,OH,AGL,CE,Combined TRACON& Tower with Radar,166,399,38,1,604,0,2,2,0,4,166,401,40,1,608,0,0,0,608
06/14/2012,CLE,OH,AGL,CE,Combined TRACON& Tower with Radar,174,395,24,6,599,0,0,0,0,0,174,395,24,6,599,0,0,0,599
06/15/2012,CLE,OH,AGL,CE,Combined TRACON& Tower with Radar,164,395,24,3,586,0,0,4,0,4,164,395,28,3,590,0,0,0,590
06/16/2012,CLE,OH,AGL,CE,Combined TRACON& Tower with Radar,130,233,8,0,371,0,2,0,0,2,130,235,8,0,373,0,0,0,373
06/17/2012,CLE,OH,AGL,CE,Combined TRACON& Tower with Radar,150,313,11,1,475,0,0,0,0,0,150,313,11,1,475,0,0,0,475
06/18/2012,CLE,OH,AGL,CE,Combined TRACON& Tower with Radar,167,386,22,0,575,0,1,2,1,4,167,387,24,1,579,0,0,0,579
06/19/2012,CLE,OH,AGL,CE,Combined TRACON& Tower with Radar,166,386,25,2,579,0,0,4,0,4,166,386,29,2,583,0,0,0,583
06/20/2012,CLE,OH,AGL,CE,Combined TRACON& Tower with Radar,171,388,35,0,594,0,0,0,0,0,171,388,35,0,594,0,0,0,594
06/21/2012,CLE,OH,AGL,CE,Combined TRACON& Tower with Radar,167,394,29,0,590,0,1,0,0,1,167,395,29,0,591,0,0,0,591
06/22/2012,CLE,OH,AGL,CE,Combined TRACON& Tower with Radar,161,360,21,0,542,0,1,2,0,3,161,361,23,0,545,0,0,0,545
06/23/2012,CLE,OH,AGL,CE,Combined TRACON& Tower with Radar,135,237,17,0,389,0,0,5,0,5,135,237,22,0,394,0,0,0,394
06/24/2012,CLE,OH,AGL,CE,Combined TRACON& Tower with Radar,152,301,10,0,463,0,1,0,0,1,152,302,10,0,464,0,0,0,464
06/25/2012,CLE,OH,AGL,CE,Combined TRACON& Tower with Radar,162,373,12,1,548,0,2,5,0,7,162,375,17,1,555,0,0,0,555
06/26/2012,CLE,OH,AGL,CE,Combined TRACON& Tower with Radar,168,382,20,1,571,0,0,7,0,7,168,382,27,1,578,0,0,0,578
06/27/2012,CLE,OH,AGL,CE,Combined TRACON& Tower with Radar,164,387,19,0,570,0,0,5,0,5,164,387,24,0,575,0,0,0,575
06/28/2012,CLE,OH,AGL,CE,Combined TRACON& Tower with Radar,175,392,25,1,593,0,0,0,0,0,175,392,25,1,593,0,0,0,593
06/29/2012,CLE,OH,AGL,CE,Combined TRACON& Tower with Radar,168,369,13,0,550,0,4,3,0,7,168,373,16,0,557,0,0,0,557
06/30/2012,CLE,OH,AGL,CE,Combined TRACON& Tower with Radar,132,237,7,0,376,0,0,1,0,1,132,237,8,0,377,0,0,0,377
07/01/2012,CLE,OH,AGL,CE,Combined TRACON& Tower with Radar,155,296,16,0,467,0,0,2,0,2,155,296,18,0,469,0,0,0,469
07/02/2012,CLE,OH,AGL,CE,Combined TRACON& Tower with Radar,163,357,7,0,527,0,2,2,0,4,163,359,9,0,531,0,0,0,531
07/03/2012,CLE,OH,AGL,CE,Combined TRACON& Tower with Radar,153,302,24,0,479,0,0,1,0,1,153,302,25,0,480,0,0,0,480
07/04/2012,CLE,OH,AGL,CE,Combined TRACON& Tower with Radar,114,227,8,0,349,0,3,5,0,8,114,230,13,0,357,0,0,0,357
07/05/2012,CLE,OH,AGL,CE,Combined TRACON& Tower with Radar,153,296,12,1,462,0,0,2,0,2,153,296,14,1,464,0,0,0,464
07/06/2012,CLE,OH,AGL,CE,Combined TRACON& Tower with Radar,164,316,12,0,492,0,0,0,0,0,164,316,12,0,492,0,0,0,492
07/07/2012,CLE,OH,AGL,CE,Combined TRACON& Tower with Radar,127,223,11,0,361,0,0,6,0,6,127,223,17,0,367,0,0,0,367
07/08/2012,CLE,OH,AGL,CE,Combined TRACON& Tower with Radar,154,301,17,0,472,0,2,0,0,2,154,303,17,0,474,0,0,0,474
07/09/2012,CLE,OH,AGL,CE,Combined TRACON& Tower with Radar,168,382,28,2,580,0,0,6,0,6,168,382,34,2,586,0,0,0,586
07/10/2012,CLE,OH,AGL,CE,Combined TRACON& Tower with Radar,167,375,17,0,559,0,0,5,0,5,167,375,22,0,564,0,0,0,564
07/11/2012,CLE,OH,AGL,CE,Combined TRACON& Tower with Radar,168,388,23,2,581,0,1,1,0,2,168,389,24,2,583,0,0,0,583
07/12/2012,CLE,OH,AGL,CE,Combined TRACON& Tower with Radar,173,387,36,0,596,0,0,0,0,0,173,387,36,0,596,0,0,0,596
07/13/2012,CLE,OH,AGL,CE,Combined TRACON& Tower with Radar,162,376,12,1,551,0,2,3,0,5,162,378,15,1,556,0,0,0,556
07/14/2012,CLE,OH,AGL,CE,Combined TRACON& Tower with Radar,136,219,16,0,371,0,3,0,0,3,136,222,16,0,374,0,0,0,374
07/15/2012,CLE,OH,AGL,CE,Combined TRACON& Tower with Radar,173,303,11,2,489,0,1,1,0,2,173,304,12,2,491,0,0,0,491
07/16/2012,CLE,OH,AGL,CE,Combined TRACON& Tower with Radar,170,383,19,1,573,0,0,1,0,1,170,383,20,1,574,0,0,0,574
07/17/2012,CLE,OH,AGL,CE,Combined TRACON& Tower with Radar,177,384,34,2,597,0,1,2,0,3,177,385,36,2,600,0,0,0,600
07/18/2012,CLE,OH,AGL,CE,Combined TRACON& Tower with Radar,174,343,28,1,546,0,2,9,1,12,174,345,37,2,558,0,0,0,558
07/19/2012,CLE,OH,AGL,CE,Combined TRACON& Tower with Radar,169,377,26,0,572,0,0,0,0,0,169,377,26,0,572,0,0,0,572
07/20/2012,CLE,OH,AGL,CE,Combined TRACON& Tower with Radar,168,382,18,2,570,0,0,0,0,0,168,382,18,2,570,0,0,0,570
07/21/2012,CLE,OH,AGL,CE,Combined TRACON& Tower with Radar,137,218,17,0,372,0,2,1,0,3,137,220,18,0,375,0,0,0,375
07/22/2012,CLE,OH,AGL,CE,Combined TRACON& Tower with Radar,166,309,30,0,505,0,1,1,0,2,166,310,31,0,507,0,0,0,507
07/23/2012,CLE,OH,AGL,CE,Combined TRACON& Tower with Radar,165,371,26,0,562,0,0,5,0,5,165,371,31,0,567,0,0,0,567
07/24/2012,CLE,OH,AGL,CE,Combined TRACON& Tower with Radar,173,401,24,0,598,0,0,0,0,0,173,401,24,0,598,0,0,0,598
07/25/2012,CLE,OH,AGL,CE,Combined TRACON& Tower with Radar,167,379,30,0,576,0,0,0,0,0,167,379,30,0,576,0,0,0,576
07/26/2012,CLE,OH,AGL,CE,Combined TRACON& Tower with Radar,161,351,25,0,537,0,2,1,0,3,161,353,26,0,540,0,0,0,540
07/27/2012,CLE,OH,AGL,CE,Combined TRACON& Tower with Radar,192,385,34,0,611,0,0,0,0,0,192,385,34,0,611,0,0,0,611
07/28/2012,CLE,OH,AGL,CE,Combined TRACON& Tower with Radar,135,206,9,0,350,0,0,1,0,1,135,206,10,0,351,0,0,0,351
07/29/2012,CLE,OH,AGL,CE,Combined TRACON& Tower with Radar,163,305,15,1,484,0,0,2,0,2,163,305,17,1,486,0,0,0,486
07/30/2012,CLE,OH,AGL,CE,Combined TRACON& Tower with Radar,168,395,36,0,599,0,0,0,0,0,168,395,36,0,599,0,0,0,599
07/31/2012,CLE,OH,AGL,CE,Combined TRACON& Tower with Radar,168,382,27,1,578,0,0,0,0,0,168,382,27,1,578,0,0,0,578
08/01/2012,CLE,OH,AGL,CE,Combined TRACON& Tower with Radar,160,381,26,0,567,0,1,1,0,2,160,382,27,0,569,0,0,0,569
08/02/2012,CLE,OH,AGL,CE,Combined TRACON& Tower with Radar,176,369,21,0,566,0,0,2,0,2,176,369,23,0,568,0,0,0,568
08/03/2012,CLE,OH,AGL,CE,Combined TRACON& Tower with Radar,169,368,22,0,559,0,0,1,0,1,169,368,23,0,560,0,0,0,560
08/04/2012,CLE,OH,AGL,CE,Combined TRACON& Tower with Radar,134,208,11,0,353,0,0,3,0,3,134,208,14,0,356,0,0,0,356
08/05/2012,CLE,OH,AGL,CE,Combined TRACON& Tower with Radar,161,274,8,0,443,0,0,0,0,0,161,274,8,0,443,0,0,0,443
08/06/2012,CLE,OH,AGL,CE,Combined TRACON& Tower with Radar,168,366,34,0,568,0,0,1,0,1,168,366,35,0,569,0,0,0,569
08/07/2012,CLE,OH,AGL,CE,Combined TRACON& Tower with Radar,172,377,39,0,588,0,1,2,0,3,172,378,41,0,591,0,0,0,591
08/08/2012,CLE,OH,AGL,CE,Combined TRACON& Tower with Radar,162,380,23,0,565,0,1,0,0,1,162,381,23,0,566,0,0,0,566
08/09/2012,CLE,OH,AGL,CE,Combined TRACON& Tower with Radar,161,350,21,0,532,0,0,1,0,1,161,350,22,0,533,0,0,0,533
08/10/2012,CLE,OH,AGL,CE,Combined TRACON& Tower with Radar,170,354,20,0,544,0,0,0,0,0,170,354,20,0,544,0,0,0,544
08/11/2012,CLE,OH,AGL,CE,Combined TRACON& Tower with Radar,136,214,7,0,357,0,0,0,0,0,136,214,7,0,357,0,0,0,357
08/12/2012,CLE,OH,AGL,CE,Combined TRACON& Tower with Radar,159,289,11,0,459,0,0,0,1,1,159,289,11,1,460,0,0,0,460
08/13/2012,CLE,OH,AGL,CE,Combined TRACON& Tower with Radar,166,384,19,2,571,0,0,10,0,10,166,384,29,2,581,0,0,0,581
08/14/2012,CLE,OH,AGL,CE,Combined TRACON& Tower with Radar,161,318,30,6,515,0,0,0,0,0,161,318,30,6,515,0,0,0,515
08/15/2012,CLE,OH,AGL,CE,Combined TRACON& Tower with Radar,173,333,28,3,537,0,3,6,0,9,173,336,34,3,546,0,0,0,546
08/16/2012,CLE,OH,AGL,CE,Combined TRACON& Tower with Radar,166,381,28,0,575,0,1,0,0,1,166,382,28,0,576,0,0,0,576
08/17/2012,CLE,OH,AGL,CE,Combined TRACON& Tower with Radar,171,376,35,0,582,0,0,3,0,3,171,376,38,0,585,0,0,0,585
08/18/2012,CLE,OH,AGL,CE,Combined TRACON& Tower with Radar,128,200,15,0,343,0,0,6,0,6,128,200,21,0,349,0,0,0,349
08/19/2012,CLE,OH,AGL,CE,Combined TRACON& Tower with Radar,156,296,21,0,473,0,1,0,0,1,156,297,21,0,474,0,0,0,474
08/20/2012,CLE,OH,AGL,CE,Combined TRACON& Tower with Radar,164,369,26,0,559,0,0,4,0,4,164,369,30,0,563,0,0,0,563
08/21/2012,CLE,OH,AGL,CE,Combined TRACON& Tower with Radar,160,316,22,0,498,0,2,0,1,3,160,318,22,1,501,0,0,0,501
08/22/2012,CLE,OH,AGL,CE,Combined TRACON& Tower with Radar,162,311,27,0,500,0,0,0,0,0,162,311,27,0,500,0,0,0,500
08/23/2012,CLE,OH,AGL,CE,Combined TRACON& Tower with Radar,177,386,21,0,584,0,1,2,0,3,177,387,23,0,587,0,0,0,587
08/24/2012,CLE,OH,AGL,CE,Combined TRACON& Tower with Radar,165,375,29,2,571,0,1,0,0,1,165,376,29,2,572,0,0,0,572
08/25/2012,CLE,OH,AGL,CE,Combined TRACON& Tower with Radar,130,201,14,0,345,0,0,3,0,3,130,201,17,0,348,0,0,0,348
08/26/2012,CLE,OH,AGL,CE,Combined TRACON& Tower with Radar,148,288,21,0,457,0,0,0,0,0,148,288,21,0,457,0,0,0,457
08/27/2012,CLE,OH,AGL,CE,Combined TRACON& Tower with Radar,166,354,21,1,542,0,0,1,0,1,166,354,22,1,543,0,0,0,543
08/28/2012,CLE,OH,AGL,CE,Combined TRACON& Tower with Radar,147,324,21,0,492,0,2,2,0,4,147,326,23,0,496,0,0,0,496
08/29/2012,CLE,OH,AGL,CE,Combined TRACON& Tower with Radar,148,323,42,0,513,0,2,3,0,5,148,325,45,0,518,0,0,0,518
08/30/2012,CLE,OH,AGL,CE,Combined TRACON& Tower with Radar,167,400,32,3,602,0,2,2,1,5,167,402,34,4,607,0,0,0,607
08/31/2012,CLE,OH,AGL,CE,Combined TRACON& Tower with Radar,160,398,24,2,584,0,0,4,3,7,160,398,28,5,591,0,0,0,591
09/01/2012,CLE,OH,AGL,CE,Combined TRACON& Tower with Radar,115,178,5,4,302,0,0,1,3,4,115,178,6,7,306,0,0,0,306
09/02/2012,CLE,OH,AGL,CE,Combined TRACON& Tower with Radar,102,149,7,1,259,0,0,0,0,0,102,149,7,1,259,0,0,0,259
09/03/2012,CLE,OH,AGL,CE,Combined TRACON& Tower with Radar,134,312,15,2,463,0,1,1,0,2,134,313,16,2,465,0,0,0,465
09/04/2012,CLE,OH,AGL,CE,Combined TRACON& Tower with Radar,163,365,23,0,551,0,0,0,0,0,163,365,23,0,551,0,0,0,551
09/05/2012,CLE,OH,AGL,CE,Combined TRACON& Tower with Radar,152,324,10,2,488,0,1,4,0,5,152,325,14,2,493,0,0,0,493
09/06/2012,CLE,OH,AGL,CE,Combined TRACON& Tower with Radar,165,385,22,0,572,0,0,1,0,1,165,385,23,0,573,0,0,0,573
09/07/2012,CLE,OH,AGL,CE,Combined TRACON& Tower with Radar,156,394,30,0,580,0,0,2,0,2,156,394,32,0,582,0,0,0,582
09/08/2012,CLE,OH,AGL,CE,Combined TRACON& Tower with Radar,121,185,16,0,322,0,4,0,0,4,121,189,16,0,326,0,0,0,326
09/09/2012,CLE,OH,AGL,CE,Combined TRACON& Tower with Radar,133,313,20,0,466,0,0,1,0,1,133,313,21,0,467,0,0,0,467
09/10/2012,CLE,OH,AGL,CE,Combined TRACON& Tower with Radar,158,377,32,0,567,0,2,4,0,6,158,379,36,0,573,0,0,0,573
09/11/2012,CLE,OH,AGL,CE,Combined TRACON& Tower with Radar,150,321,25,0,496,0,0,3,0,3,150,321,28,0,499,0,0,0,499
09/12/2012,CLE,OH,AGL,CE,Combined TRACON& Tower with Radar,147,327,31,0,505,0,0,2,0,2,147,327,33,0,507,0,0,0,507
09/13/2012,CLE,OH,AGL,CE,Combined TRACON& Tower with Radar,162,392,34,0,588,0,1,4,0,5,162,393,38,0,593,0,0,0,593
09/14/2012,CLE,OH,AGL,CE,Combined TRACON& Tower with Radar,168,393,33,0,594,0,1,0,0,1,168,394,33,0,595,0,0,0,595
09/15/2012,CLE,OH,AGL,CE,Combined TRACON& Tower with Radar,120,184,14,0,318,0,2,4,0,6,120,186,18,0,324,0,0,0,324
09/16/2012,CLE,OH,AGL,CE,Combined TRACON& Tower with Radar,139,306,23,0,468,0,2,1,0,3,139,308,24,0,471,0,0,0,471
09/17/2012,CLE,OH,AGL,CE,Combined TRACON& Tower with Radar,161,377,28,0,566,0,1,0,0,1,161,378,28,0,567,0,0,0,567
09/18/2012,CLE,OH,AGL,CE,Combined TRACON& Tower with Radar,154,322,43,0,519,0,0,1,0,1,154,322,44,0,520,0,0,0,520
09/19/2012,CLE,OH,AGL,CE,Combined TRACON& Tower with Radar,150,328,50,2,530,0,0,3,0,3,150,328,53,2,533,0,0,0,533
09/20/2012,CLE,OH,AGL,CE,Combined TRACON& Tower with Radar,165,390,39,0,594,0,1,2,0,3,165,391,41,0,597,0,0,0,597
09/21/2012,CLE,OH,AGL,CE,Combined TRACON& Tower with Radar,166,390,27,0,583,0,2,1,0,3,166,392,28,0,586,0,0,0,586
09/22/2012,CLE,OH,AGL,CE,Combined TRACON& Tower with Radar,115,184,14,0,313,0,0,2,0,2,115,184,16,0,315,0,0,0,315
09/23/2012,CLE,OH,AGL,CE,Combined TRACON& Tower with Radar,137,301,23,0,461,0,0,0,0,0,137,301,23,0,461,0,0,0,461
09/24/2012,CLE,OH,AGL,CE,Combined TRACON& Tower with Radar,160,381,23,0,564,0,0,4,0,4,160,381,27,0,568,0,0,0,568
09/25/2012,CLE,OH,AGL,CE,Combined TRACON& Tower with Radar,150,328,21,0,499,0,1,0,0,1,150,329,21,0,500,0,0,0,500
09/26/2012,CLE,OH,AGL,CE,Combined TRACON& Tower with Radar,152,325,25,0,502,0,2,0,0,2,152,327,25,0,504,0,0,0,504
09/27/2012,CLE,OH,AGL,CE,Combined TRACON& Tower with Radar,168,390,37,0,595,0,0,1,0,1,168,390,38,0,596,0,0,0,596
09/28/2012,CLE,OH,AGL,CE,Combined TRACON& Tower with Radar,166,389,25,1,581,0,0,3,0,3,166,389,28,1,584,0,0,0,584
09/29/2012,CLE,OH,AGL,CE,Combined TRACON& Tower with Radar,117,183,14,0,314,0,1,0,0,1,117,184,14,0,315,0,0,0,315
09/30/2012,CLE,OH,AGL,CE,Combined TRACON& Tower with Radar,134,301,17,1,453,0,0,0,0,0,134,301,17,1,453,0,0,0,453
10/01/2012,CLE,OH,AGL,CE,Combined TRACON& Tower with Radar,154,376,25,0,555,0,0,1,0,1,154,376,26,0,556,0,0,0,556
10/02/2012,CLE,OH,AGL,CE,Combined TRACON& Tower with Radar,147,326,22,2,497,0,0,0,1,1,147,326,22,3,498,0,0,0,498
10/03/2012,CLE,OH,AGL,CE,Combined TRACON& Tower with Radar,154,325,24,0,503,0,0,3,0,3,154,325,27,0,506,0,0,0,506
10/04/2012,CLE,OH,AGL,CE,Combined TRACON& Tower with Radar,167,395,35,2,599,0,1,2,0,3,167,396,37,2,602,0,0,0,602
10/05/2012,CLE,OH,AGL,CE,Combined TRACON& Tower with Radar,168,383,22,2,575,0,2,0,1,3,168,385,22,3,578,0,0,0,578
10/06/2012,CLE,OH,AGL,CE,Combined TRACON& Tower with Radar,114,213,16,4,347,0,0,0,1,1,114,213,16,5,348,0,0,0,348
10/07/2012,CLE,OH,AGL,CE,Combined TRACON& Tower with Radar,147,308,15,0,470,0,0,0,0,0,147,308,15,0,470,0,0,0,470
10/08/2012,CLE,OH,AGL,CE,Combined TRACON& Tower with Radar,167,382,24,0,573,0,0,1,0,1,167,382,25,0,574,0,0,0,574
10/09/2012,CLE,OH,AGL,CE,Combined TRACON& Tower with Radar,165,326,27,0,518,0,0,4,0,4,165,326,31,0,522,0,0,0,522
10/10/2012,CLE,OH,AGL,CE,Combined TRACON& Tower with Radar,170,337,25,0,532,0,0,2,0,2,170,337,27,0,534,0,0,0,534
10/11/2012,CLE,OH,AGL,CE,Combined TRACON& Tower with Radar,171,400,34,0,605,0,0,0,0,0,171,400,34,0,605,0,0,0,605
10/12/2012,CLE,OH,AGL,CE,Combined TRACON& Tower with Radar,169,389,30,0,588,0,1,1,0,2,169,390,31,0,590,0,0,0,590
10/13/2012,CLE,OH,AGL,CE,Combined TRACON& Tower with Radar,113,205,12,0,330,0,1,0,0,1,113,206,12,0,331,0,0,0,331
10/14/2012,CLE,OH,AGL,CE,Combined TRACON& Tower with Radar,147,312,15,0,474,0,1,0,0,1,147,313,15,0,475,0,0,0,475
10/15/2012,CLE,OH,AGL,CE,Combined TRACON& Tower with Radar,168,385,22,2,577,0,1,0,0,1,168,386,22,2,578,0,0,0,578
10/16/2012,CLE,OH,AGL,CE,Combined TRACON& Tower with Radar,158,321,21,0,500,0,0,5,0,5,158,321,26,0,505,0,0,0,505
10/17/2012,CLE,OH,AGL,CE,Combined TRACON& Tower with Radar,159,319,34,0,512,0,0,3,0,3,159,319,37,0,515,0,0,0,515
10/18/2012,CLE,OH,AGL,CE,Combined TRACON& Tower with Radar,173,397,22,0,592,0,0,0,0,0,173,397,22,0,592,0,0,0,592
10/19/2012,CLE,OH,AGL,CE,Combined TRACON& Tower with Radar,164,394,34,0,592,0,1,2,0,3,164,395,36,0,595,0,0,0,595
10/20/2012,CLE,OH,AGL,CE,Combined TRACON& Tower with Radar,115,207,6,0,328,0,1,1,0,2,115,208,7,0,330,0,0,0,330
10/21/2012,CLE,OH,AGL,CE,Combined TRACON& Tower with Radar,143,300,14,0,457,0,3,3,0,6,143,303,17,0,463,0,0,0,463
10/22/2012,CLE,OH,AGL,CE,Combined TRACON& Tower with Radar,160,377,25,2,564,0,0,9,0,9,160,377,34,2,573,0,0,0,573
10/23/2012,CLE,OH,AGL,CE,Combined TRACON& Tower with Radar,164,328,28,0,520,0,1,1,2,4,164,329,29,2,524,0,0,0,524
10/24/2012,CLE,OH,AGL,CE,Combined TRACON& Tower with Radar,159,323,39,2,523,0,1,1,0,2,159,324,40,2,525,0,0,0,525
10/25/2012,CLE,OH,AGL,CE,Combined TRACON& Tower with Radar,172,392,38,0,602,0,1,1,0,2,172,393,39,0,604,0,0,0,604
10/26/2012,CLE,OH,AGL,CE,Combined TRACON& Tower with Radar,122,260,18,3,403,0,0,0,0,0,122,260,18,3,403,0,0,0,403
10/27/2012,CLE,OH,AGL,CE,Combined TRACON& Tower with Radar,112,199,11,1,323,0,0,0,0,0,112,199,11,1,323,0,0,0,323
10/28/2012,CLE,OH,AGL,CE,Combined TRACON& Tower with Radar,151,292,19,0,462,0,0,0,0,0,151,292,19,0,462,0,0,0,462
10/29/2012,CLE,OH,AGL,CE,Combined TRACON& Tower with Radar,91,147,11,0,249,0,0,0,0,0,91,147,11,0,249,0,0,0,249
10/30/2012,CLE,OH,AGL,CE,Combined TRACON& Tower with Radar,76,91,11,0,178,0,0,0,0,0,76,91,11,0,178,0,0,0,178
10/31/2012,CLE,OH,AGL,CE,Combined TRACON& Tower with Radar,123,219,12,0,354,0,0,0,0,0,123,219,12,0,354,0,0,0,354
11/01/2012,CLE,OH,AGL,CE,Combined TRACON& Tower with Radar,164,373,13,0,550,0,0,3,0,3,164,373,16,0,553,0,0,0,553
11/02/2012,CLE,OH,AGL,CE,Combined TRACON& Tower with Radar,175,386,33,1,595,0,0,1,0,1,175,386,34,1,596,0,0,0,596
11/03/2012,CLE,OH,AGL,CE,Combined TRACON& Tower with Radar,120,204,23,0,347,0,3,2,0,5,120,207,25,0,352,0,0,0,352
11/04/2012,CLE,OH,AGL,CE,Combined TRACON& Tower with Radar,143,293,28,0,464,0,1,0,1,2,143,294,28,1,466,0,0,0,466
11/05/2012,CLE,OH,AGL,CE,Combined TRACON& Tower with Radar,163,376,30,0,569,0,0,4,0,4,163,376,34,0,573,0,0,0,573
11/06/2012,CLE,OH,AGL,CE,Combined TRACON& Tower with Radar,152,303,40,2,497,0,1,5,1,7,152,304,45,3,504,0,0,0,504
11/07/2012,CLE,OH,AGL,CE,Combined TRACON& Tower with Radar,144,287,24,2,457,0,0,2,0,2,144,287,26,2,459,0,0,0,459
11/08/2012,CLE,OH,AGL,CE,Combined TRACON& Tower with Radar,173,375,31,0,579,0,0,1,0,1,173,375,32,0,580,0,0,0,580
11/09/2012,CLE,OH,AGL,CE,Combined TRACON& Tower with Radar,160,372,15,2,549,0,1,3,0,4,160,373,18,2,553,0,0,0,553
11/10/2012,CLE,OH,AGL,CE,Combined TRACON& Tower with Radar,122,183,12,0,317,0,0,2,1,3,122,183,14,1,320,0,0,0,320
11/11/2012,CLE,OH,AGL,CE,Combined TRACON& Tower with Radar,139,306,16,0,461,0,0,4,0,4,139,306,20,0,465,0,0,0,465
11/12/2012,CLE,OH,AGL,CE,Combined TRACON& Tower with Radar,175,367,18,0,560,0,0,0,0,0,175,367,18,0,560,0,0,0,560
11/13/2012,CLE,OH,AGL,CE,Combined TRACON& Tower with Radar,150,343,32,0,525,0,2,1,0,3,150,345,33,0,528,0,0,0,528
11/14/2012,CLE,OH,AGL,CE,Combined TRACON& Tower with Radar,153,319,36,0,508,0,0,0,0,0,153,319,36,0,508,0,0,0,508
11/15/2012,CLE,OH,AGL,CE,Combined TRACON& Tower with Radar,170,376,31,1,578,0,0,1,0,1,170,376,32,1,579,0,0,0,579
11/16/2012,CLE,OH,AGL,CE,Combined TRACON& Tower with Radar,164,385,22,1,572,0,0,1,0,1,164,385,23,1,573,0,0,0,573
11/17/2012,CLE,OH,AGL,CE,Combined TRACON& Tower with Radar,121,195,17,0,333,0,0,1,0,1,121,195,18,0,334,0,0,0,334
11/18/2012,CLE,OH,AGL,CE,Combined TRACON& Tower with Radar,137,297,21,0,455,0,0,1,0,1,137,297,22,0,456,0,0,0,456
11/19/2012,CLE,OH,AGL,CE,Combined TRACON& Tower with Radar,144,313,37,0,494,0,0,3,0,3,144,313,40,0,497,0,0,0,497
11/20/2012,CLE,OH,AGL,CE,Combined TRACON& Tower with Radar,149,320,44,0,513,0,1,3,1,5,149,321,47,1,518,0,0,0,518
11/21/2012,CLE,OH,AGL,CE,Combined TRACON& Tower with Radar,166,381,23,0,570,0,1,3,0,4,166,382,26,0,574,0,0,0,574
11/22/2012,CLE,OH,AGL,CE,Combined TRACON& Tower with Radar,90,178,4,0,272,0,2,3,0,5,90,180,7,0,277,0,0,0,277
11/23/2012,CLE,OH,AGL,CE,Combined TRACON& Tower with Radar,114,192,6,0,312,0,0,1,0,1,114,192,7,0,313,0,0,0,313
11/24/2012,CLE,OH,AGL,CE,Combined TRACON& Tower with Radar,135,335,9,0,479,0,0,0,0,0,135,335,9,0,479,0,0,0,479
11/25/2012,CLE,OH,AGL,CE,Combined TRACON& Tower with Radar,159,377,22,0,558,0,0,1,0,1,159,377,23,0,559,0,0,0,559
11/26/2012,CLE,OH,AGL,CE,Combined TRACON& Tower with Radar,158,393,31,0,582,0,0,2,0,2,158,393,33,0,584,0,0,0,584
11/27/2012,CLE,OH,AGL,CE,Combined TRACON& Tower with Radar,150,314,22,2,488,0,2,0,0,2,150,316,22,2,490,0,0,0,490
11/28/2012,CLE,OH,AGL,CE,Combined TRACON& Tower with Radar,140,337,28,0,505,0,0,4,0,4,140,337,32,0,509,0,0,0,509
11/29/2012,CLE,OH,AGL,CE,Combined TRACON& Tower with Radar,174,383,36,0,593,0,1,1,0,2,174,384,37,0,595,0,0,0,595
11/30/2012,CLE,OH,AGL,CE,Combined TRACON& Tower with Radar,173,379,21,0,573,0,1,3,0,4,173,380,24,0,577,0,0,0,577
12/01/2012,CLE,OH,AGL,CE,Combined TRACON& Tower with Radar,109,192,13,0,314,0,3,3,0,6,109,195,16,0,320,0,0,0,320
12/02/2012,CLE,OH,AGL,CE,Combined TRACON& Tower with Radar,130,299,14,1,444,0,0,0,0,0,130,299,14,1,444,0,0,0,444
12/03/2012,CLE,OH,AGL,CE,Combined TRACON& Tower with Radar,168,372,16,1,557,0,0,0,0,0,168,372,16,1,557,0,0,0,557
12/04/2012,CLE,OH,AGL,CE,Combined TRACON& Tower with Radar,140,333,23,3,499,0,0,1,0,1,140,333,24,3,500,0,0,0,500
12/05/2012,CLE,OH,AGL,CE,Combined TRACON& Tower with Radar,134,332,29,0,495,0,0,6,1,7,134,332,35,1,502,0,0,0,502
12/06/2012,CLE,OH,AGL,CE,Combined TRACON& Tower with Radar,168,384,21,1,574,0,1,1,0,2,168,385,22,1,576,0,0,0,576
12/07/2012,CLE,OH,AGL,CE,Combined TRACON& Tower with Radar,167,377,18,1,563,0,0,0,0,0,167,377,18,1,563,0,0,0,563
12/08/2012,CLE,OH,AGL,CE,Combined TRACON& Tower with Radar,110,187,13,0,310,0,0,0,0,0,110,187,13,0,310,0,0,0,310
12/09/2012,CLE,OH,AGL,CE,Combined TRACON& Tower with Radar,129,296,19,0,444,0,0,2,0,2,129,296,21,0,446,0,0,0,446
12/10/2012,CLE,OH,AGL,CE,Combined TRACON& Tower with Radar,157,361,15,0,533,0,2,0,0,2,157,363,15,0,535,0,0,0,535
12/11/2012,CLE,OH,AGL,CE,Combined TRACON& Tower with Radar,142,322,25,1,490,0,2,0,0,2,142,324,25,1,492,0,0,0,492
12/12/2012,CLE,OH,AGL,CE,Combined TRACON& Tower with Radar,143,346,34,0,523,0,0,1,0,1,143,346,35,0,524,0,0,0,524
12/13/2012,CLE,OH,AGL,CE,Combined TRACON& Tower with Radar,169,383,27,1,580,0,0,3,0,3,169,383,30,1,583,0,0,0,583
12/14/2012,CLE,OH,AGL,CE,Combined TRACON& Tower with Radar,173,377,43,0,593,0,0,1,0,1,173,377,44,0,594,0,0,0,594
12/15/2012,CLE,OH,AGL,CE,Combined TRACON& Tower with Radar,110,187,6,0,303,0,1,3,0,4,110,188,9,0,307,0,0,0,307
12/16/2012,CLE,OH,AGL,CE,Combined TRACON& Tower with Radar,126,304,10,0,440,0,1,0,0,1,126,305,10,0,441,0,0,0,441
12/17/2012,CLE,OH,AGL,CE,Combined TRACON& Tower with Radar,159,351,28,0,538,0,0,0,0,0,159,351,28,0,538,0,0,0,538
12/18/2012,CLE,OH,AGL,CE,Combined TRACON& Tower with Radar,146,320,21,0,487,0,1,0,0,1,146,321,21,0,488,0,0,0,488
12/19/2012,CLE,OH,AGL,CE,Combined TRACON& Tower with Radar,177,359,27,0,563,0,0,3,0,3,177,359,30,0,566,0,0,0,566
12/20/2012,CLE,OH,AGL,CE,Combined TRACON& Tower with Radar,182,350,15,1,548,0,0,0,0,0,182,350,15,1,548,0,0,0,548
12/21/2012,CLE,OH,AGL,CE,Combined TRACON& Tower with Radar,187,327,14,0,528,0,0,0,0,0,187,327,14,0,528,0,0,0,528
12/22/2012,CLE,OH,AGL,CE,Combined TRACON& Tower with Radar,160,237,13,0,410,0,0,0,0,0,160,237,13,0,410,0,0,0,410
12/23/2012,CLE,OH,AGL,CE,Combined TRACON& Tower with Radar,141,286,13,0,440,0,1,3,0,4,141,287,16,0,444,0,0,0,444
12/24/2012,CLE,OH,AGL,CE,Combined TRACON& Tower with Radar,113,171,2,0,286,0,0,0,0,0,113,171,2,0,286,0,0,0,286
12/25/2012,CLE,OH,AGL,CE,Combined TRACON& Tower with Radar,111,228,1,0,340,0,0,1,0,1,111,228,2,0,341,0,0,0,341
12/26/2012,CLE,OH,AGL,CE,Combined TRACON& Tower with Radar,135,154,11,0,300,0,0,0,0,0,135,154,11,0,300,0,0,0,300
12/27/2012,CLE,OH,AGL,CE,Combined TRACON& Tower with Radar,181,281,32,0,494,0,0,0,0,0,181,281,32,0,494,0,0,0,494
12/28/2012,CLE,OH,AGL,CE,Combined TRACON& Tower with Radar,187,339,16,2,544,0,0,1,0,1,187,339,17,2,545,0,0,0,545
12/29/2012,CLE,OH,AGL,CE,Combined TRACON& Tower with Radar,131,208,10,1,350,0,0,0,0,0,131,208,10,1,350,0,0,0,350
12/30/2012,CLE,OH,AGL,CE,Combined TRACON& Tower with Radar,147,293,4,0,444,0,1,0,0,1,147,294,4,0,445,0,0,0,445
12/31/2012,CLE,OH,AGL,CE,Combined TRACON& Tower with Radar,117,182,10,0,309,0,0,2,0,2,117,182,12,0,311,0,0,0,311
01/01/2013,CLE,OH,AGL,CE,Combined TRACON& Tower with Radar,116,259,5,0,380,0,0,0,0,0,116,259,5,0,380,0,0,0,380
01/02/2013,CLE,OH,AGL,CE,Combined TRACON& Tower with Radar,176,354,24,2,556,0,0,0,0,0,176,354,24,2,556,0,0,0,556
01/03/2013,CLE,OH,AGL,CE,Combined TRACON& Tower with Radar,148,361,11,0,520,0,2,0,0,2,148,363,11,0,522,0,0,0,522
01/04/2013,CLE,OH,AGL,CE,Combined TRACON& Tower with Radar,145,353,11,0,509,0,2,0,1,3,145,355,11,1,512,0,0,0,512
01/05/2013,CLE,OH,AGL,CE,Combined TRACON& Tower with Radar,111,170,10,1,292,0,0,0,0,0,111,170,10,1,292,0,0,0,292
01/06/2013,CLE,OH,AGL,CE,Combined TRACON& Tower with Radar,132,259,19,0,410,0,1,0,0,1,132,260,19,0,411,0,0,0,411
01/07/2013,CLE,OH,AGL,CE,Combined TRACON& Tower with Radar,141,354,21,0,516,0,0,2,0,2,141,354,23,0,518,0,0,0,518
01/08/2013,CLE,OH,AGL,CE,Combined TRACON& Tower with Radar,139,279,22,0,440,0,0,2,0,2,139,279,24,0,442,0,0,0,442
01/09/2013,CLE,OH,AGL,CE,Combined TRACON& Tower with Radar,146,284,25,0,455,0,1,3,0,4,146,285,28,0,459,0,0,0,459
01/10/2013,CLE,OH,AGL,CE,Combined TRACON& Tower with Radar,155,342,16,0,513,0,0,7,0,7,155,342,23,0,520,0,0,0,520
01/11/2013,CLE,OH,AGL,CE,Combined TRACON& Tower with Radar,154,343,13,0,510,0,0,0,0,0,154,343,13,0,510,0,0,0,510
01/12/2013,CLE,OH,AGL,CE,Combined TRACON& Tower with Radar,106,150,8,0,264,0,0,0,0,0,106,150,8,0,264,0,0,0,264
01/13/2013,CLE,OH,AGL,CE,Combined TRACON& Tower with Radar,130,241,9,0,380,0,0,0,0,0,130,241,9,0,380,0,0,0,380
01/14/2013,CLE,OH,AGL,CE,Combined TRACON& Tower with Radar,143,356,21,0,520,0,2,0,0,2,143,358,21,0,522,0,0,0,522
01/15/2013,CLE,OH,AGL,CE,Combined TRACON& Tower with Radar,135,290,22,4,451,0,0,0,0,0,135,290,22,4,451,0,0,0,451
01/16/2013,CLE,OH,AGL,CE,Combined TRACON& Tower with Radar,147,296,23,0,466,0,1,1,0,2,147,297,24,0,468,0,0,0,468
01/17/2013,CLE,OH,AGL,CE,Combined TRACON& Tower with Radar,155,352,32,0,539,0,1,1,0,2,155,353,33,0,541,0,0,0,541
01/18/2013,CLE,OH,AGL,CE,Combined TRACON& Tower with Radar,152,351,26,2,531,0,3,0,0,3,152,354,26,2,534,0,0,0,534
01/19/2013,CLE,OH,AGL,CE,Combined TRACON& Tower with Radar,103,152,8,0,263,0,0,5,0,5,103,152,13,0,268,0,0,0,268
01/20/2013,CLE,OH,AGL,CE,Combined TRACON& Tower with Radar,136,251,13,0,400,0,0,0,0,0,136,251,13,0,400,0,0,0,400
01/21/2013,CLE,OH,AGL,CE,Combined TRACON& Tower with Radar,144,333,24,0,501,0,0,0,0,0,144,333,24,0,501,0,0,0,501
01/22/2013,CLE,OH,AGL,CE,Combined TRACON& Tower with Radar,138,283,30,0,451,0,0,0,0,0,138,283,30,0,451,0,0,0,451
01/23/2013,CLE,OH,AGL,CE,Combined TRACON& Tower with Radar,141,286,25,0,452,0,0,2,0,2,141,286,27,0,454,0,0,0,454
01/24/2013,CLE,OH,AGL,CE,Combined TRACON& Tower with Radar,153,355,23,0,531,0,0,4,0,4,153,355,27,0,535,0,0,0,535
01/25/2013,CLE,OH,AGL,CE,Combined TRACON& Tower with Radar,153,339,23,4,519,0,0,0,0,0,153,339,23,4,519,0,0,0,519
01/26/2013,CLE,OH,AGL,CE,Combined TRACON& Tower with Radar,105,160,15,0,280,0,0,0,0,0,105,160,15,0,280,0,0,0,280
01/27/2013,CLE,OH,AGL,CE,Combined TRACON& Tower with Radar,139,254,15,0,408,0,1,0,0,1,139,255,15,0,409,0,0,0,409
01/28/2013,CLE,OH,AGL,CE,Combined TRACON& Tower with Radar,143,328,20,0,491,0,0,0,0,0,143,328,20,0,491,0,0,0,491
01/29/2013,CLE,OH,AGL,CE,Combined TRACON& Tower with Radar,140,278,27,0,445,0,0,0,0,0,140,278,27,0,445,0,0,0,445
01/30/2013,CLE,OH,AGL,CE,Combined TRACON& Tower with Radar,135,271,22,0,428,0,0,0,0,0,135,271,22,0,428,0,0,0,428
01/31/2013,CLE,OH,AGL,CE,Combined TRACON& Tower with Radar,157,344,23,0,524,0,0,0,0,0,157,344,23,0,524,0,0,0,524
02/01/2013,CLE,OH,AGL,CE,Combined TRACON& Tower with Radar,152,334,18,0,504,0,0,0,0,0,152,334,18,0,504,0,0,0,504
02/02/2013,CLE,OH,AGL,CE,Combined TRACON& Tower with Radar,117,157,7,0,281,0,0,0,0,0,117,157,7,0,281,0,0,0,281
02/03/2013,CLE,OH,AGL,CE,Combined TRACON& Tower with Radar,131,261,11,0,403,0,0,1,0,1,131,261,12,0,404,0,0,0,404
02/04/2013,CLE,OH,AGL,CE,Combined TRACON& Tower with Radar,146,354,35,0,535,0,0,0,0,0,146,354,35,0,535,0,0,0,535
02/05/2013,CLE,OH,AGL,CE,Combined TRACON& Tower with Radar,140,290,30,0,460,0,0,1,0,1,140,290,31,0,461,0,0,0,461
02/06/2013,CLE,OH,AGL,CE,Combined TRACON& Tower with Radar,143,294,33,0,470,0,1,2,0,3,143,295,35,0,473,0,0,0,473
02/07/2013,CLE,OH,AGL,CE,Combined TRACON& Tower with Radar,151,334,41,0,526,0,1,1,0,2,151,335,42,0,528,0,0,0,528
02/08/2013,CLE,OH,AGL,CE,Combined TRACON& Tower with Radar,144,269,35,1,449,0,0,0,0,0,144,269,35,1,449,0,0,0,449
02/09/2013,CLE,OH,AGL,CE,Combined TRACON& Tower with Radar,103,134,5,0,242,0,3,0,0,3,103,137,5,0,245,0,0,0,245
02/10/2013,CLE,OH,AGL,CE,Combined TRACON& Tower with Radar,138,259,20,1,418,0,0,0,0,0,138,259,20,1,418,0,0,0,418
02/11/2013,CLE,OH,AGL,CE,Combined TRACON& Tower with Radar,143,330,23,0,496,0,0,1,0,1,143,330,24,0,497,0,0,0,497
02/12/2013,CLE,OH,AGL,CE,Combined TRACON& Tower with Radar,146,286,28,0,460,0,0,0,0,0,146,286,28,0,460,0,0,0,460
02/13/2013,CLE,OH,AGL,CE,Combined TRACON& Tower with Radar,143,298,39,0,480,0,0,5,0,5,143,298,44,0,485,0,0,0,485
02/14/2013,CLE,OH,AGL,CE,Combined TRACON& Tower with Radar,174,374,35,0,583,0,0,1,0,1,174,374,36,0,584,0,0,0,584
02/15/2013,CLE,OH,AGL,CE,Combined TRACON& Tower with Radar,171,380,30,0,581,0,0,0,0,0,171,380,30,0,581,0,0,0,581
02/16/2013,CLE,OH,AGL,CE,Combined TRACON& Tower with Radar,115,202,8,2,327,0,0,0,0,0,115,202,8,2,327,0,0,0,327
02/17/2013,CLE,OH,AGL,CE,Combined TRACON& Tower with Radar,144,291,9,0,444,0,0,0,0,0,144,291,9,0,444,0,0,0,444
02/18/2013,CLE,OH,AGL,CE,Combined TRACON& Tower with Radar,168,362,34,0,564,0,0,1,1,2,168,362,35,1,566,0,0,0,566
02/19/2013,CLE,OH,AGL,CE,Combined TRACON& Tower with Radar,167,358,22,0,547,0,0,0,0,0,167,358,22,0,547,0,0,0,547
02/20/2013,CLE,OH,AGL,CE,Combined TRACON& Tower with Radar,165,295,24,0,484,0,1,0,0,1,165,296,24,0,485,0,0,0,485
02/21/2013,CLE,OH,AGL,CE,Combined TRACON& Tower with Radar,178,365,26,0,569,0,0,0,0,0,178,365,26,0,569,0,0,0,569
02/22/2013,CLE,OH,AGL,CE,Combined TRACON& Tower with Radar,169,321,11,0,501,0,0,0,0,0,169,321,11,0,501,0,0,0,501
02/23/2013,CLE,OH,AGL,CE,Combined TRACON& Tower with Radar,118,209,10,0,337,0,2,0,1,3,118,211,10,1,340,0,0,0,340
02/24/2013,CLE,OH,AGL,CE,Combined TRACON& Tower with Radar,145,309,23,0,477,0,1,1,0,2,145,310,24,0,479,0,0,0,479
02/25/2013,CLE,OH,AGL,CE,Combined TRACON& Tower with Radar,164,368,21,0,553,0,1,0,0,1,164,369,21,0,554,0,0,0,554
02/26/2013,CLE,OH,AGL,CE,Combined TRACON& Tower with Radar,155,288,32,0,475,0,2,1,0,3,155,290,33,0,478,0,0,0,478
02/27/2013,CLE,OH,AGL,CE,Combined TRACON& Tower with Radar,163,280,35,0,478,0,0,0,0,0,163,280,35,0,478,0,0,0,478
02/28/2013,CLE,OH,AGL,CE,Combined TRACON& Tower with Radar,171,376,26,0,573,0,0,0,0,0,171,376,26,0,573,0,0,0,573
03/01/2013,CLE,OH,AGL,CE,Combined TRACON& Tower with Radar,177,356,22,0,555,0,0,0,0,0,177,356,22,0,555,0,0,0,555
03/02/2013,CLE,OH,AGL,CE,Combined TRACON& Tower with Radar,127,213,15,0,355,0,0,0,0,0,127,213,15,0,355,0,0,0,355
03/03/2013,CLE,OH,AGL,CE,Combined TRACON& Tower with Radar,155,302,10,0,467,0,0,0,0,0,155,302,10,0,467,0,0,0,467
03/04/2013,CLE,OH,AGL,CE,Combined TRACON& Tower with Radar,177,356,15,0,548,0,3,1,0,4,177,359,16,0,552,0,0,0,552
03/05/2013,CLE,OH,AGL,CE,Combined TRACON& Tower with Radar,145,284,18,0,447,0,1,1,0,2,145,285,19,0,449,0,0,0,449
03/06/2013,CLE,OH,AGL,CE,Combined TRACON& Tower with Radar,156,283,29,0,468,0,0,0,0,0,156,283,29,0,468,0,0,0,468
03/07/2013,CLE,OH,AGL,CE,Combined TRACON& Tower with Radar,185,357,29,0,571,0,0,1,1,2,185,357,30,1,573,0,0,0,573
03/08/2013,CLE,OH,AGL,CE,Combined TRACON& Tower with Radar,178,342,27,0,547,0,0,4,0,4,178,342,31,0,551,0,0,0,551
03/09/2013,CLE,OH,AGL,CE,Combined TRACON& Tower with Radar,140,210,11,1,362,0,0,4,0,4,140,210,15,1,366,0,0,0,366
03/10/2013,CLE,OH,AGL,CE,Combined TRACON& Tower with Radar,154,290,20,0,464,0,2,1,0,3,154,292,21,0,467,0,0,0,467
03/11/2013,CLE,OH,AGL,CE,Combined TRACON& Tower with Radar,181,363,22,0,566,0,0,0,0,0,181,363,22,0,566,0,0,0,566
03/12/2013,CLE,OH,AGL,CE,Combined TRACON& Tower with Radar,171,299,22,2,494,0,1,0,0,1,171,300,22,2,495,0,0,0,495
03/13/2013,CLE,OH,AGL,CE,Combined TRACON& Tower with Radar,163,302,17,0,482,0,0,0,0,0,163,302,17,0,482,0,0,0,482
03/14/2013,CLE,OH,AGL,CE,Combined TRACON& Tower with Radar,192,375,34,2,603,0,0,1,0,1,192,375,35,2,604,0,0,0,604
03/15/2013,CLE,OH,AGL,CE,Combined TRACON& Tower with Radar,187,363,17,0,567,0,0,3,1,4,187,363,20,1,571,0,0,0,571
03/16/2013,CLE,OH,AGL,CE,Combined TRACON& Tower with Radar,134,225,12,0,371,0,0,0,0,0,134,225,12,0,371,0,0,0,371
03/17/2013,CLE,OH,AGL,CE,Combined TRACON& Tower with Radar,157,297,14,0,468,0,0,0,0,0,157,297,14,0,468,0,0,0,468
03/18/2013,CLE,OH,AGL,CE,Combined TRACON& Tower with Radar,179,348,15,0,542,0,0,0,0,0,179,348,15,0,542,0,0,0,542
03/19/2013,CLE,OH,AGL,CE,Combined TRACON& Tower with Radar,166,289,31,0,486,0,0,1,0,1,166,289,32,0,487,0,0,0,487
03/20/2013,CLE,OH,AGL,CE,Combined TRACON& Tower with Radar,163,305,33,0,501,0,1,2,2,5,163,306,35,2,506,0,0,0,506
03/21/2013,CLE,OH,AGL,CE,Combined TRACON& Tower with Radar,192,374,18,0,584,0,0,0,0,0,192,374,18,0,584,0,0,0,584
03/22/2013,CLE,OH,AGL,CE,Combined TRACON& Tower with Radar,193,360,20,0,573,0,0,2,0,2,193,360,22,0,575,0,0,0,575
03/23/2013,CLE,OH,AGL,CE,Combined TRACON& Tower with Radar,133,218,9,0,360,0,2,6,0,8,133,220,15,0,368,0,0,0,368
03/24/2013,CLE,OH,AGL,CE,Combined TRACON& Tower with Radar,161,293,12,0,466,0,1,2,0,3,161,294,14,0,469,0,0,0,469
03/25/2013,CLE,OH,AGL,CE,Combined TRACON& Tower with Radar,182,339,19,0,540,0,0,0,0,0,182,339,19,0,540,0,0,0,540
03/26/2013,CLE,OH,AGL,CE,Combined TRACON& Tower with Radar,165,298,19,0,482,0,0,0,1,1,165,298,19,1,483,0,0,0,483
03/27/2013,CLE,OH,AGL,CE,Combined TRACON& Tower with Radar,167,298,18,0,483,0,1,1,0,2,167,299,19,0,485,0,0,0,485
03/28/2013,CLE,OH,AGL,CE,Combined TRACON& Tower with Radar,188,369,26,0,583,0,0,2,0,2,188,369,28,0,585,0,0,0,585
03/29/2013,CLE,OH,AGL,CE,Combined TRACON& Tower with Radar,190,367,19,0,576,0,1,2,0,3,190,368,21,0,579,0,0,0,579
03/30/2013,CLE,OH,AGL,CE,Combined TRACON& Tower with Radar,141,205,12,0,358,0,0,1,0,1,141,205,13,0,359,0,0,0,359
03/31/2013,CLE,OH,AGL,CE,Combined TRACON& Tower with Radar,149,296,13,0,458,0,2,0,0,2,149,298,13,0,460,0,0,0,460
04/01/2013,CLE,OH,AGL,CE,Combined TRACON& Tower with Radar,183,351,31,0,565,0,1,0,0,1,183,352,31,0,566,0,0,0,566
04/02/2013,CLE,OH,AGL,CE,Combined TRACON& Tower with Radar,163,304,21,0,488,0,0,0,0,0,163,304,21,0,488,0,0,0,488
04/03/2013,CLE,OH,AGL,CE,Combined TRACON& Tower with Radar,169,295,29,2,495,0,2,2,0,4,169,297,31,2,499,0,0,0,499
04/04/2013,CLE,OH,AGL,CE,Combined TRACON& Tower with Radar,189,365,30,2,586,0,0,1,0,1,189,365,31,2,587,0,0,0,587
04/05/2013,CLE,OH,AGL,CE,Combined TRACON& Tower with Radar,188,360,23,0,571,0,0,4,0,4,188,360,27,0,575,0,0,0,575
04/06/2013,CLE,OH,AGL,CE,Combined TRACON& Tower with Radar,134,216,17,0,367,0,0,4,0,4,134,216,21,0,371,0,0,0,371
04/07/2013,CLE,OH,AGL,CE,Combined TRACON& Tower with Radar,160,302,22,0,484,0,0,0,0,0,160,302,22,0,484,0,0,0,484
04/08/2013,CLE,OH,AGL,CE,Combined TRACON& Tower with Radar,183,355,19,0,557,0,2,2,0,4,183,357,21,0,561,0,0,0,561
04/09/2013,CLE,OH,AGL,CE,Combined TRACON& Tower with Radar,159,309,26,0,494,0,0,1,0,1,159,309,27,0,495,0,0,0,495
04/10/2013,CLE,OH,AGL,CE,Combined TRACON& Tower with Radar,155,260,28,0,443,0,0,1,0,1,155,260,29,0,444,0,0,0,444
04/11/2013,CLE,OH,AGL,CE,Combined TRACON& Tower with Radar,172,381,31,0,584,0,0,0,0,0,172,381,31,0,584,0,0,0,584
04/12/2013,CLE,OH,AGL,CE,Combined TRACON& Tower with Radar,179,379,28,1,587,0,0,0,1,1,179,379,28,2,588,0,0,0,588
04/13/2013,CLE,OH,AGL,CE,Combined TRACON& Tower with Radar,120,223,7,0,350,0,1,1,0,2,120,224,8,0,352,0,0,0,352
04/14/2013,CLE,OH,AGL,CE,Combined TRACON& Tower with Radar,158,304,18,0,480,0,0,1,0,1,158,304,19,0,481,0,0,0,481
04/15/2013,CLE,OH,AGL,CE,Combined TRACON& Tower with Radar,176,373,19,4,572,0,0,1,0,1,176,373,20,4,573,0,0,0,573
04/16/2013,CLE,OH,AGL,CE,Combined TRACON& Tower with Radar,166,316,30,0,512,0,1,1,0,2,166,317,31,0,514,0,0,0,514
04/17/2013,CLE,OH,AGL,CE,Combined TRACON& Tower with Radar,166,303,32,0,501,0,0,0,0,0,166,303,32,0,501,0,0,0,501
04/18/2013,CLE,OH,AGL,CE,Combined TRACON& Tower with Radar,168,369,36,3,576,0,1,1,0,2,168,370,37,3,578,0,0,0,578
04/19/2013,CLE,OH,AGL,CE,Combined TRACON& Tower with Radar,175,350,22,0,547,0,0,0,0,0,175,350,22,0,547,0,0,0,547
04/20/2013,CLE,OH,AGL,CE,Combined TRACON& Tower with Radar,124,226,12,1,363,0,2,0,1,3,124,228,12,2,366,0,0,0,366
04/21/2013,CLE,OH,AGL,CE,Combined TRACON& Tower with Radar,154,313,22,0,489,0,0,3,0,3,154,313,25,0,492,0,0,0,492
04/22/2013,CLE,OH,AGL,CE,Combined TRACON& Tower with Radar,176,366,27,0,569,0,2,3,0,5,176,368,30,0,574,0,0,0,574
04/23/2013,CLE,OH,AGL,CE,Combined TRACON& Tower with Radar,163,307,23,0,493,0,1,4,0,5,163,308,27,0,498,0,0,0,498
04/24/2013,CLE,OH,AGL,CE,Combined TRACON& Tower with Radar,167,308,22,0,497,0,0,0,0,0,167,308,22,0,497,0,0,0,497
04/25/2013,CLE,OH,AGL,CE,Combined TRACON& Tower with Radar,184,394,28,0,606,0,0,4,0,4,184,394,32,0,610,0,0,0,610
04/26/2013,CLE,OH,AGL,CE,Combined TRACON& Tower with Radar,180,389,38,0,607,0,0,5,0,5,180,389,43,0,612,0,0,0,612
04/27/2013,CLE,OH,AGL,CE,Combined TRACON& Tower with Radar,120,212,6,0,338,0,0,4,0,4,120,212,10,0,342,0,0,0,342
04/28/2013,CLE,OH,AGL,CE,Combined TRACON& Tower with Radar,155,303,6,0,464,0,1,0,0,1,155,304,6,0,465,0,0,0,465
04/29/2013,CLE,OH,AGL,CE,Combined TRACON& Tower with Radar,176,368,28,0,572,0,0,0,0,0,176,368,28,0,572,0,0,0,572
04/30/2013,CLE,OH,AGL,CE,Combined TRACON& Tower with Radar,167,326,27,0,520,0,3,1,0,4,167,329,28,0,524,0,0,0,524
05/01/2013,CLE,OH,AGL,CE,Combined TRACON& Tower with Radar,158,321,38,0,517,0,0,7,2,9,158,321,45,2,526,0,0,0,526
05/02/2013,CLE,OH,AGL,CE,Combined TRACON& Tower with Radar,179,394,23,0,596,0,0,3,0,3,179,394,26,0,599,0,0,0,599
05/03/2013,CLE,OH,AGL,CE,Combined TRACON& Tower with Radar,171,391,25,0,587,0,0,1,0,1,171,391,26,0,588,0,0,0,588
05/04/2013,CLE,OH,AGL,CE,Combined TRACON& Tower with Radar,113,204,6,0,323,0,4,0,0,4,113,208,6,0,327,0,0,0,327
05/05/2013,CLE,OH,AGL,CE,Combined TRACON& Tower with Radar,151,313,16,0,480,0,3,1,0,4,151,316,17,0,484,0,0,0,484
05/06/2013,CLE,OH,AGL,CE,Combined TRACON& Tower with Radar,169,373,16,0,558,0,0,0,0,0,169,373,16,0,558,0,0,0,558
05/07/2013,CLE,OH,AGL,CE,Combined TRACON& Tower with Radar,165,324,19,2,510,0,0,0,0,0,165,324,19,2,510,0,0,0,510
05/08/2013,CLE,OH,AGL,CE,Combined TRACON& Tower with Radar,157,326,23,0,506,0,1,1,0,2,157,327,24,0,508,0,0,0,508
05/09/2013,CLE,OH,AGL,CE,Combined TRACON& Tower with Radar,183,393,29,0,605,0,0,1,0,1,183,393,30,0,606,0,0,0,606
05/10/2013,CLE,OH,AGL,CE,Combined TRACON& Tower with Radar,179,386,18,2,585,0,0,0,2,2,179,386,18,4,587,0,0,0,587
05/11/2013,CLE,OH,AGL,CE,Combined TRACON& Tower with Radar,111,197,10,0,318,0,0,1,0,1,111,197,11,0,319,0,0,0,319
05/12/2013,CLE,OH,AGL,CE,Combined TRACON& Tower with Radar,149,300,13,0,462,0,1,0,0,1,149,301,13,0,463,0,0,0,463
05/13/2013,CLE,OH,AGL,CE,Combined TRACON& Tower with Radar,176,370,27,0,573,0,0,2,0,2,176,370,29,0,575,0,0,0,575
05/14/2013,CLE,OH,AGL,CE,Combined TRACON& Tower with Radar,164,334,36,0,534,0,2,1,0,3,164,336,37,0,537,0,0,0,537
05/15/2013,CLE,OH,AGL,CE,Combined TRACON& Tower with Radar,165,317,38,0,520,0,0,2,0,2,165,317,40,0,522,0,0,0,522
05/16/2013,CLE,OH,AGL,CE,Combined TRACON& Tower with Radar,182,379,42,0,603,0,0,2,2,4,182,379,44,2,607,0,0,0,607
05/17/2013,CLE,OH,AGL,CE,Combined TRACON& Tower with Radar,186,380,23,0,589,0,1,5,0,6,186,381,28,0,595,0,0,0,595
05/18/2013,CLE,OH,AGL,CE,Combined TRACON& Tower with Radar,116,202,7,0,325,0,1,2,0,3,116,203,9,0,328,0,0,0,328
05/19/2013,CLE,OH,AGL,CE,Combined TRACON& Tower with Radar,149,302,18,0,469,0,1,1,0,2,149,303,19,0,471,0,0,0,471
05/20/2013,CLE,OH,AGL,CE,Combined TRACON& Tower with Radar,165,370,21,2,558,0,0,2,0,2,165,370,23,2,560,0,0,0,560
05/21/2013,CLE,OH,AGL,CE,Combined TRACON& Tower with Radar,176,324,26,2,528,0,1,1,1,3,176,325,27,3,531,0,0,0,531
05/22/2013,CLE,OH,AGL,CE,Combined TRACON& Tower with Radar,159,328,31,1,519,0,1,0,1,2,159,329,31,2,521,0,0,0,521
05/23/2013,CLE,OH,AGL,CE,Combined TRACON& Tower with Radar,181,354,36,2,573,0,1,0,0,1,181,355,36,2,574,0,0,0,574
05/24/2013,CLE,OH,AGL,CE,Combined TRACON& Tower with Radar,181,386,24,2,593,0,3,2,0,5,181,389,26,2,598,0,0,0,598
05/25/2013,CLE,OH,AGL,CE,Combined TRACON& Tower with Radar,105,194,7,0,306,0,1,0,0,1,105,195,7,0,307,0,0,0,307
05/26/2013,CLE,OH,AGL,CE,Combined TRACON& Tower with Radar,112,189,6,0,307,0,0,2,0,2,112,189,8,0,309,0,0,0,309
05/27/2013,CLE,OH,AGL,CE,Combined TRACON& Tower with Radar,148,303,11,0,462,0,1,0,0,1,148,304,11,0,463,0,0,0,463
05/28/2013,CLE,OH,AGL,CE,Combined TRACON& Tower with Radar,175,386,27,4,592,0,0,0,0,0,175,386,27,4,592,0,0,0,592
05/29/2013,CLE,OH,AGL,CE,Combined TRACON& Tower with Radar,165,329,35,3,532,0,1,7,0,8,165,330,42,3,540,0,0,0,540
05/30/2013,CLE,OH,AGL,CE,Combined TRACON& Tower with Radar,188,397,33,2,620,0,1,6,0,7,188,398,39,2,627,0,0,0,627
05/31/2013,CLE,OH,AGL,CE,Combined TRACON& Tower with Radar,183,370,20,4,577,0,0,2,0,2,183,370,22,4,579,0,0,0,579
06/01/2013,CLE,OH,AGL,CE,Combined TRACON& Tower with Radar,110,205,10,0,325,0,0,0,0,0,110,205,10,0,325,0,0,0,325
06/02/2013,CLE,OH,AGL,CE,Combined TRACON& Tower with Radar,146,293,6,0,445,0,1,0,0,1,146,294,6,0,446,0,0,0,446
06/03/2013,CLE,OH,AGL,CE,Combined TRACON& Tower with Radar,170,376,20,1,567,0,0,3,1,4,170,376,23,2,571,0,0,0,571
06/04/2013,CLE,OH,AGL,CE,Combined TRACON& Tower with Radar,160,333,18,0,511,0,0,4,0,4,160,333,22,0,515,0,0,0,515
06/05/2013,CLE,OH,AGL,CE,Combined TRACON& Tower with Radar,161,328,31,1,521,0,3,0,1,4,161,331,31,2,525,0,0,0,525
06/06/2013,CLE,OH,AGL,CE,Combined TRACON& Tower with Radar,177,380,32,0,589,0,0,0,1,1,177,380,32,1,590,0,0,0,590
06/07/2013,CLE,OH,AGL,CE,Combined TRACON& Tower with Radar,177,376,36,2,591,0,0,0,0,0,177,376,36,2,591,0,0,0,591
06/08/2013,CLE,OH,AGL,CE,Combined TRACON& Tower with Radar,123,242,9,0,374,0,0,3,0,3,123,242,12,0,377,0,0,0,377
06/09/2013,CLE,OH,AGL,CE,Combined TRACON& Tower with Radar,145,310,22,0,477,0,1,1,0,2,145,311,23,0,479,0,0,0,479
06/10/2013,CLE,OH,AGL,CE,Combined TRACON& Tower with Radar,174,370,28,4,576,0,0,1,0,1,174,370,29,4,577,0,0,0,577
06/11/2013,CLE,OH,AGL,CE,Combined TRACON& Tower with Radar,177,385,22,6,590,0,1,3,0,4,177,386,25,6,594,0,0,0,594
06/12/2013,CLE,OH,AGL,CE,Combined TRACON& Tower with Radar,166,380,21,0,567,0,0,0,0,0,166,380,21,0,567,0,0,0,567
06/13/2013,CLE,OH,AGL,CE,Combined TRACON& Tower with Radar,179,352,29,0,560,0,0,0,0,0,179,352,29,0,560,0,0,0,560
06/14/2013,CLE,OH,AGL,CE,Combined TRACON& Tower with Radar,175,390,21,3,589,0,0,7,0,7,175,390,28,3,596,0,0,0,596
06/15/2013,CLE,OH,AGL,CE,Combined TRACON& Tower with Radar,131,227,9,0,367,0,1,7,0,8,131,228,16,0,375,0,0,0,375
06/16/2013,CLE,OH,AGL,CE,Combined TRACON& Tower with Radar,145,325,13,0,483,0,2,0,0,2,145,327,13,0,485,0,0,0,485
06/17/2013,CLE,OH,AGL,CE,Combined TRACON& Tower with Radar,164,382,20,1,567,0,0,2,0,2,164,382,22,1,569,0,0,0,569
06/18/2013,CLE,OH,AGL,CE,Combined TRACON& Tower with Radar,171,388,18,3,580,0,0,4,0,4,171,388,22,3,584,0,0,0,584
06/19/2013,CLE,OH,AGL,CE,Combined TRACON& Tower with Radar,171,395,19,1,586,0,3,2,0,5,171,398,21,1,591,0,0,0,591
06/20/2013,CLE,OH,AGL,CE,Combined TRACON& Tower with Radar,174,398,29,1,602,0,1,6,1,8,174,399,35,2,610,0,0,0,610
06/21/2013,CLE,OH,AGL,CE,Combined TRACON& Tower with Radar,168,389,25,2,584,0,0,5,0,5,168,389,30,2,589,0,0,0,589
06/22/2013,CLE,OH,AGL,CE,Combined TRACON& Tower with Radar,138,252,14,0,404,0,0,3,0,3,138,252,17,0,407,0,0,0,407
06/23/2013,CLE,OH,AGL,CE,Combined TRACON& Tower with Radar,145,322,22,0,489,0,1,0,0,1,145,323,22,0,490,0,0,0,490
06/24/2013,CLE,OH,AGL,CE,Combined TRACON& Tower with Radar,161,364,21,0,546,0,2,1,2,5,161,366,22,2,551,0,0,0,551
06/25/2013,CLE,OH,AGL,CE,Combined TRACON& Tower with Radar,158,361,31,4,554,0,1,0,1,2,158,362,31,5,556,0,0,0,556
06/26/2013,CLE,OH,AGL,CE,Combined TRACON& Tower with Radar,151,379,28,0,558,0,0,5,0,5,151,379,33,0,563,0,0,0,563
06/27/2013,CLE,OH,AGL,CE,Combined TRACON& Tower with Radar,180,385,28,2,595,0,0,0,0,0,180,385,28,2,595,0,0,0,595
06/28/2013,CLE,OH,AGL,CE,Combined TRACON& Tower with Radar,183,377,23,0,583,0,0,0,0,0,183,377,23,0,583,0,0,0,583
06/29/2013,CLE,OH,AGL,CE,Combined TRACON& Tower with Radar,138,240,11,0,389,0,0,0,0,0,138,240,11,0,389,0,0,0,389
06/30/2013,CLE,OH,AGL,CE,Combined TRACON& Tower with Radar,145,301,11,0,457,0,3,0,0,3,145,304,11,0,460,0,0,0,460
07/01/2013,CLE,OH,AGL,CE,Combined TRACON& Tower with Radar,158,276,12,0,446,0,0,1,0,1,158,276,13,0,447,0,0,0,447
07/02/2013,CLE,OH,AGL,CE,Combined TRACON& Tower with Radar,172,275,24,0,471,0,0,0,0,0,172,275,24,0,471,0,0,0,471
07/03/2013,CLE,OH,AGL,CE,Combined TRACON& Tower with Radar,163,324,18,0,505,0,1,3,0,4,163,325,21,0,509,0,0,0,509
07/04/2013,CLE,OH,AGL,CE,Combined TRACON& Tower with Radar,109,201,2,0,312,0,0,0,0,0,109,201,2,0,312,0,0,0,312
07/05/2013,CLE,OH,AGL,CE,Combined TRACON& Tower with Radar,135,232,2,0,369,0,0,0,0,0,135,232,2,0,369,0,0,0,369
07/06/2013,CLE,OH,AGL,CE,Combined TRACON& Tower with Radar,126,238,8,0,372,0,1,0,0,1,126,239,8,0,373,0,0,0,373
07/07/2013,CLE,OH,AGL,CE,Combined TRACON& Tower with Radar,144,286,21,0,451,0,1,0,0,1,144,287,21,0,452,0,0,0,452
07/08/2013,CLE,OH,AGL,CE,Combined TRACON& Tower with Radar,175,361,22,0,558,0,0,2,0,2,175,361,24,0,560,0,0,0,560
07/09/2013,CLE,OH,AGL,CE,Combined TRACON& Tower with Radar,173,360,16,0,549,0,0,1,0,1,173,360,17,0,550,0,0,0,550
07/10/2013,CLE,OH,AGL,CE,Combined TRACON& Tower with Radar,160,299,20,0,479,0,0,1,0,1,160,299,21,0,480,0,0,0,480
07/11/2013,CLE,OH,AGL,CE,Combined TRACON& Tower with Radar,178,384,26,0,588,0,2,8,0,10,178,386,34,0,598,0,0,0,598
07/12/2013,CLE,OH,AGL,CE,Combined TRACON& Tower with Radar,172,376,13,2,563,0,1,0,0,1,172,377,13,2,564,0,0,0,564
07/13/2013,CLE,OH,AGL,CE,Combined TRACON& Tower with Radar,130,235,8,2,375,0,0,5,2,7,130,235,13,4,382,0,0,0,382
07/14/2013,CLE,OH,AGL,CE,Combined TRACON& Tower with Radar,157,303,14,0,474,0,0,1,0,1,157,303,15,0,475,0,0,0,475
07/15/2013,CLE,OH,AGL,CE,Combined TRACON& Tower with Radar,171,378,33,2,584,0,0,2,2,4,171,378,35,4,588,0,0,0,588
07/16/2013,CLE,OH,AGL,CE,Combined TRACON& Tower with Radar,170,366,35,0,571,0,1,3,0,4,170,367,38,0,575,0,0,0,575
07/17/2013,CLE,OH,AGL,CE,Combined TRACON& Tower with Radar,165,384,30,0,579,0,0,1,0,1,165,384,31,0,580,0,0,0,580
07/18/2013,CLE,OH,AGL,CE,Combined TRACON& Tower with Radar,182,380,23,0,585,0,0,4,0,4,182,380,27,0,589,0,0,0,589
07/19/2013,CLE,OH,AGL,CE,Combined TRACON& Tower with Radar,178,373,27,0,578,0,3,4,0,7,178,376,31,0,585,0,0,0,585
07/20/2013,CLE,OH,AGL,CE,Combined TRACON& Tower with Radar,129,233,5,0,367,0,0,3,0,3,129,233,8,0,370,0,0,0,370
07/21/2013,CLE,OH,AGL,CE,Combined TRACON& Tower with Radar,149,317,12,0,478,0,0,2,0,2,149,317,14,0,480,0,0,0,480
07/22/2013,CLE,OH,AGL,CE,Combined TRACON& Tower with Radar,164,360,23,0,547,0,1,0,0,1,164,361,23,0,548,0,0,0,548
07/23/2013,CLE,OH,AGL,CE,Combined TRACON& Tower with Radar,176,378,23,2,579,0,0,1,0,1,176,378,24,2,580,0,0,0,580
07/24/2013,CLE,OH,AGL,CE,Combined TRACON& Tower with Radar,173,387,32,0,592,0,1,6,0,7,173,388,38,0,599,0,0,0,599
07/25/2013,CLE,OH,AGL,CE,Combined TRACON& Tower with Radar,183,382,28,0,593,0,0,3,2,5,183,382,31,2,598,0,0,0,598
07/26/2013,CLE,OH,AGL,CE,Combined TRACON& Tower with Radar,166,379,28,0,573,0,0,5,0,5,166,379,33,0,578,0,0,0,578
07/27/2013,CLE,OH,AGL,CE,Combined TRACON& Tower with Radar,134,237,8,0,379,0,0,0,0,0,134,237,8,0,379,0,0,0,379
07/28/2013,CLE,OH,AGL,CE,Combined TRACON& Tower with Radar,150,305,16,0,471,0,1,2,0,3,150,306,18,0,474,0,0,0,474
07/29/2013,CLE,OH,AGL,CE,Combined TRACON& Tower with Radar,163,377,32,0,572,0,1,1,0,2,163,378,33,0,574,0,0,0,574
07/30/2013,CLE,OH,AGL,CE,Combined TRACON& Tower with Radar,173,384,19,2,578,0,0,0,0,0,173,384,19,2,578,0,0,0,578
07/31/2013,CLE,OH,AGL,CE,Combined TRACON& Tower with Radar,170,374,23,0,567,0,0,0,0,0,170,374,23,0,567,0,0,0,567
08/01/2013,CLE,OH,AGL,CE,Combined TRACON& Tower with Radar,176,369,25,0,570,0,0,0,0,0,176,369,25,0,570,0,0,0,570
08/02/2013,CLE,OH,AGL,CE,Combined TRACON& Tower with Radar,186,376,25,3,590,0,0,1,0,1,186,376,26,3,591,0,0,0,591
08/03/2013,CLE,OH,AGL,CE,Combined TRACON& Tower with Radar,129,234,6,2,371,0,0,3,0,3,129,234,9,2,374,0,0,0,374
08/04/2013,CLE,OH,AGL,CE,Combined TRACON& Tower with Radar,156,303,20,1,480,0,1,2,0,3,156,304,22,1,483,0,0,0,483
08/05/2013,CLE,OH,AGL,CE,Combined TRACON& Tower with Radar,170,374,24,0,568,0,0,3,0,3,170,374,27,0,571,0,0,0,571
08/06/2013,CLE,OH,AGL,CE,Combined TRACON& Tower with Radar,174,369,24,2,569,0,0,2,0,2,174,369,26,2,571,0,0,0,571
08/07/2013,CLE,OH,AGL,CE,Combined TRACON& Tower with Radar,180,373,27,0,580,0,0,0,0,0,180,373,27,0,580,0,0,0,580
08/08/2013,CLE,OH,AGL,CE,Combined TRACON& Tower with Radar,172,386,27,2,587,0,0,0,0,0,172,386,27,2,587,0,0,0,587
08/09/2013,CLE,OH,AGL,CE,Combined TRACON& Tower with Radar,176,385,18,0,579,0,0,0,0,0,176,385,18,0,579,0,0,0,579
08/10/2013,CLE,OH,AGL,CE,Combined TRACON& Tower with Radar,129,233,16,0,378,0,2,1,1,4,129,235,17,1,382,0,0,0,382
08/11/2013,CLE,OH,AGL,CE,Combined TRACON& Tower with Radar,158,317,18,0,493,0,0,2,0,2,158,317,20,0,495,0,0,0,495
08/12/2013,CLE,OH,AGL,CE,Combined TRACON& Tower with Radar,171,364,28,0,563,0,1,2,0,3,171,365,30,0,566,0,0,0,566
08/13/2013,CLE,OH,AGL,CE,Combined TRACON& Tower with Radar,161,311,48,0,520,0,1,4,0,5,161,312,52,0,525,0,0,0,525
08/14/2013,CLE,OH,AGL,CE,Combined TRACON& Tower with Radar,155,305,34,0,494,0,0,1,0,1,155,305,35,0,495,0,0,0,495
08/15/2013,CLE,OH,AGL,CE,Combined TRACON& Tower with Radar,173,385,32,0,590,0,1,1,0,2,173,386,33,0,592,0,0,0,592
08/16/2013,CLE,OH,AGL,CE,Combined TRACON& Tower with Radar,175,378,24,0,577,0,0,3,0,3,175,378,27,0,580,0,0,0,580
08/17/2013,CLE,OH,AGL,CE,Combined TRACON& Tower with Radar,120,212,8,0,340,0,0,1,0,1,120,212,9,0,341,0,0,0,341
08/18/2013,CLE,OH,AGL,CE,Combined TRACON& Tower with Radar,151,311,23,0,485,0,0,1,0,1,151,311,24,0,486,0,0,0,486
08/19/2013,CLE,OH,AGL,CE,Combined TRACON& Tower with Radar,165,385,22,0,572,0,4,1,0,5,165,389,23,0,577,0,0,0,577
08/20/2013,CLE,OH,AGL,CE,Combined TRACON& Tower with Radar,165,309,22,0,496,0,0,7,0,7,165,309,29,0,503,0,0,0,503
08/21/2013,CLE,OH,AGL,CE,Combined TRACON& Tower with Radar,162,316,16,0,494,0,0,3,0,3,162,316,19,0,497,0,0,0,497
08/22/2013,CLE,OH,AGL,CE,Combined TRACON& Tower with Radar,167,391,25,2,585,0,3,1,0,4,167,394,26,2,589,0,0,0,589
08/23/2013,CLE,OH,AGL,CE,Combined TRACON& Tower with Radar,180,383,10,0,573,0,1,2,0,3,180,384,12,0,576,0,0,0,576
08/24/2013,CLE,OH,AGL,CE,Combined TRACON& Tower with Radar,125,207,6,0,338,0,0,1,0,1,125,207,7,0,339,0,0,0,339
08/25/2013,CLE,OH,AGL,CE,Combined TRACON& Tower with Radar,157,299,18,0,474,0,0,1,0,1,157,299,19,0,475,0,0,0,475
08/26/2013,CLE,OH,AGL,CE,Combined TRACON& Tower with Radar,165,387,20,0,572,0,0,4,0,4,165,387,24,0,576,0,0,0,576
08/27/2013,CLE,OH,AGL,CE,Combined TRACON& Tower with Radar,170,306,30,0,506,0,0,0,0,0,170,306,30,0,506,0,0,0,506
08/28/2013,CLE,OH,AGL,CE,Combined TRACON& Tower with Radar,161,300,29,0,490,0,0,1,0,1,161,300,30,0,491,0,0,0,491
08/29/2013,CLE,OH,AGL,CE,Combined TRACON& Tower with Radar,175,376,23,0,574,0,0,1,0,1,175,376,24,0,575,0,0,0,575
08/30/2013,CLE,OH,AGL,CE,Combined TRACON& Tower with Radar,173,384,19,0,576,0,1,3,0,4,173,385,22,0,580,0,0,0,580
08/31/2013,CLE,OH,AGL,CE,Combined TRACON& Tower with Radar,108,170,7,0,285,0,0,0,0,0,108,170,7,0,285,0,0,0,285
09/01/2013,CLE,OH,AGL,CE,Combined TRACON& Tower with Radar,116,150,4,0,270,0,2,1,0,3,116,152,5,0,273,0,0,0,273
09/02/2013,CLE,OH,AGL,CE,Combined TRACON& Tower with Radar,163,295,21,0,479,0,1,0,0,1,163,296,21,0,480,0,0,0,480
09/03/2013,CLE,OH,AGL,CE,Combined TRACON& Tower with Radar,165,376,16,0,557,0,0,2,0,2,165,376,18,0,559,0,0,0,559
09/04/2013,CLE,OH,AGL,CE,Combined TRACON& Tower with Radar,168,300,22,0,490,0,2,0,0,2,168,302,22,0,492,0,0,0,492
09/05/2013,CLE,OH,AGL,CE,Combined TRACON& Tower with Radar,181,369,22,0,572,0,3,2,1,6,181,372,24,1,578,0,0,0,578
09/06/2013,CLE,OH,AGL,CE,Combined TRACON& Tower with Radar,178,368,31,0,577,0,3,1,0,4,178,371,32,0,581,0,0,0,581
09/07/2013,CLE,OH,AGL,CE,Combined TRACON& Tower with Radar,121,169,6,0,296,0,0,0,0,0,121,169,6,0,296,0,0,0,296
09/08/2013,CLE,OH,AGL,CE,Combined TRACON& Tower with Radar,169,295,21,0,485,0,0,2,0,2,169,295,23,0,487,0,0,0,487
09/09/2013,CLE,OH,AGL,CE,Combined TRACON& Tower with Radar,177,373,25,1,576,0,1,0,1,2,177,374,25,2,578,0,0,0,578
09/10/2013,CLE,OH,AGL,CE,Combined TRACON& Tower with Radar,158,316,30,0,504,0,0,5,0,5,158,316,35,0,509,0,0,0,509
09/11/2013,CLE,OH,AGL,CE,Combined TRACON& Tower with Radar,160,295,24,0,479,0,0,1,0,1,160,295,25,0,480,0,0,0,480
09/12/2013,CLE,OH,AGL,CE,Combined TRACON& Tower with Radar,165,347,37,0,549,0,1,0,0,1,165,348,37,0,550,0,0,0,550
09/13/2013,CLE,OH,AGL,CE,Combined TRACON& Tower with Radar,183,392,18,1,594,0,0,2,0,2,183,392,20,1,596,0,0,0,596
09/14/2013,CLE,OH,AGL,CE,Combined TRACON& Tower with Radar,117,174,20,1,312,0,1,2,0,3,117,175,22,1,315,0,0,0,315
09/15/2013,CLE,OH,AGL,CE,Combined TRACON& Tower with Radar,158,288,17,1,464,0,2,1,0,3,158,290,18,1,467,0,0,0,467
09/16/2013,CLE,OH,AGL,CE,Combined TRACON& Tower with Radar,166,380,33,0,579,0,0,0,0,0,166,380,33,0,579,0,0,0,579
09/17/2013,CLE,OH,AGL,CE,Combined TRACON& Tower with Radar,156,313,24,0,493,0,0,1,0,1,156,313,25,0,494,0,0,0,494
09/18/2013,CLE,OH,AGL,CE,Combined TRACON& Tower with Radar,162,308,28,0,498,0,3,1,0,4,162,311,29,0,502,0,0,0,502
09/19/2013,CLE,OH,AGL,CE,Combined TRACON& Tower with Radar,172,375,38,0,585,0,0,0,0,0,172,375,38,0,585,0,0,0,585
09/20/2013,CLE,OH,AGL,CE,Combined TRACON& Tower with Radar,167,369,23,0,559,0,0,0,0,0,167,369,23,0,559,0,0,0,559
09/21/2013,CLE,OH,AGL,CE,Combined TRACON& Tower with Radar,117,182,12,0,311,0,0,0,0,0,117,182,12,0,311,0,0,0,311
09/22/2013,CLE,OH,AGL,CE,Combined TRACON& Tower with Radar,161,290,12,0,463,0,0,0,0,0,161,290,12,0,463,0,0,0,463
09/23/2013,CLE,OH,AGL,CE,Combined TRACON& Tower with Radar,168,369,35,0,572,0,0,1,0,1,168,369,36,0,573,0,0,0,573
09/24/2013,CLE,OH,AGL,CE,Combined TRACON& Tower with Radar,156,298,26,2,482,0,0,2,0,2,156,298,28,2,484,0,0,0,484
09/25/2013,CLE,OH,AGL,CE,Combined TRACON& Tower with Radar,168,317,29,0,514,0,1,1,0,2,168,318,30,0,516,0,0,0,516
09/26/2013,CLE,OH,AGL,CE,Combined TRACON& Tower with Radar,175,385,41,0,601,0,2,5,0,7,175,387,46,0,608,0,0,0,608
09/27/2013,CLE,OH,AGL,CE,Combined TRACON& Tower with Radar,178,380,25,0,583,0,1,1,0,2,178,381,26,0,585,0,0,0,585
09/28/2013,CLE,OH,AGL,CE,Combined TRACON& Tower with Radar,122,214,8,0,344,0,1,6,0,7,122,215,14,0,351,0,0,0,351
09/29/2013,CLE,OH,AGL,CE,Combined TRACON& Tower with Radar,156,319,24,0,499,0,1,0,0,1,156,320,24,0,500,0,0,0,500
09/30/2013,CLE,OH,AGL,CE,Combined TRACON& Tower with Radar,162,374,35,3,574,0,0,0,0,0,162,374,35,3,574,0,0,0,574
10/01/2013,CLE,OH,AGL,CE,Combined TRACON& Tower with Radar,165,314,38,0,517,0,1,1,0,2,165,315,39,0,519,0,0,0,519
10/02/2013,CLE,OH,AGL,CE,Combined TRACON& Tower with Radar,175,328,29,0,532,0,2,2,1,5,175,330,31,1,537,0,0,0,537
10/03/2013,CLE,OH,AGL,CE,Combined TRACON& Tower with Radar,178,372,35,0,585,0,0,0,0,0,178,372,35,0,585,0,0,0,585
10/04/2013,CLE,OH,AGL,CE,Combined TRACON& Tower with Radar,176,374,22,0,572,0,4,2,0,6,176,378,24,0,578,0,0,0,578
10/05/2013,CLE,OH,AGL,CE,Combined TRACON& Tower with Radar,125,190,19,0,334,0,0,0,0,0,125,190,19,0,334,0,0,0,334
10/06/2013,CLE,OH,AGL,CE,Combined TRACON& Tower with Radar,160,309,6,0,475,0,1,0,0,1,160,310,6,0,476,0,0,0,476
10/07/2013,CLE,OH,AGL,CE,Combined TRACON& Tower with Radar,169,355,21,1,546,0,0,0,0,0,169,355,21,1,546,0,0,0,546
10/08/2013,CLE,OH,AGL,CE,Combined TRACON& Tower with Radar,180,299,43,0,522,0,1,4,0,5,180,300,47,0,527,0,0,0,527
10/09/2013,CLE,OH,AGL,CE,Combined TRACON& Tower with Radar,172,304,45,1,522,0,1,6,0,7,172,305,51,1,529,0,0,0,529
10/10/2013,CLE,OH,AGL,CE,Combined TRACON& Tower with Radar,179,374,34,0,587,0,1,1,0,2,179,375,35,0,589,0,0,0,589
10/11/2013,CLE,OH,AGL,CE,Combined TRACON& Tower with Radar,173,384,40,0,597,0,1,2,0,3,173,385,42,0,600,0,0,0,600
10/12/2013,CLE,OH,AGL,CE,Combined TRACON& Tower with Radar,128,186,10,0,324,0,1,1,1,3,128,187,11,1,327,0,0,0,327
10/13/2013,CLE,OH,AGL,CE,Combined TRACON& Tower with Radar,158,298,20,0,476,0,0,0,0,0,158,298,20,0,476,0,0,0,476
10/14/2013,CLE,OH,AGL,CE,Combined TRACON& Tower with Radar,169,374,32,0,575,0,2,1,0,3,169,376,33,0,578,0,0,0,578
10/15/2013,CLE,OH,AGL,CE,Combined TRACON& Tower with Radar,169,301,27,0,497,0,1,1,0,2,169,302,28,0,499,0,0,0,499
10/16/2013,CLE,OH,AGL,CE,Combined TRACON& Tower with Radar,170,315,36,0,521,0,0,1,0,1,170,315,37,0,522,0,0,0,522
10/17/2013,CLE,OH,AGL,CE,Combined TRACON& Tower with Radar,174,380,37,0,591,0,0,1,0,1,174,380,38,0,592,0,0,0,592
10/18/2013,CLE,OH,AGL,CE,Combined TRACON& Tower with Radar,175,388,32,0,595,0,0,5,1,6,175,388,37,1,601,0,0,0,601
10/19/2013,CLE,OH,AGL,CE,Combined TRACON& Tower with Radar,123,191,13,0,327,0,0,2,0,2,123,191,15,0,329,0,0,0,329
10/20/2013,CLE,OH,AGL,CE,Combined TRACON& Tower with Radar,154,307,40,0,501,0,2,0,1,3,154,309,40,1,504,0,0,0,504
10/21/2013,CLE,OH,AGL,CE,Combined TRACON& Tower with Radar,167,374,27,5,573,0,1,0,1,2,167,375,27,6,575,0,0,0,575
10/22/2013,CLE,OH,AGL,CE,Combined TRACON& Tower with Radar,177,290,36,0,503,0,1,3,1,5,177,291,39,1,508,0,0,0,508
10/23/2013,CLE,OH,AGL,CE,Combined TRACON& Tower with Radar,168,316,37,0,521,0,0,0,0,0,168,316,37,0,521,0,0,0,521
10/24/2013,CLE,OH,AGL,CE,Combined TRACON& Tower with Radar,177,388,18,0,583,0,0,1,0,1,177,388,19,0,584,0,0,0,584
10/25/2013,CLE,OH,AGL,CE,Combined TRACON& Tower with Radar,184,381,12,4,581,0,2,1,0,3,184,383,13,4,584,0,0,0,584
10/26/2013,CLE,OH,AGL,CE,Combined TRACON& Tower with Radar,125,195,5,0,325,0,0,1,0,1,125,195,6,0,326,0,0,0,326
10/27/2013,CLE,OH,AGL,CE,Combined TRACON& Tower with Radar,156,304,11,0,471,0,0,0,0,0,156,304,11,0,471,0,0,0,471
10/28/2013,CLE,OH,AGL,CE,Combined TRACON& Tower with Radar,172,357,33,2,564,0,2,3,0,5,172,359,36,2,569,0,0,0,569
10/29/2013,CLE,OH,AGL,CE,Combined TRACON& Tower with Radar,174,300,20,0,494,0,1,5,0,6,174,301,25,0,500,0,0,0,500
10/30/2013,CLE,OH,AGL,CE,Combined TRACON& Tower with Radar,174,296,22,0,492,0,0,2,0,2,174,296,24,0,494,0,0,0,494
10/31/2013,CLE,OH,AGL,CE,Combined TRACON& Tower with Radar,169,241,21,0,431,0,0,0,0,0,169,241,21,0,431,0,0,0,431
11/01/2013,CLE,OH,AGL,CE,Combined TRACON& Tower with Radar,175,374,30,2,581,0,0,0,0,0,175,374,30,2,581,0,0,0,581
11/02/2013,CLE,OH,AGL,CE,Combined TRACON& Tower with Radar,125,198,11,0,334,0,0,0,0,0,125,198,11,0,334,0,0,0,334
11/03/2013,CLE,OH,AGL,CE,Combined TRACON& Tower with Radar,152,312,15,0,479,0,2,1,0,3,152,314,16,0,482,0,0,0,482
11/04/2013,CLE,OH,AGL,CE,Combined TRACON& Tower with Radar,173,362,23,2,560,0,0,2,1,3,173,362,25,3,563,0,0,0,563
11/05/2013,CLE,OH,AGL,CE,Combined TRACON& Tower with Radar,175,298,22,1,496,0,0,3,0,3,175,298,25,1,499,0,0,0,499
11/06/2013,CLE,OH,AGL,CE,Combined TRACON& Tower with Radar,170,301,58,2,531,0,0,1,3,4,170,301,59,5,535,0,0,0,535
11/07/2013,CLE,OH,AGL,CE,Combined TRACON& Tower with Radar,180,356,25,2,563,0,0,1,0,1,180,356,26,2,564,0,0,0,564
11/08/2013,CLE,OH,AGL,CE,Combined TRACON& Tower with Radar,187,372,45,0,604,0,2,1,1,4,187,374,46,1,608,0,0,0,608
11/09/2013,CLE,OH,AGL,CE,Combined TRACON& Tower with Radar,125,184,8,0,317,0,0,0,0,0,125,184,8,0,317,0,0,0,317
11/10/2013,CLE,OH,AGL,CE,Combined TRACON& Tower with Radar,148,307,24,0,479,0,0,1,0,1,148,307,25,0,480,0,0,0,480
11/11/2013,CLE,OH,AGL,CE,Combined TRACON& Tower with Radar,165,366,33,2,566,0,0,0,5,5,165,366,33,7,571,0,0,0,571
11/12/2013,CLE,OH,AGL,CE,Combined TRACON& Tower with Radar,170,304,34,0,508,0,0,2,0,2,170,304,36,0,510,0,0,0,510
11/13/2013,CLE,OH,AGL,CE,Combined TRACON& Tower with Radar,170,310,32,1,513,0,1,1,0,2,170,311,33,1,515,0,0,0,515
11/14/2013,CLE,OH,AGL,CE,Combined TRACON& Tower with Radar,184,374,34,4,596,0,0,5,2,7,184,374,39,6,603,0,0,0,603
11/15/2013,CLE,OH,AGL,CE,Combined TRACON& Tower with Radar,184,361,30,2,577,0,0,1,0,1,184,361,31,2,578,0,0,0,578
11/16/2013,CLE,OH,AGL,CE,Combined TRACON& Tower with Radar,126,181,12,0,319,0,1,3,0,4,126,182,15,0,323,0,0,0,323
11/17/2013,CLE,OH,AGL,CE,Combined TRACON& Tower with Radar,141,250,11,0,402,0,0,0,0,0,141,250,11,0,402,0,0,0,402
11/18/2013,CLE,OH,AGL,CE,Combined TRACON& Tower with Radar,175,364,27,0,566,0,1,2,0,3,175,365,29,0,569,0,0,0,569
11/19/2013,CLE,OH,AGL,CE,Combined TRACON& Tower with Radar,170,299,41,0,510,0,1,2,1,4,170,300,43,1,514,0,0,0,514
11/20/2013,CLE,OH,AGL,CE,Combined TRACON& Tower with Radar,167,306,39,0,512,0,1,6,0,7,167,307,45,0,519,0,0,0,519
11/21/2013,CLE,OH,AGL,CE,Combined TRACON& Tower with Radar,173,380,31,0,584,0,0,0,0,0,173,380,31,0,584,0,0,0,584
11/22/2013,CLE,OH,AGL,CE,Combined TRACON& Tower with Radar,175,387,34,0,596,0,0,0,0,0,175,387,34,0,596,0,0,0,596
11/23/2013,CLE,OH,AGL,CE,Combined TRACON& Tower with Radar,122,195,13,0,330,0,0,0,0,0,122,195,13,0,330,0,0,0,330
11/24/2013,CLE,OH,AGL,CE,Combined TRACON& Tower with Radar,137,297,23,0,457,0,1,0,0,1,137,298,23,0,458,0,0,0,458
11/25/2013,CLE,OH,AGL,CE,Combined TRACON& Tower with Radar,159,290,21,0,470,0,0,2,0,2,159,290,23,0,472,0,0,0,472
11/26/2013,CLE,OH,AGL,CE,Combined TRACON& Tower with Radar,168,303,37,0,508,0,0,1,0,1,168,303,38,0,509,0,0,0,509
11/27/2013,CLE,OH,AGL,CE,Combined TRACON& Tower with Radar,172,377,23,0,572,0,0,2,0,2,172,377,25,0,574,0,0,0,574
11/28/2013,CLE,OH,AGL,CE,Combined TRACON& Tower with Radar,96,149,7,0,252,0,1,0,0,1,96,150,7,0,253,0,0,0,253
11/29/2013,CLE,OH,AGL,CE,Combined TRACON& Tower with Radar,125,174,7,0,306,0,0,0,0,0,125,174,7,0,306,0,0,0,306
11/30/2013,CLE,OH,AGL,CE,Combined TRACON& Tower with Radar,155,337,15,0,507,0,0,5,0,5,155,337,20,0,512,0,0,0,512
12/01/2013,CLE,OH,AGL,CE,Combined TRACON& Tower with Radar,164,375,34,0,573,0,0,0,0,0,164,375,34,0,573,0,0,0,573
12/02/2013,CLE,OH,AGL,CE,Combined TRACON& Tower with Radar,181,376,34,0,591,0,0,0,0,0,181,376,34,0,591,0,0,0,591
12/03/2013,CLE,OH,AGL,CE,Combined TRACON& Tower with Radar,172,295,25,0,492,0,0,1,0,1,172,295,26,0,493,0,0,0,493
12/04/2013,CLE,OH,AGL,CE,Combined TRACON& Tower with Radar,169,295,22,0,486,0,0,0,0,0,169,295,22,0,486,0,0,0,486
12/05/2013,CLE,OH,AGL,CE,Combined TRACON& Tower with Radar,166,349,17,0,532,0,1,0,0,1,166,350,17,0,533,0,0,0,533
12/06/2013,CLE,OH,AGL,CE,Combined TRACON& Tower with Radar,166,340,24,0,530,0,0,0,0,0,166,340,24,0,530,0,0,0,530
12/07/2013,CLE,OH,AGL,CE,Combined TRACON& Tower with Radar,108,188,12,1,309,0,3,1,0,4,108,191,13,1,313,0,0,0,313
12/08/2013,CLE,OH,AGL,CE,Combined TRACON& Tower with Radar,114,239,19,0,372,0,0,1,0,1,114,239,20,0,373,0,0,0,373
12/09/2013,CLE,OH,AGL,CE,Combined TRACON& Tower with Radar,164,331,23,0,518,0,2,0,0,2,164,333,23,0,520,0,0,0,520
12/10/2013,CLE,OH,AGL,CE,Combined TRACON& Tower with Radar,165,291,31,0,487,0,3,1,0,4,165,294,32,0,491,0,0,0,491
12/11/2013,CLE,OH,AGL,CE,Combined TRACON& Tower with Radar,164,299,36,3,502,0,1,0,0,1,164,300,36,3,503,0,0,0,503
12/12/2013,CLE,OH,AGL,CE,Combined TRACON& Tower with Radar,168,367,43,0,578,0,0,5,0,5,168,367,48,0,583,0,0,0,583
12/13/2013,CLE,OH,AGL,CE,Combined TRACON& Tower with Radar,163,368,21,2,554,0,0,2,0,2,163,368,23,2,556,0,0,0,556
12/14/2013,CLE,OH,AGL,CE,Combined TRACON& Tower with Radar,100,131,16,0,247,0,0,0,0,0,100,131,16,0,247,0,0,0,247
12/15/2013,CLE,OH,AGL,CE,Combined TRACON& Tower with Radar,142,290,27,0,459,0,0,0,0,0,142,290,27,0,459,0,0,0,459
12/16/2013,CLE,OH,AGL,CE,Combined TRACON& Tower with Radar,165,363,24,2,554,0,1,6,0,7,165,364,30,2,561,0,0,0,561
12/17/2013,CLE,OH,AGL,CE,Combined TRACON& Tower with Radar,162,293,40,2,497,0,0,0,0,0,162,293,40,2,497,0,0,0,497
12/18/2013,CLE,OH,AGL,CE,Combined TRACON& Tower with Radar,170,302,31,0,503,0,0,1,0,1,170,302,32,0,504,0,0,0,504
12/19/2013,CLE,OH,AGL,CE,Combined TRACON& Tower with Radar,193,347,25,0,565,0,2,5,0,7,193,349,30,0,572,0,0,0,572
12/20/2013,CLE,OH,AGL,CE,Combined TRACON& Tower with Radar,200,340,32,2,574,0,0,1,0,1,200,340,33,2,575,0,0,0,575
12/21/2013,CLE,OH,AGL,CE,Combined TRACON& Tower with Radar,157,244,13,0,414,0,0,0,0,0,157,244,13,0,414,0,0,0,414
12/22/2013,CLE,OH,AGL,CE,Combined TRACON& Tower with Radar,162,271,17,0,450,0,0,1,0,1,162,271,18,0,451,0,0,0,451
12/23/2013,CLE,OH,AGL,CE,Combined TRACON& Tower with Radar,182,322,13,0,517,0,0,3,0,3,182,322,16,0,520,0,0,0,520
12/24/2013,CLE,OH,AGL,CE,Combined TRACON& Tower with Radar,131,155,4,0,290,0,0,1,0,1,131,155,5,0,291,0,0,0,291
12/25/2013,CLE,OH,AGL,CE,Combined TRACON& Tower with Radar,115,169,1,0,285,0,0,0,0,0,115,169,1,0,285,0,0,0,285
12/26/2013,CLE,OH,AGL,CE,Combined TRACON& Tower with Radar,185,341,26,0,552,0,0,0,0,0,185,341,26,0,552,0,0,0,552
12/27/2013,CLE,OH,AGL,CE,Combined TRACON& Tower with Radar,189,339,16,0,544,0,0,0,0,0,189,339,16,0,544,0,0,0,544
12/28/2013,CLE,OH,AGL,CE,Combined TRACON& Tower with Radar,151,239,13,0,403,0,0,5,0,5,151,239,18,0,408,0,0,0,408
12/29/2013,CLE,OH,AGL,CE,Combined TRACON& Tower with Radar,156,268,11,0,435,0,1,2,0,3,156,269,13,0,438,0,0,0,438
12/30/2013,CLE,OH,AGL,CE,Combined TRACON& Tower with Radar,167,325,9,0,501,0,0,0,0,0,167,325,9,0,501,0,0,0,501
12/31/2013,CLE,OH,AGL,CE,Combined TRACON& Tower with Radar,133,136,13,0,282,0,0,0,0,0,133,136,13,0,282,0,0,0,282
01/01/2014,CLE,OH,AGL,CE,Combined TRACON& Tower with Radar,109,90,5,0,204,0,0,0,0,0,109,90,5,0,204,0,0,0,204
01/02/2014,CLE,OH,AGL,CE,Combined TRACON& Tower with Radar,158,125,19,0,302,0,0,0,0,0,158,125,19,0,302,0,0,0,302
01/03/2014,CLE,OH,AGL,CE,Combined TRACON& Tower with Radar,155,249,16,0,420,0,0,2,0,2,155,249,18,0,422,0,0,0,422
01/04/2014,CLE,OH,AGL,CE,Combined TRACON& Tower with Radar,128,207,18,0,353,0,0,1,0,1,128,207,19,0,354,0,0,0,354
01/05/2014,CLE,OH,AGL,CE,Combined TRACON& Tower with Radar,132,184,17,0,333,0,2,0,0,2,132,186,17,0,335,0,0,0,335
01/06/2014,CLE,OH,AGL,CE,Combined TRACON& Tower with Radar,131,45,29,0,205,0,0,0,0,0,131,45,29,0,205,0,0,0,205
01/07/2014,CLE,OH,AGL,CE,Combined TRACON& Tower with Radar,113,43,27,0,183,0,0,0,1,1,113,43,27,1,184,0,0,0,184
01/08/2014,CLE,OH,AGL,CE,Combined TRACON& Tower with Radar,131,173,34,0,338,0,0,1,0,1,131,173,35,0,339,0,0,0,339
01/09/2014,CLE,OH,AGL,CE,Combined TRACON& Tower with Radar,151,314,22,0,487,0,0,0,0,0,151,314,22,0,487,0,0,0,487
01/10/2014,CLE,OH,AGL,CE,Combined TRACON& Tower with Radar,164,322,21,2,509,0,0,0,0,0,164,322,21,2,509,0,0,0,509
01/11/2014,CLE,OH,AGL,CE,Combined TRACON& Tower with Radar,115,133,8,1,257,0,0,0,0,0,115,133,8,1,257,0,0,0,257
01/12/2014,CLE,OH,AGL,CE,Combined TRACON& Tower with Radar,129,246,8,1,384,0,0,1,0,1,129,246,9,1,385,0,0,0,385
01/13/2014,CLE,OH,AGL,CE,Combined TRACON& Tower with Radar,152,323,22,0,497,0,1,0,0,1,152,324,22,0,498,0,0,0,498
01/14/2014,CLE,OH,AGL,CE,Combined TRACON& Tower with Radar,153,246,20,0,419,0,1,0,0,1,153,247,20,0,420,0,0,0,420
01/15/2014,CLE,OH,AGL,CE,Combined TRACON& Tower with Radar,167,256,28,0,451,0,0,0,0,0,167,256,28,0,451,0,0,0,451
01/16/2014,CLE,OH,AGL,CE,Combined TRACON& Tower with Radar,155,317,30,0,502,0,0,2,1,3,155,317,32,1,505,0,0,0,505
01/17/2014,CLE,OH,AGL,CE,Combined TRACON& Tower with Radar,157,316,18,1,492,0,1,0,0,1,157,317,18,1,493,0,0,0,493
01/18/2014,CLE,OH,AGL,CE,Combined TRACON& Tower with Radar,107,141,11,0,259,0,0,3,0,3,107,141,14,0,262,0,0,0,262
01/19/2014,CLE,OH,AGL,CE,Combined TRACON& Tower with Radar,121,251,8,0,380,0,1,0,0,1,121,252,8,0,381,0,0,0,381
01/20/2014,CLE,OH,AGL,CE,Combined TRACON& Tower with Radar,146,311,16,1,474,0,1,0,0,1,146,312,16,1,475,0,0,0,475
01/21/2014,CLE,OH,AGL,CE,Combined TRACON& Tower with Radar,136,212,24,0,372,0,0,3,0,3,136,212,27,0,375,0,0,0,375
01/22/2014,CLE,OH,AGL,CE,Combined TRACON& Tower with Radar,155,236,22,0,413,0,0,1,0,1,155,236,23,0,414,0,0,0,414
01/23/2014,CLE,OH,AGL,CE,Combined TRACON& Tower with Radar,151,317,30,0,498,0,0,0,0,0,151,317,30,0,498,0,0,0,498
01/24/2014,CLE,OH,AGL,CE,Combined TRACON& Tower with Radar,147,315,37,0,499,0,2,1,0,3,147,317,38,0,502,0,0,0,502
01/25/2014,CLE,OH,AGL,CE,Combined TRACON& Tower with Radar,106,107,16,0,229,0,0,0,0,0,106,107,16,0,229,0,0,0,229
01/26/2014,CLE,OH,AGL,CE,Combined TRACON& Tower with Radar,121,234,15,0,370,0,0,1,0,1,121,234,16,0,371,0,0,0,371
01/27/2014,CLE,OH,AGL,CE,Combined TRACON& Tower with Radar,141,170,26,0,337,0,0,1,0,1,141,170,27,0,338,0,0,0,338
01/28/2014,CLE,OH,AGL,CE,Combined TRACON& Tower with Radar,118,84,23,3,228,0,0,1,0,1,118,84,24,3,229,0,0,0,229
01/29/2014,CLE,OH,AGL,CE,Combined TRACON& Tower with Radar,143,198,29,0,370,0,0,3,0,3,143,198,32,0,373,0,0,0,373
01/30/2014,CLE,OH,AGL,CE,Combined TRACON& Tower with Radar,137,320,33,0,490,0,2,1,1,4,137,322,34,1,494,0,0,0,494
01/31/2014,CLE,OH,AGL,CE,Combined TRACON& Tower with Radar,148,315,30,0,493,0,0,0,0,0,148,315,30,0,493,0,0,0,493
02/01/2014,CLE,OH,AGL,CE,Combined TRACON& Tower with Radar,108,135,6,2,251,0,0,0,0,0,108,135,6,2,251,0,0,0,251
02/02/2014,CLE,OH,AGL,CE,Combined TRACON& Tower with Radar,109,195,12,0,316,0,0,1,0,1,109,195,13,0,317,0,0,0,317
02/03/2014,CLE,OH,AGL,CE,Combined TRACON& Tower with Radar,144,287,25,0,456,0,0,3,0,3,144,287,28,0,459,0,0,0,459
02/04/2014,CLE,OH,AGL,CE,Combined TRACON& Tower with Radar,143,208,37,0,388,0,1,2,0,3,143,209,39,0,391,0,0,0,391
02/05/2014,CLE,OH,AGL,CE,Combined TRACON& Tower with Radar,132,162,11,0,305,0,0,1,0,1,132,162,12,0,306,0,0,0,306
02/06/2014,CLE,OH,AGL,CE,Combined TRACON& Tower with Radar,157,312,24,0,493,0,1,0,0,1,157,313,24,0,494,0,0,0,494
02/07/2014,CLE,OH,AGL,CE,Combined TRACON& Tower with Radar,159,323,17,0,499,0,2,0,0,2,159,325,17,0,501,0,0,0,501
02/08/2014,CLE,OH,AGL,CE,Combined TRACON& Tower with Radar,108,118,8,0,234,0,0,1,0,1,108,118,9,0,235,0,0,0,235
02/09/2014,CLE,OH,AGL,CE,Combined TRACON& Tower with Radar,132,248,9,0,389,0,0,0,0,0,132,248,9,0,389,0,0,0,389
02/10/2014,CLE,OH,AGL,CE,Combined TRACON& Tower with Radar,145,327,21,0,493,0,1,1,0,2,145,328,22,0,495,0,0,0,495
02/11/2014,CLE,OH,AGL,CE,Combined TRACON& Tower with Radar,153,246,20,0,419,0,0,0,0,0,153,246,20,0,419,0,0,0,419
02/12/2014,CLE,OH,AGL,CE,Combined TRACON& Tower with Radar,145,242,22,0,409,0,0,3,0,3,145,242,25,0,412,0,0,0,412
02/13/2014,CLE,OH,AGL,CE,Combined TRACON& Tower with Radar,134,246,35,0,415,0,1,0,0,1,134,247,35,0,416,0,0,0,416
02/14/2014,CLE,OH,AGL,CE,Combined TRACON& Tower with Radar,166,315,27,0,508,0,0,0,0,0,166,315,27,0,508,0,0,0,508
02/15/2014,CLE,OH,AGL,CE,Combined TRACON& Tower with Radar,107,149,9,0,265,0,4,2,0,6,107,153,11,0,271,0,0,0,271
02/16/2014,CLE,OH,AGL,CE,Combined TRACON& Tower with Radar,143,256,9,0,408,0,1,0,0,1,143,257,9,0,409,0,0,0,409
02/17/2014,CLE,OH,AGL,CE,Combined TRACON& Tower with Radar,162,330,35,0,527,0,0,1,0,1,162,330,36,0,528,0,0,0,528
02/18/2014,CLE,OH,AGL,CE,Combined TRACON& Tower with Radar,161,274,30,0,465,0,1,3,0,4,161,275,33,0,469,0,0,0,469
02/19/2014,CLE,OH,AGL,CE,Combined TRACON& Tower with Radar,170,276,33,0,479,0,1,2,0,3,170,277,35,0,482,0,0,0,482
02/20/2014,CLE,OH,AGL,CE,Combined TRACON& Tower with Radar,180,328,33,0,541,0,0,1,0,1,180,328,34,0,542,0,0,0,542
02/21/2014,CLE,OH,AGL,CE,Combined TRACON& Tower with Radar,172,300,26,0,498,0,0,1,0,1,172,300,27,0,499,0,0,0,499
02/22/2014,CLE,OH,AGL,CE,Combined TRACON& Tower with Radar,125,162,9,0,296,0,0,0,0,0,125,162,9,0,296,0,0,0,296
02/23/2014,CLE,OH,AGL,CE,Combined TRACON& Tower with Radar,152,267,17,0,436,0,0,2,0,2,152,267,19,0,438,0,0,0,438
02/24/2014,CLE,OH,AGL,CE,Combined TRACON& Tower with Radar,179,325,21,0,525,0,0,2,0,2,179,325,23,0,527,0,0,0,527
02/25/2014,CLE,OH,AGL,CE,Combined TRACON& Tower with Radar,179,267,29,0,475,0,0,0,0,0,179,267,29,0,475,0,0,0,475
02/26/2014,CLE,OH,AGL,CE,Combined TRACON& Tower with Radar,167,267,32,0,466,0,0,1,0,1,167,267,33,0,467,0,0,0,467
02/27/2014,CLE,OH,AGL,CE,Combined TRACON& Tower with Radar,189,337,23,0,549,0,1,0,0,1,189,338,23,0,550,0,0,0,550
02/28/2014,CLE,OH,AGL,CE,Combined TRACON& Tower with Radar,187,343,26,0,556,0,1,0,0,1,187,344,26,0,557,0,0,0,557
03/01/2014,CLE,OH,AGL,CE,Combined TRACON& Tower with Radar,118,165,11,0,294,0,1,3,0,4,118,166,14,0,298,0,0,0,298
03/02/2014,CLE,OH,AGL,CE,Combined TRACON& Tower with Radar,154,259,5,0,418,0,1,0,0,1,154,260,5,0,419,0,0,0,419
03/03/2014,CLE,OH,AGL,CE,Combined TRACON& Tower with Radar,161,287,13,0,461,0,3,1,0,4,161,290,14,0,465,0,0,0,465
03/04/2014,CLE,OH,AGL,CE,Combined TRACON& Tower with Radar,168,254,32,0,454,0,3,0,0,3,168,257,32,0,457,0,0,0,457
03/05/2014,CLE,OH,AGL,CE,Combined TRACON& Tower with Radar,172,253,19,0,444,0,1,1,0,2,172,254,20,0,446,0,0,0,446
03/06/2014,CLE,OH,AGL,CE,Combined TRACON& Tower with Radar,177,325,21,2,525,0,0,1,1,2,177,325,22,3,527,0,0,0,527
03/07/2014,CLE,OH,AGL,CE,Combined TRACON& Tower with Radar,178,304,22,0,504,0,2,3,1,6,178,306,25,1,510,0,0,0,510
03/08/2014,CLE,OH,AGL,CE,Combined TRACON& Tower with Radar,133,193,15,0,341,0,0,0,0,0,133,193,15,0,341,0,0,0,341
03/09/2014,CLE,OH,AGL,CE,Combined TRACON& Tower with Radar,162,250,14,0,426,0,1,2,0,3,162,251,16,0,429,0,0,0,429
03/10/2014,CLE,OH,AGL,CE,Combined TRACON& Tower with Radar,177,301,18,2,498,0,1,4,0,5,177,302,22,2,503,0,0,0,503
03/11/2014,CLE,OH,AGL,CE,Combined TRACON& Tower with Radar,180,245,26,0,451,0,0,2,0,2,180,245,28,0,453,0,0,0,453
03/12/2014,CLE,OH,AGL,CE,Combined TRACON& Tower with Radar,120,124,19,0,263,0,0,0,0,0,120,124,19,0,263,0,0,0,263
03/13/2014,CLE,OH,AGL,CE,Combined TRACON& Tower with Radar,177,315,43,2,537,0,0,3,0,3,177,315,46,2,540,0,0,0,540
03/14/2014,CLE,OH,AGL,CE,Combined TRACON& Tower with Radar,188,295,43,0,526,0,0,4,0,4,188,295,47,0,530,0,0,0,530
03/15/2014,CLE,OH,AGL,CE,Combined TRACON& Tower with Radar,129,188,9,0,326,0,0,2,0,2,129,188,11,0,328,0,0,0,328
03/16/2014,CLE,OH,AGL,CE,Combined TRACON& Tower with Radar,162,245,15,0,422,0,0,0,0,0,162,245,15,0,422,0,0,0,422
03/17/2014,CLE,OH,AGL,CE,Combined TRACON& Tower with Radar,173,294,21,0,488,0,0,5,0,5,173,294,26,0,493,0,0,0,493
03/18/2014,CLE,OH,AGL,CE,Combined TRACON& Tower with Radar,183,246,23,0,452,0,0,4,0,4,183,246,27,0,456,0,0,0,456
03/19/2014,CLE,OH,AGL,CE,Combined TRACON& Tower with Radar,195,265,16,0,476,0,0,0,0,0,195,265,16,0,476,0,0,0,476
03/20/2014,CLE,OH,AGL,CE,Combined TRACON& Tower with Radar,187,327,31,0,545,0,1,1,0,2,187,328,32,0,547,0,0,0,547
03/21/2014,CLE,OH,AGL,CE,Combined TRACON& Tower with Radar,184,307,13,2,506,0,1,1,0,2,184,308,14,2,508,0,0,0,508
03/22/2014,CLE,OH,AGL,CE,Combined TRACON& Tower with Radar,139,182,10,0,331,0,1,0,0,1,139,183,10,0,332,0,0,0,332
03/23/2014,CLE,OH,AGL,CE,Combined TRACON& Tower with Radar,165,264,9,0,438,0,2,0,0,2,165,266,9,0,440,0,0,0,440
03/24/2014,CLE,OH,AGL,CE,Combined TRACON& Tower with Radar,179,308,24,1,512,0,0,1,0,1,179,308,25,1,513,0,0,0,513
03/25/2014,CLE,OH,AGL,CE,Combined TRACON& Tower with Radar,180,251,29,0,460,0,0,1,0,1,180,251,30,0,461,0,0,0,461
03/26/2014,CLE,OH,AGL,CE,Combined TRACON& Tower with Radar,176,257,24,0,457,0,3,1,1,5,176,260,25,1,462,0,0,0,462
03/27/2014,CLE,OH,AGL,CE,Combined TRACON& Tower with Radar,183,317,29,0,529,0,0,0,0,0,183,317,29,0,529,0,0,0,529
03/28/2014,CLE,OH,AGL,CE,Combined TRACON& Tower with Radar,184,308,29,0,521,0,2,0,0,2,184,310,29,0,523,0,0,0,523
03/29/2014,CLE,OH,AGL,CE,Combined TRACON& Tower with Radar,138,174,10,0,322,0,0,0,0,0,138,174,10,0,322,0,0,0,322
03/30/2014,CLE,OH,AGL,CE,Combined TRACON& Tower with Radar,167,262,22,0,451,0,0,1,0,1,167,262,23,0,452,0,0,0,452
03/31/2014,CLE,OH,AGL,CE,Combined TRACON& Tower with Radar,178,300,14,4,496,0,1,3,0,4,178,301,17,4,500,0,0,0,500
04/01/2014,CLE,OH,AGL,CE,Combined TRACON& Tower with Radar,177,223,26,0,426,0,0,4,0,4,177,223,30,0,430,0,0,0,430
04/02/2014,CLE,OH,AGL,CE,Combined TRACON& Tower with Radar,170,229,32,0,431,0,3,1,0,4,170,232,33,0,435,0,0,0,435
04/03/2014,CLE,OH,AGL,CE,Combined TRACON& Tower with Radar,186,270,29,0,485,0,1,2,0,3,186,271,31,0,488,0,0,0,488
04/04/2014,CLE,OH,AGL,CE,Combined TRACON& Tower with Radar,179,266,15,0,460,0,0,0,0,0,179,266,15,0,460,0,0,0,460
04/05/2014,CLE,OH,AGL,CE,Combined TRACON& Tower with Radar,140,158,13,0,311,0,1,1,0,2,140,159,14,0,313,0,0,0,313
04/06/2014,CLE,OH,AGL,CE,Combined TRACON& Tower with Radar,148,226,15,0,389,0,1,2,0,3,148,227,17,0,392,0,0,0,392
04/07/2014,CLE,OH,AGL,CE,Combined TRACON& Tower with Radar,178,260,15,0,453,0,0,2,0,2,178,260,17,0,455,0,0,0,455
04/08/2014,CLE,OH,AGL,CE,Combined TRACON& Tower with Radar,169,233,32,0,434,0,0,0,0,0,169,233,32,0,434,0,0,0,434
04/09/2014,CLE,OH,AGL,CE,Combined TRACON& Tower with Radar,180,225,39,0,444,0,4,3,0,7,180,229,42,0,451,0,0,0,451
04/10/2014,CLE,OH,AGL,CE,Combined TRACON& Tower with Radar,187,284,32,2,505,0,0,1,1,2,187,284,33,3,507,0,0,0,507
04/11/2014,CLE,OH,AGL,CE,Combined TRACON& Tower with Radar,184,265,32,0,481,0,0,3,0,3,184,265,35,0,484,0,0,0,484
04/12/2014,CLE,OH,AGL,CE,Combined TRACON& Tower with Radar,132,167,10,0,309,0,1,4,0,5,132,168,14,0,314,0,0,0,314
04/13/2014,CLE,OH,AGL,CE,Combined TRACON& Tower with Radar,146,225,16,0,387,0,0,1,0,1,146,225,17,0,388,0,0,0,388
04/14/2014,CLE,OH,AGL,CE,Combined TRACON& Tower with Radar,179,266,17,0,462,0,1,2,0,3,179,267,19,0,465,0,0,0,465
04/15/2014,CLE,OH,AGL,CE,Combined TRACON& Tower with Radar,168,213,29,2,412,0,1,0,0,1,168,214,29,2,413,0,0,0,413
04/16/2014,CLE,OH,AGL,CE,Combined TRACON& Tower with Radar,172,221,31,0,424,0,0,6,0,6,172,221,37,0,430,0,0,0,430
04/17/2014,CLE,OH,AGL,CE,Combined TRACON& Tower with Radar,185,270,38,0,493,0,0,1,0,1,185,270,39,0,494,0,0,0,494
04/18/2014,CLE,OH,AGL,CE,Combined TRACON& Tower with Radar,177,272,15,0,464,0,1,7,0,8,177,273,22,0,472,0,0,0,472
04/19/2014,CLE,OH,AGL,CE,Combined TRACON& Tower with Radar,130,144,10,0,284,0,1,3,0,4,130,145,13,0,288,0,0,0,288
04/20/2014,CLE,OH,AGL,CE,Combined TRACON& Tower with Radar,153,206,10,0,369,0,0,3,0,3,153,206,13,0,372,0,0,0,372
04/21/2014,CLE,OH,AGL,CE,Combined TRACON& Tower with Radar,185,265,26,1,477,0,1,5,1,7,185,266,31,2,484,0,0,0,484
04/22/2014,CLE,OH,AGL,CE,Combined TRACON& Tower with Radar,173,229,26,2,430,0,2,1,0,3,173,231,27,2,433,0,0,0,433
04/23/2014,CLE,OH,AGL,CE,Combined TRACON& Tower with Radar,175,237,29,2,443,0,0,1,0,1,175,237,30,2,444,0,0,0,444
04/24/2014,CLE,OH,AGL,CE,Combined TRACON& Tower with Radar,191,263,42,0,496,0,1,1,1,3,191,264,43,1,499,0,0,0,499
04/25/2014,CLE,OH,AGL,CE,Combined TRACON& Tower with Radar,180,274,34,0,488,0,0,1,0,1,180,274,35,0,489,0,0,0,489
04/26/2014,CLE,OH,AGL,CE,Combined TRACON& Tower with Radar,132,155,4,0,291,0,2,2,0,4,132,157,6,0,295,0,0,0,295
04/27/2014,CLE,OH,AGL,CE,Combined TRACON& Tower with Radar,142,223,12,0,377,0,0,0,0,0,142,223,12,0,377,0,0,0,377
04/28/2014,CLE,OH,AGL,CE,Combined TRACON& Tower with Radar,182,265,16,0,463,0,0,0,0,0,182,265,16,0,463,0,0,0,463
04/29/2014,CLE,OH,AGL,CE,Combined TRACON& Tower with Radar,171,225,18,0,414,0,0,1,0,1,171,225,19,0,415,0,0,0,415
04/30/2014,CLE,OH,AGL,CE,Combined TRACON& Tower with Radar,171,217,32,4,424,0,0,0,0,0,171,217,32,4,424,0,0,0,424
05/01/2014,CLE,OH,AGL,CE,Combined TRACON& Tower with Radar,191,254,25,4,474,0,0,1,0,1,191,254,26,4,475,0,0,0,475
05/02/2014,CLE,OH,AGL,CE,Combined TRACON& Tower with Radar,180,254,29,0,463,0,2,0,0,2,180,256,29,0,465,0,0,0,465
05/03/2014,CLE,OH,AGL,CE,Combined TRACON& Tower with Radar,125,143,17,0,285,0,0,0,0,0,125,143,17,0,285,0,0,0,285
05/04/2014,CLE,OH,AGL,CE,Combined TRACON& Tower with Radar,145,212,16,0,373,0,0,0,0,0,145,212,16,0,373,0,0,0,373
05/05/2014,CLE,OH,AGL,CE,Combined TRACON& Tower with Radar,181,253,25,0,459,0,1,3,1,5,181,254,28,1,464,0,0,0,464
05/06/2014,CLE,OH,AGL,CE,Combined TRACON& Tower with Radar,181,180,41,0,402,0,0,1,0,1,181,180,42,0,403,0,0,0,403
05/07/2014,CLE,OH,AGL,CE,Combined TRACON& Tower with Radar,179,208,27,0,414,0,0,1,0,1,179,208,28,0,415,0,0,0,415
05/08/2014,CLE,OH,AGL,CE,Combined TRACON& Tower with Radar,185,211,33,2,431,0,0,4,0,4,185,211,37,2,435,0,0,0,435
05/09/2014,CLE,OH,AGL,CE,Combined TRACON& Tower with Radar,179,214,24,0,417,0,0,2,0,2,179,214,26,0,419,0,0,0,419
05/10/2014,CLE,OH,AGL,CE,Combined TRACON& Tower with Radar,121,111,10,0,242,0,0,2,0,2,121,111,12,0,244,0,0,0,244
05/11/2014,CLE,OH,AGL,CE,Combined TRACON& Tower with Radar,141,158,19,0,318,0,1,0,0,1,141,159,19,0,319,0,0,0,319
05/12/2014,CLE,OH,AGL,CE,Combined TRACON& Tower with Radar,175,185,21,0,381,0,0,2,0,2,175,185,23,0,383,0,0,0,383
05/13/2014,CLE,OH,AGL,CE,Combined TRACON& Tower with Radar,176,167,29,4,376,0,1,1,1,3,176,168,30,5,379,0,0,0,379
05/14/2014,CLE,OH,AGL,CE,Combined TRACON& Tower with Radar,179,190,37,1,407,0,0,0,0,0,179,190,37,1,407,0,0,0,407
05/15/2014,CLE,OH,AGL,CE,Combined TRACON& Tower with Radar,185,201,35,6,427,0,2,0,0,2,185,203,35,6,429,0,0,0,429
05/16/2014,CLE,OH,AGL,CE,Combined TRACON& Tower with Radar,188,209,36,0,433,0,2,0,0,2,188,211,36,0,435,0,0,0,435
05/17/2014,CLE,OH,AGL,CE,Combined TRACON& Tower with Radar,120,116,4,0,240,0,1,0,0,1,120,117,4,0,241,0,0,0,241
05/18/2014,CLE,OH,AGL,CE,Combined TRACON& Tower with Radar,147,172,14,0,333,0,0,2,0,2,147,172,16,0,335,0,0,0,335
05/19/2014,CLE,OH,AGL,CE,Combined TRACON& Tower with Radar,178,213,14,2,407,0,0,2,0,2,178,213,16,2,409,0,0,0,409
05/20/2014,CLE,OH,AGL,CE,Combined TRACON& Tower with Radar,179,194,17,0,390,0,0,1,0,1,179,194,18,0,391,0,0,0,391
05/21/2014,CLE,OH,AGL,CE,Combined TRACON& Tower with Radar,179,183,35,0,397,0,1,0,0,1,179,184,35,0,398,0,0,0,398
05/22/2014,CLE,OH,AGL,CE,Combined TRACON& Tower with Radar,174,199,29,0,402,0,4,2,0,6,174,203,31,0,408,0,0,0,408
05/23/2014,CLE,OH,AGL,CE,Combined TRACON& Tower with Radar,186,214,25,2,427,0,0,15,1,16,186,214,40,3,443,0,0,0,443
05/24/2014,CLE,OH,AGL,CE,Combined TRACON& Tower with Radar,114,116,8,2,240,0,0,3,0,3,114,116,11,2,243,0,0,0,243
05/25/2014,CLE,OH,AGL,CE,Combined TRACON& Tower with Radar,120,86,7,0,213,0,0,1,0,1,120,86,8,0,214,0,0,0,214
05/26/2014,CLE,OH,AGL,CE,Combined TRACON& Tower with Radar,154,180,15,1,350,0,4,1,0,5,154,184,16,1,355,0,0,0,355
05/27/2014,CLE,OH,AGL,CE,Combined TRACON& Tower with Radar,175,163,38,0,376,0,1,1,0,2,175,164,39,0,378,0,0,0,378
05/28/2014,CLE,OH,AGL,CE,Combined TRACON& Tower with Radar,174,179,34,0,387,0,1,3,0,4,174,180,37,0,391,0,0,0,391
05/29/2014,CLE,OH,AGL,CE,Combined TRACON& Tower with Radar,193,206,33,1,433,0,1,0,2,3,193,207,33,3,436,0,0,0,436
05/30/2014,CLE,OH,AGL,CE,Combined TRACON& Tower with Radar,179,209,16,3,407,0,0,4,0,4,179,209,20,3,411,0,0,0,411
05/31/2014,CLE,OH,AGL,CE,Combined TRACON& Tower with Radar,119,111,11,0,241,0,1,1,0,2,119,112,12,0,243,0,0,0,243
06/01/2014,CLE,OH,AGL,CE,Combined TRACON& Tower with Radar,147,164,10,1,322,0,2,1,0,3,147,166,11,1,325,0,0,0,325
06/02/2014,CLE,OH,AGL,CE,Combined TRACON& Tower with Radar,181,214,28,0,423,0,2,0,0,2,181,216,28,0,425,0,0,0,425
06/03/2014,CLE,OH,AGL,CE,Combined TRACON& Tower with Radar,176,179,33,0,388,0,0,3,0,3,176,179,36,0,391,0,0,0,391
06/04/2014,CLE,OH,AGL,CE,Combined TRACON& Tower with Radar,170,187,29,0,386,0,0,1,0,1,170,187,30,0,387,0,0,0,387
06/05/2014,CLE,OH,AGL,CE,Combined TRACON& Tower with Radar,174,154,38,0,366,0,1,3,0,4,174,155,41,0,370,0,0,0,370
06/06/2014,CLE,OH,AGL,CE,Combined TRACON& Tower with Radar,173,142,19,0,334,0,0,5,0,5,173,142,24,0,339,0,0,0,339
06/07/2014,CLE,OH,AGL,CE,Combined TRACON& Tower with Radar,126,84,8,0,218,0,1,2,0,3,126,85,10,0,221,0,0,0,221
06/08/2014,CLE,OH,AGL,CE,Combined TRACON& Tower with Radar,150,105,10,0,265,0,0,1,0,1,150,105,11,0,266,0,0,0,266
06/09/2014,CLE,OH,AGL,CE,Combined TRACON& Tower with Radar,165,138,21,1,325,0,0,2,1,3,165,138,23,2,328,0,0,0,328
06/10/2014,CLE,OH,AGL,CE,Combined TRACON& Tower with Radar,169,140,25,0,334,0,0,2,0,2,169,140,27,0,336,0,0,0,336
06/11/2014,CLE,OH,AGL,CE,Combined TRACON& Tower with Radar,167,125,32,0,324,0,0,3,0,3,167,125,35,0,327,0,0,0,327
06/12/2014,CLE,OH,AGL,CE,Combined TRACON& Tower with Radar,176,134,22,0,332,0,2,1,0,3,176,136,23,0,335,0,0,0,335
06/13/2014,CLE,OH,AGL,CE,Combined TRACON& Tower with Radar,181,116,25,0,322,0,0,2,0,2,181,116,27,0,324,0,0,0,324
06/14/2014,CLE,OH,AGL,CE,Combined TRACON& Tower with Radar,136,83,8,1,228,0,0,3,0,3,136,83,11,1,231,0,0,0,231
06/15/2014,CLE,OH,AGL,CE,Combined TRACON& Tower with Radar,167,115,13,0,295,0,0,2,0,2,167,115,15,0,297,0,0,0,297
06/16/2014,CLE,OH,AGL,CE,Combined TRACON& Tower with Radar,179,138,31,0,348,0,2,2,0,4,179,140,33,0,352,0,0,0,352
06/17/2014,CLE,OH,AGL,CE,Combined TRACON& Tower with Radar,177,150,27,0,354,0,3,1,0,4,177,153,28,0,358,0,0,0,358
06/18/2014,CLE,OH,AGL,CE,Combined TRACON& Tower with Radar,173,150,23,0,346,0,3,0,0,3,173,153,23,0,349,0,0,0,349
06/19/2014,CLE,OH,AGL,CE,Combined TRACON& Tower with Radar,181,142,25,0,348,0,2,0,0,2,181,144,25,0,350,0,0,0,350
06/20/2014,CLE,OH,AGL,CE,Combined TRACON& Tower with Radar,186,148,32,0,366,0,0,0,1,1,186,148,32,1,367,0,0,0,367
06/21/2014,CLE,OH,AGL,CE,Combined TRACON& Tower with Radar,132,97,8,2,239,0,1,2,0,3,132,98,10,2,242,0,0,0,242
06/22/2014,CLE,OH,AGL,CE,Combined TRACON& Tower with Radar,167,106,9,0,282,0,0,6,0,6,167,106,15,0,288,0,0,0,288
06/23/2014,CLE,OH,AGL,CE,Combined TRACON& Tower with Radar,177,144,28,3,352,0,2,2,0,4,177,146,30,3,356,0,0,0,356
06/24/2014,CLE,OH,AGL,CE,Combined TRACON& Tower with Radar,189,157,35,0,381,0,1,0,0,1,189,158,35,0,382,0,0,0,382
06/25/2014,CLE,OH,AGL,CE,Combined TRACON& Tower with Radar,186,132,38,0,356,0,0,0,0,0,186,132,38,0,356,0,0,0,356
06/26/2014,CLE,OH,AGL,CE,Combined TRACON& Tower with Radar,191,141,40,1,373,0,4,4,0,8,191,145,44,1,381,0,0,0,381
06/27/2014,CLE,OH,AGL,CE,Combined TRACON& Tower with Radar,186,144,31,0,361,0,3,10,0,13,186,147,41,0,374,0,0,0,374
06/28/2014,CLE,OH,AGL,CE,Combined TRACON& Tower with Radar,134,86,8,0,228,0,2,4,0,6,134,88,12,0,234,0,0,0,234
06/29/2014,CLE,OH,AGL,CE,Combined TRACON& Tower with Radar,162,118,15,0,295,0,0,1,0,1,162,118,16,0,296,0,0,0,296
06/30/2014,CLE,OH,AGL,CE,Combined TRACON& Tower with Radar,168,133,16,0,317,0,0,2,0,2,168,133,18,0,319,0,0,0,319
07/01/2014,CLE,OH,AGL,CE,Combined TRACON& Tower with Radar,173,114,27,0,314,0,0,4,0,4,173,114,31,0,318,0,0,0,318
07/02/2014,CLE,OH,AGL,CE,Combined TRACON& Tower with Radar,169,132,22,0,323,0,3,1,0,4,169,135,23,0,327,0,0,0,327
07/03/2014,CLE,OH,AGL,CE,Combined TRACON& Tower with Radar,193,121,24,0,338,0,2,1,0,3,193,123,25,0,341,0,0,0,341
07/04/2014,CLE,OH,AGL,CE,Combined TRACON& Tower with Radar,127,94,6,0,227,0,1,0,0,1,127,95,6,0,228,0,0,0,228
07/05/2014,CLE,OH,AGL,CE,Combined TRACON& Tower with Radar,124,83,19,0,226,0,2,0,0,2,124,85,19,0,228,0,0,0,228
07/06/2014,CLE,OH,AGL,CE,Combined TRACON& Tower with Radar,171,117,11,0,299,0,0,0,0,0,171,117,11,0,299,0,0,0,299
07/07/2014,CLE,OH,AGL,CE,Combined TRACON& Tower with Radar,188,147,24,0,359,0,0,3,0,3,188,147,27,0,362,0,0,0,362
07/08/2014,CLE,OH,AGL,CE,Combined TRACON& Tower with Radar,179,144,21,1,345,0,0,1,0,1,179,144,22,1,346,0,0,0,346
07/09/2014,CLE,OH,AGL,CE,Combined TRACON& Tower with Radar,196,148,25,1,370,0,0,1,0,1,196,148,26,1,371,0,0,0,371
07/10/2014,CLE,OH,AGL,CE,Combined TRACON& Tower with Radar,188,147,21,0,356,0,0,2,0,2,188,147,23,0,358,0,0,0,358
07/11/2014,CLE,OH,AGL,CE,Combined TRACON& Tower with Radar,190,146,11,0,347,0,0,3,0,3,190,146,14,0,350,0,0,0,350
07/12/2014,CLE,OH,AGL,CE,Combined TRACON& Tower with Radar,138,87,13,0,238,0,0,0,0,0,138,87,13,0,238,0,0,0,238
07/13/2014,CLE,OH,AGL,CE,Combined TRACON& Tower with Radar,170,120,19,0,309,0,1,0,0,1,170,121,19,0,310,0,0,0,310
07/14/2014,CLE,OH,AGL,CE,Combined TRACON& Tower with Radar,173,135,24,1,333,0,1,4,0,5,173,136,28,1,338,0,0,0,338
07/15/2014,CLE,OH,AGL,CE,Combined TRACON& Tower with Radar,182,126,37,0,345,0,0,8,0,8,182,126,45,0,353,0,0,0,353
07/16/2014,CLE,OH,AGL,CE,Combined TRACON& Tower with Radar,189,138,25,0,352,0,0,0,0,0,189,138,25,0,352,0,0,0,352
07/17/2014,CLE,OH,AGL,CE,Combined TRACON& Tower with Radar,188,143,28,2,361,0,0,5,0,5,188,143,33,2,366,0,0,0,366
07/18/2014,CLE,OH,AGL,CE,Combined TRACON& Tower with Radar,192,150,19,3,364,0,1,2,0,3,192,151,21,3,367,0,0,0,367
07/19/2014,CLE,OH,AGL,CE,Combined TRACON& Tower with Radar,136,88,19,0,243,0,1,0,0,1,136,89,19,0,244,0,0,0,244
07/20/2014,CLE,OH,AGL,CE,Combined TRACON& Tower with Radar,169,111,16,0,296,0,0,0,0,0,169,111,16,0,296,0,0,0,296
07/21/2014,CLE,OH,AGL,CE,Combined TRACON& Tower with Radar,185,155,33,1,374,0,1,3,1,5,185,156,36,2,379,0,0,0,379
07/22/2014,CLE,OH,AGL,CE,Combined TRACON& Tower with Radar,188,154,33,0,375,0,0,4,0,4,188,154,37,0,379,0,0,0,379
07/23/2014,CLE,OH,AGL,CE,Combined TRACON& Tower with Radar,184,143,37,0,364,0,2,0,0,2,184,145,37,0,366,0,0,0,366
07/24/2014,CLE,OH,AGL,CE,Combined TRACON& Tower with Radar,190,158,35,0,383,0,0,4,0,4,190,158,39,0,387,0,0,0,387
07/25/2014,CLE,OH,AGL,CE,Combined TRACON& Tower with Radar,191,148,32,0,371,0,1,0,1,2,191,149,32,1,373,0,0,0,373
07/26/2014,CLE,OH,AGL,CE,Combined TRACON& Tower with Radar,138,91,5,0,234,0,0,2,0,2,138,91,7,0,236,0,0,0,236
07/27/2014,CLE,OH,AGL,CE,Combined TRACON& Tower with Radar,168,114,15,0,297,0,0,0,0,0,168,114,15,0,297,0,0,0,297
07/28/2014,CLE,OH,AGL,CE,Combined TRACON& Tower with Radar,186,142,31,0,359,0,1,0,0,1,186,143,31,0,360,0,0,0,360
07/29/2014,CLE,OH,AGL,CE,Combined TRACON& Tower with Radar,190,151,30,2,373,0,2,4,0,6,190,153,34,2,379,0,0,0,379
07/30/2014,CLE,OH,AGL,CE,Combined TRACON& Tower with Radar,200,162,28,0,390,0,0,3,0,3,200,162,31,0,393,0,0,0,393
07/31/2014,CLE,OH,AGL,CE,Combined TRACON& Tower with Radar,189,152,34,0,375,0,1,6,2,9,189,153,40,2,384,0,0,0,384
08/01/2014,CLE,OH,AGL,CE,Combined TRACON& Tower with Radar,193,130,14,0,337,0,4,2,0,6,193,134,16,0,343,0,0,0,343
08/02/2014,CLE,OH,AGL,CE,Combined TRACON& Tower with Radar,138,93,17,0,248,0,0,1,0,1,138,93,18,0,249,0,0,0,249
08/03/2014,CLE,OH,AGL,CE,Combined TRACON& Tower with Radar,166,120,17,0,303,0,1,0,0,1,166,121,17,0,304,0,0,0,304
08/04/2014,CLE,OH,AGL,CE,Combined TRACON& Tower with Radar,189,148,18,0,355,0,1,1,0,2,189,149,19,0,357,0,0,0,357
08/05/2014,CLE,OH,AGL,CE,Combined TRACON& Tower with Radar,190,144,12,1,347,0,0,3,2,5,190,144,15,3,352,0,0,0,352
08/06/2014,CLE,OH,AGL,CE,Combined TRACON& Tower with Radar,194,142,27,0,363,0,0,2,1,3,194,142,29,1,366,0,0,0,366
08/07/2014,CLE,OH,AGL,CE,Combined TRACON& Tower with Radar,186,138,32,1,357,0,1,2,1,4,186,139,34,2,361,0,0,0,361
08/08/2014,CLE,OH,AGL,CE,Combined TRACON& Tower with Radar,186,146,19,1,352,0,0,2,2,4,186,146,21,3,356,0,0,0,356
08/09/2014,CLE,OH,AGL,CE,Combined TRACON& Tower with Radar,136,97,11,0,244,0,2,0,0,2,136,99,11,0,246,0,0,0,246
08/10/2014,CLE,OH,AGL,CE,Combined TRACON& Tower with Radar,174,114,17,0,305,0,0,1,0,1,174,114,18,0,306,0,0,0,306
08/11/2014,CLE,OH,AGL,CE,Combined TRACON& Tower with Radar,183,144,29,0,356,0,0,0,0,0,183,144,29,0,356,0,0,0,356
08/12/2014,CLE,OH,AGL,CE,Combined TRACON& Tower with Radar,192,144,31,0,367,0,0,2,0,2,192,144,33,0,369,0,0,0,369
08/13/2014,CLE,OH,AGL,CE,Combined TRACON& Tower with Radar,196,139,43,1,379,0,0,7,1,8,196,139,50,2,387,0,0,0,387
08/14/2014,CLE,OH,AGL,CE,Combined TRACON& Tower with Radar,186,145,28,0,359,0,3,6,0,9,186,148,34,0,368,0,0,0,368
08/15/2014,CLE,OH,AGL,CE,Combined TRACON& Tower with Radar,184,145,36,0,365,0,2,6,2,10,184,147,42,2,375,0,0,0,375
08/16/2014,CLE,OH,AGL,CE,Combined TRACON& Tower with Radar,134,96,14,0,244,0,0,0,0,0,134,96,14,0,244,0,0,0,244
08/17/2014,CLE,OH,AGL,CE,Combined TRACON& Tower with Radar,161,122,17,0,300,0,3,0,0,3,161,125,17,0,303,0,0,0,303
08/18/2014,CLE,OH,AGL,CE,Combined TRACON& Tower with Radar,183,146,26,1,356,0,0,1,1,2,183,146,27,2,358,0,0,0,358
08/19/2014,CLE,OH,AGL,CE,Combined TRACON& Tower with Radar,180,130,37,0,347,0,0,2,0,2,180,130,39,0,349,0,0,0,349
08/20/2014,CLE,OH,AGL,CE,Combined TRACON& Tower with Radar,180,133,34,0,347,0,0,0,0,0,180,133,34,0,347,0,0,0,347
08/21/2014,CLE,OH,AGL,CE,Combined TRACON& Tower with Radar,186,143,31,0,360,0,0,2,0,2,186,143,33,0,362,0,0,0,362
08/22/2014,CLE,OH,AGL,CE,Combined TRACON& Tower with Radar,187,132,25,0,344,0,0,1,1,2,187,132,26,1,346,0,0,0,346
08/23/2014,CLE,OH,AGL,CE,Combined TRACON& Tower with Radar,134,76,10,0,220,0,0,1,0,1,134,76,11,0,221,0,0,0,221
08/24/2014,CLE,OH,AGL,CE,Combined TRACON& Tower with Radar,168,102,13,0,283,0,0,2,0,2,168,102,15,0,285,0,0,0,285
08/25/2014,CLE,OH,AGL,CE,Combined TRACON& Tower with Radar,176,132,25,2,335,0,0,3,0,3,176,132,28,2,338,0,0,0,338
08/26/2014,CLE,OH,AGL,CE,Combined TRACON& Tower with Radar,195,143,31,2,371,0,2,3,0,5,195,145,34,2,376,0,0,0,376
08/27/2014,CLE,OH,AGL,CE,Combined TRACON& Tower with Radar,184,142,32,2,360,0,1,0,0,1,184,143,32,2,361,0,0,0,361
08/28/2014,CLE,OH,AGL,CE,Combined TRACON& Tower with Radar,187,142,27,1,357,0,0,4,1,5,187,142,31,2,362,0,0,0,362
08/29/2014,CLE,OH,AGL,CE,Combined TRACON& Tower with Radar,186,152,32,1,371,0,2,4,0,6,186,154,36,1,377,0,0,0,377
08/30/2014,CLE,OH,AGL,CE,Combined TRACON& Tower with Radar,129,73,5,0,207,0,0,0,0,0,129,73,5,0,207,0,0,0,207
08/31/2014,CLE,OH,AGL,CE,Combined TRACON& Tower with Radar,116,67,7,0,190,0,4,0,0,4,116,71,7,0,194,0,0,0,194
09/01/2014,CLE,OH,AGL,CE,Combined TRACON& Tower with Radar,171,127,17,0,315,0,1,0,0,1,171,128,17,0,316,0,0,0,316
09/02/2014,CLE,OH,AGL,CE,Combined TRACON& Tower with Radar,193,130,14,1,338,0,0,2,0,2,193,130,16,1,340,0,0,0,340
09/03/2014,CLE,OH,AGL,CE,Combined TRACON& Tower with Radar,187,122,14,1,324,0,0,3,1,4,187,122,17,2,328,0,0,0,328
09/04/2014,CLE,OH,AGL,CE,Combined TRACON& Tower with Radar,186,134,33,0,353,0,2,2,1,5,186,136,35,1,358,0,0,0,358
09/05/2014,CLE,OH,AGL,CE,Combined TRACON& Tower with Radar,164,120,27,0,311,0,0,4,0,4,164,120,31,0,315,0,0,0,315
09/06/2014,CLE,OH,AGL,CE,Combined TRACON& Tower with Radar,143,71,5,0,219,0,0,0,0,0,143,71,5,0,219,0,0,0,219
09/07/2014,CLE,OH,AGL,CE,Combined TRACON& Tower with Radar,167,105,18,0,290,0,0,7,0,7,167,105,25,0,297,0,0,0,297
09/08/2014,CLE,OH,AGL,CE,Combined TRACON& Tower with Radar,192,129,24,1,346,0,0,4,1,5,192,129,28,2,351,0,0,0,351
09/09/2014,CLE,OH,AGL,CE,Combined TRACON& Tower with Radar,195,130,21,0,346,0,0,2,0,2,195,130,23,0,348,0,0,0,348
09/10/2014,CLE,OH,AGL,CE,Combined TRACON& Tower with Radar,187,128,27,2,344,0,2,0,0,2,187,130,27,2,346,0,0,0,346
09/11/2014,CLE,OH,AGL,CE,Combined TRACON& Tower with Radar,202,142,27,2,373,0,1,2,0,3,202,143,29,2,376,0,0,0,376
09/12/2014,CLE,OH,AGL,CE,Combined TRACON& Tower with Radar,196,130,27,3,356,0,0,2,0,2,196,130,29,3,358,0,0,0,358
09/13/2014,CLE,OH,AGL,CE,Combined TRACON& Tower with Radar,129,75,7,0,211,0,0,0,0,0,129,75,7,0,211,0,0,0,211
09/14/2014,CLE,OH,AGL,CE,Combined TRACON& Tower with Radar,141,84,15,0,240,0,1,0,0,1,141,85,15,0,241,0,0,0,241
09/15/2014,CLE,OH,AGL,CE,Combined TRACON& Tower with Radar,193,141,26,0,360,0,0,3,0,3,193,141,29,0,363,0,0,0,363
09/16/2014,CLE,OH,AGL,CE,Combined TRACON& Tower with Radar,197,132,27,1,357,0,0,0,1,1,197,132,27,2,358,0,0,0,358
09/17/2014,CLE,OH,AGL,CE,Combined TRACON& Tower with Radar,194,131,27,2,354,0,1,0,1,2,194,132,27,3,356,0,0,0,356
09/18/2014,CLE,OH,AGL,CE,Combined TRACON& Tower with Radar,202,142,33,2,379,0,0,0,1,1,202,142,33,3,380,0,0,0,380
09/19/2014,CLE,OH,AGL,CE,Combined TRACON& Tower with Radar,200,137,29,0,366,0,0,4,0,4,200,137,33,0,370,0,0,0,370
09/20/2014,CLE,OH,AGL,CE,Combined TRACON& Tower with Radar,120,71,10,0,201,0,0,2,0,2,120,71,12,0,203,0,0,0,203
09/21/2014,CLE,OH,AGL,CE,Combined TRACON& Tower with Radar,164,108,15,0,287,0,0,0,0,0,164,108,15,0,287,0,0,0,287
09/22/2014,CLE,OH,AGL,CE,Combined TRACON& Tower with Radar,182,144,20,0,346,0,1,2,0,3,182,145,22,0,349,0,0,0,349
09/23/2014,CLE,OH,AGL,CE,Combined TRACON& Tower with Radar,200,148,35,0,383,0,1,1,0,2,200,149,36,0,385,0,0,0,385
09/24/2014,CLE,OH,AGL,CE,Combined TRACON& Tower with Radar,186,143,18,1,348,0,1,3,1,5,186,144,21,2,353,0,0,0,353
09/25/2014,CLE,OH,AGL,CE,Combined TRACON& Tower with Radar,192,143,27,0,362,0,0,2,0,2,192,143,29,0,364,0,0,0,364
09/26/2014,CLE,OH,AGL,CE,Combined TRACON& Tower with Radar,192,168,35,0,395,0,1,3,0,4,192,169,38,0,399,0,0,0,399
09/27/2014,CLE,OH,AGL,CE,Combined TRACON& Tower with Radar,113,78,14,0,205,0,0,0,0,0,113,78,14,0,205,0,0,0,205
09/28/2014,CLE,OH,AGL,CE,Combined TRACON& Tower with Radar,150,111,29,0,290,0,0,1,0,1,150,111,30,0,291,0,0,0,291
09/29/2014,CLE,OH,AGL,CE,Combined TRACON& Tower with Radar,178,145,18,0,341,0,1,1,0,2,178,146,19,0,343,0,0,0,343
09/30/2014,CLE,OH,AGL,CE,Combined TRACON& Tower with Radar,182,134,35,0,351,0,0,1,0,1,182,134,36,0,352,0,0,0,352
10/01/2014,CLE,OH,AGL,CE,Combined TRACON& Tower with Radar,191,146,24,0,361,0,0,4,0,4,191,146,28,0,365,0,0,0,365
10/02/2014,CLE,OH,AGL,CE,Combined TRACON& Tower with Radar,180,130,40,0,350,0,1,2,1,4,180,131,42,1,354,0,0,0,354
10/03/2014,CLE,OH,AGL,CE,Combined TRACON& Tower with Radar,187,134,29,0,350,0,1,0,0,1,187,135,29,0,351,0,0,0,351
10/04/2014,CLE,OH,AGL,CE,Combined TRACON& Tower with Radar,134,77,8,0,219,0,0,0,0,0,134,77,8,0,219,0,0,0,219
10/05/2014,CLE,OH,AGL,CE,Combined TRACON& Tower with Radar,165,105,25,0,295,0,2,2,0,4,165,107,27,0,299,0,0,0,299
10/06/2014,CLE,OH,AGL,CE,Combined TRACON& Tower with Radar,182,137,28,0,347,0,2,0,0,2,182,139,28,0,349,0,0,0,349
10/07/2014,CLE,OH,AGL,CE,Combined TRACON& Tower with Radar,199,125,38,0,362,0,2,3,0,5,199,127,41,0,367,0,0,0,367
10/08/2014,CLE,OH,AGL,CE,Combined TRACON& Tower with Radar,189,125,27,0,341,0,0,1,0,1,189,125,28,0,342,0,0,0,342
10/09/2014,CLE,OH,AGL,CE,Combined TRACON& Tower with Radar,191,133,45,0,369,0,3,2,0,5,191,136,47,0,374,0,0,0,374
10/10/2014,CLE,OH,AGL,CE,Combined TRACON& Tower with Radar,186,144,25,0,355,0,2,3,0,5,186,146,28,0,360,0,0,0,360
10/11/2014,CLE,OH,AGL,CE,Combined TRACON& Tower with Radar,133,72,8,0,213,0,1,4,0,5,133,73,12,0,218,0,0,0,218
10/12/2014,CLE,OH,AGL,CE,Combined TRACON& Tower with Radar,167,100,19,0,286,0,0,5,0,5,167,100,24,0,291,0,0,0,291
10/13/2014,CLE,OH,AGL,CE,Combined TRACON& Tower with Radar,181,120,25,0,326,0,0,0,0,0,181,120,25,0,326,0,0,0,326
10/14/2014,CLE,OH,AGL,CE,Combined TRACON& Tower with Radar,197,120,22,0,339,0,0,1,0,1,197,120,23,0,340,0,0,0,340
10/15/2014,CLE,OH,AGL,CE,Combined TRACON& Tower with Radar,190,116,29,2,337,0,0,3,0,3,190,116,32,2,340,0,0,0,340
10/16/2014,CLE,OH,AGL,CE,Combined TRACON& Tower with Radar,190,134,38,0,362,0,3,0,0,3,190,137,38,0,365,0,0,0,365
10/17/2014,CLE,OH,AGL,CE,Combined TRACON& Tower with Radar,195,129,27,0,351,0,0,2,0,2,195,129,29,0,353,0,0,0,353
10/18/2014,CLE,OH,AGL,CE,Combined TRACON& Tower with Radar,135,67,9,0,211,0,0,0,0,0,135,67,9,0,211,0,0,0,211
10/19/2014,CLE,OH,AGL,CE,Combined TRACON& Tower with Radar,169,104,25,2,300,0,0,3,0,3,169,104,28,2,303,0,0,0,303
10/20/2014,CLE,OH,AGL,CE,Combined TRACON& Tower with Radar,189,132,30,0,351,0,0,0,0,0,189,132,30,0,351,0,0,0,351
10/21/2014,CLE,OH,AGL,CE,Combined TRACON& Tower with Radar,190,121,28,0,339,0,0,0,0,0,190,121,28,0,339,0,0,0,339
10/22/2014,CLE,OH,AGL,CE,Combined TRACON& Tower with Radar,187,116,33,0,336,0,3,1,0,4,187,119,34,0,340,0,0,0,340
10/23/2014,CLE,OH,AGL,CE,Combined TRACON& Tower with Radar,196,126,34,0,356,0,0,1,0,1,196,126,35,0,357,0,0,0,357
10/24/2014,CLE,OH,AGL,CE,Combined TRACON& Tower with Radar,195,122,32,0,349,0,1,6,0,7,195,123,38,0,356,0,0,0,356
10/25/2014,CLE,OH,AGL,CE,Combined TRACON& Tower with Radar,134,65,8,0,207,0,0,7,1,8,134,65,15,1,215,0,0,0,215
10/26/2014,CLE,OH,AGL,CE,Combined TRACON& Tower with Radar,184,84,11,0,279,0,0,3,0,3,184,84,14,0,282,0,0,0,282
10/27/2014,CLE,OH,AGL,CE,Combined TRACON& Tower with Radar,206,115,38,2,361,0,0,3,1,4,206,115,41,3,365,0,0,0,365
10/28/2014,CLE,OH,AGL,CE,Combined TRACON& Tower with Radar,202,108,17,0,327,0,2,2,0,4,202,110,19,0,331,0,0,0,331
10/29/2014,CLE,OH,AGL,CE,Combined TRACON& Tower with Radar,205,111,25,3,344,0,1,3,1,5,205,112,28,4,349,0,0,0,349
10/30/2014,CLE,OH,AGL,CE,Combined TRACON& Tower with Radar,206,114,31,0,351,0,2,4,0,6,206,116,35,0,357,0,0,0,357
10/31/2014,CLE,OH,AGL,CE,Combined TRACON& Tower with Radar,187,84,26,0,297,0,0,0,0,0,187,84,26,0,297,0,0,0,297
11/01/2014,CLE,OH,AGL,CE,Combined TRACON& Tower with Radar,154,65,14,0,233,0,0,0,0,0,154,65,14,0,233,0,0,0,233
11/02/2014,CLE,OH,AGL,CE,Combined TRACON& Tower with Radar,182,79,18,0,279,0,0,3,2,5,182,79,21,2,284,0,0,0,284
11/03/2014,CLE,OH,AGL,CE,Combined TRACON& Tower with Radar,207,102,27,0,336,0,1,4,0,5,207,103,31,0,341,0,0,0,341
11/04/2014,CLE,OH,AGL,CE,Combined TRACON& Tower with Radar,201,100,30,2,333,0,1,0,0,1,201,101,30,2,334,0,0,0,334
11/05/2014,CLE,OH,AGL,CE,Combined TRACON& Tower with Radar,209,95,31,0,335,0,2,4,0,6,209,97,35,0,341,0,0,0,341
11/06/2014,CLE,OH,AGL,CE,Combined TRACON& Tower with Radar,200,105,32,2,339,0,4,0,0,4,200,109,32,2,343,0,0,0,343
11/07/2014,CLE,OH,AGL,CE,Combined TRACON& Tower with Radar,207,95,39,0,341,0,0,1,1,2,207,95,40,1,343,0,0,0,343
11/08/2014,CLE,OH,AGL,CE,Combined TRACON& Tower with Radar,147,56,16,0,219,0,1,1,0,2,147,57,17,0,221,0,0,0,221
11/09/2014,CLE,OH,AGL,CE,Combined TRACON& Tower with Radar,184,84,17,0,285,0,2,3,0,5,184,86,20,0,290,0,0,0,290
11/10/2014,CLE,OH,AGL,CE,Combined TRACON& Tower with Radar,199,106,25,0,330,0,0,4,0,4,199,106,29,0,334,0,0,0,334
11/11/2014,CLE,OH,AGL,CE,Combined TRACON& Tower with Radar,205,107,25,0,337,0,2,1,0,3,205,109,26,0,340,0,0,0,340
11/12/2014,CLE,OH,AGL,CE,Combined TRACON& Tower with Radar,203,95,30,0,328,0,0,4,0,4,203,95,34,0,332,0,0,0,332
11/13/2014,CLE,OH,AGL,CE,Combined TRACON& Tower with Radar,209,115,24,0,348,0,1,1,0,2,209,116,25,0,350,0,0,0,350
11/14/2014,CLE,OH,AGL,CE,Combined TRACON& Tower with Radar,200,113,40,0,353,0,1,0,0,1,200,114,40,0,354,0,0,0,354
11/15/2014,CLE,OH,AGL,CE,Combined TRACON& Tower with Radar,155,68,13,1,237,0,0,6,3,9,155,68,19,4,246,0,0,0,246
11/16/2014,CLE,OH,AGL,CE,Combined TRACON& Tower with Radar,183,84,26,0,293,0,3,0,0,3,183,87,26,0,296,0,0,0,296
11/17/2014,CLE,OH,AGL,CE,Combined TRACON& Tower with Radar,199,100,27,0,326,0,0,0,0,0,199,100,27,0,326,0,0,0,326
11/18/2014,CLE,OH,AGL,CE,Combined TRACON& Tower with Radar,208,107,33,2,350,0,1,1,0,2,208,108,34,2,352,0,0,0,352
11/19/2014,CLE,OH,AGL,CE,Combined TRACON& Tower with Radar,210,110,29,0,349,0,0,0,0,0,210,110,29,0,349,0,0,0,349
11/20/2014,CLE,OH,AGL,CE,Combined TRACON& Tower with Radar,204,108,30,4,346,0,4,3,0,7,204,112,33,4,353,0,0,0,353
11/21/2014,CLE,OH,AGL,CE,Combined TRACON& Tower with Radar,208,106,36,0,350,0,1,0,0,1,208,107,36,0,351,0,0,0,351
11/22/2014,CLE,OH,AGL,CE,Combined TRACON& Tower with Radar,159,62,10,0,231,0,0,0,0,0,159,62,10,0,231,0,0,0,231
11/23/2014,CLE,OH,AGL,CE,Combined TRACON& Tower with Radar,164,81,14,0,259,0,4,0,0,4,164,85,14,0,263,0,0,0,263
11/24/2014,CLE,OH,AGL,CE,Combined TRACON& Tower with Radar,189,83,25,2,299,0,0,1,0,1,189,83,26,2,300,0,0,0,300
11/25/2014,CLE,OH,AGL,CE,Combined TRACON& Tower with Radar,200,101,31,0,332,0,1,0,0,1,200,102,31,0,333,0,0,0,333
11/26/2014,CLE,OH,AGL,CE,Combined TRACON& Tower with Radar,211,89,23,0,323,0,2,1,0,3,211,91,24,0,326,0,0,0,326
11/27/2014,CLE,OH,AGL,CE,Combined TRACON& Tower with Radar,119,51,2,0,172,0,0,0,0,0,119,51,2,0,172,0,0,0,172
11/28/2014,CLE,OH,AGL,CE,Combined TRACON& Tower with Radar,149,50,8,0,207,0,0,2,0,2,149,50,10,0,209,0,0,0,209
11/29/2014,CLE,OH,AGL,CE,Combined TRACON& Tower with Radar,173,106,17,0,296,0,5,2,0,7,173,111,19,0,303,0,0,0,303
11/30/2014,CLE,OH,AGL,CE,Combined TRACON& Tower with Radar,208,101,24,0,333,0,0,2,0,2,208,101,26,0,335,0,0,0,335
12/01/2014,CLE,OH,AGL,CE,Combined TRACON& Tower with Radar,214,100,21,0,335,0,0,0,0,0,214,100,21,0,335,0,0,0,335
12/02/2014,CLE,OH,AGL,CE,Combined TRACON& Tower with Radar,203,89,25,1,318,0,0,3,1,4,203,89,28,2,322,0,0,0,322
12/03/2014,CLE,OH,AGL,CE,Combined TRACON& Tower with Radar,204,103,25,2,334,0,0,2,0,2,204,103,27,2,336,0,0,0,336
12/04/2014,CLE,OH,AGL,CE,Combined TRACON& Tower with Radar,201,110,31,6,348,0,1,7,0,8,201,111,38,6,356,0,0,0,356
12/05/2014,CLE,OH,AGL,CE,Combined TRACON& Tower with Radar,195,110,22,0,327,0,0,1,0,1,195,110,23,0,328,0,0,0,328
12/06/2014,CLE,OH,AGL,CE,Combined TRACON& Tower with Radar,134,62,10,0,206,0,1,0,0,1,134,63,10,0,207,0,0,0,207
12/07/2014,CLE,OH,AGL,CE,Combined TRACON& Tower with Radar,167,87,17,0,271,0,2,0,0,2,167,89,17,0,273,0,0,0,273
12/08/2014,CLE,OH,AGL,CE,Combined TRACON& Tower with Radar,191,101,26,3,321,0,0,2,1,3,191,101,28,4,324,0,0,0,324
12/09/2014,CLE,OH,AGL,CE,Combined TRACON& Tower with Radar,195,115,26,0,336,0,0,0,0,0,195,115,26,0,336,0,0,0,336
12/10/2014,CLE,OH,AGL,CE,Combined TRACON& Tower with Radar,196,106,30,4,336,0,0,0,0,0,196,106,30,4,336,0,0,0,336
12/11/2014,CLE,OH,AGL,CE,Combined TRACON& Tower with Radar,198,113,29,2,342,0,1,1,1,3,198,114,30,3,345,0,0,0,345
12/12/2014,CLE,OH,AGL,CE,Combined TRACON& Tower with Radar,198,116,37,0,351,0,1,1,0,2,198,117,38,0,353,0,0,0,353
12/13/2014,CLE,OH,AGL,CE,Combined TRACON& Tower with Radar,134,60,9,0,203,0,0,0,0,0,134,60,9,0,203,0,0,0,203
12/14/2014,CLE,OH,AGL,CE,Combined TRACON& Tower with Radar,170,92,8,0,270,0,1,0,1,2,170,93,8,1,272,0,0,0,272
12/15/2014,CLE,OH,AGL,CE,Combined TRACON& Tower with Radar,196,109,29,0,334,0,0,0,0,0,196,109,29,0,334,0,0,0,334
12/16/2014,CLE,OH,AGL,CE,Combined TRACON& Tower with Radar,201,112,28,4,345,0,0,0,0,0,201,112,28,4,345,0,0,0,345
12/17/2014,CLE,OH,AGL,CE,Combined TRACON& Tower with Radar,204,117,41,0,362,0,0,0,0,0,204,117,41,0,362,0,0,0,362
12/18/2014,CLE,OH,AGL,CE,Combined TRACON& Tower with Radar,196,109,26,2,333,0,0,1,0,1,196,109,27,2,334,0,0,0,334
12/19/2014,CLE,OH,AGL,CE,Combined TRACON& Tower with Radar,204,100,35,2,341,0,1,0,0,1,204,101,35,2,342,0,0,0,342
12/20/2014,CLE,OH,AGL,CE,Combined TRACON& Tower with Radar,168,82,5,0,255,0,2,1,0,3,168,84,6,0,258,0,0,0,258
12/21/2014,CLE,OH,AGL,CE,Combined TRACON& Tower with Radar,162,87,12,0,261,0,2,2,0,4,162,89,14,0,265,0,0,0,265
12/22/2014,CLE,OH,AGL,CE,Combined TRACON& Tower with Radar,178,108,14,6,306,0,3,3,0,6,178,111,17,6,312,0,0,0,312
12/23/2014,CLE,OH,AGL,CE,Combined TRACON& Tower with Radar,182,93,14,0,289,0,0,0,0,0,182,93,14,0,289,0,0,0,289
12/24/2014,CLE,OH,AGL,CE,Combined TRACON& Tower with Radar,159,54,0,0,213,0,0,0,0,0,159,54,0,0,213,0,0,0,213
12/25/2014,CLE,OH,AGL,CE,Combined TRACON& Tower with Radar,127,48,5,0,180,0,1,0,0,1,127,49,5,0,181,0,0,0,181
12/26/2014,CLE,OH,AGL,CE,Combined TRACON& Tower with Radar,165,96,25,0,286,0,3,2,0,5,165,99,27,0,291,0,0,0,291
12/27/2014,CLE,OH,AGL,CE,Combined TRACON& Tower with Radar,161,77,8,0,246,0,0,1,0,1,161,77,9,0,247,0,0,0,247
12/28/2014,CLE,OH,AGL,CE,Combined TRACON& Tower with Radar,164,82,9,0,255,0,1,0,0,1,164,83,9,0,256,0,0,0,256
12/29/2014,CLE,OH,AGL,CE,Combined TRACON& Tower with Radar,178,88,11,0,277,0,2,0,0,2,178,90,11,0,279,0,0,0,279
12/30/2014,CLE,OH,AGL,CE,Combined TRACON& Tower with Radar,176,84,10,0,270,0,1,3,0,4,176,85,13,0,274,0,0,0,274
12/31/2014,CLE,OH,AGL,CE,Combined TRACON& Tower with Radar,150,59,8,0,217,0,0,2,0,2,150,59,10,0,219,0,0,0,219
01/01/2015,CLE,OH,AGL,CE,Combined TRACON& Tower with Radar,135,61,2,0,198,0,0,1,0,1,135,61,3,0,199,0,0,0,199
01/02/2015,CLE,OH,AGL,CE,Combined TRACON& Tower with Radar,173,86,6,0,265,0,0,1,0,1,173,86,7,0,266,0,0,0,266
01/03/2015,CLE,OH,AGL,CE,Combined TRACON& Tower with Radar,159,73,20,0,252,0,0,0,0,0,159,73,20,0,252,0,0,0,252
01/04/2015,CLE,OH,AGL,CE,Combined TRACON& Tower with Radar,155,89,23,0,267,0,0,0,0,0,155,89,23,0,267,0,0,0,267
01/05/2015,CLE,OH,AGL,CE,Combined TRACON& Tower with Radar,181,108,22,0,311,0,0,1,0,1,181,108,23,0,312,0,0,0,312
01/06/2015,CLE,OH,AGL,CE,Combined TRACON& Tower with Radar,175,104,22,0,301,0,1,0,0,1,175,105,22,0,302,0,0,0,302
01/07/2015,CLE,OH,AGL,CE,Combined TRACON& Tower with Radar,173,111,29,0,313,0,0,0,0,0,173,111,29,0,313,0,0,0,313
01/08/2015,CLE,OH,AGL,CE,Combined TRACON& Tower with Radar,167,108,28,2,305,0,0,0,0,0,167,108,28,2,305,0,0,0,305
01/09/2015,CLE,OH,AGL,CE,Combined TRACON& Tower with Radar,169,112,21,0,302,0,2,0,0,2,169,114,21,0,304,0,0,0,304
01/10/2015,CLE,OH,AGL,CE,Combined TRACON& Tower with Radar,126,68,12,0,206,0,1,4,0,5,126,69,16,0,211,0,0,0,211
01/11/2015,CLE,OH,AGL,CE,Combined TRACON& Tower with Radar,148,92,18,0,258,0,0,3,0,3,148,92,21,0,261,0,0,0,261
01/12/2015,CLE,OH,AGL,CE,Combined TRACON& Tower with Radar,177,112,21,0,310,0,0,0,0,0,177,112,21,0,310,0,0,0,310
01/13/2015,CLE,OH,AGL,CE,Combined TRACON& Tower with Radar,174,114,25,1,314,0,0,0,0,0,174,114,25,1,314,0,0,0,314
01/14/2015,CLE,OH,AGL,CE,Combined TRACON& Tower with Radar,175,107,22,0,304,0,0,0,0,0,175,107,22,0,304,0,0,0,304
01/15/2015,CLE,OH,AGL,CE,Combined TRACON& Tower with Radar,184,109,23,4,320,0,4,0,0,4,184,113,23,4,324,0,0,0,324
01/16/2015,CLE,OH,AGL,CE,Combined TRACON& Tower with Radar,181,113,20,1,315,0,0,3,0,3,181,113,23,1,318,0,0,0,318
01/17/2015,CLE,OH,AGL,CE,Combined TRACON& Tower with Radar,120,75,13,0,208,0,1,3,0,4,120,76,16,0,212,0,0,0,212
01/18/2015,CLE,OH,AGL,CE,Combined TRACON& Tower with Radar,143,74,10,1,228,0,0,0,0,0,143,74,10,1,228,0,0,0,228
01/19/2015,CLE,OH,AGL,CE,Combined TRACON& Tower with Radar,179,120,33,0,332,0,0,1,0,1,179,120,34,0,333,0,0,0,333
01/20/2015,CLE,OH,AGL,CE,Combined TRACON& Tower with Radar,185,115,27,0,327,0,0,0,0,0,185,115,27,0,327,0,0,0,327
01/21/2015,CLE,OH,AGL,CE,Combined TRACON& Tower with Radar,181,118,28,0,327,0,0,0,0,0,181,118,28,0,327,0,0,0,327
01/22/2015,CLE,OH,AGL,CE,Combined TRACON& Tower with Radar,192,114,21,0,327,0,0,0,0,0,192,114,21,0,327,0,0,0,327
01/23/2015,CLE,OH,AGL,CE,Combined TRACON& Tower with Radar,189,120,15,0,324,0,0,2,0,2,189,120,17,0,326,0,0,0,326
01/24/2015,CLE,OH,AGL,CE,Combined TRACON& Tower with Radar,127,82,11,0,220,0,0,0,0,0,127,82,11,0,220,0,0,0,220
01/25/2015,CLE,OH,AGL,CE,Combined TRACON& Tower with Radar,159,93,18,0,270,0,0,0,0,0,159,93,18,0,270,0,0,0,270
01/26/2015,CLE,OH,AGL,CE,Combined TRACON& Tower with Radar,164,109,29,0,302,0,0,0,0,0,164,109,29,0,302,0,0,0,302
01/27/2015,CLE,OH,AGL,CE,Combined TRACON& Tower with Radar,155,77,24,2,258,0,0,0,0,0,155,77,24,2,258,0,0,0,258
01/28/2015,CLE,OH,AGL,CE,Combined TRACON& Tower with Radar,182,108,26,2,318,0,1,6,0,7,182,109,32,2,325,0,0,0,325
01/29/2015,CLE,OH,AGL,CE,Combined TRACON& Tower with Radar,192,133,31,0,356,0,0,0,0,0,192,133,31,0,356,0,0,0,356
01/30/2015,CLE,OH,AGL,CE,Combined TRACON& Tower with Radar,185,115,30,0,330,0,1,0,0,1,185,116,30,0,331,0,0,0,331
01/31/2015,CLE,OH,AGL,CE,Combined TRACON& Tower with Radar,131,66,16,0,213,0,2,1,0,3,131,68,17,0,216,0,0,0,216
02/01/2015,CLE,OH,AGL,CE,Combined TRACON& Tower with Radar,117,44,14,0,175,0,0,0,0,0,117,44,14,0,175,0,0,0,175
02/02/2015,CLE,OH,AGL,CE,Combined TRACON& Tower with Radar,148,84,20,0,252,0,0,0,0,0,148,84,20,0,252,0,0,0,252
02/03/2015,CLE,OH,AGL,CE,Combined TRACON& Tower with Radar,170,117,24,2,313,0,0,2,0,2,170,117,26,2,315,0,0,0,315
02/04/2015,CLE,OH,AGL,CE,Combined TRACON& Tower with Radar,179,116,27,0,322,0,0,0,0,0,179,116,27,0,322,0,0,0,322
02/05/2015,CLE,OH,AGL,CE,Combined TRACON& Tower with Radar,186,117,37,0,340,0,1,0,0,1,186,118,37,0,341,0,0,0,341
02/06/2015,CLE,OH,AGL,CE,Combined TRACON& Tower with Radar,192,121,30,0,343,0,0,1,0,1,192,121,31,0,344,0,0,0,344
02/07/2015,CLE,OH,AGL,CE,Combined TRACON& Tower with Radar,135,78,10,0,223,0,5,6,0,11,135,83,16,0,234,0,0,0,234
02/08/2015,CLE,OH,AGL,CE,Combined TRACON& Tower with Radar,163,93,15,0,271,1,2,0,0,3,164,95,15,0,274,0,0,0,274
02/09/2015,CLE,OH,AGL,CE,Combined TRACON& Tower with Radar,172,87,19,0,278,0,0,0,0,0,172,87,19,0,278,0,0,0,278
02/10/2015,CLE,OH,AGL,CE,Combined TRACON& Tower with Radar,186,115,32,0,333,0,0,0,0,0,186,115,32,0,333,0,0,0,333
02/11/2015,CLE,OH,AGL,CE,Combined TRACON& Tower with Radar,189,125,28,2,344,0,0,0,0,0,189,125,28,2,344,0,0,0,344
02/12/2015,CLE,OH,AGL,CE,Combined TRACON& Tower with Radar,194,130,46,0,370,0,0,0,0,0,194,130,46,0,370,0,0,0,370
02/13/2015,CLE,OH,AGL,CE,Combined TRACON& Tower with Radar,200,114,21,0,335,0,0,2,0,2,200,114,23,0,337,0,0,0,337
02/14/2015,CLE,OH,AGL,CE,Combined TRACON& Tower with Radar,141,59,5,0,205,0,0,0,0,0,141,59,5,0,205,0,0,0,205
02/15/2015,CLE,OH,AGL,CE,Combined TRACON& Tower with Radar,153,48,5,0,206,0,2,0,0,2,153,50,5,0,208,0,0,0,208
02/16/2015,CLE,OH,AGL,CE,Combined TRACON& Tower with Radar,188,96,31,0,315,0,0,0,0,0,188,96,31,0,315,0,0,0,315
02/17/2015,CLE,OH,AGL,CE,Combined TRACON& Tower with Radar,186,102,35,2,325,0,1,4,0,5,186,103,39,2,330,0,0,0,330
02/18/2015,CLE,OH,AGL,CE,Combined TRACON& Tower with Radar,201,131,18,2,352,0,0,1,0,1,201,131,19,2,353,0,0,0,353
02/19/2015,CLE,OH,AGL,CE,Combined TRACON& Tower with Radar,201,121,16,0,338,0,2,0,0,2,201,123,16,0,340,0,0,0,340
02/20/2015,CLE,OH,AGL,CE,Combined TRACON& Tower with Radar,200,116,21,0,337,0,3,0,0,3,200,119,21,0,340,0,0,0,340
02/21/2015,CLE,OH,AGL,CE,Combined TRACON& Tower with Radar,135,67,15,0,217,0,0,1,0,1,135,67,16,0,218,0,0,0,218
02/22/2015,CLE,OH,AGL,CE,Combined TRACON& Tower with Radar,170,96,11,0,277,0,0,0,0,0,170,96,11,0,277,0,0,0,277
02/23/2015,CLE,OH,AGL,CE,Combined TRACON& Tower with Radar,193,120,22,0,335,0,0,3,0,3,193,120,25,0,338,0,0,0,338
02/24/2015,CLE,OH,AGL,CE,Combined TRACON& Tower with Radar,186,118,28,0,332,0,0,1,0,1,186,118,29,0,333,0,0,0,333
02/25/2015,CLE,OH,AGL,CE,Combined TRACON& Tower with Radar,198,127,18,0,343,0,0,0,0,0,198,127,18,0,343,0,0,0,343
02/26/2015,CLE,OH,AGL,CE,Combined TRACON& Tower with Radar,191,116,39,0,346,0,0,0,0,0,191,116,39,0,346,0,0,0,346
02/27/2015,CLE,OH,AGL,CE,Combined TRACON& Tower with Radar,210,119,23,0,352,0,3,4,0,7,210,122,27,0,359,0,0,0,359
02/28/2015,CLE,OH,AGL,CE,Combined TRACON& Tower with Radar,137,74,9,0,220,1,1,0,0,2,138,75,9,0,222,0,0,0,222
03/01/2015,CLE,OH,AGL,CE,Combined TRACON& Tower with Radar,157,84,24,0,265,0,0,0,0,0,157,84,24,0,265,0,0,0,265
03/02/2015,CLE,OH,AGL,CE,Combined TRACON& Tower with Radar,186,111,22,0,319,0,0,4,0,4,186,111,26,0,323,0,0,0,323
03/03/2015,CLE,OH,AGL,CE,Combined TRACON& Tower with Radar,192,106,35,0,333,0,0,0,0,0,192,106,35,0,333,0,0,0,333
03/04/2015,CLE,OH,AGL,CE,Combined TRACON& Tower with Radar,186,115,35,0,336,0,2,5,0,7,186,117,40,0,343,0,0,0,343
03/05/2015,CLE,OH,AGL,CE,Combined TRACON& Tower with Radar,172,75,20,0,267,0,1,0,0,1,172,76,20,0,268,0,0,0,268
03/06/2015,CLE,OH,AGL,CE,Combined TRACON& Tower with Radar,201,105,27,0,333,0,0,3,0,3,201,105,30,0,336,0,0,0,336
03/07/2015,CLE,OH,AGL,CE,Combined TRACON& Tower with Radar,169,78,14,0,261,0,2,0,0,2,169,80,14,0,263,0,0,0,263
03/08/2015,CLE,OH,AGL,CE,Combined TRACON& Tower with Radar,189,87,14,0,290,0,1,1,0,2,189,88,15,0,292,0,0,0,292
03/09/2015,CLE,OH,AGL,CE,Combined TRACON& Tower with Radar,200,107,32,0,339,0,0,0,0,0,200,107,32,0,339,0,0,0,339
03/10/2015,CLE,OH,AGL,CE,Combined TRACON& Tower with Radar,199,119,34,2,354,0,2,0,0,2,199,121,34,2,356,0,0,0,356
03/11/2015,CLE,OH,AGL,CE,Combined TRACON& Tower with Radar,201,103,44,0,348,0,0,4,0,4,201,103,48,0,352,0,0,0,352
03/12/2015,CLE,OH,AGL,CE,Combined TRACON& Tower with Radar,208,105,25,0,338,0,1,2,0,3,208,106,27,0,341,0,0,0,341
03/13/2015,CLE,OH,AGL,CE,Combined TRACON& Tower with Radar,210,105,27,4,346,0,1,1,0,2,210,106,28,4,348,0,0,0,348
03/14/2015,CLE,OH,AGL,CE,Combined TRACON& Tower with Radar,164,70,13,0,247,0,0,0,0,0,164,70,13,0,247,0,0,0,247
03/15/2015,CLE,OH,AGL,CE,Combined TRACON& Tower with Radar,192,63,18,3,276,0,0,0,0,0,192,63,18,3,276,0,0,0,276
03/16/2015,CLE,OH,AGL,CE,Combined TRACON& Tower with Radar,197,101,12,0,310,0,2,4,0,6,197,103,16,0,316,0,0,0,316
03/17/2015,CLE,OH,AGL,CE,Combined TRACON& Tower with Radar,189,100,18,1,308,0,0,4,0,4,189,100,22,1,312,0,0,0,312
03/18/2015,CLE,OH,AGL,CE,Combined TRACON& Tower with Radar,203,92,27,2,324,0,1,1,0,2,203,93,28,2,326,0,0,0,326
03/19/2015,CLE,OH,AGL,CE,Combined TRACON& Tower with Radar,205,109,16,1,331,0,4,1,0,5,205,113,17,1,336,0,0,0,336
03/20/2015,CLE,OH,AGL,CE,Combined TRACON& Tower with Radar,203,92,15,0,310,0,0,0,0,0,203,92,15,0,310,0,0,0,310
03/21/2015,CLE,OH,AGL,CE,Combined TRACON& Tower with Radar,175,59,8,0,242,0,0,0,1,1,175,59,8,1,243,0,0,0,243
03/22/2015,CLE,OH,AGL,CE,Combined TRACON& Tower with Radar,195,68,15,0,278,0,1,6,0,7,195,69,21,0,285,0,0,0,285
03/23/2015,CLE,OH,AGL,CE,Combined TRACON& Tower with Radar,192,99,20,0,311,0,0,3,0,3,192,99,23,0,314,0,0,0,314
03/24/2015,CLE,OH,AGL,CE,Combined TRACON& Tower with Radar,200,104,23,0,327,0,0,12,0,12,200,104,35,0,339,0,0,0,339
03/25/2015,CLE,OH,AGL,CE,Combined TRACON& Tower with Radar,200,99,24,0,323,0,0,0,0,0,200,99,24,0,323,0,0,0,323
03/26/2015,CLE,OH,AGL,CE,Combined TRACON& Tower with Radar,205,106,49,0,360,0,0,0,0,0,205,106,49,0,360,0,0,0,360
03/27/2015,CLE,OH,AGL,CE,Combined TRACON& Tower with Radar,209,106,28,0,343,0,0,0,0,0,209,106,28,0,343,0,0,0,343
03/28/2015,CLE,OH,AGL,CE,Combined TRACON& Tower with Radar,166,75,12,0,253,0,1,2,0,3,166,76,14,0,256,0,0,0,256
03/29/2015,CLE,OH,AGL,CE,Combined TRACON& Tower with Radar,205,82,16,0,303,0,2,3,0,5,205,84,19,0,308,0,0,0,308
03/30/2015,CLE,OH,AGL,CE,Combined TRACON& Tower with Radar,205,106,20,0,331,0,2,2,0,4,205,108,22,0,335,0,0,0,335
03/31/2015,CLE,OH,AGL,CE,Combined TRACON& Tower with Radar,195,106,24,0,325,0,3,0,0,3,195,109,24,0,328,0,0,0,328
04/01/2015,CLE,OH,AGL,CE,Combined TRACON& Tower with Radar,210,100,19,0,329,0,0,5,0,5,210,100,24,0,334,0,0,0,334
04/02/2015,CLE,OH,AGL,CE,Combined TRACON& Tower with Radar,209,97,26,2,334,0,1,0,0,1,209,98,26,2,335,0,0,0,335
04/03/2015,CLE,OH,AGL,CE,Combined TRACON& Tower with Radar,208,99,18,0,325,0,1,0,0,1,208,100,18,0,326,0,0,0,326
04/04/2015,CLE,OH,AGL,CE,Combined TRACON& Tower with Radar,156,72,5,0,233,0,1,2,0,3,156,73,7,0,236,0,0,0,236
04/05/2015,CLE,OH,AGL,CE,Combined TRACON& Tower with Radar,179,67,11,2,259,0,4,0,0,4,179,71,11,2,263,0,0,0,263
04/06/2015,CLE,OH,AGL,CE,Combined TRACON& Tower with Radar,204,98,25,0,327,0,1,0,0,1,204,99,25,0,328,0,0,0,328
04/07/2015,CLE,OH,AGL,CE,Combined TRACON& Tower with Radar,212,109,27,0,348,0,0,0,0,0,212,109,27,0,348,0,0,0,348
04/08/2015,CLE,OH,AGL,CE,Combined TRACON& Tower with Radar,206,98,32,1,337,0,1,0,0,1,206,99,32,1,338,0,0,0,338
04/09/2015,CLE,OH,AGL,CE,Combined TRACON& Tower with Radar,211,107,21,0,339,0,0,0,0,0,211,107,21,0,339,0,0,0,339
04/10/2015,CLE,OH,AGL,CE,Combined TRACON& Tower with Radar,215,105,33,0,353,0,0,0,0,0,215,105,33,0,353,0,0,0,353
04/11/2015,CLE,OH,AGL,CE,Combined TRACON& Tower with Radar,165,63,13,0,241,0,2,2,0,4,165,65,15,0,245,0,0,0,245
04/12/2015,CLE,OH,AGL,CE,Combined TRACON& Tower with Radar,204,90,27,0,321,0,3,3,0,6,204,93,30,0,327,0,0,0,327
04/13/2015,CLE,OH,AGL,CE,Combined TRACON& Tower with Radar,212,102,26,0,340,0,1,0,0,1,212,103,26,0,341,0,0,0,341
04/14/2015,CLE,OH,AGL,CE,Combined TRACON& Tower with Radar,218,99,33,0,350,0,0,0,0,0,218,99,33,0,350,0,0,0,350
04/15/2015,CLE,OH,AGL,CE,Combined TRACON& Tower with Radar,216,99,36,0,351,0,0,7,0,7,216,99,43,0,358,0,0,0,358
04/16/2015,CLE,OH,AGL,CE,Combined TRACON& Tower with Radar,234,101,40,0,375,0,2,1,0,3,234,103,41,0,378,0,0,0,378
04/17/2015,CLE,OH,AGL,CE,Combined TRACON& Tower with Radar,217,111,35,0,363,0,3,0,0,3,217,114,35,0,366,0,0,0,366
04/18/2015,CLE,OH,AGL,CE,Combined TRACON& Tower with Radar,170,65,12,0,247,0,1,5,0,6,170,66,17,0,253,0,0,0,253
04/19/2015,CLE,OH,AGL,CE,Combined TRACON& Tower with Radar,209,95,11,0,315,0,1,0,0,1,209,96,11,0,316,0,0,0,316
04/20/2015,CLE,OH,AGL,CE,Combined TRACON& Tower with Radar,207,79,29,0,315,0,1,0,0,1,207,80,29,0,316,0,0,0,316
04/21/2015,CLE,OH,AGL,CE,Combined TRACON& Tower with Radar,214,107,42,0,363,0,0,0,0,0,214,107,42,0,363,0,0,0,363
04/22/2015,CLE,OH,AGL,CE,Combined TRACON& Tower with Radar,217,113,23,0,353,0,0,0,0,0,217,113,23,0,353,0,0,0,353
04/23/2015,CLE,OH,AGL,CE,Combined TRACON& Tower with Radar,224,97,36,0,357,0,1,2,1,4,224,98,38,1,361,0,0,0,361
04/24/2015,CLE,OH,AGL,CE,Combined TRACON& Tower with Radar,218,103,33,0,354,0,2,1,0,3,218,105,34,0,357,0,0,0,357
04/25/2015,CLE,OH,AGL,CE,Combined TRACON& Tower with Radar,169,63,12,0,244,0,1,2,0,3,169,64,14,0,247,0,0,0,247
04/26/2015,CLE,OH,AGL,CE,Combined TRACON& Tower with Radar,211,83,17,0,311,0,0,2,0,2,211,83,19,0,313,0,0,0,313
04/27/2015,CLE,OH,AGL,CE,Combined TRACON& Tower with Radar,217,99,21,0,337,0,0,0,0,0,217,99,21,0,337,0,0,0,337
04/28/2015,CLE,OH,AGL,CE,Combined TRACON& Tower with Radar,222,94,34,0,350,0,1,2,0,3,222,95,36,0,353,0,0,0,353
04/29/2015,CLE,OH,AGL,CE,Combined TRACON& Tower with Radar,214,101,31,0,346,0,0,2,0,2,214,101,33,0,348,0,0,0,348
04/30/2015,CLE,OH,AGL,CE,Combined TRACON& Tower with Radar,226,97,42,0,365,0,1,0,0,1,226,98,42,0,366,0,0,0,366
05/01/2015,CLE,OH,AGL,CE,Combined TRACON& Tower with Radar,226,99,27,0,352,0,1,2,0,3,226,100,29,0,355,0,0,0,355
05/02/2015,CLE,OH,AGL,CE,Combined TRACON& Tower with Radar,177,60,22,0,259,0,1,1,0,2,177,61,23,0,261,0,0,0,261
05/03/2015,CLE,OH,AGL,CE,Combined TRACON& Tower with Radar,201,82,21,0,304,0,1,0,0,1,201,83,21,0,305,0,0,0,305
05/04/2015,CLE,OH,AGL,CE,Combined TRACON& Tower with Radar,232,98,35,0,365,0,0,0,0,0,232,98,35,0,365,0,0,0,365
05/05/2015,CLE,OH,AGL,CE,Combined TRACON& Tower with Radar,223,101,36,6,366,0,0,0,0,0,223,101,36,6,366,0,0,0,366
05/06/2015,CLE,OH,AGL,CE,Combined TRACON& Tower with Radar,229,111,41,1,382,0,0,0,0,0,229,111,41,1,382,0,0,0,382
05/07/2015,CLE,OH,AGL,CE,Combined TRACON& Tower with Radar,226,102,23,2,353,0,0,1,2,3,226,102,24,4,356,0,0,0,356
05/08/2015,CLE,OH,AGL,CE,Combined TRACON& Tower with Radar,227,105,24,3,359,0,4,3,1,8,227,109,27,4,367,0,0,0,367
05/09/2015,CLE,OH,AGL,CE,Combined TRACON& Tower with Radar,170,60,9,0,239,0,2,0,0,2,170,62,9,0,241,0,0,0,241
05/10/2015,CLE,OH,AGL,CE,Combined TRACON& Tower with Radar,202,82,8,0,292,0,1,1,0,2,202,83,9,0,294,0,0,0,294
05/11/2015,CLE,OH,AGL,CE,Combined TRACON& Tower with Radar,240,93,28,0,361,0,1,0,0,1,240,94,28,0,362,0,0,0,362
05/12/2015,CLE,OH,AGL,CE,Combined TRACON& Tower with Radar,227,96,35,1,359,0,0,1,0,1,227,96,36,1,360,0,0,0,360
05/13/2015,CLE,OH,AGL,CE,Combined TRACON& Tower with Radar,231,94,28,1,354,0,0,2,0,2,231,94,30,1,356,0,0,0,356
05/14/2015,CLE,OH,AGL,CE,Combined TRACON& Tower with Radar,240,102,33,2,377,0,0,7,0,7,240,102,40,2,384,0,0,0,384
05/15/2015,CLE,OH,AGL,CE,Combined TRACON& Tower with Radar,229,97,17,0,343,0,0,0,0,0,229,97,17,0,343,0,0,0,343
05/16/2015,CLE,OH,AGL,CE,Combined TRACON& Tower with Radar,162,70,7,0,239,0,0,0,0,0,162,70,7,0,239,0,0,0,239
05/17/2015,CLE,OH,AGL,CE,Combined TRACON& Tower with Radar,215,72,17,0,304,0,1,0,0,1,215,73,17,0,305,0,0,0,305
05/18/2015,CLE,OH,AGL,CE,Combined TRACON& Tower with Radar,224,83,19,0,326,0,0,1,0,1,224,83,20,0,327,0,0,0,327
05/19/2015,CLE,OH,AGL,CE,Combined TRACON& Tower with Radar,236,93,46,1,376,0,1,2,0,3,236,94,48,1,379,0,0,0,379
05/20/2015,CLE,OH,AGL,CE,Combined TRACON& Tower with Radar,228,98,36,1,363,0,2,3,0,5,228,100,39,1,368,0,0,0,368
05/21/2015,CLE,OH,AGL,CE,Combined TRACON& Tower with Radar,234,110,30,1,375,0,2,2,2,6,234,112,32,3,381,0,0,0,381
05/22/2015,CLE,OH,AGL,CE,Combined TRACON& Tower with Radar,234,101,16,0,351,0,1,8,0,9,234,102,24,0,360,0,0,0,360
05/23/2015,CLE,OH,AGL,CE,Combined TRACON& Tower with Radar,170,53,7,0,230,0,2,2,0,4,170,55,9,0,234,0,0,0,234
05/24/2015,CLE,OH,AGL,CE,Combined TRACON& Tower with Radar,165,47,11,0,223,0,1,6,1,8,165,48,17,1,231,0,0,0,231
05/25/2015,CLE,OH,AGL,CE,Combined TRACON& Tower with Radar,209,86,12,2,309,0,1,0,0,1,209,87,12,2,310,0,0,0,310
05/26/2015,CLE,OH,AGL,CE,Combined TRACON& Tower with Radar,221,92,33,0,346,0,0,2,0,2,221,92,35,0,348,0,0,0,348
05/27/2015,CLE,OH,AGL,CE,Combined TRACON& Tower with Radar,229,91,26,0,346,0,0,1,0,1,229,91,27,0,347,0,0,0,347
05/28/2015,CLE,OH,AGL,CE,Combined TRACON& Tower with Radar,236,94,30,0,360,0,1,3,0,4,236,95,33,0,364,0,0,0,364
05/29/2015,CLE,OH,AGL,CE,Combined TRACON& Tower with Radar,232,95,16,0,343,0,2,0,0,2,232,97,16,0,345,0,0,0,345
05/30/2015,CLE,OH,AGL,CE,Combined TRACON& Tower with Radar,165,59,8,0,232,0,1,0,0,1,165,60,8,0,233,0,0,0,233
05/31/2015,CLE,OH,AGL,CE,Combined TRACON& Tower with Radar,204,65,12,0,281,0,0,0,0,0,204,65,12,0,281,0,0,0,281
06/01/2015,CLE,OH,AGL,CE,Combined TRACON& Tower with Radar,223,83,34,0,340,0,0,0,0,0,223,83,34,0,340,0,0,0,340
06/02/2015,CLE,OH,AGL,CE,Combined TRACON& Tower with Radar,233,98,27,0,358,0,0,4,0,4,233,98,31,0,362,0,0,0,362
06/03/2015,CLE,OH,AGL,CE,Combined TRACON& Tower with Radar,230,99,37,0,366,0,0,2,0,2,230,99,39,0,368,0,0,0,368
06/04/2015,CLE,OH,AGL,CE,Combined TRACON& Tower with Radar,234,100,39,0,373,0,2,1,0,3,234,102,40,0,376,0,0,0,376
06/05/2015,CLE,OH,AGL,CE,Combined TRACON& Tower with Radar,244,94,28,0,366,0,0,1,0,1,244,94,29,0,367,0,0,0,367
06/06/2015,CLE,OH,AGL,CE,Combined TRACON& Tower with Radar,187,66,12,0,265,0,3,2,0,5,187,69,14,0,270,0,0,0,270
06/07/2015,CLE,OH,AGL,CE,Combined TRACON& Tower with Radar,213,74,18,0,305,0,1,2,0,3,213,75,20,0,308,0,0,0,308
06/08/2015,CLE,OH,AGL,CE,Combined TRACON& Tower with Radar,229,95,24,0,348,0,0,0,0,0,229,95,24,0,348,0,0,0,348
06/09/2015,CLE,OH,AGL,CE,Combined TRACON& Tower with Radar,252,92,45,0,389,0,0,2,0,2,252,92,47,0,391,0,0,0,391
06/10/2015,CLE,OH,AGL,CE,Combined TRACON& Tower with Radar,240,89,54,0,383,0,5,3,0,8,240,94,57,0,391,0,0,0,391
06/11/2015,CLE,OH,AGL,CE,Combined TRACON& Tower with Radar,256,106,42,0,404,0,2,7,0,9,256,108,49,0,413,0,0,0,413
06/12/2015,CLE,OH,AGL,CE,Combined TRACON& Tower with Radar,244,98,29,0,371,0,0,1,0,1,244,98,30,0,372,0,0,0,372
06/13/2015,CLE,OH,AGL,CE,Combined TRACON& Tower with Radar,186,59,5,1,251,0,0,0,0,0,186,59,5,1,251,0,0,0,251
06/14/2015,CLE,OH,AGL,CE,Combined TRACON& Tower with Radar,211,78,14,0,303,0,1,0,0,1,211,79,14,0,304,0,0,0,304
06/15/2015,CLE,OH,AGL,CE,Combined TRACON& Tower with Radar,240,82,29,1,352,0,1,1,0,2,240,83,30,1,354,0,0,0,354
06/16/2015,CLE,OH,AGL,CE,Combined TRACON& Tower with Radar,248,88,32,1,369,0,1,1,1,3,248,89,33,2,372,0,0,0,372
06/17/2015,CLE,OH,AGL,CE,Combined TRACON& Tower with Radar,243,98,27,2,370,0,0,1,0,1,243,98,28,2,371,0,0,0,371
06/18/2015,CLE,OH,AGL,CE,Combined TRACON& Tower with Radar,237,83,32,0,352,0,0,2,0,2,237,83,34,0,354,0,0,0,354
06/19/2015,CLE,OH,AGL,CE,Combined TRACON& Tower with Radar,245,97,24,2,368,0,0,4,0,4,245,97,28,2,372,0,0,0,372
06/20/2015,CLE,OH,AGL,CE,Combined TRACON& Tower with Radar,182,63,9,0,254,0,2,0,0,2,182,65,9,0,256,0,0,0,256
06/21/2015,CLE,OH,AGL,CE,Combined TRACON& Tower with Radar,217,83,15,0,315,0,0,1,0,1,217,83,16,0,316,0,0,0,316
06/22/2015,CLE,OH,AGL,CE,Combined TRACON& Tower with Radar,232,90,25,0,347,0,1,1,3,5,232,91,26,3,352,0,0,0,352
06/23/2015,CLE,OH,AGL,CE,Combined TRACON& Tower with Radar,235,80,16,0,331,0,2,3,0,5,235,82,19,0,336,0,0,0,336
06/24/2015,CLE,OH,AGL,CE,Combined TRACON& Tower with Radar,244,97,36,1,378,0,1,6,2,9,244,98,42,3,387,0,0,0,387
06/25/2015,CLE,OH,AGL,CE,Combined TRACON& Tower with Radar,245,97,41,0,383,0,0,1,0,1,245,97,42,0,384,0,0,0,384
06/26/2015,CLE,OH,AGL,CE,Combined TRACON& Tower with Radar,245,95,19,3,362,0,0,3,2,5,245,95,22,5,367,0,0,0,367
06/27/2015,CLE,OH,AGL,CE,Combined TRACON& Tower with Radar,188,66,16,0,270,0,0,0,1,1,188,66,16,1,271,0,0,0,271
06/28/2015,CLE,OH,AGL,CE,Combined TRACON& Tower with Radar,221,76,10,1,308,0,1,0,0,1,221,77,10,1,309,0,0,0,309
06/29/2015,CLE,OH,AGL,CE,Combined TRACON& Tower with Radar,230,93,8,1,332,0,0,0,3,3,230,93,8,4,335,0,0,0,335
06/30/2015,CLE,OH,AGL,CE,Combined TRACON& Tower with Radar,215,86,31,2,334,0,3,0,0,3,215,89,31,2,337,0,0,0,337
07/01/2015,CLE,OH,AGL,CE,Combined TRACON& Tower with Radar,235,78,18,0,331,0,1,5,0,6,235,79,23,0,337,0,0,0,337
07/02/2015,CLE,OH,AGL,CE,Combined TRACON& Tower with Radar,241,87,34,2,364,0,1,6,0,7,241,88,40,2,371,0,0,0,371
07/03/2015,CLE,OH,AGL,CE,Combined TRACON& Tower with Radar,194,48,4,0,246,0,1,1,0,2,194,49,5,0,248,0,0,0,248
07/04/2015,CLE,OH,AGL,CE,Combined TRACON& Tower with Radar,161,48,1,0,210,0,5,1,0,6,161,53,2,0,216,0,0,0,216
07/05/2015,CLE,OH,AGL,CE,Combined TRACON& Tower with Radar,221,72,27,0,320,0,0,3,0,3,221,72,30,0,323,0,0,0,323
07/06/2015,CLE,OH,AGL,CE,Combined TRACON& Tower with Radar,228,91,15,0,334,0,2,4,0,6,228,93,19,0,340,0,0,0,340
07/07/2015,CLE,OH,AGL,CE,Combined TRACON& Tower with Radar,240,90,23,0,353,0,0,2,0,2,240,90,25,0,355,0,0,0,355
07/08/2015,CLE,OH,AGL,CE,Combined TRACON& Tower with Radar,239,90,31,2,362,0,3,7,0,10,239,93,38,2,372,0,0,0,372
07/09/2015,CLE,OH,AGL,CE,Combined TRACON& Tower with Radar,237,98,21,1,357,0,0,1,0,1,237,98,22,1,358,0,0,0,358
07/10/2015,CLE,OH,AGL,CE,Combined TRACON& Tower with Radar,243,89,11,0,343,0,1,1,0,2,243,90,12,0,345,0,0,0,345
07/11/2015,CLE,OH,AGL,CE,Combined TRACON& Tower with Radar,191,68,9,0,268,0,0,3,0,3,191,68,12,0,271,0,0,0,271
07/12/2015,CLE,OH,AGL,CE,Combined TRACON& Tower with Radar,215,82,15,0,312,0,0,8,0,8,215,82,23,0,320,0,0,0,320
07/13/2015,CLE,OH,AGL,CE,Combined TRACON& Tower with Radar,238,82,30,0,350,0,1,2,0,3,238,83,32,0,353,0,0,0,353
07/14/2015,CLE,OH,AGL,CE,Combined TRACON& Tower with Radar,241,76,30,0,347,0,1,2,0,3,241,77,32,0,350,0,0,0,350
07/15/2015,CLE,OH,AGL,CE,Combined TRACON& Tower with Radar,237,91,31,0,359,0,0,2,0,2,237,91,33,0,361,0,0,0,361
07/16/2015,CLE,OH,AGL,CE,Combined TRACON& Tower with Radar,251,94,27,0,372,0,0,6,0,6,251,94,33,0,378,0,0,0,378
07/17/2015,CLE,OH,AGL,CE,Combined TRACON& Tower with Radar,242,88,18,2,350,0,1,1,0,2,242,89,19,2,352,0,0,0,352
07/18/2015,CLE,OH,AGL,CE,Combined TRACON& Tower with Radar,183,65,16,1,265,0,4,0,0,4,183,69,16,1,269,0,0,0,269
07/19/2015,CLE,OH,AGL,CE,Combined TRACON& Tower with Radar,222,84,18,1,325,0,0,0,0,0,222,84,18,1,325,0,0,0,325
07/20/2015,CLE,OH,AGL,CE,Combined TRACON& Tower with Radar,241,84,15,1,341,0,2,1,0,3,241,86,16,1,344,0,0,0,344
07/21/2015,CLE,OH,AGL,CE,Combined TRACON& Tower with Radar,232,95,40,0,367,0,2,0,0,2,232,97,40,0,369,0,0,0,369
07/22/2015,CLE,OH,AGL,CE,Combined TRACON& Tower with Radar,242,101,47,0,390,0,3,2,0,5,242,104,49,0,395,0,0,0,395
07/23/2015,CLE,OH,AGL,CE,Combined TRACON& Tower with Radar,240,90,27,2,359,0,6,4,0,10,240,96,31,2,369,0,0,0,369
07/24/2015,CLE,OH,AGL,CE,Combined TRACON& Tower with Radar,247,88,23,1,359,0,2,0,0,2,247,90,23,1,361,0,0,0,361
07/25/2015,CLE,OH,AGL,CE,Combined TRACON& Tower with Radar,188,58,13,0,259,0,4,4,0,8,188,62,17,0,267,0,0,0,267
07/26/2015,CLE,OH,AGL,CE,Combined TRACON& Tower with Radar,216,81,15,0,312,0,2,0,0,2,216,83,15,0,314,0,0,0,314
07/27/2015,CLE,OH,AGL,CE,Combined TRACON& Tower with Radar,235,93,27,1,356,0,1,2,0,3,235,94,29,1,359,0,0,0,359
07/28/2015,CLE,OH,AGL,CE,Combined TRACON& Tower with Radar,235,99,34,1,369,0,0,2,0,2,235,99,36,1,371,0,0,0,371
07/29/2015,CLE,OH,AGL,CE,Combined TRACON& Tower with Radar,234,104,39,0,377,0,1,3,0,4,234,105,42,0,381,0,0,0,381
07/30/2015,CLE,OH,AGL,CE,Combined TRACON& Tower with Radar,235,92,27,0,354,0,0,2,0,2,235,92,29,0,356,0,0,0,356
07/31/2015,CLE,OH,AGL,CE,Combined TRACON& Tower with Radar,247,92,34,0,373,0,2,0,0,2,247,94,34,0,375,0,0,0,375
08/01/2015,CLE,OH,AGL,CE,Combined TRACON& Tower with Radar,192,56,7,0,255,0,0,1,0,1,192,56,8,0,256,0,0,0,256
08/02/2015,CLE,OH,AGL,CE,Combined TRACON& Tower with Radar,210,75,16,0,301,0,1,0,0,1,210,76,16,0,302,0,0,0,302
08/03/2015,CLE,OH,AGL,CE,Combined TRACON& Tower with Radar,251,90,22,0,363,0,0,3,0,3,251,90,25,0,366,0,0,0,366
08/04/2015,CLE,OH,AGL,CE,Combined TRACON& Tower with Radar,241,98,38,0,377,0,3,1,1,5,241,101,39,1,382,0,0,0,382
08/05/2015,CLE,OH,AGL,CE,Combined TRACON& Tower with Radar,229,93,38,0,360,0,4,6,0,10,229,97,44,0,370,0,0,0,370
08/06/2015,CLE,OH,AGL,CE,Combined TRACON& Tower with Radar,245,107,30,0,382,0,0,3,0,3,245,107,33,0,385,0,0,0,385
08/07/2015,CLE,OH,AGL,CE,Combined TRACON& Tower with Radar,238,109,24,2,373,0,0,1,0,1,238,109,25,2,374,0,0,0,374
08/08/2015,CLE,OH,AGL,CE,Combined TRACON& Tower with Radar,190,64,15,0,269,0,3,0,0,3,190,67,15,0,272,0,0,0,272
08/09/2015,CLE,OH,AGL,CE,Combined TRACON& Tower with Radar,211,76,16,0,303,0,0,0,0,0,211,76,16,0,303,0,0,0,303
08/10/2015,CLE,OH,AGL,CE,Combined TRACON& Tower with Radar,236,108,24,0,368,0,0,2,0,2,236,108,26,0,370,0,0,0,370
08/11/2015,CLE,OH,AGL,CE,Combined TRACON& Tower with Radar,234,86,32,0,352,1,1,2,0,4,235,87,34,0,356,0,0,0,356
08/12/2015,CLE,OH,AGL,CE,Combined TRACON& Tower with Radar,231,92,25,0,348,0,0,1,1,2,231,92,26,1,350,0,0,0,350
08/13/2015,CLE,OH,AGL,CE,Combined TRACON& Tower with Radar,235,99,42,0,376,0,2,5,0,7,235,101,47,0,383,0,0,0,383
08/14/2015,CLE,OH,AGL,CE,Combined TRACON& Tower with Radar,236,98,33,0,367,0,1,5,0,6,236,99,38,0,373,0,0,0,373
08/15/2015,CLE,OH,AGL,CE,Combined TRACON& Tower with Radar,188,62,15,0,265,0,2,1,1,4,188,64,16,1,269,0,0,0,269
08/16/2015,CLE,OH,AGL,CE,Combined TRACON& Tower with Radar,214,76,18,0,308,0,0,0,0,0,214,76,18,0,308,0,0,0,308
08/17/2015,CLE,OH,AGL,CE,Combined TRACON& Tower with Radar,229,89,47,0,365,0,1,1,0,2,229,90,48,0,367,0,0,0,367
08/18/2015,CLE,OH,AGL,CE,Combined TRACON& Tower with Radar,234,90,30,0,354,0,1,2,0,3,234,91,32,0,357,0,0,0,357
08/19/2015,CLE,OH,AGL,CE,Combined TRACON& Tower with Radar,229,97,34,1,361,0,0,3,0,3,229,97,37,1,364,0,0,0,364
08/20/2015,CLE,OH,AGL,CE,Combined TRACON& Tower with Radar,217,76,33,0,326,0,1,2,0,3,217,77,35,0,329,0,0,0,329
08/21/2015,CLE,OH,AGL,CE,Combined TRACON& Tower with Radar,243,94,17,0,354,0,5,4,0,9,243,99,21,0,363,0,0,0,363
08/22/2015,CLE,OH,AGL,CE,Combined TRACON& Tower with Radar,168,58,14,0,240,0,1,0,0,1,168,59,14,0,241,0,0,0,241
08/23/2015,CLE,OH,AGL,CE,Combined TRACON& Tower with Radar,201,76,20,0,297,0,2,2,0,4,201,78,22,0,301,0,0,0,301
08/24/2015,CLE,OH,AGL,CE,Combined TRACON& Tower with Radar,231,93,28,1,353,0,3,2,0,5,231,96,30,1,358,0,0,0,358
08/25/2015,CLE,OH,AGL,CE,Combined TRACON& Tower with Radar,224,98,37,1,360,0,0,0,0,0,224,98,37,1,360,0,0,0,360
08/26/2015,CLE,OH,AGL,CE,Combined TRACON& Tower with Radar,219,104,27,0,350,0,0,2,0,2,219,104,29,0,352,0,0,0,352
08/27/2015,CLE,OH,AGL,CE,Combined TRACON& Tower with Radar,238,104,37,0,379,0,0,2,0,2,238,104,39,0,381,0,0,0,381
08/28/2015,CLE,OH,AGL,CE,Combined TRACON& Tower with Radar,233,101,25,0,359,0,1,0,0,1,233,102,25,0,360,0,0,0,360
08/29/2015,CLE,OH,AGL,CE,Combined TRACON& Tower with Radar,163,58,2,0,223,0,1,0,0,1,163,59,2,0,224,0,0,0,224
08/30/2015,CLE,OH,AGL,CE,Combined TRACON& Tower with Radar,203,82,18,0,303,0,1,0,0,1,203,83,18,0,304,0,0,0,304
08/31/2015,CLE,OH,AGL,CE,Combined TRACON& Tower with Radar,224,98,32,0,354,0,1,3,0,4,224,99,35,0,358,0,0,0,358
09/01/2015,CLE,OH,AGL,CE,Combined TRACON& Tower with Radar,228,100,23,0,351,0,0,2,0,2,228,100,25,0,353,0,0,0,353
09/02/2015,CLE,OH,AGL,CE,Combined TRACON& Tower with Radar,232,92,23,2,349,0,1,1,0,2,232,93,24,2,351,0,0,0,351
09/03/2015,CLE,OH,AGL,CE,Combined TRACON& Tower with Radar,230,111,43,3,387,0,1,2,4,7,230,112,45,7,394,0,0,0,394
09/04/2015,CLE,OH,AGL,CE,Combined TRACON& Tower with Radar,239,104,29,3,375,0,0,0,4,4,239,104,29,7,379,0,0,0,379
09/05/2015,CLE,OH,AGL,CE,Combined TRACON& Tower with Radar,162,58,16,1,237,0,1,3,6,10,162,59,19,7,247,0,0,0,247
09/06/2015,CLE,OH,AGL,CE,Combined TRACON& Tower with Radar,161,54,9,0,224,0,1,3,6,10,161,55,12,6,234,0,0,0,234
09/07/2015,CLE,OH,AGL,CE,Combined TRACON& Tower with Radar,198,97,13,3,311,0,1,7,4,12,198,98,20,7,323,0,0,0,323
09/08/2015,CLE,OH,AGL,CE,Combined TRACON& Tower with Radar,220,90,30,0,340,0,2,1,0,3,220,92,31,0,343,0,0,0,343
09/09/2015,CLE,OH,AGL,CE,Combined TRACON& Tower with Radar,216,100,42,0,358,0,3,1,0,4,216,103,43,0,362,0,0,0,362
09/10/2015,CLE,OH,AGL,CE,Combined TRACON& Tower with Radar,219,94,33,2,348,0,1,4,0,5,219,95,37,2,353,0,0,0,353
09/11/2015,CLE,OH,AGL,CE,Combined TRACON& Tower with Radar,218,113,29,2,362,0,0,0,0,0,218,113,29,2,362,0,0,0,362
09/12/2015,CLE,OH,AGL,CE,Combined TRACON& Tower with Radar,164,62,11,2,239,0,0,0,0,0,164,62,11,2,239,0,0,0,239
09/13/2015,CLE,OH,AGL,CE,Combined TRACON& Tower with Radar,191,90,17,0,298,0,0,0,1,1,191,90,17,1,299,0,0,0,299
09/14/2015,CLE,OH,AGL,CE,Combined TRACON& Tower with Radar,229,89,31,1,350,0,0,0,0,0,229,89,31,1,350,0,0,0,350
09/15/2015,CLE,OH,AGL,CE,Combined TRACON& Tower with Radar,216,95,27,3,341,0,1,2,0,3,216,96,29,3,344,0,0,0,344
09/16/2015,CLE,OH,AGL,CE,Combined TRACON& Tower with Radar,230,99,42,0,371,0,2,5,0,7,230,101,47,0,378,0,0,0,378
09/17/2015,CLE,OH,AGL,CE,Combined TRACON& Tower with Radar,222,97,38,2,359,0,0,5,0,5,222,97,43,2,364,0,0,0,364
09/18/2015,CLE,OH,AGL,CE,Combined TRACON& Tower with Radar,231,117,19,0,367,0,0,1,0,1,231,117,20,0,368,0,0,0,368
09/19/2015,CLE,OH,AGL,CE,Combined TRACON& Tower with Radar,167,64,10,2,243,0,1,2,0,3,167,65,12,2,246,0,0,0,246
09/20/2015,CLE,OH,AGL,CE,Combined TRACON& Tower with Radar,192,92,26,0,310,0,2,1,1,4,192,94,27,1,314,0,0,0,314
09/21/2015,CLE,OH,AGL,CE,Combined TRACON& Tower with Radar,222,94,43,1,360,0,0,2,2,4,222,94,45,3,364,0,0,0,364
09/22/2015,CLE,OH,AGL,CE,Combined TRACON& Tower with Radar,223,97,31,0,351,0,0,3,0,3,223,97,34,0,354,0,0,0,354
09/23/2015,CLE,OH,AGL,CE,Combined TRACON& Tower with Radar,219,91,28,0,338,0,1,8,0,9,219,92,36,0,347,0,0,0,347
09/24/2015,CLE,OH,AGL,CE,Combined TRACON& Tower with Radar,226,110,52,1,389,0,3,2,0,5,226,113,54,1,394,0,0,0,394
09/25/2015,CLE,OH,AGL,CE,Combined TRACON& Tower with Radar,229,104,36,0,369,0,1,9,0,10,229,105,45,0,379,0,0,0,379
09/26/2015,CLE,OH,AGL,CE,Combined TRACON& Tower with Radar,175,57,15,0,247,0,0,3,0,3,175,57,18,0,250,0,0,0,250
09/27/2015,CLE,OH,AGL,CE,Combined TRACON& Tower with Radar,201,90,19,0,310,0,0,1,0,1,201,90,20,0,311,0,0,0,311
09/28/2015,CLE,OH,AGL,CE,Combined TRACON& Tower with Radar,223,91,32,0,346,0,1,1,0,2,223,92,33,0,348,0,0,0,348
09/29/2015,CLE,OH,AGL,CE,Combined TRACON& Tower with Radar,218,107,33,0,358,0,0,0,0,0,218,107,33,0,358,0,0,0,358
09/30/2015,CLE,OH,AGL,CE,Combined TRACON& Tower with Radar,229,108,33,0,370,0,0,4,0,4,229,108,37,0,374,0,0,0,374
10/01/2015,CLE,OH,AGL,CE,Combined TRACON& Tower with Radar,229,99,28,1,357,0,2,1,0,3,229,101,29,1,360,0,0,0,360
10/02/2015,CLE,OH,AGL,CE,Combined TRACON& Tower with Radar,217,104,13,2,336,0,1,0,0,1,217,105,13,2,337,0,0,0,337
10/03/2015,CLE,OH,AGL,CE,Combined TRACON& Tower with Radar,169,56,17,1,243,0,0,0,0,0,169,56,17,1,243,0,0,0,243
10/04/2015,CLE,OH,AGL,CE,Combined TRACON& Tower with Radar,192,93,12,0,297,0,0,2,0,2,192,93,14,0,299,0,0,0,299
10/05/2015,CLE,OH,AGL,CE,Combined TRACON& Tower with Radar,226,94,25,0,345,0,1,3,0,4,226,95,28,0,349,0,0,0,349
10/06/2015,CLE,OH,AGL,CE,Combined TRACON& Tower with Radar,228,95,25,0,348,0,1,2,0,3,228,96,27,0,351,0,0,0,351
10/07/2015,CLE,OH,AGL,CE,Combined TRACON& Tower with Radar,219,106,28,0,353,0,0,0,0,0,219,106,28,0,353,0,0,0,353
10/08/2015,CLE,OH,AGL,CE,Combined TRACON& Tower with Radar,227,102,34,0,363,0,0,4,0,4,227,102,38,0,367,0,0,0,367
10/09/2015,CLE,OH,AGL,CE,Combined TRACON& Tower with Radar,222,95,33,0,350,0,0,2,0,2,222,95,35,0,352,0,0,0,352
10/10/2015,CLE,OH,AGL,CE,Combined TRACON& Tower with Radar,177,66,11,0,254,0,2,1,0,3,177,68,12,0,257,0,0,0,257
10/11/2015,CLE,OH,AGL,CE,Combined TRACON& Tower with Radar,194,84,26,0,304,0,2,3,0,5,194,86,29,0,309,0,0,0,309
10/12/2015,CLE,OH,AGL,CE,Combined TRACON& Tower with Radar,227,101,30,0,358,0,0,2,0,2,227,101,32,0,360,0,0,0,360
10/13/2015,CLE,OH,AGL,CE,Combined TRACON& Tower with Radar,225,96,39,2,362,0,0,0,0,0,225,96,39,2,362,0,0,0,362
10/14/2015,CLE,OH,AGL,CE,Combined TRACON& Tower with Radar,225,101,43,0,369,0,1,1,0,2,225,102,44,0,371,0,0,0,371
10/15/2015,CLE,OH,AGL,CE,Combined TRACON& Tower with Radar,228,95,34,0,357,0,0,0,0,0,228,95,34,0,357,0,0,0,357
10/16/2015,CLE,OH,AGL,CE,Combined TRACON& Tower with Radar,224,105,31,0,360,0,0,5,0,5,224,105,36,0,365,0,0,0,365
10/17/2015,CLE,OH,AGL,CE,Combined TRACON& Tower with Radar,170,56,8,0,234,0,0,0,0,0,170,56,8,0,234,0,0,0,234
10/18/2015,CLE,OH,AGL,CE,Combined TRACON& Tower with Radar,192,93,28,0,313,0,0,3,1,4,192,93,31,1,317,0,0,0,317
10/19/2015,CLE,OH,AGL,CE,Combined TRACON& Tower with Radar,228,94,25,0,347,0,0,4,0,4,228,94,29,0,351,0,0,0,351
10/20/2015,CLE,OH,AGL,CE,Combined TRACON& Tower with Radar,231,88,26,0,345,0,0,2,0,2,231,88,28,0,347,0,0,0,347
10/21/2015,CLE,OH,AGL,CE,Combined TRACON& Tower with Radar,226,99,28,0,353,0,0,4,0,4,226,99,32,0,357,0,0,0,357
10/22/2015,CLE,OH,AGL,CE,Combined TRACON& Tower with Radar,230,103,28,0,361,0,0,4,0,4,230,103,32,0,365,0,0,0,365
10/23/2015,CLE,OH,AGL,CE,Combined TRACON& Tower with Radar,229,100,29,2,360,0,0,2,0,2,229,100,31,2,362,0,0,0,362
10/24/2015,CLE,OH,AGL,CE,Combined TRACON& Tower with Radar,171,57,7,0,235,0,0,0,0,0,171,57,7,0,235,0,0,0,235
10/25/2015,CLE,OH,AGL,CE,Combined TRACON& Tower with Radar,199,82,17,0,298,0,0,1,0,1,199,82,18,0,299,0,0,0,299
10/26/2015,CLE,OH,AGL,CE,Combined TRACON& Tower with Radar,227,93,32,0,352,0,2,2,2,6,227,95,34,2,358,0,0,0,358
10/27/2015,CLE,OH,AGL,CE,Combined TRACON& Tower with Radar,216,101,36,1,354,0,0,0,1,1,216,101,36,2,355,0,0,0,355
10/28/2015,CLE,OH,AGL,CE,Combined TRACON& Tower with Radar,220,84,20,0,324,0,0,0,0,0,220,84,20,0,324,0,0,0,324
10/29/2015,CLE,OH,AGL,CE,Combined TRACON& Tower with Radar,227,98,21,1,347,0,0,0,1,1,227,98,21,2,348,0,0,0,348
10/30/2015,CLE,OH,AGL,CE,Combined TRACON& Tower with Radar,221,107,30,0,358,0,1,3,0,4,221,108,33,0,362,0,0,0,362
10/31/2015,CLE,OH,AGL,CE,Combined TRACON& Tower with Radar,152,61,10,0,223,0,0,1,0,1,152,61,11,0,224,0,0,0,224
11/01/2015,CLE,OH,AGL,CE,Combined TRACON& Tower with Radar,190,89,21,0,300,0,1,0,0,1,190,90,21,0,301,0,0,0,301
11/02/2015,CLE,OH,AGL,CE,Combined TRACON& Tower with Radar,221,100,27,0,348,0,0,2,0,2,221,100,29,0,350,0,0,0,350
11/03/2015,CLE,OH,AGL,CE,Combined TRACON& Tower with Radar,226,98,22,0,346,0,0,2,0,2,226,98,24,0,348,0,0,0,348
11/04/2015,CLE,OH,AGL,CE,Combined TRACON& Tower with Radar,228,95,30,2,355,0,0,1,0,1,228,95,31,2,356,0,0,0,356
11/05/2015,CLE,OH,AGL,CE,Combined TRACON& Tower with Radar,228,99,24,0,351,0,0,2,0,2,228,99,26,0,353,0,0,0,353
11/06/2015,CLE,OH,AGL,CE,Combined TRACON& Tower with Radar,237,101,31,0,369,0,1,0,0,1,237,102,31,0,370,0,0,0,370
11/07/2015,CLE,OH,AGL,CE,Combined TRACON& Tower with Radar,174,59,12,0,245,0,0,2,0,2,174,59,14,0,247,0,0,0,247
11/08/2015,CLE,OH,AGL,CE,Combined TRACON& Tower with Radar,195,85,28,0,308,0,0,1,0,1,195,85,29,0,309,0,0,0,309
11/09/2015,CLE,OH,AGL,CE,Combined TRACON& Tower with Radar,220,99,22,0,341,0,0,1,0,1,220,99,23,0,342,0,0,0,342
11/10/2015,CLE,OH,AGL,CE,Combined TRACON& Tower with Radar,222,95,25,0,342,0,0,1,0,1,222,95,26,0,343,0,0,0,343
11/11/2015,CLE,OH,AGL,CE,Combined TRACON& Tower with Radar,224,113,45,0,382,0,1,6,0,7,224,114,51,0,389,0,0,0,389
11/12/2015,CLE,OH,AGL,CE,Combined TRACON& Tower with Radar,227,105,23,0,355,0,0,0,0,0,227,105,23,0,355,0,0,0,355
11/13/2015,CLE,OH,AGL,CE,Combined TRACON& Tower with Radar,230,95,26,0,351,0,3,0,0,3,230,98,26,0,354,0,0,0,354
11/14/2015,CLE,OH,AGL,CE,Combined TRACON& Tower with Radar,169,53,7,0,229,0,1,1,0,2,169,54,8,0,231,0,0,0,231
11/15/2015,CLE,OH,AGL,CE,Combined TRACON& Tower with Radar,191,89,14,0,294,0,1,1,0,2,191,90,15,0,296,0,0,0,296
11/16/2015,CLE,OH,AGL,CE,Combined TRACON& Tower with Radar,218,102,31,0,351,0,1,5,0,6,218,103,36,0,357,0,0,0,357
11/17/2015,CLE,OH,AGL,CE,Combined TRACON& Tower with Radar,221,97,24,0,342,0,0,6,0,6,221,97,30,0,348,0,0,0,348
11/18/2015,CLE,OH,AGL,CE,Combined TRACON& Tower with Radar,227,98,23,0,348,0,3,1,0,4,227,101,24,0,352,0,0,0,352
11/19/2015,CLE,OH,AGL,CE,Combined TRACON& Tower with Radar,221,92,34,0,347,0,1,1,0,2,221,93,35,0,349,0,0,0,349
11/20/2015,CLE,OH,AGL,CE,Combined TRACON& Tower with Radar,224,99,35,0,358,0,2,6,0,8,224,101,41,0,366,0,0,0,366
11/21/2015,CLE,OH,AGL,CE,Combined TRACON& Tower with Radar,177,47,15,0,239,0,0,2,0,2,177,47,17,0,241,0,0,0,241
11/22/2015,CLE,OH,AGL,CE,Combined TRACON& Tower with Radar,176,91,13,0,280,0,0,1,0,1,176,91,14,0,281,0,0,0,281
11/23/2015,CLE,OH,AGL,CE,Combined TRACON& Tower with Radar,204,79,28,0,311,0,0,1,0,1,204,79,29,0,312,0,0,0,312
11/24/2015,CLE,OH,AGL,CE,Combined TRACON& Tower with Radar,223,104,45,0,372,0,1,4,1,6,223,105,49,1,378,0,0,0,378
11/25/2015,CLE,OH,AGL,CE,Combined TRACON& Tower with Radar,224,95,20,0,339,0,0,7,0,7,224,95,27,0,346,0,0,0,346
11/26/2015,CLE,OH,AGL,CE,Combined TRACON& Tower with Radar,141,43,0,0,184,0,1,3,1,5,141,44,3,1,189,0,0,0,189
11/27/2015,CLE,OH,AGL,CE,Combined TRACON& Tower with Radar,168,66,12,0,246,0,2,0,0,2,168,68,12,0,248,0,0,0,248
11/28/2015,CLE,OH,AGL,CE,Combined TRACON& Tower with Radar,209,101,12,0,322,0,0,0,0,0,209,101,12,0,322,0,0,0,322
11/29/2015,CLE,OH,AGL,CE,Combined TRACON& Tower with Radar,216,98,31,0,345,0,0,2,0,2,216,98,33,0,347,0,0,0,347
11/30/2015,CLE,OH,AGL,CE,Combined TRACON& Tower with Radar,225,94,15,0,334,0,1,2,0,3,225,95,17,0,337,0,0,0,337
12/01/2015,CLE,OH,AGL,CE,Combined TRACON& Tower with Radar,218,102,31,1,352,0,0,0,0,0,218,102,31,1,352,0,0,0,352
12/02/2015,CLE,OH,AGL,CE,Combined TRACON& Tower with Radar,213,102,17,0,332,0,0,1,0,1,213,102,18,0,333,0,0,0,333
12/03/2015,CLE,OH,AGL,CE,Combined TRACON& Tower with Radar,230,98,43,1,372,0,2,2,0,4,230,100,45,1,376,0,0,0,376
12/04/2015,CLE,OH,AGL,CE,Combined TRACON& Tower with Radar,224,87,19,0,330,0,0,1,0,1,224,87,20,0,331,0,0,0,331
12/05/2015,CLE,OH,AGL,CE,Combined TRACON& Tower with Radar,163,45,9,2,219,0,0,1,0,1,163,45,10,2,220,0,0,0,220
12/06/2015,CLE,OH,AGL,CE,Combined TRACON& Tower with Radar,198,75,20,0,293,0,0,3,0,3,198,75,23,0,296,0,0,0,296
12/07/2015,CLE,OH,AGL,CE,Combined TRACON& Tower with Radar,223,94,17,0,334,0,0,6,0,6,223,94,23,0,340,0,0,0,340
12/08/2015,CLE,OH,AGL,CE,Combined TRACON& Tower with Radar,215,86,29,0,330,0,0,0,0,0,215,86,29,0,330,0,0,0,330
12/09/2015,CLE,OH,AGL,CE,Combined TRACON& Tower with Radar,217,106,20,0,343,0,0,0,0,0,217,106,20,0,343,0,0,0,343
12/10/2015,CLE,OH,AGL,CE,Combined TRACON& Tower with Radar,233,97,39,0,369,0,0,1,0,1,233,97,40,0,370,0,0,0,370
12/11/2015,CLE,OH,AGL,CE,Combined TRACON& Tower with Radar,218,102,27,0,347,0,0,4,0,4,218,102,31,0,351,0,0,0,351
12/12/2015,CLE,OH,AGL,CE,Combined TRACON& Tower with Radar,165,57,11,0,233,0,0,6,2,8,165,57,17,2,241,0,0,0,241
12/13/2015,CLE,OH,AGL,CE,Combined TRACON& Tower with Radar,192,74,14,0,280,0,0,1,0,1,192,74,15,0,281,0,0,0,281
12/14/2015,CLE,OH,AGL,CE,Combined TRACON& Tower with Radar,216,76,24,0,316,0,1,0,0,1,216,77,24,0,317,0,0,0,317
12/15/2015,CLE,OH,AGL,CE,Combined TRACON& Tower with Radar,210,102,36,0,348,0,0,1,0,1,210,102,37,0,349,0,0,0,349
12/16/2015,CLE,OH,AGL,CE,Combined TRACON& Tower with Radar,215,95,38,1,349,0,0,3,1,4,215,95,41,2,353,0,0,0,353
12/17/2015,CLE,OH,AGL,CE,Combined TRACON& Tower with Radar,227,85,30,0,342,0,0,2,0,2,227,85,32,0,344,0,0,0,344
12/18/2015,CLE,OH,AGL,CE,Combined TRACON& Tower with Radar,223,83,25,0,331,0,1,2,0,3,223,84,27,0,334,0,0,0,334
12/19/2015,CLE,OH,AGL,CE,Combined TRACON& Tower with Radar,196,67,12,0,275,0,1,1,0,2,196,68,13,0,277,0,0,0,277
12/20/2015,CLE,OH,AGL,CE,Combined TRACON& Tower with Radar,178,88,11,0,277,0,1,1,0,2,178,89,12,0,279,0,0,0,279
12/21/2015,CLE,OH,AGL,CE,Combined TRACON& Tower with Radar,211,83,5,0,299,0,0,0,0,0,211,83,5,0,299,0,0,0,299
12/22/2015,CLE,OH,AGL,CE,Combined TRACON& Tower with Radar,212,84,15,0,311,0,0,0,0,0,212,84,15,0,311,0,0,0,311
12/23/2015,CLE,OH,AGL,CE,Combined TRACON& Tower with Radar,214,78,18,2,312,0,0,0,0,0,214,78,18,2,312,0,0,0,312
12/24/2015,CLE,OH,AGL,CE,Combined TRACON& Tower with Radar,181,62,7,0,250,0,0,2,0,2,181,62,9,0,252,0,0,0,252
12/25/2015,CLE,OH,AGL,CE,Combined TRACON& Tower with Radar,152,40,5,0,197,0,1,2,1,4,152,41,7,1,201,0,0,0,201
12/26/2015,CLE,OH,AGL,CE,Combined TRACON& Tower with Radar,186,66,23,0,275,0,0,0,0,0,186,66,23,0,275,0,0,0,275
12/27/2015,CLE,OH,AGL,CE,Combined TRACON& Tower with Radar,177,80,16,0,273,0,0,0,0,0,177,80,16,0,273,0,0,0,273
12/28/2015,CLE,OH,AGL,CE,Combined TRACON& Tower with Radar,179,58,17,0,254,0,0,0,0,0,179,58,17,0,254,0,0,0,254
12/29/2015,CLE,OH,AGL,CE,Combined TRACON& Tower with Radar,190,74,15,0,279,0,0,0,0,0,190,74,15,0,279,0,0,0,279
12/30/2015,CLE,OH,AGL,CE,Combined TRACON& Tower with Radar,201,76,16,0,293,0,0,0,0,0,201,76,16,0,293,0,0,0,293
12/31/2015,CLE,OH,AGL,CE,Combined TRACON& Tower with Radar,173,48,0,0,221,0,1,0,0,1,173,49,0,0,222,0,0,0,222
01/01/2016,CLE,OH,AGL,CE,Combined TRACON& Tower with Radar,164,51,2,0,217,0,0,0,0,0,164,51,2,0,217,0,0,0,217
01/02/2016,CLE,OH,AGL,CE,Combined TRACON& Tower with Radar,199,58,24,0,281,0,0,0,0,0,199,58,24,0,281,0,0,0,281
01/03/2016,CLE,OH,AGL,CE,Combined TRACON& Tower with Radar,190,83,24,0,297,0,0,0,0,0,190,83,24,0,297,0,0,0,297
01/04/2016,CLE,OH,AGL,CE,Combined TRACON& Tower with Radar,207,83,26,0,316,0,1,1,0,2,207,84,27,0,318,0,0,0,318
01/05/2016,CLE,OH,AGL,CE,Combined TRACON& Tower with Radar,195,84,28,0,307,0,1,0,0,1,195,85,28,0,308,0,0,0,308
01/06/2016,CLE,OH,AGL,CE,Combined TRACON& Tower with Radar,200,95,27,0,322,0,1,4,0,5,200,96,31,0,327,0,0,0,327
01/07/2016,CLE,OH,AGL,CE,Combined TRACON& Tower with Radar,209,95,28,0,332,0,0,0,0,0,209,95,28,0,332,0,0,0,332
01/08/2016,CLE,OH,AGL,CE,Combined TRACON& Tower with Radar,200,96,21,0,317,0,0,0,0,0,200,96,21,0,317,0,0,0,317
01/09/2016,CLE,OH,AGL,CE,Combined TRACON& Tower with Radar,157,43,7,0,207,0,0,0,0,0,157,43,7,0,207,0,0,0,207
01/10/2016,CLE,OH,AGL,CE,Combined TRACON& Tower with Radar,192,82,9,0,283,0,0,0,0,0,192,82,9,0,283,0,0,0,283
01/11/2016,CLE,OH,AGL,CE,Combined TRACON& Tower with Radar,196,97,22,1,316,0,0,0,0,0,196,97,22,1,316,0,0,0,316
01/12/2016,CLE,OH,AGL,CE,Combined TRACON& Tower with Radar,203,105,18,0,326,0,0,0,0,0,203,105,18,0,326,0,0,0,326
01/13/2016,CLE,OH,AGL,CE,Combined TRACON& Tower with Radar,197,96,30,0,323,1,0,0,0,1,198,96,30,0,324,0,0,0,324
01/14/2016,CLE,OH,AGL,CE,Combined TRACON& Tower with Radar,213,101,12,1,327,0,1,0,1,2,213,102,12,2,329,0,0,0,329
01/15/2016,CLE,OH,AGL,CE,Combined TRACON& Tower with Radar,205,90,28,1,324,0,0,2,1,3,205,90,30,2,327,0,0,0,327
01/16/2016,CLE,OH,AGL,CE,Combined TRACON& Tower with Radar,160,53,8,0,221,0,0,0,0,0,160,53,8,0,221,0,0,0,221
01/17/2016,CLE,OH,AGL,CE,Combined TRACON& Tower with Radar,168,66,5,1,240,0,1,0,0,1,168,67,5,1,241,0,0,0,241
01/18/2016,CLE,OH,AGL,CE,Combined TRACON& Tower with Radar,205,93,33,0,331,0,0,0,0,0,205,93,33,0,331,0,0,0,331
01/19/2016,CLE,OH,AGL,CE,Combined TRACON& Tower with Radar,199,87,33,0,319,0,0,1,0,1,199,87,34,0,320,0,0,0,320
01/20/2016,CLE,OH,AGL,CE,Combined TRACON& Tower with Radar,199,82,31,0,312,0,0,0,0,0,199,82,31,0,312,0,0,0,312
01/21/2016,CLE,OH,AGL,CE,Combined TRACON& Tower with Radar,211,89,35,2,337,0,0,2,0,2,211,89,37,2,339,0,0,0,339
01/22/2016,CLE,OH,AGL,CE,Combined TRACON& Tower with Radar,180,86,19,2,287,0,0,0,0,0,180,86,19,2,287,0,0,0,287
01/23/2016,CLE,OH,AGL,CE,Combined TRACON& Tower with Radar,124,39,16,0,179,0,0,0,0,0,124,39,16,0,179,0,0,0,179
01/24/2016,CLE,OH,AGL,CE,Combined TRACON& Tower with Radar,151,50,19,0,220,0,0,0,0,0,151,50,19,0,220,0,0,0,220
01/25/2016,CLE,OH,AGL,CE,Combined TRACON& Tower with Radar,188,87,27,0,302,0,0,3,0,3,188,87,30,0,305,0,0,0,305
01/26/2016,CLE,OH,AGL,CE,Combined TRACON& Tower with Radar,186,103,34,1,324,0,0,2,0,2,186,103,36,1,326,0,0,0,326
01/27/2016,CLE,OH,AGL,CE,Combined TRACON& Tower with Radar,203,92,41,0,336,0,0,0,0,0,203,92,41,0,336,0,0,0,336
01/28/2016,CLE,OH,AGL,CE,Combined TRACON& Tower with Radar,215,102,33,2,352,0,0,0,0,0,215,102,33,2,352,0,0,0,352
01/29/2016,CLE,OH,AGL,CE,Combined TRACON& Tower with Radar,208,111,21,0,340,0,0,0,0,0,208,111,21,0,340,0,0,0,340
01/30/2016,CLE,OH,AGL,CE,Combined TRACON& Tower with Radar,159,48,16,0,223,0,1,0,0,1,159,49,16,0,224,0,0,0,224
01/31/2016,CLE,OH,AGL,CE,Combined TRACON& Tower with Radar,185,67,12,0,264,0,1,0,0,1,185,68,12,0,265,0,0,0,265
02/01/2016,CLE,OH,AGL,CE,Combined TRACON& Tower with Radar,200,89,20,2,311,0,1,0,1,2,200,90,20,3,313,0,0,0,313
02/02/2016,CLE,OH,AGL,CE,Combined TRACON& Tower with Radar,189,93,24,1,307,0,0,2,1,3,189,93,26,2,310,0,0,0,310
02/03/2016,CLE,OH,AGL,CE,Combined TRACON& Tower with Radar,203,81,17,1,302,0,1,1,1,3,203,82,18,2,305,0,0,0,305
02/04/2016,CLE,OH,AGL,CE,Combined TRACON& Tower with Radar,209,97,28,0,334,0,0,0,0,0,209,97,28,0,334,0,0,0,334
02/05/2016,CLE,OH,AGL,CE,Combined TRACON& Tower with Radar,205,78,27,1,311,0,1,3,1,5,205,79,30,2,316,0,0,0,316
02/06/2016,CLE,OH,AGL,CE,Combined TRACON& Tower with Radar,147,42,11,0,200,0,0,0,0,0,147,42,11,0,200,0,0,0,200
02/07/2016,CLE,OH,AGL,CE,Combined TRACON& Tower with Radar,162,58,11,0,231,0,0,0,0,0,162,58,11,0,231,0,0,0,231
02/08/2016,CLE,OH,AGL,CE,Combined TRACON& Tower with Radar,193,90,28,0,311,0,0,0,0,0,193,90,28,0,311,0,0,0,311
02/09/2016,CLE,OH,AGL,CE,Combined TRACON& Tower with Radar,191,93,22,0,306,0,0,0,0,0,191,93,22,0,306,0,0,0,306
02/10/2016,CLE,OH,AGL,CE,Combined TRACON& Tower with Radar,191,99,28,0,318,0,0,0,0,0,191,99,28,0,318,0,0,0,318
02/11/2016,CLE,OH,AGL,CE,Combined TRACON& Tower with Radar,228,107,51,0,386,0,1,0,0,1,228,108,51,0,387,0,0,0,387
02/12/2016,CLE,OH,AGL,CE,Combined TRACON& Tower with Radar,194,102,14,0,310,0,0,1,0,1,194,102,15,0,311,0,0,0,311
02/13/2016,CLE,OH,AGL,CE,Combined TRACON& Tower with Radar,154,72,9,0,235,0,0,0,0,0,154,72,9,0,235,0,0,0,235
02/14/2016,CLE,OH,AGL,CE,Combined TRACON& Tower with Radar,153,57,10,0,220,0,0,0,0,0,153,57,10,0,220,0,0,0,220
02/15/2016,CLE,OH,AGL,CE,Combined TRACON& Tower with Radar,188,78,22,0,288,0,0,0,0,0,188,78,22,0,288,0,0,0,288
02/16/2016,CLE,OH,AGL,CE,Combined TRACON& Tower with Radar,190,108,22,0,320,0,0,0,0,0,190,108,22,0,320,0,0,0,320
02/17/2016,CLE,OH,AGL,CE,Combined TRACON& Tower with Radar,207,122,22,3,354,0,0,0,0,0,207,122,22,3,354,0,0,0,354
02/18/2016,CLE,OH,AGL,CE,Combined TRACON& Tower with Radar,203,112,24,0,339,0,1,2,0,3,203,113,26,0,342,0,0,0,342
02/19/2016,CLE,OH,AGL,CE,Combined TRACON& Tower with Radar,203,105,19,2,329,0,5,0,0,5,203,110,19,2,334,0,0,0,334
02/20/2016,CLE,OH,AGL,CE,Combined TRACON& Tower with Radar,150,74,8,1,233,0,1,3,0,4,150,75,11,1,237,0,0,0,237
02/21/2016,CLE,OH,AGL,CE,Combined TRACON& Tower with Radar,172,91,17,0,280,0,0,0,0,0,172,91,17,0,280,0,0,0,280
02/22/2016,CLE,OH,AGL,CE,Combined TRACON& Tower with Radar,196,111,22,0,329,0,0,2,0,2,196,111,24,0,331,0,0,0,331
02/23/2016,CLE,OH,AGL,CE,Combined TRACON& Tower with Radar,193,98,15,2,308,0,0,4,0,4,193,98,19,2,312,0,0,0,312
02/24/2016,CLE,OH,AGL,CE,Combined TRACON& Tower with Radar,193,77,34,0,304,0,0,0,0,0,193,77,34,0,304,0,0,0,304
02/25/2016,CLE,OH,AGL,CE,Combined TRACON& Tower with Radar,206,95,22,0,323,0,0,0,0,0,206,95,22,0,323,0,0,0,323
02/26/2016,CLE,OH,AGL,CE,Combined TRACON& Tower with Radar,208,111,23,0,342,0,1,0,0,1,208,112,23,0,343,0,0,0,343
02/27/2016,CLE,OH,AGL,CE,Combined TRACON& Tower with Radar,149,78,15,0,242,0,1,2,0,3,149,79,17,0,245,0,0,0,245
02/28/2016,CLE,OH,AGL,CE,Combined TRACON& Tower with Radar,173,88,5,0,266,0,1,0,0,1,173,89,5,0,267,0,0,0,267
02/29/2016,CLE,OH,AGL,CE,Combined TRACON& Tower with Radar,200,107,28,0,335,0,1,1,0,2,200,108,29,0,337,0,0,0,337
03/01/2016,CLE,OH,AGL,CE,Combined TRACON& Tower with Radar,214,81,26,0,321,0,0,0,2,2,214,81,26,2,323,0,0,0,323
03/02/2016,CLE,OH,AGL,CE,Combined TRACON& Tower with Radar,203,94,21,0,318,0,0,1,0,1,203,94,22,0,319,0,0,0,319
03/03/2016,CLE,OH,AGL,CE,Combined TRACON& Tower with Radar,205,94,18,0,317,0,0,1,0,1,205,94,19,0,318,0,0,0,318
03/04/2016,CLE,OH,AGL,CE,Combined TRACON& Tower with Radar,204,98,22,0,324,0,0,0,0,0,204,98,22,0,324,0,0,0,324
03/05/2016,CLE,OH,AGL,CE,Combined TRACON& Tower with Radar,155,75,14,0,244,0,0,0,0,0,155,75,14,0,244,0,0,0,244
03/06/2016,CLE,OH,AGL,CE,Combined TRACON& Tower with Radar,182,91,23,0,296,0,0,0,0,0,182,91,23,0,296,0,0,0,296
03/07/2016,CLE,OH,AGL,CE,Combined TRACON& Tower with Radar,199,100,27,5,331,0,2,4,0,6,199,102,31,5,337,0,0,0,337
03/08/2016,CLE,OH,AGL,CE,Combined TRACON& Tower with Radar,196,99,26,1,322,0,0,5,1,6,196,99,31,2,328,0,0,0,328
03/09/2016,CLE,OH,AGL,CE,Combined TRACON& Tower with Radar,194,90,33,1,318,0,1,0,4,5,194,91,33,5,323,0,0,0,323
03/10/2016,CLE,OH,AGL,CE,Combined TRACON& Tower with Radar,205,110,31,0,346,0,0,0,0,0,205,110,31,0,346,0,0,0,346
03/11/2016,CLE,OH,AGL,CE,Combined TRACON& Tower with Radar,200,104,28,0,332,0,0,0,0,0,200,104,28,0,332,0,0,0,332
03/12/2016,CLE,OH,AGL,CE,Combined TRACON& Tower with Radar,165,73,12,0,250,0,0,5,2,7,165,73,17,2,257,0,0,0,257
03/13/2016,CLE,OH,AGL,CE,Combined TRACON& Tower with Radar,187,81,21,0,289,0,0,0,0,0,187,81,21,0,289,0,0,0,289
03/14/2016,CLE,OH,AGL,CE,Combined TRACON& Tower with Radar,203,112,23,0,338,0,0,0,0,0,203,112,23,0,338,0,0,0,338
03/15/2016,CLE,OH,AGL,CE,Combined TRACON& Tower with Radar,195,111,58,0,364,0,0,1,0,1,195,111,59,0,365,0,0,0,365
03/16/2016,CLE,OH,AGL,CE,Combined TRACON& Tower with Radar,207,109,27,1,344,0,5,5,1,11,207,114,32,2,355,0,0,0,355
03/17/2016,CLE,OH,AGL,CE,Combined TRACON& Tower with Radar,211,111,22,0,344,0,0,1,0,1,211,111,23,0,345,0,0,0,345
03/18/2016,CLE,OH,AGL,CE,Combined TRACON& Tower with Radar,212,100,26,1,339,0,0,5,0,5,212,100,31,1,344,0,0,0,344
03/19/2016,CLE,OH,AGL,CE,Combined TRACON& Tower with Radar,162,81,21,0,264,0,1,2,0,3,162,82,23,0,267,0,0,0,267
03/20/2016,CLE,OH,AGL,CE,Combined TRACON& Tower with Radar,187,89,22,0,298,0,2,0,0,2,187,91,22,0,300,0,0,0,300
03/21/2016,CLE,OH,AGL,CE,Combined TRACON& Tower with Radar,205,99,21,1,326,0,2,7,0,9,205,101,28,1,335,0,0,0,335
03/22/2016,CLE,OH,AGL,CE,Combined TRACON& Tower with Radar,207,97,21,3,328,0,1,6,0,7,207,98,27,3,335,0,0,0,335
03/23/2016,CLE,OH,AGL,CE,Combined TRACON& Tower with Radar,206,105,40,0,351,0,0,0,0,0,206,105,40,0,351,0,0,0,351
03/24/2016,CLE,OH,AGL,CE,Combined TRACON& Tower with Radar,200,104,23,0,327,0,0,0,0,0,200,104,23,0,327,0,0,0,327
03/25/2016,CLE,OH,AGL,CE,Combined TRACON& Tower with Radar,209,100,10,0,319,0,1,1,0,2,209,101,11,0,321,0,0,0,321
03/26/2016,CLE,OH,AGL,CE,Combined TRACON& Tower with Radar,163,57,6,3,229,0,2,3,0,5,163,59,9,3,234,0,0,0,234
03/27/2016,CLE,OH,AGL,CE,Combined TRACON& Tower with Radar,197,79,11,1,288,0,0,2,0,2,197,79,13,1,290,0,0,0,290
03/28/2016,CLE,OH,AGL,CE,Combined TRACON& Tower with Radar,200,104,23,2,329,0,1,0,0,1,200,105,23,2,330,0,0,0,330
03/29/2016,CLE,OH,AGL,CE,Combined TRACON& Tower with Radar,208,94,14,3,319,0,1,0,0,1,208,95,14,3,320,0,0,0,320
03/30/2016,CLE,OH,AGL,CE,Combined TRACON& Tower with Radar,210,91,35,0,336,0,1,0,0,1,210,92,35,0,337,0,0,0,337
03/31/2016,CLE,OH,AGL,CE,Combined TRACON& Tower with Radar,213,108,19,1,341,0,0,0,0,0,213,108,19,1,341,0,0,0,341
04/01/2016,CLE,OH,AGL,CE,Combined TRACON& Tower with Radar,211,106,20,0,337,0,0,0,0,0,211,106,20,0,337,0,0,0,337
04/02/2016,CLE,OH,AGL,CE,Combined TRACON& Tower with Radar,165,69,9,0,243,0,0,1,0,1,165,69,10,0,244,0,0,0,244
04/03/2016,CLE,OH,AGL,CE,Combined TRACON& Tower with Radar,182,79,22,0,283,0,0,1,0,1,182,79,23,0,284,0,0,0,284
04/04/2016,CLE,OH,AGL,CE,Combined TRACON& Tower with Radar,204,99,14,0,317,0,0,0,0,0,204,99,14,0,317,0,0,0,317
04/05/2016,CLE,OH,AGL,CE,Combined TRACON& Tower with Radar,212,97,32,0,341,0,1,6,0,7,212,98,38,0,348,0,0,0,348
04/06/2016,CLE,OH,AGL,CE,Combined TRACON& Tower with Radar,209,106,37,0,352,0,0,0,0,0,209,106,37,0,352,0,0,0,352
04/07/2016,CLE,OH,AGL,CE,Combined TRACON& Tower with Radar,213,96,24,0,333,0,2,0,0,2,213,98,24,0,335,0,0,0,335
04/08/2016,CLE,OH,AGL,CE,Combined TRACON& Tower with Radar,213,112,27,0,352,0,0,1,0,1,213,112,28,0,353,0,0,0,353
04/09/2016,CLE,OH,AGL,CE,Combined TRACON& Tower with Radar,172,64,8,0,244,0,0,0,0,0,172,64,8,0,244,0,0,0,244
04/10/2016,CLE,OH,AGL,CE,Combined TRACON& Tower with Radar,190,87,24,0,301,0,1,0,0,1,190,88,24,0,302,0,0,0,302
04/11/2016,CLE,OH,AGL,CE,Combined TRACON& Tower with Radar,203,105,28,0,336,0,0,0,0,0,203,105,28,0,336,0,0,0,336
04/12/2016,CLE,OH,AGL,CE,Combined TRACON& Tower with Radar,210,107,25,1,343,0,5,4,0,9,210,112,29,1,352,0,0,0,352
04/13/2016,CLE,OH,AGL,CE,Combined TRACON& Tower with Radar,208,108,33,1,350,0,2,6,0,8,208,110,39,1,358,0,0,0,358
04/14/2016,CLE,OH,AGL,CE,Combined TRACON& Tower with Radar,220,109,35,2,366,0,0,10,0,10,220,109,45,2,376,0,0,0,376
04/15/2016,CLE,OH,AGL,CE,Combined TRACON& Tower with Radar,218,110,31,0,359,0,0,3,0,3,218,110,34,0,362,0,0,0,362
04/16/2016,CLE,OH,AGL,CE,Combined TRACON& Tower with Radar,162,61,10,0,233,0,1,1,0,2,162,62,11,0,235,0,0,0,235
04/17/2016,CLE,OH,AGL,CE,Combined TRACON& Tower with Radar,194,102,25,0,321,0,0,6,0,6,194,102,31,0,327,0,0,0,327
04/18/2016,CLE,OH,AGL,CE,Combined TRACON& Tower with Radar,210,104,33,0,347,0,0,1,0,1,210,104,34,0,348,0,0,0,348
04/19/2016,CLE,OH,AGL,CE,Combined TRACON& Tower with Radar,222,113,29,0,364,0,0,8,0,8,222,113,37,0,372,0,0,0,372
04/20/2016,CLE,OH,AGL,CE,Combined TRACON& Tower with Radar,215,104,31,0,350,0,1,4,0,5,215,105,35,0,355,0,0,0,355
04/21/2016,CLE,OH,AGL,CE,Combined TRACON& Tower with Radar,225,99,33,0,357,0,0,0,0,0,225,99,33,0,357,0,0,0,357
04/22/2016,CLE,OH,AGL,CE,Combined TRACON& Tower with Radar,219,112,37,0,368,0,0,0,0,0,219,112,37,0,368,0,0,0,368
04/23/2016,CLE,OH,AGL,CE,Combined TRACON& Tower with Radar,167,64,9,0,240,0,0,0,0,0,167,64,9,0,240,0,0,0,240
04/24/2016,CLE,OH,AGL,CE,Combined TRACON& Tower with Radar,201,75,23,0,299,0,1,2,0,3,201,76,25,0,302,0,0,0,302
04/25/2016,CLE,OH,AGL,CE,Combined TRACON& Tower with Radar,209,105,25,0,339,0,0,1,0,1,209,105,26,0,340,0,0,0,340
04/26/2016,CLE,OH,AGL,CE,Combined TRACON& Tower with Radar,213,109,34,0,356,0,0,1,0,1,213,109,35,0,357,0,0,0,357
04/27/2016,CLE,OH,AGL,CE,Combined TRACON& Tower with Radar,209,114,27,1,351,0,1,2,1,4,209,115,29,2,355,0,0,0,355
04/28/2016,CLE,OH,AGL,CE,Combined TRACON& Tower with Radar,221,116,39,2,378,0,0,0,0,0,221,116,39,2,378,0,0,0,378
04/29/2016,CLE,OH,AGL,CE,Combined TRACON& Tower with Radar,216,131,36,1,384,0,0,0,0,0,216,131,36,1,384,0,0,0,384
04/30/2016,CLE,OH,AGL,CE,Combined TRACON& Tower with Radar,162,63,14,0,239,0,1,0,0,1,162,64,14,0,240,0,0,0,240
05/01/2016,CLE,OH,AGL,CE,Combined TRACON& Tower with Radar,195,102,31,3,331,0,0,0,0,0,195,102,31,3,331,0,0,0,331
05/02/2016,CLE,OH,AGL,CE,Combined TRACON& Tower with Radar,212,107,33,0,352,0,0,0,0,0,212,107,33,0,352,0,0,0,352
05/03/2016,CLE,OH,AGL,CE,Combined TRACON& Tower with Radar,221,107,41,0,369,0,1,2,0,3,221,108,43,0,372,0,0,0,372
05/04/2016,CLE,OH,AGL,CE,Combined TRACON& Tower with Radar,212,109,24,0,345,0,0,0,2,2,212,109,24,2,347,0,0,0,347
05/05/2016,CLE,OH,AGL,CE,Combined TRACON& Tower with Radar,232,104,39,2,377,0,0,0,0,0,232,104,39,2,377,0,0,0,377
05/06/2016,CLE,OH,AGL,CE,Combined TRACON& Tower with Radar,228,96,43,0,367,0,1,4,0,5,228,97,47,0,372,0,0,0,372
05/07/2016,CLE,OH,AGL,CE,Combined TRACON& Tower with Radar,166,63,12,0,241,0,3,0,0,3,166,66,12,0,244,0,0,0,244
05/08/2016,CLE,OH,AGL,CE,Combined TRACON& Tower with Radar,201,84,25,0,310,0,0,2,0,2,201,84,27,0,312,0,0,0,312
05/09/2016,CLE,OH,AGL,CE,Combined TRACON& Tower with Radar,224,92,28,2,346,0,1,4,0,5,224,93,32,2,351,0,0,0,351
05/10/2016,CLE,OH,AGL,CE,Combined TRACON& Tower with Radar,226,107,33,0,366,0,0,2,0,2,226,107,35,0,368,0,0,0,368
05/11/2016,CLE,OH,AGL,CE,Combined TRACON& Tower with Radar,230,101,35,0,366,0,1,0,0,1,230,102,35,0,367,0,0,0,367
05/12/2016,CLE,OH,AGL,CE,Combined TRACON& Tower with Radar,224,107,33,0,364,0,0,3,0,3,224,107,36,0,367,0,0,0,367
05/13/2016,CLE,OH,AGL,CE,Combined TRACON& Tower with Radar,225,104,30,1,360,0,2,0,0,2,225,106,30,1,362,0,0,0,362
05/14/2016,CLE,OH,AGL,CE,Combined TRACON& Tower with Radar,173,63,9,0,245,0,0,1,0,1,173,63,10,0,246,0,0,0,246
05/15/2016,CLE,OH,AGL,CE,Combined TRACON& Tower with Radar,205,93,27,0,325,0,0,3,0,3,205,93,30,0,328,0,0,0,328
05/16/2016,CLE,OH,AGL,CE,Combined TRACON& Tower with Radar,223,97,29,2,351,0,0,0,0,0,223,97,29,2,351,0,0,0,351
05/17/2016,CLE,OH,AGL,CE,Combined TRACON& Tower with Radar,229,111,45,0,385,0,1,0,0,1,229,112,45,0,386,0,0,0,386
05/18/2016,CLE,OH,AGL,CE,Combined TRACON& Tower with Radar,221,101,42,0,364,0,3,14,0,17,221,104,56,0,381,0,0,0,381
05/19/2016,CLE,OH,AGL,CE,Combined TRACON& Tower with Radar,230,104,28,0,362,0,2,6,0,8,230,106,34,0,370,0,0,0,370
05/20/2016,CLE,OH,AGL,CE,Combined TRACON& Tower with Radar,234,103,26,2,365,0,0,5,0,5,234,103,31,2,370,0,0,0,370
05/21/2016,CLE,OH,AGL,CE,Combined TRACON& Tower with Radar,170,62,25,0,257,0,0,3,0,3,170,62,28,0,260,0,0,0,260
05/22/2016,CLE,OH,AGL,CE,Combined TRACON& Tower with Radar,202,88,15,0,305,0,1,3,0,4,202,89,18,0,309,0,0,0,309
05/23/2016,CLE,OH,AGL,CE,Combined TRACON& Tower with Radar,223,95,37,2,357,0,0,0,0,0,223,95,37,2,357,0,0,0,357
05/24/2016,CLE,OH,AGL,CE,Combined TRACON& Tower with Radar,231,115,28,0,374,0,1,8,0,9,231,116,36,0,383,0,0,0,383
05/25/2016,CLE,OH,AGL,CE,Combined TRACON& Tower with Radar,229,100,32,0,361,0,2,7,0,9,229,102,39,0,370,0,0,0,370
05/26/2016,CLE,OH,AGL,CE,Combined TRACON& Tower with Radar,225,101,26,0,352,0,1,1,0,2,225,102,27,0,354,0,0,0,354
05/27/2016,CLE,OH,AGL,CE,Combined TRACON& Tower with Radar,227,100,21,0,348,0,0,3,0,3,227,100,24,0,351,0,0,0,351
05/28/2016,CLE,OH,AGL,CE,Combined TRACON& Tower with Radar,167,61,12,0,240,0,2,4,0,6,167,63,16,0,246,0,0,0,246
05/29/2016,CLE,OH,AGL,CE,Combined TRACON& Tower with Radar,168,56,16,0,240,0,1,0,0,1,168,57,16,0,241,0,0,0,241
05/30/2016,CLE,OH,AGL,CE,Combined TRACON& Tower with Radar,210,89,16,0,315,0,1,3,0,4,210,90,19,0,319,0,0,0,319
05/31/2016,CLE,OH,AGL,CE,Combined TRACON& Tower with Radar,215,90,31,0,336,0,2,0,0,2,215,92,31,0,338,0,0,0,338
06/01/2016,CLE,OH,AGL,CE,Combined TRACON& Tower with Radar,230,100,32,2,364,0,1,9,0,10,230,101,41,2,374,0,0,0,374
06/02/2016,CLE,OH,AGL,CE,Combined TRACON& Tower with Radar,227,102,31,0,360,0,1,6,0,7,227,103,37,0,367,0,0,0,367
06/03/2016,CLE,OH,AGL,CE,Combined TRACON& Tower with Radar,220,104,23,0,347,0,2,2,0,4,220,106,25,0,351,0,0,0,351
06/04/2016,CLE,OH,AGL,CE,Combined TRACON& Tower with Radar,171,61,18,0,250,0,3,4,0,7,171,64,22,0,257,0,0,0,257
06/05/2016,CLE,OH,AGL,CE,Combined TRACON& Tower with Radar,218,84,28,1,331,0,1,0,0,1,218,85,28,1,332,0,0,0,332
06/06/2016,CLE,OH,AGL,CE,Combined TRACON& Tower with Radar,241,96,25,2,364,0,0,2,1,3,241,96,27,3,367,0,0,0,367
06/07/2016,CLE,OH,AGL,CE,Combined TRACON& Tower with Radar,246,97,30,2,375,0,2,4,0,6,246,99,34,2,381,0,0,0,381
06/08/2016,CLE,OH,AGL,CE,Combined TRACON& Tower with Radar,239,116,36,0,391,0,4,2,0,6,239,120,38,0,397,0,0,0,397
06/09/2016,CLE,OH,AGL,CE,Combined TRACON& Tower with Radar,239,99,33,2,373,0,2,3,0,5,239,101,36,2,378,0,0,0,378
06/10/2016,CLE,OH,AGL,CE,Combined TRACON& Tower with Radar,242,105,37,3,387,0,2,1,0,3,242,107,38,3,390,0,0,0,390
06/11/2016,CLE,OH,AGL,CE,Combined TRACON& Tower with Radar,193,71,24,0,288,0,1,0,0,1,193,72,24,0,289,0,0,0,289
06/12/2016,CLE,OH,AGL,CE,Combined TRACON& Tower with Radar,212,88,15,0,315,0,2,4,0,6,212,90,19,0,321,0,0,0,321
06/13/2016,CLE,OH,AGL,CE,Combined TRACON& Tower with Radar,228,94,13,5,340,0,0,0,0,0,228,94,13,5,340,0,0,0,340
06/14/2016,CLE,OH,AGL,CE,Combined TRACON& Tower with Radar,238,102,34,1,375,0,4,3,0,7,238,106,37,1,382,0,0,0,382
06/15/2016,CLE,OH,AGL,CE,Combined TRACON& Tower with Radar,242,103,22,2,369,0,1,0,0,1,242,104,22,2,370,0,0,0,370
06/16/2016,CLE,OH,AGL,CE,Combined TRACON& Tower with Radar,237,101,46,1,385,0,0,1,0,1,237,101,47,1,386,0,0,0,386
06/17/2016,CLE,OH,AGL,CE,Combined TRACON& Tower with Radar,237,115,30,0,382,0,0,6,0,6,237,115,36,0,388,0,0,0,388
06/18/2016,CLE,OH,AGL,CE,Combined TRACON& Tower with Radar,193,69,5,0,267,0,1,1,0,2,193,70,6,0,269,0,0,0,269
06/19/2016,CLE,OH,AGL,CE,Combined TRACON& Tower with Radar,217,79,15,0,311,0,0,1,1,2,217,79,16,1,313,0,0,0,313
06/20/2016,CLE,OH,AGL,CE,Combined TRACON& Tower with Radar,231,95,29,0,355,0,1,4,0,5,231,96,33,0,360,0,0,0,360
06/21/2016,CLE,OH,AGL,CE,Combined TRACON& Tower with Radar,235,94,27,3,359,0,2,5,1,8,235,96,32,4,367,0,0,0,367
06/22/2016,CLE,OH,AGL,CE,Combined TRACON& Tower with Radar,233,109,20,0,362,0,3,8,0,11,233,112,28,0,373,0,0,0,373
06/23/2016,CLE,OH,AGL,CE,Combined TRACON& Tower with Radar,240,89,26,0,355,0,0,0,0,0,240,89,26,0,355,0,0,0,355
06/24/2016,CLE,OH,AGL,CE,Combined TRACON& Tower with Radar,238,110,22,1,371,0,0,4,0,4,238,110,26,1,375,0,0,0,375
06/25/2016,CLE,OH,AGL,CE,Combined TRACON& Tower with Radar,189,69,15,0,273,0,5,0,0,5,189,74,15,0,278,0,0,0,278
06/26/2016,CLE,OH,AGL,CE,Combined TRACON& Tower with Radar,212,81,19,0,312,0,0,1,0,1,212,81,20,0,313,0,0,0,313
06/27/2016,CLE,OH,AGL,CE,Combined TRACON& Tower with Radar,227,107,32,1,367,0,0,4,2,6,227,107,36,3,373,0,0,0,373
06/28/2016,CLE,OH,AGL,CE,Combined TRACON& Tower with Radar,231,93,28,1,353,0,1,3,0,4,231,94,31,1,357,0,0,0,357
06/29/2016,CLE,OH,AGL,CE,Combined TRACON& Tower with Radar,235,104,15,2,356,0,0,4,0,4,235,104,19,2,360,0,0,0,360
06/30/2016,CLE,OH,AGL,CE,Combined TRACON& Tower with Radar,244,110,27,2,383,0,0,4,0,4,244,110,31,2,387,0,0,0,387
07/01/2016,CLE,OH,AGL,CE,Combined TRACON& Tower with Radar,221,76,18,0,315,0,0,1,0,1,221,76,19,0,316,0,0,0,316
07/02/2016,CLE,OH,AGL,CE,Combined TRACON& Tower with Radar,192,51,7,0,250,0,0,1,0,1,192,51,8,0,251,0,0,0,251
07/03/2016,CLE,OH,AGL,CE,Combined TRACON& Tower with Radar,182,51,6,0,239,0,1,3,0,4,182,52,9,0,243,0,0,0,243
07/04/2016,CLE,OH,AGL,CE,Combined TRACON& Tower with Radar,195,70,3,0,268,0,0,3,0,3,195,70,6,0,271,0,0,0,271
07/05/2016,CLE,OH,AGL,CE,Combined TRACON& Tower with Radar,223,93,29,0,345,0,2,0,0,2,223,95,29,0,347,0,0,0,347
07/06/2016,CLE,OH,AGL,CE,Combined TRACON& Tower with Radar,230,100,33,0,363,0,0,3,2,5,230,100,36,2,368,0,0,0,368
07/07/2016,CLE,OH,AGL,CE,Combined TRACON& Tower with Radar,241,100,34,0,375,0,2,2,0,4,241,102,36,0,379,0,0,0,379
07/08/2016,CLE,OH,AGL,CE,Combined TRACON& Tower with Radar,226,92,26,0,344,0,4,3,0,7,226,96,29,0,351,0,0,0,351
07/09/2016,CLE,OH,AGL,CE,Combined TRACON& Tower with Radar,197,63,7,0,267,0,0,0,1,1,197,63,7,1,268,0,0,0,268
07/10/2016,CLE,OH,AGL,CE,Combined TRACON& Tower with Radar,214,84,31,0,329,0,4,2,0,6,214,88,33,0,335,0,0,0,335
07/11/2016,CLE,OH,AGL,CE,Combined TRACON& Tower with Radar,224,105,30,2,361,0,1,2,0,3,224,106,32,2,364,0,0,0,364
07/12/2016,CLE,OH,AGL,CE,Combined TRACON& Tower with Radar,243,102,17,0,362,0,0,2,2,4,243,102,19,2,366,0,0,0,366
07/13/2016,CLE,OH,AGL,CE,Combined TRACON& Tower with Radar,224,90,33,0,347,0,0,8,0,8,224,90,41,0,355,0,0,0,355
07/14/2016,CLE,OH,AGL,CE,Combined TRACON& Tower with Radar,250,97,25,0,372,0,0,0,0,0,250,97,25,0,372,0,0,0,372
07/15/2016,CLE,OH,AGL,CE,Combined TRACON& Tower with Radar,245,106,20,2,373,0,3,3,2,8,245,109,23,4,381,0,0,0,381
07/16/2016,CLE,OH,AGL,CE,Combined TRACON& Tower with Radar,213,57,19,2,291,0,0,2,5,7,213,57,21,7,298,0,0,0,298
07/17/2016,CLE,OH,AGL,CE,Combined TRACON& Tower with Radar,224,77,24,0,325,0,0,2,0,2,224,77,26,0,327,0,0,0,327
07/18/2016,CLE,OH,AGL,CE,Combined TRACON& Tower with Radar,222,81,9,0,312,0,1,0,0,1,222,82,9,0,313,0,0,0,313
07/19/2016,CLE,OH,AGL,CE,Combined TRACON& Tower with Radar,239,95,26,0,360,0,0,1,0,1,239,95,27,0,361,0,0,0,361
07/20/2016,CLE,OH,AGL,CE,Combined TRACON& Tower with Radar,233,96,15,0,344,0,0,0,1,1,233,96,15,1,345,0,0,0,345
07/21/2016,CLE,OH,AGL,CE,Combined TRACON& Tower with Radar,231,87,13,0,331,0,3,0,0,3,231,90,13,0,334,0,0,0,334
07/22/2016,CLE,OH,AGL,CE,Combined TRACON& Tower with Radar,259,109,63,2,433,0,1,3,1,5,259,110,66,3,438,0,0,0,438
07/23/2016,CLE,OH,AGL,CE,Combined TRACON& Tower with Radar,193,67,17,0,277,0,0,2,0,2,193,67,19,0,279,0,0,0,279
07/24/2016,CLE,OH,AGL,CE,Combined TRACON& Tower with Radar,210,76,18,0,304,0,0,2,0,2,210,76,20,0,306,0,0,0,306
07/25/2016,CLE,OH,AGL,CE,Combined TRACON& Tower with Radar,222,87,30,0,339,0,1,1,1,3,222,88,31,1,342,0,0,0,342
07/26/2016,CLE,OH,AGL,CE,Combined TRACON& Tower with Radar,239,96,28,0,363,0,0,4,0,4,239,96,32,0,367,0,0,0,367
07/27/2016,CLE,OH,AGL,CE,Combined TRACON& Tower with Radar,231,105,34,2,372,0,1,0,2,3,231,106,34,4,375,0,0,0,375
07/28/2016,CLE,OH,AGL,CE,Combined TRACON& Tower with Radar,218,98,29,0,345,0,1,0,0,1,218,99,29,0,346,0,0,0,346
07/29/2016,CLE,OH,AGL,CE,Combined TRACON& Tower with Radar,238,100,31,0,369,0,4,3,0,7,238,104,34,0,376,0,0,0,376
07/30/2016,CLE,OH,AGL,CE,Combined TRACON& Tower with Radar,186,62,14,0,262,0,0,0,0,0,186,62,14,0,262,0,0,0,262
07/31/2016,CLE,OH,AGL,CE,Combined TRACON& Tower with Radar,208,88,21,0,317,0,0,3,0,3,208,88,24,0,320,0,0,0,320
08/01/2016,CLE,OH,AGL,CE,Combined TRACON& Tower with Radar,221,92,22,0,335,0,0,0,0,0,221,92,22,0,335,0,0,0,335
08/02/2016,CLE,OH,AGL,CE,Combined TRACON& Tower with Radar,234,115,18,0,367,0,0,0,0,0,234,115,18,0,367,0,0,0,367
08/03/2016,CLE,OH,AGL,CE,Combined TRACON& Tower with Radar,234,107,29,2,372,0,3,13,1,17,234,110,42,3,389,0,0,0,389
08/04/2016,CLE,OH,AGL,CE,Combined TRACON& Tower with Radar,241,95,29,0,365,0,0,0,0,0,241,95,29,0,365,0,0,0,365
08/05/2016,CLE,OH,AGL,CE,Combined TRACON& Tower with Radar,236,94,33,0,363,0,0,4,0,4,236,94,37,0,367,0,0,0,367
08/06/2016,CLE,OH,AGL,CE,Combined TRACON& Tower with Radar,204,56,11,0,271,0,0,1,0,1,204,56,12,0,272,0,0,0,272
08/07/2016,CLE,OH,AGL,CE,Combined TRACON& Tower with Radar,206,82,27,0,315,0,0,3,0,3,206,82,30,0,318,0,0,0,318
08/08/2016,CLE,OH,AGL,CE,Combined TRACON& Tower with Radar,216,92,33,0,341,0,0,2,0,2,216,92,35,0,343,0,0,0,343
08/09/2016,CLE,OH,AGL,CE,Combined TRACON& Tower with Radar,229,111,38,0,378,0,2,0,0,2,229,113,38,0,380,0,0,0,380
08/10/2016,CLE,OH,AGL,CE,Combined TRACON& Tower with Radar,228,95,33,0,356,0,0,3,0,3,228,95,36,0,359,0,0,0,359
08/11/2016,CLE,OH,AGL,CE,Combined TRACON& Tower with Radar,227,103,44,0,374,0,0,1,0,1,227,103,45,0,375,0,0,0,375
08/12/2016,CLE,OH,AGL,CE,Combined TRACON& Tower with Radar,224,99,35,0,358,0,0,0,0,0,224,99,35,0,358,0,0,0,358
08/13/2016,CLE,OH,AGL,CE,Combined TRACON& Tower with Radar,188,51,5,0,244,0,1,0,0,1,188,52,5,0,245,0,0,0,245
08/14/2016,CLE,OH,AGL,CE,Combined TRACON& Tower with Radar,204,79,10,0,293,0,0,2,0,2,204,79,12,0,295,0,0,0,295
08/15/2016,CLE,OH,AGL,CE,Combined TRACON& Tower with Radar,221,99,15,0,335,0,3,0,0,3,221,102,15,0,338,0,0,0,338
08/16/2016,CLE,OH,AGL,CE,Combined TRACON& Tower with Radar,233,91,40,0,364,0,0,0,0,0,233,91,40,0,364,0,0,0,364
08/17/2016,CLE,OH,AGL,CE,Combined TRACON& Tower with Radar,235,102,48,2,387,0,2,1,2,5,235,104,49,4,392,0,0,0,392
08/18/2016,CLE,OH,AGL,CE,Combined TRACON& Tower with Radar,243,96,27,2,368,0,0,0,0,0,243,96,27,2,368,0,0,0,368
08/19/2016,CLE,OH,AGL,CE,Combined TRACON& Tower with Radar,227,84,29,0,340,0,0,1,0,1,227,84,30,0,341,0,0,0,341
08/20/2016,CLE,OH,AGL,CE,Combined TRACON& Tower with Radar,172,67,5,0,244,0,1,0,0,1,172,68,5,0,245,0,0,0,245
08/21/2016,CLE,OH,AGL,CE,Combined TRACON& Tower with Radar,198,80,13,0,291,0,1,0,0,1,198,81,13,0,292,0,0,0,292
08/22/2016,CLE,OH,AGL,CE,Combined TRACON& Tower with Radar,227,99,23,0,349,0,0,2,0,2,227,99,25,0,351,0,0,0,351
08/23/2016,CLE,OH,AGL,CE,Combined TRACON& Tower with Radar,228,96,35,0,359,0,0,3,0,3,228,96,38,0,362,0,0,0,362
08/24/2016,CLE,OH,AGL,CE,Combined TRACON& Tower with Radar,224,95,30,1,350,0,2,1,1,4,224,97,31,2,354,0,0,0,354
08/25/2016,CLE,OH,AGL,CE,Combined TRACON& Tower with Radar,236,105,33,0,374,0,0,0,0,0,236,105,33,0,374,0,0,0,374
08/26/2016,CLE,OH,AGL,CE,Combined TRACON& Tower with Radar,233,100,22,0,355,0,1,6,0,7,233,101,28,0,362,0,0,0,362
08/27/2016,CLE,OH,AGL,CE,Combined TRACON& Tower with Radar,180,56,6,2,244,0,0,2,0,2,180,56,8,2,246,0,0,0,246
08/28/2016,CLE,OH,AGL,CE,Combined TRACON& Tower with Radar,214,73,16,0,303,0,1,5,0,6,214,74,21,0,309,0,0,0,309
08/29/2016,CLE,OH,AGL,CE,Combined TRACON& Tower with Radar,215,98,20,0,333,0,1,2,0,3,215,99,22,0,336,0,0,0,336
08/30/2016,CLE,OH,AGL,CE,Combined TRACON& Tower with Radar,233,110,34,4,381,0,0,6,0,6,233,110,40,4,387,0,0,0,387
08/31/2016,CLE,OH,AGL,CE,Combined TRACON& Tower with Radar,230,105,22,6,363,0,1,0,2,3,230,106,22,8,366,0,0,0,366
09/01/2016,CLE,OH,AGL,CE,Combined TRACON& Tower with Radar,233,99,41,1,374,0,3,0,1,4,233,102,41,2,378,0,0,0,378
09/02/2016,CLE,OH,AGL,CE,Combined TRACON& Tower with Radar,232,101,12,0,345,0,2,3,1,6,232,103,15,1,351,0,0,0,351
09/03/2016,CLE,OH,AGL,CE,Combined TRACON& Tower with Radar,165,50,7,0,222,0,0,6,0,6,165,50,13,0,228,0,0,0,228
09/04/2016,CLE,OH,AGL,CE,Combined TRACON& Tower with Radar,171,53,6,0,230,0,1,1,3,5,171,54,7,3,235,0,0,0,235
09/05/2016,CLE,OH,AGL,CE,Combined TRACON& Tower with Radar,197,80,23,0,300,0,0,3,4,7,197,80,26,4,307,0,0,0,307
09/06/2016,CLE,OH,AGL,CE,Combined TRACON& Tower with Radar,220,105,27,2,354,0,1,3,1,5,220,106,30,3,359,0,0,0,359
09/07/2016,CLE,OH,AGL,CE,Combined TRACON& Tower with Radar,223,103,39,0,365,0,0,4,2,6,223,103,43,2,371,0,0,0,371
09/08/2016,CLE,OH,AGL,CE,Combined TRACON& Tower with Radar,234,112,31,0,377,0,1,0,0,1,234,113,31,0,378,0,0,0,378
09/09/2016,CLE,OH,AGL,CE,Combined TRACON& Tower with Radar,223,105,22,0,350,0,0,4,1,5,223,105,26,1,355,0,0,0,355
09/10/2016,CLE,OH,AGL,CE,Combined TRACON& Tower with Radar,160,58,9,0,227,0,0,0,0,0,160,58,9,0,227,0,0,0,227
09/11/2016,CLE,OH,AGL,CE,Combined TRACON& Tower with Radar,206,84,22,0,312,0,0,1,0,1,206,84,23,0,313,0,0,0,313
09/12/2016,CLE,OH,AGL,CE,Combined TRACON& Tower with Radar,217,113,16,2,348,0,1,3,0,4,217,114,19,2,352,0,0,0,352
09/13/2016,CLE,OH,AGL,CE,Combined TRACON& Tower with Radar,220,115,17,1,353,0,0,0,1,1,220,115,17,2,354,0,0,0,354
09/14/2016,CLE,OH,AGL,CE,Combined TRACON& Tower with Radar,213,101,24,0,338,0,0,2,0,2,213,101,26,0,340,0,0,0,340
09/15/2016,CLE,OH,AGL,CE,Combined TRACON& Tower with Radar,232,96,33,0,361,0,0,7,0,7,232,96,40,0,368,0,0,0,368
09/16/2016,CLE,OH,AGL,CE,Combined TRACON& Tower with Radar,232,94,33,1,360,0,0,3,1,4,232,94,36,2,364,0,0,0,364
09/17/2016,CLE,OH,AGL,CE,Combined TRACON& Tower with Radar,171,58,12,0,241,0,1,0,0,1,171,59,12,0,242,0,0,0,242
09/18/2016,CLE,OH,AGL,CE,Combined TRACON& Tower with Radar,211,73,27,0,311,0,0,2,0,2,211,73,29,0,313,0,0,0,313
09/19/2016,CLE,OH,AGL,CE,Combined TRACON& Tower with Radar,226,100,38,2,366,0,1,1,1,3,226,101,39,3,369,0,0,0,369
09/20/2016,CLE,OH,AGL,CE,Combined TRACON& Tower with Radar,225,101,13,0,339,0,2,0,0,2,225,103,13,0,341,0,0,0,341
09/21/2016,CLE,OH,AGL,CE,Combined TRACON& Tower with Radar,214,99,41,0,354,0,1,7,0,8,214,100,48,0,362,0,0,0,362
09/22/2016,CLE,OH,AGL,CE,Combined TRACON& Tower with Radar,234,90,26,0,350,0,1,1,0,2,234,91,27,0,352,0,0,0,352
09/23/2016,CLE,OH,AGL,CE,Combined TRACON& Tower with Radar,229,96,22,0,347,0,1,1,0,2,229,97,23,0,349,0,0,0,349
09/24/2016,CLE,OH,AGL,CE,Combined TRACON& Tower with Radar,168,63,5,0,236,0,1,4,0,5,168,64,9,0,241,0,0,0,241
09/25/2016,CLE,OH,AGL,CE,Combined TRACON& Tower with Radar,214,78,23,0,315,0,0,1,0,1,214,78,24,0,316,0,0,0,316
09/26/2016,CLE,OH,AGL,CE,Combined TRACON& Tower with Radar,223,96,26,4,349,0,0,1,0,1,223,96,27,4,350,0,0,0,350
09/27/2016,CLE,OH,AGL,CE,Combined TRACON& Tower with Radar,224,95,29,0,348,0,0,2,0,2,224,95,31,0,350,0,0,0,350
09/28/2016,CLE,OH,AGL,CE,Combined TRACON& Tower with Radar,215,99,25,0,339,0,0,4,0,4,215,99,29,0,343,0,0,0,343
09/29/2016,CLE,OH,AGL,CE,Combined TRACON& Tower with Radar,234,101,52,0,387,0,0,0,0,0,234,101,52,0,387,0,0,0,387
09/30/2016,CLE,OH,AGL,CE,Combined TRACON& Tower with Radar,231,105,31,0,367,0,0,0,0,0,231,105,31,0,367,0,0,0,367
10/01/2016,CLE,OH,AGL,CE,Combined TRACON& Tower with Radar,173,58,13,0,244,0,1,0,0,1,173,59,13,0,245,0,0,0,245
10/02/2016,CLE,OH,AGL,CE,Combined TRACON& Tower with Radar,213,77,27,0,317,0,0,0,0,0,213,77,27,0,317,0,0,0,317
10/03/2016,CLE,OH,AGL,CE,Combined TRACON& Tower with Radar,227,90,31,0,348,0,0,1,0,1,227,90,32,0,349,0,0,0,349
10/04/2016,CLE,OH,AGL,CE,Combined TRACON& Tower with Radar,219,82,33,0,334,0,0,2,0,2,219,82,35,0,336,0,0,0,336
10/05/2016,CLE,OH,AGL,CE,Combined TRACON& Tower with Radar,228,93,30,0,351,0,4,4,1,9,228,97,34,1,360,0,0,0,360
10/06/2016,CLE,OH,AGL,CE,Combined TRACON& Tower with Radar,220,102,45,0,367,0,4,11,0,15,220,106,56,0,382,0,0,0,382
10/07/2016,CLE,OH,AGL,CE,Combined TRACON& Tower with Radar,222,93,35,0,350,0,1,0,0,1,222,94,35,0,351,0,0,0,351
10/08/2016,CLE,OH,AGL,CE,Combined TRACON& Tower with Radar,173,53,6,0,232,0,0,0,0,0,173,53,6,0,232,0,0,0,232
10/09/2016,CLE,OH,AGL,CE,Combined TRACON& Tower with Radar,214,70,20,0,304,0,2,0,0,2,214,72,20,0,306,0,0,0,306
10/10/2016,CLE,OH,AGL,CE,Combined TRACON& Tower with Radar,224,86,17,2,329,0,1,6,1,8,224,87,23,3,337,0,0,0,337
10/11/2016,CLE,OH,AGL,CE,Combined TRACON& Tower with Radar,226,97,23,1,347,0,2,6,1,9,226,99,29,2,356,0,0,0,356
10/12/2016,CLE,OH,AGL,CE,Combined TRACON& Tower with Radar,225,93,23,4,345,0,0,6,1,7,225,93,29,5,352,0,0,0,352
10/13/2016,CLE,OH,AGL,CE,Combined TRACON& Tower with Radar,228,93,29,2,352,0,1,2,0,3,228,94,31,2,355,0,0,0,355
10/14/2016,CLE,OH,AGL,CE,Combined TRACON& Tower with Radar,233,90,21,2,346,0,2,8,1,11,233,92,29,3,357,0,0,0,357
10/15/2016,CLE,OH,AGL,CE,Combined TRACON& Tower with Radar,177,48,15,2,242,0,0,2,0,2,177,48,17,2,244,0,0,0,244
10/16/2016,CLE,OH,AGL,CE,Combined TRACON& Tower with Radar,216,77,20,0,313,0,0,1,0,1,216,77,21,0,314,0,0,0,314
10/17/2016,CLE,OH,AGL,CE,Combined TRACON& Tower with Radar,228,89,23,0,340,0,2,3,0,5,228,91,26,0,345,0,0,0,345
10/18/2016,CLE,OH,AGL,CE,Combined TRACON& Tower with Radar,233,87,29,0,349,0,2,3,0,5,233,89,32,0,354,0,0,0,354
10/19/2016,CLE,OH,AGL,CE,Combined TRACON& Tower with Radar,224,95,30,0,349,0,1,2,0,3,224,96,32,0,352,0,0,0,352
10/20/2016,CLE,OH,AGL,CE,Combined TRACON& Tower with Radar,236,91,25,0,352,0,0,0,0,0,236,91,25,0,352,0,0,0,352
10/21/2016,CLE,OH,AGL,CE,Combined TRACON& Tower with Radar,229,84,14,0,327,0,0,0,0,0,229,84,14,0,327,0,0,0,327
10/22/2016,CLE,OH,AGL,CE,Combined TRACON& Tower with Radar,185,51,27,0,263,0,0,3,0,3,185,51,30,0,266,0,0,0,266
10/23/2016,CLE,OH,AGL,CE,Combined TRACON& Tower with Radar,224,70,17,1,312,0,2,5,0,7,224,72,22,1,319,0,0,0,319
10/24/2016,CLE,OH,AGL,CE,Combined TRACON& Tower with Radar,227,93,29,1,350,0,2,2,0,4,227,95,31,1,354,0,0,0,354
10/25/2016,CLE,OH,AGL,CE,Combined TRACON& Tower with Radar,228,96,52,0,376,0,0,5,3,8,228,96,57,3,384,0,0,0,384
10/26/2016,CLE,OH,AGL,CE,Combined TRACON& Tower with Radar,219,116,49,0,384,0,1,4,0,5,219,117,53,0,389,0,0,0,389
10/27/2016,CLE,OH,AGL,CE,Combined TRACON& Tower with Radar,242,95,39,0,376,0,0,0,0,0,242,95,39,0,376,0,0,0,376
10/28/2016,CLE,OH,AGL,CE,Combined TRACON& Tower with Radar,232,111,28,0,371,0,1,0,0,1,232,112,28,0,372,0,0,0,372
10/29/2016,CLE,OH,AGL,CE,Combined TRACON& Tower with Radar,180,51,17,1,249,0,0,2,0,2,180,51,19,1,251,0,0,0,251
10/30/2016,CLE,OH,AGL,CE,Combined TRACON& Tower with Radar,199,73,30,0,302,0,2,0,0,2,199,75,30,0,304,0,0,0,304
10/31/2016,CLE,OH,AGL,CE,Combined TRACON& Tower with Radar,207,89,31,1,328,1,0,5,0,6,208,89,36,1,334,0,0,0,334
11/01/2016,CLE,OH,AGL,CE,Combined TRACON& Tower with Radar,224,90,28,0,342,0,3,0,0,3,224,93,28,0,345,0,0,0,345
11/02/2016,CLE,OH,AGL,CE,Combined TRACON& Tower with Radar,206,143,118,0,467,0,2,3,0,5,206,145,121,0,472,0,0,0,472
11/03/2016,CLE,OH,AGL,CE,Combined TRACON& Tower with Radar,226,134,116,0,476,0,2,3,0,5,226,136,119,0,481,0,0,0,481
11/04/2016,CLE,OH,AGL,CE,Combined TRACON& Tower with Radar,225,95,31,0,351,0,1,1,0,2,225,96,32,0,353,0,0,0,353
11/05/2016,CLE,OH,AGL,CE,Combined TRACON& Tower with Radar,163,56,17,0,236,0,1,1,0,2,163,57,18,0,238,0,0,0,238
11/06/2016,CLE,OH,AGL,CE,Combined TRACON& Tower with Radar,192,78,20,0,290,0,2,0,0,2,192,80,20,0,292,0,0,0,292
11/07/2016,CLE,OH,AGL,CE,Combined TRACON& Tower with Radar,206,88,33,0,327,0,0,0,0,0,206,88,33,0,327,0,0,0,327
11/08/2016,CLE,OH,AGL,CE,Combined TRACON& Tower with Radar,198,79,24,0,301,0,0,1,0,1,198,79,25,0,302,0,0,0,302
11/09/2016,CLE,OH,AGL,CE,Combined TRACON& Tower with Radar,218,93,31,0,342,0,0,0,0,0,218,93,31,0,342,0,0,0,342
11/10/2016,CLE,OH,AGL,CE,Combined TRACON& Tower with Radar,215,93,28,0,336,0,1,1,0,2,215,94,29,0,338,0,0,0,338
11/11/2016,CLE,OH,AGL,CE,Combined TRACON& Tower with Radar,217,96,22,0,335,0,0,4,0,4,217,96,26,0,339,0,0,0,339
11/12/2016,CLE,OH,AGL,CE,Combined TRACON& Tower with Radar,169,60,11,0,240,0,0,3,0,3,169,60,14,0,243,0,0,0,243
11/13/2016,CLE,OH,AGL,CE,Combined TRACON& Tower with Radar,189,89,16,0,294,0,1,5,0,6,189,90,21,0,300,0,0,0,300
11/14/2016,CLE,OH,AGL,CE,Combined TRACON& Tower with Radar,216,95,20,0,331,0,1,1,0,2,216,96,21,0,333,0,0,0,333
11/15/2016,CLE,OH,AGL,CE,Combined TRACON& Tower with Radar,211,78,22,3,314,0,2,4,0,6,211,80,26,3,320,0,0,0,320
11/16/2016,CLE,OH,AGL,CE,Combined TRACON& Tower with Radar,214,88,34,0,336,0,1,0,0,1,214,89,34,0,337,0,0,0,337
11/17/2016,CLE,OH,AGL,CE,Combined TRACON& Tower with Radar,222,93,36,2,353,0,0,2,0,2,222,93,38,2,355,0,0,0,355
11/18/2016,CLE,OH,AGL,CE,Combined TRACON& Tower with Radar,222,94,27,0,343,0,1,6,1,8,222,95,33,1,351,0,0,0,351
11/19/2016,CLE,OH,AGL,CE,Combined TRACON& Tower with Radar,164,53,20,0,237,0,0,0,0,0,164,53,20,0,237,0,0,0,237
11/20/2016,CLE,OH,AGL,CE,Combined TRACON& Tower with Radar,180,74,27,0,281,0,2,0,0,2,180,76,27,0,283,0,0,0,283
11/21/2016,CLE,OH,AGL,CE,Combined TRACON& Tower with Radar,195,85,22,0,302,0,0,3,0,3,195,85,25,0,305,0,0,0,305
11/22/2016,CLE,OH,AGL,CE,Combined TRACON& Tower with Radar,218,99,29,0,346,0,0,1,0,1,218,99,30,0,347,0,0,0,347
11/23/2016,CLE,OH,AGL,CE,Combined TRACON& Tower with Radar,229,96,24,1,350,0,0,0,0,0,229,96,24,1,350,0,0,0,350
11/24/2016,CLE,OH,AGL,CE,Combined TRACON& Tower with Radar,138,46,0,1,185,0,0,0,0,0,138,46,0,1,185,0,0,0,185
11/25/2016,CLE,OH,AGL,CE,Combined TRACON& Tower with Radar,167,49,11,0,227,0,0,0,0,0,167,49,11,0,227,0,0,0,227
11/26/2016,CLE,OH,AGL,CE,Combined TRACON& Tower with Radar,205,78,18,0,301,0,2,0,0,2,205,80,18,0,303,0,0,0,303
11/27/2016,CLE,OH,AGL,CE,Combined TRACON& Tower with Radar,222,83,28,0,333,0,2,1,0,3,222,85,29,0,336,0,0,0,336
11/28/2016,CLE,OH,AGL,CE,Combined TRACON& Tower with Radar,220,89,18,0,327,0,0,0,0,0,220,89,18,0,327,0,0,0,327
11/29/2016,CLE,OH,AGL,CE,Combined TRACON& Tower with Radar,221,87,31,0,339,0,0,7,0,7,221,87,38,0,346,0,0,0,346
11/30/2016,CLE,OH,AGL,CE,Combined TRACON& Tower with Radar,217,96,11,0,324,0,0,0,0,0,217,96,11,0,324,0,0,0,324
12/01/2016,CLE,OH,AGL,CE,Combined TRACON& Tower with Radar,220,87,26,2,335,0,0,0,0,0,220,87,26,2,335,0,0,0,335
12/02/2016,CLE,OH,AGL,CE,Combined TRACON& Tower with Radar,219,90,27,0,336,0,0,0,0,0,219,90,27,0,336,0,0,0,336
12/03/2016,CLE,OH,AGL,CE,Combined TRACON& Tower with Radar,159,49,11,2,221,0,0,0,0,0,159,49,11,2,221,0,0,0,221
12/04/2016,CLE,OH,AGL,CE,Combined TRACON& Tower with Radar,179,69,14,0,262,0,0,2,0,2,179,69,16,0,264,0,0,0,264
12/05/2016,CLE,OH,AGL,CE,Combined TRACON& Tower with Radar,211,90,29,0,330,0,0,1,0,1,211,90,30,0,331,0,0,0,331
12/06/2016,CLE,OH,AGL,CE,Combined TRACON& Tower with Radar,213,94,17,0,324,0,0,0,0,0,213,94,17,0,324,0,0,0,324
12/07/2016,CLE,OH,AGL,CE,Combined TRACON& Tower with Radar,220,102,23,0,345,0,0,1,0,1,220,102,24,0,346,0,0,0,346
12/08/2016,CLE,OH,AGL,CE,Combined TRACON& Tower with Radar,219,110,27,0,356,0,0,0,0,0,219,110,27,0,356,0,0,0,356
12/09/2016,CLE,OH,AGL,CE,Combined TRACON& Tower with Radar,220,101,24,0,345,0,0,0,0,0,220,101,24,0,345,0,0,0,345
12/10/2016,CLE,OH,AGL,CE,Combined TRACON& Tower with Radar,157,57,10,0,224,0,0,0,0,0,157,57,10,0,224,0,0,0,224
12/11/2016,CLE,OH,AGL,CE,Combined TRACON& Tower with Radar,174,73,15,0,262,0,0,0,0,0,174,73,15,0,262,0,0,0,262
12/12/2016,CLE,OH,AGL,CE,Combined TRACON& Tower with Radar,207,104,32,0,343,0,0,0,0,0,207,104,32,0,343,0,0,0,343
12/13/2016,CLE,OH,AGL,CE,Combined TRACON& Tower with Radar,218,90,37,0,345,0,0,0,0,0,218,90,37,0,345,0,0,0,345
12/14/2016,CLE,OH,AGL,CE,Combined TRACON& Tower with Radar,215,95,42,0,352,0,0,0,0,0,215,95,42,0,352,0,0,0,352
12/15/2016,CLE,OH,AGL,CE,Combined TRACON& Tower with Radar,209,107,26,0,342,0,0,4,0,4,209,107,30,0,346,0,0,0,346
12/16/2016,CLE,OH,AGL,CE,Combined TRACON& Tower with Radar,198,97,26,0,321,0,0,3,0,3,198,97,29,0,324,0,0,0,324
12/17/2016,CLE,OH,AGL,CE,Combined TRACON& Tower with Radar,162,69,11,0,242,0,0,0,0,0,162,69,11,0,242,0,0,0,242
12/18/2016,CLE,OH,AGL,CE,Combined TRACON& Tower with Radar,169,85,15,0,269,0,0,2,0,2,169,85,17,0,271,0,0,0,271
12/19/2016,CLE,OH,AGL,CE,Combined TRACON& Tower with Radar,181,101,33,0,315,0,3,1,0,4,181,104,34,0,319,0,0,0,319
12/20/2016,CLE,OH,AGL,CE,Combined TRACON& Tower with Radar,199,101,28,0,328,0,0,0,0,0,199,101,28,0,328,0,0,0,328
12/21/2016,CLE,OH,AGL,CE,Combined TRACON& Tower with Radar,204,104,34,0,342,0,0,6,0,6,204,104,40,0,348,0,0,0,348
12/22/2016,CLE,OH,AGL,CE,Combined TRACON& Tower with Radar,206,104,22,0,332,0,0,0,0,0,206,104,22,0,332,0,0,0,332
12/23/2016,CLE,OH,AGL,CE,Combined TRACON& Tower with Radar,191,102,19,0,312,0,1,0,0,1,191,103,19,0,313,0,0,0,313
12/24/2016,CLE,OH,AGL,CE,Combined TRACON& Tower with Radar,162,48,2,0,212,0,2,0,0,2,162,50,2,0,214,0,0,0,214
12/25/2016,CLE,OH,AGL,CE,Combined TRACON& Tower with Radar,147,47,7,0,201,0,0,0,0,0,147,47,7,0,201,0,0,0,201
12/26/2016,CLE,OH,AGL,CE,Combined TRACON& Tower with Radar,174,79,23,0,276,0,0,0,0,0,174,79,23,0,276,0,0,0,276
12/27/2016,CLE,OH,AGL,CE,Combined TRACON& Tower with Radar,193,88,24,0,305,0,1,3,0,4,193,89,27,0,309,0,0,0,309
12/28/2016,CLE,OH,AGL,CE,Combined TRACON& Tower with Radar,194,84,9,0,287,0,0,0,0,0,194,84,9,0,287,0,0,0,287
12/29/2016,CLE,OH,AGL,CE,Combined TRACON& Tower with Radar,195,81,19,0,295,0,1,1,0,2,195,82,20,0,297,0,0,0,297
12/30/2016,CLE,OH,AGL,CE,Combined TRACON& Tower with Radar,191,85,10,0,286,0,2,0,1,3,191,87,10,1,289,0,0,0,289
12/31/2016,CLE,OH,AGL,CE,Combined TRACON& Tower with Radar,144,61,3,0,208,0,0,0,0,0,144,61,3,0,208,0,0,0,208
01/01/2017,CLE,OH,AGL,CE,Combined TRACON& Tower with Radar,152,70,2,0,224,0,1,2,0,3,152,71,4,0,227,0,0,0,227
01/02/2017,CLE,OH,AGL,CE,Combined TRACON& Tower with Radar,182,93,13,0,288,0,0,0,0,0,182,93,13,0,288,0,0,0,288
01/03/2017,CLE,OH,AGL,CE,Combined TRACON& Tower with Radar,193,111,23,0,327,0,0,0,0,0,193,111,23,0,327,0,0,0,327
01/04/2017,CLE,OH,AGL,CE,Combined TRACON& Tower with Radar,191,108,23,0,322,0,0,0,0,0,191,108,23,0,322,0,0,0,322
01/05/2017,CLE,OH,AGL,CE,Combined TRACON& Tower with Radar,182,100,28,0,310,0,0,0,0,0,182,100,28,0,310,0,0,0,310
01/06/2017,CLE,OH,AGL,CE,Combined TRACON& Tower with Radar,175,102,22,0,299,0,0,0,0,0,175,102,22,0,299,0,0,0,299
01/07/2017,CLE,OH,AGL,CE,Combined TRACON& Tower with Radar,139,51,11,2,203,0,0,0,0,0,139,51,11,2,203,0,0,0,203
01/08/2017,CLE,OH,AGL,CE,Combined TRACON& Tower with Radar,173,81,12,0,266,0,0,0,0,0,173,81,12,0,266,0,0,0,266
01/09/2017,CLE,OH,AGL,CE,Combined TRACON& Tower with Radar,208,92,18,0,318,0,2,0,0,2,208,94,18,0,320,0,0,0,320
01/10/2017,CLE,OH,AGL,CE,Combined TRACON& Tower with Radar,173,69,9,0,251,0,0,0,0,0,173,69,9,0,251,0,0,0,251
01/11/2017,CLE,OH,AGL,CE,Combined TRACON& Tower with Radar,214,104,11,0,329,0,0,0,0,0,214,104,11,0,329,0,0,0,329
01/12/2017,CLE,OH,AGL,CE,Combined TRACON& Tower with Radar,216,105,26,0,347,0,0,0,0,0,216,105,26,0,347,0,0,0,347
01/13/2017,CLE,OH,AGL,CE,Combined TRACON& Tower with Radar,209,93,10,0,312,0,5,4,0,9,209,98,14,0,321,0,0,0,321
01/14/2017,CLE,OH,AGL,CE,Combined TRACON& Tower with Radar,151,49,8,0,208,0,2,0,0,2,151,51,8,0,210,0,0,0,210
01/15/2017,CLE,OH,AGL,CE,Combined TRACON& Tower with Radar,158,64,22,0,244,0,0,1,0,1,158,64,23,0,245,0,0,0,245
01/16/2017,CLE,OH,AGL,CE,Combined TRACON& Tower with Radar,209,87,28,0,324,0,0,1,0,1,209,87,29,0,325,0,0,0,325
01/17/2017,CLE,OH,AGL,CE,Combined TRACON& Tower with Radar,215,76,20,0,311,0,0,0,0,0,215,76,20,0,311,0,0,0,311
01/18/2017,CLE,OH,AGL,CE,Combined TRACON& Tower with Radar,208,90,32,0,330,0,0,0,0,0,208,90,32,0,330,0,0,0,330
01/19/2017,CLE,OH,AGL,CE,Combined TRACON& Tower with Radar,218,94,26,0,338,0,0,0,0,0,218,94,26,0,338,0,0,0,338
01/20/2017,CLE,OH,AGL,CE,Combined TRACON& Tower with Radar,215,95,25,0,335,0,0,0,0,0,215,95,25,0,335,0,0,0,335
01/21/2017,CLE,OH,AGL,CE,Combined TRACON& Tower with Radar,174,59,18,0,251,0,0,1,0,1,174,59,19,0,252,0,0,0,252
01/22/2017,CLE,OH,AGL,CE,Combined TRACON& Tower with Radar,185,100,22,0,307,0,0,0,1,1,185,100,22,1,308,0,0,0,308
01/23/2017,CLE,OH,AGL,CE,Combined TRACON& Tower with Radar,208,94,28,0,330,0,0,0,0,0,208,94,28,0,330,0,0,0,330
01/24/2017,CLE,OH,AGL,CE,Combined TRACON& Tower with Radar,216,86,31,0,333,0,0,0,0,0,216,86,31,0,333,0,0,0,333
01/25/2017,CLE,OH,AGL,CE,Combined TRACON& Tower with Radar,215,90,32,0,337,0,0,0,0,0,215,90,32,0,337,0,0,0,337
01/26/2017,CLE,OH,AGL,CE,Combined TRACON& Tower with Radar,212,101,18,0,331,0,0,0,0,0,212,101,18,0,331,0,0,0,331
01/27/2017,CLE,OH,AGL,CE,Combined TRACON& Tower with Radar,215,98,35,0,348,0,1,0,0,1,215,99,35,0,349,0,0,0,349
01/28/2017,CLE,OH,AGL,CE,Combined TRACON& Tower with Radar,164,50,5,0,219,0,0,2,0,2,164,50,7,0,221,0,0,0,221
01/29/2017,CLE,OH,AGL,CE,Combined TRACON& Tower with Radar,182,82,21,0,285,0,0,0,0,0,182,82,21,0,285,0,0,0,285
01/30/2017,CLE,OH,AGL,CE,Combined TRACON& Tower with Radar,202,96,20,0,318,0,0,0,0,0,202,96,20,0,318,0,0,0,318
01/31/2017,CLE,OH,AGL,CE,Combined TRACON& Tower with Radar,213,89,22,0,324,0,0,0,0,0,213,89,22,0,324,0,0,0,324
02/01/2017,CLE,OH,AGL,CE,Combined TRACON& Tower with Radar,208,90,22,0,320,0,0,0,0,0,208,90,22,0,320,0,0,0,320
02/02/2017,CLE,OH,AGL,CE,Combined TRACON& Tower with Radar,217,104,37,0,358,0,0,0,0,0,217,104,37,0,358,0,0,0,358
02/03/2017,CLE,OH,AGL,CE,Combined TRACON& Tower with Radar,212,91,22,0,325,0,0,3,0,3,212,91,25,0,328,0,0,0,328
02/04/2017,CLE,OH,AGL,CE,Combined TRACON& Tower with Radar,146,47,13,0,206,0,0,3,0,3,146,47,16,0,209,0,0,0,209
02/05/2017,CLE,OH,AGL,CE,Combined TRACON& Tower with Radar,153,70,13,0,236,0,2,0,0,2,153,72,13,0,238,0,0,0,238
02/06/2017,CLE,OH,AGL,CE,Combined TRACON& Tower with Radar,199,102,33,0,334,0,1,4,1,6,199,103,37,1,340,0,0,0,340
02/07/2017,CLE,OH,AGL,CE,Combined TRACON& Tower with Radar,210,87,23,0,320,0,1,0,0,1,210,88,23,0,321,0,0,0,321
02/08/2017,CLE,OH,AGL,CE,Combined TRACON& Tower with Radar,203,100,33,0,336,0,0,0,0,0,203,100,33,0,336,0,0,0,336
02/09/2017,CLE,OH,AGL,CE,Combined TRACON& Tower with Radar,190,66,39,0,295,0,0,0,0,0,190,66,39,0,295,0,0,0,295
02/10/2017,CLE,OH,AGL,CE,Combined TRACON& Tower with Radar,217,91,32,0,340,0,1,0,0,1,217,92,32,0,341,0,0,0,341
02/11/2017,CLE,OH,AGL,CE,Combined TRACON& Tower with Radar,167,46,4,0,217,0,1,2,0,3,167,47,6,0,220,0,0,0,220
02/12/2017,CLE,OH,AGL,CE,Combined TRACON& Tower with Radar,182,67,9,0,258,0,0,0,0,0,182,67,9,0,258,0,0,0,258
02/13/2017,CLE,OH,AGL,CE,Combined TRACON& Tower with Radar,205,84,29,0,318,0,1,5,0,6,205,85,34,0,324,0,0,0,324
02/14/2017,CLE,OH,AGL,CE,Combined TRACON& Tower with Radar,206,82,29,0,317,0,1,4,0,5,206,83,33,0,322,0,0,0,322
02/15/2017,CLE,OH,AGL,CE,Combined TRACON& Tower with Radar,212,94,37,0,343,0,0,0,0,0,212,94,37,0,343,0,0,0,343
02/16/2017,CLE,OH,AGL,CE,Combined TRACON& Tower with Radar,225,98,43,0,366,0,0,0,0,0,225,98,43,0,366,0,0,0,366
02/17/2017,CLE,OH,AGL,CE,Combined TRACON& Tower with Radar,216,101,25,1,343,0,2,0,0,2,216,103,25,1,345,0,0,0,345
02/18/2017,CLE,OH,AGL,CE,Combined TRACON& Tower with Radar,159,60,5,1,225,0,3,0,0,3,159,63,5,1,228,0,0,0,228
02/19/2017,CLE,OH,AGL,CE,Combined TRACON& Tower with Radar,180,56,9,1,246,0,0,0,0,0,180,56,9,1,246,0,0,0,246
02/20/2017,CLE,OH,AGL,CE,Combined TRACON& Tower with Radar,226,107,30,1,364,0,2,5,0,7,226,109,35,1,371,0,0,0,371
02/21/2017,CLE,OH,AGL,CE,Combined TRACON& Tower with Radar,210,97,29,0,336,0,0,3,0,3,210,97,32,0,339,0,0,0,339
02/22/2017,CLE,OH,AGL,CE,Combined TRACON& Tower with Radar,222,109,30,0,361,0,0,0,0,0,222,109,30,0,361,0,0,0,361
02/23/2017,CLE,OH,AGL,CE,Combined TRACON& Tower with Radar,224,127,48,0,399,0,0,4,0,4,224,127,52,0,403,0,0,0,403
02/24/2017,CLE,OH,AGL,CE,Combined TRACON& Tower with Radar,225,105,27,0,357,0,1,2,0,3,225,106,29,0,360,0,0,0,360
02/25/2017,CLE,OH,AGL,CE,Combined TRACON& Tower with Radar,166,54,5,0,225,0,0,0,0,0,166,54,5,0,225,0,0,0,225
02/26/2017,CLE,OH,AGL,CE,Combined TRACON& Tower with Radar,201,77,13,0,291,0,1,0,0,1,201,78,13,0,292,0,0,0,292
02/27/2017,CLE,OH,AGL,CE,Combined TRACON& Tower with Radar,222,99,30,0,351,0,0,0,0,0,222,99,30,0,351,0,0,0,351
02/28/2017,CLE,OH,AGL,CE,Combined TRACON& Tower with Radar,202,95,27,0,324,0,0,0,0,0,202,95,27,0,324,0,0,0,324
03/01/2017,CLE,OH,AGL,CE,Combined TRACON& Tower with Radar,220,89,31,0,340,0,0,0,0,0,220,89,31,0,340,0,0,0,340
03/02/2017,CLE,OH,AGL,CE,Combined TRACON& Tower with Radar,216,91,44,0,351,0,1,5,0,6,216,92,49,0,357,0,0,0,357
03/03/2017,CLE,OH,AGL,CE,Combined TRACON& Tower with Radar,220,102,27,0,349,0,0,0,0,0,220,102,27,0,349,0,0,0,349
03/04/2017,CLE,OH,AGL,CE,Combined TRACON& Tower with Radar,163,54,14,0,231,0,0,5,0,5,163,54,19,0,236,0,0,0,236
03/05/2017,CLE,OH,AGL,CE,Combined TRACON& Tower with Radar,209,67,13,0,289,0,0,2,0,2,209,67,15,0,291,0,0,0,291
03/06/2017,CLE,OH,AGL,CE,Combined TRACON& Tower with Radar,215,94,21,0,330,0,2,0,0,2,215,96,21,0,332,0,0,0,332
03/07/2017,CLE,OH,AGL,CE,Combined TRACON& Tower with Radar,220,84,20,0,324,0,0,0,0,0,220,84,20,0,324,0,0,0,324
03/08/2017,CLE,OH,AGL,CE,Combined TRACON& Tower with Radar,224,107,14,0,345,0,0,1,0,1,224,107,15,0,346,0,0,0,346
03/09/2017,CLE,OH,AGL,CE,Combined TRACON& Tower with Radar,223,96,30,0,349,0,1,0,0,1,223,97,30,0,350,0,0,0,350
03/10/2017,CLE,OH,AGL,CE,Combined TRACON& Tower with Radar,227,97,25,0,349,0,0,2,0,2,227,97,27,0,351,0,0,0,351
03/11/2017,CLE,OH,AGL,CE,Combined TRACON& Tower with Radar,170,57,19,0,246,0,0,2,0,2,170,57,21,0,248,0,0,0,248
03/12/2017,CLE,OH,AGL,CE,Combined TRACON& Tower with Radar,201,81,15,0,297,0,0,1,0,1,201,81,16,0,298,0,0,0,298
03/13/2017,CLE,OH,AGL,CE,Combined TRACON& Tower with Radar,213,96,24,0,333,0,1,1,0,2,213,97,25,0,335,0,0,0,335
03/14/2017,CLE,OH,AGL,CE,Combined TRACON& Tower with Radar,161,35,16,0,212,0,0,0,0,0,161,35,16,0,212,0,0,0,212
03/15/2017,CLE,OH,AGL,CE,Combined TRACON& Tower with Radar,232,103,35,2,372,0,1,0,0,1,232,104,35,2,373,0,0,0,373
03/16/2017,CLE,OH,AGL,CE,Combined TRACON& Tower with Radar,233,106,27,2,368,0,1,3,0,4,233,107,30,2,372,0,0,0,372
03/17/2017,CLE,OH,AGL,CE,Combined TRACON& Tower with Radar,232,99,19,0,350,0,0,1,0,1,232,99,20,0,351,0,0,0,351
03/18/2017,CLE,OH,AGL,CE,Combined TRACON& Tower with Radar,176,56,9,0,241,0,0,0,0,0,176,56,9,0,241,0,0,0,241
03/19/2017,CLE,OH,AGL,CE,Combined TRACON& Tower with Radar,207,85,16,0,308,0,0,0,0,0,207,85,16,0,308,0,0,0,308
03/20/2017,CLE,OH,AGL,CE,Combined TRACON& Tower with Radar,225,98,26,2,351,0,1,2,0,3,225,99,28,2,354,0,0,0,354
03/21/2017,CLE,OH,AGL,CE,Combined TRACON& Tower with Radar,235,94,25,0,354,0,1,3,0,4,235,95,28,0,358,0,0,0,358
03/22/2017,CLE,OH,AGL,CE,Combined TRACON& Tower with Radar,226,91,20,0,337,0,0,2,0,2,226,91,22,0,339,0,0,0,339
03/23/2017,CLE,OH,AGL,CE,Combined TRACON& Tower with Radar,239,93,27,0,359,0,1,5,0,6,239,94,32,0,365,0,0,0,365
03/24/2017,CLE,OH,AGL,CE,Combined TRACON& Tower with Radar,236,100,31,3,370,0,0,1,0,1,236,100,32,3,371,0,0,0,371
03/25/2017,CLE,OH,AGL,CE,Combined TRACON& Tower with Radar,178,55,10,0,243,0,1,0,0,1,178,56,10,0,244,0,0,0,244
03/26/2017,CLE,OH,AGL,CE,Combined TRACON& Tower with Radar,214,71,13,1,299,0,1,2,0,3,214,72,15,1,302,0,0,0,302
03/27/2017,CLE,OH,AGL,CE,Combined TRACON& Tower with Radar,232,91,39,1,363,0,0,0,0,0,232,91,39,1,363,0,0,0,363
03/28/2017,CLE,OH,AGL,CE,Combined TRACON& Tower with Radar,223,82,30,0,335,1,0,0,0,1,224,82,30,0,336,0,0,0,336
03/29/2017,CLE,OH,AGL,CE,Combined TRACON& Tower with Radar,227,91,26,0,344,0,0,8,0,8,227,91,34,0,352,0,0,0,352
03/30/2017,CLE,OH,AGL,CE,Combined TRACON& Tower with Radar,247,99,28,0,374,0,2,0,0,2,247,101,28,0,376,0,0,0,376
03/31/2017,CLE,OH,AGL,CE,Combined TRACON& Tower with Radar,236,86,19,0,341,0,0,0,0,0,236,86,19,0,341,0,0,0,341
04/01/2017,CLE,OH,AGL,CE,Combined TRACON& Tower with Radar,183,58,14,0,255,0,0,0,0,0,183,58,14,0,255,0,0,0,255
04/02/2017,CLE,OH,AGL,CE,Combined TRACON& Tower with Radar,217,74,25,0,316,0,1,3,2,6,217,75,28,2,322,0,0,0,322
04/03/2017,CLE,OH,AGL,CE,Combined TRACON& Tower with Radar,232,90,12,0,334,0,0,2,0,2,232,90,14,0,336,0,0,0,336
04/04/2017,CLE,OH,AGL,CE,Combined TRACON& Tower with Radar,239,87,26,0,352,0,2,0,0,2,239,89,26,0,354,0,0,0,354
04/05/2017,CLE,OH,AGL,CE,Combined TRACON& Tower with Radar,217,98,44,0,359,0,0,5,0,5,217,98,49,0,364,0,0,0,364
04/06/2017,CLE,OH,AGL,CE,Combined TRACON& Tower with Radar,200,78,35,0,313,0,0,0,0,0,200,78,35,0,313,0,0,0,313
04/07/2017,CLE,OH,AGL,CE,Combined TRACON& Tower with Radar,224,99,54,2,379,0,1,0,0,1,224,100,54,2,380,0,0,0,380
04/08/2017,CLE,OH,AGL,CE,Combined TRACON& Tower with Radar,181,61,14,2,258,0,1,3,0,4,181,62,17,2,262,0,0,0,262
04/09/2017,CLE,OH,AGL,CE,Combined TRACON& Tower with Radar,198,84,26,0,308,0,2,4,0,6,198,86,30,0,314,0,0,0,314
04/10/2017,CLE,OH,AGL,CE,Combined TRACON& Tower with Radar,225,100,21,0,346,0,1,1,0,2,225,101,22,0,348,0,0,0,348
04/11/2017,CLE,OH,AGL,CE,Combined TRACON& Tower with Radar,235,95,29,0,359,0,0,1,1,2,235,95,30,1,361,0,0,0,361
04/12/2017,CLE,OH,AGL,CE,Combined TRACON& Tower with Radar,234,89,40,1,364,0,0,2,0,2,234,89,42,1,366,0,0,0,366
04/13/2017,CLE,OH,AGL,CE,Combined TRACON& Tower with Radar,240,100,29,0,369,0,0,8,0,8,240,100,37,0,377,0,0,0,377
04/14/2017,CLE,OH,AGL,CE,Combined TRACON& Tower with Radar,238,99,24,1,362,0,2,3,1,6,238,101,27,2,368,0,0,0,368
04/15/2017,CLE,OH,AGL,CE,Combined TRACON& Tower with Radar,164,50,12,0,226,0,0,0,0,0,164,50,12,0,226,0,0,0,226
04/16/2017,CLE,OH,AGL,CE,Combined TRACON& Tower with Radar,206,77,11,0,294,0,2,0,0,2,206,79,11,0,296,0,0,0,296
04/17/2017,CLE,OH,AGL,CE,Combined TRACON& Tower with Radar,230,95,28,0,353,0,3,3,0,6,230,98,31,0,359,0,0,0,359
04/18/2017,CLE,OH,AGL,CE,Combined TRACON& Tower with Radar,233,95,33,0,361,0,0,5,0,5,233,95,38,0,366,0,0,0,366
04/19/2017,CLE,OH,AGL,CE,Combined TRACON& Tower with Radar,229,97,39,0,365,0,1,3,0,4,229,98,42,0,369,0,0,0,369
04/20/2017,CLE,OH,AGL,CE,Combined TRACON& Tower with Radar,242,88,32,0,362,0,0,0,0,0,242,88,32,0,362,0,0,0,362
04/21/2017,CLE,OH,AGL,CE,Combined TRACON& Tower with Radar,241,95,22,0,358,0,0,0,0,0,241,95,22,0,358,0,0,0,358
04/22/2017,CLE,OH,AGL,CE,Combined TRACON& Tower with Radar,172,58,11,0,241,0,0,1,0,1,172,58,12,0,242,0,0,0,242
04/23/2017,CLE,OH,AGL,CE,Combined TRACON& Tower with Radar,224,73,17,0,314,0,0,1,0,1,224,73,18,0,315,0,0,0,315
04/24/2017,CLE,OH,AGL,CE,Combined TRACON& Tower with Radar,230,93,14,2,339,0,0,3,0,3,230,93,17,2,342,0,0,0,342
04/25/2017,CLE,OH,AGL,CE,Combined TRACON& Tower with Radar,231,92,26,1,350,1,3,5,0,9,232,95,31,1,359,0,0,0,359
04/26/2017,CLE,OH,AGL,CE,Combined TRACON& Tower with Radar,232,87,27,1,347,0,1,3,1,5,232,88,30,2,352,0,0,0,352
04/27/2017,CLE,OH,AGL,CE,Combined TRACON& Tower with Radar,251,98,42,1,392,0,4,0,0,4,251,102,42,1,396,0,0,0,396
04/28/2017,CLE,OH,AGL,CE,Combined TRACON& Tower with Radar,242,103,37,0,382,0,2,1,0,3,242,105,38,0,385,0,0,0,385
04/29/2017,CLE,OH,AGL,CE,Combined TRACON& Tower with Radar,163,58,6,0,227,0,0,0,0,0,163,58,6,0,227,0,0,0,227
04/30/2017,CLE,OH,AGL,CE,Combined TRACON& Tower with Radar,225,76,17,0,318,0,0,0,0,0,225,76,17,0,318,0,0,0,318
05/01/2017,CLE,OH,AGL,CE,Combined TRACON& Tower with Radar,235,94,13,1,343,0,0,0,0,0,235,94,13,1,343,0,0,0,343
05/02/2017,CLE,OH,AGL,CE,Combined TRACON& Tower with Radar,240,94,19,0,353,0,1,0,0,1,240,95,19,0,354,0,0,0,354
05/03/2017,CLE,OH,AGL,CE,Combined TRACON& Tower with Radar,227,97,32,0,356,0,0,4,0,4,227,97,36,0,360,0,0,0,360
05/04/2017,CLE,OH,AGL,CE,Combined TRACON& Tower with Radar,241,107,22,0,370,0,0,0,0,0,241,107,22,0,370,0,0,0,370
05/05/2017,CLE,OH,AGL,CE,Combined TRACON& Tower with Radar,232,95,37,0,364,0,0,0,0,0,232,95,37,0,364,0,0,0,364
05/06/2017,CLE,OH,AGL,CE,Combined TRACON& Tower with Radar,168,61,16,0,245,0,0,0,0,0,168,61,16,0,245,0,0,0,245
05/07/2017,CLE,OH,AGL,CE,Combined TRACON& Tower with Radar,209,86,13,0,308,0,0,1,0,1,209,86,14,0,309,0,0,0,309
05/08/2017,CLE,OH,AGL,CE,Combined TRACON& Tower with Radar,230,91,30,0,351,0,1,3,0,4,230,92,33,0,355,0,0,0,355
05/09/2017,CLE,OH,AGL,CE,Combined TRACON& Tower with Radar,245,83,28,2,358,0,0,1,2,3,245,83,29,4,361,0,0,0,361
05/10/2017,CLE,OH,AGL,CE,Combined TRACON& Tower with Radar,236,94,32,0,362,0,4,4,0,8,236,98,36,0,370,0,0,0,370
05/11/2017,CLE,OH,AGL,CE,Combined TRACON& Tower with Radar,255,100,32,2,389,0,2,2,0,4,255,102,34,2,393,0,0,0,393
05/12/2017,CLE,OH,AGL,CE,Combined TRACON& Tower with Radar,251,96,28,0,375,0,3,2,0,5,251,99,30,0,380,0,0,0,380
05/13/2017,CLE,OH,AGL,CE,Combined TRACON& Tower with Radar,167,55,16,0,238,0,0,2,0,2,167,55,18,0,240,0,0,0,240
05/14/2017,CLE,OH,AGL,CE,Combined TRACON& Tower with Radar,213,87,22,0,322,0,0,0,0,0,213,87,22,0,322,0,0,0,322
05/15/2017,CLE,OH,AGL,CE,Combined TRACON& Tower with Radar,238,88,32,1,359,0,1,1,1,3,238,89,33,2,362,0,0,0,362
05/16/2017,CLE,OH,AGL,CE,Combined TRACON& Tower with Radar,247,88,30,0,365,0,0,5,0,5,247,88,35,0,370,0,0,0,370
05/17/2017,CLE,OH,AGL,CE,Combined TRACON& Tower with Radar,232,88,25,1,346,0,1,3,2,6,232,89,28,3,352,0,0,0,352
05/18/2017,CLE,OH,AGL,CE,Combined TRACON& Tower with Radar,254,96,32,2,384,0,0,3,0,3,254,96,35,2,387,0,0,0,387
05/19/2017,CLE,OH,AGL,CE,Combined TRACON& Tower with Radar,251,92,42,0,385,0,0,1,0,1,251,92,43,0,386,0,0,0,386
05/20/2017,CLE,OH,AGL,CE,Combined TRACON& Tower with Radar,177,70,14,2,263,0,1,0,0,1,177,71,14,2,264,0,0,0,264
05/21/2017,CLE,OH,AGL,CE,Combined TRACON& Tower with Radar,219,90,19,0,328,0,1,0,0,1,219,91,19,0,329,0,0,0,329
05/22/2017,CLE,OH,AGL,CE,Combined TRACON& Tower with Radar,244,76,26,0,346,0,2,6,0,8,244,78,32,0,354,0,0,0,354
05/23/2017,CLE,OH,AGL,CE,Combined TRACON& Tower with Radar,256,90,39,0,385,0,2,0,0,2,256,92,39,0,387,0,0,0,387
05/24/2017,CLE,OH,AGL,CE,Combined TRACON& Tower with Radar,240,94,42,0,376,0,0,0,0,0,240,94,42,0,376,0,0,0,376
05/25/2017,CLE,OH,AGL,CE,Combined TRACON& Tower with Radar,256,82,24,0,362,0,0,0,0,0,256,82,24,0,362,0,0,0,362
05/26/2017,CLE,OH,AGL,CE,Combined TRACON& Tower with Radar,248,100,29,3,380,0,0,3,0,3,248,100,32,3,383,0,0,0,383
05/27/2017,CLE,OH,AGL,CE,Combined TRACON& Tower with Radar,179,55,7,0,241,0,0,2,0,2,179,55,9,0,243,0,0,0,243
05/28/2017,CLE,OH,AGL,CE,Combined TRACON& Tower with Radar,188,63,12,1,264,0,0,0,0,0,188,63,12,1,264,0,0,0,264
05/29/2017,CLE,OH,AGL,CE,Combined TRACON& Tower with Radar,226,94,11,0,331,0,0,2,0,2,226,94,13,0,333,0,0,0,333
05/30/2017,CLE,OH,AGL,CE,Combined TRACON& Tower with Radar,246,89,29,0,364,0,0,1,0,1,246,89,30,0,365,0,0,0,365
05/31/2017,CLE,OH,AGL,CE,Combined TRACON& Tower with Radar,250,96,27,0,373,0,0,1,2,3,250,96,28,2,376,0,0,0,376
06/01/2017,CLE,OH,AGL,CE,Combined TRACON& Tower with Radar,260,95,25,0,380,0,4,2,0,6,260,99,27,0,386,0,0,0,386
06/02/2017,CLE,OH,AGL,CE,Combined TRACON& Tower with Radar,247,93,25,0,365,0,0,5,0,5,247,93,30,0,370,0,0,0,370
06/03/2017,CLE,OH,AGL,CE,Combined TRACON& Tower with Radar,177,58,18,0,253,0,0,2,0,2,177,58,20,0,255,0,0,0,255
06/04/2017,CLE,OH,AGL,CE,Combined TRACON& Tower with Radar,233,74,9,0,316,0,0,0,0,0,233,74,9,0,316,0,0,0,316
06/05/2017,CLE,OH,AGL,CE,Combined TRACON& Tower with Radar,253,106,35,0,394,0,2,2,0,4,253,108,37,0,398,0,0,0,398
06/06/2017,CLE,OH,AGL,CE,Combined TRACON& Tower with Radar,261,89,38,0,388,0,0,0,0,0,261,89,38,0,388,0,0,0,388
06/07/2017,CLE,OH,AGL,CE,Combined TRACON& Tower with Radar,251,102,47,0,400,0,0,1,0,1,251,102,48,0,401,0,0,0,401
06/08/2017,CLE,OH,AGL,CE,Combined TRACON& Tower with Radar,277,102,45,0,424,0,1,1,0,2,277,103,46,0,426,0,0,0,426
06/09/2017,CLE,OH,AGL,CE,Combined TRACON& Tower with Radar,263,105,43,1,412,0,0,0,0,0,263,105,43,1,412,0,0,0,412
06/10/2017,CLE,OH,AGL,CE,Combined TRACON& Tower with Radar,197,71,23,0,291,0,2,0,0,2,197,73,23,0,293,0,0,0,293
06/11/2017,CLE,OH,AGL,CE,Combined TRACON& Tower with Radar,236,95,24,1,356,0,0,1,0,1,236,95,25,1,357,0,0,0,357
06/12/2017,CLE,OH,AGL,CE,Combined TRACON& Tower with Radar,255,92,29,0,376,0,0,1,0,1,255,92,30,0,377,0,0,0,377
06/13/2017,CLE,OH,AGL,CE,Combined TRACON& Tower with Radar,261,91,32,0,384,0,0,1,0,1,261,91,33,0,385,0,0,0,385
06/14/2017,CLE,OH,AGL,CE,Combined TRACON& Tower with Radar,244,94,36,0,374,0,0,0,0,0,244,94,36,0,374,0,0,0,374
06/15/2017,CLE,OH,AGL,CE,Combined TRACON& Tower with Radar,274,101,30,0,405,0,2,0,0,2,274,103,30,0,407,0,0,0,407
06/16/2017,CLE,OH,AGL,CE,Combined TRACON& Tower with Radar,255,97,42,0,394,1,1,0,0,2,256,98,42,0,396,0,0,0,396
06/17/2017,CLE,OH,AGL,CE,Combined TRACON& Tower with Radar,200,66,19,0,285,0,1,7,0,8,200,67,26,0,293,0,0,0,293
06/18/2017,CLE,OH,AGL,CE,Combined TRACON& Tower with Radar,235,96,20,0,351,0,0,0,0,0,235,96,20,0,351,0,0,0,351
06/19/2017,CLE,OH,AGL,CE,Combined TRACON& Tower with Radar,240,77,18,0,335,0,0,0,0,0,240,77,18,0,335,0,0,0,335
06/20/2017,CLE,OH,AGL,CE,Combined TRACON& Tower with Radar,261,92,28,0,381,0,0,1,0,1,261,92,29,0,382,0,0,0,382
06/21/2017,CLE,OH,AGL,CE,Combined TRACON& Tower with Radar,251,93,21,0,365,0,4,6,0,10,251,97,27,0,375,0,0,0,375
06/22/2017,CLE,OH,AGL,CE,Combined TRACON& Tower with Radar,285,111,46,1,443,0,0,2,1,3,285,111,48,2,446,0,0,0,446
06/23/2017,CLE,OH,AGL,CE,Combined TRACON& Tower with Radar,259,93,20,0,372,0,2,1,0,3,259,95,21,0,375,0,0,0,375
06/24/2017,CLE,OH,AGL,CE,Combined TRACON& Tower with Radar,202,72,9,0,283,0,3,3,0,6,202,75,12,0,289,0,0,0,289
06/25/2017,CLE,OH,AGL,CE,Combined TRACON& Tower with Radar,236,97,20,0,353,0,0,3,0,3,236,97,23,0,356,0,0,0,356
06/26/2017,CLE,OH,AGL,CE,Combined TRACON& Tower with Radar,254,99,33,0,386,0,3,3,1,7,254,102,36,1,393,0,0,0,393
06/27/2017,CLE,OH,AGL,CE,Combined TRACON& Tower with Radar,258,99,23,2,382,0,0,3,0,3,258,99,26,2,385,0,0,0,385
06/28/2017,CLE,OH,AGL,CE,Combined TRACON& Tower with Radar,247,100,34,0,381,0,0,5,0,5,247,100,39,0,386,0,0,0,386
06/29/2017,CLE,OH,AGL,CE,Combined TRACON& Tower with Radar,278,110,37,0,425,0,3,5,0,8,278,113,42,0,433,0,0,0,433
06/30/2017,CLE,OH,AGL,CE,Combined TRACON& Tower with Radar,254,94,18,0,366,0,0,2,0,2,254,94,20,0,368,0,0,0,368
07/01/2017,CLE,OH,AGL,CE,Combined TRACON& Tower with Radar,204,67,13,0,284,0,0,0,0,0,204,67,13,0,284,0,0,0,284
07/02/2017,CLE,OH,AGL,CE,Combined TRACON& Tower with Radar,216,59,10,0,285,0,1,3,0,4,216,60,13,0,289,0,0,0,289
07/03/2017,CLE,OH,AGL,CE,Combined TRACON& Tower with Radar,208,71,1,0,280,0,5,0,0,5,208,76,1,0,285,0,0,0,285
07/04/2017,CLE,OH,AGL,CE,Combined TRACON& Tower with Radar,205,76,4,0,285,0,0,1,0,1,205,76,5,0,286,0,0,0,286
07/05/2017,CLE,OH,AGL,CE,Combined TRACON& Tower with Radar,232,112,6,0,350,0,2,3,0,5,232,114,9,0,355,0,0,0,355
07/06/2017,CLE,OH,AGL,CE,Combined TRACON& Tower with Radar,259,111,25,0,395,0,0,5,0,5,259,111,30,0,400,0,0,0,400
07/07/2017,CLE,OH,AGL,CE,Combined TRACON& Tower with Radar,242,94,19,0,355,0,2,0,0,2,242,96,19,0,357,0,0,0,357
07/08/2017,CLE,OH,AGL,CE,Combined TRACON& Tower with Radar,199,66,8,0,273,0,0,3,0,3,199,66,11,0,276,0,0,0,276
07/09/2017,CLE,OH,AGL,CE,Combined TRACON& Tower with Radar,236,93,18,0,347,0,1,5,0,6,236,94,23,0,353,0,0,0,353
07/10/2017,CLE,OH,AGL,CE,Combined TRACON& Tower with Radar,243,119,33,0,395,0,0,1,0,1,243,119,34,0,396,0,0,0,396
07/11/2017,CLE,OH,AGL,CE,Combined TRACON& Tower with Radar,262,107,32,0,401,0,0,2,0,2,262,107,34,0,403,0,0,0,403
07/12/2017,CLE,OH,AGL,CE,Combined TRACON& Tower with Radar,237,121,31,0,389,0,2,0,0,2,237,123,31,0,391,0,0,0,391
07/13/2017,CLE,OH,AGL,CE,Combined TRACON& Tower with Radar,265,106,33,0,404,0,2,1,0,3,265,108,34,0,407,0,0,0,407
07/14/2017,CLE,OH,AGL,CE,Combined TRACON& Tower with Radar,246,76,36,1,359,0,2,3,0,5,246,78,39,1,364,0,0,0,364
07/15/2017,CLE,OH,AGL,CE,Combined TRACON& Tower with Radar,211,60,8,1,280,0,0,2,0,2,211,60,10,1,282,0,0,0,282
07/16/2017,CLE,OH,AGL,CE,Combined TRACON& Tower with Radar,240,92,9,0,341,0,0,0,0,0,240,92,9,0,341,0,0,0,341
07/17/2017,CLE,OH,AGL,CE,Combined TRACON& Tower with Radar,251,108,10,0,369,0,1,4,0,5,251,109,14,0,374,0,0,0,374
07/18/2017,CLE,OH,AGL,CE,Combined TRACON& Tower with Radar,268,110,22,0,400,0,0,2,0,2,268,110,24,0,402,0,0,0,402
07/19/2017,CLE,OH,AGL,CE,Combined TRACON& Tower with Radar,254,113,30,0,397,0,0,6,0,6,254,113,36,0,403,0,0,0,403
07/20/2017,CLE,OH,AGL,CE,Combined TRACON& Tower with Radar,265,104,31,0,400,0,2,1,0,3,265,106,32,0,403,0,0,0,403
07/21/2017,CLE,OH,AGL,CE,Combined TRACON& Tower with Radar,265,109,24,0,398,0,0,3,0,3,265,109,27,0,401,0,0,0,401
07/22/2017,CLE,OH,AGL,CE,Combined TRACON& Tower with Radar,200,62,6,0,268,0,0,0,0,0,200,62,6,0,268,0,0,0,268
07/23/2017,CLE,OH,AGL,CE,Combined TRACON& Tower with Radar,234,84,15,0,333,0,0,2,0,2,234,84,17,0,335,0,0,0,335
07/24/2017,CLE,OH,AGL,CE,Combined TRACON& Tower with Radar,256,104,13,0,373,0,2,2,0,4,256,106,15,0,377,0,0,0,377
07/25/2017,CLE,OH,AGL,CE,Combined TRACON& Tower with Radar,263,99,30,0,392,0,2,2,0,4,263,101,32,0,396,0,0,0,396
07/26/2017,CLE,OH,AGL,CE,Combined TRACON& Tower with Radar,253,107,24,0,384,0,1,1,0,2,253,108,25,0,386,0,0,0,386
07/27/2017,CLE,OH,AGL,CE,Combined TRACON& Tower with Radar,272,106,31,2,411,0,1,0,0,1,272,107,31,2,412,0,0,0,412
07/28/2017,CLE,OH,AGL,CE,Combined TRACON& Tower with Radar,269,100,25,0,394,0,2,1,0,3,269,102,26,0,397,0,0,0,397
07/29/2017,CLE,OH,AGL,CE,Combined TRACON& Tower with Radar,201,63,9,0,273,0,0,1,0,1,201,63,10,0,274,0,0,0,274
07/30/2017,CLE,OH,AGL,CE,Combined TRACON& Tower with Radar,241,92,16,0,349,0,0,0,1,1,241,92,16,1,350,0,0,0,350
07/31/2017,CLE,OH,AGL,CE,Combined TRACON& Tower with Radar,259,107,25,0,391,0,2,0,2,4,259,109,25,2,395,0,0,0,395
08/01/2017,CLE,OH,AGL,CE,Combined TRACON& Tower with Radar,263,105,20,0,388,0,1,6,0,7,263,106,26,0,395,0,0,0,395
08/02/2017,CLE,OH,AGL,CE,Combined TRACON& Tower with Radar,243,98,22,0,363,0,0,3,0,3,243,98,25,0,366,0,0,0,366
08/03/2017,CLE,OH,AGL,CE,Combined TRACON& Tower with Radar,253,97,17,0,367,0,0,2,0,2,253,97,19,0,369,0,0,0,369
08/04/2017,CLE,OH,AGL,CE,Combined TRACON& Tower with Radar,252,86,13,0,351,0,3,0,0,3,252,89,13,0,354,0,0,0,354
08/05/2017,CLE,OH,AGL,CE,Combined TRACON& Tower with Radar,200,70,10,0,280,0,0,1,0,1,200,70,11,0,281,0,0,0,281
08/06/2017,CLE,OH,AGL,CE,Combined TRACON& Tower with Radar,242,91,17,0,350,0,0,4,0,4,242,91,21,0,354,0,0,0,354
08/07/2017,CLE,OH,AGL,CE,Combined TRACON& Tower with Radar,248,96,15,0,359,0,3,3,0,6,248,99,18,0,365,0,0,0,365
08/08/2017,CLE,OH,AGL,CE,Combined TRACON& Tower with Radar,268,98,38,0,404,0,0,3,0,3,268,98,41,0,407,0,0,0,407
08/09/2017,CLE,OH,AGL,CE,Combined TRACON& Tower with Radar,254,107,30,0,391,0,2,1,0,3,254,109,31,0,394,0,0,0,394
08/10/2017,CLE,OH,AGL,CE,Combined TRACON& Tower with Radar,268,100,20,0,388,0,0,4,1,5,268,100,24,1,393,0,0,0,393
08/11/2017,CLE,OH,AGL,CE,Combined TRACON& Tower with Radar,265,96,10,0,371,0,1,1,0,2,265,97,11,0,373,0,0,0,373
08/12/2017,CLE,OH,AGL,CE,Combined TRACON& Tower with Radar,197,60,7,0,264,0,2,4,0,6,197,62,11,0,270,0,0,0,270
08/13/2017,CLE,OH,AGL,CE,Combined TRACON& Tower with Radar,244,85,15,0,344,0,0,0,0,0,244,85,15,0,344,0,0,0,344
08/14/2017,CLE,OH,AGL,CE,Combined TRACON& Tower with Radar,253,104,22,0,379,0,3,2,0,5,253,107,24,0,384,0,0,0,384
08/15/2017,CLE,OH,AGL,CE,Combined TRACON& Tower with Radar,260,101,36,0,397,0,0,2,2,4,260,101,38,2,401,0,0,0,401
08/16/2017,CLE,OH,AGL,CE,Combined TRACON& Tower with Radar,241,98,25,0,364,0,1,4,0,5,241,99,29,0,369,0,0,0,369
08/17/2017,CLE,OH,AGL,CE,Combined TRACON& Tower with Radar,264,111,23,0,398,0,2,0,0,2,264,113,23,0,400,0,0,0,400
08/18/2017,CLE,OH,AGL,CE,Combined TRACON& Tower with Radar,236,87,27,0,350,0,0,0,0,0,236,87,27,0,350,0,0,0,350
08/19/2017,CLE,OH,AGL,CE,Combined TRACON& Tower with Radar,187,64,6,0,257,0,1,2,0,3,187,65,8,0,260,0,0,0,260
08/20/2017,CLE,OH,AGL,CE,Combined TRACON& Tower with Radar,240,83,23,0,346,0,0,6,0,6,240,83,29,0,352,0,0,0,352
08/21/2017,CLE,OH,AGL,CE,Combined TRACON& Tower with Radar,244,97,13,0,354,0,0,0,0,0,244,97,13,0,354,0,0,0,354
08/22/2017,CLE,OH,AGL,CE,Combined TRACON& Tower with Radar,249,103,31,0,383,0,0,1,0,1,249,103,32,0,384,0,0,0,384
08/23/2017,CLE,OH,AGL,CE,Combined TRACON& Tower with Radar,244,98,28,0,370,0,0,3,0,3,244,98,31,0,373,0,0,0,373
08/24/2017,CLE,OH,AGL,CE,Combined TRACON& Tower with Radar,266,97,27,2,392,0,0,1,0,1,266,97,28,2,393,0,0,0,393
08/25/2017,CLE,OH,AGL,CE,Combined TRACON& Tower with Radar,256,83,13,0,352,0,1,6,1,8,256,84,19,1,360,0,0,0,360
08/26/2017,CLE,OH,AGL,CE,Combined TRACON& Tower with Radar,185,58,15,0,258,0,4,1,0,5,185,62,16,0,263,0,0,0,263
08/27/2017,CLE,OH,AGL,CE,Combined TRACON& Tower with Radar,220,71,9,0,300,0,2,2,0,4,220,73,11,0,304,0,0,0,304
08/28/2017,CLE,OH,AGL,CE,Combined TRACON& Tower with Radar,242,98,21,3,364,0,1,3,1,5,242,99,24,4,369,0,0,0,369
08/29/2017,CLE,OH,AGL,CE,Combined TRACON& Tower with Radar,249,88,20,2,359,0,1,1,4,6,249,89,21,6,365,0,0,0,365
08/30/2017,CLE,OH,AGL,CE,Combined TRACON& Tower with Radar,233,101,29,0,363,0,1,3,4,8,233,102,32,4,371,0,0,0,371
08/31/2017,CLE,OH,AGL,CE,Combined TRACON& Tower with Radar,258,98,23,4,383,0,0,5,1,6,258,98,28,5,389,0,0,0,389
09/01/2017,CLE,OH,AGL,CE,Combined TRACON& Tower with Radar,244,99,10,3,356,0,1,4,5,10,244,100,14,8,366,0,0,0,366
09/02/2017,CLE,OH,AGL,CE,Combined TRACON& Tower with Radar,176,59,6,0,241,0,0,3,8,11,176,59,9,8,252,0,0,0,252
09/03/2017,CLE,OH,AGL,CE,Combined TRACON& Tower with Radar,178,53,9,2,242,0,0,3,3,6,178,53,12,5,248,0,0,0,248
09/04/2017,CLE,OH,AGL,CE,Combined TRACON& Tower with Radar,218,81,8,2,309,0,2,3,3,8,218,83,11,5,317,0,0,0,317
09/05/2017,CLE,OH,AGL,CE,Combined TRACON& Tower with Radar,244,90,28,5,367,0,0,1,3,4,244,90,29,8,371,0,0,0,371
09/06/2017,CLE,OH,AGL,CE,Combined TRACON& Tower with Radar,228,105,33,0,366,0,0,3,0,3,228,105,36,0,369,0,0,0,369
09/07/2017,CLE,OH,AGL,CE,Combined TRACON& Tower with Radar,246,121,44,0,411,0,0,1,0,1,246,121,45,0,412,0,0,0,412
09/08/2017,CLE,OH,AGL,CE,Combined TRACON& Tower with Radar,224,116,25,0,365,0,0,3,0,3,224,116,28,0,368,0,0,0,368
09/09/2017,CLE,OH,AGL,CE,Combined TRACON& Tower with Radar,162,78,14,0,254,0,1,0,0,1,162,79,14,0,255,0,0,0,255
09/10/2017,CLE,OH,AGL,CE,Combined TRACON& Tower with Radar,195,89,13,0,297,0,0,4,0,4,195,89,17,0,301,0,0,0,301
09/11/2017,CLE,OH,AGL,CE,Combined TRACON& Tower with Radar,198,97,17,0,312,0,0,3,0,3,198,97,20,0,315,0,0,0,315
09/12/2017,CLE,OH,AGL,CE,Combined TRACON& Tower with Radar,217,100,24,0,341,0,4,0,0,4,217,104,24,0,345,0,0,0,345
09/13/2017,CLE,OH,AGL,CE,Combined TRACON& Tower with Radar,223,114,11,0,348,0,1,2,0,3,223,115,13,0,351,0,0,0,351
09/14/2017,CLE,OH,AGL,CE,Combined TRACON& Tower with Radar,241,102,10,0,353,0,1,0,0,1,241,103,10,0,354,0,0,0,354
09/15/2017,CLE,OH,AGL,CE,Combined TRACON& Tower with Radar,244,120,27,0,391,0,0,3,0,3,244,120,30,0,394,0,0,0,394
09/16/2017,CLE,OH,AGL,CE,Combined TRACON& Tower with Radar,175,68,9,0,252,0,0,0,0,0,175,68,9,0,252,0,0,0,252
09/17/2017,CLE,OH,AGL,CE,Combined TRACON& Tower with Radar,221,79,16,0,316,0,1,0,0,1,221,80,16,0,317,0,0,0,317
09/18/2017,CLE,OH,AGL,CE,Combined TRACON& Tower with Radar,242,102,26,0,370,0,2,0,1,3,242,104,26,1,373,0,0,0,373
09/19/2017,CLE,OH,AGL,CE,Combined TRACON& Tower with Radar,229,133,30,0,392,0,0,1,0,1,229,133,31,0,393,0,0,0,393
09/20/2017,CLE,OH,AGL,CE,Combined TRACON& Tower with Radar,220,119,22,0,361,0,1,0,0,1,220,120,22,0,362,0,0,0,362
09/21/2017,CLE,OH,AGL,CE,Combined TRACON& Tower with Radar,252,99,23,2,376,0,1,2,0,3,252,100,25,2,379,0,0,0,379
09/22/2017,CLE,OH,AGL,CE,Combined TRACON& Tower with Radar,232,120,26,0,378,0,0,1,0,1,232,120,27,0,379,0,0,0,379
09/23/2017,CLE,OH,AGL,CE,Combined TRACON& Tower with Radar,179,75,12,2,268,0,1,3,0,4,179,76,15,2,272,0,0,0,272
09/24/2017,CLE,OH,AGL,CE,Combined TRACON& Tower with Radar,217,102,20,0,339,0,0,0,0,0,217,102,20,0,339,0,0,0,339
09/25/2017,CLE,OH,AGL,CE,Combined TRACON& Tower with Radar,241,110,32,0,383,0,0,11,0,11,241,110,43,0,394,0,0,0,394
09/26/2017,CLE,OH,AGL,CE,Combined TRACON& Tower with Radar,227,102,16,3,348,0,1,0,0,1,227,103,16,3,349,0,0,0,349
09/27/2017,CLE,OH,AGL,CE,Combined TRACON& Tower with Radar,227,103,18,1,349,0,0,2,0,2,227,103,20,1,351,0,0,0,351
09/28/2017,CLE,OH,AGL,CE,Combined TRACON& Tower with Radar,256,112,21,0,389,0,1,1,0,2,256,113,22,0,391,0,0,0,391
09/29/2017,CLE,OH,AGL,CE,Combined TRACON& Tower with Radar,240,113,6,4,363,0,2,1,0,3,240,115,7,4,366,0,0,0,366
09/30/2017,CLE,OH,AGL,CE,Combined TRACON& Tower with Radar,173,67,7,0,247,0,0,2,0,2,173,67,9,0,249,0,0,0,249
10/01/2017,CLE,OH,AGL,CE,Combined TRACON& Tower with Radar,217,88,18,2,325,0,0,4,0,4,217,88,22,2,329,0,0,0,329
10/02/2017,CLE,OH,AGL,CE,Combined TRACON& Tower with Radar,229,110,22,0,361,0,1,3,0,4,229,111,25,0,365,0,0,0,365
10/03/2017,CLE,OH,AGL,CE,Combined TRACON& Tower with Radar,226,114,17,0,357,0,0,3,0,3,226,114,20,0,360,0,0,0,360
10/04/2017,CLE,OH,AGL,CE,Combined TRACON& Tower with Radar,215,101,25,0,341,0,0,1,0,1,215,101,26,0,342,0,0,0,342
10/05/2017,CLE,OH,AGL,CE,Combined TRACON& Tower with Radar,247,126,28,0,401,0,0,0,0,0,247,126,28,0,401,0,0,0,401
10/06/2017,CLE,OH,AGL,CE,Combined TRACON& Tower with Radar,243,110,20,0,373,0,0,0,0,0,243,110,20,0,373,0,0,0,373
10/07/2017,CLE,OH,AGL,CE,Combined TRACON& Tower with Radar,174,61,17,0,252,0,1,0,0,1,174,62,17,0,253,0,0,0,253
10/08/2017,CLE,OH,AGL,CE,Combined TRACON& Tower with Radar,209,75,13,0,297,0,3,0,0,3,209,78,13,0,300,0,0,0,300
10/09/2017,CLE,OH,AGL,CE,Combined TRACON& Tower with Radar,228,89,30,0,347,0,0,0,0,0,228,89,30,0,347,0,0,0,347
10/10/2017,CLE,OH,AGL,CE,Combined TRACON& Tower with Radar,229,100,30,0,359,0,0,3,0,3,229,100,33,0,362,0,0,0,362
10/11/2017,CLE,OH,AGL,CE,Combined TRACON& Tower with Radar,218,100,38,0,356,0,0,0,0,0,218,100,38,0,356,0,0,0,356
10/12/2017,CLE,OH,AGL,CE,Combined TRACON& Tower with Radar,242,120,28,0,390,0,0,0,0,0,242,120,28,0,390,0,0,0,390
10/13/2017,CLE,OH,AGL,CE,Combined TRACON& Tower with Radar,234,117,22,0,373,0,3,0,0,3,234,120,22,0,376,0,0,0,376
10/14/2017,CLE,OH,AGL,CE,Combined TRACON& Tower with Radar,172,59,6,0,237,0,0,2,0,2,172,59,8,0,239,0,0,0,239
10/15/2017,CLE,OH,AGL,CE,Combined TRACON& Tower with Radar,214,76,20,0,310,0,0,0,0,0,214,76,20,0,310,0,0,0,310
10/16/2017,CLE,OH,AGL,CE,Combined TRACON& Tower with Radar,230,102,13,0,345,0,1,2,0,3,230,103,15,0,348,0,0,0,348
10/17/2017,CLE,OH,AGL,CE,Combined TRACON& Tower with Radar,221,100,18,2,341,0,1,3,0,4,221,101,21,2,345,0,0,0,345
10/18/2017,CLE,OH,AGL,CE,Combined TRACON& Tower with Radar,220,97,26,0,343,0,1,6,0,7,220,98,32,0,350,0,0,0,350
10/19/2017,CLE,OH,AGL,CE,Combined TRACON& Tower with Radar,245,111,28,0,384,0,0,8,1,9,245,111,36,1,393,0,0,0,393
10/20/2017,CLE,OH,AGL,CE,Combined TRACON& Tower with Radar,233,108,23,0,364,0,0,2,1,3,233,108,25,1,367,0,0,0,367
10/21/2017,CLE,OH,AGL,CE,Combined TRACON& Tower with Radar,175,57,12,1,245,0,0,4,0,4,175,57,16,1,249,0,0,0,249
10/22/2017,CLE,OH,AGL,CE,Combined TRACON& Tower with Radar,208,89,16,0,313,0,1,4,0,5,208,90,20,0,318,0,0,0,318
10/23/2017,CLE,OH,AGL,CE,Combined TRACON& Tower with Radar,229,111,25,0,365,0,0,0,0,0,229,111,25,0,365,0,0,0,365
10/24/2017,CLE,OH,AGL,CE,Combined TRACON& Tower with Radar,214,90,23,0,327,0,0,0,0,0,214,90,23,0,327,0,0,0,327
10/25/2017,CLE,OH,AGL,CE,Combined TRACON& Tower with Radar,226,100,27,0,353,0,0,0,0,0,226,100,27,0,353,0,0,0,353
10/26/2017,CLE,OH,AGL,CE,Combined TRACON& Tower with Radar,253,106,21,0,380,0,0,1,0,1,253,106,22,0,381,0,0,0,381
10/27/2017,CLE,OH,AGL,CE,Combined TRACON& Tower with Radar,239,114,20,0,373,0,0,4,0,4,239,114,24,0,377,0,0,0,377
10/28/2017,CLE,OH,AGL,CE,Combined TRACON& Tower with Radar,173,58,6,0,237,0,0,0,0,0,173,58,6,0,237,0,0,0,237
10/29/2017,CLE,OH,AGL,CE,Combined TRACON& Tower with Radar,195,70,17,0,282,0,1,0,0,1,195,71,17,0,283,0,0,0,283
10/30/2017,CLE,OH,AGL,CE,Combined TRACON& Tower with Radar,218,110,22,1,351,0,0,1,0,1,218,110,23,1,352,0,0,0,352
10/31/2017,CLE,OH,AGL,CE,Combined TRACON& Tower with Radar,207,92,19,0,318,0,1,3,0,4,207,93,22,0,322,0,0,0,322
11/01/2017,CLE,OH,AGL,CE,Combined TRACON& Tower with Radar,208,98,31,0,337,0,2,2,0,4,208,100,33,0,341,0,0,0,341
11/02/2017,CLE,OH,AGL,CE,Combined TRACON& Tower with Radar,231,106,24,1,362,0,1,0,0,1,231,107,24,1,363,0,0,0,363
11/03/2017,CLE,OH,AGL,CE,Combined TRACON& Tower with Radar,223,103,16,0,342,0,2,0,0,2,223,105,16,0,344,0,0,0,344
11/04/2017,CLE,OH,AGL,CE,Combined TRACON& Tower with Radar,161,70,6,0,237,0,0,2,0,2,161,70,8,0,239,0,0,0,239
11/05/2017,CLE,OH,AGL,CE,Combined TRACON& Tower with Radar,198,86,11,0,295,0,0,0,0,0,198,86,11,0,295,0,0,0,295
11/06/2017,CLE,OH,AGL,CE,Combined TRACON& Tower with Radar,222,113,18,0,353,0,0,0,0,0,222,113,18,0,353,0,0,0,353
11/07/2017,CLE,OH,AGL,CE,Combined TRACON& Tower with Radar,215,108,20,2,345,0,0,1,0,1,215,108,21,2,346,0,0,0,346
11/08/2017,CLE,OH,AGL,CE,Combined TRACON& Tower with Radar,222,105,30,1,358,0,1,1,0,2,222,106,31,1,360,0,0,0,360
11/09/2017,CLE,OH,AGL,CE,Combined TRACON& Tower with Radar,237,99,14,0,350,0,1,3,0,4,237,100,17,0,354,0,0,0,354
11/10/2017,CLE,OH,AGL,CE,Combined TRACON& Tower with Radar,229,107,21,0,357,0,0,3,0,3,229,107,24,0,360,0,0,0,360
11/11/2017,CLE,OH,AGL,CE,Combined TRACON& Tower with Radar,166,60,6,0,232,0,0,2,0,2,166,60,8,0,234,0,0,0,234
11/12/2017,CLE,OH,AGL,CE,Combined TRACON& Tower with Radar,206,76,17,1,300,0,0,0,0,0,206,76,17,1,300,0,0,0,300
11/13/2017,CLE,OH,AGL,CE,Combined TRACON& Tower with Radar,220,94,18,0,332,0,0,0,0,0,220,94,18,0,332,0,0,0,332
11/14/2017,CLE,OH,AGL,CE,Combined TRACON& Tower with Radar,229,92,27,0,348,0,1,2,0,3,229,93,29,0,351,0,0,0,351
11/15/2017,CLE,OH,AGL,CE,Combined TRACON& Tower with Radar,228,97,23,0,348,0,0,0,0,0,228,97,23,0,348,0,0,0,348
11/16/2017,CLE,OH,AGL,CE,Combined TRACON& Tower with Radar,235,118,20,0,373,0,0,2,0,2,235,118,22,0,375,0,0,0,375
11/17/2017,CLE,OH,AGL,CE,Combined TRACON& Tower with Radar,240,106,22,2,370,0,0,4,0,4,240,106,26,2,374,0,0,0,374
11/18/2017,CLE,OH,AGL,CE,Combined TRACON& Tower with Radar,172,68,8,0,248,0,0,0,0,0,172,68,8,0,248,0,0,0,248
11/19/2017,CLE,OH,AGL,CE,Combined TRACON& Tower with Radar,202,75,13,1,291,0,0,0,0,0,202,75,13,1,291,0,0,0,291
11/20/2017,CLE,OH,AGL,CE,Combined TRACON& Tower with Radar,217,93,21,0,331,0,0,2,0,2,217,93,23,0,333,0,0,0,333
11/21/2017,CLE,OH,AGL,CE,Combined TRACON& Tower with Radar,240,108,21,0,369,0,0,2,0,2,240,108,23,0,371,0,0,0,371
11/22/2017,CLE,OH,AGL,CE,Combined TRACON& Tower with Radar,237,97,22,0,356,0,1,1,0,2,237,98,23,0,358,0,0,0,358
11/23/2017,CLE,OH,AGL,CE,Combined TRACON& Tower with Radar,134,33,0,0,167,0,0,0,0,0,134,33,0,0,167,0,0,0,167
11/24/2017,CLE,OH,AGL,CE,Combined TRACON& Tower with Radar,167,44,2,0,213,0,0,0,0,0,167,44,2,0,213,0,0,0,213
11/25/2017,CLE,OH,AGL,CE,Combined TRACON& Tower with Radar,206,91,11,0,308,0,0,0,0,0,206,91,11,0,308,0,0,0,308
11/26/2017,CLE,OH,AGL,CE,Combined TRACON& Tower with Radar,229,102,14,0,345,0,0,6,0,6,229,102,20,0,351,0,0,0,351
11/27/2017,CLE,OH,AGL,CE,Combined TRACON& Tower with Radar,232,104,20,0,356,0,1,0,0,1,232,105,20,0,357,0,0,0,357
11/28/2017,CLE,OH,AGL,CE,Combined TRACON& Tower with Radar,231,92,22,0,345,0,0,2,0,2,231,92,24,0,347,0,0,0,347
11/29/2017,CLE,OH,AGL,CE,Combined TRACON& Tower with Radar,233,96,15,0,344,0,0,2,2,4,233,96,17,2,348,0,0,0,348
11/30/2017,CLE,OH,AGL,CE,Combined TRACON& Tower with Radar,242,102,8,0,352,0,0,1,0,1,242,102,9,0,353,0,0,0,353
12/01/2017,CLE,OH,AGL,CE,Combined TRACON& Tower with Radar,243,95,15,0,353,0,0,5,0,5,243,95,20,0,358,0,0,0,358
12/02/2017,CLE,OH,AGL,CE,Combined TRACON& Tower with Radar,160,72,5,0,237,0,0,7,0,7,160,72,12,0,244,0,0,0,244
12/03/2017,CLE,OH,AGL,CE,Combined TRACON& Tower with Radar,198,75,17,0,290,0,1,2,0,3,198,76,19,0,293,0,0,0,293
12/04/2017,CLE,OH,AGL,CE,Combined TRACON& Tower with Radar,225,100,14,1,340,0,0,2,1,3,225,100,16,2,343,0,0,0,343
12/05/2017,CLE,OH,AGL,CE,Combined TRACON& Tower with Radar,240,95,12,0,347,0,0,1,0,1,240,95,13,0,348,0,0,0,348
12/06/2017,CLE,OH,AGL,CE,Combined TRACON& Tower with Radar,236,95,27,1,359,0,0,0,0,0,236,95,27,1,359,0,0,0,359
12/07/2017,CLE,OH,AGL,CE,Combined TRACON& Tower with Radar,243,104,16,0,363,0,0,0,0,0,243,104,16,0,363,0,0,0,363
12/08/2017,CLE,OH,AGL,CE,Combined TRACON& Tower with Radar,223,96,19,1,339,0,2,0,0,2,223,98,19,1,341,0,0,0,341
12/09/2017,CLE,OH,AGL,CE,Combined TRACON& Tower with Radar,158,54,9,2,223,0,0,1,1,2,158,54,10,3,225,0,0,0,225
12/10/2017,CLE,OH,AGL,CE,Combined TRACON& Tower with Radar,204,84,16,0,304,0,0,0,0,0,204,84,16,0,304,0,0,0,304
12/11/2017,CLE,OH,AGL,CE,Combined TRACON& Tower with Radar,230,109,22,0,361,0,0,2,0,2,230,109,24,0,363,0,0,0,363
12/12/2017,CLE,OH,AGL,CE,Combined TRACON& Tower with Radar,239,124,28,0,391,0,0,0,0,0,239,124,28,0,391,0,0,0,391
12/13/2017,CLE,OH,AGL,CE,Combined TRACON& Tower with Radar,229,106,39,0,374,0,0,0,0,0,229,106,39,0,374,0,0,0,374
12/14/2017,CLE,OH,AGL,CE,Combined TRACON& Tower with Radar,253,113,40,0,406,0,0,1,0,1,253,113,41,0,407,0,0,0,407
12/15/2017,CLE,OH,AGL,CE,Combined TRACON& Tower with Radar,223,104,32,0,359,0,1,0,0,1,223,105,32,0,360,0,0,0,360
12/16/2017,CLE,OH,AGL,CE,Combined TRACON& Tower with Radar,173,72,12,0,257,0,0,0,0,0,173,72,12,0,257,0,0,0,257
12/17/2017,CLE,OH,AGL,CE,Combined TRACON& Tower with Radar,185,94,14,0,293,0,0,0,0,0,185,94,14,0,293,0,0,0,293
12/18/2017,CLE,OH,AGL,CE,Combined TRACON& Tower with Radar,229,96,37,0,362,0,0,0,0,0,229,96,37,0,362,0,0,0,362
12/19/2017,CLE,OH,AGL,CE,Combined TRACON& Tower with Radar,241,96,21,0,358,0,0,5,0,5,241,96,26,0,363,0,0,0,363
12/20/2017,CLE,OH,AGL,CE,Combined TRACON& Tower with Radar,241,106,12,0,359,0,2,0,0,2,241,108,12,0,361,0,0,0,361
12/21/2017,CLE,OH,AGL,CE,Combined TRACON& Tower with Radar,234,103,9,0,346,0,1,1,0,2,234,104,10,0,348,0,0,0,348
12/22/2017,CLE,OH,AGL,CE,Combined TRACON& Tower with Radar,230,118,22,0,370,0,1,0,0,1,230,119,22,0,371,0,0,0,371
12/23/2017,CLE,OH,AGL,CE,Combined TRACON& Tower with Radar,202,83,18,0,303,0,0,0,0,0,202,83,18,0,303,0,0,0,303
12/24/2017,CLE,OH,AGL,CE,Combined TRACON& Tower with Radar,165,69,2,0,236,0,0,0,0,0,165,69,2,0,236,0,0,0,236
12/25/2017,CLE,OH,AGL,CE,Combined TRACON& Tower with Radar,169,64,1,0,234,0,0,0,0,0,169,64,1,0,234,0,0,0,234
12/26/2017,CLE,OH,AGL,CE,Combined TRACON& Tower with Radar,207,94,22,0,323,0,0,0,0,0,207,94,22,0,323,0,0,0,323
12/27/2017,CLE,OH,AGL,CE,Combined TRACON& Tower with Radar,207,99,4,0,310,0,0,0,0,0,207,99,4,0,310,0,0,0,310
12/28/2017,CLE,OH,AGL,CE,Combined TRACON& Tower with Radar,220,77,14,0,311,0,1,0,0,1,220,78,14,0,312,0,0,0,312
12/29/2017,CLE,OH,AGL,CE,Combined TRACON& Tower with Radar,217,79,5,0,301,0,0,0,0,0,217,79,5,0,301,0,0,0,301
12/30/2017,CLE,OH,AGL,CE,Combined TRACON& Tower with Radar,182,66,3,0,251,0,0,0,0,0,182,66,3,0,251,0,0,0,251
12/31/2017,CLE,OH,AGL,CE,Combined TRACON& Tower with Radar,174,64,7,0,245,0,3,0,0,3,174,67,7,0,248,0,0,0,248
01/01/2018,CLE,OH,AGL,CE,Combined TRACON& Tower with Radar,170,82,10,0,262,1,0,0,0,1,171,82,10,0,263,0,0,0,263
01/02/2018,CLE,OH,AGL,CE,Combined TRACON& Tower with Radar,216,96,15,0,327,0,0,2,0,2,216,96,17,0,329,0,0,0,329
01/03/2018,CLE,OH,AGL,CE,Combined TRACON& Tower with Radar,213,92,13,0,318,0,0,0,0,0,213,92,13,0,318,0,0,0,318
01/04/2018,CLE,OH,AGL,CE,Combined TRACON& Tower with Radar,210,48,12,0,270,0,0,0,0,0,210,48,12,0,270,0,0,0,270
01/05/2018,CLE,OH,AGL,CE,Combined TRACON& Tower with Radar,217,80,13,0,310,0,3,0,1,4,217,83,13,1,314,0,0,0,314
01/06/2018,CLE,OH,AGL,CE,Combined TRACON& Tower with Radar,178,61,8,0,247,0,0,1,0,1,178,61,9,0,248,0,0,0,248
01/07/2018,CLE,OH,AGL,CE,Combined TRACON& Tower with Radar,192,87,6,0,285,0,0,0,0,0,192,87,6,0,285,0,0,0,285
01/08/2018,CLE,OH,AGL,CE,Combined TRACON& Tower with Radar,203,110,19,0,332,0,0,0,0,0,203,110,19,0,332,0,0,0,332
01/09/2018,CLE,OH,AGL,CE,Combined TRACON& Tower with Radar,206,107,21,0,334,0,0,0,0,0,206,107,21,0,334,0,0,0,334
01/10/2018,CLE,OH,AGL,CE,Combined TRACON& Tower with Radar,202,126,23,0,351,0,0,4,0,4,202,126,27,0,355,0,0,0,355
01/11/2018,CLE,OH,AGL,CE,Combined TRACON& Tower with Radar,218,105,16,0,339,0,1,2,0,3,218,106,18,0,342,0,0,0,342
01/12/2018,CLE,OH,AGL,CE,Combined TRACON& Tower with Radar,197,81,19,0,297,0,0,0,0,0,197,81,19,0,297,0,0,0,297
01/13/2018,CLE,OH,AGL,CE,Combined TRACON& Tower with Radar,178,48,11,0,237,0,0,2,0,2,178,48,13,0,239,0,0,0,239
01/14/2018,CLE,OH,AGL,CE,Combined TRACON& Tower with Radar,186,88,8,0,282,0,0,0,0,0,186,88,8,0,282,0,0,0,282
01/15/2018,CLE,OH,AGL,CE,Combined TRACON& Tower with Radar,203,109,21,0,333,0,0,0,0,0,203,109,21,0,333,0,0,0,333
01/16/2018,CLE,OH,AGL,CE,Combined TRACON& Tower with Radar,205,107,29,0,341,0,1,0,0,1,205,108,29,0,342,0,0,0,342
01/17/2018,CLE,OH,AGL,CE,Combined TRACON& Tower with Radar,201,106,15,2,324,0,0,0,0,0,201,106,15,2,324,0,0,0,324
01/18/2018,CLE,OH,AGL,CE,Combined TRACON& Tower with Radar,219,119,21,1,360,0,0,1,1,2,219,119,22,2,362,0,0,0,362
01/19/2018,CLE,OH,AGL,CE,Combined TRACON& Tower with Radar,219,116,22,0,357,0,2,3,0,5,219,118,25,0,362,0,0,0,362
01/20/2018,CLE,OH,AGL,CE,Combined TRACON& Tower with Radar,171,57,14,0,242,0,0,3,1,4,171,57,17,1,246,0,0,0,246
01/21/2018,CLE,OH,AGL,CE,Combined TRACON& Tower with Radar,198,94,20,0,312,0,0,0,0,0,198,94,20,0,312,0,0,0,312
01/22/2018,CLE,OH,AGL,CE,Combined TRACON& Tower with Radar,209,112,18,0,339,0,0,1,0,1,209,112,19,0,340,0,0,0,340
01/23/2018,CLE,OH,AGL,CE,Combined TRACON& Tower with Radar,205,106,11,0,322,0,1,1,0,2,205,107,12,0,324,0,0,0,324
01/24/2018,CLE,OH,AGL,CE,Combined TRACON& Tower with Radar,212,116,22,0,350,0,0,0,0,0,212,116,22,0,350,0,0,0,350
01/25/2018,CLE,OH,AGL,CE,Combined TRACON& Tower with Radar,233,122,21,0,376,0,1,0,0,1,233,123,21,0,377,0,0,0,377
01/26/2018,CLE,OH,AGL,CE,Combined TRACON& Tower with Radar,220,107,12,0,339,0,0,2,0,2,220,107,14,0,341,0,0,0,341
01/27/2018,CLE,OH,AGL,CE,Combined TRACON& Tower with Radar,173,59,16,0,248,0,0,0,0,0,173,59,16,0,248,0,0,0,248
01/28/2018,CLE,OH,AGL,CE,Combined TRACON& Tower with Radar,200,98,19,0,317,0,1,0,0,1,200,99,19,0,318,0,0,0,318
01/29/2018,CLE,OH,AGL,CE,Combined TRACON& Tower with Radar,194,99,25,0,318,0,1,0,0,1,194,100,25,0,319,0,0,0,319
01/30/2018,CLE,OH,AGL,CE,Combined TRACON& Tower with Radar,229,113,18,0,360,0,0,0,0,0,229,113,18,0,360,0,0,0,360
01/31/2018,CLE,OH,AGL,CE,Combined TRACON& Tower with Radar,214,103,23,0,340,0,1,0,0,1,214,104,23,0,341,0,0,0,341
02/01/2018,CLE,OH,AGL,CE,Combined TRACON& Tower with Radar,222,101,26,2,351,0,0,2,2,4,222,101,28,4,355,0,0,0,355
02/02/2018,CLE,OH,AGL,CE,Combined TRACON& Tower with Radar,219,111,18,0,348,0,0,1,0,1,219,111,19,0,349,0,0,0,349
02/03/2018,CLE,OH,AGL,CE,Combined TRACON& Tower with Radar,164,54,12,0,230,0,0,0,0,0,164,54,12,0,230,0,0,0,230
02/04/2018,CLE,OH,AGL,CE,Combined TRACON& Tower with Radar,173,80,6,1,260,0,1,0,0,1,173,81,6,1,261,0,0,0,261
02/05/2018,CLE,OH,AGL,CE,Combined TRACON& Tower with Radar,203,115,31,0,349,0,0,2,0,2,203,115,33,0,351,0,0,0,351
02/06/2018,CLE,OH,AGL,CE,Combined TRACON& Tower with Radar,212,105,27,0,344,0,0,0,0,0,212,105,27,0,344,0,0,0,344
02/07/2018,CLE,OH,AGL,CE,Combined TRACON& Tower with Radar,205,109,22,0,336,0,0,0,0,0,205,109,22,0,336,0,0,0,336
02/08/2018,CLE,OH,AGL,CE,Combined TRACON& Tower with Radar,223,117,36,0,376,0,0,0,0,0,223,117,36,0,376,0,0,0,376
02/09/2018,CLE,OH,AGL,CE,Combined TRACON& Tower with Radar,212,109,11,0,332,0,0,0,0,0,212,109,11,0,332,0,0,0,332
02/10/2018,CLE,OH,AGL,CE,Combined TRACON& Tower with Radar,172,59,13,0,244,0,0,0,0,0,172,59,13,0,244,0,0,0,244
02/11/2018,CLE,OH,AGL,CE,Combined TRACON& Tower with Radar,201,84,13,0,298,0,0,0,0,0,201,84,13,0,298,0,0,0,298
02/12/2018,CLE,OH,AGL,CE,Combined TRACON& Tower with Radar,217,103,21,0,341,0,1,3,2,6,217,104,24,2,347,0,0,0,347
02/13/2018,CLE,OH,AGL,CE,Combined TRACON& Tower with Radar,211,104,26,0,341,0,1,4,2,7,211,105,30,2,348,0,0,0,348
02/14/2018,CLE,OH,AGL,CE,Combined TRACON& Tower with Radar,204,103,23,0,330,0,0,0,0,0,204,103,23,0,330,0,0,0,330
02/15/2018,CLE,OH,AGL,CE,Combined TRACON& Tower with Radar,221,132,17,0,370,0,0,0,0,0,221,132,17,0,370,0,0,0,370
02/16/2018,CLE,OH,AGL,CE,Combined TRACON& Tower with Radar,225,107,17,0,349,0,0,0,0,0,225,107,17,0,349,0,0,0,349
02/17/2018,CLE,OH,AGL,CE,Combined TRACON& Tower with Radar,151,78,8,0,237,0,0,1,0,1,151,78,9,0,238,0,0,0,238
02/18/2018,CLE,OH,AGL,CE,Combined TRACON& Tower with Radar,186,109,8,0,303,0,0,0,0,0,186,109,8,0,303,0,0,0,303
02/19/2018,CLE,OH,AGL,CE,Combined TRACON& Tower with Radar,201,108,26,0,335,0,0,0,0,0,201,108,26,0,335,0,0,0,335
02/20/2018,CLE,OH,AGL,CE,Combined TRACON& Tower with Radar,212,112,22,0,346,0,1,3,0,4,212,113,25,0,350,0,0,0,350
02/21/2018,CLE,OH,AGL,CE,Combined TRACON& Tower with Radar,222,114,22,0,358,0,0,0,0,0,222,114,22,0,358,0,0,0,358
02/22/2018,CLE,OH,AGL,CE,Combined TRACON& Tower with Radar,232,110,31,1,374,0,0,0,0,0,232,110,31,1,374,0,0,0,374
02/23/2018,CLE,OH,AGL,CE,Combined TRACON& Tower with Radar,228,115,22,0,365,0,0,0,0,0,228,115,22,0,365,0,0,0,365
02/24/2018,CLE,OH,AGL,CE,Combined TRACON& Tower with Radar,166,88,9,0,263,0,0,0,0,0,166,88,9,0,263,0,0,0,263
02/25/2018,CLE,OH,AGL,CE,Combined TRACON& Tower with Radar,212,122,13,1,348,0,0,0,0,0,212,122,13,1,348,0,0,0,348
02/26/2018,CLE,OH,AGL,CE,Combined TRACON& Tower with Radar,216,104,17,1,338,0,0,5,1,6,216,104,22,2,344,0,0,0,344
02/27/2018,CLE,OH,AGL,CE,Combined TRACON& Tower with Radar,221,96,34,1,352,0,1,10,0,11,221,97,44,1,363,0,0,0,363
02/28/2018,CLE,OH,AGL,CE,Combined TRACON& Tower with Radar,219,105,31,1,356,0,1,1,0,2,219,106,32,1,358,0,0,0,358
03/01/2018,CLE,OH,AGL,CE,Combined TRACON& Tower with Radar,205,102,16,0,323,0,0,0,0,0,205,102,16,0,323,0,0,0,323
03/02/2018,CLE,OH,AGL,CE,Combined TRACON& Tower with Radar,209,87,21,0,317,0,2,2,0,4,209,89,23,0,321,0,0,0,321
03/03/2018,CLE,OH,AGL,CE,Combined TRACON& Tower with Radar,164,86,17,0,267,0,2,1,0,3,164,88,18,0,270,0,0,0,270
03/04/2018,CLE,OH,AGL,CE,Combined TRACON& Tower with Radar,210,108,15,0,333,0,0,0,0,0,210,108,15,0,333,0,0,0,333
03/05/2018,CLE,OH,AGL,CE,Combined TRACON& Tower with Radar,221,115,21,1,358,0,0,3,1,4,221,115,24,2,362,0,0,0,362
03/06/2018,CLE,OH,AGL,CE,Combined TRACON& Tower with Radar,231,102,27,0,360,0,2,2,0,4,231,104,29,0,364,0,0,0,364
03/07/2018,CLE,OH,AGL,CE,Combined TRACON& Tower with Radar,198,82,23,0,303,0,0,0,0,0,198,82,23,0,303,0,0,0,303
03/08/2018,CLE,OH,AGL,CE,Combined TRACON& Tower with Radar,226,113,26,3,368,0,1,0,0,1,226,114,26,3,369,0,0,0,369
03/09/2018,CLE,OH,AGL,CE,Combined TRACON& Tower with Radar,229,106,23,1,359,0,0,19,0,19,229,106,42,1,378,0,0,0,378
03/10/2018,CLE,OH,AGL,CE,Combined TRACON& Tower with Radar,178,88,4,1,271,0,4,0,0,4,178,92,4,1,275,0,0,0,275
03/11/2018,CLE,OH,AGL,CE,Combined TRACON& Tower with Radar,213,93,12,1,319,0,0,0,0,0,213,93,12,1,319,0,0,0,319
03/12/2018,CLE,OH,AGL,CE,Combined TRACON& Tower with Radar,227,100,16,0,343,0,0,0,2,2,227,100,16,2,345,0,0,0,345
03/13/2018,CLE,OH,AGL,CE,Combined TRACON& Tower with Radar,226,100,22,0,348,0,0,0,0,0,226,100,22,0,348,0,0,0,348
03/14/2018,CLE,OH,AGL,CE,Combined TRACON& Tower with Radar,228,111,19,0,358,0,1,0,0,1,228,112,19,0,359,0,0,0,359
03/15/2018,CLE,OH,AGL,CE,Combined TRACON& Tower with Radar,244,102,27,2,375,0,0,6,0,6,244,102,33,2,381,0,0,0,381
03/16/2018,CLE,OH,AGL,CE,Combined TRACON& Tower with Radar,234,113,25,1,373,0,0,0,0,0,234,113,25,1,373,0,0,0,373
03/17/2018,CLE,OH,AGL,CE,Combined TRACON& Tower with Radar,180,82,7,0,269,0,0,1,0,1,180,82,8,0,270,0,0,0,270
03/18/2018,CLE,OH,AGL,CE,Combined TRACON& Tower with Radar,216,100,18,1,335,0,1,6,0,7,216,101,24,1,342,0,0,0,342
03/19/2018,CLE,OH,AGL,CE,Combined TRACON& Tower with Radar,232,111,23,4,370,0,0,0,0,0,232,111,23,4,370,0,0,0,370
03/20/2018,CLE,OH,AGL,CE,Combined TRACON& Tower with Radar,231,96,19,2,348,0,2,2,0,4,231,98,21,2,352,0,0,0,352
03/21/2018,CLE,OH,AGL,CE,Combined TRACON& Tower with Radar,207,73,15,0,295,0,1,1,0,2,207,74,16,0,297,0,0,0,297
03/22/2018,CLE,OH,AGL,CE,Combined TRACON& Tower with Radar,235,102,14,2,353,0,1,13,0,14,235,103,27,2,367,0,0,0,367
03/23/2018,CLE,OH,AGL,CE,Combined TRACON& Tower with Radar,234,111,16,1,362,0,4,6,0,10,234,115,22,1,372,0,0,0,372
03/24/2018,CLE,OH,AGL,CE,Combined TRACON& Tower with Radar,180,86,8,0,274,0,2,4,0,6,180,88,12,0,280,0,0,0,280
03/25/2018,CLE,OH,AGL,CE,Combined TRACON& Tower with Radar,215,100,18,0,333,0,1,12,0,13,215,101,30,0,346,0,0,0,346
03/26/2018,CLE,OH,AGL,CE,Combined TRACON& Tower with Radar,222,105,29,2,358,0,1,1,1,3,222,106,30,3,361,0,0,0,361
03/27/2018,CLE,OH,AGL,CE,Combined TRACON& Tower with Radar,231,102,16,0,349,0,1,0,0,1,231,103,16,0,350,0,0,0,350
03/28/2018,CLE,OH,AGL,CE,Combined TRACON& Tower with Radar,228,112,18,1,359,0,0,0,0,0,228,112,18,1,359,0,0,0,359
03/29/2018,CLE,OH,AGL,CE,Combined TRACON& Tower with Radar,244,119,18,1,382,0,0,0,0,0,244,119,18,1,382,0,0,0,382
03/30/2018,CLE,OH,AGL,CE,Combined TRACON& Tower with Radar,243,108,16,2,369,0,2,0,0,2,243,110,16,2,371,0,0,0,371
03/31/2018,CLE,OH,AGL,CE,Combined TRACON& Tower with Radar,178,86,3,0,267,0,0,0,0,0,178,86,3,0,267,0,0,0,267
04/01/2018,CLE,OH,AGL,CE,Combined TRACON& Tower with Radar,206,93,9,0,308,0,0,0,0,0,206,93,9,0,308,0,0,0,308
04/02/2018,CLE,OH,AGL,CE,Combined TRACON& Tower with Radar,213,117,14,1,345,0,2,2,1,5,213,119,16,2,350,0,0,0,350
04/03/2018,CLE,OH,AGL,CE,Combined TRACON& Tower with Radar,233,116,15,0,364,0,2,0,0,2,233,118,15,0,366,0,0,0,366
04/04/2018,CLE,OH,AGL,CE,Combined TRACON& Tower with Radar,238,106,11,1,356,0,0,0,0,0,238,106,11,1,356,0,0,0,356
04/05/2018,CLE,OH,AGL,CE,Combined TRACON& Tower with Radar,243,116,36,0,395,0,1,0,0,1,243,117,36,0,396,0,0,0,396
04/06/2018,CLE,OH,AGL,CE,Combined TRACON& Tower with Radar,233,107,20,2,362,0,0,1,1,2,233,107,21,3,364,0,0,0,364
04/07/2018,CLE,OH,AGL,CE,Combined TRACON& Tower with Radar,177,85,7,1,270,0,0,0,0,0,177,85,7,1,270,0,0,0,270
04/08/2018,CLE,OH,AGL,CE,Combined TRACON& Tower with Radar,221,96,22,0,339,0,0,0,0,0,221,96,22,0,339,0,0,0,339
04/09/2018,CLE,OH,AGL,CE,Combined TRACON& Tower with Radar,230,100,22,0,352,0,1,1,0,2,230,101,23,0,354,0,0,0,354
04/10/2018,CLE,OH,AGL,CE,Combined TRACON& Tower with Radar,234,115,36,0,385,0,1,0,0,1,234,116,36,0,386,0,0,0,386
04/11/2018,CLE,OH,AGL,CE,Combined TRACON& Tower with Radar,240,112,27,0,379,0,2,11,1,14,240,114,38,1,393,0,0,0,393
04/12/2018,CLE,OH,AGL,CE,Combined TRACON& Tower with Radar,253,103,32,0,388,0,0,3,0,3,253,103,35,0,391,0,0,0,391
04/13/2018,CLE,OH,AGL,CE,Combined TRACON& Tower with Radar,239,109,16,2,366,0,1,0,0,1,239,110,16,2,367,0,0,0,367
04/14/2018,CLE,OH,AGL,CE,Combined TRACON& Tower with Radar,166,100,7,0,273,0,1,0,0,1,166,101,7,0,274,0,0,0,274
04/15/2018,CLE,OH,AGL,CE,Combined TRACON& Tower with Radar,206,113,25,0,344,0,0,0,0,0,206,113,25,0,344,0,0,0,344
04/16/2018,CLE,OH,AGL,CE,Combined TRACON& Tower with Radar,238,95,26,0,359,0,0,0,0,0,238,95,26,0,359,0,0,0,359
04/17/2018,CLE,OH,AGL,CE,Combined TRACON& Tower with Radar,241,104,25,0,370,0,0,0,0,0,241,104,25,0,370,0,0,0,370
04/18/2018,CLE,OH,AGL,CE,Combined TRACON& Tower with Radar,231,104,30,0,365,0,4,4,0,8,231,108,34,0,373,0,0,0,373
04/19/2018,CLE,OH,AGL,CE,Combined TRACON& Tower with Radar,254,104,30,3,391,0,0,0,0,0,254,104,30,3,391,0,0,0,391
04/20/2018,CLE,OH,AGL,CE,Combined TRACON& Tower with Radar,239,98,18,1,356,0,2,4,0,6,239,100,22,1,362,0,0,0,362
04/21/2018,CLE,OH,AGL,CE,Combined TRACON& Tower with Radar,163,84,8,0,255,0,1,0,0,1,163,85,8,0,256,0,0,0,256
04/22/2018,CLE,OH,AGL,CE,Combined TRACON& Tower with Radar,216,111,15,0,342,0,2,2,0,4,216,113,17,0,346,0,0,0,346
04/23/2018,CLE,OH,AGL,CE,Combined TRACON& Tower with Radar,232,115,28,0,375,0,1,2,3,6,232,116,30,3,381,0,0,0,381
04/24/2018,CLE,OH,AGL,CE,Combined TRACON& Tower with Radar,242,107,15,0,364,0,1,0,0,1,242,108,15,0,365,0,0,0,365
04/25/2018,CLE,OH,AGL,CE,Combined TRACON& Tower with Radar,222,114,48,2,386,0,1,1,0,2,222,115,49,2,388,0,0,0,388
04/26/2018,CLE,OH,AGL,CE,Combined TRACON& Tower with Radar,262,111,38,0,411,0,1,1,0,2,262,112,39,0,413,0,0,0,413
04/27/2018,CLE,OH,AGL,CE,Combined TRACON& Tower with Radar,242,102,26,1,371,0,1,1,0,2,242,103,27,1,373,0,0,0,373
04/28/2018,CLE,OH,AGL,CE,Combined TRACON& Tower with Radar,173,87,6,0,266,0,2,2,0,4,173,89,8,0,270,0,0,0,270
04/29/2018,CLE,OH,AGL,CE,Combined TRACON& Tower with Radar,226,93,18,1,338,0,0,3,0,3,226,93,21,1,341,0,0,0,341
04/30/2018,CLE,OH,AGL,CE,Combined TRACON& Tower with Radar,237,99,25,0,361,0,1,5,0,6,237,100,30,0,367,0,0,0,367
05/01/2018,CLE,OH,AGL,CE,Combined TRACON& Tower with Radar,237,104,33,0,374,0,1,3,0,4,237,105,36,0,378,0,0,0,378
05/02/2018,CLE,OH,AGL,CE,Combined TRACON& Tower with Radar,234,97,31,2,364,0,4,1,0,5,234,101,32,2,369,0,0,0,369
05/03/2018,CLE,OH,AGL,CE,Combined TRACON& Tower with Radar,252,113,27,0,392,0,2,0,0,2,252,115,27,0,394,0,0,0,394
05/04/2018,CLE,OH,AGL,CE,Combined TRACON& Tower with Radar,241,103,38,0,382,0,3,1,0,4,241,106,39,0,386,0,0,0,386
05/05/2018,CLE,OH,AGL,CE,Combined TRACON& Tower with Radar,167,69,12,2,250,0,0,0,2,2,167,69,12,4,252,0,0,0,252
05/06/2018,CLE,OH,AGL,CE,Combined TRACON& Tower with Radar,219,97,23,2,341,0,0,1,0,1,219,97,24,2,342,0,0,0,342
05/07/2018,CLE,OH,AGL,CE,Combined TRACON& Tower with Radar,236,110,24,0,370,0,2,1,0,3,236,112,25,0,373,0,0,0,373
05/08/2018,CLE,OH,AGL,CE,Combined TRACON& Tower with Radar,233,115,16,1,365,0,0,6,1,7,233,115,22,2,372,0,0,0,372
05/09/2018,CLE,OH,AGL,CE,Combined TRACON& Tower with Radar,227,106,23,0,356,0,1,1,0,2,227,107,24,0,358,0,0,0,358
05/10/2018,CLE,OH,AGL,CE,Combined TRACON& Tower with Radar,253,112,24,0,389,0,2,2,0,4,253,114,26,0,393,0,0,0,393
05/11/2018,CLE,OH,AGL,CE,Combined TRACON& Tower with Radar,244,109,35,0,388,0,1,0,0,1,244,110,35,0,389,0,0,0,389
05/12/2018,CLE,OH,AGL,CE,Combined TRACON& Tower with Radar,159,84,9,0,252,0,1,1,0,2,159,85,10,0,254,0,0,0,254
05/13/2018,CLE,OH,AGL,CE,Combined TRACON& Tower with Radar,217,107,12,0,336,0,0,0,0,0,217,107,12,0,336,0,0,0,336
05/14/2018,CLE,OH,AGL,CE,Combined TRACON& Tower with Radar,218,98,16,0,332,0,0,1,0,1,218,98,17,0,333,0,0,0,333
05/15/2018,CLE,OH,AGL,CE,Combined TRACON& Tower with Radar,220,103,22,0,345,0,1,0,0,1,220,104,22,0,346,0,0,0,346
05/16/2018,CLE,OH,AGL,CE,Combined TRACON& Tower with Radar,232,115,36,0,383,0,0,1,0,1,232,115,37,0,384,0,0,0,384
05/17/2018,CLE,OH,AGL,CE,Combined TRACON& Tower with Radar,248,104,26,0,378,0,0,2,0,2,248,104,28,0,380,0,0,0,380
05/18/2018,CLE,OH,AGL,CE,Combined TRACON& Tower with Radar,250,99,29,0,378,0,0,1,0,1,250,99,30,0,379,0,0,0,379
05/19/2018,CLE,OH,AGL,CE,Combined TRACON& Tower with Radar,173,82,10,0,265,0,0,4,0,4,173,82,14,0,269,0,0,0,269
05/20/2018,CLE,OH,AGL,CE,Combined TRACON& Tower with Radar,214,102,20,0,336,0,0,0,0,0,214,102,20,0,336,0,0,0,336
05/21/2018,CLE,OH,AGL,CE,Combined TRACON& Tower with Radar,244,112,25,0,381,0,1,3,0,4,244,113,28,0,385,0,0,0,385
05/22/2018,CLE,OH,AGL,CE,Combined TRACON& Tower with Radar,238,120,29,0,387,0,0,0,0,0,238,120,29,0,387,0,0,0,387
05/23/2018,CLE,OH,AGL,CE,Combined TRACON& Tower with Radar,227,110,26,0,363,0,1,1,0,2,227,111,27,0,365,0,0,0,365
05/24/2018,CLE,OH,AGL,CE,Combined TRACON& Tower with Radar,256,109,31,2,398,0,1,9,1,11,256,110,40,3,409,0,0,0,409
05/25/2018,CLE,OH,AGL,CE,Combined TRACON& Tower with Radar,243,114,22,0,379,0,0,3,1,4,243,114,25,1,383,0,0,0,383
05/26/2018,CLE,OH,AGL,CE,Combined TRACON& Tower with Radar,171,82,6,1,260,0,2,1,0,3,171,84,7,1,263,0,0,0,263
05/27/2018,CLE,OH,AGL,CE,Combined TRACON& Tower with Radar,183,82,3,1,269,0,1,0,0,1,183,83,3,1,270,0,0,0,270
05/28/2018,CLE,OH,AGL,CE,Combined TRACON& Tower with Radar,224,100,8,1,333,0,0,0,0,0,224,100,8,1,333,0,0,0,333
05/29/2018,CLE,OH,AGL,CE,Combined TRACON& Tower with Radar,241,109,20,2,372,0,0,2,0,2,241,109,22,2,374,0,0,0,374
05/30/2018,CLE,OH,AGL,CE,Combined TRACON& Tower with Radar,234,107,19,2,362,0,0,0,0,0,234,107,19,2,362,0,0,0,362
05/31/2018,CLE,OH,AGL,CE,Combined TRACON& Tower with Radar,246,105,28,0,379,0,0,4,0,4,246,105,32,0,383,0,0,0,383
06/01/2018,CLE,OH,AGL,CE,Combined TRACON& Tower with Radar,241,110,26,0,377,0,2,1,0,3,241,112,27,0,380,0,0,0,380
06/02/2018,CLE,OH,AGL,CE,Combined TRACON& Tower with Radar,169,90,8,0,267,0,0,0,0,0,169,90,8,0,267,0,0,0,267
06/03/2018,CLE,OH,AGL,CE,Combined TRACON& Tower with Radar,217,97,22,0,336,0,0,0,0,0,217,97,22,0,336,0,0,0,336
06/04/2018,CLE,OH,AGL,CE,Combined TRACON& Tower with Radar,242,115,21,0,378,0,0,0,0,0,242,115,21,0,378,0,0,0,378
06/05/2018,CLE,OH,AGL,CE,Combined TRACON& Tower with Radar,244,110,21,0,375,0,1,0,0,1,244,111,21,0,376,0,0,0,376
06/06/2018,CLE,OH,AGL,CE,Combined TRACON& Tower with Radar,233,116,41,0,390,0,0,1,1,2,233,116,42,1,392,0,0,0,392
06/07/2018,CLE,OH,AGL,CE,Combined TRACON& Tower with Radar,249,126,37,0,412,0,1,1,0,2,249,127,38,0,414,0,0,0,414
06/08/2018,CLE,OH,AGL,CE,Combined TRACON& Tower with Radar,263,116,24,0,403,0,5,4,0,9,263,121,28,0,412,0,0,0,412
06/09/2018,CLE,OH,AGL,CE,Combined TRACON& Tower with Radar,202,79,10,0,291,0,0,1,0,1,202,79,11,0,292,0,0,0,292
06/10/2018,CLE,OH,AGL,CE,Combined TRACON& Tower with Radar,220,107,18,0,345,0,0,0,0,0,220,107,18,0,345,0,0,0,345
06/11/2018,CLE,OH,AGL,CE,Combined TRACON& Tower with Radar,249,117,28,3,397,0,1,1,0,2,249,118,29,3,399,0,0,0,399
06/12/2018,CLE,OH,AGL,CE,Combined TRACON& Tower with Radar,259,111,25,0,395,0,0,1,0,1,259,111,26,0,396,0,0,0,396
06/13/2018,CLE,OH,AGL,CE,Combined TRACON& Tower with Radar,252,111,25,0,388,0,0,3,0,3,252,111,28,0,391,0,0,0,391
06/14/2018,CLE,OH,AGL,CE,Combined TRACON& Tower with Radar,253,114,43,2,412,0,0,4,2,6,253,114,47,4,418,0,0,0,418
06/15/2018,CLE,OH,AGL,CE,Combined TRACON& Tower with Radar,254,117,36,0,407,0,2,9,2,13,254,119,45,2,420,0,0,0,420
06/16/2018,CLE,OH,AGL,CE,Combined TRACON& Tower with Radar,192,73,2,0,267,0,1,0,0,1,192,74,2,0,268,0,0,0,268
06/17/2018,CLE,OH,AGL,CE,Combined TRACON& Tower with Radar,218,115,17,0,350,0,1,2,0,3,218,116,19,0,353,0,0,0,353
06/18/2018,CLE,OH,AGL,CE,Combined TRACON& Tower with Radar,248,100,31,0,379,0,0,1,0,1,248,100,32,0,380,0,0,0,380
06/19/2018,CLE,OH,AGL,CE,Combined TRACON& Tower with Radar,241,103,37,0,381,0,0,0,0,0,241,103,37,0,381,0,0,0,381
06/20/2018,CLE,OH,AGL,CE,Combined TRACON& Tower with Radar,237,102,31,0,370,0,0,1,1,2,237,102,32,1,372,0,0,0,372
06/21/2018,CLE,OH,AGL,CE,Combined TRACON& Tower with Radar,249,112,31,0,392,0,0,1,0,1,249,112,32,0,393,0,0,0,393
06/22/2018,CLE,OH,AGL,CE,Combined TRACON& Tower with Radar,261,114,32,0,407,0,0,0,0,0,261,114,32,0,407,0,0,0,407
06/23/2018,CLE,OH,AGL,CE,Combined TRACON& Tower with Radar,201,80,7,0,288,0,0,0,0,0,201,80,7,0,288,0,0,0,288
06/24/2018,CLE,OH,AGL,CE,Combined TRACON& Tower with Radar,217,86,8,0,311,0,0,0,0,0,217,86,8,0,311,0,0,0,311
06/25/2018,CLE,OH,AGL,CE,Combined TRACON& Tower with Radar,258,109,27,0,394,0,0,2,0,2,258,109,29,0,396,0,0,0,396
06/26/2018,CLE,OH,AGL,CE,Combined TRACON& Tower with Radar,250,110,26,2,388,0,3,2,0,5,250,113,28,2,393,0,0,0,393
06/27/2018,CLE,OH,AGL,CE,Combined TRACON& Tower with Radar,244,129,28,0,401,0,3,0,0,3,244,132,28,0,404,0,0,0,404
06/28/2018,CLE,OH,AGL,CE,Combined TRACON& Tower with Radar,247,105,28,4,384,0,4,2,0,6,247,109,30,4,390,0,0,0,390
06/29/2018,CLE,OH,AGL,CE,Combined TRACON& Tower with Radar,260,116,27,0,403,0,2,3,0,5,260,118,30,0,408,0,0,0,408
06/30/2018,CLE,OH,AGL,CE,Combined TRACON& Tower with Radar,205,79,13,0,297,0,0,0,0,0,205,79,13,0,297,0,0,0,297
07/01/2018,CLE,OH,AGL,CE,Combined TRACON& Tower with Radar,210,99,13,0,322,0,0,1,0,1,210,99,14,0,323,0,0,0,323
07/02/2018,CLE,OH,AGL,CE,Combined TRACON& Tower with Radar,215,92,18,0,325,0,1,1,0,2,215,93,19,0,327,0,0,0,327
07/03/2018,CLE,OH,AGL,CE,Combined TRACON& Tower with Radar,209,96,32,0,337,0,0,2,0,2,209,96,34,0,339,0,0,0,339
07/04/2018,CLE,OH,AGL,CE,Combined TRACON& Tower with Radar,177,66,10,0,253,0,0,2,0,2,177,66,12,0,255,0,0,0,255
07/05/2018,CLE,OH,AGL,CE,Combined TRACON& Tower with Radar,219,102,18,1,340,0,0,1,1,2,219,102,19,2,342,0,0,0,342
07/06/2018,CLE,OH,AGL,CE,Combined TRACON& Tower with Radar,225,103,22,0,350,0,0,1,0,1,225,103,23,0,351,0,0,0,351
07/07/2018,CLE,OH,AGL,CE,Combined TRACON& Tower with Radar,199,74,8,0,281,0,0,2,1,3,199,74,10,1,284,0,0,0,284
07/08/2018,CLE,OH,AGL,CE,Combined TRACON& Tower with Radar,233,114,14,0,361,0,0,4,0,4,233,114,18,0,365,0,0,0,365
07/09/2018,CLE,OH,AGL,CE,Combined TRACON& Tower with Radar,251,109,22,1,383,0,0,2,1,3,251,109,24,2,386,0,0,0,386
07/10/2018,CLE,OH,AGL,CE,Combined TRACON& Tower with Radar,253,122,20,0,395,0,0,2,0,2,253,122,22,0,397,0,0,0,397
07/11/2018,CLE,OH,AGL,CE,Combined TRACON& Tower with Radar,252,120,32,0,404,0,4,5,0,9,252,124,37,0,413,0,0,0,413
07/12/2018,CLE,OH,AGL,CE,Combined TRACON& Tower with Radar,261,107,33,0,401,0,3,21,5,29,261,110,54,5,430,0,0,0,430
07/13/2018,CLE,OH,AGL,CE,Combined TRACON& Tower with Radar,265,112,14,0,391,0,1,6,3,10,265,113,20,3,401,0,0,0,401
07/14/2018,CLE,OH,AGL,CE,Combined TRACON& Tower with Radar,205,65,11,0,281,1,5,2,1,9,206,70,13,1,290,0,0,0,290
07/15/2018,CLE,OH,AGL,CE,Combined TRACON& Tower with Radar,223,102,19,0,344,0,0,2,0,2,223,102,21,0,346,0,0,0,346
07/16/2018,CLE,OH,AGL,CE,Combined TRACON& Tower with Radar,255,99,27,0,381,0,1,2,0,3,255,100,29,0,384,0,0,0,384
07/17/2018,CLE,OH,AGL,CE,Combined TRACON& Tower with Radar,258,89,31,0,378,0,1,1,1,3,258,90,32,1,381,0,0,0,381
07/18/2018,CLE,OH,AGL,CE,Combined TRACON& Tower with Radar,254,119,30,0,403,0,0,5,0,5,254,119,35,0,408,0,0,0,408
07/19/2018,CLE,OH,AGL,CE,Combined TRACON& Tower with Radar,262,112,35,0,409,0,1,5,0,6,262,113,40,0,415,0,0,0,415
07/20/2018,CLE,OH,AGL,CE,Combined TRACON& Tower with Radar,253,112,24,0,389,0,0,6,0,6,253,112,30,0,395,0,0,0,395
07/21/2018,CLE,OH,AGL,CE,Combined TRACON& Tower with Radar,207,75,5,0,287,0,1,0,2,3,207,76,5,2,290,0,0,0,290
07/22/2018,CLE,OH,AGL,CE,Combined TRACON& Tower with Radar,235,105,20,0,360,0,0,0,0,0,235,105,20,0,360,0,0,0,360
07/23/2018,CLE,OH,AGL,CE,Combined TRACON& Tower with Radar,243,103,22,1,369,0,0,0,0,0,243,103,22,1,369,0,0,0,369
07/24/2018,CLE,OH,AGL,CE,Combined TRACON& Tower with Radar,260,98,18,0,376,0,0,0,0,0,260,98,18,0,376,0,0,0,376
07/25/2018,CLE,OH,AGL,CE,Combined TRACON& Tower with Radar,245,101,14,0,360,0,1,1,1,3,245,102,15,1,363,0,0,0,363
07/26/2018,CLE,OH,AGL,CE,Combined TRACON& Tower with Radar,266,116,12,0,394,0,0,2,0,2,266,116,14,0,396,0,0,0,396
07/27/2018,CLE,OH,AGL,CE,Combined TRACON& Tower with Radar,252,100,14,0,366,0,1,3,0,4,252,101,17,0,370,0,0,0,370
07/28/2018,CLE,OH,AGL,CE,Combined TRACON& Tower with Radar,212,75,13,0,300,0,1,2,0,3,212,76,15,0,303,0,0,0,303
07/29/2018,CLE,OH,AGL,CE,Combined TRACON& Tower with Radar,236,106,9,0,351,0,0,1,0,1,236,106,10,0,352,0,0,0,352
07/30/2018,CLE,OH,AGL,CE,Combined TRACON& Tower with Radar,256,115,19,1,391,0,1,5,0,6,256,116,24,1,397,0,0,0,397
07/31/2018,CLE,OH,AGL,CE,Combined TRACON& Tower with Radar,250,110,21,0,381,0,0,1,0,1,250,110,22,0,382,0,0,0,382
08/01/2018,CLE,OH,AGL,CE,Combined TRACON& Tower with Radar,246,106,31,0,383,0,3,1,0,4,246,109,32,0,387,0,0,0,387
08/02/2018,CLE,OH,AGL,CE,Combined TRACON& Tower with Radar,244,104,20,0,368,0,1,2,0,3,244,105,22,0,371,0,0,0,371
08/03/2018,CLE,OH,AGL,CE,Combined TRACON& Tower with Radar,264,94,24,0,382,0,2,2,0,4,264,96,26,0,386,0,0,0,386
08/04/2018,CLE,OH,AGL,CE,Combined TRACON& Tower with Radar,203,81,10,0,294,0,0,2,0,2,203,81,12,0,296,0,0,0,296
08/05/2018,CLE,OH,AGL,CE,Combined TRACON& Tower with Radar,235,110,15,0,360,0,0,0,0,0,235,110,15,0,360,0,0,0,360
08/06/2018,CLE,OH,AGL,CE,Combined TRACON& Tower with Radar,247,110,17,0,374,0,0,4,0,4,247,110,21,0,378,0,0,0,378
08/07/2018,CLE,OH,AGL,CE,Combined TRACON& Tower with Radar,252,97,27,0,376,0,4,0,0,4,252,101,27,0,380,0,0,0,380
08/08/2018,CLE,OH,AGL,CE,Combined TRACON& Tower with Radar,237,102,23,4,366,0,2,2,0,4,237,104,25,4,370,0,0,0,370
08/09/2018,CLE,OH,AGL,CE,Combined TRACON& Tower with Radar,251,110,35,2,398,0,1,3,2,6,251,111,38,4,404,0,0,0,404
08/10/2018,CLE,OH,AGL,CE,Combined TRACON& Tower with Radar,261,110,22,0,393,0,1,2,0,3,261,111,24,0,396,0,0,0,396
08/11/2018,CLE,OH,AGL,CE,Combined TRACON& Tower with Radar,190,70,15,0,275,0,5,3,0,8,190,75,18,0,283,0,0,0,283
08/12/2018,CLE,OH,AGL,CE,Combined TRACON& Tower with Radar,220,102,15,0,337,0,0,0,0,0,220,102,15,0,337,0,0,0,337
08/13/2018,CLE,OH,AGL,CE,Combined TRACON& Tower with Radar,246,110,14,1,371,0,0,1,1,2,246,110,15,2,373,0,0,0,373
08/14/2018,CLE,OH,AGL,CE,Combined TRACON& Tower with Radar,235,84,30,0,349,0,0,6,0,6,235,84,36,0,355,0,0,0,355
08/15/2018,CLE,OH,AGL,CE,Combined TRACON& Tower with Radar,247,111,27,0,385,0,0,2,0,2,247,111,29,0,387,0,0,0,387
08/16/2018,CLE,OH,AGL,CE,Combined TRACON& Tower with Radar,256,116,39,2,413,0,1,1,0,2,256,117,40,2,415,0,0,0,415
08/17/2018,CLE,OH,AGL,CE,Combined TRACON& Tower with Radar,240,108,23,1,372,0,1,0,0,1,240,109,23,1,373,0,0,0,373
08/18/2018,CLE,OH,AGL,CE,Combined TRACON& Tower with Radar,184,74,14,0,272,0,0,0,0,0,184,74,14,0,272,0,0,0,272
08/19/2018,CLE,OH,AGL,CE,Combined TRACON& Tower with Radar,227,110,10,1,348,0,1,3,0,4,227,111,13,1,352,0,0,0,352
08/20/2018,CLE,OH,AGL,CE,Combined TRACON& Tower with Radar,242,110,30,1,383,0,0,5,1,6,242,110,35,2,389,0,0,0,389
08/21/2018,CLE,OH,AGL,CE,Combined TRACON& Tower with Radar,241,102,28,0,371,0,0,0,0,0,241,102,28,0,371,0,0,0,371
08/22/2018,CLE,OH,AGL,CE,Combined TRACON& Tower with Radar,247,108,24,0,379,0,3,2,0,5,247,111,26,0,384,0,0,0,384
08/23/2018,CLE,OH,AGL,CE,Combined TRACON& Tower with Radar,261,109,29,0,399,0,1,3,0,4,261,110,32,0,403,0,0,0,403
08/24/2018,CLE,OH,AGL,CE,Combined TRACON& Tower with Radar,244,103,29,0,376,1,1,2,0,4,245,104,31,0,380,0,0,0,380
08/25/2018,CLE,OH,AGL,CE,Combined TRACON& Tower with Radar,170,67,11,0,248,0,0,4,0,4,170,67,15,0,252,0,0,0,252
08/26/2018,CLE,OH,AGL,CE,Combined TRACON& Tower with Radar,220,97,19,0,336,0,1,1,0,2,220,98,20,0,338,0,0,0,338
08/27/2018,CLE,OH,AGL,CE,Combined TRACON& Tower with Radar,244,96,26,0,366,0,0,5,0,5,244,96,31,0,371,0,0,0,371
08/28/2018,CLE,OH,AGL,CE,Combined TRACON& Tower with Radar,234,102,35,0,371,0,0,0,2,2,234,102,35,2,373,0,0,0,373
08/29/2018,CLE,OH,AGL,CE,Combined TRACON& Tower with Radar,252,113,22,0,387,0,0,1,2,3,252,113,23,2,390,0,0,0,390
08/30/2018,CLE,OH,AGL,CE,Combined TRACON& Tower with Radar,252,106,48,2,408,0,0,1,1,2,252,106,49,3,410,0,0,0,410
08/31/2018,CLE,OH,AGL,CE,Combined TRACON& Tower with Radar,237,110,30,2,379,0,1,0,2,3,237,111,30,4,382,0,0,0,382
09/01/2018,CLE,OH,AGL,CE,Combined TRACON& Tower with Radar,157,82,15,0,254,0,0,1,1,2,157,82,16,1,256,0,0,0,256
09/02/2018,CLE,OH,AGL,CE,Combined TRACON& Tower with Radar,169,87,12,1,269,0,0,2,0,2,169,87,14,1,271,0,0,0,271
09/03/2018,CLE,OH,AGL,CE,Combined TRACON& Tower with Radar,213,100,15,1,329,0,0,2,1,3,213,100,17,2,332,0,0,0,332
09/04/2018,CLE,OH,AGL,CE,Combined TRACON& Tower with Radar,234,91,34,0,359,0,0,2,1,3,234,91,36,1,362,0,0,0,362
09/05/2018,CLE,OH,AGL,CE,Combined TRACON& Tower with Radar,233,106,26,1,366,0,0,6,0,6,233,106,32,1,372,0,0,0,372
09/06/2018,CLE,OH,AGL,CE,Combined TRACON& Tower with Radar,235,89,24,0,348,0,1,0,0,1,235,90,24,0,349,0,0,0,349
09/07/2018,CLE,OH,AGL,CE,Combined TRACON& Tower with Radar,244,106,31,1,382,0,2,0,0,2,244,108,31,1,384,0,0,0,384
09/08/2018,CLE,OH,AGL,CE,Combined TRACON& Tower with Radar,171,73,10,0,254,0,0,0,0,0,171,73,10,0,254,0,0,0,254
09/09/2018,CLE,OH,AGL,CE,Combined TRACON& Tower with Radar,227,96,20,0,343,0,1,0,0,1,227,97,20,0,344,0,0,0,344
09/10/2018,CLE,OH,AGL,CE,Combined TRACON& Tower with Radar,251,100,37,0,388,0,0,0,0,0,251,100,37,0,388,0,0,0,388
09/11/2018,CLE,OH,AGL,CE,Combined TRACON& Tower with Radar,239,112,34,0,385,0,1,0,0,1,239,113,34,0,386,0,0,0,386
09/12/2018,CLE,OH,AGL,CE,Combined TRACON& Tower with Radar,241,106,23,0,370,0,1,1,0,2,241,107,24,0,372,0,0,0,372
09/13/2018,CLE,OH,AGL,CE,Combined TRACON& Tower with Radar,258,118,29,0,405,0,4,1,0,5,258,122,30,0,410,0,0,0,410
09/14/2018,CLE,OH,AGL,CE,Combined TRACON& Tower with Radar,252,102,20,0,374,0,1,3,0,4,252,103,23,0,378,0,0,0,378
09/15/2018,CLE,OH,AGL,CE,Combined TRACON& Tower with Radar,167,75,6,0,248,0,2,1,0,3,167,77,7,0,251,0,0,0,251
09/16/2018,CLE,OH,AGL,CE,Combined TRACON& Tower with Radar,224,103,23,0,350,0,0,1,0,1,224,103,24,0,351,0,0,0,351
09/17/2018,CLE,OH,AGL,CE,Combined TRACON& Tower with Radar,253,99,27,0,379,0,1,3,0,4,253,100,30,0,383,0,0,0,383
09/18/2018,CLE,OH,AGL,CE,Combined TRACON& Tower with Radar,230,100,30,0,360,0,0,0,1,1,230,100,30,1,361,0,0,0,361
09/19/2018,CLE,OH,AGL,CE,Combined TRACON& Tower with Radar,238,96,23,0,357,0,0,4,2,6,238,96,27,2,363,0,0,0,363
09/20/2018,CLE,OH,AGL,CE,Combined TRACON& Tower with Radar,259,105,45,0,409,0,0,5,0,5,259,105,50,0,414,0,0,0,414
09/21/2018,CLE,OH,AGL,CE,Combined TRACON& Tower with Radar,262,96,27,0,385,0,0,0,0,0,262,96,27,0,385,0,0,0,385
09/22/2018,CLE,OH,AGL,CE,Combined TRACON& Tower with Radar,173,75,10,0,258,0,1,2,0,3,173,76,12,0,261,0,0,0,261
09/23/2018,CLE,OH,AGL,CE,Combined TRACON& Tower with Radar,228,95,15,0,338,0,1,1,0,2,228,96,16,0,340,0,0,0,340
09/24/2018,CLE,OH,AGL,CE,Combined TRACON& Tower with Radar,251,108,30,0,389,0,2,1,0,3,251,110,31,0,392,0,0,0,392
09/25/2018,CLE,OH,AGL,CE,Combined TRACON& Tower with Radar,227,101,21,0,349,0,3,0,0,3,227,104,21,0,352,0,0,0,352
09/26/2018,CLE,OH,AGL,CE,Combined TRACON& Tower with Radar,237,96,33,0,366,0,0,0,0,0,237,96,33,0,366,0,0,0,366
09/27/2018,CLE,OH,AGL,CE,Combined TRACON& Tower with Radar,255,109,36,0,400,0,1,5,0,6,255,110,41,0,406,0,0,0,406
09/28/2018,CLE,OH,AGL,CE,Combined TRACON& Tower with Radar,259,104,26,0,389,0,4,3,0,7,259,108,29,0,396,0,0,0,396
09/29/2018,CLE,OH,AGL,CE,Combined TRACON& Tower with Radar,173,78,9,0,260,0,0,1,0,1,173,78,10,0,261,0,0,0,261
09/30/2018,CLE,OH,AGL,CE,Combined TRACON& Tower with Radar,233,102,24,2,361,0,2,1,0,3,233,104,25,2,364,0,0,0,364
10/01/2018,CLE,OH,AGL,CE,Combined TRACON& Tower with Radar,246,99,18,0,363,0,0,1,0,1,246,99,19,0,364,0,0,0,364
10/02/2018,CLE,OH,AGL,CE,Combined TRACON& Tower with Radar,233,99,22,0,354,0,1,0,0,1,233,100,22,0,355,0,0,0,355
10/03/2018,CLE,OH,AGL,CE,Combined TRACON& Tower with Radar,236,116,19,1,372,0,1,4,2,7,236,117,23,3,379,0,0,0,379
10/04/2018,CLE,OH,AGL,CE,Combined TRACON& Tower with Radar,263,108,54,0,425,0,0,0,0,0,263,108,54,0,425,0,0,0,425
10/05/2018,CLE,OH,AGL,CE,Combined TRACON& Tower with Radar,255,105,34,2,396,0,0,1,0,1,255,105,35,2,397,0,0,0,397
10/06/2018,CLE,OH,AGL,CE,Combined TRACON& Tower with Radar,184,59,4,0,247,0,2,0,0,2,184,61,4,0,249,0,0,0,249
10/07/2018,CLE,OH,AGL,CE,Combined TRACON& Tower with Radar,237,121,30,0,388,0,0,0,0,0,237,121,30,0,388,0,0,0,388
10/08/2018,CLE,OH,AGL,CE,Combined TRACON& Tower with Radar,251,105,31,0,387,0,1,1,0,2,251,106,32,0,389,0,0,0,389
10/09/2018,CLE,OH,AGL,CE,Combined TRACON& Tower with Radar,244,90,28,1,363,0,1,7,1,9,244,91,35,2,372,0,0,0,372
10/10/2018,CLE,OH,AGL,CE,Combined TRACON& Tower with Radar,158,52,23,0,233,0,0,0,0,0,158,52,23,0,233,0,0,0,233
10/11/2018,CLE,OH,AGL,CE,Combined TRACON& Tower with Radar,256,86,32,0,374,0,0,1,0,1,256,86,33,0,375,0,0,0,375
10/12/2018,CLE,OH,AGL,CE,Combined TRACON& Tower with Radar,263,110,23,0,396,0,1,2,0,3,263,111,25,0,399,0,0,0,399
10/13/2018,CLE,OH,AGL,CE,Combined TRACON& Tower with Radar,180,59,13,0,252,0,0,0,0,0,180,59,13,0,252,0,0,0,252
10/14/2018,CLE,OH,AGL,CE,Combined TRACON& Tower with Radar,232,84,21,0,337,0,0,2,0,2,232,84,23,0,339,0,0,0,339
10/15/2018,CLE,OH,AGL,CE,Combined TRACON& Tower with Radar,248,90,29,0,367,0,0,0,0,0,248,90,29,0,367,0,0,0,367
10/16/2018,CLE,OH,AGL,CE,Combined TRACON& Tower with Radar,246,101,22,0,369,0,1,3,2,6,246,102,25,2,375,0,0,0,375
10/17/2018,CLE,OH,AGL,CE,Combined TRACON& Tower with Radar,239,85,37,0,361,0,0,0,0,0,239,85,37,0,361,0,0,0,361
10/18/2018,CLE,OH,AGL,CE,Combined TRACON& Tower with Radar,269,100,24,2,395,0,0,0,0,0,269,100,24,2,395,0,0,0,395
10/19/2018,CLE,OH,AGL,CE,Combined TRACON& Tower with Radar,255,104,25,2,386,0,0,1,0,1,255,104,26,2,387,0,0,0,387
10/20/2018,CLE,OH,AGL,CE,Combined TRACON& Tower with Radar,196,66,8,0,270,0,0,0,0,0,196,66,8,0,270,0,0,0,270
10/21/2018,CLE,OH,AGL,CE,Combined TRACON& Tower with Radar,236,87,20,0,343,0,0,2,0,2,236,87,22,0,345,0,0,0,345
10/22/2018,CLE,OH,AGL,CE,Combined TRACON& Tower with Radar,253,96,25,0,374,0,1,1,0,2,253,97,26,0,376,0,0,0,376
10/23/2018,CLE,OH,AGL,CE,Combined TRACON& Tower with Radar,247,84,34,1,366,0,1,3,2,6,247,85,37,3,372,0,0,0,372
10/24/2018,CLE,OH,AGL,CE,Combined TRACON& Tower with Radar,248,101,32,2,383,0,1,4,0,5,248,102,36,2,388,0,0,0,388
10/25/2018,CLE,OH,AGL,CE,Combined TRACON& Tower with Radar,264,88,23,2,377,0,1,3,0,4,264,89,26,2,381,0,0,0,381
10/26/2018,CLE,OH,AGL,CE,Combined TRACON& Tower with Radar,260,96,20,5,381,0,0,2,0,2,260,96,22,5,383,0,0,0,383
10/27/2018,CLE,OH,AGL,CE,Combined TRACON& Tower with Radar,172,64,13,2,251,0,0,0,0,0,172,64,13,2,251,0,0,0,251
10/28/2018,CLE,OH,AGL,CE,Combined TRACON& Tower with Radar,221,88,10,1,320,0,0,0,0,0,221,88,10,1,320,0,0,0,320
10/29/2018,CLE,OH,AGL,CE,Combined TRACON& Tower with Radar,232,102,22,0,356,0,0,2,0,2,232,102,24,0,358,0,0,0,358
10/30/2018,CLE,OH,AGL,CE,Combined TRACON& Tower with Radar,225,98,32,0,355,0,0,3,2,5,225,98,35,2,360,0,0,0,360
10/31/2018,CLE,OH,AGL,CE,Combined TRACON& Tower with Radar,190,98,23,0,311,0,1,0,0,1,190,99,23,0,312,0,0,0,312
11/01/2018,CLE,OH,AGL,CE,Combined TRACON& Tower with Radar,247,101,41,0,389,0,0,0,0,0,247,101,41,0,389,0,0,0,389
11/02/2018,CLE,OH,AGL,CE,Combined TRACON& Tower with Radar,244,97,19,3,363,0,0,1,2,3,244,97,20,5,366,0,0,0,366
11/03/2018,CLE,OH,AGL,CE,Combined TRACON& Tower with Radar,178,66,14,1,259,0,1,3,1,5,178,67,17,2,264,0,0,0,264
11/04/2018,CLE,OH,AGL,CE,Combined TRACON& Tower with Radar,226,97,20,2,345,0,1,1,0,2,226,98,21,2,347,0,0,0,347
11/05/2018,CLE,OH,AGL,CE,Combined TRACON& Tower with Radar,241,92,12,3,348,0,2,7,0,9,241,94,19,3,357,0,0,0,357
11/06/2018,CLE,OH,AGL,CE,Combined TRACON& Tower with Radar,228,91,30,2,351,0,1,0,0,1,228,92,30,2,352,0,0,0,352
11/07/2018,CLE,OH,AGL,CE,Combined TRACON& Tower with Radar,229,104,35,3,371,0,0,2,0,2,229,104,37,3,373,0,0,0,373
11/08/2018,CLE,OH,AGL,CE,Combined TRACON& Tower with Radar,256,105,31,1,393,0,0,2,0,2,256,105,33,1,395,0,0,0,395
11/09/2018,CLE,OH,AGL,CE,Combined TRACON& Tower with Radar,247,88,27,0,362,0,0,0,0,0,247,88,27,0,362,0,0,0,362
11/10/2018,CLE,OH,AGL,CE,Combined TRACON& Tower with Radar,180,74,11,0,265,0,1,0,0,1,180,75,11,0,266,0,0,0,266
11/11/2018,CLE,OH,AGL,CE,Combined TRACON& Tower with Radar,218,90,12,0,320,0,1,0,2,3,218,91,12,2,323,0,0,0,323
11/12/2018,CLE,OH,AGL,CE,Combined TRACON& Tower with Radar,238,106,26,1,371,0,2,4,0,6,238,108,30,1,377,0,0,0,377
11/13/2018,CLE,OH,AGL,CE,Combined TRACON& Tower with Radar,254,98,34,0,386,0,0,0,0,0,254,98,34,0,386,0,0,0,386
11/14/2018,CLE,OH,AGL,CE,Combined TRACON& Tower with Radar,245,98,18,0,361,0,4,0,4,8,245,102,18,4,369,0,0,0,369
11/15/2018,CLE,OH,AGL,CE,Combined TRACON& Tower with Radar,224,79,26,0,329,0,1,0,0,1,224,80,26,0,330,0,0,0,330
11/16/2018,CLE,OH,AGL,CE,Combined TRACON& Tower with Radar,246,90,35,0,371,0,0,0,0,0,246,90,35,0,371,0,0,0,371
11/17/2018,CLE,OH,AGL,CE,Combined TRACON& Tower with Radar,187,79,4,0,270,0,1,0,0,1,187,80,4,0,271,0,0,0,271
11/18/2018,CLE,OH,AGL,CE,Combined TRACON& Tower with Radar,206,96,12,0,314,0,0,0,0,0,206,96,12,0,314,0,0,0,314
11/19/2018,CLE,OH,AGL,CE,Combined TRACON& Tower with Radar,221,120,18,0,359,0,0,0,0,0,221,120,18,0,359,0,0,0,359
11/20/2018,CLE,OH,AGL,CE,Combined TRACON& Tower with Radar,247,95,28,0,370,0,0,0,0,0,247,95,28,0,370,0,0,0,370
11/21/2018,CLE,OH,AGL,CE,Combined TRACON& Tower with Radar,253,109,23,0,385,0,1,0,0,1,253,110,23,0,386,0,0,0,386
11/22/2018,CLE,OH,AGL,CE,Combined TRACON& Tower with Radar,142,36,3,0,181,0,1,0,0,1,142,37,3,0,182,0,0,0,182
11/23/2018,CLE,OH,AGL,CE,Combined TRACON& Tower with Radar,172,60,9,1,242,0,2,0,0,2,172,62,9,1,244,0,0,0,244
11/24/2018,CLE,OH,AGL,CE,Combined TRACON& Tower with Radar,229,93,9,0,331,0,2,0,0,2,229,95,9,0,333,0,0,0,333
11/25/2018,CLE,OH,AGL,CE,Combined TRACON& Tower with Radar,260,90,28,0,378,0,0,2,0,2,260,90,30,0,380,0,0,0,380
11/26/2018,CLE,OH,AGL,CE,Combined TRACON& Tower with Radar,227,92,34,0,353,0,0,0,0,0,227,92,34,0,353,0,0,0,353
11/27/2018,CLE,OH,AGL,CE,Combined TRACON& Tower with Radar,243,95,11,0,349,0,0,0,0,0,243,95,11,0,349,0,0,0,349
11/28/2018,CLE,OH,AGL,CE,Combined TRACON& Tower with Radar,232,109,19,0,360,0,0,0,0,0,232,109,19,0,360,0,0,0,360
11/29/2018,CLE,OH,AGL,CE,Combined TRACON& Tower with Radar,247,97,20,0,364,0,1,8,0,9,247,98,28,0,373,0,0,0,373
11/30/2018,CLE,OH,AGL,CE,Combined TRACON& Tower with Radar,240,96,25,0,361,0,0,0,0,0,240,96,25,0,361,0,0,0,361
12/01/2018,CLE,OH,AGL,CE,Combined TRACON& Tower with Radar,181,67,9,0,257,0,0,0,0,0,181,67,9,0,257,0,0,0,257
12/02/2018,CLE,OH,AGL,CE,Combined TRACON& Tower with Radar,211,72,20,0,303,0,0,0,0,0,211,72,20,0,303,0,0,0,303
12/03/2018,CLE,OH,AGL,CE,Combined TRACON& Tower with Radar,227,101,28,0,356,0,0,0,0,0,227,101,28,0,356,0,0,0,356
12/04/2018,CLE,OH,AGL,CE,Combined TRACON& Tower with Radar,223,106,26,0,355,0,2,2,0,4,223,108,28,0,359,0,0,0,359
12/05/2018,CLE,OH,AGL,CE,Combined TRACON& Tower with Radar,235,99,34,0,368,0,0,3,0,3,235,99,37,0,371,0,0,0,371
12/06/2018,CLE,OH,AGL,CE,Combined TRACON& Tower with Radar,249,107,30,0,386,0,0,4,0,4,249,107,34,0,390,0,0,0,390
12/07/2018,CLE,OH,AGL,CE,Combined TRACON& Tower with Radar,246,102,34,0,382,0,1,1,0,2,246,103,35,0,384,0,0,0,384
12/08/2018,CLE,OH,AGL,CE,Combined TRACON& Tower with Radar,182,70,11,0,263,0,0,0,0,0,182,70,11,0,263,0,0,0,263
12/09/2018,CLE,OH,AGL,CE,Combined TRACON& Tower with Radar,204,85,11,0,300,0,2,4,0,6,204,87,15,0,306,0,0,0,306
12/10/2018,CLE,OH,AGL,CE,Combined TRACON& Tower with Radar,225,94,46,0,365,0,0,3,0,3,225,94,49,0,368,0,0,0,368
12/11/2018,CLE,OH,AGL,CE,Combined TRACON& Tower with Radar,233,102,27,2,364,0,0,1,0,1,233,102,28,2,365,0,0,0,365
12/12/2018,CLE,OH,AGL,CE,Combined TRACON& Tower with Radar,228,101,38,0,367,0,0,3,0,3,228,101,41,0,370,0,0,0,370
12/13/2018,CLE,OH,AGL,CE,Combined TRACON& Tower with Radar,257,97,17,0,371,0,2,0,0,2,257,99,17,0,373,0,0,0,373
12/14/2018,CLE,OH,AGL,CE,Combined TRACON& Tower with Radar,242,98,18,0,358,0,0,1,0,1,242,98,19,0,359,0,0,0,359
12/15/2018,CLE,OH,AGL,CE,Combined TRACON& Tower with Radar,183,65,12,0,260,0,0,0,0,0,183,65,12,0,260,0,0,0,260
12/16/2018,CLE,OH,AGL,CE,Combined TRACON& Tower with Radar,206,86,13,0,305,0,0,0,0,0,206,86,13,0,305,0,0,0,305
12/17/2018,CLE,OH,AGL,CE,Combined TRACON& Tower with Radar,235,87,13,0,335,0,1,0,0,1,235,88,13,0,336,0,0,0,336
12/18/2018,CLE,OH,AGL,CE,Combined TRACON& Tower with Radar,224,102,28,0,354,0,1,0,0,1,224,103,28,0,355,0,0,0,355
12/19/2018,CLE,OH,AGL,CE,Combined TRACON& Tower with Radar,229,105,29,0,363,0,0,0,0,0,229,105,29,0,363,0,0,0,363
12/20/2018,CLE,OH,AGL,CE,Combined TRACON& Tower with Radar,235,107,36,0,378,0,0,1,0,1,235,107,37,0,379,0,0,0,379
12/21/2018,CLE,OH,AGL,CE,Combined TRACON& Tower with Radar,231,117,17,2,367,0,0,0,0,0,231,117,17,2,367,0,0,0,367
12/22/2018,CLE,OH,AGL,CE,Combined TRACON& Tower with Radar,206,94,8,0,308,0,0,1,0,1,206,94,9,0,309,0,0,0,309
12/23/2018,CLE,OH,AGL,CE,Combined TRACON& Tower with Radar,209,101,8,0,318,0,1,1,0,2,209,102,9,0,320,0,0,0,320
12/24/2018,CLE,OH,AGL,CE,Combined TRACON& Tower with Radar,172,76,1,0,249,0,0,0,0,0,172,76,1,0,249,0,0,0,249
12/25/2018,CLE,OH,AGL,CE,Combined TRACON& Tower with Radar,162,62,4,0,228,0,0,1,1,2,162,62,5,1,230,0,0,0,230
12/26/2018,CLE,OH,AGL,CE,Combined TRACON& Tower with Radar,202,104,17,0,323,0,0,2,1,3,202,104,19,1,326,0,0,0,326
12/27/2018,CLE,OH,AGL,CE,Combined TRACON& Tower with Radar,215,107,20,0,342,0,0,0,0,0,215,107,20,0,342,0,0,0,342
12/28/2018,CLE,OH,AGL,CE,Combined TRACON& Tower with Radar,207,99,8,0,314,0,1,0,0,1,207,100,8,0,315,0,0,0,315
12/29/2018,CLE,OH,AGL,CE,Combined TRACON& Tower with Radar,200,83,11,0,294,0,0,0,0,0,200,83,11,0,294,0,0,0,294
12/30/2018,CLE,OH,AGL,CE,Combined TRACON& Tower with Radar,209,81,10,0,300,0,2,0,0,2,209,83,10,0,302,0,0,0,302
12/31/2018,CLE,OH,AGL,CE,Combined TRACON& Tower with Radar,177,77,10,0,264,0,0,5,0,5,177,77,15,0,269,0,0,0,269
01/01/2019,CLE,OH,AGL,CE,Combined TRACON& Tower with Radar,167,84,10,0,261,0,1,0,0,1,167,85,10,0,262,0,0,0,262
01/02/2019,CLE,OH,AGL,CE,Combined TRACON& Tower with Radar,203,98,17,0,318,0,0,0,0,0,203,98,17,0,318,0,0,0,318
01/03/2019,CLE,OH,AGL,CE,Combined TRACON& Tower with Radar,218,97,21,0,336,0,2,4,0,6,218,99,25,0,342,0,0,0,342
01/04/2019,CLE,OH,AGL,CE,Combined TRACON& Tower with Radar,203,98,13,2,316,0,1,4,0,5,203,99,17,2,321,0,0,0,321
01/05/2019,CLE,OH,AGL,CE,Combined TRACON& Tower with Radar,186,89,11,0,286,0,2,0,0,2,186,91,11,0,288,0,0,0,288
01/06/2019,CLE,OH,AGL,CE,Combined TRACON& Tower with Radar,197,90,15,0,302,0,1,6,0,7,197,91,21,0,309,0,0,0,309
01/07/2019,CLE,OH,AGL,CE,Combined TRACON& Tower with Radar,216,98,11,1,326,0,1,0,1,2,216,99,11,2,328,0,0,0,328
01/08/2019,CLE,OH,AGL,CE,Combined TRACON& Tower with Radar,218,116,20,0,354,0,1,0,0,1,218,117,20,0,355,0,0,0,355
01/09/2019,CLE,OH,AGL,CE,Combined TRACON& Tower with Radar,215,108,16,0,339,0,0,0,0,0,215,108,16,0,339,0,0,0,339
01/10/2019,CLE,OH,AGL,CE,Combined TRACON& Tower with Radar,226,110,19,0,355,0,1,0,0,1,226,111,19,0,356,0,0,0,356
01/11/2019,CLE,OH,AGL,CE,Combined TRACON& Tower with Radar,209,115,17,0,341,0,2,5,0,7,209,117,22,0,348,0,0,0,348
01/12/2019,CLE,OH,AGL,CE,Combined TRACON& Tower with Radar,160,82,7,0,249,0,1,5,0,6,160,83,12,0,255,0,0,0,255
01/13/2019,CLE,OH,AGL,CE,Combined TRACON& Tower with Radar,179,83,10,0,272,0,1,0,0,1,179,84,10,0,273,0,0,0,273
01/14/2019,CLE,OH,AGL,CE,Combined TRACON& Tower with Radar,207,103,19,0,329,0,1,2,1,4,207,104,21,1,333,0,0,0,333
01/15/2019,CLE,OH,AGL,CE,Combined TRACON& Tower with Radar,208,113,15,0,336,0,1,0,0,1,208,114,15,0,337,0,0,0,337
01/16/2019,CLE,OH,AGL,CE,Combined TRACON& Tower with Radar,217,120,13,1,351,0,0,0,0,0,217,120,13,1,351,0,0,0,351
01/17/2019,CLE,OH,AGL,CE,Combined TRACON& Tower with Radar,224,109,15,0,348,0,0,0,0,0,224,109,15,0,348,0,0,0,348
01/18/2019,CLE,OH,AGL,CE,Combined TRACON& Tower with Radar,213,127,19,1,360,0,0,0,0,0,213,127,19,1,360,0,0,0,360
01/19/2019,CLE,OH,AGL,CE,Combined TRACON& Tower with Radar,118,54,2,1,175,0,0,0,0,0,118,54,2,1,175,0,0,0,175
01/20/2019,CLE,OH,AGL,CE,Combined TRACON& Tower with Radar,154,76,18,0,248,0,0,0,0,0,154,76,18,0,248,0,0,0,248
01/21/2019,CLE,OH,AGL,CE,Combined TRACON& Tower with Radar,203,101,21,0,325,0,1,1,0,2,203,102,22,0,327,0,0,0,327
01/22/2019,CLE,OH,AGL,CE,Combined TRACON& Tower with Radar,214,103,22,0,339,0,2,1,0,3,214,105,23,0,342,0,0,0,342
01/23/2019,CLE,OH,AGL,CE,Combined TRACON& Tower with Radar,225,112,18,0,355,0,0,0,0,0,225,112,18,0,355,0,0,0,355
01/24/2019,CLE,OH,AGL,CE,Combined TRACON& Tower with Radar,235,107,25,0,367,0,0,0,0,0,235,107,25,0,367,0,0,0,367
01/25/2019,CLE,OH,AGL,CE,Combined TRACON& Tower with Radar,213,114,10,0,337,0,0,0,0,0,213,114,10,0,337,0,0,0,337
01/26/2019,CLE,OH,AGL,CE,Combined TRACON& Tower with Radar,175,75,11,0,261,0,0,0,0,0,175,75,11,0,261,0,0,0,261
01/27/2019,CLE,OH,AGL,CE,Combined TRACON& Tower with Radar,189,93,20,0,302,0,1,0,0,1,189,94,20,0,303,0,0,0,303
01/28/2019,CLE,OH,AGL,CE,Combined TRACON& Tower with Radar,193,92,12,0,297,0,4,1,0,5,193,96,13,0,302,0,0,0,302
01/29/2019,CLE,OH,AGL,CE,Combined TRACON& Tower with Radar,197,116,16,0,329,0,2,0,0,2,197,118,16,0,331,0,0,0,331
01/30/2019,CLE,OH,AGL,CE,Combined TRACON& Tower with Radar,175,104,15,0,294,0,0,0,0,0,175,104,15,0,294,0,0,0,294
01/31/2019,CLE,OH,AGL,CE,Combined TRACON& Tower with Radar,199,91,24,0,314,0,3,2,0,5,199,94,26,0,319,0,0,0,319
02/01/2019,CLE,OH,AGL,CE,Combined TRACON& Tower with Radar,221,94,10,0,325,0,0,1,0,1,221,94,11,0,326,0,0,0,326
02/02/2019,CLE,OH,AGL,CE,Combined TRACON& Tower with Radar,174,71,13,0,258,0,0,0,0,0,174,71,13,0,258,0,0,0,258
02/03/2019,CLE,OH,AGL,CE,Combined TRACON& Tower with Radar,172,100,7,0,279,0,0,0,1,1,172,100,7,1,280,0,0,0,280
02/04/2019,CLE,OH,AGL,CE,Combined TRACON& Tower with Radar,212,103,17,0,332,0,0,1,0,1,212,103,18,0,333,0,0,0,333
02/05/2019,CLE,OH,AGL,CE,Combined TRACON& Tower with Radar,208,104,10,0,322,0,0,0,0,0,208,104,10,0,322,0,0,0,322
02/06/2019,CLE,OH,AGL,CE,Combined TRACON& Tower with Radar,214,106,34,0,354,0,0,0,0,0,214,106,34,0,354,0,0,0,354
02/07/2019,CLE,OH,AGL,CE,Combined TRACON& Tower with Radar,236,104,30,2,372,0,0,0,0,0,236,104,30,2,372,0,0,0,372
02/08/2019,CLE,OH,AGL,CE,Combined TRACON& Tower with Radar,218,105,23,0,346,0,0,0,0,0,218,105,23,0,346,0,0,0,346
02/09/2019,CLE,OH,AGL,CE,Combined TRACON& Tower with Radar,169,83,8,0,260,0,5,0,0,5,169,88,8,0,265,0,0,0,265
02/10/2019,CLE,OH,AGL,CE,Combined TRACON& Tower with Radar,181,93,8,0,282,0,2,0,0,2,181,95,8,0,284,0,0,0,284
02/11/2019,CLE,OH,AGL,CE,Combined TRACON& Tower with Radar,211,109,26,0,346,0,0,0,0,0,211,109,26,0,346,0,0,0,346
02/12/2019,CLE,OH,AGL,CE,Combined TRACON& Tower with Radar,197,95,27,0,319,0,0,0,0,0,197,95,27,0,319,0,0,0,319
02/13/2019,CLE,OH,AGL,CE,Combined TRACON& Tower with Radar,217,110,19,0,346,0,0,0,0,0,217,110,19,0,346,0,0,0,346
02/14/2019,CLE,OH,AGL,CE,Combined TRACON& Tower with Radar,226,109,30,0,365,0,0,3,1,4,226,109,33,1,369,0,0,0,369
02/15/2019,CLE,OH,AGL,CE,Combined TRACON& Tower with Radar,221,104,10,1,336,0,1,0,0,1,221,105,10,1,337,0,0,0,337
02/16/2019,CLE,OH,AGL,CE,Combined TRACON& Tower with Radar,167,64,4,0,235,0,2,0,0,2,167,66,4,0,237,0,0,0,237
02/17/2019,CLE,OH,AGL,CE,Combined TRACON& Tower with Radar,175,86,9,1,271,0,1,0,0,1,175,87,9,1,272,0,0,0,272
02/18/2019,CLE,OH,AGL,CE,Combined TRACON& Tower with Radar,217,119,23,0,359,0,0,0,0,0,217,119,23,0,359,0,0,0,359
02/19/2019,CLE,OH,AGL,CE,Combined TRACON& Tower with Radar,229,102,24,0,355,0,2,3,0,5,229,104,27,0,360,0,0,0,360
02/20/2019,CLE,OH,AGL,CE,Combined TRACON& Tower with Radar,205,95,21,0,321,0,0,0,0,0,205,95,21,0,321,0,0,0,321
02/21/2019,CLE,OH,AGL,CE,Combined TRACON& Tower with Radar,231,119,13,0,363,0,2,3,0,5,231,121,16,0,368,0,0,0,368
02/22/2019,CLE,OH,AGL,CE,Combined TRACON& Tower with Radar,218,100,22,0,340,0,0,3,2,5,218,100,25,2,345,0,0,0,345
02/23/2019,CLE,OH,AGL,CE,Combined TRACON& Tower with Radar,180,65,4,0,249,0,0,0,0,0,180,65,4,0,249,0,0,0,249
02/24/2019,CLE,OH,AGL,CE,Combined TRACON& Tower with Radar,165,74,13,0,252,0,0,0,0,0,165,74,13,0,252,0,0,0,252
02/25/2019,CLE,OH,AGL,CE,Combined TRACON& Tower with Radar,223,80,29,0,332,0,1,3,0,4,223,81,32,0,336,0,0,0,336
02/26/2019,CLE,OH,AGL,CE,Combined TRACON& Tower with Radar,227,112,29,0,368,0,1,1,0,2,227,113,30,0,370,0,0,0,370
02/27/2019,CLE,OH,AGL,CE,Combined TRACON& Tower with Radar,227,121,25,0,373,0,2,0,0,2,227,123,25,0,375,0,0,0,375
02/28/2019,CLE,OH,AGL,CE,Combined TRACON& Tower with Radar,239,113,23,0,375,0,1,1,0,2,239,114,24,0,377,0,0,0,377
03/01/2019,CLE,OH,AGL,CE,Combined TRACON& Tower with Radar,237,119,19,0,375,0,2,1,0,3,237,121,20,0,378,0,0,0,378
03/02/2019,CLE,OH,AGL,CE,Combined TRACON& Tower with Radar,176,68,7,0,251,0,1,0,0,1,176,69,7,0,252,0,0,0,252
03/03/2019,CLE,OH,AGL,CE,Combined TRACON& Tower with Radar,205,94,6,0,305,0,0,0,0,0,205,94,6,0,305,0,0,0,305
03/04/2019,CLE,OH,AGL,CE,Combined TRACON& Tower with Radar,236,84,20,12,352,0,0,4,0,4,236,84,24,12,356,0,0,0,356
03/05/2019,CLE,OH,AGL,CE,Combined TRACON& Tower with Radar,244,107,14,2,367,0,0,0,0,0,244,107,14,2,367,0,0,0,367
03/06/2019,CLE,OH,AGL,CE,Combined TRACON& Tower with Radar,239,110,18,2,369,0,0,0,0,0,239,110,18,2,369,0,0,0,369
03/07/2019,CLE,OH,AGL,CE,Combined TRACON& Tower with Radar,246,118,26,4,394,0,1,8,0,9,246,119,34,4,403,0,0,0,403
03/08/2019,CLE,OH,AGL,CE,Combined TRACON& Tower with Radar,243,109,19,0,371,0,0,3,0,3,243,109,22,0,374,0,0,0,374
03/09/2019,CLE,OH,AGL,CE,Combined TRACON& Tower with Radar,205,59,9,0,273,0,0,0,0,0,205,59,9,0,273,0,0,0,273
03/10/2019,CLE,OH,AGL,CE,Combined TRACON& Tower with Radar,224,89,10,0,323,0,1,0,0,1,224,90,10,0,324,0,0,0,324
03/11/2019,CLE,OH,AGL,CE,Combined TRACON& Tower with Radar,252,92,20,0,364,0,2,0,0,2,252,94,20,0,366,0,0,0,366
03/12/2019,CLE,OH,AGL,CE,Combined TRACON& Tower with Radar,244,101,16,0,361,0,3,2,0,5,244,104,18,0,366,0,0,0,366
03/13/2019,CLE,OH,AGL,CE,Combined TRACON& Tower with Radar,239,97,16,2,354,0,0,2,0,2,239,97,18,2,356,0,0,0,356
03/14/2019,CLE,OH,AGL,CE,Combined TRACON& Tower with Radar,237,95,16,0,348,0,1,0,0,1,237,96,16,0,349,0,0,0,349
03/15/2019,CLE,OH,AGL,CE,Combined TRACON& Tower with Radar,249,107,5,0,361,0,0,0,0,0,249,107,5,0,361,0,0,0,361
03/16/2019,CLE,OH,AGL,CE,Combined TRACON& Tower with Radar,204,60,5,0,269,0,0,0,0,0,204,60,5,0,269,0,0,0,269
03/17/2019,CLE,OH,AGL,CE,Combined TRACON& Tower with Radar,218,91,6,0,315,0,0,2,0,2,218,91,8,0,317,0,0,0,317
03/18/2019,CLE,OH,AGL,CE,Combined TRACON& Tower with Radar,252,102,17,0,371,0,0,2,0,2,252,102,19,0,373,0,0,0,373
03/19/2019,CLE,OH,AGL,CE,Combined TRACON& Tower with Radar,242,97,25,0,364,0,1,8,0,9,242,98,33,0,373,0,0,0,373
03/20/2019,CLE,OH,AGL,CE,Combined TRACON& Tower with Radar,250,108,21,0,379,0,0,0,0,0,250,108,21,0,379,0,0,0,379
03/21/2019,CLE,OH,AGL,CE,Combined TRACON& Tower with Radar,249,112,28,0,389,0,0,0,0,0,249,112,28,0,389,0,0,0,389
03/22/2019,CLE,OH,AGL,CE,Combined TRACON& Tower with Radar,256,111,15,0,382,0,0,2,1,3,256,111,17,1,385,0,0,0,385
03/23/2019,CLE,OH,AGL,CE,Combined TRACON& Tower with Radar,203,67,5,1,276,0,1,1,0,2,203,68,6,1,278,0,0,0,278
03/24/2019,CLE,OH,AGL,CE,Combined TRACON& Tower with Radar,220,107,9,0,336,0,4,2,0,6,220,111,11,0,342,0,0,0,342
03/25/2019,CLE,OH,AGL,CE,Combined TRACON& Tower with Radar,252,101,19,0,372,0,0,0,0,0,252,101,19,0,372,0,0,0,372
03/26/2019,CLE,OH,AGL,CE,Combined TRACON& Tower with Radar,261,95,18,0,374,0,0,11,0,11,261,95,29,0,385,0,0,0,385
03/27/2019,CLE,OH,AGL,CE,Combined TRACON& Tower with Radar,251,102,16,0,369,0,1,0,1,2,251,103,16,1,371,0,0,0,371
03/28/2019,CLE,OH,AGL,CE,Combined TRACON& Tower with Radar,250,101,21,0,372,0,0,0,0,0,250,101,21,0,372,0,0,0,372
03/29/2019,CLE,OH,AGL,CE,Combined TRACON& Tower with Radar,255,104,9,0,368,0,0,0,0,0,255,104,9,0,368,0,0,0,368
03/30/2019,CLE,OH,AGL,CE,Combined TRACON& Tower with Radar,197,87,5,0,289,0,0,0,0,0,197,87,5,0,289,0,0,0,289
03/31/2019,CLE,OH,AGL,CE,Combined TRACON& Tower with Radar,219,90,7,0,316,0,0,0,0,0,219,90,7,0,316,0,0,0,316
04/01/2019,CLE,OH,AGL,CE,Combined TRACON& Tower with Radar,250,95,27,2,374,0,1,3,1,5,250,96,30,3,379,0,0,0,379
04/02/2019,CLE,OH,AGL,CE,Combined TRACON& Tower with Radar,249,92,20,1,362,0,0,3,0,3,249,92,23,1,365,0,0,0,365
04/03/2019,CLE,OH,AGL,CE,Combined TRACON& Tower with Radar,248,84,23,0,355,0,2,1,1,4,248,86,24,1,359,0,0,0,359
04/04/2019,CLE,OH,AGL,CE,Combined TRACON& Tower with Radar,266,97,25,0,388,0,1,8,0,9,266,98,33,0,397,0,0,0,397
04/05/2019,CLE,OH,AGL,CE,Combined TRACON& Tower with Radar,252,84,14,0,350,0,3,0,0,3,252,87,14,0,353,0,0,0,353
04/06/2019,CLE,OH,AGL,CE,Combined TRACON& Tower with Radar,192,45,11,0,248,0,1,1,0,2,192,46,12,0,250,0,0,0,250
04/07/2019,CLE,OH,AGL,CE,Combined TRACON& Tower with Radar,226,82,21,0,329,0,0,3,0,3,226,82,24,0,332,0,0,0,332
04/08/2019,CLE,OH,AGL,CE,Combined TRACON& Tower with Radar,252,95,21,0,368,0,1,1,0,2,252,96,22,0,370,0,0,0,370
04/09/2019,CLE,OH,AGL,CE,Combined TRACON& Tower with Radar,248,90,22,0,360,0,3,2,0,5,248,93,24,0,365,0,0,0,365
04/10/2019,CLE,OH,AGL,CE,Combined TRACON& Tower with Radar,243,103,33,0,379,0,0,1,0,1,243,103,34,0,380,0,0,0,380
04/11/2019,CLE,OH,AGL,CE,Combined TRACON& Tower with Radar,258,100,24,0,382,0,1,0,0,1,258,101,24,0,383,0,0,0,383
04/12/2019,CLE,OH,AGL,CE,Combined TRACON& Tower with Radar,252,83,18,0,353,0,3,0,2,5,252,86,18,2,358,0,0,0,358
04/13/2019,CLE,OH,AGL,CE,Combined TRACON& Tower with Radar,187,55,11,2,255,0,0,3,0,3,187,55,14,2,258,0,0,0,258
04/14/2019,CLE,OH,AGL,CE,Combined TRACON& Tower with Radar,223,57,14,2,296,0,0,0,0,0,223,57,14,2,296,0,0,0,296
04/15/2019,CLE,OH,AGL,CE,Combined TRACON& Tower with Radar,252,88,15,0,355,0,1,0,0,1,252,89,15,0,356,0,0,0,356
04/16/2019,CLE,OH,AGL,CE,Combined TRACON& Tower with Radar,253,88,22,0,363,0,0,1,5,6,253,88,23,5,369,0,0,0,369
04/17/2019,CLE,OH,AGL,CE,Combined TRACON& Tower with Radar,245,97,20,0,362,0,1,0,0,1,245,98,20,0,363,0,0,0,363
04/18/2019,CLE,OH,AGL,CE,Combined TRACON& Tower with Radar,255,98,19,0,372,0,1,0,0,1,255,99,19,0,373,0,0,0,373
04/19/2019,CLE,OH,AGL,CE,Combined TRACON& Tower with Radar,230,82,14,0,326,0,0,0,0,0,230,82,14,0,326,0,0,0,326
04/20/2019,CLE,OH,AGL,CE,Combined TRACON& Tower with Radar,194,65,6,0,265,0,0,0,0,0,194,65,6,0,265,0,0,0,265
04/21/2019,CLE,OH,AGL,CE,Combined TRACON& Tower with Radar,215,75,15,0,305,0,0,0,0,0,215,75,15,0,305,0,0,0,305
04/22/2019,CLE,OH,AGL,CE,Combined TRACON& Tower with Radar,246,91,19,0,356,0,0,3,0,3,246,91,22,0,359,0,0,0,359
04/23/2019,CLE,OH,AGL,CE,Combined TRACON& Tower with Radar,251,91,32,0,374,0,0,1,0,1,251,91,33,0,375,0,0,0,375
04/24/2019,CLE,OH,AGL,CE,Combined TRACON& Tower with Radar,243,103,29,0,375,0,3,5,2,10,243,106,34,2,385,0,0,0,385
04/25/2019,CLE,OH,AGL,CE,Combined TRACON& Tower with Radar,266,103,25,2,396,0,0,0,0,0,266,103,25,2,396,0,0,0,396
04/26/2019,CLE,OH,AGL,CE,Combined TRACON& Tower with Radar,241,85,33,0,359,0,0,0,0,0,241,85,33,0,359,0,0,0,359
04/27/2019,CLE,OH,AGL,CE,Combined TRACON& Tower with Radar,189,54,17,0,260,0,0,0,0,0,189,54,17,0,260,0,0,0,260
04/28/2019,CLE,OH,AGL,CE,Combined TRACON& Tower with Radar,221,82,13,0,316,0,0,1,0,1,221,82,14,0,317,0,0,0,317
04/29/2019,CLE,OH,AGL,CE,Combined TRACON& Tower with Radar,249,85,14,0,348,0,4,1,3,8,249,89,15,3,356,0,0,0,356
04/30/2019,CLE,OH,AGL,CE,Combined TRACON& Tower with Radar,236,86,22,1,345,0,0,0,0,0,236,86,22,1,345,0,0,0,345
05/01/2019,CLE,OH,AGL,CE,Combined TRACON& Tower with Radar,255,97,23,2,377,0,4,2,0,6,255,101,25,2,383,0,0,0,383
05/02/2019,CLE,OH,AGL,CE,Combined TRACON& Tower with Radar,271,100,41,0,412,0,1,0,0,1,271,101,41,0,413,0,0,0,413
05/03/2019,CLE,OH,AGL,CE,Combined TRACON& Tower with Radar,273,113,25,0,411,0,0,0,0,0,273,113,25,0,411,0,0,0,411
05/04/2019,CLE,OH,AGL,CE,Combined TRACON& Tower with Radar,199,64,9,0,272,0,0,0,0,0,199,64,9,0,272,0,0,0,272
05/05/2019,CLE,OH,AGL,CE,Combined TRACON& Tower with Radar,228,98,14,0,340,0,1,0,0,1,228,99,14,0,341,0,0,0,341
05/06/2019,CLE,OH,AGL,CE,Combined TRACON& Tower with Radar,263,91,28,0,382,0,8,8,0,16,263,99,36,0,398,0,0,0,398
05/07/2019,CLE,OH,AGL,CE,Combined TRACON& Tower with Radar,259,103,21,0,383,0,0,0,0,0,259,103,21,0,383,0,0,0,383
05/08/2019,CLE,OH,AGL,CE,Combined TRACON& Tower with Radar,253,99,28,0,380,0,2,1,0,3,253,101,29,0,383,0,0,0,383
05/09/2019,CLE,OH,AGL,CE,Combined TRACON& Tower with Radar,270,95,31,0,396,0,0,0,0,0,270,95,31,0,396,0,0,0,396
05/10/2019,CLE,OH,AGL,CE,Combined TRACON& Tower with Radar,262,102,25,0,389,0,1,0,0,1,262,103,25,0,390,0,0,0,390
05/11/2019,CLE,OH,AGL,CE,Combined TRACON& Tower with Radar,191,56,3,0,250,0,0,1,0,1,191,56,4,0,251,0,0,0,251
05/12/2019,CLE,OH,AGL,CE,Combined TRACON& Tower with Radar,218,89,9,0,316,0,0,1,0,1,218,89,10,0,317,0,0,0,317
05/13/2019,CLE,OH,AGL,CE,Combined TRACON& Tower with Radar,265,90,28,0,383,0,0,0,0,0,265,90,28,0,383,0,0,0,383
05/14/2019,CLE,OH,AGL,CE,Combined TRACON& Tower with Radar,261,106,29,3,399,0,1,4,3,8,261,107,33,6,407,0,0,0,407
05/15/2019,CLE,OH,AGL,CE,Combined TRACON& Tower with Radar,253,94,29,2,378,0,4,1,1,6,253,98,30,3,384,0,0,0,384
05/16/2019,CLE,OH,AGL,CE,Combined TRACON& Tower with Radar,268,96,33,0,397,0,2,1,2,5,268,98,34,2,402,0,0,0,402
05/17/2019,CLE,OH,AGL,CE,Combined TRACON& Tower with Radar,277,108,39,1,425,0,0,1,0,1,277,108,40,1,426,0,0,0,426
05/18/2019,CLE,OH,AGL,CE,Combined TRACON& Tower with Radar,193,67,8,0,268,0,2,2,0,4,193,69,10,0,272,0,0,0,272
05/19/2019,CLE,OH,AGL,CE,Combined TRACON& Tower with Radar,227,92,20,1,340,0,1,4,0,5,227,93,24,1,345,0,0,0,345
05/20/2019,CLE,OH,AGL,CE,Combined TRACON& Tower with Radar,264,91,33,2,390,0,0,2,1,3,264,91,35,3,393,0,0,0,393
05/21/2019,CLE,OH,AGL,CE,Combined TRACON& Tower with Radar,259,102,24,0,385,0,0,4,0,4,259,102,28,0,389,0,0,0,389
05/22/2019,CLE,OH,AGL,CE,Combined TRACON& Tower with Radar,263,106,27,0,396,0,1,0,0,1,263,107,27,0,397,0,0,0,397
05/23/2019,CLE,OH,AGL,CE,Combined TRACON& Tower with Radar,278,94,22,0,394,0,0,0,0,0,278,94,22,0,394,0,0,0,394
05/24/2019,CLE,OH,AGL,CE,Combined TRACON& Tower with Radar,281,92,12,1,386,0,1,0,0,1,281,93,12,1,387,0,0,0,387
05/25/2019,CLE,OH,AGL,CE,Combined TRACON& Tower with Radar,190,66,4,0,260,0,0,1,1,2,190,66,5,1,262,0,0,0,262
05/26/2019,CLE,OH,AGL,CE,Combined TRACON& Tower with Radar,193,73,8,0,274,0,2,0,0,2,193,75,8,0,276,0,0,0,276
05/27/2019,CLE,OH,AGL,CE,Combined TRACON& Tower with Radar,236,84,5,0,325,0,0,0,0,0,236,84,5,0,325,0,0,0,325
05/28/2019,CLE,OH,AGL,CE,Combined TRACON& Tower with Radar,257,92,28,0,377,0,0,1,0,1,257,92,29,0,378,0,0,0,378
05/29/2019,CLE,OH,AGL,CE,Combined TRACON& Tower with Radar,268,74,27,0,369,0,1,2,0,3,268,75,29,0,372,0,0,0,372
05/30/2019,CLE,OH,AGL,CE,Combined TRACON& Tower with Radar,277,89,27,0,393,0,1,0,0,1,277,90,27,0,394,0,0,0,394
05/31/2019,CLE,OH,AGL,CE,Combined TRACON& Tower with Radar,282,91,25,0,398,0,1,2,1,4,282,92,27,1,402,0,0,0,402
06/01/2019,CLE,OH,AGL,CE,Combined TRACON& Tower with Radar,204,68,4,0,276,0,0,0,0,0,204,68,4,0,276,0,0,0,276
06/02/2019,CLE,OH,AGL,CE,Combined TRACON& Tower with Radar,245,94,8,0,347,0,0,0,0,0,245,94,8,0,347,0,0,0,347
06/03/2019,CLE,OH,AGL,CE,Combined TRACON& Tower with Radar,278,85,13,0,376,0,1,2,1,4,278,86,15,1,380,0,0,0,380
06/04/2019,CLE,OH,AGL,CE,Combined TRACON& Tower with Radar,265,103,22,0,390,0,1,2,0,3,265,104,24,0,393,0,0,0,393
06/05/2019,CLE,OH,AGL,CE,Combined TRACON& Tower with Radar,269,97,26,0,392,0,0,0,0,0,269,97,26,0,392,0,0,0,392
06/06/2019,CLE,OH,AGL,CE,Combined TRACON& Tower with Radar,299,86,23,0,408,0,0,0,0,0,299,86,23,0,408,0,0,0,408
06/07/2019,CLE,OH,AGL,CE,Combined TRACON& Tower with Radar,290,95,21,0,406,0,0,1,1,2,290,95,22,1,408,0,0,0,408
06/08/2019,CLE,OH,AGL,CE,Combined TRACON& Tower with Radar,221,64,5,0,290,0,0,2,0,2,221,64,7,0,292,0,0,0,292
06/09/2019,CLE,OH,AGL,CE,Combined TRACON& Tower with Radar,252,81,21,0,354,0,0,3,0,3,252,81,24,0,357,0,0,0,357
06/10/2019,CLE,OH,AGL,CE,Combined TRACON& Tower with Radar,279,89,25,0,393,0,0,2,0,2,279,89,27,0,395,0,0,0,395
06/11/2019,CLE,OH,AGL,CE,Combined TRACON& Tower with Radar,277,94,24,0,395,0,2,3,0,5,277,96,27,0,400,0,0,0,400
06/12/2019,CLE,OH,AGL,CE,Combined TRACON& Tower with Radar,276,92,24,0,392,1,5,1,2,9,277,97,25,2,401,0,0,0,401
06/13/2019,CLE,OH,AGL,CE,Combined TRACON& Tower with Radar,288,98,22,0,408,0,0,1,0,1,288,98,23,0,409,0,0,0,409
06/14/2019,CLE,OH,AGL,CE,Combined TRACON& Tower with Radar,286,104,18,0,408,0,0,9,1,10,286,104,27,1,418,0,0,0,418
06/15/2019,CLE,OH,AGL,CE,Combined TRACON& Tower with Radar,223,59,18,2,302,0,0,1,0,1,223,59,19,2,303,0,0,0,303
06/16/2019,CLE,OH,AGL,CE,Combined TRACON& Tower with Radar,251,88,19,0,358,0,0,0,0,0,251,88,19,0,358,0,0,0,358
06/17/2019,CLE,OH,AGL,CE,Combined TRACON& Tower with Radar,283,83,31,0,397,0,0,0,0,0,283,83,31,0,397,0,0,0,397
06/18/2019,CLE,OH,AGL,CE,Combined TRACON& Tower with Radar,269,94,23,0,386,0,1,3,1,5,269,95,26,1,391,0,0,0,391
06/19/2019,CLE,OH,AGL,CE,Combined TRACON& Tower with Radar,267,108,23,0,398,0,2,1,0,3,267,110,24,0,401,0,0,0,401
06/20/2019,CLE,OH,AGL,CE,Combined TRACON& Tower with Radar,293,81,30,0,404,0,0,0,0,0,293,81,30,0,404,0,0,0,404
06/21/2019,CLE,OH,AGL,CE,Combined TRACON& Tower with Radar,286,88,13,0,387,0,2,5,1,8,286,90,18,1,395,0,0,0,395
06/22/2019,CLE,OH,AGL,CE,Combined TRACON& Tower with Radar,214,68,4,0,286,0,0,0,0,0,214,68,4,0,286,0,0,0,286
06/23/2019,CLE,OH,AGL,CE,Combined TRACON& Tower with Radar,246,77,19,0,342,0,0,5,0,5,246,77,24,0,347,0,0,0,347
06/24/2019,CLE,OH,AGL,CE,Combined TRACON& Tower with Radar,280,90,18,2,390,0,0,2,0,2,280,90,20,2,392,0,0,0,392
06/25/2019,CLE,OH,AGL,CE,Combined TRACON& Tower with Radar,281,102,20,0,403,0,0,0,0,0,281,102,20,0,403,0,0,0,403
06/26/2019,CLE,OH,AGL,CE,Combined TRACON& Tower with Radar,275,94,23,1,393,0,1,3,0,4,275,95,26,1,397,0,0,0,397
06/27/2019,CLE,OH,AGL,CE,Combined TRACON& Tower with Radar,294,98,21,0,413,0,0,4,0,4,294,98,25,0,417,0,0,0,417
06/28/2019,CLE,OH,AGL,CE,Combined TRACON& Tower with Radar,285,96,18,0,399,0,2,1,1,4,285,98,19,1,403,0,0,0,403
06/29/2019,CLE,OH,AGL,CE,Combined TRACON& Tower with Radar,221,64,10,0,295,0,0,1,0,1,221,64,11,0,296,0,0,0,296
06/30/2019,CLE,OH,AGL,CE,Combined TRACON& Tower with Radar,236,90,9,0,335,0,1,4,0,5,236,91,13,0,340,0,0,0,340
07/01/2019,CLE,OH,AGL,CE,Combined TRACON& Tower with Radar,247,76,22,0,345,0,2,2,3,7,247,78,24,3,352,0,0,0,352
07/02/2019,CLE,OH,AGL,CE,Combined TRACON& Tower with Radar,242,94,22,0,358,0,3,6,1,10,242,97,28,1,368,0,0,0,368
07/03/2019,CLE,OH,AGL,CE,Combined TRACON& Tower with Radar,237,91,20,0,348,0,1,4,0,5,237,92,24,0,353,0,0,0,353
07/04/2019,CLE,OH,AGL,CE,Combined TRACON& Tower with Radar,207,63,4,0,274,0,0,0,0,0,207,63,4,0,274,0,0,0,274
07/05/2019,CLE,OH,AGL,CE,Combined TRACON& Tower with Radar,220,78,7,0,305,0,1,0,0,1,220,79,7,0,306,0,0,0,306
07/06/2019,CLE,OH,AGL,CE,Combined TRACON& Tower with Radar,215,54,8,0,277,0,0,1,0,1,215,54,9,0,278,0,0,0,278
07/07/2019,CLE,OH,AGL,CE,Combined TRACON& Tower with Radar,253,91,26,0,370,0,1,3,0,4,253,92,29,0,374,0,0,0,374
07/08/2019,CLE,OH,AGL,CE,Combined TRACON& Tower with Radar,272,100,35,0,407,0,1,3,0,4,272,101,38,0,411,0,0,0,411
07/09/2019,CLE,OH,AGL,CE,Combined TRACON& Tower with Radar,268,109,34,3,414,0,3,1,2,6,268,112,35,5,420,0,0,0,420
07/10/2019,CLE,OH,AGL,CE,Combined TRACON& Tower with Radar,263,101,34,1,399,0,0,1,1,2,263,101,35,2,401,0,0,0,401
07/11/2019,CLE,OH,AGL,CE,Combined TRACON& Tower with Radar,273,73,29,5,380,0,3,4,1,8,273,76,33,6,388,0,0,0,388
07/12/2019,CLE,OH,AGL,CE,Combined TRACON& Tower with Radar,285,94,18,8,405,0,0,4,0,4,285,94,22,8,409,0,0,0,409
07/13/2019,CLE,OH,AGL,CE,Combined TRACON& Tower with Radar,202,62,7,1,272,0,2,2,1,5,202,64,9,2,277,0,0,0,277
07/14/2019,CLE,OH,AGL,CE,Combined TRACON& Tower with Radar,252,83,16,0,351,0,1,0,3,4,252,84,16,3,355,0,0,0,355
07/15/2019,CLE,OH,AGL,CE,Combined TRACON& Tower with Radar,272,90,15,4,381,0,1,2,1,4,272,91,17,5,385,0,0,0,385
07/16/2019,CLE,OH,AGL,CE,Combined TRACON& Tower with Radar,266,98,29,0,393,0,0,6,0,6,266,98,35,0,399,0,0,0,399
07/17/2019,CLE,OH,AGL,CE,Combined TRACON& Tower with Radar,251,95,18,0,364,0,2,0,0,2,251,97,18,0,366,0,0,0,366
07/18/2019,CLE,OH,AGL,CE,Combined TRACON& Tower with Radar,272,92,25,0,389,0,2,4,0,6,272,94,29,0,395,0,0,0,395
07/19/2019,CLE,OH,AGL,CE,Combined TRACON& Tower with Radar,303,102,10,0,415,0,1,2,0,3,303,103,12,0,418,0,0,0,418
07/20/2019,CLE,OH,AGL,CE,Combined TRACON& Tower with Radar,216,77,11,0,304,0,0,3,0,3,216,77,14,0,307,0,0,0,307
07/21/2019,CLE,OH,AGL,CE,Combined TRACON& Tower with Radar,255,80,8,0,343,0,0,2,0,2,255,80,10,0,345,0,0,0,345
07/22/2019,CLE,OH,AGL,CE,Combined TRACON& Tower with Radar,266,86,18,0,370,0,1,1,0,2,266,87,19,0,372,0,0,0,372
07/23/2019,CLE,OH,AGL,CE,Combined TRACON& Tower with Radar,261,94,20,0,375,0,4,0,0,4,261,98,20,0,379,0,0,0,379
07/24/2019,CLE,OH,AGL,CE,Combined TRACON& Tower with Radar,260,114,25,0,399,0,0,1,0,1,260,114,26,0,400,0,0,0,400
07/25/2019,CLE,OH,AGL,CE,Combined TRACON& Tower with Radar,279,101,20,0,400,0,1,6,0,7,279,102,26,0,407,0,0,0,407
07/26/2019,CLE,OH,AGL,CE,Combined TRACON& Tower with Radar,282,102,26,0,410,0,4,1,0,5,282,106,27,0,415,0,0,0,415
07/27/2019,CLE,OH,AGL,CE,Combined TRACON& Tower with Radar,213,65,17,0,295,0,3,2,1,6,213,68,19,1,301,0,0,0,301
07/28/2019,CLE,OH,AGL,CE,Combined TRACON& Tower with Radar,254,93,17,0,364,0,0,3,0,3,254,93,20,0,367,0,0,0,367
07/29/2019,CLE,OH,AGL,CE,Combined TRACON& Tower with Radar,256,98,20,0,374,0,5,5,0,10,256,103,25,0,384,0,0,0,384
07/30/2019,CLE,OH,AGL,CE,Combined TRACON& Tower with Radar,271,92,10,0,373,0,0,0,0,0,271,92,10,0,373,0,0,0,373
07/31/2019,CLE,OH,AGL,CE,Combined TRACON& Tower with Radar,258,89,22,0,369,0,0,6,0,6,258,89,28,0,375,0,0,0,375
08/01/2019,CLE,OH,AGL,CE,Combined TRACON& Tower with Radar,279,93,13,0,385,0,0,2,0,2,279,93,15,0,387,0,0,0,387
08/02/2019,CLE,OH,AGL,CE,Combined TRACON& Tower with Radar,271,91,17,0,379,0,2,2,0,4,271,93,19,0,383,0,0,0,383
08/03/2019,CLE,OH,AGL,CE,Combined TRACON& Tower with Radar,211,69,5,0,285,0,3,7,0,10,211,72,12,0,295,0,0,0,295
08/04/2019,CLE,OH,AGL,CE,Combined TRACON& Tower with Radar,250,89,8,0,347,0,3,3,0,6,250,92,11,0,353,0,0,0,353
08/05/2019,CLE,OH,AGL,CE,Combined TRACON& Tower with Radar,265,95,21,0,381,0,2,5,0,7,265,97,26,0,388,0,0,0,388
08/06/2019,CLE,OH,AGL,CE,Combined TRACON& Tower with Radar,262,92,38,2,394,0,0,2,0,2,262,92,40,2,396,0,0,0,396
08/07/2019,CLE,OH,AGL,CE,Combined TRACON& Tower with Radar,251,96,21,1,369,0,2,1,0,3,251,98,22,1,372,0,0,0,372
08/08/2019,CLE,OH,AGL,CE,Combined TRACON& Tower with Radar,282,97,24,7,410,0,0,4,0,4,282,97,28,7,414,0,0,0,414
08/09/2019,CLE,OH,AGL,CE,Combined TRACON& Tower with Radar,273,100,9,1,383,0,2,4,0,6,273,102,13,1,389,0,0,0,389
08/10/2019,CLE,OH,AGL,CE,Combined TRACON& Tower with Radar,204,73,12,2,291,0,4,1,0,5,204,77,13,2,296,0,0,0,296
08/11/2019,CLE,OH,AGL,CE,Combined TRACON& Tower with Radar,252,92,9,1,354,0,2,2,0,4,252,94,11,1,358,0,0,0,358
08/12/2019,CLE,OH,AGL,CE,Combined TRACON& Tower with Radar,259,88,27,0,374,0,1,4,0,5,259,89,31,0,379,0,0,0,379
08/13/2019,CLE,OH,AGL,CE,Combined TRACON& Tower with Radar,246,95,38,0,379,0,0,0,0,0,246,95,38,0,379,0,0,0,379
08/14/2019,CLE,OH,AGL,CE,Combined TRACON& Tower with Radar,249,119,23,0,391,0,2,1,2,5,249,121,24,2,396,0,0,0,396
08/15/2019,CLE,OH,AGL,CE,Combined TRACON& Tower with Radar,270,104,24,0,398,0,2,4,4,10,270,106,28,4,408,0,0,0,408
08/16/2019,CLE,OH,AGL,CE,Combined TRACON& Tower with Radar,265,104,26,0,395,0,0,3,0,3,265,104,29,0,398,0,0,0,398
08/17/2019,CLE,OH,AGL,CE,Combined TRACON& Tower with Radar,207,63,4,0,274,0,0,1,1,2,207,63,5,1,276,0,0,0,276
08/18/2019,CLE,OH,AGL,CE,Combined TRACON& Tower with Radar,232,76,9,0,317,0,0,2,0,2,232,76,11,0,319,0,0,0,319
08/19/2019,CLE,OH,AGL,CE,Combined TRACON& Tower with Radar,260,81,25,0,366,0,2,0,0,2,260,83,25,0,368,0,0,0,368
08/20/2019,CLE,OH,AGL,CE,Combined TRACON& Tower with Radar,235,86,19,0,340,0,4,5,0,9,235,90,24,0,349,0,0,0,349
08/21/2019,CLE,OH,AGL,CE,Combined TRACON& Tower with Radar,252,97,23,0,372,0,0,3,0,3,252,97,26,0,375,0,0,0,375
08/22/2019,CLE,OH,AGL,CE,Combined TRACON& Tower with Radar,269,89,23,0,381,0,0,1,0,1,269,89,24,0,382,0,0,0,382
08/23/2019,CLE,OH,AGL,CE,Combined TRACON& Tower with Radar,265,101,20,0,386,0,1,5,0,6,265,102,25,0,392,0,0,0,392
08/24/2019,CLE,OH,AGL,CE,Combined TRACON& Tower with Radar,208,63,9,0,280,0,0,2,1,3,208,63,11,1,283,0,0,0,283
08/25/2019,CLE,OH,AGL,CE,Combined TRACON& Tower with Radar,243,97,14,0,354,0,3,5,0,8,243,100,19,0,362,0,0,0,362
08/26/2019,CLE,OH,AGL,CE,Combined TRACON& Tower with Radar,256,88,23,0,367,0,1,3,0,4,256,89,26,0,371,0,0,0,371
08/27/2019,CLE,OH,AGL,CE,Combined TRACON& Tower with Radar,252,100,14,0,366,0,0,0,0,0,252,100,14,0,366,0,0,0,366
08/28/2019,CLE,OH,AGL,CE,Combined TRACON& Tower with Radar,256,96,26,2,380,0,1,12,1,14,256,97,38,3,394,0,0,0,394
08/29/2019,CLE,OH,AGL,CE,Combined TRACON& Tower with Radar,283,97,23,5,408,0,3,4,2,9,283,100,27,7,417,0,0,0,417
08/30/2019,CLE,OH,AGL,CE,Combined TRACON& Tower with Radar,261,100,24,1,386,0,4,0,7,11,261,104,24,8,397,0,0,0,397
08/31/2019,CLE,OH,AGL,CE,Combined TRACON& Tower with Radar,180,60,7,0,247,0,0,7,4,11,180,60,14,4,258,0,0,0,258
09/01/2019,CLE,OH,AGL,CE,Combined TRACON& Tower with Radar,180,65,9,0,254,0,0,2,4,6,180,65,11,4,260,0,0,0,260
09/02/2019,CLE,OH,AGL,CE,Combined TRACON& Tower with Radar,219,67,14,1,301,0,0,1,5,6,219,67,15,6,307,0,0,0,307
09/03/2019,CLE,OH,AGL,CE,Combined TRACON& Tower with Radar,226,85,19,0,330,0,0,2,1,3,226,85,21,1,333,0,0,0,333
09/04/2019,CLE,OH,AGL,CE,Combined TRACON& Tower with Radar,241,86,27,1,355,0,0,3,0,3,241,86,30,1,358,0,0,0,358
09/05/2019,CLE,OH,AGL,CE,Combined TRACON& Tower with Radar,259,100,17,4,380,0,6,1,0,7,259,106,18,4,387,0,0,0,387
09/06/2019,CLE,OH,AGL,CE,Combined TRACON& Tower with Radar,257,74,13,1,345,0,5,8,0,13,257,79,21,1,358,0,0,0,358
09/07/2019,CLE,OH,AGL,CE,Combined TRACON& Tower with Radar,206,55,8,0,269,0,0,0,0,0,206,55,8,0,269,0,0,0,269
09/08/2019,CLE,OH,AGL,CE,Combined TRACON& Tower with Radar,247,76,19,0,342,0,1,2,0,3,247,77,21,0,345,0,0,0,345
09/09/2019,CLE,OH,AGL,CE,Combined TRACON& Tower with Radar,271,70,16,0,357,0,3,2,0,5,271,73,18,0,362,0,0,0,362
09/10/2019,CLE,OH,AGL,CE,Combined TRACON& Tower with Radar,251,87,22,0,360,0,0,3,0,3,251,87,25,0,363,0,0,0,363
09/11/2019,CLE,OH,AGL,CE,Combined TRACON& Tower with Radar,258,81,9,2,350,0,2,0,1,3,258,83,9,3,353,0,0,0,353
09/12/2019,CLE,OH,AGL,CE,Combined TRACON& Tower with Radar,270,80,24,1,375,1,1,0,1,3,271,81,24,2,378,0,0,0,378
09/13/2019,CLE,OH,AGL,CE,Combined TRACON& Tower with Radar,283,82,17,0,382,0,0,0,0,0,283,82,17,0,382,0,0,0,382
09/14/2019,CLE,OH,AGL,CE,Combined TRACON& Tower with Radar,212,47,6,2,267,0,0,2,0,2,212,47,8,2,269,0,0,0,269
09/15/2019,CLE,OH,AGL,CE,Combined TRACON& Tower with Radar,246,75,15,1,337,0,0,4,1,5,246,75,19,2,342,0,0,0,342
09/16/2019,CLE,OH,AGL,CE,Combined TRACON& Tower with Radar,267,78,23,0,368,0,2,1,2,5,267,80,24,2,373,0,0,0,373
09/17/2019,CLE,OH,AGL,CE,Combined TRACON& Tower with Radar,254,81,32,0,367,0,3,1,0,4,254,84,33,0,371,0,0,0,371
09/18/2019,CLE,OH,AGL,CE,Combined TRACON& Tower with Radar,259,106,25,0,390,0,1,1,0,2,259,107,26,0,392,0,0,0,392
09/19/2019,CLE,OH,AGL,CE,Combined TRACON& Tower with Radar,275,90,26,0,391,0,1,5,1,7,275,91,31,1,398,0,0,0,398
09/20/2019,CLE,OH,AGL,CE,Combined TRACON& Tower with Radar,269,83,31,2,385,0,0,2,2,4,269,83,33,4,389,0,0,0,389
09/21/2019,CLE,OH,AGL,CE,Combined TRACON& Tower with Radar,210,53,10,0,273,0,0,1,0,1,210,53,11,0,274,0,0,0,274
09/22/2019,CLE,OH,AGL,CE,Combined TRACON& Tower with Radar,234,84,10,0,328,0,0,3,0,3,234,84,13,0,331,0,0,0,331
09/23/2019,CLE,OH,AGL,CE,Combined TRACON& Tower with Radar,293,80,30,0,403,0,0,1,1,2,293,80,31,1,405,0,0,0,405
09/24/2019,CLE,OH,AGL,CE,Combined TRACON& Tower with Radar,248,84,17,0,349,0,7,9,0,16,248,91,26,0,365,0,0,0,365
09/25/2019,CLE,OH,AGL,CE,Combined TRACON& Tower with Radar,256,91,29,0,376,0,0,8,0,8,256,91,37,0,384,0,0,0,384
09/26/2019,CLE,OH,AGL,CE,Combined TRACON& Tower with Radar,277,88,30,2,397,0,3,3,1,7,277,91,33,3,404,0,0,0,404
09/27/2019,CLE,OH,AGL,CE,Combined TRACON& Tower with Radar,261,101,28,2,392,0,3,7,0,10,261,104,35,2,402,0,0,0,402
09/28/2019,CLE,OH,AGL,CE,Combined TRACON& Tower with Radar,216,55,6,0,277,0,0,0,0,0,216,55,6,0,277,0,0,0,277
09/29/2019,CLE,OH,AGL,CE,Combined TRACON& Tower with Radar,247,82,17,0,346,0,0,1,0,1,247,82,18,0,347,0,0,0,347
09/30/2019,CLE,OH,AGL,CE,Combined TRACON& Tower with Radar,265,72,19,4,360,0,0,4,0,4,265,72,23,4,364,0,0,0,364
10/01/2019,CLE,OH,AGL,CE,Combined TRACON& Tower with Radar,254,75,22,1,352,0,0,5,0,5,254,75,27,1,357,0,0,0,357
10/02/2019,CLE,OH,AGL,CE,Combined TRACON& Tower with Radar,248,94,20,0,362,0,1,1,0,2,248,95,21,0,364,0,0,0,364
10/03/2019,CLE,OH,AGL,CE,Combined TRACON& Tower with Radar,275,85,27,0,387,0,1,1,0,2,275,86,28,0,389,0,0,0,389
10/04/2019,CLE,OH,AGL,CE,Combined TRACON& Tower with Radar,272,90,24,0,386,0,2,2,0,4,272,92,26,0,390,0,0,0,390
10/05/2019,CLE,OH,AGL,CE,Combined TRACON& Tower with Radar,222,48,5,0,275,0,0,0,0,0,222,48,5,0,275,0,0,0,275
10/06/2019,CLE,OH,AGL,CE,Combined TRACON& Tower with Radar,255,81,15,0,351,0,2,3,2,7,255,83,18,2,358,0,0,0,358
10/07/2019,CLE,OH,AGL,CE,Combined TRACON& Tower with Radar,271,66,18,0,355,0,3,1,0,4,271,69,19,0,359,0,0,0,359
10/08/2019,CLE,OH,AGL,CE,Combined TRACON& Tower with Radar,253,85,24,0,362,0,2,10,0,12,253,87,34,0,374,0,0,0,374
10/09/2019,CLE,OH,AGL,CE,Combined TRACON& Tower with Radar,247,74,24,0,345,0,4,3,0,7,247,78,27,0,352,0,0,0,352
10/10/2019,CLE,OH,AGL,CE,Combined TRACON& Tower with Radar,271,84,27,7,389,0,3,1,0,4,271,87,28,7,393,0,0,0,393
10/11/2019,CLE,OH,AGL,CE,Combined TRACON& Tower with Radar,270,94,17,0,381,0,4,4,1,9,270,98,21,1,390,0,0,0,390
10/12/2019,CLE,OH,AGL,CE,Combined TRACON& Tower with Radar,219,55,7,0,281,0,2,2,0,4,219,57,9,0,285,0,0,0,285
10/13/2019,CLE,OH,AGL,CE,Combined TRACON& Tower with Radar,261,88,23,0,372,0,0,1,0,1,261,88,24,0,373,0,0,0,373
10/14/2019,CLE,OH,AGL,CE,Combined TRACON& Tower with Radar,267,71,13,0,351,0,1,2,1,4,267,72,15,1,355,0,0,0,355
10/15/2019,CLE,OH,AGL,CE,Combined TRACON& Tower with Radar,251,71,24,0,346,0,2,2,0,4,251,73,26,0,350,0,0,0,350
10/16/2019,CLE,OH,AGL,CE,Combined TRACON& Tower with Radar,247,92,17,0,356,0,1,2,0,3,247,93,19,0,359,0,0,0,359
10/17/2019,CLE,OH,AGL,CE,Combined TRACON& Tower with Radar,269,90,22,1,382,0,2,0,0,2,269,92,22,1,384,0,0,0,384
10/18/2019,CLE,OH,AGL,CE,Combined TRACON& Tower with Radar,275,85,26,0,386,0,2,6,0,8,275,87,32,0,394,0,0,0,394
10/19/2019,CLE,OH,AGL,CE,Combined TRACON& Tower with Radar,211,45,5,0,261,0,2,3,0,5,211,47,8,0,266,0,0,0,266
10/20/2019,CLE,OH,AGL,CE,Combined TRACON& Tower with Radar,254,66,16,0,336,0,4,1,0,5,254,70,17,0,341,0,0,0,341
10/21/2019,CLE,OH,AGL,CE,Combined TRACON& Tower with Radar,285,66,19,0,370,0,2,0,0,2,285,68,19,0,372,0,0,0,372
10/22/2019,CLE,OH,AGL,CE,Combined TRACON& Tower with Radar,251,80,24,0,355,0,8,6,0,14,251,88,30,0,369,0,0,0,369
10/23/2019,CLE,OH,AGL,CE,Combined TRACON& Tower with Radar,239,84,24,0,347,0,1,1,0,2,239,85,25,0,349,0,0,0,349
10/24/2019,CLE,OH,AGL,CE,Combined TRACON& Tower with Radar,279,83,22,1,385,0,1,1,0,2,279,84,23,1,387,0,0,0,387
10/25/2019,CLE,OH,AGL,CE,Combined TRACON& Tower with Radar,271,82,27,0,380,0,1,2,0,3,271,83,29,0,383,0,0,0,383
10/26/2019,CLE,OH,AGL,CE,Combined TRACON& Tower with Radar,216,60,10,0,286,0,0,0,0,0,216,60,10,0,286,0,0,0,286
10/27/2019,CLE,OH,AGL,CE,Combined TRACON& Tower with Radar,245,72,8,0,325,0,0,0,0,0,245,72,8,0,325,0,0,0,325
10/28/2019,CLE,OH,AGL,CE,Combined TRACON& Tower with Radar,247,73,18,2,340,0,1,7,0,8,247,74,25,2,348,0,0,0,348
10/29/2019,CLE,OH,AGL,CE,Combined TRACON& Tower with Radar,233,83,21,0,337,0,9,1,0,10,233,92,22,0,347,0,0,0,347
10/30/2019,CLE,OH,AGL,CE,Combined TRACON& Tower with Radar,227,78,28,4,337,0,0,0,0,0,227,78,28,4,337,0,0,0,337
10/31/2019,CLE,OH,AGL,CE,Combined TRACON& Tower with Radar,237,77,18,0,332,0,0,0,0,0,237,77,18,0,332,0,0,0,332
11/01/2019,CLE,OH,AGL,CE,Combined TRACON& Tower with Radar,254,86,20,0,360,0,1,1,0,2,254,87,21,0,362,0,0,0,362
11/02/2019,CLE,OH,AGL,CE,Combined TRACON& Tower with Radar,207,55,11,0,273,0,3,0,0,3,207,58,11,0,276,0,0,0,276
11/03/2019,CLE,OH,AGL,CE,Combined TRACON& Tower with Radar,252,77,10,0,339,0,4,1,0,5,252,81,11,0,344,0,0,0,344
11/04/2019,CLE,OH,AGL,CE,Combined TRACON& Tower with Radar,256,72,22,1,351,0,0,1,0,1,256,72,23,1,352,0,0,0,352
11/05/2019,CLE,OH,AGL,CE,Combined TRACON& Tower with Radar,233,78,31,2,344,0,5,0,0,5,233,83,31,2,349,0,0,0,349
11/06/2019,CLE,OH,AGL,CE,Combined TRACON& Tower with Radar,235,87,28,0,350,0,2,5,1,8,235,89,33,1,358,0,0,0,358
11/07/2019,CLE,OH,AGL,CE,Combined TRACON& Tower with Radar,271,106,34,0,411,0,0,0,0,0,271,106,34,0,411,0,0,0,411
11/08/2019,CLE,OH,AGL,CE,Combined TRACON& Tower with Radar,261,80,20,0,361,0,4,4,0,8,261,84,24,0,369,0,0,0,369
11/09/2019,CLE,OH,AGL,CE,Combined TRACON& Tower with Radar,205,51,9,0,265,0,2,0,0,2,205,53,9,0,267,0,0,0,267
11/10/2019,CLE,OH,AGL,CE,Combined TRACON& Tower with Radar,258,73,19,1,351,0,2,3,0,5,258,75,22,1,356,0,0,0,356
11/11/2019,CLE,OH,AGL,CE,Combined TRACON& Tower with Radar,234,77,20,1,332,0,0,0,0,0,234,77,20,1,332,0,0,0,332
11/12/2019,CLE,OH,AGL,CE,Combined TRACON& Tower with Radar,249,76,26,0,351,0,0,0,0,0,249,76,26,0,351,0,0,0,351
11/13/2019,CLE,OH,AGL,CE,Combined TRACON& Tower with Radar,250,89,21,0,360,0,6,2,0,8,250,95,23,0,368,0,0,0,368
11/14/2019,CLE,OH,AGL,CE,Combined TRACON& Tower with Radar,269,89,33,0,391,0,2,1,0,3,269,91,34,0,394,0,0,0,394
11/15/2019,CLE,OH,AGL,CE,Combined TRACON& Tower with Radar,271,86,17,1,375,0,0,2,0,2,271,86,19,1,377,0,0,0,377
11/16/2019,CLE,OH,AGL,CE,Combined TRACON& Tower with Radar,203,46,10,0,259,0,2,2,0,4,203,48,12,0,263,0,0,0,263
11/17/2019,CLE,OH,AGL,CE,Combined TRACON& Tower with Radar,255,65,24,0,344,0,1,1,0,2,255,66,25,0,346,0,0,0,346
11/18/2019,CLE,OH,AGL,CE,Combined TRACON& Tower with Radar,253,76,16,0,345,0,2,2,0,4,253,78,18,0,349,0,0,0,349
11/19/2019,CLE,OH,AGL,CE,Combined TRACON& Tower with Radar,257,83,14,0,354,0,0,0,0,0,257,83,14,0,354,0,0,0,354
11/20/2019,CLE,OH,AGL,CE,Combined TRACON& Tower with Radar,259,87,16,0,362,0,0,0,0,0,259,87,16,0,362,0,0,0,362
11/21/2019,CLE,OH,AGL,CE,Combined TRACON& Tower with Radar,266,83,15,0,364,0,2,2,0,4,266,85,17,0,368,0,0,0,368
11/22/2019,CLE,OH,AGL,CE,Combined TRACON& Tower with Radar,260,81,22,0,363,0,2,2,0,4,260,83,24,0,367,0,0,0,367
11/23/2019,CLE,OH,AGL,CE,Combined TRACON& Tower with Radar,213,54,12,0,279,0,4,0,0,4,213,58,12,0,283,0,0,0,283
11/24/2019,CLE,OH,AGL,CE,Combined TRACON& Tower with Radar,236,73,9,0,318,0,0,4,3,7,236,73,13,3,325,0,0,0,325
11/25/2019,CLE,OH,AGL,CE,Combined TRACON& Tower with Radar,225,64,13,2,304,0,2,4,0,6,225,66,17,2,310,0,0,0,310
11/26/2019,CLE,OH,AGL,CE,Combined TRACON& Tower with Radar,255,95,25,0,375,0,6,7,0,13,255,101,32,0,388,0,0,0,388
11/27/2019,CLE,OH,AGL,CE,Combined TRACON& Tower with Radar,269,89,7,0,365,0,0,0,0,0,269,89,7,0,365,0,0,0,365
11/28/2019,CLE,OH,AGL,CE,Combined TRACON& Tower with Radar,150,43,3,0,196,0,0,0,0,0,150,43,3,0,196,0,0,0,196
11/29/2019,CLE,OH,AGL,CE,Combined TRACON& Tower with Radar,194,45,3,0,242,0,1,0,0,1,194,46,3,0,243,0,0,0,243
11/30/2019,CLE,OH,AGL,CE,Combined TRACON& Tower with Radar,238,65,4,0,307,0,2,0,0,2,238,67,4,0,309,0,0,0,309
12/01/2019,CLE,OH,AGL,CE,Combined TRACON& Tower with Radar,252,83,16,0,351,0,1,0,0,1,252,84,16,0,352,0,0,0,352
12/02/2019,CLE,OH,AGL,CE,Combined TRACON& Tower with Radar,260,70,18,0,348,0,4,0,0,4,260,74,18,0,352,0,0,0,352
12/03/2019,CLE,OH,AGL,CE,Combined TRACON& Tower with Radar,243,80,14,2,339,0,0,0,0,0,243,80,14,2,339,0,0,0,339
12/04/2019,CLE,OH,AGL,CE,Combined TRACON& Tower with Radar,253,79,38,0,370,0,1,0,0,1,253,80,38,0,371,0,0,0,371
12/05/2019,CLE,OH,AGL,CE,Combined TRACON& Tower with Radar,268,87,26,0,381,0,4,6,0,10,268,91,32,0,391,0,0,0,391
12/06/2019,CLE,OH,AGL,CE,Combined TRACON& Tower with Radar,267,77,10,0,354,0,1,2,0,3,267,78,12,0,357,0,0,0,357
12/07/2019,CLE,OH,AGL,CE,Combined TRACON& Tower with Radar,212,42,8,0,262,0,4,1,0,5,212,46,9,0,267,0,0,0,267
12/08/2019,CLE,OH,AGL,CE,Combined TRACON& Tower with Radar,252,81,11,0,344,0,4,1,0,5,252,85,12,0,349,0,0,0,349
12/09/2019,CLE,OH,AGL,CE,Combined TRACON& Tower with Radar,247,83,19,0,349,0,0,1,0,1,247,83,20,0,350,0,0,0,350
12/10/2019,CLE,OH,AGL,CE,Combined TRACON& Tower with Radar,248,86,14,0,348,0,0,0,0,0,248,86,14,0,348,0,0,0,348
12/11/2019,CLE,OH,AGL,CE,Combined TRACON& Tower with Radar,246,85,21,0,352,0,0,3,0,3,246,85,24,0,355,0,0,0,355
12/12/2019,CLE,OH,AGL,CE,Combined TRACON& Tower with Radar,271,88,23,0,382,0,1,1,1,3,271,89,24,1,385,0,0,0,385
12/13/2019,CLE,OH,AGL,CE,Combined TRACON& Tower with Radar,268,78,18,0,364,0,6,3,0,9,268,84,21,0,373,0,0,0,373
12/14/2019,CLE,OH,AGL,CE,Combined TRACON& Tower with Radar,205,61,6,0,272,0,0,0,0,0,205,61,6,0,272,0,0,0,272
12/15/2019,CLE,OH,AGL,CE,Combined TRACON& Tower with Radar,248,77,5,0,330,0,3,0,0,3,248,80,5,0,333,0,0,0,333
12/16/2019,CLE,OH,AGL,CE,Combined TRACON& Tower with Radar,253,74,28,0,355,0,6,0,8,14,253,80,28,8,369,0,0,0,369
12/17/2019,CLE,OH,AGL,CE,Combined TRACON& Tower with Radar,241,82,21,0,344,0,2,0,0,2,241,84,21,0,346,0,0,0,346
12/18/2019,CLE,OH,AGL,CE,Combined TRACON& Tower with Radar,240,91,26,0,357,0,2,4,0,6,240,93,30,0,363,0,0,0,363
12/19/2019,CLE,OH,AGL,CE,Combined TRACON& Tower with Radar,247,88,22,0,357,0,2,3,0,5,247,90,25,0,362,0,0,0,362
12/20/2019,CLE,OH,AGL,CE,Combined TRACON& Tower with Radar,241,102,14,0,357,0,5,1,0,6,241,107,15,0,363,0,0,0,363
12/21/2019,CLE,OH,AGL,CE,Combined TRACON& Tower with Radar,222,73,13,0,308,0,4,3,0,7,222,77,16,0,315,0,0,0,315
12/22/2019,CLE,OH,AGL,CE,Combined TRACON& Tower with Radar,224,92,9,0,325,0,1,4,0,5,224,93,13,0,330,0,0,0,330
12/23/2019,CLE,OH,AGL,CE,Combined TRACON& Tower with Radar,218,97,10,0,325,0,4,6,0,10,218,101,16,0,335,0,0,0,335
12/24/2019,CLE,OH,AGL,CE,Combined TRACON& Tower with Radar,220,57,8,0,285,0,0,0,0,0,220,57,8,0,285,0,0,0,285
12/25/2019,CLE,OH,AGL,CE,Combined TRACON& Tower with Radar,183,45,7,0,235,0,2,2,0,4,183,47,9,0,239,0,0,0,239
12/26/2019,CLE,OH,AGL,CE,Combined TRACON& Tower with Radar,218,81,8,0,307,0,0,0,0,0,218,81,8,0,307,0,0,0,307
12/27/2019,CLE,OH,AGL,CE,Combined TRACON& Tower with Radar,217,70,14,0,301,0,2,0,0,2,217,72,14,0,303,0,0,0,303
12/28/2019,CLE,OH,AGL,CE,Combined TRACON& Tower with Radar,210,64,11,0,285,1,2,2,0,5,211,66,13,0,290,0,0,0,290
12/29/2019,CLE,OH,AGL,CE,Combined TRACON& Tower with Radar,226,71,11,0,308,0,2,0,0,2,226,73,11,0,310,0,0,0,310
12/30/2019,CLE,OH,AGL,CE,Combined TRACON& Tower with Radar,212,62,3,0,277,0,1,2,0,3,212,63,5,0,280,0,0,0,280
12/31/2019,CLE,OH,AGL,CE,Combined TRACON& Tower with Radar,192,55,3,0,250,0,0,0,0,0,192,55,3,0,250,0,0,0,250
01/01/2020,CLE,OH,AGL,CE,Combined TRACON& Tower with Radar,182,51,4,0,237,0,0,2,0,2,182,51,6,0,239,0,0,0,239
01/02/2020,CLE,OH,AGL,CE,Combined TRACON& Tower with Radar,211,69,11,0,291,0,0,2,0,2,211,69,13,0,293,0,0,0,293
01/03/2020,CLE,OH,AGL,CE,Combined TRACON& Tower with Radar,211,65,6,0,282,0,0,0,0,0,211,65,6,0,282,0,0,0,282
01/04/2020,CLE,OH,AGL,CE,Combined TRACON& Tower with Radar,194,54,2,1,251,0,0,0,0,0,194,54,2,1,251,0,0,0,251
01/05/2020,CLE,OH,AGL,CE,Combined TRACON& Tower with Radar,227,86,12,1,326,0,2,0,0,2,227,88,12,1,328,0,0,0,328
01/06/2020,CLE,OH,AGL,CE,Combined TRACON& Tower with Radar,219,87,12,0,318,0,1,1,0,2,219,88,13,0,320,0,0,0,320
01/07/2020,CLE,OH,AGL,CE,Combined TRACON& Tower with Radar,205,88,9,0,302,0,4,5,0,9,205,92,14,0,311,0,0,0,311
01/08/2020,CLE,OH,AGL,CE,Combined TRACON& Tower with Radar,220,96,23,0,339,0,1,0,0,1,220,97,23,0,340,0,0,0,340
01/09/2020,CLE,OH,AGL,CE,Combined TRACON& Tower with Radar,235,101,22,0,358,0,3,3,0,6,235,104,25,0,364,0,0,0,364
01/10/2020,CLE,OH,AGL,CE,Combined TRACON& Tower with Radar,223,91,22,0,336,0,0,0,0,0,223,91,22,0,336,0,0,0,336
01/11/2020,CLE,OH,AGL,CE,Combined TRACON& Tower with Radar,194,41,0,0,235,0,0,0,0,0,194,41,0,0,235,0,0,0,235
01/12/2020,CLE,OH,AGL,CE,Combined TRACON& Tower with Radar,211,94,3,0,308,0,0,3,0,3,211,94,6,0,311,0,0,0,311
01/13/2020,CLE,OH,AGL,CE,Combined TRACON& Tower with Radar,216,84,19,0,319,0,0,1,2,3,216,84,20,2,322,0,0,0,322
01/14/2020,CLE,OH,AGL,CE,Combined TRACON& Tower with Radar,213,83,22,0,318,0,2,0,0,2,213,85,22,0,320,0,0,0,320
01/15/2020,CLE,OH,AGL,CE,Combined TRACON& Tower with Radar,211,107,20,0,338,0,0,3,0,3,211,107,23,0,341,0,0,0,341
01/16/2020,CLE,OH,AGL,CE,Combined TRACON& Tower with Radar,233,94,22,0,349,0,0,1,0,1,233,94,23,0,350,0,0,0,350
01/17/2020,CLE,OH,AGL,CE,Combined TRACON& Tower with Radar,226,102,28,0,356,0,3,3,0,6,226,105,31,0,362,0,0,0,362
01/18/2020,CLE,OH,AGL,CE,Combined TRACON& Tower with Radar,175,41,15,0,231,0,0,0,0,0,175,41,15,0,231,0,0,0,231
01/19/2020,CLE,OH,AGL,CE,Combined TRACON& Tower with Radar,185,74,6,0,265,0,0,0,0,0,185,74,6,0,265,0,0,0,265
01/20/2020,CLE,OH,AGL,CE,Combined TRACON& Tower with Radar,216,100,17,0,333,0,0,0,0,0,216,100,17,0,333,0,0,0,333
01/21/2020,CLE,OH,AGL,CE,Combined TRACON& Tower with Radar,213,98,34,0,345,0,8,2,0,10,213,106,36,0,355,0,0,0,355
01/22/2020,CLE,OH,AGL,CE,Combined TRACON& Tower with Radar,211,98,23,0,332,0,2,2,0,4,211,100,25,0,336,0,0,0,336
01/23/2020,CLE,OH,AGL,CE,Combined TRACON& Tower with Radar,228,108,20,0,356,0,1,4,0,5,228,109,24,0,361,0,0,0,361
01/24/2020,CLE,OH,AGL,CE,Combined TRACON& Tower with Radar,235,96,19,0,350,0,3,0,0,3,235,99,19,0,353,0,0,0,353
01/25/2020,CLE,OH,AGL,CE,Combined TRACON& Tower with Radar,191,45,15,0,251,0,3,0,0,3,191,48,15,0,254,0,0,0,254
01/26/2020,CLE,OH,AGL,CE,Combined TRACON& Tower with Radar,215,79,8,0,302,0,0,0,0,0,215,79,8,0,302,0,0,0,302
01/27/2020,CLE,OH,AGL,CE,Combined TRACON& Tower with Radar,218,89,14,0,321,0,2,0,0,2,218,91,14,0,323,0,0,0,323
01/28/2020,CLE,OH,AGL,CE,Combined TRACON& Tower with Radar,212,102,27,0,341,0,0,0,0,0,212,102,27,0,341,0,0,0,341
01/29/2020,CLE,OH,AGL,CE,Combined TRACON& Tower with Radar,211,100,28,0,339,0,3,2,1,6,211,103,30,1,345,0,0,0,345
01/30/2020,CLE,OH,AGL,CE,Combined TRACON& Tower with Radar,233,96,21,0,350,0,6,5,1,12,233,102,26,1,362,0,0,0,362
01/31/2020,CLE,OH,AGL,CE,Combined TRACON& Tower with Radar,228,94,12,0,334,0,4,2,0,6,228,98,14,0,340,0,0,0,340
02/01/2020,CLE,OH,AGL,CE,Combined TRACON& Tower with Radar,183,48,4,0,235,0,0,0,0,0,183,48,4,0,235,0,0,0,235
02/02/2020,CLE,OH,AGL,CE,Combined TRACON& Tower with Radar,199,81,6,0,286,0,0,0,0,0,199,81,6,0,286,0,0,0,286
02/03/2020,CLE,OH,AGL,CE,Combined TRACON& Tower with Radar,218,90,15,0,323,0,4,1,0,5,218,94,16,0,328,0,0,0,328
02/04/2020,CLE,OH,AGL,CE,Combined TRACON& Tower with Radar,216,96,11,0,323,0,6,3,0,9,216,102,14,0,332,0,0,0,332
02/05/2020,CLE,OH,AGL,CE,Combined TRACON& Tower with Radar,209,102,13,0,324,0,2,6,1,9,209,104,19,1,333,0,0,0,333
02/06/2020,CLE,OH,AGL,CE,Combined TRACON& Tower with Radar,218,100,33,0,351,0,0,0,0,0,218,100,33,0,351,0,0,0,351
02/07/2020,CLE,OH,AGL,CE,Combined TRACON& Tower with Radar,224,110,23,0,357,0,0,0,0,0,224,110,23,0,357,0,0,0,357
02/08/2020,CLE,OH,AGL,CE,Combined TRACON& Tower with Radar,190,46,10,0,246,0,0,1,0,1,190,46,11,0,247,0,0,0,247
02/09/2020,CLE,OH,AGL,CE,Combined TRACON& Tower with Radar,219,80,18,0,317,0,0,1,0,1,219,80,19,0,318,0,0,0,318
02/10/2020,CLE,OH,AGL,CE,Combined TRACON& Tower with Radar,232,85,13,0,330,0,0,0,0,0,232,85,13,0,330,0,0,0,330
02/11/2020,CLE,OH,AGL,CE,Combined TRACON& Tower with Radar,214,105,12,0,331,0,4,0,2,6,214,109,12,2,337,0,0,0,337
02/12/2020,CLE,OH,AGL,CE,Combined TRACON& Tower with Radar,214,104,25,0,343,0,4,3,0,7,214,108,28,0,350,0,0,0,350
02/13/2020,CLE,OH,AGL,CE,Combined TRACON& Tower with Radar,233,87,31,0,351,0,0,0,0,0,233,87,31,0,351,0,0,0,351
02/14/2020,CLE,OH,AGL,CE,Combined TRACON& Tower with Radar,245,90,14,0,349,0,0,2,0,2,245,90,16,0,351,0,0,0,351
02/15/2020,CLE,OH,AGL,CE,Combined TRACON& Tower with Radar,187,51,1,0,239,0,3,2,0,5,187,54,3,0,244,0,0,0,244
02/16/2020,CLE,OH,AGL,CE,Combined TRACON& Tower with Radar,196,87,7,0,290,0,0,0,0,0,196,87,7,0,290,0,0,0,290
02/17/2020,CLE,OH,AGL,CE,Combined TRACON& Tower with Radar,235,94,16,0,345,0,3,6,0,9,235,97,22,0,354,0,0,0,354
02/18/2020,CLE,OH,AGL,CE,Combined TRACON& Tower with Radar,235,79,20,0,334,0,0,1,0,1,235,79,21,0,335,0,0,0,335
02/19/2020,CLE,OH,AGL,CE,Combined TRACON& Tower with Radar,235,91,33,0,359,0,1,2,0,3,235,92,35,0,362,0,0,0,362
02/20/2020,CLE,OH,AGL,CE,Combined TRACON& Tower with Radar,239,88,30,0,357,0,4,1,0,5,239,92,31,0,362,0,0,0,362
02/21/2020,CLE,OH,AGL,CE,Combined TRACON& Tower with Radar,246,84,10,0,340,0,0,3,0,3,246,84,13,0,343,0,0,0,343
02/22/2020,CLE,OH,AGL,CE,Combined TRACON& Tower with Radar,195,58,3,0,256,0,2,5,0,7,195,60,8,0,263,0,0,0,263
02/23/2020,CLE,OH,AGL,CE,Combined TRACON& Tower with Radar,222,82,18,2,324,0,2,2,0,4,222,84,20,2,328,0,0,0,328
02/24/2020,CLE,OH,AGL,CE,Combined TRACON& Tower with Radar,244,94,16,0,354,0,1,2,2,5,244,95,18,2,359,0,0,0,359
02/25/2020,CLE,OH,AGL,CE,Combined TRACON& Tower with Radar,234,99,16,0,349,0,0,0,0,0,234,99,16,0,349,0,0,0,349
02/26/2020,CLE,OH,AGL,CE,Combined TRACON& Tower with Radar,239,97,27,0,363,0,0,0,0,0,239,97,27,0,363,0,0,0,363
02/27/2020,CLE,OH,AGL,CE,Combined TRACON& Tower with Radar,258,95,30,0,383,0,0,0,0,0,258,95,30,0,383,0,0,0,383
02/28/2020,CLE,OH,AGL,CE,Combined TRACON& Tower with Radar,254,94,33,2,383,0,2,0,0,2,254,96,33,2,385,0,0,0,385
02/29/2020,CLE,OH,AGL,CE,Combined TRACON& Tower with Radar,201,51,16,0,268,0,2,0,0,2,201,53,16,0,270,0,0,0,270
03/01/2020,CLE,OH,AGL,CE,Combined TRACON& Tower with Radar,228,84,9,0,321,0,2,3,0,5,228,86,12,0,326,0,0,0,326
03/02/2020,CLE,OH,AGL,CE,Combined TRACON& Tower with Radar,242,86,15,2,345,0,0,1,0,1,242,86,16,2,346,0,0,0,346
03/03/2020,CLE,OH,AGL,CE,Combined TRACON& Tower with Radar,240,98,11,2,351,0,0,0,0,0,240,98,11,2,351,0,0,0,351
03/04/2020,CLE,OH,AGL,CE,Combined TRACON& Tower with Radar,244,83,20,0,347,0,1,6,2,9,244,84,26,2,356,0,0,0,356
03/05/2020,CLE,OH,AGL,CE,Combined TRACON& Tower with Radar,253,85,20,0,358,0,1,3,2,6,253,86,23,2,364,0,0,0,364
03/06/2020,CLE,OH,AGL,CE,Combined TRACON& Tower with Radar,256,86,12,0,354,0,1,0,0,1,256,87,12,0,355,0,0,0,355
03/07/2020,CLE,OH,AGL,CE,Combined TRACON& Tower with Radar,217,68,3,0,288,0,2,2,0,4,217,70,5,0,292,0,0,0,292
03/08/2020,CLE,OH,AGL,CE,Combined TRACON& Tower with Radar,236,86,1,2,325,0,1,0,0,1,236,87,1,2,326,0,0,0,326
03/09/2020,CLE,OH,AGL,CE,Combined TRACON& Tower with Radar,259,86,6,0,351,0,3,6,0,9,259,89,12,0,360,0,0,0,360
03/10/2020,CLE,OH,AGL,CE,Combined TRACON& Tower with Radar,246,92,16,0,354,0,2,0,0,2,246,94,16,0,356,0,0,0,356
03/11/2020,CLE,OH,AGL,CE,Combined TRACON& Tower with Radar,255,95,13,0,363,0,0,1,1,2,255,95,14,1,365,0,0,0,365
03/12/2020,CLE,OH,AGL,CE,Combined TRACON& Tower with Radar,260,99,12,0,371,0,0,1,5,6,260,99,13,5,377,0,0,0,377
03/13/2020,CLE,OH,AGL,CE,Combined TRACON& Tower with Radar,266,91,7,0,364,0,0,6,0,6,266,91,13,0,370,0,0,0,370
03/14/2020,CLE,OH,AGL,CE,Combined TRACON& Tower with Radar,222,70,3,0,295,0,3,0,0,3,222,73,3,0,298,0,0,0,298
03/15/2020,CLE,OH,AGL,CE,Combined TRACON& Tower with Radar,230,92,3,0,325,0,2,3,0,5,230,94,6,0,330,0,0,0,330
03/16/2020,CLE,OH,AGL,CE,Combined TRACON& Tower with Radar,258,76,4,0,338,0,1,5,0,6,258,77,9,0,344,0,0,0,344
03/17/2020,CLE,OH,AGL,CE,Combined TRACON& Tower with Radar,248,84,9,0,341,0,2,0,0,2,248,86,9,0,343,0,0,0,343
03/18/2020,CLE,OH,AGL,CE,Combined TRACON& Tower with Radar,245,92,11,0,348,0,0,0,0,0,245,92,11,0,348,0,0,0,348
03/19/2020,CLE,OH,AGL,CE,Combined TRACON& Tower with Radar,229,83,15,0,327,0,0,0,0,0,229,83,15,0,327,0,0,0,327
03/20/2020,CLE,OH,AGL,CE,Combined TRACON& Tower with Radar,209,77,13,0,299,0,0,1,0,1,209,77,14,0,300,0,0,0,300
03/21/2020,CLE,OH,AGL,CE,Combined TRACON& Tower with Radar,176,69,6,0,251,0,0,0,0,0,176,69,6,0,251,0,0,0,251
03/22/2020,CLE,OH,AGL,CE,Combined TRACON& Tower with Radar,179,62,4,0,245,0,8,5,0,13,179,70,9,0,258,0,0,0,258
03/23/2020,CLE,OH,AGL,CE,Combined TRACON& Tower with Radar,185,65,8,0,258,0,2,0,0,2,185,67,8,0,260,0,0,0,260
03/24/2020,CLE,OH,AGL,CE,Combined TRACON& Tower with Radar,167,59,0,0,226,0,3,1,0,4,167,62,1,0,230,0,0,0,230
03/25/2020,CLE,OH,AGL,CE,Combined TRACON& Tower with Radar,155,59,1,0,215,0,0,0,0,0,155,59,1,0,215,0,0,0,215
03/26/2020,CLE,OH,AGL,CE,Combined TRACON& Tower with Radar,133,54,3,0,190,0,1,0,0,1,133,55,3,0,191,0,0,0,191
03/27/2020,CLE,OH,AGL,CE,Combined TRACON& Tower with Radar,144,33,6,0,183,0,0,0,0,0,144,33,6,0,183,0,0,0,183
03/28/2020,CLE,OH,AGL,CE,Combined TRACON& Tower with Radar,123,28,0,0,151,0,0,0,0,0,123,28,0,0,151,0,0,0,151
03/29/2020,CLE,OH,AGL,CE,Combined TRACON& Tower with Radar,115,23,2,0,140,0,0,0,0,0,115,23,2,0,140,0,0,0,140
03/30/2020,CLE,OH,AGL,CE,Combined TRACON& Tower with Radar,121,25,6,0,152,0,0,0,0,0,121,25,6,0,152,0,0,0,152
03/31/2020,CLE,OH,AGL,CE,Combined TRACON& Tower with Radar,128,44,4,0,176,0,2,1,0,3,128,46,5,0,179,0,0,0,179
04/01/2020,CLE,OH,AGL,CE,Combined TRACON& Tower with Radar,125,31,10,0,166,0,2,2,0,4,125,33,12,0,170,0,0,0,170
04/02/2020,CLE,OH,AGL,CE,Combined TRACON& Tower with Radar,113,14,5,0,132,0,2,3,0,5,113,16,8,0,137,0,0,0,137
04/03/2020,CLE,OH,AGL,CE,Combined TRACON& Tower with Radar,117,25,2,0,144,0,0,4,0,4,117,25,6,0,148,0,0,0,148
04/04/2020,CLE,OH,AGL,CE,Combined TRACON& Tower with Radar,102,19,2,0,123,0,0,2,0,2,102,19,4,0,125,0,0,0,125
04/05/2020,CLE,OH,AGL,CE,Combined TRACON& Tower with Radar,89,16,8,0,113,0,0,2,0,2,89,16,10,0,115,0,0,0,115
04/06/2020,CLE,OH,AGL,CE,Combined TRACON& Tower with Radar,91,17,3,0,111,0,6,2,0,8,91,23,5,0,119,0,0,0,119
04/07/2020,CLE,OH,AGL,CE,Combined TRACON& Tower with Radar,69,17,0,0,86,0,1,0,0,1,69,18,0,0,87,0,0,0,87
04/08/2020,CLE,OH,AGL,CE,Combined TRACON& Tower with Radar,81,17,7,0,105,0,0,4,0,4,81,17,11,0,109,0,0,0,109
04/09/2020,CLE,OH,AGL,CE,Combined TRACON& Tower with Radar,83,13,4,0,100,0,0,0,0,0,83,13,4,0,100,0,0,0,100
04/10/2020,CLE,OH,AGL,CE,Combined TRACON& Tower with Radar,76,12,3,0,91,0,0,0,0,0,76,12,3,0,91,0,0,0,91
04/11/2020,CLE,OH,AGL,CE,Combined TRACON& Tower with Radar,74,11,3,0,88,0,0,3,0,3,74,11,6,0,91,0,0,0,91
04/12/2020,CLE,OH,AGL,CE,Combined TRACON& Tower with Radar,64,12,1,0,77,0,0,0,0,0,64,12,1,0,77,0,0,0,77
04/13/2020,CLE,OH,AGL,CE,Combined TRACON& Tower with Radar,70,13,2,0,85,0,0,0,0,0,70,13,2,0,85,0,0,0,85
04/14/2020,CLE,OH,AGL,CE,Combined TRACON& Tower with Radar,55,14,10,0,79,0,1,1,0,2,55,15,11,0,81,0,0,0,81
04/15/2020,CLE,OH,AGL,CE,Combined TRACON& Tower with Radar,59,10,3,0,72,0,1,0,0,1,59,11,3,0,73,0,0,0,73
04/16/2020,CLE,OH,AGL,CE,Combined TRACON& Tower with Radar,61,9,3,0,73,0,0,1,0,1,61,9,4,0,74,0,0,0,74
04/17/2020,CLE,OH,AGL,CE,Combined TRACON& Tower with Radar,47,10,4,0,61,0,0,0,0,0,47,10,4,0,61,0,0,0,61
04/18/2020,CLE,OH,AGL,CE,Combined TRACON& Tower with Radar,49,21,0,0,70,0,0,6,0,6,49,21,6,0,76,0,0,0,76
04/19/2020,CLE,OH,AGL,CE,Combined TRACON& Tower with Radar,42,15,2,0,59,0,0,0,0,0,42,15,2,0,59,0,0,0,59
04/20/2020,CLE,OH,AGL,CE,Combined TRACON& Tower with Radar,43,7,0,1,51,0,0,4,0,4,43,7,4,1,55,0,0,0,55
04/21/2020,CLE,OH,AGL,CE,Combined TRACON& Tower with Radar,44,5,3,0,52,0,0,1,0,1,44,5,4,0,53,0,0,0,53
04/22/2020,CLE,OH,AGL,CE,Combined TRACON& Tower with Radar,62,12,3,0,77,0,2,3,1,6,62,14,6,1,83,0,0,0,83
04/23/2020,CLE,OH,AGL,CE,Combined TRACON& Tower with Radar,65,10,4,0,79,0,3,6,0,9,65,13,10,0,88,0,0,0,88
04/24/2020,CLE,OH,AGL,CE,Combined TRACON& Tower with Radar,53,8,3,0,64,0,4,4,0,8,53,12,7,0,72,0,0,0,72
04/25/2020,CLE,OH,AGL,CE,Combined TRACON& Tower with Radar,42,5,1,0,48,0,1,8,0,9,42,6,9,0,57,0,0,0,57
04/26/2020,CLE,OH,AGL,CE,Combined TRACON& Tower with Radar,45,9,5,0,59,0,1,0,0,1,45,10,5,0,60,0,0,0,60
04/27/2020,CLE,OH,AGL,CE,Combined TRACON& Tower with Radar,39,12,4,0,55,0,4,5,0,9,39,16,9,0,64,0,0,0,64
04/28/2020,CLE,OH,AGL,CE,Combined TRACON& Tower with Radar,45,11,4,0,60,0,0,0,0,0,45,11,4,0,60,0,0,0,60
04/29/2020,CLE,OH,AGL,CE,Combined TRACON& Tower with Radar,52,9,7,0,68,0,0,0,0,0,52,9,7,0,68,0,0,0,68
04/30/2020,CLE,OH,AGL,CE,Combined TRACON& Tower with Radar,57,7,2,0,66,1,2,0,0,3,58,9,2,0,69,0,0,0,69
05/01/2020,CLE,OH,AGL,CE,Combined TRACON& Tower with Radar,58,17,9,0,84,0,2,4,0,6,58,19,13,0,90,0,0,0,90
05/02/2020,CLE,OH,AGL,CE,Combined TRACON& Tower with Radar,61,13,5,0,79,0,0,4,0,4,61,13,9,0,83,0,0,0,83
05/03/2020,CLE,OH,AGL,CE,Combined TRACON& Tower with Radar,53,13,5,0,71,0,2,6,0,8,53,15,11,0,79,0,0,0,79
05/04/2020,CLE,OH,AGL,CE,Combined TRACON& Tower with Radar,52,20,5,0,77,0,3,7,0,10,52,23,12,0,87,0,0,0,87
05/05/2020,CLE,OH,AGL,CE,Combined TRACON& Tower with Radar,57,10,8,0,75,0,1,11,0,12,57,11,19,0,87,0,0,0,87
05/06/2020,CLE,OH,AGL,CE,Combined TRACON& Tower with Radar,54,13,9,0,76,0,2,7,0,9,54,15,16,0,85,0,0,0,85
05/07/2020,CLE,OH,AGL,CE,Combined TRACON& Tower with Radar,62,16,9,0,87,0,1,3,0,4,62,17,12,0,91,0,0,0,91
05/08/2020,CLE,OH,AGL,CE,Combined TRACON& Tower with Radar,56,18,7,0,81,0,3,0,0,3,56,21,7,0,84,0,0,0,84
05/09/2020,CLE,OH,AGL,CE,Combined TRACON& Tower with Radar,38,10,2,0,50,0,2,4,0,6,38,12,6,0,56,0,0,0,56
05/10/2020,CLE,OH,AGL,CE,Combined TRACON& Tower with Radar,51,16,0,0,67,0,2,0,0,2,51,18,0,0,69,0,0,0,69
05/11/2020,CLE,OH,AGL,CE,Combined TRACON& Tower with Radar,50,17,9,0,76,0,4,0,0,4,50,21,9,0,80,0,0,0,80
05/12/2020,CLE,OH,AGL,CE,Combined TRACON& Tower with Radar,51,14,13,0,78,0,1,4,0,5,51,15,17,0,83,0,0,0,83
05/13/2020,CLE,OH,AGL,CE,Combined TRACON& Tower with Radar,47,18,18,2,85,0,1,18,0,19,47,19,36,2,104,0,0,0,104
05/14/2020,CLE,OH,AGL,CE,Combined TRACON& Tower with Radar,56,25,15,0,96,0,2,0,0,2,56,27,15,0,98,0,0,0,98
05/15/2020,CLE,OH,AGL,CE,Combined TRACON& Tower with Radar,61,29,7,0,97,0,3,1,0,4,61,32,8,0,101,0,0,0,101
05/16/2020,CLE,OH,AGL,CE,Combined TRACON& Tower with Radar,44,12,4,0,60,0,2,20,0,22,44,14,24,0,82,0,0,0,82
05/17/2020,CLE,OH,AGL,CE,Combined TRACON& Tower with Radar,49,15,2,0,66,0,0,1,0,1,49,15,3,0,67,0,0,0,67
05/18/2020,CLE,OH,AGL,CE,Combined TRACON& Tower with Radar,57,22,4,0,83,0,1,2,0,3,57,23,6,0,86,0,0,0,86
05/19/2020,CLE,OH,AGL,CE,Combined TRACON& Tower with Radar,48,14,3,0,65,0,0,1,0,1,48,14,4,0,66,0,0,0,66
05/20/2020,CLE,OH,AGL,CE,Combined TRACON& Tower with Radar,50,25,20,0,95,0,0,12,0,12,50,25,32,0,107,0,0,0,107
05/21/2020,CLE,OH,AGL,CE,Combined TRACON& Tower with Radar,68,19,6,0,93,0,3,9,0,12,68,22,15,0,105,0,0,0,105
05/22/2020,CLE,OH,AGL,CE,Combined TRACON& Tower with Radar,70,19,10,0,99,0,1,1,0,2,70,20,11,0,101,0,0,0,101
05/23/2020,CLE,OH,AGL,CE,Combined TRACON& Tower with Radar,42,8,10,0,60,0,3,4,0,7,42,11,14,0,67,0,0,0,67
05/24/2020,CLE,OH,AGL,CE,Combined TRACON& Tower with Radar,57,14,0,0,71,0,2,5,4,11,57,16,5,4,82,0,0,0,82
05/25/2020,CLE,OH,AGL,CE,Combined TRACON& Tower with Radar,58,18,2,0,78,0,0,6,0,6,58,18,8,0,84,0,0,0,84
05/26/2020,CLE,OH,AGL,CE,Combined TRACON& Tower with Radar,53,19,13,0,85,0,2,7,0,9,53,21,20,0,94,0,0,0,94
05/27/2020,CLE,OH,AGL,CE,Combined TRACON& Tower with Radar,52,25,13,0,90,0,1,2,0,3,52,26,15,0,93,0,0,0,93
05/28/2020,CLE,OH,AGL,CE,Combined TRACON& Tower with Radar,66,18,9,0,93,0,5,1,0,6,66,23,10,0,99,0,0,0,99
05/29/2020,CLE,OH,AGL,CE,Combined TRACON& Tower with Radar,62,16,14,0,92,0,5,11,0,16,62,21,25,0,108,0,0,0,108
05/30/2020,CLE,OH,AGL,CE,Combined TRACON& Tower with Radar,44,14,15,0,73,0,1,6,0,7,44,15,21,0,80,0,0,0,80
05/31/2020,CLE,OH,AGL,CE,Combined TRACON& Tower with Radar,63,12,5,0,80,0,1,6,0,7,63,13,11,0,87,0,0,0,87
06/01/2020,CLE,OH,AGL,CE,Combined TRACON& Tower with Radar,67,21,15,0,103,0,2,14,0,16,67,23,29,0,119,0,0,0,119
06/02/2020,CLE,OH,AGL,CE,Combined TRACON& Tower with Radar,55,13,12,0,80,0,2,3,0,5,55,15,15,0,85,0,0,0,85
06/03/2020,CLE,OH,AGL,CE,Combined TRACON& Tower with Radar,58,20,10,0,88,0,7,1,0,8,58,27,11,0,96,0,0,0,96
06/04/2020,CLE,OH,AGL,CE,Combined TRACON& Tower with Radar,75,27,14,0,116,0,2,8,0,10,75,29,22,0,126,0,0,0,126
06/05/2020,CLE,OH,AGL,CE,Combined TRACON& Tower with Radar,87,23,7,0,117,0,1,3,0,4,87,24,10,0,121,0,0,0,121
06/06/2020,CLE,OH,AGL,CE,Combined TRACON& Tower with Radar,59,15,1,0,75,0,2,2,0,4,59,17,3,0,79,0,0,0,79
06/07/2020,CLE,OH,AGL,CE,Combined TRACON& Tower with Radar,72,18,6,0,96,0,0,9,0,9,72,18,15,0,105,0,0,0,105
06/08/2020,CLE,OH,AGL,CE,Combined TRACON& Tower with Radar,88,25,4,0,117,0,6,13,0,19,88,31,17,0,136,0,0,0,136
06/09/2020,CLE,OH,AGL,CE,Combined TRACON& Tower with Radar,69,20,11,0,100,0,2,3,0,5,69,22,14,0,105,0,0,0,105
06/10/2020,CLE,OH,AGL,CE,Combined TRACON& Tower with Radar,76,15,8,0,99,0,6,0,0,6,76,21,8,0,105,0,0,0,105
06/11/2020,CLE,OH,AGL,CE,Combined TRACON& Tower with Radar,90,26,12,0,128,0,1,7,0,8,90,27,19,0,136,0,0,0,136
06/12/2020,CLE,OH,AGL,CE,Combined TRACON& Tower with Radar,102,23,15,0,140,0,4,10,0,14,102,27,25,0,154,0,0,0,154
06/13/2020,CLE,OH,AGL,CE,Combined TRACON& Tower with Radar,69,13,3,0,85,0,2,6,0,8,69,15,9,0,93,0,0,0,93
06/14/2020,CLE,OH,AGL,CE,Combined TRACON& Tower with Radar,79,20,6,0,105,0,0,3,0,3,79,20,9,0,108,0,0,0,108
06/15/2020,CLE,OH,AGL,CE,Combined TRACON& Tower with Radar,93,22,14,0,129,0,2,1,0,3,93,24,15,0,132,0,0,0,132
06/16/2020,CLE,OH,AGL,CE,Combined TRACON& Tower with Radar,77,18,21,0,116,0,4,3,0,7,77,22,24,0,123,0,0,0,123
06/17/2020,CLE,OH,AGL,CE,Combined TRACON& Tower with Radar,79,26,16,0,121,0,4,5,0,9,79,30,21,0,130,0,0,0,130
06/18/2020,CLE,OH,AGL,CE,Combined TRACON& Tower with Radar,102,21,19,0,142,0,1,5,0,6,102,22,24,0,148,0,0,0,148
06/19/2020,CLE,OH,AGL,CE,Combined TRACON& Tower with Radar,104,14,16,0,134,0,8,6,0,14,104,22,22,0,148,0,0,0,148
06/20/2020,CLE,OH,AGL,CE,Combined TRACON& Tower with Radar,83,10,4,0,97,0,1,7,0,8,83,11,11,0,105,0,0,0,105
06/21/2020,CLE,OH,AGL,CE,Combined TRACON& Tower with Radar,93,14,7,0,114,0,0,2,0,2,93,14,9,0,116,0,0,0,116
06/22/2020,CLE,OH,AGL,CE,Combined TRACON& Tower with Radar,102,22,10,0,134,0,0,8,0,8,102,22,18,0,142,0,0,0,142
06/23/2020,CLE,OH,AGL,CE,Combined TRACON& Tower with Radar,85,30,11,0,126,0,0,1,0,1,85,30,12,0,127,0,0,0,127
06/24/2020,CLE,OH,AGL,CE,Combined TRACON& Tower with Radar,84,25,17,0,126,0,2,12,0,14,84,27,29,0,140,0,0,0,140
06/25/2020,CLE,OH,AGL,CE,Combined TRACON& Tower with Radar,103,24,15,2,144,0,4,4,0,8,103,28,19,2,152,0,0,0,152
06/26/2020,CLE,OH,AGL,CE,Combined TRACON& Tower with Radar,111,24,16,0,151,0,5,2,0,7,111,29,18,0,158,0,0,0,158
06/27/2020,CLE,OH,AGL,CE,Combined TRACON& Tower with Radar,89,14,5,0,108,0,0,2,0,2,89,14,7,0,110,0,0,0,110
06/28/2020,CLE,OH,AGL,CE,Combined TRACON& Tower with Radar,94,24,7,0,125,0,1,5,1,7,94,25,12,1,132,0,0,0,132
06/29/2020,CLE,OH,AGL,CE,Combined TRACON& Tower with Radar,112,29,13,0,154,0,3,3,0,6,112,32,16,0,160,0,0,0,160
06/30/2020,CLE,OH,AGL,CE,Combined TRACON& Tower with Radar,89,21,10,0,120,0,2,8,0,10,89,23,18,0,130,0,0,0,130
07/01/2020,CLE,OH,AGL,CE,Combined TRACON& Tower with Radar,108,31,25,0,164,0,2,2,1,5,108,33,27,1,169,0,0,0,169
07/02/2020,CLE,OH,AGL,CE,Combined TRACON& Tower with Radar,131,29,9,0,169,0,4,3,0,7,131,33,12,0,176,0,0,0,176
07/03/2020,CLE,OH,AGL,CE,Combined TRACON& Tower with Radar,132,21,1,0,154,0,2,6,0,8,132,23,7,0,162,0,0,0,162
07/04/2020,CLE,OH,AGL,CE,Combined TRACON& Tower with Radar,96,6,4,0,106,0,1,0,0,1,96,7,4,0,107,0,0,0,107
07/05/2020,CLE,OH,AGL,CE,Combined TRACON& Tower with Radar,123,22,8,0,153,0,4,4,0,8,123,26,12,0,161,0,0,0,161
07/06/2020,CLE,OH,AGL,CE,Combined TRACON& Tower with Radar,141,26,13,0,180,0,1,4,0,5,141,27,17,0,185,0,0,0,185
07/07/2020,CLE,OH,AGL,CE,Combined TRACON& Tower with Radar,150,18,17,0,185,0,4,2,0,6,150,22,19,0,191,0,0,0,191
07/08/2020,CLE,OH,AGL,CE,Combined TRACON& Tower with Radar,142,15,17,0,174,0,2,4,0,6,142,17,21,0,180,0,0,0,180
07/09/2020,CLE,OH,AGL,CE,Combined TRACON& Tower with Radar,161,18,19,0,198,0,6,1,0,7,161,24,20,0,205,0,0,0,205
07/10/2020,CLE,OH,AGL,CE,Combined TRACON& Tower with Radar,167,15,7,0,189,0,3,0,0,3,167,18,7,0,192,0,0,0,192
07/11/2020,CLE,OH,AGL,CE,Combined TRACON& Tower with Radar,138,15,3,0,156,0,4,0,0,4,138,19,3,0,160,0,0,0,160
07/12/2020,CLE,OH,AGL,CE,Combined TRACON& Tower with Radar,148,11,9,0,168,0,3,2,0,5,148,14,11,0,173,0,0,0,173
07/13/2020,CLE,OH,AGL,CE,Combined TRACON& Tower with Radar,161,23,15,0,199,0,2,4,0,6,161,25,19,0,205,0,0,0,205
07/14/2020,CLE,OH,AGL,CE,Combined TRACON& Tower with Radar,148,9,6,0,163,0,9,10,0,19,148,18,16,0,182,0,0,0,182
07/15/2020,CLE,OH,AGL,CE,Combined TRACON& Tower with Radar,135,11,15,0,161,0,5,11,0,16,135,16,26,0,177,0,0,0,177
07/16/2020,CLE,OH,AGL,CE,Combined TRACON& Tower with Radar,157,16,11,0,184,0,5,0,0,5,157,21,11,0,189,0,0,0,189
07/17/2020,CLE,OH,AGL,CE,Combined TRACON& Tower with Radar,166,17,17,0,200,0,7,5,0,12,166,24,22,0,212,0,0,0,212
07/18/2020,CLE,OH,AGL,CE,Combined TRACON& Tower with Radar,139,19,5,0,163,0,4,0,0,4,139,23,5,0,167,0,0,0,167
07/19/2020,CLE,OH,AGL,CE,Combined TRACON& Tower with Radar,149,14,9,0,172,0,0,1,0,1,149,14,10,0,173,0,0,0,173
07/20/2020,CLE,OH,AGL,CE,Combined TRACON& Tower with Radar,157,17,8,0,182,0,1,1,0,2,157,18,9,0,184,0,0,0,184
07/21/2020,CLE,OH,AGL,CE,Combined TRACON& Tower with Radar,146,15,16,0,177,0,1,4,0,5,146,16,20,0,182,0,0,0,182
07/22/2020,CLE,OH,AGL,CE,Combined TRACON& Tower with Radar,135,22,16,0,173,0,0,2,2,4,135,22,18,2,177,0,0,0,177
07/23/2020,CLE,OH,AGL,CE,Combined TRACON& Tower with Radar,163,26,17,0,206,0,0,1,0,1,163,26,18,0,207,0,0,0,207
07/24/2020,CLE,OH,AGL,CE,Combined TRACON& Tower with Radar,166,21,9,0,196,0,4,6,0,10,166,25,15,0,206,0,0,0,206
07/25/2020,CLE,OH,AGL,CE,Combined TRACON& Tower with Radar,139,12,11,0,162,0,2,6,0,8,139,14,17,0,170,0,0,0,170
07/26/2020,CLE,OH,AGL,CE,Combined TRACON& Tower with Radar,152,27,9,0,188,0,2,15,0,17,152,29,24,0,205,0,0,0,205
07/27/2020,CLE,OH,AGL,CE,Combined TRACON& Tower with Radar,170,15,13,0,198,0,2,3,0,5,170,17,16,0,203,0,0,0,203
07/28/2020,CLE,OH,AGL,CE,Combined TRACON& Tower with Radar,142,27,15,0,184,0,4,2,0,6,142,31,17,0,190,0,0,0,190
07/29/2020,CLE,OH,AGL,CE,Combined TRACON& Tower with Radar,141,13,16,0,170,0,5,2,0,7,141,18,18,0,177,0,0,0,177
07/30/2020,CLE,OH,AGL,CE,Combined TRACON& Tower with Radar,154,21,11,0,186,0,0,3,0,3,154,21,14,0,189,0,0,0,189
07/31/2020,CLE,OH,AGL,CE,Combined TRACON& Tower with Radar,160,19,8,0,187,0,6,1,0,7,160,25,9,0,194,0,0,0,194
08/01/2020,CLE,OH,AGL,CE,Combined TRACON& Tower with Radar,155,11,1,2,169,0,2,0,0,2,155,13,1,2,171,0,0,0,171
08/02/2020,CLE,OH,AGL,CE,Combined TRACON& Tower with Radar,167,21,15,0,203,0,0,0,0,0,167,21,15,0,203,0,0,0,203
08/03/2020,CLE,OH,AGL,CE,Combined TRACON& Tower with Radar,172,22,8,3,205,0,0,0,2,2,172,22,8,5,207,0,0,0,207
08/04/2020,CLE,OH,AGL,CE,Combined TRACON& Tower with Radar,140,18,7,1,166,0,2,0,2,4,140,20,7,3,170,0,0,0,170
08/05/2020,CLE,OH,AGL,CE,Combined TRACON& Tower with Radar,142,18,8,5,173,0,8,7,2,17,142,26,15,7,190,0,0,0,190
08/06/2020,CLE,OH,AGL,CE,Combined TRACON& Tower with Radar,165,17,13,4,199,0,3,0,1,4,165,20,13,5,203,0,0,0,203
08/07/2020,CLE,OH,AGL,CE,Combined TRACON& Tower with Radar,173,23,15,8,219,0,0,6,1,7,173,23,21,9,226,0,0,0,226
08/08/2020,CLE,OH,AGL,CE,Combined TRACON& Tower with Radar,143,8,3,0,154,0,2,6,0,8,143,10,9,0,162,0,0,0,162
08/09/2020,CLE,OH,AGL,CE,Combined TRACON& Tower with Radar,153,17,15,0,185,0,6,5,0,11,153,23,20,0,196,0,0,0,196
08/10/2020,CLE,OH,AGL,CE,Combined TRACON& Tower with Radar,167,24,17,0,208,0,2,2,0,4,167,26,19,0,212,0,0,0,212
08/11/2020,CLE,OH,AGL,CE,Combined TRACON& Tower with Radar,150,14,25,0,189,0,4,0,0,4,150,18,25,0,193,0,0,0,193
08/12/2020,CLE,OH,AGL,CE,Combined TRACON& Tower with Radar,150,14,15,0,179,0,2,5,0,7,150,16,20,0,186,0,0,0,186
08/13/2020,CLE,OH,AGL,CE,Combined TRACON& Tower with Radar,179,18,17,0,214,0,2,2,0,4,179,20,19,0,218,0,0,0,218
08/14/2020,CLE,OH,AGL,CE,Combined TRACON& Tower with Radar,181,14,4,0,199,0,3,1,0,4,181,17,5,0,203,0,0,0,203
08/15/2020,CLE,OH,AGL,CE,Combined TRACON& Tower with Radar,153,16,6,0,175,0,4,4,1,9,153,20,10,1,184,0,0,0,184
08/16/2020,CLE,OH,AGL,CE,Combined TRACON& Tower with Radar,167,14,5,0,186,0,0,2,0,2,167,14,7,0,188,0,0,0,188
08/17/2020,CLE,OH,AGL,CE,Combined TRACON& Tower with Radar,174,17,19,0,210,0,2,2,0,4,174,19,21,0,214,0,0,0,214
08/18/2020,CLE,OH,AGL,CE,Combined TRACON& Tower with Radar,152,23,8,0,183,0,3,3,0,6,152,26,11,0,189,0,0,0,189
08/19/2020,CLE,OH,AGL,CE,Combined TRACON& Tower with Radar,149,14,6,0,169,0,3,8,0,11,149,17,14,0,180,0,0,0,180
08/20/2020,CLE,OH,AGL,CE,Combined TRACON& Tower with Radar,171,18,15,0,204,0,6,6,0,12,171,24,21,0,216,0,0,0,216
08/21/2020,CLE,OH,AGL,CE,Combined TRACON& Tower with Radar,168,15,18,0,201,0,2,7,0,9,168,17,25,0,210,0,0,0,210
08/22/2020,CLE,OH,AGL,CE,Combined TRACON& Tower with Radar,155,14,14,0,183,0,2,5,0,7,155,16,19,0,190,0,0,0,190
08/23/2020,CLE,OH,AGL,CE,Combined TRACON& Tower with Radar,161,17,7,0,185,0,8,6,0,14,161,25,13,0,199,0,0,0,199
08/24/2020,CLE,OH,AGL,CE,Combined TRACON& Tower with Radar,164,15,14,8,201,0,0,2,9,11,164,15,16,17,212,0,0,0,212
08/25/2020,CLE,OH,AGL,CE,Combined TRACON& Tower with Radar,151,21,12,0,184,0,3,3,0,6,151,24,15,0,190,0,0,0,190
08/26/2020,CLE,OH,AGL,CE,Combined TRACON& Tower with Radar,147,21,10,0,178,0,2,0,0,2,147,23,10,0,180,0,0,0,180
08/27/2020,CLE,OH,AGL,CE,Combined TRACON& Tower with Radar,167,33,14,1,215,0,6,3,0,9,167,39,17,1,224,0,0,0,224
08/28/2020,CLE,OH,AGL,CE,Combined TRACON& Tower with Radar,174,21,9,0,204,0,0,1,0,1,174,21,10,0,205,0,0,0,205
08/29/2020,CLE,OH,AGL,CE,Combined TRACON& Tower with Radar,153,28,3,0,184,0,3,3,0,6,153,31,6,0,190,0,0,0,190
08/30/2020,CLE,OH,AGL,CE,Combined TRACON& Tower with Radar,158,18,5,0,181,0,2,5,0,7,158,20,10,0,188,0,0,0,188
08/31/2020,CLE,OH,AGL,CE,Combined TRACON& Tower with Radar,162,26,14,0,202,0,3,3,0,6,162,29,17,0,208,0,0,0,208
09/01/2020,CLE,OH,AGL,CE,Combined TRACON& Tower with Radar,149,19,20,0,188,0,1,3,0,4,149,20,23,0,192,0,0,0,192
09/02/2020,CLE,OH,AGL,CE,Combined TRACON& Tower with Radar,153,12,22,0,187,0,0,0,0,0,153,12,22,0,187,0,0,0,187
09/03/2020,CLE,OH,AGL,CE,Combined TRACON& Tower with Radar,172,16,21,0,209,0,1,4,0,5,172,17,25,0,214,0,0,0,214
09/04/2020,CLE,OH,AGL,CE,Combined TRACON& Tower with Radar,167,17,15,0,199,0,6,2,0,8,167,23,17,0,207,0,0,0,207
09/05/2020,CLE,OH,AGL,CE,Combined TRACON& Tower with Radar,134,13,1,0,148,0,0,4,0,4,134,13,5,0,152,0,0,0,152
09/06/2020,CLE,OH,AGL,CE,Combined TRACON& Tower with Radar,123,6,1,0,130,0,2,4,0,6,123,8,5,0,136,0,0,0,136
09/07/2020,CLE,OH,AGL,CE,Combined TRACON& Tower with Radar,142,15,4,0,161,0,0,0,0,0,142,15,4,0,161,0,0,0,161
09/08/2020,CLE,OH,AGL,CE,Combined TRACON& Tower with Radar,119,18,22,0,159,0,4,2,0,6,119,22,24,0,165,0,0,0,165
09/09/2020,CLE,OH,AGL,CE,Combined TRACON& Tower with Radar,109,25,21,0,155,0,0,0,0,0,109,25,21,0,155,0,0,0,155
09/10/2020,CLE,OH,AGL,CE,Combined TRACON& Tower with Radar,140,22,17,0,179,0,0,0,0,0,140,22,17,0,179,0,0,0,179
09/11/2020,CLE,OH,AGL,CE,Combined TRACON& Tower with Radar,144,33,12,0,189,0,8,2,0,10,144,41,14,0,199,0,0,0,199
09/12/2020,CLE,OH,AGL,CE,Combined TRACON& Tower with Radar,122,29,0,0,151,0,1,2,0,3,122,30,2,0,154,0,0,0,154
09/13/2020,CLE,OH,AGL,CE,Combined TRACON& Tower with Radar,138,16,13,0,167,0,4,4,0,8,138,20,17,0,175,0,0,0,175
09/14/2020,CLE,OH,AGL,CE,Combined TRACON& Tower with Radar,127,26,16,0,169,0,0,1,0,1,127,26,17,0,170,0,0,0,170
09/15/2020,CLE,OH,AGL,CE,Combined TRACON& Tower with Radar,103,24,12,0,139,0,1,2,2,5,103,25,14,2,144,0,0,0,144
09/16/2020,CLE,OH,AGL,CE,Combined TRACON& Tower with Radar,106,25,17,0,148,0,4,6,0,10,106,29,23,0,158,0,0,0,158
09/17/2020,CLE,OH,AGL,CE,Combined TRACON& Tower with Radar,138,31,20,0,189,0,3,11,0,14,138,34,31,0,203,0,0,0,203
09/18/2020,CLE,OH,AGL,CE,Combined TRACON& Tower with Radar,146,25,16,2,189,0,1,5,0,6,146,26,21,2,195,0,0,0,195
09/19/2020,CLE,OH,AGL,CE,Combined TRACON& Tower with Radar,122,27,4,0,153,0,2,4,0,6,122,29,8,0,159,0,0,0,159
09/20/2020,CLE,OH,AGL,CE,Combined TRACON& Tower with Radar,136,21,7,0,164,0,2,1,0,3,136,23,8,0,167,0,0,0,167
09/21/2020,CLE,OH,AGL,CE,Combined TRACON& Tower with Radar,127,24,22,0,173,0,2,8,0,10,127,26,30,0,183,0,0,0,183
09/22/2020,CLE,OH,AGL,CE,Combined TRACON& Tower with Radar,103,16,28,0,147,0,5,0,0,5,103,21,28,0,152,0,0,0,152
09/23/2020,CLE,OH,AGL,CE,Combined TRACON& Tower with Radar,108,25,20,0,153,0,2,2,0,4,108,27,22,0,157,0,0,0,157
09/24/2020,CLE,OH,AGL,CE,Combined TRACON& Tower with Radar,137,20,16,2,175,0,2,4,0,6,137,22,20,2,181,0,0,0,181
09/25/2020,CLE,OH,AGL,CE,Combined TRACON& Tower with Radar,144,19,34,0,197,0,3,2,0,5,144,22,36,0,202,0,0,0,202
09/26/2020,CLE,OH,AGL,CE,Combined TRACON& Tower with Radar,122,20,5,0,147,0,0,4,0,4,122,20,9,0,151,0,0,0,151
09/27/2020,CLE,OH,AGL,CE,Combined TRACON& Tower with Radar,141,33,13,2,189,0,2,2,1,5,141,35,15,3,194,0,0,0,194
09/28/2020,CLE,OH,AGL,CE,Combined TRACON& Tower with Radar,133,21,13,3,170,0,1,1,0,2,133,22,14,3,172,0,0,0,172
09/29/2020,CLE,OH,AGL,CE,Combined TRACON& Tower with Radar,107,18,25,3,153,0,0,4,0,4,107,18,29,3,157,0,0,0,157
09/30/2020,CLE,OH,AGL,CE,Combined TRACON& Tower with Radar,115,22,10,4,151,0,5,0,0,5,115,27,10,4,156,0,0,0,156
10/01/2020,CLE,OH,AGL,CE,Combined TRACON& Tower with Radar,153,22,15,0,190,0,4,2,0,6,153,26,17,0,196,0,0,0,196
10/02/2020,CLE,OH,AGL,CE,Combined TRACON& Tower with Radar,149,19,15,0,183,0,0,2,0,2,149,19,17,0,185,0,0,0,185
10/03/2020,CLE,OH,AGL,CE,Combined TRACON& Tower with Radar,127,10,9,0,146,0,1,2,0,3,127,11,11,0,149,0,0,0,149
10/04/2020,CLE,OH,AGL,CE,Combined TRACON& Tower with Radar,149,20,12,0,181,0,1,0,0,1,149,21,12,0,182,0,0,0,182
10/05/2020,CLE,OH,AGL,CE,Combined TRACON& Tower with Radar,138,14,9,0,161,0,2,1,0,3,138,16,10,0,164,0,0,0,164
10/06/2020,CLE,OH,AGL,CE,Combined TRACON& Tower with Radar,116,26,21,0,163,0,2,0,1,3,116,28,21,1,166,0,0,0,166
10/07/2020,CLE,OH,AGL,CE,Combined TRACON& Tower with Radar,120,21,17,0,158,0,1,6,0,7,120,22,23,0,165,0,0,0,165
10/08/2020,CLE,OH,AGL,CE,Combined TRACON& Tower with Radar,162,30,23,0,215,0,1,7,0,8,162,31,30,0,223,0,0,0,223
10/09/2020,CLE,OH,AGL,CE,Combined TRACON& Tower with Radar,151,24,7,3,185,0,7,6,0,13,151,31,13,3,198,0,0,0,198
10/10/2020,CLE,OH,AGL,CE,Combined TRACON& Tower with Radar,133,18,6,0,157,0,2,4,0,6,133,20,10,0,163,0,0,0,163
10/11/2020,CLE,OH,AGL,CE,Combined TRACON& Tower with Radar,152,26,13,1,192,0,2,6,0,8,152,28,19,1,200,0,0,0,200
10/12/2020,CLE,OH,AGL,CE,Combined TRACON& Tower with Radar,147,20,25,0,192,0,0,0,0,0,147,20,25,0,192,0,0,0,192
10/13/2020,CLE,OH,AGL,CE,Combined TRACON& Tower with Radar,116,27,9,0,152,0,4,5,0,9,116,31,14,0,161,0,0,0,161
10/14/2020,CLE,OH,AGL,CE,Combined TRACON& Tower with Radar,116,26,8,0,150,0,5,0,0,5,116,31,8,0,155,0,0,0,155
10/15/2020,CLE,OH,AGL,CE,Combined TRACON& Tower with Radar,157,26,17,0,200,0,5,0,0,5,157,31,17,0,205,0,0,0,205
10/16/2020,CLE,OH,AGL,CE,Combined TRACON& Tower with Radar,150,23,18,0,191,0,0,0,0,0,150,23,18,0,191,0,0,0,191
10/17/2020,CLE,OH,AGL,CE,Combined TRACON& Tower with Radar,132,16,2,0,150,0,0,2,0,2,132,16,4,0,152,0,0,0,152
10/18/2020,CLE,OH,AGL,CE,Combined TRACON& Tower with Radar,148,17,6,0,171,0,4,0,0,4,148,21,6,0,175,0,0,0,175
10/19/2020,CLE,OH,AGL,CE,Combined TRACON& Tower with Radar,139,26,21,0,186,0,0,0,0,0,139,26,21,0,186,0,0,0,186
10/20/2020,CLE,OH,AGL,CE,Combined TRACON& Tower with Radar,114,40,19,0,173,0,2,0,0,2,114,42,19,0,175,0,0,0,175
10/21/2020,CLE,OH,AGL,CE,Combined TRACON& Tower with Radar,115,26,13,0,154,0,2,0,0,2,115,28,13,0,156,0,0,0,156
10/22/2020,CLE,OH,AGL,CE,Combined TRACON& Tower with Radar,161,31,25,0,217,0,4,4,0,8,161,35,29,0,225,0,0,0,225
10/23/2020,CLE,OH,AGL,CE,Combined TRACON& Tower with Radar,147,30,10,0,187,0,0,1,0,1,147,30,11,0,188,0,0,0,188
10/24/2020,CLE,OH,AGL,CE,Combined TRACON& Tower with Radar,125,15,4,0,144,0,0,0,0,0,125,15,4,0,144,0,0,0,144
10/25/2020,CLE,OH,AGL,CE,Combined TRACON& Tower with Radar,140,27,9,0,176,0,9,0,0,9,140,36,9,0,185,0,0,0,185
10/26/2020,CLE,OH,AGL,CE,Combined TRACON& Tower with Radar,136,29,20,0,185,0,0,0,0,0,136,29,20,0,185,0,0,0,185
10/27/2020,CLE,OH,AGL,CE,Combined TRACON& Tower with Radar,111,20,22,6,159,0,0,1,0,1,111,20,23,6,160,0,0,0,160
10/28/2020,CLE,OH,AGL,CE,Combined TRACON& Tower with Radar,112,26,14,6,158,0,0,0,2,2,112,26,14,8,160,0,0,0,160
10/29/2020,CLE,OH,AGL,CE,Combined TRACON& Tower with Radar,148,29,11,0,188,0,0,0,0,0,148,29,11,0,188,0,0,0,188
10/30/2020,CLE,OH,AGL,CE,Combined TRACON& Tower with Radar,143,19,18,0,180,0,0,1,0,1,143,19,19,0,181,0,0,0,181
10/31/2020,CLE,OH,AGL,CE,Combined TRACON& Tower with Radar,105,15,5,0,125,0,2,4,1,7,105,17,9,1,132,0,0,0,132
11/01/2020,CLE,OH,AGL,CE,Combined TRACON& Tower with Radar,139,17,9,0,165,0,2,0,0,2,139,19,9,0,167,0,0,0,167
11/02/2020,CLE,OH,AGL,CE,Combined TRACON& Tower with Radar,128,27,17,0,172,0,4,0,0,4,128,31,17,0,176,0,0,0,176
11/03/2020,CLE,OH,AGL,CE,Combined TRACON& Tower with Radar,98,14,19,1,132,0,7,2,5,14,98,21,21,6,146,0,0,0,146
11/04/2020,CLE,OH,AGL,CE,Combined TRACON& Tower with Radar,115,25,12,4,156,0,6,8,2,16,115,31,20,6,172,0,0,0,172
11/05/2020,CLE,OH,AGL,CE,Combined TRACON& Tower with Radar,155,25,18,0,198,0,7,0,0,7,155,32,18,0,205,0,0,0,205
11/06/2020,CLE,OH,AGL,CE,Combined TRACON& Tower with Radar,150,28,13,0,191,0,3,2,2,7,150,31,15,2,198,0,0,0,198
11/07/2020,CLE,OH,AGL,CE,Combined TRACON& Tower with Radar,136,20,4,1,161,0,2,2,0,4,136,22,6,1,165,0,0,0,165
11/08/2020,CLE,OH,AGL,CE,Combined TRACON& Tower with Radar,159,18,8,0,185,0,3,4,0,7,159,21,12,0,192,0,0,0,192
11/09/2020,CLE,OH,AGL,CE,Combined TRACON& Tower with Radar,147,16,16,1,180,0,3,3,0,6,147,19,19,1,186,0,0,0,186
11/10/2020,CLE,OH,AGL,CE,Combined TRACON& Tower with Radar,113,16,11,0,140,0,1,14,0,15,113,17,25,0,155,0,0,0,155
11/11/2020,CLE,OH,AGL,CE,Combined TRACON& Tower with Radar,122,30,13,0,165,0,0,0,0,0,122,30,13,0,165,0,0,0,165
11/12/2020,CLE,OH,AGL,CE,Combined TRACON& Tower with Radar,170,41,19,0,230,0,3,1,0,4,170,44,20,0,234,0,0,0,234
11/13/2020,CLE,OH,AGL,CE,Combined TRACON& Tower with Radar,161,37,10,1,209,0,7,2,0,9,161,44,12,1,218,0,0,0,218
11/14/2020,CLE,OH,AGL,CE,Combined TRACON& Tower with Radar,141,15,8,0,164,0,0,0,1,1,141,15,8,1,165,0,0,0,165
11/15/2020,CLE,OH,AGL,CE,Combined TRACON& Tower with Radar,160,15,7,0,182,0,0,0,0,0,160,15,7,0,182,0,0,0,182
11/16/2020,CLE,OH,AGL,CE,Combined TRACON& Tower with Radar,151,15,11,0,177,0,2,2,0,4,151,17,13,0,181,0,0,0,181
11/17/2020,CLE,OH,AGL,CE,Combined TRACON& Tower with Radar,118,18,11,0,147,0,0,0,0,0,118,18,11,0,147,0,0,0,147
11/18/2020,CLE,OH,AGL,CE,Combined TRACON& Tower with Radar,119,31,14,0,164,0,5,5,0,10,119,36,19,0,174,0,0,0,174
11/19/2020,CLE,OH,AGL,CE,Combined TRACON& Tower with Radar,178,27,17,0,222,0,4,2,0,6,178,31,19,0,228,0,0,0,228
11/20/2020,CLE,OH,AGL,CE,Combined TRACON& Tower with Radar,165,24,7,0,196,0,0,2,0,2,165,24,9,0,198,0,0,0,198
11/21/2020,CLE,OH,AGL,CE,Combined TRACON& Tower with Radar,170,25,8,0,203,0,2,10,0,12,170,27,18,0,215,0,0,0,215
11/22/2020,CLE,OH,AGL,CE,Combined TRACON& Tower with Radar,170,24,7,0,201,0,0,0,0,0,170,24,7,0,201,0,0,0,201
11/23/2020,CLE,OH,AGL,CE,Combined TRACON& Tower with Radar,153,23,13,0,189,0,4,1,0,5,153,27,14,0,194,0,0,0,194
11/24/2020,CLE,OH,AGL,CE,Combined TRACON& Tower with Radar,178,19,18,0,215,0,0,0,0,0,178,19,18,0,215,0,0,0,215
11/25/2020,CLE,OH,AGL,CE,Combined TRACON& Tower with Radar,171,19,15,2,207,0,2,0,0,2,171,21,15,2,209,0,0,0,209
11/26/2020,CLE,OH,AGL,CE,Combined TRACON& Tower with Radar,101,11,0,0,112,0,0,0,0,0,101,11,0,0,112,0,0,0,112
11/27/2020,CLE,OH,AGL,CE,Combined TRACON& Tower with Radar,137,14,6,0,157,0,3,0,0,3,137,17,6,0,160,0,0,0,160
11/28/2020,CLE,OH,AGL,CE,Combined TRACON& Tower with Radar,189,15,4,0,208,0,2,4,0,6,189,17,8,0,214,0,0,0,214
11/29/2020,CLE,OH,AGL,CE,Combined TRACON& Tower with Radar,179,30,10,0,219,0,2,4,0,6,179,32,14,0,225,0,0,0,225
11/30/2020,CLE,OH,AGL,CE,Combined TRACON& Tower with Radar,167,33,17,0,217,0,0,0,0,0,167,33,17,0,217,0,0,0,217
12/01/2020,CLE,OH,AGL,CE,Combined TRACON& Tower with Radar,132,17,3,0,152,0,0,0,0,0,132,17,3,0,152,0,0,0,152
12/02/2020,CLE,OH,AGL,CE,Combined TRACON& Tower with Radar,113,40,7,0,160,0,0,0,0,0,113,40,7,0,160,0,0,0,160
12/03/2020,CLE,OH,AGL,CE,Combined TRACON& Tower with Radar,162,15,6,0,183,0,2,5,0,7,162,17,11,0,190,0,0,0,190
12/04/2020,CLE,OH,AGL,CE,Combined TRACON& Tower with Radar,152,8,8,1,169,0,2,0,1,3,152,10,8,2,172,0,0,0,172
12/05/2020,CLE,OH,AGL,CE,Combined TRACON& Tower with Radar,129,20,4,0,153,0,2,0,0,2,129,22,4,0,155,0,0,0,155
12/06/2020,CLE,OH,AGL,CE,Combined TRACON& Tower with Radar,151,8,9,0,168,0,0,1,0,1,151,8,10,0,169,0,0,0,169
12/07/2020,CLE,OH,AGL,CE,Combined TRACON& Tower with Radar,139,12,8,0,159,0,2,0,0,2,139,14,8,0,161,0,0,0,161
12/08/2020,CLE,OH,AGL,CE,Combined TRACON& Tower with Radar,111,11,14,0,136,0,2,2,1,5,111,13,16,1,141,0,0,0,141
12/09/2020,CLE,OH,AGL,CE,Combined TRACON& Tower with Radar,108,20,13,0,141,0,0,1,2,3,108,20,14,2,144,0,0,0,144
12/10/2020,CLE,OH,AGL,CE,Combined TRACON& Tower with Radar,158,20,9,1,188,0,4,5,1,10,158,24,14,2,198,0,0,0,198
12/11/2020,CLE,OH,AGL,CE,Combined TRACON& Tower with Radar,148,17,9,0,174,0,2,2,1,5,148,19,11,1,179,0,0,0,179
12/12/2020,CLE,OH,AGL,CE,Combined TRACON& Tower with Radar,126,17,2,0,145,0,0,0,1,1,126,17,2,1,146,0,0,0,146
12/13/2020,CLE,OH,AGL,CE,Combined TRACON& Tower with Radar,151,18,5,0,174,0,0,0,0,0,151,18,5,0,174,0,0,0,174
12/14/2020,CLE,OH,AGL,CE,Combined TRACON& Tower with Radar,146,12,14,0,172,0,0,2,0,2,146,12,16,0,174,0,0,0,174
12/15/2020,CLE,OH,AGL,CE,Combined TRACON& Tower with Radar,117,8,12,13,150,0,2,4,0,6,117,10,16,13,156,0,0,0,156
12/16/2020,CLE,OH,AGL,CE,Combined TRACON& Tower with Radar,121,22,13,0,156,0,2,0,0,2,121,24,13,0,158,0,0,0,158
12/17/2020,CLE,OH,AGL,CE,Combined TRACON& Tower with Radar,185,24,15,0,224,0,0,1,0,1,185,24,16,0,225,0,0,0,225
12/18/2020,CLE,OH,AGL,CE,Combined TRACON& Tower with Radar,178,20,10,0,208,0,0,0,0,0,178,20,10,0,208,0,0,0,208
12/19/2020,CLE,OH,AGL,CE,Combined TRACON& Tower with Radar,195,18,7,0,220,0,0,0,1,1,195,18,7,1,221,0,0,0,221
12/20/2020,CLE,OH,AGL,CE,Combined TRACON& Tower with Radar,181,21,10,0,212,0,0,0,0,0,181,21,10,0,212,0,0,0,212
12/21/2020,CLE,OH,AGL,CE,Combined TRACON& Tower with Radar,174,21,9,0,204,0,0,0,0,0,174,21,9,0,204,0,0,0,204
12/22/2020,CLE,OH,AGL,CE,Combined TRACON& Tower with Radar,182,35,15,0,232,0,4,2,0,6,182,39,17,0,238,0,0,0,238
12/23/2020,CLE,OH,AGL,CE,Combined TRACON& Tower with Radar,189,21,24,0,234,0,0,0,0,0,189,21,24,0,234,0,0,0,234
12/24/2020,CLE,OH,AGL,CE,Combined TRACON& Tower with Radar,157,17,2,0,176,0,0,0,0,0,157,17,2,0,176,0,0,0,176
12/25/2020,CLE,OH,AGL,CE,Combined TRACON& Tower with Radar,120,30,0,0,150,0,0,0,0,0,120,30,0,0,150,0,0,0,150
12/26/2020,CLE,OH,AGL,CE,Combined TRACON& Tower with Radar,185,34,11,0,230,0,0,2,0,2,185,34,13,0,232,0,0,0,232
12/27/2020,CLE,OH,AGL,CE,Combined TRACON& Tower with Radar,180,32,10,0,222,0,2,2,0,4,180,34,12,0,226,0,0,0,226
12/28/2020,CLE,OH,AGL,CE,Combined TRACON& Tower with Radar,169,30,7,0,206,0,0,0,0,0,169,30,7,0,206,0,0,0,206
12/29/2020,CLE,OH,AGL,CE,Combined TRACON& Tower with Radar,171,12,9,0,192,0,2,5,0,7,171,14,14,0,199,0,0,0,199
12/30/2020,CLE,OH,AGL,CE,Combined TRACON& Tower with Radar,186,21,12,0,219,0,2,0,0,2,186,23,12,0,221,0,0,0,221
12/31/2020,CLE,OH,AGL,CE,Combined TRACON& Tower with Radar,140,17,5,0,162,0,1,0,1,2,140,18,5,1,164,0,0,0,164
01/01/2021,CLE,OH,AGL,CE,Combined TRACON& Tower with Radar,131,15,2,0,148,0,0,0,0,0,131,15,2,0,148,0,0,0,148
01/02/2021,CLE,OH,AGL,CE,Combined TRACON& Tower with Radar,176,34,7,0,217,0,0,0,0,0,176,34,7,0,217,0,0,0,217
01/03/2021,CLE,OH,AGL,CE,Combined TRACON& Tower with Radar,171,22,11,0,204,0,0,0,0,0,171,22,11,0,204,0,0,0,204
01/04/2021,CLE,OH,AGL,CE,Combined TRACON& Tower with Radar,157,22,12,0,191,0,0,2,0,2,157,22,14,0,193,0,0,0,193
01/05/2021,CLE,OH,AGL,CE,Combined TRACON& Tower with Radar,141,20,22,0,183,0,0,0,0,0,141,20,22,0,183,0,0,0,183
01/06/2021,CLE,OH,AGL,CE,Combined TRACON& Tower with Radar,122,15,15,0,152,0,0,0,0,0,122,15,15,0,152,0,0,0,152
01/07/2021,CLE,OH,AGL,CE,Combined TRACON& Tower with Radar,154,19,10,0,183,0,3,0,0,3,154,22,10,0,186,0,0,0,186
01/08/2021,CLE,OH,AGL,CE,Combined TRACON& Tower with Radar,148,15,10,0,173,0,1,1,0,2,148,16,11,0,175,0,0,0,175
01/09/2021,CLE,OH,AGL,CE,Combined TRACON& Tower with Radar,131,19,8,0,158,0,0,1,0,1,131,19,9,0,159,0,0,0,159
01/10/2021,CLE,OH,AGL,CE,Combined TRACON& Tower with Radar,147,14,10,0,171,0,4,4,0,8,147,18,14,0,179,0,0,0,179
01/11/2021,CLE,OH,AGL,CE,Combined TRACON& Tower with Radar,145,20,12,0,177,0,0,0,0,0,145,20,12,0,177,0,0,0,177
01/12/2021,CLE,OH,AGL,CE,Combined TRACON& Tower with Radar,120,22,11,0,153,0,0,6,0,6,120,22,17,0,159,0,0,0,159
01/13/2021,CLE,OH,AGL,CE,Combined TRACON& Tower with Radar,124,16,24,0,164,0,4,5,0,9,124,20,29,0,173,0,0,0,173
01/14/2021,CLE,OH,AGL,CE,Combined TRACON& Tower with Radar,156,23,13,1,193,0,4,1,1,6,156,27,14,2,199,0,0,0,199
01/15/2021,CLE,OH,AGL,CE,Combined TRACON& Tower with Radar,153,32,12,0,197,0,0,0,0,0,153,32,12,0,197,0,0,0,197
01/16/2021,CLE,OH,AGL,CE,Combined TRACON& Tower with Radar,128,24,2,0,154,0,2,0,0,2,128,26,2,0,156,0,0,0,156
01/17/2021,CLE,OH,AGL,CE,Combined TRACON& Tower with Radar,138,17,10,0,165,0,0,0,0,0,138,17,10,0,165,0,0,0,165
01/18/2021,CLE,OH,AGL,CE,Combined TRACON& Tower with Radar,138,31,11,0,180,0,0,0,0,0,138,31,11,0,180,0,0,0,180
01/19/2021,CLE,OH,AGL,CE,Combined TRACON& Tower with Radar,121,15,16,0,152,0,2,0,0,2,121,17,16,0,154,0,0,0,154
01/20/2021,CLE,OH,AGL,CE,Combined TRACON& Tower with Radar,124,18,9,0,151,0,2,0,0,2,124,20,9,0,153,0,0,0,153
01/21/2021,CLE,OH,AGL,CE,Combined TRACON& Tower with Radar,152,22,18,2,194,0,0,1,0,1,152,22,19,2,195,0,0,0,195
01/22/2021,CLE,OH,AGL,CE,Combined TRACON& Tower with Radar,156,24,9,0,189,0,3,0,0,3,156,27,9,0,192,0,0,0,192
01/23/2021,CLE,OH,AGL,CE,Combined TRACON& Tower with Radar,126,21,3,0,150,0,4,0,0,4,126,25,3,0,154,0,0,0,154
01/24/2021,CLE,OH,AGL,CE,Combined TRACON& Tower with Radar,145,19,5,1,170,0,2,1,0,3,145,21,6,1,173,0,0,0,173
01/25/2021,CLE,OH,AGL,CE,Combined TRACON& Tower with Radar,136,14,17,0,167,0,0,2,0,2,136,14,19,0,169,0,0,0,169
01/26/2021,CLE,OH,AGL,CE,Combined TRACON& Tower with Radar,119,25,14,0,158,0,0,0,0,0,119,25,14,0,158,0,0,0,158
01/27/2021,CLE,OH,AGL,CE,Combined TRACON& Tower with Radar,125,23,5,1,154,0,2,2,0,4,125,25,7,1,158,0,0,0,158
01/28/2021,CLE,OH,AGL,CE,Combined TRACON& Tower with Radar,153,23,26,0,202,0,0,0,0,0,153,23,26,0,202,0,0,0,202
01/29/2021,CLE,OH,AGL,CE,Combined TRACON& Tower with Radar,150,27,7,0,184,0,2,2,0,4,150,29,9,0,188,0,0,0,188
01/30/2021,CLE,OH,AGL,CE,Combined TRACON& Tower with Radar,127,23,7,0,157,0,0,2,0,2,127,23,9,0,159,0,0,0,159
01/31/2021,CLE,OH,AGL,CE,Combined TRACON& Tower with Radar,133,26,10,0,169,0,0,0,0,0,133,26,10,0,169,0,0,0,169
02/01/2021,CLE,OH,AGL,CE,Combined TRACON& Tower with Radar,135,32,17,0,184,0,0,0,0,0,135,32,17,0,184,0,0,0,184
02/02/2021,CLE,OH,AGL,CE,Combined TRACON& Tower with Radar,119,32,4,0,155,0,5,1,0,6,119,37,5,0,161,0,0,0,161
02/03/2021,CLE,OH,AGL,CE,Combined TRACON& Tower with Radar,122,18,12,2,154,0,3,0,6,9,122,21,12,8,163,0,0,0,163
02/04/2021,CLE,OH,AGL,CE,Combined TRACON& Tower with Radar,161,30,11,2,204,0,1,0,0,1,161,31,11,2,205,0,0,0,205
02/05/2021,CLE,OH,AGL,CE,Combined TRACON& Tower with Radar,154,28,11,0,193,0,0,0,0,0,154,28,11,0,193,0,0,0,193
02/06/2021,CLE,OH,AGL,CE,Combined TRACON& Tower with Radar,126,21,17,0,164,0,6,1,0,7,126,27,18,0,171,0,0,0,171
02/07/2021,CLE,OH,AGL,CE,Combined TRACON& Tower with Radar,136,19,2,0,157,0,0,2,0,2,136,19,4,0,159,0,0,0,159
02/08/2021,CLE,OH,AGL,CE,Combined TRACON& Tower with Radar,146,23,5,0,174,0,0,2,0,2,146,23,7,0,176,0,0,0,176
02/09/2021,CLE,OH,AGL,CE,Combined TRACON& Tower with Radar,120,21,7,0,148,0,0,0,0,0,120,21,7,0,148,0,0,0,148
02/10/2021,CLE,OH,AGL,CE,Combined TRACON& Tower with Radar,128,23,9,0,160,0,1,1,0,2,128,24,10,0,162,0,0,0,162
02/11/2021,CLE,OH,AGL,CE,Combined TRACON& Tower with Radar,159,42,22,0,223,0,0,0,0,0,159,42,22,0,223,0,0,0,223
02/12/2021,CLE,OH,AGL,CE,Combined TRACON& Tower with Radar,161,27,8,0,196,0,2,1,0,3,161,29,9,0,199,0,0,0,199
02/13/2021,CLE,OH,AGL,CE,Combined TRACON& Tower with Radar,137,16,7,0,160,0,1,0,0,1,137,17,7,0,161,0,0,0,161
02/14/2021,CLE,OH,AGL,CE,Combined TRACON& Tower with Radar,136,15,4,0,155,0,2,0,0,2,136,17,4,0,157,0,0,0,157
02/15/2021,CLE,OH,AGL,CE,Combined TRACON& Tower with Radar,113,26,23,0,162,0,0,0,0,0,113,26,23,0,162,0,0,0,162
02/16/2021,CLE,OH,AGL,CE,Combined TRACON& Tower with Radar,100,37,13,0,150,0,0,0,0,0,100,37,13,0,150,0,0,0,150
02/17/2021,CLE,OH,AGL,CE,Combined TRACON& Tower with Radar,114,18,19,0,151,0,10,8,0,18,114,28,27,0,169,0,0,0,169
02/18/2021,CLE,OH,AGL,CE,Combined TRACON& Tower with Radar,149,25,5,0,179,0,0,0,0,0,149,25,5,0,179,0,0,0,179
02/19/2021,CLE,OH,AGL,CE,Combined TRACON& Tower with Radar,160,31,15,0,206,0,0,2,0,2,160,31,17,0,208,0,0,0,208
02/20/2021,CLE,OH,AGL,CE,Combined TRACON& Tower with Radar,144,29,11,0,184,0,0,0,0,0,144,29,11,0,184,0,0,0,184
02/21/2021,CLE,OH,AGL,CE,Combined TRACON& Tower with Radar,156,25,7,0,188,0,4,0,0,4,156,29,7,0,192,0,0,0,192
02/22/2021,CLE,OH,AGL,CE,Combined TRACON& Tower with Radar,152,31,8,0,191,0,2,0,0,2,152,33,8,0,193,0,0,0,193
02/23/2021,CLE,OH,AGL,CE,Combined TRACON& Tower with Radar,129,22,27,0,178,0,6,4,0,10,129,28,31,0,188,0,0,0,188
02/24/2021,CLE,OH,AGL,CE,Combined TRACON& Tower with Radar,132,35,16,0,183,0,1,0,0,1,132,36,16,0,184,0,0,0,184
02/25/2021,CLE,OH,AGL,CE,Combined TRACON& Tower with Radar,164,27,18,0,209,0,0,2,0,2,164,27,20,0,211,0,0,0,211
02/26/2021,CLE,OH,AGL,CE,Combined TRACON& Tower with Radar,166,26,15,0,207,0,2,3,0,5,166,28,18,0,212,0,0,0,212
02/27/2021,CLE,OH,AGL,CE,Combined TRACON& Tower with Radar,143,23,8,0,174,0,0,0,0,0,143,23,8,0,174,0,0,0,174
02/28/2021,CLE,OH,AGL,CE,Combined TRACON& Tower with Radar,152,31,15,0,198,0,2,0,0,2,152,33,15,0,200,0,0,0,200
03/01/2021,CLE,OH,AGL,CE,Combined TRACON& Tower with Radar,157,18,9,0,184,0,4,0,0,4,157,22,9,0,188,0,0,0,188
03/02/2021,CLE,OH,AGL,CE,Combined TRACON& Tower with Radar,129,34,20,0,183,0,2,9,0,11,129,36,29,0,194,0,0,0,194
03/03/2021,CLE,OH,AGL,CE,Combined TRACON& Tower with Radar,131,22,28,0,181,0,1,0,2,3,131,23,28,2,184,0,0,0,184
03/04/2021,CLE,OH,AGL,CE,Combined TRACON& Tower with Radar,168,29,18,0,215,0,3,3,0,6,168,32,21,0,221,0,0,0,221
03/05/2021,CLE,OH,AGL,CE,Combined TRACON& Tower with Radar,166,22,9,0,197,0,5,0,2,7,166,27,9,2,204,0,0,0,204
03/06/2021,CLE,OH,AGL,CE,Combined TRACON& Tower with Radar,145,25,3,0,173,1,0,2,0,3,146,25,5,0,176,0,0,0,176
03/07/2021,CLE,OH,AGL,CE,Combined TRACON& Tower with Radar,155,20,5,0,180,0,0,2,0,2,155,20,7,0,182,0,0,0,182
03/08/2021,CLE,OH,AGL,CE,Combined TRACON& Tower with Radar,158,28,9,8,203,0,0,1,0,1,158,28,10,8,204,0,0,0,204
03/09/2021,CLE,OH,AGL,CE,Combined TRACON& Tower with Radar,138,31,20,0,189,0,2,2,0,4,138,33,22,0,193,0,0,0,193
03/10/2021,CLE,OH,AGL,CE,Combined TRACON& Tower with Radar,156,25,10,2,193,0,2,4,0,6,156,27,14,2,199,0,0,0,199
03/11/2021,CLE,OH,AGL,CE,Combined TRACON& Tower with Radar,175,27,22,0,224,0,2,1,0,3,175,29,23,0,227,0,0,0,227
03/12/2021,CLE,OH,AGL,CE,Combined TRACON& Tower with Radar,168,35,13,2,218,0,4,0,0,4,168,39,13,2,222,0,0,0,222
03/13/2021,CLE,OH,AGL,CE,Combined TRACON& Tower with Radar,155,34,4,0,193,0,2,0,0,2,155,36,4,0,195,0,0,0,195
03/14/2021,CLE,OH,AGL,CE,Combined TRACON& Tower with Radar,153,25,13,0,191,0,0,2,0,2,153,25,15,0,193,0,0,0,193
03/15/2021,CLE,OH,AGL,CE,Combined TRACON& Tower with Radar,161,24,20,0,205,0,2,2,0,4,161,26,22,0,209,0,0,0,209
03/16/2021,CLE,OH,AGL,CE,Combined TRACON& Tower with Radar,153,31,12,0,196,0,0,0,0,0,153,31,12,0,196,0,0,0,196
03/17/2021,CLE,OH,AGL,CE,Combined TRACON& Tower with Radar,159,29,11,1,200,0,0,2,1,3,159,29,13,2,203,0,0,0,203
03/18/2021,CLE,OH,AGL,CE,Combined TRACON& Tower with Radar,182,39,22,0,243,0,2,0,0,2,182,41,22,0,245,0,0,0,245
03/19/2021,CLE,OH,AGL,CE,Combined TRACON& Tower with Radar,174,25,11,0,210,0,1,2,0,3,174,26,13,0,213,0,0,0,213
03/20/2021,CLE,OH,AGL,CE,Combined TRACON& Tower with Radar,166,37,4,0,207,0,2,0,0,2,166,39,4,0,209,0,0,0,209
03/21/2021,CLE,OH,AGL,CE,Combined TRACON& Tower with Radar,162,32,11,0,205,0,2,0,0,2,162,34,11,0,207,0,0,0,207
03/22/2021,CLE,OH,AGL,CE,Combined TRACON& Tower with Radar,170,27,27,0,224,0,4,0,2,6,170,31,27,2,230,0,0,0,230
03/23/2021,CLE,OH,AGL,CE,Combined TRACON& Tower with Radar,158,28,9,2,197,0,3,2,0,5,158,31,11,2,202,0,0,0,202
03/24/2021,CLE,OH,AGL,CE,Combined TRACON& Tower with Radar,154,35,15,0,204,0,2,0,0,2,154,37,15,0,206,0,0,0,206
03/25/2021,CLE,OH,AGL,CE,Combined TRACON& Tower with Radar,178,43,20,0,241,0,4,1,0,5,178,47,21,0,246,0,0,0,246
03/26/2021,CLE,OH,AGL,CE,Combined TRACON& Tower with Radar,177,30,0,0,207,0,5,0,0,5,177,35,0,0,212,0,0,0,212
03/27/2021,CLE,OH,AGL,CE,Combined TRACON& Tower with Radar,165,36,11,0,212,0,0,0,0,0,165,36,11,0,212,0,0,0,212
03/28/2021,CLE,OH,AGL,CE,Combined TRACON& Tower with Radar,158,40,7,0,205,0,0,0,0,0,158,40,7,0,205,0,0,0,205
03/29/2021,CLE,OH,AGL,CE,Combined TRACON& Tower with Radar,173,30,26,0,229,0,2,1,0,3,173,32,27,0,232,0,0,0,232
03/30/2021,CLE,OH,AGL,CE,Combined TRACON& Tower with Radar,154,24,19,0,197,0,6,2,0,8,154,30,21,0,205,0,0,0,205
03/31/2021,CLE,OH,AGL,CE,Combined TRACON& Tower with Radar,161,45,18,3,227,0,4,0,0,4,161,49,18,3,231,0,0,0,231
04/01/2021,CLE,OH,AGL,CE,Combined TRACON& Tower with Radar,177,40,25,1,243,0,0,0,0,0,177,40,25,1,243,0,0,0,243
04/02/2021,CLE,OH,AGL,CE,Combined TRACON& Tower with Radar,184,33,14,0,231,0,5,1,0,6,184,38,15,0,237,0,0,0,237
04/03/2021,CLE,OH,AGL,CE,Combined TRACON& Tower with Radar,170,39,14,0,223,0,0,0,0,0,170,39,14,0,223,0,0,0,223
04/04/2021,CLE,OH,AGL,CE,Combined TRACON& Tower with Radar,171,33,8,0,212,0,0,4,0,4,171,33,12,0,216,0,0,0,216
04/05/2021,CLE,OH,AGL,CE,Combined TRACON& Tower with Radar,175,31,17,0,223,0,0,4,0,4,175,31,21,0,227,0,0,0,227
04/06/2021,CLE,OH,AGL,CE,Combined TRACON& Tower with Radar,157,26,18,1,202,0,0,4,1,5,157,26,22,2,207,0,0,0,207
04/07/2021,CLE,OH,AGL,CE,Combined TRACON& Tower with Radar,172,28,21,0,221,0,0,5,0,5,172,28,26,0,226,0,0,0,226
04/08/2021,CLE,OH,AGL,CE,Combined TRACON& Tower with Radar,185,28,24,0,237,0,6,1,0,7,185,34,25,0,244,0,0,0,244
04/09/2021,CLE,OH,AGL,CE,Combined TRACON& Tower with Radar,183,20,8,3,214,0,4,3,1,8,183,24,11,4,222,0,0,0,222
04/10/2021,CLE,OH,AGL,CE,Combined TRACON& Tower with Radar,173,41,7,0,221,0,0,0,1,1,173,41,7,1,222,0,0,0,222
04/11/2021,CLE,OH,AGL,CE,Combined TRACON& Tower with Radar,157,41,13,1,212,0,2,2,0,4,157,43,15,1,216,0,0,0,216
04/12/2021,CLE,OH,AGL,CE,Combined TRACON& Tower with Radar,170,32,24,0,226,0,2,3,0,5,170,34,27,0,231,0,0,0,231
04/13/2021,CLE,OH,AGL,CE,Combined TRACON& Tower with Radar,149,23,17,0,189,0,1,1,0,2,149,24,18,0,191,0,0,0,191
04/14/2021,CLE,OH,AGL,CE,Combined TRACON& Tower with Radar,148,28,11,1,188,0,3,0,2,5,148,31,11,3,193,0,0,0,193
04/15/2021,CLE,OH,AGL,CE,Combined TRACON& Tower with Radar,181,36,22,0,239,0,2,0,0,2,181,38,22,0,241,0,0,0,241
04/16/2021,CLE,OH,AGL,CE,Combined TRACON& Tower with Radar,183,28,18,0,229,0,4,0,0,4,183,32,18,0,233,0,0,0,233
04/17/2021,CLE,OH,AGL,CE,Combined TRACON& Tower with Radar,156,27,2,0,185,0,2,0,0,2,156,29,2,0,187,0,0,0,187
04/18/2021,CLE,OH,AGL,CE,Combined TRACON& Tower with Radar,166,17,14,0,197,0,0,0,0,0,166,17,14,0,197,0,0,0,197
04/19/2021,CLE,OH,AGL,CE,Combined TRACON& Tower with Radar,169,27,12,0,208,0,4,2,2,8,169,31,14,2,216,0,0,0,216
04/20/2021,CLE,OH,AGL,CE,Combined TRACON& Tower with Radar,147,37,16,0,200,0,6,0,0,6,147,43,16,0,206,0,0,0,206
04/21/2021,CLE,OH,AGL,CE,Combined TRACON& Tower with Radar,148,32,15,0,195,0,0,0,0,0,148,32,15,0,195,0,0,0,195
04/22/2021,CLE,OH,AGL,CE,Combined TRACON& Tower with Radar,180,36,14,0,230,0,0,2,0,2,180,36,16,0,232,0,0,0,232
04/23/2021,CLE,OH,AGL,CE,Combined TRACON& Tower with Radar,185,35,20,1,241,0,7,4,5,16,185,42,24,6,257,0,0,0,257
04/24/2021,CLE,OH,AGL,CE,Combined TRACON& Tower with Radar,151,27,8,0,186,0,2,0,0,2,151,29,8,0,188,0,0,0,188
04/25/2021,CLE,OH,AGL,CE,Combined TRACON& Tower with Radar,161,26,5,0,192,0,3,0,0,3,161,29,5,0,195,0,0,0,195
04/26/2021,CLE,OH,AGL,CE,Combined TRACON& Tower with Radar,173,22,15,0,210,0,7,5,0,12,173,29,20,0,222,0,0,0,222
04/27/2021,CLE,OH,AGL,CE,Combined TRACON& Tower with Radar,153,33,30,0,216,0,7,7,0,14,153,40,37,0,230,0,0,0,230
04/28/2021,CLE,OH,AGL,CE,Combined TRACON& Tower with Radar,149,29,27,2,207,0,7,3,0,10,149,36,30,2,217,0,0,0,217
04/29/2021,CLE,OH,AGL,CE,Combined TRACON& Tower with Radar,185,46,34,0,265,0,0,0,0,0,185,46,34,0,265,0,0,0,265
04/30/2021,CLE,OH,AGL,CE,Combined TRACON& Tower with Radar,180,44,23,0,247,0,3,0,0,3,180,47,23,0,250,0,0,0,250
05/01/2021,CLE,OH,AGL,CE,Combined TRACON& Tower with Radar,157,37,13,0,207,0,3,0,0,3,157,40,13,0,210,0,0,0,210
05/02/2021,CLE,OH,AGL,CE,Combined TRACON& Tower with Radar,165,31,11,0,207,0,0,0,0,0,165,31,11,0,207,0,0,0,207
05/03/2021,CLE,OH,AGL,CE,Combined TRACON& Tower with Radar,175,32,17,0,224,0,0,1,0,1,175,32,18,0,225,0,0,0,225
05/04/2021,CLE,OH,AGL,CE,Combined TRACON& Tower with Radar,144,30,24,8,206,0,3,0,0,3,144,33,24,8,209,0,0,0,209
05/05/2021,CLE,OH,AGL,CE,Combined TRACON& Tower with Radar,150,38,19,0,207,0,0,0,0,0,150,38,19,0,207,0,0,0,207
05/06/2021,CLE,OH,AGL,CE,Combined TRACON& Tower with Radar,194,37,15,0,246,0,0,1,0,1,194,37,16,0,247,0,0,0,247
05/07/2021,CLE,OH,AGL,CE,Combined TRACON& Tower with Radar,198,28,14,0,240,0,2,0,0,2,198,30,14,0,242,0,0,0,242
05/08/2021,CLE,OH,AGL,CE,Combined TRACON& Tower with Radar,166,27,9,0,202,0,2,0,0,2,166,29,9,0,204,0,0,0,204
05/09/2021,CLE,OH,AGL,CE,Combined TRACON& Tower with Radar,182,31,8,1,222,0,0,0,0,0,182,31,8,1,222,0,0,0,222
05/10/2021,CLE,OH,AGL,CE,Combined TRACON& Tower with Radar,185,25,16,1,227,0,2,1,0,3,185,27,17,1,230,0,0,0,230
05/11/2021,CLE,OH,AGL,CE,Combined TRACON& Tower with Radar,159,31,15,2,207,0,0,3,0,3,159,31,18,2,210,0,0,0,210
05/12/2021,CLE,OH,AGL,CE,Combined TRACON& Tower with Radar,163,33,20,2,218,0,0,1,0,1,163,33,21,2,219,0,0,0,219
05/13/2021,CLE,OH,AGL,CE,Combined TRACON& Tower with Radar,198,28,20,0,246,0,4,2,2,8,198,32,22,2,254,0,0,0,254
05/14/2021,CLE,OH,AGL,CE,Combined TRACON& Tower with Radar,197,31,18,0,246,0,4,2,0,6,197,35,20,0,252,0,0,0,252
05/15/2021,CLE,OH,AGL,CE,Combined TRACON& Tower with Radar,168,23,6,0,197,0,3,3,0,6,168,26,9,0,203,0,0,0,203
05/16/2021,CLE,OH,AGL,CE,Combined TRACON& Tower with Radar,181,28,13,0,222,0,0,2,0,2,181,28,15,0,224,0,0,0,224
05/17/2021,CLE,OH,AGL,CE,Combined TRACON& Tower with Radar,191,31,13,0,235,0,4,3,0,7,191,35,16,0,242,0,0,0,242
05/18/2021,CLE,OH,AGL,CE,Combined TRACON& Tower with Radar,168,34,13,2,217,0,0,7,0,7,168,34,20,2,224,0,0,0,224
05/19/2021,CLE,OH,AGL,CE,Combined TRACON& Tower with Radar,167,40,15,0,222,0,2,4,0,6,167,42,19,0,228,0,0,0,228
05/20/2021,CLE,OH,AGL,CE,Combined TRACON& Tower with Radar,199,35,31,14,279,0,1,1,1,3,199,36,32,15,282,0,0,0,282
05/21/2021,CLE,OH,AGL,CE,Combined TRACON& Tower with Radar,201,30,17,0,248,0,3,0,0,3,201,33,17,0,251,0,0,0,251
05/22/2021,CLE,OH,AGL,CE,Combined TRACON& Tower with Radar,167,21,7,0,195,0,4,0,0,4,167,25,7,0,199,0,0,0,199
05/23/2021,CLE,OH,AGL,CE,Combined TRACON& Tower with Radar,189,28,12,0,229,0,0,0,0,0,189,28,12,0,229,0,0,0,229
05/24/2021,CLE,OH,AGL,CE,Combined TRACON& Tower with Radar,197,21,18,2,238,0,0,2,1,3,197,21,20,3,241,0,0,0,241
05/25/2021,CLE,OH,AGL,CE,Combined TRACON& Tower with Radar,169,27,23,0,219,0,0,1,1,2,169,27,24,1,221,0,0,0,221
05/26/2021,CLE,OH,AGL,CE,Combined TRACON& Tower with Radar,163,33,24,2,222,0,0,0,0,0,163,33,24,2,222,0,0,0,222
05/27/2021,CLE,OH,AGL,CE,Combined TRACON& Tower with Radar,198,39,20,5,262,0,1,4,0,5,198,40,24,5,267,0,0,0,267
05/28/2021,CLE,OH,AGL,CE,Combined TRACON& Tower with Radar,209,32,25,3,269,0,1,2,0,3,209,33,27,3,272,0,0,0,272
05/29/2021,CLE,OH,AGL,CE,Combined TRACON& Tower with Radar,166,21,15,0,202,0,0,0,0,0,166,21,15,0,202,0,0,0,202
05/30/2021,CLE,OH,AGL,CE,Combined TRACON& Tower with Radar,169,27,7,0,203,0,5,0,0,5,169,32,7,0,208,0,0,0,208
05/31/2021,CLE,OH,AGL,CE,Combined TRACON& Tower with Radar,192,31,11,0,234,0,6,1,2,9,192,37,12,2,243,0,0,0,243
06/01/2021,CLE,OH,AGL,CE,Combined TRACON& Tower with Radar,166,32,22,0,220,0,1,4,0,5,166,33,26,0,225,0,0,0,225
06/02/2021,CLE,OH,AGL,CE,Combined TRACON& Tower with Radar,177,41,11,3,232,0,2,0,0,2,177,43,11,3,234,0,0,0,234
06/03/2021,CLE,OH,AGL,CE,Combined TRACON& Tower with Radar,204,38,16,0,258,0,2,0,0,2,204,40,16,0,260,0,0,0,260
06/04/2021,CLE,OH,AGL,CE,Combined TRACON& Tower with Radar,223,38,15,1,277,0,0,1,0,1,223,38,16,1,278,0,0,0,278
06/05/2021,CLE,OH,AGL,CE,Combined TRACON& Tower with Radar,209,38,5,0,252,0,0,0,0,0,209,38,5,0,252,0,0,0,252
06/06/2021,CLE,OH,AGL,CE,Combined TRACON& Tower with Radar,224,29,15,0,268,0,2,7,1,10,224,31,22,1,278,0,0,0,278
06/07/2021,CLE,OH,AGL,CE,Combined TRACON& Tower with Radar,225,28,17,1,271,0,0,2,0,2,225,28,19,1,273,0,0,0,273
06/08/2021,CLE,OH,AGL,CE,Combined TRACON& Tower with Radar,199,30,18,0,247,0,0,4,0,4,199,30,22,0,251,0,0,0,251
06/09/2021,CLE,OH,AGL,CE,Combined TRACON& Tower with Radar,201,41,19,2,263,0,1,0,0,1,201,42,19,2,264,0,0,0,264
06/10/2021,CLE,OH,AGL,CE,Combined TRACON& Tower with Radar,233,49,16,1,299,0,3,0,0,3,233,52,16,1,302,0,0,0,302
06/11/2021,CLE,OH,AGL,CE,Combined TRACON& Tower with Radar,235,38,17,0,290,0,0,1,2,3,235,38,18,2,293,0,0,0,293
06/12/2021,CLE,OH,AGL,CE,Combined TRACON& Tower with Radar,202,40,17,2,261,0,0,3,0,3,202,40,20,2,264,0,0,0,264
06/13/2021,CLE,OH,AGL,CE,Combined TRACON& Tower with Radar,227,43,8,0,278,0,0,4,0,4,227,43,12,0,282,0,0,0,282
06/14/2021,CLE,OH,AGL,CE,Combined TRACON& Tower with Radar,226,32,18,0,276,0,0,0,0,0,226,32,18,0,276,0,0,0,276
06/15/2021,CLE,OH,AGL,CE,Combined TRACON& Tower with Radar,204,24,18,0,246,0,0,7,0,7,204,24,25,0,253,0,0,0,253
06/16/2021,CLE,OH,AGL,CE,Combined TRACON& Tower with Radar,199,36,17,0,252,0,0,3,2,5,199,36,20,2,257,0,0,0,257
06/17/2021,CLE,OH,AGL,CE,Combined TRACON& Tower with Radar,231,36,24,0,291,0,0,0,0,0,231,36,24,0,291,0,0,0,291
06/18/2021,CLE,OH,AGL,CE,Combined TRACON& Tower with Radar,228,29,24,0,281,0,0,2,0,2,228,29,26,0,283,0,0,0,283
06/19/2021,CLE,OH,AGL,CE,Combined TRACON& Tower with Radar,215,25,7,0,247,0,0,0,0,0,215,25,7,0,247,0,0,0,247
06/20/2021,CLE,OH,AGL,CE,Combined TRACON& Tower with Radar,228,30,3,0,261,0,0,0,0,0,228,30,3,0,261,0,0,0,261
06/21/2021,CLE,OH,AGL,CE,Combined TRACON& Tower with Radar,218,31,6,0,255,0,0,0,0,0,218,31,6,0,255,0,0,0,255
06/22/2021,CLE,OH,AGL,CE,Combined TRACON& Tower with Radar,203,34,19,2,258,0,1,2,0,3,203,35,21,2,261,0,0,0,261
06/23/2021,CLE,OH,AGL,CE,Combined TRACON& Tower with Radar,203,37,28,0,268,0,2,1,0,3,203,39,29,0,271,0,0,0,271
06/24/2021,CLE,OH,AGL,CE,Combined TRACON& Tower with Radar,226,30,35,1,292,0,2,3,0,5,226,32,38,1,297,0,0,0,297
06/25/2021,CLE,OH,AGL,CE,Combined TRACON& Tower with Radar,231,28,21,0,280,0,0,0,0,0,231,28,21,0,280,0,0,0,280
06/26/2021,CLE,OH,AGL,CE,Combined TRACON& Tower with Radar,195,29,11,0,235,0,2,0,0,2,195,31,11,0,237,0,0,0,237
06/27/2021,CLE,OH,AGL,CE,Combined TRACON& Tower with Radar,238,35,12,0,285,0,4,0,0,4,238,39,12,0,289,0,0,0,289
06/28/2021,CLE,OH,AGL,CE,Combined TRACON& Tower with Radar,222,22,16,8,268,0,2,3,0,5,222,24,19,8,273,0,0,0,273
06/29/2021,CLE,OH,AGL,CE,Combined TRACON& Tower with Radar,201,29,25,2,257,0,0,0,0,0,201,29,25,2,257,0,0,0,257
06/30/2021,CLE,OH,AGL,CE,Combined TRACON& Tower with Radar,208,34,16,0,258,0,0,0,0,0,208,34,16,0,258,0,0,0,258
07/01/2021,CLE,OH,AGL,CE,Combined TRACON& Tower with Radar,228,38,19,2,287,0,2,2,0,4,228,40,21,2,291,0,0,0,291
07/02/2021,CLE,OH,AGL,CE,Combined TRACON& Tower with Radar,236,33,10,0,279,0,2,0,0,2,236,35,10,0,281,0,0,0,281
07/03/2021,CLE,OH,AGL,CE,Combined TRACON& Tower with Radar,207,27,6,0,240,0,0,2,0,2,207,27,8,0,242,0,0,0,242
07/04/2021,CLE,OH,AGL,CE,Combined TRACON& Tower with Radar,209,22,2,0,233,0,0,0,0,0,209,22,2,0,233,0,0,0,233
07/05/2021,CLE,OH,AGL,CE,Combined TRACON& Tower with Radar,218,27,10,0,255,0,4,0,0,4,218,31,10,0,259,0,0,0,259
07/06/2021,CLE,OH,AGL,CE,Combined TRACON& Tower with Radar,211,33,16,0,260,0,0,2,0,2,211,33,18,0,262,0,0,0,262
07/07/2021,CLE,OH,AGL,CE,Combined TRACON& Tower with Radar,222,40,10,0,272,0,0,1,2,3,222,40,11,2,275,0,0,0,275
07/08/2021,CLE,OH,AGL,CE,Combined TRACON& Tower with Radar,218,43,18,0,279,0,0,1,0,1,218,43,19,0,280,0,0,0,280
07/09/2021,CLE,OH,AGL,CE,Combined TRACON& Tower with Radar,242,35,20,0,297,0,0,3,0,3,242,35,23,0,300,0,0,0,300
07/10/2021,CLE,OH,AGL,CE,Combined TRACON& Tower with Radar,199,38,13,0,250,0,0,3,0,3,199,38,16,0,253,0,0,0,253
07/11/2021,CLE,OH,AGL,CE,Combined TRACON& Tower with Radar,225,45,11,0,281,0,2,0,0,2,225,47,11,0,283,0,0,0,283
07/12/2021,CLE,OH,AGL,CE,Combined TRACON& Tower with Radar,222,36,12,0,270,0,0,0,0,0,222,36,12,0,270,0,0,0,270
07/13/2021,CLE,OH,AGL,CE,Combined TRACON& Tower with Radar,218,38,14,0,270,0,2,1,0,3,218,40,15,0,273,0,0,0,273
07/14/2021,CLE,OH,AGL,CE,Combined TRACON& Tower with Radar,221,47,14,1,283,0,0,3,1,4,221,47,17,2,287,0,0,0,287
07/15/2021,CLE,OH,AGL,CE,Combined TRACON& Tower with Radar,236,49,16,0,301,0,0,0,0,0,236,49,16,0,301,0,0,0,301
07/16/2021,CLE,OH,AGL,CE,Combined TRACON& Tower with Radar,238,35,19,0,292,0,0,0,0,0,238,35,19,0,292,0,0,0,292
07/17/2021,CLE,OH,AGL,CE,Combined TRACON& Tower with Radar,200,31,9,0,240,0,0,1,0,1,200,31,10,0,241,0,0,0,241
07/18/2021,CLE,OH,AGL,CE,Combined TRACON& Tower with Radar,230,46,18,2,296,0,0,1,0,1,230,46,19,2,297,0,0,0,297
07/19/2021,CLE,OH,AGL,CE,Combined TRACON& Tower with Radar,229,47,22,0,298,0,0,2,0,2,229,47,24,0,300,0,0,0,300
07/20/2021,CLE,OH,AGL,CE,Combined TRACON& Tower with Radar,228,47,17,0,292,0,0,4,0,4,228,47,21,0,296,0,0,0,296
07/21/2021,CLE,OH,AGL,CE,Combined TRACON& Tower with Radar,222,52,20,0,294,0,2,2,0,4,222,54,22,0,298,0,0,0,298
07/22/2021,CLE,OH,AGL,CE,Combined TRACON& Tower with Radar,233,49,23,1,306,0,0,1,0,1,233,49,24,1,307,0,0,0,307
07/23/2021,CLE,OH,AGL,CE,Combined TRACON& Tower with Radar,242,51,25,4,322,0,1,1,0,2,242,52,26,4,324,0,0,0,324
07/24/2021,CLE,OH,AGL,CE,Combined TRACON& Tower with Radar,206,41,6,1,254,0,0,3,0,3,206,41,9,1,257,0,0,0,257
07/25/2021,CLE,OH,AGL,CE,Combined TRACON& Tower with Radar,238,43,14,0,295,0,0,0,0,0,238,43,14,0,295,0,0,0,295
07/26/2021,CLE,OH,AGL,CE,Combined TRACON& Tower with Radar,223,47,12,0,282,0,2,7,0,9,223,49,19,0,291,0,0,0,291
07/27/2021,CLE,OH,AGL,CE,Combined TRACON& Tower with Radar,224,41,17,0,282,0,2,4,0,6,224,43,21,0,288,0,0,0,288
07/28/2021,CLE,OH,AGL,CE,Combined TRACON& Tower with Radar,223,46,29,0,298,0,4,1,0,5,223,50,30,0,303,0,0,0,303
07/29/2021,CLE,OH,AGL,CE,Combined TRACON& Tower with Radar,239,46,25,0,310,0,2,0,0,2,239,48,25,0,312,0,0,0,312
07/30/2021,CLE,OH,AGL,CE,Combined TRACON& Tower with Radar,235,50,26,0,311,0,0,2,0,2,235,50,28,0,313,0,0,0,313
07/31/2021,CLE,OH,AGL,CE,Combined TRACON& Tower with Radar,217,49,8,0,274,0,2,0,0,2,217,51,8,0,276,0,0,0,276
08/01/2021,CLE,OH,AGL,CE,Combined TRACON& Tower with Radar,231,44,16,0,291,0,2,0,0,2,231,46,16,0,293,0,0,0,293
08/02/2021,CLE,OH,AGL,CE,Combined TRACON& Tower with Radar,207,25,30,0,262,0,2,0,0,2,207,27,30,0,264,0,0,0,264
08/03/2021,CLE,OH,AGL,CE,Combined TRACON& Tower with Radar,191,33,24,0,248,0,2,4,0,6,191,35,28,0,254,0,0,0,254
08/04/2021,CLE,OH,AGL,CE,Combined TRACON& Tower with Radar,207,38,27,0,272,0,2,3,1,6,207,40,30,1,278,0,0,0,278
08/05/2021,CLE,OH,AGL,CE,Combined TRACON& Tower with Radar,228,42,24,0,294,0,4,4,0,8,228,46,28,0,302,0,0,0,302
08/06/2021,CLE,OH,AGL,CE,Combined TRACON& Tower with Radar,233,33,19,0,285,0,6,0,0,6,233,39,19,0,291,0,0,0,291
08/07/2021,CLE,OH,AGL,CE,Combined TRACON& Tower with Radar,203,27,6,0,236,0,0,0,0,0,203,27,6,0,236,0,0,0,236
08/08/2021,CLE,OH,AGL,CE,Combined TRACON& Tower with Radar,228,43,16,0,287,0,0,2,0,2,228,43,18,0,289,0,0,0,289
08/09/2021,CLE,OH,AGL,CE,Combined TRACON& Tower with Radar,235,41,22,0,298,0,0,2,0,2,235,41,24,0,300,0,0,0,300
08/10/2021,CLE,OH,AGL,CE,Combined TRACON& Tower with Radar,211,35,30,0,276,0,0,0,0,0,211,35,30,0,276,0,0,0,276
08/11/2021,CLE,OH,AGL,CE,Combined TRACON& Tower with Radar,207,39,24,0,270,0,0,3,1,4,207,39,27,1,274,0,0,0,274
08/12/2021,CLE,OH,AGL,CE,Combined TRACON& Tower with Radar,239,51,33,0,323,0,0,4,0,4,239,51,37,0,327,0,0,0,327
08/13/2021,CLE,OH,AGL,CE,Combined TRACON& Tower with Radar,252,46,26,0,324,0,0,2,2,4,252,46,28,2,328,0,0,0,328
08/14/2021,CLE,OH,AGL,CE,Combined TRACON& Tower with Radar,202,31,5,0,238,0,4,4,0,8,202,35,9,0,246,0,0,0,246
08/15/2021,CLE,OH,AGL,CE,Combined TRACON& Tower with Radar,242,31,10,0,283,0,2,2,0,4,242,33,12,0,287,0,0,0,287
08/16/2021,CLE,OH,AGL,CE,Combined TRACON& Tower with Radar,225,30,29,1,285,0,1,0,0,1,225,31,29,1,286,0,0,0,286
08/17/2021,CLE,OH,AGL,CE,Combined TRACON& Tower with Radar,202,47,32,0,281,0,0,0,0,0,202,47,32,0,281,0,0,0,281
08/18/2021,CLE,OH,AGL,CE,Combined TRACON& Tower with Radar,202,46,26,1,275,0,2,0,0,2,202,48,26,1,277,0,0,0,277
08/19/2021,CLE,OH,AGL,CE,Combined TRACON& Tower with Radar,234,34,20,0,288,0,4,1,0,5,234,38,21,0,293,0,0,0,293
08/20/2021,CLE,OH,AGL,CE,Combined TRACON& Tower with Radar,223,35,15,0,273,0,4,3,0,7,223,39,18,0,280,0,0,0,280
08/21/2021,CLE,OH,AGL,CE,Combined TRACON& Tower with Radar,204,35,11,0,250,0,2,2,0,4,204,37,13,0,254,0,0,0,254
08/22/2021,CLE,OH,AGL,CE,Combined TRACON& Tower with Radar,229,28,8,0,265,0,4,0,0,4,229,32,8,0,269,0,0,0,269
08/23/2021,CLE,OH,AGL,CE,Combined TRACON& Tower with Radar,217,37,22,0,276,0,0,4,0,4,217,37,26,0,280,0,0,0,280
08/24/2021,CLE,OH,AGL,CE,Combined TRACON& Tower with Radar,195,50,20,2,267,0,0,1,0,1,195,50,21,2,268,0,0,0,268
08/25/2021,CLE,OH,AGL,CE,Combined TRACON& Tower with Radar,193,43,15,0,251,0,0,5,0,5,193,43,20,0,256,0,0,0,256
08/26/2021,CLE,OH,AGL,CE,Combined TRACON& Tower with Radar,234,45,34,0,313,0,2,1,0,3,234,47,35,0,316,0,0,0,316
08/27/2021,CLE,OH,AGL,CE,Combined TRACON& Tower with Radar,236,40,18,0,294,0,0,1,0,1,236,40,19,0,295,0,0,0,295
08/28/2021,CLE,OH,AGL,CE,Combined TRACON& Tower with Radar,215,37,7,0,259,0,1,0,0,1,215,38,7,0,260,0,0,0,260
08/29/2021,CLE,OH,AGL,CE,Combined TRACON& Tower with Radar,213,43,16,0,272,0,1,2,0,3,213,44,18,0,275,0,0,0,275
08/30/2021,CLE,OH,AGL,CE,Combined TRACON& Tower with Radar,227,48,23,3,301,0,2,2,0,4,227,50,25,3,305,0,0,0,305
08/31/2021,CLE,OH,AGL,CE,Combined TRACON& Tower with Radar,200,42,16,0,258,0,4,3,0,7,200,46,19,0,265,0,0,0,265
09/01/2021,CLE,OH,AGL,CE,Combined TRACON& Tower with Radar,195,56,19,0,270,0,0,5,0,5,195,56,24,0,275,0,0,0,275
09/02/2021,CLE,OH,AGL,CE,Combined TRACON& Tower with Radar,225,64,20,4,313,0,2,3,0,5,225,66,23,4,318,0,0,0,318
09/03/2021,CLE,OH,AGL,CE,Combined TRACON& Tower with Radar,217,49,15,3,284,0,2,1,4,7,217,51,16,7,291,0,0,0,291
09/04/2021,CLE,OH,AGL,CE,Combined TRACON& Tower with Radar,211,32,17,0,260,0,0,1,2,3,211,32,18,2,263,0,0,0,263
09/05/2021,CLE,OH,AGL,CE,Combined TRACON& Tower with Radar,205,33,13,0,251,0,2,0,2,4,205,35,13,2,255,0,0,0,255
09/06/2021,CLE,OH,AGL,CE,Combined TRACON& Tower with Radar,193,46,21,0,260,0,2,4,2,8,193,48,25,2,268,0,0,0,268
09/07/2021,CLE,OH,AGL,CE,Combined TRACON& Tower with Radar,183,35,26,0,244,0,4,0,0,4,183,39,26,0,248,0,0,0,248
09/08/2021,CLE,OH,AGL,CE,Combined TRACON& Tower with Radar,208,53,19,1,281,0,0,0,0,0,208,53,19,1,281,0,0,0,281
09/09/2021,CLE,OH,AGL,CE,Combined TRACON& Tower with Radar,233,38,31,5,307,0,2,2,0,4,233,40,33,5,311,0,0,0,311
09/10/2021,CLE,OH,AGL,CE,Combined TRACON& Tower with Radar,232,28,14,0,274,0,0,2,0,2,232,28,16,0,276,0,0,0,276
09/11/2021,CLE,OH,AGL,CE,Combined TRACON& Tower with Radar,198,36,13,0,247,0,0,0,0,0,198,36,13,0,247,0,0,0,247
09/12/2021,CLE,OH,AGL,CE,Combined TRACON& Tower with Radar,222,39,24,0,285,0,0,0,0,0,222,39,24,0,285,0,0,0,285
09/13/2021,CLE,OH,AGL,CE,Combined TRACON& Tower with Radar,231,34,17,0,282,0,2,2,0,4,231,36,19,0,286,0,0,0,286
09/14/2021,CLE,OH,AGL,CE,Combined TRACON& Tower with Radar,209,45,18,0,272,0,4,2,0,6,209,49,20,0,278,0,0,0,278
09/15/2021,CLE,OH,AGL,CE,Combined TRACON& Tower with Radar,214,43,26,0,283,0,0,0,0,0,214,43,26,0,283,0,0,0,283
09/16/2021,CLE,OH,AGL,CE,Combined TRACON& Tower with Radar,243,40,20,0,303,0,2,5,0,7,243,42,25,0,310,0,0,0,310
09/17/2021,CLE,OH,AGL,CE,Combined TRACON& Tower with Radar,234,35,13,0,282,0,0,2,0,2,234,35,15,0,284,0,0,0,284
09/18/2021,CLE,OH,AGL,CE,Combined TRACON& Tower with Radar,206,23,18,0,247,0,2,2,0,4,206,25,20,0,251,0,0,0,251
09/19/2021,CLE,OH,AGL,CE,Combined TRACON& Tower with Radar,230,38,11,0,279,0,0,0,0,0,230,38,11,0,279,0,0,0,279
09/20/2021,CLE,OH,AGL,CE,Combined TRACON& Tower with Radar,231,33,24,0,288,0,4,1,0,5,231,37,25,0,293,0,0,0,293
09/21/2021,CLE,OH,AGL,CE,Combined TRACON& Tower with Radar,211,35,20,0,266,0,0,0,0,0,211,35,20,0,266,0,0,0,266
09/22/2021,CLE,OH,AGL,CE,Combined TRACON& Tower with Radar,227,39,27,0,293,0,0,0,0,0,227,39,27,0,293,0,0,0,293
09/23/2021,CLE,OH,AGL,CE,Combined TRACON& Tower with Radar,231,39,35,0,305,0,2,2,0,4,231,41,37,0,309,0,0,0,309
09/24/2021,CLE,OH,AGL,CE,Combined TRACON& Tower with Radar,242,52,20,0,314,0,4,5,0,9,242,56,25,0,323,0,0,0,323
09/25/2021,CLE,OH,AGL,CE,Combined TRACON& Tower with Radar,203,30,18,0,251,0,2,4,0,6,203,32,22,0,257,0,0,0,257
09/26/2021,CLE,OH,AGL,CE,Combined TRACON& Tower with Radar,234,34,28,0,296,0,0,0,0,0,234,34,28,0,296,0,0,0,296
09/27/2021,CLE,OH,AGL,CE,Combined TRACON& Tower with Radar,233,45,23,0,301,0,4,4,0,8,233,49,27,0,309,0,0,0,309
09/28/2021,CLE,OH,AGL,CE,Combined TRACON& Tower with Radar,214,46,21,0,281,0,0,2,0,2,214,46,23,0,283,0,0,0,283
09/29/2021,CLE,OH,AGL,CE,Combined TRACON& Tower with Radar,216,44,26,0,286,0,10,14,0,24,216,54,40,0,310,0,0,0,310
09/30/2021,CLE,OH,AGL,CE,Combined TRACON& Tower with Radar,245,40,19,0,304,0,0,5,0,5,245,40,24,0,309,0,0,0,309
10/01/2021,CLE,OH,AGL,CE,Combined TRACON& Tower with Radar,227,42,28,0,297,0,0,5,0,5,227,42,33,0,302,0,0,0,302
10/02/2021,CLE,OH,AGL,CE,Combined TRACON& Tower with Radar,204,25,3,2,234,0,5,1,1,7,204,30,4,3,241,0,0,0,241
10/03/2021,CLE,OH,AGL,CE,Combined TRACON& Tower with Radar,229,32,20,0,281,0,5,0,0,5,229,37,20,0,286,0,0,0,286
10/04/2021,CLE,OH,AGL,CE,Combined TRACON& Tower with Radar,229,35,19,0,283,0,0,0,0,0,229,35,19,0,283,0,0,0,283
10/05/2021,CLE,OH,AGL,CE,Combined TRACON& Tower with Radar,214,43,17,0,274,0,2,1,0,3,214,45,18,0,277,0,0,0,277
10/06/2021,CLE,OH,AGL,CE,Combined TRACON& Tower with Radar,214,43,24,0,281,0,0,0,0,0,214,43,24,0,281,0,0,0,281
10/07/2021,CLE,OH,AGL,CE,Combined TRACON& Tower with Radar,252,38,27,0,317,0,2,3,0,5,252,40,30,0,322,0,0,0,322
10/08/2021,CLE,OH,AGL,CE,Combined TRACON& Tower with Radar,243,57,17,0,317,0,1,1,0,2,243,58,18,0,319,0,0,0,319
10/09/2021,CLE,OH,AGL,CE,Combined TRACON& Tower with Radar,218,25,7,0,250,0,5,5,1,11,218,30,12,1,261,0,0,0,261
10/10/2021,CLE,OH,AGL,CE,Combined TRACON& Tower with Radar,228,35,19,0,282,0,0,2,0,2,228,35,21,0,284,0,0,0,284
10/11/2021,CLE,OH,AGL,CE,Combined TRACON& Tower with Radar,242,39,18,0,299,0,0,0,0,0,242,39,18,0,299,0,0,0,299
10/12/2021,CLE,OH,AGL,CE,Combined TRACON& Tower with Radar,216,45,16,0,277,0,6,3,0,9,216,51,19,0,286,0,0,0,286
10/13/2021,CLE,OH,AGL,CE,Combined TRACON& Tower with Radar,224,40,15,0,279,0,2,6,0,8,224,42,21,0,287,0,0,0,287
10/14/2021,CLE,OH,AGL,CE,Combined TRACON& Tower with Radar,254,53,16,2,325,0,2,1,0,3,254,55,17,2,328,0,0,0,328
10/15/2021,CLE,OH,AGL,CE,Combined TRACON& Tower with Radar,252,39,27,0,318,0,0,0,0,0,252,39,27,0,318,0,0,0,318
10/16/2021,CLE,OH,AGL,CE,Combined TRACON& Tower with Radar,224,33,7,0,264,0,1,0,0,1,224,34,7,0,265,0,0,0,265
10/17/2021,CLE,OH,AGL,CE,Combined TRACON& Tower with Radar,234,31,26,1,292,0,1,1,0,2,234,32,27,1,294,0,0,0,294
10/18/2021,CLE,OH,AGL,CE,Combined TRACON& Tower with Radar,237,22,25,0,284,0,0,2,0,2,237,22,27,0,286,0,0,0,286
10/19/2021,CLE,OH,AGL,CE,Combined TRACON& Tower with Radar,217,50,17,0,284,0,2,0,0,2,217,52,17,0,286,0,0,0,286
10/20/2021,CLE,OH,AGL,CE,Combined TRACON& Tower with Radar,226,39,22,0,287,0,0,0,0,0,226,39,22,0,287,0,0,0,287
10/21/2021,CLE,OH,AGL,CE,Combined TRACON& Tower with Radar,254,43,27,0,324,0,0,0,0,0,254,43,27,0,324,0,0,0,324
10/22/2021,CLE,OH,AGL,CE,Combined TRACON& Tower with Radar,252,48,25,2,327,0,4,6,0,10,252,52,31,2,337,0,0,0,337
10/23/2021,CLE,OH,AGL,CE,Combined TRACON& Tower with Radar,214,27,7,0,248,0,2,2,0,4,214,29,9,0,252,0,0,0,252
10/24/2021,CLE,OH,AGL,CE,Combined TRACON& Tower with Radar,239,34,20,0,293,0,0,1,0,1,239,34,21,0,294,0,0,0,294
10/25/2021,CLE,OH,AGL,CE,Combined TRACON& Tower with Radar,247,39,18,0,304,0,0,0,0,0,247,39,18,0,304,0,0,0,304
10/26/2021,CLE,OH,AGL,CE,Combined TRACON& Tower with Radar,219,40,34,0,293,0,0,0,0,0,219,40,34,0,293,0,0,0,293
10/27/2021,CLE,OH,AGL,CE,Combined TRACON& Tower with Radar,228,50,30,4,312,0,0,0,0,0,228,50,30,4,312,0,0,0,312
10/28/2021,CLE,OH,AGL,CE,Combined TRACON& Tower with Radar,246,54,34,0,334,0,4,0,0,4,246,58,34,0,338,0,0,0,338
10/29/2021,CLE,OH,AGL,CE,Combined TRACON& Tower with Radar,264,35,25,0,324,0,0,0,0,0,264,35,25,0,324,0,0,0,324
10/30/2021,CLE,OH,AGL,CE,Combined TRACON& Tower with Radar,209,37,11,0,257,0,2,0,0,2,209,39,11,0,259,0,0,0,259
10/31/2021,CLE,OH,AGL,CE,Combined TRACON& Tower with Radar,195,26,16,0,237,0,0,0,0,0,195,26,16,0,237,0,0,0,237
11/01/2021,CLE,OH,AGL,CE,Combined TRACON& Tower with Radar,237,37,18,0,292,0,0,0,0,0,237,37,18,0,292,0,0,0,292
11/02/2021,CLE,OH,AGL,CE,Combined TRACON& Tower with Radar,240,35,21,3,299,0,3,0,0,3,240,38,21,3,302,0,0,0,302
11/03/2021,CLE,OH,AGL,CE,Combined TRACON& Tower with Radar,251,36,18,0,305,0,2,2,0,4,251,38,20,0,309,0,0,0,309
11/04/2021,CLE,OH,AGL,CE,Combined TRACON& Tower with Radar,265,36,27,1,329,0,0,0,0,0,265,36,27,1,329,0,0,0,329
11/05/2021,CLE,OH,AGL,CE,Combined TRACON& Tower with Radar,254,42,22,0,318,0,4,1,0,5,254,46,23,0,323,0,0,0,323
11/06/2021,CLE,OH,AGL,CE,Combined TRACON& Tower with Radar,220,27,8,0,255,0,4,3,0,7,220,31,11,0,262,0,0,0,262
11/07/2021,CLE,OH,AGL,CE,Combined TRACON& Tower with Radar,249,49,15,0,313,0,2,0,0,2,249,51,15,0,315,0,0,0,315
11/08/2021,CLE,OH,AGL,CE,Combined TRACON& Tower with Radar,256,27,22,0,305,0,0,1,0,1,256,27,23,0,306,0,0,0,306
11/09/2021,CLE,OH,AGL,CE,Combined TRACON& Tower with Radar,244,39,17,0,300,0,2,2,0,4,244,41,19,0,304,0,0,0,304
11/10/2021,CLE,OH,AGL,CE,Combined TRACON& Tower with Radar,241,36,26,0,303,0,2,1,0,3,241,38,27,0,306,0,0,0,306
11/11/2021,CLE,OH,AGL,CE,Combined TRACON& Tower with Radar,267,51,30,0,348,0,0,0,0,0,267,51,30,0,348,0,0,0,348
11/12/2021,CLE,OH,AGL,CE,Combined TRACON& Tower with Radar,259,52,15,0,326,0,0,0,0,0,259,52,15,0,326,0,0,0,326
11/13/2021,CLE,OH,AGL,CE,Combined TRACON& Tower with Radar,210,26,6,0,242,0,0,0,0,0,210,26,6,0,242,0,0,0,242
11/14/2021,CLE,OH,AGL,CE,Combined TRACON& Tower with Radar,249,38,9,0,296,0,0,0,0,0,249,38,9,0,296,0,0,0,296
11/15/2021,CLE,OH,AGL,CE,Combined TRACON& Tower with Radar,253,35,15,0,303,0,0,0,0,0,253,35,15,0,303,0,0,0,303
11/16/2021,CLE,OH,AGL,CE,Combined TRACON& Tower with Radar,241,33,6,2,282,0,2,4,0,6,241,35,10,2,288,0,0,0,288
11/17/2021,CLE,OH,AGL,CE,Combined TRACON& Tower with Radar,244,41,13,0,298,0,2,0,0,2,244,43,13,0,300,0,0,0,300
11/18/2021,CLE,OH,AGL,CE,Combined TRACON& Tower with Radar,266,41,22,0,329,0,0,0,0,0,266,41,22,0,329,0,0,0,329
11/19/2021,CLE,OH,AGL,CE,Combined TRACON& Tower with Radar,265,47,20,0,332,0,1,0,0,1,265,48,20,0,333,0,0,0,333
11/20/2021,CLE,OH,AGL,CE,Combined TRACON& Tower with Radar,230,23,14,0,267,0,0,0,0,0,230,23,14,0,267,0,0,0,267
11/21/2021,CLE,OH,AGL,CE,Combined TRACON& Tower with Radar,248,37,16,0,301,0,0,0,0,0,248,37,16,0,301,0,0,0,301
11/22/2021,CLE,OH,AGL,CE,Combined TRACON& Tower with Radar,249,26,11,0,286,0,0,1,0,1,249,26,12,0,287,0,0,0,287
11/23/2021,CLE,OH,AGL,CE,Combined TRACON& Tower with Radar,253,41,13,0,307,0,0,6,0,6,253,41,19,0,313,0,0,0,313
11/24/2021,CLE,OH,AGL,CE,Combined TRACON& Tower with Radar,272,35,16,0,323,0,0,1,0,1,272,35,17,0,324,0,0,0,324
11/25/2021,CLE,OH,AGL,CE,Combined TRACON& Tower with Radar,161,25,3,0,189,0,0,0,0,0,161,25,3,0,189,0,0,0,189
11/26/2021,CLE,OH,AGL,CE,Combined TRACON& Tower with Radar,200,27,12,0,239,0,0,0,0,0,200,27,12,0,239,0,0,0,239
11/27/2021,CLE,OH,AGL,CE,Combined TRACON& Tower with Radar,241,38,8,0,287,0,0,0,0,0,241,38,8,0,287,0,0,0,287
11/28/2021,CLE,OH,AGL,CE,Combined TRACON& Tower with Radar,274,32,18,0,324,0,0,0,0,0,274,32,18,0,324,0,0,0,324
11/29/2021,CLE,OH,AGL,CE,Combined TRACON& Tower with Radar,251,36,20,0,307,0,0,2,0,2,251,36,22,0,309,0,0,0,309
11/30/2021,CLE,OH,AGL,CE,Combined TRACON& Tower with Radar,261,42,13,0,316,0,0,0,0,0,261,42,13,0,316,0,0,0,316
12/01/2021,CLE,OH,AGL,CE,Combined TRACON& Tower with Radar,246,35,24,0,305,0,0,2,0,2,246,35,26,0,307,0,0,0,307
12/02/2021,CLE,OH,AGL,CE,Combined TRACON& Tower with Radar,266,28,25,0,319,0,1,1,0,2,266,29,26,0,321,0,0,0,321
12/03/2021,CLE,OH,AGL,CE,Combined TRACON& Tower with Radar,267,38,10,0,315,0,1,0,0,1,267,39,10,0,316,0,0,0,316
12/04/2021,CLE,OH,AGL,CE,Combined TRACON& Tower with Radar,207,38,8,0,253,0,0,0,0,0,207,38,8,0,253,0,0,0,253
12/05/2021,CLE,OH,AGL,CE,Combined TRACON& Tower with Radar,242,39,22,0,303,0,0,0,0,0,242,39,22,0,303,0,0,0,303
12/06/2021,CLE,OH,AGL,CE,Combined TRACON& Tower with Radar,253,38,18,0,309,0,0,0,0,0,253,38,18,0,309,0,0,0,309
12/07/2021,CLE,OH,AGL,CE,Combined TRACON& Tower with Radar,242,36,15,0,293,0,3,5,0,8,242,39,20,0,301,0,0,0,301
12/08/2021,CLE,OH,AGL,CE,Combined TRACON& Tower with Radar,240,43,29,0,312,0,1,0,0,1,240,44,29,0,313,0,0,0,313
12/09/2021,CLE,OH,AGL,CE,Combined TRACON& Tower with Radar,259,41,20,0,320,0,3,0,0,3,259,44,20,0,323,0,0,0,323
12/10/2021,CLE,OH,AGL,CE,Combined TRACON& Tower with Radar,254,30,24,0,308,0,0,2,0,2,254,30,26,0,310,0,0,0,310
12/11/2021,CLE,OH,AGL,CE,Combined TRACON& Tower with Radar,236,30,5,0,271,0,0,0,0,0,236,30,5,0,271,0,0,0,271
12/12/2021,CLE,OH,AGL,CE,Combined TRACON& Tower with Radar,235,30,15,0,280,0,0,5,0,5,235,30,20,0,285,0,0,0,285
12/13/2021,CLE,OH,AGL,CE,Combined TRACON& Tower with Radar,251,32,26,2,311,0,0,2,0,2,251,32,28,2,313,0,0,0,313
12/14/2021,CLE,OH,AGL,CE,Combined TRACON& Tower with Radar,250,38,20,0,308,0,1,2,0,3,250,39,22,0,311,0,0,0,311
12/15/2021,CLE,OH,AGL,CE,Combined TRACON& Tower with Radar,243,24,16,0,283,0,3,0,0,3,243,27,16,0,286,0,0,0,286
12/16/2021,CLE,OH,AGL,CE,Combined TRACON& Tower with Radar,254,38,22,0,314,0,0,0,0,0,254,38,22,0,314,0,0,0,314
12/17/2021,CLE,OH,AGL,CE,Combined TRACON& Tower with Radar,266,32,20,0,318,0,4,4,0,8,266,36,24,0,326,0,0,0,326
12/18/2021,CLE,OH,AGL,CE,Combined TRACON& Tower with Radar,235,28,23,0,286,0,0,0,0,0,235,28,23,0,286,0,0,0,286
12/19/2021,CLE,OH,AGL,CE,Combined TRACON& Tower with Radar,226,34,11,0,271,0,0,0,0,0,226,34,11,0,271,0,0,0,271
12/20/2021,CLE,OH,AGL,CE,Combined TRACON& Tower with Radar,252,28,17,0,297,0,0,3,0,3,252,28,20,0,300,0,0,0,300
12/21/2021,CLE,OH,AGL,CE,Combined TRACON& Tower with Radar,252,39,4,0,295,0,2,0,0,2,252,41,4,0,297,0,0,0,297
12/22/2021,CLE,OH,AGL,CE,Combined TRACON& Tower with Radar,258,42,20,4,324,0,0,1,0,1,258,42,21,4,325,0,0,0,325
12/23/2021,CLE,OH,AGL,CE,Combined TRACON& Tower with Radar,245,41,10,0,296,0,2,8,0,10,245,43,18,0,306,0,0,0,306
12/24/2021,CLE,OH,AGL,CE,Combined TRACON& Tower with Radar,198,31,6,0,235,0,2,0,0,2,198,33,6,0,237,0,0,0,237
12/25/2021,CLE,OH,AGL,CE,Combined TRACON& Tower with Radar,178,27,3,0,208,0,0,0,0,0,178,27,3,0,208,0,0,0,208
12/26/2021,CLE,OH,AGL,CE,Combined TRACON& Tower with Radar,196,42,12,0,250,1,1,0,0,2,197,43,12,0,252,0,0,0,252
12/27/2021,CLE,OH,AGL,CE,Combined TRACON& Tower with Radar,208,46,11,0,265,0,0,0,0,0,208,46,11,0,265,0,0,0,265
12/28/2021,CLE,OH,AGL,CE,Combined TRACON& Tower with Radar,219,35,11,0,265,0,0,2,0,2,219,35,13,0,267,0,0,0,267
12/29/2021,CLE,OH,AGL,CE,Combined TRACON& Tower with Radar,212,24,13,0,249,0,0,0,0,0,212,24,13,0,249,0,0,0,249
12/30/2021,CLE,OH,AGL,CE,Combined TRACON& Tower with Radar,200,33,12,0,245,0,0,0,0,0,200,33,12,0,245,0,0,0,245
12/31/2021,CLE,OH,AGL,CE,Combined TRACON& Tower with Radar,179,25,8,0,212,0,0,0,0,0,179,25,8,0,212,0,0,0,212
01/01/2022,CLE,OH,AGL,CE,Combined TRACON& Tower with Radar,183,28,14,0,225,0,0,0,0,0,183,28,14,0,225,0,0,0,225
01/02/2022,CLE,OH,AGL,CE,Combined TRACON& Tower with Radar,206,31,11,0,248,0,1,0,0,1,206,32,11,0,249,0,0,0,249
01/03/2022,CLE,OH,AGL,CE,Combined TRACON& Tower with Radar,206,28,14,0,248,0,0,0,0,0,206,28,14,0,248,0,0,0,248
01/04/2022,CLE,OH,AGL,CE,Combined TRACON& Tower with Radar,218,44,12,2,276,0,0,6,0,6,218,44,18,2,282,0,0,0,282
01/05/2022,CLE,OH,AGL,CE,Combined TRACON& Tower with Radar,212,25,19,0,256,0,1,0,0,1,212,26,19,0,257,0,0,0,257
01/06/2022,CLE,OH,AGL,CE,Combined TRACON& Tower with Radar,233,29,10,0,272,0,2,0,0,2,233,31,10,0,274,0,0,0,274
01/07/2022,CLE,OH,AGL,CE,Combined TRACON& Tower with Radar,214,35,15,0,264,0,0,0,0,0,214,35,15,0,264,0,0,0,264
01/08/2022,CLE,OH,AGL,CE,Combined TRACON& Tower with Radar,186,28,10,0,224,0,0,1,0,1,186,28,11,0,225,0,0,0,225
01/09/2022,CLE,OH,AGL,CE,Combined TRACON& Tower with Radar,214,33,5,0,252,0,0,1,0,1,214,33,6,0,253,0,0,0,253
01/10/2022,CLE,OH,AGL,CE,Combined TRACON& Tower with Radar,239,18,11,0,268,0,0,0,0,0,239,18,11,0,268,0,0,0,268
01/11/2022,CLE,OH,AGL,CE,Combined TRACON& Tower with Radar,217,26,13,0,256,0,2,2,0,4,217,28,15,0,260,0,0,0,260
01/12/2022,CLE,OH,AGL,CE,Combined TRACON& Tower with Radar,219,21,13,0,253,0,2,0,0,2,219,23,13,0,255,0,0,0,255
01/13/2022,CLE,OH,AGL,CE,Combined TRACON& Tower with Radar,238,31,7,4,280,0,0,2,0,2,238,31,9,4,282,0,0,0,282
01/14/2022,CLE,OH,AGL,CE,Combined TRACON& Tower with Radar,238,29,16,0,283,0,0,0,0,0,238,29,16,0,283,0,0,0,283
01/15/2022,CLE,OH,AGL,CE,Combined TRACON& Tower with Radar,171,27,6,0,204,0,0,0,0,0,171,27,6,0,204,0,0,0,204
01/16/2022,CLE,OH,AGL,CE,Combined TRACON& Tower with Radar,176,24,9,0,209,0,2,2,0,4,176,26,11,0,213,0,0,0,213
01/17/2022,CLE,OH,AGL,CE,Combined TRACON& Tower with Radar,178,28,13,0,219,0,0,0,0,0,178,28,13,0,219,0,0,0,219
01/18/2022,CLE,OH,AGL,CE,Combined TRACON& Tower with Radar,213,50,19,0,282,0,0,2,0,2,213,50,21,0,284,0,0,0,284
01/19/2022,CLE,OH,AGL,CE,Combined TRACON& Tower with Radar,216,30,22,0,268,0,2,0,0,2,216,32,22,0,270,0,0,0,270
01/20/2022,CLE,OH,AGL,CE,Combined TRACON& Tower with Radar,226,37,16,0,279,0,0,0,0,0,226,37,16,0,279,0,0,0,279
01/21/2022,CLE,OH,AGL,CE,Combined TRACON& Tower with Radar,237,36,11,0,284,0,0,2,0,2,237,36,13,0,286,0,0,0,286
01/22/2022,CLE,OH,AGL,CE,Combined TRACON& Tower with Radar,178,27,9,0,214,0,0,2,0,2,178,27,11,0,216,0,0,0,216
01/23/2022,CLE,OH,AGL,CE,Combined TRACON& Tower with Radar,217,29,15,0,261,0,0,0,0,0,217,29,15,0,261,0,0,0,261
01/24/2022,CLE,OH,AGL,CE,Combined TRACON& Tower with Radar,220,38,25,0,283,0,1,0,0,1,220,39,25,0,284,0,0,0,284
01/25/2022,CLE,OH,AGL,CE,Combined TRACON& Tower with Radar,221,40,17,0,278,0,0,0,0,0,221,40,17,0,278,0,0,0,278
01/26/2022,CLE,OH,AGL,CE,Combined TRACON& Tower with Radar,219,28,14,0,261,0,2,0,0,2,219,30,14,0,263,0,0,0,263
01/27/2022,CLE,OH,AGL,CE,Combined TRACON& Tower with Radar,229,33,15,0,277,0,2,2,0,4,229,35,17,0,281,0,0,0,281
01/28/2022,CLE,OH,AGL,CE,Combined TRACON& Tower with Radar,226,55,24,0,305,0,0,0,0,0,226,55,24,0,305,0,0,0,305
01/29/2022,CLE,OH,AGL,CE,Combined TRACON& Tower with Radar,139,27,11,0,177,0,6,3,0,9,139,33,14,0,186,0,0,0,186
01/30/2022,CLE,OH,AGL,CE,Combined TRACON& Tower with Radar,201,36,11,0,248,0,2,0,0,2,201,38,11,0,250,0,0,0,250
01/31/2022,CLE,OH,AGL,CE,Combined TRACON& Tower with Radar,214,33,19,2,268,0,0,1,0,1,214,33,20,2,269,0,0,0,269
02/01/2022,CLE,OH,AGL,CE,Combined TRACON& Tower with Radar,230,44,20,0,294,0,1,0,0,1,230,45,20,0,295,0,0,0,295
02/02/2022,CLE,OH,AGL,CE,Combined TRACON& Tower with Radar,197,28,26,0,251,0,0,0,0,0,197,28,26,0,251,0,0,0,251
02/03/2022,CLE,OH,AGL,CE,Combined TRACON& Tower with Radar,28,0,2,0,30,0,0,0,0,0,28,0,2,0,30,0,0,0,30
02/04/2022,CLE,OH,AGL,CE,Combined TRACON& Tower with Radar,176,32,16,0,224,0,0,0,0,0,176,32,16,0,224,0,0,0,224
02/05/2022,CLE,OH,AGL,CE,Combined TRACON& Tower with Radar,189,25,16,0,230,0,0,0,0,0,189,25,16,0,230,0,0,0,230
02/06/2022,CLE,OH,AGL,CE,Combined TRACON& Tower with Radar,222,29,12,0,263,0,0,0,0,0,222,29,12,0,263,0,0,0,263
02/07/2022,CLE,OH,AGL,CE,Combined TRACON& Tower with Radar,226,22,18,0,266,0,0,0,0,0,226,22,18,0,266,0,0,0,266
02/08/2022,CLE,OH,AGL,CE,Combined TRACON& Tower with Radar,231,31,24,0,286,0,1,2,0,3,231,32,26,0,289,0,0,0,289
02/09/2022,CLE,OH,AGL,CE,Combined TRACON& Tower with Radar,235,23,26,0,284,0,3,0,0,3,235,26,26,0,287,0,0,0,287
02/10/2022,CLE,OH,AGL,CE,Combined TRACON& Tower with Radar,257,42,26,0,325,0,0,0,0,0,257,42,26,0,325,0,0,0,325
02/11/2022,CLE,OH,AGL,CE,Combined TRACON& Tower with Radar,249,27,18,0,294,0,0,0,0,0,249,27,18,0,294,0,0,0,294
02/12/2022,CLE,OH,AGL,CE,Combined TRACON& Tower with Radar,201,27,7,0,235,0,6,0,0,6,201,33,7,0,241,0,0,0,241
02/13/2022,CLE,OH,AGL,CE,Combined TRACON& Tower with Radar,211,21,8,0,240,0,0,0,0,0,211,21,8,0,240,0,0,0,240
02/14/2022,CLE,OH,AGL,CE,Combined TRACON& Tower with Radar,249,24,17,4,294,0,4,3,0,7,249,28,20,4,301,0,0,0,301
02/15/2022,CLE,OH,AGL,CE,Combined TRACON& Tower with Radar,244,38,13,3,298,0,0,0,0,0,244,38,13,3,298,0,0,0,298
02/16/2022,CLE,OH,AGL,CE,Combined TRACON& Tower with Radar,247,40,6,3,296,0,0,0,0,0,247,40,6,3,296,0,0,0,296
02/17/2022,CLE,OH,AGL,CE,Combined TRACON& Tower with Radar,197,61,46,2,306,0,0,0,0,0,197,61,46,2,306,0,0,0,306
02/18/2022,CLE,OH,AGL,CE,Combined TRACON& Tower with Radar,259,80,61,4,404,0,0,0,0,0,259,80,61,4,404,0,0,0,404
02/19/2022,CLE,OH,AGL,CE,Combined TRACON& Tower with Radar,202,40,43,0,285,0,2,0,0,2,202,42,43,0,287,0,0,0,287
02/20/2022,CLE,OH,AGL,CE,Combined TRACON& Tower with Radar,225,60,49,0,334,0,4,0,0,4,225,64,49,0,338,0,0,0,338
02/21/2022,CLE,OH,AGL,CE,Combined TRACON& Tower with Radar,265,76,53,0,394,0,2,1,0,3,265,78,54,0,397,0,0,0,397
02/22/2022,CLE,OH,AGL,CE,Combined TRACON& Tower with Radar,239,50,33,0,322,0,4,0,0,4,239,54,33,0,326,0,0,0,326
02/23/2022,CLE,OH,AGL,CE,Combined TRACON& Tower with Radar,240,25,31,0,296,0,0,0,0,0,240,25,31,0,296,0,0,0,296
02/24/2022,CLE,OH,AGL,CE,Combined TRACON& Tower with Radar,249,35,19,0,303,0,2,0,0,2,249,37,19,0,305,0,0,0,305
02/25/2022,CLE,OH,AGL,CE,Combined TRACON& Tower with Radar,231,39,16,0,286,0,0,0,0,0,231,39,16,0,286,0,0,0,286
02/26/2022,CLE,OH,AGL,CE,Combined TRACON& Tower with Radar,208,27,9,0,244,0,2,0,0,2,208,29,9,0,246,0,0,0,246
02/27/2022,CLE,OH,AGL,CE,Combined TRACON& Tower with Radar,243,28,23,0,294,0,2,0,0,2,243,30,23,0,296,0,0,0,296
02/28/2022,CLE,OH,AGL,CE,Combined TRACON& Tower with Radar,250,27,27,0,304,0,0,0,0,0,250,27,27,0,304,0,0,0,304
03/01/2022,CLE,OH,AGL,CE,Combined TRACON& Tower with Radar,242,30,27,0,299,0,2,2,0,4,242,32,29,0,303,0,0,0,303
03/02/2022,CLE,OH,AGL,CE,Combined TRACON& Tower with Radar,243,34,21,0,298,0,4,0,0,4,243,38,21,0,302,0,0,0,302
03/03/2022,CLE,OH,AGL,CE,Combined TRACON& Tower with Radar,248,32,31,0,311,0,0,2,0,2,248,32,33,0,313,0,0,0,313
03/04/2022,CLE,OH,AGL,CE,Combined TRACON& Tower with Radar,247,24,21,0,292,0,2,2,0,4,247,26,23,0,296,0,0,0,296
03/05/2022,CLE,OH,AGL,CE,Combined TRACON& Tower with Radar,204,27,2,0,233,0,3,2,0,5,204,30,4,0,238,0,0,0,238
03/06/2022,CLE,OH,AGL,CE,Combined TRACON& Tower with Radar,241,37,7,2,287,0,0,0,0,0,241,37,7,2,287,0,0,0,287
03/07/2022,CLE,OH,AGL,CE,Combined TRACON& Tower with Radar,241,45,26,0,312,1,0,0,0,1,242,45,26,0,313,0,0,0,313
03/08/2022,CLE,OH,AGL,CE,Combined TRACON& Tower with Radar,227,45,16,2,290,0,0,2,0,2,227,45,18,2,292,0,0,0,292
03/09/2022,CLE,OH,AGL,CE,Combined TRACON& Tower with Radar,231,50,21,0,302,0,0,2,0,2,231,50,23,0,304,0,0,0,304
03/10/2022,CLE,OH,AGL,CE,Combined TRACON& Tower with Radar,250,57,19,3,329,0,1,4,0,5,250,58,23,3,334,0,0,0,334
03/11/2022,CLE,OH,AGL,CE,Combined TRACON& Tower with Radar,248,41,24,3,316,0,2,0,0,2,248,43,24,3,318,0,0,0,318
03/12/2022,CLE,OH,AGL,CE,Combined TRACON& Tower with Radar,192,46,12,2,252,0,2,0,0,2,192,48,12,2,254,0,0,0,254
03/13/2022,CLE,OH,AGL,CE,Combined TRACON& Tower with Radar,234,46,17,0,297,0,3,0,0,3,234,49,17,0,300,0,0,0,300
03/14/2022,CLE,OH,AGL,CE,Combined TRACON& Tower with Radar,243,37,22,0,302,0,0,3,0,3,243,37,25,0,305,0,0,0,305
03/15/2022,CLE,OH,AGL,CE,Combined TRACON& Tower with Radar,241,43,28,0,312,0,2,2,0,4,241,45,30,0,316,0,0,0,316
03/16/2022,CLE,OH,AGL,CE,Combined TRACON& Tower with Radar,237,38,14,1,290,0,1,0,0,1,237,39,14,1,291,0,0,0,291
03/17/2022,CLE,OH,AGL,CE,Combined TRACON& Tower with Radar,253,29,20,1,303,0,4,1,1,6,253,33,21,2,309,0,0,0,309
03/18/2022,CLE,OH,AGL,CE,Combined TRACON& Tower with Radar,253,29,12,0,294,0,0,1,0,1,253,29,13,0,295,0,0,0,295
03/19/2022,CLE,OH,AGL,CE,Combined TRACON& Tower with Radar,214,43,19,0,276,0,0,0,0,0,214,43,19,0,276,0,0,0,276
03/20/2022,CLE,OH,AGL,CE,Combined TRACON& Tower with Radar,243,41,14,0,298,0,0,0,0,0,243,41,14,0,298,0,0,0,298
03/21/2022,CLE,OH,AGL,CE,Combined TRACON& Tower with Radar,234,26,13,0,273,0,0,2,0,2,234,26,15,0,275,0,0,0,275
03/22/2022,CLE,OH,AGL,CE,Combined TRACON& Tower with Radar,243,32,29,0,304,0,2,0,0,2,243,34,29,0,306,0,0,0,306
03/23/2022,CLE,OH,AGL,CE,Combined TRACON& Tower with Radar,237,36,20,0,293,0,0,0,0,0,237,36,20,0,293,0,0,0,293
03/24/2022,CLE,OH,AGL,CE,Combined TRACON& Tower with Radar,252,36,25,0,313,0,0,3,0,3,252,36,28,0,316,0,0,0,316
03/25/2022,CLE,OH,AGL,CE,Combined TRACON& Tower with Radar,263,36,22,0,321,0,0,0,0,0,263,36,22,0,321,0,0,0,321
03/26/2022,CLE,OH,AGL,CE,Combined TRACON& Tower with Radar,223,36,15,0,274,0,0,0,0,0,223,36,15,0,274,0,0,0,274
03/27/2022,CLE,OH,AGL,CE,Combined TRACON& Tower with Radar,240,47,7,0,294,0,0,0,0,0,240,47,7,0,294,0,0,0,294
03/28/2022,CLE,OH,AGL,CE,Combined TRACON& Tower with Radar,234,33,9,0,276,0,0,0,0,0,234,33,9,0,276,0,0,0,276
03/29/2022,CLE,OH,AGL,CE,Combined TRACON& Tower with Radar,238,28,18,2,286,0,7,0,0,7,238,35,18,2,293,0,0,0,293
03/30/2022,CLE,OH,AGL,CE,Combined TRACON& Tower with Radar,223,44,28,2,297,0,1,0,0,1,223,45,28,2,298,0,0,0,298
03/31/2022,CLE,OH,AGL,CE,Combined TRACON& Tower with Radar,220,30,19,0,269,0,4,0,0,4,220,34,19,0,273,0,0,0,273
04/01/2022,CLE,OH,AGL,CE,Combined TRACON& Tower with Radar,227,35,18,0,280,0,5,2,0,7,227,40,20,0,287,0,0,0,287
04/02/2022,CLE,OH,AGL,CE,Combined TRACON& Tower with Radar,198,31,15,0,244,0,0,0,0,0,198,31,15,0,244,0,0,0,244
04/03/2022,CLE,OH,AGL,CE,Combined TRACON& Tower with Radar,205,37,19,0,261,0,0,0,0,0,205,37,19,0,261,0,0,0,261
04/04/2022,CLE,OH,AGL,CE,Combined TRACON& Tower with Radar,227,56,18,0,301,0,0,0,0,0,227,56,18,0,301,0,0,0,301
04/05/2022,CLE,OH,AGL,CE,Combined TRACON& Tower with Radar,224,40,24,2,290,0,8,2,0,10,224,48,26,2,300,4,0,4,304
04/06/2022,CLE,OH,AGL,CE,Combined TRACON& Tower with Radar,241,35,18,0,294,0,0,0,0,0,241,35,18,0,294,0,0,0,294
04/07/2022,CLE,OH,AGL,CE,Combined TRACON& Tower with Radar,233,53,23,0,309,0,0,1,0,1,233,53,24,0,310,0,0,0,310
04/08/2022,CLE,OH,AGL,CE,Combined TRACON& Tower with Radar,244,34,13,0,291,0,0,0,0,0,244,34,13,0,291,0,0,0,291
04/09/2022,CLE,OH,AGL,CE,Combined TRACON& Tower with Radar,211,33,6,0,250,0,0,0,0,0,211,33,6,0,250,0,0,0,250
04/10/2022,CLE,OH,AGL,CE,Combined TRACON& Tower with Radar,228,32,11,0,271,0,0,1,0,1,228,32,12,0,272,0,0,0,272
04/11/2022,CLE,OH,AGL,CE,Combined TRACON& Tower with Radar,246,32,18,0,296,0,0,0,0,0,246,32,18,0,296,0,0,0,296
04/12/2022,CLE,OH,AGL,CE,Combined TRACON& Tower with Radar,241,27,17,1,286,0,0,0,1,1,241,27,17,2,287,0,0,0,287
04/13/2022,CLE,OH,AGL,CE,Combined TRACON& Tower with Radar,240,55,25,2,322,0,0,0,0,0,240,55,25,2,322,0,0,0,322
04/14/2022,CLE,OH,AGL,CE,Combined TRACON& Tower with Radar,264,45,26,0,335,0,0,1,0,1,264,45,27,0,336,0,0,0,336
04/15/2022,CLE,OH,AGL,CE,Combined TRACON& Tower with Radar,249,30,13,0,292,0,0,1,1,2,249,30,14,1,294,0,0,0,294
04/16/2022,CLE,OH,AGL,CE,Combined TRACON& Tower with Radar,209,16,3,1,229,0,0,0,0,0,209,16,3,1,229,0,0,0,229
04/17/2022,CLE,OH,AGL,CE,Combined TRACON& Tower with Radar,232,23,11,1,267,0,0,2,0,2,232,23,13,1,269,0,0,0,269
04/18/2022,CLE,OH,AGL,CE,Combined TRACON& Tower with Radar,239,25,18,3,285,0,0,0,0,0,239,25,18,3,285,0,0,0,285
04/19/2022,CLE,OH,AGL,CE,Combined TRACON& Tower with Radar,241,37,23,0,301,0,2,0,0,2,241,39,23,0,303,0,0,0,303
04/20/2022,CLE,OH,AGL,CE,Combined TRACON& Tower with Radar,244,28,19,0,291,0,4,5,0,9,244,32,24,0,300,0,0,0,300
04/21/2022,CLE,OH,AGL,CE,Combined TRACON& Tower with Radar,253,38,7,0,298,0,0,0,0,0,253,38,7,0,298,0,0,0,298
04/22/2022,CLE,OH,AGL,CE,Combined TRACON& Tower with Radar,252,43,7,2,304,0,2,0,0,2,252,45,7,2,306,0,0,0,306
04/23/2022,CLE,OH,AGL,CE,Combined TRACON& Tower with Radar,211,33,6,0,250,0,4,0,0,4,211,37,6,0,254,0,0,0,254
04/24/2022,CLE,OH,AGL,CE,Combined TRACON& Tower with Radar,233,46,18,0,297,0,2,0,0,2,233,48,18,0,299,0,0,0,299
04/25/2022,CLE,OH,AGL,CE,Combined TRACON& Tower with Radar,242,24,20,0,286,0,0,1,0,1,242,24,21,0,287,0,0,0,287
04/26/2022,CLE,OH,AGL,CE,Combined TRACON& Tower with Radar,248,31,44,2,325,0,0,10,0,10,248,31,54,2,335,0,0,0,335
04/27/2022,CLE,OH,AGL,CE,Combined TRACON& Tower with Radar,247,36,26,2,311,0,2,0,0,2,247,38,26,2,313,0,0,0,313
04/28/2022,CLE,OH,AGL,CE,Combined TRACON& Tower with Radar,262,47,34,0,343,0,2,2,0,4,262,49,36,0,347,0,0,0,347
04/29/2022,CLE,OH,AGL,CE,Combined TRACON& Tower with Radar,252,27,20,0,299,0,4,8,0,12,252,31,28,0,311,0,0,0,311
04/30/2022,CLE,OH,AGL,CE,Combined TRACON& Tower with Radar,216,26,6,0,248,0,2,2,0,4,216,28,8,0,252,0,0,0,252
05/01/2022,CLE,OH,AGL,CE,Combined TRACON& Tower with Radar,234,29,9,0,272,0,2,0,0,2,234,31,9,0,274,0,0,0,274
05/02/2022,CLE,OH,AGL,CE,Combined TRACON& Tower with Radar,245,27,21,0,293,0,0,4,0,4,245,27,25,0,297,0,0,0,297
05/03/2022,CLE,OH,AGL,CE,Combined TRACON& Tower with Radar,247,37,16,0,300,0,0,0,0,0,247,37,16,0,300,0,0,0,300
05/04/2022,CLE,OH,AGL,CE,Combined TRACON& Tower with Radar,250,56,27,1,334,0,0,0,0,0,250,56,27,1,334,0,0,0,334
05/05/2022,CLE,OH,AGL,CE,Combined TRACON& Tower with Radar,248,50,27,0,325,0,2,4,0,6,248,52,31,0,331,0,0,0,331
05/06/2022,CLE,OH,AGL,CE,Combined TRACON& Tower with Radar,240,37,11,0,288,0,0,0,0,0,240,37,11,0,288,0,0,0,288
05/07/2022,CLE,OH,AGL,CE,Combined TRACON& Tower with Radar,214,38,9,0,261,0,0,0,0,0,214,38,9,0,261,0,0,0,261
05/08/2022,CLE,OH,AGL,CE,Combined TRACON& Tower with Radar,221,44,13,0,278,0,0,0,0,0,221,44,13,0,278,0,0,0,278
05/09/2022,CLE,OH,AGL,CE,Combined TRACON& Tower with Radar,236,44,22,0,302,0,0,1,0,1,236,44,23,0,303,0,0,0,303
05/10/2022,CLE,OH,AGL,CE,Combined TRACON& Tower with Radar,234,51,24,0,309,0,0,2,1,3,234,51,26,1,312,0,0,0,312
05/11/2022,CLE,OH,AGL,CE,Combined TRACON& Tower with Radar,229,46,19,0,294,0,1,3,0,4,229,47,22,0,298,0,0,0,298
05/12/2022,CLE,OH,AGL,CE,Combined TRACON& Tower with Radar,243,48,20,0,311,1,2,2,0,5,244,50,22,0,316,0,0,0,316
05/13/2022,CLE,OH,AGL,CE,Combined TRACON& Tower with Radar,237,38,14,2,291,0,0,3,0,3,237,38,17,2,294,0,0,0,294
05/14/2022,CLE,OH,AGL,CE,Combined TRACON& Tower with Radar,218,38,8,0,264,0,0,0,0,0,218,38,8,0,264,0,0,0,264
05/15/2022,CLE,OH,AGL,CE,Combined TRACON& Tower with Radar,219,37,11,0,267,0,0,0,0,0,219,37,11,0,267,0,0,0,267
05/16/2022,CLE,OH,AGL,CE,Combined TRACON& Tower with Radar,219,23,13,0,255,0,4,1,0,5,219,27,14,0,260,0,0,0,260
05/17/2022,CLE,OH,AGL,CE,Combined TRACON& Tower with Radar,220,33,27,0,280,0,0,2,0,2,220,33,29,0,282,0,0,0,282
05/18/2022,CLE,OH,AGL,CE,Combined TRACON& Tower with Radar,230,34,23,0,287,0,4,0,0,4,230,38,23,0,291,0,0,0,291
05/19/2022,CLE,OH,AGL,CE,Combined TRACON& Tower with Radar,239,47,30,0,316,0,0,2,0,2,239,47,32,0,318,0,0,0,318
05/20/2022,CLE,OH,AGL,CE,Combined TRACON& Tower with Radar,223,32,19,0,274,0,0,0,0,0,223,32,19,0,274,0,0,0,274
05/21/2022,CLE,OH,AGL,CE,Combined TRACON& Tower with Radar,208,19,6,0,233,0,0,1,0,1,208,19,7,0,234,0,0,0,234
05/22/2022,CLE,OH,AGL,CE,Combined TRACON& Tower with Radar,209,36,19,0,264,0,1,0,0,1,209,37,19,0,265,0,0,0,265
05/23/2022,CLE,OH,AGL,CE,Combined TRACON& Tower with Radar,230,39,19,0,288,0,0,0,0,0,230,39,19,0,288,0,0,0,288
05/24/2022,CLE,OH,AGL,CE,Combined TRACON& Tower with Radar,227,34,26,0,287,0,2,5,0,7,227,36,31,0,294,0,0,0,294
05/25/2022,CLE,OH,AGL,CE,Combined TRACON& Tower with Radar,234,54,27,0,315,0,1,1,1,3,234,55,28,1,318,0,0,0,318
05/26/2022,CLE,OH,AGL,CE,Combined TRACON& Tower with Radar,248,48,31,0,327,0,0,0,0,0,248,48,31,0,327,0,0,0,327
05/27/2022,CLE,OH,AGL,CE,Combined TRACON& Tower with Radar,242,29,18,0,289,0,2,0,0,2,242,31,18,0,291,0,0,0,291
05/28/2022,CLE,OH,AGL,CE,Combined TRACON& Tower with Radar,203,19,4,0,226,0,2,0,0,2,203,21,4,0,228,0,0,0,228
05/29/2022,CLE,OH,AGL,CE,Combined TRACON& Tower with Radar,211,18,10,0,239,0,0,2,0,2,211,18,12,0,241,0,0,0,241
05/30/2022,CLE,OH,AGL,CE,Combined TRACON& Tower with Radar,231,30,10,0,271,0,0,3,2,5,231,30,13,2,276,0,0,0,276
05/31/2022,CLE,OH,AGL,CE,Combined TRACON& Tower with Radar,226,38,21,0,285,0,0,0,0,0,226,38,21,0,285,0,0,0,285
06/01/2022,CLE,OH,AGL,CE,Combined TRACON& Tower with Radar,220,47,20,2,289,0,0,2,0,2,220,47,22,2,291,0,0,0,291
06/02/2022,CLE,OH,AGL,CE,Combined TRACON& Tower with Radar,225,43,29,6,303,0,2,0,0,2,225,45,29,6,305,0,0,0,305
06/03/2022,CLE,OH,AGL,CE,Combined TRACON& Tower with Radar,233,38,17,0,288,0,0,0,0,0,233,38,17,0,288,0,0,0,288
06/04/2022,CLE,OH,AGL,CE,Combined TRACON& Tower with Radar,199,20,12,0,231,0,4,2,0,6,199,24,14,0,237,0,0,0,237
06/05/2022,CLE,OH,AGL,CE,Combined TRACON& Tower with Radar,228,44,7,0,279,0,4,0,0,4,228,48,7,0,283,0,0,0,283
06/06/2022,CLE,OH,AGL,CE,Combined TRACON& Tower with Radar,227,30,23,0,280,0,0,3,0,3,227,30,26,0,283,0,0,0,283
06/07/2022,CLE,OH,AGL,CE,Combined TRACON& Tower with Radar,247,29,16,0,292,0,0,0,0,0,247,29,16,0,292,0,0,0,292
06/08/2022,CLE,OH,AGL,CE,Combined TRACON& Tower with Radar,239,27,19,0,285,0,0,0,0,0,239,27,19,0,285,0,0,0,285
06/09/2022,CLE,OH,AGL,CE,Combined TRACON& Tower with Radar,249,37,26,2,314,0,0,7,0,7,249,37,33,2,321,0,0,0,321
06/10/2022,CLE,OH,AGL,CE,Combined TRACON& Tower with Radar,240,32,11,2,285,0,0,6,0,6,240,32,17,2,291,0,0,0,291
06/11/2022,CLE,OH,AGL,CE,Combined TRACON& Tower with Radar,194,32,17,0,243,0,4,0,0,4,194,36,17,0,247,0,0,0,247
06/12/2022,CLE,OH,AGL,CE,Combined TRACON& Tower with Radar,213,32,8,0,253,0,2,2,0,4,213,34,10,0,257,0,0,0,257
06/13/2022,CLE,OH,AGL,CE,Combined TRACON& Tower with Radar,236,32,23,0,291,0,0,2,0,2,236,32,25,0,293,0,0,0,293
06/14/2022,CLE,OH,AGL,CE,Combined TRACON& Tower with Radar,246,37,20,4,307,0,0,0,0,0,246,37,20,4,307,0,0,0,307
06/15/2022,CLE,OH,AGL,CE,Combined TRACON& Tower with Radar,240,33,24,0,297,0,0,0,0,0,240,33,24,0,297,0,0,0,297
06/16/2022,CLE,OH,AGL,CE,Combined TRACON& Tower with Radar,238,48,31,0,317,0,0,3,0,3,238,48,34,0,320,0,0,0,320
06/17/2022,CLE,OH,AGL,CE,Combined TRACON& Tower with Radar,227,42,18,0,287,0,0,2,0,2,227,42,20,0,289,0,0,0,289
06/18/2022,CLE,OH,AGL,CE,Combined TRACON& Tower with Radar,197,34,5,0,236,0,3,1,0,4,197,37,6,0,240,0,0,0,240
06/19/2022,CLE,OH,AGL,CE,Combined TRACON& Tower with Radar,219,42,12,0,273,0,4,2,0,6,219,46,14,0,279,0,0,0,279
06/20/2022,CLE,OH,AGL,CE,Combined TRACON& Tower with Radar,234,32,21,0,287,0,6,0,0,6,234,38,21,0,293,0,0,0,293
06/21/2022,CLE,OH,AGL,CE,Combined TRACON& Tower with Radar,244,34,19,0,297,0,4,2,2,8,244,38,21,2,305,0,0,0,305
06/22/2022,CLE,OH,AGL,CE,Combined TRACON& Tower with Radar,235,56,26,0,317,0,2,2,0,4,235,58,28,0,321,0,0,0,321
06/23/2022,CLE,OH,AGL,CE,Combined TRACON& Tower with Radar,246,48,34,2,330,0,0,4,0,4,246,48,38,2,334,0,0,0,334
06/24/2022,CLE,OH,AGL,CE,Combined TRACON& Tower with Radar,230,27,21,0,278,0,2,2,0,4,230,29,23,0,282,0,0,0,282
06/25/2022,CLE,OH,AGL,CE,Combined TRACON& Tower with Radar,192,33,12,0,237,0,5,2,0,7,192,38,14,0,244,0,0,0,244
06/26/2022,CLE,OH,AGL,CE,Combined TRACON& Tower with Radar,211,27,15,0,253,0,5,2,0,7,211,32,17,0,260,0,0,0,260
06/27/2022,CLE,OH,AGL,CE,Combined TRACON& Tower with Radar,226,28,31,0,285,0,2,1,0,3,226,30,32,0,288,0,0,0,288
06/28/2022,CLE,OH,AGL,CE,Combined TRACON& Tower with Radar,241,43,12,0,296,0,4,4,0,8,241,47,16,0,304,0,0,0,304
06/29/2022,CLE,OH,AGL,CE,Combined TRACON& Tower with Radar,231,48,13,0,292,0,0,4,0,4,231,48,17,0,296,0,0,0,296
06/30/2022,CLE,OH,AGL,CE,Combined TRACON& Tower with Radar,243,43,22,0,308,0,1,3,0,4,243,44,25,0,312,0,0,0,312
07/01/2022,CLE,OH,AGL,CE,Combined TRACON& Tower with Radar,223,28,17,2,270,0,0,0,0,0,223,28,17,2,270,0,0,0,270
07/02/2022,CLE,OH,AGL,CE,Combined TRACON& Tower with Radar,190,28,9,0,227,0,0,4,0,4,190,28,13,0,231,0,0,0,231
07/03/2022,CLE,OH,AGL,CE,Combined TRACON& Tower with Radar,205,18,6,4,233,0,0,0,0,0,205,18,6,4,233,0,0,0,233
07/04/2022,CLE,OH,AGL,CE,Combined TRACON& Tower with Radar,212,21,3,4,240,0,0,0,0,0,212,21,3,4,240,0,0,0,240
07/05/2022,CLE,OH,AGL,CE,Combined TRACON& Tower with Radar,224,34,18,2,278,0,0,4,0,4,224,34,22,2,282,0,0,0,282
07/06/2022,CLE,OH,AGL,CE,Combined TRACON& Tower with Radar,229,23,25,4,281,0,0,3,0,3,229,23,28,4,284,0,0,0,284
07/07/2022,CLE,OH,AGL,CE,Combined TRACON& Tower with Radar,244,29,17,4,294,0,0,0,5,5,244,29,17,9,299,0,0,0,299
07/08/2022,CLE,OH,AGL,CE,Combined TRACON& Tower with Radar,223,34,11,0,268,0,2,0,0,2,223,36,11,0,270,0,0,0,270
07/09/2022,CLE,OH,AGL,CE,Combined TRACON& Tower with Radar,200,32,3,0,235,0,0,0,0,0,200,32,3,0,235,0,0,0,235
07/10/2022,CLE,OH,AGL,CE,Combined TRACON& Tower with Radar,221,25,5,0,251,0,0,3,0,3,221,25,8,0,254,0,0,0,254
07/11/2022,CLE,OH,AGL,CE,Combined TRACON& Tower with Radar,222,36,18,0,276,0,0,3,0,3,222,36,21,0,279,0,0,0,279
07/12/2022,CLE,OH,AGL,CE,Combined TRACON& Tower with Radar,229,30,15,0,274,0,2,0,0,2,229,32,15,0,276,0,0,0,276
07/13/2022,CLE,OH,AGL,CE,Combined TRACON& Tower with Radar,231,27,14,0,272,0,2,1,0,3,231,29,15,0,275,0,0,0,275
07/14/2022,CLE,OH,AGL,CE,Combined TRACON& Tower with Radar,229,44,10,0,283,0,0,2,0,2,229,44,12,0,285,0,0,0,285
07/15/2022,CLE,OH,AGL,CE,Combined TRACON& Tower with Radar,230,33,18,2,283,0,3,0,0,3,230,36,18,2,286,0,0,0,286
07/16/2022,CLE,OH,AGL,CE,Combined TRACON& Tower with Radar,189,35,14,0,238,0,0,1,0,1,189,35,15,0,239,0,0,0,239
07/17/2022,CLE,OH,AGL,CE,Combined TRACON& Tower with Radar,216,30,10,0,256,0,0,0,0,0,216,30,10,0,256,0,0,0,256
07/18/2022,CLE,OH,AGL,CE,Combined TRACON& Tower with Radar,218,38,24,0,280,0,2,8,0,10,218,40,32,0,290,0,0,0,290
07/19/2022,CLE,OH,AGL,CE,Combined TRACON& Tower with Radar,238,43,24,0,305,0,0,9,0,9,238,43,33,0,314,0,0,0,314
07/20/2022,CLE,OH,AGL,CE,Combined TRACON& Tower with Radar,232,39,26,0,297,0,2,0,0,2,232,41,26,0,299,0,0,0,299
07/21/2022,CLE,OH,AGL,CE,Combined TRACON& Tower with Radar,234,46,17,0,297,0,2,0,0,2,234,48,17,0,299,0,0,0,299
07/22/2022,CLE,OH,AGL,CE,Combined TRACON& Tower with Radar,230,38,16,0,284,0,2,0,0,2,230,40,16,0,286,0,0,0,286
07/23/2022,CLE,OH,AGL,CE,Combined TRACON& Tower with Radar,187,33,10,0,230,0,2,2,0,4,187,35,12,0,234,0,0,0,234
07/24/2022,CLE,OH,AGL,CE,Combined TRACON& Tower with Radar,201,30,16,0,247,0,0,1,0,1,201,30,17,0,248,0,0,0,248
07/25/2022,CLE,OH,AGL,CE,Combined TRACON& Tower with Radar,202,40,21,0,263,0,0,2,0,2,202,40,23,0,265,0,0,0,265
07/26/2022,CLE,OH,AGL,CE,Combined TRACON& Tower with Radar,239,43,22,0,304,0,0,0,0,0,239,43,22,0,304,0,0,0,304
07/27/2022,CLE,OH,AGL,CE,Combined TRACON& Tower with Radar,233,49,28,0,310,0,0,0,0,0,233,49,28,0,310,0,0,0,310
07/28/2022,CLE,OH,AGL,CE,Combined TRACON& Tower with Radar,232,38,29,0,299,0,2,2,0,4,232,40,31,0,303,0,0,0,303
07/29/2022,CLE,OH,AGL,CE,Combined TRACON& Tower with Radar,231,43,12,0,286,0,3,2,0,5,231,46,14,0,291,0,0,0,291
07/30/2022,CLE,OH,AGL,CE,Combined TRACON& Tower with Radar,200,28,13,0,241,0,0,0,0,0,200,28,13,0,241,0,0,0,241
07/31/2022,CLE,OH,AGL,CE,Combined TRACON& Tower with Radar,213,27,5,2,247,0,2,5,0,7,213,29,10,2,254,0,0,0,254
08/01/2022,CLE,OH,AGL,CE,Combined TRACON& Tower with Radar,216,44,22,0,282,0,0,2,0,2,216,44,24,0,284,0,0,0,284
08/02/2022,CLE,OH,AGL,CE,Combined TRACON& Tower with Radar,235,31,11,1,278,0,2,0,0,2,235,33,11,1,280,0,0,0,280
08/03/2022,CLE,OH,AGL,CE,Combined TRACON& Tower with Radar,230,34,12,2,278,0,0,5,0,5,230,34,17,2,283,0,0,0,283
08/04/2022,CLE,OH,AGL,CE,Combined TRACON& Tower with Radar,225,43,18,1,287,0,4,1,0,5,225,47,19,1,292,0,0,0,292
08/05/2022,CLE,OH,AGL,CE,Combined TRACON& Tower with Radar,208,35,21,0,264,0,0,2,0,2,208,35,23,0,266,0,0,0,266
08/06/2022,CLE,OH,AGL,CE,Combined TRACON& Tower with Radar,190,35,12,0,237,0,4,2,0,6,190,39,14,0,243,0,0,0,243
08/07/2022,CLE,OH,AGL,CE,Combined TRACON& Tower with Radar,201,21,21,0,243,0,0,2,0,2,201,21,23,0,245,0,0,0,245
08/08/2022,CLE,OH,AGL,CE,Combined TRACON& Tower with Radar,215,26,12,0,253,0,2,2,0,4,215,28,14,0,257,0,0,0,257
08/09/2022,CLE,OH,AGL,CE,Combined TRACON& Tower with Radar,220,37,23,0,280,0,2,1,0,3,220,39,24,0,283,0,0,0,283
08/10/2022,CLE,OH,AGL,CE,Combined TRACON& Tower with Radar,223,26,10,0,259,0,0,4,0,4,223,26,14,0,263,0,0,0,263
08/11/2022,CLE,OH,AGL,CE,Combined TRACON& Tower with Radar,221,48,22,0,291,0,3,4,0,7,221,51,26,0,298,0,0,0,298
08/12/2022,CLE,OH,AGL,CE,Combined TRACON& Tower with Radar,216,34,18,0,268,0,2,5,0,7,216,36,23,0,275,0,0,0,275
08/13/2022,CLE,OH,AGL,CE,Combined TRACON& Tower with Radar,198,30,6,0,234,0,0,6,0,6,198,30,12,0,240,0,0,0,240
08/14/2022,CLE,OH,AGL,CE,Combined TRACON& Tower with Radar,215,34,10,0,259,0,0,5,0,5,215,34,15,0,264,0,0,0,264
08/15/2022,CLE,OH,AGL,CE,Combined TRACON& Tower with Radar,211,30,16,0,257,0,0,5,0,5,211,30,21,0,262,0,0,0,262
08/16/2022,CLE,OH,AGL,CE,Combined TRACON& Tower with Radar,224,34,23,0,281,0,0,0,0,0,224,34,23,0,281,0,0,0,281
08/17/2022,CLE,OH,AGL,CE,Combined TRACON& Tower with Radar,227,31,10,0,268,0,4,3,0,7,227,35,13,0,275,0,0,0,275
08/18/2022,CLE,OH,AGL,CE,Combined TRACON& Tower with Radar,226,32,33,2,293,0,0,0,0,0,226,32,33,2,293,0,0,0,293
08/19/2022,CLE,OH,AGL,CE,Combined TRACON& Tower with Radar,227,35,10,0,272,0,0,2,0,2,227,35,12,0,274,0,0,0,274
08/20/2022,CLE,OH,AGL,CE,Combined TRACON& Tower with Radar,191,27,7,0,225,0,0,4,0,4,191,27,11,0,229,0,0,0,229
08/21/2022,CLE,OH,AGL,CE,Combined TRACON& Tower with Radar,213,22,9,0,244,0,0,0,0,0,213,22,9,0,244,0,0,0,244
08/22/2022,CLE,OH,AGL,CE,Combined TRACON& Tower with Radar,198,21,25,0,244,0,0,2,0,2,198,21,27,0,246,0,0,0,246
08/23/2022,CLE,OH,AGL,CE,Combined TRACON& Tower with Radar,238,48,33,4,323,0,2,4,0,6,238,50,37,4,329,0,0,0,329
08/24/2022,CLE,OH,AGL,CE,Combined TRACON& Tower with Radar,226,42,15,0,283,0,6,8,0,14,226,48,23,0,297,0,0,0,297
08/25/2022,CLE,OH,AGL,CE,Combined TRACON& Tower with Radar,230,29,28,0,287,0,2,0,0,2,230,31,28,0,289,0,0,0,289
08/26/2022,CLE,OH,AGL,CE,Combined TRACON& Tower with Radar,227,30,27,2,286,0,0,0,0,0,227,30,27,2,286,0,0,0,286
08/27/2022,CLE,OH,AGL,CE,Combined TRACON& Tower with Radar,200,31,5,0,236,0,0,2,0,2,200,31,7,0,238,0,0,0,238
08/28/2022,CLE,OH,AGL,CE,Combined TRACON& Tower with Radar,207,30,12,0,249,0,2,0,0,2,207,32,12,0,251,0,0,0,251
08/29/2022,CLE,OH,AGL,CE,Combined TRACON& Tower with Radar,216,26,21,2,265,0,0,0,0,0,216,26,21,2,265,0,0,0,265
08/30/2022,CLE,OH,AGL,CE,Combined TRACON& Tower with Radar,214,32,24,0,270,0,3,0,0,3,214,35,24,0,273,0,0,0,273
08/31/2022,CLE,OH,AGL,CE,Combined TRACON& Tower with Radar,224,41,24,1,290,0,1,3,2,6,224,42,27,3,296,0,0,0,296
09/01/2022,CLE,OH,AGL,CE,Combined TRACON& Tower with Radar,225,57,27,1,310,0,6,1,1,8,225,63,28,2,318,0,0,0,318
09/02/2022,CLE,OH,AGL,CE,Combined TRACON& Tower with Radar,225,47,20,1,293,0,1,6,6,13,225,48,26,7,306,0,0,0,306
09/03/2022,CLE,OH,AGL,CE,Combined TRACON& Tower with Radar,189,35,9,1,234,0,6,1,5,12,189,41,10,6,246,0,0,0,246
09/04/2022,CLE,OH,AGL,CE,Combined TRACON& Tower with Radar,181,24,13,0,218,0,0,0,6,6,181,24,13,6,224,0,0,0,224
09/05/2022,CLE,OH,AGL,CE,Combined TRACON& Tower with Radar,207,41,13,0,261,0,0,0,0,0,207,41,13,0,261,0,0,0,261
09/06/2022,CLE,OH,AGL,CE,Combined TRACON& Tower with Radar,225,34,19,2,280,0,2,1,0,3,225,36,20,2,283,0,0,0,283
09/07/2022,CLE,OH,AGL,CE,Combined TRACON& Tower with Radar,221,37,21,0,279,0,0,2,0,2,221,37,23,0,281,0,0,0,281
09/08/2022,CLE,OH,AGL,CE,Combined TRACON& Tower with Radar,235,40,15,0,290,0,2,2,0,4,235,42,17,0,294,0,0,0,294
09/09/2022,CLE,OH,AGL,CE,Combined TRACON& Tower with Radar,233,31,17,0,281,0,0,3,0,3,233,31,20,0,284,0,0,0,284
09/10/2022,CLE,OH,AGL,CE,Combined TRACON& Tower with Radar,198,42,5,0,245,0,5,7,0,12,198,47,12,0,257,0,0,0,257
09/11/2022,CLE,OH,AGL,CE,Combined TRACON& Tower with Radar,224,34,23,1,282,0,2,0,0,2,224,36,23,1,284,0,0,0,284
09/12/2022,CLE,OH,AGL,CE,Combined TRACON& Tower with Radar,235,33,23,0,291,0,0,0,0,0,235,33,23,0,291,0,0,0,291
09/13/2022,CLE,OH,AGL,CE,Combined TRACON& Tower with Radar,228,59,20,0,307,0,2,2,0,4,228,61,22,0,311,0,0,0,311
09/14/2022,CLE,OH,AGL,CE,Combined TRACON& Tower with Radar,234,52,36,0,322,0,6,3,0,9,234,58,39,0,331,0,0,0,331
09/15/2022,CLE,OH,AGL,CE,Combined TRACON& Tower with Radar,239,53,25,0,317,0,0,4,0,4,239,53,29,0,321,0,0,0,321
09/16/2022,CLE,OH,AGL,CE,Combined TRACON& Tower with Radar,234,34,36,1,305,0,2,3,0,5,234,36,39,1,310,0,0,0,310
09/17/2022,CLE,OH,AGL,CE,Combined TRACON& Tower with Radar,191,33,10,0,234,0,0,2,0,2,191,33,12,0,236,0,0,0,236
09/18/2022,CLE,OH,AGL,CE,Combined TRACON& Tower with Radar,220,40,30,1,291,0,4,3,0,7,220,44,33,1,298,0,0,0,298
09/19/2022,CLE,OH,AGL,CE,Combined TRACON& Tower with Radar,225,31,20,0,276,0,8,0,0,8,225,39,20,0,284,0,0,0,284
09/20/2022,CLE,OH,AGL,CE,Combined TRACON& Tower with Radar,227,32,15,0,274,0,2,5,0,7,227,34,20,0,281,0,0,0,281
09/21/2022,CLE,OH,AGL,CE,Combined TRACON& Tower with Radar,225,37,27,0,289,0,4,5,0,9,225,41,32,0,298,0,0,0,298
09/22/2022,CLE,OH,AGL,CE,Combined TRACON& Tower with Radar,228,39,23,0,290,0,0,0,0,0,228,39,23,0,290,0,0,0,290
09/23/2022,CLE,OH,AGL,CE,Combined TRACON& Tower with Radar,238,51,24,0,313,0,0,3,0,3,238,51,27,0,316,0,0,0,316
09/24/2022,CLE,OH,AGL,CE,Combined TRACON& Tower with Radar,191,30,8,0,229,0,2,1,0,3,191,32,9,0,232,0,0,0,232
09/25/2022,CLE,OH,AGL,CE,Combined TRACON& Tower with Radar,214,34,15,0,263,0,0,0,0,0,214,34,15,0,263,0,0,0,263
09/26/2022,CLE,OH,AGL,CE,Combined TRACON& Tower with Radar,235,32,30,1,298,0,2,0,1,3,235,34,30,2,301,0,0,0,301
09/27/2022,CLE,OH,AGL,CE,Combined TRACON& Tower with Radar,228,44,30,1,303,0,2,0,0,2,228,46,30,1,305,0,0,0,305
09/28/2022,CLE,OH,AGL,CE,Combined TRACON& Tower with Radar,211,45,21,2,279,0,0,1,0,1,211,45,22,2,280,0,0,0,280
09/29/2022,CLE,OH,AGL,CE,Combined TRACON& Tower with Radar,226,42,20,0,288,0,3,0,0,3,226,45,20,0,291,0,0,0,291
09/30/2022,CLE,OH,AGL,CE,Combined TRACON& Tower with Radar,214,31,25,2,272,0,2,5,0,7,214,33,30,2,279,0,0,0,279
10/01/2022,CLE,OH,AGL,CE,Combined TRACON& Tower with Radar,180,22,6,0,208,0,0,0,0,0,180,22,6,0,208,0,0,0,208
10/02/2022,CLE,OH,AGL,CE,Combined TRACON& Tower with Radar,219,30,16,1,266,0,3,0,0,3,219,33,16,1,269,0,0,0,269
10/03/2022,CLE,OH,AGL,CE,Combined TRACON& Tower with Radar,232,42,27,2,303,0,0,3,0,3,232,42,30,2,306,0,0,0,306
10/04/2022,CLE,OH,AGL,CE,Combined TRACON& Tower with Radar,226,43,21,2,292,0,2,0,0,2,226,45,21,2,294,0,0,0,294
10/05/2022,CLE,OH,AGL,CE,Combined TRACON& Tower with Radar,236,36,27,0,299,0,5,0,0,5,236,41,27,0,304,0,0,0,304
10/06/2022,CLE,OH,AGL,CE,Combined TRACON& Tower with Radar,234,50,18,4,306,0,0,2,0,2,234,50,20,4,308,0,0,0,308
10/07/2022,CLE,OH,AGL,CE,Combined TRACON& Tower with Radar,231,39,21,0,291,0,2,1,0,3,231,41,22,0,294,0,0,0,294
10/08/2022,CLE,OH,AGL,CE,Combined TRACON& Tower with Radar,203,22,2,0,227,0,3,0,0,3,203,25,2,0,230,0,0,0,230
10/09/2022,CLE,OH,AGL,CE,Combined TRACON& Tower with Radar,228,31,18,0,277,0,2,4,0,6,228,33,22,0,283,0,0,0,283
10/10/2022,CLE,OH,AGL,CE,Combined TRACON& Tower with Radar,235,29,12,0,276,0,0,4,0,4,235,29,16,0,280,0,0,0,280
10/11/2022,CLE,OH,AGL,CE,Combined TRACON& Tower with Radar,228,38,16,0,282,0,0,0,0,0,228,38,16,0,282,0,0,0,282
10/12/2022,CLE,OH,AGL,CE,Combined TRACON& Tower with Radar,227,42,26,0,295,0,0,0,0,0,227,42,26,0,295,0,0,0,295
10/13/2022,CLE,OH,AGL,CE,Combined TRACON& Tower with Radar,242,32,18,0,292,0,2,0,0,2,242,34,18,0,294,0,0,0,294
10/14/2022,CLE,OH,AGL,CE,Combined TRACON& Tower with Radar,239,32,18,1,290,0,0,0,0,0,239,32,18,1,290,0,0,0,290
10/15/2022,CLE,OH,AGL,CE,Combined TRACON& Tower with Radar,201,26,4,1,232,0,2,0,0,2,201,28,4,1,234,0,0,0,234
10/16/2022,CLE,OH,AGL,CE,Combined TRACON& Tower with Radar,218,38,23,1,280,0,0,0,1,1,218,38,23,2,281,0,0,0,281
10/17/2022,CLE,OH,AGL,CE,Combined TRACON& Tower with Radar,227,44,25,1,297,0,2,2,0,4,227,46,27,1,301,0,0,0,301
10/18/2022,CLE,OH,AGL,CE,Combined TRACON& Tower with Radar,235,41,27,0,303,0,0,0,0,0,235,41,27,0,303,0,0,0,303
10/19/2022,CLE,OH,AGL,CE,Combined TRACON& Tower with Radar,227,26,16,0,269,0,2,0,0,2,227,28,16,0,271,0,0,0,271
10/20/2022,CLE,OH,AGL,CE,Combined TRACON& Tower with Radar,233,47,18,0,298,0,3,0,0,3,233,50,18,0,301,0,0,0,301
10/21/2022,CLE,OH,AGL,CE,Combined TRACON& Tower with Radar,229,39,19,0,287,0,2,0,0,2,229,41,19,0,289,0,0,0,289
10/22/2022,CLE,OH,AGL,CE,Combined TRACON& Tower with Radar,204,21,4,0,229,0,0,2,0,2,204,21,6,0,231,0,0,0,231
10/23/2022,CLE,OH,AGL,CE,Combined TRACON& Tower with Radar,215,46,14,0,275,0,0,1,0,1,215,46,15,0,276,0,0,0,276
10/24/2022,CLE,OH,AGL,CE,Combined TRACON& Tower with Radar,225,39,25,0,289,0,2,0,0,2,225,41,25,0,291,0,0,0,291
10/25/2022,CLE,OH,AGL,CE,Combined TRACON& Tower with Radar,210,40,33,0,283,0,0,2,0,2,210,40,35,0,285,0,0,0,285
10/26/2022,CLE,OH,AGL,CE,Combined TRACON& Tower with Radar,229,33,30,0,292,0,1,2,0,3,229,34,32,0,295,0,0,0,295
10/27/2022,CLE,OH,AGL,CE,Combined TRACON& Tower with Radar,237,31,21,2,291,0,1,1,0,2,237,32,22,2,293,0,0,0,293
10/28/2022,CLE,OH,AGL,CE,Combined TRACON& Tower with Radar,229,38,11,0,278,0,4,0,0,4,229,42,11,0,282,0,0,0,282
10/29/2022,CLE,OH,AGL,CE,Combined TRACON& Tower with Radar,211,25,4,0,240,0,4,1,0,5,211,29,5,0,245,0,0,0,245
10/30/2022,CLE,OH,AGL,CE,Combined TRACON& Tower with Radar,213,30,11,0,254,0,0,2,0,2,213,30,13,0,256,0,0,0,256
10/31/2022,CLE,OH,AGL,CE,Combined TRACON& Tower with Radar,209,27,15,0,251,0,0,0,0,0,209,27,15,0,251,0,0,0,251
11/01/2022,CLE,OH,AGL,CE,Combined TRACON& Tower with Radar,230,37,18,0,285,0,0,0,0,0,230,37,18,0,285,0,0,0,285
11/02/2022,CLE,OH,AGL,CE,Combined TRACON& Tower with Radar,236,34,32,0,302,0,1,2,0,3,236,35,34,0,305,0,0,0,305
11/03/2022,CLE,OH,AGL,CE,Combined TRACON& Tower with Radar,239,41,38,0,318,0,0,2,0,2,239,41,40,0,320,0,0,0,320
11/04/2022,CLE,OH,AGL,CE,Combined TRACON& Tower with Radar,227,41,16,0,284,0,2,0,0,2,227,43,16,0,286,0,0,0,286
11/05/2022,CLE,OH,AGL,CE,Combined TRACON& Tower with Radar,188,29,8,0,225,0,0,0,0,0,188,29,8,0,225,0,0,0,225
11/06/2022,CLE,OH,AGL,CE,Combined TRACON& Tower with Radar,208,28,17,0,253,0,0,0,0,0,208,28,17,0,253,0,0,0,253
11/07/2022,CLE,OH,AGL,CE,Combined TRACON& Tower with Radar,221,23,19,0,263,0,2,0,0,2,221,25,19,0,265,0,0,0,265
11/08/2022,CLE,OH,AGL,CE,Combined TRACON& Tower with Radar,225,27,39,0,291,0,2,6,0,8,225,29,45,0,299,0,0,0,299
11/09/2022,CLE,OH,AGL,CE,Combined TRACON& Tower with Radar,233,41,15,0,289,0,0,0,0,0,233,41,15,0,289,0,0,0,289
11/10/2022,CLE,OH,AGL,CE,Combined TRACON& Tower with Radar,219,42,19,2,282,0,0,1,0,1,219,42,20,2,283,0,0,0,283
11/11/2022,CLE,OH,AGL,CE,Combined TRACON& Tower with Radar,232,35,27,0,294,0,0,0,0,0,232,35,27,0,294,0,0,0,294
11/12/2022,CLE,OH,AGL,CE,Combined TRACON& Tower with Radar,202,29,5,0,236,0,0,0,0,0,202,29,5,0,236,0,0,0,236
11/13/2022,CLE,OH,AGL,CE,Combined TRACON& Tower with Radar,212,23,10,0,245,0,0,0,0,0,212,23,10,0,245,0,0,0,245
11/14/2022,CLE,OH,AGL,CE,Combined TRACON& Tower with Radar,225,50,17,0,292,0,2,1,0,3,225,52,18,0,295,0,0,0,295
11/15/2022,CLE,OH,AGL,CE,Combined TRACON& Tower with Radar,237,37,14,0,288,0,2,0,0,2,237,39,14,0,290,0,0,0,290
11/16/2022,CLE,OH,AGL,CE,Combined TRACON& Tower with Radar,236,31,25,0,292,0,4,0,0,4,236,35,25,0,296,0,0,0,296
11/17/2022,CLE,OH,AGL,CE,Combined TRACON& Tower with Radar,232,41,19,0,292,0,0,0,0,0,232,41,19,0,292,0,0,0,292
11/18/2022,CLE,OH,AGL,CE,Combined TRACON& Tower with Radar,236,41,11,0,288,0,2,0,0,2,236,43,11,0,290,0,0,0,290
11/19/2022,CLE,OH,AGL,CE,Combined TRACON& Tower with Radar,205,39,12,2,258,0,0,2,0,2,205,39,14,2,260,0,0,0,260
11/20/2022,CLE,OH,AGL,CE,Combined TRACON& Tower with Radar,219,30,14,0,263,0,2,0,0,2,219,32,14,0,265,0,0,0,265
11/21/2022,CLE,OH,AGL,CE,Combined TRACON& Tower with Radar,229,38,12,0,279,0,0,1,0,1,229,38,13,0,280,0,0,0,280
11/22/2022,CLE,OH,AGL,CE,Combined TRACON& Tower with Radar,240,45,12,0,297,0,2,0,0,2,240,47,12,0,299,0,0,0,299
11/23/2022,CLE,OH,AGL,CE,Combined TRACON& Tower with Radar,230,33,9,0,272,0,2,4,0,6,230,35,13,0,278,0,0,0,278
11/24/2022,CLE,OH,AGL,CE,Combined TRACON& Tower with Radar,163,13,0,0,176,0,2,0,0,2,163,15,0,0,178,0,0,0,178
11/25/2022,CLE,OH,AGL,CE,Combined TRACON& Tower with Radar,187,22,13,0,222,0,2,0,0,2,187,24,13,0,224,0,0,0,224
11/26/2022,CLE,OH,AGL,CE,Combined TRACON& Tower with Radar,207,36,11,0,254,0,0,3,0,3,207,36,14,0,257,0,0,0,257
11/27/2022,CLE,OH,AGL,CE,Combined TRACON& Tower with Radar,212,29,14,0,255,0,0,0,0,0,212,29,14,0,255,0,0,0,255
11/28/2022,CLE,OH,AGL,CE,Combined TRACON& Tower with Radar,226,35,18,0,279,0,2,0,1,3,226,37,18,1,282,0,0,0,282
11/29/2022,CLE,OH,AGL,CE,Combined TRACON& Tower with Radar,240,36,18,0,294,0,0,2,0,2,240,36,20,0,296,0,0,0,296
11/30/2022,CLE,OH,AGL,CE,Combined TRACON& Tower with Radar,238,30,14,0,282,0,0,0,0,0,238,30,14,0,282,0,0,0,282
12/01/2022,CLE,OH,AGL,CE,Combined TRACON& Tower with Radar,237,48,21,0,306,0,0,2,0,2,237,48,23,0,308,0,0,0,308
12/02/2022,CLE,OH,AGL,CE,Combined TRACON& Tower with Radar,233,23,13,0,269,0,0,2,0,2,233,23,15,0,271,0,0,0,271
12/03/2022,CLE,OH,AGL,CE,Combined TRACON& Tower with Radar,196,28,7,0,231,0,0,4,0,4,196,28,11,0,235,0,0,0,235
12/04/2022,CLE,OH,AGL,CE,Combined TRACON& Tower with Radar,220,40,16,0,276,0,0,4,0,4,220,40,20,0,280,0,0,0,280
12/05/2022,CLE,OH,AGL,CE,Combined TRACON& Tower with Radar,228,42,22,0,292,0,0,4,0,4,228,42,26,0,296,0,0,0,296
12/06/2022,CLE,OH,AGL,CE,Combined TRACON& Tower with Radar,235,42,23,0,300,0,0,0,0,0,235,42,23,0,300,0,0,0,300
12/07/2022,CLE,OH,AGL,CE,Combined TRACON& Tower with Radar,240,33,27,0,300,0,0,0,0,0,240,33,27,0,300,0,0,0,300
12/08/2022,CLE,OH,AGL,CE,Combined TRACON& Tower with Radar,241,31,26,0,298,0,0,0,0,0,241,31,26,0,298,0,0,0,298
12/09/2022,CLE,OH,AGL,CE,Combined TRACON& Tower with Radar,232,29,30,0,291,0,2,5,0,7,232,31,35,0,298,0,0,0,298
12/10/2022,CLE,OH,AGL,CE,Combined TRACON& Tower with Radar,198,27,4,0,229,0,0,3,0,3,198,27,7,0,232,0,0,0,232
12/11/2022,CLE,OH,AGL,CE,Combined TRACON& Tower with Radar,218,27,10,0,255,0,0,0,0,0,218,27,10,0,255,0,0,0,255
12/12/2022,CLE,OH,AGL,CE,Combined TRACON& Tower with Radar,222,32,19,0,273,0,0,0,0,0,222,32,19,0,273,0,0,0,273
12/13/2022,CLE,OH,AGL,CE,Combined TRACON& Tower with Radar,235,25,20,0,280,0,0,0,0,0,235,25,20,0,280,0,0,0,280
12/14/2022,CLE,OH,AGL,CE,Combined TRACON& Tower with Radar,230,41,14,0,285,0,2,2,0,4,230,43,16,0,289,0,0,0,289
12/15/2022,CLE,OH,AGL,CE,Combined TRACON& Tower with Radar,233,31,31,0,295,0,0,0,0,0,233,31,31,0,295,0,0,0,295
12/16/2022,CLE,OH,AGL,CE,Combined TRACON& Tower with Radar,233,44,33,0,310,0,2,0,0,2,233,46,33,0,312,0,0,0,312
12/17/2022,CLE,OH,AGL,CE,Combined TRACON& Tower with Radar,209,22,12,0,243,0,0,0,0,0,209,22,12,0,243,0,0,0,243
12/18/2022,CLE,OH,AGL,CE,Combined TRACON& Tower with Radar,208,22,13,0,243,0,0,0,0,0,208,22,13,0,243,0,0,0,243
12/19/2022,CLE,OH,AGL,CE,Combined TRACON& Tower with Radar,224,33,11,0,268,0,0,0,0,0,224,33,11,0,268,0,0,0,268
12/20/2022,CLE,OH,AGL,CE,Combined TRACON& Tower with Radar,224,20,15,0,259,0,0,5,0,5,224,20,20,0,264,0,0,0,264
12/21/2022,CLE,OH,AGL,CE,Combined TRACON& Tower with Radar,229,39,20,0,288,0,4,5,0,9,229,43,25,0,297,0,0,0,297
12/22/2022,CLE,OH,AGL,CE,Combined TRACON& Tower with Radar,193,54,16,0,263,0,0,0,0,0,193,54,16,0,263,0,0,0,263
12/23/2022,CLE,OH,AGL,CE,Combined TRACON& Tower with Radar,22,14,5,0,41,0,0,0,0,0,22,14,5,0,41,0,0,0,41
12/24/2022,CLE,OH,AGL,CE,Combined TRACON& Tower with Radar,87,22,19,0,128,0,0,0,0,0,87,22,19,0,128,0,0,0,128
12/25/2022,CLE,OH,AGL,CE,Combined TRACON& Tower with Radar,120,26,1,0,147,0,0,0,0,0,120,26,1,0,147,0,0,0,147
12/26/2022,CLE,OH,AGL,CE,Combined TRACON& Tower with Radar,156,49,9,0,214,0,4,0,0,4,156,53,9,0,218,0,0,0,218
12/27/2022,CLE,OH,AGL,CE,Combined TRACON& Tower with Radar,186,48,24,0,258,0,1,0,0,1,186,49,24,0,259,0,0,0,259
12/28/2022,CLE,OH,AGL,CE,Combined TRACON& Tower with Radar,182,36,14,0,232,0,0,0,0,0,182,36,14,0,232,0,0,0,232
12/29/2022,CLE,OH,AGL,CE,Combined TRACON& Tower with Radar,179,22,8,0,209,0,1,0,0,1,179,23,8,0,210,0,0,0,210
12/30/2022,CLE,OH,AGL,CE,Combined TRACON& Tower with Radar,195,25,9,0,229,0,2,0,0,2,195,27,9,0,231,0,0,0,231
12/31/2022,CLE,OH,AGL,CE,Combined TRACON& Tower with Radar,180,20,6,0,206,0,0,0,0,0,180,20,6,0,206,0,0,0,206
01/01/2023,CLE,OH,AGL,CE,Combined TRACON& Tower with Radar,170,20,3,0,193,0,0,0,0,0,170,20,3,0,193,0,0,0,193
01/02/2023,CLE,OH,AGL,CE,Combined TRACON& Tower with Radar,181,37,22,0,240,0,0,0,0,0,181,37,22,0,240,0,0,0,240
01/03/2023,CLE,OH,AGL,CE,Combined TRACON& Tower with Radar,194,45,12,0,251,0,0,0,0,0,194,45,12,0,251,0,0,0,251
01/04/2023,CLE,OH,AGL,CE,Combined TRACON& Tower with Radar,197,37,20,0,254,0,2,0,0,2,197,39,20,0,256,0,0,0,256
01/05/2023,CLE,OH,AGL,CE,Combined TRACON& Tower with Radar,198,30,12,0,240,0,0,3,0,3,198,30,15,0,243,0,0,0,243
01/06/2023,CLE,OH,AGL,CE,Combined TRACON& Tower with Radar,200,24,16,0,240,0,0,1,0,1,200,24,17,0,241,0,0,0,241
01/07/2023,CLE,OH,AGL,CE,Combined TRACON& Tower with Radar,184,32,3,0,219,0,0,0,0,0,184,32,3,0,219,0,0,0,219
01/08/2023,CLE,OH,AGL,CE,Combined TRACON& Tower with Radar,199,21,9,0,229,0,4,2,0,6,199,25,11,0,235,0,0,0,235
01/09/2023,CLE,OH,AGL,CE,Combined TRACON& Tower with Radar,217,17,14,0,248,0,0,0,0,0,217,17,14,0,248,0,0,0,248
01/10/2023,CLE,OH,AGL,CE,Combined TRACON& Tower with Radar,237,23,19,0,279,0,0,0,0,0,237,23,19,0,279,0,0,0,279
01/11/2023,CLE,OH,AGL,CE,Combined TRACON& Tower with Radar,212,30,12,0,254,0,2,2,0,4,212,32,14,0,258,0,0,0,258
01/12/2023,CLE,OH,AGL,CE,Combined TRACON& Tower with Radar,238,64,29,0,331,0,0,0,0,0,238,64,29,0,331,0,0,0,331
01/13/2023,CLE,OH,AGL,CE,Combined TRACON& Tower with Radar,241,41,18,0,300,0,0,0,0,0,241,41,18,0,300,0,0,0,300
01/14/2023,CLE,OH,AGL,CE,Combined TRACON& Tower with Radar,198,22,7,0,227,0,0,2,0,2,198,22,9,0,229,0,0,0,229
01/15/2023,CLE,OH,AGL,CE,Combined TRACON& Tower with Radar,205,26,11,0,242,0,0,2,0,2,205,26,13,0,244,0,0,0,244
01/16/2023,CLE,OH,AGL,CE,Combined TRACON& Tower with Radar,235,44,28,0,307,0,0,2,0,2,235,44,30,0,309,0,0,0,309
01/17/2023,CLE,OH,AGL,CE,Combined TRACON& Tower with Radar,242,41,25,0,308,0,0,0,0,0,242,41,25,0,308,0,0,0,308
01/18/2023,CLE,OH,AGL,CE,Combined TRACON& Tower with Radar,240,40,24,0,304,0,0,0,0,0,240,40,24,0,304,0,0,0,304
01/19/2023,CLE,OH,AGL,CE,Combined TRACON& Tower with Radar,239,38,23,0,300,0,2,0,0,2,239,40,23,0,302,0,0,0,302
01/20/2023,CLE,OH,AGL,CE,Combined TRACON& Tower with Radar,249,34,11,0,294,0,0,0,0,0,249,34,11,0,294,0,0,0,294
01/21/2023,CLE,OH,AGL,CE,Combined TRACON& Tower with Radar,201,29,11,0,241,0,0,0,0,0,201,29,11,0,241,0,0,0,241
01/22/2023,CLE,OH,AGL,CE,Combined TRACON& Tower with Radar,214,28,23,0,265,0,0,0,0,0,214,28,23,0,265,0,0,0,265
01/23/2023,CLE,OH,AGL,CE,Combined TRACON& Tower with Radar,230,27,18,0,275,0,0,0,0,0,230,27,18,0,275,0,0,0,275
01/24/2023,CLE,OH,AGL,CE,Combined TRACON& Tower with Radar,242,37,13,0,292,0,2,0,0,2,242,39,13,0,294,0,0,0,294
01/25/2023,CLE,OH,AGL,CE,Combined TRACON& Tower with Radar,224,42,30,0,296,0,0,0,0,0,224,42,30,0,296,0,0,0,296
01/26/2023,CLE,OH,AGL,CE,Combined TRACON& Tower with Radar,246,51,25,0,322,0,0,0,0,0,246,51,25,0,322,0,0,0,322
01/27/2023,CLE,OH,AGL,CE,Combined TRACON& Tower with Radar,240,43,12,0,295,0,0,0,0,0,240,43,12,0,295,0,0,0,295
01/28/2023,CLE,OH,AGL,CE,Combined TRACON& Tower with Radar,201,32,10,0,243,0,0,5,0,5,201,32,15,0,248,0,0,0,248
01/29/2023,CLE,OH,AGL,CE,Combined TRACON& Tower with Radar,228,29,9,0,266,0,0,0,0,0,228,29,9,0,266,0,0,0,266
01/30/2023,CLE,OH,AGL,CE,Combined TRACON& Tower with Radar,229,37,18,0,284,0,0,0,0,0,229,37,18,0,284,0,0,0,284
01/31/2023,CLE,OH,AGL,CE,Combined TRACON& Tower with Radar,228,22,20,0,270,0,2,3,0,5,228,24,23,0,275,0,0,0,275
02/01/2023,CLE,OH,AGL,CE,Combined TRACON& Tower with Radar,217,15,20,0,252,0,2,0,0,2,217,17,20,0,254,0,0,0,254
02/02/2023,CLE,OH,AGL,CE,Combined TRACON& Tower with Radar,235,19,18,0,272,0,0,0,0,0,235,19,18,0,272,0,0,0,272
02/03/2023,CLE,OH,AGL,CE,Combined TRACON& Tower with Radar,235,29,10,0,274,0,0,0,0,0,235,29,10,0,274,0,0,0,274
02/04/2023,CLE,OH,AGL,CE,Combined TRACON& Tower with Radar,200,29,5,0,234,0,2,2,0,4,200,31,7,0,238,0,0,0,238
02/05/2023,CLE,OH,AGL,CE,Combined TRACON& Tower with Radar,210,29,9,0,248,0,0,0,0,0,210,29,9,0,248,0,0,0,248
02/06/2023,CLE,OH,AGL,CE,Combined TRACON& Tower with Radar,234,32,14,0,280,0,0,2,0,2,234,32,16,0,282,0,0,0,282
02/07/2023,CLE,OH,AGL,CE,Combined TRACON& Tower with Radar,235,34,20,1,290,0,0,0,0,0,235,34,20,1,290,0,0,0,290
02/08/2023,CLE,OH,AGL,CE,Combined TRACON& Tower with Radar,228,37,17,0,282,0,4,2,0,6,228,41,19,0,288,0,0,0,288
02/09/2023,CLE,OH,AGL,CE,Combined TRACON& Tower with Radar,236,32,14,0,282,0,0,0,0,0,236,32,14,0,282,0,0,0,282
02/10/2023,CLE,OH,AGL,CE,Combined TRACON& Tower with Radar,230,31,20,0,281,0,0,0,0,0,230,31,20,0,281,0,0,0,281
02/11/2023,CLE,OH,AGL,CE,Combined TRACON& Tower with Radar,197,20,3,0,220,0,0,0,0,0,197,20,3,0,220,0,0,0,220
02/12/2023,CLE,OH,AGL,CE,Combined TRACON& Tower with Radar,212,19,3,0,234,0,0,2,0,2,212,19,5,0,236,0,0,0,236
02/13/2023,CLE,OH,AGL,CE,Combined TRACON& Tower with Radar,224,25,17,0,266,0,0,4,0,4,224,25,21,0,270,0,0,0,270
02/14/2023,CLE,OH,AGL,CE,Combined TRACON& Tower with Radar,232,29,21,0,282,0,0,2,0,2,232,29,23,0,284,0,0,0,284
02/15/2023,CLE,OH,AGL,CE,Combined TRACON& Tower with Radar,225,37,25,0,287,0,0,2,0,2,225,37,27,0,289,0,0,0,289
02/16/2023,CLE,OH,AGL,CE,Combined TRACON& Tower with Radar,232,47,26,0,305,0,0,0,0,0,232,47,26,0,305,0,0,0,305
02/17/2023,CLE,OH,AGL,CE,Combined TRACON& Tower with Radar,233,33,18,0,284,0,0,0,0,0,233,33,18,0,284,0,0,0,284
02/18/2023,CLE,OH,AGL,CE,Combined TRACON& Tower with Radar,191,25,5,0,221,0,0,4,0,4,191,25,9,0,225,0,0,0,225
02/19/2023,CLE,OH,AGL,CE,Combined TRACON& Tower with Radar,210,21,12,0,243,0,0,0,0,0,210,21,12,0,243,0,0,0,243
02/20/2023,CLE,OH,AGL,CE,Combined TRACON& Tower with Radar,228,40,24,0,292,0,0,3,0,3,228,40,27,0,295,0,0,0,295
02/21/2023,CLE,OH,AGL,CE,Combined TRACON& Tower with Radar,238,30,19,1,288,0,0,4,1,5,238,30,23,2,293,0,0,0,293
02/22/2023,CLE,OH,AGL,CE,Combined TRACON& Tower with Radar,220,41,11,1,273,0,0,0,0,0,220,41,11,1,273,0,0,0,273
02/23/2023,CLE,OH,AGL,CE,Combined TRACON& Tower with Radar,238,45,18,1,302,0,0,0,0,0,238,45,18,1,302,0,0,0,302
02/24/2023,CLE,OH,AGL,CE,Combined TRACON& Tower with Radar,235,28,15,0,278,0,0,3,0,3,235,28,18,0,281,0,0,0,281
02/25/2023,CLE,OH,AGL,CE,Combined TRACON& Tower with Radar,205,27,8,0,240,0,4,6,0,10,205,31,14,0,250,0,0,0,250
02/26/2023,CLE,OH,AGL,CE,Combined TRACON& Tower with Radar,217,14,10,0,241,0,0,0,0,0,217,14,10,0,241,0,0,0,241
02/27/2023,CLE,OH,AGL,CE,Combined TRACON& Tower with Radar,231,33,20,0,284,0,0,0,0,0,231,33,20,0,284,0,0,0,284
02/28/2023,CLE,OH,AGL,CE,Combined TRACON& Tower with Radar,239,33,27,0,299,0,2,5,0,7,239,35,32,0,306,0,0,0,306
03/01/2023,CLE,OH,AGL,CE,Combined TRACON& Tower with Radar,229,31,19,0,279,0,0,0,0,0,229,31,19,0,279,0,0,0,279
03/02/2023,CLE,OH,AGL,CE,Combined TRACON& Tower with Radar,243,31,30,0,304,0,0,0,0,0,243,31,30,0,304,0,0,0,304
03/03/2023,CLE,OH,AGL,CE,Combined TRACON& Tower with Radar,239,35,12,0,286,0,0,0,0,0,239,35,12,0,286,0,0,0,286
03/04/2023,CLE,OH,AGL,CE,Combined TRACON& Tower with Radar,203,26,1,2,232,0,0,1,0,1,203,26,2,2,233,0,0,0,233
03/05/2023,CLE,OH,AGL,CE,Combined TRACON& Tower with Radar,220,28,12,2,262,0,2,0,0,2,220,30,12,2,264,0,0,0,264
03/06/2023,CLE,OH,AGL,CE,Combined TRACON& Tower with Radar,238,22,13,0,273,0,0,0,0,0,238,22,13,0,273,0,0,0,273
03/07/2023,CLE,OH,AGL,CE,Combined TRACON& Tower with Radar,235,33,22,0,290,0,2,0,0,2,235,35,22,0,292,0,0,0,292
03/08/2023,CLE,OH,AGL,CE,Combined TRACON& Tower with Radar,237,28,17,0,282,0,0,3,0,3,237,28,20,0,285,0,0,0,285
03/09/2023,CLE,OH,AGL,CE,Combined TRACON& Tower with Radar,241,40,19,0,300,0,2,1,0,3,241,42,20,0,303,0,0,0,303
03/10/2023,CLE,OH,AGL,CE,Combined TRACON& Tower with Radar,241,21,15,0,277,0,0,0,0,0,241,21,15,0,277,0,0,0,277
03/11/2023,CLE,OH,AGL,CE,Combined TRACON& Tower with Radar,214,34,5,0,253,0,0,0,0,0,214,34,5,0,253,0,0,0,253
03/12/2023,CLE,OH,AGL,CE,Combined TRACON& Tower with Radar,217,30,8,0,255,0,0,0,0,0,217,30,8,0,255,0,0,0,255
03/13/2023,CLE,OH,AGL,CE,Combined TRACON& Tower with Radar,236,36,22,0,294,0,0,0,0,0,236,36,22,0,294,0,0,0,294
03/14/2023,CLE,OH,AGL,CE,Combined TRACON& Tower with Radar,228,61,11,0,300,0,2,0,0,2,228,63,11,0,302,0,0,0,302
03/15/2023,CLE,OH,AGL,CE,Combined TRACON& Tower with Radar,227,45,25,0,297,0,0,7,0,7,227,45,32,0,304,0,0,0,304
03/16/2023,CLE,OH,AGL,CE,Combined TRACON& Tower with Radar,252,33,24,0,309,0,4,4,0,8,252,37,28,0,317,0,0,0,317
03/17/2023,CLE,OH,AGL,CE,Combined TRACON& Tower with Radar,244,41,20,0,305,0,2,0,0,2,244,43,20,0,307,0,0,0,307
03/18/2023,CLE,OH,AGL,CE,Combined TRACON& Tower with Radar,216,36,9,0,261,0,0,0,0,0,216,36,9,0,261,0,0,0,261
03/19/2023,CLE,OH,AGL,CE,Combined TRACON& Tower with Radar,216,22,11,0,249,0,0,0,0,0,216,22,11,0,249,0,0,0,249
03/20/2023,CLE,OH,AGL,CE,Combined TRACON& Tower with Radar,243,34,16,0,293,0,0,1,0,1,243,34,17,0,294,0,0,0,294
03/21/2023,CLE,OH,AGL,CE,Combined TRACON& Tower with Radar,242,35,7,0,284,0,0,0,0,0,242,35,7,0,284,0,0,0,284
03/22/2023,CLE,OH,AGL,CE,Combined TRACON& Tower with Radar,243,32,11,0,286,0,2,0,0,2,243,34,11,0,288,0,0,0,288
03/23/2023,CLE,OH,AGL,CE,Combined TRACON& Tower with Radar,250,38,17,0,305,0,0,0,0,0,250,38,17,0,305,0,0,0,305
03/24/2023,CLE,OH,AGL,CE,Combined TRACON& Tower with Radar,247,44,7,0,298,0,6,0,0,6,247,50,7,0,304,0,0,0,304
03/25/2023,CLE,OH,AGL,CE,Combined TRACON& Tower with Radar,226,36,13,0,275,0,0,0,0,0,226,36,13,0,275,0,0,0,275
03/26/2023,CLE,OH,AGL,CE,Combined TRACON& Tower with Radar,224,28,21,0,273,0,4,1,0,5,224,32,22,0,278,0,0,0,278
03/27/2023,CLE,OH,AGL,CE,Combined TRACON& Tower with Radar,243,30,14,0,287,0,0,0,0,0,243,30,14,0,287,0,0,0,287
03/28/2023,CLE,OH,AGL,CE,Combined TRACON& Tower with Radar,237,47,20,0,304,0,0,4,0,4,237,47,24,0,308,0,0,0,308
03/29/2023,CLE,OH,AGL,CE,Combined TRACON& Tower with Radar,246,34,42,0,322,0,0,1,0,1,246,34,43,0,323,0,0,0,323
03/30/2023,CLE,OH,AGL,CE,Combined TRACON& Tower with Radar,250,37,17,0,304,0,0,0,0,0,250,37,17,0,304,0,0,0,304
03/31/2023,CLE,OH,AGL,CE,Combined TRACON& Tower with Radar,243,38,15,0,296,0,0,0,0,0,243,38,15,0,296,0,0,0,296
04/01/2023,CLE,OH,AGL,CE,Combined TRACON& Tower with Radar,221,52,12,0,285,0,0,0,0,0,221,52,12,0,285,0,0,0,285
04/02/2023,CLE,OH,AGL,CE,Combined TRACON& Tower with Radar,214,38,16,0,268,0,2,6,0,8,214,40,22,0,276,0,0,0,276
04/03/2023,CLE,OH,AGL,CE,Combined TRACON& Tower with Radar,245,33,11,0,289,0,4,4,0,8,245,37,15,0,297,0,0,0,297
04/04/2023,CLE,OH,AGL,CE,Combined TRACON& Tower with Radar,242,38,25,0,305,0,4,0,0,4,242,42,25,0,309,0,0,0,309
04/05/2023,CLE,OH,AGL,CE,Combined TRACON& Tower with Radar,226,41,17,0,284,0,0,2,0,2,226,41,19,0,286,0,0,0,286
04/06/2023,CLE,OH,AGL,CE,Combined TRACON& Tower with Radar,245,43,13,0,301,0,1,4,0,5,245,44,17,0,306,0,0,0,306
04/07/2023,CLE,OH,AGL,CE,Combined TRACON& Tower with Radar,251,24,10,0,285,0,0,3,0,3,251,24,13,0,288,0,0,0,288
04/08/2023,CLE,OH,AGL,CE,Combined TRACON& Tower with Radar,219,21,8,0,248,0,4,3,0,7,219,25,11,0,255,0,0,0,255
04/09/2023,CLE,OH,AGL,CE,Combined TRACON& Tower with Radar,217,21,2,0,240,0,1,2,0,3,217,22,4,0,243,0,0,0,243
04/10/2023,CLE,OH,AGL,CE,Combined TRACON& Tower with Radar,237,31,11,0,279,0,1,4,0,5,237,32,15,0,284,0,0,0,284
04/11/2023,CLE,OH,AGL,CE,Combined TRACON& Tower with Radar,241,32,8,0,281,0,2,1,0,3,241,34,9,0,284,0,0,0,284
04/12/2023,CLE,OH,AGL,CE,Combined TRACON& Tower with Radar,231,28,24,0,283,0,2,9,0,11,231,30,33,0,294,0,0,0,294
04/13/2023,CLE,OH,AGL,CE,Combined TRACON& Tower with Radar,239,31,9,0,279,0,2,2,0,4,239,33,11,0,283,0,0,0,283
04/14/2023,CLE,OH,AGL,CE,Combined TRACON& Tower with Radar,237,31,20,0,288,0,0,2,0,2,237,31,22,0,290,0,0,0,290
04/15/2023,CLE,OH,AGL,CE,Combined TRACON& Tower with Radar,201,25,7,0,233,0,0,0,0,0,201,25,7,0,233,0,0,0,233
04/16/2023,CLE,OH,AGL,CE,Combined TRACON& Tower with Radar,225,29,15,0,269,0,2,0,0,2,225,31,15,0,271,0,0,0,271
04/17/2023,CLE,OH,AGL,CE,Combined TRACON& Tower with Radar,238,36,28,0,302,0,0,0,0,0,238,36,28,0,302,0,0,0,302
04/18/2023,CLE,OH,AGL,CE,Combined TRACON& Tower with Radar,239,29,25,0,293,0,4,1,0,5,239,33,26,0,298,0,0,0,298
04/19/2023,CLE,OH,AGL,CE,Combined TRACON& Tower with Radar,237,33,30,1,301,0,2,6,1,9,237,35,36,2,310,0,0,0,310
04/20/2023,CLE,OH,AGL,CE,Combined TRACON& Tower with Radar,243,44,26,0,313,0,0,3,0,3,243,44,29,0,316,0,0,0,316
04/21/2023,CLE,OH,AGL,CE,Combined TRACON& Tower with Radar,253,33,11,0,297,0,0,1,3,4,253,33,12,3,301,0,0,0,301
04/22/2023,CLE,OH,AGL,CE,Combined TRACON& Tower with Radar,204,30,8,0,242,0,1,0,0,1,204,31,8,0,243,0,0,0,243
04/23/2023,CLE,OH,AGL,CE,Combined TRACON& Tower with Radar,246,32,6,0,284,0,3,2,0,5,246,35,8,0,289,0,0,0,289
04/24/2023,CLE,OH,AGL,CE,Combined TRACON& Tower with Radar,243,40,12,0,295,0,0,2,0,2,243,40,14,0,297,0,0,0,297
04/25/2023,CLE,OH,AGL,CE,Combined TRACON& Tower with Radar,243,31,29,0,303,0,2,2,0,4,243,33,31,0,307,0,0,0,307
04/26/2023,CLE,OH,AGL,CE,Combined TRACON& Tower with Radar,241,34,29,0,304,0,0,3,0,3,241,34,32,0,307,0,0,0,307
04/27/2023,CLE,OH,AGL,CE,Combined TRACON& Tower with Radar,256,40,28,0,324,0,0,1,0,1,256,40,29,0,325,0,0,0,325
04/28/2023,CLE,OH,AGL,CE,Combined TRACON& Tower with Radar,248,43,15,0,306,0,0,0,0,0,248,43,15,0,306,0,0,0,306
04/29/2023,CLE,OH,AGL,CE,Combined TRACON& Tower with Radar,205,29,11,0,245,0,0,0,0,0,205,29,11,0,245,0,0,0,245
04/30/2023,CLE,OH,AGL,CE,Combined TRACON& Tower with Radar,216,36,11,0,263,0,0,0,0,0,216,36,11,0,263,0,0,0,263
05/01/2023,CLE,OH,AGL,CE,Combined TRACON& Tower with Radar,234,29,24,0,287,0,0,0,0,0,234,29,24,0,287,0,0,0,287
05/02/2023,CLE,OH,AGL,CE,Combined TRACON& Tower with Radar,245,25,14,2,286,0,0,0,0,0,245,25,14,2,286,0,0,0,286
05/03/2023,CLE,OH,AGL,CE,Combined TRACON& Tower with Radar,240,41,38,0,319,0,0,2,0,2,240,41,40,0,321,0,0,0,321
05/04/2023,CLE,OH,AGL,CE,Combined TRACON& Tower with Radar,253,49,22,0,324,0,0,0,0,0,253,49,22,0,324,0,0,0,324
05/05/2023,CLE,OH,AGL,CE,Combined TRACON& Tower with Radar,247,40,33,2,322,0,4,4,0,8,247,44,37,2,330,0,0,0,330
05/06/2023,CLE,OH,AGL,CE,Combined TRACON& Tower with Radar,203,20,5,0,228,0,2,0,0,2,203,22,5,0,230,0,0,0,230
05/07/2023,CLE,OH,AGL,CE,Combined TRACON& Tower with Radar,224,40,16,2,282,0,2,1,0,3,224,42,17,2,285,0,0,0,285
05/08/2023,CLE,OH,AGL,CE,Combined TRACON& Tower with Radar,243,30,20,1,294,0,2,0,0,2,243,32,20,1,296,0,0,0,296
05/09/2023,CLE,OH,AGL,CE,Combined TRACON& Tower with Radar,243,44,23,1,311,0,2,0,0,2,243,46,23,1,313,0,0,0,313
05/10/2023,CLE,OH,AGL,CE,Combined TRACON& Tower with Radar,233,37,15,0,285,0,0,4,0,4,233,37,19,0,289,0,0,0,289
05/11/2023,CLE,OH,AGL,CE,Combined TRACON& Tower with Radar,251,28,22,0,301,0,0,5,0,5,251,28,27,0,306,0,0,0,306
05/12/2023,CLE,OH,AGL,CE,Combined TRACON& Tower with Radar,255,34,8,0,297,0,5,0,0,5,255,39,8,0,302,0,0,0,302
05/13/2023,CLE,OH,AGL,CE,Combined TRACON& Tower with Radar,209,26,6,0,241,0,0,0,0,0,209,26,6,0,241,0,0,0,241
05/14/2023,CLE,OH,AGL,CE,Combined TRACON& Tower with Radar,218,30,13,0,261,0,2,0,0,2,218,32,13,0,263,0,0,0,263
05/15/2023,CLE,OH,AGL,CE,Combined TRACON& Tower with Radar,243,23,16,0,282,0,4,4,0,8,243,27,20,0,290,0,0,0,290
05/16/2023,CLE,OH,AGL,CE,Combined TRACON& Tower with Radar,241,34,38,0,313,0,2,10,0,12,241,36,48,0,325,0,0,0,325
05/17/2023,CLE,OH,AGL,CE,Combined TRACON& Tower with Radar,243,50,33,0,326,0,4,6,0,10,243,54,39,0,336,0,0,0,336
05/18/2023,CLE,OH,AGL,CE,Combined TRACON& Tower with Radar,245,33,27,0,305,0,4,4,0,8,245,37,31,0,313,0,0,0,313
05/19/2023,CLE,OH,AGL,CE,Combined TRACON& Tower with Radar,248,42,21,0,311,0,0,0,0,0,248,42,21,0,311,0,0,0,311
05/20/2023,CLE,OH,AGL,CE,Combined TRACON& Tower with Radar,215,25,6,0,246,0,0,0,0,0,215,25,6,0,246,0,0,0,246
05/21/2023,CLE,OH,AGL,CE,Combined TRACON& Tower with Radar,223,48,18,0,289,0,0,2,0,2,223,48,20,0,291,0,0,0,291
05/22/2023,CLE,OH,AGL,CE,Combined TRACON& Tower with Radar,245,33,25,2,305,0,2,3,0,5,245,35,28,2,310,0,0,0,310
05/23/2023,CLE,OH,AGL,CE,Combined TRACON& Tower with Radar,237,37,20,0,294,0,0,0,0,0,237,37,20,0,294,0,0,0,294
05/24/2023,CLE,OH,AGL,CE,Combined TRACON& Tower with Radar,250,40,28,4,322,0,0,5,0,5,250,40,33,4,327,0,0,0,327
05/25/2023,CLE,OH,AGL,CE,Combined TRACON& Tower with Radar,249,34,19,0,302,0,0,9,0,9,249,34,28,0,311,0,0,0,311
05/26/2023,CLE,OH,AGL,CE,Combined TRACON& Tower with Radar,251,28,9,0,288,0,4,1,0,5,251,32,10,0,293,0,0,0,293
05/27/2023,CLE,OH,AGL,CE,Combined TRACON& Tower with Radar,210,19,8,0,237,0,2,6,0,8,210,21,14,0,245,0,0,0,245
05/28/2023,CLE,OH,AGL,CE,Combined TRACON& Tower with Radar,213,20,10,0,243,0,0,0,0,0,213,20,10,0,243,0,0,0,243
05/29/2023,CLE,OH,AGL,CE,Combined TRACON& Tower with Radar,236,20,6,0,262,0,4,1,2,7,236,24,7,2,269,0,0,0,269
05/30/2023,CLE,OH,AGL,CE,Combined TRACON& Tower with Radar,238,31,18,0,287,0,2,4,0,6,238,33,22,0,293,0,0,0,293
05/31/2023,CLE,OH,AGL,CE,Combined TRACON& Tower with Radar,252,42,24,0,318,0,4,3,0,7,252,46,27,0,325,0,0,0,325
06/01/2023,CLE,OH,AGL,CE,Combined TRACON& Tower with Radar,252,36,26,2,316,0,0,13,0,13,252,36,39,2,329,0,0,0,329
06/02/2023,CLE,OH,AGL,CE,Combined TRACON& Tower with Radar,244,39,14,0,297,0,4,2,0,6,244,43,16,0,303,0,0,0,303
06/03/2023,CLE,OH,AGL,CE,Combined TRACON& Tower with Radar,232,32,4,0,268,0,4,0,0,4,232,36,4,0,272,0,0,0,272
06/04/2023,CLE,OH,AGL,CE,Combined TRACON& Tower with Radar,238,27,12,0,277,0,0,4,0,4,238,27,16,0,281,0,0,0,281
06/05/2023,CLE,OH,AGL,CE,Combined TRACON& Tower with Radar,254,27,24,0,305,0,0,6,0,6,254,27,30,0,311,0,0,0,311
06/06/2023,CLE,OH,AGL,CE,Combined TRACON& Tower with Radar,251,43,15,0,309,0,4,4,1,9,251,47,19,1,318,0,0,0,318
06/07/2023,CLE,OH,AGL,CE,Combined TRACON& Tower with Radar,272,42,28,0,342,0,2,5,0,7,272,44,33,0,349,0,0,0,349
06/08/2023,CLE,OH,AGL,CE,Combined TRACON& Tower with Radar,262,28,26,0,316,0,2,7,0,9,262,30,33,0,325,0,0,0,325
06/09/2023,CLE,OH,AGL,CE,Combined TRACON& Tower with Radar,265,38,22,0,325,0,0,3,4,7,265,38,25,4,332,0,0,0,332
06/10/2023,CLE,OH,AGL,CE,Combined TRACON& Tower with Radar,224,23,7,0,254,0,2,5,0,7,224,25,12,0,261,0,0,0,261
06/11/2023,CLE,OH,AGL,CE,Combined TRACON& Tower with Radar,245,37,16,0,298,0,0,2,0,2,245,37,18,0,300,0,0,0,300
06/12/2023,CLE,OH,AGL,CE,Combined TRACON& Tower with Radar,252,25,22,0,299,0,0,2,0,2,252,25,24,0,301,0,0,0,301
06/13/2023,CLE,OH,AGL,CE,Combined TRACON& Tower with Radar,263,39,25,0,327,0,0,4,0,4,263,39,29,0,331,0,0,0,331
06/14/2023,CLE,OH,AGL,CE,Combined TRACON& Tower with Radar,261,48,28,0,337,0,2,1,2,5,261,50,29,2,342,0,0,0,342
06/15/2023,CLE,OH,AGL,CE,Combined TRACON& Tower with Radar,260,45,31,0,336,0,0,2,0,2,260,45,33,0,338,0,0,0,338
06/16/2023,CLE,OH,AGL,CE,Combined TRACON& Tower with Radar,266,28,15,0,309,0,2,2,0,4,266,30,17,0,313,0,0,0,313
06/17/2023,CLE,OH,AGL,CE,Combined TRACON& Tower with Radar,223,22,9,0,254,0,6,2,0,8,223,28,11,0,262,0,0,0,262
06/18/2023,CLE,OH,AGL,CE,Combined TRACON& Tower with Radar,251,26,14,0,291,0,2,0,0,2,251,28,14,0,293,0,0,0,293
06/19/2023,CLE,OH,AGL,CE,Combined TRACON& Tower with Radar,255,32,14,0,301,0,0,1,0,1,255,32,15,0,302,0,0,0,302
06/20/2023,CLE,OH,AGL,CE,Combined TRACON& Tower with Radar,261,42,17,0,320,0,2,4,0,6,261,44,21,0,326,0,0,0,326
06/21/2023,CLE,OH,AGL,CE,Combined TRACON& Tower with Radar,265,40,25,0,330,0,0,0,0,0,265,40,25,0,330,0,0,0,330
06/22/2023,CLE,OH,AGL,CE,Combined TRACON& Tower with Radar,263,45,30,7,345,0,0,0,2,2,263,45,30,9,347,0,0,0,347
06/23/2023,CLE,OH,AGL,CE,Combined TRACON& Tower with Radar,254,42,17,4,317,0,2,0,0,2,254,44,17,4,319,0,0,0,319
06/24/2023,CLE,OH,AGL,CE,Combined TRACON& Tower with Radar,228,34,10,0,272,0,2,1,0,3,228,36,11,0,275,0,0,0,275
06/25/2023,CLE,OH,AGL,CE,Combined TRACON& Tower with Radar,233,27,6,0,266,0,2,2,0,4,233,29,8,0,270,0,0,0,270
06/26/2023,CLE,OH,AGL,CE,Combined TRACON& Tower with Radar,235,32,12,0,279,0,0,2,0,2,235,32,14,0,281,0,0,0,281
06/27/2023,CLE,OH,AGL,CE,Combined TRACON& Tower with Radar,229,42,9,0,280,0,0,0,0,0,229,42,9,0,280,0,0,0,280
06/28/2023,CLE,OH,AGL,CE,Combined TRACON& Tower with Radar,260,36,17,0,313,0,0,0,0,0,260,36,17,0,313,0,0,0,313
06/29/2023,CLE,OH,AGL,CE,Combined TRACON& Tower with Radar,261,45,20,0,326,0,0,1,0,1,261,45,21,0,327,0,0,0,327
06/30/2023,CLE,OH,AGL,CE,Combined TRACON& Tower with Radar,261,40,23,0,324,0,8,0,0,8,261,48,23,0,332,0,0,0,332
07/01/2023,CLE,OH,AGL,CE,Combined TRACON& Tower with Radar,225,25,7,0,257,0,0,0,0,0,225,25,7,0,257,0,0,0,257
07/02/2023,CLE,OH,AGL,CE,Combined TRACON& Tower with Radar,225,22,10,0,257,0,0,0,0,0,225,22,10,0,257,0,0,0,257
07/03/2023,CLE,OH,AGL,CE,Combined TRACON& Tower with Radar,232,31,6,0,269,0,0,1,0,1,232,31,7,0,270,0,0,0,270
07/04/2023,CLE,OH,AGL,CE,Combined TRACON& Tower with Radar,201,13,5,0,219,0,0,4,0,4,201,13,9,0,223,0,0,0,223
07/05/2023,CLE,OH,AGL,CE,Combined TRACON& Tower with Radar,251,31,21,0,303,0,4,3,1,8,251,35,24,1,311,0,0,0,311
07/06/2023,CLE,OH,AGL,CE,Combined TRACON& Tower with Radar,255,31,17,0,303,0,4,0,0,4,255,35,17,0,307,0,0,0,307
07/07/2023,CLE,OH,AGL,CE,Combined TRACON& Tower with Radar,241,32,9,0,282,0,4,4,2,10,241,36,13,2,292,0,0,0,292
07/08/2023,CLE,OH,AGL,CE,Combined TRACON& Tower with Radar,221,22,14,0,257,0,0,2,0,2,221,22,16,0,259,0,0,0,259
07/09/2023,CLE,OH,AGL,CE,Combined TRACON& Tower with Radar,216,26,12,0,254,0,0,1,0,1,216,26,13,0,255,0,0,0,255
07/10/2023,CLE,OH,AGL,CE,Combined TRACON& Tower with Radar,246,40,21,0,307,0,2,2,0,4,246,42,23,0,311,0,0,0,311
07/11/2023,CLE,OH,AGL,CE,Combined TRACON& Tower with Radar,251,44,21,0,316,0,2,1,0,3,251,46,22,0,319,0,0,0,319
07/12/2023,CLE,OH,AGL,CE,Combined TRACON& Tower with Radar,260,43,13,0,316,0,0,1,0,1,260,43,14,0,317,0,0,0,317
07/13/2023,CLE,OH,AGL,CE,Combined TRACON& Tower with Radar,268,42,10,0,320,0,0,1,0,1,268,42,11,0,321,0,0,0,321
07/14/2023,CLE,OH,AGL,CE,Combined TRACON& Tower with Radar,266,37,11,0,314,0,2,6,0,8,266,39,17,0,322,0,0,0,322
07/15/2023,CLE,OH,AGL,CE,Combined TRACON& Tower with Radar,231,32,18,0,281,0,0,0,0,0,231,32,18,0,281,0,0,0,281
07/16/2023,CLE,OH,AGL,CE,Combined TRACON& Tower with Radar,213,38,12,0,263,0,0,1,0,1,213,38,13,0,264,0,0,0,264
07/17/2023,CLE,OH,AGL,CE,Combined TRACON& Tower with Radar,271,42,27,0,340,0,0,3,0,3,271,42,30,0,343,0,0,0,343
07/18/2023,CLE,OH,AGL,CE,Combined TRACON& Tower with Radar,254,34,23,0,311,0,0,0,0,0,254,34,23,0,311,0,0,0,311
07/19/2023,CLE,OH,AGL,CE,Combined TRACON& Tower with Radar,266,49,26,0,341,0,2,2,0,4,266,51,28,0,345,0,0,0,345
07/20/2023,CLE,OH,AGL,CE,Combined TRACON& Tower with Radar,255,29,14,4,302,0,0,2,0,2,255,29,16,4,304,0,0,0,304
07/21/2023,CLE,OH,AGL,CE,Combined TRACON& Tower with Radar,272,40,14,0,326,0,2,1,0,3,272,42,15,0,329,0,0,0,329
07/22/2023,CLE,OH,AGL,CE,Combined TRACON& Tower with Radar,248,25,10,0,283,0,0,3,0,3,248,25,13,0,286,0,0,0,286
07/23/2023,CLE,OH,AGL,CE,Combined TRACON& Tower with Radar,238,40,5,0,283,0,1,1,0,2,238,41,6,0,285,0,0,0,285
07/24/2023,CLE,OH,AGL,CE,Combined TRACON& Tower with Radar,269,37,17,0,323,0,3,2,0,5,269,40,19,0,328,0,0,0,328
07/25/2023,CLE,OH,AGL,CE,Combined TRACON& Tower with Radar,251,24,11,0,286,0,0,1,0,1,251,24,12,0,287,0,0,0,287
07/26/2023,CLE,OH,AGL,CE,Combined TRACON& Tower with Radar,259,32,16,0,307,0,3,0,0,3,259,35,16,0,310,0,0,0,310
07/27/2023,CLE,OH,AGL,CE,Combined TRACON& Tower with Radar,257,37,21,0,315,0,2,3,0,5,257,39,24,0,320,0,0,0,320
07/28/2023,CLE,OH,AGL,CE,Combined TRACON& Tower with Radar,264,37,23,0,324,0,4,3,0,7,264,41,26,0,331,0,0,0,331
07/29/2023,CLE,OH,AGL,CE,Combined TRACON& Tower with Radar,241,33,8,0,282,0,0,0,0,0,241,33,8,0,282,0,0,0,282
07/30/2023,CLE,OH,AGL,CE,Combined TRACON& Tower with Radar,252,30,14,0,296,0,2,1,0,3,252,32,15,0,299,0,0,0,299
07/31/2023,CLE,OH,AGL,CE,Combined TRACON& Tower with Radar,260,28,14,0,302,0,4,4,0,8,260,32,18,0,310,0,0,0,310
08/01/2023,CLE,OH,AGL,CE,Combined TRACON& Tower with Radar,263,48,11,2,324,0,2,1,0,3,263,50,12,2,327,0,0,0,327
08/02/2023,CLE,OH,AGL,CE,Combined TRACON& Tower with Radar,267,41,15,0,323,0,0,1,0,1,267,41,16,0,324,0,0,0,324
08/03/2023,CLE,OH,AGL,CE,Combined TRACON& Tower with Radar,263,29,24,0,316,0,2,1,0,3,263,31,25,0,319,0,0,0,319
08/04/2023,CLE,OH,AGL,CE,Combined TRACON& Tower with Radar,265,30,9,0,304,0,0,1,0,1,265,30,10,0,305,0,0,0,305
08/05/2023,CLE,OH,AGL,CE,Combined TRACON& Tower with Radar,241,26,6,0,273,0,2,3,0,5,241,28,9,0,278,0,0,0,278
08/06/2023,CLE,OH,AGL,CE,Combined TRACON& Tower with Radar,236,32,10,0,278,0,0,0,0,0,236,32,10,0,278,0,0,0,278
08/07/2023,CLE,OH,AGL,CE,Combined TRACON& Tower with Radar,232,23,18,0,273,0,0,0,0,0,232,23,18,0,273,0,0,0,273
08/08/2023,CLE,OH,AGL,CE,Combined TRACON& Tower with Radar,267,35,16,0,318,0,0,1,0,1,267,35,17,0,319,0,0,0,319
08/09/2023,CLE,OH,AGL,CE,Combined TRACON& Tower with Radar,292,37,23,0,352,0,6,0,0,6,292,43,23,0,358,0,0,0,358
08/10/2023,CLE,OH,AGL,CE,Combined TRACON& Tower with Radar,278,35,30,0,343,0,0,0,0,0,278,35,30,0,343,0,0,0,343
08/11/2023,CLE,OH,AGL,CE,Combined TRACON& Tower with Radar,273,32,17,0,322,0,0,3,0,3,273,32,20,0,325,0,0,0,325
08/12/2023,CLE,OH,AGL,CE,Combined TRACON& Tower with Radar,239,30,6,0,275,0,0,0,0,0,239,30,6,0,275,0,0,0,275
08/13/2023,CLE,OH,AGL,CE,Combined TRACON& Tower with Radar,250,35,9,0,294,0,2,1,0,3,250,37,10,0,297,0,0,0,297
08/14/2023,CLE,OH,AGL,CE,Combined TRACON& Tower with Radar,250,34,15,0,299,0,0,1,0,1,250,34,16,0,300,0,0,0,300
08/15/2023,CLE,OH,AGL,CE,Combined TRACON& Tower with Radar,269,40,32,0,341,0,0,0,0,0,269,40,32,0,341,0,0,0,341
08/16/2023,CLE,OH,AGL,CE,Combined TRACON& Tower with Radar,274,47,25,0,346,0,0,0,0,0,274,47,25,0,346,0,0,0,346
08/17/2023,CLE,OH,AGL,CE,Combined TRACON& Tower with Radar,261,42,21,0,324,0,2,2,0,4,261,44,23,0,328,0,0,0,328
08/18/2023,CLE,OH,AGL,CE,Combined TRACON& Tower with Radar,282,48,17,0,347,0,0,2,0,2,282,48,19,0,349,0,0,0,349
08/19/2023,CLE,OH,AGL,CE,Combined TRACON& Tower with Radar,252,37,7,0,296,0,4,0,0,4,252,41,7,0,300,0,0,0,300
08/20/2023,CLE,OH,AGL,CE,Combined TRACON& Tower with Radar,242,35,9,0,286,0,0,2,0,2,242,35,11,0,288,0,0,0,288
08/21/2023,CLE,OH,AGL,CE,Combined TRACON& Tower with Radar,272,31,23,2,328,0,2,1,0,3,272,33,24,2,331,0,0,0,331
08/22/2023,CLE,OH,AGL,CE,Combined TRACON& Tower with Radar,264,34,16,0,314,0,2,3,0,5,264,36,19,0,319,0,0,0,319
08/23/2023,CLE,OH,AGL,CE,Combined TRACON& Tower with Radar,231,32,9,0,272,0,0,8,0,8,231,32,17,0,280,0,0,0,280
08/24/2023,CLE,OH,AGL,CE,Combined TRACON& Tower with Radar,285,48,18,0,351,0,0,0,0,0,285,48,18,0,351,0,0,0,351
08/25/2023,CLE,OH,AGL,CE,Combined TRACON& Tower with Radar,275,38,18,0,331,0,2,0,0,2,275,40,18,0,333,0,0,0,333
08/26/2023,CLE,OH,AGL,CE,Combined TRACON& Tower with Radar,243,26,2,0,271,0,2,0,0,2,243,28,2,0,273,0,0,0,273
08/27/2023,CLE,OH,AGL,CE,Combined TRACON& Tower with Radar,246,38,10,0,294,0,2,4,0,6,246,40,14,0,300,0,0,0,300
08/28/2023,CLE,OH,AGL,CE,Combined TRACON& Tower with Radar,265,24,16,0,305,0,2,1,1,4,265,26,17,1,309,0,0,0,309
08/29/2023,CLE,OH,AGL,CE,Combined TRACON& Tower with Radar,255,34,13,2,304,0,2,5,1,8,255,36,18,3,312,0,0,0,312
08/30/2023,CLE,OH,AGL,CE,Combined TRACON& Tower with Radar,260,44,19,1,324,0,0,0,0,0,260,44,19,1,324,0,0,0,324
08/31/2023,CLE,OH,AGL,CE,Combined TRACON& Tower with Radar,257,45,24,6,332,0,4,3,3,10,257,49,27,9,342,0,0,0,342
