01/01/2000,CLL,TX,ASW,CE,Federal Contract Tower,0,8,7,0,15,0,9,36,0,45,0,17,43,0,60,22,0,22,82
01/02/2000,CLL,TX,ASW,CE,Federal Contract Tower,0,11,12,7,30,0,9,18,0,27,0,20,30,7,57,20,2,22,79
01/03/2000,CLL,TX,ASW,CE,Federal Contract Tower,0,14,14,12,40,0,9,44,1,54,0,23,58,13,94,24,12,36,130
01/04/2000,CLL,TX,ASW,CE,Federal Contract Tower,0,19,20,4,43,0,19,42,0,61,0,38,62,4,104,12,0,12,116
01/05/2000,CLL,TX,ASW,CE,Federal Contract Tower,0,21,24,18,63,0,0,67,14,81,0,21,91,32,144,80,70,150,294
01/06/2000,CLL,TX,ASW,CE,Federal Contract Tower,0,21,31,22,74,0,0,58,0,58,0,21,89,22,132,42,18,60,192
01/07/2000,CLL,TX,ASW,CE,Federal Contract Tower,0,21,21,17,59,0,0,15,15,30,0,21,36,32,89,8,6,14,103
01/08/2000,CLL,TX,ASW,CE,Federal Contract Tower,0,20,20,16,56,0,0,24,1,25,0,20,44,17,81,12,0,12,93
01/09/2000,CLL,TX,ASW,CE,Federal Contract Tower,0,14,14,7,35,0,7,54,0,61,0,21,68,7,96,40,8,48,144
01/10/2000,CLL,TX,ASW,CE,Federal Contract Tower,0,23,22,19,64,0,0,81,25,106,0,23,103,44,170,88,30,118,288
01/11/2000,CLL,TX,ASW,CE,Federal Contract Tower,0,23,20,18,61,0,0,71,25,96,0,23,91,43,157,58,26,84,241
01/12/2000,CLL,TX,ASW,CE,Federal Contract Tower,0,30,32,27,89,0,0,61,25,86,0,30,93,52,175,34,44,78,253
01/13/2000,CLL,TX,ASW,CE,Federal Contract Tower,0,21,29,24,74,0,0,57,27,84,0,21,86,51,158,48,32,80,238
01/14/2000,CLL,TX,ASW,CE,Federal Contract Tower,0,21,20,17,58,0,0,101,5,106,0,21,121,22,164,70,16,86,250
01/15/2000,CLL,TX,ASW,CE,Federal Contract Tower,0,18,15,4,37,0,3,152,0,155,0,21,167,4,192,12,0,12,204
01/16/2000,CLL,TX,ASW,CE,Federal Contract Tower,0,15,13,4,32,0,9,85,0,94,0,24,98,4,126,50,14,64,190
01/17/2000,CLL,TX,ASW,CE,Federal Contract Tower,0,18,16,2,36,0,5,127,0,132,0,23,143,2,168,72,0,72,240
01/18/2000,CLL,TX,ASW,CE,Federal Contract Tower,0,24,27,21,72,0,0,76,19,95,0,24,103,40,167,40,30,70,237
01/19/2000,CLL,TX,ASW,CE,Federal Contract Tower,0,22,30,24,76,0,0,84,49,133,0,22,114,73,209,112,24,136,345
01/20/2000,CLL,TX,ASW,CE,Federal Contract Tower,0,21,27,22,70,0,0,58,44,102,0,21,85,66,172,28,36,64,236
01/21/2000,CLL,TX,ASW,CE,Federal Contract Tower,0,26,25,20,71,0,0,92,22,114,0,26,117,42,185,91,46,137,322
01/22/2000,CLL,TX,ASW,CE,Federal Contract Tower,0,19,17,2,38,0,4,65,0,69,0,23,82,2,107,60,0,60,167
01/23/2000,CLL,TX,ASW,CE,Federal Contract Tower,0,22,22,16,60,0,0,93,0,93,0,22,115,16,153,80,32,112,265
01/24/2000,CLL,TX,ASW,CE,Federal Contract Tower,0,17,14,11,42,0,4,92,15,111,0,21,106,26,153,60,34,94,247
01/25/2000,CLL,TX,ASW,CE,Federal Contract Tower,0,23,21,17,61,0,0,75,19,94,0,23,96,36,155,62,38,100,255
01/26/2000,CLL,TX,ASW,CE,Federal Contract Tower,0,25,26,20,71,0,0,85,19,104,0,25,111,39,175,94,46,140,315
01/27/2000,CLL,TX,ASW,CE,Federal Contract Tower,0,17,14,2,33,0,0,19,0,19,0,17,33,2,52,38,0,38,90
01/28/2000,CLL,TX,ASW,CE,Federal Contract Tower,0,19,19,15,53,0,0,20,6,26,0,19,39,21,79,38,0,38,117
01/29/2000,CLL,TX,ASW,CE,Federal Contract Tower,0,15,12,2,29,0,6,28,0,34,0,21,40,2,63,34,0,34,97
01/30/2000,CLL,TX,ASW,CE,Federal Contract Tower,0,12,10,2,24,0,9,67,0,76,0,21,77,2,100,58,0,58,158
01/31/2000,CLL,TX,ASW,CE,Federal Contract Tower,0,19,24,18,61,0,0,66,25,91,0,19,90,43,152,110,22,132,284
02/01/2000,CLL,TX,ASW,CE,Federal Contract Tower,0,21,25,18,64,0,0,41,5,46,0,21,66,23,110,48,6,54,164
02/02/2000,CLL,TX,ASW,CE,Federal Contract Tower,0,21,25,20,66,0,0,93,22,115,0,21,118,42,181,76,42,118,299
02/03/2000,CLL,TX,ASW,CE,Federal Contract Tower,0,20,20,15,55,0,2,78,3,83,0,22,98,18,138,36,18,54,192
02/04/2000,CLL,TX,ASW,CE,Federal Contract Tower,0,22,23,18,63,0,0,84,13,97,0,22,107,31,160,34,38,72,232
02/05/2000,CLL,TX,ASW,CE,Federal Contract Tower,0,20,23,18,61,0,0,133,19,152,0,20,156,37,213,126,44,170,383
02/06/2000,CLL,TX,ASW,CE,Federal Contract Tower,0,18,18,10,46,0,3,79,0,82,0,21,97,10,128,96,8,104,232
02/07/2000,CLL,TX,ASW,CE,Federal Contract Tower,0,21,22,17,60,0,2,41,28,71,0,23,63,45,131,90,44,134,265
02/08/2000,CLL,TX,ASW,CE,Federal Contract Tower,0,23,28,21,72,0,0,77,36,113,0,23,105,57,185,62,58,120,305
02/09/2000,CLL,TX,ASW,CE,Federal Contract Tower,0,23,23,18,64,0,0,67,1,68,0,23,90,19,132,6,2,8,140
02/10/2000,CLL,TX,ASW,CE,Federal Contract Tower,0,22,25,19,66,0,0,94,14,108,0,22,119,33,174,36,44,80,254
02/11/2000,CLL,TX,ASW,CE,Federal Contract Tower,0,21,22,17,60,0,1,88,15,104,0,22,110,32,164,72,10,82,246
02/12/2000,CLL,TX,ASW,CE,Federal Contract Tower,0,20,21,16,57,0,2,60,9,71,0,22,81,25,128,78,16,94,222
02/13/2000,CLL,TX,ASW,CE,Federal Contract Tower,0,20,21,12,53,0,3,64,0,67,0,23,85,12,120,66,24,90,210
02/14/2000,CLL,TX,ASW,CE,Federal Contract Tower,0,16,16,12,44,0,5,78,16,99,0,21,94,28,143,104,18,122,265
02/15/2000,CLL,TX,ASW,CE,Federal Contract Tower,0,20,21,16,57,0,3,81,9,93,0,23,102,25,150,68,42,110,260
02/16/2000,CLL,TX,ASW,CE,Federal Contract Tower,0,23,38,29,90,0,0,62,21,83,0,23,100,50,173,84,38,122,295
02/17/2000,CLL,TX,ASW,CE,Federal Contract Tower,0,20,26,18,64,0,0,30,14,44,0,20,56,32,108,50,22,72,180
02/18/2000,CLL,TX,ASW,CE,Federal Contract Tower,0,20,21,13,54,0,3,85,0,88,0,23,106,13,142,44,12,56,198
02/19/2000,CLL,TX,ASW,CE,Federal Contract Tower,0,17,18,13,48,0,3,99,2,104,0,20,117,15,152,88,12,100,252
02/20/2000,CLL,TX,ASW,CE,Federal Contract Tower,0,16,17,2,35,0,8,124,0,132,0,24,141,2,167,90,0,90,257
02/21/2000,CLL,TX,ASW,CE,Federal Contract Tower,0,20,21,8,49,0,1,100,0,101,0,21,121,8,150,94,12,106,256
02/22/2000,CLL,TX,ASW,CE,Federal Contract Tower,0,24,26,18,68,0,1,65,0,66,0,25,91,18,134,28,32,60,194
02/23/2000,CLL,TX,ASW,CE,Federal Contract Tower,0,34,35,25,94,0,0,64,18,82,0,34,99,43,176,88,30,118,294
02/24/2000,CLL,TX,ASW,CE,Federal Contract Tower,0,28,40,28,96,0,0,48,26,74,0,28,88,54,170,44,42,86,256
02/25/2000,CLL,TX,ASW,CE,Federal Contract Tower,0,18,23,16,57,0,0,45,31,76,0,18,68,47,133,34,32,66,199
02/26/2000,CLL,TX,ASW,CE,Federal Contract Tower,0,19,19,13,51,0,4,71,4,79,0,23,90,17,130,44,20,64,194
02/27/2000,CLL,TX,ASW,CE,Federal Contract Tower,0,15,15,10,40,0,9,145,18,172,0,24,160,28,212,166,30,196,408
02/28/2000,CLL,TX,ASW,CE,Federal Contract Tower,0,18,20,14,52,0,4,89,13,106,0,22,109,27,158,72,22,94,252
02/29/2000,CLL,TX,ASW,CE,Federal Contract Tower,0,25,27,19,71,0,2,61,14,77,0,27,88,33,148,62,46,108,256
03/01/2000,CLL,TX,ASW,CE,Federal Contract Tower,0,15,19,13,47,0,9,93,8,110,0,24,112,21,157,62,8,70,227
03/02/2000,CLL,TX,ASW,CE,Federal Contract Tower,0,20,28,20,68,0,0,75,5,80,0,20,103,25,148,22,4,26,174
03/03/2000,CLL,TX,ASW,CE,Federal Contract Tower,0,22,30,22,74,0,0,112,42,154,0,22,142,64,228,56,76,132,360
03/04/2000,CLL,TX,ASW,CE,Federal Contract Tower,0,22,27,19,68,0,0,138,27,165,0,22,165,46,233,128,32,160,393
03/05/2000,CLL,TX,ASW,CE,Federal Contract Tower,0,21,24,18,63,0,2,95,11,108,0,23,119,29,171,104,26,130,301
03/06/2000,CLL,TX,ASW,CE,Federal Contract Tower,0,19,31,22,72,0,0,58,1,59,0,19,89,23,131,58,44,102,233
03/07/2000,CLL,TX,ASW,CE,Federal Contract Tower,0,25,31,22,78,0,0,37,30,67,0,25,68,52,145,24,48,72,217
03/08/2000,CLL,TX,ASW,CE,Federal Contract Tower,0,22,36,26,84,0,0,64,13,77,0,22,100,39,161,82,12,94,255
03/09/2000,CLL,TX,ASW,CE,Federal Contract Tower,0,25,28,20,73,0,1,117,8,126,0,26,145,28,199,92,32,124,323
03/10/2000,CLL,TX,ASW,CE,Federal Contract Tower,0,23,26,19,68,0,3,57,6,66,0,26,83,25,134,54,26,80,214
03/11/2000,CLL,TX,ASW,CE,Federal Contract Tower,0,17,20,15,52,0,3,95,6,104,0,20,115,21,156,30,34,64,220
03/12/2000,CLL,TX,ASW,CE,Federal Contract Tower,0,19,22,16,57,0,4,89,11,104,0,23,111,27,161,124,28,152,313
03/13/2000,CLL,TX,ASW,CE,Federal Contract Tower,0,20,22,16,58,0,2,68,16,86,0,22,90,32,144,64,32,96,240
03/14/2000,CLL,TX,ASW,CE,Federal Contract Tower,0,20,23,2,45,0,8,28,0,36,0,28,51,2,81,32,0,32,113
03/15/2000,CLL,TX,ASW,CE,Federal Contract Tower,0,21,24,17,62,0,2,31,0,33,0,23,55,17,95,24,0,24,119
03/16/2000,CLL,TX,ASW,CE,Federal Contract Tower,0,19,22,10,51,0,5,41,0,46,0,24,63,10,97,28,44,72,169
03/17/2000,CLL,TX,ASW,CE,Federal Contract Tower,0,20,23,16,59,0,4,11,2,17,0,24,34,18,76,6,10,16,92
03/18/2000,CLL,TX,ASW,CE,Federal Contract Tower,0,16,20,0,36,0,5,40,0,45,0,21,60,0,81,34,0,34,115
03/19/2000,CLL,TX,ASW,CE,Federal Contract Tower,0,17,19,12,48,0,4,82,1,87,0,21,101,13,135,26,14,40,175
03/20/2000,CLL,TX,ASW,CE,Federal Contract Tower,0,21,40,27,88,0,0,60,50,110,0,21,100,77,198,32,68,100,298
03/21/2000,CLL,TX,ASW,CE,Federal Contract Tower,0,22,26,17,65,0,4,25,0,29,0,26,51,17,94,4,2,6,100
03/22/2000,CLL,TX,ASW,CE,Federal Contract Tower,0,23,28,11,62,0,0,30,0,30,0,23,58,11,92,14,0,14,106
03/23/2000,CLL,TX,ASW,CE,Federal Contract Tower,0,24,28,16,68,0,5,44,0,49,0,29,72,16,117,70,28,98,215
03/24/2000,CLL,TX,ASW,CE,Federal Contract Tower,0,20,29,19,68,0,0,82,27,109,0,20,111,46,177,70,12,82,259
03/25/2000,CLL,TX,ASW,CE,Federal Contract Tower,0,17,19,12,48,0,2,95,3,100,0,19,114,15,148,116,12,128,276
03/26/2000,CLL,TX,ASW,CE,Federal Contract Tower,0,18,21,14,53,0,3,75,8,86,0,21,96,22,139,50,12,62,201
03/27/2000,CLL,TX,ASW,CE,Federal Contract Tower,0,20,28,18,66,0,0,77,21,98,0,20,105,39,164,32,40,72,236
03/28/2000,CLL,TX,ASW,CE,Federal Contract Tower,0,21,35,23,79,0,0,67,10,77,0,21,102,33,156,62,20,82,238
03/29/2000,CLL,TX,ASW,CE,Federal Contract Tower,0,24,28,18,70,0,0,107,34,141,0,24,135,52,211,110,62,172,383
03/30/2000,CLL,TX,ASW,CE,Federal Contract Tower,0,22,32,21,75,0,0,103,42,145,0,22,135,63,220,64,72,136,356
03/31/2000,CLL,TX,ASW,CE,Federal Contract Tower,0,23,29,19,71,0,0,104,13,117,0,23,133,32,188,70,20,90,278
04/01/2000,CLL,TX,ASW,CE,Federal Contract Tower,0,15,16,0,31,0,2,16,0,18,0,17,32,0,49,2,0,2,51
04/02/2000,CLL,TX,ASW,CE,Federal Contract Tower,0,15,16,1,32,0,14,2,0,16,0,29,18,1,48,0,0,0,48
04/03/2000,CLL,TX,ASW,CE,Federal Contract Tower,0,21,28,20,69,0,0,16,9,25,0,21,44,29,94,14,18,32,126
04/04/2000,CLL,TX,ASW,CE,Federal Contract Tower,0,25,29,21,75,0,0,123,15,138,0,25,152,36,213,136,26,162,375
04/05/2000,CLL,TX,ASW,CE,Federal Contract Tower,0,22,31,22,75,0,0,133,28,161,0,22,164,50,236,80,48,128,364
04/06/2000,CLL,TX,ASW,CE,Federal Contract Tower,0,24,27,20,71,0,0,125,17,142,0,24,152,37,213,68,48,116,329
04/07/2000,CLL,TX,ASW,CE,Federal Contract Tower,0,22,27,19,68,0,0,101,23,124,0,22,128,42,192,42,26,68,260
04/08/2000,CLL,TX,ASW,CE,Federal Contract Tower,0,17,19,14,50,0,3,84,22,109,0,20,103,36,159,14,62,76,235
04/09/2000,CLL,TX,ASW,CE,Federal Contract Tower,0,21,23,16,60,0,1,117,4,122,0,22,140,20,182,80,20,100,282
04/10/2000,CLL,TX,ASW,CE,Federal Contract Tower,0,24,30,21,75,0,0,59,12,71,0,24,89,33,146,76,28,104,250
04/11/2000,CLL,TX,ASW,CE,Federal Contract Tower,0,21,23,16,60,0,3,67,1,71,0,24,90,17,131,42,14,56,187
04/12/2000,CLL,TX,ASW,CE,Federal Contract Tower,0,26,30,21,77,0,0,33,14,47,0,26,63,35,124,18,56,74,198
04/13/2000,CLL,TX,ASW,CE,Federal Contract Tower,0,41,45,32,118,0,13,44,28,85,0,54,89,60,203,56,54,110,313
04/14/2000,CLL,TX,ASW,CE,Federal Contract Tower,0,26,31,22,79,0,0,126,9,135,0,26,157,31,214,110,20,130,344
04/15/2000,CLL,TX,ASW,CE,Federal Contract Tower,0,21,22,16,59,0,0,93,16,109,0,21,115,32,168,24,36,60,228
04/16/2000,CLL,TX,ASW,CE,Federal Contract Tower,0,18,20,10,48,0,5,78,0,83,0,23,98,10,131,50,4,54,185
04/17/2000,CLL,TX,ASW,CE,Federal Contract Tower,0,23,26,14,63,1,2,97,0,100,1,25,123,14,163,74,28,102,265
04/18/2000,CLL,TX,ASW,CE,Federal Contract Tower,0,22,25,16,63,0,0,91,14,105,0,22,116,30,168,82,34,116,284
04/19/2000,CLL,TX,ASW,CE,Federal Contract Tower,0,22,26,12,60,0,0,76,0,76,0,22,102,12,136,46,8,54,190
04/20/2000,CLL,TX,ASW,CE,Federal Contract Tower,0,30,33,21,84,0,2,142,0,144,0,32,175,21,228,60,10,70,298
04/21/2000,CLL,TX,ASW,CE,Federal Contract Tower,0,23,27,18,68,0,0,130,37,167,0,23,157,55,235,98,46,144,379
04/22/2000,CLL,TX,ASW,CE,Federal Contract Tower,0,11,12,0,23,0,10,90,0,100,0,21,102,0,123,30,4,34,157
04/23/2000,CLL,TX,ASW,CE,Federal Contract Tower,0,13,15,0,28,0,8,54,0,62,0,21,69,0,90,4,0,4,94
04/24/2000,CLL,TX,ASW,CE,Federal Contract Tower,0,22,26,17,65,0,2,84,13,99,0,24,110,30,164,84,52,136,300
04/25/2000,CLL,TX,ASW,CE,Federal Contract Tower,0,22,27,18,67,0,0,96,47,143,0,22,123,65,210,90,62,152,362
04/26/2000,CLL,TX,ASW,CE,Federal Contract Tower,0,22,32,21,75,0,0,97,23,120,0,22,129,44,195,104,58,162,357
04/27/2000,CLL,TX,ASW,CE,Federal Contract Tower,0,23,41,28,92,0,0,107,41,148,0,23,148,69,240,118,50,168,408
04/28/2000,CLL,TX,ASW,CE,Federal Contract Tower,0,21,27,18,66,0,0,115,26,141,0,21,142,44,207,58,36,94,301
04/29/2000,CLL,TX,ASW,CE,Federal Contract Tower,0,24,27,18,69,0,1,62,18,81,0,25,89,36,150,68,28,96,246
04/30/2000,CLL,TX,ASW,CE,Federal Contract Tower,0,18,21,4,43,0,3,19,0,22,0,21,40,4,65,22,0,22,87
05/01/2000,CLL,TX,ASW,CE,Federal Contract Tower,0,11,13,0,24,0,11,28,0,39,0,22,41,0,63,36,0,36,99
05/02/2000,CLL,TX,ASW,CE,Federal Contract Tower,0,21,26,15,62,0,0,55,0,55,0,21,81,15,117,72,2,74,191
05/03/2000,CLL,TX,ASW,CE,Federal Contract Tower,0,16,18,12,46,0,3,73,7,83,0,19,91,19,129,78,26,104,233
05/04/2000,CLL,TX,ASW,CE,Federal Contract Tower,0,19,23,11,53,0,0,24,0,24,0,19,47,11,77,22,4,26,103
05/05/2000,CLL,TX,ASW,CE,Federal Contract Tower,0,19,22,14,55,0,2,42,7,51,0,21,64,21,106,2,14,16,122
05/06/2000,CLL,TX,ASW,CE,Federal Contract Tower,0,17,20,10,47,0,5,56,0,61,0,22,76,10,108,38,52,90,198
05/07/2000,CLL,TX,ASW,CE,Federal Contract Tower,1,13,15,3,32,1,6,61,0,68,2,19,76,3,100,38,18,56,156
05/08/2000,CLL,TX,ASW,CE,Federal Contract Tower,0,22,25,16,63,0,0,66,22,88,0,22,91,38,151,22,44,66,217
05/09/2000,CLL,TX,ASW,CE,Federal Contract Tower,2,20,26,17,65,0,0,31,28,59,2,20,57,45,124,28,20,48,172
05/10/2000,CLL,TX,ASW,CE,Federal Contract Tower,0,21,33,22,76,0,0,79,18,97,0,21,112,40,173,90,70,160,333
05/11/2000,CLL,TX,ASW,CE,Federal Contract Tower,2,27,38,25,92,0,0,46,30,76,2,27,84,55,168,20,66,86,254
05/12/2000,CLL,TX,ASW,CE,Federal Contract Tower,2,25,35,23,85,0,0,67,32,99,2,25,102,55,184,24,28,52,236
05/13/2000,CLL,TX,ASW,CE,Federal Contract Tower,1,16,17,12,46,1,4,62,12,79,2,20,79,24,125,32,14,46,171
05/14/2000,CLL,TX,ASW,CE,Federal Contract Tower,1,20,20,14,55,1,1,97,22,121,2,21,117,36,176,72,32,104,280
05/15/2000,CLL,TX,ASW,CE,Federal Contract Tower,2,22,27,18,69,0,0,94,13,107,2,22,121,31,176,44,34,78,254
05/16/2000,CLL,TX,ASW,CE,Federal Contract Tower,0,20,21,14,55,0,4,70,7,81,0,24,91,21,136,28,8,36,172
05/17/2000,CLL,TX,ASW,CE,Federal Contract Tower,0,18,19,14,51,2,2,36,4,44,2,20,55,18,95,12,42,54,149
05/18/2000,CLL,TX,ASW,CE,Federal Contract Tower,0,22,33,23,78,0,0,55,36,91,0,22,88,59,169,46,40,86,255
05/19/2000,CLL,TX,ASW,CE,Federal Contract Tower,0,12,16,10,38,2,0,33,0,35,2,12,49,10,73,28,18,46,119
05/20/2000,CLL,TX,ASW,CE,Federal Contract Tower,0,18,19,8,45,2,1,35,0,38,2,19,54,8,83,30,10,40,123
05/21/2000,CLL,TX,ASW,CE,Federal Contract Tower,0,18,19,11,48,2,3,71,0,76,2,21,90,11,124,42,6,48,172
05/22/2000,CLL,TX,ASW,CE,Federal Contract Tower,0,20,22,16,58,0,3,101,31,135,0,23,123,47,193,68,46,114,307
05/23/2000,CLL,TX,ASW,CE,Federal Contract Tower,0,18,19,15,52,2,2,80,5,89,2,20,99,20,141,64,36,100,241
05/24/2000,CLL,TX,ASW,CE,Federal Contract Tower,1,24,27,19,71,1,0,118,27,146,2,24,145,46,217,26,42,68,285
05/25/2000,CLL,TX,ASW,CE,Federal Contract Tower,1,22,27,17,67,1,0,94,0,95,2,22,121,17,162,50,24,74,236
05/26/2000,CLL,TX,ASW,CE,Federal Contract Tower,1,24,29,18,72,0,0,61,38,99,1,24,90,56,171,16,24,40,211
05/27/2000,CLL,TX,ASW,CE,Federal Contract Tower,0,12,13,4,29,0,2,64,0,66,0,14,77,4,95,52,8,60,155
05/28/2000,CLL,TX,ASW,CE,Federal Contract Tower,0,14,15,0,29,0,3,81,0,84,0,17,96,0,113,76,0,76,189
05/29/2000,CLL,TX,ASW,CE,Federal Contract Tower,0,18,20,8,46,2,2,96,0,100,2,20,116,8,146,90,0,90,236
05/30/2000,CLL,TX,ASW,CE,Federal Contract Tower,0,21,23,15,59,0,3,76,16,95,0,24,99,31,154,68,58,126,280
05/31/2000,CLL,TX,ASW,CE,Federal Contract Tower,1,23,27,17,68,1,0,105,29,135,2,23,132,46,203,62,68,130,333
06/01/2000,CLL,TX,ASW,CE,Federal Contract Tower,2,24,31,24,81,0,0,87,35,122,2,24,118,59,203,56,46,102,305
06/02/2000,CLL,TX,ASW,CE,Federal Contract Tower,0,20,21,15,56,0,2,50,35,87,0,22,71,50,143,28,6,34,177
06/03/2000,CLL,TX,ASW,CE,Federal Contract Tower,0,10,11,0,21,0,10,38,0,48,0,20,49,0,69,30,0,30,99
06/04/2000,CLL,TX,ASW,CE,Federal Contract Tower,1,11,11,0,23,1,8,12,0,21,2,19,23,0,44,12,0,12,56
06/05/2000,CLL,TX,ASW,CE,Federal Contract Tower,0,24,26,19,69,0,0,64,14,78,0,24,90,33,147,76,10,86,233
06/06/2000,CLL,TX,ASW,CE,Federal Contract Tower,2,23,24,18,67,0,0,92,22,114,2,23,116,40,181,82,40,122,303
06/07/2000,CLL,TX,ASW,CE,Federal Contract Tower,2,27,28,21,78,0,0,97,22,119,2,27,125,43,197,120,20,140,337
06/08/2000,CLL,TX,ASW,CE,Federal Contract Tower,0,21,26,19,66,0,0,72,23,95,0,21,98,42,161,146,64,210,371
06/09/2000,CLL,TX,ASW,CE,Federal Contract Tower,2,20,21,16,59,1,0,24,6,31,3,20,45,22,90,0,16,16,106
06/10/2000,CLL,TX,ASW,CE,Federal Contract Tower,0,13,14,10,37,0,1,19,9,29,0,14,33,19,66,86,26,112,178
06/11/2000,CLL,TX,ASW,CE,Federal Contract Tower,0,12,13,6,31,0,5,13,0,18,0,17,26,6,49,14,0,14,63
06/12/2000,CLL,TX,ASW,CE,Federal Contract Tower,0,22,23,17,62,0,4,106,2,112,0,26,129,19,174,94,10,104,278
06/13/2000,CLL,TX,ASW,CE,Federal Contract Tower,2,19,19,14,54,0,3,100,27,130,2,22,119,41,184,106,36,142,326
06/14/2000,CLL,TX,ASW,CE,Federal Contract Tower,2,18,22,16,58,0,0,78,15,93,2,18,100,31,151,48,76,124,275
06/15/2000,CLL,TX,ASW,CE,Federal Contract Tower,2,22,26,19,69,0,0,105,20,125,2,22,131,39,194,96,64,160,354
06/16/2000,CLL,TX,ASW,CE,Federal Contract Tower,0,21,21,18,60,0,0,84,17,101,0,21,105,35,161,10,38,48,209
06/17/2000,CLL,TX,ASW,CE,Federal Contract Tower,0,9,8,0,17,4,6,40,0,50,4,15,48,0,67,62,0,62,129
06/18/2000,CLL,TX,ASW,CE,Federal Contract Tower,0,13,11,2,26,0,8,56,0,64,0,21,67,2,90,82,0,82,172
06/19/2000,CLL,TX,ASW,CE,Federal Contract Tower,0,22,20,6,48,0,5,84,0,89,0,27,104,6,137,126,8,134,271
06/20/2000,CLL,TX,ASW,CE,Federal Contract Tower,1,23,22,18,64,1,0,70,9,80,2,23,92,27,144,80,46,126,270
06/21/2000,CLL,TX,ASW,CE,Federal Contract Tower,1,22,24,19,66,0,0,114,7,121,1,22,138,26,187,152,32,184,371
06/22/2000,CLL,TX,ASW,CE,Federal Contract Tower,1,21,21,15,58,0,0,72,0,72,1,21,93,15,130,100,16,116,246
06/23/2000,CLL,TX,ASW,CE,Federal Contract Tower,1,22,31,26,80,1,0,106,14,121,2,22,137,40,201,72,80,152,353
06/24/2000,CLL,TX,ASW,CE,Federal Contract Tower,0,14,13,0,27,0,7,92,0,99,0,21,105,0,126,62,0,62,188
06/25/2000,CLL,TX,ASW,CE,Federal Contract Tower,0,13,12,8,33,2,11,83,0,96,2,24,95,8,129,52,10,62,191
06/26/2000,CLL,TX,ASW,CE,Federal Contract Tower,1,19,28,14,62,1,0,108,0,109,2,19,136,14,171,90,18,108,279
06/27/2000,CLL,TX,ASW,CE,Federal Contract Tower,1,21,24,20,66,1,0,84,39,124,2,21,108,59,190,68,50,118,308
06/28/2000,CLL,TX,ASW,CE,Federal Contract Tower,1,24,26,19,70,1,0,89,15,105,2,24,115,34,175,78,66,144,319
06/29/2000,CLL,TX,ASW,CE,Federal Contract Tower,1,23,26,20,70,1,0,86,19,106,2,23,112,39,176,84,40,124,300
06/30/2000,CLL,TX,ASW,CE,Federal Contract Tower,0,23,28,21,72,0,0,68,22,90,0,23,96,43,162,120,58,178,340
07/01/2000,CLL,TX,ASW,CE,Federal Contract Tower,1,14,11,0,26,1,6,90,0,97,2,20,101,0,123,44,0,44,167
07/02/2000,CLL,TX,ASW,CE,Federal Contract Tower,1,13,11,8,33,1,7,50,0,58,2,20,61,8,91,24,14,38,129
07/03/2000,CLL,TX,ASW,CE,Federal Contract Tower,0,14,12,6,32,0,5,76,0,81,0,19,88,6,113,46,8,54,167
07/04/2000,CLL,TX,ASW,CE,Federal Contract Tower,0,9,7,0,16,0,8,84,0,92,0,17,91,0,108,66,0,66,174
07/05/2000,CLL,TX,ASW,CE,Federal Contract Tower,2,24,23,29,78,0,0,90,38,128,2,24,113,67,206,96,70,166,372
07/06/2000,CLL,TX,ASW,CE,Federal Contract Tower,2,22,19,24,67,0,0,74,13,87,2,22,93,37,154,104,82,186,340
07/07/2000,CLL,TX,ASW,CE,Federal Contract Tower,2,22,24,30,78,0,0,85,37,122,2,22,109,67,200,118,66,184,384
07/08/2000,CLL,TX,ASW,CE,Federal Contract Tower,0,19,15,20,54,0,6,108,16,130,0,25,123,36,184,52,46,98,282
07/09/2000,CLL,TX,ASW,CE,Federal Contract Tower,1,18,14,11,44,1,4,94,0,99,2,22,108,11,143,56,22,78,221
07/10/2000,CLL,TX,ASW,CE,Federal Contract Tower,2,31,29,34,96,0,0,74,11,85,2,31,103,45,181,58,72,130,311
07/11/2000,CLL,TX,ASW,CE,Federal Contract Tower,2,26,26,32,86,0,0,110,23,133,2,26,136,55,219,72,60,132,351
07/12/2000,CLL,TX,ASW,CE,Federal Contract Tower,0,21,18,22,61,0,0,108,2,110,0,21,126,24,171,56,52,108,279
07/13/2000,CLL,TX,ASW,CE,Federal Contract Tower,0,24,19,24,67,0,1,113,14,128,0,25,132,38,195,76,60,136,331
07/14/2000,CLL,TX,ASW,CE,Federal Contract Tower,0,31,29,35,95,0,0,89,21,110,0,31,118,56,205,112,52,164,369
07/15/2000,CLL,TX,ASW,CE,Federal Contract Tower,1,19,14,17,51,1,2,97,1,101,2,21,111,18,152,48,30,78,230
07/16/2000,CLL,TX,ASW,CE,Federal Contract Tower,0,19,14,14,47,0,4,77,0,81,0,23,91,14,128,88,2,90,218
07/17/2000,CLL,TX,ASW,CE,Federal Contract Tower,1,22,21,23,67,1,0,92,11,104,2,22,113,34,171,116,34,150,321
07/18/2000,CLL,TX,ASW,CE,Federal Contract Tower,1,25,20,23,69,1,1,94,10,106,2,26,114,33,175,98,32,130,305
07/19/2000,CLL,TX,ASW,CE,Federal Contract Tower,1,19,21,23,64,1,0,97,15,113,2,19,118,38,177,112,60,172,349
07/20/2000,CLL,TX,ASW,CE,Federal Contract Tower,0,21,17,18,56,0,5,94,2,101,0,26,111,20,157,96,24,120,277
07/21/2000,CLL,TX,ASW,CE,Federal Contract Tower,1,25,24,27,77,1,0,100,34,135,2,25,124,61,212,58,30,88,300
07/22/2000,CLL,TX,ASW,CE,Federal Contract Tower,0,22,18,19,59,0,0,63,18,81,0,22,81,37,140,74,50,124,264
07/23/2000,CLL,TX,ASW,CE,Federal Contract Tower,0,20,16,18,54,0,7,66,0,73,0,27,82,18,127,32,26,58,185
07/24/2000,CLL,TX,ASW,CE,Federal Contract Tower,1,21,17,19,58,1,2,72,8,83,2,23,89,27,141,80,42,122,263
07/25/2000,CLL,TX,ASW,CE,Federal Contract Tower,1,22,25,28,76,1,0,110,24,135,2,22,135,52,211,112,62,174,385
07/26/2000,CLL,TX,ASW,CE,Federal Contract Tower,1,25,25,28,79,1,0,77,19,97,2,25,102,47,176,92,62,154,330
07/27/2000,CLL,TX,ASW,CE,Federal Contract Tower,0,27,27,31,85,0,0,100,42,142,0,27,127,73,227,94,48,142,369
07/28/2000,CLL,TX,ASW,CE,Federal Contract Tower,1,22,19,24,66,1,0,94,17,112,2,22,113,41,178,78,32,110,288
07/29/2000,CLL,TX,ASW,CE,Federal Contract Tower,0,14,11,14,39,2,5,76,12,95,2,19,87,26,134,38,32,70,204
07/30/2000,CLL,TX,ASW,CE,Federal Contract Tower,0,15,12,15,42,0,8,37,0,45,0,23,49,15,87,12,32,44,131
07/31/2000,CLL,TX,ASW,CE,Federal Contract Tower,1,25,19,23,68,1,1,63,12,77,2,26,82,35,145,86,14,100,245
08/01/2000,CLL,TX,ASW,CE,Federal Contract Tower,2,23,29,22,76,0,0,92,17,109,2,23,121,39,185,116,68,184,369
08/02/2000,CLL,TX,ASW,CE,Federal Contract Tower,2,28,27,20,77,2,0,74,12,88,4,28,101,32,165,96,56,152,317
08/03/2000,CLL,TX,ASW,CE,Federal Contract Tower,0,21,25,20,66,0,0,105,45,150,0,21,130,65,216,102,52,154,370
08/04/2000,CLL,TX,ASW,CE,Federal Contract Tower,1,16,15,11,43,1,3,83,13,100,2,19,98,24,143,56,16,72,215
08/05/2000,CLL,TX,ASW,CE,Federal Contract Tower,2,20,19,15,56,0,2,76,0,78,2,22,95,15,134,48,36,84,218
08/06/2000,CLL,TX,ASW,CE,Federal Contract Tower,1,14,14,6,35,1,4,76,0,81,2,18,90,6,116,48,4,52,168
08/07/2000,CLL,TX,ASW,CE,Federal Contract Tower,0,22,25,20,67,0,0,62,11,73,0,22,87,31,140,78,24,102,242
08/08/2000,CLL,TX,ASW,CE,Federal Contract Tower,2,21,20,15,58,0,0,41,17,58,2,21,61,32,116,34,46,80,196
08/09/2000,CLL,TX,ASW,CE,Federal Contract Tower,0,20,20,16,56,0,0,80,12,92,0,20,100,28,148,102,50,152,300
08/10/2000,CLL,TX,ASW,CE,Federal Contract Tower,2,22,21,16,61,0,9,104,4,117,2,31,125,20,178,116,20,136,314
08/11/2000,CLL,TX,ASW,CE,Federal Contract Tower,2,22,21,16,61,0,1,102,19,122,2,23,123,35,183,66,48,114,297
08/12/2000,CLL,TX,ASW,CE,Federal Contract Tower,1,20,22,16,59,0,0,105,4,109,1,20,127,20,168,26,16,42,210
08/13/2000,CLL,TX,ASW,CE,Federal Contract Tower,0,20,19,14,53,0,3,57,0,60,0,23,76,14,113,44,14,58,171
08/14/2000,CLL,TX,ASW,CE,Federal Contract Tower,2,22,20,15,59,0,1,46,25,72,2,23,66,40,131,64,40,104,235
08/15/2000,CLL,TX,ASW,CE,Federal Contract Tower,1,21,17,15,54,1,0,65,15,81,2,21,82,30,135,86,24,110,245
08/16/2000,CLL,TX,ASW,CE,Federal Contract Tower,1,25,22,19,67,1,0,82,10,93,2,25,104,29,160,150,26,176,336
08/17/2000,CLL,TX,ASW,CE,Federal Contract Tower,1,20,17,9,47,1,4,112,0,117,2,24,129,9,164,110,2,112,276
08/18/2000,CLL,TX,ASW,CE,Federal Contract Tower,1,27,24,21,73,1,0,69,2,72,2,27,93,23,145,60,6,66,211
08/19/2000,CLL,TX,ASW,CE,Federal Contract Tower,1,18,17,14,50,1,0,79,14,94,2,18,96,28,144,58,64,122,266
08/20/2000,CLL,TX,ASW,CE,Federal Contract Tower,0,15,13,3,31,2,3,81,0,86,2,18,94,3,117,74,4,78,195
08/21/2000,CLL,TX,ASW,CE,Federal Contract Tower,0,20,17,15,52,0,1,70,15,86,0,21,87,30,138,58,28,86,224
08/22/2000,CLL,TX,ASW,CE,Federal Contract Tower,1,21,18,16,56,1,2,43,4,50,2,23,61,20,106,46,18,64,170
08/23/2000,CLL,TX,ASW,CE,Federal Contract Tower,1,23,23,19,66,1,0,72,12,85,2,23,95,31,151,30,24,54,205
08/24/2000,CLL,TX,ASW,CE,Federal Contract Tower,0,24,21,18,63,0,0,80,14,94,0,24,101,32,157,44,32,76,233
08/25/2000,CLL,TX,ASW,CE,Federal Contract Tower,0,24,25,22,71,0,0,92,20,112,0,24,117,42,183,26,38,64,247
08/26/2000,CLL,TX,ASW,CE,Federal Contract Tower,0,19,20,16,55,0,0,102,11,113,0,19,122,27,168,94,66,160,328
08/27/2000,CLL,TX,ASW,CE,Federal Contract Tower,1,20,18,11,50,1,0,122,0,123,2,20,140,11,173,78,12,90,263
08/28/2000,CLL,TX,ASW,CE,Federal Contract Tower,0,19,16,13,48,0,3,73,9,85,0,22,89,22,133,46,24,70,203
08/29/2000,CLL,TX,ASW,CE,Federal Contract Tower,0,22,20,15,57,0,2,89,6,97,0,24,109,21,154,74,42,116,270
08/30/2000,CLL,TX,ASW,CE,Federal Contract Tower,0,16,15,9,40,2,6,120,0,128,2,22,135,9,168,78,8,86,254
08/31/2000,CLL,TX,ASW,CE,Federal Contract Tower,0,22,20,15,57,0,7,111,8,126,0,29,131,23,183,164,10,174,357
09/01/2000,CLL,TX,ASW,CE,Federal Contract Tower,1,22,25,14,62,5,0,77,18,100,6,22,102,32,162,74,66,140,302
09/02/2000,CLL,TX,ASW,CE,Federal Contract Tower,1,14,13,7,35,1,9,83,0,93,2,23,96,7,128,124,10,134,262
09/03/2000,CLL,TX,ASW,CE,Federal Contract Tower,1,11,11,0,23,3,5,59,0,67,4,16,70,0,90,66,0,66,156
09/04/2000,CLL,TX,ASW,CE,Federal Contract Tower,0,15,15,2,32,0,6,73,0,79,0,21,88,2,111,100,0,100,211
09/05/2000,CLL,TX,ASW,CE,Federal Contract Tower,1,20,19,9,49,1,3,73,6,83,2,23,92,15,132,44,24,68,200
09/06/2000,CLL,TX,ASW,CE,Federal Contract Tower,0,20,19,9,48,0,4,90,13,107,0,24,109,22,155,64,24,88,243
09/07/2000,CLL,TX,ASW,CE,Federal Contract Tower,0,24,24,13,61,0,0,74,26,100,0,24,98,39,161,86,58,144,305
09/08/2000,CLL,TX,ASW,CE,Federal Contract Tower,2,24,29,15,70,0,0,85,38,123,2,24,114,53,193,46,36,82,275
09/09/2000,CLL,TX,ASW,CE,Federal Contract Tower,0,25,33,17,75,0,0,97,2,99,0,25,130,19,174,98,32,130,304
09/10/2000,CLL,TX,ASW,CE,Federal Contract Tower,0,22,21,6,49,0,2,82,0,84,0,24,103,6,133,80,8,88,221
09/11/2000,CLL,TX,ASW,CE,Federal Contract Tower,0,28,27,14,69,0,0,72,13,85,0,28,99,27,154,84,32,116,270
09/12/2000,CLL,TX,ASW,CE,Federal Contract Tower,0,24,27,14,65,0,0,48,17,65,0,24,75,31,130,48,34,82,212
09/13/2000,CLL,TX,ASW,CE,Federal Contract Tower,0,23,23,12,58,0,0,49,0,49,0,23,72,12,107,14,10,24,131
09/14/2000,CLL,TX,ASW,CE,Federal Contract Tower,0,26,26,13,65,0,0,22,22,44,0,26,48,35,109,18,34,52,161
09/15/2000,CLL,TX,ASW,CE,Federal Contract Tower,1,25,26,14,66,0,0,118,21,139,1,25,144,35,205,84,46,130,335
09/16/2000,CLL,TX,ASW,CE,Federal Contract Tower,1,25,23,12,61,0,3,215,19,237,1,28,238,31,298,116,32,148,446
09/17/2000,CLL,TX,ASW,CE,Federal Contract Tower,0,16,14,7,37,0,6,108,2,116,0,22,122,9,153,90,8,98,251
09/18/2000,CLL,TX,ASW,CE,Federal Contract Tower,0,23,20,11,54,0,1,92,14,107,0,24,112,25,161,132,40,172,333
09/19/2000,CLL,TX,ASW,CE,Federal Contract Tower,0,18,15,8,41,0,10,104,9,123,0,28,119,17,164,84,22,106,270
09/20/2000,CLL,TX,ASW,CE,Federal Contract Tower,0,26,38,20,84,0,0,64,29,93,0,26,102,49,177,68,50,118,295
09/21/2000,CLL,TX,ASW,CE,Federal Contract Tower,0,25,23,12,60,0,0,54,4,58,0,25,77,16,118,60,8,68,186
09/22/2000,CLL,TX,ASW,CE,Federal Contract Tower,0,22,24,14,60,0,0,58,22,80,0,22,82,36,140,12,12,24,164
09/23/2000,CLL,TX,ASW,CE,Federal Contract Tower,0,21,18,10,49,0,2,40,13,55,0,23,58,23,104,24,32,56,160
09/24/2000,CLL,TX,ASW,CE,Federal Contract Tower,0,13,10,2,25,0,3,49,0,52,0,16,59,2,77,46,2,48,125
09/25/2000,CLL,TX,ASW,CE,Federal Contract Tower,0,20,17,10,47,0,0,53,2,55,0,20,70,12,102,24,2,26,128
09/26/2000,CLL,TX,ASW,CE,Federal Contract Tower,0,21,19,11,51,0,3,108,17,128,0,24,127,28,179,116,2,118,297
09/27/2000,CLL,TX,ASW,CE,Federal Contract Tower,0,21,18,11,50,0,7,73,7,87,0,28,91,18,137,70,10,80,217
09/28/2000,CLL,TX,ASW,CE,Federal Contract Tower,0,22,19,12,53,2,3,99,14,118,2,25,118,26,171,68,6,74,245
09/29/2000,CLL,TX,ASW,CE,Federal Contract Tower,0,19,16,6,41,2,7,121,0,130,2,26,137,6,171,122,0,122,293
09/30/2000,CLL,TX,ASW,CE,Federal Contract Tower,0,21,26,0,47,2,0,229,0,231,2,21,255,0,278,112,8,120,398
10/01/2000,CLL,TX,ASW,CE,Federal Contract Tower,1,15,18,8,42,0,6,111,0,117,1,21,129,8,159,94,4,98,257
10/02/2000,CLL,TX,ASW,CE,Federal Contract Tower,0,21,25,17,63,0,4,46,8,58,0,25,71,25,121,66,36,102,223
10/03/2000,CLL,TX,ASW,CE,Federal Contract Tower,0,19,23,16,58,0,4,71,10,85,0,23,94,26,143,104,50,154,297
10/04/2000,CLL,TX,ASW,CE,Federal Contract Tower,0,24,33,23,80,0,0,76,36,112,0,24,109,59,192,100,58,158,350
10/05/2000,CLL,TX,ASW,CE,Federal Contract Tower,0,21,24,6,51,0,0,78,0,78,0,21,102,6,129,64,12,76,205
10/06/2000,CLL,TX,ASW,CE,Federal Contract Tower,1,18,21,4,44,1,3,34,0,38,2,21,55,4,82,16,0,16,98
10/07/2000,CLL,TX,ASW,CE,Federal Contract Tower,1,20,30,12,63,1,0,80,0,81,2,20,110,12,144,44,0,44,188
10/08/2000,CLL,TX,ASW,CE,Federal Contract Tower,0,10,13,1,24,0,10,40,0,50,0,20,53,1,74,20,0,20,94
10/09/2000,CLL,TX,ASW,CE,Federal Contract Tower,0,14,16,2,32,0,7,61,0,68,0,21,77,2,100,42,6,48,148
10/10/2000,CLL,TX,ASW,CE,Federal Contract Tower,0,22,27,19,68,0,0,63,4,67,0,22,90,23,135,104,42,146,281
10/11/2000,CLL,TX,ASW,CE,Federal Contract Tower,0,24,28,20,72,0,3,73,19,95,0,27,101,39,167,74,28,102,269
10/12/2000,CLL,TX,ASW,CE,Federal Contract Tower,0,23,28,21,72,0,0,96,29,125,0,23,124,50,197,132,80,212,409
10/13/2000,CLL,TX,ASW,CE,Federal Contract Tower,0,24,32,23,79,0,0,103,43,146,0,24,135,66,225,94,44,138,363
10/14/2000,CLL,TX,ASW,CE,Federal Contract Tower,0,10,11,5,26,0,7,89,0,96,0,17,100,5,122,86,10,96,218
10/15/2000,CLL,TX,ASW,CE,Federal Contract Tower,0,12,13,5,30,0,5,71,0,76,0,17,84,5,106,58,0,58,164
10/16/2000,CLL,TX,ASW,CE,Federal Contract Tower,0,15,16,12,43,0,3,36,3,42,0,18,52,15,85,78,14,92,177
10/17/2000,CLL,TX,ASW,CE,Federal Contract Tower,0,18,19,13,50,0,3,20,0,23,0,21,39,13,73,54,22,76,149
10/18/2000,CLL,TX,ASW,CE,Federal Contract Tower,0,20,21,17,58,0,2,92,3,97,0,22,113,20,155,94,22,116,271
10/19/2000,CLL,TX,ASW,CE,Federal Contract Tower,0,25,27,20,72,0,0,103,20,123,0,25,130,40,195,118,34,152,347
10/20/2000,CLL,TX,ASW,CE,Federal Contract Tower,0,33,43,33,109,2,0,97,55,154,2,33,140,88,263,72,28,100,363
10/21/2000,CLL,TX,ASW,CE,Federal Contract Tower,0,17,18,9,44,0,5,33,0,38,0,22,51,9,82,68,24,92,174
10/22/2000,CLL,TX,ASW,CE,Federal Contract Tower,0,16,17,13,46,0,4,32,4,40,0,20,49,17,86,66,22,88,174
10/23/2000,CLL,TX,ASW,CE,Federal Contract Tower,0,22,23,18,63,0,3,19,0,22,0,25,42,18,85,12,8,20,105
10/24/2000,CLL,TX,ASW,CE,Federal Contract Tower,0,24,30,23,77,0,0,64,20,84,0,24,94,43,161,124,50,174,335
10/25/2000,CLL,TX,ASW,CE,Federal Contract Tower,0,32,45,34,111,0,0,78,20,98,0,32,123,54,209,94,100,194,403
10/26/2000,CLL,TX,ASW,CE,Federal Contract Tower,0,25,31,23,79,0,0,51,34,85,0,25,82,57,164,76,40,116,280
10/27/2000,CLL,TX,ASW,CE,Federal Contract Tower,0,25,31,23,79,2,0,133,18,153,2,25,164,41,232,110,22,132,364
10/28/2000,CLL,TX,ASW,CE,Federal Contract Tower,0,21,34,20,75,2,0,157,0,159,2,21,191,20,234,110,22,132,366
10/29/2000,CLL,TX,ASW,CE,Federal Contract Tower,0,20,22,3,45,0,1,57,0,58,0,21,79,3,103,86,2,88,191
10/30/2000,CLL,TX,ASW,CE,Federal Contract Tower,0,24,29,20,73,0,0,50,19,69,0,24,79,39,142,104,18,122,264
10/31/2000,CLL,TX,ASW,CE,Federal Contract Tower,0,22,38,28,88,0,0,41,31,72,0,22,79,59,160,46,82,128,288
11/01/2000,CLL,TX,ASW,CE,Federal Contract Tower,0,23,25,12,60,0,5,17,0,22,0,28,42,12,82,28,28,56,138
11/02/2000,CLL,TX,ASW,CE,Federal Contract Tower,0,23,25,17,65,0,3,47,9,59,0,26,72,26,124,140,30,170,294
11/03/2000,CLL,TX,ASW,CE,Federal Contract Tower,1,20,21,11,53,1,3,13,0,17,2,23,34,11,70,0,0,0,70
11/04/2000,CLL,TX,ASW,CE,Federal Contract Tower,1,18,19,0,38,1,4,26,0,31,2,22,45,0,69,22,12,34,103
11/05/2000,CLL,TX,ASW,CE,Federal Contract Tower,0,10,12,2,24,0,6,15,0,21,0,16,27,2,45,44,0,44,89
11/06/2000,CLL,TX,ASW,CE,Federal Contract Tower,0,20,25,18,63,0,0,97,27,124,0,20,122,45,187,96,52,148,335
11/07/2000,CLL,TX,ASW,CE,Federal Contract Tower,0,17,18,7,42,0,5,37,0,42,0,22,55,7,84,12,4,16,100
11/08/2000,CLL,TX,ASW,CE,Federal Contract Tower,0,25,24,15,64,0,7,16,0,23,0,32,40,15,87,0,2,2,89
11/09/2000,CLL,TX,ASW,CE,Federal Contract Tower,0,25,25,18,68,0,2,88,32,122,0,27,113,50,190,104,68,172,362
11/10/2000,CLL,TX,ASW,CE,Federal Contract Tower,0,25,27,16,68,2,0,183,0,185,2,25,210,16,253,134,26,160,413
11/11/2000,CLL,TX,ASW,CE,Federal Contract Tower,0,30,46,9,85,2,0,171,0,173,2,30,217,9,258,52,2,54,312
11/12/2000,CLL,TX,ASW,CE,Federal Contract Tower,0,21,20,6,47,0,2,41,0,43,0,23,61,6,90,56,0,56,146
11/13/2000,CLL,TX,ASW,CE,Federal Contract Tower,0,28,30,23,81,0,0,44,35,79,0,28,74,58,160,54,166,220,380
11/14/2000,CLL,TX,ASW,CE,Federal Contract Tower,0,20,26,20,66,0,0,86,27,113,0,20,112,47,179,96,60,156,335
11/15/2000,CLL,TX,ASW,CE,Federal Contract Tower,0,26,28,21,75,0,0,55,28,83,0,26,83,49,158,38,54,92,250
11/16/2000,CLL,TX,ASW,CE,Federal Contract Tower,0,20,27,20,67,2,0,11,21,34,2,20,38,41,101,28,30,58,159
11/17/2000,CLL,TX,ASW,CE,Federal Contract Tower,0,22,27,20,69,0,0,65,25,90,0,22,92,45,159,84,12,96,255
11/18/2000,CLL,TX,ASW,CE,Federal Contract Tower,0,18,17,1,36,0,3,9,0,12,0,21,26,1,48,0,0,0,48
11/19/2000,CLL,TX,ASW,CE,Federal Contract Tower,0,17,16,13,46,0,3,85,2,90,0,20,101,15,136,112,46,158,294
11/20/2000,CLL,TX,ASW,CE,Federal Contract Tower,0,19,19,15,53,0,2,72,17,91,0,21,91,32,144,100,46,146,290
11/21/2000,CLL,TX,ASW,CE,Federal Contract Tower,0,25,35,27,87,0,0,119,24,143,0,25,154,51,230,138,54,192,422
11/22/2000,CLL,TX,ASW,CE,Federal Contract Tower,0,24,23,18,65,0,0,71,1,72,0,24,94,19,137,78,26,104,241
11/23/2000,CLL,TX,ASW,CE,Federal Contract Tower,0,9,7,0,16,0,9,0,0,9,0,18,7,0,25,0,0,0,25
11/24/2000,CLL,TX,ASW,CE,Federal Contract Tower,0,10,10,0,20,1,9,19,0,29,1,19,29,0,49,0,0,0,49
11/25/2000,CLL,TX,ASW,CE,Federal Contract Tower,0,8,9,0,17,0,12,71,0,83,0,20,80,0,100,88,0,88,188
11/26/2000,CLL,TX,ASW,CE,Federal Contract Tower,0,14,14,4,32,0,8,111,0,119,0,22,125,4,151,118,2,120,271
11/27/2000,CLL,TX,ASW,CE,Federal Contract Tower,0,23,32,23,78,0,0,62,32,94,0,23,94,55,172,106,112,218,390
11/28/2000,CLL,TX,ASW,CE,Federal Contract Tower,0,23,30,21,74,0,0,51,13,64,0,23,81,34,138,82,52,134,272
11/29/2000,CLL,TX,ASW,CE,Federal Contract Tower,0,28,31,22,81,0,0,40,4,44,0,28,71,26,125,58,12,70,195
11/30/2000,CLL,TX,ASW,CE,Federal Contract Tower,0,23,27,19,69,0,0,130,15,145,0,23,157,34,214,124,26,150,364
12/01/2000,CLL,TX,ASW,CE,Federal Contract Tower,0,23,21,20,64,0,0,29,8,37,0,23,50,28,101,44,8,52,153
12/02/2000,CLL,TX,ASW,CE,Federal Contract Tower,0,17,15,14,46,0,4,74,0,78,0,21,89,14,124,72,34,106,230
12/03/2000,CLL,TX,ASW,CE,Federal Contract Tower,0,14,12,2,28,0,5,84,0,89,0,19,96,2,117,148,8,156,273
12/04/2000,CLL,TX,ASW,CE,Federal Contract Tower,0,19,22,23,64,0,0,54,27,81,0,19,76,50,145,76,58,134,279
12/05/2000,CLL,TX,ASW,CE,Federal Contract Tower,0,23,29,29,81,0,0,60,23,83,0,23,89,52,164,48,80,128,292
12/06/2000,CLL,TX,ASW,CE,Federal Contract Tower,0,21,21,22,64,0,0,29,13,42,0,21,50,35,106,6,28,34,140
12/07/2000,CLL,TX,ASW,CE,Federal Contract Tower,0,25,26,26,77,0,0,89,48,137,0,25,115,74,214,76,44,120,334
12/08/2000,CLL,TX,ASW,CE,Federal Contract Tower,0,21,26,27,74,0,0,77,49,126,0,21,103,76,200,102,74,176,376
12/09/2000,CLL,TX,ASW,CE,Federal Contract Tower,0,22,25,25,72,0,0,55,12,67,0,22,80,37,139,58,42,100,239
12/10/2000,CLL,TX,ASW,CE,Federal Contract Tower,0,19,16,11,46,0,1,37,0,38,0,20,53,11,84,34,22,56,140
12/11/2000,CLL,TX,ASW,CE,Federal Contract Tower,0,21,29,28,78,0,0,26,24,50,0,21,55,52,128,26,10,36,164
12/12/2000,CLL,TX,ASW,CE,Federal Contract Tower,0,13,11,5,29,0,9,5,0,14,0,22,16,5,43,10,0,10,53
12/13/2000,CLL,TX,ASW,CE,Federal Contract Tower,0,22,12,19,53,0,4,0,4,8,0,26,12,23,61,0,14,14,75
12/14/2000,CLL,TX,ASW,CE,Federal Contract Tower,0,23,20,20,63,1,0,74,2,77,1,23,94,22,140,64,16,80,220
12/15/2000,CLL,TX,ASW,CE,Federal Contract Tower,0,18,16,3,37,0,0,12,0,12,0,18,28,3,49,2,0,2,51
12/16/2000,CLL,TX,ASW,CE,Federal Contract Tower,0,18,15,16,49,0,0,54,16,70,0,18,69,32,119,4,64,68,187
12/17/2000,CLL,TX,ASW,CE,Federal Contract Tower,0,14,12,12,38,0,10,71,0,81,0,24,83,12,119,126,6,132,251
12/18/2000,CLL,TX,ASW,CE,Federal Contract Tower,0,21,17,18,56,0,1,52,8,61,0,22,69,26,117,58,26,84,201
12/19/2000,CLL,TX,ASW,CE,Federal Contract Tower,0,24,26,26,76,0,0,54,22,76,0,24,80,48,152,114,60,174,326
12/20/2000,CLL,TX,ASW,CE,Federal Contract Tower,0,24,27,27,78,0,0,63,31,94,0,24,90,58,172,52,60,112,284
12/21/2000,CLL,TX,ASW,CE,Federal Contract Tower,0,22,17,17,56,0,5,62,22,89,0,27,79,39,145,52,38,90,235
12/22/2000,CLL,TX,ASW,CE,Federal Contract Tower,0,17,13,5,35,0,4,97,0,101,0,21,110,5,136,102,0,102,238
12/23/2000,CLL,TX,ASW,CE,Federal Contract Tower,0,14,11,0,25,0,4,57,0,61,0,18,68,0,86,74,0,74,160
12/24/2000,CLL,TX,ASW,CE,Federal Contract Tower,0,13,10,0,23,0,0,9,0,9,0,13,19,0,32,4,0,4,36
12/25/2000,CLL,TX,ASW,CE,Federal Contract Tower,0,7,5,0,12,0,3,1,0,4,0,10,6,0,16,0,0,0,16
12/26/2000,CLL,TX,ASW,CE,Federal Contract Tower,0,13,11,0,24,0,9,7,0,16,0,22,18,0,40,0,0,0,40
12/27/2000,CLL,TX,ASW,CE,Federal Contract Tower,0,13,10,0,23,0,11,3,0,14,0,24,13,0,37,0,0,0,37
12/28/2000,CLL,TX,ASW,CE,Federal Contract Tower,0,21,18,16,55,0,0,99,9,108,0,21,117,25,163,66,0,66,229
12/29/2000,CLL,TX,ASW,CE,Federal Contract Tower,0,17,13,6,36,0,4,98,0,102,0,21,111,6,138,92,0,92,230
12/30/2000,CLL,TX,ASW,CE,Federal Contract Tower,0,13,10,0,23,0,8,62,0,70,0,21,72,0,93,36,0,36,129
12/31/2000,CLL,TX,ASW,CE,Federal Contract Tower,0,9,6,0,15,0,7,25,0,32,0,16,31,0,47,4,0,4,51
01/01/2001,CLL,TX,ASW,CE,Federal Contract Tower,0,6,2,0,8,0,11,0,0,11,0,17,2,0,19,0,0,0,19
01/02/2001,CLL,TX,ASW,CE,Federal Contract Tower,0,20,20,19,59,0,4,22,3,29,0,24,42,22,88,4,42,46,134
01/03/2001,CLL,TX,ASW,CE,Federal Contract Tower,0,14,14,12,40,0,7,76,0,83,0,21,90,12,123,44,0,44,167
01/04/2001,CLL,TX,ASW,CE,Federal Contract Tower,0,24,22,23,69,0,4,100,22,126,0,28,122,45,195,56,64,120,315
01/05/2001,CLL,TX,ASW,CE,Federal Contract Tower,0,16,16,16,48,0,5,91,2,98,0,21,107,18,146,114,18,132,278
01/06/2001,CLL,TX,ASW,CE,Federal Contract Tower,0,17,16,17,50,0,2,126,4,132,0,19,142,21,182,56,56,112,294
01/07/2001,CLL,TX,ASW,CE,Federal Contract Tower,0,10,10,3,23,0,10,21,0,31,0,20,31,3,54,26,0,26,80
01/08/2001,CLL,TX,ASW,CE,Federal Contract Tower,0,22,19,21,62,0,0,71,25,96,0,22,90,46,158,58,70,128,286
01/09/2001,CLL,TX,ASW,CE,Federal Contract Tower,0,24,26,28,78,0,0,68,40,108,0,24,94,68,186,38,92,130,316
01/10/2001,CLL,TX,ASW,CE,Federal Contract Tower,1,15,13,2,31,1,1,8,0,10,2,16,21,2,41,10,0,10,51
01/11/2001,CLL,TX,ASW,CE,Federal Contract Tower,0,23,27,27,77,0,0,17,19,36,0,23,44,46,113,16,14,30,143
01/12/2001,CLL,TX,ASW,CE,Federal Contract Tower,0,20,23,25,68,0,0,55,34,89,0,20,78,59,157,12,14,26,183
01/13/2001,CLL,TX,ASW,CE,Federal Contract Tower,0,19,15,2,36,0,1,14,0,15,0,20,29,2,51,0,0,0,51
01/14/2001,CLL,TX,ASW,CE,Federal Contract Tower,0,15,13,12,40,0,5,92,3,100,0,20,105,15,140,68,26,94,234
01/15/2001,CLL,TX,ASW,CE,Federal Contract Tower,0,20,17,8,45,0,5,71,0,76,0,25,88,8,121,100,8,108,229
01/16/2001,CLL,TX,ASW,CE,Federal Contract Tower,0,21,18,5,44,0,3,11,0,14,0,24,29,5,58,0,4,4,62
01/17/2001,CLL,TX,ASW,CE,Federal Contract Tower,0,13,11,0,24,0,12,0,0,12,0,25,11,0,36,0,0,0,36
01/18/2001,CLL,TX,ASW,CE,Federal Contract Tower,0,18,15,0,33,4,4,7,0,15,4,22,22,0,48,0,0,0,48
01/19/2001,CLL,TX,ASW,CE,Federal Contract Tower,0,16,14,14,44,0,2,54,9,65,0,18,68,23,109,16,18,34,143
01/20/2001,CLL,TX,ASW,CE,Federal Contract Tower,0,21,25,24,70,0,0,114,37,151,0,21,139,61,221,65,60,125,346
01/21/2001,CLL,TX,ASW,CE,Federal Contract Tower,0,18,16,15,49,0,0,47,11,58,0,18,63,26,107,30,36,66,173
01/22/2001,CLL,TX,ASW,CE,Federal Contract Tower,0,22,22,22,66,5,0,71,24,100,5,22,93,46,166,84,76,160,326
01/23/2001,CLL,TX,ASW,CE,Federal Contract Tower,0,19,20,18,57,0,0,69,26,95,0,19,89,44,152,92,80,172,324
01/24/2001,CLL,TX,ASW,CE,Federal Contract Tower,0,21,27,26,74,0,0,104,26,130,0,21,131,52,204,76,50,126,330
01/25/2001,CLL,TX,ASW,CE,Federal Contract Tower,0,22,24,24,70,0,0,80,15,95,0,22,104,39,165,82,38,120,285
01/26/2001,CLL,TX,ASW,CE,Federal Contract Tower,0,22,22,22,66,0,0,39,33,72,0,22,61,55,138,44,28,72,210
01/27/2001,CLL,TX,ASW,CE,Federal Contract Tower,0,15,12,8,35,0,2,22,0,24,0,17,34,8,59,36,2,38,97
01/28/2001,CLL,TX,ASW,CE,Federal Contract Tower,0,14,12,0,26,0,2,19,0,21,0,16,31,0,47,46,0,46,93
01/29/2001,CLL,TX,ASW,CE,Federal Contract Tower,0,21,19,10,50,0,1,67,0,68,0,22,86,10,118,16,0,16,134
01/30/2001,CLL,TX,ASW,CE,Federal Contract Tower,0,26,23,22,71,0,0,100,16,116,0,26,123,38,187,100,30,130,317
01/31/2001,CLL,TX,ASW,CE,Federal Contract Tower,0,19,39,38,96,0,0,55,57,112,0,19,94,95,208,70,80,150,358
02/01/2001,CLL,TX,ASW,CE,Federal Contract Tower,0,23,35,26,84,0,0,69,75,144,0,23,104,101,228,48,78,126,354
02/02/2001,CLL,TX,ASW,CE,Federal Contract Tower,0,22,34,25,81,0,0,91,64,155,0,22,125,89,236,30,22,52,288
02/03/2001,CLL,TX,ASW,CE,Federal Contract Tower,0,17,19,15,51,0,4,119,9,132,0,21,138,24,183,80,50,130,313
02/04/2001,CLL,TX,ASW,CE,Federal Contract Tower,0,15,16,6,37,0,5,118,0,123,0,20,134,6,160,106,22,128,288
02/05/2001,CLL,TX,ASW,CE,Federal Contract Tower,0,20,25,20,65,0,0,92,13,105,0,20,117,33,170,88,34,122,292
02/06/2001,CLL,TX,ASW,CE,Federal Contract Tower,0,21,25,20,66,0,0,96,19,115,0,21,121,39,181,42,34,76,257
02/07/2001,CLL,TX,ASW,CE,Federal Contract Tower,0,23,37,29,89,0,0,34,5,39,0,23,71,34,128,28,32,60,188
02/08/2001,CLL,TX,ASW,CE,Federal Contract Tower,0,22,26,21,69,0,0,35,14,49,0,22,61,35,118,50,16,66,184
02/09/2001,CLL,TX,ASW,CE,Federal Contract Tower,0,25,30,24,79,0,0,37,40,77,0,25,67,64,156,32,32,64,220
02/10/2001,CLL,TX,ASW,CE,Federal Contract Tower,0,19,22,18,59,0,0,107,17,124,0,19,129,35,183,70,62,132,315
02/11/2001,CLL,TX,ASW,CE,Federal Contract Tower,0,15,17,0,32,0,4,40,0,44,0,19,57,0,76,90,0,90,166
02/12/2001,CLL,TX,ASW,CE,Federal Contract Tower,0,9,10,0,19,0,5,4,0,9,0,14,14,0,28,0,0,0,28
02/13/2001,CLL,TX,ASW,CE,Federal Contract Tower,0,17,20,3,40,0,2,20,0,22,0,19,40,3,62,36,0,36,98
02/14/2001,CLL,TX,ASW,CE,Federal Contract Tower,0,23,26,18,67,0,2,29,0,31,0,25,55,18,98,60,20,80,178
02/15/2001,CLL,TX,ASW,CE,Federal Contract Tower,0,18,20,7,45,0,1,34,0,35,0,19,54,7,80,26,6,32,112
02/16/2001,CLL,TX,ASW,CE,Federal Contract Tower,0,23,29,21,73,0,0,46,23,69,0,23,75,44,142,48,36,84,226
02/17/2001,CLL,TX,ASW,CE,Federal Contract Tower,0,20,23,17,60,0,1,87,3,91,0,21,110,20,151,108,44,152,303
02/18/2001,CLL,TX,ASW,CE,Federal Contract Tower,0,14,17,8,39,0,7,123,0,130,0,21,140,8,169,108,4,112,281
02/19/2001,CLL,TX,ASW,CE,Federal Contract Tower,0,20,25,18,63,0,8,77,8,93,0,28,102,26,156,110,26,136,292
02/20/2001,CLL,TX,ASW,CE,Federal Contract Tower,0,26,33,24,83,0,0,41,8,49,0,26,74,32,132,76,24,100,232
02/21/2001,CLL,TX,ASW,CE,Federal Contract Tower,0,24,34,25,83,0,0,15,9,24,0,24,49,34,107,18,28,46,153
02/22/2001,CLL,TX,ASW,CE,Federal Contract Tower,0,23,40,29,92,0,0,34,32,66,0,23,74,61,158,66,30,96,254
02/23/2001,CLL,TX,ASW,CE,Federal Contract Tower,0,20,31,6,57,0,0,23,0,23,0,20,54,6,80,6,8,14,94
02/24/2001,CLL,TX,ASW,CE,Federal Contract Tower,0,18,21,6,45,0,1,34,0,35,0,19,55,6,80,18,0,18,98
02/25/2001,CLL,TX,ASW,CE,Federal Contract Tower,0,12,15,10,37,0,7,101,5,113,0,19,116,15,150,114,10,124,274
02/26/2001,CLL,TX,ASW,CE,Federal Contract Tower,0,19,23,16,58,0,3,24,3,30,0,22,47,19,88,22,2,24,112
02/27/2001,CLL,TX,ASW,CE,Federal Contract Tower,0,18,22,15,55,0,4,28,7,39,0,22,50,22,94,26,8,34,128
02/28/2001,CLL,TX,ASW,CE,Federal Contract Tower,0,19,23,8,50,0,3,5,0,8,0,22,28,8,58,0,0,0,58
03/01/2001,CLL,TX,ASW,CE,Federal Contract Tower,0,12,8,0,20,0,14,0,0,14,0,26,8,0,34,0,0,0,34
03/02/2001,CLL,TX,ASW,CE,Federal Contract Tower,0,19,20,4,43,0,5,7,0,12,0,24,27,4,55,6,0,6,61
03/03/2001,CLL,TX,ASW,CE,Federal Contract Tower,0,15,14,9,38,0,0,14,0,14,0,15,28,9,52,4,4,8,60
03/04/2001,CLL,TX,ASW,CE,Federal Contract Tower,0,17,14,11,42,0,2,113,0,115,0,19,127,11,157,170,16,186,343
03/05/2001,CLL,TX,ASW,CE,Federal Contract Tower,0,23,22,20,65,0,0,98,23,121,0,23,120,43,186,100,30,130,316
03/06/2001,CLL,TX,ASW,CE,Federal Contract Tower,0,24,22,19,65,0,0,97,12,109,0,24,119,31,174,146,28,174,348
03/07/2001,CLL,TX,ASW,CE,Federal Contract Tower,0,24,23,20,67,0,0,110,24,134,0,24,133,44,201,98,32,130,331
03/08/2001,CLL,TX,ASW,CE,Federal Contract Tower,0,20,18,15,53,0,0,24,0,24,0,20,42,15,77,68,22,90,167
03/09/2001,CLL,TX,ASW,CE,Federal Contract Tower,0,24,22,20,66,0,0,88,0,88,0,24,110,20,154,66,4,70,224
03/10/2001,CLL,TX,ASW,CE,Federal Contract Tower,0,19,21,19,59,0,0,114,17,131,0,19,135,36,190,110,52,162,352
03/11/2001,CLL,TX,ASW,CE,Federal Contract Tower,0,12,11,1,24,0,6,8,0,14,0,18,19,1,38,50,0,50,88
03/12/2001,CLL,TX,ASW,CE,Federal Contract Tower,0,22,29,27,78,0,0,83,42,125,0,22,112,69,203,122,84,206,409
03/13/2001,CLL,TX,ASW,CE,Federal Contract Tower,0,24,29,26,79,0,0,76,44,120,0,24,105,70,199,130,54,184,383
03/14/2001,CLL,TX,ASW,CE,Federal Contract Tower,0,14,11,3,28,0,12,12,0,24,0,26,23,3,52,56,0,56,108
03/15/2001,CLL,TX,ASW,CE,Federal Contract Tower,0,20,25,23,68,0,0,73,71,144,0,20,98,94,212,20,32,52,264
03/16/2001,CLL,TX,ASW,CE,Federal Contract Tower,0,21,19,18,58,0,0,140,36,176,0,21,159,54,234,104,14,118,352
03/17/2001,CLL,TX,ASW,CE,Federal Contract Tower,0,16,14,11,41,0,2,51,4,57,0,18,65,15,98,74,50,124,222
03/18/2001,CLL,TX,ASW,CE,Federal Contract Tower,0,11,9,0,20,0,8,23,0,31,0,19,32,0,51,12,0,12,63
03/19/2001,CLL,TX,ASW,CE,Federal Contract Tower,0,24,25,22,71,0,0,61,10,71,0,24,86,32,142,68,32,100,242
03/20/2001,CLL,TX,ASW,CE,Federal Contract Tower,0,29,25,21,75,0,13,103,9,125,0,42,128,30,200,80,26,106,306
03/21/2001,CLL,TX,ASW,CE,Federal Contract Tower,0,21,25,21,67,0,0,104,25,129,0,21,129,46,196,90,64,154,350
03/22/2001,CLL,TX,ASW,CE,Federal Contract Tower,0,24,21,17,62,0,4,130,6,140,0,28,151,23,202,94,14,108,310
03/23/2001,CLL,TX,ASW,CE,Federal Contract Tower,0,25,26,22,73,0,0,120,28,148,0,25,146,50,221,86,36,122,343
03/24/2001,CLL,TX,ASW,CE,Federal Contract Tower,0,14,11,10,35,0,6,6,9,21,0,20,17,19,56,0,28,28,84
03/25/2001,CLL,TX,ASW,CE,Federal Contract Tower,0,19,17,11,47,0,5,103,0,108,0,24,120,11,155,122,16,138,293
03/26/2001,CLL,TX,ASW,CE,Federal Contract Tower,0,22,21,18,61,0,0,92,23,115,0,22,113,41,176,150,30,180,356
03/27/2001,CLL,TX,ASW,CE,Federal Contract Tower,0,19,17,0,36,0,8,15,0,23,0,27,32,0,59,20,0,20,79
03/28/2001,CLL,TX,ASW,CE,Federal Contract Tower,0,24,20,3,47,0,2,21,0,23,0,26,41,3,70,0,0,0,70
03/29/2001,CLL,TX,ASW,CE,Federal Contract Tower,0,28,26,22,76,0,0,28,13,41,0,28,54,35,117,28,8,36,153
03/30/2001,CLL,TX,ASW,CE,Federal Contract Tower,0,21,26,23,70,0,0,74,40,114,0,21,100,63,184,60,38,98,282
03/31/2001,CLL,TX,ASW,CE,Federal Contract Tower,0,18,17,15,50,0,0,121,3,124,0,18,138,18,174,100,36,136,310
04/01/2001,CLL,TX,ASW,CE,Federal Contract Tower,0,19,19,8,46,0,0,123,3,126,0,19,142,11,172,100,8,108,280
04/02/2001,CLL,TX,ASW,CE,Federal Contract Tower,0,28,42,48,118,0,0,35,17,52,0,28,77,65,170,38,52,90,260
04/03/2001,CLL,TX,ASW,CE,Federal Contract Tower,0,24,54,10,88,0,0,35,3,38,0,24,89,13,126,70,8,78,204
04/04/2001,CLL,TX,ASW,CE,Federal Contract Tower,0,25,32,25,82,0,0,27,15,42,0,25,59,40,124,92,24,116,240
04/05/2001,CLL,TX,ASW,CE,Federal Contract Tower,0,26,31,20,77,0,0,102,12,114,0,26,133,32,191,142,22,164,355
04/06/2001,CLL,TX,ASW,CE,Federal Contract Tower,0,22,28,36,86,0,0,92,47,139,0,22,120,83,225,38,46,84,309
04/07/2001,CLL,TX,ASW,CE,Federal Contract Tower,0,20,31,29,80,0,0,81,8,89,0,20,112,37,169,54,80,134,303
04/08/2001,CLL,TX,ASW,CE,Federal Contract Tower,0,18,23,10,51,0,0,62,1,63,0,18,85,11,114,48,22,70,184
04/09/2001,CLL,TX,ASW,CE,Federal Contract Tower,0,23,23,43,89,0,0,64,20,84,0,23,87,63,173,102,32,134,307
04/10/2001,CLL,TX,ASW,CE,Federal Contract Tower,0,25,25,32,82,0,3,66,10,79,0,28,91,42,161,36,52,88,249
04/11/2001,CLL,TX,ASW,CE,Federal Contract Tower,0,24,18,17,59,0,0,67,8,75,0,24,85,25,134,82,16,98,232
04/12/2001,CLL,TX,ASW,CE,Federal Contract Tower,0,27,59,11,97,0,0,16,2,18,0,27,75,13,115,0,0,0,115
04/13/2001,CLL,TX,ASW,CE,Federal Contract Tower,0,22,24,15,61,0,0,94,0,94,0,22,118,15,155,88,6,94,249
04/14/2001,CLL,TX,ASW,CE,Federal Contract Tower,0,19,20,0,39,0,0,70,0,70,0,19,90,0,109,54,0,54,163
04/15/2001,CLL,TX,ASW,CE,Federal Contract Tower,0,18,8,2,28,0,0,61,2,63,0,18,69,4,91,40,0,40,131
04/16/2001,CLL,TX,ASW,CE,Federal Contract Tower,0,27,33,9,69,0,0,86,7,93,0,27,119,16,162,84,10,94,256
04/17/2001,CLL,TX,ASW,CE,Federal Contract Tower,0,28,23,5,56,0,2,57,4,63,0,30,80,9,119,34,12,46,165
04/18/2001,CLL,TX,ASW,CE,Federal Contract Tower,0,24,22,18,64,0,2,117,3,122,0,26,139,21,186,150,26,176,362
04/19/2001,CLL,TX,ASW,CE,Federal Contract Tower,0,24,19,24,67,0,0,65,12,77,0,24,84,36,144,58,40,98,242
04/20/2001,CLL,TX,ASW,CE,Federal Contract Tower,0,24,28,16,68,0,0,43,12,55,0,24,71,28,123,14,44,58,181
04/21/2001,CLL,TX,ASW,CE,Federal Contract Tower,0,21,19,16,56,0,0,32,4,36,0,21,51,20,92,36,40,76,168
04/22/2001,CLL,TX,ASW,CE,Federal Contract Tower,0,19,16,4,39,0,1,20,5,26,0,20,36,9,65,14,0,14,79
04/23/2001,CLL,TX,ASW,CE,Federal Contract Tower,0,29,8,1,38,0,10,33,0,43,0,39,41,1,81,122,0,122,203
04/24/2001,CLL,TX,ASW,CE,Federal Contract Tower,0,42,9,62,113,0,23,99,24,146,0,65,108,86,259,84,114,198,457
04/25/2001,CLL,TX,ASW,CE,Federal Contract Tower,0,26,19,25,70,0,4,130,16,150,0,30,149,41,220,60,30,90,310
04/26/2001,CLL,TX,ASW,CE,Federal Contract Tower,0,25,19,31,75,0,0,130,14,144,0,25,149,45,219,130,72,202,421
04/27/2001,CLL,TX,ASW,CE,Federal Contract Tower,0,21,27,33,81,0,0,138,35,173,0,21,165,68,254,108,100,208,462
04/28/2001,CLL,TX,ASW,CE,Federal Contract Tower,0,21,19,7,47,0,0,149,1,150,0,21,168,8,197,140,6,146,343
04/29/2001,CLL,TX,ASW,CE,Federal Contract Tower,0,19,19,7,45,0,0,110,5,115,0,19,129,12,160,78,18,96,256
04/30/2001,CLL,TX,ASW,CE,Federal Contract Tower,0,22,18,11,51,0,1,74,5,80,0,23,92,16,131,172,18,190,321
05/01/2001,CLL,TX,ASW,CE,Federal Contract Tower,1,22,29,25,77,0,0,84,8,92,1,22,113,33,169,74,32,106,275
05/02/2001,CLL,TX,ASW,CE,Federal Contract Tower,1,24,21,26,72,0,2,91,13,106,1,26,112,39,178,68,28,96,274
05/03/2001,CLL,TX,ASW,CE,Federal Contract Tower,1,25,19,28,73,0,0,112,13,125,1,25,131,41,198,58,14,72,270
05/04/2001,CLL,TX,ASW,CE,Federal Contract Tower,0,22,26,19,67,0,0,68,19,87,0,22,94,38,154,8,30,38,192
05/05/2001,CLL,TX,ASW,CE,Federal Contract Tower,0,17,18,2,37,0,0,20,0,20,0,17,38,2,57,10,0,10,67
05/06/2001,CLL,TX,ASW,CE,Federal Contract Tower,0,16,38,18,72,0,0,30,7,37,0,16,68,25,109,30,40,70,179
05/07/2001,CLL,TX,ASW,CE,Federal Contract Tower,1,22,24,0,47,0,1,63,4,68,1,23,87,4,115,120,0,120,235
05/08/2001,CLL,TX,ASW,CE,Federal Contract Tower,2,29,22,23,76,0,0,46,20,66,2,29,68,43,142,66,14,80,222
05/09/2001,CLL,TX,ASW,CE,Federal Contract Tower,1,27,24,30,82,0,0,94,31,125,1,27,118,61,207,112,64,176,383
05/10/2001,CLL,TX,ASW,CE,Federal Contract Tower,3,27,35,12,77,0,0,58,10,68,3,27,93,22,145,62,18,80,225
05/11/2001,CLL,TX,ASW,CE,Federal Contract Tower,0,23,31,26,80,0,0,81,8,89,0,23,112,34,169,72,70,142,311
05/12/2001,CLL,TX,ASW,CE,Federal Contract Tower,0,19,16,14,49,1,0,51,17,69,1,19,67,31,118,34,38,72,190
05/13/2001,CLL,TX,ASW,CE,Federal Contract Tower,1,20,13,15,49,0,0,84,5,89,1,20,97,20,138,134,14,148,286
05/14/2001,CLL,TX,ASW,CE,Federal Contract Tower,0,26,14,26,66,0,0,73,15,88,0,26,87,41,154,102,34,136,290
05/15/2001,CLL,TX,ASW,CE,Federal Contract Tower,1,23,11,31,66,0,0,100,16,116,1,23,111,47,182,104,60,164,346
05/16/2001,CLL,TX,ASW,CE,Federal Contract Tower,1,23,25,36,85,0,0,66,34,100,1,23,91,70,185,126,58,184,369
05/17/2001,CLL,TX,ASW,CE,Federal Contract Tower,1,22,24,35,82,0,0,64,27,91,1,22,88,62,173,88,28,116,289
05/18/2001,CLL,TX,ASW,CE,Federal Contract Tower,0,22,9,14,45,0,0,89,29,118,0,22,98,43,163,130,26,156,319
05/19/2001,CLL,TX,ASW,CE,Federal Contract Tower,0,18,21,14,53,0,0,71,13,84,0,18,92,27,137,70,60,130,267
05/20/2001,CLL,TX,ASW,CE,Federal Contract Tower,0,21,16,13,50,0,0,56,0,56,0,21,72,13,106,18,22,40,146
05/21/2001,CLL,TX,ASW,CE,Federal Contract Tower,1,24,6,13,44,0,0,28,16,44,1,24,34,29,88,28,48,76,164
05/22/2001,CLL,TX,ASW,CE,Federal Contract Tower,1,30,14,29,74,0,18,84,18,120,1,48,98,47,194,116,40,156,350
05/23/2001,CLL,TX,ASW,CE,Federal Contract Tower,1,22,19,23,65,0,0,70,12,82,1,22,89,35,147,64,42,106,253
05/24/2001,CLL,TX,ASW,CE,Federal Contract Tower,0,21,28,18,67,0,0,72,12,84,0,21,100,30,151,70,16,86,237
05/25/2001,CLL,TX,ASW,CE,Federal Contract Tower,0,27,18,5,50,0,0,82,0,82,0,27,100,5,132,80,12,92,224
05/26/2001,CLL,TX,ASW,CE,Federal Contract Tower,0,17,15,9,41,3,8,32,0,43,3,25,47,9,84,18,0,18,102
05/27/2001,CLL,TX,ASW,CE,Federal Contract Tower,1,12,16,2,31,0,0,37,0,37,1,12,53,2,68,44,0,44,112
05/28/2001,CLL,TX,ASW,CE,Federal Contract Tower,1,23,9,7,40,0,1,58,4,63,1,24,67,11,103,50,22,72,175
05/29/2001,CLL,TX,ASW,CE,Federal Contract Tower,1,23,18,45,87,0,1,75,0,76,1,24,93,45,163,58,20,78,241
05/30/2001,CLL,TX,ASW,CE,Federal Contract Tower,1,24,21,21,67,0,0,72,24,96,1,24,93,45,163,58,20,78,241
05/31/2001,CLL,TX,ASW,CE,Federal Contract Tower,3,23,5,0,31,0,0,63,4,67,3,23,68,4,98,72,0,72,170
06/01/2001,CLL,TX,ASW,CE,Federal Contract Tower,0,19,8,27,54,0,0,86,61,147,0,19,94,88,201,26,78,104,305
06/02/2001,CLL,TX,ASW,CE,Federal Contract Tower,0,18,17,23,58,0,0,72,16,88,0,18,89,39,146,60,30,90,236
06/03/2001,CLL,TX,ASW,CE,Federal Contract Tower,0,35,13,6,54,0,17,65,2,84,0,52,78,8,138,64,16,80,218
06/04/2001,CLL,TX,ASW,CE,Federal Contract Tower,0,25,8,17,50,0,0,48,4,52,0,25,56,21,102,12,14,26,128
06/05/2001,CLL,TX,ASW,CE,Federal Contract Tower,2,22,20,15,59,0,1,24,16,41,2,23,44,31,100,44,16,60,160
06/06/2001,CLL,TX,ASW,CE,Federal Contract Tower,0,23,15,5,43,0,0,42,5,47,0,23,57,10,90,52,0,52,142
06/07/2001,CLL,TX,ASW,CE,Federal Contract Tower,1,24,21,2,48,0,0,9,0,9,1,24,30,2,57,4,0,4,61
06/08/2001,CLL,TX,ASW,CE,Federal Contract Tower,0,19,27,6,52,0,0,0,0,0,0,19,27,6,52,0,0,0,52
06/09/2001,CLL,TX,ASW,CE,Federal Contract Tower,0,9,5,7,21,1,2,20,2,25,1,11,25,9,46,12,12,24,70
06/10/2001,CLL,TX,ASW,CE,Federal Contract Tower,0,20,10,5,35,0,0,66,9,75,0,20,76,14,110,50,2,52,162
06/11/2001,CLL,TX,ASW,CE,Federal Contract Tower,1,17,13,35,66,0,0,100,23,123,1,17,113,58,189,78,48,126,315
06/12/2001,CLL,TX,ASW,CE,Federal Contract Tower,1,22,16,29,68,0,0,90,14,104,1,22,106,43,172,92,26,118,290
06/13/2001,CLL,TX,ASW,CE,Federal Contract Tower,1,21,24,33,79,0,0,51,25,76,1,21,75,58,155,48,62,110,265
06/14/2001,CLL,TX,ASW,CE,Federal Contract Tower,0,24,19,16,59,0,0,46,17,63,0,24,65,33,122,28,6,34,156
06/15/2001,CLL,TX,ASW,CE,Federal Contract Tower,0,19,4,5,28,0,0,72,14,86,0,19,76,19,114,54,10,64,178
06/16/2001,CLL,TX,ASW,CE,Federal Contract Tower,0,21,10,14,45,0,0,65,32,97,0,21,75,46,142,48,32,80,222
06/17/2001,CLL,TX,ASW,CE,Federal Contract Tower,0,19,13,13,45,0,0,87,19,106,0,19,100,32,151,50,16,66,217
06/18/2001,CLL,TX,ASW,CE,Federal Contract Tower,0,21,9,27,57,0,0,87,17,104,0,21,96,44,161,68,52,120,281
06/19/2001,CLL,TX,ASW,CE,Federal Contract Tower,1,23,19,34,77,0,0,83,11,94,1,23,102,45,171,60,34,94,265
06/20/2001,CLL,TX,ASW,CE,Federal Contract Tower,1,19,21,39,80,0,0,85,24,109,1,19,106,63,189,82,34,116,305
06/21/2001,CLL,TX,ASW,CE,Federal Contract Tower,0,20,11,34,65,0,1,89,23,113,0,21,100,57,178,88,20,108,286
06/22/2001,CLL,TX,ASW,CE,Federal Contract Tower,1,21,8,24,54,0,0,81,19,100,1,21,89,43,154,80,30,110,264
06/23/2001,CLL,TX,ASW,CE,Federal Contract Tower,0,19,7,20,46,0,0,98,13,111,0,19,105,33,157,90,34,124,281
06/24/2001,CLL,TX,ASW,CE,Federal Contract Tower,0,20,12,12,44,0,0,108,8,116,0,20,120,20,160,38,6,44,204
06/25/2001,CLL,TX,ASW,CE,Federal Contract Tower,1,26,15,22,64,0,0,89,23,112,1,26,104,45,176,56,64,120,296
06/26/2001,CLL,TX,ASW,CE,Federal Contract Tower,1,23,20,27,71,0,0,67,16,83,1,23,87,43,154,74,38,112,266
06/27/2001,CLL,TX,ASW,CE,Federal Contract Tower,0,21,21,35,77,0,0,67,23,90,0,21,88,58,167,58,44,102,269
06/28/2001,CLL,TX,ASW,CE,Federal Contract Tower,1,25,14,22,62,0,0,83,22,105,1,25,97,44,167,38,60,98,265
06/29/2001,CLL,TX,ASW,CE,Federal Contract Tower,0,24,26,14,64,0,0,99,21,120,0,24,125,35,184,96,18,114,298
06/30/2001,CLL,TX,ASW,CE,Federal Contract Tower,1,20,17,2,40,0,0,49,7,56,1,20,66,9,96,34,2,36,132
07/01/2001,CLL,TX,ASW,CE,Federal Contract Tower,0,15,8,0,23,0,6,83,47,136,0,21,91,47,159,86,78,164,323
07/02/2001,CLL,TX,ASW,CE,Federal Contract Tower,0,15,19,0,34,0,0,28,0,28,0,15,47,0,62,10,0,10,72
07/03/2001,CLL,TX,ASW,CE,Federal Contract Tower,1,15,20,16,52,0,0,69,13,82,1,15,89,29,134,72,32,104,238
07/04/2001,CLL,TX,ASW,CE,Federal Contract Tower,1,21,9,2,33,0,4,76,10,90,1,25,85,12,123,64,0,64,187
07/05/2001,CLL,TX,ASW,CE,Federal Contract Tower,1,16,22,5,44,0,0,92,14,106,1,16,114,19,150,36,2,38,188
07/06/2001,CLL,TX,ASW,CE,Federal Contract Tower,0,18,17,26,61,0,0,95,35,130,0,18,112,61,191,120,30,150,341
07/07/2001,CLL,TX,ASW,CE,Federal Contract Tower,0,19,21,6,46,0,0,117,12,129,0,19,138,18,175,46,38,84,259
07/08/2001,CLL,TX,ASW,CE,Federal Contract Tower,0,19,17,0,36,0,0,83,0,83,0,19,100,0,119,70,0,70,189
07/09/2001,CLL,TX,ASW,CE,Federal Contract Tower,0,22,11,16,49,0,0,83,14,97,0,22,94,30,146,102,64,166,312
07/10/2001,CLL,TX,ASW,CE,Federal Contract Tower,3,19,40,25,87,0,0,81,19,100,3,19,121,44,187,108,18,126,313
07/11/2001,CLL,TX,ASW,CE,Federal Contract Tower,1,20,15,26,62,0,0,109,12,121,1,20,124,38,183,94,34,128,311
07/12/2001,CLL,TX,ASW,CE,Federal Contract Tower,0,21,22,24,67,0,0,103,15,118,0,21,125,39,185,56,50,106,291
07/13/2001,CLL,TX,ASW,CE,Federal Contract Tower,0,17,18,30,65,0,0,98,38,136,0,17,116,68,201,100,88,188,389
07/14/2001,CLL,TX,ASW,CE,Federal Contract Tower,0,18,6,6,30,0,0,87,24,111,0,18,93,30,141,74,4,78,219
07/15/2001,CLL,TX,ASW,CE,Federal Contract Tower,1,26,8,10,45,0,7,58,0,65,1,33,66,10,110,58,8,66,176
07/16/2001,CLL,TX,ASW,CE,Federal Contract Tower,1,18,10,15,44,0,0,85,5,90,1,18,95,20,134,138,24,162,296
07/17/2001,CLL,TX,ASW,CE,Federal Contract Tower,0,21,17,36,74,0,0,85,18,103,0,21,102,54,177,106,54,160,337
07/18/2001,CLL,TX,ASW,CE,Federal Contract Tower,0,18,25,15,58,0,0,91,15,106,0,18,116,30,164,104,34,138,302
07/19/2001,CLL,TX,ASW,CE,Federal Contract Tower,1,20,26,30,77,0,0,104,25,129,1,20,130,55,206,132,30,162,368
07/20/2001,CLL,TX,ASW,CE,Federal Contract Tower,0,17,24,23,64,0,0,116,26,142,0,17,140,49,206,104,80,184,390
07/21/2001,CLL,TX,ASW,CE,Federal Contract Tower,0,21,18,27,66,0,0,107,2,109,0,21,125,29,175,56,62,118,293
07/22/2001,CLL,TX,ASW,CE,Federal Contract Tower,1,19,22,16,58,0,0,104,25,129,1,19,126,41,187,90,44,134,321
07/23/2001,CLL,TX,ASW,CE,Federal Contract Tower,1,20,23,50,94,0,0,82,18,100,1,20,105,68,194,74,114,188,382
07/24/2001,CLL,TX,ASW,CE,Federal Contract Tower,0,21,16,43,80,0,0,90,22,112,0,21,106,65,192,82,66,148,340
07/25/2001,CLL,TX,ASW,CE,Federal Contract Tower,0,19,51,45,115,0,3,68,23,94,0,22,119,68,209,96,60,156,365
07/26/2001,CLL,TX,ASW,CE,Federal Contract Tower,3,21,28,46,98,0,0,64,16,80,3,21,92,62,178,108,90,198,376
07/27/2001,CLL,TX,ASW,CE,Federal Contract Tower,0,24,26,13,63,0,0,64,5,69,0,24,90,18,132,32,8,40,172
07/28/2001,CLL,TX,ASW,CE,Federal Contract Tower,0,27,18,9,54,0,6,67,14,87,0,33,85,23,141,94,6,100,241
07/29/2001,CLL,TX,ASW,CE,Federal Contract Tower,0,20,12,27,59,0,0,93,17,110,0,20,105,44,169,122,6,128,297
07/30/2001,CLL,TX,ASW,CE,Federal Contract Tower,1,21,14,15,51,0,0,89,8,97,1,21,103,23,148,98,14,112,260
07/31/2001,CLL,TX,ASW,CE,Federal Contract Tower,0,20,20,21,61,0,0,95,2,97,0,20,115,23,158,134,18,152,310
08/01/2001,CLL,TX,ASW,CE,Federal Contract Tower,1,20,12,35,68,0,0,78,13,91,1,20,90,48,159,108,36,144,303
08/02/2001,CLL,TX,ASW,CE,Federal Contract Tower,3,24,19,21,67,0,0,86,14,100,3,24,105,35,167,68,26,94,261
08/03/2001,CLL,TX,ASW,CE,Federal Contract Tower,0,21,10,20,51,0,0,100,28,128,0,21,110,48,179,86,48,134,313
08/04/2001,CLL,TX,ASW,CE,Federal Contract Tower,0,17,12,8,37,0,0,86,4,90,0,17,98,12,127,60,12,72,199
08/05/2001,CLL,TX,ASW,CE,Federal Contract Tower,0,23,11,3,37,0,4,67,1,72,0,27,78,4,109,110,6,116,225
08/06/2001,CLL,TX,ASW,CE,Federal Contract Tower,1,19,12,26,58,0,0,42,11,53,1,19,54,37,111,80,14,94,205
08/07/2001,CLL,TX,ASW,CE,Federal Contract Tower,1,20,19,19,59,0,0,72,13,85,1,20,91,32,144,156,16,172,316
08/08/2001,CLL,TX,ASW,CE,Federal Contract Tower,1,24,18,19,62,0,0,72,23,95,1,24,90,42,157,74,14,88,245
08/09/2001,CLL,TX,ASW,CE,Federal Contract Tower,1,23,30,30,84,0,0,70,19,89,1,23,100,49,173,72,42,114,287
08/10/2001,CLL,TX,ASW,CE,Federal Contract Tower,0,25,21,19,65,0,0,103,17,120,0,25,124,36,185,58,50,108,293
08/11/2001,CLL,TX,ASW,CE,Federal Contract Tower,0,19,24,39,82,0,0,88,23,111,0,19,112,62,193,54,58,112,305
08/12/2001,CLL,TX,ASW,CE,Federal Contract Tower,0,19,15,7,41,0,0,82,0,82,0,19,97,7,123,48,6,54,177
08/13/2001,CLL,TX,ASW,CE,Federal Contract Tower,1,22,9,40,72,0,0,77,2,79,1,22,86,42,151,56,44,100,251
08/14/2001,CLL,TX,ASW,CE,Federal Contract Tower,1,23,17,28,69,0,0,82,17,99,1,23,99,45,168,104,12,116,284
08/15/2001,CLL,TX,ASW,CE,Federal Contract Tower,0,20,20,40,80,0,0,87,28,115,0,20,107,68,195,96,34,130,325
08/16/2001,CLL,TX,ASW,CE,Federal Contract Tower,1,22,25,15,63,0,0,66,12,78,1,22,91,27,141,126,38,164,305
08/17/2001,CLL,TX,ASW,CE,Federal Contract Tower,2,19,22,26,69,0,0,62,23,85,2,19,84,49,154,48,50,98,252
08/18/2001,CLL,TX,ASW,CE,Federal Contract Tower,0,20,18,21,59,0,0,74,1,75,0,20,92,22,134,28,30,58,192
08/19/2001,CLL,TX,ASW,CE,Federal Contract Tower,0,19,9,1,29,0,0,63,0,63,0,19,72,1,92,24,0,24,116
08/20/2001,CLL,TX,ASW,CE,Federal Contract Tower,1,20,15,41,77,0,0,92,34,126,1,20,107,75,203,80,110,190,393
08/21/2001,CLL,TX,ASW,CE,Federal Contract Tower,1,20,20,33,74,0,0,97,33,130,1,20,117,66,204,62,90,152,356
08/22/2001,CLL,TX,ASW,CE,Federal Contract Tower,1,20,11,8,40,0,0,85,25,110,1,20,96,33,150,4,0,4,154
08/23/2001,CLL,TX,ASW,CE,Federal Contract Tower,1,20,27,13,61,0,0,87,9,96,1,20,114,22,157,54,18,72,229
08/24/2001,CLL,TX,ASW,CE,Federal Contract Tower,1,19,14,16,50,0,0,88,10,98,1,19,102,26,148,94,52,146,294
08/25/2001,CLL,TX,ASW,CE,Federal Contract Tower,1,18,16,14,49,0,0,95,13,108,1,18,111,27,157,50,16,66,223
08/26/2001,CLL,TX,ASW,CE,Federal Contract Tower,1,23,16,12,52,0,0,47,7,54,1,23,63,19,106,38,6,44,150
08/27/2001,CLL,TX,ASW,CE,Federal Contract Tower,2,21,21,11,55,0,0,39,8,47,2,21,60,19,102,32,40,72,174
08/28/2001,CLL,TX,ASW,CE,Federal Contract Tower,1,17,30,3,51,0,0,30,0,30,1,17,60,3,81,4,0,4,85
08/29/2001,CLL,TX,ASW,CE,Federal Contract Tower,1,25,32,2,60,0,0,15,0,15,1,25,47,2,75,28,0,28,103
08/30/2001,CLL,TX,ASW,CE,Federal Contract Tower,1,22,36,0,59,0,0,11,0,11,1,22,47,0,70,16,0,16,86
08/31/2001,CLL,TX,ASW,CE,Federal Contract Tower,0,20,19,0,39,0,0,15,0,15,0,20,34,0,54,4,0,4,58
09/01/2001,CLL,TX,ASW,CE,Federal Contract Tower,0,14,42,0,56,1,0,17,0,18,1,14,59,0,74,12,0,12,86
09/02/2001,CLL,TX,ASW,CE,Federal Contract Tower,1,10,19,0,30,0,1,64,0,65,1,11,83,0,95,86,0,86,181
09/03/2001,CLL,TX,ASW,CE,Federal Contract Tower,2,21,29,7,59,0,1,53,12,66,2,22,82,19,125,44,12,56,181
09/04/2001,CLL,TX,ASW,CE,Federal Contract Tower,1,21,26,11,59,0,0,23,4,27,1,21,49,15,86,16,16,32,118
09/05/2001,CLL,TX,ASW,CE,Federal Contract Tower,4,17,15,0,36,0,1,19,0,20,4,18,34,0,56,34,0,34,90
09/06/2001,CLL,TX,ASW,CE,Federal Contract Tower,0,20,19,7,46,0,0,60,10,70,0,20,79,17,116,86,0,86,202
09/07/2001,CLL,TX,ASW,CE,Federal Contract Tower,0,24,26,26,76,0,0,56,17,73,0,24,82,43,149,66,72,138,287
09/08/2001,CLL,TX,ASW,CE,Federal Contract Tower,0,22,26,43,91,0,0,79,27,106,0,22,105,70,197,116,74,190,387
09/09/2001,CLL,TX,ASW,CE,Federal Contract Tower,0,16,19,1,36,0,0,13,3,16,0,16,32,4,52,12,0,12,64
09/10/2001,CLL,TX,ASW,CE,Federal Contract Tower,1,22,15,23,61,0,0,91,54,145,1,22,106,77,206,64,8,72,278
09/11/2001,CLL,TX,ASW,CE,Federal Contract Tower,0,2,3,0,5,0,0,3,0,3,0,2,6,0,8,0,0,0,8
09/12/2001,CLL,TX,ASW,CE,Federal Contract Tower,0,0,0,0,0,0,0,0,0,0,0,0,0,0,0,0,0,0,0
09/13/2001,CLL,TX,ASW,CE,Federal Contract Tower,0,1,2,1,4,0,0,0,1,1,0,1,2,2,5,0,0,0,5
09/14/2001,CLL,TX,ASW,CE,Federal Contract Tower,0,9,7,5,21,0,0,0,4,4,0,9,7,9,25,0,0,0,25
09/15/2001,CLL,TX,ASW,CE,Federal Contract Tower,0,12,19,22,53,0,0,0,20,20,0,12,19,42,73,2,16,18,91
09/16/2001,CLL,TX,ASW,CE,Federal Contract Tower,1,18,35,14,68,0,0,12,0,12,1,18,47,14,80,0,16,16,96
09/17/2001,CLL,TX,ASW,CE,Federal Contract Tower,1,23,44,21,89,0,0,3,9,12,1,23,47,30,101,0,8,8,109
09/18/2001,CLL,TX,ASW,CE,Federal Contract Tower,0,24,59,41,124,0,0,6,16,22,0,24,65,57,146,0,80,80,226
09/19/2001,CLL,TX,ASW,CE,Federal Contract Tower,0,24,43,14,81,0,0,11,6,17,0,24,54,20,98,0,4,4,102
09/20/2001,CLL,TX,ASW,CE,Federal Contract Tower,1,27,34,28,90,0,0,34,17,51,1,27,68,45,141,0,18,18,159
09/21/2001,CLL,TX,ASW,CE,Federal Contract Tower,2,27,40,28,97,0,0,59,13,72,2,27,99,41,169,4,26,30,199
09/22/2001,CLL,TX,ASW,CE,Federal Contract Tower,1,19,47,1,68,0,0,60,1,61,1,19,107,2,129,0,0,0,129
09/23/2001,CLL,TX,ASW,CE,Federal Contract Tower,0,17,25,11,53,0,4,60,6,70,0,21,85,17,123,52,6,58,181
09/24/2001,CLL,TX,ASW,CE,Federal Contract Tower,1,29,32,28,90,0,7,58,15,80,1,36,90,43,170,72,30,102,272
09/25/2001,CLL,TX,ASW,CE,Federal Contract Tower,1,25,29,17,72,0,7,67,4,78,1,32,96,21,150,92,36,128,278
09/26/2001,CLL,TX,ASW,CE,Federal Contract Tower,0,25,40,35,100,0,0,60,0,60,0,25,100,35,160,72,6,78,238
09/27/2001,CLL,TX,ASW,CE,Federal Contract Tower,0,25,38,8,71,0,0,82,12,94,0,25,120,20,165,120,2,122,287
09/28/2001,CLL,TX,ASW,CE,Federal Contract Tower,2,25,36,4,67,0,0,105,4,109,2,25,141,8,176,74,2,76,252
09/29/2001,CLL,TX,ASW,CE,Federal Contract Tower,0,15,72,0,87,0,0,130,0,130,0,15,202,0,217,16,0,16,233
09/30/2001,CLL,TX,ASW,CE,Federal Contract Tower,0,23,33,5,61,0,0,117,0,117,0,23,150,5,178,86,16,102,280
10/01/2001,CLL,TX,ASW,CE,Federal Contract Tower,1,22,21,19,63,0,0,55,11,66,1,22,76,30,129,54,30,84,213
10/02/2001,CLL,TX,ASW,CE,Federal Contract Tower,1,21,17,47,86,0,0,61,16,77,1,21,78,63,163,42,70,112,275
10/03/2001,CLL,TX,ASW,CE,Federal Contract Tower,1,22,25,25,73,0,0,64,22,86,1,22,89,47,159,68,48,116,275
10/04/2001,CLL,TX,ASW,CE,Federal Contract Tower,0,23,28,22,73,0,0,67,8,75,0,23,95,30,148,86,44,130,278
10/05/2001,CLL,TX,ASW,CE,Federal Contract Tower,0,21,26,9,56,0,0,30,11,41,0,21,56,20,97,20,6,26,123
10/06/2001,CLL,TX,ASW,CE,Federal Contract Tower,0,17,51,2,70,0,0,62,0,62,0,17,113,2,132,40,0,40,172
10/07/2001,CLL,TX,ASW,CE,Federal Contract Tower,1,19,32,4,56,0,0,91,7,98,1,19,123,11,154,48,0,48,202
10/08/2001,CLL,TX,ASW,CE,Federal Contract Tower,1,22,19,10,52,0,0,69,3,72,1,22,88,13,124,78,0,78,202
10/09/2001,CLL,TX,ASW,CE,Federal Contract Tower,0,27,24,13,64,0,0,29,11,40,0,27,53,24,104,22,12,34,138
10/10/2001,CLL,TX,ASW,CE,Federal Contract Tower,0,24,17,3,44,0,1,34,3,38,0,25,51,6,82,16,0,16,98
10/11/2001,CLL,TX,ASW,CE,Federal Contract Tower,1,23,9,2,35,0,0,19,0,19,1,23,28,2,54,34,0,34,88
10/12/2001,CLL,TX,ASW,CE,Federal Contract Tower,6,28,40,31,105,0,0,47,6,53,6,28,87,37,158,30,16,46,204
10/13/2001,CLL,TX,ASW,CE,Federal Contract Tower,0,16,22,20,58,0,0,20,7,27,0,16,42,27,85,6,26,32,117
10/14/2001,CLL,TX,ASW,CE,Federal Contract Tower,1,23,39,12,75,0,0,155,22,177,1,23,194,34,252,94,26,120,372
10/15/2001,CLL,TX,ASW,CE,Federal Contract Tower,1,23,16,24,64,0,0,87,16,103,1,23,103,40,167,50,6,56,223
10/16/2001,CLL,TX,ASW,CE,Federal Contract Tower,0,24,23,32,79,0,0,92,20,112,0,24,115,52,191,36,18,54,245
10/17/2001,CLL,TX,ASW,CE,Federal Contract Tower,1,22,26,21,70,0,0,100,14,114,1,22,126,35,184,68,6,74,258
10/18/2001,CLL,TX,ASW,CE,Federal Contract Tower,0,22,14,19,55,0,0,96,14,110,0,22,110,33,165,62,14,76,241
10/19/2001,CLL,TX,ASW,CE,Federal Contract Tower,4,20,26,37,87,0,0,114,40,154,4,20,140,77,241,80,114,194,435
10/20/2001,CLL,TX,ASW,CE,Federal Contract Tower,2,15,16,20,53,0,0,97,2,99,2,15,113,22,152,34,54,88,240
10/21/2001,CLL,TX,ASW,CE,Federal Contract Tower,4,19,24,2,49,0,0,86,0,86,4,19,110,2,135,30,0,30,165
10/22/2001,CLL,TX,ASW,CE,Federal Contract Tower,1,21,38,27,87,0,0,42,8,50,1,21,80,35,137,20,18,38,175
10/23/2001,CLL,TX,ASW,CE,Federal Contract Tower,0,22,21,19,62,0,2,49,5,56,0,24,70,24,118,38,0,38,156
10/24/2001,CLL,TX,ASW,CE,Federal Contract Tower,1,25,34,41,101,0,11,44,16,71,1,36,78,57,172,26,52,78,250
10/25/2001,CLL,TX,ASW,CE,Federal Contract Tower,1,28,23,31,83,0,34,142,63,239,1,62,165,94,322,92,62,154,476
10/26/2001,CLL,TX,ASW,CE,Federal Contract Tower,0,18,26,31,75,0,0,103,31,134,0,18,129,62,209,42,34,76,285
10/27/2001,CLL,TX,ASW,CE,Federal Contract Tower,0,12,32,10,54,0,0,125,0,125,0,12,157,10,179,12,12,24,203
10/28/2001,CLL,TX,ASW,CE,Federal Contract Tower,0,19,32,11,62,0,0,94,5,99,0,19,126,16,161,52,4,56,217
10/29/2001,CLL,TX,ASW,CE,Federal Contract Tower,0,21,7,46,74,0,0,60,24,84,0,21,67,70,158,54,66,120,278
10/30/2001,CLL,TX,ASW,CE,Federal Contract Tower,0,26,18,28,72,0,0,83,28,111,0,26,101,56,183,92,66,158,341
10/31/2001,CLL,TX,ASW,CE,Federal Contract Tower,0,25,23,18,66,0,0,42,9,51,0,25,65,27,117,74,36,110,227
11/01/2001,CLL,TX,ASW,CE,Federal Contract Tower,0,21,30,26,77,0,2,26,27,55,0,23,56,53,132,58,16,74,206
11/02/2001,CLL,TX,ASW,CE,Federal Contract Tower,0,25,26,20,71,0,0,60,14,74,0,25,86,34,145,42,6,48,193
11/03/2001,CLL,TX,ASW,CE,Federal Contract Tower,2,18,17,18,55,0,0,52,27,79,2,18,69,45,134,24,32,56,190
11/04/2001,CLL,TX,ASW,CE,Federal Contract Tower,0,20,21,0,41,0,0,61,0,61,0,20,82,0,102,32,0,32,134
11/05/2001,CLL,TX,ASW,CE,Federal Contract Tower,0,22,13,18,53,0,0,76,14,90,0,22,89,32,143,56,0,56,199
11/06/2001,CLL,TX,ASW,CE,Federal Contract Tower,0,26,18,54,98,0,0,43,16,59,0,26,61,70,157,34,78,112,269
11/07/2001,CLL,TX,ASW,CE,Federal Contract Tower,0,23,16,36,75,0,0,69,22,91,0,23,85,58,166,70,14,84,250
11/08/2001,CLL,TX,ASW,CE,Federal Contract Tower,0,22,17,14,53,0,0,47,6,53,0,22,64,20,106,24,8,32,138
11/09/2001,CLL,TX,ASW,CE,Federal Contract Tower,2,24,28,14,68,0,0,53,8,61,2,24,81,22,129,16,0,16,145
11/10/2001,CLL,TX,ASW,CE,Federal Contract Tower,2,16,18,0,36,0,0,44,0,44,2,16,62,0,80,62,0,62,142
11/11/2001,CLL,TX,ASW,CE,Federal Contract Tower,0,22,35,3,60,0,0,57,1,58,0,22,92,4,118,12,0,12,130
11/12/2001,CLL,TX,ASW,CE,Federal Contract Tower,0,24,7,11,42,0,0,31,9,40,0,24,38,20,82,38,8,46,128
11/13/2001,CLL,TX,ASW,CE,Federal Contract Tower,0,24,18,34,76,0,0,54,20,74,0,24,72,54,150,68,98,166,316
11/14/2001,CLL,TX,ASW,CE,Federal Contract Tower,0,25,31,18,74,0,0,40,5,45,0,25,71,23,119,36,24,60,179
11/15/2001,CLL,TX,ASW,CE,Federal Contract Tower,0,25,31,3,59,0,0,19,0,19,0,25,50,3,78,2,2,4,82
11/16/2001,CLL,TX,ASW,CE,Federal Contract Tower,0,26,31,9,66,0,0,41,0,41,0,26,72,9,107,68,0,68,175
11/17/2001,CLL,TX,ASW,CE,Federal Contract Tower,0,18,26,3,47,0,0,63,3,66,0,18,89,6,113,24,0,24,137
11/18/2001,CLL,TX,ASW,CE,Federal Contract Tower,0,19,16,4,39,0,0,86,6,92,0,19,102,10,131,28,6,34,165
11/19/2001,CLL,TX,ASW,CE,Federal Contract Tower,0,25,21,11,57,0,0,15,4,19,0,25,36,15,76,0,0,0,76
11/20/2001,CLL,TX,ASW,CE,Federal Contract Tower,0,22,12,41,75,0,0,83,23,106,0,22,95,64,181,36,28,64,245
11/21/2001,CLL,TX,ASW,CE,Federal Contract Tower,0,24,23,8,55,0,1,137,8,146,0,25,160,16,201,44,8,52,253
11/22/2001,CLL,TX,ASW,CE,Federal Contract Tower,0,17,23,0,40,0,0,39,2,41,0,17,62,2,81,16,0,16,97
11/23/2001,CLL,TX,ASW,CE,Federal Contract Tower,0,29,86,2,117,0,0,177,0,177,0,29,263,2,294,4,0,4,298
11/24/2001,CLL,TX,ASW,CE,Federal Contract Tower,0,18,19,0,37,0,0,83,0,83,0,18,102,0,120,34,0,34,154
11/25/2001,CLL,TX,ASW,CE,Federal Contract Tower,0,22,17,0,39,0,0,117,0,117,0,22,134,0,156,38,0,38,194
11/26/2001,CLL,TX,ASW,CE,Federal Contract Tower,0,30,29,22,81,0,0,33,14,47,0,30,62,36,128,14,46,60,188
11/27/2001,CLL,TX,ASW,CE,Federal Contract Tower,0,24,23,30,77,0,0,50,14,64,0,24,73,44,141,58,60,118,259
11/28/2001,CLL,TX,ASW,CE,Federal Contract Tower,0,19,14,0,33,0,0,0,0,0,0,19,14,0,33,0,0,0,33
11/29/2001,CLL,TX,ASW,CE,Federal Contract Tower,0,33,12,12,57,0,6,51,9,66,0,39,63,21,123,54,80,134,257
11/30/2001,CLL,TX,ASW,CE,Federal Contract Tower,0,23,22,26,71,0,0,124,35,159,0,23,146,61,230,66,46,112,342
12/01/2001,CLL,TX,ASW,CE,Federal Contract Tower,0,16,14,21,51,0,0,111,11,122,0,16,125,32,173,70,18,88,261
12/02/2001,CLL,TX,ASW,CE,Federal Contract Tower,0,21,24,2,47,0,0,1,0,1,0,21,25,2,48,2,0,2,50
12/03/2001,CLL,TX,ASW,CE,Federal Contract Tower,0,25,34,18,77,0,0,22,5,27,0,25,56,23,104,20,0,20,124
12/04/2001,CLL,TX,ASW,CE,Federal Contract Tower,0,22,39,35,96,0,0,25,14,39,0,22,64,49,135,52,30,82,217
12/05/2001,CLL,TX,ASW,CE,Federal Contract Tower,0,27,44,39,110,0,0,44,35,79,0,27,88,74,189,10,50,60,249
12/06/2001,CLL,TX,ASW,CE,Federal Contract Tower,0,29,47,25,101,0,0,47,5,52,0,29,94,30,153,56,32,88,241
12/07/2001,CLL,TX,ASW,CE,Federal Contract Tower,0,24,39,21,84,0,0,79,1,80,0,24,118,22,164,46,28,74,238
12/08/2001,CLL,TX,ASW,CE,Federal Contract Tower,0,16,22,2,40,0,0,40,1,41,0,16,62,3,81,34,0,34,115
12/09/2001,CLL,TX,ASW,CE,Federal Contract Tower,0,22,18,4,44,0,0,95,7,102,0,22,113,11,146,40,6,46,192
12/10/2001,CLL,TX,ASW,CE,Federal Contract Tower,0,21,18,41,80,0,0,98,22,120,0,21,116,63,200,38,24,62,262
12/11/2001,CLL,TX,ASW,CE,Federal Contract Tower,0,21,19,14,54,0,0,10,0,10,0,21,29,14,64,18,16,34,98
12/12/2001,CLL,TX,ASW,CE,Federal Contract Tower,0,26,28,34,88,0,0,20,16,36,0,26,48,50,124,40,38,78,202
12/13/2001,CLL,TX,ASW,CE,Federal Contract Tower,0,33,25,12,70,0,0,25,5,30,0,33,50,17,100,18,24,42,142
12/14/2001,CLL,TX,ASW,CE,Federal Contract Tower,0,19,24,20,63,0,0,85,18,103,0,19,109,38,166,68,20,88,254
12/15/2001,CLL,TX,ASW,CE,Federal Contract Tower,0,15,12,1,28,0,0,19,1,20,0,15,31,2,48,4,6,10,58
12/16/2001,CLL,TX,ASW,CE,Federal Contract Tower,0,17,13,0,30,0,0,1,0,1,0,17,14,0,31,4,0,4,35
12/17/2001,CLL,TX,ASW,CE,Federal Contract Tower,0,21,22,57,100,0,2,85,32,119,0,23,107,89,219,80,26,106,325
12/18/2001,CLL,TX,ASW,CE,Federal Contract Tower,0,21,9,34,64,0,0,117,20,137,0,21,126,54,201,54,56,110,311
12/19/2001,CLL,TX,ASW,CE,Federal Contract Tower,0,21,15,32,68,0,2,83,40,125,0,23,98,72,193,48,24,72,265
12/20/2001,CLL,TX,ASW,CE,Federal Contract Tower,0,18,11,22,51,0,0,95,16,111,0,18,106,38,162,100,44,144,306
12/21/2001,CLL,TX,ASW,CE,Federal Contract Tower,0,17,14,8,39,0,0,72,5,77,0,17,86,13,116,34,0,34,150
12/22/2001,CLL,TX,ASW,CE,Federal Contract Tower,0,19,7,0,26,0,0,7,0,7,0,19,14,0,33,0,0,0,33
12/23/2001,CLL,TX,ASW,CE,Federal Contract Tower,0,18,12,2,32,0,0,73,0,73,0,18,85,2,105,6,0,6,111
12/24/2001,CLL,TX,ASW,CE,Federal Contract Tower,0,14,10,0,24,0,0,63,0,63,0,14,73,0,87,14,0,14,101
12/25/2001,CLL,TX,ASW,CE,Federal Contract Tower,0,14,2,0,16,0,0,27,0,27,0,14,29,0,43,8,0,8,51
12/26/2001,CLL,TX,ASW,CE,Federal Contract Tower,0,18,11,0,29,0,0,53,6,59,0,18,64,6,88,34,0,34,122
12/27/2001,CLL,TX,ASW,CE,Federal Contract Tower,0,19,22,30,71,0,0,85,5,90,0,19,107,35,161,50,66,116,277
12/28/2001,CLL,TX,ASW,CE,Federal Contract Tower,0,18,10,2,30,0,0,71,9,80,0,18,81,11,110,38,2,40,150
12/29/2001,CLL,TX,ASW,CE,Federal Contract Tower,0,16,19,0,35,0,0,93,0,93,0,16,112,0,128,30,0,30,158
12/30/2001,CLL,TX,ASW,CE,Federal Contract Tower,0,18,11,2,31,0,0,39,2,41,0,18,50,4,72,4,4,8,80
12/31/2001,CLL,TX,ASW,CE,Federal Contract Tower,0,12,9,0,21,0,0,30,0,30,0,12,39,0,51,12,0,12,63
01/01/2002,CLL,TX,ASW,CE,Federal Contract Tower,0,14,7,0,21,0,0,7,0,7,0,14,14,0,28,0,0,0,28
01/02/2002,CLL,TX,ASW,CE,Federal Contract Tower,0,17,12,9,38,0,1,34,7,42,0,18,46,16,80,40,4,44,124
01/03/2002,CLL,TX,ASW,CE,Federal Contract Tower,0,21,7,18,46,0,0,61,0,61,0,21,68,18,107,48,20,68,175
01/04/2002,CLL,TX,ASW,CE,Federal Contract Tower,0,18,14,13,45,0,0,46,9,55,0,18,60,22,100,40,52,92,192
01/05/2002,CLL,TX,ASW,CE,Federal Contract Tower,0,14,15,8,37,0,0,3,7,10,0,14,18,15,47,8,0,8,55
01/06/2002,CLL,TX,ASW,CE,Federal Contract Tower,0,19,4,3,26,0,0,75,1,76,0,19,79,4,102,28,0,28,130
01/07/2002,CLL,TX,ASW,CE,Federal Contract Tower,0,21,4,22,47,0,0,49,19,68,0,21,53,41,115,22,20,42,157
01/08/2002,CLL,TX,ASW,CE,Federal Contract Tower,2,22,18,32,74,0,0,57,5,62,2,22,75,37,136,36,60,96,232
01/09/2002,CLL,TX,ASW,CE,Federal Contract Tower,0,20,20,32,72,0,0,44,8,52,0,20,64,40,124,34,80,114,238
01/10/2002,CLL,TX,ASW,CE,Federal Contract Tower,0,21,36,15,72,0,0,35,6,41,0,21,71,21,113,16,0,16,129
01/11/2002,CLL,TX,ASW,CE,Federal Contract Tower,0,17,19,6,42,0,0,70,25,95,0,17,89,31,137,50,12,62,199
01/12/2002,CLL,TX,ASW,CE,Federal Contract Tower,0,16,18,14,48,0,0,104,13,117,0,16,122,27,165,66,74,140,305
01/13/2002,CLL,TX,ASW,CE,Federal Contract Tower,0,19,13,4,36,0,0,111,4,115,0,19,124,8,151,82,0,82,233
01/14/2002,CLL,TX,ASW,CE,Federal Contract Tower,0,21,13,31,65,0,0,61,11,72,0,21,74,42,137,20,90,110,247
01/15/2002,CLL,TX,ASW,CE,Federal Contract Tower,2,20,11,52,85,0,0,64,12,76,2,20,75,64,161,48,62,110,271
01/16/2002,CLL,TX,ASW,CE,Federal Contract Tower,0,20,16,24,60,0,0,45,24,69,0,20,61,48,129,30,54,84,213
01/17/2002,CLL,TX,ASW,CE,Federal Contract Tower,1,21,30,22,74,0,0,11,7,18,1,21,41,29,92,12,8,20,112
01/18/2002,CLL,TX,ASW,CE,Federal Contract Tower,0,18,17,20,55,0,0,24,15,39,0,18,41,35,94,14,6,20,114
01/19/2002,CLL,TX,ASW,CE,Federal Contract Tower,0,15,19,3,37,0,0,41,7,48,0,15,60,10,85,36,10,46,131
01/20/2002,CLL,TX,ASW,CE,Federal Contract Tower,0,19,16,4,39,0,0,63,4,67,0,19,79,8,106,90,12,102,208
01/21/2002,CLL,TX,ASW,CE,Federal Contract Tower,0,17,16,7,40,0,0,109,5,114,0,17,125,12,154,94,8,102,256
01/22/2002,CLL,TX,ASW,CE,Federal Contract Tower,0,23,35,9,67,0,0,11,0,11,0,23,46,9,78,28,0,28,106
01/23/2002,CLL,TX,ASW,CE,Federal Contract Tower,0,23,45,35,103,0,0,11,10,21,0,23,56,45,124,18,20,38,162
01/24/2002,CLL,TX,ASW,CE,Federal Contract Tower,0,22,14,2,38,0,0,2,0,2,0,22,16,2,40,0,0,0,40
01/25/2002,CLL,TX,ASW,CE,Federal Contract Tower,3,20,20,30,73,0,0,109,16,125,3,20,129,46,198,66,82,148,346
01/26/2002,CLL,TX,ASW,CE,Federal Contract Tower,2,17,15,9,43,0,0,98,7,105,2,17,113,16,148,80,14,94,242
01/27/2002,CLL,TX,ASW,CE,Federal Contract Tower,3,17,11,2,33,0,0,84,2,86,3,17,95,4,119,44,0,44,163
01/28/2002,CLL,TX,ASW,CE,Federal Contract Tower,1,18,24,18,61,0,0,29,8,37,1,18,53,26,98,20,12,32,130
01/29/2002,CLL,TX,ASW,CE,Federal Contract Tower,0,19,26,53,98,0,0,35,13,48,0,19,61,66,146,32,68,100,246
01/30/2002,CLL,TX,ASW,CE,Federal Contract Tower,2,19,27,36,84,0,0,18,8,26,2,19,45,44,110,32,102,134,244
01/31/2002,CLL,TX,ASW,CE,Federal Contract Tower,1,23,8,13,45,0,2,34,0,36,1,25,42,13,81,26,16,42,123
02/01/2002,CLL,TX,ASW,CE,Federal Contract Tower,0,22,26,20,68,0,0,66,9,75,0,22,92,29,143,78,56,134,277
02/02/2002,CLL,TX,ASW,CE,Federal Contract Tower,0,15,18,0,33,0,0,111,1,112,0,15,129,1,145,90,2,92,237
02/03/2002,CLL,TX,ASW,CE,Federal Contract Tower,0,17,7,5,29,0,0,67,1,68,0,17,74,6,97,58,0,58,155
02/04/2002,CLL,TX,ASW,CE,Federal Contract Tower,2,23,19,2,46,0,3,30,10,43,2,26,49,12,89,24,0,24,113
02/05/2002,CLL,TX,ASW,CE,Federal Contract Tower,0,18,19,3,40,0,0,0,0,0,0,18,19,3,40,0,0,0,40
02/06/2002,CLL,TX,ASW,CE,Federal Contract Tower,0,22,46,23,91,0,0,28,12,40,0,22,74,35,131,34,12,46,177
02/07/2002,CLL,TX,ASW,CE,Federal Contract Tower,0,25,20,38,83,0,0,87,48,135,0,25,107,86,218,54,80,134,352
02/08/2002,CLL,TX,ASW,CE,Federal Contract Tower,0,21,19,22,62,0,0,117,20,137,0,21,136,42,199,106,72,178,377
02/09/2002,CLL,TX,ASW,CE,Federal Contract Tower,0,15,14,20,49,0,0,83,0,83,0,15,97,20,132,56,16,72,204
02/10/2002,CLL,TX,ASW,CE,Federal Contract Tower,0,17,6,18,41,0,0,51,12,63,0,17,57,30,104,56,0,56,160
02/11/2002,CLL,TX,ASW,CE,Federal Contract Tower,4,21,17,24,66,0,0,71,7,78,4,21,88,31,144,52,8,60,204
02/12/2002,CLL,TX,ASW,CE,Federal Contract Tower,0,21,23,18,62,0,0,74,11,85,0,21,97,29,147,122,84,206,353
02/13/2002,CLL,TX,ASW,CE,Federal Contract Tower,0,19,16,15,50,0,0,91,25,116,0,19,107,40,166,50,54,104,270
02/14/2002,CLL,TX,ASW,CE,Federal Contract Tower,0,17,10,13,40,0,0,92,13,105,0,17,102,26,145,44,8,52,197
02/15/2002,CLL,TX,ASW,CE,Federal Contract Tower,0,21,29,31,81,0,0,85,21,106,0,21,114,52,187,112,86,198,385
02/16/2002,CLL,TX,ASW,CE,Federal Contract Tower,0,14,22,8,44,0,0,158,0,158,0,14,180,8,202,76,18,94,296
02/17/2002,CLL,TX,ASW,CE,Federal Contract Tower,0,16,12,12,40,0,0,104,5,109,0,16,116,17,149,34,8,42,191
02/18/2002,CLL,TX,ASW,CE,Federal Contract Tower,2,16,19,0,37,0,0,40,0,40,2,16,59,0,77,10,0,10,87
02/19/2002,CLL,TX,ASW,CE,Federal Contract Tower,4,19,27,3,53,0,0,15,1,16,4,19,42,4,69,12,0,12,81
02/20/2002,CLL,TX,ASW,CE,Federal Contract Tower,0,17,22,17,56,0,0,84,16,100,0,17,106,33,156,42,22,64,220
02/21/2002,CLL,TX,ASW,CE,Federal Contract Tower,0,27,40,38,105,0,0,79,21,100,0,27,119,59,205,38,22,60,265
02/22/2002,CLL,TX,ASW,CE,Federal Contract Tower,0,16,19,29,64,0,0,113,35,148,0,16,132,64,212,62,82,144,356
02/23/2002,CLL,TX,ASW,CE,Federal Contract Tower,0,15,19,20,54,0,0,117,33,150,0,15,136,53,204,64,58,122,326
02/24/2002,CLL,TX,ASW,CE,Federal Contract Tower,0,20,24,12,56,0,0,99,4,103,0,20,123,16,159,62,10,72,231
02/25/2002,CLL,TX,ASW,CE,Federal Contract Tower,0,16,21,44,81,0,0,51,20,71,0,16,72,64,152,30,66,96,248
02/26/2002,CLL,TX,ASW,CE,Federal Contract Tower,0,17,21,25,63,0,0,34,12,46,0,17,55,37,109,8,36,44,153
02/27/2002,CLL,TX,ASW,CE,Federal Contract Tower,0,22,6,48,76,0,0,75,34,109,0,22,81,82,185,42,66,108,293
02/28/2002,CLL,TX,ASW,CE,Federal Contract Tower,0,16,20,44,80,0,0,81,24,105,0,16,101,68,185,64,54,118,303
03/01/2002,CLL,TX,ASW,CE,Federal Contract Tower,2,20,20,20,62,0,0,25,9,34,2,20,45,29,96,6,26,32,128
03/02/2002,CLL,TX,ASW,CE,Federal Contract Tower,0,15,9,7,31,0,0,6,4,10,0,15,15,11,41,6,0,6,47
03/03/2002,CLL,TX,ASW,CE,Federal Contract Tower,0,18,19,19,56,0,0,51,7,58,0,18,70,26,114,42,26,68,182
03/04/2002,CLL,TX,ASW,CE,Federal Contract Tower,0,16,6,52,74,0,0,71,37,108,0,16,77,89,182,80,80,160,342
03/05/2002,CLL,TX,ASW,CE,Federal Contract Tower,0,16,23,35,74,0,0,48,10,58,0,16,71,45,132,56,74,130,262
03/06/2002,CLL,TX,ASW,CE,Federal Contract Tower,0,16,17,51,84,0,0,44,34,78,0,16,61,85,162,14,74,88,250
03/07/2002,CLL,TX,ASW,CE,Federal Contract Tower,0,21,25,65,111,0,0,39,21,60,0,21,64,86,171,18,68,86,257
03/08/2002,CLL,TX,ASW,CE,Federal Contract Tower,0,18,27,15,60,0,0,26,18,44,0,18,53,33,104,8,32,40,144
03/09/2002,CLL,TX,ASW,CE,Federal Contract Tower,0,14,16,19,49,0,0,30,23,53,0,14,46,42,102,8,34,42,144
03/10/2002,CLL,TX,ASW,CE,Federal Contract Tower,0,16,13,8,37,0,0,51,4,55,0,16,64,12,92,36,20,56,148
03/11/2002,CLL,TX,ASW,CE,Federal Contract Tower,0,18,22,10,50,0,3,18,0,21,0,21,40,10,71,10,0,10,81
03/12/2002,CLL,TX,ASW,CE,Federal Contract Tower,0,16,15,38,69,0,0,60,20,80,0,16,75,58,149,30,54,84,233
03/13/2002,CLL,TX,ASW,CE,Federal Contract Tower,0,18,24,45,87,0,0,87,27,114,0,18,111,72,201,36,52,88,289
03/14/2002,CLL,TX,ASW,CE,Federal Contract Tower,0,19,35,28,82,0,0,32,9,41,0,19,67,37,123,2,20,22,145
03/15/2002,CLL,TX,ASW,CE,Federal Contract Tower,0,15,23,31,69,0,0,55,31,86,0,15,78,62,155,48,90,138,293
03/16/2002,CLL,TX,ASW,CE,Federal Contract Tower,0,14,21,18,53,0,0,40,14,54,0,14,61,32,107,26,28,54,161
03/17/2002,CLL,TX,ASW,CE,Federal Contract Tower,0,18,21,6,45,0,0,1,3,4,0,18,22,9,49,2,0,2,51
03/18/2002,CLL,TX,ASW,CE,Federal Contract Tower,0,19,22,27,68,0,0,14,12,26,0,19,36,39,94,28,14,42,136
03/19/2002,CLL,TX,ASW,CE,Federal Contract Tower,0,17,27,33,77,0,0,12,16,28,0,17,39,49,105,0,52,52,157
03/20/2002,CLL,TX,ASW,CE,Federal Contract Tower,0,20,33,11,64,0,0,1,6,7,0,20,34,17,71,14,0,14,85
03/21/2002,CLL,TX,ASW,CE,Federal Contract Tower,0,17,18,36,71,0,0,104,12,116,0,17,122,48,187,70,22,92,279
03/22/2002,CLL,TX,ASW,CE,Federal Contract Tower,0,21,24,20,65,0,0,113,22,135,0,21,137,42,200,102,26,128,328
03/23/2002,CLL,TX,ASW,CE,Federal Contract Tower,0,16,17,2,35,0,0,141,4,145,0,16,158,6,180,82,6,88,268
03/24/2002,CLL,TX,ASW,CE,Federal Contract Tower,0,16,14,15,45,0,0,42,10,52,0,16,56,25,97,18,4,22,119
03/25/2002,CLL,TX,ASW,CE,Federal Contract Tower,0,17,27,22,66,0,0,10,12,22,0,17,37,34,88,0,0,0,88
03/26/2002,CLL,TX,ASW,CE,Federal Contract Tower,0,17,26,57,100,0,0,76,42,118,0,17,102,99,218,42,58,100,318
03/27/2002,CLL,TX,ASW,CE,Federal Contract Tower,0,17,8,33,58,0,0,97,19,116,0,17,105,52,174,50,44,94,268
03/28/2002,CLL,TX,ASW,CE,Federal Contract Tower,0,17,28,45,90,0,0,62,17,79,0,17,90,62,169,72,56,128,297
03/29/2002,CLL,TX,ASW,CE,Federal Contract Tower,0,16,21,17,54,0,0,53,18,71,0,16,74,35,125,28,16,44,169
03/30/2002,CLL,TX,ASW,CE,Federal Contract Tower,0,15,0,0,15,0,0,20,0,20,0,15,20,0,35,16,0,16,51
03/31/2002,CLL,TX,ASW,CE,Federal Contract Tower,0,16,12,5,33,0,0,50,2,52,0,16,62,7,85,14,0,14,99
04/01/2002,CLL,TX,ASW,CE,Federal Contract Tower,0,16,29,26,71,0,0,71,21,92,0,16,100,47,163,42,62,104,267
04/02/2002,CLL,TX,ASW,CE,Federal Contract Tower,0,17,35,23,75,0,0,61,16,77,0,17,96,39,152,114,18,132,284
04/03/2002,CLL,TX,ASW,CE,Federal Contract Tower,0,19,32,24,75,0,0,44,25,69,0,19,76,49,144,18,20,38,182
04/04/2002,CLL,TX,ASW,CE,Federal Contract Tower,0,17,34,31,82,0,0,52,8,60,0,17,86,39,142,56,24,80,222
04/05/2002,CLL,TX,ASW,CE,Federal Contract Tower,1,15,19,17,52,0,0,88,19,107,1,15,107,36,159,66,48,114,273
04/06/2002,CLL,TX,ASW,CE,Federal Contract Tower,0,15,10,0,25,0,0,30,0,30,0,15,40,0,55,12,0,12,67
04/07/2002,CLL,TX,ASW,CE,Federal Contract Tower,1,12,11,3,27,0,0,0,0,0,1,12,11,3,27,0,0,0,27
04/08/2002,CLL,TX,ASW,CE,Federal Contract Tower,3,20,30,14,67,0,0,28,7,35,3,20,58,21,102,48,34,82,184
04/09/2002,CLL,TX,ASW,CE,Federal Contract Tower,0,23,38,31,92,0,0,77,0,77,0,23,115,31,169,68,34,102,271
04/10/2002,CLL,TX,ASW,CE,Federal Contract Tower,0,19,32,28,79,0,0,67,18,85,0,19,99,46,164,54,58,112,276
04/11/2002,CLL,TX,ASW,CE,Federal Contract Tower,0,24,30,26,80,0,1,75,17,93,0,25,105,43,173,40,60,100,273
04/12/2002,CLL,TX,ASW,CE,Federal Contract Tower,0,15,24,21,60,0,0,70,19,89,0,15,94,40,149,48,42,90,239
04/13/2002,CLL,TX,ASW,CE,Federal Contract Tower,0,15,18,17,50,0,0,84,4,88,0,15,102,21,138,56,48,104,242
04/14/2002,CLL,TX,ASW,CE,Federal Contract Tower,0,19,27,0,46,0,0,49,1,50,0,19,76,1,96,60,0,60,156
04/15/2002,CLL,TX,ASW,CE,Federal Contract Tower,2,18,24,22,66,0,0,80,19,99,2,18,104,41,165,48,36,84,249
04/16/2002,CLL,TX,ASW,CE,Federal Contract Tower,0,17,26,26,69,0,0,22,8,30,0,17,48,34,99,24,16,40,139
04/17/2002,CLL,TX,ASW,CE,Federal Contract Tower,0,16,28,38,82,0,0,49,14,63,0,16,77,52,145,38,36,74,219
04/18/2002,CLL,TX,ASW,CE,Federal Contract Tower,0,17,14,38,69,0,0,60,15,75,0,17,74,53,144,70,20,90,234
04/19/2002,CLL,TX,ASW,CE,Federal Contract Tower,0,17,24,25,66,0,0,67,16,83,0,17,91,41,149,64,42,106,255
04/20/2002,CLL,TX,ASW,CE,Federal Contract Tower,0,17,18,19,54,0,0,79,31,110,0,17,97,50,164,40,28,68,232
04/21/2002,CLL,TX,ASW,CE,Federal Contract Tower,0,16,20,21,57,0,0,36,12,48,0,16,56,33,105,32,0,32,137
04/22/2002,CLL,TX,ASW,CE,Federal Contract Tower,0,17,31,20,68,0,0,44,17,61,0,17,75,37,129,92,24,116,245
04/23/2002,CLL,TX,ASW,CE,Federal Contract Tower,0,19,31,6,56,0,0,54,5,59,0,19,85,11,115,68,6,74,189
04/24/2002,CLL,TX,ASW,CE,Federal Contract Tower,0,20,26,21,67,0,0,50,6,56,0,20,76,27,123,8,36,44,167
04/25/2002,CLL,TX,ASW,CE,Federal Contract Tower,0,18,27,19,64,0,0,28,4,32,0,18,55,23,96,12,2,14,110
04/26/2002,CLL,TX,ASW,CE,Federal Contract Tower,2,16,22,37,77,0,0,97,41,138,2,16,119,78,215,84,58,142,357
04/27/2002,CLL,TX,ASW,CE,Federal Contract Tower,0,15,18,12,45,0,0,42,19,61,0,15,60,31,106,36,18,54,160
04/28/2002,CLL,TX,ASW,CE,Federal Contract Tower,0,18,22,7,47,0,0,73,7,80,0,18,95,14,127,16,10,26,153
04/29/2002,CLL,TX,ASW,CE,Federal Contract Tower,0,20,16,31,67,0,0,56,24,80,0,20,72,55,147,54,44,98,245
04/30/2002,CLL,TX,ASW,CE,Federal Contract Tower,0,18,14,13,45,0,0,51,28,79,0,18,65,41,124,12,52,64,188
05/01/2002,CLL,TX,ASW,CE,Federal Contract Tower,0,16,22,49,87,0,0,76,29,105,0,16,98,78,192,60,84,144,336
05/02/2002,CLL,TX,ASW,CE,Federal Contract Tower,0,18,19,31,68,0,0,57,11,68,0,18,76,42,136,62,32,94,230
05/03/2002,CLL,TX,ASW,CE,Federal Contract Tower,0,15,29,20,64,0,0,61,18,79,0,15,90,38,143,42,14,56,199
05/04/2002,CLL,TX,ASW,CE,Federal Contract Tower,0,18,17,10,45,0,0,64,0,64,0,18,81,10,109,72,14,86,195
05/05/2002,CLL,TX,ASW,CE,Federal Contract Tower,0,22,22,13,57,0,0,53,9,62,0,22,75,22,119,42,0,42,161
05/06/2002,CLL,TX,ASW,CE,Federal Contract Tower,0,16,14,8,38,0,0,47,0,47,0,16,61,8,85,42,14,56,141
05/07/2002,CLL,TX,ASW,CE,Federal Contract Tower,0,16,23,19,58,0,0,54,0,54,0,16,77,19,112,26,48,74,186
05/08/2002,CLL,TX,ASW,CE,Federal Contract Tower,0,18,31,33,82,0,0,52,17,69,0,18,83,50,151,82,36,118,269
05/09/2002,CLL,TX,ASW,CE,Federal Contract Tower,0,18,35,15,68,0,0,90,19,109,0,18,125,34,177,128,26,154,331
05/10/2002,CLL,TX,ASW,CE,Federal Contract Tower,0,15,26,18,59,0,0,84,10,94,0,15,110,28,153,118,48,166,319
05/11/2002,CLL,TX,ASW,CE,Federal Contract Tower,0,17,24,16,57,0,0,77,19,96,0,17,101,35,153,36,22,58,211
05/12/2002,CLL,TX,ASW,CE,Federal Contract Tower,0,16,13,0,29,0,0,41,0,41,0,16,54,0,70,28,0,28,98
05/13/2002,CLL,TX,ASW,CE,Federal Contract Tower,0,16,22,16,54,0,0,33,7,40,0,16,55,23,94,40,6,46,140
05/14/2002,CLL,TX,ASW,CE,Federal Contract Tower,0,16,13,28,57,0,0,74,14,88,0,16,87,42,145,34,60,94,239
05/15/2002,CLL,TX,ASW,CE,Federal Contract Tower,0,20,15,17,52,0,0,61,13,74,0,20,76,30,126,52,4,56,182
05/16/2002,CLL,TX,ASW,CE,Federal Contract Tower,0,20,31,30,81,0,0,36,18,54,0,20,67,48,135,62,10,72,207
05/17/2002,CLL,TX,ASW,CE,Federal Contract Tower,0,12,11,6,29,0,0,24,11,35,0,12,35,17,64,34,14,48,112
05/18/2002,CLL,TX,ASW,CE,Federal Contract Tower,0,16,19,14,49,0,0,61,7,68,0,16,80,21,117,74,26,100,217
05/19/2002,CLL,TX,ASW,CE,Federal Contract Tower,0,16,15,3,34,0,0,86,2,88,0,16,101,5,122,34,2,36,158
05/20/2002,CLL,TX,ASW,CE,Federal Contract Tower,0,18,17,36,71,0,0,59,17,76,0,18,76,53,147,84,48,132,279
05/21/2002,CLL,TX,ASW,CE,Federal Contract Tower,0,16,25,24,65,0,0,64,18,82,0,16,89,42,147,50,36,86,233
05/22/2002,CLL,TX,ASW,CE,Federal Contract Tower,0,18,23,0,41,0,0,69,4,73,0,18,92,4,114,40,4,44,158
05/23/2002,CLL,TX,ASW,CE,Federal Contract Tower,0,19,17,15,51,0,0,45,13,58,0,19,62,28,109,60,46,106,215
05/24/2002,CLL,TX,ASW,CE,Federal Contract Tower,0,15,22,10,47,0,0,87,18,105,0,15,109,28,152,40,54,94,246
05/25/2002,CLL,TX,ASW,CE,Federal Contract Tower,0,11,13,8,32,0,0,49,9,58,0,11,62,17,90,54,14,68,158
05/26/2002,CLL,TX,ASW,CE,Federal Contract Tower,0,14,8,11,33,0,0,44,14,58,0,14,52,25,91,24,12,36,127
05/27/2002,CLL,TX,ASW,CE,Federal Contract Tower,0,14,12,2,28,0,0,27,0,27,0,14,39,2,55,4,0,4,59
05/28/2002,CLL,TX,ASW,CE,Federal Contract Tower,0,19,27,20,66,0,0,50,1,51,0,19,77,21,117,40,4,44,161
05/29/2002,CLL,TX,ASW,CE,Federal Contract Tower,0,18,13,3,34,0,0,42,3,45,0,18,55,6,79,92,0,92,171
05/30/2002,CLL,TX,ASW,CE,Federal Contract Tower,0,17,14,21,52,0,0,67,11,78,0,17,81,32,130,130,6,136,266
05/31/2002,CLL,TX,ASW,CE,Federal Contract Tower,0,14,16,14,44,0,0,71,20,91,0,14,87,34,135,74,40,114,249
06/01/2002,CLL,TX,ASW,CE,Federal Contract Tower,0,13,18,0,31,0,0,53,5,58,0,13,71,5,89,86,14,100,189
06/02/2002,CLL,TX,ASW,CE,Federal Contract Tower,0,18,10,4,32,0,0,56,2,58,0,18,66,6,90,82,0,82,172
06/03/2002,CLL,TX,ASW,CE,Federal Contract Tower,0,16,23,23,62,0,0,57,17,74,0,16,80,40,136,86,22,108,244
06/04/2002,CLL,TX,ASW,CE,Federal Contract Tower,0,17,12,25,54,0,0,66,4,70,0,17,78,29,124,104,26,130,254
06/05/2002,CLL,TX,ASW,CE,Federal Contract Tower,0,18,16,19,53,0,0,54,3,57,0,18,70,22,110,90,12,102,212
06/06/2002,CLL,TX,ASW,CE,Federal Contract Tower,0,21,15,47,83,0,0,101,17,118,0,21,116,64,201,92,84,176,377
06/07/2002,CLL,TX,ASW,CE,Federal Contract Tower,0,16,22,17,55,0,0,85,40,125,0,16,107,57,180,82,58,140,320
06/08/2002,CLL,TX,ASW,CE,Federal Contract Tower,0,15,24,8,47,0,0,60,8,68,0,15,84,16,115,40,20,60,175
06/09/2002,CLL,TX,ASW,CE,Federal Contract Tower,0,23,10,1,34,0,0,31,1,32,0,23,41,2,66,10,0,10,76
06/10/2002,CLL,TX,ASW,CE,Federal Contract Tower,0,16,17,24,57,0,0,70,21,91,0,16,87,45,148,54,20,74,222
06/11/2002,CLL,TX,ASW,CE,Federal Contract Tower,0,18,24,42,84,0,0,94,17,111,0,18,118,59,195,70,42,112,307
06/12/2002,CLL,TX,ASW,CE,Federal Contract Tower,0,17,24,41,82,0,0,68,9,77,0,17,92,50,159,106,50,156,315
06/13/2002,CLL,TX,ASW,CE,Federal Contract Tower,0,15,37,30,82,0,0,91,22,113,0,15,128,52,195,78,32,110,305
06/14/2002,CLL,TX,ASW,CE,Federal Contract Tower,0,22,28,20,70,0,0,89,35,124,0,22,117,55,194,122,70,192,386
06/15/2002,CLL,TX,ASW,CE,Federal Contract Tower,0,11,8,0,19,0,0,90,0,90,0,11,98,0,109,50,0,50,159
06/16/2002,CLL,TX,ASW,CE,Federal Contract Tower,0,20,14,2,36,0,0,48,0,48,0,20,62,2,84,6,0,6,90
06/17/2002,CLL,TX,ASW,CE,Federal Contract Tower,0,18,21,17,56,0,0,110,10,120,0,18,131,27,176,102,16,118,294
06/18/2002,CLL,TX,ASW,CE,Federal Contract Tower,0,16,16,24,56,0,0,94,22,116,0,16,110,46,172,88,8,96,268
06/19/2002,CLL,TX,ASW,CE,Federal Contract Tower,0,18,22,23,63,0,0,83,17,100,0,18,105,40,163,100,64,164,327
06/20/2002,CLL,TX,ASW,CE,Federal Contract Tower,0,20,21,14,55,0,0,78,7,85,0,20,99,21,140,56,34,90,230
06/21/2002,CLL,TX,ASW,CE,Federal Contract Tower,0,18,22,20,60,0,0,66,17,83,0,18,88,37,143,20,38,58,201
06/22/2002,CLL,TX,ASW,CE,Federal Contract Tower,0,14,16,12,42,0,0,86,20,106,0,14,102,32,148,52,4,56,204
06/23/2002,CLL,TX,ASW,CE,Federal Contract Tower,0,17,16,22,55,0,0,84,9,93,0,17,100,31,148,92,0,92,240
06/24/2002,CLL,TX,ASW,CE,Federal Contract Tower,0,20,18,13,51,0,0,69,27,96,0,20,87,40,147,112,62,174,321
06/25/2002,CLL,TX,ASW,CE,Federal Contract Tower,0,19,11,17,47,0,0,47,6,53,0,19,58,23,100,124,16,140,240
06/26/2002,CLL,TX,ASW,CE,Federal Contract Tower,0,14,20,5,39,0,1,39,10,50,0,15,59,15,89,76,10,86,175
06/27/2002,CLL,TX,ASW,CE,Federal Contract Tower,0,18,34,40,92,0,0,52,11,63,0,18,86,51,155,62,16,78,233
06/28/2002,CLL,TX,ASW,CE,Federal Contract Tower,0,20,24,13,57,0,0,71,7,78,0,20,95,20,135,108,34,142,277
06/29/2002,CLL,TX,ASW,CE,Federal Contract Tower,0,12,11,0,23,0,0,13,0,13,0,12,24,0,36,6,0,6,42
06/30/2002,CLL,TX,ASW,CE,Federal Contract Tower,0,17,24,1,42,0,0,20,0,20,0,17,44,1,62,34,0,34,96
07/01/2002,CLL,TX,ASW,CE,Federal Contract Tower,0,15,14,5,34,0,1,9,0,10,0,16,23,5,44,14,0,14,58
07/02/2002,CLL,TX,ASW,CE,Federal Contract Tower,0,14,12,1,27,0,1,25,0,26,0,15,37,1,53,52,0,52,105
07/03/2002,CLL,TX,ASW,CE,Federal Contract Tower,0,14,27,14,55,0,1,43,10,54,0,15,70,24,109,56,6,62,171
07/04/2002,CLL,TX,ASW,CE,Federal Contract Tower,0,10,6,1,17,0,0,27,1,28,0,10,33,2,45,26,0,26,71
07/05/2002,CLL,TX,ASW,CE,Federal Contract Tower,0,11,7,4,22,0,0,53,4,57,0,11,60,8,79,22,8,30,109
07/06/2002,CLL,TX,ASW,CE,Federal Contract Tower,0,13,11,3,27,0,0,76,1,77,0,13,87,4,104,72,4,76,180
07/07/2002,CLL,TX,ASW,CE,Federal Contract Tower,0,16,7,2,25,0,0,79,0,79,0,16,86,2,104,48,0,48,152
07/08/2002,CLL,TX,ASW,CE,Federal Contract Tower,0,16,14,31,61,0,0,36,16,52,0,16,50,47,113,38,62,100,213
07/09/2002,CLL,TX,ASW,CE,Federal Contract Tower,0,16,10,5,31,0,0,56,2,58,0,16,66,7,89,54,4,58,147
07/10/2002,CLL,TX,ASW,CE,Federal Contract Tower,0,15,22,8,45,0,0,53,5,58,0,15,75,13,103,72,0,72,175
07/11/2002,CLL,TX,ASW,CE,Federal Contract Tower,0,17,23,23,63,0,0,57,16,73,0,17,80,39,136,78,36,114,250
07/12/2002,CLL,TX,ASW,CE,Federal Contract Tower,0,15,14,9,38,0,0,70,9,79,0,15,84,18,117,58,40,98,215
07/13/2002,CLL,TX,ASW,CE,Federal Contract Tower,3,12,10,6,31,0,0,36,4,40,3,12,46,10,71,38,8,46,117
07/14/2002,CLL,TX,ASW,CE,Federal Contract Tower,0,16,2,0,18,0,0,19,0,19,0,16,21,0,37,8,0,8,45
07/15/2002,CLL,TX,ASW,CE,Federal Contract Tower,0,18,12,1,31,0,0,26,0,26,0,18,38,1,57,48,0,48,105
07/16/2002,CLL,TX,ASW,CE,Federal Contract Tower,0,18,14,0,32,0,0,5,0,5,0,18,19,0,37,0,0,0,37
07/17/2002,CLL,TX,ASW,CE,Federal Contract Tower,0,18,19,4,41,0,0,66,10,76,0,18,85,14,117,86,10,96,213
07/18/2002,CLL,TX,ASW,CE,Federal Contract Tower,0,16,31,19,66,0,0,69,3,72,0,16,100,22,138,82,38,120,258
07/19/2002,CLL,TX,ASW,CE,Federal Contract Tower,0,14,20,20,54,0,0,82,21,103,0,14,102,41,157,84,20,104,261
07/20/2002,CLL,TX,ASW,CE,Federal Contract Tower,0,12,18,19,49,0,0,71,12,83,0,12,89,31,132,38,70,108,240
07/21/2002,CLL,TX,ASW,CE,Federal Contract Tower,0,13,24,3,40,0,0,69,0,69,0,13,93,3,109,78,0,78,187
07/22/2002,CLL,TX,ASW,CE,Federal Contract Tower,0,16,8,26,50,0,0,83,18,101,0,16,91,44,151,72,6,78,229
07/23/2002,CLL,TX,ASW,CE,Federal Contract Tower,0,16,13,26,55,0,0,82,5,87,0,16,95,31,142,42,22,64,206
07/24/2002,CLL,TX,ASW,CE,Federal Contract Tower,0,16,20,16,52,0,0,93,56,149,0,16,113,72,201,74,54,128,329
07/25/2002,CLL,TX,ASW,CE,Federal Contract Tower,0,20,19,20,59,0,0,107,13,120,0,20,126,33,179,84,28,112,291
07/26/2002,CLL,TX,ASW,CE,Federal Contract Tower,0,18,19,29,66,0,0,111,22,133,0,18,130,51,199,98,64,162,361
07/27/2002,CLL,TX,ASW,CE,Federal Contract Tower,0,11,13,9,33,0,0,70,16,86,0,11,83,25,119,74,32,106,225
07/28/2002,CLL,TX,ASW,CE,Federal Contract Tower,0,16,11,6,33,0,0,51,12,63,0,16,62,18,96,10,18,28,124
07/29/2002,CLL,TX,ASW,CE,Federal Contract Tower,0,16,18,33,67,0,0,38,25,63,0,16,56,58,130,34,28,62,192
07/30/2002,CLL,TX,ASW,CE,Federal Contract Tower,0,15,29,30,74,0,0,61,22,83,0,15,90,52,157,78,30,108,265
07/31/2002,CLL,TX,ASW,CE,Federal Contract Tower,0,16,30,36,82,0,0,61,22,83,0,16,91,58,165,62,44,106,271
08/01/2002,CLL,TX,ASW,CE,Federal Contract Tower,0,18,19,22,59,0,1,83,15,99,0,19,102,37,158,58,28,86,244
08/02/2002,CLL,TX,ASW,CE,Federal Contract Tower,0,19,20,31,70,0,0,79,23,102,0,19,99,54,172,70,62,132,304
08/03/2002,CLL,TX,ASW,CE,Federal Contract Tower,2,11,14,14,41,0,0,76,1,77,2,11,90,15,118,38,10,48,166
08/04/2002,CLL,TX,ASW,CE,Federal Contract Tower,0,19,22,2,43,0,0,76,10,86,0,19,98,12,129,18,0,18,147
08/05/2002,CLL,TX,ASW,CE,Federal Contract Tower,0,20,14,9,43,0,0,48,20,68,0,20,62,29,111,84,30,114,225
08/06/2002,CLL,TX,ASW,CE,Federal Contract Tower,0,18,15,20,53,0,0,54,19,73,0,18,69,39,126,46,14,60,186
08/07/2002,CLL,TX,ASW,CE,Federal Contract Tower,0,18,23,28,69,0,0,52,15,67,0,18,75,43,136,22,32,54,190
08/08/2002,CLL,TX,ASW,CE,Federal Contract Tower,0,19,16,20,55,0,0,60,19,79,0,19,76,39,134,54,24,78,212
08/09/2002,CLL,TX,ASW,CE,Federal Contract Tower,0,18,24,17,59,0,0,85,0,85,0,18,109,17,144,58,78,136,280
08/10/2002,CLL,TX,ASW,CE,Federal Contract Tower,0,12,13,6,31,0,0,39,2,41,0,12,52,8,72,16,8,24,96
08/11/2002,CLL,TX,ASW,CE,Federal Contract Tower,0,18,24,20,62,2,0,69,17,88,2,18,93,37,150,34,2,36,186
08/12/2002,CLL,TX,ASW,CE,Federal Contract Tower,2,19,20,12,53,0,0,33,24,57,2,19,53,36,110,0,2,2,112
08/13/2002,CLL,TX,ASW,CE,Federal Contract Tower,0,27,24,16,67,0,2,37,13,52,0,29,61,29,119,26,16,42,161
08/14/2002,CLL,TX,ASW,CE,Federal Contract Tower,0,17,16,16,49,0,0,37,5,42,0,17,53,21,91,20,30,50,141
08/15/2002,CLL,TX,ASW,CE,Federal Contract Tower,0,16,15,11,42,0,0,0,2,2,0,16,15,13,44,0,8,8,52
08/16/2002,CLL,TX,ASW,CE,Federal Contract Tower,0,20,21,22,63,0,0,55,1,56,0,20,76,23,119,20,36,56,175
08/17/2002,CLL,TX,ASW,CE,Federal Contract Tower,0,15,19,7,41,0,0,60,6,66,0,15,79,13,107,40,10,50,157
08/18/2002,CLL,TX,ASW,CE,Federal Contract Tower,0,18,28,11,57,0,0,68,2,70,0,18,96,13,127,34,0,34,161
08/19/2002,CLL,TX,ASW,CE,Federal Contract Tower,0,17,19,27,63,0,0,58,16,74,0,17,77,43,137,34,14,48,185
08/20/2002,CLL,TX,ASW,CE,Federal Contract Tower,0,19,17,10,46,0,0,50,2,52,0,19,67,12,98,40,12,52,150
08/21/2002,CLL,TX,ASW,CE,Federal Contract Tower,0,20,17,13,50,0,0,37,9,46,0,20,54,22,96,32,4,36,132
08/22/2002,CLL,TX,ASW,CE,Federal Contract Tower,0,22,30,22,74,0,0,68,14,82,0,22,98,36,156,14,28,42,198
08/23/2002,CLL,TX,ASW,CE,Federal Contract Tower,0,18,17,19,54,0,0,69,13,82,0,18,86,32,136,44,46,90,226
08/24/2002,CLL,TX,ASW,CE,Federal Contract Tower,0,12,11,13,36,0,0,87,14,101,0,12,98,27,137,52,60,112,249
08/25/2002,CLL,TX,ASW,CE,Federal Contract Tower,1,18,22,10,51,0,0,79,11,90,1,18,101,21,141,24,6,30,171
08/26/2002,CLL,TX,ASW,CE,Federal Contract Tower,0,20,16,35,71,0,0,54,21,75,0,20,70,56,146,100,24,124,270
08/27/2002,CLL,TX,ASW,CE,Federal Contract Tower,0,20,23,12,55,0,0,75,3,78,0,20,98,15,133,62,6,68,201
08/28/2002,CLL,TX,ASW,CE,Federal Contract Tower,1,22,30,36,89,0,0,64,19,83,1,22,94,55,172,64,28,92,264
08/29/2002,CLL,TX,ASW,CE,Federal Contract Tower,0,20,22,27,69,0,2,50,22,74,0,22,72,49,143,34,36,70,213
08/30/2002,CLL,TX,ASW,CE,Federal Contract Tower,0,19,22,32,73,0,0,100,13,113,0,19,122,45,186,60,50,110,296
08/31/2002,CLL,TX,ASW,CE,Federal Contract Tower,0,11,32,0,43,0,0,116,0,116,0,11,148,0,159,22,0,22,181
09/01/2002,CLL,TX,ASW,CE,Federal Contract Tower,0,11,11,3,25,0,0,64,1,65,0,11,75,4,90,24,0,24,114
09/02/2002,CLL,TX,ASW,CE,Federal Contract Tower,0,15,12,0,27,0,0,64,0,64,0,15,76,0,91,40,0,40,131
09/03/2002,CLL,TX,ASW,CE,Federal Contract Tower,0,19,20,22,61,0,0,28,10,38,0,19,48,32,99,12,26,38,137
09/04/2002,CLL,TX,ASW,CE,Federal Contract Tower,0,22,19,24,65,0,0,60,9,69,0,22,79,33,134,80,26,106,240
09/05/2002,CLL,TX,ASW,CE,Federal Contract Tower,0,18,23,28,69,0,0,58,17,75,0,18,81,45,144,34,22,56,200
09/06/2002,CLL,TX,ASW,CE,Federal Contract Tower,4,17,20,30,71,0,0,63,23,86,4,17,83,53,157,56,80,136,293
09/07/2002,CLL,TX,ASW,CE,Federal Contract Tower,2,16,4,0,22,0,0,3,0,3,2,16,7,0,25,0,0,0,25
09/08/2002,CLL,TX,ASW,CE,Federal Contract Tower,4,18,5,0,27,0,0,5,0,5,4,18,10,0,32,10,0,10,42
09/09/2002,CLL,TX,ASW,CE,Federal Contract Tower,0,18,13,11,42,0,0,15,5,20,0,18,28,16,62,22,0,22,84
09/10/2002,CLL,TX,ASW,CE,Federal Contract Tower,0,18,23,39,80,0,0,62,10,72,0,18,85,49,152,42,80,122,274
09/11/2002,CLL,TX,ASW,CE,Federal Contract Tower,0,15,19,20,54,0,0,65,17,82,0,15,84,37,136,94,32,126,262
09/12/2002,CLL,TX,ASW,CE,Federal Contract Tower,0,24,41,24,89,0,1,71,20,92,0,25,112,44,181,22,18,40,221
09/13/2002,CLL,TX,ASW,CE,Federal Contract Tower,1,18,19,26,64,0,0,61,12,73,1,18,80,38,137,28,44,72,209
09/14/2002,CLL,TX,ASW,CE,Federal Contract Tower,0,12,13,22,47,0,1,63,14,78,0,13,76,36,125,22,30,52,177
09/15/2002,CLL,TX,ASW,CE,Federal Contract Tower,2,18,25,1,46,0,0,10,0,10,2,18,35,1,56,0,0,0,56
09/16/2002,CLL,TX,ASW,CE,Federal Contract Tower,0,18,40,4,62,0,0,20,1,21,0,18,60,5,83,16,0,16,99
09/17/2002,CLL,TX,ASW,CE,Federal Contract Tower,0,24,30,17,71,0,0,24,7,31,0,24,54,24,102,22,22,44,146
09/18/2002,CLL,TX,ASW,CE,Federal Contract Tower,0,18,31,22,71,0,0,56,23,79,0,18,87,45,150,44,20,64,214
09/19/2002,CLL,TX,ASW,CE,Federal Contract Tower,0,25,17,4,46,0,0,15,5,20,0,25,32,9,66,14,4,18,84
09/20/2002,CLL,TX,ASW,CE,Federal Contract Tower,2,24,32,31,89,0,0,133,22,155,2,24,165,53,244,84,58,142,386
09/21/2002,CLL,TX,ASW,CE,Federal Contract Tower,2,15,37,30,84,0,0,154,6,160,2,15,191,36,244,22,26,48,292
09/22/2002,CLL,TX,ASW,CE,Federal Contract Tower,0,17,23,9,49,0,0,106,9,115,0,17,129,18,164,54,4,58,222
09/23/2002,CLL,TX,ASW,CE,Federal Contract Tower,0,18,12,35,65,0,0,64,22,86,0,18,76,57,151,48,28,76,227
09/24/2002,CLL,TX,ASW,CE,Federal Contract Tower,0,24,20,29,73,0,0,50,8,58,0,24,70,37,131,54,84,138,269
09/25/2002,CLL,TX,ASW,CE,Federal Contract Tower,0,26,16,38,80,0,0,69,14,83,0,26,85,52,163,68,34,102,265
09/26/2002,CLL,TX,ASW,CE,Federal Contract Tower,0,18,18,14,50,0,0,59,7,66,0,18,77,21,116,52,0,52,168
09/27/2002,CLL,TX,ASW,CE,Federal Contract Tower,0,19,18,20,57,0,0,129,0,129,0,19,147,20,186,104,14,118,304
09/28/2002,CLL,TX,ASW,CE,Federal Contract Tower,0,14,36,1,51,0,0,109,0,109,0,14,145,1,160,70,0,70,230
09/29/2002,CLL,TX,ASW,CE,Federal Contract Tower,0,19,12,2,33,0,0,86,10,96,0,19,98,12,129,48,0,48,177
09/30/2002,CLL,TX,ASW,CE,Federal Contract Tower,0,18,19,6,43,0,0,77,12,89,0,18,96,18,132,56,0,56,188
10/01/2002,CLL,TX,ASW,CE,Federal Contract Tower,0,22,25,6,53,0,0,18,4,22,0,22,43,10,75,4,2,6,81
10/02/2002,CLL,TX,ASW,CE,Federal Contract Tower,0,23,38,10,71,0,0,38,3,41,0,23,76,13,112,60,22,82,194
10/03/2002,CLL,TX,ASW,CE,Federal Contract Tower,0,21,23,42,86,0,0,66,26,92,0,21,89,68,178,94,68,162,340
10/04/2002,CLL,TX,ASW,CE,Federal Contract Tower,2,21,34,35,92,0,0,102,15,117,2,21,136,50,209,116,52,168,377
10/05/2002,CLL,TX,ASW,CE,Federal Contract Tower,2,15,47,17,81,0,0,144,3,147,2,15,191,20,228,8,8,16,244
10/06/2002,CLL,TX,ASW,CE,Federal Contract Tower,0,16,22,14,52,0,0,61,6,67,0,16,83,20,119,28,6,34,153
10/07/2002,CLL,TX,ASW,CE,Federal Contract Tower,0,18,33,0,51,0,0,19,0,19,0,18,52,0,70,0,0,0,70
10/08/2002,CLL,TX,ASW,CE,Federal Contract Tower,0,22,28,12,62,0,0,2,6,8,0,22,30,18,70,10,6,16,86
10/09/2002,CLL,TX,ASW,CE,Federal Contract Tower,0,19,31,9,59,0,0,22,4,26,0,19,53,13,85,22,4,26,111
10/10/2002,CLL,TX,ASW,CE,Federal Contract Tower,0,18,39,12,69,0,0,40,17,57,0,18,79,29,126,48,12,60,186
10/11/2002,CLL,TX,ASW,CE,Federal Contract Tower,0,17,26,25,68,0,0,115,23,138,0,17,141,48,206,144,86,230,436
10/12/2002,CLL,TX,ASW,CE,Federal Contract Tower,0,14,12,4,30,0,0,45,1,46,0,14,57,5,76,70,0,70,146
10/13/2002,CLL,TX,ASW,CE,Federal Contract Tower,0,21,29,5,55,0,0,15,1,16,0,21,44,6,71,24,0,24,95
10/14/2002,CLL,TX,ASW,CE,Federal Contract Tower,0,19,24,9,52,0,0,6,3,9,0,19,30,12,61,6,0,6,67
10/15/2002,CLL,TX,ASW,CE,Federal Contract Tower,0,18,11,11,40,0,0,68,10,78,0,18,79,21,118,30,2,32,150
10/16/2002,CLL,TX,ASW,CE,Federal Contract Tower,0,21,17,11,49,0,0,61,12,73,0,21,78,23,122,60,12,72,194
10/17/2002,CLL,TX,ASW,CE,Federal Contract Tower,0,18,34,22,74,0,0,106,18,124,0,18,140,40,198,26,24,50,248
10/18/2002,CLL,TX,ASW,CE,Federal Contract Tower,2,17,27,28,74,0,0,70,54,124,2,17,97,82,198,92,48,140,338
10/19/2002,CLL,TX,ASW,CE,Federal Contract Tower,2,16,18,0,36,0,0,1,0,1,2,16,19,0,37,0,0,0,37
10/20/2002,CLL,TX,ASW,CE,Federal Contract Tower,0,16,28,9,53,0,0,29,0,29,0,16,57,9,82,62,0,62,144
10/21/2002,CLL,TX,ASW,CE,Federal Contract Tower,0,18,22,0,40,0,3,10,0,13,0,21,32,0,53,16,0,16,69
10/22/2002,CLL,TX,ASW,CE,Federal Contract Tower,0,21,27,12,60,0,0,4,2,6,0,21,31,14,66,0,0,0,66
10/23/2002,CLL,TX,ASW,CE,Federal Contract Tower,0,18,25,16,59,0,0,3,11,14,0,18,28,27,73,20,10,30,103
10/24/2002,CLL,TX,ASW,CE,Federal Contract Tower,0,20,26,6,52,0,0,0,0,0,0,20,26,6,52,0,0,0,52
10/25/2002,CLL,TX,ASW,CE,Federal Contract Tower,2,18,47,3,70,0,0,0,0,0,2,18,47,3,70,0,0,0,70
10/26/2002,CLL,TX,ASW,CE,Federal Contract Tower,2,16,59,2,79,0,0,0,0,0,2,16,59,2,79,2,0,2,81
10/27/2002,CLL,TX,ASW,CE,Federal Contract Tower,0,22,38,6,66,0,0,6,1,7,0,22,44,7,73,0,0,0,73
10/28/2002,CLL,TX,ASW,CE,Federal Contract Tower,0,24,27,5,56,0,0,0,0,0,0,24,27,5,56,2,0,2,58
10/29/2002,CLL,TX,ASW,CE,Federal Contract Tower,1,20,15,49,85,0,0,69,37,106,1,20,84,86,191,36,116,152,343
10/30/2002,CLL,TX,ASW,CE,Federal Contract Tower,0,18,23,45,86,0,0,77,30,107,0,18,100,75,193,62,76,138,331
10/31/2002,CLL,TX,ASW,CE,Federal Contract Tower,0,18,36,46,100,0,0,73,34,107,0,18,109,80,207,74,12,86,293
11/01/2002,CLL,TX,ASW,CE,Federal Contract Tower,1,17,21,24,63,0,0,80,18,98,1,17,101,42,161,36,50,86,247
11/02/2002,CLL,TX,ASW,CE,Federal Contract Tower,1,14,30,0,45,0,0,33,0,33,1,14,63,0,78,16,0,16,94
11/03/2002,CLL,TX,ASW,CE,Federal Contract Tower,0,16,18,3,37,0,0,0,1,1,0,16,18,4,38,0,0,0,38
11/04/2002,CLL,TX,ASW,CE,Federal Contract Tower,0,18,15,1,34,0,0,2,0,2,0,18,17,1,36,0,0,0,36
11/05/2002,CLL,TX,ASW,CE,Federal Contract Tower,0,17,19,39,75,0,1,57,26,84,0,18,76,65,159,74,42,116,275
11/06/2002,CLL,TX,ASW,CE,Federal Contract Tower,0,19,19,39,77,0,0,102,19,121,0,19,121,58,198,84,40,124,322
11/07/2002,CLL,TX,ASW,CE,Federal Contract Tower,0,16,12,31,59,0,0,117,18,135,0,16,129,49,194,76,128,204,398
11/08/2002,CLL,TX,ASW,CE,Federal Contract Tower,2,15,26,8,51,0,0,147,26,173,2,15,173,34,224,96,32,128,352
11/09/2002,CLL,TX,ASW,CE,Federal Contract Tower,2,26,101,10,139,0,0,141,3,144,2,26,242,13,283,0,0,0,283
11/10/2002,CLL,TX,ASW,CE,Federal Contract Tower,0,16,40,5,61,0,0,104,5,109,0,16,144,10,170,70,4,74,244
11/11/2002,CLL,TX,ASW,CE,Federal Contract Tower,0,16,21,9,46,0,0,96,9,105,0,16,117,18,151,94,24,118,269
11/12/2002,CLL,TX,ASW,CE,Federal Contract Tower,0,17,18,35,70,0,0,59,18,77,0,17,77,53,147,54,44,98,245
11/13/2002,CLL,TX,ASW,CE,Federal Contract Tower,0,16,16,27,59,0,0,85,21,106,0,16,101,48,165,92,36,128,293
11/14/2002,CLL,TX,ASW,CE,Federal Contract Tower,0,19,18,24,61,0,0,62,46,108,0,19,80,70,169,66,60,126,295
11/15/2002,CLL,TX,ASW,CE,Federal Contract Tower,1,15,21,30,67,0,0,88,32,120,1,15,109,62,187,84,50,134,321
11/16/2002,CLL,TX,ASW,CE,Federal Contract Tower,1,15,24,5,45,0,0,132,8,140,1,15,156,13,185,2,12,14,199
11/17/2002,CLL,TX,ASW,CE,Federal Contract Tower,0,16,8,6,30,0,0,140,2,142,0,16,148,8,172,72,18,90,262
11/18/2002,CLL,TX,ASW,CE,Federal Contract Tower,0,16,14,34,64,0,0,43,12,55,0,16,57,46,119,36,84,120,239
11/19/2002,CLL,TX,ASW,CE,Federal Contract Tower,0,15,17,29,61,0,0,65,14,79,0,15,82,43,140,44,20,64,204
11/20/2002,CLL,TX,ASW,CE,Federal Contract Tower,0,21,17,33,71,0,0,93,15,108,0,21,110,48,179,72,48,120,299
11/21/2002,CLL,TX,ASW,CE,Federal Contract Tower,0,20,25,24,69,0,0,83,20,103,0,20,108,44,172,120,4,124,296
11/22/2002,CLL,TX,ASW,CE,Federal Contract Tower,0,18,24,41,83,0,0,123,33,156,0,18,147,74,239,84,58,142,381
11/23/2002,CLL,TX,ASW,CE,Federal Contract Tower,0,14,14,10,38,0,0,123,29,152,0,14,137,39,190,74,44,118,308
11/24/2002,CLL,TX,ASW,CE,Federal Contract Tower,0,16,11,26,53,0,0,106,15,121,0,16,117,41,174,66,36,102,276
11/25/2002,CLL,TX,ASW,CE,Federal Contract Tower,0,18,23,25,66,0,0,5,15,20,0,18,28,40,86,0,6,6,92
11/26/2002,CLL,TX,ASW,CE,Federal Contract Tower,0,17,20,6,43,0,0,6,4,10,0,17,26,10,53,0,0,0,53
11/27/2002,CLL,TX,ASW,CE,Federal Contract Tower,0,16,20,23,59,0,0,54,7,61,0,16,74,30,120,56,20,76,196
11/28/2002,CLL,TX,ASW,CE,Federal Contract Tower,0,5,4,0,9,0,0,39,0,39,0,5,43,0,48,0,0,0,48
11/29/2002,CLL,TX,ASW,CE,Federal Contract Tower,2,8,8,2,20,0,0,67,0,67,2,8,75,2,87,82,0,82,169
11/30/2002,CLL,TX,ASW,CE,Federal Contract Tower,2,13,11,3,29,0,0,81,0,81,2,13,92,3,110,42,6,48,158
12/01/2002,CLL,TX,ASW,CE,Federal Contract Tower,0,15,28,0,43,0,1,92,0,93,0,16,120,0,136,52,0,52,188
12/02/2002,CLL,TX,ASW,CE,Federal Contract Tower,0,16,28,16,60,0,0,43,21,64,0,16,71,37,124,80,14,94,218
12/03/2002,CLL,TX,ASW,CE,Federal Contract Tower,0,12,17,2,31,0,0,2,0,2,0,12,19,2,33,0,0,0,33
12/04/2002,CLL,TX,ASW,CE,Federal Contract Tower,0,16,16,12,44,0,0,10,8,18,0,16,26,20,62,0,0,0,62
12/05/2002,CLL,TX,ASW,CE,Federal Contract Tower,0,18,28,17,63,0,0,43,28,71,0,18,71,45,134,22,8,30,164
12/06/2002,CLL,TX,ASW,CE,Federal Contract Tower,0,17,24,26,67,0,0,96,39,135,0,17,120,65,202,112,36,148,350
12/07/2002,CLL,TX,ASW,CE,Federal Contract Tower,0,17,26,28,71,0,0,114,10,124,0,17,140,38,195,126,40,166,361
12/08/2002,CLL,TX,ASW,CE,Federal Contract Tower,0,16,16,6,38,0,0,40,7,47,0,16,56,13,85,62,0,62,147
12/09/2002,CLL,TX,ASW,CE,Federal Contract Tower,0,15,24,0,39,0,0,4,0,4,0,15,28,0,43,0,0,0,43
12/10/2002,CLL,TX,ASW,CE,Federal Contract Tower,0,15,30,35,80,0,0,24,21,45,0,15,54,56,125,60,24,84,209
12/11/2002,CLL,TX,ASW,CE,Federal Contract Tower,0,17,33,58,108,0,0,61,19,80,0,17,94,77,188,90,50,140,328
12/12/2002,CLL,TX,ASW,CE,Federal Contract Tower,0,16,22,3,41,0,0,3,0,3,0,16,25,3,44,0,2,2,46
12/13/2002,CLL,TX,ASW,CE,Federal Contract Tower,0,16,20,28,64,0,0,115,26,141,0,16,135,54,205,46,66,112,317
12/14/2002,CLL,TX,ASW,CE,Federal Contract Tower,0,14,20,26,60,0,0,111,14,125,0,14,131,40,185,86,34,120,305
12/15/2002,CLL,TX,ASW,CE,Federal Contract Tower,0,16,14,23,53,0,0,116,22,138,0,16,130,45,191,74,28,102,293
12/16/2002,CLL,TX,ASW,CE,Federal Contract Tower,0,14,41,14,69,0,0,20,16,36,0,14,61,30,105,6,12,18,123
12/17/2002,CLL,TX,ASW,CE,Federal Contract Tower,0,14,23,29,66,0,0,28,16,44,0,14,51,45,110,52,18,70,180
12/18/2002,CLL,TX,ASW,CE,Federal Contract Tower,0,14,20,24,58,0,0,41,13,54,0,14,61,37,112,72,32,104,216
12/19/2002,CLL,TX,ASW,CE,Federal Contract Tower,0,16,19,24,59,0,0,79,23,102,0,16,98,47,161,24,8,32,193
12/20/2002,CLL,TX,ASW,CE,Federal Contract Tower,0,14,19,26,59,0,0,100,25,125,0,14,119,51,184,78,62,140,324
12/21/2002,CLL,TX,ASW,CE,Federal Contract Tower,0,11,20,0,31,0,0,83,0,83,0,11,103,0,114,52,0,52,166
12/22/2002,CLL,TX,ASW,CE,Federal Contract Tower,0,15,7,1,23,0,0,61,0,61,0,15,68,1,84,16,0,16,100
12/23/2002,CLL,TX,ASW,CE,Federal Contract Tower,0,14,2,0,16,0,0,0,0,0,0,14,2,0,16,0,0,0,16
12/24/2002,CLL,TX,ASW,CE,Federal Contract Tower,0,12,10,0,22,0,0,16,0,16,0,12,26,0,38,2,0,2,40
12/25/2002,CLL,TX,ASW,CE,Federal Contract Tower,0,12,4,0,16,0,0,40,0,40,0,12,44,0,56,0,0,0,56
12/26/2002,CLL,TX,ASW,CE,Federal Contract Tower,0,16,13,8,37,0,0,47,4,51,0,16,60,12,88,64,0,64,152
12/27/2002,CLL,TX,ASW,CE,Federal Contract Tower,0,13,14,4,31,0,0,88,4,92,0,13,102,8,123,96,10,106,229
12/28/2002,CLL,TX,ASW,CE,Federal Contract Tower,0,11,14,0,25,0,0,105,0,105,0,11,119,0,130,70,0,70,200
12/29/2002,CLL,TX,ASW,CE,Federal Contract Tower,0,13,13,2,28,0,0,3,0,3,0,13,16,2,31,0,0,0,31
12/30/2002,CLL,TX,ASW,CE,Federal Contract Tower,0,11,5,0,16,0,0,4,0,4,0,11,9,0,20,0,0,0,20
12/31/2002,CLL,TX,ASW,CE,Federal Contract Tower,0,12,9,0,21,0,0,27,0,27,0,12,36,0,48,4,0,4,52
01/01/2003,CLL,TX,ASW,CE,Federal Contract Tower,0,12,7,0,19,0,0,41,0,41,0,12,48,0,60,6,0,6,66
01/02/2003,CLL,TX,ASW,CE,Federal Contract Tower,0,14,13,21,48,0,0,34,14,48,0,14,47,35,96,66,40,106,202
01/03/2003,CLL,TX,ASW,CE,Federal Contract Tower,0,15,16,26,57,0,0,72,24,96,0,15,88,50,153,96,82,178,331
01/04/2003,CLL,TX,ASW,CE,Federal Contract Tower,0,11,14,4,29,0,0,119,4,123,0,11,133,8,152,130,2,132,284
01/05/2003,CLL,TX,ASW,CE,Federal Contract Tower,0,13,5,1,19,0,0,57,1,58,0,13,62,2,77,50,0,50,127
01/06/2003,CLL,TX,ASW,CE,Federal Contract Tower,2,22,13,17,54,0,0,49,25,74,2,22,62,42,128,52,14,66,194
01/07/2003,CLL,TX,ASW,CE,Federal Contract Tower,0,13,13,34,60,0,0,71,23,94,0,13,84,57,154,86,26,112,266
01/08/2003,CLL,TX,ASW,CE,Federal Contract Tower,0,12,14,33,59,0,0,79,10,89,0,12,93,43,148,66,58,124,272
01/09/2003,CLL,TX,ASW,CE,Federal Contract Tower,0,14,12,41,67,0,0,55,31,86,0,14,67,72,153,12,32,44,197
01/10/2003,CLL,TX,ASW,CE,Federal Contract Tower,0,20,29,31,80,0,0,82,11,93,0,20,111,42,173,50,74,124,297
01/11/2003,CLL,TX,ASW,CE,Federal Contract Tower,0,12,14,18,44,0,0,43,17,60,0,12,57,35,104,44,24,68,172
01/12/2003,CLL,TX,ASW,CE,Federal Contract Tower,0,12,16,4,32,0,0,1,1,2,0,12,17,5,34,0,0,0,34
01/13/2003,CLL,TX,ASW,CE,Federal Contract Tower,0,15,34,29,78,0,0,25,16,41,0,15,59,45,119,62,0,62,181
01/14/2003,CLL,TX,ASW,CE,Federal Contract Tower,0,15,29,4,48,0,0,46,3,49,0,15,75,7,97,56,6,62,159
01/15/2003,CLL,TX,ASW,CE,Federal Contract Tower,0,13,34,9,56,0,0,7,4,11,0,13,41,13,67,2,4,6,73
01/16/2003,CLL,TX,ASW,CE,Federal Contract Tower,0,14,12,21,47,0,0,42,19,61,0,14,54,40,108,10,18,28,136
01/17/2003,CLL,TX,ASW,CE,Federal Contract Tower,0,14,11,17,42,0,0,103,18,121,0,14,114,35,163,22,12,34,197
01/18/2003,CLL,TX,ASW,CE,Federal Contract Tower,0,14,20,14,48,0,0,91,0,91,0,14,111,14,139,72,8,80,219
01/19/2003,CLL,TX,ASW,CE,Federal Contract Tower,0,14,7,3,24,0,0,76,15,91,0,14,83,18,115,62,0,62,177
01/20/2003,CLL,TX,ASW,CE,Federal Contract Tower,0,14,23,10,47,0,0,23,35,58,0,14,46,45,105,6,0,6,111
01/21/2003,CLL,TX,ASW,CE,Federal Contract Tower,0,17,17,11,45,0,0,43,1,44,0,17,60,12,89,10,4,14,103
01/22/2003,CLL,TX,ASW,CE,Federal Contract Tower,0,13,23,7,43,0,0,34,3,37,0,13,57,10,80,56,0,56,136
01/23/2003,CLL,TX,ASW,CE,Federal Contract Tower,0,15,19,8,42,0,0,64,4,68,0,15,83,12,110,30,20,50,160
01/24/2003,CLL,TX,ASW,CE,Federal Contract Tower,0,16,19,18,53,0,0,92,26,118,0,16,111,44,171,98,36,134,305
01/25/2003,CLL,TX,ASW,CE,Federal Contract Tower,0,11,17,8,36,0,0,57,3,60,0,11,74,11,96,114,0,114,210
01/26/2003,CLL,TX,ASW,CE,Federal Contract Tower,0,13,12,0,25,0,0,2,0,2,0,13,14,0,27,0,0,0,27
01/27/2003,CLL,TX,ASW,CE,Federal Contract Tower,0,16,17,13,46,0,0,28,10,38,0,16,45,23,84,76,4,80,164
01/28/2003,CLL,TX,ASW,CE,Federal Contract Tower,0,12,24,10,46,0,0,26,8,34,0,12,50,18,80,10,24,34,114
01/29/2003,CLL,TX,ASW,CE,Federal Contract Tower,0,15,34,16,65,0,0,16,12,28,0,15,50,28,93,68,10,78,171
01/30/2003,CLL,TX,ASW,CE,Federal Contract Tower,0,17,32,22,71,0,0,28,12,40,0,17,60,34,111,18,10,28,139
01/31/2003,CLL,TX,ASW,CE,Federal Contract Tower,0,15,19,21,55,0,0,55,21,76,0,15,74,42,131,78,40,118,249
02/01/2003,CLL,TX,ASW,CE,Federal Contract Tower,0,18,23,6,47,0,0,108,16,124,0,18,131,22,171,104,10,114,285
02/02/2003,CLL,TX,ASW,CE,Federal Contract Tower,0,13,36,5,54,0,0,41,0,41,0,13,77,5,95,62,0,62,157
02/03/2003,CLL,TX,ASW,CE,Federal Contract Tower,0,12,14,8,34,0,2,26,10,38,0,14,40,18,72,28,0,28,100
02/04/2003,CLL,TX,ASW,CE,Federal Contract Tower,0,15,11,33,59,0,0,85,18,103,0,15,96,51,162,100,68,168,330
02/05/2003,CLL,TX,ASW,CE,Federal Contract Tower,0,14,32,24,70,0,0,30,24,54,0,14,62,48,124,72,26,98,222
02/06/2003,CLL,TX,ASW,CE,Federal Contract Tower,0,15,20,4,39,0,0,2,0,2,0,15,22,4,41,0,0,0,41
02/07/2003,CLL,TX,ASW,CE,Federal Contract Tower,0,13,13,22,48,0,0,29,18,47,0,13,42,40,95,48,58,106,201
02/08/2003,CLL,TX,ASW,CE,Federal Contract Tower,0,10,14,3,27,0,0,15,1,16,0,10,29,4,43,8,0,8,51
02/09/2003,CLL,TX,ASW,CE,Federal Contract Tower,0,14,15,9,38,0,0,39,5,44,0,14,54,14,82,30,16,46,128
02/10/2003,CLL,TX,ASW,CE,Federal Contract Tower,0,16,19,26,61,0,0,82,23,105,0,16,101,49,166,122,18,140,306
02/11/2003,CLL,TX,ASW,CE,Federal Contract Tower,0,17,22,24,63,0,0,48,19,67,0,17,70,43,130,102,14,116,246
02/12/2003,CLL,TX,ASW,CE,Federal Contract Tower,0,19,15,4,38,0,0,26,2,28,0,19,41,6,66,48,8,56,122
02/13/2003,CLL,TX,ASW,CE,Federal Contract Tower,0,18,30,27,75,0,0,24,29,53,0,18,54,56,128,66,0,66,194
02/14/2003,CLL,TX,ASW,CE,Federal Contract Tower,0,16,14,0,30,0,0,8,0,8,0,16,22,0,38,2,0,2,40
02/15/2003,CLL,TX,ASW,CE,Federal Contract Tower,0,12,8,0,20,0,0,19,0,19,0,12,27,0,39,62,0,62,101
02/16/2003,CLL,TX,ASW,CE,Federal Contract Tower,0,14,25,0,39,0,0,24,2,26,0,14,49,2,65,14,0,14,79
02/17/2003,CLL,TX,ASW,CE,Federal Contract Tower,0,15,15,14,44,0,0,137,5,142,0,15,152,19,186,52,0,52,238
02/18/2003,CLL,TX,ASW,CE,Federal Contract Tower,0,14,14,23,51,0,0,50,11,61,0,14,64,34,112,24,10,34,146
02/19/2003,CLL,TX,ASW,CE,Federal Contract Tower,0,14,26,18,58,0,0,17,0,17,0,14,43,18,75,32,14,46,121
02/20/2003,CLL,TX,ASW,CE,Federal Contract Tower,0,12,6,0,18,0,0,0,0,0,0,12,6,0,18,0,0,0,18
02/21/2003,CLL,TX,ASW,CE,Federal Contract Tower,0,15,10,0,25,0,0,0,0,0,0,15,10,0,25,0,0,0,25
02/22/2003,CLL,TX,ASW,CE,Federal Contract Tower,0,14,16,0,30,0,0,109,0,109,0,14,125,0,139,76,10,86,225
02/23/2003,CLL,TX,ASW,CE,Federal Contract Tower,0,15,19,5,39,0,0,46,9,55,0,15,65,14,94,6,0,6,100
02/24/2003,CLL,TX,ASW,CE,Federal Contract Tower,0,10,12,9,31,0,0,42,9,51,0,10,54,18,82,98,26,124,206
02/25/2003,CLL,TX,ASW,CE,Federal Contract Tower,0,9,3,0,12,0,0,0,0,0,0,9,3,0,12,0,0,0,12
02/26/2003,CLL,TX,ASW,CE,Federal Contract Tower,0,12,14,13,39,0,0,0,0,0,0,12,14,13,39,0,0,0,39
02/27/2003,CLL,TX,ASW,CE,Federal Contract Tower,0,15,28,8,51,0,0,29,2,31,0,15,57,10,82,76,8,84,166
02/28/2003,CLL,TX,ASW,CE,Federal Contract Tower,0,15,36,8,59,0,0,51,11,62,0,15,87,19,121,66,22,88,209
03/01/2003,CLL,TX,ASW,CE,Federal Contract Tower,0,12,24,0,36,0,0,30,1,31,0,12,54,1,67,36,0,36,103
03/02/2003,CLL,TX,ASW,CE,Federal Contract Tower,0,15,26,7,48,0,0,25,10,35,0,15,51,17,83,4,0,4,87
03/03/2003,CLL,TX,ASW,CE,Federal Contract Tower,0,14,8,0,22,0,0,8,0,8,0,14,16,0,30,24,0,24,54
03/04/2003,CLL,TX,ASW,CE,Federal Contract Tower,0,13,23,7,43,0,0,3,5,8,0,13,26,12,51,0,0,0,51
03/05/2003,CLL,TX,ASW,CE,Federal Contract Tower,0,17,17,2,36,0,0,0,0,0,0,17,17,2,36,0,0,0,36
03/06/2003,CLL,TX,ASW,CE,Federal Contract Tower,0,15,26,18,59,0,0,117,26,143,0,15,143,44,202,44,18,62,264
03/07/2003,CLL,TX,ASW,CE,Federal Contract Tower,0,25,38,12,75,0,0,117,31,148,0,25,155,43,223,110,54,164,387
03/08/2003,CLL,TX,ASW,CE,Federal Contract Tower,0,14,21,14,49,0,0,56,16,72,0,14,77,30,121,102,12,114,235
03/09/2003,CLL,TX,ASW,CE,Federal Contract Tower,0,15,12,24,51,0,0,79,24,103,0,15,91,48,154,58,20,78,232
03/10/2003,CLL,TX,ASW,CE,Federal Contract Tower,0,14,24,16,54,0,0,68,22,90,0,14,92,38,144,44,52,96,240
03/11/2003,CLL,TX,ASW,CE,Federal Contract Tower,0,13,25,0,38,0,0,32,0,32,0,13,57,0,70,32,0,32,102
03/12/2003,CLL,TX,ASW,CE,Federal Contract Tower,0,15,25,2,42,0,0,18,1,19,0,15,43,3,61,32,0,32,93
03/13/2003,CLL,TX,ASW,CE,Federal Contract Tower,2,31,17,11,61,0,0,31,7,38,2,31,48,18,99,26,0,26,125
03/14/2003,CLL,TX,ASW,CE,Federal Contract Tower,0,17,26,17,60,0,0,91,52,143,0,17,117,69,203,34,26,60,263
03/15/2003,CLL,TX,ASW,CE,Federal Contract Tower,0,11,17,6,34,0,0,121,13,134,0,11,138,19,168,76,10,86,254
03/16/2003,CLL,TX,ASW,CE,Federal Contract Tower,0,13,17,8,38,0,0,74,22,96,0,13,91,30,134,20,12,32,166
03/17/2003,CLL,TX,ASW,CE,Federal Contract Tower,0,16,15,23,54,0,0,45,28,73,0,16,60,51,127,58,14,72,199
03/18/2003,CLL,TX,ASW,CE,Federal Contract Tower,0,16,13,4,33,0,0,43,13,56,0,16,56,17,89,16,6,22,111
03/19/2003,CLL,TX,ASW,CE,Federal Contract Tower,0,16,20,28,64,0,0,37,27,64,0,16,57,55,128,26,18,44,172
03/20/2003,CLL,TX,ASW,CE,Federal Contract Tower,0,17,28,23,68,0,0,68,42,110,0,17,96,65,178,26,22,48,226
03/21/2003,CLL,TX,ASW,CE,Federal Contract Tower,0,14,16,12,42,0,0,142,27,169,0,14,158,39,211,145,38,183,394
03/22/2003,CLL,TX,ASW,CE,Federal Contract Tower,0,9,12,16,37,0,0,49,8,57,0,9,61,24,94,66,60,126,220
03/23/2003,CLL,TX,ASW,CE,Federal Contract Tower,0,18,14,27,59,0,0,125,13,138,0,18,139,40,197,66,18,84,281
03/24/2003,CLL,TX,ASW,CE,Federal Contract Tower,0,16,18,25,59,0,0,80,27,107,0,16,98,52,166,80,28,108,274
03/25/2003,CLL,TX,ASW,CE,Federal Contract Tower,0,14,24,11,49,0,0,11,4,15,0,14,35,15,64,44,8,52,116
03/26/2003,CLL,TX,ASW,CE,Federal Contract Tower,0,17,34,21,72,0,0,26,21,47,0,17,60,42,119,58,26,84,203
03/27/2003,CLL,TX,ASW,CE,Federal Contract Tower,0,17,29,34,80,0,0,63,32,95,0,17,92,66,175,26,26,52,227
03/28/2003,CLL,TX,ASW,CE,Federal Contract Tower,0,16,29,21,66,0,0,56,5,61,0,16,85,26,127,12,48,60,187
03/29/2003,CLL,TX,ASW,CE,Federal Contract Tower,0,12,22,6,40,0,0,98,8,106,0,12,120,14,146,88,4,92,238
03/30/2003,CLL,TX,ASW,CE,Federal Contract Tower,0,13,14,18,45,0,0,144,13,157,0,13,158,31,202,108,6,114,316
03/31/2003,CLL,TX,ASW,CE,Federal Contract Tower,0,16,14,35,65,0,0,92,31,123,0,16,106,66,188,20,64,84,272
04/01/2003,CLL,TX,ASW,CE,Federal Contract Tower,0,16,18,32,66,0,0,51,36,87,0,16,69,68,153,10,22,32,185
04/02/2003,CLL,TX,ASW,CE,Federal Contract Tower,0,14,19,32,65,0,0,59,26,85,0,14,78,58,150,8,58,66,216
04/03/2003,CLL,TX,ASW,CE,Federal Contract Tower,0,14,26,30,70,0,0,37,35,72,0,14,63,65,142,80,12,92,234
04/04/2003,CLL,TX,ASW,CE,Federal Contract Tower,0,17,24,17,58,0,0,72,2,74,0,17,96,19,132,68,50,118,250
04/05/2003,CLL,TX,ASW,CE,Federal Contract Tower,0,9,12,31,52,0,0,40,13,53,0,9,52,44,105,106,84,190,295
04/06/2003,CLL,TX,ASW,CE,Federal Contract Tower,0,10,15,4,29,0,0,7,2,9,0,10,22,6,38,0,0,0,38
04/07/2003,CLL,TX,ASW,CE,Federal Contract Tower,0,10,20,32,62,0,0,27,25,52,0,10,47,57,114,48,18,66,180
04/08/2003,CLL,TX,ASW,CE,Federal Contract Tower,0,9,19,35,63,0,0,44,16,60,0,9,63,51,123,26,22,48,171
04/09/2003,CLL,TX,ASW,CE,Federal Contract Tower,0,16,17,29,62,0,0,74,30,104,0,16,91,59,166,22,58,80,246
04/10/2003,CLL,TX,ASW,CE,Federal Contract Tower,0,19,36,37,92,0,0,109,27,136,0,19,145,64,228,108,26,134,362
04/11/2003,CLL,TX,ASW,CE,Federal Contract Tower,0,13,14,31,58,0,0,125,30,155,0,13,139,61,213,96,78,174,387
04/12/2003,CLL,TX,ASW,CE,Federal Contract Tower,0,12,16,5,33,0,0,153,0,153,0,12,169,5,186,52,22,74,260
04/13/2003,CLL,TX,ASW,CE,Federal Contract Tower,0,13,27,5,45,0,0,98,0,98,0,13,125,5,143,36,0,36,179
04/14/2003,CLL,TX,ASW,CE,Federal Contract Tower,0,14,19,41,74,0,0,63,28,91,0,14,82,69,165,44,64,108,273
04/15/2003,CLL,TX,ASW,CE,Federal Contract Tower,0,13,28,18,59,0,0,41,14,55,0,13,69,32,114,6,6,12,126
04/16/2003,CLL,TX,ASW,CE,Federal Contract Tower,0,14,19,33,66,0,0,31,13,44,0,14,50,46,110,0,22,22,132
04/17/2003,CLL,TX,ASW,CE,Federal Contract Tower,0,14,28,11,53,0,0,77,9,86,0,14,105,20,139,88,36,124,263
04/18/2003,CLL,TX,ASW,CE,Federal Contract Tower,0,14,29,19,62,0,0,68,36,104,0,14,97,55,166,32,22,54,220
04/19/2003,CLL,TX,ASW,CE,Federal Contract Tower,0,12,14,6,32,0,0,35,0,35,0,12,49,6,67,60,16,76,143
04/20/2003,CLL,TX,ASW,CE,Federal Contract Tower,0,17,22,2,41,0,0,41,0,41,0,17,63,2,82,76,0,76,158
04/21/2003,CLL,TX,ASW,CE,Federal Contract Tower,0,12,31,26,69,0,0,63,19,82,0,12,94,45,151,32,42,74,225
04/22/2003,CLL,TX,ASW,CE,Federal Contract Tower,0,14,26,4,44,0,0,27,0,27,0,14,53,4,71,50,0,50,121
04/23/2003,CLL,TX,ASW,CE,Federal Contract Tower,0,13,17,9,39,0,0,18,1,19,0,13,35,10,58,26,0,26,84
04/24/2003,CLL,TX,ASW,CE,Federal Contract Tower,2,16,21,27,66,0,0,56,19,75,2,16,77,46,141,42,20,62,203
04/25/2003,CLL,TX,ASW,CE,Federal Contract Tower,0,14,22,21,57,0,0,126,31,157,0,14,148,52,214,86,34,120,334
04/26/2003,CLL,TX,ASW,CE,Federal Contract Tower,0,11,16,2,29,0,0,146,3,149,0,11,162,5,178,136,2,138,316
04/27/2003,CLL,TX,ASW,CE,Federal Contract Tower,0,16,8,34,58,0,0,101,27,128,0,16,109,61,186,99,12,111,297
04/28/2003,CLL,TX,ASW,CE,Federal Contract Tower,0,14,20,16,50,0,0,53,17,70,0,14,73,33,120,76,24,100,220
04/29/2003,CLL,TX,ASW,CE,Federal Contract Tower,0,13,23,15,51,0,0,38,18,56,0,13,61,33,107,44,12,56,163
04/30/2003,CLL,TX,ASW,CE,Federal Contract Tower,0,13,23,10,46,0,0,49,9,58,0,13,72,19,104,76,12,88,192
05/01/2003,CLL,TX,ASW,CE,Federal Contract Tower,0,16,21,10,47,0,0,51,7,58,0,16,72,17,105,74,2,76,181
05/02/2003,CLL,TX,ASW,CE,Federal Contract Tower,0,14,21,20,55,0,0,42,28,70,0,14,63,48,125,50,42,92,217
05/03/2003,CLL,TX,ASW,CE,Federal Contract Tower,0,16,29,20,65,0,0,52,8,60,0,16,81,28,125,140,32,172,297
05/04/2003,CLL,TX,ASW,CE,Federal Contract Tower,0,13,23,17,53,0,0,23,7,30,0,13,46,24,83,44,2,46,129
05/05/2003,CLL,TX,ASW,CE,Federal Contract Tower,0,14,25,39,78,0,0,13,30,43,0,14,38,69,121,26,24,50,171
05/06/2003,CLL,TX,ASW,CE,Federal Contract Tower,0,13,13,8,34,0,0,27,20,47,0,13,40,28,81,34,4,38,119
05/07/2003,CLL,TX,ASW,CE,Federal Contract Tower,0,14,18,13,45,0,0,60,17,77,0,14,78,30,122,80,0,80,202
05/08/2003,CLL,TX,ASW,CE,Federal Contract Tower,0,17,23,38,78,0,0,59,29,88,0,17,82,67,166,50,34,84,250
05/09/2003,CLL,TX,ASW,CE,Federal Contract Tower,0,19,27,14,60,0,0,98,89,187,0,19,125,103,247,16,76,92,339
05/10/2003,CLL,TX,ASW,CE,Federal Contract Tower,0,11,17,19,47,0,0,43,30,73,0,11,60,49,120,42,30,72,192
05/11/2003,CLL,TX,ASW,CE,Federal Contract Tower,0,13,25,6,44,0,0,34,4,38,0,13,59,10,82,16,4,20,102
05/12/2003,CLL,TX,ASW,CE,Federal Contract Tower,0,14,21,13,48,0,0,28,13,41,0,14,49,26,89,8,6,14,103
05/13/2003,CLL,TX,ASW,CE,Federal Contract Tower,0,14,22,26,62,0,0,35,15,50,0,14,57,41,112,16,26,42,154
05/14/2003,CLL,TX,ASW,CE,Federal Contract Tower,0,16,18,29,63,0,0,55,26,81,0,16,73,55,144,36,24,60,204
05/15/2003,CLL,TX,ASW,CE,Federal Contract Tower,0,17,21,17,55,0,0,58,21,79,0,17,79,38,134,98,8,106,240
05/16/2003,CLL,TX,ASW,CE,Federal Contract Tower,0,15,18,18,51,0,0,44,22,66,0,15,62,40,117,20,36,56,173
05/17/2003,CLL,TX,ASW,CE,Federal Contract Tower,0,10,15,27,52,0,0,112,28,140,0,10,127,55,192,50,50,100,292
05/18/2003,CLL,TX,ASW,CE,Federal Contract Tower,0,13,11,10,34,0,0,88,9,97,0,13,99,19,131,28,18,46,177
05/19/2003,CLL,TX,ASW,CE,Federal Contract Tower,0,14,16,37,67,0,1,54,36,91,0,15,70,73,158,32,90,122,280
05/20/2003,CLL,TX,ASW,CE,Federal Contract Tower,0,14,8,12,34,0,0,36,5,41,0,14,44,17,75,8,24,32,107
05/21/2003,CLL,TX,ASW,CE,Federal Contract Tower,0,14,20,14,48,0,0,18,15,33,0,14,38,29,81,40,2,42,123
05/22/2003,CLL,TX,ASW,CE,Federal Contract Tower,0,17,25,40,82,0,0,62,24,86,0,17,87,64,168,42,34,76,244
05/23/2003,CLL,TX,ASW,CE,Federal Contract Tower,0,13,14,9,36,0,0,114,15,129,0,13,128,24,165,84,6,90,255
05/24/2003,CLL,TX,ASW,CE,Federal Contract Tower,0,11,7,0,18,0,0,76,0,76,0,11,83,0,94,44,0,44,138
05/25/2003,CLL,TX,ASW,CE,Federal Contract Tower,0,13,9,11,33,0,0,26,13,39,0,13,35,24,72,38,0,38,110
05/26/2003,CLL,TX,ASW,CE,Federal Contract Tower,0,13,9,8,30,0,0,38,6,44,0,13,47,14,74,34,6,40,114
05/27/2003,CLL,TX,ASW,CE,Federal Contract Tower,0,14,24,19,57,0,0,46,6,52,0,14,70,25,109,52,0,52,161
05/28/2003,CLL,TX,ASW,CE,Federal Contract Tower,0,14,18,15,47,0,0,79,17,96,0,14,97,32,143,40,4,44,187
05/29/2003,CLL,TX,ASW,CE,Federal Contract Tower,0,15,17,15,47,0,3,71,16,90,0,18,88,31,137,90,8,98,235
05/30/2003,CLL,TX,ASW,CE,Federal Contract Tower,0,17,8,2,27,0,0,88,7,95,0,17,96,9,122,24,44,68,190
05/31/2003,CLL,TX,ASW,CE,Federal Contract Tower,0,10,8,3,21,0,0,78,7,85,0,10,86,10,106,36,2,38,144
06/01/2003,CLL,TX,ASW,CE,Federal Contract Tower,0,14,9,2,25,0,0,40,5,45,0,14,49,7,70,6,0,6,76
06/02/2003,CLL,TX,ASW,CE,Federal Contract Tower,0,15,16,3,34,0,0,12,1,13,0,15,28,4,47,14,6,20,67
06/03/2003,CLL,TX,ASW,CE,Federal Contract Tower,0,17,16,2,35,0,0,37,2,39,0,17,53,4,74,20,6,26,100
06/04/2003,CLL,TX,ASW,CE,Federal Contract Tower,0,15,15,3,33,0,0,41,1,42,0,15,56,4,75,60,16,76,151
06/05/2003,CLL,TX,ASW,CE,Federal Contract Tower,0,11,18,2,31,0,0,37,2,39,0,11,55,4,70,120,0,120,190
06/06/2003,CLL,TX,ASW,CE,Federal Contract Tower,0,14,13,8,35,0,0,70,7,77,0,14,83,15,112,64,10,74,186
06/07/2003,CLL,TX,ASW,CE,Federal Contract Tower,0,10,7,6,23,0,0,102,4,106,0,10,109,10,129,112,24,136,265
06/08/2003,CLL,TX,ASW,CE,Federal Contract Tower,0,14,17,3,34,0,0,39,1,40,0,14,56,4,74,52,0,52,126
06/09/2003,CLL,TX,ASW,CE,Federal Contract Tower,0,16,11,2,29,0,0,55,2,57,0,16,66,4,86,24,0,24,110
06/10/2003,CLL,TX,ASW,CE,Federal Contract Tower,0,14,22,2,38,0,0,41,1,42,0,14,63,3,80,16,0,16,96
06/11/2003,CLL,TX,ASW,CE,Federal Contract Tower,0,16,13,5,34,0,0,29,7,36,0,16,42,12,70,6,0,6,76
06/12/2003,CLL,TX,ASW,CE,Federal Contract Tower,0,11,13,16,40,0,0,25,7,32,0,11,38,23,72,2,0,2,74
06/13/2003,CLL,TX,ASW,CE,Federal Contract Tower,0,13,16,8,37,0,0,22,6,28,0,13,38,14,65,6,28,34,99
06/14/2003,CLL,TX,ASW,CE,Federal Contract Tower,0,9,6,4,19,0,0,62,11,73,0,9,68,15,92,72,6,78,170
06/15/2003,CLL,TX,ASW,CE,Federal Contract Tower,0,15,5,1,21,0,0,23,0,23,0,15,28,1,44,66,0,66,110
06/16/2003,CLL,TX,ASW,CE,Federal Contract Tower,0,16,14,9,39,0,0,32,12,44,0,16,46,21,83,30,10,40,123
06/17/2003,CLL,TX,ASW,CE,Federal Contract Tower,0,16,34,17,67,0,0,59,25,84,0,16,93,42,151,36,6,42,193
06/18/2003,CLL,TX,ASW,CE,Federal Contract Tower,0,14,24,16,54,0,0,66,25,91,0,14,90,41,145,20,18,38,183
06/19/2003,CLL,TX,ASW,CE,Federal Contract Tower,0,14,19,8,41,0,0,79,14,93,0,14,98,22,134,76,12,88,222
06/20/2003,CLL,TX,ASW,CE,Federal Contract Tower,0,14,18,13,45,0,0,62,16,78,0,14,80,29,123,52,34,86,209
06/21/2003,CLL,TX,ASW,CE,Federal Contract Tower,0,9,10,12,31,0,0,97,23,120,0,9,107,35,151,38,40,78,229
06/22/2003,CLL,TX,ASW,CE,Federal Contract Tower,0,14,12,16,42,0,0,69,8,77,0,14,81,24,119,10,8,18,137
06/23/2003,CLL,TX,ASW,CE,Federal Contract Tower,0,16,11,5,32,0,0,41,4,45,0,16,52,9,77,4,0,4,81
06/24/2003,CLL,TX,ASW,CE,Federal Contract Tower,0,17,11,13,41,0,0,45,25,70,0,17,56,38,111,48,22,70,181
06/25/2003,CLL,TX,ASW,CE,Federal Contract Tower,0,14,15,10,39,0,0,46,11,57,0,14,61,21,96,32,12,44,140
06/26/2003,CLL,TX,ASW,CE,Federal Contract Tower,0,14,19,4,37,0,0,32,2,34,0,14,51,6,71,28,4,32,103
06/27/2003,CLL,TX,ASW,CE,Federal Contract Tower,0,16,12,14,42,0,0,81,15,96,0,16,93,29,138,48,28,76,214
06/28/2003,CLL,TX,ASW,CE,Federal Contract Tower,0,9,5,14,28,0,0,80,16,96,0,9,85,30,124,72,40,112,236
06/29/2003,CLL,TX,ASW,CE,Federal Contract Tower,0,15,14,8,37,0,0,63,11,74,0,15,77,19,111,20,2,22,133
06/30/2003,CLL,TX,ASW,CE,Federal Contract Tower,0,14,10,21,45,0,0,50,7,57,0,14,60,28,102,42,6,48,150
07/01/2003,CLL,TX,ASW,CE,Federal Contract Tower,0,14,9,8,31,0,0,45,7,52,0,14,54,15,83,20,8,28,111
07/02/2003,CLL,TX,ASW,CE,Federal Contract Tower,0,14,7,20,41,0,0,45,28,73,0,14,52,48,114,58,22,80,194
07/03/2003,CLL,TX,ASW,CE,Federal Contract Tower,0,16,16,3,35,0,0,59,1,60,0,16,75,4,95,70,0,70,165
07/04/2003,CLL,TX,ASW,CE,Federal Contract Tower,0,15,2,0,17,0,0,14,0,14,0,15,16,0,31,0,0,0,31
07/05/2003,CLL,TX,ASW,CE,Federal Contract Tower,0,12,5,2,19,0,0,12,0,12,0,12,17,2,31,22,0,22,53
07/06/2003,CLL,TX,ASW,CE,Federal Contract Tower,0,14,5,0,19,0,0,33,0,33,0,14,38,0,52,50,0,50,102
07/07/2003,CLL,TX,ASW,CE,Federal Contract Tower,0,16,17,16,49,0,0,34,14,48,0,16,51,30,97,38,22,60,157
07/08/2003,CLL,TX,ASW,CE,Federal Contract Tower,0,18,18,2,38,0,0,39,2,41,0,18,57,4,79,28,0,28,107
07/09/2003,CLL,TX,ASW,CE,Federal Contract Tower,0,16,17,5,38,0,0,27,8,35,0,16,44,13,73,38,0,38,111
07/10/2003,CLL,TX,ASW,CE,Federal Contract Tower,0,19,9,13,41,0,0,70,8,78,0,19,79,21,119,50,8,58,177
07/11/2003,CLL,TX,ASW,CE,Federal Contract Tower,0,18,14,2,34,0,0,55,8,63,0,18,69,10,97,62,2,64,161
07/12/2003,CLL,TX,ASW,CE,Federal Contract Tower,0,9,6,6,21,0,0,88,6,94,0,9,94,12,115,90,8,98,213
07/13/2003,CLL,TX,ASW,CE,Federal Contract Tower,0,16,15,36,67,0,0,83,40,123,0,16,98,76,190,89,24,113,303
07/14/2003,CLL,TX,ASW,CE,Federal Contract Tower,0,14,14,10,38,0,0,61,6,67,0,14,75,16,105,22,28,50,155
07/15/2003,CLL,TX,ASW,CE,Federal Contract Tower,0,18,8,2,28,0,0,3,5,8,0,18,11,7,36,4,0,4,40
07/16/2003,CLL,TX,ASW,CE,Federal Contract Tower,0,17,12,4,33,0,0,25,2,27,0,17,37,6,60,62,0,62,122
07/17/2003,CLL,TX,ASW,CE,Federal Contract Tower,0,14,17,9,40,0,0,50,22,72,0,14,67,31,112,32,4,36,148
07/18/2003,CLL,TX,ASW,CE,Federal Contract Tower,0,13,13,18,44,0,0,78,31,109,0,13,91,49,153,52,34,86,239
07/19/2003,CLL,TX,ASW,CE,Federal Contract Tower,0,11,16,27,54,0,0,76,27,103,0,11,92,54,157,30,62,92,249
07/20/2003,CLL,TX,ASW,CE,Federal Contract Tower,0,17,13,6,36,0,0,86,7,93,0,17,99,13,129,58,0,58,187
07/21/2003,CLL,TX,ASW,CE,Federal Contract Tower,0,14,10,20,44,0,0,58,25,83,0,14,68,45,127,8,52,60,187
07/22/2003,CLL,TX,ASW,CE,Federal Contract Tower,0,17,18,29,64,0,0,65,16,81,0,17,83,45,145,46,38,84,229
07/23/2003,CLL,TX,ASW,CE,Federal Contract Tower,0,13,30,4,47,0,0,15,0,15,0,13,45,4,62,0,0,0,62
07/24/2003,CLL,TX,ASW,CE,Federal Contract Tower,0,20,20,15,55,0,0,49,15,64,0,20,69,30,119,96,4,100,219
07/25/2003,CLL,TX,ASW,CE,Federal Contract Tower,0,14,19,21,54,0,0,74,15,89,0,14,93,36,143,28,40,68,211
07/26/2003,CLL,TX,ASW,CE,Federal Contract Tower,0,11,9,5,25,0,0,76,5,81,0,11,85,10,106,88,8,96,202
07/27/2003,CLL,TX,ASW,CE,Federal Contract Tower,0,15,11,20,46,0,0,62,24,86,0,15,73,44,132,12,18,30,162
07/28/2003,CLL,TX,ASW,CE,Federal Contract Tower,0,16,13,39,68,0,0,63,27,90,0,16,76,66,158,68,32,100,258
07/29/2003,CLL,TX,ASW,CE,Federal Contract Tower,0,14,14,19,47,0,0,68,15,83,0,14,82,34,130,112,0,112,242
07/30/2003,CLL,TX,ASW,CE,Federal Contract Tower,0,15,34,19,68,0,0,67,18,85,0,15,101,37,153,66,20,86,239
07/31/2003,CLL,TX,ASW,CE,Federal Contract Tower,0,15,25,32,72,0,0,60,27,87,0,15,85,59,159,62,20,82,241
08/01/2003,CLL,TX,ASW,CE,Federal Contract Tower,0,14,18,21,53,0,0,80,44,124,0,14,98,65,177,68,54,122,299
08/02/2003,CLL,TX,ASW,CE,Federal Contract Tower,0,7,4,4,15,0,0,64,0,64,0,7,68,4,79,38,32,70,149
08/03/2003,CLL,TX,ASW,CE,Federal Contract Tower,0,14,14,10,38,0,0,52,6,58,0,14,66,16,96,48,4,52,148
08/04/2003,CLL,TX,ASW,CE,Federal Contract Tower,0,13,13,19,45,0,1,66,12,79,0,14,79,31,124,50,18,68,192
08/05/2003,CLL,TX,ASW,CE,Federal Contract Tower,0,16,16,22,54,0,0,64,8,72,0,16,80,30,126,94,20,114,240
08/06/2003,CLL,TX,ASW,CE,Federal Contract Tower,0,14,12,28,54,0,0,85,17,102,0,14,97,45,156,80,16,96,252
08/07/2003,CLL,TX,ASW,CE,Federal Contract Tower,0,14,12,10,36,0,0,72,19,91,0,14,84,29,127,80,16,96,223
08/08/2003,CLL,TX,ASW,CE,Federal Contract Tower,2,20,16,14,52,0,0,71,41,112,2,20,87,55,164,38,102,140,304
08/09/2003,CLL,TX,ASW,CE,Federal Contract Tower,0,10,11,10,31,0,0,41,18,59,0,10,52,28,90,30,14,44,134
08/10/2003,CLL,TX,ASW,CE,Federal Contract Tower,0,16,16,12,44,0,0,61,24,85,0,16,77,36,129,90,20,110,239
08/11/2003,CLL,TX,ASW,CE,Federal Contract Tower,0,17,19,22,58,0,0,34,25,59,0,17,53,47,117,8,12,20,137
08/12/2003,CLL,TX,ASW,CE,Federal Contract Tower,0,13,15,26,54,0,0,24,14,38,0,13,39,40,92,48,0,48,140
08/13/2003,CLL,TX,ASW,CE,Federal Contract Tower,0,16,19,10,45,0,0,50,16,66,0,16,69,26,111,50,4,54,165
08/14/2003,CLL,TX,ASW,CE,Federal Contract Tower,0,15,28,6,49,0,0,47,6,53,0,15,75,12,102,94,2,96,198
08/15/2003,CLL,TX,ASW,CE,Federal Contract Tower,0,19,18,19,56,0,0,87,24,111,0,19,105,43,167,36,82,118,285
08/16/2003,CLL,TX,ASW,CE,Federal Contract Tower,0,11,14,15,40,0,0,64,7,71,0,11,78,22,111,38,58,96,207
08/17/2003,CLL,TX,ASW,CE,Federal Contract Tower,0,15,13,25,53,0,0,52,22,74,0,15,65,47,127,22,14,36,163
08/18/2003,CLL,TX,ASW,CE,Federal Contract Tower,0,14,14,10,38,0,0,57,0,57,0,14,71,10,95,56,50,106,201
08/19/2003,CLL,TX,ASW,CE,Federal Contract Tower,0,13,17,35,65,0,0,66,21,87,0,13,83,56,152,24,40,64,216
08/20/2003,CLL,TX,ASW,CE,Federal Contract Tower,0,17,10,38,65,0,0,59,36,95,0,17,69,74,160,54,42,96,256
08/21/2003,CLL,TX,ASW,CE,Federal Contract Tower,0,18,20,30,68,0,0,68,28,96,0,18,88,58,164,36,10,46,210
08/22/2003,CLL,TX,ASW,CE,Federal Contract Tower,0,13,19,24,56,0,0,73,26,99,0,13,92,50,155,34,40,74,229
08/23/2003,CLL,TX,ASW,CE,Federal Contract Tower,0,10,11,6,27,0,0,54,8,62,0,10,65,14,89,66,26,92,181
08/24/2003,CLL,TX,ASW,CE,Federal Contract Tower,0,14,14,12,40,0,0,79,7,86,0,14,93,19,126,66,28,94,220
08/25/2003,CLL,TX,ASW,CE,Federal Contract Tower,0,16,9,13,38,0,0,52,10,62,0,16,61,23,100,72,38,110,210
08/26/2003,CLL,TX,ASW,CE,Federal Contract Tower,0,11,11,49,71,0,0,53,17,70,0,11,64,66,141,64,38,102,243
08/27/2003,CLL,TX,ASW,CE,Federal Contract Tower,0,15,18,16,49,0,0,32,16,48,0,15,50,32,97,44,28,72,169
08/28/2003,CLL,TX,ASW,CE,Federal Contract Tower,0,15,31,29,75,0,0,53,12,65,0,15,84,41,140,50,10,60,200
08/29/2003,CLL,TX,ASW,CE,Federal Contract Tower,1,12,16,20,49,0,0,67,14,81,1,12,83,34,130,62,20,82,212
08/30/2003,CLL,TX,ASW,CE,Federal Contract Tower,1,10,48,8,67,0,0,39,7,46,1,10,87,15,113,28,12,40,153
08/31/2003,CLL,TX,ASW,CE,Federal Contract Tower,0,12,10,0,22,0,0,0,0,0,0,12,10,0,22,0,0,0,22
09/01/2003,CLL,TX,ASW,CE,Federal Contract Tower,0,12,25,6,43,0,2,9,0,11,0,14,34,6,54,10,0,10,64
09/02/2003,CLL,TX,ASW,CE,Federal Contract Tower,0,14,19,3,36,0,0,22,0,22,0,14,41,3,58,24,2,26,84
09/03/2003,CLL,TX,ASW,CE,Federal Contract Tower,0,15,10,12,37,0,0,17,7,24,0,15,27,19,61,16,0,16,77
09/04/2003,CLL,TX,ASW,CE,Federal Contract Tower,0,26,18,17,61,0,0,39,21,60,0,26,57,38,121,18,10,28,149
09/05/2003,CLL,TX,ASW,CE,Federal Contract Tower,2,19,28,20,69,0,0,99,21,120,2,19,127,41,189,46,36,82,271
09/06/2003,CLL,TX,ASW,CE,Federal Contract Tower,2,12,41,14,69,0,0,118,18,136,2,12,159,32,205,42,12,54,259
09/07/2003,CLL,TX,ASW,CE,Federal Contract Tower,0,15,19,36,70,0,0,117,31,148,0,15,136,67,218,50,36,86,304
09/08/2003,CLL,TX,ASW,CE,Federal Contract Tower,0,14,13,20,47,0,0,63,33,96,0,14,76,53,143,26,0,26,169
09/09/2003,CLL,TX,ASW,CE,Federal Contract Tower,0,14,18,65,97,0,0,53,48,101,0,14,71,113,198,30,44,74,272
09/10/2003,CLL,TX,ASW,CE,Federal Contract Tower,0,21,23,15,59,0,0,26,6,32,0,21,49,21,91,2,0,2,93
09/11/2003,CLL,TX,ASW,CE,Federal Contract Tower,0,14,13,30,57,0,0,17,9,26,0,14,30,39,83,8,0,8,91
09/12/2003,CLL,TX,ASW,CE,Federal Contract Tower,0,15,24,26,65,0,0,38,27,65,0,15,62,53,130,40,38,78,208
09/13/2003,CLL,TX,ASW,CE,Federal Contract Tower,0,8,14,7,29,0,0,116,17,133,0,8,130,24,162,58,38,96,258
09/14/2003,CLL,TX,ASW,CE,Federal Contract Tower,0,14,11,1,26,0,0,31,1,32,0,14,42,2,58,42,4,46,104
09/15/2003,CLL,TX,ASW,CE,Federal Contract Tower,0,14,14,23,51,0,0,74,32,106,0,14,88,55,157,48,16,64,221
09/16/2003,CLL,TX,ASW,CE,Federal Contract Tower,0,17,26,26,69,0,0,64,21,85,0,17,90,47,154,36,12,48,202
09/17/2003,CLL,TX,ASW,CE,Federal Contract Tower,2,11,25,16,54,0,0,37,17,54,2,11,62,33,108,42,8,50,158
09/18/2003,CLL,TX,ASW,CE,Federal Contract Tower,0,15,17,8,40,0,0,27,4,31,0,15,44,12,71,22,0,22,93
09/19/2003,CLL,TX,ASW,CE,Federal Contract Tower,0,17,13,30,60,0,0,61,36,97,0,17,74,66,157,42,28,70,227
09/20/2003,CLL,TX,ASW,CE,Federal Contract Tower,0,9,16,18,43,0,0,86,12,98,0,9,102,30,141,38,24,62,203
09/21/2003,CLL,TX,ASW,CE,Federal Contract Tower,0,23,26,8,57,0,0,9,1,10,0,23,35,9,67,0,0,0,67
09/22/2003,CLL,TX,ASW,CE,Federal Contract Tower,0,19,18,19,56,0,0,53,15,68,0,19,71,34,124,42,20,62,186
09/23/2003,CLL,TX,ASW,CE,Federal Contract Tower,0,14,24,31,69,0,0,28,29,57,0,14,52,60,126,46,16,62,188
09/24/2003,CLL,TX,ASW,CE,Federal Contract Tower,0,14,16,8,38,0,0,48,10,58,0,14,64,18,96,8,2,10,106
09/25/2003,CLL,TX,ASW,CE,Federal Contract Tower,0,15,30,28,73,0,0,54,27,81,0,15,84,55,154,32,12,44,198
09/26/2003,CLL,TX,ASW,CE,Federal Contract Tower,2,13,20,16,51,0,0,59,13,72,2,13,79,29,123,56,18,74,197
09/27/2003,CLL,TX,ASW,CE,Federal Contract Tower,2,13,39,5,59,0,0,91,8,99,2,13,130,13,158,2,0,2,160
09/28/2003,CLL,TX,ASW,CE,Federal Contract Tower,0,16,21,3,40,0,0,103,5,108,0,16,124,8,148,20,0,20,168
09/29/2003,CLL,TX,ASW,CE,Federal Contract Tower,0,15,4,10,29,0,0,49,10,59,0,15,53,20,88,20,0,20,108
09/30/2003,CLL,TX,ASW,CE,Federal Contract Tower,0,13,8,2,23,0,0,55,0,55,0,13,63,2,78,16,0,16,94
10/01/2003,CLL,TX,ASW,CE,Federal Contract Tower,0,14,11,12,37,0,0,58,5,63,0,14,69,17,100,16,14,30,130
10/02/2003,CLL,TX,ASW,CE,Federal Contract Tower,0,16,20,35,71,0,0,86,35,121,0,16,106,70,192,62,26,88,280
10/03/2003,CLL,TX,ASW,CE,Federal Contract Tower,2,18,9,36,65,0,0,119,63,182,2,18,128,99,247,32,90,122,369
10/04/2003,CLL,TX,ASW,CE,Federal Contract Tower,0,9,19,7,35,0,0,68,4,72,0,9,87,11,107,28,6,34,141
10/05/2003,CLL,TX,ASW,CE,Federal Contract Tower,0,17,24,17,58,0,0,26,14,40,0,17,50,31,98,14,16,30,128
10/06/2003,CLL,TX,ASW,CE,Federal Contract Tower,0,16,19,3,38,0,0,26,3,29,0,16,45,6,67,26,8,34,101
10/07/2003,CLL,TX,ASW,CE,Federal Contract Tower,0,15,19,25,59,0,0,18,13,31,0,15,37,38,90,0,0,0,90
10/08/2003,CLL,TX,ASW,CE,Federal Contract Tower,0,20,43,21,84,0,0,35,20,55,0,20,78,41,139,8,14,22,161
10/09/2003,CLL,TX,ASW,CE,Federal Contract Tower,0,23,28,2,53,0,0,0,0,0,0,23,28,2,53,0,0,0,53
10/10/2003,CLL,TX,ASW,CE,Federal Contract Tower,0,18,24,20,62,0,0,66,21,87,0,18,90,41,149,58,60,118,267
10/11/2003,CLL,TX,ASW,CE,Federal Contract Tower,0,16,41,8,65,0,0,62,5,67,0,16,103,13,132,6,0,6,138
10/12/2003,CLL,TX,ASW,CE,Federal Contract Tower,0,16,24,1,41,0,0,45,1,46,0,16,69,2,87,40,0,40,127
10/13/2003,CLL,TX,ASW,CE,Federal Contract Tower,0,18,25,7,50,0,0,71,8,79,0,18,96,15,129,42,12,54,183
10/14/2003,CLL,TX,ASW,CE,Federal Contract Tower,0,15,17,26,58,0,0,48,27,75,0,15,65,53,133,30,12,42,175
10/15/2003,CLL,TX,ASW,CE,Federal Contract Tower,0,17,24,14,55,0,0,79,17,96,0,17,103,31,151,62,28,90,241
10/16/2003,CLL,TX,ASW,CE,Federal Contract Tower,0,16,15,19,50,0,0,78,13,91,0,16,93,32,141,36,20,56,197
10/17/2003,CLL,TX,ASW,CE,Federal Contract Tower,2,16,22,20,60,0,0,82,28,110,2,16,104,48,170,42,6,48,218
10/18/2003,CLL,TX,ASW,CE,Federal Contract Tower,0,8,14,10,32,0,0,96,2,98,0,8,110,12,130,86,36,122,252
10/19/2003,CLL,TX,ASW,CE,Federal Contract Tower,0,16,14,5,35,0,0,87,11,98,0,16,101,16,133,30,0,30,163
10/20/2003,CLL,TX,ASW,CE,Federal Contract Tower,0,16,10,21,47,0,0,84,25,109,0,16,94,46,156,42,32,74,230
10/21/2003,CLL,TX,ASW,CE,Federal Contract Tower,0,16,17,49,82,0,0,59,28,87,0,16,76,77,169,76,28,104,273
10/22/2003,CLL,TX,ASW,CE,Federal Contract Tower,0,15,13,16,44,0,0,61,17,78,0,15,74,33,122,64,6,70,192
10/23/2003,CLL,TX,ASW,CE,Federal Contract Tower,0,15,29,25,69,0,0,79,18,97,0,15,108,43,166,28,28,56,222
10/24/2003,CLL,TX,ASW,CE,Federal Contract Tower,2,20,31,26,79,0,0,98,40,138,2,20,129,66,217,42,44,86,303
10/25/2003,CLL,TX,ASW,CE,Federal Contract Tower,0,11,49,1,61,0,0,34,0,34,0,11,83,1,95,12,0,12,107
10/26/2003,CLL,TX,ASW,CE,Federal Contract Tower,0,17,35,0,52,0,0,21,0,21,0,17,56,0,73,20,0,20,93
10/27/2003,CLL,TX,ASW,CE,Federal Contract Tower,0,15,21,11,47,0,0,56,18,74,0,15,77,29,121,20,10,30,151
10/28/2003,CLL,TX,ASW,CE,Federal Contract Tower,0,16,14,29,59,0,0,57,26,83,0,16,71,55,142,16,30,46,188
10/29/2003,CLL,TX,ASW,CE,Federal Contract Tower,0,15,16,41,72,0,0,45,76,121,0,15,61,117,193,30,48,78,271
10/30/2003,CLL,TX,ASW,CE,Federal Contract Tower,0,16,24,19,59,0,0,31,72,103,0,16,55,91,162,26,6,32,194
10/31/2003,CLL,TX,ASW,CE,Federal Contract Tower,2,19,41,20,82,0,0,79,13,92,2,19,120,33,174,48,34,82,256
11/01/2003,CLL,TX,ASW,CE,Federal Contract Tower,2,18,42,4,66,0,0,75,6,81,2,18,117,10,147,18,0,18,165
11/02/2003,CLL,TX,ASW,CE,Federal Contract Tower,0,19,33,10,62,0,0,54,15,69,0,19,87,25,131,18,4,22,153
11/03/2003,CLL,TX,ASW,CE,Federal Contract Tower,0,21,18,12,51,0,0,53,6,59,0,21,71,18,110,46,20,66,176
11/04/2003,CLL,TX,ASW,CE,Federal Contract Tower,0,21,31,15,67,0,0,38,5,43,0,21,69,20,110,104,0,104,214
11/05/2003,CLL,TX,ASW,CE,Federal Contract Tower,0,21,19,18,58,0,0,50,18,68,0,21,69,36,126,50,56,106,232
11/06/2003,CLL,TX,ASW,CE,Federal Contract Tower,0,21,30,23,74,0,0,18,8,26,0,21,48,31,100,20,2,22,122
11/07/2003,CLL,TX,ASW,CE,Federal Contract Tower,2,21,44,10,77,0,0,26,25,51,2,21,70,35,128,4,0,4,132
11/08/2003,CLL,TX,ASW,CE,Federal Contract Tower,2,17,21,13,53,0,0,3,0,3,2,17,24,13,56,12,2,14,70
11/09/2003,CLL,TX,ASW,CE,Federal Contract Tower,0,23,25,5,53,0,0,17,5,22,0,23,42,10,75,64,0,64,139
11/10/2003,CLL,TX,ASW,CE,Federal Contract Tower,0,21,17,47,85,0,0,60,43,103,0,21,77,90,188,50,34,84,272
11/11/2003,CLL,TX,ASW,CE,Federal Contract Tower,0,22,24,6,52,0,0,35,13,48,0,22,59,19,100,32,0,32,132
11/12/2003,CLL,TX,ASW,CE,Federal Contract Tower,0,21,9,23,53,0,0,40,32,72,0,21,49,55,125,80,12,92,217
11/13/2003,CLL,TX,ASW,CE,Federal Contract Tower,0,20,10,16,46,0,0,40,13,53,0,20,50,29,99,14,44,58,157
11/14/2003,CLL,TX,ASW,CE,Federal Contract Tower,5,20,36,31,92,0,0,60,35,95,5,20,96,66,187,32,74,106,293
11/15/2003,CLL,TX,ASW,CE,Federal Contract Tower,2,16,10,0,28,0,0,44,0,44,2,16,54,0,72,38,0,38,110
11/16/2003,CLL,TX,ASW,CE,Federal Contract Tower,4,25,24,2,55,0,0,17,1,18,4,25,41,3,73,20,0,20,93
11/17/2003,CLL,TX,ASW,CE,Federal Contract Tower,0,22,4,2,28,0,0,4,0,4,0,22,8,2,32,2,0,2,34
11/18/2003,CLL,TX,ASW,CE,Federal Contract Tower,0,20,16,30,66,0,0,44,38,82,0,20,60,68,148,10,6,16,164
11/19/2003,CLL,TX,ASW,CE,Federal Contract Tower,0,21,24,19,64,0,0,93,8,101,0,21,117,27,165,66,14,80,245
11/20/2003,CLL,TX,ASW,CE,Federal Contract Tower,0,23,20,15,58,0,0,102,18,120,0,23,122,33,178,50,4,54,232
11/21/2003,CLL,TX,ASW,CE,Federal Contract Tower,0,27,31,17,75,0,0,63,25,88,0,27,94,42,163,20,28,48,211
11/22/2003,CLL,TX,ASW,CE,Federal Contract Tower,0,15,16,4,35,0,0,79,6,85,0,15,95,10,120,34,0,34,154
11/23/2003,CLL,TX,ASW,CE,Federal Contract Tower,0,21,16,16,53,0,0,20,20,40,0,21,36,36,93,2,30,32,125
11/24/2003,CLL,TX,ASW,CE,Federal Contract Tower,0,19,18,13,50,0,0,81,36,117,0,19,99,49,167,98,12,110,277
11/25/2003,CLL,TX,ASW,CE,Federal Contract Tower,0,21,22,33,76,0,0,68,30,98,0,21,90,63,174,12,78,90,264
11/26/2003,CLL,TX,ASW,CE,Federal Contract Tower,0,21,30,22,73,0,0,33,13,46,0,21,63,35,119,26,16,42,161
11/27/2003,CLL,TX,ASW,CE,Federal Contract Tower,0,16,16,1,33,0,0,27,0,27,0,16,43,1,60,8,0,8,68
11/28/2003,CLL,TX,ASW,CE,Federal Contract Tower,0,18,95,0,113,0,0,118,0,118,0,18,213,0,231,0,0,0,231
11/29/2003,CLL,TX,ASW,CE,Federal Contract Tower,0,16,19,0,35,0,0,124,0,124,0,16,143,0,159,72,0,72,231
11/30/2003,CLL,TX,ASW,CE,Federal Contract Tower,0,20,25,0,45,0,0,51,0,51,0,20,76,0,96,18,0,18,114
12/01/2003,CLL,TX,ASW,CE,Federal Contract Tower,0,24,15,35,74,0,0,51,18,69,0,24,66,53,143,10,82,92,235
12/02/2003,CLL,TX,ASW,CE,Federal Contract Tower,0,22,13,37,72,0,0,68,33,101,0,22,81,70,173,38,66,104,277
12/03/2003,CLL,TX,ASW,CE,Federal Contract Tower,0,21,23,22,66,0,0,35,20,55,0,21,58,42,121,12,32,44,165
12/04/2003,CLL,TX,ASW,CE,Federal Contract Tower,0,25,11,49,85,0,0,44,32,76,0,25,55,81,161,8,68,76,237
12/05/2003,CLL,TX,ASW,CE,Federal Contract Tower,0,23,22,21,66,0,0,33,37,70,0,23,55,58,136,18,32,50,186
12/06/2003,CLL,TX,ASW,CE,Federal Contract Tower,0,15,22,31,68,0,0,95,40,135,0,15,117,71,203,46,54,100,303
12/07/2003,CLL,TX,ASW,CE,Federal Contract Tower,0,21,10,23,54,0,0,83,15,98,0,21,93,38,152,56,4,60,212
12/08/2003,CLL,TX,ASW,CE,Federal Contract Tower,0,20,16,16,52,0,0,41,18,59,0,20,57,34,111,40,20,60,171
12/09/2003,CLL,TX,ASW,CE,Federal Contract Tower,0,18,7,22,47,0,0,18,14,32,0,18,25,36,79,6,4,10,89
12/10/2003,CLL,TX,ASW,CE,Federal Contract Tower,0,18,14,10,42,0,0,77,17,94,0,18,91,27,136,46,2,48,184
12/11/2003,CLL,TX,ASW,CE,Federal Contract Tower,0,23,20,27,70,0,0,76,19,95,0,23,96,46,165,36,54,90,255
12/12/2003,CLL,TX,ASW,CE,Federal Contract Tower,0,23,24,16,63,0,0,18,10,28,0,23,42,26,91,18,12,30,121
12/13/2003,CLL,TX,ASW,CE,Federal Contract Tower,0,16,30,13,59,0,0,32,7,39,0,16,62,20,98,36,4,40,138
12/14/2003,CLL,TX,ASW,CE,Federal Contract Tower,0,22,8,21,51,0,0,78,23,101,0,22,86,44,152,16,30,46,198
12/15/2003,CLL,TX,ASW,CE,Federal Contract Tower,0,23,16,42,81,0,0,25,4,29,0,23,41,46,110,30,122,152,262
12/16/2003,CLL,TX,ASW,CE,Federal Contract Tower,1,20,13,20,54,0,0,32,10,42,1,20,45,30,96,22,14,36,132
12/17/2003,CLL,TX,ASW,CE,Federal Contract Tower,0,18,15,28,61,0,0,87,24,111,0,18,102,52,172,80,34,114,286
12/18/2003,CLL,TX,ASW,CE,Federal Contract Tower,2,20,21,16,59,0,0,79,15,94,2,20,100,31,153,46,16,62,215
12/19/2003,CLL,TX,ASW,CE,Federal Contract Tower,2,18,23,14,57,0,0,102,1,103,2,18,125,15,160,62,12,74,234
12/20/2003,CLL,TX,ASW,CE,Federal Contract Tower,0,12,21,0,33,0,0,77,0,77,0,12,98,0,110,36,0,36,146
12/21/2003,CLL,TX,ASW,CE,Federal Contract Tower,0,19,14,3,36,0,0,38,2,40,0,19,52,5,76,36,0,36,112
12/22/2003,CLL,TX,ASW,CE,Federal Contract Tower,0,21,8,8,37,0,0,19,4,23,0,21,27,12,60,6,0,6,66
12/23/2003,CLL,TX,ASW,CE,Federal Contract Tower,0,18,8,2,28,0,0,39,2,41,0,18,47,4,69,20,0,20,89
12/24/2003,CLL,TX,ASW,CE,Federal Contract Tower,0,17,1,0,18,0,0,37,0,37,0,17,38,0,55,38,0,38,93
12/25/2003,CLL,TX,ASW,CE,Federal Contract Tower,0,16,5,0,21,0,0,8,0,8,0,16,13,0,29,0,0,0,29
12/26/2003,CLL,TX,ASW,CE,Federal Contract Tower,0,19,22,0,41,0,0,46,0,46,0,19,68,0,87,22,0,22,109
12/27/2003,CLL,TX,ASW,CE,Federal Contract Tower,0,11,8,0,19,0,0,22,0,22,0,11,30,0,41,0,0,0,41
12/28/2003,CLL,TX,ASW,CE,Federal Contract Tower,0,16,5,0,21,0,0,0,0,0,0,16,5,0,21,0,0,0,21
12/29/2003,CLL,TX,ASW,CE,Federal Contract Tower,0,18,11,9,38,0,0,55,5,60,0,18,66,14,98,50,0,50,148
12/30/2003,CLL,TX,ASW,CE,Federal Contract Tower,0,18,7,0,25,0,0,53,0,53,0,18,60,0,78,26,0,26,104
12/31/2003,CLL,TX,ASW,CE,Federal Contract Tower,0,17,16,3,36,0,0,52,5,57,0,17,68,8,93,26,12,38,131
01/01/2004,CLL,TX,ASW,CE,Federal Contract Tower,0,15,6,0,21,0,0,5,0,5,0,15,11,0,26,14,0,14,40
01/02/2004,CLL,TX,ASW,CE,Federal Contract Tower,0,28,30,4,62,0,0,34,0,34,0,28,64,4,96,14,6,20,116
01/03/2004,CLL,TX,ASW,CE,Federal Contract Tower,0,12,16,2,30,0,0,24,0,24,0,12,40,2,54,28,0,28,82
01/04/2004,CLL,TX,ASW,CE,Federal Contract Tower,0,16,20,1,37,0,0,7,1,8,0,16,27,2,45,0,0,0,45
01/05/2004,CLL,TX,ASW,CE,Federal Contract Tower,0,26,22,10,58,0,0,29,0,29,0,26,51,10,87,26,18,44,131
01/06/2004,CLL,TX,ASW,CE,Federal Contract Tower,0,21,10,37,68,0,0,40,25,65,0,21,50,62,133,18,20,38,171
01/07/2004,CLL,TX,ASW,CE,Federal Contract Tower,0,16,28,32,76,0,0,56,23,79,0,16,84,55,155,54,66,120,275
01/08/2004,CLL,TX,ASW,CE,Federal Contract Tower,0,20,16,6,42,0,0,1,1,2,0,20,17,7,44,0,0,0,44
01/09/2004,CLL,TX,ASW,CE,Federal Contract Tower,0,18,26,21,65,0,0,64,16,80,0,18,90,37,145,30,48,78,223
01/10/2004,CLL,TX,ASW,CE,Federal Contract Tower,0,13,14,8,35,0,0,72,10,82,0,13,86,18,117,52,16,68,185
01/11/2004,CLL,TX,ASW,CE,Federal Contract Tower,0,16,16,5,37,0,0,54,4,58,0,16,70,9,95,30,0,30,125
01/12/2004,CLL,TX,ASW,CE,Federal Contract Tower,0,16,11,15,42,0,0,42,32,74,0,16,53,47,116,30,24,54,170
01/13/2004,CLL,TX,ASW,CE,Federal Contract Tower,0,20,32,12,64,0,0,19,11,30,0,20,51,23,94,22,0,22,116
01/14/2004,CLL,TX,ASW,CE,Federal Contract Tower,0,19,17,7,43,0,0,24,18,42,0,19,41,25,85,8,6,14,99
01/15/2004,CLL,TX,ASW,CE,Federal Contract Tower,0,18,27,8,53,0,0,6,4,10,0,18,33,12,63,0,0,0,63
01/16/2004,CLL,TX,ASW,CE,Federal Contract Tower,2,19,21,8,50,0,0,0,4,4,2,19,21,12,54,12,6,18,72
01/17/2004,CLL,TX,ASW,CE,Federal Contract Tower,2,11,12,0,25,0,0,19,0,19,2,11,31,0,44,68,12,80,124
01/18/2004,CLL,TX,ASW,CE,Federal Contract Tower,0,20,16,2,38,0,0,3,0,3,0,20,19,2,41,0,0,0,41
01/19/2004,CLL,TX,ASW,CE,Federal Contract Tower,0,16,26,15,57,0,0,101,16,117,0,16,127,31,174,28,4,32,206
01/20/2004,CLL,TX,ASW,CE,Federal Contract Tower,0,18,20,13,51,0,0,57,8,65,0,18,77,21,116,54,76,130,246
01/21/2004,CLL,TX,ASW,CE,Federal Contract Tower,0,18,20,31,69,0,0,53,14,67,0,18,73,45,136,54,44,98,234
01/22/2004,CLL,TX,ASW,CE,Federal Contract Tower,0,18,21,32,71,0,0,32,17,49,0,18,53,49,120,6,102,108,228
01/23/2004,CLL,TX,ASW,CE,Federal Contract Tower,2,22,40,46,110,0,0,72,10,82,2,22,112,56,192,72,202,274,466
01/24/2004,CLL,TX,ASW,CE,Federal Contract Tower,0,11,10,2,23,0,0,0,0,0,0,11,10,2,23,0,0,0,23
01/25/2004,CLL,TX,ASW,CE,Federal Contract Tower,0,16,14,13,43,0,0,63,15,78,0,16,77,28,121,34,34,68,189
01/26/2004,CLL,TX,ASW,CE,Federal Contract Tower,0,22,17,25,64,0,0,39,13,52,0,22,56,38,116,18,22,40,156
01/27/2004,CLL,TX,ASW,CE,Federal Contract Tower,0,19,16,13,48,0,0,45,10,55,0,19,61,23,103,30,22,52,155
01/28/2004,CLL,TX,ASW,CE,Federal Contract Tower,0,16,15,14,45,0,0,63,16,79,0,16,78,30,124,38,14,52,176
01/29/2004,CLL,TX,ASW,CE,Federal Contract Tower,0,18,12,2,32,0,0,9,0,9,0,18,21,2,41,16,0,16,57
01/30/2004,CLL,TX,ASW,CE,Federal Contract Tower,0,15,24,26,65,0,0,41,9,50,0,15,65,35,115,26,40,66,181
01/31/2004,CLL,TX,ASW,CE,Federal Contract Tower,0,12,24,2,38,0,0,0,0,0,0,12,24,2,38,0,4,4,42
02/01/2004,CLL,TX,ASW,CE,Federal Contract Tower,0,18,15,4,37,0,0,24,0,24,0,18,39,4,61,56,0,56,117
02/02/2004,CLL,TX,ASW,CE,Federal Contract Tower,0,22,13,22,57,0,0,39,0,39,0,22,52,22,96,78,16,94,190
02/03/2004,CLL,TX,ASW,CE,Federal Contract Tower,0,15,23,22,60,0,0,57,0,57,0,15,80,22,117,46,0,46,163
02/04/2004,CLL,TX,ASW,CE,Federal Contract Tower,0,20,11,10,41,0,0,6,0,6,0,20,17,10,47,0,0,0,47
02/05/2004,CLL,TX,ASW,CE,Federal Contract Tower,0,17,22,8,47,0,0,13,0,13,0,17,35,8,60,32,0,32,92
02/06/2004,CLL,TX,ASW,CE,Federal Contract Tower,0,15,22,31,68,0,6,62,27,95,0,21,84,58,163,58,86,144,307
02/07/2004,CLL,TX,ASW,CE,Federal Contract Tower,0,11,10,9,30,0,0,128,0,128,0,11,138,9,158,34,0,34,192
02/08/2004,CLL,TX,ASW,CE,Federal Contract Tower,0,14,16,6,36,0,0,69,0,69,0,14,85,6,105,32,2,34,139
02/09/2004,CLL,TX,ASW,CE,Federal Contract Tower,0,16,7,12,35,0,0,20,0,20,0,16,27,12,55,28,0,28,83
02/10/2004,CLL,TX,ASW,CE,Federal Contract Tower,0,14,14,2,30,1,0,2,0,3,1,14,16,2,33,0,0,0,33
02/11/2004,CLL,TX,ASW,CE,Federal Contract Tower,0,16,16,6,38,0,0,0,0,0,0,16,16,6,38,0,0,0,38
02/12/2004,CLL,TX,ASW,CE,Federal Contract Tower,0,18,24,16,58,0,0,26,53,79,0,18,50,69,137,0,28,28,165
02/13/2004,CLL,TX,ASW,CE,Federal Contract Tower,0,16,28,0,44,0,5,0,0,5,0,21,28,0,49,0,0,0,49
02/14/2004,CLL,TX,ASW,CE,Federal Contract Tower,0,12,8,4,24,0,0,14,0,14,0,12,22,4,38,16,14,30,68
02/15/2004,CLL,TX,ASW,CE,Federal Contract Tower,0,16,16,14,46,0,0,114,0,114,0,16,130,14,160,78,20,98,258
02/16/2004,CLL,TX,ASW,CE,Federal Contract Tower,0,18,13,4,35,0,0,100,0,100,0,18,113,4,135,68,6,74,209
02/17/2004,CLL,TX,ASW,CE,Federal Contract Tower,0,18,15,28,61,0,0,82,5,87,0,18,97,33,148,112,22,134,282
02/18/2004,CLL,TX,ASW,CE,Federal Contract Tower,0,18,21,16,55,0,0,72,66,138,0,18,93,82,193,80,46,126,319
02/19/2004,CLL,TX,ASW,CE,Federal Contract Tower,0,18,23,14,55,0,0,52,48,100,0,18,75,62,155,32,48,80,235
02/20/2004,CLL,TX,ASW,CE,Federal Contract Tower,0,12,21,0,33,0,8,62,46,116,0,20,83,46,149,76,62,138,287
02/21/2004,CLL,TX,ASW,CE,Federal Contract Tower,0,10,14,3,27,0,0,88,13,101,0,10,102,16,128,16,4,20,148
02/22/2004,CLL,TX,ASW,CE,Federal Contract Tower,0,16,8,8,32,0,0,91,71,162,0,16,99,79,194,18,14,32,226
02/23/2004,CLL,TX,ASW,CE,Federal Contract Tower,0,18,8,0,26,0,2,7,0,9,0,20,15,0,35,0,0,0,35
02/24/2004,CLL,TX,ASW,CE,Federal Contract Tower,0,17,1,0,18,0,4,6,1,11,0,21,7,1,29,0,0,0,29
02/25/2004,CLL,TX,ASW,CE,Federal Contract Tower,0,16,5,0,21,0,0,12,7,19,0,16,17,7,40,0,0,0,40
02/26/2004,CLL,TX,ASW,CE,Federal Contract Tower,0,18,22,0,40,0,0,72,19,91,0,18,94,19,131,40,0,40,171
02/27/2004,CLL,TX,ASW,CE,Federal Contract Tower,0,11,8,0,19,0,5,117,47,169,0,16,125,47,188,34,42,76,264
02/28/2004,CLL,TX,ASW,CE,Federal Contract Tower,0,12,5,0,17,0,0,47,28,75,0,12,52,28,92,6,26,32,124
02/29/2004,CLL,TX,ASW,CE,Federal Contract Tower,0,16,11,0,27,0,0,3,0,3,0,16,14,0,30,0,0,0,30
03/01/2004,CLL,TX,ASW,CE,Federal Contract Tower,0,18,7,8,33,0,0,46,8,54,0,18,53,16,87,44,8,52,139
03/02/2004,CLL,TX,ASW,CE,Federal Contract Tower,0,22,19,8,49,0,0,13,3,16,0,22,32,11,65,4,0,4,69
03/03/2004,CLL,TX,ASW,CE,Federal Contract Tower,0,21,21,18,60,0,0,18,15,33,0,21,39,33,93,32,32,64,157
03/04/2004,CLL,TX,ASW,CE,Federal Contract Tower,0,18,11,0,29,0,0,0,0,0,0,18,11,0,29,0,0,0,29
03/05/2004,CLL,TX,ASW,CE,Federal Contract Tower,0,23,20,30,73,0,0,96,20,116,0,23,116,50,189,82,156,238,427
03/06/2004,CLL,TX,ASW,CE,Federal Contract Tower,0,15,16,19,50,0,0,133,8,141,0,15,149,27,191,65,58,123,314
03/07/2004,CLL,TX,ASW,CE,Federal Contract Tower,0,19,24,19,62,0,0,113,20,133,0,19,137,39,195,36,2,38,233
03/08/2004,CLL,TX,ASW,CE,Federal Contract Tower,0,20,19,18,57,0,0,45,20,65,0,20,64,38,122,44,70,114,236
03/09/2004,CLL,TX,ASW,CE,Federal Contract Tower,0,24,15,19,58,0,0,56,13,69,0,24,71,32,127,26,74,100,227
03/10/2004,CLL,TX,ASW,CE,Federal Contract Tower,0,20,7,19,46,0,0,49,26,75,0,20,56,45,121,34,12,46,167
03/11/2004,CLL,TX,ASW,CE,Federal Contract Tower,0,20,22,36,78,0,0,36,22,58,0,20,58,58,136,56,96,152,288
03/12/2004,CLL,TX,ASW,CE,Federal Contract Tower,0,20,22,6,48,0,0,36,8,44,0,20,58,14,92,26,10,36,128
03/13/2004,CLL,TX,ASW,CE,Federal Contract Tower,0,12,19,4,35,0,0,30,1,31,0,12,49,5,66,62,2,64,130
03/14/2004,CLL,TX,ASW,CE,Federal Contract Tower,0,18,7,0,25,0,0,7,0,7,0,18,14,0,32,2,0,2,34
03/15/2004,CLL,TX,ASW,CE,Federal Contract Tower,0,19,14,17,50,0,0,25,5,30,0,19,39,22,80,12,6,18,98
03/16/2004,CLL,TX,ASW,CE,Federal Contract Tower,0,20,18,26,64,0,0,68,20,88,0,20,86,46,152,64,60,124,276
03/17/2004,CLL,TX,ASW,CE,Federal Contract Tower,0,22,15,17,54,0,0,33,5,38,0,22,48,22,92,42,36,78,170
03/18/2004,CLL,TX,ASW,CE,Federal Contract Tower,0,22,29,28,79,0,0,56,18,74,0,22,85,46,153,56,42,98,251
03/19/2004,CLL,TX,ASW,CE,Federal Contract Tower,0,19,25,18,62,0,0,52,15,67,0,19,77,33,129,72,22,94,223
03/20/2004,CLL,TX,ASW,CE,Federal Contract Tower,0,11,14,2,27,0,0,68,3,71,0,11,82,5,98,54,12,66,164
03/21/2004,CLL,TX,ASW,CE,Federal Contract Tower,0,20,29,19,68,0,0,29,17,46,0,20,58,36,114,34,0,34,148
03/22/2004,CLL,TX,ASW,CE,Federal Contract Tower,0,22,14,15,51,0,0,41,8,49,0,22,55,23,100,32,50,82,182
03/23/2004,CLL,TX,ASW,CE,Federal Contract Tower,0,20,16,33,69,0,0,38,16,54,0,20,54,49,123,30,46,76,199
03/24/2004,CLL,TX,ASW,CE,Federal Contract Tower,0,18,24,17,59,0,0,24,16,40,0,18,48,33,99,14,34,48,147
03/25/2004,CLL,TX,ASW,CE,Federal Contract Tower,0,20,23,20,63,0,0,17,10,27,0,20,40,30,90,48,6,54,144
03/26/2004,CLL,TX,ASW,CE,Federal Contract Tower,0,21,27,22,70,0,0,61,24,85,0,21,88,46,155,34,44,78,233
03/27/2004,CLL,TX,ASW,CE,Federal Contract Tower,0,11,19,8,38,0,0,43,26,69,0,11,62,34,107,4,20,24,131
03/28/2004,CLL,TX,ASW,CE,Federal Contract Tower,0,20,26,9,55,0,0,22,7,29,0,20,48,16,84,8,0,8,92
03/29/2004,CLL,TX,ASW,CE,Federal Contract Tower,0,21,18,5,44,0,0,48,10,58,0,21,66,15,102,38,6,44,146
03/30/2004,CLL,TX,ASW,CE,Federal Contract Tower,0,20,18,25,63,0,0,71,24,95,0,20,89,49,158,20,16,36,194
03/31/2004,CLL,TX,ASW,CE,Federal Contract Tower,0,20,19,24,63,0,0,63,28,91,0,20,82,52,154,22,86,108,262
04/01/2004,CLL,TX,ASW,CE,Federal Contract Tower,0,21,21,33,75,0,0,89,34,123,0,21,110,67,198,68,58,126,324
04/02/2004,CLL,TX,ASW,CE,Federal Contract Tower,0,24,32,7,63,0,0,65,21,86,0,24,97,28,149,26,0,26,175
04/03/2004,CLL,TX,ASW,CE,Federal Contract Tower,0,11,13,2,26,0,0,78,2,80,0,11,91,4,106,20,0,20,126
04/04/2004,CLL,TX,ASW,CE,Federal Contract Tower,0,20,13,11,44,0,0,46,8,54,0,20,59,19,98,16,2,18,116
04/05/2004,CLL,TX,ASW,CE,Federal Contract Tower,0,21,13,27,61,0,0,39,22,61,0,21,52,49,122,16,8,24,146
04/06/2004,CLL,TX,ASW,CE,Federal Contract Tower,0,18,6,6,30,0,0,15,5,20,0,18,21,11,50,42,0,42,92
04/07/2004,CLL,TX,ASW,CE,Federal Contract Tower,0,22,17,11,50,0,0,34,15,49,0,22,51,26,99,18,34,52,151
04/08/2004,CLL,TX,ASW,CE,Federal Contract Tower,0,22,27,5,54,0,0,81,0,81,0,22,108,5,135,82,0,82,217
04/09/2004,CLL,TX,ASW,CE,Federal Contract Tower,0,22,30,19,71,0,0,89,0,89,0,22,119,19,160,76,42,118,278
04/10/2004,CLL,TX,ASW,CE,Federal Contract Tower,0,13,14,0,27,0,0,15,0,15,0,13,29,0,42,24,0,24,66
04/11/2004,CLL,TX,ASW,CE,Federal Contract Tower,0,24,10,1,35,0,0,0,0,0,0,24,10,1,35,0,0,0,35
04/12/2004,CLL,TX,ASW,CE,Federal Contract Tower,0,20,22,2,44,0,0,26,5,31,0,20,48,7,75,6,0,6,81
04/13/2004,CLL,TX,ASW,CE,Federal Contract Tower,0,20,13,31,64,0,0,72,32,104,0,20,85,63,168,36,30,66,234
04/14/2004,CLL,TX,ASW,CE,Federal Contract Tower,0,24,23,30,77,0,0,52,23,75,0,24,75,53,152,34,32,66,218
04/15/2004,CLL,TX,ASW,CE,Federal Contract Tower,0,22,20,20,62,0,0,60,37,97,0,22,80,57,159,52,152,204,363
04/16/2004,CLL,TX,ASW,CE,Federal Contract Tower,0,20,30,38,88,0,0,76,21,97,0,20,106,59,185,98,92,190,375
04/17/2004,CLL,TX,ASW,CE,Federal Contract Tower,0,12,28,21,61,0,0,56,4,60,0,12,84,25,121,26,24,50,171
04/18/2004,CLL,TX,ASW,CE,Federal Contract Tower,0,17,26,8,51,0,0,49,7,56,0,17,75,15,107,54,24,78,185
04/19/2004,CLL,TX,ASW,CE,Federal Contract Tower,0,20,25,22,67,0,0,28,5,33,0,20,53,27,100,44,22,66,166
04/20/2004,CLL,TX,ASW,CE,Federal Contract Tower,0,23,19,4,46,0,0,22,3,25,0,23,41,7,71,14,0,14,85
04/21/2004,CLL,TX,ASW,CE,Federal Contract Tower,0,21,18,22,61,0,0,24,19,43,0,21,42,41,104,20,38,58,162
04/22/2004,CLL,TX,ASW,CE,Federal Contract Tower,0,21,27,22,70,0,0,38,20,58,0,21,65,42,128,34,20,54,182
04/23/2004,CLL,TX,ASW,CE,Federal Contract Tower,0,24,31,5,60,0,0,38,14,52,0,24,69,19,112,34,40,74,186
04/24/2004,CLL,TX,ASW,CE,Federal Contract Tower,0,12,11,2,25,0,0,9,0,9,0,12,20,2,34,8,0,8,42
04/25/2004,CLL,TX,ASW,CE,Federal Contract Tower,0,19,21,0,40,0,0,2,0,2,0,19,23,0,42,0,0,0,42
04/26/2004,CLL,TX,ASW,CE,Federal Contract Tower,0,20,12,20,52,0,0,53,29,82,0,20,65,49,134,10,10,20,154
04/27/2004,CLL,TX,ASW,CE,Federal Contract Tower,0,20,23,35,78,0,0,84,28,112,0,20,107,63,190,56,28,84,274
04/28/2004,CLL,TX,ASW,CE,Federal Contract Tower,0,24,17,27,68,0,0,53,17,70,0,24,70,44,138,40,50,90,228
04/29/2004,CLL,TX,ASW,CE,Federal Contract Tower,0,22,33,35,90,0,0,30,20,50,0,22,63,55,140,38,26,64,204
04/30/2004,CLL,TX,ASW,CE,Federal Contract Tower,0,25,37,31,93,0,0,73,1,74,0,25,110,32,167,98,58,156,323
05/01/2004,CLL,TX,ASW,CE,Federal Contract Tower,2,21,28,0,51,0,0,2,0,2,2,21,30,0,53,16,0,16,69
05/02/2004,CLL,TX,ASW,CE,Federal Contract Tower,0,22,8,9,39,0,0,71,5,76,0,22,79,14,115,40,0,40,155
05/03/2004,CLL,TX,ASW,CE,Federal Contract Tower,0,20,11,17,48,0,0,76,16,92,0,20,87,33,140,20,48,68,208
05/04/2004,CLL,TX,ASW,CE,Federal Contract Tower,0,18,14,27,59,0,0,83,21,104,0,18,97,48,163,48,66,114,277
05/05/2004,CLL,TX,ASW,CE,Federal Contract Tower,0,20,22,22,64,0,0,57,16,73,0,20,79,38,137,28,40,68,205
05/06/2004,CLL,TX,ASW,CE,Federal Contract Tower,0,20,15,43,78,0,0,65,34,99,0,20,80,77,177,46,54,100,277
05/07/2004,CLL,TX,ASW,CE,Federal Contract Tower,0,19,26,21,66,0,0,55,9,64,0,19,81,30,130,76,10,86,216
05/08/2004,CLL,TX,ASW,CE,Federal Contract Tower,0,11,20,4,35,0,0,40,9,49,0,11,60,13,84,14,22,36,120
05/09/2004,CLL,TX,ASW,CE,Federal Contract Tower,0,17,11,11,39,0,0,18,1,19,0,17,29,12,58,14,0,14,72
05/10/2004,CLL,TX,ASW,CE,Federal Contract Tower,0,18,5,12,35,0,0,21,12,33,0,18,26,24,68,52,6,58,126
05/11/2004,CLL,TX,ASW,CE,Federal Contract Tower,0,24,24,2,50,0,0,5,2,7,0,24,29,4,57,0,0,0,57
05/12/2004,CLL,TX,ASW,CE,Federal Contract Tower,0,23,23,28,74,0,0,28,17,45,0,23,51,45,119,60,8,68,187
05/13/2004,CLL,TX,ASW,CE,Federal Contract Tower,0,16,10,3,29,0,0,20,0,20,0,16,30,3,49,0,0,0,49
05/14/2004,CLL,TX,ASW,CE,Federal Contract Tower,0,21,30,14,65,0,0,59,18,77,0,21,89,32,142,72,34,106,248
05/15/2004,CLL,TX,ASW,CE,Federal Contract Tower,0,9,14,6,29,0,0,48,9,57,0,9,62,15,86,30,16,46,132
05/16/2004,CLL,TX,ASW,CE,Federal Contract Tower,0,24,13,13,50,0,0,31,13,44,0,24,44,26,94,34,8,42,136
05/17/2004,CLL,TX,ASW,CE,Federal Contract Tower,0,22,14,9,45,0,0,36,3,39,0,22,50,12,84,4,0,4,88
05/18/2004,CLL,TX,ASW,CE,Federal Contract Tower,0,22,22,15,59,0,0,32,13,45,0,22,54,28,104,4,4,8,112
05/19/2004,CLL,TX,ASW,CE,Federal Contract Tower,0,20,18,24,62,0,0,52,34,86,0,20,70,58,148,48,12,60,208
05/20/2004,CLL,TX,ASW,CE,Federal Contract Tower,0,18,40,36,94,0,0,58,20,78,0,18,98,56,172,32,42,74,246
05/21/2004,CLL,TX,ASW,CE,Federal Contract Tower,0,19,40,36,95,0,0,39,11,50,0,19,79,47,145,36,112,148,293
05/22/2004,CLL,TX,ASW,CE,Federal Contract Tower,2,11,19,8,40,0,0,64,7,71,2,11,83,15,111,66,22,88,199
05/23/2004,CLL,TX,ASW,CE,Federal Contract Tower,0,18,15,9,42,0,0,34,9,43,0,18,49,18,85,22,8,30,115
05/24/2004,CLL,TX,ASW,CE,Federal Contract Tower,0,20,17,18,55,0,0,43,25,68,0,20,60,43,123,64,16,80,203
05/25/2004,CLL,TX,ASW,CE,Federal Contract Tower,0,22,29,14,65,0,0,56,8,64,0,22,85,22,129,40,4,44,173
05/26/2004,CLL,TX,ASW,CE,Federal Contract Tower,0,20,22,38,80,0,0,43,22,65,0,20,65,60,145,14,22,36,181
05/27/2004,CLL,TX,ASW,CE,Federal Contract Tower,0,18,26,16,60,0,0,62,22,84,0,18,88,38,144,26,14,40,184
05/28/2004,CLL,TX,ASW,CE,Federal Contract Tower,0,20,26,4,50,0,0,66,1,67,0,20,92,5,117,58,6,64,181
05/29/2004,CLL,TX,ASW,CE,Federal Contract Tower,0,12,14,0,26,0,0,33,0,33,0,12,47,0,59,44,0,44,103
05/30/2004,CLL,TX,ASW,CE,Federal Contract Tower,0,17,13,2,32,0,0,28,0,28,0,17,41,2,60,30,0,30,90
05/31/2004,CLL,TX,ASW,CE,Federal Contract Tower,0,15,31,3,49,0,0,72,4,76,0,15,103,7,125,54,20,74,199
06/01/2004,CLL,TX,ASW,CE,Federal Contract Tower,0,17,17,9,43,0,0,46,19,65,0,17,63,28,108,76,16,92,200
06/02/2004,CLL,TX,ASW,CE,Federal Contract Tower,0,15,19,10,44,0,0,26,20,46,0,15,45,30,90,28,36,64,154
06/03/2004,CLL,TX,ASW,CE,Federal Contract Tower,0,18,19,10,47,0,0,54,13,67,0,18,73,23,114,48,24,72,186
06/04/2004,CLL,TX,ASW,CE,Federal Contract Tower,0,18,18,11,47,0,7,49,12,68,0,25,67,23,115,42,28,70,185
06/05/2004,CLL,TX,ASW,CE,Federal Contract Tower,0,9,10,6,25,0,0,55,7,62,0,9,65,13,87,80,6,86,173
06/06/2004,CLL,TX,ASW,CE,Federal Contract Tower,0,14,15,9,38,0,3,37,15,55,0,17,52,24,93,16,2,18,111
06/07/2004,CLL,TX,ASW,CE,Federal Contract Tower,0,18,17,10,45,0,3,12,11,26,0,21,29,21,71,24,20,44,115
06/08/2004,CLL,TX,ASW,CE,Federal Contract Tower,0,10,7,0,17,0,8,0,0,8,0,18,7,0,25,0,0,0,25
06/09/2004,CLL,TX,ASW,CE,Federal Contract Tower,0,15,16,10,41,0,0,12,5,17,0,15,28,15,58,14,0,14,72
06/10/2004,CLL,TX,ASW,CE,Federal Contract Tower,0,18,26,15,59,0,0,45,30,75,0,18,71,45,134,102,52,154,288
06/11/2004,CLL,TX,ASW,CE,Federal Contract Tower,0,20,19,11,50,0,0,60,2,62,0,20,79,13,112,36,10,46,158
06/12/2004,CLL,TX,ASW,CE,Federal Contract Tower,0,10,14,8,32,0,0,64,31,95,0,10,78,39,127,40,28,68,195
06/13/2004,CLL,TX,ASW,CE,Federal Contract Tower,0,36,48,9,93,0,0,75,0,75,0,36,123,9,168,4,2,6,174
06/14/2004,CLL,TX,ASW,CE,Federal Contract Tower,0,18,22,13,53,0,0,49,28,77,0,18,71,41,130,58,28,86,216
06/15/2004,CLL,TX,ASW,CE,Federal Contract Tower,0,14,14,8,36,0,2,8,1,11,0,16,22,9,47,36,0,36,83
06/16/2004,CLL,TX,ASW,CE,Federal Contract Tower,0,20,20,12,52,0,0,37,2,39,0,20,57,14,91,46,4,50,141
06/17/2004,CLL,TX,ASW,CE,Federal Contract Tower,0,18,24,14,56,0,0,46,16,62,0,18,70,30,118,34,12,46,164
06/18/2004,CLL,TX,ASW,CE,Federal Contract Tower,0,20,36,19,75,0,0,45,46,91,0,20,81,65,166,72,80,152,318
06/19/2004,CLL,TX,ASW,CE,Federal Contract Tower,0,8,9,4,21,0,1,82,2,85,0,9,91,6,106,12,48,60,166
06/20/2004,CLL,TX,ASW,CE,Federal Contract Tower,0,14,16,8,38,0,6,55,3,64,0,20,71,11,102,44,0,44,146
06/21/2004,CLL,TX,ASW,CE,Federal Contract Tower,0,13,14,7,34,0,3,48,9,60,0,16,62,16,94,58,2,60,154
06/22/2004,CLL,TX,ASW,CE,Federal Contract Tower,0,18,19,0,37,0,6,28,0,34,0,24,47,0,71,18,0,18,89
06/23/2004,CLL,TX,ASW,CE,Federal Contract Tower,0,15,19,10,44,0,0,21,6,27,0,15,40,16,71,46,18,64,135
06/24/2004,CLL,TX,ASW,CE,Federal Contract Tower,0,14,16,8,38,0,6,0,0,6,0,20,16,8,44,0,0,0,44
06/25/2004,CLL,TX,ASW,CE,Federal Contract Tower,0,14,14,7,35,0,0,20,4,24,0,14,34,11,59,36,8,44,103
06/26/2004,CLL,TX,ASW,CE,Federal Contract Tower,0,10,11,2,23,0,3,8,0,11,0,13,19,2,34,20,0,20,54
06/27/2004,CLL,TX,ASW,CE,Federal Contract Tower,0,12,12,2,26,0,6,9,0,15,0,18,21,2,41,22,0,22,63
06/28/2004,CLL,TX,ASW,CE,Federal Contract Tower,0,16,17,7,40,0,2,34,0,36,0,18,51,7,76,6,0,6,82
06/29/2004,CLL,TX,ASW,CE,Federal Contract Tower,0,14,15,2,31,0,0,10,0,10,0,14,25,2,41,0,0,0,41
06/30/2004,CLL,TX,ASW,CE,Federal Contract Tower,0,7,8,0,15,0,17,17,0,34,0,24,25,0,49,30,0,30,79
07/01/2004,CLL,TX,ASW,CE,Federal Contract Tower,0,18,28,18,64,0,0,46,0,46,0,18,74,18,110,42,20,62,172
07/02/2004,CLL,TX,ASW,CE,Federal Contract Tower,0,14,17,10,41,0,5,91,0,96,0,19,108,10,137,42,0,42,179
07/03/2004,CLL,TX,ASW,CE,Federal Contract Tower,0,8,11,2,21,0,3,56,0,59,0,11,67,2,80,20,0,20,100
07/04/2004,CLL,TX,ASW,CE,Federal Contract Tower,0,5,7,0,12,0,7,23,0,30,0,12,30,0,42,0,0,0,42
07/05/2004,CLL,TX,ASW,CE,Federal Contract Tower,0,13,15,4,32,0,4,72,0,76,0,17,87,4,108,20,10,30,138
07/06/2004,CLL,TX,ASW,CE,Federal Contract Tower,0,21,23,17,61,0,3,28,7,38,0,24,51,24,99,56,18,74,173
07/07/2004,CLL,TX,ASW,CE,Federal Contract Tower,0,16,22,16,54,0,0,45,31,76,0,16,67,47,130,42,12,54,184
07/08/2004,CLL,TX,ASW,CE,Federal Contract Tower,0,17,25,18,60,2,0,59,29,90,2,17,84,47,150,60,16,76,226
07/09/2004,CLL,TX,ASW,CE,Federal Contract Tower,0,18,19,14,51,0,3,30,13,46,0,21,49,27,97,50,24,74,171
07/10/2004,CLL,TX,ASW,CE,Federal Contract Tower,0,9,9,7,25,0,3,83,1,87,0,12,92,8,112,36,8,44,156
07/11/2004,CLL,TX,ASW,CE,Federal Contract Tower,0,13,14,11,38,0,5,37,1,43,0,18,51,12,81,22,8,30,111
07/12/2004,CLL,TX,ASW,CE,Federal Contract Tower,0,18,21,15,54,0,0,67,18,85,0,18,88,33,139,60,50,110,249
07/13/2004,CLL,TX,ASW,CE,Federal Contract Tower,0,16,18,13,47,0,0,73,11,84,0,16,91,24,131,8,40,48,179
07/14/2004,CLL,TX,ASW,CE,Federal Contract Tower,0,15,17,12,44,0,1,68,11,80,0,16,85,23,124,66,14,80,204
07/15/2004,CLL,TX,ASW,CE,Federal Contract Tower,0,15,17,12,44,0,3,77,7,87,0,18,94,19,131,64,34,98,229
07/16/2004,CLL,TX,ASW,CE,Federal Contract Tower,0,15,17,12,44,0,2,87,12,101,0,17,104,24,145,16,6,22,167
07/17/2004,CLL,TX,ASW,CE,Federal Contract Tower,0,10,13,10,33,0,0,78,30,108,0,10,91,40,141,36,32,68,209
07/18/2004,CLL,TX,ASW,CE,Federal Contract Tower,0,13,13,7,33,0,3,44,0,47,0,16,57,7,80,38,26,64,144
07/19/2004,CLL,TX,ASW,CE,Federal Contract Tower,0,16,18,13,47,0,4,39,17,60,0,20,57,30,107,46,16,62,169
07/20/2004,CLL,TX,ASW,CE,Federal Contract Tower,0,17,22,16,55,0,0,55,39,94,0,17,77,55,149,14,90,104,253
07/21/2004,CLL,TX,ASW,CE,Federal Contract Tower,0,13,29,19,61,0,0,38,45,83,0,13,67,64,144,12,46,58,202
07/22/2004,CLL,TX,ASW,CE,Federal Contract Tower,0,23,26,17,66,0,0,42,12,54,0,23,68,29,120,14,10,24,144
07/23/2004,CLL,TX,ASW,CE,Federal Contract Tower,0,20,32,21,73,0,0,87,17,104,0,20,119,38,177,82,62,144,321
07/24/2004,CLL,TX,ASW,CE,Federal Contract Tower,0,11,20,13,44,0,0,85,30,115,0,11,105,43,159,88,60,148,307
07/25/2004,CLL,TX,ASW,CE,Federal Contract Tower,0,14,16,10,40,0,0,29,3,32,0,14,45,13,72,24,16,40,112
07/26/2004,CLL,TX,ASW,CE,Federal Contract Tower,0,16,24,15,55,0,0,43,16,59,0,16,67,31,114,94,22,116,230
07/27/2004,CLL,TX,ASW,CE,Federal Contract Tower,0,17,23,15,55,0,0,50,16,66,0,17,73,31,121,18,24,42,163
07/28/2004,CLL,TX,ASW,CE,Federal Contract Tower,0,21,24,16,61,2,4,40,14,60,2,25,64,30,121,38,20,58,179
07/29/2004,CLL,TX,ASW,CE,Federal Contract Tower,0,15,17,11,43,0,5,35,3,43,0,20,52,14,86,26,8,34,120
07/30/2004,CLL,TX,ASW,CE,Federal Contract Tower,0,17,19,13,49,0,1,61,17,79,0,18,80,30,128,38,18,56,184
07/31/2004,CLL,TX,ASW,CE,Federal Contract Tower,0,9,11,6,26,0,3,35,6,44,0,12,46,12,70,2,30,32,102
08/01/2004,CLL,TX,ASW,CE,Federal Contract Tower,0,9,10,5,24,0,10,40,0,50,0,19,50,5,74,26,4,30,104
08/02/2004,CLL,TX,ASW,CE,Federal Contract Tower,0,20,22,20,62,0,0,39,27,66,0,20,61,47,128,42,28,70,198
08/03/2004,CLL,TX,ASW,CE,Federal Contract Tower,0,19,21,19,59,0,0,57,15,72,0,19,78,34,131,30,30,60,191
08/04/2004,CLL,TX,ASW,CE,Federal Contract Tower,0,19,21,18,58,0,1,65,24,90,0,20,86,42,148,32,10,42,190
08/05/2004,CLL,TX,ASW,CE,Federal Contract Tower,0,16,17,16,49,0,4,62,13,79,0,20,79,29,128,20,44,64,192
08/06/2004,CLL,TX,ASW,CE,Federal Contract Tower,0,14,15,14,43,0,5,49,1,55,0,19,64,15,98,28,4,32,130
08/07/2004,CLL,TX,ASW,CE,Federal Contract Tower,0,9,12,10,31,0,2,77,3,82,0,11,89,13,113,46,0,46,159
08/08/2004,CLL,TX,ASW,CE,Federal Contract Tower,0,18,21,19,58,0,0,59,35,94,0,18,80,54,152,30,70,100,252
08/09/2004,CLL,TX,ASW,CE,Federal Contract Tower,0,19,18,17,54,0,3,48,7,58,0,22,66,24,112,44,16,60,172
08/10/2004,CLL,TX,ASW,CE,Federal Contract Tower,0,18,19,18,55,0,0,29,12,41,0,18,48,30,96,34,18,52,148
08/11/2004,CLL,TX,ASW,CE,Federal Contract Tower,0,18,15,16,49,0,2,42,8,52,0,20,57,24,101,80,22,102,203
08/12/2004,CLL,TX,ASW,CE,Federal Contract Tower,0,20,20,19,59,0,0,69,32,101,0,20,89,51,160,40,26,66,226
08/13/2004,CLL,TX,ASW,CE,Federal Contract Tower,0,18,26,24,68,0,0,110,29,139,0,18,136,53,207,68,82,150,357
08/14/2004,CLL,TX,ASW,CE,Federal Contract Tower,0,11,10,10,31,0,0,80,11,91,0,11,90,21,122,52,32,84,206
08/15/2004,CLL,TX,ASW,CE,Federal Contract Tower,0,12,11,10,33,0,6,81,19,106,0,18,92,29,139,12,0,12,151
08/16/2004,CLL,TX,ASW,CE,Federal Contract Tower,0,13,12,10,35,0,7,66,2,75,0,20,78,12,110,32,4,36,146
08/17/2004,CLL,TX,ASW,CE,Federal Contract Tower,0,18,16,15,49,0,0,60,12,72,0,18,76,27,121,30,14,44,165
08/18/2004,CLL,TX,ASW,CE,Federal Contract Tower,0,20,25,22,67,0,0,50,34,84,0,20,75,56,151,16,0,16,167
08/19/2004,CLL,TX,ASW,CE,Federal Contract Tower,0,17,17,15,49,0,0,16,7,23,0,17,33,22,72,0,8,8,80
08/20/2004,CLL,TX,ASW,CE,Federal Contract Tower,0,17,16,14,47,0,1,51,5,57,0,18,67,19,104,32,8,40,144
08/21/2004,CLL,TX,ASW,CE,Federal Contract Tower,0,10,9,7,26,0,2,43,0,45,0,12,52,7,71,38,0,38,109
08/22/2004,CLL,TX,ASW,CE,Federal Contract Tower,0,20,18,9,47,0,2,21,0,23,0,22,39,9,70,8,0,8,78
08/23/2004,CLL,TX,ASW,CE,Federal Contract Tower,0,19,18,13,50,0,1,21,0,22,0,20,39,13,72,0,0,0,72
08/24/2004,CLL,TX,ASW,CE,Federal Contract Tower,0,18,28,25,71,0,0,54,42,96,0,18,82,67,167,52,37,89,256
08/25/2004,CLL,TX,ASW,CE,Federal Contract Tower,0,20,21,19,60,0,0,58,6,64,0,20,79,25,124,18,0,18,142
08/26/2004,CLL,TX,ASW,CE,Federal Contract Tower,0,22,23,21,66,0,0,27,42,69,0,22,50,63,135,30,12,42,177
08/27/2004,CLL,TX,ASW,CE,Federal Contract Tower,0,22,29,25,76,0,0,54,22,76,0,22,83,47,152,36,110,146,298
08/28/2004,CLL,TX,ASW,CE,Federal Contract Tower,0,12,11,2,25,0,0,36,0,36,0,12,47,2,61,32,0,32,93
08/29/2004,CLL,TX,ASW,CE,Federal Contract Tower,0,16,15,13,44,0,2,45,8,55,0,18,60,21,99,26,2,28,127
08/30/2004,CLL,TX,ASW,CE,Federal Contract Tower,0,21,20,17,58,0,1,73,5,79,0,22,93,22,137,20,12,32,169
08/31/2004,CLL,TX,ASW,CE,Federal Contract Tower,0,18,18,15,51,0,2,50,25,77,0,20,68,40,128,18,50,68,196
09/01/2004,CLL,TX,ASW,CE,Federal Contract Tower,1,18,19,13,51,1,2,44,13,60,2,20,63,26,111,60,6,66,177
09/02/2004,CLL,TX,ASW,CE,Federal Contract Tower,0,20,23,16,59,0,0,36,36,72,0,20,59,52,131,50,66,116,247
09/03/2004,CLL,TX,ASW,CE,Federal Contract Tower,0,15,16,10,41,0,2,54,0,56,0,17,70,10,97,6,0,6,103
09/04/2004,CLL,TX,ASW,CE,Federal Contract Tower,0,8,11,5,24,0,3,32,0,35,0,11,43,5,59,24,0,24,83
09/05/2004,CLL,TX,ASW,CE,Federal Contract Tower,0,13,15,10,38,0,3,36,10,49,0,16,51,20,87,18,0,18,105
09/06/2004,CLL,TX,ASW,CE,Federal Contract Tower,0,8,11,4,23,0,11,38,0,49,0,19,49,4,72,72,0,72,144
09/07/2004,CLL,TX,ASW,CE,Federal Contract Tower,0,19,21,15,55,0,1,42,27,70,0,20,63,42,125,34,0,34,159
09/08/2004,CLL,TX,ASW,CE,Federal Contract Tower,0,18,19,13,50,0,0,45,22,67,0,18,64,35,117,8,10,18,135
09/09/2004,CLL,TX,ASW,CE,Federal Contract Tower,0,16,19,13,48,0,4,59,22,85,0,20,78,35,133,36,40,76,209
09/10/2004,CLL,TX,ASW,CE,Federal Contract Tower,1,22,32,22,77,1,0,93,29,123,2,22,125,51,200,62,78,140,340
09/11/2004,CLL,TX,ASW,CE,Federal Contract Tower,1,13,25,4,43,1,0,162,0,163,2,13,187,4,206,2,0,2,208
09/12/2004,CLL,TX,ASW,CE,Federal Contract Tower,0,18,21,15,54,0,0,83,26,109,0,18,104,41,163,42,12,54,217
09/13/2004,CLL,TX,ASW,CE,Federal Contract Tower,0,17,17,14,48,0,3,27,7,37,0,20,44,21,85,42,0,42,127
09/14/2004,CLL,TX,ASW,CE,Federal Contract Tower,0,17,18,6,41,0,8,25,0,33,0,25,43,6,74,32,24,56,130
09/15/2004,CLL,TX,ASW,CE,Federal Contract Tower,0,20,27,21,68,0,0,43,33,76,0,20,70,54,144,22,30,52,196
09/16/2004,CLL,TX,ASW,CE,Federal Contract Tower,0,20,27,20,67,0,0,65,22,87,0,20,92,42,154,34,28,62,216
09/17/2004,CLL,TX,ASW,CE,Federal Contract Tower,0,22,23,17,62,1,1,108,24,134,1,23,131,41,196,150,88,238,434
09/18/2004,CLL,TX,ASW,CE,Federal Contract Tower,0,16,31,23,70,5,0,151,18,174,5,16,182,41,244,14,34,48,292
09/19/2004,CLL,TX,ASW,CE,Federal Contract Tower,0,15,15,12,42,0,4,56,1,61,0,19,71,13,103,50,4,54,157
09/20/2004,CLL,TX,ASW,CE,Federal Contract Tower,0,18,18,14,50,0,2,47,10,59,0,20,65,24,109,74,10,84,193
09/21/2004,CLL,TX,ASW,CE,Federal Contract Tower,0,22,27,20,69,0,0,41,12,53,0,22,68,32,122,6,28,34,156
09/22/2004,CLL,TX,ASW,CE,Federal Contract Tower,0,18,23,17,58,0,0,50,34,84,0,18,73,51,142,32,14,46,188
09/23/2004,CLL,TX,ASW,CE,Federal Contract Tower,0,21,28,22,71,0,0,51,19,70,0,21,79,41,141,42,64,106,247
09/24/2004,CLL,TX,ASW,CE,Federal Contract Tower,0,21,21,16,58,0,2,43,3,48,0,23,64,19,106,40,26,66,172
09/25/2004,CLL,TX,ASW,CE,Federal Contract Tower,0,12,13,4,29,0,0,27,0,27,0,12,40,4,56,18,0,18,74
09/26/2004,CLL,TX,ASW,CE,Federal Contract Tower,0,11,12,4,27,0,7,46,0,53,0,18,58,4,80,16,0,16,96
09/27/2004,CLL,TX,ASW,CE,Federal Contract Tower,0,19,20,14,53,0,1,57,10,68,0,20,77,24,121,54,0,54,175
09/28/2004,CLL,TX,ASW,CE,Federal Contract Tower,0,18,19,13,50,0,0,37,28,65,0,18,56,41,115,26,4,30,145
09/29/2004,CLL,TX,ASW,CE,Federal Contract Tower,0,14,14,9,37,0,6,70,11,87,0,20,84,20,124,56,2,58,182
09/30/2004,CLL,TX,ASW,CE,Federal Contract Tower,0,14,14,9,37,0,7,71,21,99,0,21,85,30,136,52,4,56,192
10/01/2004,CLL,TX,ASW,CE,Federal Contract Tower,1,22,40,8,71,0,0,82,19,101,1,22,122,27,172,56,56,112,284
10/02/2004,CLL,TX,ASW,CE,Federal Contract Tower,1,11,67,2,81,0,0,30,11,41,1,11,97,13,122,0,0,0,122
10/03/2004,CLL,TX,ASW,CE,Federal Contract Tower,0,18,30,2,50,0,0,73,0,73,0,18,103,2,123,36,0,36,159
10/04/2004,CLL,TX,ASW,CE,Federal Contract Tower,0,17,20,12,49,0,0,23,9,32,0,17,43,21,81,48,8,56,137
10/05/2004,CLL,TX,ASW,CE,Federal Contract Tower,0,19,16,9,44,0,0,35,3,38,0,19,51,12,82,46,10,56,138
10/06/2004,CLL,TX,ASW,CE,Federal Contract Tower,0,19,27,18,64,0,0,29,10,39,0,19,56,28,103,10,38,48,151
10/07/2004,CLL,TX,ASW,CE,Federal Contract Tower,0,20,17,16,53,0,0,8,9,17,0,20,25,25,70,10,16,26,96
10/08/2004,CLL,TX,ASW,CE,Federal Contract Tower,4,20,39,6,69,0,0,47,13,60,4,20,86,19,129,28,10,38,167
10/09/2004,CLL,TX,ASW,CE,Federal Contract Tower,0,16,28,4,48,0,0,22,2,24,0,16,50,6,72,40,0,40,112
10/10/2004,CLL,TX,ASW,CE,Federal Contract Tower,3,18,29,12,62,0,0,24,6,30,3,18,53,18,92,42,4,46,138
10/11/2004,CLL,TX,ASW,CE,Federal Contract Tower,0,20,14,1,35,0,0,72,3,75,0,20,86,4,110,30,0,30,140
10/12/2004,CLL,TX,ASW,CE,Federal Contract Tower,0,20,23,26,69,0,0,66,26,92,0,20,89,52,161,48,24,72,233
10/13/2004,CLL,TX,ASW,CE,Federal Contract Tower,0,20,22,17,59,0,0,55,17,72,0,20,77,34,131,62,8,70,201
10/14/2004,CLL,TX,ASW,CE,Federal Contract Tower,0,27,17,14,58,0,0,61,11,72,0,27,78,25,130,58,14,72,202
10/15/2004,CLL,TX,ASW,CE,Federal Contract Tower,2,20,20,16,58,0,0,109,14,123,2,20,129,30,181,148,52,200,381
10/16/2004,CLL,TX,ASW,CE,Federal Contract Tower,0,11,19,8,38,0,0,98,10,108,0,11,117,18,146,16,16,32,178
10/17/2004,CLL,TX,ASW,CE,Federal Contract Tower,0,20,19,2,41,0,0,59,0,59,0,20,78,2,100,42,8,50,150
10/18/2004,CLL,TX,ASW,CE,Federal Contract Tower,0,20,20,29,69,0,0,34,27,61,0,20,54,56,130,74,30,104,234
10/19/2004,CLL,TX,ASW,CE,Federal Contract Tower,0,20,16,24,60,0,0,47,11,58,0,20,63,35,118,64,10,74,192
10/20/2004,CLL,TX,ASW,CE,Federal Contract Tower,0,20,31,25,76,0,0,41,23,64,0,20,72,48,140,62,0,62,202
10/21/2004,CLL,TX,ASW,CE,Federal Contract Tower,0,21,38,27,86,0,0,55,19,74,0,21,93,46,160,70,16,86,246
10/22/2004,CLL,TX,ASW,CE,Federal Contract Tower,1,22,41,50,114,0,0,85,69,154,1,22,126,119,268,52,38,90,358
10/23/2004,CLL,TX,ASW,CE,Federal Contract Tower,1,16,59,4,80,0,0,36,19,55,1,16,95,23,135,0,10,10,145
10/24/2004,CLL,TX,ASW,CE,Federal Contract Tower,0,18,48,17,83,0,0,23,5,28,0,18,71,22,111,2,0,2,113
10/25/2004,CLL,TX,ASW,CE,Federal Contract Tower,0,19,20,23,62,0,0,27,15,42,0,19,47,38,104,40,4,44,148
10/26/2004,CLL,TX,ASW,CE,Federal Contract Tower,0,20,19,33,72,0,0,23,25,48,0,20,42,58,120,54,70,124,244
10/27/2004,CLL,TX,ASW,CE,Federal Contract Tower,0,25,33,18,76,0,0,41,29,70,0,25,74,47,146,16,10,26,172
10/28/2004,CLL,TX,ASW,CE,Federal Contract Tower,0,24,23,21,68,0,0,63,15,78,0,24,86,36,146,84,22,106,252
10/29/2004,CLL,TX,ASW,CE,Federal Contract Tower,0,22,31,6,59,0,0,63,9,72,0,22,94,15,131,60,36,96,227
10/30/2004,CLL,TX,ASW,CE,Federal Contract Tower,0,14,21,4,39,0,0,25,10,35,0,14,46,14,74,22,6,28,102
10/31/2004,CLL,TX,ASW,CE,Federal Contract Tower,0,18,11,4,33,0,0,0,0,0,0,18,11,4,33,30,0,30,63
11/01/2004,CLL,TX,ASW,CE,Federal Contract Tower,0,22,14,5,41,0,0,11,7,18,0,22,25,12,59,16,8,24,83
11/02/2004,CLL,TX,ASW,CE,Federal Contract Tower,0,18,21,16,55,0,0,12,6,18,0,18,33,22,73,0,0,0,73
11/03/2004,CLL,TX,ASW,CE,Federal Contract Tower,0,18,20,17,55,0,0,49,30,79,0,18,69,47,134,98,10,108,242
11/04/2004,CLL,TX,ASW,CE,Federal Contract Tower,0,22,10,26,58,0,0,95,16,111,0,22,105,42,169,94,68,162,331
11/05/2004,CLL,TX,ASW,CE,Federal Contract Tower,2,22,47,20,91,0,0,158,18,176,2,22,205,38,267,122,28,150,417
11/06/2004,CLL,TX,ASW,CE,Federal Contract Tower,3,7,83,5,98,0,0,268,4,272,3,7,351,9,370,2,0,2,372
11/07/2004,CLL,TX,ASW,CE,Federal Contract Tower,0,24,22,15,61,0,0,88,11,99,0,24,110,26,160,22,22,44,204
11/08/2004,CLL,TX,ASW,CE,Federal Contract Tower,0,22,11,20,53,0,0,61,15,76,0,22,72,35,129,108,72,180,309
11/09/2004,CLL,TX,ASW,CE,Federal Contract Tower,0,24,24,18,66,0,0,65,13,78,0,24,89,31,144,44,12,56,200
11/10/2004,CLL,TX,ASW,CE,Federal Contract Tower,0,19,20,39,78,0,0,54,35,89,0,19,74,74,167,70,6,76,243
11/11/2004,CLL,TX,ASW,CE,Federal Contract Tower,0,24,21,17,62,0,0,60,16,76,0,24,81,33,138,46,4,50,188
11/12/2004,CLL,TX,ASW,CE,Federal Contract Tower,2,21,52,29,104,0,0,74,44,118,2,21,126,73,222,56,72,128,350
11/13/2004,CLL,TX,ASW,CE,Federal Contract Tower,2,17,90,9,118,0,2,10,0,12,2,19,100,9,130,40,0,40,170
11/14/2004,CLL,TX,ASW,CE,Federal Contract Tower,0,22,33,2,57,0,0,4,0,4,0,22,37,2,61,22,0,22,83
11/15/2004,CLL,TX,ASW,CE,Federal Contract Tower,0,22,33,11,66,0,0,3,4,7,0,22,36,15,73,0,0,0,73
11/16/2004,CLL,TX,ASW,CE,Federal Contract Tower,0,20,31,3,54,0,0,13,8,21,0,20,44,11,75,0,0,0,75
11/17/2004,CLL,TX,ASW,CE,Federal Contract Tower,0,22,18,1,41,0,0,8,1,9,0,22,26,2,50,0,0,0,50
11/18/2004,CLL,TX,ASW,CE,Federal Contract Tower,0,23,33,11,67,0,0,46,23,69,0,23,79,34,136,40,4,44,180
11/19/2004,CLL,TX,ASW,CE,Federal Contract Tower,0,18,33,6,57,0,0,23,4,27,0,18,56,10,84,24,0,24,108
11/20/2004,CLL,TX,ASW,CE,Federal Contract Tower,0,12,23,3,38,0,0,0,0,0,0,12,23,3,38,0,0,0,38
11/21/2004,CLL,TX,ASW,CE,Federal Contract Tower,0,16,13,0,29,0,0,0,0,0,0,16,13,0,29,16,0,16,45
11/22/2004,CLL,TX,ASW,CE,Federal Contract Tower,0,16,7,0,23,0,0,0,0,0,0,16,7,0,23,0,0,0,23
11/23/2004,CLL,TX,ASW,CE,Federal Contract Tower,0,17,6,1,24,0,0,3,13,16,0,17,9,14,40,0,0,0,40
11/24/2004,CLL,TX,ASW,CE,Federal Contract Tower,0,22,28,2,52,0,6,21,2,29,0,28,49,4,81,0,0,0,81
11/25/2004,CLL,TX,ASW,CE,Federal Contract Tower,0,16,13,0,29,0,0,27,0,27,0,16,40,0,56,0,0,0,56
11/26/2004,CLL,TX,ASW,CE,Federal Contract Tower,2,13,15,0,30,0,0,27,2,29,2,13,42,2,59,28,0,28,87
11/27/2004,CLL,TX,ASW,CE,Federal Contract Tower,2,14,19,0,35,0,0,31,2,33,2,14,50,2,68,18,0,18,86
11/28/2004,CLL,TX,ASW,CE,Federal Contract Tower,0,19,26,0,45,0,0,37,0,37,0,19,63,0,82,12,0,12,94
11/29/2004,CLL,TX,ASW,CE,Federal Contract Tower,0,22,17,2,41,0,0,1,2,3,0,22,18,4,44,0,0,0,44
11/30/2004,CLL,TX,ASW,CE,Federal Contract Tower,0,22,36,0,58,0,0,10,4,14,0,22,46,4,72,0,0,0,72
12/01/2004,CLL,TX,ASW,CE,Federal Contract Tower,0,19,24,12,55,0,0,87,16,103,0,19,111,28,158,82,36,118,276
12/02/2004,CLL,TX,ASW,CE,Federal Contract Tower,0,20,18,24,62,0,0,53,18,71,0,20,71,42,133,48,40,88,221
12/03/2004,CLL,TX,ASW,CE,Federal Contract Tower,2,19,24,20,65,0,0,67,37,104,2,19,91,57,169,72,32,104,273
12/04/2004,CLL,TX,ASW,CE,Federal Contract Tower,0,12,21,14,47,0,0,69,0,69,0,12,90,14,116,42,36,78,194
12/05/2004,CLL,TX,ASW,CE,Federal Contract Tower,0,20,16,2,38,0,0,3,0,3,0,20,19,2,41,0,0,0,41
12/06/2004,CLL,TX,ASW,CE,Federal Contract Tower,0,17,11,0,28,0,0,0,0,0,0,17,11,0,28,0,0,0,28
12/07/2004,CLL,TX,ASW,CE,Federal Contract Tower,0,22,16,9,47,0,0,74,10,84,0,22,90,19,131,66,36,102,233
12/08/2004,CLL,TX,ASW,CE,Federal Contract Tower,0,24,23,19,66,0,0,47,11,58,0,24,70,30,124,68,26,94,218
12/09/2004,CLL,TX,ASW,CE,Federal Contract Tower,0,20,24,25,69,0,0,56,28,84,0,20,80,53,153,28,74,102,255
12/10/2004,CLL,TX,ASW,CE,Federal Contract Tower,2,21,30,29,82,0,0,49,35,84,2,21,79,64,166,22,68,90,256
12/11/2004,CLL,TX,ASW,CE,Federal Contract Tower,0,14,20,30,64,0,0,127,34,161,0,14,147,64,225,60,72,132,357
12/12/2004,CLL,TX,ASW,CE,Federal Contract Tower,0,18,16,34,68,0,0,65,24,89,0,18,81,58,157,20,24,44,201
12/13/2004,CLL,TX,ASW,CE,Federal Contract Tower,0,20,14,28,62,0,0,31,23,54,0,20,45,51,116,6,10,16,132
12/14/2004,CLL,TX,ASW,CE,Federal Contract Tower,0,18,17,20,55,0,0,77,18,95,0,18,94,38,150,32,20,52,202
12/15/2004,CLL,TX,ASW,CE,Federal Contract Tower,0,20,27,24,71,0,0,70,18,88,0,20,97,42,159,36,8,44,203
12/16/2004,CLL,TX,ASW,CE,Federal Contract Tower,0,20,23,18,61,0,0,10,7,17,0,20,33,25,78,0,0,0,78
12/17/2004,CLL,TX,ASW,CE,Federal Contract Tower,0,20,29,16,65,0,0,79,12,91,0,20,108,28,156,74,22,96,252
12/18/2004,CLL,TX,ASW,CE,Federal Contract Tower,0,12,10,2,24,0,0,108,5,113,0,12,118,7,137,72,14,86,223
12/19/2004,CLL,TX,ASW,CE,Federal Contract Tower,0,18,15,24,57,0,0,37,11,48,0,18,52,35,105,12,8,20,125
12/20/2004,CLL,TX,ASW,CE,Federal Contract Tower,0,20,6,35,61,0,0,48,14,62,0,20,54,49,123,10,60,70,193
12/21/2004,CLL,TX,ASW,CE,Federal Contract Tower,0,20,19,28,67,0,0,48,17,65,0,20,67,45,132,18,38,56,188
12/22/2004,CLL,TX,ASW,CE,Federal Contract Tower,0,16,9,25,50,0,0,3,12,15,0,16,12,37,65,0,0,0,65
12/23/2004,CLL,TX,ASW,CE,Federal Contract Tower,0,20,11,0,31,0,0,45,0,45,0,20,56,0,76,0,0,0,76
12/24/2004,CLL,TX,ASW,CE,Federal Contract Tower,0,18,0,0,18,0,0,18,0,18,0,18,18,0,36,10,0,10,46
12/25/2004,CLL,TX,ASW,CE,Federal Contract Tower,0,8,1,0,9,0,0,10,0,10,0,8,11,0,19,8,0,8,27
12/26/2004,CLL,TX,ASW,CE,Federal Contract Tower,0,18,5,0,23,0,0,27,0,27,0,18,32,0,50,28,0,28,78
12/27/2004,CLL,TX,ASW,CE,Federal Contract Tower,0,20,11,6,37,0,0,52,0,52,0,20,63,6,89,50,0,50,139
12/28/2004,CLL,TX,ASW,CE,Federal Contract Tower,0,20,8,4,32,0,0,39,6,45,0,20,47,10,77,8,0,8,85
12/29/2004,CLL,TX,ASW,CE,Federal Contract Tower,0,21,17,4,42,0,0,9,11,20,0,21,26,15,62,4,0,4,66
12/30/2004,CLL,TX,ASW,CE,Federal Contract Tower,0,20,13,3,36,0,0,25,2,27,0,20,38,5,63,0,0,0,63
12/31/2004,CLL,TX,ASW,CE,Federal Contract Tower,0,10,16,0,26,0,0,14,4,18,0,10,30,4,44,10,0,10,54
01/01/2005,CLL,TX,ASW,CE,Federal Contract Tower,0,13,2,0,15,0,0,9,0,9,0,13,11,0,24,0,0,0,24
01/02/2005,CLL,TX,ASW,CE,Federal Contract Tower,1,16,16,0,33,0,0,1,0,1,1,16,17,0,34,0,0,0,34
01/03/2005,CLL,TX,ASW,CE,Federal Contract Tower,0,18,18,2,38,0,0,19,2,21,0,18,37,4,59,2,0,2,61
01/04/2005,CLL,TX,ASW,CE,Federal Contract Tower,1,18,18,33,70,0,0,14,25,39,1,18,32,58,109,10,0,10,119
01/05/2005,CLL,TX,ASW,CE,Federal Contract Tower,0,18,15,19,52,0,0,0,13,13,0,18,15,32,65,0,0,0,65
01/06/2005,CLL,TX,ASW,CE,Federal Contract Tower,0,26,18,22,66,0,0,34,11,45,0,26,52,33,111,10,124,134,245
01/07/2005,CLL,TX,ASW,CE,Federal Contract Tower,1,15,18,8,42,0,0,0,0,0,1,15,18,8,42,0,0,0,42
01/08/2005,CLL,TX,ASW,CE,Federal Contract Tower,0,15,22,9,46,0,0,53,0,53,0,15,75,9,99,28,8,36,135
01/09/2005,CLL,TX,ASW,CE,Federal Contract Tower,0,24,20,27,71,0,0,63,9,72,0,24,83,36,143,48,16,64,207
01/10/2005,CLL,TX,ASW,CE,Federal Contract Tower,0,18,21,22,61,0,0,27,8,35,0,18,48,30,96,12,26,38,134
01/11/2005,CLL,TX,ASW,CE,Federal Contract Tower,0,18,16,35,69,0,0,36,19,55,0,18,52,54,124,0,44,44,168
01/12/2005,CLL,TX,ASW,CE,Federal Contract Tower,0,25,13,40,78,0,0,27,26,53,0,25,40,66,131,2,64,66,197
01/13/2005,CLL,TX,ASW,CE,Federal Contract Tower,1,23,18,48,90,0,0,50,40,90,1,23,68,88,180,18,62,80,260
01/14/2005,CLL,TX,ASW,CE,Federal Contract Tower,1,24,28,44,97,0,0,50,39,89,1,24,78,83,186,42,44,86,272
01/15/2005,CLL,TX,ASW,CE,Federal Contract Tower,0,12,19,26,57,0,0,86,3,89,0,12,105,29,146,24,12,36,182
01/16/2005,CLL,TX,ASW,CE,Federal Contract Tower,0,20,8,24,52,0,0,74,19,93,0,20,82,43,145,50,10,60,205
01/17/2005,CLL,TX,ASW,CE,Federal Contract Tower,2,21,19,18,60,0,0,113,16,129,2,21,132,34,189,44,30,74,263
01/18/2005,CLL,TX,ASW,CE,Federal Contract Tower,2,19,13,21,55,0,0,41,18,59,2,19,54,39,114,54,54,108,222
01/19/2005,CLL,TX,ASW,CE,Federal Contract Tower,2,17,18,25,62,0,0,50,38,88,2,17,68,63,150,18,24,42,192
01/20/2005,CLL,TX,ASW,CE,Federal Contract Tower,0,20,12,34,66,0,0,50,23,73,0,20,62,57,139,52,24,76,215
01/21/2005,CLL,TX,ASW,CE,Federal Contract Tower,2,22,32,14,70,0,0,72,30,102,2,22,104,44,172,34,52,86,258
01/22/2005,CLL,TX,ASW,CE,Federal Contract Tower,1,14,20,7,42,0,0,31,0,31,1,14,51,7,73,20,18,38,111
01/23/2005,CLL,TX,ASW,CE,Federal Contract Tower,0,18,22,13,53,0,0,73,9,82,0,18,95,22,135,8,6,14,149
01/24/2005,CLL,TX,ASW,CE,Federal Contract Tower,1,20,13,14,48,0,0,62,12,74,1,20,75,26,122,20,10,30,152
01/25/2005,CLL,TX,ASW,CE,Federal Contract Tower,1,19,11,15,46,0,0,75,8,83,1,19,86,23,129,74,14,88,217
01/26/2005,CLL,TX,ASW,CE,Federal Contract Tower,0,21,37,12,70,0,0,61,6,67,0,21,98,18,137,64,16,80,217
01/27/2005,CLL,TX,ASW,CE,Federal Contract Tower,0,21,21,2,44,0,0,16,2,18,0,21,37,4,62,4,0,4,66
01/28/2005,CLL,TX,ASW,CE,Federal Contract Tower,0,22,35,6,63,0,0,0,21,21,0,22,35,27,84,0,16,16,100
01/29/2005,CLL,TX,ASW,CE,Federal Contract Tower,0,21,32,7,60,0,0,18,1,19,0,21,50,8,79,22,0,22,101
01/30/2005,CLL,TX,ASW,CE,Federal Contract Tower,0,20,27,5,52,0,0,4,1,5,0,20,31,6,57,0,0,0,57
01/31/2005,CLL,TX,ASW,CE,Federal Contract Tower,0,25,15,1,41,0,0,0,1,1,0,25,15,2,42,0,0,0,42
02/01/2005,CLL,TX,ASW,CE,Federal Contract Tower,0,20,16,8,44,0,0,1,3,4,0,20,17,11,48,0,0,0,48
02/02/2005,CLL,TX,ASW,CE,Federal Contract Tower,0,20,12,31,63,0,0,6,20,26,0,20,18,51,89,46,20,66,155
02/03/2005,CLL,TX,ASW,CE,Federal Contract Tower,0,22,9,11,42,0,0,63,10,73,0,22,72,21,115,68,18,86,201
02/04/2005,CLL,TX,ASW,CE,Federal Contract Tower,0,23,27,1,51,0,0,69,33,102,0,23,96,34,153,76,8,84,237
02/05/2005,CLL,TX,ASW,CE,Federal Contract Tower,0,16,19,14,49,0,0,64,43,107,0,16,83,57,156,66,30,96,252
02/06/2005,CLL,TX,ASW,CE,Federal Contract Tower,0,20,14,1,35,0,0,1,1,2,0,20,15,2,37,0,0,0,37
02/07/2005,CLL,TX,ASW,CE,Federal Contract Tower,0,28,16,2,46,0,0,11,1,12,0,28,27,3,58,20,0,20,78
02/08/2005,CLL,TX,ASW,CE,Federal Contract Tower,0,22,26,5,53,0,0,5,7,12,0,22,31,12,65,10,0,10,75
02/09/2005,CLL,TX,ASW,CE,Federal Contract Tower,0,28,20,23,71,0,0,46,21,67,0,28,66,44,138,22,36,58,196
02/10/2005,CLL,TX,ASW,CE,Federal Contract Tower,0,29,19,38,86,0,0,62,28,90,0,29,81,66,176,42,14,56,232
02/11/2005,CLL,TX,ASW,CE,Federal Contract Tower,0,27,29,20,76,0,0,49,31,80,0,27,78,51,156,28,64,92,248
02/12/2005,CLL,TX,ASW,CE,Federal Contract Tower,0,14,21,8,43,0,0,50,6,56,0,14,71,14,99,2,18,20,119
02/13/2005,CLL,TX,ASW,CE,Federal Contract Tower,0,23,14,11,48,0,0,32,10,42,0,23,46,21,90,24,0,24,114
02/14/2005,CLL,TX,ASW,CE,Federal Contract Tower,0,22,6,33,61,0,0,54,21,75,0,22,60,54,136,10,68,78,214
02/15/2005,CLL,TX,ASW,CE,Federal Contract Tower,0,23,25,14,62,0,0,48,11,59,0,23,73,25,121,30,14,44,165
02/16/2005,CLL,TX,ASW,CE,Federal Contract Tower,0,23,33,19,75,0,0,33,17,50,0,23,66,36,125,8,2,10,135
02/17/2005,CLL,TX,ASW,CE,Federal Contract Tower,0,22,20,18,60,0,0,44,12,56,0,22,64,30,116,70,20,90,206
02/18/2005,CLL,TX,ASW,CE,Federal Contract Tower,0,27,31,25,83,0,0,58,23,81,0,27,89,48,164,36,32,68,232
02/19/2005,CLL,TX,ASW,CE,Federal Contract Tower,0,14,18,4,36,0,0,40,1,41,0,14,58,5,77,38,0,38,115
02/20/2005,CLL,TX,ASW,CE,Federal Contract Tower,0,20,20,14,54,0,0,18,8,26,0,20,38,22,80,28,2,30,110
02/21/2005,CLL,TX,ASW,CE,Federal Contract Tower,1,22,20,7,50,0,0,35,12,47,1,22,55,19,97,54,8,62,159
02/22/2005,CLL,TX,ASW,CE,Federal Contract Tower,2,39,14,10,65,0,0,14,5,19,2,39,28,15,84,8,14,22,106
02/23/2005,CLL,TX,ASW,CE,Federal Contract Tower,1,24,16,14,55,0,0,34,6,40,1,24,50,20,95,32,6,38,133
02/24/2005,CLL,TX,ASW,CE,Federal Contract Tower,0,25,20,6,51,0,0,5,4,9,0,25,25,10,60,0,0,0,60
02/25/2005,CLL,TX,ASW,CE,Federal Contract Tower,0,28,31,30,89,0,0,78,24,102,0,28,109,54,191,30,80,110,301
02/26/2005,CLL,TX,ASW,CE,Federal Contract Tower,0,16,20,7,43,0,0,17,0,17,0,16,37,7,60,18,20,38,98
02/27/2005,CLL,TX,ASW,CE,Federal Contract Tower,0,20,19,19,58,0,0,56,14,70,0,20,75,33,128,32,0,32,160
02/28/2005,CLL,TX,ASW,CE,Federal Contract Tower,0,24,16,31,71,0,0,65,27,92,0,24,81,58,163,68,68,136,299
03/01/2005,CLL,TX,ASW,CE,Federal Contract Tower,1,20,23,40,84,0,0,84,32,116,1,20,107,72,200,68,28,96,296
03/02/2005,CLL,TX,ASW,CE,Federal Contract Tower,0,26,20,2,48,0,0,0,0,0,0,26,20,2,48,0,0,0,48
03/03/2005,CLL,TX,ASW,CE,Federal Contract Tower,0,22,18,19,59,0,0,39,12,51,0,22,57,31,110,30,8,38,148
03/04/2005,CLL,TX,ASW,CE,Federal Contract Tower,0,24,17,22,63,0,0,54,24,78,0,24,71,46,141,36,62,98,239
03/05/2005,CLL,TX,ASW,CE,Federal Contract Tower,0,16,19,6,41,0,0,79,9,88,0,16,98,15,129,22,38,60,189
03/06/2005,CLL,TX,ASW,CE,Federal Contract Tower,1,22,17,30,70,0,0,10,3,13,1,22,27,33,83,14,0,14,97
03/07/2005,CLL,TX,ASW,CE,Federal Contract Tower,1,24,2,4,31,0,0,11,1,12,1,24,13,5,43,42,0,42,85
03/08/2005,CLL,TX,ASW,CE,Federal Contract Tower,2,22,18,20,62,0,0,107,16,123,2,22,125,36,185,62,68,130,315
03/09/2005,CLL,TX,ASW,CE,Federal Contract Tower,0,20,16,14,50,0,0,28,3,31,0,20,44,17,81,22,28,50,131
03/10/2005,CLL,TX,ASW,CE,Federal Contract Tower,0,24,21,17,62,0,0,86,19,105,0,24,107,36,167,96,28,124,291
03/11/2005,CLL,TX,ASW,CE,Federal Contract Tower,2,21,30,40,93,0,0,105,32,137,2,21,135,72,230,30,126,156,386
03/12/2005,CLL,TX,ASW,CE,Federal Contract Tower,0,15,9,6,30,0,0,61,13,74,0,15,70,19,104,24,12,36,140
03/13/2005,CLL,TX,ASW,CE,Federal Contract Tower,0,20,15,24,59,0,0,31,12,43,0,20,46,36,102,2,10,12,114
03/14/2005,CLL,TX,ASW,CE,Federal Contract Tower,0,22,24,23,69,0,0,70,26,96,0,22,94,49,165,28,14,42,207
03/15/2005,CLL,TX,ASW,CE,Federal Contract Tower,0,22,23,15,60,0,0,5,11,16,0,22,28,26,76,0,14,14,90
03/16/2005,CLL,TX,ASW,CE,Federal Contract Tower,0,22,13,6,41,0,0,6,0,6,0,22,19,6,47,8,0,8,55
03/17/2005,CLL,TX,ASW,CE,Federal Contract Tower,0,20,23,18,61,0,0,61,8,69,0,20,84,26,130,32,52,84,214
03/18/2005,CLL,TX,ASW,CE,Federal Contract Tower,2,21,20,19,62,0,0,84,16,100,2,21,104,35,162,54,36,90,252
03/19/2005,CLL,TX,ASW,CE,Federal Contract Tower,2,13,19,8,42,0,0,49,14,63,2,13,68,22,105,8,14,22,127
03/20/2005,CLL,TX,ASW,CE,Federal Contract Tower,0,20,15,6,41,0,0,46,1,47,0,20,61,7,88,22,4,26,114
03/21/2005,CLL,TX,ASW,CE,Federal Contract Tower,0,22,5,0,27,0,0,8,0,8,0,22,13,0,35,0,0,0,35
03/22/2005,CLL,TX,ASW,CE,Federal Contract Tower,0,22,26,17,65,0,0,72,24,96,0,22,98,41,161,28,36,64,225
03/23/2005,CLL,TX,ASW,CE,Federal Contract Tower,0,30,25,27,82,0,0,87,16,103,0,30,112,43,185,56,44,100,285
03/24/2005,CLL,TX,ASW,CE,Federal Contract Tower,0,22,34,10,66,0,2,73,3,78,0,24,107,13,144,70,8,78,222
03/25/2005,CLL,TX,ASW,CE,Federal Contract Tower,0,26,28,36,90,0,0,84,17,101,0,26,112,53,191,42,50,92,283
03/26/2005,CLL,TX,ASW,CE,Federal Contract Tower,0,14,12,5,31,0,0,20,0,20,0,14,32,5,51,52,20,72,123
03/27/2005,CLL,TX,ASW,CE,Federal Contract Tower,0,20,18,13,51,0,0,37,12,49,0,20,55,25,100,0,8,8,108
03/28/2005,CLL,TX,ASW,CE,Federal Contract Tower,0,24,20,19,63,0,0,82,21,103,0,24,102,40,166,52,36,88,254
03/29/2005,CLL,TX,ASW,CE,Federal Contract Tower,0,22,26,23,71,0,0,25,17,42,0,22,51,40,113,60,12,72,185
03/30/2005,CLL,TX,ASW,CE,Federal Contract Tower,0,19,27,18,64,0,0,62,17,79,0,19,89,35,143,18,4,22,165
03/31/2005,CLL,TX,ASW,CE,Federal Contract Tower,0,25,24,25,74,0,0,26,0,26,0,25,50,25,100,34,2,36,136
04/01/2005,CLL,TX,ASW,CE,Federal Contract Tower,0,22,28,26,76,0,0,32,34,66,0,22,60,60,142,2,18,20,162
04/02/2005,CLL,TX,ASW,CE,Federal Contract Tower,0,15,10,6,31,0,0,143,0,143,0,15,153,6,174,54,8,62,236
04/03/2005,CLL,TX,ASW,CE,Federal Contract Tower,0,20,12,6,38,0,0,62,8,70,0,20,74,14,108,10,0,10,118
04/04/2005,CLL,TX,ASW,CE,Federal Contract Tower,0,23,13,11,47,0,0,56,8,64,0,23,69,19,111,16,10,26,137
04/05/2005,CLL,TX,ASW,CE,Federal Contract Tower,0,21,22,50,93,0,0,31,38,69,0,21,53,88,162,12,8,20,182
04/06/2005,CLL,TX,ASW,CE,Federal Contract Tower,1,24,19,45,89,0,0,41,46,87,1,24,60,91,176,56,22,78,254
04/07/2005,CLL,TX,ASW,CE,Federal Contract Tower,1,26,23,25,75,0,0,46,18,64,1,26,69,43,139,16,48,64,203
04/08/2005,CLL,TX,ASW,CE,Federal Contract Tower,0,18,24,20,62,0,0,116,37,153,0,18,140,57,215,44,32,76,291
04/09/2005,CLL,TX,ASW,CE,Federal Contract Tower,0,17,21,5,43,0,0,98,5,103,0,17,119,10,146,12,2,14,160
04/10/2005,CLL,TX,ASW,CE,Federal Contract Tower,2,22,15,11,50,0,0,45,7,52,2,22,60,18,102,40,0,40,142
04/11/2005,CLL,TX,ASW,CE,Federal Contract Tower,0,30,17,42,89,0,0,53,33,86,0,30,70,75,175,44,14,58,233
04/12/2005,CLL,TX,ASW,CE,Federal Contract Tower,0,26,37,43,106,0,0,63,30,93,0,26,100,73,199,36,30,66,265
04/13/2005,CLL,TX,ASW,CE,Federal Contract Tower,0,25,33,14,72,0,0,58,18,76,0,25,91,32,148,58,12,70,218
04/14/2005,CLL,TX,ASW,CE,Federal Contract Tower,0,22,19,21,62,0,0,53,19,72,0,22,72,40,134,44,12,56,190
04/15/2005,CLL,TX,ASW,CE,Federal Contract Tower,0,26,30,38,94,0,0,63,65,128,0,26,93,103,222,88,36,124,346
04/16/2005,CLL,TX,ASW,CE,Federal Contract Tower,0,15,12,4,31,0,0,87,5,92,0,15,99,9,123,36,4,40,163
04/17/2005,CLL,TX,ASW,CE,Federal Contract Tower,0,22,21,12,55,0,0,61,4,65,0,22,82,16,120,16,0,16,136
04/18/2005,CLL,TX,ASW,CE,Federal Contract Tower,0,22,17,18,57,0,0,34,9,43,0,22,51,27,100,26,4,30,130
04/19/2005,CLL,TX,ASW,CE,Federal Contract Tower,0,22,18,12,52,0,0,39,8,47,0,22,57,20,99,68,28,96,195
04/20/2005,CLL,TX,ASW,CE,Federal Contract Tower,0,25,27,17,69,0,0,35,12,47,0,25,62,29,116,28,0,28,144
04/21/2005,CLL,TX,ASW,CE,Federal Contract Tower,1,22,25,32,80,0,0,38,23,61,1,22,63,55,141,64,6,70,211
04/22/2005,CLL,TX,ASW,CE,Federal Contract Tower,0,23,29,10,62,0,0,66,2,68,0,23,95,12,130,100,8,108,238
04/23/2005,CLL,TX,ASW,CE,Federal Contract Tower,0,13,7,17,37,0,0,88,0,88,0,13,95,17,125,52,80,132,257
04/24/2005,CLL,TX,ASW,CE,Federal Contract Tower,2,20,14,15,51,0,0,92,16,108,2,20,106,31,159,76,10,86,245
04/25/2005,CLL,TX,ASW,CE,Federal Contract Tower,0,26,28,6,60,0,0,25,4,29,0,26,53,10,89,54,22,76,165
04/26/2005,CLL,TX,ASW,CE,Federal Contract Tower,0,20,28,14,62,0,0,74,9,83,0,20,102,23,145,42,36,78,223
04/27/2005,CLL,TX,ASW,CE,Federal Contract Tower,0,25,8,8,41,0,0,75,0,75,0,25,83,8,116,36,2,38,154
04/28/2005,CLL,TX,ASW,CE,Federal Contract Tower,0,27,23,5,55,0,0,31,7,38,0,27,54,12,93,10,4,14,107
04/29/2005,CLL,TX,ASW,CE,Federal Contract Tower,0,19,29,21,69,0,0,40,18,58,0,19,69,39,127,72,30,102,229
04/30/2005,CLL,TX,ASW,CE,Federal Contract Tower,0,14,15,14,43,1,0,42,8,51,1,14,57,22,94,64,24,88,182
05/01/2005,CLL,TX,ASW,CE,Federal Contract Tower,0,21,9,2,32,0,0,86,8,94,0,21,95,10,126,24,0,24,150
05/02/2005,CLL,TX,ASW,CE,Federal Contract Tower,0,22,14,16,52,0,0,62,14,76,0,22,76,30,128,12,54,66,194
05/03/2005,CLL,TX,ASW,CE,Federal Contract Tower,0,20,8,18,46,0,0,81,16,97,0,20,89,34,143,62,26,88,231
05/04/2005,CLL,TX,ASW,CE,Federal Contract Tower,0,22,21,18,61,0,0,38,27,65,0,22,59,45,126,4,36,40,166
05/05/2005,CLL,TX,ASW,CE,Federal Contract Tower,0,22,15,8,45,0,3,69,16,88,0,25,84,24,133,18,48,66,199
05/06/2005,CLL,TX,ASW,CE,Federal Contract Tower,0,23,19,21,63,0,0,89,9,98,0,23,108,30,161,52,34,86,247
05/07/2005,CLL,TX,ASW,CE,Federal Contract Tower,0,15,13,4,32,0,0,77,5,82,0,15,90,9,114,46,20,66,180
05/08/2005,CLL,TX,ASW,CE,Federal Contract Tower,0,22,6,0,28,0,0,4,0,4,0,22,10,0,32,0,0,0,32
05/09/2005,CLL,TX,ASW,CE,Federal Contract Tower,0,20,27,11,58,0,0,21,2,23,0,20,48,13,81,12,0,12,93
05/10/2005,CLL,TX,ASW,CE,Federal Contract Tower,0,20,16,33,69,0,0,39,17,56,0,20,55,50,125,22,54,76,201
05/11/2005,CLL,TX,ASW,CE,Federal Contract Tower,0,22,16,5,43,0,0,38,6,44,0,22,54,11,87,46,0,46,133
05/12/2005,CLL,TX,ASW,CE,Federal Contract Tower,0,22,25,11,58,0,0,69,19,88,0,22,94,30,146,96,28,124,270
05/13/2005,CLL,TX,ASW,CE,Federal Contract Tower,0,20,26,14,60,0,0,67,35,102,0,20,93,49,162,80,36,116,278
05/14/2005,CLL,TX,ASW,CE,Federal Contract Tower,0,17,27,18,62,0,0,66,0,66,0,17,93,18,128,74,78,152,280
05/15/2005,CLL,TX,ASW,CE,Federal Contract Tower,0,20,17,4,41,0,0,53,8,61,0,20,70,12,102,32,0,32,134
05/16/2005,CLL,TX,ASW,CE,Federal Contract Tower,0,22,12,12,46,0,0,32,10,42,0,22,44,22,88,34,6,40,128
05/17/2005,CLL,TX,ASW,CE,Federal Contract Tower,0,18,10,22,50,0,0,57,20,77,0,18,67,42,127,34,40,74,201
05/18/2005,CLL,TX,ASW,CE,Federal Contract Tower,0,22,24,20,66,0,0,33,18,51,0,22,57,38,117,4,18,22,139
05/19/2005,CLL,TX,ASW,CE,Federal Contract Tower,0,22,28,25,75,0,0,60,18,78,0,22,88,43,153,114,16,130,283
05/20/2005,CLL,TX,ASW,CE,Federal Contract Tower,0,24,21,21,66,0,0,104,26,130,0,24,125,47,196,136,42,178,374
05/21/2005,CLL,TX,ASW,CE,Federal Contract Tower,0,17,12,26,55,0,0,107,7,114,0,17,119,33,169,4,96,100,269
05/22/2005,CLL,TX,ASW,CE,Federal Contract Tower,0,18,14,3,35,0,0,63,1,64,0,18,77,4,99,46,0,46,145
05/23/2005,CLL,TX,ASW,CE,Federal Contract Tower,0,23,6,12,41,0,1,58,9,68,0,24,64,21,109,24,8,32,141
05/24/2005,CLL,TX,ASW,CE,Federal Contract Tower,0,20,27,11,58,0,0,51,15,66,0,20,78,26,124,26,4,30,154
05/25/2005,CLL,TX,ASW,CE,Federal Contract Tower,0,32,13,9,54,0,0,70,13,83,0,32,83,22,137,36,4,40,177
05/26/2005,CLL,TX,ASW,CE,Federal Contract Tower,0,22,23,13,58,0,0,31,5,36,0,22,54,18,94,10,30,40,134
05/27/2005,CLL,TX,ASW,CE,Federal Contract Tower,0,22,20,2,44,0,0,57,8,65,0,22,77,10,109,56,0,56,165
05/28/2005,CLL,TX,ASW,CE,Federal Contract Tower,0,13,6,0,19,0,0,22,0,22,0,13,28,0,41,38,0,38,79
05/29/2005,CLL,TX,ASW,CE,Federal Contract Tower,0,14,6,0,20,0,0,35,0,35,0,14,41,0,55,56,0,56,111
05/30/2005,CLL,TX,ASW,CE,Federal Contract Tower,0,21,10,1,32,0,0,26,0,26,0,21,36,1,58,38,0,38,96
05/31/2005,CLL,TX,ASW,CE,Federal Contract Tower,0,22,13,17,52,0,0,57,31,88,0,22,70,48,140,70,14,84,224
06/01/2005,CLL,TX,ASW,CE,Federal Contract Tower,0,23,13,15,51,0,0,41,14,55,0,23,54,29,106,52,10,62,168
06/02/2005,CLL,TX,ASW,CE,Federal Contract Tower,0,20,5,27,52,0,1,101,17,119,0,21,106,44,171,50,80,130,301
06/03/2005,CLL,TX,ASW,CE,Federal Contract Tower,0,22,20,31,73,0,0,39,13,52,0,22,59,44,125,56,20,76,201
06/04/2005,CLL,TX,ASW,CE,Federal Contract Tower,0,15,14,20,49,0,0,55,11,66,0,15,69,31,115,48,62,110,225
06/05/2005,CLL,TX,ASW,CE,Federal Contract Tower,0,20,14,32,66,0,0,63,22,85,0,20,77,54,151,28,12,40,191
06/06/2005,CLL,TX,ASW,CE,Federal Contract Tower,0,24,22,18,64,0,0,53,13,66,0,24,75,31,130,52,16,68,198
06/07/2005,CLL,TX,ASW,CE,Federal Contract Tower,0,20,18,16,54,0,0,66,16,82,0,20,84,32,136,14,10,24,160
06/08/2005,CLL,TX,ASW,CE,Federal Contract Tower,0,20,16,22,58,0,0,59,48,107,0,20,75,70,165,48,82,130,295
06/09/2005,CLL,TX,ASW,CE,Federal Contract Tower,0,24,11,10,45,0,0,54,15,69,0,24,65,25,114,46,34,80,194
06/10/2005,CLL,TX,ASW,CE,Federal Contract Tower,0,24,13,31,68,0,0,79,41,120,0,24,92,72,188,36,68,104,292
06/11/2005,CLL,TX,ASW,CE,Federal Contract Tower,0,15,16,14,45,0,0,80,21,101,0,15,96,35,146,30,62,92,238
06/12/2005,CLL,TX,ASW,CE,Federal Contract Tower,0,19,11,4,34,0,0,53,11,64,0,19,64,15,98,46,0,46,144
06/13/2005,CLL,TX,ASW,CE,Federal Contract Tower,0,23,17,15,55,0,0,43,25,68,0,23,60,40,123,42,10,52,175
06/14/2005,CLL,TX,ASW,CE,Federal Contract Tower,0,17,7,28,52,0,1,67,21,89,0,18,74,49,141,34,16,50,191
06/15/2005,CLL,TX,ASW,CE,Federal Contract Tower,0,22,19,23,64,0,0,70,37,107,0,22,89,60,171,44,44,88,259
06/16/2005,CLL,TX,ASW,CE,Federal Contract Tower,0,26,13,20,59,0,0,65,11,76,0,26,78,31,135,70,60,130,265
06/17/2005,CLL,TX,ASW,CE,Federal Contract Tower,0,24,31,9,64,0,0,72,13,85,0,24,103,22,149,54,20,74,223
06/18/2005,CLL,TX,ASW,CE,Federal Contract Tower,0,15,13,6,34,0,0,64,8,72,0,15,77,14,106,10,6,16,122
06/19/2005,CLL,TX,ASW,CE,Federal Contract Tower,0,24,15,19,58,0,0,66,9,75,0,24,81,28,133,38,4,42,175
06/20/2005,CLL,TX,ASW,CE,Federal Contract Tower,0,24,11,37,72,0,0,61,23,84,0,24,72,60,156,58,58,116,272
06/21/2005,CLL,TX,ASW,CE,Federal Contract Tower,0,21,13,34,68,0,0,40,30,70,0,21,53,64,138,10,60,70,208
06/22/2005,CLL,TX,ASW,CE,Federal Contract Tower,0,24,13,8,45,0,0,92,8,100,0,24,105,16,145,82,38,120,265
06/23/2005,CLL,TX,ASW,CE,Federal Contract Tower,0,22,25,25,72,0,0,73,22,95,0,22,98,47,167,22,30,52,219
06/24/2005,CLL,TX,ASW,CE,Federal Contract Tower,0,19,21,10,50,0,0,99,25,124,0,19,120,35,174,56,90,146,320
06/25/2005,CLL,TX,ASW,CE,Federal Contract Tower,0,15,14,4,33,0,0,46,4,50,0,15,60,8,83,18,20,38,121
06/26/2005,CLL,TX,ASW,CE,Federal Contract Tower,0,22,20,6,48,0,0,70,16,86,0,22,90,22,134,46,2,48,182
06/27/2005,CLL,TX,ASW,CE,Federal Contract Tower,0,22,19,24,65,0,0,55,25,80,0,22,74,49,145,90,12,102,247
06/28/2005,CLL,TX,ASW,CE,Federal Contract Tower,0,24,9,23,56,0,0,85,7,92,0,24,94,30,148,0,68,68,216
06/29/2005,CLL,TX,ASW,CE,Federal Contract Tower,0,24,9,24,57,0,0,59,23,82,0,24,68,47,139,22,38,60,199
06/30/2005,CLL,TX,ASW,CE,Federal Contract Tower,0,24,27,26,77,0,0,48,20,68,0,24,75,46,145,52,38,90,235
07/01/2005,CLL,TX,ASW,CE,Federal Contract Tower,0,21,19,0,40,0,0,60,0,60,0,21,79,0,100,66,0,66,166
07/02/2005,CLL,TX,ASW,CE,Federal Contract Tower,0,14,10,0,24,0,0,45,2,47,0,14,55,2,71,6,0,6,77
07/03/2005,CLL,TX,ASW,CE,Federal Contract Tower,0,13,10,2,25,0,0,39,0,39,0,13,49,2,64,2,0,2,66
07/04/2005,CLL,TX,ASW,CE,Federal Contract Tower,0,16,7,2,25,0,0,26,4,30,0,16,33,6,55,0,0,0,55
07/05/2005,CLL,TX,ASW,CE,Federal Contract Tower,0,20,12,15,47,0,0,52,19,71,0,20,64,34,118,72,90,162,280
07/06/2005,CLL,TX,ASW,CE,Federal Contract Tower,0,26,19,17,62,0,0,48,13,61,0,26,67,30,123,20,22,42,165
07/07/2005,CLL,TX,ASW,CE,Federal Contract Tower,0,27,20,25,72,0,0,41,3,44,0,27,61,28,116,24,42,66,182
07/08/2005,CLL,TX,ASW,CE,Federal Contract Tower,0,18,20,30,68,0,0,89,31,120,0,18,109,61,188,40,62,102,290
07/09/2005,CLL,TX,ASW,CE,Federal Contract Tower,0,17,18,29,64,0,0,58,32,90,0,17,76,61,154,46,92,138,292
07/10/2005,CLL,TX,ASW,CE,Federal Contract Tower,0,18,15,29,62,0,0,67,17,84,0,18,82,46,146,54,22,76,222
07/11/2005,CLL,TX,ASW,CE,Federal Contract Tower,0,29,17,46,92,0,0,50,20,70,0,29,67,66,162,16,24,40,202
07/12/2005,CLL,TX,ASW,CE,Federal Contract Tower,0,20,6,13,39,0,0,51,10,61,0,20,57,23,100,42,10,52,152
07/13/2005,CLL,TX,ASW,CE,Federal Contract Tower,0,29,19,21,69,0,0,50,17,67,0,29,69,38,136,50,30,80,216
07/14/2005,CLL,TX,ASW,CE,Federal Contract Tower,0,26,19,2,47,0,0,34,10,44,0,26,53,12,91,0,20,20,111
07/15/2005,CLL,TX,ASW,CE,Federal Contract Tower,0,23,25,16,64,0,0,39,19,58,0,23,64,35,122,4,14,18,140
07/16/2005,CLL,TX,ASW,CE,Federal Contract Tower,0,15,13,0,28,0,0,28,1,29,0,15,41,1,57,36,4,40,97
07/17/2005,CLL,TX,ASW,CE,Federal Contract Tower,0,26,7,7,40,0,0,11,2,13,0,26,18,9,53,0,12,12,65
07/18/2005,CLL,TX,ASW,CE,Federal Contract Tower,0,27,17,9,53,0,0,34,5,39,0,27,51,14,92,16,0,16,108
07/19/2005,CLL,TX,ASW,CE,Federal Contract Tower,0,22,9,16,47,0,0,65,14,79,0,22,74,30,126,62,0,62,188
07/20/2005,CLL,TX,ASW,CE,Federal Contract Tower,0,28,36,10,74,0,0,45,4,49,0,28,81,14,123,28,26,54,177
07/21/2005,CLL,TX,ASW,CE,Federal Contract Tower,0,22,35,16,73,0,0,40,12,52,0,22,75,28,125,42,8,50,175
07/22/2005,CLL,TX,ASW,CE,Federal Contract Tower,0,31,29,21,81,0,0,58,25,83,0,31,87,46,164,80,22,102,266
07/23/2005,CLL,TX,ASW,CE,Federal Contract Tower,0,15,21,9,45,0,0,58,2,60,0,15,79,11,105,130,8,138,243
07/24/2005,CLL,TX,ASW,CE,Federal Contract Tower,0,20,17,22,59,0,0,72,27,99,0,20,89,49,158,38,48,86,244
07/25/2005,CLL,TX,ASW,CE,Federal Contract Tower,0,22,24,24,70,0,0,57,7,64,0,22,81,31,134,14,20,34,168
07/26/2005,CLL,TX,ASW,CE,Federal Contract Tower,0,22,24,13,59,0,1,70,23,94,0,23,94,36,153,72,10,82,235
07/27/2005,CLL,TX,ASW,CE,Federal Contract Tower,0,21,16,9,46,0,0,41,12,53,0,21,57,21,99,32,14,46,145
07/28/2005,CLL,TX,ASW,CE,Federal Contract Tower,0,24,14,23,61,0,0,62,30,92,0,24,76,53,153,46,32,78,231
07/29/2005,CLL,TX,ASW,CE,Federal Contract Tower,0,17,15,9,41,0,0,65,10,75,0,17,80,19,116,46,32,78,194
07/30/2005,CLL,TX,ASW,CE,Federal Contract Tower,0,15,11,9,35,0,0,72,6,78,0,15,83,15,113,48,30,78,191
07/31/2005,CLL,TX,ASW,CE,Federal Contract Tower,0,20,10,5,35,0,0,62,6,68,0,20,72,11,103,22,0,22,125
08/01/2005,CLL,TX,ASW,CE,Federal Contract Tower,0,22,21,11,54,0,0,39,8,47,0,22,60,19,101,20,0,20,121
08/02/2005,CLL,TX,ASW,CE,Federal Contract Tower,0,24,23,21,68,0,0,61,17,78,0,24,84,38,146,34,0,34,180
08/03/2005,CLL,TX,ASW,CE,Federal Contract Tower,0,22,19,22,63,0,0,59,19,78,0,22,78,41,141,92,10,102,243
08/04/2005,CLL,TX,ASW,CE,Federal Contract Tower,0,19,9,20,48,0,0,48,22,70,0,19,57,42,118,84,10,94,212
08/05/2005,CLL,TX,ASW,CE,Federal Contract Tower,0,19,16,10,45,0,0,75,13,88,0,19,91,23,133,108,30,138,271
08/06/2005,CLL,TX,ASW,CE,Federal Contract Tower,0,17,11,15,43,0,0,59,23,82,0,17,70,38,125,122,78,200,325
08/07/2005,CLL,TX,ASW,CE,Federal Contract Tower,0,19,4,4,27,0,0,72,2,74,0,19,76,6,101,36,0,36,137
08/08/2005,CLL,TX,ASW,CE,Federal Contract Tower,0,24,14,9,47,0,0,33,2,35,0,24,47,11,82,2,4,6,88
08/09/2005,CLL,TX,ASW,CE,Federal Contract Tower,0,20,25,0,45,0,0,31,0,31,0,20,56,0,76,14,0,14,90
08/10/2005,CLL,TX,ASW,CE,Federal Contract Tower,0,24,13,0,37,0,0,12,1,13,0,24,25,1,50,14,0,14,64
08/11/2005,CLL,TX,ASW,CE,Federal Contract Tower,0,24,17,12,53,0,0,76,6,82,0,24,93,18,135,52,22,74,209
08/12/2005,CLL,TX,ASW,CE,Federal Contract Tower,0,23,21,16,60,0,0,77,14,91,0,23,98,30,151,54,46,100,251
08/13/2005,CLL,TX,ASW,CE,Federal Contract Tower,0,15,14,6,35,0,0,56,25,81,0,15,70,31,116,16,52,68,184
08/14/2005,CLL,TX,ASW,CE,Federal Contract Tower,0,26,14,13,53,0,0,19,5,24,0,26,33,18,77,24,6,30,107
08/15/2005,CLL,TX,ASW,CE,Federal Contract Tower,0,29,21,24,74,0,0,24,17,41,0,29,45,41,115,6,10,16,131
08/16/2005,CLL,TX,ASW,CE,Federal Contract Tower,2,21,15,9,47,0,0,22,11,33,2,21,37,20,80,52,4,56,136
08/17/2005,CLL,TX,ASW,CE,Federal Contract Tower,0,22,23,20,65,0,0,68,30,98,0,22,91,50,163,36,58,94,257
08/18/2005,CLL,TX,ASW,CE,Federal Contract Tower,0,22,10,27,59,0,0,62,28,90,0,22,72,55,149,32,56,88,237
08/19/2005,CLL,TX,ASW,CE,Federal Contract Tower,0,23,9,47,79,0,0,76,23,99,0,23,85,70,178,112,102,214,392
08/20/2005,CLL,TX,ASW,CE,Federal Contract Tower,0,15,14,24,53,0,0,60,13,73,0,15,74,37,126,46,50,96,222
08/21/2005,CLL,TX,ASW,CE,Federal Contract Tower,0,20,18,49,87,0,0,67,12,79,0,20,85,61,166,36,34,70,236
08/22/2005,CLL,TX,ASW,CE,Federal Contract Tower,0,29,15,15,59,0,0,65,13,78,0,29,80,28,137,48,32,80,217
08/23/2005,CLL,TX,ASW,CE,Federal Contract Tower,0,18,14,24,56,0,0,56,24,80,0,18,70,48,136,18,26,44,180
08/24/2005,CLL,TX,ASW,CE,Federal Contract Tower,0,18,18,39,75,0,0,90,33,123,0,18,108,72,198,40,86,126,324
08/25/2005,CLL,TX,ASW,CE,Federal Contract Tower,0,20,14,29,63,0,0,83,26,109,0,20,97,55,172,98,42,140,312
08/26/2005,CLL,TX,ASW,CE,Federal Contract Tower,0,16,14,46,76,0,0,91,39,130,0,16,105,85,206,88,140,228,434
08/27/2005,CLL,TX,ASW,CE,Federal Contract Tower,0,18,14,24,56,0,0,84,24,108,0,18,98,48,164,34,40,74,238
08/28/2005,CLL,TX,ASW,CE,Federal Contract Tower,0,19,10,13,42,0,0,61,8,69,0,19,71,21,111,70,4,74,185
08/29/2005,CLL,TX,ASW,CE,Federal Contract Tower,0,22,23,15,60,0,0,39,20,59,0,22,62,35,119,64,18,82,201
08/30/2005,CLL,TX,ASW,CE,Federal Contract Tower,0,18,19,25,62,0,0,49,26,75,0,18,68,51,137,12,32,44,181
08/31/2005,CLL,TX,ASW,CE,Federal Contract Tower,0,18,19,26,63,0,0,69,38,107,0,18,88,64,170,62,28,90,260
09/01/2005,CLL,TX,ASW,CE,Federal Contract Tower,0,20,17,36,73,0,0,63,11,74,0,20,80,47,147,56,18,74,221
09/02/2005,CLL,TX,ASW,CE,Federal Contract Tower,2,25,28,21,76,0,0,90,1,91,2,25,118,22,167,56,52,108,275
09/03/2005,CLL,TX,ASW,CE,Federal Contract Tower,0,16,14,0,30,0,0,52,0,52,0,16,66,0,82,34,0,34,116
09/04/2005,CLL,TX,ASW,CE,Federal Contract Tower,0,16,12,0,28,0,0,64,0,64,0,16,76,0,92,84,0,84,176
09/05/2005,CLL,TX,ASW,CE,Federal Contract Tower,0,20,17,0,37,0,0,52,0,52,0,20,69,0,89,22,0,22,111
09/06/2005,CLL,TX,ASW,CE,Federal Contract Tower,0,23,11,6,40,0,0,51,10,61,0,23,62,16,101,12,14,26,127
09/07/2005,CLL,TX,ASW,CE,Federal Contract Tower,0,16,8,17,41,0,0,46,9,55,0,16,54,26,96,8,26,34,130
09/08/2005,CLL,TX,ASW,CE,Federal Contract Tower,0,28,29,18,75,0,11,54,16,81,0,39,83,34,156,14,32,46,202
09/09/2005,CLL,TX,ASW,CE,Federal Contract Tower,0,19,20,18,57,0,0,78,27,105,0,19,98,45,162,84,54,138,300
09/10/2005,CLL,TX,ASW,CE,Federal Contract Tower,0,13,12,6,31,0,0,32,0,32,0,13,44,6,63,38,0,38,101
09/11/2005,CLL,TX,ASW,CE,Federal Contract Tower,0,19,15,4,38,0,0,43,8,51,0,19,58,12,89,34,0,34,123
09/12/2005,CLL,TX,ASW,CE,Federal Contract Tower,0,20,14,22,56,0,0,21,13,34,0,20,35,35,90,30,12,42,132
09/13/2005,CLL,TX,ASW,CE,Federal Contract Tower,0,29,14,29,72,0,0,33,25,58,0,29,47,54,130,46,12,58,188
09/14/2005,CLL,TX,ASW,CE,Federal Contract Tower,0,21,11,18,50,0,0,34,21,55,0,21,45,39,105,46,24,70,175
09/15/2005,CLL,TX,ASW,CE,Federal Contract Tower,0,22,15,17,54,0,0,41,35,76,0,22,56,52,130,18,20,38,168
09/16/2005,CLL,TX,ASW,CE,Federal Contract Tower,0,21,36,9,66,0,0,79,21,100,0,21,115,30,166,40,32,72,238
09/17/2005,CLL,TX,ASW,CE,Federal Contract Tower,0,13,41,6,60,0,0,152,13,165,0,13,193,19,225,10,2,12,237
09/18/2005,CLL,TX,ASW,CE,Federal Contract Tower,0,18,20,16,54,0,0,66,14,80,0,18,86,30,134,12,12,24,158
09/19/2005,CLL,TX,ASW,CE,Federal Contract Tower,0,21,9,15,45,0,0,34,12,46,0,21,43,27,91,4,2,6,97
09/20/2005,CLL,TX,ASW,CE,Federal Contract Tower,0,23,19,19,61,0,0,56,18,74,0,23,75,37,135,30,18,48,183
09/21/2005,CLL,TX,ASW,CE,Federal Contract Tower,0,19,25,7,51,0,0,67,30,97,0,19,92,37,148,36,28,64,212
09/22/2005,CLL,TX,ASW,CE,Federal Contract Tower,0,30,56,9,95,0,0,121,20,141,0,30,177,29,236,0,12,12,248
09/23/2005,CLL,TX,ASW,CE,Federal Contract Tower,0,17,12,6,35,0,0,28,3,31,0,17,40,9,66,8,0,8,74
09/24/2005,CLL,TX,ASW,CE,Federal Contract Tower,0,0,6,0,6,0,0,13,3,16,0,0,19,3,22,0,0,0,22
09/25/2005,CLL,TX,ASW,CE,Federal Contract Tower,0,16,19,2,37,0,0,56,3,59,0,16,75,5,96,0,0,0,96
09/26/2005,CLL,TX,ASW,CE,Federal Contract Tower,0,22,8,8,38,0,0,63,17,80,0,22,71,25,118,34,16,50,168
09/27/2005,CLL,TX,ASW,CE,Federal Contract Tower,0,19,11,11,41,0,0,46,18,64,0,19,57,29,105,34,22,56,161
09/28/2005,CLL,TX,ASW,CE,Federal Contract Tower,0,21,14,10,45,0,0,54,13,67,0,21,68,23,112,4,10,14,126
09/29/2005,CLL,TX,ASW,CE,Federal Contract Tower,0,22,22,14,58,0,0,35,13,48,0,22,57,27,106,28,0,28,134
09/30/2005,CLL,TX,ASW,CE,Federal Contract Tower,0,22,40,3,65,0,0,114,0,114,0,22,154,3,179,64,0,64,243
10/01/2005,CLL,TX,ASW,CE,Federal Contract Tower,0,15,76,1,92,0,0,77,8,85,0,15,153,9,177,6,0,6,183
10/02/2005,CLL,TX,ASW,CE,Federal Contract Tower,0,20,21,0,41,0,0,68,0,68,0,20,89,0,109,30,0,30,139
10/03/2005,CLL,TX,ASW,CE,Federal Contract Tower,0,19,15,16,50,0,0,42,7,49,0,19,57,23,99,24,10,34,133
10/04/2005,CLL,TX,ASW,CE,Federal Contract Tower,0,17,12,15,44,0,0,34,22,56,0,17,46,37,100,10,28,38,138
10/05/2005,CLL,TX,ASW,CE,Federal Contract Tower,0,19,21,32,72,0,0,70,26,96,0,19,91,58,168,6,4,10,178
10/06/2005,CLL,TX,ASW,CE,Federal Contract Tower,0,19,17,33,69,0,0,50,29,79,0,19,67,62,148,38,74,112,260
10/07/2005,CLL,TX,ASW,CE,Federal Contract Tower,2,22,31,32,87,0,0,66,3,69,2,22,97,35,156,32,0,32,188
10/08/2005,CLL,TX,ASW,CE,Federal Contract Tower,0,13,14,4,31,0,0,43,6,49,0,13,57,10,80,14,10,24,104
10/09/2005,CLL,TX,ASW,CE,Federal Contract Tower,0,19,9,13,41,0,0,95,18,113,0,19,104,31,154,26,8,34,188
10/10/2005,CLL,TX,ASW,CE,Federal Contract Tower,0,17,13,16,46,0,0,7,5,12,0,17,20,21,58,0,0,0,58
10/11/2005,CLL,TX,ASW,CE,Federal Contract Tower,0,22,22,3,47,0,1,7,1,9,0,23,29,4,56,0,0,0,56
10/12/2005,CLL,TX,ASW,CE,Federal Contract Tower,0,19,20,15,54,0,0,59,6,65,0,19,79,21,119,34,12,46,165
10/13/2005,CLL,TX,ASW,CE,Federal Contract Tower,0,24,22,16,62,0,0,59,17,76,0,24,81,33,138,14,36,50,188
10/14/2005,CLL,TX,ASW,CE,Federal Contract Tower,1,19,16,8,44,0,0,115,39,154,1,19,131,47,198,24,88,112,310
10/15/2005,CLL,TX,ASW,CE,Federal Contract Tower,1,17,49,0,67,0,0,117,0,117,1,17,166,0,184,32,0,32,216
10/16/2005,CLL,TX,ASW,CE,Federal Contract Tower,0,19,33,20,72,0,0,100,5,105,0,19,133,25,177,24,8,32,209
10/17/2005,CLL,TX,ASW,CE,Federal Contract Tower,0,20,9,10,39,0,0,32,7,39,0,20,41,17,78,36,14,50,128
10/18/2005,CLL,TX,ASW,CE,Federal Contract Tower,0,23,16,29,68,0,0,71,17,88,0,23,87,46,156,40,64,104,260
10/19/2005,CLL,TX,ASW,CE,Federal Contract Tower,0,19,25,17,61,0,0,61,18,79,0,19,86,35,140,92,26,118,258
10/20/2005,CLL,TX,ASW,CE,Federal Contract Tower,0,21,13,25,59,0,0,63,24,87,0,21,76,49,146,34,80,114,260
10/21/2005,CLL,TX,ASW,CE,Federal Contract Tower,4,19,23,28,74,0,0,95,35,130,4,19,118,63,204,24,46,70,274
10/22/2005,CLL,TX,ASW,CE,Federal Contract Tower,1,13,13,14,41,0,0,69,22,91,1,13,82,36,132,12,4,16,148
10/23/2005,CLL,TX,ASW,CE,Federal Contract Tower,3,15,16,16,50,0,0,80,16,96,3,15,96,32,146,28,0,28,174
10/24/2005,CLL,TX,ASW,CE,Federal Contract Tower,0,19,11,11,41,0,0,45,15,60,0,19,56,26,101,24,10,34,135
10/25/2005,CLL,TX,ASW,CE,Federal Contract Tower,0,16,13,13,42,0,0,69,5,74,0,16,82,18,116,50,14,64,180
10/26/2005,CLL,TX,ASW,CE,Federal Contract Tower,0,20,8,21,49,0,0,66,22,88,0,20,74,43,137,38,80,118,255
10/27/2005,CLL,TX,ASW,CE,Federal Contract Tower,0,24,22,13,59,0,0,62,13,75,0,24,84,26,134,26,22,48,182
10/28/2005,CLL,TX,ASW,CE,Federal Contract Tower,2,20,26,20,68,0,0,112,20,132,2,20,138,40,200,28,66,94,294
10/29/2005,CLL,TX,ASW,CE,Federal Contract Tower,2,12,31,17,62,0,0,119,7,126,2,12,150,24,188,16,24,40,228
10/30/2005,CLL,TX,ASW,CE,Federal Contract Tower,0,16,20,9,45,0,0,71,28,99,0,16,91,37,144,46,10,56,200
10/31/2005,CLL,TX,ASW,CE,Federal Contract Tower,0,15,12,10,37,0,0,12,4,16,0,15,24,14,53,6,10,16,69
11/01/2005,CLL,TX,ASW,CE,Federal Contract Tower,0,17,15,25,57,0,0,30,21,51,0,17,45,46,108,30,28,58,166
11/02/2005,CLL,TX,ASW,CE,Federal Contract Tower,0,17,12,28,57,0,0,40,38,78,0,17,52,66,135,16,36,52,187
11/03/2005,CLL,TX,ASW,CE,Federal Contract Tower,0,24,14,22,60,0,0,66,33,99,0,24,80,55,159,30,8,38,197
11/04/2005,CLL,TX,ASW,CE,Federal Contract Tower,2,18,29,28,77,0,0,82,7,89,2,18,111,35,166,44,56,100,266
11/05/2005,CLL,TX,ASW,CE,Federal Contract Tower,0,12,19,19,50,0,0,51,0,51,0,12,70,19,101,16,62,78,179
11/06/2005,CLL,TX,ASW,CE,Federal Contract Tower,0,23,22,17,62,0,0,62,8,70,0,23,84,25,132,18,8,26,158
11/07/2005,CLL,TX,ASW,CE,Federal Contract Tower,0,21,16,23,60,0,0,26,13,39,0,21,42,36,99,10,40,50,149
11/08/2005,CLL,TX,ASW,CE,Federal Contract Tower,1,19,19,19,58,0,0,30,19,49,1,19,49,38,107,14,14,28,135
11/09/2005,CLL,TX,ASW,CE,Federal Contract Tower,0,18,27,11,56,0,0,38,21,59,0,18,65,32,115,12,4,16,131
11/10/2005,CLL,TX,ASW,CE,Federal Contract Tower,0,18,24,25,67,0,0,51,19,70,0,18,75,44,137,10,32,42,179
11/11/2005,CLL,TX,ASW,CE,Federal Contract Tower,2,17,38,8,65,0,0,36,0,36,2,17,74,8,101,56,22,78,179
11/12/2005,CLL,TX,ASW,CE,Federal Contract Tower,2,13,26,8,49,0,0,33,6,39,2,13,59,14,88,54,4,58,146
11/13/2005,CLL,TX,ASW,CE,Federal Contract Tower,0,17,6,9,32,0,0,53,5,58,0,17,59,14,90,16,0,16,106
11/14/2005,CLL,TX,ASW,CE,Federal Contract Tower,0,20,15,6,41,0,0,47,11,58,0,20,62,17,99,40,0,40,139
11/15/2005,CLL,TX,ASW,CE,Federal Contract Tower,0,32,14,6,52,0,0,9,1,10,0,32,23,7,62,6,0,6,68
11/16/2005,CLL,TX,ASW,CE,Federal Contract Tower,0,18,20,20,58,0,0,61,20,81,0,18,81,40,139,36,36,72,211
11/17/2005,CLL,TX,ASW,CE,Federal Contract Tower,0,19,28,12,59,0,0,59,25,84,0,19,87,37,143,20,22,42,185
11/18/2005,CLL,TX,ASW,CE,Federal Contract Tower,0,20,21,32,73,0,0,131,30,161,0,20,152,62,234,50,64,114,348
11/19/2005,CLL,TX,ASW,CE,Federal Contract Tower,0,14,16,10,40,0,0,88,1,89,0,14,104,11,129,40,50,90,219
11/20/2005,CLL,TX,ASW,CE,Federal Contract Tower,0,16,10,13,39,0,0,94,12,106,0,16,104,25,145,44,6,50,195
11/21/2005,CLL,TX,ASW,CE,Federal Contract Tower,0,16,10,11,37,0,2,56,7,65,0,18,66,18,102,30,18,48,150
11/22/2005,CLL,TX,ASW,CE,Federal Contract Tower,0,20,19,22,61,0,0,75,22,97,0,20,94,44,158,22,14,36,194
11/23/2005,CLL,TX,ASW,CE,Federal Contract Tower,0,20,11,12,43,0,0,73,19,92,0,20,84,31,135,50,0,50,185
11/24/2005,CLL,TX,ASW,CE,Federal Contract Tower,0,12,14,0,26,0,0,29,1,30,0,12,43,1,56,8,0,8,64
11/25/2005,CLL,TX,ASW,CE,Federal Contract Tower,0,13,99,0,112,0,0,50,8,58,0,13,149,8,170,12,0,12,182
11/26/2005,CLL,TX,ASW,CE,Federal Contract Tower,0,18,16,3,37,0,0,9,0,9,0,18,25,3,46,8,0,8,54
11/27/2005,CLL,TX,ASW,CE,Federal Contract Tower,0,21,17,2,40,0,0,36,4,40,0,21,53,6,80,6,0,6,86
11/28/2005,CLL,TX,ASW,CE,Federal Contract Tower,0,19,15,21,55,0,0,32,11,43,0,19,47,32,98,8,10,18,116
11/29/2005,CLL,TX,ASW,CE,Federal Contract Tower,0,21,12,18,51,0,0,45,18,63,0,21,57,36,114,18,32,50,164
11/30/2005,CLL,TX,ASW,CE,Federal Contract Tower,0,18,18,19,55,0,0,66,9,75,0,18,84,28,130,20,32,52,182
12/01/2005,CLL,TX,ASW,CE,Federal Contract Tower,0,18,23,20,61,0,0,49,24,73,0,18,72,44,134,24,24,48,182
12/02/2005,CLL,TX,ASW,CE,Federal Contract Tower,0,21,32,20,73,0,0,70,22,92,0,21,102,42,165,78,28,106,271
12/03/2005,CLL,TX,ASW,CE,Federal Contract Tower,0,17,10,25,52,0,0,57,22,79,0,17,67,47,131,22,38,60,191
12/04/2005,CLL,TX,ASW,CE,Federal Contract Tower,0,17,22,25,64,0,0,21,14,35,0,17,43,39,99,32,8,40,139
12/05/2005,CLL,TX,ASW,CE,Federal Contract Tower,0,18,7,15,40,0,0,45,12,57,0,18,52,27,97,12,12,24,121
12/06/2005,CLL,TX,ASW,CE,Federal Contract Tower,0,16,13,26,55,0,0,43,26,69,0,16,56,52,124,48,70,118,242
12/07/2005,CLL,TX,ASW,CE,Federal Contract Tower,0,13,21,3,37,0,0,3,1,4,0,13,24,4,41,0,0,0,41
12/08/2005,CLL,TX,ASW,CE,Federal Contract Tower,0,17,16,22,55,0,0,11,10,21,0,17,27,32,76,0,0,0,76
12/09/2005,CLL,TX,ASW,CE,Federal Contract Tower,0,17,24,20,61,0,0,55,24,79,0,17,79,44,140,16,58,74,214
12/10/2005,CLL,TX,ASW,CE,Federal Contract Tower,0,12,19,7,38,0,0,54,2,56,0,12,73,9,94,38,20,58,152
12/11/2005,CLL,TX,ASW,CE,Federal Contract Tower,0,17,9,9,35,0,0,68,2,70,0,17,77,11,105,78,4,82,187
12/12/2005,CLL,TX,ASW,CE,Federal Contract Tower,0,24,14,23,61,0,0,72,14,86,0,24,86,37,147,30,14,44,191
12/13/2005,CLL,TX,ASW,CE,Federal Contract Tower,0,22,18,35,75,0,1,43,10,54,0,23,61,45,129,60,12,72,201
12/14/2005,CLL,TX,ASW,CE,Federal Contract Tower,0,34,30,12,76,0,0,17,0,17,0,34,47,12,93,10,0,10,103
12/15/2005,CLL,TX,ASW,CE,Federal Contract Tower,0,18,12,8,38,0,0,78,5,83,0,18,90,13,121,14,0,14,135
12/16/2005,CLL,TX,ASW,CE,Federal Contract Tower,0,17,24,19,60,0,0,57,15,72,0,17,81,34,132,40,30,70,202
12/17/2005,CLL,TX,ASW,CE,Federal Contract Tower,0,12,23,7,42,0,0,21,14,35,0,12,44,21,77,10,6,16,93
12/18/2005,CLL,TX,ASW,CE,Federal Contract Tower,0,17,6,11,34,0,0,72,5,77,0,17,78,16,111,36,0,36,147
12/19/2005,CLL,TX,ASW,CE,Federal Contract Tower,0,17,13,35,65,0,0,59,21,80,0,17,72,56,145,86,76,162,307
12/20/2005,CLL,TX,ASW,CE,Federal Contract Tower,0,16,13,32,61,0,0,37,7,44,0,16,50,39,105,60,56,116,221
12/21/2005,CLL,TX,ASW,CE,Federal Contract Tower,0,18,17,20,55,0,0,44,16,60,0,18,61,36,115,18,8,26,141
12/22/2005,CLL,TX,ASW,CE,Federal Contract Tower,0,17,17,15,49,0,0,51,4,55,0,17,68,19,104,46,32,78,182
12/23/2005,CLL,TX,ASW,CE,Federal Contract Tower,0,20,5,2,27,0,0,45,0,45,0,20,50,2,72,36,0,36,108
12/24/2005,CLL,TX,ASW,CE,Federal Contract Tower,0,11,2,0,13,0,0,26,0,26,0,11,28,0,39,14,0,14,53
12/25/2005,CLL,TX,ASW,CE,Federal Contract Tower,0,15,3,0,18,0,0,22,0,22,0,15,25,0,40,0,0,0,40
12/26/2005,CLL,TX,ASW,CE,Federal Contract Tower,0,18,16,0,34,0,0,39,0,39,0,18,55,0,73,26,0,26,99
12/27/2005,CLL,TX,ASW,CE,Federal Contract Tower,0,20,6,0,26,0,0,19,0,19,0,20,25,0,45,60,0,60,105
12/28/2005,CLL,TX,ASW,CE,Federal Contract Tower,0,22,14,16,52,0,0,38,6,44,0,22,52,22,96,18,2,20,116
12/29/2005,CLL,TX,ASW,CE,Federal Contract Tower,0,18,14,5,37,0,0,48,1,49,0,18,62,6,86,36,0,36,122
12/30/2005,CLL,TX,ASW,CE,Federal Contract Tower,0,21,17,0,38,0,0,45,0,45,0,21,62,0,83,40,0,40,123
12/31/2005,CLL,TX,ASW,CE,Federal Contract Tower,0,11,3,0,14,0,0,41,0,41,0,11,44,0,55,32,0,32,87
01/01/2006,CLL,TX,ASW,CE,Federal Contract Tower,0,16,6,0,22,0,0,10,0,10,0,16,16,0,32,0,0,0,32
01/02/2006,CLL,TX,ASW,CE,Federal Contract Tower,0,17,13,0,30,0,0,46,0,46,0,17,59,0,76,14,0,14,90
01/03/2006,CLL,TX,ASW,CE,Federal Contract Tower,0,18,8,4,30,0,0,26,0,26,0,18,34,4,56,2,8,10,66
01/04/2006,CLL,TX,ASW,CE,Federal Contract Tower,0,16,18,17,51,0,0,55,2,57,0,16,73,19,108,12,30,42,150
01/05/2006,CLL,TX,ASW,CE,Federal Contract Tower,0,18,22,13,53,0,0,54,23,77,0,18,76,36,130,24,12,36,166
01/06/2006,CLL,TX,ASW,CE,Federal Contract Tower,0,17,16,14,47,0,0,68,42,110,0,17,84,56,157,26,38,64,221
01/07/2006,CLL,TX,ASW,CE,Federal Contract Tower,0,13,19,8,40,0,0,83,13,96,0,13,102,21,136,26,58,84,220
01/08/2006,CLL,TX,ASW,CE,Federal Contract Tower,0,17,3,18,38,0,0,45,6,51,0,17,48,24,89,0,22,22,111
01/09/2006,CLL,TX,ASW,CE,Federal Contract Tower,0,16,10,10,36,0,0,31,6,37,0,16,41,16,73,2,2,4,77
01/10/2006,CLL,TX,ASW,CE,Federal Contract Tower,0,18,19,23,60,0,0,50,16,66,0,18,69,39,126,34,66,100,226
01/11/2006,CLL,TX,ASW,CE,Federal Contract Tower,0,17,14,30,61,0,0,44,16,60,0,17,58,46,121,46,24,70,191
01/12/2006,CLL,TX,ASW,CE,Federal Contract Tower,0,19,22,13,54,0,0,19,1,20,0,19,41,14,74,18,36,54,128
01/13/2006,CLL,TX,ASW,CE,Federal Contract Tower,0,18,11,12,41,0,0,58,30,88,0,18,69,42,129,24,12,36,165
01/14/2006,CLL,TX,ASW,CE,Federal Contract Tower,0,12,11,3,26,0,0,93,7,100,0,12,104,10,126,62,20,82,208
01/15/2006,CLL,TX,ASW,CE,Federal Contract Tower,0,17,11,18,46,0,0,36,23,59,0,17,47,41,105,20,20,40,145
01/16/2006,CLL,TX,ASW,CE,Federal Contract Tower,0,15,17,6,38,0,0,7,1,8,0,15,24,7,46,40,0,40,86
01/17/2006,CLL,TX,ASW,CE,Federal Contract Tower,0,22,14,6,42,0,0,16,12,28,0,22,30,18,70,0,8,8,78
01/18/2006,CLL,TX,ASW,CE,Federal Contract Tower,0,19,15,11,45,0,0,31,9,40,0,19,46,20,85,4,32,36,121
01/19/2006,CLL,TX,ASW,CE,Federal Contract Tower,0,18,10,16,44,0,0,33,18,51,0,18,43,34,95,0,12,12,107
01/20/2006,CLL,TX,ASW,CE,Federal Contract Tower,0,21,20,12,53,0,0,35,10,45,0,21,55,22,98,28,30,58,156
01/21/2006,CLL,TX,ASW,CE,Federal Contract Tower,0,13,20,8,41,0,0,80,11,91,0,13,100,19,132,16,38,54,186
01/22/2006,CLL,TX,ASW,CE,Federal Contract Tower,0,24,3,0,27,0,0,0,0,0,0,24,3,0,27,0,0,0,27
01/23/2006,CLL,TX,ASW,CE,Federal Contract Tower,0,23,20,11,54,0,0,20,9,29,0,23,40,20,83,0,4,4,87
01/24/2006,CLL,TX,ASW,CE,Federal Contract Tower,2,22,28,24,76,0,0,43,8,51,2,22,71,32,127,24,2,26,153
01/25/2006,CLL,TX,ASW,CE,Federal Contract Tower,0,19,23,31,73,0,0,60,25,85,0,19,83,56,158,92,60,152,310
01/26/2006,CLL,TX,ASW,CE,Federal Contract Tower,0,19,15,41,75,0,0,61,9,70,0,19,76,50,145,24,22,46,191
01/27/2006,CLL,TX,ASW,CE,Federal Contract Tower,0,21,24,49,94,0,0,45,45,90,0,21,69,94,184,10,188,198,382
01/28/2006,CLL,TX,ASW,CE,Federal Contract Tower,0,10,11,4,25,0,0,5,1,6,0,10,16,5,31,6,0,6,37
01/29/2006,CLL,TX,ASW,CE,Federal Contract Tower,0,38,17,3,58,0,0,98,2,100,0,38,115,5,158,64,2,66,224
01/30/2006,CLL,TX,ASW,CE,Federal Contract Tower,0,24,3,12,39,0,0,58,17,75,0,24,61,29,114,20,28,48,162
01/31/2006,CLL,TX,ASW,CE,Federal Contract Tower,0,20,7,37,64,0,0,64,38,102,0,20,71,75,166,46,34,80,246
02/01/2006,CLL,TX,ASW,CE,Federal Contract Tower,0,19,14,3,36,0,0,8,1,9,0,19,22,4,45,2,0,2,47
02/02/2006,CLL,TX,ASW,CE,Federal Contract Tower,0,21,18,40,79,0,0,74,28,102,0,21,92,68,181,24,42,66,247
02/03/2006,CLL,TX,ASW,CE,Federal Contract Tower,0,17,24,14,55,0,0,63,29,92,0,17,87,43,147,30,32,62,209
02/04/2006,CLL,TX,ASW,CE,Federal Contract Tower,0,14,13,14,41,0,0,80,12,92,0,14,93,26,133,100,38,138,271
02/05/2006,CLL,TX,ASW,CE,Federal Contract Tower,0,22,16,18,56,0,0,66,6,72,0,22,82,24,128,32,24,56,184
02/06/2006,CLL,TX,ASW,CE,Federal Contract Tower,0,18,9,9,36,0,0,55,8,63,0,18,64,17,99,12,0,12,111
02/07/2006,CLL,TX,ASW,CE,Federal Contract Tower,0,17,9,25,51,0,0,63,39,102,0,17,72,64,153,24,42,66,219
02/08/2006,CLL,TX,ASW,CE,Federal Contract Tower,0,19,15,21,55,0,0,60,27,87,0,19,75,48,142,48,4,52,194
02/09/2006,CLL,TX,ASW,CE,Federal Contract Tower,0,21,18,15,54,0,0,60,21,81,0,21,78,36,135,54,6,60,195
02/10/2006,CLL,TX,ASW,CE,Federal Contract Tower,0,17,24,3,44,0,0,0,0,0,0,17,24,3,44,4,0,4,48
02/11/2006,CLL,TX,ASW,CE,Federal Contract Tower,0,16,14,5,35,0,0,31,10,41,0,16,45,15,76,4,12,16,92
02/12/2006,CLL,TX,ASW,CE,Federal Contract Tower,0,20,11,11,42,0,0,50,11,61,0,20,61,22,103,20,12,32,135
02/13/2006,CLL,TX,ASW,CE,Federal Contract Tower,0,18,7,25,50,0,0,77,21,98,0,18,84,46,148,46,24,70,218
02/14/2006,CLL,TX,ASW,CE,Federal Contract Tower,0,17,7,20,44,0,0,69,0,69,0,17,76,20,113,12,18,30,143
02/15/2006,CLL,TX,ASW,CE,Federal Contract Tower,0,17,19,8,44,0,0,45,10,55,0,17,64,18,99,24,0,24,123
02/16/2006,CLL,TX,ASW,CE,Federal Contract Tower,0,18,17,17,52,0,0,19,13,32,0,18,36,30,84,68,12,80,164
02/17/2006,CLL,TX,ASW,CE,Federal Contract Tower,0,17,27,8,52,0,0,17,5,22,0,17,44,13,74,14,12,26,100
02/18/2006,CLL,TX,ASW,CE,Federal Contract Tower,0,10,17,10,37,0,0,0,0,0,0,10,17,10,37,0,0,0,37
02/19/2006,CLL,TX,ASW,CE,Federal Contract Tower,0,11,8,2,21,0,1,1,0,2,0,12,9,2,23,0,0,0,23
02/20/2006,CLL,TX,ASW,CE,Federal Contract Tower,0,20,23,2,45,0,0,3,0,3,0,20,26,2,48,0,0,0,48
02/21/2006,CLL,TX,ASW,CE,Federal Contract Tower,0,17,15,0,32,0,0,0,0,0,0,17,15,0,32,0,0,0,32
02/22/2006,CLL,TX,ASW,CE,Federal Contract Tower,0,25,29,6,60,0,0,9,9,18,0,25,38,15,78,0,0,0,78
02/23/2006,CLL,TX,ASW,CE,Federal Contract Tower,0,17,22,15,54,0,0,45,5,50,0,17,67,20,104,34,0,34,138
02/24/2006,CLL,TX,ASW,CE,Federal Contract Tower,0,18,22,17,57,0,0,35,5,40,0,18,57,22,97,8,40,48,145
02/25/2006,CLL,TX,ASW,CE,Federal Contract Tower,0,17,14,8,39,0,0,2,0,2,0,17,16,8,41,6,2,8,49
02/26/2006,CLL,TX,ASW,CE,Federal Contract Tower,0,20,8,2,30,0,0,129,8,137,0,20,137,10,167,80,0,80,247
02/27/2006,CLL,TX,ASW,CE,Federal Contract Tower,0,18,12,15,45,0,0,71,8,79,0,18,83,23,124,44,4,48,172
02/28/2006,CLL,TX,ASW,CE,Federal Contract Tower,0,16,14,25,55,0,0,46,13,59,0,16,60,38,114,12,36,48,162
03/01/2006,CLL,TX,ASW,CE,Federal Contract Tower,0,20,24,23,67,0,0,58,11,69,0,20,82,34,136,20,8,28,164
03/02/2006,CLL,TX,ASW,CE,Federal Contract Tower,0,19,17,27,63,0,0,50,27,77,0,19,67,54,140,32,48,80,220
03/03/2006,CLL,TX,ASW,CE,Federal Contract Tower,0,19,21,34,74,0,0,60,40,100,0,19,81,74,174,44,112,156,330
03/04/2006,CLL,TX,ASW,CE,Federal Contract Tower,0,13,9,10,32,0,0,63,5,68,0,13,72,15,100,46,24,70,170
03/05/2006,CLL,TX,ASW,CE,Federal Contract Tower,0,13,21,9,43,0,1,18,11,30,0,14,39,20,73,8,18,26,99
03/06/2006,CLL,TX,ASW,CE,Federal Contract Tower,0,16,6,27,49,0,0,28,11,39,0,16,34,38,88,64,20,84,172
03/07/2006,CLL,TX,ASW,CE,Federal Contract Tower,0,14,20,9,43,0,0,33,10,43,0,14,53,19,86,30,8,38,124
03/08/2006,CLL,TX,ASW,CE,Federal Contract Tower,0,17,21,26,64,0,0,14,12,26,0,17,35,38,90,2,46,48,138
03/09/2006,CLL,TX,ASW,CE,Federal Contract Tower,0,21,17,14,52,0,0,48,17,65,0,21,65,31,117,28,22,50,167
03/10/2006,CLL,TX,ASW,CE,Federal Contract Tower,0,24,28,18,70,0,0,43,13,56,0,24,71,31,126,16,66,82,208
03/11/2006,CLL,TX,ASW,CE,Federal Contract Tower,0,10,12,10,32,0,0,51,1,52,0,10,63,11,84,28,36,64,148
03/12/2006,CLL,TX,ASW,CE,Federal Contract Tower,0,14,18,6,38,0,0,40,11,51,0,14,58,17,89,22,8,30,119
03/13/2006,CLL,TX,ASW,CE,Federal Contract Tower,0,17,15,10,42,0,0,69,6,75,0,17,84,16,117,16,0,16,133
03/14/2006,CLL,TX,ASW,CE,Federal Contract Tower,2,15,12,7,36,0,0,68,7,75,2,15,80,14,111,40,8,48,159
03/15/2006,CLL,TX,ASW,CE,Federal Contract Tower,0,17,11,4,32,0,0,55,1,56,0,17,66,5,88,26,12,38,126
03/16/2006,CLL,TX,ASW,CE,Federal Contract Tower,0,18,16,3,37,0,0,30,6,36,0,18,46,9,73,32,0,32,105
03/17/2006,CLL,TX,ASW,CE,Federal Contract Tower,2,19,21,40,82,0,0,53,39,92,2,19,74,79,174,34,68,102,276
03/18/2006,CLL,TX,ASW,CE,Federal Contract Tower,0,9,14,13,36,0,0,15,0,15,0,9,29,13,51,82,20,102,153
03/19/2006,CLL,TX,ASW,CE,Federal Contract Tower,2,16,24,0,42,0,0,5,0,5,2,16,29,0,47,28,0,28,75
03/20/2006,CLL,TX,ASW,CE,Federal Contract Tower,2,29,6,15,52,0,0,36,17,53,2,29,42,32,105,46,18,64,169
03/21/2006,CLL,TX,ASW,CE,Federal Contract Tower,0,16,13,22,51,0,0,67,22,89,0,16,80,44,140,32,42,74,214
03/22/2006,CLL,TX,ASW,CE,Federal Contract Tower,0,16,22,26,64,0,0,58,20,78,0,16,80,46,142,118,26,144,286
03/23/2006,CLL,TX,ASW,CE,Federal Contract Tower,0,17,28,19,64,0,0,26,6,32,0,17,54,25,96,0,32,32,128
03/24/2006,CLL,TX,ASW,CE,Federal Contract Tower,0,17,26,25,68,0,0,111,28,139,0,17,137,53,207,92,48,140,347
03/25/2006,CLL,TX,ASW,CE,Federal Contract Tower,0,12,16,19,47,0,0,119,7,126,0,12,135,26,173,52,46,98,271
03/26/2006,CLL,TX,ASW,CE,Federal Contract Tower,0,15,19,18,52,0,0,105,13,118,0,15,124,31,170,72,10,82,252
03/27/2006,CLL,TX,ASW,CE,Federal Contract Tower,0,16,42,35,93,0,0,38,11,49,0,16,80,46,142,56,62,118,260
03/28/2006,CLL,TX,ASW,CE,Federal Contract Tower,0,19,19,4,42,0,0,13,0,13,0,19,32,4,55,14,0,14,69
03/29/2006,CLL,TX,ASW,CE,Federal Contract Tower,0,17,18,2,37,0,0,10,0,10,0,17,28,2,47,18,0,18,65
03/30/2006,CLL,TX,ASW,CE,Federal Contract Tower,0,16,30,22,68,0,0,34,29,63,0,16,64,51,131,4,2,6,137
03/31/2006,CLL,TX,ASW,CE,Federal Contract Tower,0,17,21,26,64,0,0,68,14,82,0,17,89,40,146,46,44,90,236
04/01/2006,CLL,TX,ASW,CE,Federal Contract Tower,0,7,14,22,43,0,0,43,8,51,0,7,57,30,94,36,14,50,144
04/02/2006,CLL,TX,ASW,CE,Federal Contract Tower,0,16,19,9,44,0,0,86,7,93,0,16,105,16,137,22,6,28,165
04/03/2006,CLL,TX,ASW,CE,Federal Contract Tower,0,27,37,36,100,0,1,30,9,40,0,28,67,45,140,34,0,34,174
04/04/2006,CLL,TX,ASW,CE,Federal Contract Tower,0,25,19,26,70,0,0,62,29,91,0,25,81,55,161,20,56,76,237
04/05/2006,CLL,TX,ASW,CE,Federal Contract Tower,0,18,27,7,52,0,0,58,7,65,0,18,85,14,117,50,0,50,167
04/06/2006,CLL,TX,ASW,CE,Federal Contract Tower,0,21,35,9,65,0,0,40,8,48,0,21,75,17,113,30,0,30,143
04/07/2006,CLL,TX,ASW,CE,Federal Contract Tower,0,19,29,26,74,0,0,109,13,122,0,19,138,39,196,36,78,114,310
04/08/2006,CLL,TX,ASW,CE,Federal Contract Tower,0,13,17,4,34,0,0,29,6,35,0,13,46,10,69,0,2,2,71
04/09/2006,CLL,TX,ASW,CE,Federal Contract Tower,0,15,21,8,44,0,0,106,4,110,0,15,127,12,154,40,32,72,226
04/10/2006,CLL,TX,ASW,CE,Federal Contract Tower,0,24,31,25,80,0,0,88,14,102,0,24,119,39,182,26,64,90,272
04/11/2006,CLL,TX,ASW,CE,Federal Contract Tower,0,24,25,9,58,0,0,53,6,59,0,24,78,15,117,24,18,42,159
04/12/2006,CLL,TX,ASW,CE,Federal Contract Tower,2,18,22,17,59,0,0,39,11,50,2,18,61,28,109,26,8,34,143
04/13/2006,CLL,TX,ASW,CE,Federal Contract Tower,0,27,27,9,63,0,0,48,3,51,0,27,75,12,114,6,0,6,120
04/14/2006,CLL,TX,ASW,CE,Federal Contract Tower,0,21,24,6,51,0,0,56,12,68,0,21,80,18,119,6,8,14,133
04/15/2006,CLL,TX,ASW,CE,Federal Contract Tower,0,11,2,4,17,0,0,52,3,55,0,11,54,7,72,8,8,16,88
04/16/2006,CLL,TX,ASW,CE,Federal Contract Tower,0,18,7,5,30,0,0,41,7,48,0,18,48,12,78,22,0,22,100
04/17/2006,CLL,TX,ASW,CE,Federal Contract Tower,0,20,6,12,38,0,0,40,5,45,0,20,46,17,83,28,4,32,115
04/18/2006,CLL,TX,ASW,CE,Federal Contract Tower,0,17,23,7,47,0,0,59,11,70,0,17,82,18,117,52,8,60,177
04/19/2006,CLL,TX,ASW,CE,Federal Contract Tower,0,20,25,9,54,0,0,54,0,54,0,20,79,9,108,36,14,50,158
04/20/2006,CLL,TX,ASW,CE,Federal Contract Tower,0,19,7,3,29,0,0,26,9,35,0,19,33,12,64,20,0,20,84
04/21/2006,CLL,TX,ASW,CE,Federal Contract Tower,0,22,34,16,72,0,0,57,11,68,0,22,91,27,140,24,26,50,190
04/22/2006,CLL,TX,ASW,CE,Federal Contract Tower,0,11,19,26,56,0,0,85,3,88,0,11,104,29,144,50,32,82,226
04/23/2006,CLL,TX,ASW,CE,Federal Contract Tower,0,16,16,24,56,0,0,59,10,69,0,16,75,34,125,52,2,54,179
04/24/2006,CLL,TX,ASW,CE,Federal Contract Tower,0,20,20,10,50,0,0,30,12,42,0,20,50,22,92,56,52,108,200
04/25/2006,CLL,TX,ASW,CE,Federal Contract Tower,0,16,26,7,49,0,0,20,7,27,0,16,46,14,76,4,0,4,80
04/26/2006,CLL,TX,ASW,CE,Federal Contract Tower,0,19,18,13,50,0,0,24,11,35,0,19,42,24,85,12,6,18,103
04/27/2006,CLL,TX,ASW,CE,Federal Contract Tower,2,21,20,17,60,0,0,46,14,60,2,21,66,31,120,2,20,22,142
04/28/2006,CLL,TX,ASW,CE,Federal Contract Tower,0,18,28,10,56,0,0,9,0,9,0,18,37,10,65,38,0,38,103
04/29/2006,CLL,TX,ASW,CE,Federal Contract Tower,0,15,10,13,38,0,0,36,18,54,0,15,46,31,92,2,52,54,146
04/30/2006,CLL,TX,ASW,CE,Federal Contract Tower,0,19,8,15,42,0,0,104,13,117,0,19,112,28,159,78,12,90,249
05/01/2006,CLL,TX,ASW,CE,Federal Contract Tower,0,19,9,18,46,0,0,40,21,61,0,19,49,39,107,30,46,76,183
05/02/2006,CLL,TX,ASW,CE,Federal Contract Tower,0,19,12,24,55,0,0,61,34,95,0,19,73,58,150,22,16,38,188
05/03/2006,CLL,TX,ASW,CE,Federal Contract Tower,0,21,22,21,64,0,0,42,12,54,0,21,64,33,118,52,26,78,196
05/04/2006,CLL,TX,ASW,CE,Federal Contract Tower,0,25,14,0,39,0,0,49,0,49,0,25,63,0,88,14,0,14,102
05/05/2006,CLL,TX,ASW,CE,Federal Contract Tower,0,19,24,10,53,0,0,50,4,54,0,19,74,14,107,22,2,24,131
05/06/2006,CLL,TX,ASW,CE,Federal Contract Tower,0,20,9,2,31,0,0,31,2,33,0,20,40,4,64,20,4,24,88
05/07/2006,CLL,TX,ASW,CE,Federal Contract Tower,0,17,16,12,45,0,0,36,4,40,0,17,52,16,85,38,0,38,123
05/08/2006,CLL,TX,ASW,CE,Federal Contract Tower,0,19,18,13,50,0,0,44,19,63,0,19,62,32,113,92,8,100,213
05/09/2006,CLL,TX,ASW,CE,Federal Contract Tower,0,22,21,8,51,0,0,32,12,44,0,22,53,20,95,28,0,28,123
05/10/2006,CLL,TX,ASW,CE,Federal Contract Tower,0,19,28,15,62,0,0,16,22,38,0,19,44,37,100,30,6,36,136
05/11/2006,CLL,TX,ASW,CE,Federal Contract Tower,0,24,33,14,71,0,0,84,19,103,0,24,117,33,174,40,18,58,232
05/12/2006,CLL,TX,ASW,CE,Federal Contract Tower,0,20,34,12,66,0,0,104,32,136,0,20,138,44,202,50,52,102,304
05/13/2006,CLL,TX,ASW,CE,Federal Contract Tower,0,11,13,7,31,0,0,83,2,85,0,11,96,9,116,24,16,40,156
05/14/2006,CLL,TX,ASW,CE,Federal Contract Tower,0,12,10,0,22,0,0,10,2,12,0,12,20,2,34,18,0,18,52
05/15/2006,CLL,TX,ASW,CE,Federal Contract Tower,0,20,18,16,54,0,0,67,23,90,0,20,85,39,144,6,12,18,162
05/16/2006,CLL,TX,ASW,CE,Federal Contract Tower,0,19,8,16,43,0,0,37,17,54,0,19,45,33,97,10,42,52,149
05/17/2006,CLL,TX,ASW,CE,Federal Contract Tower,0,19,10,11,40,0,0,70,18,88,0,19,80,29,128,22,12,34,162
05/18/2006,CLL,TX,ASW,CE,Federal Contract Tower,2,21,20,9,52,0,0,43,7,50,2,21,63,16,102,34,6,40,142
05/19/2006,CLL,TX,ASW,CE,Federal Contract Tower,0,18,21,10,49,0,0,56,18,74,0,18,77,28,123,46,70,116,239
05/20/2006,CLL,TX,ASW,CE,Federal Contract Tower,0,11,9,7,27,0,0,51,23,74,0,11,60,30,101,24,30,54,155
05/21/2006,CLL,TX,ASW,CE,Federal Contract Tower,2,17,2,17,38,0,0,52,18,70,2,17,54,35,108,8,2,10,118
05/22/2006,CLL,TX,ASW,CE,Federal Contract Tower,0,19,18,20,57,0,0,43,16,59,0,19,61,36,116,16,0,16,132
05/23/2006,CLL,TX,ASW,CE,Federal Contract Tower,0,17,23,4,44,0,0,52,14,66,0,17,75,18,110,30,8,38,148
05/24/2006,CLL,TX,ASW,CE,Federal Contract Tower,0,17,25,9,51,0,0,58,18,76,0,17,83,27,127,24,0,24,151
05/25/2006,CLL,TX,ASW,CE,Federal Contract Tower,0,18,15,20,53,0,0,37,9,46,0,18,52,29,99,28,28,56,155
05/26/2006,CLL,TX,ASW,CE,Federal Contract Tower,0,18,30,16,64,0,0,45,0,45,0,18,75,16,109,2,12,14,123
05/27/2006,CLL,TX,ASW,CE,Federal Contract Tower,0,11,9,0,20,0,0,18,2,20,0,11,27,2,40,2,14,16,56
05/28/2006,CLL,TX,ASW,CE,Federal Contract Tower,0,15,8,2,25,0,0,4,0,4,0,15,12,2,29,0,0,0,29
05/29/2006,CLL,TX,ASW,CE,Federal Contract Tower,0,25,7,1,33,0,0,10,0,10,0,25,17,1,43,4,0,4,47
05/30/2006,CLL,TX,ASW,CE,Federal Contract Tower,0,20,19,1,40,0,0,27,7,34,0,20,46,8,74,20,12,32,106
05/31/2006,CLL,TX,ASW,CE,Federal Contract Tower,0,17,31,0,48,0,0,2,0,2,0,17,33,0,50,0,0,0,50
06/01/2006,CLL,TX,ASW,CE,Federal Contract Tower,0,19,30,0,49,0,0,18,0,18,0,19,48,0,67,16,0,16,83
06/02/2006,CLL,TX,ASW,CE,Federal Contract Tower,0,19,18,7,44,0,0,70,8,78,0,19,88,15,122,62,24,86,208
06/03/2006,CLL,TX,ASW,CE,Federal Contract Tower,0,12,11,5,28,0,0,43,14,57,0,12,54,19,85,26,58,84,169
06/04/2006,CLL,TX,ASW,CE,Federal Contract Tower,0,20,17,7,44,0,0,56,7,63,0,20,73,14,107,20,0,20,127
06/05/2006,CLL,TX,ASW,CE,Federal Contract Tower,0,19,20,19,58,0,0,35,22,57,0,19,55,41,115,52,14,66,181
06/06/2006,CLL,TX,ASW,CE,Federal Contract Tower,0,24,10,11,45,0,0,57,22,79,0,24,67,33,124,70,8,78,202
06/07/2006,CLL,TX,ASW,CE,Federal Contract Tower,0,21,22,8,51,0,0,57,26,83,0,21,79,34,134,20,20,40,174
06/08/2006,CLL,TX,ASW,CE,Federal Contract Tower,0,20,9,16,45,0,0,43,12,55,0,20,52,28,100,30,2,32,132
06/09/2006,CLL,TX,ASW,CE,Federal Contract Tower,0,16,22,14,52,0,0,80,21,101,0,16,102,35,153,56,58,114,267
06/10/2006,CLL,TX,ASW,CE,Federal Contract Tower,0,15,8,4,27,0,0,52,4,56,0,15,60,8,83,48,14,62,145
06/11/2006,CLL,TX,ASW,CE,Federal Contract Tower,0,12,10,13,35,0,0,59,18,77,0,12,69,31,112,8,32,40,152
06/12/2006,CLL,TX,ASW,CE,Federal Contract Tower,0,18,8,10,36,0,0,53,12,65,0,18,61,22,101,10,8,18,119
06/13/2006,CLL,TX,ASW,CE,Federal Contract Tower,0,26,14,21,61,0,0,65,19,84,0,26,79,40,145,30,24,54,199
06/14/2006,CLL,TX,ASW,CE,Federal Contract Tower,0,19,20,15,54,0,0,54,12,66,0,19,74,27,120,34,24,58,178
06/15/2006,CLL,TX,ASW,CE,Federal Contract Tower,0,19,19,21,59,0,0,47,17,64,0,19,66,38,123,24,42,66,189
06/16/2006,CLL,TX,ASW,CE,Federal Contract Tower,0,15,14,2,31,0,0,22,1,23,0,15,36,3,54,22,0,22,76
06/17/2006,CLL,TX,ASW,CE,Federal Contract Tower,0,17,6,4,27,0,0,17,0,17,0,17,23,4,44,14,22,36,80
06/18/2006,CLL,TX,ASW,CE,Federal Contract Tower,0,30,12,19,61,0,0,26,7,33,0,30,38,26,94,0,30,30,124
06/19/2006,CLL,TX,ASW,CE,Federal Contract Tower,0,17,17,23,57,0,0,21,15,36,0,17,38,38,93,26,14,40,133
06/20/2006,CLL,TX,ASW,CE,Federal Contract Tower,0,16,18,6,40,0,0,11,0,11,0,16,29,6,51,20,0,20,71
06/21/2006,CLL,TX,ASW,CE,Federal Contract Tower,0,20,18,15,53,0,0,21,13,34,0,20,39,28,87,18,0,18,105
06/22/2006,CLL,TX,ASW,CE,Federal Contract Tower,0,27,14,19,60,0,0,23,16,39,0,27,37,35,99,32,12,44,143
06/23/2006,CLL,TX,ASW,CE,Federal Contract Tower,0,18,17,19,54,0,0,43,36,79,0,18,60,55,133,56,30,86,219
06/24/2006,CLL,TX,ASW,CE,Federal Contract Tower,0,12,15,5,32,0,0,27,3,30,0,12,42,8,62,66,28,94,156
06/25/2006,CLL,TX,ASW,CE,Federal Contract Tower,0,16,8,0,24,0,0,46,0,46,0,16,54,0,70,8,0,8,78
06/26/2006,CLL,TX,ASW,CE,Federal Contract Tower,0,19,21,6,46,0,0,59,13,72,0,19,80,19,118,26,36,62,180
06/27/2006,CLL,TX,ASW,CE,Federal Contract Tower,0,19,14,8,41,0,0,51,20,71,0,19,65,28,112,40,18,58,170
06/28/2006,CLL,TX,ASW,CE,Federal Contract Tower,0,18,25,15,58,0,0,64,28,92,0,18,89,43,150,4,10,14,164
06/29/2006,CLL,TX,ASW,CE,Federal Contract Tower,0,18,13,16,47,0,0,40,10,50,0,18,53,26,97,14,0,14,111
06/30/2006,CLL,TX,ASW,CE,Federal Contract Tower,0,18,10,12,40,0,0,30,16,46,0,18,40,28,86,14,0,14,100
07/01/2006,CLL,TX,ASW,CE,Federal Contract Tower,0,12,11,0,23,0,0,26,0,26,0,12,37,0,49,12,0,12,61
07/02/2006,CLL,TX,ASW,CE,Federal Contract Tower,0,14,4,0,18,0,0,14,0,14,0,14,18,0,32,0,0,0,32
07/03/2006,CLL,TX,ASW,CE,Federal Contract Tower,0,12,13,1,26,0,0,21,1,22,0,12,34,2,48,18,0,18,66
07/04/2006,CLL,TX,ASW,CE,Federal Contract Tower,0,17,6,1,24,0,0,5,1,6,0,17,11,2,30,0,0,0,30
07/05/2006,CLL,TX,ASW,CE,Federal Contract Tower,2,20,12,5,39,0,0,10,2,12,2,20,22,7,51,0,0,0,51
07/06/2006,CLL,TX,ASW,CE,Federal Contract Tower,0,21,9,14,44,0,0,23,1,24,0,21,32,15,68,8,14,22,90
07/07/2006,CLL,TX,ASW,CE,Federal Contract Tower,0,18,17,13,48,0,0,58,16,74,0,18,75,29,122,30,86,116,238
07/08/2006,CLL,TX,ASW,CE,Federal Contract Tower,2,20,22,8,52,0,0,33,3,36,2,20,55,11,88,24,26,50,138
07/09/2006,CLL,TX,ASW,CE,Federal Contract Tower,0,19,7,9,35,0,0,28,7,35,0,19,35,16,70,14,12,26,96
07/10/2006,CLL,TX,ASW,CE,Federal Contract Tower,0,19,16,9,44,0,0,40,8,48,0,19,56,17,92,4,0,4,96
07/11/2006,CLL,TX,ASW,CE,Federal Contract Tower,0,18,8,15,41,0,0,45,15,60,0,18,53,30,101,38,6,44,145
07/12/2006,CLL,TX,ASW,CE,Federal Contract Tower,0,19,15,26,60,0,0,41,19,60,0,19,56,45,120,26,2,28,148
07/13/2006,CLL,TX,ASW,CE,Federal Contract Tower,0,21,12,13,46,0,0,47,15,62,0,21,59,28,108,8,6,14,122
07/14/2006,CLL,TX,ASW,CE,Federal Contract Tower,0,18,16,27,61,0,0,49,31,80,0,18,65,58,141,18,105,123,264
07/15/2006,CLL,TX,ASW,CE,Federal Contract Tower,0,14,11,7,32,0,0,82,5,87,0,14,93,12,119,72,40,112,231
07/16/2006,CLL,TX,ASW,CE,Federal Contract Tower,0,21,4,8,33,0,0,54,12,66,0,21,58,20,99,62,12,74,173
07/17/2006,CLL,TX,ASW,CE,Federal Contract Tower,0,19,18,20,57,0,0,39,19,58,0,19,57,39,115,48,16,64,179
07/18/2006,CLL,TX,ASW,CE,Federal Contract Tower,0,18,12,11,41,0,0,52,5,57,0,18,64,16,98,10,12,22,120
07/19/2006,CLL,TX,ASW,CE,Federal Contract Tower,0,18,14,18,50,0,0,37,29,66,0,18,51,47,116,6,6,12,128
07/20/2006,CLL,TX,ASW,CE,Federal Contract Tower,0,19,11,18,48,0,0,60,33,93,0,19,71,51,141,80,8,88,229
07/21/2006,CLL,TX,ASW,CE,Federal Contract Tower,0,16,14,17,47,0,0,46,26,72,0,16,60,43,119,68,10,78,197
07/22/2006,CLL,TX,ASW,CE,Federal Contract Tower,0,19,20,4,43,0,0,31,1,32,0,19,51,5,75,46,0,46,121
07/23/2006,CLL,TX,ASW,CE,Federal Contract Tower,0,21,10,1,32,0,0,51,2,53,0,21,61,3,85,40,0,40,125
07/24/2006,CLL,TX,ASW,CE,Federal Contract Tower,0,19,8,9,36,0,0,25,5,30,0,19,33,14,66,14,18,32,98
07/25/2006,CLL,TX,ASW,CE,Federal Contract Tower,4,26,14,4,48,0,0,31,1,32,4,26,45,5,80,50,0,50,130
07/26/2006,CLL,TX,ASW,CE,Federal Contract Tower,0,19,32,0,51,0,0,3,0,3,0,19,35,0,54,0,0,0,54
07/27/2006,CLL,TX,ASW,CE,Federal Contract Tower,0,18,18,5,41,0,0,17,15,32,0,18,35,20,73,32,0,32,105
07/28/2006,CLL,TX,ASW,CE,Federal Contract Tower,0,15,24,20,59,0,0,72,23,95,0,15,96,43,154,86,24,110,264
07/29/2006,CLL,TX,ASW,CE,Federal Contract Tower,0,13,14,7,34,0,0,28,9,37,0,13,42,16,71,32,28,60,131
07/30/2006,CLL,TX,ASW,CE,Federal Contract Tower,0,16,12,32,60,0,0,55,17,72,0,16,67,49,132,16,16,32,164
07/31/2006,CLL,TX,ASW,CE,Federal Contract Tower,0,19,11,10,40,0,0,58,15,73,0,19,69,25,113,58,0,58,171
08/01/2006,CLL,TX,ASW,CE,Federal Contract Tower,0,18,14,23,55,0,0,58,25,83,0,18,72,48,138,40,14,54,192
08/02/2006,CLL,TX,ASW,CE,Federal Contract Tower,0,17,14,18,49,0,0,42,30,72,0,17,56,48,121,50,26,76,197
08/03/2006,CLL,TX,ASW,CE,Federal Contract Tower,0,20,18,19,57,0,0,46,10,56,0,20,64,29,113,62,0,62,175
08/04/2006,CLL,TX,ASW,CE,Federal Contract Tower,0,15,23,41,79,0,0,69,25,94,0,15,92,66,173,84,72,156,329
08/05/2006,CLL,TX,ASW,CE,Federal Contract Tower,0,13,14,18,45,0,0,47,0,47,0,13,61,18,92,32,4,36,128
08/06/2006,CLL,TX,ASW,CE,Federal Contract Tower,0,21,5,22,48,0,0,26,7,33,0,21,31,29,81,40,24,64,145
08/07/2006,CLL,TX,ASW,CE,Federal Contract Tower,0,18,9,6,33,0,0,13,4,17,0,18,22,10,50,8,0,8,58
08/08/2006,CLL,TX,ASW,CE,Federal Contract Tower,0,20,18,9,47,0,0,39,22,61,0,20,57,31,108,48,10,58,166
08/09/2006,CLL,TX,ASW,CE,Federal Contract Tower,0,18,14,26,58,0,0,76,18,94,0,18,90,44,152,32,44,76,228
08/10/2006,CLL,TX,ASW,CE,Federal Contract Tower,0,18,20,14,52,0,0,66,19,85,0,18,86,33,137,46,4,50,187
08/11/2006,CLL,TX,ASW,CE,Federal Contract Tower,0,14,13,29,56,0,0,54,30,84,0,14,67,59,140,44,92,136,276
08/12/2006,CLL,TX,ASW,CE,Federal Contract Tower,0,14,15,13,42,0,0,54,0,54,0,14,69,13,96,64,42,106,202
08/13/2006,CLL,TX,ASW,CE,Federal Contract Tower,0,19,13,17,49,0,0,33,17,50,0,19,46,34,99,38,22,60,159
08/14/2006,CLL,TX,ASW,CE,Federal Contract Tower,0,17,15,10,42,0,0,33,8,41,0,17,48,18,83,56,0,56,139
08/15/2006,CLL,TX,ASW,CE,Federal Contract Tower,0,16,19,18,53,0,0,55,8,63,0,16,74,26,116,38,52,90,206
08/16/2006,CLL,TX,ASW,CE,Federal Contract Tower,0,19,15,14,48,0,0,47,20,67,0,19,62,34,115,12,6,18,133
08/17/2006,CLL,TX,ASW,CE,Federal Contract Tower,0,18,14,23,55,0,0,58,7,65,0,18,72,30,120,72,20,92,212
08/18/2006,CLL,TX,ASW,CE,Federal Contract Tower,0,15,14,13,42,0,0,64,27,91,0,15,78,40,133,44,96,140,273
08/19/2006,CLL,TX,ASW,CE,Federal Contract Tower,0,16,12,4,32,0,0,55,0,55,0,16,67,4,87,8,16,24,111
08/20/2006,CLL,TX,ASW,CE,Federal Contract Tower,0,19,19,11,49,0,0,54,9,63,0,19,73,20,112,18,8,26,138
08/21/2006,CLL,TX,ASW,CE,Federal Contract Tower,0,22,17,14,53,0,0,41,21,62,0,22,58,35,115,42,24,66,181
08/22/2006,CLL,TX,ASW,CE,Federal Contract Tower,0,15,26,24,65,0,0,53,15,68,0,15,79,39,133,10,6,16,149
08/23/2006,CLL,TX,ASW,CE,Federal Contract Tower,2,28,17,17,64,0,0,49,19,68,2,28,66,36,132,34,24,58,190
08/24/2006,CLL,TX,ASW,CE,Federal Contract Tower,0,21,25,16,62,0,0,27,17,44,0,21,52,33,106,24,26,50,156
08/25/2006,CLL,TX,ASW,CE,Federal Contract Tower,0,14,19,7,40,0,0,73,27,100,0,14,92,34,140,56,16,72,212
08/26/2006,CLL,TX,ASW,CE,Federal Contract Tower,2,29,16,0,47,0,0,28,0,28,2,29,44,0,75,12,0,12,87
08/27/2006,CLL,TX,ASW,CE,Federal Contract Tower,0,23,14,11,48,0,0,51,16,67,0,23,65,27,115,46,2,48,163
08/28/2006,CLL,TX,ASW,CE,Federal Contract Tower,0,22,11,10,43,0,0,36,8,44,0,22,47,18,87,44,0,44,131
08/29/2006,CLL,TX,ASW,CE,Federal Contract Tower,0,18,9,2,29,0,0,40,1,41,0,18,49,3,70,14,0,14,84
08/30/2006,CLL,TX,ASW,CE,Federal Contract Tower,0,18,19,9,46,0,0,74,4,78,0,18,93,13,124,24,0,24,148
08/31/2006,CLL,TX,ASW,CE,Federal Contract Tower,0,20,18,16,54,0,0,77,8,85,0,20,95,24,139,60,8,68,207
09/01/2006,CLL,TX,ASW,CE,Federal Contract Tower,2,15,16,8,41,0,0,72,11,83,2,15,88,19,124,52,4,56,180
09/02/2006,CLL,TX,ASW,CE,Federal Contract Tower,2,15,28,1,46,0,0,94,5,99,2,15,122,6,145,22,10,32,177
09/03/2006,CLL,TX,ASW,CE,Federal Contract Tower,0,12,12,3,27,0,0,61,0,61,0,12,73,3,88,54,0,54,142
09/04/2006,CLL,TX,ASW,CE,Federal Contract Tower,0,15,13,11,39,0,0,44,13,57,0,15,57,24,96,40,22,62,158
09/05/2006,CLL,TX,ASW,CE,Federal Contract Tower,0,20,6,9,35,0,0,18,3,21,0,20,24,12,56,106,8,114,170
09/06/2006,CLL,TX,ASW,CE,Federal Contract Tower,0,17,18,13,48,0,0,94,18,112,0,17,112,31,160,70,10,80,240
09/07/2006,CLL,TX,ASW,CE,Federal Contract Tower,0,22,11,12,45,0,0,68,16,84,0,22,79,28,129,54,16,70,199
09/08/2006,CLL,TX,ASW,CE,Federal Contract Tower,0,18,26,30,74,0,0,64,25,89,0,18,90,55,163,54,80,134,297
09/09/2006,CLL,TX,ASW,CE,Federal Contract Tower,0,13,58,10,81,0,0,76,15,91,0,13,134,25,172,52,18,70,242
09/10/2006,CLL,TX,ASW,CE,Federal Contract Tower,0,18,16,12,46,0,0,68,5,73,0,18,84,17,119,54,0,54,173
09/11/2006,CLL,TX,ASW,CE,Federal Contract Tower,0,20,15,3,38,0,0,43,2,45,0,20,58,5,83,18,0,18,101
09/12/2006,CLL,TX,ASW,CE,Federal Contract Tower,0,22,8,0,30,0,0,50,8,58,0,22,58,8,88,66,0,66,154
09/13/2006,CLL,TX,ASW,CE,Federal Contract Tower,0,24,13,14,51,0,0,92,5,97,0,24,105,19,148,46,0,46,194
09/14/2006,CLL,TX,ASW,CE,Federal Contract Tower,0,20,23,17,60,0,0,58,23,81,0,20,81,40,141,30,46,76,217
09/15/2006,CLL,TX,ASW,CE,Federal Contract Tower,0,27,20,19,66,0,0,87,42,129,0,27,107,61,195,52,108,160,355
09/16/2006,CLL,TX,ASW,CE,Federal Contract Tower,0,13,10,16,39,0,0,40,12,52,0,13,50,28,91,22,28,50,141
09/17/2006,CLL,TX,ASW,CE,Federal Contract Tower,0,23,20,4,47,0,0,31,2,33,0,23,51,6,80,26,2,28,108
09/18/2006,CLL,TX,ASW,CE,Federal Contract Tower,0,25,19,16,60,0,0,10,9,19,0,25,29,25,79,0,0,0,79
09/19/2006,CLL,TX,ASW,CE,Federal Contract Tower,0,20,12,14,46,0,0,74,41,115,0,20,86,55,161,46,12,58,219
09/20/2006,CLL,TX,ASW,CE,Federal Contract Tower,0,19,15,29,63,0,0,56,19,75,0,19,71,48,138,38,22,60,198
09/21/2006,CLL,TX,ASW,CE,Federal Contract Tower,0,23,28,30,81,0,0,43,17,60,0,23,71,47,141,20,28,48,189
09/22/2006,CLL,TX,ASW,CE,Federal Contract Tower,0,22,24,26,72,0,0,61,27,88,0,22,85,53,160,14,24,38,198
09/23/2006,CLL,TX,ASW,CE,Federal Contract Tower,0,15,36,3,54,0,0,26,6,32,0,15,62,9,86,22,6,28,114
09/24/2006,CLL,TX,ASW,CE,Federal Contract Tower,0,19,31,9,59,0,0,53,8,61,0,19,84,17,120,36,0,36,156
09/25/2006,CLL,TX,ASW,CE,Federal Contract Tower,0,24,14,23,61,0,0,74,19,93,0,24,88,42,154,76,8,84,238
09/26/2006,CLL,TX,ASW,CE,Federal Contract Tower,0,20,12,17,49,0,0,66,20,86,0,20,78,37,135,46,50,96,231
09/27/2006,CLL,TX,ASW,CE,Federal Contract Tower,0,18,11,14,43,0,0,62,15,77,0,18,73,29,120,88,10,98,218
09/28/2006,CLL,TX,ASW,CE,Federal Contract Tower,0,22,14,6,42,0,0,48,19,67,0,22,62,25,109,40,0,40,149
09/29/2006,CLL,TX,ASW,CE,Federal Contract Tower,2,21,22,6,51,0,0,109,11,120,2,21,131,17,171,76,24,100,271
09/30/2006,CLL,TX,ASW,CE,Federal Contract Tower,2,18,49,7,76,0,0,115,0,115,2,18,164,7,191,0,8,8,199
10/01/2006,CLL,TX,ASW,CE,Federal Contract Tower,0,21,36,0,57,0,0,83,3,86,0,21,119,3,143,34,0,34,177
10/02/2006,CLL,TX,ASW,CE,Federal Contract Tower,0,21,9,12,42,0,0,51,2,53,0,21,60,14,95,18,56,74,169
10/03/2006,CLL,TX,ASW,CE,Federal Contract Tower,0,29,10,8,47,0,0,48,6,54,0,29,58,14,101,40,6,46,147
10/04/2006,CLL,TX,ASW,CE,Federal Contract Tower,0,21,23,18,62,0,0,43,25,68,0,21,66,43,130,60,16,76,206
10/05/2006,CLL,TX,ASW,CE,Federal Contract Tower,0,22,5,0,27,0,0,62,4,66,0,22,67,4,93,10,0,10,103
10/06/2006,CLL,TX,ASW,CE,Federal Contract Tower,1,20,19,8,48,0,0,85,7,92,1,20,104,15,140,38,10,48,188
10/07/2006,CLL,TX,ASW,CE,Federal Contract Tower,2,14,11,5,32,0,0,73,8,81,2,14,84,13,113,24,8,32,145
10/08/2006,CLL,TX,ASW,CE,Federal Contract Tower,0,20,11,5,36,0,0,68,14,82,0,20,79,19,118,32,4,36,154
10/09/2006,CLL,TX,ASW,CE,Federal Contract Tower,0,20,6,22,48,0,0,50,15,65,0,20,56,37,113,72,8,80,193
10/10/2006,CLL,TX,ASW,CE,Federal Contract Tower,0,12,10,0,22,0,0,11,0,11,0,12,21,0,33,0,0,0,33
10/11/2006,CLL,TX,ASW,CE,Federal Contract Tower,0,22,25,23,70,0,0,50,19,69,0,22,75,42,139,66,6,72,211
10/12/2006,CLL,TX,ASW,CE,Federal Contract Tower,0,38,20,11,69,0,0,11,11,22,0,38,31,22,91,0,0,0,91
10/13/2006,CLL,TX,ASW,CE,Federal Contract Tower,2,22,26,17,67,0,0,80,9,89,2,22,106,26,156,48,66,114,270
10/14/2006,CLL,TX,ASW,CE,Federal Contract Tower,1,16,57,2,76,0,0,40,6,46,1,16,97,8,122,6,8,14,136
10/15/2006,CLL,TX,ASW,CE,Federal Contract Tower,0,19,16,9,44,0,0,0,4,4,0,19,16,13,48,0,0,0,48
10/16/2006,CLL,TX,ASW,CE,Federal Contract Tower,0,18,17,0,35,0,0,18,1,19,0,18,35,1,54,2,0,2,56
10/17/2006,CLL,TX,ASW,CE,Federal Contract Tower,0,22,22,18,62,0,0,66,0,66,0,22,88,18,128,24,14,38,166
10/18/2006,CLL,TX,ASW,CE,Federal Contract Tower,7,38,22,6,73,0,0,12,2,14,7,38,34,8,87,6,2,8,95
10/19/2006,CLL,TX,ASW,CE,Federal Contract Tower,1,23,32,14,70,0,0,34,9,43,1,23,66,23,113,10,0,10,123
10/20/2006,CLL,TX,ASW,CE,Federal Contract Tower,2,21,18,27,68,0,0,90,41,131,2,21,108,68,199,76,106,182,381
10/21/2006,CLL,TX,ASW,CE,Federal Contract Tower,0,14,21,6,41,0,0,24,4,28,0,14,45,10,69,28,4,32,101
10/22/2006,CLL,TX,ASW,CE,Federal Contract Tower,0,18,14,8,40,0,0,79,17,96,0,18,93,25,136,22,16,38,174
10/23/2006,CLL,TX,ASW,CE,Federal Contract Tower,0,19,8,20,47,0,0,60,5,65,0,19,68,25,112,22,38,60,172
10/24/2006,CLL,TX,ASW,CE,Federal Contract Tower,0,18,24,17,59,0,0,46,18,64,0,18,70,35,123,32,32,64,187
10/25/2006,CLL,TX,ASW,CE,Federal Contract Tower,0,20,16,10,46,0,0,8,1,9,0,20,24,11,55,0,4,4,59
10/26/2006,CLL,TX,ASW,CE,Federal Contract Tower,0,38,23,5,66,0,0,31,1,32,0,38,54,6,98,18,12,30,128
10/27/2006,CLL,TX,ASW,CE,Federal Contract Tower,0,26,33,14,73,0,0,42,22,64,0,26,75,36,137,16,40,56,193
10/28/2006,CLL,TX,ASW,CE,Federal Contract Tower,0,14,15,6,35,0,0,105,13,118,0,14,120,19,153,8,6,14,167
10/29/2006,CLL,TX,ASW,CE,Federal Contract Tower,0,19,11,22,52,0,0,101,9,110,0,19,112,31,162,40,14,54,216
10/30/2006,CLL,TX,ASW,CE,Federal Contract Tower,0,20,15,25,60,0,0,45,28,73,0,20,60,53,133,14,16,30,163
10/31/2006,CLL,TX,ASW,CE,Federal Contract Tower,0,20,15,25,60,0,0,45,28,73,0,20,60,53,133,14,16,30,163
11/01/2006,CLL,TX,ASW,CE,Federal Contract Tower,0,22,29,14,65,0,0,35,17,52,0,22,64,31,117,98,10,108,225
11/02/2006,CLL,TX,ASW,CE,Federal Contract Tower,0,23,26,40,89,0,0,54,23,77,0,23,80,63,166,30,24,54,220
11/03/2006,CLL,TX,ASW,CE,Federal Contract Tower,2,21,41,17,81,0,0,99,10,109,2,21,140,27,190,50,12,62,252
11/04/2006,CLL,TX,ASW,CE,Federal Contract Tower,2,14,125,4,145,0,0,123,4,127,2,14,248,8,272,40,0,40,312
11/05/2006,CLL,TX,ASW,CE,Federal Contract Tower,0,25,46,5,76,0,0,17,1,18,0,25,63,6,94,4,0,4,98
11/06/2006,CLL,TX,ASW,CE,Federal Contract Tower,0,25,12,8,45,0,0,4,1,5,0,25,16,9,50,4,0,4,54
11/07/2006,CLL,TX,ASW,CE,Federal Contract Tower,0,22,12,20,54,0,0,46,15,61,0,22,58,35,115,40,12,52,167
11/08/2006,CLL,TX,ASW,CE,Federal Contract Tower,0,19,17,15,51,0,0,58,19,77,0,19,75,34,128,44,35,79,207
11/09/2006,CLL,TX,ASW,CE,Federal Contract Tower,0,25,26,11,62,0,0,67,7,74,0,25,93,18,136,64,0,64,200
11/10/2006,CLL,TX,ASW,CE,Federal Contract Tower,1,30,36,6,73,0,0,67,12,79,1,30,103,18,152,50,40,90,242
11/11/2006,CLL,TX,ASW,CE,Federal Contract Tower,1,14,54,6,75,0,0,150,9,159,1,14,204,15,234,0,0,0,234
11/12/2006,CLL,TX,ASW,CE,Federal Contract Tower,0,22,32,1,55,0,0,71,5,76,0,22,103,6,131,40,0,40,171
11/13/2006,CLL,TX,ASW,CE,Federal Contract Tower,0,19,20,13,52,0,0,63,19,82,0,19,83,32,134,36,40,76,210
11/14/2006,CLL,TX,ASW,CE,Federal Contract Tower,0,18,33,15,66,0,0,38,10,48,0,18,71,25,114,0,38,38,152
11/15/2006,CLL,TX,ASW,CE,Federal Contract Tower,0,24,14,6,44,0,0,1,6,7,0,24,15,12,51,0,0,0,51
11/16/2006,CLL,TX,ASW,CE,Federal Contract Tower,0,20,21,9,50,0,0,51,7,58,0,20,72,16,108,12,0,12,120
11/17/2006,CLL,TX,ASW,CE,Federal Contract Tower,0,20,22,12,54,0,0,87,32,119,0,20,109,44,173,84,16,100,273
11/18/2006,CLL,TX,ASW,CE,Federal Contract Tower,0,14,16,4,34,0,0,81,7,88,0,14,97,11,122,34,6,40,162
11/19/2006,CLL,TX,ASW,CE,Federal Contract Tower,0,19,11,12,42,0,0,98,20,118,0,19,109,32,160,28,6,34,194
11/20/2006,CLL,TX,ASW,CE,Federal Contract Tower,0,22,11,6,39,0,0,63,11,74,0,22,74,17,113,28,20,48,161
11/21/2006,CLL,TX,ASW,CE,Federal Contract Tower,0,19,23,19,61,0,0,72,6,78,0,19,95,25,139,58,6,64,203
11/22/2006,CLL,TX,ASW,CE,Federal Contract Tower,0,23,22,2,47,0,0,63,0,63,0,23,85,2,110,24,0,24,134
11/23/2006,CLL,TX,ASW,CE,Federal Contract Tower,0,13,2,0,15,0,0,36,0,36,0,13,38,0,51,4,0,4,55
11/24/2006,CLL,TX,ASW,CE,Federal Contract Tower,0,14,15,0,29,0,0,47,2,49,0,14,62,2,78,46,0,46,124
11/25/2006,CLL,TX,ASW,CE,Federal Contract Tower,2,15,14,0,31,0,0,49,0,49,2,15,63,0,80,18,0,18,98
11/26/2006,CLL,TX,ASW,CE,Federal Contract Tower,0,22,21,0,43,0,0,54,7,61,0,22,75,7,104,70,0,70,174
11/27/2006,CLL,TX,ASW,CE,Federal Contract Tower,0,22,22,2,46,0,1,4,0,5,0,23,26,2,51,0,0,0,51
11/28/2006,CLL,TX,ASW,CE,Federal Contract Tower,0,23,30,11,64,0,0,14,4,18,0,23,44,15,82,14,20,34,116
11/29/2006,CLL,TX,ASW,CE,Federal Contract Tower,0,21,26,13,60,0,0,43,10,53,0,21,69,23,113,36,8,44,157
11/30/2006,CLL,TX,ASW,CE,Federal Contract Tower,0,18,9,3,30,0,0,2,0,2,0,18,11,3,32,0,0,0,32
12/01/2006,CLL,TX,ASW,CE,Federal Contract Tower,0,19,20,15,54,0,0,72,22,94,0,19,92,37,148,36,34,70,218
12/02/2006,CLL,TX,ASW,CE,Federal Contract Tower,0,11,5,1,17,0,0,43,0,43,0,11,48,1,60,0,0,0,60
12/03/2006,CLL,TX,ASW,CE,Federal Contract Tower,0,13,5,5,23,0,0,35,5,40,0,13,40,10,63,0,18,18,81
12/04/2006,CLL,TX,ASW,CE,Federal Contract Tower,2,22,5,7,36,0,0,39,18,57,2,22,44,25,93,0,0,0,93
12/05/2006,CLL,TX,ASW,CE,Federal Contract Tower,0,19,13,21,53,0,0,44,20,64,0,19,57,41,117,2,34,36,153
12/06/2006,CLL,TX,ASW,CE,Federal Contract Tower,0,19,22,18,59,0,0,38,11,49,0,19,60,29,108,40,12,52,160
12/07/2006,CLL,TX,ASW,CE,Federal Contract Tower,2,20,17,14,53,0,0,49,14,63,2,20,66,28,116,14,10,24,140
12/08/2006,CLL,TX,ASW,CE,Federal Contract Tower,0,21,14,10,45,0,0,48,14,62,0,21,62,24,107,16,24,40,147
12/09/2006,CLL,TX,ASW,CE,Federal Contract Tower,0,17,16,7,40,0,0,48,0,48,0,17,64,7,88,6,2,8,96
12/10/2006,CLL,TX,ASW,CE,Federal Contract Tower,0,3,4,1,8,0,2,0,0,2,0,5,4,1,10,0,0,0,10
12/11/2006,CLL,TX,ASW,CE,Federal Contract Tower,0,19,13,6,38,0,0,7,0,7,0,19,20,6,45,0,0,0,45
12/12/2006,CLL,TX,ASW,CE,Federal Contract Tower,0,22,16,8,46,0,0,51,4,55,0,22,67,12,101,12,24,36,137
12/13/2006,CLL,TX,ASW,CE,Federal Contract Tower,0,23,14,9,46,0,0,58,17,75,0,23,72,26,121,0,0,0,121
12/14/2006,CLL,TX,ASW,CE,Federal Contract Tower,2,33,30,13,78,0,0,64,2,66,2,33,94,15,144,10,0,10,154
12/15/2006,CLL,TX,ASW,CE,Federal Contract Tower,0,19,15,13,47,0,0,45,12,57,0,19,60,25,104,10,52,62,166
12/16/2006,CLL,TX,ASW,CE,Federal Contract Tower,0,18,14,2,34,0,0,42,0,42,0,18,56,2,76,18,0,18,94
12/17/2006,CLL,TX,ASW,CE,Federal Contract Tower,0,17,16,9,42,0,0,45,13,58,0,17,61,22,100,24,12,36,136
12/18/2006,CLL,TX,ASW,CE,Federal Contract Tower,0,18,27,7,52,0,0,12,8,20,0,18,39,15,72,0,0,0,72
12/19/2006,CLL,TX,ASW,CE,Federal Contract Tower,0,24,17,10,51,0,0,4,3,7,0,24,21,13,58,0,0,0,58
12/20/2006,CLL,TX,ASW,CE,Federal Contract Tower,0,21,18,2,41,0,0,7,0,7,0,21,25,2,48,0,0,0,48
12/21/2006,CLL,TX,ASW,CE,Federal Contract Tower,2,27,21,16,66,0,0,25,8,33,2,27,46,24,99,4,26,30,129
12/22/2006,CLL,TX,ASW,CE,Federal Contract Tower,2,20,14,2,38,0,0,59,0,59,2,20,73,2,97,38,0,38,135
12/23/2006,CLL,TX,ASW,CE,Federal Contract Tower,0,15,4,0,19,0,0,24,0,24,0,15,28,0,43,0,0,0,43
12/24/2006,CLL,TX,ASW,CE,Federal Contract Tower,0,11,10,0,21,0,0,0,0,0,0,11,10,0,21,0,0,0,21
12/25/2006,CLL,TX,ASW,CE,Federal Contract Tower,0,15,1,0,16,0,0,4,0,4,0,15,5,0,20,0,0,0,20
12/26/2006,CLL,TX,ASW,CE,Federal Contract Tower,4,22,9,2,37,0,0,64,0,64,4,22,73,2,101,38,0,38,139
12/27/2006,CLL,TX,ASW,CE,Federal Contract Tower,0,21,10,3,34,0,0,56,4,60,0,21,66,7,94,24,12,36,130
12/28/2006,CLL,TX,ASW,CE,Federal Contract Tower,0,21,18,2,41,0,0,24,2,26,0,21,42,4,67,0,8,8,75
12/29/2006,CLL,TX,ASW,CE,Federal Contract Tower,1,13,10,0,24,0,0,5,0,5,1,13,15,0,29,0,0,0,29
12/30/2006,CLL,TX,ASW,CE,Federal Contract Tower,1,13,6,0,20,0,0,32,0,32,1,13,38,0,52,22,0,22,74
12/31/2006,CLL,TX,ASW,CE,Federal Contract Tower,0,13,8,0,21,0,0,43,0,43,0,13,51,0,64,4,0,4,68
01/01/2007,CLL,TX,ASW,CE,Federal Contract Tower,0,20,1,0,21,0,0,41,0,41,0,20,42,0,62,2,0,2,64
01/02/2007,CLL,TX,ASW,CE,Federal Contract Tower,0,21,11,6,38,0,0,57,4,61,0,21,68,10,99,10,0,10,109
01/03/2007,CLL,TX,ASW,CE,Federal Contract Tower,0,23,16,2,41,0,0,20,0,20,0,23,36,2,61,0,0,0,61
01/04/2007,CLL,TX,ASW,CE,Federal Contract Tower,1,21,16,12,50,0,0,26,4,30,1,21,42,16,80,30,6,36,116
01/05/2007,CLL,TX,ASW,CE,Federal Contract Tower,1,21,17,22,61,0,0,30,18,48,1,21,47,40,109,56,46,102,211
01/06/2007,CLL,TX,ASW,CE,Federal Contract Tower,2,17,22,10,51,0,0,15,0,15,2,17,37,10,66,6,12,18,84
01/07/2007,CLL,TX,ASW,CE,Federal Contract Tower,0,19,11,7,37,0,0,31,3,34,0,19,42,10,71,26,2,28,99
01/08/2007,CLL,TX,ASW,CE,Federal Contract Tower,0,20,14,9,43,0,0,57,4,61,0,20,71,13,104,12,0,12,116
01/09/2007,CLL,TX,ASW,CE,Federal Contract Tower,0,18,21,10,49,0,0,75,23,98,0,18,96,33,147,44,12,56,203
01/10/2007,CLL,TX,ASW,CE,Federal Contract Tower,0,19,11,13,43,0,0,56,36,92,0,19,67,49,135,24,44,68,203
01/11/2007,CLL,TX,ASW,CE,Federal Contract Tower,0,21,25,4,50,0,0,44,9,53,0,21,69,13,103,14,4,18,121
01/12/2007,CLL,TX,ASW,CE,Federal Contract Tower,2,26,20,8,56,0,0,8,16,24,2,26,28,24,80,2,12,14,94
01/13/2007,CLL,TX,ASW,CE,Federal Contract Tower,0,8,4,2,14,0,0,0,0,0,0,8,4,2,14,0,0,0,14
01/14/2007,CLL,TX,ASW,CE,Federal Contract Tower,0,14,5,0,19,0,0,0,0,0,0,14,5,0,19,0,0,0,19
01/15/2007,CLL,TX,ASW,CE,Federal Contract Tower,0,15,3,0,18,0,0,2,0,2,0,15,5,0,20,0,0,0,20
01/16/2007,CLL,TX,ASW,CE,Federal Contract Tower,0,3,2,0,5,0,0,0,0,0,0,3,2,0,5,0,0,0,5
01/17/2007,CLL,TX,ASW,CE,Federal Contract Tower,0,15,6,0,21,0,0,0,0,0,0,15,6,0,21,0,0,0,21
01/18/2007,CLL,TX,ASW,CE,Federal Contract Tower,0,15,3,4,22,0,1,0,0,1,0,16,3,4,23,0,0,0,23
01/19/2007,CLL,TX,ASW,CE,Federal Contract Tower,0,22,18,24,64,0,0,11,3,14,0,22,29,27,78,38,66,104,182
01/20/2007,CLL,TX,ASW,CE,Federal Contract Tower,0,10,8,5,23,0,0,0,0,0,0,10,8,5,23,0,0,0,23
01/21/2007,CLL,TX,ASW,CE,Federal Contract Tower,0,19,11,4,34,0,0,61,4,65,0,19,72,8,99,72,0,72,171
01/22/2007,CLL,TX,ASW,CE,Federal Contract Tower,0,21,13,12,46,0,0,25,16,41,0,21,38,28,87,12,26,38,125
01/23/2007,CLL,TX,ASW,CE,Federal Contract Tower,2,19,11,17,49,0,0,33,23,56,2,19,44,40,105,34,16,50,155
01/24/2007,CLL,TX,ASW,CE,Federal Contract Tower,0,18,17,22,57,0,0,16,17,33,0,18,33,39,90,14,26,40,130
01/25/2007,CLL,TX,ASW,CE,Federal Contract Tower,0,22,14,20,56,0,0,67,14,81,0,22,81,34,137,36,20,56,193
01/26/2007,CLL,TX,ASW,CE,Federal Contract Tower,0,25,22,34,81,0,0,53,25,78,0,25,75,59,159,26,54,80,239
01/27/2007,CLL,TX,ASW,CE,Federal Contract Tower,0,15,18,28,61,0,0,73,0,73,0,15,91,28,134,26,34,60,194
01/28/2007,CLL,TX,ASW,CE,Federal Contract Tower,0,18,14,15,47,0,0,111,5,116,0,18,125,20,163,36,12,48,211
01/29/2007,CLL,TX,ASW,CE,Federal Contract Tower,0,26,13,12,51,0,0,50,12,62,0,26,63,24,113,58,16,74,187
01/30/2007,CLL,TX,ASW,CE,Federal Contract Tower,0,21,23,8,52,0,0,20,12,32,0,21,43,20,84,0,10,10,94
01/31/2007,CLL,TX,ASW,CE,Federal Contract Tower,0,20,35,11,66,0,0,20,7,27,0,20,55,18,93,56,2,58,151
02/01/2007,CLL,TX,ASW,CE,Federal Contract Tower,0,22,21,18,61,0,1,15,11,27,0,23,36,29,88,24,0,24,112
02/02/2007,CLL,TX,ASW,CE,Federal Contract Tower,1,22,21,18,62,0,0,51,116,167,1,22,72,134,229,72,78,150,379
02/03/2007,CLL,TX,ASW,CE,Federal Contract Tower,0,13,9,2,24,0,0,127,0,127,0,13,136,2,151,36,0,36,187
02/04/2007,CLL,TX,ASW,CE,Federal Contract Tower,0,20,5,3,28,0,0,80,5,85,0,20,85,8,113,36,4,40,153
02/05/2007,CLL,TX,ASW,CE,Federal Contract Tower,0,21,12,14,47,0,0,65,10,75,0,21,77,24,122,56,0,56,178
02/06/2007,CLL,TX,ASW,CE,Federal Contract Tower,0,25,17,7,49,0,0,71,5,76,0,25,88,12,125,36,0,36,161
02/07/2007,CLL,TX,ASW,CE,Federal Contract Tower,0,22,20,10,52,0,0,19,3,22,0,22,39,13,74,18,14,32,106
02/08/2007,CLL,TX,ASW,CE,Federal Contract Tower,0,21,29,7,57,0,0,5,5,10,0,21,34,12,67,0,0,0,67
02/09/2007,CLL,TX,ASW,CE,Federal Contract Tower,1,20,26,19,66,0,0,5,18,23,1,20,31,37,89,22,24,46,135
02/10/2007,CLL,TX,ASW,CE,Federal Contract Tower,0,14,13,10,37,0,0,32,4,36,0,14,45,14,73,6,38,44,117
02/11/2007,CLL,TX,ASW,CE,Federal Contract Tower,0,19,16,24,59,0,0,21,19,40,0,19,37,43,99,36,48,84,183
02/12/2007,CLL,TX,ASW,CE,Federal Contract Tower,0,28,20,2,50,0,0,8,0,8,0,28,28,2,58,0,0,0,58
02/13/2007,CLL,TX,ASW,CE,Federal Contract Tower,0,24,28,13,65,0,0,43,12,55,0,24,71,25,120,4,28,32,152
02/14/2007,CLL,TX,ASW,CE,Federal Contract Tower,0,21,15,21,57,0,0,38,21,59,0,21,53,42,116,36,48,84,200
02/15/2007,CLL,TX,ASW,CE,Federal Contract Tower,0,20,15,15,50,0,0,58,13,71,0,20,73,28,121,48,8,56,177
02/16/2007,CLL,TX,ASW,CE,Federal Contract Tower,2,22,21,13,58,0,0,65,13,78,2,22,86,26,136,64,16,80,216
02/17/2007,CLL,TX,ASW,CE,Federal Contract Tower,1,13,9,2,25,0,0,61,0,61,1,13,70,2,86,10,8,18,104
02/18/2007,CLL,TX,ASW,CE,Federal Contract Tower,0,20,12,4,36,0,0,111,7,118,0,20,123,11,154,56,10,66,220
02/19/2007,CLL,TX,ASW,CE,Federal Contract Tower,0,23,14,11,48,0,0,41,11,52,0,23,55,22,100,0,12,12,112
02/20/2007,CLL,TX,ASW,CE,Federal Contract Tower,1,25,15,20,61,0,0,41,19,60,1,25,56,39,121,56,40,96,217
02/21/2007,CLL,TX,ASW,CE,Federal Contract Tower,0,24,13,20,57,0,0,72,34,106,0,24,85,54,163,20,2,22,185
02/22/2007,CLL,TX,ASW,CE,Federal Contract Tower,0,23,22,19,64,0,0,59,23,82,0,23,81,42,146,36,34,70,216
02/23/2007,CLL,TX,ASW,CE,Federal Contract Tower,0,18,26,14,58,0,0,26,10,36,0,18,52,24,94,22,36,58,152
02/24/2007,CLL,TX,ASW,CE,Federal Contract Tower,0,18,12,13,43,0,0,5,16,21,0,18,17,29,64,6,26,32,96
02/25/2007,CLL,TX,ASW,CE,Federal Contract Tower,0,21,16,15,52,0,0,104,21,125,0,21,120,36,177,56,16,72,249
02/26/2007,CLL,TX,ASW,CE,Federal Contract Tower,0,23,9,17,49,0,0,61,20,81,0,23,70,37,130,38,24,62,192
02/27/2007,CLL,TX,ASW,CE,Federal Contract Tower,0,22,19,16,57,0,0,49,8,57,0,22,68,24,114,32,6,38,152
02/28/2007,CLL,TX,ASW,CE,Federal Contract Tower,0,27,26,5,58,0,0,15,10,25,0,27,41,15,83,0,0,0,83
03/01/2007,CLL,TX,ASW,CE,Federal Contract Tower,0,23,17,19,59,0,0,31,18,49,0,23,48,37,108,26,22,48,156
03/02/2007,CLL,TX,ASW,CE,Federal Contract Tower,0,21,31,14,66,0,0,42,7,49,0,21,73,21,115,34,20,54,169
03/03/2007,CLL,TX,ASW,CE,Federal Contract Tower,0,17,14,5,36,0,0,61,0,61,0,17,75,5,97,12,10,22,119
03/04/2007,CLL,TX,ASW,CE,Federal Contract Tower,0,19,5,8,32,0,0,61,12,73,0,19,66,20,105,12,4,16,121
03/05/2007,CLL,TX,ASW,CE,Federal Contract Tower,0,23,8,11,42,0,0,73,10,83,0,23,81,21,125,8,0,8,133
03/06/2007,CLL,TX,ASW,CE,Federal Contract Tower,0,19,8,11,38,0,0,44,16,60,0,19,52,27,98,18,0,18,116
03/07/2007,CLL,TX,ASW,CE,Federal Contract Tower,0,22,21,15,58,0,0,43,7,50,0,22,64,22,108,42,0,42,150
03/08/2007,CLL,TX,ASW,CE,Federal Contract Tower,0,21,29,9,59,0,0,31,7,38,0,21,60,16,97,30,24,54,151
03/09/2007,CLL,TX,ASW,CE,Federal Contract Tower,0,22,16,19,57,0,0,52,20,72,0,22,68,39,129,62,30,92,221
03/10/2007,CLL,TX,ASW,CE,Federal Contract Tower,0,14,14,2,30,0,0,52,2,54,0,14,66,4,84,26,2,28,112
03/11/2007,CLL,TX,ASW,CE,Federal Contract Tower,0,32,8,8,48,0,0,23,9,32,0,32,31,17,80,18,0,18,98
03/12/2007,CLL,TX,ASW,CE,Federal Contract Tower,0,16,10,4,30,0,0,18,8,26,0,16,28,12,56,6,0,6,62
03/13/2007,CLL,TX,ASW,CE,Federal Contract Tower,2,20,15,2,39,0,0,4,0,4,2,20,19,2,43,2,0,2,45
03/14/2007,CLL,TX,ASW,CE,Federal Contract Tower,0,17,6,2,25,0,0,2,0,2,0,17,8,2,27,0,0,0,27
03/15/2007,CLL,TX,ASW,CE,Federal Contract Tower,2,18,16,11,47,0,0,44,18,62,2,18,60,29,109,6,14,20,129
03/16/2007,CLL,TX,ASW,CE,Federal Contract Tower,0,22,20,19,61,0,0,36,11,47,0,22,56,30,108,34,44,78,186
03/17/2007,CLL,TX,ASW,CE,Federal Contract Tower,0,15,8,1,24,0,0,53,2,55,0,15,61,3,79,46,0,46,125
03/18/2007,CLL,TX,ASW,CE,Federal Contract Tower,0,18,26,6,50,0,0,36,0,36,0,18,62,6,86,2,0,2,88
03/19/2007,CLL,TX,ASW,CE,Federal Contract Tower,0,21,14,16,51,0,0,27,6,33,0,21,41,22,84,34,0,34,118
03/20/2007,CLL,TX,ASW,CE,Federal Contract Tower,0,21,22,14,57,0,0,19,9,28,0,21,41,23,85,46,0,46,131
03/21/2007,CLL,TX,ASW,CE,Federal Contract Tower,0,20,25,9,54,0,0,22,10,32,0,20,47,19,86,48,6,54,140
03/22/2007,CLL,TX,ASW,CE,Federal Contract Tower,0,21,25,7,53,0,0,33,7,40,0,21,58,14,93,58,8,66,159
03/23/2007,CLL,TX,ASW,CE,Federal Contract Tower,0,20,12,8,40,0,0,37,11,48,0,20,49,19,88,56,14,70,158
03/24/2007,CLL,TX,ASW,CE,Federal Contract Tower,0,12,10,1,23,0,0,47,0,47,0,12,57,1,70,54,10,64,134
03/25/2007,CLL,TX,ASW,CE,Federal Contract Tower,0,20,18,7,45,0,0,14,6,20,0,20,32,13,65,10,0,10,75
03/26/2007,CLL,TX,ASW,CE,Federal Contract Tower,0,22,17,5,44,0,0,20,0,20,0,22,37,5,64,10,0,10,74
03/27/2007,CLL,TX,ASW,CE,Federal Contract Tower,0,21,24,7,52,0,0,13,11,24,0,21,37,18,76,16,0,16,92
03/28/2007,CLL,TX,ASW,CE,Federal Contract Tower,0,22,39,11,72,0,0,48,16,64,0,22,87,27,136,20,22,42,178
03/29/2007,CLL,TX,ASW,CE,Federal Contract Tower,0,18,18,14,50,0,0,15,5,20,0,18,33,19,70,32,0,32,102
03/30/2007,CLL,TX,ASW,CE,Federal Contract Tower,0,20,13,2,35,0,0,12,0,12,0,20,25,2,47,44,0,44,91
03/31/2007,CLL,TX,ASW,CE,Federal Contract Tower,0,17,5,0,22,0,0,40,0,40,0,17,45,0,62,42,0,42,104
04/01/2007,CLL,TX,ASW,CE,Federal Contract Tower,0,17,9,17,43,0,0,65,15,80,0,17,74,32,123,42,2,44,167
04/02/2007,CLL,TX,ASW,CE,Federal Contract Tower,0,21,3,5,29,0,0,22,4,26,0,21,25,9,55,22,0,22,77
04/03/2007,CLL,TX,ASW,CE,Federal Contract Tower,0,24,12,9,45,0,0,30,9,39,0,24,42,18,84,34,0,34,118
04/04/2007,CLL,TX,ASW,CE,Federal Contract Tower,0,22,20,19,61,0,0,36,19,55,0,22,56,38,116,56,0,56,172
04/05/2007,CLL,TX,ASW,CE,Federal Contract Tower,0,22,29,23,74,0,0,73,21,94,0,22,102,44,168,38,14,52,220
04/06/2007,CLL,TX,ASW,CE,Federal Contract Tower,0,22,10,13,45,0,0,67,19,86,0,22,77,32,131,28,56,84,215
04/07/2007,CLL,TX,ASW,CE,Federal Contract Tower,0,12,4,0,16,0,0,2,0,2,0,12,6,0,18,0,0,0,18
04/08/2007,CLL,TX,ASW,CE,Federal Contract Tower,0,19,28,7,54,0,0,17,7,24,0,19,45,14,78,20,6,26,104
04/09/2007,CLL,TX,ASW,CE,Federal Contract Tower,0,24,16,23,63,0,0,52,15,67,0,24,68,38,130,68,82,150,280
04/10/2007,CLL,TX,ASW,CE,Federal Contract Tower,0,24,22,22,68,0,0,19,24,43,0,24,41,46,111,24,12,36,147
04/11/2007,CLL,TX,ASW,CE,Federal Contract Tower,0,22,14,4,40,0,0,63,13,76,0,22,77,17,116,18,10,28,144
04/12/2007,CLL,TX,ASW,CE,Federal Contract Tower,2,23,10,7,42,0,0,60,9,69,2,23,70,16,111,22,8,30,141
04/13/2007,CLL,TX,ASW,CE,Federal Contract Tower,0,19,33,17,69,0,0,38,13,51,0,19,71,30,120,6,4,10,130
04/14/2007,CLL,TX,ASW,CE,Federal Contract Tower,0,14,8,3,25,0,0,52,5,57,0,14,60,8,82,6,10,16,98
04/15/2007,CLL,TX,ASW,CE,Federal Contract Tower,1,21,20,2,44,0,0,110,1,111,1,21,130,3,155,68,0,68,223
04/16/2007,CLL,TX,ASW,CE,Federal Contract Tower,0,22,5,19,46,0,0,67,26,93,0,22,72,45,139,58,10,68,207
04/17/2007,CLL,TX,ASW,CE,Federal Contract Tower,0,22,19,4,45,0,0,5,2,7,0,22,24,6,52,0,0,0,52
04/18/2007,CLL,TX,ASW,CE,Federal Contract Tower,0,21,22,8,51,0,0,38,10,48,0,21,60,18,99,34,24,58,157
04/19/2007,CLL,TX,ASW,CE,Federal Contract Tower,1,24,20,13,58,0,0,82,12,94,1,24,102,25,152,104,12,116,268
04/20/2007,CLL,TX,ASW,CE,Federal Contract Tower,0,19,21,9,49,0,0,61,6,67,0,19,82,15,116,18,42,60,176
04/21/2007,CLL,TX,ASW,CE,Federal Contract Tower,0,13,8,8,29,0,0,53,1,54,0,13,61,9,83,44,48,92,175
04/22/2007,CLL,TX,ASW,CE,Federal Contract Tower,0,19,25,16,60,0,0,38,7,45,0,19,63,23,105,38,14,52,157
04/23/2007,CLL,TX,ASW,CE,Federal Contract Tower,0,24,14,14,52,0,0,19,7,26,0,24,33,21,78,30,2,32,110
04/24/2007,CLL,TX,ASW,CE,Federal Contract Tower,0,20,11,9,40,0,0,5,6,11,0,20,16,15,51,0,0,0,51
04/25/2007,CLL,TX,ASW,CE,Federal Contract Tower,0,22,22,14,58,0,0,42,12,54,0,22,64,26,112,26,0,26,138
04/26/2007,CLL,TX,ASW,CE,Federal Contract Tower,0,21,23,23,67,0,0,96,8,104,0,21,119,31,171,96,38,134,305
04/27/2007,CLL,TX,ASW,CE,Federal Contract Tower,0,21,16,6,43,0,0,69,16,85,0,21,85,22,128,20,6,26,154
04/28/2007,CLL,TX,ASW,CE,Federal Contract Tower,0,12,8,16,36,0,0,62,22,84,0,12,70,38,120,8,38,46,166
04/29/2007,CLL,TX,ASW,CE,Federal Contract Tower,0,19,12,21,52,0,0,40,5,45,0,19,52,26,97,18,2,20,117
04/30/2007,CLL,TX,ASW,CE,Federal Contract Tower,0,20,11,0,31,0,0,22,2,24,0,20,33,2,55,16,0,16,71
05/01/2007,CLL,TX,ASW,CE,Federal Contract Tower,0,20,8,0,28,0,0,3,0,3,0,20,11,0,31,0,0,0,31
05/02/2007,CLL,TX,ASW,CE,Federal Contract Tower,0,21,21,10,52,0,0,30,7,37,0,21,51,17,89,58,0,58,147
05/03/2007,CLL,TX,ASW,CE,Federal Contract Tower,0,20,15,6,41,0,0,22,7,29,0,20,37,13,70,18,6,24,94
05/04/2007,CLL,TX,ASW,CE,Federal Contract Tower,0,21,37,5,63,0,0,41,4,45,0,21,78,9,108,30,0,30,138
05/05/2007,CLL,TX,ASW,CE,Federal Contract Tower,0,11,19,14,44,0,0,24,2,26,0,11,43,16,70,38,34,72,142
05/06/2007,CLL,TX,ASW,CE,Federal Contract Tower,0,20,23,27,70,0,0,48,23,71,0,20,71,50,141,8,8,16,157
05/07/2007,CLL,TX,ASW,CE,Federal Contract Tower,0,20,12,11,43,0,0,48,12,60,0,20,60,23,103,30,18,48,151
05/08/2007,CLL,TX,ASW,CE,Federal Contract Tower,0,20,22,25,67,0,0,27,19,46,0,20,49,44,113,22,28,50,163
05/09/2007,CLL,TX,ASW,CE,Federal Contract Tower,0,21,23,3,47,0,0,39,20,59,0,21,62,23,106,32,0,32,138
05/10/2007,CLL,TX,ASW,CE,Federal Contract Tower,0,24,22,7,53,0,0,61,3,64,0,24,83,10,117,8,14,22,139
05/11/2007,CLL,TX,ASW,CE,Federal Contract Tower,0,20,24,8,52,0,0,67,10,77,0,20,91,18,129,40,18,58,187
05/12/2007,CLL,TX,ASW,CE,Federal Contract Tower,0,15,13,0,28,0,0,56,1,57,0,15,69,1,85,34,0,34,119
05/13/2007,CLL,TX,ASW,CE,Federal Contract Tower,0,17,7,3,27,0,0,37,4,41,0,17,44,7,68,10,0,10,78
05/14/2007,CLL,TX,ASW,CE,Federal Contract Tower,0,21,10,9,40,0,0,47,16,63,0,21,57,25,103,70,8,78,181
05/15/2007,CLL,TX,ASW,CE,Federal Contract Tower,0,22,13,16,51,0,0,42,7,49,0,22,55,23,100,26,18,44,144
05/16/2007,CLL,TX,ASW,CE,Federal Contract Tower,0,21,10,11,42,0,0,31,6,37,0,21,41,17,79,6,0,6,85
05/17/2007,CLL,TX,ASW,CE,Federal Contract Tower,0,25,6,18,49,0,0,59,9,68,0,25,65,27,117,22,26,48,165
05/18/2007,CLL,TX,ASW,CE,Federal Contract Tower,0,16,12,31,59,0,0,60,30,90,0,16,72,61,149,56,44,100,249
05/19/2007,CLL,TX,ASW,CE,Federal Contract Tower,0,13,7,7,27,0,0,47,2,49,0,13,54,9,76,22,16,38,114
05/20/2007,CLL,TX,ASW,CE,Federal Contract Tower,0,20,9,21,50,0,0,57,21,78,0,20,66,42,128,42,30,72,200
05/21/2007,CLL,TX,ASW,CE,Federal Contract Tower,0,20,13,8,41,0,0,48,12,60,0,20,61,20,101,14,4,18,119
05/22/2007,CLL,TX,ASW,CE,Federal Contract Tower,0,23,23,14,60,0,0,33,6,39,0,23,56,20,99,0,0,0,99
05/23/2007,CLL,TX,ASW,CE,Federal Contract Tower,0,21,34,20,75,0,0,41,6,47,0,21,75,26,122,40,4,44,166
05/24/2007,CLL,TX,ASW,CE,Federal Contract Tower,0,25,16,12,53,0,0,28,15,43,0,25,44,27,96,0,4,4,100
05/25/2007,CLL,TX,ASW,CE,Federal Contract Tower,0,24,29,5,58,0,0,9,0,9,0,24,38,5,67,26,0,26,93
05/26/2007,CLL,TX,ASW,CE,Federal Contract Tower,2,13,15,0,30,0,0,2,0,2,2,13,17,0,32,8,0,8,40
05/27/2007,CLL,TX,ASW,CE,Federal Contract Tower,0,28,5,0,33,0,0,4,0,4,0,28,9,0,37,0,0,0,37
05/28/2007,CLL,TX,ASW,CE,Federal Contract Tower,0,17,11,2,30,0,0,13,2,15,0,17,24,4,45,4,4,8,53
05/29/2007,CLL,TX,ASW,CE,Federal Contract Tower,0,23,17,18,58,0,0,28,14,42,0,23,45,32,100,30,4,34,134
05/30/2007,CLL,TX,ASW,CE,Federal Contract Tower,2,17,17,14,50,0,0,37,14,51,2,17,54,28,101,14,10,24,125
05/31/2007,CLL,TX,ASW,CE,Federal Contract Tower,0,24,24,13,61,0,0,51,20,71,0,24,75,33,132,38,0,38,170
06/01/2007,CLL,TX,ASW,CE,Federal Contract Tower,0,23,27,15,65,0,0,72,25,97,0,23,99,40,162,62,34,96,258
06/02/2007,CLL,TX,ASW,CE,Federal Contract Tower,0,14,8,10,32,0,0,50,19,69,0,14,58,29,101,18,34,52,153
06/03/2007,CLL,TX,ASW,CE,Federal Contract Tower,0,21,10,7,38,0,0,41,3,44,0,21,51,10,82,24,0,24,106
06/04/2007,CLL,TX,ASW,CE,Federal Contract Tower,1,18,17,9,45,0,0,44,5,49,1,18,61,14,94,24,10,34,128
06/05/2007,CLL,TX,ASW,CE,Federal Contract Tower,0,21,22,21,64,0,0,68,31,99,0,21,90,52,163,44,14,58,221
06/06/2007,CLL,TX,ASW,CE,Federal Contract Tower,0,19,16,19,54,0,0,67,21,88,0,19,83,40,142,8,20,28,170
06/07/2007,CLL,TX,ASW,CE,Federal Contract Tower,0,20,14,12,46,0,0,35,7,42,0,20,49,19,88,12,0,12,100
06/08/2007,CLL,TX,ASW,CE,Federal Contract Tower,0,17,8,4,29,0,0,59,7,66,0,17,67,11,95,54,14,68,163
06/09/2007,CLL,TX,ASW,CE,Federal Contract Tower,0,13,8,3,24,0,0,55,8,63,0,13,63,11,87,18,6,24,111
06/10/2007,CLL,TX,ASW,CE,Federal Contract Tower,0,19,9,8,36,0,0,43,8,51,0,19,52,16,87,16,4,20,107
06/11/2007,CLL,TX,ASW,CE,Federal Contract Tower,0,20,4,8,32,0,0,66,20,86,0,20,70,28,118,22,70,92,210
06/12/2007,CLL,TX,ASW,CE,Federal Contract Tower,0,19,17,18,54,0,0,57,11,68,0,19,74,29,122,58,16,74,196
06/13/2007,CLL,TX,ASW,CE,Federal Contract Tower,0,26,18,19,63,0,0,69,10,79,0,26,87,29,142,44,14,58,200
06/14/2007,CLL,TX,ASW,CE,Federal Contract Tower,0,26,7,22,55,0,0,39,9,48,0,26,46,31,103,0,64,64,167
06/15/2007,CLL,TX,ASW,CE,Federal Contract Tower,0,21,12,9,42,0,0,18,23,41,0,21,30,32,83,14,28,42,125
06/16/2007,CLL,TX,ASW,CE,Federal Contract Tower,0,19,0,0,19,0,0,14,0,14,0,19,14,0,33,16,4,20,53
06/17/2007,CLL,TX,ASW,CE,Federal Contract Tower,0,17,3,0,20,0,0,7,0,7,0,17,10,0,27,4,0,4,31
06/18/2007,CLL,TX,ASW,CE,Federal Contract Tower,0,29,12,5,46,0,0,38,10,48,0,29,50,15,94,38,0,38,132
06/19/2007,CLL,TX,ASW,CE,Federal Contract Tower,0,21,21,23,65,0,0,58,14,72,0,21,79,37,137,16,22,38,175
06/20/2007,CLL,TX,ASW,CE,Federal Contract Tower,0,23,9,3,35,0,0,25,14,39,0,23,34,17,74,40,0,40,114
06/21/2007,CLL,TX,ASW,CE,Federal Contract Tower,0,19,15,12,46,0,0,26,9,35,0,19,41,21,81,28,2,30,111
06/22/2007,CLL,TX,ASW,CE,Federal Contract Tower,0,23,9,6,38,0,0,38,5,43,0,23,47,11,81,24,2,26,107
06/23/2007,CLL,TX,ASW,CE,Federal Contract Tower,0,13,9,0,22,0,0,29,0,29,0,13,38,0,51,18,0,18,69
06/24/2007,CLL,TX,ASW,CE,Federal Contract Tower,0,23,9,25,57,0,0,47,39,86,0,23,56,64,143,18,6,24,167
06/25/2007,CLL,TX,ASW,CE,Federal Contract Tower,0,20,10,2,32,0,0,12,2,14,0,20,22,4,46,10,0,10,56
06/26/2007,CLL,TX,ASW,CE,Federal Contract Tower,0,27,0,5,32,0,0,10,3,13,0,27,10,8,45,18,0,18,63
06/27/2007,CLL,TX,ASW,CE,Federal Contract Tower,0,20,7,2,29,0,0,25,4,29,0,20,32,6,58,14,0,14,72
06/28/2007,CLL,TX,ASW,CE,Federal Contract Tower,0,22,16,0,38,0,0,31,0,31,0,22,47,0,69,44,0,44,113
06/29/2007,CLL,TX,ASW,CE,Federal Contract Tower,0,23,7,4,34,0,0,37,1,38,0,23,44,5,72,20,10,30,102
06/30/2007,CLL,TX,ASW,CE,Federal Contract Tower,0,14,6,0,20,0,0,39,0,39,0,14,45,0,59,36,0,36,95
07/01/2007,CLL,TX,ASW,CE,Federal Contract Tower,0,22,9,0,31,0,0,24,0,24,0,22,33,0,55,30,0,30,85
07/02/2007,CLL,TX,ASW,CE,Federal Contract Tower,0,15,11,0,26,0,0,31,0,31,0,15,42,0,57,40,0,40,97
07/03/2007,CLL,TX,ASW,CE,Federal Contract Tower,0,16,9,2,27,0,0,34,2,36,0,16,43,4,63,64,0,64,127
07/04/2007,CLL,TX,ASW,CE,Federal Contract Tower,0,15,12,2,29,0,0,8,0,8,0,15,20,2,37,36,0,36,73
07/05/2007,CLL,TX,ASW,CE,Federal Contract Tower,0,17,19,0,36,0,0,27,0,27,0,17,46,0,63,42,0,42,105
07/06/2007,CLL,TX,ASW,CE,Federal Contract Tower,0,24,11,3,38,0,0,37,5,42,0,24,48,8,80,40,14,54,134
07/07/2007,CLL,TX,ASW,CE,Federal Contract Tower,0,14,3,0,17,0,0,43,0,43,0,14,46,0,60,32,0,32,92
07/08/2007,CLL,TX,ASW,CE,Federal Contract Tower,0,19,13,13,45,0,0,62,16,78,0,19,75,29,123,24,14,38,161
07/09/2007,CLL,TX,ASW,CE,Federal Contract Tower,2,21,15,4,42,0,0,52,12,64,2,21,67,16,106,50,0,50,156
07/10/2007,CLL,TX,ASW,CE,Federal Contract Tower,0,20,13,14,47,0,0,73,14,87,0,20,86,28,134,56,0,56,190
07/11/2007,CLL,TX,ASW,CE,Federal Contract Tower,0,20,26,4,50,0,0,64,13,77,0,20,90,17,127,42,18,60,187
07/12/2007,CLL,TX,ASW,CE,Federal Contract Tower,0,22,16,12,50,0,0,66,14,80,0,22,82,26,130,30,8,38,168
07/13/2007,CLL,TX,ASW,CE,Federal Contract Tower,0,22,17,9,48,0,0,67,26,93,0,22,84,35,141,56,32,88,229
07/14/2007,CLL,TX,ASW,CE,Federal Contract Tower,0,13,12,3,28,0,0,10,3,13,0,13,22,6,41,10,12,22,63
07/15/2007,CLL,TX,ASW,CE,Federal Contract Tower,0,24,8,4,36,0,0,32,10,42,0,24,40,14,78,32,4,36,114
07/16/2007,CLL,TX,ASW,CE,Federal Contract Tower,0,23,7,18,48,0,0,39,11,50,0,23,46,29,98,18,12,30,128
07/17/2007,CLL,TX,ASW,CE,Federal Contract Tower,0,24,25,8,57,0,0,29,10,39,0,24,54,18,96,40,8,48,144
07/18/2007,CLL,TX,ASW,CE,Federal Contract Tower,0,24,15,9,48,0,0,39,11,50,0,24,54,20,98,30,2,32,130
07/19/2007,CLL,TX,ASW,CE,Federal Contract Tower,0,27,16,10,53,0,0,24,4,28,0,27,40,14,81,20,0,20,101
07/20/2007,CLL,TX,ASW,CE,Federal Contract Tower,0,23,7,4,34,0,0,24,3,27,0,23,31,7,61,50,2,52,113
07/21/2007,CLL,TX,ASW,CE,Federal Contract Tower,0,14,8,5,27,0,0,42,0,42,0,14,50,5,69,30,12,42,111
07/22/2007,CLL,TX,ASW,CE,Federal Contract Tower,0,23,19,4,46,0,0,46,9,55,0,23,65,13,101,28,8,36,137
07/23/2007,CLL,TX,ASW,CE,Federal Contract Tower,0,18,20,7,45,0,0,84,14,98,0,18,104,21,143,16,12,28,171
07/24/2007,CLL,TX,ASW,CE,Federal Contract Tower,0,20,16,13,49,0,0,90,9,99,0,20,106,22,148,50,0,50,198
07/25/2007,CLL,TX,ASW,CE,Federal Contract Tower,0,21,33,3,57,0,0,18,1,19,0,21,51,4,76,18,0,18,94
07/26/2007,CLL,TX,ASW,CE,Federal Contract Tower,0,28,16,2,46,0,0,14,5,19,0,28,30,7,65,10,0,10,75
07/27/2007,CLL,TX,ASW,CE,Federal Contract Tower,0,18,20,1,39,0,0,35,58,93,0,18,55,59,132,44,6,50,182
07/28/2007,CLL,TX,ASW,CE,Federal Contract Tower,0,11,14,6,31,0,0,45,1,46,0,11,59,7,77,26,6,32,109
07/29/2007,CLL,TX,ASW,CE,Federal Contract Tower,0,20,16,0,36,0,0,26,2,28,0,20,42,2,64,10,0,10,74
07/30/2007,CLL,TX,ASW,CE,Federal Contract Tower,0,19,14,6,39,0,0,60,3,63,0,19,74,9,102,32,0,32,134
07/31/2007,CLL,TX,ASW,CE,Federal Contract Tower,0,18,20,6,44,0,0,82,9,91,0,18,102,15,135,32,0,32,167
08/01/2007,CLL,TX,ASW,CE,Federal Contract Tower,0,22,18,0,40,0,0,56,4,60,0,22,74,4,100,60,0,60,160
08/02/2007,CLL,TX,ASW,CE,Federal Contract Tower,0,23,16,2,41,0,0,23,0,23,0,23,39,2,64,24,0,24,88
08/03/2007,CLL,TX,ASW,CE,Federal Contract Tower,0,22,24,4,50,0,0,67,10,77,0,22,91,14,127,72,18,90,217
08/04/2007,CLL,TX,ASW,CE,Federal Contract Tower,0,13,12,0,25,0,0,59,0,59,0,13,71,0,84,62,4,66,150
08/05/2007,CLL,TX,ASW,CE,Federal Contract Tower,0,24,8,3,35,0,0,72,1,73,0,24,80,4,108,50,0,50,158
08/06/2007,CLL,TX,ASW,CE,Federal Contract Tower,0,19,21,4,44,0,0,54,13,67,0,19,75,17,111,28,0,28,139
08/07/2007,CLL,TX,ASW,CE,Federal Contract Tower,0,23,23,10,56,0,0,43,8,51,0,23,66,18,107,14,2,16,123
08/08/2007,CLL,TX,ASW,CE,Federal Contract Tower,0,21,19,6,46,0,0,53,12,65,0,21,72,18,111,24,6,30,141
08/09/2007,CLL,TX,ASW,CE,Federal Contract Tower,0,21,23,14,58,0,0,54,6,60,0,21,77,20,118,24,0,24,142
08/10/2007,CLL,TX,ASW,CE,Federal Contract Tower,0,23,7,18,48,0,0,78,12,90,0,23,85,30,138,74,18,92,230
08/11/2007,CLL,TX,ASW,CE,Federal Contract Tower,0,14,4,3,21,0,0,59,3,62,0,14,63,6,83,48,0,48,131
08/12/2007,CLL,TX,ASW,CE,Federal Contract Tower,0,20,11,20,51,0,0,53,13,66,0,20,64,33,117,12,10,22,139
08/13/2007,CLL,TX,ASW,CE,Federal Contract Tower,0,25,13,18,56,0,0,80,3,83,0,25,93,21,139,4,14,18,157
08/14/2007,CLL,TX,ASW,CE,Federal Contract Tower,0,21,14,12,47,0,0,71,9,80,0,21,85,21,127,40,2,42,169
08/15/2007,CLL,TX,ASW,CE,Federal Contract Tower,0,23,22,7,52,0,0,38,7,45,0,23,60,14,97,6,6,12,109
08/16/2007,CLL,TX,ASW,CE,Federal Contract Tower,0,36,13,0,49,0,0,0,0,0,0,36,13,0,49,6,0,6,55
08/17/2007,CLL,TX,ASW,CE,Federal Contract Tower,0,33,7,4,44,0,0,39,6,45,0,33,46,10,89,8,0,8,97
08/18/2007,CLL,TX,ASW,CE,Federal Contract Tower,0,15,7,0,22,0,0,43,5,48,0,15,50,5,70,52,6,58,128
08/19/2007,CLL,TX,ASW,CE,Federal Contract Tower,0,18,17,12,47,0,0,50,10,60,0,18,67,22,107,38,0,38,145
08/20/2007,CLL,TX,ASW,CE,Federal Contract Tower,0,17,17,6,40,0,0,59,15,74,0,17,76,21,114,14,0,14,128
08/21/2007,CLL,TX,ASW,CE,Federal Contract Tower,0,18,10,5,33,0,0,67,6,73,0,18,77,11,106,24,0,24,130
08/22/2007,CLL,TX,ASW,CE,Federal Contract Tower,0,21,23,19,63,0,0,41,12,53,0,21,64,31,116,10,16,26,142
08/23/2007,CLL,TX,ASW,CE,Federal Contract Tower,0,20,20,15,55,0,0,46,4,50,0,20,66,19,105,22,24,46,151
08/24/2007,CLL,TX,ASW,CE,Federal Contract Tower,0,22,26,25,73,0,0,63,31,94,0,22,89,56,167,28,56,84,251
08/25/2007,CLL,TX,ASW,CE,Federal Contract Tower,0,11,7,6,24,0,0,72,7,79,0,11,79,13,103,48,18,66,169
08/26/2007,CLL,TX,ASW,CE,Federal Contract Tower,0,19,21,18,58,0,0,49,11,60,0,19,70,29,118,18,4,22,140
08/27/2007,CLL,TX,ASW,CE,Federal Contract Tower,0,19,3,2,24,0,0,31,4,35,0,19,34,6,59,30,10,40,99
08/28/2007,CLL,TX,ASW,CE,Federal Contract Tower,0,19,14,14,47,0,0,23,1,24,0,19,37,15,71,8,0,8,79
08/29/2007,CLL,TX,ASW,CE,Federal Contract Tower,0,31,26,14,71,0,0,25,13,38,0,31,51,27,109,6,12,18,127
08/30/2007,CLL,TX,ASW,CE,Federal Contract Tower,0,23,31,15,69,0,0,42,5,47,0,23,73,20,116,44,6,50,166
08/31/2007,CLL,TX,ASW,CE,Federal Contract Tower,2,23,24,2,51,0,0,43,0,43,2,23,67,2,94,52,2,54,148
09/01/2007,CLL,TX,ASW,CE,Federal Contract Tower,2,14,25,0,41,0,0,87,1,88,2,14,112,1,129,6,4,10,139
09/02/2007,CLL,TX,ASW,CE,Federal Contract Tower,0,17,16,4,37,0,0,34,6,40,0,17,50,10,77,20,0,20,97
09/03/2007,CLL,TX,ASW,CE,Federal Contract Tower,0,32,13,0,45,0,0,41,0,41,0,32,54,0,86,6,0,6,92
09/04/2007,CLL,TX,ASW,CE,Federal Contract Tower,0,20,13,14,47,0,0,18,6,24,0,20,31,20,71,24,6,30,101
09/05/2007,CLL,TX,ASW,CE,Federal Contract Tower,0,19,16,13,48,0,0,30,17,47,0,19,46,30,95,20,8,28,123
09/06/2007,CLL,TX,ASW,CE,Federal Contract Tower,0,25,12,5,42,0,0,82,10,92,0,25,94,15,134,44,8,52,186
09/07/2007,CLL,TX,ASW,CE,Federal Contract Tower,0,19,24,30,73,0,0,63,23,86,0,19,87,53,159,52,8,60,219
09/08/2007,CLL,TX,ASW,CE,Federal Contract Tower,1,14,36,8,59,0,0,59,0,59,1,14,95,8,118,0,0,0,118
09/09/2007,CLL,TX,ASW,CE,Federal Contract Tower,0,17,24,15,56,0,0,58,9,67,0,17,82,24,123,22,8,30,153
09/10/2007,CLL,TX,ASW,CE,Federal Contract Tower,0,26,8,14,48,0,0,40,17,57,0,26,48,31,105,2,28,30,135
09/11/2007,CLL,TX,ASW,CE,Federal Contract Tower,0,21,18,19,58,0,0,16,3,19,0,21,34,22,77,0,0,0,77
09/12/2007,CLL,TX,ASW,CE,Federal Contract Tower,0,24,15,16,55,0,0,35,9,44,0,24,50,25,99,26,0,26,125
09/13/2007,CLL,TX,ASW,CE,Federal Contract Tower,0,24,12,14,50,0,0,26,9,35,0,24,38,23,85,20,0,20,105
09/14/2007,CLL,TX,ASW,CE,Federal Contract Tower,0,24,20,46,90,0,0,90,22,112,0,24,110,68,202,46,60,106,308
09/15/2007,CLL,TX,ASW,CE,Federal Contract Tower,0,14,46,4,64,0,0,46,12,58,0,14,92,16,122,6,0,6,128
09/16/2007,CLL,TX,ASW,CE,Federal Contract Tower,0,19,13,21,53,0,0,67,20,87,0,19,80,41,140,10,10,20,160
09/17/2007,CLL,TX,ASW,CE,Federal Contract Tower,0,23,7,17,47,0,0,58,17,75,0,23,65,34,122,38,8,46,168
09/18/2007,CLL,TX,ASW,CE,Federal Contract Tower,0,19,17,14,50,0,0,54,13,67,0,19,71,27,117,14,98,112,229
09/19/2007,CLL,TX,ASW,CE,Federal Contract Tower,2,16,10,15,43,0,0,27,18,45,2,16,37,33,88,2,42,44,132
09/20/2007,CLL,TX,ASW,CE,Federal Contract Tower,0,20,16,16,52,0,0,64,14,78,0,20,80,30,130,24,32,56,186
09/21/2007,CLL,TX,ASW,CE,Federal Contract Tower,0,21,20,9,50,0,0,70,19,89,0,21,90,28,139,34,32,66,205
09/22/2007,CLL,TX,ASW,CE,Federal Contract Tower,0,10,11,4,25,0,0,58,11,69,0,10,69,15,94,6,16,22,116
09/23/2007,CLL,TX,ASW,CE,Federal Contract Tower,0,19,25,10,54,0,0,74,8,82,0,19,99,18,136,14,4,18,154
09/24/2007,CLL,TX,ASW,CE,Federal Contract Tower,0,18,16,25,59,0,0,40,31,71,0,18,56,56,130,26,56,82,212
09/25/2007,CLL,TX,ASW,CE,Federal Contract Tower,0,19,22,26,67,0,0,46,8,54,0,19,68,34,121,24,4,28,149
09/26/2007,CLL,TX,ASW,CE,Federal Contract Tower,0,19,21,10,50,0,0,32,12,44,0,19,53,22,94,0,0,0,94
09/27/2007,CLL,TX,ASW,CE,Federal Contract Tower,0,19,9,13,41,0,0,39,4,43,0,19,48,17,84,38,20,58,142
09/28/2007,CLL,TX,ASW,CE,Federal Contract Tower,0,20,29,1,50,0,0,91,1,92,0,20,120,2,142,20,0,20,162
09/29/2007,CLL,TX,ASW,CE,Federal Contract Tower,0,10,38,0,48,0,0,99,2,101,0,10,137,2,149,2,0,2,151
09/30/2007,CLL,TX,ASW,CE,Federal Contract Tower,0,17,23,1,41,0,0,48,0,48,0,17,71,1,89,36,0,36,125
10/01/2007,CLL,TX,ASW,CE,Federal Contract Tower,0,21,13,14,48,0,0,39,4,43,0,21,52,18,91,14,2,16,107
10/02/2007,CLL,TX,ASW,CE,Federal Contract Tower,0,19,15,22,56,0,0,64,15,79,0,19,79,37,135,14,4,18,153
10/03/2007,CLL,TX,ASW,CE,Federal Contract Tower,0,20,18,5,43,0,0,85,9,94,0,20,103,14,137,32,20,52,189
10/04/2007,CLL,TX,ASW,CE,Federal Contract Tower,0,24,16,16,56,0,0,67,9,76,0,24,83,25,132,64,88,152,284
10/05/2007,CLL,TX,ASW,CE,Federal Contract Tower,1,20,13,7,41,0,0,119,15,134,1,20,132,22,175,92,28,120,295
10/06/2007,CLL,TX,ASW,CE,Federal Contract Tower,1,19,59,1,80,0,0,34,3,37,1,19,93,4,117,6,2,8,125
10/07/2007,CLL,TX,ASW,CE,Federal Contract Tower,0,20,17,7,44,0,0,26,4,30,0,20,43,11,74,2,0,2,76
10/08/2007,CLL,TX,ASW,CE,Federal Contract Tower,0,19,15,2,36,0,0,29,0,29,0,19,44,2,65,30,0,30,95
10/09/2007,CLL,TX,ASW,CE,Federal Contract Tower,0,20,27,24,71,0,0,39,10,49,0,20,66,34,120,2,22,24,144
10/10/2007,CLL,TX,ASW,CE,Federal Contract Tower,0,20,14,11,45,0,0,61,14,75,0,20,75,25,120,20,0,20,140
10/11/2007,CLL,TX,ASW,CE,Federal Contract Tower,0,23,18,25,66,0,0,63,18,81,0,23,81,43,147,14,0,14,161
10/12/2007,CLL,TX,ASW,CE,Federal Contract Tower,2,19,32,12,65,0,0,127,18,145,2,19,159,30,210,76,34,110,320
10/13/2007,CLL,TX,ASW,CE,Federal Contract Tower,0,10,14,5,29,0,0,80,0,80,0,10,94,5,109,26,12,38,147
10/14/2007,CLL,TX,ASW,CE,Federal Contract Tower,0,19,20,9,48,0,0,69,7,76,0,19,89,16,124,30,0,30,154
10/15/2007,CLL,TX,ASW,CE,Federal Contract Tower,0,19,24,6,49,0,0,9,0,9,0,19,33,6,58,0,0,0,58
10/16/2007,CLL,TX,ASW,CE,Federal Contract Tower,0,24,20,6,50,0,0,16,2,18,0,24,36,8,68,10,0,10,78
10/17/2007,CLL,TX,ASW,CE,Federal Contract Tower,0,21,19,17,57,0,0,46,12,58,0,21,65,29,115,16,6,22,137
10/18/2007,CLL,TX,ASW,CE,Federal Contract Tower,0,23,22,9,54,0,0,69,9,78,0,23,91,18,132,20,0,20,152
10/19/2007,CLL,TX,ASW,CE,Federal Contract Tower,2,20,26,8,56,0,0,78,6,84,2,20,104,14,140,48,34,82,222
10/20/2007,CLL,TX,ASW,CE,Federal Contract Tower,0,10,10,10,30,0,0,97,16,113,0,10,107,26,143,46,44,90,233
10/21/2007,CLL,TX,ASW,CE,Federal Contract Tower,0,19,18,11,48,0,0,81,12,93,0,19,99,23,141,4,6,10,151
10/22/2007,CLL,TX,ASW,CE,Federal Contract Tower,0,21,7,6,34,0,0,4,2,6,0,21,11,8,40,0,6,6,46
10/23/2007,CLL,TX,ASW,CE,Federal Contract Tower,0,23,21,14,58,0,0,33,21,54,0,23,54,35,112,10,18,28,140
10/24/2007,CLL,TX,ASW,CE,Federal Contract Tower,0,22,13,16,51,0,0,68,21,89,0,22,81,37,140,14,6,20,160
10/25/2007,CLL,TX,ASW,CE,Federal Contract Tower,0,23,25,19,67,0,0,86,4,90,0,23,111,23,157,38,30,68,225
10/26/2007,CLL,TX,ASW,CE,Federal Contract Tower,1,23,34,9,67,0,0,110,29,139,1,23,144,38,206,62,28,90,296
10/27/2007,CLL,TX,ASW,CE,Federal Contract Tower,2,14,47,1,64,0,0,153,2,155,2,14,200,3,219,6,0,6,225
10/28/2007,CLL,TX,ASW,CE,Federal Contract Tower,0,29,31,5,65,0,0,90,10,100,0,29,121,15,165,20,2,22,187
10/29/2007,CLL,TX,ASW,CE,Federal Contract Tower,0,23,18,12,53,0,0,65,16,81,0,23,83,28,134,6,0,6,140
10/30/2007,CLL,TX,ASW,CE,Federal Contract Tower,0,20,25,14,59,0,0,80,14,94,0,20,105,28,153,28,2,30,183
10/31/2007,CLL,TX,ASW,CE,Federal Contract Tower,0,19,16,23,58,0,0,53,18,71,0,19,69,41,129,30,34,64,193
11/01/2007,CLL,TX,ASW,CE,Federal Contract Tower,0,21,18,15,54,0,0,62,6,68,0,21,80,21,122,74,22,96,218
11/02/2007,CLL,TX,ASW,CE,Federal Contract Tower,2,18,14,7,41,0,0,51,13,64,2,18,65,20,105,24,26,50,155
11/03/2007,CLL,TX,ASW,CE,Federal Contract Tower,0,11,9,4,24,0,0,52,6,58,0,11,61,10,82,42,0,42,124
11/04/2007,CLL,TX,ASW,CE,Federal Contract Tower,0,22,8,14,44,0,0,79,10,89,0,22,87,24,133,22,0,22,155
11/05/2007,CLL,TX,ASW,CE,Federal Contract Tower,0,22,13,19,54,0,0,45,19,64,0,22,58,38,118,6,30,36,154
11/06/2007,CLL,TX,ASW,CE,Federal Contract Tower,0,22,18,7,47,0,0,26,12,38,0,22,44,19,85,28,0,28,113
11/07/2007,CLL,TX,ASW,CE,Federal Contract Tower,0,21,9,13,43,0,0,60,15,75,0,21,69,28,118,22,0,22,140
11/08/2007,CLL,TX,ASW,CE,Federal Contract Tower,0,22,14,19,55,0,0,59,23,82,0,22,73,42,137,64,32,96,233
11/09/2007,CLL,TX,ASW,CE,Federal Contract Tower,2,21,45,13,81,0,0,70,17,87,2,21,115,30,168,40,26,66,234
11/10/2007,CLL,TX,ASW,CE,Federal Contract Tower,2,12,37,3,54,0,0,22,6,28,2,12,59,9,82,12,0,12,94
11/11/2007,CLL,TX,ASW,CE,Federal Contract Tower,0,18,14,6,38,0,0,58,11,69,0,18,72,17,107,12,0,12,119
11/12/2007,CLL,TX,ASW,CE,Federal Contract Tower,0,21,10,2,33,0,0,55,5,60,0,21,65,7,93,10,0,10,103
11/13/2007,CLL,TX,ASW,CE,Federal Contract Tower,0,20,14,11,45,0,0,31,14,45,0,20,45,25,90,64,8,72,162
11/14/2007,CLL,TX,ASW,CE,Federal Contract Tower,0,20,7,23,50,0,0,35,11,46,0,20,42,34,96,8,0,8,104
11/15/2007,CLL,TX,ASW,CE,Federal Contract Tower,0,20,17,6,43,0,0,48,1,49,0,20,65,7,92,38,0,38,130
11/16/2007,CLL,TX,ASW,CE,Federal Contract Tower,0,18,26,17,61,0,0,95,8,103,0,18,121,25,164,50,46,96,260
11/17/2007,CLL,TX,ASW,CE,Federal Contract Tower,0,13,17,11,41,0,0,33,0,33,0,13,50,11,74,36,0,36,110
11/18/2007,CLL,TX,ASW,CE,Federal Contract Tower,0,17,28,5,50,0,0,44,7,51,0,17,72,12,101,10,0,10,111
11/19/2007,CLL,TX,ASW,CE,Federal Contract Tower,2,25,29,2,58,0,0,49,0,49,2,25,78,2,107,0,0,0,107
11/20/2007,CLL,TX,ASW,CE,Federal Contract Tower,0,21,25,6,52,0,0,38,1,39,0,21,63,7,91,36,0,36,127
11/21/2007,CLL,TX,ASW,CE,Federal Contract Tower,0,30,38,3,71,0,0,22,1,23,0,30,60,4,94,22,0,22,116
11/22/2007,CLL,TX,ASW,CE,Federal Contract Tower,0,10,10,0,20,0,0,21,0,21,0,10,31,0,41,0,0,0,41
11/23/2007,CLL,TX,ASW,CE,Federal Contract Tower,0,26,114,0,140,0,0,59,3,62,0,26,173,3,202,0,0,0,202
11/24/2007,CLL,TX,ASW,CE,Federal Contract Tower,1,19,17,4,41,0,0,0,0,0,1,19,17,4,41,0,0,0,41
11/25/2007,CLL,TX,ASW,CE,Federal Contract Tower,0,18,25,0,43,0,0,0,0,0,0,18,25,0,43,0,0,0,43
11/26/2007,CLL,TX,ASW,CE,Federal Contract Tower,0,21,15,19,55,0,0,71,18,89,0,21,86,37,144,8,24,32,176
11/27/2007,CLL,TX,ASW,CE,Federal Contract Tower,0,24,17,9,50,0,1,58,9,68,0,25,75,18,118,16,6,22,140
11/28/2007,CLL,TX,ASW,CE,Federal Contract Tower,0,18,12,24,54,0,0,33,14,47,0,18,45,38,101,8,28,36,137
11/29/2007,CLL,TX,ASW,CE,Federal Contract Tower,0,25,18,13,56,0,0,53,6,59,0,25,71,19,115,56,0,56,171
11/30/2007,CLL,TX,ASW,CE,Federal Contract Tower,0,19,28,45,92,0,0,21,0,21,0,19,49,45,113,26,76,102,215
12/01/2007,CLL,TX,ASW,CE,Federal Contract Tower,1,11,19,26,57,0,0,26,15,41,1,11,45,41,98,16,32,48,146
12/02/2007,CLL,TX,ASW,CE,Federal Contract Tower,0,21,17,21,59,0,0,25,20,45,0,21,42,41,104,0,2,2,106
12/03/2007,CLL,TX,ASW,CE,Federal Contract Tower,1,21,13,16,51,0,0,68,9,77,1,21,81,25,128,58,4,62,190
12/04/2007,CLL,TX,ASW,CE,Federal Contract Tower,0,21,8,22,51,0,0,80,15,95,0,21,88,37,146,54,22,76,222
12/05/2007,CLL,TX,ASW,CE,Federal Contract Tower,0,28,20,13,61,0,0,68,21,89,0,28,88,34,150,40,6,46,196
12/06/2007,CLL,TX,ASW,CE,Federal Contract Tower,0,30,26,23,79,0,0,66,2,68,0,30,92,25,147,44,0,44,191
12/07/2007,CLL,TX,ASW,CE,Federal Contract Tower,0,20,28,20,68,0,0,21,6,27,0,20,49,26,95,2,60,62,157
12/08/2007,CLL,TX,ASW,CE,Federal Contract Tower,0,12,19,19,50,0,0,37,11,48,0,12,56,30,98,20,16,36,134
12/09/2007,CLL,TX,ASW,CE,Federal Contract Tower,0,22,19,7,48,0,0,16,7,23,0,22,35,14,71,20,2,22,93
12/10/2007,CLL,TX,ASW,CE,Federal Contract Tower,0,19,19,4,42,0,0,0,0,0,0,19,19,4,42,0,0,0,42
12/11/2007,CLL,TX,ASW,CE,Federal Contract Tower,0,29,17,32,78,0,0,8,6,14,0,29,25,38,92,14,32,46,138
12/12/2007,CLL,TX,ASW,CE,Federal Contract Tower,0,20,28,2,50,0,0,0,0,0,0,20,28,2,50,0,0,0,50
12/13/2007,CLL,TX,ASW,CE,Federal Contract Tower,0,21,26,40,87,0,0,27,1,28,0,21,53,41,115,32,0,32,147
12/14/2007,CLL,TX,ASW,CE,Federal Contract Tower,0,21,24,8,53,0,0,0,0,0,0,21,24,8,53,0,0,0,53
12/15/2007,CLL,TX,ASW,CE,Federal Contract Tower,0,12,24,3,39,0,0,11,3,14,0,12,35,6,53,0,2,2,55
12/16/2007,CLL,TX,ASW,CE,Federal Contract Tower,0,20,18,21,59,0,0,64,16,80,0,20,82,37,139,4,30,34,173
12/17/2007,CLL,TX,ASW,CE,Federal Contract Tower,0,23,7,11,41,0,0,46,21,67,0,23,53,32,108,2,34,36,144
12/18/2007,CLL,TX,ASW,CE,Federal Contract Tower,0,24,13,3,40,0,0,53,10,63,0,24,66,13,103,74,12,86,189
12/19/2007,CLL,TX,ASW,CE,Federal Contract Tower,0,23,30,7,60,0,0,16,0,16,0,23,46,7,76,0,0,0,76
12/20/2007,CLL,TX,ASW,CE,Federal Contract Tower,0,25,15,44,84,0,0,47,0,47,0,25,62,44,131,52,16,68,199
12/21/2007,CLL,TX,ASW,CE,Federal Contract Tower,0,21,9,6,36,0,0,49,1,50,0,21,58,7,86,48,18,66,152
12/22/2007,CLL,TX,ASW,CE,Federal Contract Tower,0,10,8,1,19,0,0,50,6,56,0,10,58,7,75,24,0,24,99
12/23/2007,CLL,TX,ASW,CE,Federal Contract Tower,0,17,3,0,20,0,0,50,0,50,0,17,53,0,70,22,0,22,92
12/24/2007,CLL,TX,ASW,CE,Federal Contract Tower,0,15,4,0,19,0,0,28,0,28,0,15,32,0,47,12,0,12,59
12/25/2007,CLL,TX,ASW,CE,Federal Contract Tower,0,20,0,0,20,0,0,6,0,6,0,20,6,0,26,4,0,4,30
12/26/2007,CLL,TX,ASW,CE,Federal Contract Tower,2,19,8,0,29,0,0,9,2,11,2,19,17,2,40,4,0,4,44
12/27/2007,CLL,TX,ASW,CE,Federal Contract Tower,0,22,18,18,58,0,0,44,2,46,0,22,62,20,104,48,0,48,152
12/28/2007,CLL,TX,ASW,CE,Federal Contract Tower,0,20,5,3,28,0,0,34,3,37,0,20,39,6,65,36,4,40,105
12/29/2007,CLL,TX,ASW,CE,Federal Contract Tower,0,12,11,0,23,0,0,31,0,31,0,12,42,0,54,32,0,32,86
12/30/2007,CLL,TX,ASW,CE,Federal Contract Tower,0,18,8,7,33,0,0,52,2,54,0,18,60,9,87,30,0,30,117
12/31/2007,CLL,TX,ASW,CE,Federal Contract Tower,0,18,9,2,29,0,0,44,0,44,0,18,53,2,73,58,0,58,131
01/01/2008,CLL,TX,ASW,CE,Federal Contract Tower,0,17,2,0,19,0,0,12,2,14,0,17,14,2,33,2,0,2,35
01/02/2008,CLL,TX,ASW,CE,Federal Contract Tower,0,24,13,0,37,0,0,41,0,41,0,24,54,0,78,20,0,20,98
01/03/2008,CLL,TX,ASW,CE,Federal Contract Tower,0,23,8,0,31,0,0,30,0,30,0,23,38,0,61,26,0,26,87
01/04/2008,CLL,TX,ASW,CE,Federal Contract Tower,0,22,16,23,61,0,0,19,0,19,0,22,35,23,80,42,20,62,142
01/05/2008,CLL,TX,ASW,CE,Federal Contract Tower,0,8,18,9,35,0,0,25,0,25,0,8,43,9,60,4,0,4,64
01/06/2008,CLL,TX,ASW,CE,Federal Contract Tower,0,17,12,3,32,0,0,30,4,34,0,17,42,7,66,14,4,18,84
01/07/2008,CLL,TX,ASW,CE,Federal Contract Tower,0,22,14,12,48,0,0,11,1,12,0,22,25,13,60,4,28,32,92
01/08/2008,CLL,TX,ASW,CE,Federal Contract Tower,0,22,5,11,38,0,0,7,2,9,0,22,12,13,47,0,0,0,47
01/09/2008,CLL,TX,ASW,CE,Federal Contract Tower,0,21,17,21,59,0,0,54,11,65,0,21,71,32,124,28,16,44,168
01/10/2008,CLL,TX,ASW,CE,Federal Contract Tower,0,28,18,23,69,0,0,35,9,44,0,28,53,32,113,28,36,64,177
01/11/2008,CLL,TX,ASW,CE,Federal Contract Tower,0,21,13,27,61,0,0,43,16,59,0,21,56,43,120,46,66,112,232
01/12/2008,CLL,TX,ASW,CE,Federal Contract Tower,0,10,21,16,47,0,0,39,7,46,0,10,60,23,93,12,34,46,139
01/13/2008,CLL,TX,ASW,CE,Federal Contract Tower,0,19,11,22,52,0,0,67,17,84,0,19,78,39,136,54,16,70,206
01/14/2008,CLL,TX,ASW,CE,Federal Contract Tower,0,17,12,15,44,0,0,24,10,34,0,17,36,25,78,14,16,30,108
01/15/2008,CLL,TX,ASW,CE,Federal Contract Tower,2,18,19,9,48,0,0,26,11,37,2,18,45,20,85,8,0,8,93
01/16/2008,CLL,TX,ASW,CE,Federal Contract Tower,0,22,24,9,55,0,0,4,3,7,0,22,28,12,62,0,0,0,62
01/17/2008,CLL,TX,ASW,CE,Federal Contract Tower,0,23,11,22,56,0,0,39,10,49,0,23,50,32,105,22,18,40,145
01/18/2008,CLL,TX,ASW,CE,Federal Contract Tower,1,17,17,4,39,0,0,1,0,1,1,17,18,4,40,0,0,0,40
01/19/2008,CLL,TX,ASW,CE,Federal Contract Tower,1,13,6,2,22,0,0,54,2,56,1,13,60,4,78,34,12,46,124
01/20/2008,CLL,TX,ASW,CE,Federal Contract Tower,3,24,14,4,45,0,0,66,7,73,3,24,80,11,118,24,0,24,142
01/21/2008,CLL,TX,ASW,CE,Federal Contract Tower,0,18,6,0,24,0,0,8,0,8,0,18,14,0,32,14,0,14,46
01/22/2008,CLL,TX,ASW,CE,Federal Contract Tower,0,28,9,0,37,0,0,0,0,0,0,28,9,0,37,0,0,0,37
01/23/2008,CLL,TX,ASW,CE,Federal Contract Tower,0,25,15,4,44,0,0,1,0,1,0,25,16,4,45,0,0,0,45
01/24/2008,CLL,TX,ASW,CE,Federal Contract Tower,0,24,27,38,89,0,0,33,8,41,0,24,60,46,130,0,76,76,206
01/25/2008,CLL,TX,ASW,CE,Federal Contract Tower,2,23,22,12,59,0,0,0,0,0,2,23,22,12,59,8,30,38,97
01/26/2008,CLL,TX,ASW,CE,Federal Contract Tower,2,13,15,2,32,0,0,51,7,58,2,13,66,9,90,38,36,74,164
01/27/2008,CLL,TX,ASW,CE,Federal Contract Tower,0,20,22,17,59,0,0,69,15,84,0,20,91,32,143,22,22,44,187
01/28/2008,CLL,TX,ASW,CE,Federal Contract Tower,0,21,31,2,54,0,0,9,0,9,0,21,40,2,63,0,0,0,63
01/29/2008,CLL,TX,ASW,CE,Federal Contract Tower,0,20,16,13,49,0,0,19,10,29,0,20,35,23,78,0,66,66,144
01/30/2008,CLL,TX,ASW,CE,Federal Contract Tower,0,19,20,30,69,0,0,46,14,60,0,19,66,44,129,20,68,88,217
01/31/2008,CLL,TX,ASW,CE,Federal Contract Tower,0,37,17,10,64,0,0,17,8,25,0,37,34,18,89,0,8,8,97
02/01/2008,CLL,TX,ASW,CE,Federal Contract Tower,0,20,22,13,55,0,0,82,8,90,0,20,104,21,145,48,46,94,239
02/02/2008,CLL,TX,ASW,CE,Federal Contract Tower,0,11,21,4,36,0,0,76,2,78,0,11,97,6,114,28,36,64,178
02/03/2008,CLL,TX,ASW,CE,Federal Contract Tower,1,20,14,4,39,0,0,14,0,14,1,20,28,4,53,12,0,12,65
02/04/2008,CLL,TX,ASW,CE,Federal Contract Tower,0,24,28,26,78,0,0,3,1,4,0,24,31,27,82,0,18,18,100
02/05/2008,CLL,TX,ASW,CE,Federal Contract Tower,0,22,25,13,60,0,0,4,13,17,0,22,29,26,77,0,14,14,91
02/06/2008,CLL,TX,ASW,CE,Federal Contract Tower,0,21,26,45,92,0,0,60,20,80,0,21,86,65,172,38,36,74,246
02/07/2008,CLL,TX,ASW,CE,Federal Contract Tower,0,20,14,15,49,0,0,63,14,77,0,20,77,29,126,40,18,58,184
02/08/2008,CLL,TX,ASW,CE,Federal Contract Tower,1,19,15,16,51,0,0,54,9,63,1,19,69,25,114,20,70,90,204
02/09/2008,CLL,TX,ASW,CE,Federal Contract Tower,1,11,36,10,58,0,0,72,2,74,1,11,108,12,132,36,24,60,192
02/10/2008,CLL,TX,ASW,CE,Federal Contract Tower,1,19,25,3,48,0,0,83,0,83,1,19,108,3,131,60,0,60,191
02/11/2008,CLL,TX,ASW,CE,Federal Contract Tower,0,25,19,5,49,0,0,21,0,21,0,25,40,5,70,26,0,26,96
02/12/2008,CLL,TX,ASW,CE,Federal Contract Tower,0,29,17,8,54,0,0,18,4,22,0,29,35,12,76,26,0,26,102
02/13/2008,CLL,TX,ASW,CE,Federal Contract Tower,0,21,26,31,78,0,0,50,14,64,0,21,76,45,142,26,38,64,206
02/14/2008,CLL,TX,ASW,CE,Federal Contract Tower,0,23,23,17,63,0,0,53,7,60,0,23,76,24,123,0,34,34,157
02/15/2008,CLL,TX,ASW,CE,Federal Contract Tower,0,21,17,16,54,0,0,14,1,15,0,21,31,17,69,52,34,86,155
02/16/2008,CLL,TX,ASW,CE,Federal Contract Tower,0,14,3,0,17,0,0,0,0,0,0,14,3,0,17,0,0,0,17
02/17/2008,CLL,TX,ASW,CE,Federal Contract Tower,0,20,18,16,54,0,0,60,7,67,0,20,78,23,121,30,8,38,159
02/18/2008,CLL,TX,ASW,CE,Federal Contract Tower,0,21,17,13,51,0,0,69,11,80,0,21,86,24,131,22,0,22,153
02/19/2008,CLL,TX,ASW,CE,Federal Contract Tower,0,20,16,33,69,0,0,85,27,112,0,20,101,60,181,46,34,80,261
02/20/2008,CLL,TX,ASW,CE,Federal Contract Tower,0,17,31,9,57,0,0,23,9,32,0,17,54,18,89,44,44,88,177
02/21/2008,CLL,TX,ASW,CE,Federal Contract Tower,0,23,15,6,44,0,0,5,6,11,0,23,20,12,55,10,2,12,67
02/22/2008,CLL,TX,ASW,CE,Federal Contract Tower,0,23,24,16,63,0,0,58,14,72,0,23,82,30,135,32,50,82,217
02/23/2008,CLL,TX,ASW,CE,Federal Contract Tower,0,17,18,13,48,0,0,101,16,117,0,17,119,29,165,70,52,122,287
02/24/2008,CLL,TX,ASW,CE,Federal Contract Tower,0,20,20,28,68,0,0,82,6,88,0,20,102,34,156,22,6,28,184
02/25/2008,CLL,TX,ASW,CE,Federal Contract Tower,0,21,16,30,67,0,0,23,15,38,0,21,39,45,105,4,34,38,143
02/26/2008,CLL,TX,ASW,CE,Federal Contract Tower,0,26,19,19,64,0,0,31,6,37,0,26,50,25,101,6,24,30,131
02/27/2008,CLL,TX,ASW,CE,Federal Contract Tower,0,24,18,29,71,0,0,60,6,66,0,24,78,35,137,58,12,70,207
02/28/2008,CLL,TX,ASW,CE,Federal Contract Tower,3,19,11,27,60,0,0,63,15,78,3,19,74,42,138,6,26,32,170
02/29/2008,CLL,TX,ASW,CE,Federal Contract Tower,1,18,31,19,69,0,0,78,15,93,1,18,109,34,162,76,56,132,294
03/01/2008,CLL,TX,ASW,CE,Federal Contract Tower,1,19,22,4,46,0,0,67,7,74,1,19,89,11,120,78,8,86,206
03/02/2008,CLL,TX,ASW,CE,Federal Contract Tower,1,17,16,12,46,0,0,11,12,23,1,17,27,24,69,14,0,14,83
03/03/2008,CLL,TX,ASW,CE,Federal Contract Tower,0,19,15,6,40,0,0,1,0,1,0,19,16,6,41,0,0,0,41
03/04/2008,CLL,TX,ASW,CE,Federal Contract Tower,0,24,18,26,68,0,0,57,14,71,0,24,75,40,139,52,10,62,201
03/05/2008,CLL,TX,ASW,CE,Federal Contract Tower,0,19,22,23,64,0,0,58,22,80,0,19,80,45,144,50,8,58,202
03/06/2008,CLL,TX,ASW,CE,Federal Contract Tower,0,18,11,0,29,0,0,0,1,1,0,18,11,1,30,0,0,0,30
03/07/2008,CLL,TX,ASW,CE,Federal Contract Tower,1,18,12,26,57,0,0,44,23,67,1,18,56,49,124,16,16,32,156
03/08/2008,CLL,TX,ASW,CE,Federal Contract Tower,1,15,17,0,33,0,0,82,5,87,1,15,99,5,120,12,0,12,132
03/09/2008,CLL,TX,ASW,CE,Federal Contract Tower,0,16,14,22,52,0,0,50,19,69,0,16,64,41,121,4,16,20,141
03/10/2008,CLL,TX,ASW,CE,Federal Contract Tower,0,21,5,1,27,0,0,0,0,0,0,21,5,1,27,0,0,0,27
03/11/2008,CLL,TX,ASW,CE,Federal Contract Tower,0,21,16,15,52,0,0,49,12,61,0,21,65,27,113,52,28,80,193
03/12/2008,CLL,TX,ASW,CE,Federal Contract Tower,2,18,9,30,59,0,0,58,10,68,2,18,67,40,127,30,10,40,167
03/13/2008,CLL,TX,ASW,CE,Federal Contract Tower,0,20,14,15,49,0,0,37,5,42,0,20,51,20,91,22,24,46,137
03/14/2008,CLL,TX,ASW,CE,Federal Contract Tower,0,21,14,14,49,0,0,50,9,59,0,21,64,23,108,94,32,126,234
03/15/2008,CLL,TX,ASW,CE,Federal Contract Tower,0,6,4,24,34,0,0,78,16,94,0,6,82,40,128,28,50,78,206
03/16/2008,CLL,TX,ASW,CE,Federal Contract Tower,0,18,6,16,40,0,0,35,4,39,0,18,41,20,79,14,4,18,97
03/17/2008,CLL,TX,ASW,CE,Federal Contract Tower,0,15,11,6,32,0,0,10,5,15,0,15,21,11,47,14,12,26,73
03/18/2008,CLL,TX,ASW,CE,Federal Contract Tower,0,12,5,0,17,0,0,0,0,0,0,12,5,0,17,0,0,0,17
03/19/2008,CLL,TX,ASW,CE,Federal Contract Tower,0,19,14,8,41,0,0,49,2,51,0,19,63,10,92,26,0,26,118
03/20/2008,CLL,TX,ASW,CE,Federal Contract Tower,4,18,26,10,58,0,0,93,7,100,4,18,119,17,158,48,8,56,214
03/21/2008,CLL,TX,ASW,CE,Federal Contract Tower,0,19,18,7,44,0,0,77,1,78,0,19,95,8,122,78,10,88,210
03/22/2008,CLL,TX,ASW,CE,Federal Contract Tower,0,8,15,1,24,0,0,69,5,74,0,8,84,6,98,52,2,54,152
03/23/2008,CLL,TX,ASW,CE,Federal Contract Tower,3,17,8,2,30,0,0,53,9,62,3,17,61,11,92,18,4,22,114
03/24/2008,CLL,TX,ASW,CE,Federal Contract Tower,0,28,20,15,63,0,0,49,13,62,0,28,69,28,125,38,14,52,177
03/25/2008,CLL,TX,ASW,CE,Federal Contract Tower,3,17,15,2,37,0,0,31,2,33,3,17,46,4,70,20,0,20,90
03/26/2008,CLL,TX,ASW,CE,Federal Contract Tower,0,23,40,22,85,0,0,39,5,44,0,23,79,27,129,38,8,46,175
03/27/2008,CLL,TX,ASW,CE,Federal Contract Tower,1,24,25,9,59,0,0,37,3,40,1,24,62,12,99,6,0,6,105
03/28/2008,CLL,TX,ASW,CE,Federal Contract Tower,2,21,52,16,91,0,0,31,5,36,2,21,83,21,127,42,16,58,185
03/29/2008,CLL,TX,ASW,CE,Federal Contract Tower,0,8,14,4,26,0,0,13,2,15,0,8,27,6,41,8,0,8,49
03/30/2008,CLL,TX,ASW,CE,Federal Contract Tower,1,18,17,0,36,0,0,17,0,17,1,18,34,0,53,0,0,0,53
03/31/2008,CLL,TX,ASW,CE,Federal Contract Tower,0,16,6,3,25,0,0,18,2,20,0,16,24,5,45,8,0,8,53
04/01/2008,CLL,TX,ASW,CE,Federal Contract Tower,1,21,33,15,70,0,0,21,15,36,1,21,54,30,106,20,12,32,138
04/02/2008,CLL,TX,ASW,CE,Federal Contract Tower,0,24,34,20,78,0,0,22,11,33,0,24,56,31,111,24,12,36,147
04/03/2008,CLL,TX,ASW,CE,Federal Contract Tower,0,27,42,20,89,0,0,22,8,30,0,27,64,28,119,8,16,24,143
04/04/2008,CLL,TX,ASW,CE,Federal Contract Tower,0,27,23,2,52,0,0,9,4,13,0,27,32,6,65,14,4,18,83
04/05/2008,CLL,TX,ASW,CE,Federal Contract Tower,0,8,18,5,31,0,0,87,2,89,0,8,105,7,120,84,8,92,212
04/06/2008,CLL,TX,ASW,CE,Federal Contract Tower,0,19,14,5,38,0,0,69,6,75,0,19,83,11,113,2,0,2,115
04/07/2008,CLL,TX,ASW,CE,Federal Contract Tower,0,17,23,13,53,0,0,47,17,64,0,17,70,30,117,34,14,48,165
04/08/2008,CLL,TX,ASW,CE,Federal Contract Tower,0,20,30,15,65,0,0,28,15,43,0,20,58,30,108,28,14,42,150
04/09/2008,CLL,TX,ASW,CE,Federal Contract Tower,0,19,10,8,37,0,0,17,2,19,0,19,27,10,56,66,4,70,126
04/10/2008,CLL,TX,ASW,CE,Federal Contract Tower,0,24,13,36,73,0,0,58,8,66,0,24,71,44,139,88,20,108,247
04/11/2008,CLL,TX,ASW,CE,Federal Contract Tower,0,20,19,32,71,0,0,73,12,85,0,20,92,44,156,88,28,116,272
04/12/2008,CLL,TX,ASW,CE,Federal Contract Tower,0,8,13,11,32,0,0,66,13,79,0,8,79,24,111,0,54,54,165
04/13/2008,CLL,TX,ASW,CE,Federal Contract Tower,0,17,25,14,56,0,0,71,28,99,0,17,96,42,155,40,2,42,197
04/14/2008,CLL,TX,ASW,CE,Federal Contract Tower,0,20,6,29,55,0,0,69,12,81,0,20,75,41,136,46,12,58,194
04/15/2008,CLL,TX,ASW,CE,Federal Contract Tower,0,26,17,23,66,0,0,70,6,76,0,26,87,29,142,26,2,28,170
04/16/2008,CLL,TX,ASW,CE,Federal Contract Tower,0,20,30,17,67,0,0,47,17,64,0,20,77,34,131,28,6,34,165
04/17/2008,CLL,TX,ASW,CE,Federal Contract Tower,0,17,17,8,42,0,0,13,7,20,0,17,30,15,62,6,20,26,88
04/18/2008,CLL,TX,ASW,CE,Federal Contract Tower,0,17,17,19,53,0,0,71,10,81,0,17,88,29,134,62,14,76,210
04/19/2008,CLL,TX,ASW,CE,Federal Contract Tower,0,7,7,10,24,0,0,77,4,81,0,7,84,14,105,34,26,60,165
04/20/2008,CLL,TX,ASW,CE,Federal Contract Tower,0,18,25,15,58,0,0,69,8,77,0,18,94,23,135,44,0,44,179
04/21/2008,CLL,TX,ASW,CE,Federal Contract Tower,0,22,21,7,50,0,0,24,8,32,0,22,45,15,82,22,4,26,108
04/22/2008,CLL,TX,ASW,CE,Federal Contract Tower,0,20,15,8,43,0,0,26,0,26,0,20,41,8,69,40,0,40,109
04/23/2008,CLL,TX,ASW,CE,Federal Contract Tower,0,21,16,10,47,0,0,46,2,48,0,21,62,12,95,24,8,32,127
04/24/2008,CLL,TX,ASW,CE,Federal Contract Tower,0,22,21,11,54,0,0,63,7,70,0,22,84,18,124,48,0,48,172
04/25/2008,CLL,TX,ASW,CE,Federal Contract Tower,0,18,26,20,64,0,0,38,5,43,0,18,64,25,107,46,4,50,157
04/26/2008,CLL,TX,ASW,CE,Federal Contract Tower,0,9,15,4,28,0,0,59,4,63,0,9,74,8,91,92,0,92,183
04/27/2008,CLL,TX,ASW,CE,Federal Contract Tower,0,19,9,1,29,0,0,9,0,9,0,19,18,1,38,4,0,4,42
04/28/2008,CLL,TX,ASW,CE,Federal Contract Tower,0,19,27,20,66,0,0,89,28,117,0,19,116,48,183,76,36,112,295
04/29/2008,CLL,TX,ASW,CE,Federal Contract Tower,0,18,16,22,56,0,0,70,24,94,0,18,86,46,150,18,30,48,198
04/30/2008,CLL,TX,ASW,CE,Federal Contract Tower,2,20,19,32,73,0,0,47,12,59,2,20,66,44,132,24,54,78,210
05/01/2008,CLL,TX,ASW,CE,Federal Contract Tower,0,18,20,18,56,0,0,38,4,42,0,18,58,22,98,32,0,32,130
05/02/2008,CLL,TX,ASW,CE,Federal Contract Tower,0,17,23,24,64,0,0,49,8,57,0,17,72,32,121,76,26,102,223
05/03/2008,CLL,TX,ASW,CE,Federal Contract Tower,0,10,17,10,37,0,0,66,15,81,0,10,83,25,118,38,36,74,192
05/04/2008,CLL,TX,ASW,CE,Federal Contract Tower,0,16,12,11,39,0,0,81,15,96,0,16,93,26,135,24,30,54,189
05/05/2008,CLL,TX,ASW,CE,Federal Contract Tower,0,18,3,0,21,0,0,2,1,3,0,18,5,1,24,0,0,0,24
05/06/2008,CLL,TX,ASW,CE,Federal Contract Tower,0,19,3,13,35,0,0,6,3,9,0,19,9,16,44,6,0,6,50
05/07/2008,CLL,TX,ASW,CE,Federal Contract Tower,0,19,13,15,47,0,0,16,3,19,0,19,29,18,66,38,0,38,104
05/08/2008,CLL,TX,ASW,CE,Federal Contract Tower,2,20,21,37,80,0,0,97,6,103,2,20,118,43,183,39,34,73,256
05/09/2008,CLL,TX,ASW,CE,Federal Contract Tower,0,27,25,3,55,0,0,90,3,93,0,27,115,6,148,26,20,46,194
05/10/2008,CLL,TX,ASW,CE,Federal Contract Tower,0,9,22,6,37,0,0,12,0,12,0,9,34,6,49,6,10,16,65
05/11/2008,CLL,TX,ASW,CE,Federal Contract Tower,0,16,12,4,32,0,0,38,11,49,0,16,50,15,81,0,0,0,81
05/12/2008,CLL,TX,ASW,CE,Federal Contract Tower,0,19,16,17,52,0,0,55,16,71,0,19,71,33,123,38,44,82,205
05/13/2008,CLL,TX,ASW,CE,Federal Contract Tower,0,22,29,1,52,0,0,11,1,12,0,22,40,2,64,26,0,26,90
05/14/2008,CLL,TX,ASW,CE,Federal Contract Tower,1,19,14,2,36,0,0,18,0,18,1,19,32,2,54,0,0,0,54
05/15/2008,CLL,TX,ASW,CE,Federal Contract Tower,0,20,17,6,43,0,0,2,5,7,0,20,19,11,50,0,0,0,50
05/16/2008,CLL,TX,ASW,CE,Federal Contract Tower,0,20,13,1,34,0,0,57,6,63,0,20,70,7,97,26,24,50,147
05/17/2008,CLL,TX,ASW,CE,Federal Contract Tower,0,12,10,14,36,0,0,56,4,60,0,12,66,18,96,30,20,50,146
05/18/2008,CLL,TX,ASW,CE,Federal Contract Tower,0,13,9,36,58,0,0,56,9,65,0,13,65,45,123,12,20,32,155
05/19/2008,CLL,TX,ASW,CE,Federal Contract Tower,0,16,17,16,49,0,0,56,10,66,0,16,73,26,115,12,0,12,127
05/20/2008,CLL,TX,ASW,CE,Federal Contract Tower,0,20,12,19,51,0,0,67,8,75,0,20,79,27,126,70,8,78,204
05/21/2008,CLL,TX,ASW,CE,Federal Contract Tower,0,24,23,20,67,0,0,50,6,56,0,24,73,26,123,20,16,36,159
05/22/2008,CLL,TX,ASW,CE,Federal Contract Tower,0,29,20,24,73,0,0,29,6,35,0,29,49,30,108,24,20,44,152
05/23/2008,CLL,TX,ASW,CE,Federal Contract Tower,0,20,17,6,43,0,0,46,0,46,0,20,63,6,89,44,4,48,137
05/24/2008,CLL,TX,ASW,CE,Federal Contract Tower,0,10,13,2,25,0,0,39,2,41,0,10,52,4,66,52,22,74,140
05/25/2008,CLL,TX,ASW,CE,Federal Contract Tower,0,14,14,9,37,0,0,30,2,32,0,14,44,11,69,54,0,54,123
05/26/2008,CLL,TX,ASW,CE,Federal Contract Tower,0,18,15,0,33,0,0,36,0,36,0,18,51,0,69,54,0,54,123
05/27/2008,CLL,TX,ASW,CE,Federal Contract Tower,0,17,15,3,35,0,0,16,2,18,0,17,31,5,53,0,10,10,63
05/28/2008,CLL,TX,ASW,CE,Federal Contract Tower,0,19,18,10,47,0,0,51,6,57,0,19,69,16,104,44,6,50,154
05/29/2008,CLL,TX,ASW,CE,Federal Contract Tower,0,16,8,10,34,0,0,30,3,33,0,16,38,13,67,32,0,32,99
05/30/2008,CLL,TX,ASW,CE,Federal Contract Tower,0,18,20,16,54,0,0,95,16,111,0,18,115,32,165,18,26,44,209
05/31/2008,CLL,TX,ASW,CE,Federal Contract Tower,0,8,12,3,23,0,0,47,5,52,0,8,59,8,75,22,0,22,97
06/01/2008,CLL,TX,ASW,CE,Federal Contract Tower,0,16,16,12,44,0,0,33,11,44,0,16,49,23,88,28,34,62,150
06/02/2008,CLL,TX,ASW,CE,Federal Contract Tower,0,19,23,22,64,0,0,42,7,49,0,19,65,29,113,0,12,12,125
06/03/2008,CLL,TX,ASW,CE,Federal Contract Tower,0,18,13,33,64,0,0,40,14,54,0,18,53,47,118,54,76,130,248
06/04/2008,CLL,TX,ASW,CE,Federal Contract Tower,0,20,15,10,45,0,0,33,11,44,0,20,48,21,89,2,4,6,95
06/05/2008,CLL,TX,ASW,CE,Federal Contract Tower,0,18,11,27,56,0,0,24,5,29,0,18,35,32,85,14,20,34,119
06/06/2008,CLL,TX,ASW,CE,Federal Contract Tower,0,22,14,14,50,0,0,57,10,67,0,22,71,24,117,42,42,84,201
06/07/2008,CLL,TX,ASW,CE,Federal Contract Tower,0,11,17,2,30,0,0,34,2,36,0,11,51,4,66,28,2,30,96
06/08/2008,CLL,TX,ASW,CE,Federal Contract Tower,0,17,13,34,64,0,0,28,17,45,0,17,41,51,109,0,4,4,113
06/09/2008,CLL,TX,ASW,CE,Federal Contract Tower,0,16,9,9,34,0,0,43,5,48,0,16,52,14,82,48,28,76,158
06/10/2008,CLL,TX,ASW,CE,Federal Contract Tower,0,25,14,3,42,0,0,30,1,31,0,25,44,4,73,0,0,0,73
06/11/2008,CLL,TX,ASW,CE,Federal Contract Tower,0,17,12,20,49,0,0,43,4,47,0,17,55,24,96,56,0,56,152
06/12/2008,CLL,TX,ASW,CE,Federal Contract Tower,0,26,13,5,44,0,0,44,5,49,0,26,57,10,93,10,4,14,107
06/13/2008,CLL,TX,ASW,CE,Federal Contract Tower,0,17,11,14,42,0,0,35,4,39,0,17,46,18,81,52,30,82,163
06/14/2008,CLL,TX,ASW,CE,Federal Contract Tower,0,8,7,13,28,0,0,44,10,54,0,8,51,23,82,50,22,72,154
06/15/2008,CLL,TX,ASW,CE,Federal Contract Tower,0,18,13,2,33,0,0,42,0,42,0,18,55,2,75,20,0,20,95
06/16/2008,CLL,TX,ASW,CE,Federal Contract Tower,0,22,19,15,56,0,0,50,18,68,0,22,69,33,124,18,18,36,160
06/17/2008,CLL,TX,ASW,CE,Federal Contract Tower,0,19,12,12,43,0,0,49,3,52,0,19,61,15,95,58,0,58,153
06/18/2008,CLL,TX,ASW,CE,Federal Contract Tower,0,19,13,5,37,0,0,52,3,55,0,19,65,8,92,100,4,104,196
06/19/2008,CLL,TX,ASW,CE,Federal Contract Tower,0,24,15,10,49,0,0,34,2,36,0,24,49,12,85,48,0,48,133
06/20/2008,CLL,TX,ASW,CE,Federal Contract Tower,0,15,10,11,36,0,0,45,2,47,0,15,55,13,83,34,14,48,131
06/21/2008,CLL,TX,ASW,CE,Federal Contract Tower,0,13,3,1,17,0,0,44,1,45,0,13,47,2,62,16,0,16,78
06/22/2008,CLL,TX,ASW,CE,Federal Contract Tower,0,18,13,15,46,0,0,38,8,46,0,18,51,23,92,18,0,18,110
06/23/2008,CLL,TX,ASW,CE,Federal Contract Tower,0,20,8,16,44,0,0,56,4,60,0,20,64,20,104,20,0,20,124
06/24/2008,CLL,TX,ASW,CE,Federal Contract Tower,0,22,7,17,46,0,0,41,12,53,0,22,48,29,99,22,2,24,123
06/25/2008,CLL,TX,ASW,CE,Federal Contract Tower,0,24,20,22,66,0,0,36,10,46,0,24,56,32,112,30,4,34,146
06/26/2008,CLL,TX,ASW,CE,Federal Contract Tower,4,44,15,12,75,0,0,39,7,46,4,44,54,19,121,6,4,10,131
06/27/2008,CLL,TX,ASW,CE,Federal Contract Tower,0,17,24,12,53,0,0,42,9,51,0,17,66,21,104,64,14,78,182
06/28/2008,CLL,TX,ASW,CE,Federal Contract Tower,0,12,9,14,35,0,0,37,11,48,0,12,46,25,83,6,24,30,113
06/29/2008,CLL,TX,ASW,CE,Federal Contract Tower,0,31,10,4,45,0,0,27,3,30,0,31,37,7,75,30,0,30,105
06/30/2008,CLL,TX,ASW,CE,Federal Contract Tower,0,23,21,10,54,0,0,49,4,53,0,23,70,14,107,40,28,68,175
07/01/2008,CLL,TX,ASW,CE,Federal Contract Tower,0,20,11,13,44,0,0,55,18,73,0,20,66,31,117,46,8,54,171
07/02/2008,CLL,TX,ASW,CE,Federal Contract Tower,2,25,14,11,52,0,0,49,3,52,2,25,63,14,104,44,6,50,154
07/03/2008,CLL,TX,ASW,CE,Federal Contract Tower,225,25,14,11,275,0,0,49,3,52,225,25,63,14,327,44,6,50,377
07/04/2008,CLL,TX,ASW,CE,Federal Contract Tower,2,16,3,10,31,0,0,35,0,35,2,16,38,10,66,46,0,46,112
07/05/2008,CLL,TX,ASW,CE,Federal Contract Tower,0,9,13,2,24,0,0,37,0,37,0,9,50,2,61,36,0,36,97
07/06/2008,CLL,TX,ASW,CE,Federal Contract Tower,0,15,12,0,27,0,0,37,0,37,0,15,49,0,64,12,10,22,86
07/07/2008,CLL,TX,ASW,CE,Federal Contract Tower,0,18,10,16,44,0,0,51,3,54,0,18,61,19,98,48,0,48,146
07/08/2008,CLL,TX,ASW,CE,Federal Contract Tower,1,17,16,15,49,0,0,38,0,38,1,17,54,15,87,26,38,64,151
07/09/2008,CLL,TX,ASW,CE,Federal Contract Tower,0,17,18,15,50,0,0,41,2,43,0,17,59,17,93,66,6,72,165
07/10/2008,CLL,TX,ASW,CE,Federal Contract Tower,0,19,18,22,59,0,0,56,8,64,0,19,74,30,123,22,22,44,167
07/11/2008,CLL,TX,ASW,CE,Federal Contract Tower,0,23,14,2,39,0,0,51,17,68,0,23,65,19,107,48,46,94,201
07/12/2008,CLL,TX,ASW,CE,Federal Contract Tower,0,8,7,5,20,0,0,73,3,76,0,8,80,8,96,110,0,110,206
07/13/2008,CLL,TX,ASW,CE,Federal Contract Tower,0,16,12,21,49,0,0,54,2,56,0,16,66,23,105,86,6,92,197
07/14/2008,CLL,TX,ASW,CE,Federal Contract Tower,0,18,7,12,37,0,0,26,1,27,0,18,33,13,64,50,14,64,128
07/15/2008,CLL,TX,ASW,CE,Federal Contract Tower,0,18,15,18,51,0,0,34,6,40,0,18,49,24,91,50,22,72,163
07/16/2008,CLL,TX,ASW,CE,Federal Contract Tower,0,17,31,5,53,0,0,60,26,86,0,17,91,31,139,104,44,148,287
07/17/2008,CLL,TX,ASW,CE,Federal Contract Tower,0,20,23,10,53,0,0,56,10,66,0,20,79,20,119,74,4,78,197
07/18/2008,CLL,TX,ASW,CE,Federal Contract Tower,0,20,17,26,63,0,0,63,8,71,0,20,80,34,134,26,92,118,252
07/19/2008,CLL,TX,ASW,CE,Federal Contract Tower,0,9,9,4,22,0,0,53,1,54,0,9,62,5,76,52,14,66,142
07/20/2008,CLL,TX,ASW,CE,Federal Contract Tower,0,16,12,26,54,0,0,40,18,58,0,16,52,44,112,12,0,12,124
07/21/2008,CLL,TX,ASW,CE,Federal Contract Tower,0,17,20,17,54,0,0,73,8,81,0,17,93,25,135,34,4,38,173
07/22/2008,CLL,TX,ASW,CE,Federal Contract Tower,0,22,12,13,47,0,0,41,9,50,0,22,53,22,97,34,14,48,145
07/23/2008,CLL,TX,ASW,CE,Federal Contract Tower,0,21,20,11,52,0,0,19,2,21,0,21,39,13,73,12,0,12,85
07/24/2008,CLL,TX,ASW,CE,Federal Contract Tower,0,14,14,8,36,0,0,48,0,48,0,14,62,8,84,46,0,46,130
07/25/2008,CLL,TX,ASW,CE,Federal Contract Tower,0,15,14,2,31,0,0,9,0,9,0,15,23,2,40,39,0,39,79
07/26/2008,CLL,TX,ASW,CE,Federal Contract Tower,0,8,9,1,18,0,0,65,3,68,0,8,74,4,86,28,6,34,120
07/27/2008,CLL,TX,ASW,CE,Federal Contract Tower,0,14,19,23,56,0,0,78,37,115,0,14,97,60,171,12,6,18,189
07/28/2008,CLL,TX,ASW,CE,Federal Contract Tower,0,20,19,28,67,0,0,62,36,98,0,20,81,64,165,16,4,20,185
07/29/2008,CLL,TX,ASW,CE,Federal Contract Tower,0,17,25,15,57,0,0,64,29,93,0,17,89,44,150,10,0,10,160
07/30/2008,CLL,TX,ASW,CE,Federal Contract Tower,0,19,25,32,76,0,0,64,55,119,0,19,89,87,195,14,42,56,251
07/31/2008,CLL,TX,ASW,CE,Federal Contract Tower,0,22,27,10,59,0,0,67,21,88,0,22,94,31,147,42,16,58,205
08/01/2008,CLL,TX,ASW,CE,Federal Contract Tower,0,23,25,6,54,0,0,48,8,56,0,23,73,14,110,68,20,88,198
08/02/2008,CLL,TX,ASW,CE,Federal Contract Tower,0,7,8,2,17,0,0,55,0,55,0,7,63,2,72,16,0,16,88
08/03/2008,CLL,TX,ASW,CE,Federal Contract Tower,0,26,10,1,37,0,0,35,1,36,0,26,45,2,73,22,0,22,95
08/04/2008,CLL,TX,ASW,CE,Federal Contract Tower,0,17,5,12,34,0,0,56,15,71,0,17,61,27,105,58,0,58,163
08/05/2008,CLL,TX,ASW,CE,Federal Contract Tower,0,12,3,0,15,0,0,9,0,9,0,12,12,0,24,32,0,32,56
08/06/2008,CLL,TX,ASW,CE,Federal Contract Tower,0,21,22,3,46,0,0,24,7,31,0,21,46,10,77,0,0,0,77
08/07/2008,CLL,TX,ASW,CE,Federal Contract Tower,0,19,23,13,55,0,0,49,7,56,0,19,72,20,111,42,0,42,153
08/08/2008,CLL,TX,ASW,CE,Federal Contract Tower,0,16,20,5,41,0,0,67,8,75,0,16,87,13,116,52,16,68,184
08/09/2008,CLL,TX,ASW,CE,Federal Contract Tower,0,8,10,0,18,0,0,36,0,36,0,8,46,0,54,14,0,14,68
08/10/2008,CLL,TX,ASW,CE,Federal Contract Tower,0,13,27,5,45,0,0,37,2,39,0,13,64,7,84,22,6,28,112
08/11/2008,CLL,TX,ASW,CE,Federal Contract Tower,0,19,18,10,47,0,0,26,3,29,0,19,44,13,76,34,6,40,116
08/12/2008,CLL,TX,ASW,CE,Federal Contract Tower,0,22,17,5,44,0,0,17,4,21,0,22,34,9,65,44,0,44,109
08/13/2008,CLL,TX,ASW,CE,Federal Contract Tower,0,18,27,35,80,0,0,58,4,62,0,18,85,39,142,36,20,56,198
08/14/2008,CLL,TX,ASW,CE,Federal Contract Tower,0,18,21,33,72,0,0,70,11,81,0,18,91,44,153,28,20,48,201
08/15/2008,CLL,TX,ASW,CE,Federal Contract Tower,0,31,41,24,96,0,0,46,12,58,0,31,87,36,154,32,8,40,194
08/16/2008,CLL,TX,ASW,CE,Federal Contract Tower,0,13,20,5,38,0,0,48,0,48,0,13,68,5,86,52,10,62,148
08/17/2008,CLL,TX,ASW,CE,Federal Contract Tower,0,16,10,47,73,0,0,42,22,64,0,16,52,69,137,4,12,16,153
08/18/2008,CLL,TX,ASW,CE,Federal Contract Tower,0,17,24,10,51,0,0,9,0,9,0,17,33,10,60,4,4,8,68
08/19/2008,CLL,TX,ASW,CE,Federal Contract Tower,0,21,29,1,51,0,0,1,0,1,0,21,30,1,52,0,0,0,52
08/20/2008,CLL,TX,ASW,CE,Federal Contract Tower,2,20,30,14,66,0,0,17,13,30,2,20,47,27,96,10,10,20,116
08/21/2008,CLL,TX,ASW,CE,Federal Contract Tower,0,27,31,15,73,0,0,63,14,77,0,27,94,29,150,18,22,40,190
08/22/2008,CLL,TX,ASW,CE,Federal Contract Tower,0,18,23,24,65,0,0,40,9,49,0,18,63,33,114,26,10,36,150
08/23/2008,CLL,TX,ASW,CE,Federal Contract Tower,0,8,15,8,31,0,0,50,2,52,0,8,65,10,83,32,6,38,121
08/24/2008,CLL,TX,ASW,CE,Federal Contract Tower,0,17,21,26,64,0,0,53,4,57,0,17,74,30,121,32,2,34,155
08/25/2008,CLL,TX,ASW,CE,Federal Contract Tower,0,19,20,31,70,0,0,45,2,47,0,19,65,33,117,6,10,16,133
08/26/2008,CLL,TX,ASW,CE,Federal Contract Tower,2,27,19,19,67,0,0,50,7,57,2,27,69,26,124,24,0,24,148
08/27/2008,CLL,TX,ASW,CE,Federal Contract Tower,0,18,17,40,75,0,0,57,23,80,0,18,74,63,155,84,36,120,275
08/28/2008,CLL,TX,ASW,CE,Federal Contract Tower,0,18,31,18,67,0,0,50,3,53,0,18,81,21,120,26,22,48,168
08/29/2008,CLL,TX,ASW,CE,Federal Contract Tower,1,9,17,5,32,0,0,57,8,65,1,9,74,13,97,36,6,42,139
08/30/2008,CLL,TX,ASW,CE,Federal Contract Tower,1,13,44,4,62,0,0,69,2,71,1,13,113,6,133,0,0,0,133
08/31/2008,CLL,TX,ASW,CE,Federal Contract Tower,0,11,15,4,30,0,0,56,3,59,0,11,71,7,89,18,4,22,111
09/01/2008,CLL,TX,ASW,CE,Federal Contract Tower,0,18,6,0,24,0,0,35,2,37,0,18,41,2,61,30,0,30,91
09/02/2008,CLL,TX,ASW,CE,Federal Contract Tower,0,19,8,0,27,0,0,34,0,34,0,19,42,0,61,50,0,50,111
09/03/2008,CLL,TX,ASW,CE,Federal Contract Tower,0,18,24,23,65,0,0,34,4,38,0,18,58,27,103,24,0,24,127
09/04/2008,CLL,TX,ASW,CE,Federal Contract Tower,0,20,24,46,90,0,0,88,5,93,0,20,112,51,183,56,22,78,261
09/05/2008,CLL,TX,ASW,CE,Federal Contract Tower,2,15,17,4,38,0,1,68,8,77,2,16,85,12,115,76,24,100,215
09/06/2008,CLL,TX,ASW,CE,Federal Contract Tower,0,10,13,11,34,0,0,80,2,82,0,10,93,13,116,34,62,96,212
09/07/2008,CLL,TX,ASW,CE,Federal Contract Tower,0,18,5,8,31,0,0,40,11,51,0,18,45,19,82,14,0,14,96
09/08/2008,CLL,TX,ASW,CE,Federal Contract Tower,0,21,10,29,60,0,0,34,7,41,0,21,44,36,101,30,2,32,133
09/09/2008,CLL,TX,ASW,CE,Federal Contract Tower,0,18,23,23,64,0,0,25,3,28,0,18,48,26,92,38,0,38,130
09/10/2008,CLL,TX,ASW,CE,Federal Contract Tower,0,21,13,31,65,0,0,51,17,68,0,21,64,48,133,54,77,131,264
09/11/2008,CLL,TX,ASW,CE,Federal Contract Tower,0,27,29,22,78,0,0,57,1,58,0,27,86,23,136,82,28,110,246
09/12/2008,CLL,TX,ASW,CE,Federal Contract Tower,0,11,15,4,30,0,0,26,0,26,0,11,41,4,56,22,0,22,78
09/13/2008,CLL,TX,ASW,CE,Federal Contract Tower,0,0,6,0,6,0,0,3,0,3,0,0,9,0,9,0,0,0,9
09/14/2008,CLL,TX,ASW,CE,Federal Contract Tower,0,18,39,0,57,0,0,47,0,47,0,18,86,0,104,0,0,0,104
09/15/2008,CLL,TX,ASW,CE,Federal Contract Tower,0,21,22,12,55,0,0,44,0,44,0,21,66,12,99,6,0,6,105
09/16/2008,CLL,TX,ASW,CE,Federal Contract Tower,0,17,10,13,40,0,0,37,7,44,0,17,47,20,84,42,18,60,144
09/17/2008,CLL,TX,ASW,CE,Federal Contract Tower,0,24,12,9,45,0,0,43,7,50,0,24,55,16,95,46,2,48,143
09/18/2008,CLL,TX,ASW,CE,Federal Contract Tower,0,25,20,12,57,0,0,45,6,51,0,25,65,18,108,46,0,46,154
09/19/2008,CLL,TX,ASW,CE,Federal Contract Tower,0,22,32,15,69,0,0,86,4,90,0,22,118,19,159,38,30,68,227
09/20/2008,CLL,TX,ASW,CE,Federal Contract Tower,2,15,54,2,73,0,0,130,7,137,2,15,184,9,210,0,0,0,210
09/21/2008,CLL,TX,ASW,CE,Federal Contract Tower,0,20,33,21,74,0,0,80,8,88,0,20,113,29,162,48,6,54,216
09/22/2008,CLL,TX,ASW,CE,Federal Contract Tower,0,18,18,17,53,0,0,73,8,81,0,18,91,25,134,46,0,46,180
09/23/2008,CLL,TX,ASW,CE,Federal Contract Tower,0,20,12,24,56,0,0,70,7,77,0,20,82,31,133,74,8,82,215
09/24/2008,CLL,TX,ASW,CE,Federal Contract Tower,0,18,17,23,58,0,0,50,11,61,0,18,67,34,119,12,62,74,193
09/25/2008,CLL,TX,ASW,CE,Federal Contract Tower,0,19,20,14,53,0,0,77,7,84,0,19,97,21,137,54,8,62,199
09/26/2008,CLL,TX,ASW,CE,Federal Contract Tower,3,20,26,16,65,0,0,81,16,97,3,20,107,32,162,32,4,36,198
09/27/2008,CLL,TX,ASW,CE,Federal Contract Tower,1,12,41,1,55,0,0,86,8,94,1,12,127,9,149,12,0,12,161
09/28/2008,CLL,TX,ASW,CE,Federal Contract Tower,2,18,25,17,62,0,0,78,8,86,2,18,103,25,148,24,0,24,172
09/29/2008,CLL,TX,ASW,CE,Federal Contract Tower,0,20,19,9,48,0,0,49,2,51,0,20,68,11,99,24,0,24,123
09/30/2008,CLL,TX,ASW,CE,Federal Contract Tower,0,19,9,11,39,0,0,57,9,66,0,19,66,20,105,46,0,46,151
10/01/2008,CLL,TX,ASW,CE,Federal Contract Tower,0,19,12,13,44,0,0,53,6,59,0,19,65,19,103,26,0,26,129
10/02/2008,CLL,TX,ASW,CE,Federal Contract Tower,0,20,23,21,64,0,0,61,12,73,0,20,84,33,137,60,14,74,211
10/03/2008,CLL,TX,ASW,CE,Federal Contract Tower,2,16,20,22,60,0,0,92,19,111,2,16,112,41,171,46,42,88,259
10/04/2008,CLL,TX,ASW,CE,Federal Contract Tower,0,11,20,11,42,0,0,76,6,82,0,11,96,17,124,28,14,42,166
10/05/2008,CLL,TX,ASW,CE,Federal Contract Tower,0,20,32,24,76,0,0,64,10,74,0,20,96,34,150,32,0,32,182
10/06/2008,CLL,TX,ASW,CE,Federal Contract Tower,0,21,14,18,53,0,0,25,13,38,0,21,39,31,91,56,44,100,191
10/07/2008,CLL,TX,ASW,CE,Federal Contract Tower,0,22,26,10,58,0,0,32,13,45,0,22,58,23,103,26,16,42,145
10/08/2008,CLL,TX,ASW,CE,Federal Contract Tower,0,18,23,27,68,0,0,36,12,48,0,18,59,39,116,22,2,24,140
10/09/2008,CLL,TX,ASW,CE,Federal Contract Tower,0,20,15,18,53,0,0,61,7,68,0,20,76,25,121,42,30,72,193
10/10/2008,CLL,TX,ASW,CE,Federal Contract Tower,2,16,27,33,78,0,0,88,21,109,2,16,115,54,187,38,56,94,281
10/11/2008,CLL,TX,ASW,CE,Federal Contract Tower,1,13,49,0,63,0,0,94,3,97,1,13,143,3,160,10,0,10,170
10/12/2008,CLL,TX,ASW,CE,Federal Contract Tower,0,19,29,1,49,0,0,40,4,44,0,19,69,5,93,30,8,38,131
10/13/2008,CLL,TX,ASW,CE,Federal Contract Tower,0,22,27,5,54,0,0,54,0,54,0,22,81,5,108,54,0,54,162
10/14/2008,CLL,TX,ASW,CE,Federal Contract Tower,0,19,22,12,53,0,0,14,1,15,0,19,36,13,68,8,0,8,76
10/15/2008,CLL,TX,ASW,CE,Federal Contract Tower,0,19,14,1,34,0,0,2,0,2,0,19,16,1,36,0,0,0,36
10/16/2008,CLL,TX,ASW,CE,Federal Contract Tower,0,22,42,15,79,0,0,11,2,13,0,22,53,17,92,40,12,52,144
10/17/2008,CLL,TX,ASW,CE,Federal Contract Tower,0,19,49,14,82,0,0,75,5,80,0,19,124,19,162,26,0,26,188
10/18/2008,CLL,TX,ASW,CE,Federal Contract Tower,2,11,63,0,76,0,0,84,0,84,2,11,147,0,160,6,0,6,166
10/19/2008,CLL,TX,ASW,CE,Federal Contract Tower,0,18,19,10,47,0,0,98,13,111,0,18,117,23,158,30,0,30,188
10/20/2008,CLL,TX,ASW,CE,Federal Contract Tower,0,19,20,5,44,0,0,68,2,70,0,19,88,7,114,22,0,22,136
10/21/2008,CLL,TX,ASW,CE,Federal Contract Tower,0,22,11,9,42,0,0,60,8,68,0,22,71,17,110,72,4,76,186
10/22/2008,CLL,TX,ASW,CE,Federal Contract Tower,2,31,14,14,61,0,0,30,8,38,2,31,44,22,99,36,16,52,151
10/23/2008,CLL,TX,ASW,CE,Federal Contract Tower,0,25,28,28,81,0,0,56,13,69,0,25,84,41,150,38,22,60,210
10/24/2008,CLL,TX,ASW,CE,Federal Contract Tower,2,19,21,14,56,0,0,43,8,51,2,19,64,22,107,22,10,32,139
10/25/2008,CLL,TX,ASW,CE,Federal Contract Tower,0,9,17,4,30,0,0,64,4,68,0,9,81,8,98,18,0,18,116
10/26/2008,CLL,TX,ASW,CE,Federal Contract Tower,0,18,19,14,51,0,0,55,14,69,0,18,74,28,120,24,0,24,144
10/27/2008,CLL,TX,ASW,CE,Federal Contract Tower,0,19,10,10,39,0,0,52,19,71,0,19,62,29,110,0,0,0,110
10/28/2008,CLL,TX,ASW,CE,Federal Contract Tower,0,19,15,7,41,0,0,61,4,65,0,19,76,11,106,54,0,54,160
10/29/2008,CLL,TX,ASW,CE,Federal Contract Tower,0,19,20,19,58,0,0,62,11,73,0,19,82,30,131,36,0,36,167
10/30/2008,CLL,TX,ASW,CE,Federal Contract Tower,0,19,19,12,50,0,0,73,2,75,0,19,92,14,125,28,0,28,153
10/31/2008,CLL,TX,ASW,CE,Federal Contract Tower,0,16,34,20,70,0,0,61,13,74,0,16,95,33,144,26,68,94,238
11/01/2008,CLL,TX,ASW,CE,Federal Contract Tower,2,11,49,0,62,0,0,54,0,54,2,11,103,0,116,0,0,0,116
11/02/2008,CLL,TX,ASW,CE,Federal Contract Tower,0,21,19,9,49,0,0,60,9,69,0,21,79,18,118,20,0,20,138
11/03/2008,CLL,TX,ASW,CE,Federal Contract Tower,0,19,13,31,63,0,0,58,8,66,0,19,71,39,129,26,26,52,181
11/04/2008,CLL,TX,ASW,CE,Federal Contract Tower,0,18,17,19,54,0,0,65,9,74,0,18,82,28,128,28,4,32,160
11/05/2008,CLL,TX,ASW,CE,Federal Contract Tower,0,21,12,10,43,0,0,38,12,50,0,21,50,22,93,50,6,56,149
11/06/2008,CLL,TX,ASW,CE,Federal Contract Tower,0,22,19,47,88,0,0,59,12,71,0,22,78,59,159,68,10,78,237
11/07/2008,CLL,TX,ASW,CE,Federal Contract Tower,2,23,36,24,85,0,0,88,21,109,2,23,124,45,194,26,14,40,234
11/08/2008,CLL,TX,ASW,CE,Federal Contract Tower,2,11,56,0,69,0,0,128,2,130,2,11,184,2,199,0,0,0,199
11/09/2008,CLL,TX,ASW,CE,Federal Contract Tower,0,22,21,22,65,0,0,96,16,112,0,22,117,38,177,48,10,58,235
11/10/2008,CLL,TX,ASW,CE,Federal Contract Tower,0,16,18,25,59,0,0,6,0,6,0,16,24,25,65,0,0,0,65
11/11/2008,CLL,TX,ASW,CE,Federal Contract Tower,0,19,14,0,33,0,0,31,8,39,0,19,45,8,72,54,6,60,132
11/12/2008,CLL,TX,ASW,CE,Federal Contract Tower,0,18,21,20,59,0,0,24,0,24,0,18,45,20,83,18,0,18,101
11/13/2008,CLL,TX,ASW,CE,Federal Contract Tower,0,26,16,14,56,0,0,58,9,67,0,26,74,23,123,76,12,88,211
11/14/2008,CLL,TX,ASW,CE,Federal Contract Tower,0,21,22,18,61,0,0,60,13,73,0,21,82,31,134,44,48,92,226
11/15/2008,CLL,TX,ASW,CE,Federal Contract Tower,0,10,18,17,45,0,0,53,10,63,0,10,71,27,108,44,22,66,174
11/16/2008,CLL,TX,ASW,CE,Federal Contract Tower,0,16,7,14,37,0,0,67,7,74,0,16,74,21,111,30,0,30,141
11/17/2008,CLL,TX,ASW,CE,Federal Contract Tower,0,18,19,26,63,0,0,77,19,96,0,18,96,45,159,36,34,70,229
11/18/2008,CLL,TX,ASW,CE,Federal Contract Tower,0,19,10,15,44,0,0,62,13,75,0,19,72,28,119,66,2,68,187
11/19/2008,CLL,TX,ASW,CE,Federal Contract Tower,0,19,22,24,65,0,0,52,14,66,0,19,74,38,131,36,18,54,185
11/20/2008,CLL,TX,ASW,CE,Federal Contract Tower,0,21,36,15,72,0,0,51,16,67,0,21,87,31,139,2,0,2,141
11/21/2008,CLL,TX,ASW,CE,Federal Contract Tower,0,19,28,12,59,0,0,62,12,74,0,19,90,24,133,82,16,98,231
11/22/2008,CLL,TX,ASW,CE,Federal Contract Tower,0,10,13,7,30,0,0,56,3,59,0,10,69,10,89,30,2,32,121
11/23/2008,CLL,TX,ASW,CE,Federal Contract Tower,0,19,21,4,44,0,0,32,1,33,0,19,53,5,77,30,0,30,107
11/24/2008,CLL,TX,ASW,CE,Federal Contract Tower,0,17,20,21,58,0,0,29,11,40,0,17,49,32,98,42,16,58,156
11/25/2008,CLL,TX,ASW,CE,Federal Contract Tower,0,19,21,3,43,0,0,82,7,89,0,19,103,10,132,44,0,44,176
11/26/2008,CLL,TX,ASW,CE,Federal Contract Tower,0,16,22,5,43,0,0,52,3,55,0,16,74,8,98,46,4,50,148
11/27/2008,CLL,TX,ASW,CE,Federal Contract Tower,0,14,12,0,26,0,0,4,0,4,0,14,16,0,30,4,0,4,34
11/28/2008,CLL,TX,ASW,CE,Federal Contract Tower,0,13,6,4,23,0,0,4,1,5,0,13,10,5,28,8,4,12,40
11/29/2008,CLL,TX,ASW,CE,Federal Contract Tower,0,10,15,0,25,0,0,12,0,12,0,10,27,0,37,10,0,10,47
11/30/2008,CLL,TX,ASW,CE,Federal Contract Tower,0,19,21,0,40,0,0,41,0,41,0,19,62,0,81,0,0,0,81
12/01/2008,CLL,TX,ASW,CE,Federal Contract Tower,0,19,9,11,39,0,0,21,1,22,0,19,30,12,61,4,2,6,67
12/02/2008,CLL,TX,ASW,CE,Federal Contract Tower,0,18,13,13,44,0,0,40,0,40,0,18,53,13,84,28,0,28,112
12/03/2008,CLL,TX,ASW,CE,Federal Contract Tower,0,19,9,15,43,0,0,12,9,21,0,19,21,24,64,4,22,26,90
12/04/2008,CLL,TX,ASW,CE,Federal Contract Tower,0,18,7,25,50,0,0,64,23,87,0,18,71,48,137,52,40,92,229
12/05/2008,CLL,TX,ASW,CE,Federal Contract Tower,0,23,17,13,53,0,0,49,14,63,0,23,66,27,116,42,38,80,196
12/06/2008,CLL,TX,ASW,CE,Federal Contract Tower,0,8,10,2,20,0,0,77,5,82,0,8,87,7,102,74,0,74,176
12/07/2008,CLL,TX,ASW,CE,Federal Contract Tower,0,16,12,8,36,0,0,61,6,67,0,16,73,14,103,50,6,56,159
12/08/2008,CLL,TX,ASW,CE,Federal Contract Tower,0,17,12,20,49,0,0,15,3,18,0,17,27,23,67,56,26,82,149
12/09/2008,CLL,TX,ASW,CE,Federal Contract Tower,0,24,9,8,41,0,0,11,2,13,0,24,20,10,54,6,0,6,60
12/10/2008,CLL,TX,ASW,CE,Federal Contract Tower,0,13,10,3,26,0,0,1,3,4,0,13,11,6,30,0,0,0,30
12/11/2008,CLL,TX,ASW,CE,Federal Contract Tower,0,18,16,20,54,0,0,60,9,69,0,18,76,29,123,28,14,42,165
12/12/2008,CLL,TX,ASW,CE,Federal Contract Tower,0,23,19,12,54,0,0,64,9,73,0,23,83,21,127,46,20,66,193
12/13/2008,CLL,TX,ASW,CE,Federal Contract Tower,0,12,25,2,39,0,0,29,3,32,0,12,54,5,71,34,4,38,109
12/14/2008,CLL,TX,ASW,CE,Federal Contract Tower,0,18,10,26,54,0,0,13,5,18,0,18,23,31,72,22,6,28,100
12/15/2008,CLL,TX,ASW,CE,Federal Contract Tower,0,12,12,10,34,0,0,7,0,7,0,12,19,10,41,0,0,0,41
12/16/2008,CLL,TX,ASW,CE,Federal Contract Tower,0,15,14,0,29,0,0,0,0,0,0,15,14,0,29,0,0,0,29
12/17/2008,CLL,TX,ASW,CE,Federal Contract Tower,0,12,8,3,23,0,0,0,0,0,0,12,8,3,23,0,0,0,23
12/18/2008,CLL,TX,ASW,CE,Federal Contract Tower,0,12,12,2,26,0,0,0,0,0,0,12,12,2,26,2,0,2,28
12/19/2008,CLL,TX,ASW,CE,Federal Contract Tower,0,20,16,12,48,0,0,42,7,49,0,20,58,19,97,64,6,70,167
12/20/2008,CLL,TX,ASW,CE,Federal Contract Tower,0,9,10,7,26,0,0,17,5,22,0,9,27,12,48,42,18,60,108
12/21/2008,CLL,TX,ASW,CE,Federal Contract Tower,0,18,4,3,25,0,0,24,0,24,0,18,28,3,49,32,6,38,87
12/22/2008,CLL,TX,ASW,CE,Federal Contract Tower,0,16,9,6,31,0,0,21,4,25,0,16,30,10,56,12,2,14,70
12/23/2008,CLL,TX,ASW,CE,Federal Contract Tower,0,15,10,2,27,0,0,0,0,0,0,15,10,2,27,0,0,0,27
12/24/2008,CLL,TX,ASW,CE,Federal Contract Tower,0,18,6,6,30,0,0,17,1,18,0,18,23,7,48,4,6,10,58
12/25/2008,CLL,TX,ASW,CE,Federal Contract Tower,0,11,0,0,11,0,0,2,0,2,0,11,2,0,13,0,0,0,13
12/26/2008,CLL,TX,ASW,CE,Federal Contract Tower,0,19,8,0,27,0,0,1,0,1,0,19,9,0,28,8,0,8,36
12/27/2008,CLL,TX,ASW,CE,Federal Contract Tower,0,16,4,0,20,0,0,5,0,5,0,16,9,0,25,2,0,2,27
12/28/2008,CLL,TX,ASW,CE,Federal Contract Tower,0,13,1,0,14,0,0,18,0,18,0,13,19,0,32,0,0,0,32
12/29/2008,CLL,TX,ASW,CE,Federal Contract Tower,0,19,3,0,22,0,0,40,0,40,0,19,43,0,62,46,0,46,108
12/30/2008,CLL,TX,ASW,CE,Federal Contract Tower,0,23,7,2,32,0,0,52,0,52,0,23,59,2,84,12,0,12,96
12/31/2008,CLL,TX,ASW,CE,Federal Contract Tower,0,12,8,2,22,0,0,31,0,31,0,12,39,2,53,8,0,8,61
01/01/2009,CLL,TX,ASW,CE,Federal Contract Tower,0,16,11,0,27,0,0,13,0,13,0,16,24,0,40,10,0,10,50
01/02/2009,CLL,TX,ASW,CE,Federal Contract Tower,0,17,17,5,39,0,0,4,1,5,0,17,21,6,44,0,0,0,44
01/03/2009,CLL,TX,ASW,CE,Federal Contract Tower,0,10,4,0,14,0,0,25,0,25,0,10,29,0,39,0,0,0,39
01/04/2009,CLL,TX,ASW,CE,Federal Contract Tower,0,15,16,0,31,0,0,5,0,5,0,15,21,0,36,0,0,0,36
01/05/2009,CLL,TX,ASW,CE,Federal Contract Tower,0,16,3,0,19,0,0,0,0,0,0,16,3,0,19,0,0,0,19
01/06/2009,CLL,TX,ASW,CE,Federal Contract Tower,0,18,13,4,35,0,0,21,8,29,0,18,34,12,64,24,0,24,88
01/07/2009,CLL,TX,ASW,CE,Federal Contract Tower,0,20,17,14,51,0,0,52,17,69,0,20,69,31,120,8,14,22,142
01/08/2009,CLL,TX,ASW,CE,Federal Contract Tower,0,18,16,39,73,0,0,62,7,69,0,18,78,46,142,56,12,68,210
01/09/2009,CLL,TX,ASW,CE,Federal Contract Tower,0,25,23,8,56,0,0,37,4,41,0,25,60,12,97,24,36,60,157
01/10/2009,CLL,TX,ASW,CE,Federal Contract Tower,0,9,4,9,22,0,0,20,1,21,0,9,24,10,43,12,1,13,56
01/11/2009,CLL,TX,ASW,CE,Federal Contract Tower,0,18,11,23,52,0,0,78,5,83,0,18,89,28,135,36,22,58,193
01/12/2009,CLL,TX,ASW,CE,Federal Contract Tower,0,19,15,25,59,0,0,46,13,59,0,19,61,38,118,14,24,38,156
01/13/2009,CLL,TX,ASW,CE,Federal Contract Tower,0,18,8,6,32,0,0,27,4,31,0,18,35,10,63,4,0,4,67
01/14/2009,CLL,TX,ASW,CE,Federal Contract Tower,0,20,13,11,44,0,0,55,4,59,0,20,68,15,103,20,0,20,123
01/15/2009,CLL,TX,ASW,CE,Federal Contract Tower,0,21,17,16,54,0,0,37,6,43,0,21,54,22,97,76,4,80,177
01/16/2009,CLL,TX,ASW,CE,Federal Contract Tower,0,21,14,24,59,0,0,34,5,39,0,21,48,29,98,30,24,54,152
01/17/2009,CLL,TX,ASW,CE,Federal Contract Tower,0,13,27,6,46,0,0,29,0,29,0,13,56,6,75,42,0,42,117
01/18/2009,CLL,TX,ASW,CE,Federal Contract Tower,1,24,10,11,46,0,0,38,7,45,1,24,48,18,91,28,12,40,131
01/19/2009,CLL,TX,ASW,CE,Federal Contract Tower,0,22,22,8,52,0,0,51,0,51,0,22,73,8,103,24,0,24,127
01/20/2009,CLL,TX,ASW,CE,Federal Contract Tower,0,20,7,8,35,0,0,28,7,35,0,20,35,15,70,28,6,34,104
01/21/2009,CLL,TX,ASW,CE,Federal Contract Tower,2,17,17,31,67,0,0,41,7,48,2,17,58,38,115,30,6,36,151
01/22/2009,CLL,TX,ASW,CE,Federal Contract Tower,0,24,19,11,54,0,0,49,4,53,0,24,68,15,107,48,20,68,175
01/23/2009,CLL,TX,ASW,CE,Federal Contract Tower,0,20,16,9,45,0,0,57,2,59,0,20,73,11,104,50,38,88,192
01/24/2009,CLL,TX,ASW,CE,Federal Contract Tower,0,15,16,11,42,0,0,44,2,46,0,15,60,13,88,36,34,70,158
01/25/2009,CLL,TX,ASW,CE,Federal Contract Tower,0,17,34,5,56,0,0,40,0,40,0,17,74,5,96,14,0,14,110
01/26/2009,CLL,TX,ASW,CE,Federal Contract Tower,0,20,8,5,33,0,0,12,0,12,0,20,20,5,45,4,0,4,49
01/27/2009,CLL,TX,ASW,CE,Federal Contract Tower,0,17,22,12,51,0,0,0,0,0,0,17,22,12,51,0,0,0,51
01/28/2009,CLL,TX,ASW,CE,Federal Contract Tower,0,22,15,37,74,0,0,39,8,47,0,22,54,45,121,28,0,28,149
01/29/2009,CLL,TX,ASW,CE,Federal Contract Tower,0,25,13,30,68,0,0,84,8,92,0,25,97,38,160,74,34,108,268
01/30/2009,CLL,TX,ASW,CE,Federal Contract Tower,1,23,28,19,71,0,0,85,16,101,1,23,113,35,172,84,48,132,304
01/31/2009,CLL,TX,ASW,CE,Federal Contract Tower,1,11,16,1,29,0,0,74,0,74,1,11,90,1,103,34,0,34,137
02/01/2009,CLL,TX,ASW,CE,Federal Contract Tower,0,22,8,24,54,0,0,50,12,62,0,22,58,36,116,36,8,44,160
02/02/2009,CLL,TX,ASW,CE,Federal Contract Tower,0,19,10,8,37,0,0,50,1,51,0,19,60,9,88,0,0,0,88
02/03/2009,CLL,TX,ASW,CE,Federal Contract Tower,0,18,16,25,59,0,0,49,25,74,0,18,65,50,133,30,20,50,183
02/04/2009,CLL,TX,ASW,CE,Federal Contract Tower,0,18,21,21,60,0,0,70,8,78,0,18,91,29,138,50,4,54,192
02/05/2009,CLL,TX,ASW,CE,Federal Contract Tower,0,26,12,9,47,0,0,46,2,48,0,26,58,11,95,36,26,62,157
02/06/2009,CLL,TX,ASW,CE,Federal Contract Tower,0,22,7,4,33,0,0,42,6,48,0,22,49,10,81,32,10,42,123
02/07/2009,CLL,TX,ASW,CE,Federal Contract Tower,0,15,11,7,33,0,0,51,2,53,0,15,62,9,86,8,0,8,94
02/08/2009,CLL,TX,ASW,CE,Federal Contract Tower,0,16,10,18,44,0,0,17,4,21,0,16,27,22,65,0,12,12,77
02/09/2009,CLL,TX,ASW,CE,Federal Contract Tower,0,20,10,10,40,0,0,9,2,11,0,20,19,12,51,2,2,4,55
02/10/2009,CLL,TX,ASW,CE,Federal Contract Tower,0,19,8,22,49,0,0,6,2,8,0,19,14,24,57,0,8,8,65
02/11/2009,CLL,TX,ASW,CE,Federal Contract Tower,0,17,13,35,65,0,0,60,21,81,0,17,73,56,146,76,40,116,262
02/12/2009,CLL,TX,ASW,CE,Federal Contract Tower,0,18,15,15,48,0,0,60,23,83,0,18,75,38,131,34,6,40,171
02/13/2009,CLL,TX,ASW,CE,Federal Contract Tower,0,18,20,12,50,0,0,51,16,67,0,18,71,28,117,38,12,50,167
02/14/2009,CLL,TX,ASW,CE,Federal Contract Tower,0,12,10,1,23,0,0,27,2,29,0,12,37,3,52,20,10,30,82
02/15/2009,CLL,TX,ASW,CE,Federal Contract Tower,0,20,20,0,40,0,0,63,4,67,0,20,83,4,107,4,0,4,111
02/16/2009,CLL,TX,ASW,CE,Federal Contract Tower,0,24,16,0,40,0,0,33,0,33,0,24,49,0,73,40,0,40,113
02/17/2009,CLL,TX,ASW,CE,Federal Contract Tower,0,19,22,5,46,0,0,0,0,0,0,19,22,5,46,0,0,0,46
02/18/2009,CLL,TX,ASW,CE,Federal Contract Tower,0,21,24,40,85,0,0,56,10,66,0,21,80,50,151,22,18,40,191
02/19/2009,CLL,TX,ASW,CE,Federal Contract Tower,0,20,17,20,57,0,0,76,5,81,0,20,93,25,138,42,8,50,188
02/20/2009,CLL,TX,ASW,CE,Federal Contract Tower,0,17,20,18,55,0,0,97,17,114,0,17,117,35,169,50,52,102,271
02/21/2009,CLL,TX,ASW,CE,Federal Contract Tower,0,13,20,2,35,0,0,50,3,53,0,13,70,5,88,52,2,54,142
02/22/2009,CLL,TX,ASW,CE,Federal Contract Tower,0,21,25,7,53,0,0,70,10,80,0,21,95,17,133,22,4,26,159
02/23/2009,CLL,TX,ASW,CE,Federal Contract Tower,0,23,28,20,71,0,0,49,12,61,0,23,77,32,132,36,24,60,192
02/24/2009,CLL,TX,ASW,CE,Federal Contract Tower,0,18,7,28,53,0,0,40,16,56,0,18,47,44,109,30,10,40,149
02/25/2009,CLL,TX,ASW,CE,Federal Contract Tower,0,18,10,17,45,0,0,26,5,31,0,18,36,22,76,12,4,16,92
02/26/2009,CLL,TX,ASW,CE,Federal Contract Tower,0,25,15,28,68,0,0,47,6,53,0,25,62,34,121,10,12,22,143
02/27/2009,CLL,TX,ASW,CE,Federal Contract Tower,0,17,17,33,67,0,0,47,8,55,0,17,64,41,122,18,64,82,204
02/28/2009,CLL,TX,ASW,CE,Federal Contract Tower,0,11,17,9,37,0,0,35,3,38,0,11,52,12,75,2,6,8,83
03/01/2009,CLL,TX,ASW,CE,Federal Contract Tower,0,21,12,12,45,0,0,75,15,90,0,21,87,27,135,30,22,52,187
03/02/2009,CLL,TX,ASW,CE,Federal Contract Tower,0,16,10,27,53,0,0,74,11,85,0,16,84,38,138,48,0,48,186
03/03/2009,CLL,TX,ASW,CE,Federal Contract Tower,0,19,8,11,38,0,0,46,13,59,0,19,54,24,97,52,0,52,149
03/04/2009,CLL,TX,ASW,CE,Federal Contract Tower,0,19,21,27,67,0,0,52,10,62,0,19,73,37,129,36,6,42,171
03/05/2009,CLL,TX,ASW,CE,Federal Contract Tower,0,21,22,12,55,0,0,57,4,61,0,21,79,16,116,22,18,40,156
03/06/2009,CLL,TX,ASW,CE,Federal Contract Tower,0,20,19,21,60,0,0,58,13,71,0,20,77,34,131,26,66,92,223
03/07/2009,CLL,TX,ASW,CE,Federal Contract Tower,0,14,23,18,55,0,0,36,7,43,0,14,59,25,98,8,30,38,136
03/08/2009,CLL,TX,ASW,CE,Federal Contract Tower,0,16,13,5,34,0,0,41,1,42,0,16,54,6,76,0,0,0,76
03/09/2009,CLL,TX,ASW,CE,Federal Contract Tower,0,20,12,24,56,0,0,27,4,31,0,20,39,28,87,20,26,46,133
03/10/2009,CLL,TX,ASW,CE,Federal Contract Tower,0,20,16,19,55,0,0,34,7,41,0,20,50,26,96,32,0,32,128
03/11/2009,CLL,TX,ASW,CE,Federal Contract Tower,0,21,15,0,36,0,0,7,0,7,0,21,22,0,43,12,0,12,55
03/12/2009,CLL,TX,ASW,CE,Federal Contract Tower,0,19,6,0,25,0,0,0,0,0,0,19,6,0,25,0,0,0,25
03/13/2009,CLL,TX,ASW,CE,Federal Contract Tower,0,14,17,0,31,0,0,0,0,0,0,14,17,0,31,0,0,0,31
03/14/2009,CLL,TX,ASW,CE,Federal Contract Tower,0,11,21,5,37,0,0,1,18,19,0,11,22,23,56,2,0,2,58
03/15/2009,CLL,TX,ASW,CE,Federal Contract Tower,0,16,6,0,22,0,0,10,26,36,0,16,16,26,58,0,0,0,58
03/16/2009,CLL,TX,ASW,CE,Federal Contract Tower,0,21,18,37,76,0,0,58,12,70,0,21,76,49,146,18,0,18,164
03/17/2009,CLL,TX,ASW,CE,Federal Contract Tower,2,17,14,41,74,0,0,33,4,37,2,17,47,45,111,24,14,38,149
03/18/2009,CLL,TX,ASW,CE,Federal Contract Tower,0,18,14,12,44,0,0,56,2,58,0,18,70,14,102,14,2,16,118
03/19/2009,CLL,TX,ASW,CE,Federal Contract Tower,0,28,20,10,58,0,0,64,9,73,0,28,84,19,131,22,0,22,153
03/20/2009,CLL,TX,ASW,CE,Federal Contract Tower,2,16,5,18,41,0,0,63,10,73,2,16,68,28,114,40,24,64,178
03/21/2009,CLL,TX,ASW,CE,Federal Contract Tower,0,25,12,0,37,0,0,58,0,58,0,25,70,0,95,36,0,36,131
03/22/2009,CLL,TX,ASW,CE,Federal Contract Tower,0,21,21,4,46,0,0,37,3,40,0,21,58,7,86,12,0,12,98
03/23/2009,CLL,TX,ASW,CE,Federal Contract Tower,0,22,8,1,31,0,0,6,0,6,0,22,14,1,37,0,0,0,37
03/24/2009,CLL,TX,ASW,CE,Federal Contract Tower,0,20,17,15,52,0,0,9,0,9,0,20,26,15,61,10,0,10,71
03/25/2009,CLL,TX,ASW,CE,Federal Contract Tower,0,16,13,4,33,0,0,5,0,5,0,16,18,4,38,18,0,18,56
03/26/2009,CLL,TX,ASW,CE,Federal Contract Tower,0,19,21,2,42,0,0,5,1,6,0,19,26,3,48,6,12,18,66
03/27/2009,CLL,TX,ASW,CE,Federal Contract Tower,0,15,12,1,28,0,0,15,0,15,0,15,27,1,43,16,0,16,59
03/28/2009,CLL,TX,ASW,CE,Federal Contract Tower,0,13,6,0,19,0,0,28,19,47,0,13,34,19,66,28,22,50,116
03/29/2009,CLL,TX,ASW,CE,Federal Contract Tower,0,16,15,10,41,0,0,69,9,78,0,16,84,19,119,46,2,48,167
03/30/2009,CLL,TX,ASW,CE,Federal Contract Tower,0,19,14,14,47,0,0,17,5,22,0,19,31,19,69,0,0,0,69
03/31/2009,CLL,TX,ASW,CE,Federal Contract Tower,0,20,20,0,40,0,0,42,8,50,0,20,62,8,90,40,0,40,130
04/01/2009,CLL,TX,ASW,CE,Federal Contract Tower,0,20,17,4,41,0,0,42,10,52,0,20,59,14,93,28,0,28,121
04/02/2009,CLL,TX,ASW,CE,Federal Contract Tower,0,18,14,14,46,0,0,15,2,17,0,18,29,16,63,20,0,20,83
04/03/2009,CLL,TX,ASW,CE,Federal Contract Tower,0,20,10,7,37,0,0,89,3,92,0,20,99,10,129,62,38,100,229
04/04/2009,CLL,TX,ASW,CE,Federal Contract Tower,0,11,10,6,27,0,0,57,12,69,0,11,67,18,96,16,50,66,162
04/05/2009,CLL,TX,ASW,CE,Federal Contract Tower,0,18,11,9,38,0,0,26,2,28,0,18,37,11,66,0,0,0,66
04/06/2009,CLL,TX,ASW,CE,Federal Contract Tower,0,19,8,6,33,0,0,31,0,31,0,19,39,6,64,0,6,6,70
04/07/2009,CLL,TX,ASW,CE,Federal Contract Tower,0,16,2,5,23,0,0,82,2,84,0,16,84,7,107,78,28,106,213
04/08/2009,CLL,TX,ASW,CE,Federal Contract Tower,0,14,10,6,30,0,0,55,0,55,0,14,65,6,85,40,8,48,133
04/09/2009,CLL,TX,ASW,CE,Federal Contract Tower,0,19,18,12,49,0,0,21,1,22,0,19,39,13,71,20,10,30,101
04/10/2009,CLL,TX,ASW,CE,Federal Contract Tower,0,16,9,6,31,0,0,61,2,63,0,16,70,8,94,40,10,50,144
04/11/2009,CLL,TX,ASW,CE,Federal Contract Tower,0,10,30,1,41,0,0,34,0,34,0,10,64,1,75,0,0,0,75
04/12/2009,CLL,TX,ASW,CE,Federal Contract Tower,0,14,8,12,34,0,0,20,5,25,0,14,28,17,59,0,0,0,59
04/13/2009,CLL,TX,ASW,CE,Federal Contract Tower,0,20,10,2,32,0,0,28,6,34,0,20,38,8,66,0,0,0,66
04/14/2009,CLL,TX,ASW,CE,Federal Contract Tower,0,17,15,14,46,0,0,52,2,54,0,17,67,16,100,88,0,88,188
04/15/2009,CLL,TX,ASW,CE,Federal Contract Tower,0,14,8,10,32,0,0,48,1,49,0,14,56,11,81,34,0,34,115
04/16/2009,CLL,TX,ASW,CE,Federal Contract Tower,0,23,14,9,46,0,0,22,2,24,0,23,36,11,70,6,0,6,76
04/17/2009,CLL,TX,ASW,CE,Federal Contract Tower,0,12,13,0,25,0,0,3,0,3,0,12,16,0,28,0,0,0,28
04/18/2009,CLL,TX,ASW,CE,Federal Contract Tower,0,7,10,0,17,0,0,11,0,11,0,7,21,0,28,4,0,4,32
04/19/2009,CLL,TX,ASW,CE,Federal Contract Tower,0,14,25,2,41,0,0,45,0,45,0,14,70,2,86,6,0,6,92
04/20/2009,CLL,TX,ASW,CE,Federal Contract Tower,0,17,14,12,43,0,0,46,0,46,0,17,60,12,89,2,0,2,91
04/21/2009,CLL,TX,ASW,CE,Federal Contract Tower,0,17,16,12,45,0,0,58,19,77,0,17,74,31,122,86,16,102,224
04/22/2009,CLL,TX,ASW,CE,Federal Contract Tower,0,16,10,27,53,0,0,57,13,70,0,16,67,40,123,22,10,32,155
04/23/2009,CLL,TX,ASW,CE,Federal Contract Tower,0,20,21,4,45,0,0,33,8,41,0,20,54,12,86,32,0,32,118
04/24/2009,CLL,TX,ASW,CE,Federal Contract Tower,0,18,15,12,45,0,0,34,9,43,0,18,49,21,88,4,22,26,114
04/25/2009,CLL,TX,ASW,CE,Federal Contract Tower,0,9,21,4,34,0,0,28,1,29,0,9,49,5,63,16,8,24,87
04/26/2009,CLL,TX,ASW,CE,Federal Contract Tower,0,15,13,26,54,0,0,30,3,33,0,15,43,29,87,14,2,16,103
04/27/2009,CLL,TX,ASW,CE,Federal Contract Tower,2,14,2,0,18,0,0,3,0,3,2,14,5,0,21,0,0,0,21
04/28/2009,CLL,TX,ASW,CE,Federal Contract Tower,0,23,8,2,33,0,0,7,4,11,0,23,15,6,44,16,0,16,60
04/29/2009,CLL,TX,ASW,CE,Federal Contract Tower,0,14,16,17,47,0,0,29,4,33,0,14,45,21,80,62,12,74,154
04/30/2009,CLL,TX,ASW,CE,Federal Contract Tower,0,23,25,9,57,0,0,28,19,47,0,23,53,28,104,34,2,36,140
05/01/2009,CLL,TX,ASW,CE,Federal Contract Tower,0,18,18,15,51,0,0,74,16,90,0,18,92,31,141,34,32,66,207
05/02/2009,CLL,TX,ASW,CE,Federal Contract Tower,0,10,11,2,23,0,5,41,3,49,0,15,52,5,72,8,0,8,80
05/03/2009,CLL,TX,ASW,CE,Federal Contract Tower,0,18,15,5,38,0,0,44,0,44,0,18,59,5,82,18,0,18,100
05/04/2009,CLL,TX,ASW,CE,Federal Contract Tower,0,18,8,22,48,0,0,45,7,52,0,18,53,29,100,56,0,56,156
05/05/2009,CLL,TX,ASW,CE,Federal Contract Tower,0,16,13,21,50,0,0,44,3,47,0,16,57,24,97,54,26,80,177
05/06/2009,CLL,TX,ASW,CE,Federal Contract Tower,0,17,19,21,57,0,0,38,2,40,0,17,57,23,97,24,0,24,121
05/07/2009,CLL,TX,ASW,CE,Federal Contract Tower,0,18,30,32,80,0,0,45,2,47,0,18,75,34,127,4,20,24,151
05/08/2009,CLL,TX,ASW,CE,Federal Contract Tower,0,17,26,22,65,0,0,55,5,60,0,17,81,27,125,12,26,38,163
05/09/2009,CLL,TX,ASW,CE,Federal Contract Tower,0,11,13,3,27,0,0,55,0,55,0,11,68,3,82,38,6,44,126
05/10/2009,CLL,TX,ASW,CE,Federal Contract Tower,0,14,13,20,47,0,0,38,3,41,0,14,51,23,88,2,10,12,100
05/11/2009,CLL,TX,ASW,CE,Federal Contract Tower,0,15,10,5,30,0,0,29,13,42,0,15,39,18,72,4,2,6,78
05/12/2009,CLL,TX,ASW,CE,Federal Contract Tower,0,16,23,19,58,0,0,46,7,53,0,16,69,26,111,28,2,30,141
05/13/2009,CLL,TX,ASW,CE,Federal Contract Tower,0,16,10,6,32,0,0,40,11,51,0,16,50,17,83,4,2,6,89
05/14/2009,CLL,TX,ASW,CE,Federal Contract Tower,0,16,25,22,63,0,0,49,4,53,0,16,74,26,116,30,0,30,146
05/15/2009,CLL,TX,ASW,CE,Federal Contract Tower,0,14,23,5,42,0,0,55,9,64,0,14,78,14,106,22,12,34,140
05/16/2009,CLL,TX,ASW,CE,Federal Contract Tower,0,9,8,2,19,0,0,23,0,23,0,9,31,2,42,2,0,2,44
05/17/2009,CLL,TX,ASW,CE,Federal Contract Tower,0,22,19,15,56,0,0,43,6,49,0,22,62,21,105,10,0,10,115
05/18/2009,CLL,TX,ASW,CE,Federal Contract Tower,0,18,11,14,43,0,0,59,7,66,0,18,70,21,109,32,18,50,159
05/19/2009,CLL,TX,ASW,CE,Federal Contract Tower,0,16,15,6,37,0,0,85,14,99,0,16,100,20,136,16,2,18,154
05/20/2009,CLL,TX,ASW,CE,Federal Contract Tower,0,14,20,13,47,0,0,70,5,75,0,14,90,18,122,34,14,48,170
05/21/2009,CLL,TX,ASW,CE,Federal Contract Tower,0,18,13,19,50,0,0,75,10,85,0,18,88,29,135,34,8,42,177
05/22/2009,CLL,TX,ASW,CE,Federal Contract Tower,0,20,16,19,55,0,0,77,14,91,0,20,93,33,146,10,56,66,212
05/23/2009,CLL,TX,ASW,CE,Federal Contract Tower,0,10,6,0,16,0,0,37,0,37,0,10,43,0,53,36,0,36,89
05/24/2009,CLL,TX,ASW,CE,Federal Contract Tower,0,8,5,0,13,0,0,8,0,8,0,8,13,0,21,0,0,0,21
05/25/2009,CLL,TX,ASW,CE,Federal Contract Tower,0,15,11,47,73,0,0,39,6,45,0,15,50,53,118,10,0,10,128
05/26/2009,CLL,TX,ASW,CE,Federal Contract Tower,0,18,18,9,45,0,0,40,5,45,0,18,58,14,90,52,0,52,142
05/27/2009,CLL,TX,ASW,CE,Federal Contract Tower,0,21,13,13,47,0,0,31,0,31,0,21,44,13,78,54,0,54,132
05/28/2009,CLL,TX,ASW,CE,Federal Contract Tower,0,18,13,13,44,0,0,69,10,79,0,18,82,23,123,64,18,82,205
05/29/2009,CLL,TX,ASW,CE,Federal Contract Tower,0,15,11,9,35,0,0,65,24,89,0,15,76,33,124,76,24,100,224
05/30/2009,CLL,TX,ASW,CE,Federal Contract Tower,0,8,6,0,14,0,0,77,0,77,0,8,83,0,91,56,0,56,147
05/31/2009,CLL,TX,ASW,CE,Federal Contract Tower,0,15,10,0,25,0,0,80,2,82,0,15,90,2,107,44,12,56,163
06/01/2009,CLL,TX,ASW,CE,Federal Contract Tower,0,18,13,7,38,0,0,50,3,53,0,18,63,10,91,30,6,36,127
06/02/2009,CLL,TX,ASW,CE,Federal Contract Tower,0,17,5,4,26,0,0,54,12,66,0,17,59,16,92,28,0,28,120
06/03/2009,CLL,TX,ASW,CE,Federal Contract Tower,0,15,18,15,48,0,0,40,7,47,0,15,58,22,95,46,2,48,143
06/04/2009,CLL,TX,ASW,CE,Federal Contract Tower,0,20,19,20,59,0,0,57,4,61,0,20,76,24,120,68,2,70,190
06/05/2009,CLL,TX,ASW,CE,Federal Contract Tower,0,28,14,1,43,0,0,82,3,85,0,28,96,4,128,44,16,60,188
06/06/2009,CLL,TX,ASW,CE,Federal Contract Tower,0,14,15,3,32,0,0,93,1,94,0,14,108,4,126,52,4,56,182
06/07/2009,CLL,TX,ASW,CE,Federal Contract Tower,0,15,10,12,37,0,0,57,14,71,0,15,67,26,108,74,8,82,190
06/08/2009,CLL,TX,ASW,CE,Federal Contract Tower,0,20,16,24,60,0,0,43,13,56,0,20,59,37,116,28,20,48,164
06/09/2009,CLL,TX,ASW,CE,Federal Contract Tower,0,17,10,18,45,0,0,43,5,48,0,17,53,23,93,14,4,18,111
06/10/2009,CLL,TX,ASW,CE,Federal Contract Tower,0,20,16,17,53,0,0,46,5,51,0,20,62,22,104,18,2,20,124
06/11/2009,CLL,TX,ASW,CE,Federal Contract Tower,0,13,12,11,36,0,0,36,6,42,0,13,48,17,78,20,2,22,100
06/12/2009,CLL,TX,ASW,CE,Federal Contract Tower,0,15,28,12,55,0,0,65,0,65,0,15,93,12,120,60,6,66,186
06/13/2009,CLL,TX,ASW,CE,Federal Contract Tower,0,13,9,5,27,0,0,78,3,81,0,13,87,8,108,72,10,82,190
06/14/2009,CLL,TX,ASW,CE,Federal Contract Tower,0,18,11,16,45,0,0,53,13,66,0,18,64,29,111,44,18,62,173
06/15/2009,CLL,TX,ASW,CE,Federal Contract Tower,0,19,13,35,67,0,0,43,7,50,0,19,56,42,117,20,12,32,149
06/16/2009,CLL,TX,ASW,CE,Federal Contract Tower,0,22,17,13,52,0,0,52,11,63,0,22,69,24,115,26,8,34,149
06/17/2009,CLL,TX,ASW,CE,Federal Contract Tower,0,20,17,15,52,0,0,49,6,55,0,20,66,21,107,30,0,30,137
06/18/2009,CLL,TX,ASW,CE,Federal Contract Tower,0,17,17,1,35,0,0,54,9,63,0,17,71,10,98,46,4,50,148
06/19/2009,CLL,TX,ASW,CE,Federal Contract Tower,0,16,15,7,38,0,0,68,0,68,0,16,83,7,106,24,10,34,140
06/20/2009,CLL,TX,ASW,CE,Federal Contract Tower,0,11,9,2,22,0,0,53,0,53,0,11,62,2,75,44,4,48,123
06/21/2009,CLL,TX,ASW,CE,Federal Contract Tower,0,17,11,5,33,0,0,42,0,42,0,17,53,5,75,24,0,24,99
06/22/2009,CLL,TX,ASW,CE,Federal Contract Tower,0,17,14,16,47,0,0,65,5,70,0,17,79,21,117,22,4,26,143
06/23/2009,CLL,TX,ASW,CE,Federal Contract Tower,0,26,22,33,81,0,0,47,5,52,0,26,69,38,133,30,14,44,177
06/24/2009,CLL,TX,ASW,CE,Federal Contract Tower,0,19,10,16,45,0,0,45,11,56,0,19,55,27,101,18,8,26,127
06/25/2009,CLL,TX,ASW,CE,Federal Contract Tower,0,21,19,25,65,0,0,66,6,72,0,21,85,31,137,94,10,104,241
06/26/2009,CLL,TX,ASW,CE,Federal Contract Tower,0,16,11,7,34,0,0,92,8,100,0,16,103,15,134,62,20,82,216
06/27/2009,CLL,TX,ASW,CE,Federal Contract Tower,0,9,12,2,23,0,0,57,1,58,0,9,69,3,81,18,0,18,99
06/28/2009,CLL,TX,ASW,CE,Federal Contract Tower,0,16,11,11,38,0,0,39,11,50,0,16,50,22,88,18,0,18,106
06/29/2009,CLL,TX,ASW,CE,Federal Contract Tower,0,18,11,13,42,0,0,47,5,52,0,18,58,18,94,54,0,54,148
06/30/2009,CLL,TX,ASW,CE,Federal Contract Tower,0,17,13,7,37,0,0,37,15,52,0,17,50,22,89,26,0,26,115
07/01/2009,CLL,TX,ASW,CE,Federal Contract Tower,0,18,23,12,53,0,0,46,6,52,0,18,69,18,105,28,4,32,137
07/02/2009,CLL,TX,ASW,CE,Federal Contract Tower,0,33,8,12,53,0,0,61,5,66,0,33,69,17,119,24,8,32,151
07/03/2009,CLL,TX,ASW,CE,Federal Contract Tower,0,10,8,0,18,0,0,71,0,71,0,10,79,0,89,38,0,38,127
07/04/2009,CLL,TX,ASW,CE,Federal Contract Tower,0,10,9,0,19,0,0,9,0,9,0,10,18,0,28,0,0,0,28
07/05/2009,CLL,TX,ASW,CE,Federal Contract Tower,0,22,13,11,46,0,0,39,5,44,0,22,52,16,90,6,0,6,96
07/06/2009,CLL,TX,ASW,CE,Federal Contract Tower,0,18,14,0,32,0,0,27,0,27,0,18,41,0,59,12,0,12,71
07/07/2009,CLL,TX,ASW,CE,Federal Contract Tower,0,33,13,15,61,0,1,47,5,53,0,34,60,20,114,60,6,66,180
07/08/2009,CLL,TX,ASW,CE,Federal Contract Tower,0,22,4,9,35,0,0,39,14,53,0,22,43,23,88,34,0,34,122
07/09/2009,CLL,TX,ASW,CE,Federal Contract Tower,0,19,6,4,29,0,0,60,4,64,0,19,66,8,93,18,16,34,127
07/10/2009,CLL,TX,ASW,CE,Federal Contract Tower,0,19,23,17,59,0,0,63,3,66,0,19,86,20,125,42,38,80,205
07/11/2009,CLL,TX,ASW,CE,Federal Contract Tower,0,10,14,4,28,0,0,59,2,61,0,10,73,6,89,62,8,70,159
07/12/2009,CLL,TX,ASW,CE,Federal Contract Tower,0,16,10,20,46,0,0,59,9,68,0,16,69,29,114,86,0,86,200
07/13/2009,CLL,TX,ASW,CE,Federal Contract Tower,0,19,12,24,55,0,0,46,16,62,0,19,58,40,117,8,12,20,137
07/14/2009,CLL,TX,ASW,CE,Federal Contract Tower,0,19,12,31,62,0,0,55,12,67,0,19,67,43,129,24,10,34,163
07/15/2009,CLL,TX,ASW,CE,Federal Contract Tower,0,21,23,3,47,0,0,46,2,48,0,21,69,5,95,16,0,16,111
07/16/2009,CLL,TX,ASW,CE,Federal Contract Tower,0,20,16,8,44,0,0,54,1,55,0,20,70,9,99,14,14,28,127
07/17/2009,CLL,TX,ASW,CE,Federal Contract Tower,0,13,18,20,51,0,0,63,10,73,0,13,81,30,124,18,28,46,170
07/18/2009,CLL,TX,ASW,CE,Federal Contract Tower,0,9,23,6,38,0,0,52,1,53,0,9,75,7,91,66,16,82,173
07/19/2009,CLL,TX,ASW,CE,Federal Contract Tower,0,18,4,29,51,0,0,29,6,35,0,18,33,35,86,48,8,56,142
07/20/2009,CLL,TX,ASW,CE,Federal Contract Tower,0,15,11,9,35,0,0,33,6,39,0,15,44,15,74,16,0,16,90
07/21/2009,CLL,TX,ASW,CE,Federal Contract Tower,0,18,9,16,43,0,0,25,12,37,0,18,34,28,80,24,12,36,116
07/22/2009,CLL,TX,ASW,CE,Federal Contract Tower,0,19,16,25,60,0,0,49,15,64,0,19,65,40,124,34,6,40,164
07/23/2009,CLL,TX,ASW,CE,Federal Contract Tower,0,28,15,29,72,0,0,43,6,49,0,28,58,35,121,26,2,28,149
07/24/2009,CLL,TX,ASW,CE,Federal Contract Tower,0,17,15,5,37,0,0,53,6,59,0,17,68,11,96,42,6,48,144
07/25/2009,CLL,TX,ASW,CE,Federal Contract Tower,0,31,6,5,42,0,0,66,6,72,0,31,72,11,114,30,12,42,156
07/26/2009,CLL,TX,ASW,CE,Federal Contract Tower,0,17,4,19,40,0,0,37,4,41,0,17,41,23,81,32,8,40,121
07/27/2009,CLL,TX,ASW,CE,Federal Contract Tower,0,18,12,11,41,0,0,31,6,37,0,18,43,17,78,10,12,22,100
07/28/2009,CLL,TX,ASW,CE,Federal Contract Tower,0,17,14,14,45,0,0,36,4,40,0,17,50,18,85,10,4,14,99
07/29/2009,CLL,TX,ASW,CE,Federal Contract Tower,0,19,19,22,60,0,0,30,6,36,0,19,49,28,96,28,8,36,132
07/30/2009,CLL,TX,ASW,CE,Federal Contract Tower,0,17,9,0,26,0,1,27,2,30,0,18,36,2,56,2,0,2,58
07/31/2009,CLL,TX,ASW,CE,Federal Contract Tower,0,18,8,3,29,0,0,20,0,20,0,18,28,3,49,40,6,46,95
08/01/2009,CLL,TX,ASW,CE,Federal Contract Tower,0,11,7,2,20,0,0,67,0,67,0,11,74,2,87,68,18,86,173
08/02/2009,CLL,TX,ASW,CE,Federal Contract Tower,0,15,17,22,54,0,0,54,11,65,0,15,71,33,119,24,28,52,171
08/03/2009,CLL,TX,ASW,CE,Federal Contract Tower,0,17,15,10,42,0,0,58,11,69,0,17,73,21,111,22,26,48,159
08/04/2009,CLL,TX,ASW,CE,Federal Contract Tower,0,16,10,26,52,0,0,49,8,57,0,16,59,34,109,28,14,42,151
08/05/2009,CLL,TX,ASW,CE,Federal Contract Tower,0,15,11,19,45,0,0,39,7,46,0,15,50,26,91,18,0,18,109
08/06/2009,CLL,TX,ASW,CE,Federal Contract Tower,0,21,16,25,62,0,0,65,12,77,0,21,81,37,139,42,26,68,207
08/07/2009,CLL,TX,ASW,CE,Federal Contract Tower,0,16,12,6,34,0,0,80,0,80,0,16,92,6,114,36,12,48,162
08/08/2009,CLL,TX,ASW,CE,Federal Contract Tower,0,12,8,3,23,0,0,39,4,43,0,12,47,7,66,34,4,38,104
08/09/2009,CLL,TX,ASW,CE,Federal Contract Tower,0,15,13,11,39,0,0,33,5,38,0,15,46,16,77,44,2,46,123
08/10/2009,CLL,TX,ASW,CE,Federal Contract Tower,0,17,12,24,53,0,0,29,11,40,0,17,41,35,93,20,0,20,113
08/11/2009,CLL,TX,ASW,CE,Federal Contract Tower,0,16,9,10,35,0,0,45,12,57,0,16,54,22,92,14,0,14,106
08/12/2009,CLL,TX,ASW,CE,Federal Contract Tower,0,16,13,19,48,0,0,42,7,49,0,16,55,26,97,72,10,82,179
08/13/2009,CLL,TX,ASW,CE,Federal Contract Tower,0,17,26,19,62,0,0,67,9,76,0,17,93,28,138,66,24,90,228
08/14/2009,CLL,TX,ASW,CE,Federal Contract Tower,0,16,19,19,54,0,0,71,5,76,0,16,90,24,130,46,94,140,270
08/15/2009,CLL,TX,ASW,CE,Federal Contract Tower,0,11,13,2,26,0,0,69,0,69,0,11,82,2,95,34,24,58,153
08/16/2009,CLL,TX,ASW,CE,Federal Contract Tower,0,19,16,5,40,0,0,47,0,47,0,19,63,5,87,18,0,18,105
08/17/2009,CLL,TX,ASW,CE,Federal Contract Tower,0,22,12,33,67,0,0,68,12,80,0,22,80,45,147,38,20,58,205
08/18/2009,CLL,TX,ASW,CE,Federal Contract Tower,0,19,14,16,49,0,0,35,7,42,0,19,49,23,91,16,2,18,109
08/19/2009,CLL,TX,ASW,CE,Federal Contract Tower,0,18,15,20,53,0,0,49,15,64,0,18,64,35,117,30,12,42,159
08/20/2009,CLL,TX,ASW,CE,Federal Contract Tower,0,15,11,32,58,0,0,54,10,64,0,15,65,42,122,48,58,106,228
08/21/2009,CLL,TX,ASW,CE,Federal Contract Tower,0,32,5,17,54,0,0,68,6,74,0,32,73,23,128,32,20,52,180
08/22/2009,CLL,TX,ASW,CE,Federal Contract Tower,0,10,9,3,22,0,0,54,9,63,0,10,63,12,85,84,6,90,175
08/23/2009,CLL,TX,ASW,CE,Federal Contract Tower,0,14,15,10,39,0,0,65,5,70,0,14,80,15,109,44,10,54,163
08/24/2009,CLL,TX,ASW,CE,Federal Contract Tower,0,22,11,23,56,0,0,44,2,46,0,22,55,25,102,10,14,24,126
08/25/2009,CLL,TX,ASW,CE,Federal Contract Tower,0,18,21,9,48,0,0,35,4,39,0,18,56,13,87,18,22,40,127
08/26/2009,CLL,TX,ASW,CE,Federal Contract Tower,0,18,14,18,50,0,1,39,9,49,0,19,53,27,99,30,4,34,133
08/27/2009,CLL,TX,ASW,CE,Federal Contract Tower,0,16,14,23,53,0,0,40,6,46,0,16,54,29,99,20,0,20,119
08/28/2009,CLL,TX,ASW,CE,Federal Contract Tower,0,13,8,4,25,0,0,91,1,92,0,13,99,5,117,70,30,100,217
08/29/2009,CLL,TX,ASW,CE,Federal Contract Tower,0,9,13,6,28,0,0,74,0,74,0,9,87,6,102,50,32,82,184
08/30/2009,CLL,TX,ASW,CE,Federal Contract Tower,0,15,15,15,45,0,0,96,0,96,0,15,111,15,141,28,0,28,169
08/31/2009,CLL,TX,ASW,CE,Federal Contract Tower,0,18,12,30,60,0,0,63,8,71,0,18,75,38,131,22,12,34,165
09/01/2009,CLL,TX,ASW,CE,Federal Contract Tower,0,22,9,30,61,0,0,46,12,58,0,22,55,42,119,54,58,112,231
09/02/2009,CLL,TX,ASW,CE,Federal Contract Tower,2,16,20,36,74,0,0,50,11,61,2,16,70,47,135,8,12,20,155
09/03/2009,CLL,TX,ASW,CE,Federal Contract Tower,0,17,7,15,39,0,0,44,6,50,0,17,51,21,89,34,22,56,145
09/04/2009,CLL,TX,ASW,CE,Federal Contract Tower,1,19,27,2,49,0,0,73,4,77,1,19,100,6,126,14,18,32,158
09/05/2009,CLL,TX,ASW,CE,Federal Contract Tower,1,10,31,0,42,0,0,52,0,52,1,10,83,0,94,8,0,8,102
09/06/2009,CLL,TX,ASW,CE,Federal Contract Tower,0,10,10,0,20,0,0,45,0,45,0,10,55,0,65,4,0,4,69
09/07/2009,CLL,TX,ASW,CE,Federal Contract Tower,0,15,11,8,34,0,0,63,3,66,0,15,74,11,100,52,14,66,166
09/08/2009,CLL,TX,ASW,CE,Federal Contract Tower,0,18,12,29,59,0,0,38,6,44,0,18,50,35,103,56,26,82,185
09/09/2009,CLL,TX,ASW,CE,Federal Contract Tower,0,15,12,2,29,0,0,12,0,12,0,15,24,2,41,24,2,26,67
09/10/2009,CLL,TX,ASW,CE,Federal Contract Tower,0,16,20,6,42,0,0,63,0,63,0,16,83,6,105,40,0,40,145
09/11/2009,CLL,TX,ASW,CE,Federal Contract Tower,0,21,11,0,32,0,0,0,0,0,0,21,11,0,32,0,0,0,32
09/12/2009,CLL,TX,ASW,CE,Federal Contract Tower,0,11,11,1,23,0,0,0,1,1,0,11,11,2,24,0,0,0,24
09/13/2009,CLL,TX,ASW,CE,Federal Contract Tower,0,14,14,3,31,0,0,21,5,26,0,14,35,8,57,14,0,14,71
09/14/2009,CLL,TX,ASW,CE,Federal Contract Tower,0,20,17,22,59,0,0,4,1,5,0,20,21,23,64,0,0,0,64
09/15/2009,CLL,TX,ASW,CE,Federal Contract Tower,0,18,24,12,54,0,0,28,6,34,0,18,52,18,88,12,0,12,100
09/16/2009,CLL,TX,ASW,CE,Federal Contract Tower,0,17,14,41,72,0,0,34,9,43,0,17,48,50,115,4,24,28,143
09/17/2009,CLL,TX,ASW,CE,Federal Contract Tower,0,15,11,19,45,0,0,26,3,29,0,15,37,22,74,4,0,4,78
09/18/2009,CLL,TX,ASW,CE,Federal Contract Tower,0,25,35,3,63,0,0,38,1,39,0,25,73,4,102,30,10,40,142
09/19/2009,CLL,TX,ASW,CE,Federal Contract Tower,2,14,46,1,63,0,0,44,5,49,2,14,90,6,112,4,0,4,116
09/20/2009,CLL,TX,ASW,CE,Federal Contract Tower,0,16,9,8,33,0,0,87,10,97,0,16,96,18,130,52,20,72,202
09/21/2009,CLL,TX,ASW,CE,Federal Contract Tower,0,17,20,16,53,0,0,52,8,60,0,17,72,24,113,26,16,42,155
09/22/2009,CLL,TX,ASW,CE,Federal Contract Tower,0,17,7,2,26,0,0,1,0,1,0,17,8,2,27,0,0,0,27
09/23/2009,CLL,TX,ASW,CE,Federal Contract Tower,0,15,19,19,53,0,0,28,2,30,0,15,47,21,83,18,6,24,107
09/24/2009,CLL,TX,ASW,CE,Federal Contract Tower,0,17,20,11,48,0,0,23,4,27,0,17,43,15,75,54,0,54,129
09/25/2009,CLL,TX,ASW,CE,Federal Contract Tower,0,20,32,5,57,0,0,106,6,112,0,20,138,11,169,66,12,78,247
09/26/2009,CLL,TX,ASW,CE,Federal Contract Tower,2,18,44,1,65,0,0,72,4,76,2,18,116,5,141,6,10,16,157
09/27/2009,CLL,TX,ASW,CE,Federal Contract Tower,0,15,24,7,46,0,0,85,4,89,0,15,109,11,135,44,10,54,189
09/28/2009,CLL,TX,ASW,CE,Federal Contract Tower,0,26,11,11,48,0,0,37,1,38,0,26,48,12,86,6,8,14,100
09/29/2009,CLL,TX,ASW,CE,Federal Contract Tower,0,16,20,17,53,0,0,37,5,42,0,16,57,22,95,8,2,10,105
09/30/2009,CLL,TX,ASW,CE,Federal Contract Tower,0,15,7,6,28,0,0,66,6,72,0,15,73,12,100,14,0,14,114
10/01/2009,CLL,TX,ASW,CE,Federal Contract Tower,0,22,25,6,53,0,0,27,0,27,0,22,52,6,80,0,0,0,80
10/02/2009,CLL,TX,ASW,CE,Federal Contract Tower,0,25,15,15,55,0,0,78,6,84,0,25,93,21,139,46,24,70,209
10/03/2009,CLL,TX,ASW,CE,Federal Contract Tower,0,13,4,0,17,0,0,18,0,18,0,13,22,0,35,30,0,30,65
10/04/2009,CLL,TX,ASW,CE,Federal Contract Tower,0,17,19,2,38,0,0,0,1,1,0,17,19,3,39,0,0,0,39
10/05/2009,CLL,TX,ASW,CE,Federal Contract Tower,0,18,25,2,45,0,0,2,0,2,0,18,27,2,47,0,0,0,47
10/06/2009,CLL,TX,ASW,CE,Federal Contract Tower,0,18,21,31,70,0,1,34,11,46,0,19,55,42,116,8,0,8,124
10/07/2009,CLL,TX,ASW,CE,Federal Contract Tower,0,16,17,32,65,0,0,25,8,33,0,16,42,40,98,18,6,24,122
10/08/2009,CLL,TX,ASW,CE,Federal Contract Tower,0,18,33,29,80,0,0,35,11,46,0,18,68,40,126,38,36,74,200
10/09/2009,CLL,TX,ASW,CE,Federal Contract Tower,2,20,35,1,58,0,0,1,0,1,2,20,36,1,59,2,0,2,61
10/10/2009,CLL,TX,ASW,CE,Federal Contract Tower,4,20,101,4,129,0,0,1,0,1,4,20,102,4,130,0,0,0,130
10/11/2009,CLL,TX,ASW,CE,Federal Contract Tower,0,20,28,3,51,0,0,0,0,0,0,20,28,3,51,0,0,0,51
10/12/2009,CLL,TX,ASW,CE,Federal Contract Tower,0,28,14,0,42,0,0,0,0,0,0,28,14,0,42,0,0,0,42
10/13/2009,CLL,TX,ASW,CE,Federal Contract Tower,0,19,7,5,31,0,0,0,0,0,0,19,7,5,31,0,0,0,31
10/14/2009,CLL,TX,ASW,CE,Federal Contract Tower,0,15,21,11,47,0,0,41,15,56,0,15,62,26,103,40,10,50,153
10/15/2009,CLL,TX,ASW,CE,Federal Contract Tower,1,21,12,8,42,0,0,39,3,42,1,21,51,11,84,116,22,138,222
10/16/2009,CLL,TX,ASW,CE,Federal Contract Tower,4,17,34,7,62,0,0,8,6,14,4,17,42,13,76,12,2,14,90
10/17/2009,CLL,TX,ASW,CE,Federal Contract Tower,0,11,4,0,15,0,0,71,3,74,0,11,75,3,89,72,8,80,169
10/18/2009,CLL,TX,ASW,CE,Federal Contract Tower,0,15,8,22,45,0,0,100,11,111,0,15,108,33,156,54,14,68,224
10/19/2009,CLL,TX,ASW,CE,Federal Contract Tower,0,17,9,14,40,0,0,75,20,95,0,17,84,34,135,34,40,74,209
10/20/2009,CLL,TX,ASW,CE,Federal Contract Tower,0,15,8,20,43,0,0,54,6,60,0,15,62,26,103,18,0,18,121
10/21/2009,CLL,TX,ASW,CE,Federal Contract Tower,0,19,14,1,34,0,0,4,2,6,0,19,18,3,40,8,4,12,52
10/22/2009,CLL,TX,ASW,CE,Federal Contract Tower,0,19,18,16,53,0,1,20,6,27,0,20,38,22,80,30,0,30,110
10/23/2009,CLL,TX,ASW,CE,Federal Contract Tower,1,19,30,7,57,1,0,100,6,107,2,19,130,13,164,88,30,118,282
10/24/2009,CLL,TX,ASW,CE,Federal Contract Tower,0,11,8,14,33,0,0,91,7,98,0,11,99,21,131,78,26,104,235
10/25/2009,CLL,TX,ASW,CE,Federal Contract Tower,0,17,10,18,45,0,0,64,8,72,0,17,74,26,117,40,2,42,159
10/26/2009,CLL,TX,ASW,CE,Federal Contract Tower,0,15,5,2,22,0,0,0,0,0,0,15,5,2,22,0,0,0,22
10/27/2009,CLL,TX,ASW,CE,Federal Contract Tower,0,16,14,17,47,0,0,33,12,45,0,16,47,29,92,16,16,32,124
10/28/2009,CLL,TX,ASW,CE,Federal Contract Tower,0,17,16,30,63,0,0,32,7,39,0,17,48,37,102,22,4,26,128
10/29/2009,CLL,TX,ASW,CE,Federal Contract Tower,0,28,14,4,46,0,0,2,2,4,0,28,16,6,50,0,4,4,54
10/30/2009,CLL,TX,ASW,CE,Federal Contract Tower,0,22,19,31,72,0,0,63,6,69,0,22,82,37,141,46,44,90,231
10/31/2009,CLL,TX,ASW,CE,Federal Contract Tower,1,18,33,0,52,0,0,89,4,93,1,18,122,4,145,6,0,6,151
11/01/2009,CLL,TX,ASW,CE,Federal Contract Tower,0,19,5,18,42,0,0,76,12,88,0,19,81,30,130,60,0,60,190
11/02/2009,CLL,TX,ASW,CE,Federal Contract Tower,0,19,12,13,44,0,0,48,13,61,0,19,60,26,105,34,12,46,151
11/03/2009,CLL,TX,ASW,CE,Federal Contract Tower,0,17,17,21,55,0,0,86,21,107,0,17,103,42,162,38,18,56,218
11/04/2009,CLL,TX,ASW,CE,Federal Contract Tower,0,18,16,21,55,0,0,59,27,86,0,18,75,48,141,24,20,44,185
11/05/2009,CLL,TX,ASW,CE,Federal Contract Tower,0,17,11,15,43,0,1,68,26,95,0,18,79,41,138,30,0,30,168
11/06/2009,CLL,TX,ASW,CE,Federal Contract Tower,2,22,22,3,49,0,0,90,0,90,2,22,112,3,139,52,6,58,197
11/07/2009,CLL,TX,ASW,CE,Federal Contract Tower,1,10,6,5,22,0,0,43,5,48,1,10,49,10,70,26,10,36,106
11/08/2009,CLL,TX,ASW,CE,Federal Contract Tower,0,15,18,0,33,0,0,8,0,8,0,15,26,0,41,0,0,0,41
11/09/2009,CLL,TX,ASW,CE,Federal Contract Tower,0,21,18,26,65,0,0,41,20,61,0,21,59,46,126,42,24,66,192
11/10/2009,CLL,TX,ASW,CE,Federal Contract Tower,0,16,13,25,54,0,0,33,2,35,0,16,46,27,89,20,24,44,133
11/11/2009,CLL,TX,ASW,CE,Federal Contract Tower,0,18,11,1,30,0,0,56,0,56,0,18,67,1,86,22,0,22,108
11/12/2009,CLL,TX,ASW,CE,Federal Contract Tower,0,16,18,20,54,0,0,69,4,73,0,16,87,24,127,106,24,130,257
11/13/2009,CLL,TX,ASW,CE,Federal Contract Tower,2,16,18,28,64,0,0,62,12,74,2,16,80,40,138,32,28,60,198
11/14/2009,CLL,TX,ASW,CE,Federal Contract Tower,0,10,16,14,40,0,0,56,7,63,0,10,72,21,103,36,20,56,159
11/15/2009,CLL,TX,ASW,CE,Federal Contract Tower,0,20,23,31,74,0,0,24,3,27,0,20,47,34,101,24,10,34,135
11/16/2009,CLL,TX,ASW,CE,Federal Contract Tower,0,18,12,22,52,0,0,18,4,22,0,18,30,26,74,4,0,4,78
11/17/2009,CLL,TX,ASW,CE,Federal Contract Tower,0,15,14,15,44,0,0,45,10,55,0,15,59,25,99,22,6,28,127
11/18/2009,CLL,TX,ASW,CE,Federal Contract Tower,0,16,11,22,49,0,0,58,20,78,0,16,69,42,127,30,8,38,165
11/19/2009,CLL,TX,ASW,CE,Federal Contract Tower,0,23,19,32,74,0,0,40,3,43,0,23,59,35,117,64,4,68,185
11/20/2009,CLL,TX,ASW,CE,Federal Contract Tower,0,25,33,0,58,0,0,0,0,0,0,25,33,0,58,0,0,0,58
11/21/2009,CLL,TX,ASW,CE,Federal Contract Tower,0,12,72,5,89,0,0,15,3,18,0,12,87,8,107,0,0,0,107
11/22/2009,CLL,TX,ASW,CE,Federal Contract Tower,0,17,6,17,40,0,0,80,8,88,0,17,86,25,128,66,8,74,202
11/23/2009,CLL,TX,ASW,CE,Federal Contract Tower,0,14,11,15,40,0,0,57,21,78,0,14,68,36,118,30,16,46,164
11/24/2009,CLL,TX,ASW,CE,Federal Contract Tower,0,22,17,38,77,0,0,57,24,81,0,22,74,62,158,18,30,48,206
11/25/2009,CLL,TX,ASW,CE,Federal Contract Tower,0,17,19,2,38,0,0,85,0,85,0,17,104,2,123,26,0,26,149
11/26/2009,CLL,TX,ASW,CE,Federal Contract Tower,0,12,46,0,58,0,0,69,0,69,0,12,115,0,127,4,0,4,131
11/27/2009,CLL,TX,ASW,CE,Federal Contract Tower,0,14,12,0,26,0,0,70,0,70,0,14,82,0,96,22,0,22,118
11/28/2009,CLL,TX,ASW,CE,Federal Contract Tower,0,14,3,0,17,0,0,73,0,73,0,14,76,0,90,80,0,80,170
11/29/2009,CLL,TX,ASW,CE,Federal Contract Tower,0,19,25,2,46,0,0,14,0,14,0,19,39,2,60,2,0,2,62
11/30/2009,CLL,TX,ASW,CE,Federal Contract Tower,0,18,15,16,49,0,0,23,5,28,0,18,38,21,77,6,4,10,87
12/01/2009,CLL,TX,ASW,CE,Federal Contract Tower,0,13,3,6,22,0,0,0,0,0,0,13,3,6,22,0,0,0,22
12/02/2009,CLL,TX,ASW,CE,Federal Contract Tower,0,20,33,27,80,0,0,16,6,22,0,20,49,33,102,6,4,10,112
12/03/2009,CLL,TX,ASW,CE,Federal Contract Tower,0,30,22,21,73,0,0,61,10,71,0,30,83,31,144,16,0,16,160
12/04/2009,CLL,TX,ASW,CE,Federal Contract Tower,0,13,9,0,22,0,0,13,0,13,0,13,22,0,35,0,0,0,35
12/05/2009,CLL,TX,ASW,CE,Federal Contract Tower,0,11,5,1,17,0,0,54,5,59,0,11,59,6,76,26,8,34,110
12/06/2009,CLL,TX,ASW,CE,Federal Contract Tower,0,19,12,0,31,0,0,0,0,0,0,19,12,0,31,0,0,0,31
12/07/2009,CLL,TX,ASW,CE,Federal Contract Tower,0,14,8,12,34,0,0,0,0,0,0,14,8,12,34,0,0,0,34
12/08/2009,CLL,TX,ASW,CE,Federal Contract Tower,0,13,1,10,24,0,0,0,0,0,0,13,1,10,24,0,0,0,24
12/09/2009,CLL,TX,ASW,CE,Federal Contract Tower,0,15,22,47,84,0,0,59,23,82,0,15,81,70,166,58,14,72,238
12/10/2009,CLL,TX,ASW,CE,Federal Contract Tower,0,17,14,9,40,0,0,39,7,46,0,17,53,16,86,8,0,8,94
12/11/2009,CLL,TX,ASW,CE,Federal Contract Tower,0,19,27,18,64,0,0,11,3,14,0,19,38,21,78,2,4,6,84
12/12/2009,CLL,TX,ASW,CE,Federal Contract Tower,0,10,5,0,15,0,0,0,0,0,0,10,5,0,15,0,0,0,15
12/13/2009,CLL,TX,ASW,CE,Federal Contract Tower,0,13,20,2,35,0,0,1,0,1,0,13,21,2,36,0,0,0,36
12/14/2009,CLL,TX,ASW,CE,Federal Contract Tower,0,17,11,0,28,0,0,0,0,0,0,17,11,0,28,0,0,0,28
12/15/2009,CLL,TX,ASW,CE,Federal Contract Tower,0,17,17,24,58,0,0,15,0,15,0,17,32,24,73,0,0,0,73
12/16/2009,CLL,TX,ASW,CE,Federal Contract Tower,0,19,15,26,60,0,0,53,9,62,0,19,68,35,122,36,38,74,196
12/17/2009,CLL,TX,ASW,CE,Federal Contract Tower,0,18,47,22,87,0,0,8,0,8,0,18,55,22,95,4,0,4,99
12/18/2009,CLL,TX,ASW,CE,Federal Contract Tower,0,16,26,35,77,0,0,62,16,78,0,16,88,51,155,34,38,72,227
12/19/2009,CLL,TX,ASW,CE,Federal Contract Tower,0,9,12,9,30,0,0,80,2,82,0,9,92,11,112,42,0,42,154
12/20/2009,CLL,TX,ASW,CE,Federal Contract Tower,0,14,4,2,20,0,0,57,12,69,0,14,61,14,89,48,0,48,137
12/21/2009,CLL,TX,ASW,CE,Federal Contract Tower,0,16,5,3,24,0,0,62,10,72,0,16,67,13,96,68,0,68,164
12/22/2009,CLL,TX,ASW,CE,Federal Contract Tower,0,17,9,18,44,0,0,16,4,20,0,17,25,22,64,10,0,10,74
12/23/2009,CLL,TX,ASW,CE,Federal Contract Tower,0,15,7,7,29,0,0,1,2,3,0,15,8,9,32,0,8,8,40
12/24/2009,CLL,TX,ASW,CE,Federal Contract Tower,0,5,1,0,6,0,0,0,0,0,0,5,1,0,6,0,0,0,6
12/25/2009,CLL,TX,ASW,CE,Federal Contract Tower,0,8,0,0,8,0,0,5,0,5,0,8,5,0,13,0,0,0,13
12/26/2009,CLL,TX,ASW,CE,Federal Contract Tower,0,11,11,0,22,0,0,24,0,24,0,11,35,0,46,8,0,8,54
12/27/2009,CLL,TX,ASW,CE,Federal Contract Tower,0,21,5,0,26,0,0,50,0,50,0,21,55,0,76,14,0,14,90
12/28/2009,CLL,TX,ASW,CE,Federal Contract Tower,0,15,12,9,36,0,0,45,1,46,0,15,57,10,82,14,0,14,96
12/29/2009,CLL,TX,ASW,CE,Federal Contract Tower,0,13,5,0,18,0,0,5,0,5,0,13,10,0,23,0,0,0,23
12/30/2009,CLL,TX,ASW,CE,Federal Contract Tower,0,18,9,16,43,0,0,18,1,19,0,18,27,17,62,10,0,10,72
12/31/2009,CLL,TX,ASW,CE,Federal Contract Tower,0,11,6,0,17,0,0,14,0,14,0,11,20,0,31,24,0,24,55
01/01/2010,CLL,TX,ASW,CE,Federal Contract Tower,0,15,8,0,23,0,0,45,0,45,0,15,53,0,68,18,0,18,86
01/02/2010,CLL,TX,ASW,CE,Federal Contract Tower,0,10,5,0,15,0,0,46,0,46,0,10,51,0,61,26,0,26,87
01/03/2010,CLL,TX,ASW,CE,Federal Contract Tower,0,18,10,0,28,0,0,16,0,16,0,18,26,0,44,18,0,18,62
01/04/2010,CLL,TX,ASW,CE,Federal Contract Tower,0,17,13,11,41,0,0,47,2,49,0,17,60,13,90,52,0,52,142
01/05/2010,CLL,TX,ASW,CE,Federal Contract Tower,0,14,5,5,24,0,0,42,3,45,0,14,47,8,69,34,0,34,103
01/06/2010,CLL,TX,ASW,CE,Federal Contract Tower,0,15,17,14,46,0,0,19,3,22,0,15,36,17,68,16,16,32,100
01/07/2010,CLL,TX,ASW,CE,Federal Contract Tower,0,15,3,12,30,0,0,14,8,22,0,15,17,20,52,0,14,14,66
01/08/2010,CLL,TX,ASW,CE,Federal Contract Tower,0,19,9,24,52,0,0,19,1,20,0,19,28,25,72,12,6,18,90
01/09/2010,CLL,TX,ASW,CE,Federal Contract Tower,0,11,13,21,45,0,0,41,6,47,0,11,54,27,92,48,4,52,144
01/10/2010,CLL,TX,ASW,CE,Federal Contract Tower,0,16,7,10,33,0,0,44,3,47,0,16,51,13,80,32,2,34,114
01/11/2010,CLL,TX,ASW,CE,Federal Contract Tower,1,18,13,30,62,0,0,38,11,49,1,18,51,41,111,12,4,16,127
01/12/2010,CLL,TX,ASW,CE,Federal Contract Tower,0,18,13,36,67,0,0,54,19,73,0,18,67,55,140,50,14,64,204
01/13/2010,CLL,TX,ASW,CE,Federal Contract Tower,1,17,23,41,82,0,0,35,12,47,1,17,58,53,129,20,54,74,203
01/14/2010,CLL,TX,ASW,CE,Federal Contract Tower,0,18,25,10,53,0,0,2,0,2,0,18,27,10,55,0,0,0,55
01/15/2010,CLL,TX,ASW,CE,Federal Contract Tower,0,17,4,4,25,0,0,7,0,7,0,17,11,4,32,2,0,2,34
01/16/2010,CLL,TX,ASW,CE,Federal Contract Tower,0,10,11,6,27,0,0,15,11,26,0,10,26,17,53,26,0,26,79
01/17/2010,CLL,TX,ASW,CE,Federal Contract Tower,0,14,7,0,21,0,0,57,5,62,0,14,64,5,83,50,0,50,133
01/18/2010,CLL,TX,ASW,CE,Federal Contract Tower,0,19,9,29,57,0,0,50,16,66,0,19,59,45,123,46,0,46,169
01/19/2010,CLL,TX,ASW,CE,Federal Contract Tower,0,16,14,11,41,0,0,11,0,11,0,16,25,11,52,0,0,0,52
01/20/2010,CLL,TX,ASW,CE,Federal Contract Tower,0,18,26,11,55,0,0,8,5,13,0,18,34,16,68,32,0,32,100
01/21/2010,CLL,TX,ASW,CE,Federal Contract Tower,0,19,12,23,54,0,0,70,12,82,0,19,82,35,136,48,52,100,236
01/22/2010,CLL,TX,ASW,CE,Federal Contract Tower,0,24,13,52,89,0,0,58,19,77,0,24,71,71,166,46,72,118,284
01/23/2010,CLL,TX,ASW,CE,Federal Contract Tower,0,14,20,18,52,0,0,29,12,41,0,14,49,30,93,24,12,36,129
01/24/2010,CLL,TX,ASW,CE,Federal Contract Tower,0,15,13,24,52,0,0,31,6,37,0,15,44,30,89,0,36,36,125
01/25/2010,CLL,TX,ASW,CE,Federal Contract Tower,0,17,8,22,47,0,0,48,17,65,0,17,56,39,112,22,32,54,166
01/26/2010,CLL,TX,ASW,CE,Federal Contract Tower,2,18,10,28,58,0,0,75,15,90,2,18,85,43,148,54,38,92,240
01/27/2010,CLL,TX,ASW,CE,Federal Contract Tower,0,19,9,17,45,0,0,42,14,56,0,19,51,31,101,40,10,50,151
01/28/2010,CLL,TX,ASW,CE,Federal Contract Tower,0,25,6,8,39,0,0,23,1,24,0,25,29,9,63,0,0,0,63
01/29/2010,CLL,TX,ASW,CE,Federal Contract Tower,0,18,18,26,62,0,0,6,1,7,0,18,24,27,69,0,0,0,69
01/30/2010,CLL,TX,ASW,CE,Federal Contract Tower,0,15,13,9,37,0,0,21,14,35,0,15,34,23,72,18,0,18,90
01/31/2010,CLL,TX,ASW,CE,Federal Contract Tower,0,14,17,15,46,0,0,12,0,12,0,14,29,15,58,8,0,8,66
02/01/2010,CLL,TX,ASW,CE,Federal Contract Tower,0,17,15,16,48,0,0,12,4,16,0,17,27,20,64,0,0,0,64
02/02/2010,CLL,TX,ASW,CE,Federal Contract Tower,0,19,25,23,67,0,0,26,2,28,0,19,51,25,95,6,0,6,101
02/03/2010,CLL,TX,ASW,CE,Federal Contract Tower,0,16,15,12,43,0,0,29,3,32,0,16,44,15,75,30,32,62,137
02/04/2010,CLL,TX,ASW,CE,Federal Contract Tower,0,18,7,16,41,0,0,0,0,0,0,18,7,16,41,0,0,0,41
02/05/2010,CLL,TX,ASW,CE,Federal Contract Tower,0,16,40,34,90,0,0,20,0,20,0,16,60,34,110,0,0,0,110
02/06/2010,CLL,TX,ASW,CE,Federal Contract Tower,0,11,13,39,63,0,0,123,24,147,0,11,136,63,210,64,40,104,314
02/07/2010,CLL,TX,ASW,CE,Federal Contract Tower,0,14,15,7,36,0,0,33,12,45,0,14,48,19,81,28,0,28,109
02/08/2010,CLL,TX,ASW,CE,Federal Contract Tower,0,18,22,11,51,0,0,5,6,11,0,18,27,17,62,8,0,8,70
02/09/2010,CLL,TX,ASW,CE,Federal Contract Tower,0,15,13,21,49,0,0,55,7,62,0,15,68,28,111,46,0,46,157
02/10/2010,CLL,TX,ASW,CE,Federal Contract Tower,0,19,16,21,56,0,0,27,19,46,0,19,43,40,102,28,2,30,132
02/11/2010,CLL,TX,ASW,CE,Federal Contract Tower,0,16,6,14,36,0,0,2,0,2,0,16,8,14,38,0,0,0,38
02/12/2010,CLL,TX,ASW,CE,Federal Contract Tower,0,20,11,6,37,0,0,9,0,9,0,20,20,6,46,0,0,0,46
02/13/2010,CLL,TX,ASW,CE,Federal Contract Tower,0,9,8,6,23,0,0,41,0,41,0,9,49,6,64,12,0,12,76
02/14/2010,CLL,TX,ASW,CE,Federal Contract Tower,1,13,7,1,22,0,0,24,0,24,1,13,31,1,46,8,0,8,54
02/15/2010,CLL,TX,ASW,CE,Federal Contract Tower,0,20,20,2,42,0,0,54,0,54,0,20,74,2,96,0,14,14,110
02/16/2010,CLL,TX,ASW,CE,Federal Contract Tower,0,19,15,33,67,0,0,81,11,92,0,19,96,44,159,24,9,33,192
02/17/2010,CLL,TX,ASW,CE,Federal Contract Tower,0,18,14,19,51,0,0,72,2,74,0,18,86,21,125,32,30,62,187
02/18/2010,CLL,TX,ASW,CE,Federal Contract Tower,0,19,11,10,40,0,0,90,10,100,0,19,101,20,140,60,16,76,216
02/19/2010,CLL,TX,ASW,CE,Federal Contract Tower,0,19,29,29,77,0,0,33,6,39,0,19,62,35,116,22,4,26,142
02/20/2010,CLL,TX,ASW,CE,Federal Contract Tower,0,11,21,8,40,0,0,47,3,50,0,11,68,11,90,54,0,54,144
02/21/2010,CLL,TX,ASW,CE,Federal Contract Tower,0,16,17,3,36,0,0,31,3,34,0,16,48,6,70,16,0,16,86
02/22/2010,CLL,TX,ASW,CE,Federal Contract Tower,0,17,30,19,66,0,0,30,6,36,0,17,60,25,102,102,16,118,220
02/23/2010,CLL,TX,ASW,CE,Federal Contract Tower,0,12,3,0,15,0,0,0,0,0,0,12,3,0,15,0,0,0,15
02/24/2010,CLL,TX,ASW,CE,Federal Contract Tower,0,15,17,19,51,0,0,61,1,62,0,15,78,20,113,52,0,52,165
02/25/2010,CLL,TX,ASW,CE,Federal Contract Tower,0,17,14,49,80,0,0,58,6,64,0,17,72,55,144,48,12,60,204
02/26/2010,CLL,TX,ASW,CE,Federal Contract Tower,0,21,24,26,71,0,0,17,4,21,0,21,41,30,92,10,0,10,102
02/27/2010,CLL,TX,ASW,CE,Federal Contract Tower,0,14,28,22,64,0,0,98,0,98,0,14,126,22,162,34,6,40,202
02/28/2010,CLL,TX,ASW,CE,Federal Contract Tower,0,16,8,26,50,0,0,77,7,84,0,16,85,33,134,42,2,44,178
03/01/2010,CLL,TX,ASW,CE,Federal Contract Tower,0,16,8,4,28,0,0,0,0,0,0,16,8,4,28,0,0,0,28
03/02/2010,CLL,TX,ASW,CE,Federal Contract Tower,0,21,18,25,64,0,0,53,5,58,0,21,71,30,122,32,32,64,186
03/03/2010,CLL,TX,ASW,CE,Federal Contract Tower,0,17,18,19,54,0,0,79,3,82,0,17,97,22,136,98,4,102,238
03/04/2010,CLL,TX,ASW,CE,Federal Contract Tower,0,18,23,22,63,0,12,74,7,93,0,30,97,29,156,50,6,56,212
03/05/2010,CLL,TX,ASW,CE,Federal Contract Tower,0,22,28,8,58,0,0,93,15,108,0,22,121,23,166,16,16,32,198
03/06/2010,CLL,TX,ASW,CE,Federal Contract Tower,0,13,16,21,50,0,0,74,2,76,0,13,90,23,126,82,4,86,212
03/07/2010,CLL,TX,ASW,CE,Federal Contract Tower,0,16,30,11,57,0,0,18,2,20,0,16,48,13,77,4,0,4,81
03/08/2010,CLL,TX,ASW,CE,Federal Contract Tower,0,19,12,2,33,0,0,0,0,0,0,19,12,2,33,0,0,0,33
03/09/2010,CLL,TX,ASW,CE,Federal Contract Tower,0,18,15,28,61,0,0,73,8,81,0,18,88,36,142,70,0,70,212
03/10/2010,CLL,TX,ASW,CE,Federal Contract Tower,0,19,16,4,39,0,0,32,0,32,0,19,48,4,71,36,0,36,107
03/11/2010,CLL,TX,ASW,CE,Federal Contract Tower,0,21,14,16,51,0,0,47,11,58,0,21,61,27,109,36,0,36,145
03/12/2010,CLL,TX,ASW,CE,Federal Contract Tower,0,17,18,37,72,0,0,65,5,70,0,17,83,42,142,40,12,52,194
03/13/2010,CLL,TX,ASW,CE,Federal Contract Tower,0,14,15,14,43,0,0,59,5,64,0,14,74,19,107,12,2,14,121
03/14/2010,CLL,TX,ASW,CE,Federal Contract Tower,0,19,16,19,54,0,0,78,0,78,0,19,94,19,132,30,0,30,162
03/15/2010,CLL,TX,ASW,CE,Federal Contract Tower,0,18,16,16,50,0,0,66,4,70,0,18,82,20,120,80,36,116,236
03/16/2010,CLL,TX,ASW,CE,Federal Contract Tower,0,15,17,0,32,0,0,3,0,3,0,15,20,0,35,0,0,0,35
03/17/2010,CLL,TX,ASW,CE,Federal Contract Tower,2,15,17,18,52,0,0,70,2,72,2,15,87,20,124,44,0,44,168
03/18/2010,CLL,TX,ASW,CE,Federal Contract Tower,2,18,12,8,40,0,0,66,4,70,2,18,78,12,110,42,0,42,152
03/19/2010,CLL,TX,ASW,CE,Federal Contract Tower,0,19,16,32,67,0,0,37,8,45,0,19,53,40,112,46,6,52,164
03/20/2010,CLL,TX,ASW,CE,Federal Contract Tower,0,7,8,0,15,0,0,5,3,8,0,7,13,3,23,0,0,0,23
03/21/2010,CLL,TX,ASW,CE,Federal Contract Tower,0,16,17,10,43,0,0,40,1,41,0,16,57,11,84,0,0,0,84
03/22/2010,CLL,TX,ASW,CE,Federal Contract Tower,0,18,12,15,45,0,0,79,9,88,0,18,91,24,133,78,0,78,211
03/23/2010,CLL,TX,ASW,CE,Federal Contract Tower,1,19,8,33,61,0,0,70,18,88,1,19,78,51,149,36,10,46,195
03/24/2010,CLL,TX,ASW,CE,Federal Contract Tower,0,15,29,9,53,0,0,10,6,16,0,15,39,15,69,12,0,12,81
03/25/2010,CLL,TX,ASW,CE,Federal Contract Tower,0,19,16,5,40,0,0,22,3,25,0,19,38,8,65,2,8,10,75
03/26/2010,CLL,TX,ASW,CE,Federal Contract Tower,0,18,13,22,53,0,0,86,6,92,0,18,99,28,145,66,22,88,233
03/27/2010,CLL,TX,ASW,CE,Federal Contract Tower,0,9,8,8,25,0,0,65,1,66,0,9,73,9,91,96,4,100,191
03/28/2010,CLL,TX,ASW,CE,Federal Contract Tower,0,15,9,18,42,0,0,40,7,47,0,15,49,25,89,6,4,10,99
03/29/2010,CLL,TX,ASW,CE,Federal Contract Tower,0,18,7,28,53,0,0,67,7,74,0,18,74,35,127,54,24,78,205
03/30/2010,CLL,TX,ASW,CE,Federal Contract Tower,0,16,7,29,52,0,0,51,16,67,0,16,58,45,119,16,68,84,203
03/31/2010,CLL,TX,ASW,CE,Federal Contract Tower,0,16,10,44,70,0,0,40,14,54,0,16,50,58,124,10,18,28,152
04/01/2010,CLL,TX,ASW,CE,Federal Contract Tower,0,20,13,16,49,0,0,45,2,47,0,20,58,18,96,12,4,16,112
04/02/2010,CLL,TX,ASW,CE,Federal Contract Tower,0,18,17,12,47,0,0,5,0,5,0,18,22,12,52,0,0,0,52
04/03/2010,CLL,TX,ASW,CE,Federal Contract Tower,0,10,3,0,13,0,0,70,0,70,0,10,73,0,83,36,0,36,119
04/04/2010,CLL,TX,ASW,CE,Federal Contract Tower,0,16,14,32,62,0,0,20,1,21,0,16,34,33,83,48,0,48,131
04/05/2010,CLL,TX,ASW,CE,Federal Contract Tower,0,18,17,24,59,0,0,45,2,47,0,18,62,26,106,54,10,64,170
04/06/2010,CLL,TX,ASW,CE,Federal Contract Tower,0,17,16,36,69,0,0,34,1,35,0,17,50,37,104,2,6,8,112
04/07/2010,CLL,TX,ASW,CE,Federal Contract Tower,0,16,23,10,49,0,0,7,1,8,0,16,30,11,57,4,4,8,65
04/08/2010,CLL,TX,ASW,CE,Federal Contract Tower,0,22,6,19,47,0,0,78,7,85,0,22,84,26,132,32,0,32,164
04/09/2010,CLL,TX,ASW,CE,Federal Contract Tower,0,18,23,22,63,0,0,106,21,127,0,18,129,43,190,30,30,60,250
04/10/2010,CLL,TX,ASW,CE,Federal Contract Tower,0,16,7,3,26,0,0,59,5,64,0,16,66,8,90,48,0,48,138
04/11/2010,CLL,TX,ASW,CE,Federal Contract Tower,0,18,18,27,63,0,0,58,8,66,0,18,76,35,129,94,0,94,223
04/12/2010,CLL,TX,ASW,CE,Federal Contract Tower,0,18,14,25,57,0,0,34,29,63,0,18,48,54,120,8,4,12,132
04/13/2010,CLL,TX,ASW,CE,Federal Contract Tower,0,18,18,20,56,0,0,53,15,68,0,18,71,35,124,50,4,54,178
04/14/2010,CLL,TX,ASW,CE,Federal Contract Tower,0,15,37,26,78,0,0,35,5,40,0,15,72,31,118,50,2,52,170
04/15/2010,CLL,TX,ASW,CE,Federal Contract Tower,0,21,25,39,85,0,0,21,6,27,0,21,46,45,112,26,6,32,144
04/16/2010,CLL,TX,ASW,CE,Federal Contract Tower,0,22,30,18,70,0,0,36,1,37,0,22,66,19,107,64,4,68,175
04/17/2010,CLL,TX,ASW,CE,Federal Contract Tower,0,12,18,0,30,0,0,31,3,34,0,12,49,3,64,52,0,52,116
04/18/2010,CLL,TX,ASW,CE,Federal Contract Tower,0,22,36,5,63,0,0,12,1,13,0,22,48,6,76,12,0,12,88
04/19/2010,CLL,TX,ASW,CE,Federal Contract Tower,0,18,26,14,58,0,0,13,1,14,0,18,39,15,72,26,0,26,98
04/20/2010,CLL,TX,ASW,CE,Federal Contract Tower,0,19,19,30,68,0,0,80,8,88,0,19,99,38,156,46,22,68,224
04/21/2010,CLL,TX,ASW,CE,Federal Contract Tower,0,15,27,34,76,0,0,72,3,75,0,15,99,37,151,84,30,114,265
04/22/2010,CLL,TX,ASW,CE,Federal Contract Tower,0,16,28,0,44,0,0,20,0,20,0,16,48,0,64,40,0,40,104
04/23/2010,CLL,TX,ASW,CE,Federal Contract Tower,0,18,10,13,41,0,0,28,6,34,0,18,38,19,75,4,8,12,87
04/24/2010,CLL,TX,ASW,CE,Federal Contract Tower,0,11,9,7,27,0,0,60,1,61,0,11,69,8,88,20,0,20,108
04/25/2010,CLL,TX,ASW,CE,Federal Contract Tower,0,13,8,27,48,0,0,71,12,83,0,13,79,39,131,12,0,12,143
04/26/2010,CLL,TX,ASW,CE,Federal Contract Tower,0,26,22,15,63,0,0,63,9,72,0,26,85,24,135,44,2,46,181
04/27/2010,CLL,TX,ASW,CE,Federal Contract Tower,0,15,16,23,54,0,0,53,23,76,0,15,69,46,130,24,12,36,166
04/28/2010,CLL,TX,ASW,CE,Federal Contract Tower,0,14,13,32,59,0,0,71,17,88,0,14,84,49,147,24,24,48,195
04/29/2010,CLL,TX,ASW,CE,Federal Contract Tower,0,19,29,10,58,0,0,33,4,37,0,19,62,14,95,24,4,28,123
04/30/2010,CLL,TX,ASW,CE,Federal Contract Tower,0,18,25,20,63,0,0,11,0,11,0,18,36,20,74,2,22,24,98
05/01/2010,CLL,TX,ASW,CE,Federal Contract Tower,0,10,10,10,30,0,0,29,2,31,0,10,39,12,61,50,0,50,111
05/02/2010,CLL,TX,ASW,CE,Federal Contract Tower,0,16,12,16,44,0,0,81,6,87,0,16,93,22,131,62,0,62,193
05/03/2010,CLL,TX,ASW,CE,Federal Contract Tower,0,14,6,3,23,0,0,47,1,48,0,14,53,4,71,38,6,44,115
05/04/2010,CLL,TX,ASW,CE,Federal Contract Tower,0,18,10,5,33,0,0,83,3,86,0,18,93,8,119,54,0,54,173
05/05/2010,CLL,TX,ASW,CE,Federal Contract Tower,0,18,14,4,36,0,0,43,6,49,0,18,57,10,85,70,12,82,167
05/06/2010,CLL,TX,ASW,CE,Federal Contract Tower,0,17,20,26,63,0,0,72,5,77,0,17,92,31,140,32,12,44,184
05/07/2010,CLL,TX,ASW,CE,Federal Contract Tower,0,18,14,43,75,0,0,43,16,59,0,18,57,59,134,30,38,68,202
05/08/2010,CLL,TX,ASW,CE,Federal Contract Tower,0,15,6,8,29,0,0,48,2,50,0,15,54,10,79,46,0,46,125
05/09/2010,CLL,TX,ASW,CE,Federal Contract Tower,0,16,14,5,35,0,0,17,2,19,0,16,31,7,54,36,0,36,90
05/10/2010,CLL,TX,ASW,CE,Federal Contract Tower,0,19,10,12,41,0,0,25,13,38,0,19,35,25,79,12,20,32,111
05/11/2010,CLL,TX,ASW,CE,Federal Contract Tower,0,15,13,8,36,0,0,26,3,29,0,15,39,11,65,8,0,8,73
05/12/2010,CLL,TX,ASW,CE,Federal Contract Tower,0,21,18,6,45,0,0,20,6,26,0,21,38,12,71,0,6,6,77
05/13/2010,CLL,TX,ASW,CE,Federal Contract Tower,0,21,32,15,68,0,0,32,1,33,0,21,64,16,101,42,16,58,159
05/14/2010,CLL,TX,ASW,CE,Federal Contract Tower,0,15,21,1,37,0,0,8,1,9,0,15,29,2,46,26,0,26,72
05/15/2010,CLL,TX,ASW,CE,Federal Contract Tower,0,12,21,2,35,0,0,25,2,27,0,12,46,4,62,46,0,46,108
05/16/2010,CLL,TX,ASW,CE,Federal Contract Tower,0,19,8,0,27,0,0,45,0,45,0,19,53,0,72,158,0,158,230
05/17/2010,CLL,TX,ASW,CE,Federal Contract Tower,0,9,13,29,51,0,0,44,5,49,0,9,57,34,100,30,20,50,150
05/18/2010,CLL,TX,ASW,CE,Federal Contract Tower,0,17,17,12,46,0,0,59,0,59,0,17,76,12,105,58,2,60,165
05/19/2010,CLL,TX,ASW,CE,Federal Contract Tower,0,16,18,21,55,0,0,44,9,53,0,16,62,30,108,60,30,90,198
05/20/2010,CLL,TX,ASW,CE,Federal Contract Tower,0,18,9,9,36,0,0,38,11,49,0,18,47,20,85,60,0,60,145
05/21/2010,CLL,TX,ASW,CE,Federal Contract Tower,0,18,20,46,84,0,0,54,8,62,0,18,74,54,146,26,24,50,196
05/22/2010,CLL,TX,ASW,CE,Federal Contract Tower,0,12,21,0,33,0,0,52,18,70,0,12,73,18,103,66,0,66,169
05/23/2010,CLL,TX,ASW,CE,Federal Contract Tower,0,18,18,13,49,0,0,43,9,52,0,18,61,22,101,38,12,50,151
05/24/2010,CLL,TX,ASW,CE,Federal Contract Tower,0,18,14,23,55,0,0,40,9,49,0,18,54,32,104,54,0,54,158
05/25/2010,CLL,TX,ASW,CE,Federal Contract Tower,0,15,16,4,35,0,0,48,15,63,0,15,64,19,98,24,6,30,128
05/26/2010,CLL,TX,ASW,CE,Federal Contract Tower,0,15,19,25,59,0,0,54,15,69,0,15,73,40,128,76,30,106,234
05/27/2010,CLL,TX,ASW,CE,Federal Contract Tower,0,18,14,11,43,0,0,68,5,73,0,18,82,16,116,34,14,48,164
05/28/2010,CLL,TX,ASW,CE,Federal Contract Tower,0,16,22,12,50,0,0,53,4,57,0,16,75,16,107,24,2,26,133
05/29/2010,CLL,TX,ASW,CE,Federal Contract Tower,0,10,3,0,13,0,0,60,0,60,0,10,63,0,73,50,0,50,123
05/30/2010,CLL,TX,ASW,CE,Federal Contract Tower,0,13,7,0,20,0,0,42,0,42,0,13,49,0,62,36,0,36,98
05/31/2010,CLL,TX,ASW,CE,Federal Contract Tower,0,20,15,2,37,0,0,41,3,44,0,20,56,5,81,12,0,12,93
06/01/2010,CLL,TX,ASW,CE,Federal Contract Tower,0,15,4,9,28,0,0,57,2,59,0,15,61,11,87,34,10,44,131
06/02/2010,CLL,TX,ASW,CE,Federal Contract Tower,0,21,14,0,35,0,0,28,3,31,0,21,42,3,66,60,0,60,126
06/03/2010,CLL,TX,ASW,CE,Federal Contract Tower,0,16,16,7,39,0,0,3,0,3,0,16,19,7,42,0,0,0,42
06/04/2010,CLL,TX,ASW,CE,Federal Contract Tower,0,17,19,16,52,0,0,44,16,60,0,17,63,32,112,48,24,72,184
06/05/2010,CLL,TX,ASW,CE,Federal Contract Tower,0,11,13,12,36,0,0,66,9,75,0,11,79,21,111,82,10,92,203
06/06/2010,CLL,TX,ASW,CE,Federal Contract Tower,0,18,12,6,36,0,0,61,3,64,0,18,73,9,100,50,4,54,154
06/07/2010,CLL,TX,ASW,CE,Federal Contract Tower,0,16,23,12,51,0,0,25,8,33,0,16,48,20,84,18,12,30,114
06/08/2010,CLL,TX,ASW,CE,Federal Contract Tower,0,14,13,0,27,0,0,15,0,15,0,14,28,0,42,18,0,18,60
06/09/2010,CLL,TX,ASW,CE,Federal Contract Tower,0,6,8,0,14,0,0,1,0,1,0,6,9,0,15,0,0,0,15
06/10/2010,CLL,TX,ASW,CE,Federal Contract Tower,0,16,10,14,40,0,0,29,1,30,0,16,39,15,70,48,22,70,140
06/11/2010,CLL,TX,ASW,CE,Federal Contract Tower,0,19,18,10,47,0,0,41,7,48,0,19,59,17,95,24,0,24,119
06/12/2010,CLL,TX,ASW,CE,Federal Contract Tower,0,12,14,10,36,0,0,63,27,90,0,12,77,37,126,64,60,124,250
06/13/2010,CLL,TX,ASW,CE,Federal Contract Tower,0,16,15,13,44,0,0,51,8,59,0,16,66,21,103,38,0,38,141
06/14/2010,CLL,TX,ASW,CE,Federal Contract Tower,0,16,23,10,49,0,0,54,10,64,0,16,77,20,113,46,14,60,173
06/15/2010,CLL,TX,ASW,CE,Federal Contract Tower,0,19,16,9,44,0,0,44,3,47,0,19,60,12,91,58,6,64,155
06/16/2010,CLL,TX,ASW,CE,Federal Contract Tower,0,22,15,8,45,0,0,48,8,56,0,22,63,16,101,62,0,62,163
06/17/2010,CLL,TX,ASW,CE,Federal Contract Tower,0,20,22,15,57,0,0,47,1,48,0,20,69,16,105,42,0,42,147
06/18/2010,CLL,TX,ASW,CE,Federal Contract Tower,0,19,12,24,55,0,0,50,3,53,0,19,62,27,108,28,10,38,146
06/19/2010,CLL,TX,ASW,CE,Federal Contract Tower,0,12,4,24,40,0,0,69,17,86,0,12,73,41,126,68,0,68,194
06/20/2010,CLL,TX,ASW,CE,Federal Contract Tower,0,17,8,4,29,0,0,53,14,67,0,17,61,18,96,8,0,8,104
06/21/2010,CLL,TX,ASW,CE,Federal Contract Tower,0,19,6,7,32,0,0,63,17,80,0,19,69,24,112,86,4,90,202
06/22/2010,CLL,TX,ASW,CE,Federal Contract Tower,0,21,6,13,40,0,0,68,5,73,0,21,74,18,113,26,4,30,143
06/23/2010,CLL,TX,ASW,CE,Federal Contract Tower,0,18,18,37,73,0,0,30,7,37,0,18,48,44,110,62,36,98,208
06/24/2010,CLL,TX,ASW,CE,Federal Contract Tower,0,18,7,2,27,0,0,9,6,15,0,18,16,8,42,2,0,2,44
06/25/2010,CLL,TX,ASW,CE,Federal Contract Tower,0,17,13,35,65,0,0,61,7,68,0,17,74,42,133,76,10,86,219
06/26/2010,CLL,TX,ASW,CE,Federal Contract Tower,0,11,10,1,22,0,0,66,4,70,0,11,76,5,92,48,4,52,144
06/27/2010,CLL,TX,ASW,CE,Federal Contract Tower,0,17,7,22,46,0,0,59,0,59,0,17,66,22,105,30,2,32,137
06/28/2010,CLL,TX,ASW,CE,Federal Contract Tower,0,22,8,12,42,0,0,34,4,38,0,22,42,16,80,16,20,36,116
06/29/2010,CLL,TX,ASW,CE,Federal Contract Tower,0,18,18,29,65,0,0,25,14,39,0,18,43,43,104,6,4,10,114
06/30/2010,CLL,TX,ASW,CE,Federal Contract Tower,0,17,22,7,46,0,0,21,2,23,0,17,43,9,69,32,0,32,101
07/01/2010,CLL,TX,ASW,CE,Federal Contract Tower,0,19,26,2,47,0,0,7,0,7,0,19,33,2,54,28,0,28,82
07/02/2010,CLL,TX,ASW,CE,Federal Contract Tower,0,25,14,10,49,0,0,8,0,8,0,25,22,10,57,16,0,16,73
07/03/2010,CLL,TX,ASW,CE,Federal Contract Tower,0,18,4,10,32,0,0,11,1,12,0,18,15,11,44,22,0,22,66
07/04/2010,CLL,TX,ASW,CE,Federal Contract Tower,0,11,7,2,20,0,0,19,2,21,0,11,26,4,41,10,0,10,51
07/05/2010,CLL,TX,ASW,CE,Federal Contract Tower,0,18,15,0,33,0,0,36,1,37,0,18,51,1,70,28,0,28,98
07/06/2010,CLL,TX,ASW,CE,Federal Contract Tower,0,21,16,9,46,0,0,51,10,61,0,21,67,19,107,34,4,38,145
07/07/2010,CLL,TX,ASW,CE,Federal Contract Tower,0,29,12,6,47,0,0,28,0,28,0,29,40,6,75,54,0,54,129
07/08/2010,CLL,TX,ASW,CE,Federal Contract Tower,0,14,16,0,30,0,0,13,0,13,0,14,29,0,43,22,0,22,65
07/09/2010,CLL,TX,ASW,CE,Federal Contract Tower,0,19,16,18,53,0,0,33,4,37,0,19,49,22,90,52,12,64,154
07/10/2010,CLL,TX,ASW,CE,Federal Contract Tower,0,12,9,1,22,0,0,63,1,64,0,12,72,2,86,130,0,130,216
07/11/2010,CLL,TX,ASW,CE,Federal Contract Tower,0,20,8,6,34,0,0,59,0,59,0,20,67,6,93,56,0,56,149
07/12/2010,CLL,TX,ASW,CE,Federal Contract Tower,0,21,15,21,57,0,0,40,6,46,0,21,55,27,103,30,18,48,151
07/13/2010,CLL,TX,ASW,CE,Federal Contract Tower,0,20,18,18,56,0,0,51,7,58,0,20,69,25,114,40,20,60,174
07/14/2010,CLL,TX,ASW,CE,Federal Contract Tower,0,20,19,13,52,0,0,46,2,48,0,20,65,15,100,40,10,50,150
07/15/2010,CLL,TX,ASW,CE,Federal Contract Tower,0,21,25,19,65,0,0,64,7,71,0,21,89,26,136,56,6,62,198
07/16/2010,CLL,TX,ASW,CE,Federal Contract Tower,0,19,23,10,52,0,0,59,8,67,0,19,82,18,119,24,8,32,151
07/17/2010,CLL,TX,ASW,CE,Federal Contract Tower,0,19,3,18,40,0,0,77,20,97,0,19,80,38,137,96,16,112,249
07/18/2010,CLL,TX,ASW,CE,Federal Contract Tower,0,22,18,11,51,0,0,37,3,40,0,22,55,14,91,38,12,50,141
07/19/2010,CLL,TX,ASW,CE,Federal Contract Tower,0,22,9,9,40,0,0,22,1,23,0,22,31,10,63,24,6,30,93
07/20/2010,CLL,TX,ASW,CE,Federal Contract Tower,0,16,12,9,37,0,0,30,4,34,0,16,42,13,71,40,10,50,121
07/21/2010,CLL,TX,ASW,CE,Federal Contract Tower,0,23,18,4,45,0,0,48,4,52,0,23,66,8,97,72,0,72,169
07/22/2010,CLL,TX,ASW,CE,Federal Contract Tower,0,25,12,14,51,0,0,46,5,51,0,25,58,19,102,34,10,44,146
07/23/2010,CLL,TX,ASW,CE,Federal Contract Tower,0,17,19,28,64,0,0,57,5,62,0,17,76,33,126,22,8,30,156
07/24/2010,CLL,TX,ASW,CE,Federal Contract Tower,0,13,10,2,25,0,0,52,2,54,0,13,62,4,79,64,0,64,143
07/25/2010,CLL,TX,ASW,CE,Federal Contract Tower,0,19,21,13,53,0,0,52,6,58,0,19,73,19,111,54,4,58,169
07/26/2010,CLL,TX,ASW,CE,Federal Contract Tower,0,19,17,0,36,0,0,38,8,46,0,19,55,8,82,0,0,0,82
07/27/2010,CLL,TX,ASW,CE,Federal Contract Tower,0,18,13,8,39,0,0,22,2,24,0,18,35,10,63,26,8,34,97
07/28/2010,CLL,TX,ASW,CE,Federal Contract Tower,0,22,21,7,50,0,0,28,1,29,0,22,49,8,79,26,0,26,105
07/29/2010,CLL,TX,ASW,CE,Federal Contract Tower,0,16,19,14,49,0,0,72,17,89,0,16,91,31,138,70,0,70,208
07/30/2010,CLL,TX,ASW,CE,Federal Contract Tower,0,21,19,17,57,0,0,93,7,100,0,21,112,24,157,78,6,84,241
07/31/2010,CLL,TX,ASW,CE,Federal Contract Tower,0,15,13,10,38,0,0,68,8,76,0,15,81,18,114,64,2,66,180
08/01/2010,CLL,TX,ASW,CE,Federal Contract Tower,4,9,14,45,72,0,0,70,7,77,4,9,84,52,149,38,18,56,205
08/02/2010,CLL,TX,ASW,CE,Federal Contract Tower,4,16,18,12,50,0,0,44,4,48,4,16,62,16,98,34,2,36,134
08/03/2010,CLL,TX,ASW,CE,Federal Contract Tower,4,15,16,4,39,0,0,48,4,52,4,15,64,8,91,30,0,30,121
08/04/2010,CLL,TX,ASW,CE,Federal Contract Tower,4,19,22,10,55,0,0,57,2,59,4,19,79,12,114,82,4,86,200
08/05/2010,CLL,TX,ASW,CE,Federal Contract Tower,4,14,8,9,35,0,0,63,5,68,4,14,71,14,103,48,6,54,157
08/06/2010,CLL,TX,ASW,CE,Federal Contract Tower,4,18,10,16,48,0,0,60,25,85,4,18,70,41,133,12,44,56,189
08/07/2010,CLL,TX,ASW,CE,Federal Contract Tower,4,10,14,9,37,0,0,64,5,69,4,10,78,14,106,42,10,52,158
08/08/2010,CLL,TX,ASW,CE,Federal Contract Tower,4,14,9,12,39,0,0,57,6,63,4,14,66,18,102,88,2,90,192
08/09/2010,CLL,TX,ASW,CE,Federal Contract Tower,4,16,3,3,26,0,0,52,1,53,4,16,55,4,79,60,0,60,139
08/10/2010,CLL,TX,ASW,CE,Federal Contract Tower,4,18,16,18,56,0,0,76,8,84,4,18,92,26,140,32,2,34,174
08/11/2010,CLL,TX,ASW,CE,Federal Contract Tower,4,18,21,23,66,0,0,61,4,65,4,18,82,27,131,88,18,106,237
08/12/2010,CLL,TX,ASW,CE,Federal Contract Tower,4,19,20,9,52,0,0,68,18,86,4,19,88,27,138,46,50,96,234
08/13/2010,CLL,TX,ASW,CE,Federal Contract Tower,5,15,13,48,81,0,0,50,22,72,5,15,63,70,153,16,52,68,221
08/14/2010,CLL,TX,ASW,CE,Federal Contract Tower,4,9,15,21,49,0,0,50,4,54,4,9,65,25,103,38,4,42,145
08/15/2010,CLL,TX,ASW,CE,Federal Contract Tower,4,17,9,9,39,0,0,59,2,61,4,17,68,11,100,60,0,60,160
08/16/2010,CLL,TX,ASW,CE,Federal Contract Tower,4,16,21,8,49,0,0,24,4,28,4,16,45,12,77,8,6,14,91
08/17/2010,CLL,TX,ASW,CE,Federal Contract Tower,4,15,14,8,41,0,0,54,2,56,4,15,68,10,97,40,10,50,147
08/18/2010,CLL,TX,ASW,CE,Federal Contract Tower,4,12,14,10,40,0,0,36,3,39,4,12,50,13,79,32,10,42,121
08/19/2010,CLL,TX,ASW,CE,Federal Contract Tower,4,16,14,11,45,0,0,54,4,58,4,16,68,15,103,44,12,56,159
08/20/2010,CLL,TX,ASW,CE,Federal Contract Tower,4,15,15,21,55,0,0,46,10,56,4,15,61,31,111,62,22,84,195
08/21/2010,CLL,TX,ASW,CE,Federal Contract Tower,4,8,12,5,29,0,0,85,9,94,4,8,97,14,123,28,4,32,155
08/22/2010,CLL,TX,ASW,CE,Federal Contract Tower,4,14,8,9,35,0,0,67,4,71,4,14,75,13,106,52,0,52,158
08/23/2010,CLL,TX,ASW,CE,Federal Contract Tower,4,13,10,16,43,0,0,37,6,43,4,13,47,22,86,30,0,30,116
08/24/2010,CLL,TX,ASW,CE,Federal Contract Tower,4,14,12,2,32,0,0,52,6,58,4,14,64,8,90,46,0,46,136
08/25/2010,CLL,TX,ASW,CE,Federal Contract Tower,4,14,12,17,47,0,0,61,8,69,4,14,73,25,116,50,10,60,176
08/26/2010,CLL,TX,ASW,CE,Federal Contract Tower,4,15,14,23,56,0,0,84,16,100,4,15,98,39,156,60,2,62,218
08/27/2010,CLL,TX,ASW,CE,Federal Contract Tower,6,17,20,16,59,0,0,57,14,71,6,17,77,30,130,66,20,86,216
08/28/2010,CLL,TX,ASW,CE,Federal Contract Tower,4,8,16,3,31,0,0,71,7,78,4,8,87,10,109,88,12,100,209
08/29/2010,CLL,TX,ASW,CE,Federal Contract Tower,4,15,28,1,48,0,0,80,1,81,4,15,108,2,129,80,6,86,215
08/30/2010,CLL,TX,ASW,CE,Federal Contract Tower,4,16,4,14,38,0,0,16,0,16,4,16,20,14,54,20,0,20,74
08/31/2010,CLL,TX,ASW,CE,Federal Contract Tower,4,11,9,19,43,0,0,45,9,54,4,11,54,28,97,54,12,66,163
09/01/2010,CLL,TX,ASW,CE,Federal Contract Tower,2,16,8,2,28,0,0,57,4,61,2,16,65,6,89,54,0,54,143
09/02/2010,CLL,TX,ASW,CE,Federal Contract Tower,4,15,10,4,33,0,0,36,2,38,4,15,46,6,71,16,0,16,87
09/03/2010,CLL,TX,ASW,CE,Federal Contract Tower,4,16,33,3,56,0,0,32,2,34,4,16,65,5,90,24,2,26,116
09/04/2010,CLL,TX,ASW,CE,Federal Contract Tower,4,8,24,0,36,0,0,94,0,94,4,8,118,0,130,30,0,30,160
09/05/2010,CLL,TX,ASW,CE,Federal Contract Tower,4,8,6,0,18,0,0,82,0,82,4,8,88,0,100,80,0,80,180
09/06/2010,CLL,TX,ASW,CE,Federal Contract Tower,4,22,17,11,54,0,0,28,6,34,4,22,45,17,88,20,16,36,124
09/07/2010,CLL,TX,ASW,CE,Federal Contract Tower,2,10,3,0,15,0,0,0,0,0,2,10,3,0,15,0,0,0,15
09/08/2010,CLL,TX,ASW,CE,Federal Contract Tower,3,11,4,0,18,0,0,6,0,6,3,11,10,0,24,36,0,36,60
09/09/2010,CLL,TX,ASW,CE,Federal Contract Tower,3,14,13,0,30,0,0,66,2,68,3,14,79,2,98,34,0,34,132
09/10/2010,CLL,TX,ASW,CE,Federal Contract Tower,2,18,28,24,72,0,0,76,21,97,2,18,104,45,169,36,72,108,277
09/11/2010,CLL,TX,ASW,CE,Federal Contract Tower,3,7,53,0,63,0,0,99,2,101,3,7,152,2,164,46,0,46,210
09/12/2010,CLL,TX,ASW,CE,Federal Contract Tower,2,15,27,9,53,0,0,53,1,54,2,15,80,10,107,58,0,58,165
09/13/2010,CLL,TX,ASW,CE,Federal Contract Tower,2,13,8,11,34,0,0,36,5,41,2,13,44,16,75,80,2,82,157
09/14/2010,CLL,TX,ASW,CE,Federal Contract Tower,2,14,8,29,53,0,0,51,12,63,2,14,59,41,116,64,28,92,208
09/15/2010,CLL,TX,ASW,CE,Federal Contract Tower,4,13,11,3,31,0,0,62,7,69,4,13,73,10,100,74,0,74,174
09/16/2010,CLL,TX,ASW,CE,Federal Contract Tower,2,16,5,26,49,0,0,65,17,82,2,16,70,43,131,82,6,88,219
09/17/2010,CLL,TX,ASW,CE,Federal Contract Tower,6,21,20,13,60,0,0,75,6,81,6,21,95,19,141,50,26,76,217
09/18/2010,CLL,TX,ASW,CE,Federal Contract Tower,6,10,23,7,46,0,0,62,6,68,6,10,85,13,114,40,12,52,166
09/19/2010,CLL,TX,ASW,CE,Federal Contract Tower,2,15,25,46,88,0,0,45,2,47,2,15,70,48,135,22,2,24,159
09/20/2010,CLL,TX,ASW,CE,Federal Contract Tower,1,15,16,14,46,0,0,45,0,45,1,15,61,14,91,32,0,32,123
09/21/2010,CLL,TX,ASW,CE,Federal Contract Tower,3,14,10,26,53,0,0,34,6,40,3,14,44,32,93,22,8,30,123
09/22/2010,CLL,TX,ASW,CE,Federal Contract Tower,3,19,18,11,51,0,0,29,4,33,3,19,47,15,84,34,54,88,172
09/23/2010,CLL,TX,ASW,CE,Federal Contract Tower,4,19,22,10,55,0,0,35,7,42,4,19,57,17,97,40,16,56,153
09/24/2010,CLL,TX,ASW,CE,Federal Contract Tower,3,17,20,13,53,0,0,44,3,47,3,17,64,16,100,4,14,18,118
09/25/2010,CLL,TX,ASW,CE,Federal Contract Tower,3,10,23,11,47,0,0,57,6,63,3,10,80,17,110,74,0,74,184
09/26/2010,CLL,TX,ASW,CE,Federal Contract Tower,2,18,19,18,57,0,0,48,2,50,2,18,67,20,107,70,4,74,181
09/27/2010,CLL,TX,ASW,CE,Federal Contract Tower,2,16,6,14,38,0,0,49,3,52,2,16,55,17,90,22,6,28,118
09/28/2010,CLL,TX,ASW,CE,Federal Contract Tower,3,15,18,13,49,0,0,62,8,70,3,15,80,21,119,30,16,46,165
09/29/2010,CLL,TX,ASW,CE,Federal Contract Tower,5,19,12,29,65,0,0,69,6,75,5,19,81,35,140,40,32,72,212
09/30/2010,CLL,TX,ASW,CE,Federal Contract Tower,3,21,21,5,50,0,0,56,2,58,3,21,77,7,108,58,2,60,168
10/01/2010,CLL,TX,ASW,CE,Federal Contract Tower,3,21,12,6,42,0,0,82,5,87,3,21,94,11,129,10,12,22,151
10/02/2010,CLL,TX,ASW,CE,Federal Contract Tower,3,7,6,16,32,0,0,67,0,67,3,7,73,16,99,22,6,28,127
10/03/2010,CLL,TX,ASW,CE,Federal Contract Tower,5,12,10,11,38,0,0,86,4,90,5,12,96,15,128,52,2,54,182
10/04/2010,CLL,TX,ASW,CE,Federal Contract Tower,3,16,6,18,43,0,0,36,0,36,3,16,42,18,79,18,0,18,97
10/05/2010,CLL,TX,ASW,CE,Federal Contract Tower,5,12,7,16,40,0,0,34,5,39,5,12,41,21,79,30,16,46,125
10/06/2010,CLL,TX,ASW,CE,Federal Contract Tower,3,14,8,2,27,0,0,63,11,74,3,14,71,13,101,40,0,40,141
10/07/2010,CLL,TX,ASW,CE,Federal Contract Tower,3,16,10,18,47,0,0,52,4,56,3,16,62,22,103,56,0,56,159
10/08/2010,CLL,TX,ASW,CE,Federal Contract Tower,1,15,13,15,44,0,0,79,5,84,1,15,92,20,128,22,8,30,158
10/09/2010,CLL,TX,ASW,CE,Federal Contract Tower,3,7,20,0,30,0,0,128,0,128,3,7,148,0,158,54,0,54,212
10/10/2010,CLL,TX,ASW,CE,Federal Contract Tower,2,12,19,0,33,0,0,58,4,62,2,12,77,4,95,56,0,56,151
10/11/2010,CLL,TX,ASW,CE,Federal Contract Tower,3,13,3,0,19,0,0,22,2,24,3,13,25,2,43,22,10,32,75
10/12/2010,CLL,TX,ASW,CE,Federal Contract Tower,3,12,10,6,31,0,0,31,2,33,3,12,41,8,64,8,0,8,72
10/13/2010,CLL,TX,ASW,CE,Federal Contract Tower,3,15,9,4,31,0,0,41,1,42,3,15,50,5,73,26,0,26,99
10/14/2010,CLL,TX,ASW,CE,Federal Contract Tower,3,27,27,9,66,0,0,79,0,79,3,27,106,9,145,84,4,88,233
10/15/2010,CLL,TX,ASW,CE,Federal Contract Tower,4,15,37,57,113,0,0,107,32,139,4,15,144,89,252,38,86,124,376
10/16/2010,CLL,TX,ASW,CE,Federal Contract Tower,4,12,49,3,68,0,0,132,9,141,4,12,181,12,209,8,4,12,221
10/17/2010,CLL,TX,ASW,CE,Federal Contract Tower,3,19,22,25,69,0,0,67,2,69,3,19,89,27,138,20,0,20,158
10/18/2010,CLL,TX,ASW,CE,Federal Contract Tower,3,16,15,12,46,0,0,36,1,37,3,16,51,13,83,30,0,30,113
10/19/2010,CLL,TX,ASW,CE,Federal Contract Tower,3,14,10,13,40,0,0,42,2,44,3,14,52,15,84,16,18,34,118
10/20/2010,CLL,TX,ASW,CE,Federal Contract Tower,2,13,15,8,38,0,0,74,9,83,2,13,89,17,121,52,30,82,203
10/21/2010,CLL,TX,ASW,CE,Federal Contract Tower,3,17,13,2,35,0,0,50,1,51,3,17,63,3,86,38,0,38,124
10/22/2010,CLL,TX,ASW,CE,Federal Contract Tower,5,17,17,29,68,0,0,36,1,37,5,17,53,30,105,12,0,12,117
10/23/2010,CLL,TX,ASW,CE,Federal Contract Tower,0,12,3,1,16,0,0,11,0,11,0,12,14,1,27,6,0,6,33
10/24/2010,CLL,TX,ASW,CE,Federal Contract Tower,3,13,8,26,50,0,0,23,7,30,3,13,31,33,80,20,2,22,102
10/25/2010,CLL,TX,ASW,CE,Federal Contract Tower,3,18,14,20,55,0,0,7,0,7,3,18,21,20,62,8,0,8,70
10/26/2010,CLL,TX,ASW,CE,Federal Contract Tower,3,18,15,17,53,0,0,29,2,31,3,18,44,19,84,16,26,42,126
10/27/2010,CLL,TX,ASW,CE,Federal Contract Tower,3,15,36,28,82,0,0,49,17,66,3,15,85,45,148,46,4,50,198
10/28/2010,CLL,TX,ASW,CE,Federal Contract Tower,3,22,22,7,54,0,0,55,3,58,3,22,77,10,112,54,4,58,170
10/29/2010,CLL,TX,ASW,CE,Federal Contract Tower,5,17,24,5,51,0,0,84,3,87,5,17,108,8,138,32,24,56,194
10/30/2010,CLL,TX,ASW,CE,Federal Contract Tower,4,24,81,3,112,0,0,112,5,117,4,24,193,8,229,0,10,10,239
10/31/2010,CLL,TX,ASW,CE,Federal Contract Tower,3,23,21,11,58,0,0,93,0,93,3,23,114,11,151,14,0,14,165
11/01/2010,CLL,TX,ASW,CE,Federal Contract Tower,3,19,20,20,62,0,0,23,3,26,3,19,43,23,88,32,36,68,156
11/02/2010,CLL,TX,ASW,CE,Federal Contract Tower,3,14,15,15,47,0,0,20,6,26,3,14,35,21,73,16,4,20,93
11/03/2010,CLL,TX,ASW,CE,Federal Contract Tower,3,17,19,4,43,0,0,0,1,1,3,17,19,5,44,0,0,0,44
11/04/2010,CLL,TX,ASW,CE,Federal Contract Tower,3,19,11,3,36,0,0,46,5,51,3,19,57,8,87,2,16,18,105
11/05/2010,CLL,TX,ASW,CE,Federal Contract Tower,3,20,29,14,66,0,0,92,8,100,3,20,121,22,166,22,0,22,188
11/06/2010,CLL,TX,ASW,CE,Federal Contract Tower,5,13,62,0,80,0,0,147,8,155,5,13,209,8,235,12,0,12,247
11/07/2010,CLL,TX,ASW,CE,Federal Contract Tower,3,20,29,16,68,0,0,97,10,107,3,20,126,26,175,26,0,26,201
11/08/2010,CLL,TX,ASW,CE,Federal Contract Tower,3,16,16,18,53,0,0,69,3,72,3,16,85,21,125,54,4,58,183
11/09/2010,CLL,TX,ASW,CE,Federal Contract Tower,3,18,20,0,41,0,0,33,2,35,3,18,53,2,76,0,0,0,76
11/10/2010,CLL,TX,ASW,CE,Federal Contract Tower,3,13,14,33,63,0,0,49,24,73,3,13,63,57,136,66,64,130,266
11/11/2010,CLL,TX,ASW,CE,Federal Contract Tower,5,15,10,10,40,0,0,23,2,25,5,15,33,12,65,52,10,62,127
11/12/2010,CLL,TX,ASW,CE,Federal Contract Tower,2,14,31,15,62,0,0,32,7,39,2,14,63,22,101,18,4,22,123
11/13/2010,CLL,TX,ASW,CE,Federal Contract Tower,2,6,14,15,37,0,0,66,7,73,2,6,80,22,110,62,0,62,172
11/14/2010,CLL,TX,ASW,CE,Federal Contract Tower,3,16,15,5,39,0,0,33,1,34,3,16,48,6,73,14,0,14,87
11/15/2010,CLL,TX,ASW,CE,Federal Contract Tower,3,14,15,5,37,0,0,0,0,0,3,14,15,5,37,0,0,0,37
11/16/2010,CLL,TX,ASW,CE,Federal Contract Tower,3,15,12,8,38,0,0,54,5,59,3,15,66,13,97,62,0,62,159
11/17/2010,CLL,TX,ASW,CE,Federal Contract Tower,3,14,20,6,43,0,0,61,4,65,3,14,81,10,108,56,0,56,164
11/18/2010,CLL,TX,ASW,CE,Federal Contract Tower,3,16,19,39,77,0,0,70,8,78,3,16,89,47,155,50,0,50,205
11/19/2010,CLL,TX,ASW,CE,Federal Contract Tower,5,22,37,56,120,0,0,106,29,135,5,22,143,85,255,38,44,82,337
11/20/2010,CLL,TX,ASW,CE,Federal Contract Tower,5,31,109,13,158,0,0,104,2,106,5,31,213,15,264,10,0,10,274
11/21/2010,CLL,TX,ASW,CE,Federal Contract Tower,3,19,37,31,90,0,0,47,8,55,3,19,84,39,145,32,18,50,195
11/22/2010,CLL,TX,ASW,CE,Federal Contract Tower,3,22,32,16,73,0,0,29,4,33,3,22,61,20,106,8,0,8,114
11/23/2010,CLL,TX,ASW,CE,Federal Contract Tower,6,14,47,14,81,0,0,51,6,57,6,14,98,20,138,28,0,28,166
11/24/2010,CLL,TX,ASW,CE,Federal Contract Tower,1,25,35,17,78,0,0,35,0,35,1,25,70,17,113,4,0,4,117
11/25/2010,CLL,TX,ASW,CE,Federal Contract Tower,1,7,1,0,9,0,0,0,0,0,1,7,1,0,9,0,0,0,9
11/26/2010,CLL,TX,ASW,CE,Federal Contract Tower,3,11,20,0,34,0,0,55,0,55,3,11,75,0,89,10,0,10,99
11/27/2010,CLL,TX,ASW,CE,Federal Contract Tower,3,15,10,6,34,0,0,71,0,71,3,15,81,6,105,22,0,22,127
11/28/2010,CLL,TX,ASW,CE,Federal Contract Tower,5,21,30,0,56,0,0,53,0,53,5,21,83,0,109,8,0,8,117
11/29/2010,CLL,TX,ASW,CE,Federal Contract Tower,3,17,17,12,49,0,0,12,3,15,3,17,29,15,64,52,10,62,126
11/30/2010,CLL,TX,ASW,CE,Federal Contract Tower,3,12,10,9,34,0,0,32,11,43,3,12,42,20,77,30,0,30,107
12/01/2010,CLL,TX,ASW,CE,Federal Contract Tower,2,15,20,24,61,0,0,51,3,54,2,15,71,27,115,60,10,70,185
12/02/2010,CLL,TX,ASW,CE,Federal Contract Tower,3,17,33,18,71,0,0,59,7,66,3,17,92,25,137,54,26,80,217
12/03/2010,CLL,TX,ASW,CE,Federal Contract Tower,3,15,17,15,50,0,0,54,2,56,3,15,71,17,106,24,0,24,130
12/04/2010,CLL,TX,ASW,CE,Federal Contract Tower,3,7,16,8,34,0,0,44,0,44,3,7,60,8,78,28,0,28,106
12/05/2010,CLL,TX,ASW,CE,Federal Contract Tower,3,18,20,30,71,0,0,50,11,61,3,18,70,41,132,34,20,54,186
12/06/2010,CLL,TX,ASW,CE,Federal Contract Tower,1,12,14,25,52,0,0,41,1,42,1,12,55,26,94,24,10,34,128
12/07/2010,CLL,TX,ASW,CE,Federal Contract Tower,3,13,13,10,39,0,0,38,4,42,3,13,51,14,81,8,5,13,94
12/08/2010,CLL,TX,ASW,CE,Federal Contract Tower,3,16,15,7,41,0,0,37,0,37,3,16,52,7,78,40,4,44,122
12/09/2010,CLL,TX,ASW,CE,Federal Contract Tower,3,15,13,23,54,0,0,47,15,62,3,15,60,38,116,44,22,66,182
12/10/2010,CLL,TX,ASW,CE,Federal Contract Tower,3,15,14,45,77,0,0,34,22,56,3,15,48,67,133,24,42,66,199
12/11/2010,CLL,TX,ASW,CE,Federal Contract Tower,3,7,10,12,32,0,0,56,0,56,3,7,66,12,88,40,0,40,128
12/12/2010,CLL,TX,ASW,CE,Federal Contract Tower,3,17,7,51,78,0,0,42,8,50,3,17,49,59,128,8,22,30,158
12/13/2010,CLL,TX,ASW,CE,Federal Contract Tower,3,13,10,18,44,0,0,44,3,47,3,13,54,21,91,24,12,36,127
12/14/2010,CLL,TX,ASW,CE,Federal Contract Tower,3,22,22,11,58,0,0,70,15,85,3,22,92,26,143,22,0,22,165
12/15/2010,CLL,TX,ASW,CE,Federal Contract Tower,5,16,14,16,51,0,0,30,2,32,5,16,44,18,83,10,2,12,95
12/16/2010,CLL,TX,ASW,CE,Federal Contract Tower,3,20,15,22,60,0,0,52,6,58,3,20,67,28,118,84,0,84,202
12/17/2010,CLL,TX,ASW,CE,Federal Contract Tower,3,12,27,35,77,0,0,45,4,49,3,12,72,39,126,14,18,32,158
12/18/2010,CLL,TX,ASW,CE,Federal Contract Tower,1,11,7,4,23,0,0,74,2,76,1,11,81,6,99,28,0,28,127
12/19/2010,CLL,TX,ASW,CE,Federal Contract Tower,3,17,12,16,48,0,0,51,6,57,3,17,63,22,105,50,30,80,185
12/20/2010,CLL,TX,ASW,CE,Federal Contract Tower,4,14,9,17,44,0,0,15,4,19,4,14,24,21,63,0,8,8,71
12/21/2010,CLL,TX,ASW,CE,Federal Contract Tower,3,19,16,6,44,0,0,44,2,46,3,19,60,8,90,44,6,50,140
12/22/2010,CLL,TX,ASW,CE,Federal Contract Tower,2,18,19,7,46,0,0,8,1,9,2,18,27,8,55,0,0,0,55
12/23/2010,CLL,TX,ASW,CE,Federal Contract Tower,3,15,17,0,35,0,0,27,0,27,3,15,44,0,62,48,0,48,110
12/24/2010,CLL,TX,ASW,CE,Federal Contract Tower,1,8,2,0,11,0,0,7,0,7,1,8,9,0,18,2,0,2,20
12/25/2010,CLL,TX,ASW,CE,Federal Contract Tower,3,10,5,0,18,0,0,5,0,5,3,10,10,0,23,0,0,0,23
12/26/2010,CLL,TX,ASW,CE,Federal Contract Tower,2,4,14,0,20,0,0,29,0,29,2,4,43,0,49,2,0,2,51
12/27/2010,CLL,TX,ASW,CE,Federal Contract Tower,2,12,23,0,37,0,0,50,0,50,2,12,73,0,87,4,0,4,91
12/28/2010,CLL,TX,ASW,CE,Federal Contract Tower,3,17,6,3,29,0,0,6,0,6,3,17,12,3,35,30,0,30,65
12/29/2010,CLL,TX,ASW,CE,Federal Contract Tower,3,18,31,4,56,0,0,1,0,1,3,18,32,4,57,0,0,0,57
12/30/2010,CLL,TX,ASW,CE,Federal Contract Tower,3,17,17,1,38,0,0,14,3,17,3,17,31,4,55,30,0,30,85
12/31/2010,CLL,TX,ASW,CE,Federal Contract Tower,2,10,10,0,22,0,0,21,0,21,2,10,31,0,43,4,0,4,47
01/01/2011,CLL,TX,ASW,CE,Federal Contract Tower,3,8,0,0,11,0,0,40,0,40,3,8,40,0,51,0,0,0,51
01/02/2011,CLL,TX,ASW,CE,Federal Contract Tower,1,12,13,0,26,0,0,43,0,43,1,12,56,0,69,34,0,34,103
01/03/2011,CLL,TX,ASW,CE,Federal Contract Tower,3,18,21,0,42,0,0,44,0,44,3,18,65,0,86,34,0,34,120
01/04/2011,CLL,TX,ASW,CE,Federal Contract Tower,3,15,14,2,34,0,0,12,0,12,3,15,26,2,46,0,0,0,46
01/05/2011,CLL,TX,ASW,CE,Federal Contract Tower,3,18,6,8,35,0,0,30,2,32,3,18,36,10,67,18,0,18,85
01/06/2011,CLL,TX,ASW,CE,Federal Contract Tower,2,17,22,26,67,0,0,42,2,44,2,17,64,28,111,44,0,44,155
01/07/2011,CLL,TX,ASW,CE,Federal Contract Tower,3,18,13,30,64,0,0,58,18,76,3,18,71,48,140,14,14,28,168
01/08/2011,CLL,TX,ASW,CE,Federal Contract Tower,3,10,15,5,33,0,0,39,5,44,3,10,54,10,77,24,6,30,107
01/09/2011,CLL,TX,ASW,CE,Federal Contract Tower,0,11,3,4,18,0,0,0,0,0,0,11,3,4,18,0,0,0,18
01/10/2011,CLL,TX,ASW,CE,Federal Contract Tower,3,17,8,22,50,0,0,0,0,0,3,17,8,22,50,0,0,0,50
01/11/2011,CLL,TX,ASW,CE,Federal Contract Tower,3,14,6,20,43,0,0,51,3,54,3,14,57,23,97,14,2,16,113
01/12/2011,CLL,TX,ASW,CE,Federal Contract Tower,3,14,17,18,52,0,0,37,7,44,3,14,54,25,96,18,2,20,116
01/13/2011,CLL,TX,ASW,CE,Federal Contract Tower,3,21,12,21,57,0,0,35,1,36,3,21,47,22,93,12,2,14,107
01/14/2011,CLL,TX,ASW,CE,Federal Contract Tower,3,15,13,24,55,0,0,19,3,22,3,15,32,27,77,0,14,14,91
01/15/2011,CLL,TX,ASW,CE,Federal Contract Tower,3,12,16,2,33,0,0,0,0,0,3,12,16,2,33,0,0,0,33
01/16/2011,CLL,TX,ASW,CE,Federal Contract Tower,2,15,10,0,27,0,0,0,1,1,2,15,10,1,28,0,0,0,28
01/17/2011,CLL,TX,ASW,CE,Federal Contract Tower,3,15,12,2,32,0,0,16,0,16,3,15,28,2,48,8,0,8,56
01/18/2011,CLL,TX,ASW,CE,Federal Contract Tower,3,14,10,13,40,0,0,13,4,17,3,14,23,17,57,0,0,0,57
01/19/2011,CLL,TX,ASW,CE,Federal Contract Tower,3,15,15,8,41,0,0,59,1,60,3,15,74,9,101,32,10,42,143
01/20/2011,CLL,TX,ASW,CE,Federal Contract Tower,2,24,24,1,51,0,0,1,3,4,2,24,25,4,55,0,0,0,55
01/21/2011,CLL,TX,ASW,CE,Federal Contract Tower,3,21,13,13,50,0,0,48,14,62,3,21,61,27,112,28,10,38,150
01/22/2011,CLL,TX,ASW,CE,Federal Contract Tower,3,14,5,5,27,0,0,91,4,95,3,14,96,9,122,62,0,62,184
01/23/2011,CLL,TX,ASW,CE,Federal Contract Tower,2,11,11,8,32,0,0,33,0,33,2,11,44,8,65,8,0,8,73
01/24/2011,CLL,TX,ASW,CE,Federal Contract Tower,3,13,13,8,37,0,0,24,0,24,3,13,37,8,61,40,0,40,101
01/25/2011,CLL,TX,ASW,CE,Federal Contract Tower,4,17,22,36,79,0,0,30,5,35,4,17,52,41,114,26,20,46,160
01/26/2011,CLL,TX,ASW,CE,Federal Contract Tower,3,16,37,26,82,0,0,88,5,93,3,16,125,31,175,56,16,72,247
01/27/2011,CLL,TX,ASW,CE,Federal Contract Tower,2,20,17,7,46,0,0,61,3,64,2,20,78,10,110,36,6,42,152
01/28/2011,CLL,TX,ASW,CE,Federal Contract Tower,3,21,14,30,68,0,0,71,4,75,3,21,85,34,143,30,16,46,189
01/29/2011,CLL,TX,ASW,CE,Federal Contract Tower,3,10,9,5,27,0,0,71,3,74,3,10,80,8,101,96,0,96,197
01/30/2011,CLL,TX,ASW,CE,Federal Contract Tower,2,15,19,10,46,0,0,18,0,18,2,15,37,10,64,50,0,50,114
01/31/2011,CLL,TX,ASW,CE,Federal Contract Tower,2,13,22,10,47,0,0,20,5,25,2,13,42,15,72,14,0,14,86
02/01/2011,CLL,TX,ASW,CE,Federal Contract Tower,0,10,5,2,17,0,0,0,0,0,0,10,5,2,17,0,0,0,17
02/02/2011,CLL,TX,ASW,CE,Federal Contract Tower,0,12,10,23,45,0,0,9,2,11,0,12,19,25,56,0,28,28,84
02/03/2011,CLL,TX,ASW,CE,Federal Contract Tower,3,9,16,2,30,0,0,12,24,36,3,9,28,26,66,0,0,0,66
02/04/2011,CLL,TX,ASW,CE,Federal Contract Tower,0,8,5,0,13,0,0,2,0,2,0,8,7,0,15,0,0,0,15
02/05/2011,CLL,TX,ASW,CE,Federal Contract Tower,3,12,13,3,31,0,0,76,4,80,3,12,89,7,111,30,0,30,141
02/06/2011,CLL,TX,ASW,CE,Federal Contract Tower,2,15,11,5,33,0,0,46,0,46,2,15,57,5,79,28,0,28,107
02/07/2011,CLL,TX,ASW,CE,Federal Contract Tower,3,16,14,29,62,0,0,22,16,38,3,16,36,45,100,14,16,30,130
02/08/2011,CLL,TX,ASW,CE,Federal Contract Tower,3,17,12,26,58,0,0,14,2,16,3,17,26,28,74,0,14,14,88
02/09/2011,CLL,TX,ASW,CE,Federal Contract Tower,4,9,1,2,16,0,0,0,0,0,4,9,1,2,16,0,0,0,16
02/10/2011,CLL,TX,ASW,CE,Federal Contract Tower,3,14,11,26,54,0,0,52,3,55,3,14,63,29,109,8,10,18,127
02/11/2011,CLL,TX,ASW,CE,Federal Contract Tower,5,14,20,25,64,0,0,87,9,96,5,14,107,34,160,30,10,40,200
02/12/2011,CLL,TX,ASW,CE,Federal Contract Tower,3,17,14,3,37,0,0,92,15,107,3,17,106,18,144,22,4,26,170
02/13/2011,CLL,TX,ASW,CE,Federal Contract Tower,3,13,16,39,71,0,0,69,9,78,3,13,85,48,149,20,12,32,181
02/14/2011,CLL,TX,ASW,CE,Federal Contract Tower,3,17,24,22,66,0,0,22,10,32,3,17,46,32,98,16,0,16,114
02/15/2011,CLL,TX,ASW,CE,Federal Contract Tower,3,18,22,16,59,0,0,24,4,28,3,18,46,20,87,6,0,6,93
02/16/2011,CLL,TX,ASW,CE,Federal Contract Tower,3,16,15,14,48,0,0,21,2,23,3,16,36,16,71,28,0,28,99
02/17/2011,CLL,TX,ASW,CE,Federal Contract Tower,3,17,30,18,68,0,0,26,10,36,3,17,56,28,104,12,16,28,132
02/18/2011,CLL,TX,ASW,CE,Federal Contract Tower,3,19,29,16,67,0,0,58,0,58,3,19,87,16,125,38,0,38,163
02/19/2011,CLL,TX,ASW,CE,Federal Contract Tower,3,11,12,1,27,0,0,54,1,55,3,11,66,2,82,58,0,58,140
02/20/2011,CLL,TX,ASW,CE,Federal Contract Tower,1,15,3,0,19,0,0,23,0,23,1,15,26,0,42,24,0,24,66
02/21/2011,CLL,TX,ASW,CE,Federal Contract Tower,3,17,20,8,48,0,0,38,6,44,3,17,58,14,92,68,0,68,160
02/22/2011,CLL,TX,ASW,CE,Federal Contract Tower,3,20,38,13,74,0,0,44,4,48,3,20,82,17,122,54,0,54,176
02/23/2011,CLL,TX,ASW,CE,Federal Contract Tower,3,16,24,10,53,0,0,13,4,17,3,16,37,14,70,44,0,44,114
02/24/2011,CLL,TX,ASW,CE,Federal Contract Tower,2,18,25,1,46,0,0,17,3,20,2,18,42,4,66,40,0,40,106
02/25/2011,CLL,TX,ASW,CE,Federal Contract Tower,3,18,11,29,61,0,0,116,4,120,3,18,127,33,181,70,0,70,251
02/26/2011,CLL,TX,ASW,CE,Federal Contract Tower,3,12,31,4,50,0,0,5,6,11,3,12,36,10,61,0,0,0,61
02/27/2011,CLL,TX,ASW,CE,Federal Contract Tower,4,16,27,28,75,0,0,18,0,18,4,16,45,28,93,6,0,6,99
02/28/2011,CLL,TX,ASW,CE,Federal Contract Tower,3,15,7,45,70,0,0,27,24,51,3,15,34,69,121,4,8,12,133
03/01/2011,CLL,TX,ASW,CE,Federal Contract Tower,3,21,10,28,62,0,0,85,13,98,3,21,95,41,160,78,18,96,256
03/02/2011,CLL,TX,ASW,CE,Federal Contract Tower,3,14,5,31,53,0,0,55,2,57,3,14,60,33,110,36,10,46,156
03/03/2011,CLL,TX,ASW,CE,Federal Contract Tower,7,43,18,29,97,0,0,41,2,43,7,43,59,31,140,34,4,38,178
03/04/2011,CLL,TX,ASW,CE,Federal Contract Tower,3,16,31,13,63,0,0,53,8,61,3,16,84,21,124,40,6,46,170
03/05/2011,CLL,TX,ASW,CE,Federal Contract Tower,3,6,15,6,30,0,0,10,0,10,3,6,25,6,40,6,0,6,46
03/06/2011,CLL,TX,ASW,CE,Federal Contract Tower,3,16,19,16,54,0,0,90,5,95,3,16,109,21,149,68,6,74,223
03/07/2011,CLL,TX,ASW,CE,Federal Contract Tower,3,17,25,36,81,0,0,36,17,53,3,17,61,53,134,24,14,38,172
03/08/2011,CLL,TX,ASW,CE,Federal Contract Tower,3,17,17,1,38,0,0,16,0,16,3,17,33,1,54,2,0,2,56
03/09/2011,CLL,TX,ASW,CE,Federal Contract Tower,3,19,24,44,90,0,0,50,1,51,3,19,74,45,141,22,36,58,199
03/10/2011,CLL,TX,ASW,CE,Federal Contract Tower,3,19,30,6,58,0,0,56,5,61,3,19,86,11,119,30,0,30,149
03/11/2011,CLL,TX,ASW,CE,Federal Contract Tower,4,17,25,36,82,0,0,64,8,72,4,17,89,44,154,32,8,40,194
03/12/2011,CLL,TX,ASW,CE,Federal Contract Tower,3,16,21,25,65,0,0,58,4,62,3,16,79,29,127,50,2,52,179
03/13/2011,CLL,TX,ASW,CE,Federal Contract Tower,3,15,22,8,48,0,0,31,2,33,3,15,53,10,81,54,0,54,135
03/14/2011,CLL,TX,ASW,CE,Federal Contract Tower,3,11,11,0,25,0,0,22,4,26,3,11,33,4,51,6,0,6,57
03/15/2011,CLL,TX,ASW,CE,Federal Contract Tower,3,14,16,16,49,0,0,46,9,55,3,14,62,25,104,50,8,58,162
03/16/2011,CLL,TX,ASW,CE,Federal Contract Tower,5,16,10,27,58,0,0,39,10,49,5,16,49,37,107,26,6,32,139
03/17/2011,CLL,TX,ASW,CE,Federal Contract Tower,3,18,26,21,68,0,0,32,11,43,3,18,58,32,111,12,14,26,137
03/18/2011,CLL,TX,ASW,CE,Federal Contract Tower,3,16,21,20,60,0,0,35,10,45,3,16,56,30,105,0,42,42,147
03/19/2011,CLL,TX,ASW,CE,Federal Contract Tower,4,15,11,7,37,0,0,58,15,73,4,15,69,22,110,50,0,50,160
03/20/2011,CLL,TX,ASW,CE,Federal Contract Tower,3,16,32,0,51,0,0,40,2,42,3,16,72,2,93,52,6,58,151
03/21/2011,CLL,TX,ASW,CE,Federal Contract Tower,3,19,18,22,62,0,0,24,1,25,3,19,42,23,87,28,0,28,115
03/22/2011,CLL,TX,ASW,CE,Federal Contract Tower,3,17,16,20,56,0,0,28,4,32,3,17,44,24,88,4,30,34,122
03/23/2011,CLL,TX,ASW,CE,Federal Contract Tower,3,15,18,22,58,0,0,52,17,69,3,15,70,39,127,50,8,58,185
03/24/2011,CLL,TX,ASW,CE,Federal Contract Tower,3,19,12,18,52,0,0,71,0,71,3,19,83,18,123,66,0,66,189
03/25/2011,CLL,TX,ASW,CE,Federal Contract Tower,3,15,30,10,58,0,0,43,1,44,3,15,73,11,102,14,4,18,120
03/26/2011,CLL,TX,ASW,CE,Federal Contract Tower,5,11,10,18,44,0,0,61,7,68,5,11,71,25,112,36,6,42,154
03/27/2011,CLL,TX,ASW,CE,Federal Contract Tower,3,14,34,1,52,0,0,23,8,31,3,14,57,9,83,34,0,34,117
03/28/2011,CLL,TX,ASW,CE,Federal Contract Tower,4,18,31,11,64,0,0,5,2,7,4,18,36,13,71,0,0,0,71
03/29/2011,CLL,TX,ASW,CE,Federal Contract Tower,3,19,9,14,45,0,0,12,1,13,3,19,21,15,58,18,0,18,76
03/30/2011,CLL,TX,ASW,CE,Federal Contract Tower,3,21,17,7,48,0,0,26,0,26,3,21,43,7,74,24,0,24,98
03/31/2011,CLL,TX,ASW,CE,Federal Contract Tower,6,19,23,13,61,0,0,59,11,70,6,19,82,24,131,44,12,56,187
04/01/2011,CLL,TX,ASW,CE,Federal Contract Tower,3,20,22,22,67,0,0,50,14,64,3,20,72,36,131,12,30,42,173
04/02/2011,CLL,TX,ASW,CE,Federal Contract Tower,4,12,28,4,48,0,0,40,2,42,4,12,68,6,90,2,0,2,92
04/03/2011,CLL,TX,ASW,CE,Federal Contract Tower,3,19,13,10,45,0,0,24,0,24,3,19,37,10,69,34,6,40,109
04/04/2011,CLL,TX,ASW,CE,Federal Contract Tower,3,17,6,10,36,0,0,3,0,3,3,17,9,10,39,0,0,0,39
04/05/2011,CLL,TX,ASW,CE,Federal Contract Tower,3,20,28,27,78,0,0,60,3,63,3,20,88,30,141,62,20,82,223
04/06/2011,CLL,TX,ASW,CE,Federal Contract Tower,9,15,14,13,51,0,0,38,2,40,9,15,52,15,91,0,0,0,91
04/07/2011,CLL,TX,ASW,CE,Federal Contract Tower,3,16,17,24,60,0,0,73,1,74,3,16,90,25,134,20,2,22,156
04/08/2011,CLL,TX,ASW,CE,Federal Contract Tower,2,16,24,30,72,0,0,47,9,56,2,16,71,39,128,6,20,26,154
04/09/2011,CLL,TX,ASW,CE,Federal Contract Tower,4,8,9,24,45,0,0,35,10,45,4,8,44,34,90,18,6,24,114
04/10/2011,CLL,TX,ASW,CE,Federal Contract Tower,2,16,15,7,40,0,0,32,0,32,2,16,47,7,72,8,0,8,80
04/11/2011,CLL,TX,ASW,CE,Federal Contract Tower,4,14,15,27,60,0,0,28,1,29,4,14,43,28,89,26,22,48,137
04/12/2011,CLL,TX,ASW,CE,Federal Contract Tower,1,18,9,22,50,0,0,78,3,81,1,18,87,25,131,66,0,66,197
04/13/2011,CLL,TX,ASW,CE,Federal Contract Tower,3,17,22,14,56,0,0,75,2,77,3,17,97,16,133,34,0,34,167
04/14/2011,CLL,TX,ASW,CE,Federal Contract Tower,2,19,19,10,50,0,0,30,4,34,2,19,49,14,84,42,8,50,134
04/15/2011,CLL,TX,ASW,CE,Federal Contract Tower,3,13,41,21,78,0,0,77,4,81,3,13,118,25,159,20,0,20,179
04/16/2011,CLL,TX,ASW,CE,Federal Contract Tower,3,9,12,5,29,0,0,104,1,105,3,9,116,6,134,46,0,46,180
04/17/2011,CLL,TX,ASW,CE,Federal Contract Tower,3,18,21,24,66,0,0,78,6,84,3,18,99,30,150,58,16,74,224
04/18/2011,CLL,TX,ASW,CE,Federal Contract Tower,3,18,15,16,52,0,0,19,1,20,3,18,34,17,72,34,0,34,106
04/19/2011,CLL,TX,ASW,CE,Federal Contract Tower,2,22,19,30,73,0,0,23,12,35,2,22,42,42,108,8,0,8,116
04/20/2011,CLL,TX,ASW,CE,Federal Contract Tower,4,22,25,9,60,0,0,38,3,41,4,22,63,12,101,64,0,64,165
04/21/2011,CLL,TX,ASW,CE,Federal Contract Tower,2,16,32,7,57,0,0,41,2,43,2,16,73,9,100,34,0,34,134
04/22/2011,CLL,TX,ASW,CE,Federal Contract Tower,3,16,23,16,58,0,0,67,9,76,3,16,90,25,134,20,2,22,156
04/23/2011,CLL,TX,ASW,CE,Federal Contract Tower,3,11,13,8,35,0,0,26,0,26,3,11,39,8,61,10,0,10,71
04/24/2011,CLL,TX,ASW,CE,Federal Contract Tower,2,21,18,10,51,0,0,28,4,32,2,21,46,14,83,0,0,0,83
04/25/2011,CLL,TX,ASW,CE,Federal Contract Tower,4,16,11,29,60,0,0,29,2,31,4,16,40,31,91,2,6,8,99
04/26/2011,CLL,TX,ASW,CE,Federal Contract Tower,2,12,10,4,28,0,0,14,0,14,2,12,24,4,42,20,0,20,62
04/27/2011,CLL,TX,ASW,CE,Federal Contract Tower,1,17,8,45,71,0,0,42,3,45,1,17,50,48,116,80,0,80,196
04/28/2011,CLL,TX,ASW,CE,Federal Contract Tower,3,19,13,21,56,0,0,97,5,102,3,19,110,26,158,78,8,86,244
04/29/2011,CLL,TX,ASW,CE,Federal Contract Tower,3,17,17,37,74,0,0,63,15,78,3,17,80,52,152,8,42,50,202
04/30/2011,CLL,TX,ASW,CE,Federal Contract Tower,3,12,28,5,48,0,0,24,1,25,3,12,52,6,73,32,0,32,105
05/01/2011,CLL,TX,ASW,CE,Federal Contract Tower,4,20,10,33,67,0,0,11,4,15,4,20,21,37,82,32,0,32,114
05/02/2011,CLL,TX,ASW,CE,Federal Contract Tower,2,11,30,11,54,0,0,17,4,21,2,11,47,15,75,0,0,0,75
05/03/2011,CLL,TX,ASW,CE,Federal Contract Tower,3,18,18,5,44,0,0,31,6,37,3,18,49,11,81,26,0,26,107
05/04/2011,CLL,TX,ASW,CE,Federal Contract Tower,3,15,11,27,56,0,0,85,21,106,3,15,96,48,162,108,34,142,304
05/05/2011,CLL,TX,ASW,CE,Federal Contract Tower,3,20,15,11,49,0,0,84,8,92,3,20,99,19,141,74,38,112,253
05/06/2011,CLL,TX,ASW,CE,Federal Contract Tower,3,17,9,48,77,0,0,70,13,83,3,17,79,61,160,68,34,102,262
05/07/2011,CLL,TX,ASW,CE,Federal Contract Tower,3,9,13,1,26,0,0,65,4,69,3,9,78,5,95,30,0,30,125
05/08/2011,CLL,TX,ASW,CE,Federal Contract Tower,3,12,21,8,44,0,0,43,9,52,3,12,64,17,96,40,0,40,136
05/09/2011,CLL,TX,ASW,CE,Federal Contract Tower,3,16,7,19,45,0,0,31,9,40,3,16,38,28,85,0,0,0,85
05/10/2011,CLL,TX,ASW,CE,Federal Contract Tower,4,17,25,20,66,0,0,32,11,43,4,17,57,31,109,12,0,12,121
05/11/2011,CLL,TX,ASW,CE,Federal Contract Tower,2,17,15,9,43,0,0,27,2,29,2,17,42,11,72,16,8,24,96
05/12/2011,CLL,TX,ASW,CE,Federal Contract Tower,2,22,20,0,44,0,0,6,0,6,2,22,26,0,50,0,0,0,50
05/13/2011,CLL,TX,ASW,CE,Federal Contract Tower,3,21,14,21,59,0,0,52,13,65,3,21,66,34,124,18,6,24,148
05/14/2011,CLL,TX,ASW,CE,Federal Contract Tower,3,15,23,31,72,0,0,79,4,83,3,15,102,35,155,18,2,20,175
05/15/2011,CLL,TX,ASW,CE,Federal Contract Tower,3,15,9,30,57,0,0,65,7,72,3,15,74,37,129,24,4,28,157
05/16/2011,CLL,TX,ASW,CE,Federal Contract Tower,3,20,22,11,56,0,0,43,7,50,3,20,65,18,106,54,0,54,160
05/17/2011,CLL,TX,ASW,CE,Federal Contract Tower,3,17,4,16,40,0,0,59,4,63,3,17,63,20,103,36,12,48,151
05/18/2011,CLL,TX,ASW,CE,Federal Contract Tower,3,17,8,13,41,0,0,34,8,42,3,17,42,21,83,29,2,31,114
05/19/2011,CLL,TX,ASW,CE,Federal Contract Tower,3,23,22,27,75,0,0,46,7,53,3,23,68,34,128,24,16,40,168
05/20/2011,CLL,TX,ASW,CE,Federal Contract Tower,2,15,17,36,70,0,0,9,2,11,2,15,26,38,81,8,10,18,99
05/21/2011,CLL,TX,ASW,CE,Federal Contract Tower,3,11,8,3,25,0,0,14,0,14,3,11,22,3,39,36,0,36,75
05/22/2011,CLL,TX,ASW,CE,Federal Contract Tower,4,13,18,10,45,0,0,36,7,43,4,13,54,17,88,12,8,20,108
05/23/2011,CLL,TX,ASW,CE,Federal Contract Tower,3,13,14,15,45,0,0,23,0,23,3,13,37,15,68,14,4,18,86
05/24/2011,CLL,TX,ASW,CE,Federal Contract Tower,2,16,14,11,43,0,0,40,4,44,2,16,54,15,87,36,2,38,125
05/25/2011,CLL,TX,ASW,CE,Federal Contract Tower,3,17,19,4,43,0,0,42,6,48,3,17,61,10,91,2,18,20,111
05/26/2011,CLL,TX,ASW,CE,Federal Contract Tower,3,19,12,4,38,0,0,58,2,60,3,19,70,6,98,36,0,36,134
05/27/2011,CLL,TX,ASW,CE,Federal Contract Tower,3,18,15,20,56,0,0,36,2,38,3,18,51,22,94,6,6,12,106
05/28/2011,CLL,TX,ASW,CE,Federal Contract Tower,3,11,10,0,24,0,0,30,0,30,3,11,40,0,54,2,0,2,56
05/29/2011,CLL,TX,ASW,CE,Federal Contract Tower,3,8,17,0,28,0,0,32,0,32,3,8,49,0,60,6,0,6,66
05/30/2011,CLL,TX,ASW,CE,Federal Contract Tower,3,10,16,9,38,0,0,21,5,26,3,10,37,14,64,0,8,8,72
05/31/2011,CLL,TX,ASW,CE,Federal Contract Tower,3,15,12,27,57,0,0,41,6,47,3,15,53,33,104,18,42,60,164
06/01/2011,CLL,TX,ASW,CE,Federal Contract Tower,4,18,33,28,83,0,0,47,0,47,4,18,80,28,130,22,14,36,166
06/02/2011,CLL,TX,ASW,CE,Federal Contract Tower,3,14,12,11,40,0,0,75,1,76,3,14,87,12,116,50,0,50,166
06/03/2011,CLL,TX,ASW,CE,Federal Contract Tower,3,15,19,20,57,0,0,58,2,60,3,15,77,22,117,22,0,22,139
06/04/2011,CLL,TX,ASW,CE,Federal Contract Tower,6,8,19,12,45,0,0,63,17,80,6,8,82,29,125,16,18,34,159
06/05/2011,CLL,TX,ASW,CE,Federal Contract Tower,3,15,4,18,40,0,0,44,10,54,3,15,48,28,94,38,28,66,160
06/06/2011,CLL,TX,ASW,CE,Federal Contract Tower,4,15,19,8,46,0,0,39,7,46,4,15,58,15,92,6,0,6,98
06/07/2011,CLL,TX,ASW,CE,Federal Contract Tower,4,13,11,10,38,0,0,40,1,41,4,13,51,11,79,90,0,90,169
06/08/2011,CLL,TX,ASW,CE,Federal Contract Tower,4,15,17,25,61,0,0,62,5,67,4,15,79,30,128,88,2,90,218
06/09/2011,CLL,TX,ASW,CE,Federal Contract Tower,4,14,15,9,42,0,0,41,2,43,4,14,56,11,85,16,22,38,123
06/10/2011,CLL,TX,ASW,CE,Federal Contract Tower,3,16,12,27,58,0,0,58,7,65,3,16,70,34,123,50,0,50,173
06/11/2011,CLL,TX,ASW,CE,Federal Contract Tower,3,9,13,16,41,0,0,52,7,59,3,9,65,23,100,32,18,50,150
06/12/2011,CLL,TX,ASW,CE,Federal Contract Tower,3,14,15,21,53,0,0,64,5,69,3,14,79,26,122,28,22,50,172
06/13/2011,CLL,TX,ASW,CE,Federal Contract Tower,2,11,9,18,40,0,0,30,5,35,2,11,39,23,75,22,0,22,97
06/14/2011,CLL,TX,ASW,CE,Federal Contract Tower,5,15,12,17,49,0,2,26,14,42,5,17,38,31,91,36,22,58,149
06/15/2011,CLL,TX,ASW,CE,Federal Contract Tower,2,14,10,7,33,0,0,46,6,52,2,14,56,13,85,26,6,32,117
06/16/2011,CLL,TX,ASW,CE,Federal Contract Tower,3,22,23,9,57,0,0,61,8,69,3,22,84,17,126,10,6,16,142
06/17/2011,CLL,TX,ASW,CE,Federal Contract Tower,2,18,32,21,73,0,0,23,4,27,2,18,55,25,100,2,2,4,104
06/18/2011,CLL,TX,ASW,CE,Federal Contract Tower,4,8,13,1,26,0,0,49,1,50,4,8,62,2,76,24,0,24,100
06/19/2011,CLL,TX,ASW,CE,Federal Contract Tower,3,11,16,10,40,0,0,52,12,64,3,11,68,22,104,18,0,18,122
06/20/2011,CLL,TX,ASW,CE,Federal Contract Tower,3,15,12,29,59,0,0,42,1,43,3,15,54,30,102,0,2,2,104
06/21/2011,CLL,TX,ASW,CE,Federal Contract Tower,3,16,15,26,60,0,0,51,1,52,3,16,66,27,112,58,24,82,194
06/22/2011,CLL,TX,ASW,CE,Federal Contract Tower,3,13,23,6,45,0,0,24,4,28,3,13,47,10,73,30,0,30,103
06/23/2011,CLL,TX,ASW,CE,Federal Contract Tower,3,16,20,26,65,0,0,43,7,50,3,16,63,33,115,38,20,58,173
06/24/2011,CLL,TX,ASW,CE,Federal Contract Tower,2,15,14,22,53,0,0,79,7,86,2,15,93,29,139,28,14,42,181
06/25/2011,CLL,TX,ASW,CE,Federal Contract Tower,3,8,17,31,59,0,0,33,7,40,3,8,50,38,99,18,2,20,119
06/26/2011,CLL,TX,ASW,CE,Federal Contract Tower,3,13,20,2,38,0,0,41,2,43,3,13,61,4,81,16,0,16,97
06/27/2011,CLL,TX,ASW,CE,Federal Contract Tower,3,19,17,14,53,0,0,50,5,55,3,19,67,19,108,28,0,28,136
06/28/2011,CLL,TX,ASW,CE,Federal Contract Tower,3,15,18,7,43,0,0,71,0,71,3,15,89,7,114,26,0,26,140
06/29/2011,CLL,TX,ASW,CE,Federal Contract Tower,0,18,21,13,52,0,0,75,2,77,0,18,96,15,129,10,2,12,141
06/30/2011,CLL,TX,ASW,CE,Federal Contract Tower,2,18,20,2,42,0,0,78,0,78,2,18,98,2,120,30,0,30,150
07/01/2011,CLL,TX,ASW,CE,Federal Contract Tower,3,19,13,2,37,0,0,60,0,60,3,19,73,2,97,70,0,70,167
07/02/2011,CLL,TX,ASW,CE,Federal Contract Tower,2,8,11,0,21,0,0,53,0,53,2,8,64,0,74,22,0,22,96
07/03/2011,CLL,TX,ASW,CE,Federal Contract Tower,2,8,13,6,29,0,0,48,0,48,2,8,61,6,77,48,0,48,125
07/04/2011,CLL,TX,ASW,CE,Federal Contract Tower,3,11,2,0,16,0,0,22,2,24,3,11,24,2,40,8,0,8,48
07/05/2011,CLL,TX,ASW,CE,Federal Contract Tower,3,21,11,6,41,0,0,28,0,28,3,21,39,6,69,12,0,12,81
07/06/2011,CLL,TX,ASW,CE,Federal Contract Tower,2,13,4,15,34,0,0,34,6,40,2,13,38,21,74,0,4,4,78
07/07/2011,CLL,TX,ASW,CE,Federal Contract Tower,3,14,24,11,52,0,0,65,7,72,3,14,89,18,124,32,4,36,160
07/08/2011,CLL,TX,ASW,CE,Federal Contract Tower,2,14,9,20,45,0,0,57,21,78,2,14,66,41,123,56,52,108,231
07/09/2011,CLL,TX,ASW,CE,Federal Contract Tower,2,8,2,0,12,0,0,54,0,54,2,8,56,0,66,52,0,52,118
07/10/2011,CLL,TX,ASW,CE,Federal Contract Tower,2,13,10,13,38,0,0,60,5,65,2,13,70,18,103,74,0,74,177
07/11/2011,CLL,TX,ASW,CE,Federal Contract Tower,3,18,24,32,77,0,0,51,8,59,3,18,75,40,136,74,12,86,222
07/12/2011,CLL,TX,ASW,CE,Federal Contract Tower,2,15,6,20,43,0,0,44,4,48,2,15,50,24,91,66,48,114,205
07/13/2011,CLL,TX,ASW,CE,Federal Contract Tower,3,15,13,17,48,0,0,43,8,51,3,15,56,25,99,88,34,122,221
07/14/2011,CLL,TX,ASW,CE,Federal Contract Tower,3,20,11,26,60,0,0,44,6,50,3,20,55,32,110,0,22,22,132
07/15/2011,CLL,TX,ASW,CE,Federal Contract Tower,3,13,26,41,83,0,0,57,4,61,3,13,83,45,144,14,18,32,176
07/16/2011,CLL,TX,ASW,CE,Federal Contract Tower,3,13,12,5,33,0,0,30,1,31,3,13,42,6,64,26,0,26,90
07/17/2011,CLL,TX,ASW,CE,Federal Contract Tower,2,14,6,5,27,0,0,34,0,34,2,14,40,5,61,0,0,0,61
07/18/2011,CLL,TX,ASW,CE,Federal Contract Tower,3,19,7,6,35,0,0,24,4,28,3,19,31,10,63,4,0,4,67
07/19/2011,CLL,TX,ASW,CE,Federal Contract Tower,6,16,8,17,47,0,0,31,3,34,6,16,39,20,81,38,6,44,125
07/20/2011,CLL,TX,ASW,CE,Federal Contract Tower,3,16,13,10,42,0,0,57,3,60,3,16,70,13,102,114,12,126,228
07/21/2011,CLL,TX,ASW,CE,Federal Contract Tower,3,19,9,26,57,0,0,76,13,89,3,19,85,39,146,68,12,80,226
07/22/2011,CLL,TX,ASW,CE,Federal Contract Tower,5,13,11,44,73,0,0,56,5,61,5,13,67,49,134,32,8,40,174
07/23/2011,CLL,TX,ASW,CE,Federal Contract Tower,3,8,8,6,25,0,0,52,5,57,3,8,60,11,82,60,0,60,142
07/24/2011,CLL,TX,ASW,CE,Federal Contract Tower,3,14,9,20,46,0,0,62,4,66,3,14,71,24,112,18,0,18,130
07/25/2011,CLL,TX,ASW,CE,Federal Contract Tower,3,14,12,15,44,0,0,29,9,38,3,14,41,24,82,18,6,24,106
07/26/2011,CLL,TX,ASW,CE,Federal Contract Tower,3,17,17,24,61,0,0,54,10,64,3,17,71,34,125,40,6,46,171
07/27/2011,CLL,TX,ASW,CE,Federal Contract Tower,2,15,15,38,70,0,4,65,9,78,2,19,80,47,148,86,24,110,258
07/28/2011,CLL,TX,ASW,CE,Federal Contract Tower,2,15,21,8,46,0,0,50,0,50,2,15,71,8,96,28,0,28,124
07/29/2011,CLL,TX,ASW,CE,Federal Contract Tower,3,13,23,52,91,0,0,37,14,51,3,13,60,66,142,28,14,42,184
07/30/2011,CLL,TX,ASW,CE,Federal Contract Tower,3,9,12,0,24,0,0,44,2,46,3,9,56,2,70,26,0,26,96
07/31/2011,CLL,TX,ASW,CE,Federal Contract Tower,3,11,12,20,46,0,0,53,6,59,3,11,65,26,105,10,0,10,115
08/01/2011,CLL,TX,ASW,CE,Federal Contract Tower,2,16,11,18,47,0,0,42,13,55,2,16,53,31,102,6,18,24,126
08/02/2011,CLL,TX,ASW,CE,Federal Contract Tower,3,14,18,25,60,0,0,46,0,46,3,14,64,25,106,86,0,86,192
08/03/2011,CLL,TX,ASW,CE,Federal Contract Tower,3,15,11,19,48,0,0,60,4,64,3,15,71,23,112,84,34,118,230
08/04/2011,CLL,TX,ASW,CE,Federal Contract Tower,2,13,10,14,39,0,0,69,3,72,2,13,79,17,111,60,0,60,171
08/05/2011,CLL,TX,ASW,CE,Federal Contract Tower,4,12,6,28,50,0,0,36,5,41,4,12,42,33,91,20,10,30,121
08/06/2011,CLL,TX,ASW,CE,Federal Contract Tower,3,7,3,0,13,0,0,57,0,57,3,7,60,0,70,78,0,78,148
08/07/2011,CLL,TX,ASW,CE,Federal Contract Tower,2,15,11,0,28,0,0,41,0,41,2,15,52,0,69,0,0,0,69
08/08/2011,CLL,TX,ASW,CE,Federal Contract Tower,4,13,6,22,45,0,0,24,3,27,4,13,30,25,72,38,2,40,112
08/09/2011,CLL,TX,ASW,CE,Federal Contract Tower,3,17,7,22,49,0,0,40,1,41,3,17,47,23,90,34,6,40,130
08/10/2011,CLL,TX,ASW,CE,Federal Contract Tower,5,13,5,34,57,0,0,45,3,48,5,13,50,37,105,80,24,104,209
08/11/2011,CLL,TX,ASW,CE,Federal Contract Tower,2,14,12,22,50,0,0,59,7,66,2,14,71,29,116,50,34,84,200
08/12/2011,CLL,TX,ASW,CE,Federal Contract Tower,4,14,16,54,88,0,0,56,17,73,4,14,72,71,161,38,32,70,231
08/13/2011,CLL,TX,ASW,CE,Federal Contract Tower,3,5,9,8,25,0,0,38,0,38,3,5,47,8,63,66,0,66,129
08/14/2011,CLL,TX,ASW,CE,Federal Contract Tower,2,13,10,15,40,0,0,24,1,25,2,13,34,16,65,12,0,12,77
08/15/2011,CLL,TX,ASW,CE,Federal Contract Tower,0,20,7,12,39,0,0,48,0,48,0,20,55,12,87,6,10,16,103
08/16/2011,CLL,TX,ASW,CE,Federal Contract Tower,3,16,12,51,82,0,0,44,2,46,3,16,56,53,128,14,0,14,142
08/17/2011,CLL,TX,ASW,CE,Federal Contract Tower,3,16,15,30,64,0,0,54,4,58,3,16,69,34,122,50,4,54,176
08/18/2011,CLL,TX,ASW,CE,Federal Contract Tower,3,13,12,7,35,0,0,44,7,51,3,13,56,14,86,76,10,86,172
08/19/2011,CLL,TX,ASW,CE,Federal Contract Tower,3,15,5,26,49,0,0,54,41,95,3,15,59,67,144,6,24,30,174
08/20/2011,CLL,TX,ASW,CE,Federal Contract Tower,3,6,10,1,20,0,0,61,3,64,3,6,71,4,84,16,0,16,100
08/21/2011,CLL,TX,ASW,CE,Federal Contract Tower,3,17,19,27,66,0,0,54,10,64,3,17,73,37,130,46,28,74,204
08/22/2011,CLL,TX,ASW,CE,Federal Contract Tower,3,13,6,48,70,0,0,33,6,39,3,13,39,54,109,34,16,50,159
08/23/2011,CLL,TX,ASW,CE,Federal Contract Tower,3,15,4,11,33,0,0,45,13,58,3,15,49,24,91,98,6,104,195
08/24/2011,CLL,TX,ASW,CE,Federal Contract Tower,3,14,13,17,47,0,0,50,17,67,3,14,63,34,114,48,10,58,172
08/25/2011,CLL,TX,ASW,CE,Federal Contract Tower,3,21,9,10,43,0,0,33,3,36,3,21,42,13,79,4,0,4,83
08/26/2011,CLL,TX,ASW,CE,Federal Contract Tower,3,14,14,21,52,0,0,45,0,45,3,14,59,21,97,60,0,60,157
08/27/2011,CLL,TX,ASW,CE,Federal Contract Tower,2,7,5,2,16,0,0,54,4,58,2,7,59,6,74,58,8,66,140
08/28/2011,CLL,TX,ASW,CE,Federal Contract Tower,5,13,13,21,52,0,0,0,0,0,5,13,13,21,52,0,18,18,70
08/29/2011,CLL,TX,ASW,CE,Federal Contract Tower,3,15,9,20,47,0,0,27,5,32,3,15,36,25,79,46,12,58,137
08/30/2011,CLL,TX,ASW,CE,Federal Contract Tower,2,16,15,13,46,0,0,52,2,54,2,16,67,15,100,34,0,34,134
08/31/2011,CLL,TX,ASW,CE,Federal Contract Tower,4,15,2,17,38,0,0,55,12,67,4,15,57,29,105,110,6,116,221
09/01/2011,CLL,TX,ASW,CE,Federal Contract Tower,3,14,14,16,47,0,0,45,0,45,3,14,59,16,92,58,2,60,152
09/02/2011,CLL,TX,ASW,CE,Federal Contract Tower,3,14,16,39,72,0,0,52,7,59,3,14,68,46,131,64,8,72,203
09/03/2011,CLL,TX,ASW,CE,Federal Contract Tower,3,6,8,1,18,0,0,52,0,52,3,6,60,1,70,48,0,48,118
09/04/2011,CLL,TX,ASW,CE,Federal Contract Tower,4,14,37,10,65,0,0,41,0,41,4,14,78,10,106,0,0,0,106
09/05/2011,CLL,TX,ASW,CE,Federal Contract Tower,0,14,18,1,33,0,0,30,0,30,0,14,48,1,63,2,0,2,65
09/06/2011,CLL,TX,ASW,CE,Federal Contract Tower,3,15,8,30,56,0,0,32,0,32,3,15,40,30,88,60,0,60,148
09/07/2011,CLL,TX,ASW,CE,Federal Contract Tower,2,15,25,20,62,0,0,40,0,40,2,15,65,20,102,74,4,78,180
09/08/2011,CLL,TX,ASW,CE,Federal Contract Tower,3,17,20,32,72,0,0,30,27,57,3,17,50,59,129,60,0,60,189
09/09/2011,CLL,TX,ASW,CE,Federal Contract Tower,3,15,2,14,34,0,0,59,2,61,3,15,61,16,95,46,0,46,141
09/10/2011,CLL,TX,ASW,CE,Federal Contract Tower,3,5,23,12,43,0,0,63,7,70,3,5,86,19,113,16,0,16,129
09/11/2011,CLL,TX,ASW,CE,Federal Contract Tower,3,14,15,2,34,0,0,68,0,68,3,14,83,2,102,37,0,37,139
09/12/2011,CLL,TX,ASW,CE,Federal Contract Tower,3,14,14,20,51,0,0,45,1,46,3,14,59,21,97,26,0,26,123
09/13/2011,CLL,TX,ASW,CE,Federal Contract Tower,3,16,15,34,68,0,0,60,8,68,3,16,75,42,136,6,6,12,148
09/14/2011,CLL,TX,ASW,CE,Federal Contract Tower,2,15,31,44,92,0,0,52,7,59,2,15,83,51,151,56,4,60,211
09/15/2011,CLL,TX,ASW,CE,Federal Contract Tower,5,19,32,11,67,0,0,43,4,47,5,19,75,15,114,34,6,40,154
09/16/2011,CLL,TX,ASW,CE,Federal Contract Tower,3,16,24,43,86,0,0,62,1,63,3,16,86,44,149,32,66,98,247
09/17/2011,CLL,TX,ASW,CE,Federal Contract Tower,4,7,50,0,61,0,0,55,8,63,4,7,105,8,124,34,0,34,158
09/18/2011,CLL,TX,ASW,CE,Federal Contract Tower,3,16,23,9,51,0,0,41,3,44,3,16,64,12,95,24,0,24,119
09/19/2011,CLL,TX,ASW,CE,Federal Contract Tower,2,17,11,18,48,0,0,35,0,35,2,17,46,18,83,0,4,4,87
09/20/2011,CLL,TX,ASW,CE,Federal Contract Tower,3,23,6,43,75,0,0,48,3,51,3,23,54,46,126,40,4,44,170
09/21/2011,CLL,TX,ASW,CE,Federal Contract Tower,3,17,18,14,52,0,0,44,2,46,3,17,62,16,98,8,4,12,110
09/22/2011,CLL,TX,ASW,CE,Federal Contract Tower,2,14,22,39,77,0,0,32,11,43,2,14,54,50,120,18,30,48,168
09/23/2011,CLL,TX,ASW,CE,Federal Contract Tower,7,20,27,75,129,0,0,51,12,63,7,20,78,87,192,22,6,28,220
09/24/2011,CLL,TX,ASW,CE,Federal Contract Tower,7,13,113,3,136,0,0,163,3,166,7,13,276,6,302,0,0,0,302
09/25/2011,CLL,TX,ASW,CE,Federal Contract Tower,2,18,38,11,69,0,0,42,0,42,2,18,80,11,111,0,6,6,117
09/26/2011,CLL,TX,ASW,CE,Federal Contract Tower,3,15,12,31,61,0,0,42,1,43,3,15,54,32,104,16,4,20,124
09/27/2011,CLL,TX,ASW,CE,Federal Contract Tower,3,18,12,42,75,0,0,37,0,37,3,18,49,42,112,24,34,58,170
09/28/2011,CLL,TX,ASW,CE,Federal Contract Tower,3,16,17,15,51,0,0,29,1,30,3,16,46,16,81,56,4,60,141
09/29/2011,CLL,TX,ASW,CE,Federal Contract Tower,3,28,21,5,57,0,0,31,4,35,3,28,52,9,92,12,0,12,104
09/30/2011,CLL,TX,ASW,CE,Federal Contract Tower,3,17,19,49,88,0,0,73,7,80,3,17,92,56,168,14,2,16,184
10/01/2011,CLL,TX,ASW,CE,Federal Contract Tower,3,8,14,14,39,0,0,69,4,73,3,8,83,18,112,48,0,48,160
10/02/2011,CLL,TX,ASW,CE,Federal Contract Tower,2,22,24,0,48,0,0,59,0,59,2,22,83,0,107,8,0,8,115
10/03/2011,CLL,TX,ASW,CE,Federal Contract Tower,3,14,11,11,39,0,0,37,1,38,3,14,48,12,77,0,4,4,81
10/04/2011,CLL,TX,ASW,CE,Federal Contract Tower,3,13,6,31,53,0,0,59,7,66,3,13,65,38,119,56,4,60,179
10/05/2011,CLL,TX,ASW,CE,Federal Contract Tower,3,17,14,57,91,0,0,52,4,56,3,17,66,61,147,70,8,78,225
10/06/2011,CLL,TX,ASW,CE,Federal Contract Tower,3,15,14,22,54,0,0,62,4,66,3,15,76,26,120,28,6,34,154
10/07/2011,CLL,TX,ASW,CE,Federal Contract Tower,5,17,26,34,82,0,0,28,6,34,5,17,54,40,116,16,14,30,146
10/08/2011,CLL,TX,ASW,CE,Federal Contract Tower,3,7,15,1,26,0,0,20,0,20,3,7,35,1,46,6,0,6,52
10/09/2011,CLL,TX,ASW,CE,Federal Contract Tower,6,8,26,4,44,0,0,9,0,9,6,8,35,4,53,0,0,0,53
10/10/2011,CLL,TX,ASW,CE,Federal Contract Tower,3,17,8,3,31,0,0,33,2,35,3,17,41,5,66,16,0,16,82
10/11/2011,CLL,TX,ASW,CE,Federal Contract Tower,3,14,11,26,54,0,0,40,15,55,3,14,51,41,109,50,20,70,179
10/12/2011,CLL,TX,ASW,CE,Federal Contract Tower,3,18,17,12,50,0,0,40,2,42,3,18,57,14,92,30,2,32,124
10/13/2011,CLL,TX,ASW,CE,Federal Contract Tower,3,17,24,24,68,0,0,68,8,76,3,17,92,32,144,24,18,42,186
10/14/2011,CLL,TX,ASW,CE,Federal Contract Tower,3,21,34,51,109,0,0,93,11,104,3,21,127,62,213,26,0,26,239
10/15/2011,CLL,TX,ASW,CE,Federal Contract Tower,3,8,66,1,78,0,0,106,3,109,3,8,172,4,187,0,0,0,187
10/16/2011,CLL,TX,ASW,CE,Federal Contract Tower,4,15,19,21,59,0,0,83,1,84,4,15,102,22,143,0,0,0,143
10/17/2011,CLL,TX,ASW,CE,Federal Contract Tower,3,16,12,43,74,0,0,30,8,38,3,16,42,51,112,34,0,34,146
10/18/2011,CLL,TX,ASW,CE,Federal Contract Tower,5,12,16,18,51,0,0,16,2,18,5,12,32,20,69,18,10,28,97
10/19/2011,CLL,TX,ASW,CE,Federal Contract Tower,3,18,14,24,59,0,0,30,10,40,3,18,44,34,99,2,40,42,141
10/20/2011,CLL,TX,ASW,CE,Federal Contract Tower,3,22,15,20,60,0,0,75,7,82,3,22,90,27,142,30,40,70,212
10/21/2011,CLL,TX,ASW,CE,Federal Contract Tower,6,21,14,46,87,0,0,74,17,91,6,21,88,63,178,20,12,32,210
10/22/2011,CLL,TX,ASW,CE,Federal Contract Tower,3,5,9,21,38,0,0,55,14,69,3,5,64,35,107,10,10,20,127
10/23/2011,CLL,TX,ASW,CE,Federal Contract Tower,3,13,18,34,68,0,0,69,16,85,3,13,87,50,153,20,14,34,187
10/24/2011,CLL,TX,ASW,CE,Federal Contract Tower,1,27,8,52,88,0,0,45,17,62,1,27,53,69,150,40,68,108,258
10/25/2011,CLL,TX,ASW,CE,Federal Contract Tower,3,16,9,30,58,0,0,23,3,26,3,16,32,33,84,12,2,14,98
10/26/2011,CLL,TX,ASW,CE,Federal Contract Tower,3,23,17,19,62,0,0,27,2,29,3,23,44,21,91,30,0,30,121
10/27/2011,CLL,TX,ASW,CE,Federal Contract Tower,3,19,19,0,41,0,0,10,0,10,3,19,29,0,51,34,0,34,85
10/28/2011,CLL,TX,ASW,CE,Federal Contract Tower,5,24,40,18,87,0,0,44,3,47,5,24,84,21,134,26,12,38,172
10/29/2011,CLL,TX,ASW,CE,Federal Contract Tower,4,22,51,0,77,0,0,103,12,115,4,22,154,12,192,8,0,8,200
10/30/2011,CLL,TX,ASW,CE,Federal Contract Tower,3,20,19,4,46,0,0,78,3,81,3,20,97,7,127,40,0,40,167
10/31/2011,CLL,TX,ASW,CE,Federal Contract Tower,3,13,11,5,32,0,0,43,5,48,3,13,54,10,80,0,0,0,80
11/01/2011,CLL,TX,ASW,CE,Federal Contract Tower,3,13,23,22,61,0,0,62,13,75,3,13,85,35,136,36,0,36,172
11/02/2011,CLL,TX,ASW,CE,Federal Contract Tower,3,21,22,28,74,0,0,29,0,29,3,21,51,28,103,2,0,2,105
11/03/2011,CLL,TX,ASW,CE,Federal Contract Tower,4,22,15,19,60,0,0,56,0,56,4,22,71,19,116,0,0,0,116
11/04/2011,CLL,TX,ASW,CE,Federal Contract Tower,5,24,12,44,85,0,0,81,11,92,5,24,93,55,177,28,6,34,211
11/05/2011,CLL,TX,ASW,CE,Federal Contract Tower,5,4,27,18,54,0,0,103,0,103,5,4,130,18,157,24,28,52,209
11/06/2011,CLL,TX,ASW,CE,Federal Contract Tower,3,18,19,23,63,0,0,40,7,47,3,18,59,30,110,8,22,30,140
11/07/2011,CLL,TX,ASW,CE,Federal Contract Tower,2,25,17,38,82,0,0,23,3,26,2,25,40,41,108,0,28,28,136
11/08/2011,CLL,TX,ASW,CE,Federal Contract Tower,3,17,10,8,38,0,0,17,4,21,3,17,27,12,59,18,0,18,77
11/09/2011,CLL,TX,ASW,CE,Federal Contract Tower,3,18,29,28,78,0,0,53,19,72,3,18,82,47,150,8,18,26,176
11/10/2011,CLL,TX,ASW,CE,Federal Contract Tower,3,18,20,20,61,0,0,78,2,80,3,18,98,22,141,22,4,26,167
11/11/2011,CLL,TX,ASW,CE,Federal Contract Tower,5,29,18,5,57,0,0,71,6,77,5,29,89,11,134,74,0,74,208
11/12/2011,CLL,TX,ASW,CE,Federal Contract Tower,3,10,14,19,46,0,0,69,5,74,3,10,83,24,120,24,52,76,196
11/13/2011,CLL,TX,ASW,CE,Federal Contract Tower,3,14,27,12,56,0,0,50,1,51,3,14,77,13,107,24,0,24,131
11/14/2011,CLL,TX,ASW,CE,Federal Contract Tower,3,21,19,12,55,0,0,36,3,39,3,21,55,15,94,48,0,48,142
11/15/2011,CLL,TX,ASW,CE,Federal Contract Tower,4,19,12,10,45,0,0,1,0,1,4,19,13,10,46,0,0,0,46
11/16/2011,CLL,TX,ASW,CE,Federal Contract Tower,3,15,32,15,65,0,0,20,0,20,3,15,52,15,85,24,0,24,109
11/17/2011,CLL,TX,ASW,CE,Federal Contract Tower,5,22,6,28,61,0,0,76,15,91,5,22,82,43,152,64,22,86,238
11/18/2011,CLL,TX,ASW,CE,Federal Contract Tower,5,20,21,49,95,0,0,59,25,84,5,20,80,74,179,32,14,46,225
11/19/2011,CLL,TX,ASW,CE,Federal Contract Tower,4,11,51,5,71,0,0,52,3,55,4,11,103,8,126,0,0,0,126
11/20/2011,CLL,TX,ASW,CE,Federal Contract Tower,4,16,23,9,52,0,0,38,1,39,4,16,61,10,91,72,0,72,163
11/21/2011,CLL,TX,ASW,CE,Federal Contract Tower,3,16,19,92,130,0,0,21,2,23,3,16,40,94,153,0,4,4,157
11/22/2011,CLL,TX,ASW,CE,Federal Contract Tower,4,16,18,22,60,0,0,13,1,14,4,16,31,23,74,4,0,4,78
11/23/2011,CLL,TX,ASW,CE,Federal Contract Tower,5,19,32,19,75,0,0,96,2,98,5,19,128,21,173,108,2,110,283
11/24/2011,CLL,TX,ASW,CE,Federal Contract Tower,3,24,83,0,110,0,0,97,4,101,3,24,180,4,211,8,0,8,219
11/25/2011,CLL,TX,ASW,CE,Federal Contract Tower,5,10,31,1,47,0,0,44,0,44,5,10,75,1,91,30,0,30,121
11/26/2011,CLL,TX,ASW,CE,Federal Contract Tower,14,9,12,1,36,0,0,7,0,7,14,9,19,1,43,12,0,12,55
11/27/2011,CLL,TX,ASW,CE,Federal Contract Tower,7,13,29,1,50,0,0,54,0,54,7,13,83,1,104,16,0,16,120
11/28/2011,CLL,TX,ASW,CE,Federal Contract Tower,5,15,15,32,67,0,0,57,7,64,5,15,72,39,131,2,12,14,145
11/29/2011,CLL,TX,ASW,CE,Federal Contract Tower,3,15,22,23,63,0,0,58,2,60,3,15,80,25,123,34,0,34,157
11/30/2011,CLL,TX,ASW,CE,Federal Contract Tower,5,9,11,44,69,0,0,64,4,68,5,9,75,48,137,34,20,54,191
12/01/2011,CLL,TX,ASW,CE,Federal Contract Tower,0,23,30,48,101,0,0,43,6,49,0,23,73,54,150,54,8,62,212
12/02/2011,CLL,TX,ASW,CE,Federal Contract Tower,5,13,22,78,118,0,0,26,0,26,5,13,48,78,144,64,4,68,212
12/03/2011,CLL,TX,ASW,CE,Federal Contract Tower,4,7,10,31,52,0,0,26,3,29,4,7,36,34,81,66,16,82,163
12/04/2011,CLL,TX,ASW,CE,Federal Contract Tower,5,11,10,1,27,0,0,0,0,0,5,11,10,1,27,0,0,0,27
12/05/2011,CLL,TX,ASW,CE,Federal Contract Tower,2,14,6,20,42,0,0,1,0,1,2,14,7,20,43,0,0,0,43
12/06/2011,CLL,TX,ASW,CE,Federal Contract Tower,4,13,16,47,80,0,0,11,0,11,4,13,27,47,91,0,30,30,121
12/07/2011,CLL,TX,ASW,CE,Federal Contract Tower,2,11,14,18,45,0,0,60,4,64,2,11,74,22,109,82,12,94,203
12/08/2011,CLL,TX,ASW,CE,Federal Contract Tower,5,16,20,12,53,0,0,76,5,81,5,16,96,17,134,54,0,54,188
12/09/2011,CLL,TX,ASW,CE,Federal Contract Tower,6,16,18,47,87,0,0,30,10,40,6,16,48,57,127,18,42,60,187
12/10/2011,CLL,TX,ASW,CE,Federal Contract Tower,5,7,13,0,25,0,0,55,0,55,5,7,68,0,80,62,0,62,142
12/11/2011,CLL,TX,ASW,CE,Federal Contract Tower,4,11,19,2,36,0,0,40,0,40,4,11,59,2,76,54,0,54,130
12/12/2011,CLL,TX,ASW,CE,Federal Contract Tower,3,16,8,24,51,0,0,36,0,36,3,16,44,24,87,30,52,82,169
12/13/2011,CLL,TX,ASW,CE,Federal Contract Tower,6,10,25,9,50,0,0,0,0,0,6,10,25,9,50,0,0,0,50
12/14/2011,CLL,TX,ASW,CE,Federal Contract Tower,4,11,36,22,73,0,0,10,0,10,4,11,46,22,83,14,28,42,125
12/15/2011,CLL,TX,ASW,CE,Federal Contract Tower,6,12,34,6,58,0,0,11,0,11,6,12,45,6,69,14,0,14,83
12/16/2011,CLL,TX,ASW,CE,Federal Contract Tower,5,13,37,4,59,0,0,5,0,5,5,13,42,4,64,0,0,0,64
12/17/2011,CLL,TX,ASW,CE,Federal Contract Tower,3,7,20,0,30,0,0,71,0,71,3,7,91,0,101,38,0,38,139
12/18/2011,CLL,TX,ASW,CE,Federal Contract Tower,6,14,19,21,60,0,0,38,7,45,6,14,57,28,105,40,38,78,183
12/19/2011,CLL,TX,ASW,CE,Federal Contract Tower,5,16,19,21,61,0,0,11,0,11,5,16,30,21,72,0,38,38,110
12/20/2011,CLL,TX,ASW,CE,Federal Contract Tower,7,14,29,29,79,0,0,80,6,86,7,14,109,35,165,14,24,38,203
12/21/2011,CLL,TX,ASW,CE,Federal Contract Tower,5,17,16,23,61,0,0,39,3,42,5,17,55,26,103,46,10,56,159
12/22/2011,CLL,TX,ASW,CE,Federal Contract Tower,4,19,14,2,39,0,0,34,0,34,4,19,48,2,73,36,0,36,109
12/23/2011,CLL,TX,ASW,CE,Federal Contract Tower,7,13,10,0,30,0,0,16,0,16,7,13,26,0,46,20,0,20,66
12/24/2011,CLL,TX,ASW,CE,Federal Contract Tower,3,7,5,0,15,0,0,0,0,0,3,7,5,0,15,0,0,0,15
12/25/2011,CLL,TX,ASW,CE,Federal Contract Tower,5,4,4,0,13,0,0,0,0,0,5,4,4,0,13,0,0,0,13
12/26/2011,CLL,TX,ASW,CE,Federal Contract Tower,2,11,9,0,22,0,0,3,0,3,2,11,12,0,25,22,0,22,47
12/27/2011,CLL,TX,ASW,CE,Federal Contract Tower,5,16,16,7,44,0,0,52,3,55,5,16,68,10,99,30,4,34,133
12/28/2011,CLL,TX,ASW,CE,Federal Contract Tower,4,16,6,6,32,0,0,57,0,57,4,16,63,6,89,10,0,10,99
12/29/2011,CLL,TX,ASW,CE,Federal Contract Tower,5,22,20,7,54,0,0,65,2,67,5,22,85,9,121,18,12,30,151
12/30/2011,CLL,TX,ASW,CE,Federal Contract Tower,4,13,6,0,23,0,0,62,0,62,4,13,68,0,85,20,0,20,105
12/31/2011,CLL,TX,ASW,CE,Federal Contract Tower,3,4,14,0,21,0,0,30,0,30,3,4,44,0,51,0,0,0,51
01/01/2012,CLL,TX,ASW,CE,Federal Contract Tower,5,9,4,0,18,0,0,14,0,14,5,9,18,0,32,0,0,0,32
01/02/2012,CLL,TX,ASW,CE,Federal Contract Tower,4,14,9,0,27,0,0,50,0,50,4,14,59,0,77,36,0,36,113
01/03/2012,CLL,TX,ASW,CE,Federal Contract Tower,5,14,8,6,33,0,0,54,0,54,5,14,62,6,87,26,0,26,113
01/04/2012,CLL,TX,ASW,CE,Federal Contract Tower,6,9,13,8,36,0,0,68,8,76,6,9,81,16,112,28,22,50,162
01/05/2012,CLL,TX,ASW,CE,Federal Contract Tower,5,15,13,9,42,0,0,72,8,80,5,15,85,17,122,48,0,48,170
01/06/2012,CLL,TX,ASW,CE,Federal Contract Tower,0,16,26,73,115,0,0,45,14,59,0,16,71,87,174,38,8,46,220
01/07/2012,CLL,TX,ASW,CE,Federal Contract Tower,5,6,19,13,43,0,0,50,0,50,5,6,69,13,93,42,22,64,157
01/08/2012,CLL,TX,ASW,CE,Federal Contract Tower,0,20,33,27,80,0,0,8,0,8,0,20,41,27,88,18,0,18,106
01/09/2012,CLL,TX,ASW,CE,Federal Contract Tower,5,12,10,0,27,0,0,0,0,0,5,12,10,0,27,0,0,0,27
01/10/2012,CLL,TX,ASW,CE,Federal Contract Tower,4,13,25,6,48,0,0,24,0,24,4,13,49,6,72,72,0,72,144
01/11/2012,CLL,TX,ASW,CE,Federal Contract Tower,5,13,8,13,39,0,0,61,5,66,5,13,69,18,105,74,18,92,197
01/12/2012,CLL,TX,ASW,CE,Federal Contract Tower,5,16,3,20,44,0,0,54,4,58,5,16,57,24,102,26,24,50,152
01/13/2012,CLL,TX,ASW,CE,Federal Contract Tower,4,21,17,24,66,0,0,71,6,77,4,21,88,30,143,138,12,150,293
01/14/2012,CLL,TX,ASW,CE,Federal Contract Tower,3,8,8,3,22,0,0,128,4,132,3,8,136,7,154,94,12,106,260
01/15/2012,CLL,TX,ASW,CE,Federal Contract Tower,4,12,6,0,22,0,0,54,0,54,4,12,60,0,76,36,0,36,112
01/16/2012,CLL,TX,ASW,CE,Federal Contract Tower,3,16,17,33,69,0,0,16,3,19,3,16,33,36,88,14,0,14,102
01/17/2012,CLL,TX,ASW,CE,Federal Contract Tower,5,14,9,37,65,0,0,23,2,25,5,14,32,39,90,8,4,12,102
01/18/2012,CLL,TX,ASW,CE,Federal Contract Tower,5,12,11,43,71,0,0,66,2,68,5,12,77,45,139,84,0,84,223
01/19/2012,CLL,TX,ASW,CE,Federal Contract Tower,5,13,22,19,59,0,0,34,3,37,5,13,56,22,96,48,4,52,148
01/20/2012,CLL,TX,ASW,CE,Federal Contract Tower,5,19,22,27,73,0,0,17,0,17,5,19,39,27,90,0,6,6,96
01/21/2012,CLL,TX,ASW,CE,Federal Contract Tower,4,8,25,36,73,0,0,30,7,37,4,8,55,43,110,86,12,98,208
01/22/2012,CLL,TX,ASW,CE,Federal Contract Tower,5,11,15,45,76,0,0,15,4,19,5,11,30,49,95,14,2,16,111
01/23/2012,CLL,TX,ASW,CE,Federal Contract Tower,5,16,13,20,54,0,0,78,8,86,5,16,91,28,140,44,0,44,184
01/24/2012,CLL,TX,ASW,CE,Federal Contract Tower,4,10,15,1,30,10,0,0,0,10,14,10,15,1,40,14,0,14,54
01/25/2012,CLL,TX,ASW,CE,Federal Contract Tower,6,8,3,8,25,0,0,1,0,1,6,8,4,8,26,0,0,0,26
01/26/2012,CLL,TX,ASW,CE,Federal Contract Tower,5,17,10,13,45,0,0,50,9,59,5,17,60,22,104,77,0,77,181
01/27/2012,CLL,TX,ASW,CE,Federal Contract Tower,5,16,14,27,62,0,0,69,19,88,5,16,83,46,150,58,4,62,212
01/28/2012,CLL,TX,ASW,CE,Federal Contract Tower,3,9,10,18,40,0,0,77,9,86,3,9,87,27,126,64,16,80,206
01/29/2012,CLL,TX,ASW,CE,Federal Contract Tower,7,16,4,8,35,0,0,79,7,86,7,16,83,15,121,88,0,88,209
01/30/2012,CLL,TX,ASW,CE,Federal Contract Tower,2,20,31,12,65,0,0,46,0,46,2,20,77,12,111,48,6,54,165
01/31/2012,CLL,TX,ASW,CE,Federal Contract Tower,2,16,24,31,73,0,0,15,0,15,2,16,39,31,88,0,0,0,88
02/01/2012,CLL,TX,ASW,CE,Federal Contract Tower,0,17,25,2,44,0,0,12,0,12,0,17,37,2,56,38,0,38,94
02/02/2012,CLL,TX,ASW,CE,Federal Contract Tower,0,18,41,18,77,0,0,0,1,1,0,18,41,19,78,0,0,0,78
02/03/2012,CLL,TX,ASW,CE,Federal Contract Tower,0,19,19,8,46,0,0,6,0,6,0,19,25,8,52,22,0,22,74
02/04/2012,CLL,TX,ASW,CE,Federal Contract Tower,1,14,16,7,38,0,0,49,2,51,1,14,65,9,89,70,2,72,161
02/05/2012,CLL,TX,ASW,CE,Federal Contract Tower,0,18,20,4,42,0,0,20,1,21,0,18,40,5,63,6,0,6,69
02/06/2012,CLL,TX,ASW,CE,Federal Contract Tower,0,18,17,16,51,0,0,68,8,76,0,18,85,24,127,56,0,56,183
02/07/2012,CLL,TX,ASW,CE,Federal Contract Tower,0,19,26,44,89,0,0,54,10,64,0,19,80,54,153,68,16,84,237
02/08/2012,CLL,TX,ASW,CE,Federal Contract Tower,0,19,40,39,98,0,0,43,0,43,0,19,83,39,141,74,20,94,235
02/09/2012,CLL,TX,ASW,CE,Federal Contract Tower,0,25,7,31,63,0,0,49,9,58,0,25,56,40,121,42,28,70,191
02/10/2012,CLL,TX,ASW,CE,Federal Contract Tower,0,28,16,65,109,0,0,25,29,54,0,28,41,94,163,0,20,20,183
02/11/2012,CLL,TX,ASW,CE,Federal Contract Tower,0,12,11,12,35,0,0,99,18,117,0,12,110,30,152,24,6,30,182
02/12/2012,CLL,TX,ASW,CE,Federal Contract Tower,0,15,24,36,75,0,0,53,6,59,0,15,77,42,134,8,8,16,150
02/13/2012,CLL,TX,ASW,CE,Federal Contract Tower,0,20,7,22,49,0,0,1,0,1,0,20,8,22,50,0,0,0,50
02/14/2012,CLL,TX,ASW,CE,Federal Contract Tower,0,17,20,2,39,0,0,32,0,32,0,17,52,2,71,22,0,22,93
02/15/2012,CLL,TX,ASW,CE,Federal Contract Tower,0,22,14,3,39,0,0,14,0,14,0,22,28,3,53,18,0,18,71
02/16/2012,CLL,TX,ASW,CE,Federal Contract Tower,0,20,14,7,41,0,0,63,4,67,0,20,77,11,108,52,8,60,168
02/17/2012,CLL,TX,ASW,CE,Federal Contract Tower,0,20,36,17,73,0,0,4,0,4,0,20,40,17,77,8,0,8,85
02/18/2012,CLL,TX,ASW,CE,Federal Contract Tower,0,12,15,2,29,0,0,3,0,3,0,12,18,2,32,0,0,0,32
02/19/2012,CLL,TX,ASW,CE,Federal Contract Tower,0,19,20,1,40,0,0,97,2,99,0,19,117,3,139,72,0,72,211
02/20/2012,CLL,TX,ASW,CE,Federal Contract Tower,0,17,20,7,44,0,0,41,2,43,0,17,61,9,87,16,22,38,125
02/21/2012,CLL,TX,ASW,CE,Federal Contract Tower,1,21,10,33,65,0,0,45,4,49,1,21,55,37,114,58,28,86,200
02/22/2012,CLL,TX,ASW,CE,Federal Contract Tower,0,23,23,18,64,0,0,43,2,45,0,23,66,20,109,20,20,40,149
02/23/2012,CLL,TX,ASW,CE,Federal Contract Tower,0,21,19,35,75,0,0,54,3,57,0,21,73,38,132,18,12,30,162
02/24/2012,CLL,TX,ASW,CE,Federal Contract Tower,0,20,19,4,43,0,0,25,3,28,0,20,44,7,71,28,0,28,99
02/25/2012,CLL,TX,ASW,CE,Federal Contract Tower,0,12,17,27,56,0,0,93,6,99,0,12,110,33,155,86,0,86,241
02/26/2012,CLL,TX,ASW,CE,Federal Contract Tower,0,20,19,12,51,0,0,49,0,49,0,20,68,12,100,90,0,90,190
02/27/2012,CLL,TX,ASW,CE,Federal Contract Tower,1,21,16,15,53,0,0,34,0,34,1,21,50,15,87,48,12,60,147
02/28/2012,CLL,TX,ASW,CE,Federal Contract Tower,0,16,21,36,73,0,0,7,0,7,0,16,28,36,80,8,8,16,96
02/29/2012,CLL,TX,ASW,CE,Federal Contract Tower,2,19,19,20,60,0,0,41,0,41,2,19,60,20,101,132,0,132,233
03/01/2012,CLL,TX,ASW,CE,Federal Contract Tower,0,19,36,16,71,0,0,32,1,33,0,19,68,17,104,8,0,8,112
03/02/2012,CLL,TX,ASW,CE,Federal Contract Tower,0,23,15,52,90,0,0,38,6,44,0,23,53,58,134,26,46,72,206
03/03/2012,CLL,TX,ASW,CE,Federal Contract Tower,0,12,10,6,28,0,0,67,2,69,0,12,77,8,97,18,0,18,115
03/04/2012,CLL,TX,ASW,CE,Federal Contract Tower,0,19,18,3,40,0,0,86,4,90,0,19,104,7,130,52,0,52,182
03/05/2012,CLL,TX,ASW,CE,Federal Contract Tower,0,19,15,32,66,0,0,51,1,52,0,19,66,33,118,34,0,34,152
03/06/2012,CLL,TX,ASW,CE,Federal Contract Tower,0,17,34,13,64,0,0,31,1,32,0,17,65,14,96,40,12,52,148
03/07/2012,CLL,TX,ASW,CE,Federal Contract Tower,0,22,30,25,77,0,0,34,0,34,0,22,64,25,111,0,12,12,123
03/08/2012,CLL,TX,ASW,CE,Federal Contract Tower,0,18,23,20,61,0,0,12,0,12,0,18,35,20,73,0,0,0,73
03/09/2012,CLL,TX,ASW,CE,Federal Contract Tower,0,24,13,0,37,0,0,0,0,0,0,24,13,0,37,0,0,0,37
03/10/2012,CLL,TX,ASW,CE,Federal Contract Tower,0,11,13,0,24,0,0,0,0,0,0,11,13,0,24,4,0,4,28
03/11/2012,CLL,TX,ASW,CE,Federal Contract Tower,0,18,18,14,50,0,0,2,2,4,0,18,20,16,54,0,0,0,54
03/12/2012,CLL,TX,ASW,CE,Federal Contract Tower,0,18,21,36,75,0,0,20,2,22,0,18,41,38,97,14,0,14,111
03/13/2012,CLL,TX,ASW,CE,Federal Contract Tower,0,15,23,15,53,0,0,21,1,22,0,15,44,16,75,12,28,40,115
03/14/2012,CLL,TX,ASW,CE,Federal Contract Tower,0,19,41,20,80,0,0,44,0,44,0,19,85,20,124,50,0,50,174
03/15/2012,CLL,TX,ASW,CE,Federal Contract Tower,5,22,36,5,68,0,0,27,0,27,5,22,63,5,95,44,0,44,139
03/16/2012,CLL,TX,ASW,CE,Federal Contract Tower,1,17,21,27,66,0,0,30,2,32,1,17,51,29,98,58,8,66,164
03/17/2012,CLL,TX,ASW,CE,Federal Contract Tower,0,11,29,20,60,0,0,41,9,50,0,11,70,29,110,42,10,52,162
03/18/2012,CLL,TX,ASW,CE,Federal Contract Tower,4,24,30,6,64,0,0,26,2,28,4,24,56,8,92,14,0,14,106
03/19/2012,CLL,TX,ASW,CE,Federal Contract Tower,0,16,11,12,39,0,0,9,4,13,0,16,20,16,52,0,12,12,64
03/20/2012,CLL,TX,ASW,CE,Federal Contract Tower,0,12,17,13,42,0,0,25,0,25,0,12,42,13,67,58,0,58,125
03/21/2012,CLL,TX,ASW,CE,Federal Contract Tower,0,14,24,22,60,0,0,59,10,69,0,14,83,32,129,44,12,56,185
03/22/2012,CLL,TX,ASW,CE,Federal Contract Tower,0,19,16,59,94,0,0,39,20,59,0,19,55,79,153,28,20,48,201
03/23/2012,CLL,TX,ASW,CE,Federal Contract Tower,2,22,30,20,74,0,0,80,8,88,2,22,110,28,162,44,18,62,224
03/24/2012,CLL,TX,ASW,CE,Federal Contract Tower,0,8,11,10,29,0,0,100,8,108,0,8,111,18,137,44,4,48,185
03/25/2012,CLL,TX,ASW,CE,Federal Contract Tower,1,13,9,0,23,0,0,86,0,86,1,13,95,0,109,96,0,96,205
03/26/2012,CLL,TX,ASW,CE,Federal Contract Tower,0,17,14,25,56,0,0,56,0,56,0,17,70,25,112,54,48,102,214
03/27/2012,CLL,TX,ASW,CE,Federal Contract Tower,0,18,23,8,49,0,0,55,3,58,0,18,78,11,107,48,26,74,181
03/28/2012,CLL,TX,ASW,CE,Federal Contract Tower,0,15,21,18,54,0,0,47,0,47,0,15,68,18,101,60,0,60,161
03/29/2012,CLL,TX,ASW,CE,Federal Contract Tower,0,16,29,4,49,0,0,22,2,24,0,16,51,6,73,10,0,10,83
03/30/2012,CLL,TX,ASW,CE,Federal Contract Tower,0,17,34,41,92,0,0,46,5,51,0,17,80,46,143,58,2,60,203
03/31/2012,CLL,TX,ASW,CE,Federal Contract Tower,0,8,24,6,38,0,0,77,1,78,0,8,101,7,116,56,2,58,174
04/01/2012,CLL,TX,ASW,CE,Federal Contract Tower,0,18,22,4,44,0,0,52,2,54,0,18,74,6,98,10,0,10,108
04/02/2012,CLL,TX,ASW,CE,Federal Contract Tower,0,21,15,16,52,0,0,41,5,46,0,21,56,21,98,20,0,20,118
04/03/2012,CLL,TX,ASW,CE,Federal Contract Tower,0,10,21,9,40,0,0,23,8,31,0,10,44,17,71,20,28,48,119
04/04/2012,CLL,TX,ASW,CE,Federal Contract Tower,0,15,31,39,85,0,0,33,1,34,0,15,64,40,119,36,6,42,161
04/05/2012,CLL,TX,ASW,CE,Federal Contract Tower,0,27,38,8,73,0,0,74,1,75,0,27,112,9,148,62,0,62,210
04/06/2012,CLL,TX,ASW,CE,Federal Contract Tower,0,14,25,29,68,0,0,82,9,91,0,14,107,38,159,20,10,30,189
04/07/2012,CLL,TX,ASW,CE,Federal Contract Tower,0,15,17,1,33,0,0,75,0,75,0,15,92,1,108,22,0,22,130
04/08/2012,CLL,TX,ASW,CE,Federal Contract Tower,0,22,20,21,63,0,0,50,0,50,0,22,70,21,113,44,0,44,157
04/09/2012,CLL,TX,ASW,CE,Federal Contract Tower,0,22,19,49,90,0,0,56,2,58,0,22,75,51,148,32,38,70,218
04/10/2012,CLL,TX,ASW,CE,Federal Contract Tower,0,12,31,18,61,0,0,64,6,70,0,12,95,24,131,46,4,50,181
04/11/2012,CLL,TX,ASW,CE,Federal Contract Tower,0,15,22,34,71,0,0,52,3,55,0,15,74,37,126,30,11,41,167
04/12/2012,CLL,TX,ASW,CE,Federal Contract Tower,0,23,24,33,80,0,0,43,2,45,0,23,67,35,125,32,12,44,169
04/13/2012,CLL,TX,ASW,CE,Federal Contract Tower,0,21,35,22,78,0,0,58,0,58,0,21,93,22,136,18,0,18,154
04/14/2012,CLL,TX,ASW,CE,Federal Contract Tower,0,14,18,21,53,0,0,38,8,46,0,14,56,29,99,50,8,58,157
04/15/2012,CLL,TX,ASW,CE,Federal Contract Tower,2,17,13,0,32,0,0,12,0,12,2,17,25,0,44,0,0,0,44
04/16/2012,CLL,TX,ASW,CE,Federal Contract Tower,0,21,6,14,41,0,0,27,0,27,0,21,33,14,68,90,0,90,158
04/17/2012,CLL,TX,ASW,CE,Federal Contract Tower,0,13,9,22,44,0,0,79,3,82,0,13,88,25,126,24,4,28,154
04/18/2012,CLL,TX,ASW,CE,Federal Contract Tower,0,14,17,27,58,0,0,61,2,63,0,14,78,29,121,67,8,75,196
04/19/2012,CLL,TX,ASW,CE,Federal Contract Tower,0,19,30,11,60,0,0,65,7,72,0,19,95,18,132,60,12,72,204
04/20/2012,CLL,TX,ASW,CE,Federal Contract Tower,0,19,34,23,76,0,0,35,2,37,0,19,69,25,113,10,0,10,123
04/21/2012,CLL,TX,ASW,CE,Federal Contract Tower,0,15,19,8,42,0,0,61,0,61,0,15,80,8,103,16,0,16,119
04/22/2012,CLL,TX,ASW,CE,Federal Contract Tower,0,20,25,0,45,0,0,75,3,78,0,20,100,3,123,88,0,88,211
04/23/2012,CLL,TX,ASW,CE,Federal Contract Tower,0,20,8,37,65,0,0,70,5,75,0,20,78,42,140,50,10,60,200
04/24/2012,CLL,TX,ASW,CE,Federal Contract Tower,0,18,10,5,33,0,0,104,1,105,0,18,114,6,138,66,2,68,206
04/25/2012,CLL,TX,ASW,CE,Federal Contract Tower,0,16,13,19,48,0,0,44,0,44,0,16,57,19,92,50,0,50,142
04/26/2012,CLL,TX,ASW,CE,Federal Contract Tower,0,16,9,8,33,0,0,51,4,55,0,16,60,12,88,6,46,52,140
04/27/2012,CLL,TX,ASW,CE,Federal Contract Tower,0,19,25,43,87,0,0,37,4,41,0,19,62,47,128,12,12,24,152
04/28/2012,CLL,TX,ASW,CE,Federal Contract Tower,0,10,21,9,40,0,0,54,0,54,0,10,75,9,94,18,2,20,114
04/29/2012,CLL,TX,ASW,CE,Federal Contract Tower,0,16,8,25,49,0,0,29,0,29,0,16,37,25,78,6,16,22,100
04/30/2012,CLL,TX,ASW,CE,Federal Contract Tower,0,23,10,12,45,0,0,24,0,24,0,23,34,12,69,32,0,32,101
05/01/2012,CLL,TX,ASW,CE,Federal Contract Tower,0,12,31,18,61,0,0,49,2,51,0,12,80,20,112,40,26,66,178
05/02/2012,CLL,TX,ASW,CE,Federal Contract Tower,0,17,32,16,65,0,0,47,1,48,0,17,79,17,113,48,0,48,161
05/03/2012,CLL,TX,ASW,CE,Federal Contract Tower,0,14,10,12,36,0,0,58,2,60,0,14,68,14,96,48,0,48,144
05/04/2012,CLL,TX,ASW,CE,Federal Contract Tower,0,11,20,25,56,0,0,45,7,52,0,11,65,32,108,26,0,26,134
05/05/2012,CLL,TX,ASW,CE,Federal Contract Tower,0,13,9,5,27,0,0,69,0,69,0,13,78,5,96,26,0,26,122
05/06/2012,CLL,TX,ASW,CE,Federal Contract Tower,0,14,11,20,45,0,0,40,0,40,0,14,51,20,85,28,0,28,113
05/07/2012,CLL,TX,ASW,CE,Federal Contract Tower,0,15,5,48,68,0,0,27,2,29,0,15,32,50,97,0,22,22,119
05/08/2012,CLL,TX,ASW,CE,Federal Contract Tower,0,13,9,0,22,0,0,12,0,12,0,13,21,0,34,14,0,14,48
05/09/2012,CLL,TX,ASW,CE,Federal Contract Tower,0,18,21,11,50,0,0,58,3,61,0,18,79,14,111,40,0,40,151
05/10/2012,CLL,TX,ASW,CE,Federal Contract Tower,0,17,14,7,38,0,0,29,2,31,0,17,43,9,69,16,18,34,103
05/11/2012,CLL,TX,ASW,CE,Federal Contract Tower,0,14,21,36,71,0,0,32,20,52,0,14,53,56,123,52,36,88,211
05/12/2012,CLL,TX,ASW,CE,Federal Contract Tower,0,22,41,3,66,0,0,32,8,40,0,22,73,11,106,22,0,22,128
05/13/2012,CLL,TX,ASW,CE,Federal Contract Tower,0,11,8,14,33,0,0,66,2,68,0,11,74,16,101,12,0,12,113
05/14/2012,CLL,TX,ASW,CE,Federal Contract Tower,0,9,7,34,50,0,0,66,5,71,0,9,73,39,121,86,10,96,217
05/15/2012,CLL,TX,ASW,CE,Federal Contract Tower,0,15,27,6,48,0,0,3,1,4,0,15,30,7,52,0,0,0,52
05/16/2012,CLL,TX,ASW,CE,Federal Contract Tower,0,8,15,43,66,0,0,50,3,53,0,8,65,46,119,16,18,34,153
05/17/2012,CLL,TX,ASW,CE,Federal Contract Tower,0,17,14,19,50,0,0,58,2,60,0,17,72,21,110,52,10,62,172
05/18/2012,CLL,TX,ASW,CE,Federal Contract Tower,0,11,19,52,82,0,0,46,4,50,0,11,65,56,132,16,10,26,158
05/19/2012,CLL,TX,ASW,CE,Federal Contract Tower,0,9,21,24,54,0,0,51,5,56,0,9,72,29,110,36,0,36,146
05/20/2012,CLL,TX,ASW,CE,Federal Contract Tower,0,11,13,13,37,0,0,47,4,51,0,11,60,17,88,26,4,30,118
05/21/2012,CLL,TX,ASW,CE,Federal Contract Tower,0,14,19,47,80,0,0,42,9,51,0,14,61,56,131,10,12,22,153
05/22/2012,CLL,TX,ASW,CE,Federal Contract Tower,0,14,23,25,62,0,0,42,2,44,0,14,65,27,106,14,0,14,120
05/23/2012,CLL,TX,ASW,CE,Federal Contract Tower,0,18,11,17,46,0,0,30,3,33,0,18,41,20,79,2,10,12,91
05/24/2012,CLL,TX,ASW,CE,Federal Contract Tower,0,13,12,14,39,0,0,38,6,44,0,13,50,20,83,30,0,30,113
05/25/2012,CLL,TX,ASW,CE,Federal Contract Tower,0,14,21,12,47,0,0,32,2,34,0,14,53,14,81,2,6,8,89
05/26/2012,CLL,TX,ASW,CE,Federal Contract Tower,0,11,13,4,28,0,0,41,0,41,0,11,54,4,69,8,4,12,81
05/27/2012,CLL,TX,ASW,CE,Federal Contract Tower,0,12,10,5,27,0,0,33,1,34,0,12,43,6,61,0,0,0,61
05/28/2012,CLL,TX,ASW,CE,Federal Contract Tower,0,13,21,10,44,0,0,68,0,68,0,13,89,10,112,20,0,20,132
05/29/2012,CLL,TX,ASW,CE,Federal Contract Tower,0,14,21,12,47,0,0,47,2,49,0,14,68,14,96,24,16,40,136
05/30/2012,CLL,TX,ASW,CE,Federal Contract Tower,0,11,18,14,43,0,0,62,0,62,0,11,80,14,105,54,0,54,159
05/31/2012,CLL,TX,ASW,CE,Federal Contract Tower,0,13,17,10,40,0,0,40,0,40,0,13,57,10,80,18,2,20,100
06/01/2012,CLL,TX,ASW,CE,Federal Contract Tower,0,13,16,22,51,0,0,46,21,67,0,13,62,43,118,40,6,46,164
06/02/2012,CLL,TX,ASW,CE,Federal Contract Tower,0,13,12,29,54,0,0,76,3,79,0,13,88,32,133,14,8,22,155
06/03/2012,CLL,TX,ASW,CE,Federal Contract Tower,0,13,26,19,58,0,0,45,6,51,0,13,71,25,109,10,36,46,155
06/04/2012,CLL,TX,ASW,CE,Federal Contract Tower,0,15,17,43,75,0,0,57,3,60,0,15,74,46,135,48,0,48,183
06/05/2012,CLL,TX,ASW,CE,Federal Contract Tower,0,18,21,29,68,0,0,53,4,57,0,18,74,33,125,16,18,34,159
06/06/2012,CLL,TX,ASW,CE,Federal Contract Tower,0,15,5,18,38,0,0,58,2,60,0,15,63,20,98,50,4,54,152
06/07/2012,CLL,TX,ASW,CE,Federal Contract Tower,0,15,19,12,46,0,0,35,0,35,0,15,54,12,81,58,0,58,139
06/08/2012,CLL,TX,ASW,CE,Federal Contract Tower,0,22,14,24,60,0,0,21,1,22,0,22,35,25,82,22,4,26,108
06/09/2012,CLL,TX,ASW,CE,Federal Contract Tower,0,9,3,4,16,0,0,69,4,73,0,9,72,8,89,48,8,56,145
06/10/2012,CLL,TX,ASW,CE,Federal Contract Tower,0,17,21,41,79,0,0,52,0,52,0,17,73,41,131,16,4,20,151
06/11/2012,CLL,TX,ASW,CE,Federal Contract Tower,0,17,13,15,45,0,0,28,0,28,0,17,41,15,73,6,0,6,79
06/12/2012,CLL,TX,ASW,CE,Federal Contract Tower,0,12,14,18,44,0,0,27,0,27,0,12,41,18,71,18,0,18,89
06/13/2012,CLL,TX,ASW,CE,Federal Contract Tower,0,12,28,29,69,0,0,34,0,34,0,12,62,29,103,28,24,52,155
06/14/2012,CLL,TX,ASW,CE,Federal Contract Tower,0,14,22,21,57,0,0,36,4,40,0,14,58,25,97,0,0,0,97
06/15/2012,CLL,TX,ASW,CE,Federal Contract Tower,0,17,21,37,75,0,0,37,4,41,0,17,58,41,116,10,4,14,130
06/16/2012,CLL,TX,ASW,CE,Federal Contract Tower,0,11,9,17,37,0,0,42,4,46,0,11,51,21,83,0,0,0,83
06/17/2012,CLL,TX,ASW,CE,Federal Contract Tower,0,14,11,15,40,0,0,38,0,38,0,14,49,15,78,32,8,40,118
06/18/2012,CLL,TX,ASW,CE,Federal Contract Tower,0,12,18,44,74,0,0,38,2,40,0,12,56,46,114,40,32,72,186
06/19/2012,CLL,TX,ASW,CE,Federal Contract Tower,2,20,14,6,42,0,0,24,0,24,2,20,38,6,66,4,0,4,70
06/20/2012,CLL,TX,ASW,CE,Federal Contract Tower,0,20,6,7,33,0,0,37,0,37,0,20,43,7,70,28,0,28,98
06/21/2012,CLL,TX,ASW,CE,Federal Contract Tower,0,20,17,17,54,0,1,41,4,46,0,21,58,21,100,58,46,104,204
06/22/2012,CLL,TX,ASW,CE,Federal Contract Tower,0,14,12,21,47,0,0,51,8,59,0,14,63,29,106,26,26,52,158
06/23/2012,CLL,TX,ASW,CE,Federal Contract Tower,0,9,3,0,12,0,0,47,0,47,0,9,50,0,59,34,0,34,93
06/24/2012,CLL,TX,ASW,CE,Federal Contract Tower,0,19,4,4,27,0,0,66,0,66,0,19,70,4,93,48,0,48,141
06/25/2012,CLL,TX,ASW,CE,Federal Contract Tower,0,11,4,8,23,0,0,23,2,25,0,11,27,10,48,4,0,4,52
06/26/2012,CLL,TX,ASW,CE,Federal Contract Tower,0,16,15,2,33,0,0,34,0,34,0,16,49,2,67,26,0,26,93
06/27/2012,CLL,TX,ASW,CE,Federal Contract Tower,0,9,22,22,53,0,0,45,1,46,0,9,67,23,99,42,16,58,157
06/28/2012,CLL,TX,ASW,CE,Federal Contract Tower,0,14,25,17,56,0,2,42,10,54,0,16,67,27,110,62,4,66,176
06/29/2012,CLL,TX,ASW,CE,Federal Contract Tower,0,16,20,20,56,0,0,56,12,68,0,16,76,32,124,68,34,102,226
06/30/2012,CLL,TX,ASW,CE,Federal Contract Tower,0,10,19,9,38,0,0,37,2,39,0,10,56,11,77,60,2,62,139
07/01/2012,CLL,TX,ASW,CE,Federal Contract Tower,0,13,7,0,20,0,0,33,0,33,0,13,40,0,53,34,0,34,87
07/02/2012,CLL,TX,ASW,CE,Federal Contract Tower,0,16,21,32,69,0,0,41,6,47,0,16,62,38,116,26,8,34,150
07/03/2012,CLL,TX,ASW,CE,Federal Contract Tower,0,13,24,15,52,0,0,53,0,53,0,13,77,15,105,24,24,48,153
07/04/2012,CLL,TX,ASW,CE,Federal Contract Tower,0,8,3,0,11,0,0,35,3,38,0,8,38,3,49,6,0,6,55
07/05/2012,CLL,TX,ASW,CE,Federal Contract Tower,0,13,12,8,33,0,0,50,8,58,0,13,62,16,91,2,2,4,95
07/06/2012,CLL,TX,ASW,CE,Federal Contract Tower,0,10,7,18,35,0,0,65,0,65,0,10,72,18,100,26,2,28,128
07/07/2012,CLL,TX,ASW,CE,Federal Contract Tower,0,8,13,0,21,0,0,41,10,51,0,8,54,10,72,18,0,18,90
07/08/2012,CLL,TX,ASW,CE,Federal Contract Tower,0,15,19,8,42,0,0,19,3,22,0,15,38,11,64,4,0,4,68
07/09/2012,CLL,TX,ASW,CE,Federal Contract Tower,2,21,8,32,63,0,0,18,1,19,2,21,26,33,82,18,2,20,102
07/10/2012,CLL,TX,ASW,CE,Federal Contract Tower,0,13,7,22,42,0,0,6,1,7,0,13,13,23,49,0,0,0,49
07/11/2012,CLL,TX,ASW,CE,Federal Contract Tower,0,12,18,1,31,0,0,8,1,9,0,12,26,2,40,26,0,26,66
07/12/2012,CLL,TX,ASW,CE,Federal Contract Tower,0,20,12,11,43,0,0,19,3,22,0,20,31,14,65,14,0,14,79
07/13/2012,CLL,TX,ASW,CE,Federal Contract Tower,2,10,11,10,33,0,0,28,2,30,2,10,39,12,63,2,6,8,71
07/14/2012,CLL,TX,ASW,CE,Federal Contract Tower,0,10,6,32,48,0,0,35,1,36,0,10,41,33,84,14,14,28,112
07/15/2012,CLL,TX,ASW,CE,Federal Contract Tower,0,14,6,43,63,0,0,19,1,20,0,14,25,44,83,12,0,12,95
07/16/2012,CLL,TX,ASW,CE,Federal Contract Tower,0,11,12,26,49,0,0,29,2,31,0,11,41,28,80,24,4,28,108
07/17/2012,CLL,TX,ASW,CE,Federal Contract Tower,0,16,15,14,45,0,0,24,0,24,0,16,39,14,69,38,0,38,107
07/18/2012,CLL,TX,ASW,CE,Federal Contract Tower,0,13,20,30,63,0,0,45,5,50,0,13,65,35,113,54,18,72,185
07/19/2012,CLL,TX,ASW,CE,Federal Contract Tower,0,14,24,12,50,0,0,49,8,57,0,14,73,20,107,78,0,78,185
07/20/2012,CLL,TX,ASW,CE,Federal Contract Tower,0,15,13,28,56,0,0,41,7,48,0,15,54,35,104,24,13,37,141
07/21/2012,CLL,TX,ASW,CE,Federal Contract Tower,0,7,6,32,45,0,0,56,4,60,0,7,62,36,105,22,10,32,137
07/22/2012,CLL,TX,ASW,CE,Federal Contract Tower,0,14,9,10,33,0,0,32,2,34,0,14,41,12,67,20,0,20,87
07/23/2012,CLL,TX,ASW,CE,Federal Contract Tower,0,12,13,9,34,0,0,35,0,35,0,12,48,9,69,30,2,32,101
07/24/2012,CLL,TX,ASW,CE,Federal Contract Tower,0,14,28,0,42,0,0,53,0,53,0,14,81,0,95,38,0,38,133
07/25/2012,CLL,TX,ASW,CE,Federal Contract Tower,0,17,14,52,83,0,0,46,5,51,0,17,60,57,134,44,20,64,198
07/26/2012,CLL,TX,ASW,CE,Federal Contract Tower,0,14,18,20,52,0,0,39,0,39,0,14,57,20,91,18,18,36,127
07/27/2012,CLL,TX,ASW,CE,Federal Contract Tower,0,13,10,58,81,0,0,28,20,48,0,13,38,78,129,12,18,30,159
07/28/2012,CLL,TX,ASW,CE,Federal Contract Tower,2,9,2,32,45,0,0,55,2,57,2,9,57,34,102,40,0,40,142
07/29/2012,CLL,TX,ASW,CE,Federal Contract Tower,0,12,6,29,47,0,0,57,7,64,0,12,63,36,111,16,10,26,137
07/30/2012,CLL,TX,ASW,CE,Federal Contract Tower,0,12,11,30,53,0,0,43,5,48,0,12,54,35,101,20,0,20,121
07/31/2012,CLL,TX,ASW,CE,Federal Contract Tower,0,14,21,24,59,0,0,52,3,55,0,14,73,27,114,36,10,46,160
08/01/2012,CLL,TX,ASW,CE,Federal Contract Tower,0,15,25,15,55,0,0,70,3,73,0,15,95,18,128,28,18,46,174
08/02/2012,CLL,TX,ASW,CE,Federal Contract Tower,0,13,15,20,48,0,0,49,0,49,0,13,64,20,97,18,8,26,123
08/03/2012,CLL,TX,ASW,CE,Federal Contract Tower,0,14,11,34,59,0,0,42,5,47,0,14,53,39,106,28,10,38,144
08/04/2012,CLL,TX,ASW,CE,Federal Contract Tower,0,12,12,48,72,0,0,74,7,81,0,12,86,55,153,70,4,74,227
08/05/2012,CLL,TX,ASW,CE,Federal Contract Tower,0,13,13,8,34,0,0,44,4,48,0,13,57,12,82,34,0,34,116
08/06/2012,CLL,TX,ASW,CE,Federal Contract Tower,0,12,9,35,56,0,0,35,9,44,0,12,44,44,100,24,48,72,172
08/07/2012,CLL,TX,ASW,CE,Federal Contract Tower,0,16,14,34,64,0,0,47,6,53,0,16,61,40,117,66,6,72,189
08/08/2012,CLL,TX,ASW,CE,Federal Contract Tower,0,11,8,17,36,0,0,47,10,57,0,11,55,27,93,38,30,68,161
08/09/2012,CLL,TX,ASW,CE,Federal Contract Tower,0,17,25,32,74,0,0,33,4,37,0,17,58,36,111,36,20,56,167
08/10/2012,CLL,TX,ASW,CE,Federal Contract Tower,0,12,17,36,65,0,0,46,3,49,0,12,63,39,114,50,8,58,172
08/11/2012,CLL,TX,ASW,CE,Federal Contract Tower,0,7,12,5,24,0,0,61,2,63,0,7,73,7,87,26,0,26,113
08/12/2012,CLL,TX,ASW,CE,Federal Contract Tower,0,10,11,10,31,0,0,48,0,48,0,10,59,10,79,64,0,64,143
08/13/2012,CLL,TX,ASW,CE,Federal Contract Tower,0,16,13,27,56,0,0,42,5,47,0,16,55,32,103,2,2,4,107
08/14/2012,CLL,TX,ASW,CE,Federal Contract Tower,0,14,30,26,70,0,0,44,3,47,0,14,74,29,117,6,12,18,135
08/15/2012,CLL,TX,ASW,CE,Federal Contract Tower,0,11,14,10,35,0,0,30,6,36,0,11,44,16,71,38,4,42,113
08/16/2012,CLL,TX,ASW,CE,Federal Contract Tower,0,13,25,46,84,0,0,50,6,56,0,13,75,52,140,15,8,23,163
08/17/2012,CLL,TX,ASW,CE,Federal Contract Tower,2,18,17,25,62,0,0,37,5,42,2,18,54,30,104,62,14,76,180
08/18/2012,CLL,TX,ASW,CE,Federal Contract Tower,0,24,19,3,46,0,0,20,2,22,0,24,39,5,68,4,6,10,78
08/19/2012,CLL,TX,ASW,CE,Federal Contract Tower,0,19,27,1,47,0,0,21,0,21,0,19,48,1,68,34,0,34,102
08/20/2012,CLL,TX,ASW,CE,Federal Contract Tower,0,15,12,26,53,0,0,37,4,41,0,15,49,30,94,21,8,29,123
08/21/2012,CLL,TX,ASW,CE,Federal Contract Tower,0,17,21,27,65,0,0,35,10,45,0,17,56,37,110,12,10,22,132
08/22/2012,CLL,TX,ASW,CE,Federal Contract Tower,0,17,9,32,58,0,0,27,5,32,0,17,36,37,90,2,16,18,108
08/23/2012,CLL,TX,ASW,CE,Federal Contract Tower,0,17,24,44,85,0,0,37,7,44,0,17,61,51,129,12,26,38,167
08/24/2012,CLL,TX,ASW,CE,Federal Contract Tower,0,14,10,113,137,0,0,34,11,45,0,14,44,124,182,34,36,70,252
08/25/2012,CLL,TX,ASW,CE,Federal Contract Tower,0,10,14,17,41,0,0,72,7,79,0,10,86,24,120,36,0,36,156
08/26/2012,CLL,TX,ASW,CE,Federal Contract Tower,0,15,21,16,52,0,0,56,3,59,0,15,77,19,111,8,0,8,119
08/27/2012,CLL,TX,ASW,CE,Federal Contract Tower,0,15,9,31,55,0,0,23,1,24,0,15,32,32,79,40,0,40,119
08/28/2012,CLL,TX,ASW,CE,Federal Contract Tower,0,17,21,26,64,0,0,48,3,51,0,17,69,29,115,6,6,12,127
08/29/2012,CLL,TX,ASW,CE,Federal Contract Tower,0,13,18,32,63,0,0,25,11,36,0,13,43,43,99,30,48,78,177
08/30/2012,CLL,TX,ASW,CE,Federal Contract Tower,0,14,10,33,57,0,0,32,0,32,0,14,42,33,89,14,10,24,113
08/31/2012,CLL,TX,ASW,CE,Federal Contract Tower,0,16,18,16,50,0,0,38,3,41,0,16,56,19,91,50,6,56,147
09/01/2012,CLL,TX,ASW,CE,Federal Contract Tower,0,19,12,0,31,0,0,38,1,39,0,19,50,1,70,2,0,2,72
09/02/2012,CLL,TX,ASW,CE,Federal Contract Tower,0,12,13,2,27,0,0,55,0,55,0,12,68,2,82,36,0,36,118
09/03/2012,CLL,TX,ASW,CE,Federal Contract Tower,0,13,15,3,31,0,0,41,1,42,0,13,56,4,73,12,0,12,85
09/04/2012,CLL,TX,ASW,CE,Federal Contract Tower,0,20,18,27,65,0,0,36,4,40,0,20,54,31,105,54,28,82,187
09/05/2012,CLL,TX,ASW,CE,Federal Contract Tower,0,16,19,13,48,0,0,65,3,68,0,16,84,16,116,52,0,52,168
09/06/2012,CLL,TX,ASW,CE,Federal Contract Tower,0,14,28,21,63,0,0,59,9,68,0,14,87,30,131,21,4,25,156
09/07/2012,CLL,TX,ASW,CE,Federal Contract Tower,2,14,27,31,74,0,0,63,14,77,2,14,90,45,151,26,24,50,201
09/08/2012,CLL,TX,ASW,CE,Federal Contract Tower,4,18,101,20,143,0,0,94,0,94,4,18,195,20,237,0,0,0,237
09/09/2012,CLL,TX,ASW,CE,Federal Contract Tower,0,18,20,22,60,0,0,73,7,80,0,18,93,29,140,16,8,24,164
09/10/2012,CLL,TX,ASW,CE,Federal Contract Tower,0,27,10,44,81,0,0,45,5,50,0,27,55,49,131,14,6,20,151
09/11/2012,CLL,TX,ASW,CE,Federal Contract Tower,0,15,10,19,44,0,0,46,5,51,0,15,56,24,95,26,14,40,135
09/12/2012,CLL,TX,ASW,CE,Federal Contract Tower,0,22,19,23,64,0,0,54,11,65,0,22,73,34,129,52,18,70,199
09/13/2012,CLL,TX,ASW,CE,Federal Contract Tower,0,10,18,28,56,0,0,13,2,15,0,10,31,30,71,14,20,34,105
09/14/2012,CLL,TX,ASW,CE,Federal Contract Tower,0,25,38,0,63,0,0,10,3,13,0,25,48,3,76,12,0,12,88
09/15/2012,CLL,TX,ASW,CE,Federal Contract Tower,0,11,23,49,83,0,0,46,11,57,0,11,69,60,140,8,154,162,302
09/16/2012,CLL,TX,ASW,CE,Federal Contract Tower,0,17,22,2,41,0,0,12,0,12,0,17,34,2,53,14,0,14,67
09/17/2012,CLL,TX,ASW,CE,Federal Contract Tower,0,13,25,33,71,0,0,33,1,34,0,13,58,34,105,28,0,28,133
09/18/2012,CLL,TX,ASW,CE,Federal Contract Tower,0,14,17,30,61,0,0,60,14,74,0,14,77,44,135,8,26,34,169
09/19/2012,CLL,TX,ASW,CE,Federal Contract Tower,0,0,23,12,35,0,0,54,7,61,0,0,77,19,96,68,18,86,182
09/20/2012,CLL,TX,ASW,CE,Federal Contract Tower,0,24,20,18,62,0,0,68,4,72,0,24,88,22,134,28,0,28,162
09/21/2012,CLL,TX,ASW,CE,Federal Contract Tower,0,15,26,60,101,0,0,96,11,107,0,15,122,71,208,18,16,34,242
09/22/2012,CLL,TX,ASW,CE,Federal Contract Tower,1,19,36,4,60,0,0,100,2,102,1,19,136,6,162,4,0,4,166
09/23/2012,CLL,TX,ASW,CE,Federal Contract Tower,0,21,19,16,56,0,0,91,2,93,0,21,110,18,149,72,0,72,221
09/24/2012,CLL,TX,ASW,CE,Federal Contract Tower,0,15,10,14,39,0,0,47,5,52,0,15,57,19,91,10,2,12,103
09/25/2012,CLL,TX,ASW,CE,Federal Contract Tower,0,19,21,34,74,0,0,65,9,74,0,19,86,43,148,60,8,68,216
09/26/2012,CLL,TX,ASW,CE,Federal Contract Tower,0,15,21,20,56,0,0,56,6,62,0,15,77,26,118,20,2,22,140
09/27/2012,CLL,TX,ASW,CE,Federal Contract Tower,0,30,30,38,98,0,2,50,1,53,0,32,80,39,151,94,22,116,267
09/28/2012,CLL,TX,ASW,CE,Federal Contract Tower,2,14,34,32,82,0,0,46,13,59,2,14,80,45,141,32,16,48,189
09/29/2012,CLL,TX,ASW,CE,Federal Contract Tower,2,14,41,10,67,0,0,2,6,8,2,14,43,16,75,4,0,4,79
09/30/2012,CLL,TX,ASW,CE,Federal Contract Tower,0,26,25,4,55,0,0,6,0,6,0,26,31,4,61,0,0,0,61
10/01/2012,CLL,TX,ASW,CE,Federal Contract Tower,0,13,7,16,36,0,0,54,8,62,0,13,61,24,98,10,12,22,120
10/02/2012,CLL,TX,ASW,CE,Federal Contract Tower,0,20,17,41,78,0,0,52,16,68,0,20,69,57,146,36,52,88,234
10/03/2012,CLL,TX,ASW,CE,Federal Contract Tower,0,15,14,29,58,0,0,51,9,60,0,15,65,38,118,85,36,121,239
10/04/2012,CLL,TX,ASW,CE,Federal Contract Tower,1,21,28,37,87,0,0,53,1,54,1,21,81,38,141,24,28,52,193
10/05/2012,CLL,TX,ASW,CE,Federal Contract Tower,3,19,21,25,68,0,0,47,6,53,3,19,68,31,121,13,0,13,134
10/06/2012,CLL,TX,ASW,CE,Federal Contract Tower,0,11,5,10,26,0,0,36,0,36,0,11,41,10,62,26,0,26,88
10/07/2012,CLL,TX,ASW,CE,Federal Contract Tower,1,14,24,14,53,0,0,33,2,35,1,14,57,16,88,24,8,32,120
10/08/2012,CLL,TX,ASW,CE,Federal Contract Tower,0,15,14,0,29,0,0,40,0,40,0,15,54,0,69,10,0,10,79
10/09/2012,CLL,TX,ASW,CE,Federal Contract Tower,0,20,21,25,66,0,0,38,3,41,0,20,59,28,107,18,0,18,125
10/10/2012,CLL,TX,ASW,CE,Federal Contract Tower,0,19,17,42,78,0,0,39,3,42,0,19,56,45,120,0,28,28,148
10/11/2012,CLL,TX,ASW,CE,Federal Contract Tower,0,18,23,15,56,0,0,27,3,30,0,18,50,18,86,0,4,4,90
10/12/2012,CLL,TX,ASW,CE,Federal Contract Tower,3,13,37,32,85,0,0,46,6,52,3,13,83,38,137,26,0,26,163
10/13/2012,CLL,TX,ASW,CE,Federal Contract Tower,1,10,13,11,35,0,0,28,0,28,1,10,41,11,63,40,0,40,103
10/14/2012,CLL,TX,ASW,CE,Federal Contract Tower,1,21,25,11,58,0,0,40,2,42,1,21,65,13,100,34,0,34,134
10/15/2012,CLL,TX,ASW,CE,Federal Contract Tower,0,14,11,11,36,0,0,41,1,42,0,14,52,12,78,26,0,26,104
10/16/2012,CLL,TX,ASW,CE,Federal Contract Tower,0,12,20,14,46,0,0,14,6,20,0,12,34,20,66,2,0,2,68
10/17/2012,CLL,TX,ASW,CE,Federal Contract Tower,0,20,27,31,78,0,0,29,1,30,0,20,56,32,108,16,8,24,132
10/18/2012,CLL,TX,ASW,CE,Federal Contract Tower,0,17,13,23,53,0,0,50,3,53,0,17,63,26,106,32,42,74,180
10/19/2012,CLL,TX,ASW,CE,Federal Contract Tower,0,18,24,4,46,0,0,65,6,71,0,18,89,10,117,10,0,10,127
10/20/2012,CLL,TX,ASW,CE,Federal Contract Tower,2,23,137,2,164,0,0,126,0,126,2,23,263,2,290,0,0,0,290
10/21/2012,CLL,TX,ASW,CE,Federal Contract Tower,0,19,32,35,86,0,0,57,5,62,0,19,89,40,148,6,2,8,156
10/22/2012,CLL,TX,ASW,CE,Federal Contract Tower,0,14,12,10,36,0,0,37,1,38,0,14,49,11,74,10,0,10,84
10/23/2012,CLL,TX,ASW,CE,Federal Contract Tower,0,17,21,11,49,0,0,33,7,40,0,17,54,18,89,18,40,58,147
10/24/2012,CLL,TX,ASW,CE,Federal Contract Tower,0,16,19,39,74,0,0,32,8,40,0,16,51,47,114,16,14,30,144
10/25/2012,CLL,TX,ASW,CE,Federal Contract Tower,0,20,25,10,55,0,0,38,6,44,0,20,63,16,99,16,24,40,139
10/26/2012,CLL,TX,ASW,CE,Federal Contract Tower,2,25,29,27,83,0,0,16,0,16,2,25,45,27,99,8,0,8,107
10/27/2012,CLL,TX,ASW,CE,Federal Contract Tower,0,11,9,18,38,0,0,46,6,52,0,11,55,24,90,38,30,68,158
10/28/2012,CLL,TX,ASW,CE,Federal Contract Tower,0,25,9,17,51,0,0,61,0,61,0,25,70,17,112,40,0,40,152
10/29/2012,CLL,TX,ASW,CE,Federal Contract Tower,0,15,8,9,32,0,0,42,6,48,0,15,50,15,80,30,6,36,116
10/30/2012,CLL,TX,ASW,CE,Federal Contract Tower,0,23,13,25,61,0,1,39,0,40,0,24,52,25,101,24,0,24,125
10/31/2012,CLL,TX,ASW,CE,Federal Contract Tower,0,12,18,46,76,0,0,43,3,46,0,12,61,49,122,22,30,52,174
11/01/2012,CLL,TX,ASW,CE,Federal Contract Tower,0,17,21,28,66,0,0,65,5,70,0,17,86,33,136,42,8,50,186
11/02/2012,CLL,TX,ASW,CE,Federal Contract Tower,3,21,25,38,87,0,0,40,9,49,3,21,65,47,136,2,14,16,152
11/03/2012,CLL,TX,ASW,CE,Federal Contract Tower,2,12,12,0,26,0,0,30,0,30,2,12,42,0,56,8,0,8,64
11/04/2012,CLL,TX,ASW,CE,Federal Contract Tower,0,16,9,16,41,0,0,43,2,45,0,16,52,18,86,30,2,32,118
11/05/2012,CLL,TX,ASW,CE,Federal Contract Tower,0,16,7,18,41,0,0,35,0,35,0,16,42,18,76,26,0,26,102
11/06/2012,CLL,TX,ASW,CE,Federal Contract Tower,0,11,11,22,44,0,0,52,4,56,0,11,63,26,100,44,4,48,148
11/07/2012,CLL,TX,ASW,CE,Federal Contract Tower,0,14,15,8,37,0,0,71,9,80,0,14,86,17,117,92,10,102,219
11/08/2012,CLL,TX,ASW,CE,Federal Contract Tower,0,17,33,30,80,0,0,48,9,57,0,17,81,39,137,30,0,30,167
11/09/2012,CLL,TX,ASW,CE,Federal Contract Tower,8,20,33,25,86,0,0,50,8,58,8,20,83,33,144,2,10,12,156
11/10/2012,CLL,TX,ASW,CE,Federal Contract Tower,0,11,24,7,42,0,0,36,5,41,0,11,60,12,83,12,0,12,95
11/11/2012,CLL,TX,ASW,CE,Federal Contract Tower,6,21,28,0,55,0,0,20,0,20,6,21,48,0,75,22,0,22,97
11/12/2012,CLL,TX,ASW,CE,Federal Contract Tower,0,13,20,0,33,0,0,51,0,51,0,13,71,0,84,36,0,36,120
11/13/2012,CLL,TX,ASW,CE,Federal Contract Tower,0,10,13,17,40,0,0,52,6,58,0,10,65,23,98,22,10,32,130
11/14/2012,CLL,TX,ASW,CE,Federal Contract Tower,0,11,18,12,41,0,0,68,2,70,0,11,86,14,111,40,0,40,151
11/15/2012,CLL,TX,ASW,CE,Federal Contract Tower,1,16,16,23,56,0,0,53,4,57,1,16,69,27,113,62,10,72,185
11/16/2012,CLL,TX,ASW,CE,Federal Contract Tower,0,21,30,34,85,0,0,98,14,112,0,21,128,48,197,36,26,62,259
11/17/2012,CLL,TX,ASW,CE,Federal Contract Tower,1,20,38,7,66,0,0,108,12,120,1,20,146,19,186,8,18,26,212
11/18/2012,CLL,TX,ASW,CE,Federal Contract Tower,0,27,28,4,59,0,0,56,9,65,0,27,84,13,124,62,10,72,196
11/19/2012,CLL,TX,ASW,CE,Federal Contract Tower,0,11,16,20,47,0,0,31,7,38,0,11,47,27,85,14,6,20,105
11/20/2012,CLL,TX,ASW,CE,Federal Contract Tower,0,15,31,4,50,0,0,82,0,82,0,15,113,4,132,36,0,36,168
11/21/2012,CLL,TX,ASW,CE,Federal Contract Tower,0,16,25,2,43,0,0,87,0,87,0,16,112,2,130,12,0,12,142
11/22/2012,CLL,TX,ASW,CE,Federal Contract Tower,0,6,1,0,7,0,0,24,0,24,0,6,25,0,31,0,0,0,31
11/23/2012,CLL,TX,ASW,CE,Federal Contract Tower,2,17,13,1,33,0,0,26,0,26,2,17,39,1,59,12,0,12,71
11/24/2012,CLL,TX,ASW,CE,Federal Contract Tower,3,18,63,0,84,0,0,133,0,133,3,18,196,0,217,4,0,4,221
11/25/2012,CLL,TX,ASW,CE,Federal Contract Tower,2,15,36,0,53,0,0,76,2,78,2,15,112,2,131,12,0,12,143
11/26/2012,CLL,TX,ASW,CE,Federal Contract Tower,0,13,10,18,41,0,0,23,1,24,0,13,33,19,65,4,26,30,95
11/27/2012,CLL,TX,ASW,CE,Federal Contract Tower,0,13,28,34,75,0,0,34,7,41,0,13,62,41,116,32,0,32,148
11/28/2012,CLL,TX,ASW,CE,Federal Contract Tower,0,12,21,42,75,0,0,77,3,80,0,12,98,45,155,40,10,50,205
11/29/2012,CLL,TX,ASW,CE,Federal Contract Tower,0,17,14,28,59,0,0,36,3,39,0,17,50,31,98,60,0,60,158
11/30/2012,CLL,TX,ASW,CE,Federal Contract Tower,1,18,42,22,83,0,0,43,4,47,1,18,85,26,130,18,12,30,160
12/01/2012,CLL,TX,ASW,CE,Federal Contract Tower,0,10,12,28,50,0,0,39,2,41,0,10,51,30,91,32,2,34,125
12/02/2012,CLL,TX,ASW,CE,Federal Contract Tower,0,16,10,22,48,0,0,55,2,57,0,16,65,24,105,20,0,20,125
12/03/2012,CLL,TX,ASW,CE,Federal Contract Tower,0,18,15,9,42,0,0,22,0,22,0,18,37,9,64,40,0,40,104
12/04/2012,CLL,TX,ASW,CE,Federal Contract Tower,0,17,20,5,42,0,0,25,0,25,0,17,45,5,67,14,0,14,81
12/05/2012,CLL,TX,ASW,CE,Federal Contract Tower,0,16,24,16,56,0,0,31,2,33,0,16,55,18,89,18,18,36,125
12/06/2012,CLL,TX,ASW,CE,Federal Contract Tower,3,18,49,8,78,0,0,30,3,33,3,18,79,11,111,40,0,40,151
12/07/2012,CLL,TX,ASW,CE,Federal Contract Tower,1,15,30,27,73,0,0,38,13,51,1,15,68,40,124,60,4,64,188
12/08/2012,CLL,TX,ASW,CE,Federal Contract Tower,0,14,28,6,48,0,0,37,0,37,0,14,65,6,85,36,0,36,121
12/09/2012,CLL,TX,ASW,CE,Federal Contract Tower,0,10,12,9,31,0,0,3,0,3,0,10,15,9,34,0,0,0,34
12/10/2012,CLL,TX,ASW,CE,Federal Contract Tower,0,17,13,43,73,0,0,21,7,28,0,17,34,50,101,8,2,10,111
12/11/2012,CLL,TX,ASW,CE,Federal Contract Tower,0,12,16,32,60,0,0,40,3,43,0,12,56,35,103,12,36,48,151
12/12/2012,CLL,TX,ASW,CE,Federal Contract Tower,0,10,15,28,53,0,0,76,4,80,0,10,91,32,133,4,4,8,141
12/13/2012,CLL,TX,ASW,CE,Federal Contract Tower,0,18,22,26,66,0,0,72,14,86,0,18,94,40,152,68,16,84,236
12/14/2012,CLL,TX,ASW,CE,Federal Contract Tower,4,18,35,54,111,0,0,13,4,17,4,18,48,58,128,0,40,40,168
12/15/2012,CLL,TX,ASW,CE,Federal Contract Tower,3,11,16,60,90,0,0,22,6,28,3,11,38,66,118,0,32,32,150
12/16/2012,CLL,TX,ASW,CE,Federal Contract Tower,0,16,9,3,28,0,0,28,3,31,0,16,37,6,59,10,18,28,87
12/17/2012,CLL,TX,ASW,CE,Federal Contract Tower,0,14,27,19,60,0,0,59,9,68,0,14,86,28,128,48,0,48,176
12/18/2012,CLL,TX,ASW,CE,Federal Contract Tower,0,12,15,39,66,0,0,46,5,51,0,12,61,44,117,26,8,34,151
12/19/2012,CLL,TX,ASW,CE,Federal Contract Tower,0,19,24,58,101,0,0,23,7,30,0,19,47,65,131,0,18,18,149
12/20/2012,CLL,TX,ASW,CE,Federal Contract Tower,0,26,4,14,44,0,0,37,1,38,0,26,41,15,82,4,14,18,100
12/21/2012,CLL,TX,ASW,CE,Federal Contract Tower,0,19,8,6,33,0,0,58,0,58,0,19,66,6,91,14,0,14,105
12/22/2012,CLL,TX,ASW,CE,Federal Contract Tower,0,10,7,0,17,0,0,68,0,68,0,10,75,0,85,10,0,10,95
12/23/2012,CLL,TX,ASW,CE,Federal Contract Tower,0,14,9,0,23,0,0,25,0,25,0,14,34,0,48,0,0,0,48
12/24/2012,CLL,TX,ASW,CE,Federal Contract Tower,0,10,2,0,12,0,0,27,0,27,0,10,29,0,39,12,0,12,51
12/25/2012,CLL,TX,ASW,CE,Federal Contract Tower,0,10,0,0,10,0,0,1,0,1,0,10,1,0,11,0,0,0,11
12/26/2012,CLL,TX,ASW,CE,Federal Contract Tower,0,17,7,0,24,0,0,38,0,38,0,17,45,0,62,0,0,0,62
12/27/2012,CLL,TX,ASW,CE,Federal Contract Tower,0,15,25,0,40,0,0,21,5,26,0,15,46,5,66,20,0,20,86
12/28/2012,CLL,TX,ASW,CE,Federal Contract Tower,0,17,13,2,32,0,0,10,0,10,0,17,23,2,42,0,0,0,42
12/29/2012,CLL,TX,ASW,CE,Federal Contract Tower,0,11,13,0,24,0,0,53,0,53,0,11,66,0,77,36,0,36,113
12/30/2012,CLL,TX,ASW,CE,Federal Contract Tower,0,12,8,0,20,0,0,28,0,28,0,12,36,0,48,30,0,30,78
12/31/2012,CLL,TX,ASW,CE,Federal Contract Tower,0,13,3,0,16,0,0,0,0,0,0,13,3,0,16,0,0,0,16
01/01/2013,CLL,TX,ASW,CE,Federal Contract Tower,0,15,11,0,26,0,0,8,0,8,0,15,19,0,34,18,0,18,52
01/02/2013,CLL,TX,ASW,CE,Federal Contract Tower,0,19,10,2,31,0,0,10,0,10,0,19,20,2,41,4,0,4,45
01/03/2013,CLL,TX,ASW,CE,Federal Contract Tower,0,14,13,14,41,0,0,38,3,41,0,14,51,17,82,24,26,50,132
01/04/2013,CLL,TX,ASW,CE,Federal Contract Tower,0,15,11,0,26,0,0,12,3,15,0,15,23,3,41,6,6,12,53
01/05/2013,CLL,TX,ASW,CE,Federal Contract Tower,0,12,18,34,64,0,0,8,0,8,0,12,26,34,72,0,0,0,72
01/06/2013,CLL,TX,ASW,CE,Federal Contract Tower,0,17,7,0,24,0,0,41,1,42,0,17,48,1,66,2,0,2,68
01/07/2013,CLL,TX,ASW,CE,Federal Contract Tower,0,14,19,6,39,0,0,50,4,54,0,14,69,10,93,0,0,0,93
01/08/2013,CLL,TX,ASW,CE,Federal Contract Tower,2,9,11,0,22,0,0,0,0,0,2,9,11,0,22,0,0,0,22
01/09/2013,CLL,TX,ASW,CE,Federal Contract Tower,0,12,7,0,19,0,0,1,0,1,0,12,8,0,20,0,0,0,20
01/10/2013,CLL,TX,ASW,CE,Federal Contract Tower,0,17,14,16,47,0,0,73,3,76,0,17,87,19,123,26,4,30,153
01/11/2013,CLL,TX,ASW,CE,Federal Contract Tower,2,14,35,27,78,0,0,29,4,33,2,14,64,31,111,62,20,82,193
01/12/2013,CLL,TX,ASW,CE,Federal Contract Tower,1,12,12,0,25,0,0,3,0,3,1,12,15,0,28,0,0,0,28
01/13/2013,CLL,TX,ASW,CE,Federal Contract Tower,0,13,10,33,56,0,0,30,2,32,0,13,40,35,88,18,8,26,114
01/14/2013,CLL,TX,ASW,CE,Federal Contract Tower,0,13,8,11,32,0,0,14,2,16,0,13,22,13,48,28,46,74,122
01/15/2013,CLL,TX,ASW,CE,Federal Contract Tower,0,11,15,6,32,0,0,0,0,0,0,11,15,6,32,0,0,0,32
01/16/2013,CLL,TX,ASW,CE,Federal Contract Tower,0,14,3,31,48,0,0,53,15,68,0,14,56,46,116,40,34,74,190
01/17/2013,CLL,TX,ASW,CE,Federal Contract Tower,0,15,25,9,49,0,0,71,5,76,0,15,96,14,125,56,6,62,187
01/18/2013,CLL,TX,ASW,CE,Federal Contract Tower,1,17,20,17,55,0,0,43,4,47,1,17,63,21,102,25,8,33,135
01/19/2013,CLL,TX,ASW,CE,Federal Contract Tower,0,10,3,9,22,0,0,81,0,81,0,10,84,9,103,22,0,22,125
01/20/2013,CLL,TX,ASW,CE,Federal Contract Tower,0,13,9,3,25,0,0,62,0,62,0,13,71,3,87,50,0,50,137
01/21/2013,CLL,TX,ASW,CE,Federal Contract Tower,0,18,18,0,36,0,0,37,0,37,0,18,55,0,73,16,0,16,89
01/22/2013,CLL,TX,ASW,CE,Federal Contract Tower,2,11,20,34,67,0,0,53,3,56,2,11,73,37,123,34,4,38,161
01/23/2013,CLL,TX,ASW,CE,Federal Contract Tower,0,12,12,42,66,0,0,56,1,57,0,12,68,43,123,16,2,18,141
01/24/2013,CLL,TX,ASW,CE,Federal Contract Tower,0,15,24,17,56,0,0,49,1,50,0,15,73,18,106,14,54,68,174
01/25/2013,CLL,TX,ASW,CE,Federal Contract Tower,2,19,26,31,78,0,0,44,10,54,2,19,70,41,132,22,10,32,164
01/26/2013,CLL,TX,ASW,CE,Federal Contract Tower,2,10,24,27,63,0,0,46,9,55,2,10,70,36,118,32,8,40,158
01/27/2013,CLL,TX,ASW,CE,Federal Contract Tower,0,19,17,17,53,0,0,37,2,39,0,19,54,19,92,14,8,22,114
01/28/2013,CLL,TX,ASW,CE,Federal Contract Tower,0,19,14,19,52,0,0,25,7,32,0,19,39,26,84,10,0,10,94
01/29/2013,CLL,TX,ASW,CE,Federal Contract Tower,2,8,9,5,24,0,0,6,0,6,2,8,15,5,30,12,0,12,42
01/30/2013,CLL,TX,ASW,CE,Federal Contract Tower,0,11,18,32,61,0,0,27,1,28,0,11,45,33,89,0,6,6,95
01/31/2013,CLL,TX,ASW,CE,Federal Contract Tower,0,14,22,27,63,0,0,49,8,57,0,14,71,35,120,28,10,38,158
02/01/2013,CLL,TX,ASW,CE,Federal Contract Tower,1,14,21,19,55,0,0,64,2,66,1,14,85,21,121,22,0,22,143
02/02/2013,CLL,TX,ASW,CE,Federal Contract Tower,0,12,20,7,39,0,0,57,0,57,0,12,77,7,96,76,0,76,172
02/03/2013,CLL,TX,ASW,CE,Federal Contract Tower,0,13,16,0,29,0,0,98,0,98,0,13,114,0,127,50,0,50,177
02/04/2013,CLL,TX,ASW,CE,Federal Contract Tower,0,13,24,7,44,0,0,32,1,33,0,13,56,8,77,10,6,16,93
02/05/2013,CLL,TX,ASW,CE,Federal Contract Tower,0,16,27,15,58,0,0,33,2,35,0,16,60,17,93,20,2,22,115
02/06/2013,CLL,TX,ASW,CE,Federal Contract Tower,0,15,24,0,39,0,0,12,0,12,0,15,36,0,51,16,0,16,67
02/07/2013,CLL,TX,ASW,CE,Federal Contract Tower,0,15,29,17,61,0,0,21,0,21,0,15,50,17,82,42,0,42,124
02/08/2013,CLL,TX,ASW,CE,Federal Contract Tower,2,17,26,37,82,0,0,50,12,62,2,17,76,49,144,28,26,54,198
02/09/2013,CLL,TX,ASW,CE,Federal Contract Tower,2,13,20,0,35,0,0,29,0,29,2,13,49,0,64,18,0,18,82
02/10/2013,CLL,TX,ASW,CE,Federal Contract Tower,0,19,17,1,37,0,0,28,0,28,0,19,45,1,65,2,0,2,67
02/11/2013,CLL,TX,ASW,CE,Federal Contract Tower,0,15,19,18,52,0,0,16,8,24,0,15,35,26,76,10,0,10,86
02/12/2013,CLL,TX,ASW,CE,Federal Contract Tower,0,14,25,0,39,0,0,25,7,32,0,14,50,7,71,16,0,16,87
02/13/2013,CLL,TX,ASW,CE,Federal Contract Tower,0,24,25,30,79,0,0,59,1,60,0,24,84,31,139,18,14,32,171
02/14/2013,CLL,TX,ASW,CE,Federal Contract Tower,0,15,25,15,55,0,0,70,4,74,0,15,95,19,129,38,0,38,167
02/15/2013,CLL,TX,ASW,CE,Federal Contract Tower,2,18,18,14,52,0,0,75,0,75,2,18,93,14,127,50,0,50,177
02/16/2013,CLL,TX,ASW,CE,Federal Contract Tower,0,11,17,23,51,0,0,86,7,93,0,11,103,30,144,36,6,42,186
02/17/2013,CLL,TX,ASW,CE,Federal Contract Tower,0,16,21,9,46,0,0,60,3,63,0,16,81,12,109,22,10,32,141
02/18/2013,CLL,TX,ASW,CE,Federal Contract Tower,0,19,9,3,31,0,0,25,1,26,0,19,34,4,57,0,8,8,65
02/19/2013,CLL,TX,ASW,CE,Federal Contract Tower,0,18,17,46,81,0,0,52,4,56,0,18,69,50,137,26,16,42,179
02/20/2013,CLL,TX,ASW,CE,Federal Contract Tower,0,15,13,16,44,0,0,34,2,36,0,15,47,18,80,14,14,28,108
02/21/2013,CLL,TX,ASW,CE,Federal Contract Tower,0,23,24,12,59,0,0,30,10,40,0,23,54,22,99,18,18,36,135
02/22/2013,CLL,TX,ASW,CE,Federal Contract Tower,0,23,30,40,93,0,0,76,2,78,0,23,106,42,171,36,42,78,249
02/23/2013,CLL,TX,ASW,CE,Federal Contract Tower,0,24,9,8,41,0,0,93,3,96,0,24,102,11,137,26,6,32,169
02/24/2013,CLL,TX,ASW,CE,Federal Contract Tower,0,17,11,30,58,0,0,71,0,71,0,17,82,30,129,46,40,86,215
02/25/2013,CLL,TX,ASW,CE,Federal Contract Tower,0,7,26,4,37,0,0,5,0,5,0,7,31,4,42,0,0,0,42
02/26/2013,CLL,TX,ASW,CE,Federal Contract Tower,0,18,16,6,40,0,0,44,6,50,0,18,60,12,90,28,2,30,120
02/27/2013,CLL,TX,ASW,CE,Federal Contract Tower,0,18,34,29,81,0,0,50,3,53,0,18,84,32,134,10,16,26,160
02/28/2013,CLL,TX,ASW,CE,Federal Contract Tower,0,16,33,0,49,0,0,59,1,60,0,16,92,1,109,20,0,20,129
03/01/2013,CLL,TX,ASW,CE,Federal Contract Tower,2,17,26,50,95,0,0,65,9,74,2,17,91,59,169,26,4,30,199
03/02/2013,CLL,TX,ASW,CE,Federal Contract Tower,0,12,9,26,47,0,0,45,1,46,0,12,54,27,93,6,0,6,99
03/03/2013,CLL,TX,ASW,CE,Federal Contract Tower,0,17,20,5,42,0,0,49,0,49,0,17,69,5,91,24,0,24,115
03/04/2013,CLL,TX,ASW,CE,Federal Contract Tower,0,15,8,28,51,0,0,16,0,16,0,15,24,28,67,6,14,20,87
03/05/2013,CLL,TX,ASW,CE,Federal Contract Tower,0,13,35,22,70,0,0,38,3,41,0,13,73,25,111,2,0,2,113
03/06/2013,CLL,TX,ASW,CE,Federal Contract Tower,0,23,14,15,52,0,0,88,14,102,0,23,102,29,154,14,24,38,192
03/07/2013,CLL,TX,ASW,CE,Federal Contract Tower,0,21,31,14,66,0,0,55,0,55,0,21,86,14,121,8,0,8,129
03/08/2013,CLL,TX,ASW,CE,Federal Contract Tower,2,21,31,64,118,0,0,48,2,50,2,21,79,66,168,28,20,48,216
03/09/2013,CLL,TX,ASW,CE,Federal Contract Tower,2,15,38,14,69,0,0,21,2,23,2,15,59,16,92,18,0,18,110
03/10/2013,CLL,TX,ASW,CE,Federal Contract Tower,0,22,16,0,38,0,0,24,0,24,0,22,40,0,62,14,0,14,76
03/11/2013,CLL,TX,ASW,CE,Federal Contract Tower,0,14,5,20,39,0,0,54,7,61,0,14,59,27,100,12,6,18,118
03/12/2013,CLL,TX,ASW,CE,Federal Contract Tower,2,14,13,37,66,0,0,79,5,84,2,14,92,42,150,32,4,36,186
03/13/2013,CLL,TX,ASW,CE,Federal Contract Tower,0,11,28,14,53,0,0,47,2,49,0,11,75,16,102,10,0,10,112
03/14/2013,CLL,TX,ASW,CE,Federal Contract Tower,0,17,24,7,48,0,0,62,6,68,0,17,86,13,116,44,0,44,160
03/15/2013,CLL,TX,ASW,CE,Federal Contract Tower,2,20,9,13,44,0,0,38,2,40,2,20,47,15,84,18,4,22,106
03/16/2013,CLL,TX,ASW,CE,Federal Contract Tower,0,15,5,13,33,0,0,38,6,44,0,15,43,19,77,20,10,30,107
03/17/2013,CLL,TX,ASW,CE,Federal Contract Tower,0,17,27,0,44,0,0,44,0,44,0,17,71,0,88,10,0,10,98
03/18/2013,CLL,TX,ASW,CE,Federal Contract Tower,0,16,17,15,48,0,0,64,4,68,0,16,81,19,116,28,26,54,170
03/19/2013,CLL,TX,ASW,CE,Federal Contract Tower,0,16,16,46,78,0,0,70,4,74,0,16,86,50,152,22,10,32,184
03/20/2013,CLL,TX,ASW,CE,Federal Contract Tower,0,16,23,29,68,0,0,43,4,47,0,16,66,33,115,12,36,48,163
03/21/2013,CLL,TX,ASW,CE,Federal Contract Tower,5,18,28,42,93,0,0,46,16,62,5,18,74,58,155,40,0,40,195
03/22/2013,CLL,TX,ASW,CE,Federal Contract Tower,1,19,23,31,74,0,0,57,0,57,1,19,80,31,131,28,36,64,195
03/23/2013,CLL,TX,ASW,CE,Federal Contract Tower,1,12,13,24,50,0,0,14,0,14,1,12,27,24,64,26,0,26,90
03/24/2013,CLL,TX,ASW,CE,Federal Contract Tower,1,17,12,9,39,0,4,21,0,25,1,21,33,9,64,4,0,4,68
03/25/2013,CLL,TX,ASW,CE,Federal Contract Tower,0,17,17,16,50,0,0,37,5,42,0,17,54,21,92,38,0,38,130
03/26/2013,CLL,TX,ASW,CE,Federal Contract Tower,0,19,24,11,54,0,16,66,0,82,0,35,90,11,136,16,2,18,154
03/27/2013,CLL,TX,ASW,CE,Federal Contract Tower,0,14,37,39,90,0,12,47,21,80,0,26,84,60,170,62,24,86,256
03/28/2013,CLL,TX,ASW,CE,Federal Contract Tower,30,37,28,0,95,0,12,51,0,63,30,49,79,0,158,52,0,52,210
03/29/2013,CLL,TX,ASW,CE,Federal Contract Tower,0,16,32,22,70,0,25,43,0,68,0,41,75,22,138,62,0,62,200
03/30/2013,CLL,TX,ASW,CE,Federal Contract Tower,0,14,8,4,26,0,10,37,0,47,0,24,45,4,73,32,0,32,105
03/31/2013,CLL,TX,ASW,CE,Federal Contract Tower,0,25,16,0,41,0,2,20,0,22,0,27,36,0,63,64,0,64,127
04/01/2013,CLL,TX,ASW,CE,Federal Contract Tower,0,14,35,3,52,0,0,35,7,42,0,14,70,10,94,6,8,14,108
04/02/2013,CLL,TX,ASW,CE,Federal Contract Tower,0,11,23,4,38,0,0,2,10,12,0,11,25,14,50,0,0,0,50
04/03/2013,CLL,TX,ASW,CE,Federal Contract Tower,0,13,11,0,24,0,0,3,0,3,0,13,14,0,27,0,0,0,27
04/04/2013,CLL,TX,ASW,CE,Federal Contract Tower,0,18,71,29,118,0,0,39,8,47,0,18,110,37,165,60,10,70,235
04/05/2013,CLL,TX,ASW,CE,Federal Contract Tower,1,22,34,29,86,0,0,15,85,100,1,22,49,114,186,78,10,88,274
04/06/2013,CLL,TX,ASW,CE,Federal Contract Tower,0,14,11,39,64,0,6,78,0,84,0,20,89,39,148,44,0,44,192
04/07/2013,CLL,TX,ASW,CE,Federal Contract Tower,0,22,16,47,85,0,0,32,14,46,0,22,48,61,131,40,14,54,185
04/08/2013,CLL,TX,ASW,CE,Federal Contract Tower,0,13,29,38,80,0,2,35,2,39,0,15,64,40,119,22,4,26,145
04/09/2013,CLL,TX,ASW,CE,Federal Contract Tower,0,12,21,34,67,0,11,17,5,33,0,23,38,39,100,4,2,6,106
04/10/2013,CLL,TX,ASW,CE,Federal Contract Tower,0,16,19,14,49,0,0,3,0,3,0,16,22,14,52,4,0,4,56
04/11/2013,CLL,TX,ASW,CE,Federal Contract Tower,1,17,26,41,85,0,7,49,0,56,1,24,75,41,141,36,14,50,191
04/12/2013,CLL,TX,ASW,CE,Federal Contract Tower,0,14,23,39,76,0,18,101,18,137,0,32,124,57,213,64,24,88,301
04/13/2013,CLL,TX,ASW,CE,Federal Contract Tower,0,14,30,43,87,0,6,101,9,116,0,20,131,52,203,62,30,92,295
04/14/2013,CLL,TX,ASW,CE,Federal Contract Tower,0,17,26,16,59,0,0,57,0,57,0,17,83,16,116,114,0,114,230
04/15/2013,CLL,TX,ASW,CE,Federal Contract Tower,0,20,20,34,74,0,6,30,3,39,0,26,50,37,113,8,0,8,121
04/16/2013,CLL,TX,ASW,CE,Federal Contract Tower,0,9,13,40,62,0,20,50,17,87,0,29,63,57,149,2,34,36,185
04/17/2013,CLL,TX,ASW,CE,Federal Contract Tower,0,17,35,31,83,0,4,19,2,25,0,21,54,33,108,18,20,38,146
04/18/2013,CLL,TX,ASW,CE,Federal Contract Tower,0,20,24,2,46,0,0,2,0,2,0,20,26,2,48,0,0,0,48
04/19/2013,CLL,TX,ASW,CE,Federal Contract Tower,0,19,27,44,90,0,14,55,0,69,0,33,82,44,159,22,8,30,189
04/20/2013,CLL,TX,ASW,CE,Federal Contract Tower,0,13,21,18,52,0,2,89,4,95,0,15,110,22,147,22,4,26,173
04/21/2013,CLL,TX,ASW,CE,Federal Contract Tower,0,18,24,7,49,0,4,68,5,77,0,22,92,12,126,36,0,36,162
04/22/2013,CLL,TX,ASW,CE,Federal Contract Tower,0,13,11,16,40,0,0,45,19,64,0,13,56,35,104,16,8,24,128
04/23/2013,CLL,TX,ASW,CE,Federal Contract Tower,0,15,43,19,77,0,0,43,0,43,0,15,86,19,120,8,4,12,132
04/24/2013,CLL,TX,ASW,CE,Federal Contract Tower,0,15,27,21,63,0,4,61,1,66,0,19,88,22,129,30,2,32,161
04/25/2013,CLL,TX,ASW,CE,Federal Contract Tower,0,23,16,26,65,0,0,43,20,63,0,23,59,46,128,28,20,48,176
04/26/2013,CLL,TX,ASW,CE,Federal Contract Tower,0,17,20,42,79,4,0,37,1,42,4,17,57,43,121,58,10,68,189
04/27/2013,CLL,TX,ASW,CE,Federal Contract Tower,0,14,32,0,46,0,10,23,0,33,0,24,55,0,79,78,0,78,157
04/28/2013,CLL,TX,ASW,CE,Federal Contract Tower,0,20,16,29,65,0,4,51,1,56,0,24,67,30,121,24,0,24,145
04/29/2013,CLL,TX,ASW,CE,Federal Contract Tower,0,16,31,23,70,0,8,28,3,39,0,24,59,26,109,4,42,46,155
04/30/2013,CLL,TX,ASW,CE,Federal Contract Tower,0,15,33,28,76,0,0,41,5,46,0,15,74,33,122,10,4,14,136
05/01/2013,CLL,TX,ASW,CE,Federal Contract Tower,0,16,16,16,48,0,2,40,2,44,0,18,56,18,92,48,12,60,152
05/02/2013,CLL,TX,ASW,CE,Federal Contract Tower,0,15,27,25,67,0,2,4,1,7,0,17,31,26,74,0,0,0,74
05/03/2013,CLL,TX,ASW,CE,Federal Contract Tower,0,22,19,57,98,0,0,30,2,32,0,22,49,59,130,14,2,16,146
05/04/2013,CLL,TX,ASW,CE,Federal Contract Tower,0,12,10,35,57,0,10,70,4,84,0,22,80,39,141,46,4,50,191
05/05/2013,CLL,TX,ASW,CE,Federal Contract Tower,0,13,25,32,70,0,0,65,10,75,0,13,90,42,145,22,10,32,177
05/06/2013,CLL,TX,ASW,CE,Federal Contract Tower,0,14,20,29,63,0,8,63,10,81,0,22,83,39,144,24,26,50,194
05/07/2013,CLL,TX,ASW,CE,Federal Contract Tower,0,16,14,31,61,0,4,81,6,91,0,20,95,37,152,28,42,70,222
05/08/2013,CLL,TX,ASW,CE,Federal Contract Tower,0,16,25,31,72,0,0,31,0,31,0,16,56,31,103,40,24,64,167
05/09/2013,CLL,TX,ASW,CE,Federal Contract Tower,0,23,19,20,62,0,0,8,1,9,0,23,27,21,71,2,10,12,83
05/10/2013,CLL,TX,ASW,CE,Federal Contract Tower,0,26,28,0,54,0,0,24,0,24,0,26,52,0,78,14,0,14,92
05/11/2013,CLL,TX,ASW,CE,Federal Contract Tower,0,14,25,24,63,0,0,32,3,35,0,14,57,27,98,10,4,14,112
05/12/2013,CLL,TX,ASW,CE,Federal Contract Tower,0,14,10,0,24,0,0,52,1,53,0,14,62,1,77,40,0,40,117
05/13/2013,CLL,TX,ASW,CE,Federal Contract Tower,0,18,25,30,73,0,2,53,2,57,0,20,78,32,130,12,0,12,142
05/14/2013,CLL,TX,ASW,CE,Federal Contract Tower,0,13,29,29,71,0,0,54,5,59,0,13,83,34,130,24,34,58,188
05/15/2013,CLL,TX,ASW,CE,Federal Contract Tower,0,18,29,15,62,0,0,10,5,15,0,18,39,20,77,0,4,4,81
05/16/2013,CLL,TX,ASW,CE,Federal Contract Tower,0,20,30,34,84,0,12,30,6,48,0,32,60,40,132,14,0,14,146
05/17/2013,CLL,TX,ASW,CE,Federal Contract Tower,0,14,17,14,45,0,0,42,9,51,0,14,59,23,96,12,0,12,108
05/18/2013,CLL,TX,ASW,CE,Federal Contract Tower,0,12,6,9,27,0,2,29,4,35,0,14,35,13,62,20,0,20,82
05/19/2013,CLL,TX,ASW,CE,Federal Contract Tower,0,14,22,0,36,0,4,23,0,27,0,18,45,0,63,6,0,6,69
05/20/2013,CLL,TX,ASW,CE,Federal Contract Tower,0,17,21,21,59,0,2,20,2,24,0,19,41,23,83,10,0,10,93
05/21/2013,CLL,TX,ASW,CE,Federal Contract Tower,0,17,33,17,67,0,3,43,4,50,0,20,76,21,117,86,18,104,221
05/22/2013,CLL,TX,ASW,CE,Federal Contract Tower,0,12,15,14,41,0,10,27,2,39,0,22,42,16,80,8,20,28,108
05/23/2013,CLL,TX,ASW,CE,Federal Contract Tower,0,17,39,2,58,0,8,44,2,54,0,25,83,4,112,8,0,8,120
05/24/2013,CLL,TX,ASW,CE,Federal Contract Tower,0,15,15,6,36,0,4,13,2,19,0,19,28,8,55,14,0,14,69
05/25/2013,CLL,TX,ASW,CE,Federal Contract Tower,0,14,20,9,43,0,0,11,6,17,0,14,31,15,60,0,0,0,60
05/26/2013,CLL,TX,ASW,CE,Federal Contract Tower,0,14,10,0,24,0,0,26,0,26,0,14,36,0,50,42,0,42,92
05/27/2013,CLL,TX,ASW,CE,Federal Contract Tower,0,16,18,0,34,0,0,43,0,43,0,16,61,0,77,6,0,6,83
05/28/2013,CLL,TX,ASW,CE,Federal Contract Tower,1,19,18,27,65,0,6,25,5,36,1,25,43,32,101,28,16,44,145
05/29/2013,CLL,TX,ASW,CE,Federal Contract Tower,0,12,19,1,32,0,4,29,1,34,0,16,48,2,66,12,0,12,78
05/30/2013,CLL,TX,ASW,CE,Federal Contract Tower,0,20,25,14,59,0,5,25,4,34,0,25,50,18,93,8,4,12,105
05/31/2013,CLL,TX,ASW,CE,Federal Contract Tower,0,15,16,6,37,0,0,31,0,31,0,15,47,6,68,14,0,14,82
06/01/2013,CLL,TX,ASW,CE,Federal Contract Tower,0,14,15,5,34,0,0,28,0,28,0,14,43,5,62,28,0,28,90
06/02/2013,CLL,TX,ASW,CE,Federal Contract Tower,0,13,16,0,29,0,0,26,0,26,0,13,42,0,55,20,0,20,75
06/03/2013,CLL,TX,ASW,CE,Federal Contract Tower,2,16,7,21,46,0,0,48,9,57,2,16,55,30,103,30,16,46,149
06/04/2013,CLL,TX,ASW,CE,Federal Contract Tower,0,14,11,17,42,0,6,42,8,56,0,20,53,25,98,16,46,62,160
06/05/2013,CLL,TX,ASW,CE,Federal Contract Tower,0,18,14,1,33,0,8,51,5,64,0,26,65,6,97,6,4,10,107
06/06/2013,CLL,TX,ASW,CE,Federal Contract Tower,0,26,15,0,41,0,4,25,1,30,0,30,40,1,71,0,0,0,71
06/07/2013,CLL,TX,ASW,CE,Federal Contract Tower,0,18,17,25,60,0,0,42,11,53,0,18,59,36,113,10,0,10,123
06/08/2013,CLL,TX,ASW,CE,Federal Contract Tower,0,13,8,16,37,0,4,64,4,72,0,17,72,20,109,48,0,48,157
06/09/2013,CLL,TX,ASW,CE,Federal Contract Tower,0,21,19,14,54,0,0,28,2,30,0,21,47,16,84,32,0,32,116
06/10/2013,CLL,TX,ASW,CE,Federal Contract Tower,0,15,15,27,57,0,0,44,4,48,0,15,59,31,105,20,26,46,151
06/11/2013,CLL,TX,ASW,CE,Federal Contract Tower,0,16,9,6,31,0,0,33,0,33,0,16,42,6,64,32,0,32,96
06/12/2013,CLL,TX,ASW,CE,Federal Contract Tower,0,19,25,16,60,0,13,64,3,80,0,32,89,19,140,56,32,88,228
06/13/2013,CLL,TX,ASW,CE,Federal Contract Tower,0,19,28,2,49,0,10,44,2,56,0,29,72,4,105,10,0,10,115
06/14/2013,CLL,TX,ASW,CE,Federal Contract Tower,0,17,19,12,48,0,2,46,7,55,0,19,65,19,103,28,0,28,131
06/15/2013,CLL,TX,ASW,CE,Federal Contract Tower,0,17,18,10,45,0,3,54,0,57,0,20,72,10,102,58,0,58,160
06/16/2013,CLL,TX,ASW,CE,Federal Contract Tower,0,19,16,0,35,0,2,47,0,49,0,21,63,0,84,34,0,34,118
06/17/2013,CLL,TX,ASW,CE,Federal Contract Tower,0,20,11,42,73,0,0,51,7,58,0,20,62,49,131,54,12,66,197
06/18/2013,CLL,TX,ASW,CE,Federal Contract Tower,0,15,19,21,55,0,12,49,6,67,0,27,68,27,122,44,4,48,170
06/19/2013,CLL,TX,ASW,CE,Federal Contract Tower,0,21,16,16,53,0,0,38,6,44,0,21,54,22,97,26,8,34,131
06/20/2013,CLL,TX,ASW,CE,Federal Contract Tower,0,22,11,8,41,0,13,37,5,55,0,35,48,13,96,12,10,22,118
06/21/2013,CLL,TX,ASW,CE,Federal Contract Tower,0,19,10,14,43,0,12,48,2,62,0,31,58,16,105,14,0,14,119
06/22/2013,CLL,TX,ASW,CE,Federal Contract Tower,0,12,12,23,47,0,6,44,4,54,0,18,56,27,101,22,14,36,137
06/23/2013,CLL,TX,ASW,CE,Federal Contract Tower,0,19,19,25,63,0,3,50,3,56,0,22,69,28,119,32,0,32,151
06/24/2013,CLL,TX,ASW,CE,Federal Contract Tower,0,19,13,45,77,0,2,41,1,44,0,21,54,46,121,10,10,20,141
06/25/2013,CLL,TX,ASW,CE,Federal Contract Tower,0,18,27,35,80,0,4,35,9,48,0,22,62,44,128,22,32,54,182
06/26/2013,CLL,TX,ASW,CE,Federal Contract Tower,0,21,23,25,69,0,0,59,0,59,0,21,82,25,128,14,0,14,142
06/27/2013,CLL,TX,ASW,CE,Federal Contract Tower,0,18,19,15,52,0,0,44,0,44,0,18,63,15,96,42,0,42,138
06/28/2013,CLL,TX,ASW,CE,Federal Contract Tower,0,19,14,13,46,0,10,51,2,63,0,29,65,15,109,50,0,50,159
06/29/2013,CLL,TX,ASW,CE,Federal Contract Tower,0,13,6,14,33,0,0,56,3,59,0,13,62,17,92,76,0,76,168
06/30/2013,CLL,TX,ASW,CE,Federal Contract Tower,0,14,10,0,24,0,0,39,2,41,0,14,49,2,65,42,0,42,107
07/01/2013,CLL,TX,ASW,CE,Federal Contract Tower,0,12,13,26,51,0,4,34,3,41,0,16,47,29,92,6,0,6,98
07/02/2013,CLL,TX,ASW,CE,Federal Contract Tower,0,15,18,14,47,0,0,73,6,79,0,15,91,20,126,74,32,106,232
07/03/2013,CLL,TX,ASW,CE,Federal Contract Tower,0,18,11,11,40,0,6,55,0,61,0,24,66,11,101,32,4,36,137
07/04/2013,CLL,TX,ASW,CE,Federal Contract Tower,0,12,8,0,20,0,6,39,0,45,0,18,47,0,65,30,0,30,95
07/05/2013,CLL,TX,ASW,CE,Federal Contract Tower,0,15,18,2,35,0,0,39,2,41,0,15,57,4,76,48,0,48,124
07/06/2013,CLL,TX,ASW,CE,Federal Contract Tower,0,15,10,0,25,0,0,56,1,57,0,15,66,1,82,72,0,72,154
07/07/2013,CLL,TX,ASW,CE,Federal Contract Tower,0,17,22,3,42,0,0,38,5,43,0,17,60,8,85,50,6,56,141
07/08/2013,CLL,TX,ASW,CE,Federal Contract Tower,0,17,5,5,27,0,0,27,2,29,0,17,32,7,56,20,8,28,84
07/09/2013,CLL,TX,ASW,CE,Federal Contract Tower,0,17,19,24,60,0,0,45,10,55,0,17,64,34,115,52,0,52,167
07/10/2013,CLL,TX,ASW,CE,Federal Contract Tower,0,18,15,27,60,0,0,57,1,58,0,18,72,28,118,34,0,34,152
07/11/2013,CLL,TX,ASW,CE,Federal Contract Tower,0,14,9,53,76,0,0,64,6,70,0,14,73,59,146,20,14,34,180
07/12/2013,CLL,TX,ASW,CE,Federal Contract Tower,0,20,16,7,43,0,0,54,3,57,0,20,70,10,100,62,8,70,170
07/13/2013,CLL,TX,ASW,CE,Federal Contract Tower,0,11,5,40,56,0,0,46,3,49,0,11,51,43,105,62,6,68,173
07/14/2013,CLL,TX,ASW,CE,Federal Contract Tower,6,16,15,0,37,0,0,37,0,37,6,16,52,0,74,48,0,48,122
07/15/2013,CLL,TX,ASW,CE,Federal Contract Tower,0,17,11,3,31,0,0,11,0,11,0,17,22,3,42,24,0,24,66
07/16/2013,CLL,TX,ASW,CE,Federal Contract Tower,0,25,13,31,69,0,8,33,14,55,0,33,46,45,124,4,36,40,164
07/17/2013,CLL,TX,ASW,CE,Federal Contract Tower,0,18,21,36,75,0,3,21,1,25,0,21,42,37,100,12,48,60,160
07/18/2013,CLL,TX,ASW,CE,Federal Contract Tower,0,13,26,9,48,0,6,44,3,53,0,19,70,12,101,10,34,44,145
07/19/2013,CLL,TX,ASW,CE,Federal Contract Tower,0,19,27,4,50,0,0,35,7,42,0,19,62,11,92,40,0,40,132
07/20/2013,CLL,TX,ASW,CE,Federal Contract Tower,0,12,14,0,26,0,0,18,0,18,0,12,32,0,44,46,0,46,90
07/21/2013,CLL,TX,ASW,CE,Federal Contract Tower,0,15,20,9,44,0,0,30,0,30,0,15,50,9,74,40,0,40,114
07/22/2013,CLL,TX,ASW,CE,Federal Contract Tower,0,15,16,5,36,0,0,32,6,38,0,15,48,11,74,38,4,42,116
07/23/2013,CLL,TX,ASW,CE,Federal Contract Tower,0,19,23,28,70,0,6,38,4,48,0,25,61,32,118,10,32,42,160
07/24/2013,CLL,TX,ASW,CE,Federal Contract Tower,0,15,25,50,90,0,0,39,5,44,0,15,64,55,134,52,24,76,210
07/25/2013,CLL,TX,ASW,CE,Federal Contract Tower,0,15,20,40,75,0,0,45,7,52,0,15,65,47,127,18,76,94,221
07/26/2013,CLL,TX,ASW,CE,Federal Contract Tower,0,16,18,26,60,0,13,37,2,52,0,29,55,28,112,16,2,18,130
07/27/2013,CLL,TX,ASW,CE,Federal Contract Tower,0,12,29,37,78,0,8,34,5,47,0,20,63,42,125,32,28,60,185
07/28/2013,CLL,TX,ASW,CE,Federal Contract Tower,0,16,18,0,34,0,0,35,0,35,0,16,53,0,69,46,0,46,115
07/29/2013,CLL,TX,ASW,CE,Federal Contract Tower,0,17,12,14,43,0,0,49,2,51,0,17,61,16,94,6,0,6,100
07/30/2013,CLL,TX,ASW,CE,Federal Contract Tower,0,15,12,67,94,0,0,46,9,55,0,15,58,76,149,64,28,92,241
07/31/2013,CLL,TX,ASW,CE,Federal Contract Tower,0,16,30,18,64,0,10,52,6,68,0,26,82,24,132,52,8,60,192
08/01/2013,CLL,TX,ASW,CE,Federal Contract Tower,0,23,19,51,93,0,8,73,5,86,0,31,92,56,179,34,24,58,237
08/02/2013,CLL,TX,ASW,CE,Federal Contract Tower,0,16,14,21,51,0,0,47,4,51,0,16,61,25,102,54,2,56,158
08/03/2013,CLL,TX,ASW,CE,Federal Contract Tower,0,13,27,47,87,0,4,38,4,46,0,17,65,51,133,22,2,24,157
08/04/2013,CLL,TX,ASW,CE,Federal Contract Tower,0,20,10,4,34,0,0,32,0,32,0,20,42,4,66,68,0,68,134
08/05/2013,CLL,TX,ASW,CE,Federal Contract Tower,0,12,28,44,84,0,0,40,7,47,0,12,68,51,131,44,0,44,175
08/06/2013,CLL,TX,ASW,CE,Federal Contract Tower,0,17,32,16,65,0,0,36,6,42,0,17,68,22,107,80,26,106,213
08/07/2013,CLL,TX,ASW,CE,Federal Contract Tower,0,18,22,26,66,0,0,36,7,43,0,18,58,33,109,48,32,80,189
08/08/2013,CLL,TX,ASW,CE,Federal Contract Tower,0,15,15,26,56,0,2,49,3,54,0,17,64,29,110,114,16,130,240
08/09/2013,CLL,TX,ASW,CE,Federal Contract Tower,0,21,16,13,50,0,0,35,2,37,0,21,51,15,87,42,16,58,145
08/10/2013,CLL,TX,ASW,CE,Federal Contract Tower,0,12,7,31,50,0,0,26,2,28,0,12,33,33,78,30,8,38,116
08/11/2013,CLL,TX,ASW,CE,Federal Contract Tower,0,15,11,2,28,0,0,39,0,39,0,15,50,2,67,56,0,56,123
08/12/2013,CLL,TX,ASW,CE,Federal Contract Tower,0,16,24,24,64,0,9,48,9,66,0,25,72,33,130,56,18,74,204
08/13/2013,CLL,TX,ASW,CE,Federal Contract Tower,0,18,16,29,63,0,3,37,6,46,0,21,53,35,109,32,21,53,162
08/14/2013,CLL,TX,ASW,CE,Federal Contract Tower,0,14,14,0,28,0,2,22,0,24,0,16,36,0,52,6,0,6,58
08/15/2013,CLL,TX,ASW,CE,Federal Contract Tower,0,19,24,21,64,0,0,31,9,40,0,19,55,30,104,50,0,50,154
08/16/2013,CLL,TX,ASW,CE,Federal Contract Tower,0,28,15,18,61,0,2,56,6,64,0,30,71,24,125,12,2,14,139
08/17/2013,CLL,TX,ASW,CE,Federal Contract Tower,0,12,14,23,49,0,0,55,4,59,0,12,69,27,108,16,6,22,130
08/18/2013,CLL,TX,ASW,CE,Federal Contract Tower,0,16,9,45,70,0,0,35,3,38,0,16,44,48,108,14,12,26,134
08/19/2013,CLL,TX,ASW,CE,Federal Contract Tower,0,15,9,12,36,0,0,45,3,48,0,15,54,15,84,28,4,32,116
08/20/2013,CLL,TX,ASW,CE,Federal Contract Tower,0,15,10,20,45,0,4,52,2,58,0,19,62,22,103,38,2,40,143
08/21/2013,CLL,TX,ASW,CE,Federal Contract Tower,0,13,15,23,51,0,0,21,1,22,0,13,36,24,73,36,66,102,175
08/22/2013,CLL,TX,ASW,CE,Federal Contract Tower,0,16,25,13,54,0,0,39,0,39,0,16,64,13,93,24,10,34,127
08/23/2013,CLL,TX,ASW,CE,Federal Contract Tower,0,18,6,37,61,0,8,50,14,72,0,26,56,51,133,12,16,28,161
08/24/2013,CLL,TX,ASW,CE,Federal Contract Tower,0,12,23,1,36,0,0,81,0,81,0,12,104,1,117,56,0,56,173
08/25/2013,CLL,TX,ASW,CE,Federal Contract Tower,0,21,19,2,42,0,8,32,0,40,0,29,51,2,82,6,0,6,88
08/26/2013,CLL,TX,ASW,CE,Federal Contract Tower,0,17,18,2,37,0,5,9,0,14,0,22,27,2,51,0,0,0,51
08/27/2013,CLL,TX,ASW,CE,Federal Contract Tower,0,19,11,26,56,0,4,16,4,24,0,23,27,30,80,16,14,30,110
08/28/2013,CLL,TX,ASW,CE,Federal Contract Tower,0,18,4,13,35,0,4,43,6,53,0,22,47,19,88,28,4,32,120
08/29/2013,CLL,TX,ASW,CE,Federal Contract Tower,0,21,20,16,57,0,0,40,0,40,0,21,60,16,97,60,12,72,169
08/30/2013,CLL,TX,ASW,CE,Federal Contract Tower,0,15,24,31,70,0,0,79,0,79,0,15,103,31,149,8,6,14,163
08/31/2013,CLL,TX,ASW,CE,Federal Contract Tower,0,9,69,3,81,0,0,90,1,91,0,9,159,4,172,0,0,0,172
09/01/2013,CLL,TX,ASW,CE,Federal Contract Tower,0,9,10,4,23,0,8,68,1,77,0,17,78,5,100,20,6,26,126
09/02/2013,CLL,TX,ASW,CE,Federal Contract Tower,0,16,7,0,23,0,0,10,45,55,0,16,17,45,78,12,0,12,90
09/03/2013,CLL,TX,ASW,CE,Federal Contract Tower,0,18,12,20,50,0,0,34,7,41,0,18,46,27,91,14,24,38,129
09/04/2013,CLL,TX,ASW,CE,Federal Contract Tower,0,17,28,14,59,0,0,32,4,36,0,17,60,18,95,32,18,50,145
09/05/2013,CLL,TX,ASW,CE,Federal Contract Tower,0,31,17,36,84,0,0,46,5,51,0,31,63,41,135,14,8,22,157
09/06/2013,CLL,TX,ASW,CE,Federal Contract Tower,0,16,29,29,74,0,4,49,4,57,0,20,78,33,131,22,0,22,153
09/07/2013,CLL,TX,ASW,CE,Federal Contract Tower,0,11,51,4,66,0,2,65,0,67,0,13,116,4,133,12,0,12,145
09/08/2013,CLL,TX,ASW,CE,Federal Contract Tower,0,12,42,12,66,0,0,26,0,26,0,12,68,12,92,0,0,0,92
09/09/2013,CLL,TX,ASW,CE,Federal Contract Tower,0,19,4,9,32,0,0,25,2,27,0,19,29,11,59,16,10,26,85
09/10/2013,CLL,TX,ASW,CE,Federal Contract Tower,0,16,12,23,51,0,0,42,2,44,0,16,54,25,95,30,6,36,131
09/11/2013,CLL,TX,ASW,CE,Federal Contract Tower,0,17,16,11,44,0,0,60,2,62,0,17,76,13,106,6,10,16,122
09/12/2013,CLL,TX,ASW,CE,Federal Contract Tower,0,21,14,29,64,0,11,28,8,47,0,32,42,37,111,34,2,36,147
09/13/2013,CLL,TX,ASW,CE,Federal Contract Tower,0,29,66,23,118,0,4,82,3,89,0,33,148,26,207,14,0,14,221
09/14/2013,CLL,TX,ASW,CE,Federal Contract Tower,5,52,353,0,410,0,0,126,2,128,5,52,479,2,538,120,0,120,658
09/15/2013,CLL,TX,ASW,CE,Federal Contract Tower,0,34,52,9,95,0,2,42,2,46,0,36,94,11,141,6,0,6,147
09/16/2013,CLL,TX,ASW,CE,Federal Contract Tower,0,20,11,27,58,0,0,16,0,16,0,20,27,27,74,20,0,20,94
09/17/2013,CLL,TX,ASW,CE,Federal Contract Tower,0,16,13,10,39,0,4,42,4,50,0,20,55,14,89,46,4,50,139
09/18/2013,CLL,TX,ASW,CE,Federal Contract Tower,0,16,15,16,47,0,6,31,5,42,0,22,46,21,89,12,26,38,127
09/19/2013,CLL,TX,ASW,CE,Federal Contract Tower,0,28,27,29,84,0,0,36,7,43,0,28,63,36,127,18,8,26,153
09/20/2013,CLL,TX,ASW,CE,Federal Contract Tower,0,20,19,3,42,0,0,0,0,0,0,20,19,3,42,0,0,0,42
09/21/2013,CLL,TX,ASW,CE,Federal Contract Tower,0,12,76,18,106,0,2,47,0,49,0,14,123,18,155,0,0,0,155
09/22/2013,CLL,TX,ASW,CE,Federal Contract Tower,0,22,19,6,47,0,0,64,0,64,0,22,83,6,111,14,0,14,125
09/23/2013,CLL,TX,ASW,CE,Federal Contract Tower,0,15,14,23,52,0,7,51,2,60,0,22,65,25,112,22,2,24,136
09/24/2013,CLL,TX,ASW,CE,Federal Contract Tower,0,17,13,70,100,0,9,41,13,63,0,26,54,83,163,24,46,70,233
09/25/2013,CLL,TX,ASW,CE,Federal Contract Tower,0,18,14,38,70,0,6,38,1,45,0,24,52,39,115,10,20,30,145
09/26/2013,CLL,TX,ASW,CE,Federal Contract Tower,1,27,23,0,51,0,2,28,0,30,1,29,51,0,81,60,2,62,143
09/27/2013,CLL,TX,ASW,CE,Federal Contract Tower,3,16,20,32,71,0,0,33,0,33,3,16,53,32,104,10,32,42,146
09/28/2013,CLL,TX,ASW,CE,Federal Contract Tower,0,13,13,5,31,0,20,18,2,40,0,33,31,7,71,22,0,22,93
09/29/2013,CLL,TX,ASW,CE,Federal Contract Tower,2,20,29,23,74,0,0,10,0,10,2,20,39,23,84,10,0,10,94
09/30/2013,CLL,TX,ASW,CE,Federal Contract Tower,0,19,12,30,61,0,14,51,6,71,0,33,63,36,132,76,42,118,250
10/01/2013,CLL,TX,ASW,CE,Federal Contract Tower,0,18,18,8,44,0,0,16,3,19,0,18,34,11,63,56,0,56,119
10/02/2013,CLL,TX,ASW,CE,Federal Contract Tower,0,14,13,26,53,0,0,30,4,34,0,14,43,30,87,38,6,44,131
10/03/2013,CLL,TX,ASW,CE,Federal Contract Tower,0,20,23,22,65,0,17,36,2,55,0,37,59,24,120,28,14,42,162
10/04/2013,CLL,TX,ASW,CE,Federal Contract Tower,0,14,26,13,53,0,12,71,6,89,0,26,97,19,142,10,0,10,152
10/05/2013,CLL,TX,ASW,CE,Federal Contract Tower,0,8,18,0,26,0,10,22,0,32,0,18,40,0,58,20,0,20,78
10/06/2013,CLL,TX,ASW,CE,Federal Contract Tower,0,20,15,0,35,0,0,60,0,60,0,20,75,0,95,10,0,10,105
10/07/2013,CLL,TX,ASW,CE,Federal Contract Tower,0,17,2,19,38,0,5,83,5,93,0,22,85,24,131,52,20,72,203
10/08/2013,CLL,TX,ASW,CE,Federal Contract Tower,0,16,14,19,49,0,18,77,2,97,0,34,91,21,146,56,8,64,210
10/09/2013,CLL,TX,ASW,CE,Federal Contract Tower,0,17,16,42,75,0,4,64,11,79,0,21,80,53,154,50,18,68,222
10/10/2013,CLL,TX,ASW,CE,Federal Contract Tower,0,25,9,57,91,0,2,66,8,76,0,27,75,65,167,82,38,120,287
10/11/2013,CLL,TX,ASW,CE,Federal Contract Tower,4,25,32,38,99,0,0,8,41,49,4,25,40,79,148,68,26,94,242
10/12/2013,CLL,TX,ASW,CE,Federal Contract Tower,0,13,19,0,32,0,4,21,0,25,0,17,40,0,57,32,0,32,89
10/13/2013,CLL,TX,ASW,CE,Federal Contract Tower,2,21,27,0,50,0,0,0,0,0,2,21,27,0,50,0,0,0,50
10/14/2013,CLL,TX,ASW,CE,Federal Contract Tower,0,18,14,0,32,0,0,10,0,10,0,18,24,0,42,10,0,10,52
10/15/2013,CLL,TX,ASW,CE,Federal Contract Tower,0,15,18,38,71,0,0,20,5,25,0,15,38,43,96,22,6,28,124
10/16/2013,CLL,TX,ASW,CE,Federal Contract Tower,0,19,35,0,54,0,0,0,0,0,0,19,35,0,54,0,0,0,54
10/17/2013,CLL,TX,ASW,CE,Federal Contract Tower,0,23,32,23,78,0,0,50,7,57,0,23,82,30,135,58,16,74,209
10/18/2013,CLL,TX,ASW,CE,Federal Contract Tower,2,18,44,17,81,0,4,52,1,57,2,22,96,18,138,46,4,50,188
10/19/2013,CLL,TX,ASW,CE,Federal Contract Tower,3,32,83,8,126,0,4,81,0,85,3,36,164,8,211,6,0,6,217
10/20/2013,CLL,TX,ASW,CE,Federal Contract Tower,0,22,35,8,65,0,0,55,1,56,0,22,90,9,121,14,0,14,135
10/21/2013,CLL,TX,ASW,CE,Federal Contract Tower,0,15,14,15,44,0,0,32,0,32,0,15,46,15,76,50,0,50,126
10/22/2013,CLL,TX,ASW,CE,Federal Contract Tower,0,15,8,29,52,0,0,46,3,49,0,15,54,32,101,66,40,106,207
10/23/2013,CLL,TX,ASW,CE,Federal Contract Tower,0,14,11,8,33,0,6,39,6,51,0,20,50,14,84,44,62,106,190
10/24/2013,CLL,TX,ASW,CE,Federal Contract Tower,0,18,25,15,58,0,0,49,0,49,0,18,74,15,107,76,0,76,183
10/25/2013,CLL,TX,ASW,CE,Federal Contract Tower,0,17,43,78,138,0,6,68,4,78,0,23,111,82,216,52,8,60,276
10/26/2013,CLL,TX,ASW,CE,Federal Contract Tower,2,21,64,19,106,0,0,46,0,46,2,21,110,19,152,6,0,6,158
10/27/2013,CLL,TX,ASW,CE,Federal Contract Tower,0,19,35,11,65,0,0,14,0,14,0,19,49,11,79,6,0,6,85
10/28/2013,CLL,TX,ASW,CE,Federal Contract Tower,0,29,17,36,82,0,18,27,1,46,0,47,44,37,128,14,0,14,142
10/29/2013,CLL,TX,ASW,CE,Federal Contract Tower,0,14,17,14,45,0,0,41,3,44,0,14,58,17,89,60,20,80,169
10/30/2013,CLL,TX,ASW,CE,Federal Contract Tower,0,21,12,9,42,0,2,6,0,8,0,23,18,9,50,32,0,32,82
10/31/2013,CLL,TX,ASW,CE,Federal Contract Tower,0,9,9,19,37,0,0,8,0,8,0,9,17,19,45,10,4,14,59
11/01/2013,CLL,TX,ASW,CE,Federal Contract Tower,2,20,35,56,113,0,8,60,4,72,2,28,95,60,185,46,12,58,243
11/02/2013,CLL,TX,ASW,CE,Federal Contract Tower,2,14,35,20,71,0,14,77,0,91,2,28,112,20,162,94,10,104,266
11/03/2013,CLL,TX,ASW,CE,Federal Contract Tower,0,18,23,11,52,0,0,84,0,84,0,18,107,11,136,72,0,72,208
11/04/2013,CLL,TX,ASW,CE,Federal Contract Tower,0,15,12,22,49,0,2,24,0,26,0,17,36,22,75,8,6,14,89
11/05/2013,CLL,TX,ASW,CE,Federal Contract Tower,0,15,21,4,40,0,0,0,0,0,0,15,21,4,40,0,0,0,40
11/06/2013,CLL,TX,ASW,CE,Federal Contract Tower,0,16,20,16,52,0,8,20,0,28,0,24,40,16,80,34,0,34,114
11/07/2013,CLL,TX,ASW,CE,Federal Contract Tower,0,18,17,5,40,0,0,46,4,50,0,18,63,9,90,38,18,56,146
11/08/2013,CLL,TX,ASW,CE,Federal Contract Tower,2,18,46,52,118,0,4,96,0,100,2,22,142,52,218,28,14,42,260
11/09/2013,CLL,TX,ASW,CE,Federal Contract Tower,2,15,87,16,120,0,0,79,0,79,2,15,166,16,199,36,0,36,235
11/10/2013,CLL,TX,ASW,CE,Federal Contract Tower,2,20,21,4,47,0,2,59,1,62,2,22,80,5,109,46,0,46,155
11/11/2013,CLL,TX,ASW,CE,Federal Contract Tower,0,18,12,5,35,0,0,54,0,54,0,18,66,5,89,36,0,36,125
11/12/2013,CLL,TX,ASW,CE,Federal Contract Tower,0,13,9,32,54,0,1,17,4,22,0,14,26,36,76,12,0,12,88
11/13/2013,CLL,TX,ASW,CE,Federal Contract Tower,0,18,12,35,65,0,2,43,1,46,0,20,55,36,111,48,24,72,183
11/14/2013,CLL,TX,ASW,CE,Federal Contract Tower,0,18,37,26,81,0,16,51,3,70,0,34,88,29,151,44,0,44,195
11/15/2013,CLL,TX,ASW,CE,Federal Contract Tower,0,15,21,61,97,0,0,54,1,55,0,15,75,62,152,50,16,66,218
11/16/2013,CLL,TX,ASW,CE,Federal Contract Tower,0,9,40,56,105,0,0,10,21,31,0,9,50,77,136,2,2,4,140
11/17/2013,CLL,TX,ASW,CE,Federal Contract Tower,0,19,24,11,54,0,8,47,0,55,0,27,71,11,109,12,4,16,125
11/18/2013,CLL,TX,ASW,CE,Federal Contract Tower,0,14,20,54,88,0,4,63,1,68,0,18,83,55,156,44,0,44,200
11/19/2013,CLL,TX,ASW,CE,Federal Contract Tower,0,12,24,24,60,0,17,49,11,77,0,29,73,35,137,12,30,42,179
11/20/2013,CLL,TX,ASW,CE,Federal Contract Tower,0,14,36,70,120,0,0,44,4,48,0,14,80,74,168,36,54,90,258
11/21/2013,CLL,TX,ASW,CE,Federal Contract Tower,0,22,40,2,64,0,0,5,0,5,0,22,45,2,69,2,0,2,71
11/22/2013,CLL,TX,ASW,CE,Federal Contract Tower,2,29,17,0,48,0,0,4,0,4,2,29,21,0,52,0,0,0,52
11/23/2013,CLL,TX,ASW,CE,Federal Contract Tower,0,10,15,2,27,0,0,0,0,0,0,10,15,2,27,0,0,0,27
11/24/2013,CLL,TX,ASW,CE,Federal Contract Tower,0,23,13,0,36,0,0,8,0,8,0,23,21,0,44,8,0,8,52
11/25/2013,CLL,TX,ASW,CE,Federal Contract Tower,0,13,6,0,19,0,0,0,0,0,0,13,6,0,19,0,0,0,19
11/26/2013,CLL,TX,ASW,CE,Federal Contract Tower,0,12,34,15,61,0,0,16,3,19,0,12,50,18,80,0,0,0,80
11/27/2013,CLL,TX,ASW,CE,Federal Contract Tower,0,21,28,20,69,0,4,73,5,82,0,25,101,25,151,8,22,30,181
11/28/2013,CLL,TX,ASW,CE,Federal Contract Tower,0,12,1,0,13,0,0,16,0,16,0,12,17,0,29,4,0,4,33
11/29/2013,CLL,TX,ASW,CE,Federal Contract Tower,3,10,10,3,26,0,0,54,0,54,3,10,64,3,80,10,0,10,90
11/30/2013,CLL,TX,ASW,CE,Federal Contract Tower,1,14,16,0,31,0,12,36,0,48,1,26,52,0,79,56,0,56,135
12/01/2013,CLL,TX,ASW,CE,Federal Contract Tower,0,20,20,0,40,0,0,39,1,40,0,20,59,1,80,22,0,22,102
12/02/2013,CLL,TX,ASW,CE,Federal Contract Tower,0,25,8,61,94,0,2,54,4,60,0,27,62,65,154,62,0,62,216
12/03/2013,CLL,TX,ASW,CE,Federal Contract Tower,0,14,14,45,73,0,0,47,10,57,0,14,61,55,130,40,26,66,196
12/04/2013,CLL,TX,ASW,CE,Federal Contract Tower,0,14,22,45,81,0,0,18,5,23,0,14,40,50,104,20,2,22,126
12/05/2013,CLL,TX,ASW,CE,Federal Contract Tower,0,16,24,37,77,0,0,7,2,9,0,16,31,39,86,16,14,30,116
12/06/2013,CLL,TX,ASW,CE,Federal Contract Tower,0,8,15,9,32,0,0,0,0,0,0,8,15,9,32,0,0,0,32
12/07/2013,CLL,TX,ASW,CE,Federal Contract Tower,0,2,4,0,6,0,2,5,0,7,0,4,9,0,13,0,0,0,13
12/08/2013,CLL,TX,ASW,CE,Federal Contract Tower,0,8,16,19,43,0,0,1,0,1,0,8,17,19,44,0,0,0,44
12/09/2013,CLL,TX,ASW,CE,Federal Contract Tower,0,16,14,12,42,0,0,0,0,0,0,16,14,12,42,0,0,0,42
12/10/2013,CLL,TX,ASW,CE,Federal Contract Tower,0,16,15,17,48,0,0,58,6,64,0,16,73,23,112,58,30,88,200
12/11/2013,CLL,TX,ASW,CE,Federal Contract Tower,0,17,28,26,71,0,0,33,7,40,0,17,61,33,111,38,8,46,157
12/12/2013,CLL,TX,ASW,CE,Federal Contract Tower,0,20,23,64,107,0,2,26,9,37,0,22,49,73,144,36,36,72,216
12/13/2013,CLL,TX,ASW,CE,Federal Contract Tower,0,16,32,40,88,0,1,4,0,5,0,17,36,40,93,24,0,24,117
12/14/2013,CLL,TX,ASW,CE,Federal Contract Tower,0,14,17,13,44,0,0,3,1,4,0,14,20,14,48,34,0,34,82
12/15/2013,CLL,TX,ASW,CE,Federal Contract Tower,0,16,12,54,82,0,0,62,13,75,0,16,74,67,157,32,6,38,195
12/16/2013,CLL,TX,ASW,CE,Federal Contract Tower,0,18,22,44,84,0,2,34,2,38,0,20,56,46,122,14,6,20,142
12/17/2013,CLL,TX,ASW,CE,Federal Contract Tower,0,12,9,9,30,0,0,47,5,52,0,12,56,14,82,28,34,62,144
12/18/2013,CLL,TX,ASW,CE,Federal Contract Tower,0,13,21,41,75,0,0,58,2,60,0,13,79,43,135,44,24,68,203
12/19/2013,CLL,TX,ASW,CE,Federal Contract Tower,0,14,28,8,50,0,0,25,2,27,0,14,53,10,77,34,0,34,111
12/20/2013,CLL,TX,ASW,CE,Federal Contract Tower,0,11,23,23,57,0,0,8,0,8,0,11,31,23,65,8,0,8,73
12/21/2013,CLL,TX,ASW,CE,Federal Contract Tower,0,12,3,0,15,0,0,1,0,1,0,12,4,0,16,0,0,0,16
12/22/2013,CLL,TX,ASW,CE,Federal Contract Tower,0,10,8,0,18,0,4,29,0,33,0,14,37,0,51,26,0,26,77
12/23/2013,CLL,TX,ASW,CE,Federal Contract Tower,0,10,10,3,23,0,0,45,0,45,0,10,55,3,68,26,0,26,94
12/24/2013,CLL,TX,ASW,CE,Federal Contract Tower,0,11,3,0,14,0,0,29,0,29,0,11,32,0,43,6,0,6,49
12/25/2013,CLL,TX,ASW,CE,Federal Contract Tower,4,10,1,0,15,0,16,10,0,26,4,26,11,0,41,2,0,2,43
12/26/2013,CLL,TX,ASW,CE,Federal Contract Tower,0,12,8,0,20,0,14,26,0,40,0,26,34,0,60,28,0,28,88
12/27/2013,CLL,TX,ASW,CE,Federal Contract Tower,0,14,5,5,24,0,18,37,2,57,0,32,42,7,81,34,0,34,115
12/28/2013,CLL,TX,ASW,CE,Federal Contract Tower,0,12,14,12,38,0,6,59,0,65,0,18,73,12,103,46,0,46,149
12/29/2013,CLL,TX,ASW,CE,Federal Contract Tower,0,14,4,0,18,0,0,26,0,26,0,14,30,0,44,0,0,0,44
12/30/2013,CLL,TX,ASW,CE,Federal Contract Tower,0,12,5,2,19,0,2,29,0,31,0,14,34,2,50,12,0,12,62
12/31/2013,CLL,TX,ASW,CE,Federal Contract Tower,0,12,14,0,26,0,0,24,0,24,0,12,38,0,50,40,0,40,90
01/01/2014,CLL,TX,ASW,CE,Federal Contract Tower,4,15,5,1,25,0,0,7,0,7,4,15,12,1,32,10,0,10,42
01/02/2014,CLL,TX,ASW,CE,Federal Contract Tower,0,16,10,0,26,0,2,17,0,19,0,18,27,0,45,0,0,0,45
01/03/2014,CLL,TX,ASW,CE,Federal Contract Tower,0,14,10,23,47,0,2,54,0,56,0,16,64,23,103,20,0,20,123
01/04/2014,CLL,TX,ASW,CE,Federal Contract Tower,0,9,18,0,27,0,0,29,0,29,0,9,47,0,56,10,0,10,66
01/05/2014,CLL,TX,ASW,CE,Federal Contract Tower,0,13,7,0,20,0,0,18,0,18,0,13,25,0,38,0,0,0,38
01/06/2014,CLL,TX,ASW,CE,Federal Contract Tower,0,10,4,35,49,0,4,22,4,30,0,14,26,39,79,24,4,28,107
01/07/2014,CLL,TX,ASW,CE,Federal Contract Tower,0,23,24,19,66,0,4,43,8,55,0,27,67,27,121,14,38,52,173
01/08/2014,CLL,TX,ASW,CE,Federal Contract Tower,0,23,23,18,64,0,0,2,0,2,0,23,25,18,66,0,0,0,66
01/09/2014,CLL,TX,ASW,CE,Federal Contract Tower,0,19,15,1,35,0,0,2,0,2,0,19,17,1,37,0,0,0,37
01/10/2014,CLL,TX,ASW,CE,Federal Contract Tower,2,17,18,67,104,0,0,4,2,6,2,17,22,69,110,0,16,16,126
01/11/2014,CLL,TX,ASW,CE,Federal Contract Tower,0,12,14,51,77,0,2,74,7,83,0,14,88,58,160,56,16,72,232
01/12/2014,CLL,TX,ASW,CE,Federal Contract Tower,1,19,13,11,44,0,0,51,9,60,1,19,64,20,104,26,28,54,158
01/13/2014,CLL,TX,ASW,CE,Federal Contract Tower,0,18,12,50,80,0,0,31,9,40,0,18,43,59,120,22,46,68,188
01/14/2014,CLL,TX,ASW,CE,Federal Contract Tower,0,20,15,7,42,0,0,42,11,53,0,20,57,18,95,34,16,50,145
01/15/2014,CLL,TX,ASW,CE,Federal Contract Tower,0,23,23,43,89,0,11,49,4,64,0,34,72,47,153,62,12,74,227
01/16/2014,CLL,TX,ASW,CE,Federal Contract Tower,0,16,17,10,43,0,2,35,10,47,0,18,52,20,90,22,10,32,122
01/17/2014,CLL,TX,ASW,CE,Federal Contract Tower,2,15,18,75,110,0,14,77,1,92,2,29,95,76,202,28,34,62,264
01/18/2014,CLL,TX,ASW,CE,Federal Contract Tower,2,13,13,26,54,0,10,60,4,74,2,23,73,30,128,60,8,68,196
01/19/2014,CLL,TX,ASW,CE,Federal Contract Tower,2,14,6,4,26,0,0,61,0,61,2,14,67,4,87,20,0,20,107
01/20/2014,CLL,TX,ASW,CE,Federal Contract Tower,1,15,13,2,31,0,0,41,2,43,1,15,54,4,74,20,10,30,104
01/21/2014,CLL,TX,ASW,CE,Federal Contract Tower,0,18,39,18,75,0,0,45,5,50,0,18,84,23,125,22,24,46,171
01/22/2014,CLL,TX,ASW,CE,Federal Contract Tower,0,18,17,15,50,0,2,86,6,94,0,20,103,21,144,20,42,62,206
01/23/2014,CLL,TX,ASW,CE,Federal Contract Tower,0,10,12,1,23,0,0,2,2,4,0,10,14,3,27,0,4,4,31
01/24/2014,CLL,TX,ASW,CE,Federal Contract Tower,2,10,9,2,23,0,6,14,4,24,2,16,23,6,47,0,0,0,47
01/25/2014,CLL,TX,ASW,CE,Federal Contract Tower,0,18,23,24,65,0,2,50,1,53,0,20,73,25,118,40,8,48,166
01/26/2014,CLL,TX,ASW,CE,Federal Contract Tower,0,18,20,21,59,0,4,82,4,90,0,22,102,25,149,16,0,16,165
01/27/2014,CLL,TX,ASW,CE,Federal Contract Tower,0,18,22,34,74,0,2,64,12,78,0,20,86,46,152,0,8,8,160
01/28/2014,CLL,TX,ASW,CE,Federal Contract Tower,2,9,2,24,37,0,0,2,10,12,2,9,4,34,49,0,0,0,49
01/29/2014,CLL,TX,ASW,CE,Federal Contract Tower,0,15,18,62,95,0,6,35,16,57,0,21,53,78,152,60,60,120,272
01/30/2014,CLL,TX,ASW,CE,Federal Contract Tower,0,23,45,19,87,0,8,25,5,38,0,31,70,24,125,52,6,58,183
01/31/2014,CLL,TX,ASW,CE,Federal Contract Tower,1,17,17,30,65,0,6,47,6,59,1,23,64,36,124,48,4,52,176
02/01/2014,CLL,TX,ASW,CE,Federal Contract Tower,0,14,37,5,56,0,2,27,0,29,0,16,64,5,85,48,0,48,133
02/02/2014,CLL,TX,ASW,CE,Federal Contract Tower,0,11,5,0,16,0,0,0,0,0,0,11,5,0,16,0,0,0,16
02/03/2014,CLL,TX,ASW,CE,Federal Contract Tower,1,15,24,66,106,0,6,0,2,8,1,21,24,68,114,0,6,6,120
02/04/2014,CLL,TX,ASW,CE,Federal Contract Tower,0,19,17,21,57,0,0,14,0,14,0,19,31,21,71,0,0,0,71
02/05/2014,CLL,TX,ASW,CE,Federal Contract Tower,0,23,21,25,69,0,2,35,2,39,0,25,56,27,108,44,0,44,152
02/06/2014,CLL,TX,ASW,CE,Federal Contract Tower,1,12,17,26,56,0,0,21,9,30,1,12,38,35,86,18,22,40,126
02/07/2014,CLL,TX,ASW,CE,Federal Contract Tower,1,17,19,3,40,0,0,5,0,5,1,17,24,3,45,0,0,0,45
02/08/2014,CLL,TX,ASW,CE,Federal Contract Tower,0,12,35,23,70,0,0,13,0,13,0,12,48,23,83,0,0,0,83
02/09/2014,CLL,TX,ASW,CE,Federal Contract Tower,0,17,24,12,53,0,0,18,1,19,0,17,42,13,72,20,0,20,92
02/10/2014,CLL,TX,ASW,CE,Federal Contract Tower,0,14,16,10,40,0,0,0,0,0,0,14,16,10,40,0,0,0,40
02/11/2014,CLL,TX,ASW,CE,Federal Contract Tower,0,10,12,2,24,0,0,2,0,2,0,10,14,2,26,20,0,20,46
02/12/2014,CLL,TX,ASW,CE,Federal Contract Tower,0,21,14,38,73,0,0,42,10,52,0,21,56,48,125,10,24,34,159
02/13/2014,CLL,TX,ASW,CE,Federal Contract Tower,1,21,9,51,82,0,16,61,16,93,1,37,70,67,175,40,46,86,261
02/14/2014,CLL,TX,ASW,CE,Federal Contract Tower,1,20,24,37,82,0,10,57,3,70,1,30,81,40,152,28,12,40,192
02/15/2014,CLL,TX,ASW,CE,Federal Contract Tower,2,13,8,16,39,0,10,57,2,69,2,23,65,18,108,32,32,64,172
02/16/2014,CLL,TX,ASW,CE,Federal Contract Tower,0,19,21,20,60,0,0,20,0,20,0,19,41,20,80,18,0,18,98
02/17/2014,CLL,TX,ASW,CE,Federal Contract Tower,0,16,20,1,37,0,6,39,1,46,0,22,59,2,83,40,0,40,123
02/18/2014,CLL,TX,ASW,CE,Federal Contract Tower,0,16,40,32,88,0,0,13,5,18,0,16,53,37,106,52,18,70,176
02/19/2014,CLL,TX,ASW,CE,Federal Contract Tower,0,24,23,22,69,0,0,16,0,16,0,24,39,22,85,28,60,88,173
02/20/2014,CLL,TX,ASW,CE,Federal Contract Tower,0,17,27,32,76,0,2,37,0,39,0,19,64,32,115,42,8,50,165
02/21/2014,CLL,TX,ASW,CE,Federal Contract Tower,0,20,27,47,94,0,12,74,8,94,0,32,101,55,188,64,74,138,326
02/22/2014,CLL,TX,ASW,CE,Federal Contract Tower,0,18,22,38,78,0,9,64,11,84,0,27,86,49,162,56,48,104,266
02/23/2014,CLL,TX,ASW,CE,Federal Contract Tower,0,21,15,21,57,0,2,40,3,45,0,23,55,24,102,40,10,50,152
02/24/2014,CLL,TX,ASW,CE,Federal Contract Tower,0,15,21,26,62,0,0,10,0,10,0,15,31,26,72,24,4,28,100
02/25/2014,CLL,TX,ASW,CE,Federal Contract Tower,1,19,27,0,47,0,0,1,0,1,1,19,28,0,48,8,0,8,56
02/26/2014,CLL,TX,ASW,CE,Federal Contract Tower,0,20,15,2,37,0,0,17,0,17,0,20,32,2,54,44,0,44,98
02/27/2014,CLL,TX,ASW,CE,Federal Contract Tower,0,15,12,48,75,0,6,83,4,93,0,21,95,52,168,10,6,16,184
02/28/2014,CLL,TX,ASW,CE,Federal Contract Tower,1,24,36,48,109,0,25,31,1,57,1,49,67,49,166,10,0,10,176
03/01/2014,CLL,TX,ASW,CE,Federal Contract Tower,0,19,21,21,61,0,0,32,0,32,0,19,53,21,93,44,10,54,147
03/02/2014,CLL,TX,ASW,CE,Federal Contract Tower,0,12,9,0,21,0,0,0,0,0,0,12,9,0,21,0,0,0,21
03/03/2014,CLL,TX,ASW,CE,Federal Contract Tower,0,16,17,11,44,0,0,0,0,0,0,16,17,11,44,50,10,60,104
03/04/2014,CLL,TX,ASW,CE,Federal Contract Tower,1,7,12,0,20,0,0,6,0,6,1,7,18,0,26,0,0,0,26
03/05/2014,CLL,TX,ASW,CE,Federal Contract Tower,0,24,28,30,82,0,0,15,0,15,0,24,43,30,97,68,0,68,165
03/06/2014,CLL,TX,ASW,CE,Federal Contract Tower,0,18,31,30,79,0,8,63,8,79,0,26,94,38,158,54,12,66,224
03/07/2014,CLL,TX,ASW,CE,Federal Contract Tower,0,22,22,38,82,0,6,78,3,87,0,28,100,41,169,116,10,126,295
03/08/2014,CLL,TX,ASW,CE,Federal Contract Tower,0,14,22,4,40,0,5,8,0,13,0,19,30,4,53,24,8,32,85
03/09/2014,CLL,TX,ASW,CE,Federal Contract Tower,0,23,17,12,52,0,0,12,0,12,0,23,29,12,64,10,2,12,76
03/10/2014,CLL,TX,ASW,CE,Federal Contract Tower,0,15,20,37,72,0,0,43,3,46,0,15,63,40,118,42,16,58,176
03/11/2014,CLL,TX,ASW,CE,Federal Contract Tower,1,18,11,22,52,0,6,20,0,26,1,24,31,22,78,0,0,0,78
03/12/2014,CLL,TX,ASW,CE,Federal Contract Tower,0,18,13,42,73,0,10,13,3,26,0,28,26,45,99,92,10,102,201
03/13/2014,CLL,TX,ASW,CE,Federal Contract Tower,1,19,25,31,76,0,2,41,6,49,1,21,66,37,125,26,46,72,197
03/14/2014,CLL,TX,ASW,CE,Federal Contract Tower,0,14,18,42,74,0,0,36,1,37,0,14,54,43,111,20,6,26,137
03/15/2014,CLL,TX,ASW,CE,Federal Contract Tower,0,10,12,0,22,0,0,0,0,0,0,10,12,0,22,0,0,0,22
03/16/2014,CLL,TX,ASW,CE,Federal Contract Tower,0,17,18,9,44,0,0,18,0,18,0,17,36,9,62,4,0,4,66
03/17/2014,CLL,TX,ASW,CE,Federal Contract Tower,0,15,21,24,60,0,6,50,5,61,0,21,71,29,121,50,40,90,211
03/18/2014,CLL,TX,ASW,CE,Federal Contract Tower,0,23,14,11,48,0,4,44,4,52,0,27,58,15,100,84,0,84,184
03/19/2014,CLL,TX,ASW,CE,Federal Contract Tower,0,17,23,37,77,0,0,45,2,47,0,17,68,39,124,60,20,80,204
03/20/2014,CLL,TX,ASW,CE,Federal Contract Tower,0,24,20,41,85,0,8,56,5,69,0,32,76,46,154,92,36,128,282
03/21/2014,CLL,TX,ASW,CE,Federal Contract Tower,3,21,26,22,72,0,1,50,3,54,3,22,76,25,126,106,6,112,238
03/22/2014,CLL,TX,ASW,CE,Federal Contract Tower,1,15,45,31,92,0,6,29,3,38,1,21,74,34,130,88,24,112,242
03/23/2014,CLL,TX,ASW,CE,Federal Contract Tower,2,20,28,9,59,0,0,13,1,14,2,20,41,10,73,28,0,28,101
03/24/2014,CLL,TX,ASW,CE,Federal Contract Tower,0,30,16,19,65,0,4,40,6,50,0,34,56,25,115,72,8,80,195
03/25/2014,CLL,TX,ASW,CE,Federal Contract Tower,1,27,7,67,102,0,6,36,10,52,1,33,43,77,154,16,48,64,218
03/26/2014,CLL,TX,ASW,CE,Federal Contract Tower,1,19,18,28,66,0,3,22,0,25,1,22,40,28,91,46,56,102,193
03/27/2014,CLL,TX,ASW,CE,Federal Contract Tower,2,29,14,2,47,0,2,0,0,2,2,31,14,2,49,0,0,0,49
03/28/2014,CLL,TX,ASW,CE,Federal Contract Tower,0,20,27,13,60,0,0,6,21,27,0,20,33,34,87,22,0,22,109
03/29/2014,CLL,TX,ASW,CE,Federal Contract Tower,0,15,16,55,86,0,2,56,3,61,0,17,72,58,147,62,16,78,225
03/30/2014,CLL,TX,ASW,CE,Federal Contract Tower,0,20,5,7,32,0,0,54,2,56,0,20,59,9,88,40,2,42,130
03/31/2014,CLL,TX,ASW,CE,Federal Contract Tower,0,21,14,35,70,0,0,33,1,34,0,21,47,36,104,20,6,26,130
04/01/2014,CLL,TX,ASW,CE,Federal Contract Tower,0,23,25,28,76,0,2,11,13,26,0,25,36,41,102,46,0,46,148
04/02/2014,CLL,TX,ASW,CE,Federal Contract Tower,0,17,33,16,66,0,0,23,1,24,0,17,56,17,90,56,0,56,146
04/03/2014,CLL,TX,ASW,CE,Federal Contract Tower,0,24,22,16,62,0,8,25,3,36,0,32,47,19,98,64,4,68,166
04/04/2014,CLL,TX,ASW,CE,Federal Contract Tower,0,21,25,35,81,0,0,72,12,84,0,21,97,47,165,86,54,140,305
04/05/2014,CLL,TX,ASW,CE,Federal Contract Tower,0,18,40,26,84,0,7,56,8,71,0,25,96,34,155,128,26,154,309
04/06/2014,CLL,TX,ASW,CE,Federal Contract Tower,0,21,20,2,43,0,0,0,0,0,0,21,20,2,43,0,0,0,43
04/07/2014,CLL,TX,ASW,CE,Federal Contract Tower,0,15,29,56,100,0,10,45,2,57,0,25,74,58,157,26,56,82,239
04/08/2014,CLL,TX,ASW,CE,Federal Contract Tower,0,15,15,27,57,0,4,45,3,52,0,19,60,30,109,28,6,34,143
04/09/2014,CLL,TX,ASW,CE,Federal Contract Tower,0,23,32,21,76,0,1,56,2,59,0,24,88,23,135,42,38,80,215
04/10/2014,CLL,TX,ASW,CE,Federal Contract Tower,0,35,33,14,82,0,0,29,2,31,0,35,62,16,113,42,0,42,155
04/11/2014,CLL,TX,ASW,CE,Federal Contract Tower,0,22,26,30,78,0,0,75,5,80,0,22,101,35,158,62,10,72,230
04/12/2014,CLL,TX,ASW,CE,Federal Contract Tower,0,10,24,37,71,2,2,55,10,69,2,12,79,47,140,38,40,78,218
04/13/2014,CLL,TX,ASW,CE,Federal Contract Tower,0,15,19,12,46,0,0,6,0,6,0,15,25,12,52,0,0,0,52
04/14/2014,CLL,TX,ASW,CE,Federal Contract Tower,2,22,9,0,33,0,0,5,1,6,2,22,14,1,39,0,0,0,39
04/15/2014,CLL,TX,ASW,CE,Federal Contract Tower,0,22,28,30,80,0,4,50,15,69,0,26,78,45,149,82,16,98,247
04/16/2014,CLL,TX,ASW,CE,Federal Contract Tower,0,14,26,25,65,0,0,47,7,54,0,14,73,32,119,54,18,72,191
04/17/2014,CLL,TX,ASW,CE,Federal Contract Tower,0,20,34,28,82,0,1,34,2,37,0,21,68,30,119,66,0,66,185
04/18/2014,CLL,TX,ASW,CE,Federal Contract Tower,0,16,35,42,93,0,4,79,4,87,0,20,114,46,180,40,32,72,252
04/19/2014,CLL,TX,ASW,CE,Federal Contract Tower,0,11,5,11,27,0,4,42,9,55,0,15,47,20,82,56,20,76,158
04/20/2014,CLL,TX,ASW,CE,Federal Contract Tower,0,14,19,0,33,0,0,40,0,40,0,14,59,0,73,18,0,18,91
04/21/2014,CLL,TX,ASW,CE,Federal Contract Tower,0,15,28,22,65,0,0,36,0,36,0,15,64,22,101,76,10,86,187
04/22/2014,CLL,TX,ASW,CE,Federal Contract Tower,0,23,27,37,87,0,6,53,9,68,0,29,80,46,155,52,50,102,257
04/23/2014,CLL,TX,ASW,CE,Federal Contract Tower,0,23,31,20,74,0,4,50,2,56,0,27,81,22,130,68,42,110,240
04/24/2014,CLL,TX,ASW,CE,Federal Contract Tower,0,24,27,24,75,0,8,34,0,42,0,32,61,24,117,48,0,48,165
04/25/2014,CLL,TX,ASW,CE,Federal Contract Tower,0,26,25,46,97,0,6,90,19,115,0,32,115,65,212,104,62,166,378
04/26/2014,CLL,TX,ASW,CE,Federal Contract Tower,0,11,27,57,95,0,0,28,2,30,0,11,55,59,125,40,28,68,193
04/27/2014,CLL,TX,ASW,CE,Federal Contract Tower,0,21,18,3,42,0,20,21,3,44,0,41,39,6,86,2,0,2,88
04/28/2014,CLL,TX,ASW,CE,Federal Contract Tower,0,19,14,59,92,0,6,47,8,61,0,25,61,67,153,28,12,40,193
04/29/2014,CLL,TX,ASW,CE,Federal Contract Tower,0,16,22,31,69,0,3,33,12,48,0,19,55,43,117,40,96,136,253
04/30/2014,CLL,TX,ASW,CE,Federal Contract Tower,0,19,29,33,81,0,6,50,2,58,0,25,79,35,139,30,20,50,189
05/01/2014,CLL,TX,ASW,CE,Federal Contract Tower,0,27,24,40,91,0,18,52,7,77,0,45,76,47,168,64,10,74,242
05/02/2014,CLL,TX,ASW,CE,Federal Contract Tower,0,24,19,47,90,0,0,63,11,74,0,24,82,58,164,78,62,140,304
05/03/2014,CLL,TX,ASW,CE,Federal Contract Tower,0,14,26,22,62,0,0,61,5,66,0,14,87,27,128,54,50,104,232
05/04/2014,CLL,TX,ASW,CE,Federal Contract Tower,0,12,13,2,27,0,0,65,4,69,0,12,78,6,96,24,2,26,122
05/05/2014,CLL,TX,ASW,CE,Federal Contract Tower,0,15,16,40,71,0,6,45,5,56,0,21,61,45,127,46,38,84,211
05/06/2014,CLL,TX,ASW,CE,Federal Contract Tower,0,17,15,4,36,0,8,52,12,72,0,25,67,16,108,100,16,116,224
05/07/2014,CLL,TX,ASW,CE,Federal Contract Tower,0,15,17,41,73,0,0,29,2,31,0,15,46,43,104,60,86,146,250
05/08/2014,CLL,TX,ASW,CE,Federal Contract Tower,0,11,11,2,24,0,0,3,0,3,0,11,14,2,27,22,0,22,49
05/09/2014,CLL,TX,ASW,CE,Federal Contract Tower,0,23,32,23,78,0,0,9,4,13,0,23,41,27,91,0,0,0,91
05/10/2014,CLL,TX,ASW,CE,Federal Contract Tower,0,13,40,17,70,0,0,43,1,44,0,13,83,18,114,56,0,56,170
05/11/2014,CLL,TX,ASW,CE,Federal Contract Tower,0,14,21,36,71,0,0,20,1,21,0,14,41,37,92,22,28,50,142
05/12/2014,CLL,TX,ASW,CE,Federal Contract Tower,0,13,18,20,51,0,2,18,2,22,0,15,36,22,73,42,4,46,119
05/13/2014,CLL,TX,ASW,CE,Federal Contract Tower,0,19,10,0,29,0,0,12,0,12,0,19,22,0,41,34,0,34,75
05/14/2014,CLL,TX,ASW,CE,Federal Contract Tower,0,22,46,13,81,0,1,23,3,27,0,23,69,16,108,22,8,30,138
05/15/2014,CLL,TX,ASW,CE,Federal Contract Tower,0,19,20,21,60,0,14,48,6,68,0,33,68,27,128,52,38,90,218
05/16/2014,CLL,TX,ASW,CE,Federal Contract Tower,0,14,18,49,81,0,16,48,6,70,0,30,66,55,151,58,34,92,243
05/17/2014,CLL,TX,ASW,CE,Federal Contract Tower,0,16,11,7,34,0,0,56,4,60,0,16,67,11,94,54,12,66,160
05/18/2014,CLL,TX,ASW,CE,Federal Contract Tower,0,13,16,47,76,0,2,23,8,33,0,15,39,55,109,16,8,24,133
05/19/2014,CLL,TX,ASW,CE,Federal Contract Tower,0,17,12,24,53,0,6,24,2,32,0,23,36,26,85,2,14,16,101
05/20/2014,CLL,TX,ASW,CE,Federal Contract Tower,0,15,16,13,44,0,0,39,0,39,0,15,55,13,83,32,12,44,127
05/21/2014,CLL,TX,ASW,CE,Federal Contract Tower,0,19,9,56,84,0,5,33,4,42,0,24,42,60,126,28,2,30,156
05/22/2014,CLL,TX,ASW,CE,Federal Contract Tower,0,15,11,19,45,0,0,33,0,33,0,15,44,19,78,36,0,36,114
05/23/2014,CLL,TX,ASW,CE,Federal Contract Tower,0,18,19,9,46,0,4,43,11,58,0,22,62,20,104,42,26,68,172
05/24/2014,CLL,TX,ASW,CE,Federal Contract Tower,0,16,12,5,33,0,3,23,1,27,0,19,35,6,60,54,0,54,114
05/25/2014,CLL,TX,ASW,CE,Federal Contract Tower,0,10,10,0,20,0,0,21,0,21,0,10,31,0,41,16,0,16,57
05/26/2014,CLL,TX,ASW,CE,Federal Contract Tower,0,17,12,0,29,0,2,9,0,11,0,19,21,0,40,0,0,0,40
05/27/2014,CLL,TX,ASW,CE,Federal Contract Tower,0,17,11,0,28,0,0,0,0,0,0,17,11,0,28,0,0,0,28
05/28/2014,CLL,TX,ASW,CE,Federal Contract Tower,0,20,39,6,65,0,0,8,0,8,0,20,47,6,73,24,0,24,97
05/29/2014,CLL,TX,ASW,CE,Federal Contract Tower,0,15,28,15,58,0,12,34,4,50,0,27,62,19,108,12,0,12,120
05/30/2014,CLL,TX,ASW,CE,Federal Contract Tower,0,20,24,42,86,0,0,36,6,42,0,20,60,48,128,24,22,46,174
05/31/2014,CLL,TX,ASW,CE,Federal Contract Tower,0,15,21,14,50,1,8,16,1,26,1,23,37,15,76,18,0,18,94
06/01/2014,CLL,TX,ASW,CE,Federal Contract Tower,0,11,20,17,48,0,2,39,0,41,0,13,59,17,89,32,0,32,121
06/02/2014,CLL,TX,ASW,CE,Federal Contract Tower,0,18,11,28,57,0,2,63,0,65,0,20,74,28,122,44,16,60,182
06/03/2014,CLL,TX,ASW,CE,Federal Contract Tower,0,15,16,13,44,0,0,39,0,39,0,15,55,13,83,32,12,44,127
06/04/2014,CLL,TX,ASW,CE,Federal Contract Tower,0,13,16,28,57,0,2,32,7,41,0,15,48,35,98,76,34,110,208
06/05/2014,CLL,TX,ASW,CE,Federal Contract Tower,0,17,45,38,100,0,0,51,5,56,0,17,96,43,156,26,18,44,200
06/06/2014,CLL,TX,ASW,CE,Federal Contract Tower,1,18,34,5,58,0,0,48,4,52,1,18,82,9,110,40,14,54,164
06/07/2014,CLL,TX,ASW,CE,Federal Contract Tower,0,18,11,13,42,0,0,39,2,41,0,18,50,15,83,54,0,54,137
06/08/2014,CLL,TX,ASW,CE,Federal Contract Tower,1,14,16,15,46,0,0,40,2,42,1,14,56,17,88,26,0,26,114
06/09/2014,CLL,TX,ASW,CE,Federal Contract Tower,0,15,13,31,59,0,0,3,6,9,0,15,16,37,68,10,12,22,90
06/10/2014,CLL,TX,ASW,CE,Federal Contract Tower,0,18,12,13,43,0,2,35,3,40,0,20,47,16,83,46,10,56,139
06/11/2014,CLL,TX,ASW,CE,Federal Contract Tower,0,18,21,15,54,0,0,64,0,64,0,18,85,15,118,62,0,62,180
06/12/2014,CLL,TX,ASW,CE,Federal Contract Tower,0,21,17,18,56,0,22,17,1,40,0,43,34,19,96,10,4,14,110
06/13/2014,CLL,TX,ASW,CE,Federal Contract Tower,0,15,19,36,70,0,0,43,6,49,0,15,62,42,119,24,54,78,197
06/14/2014,CLL,TX,ASW,CE,Federal Contract Tower,0,12,19,27,58,0,0,33,4,37,0,12,52,31,95,28,26,54,149
06/15/2014,CLL,TX,ASW,CE,Federal Contract Tower,0,15,19,15,49,0,0,39,1,40,0,15,58,16,89,12,0,12,101
06/16/2014,CLL,TX,ASW,CE,Federal Contract Tower,0,20,20,27,67,0,0,43,0,43,0,20,63,27,110,60,0,60,170
06/17/2014,CLL,TX,ASW,CE,Federal Contract Tower,0,14,10,21,45,0,4,28,1,33,0,18,38,22,78,30,0,30,108
06/18/2014,CLL,TX,ASW,CE,Federal Contract Tower,0,30,14,6,50,0,0,37,3,40,0,30,51,9,90,38,8,46,136
06/19/2014,CLL,TX,ASW,CE,Federal Contract Tower,0,19,2,18,39,0,5,26,3,34,0,24,28,21,73,32,36,68,141
06/20/2014,CLL,TX,ASW,CE,Federal Contract Tower,0,19,29,32,80,0,0,37,6,43,0,19,66,38,123,46,16,62,185
06/21/2014,CLL,TX,ASW,CE,Federal Contract Tower,0,12,5,36,53,0,0,53,2,55,0,12,58,38,108,10,22,32,140
06/22/2014,CLL,TX,ASW,CE,Federal Contract Tower,0,17,15,24,56,0,0,31,0,31,0,17,46,24,87,76,8,84,171
06/23/2014,CLL,TX,ASW,CE,Federal Contract Tower,0,29,22,3,54,0,0,30,0,30,0,29,52,3,84,62,0,62,146
06/24/2014,CLL,TX,ASW,CE,Federal Contract Tower,0,21,17,20,58,0,0,26,0,26,0,21,43,20,84,40,14,54,138
06/25/2014,CLL,TX,ASW,CE,Federal Contract Tower,0,15,26,0,41,0,2,10,0,12,0,17,36,0,53,18,0,18,71
06/26/2014,CLL,TX,ASW,CE,Federal Contract Tower,0,13,19,0,32,0,12,22,1,35,0,25,41,1,67,38,8,46,113
06/27/2014,CLL,TX,ASW,CE,Federal Contract Tower,0,15,2,14,31,0,0,23,8,31,0,15,25,22,62,36,0,36,98
06/28/2014,CLL,TX,ASW,CE,Federal Contract Tower,0,14,9,5,28,0,2,28,3,33,0,16,37,8,61,52,28,80,141
06/29/2014,CLL,TX,ASW,CE,Federal Contract Tower,0,18,31,39,88,0,0,40,8,48,0,18,71,47,136,40,36,76,212
06/30/2014,CLL,TX,ASW,CE,Federal Contract Tower,0,15,16,31,62,0,6,32,0,38,0,21,48,31,100,20,22,42,142
07/01/2014,CLL,TX,ASW,CE,Federal Contract Tower,0,17,18,17,52,0,6,27,5,38,0,23,45,22,90,36,14,50,140
07/02/2014,CLL,TX,ASW,CE,Federal Contract Tower,0,23,22,29,74,0,0,34,4,38,0,23,56,33,112,22,24,46,158
07/03/2014,CLL,TX,ASW,CE,Federal Contract Tower,0,17,14,14,45,0,0,22,10,32,0,17,36,24,77,8,12,20,97
07/04/2014,CLL,TX,ASW,CE,Federal Contract Tower,0,7,3,0,10,0,0,27,0,27,0,7,30,0,37,26,0,26,63
07/05/2014,CLL,TX,ASW,CE,Federal Contract Tower,0,14,3,0,17,0,0,27,0,27,0,14,30,0,44,66,0,66,110
07/06/2014,CLL,TX,ASW,CE,Federal Contract Tower,0,17,21,11,49,0,0,40,3,43,0,17,61,14,92,30,4,34,126
07/07/2014,CLL,TX,ASW,CE,Federal Contract Tower,0,17,9,15,41,0,0,49,4,53,0,17,58,19,94,24,0,24,118
07/08/2014,CLL,TX,ASW,CE,Federal Contract Tower,0,18,12,24,54,0,3,48,0,51,0,21,60,24,105,22,36,58,163
07/09/2014,CLL,TX,ASW,CE,Federal Contract Tower,0,20,10,37,67,0,23,32,4,59,0,43,42,41,126,34,20,54,180
07/10/2014,CLL,TX,ASW,CE,Federal Contract Tower,0,20,32,20,72,0,6,65,5,76,0,26,97,25,148,24,8,32,180
07/11/2014,CLL,TX,ASW,CE,Federal Contract Tower,0,17,22,80,119,0,2,53,19,74,0,19,75,99,193,42,26,68,261
07/12/2014,CLL,TX,ASW,CE,Federal Contract Tower,0,12,18,55,85,0,0,36,7,43,0,12,54,62,128,56,16,72,200
07/13/2014,CLL,TX,ASW,CE,Federal Contract Tower,0,15,32,67,114,0,0,50,13,63,0,15,82,80,177,44,54,98,275
07/14/2014,CLL,TX,ASW,CE,Federal Contract Tower,0,18,15,23,56,0,14,33,11,58,0,32,48,34,114,38,10,48,162
07/15/2014,CLL,TX,ASW,CE,Federal Contract Tower,0,19,10,7,36,0,0,21,7,28,0,19,31,14,64,40,38,78,142
07/16/2014,CLL,TX,ASW,CE,Federal Contract Tower,0,22,20,22,64,0,7,17,8,32,0,29,37,30,96,28,14,42,138
07/17/2014,CLL,TX,ASW,CE,Federal Contract Tower,0,20,14,17,51,0,0,8,7,15,0,20,22,24,66,6,20,26,92
07/18/2014,CLL,TX,ASW,CE,Federal Contract Tower,0,14,27,12,53,0,0,11,2,13,0,14,38,14,66,20,0,20,86
07/19/2014,CLL,TX,ASW,CE,Federal Contract Tower,0,13,26,35,74,0,0,0,0,0,0,13,26,35,74,28,24,52,126
07/20/2014,CLL,TX,ASW,CE,Federal Contract Tower,0,14,13,45,72,0,0,30,5,35,0,14,43,50,107,14,0,14,121
07/21/2014,CLL,TX,ASW,CE,Federal Contract Tower,0,17,20,18,55,0,2,41,9,52,0,19,61,27,107,30,2,32,139
07/22/2014,CLL,TX,ASW,CE,Federal Contract Tower,0,14,14,13,41,0,6,54,6,66,0,20,68,19,107,40,22,62,169
07/23/2014,CLL,TX,ASW,CE,Federal Contract Tower,0,19,28,22,69,0,4,44,5,53,0,23,72,27,122,28,8,36,158
07/24/2014,CLL,TX,ASW,CE,Federal Contract Tower,0,16,24,14,54,0,14,39,10,63,0,30,63,24,117,20,14,34,151
07/25/2014,CLL,TX,ASW,CE,Federal Contract Tower,0,12,21,42,75,0,4,66,11,81,0,16,87,53,156,8,54,62,218
07/26/2014,CLL,TX,ASW,CE,Federal Contract Tower,0,11,20,18,49,0,0,36,4,40,0,11,56,22,89,66,6,72,161
07/27/2014,CLL,TX,ASW,CE,Federal Contract Tower,0,14,13,7,34,0,0,32,1,33,0,14,45,8,67,22,0,22,89
07/28/2014,CLL,TX,ASW,CE,Federal Contract Tower,0,16,19,51,86,0,5,32,4,41,0,21,51,55,127,10,22,32,159
07/29/2014,CLL,TX,ASW,CE,Federal Contract Tower,0,17,20,12,49,0,0,30,4,34,0,17,50,16,83,28,24,52,135
07/30/2014,CLL,TX,ASW,CE,Federal Contract Tower,0,15,12,35,62,0,18,36,0,54,0,33,48,35,116,26,8,34,150
07/31/2014,CLL,TX,ASW,CE,Federal Contract Tower,0,12,10,6,28,0,16,17,6,39,0,28,27,12,67,12,0,12,79
08/01/2014,CLL,TX,ASW,CE,Federal Contract Tower,0,14,16,35,65,0,2,22,2,26,0,16,38,37,91,20,2,22,113
08/02/2014,CLL,TX,ASW,CE,Federal Contract Tower,0,12,18,15,45,0,6,26,1,33,0,18,44,16,78,0,0,0,78
08/03/2014,CLL,TX,ASW,CE,Federal Contract Tower,0,16,23,6,45,0,3,36,3,42,0,19,59,9,87,16,10,26,113
08/04/2014,CLL,TX,ASW,CE,Federal Contract Tower,0,15,21,59,95,0,0,42,3,45,0,15,63,62,140,6,58,64,204
08/05/2014,CLL,TX,ASW,CE,Federal Contract Tower,0,21,18,39,78,0,0,33,2,35,0,21,51,41,113,22,0,22,135
08/06/2014,CLL,TX,ASW,CE,Federal Contract Tower,0,14,23,17,54,0,8,31,9,48,0,22,54,26,102,16,14,30,132
08/07/2014,CLL,TX,ASW,CE,Federal Contract Tower,0,16,14,65,95,0,0,40,9,49,0,16,54,74,144,52,42,94,238
08/08/2014,CLL,TX,ASW,CE,Federal Contract Tower,0,14,22,72,108,0,0,40,19,59,0,14,62,91,167,0,50,50,217
08/09/2014,CLL,TX,ASW,CE,Federal Contract Tower,0,11,13,33,57,0,0,40,4,44,0,11,53,37,101,54,14,68,169
08/10/2014,CLL,TX,ASW,CE,Federal Contract Tower,0,14,17,25,56,0,0,26,1,27,0,14,43,26,83,22,10,32,115
08/11/2014,CLL,TX,ASW,CE,Federal Contract Tower,0,14,9,27,50,0,6,17,4,27,0,20,26,31,77,52,6,58,135
08/12/2014,CLL,TX,ASW,CE,Federal Contract Tower,0,15,18,37,70,0,0,58,18,76,0,15,76,55,146,28,56,84,230
08/13/2014,CLL,TX,ASW,CE,Federal Contract Tower,0,19,27,25,71,0,0,35,12,47,0,19,62,37,118,16,40,56,174
08/14/2014,CLL,TX,ASW,CE,Federal Contract Tower,0,18,20,6,44,0,6,36,11,53,0,24,56,17,97,46,92,138,235
08/15/2014,CLL,TX,ASW,CE,Federal Contract Tower,0,16,16,4,36,0,23,56,3,82,0,39,72,7,118,24,0,24,142
08/16/2014,CLL,TX,ASW,CE,Federal Contract Tower,0,12,18,26,56,0,10,48,2,60,0,22,66,28,116,32,2,34,150
08/17/2014,CLL,TX,ASW,CE,Federal Contract Tower,0,11,6,0,17,0,0,35,0,35,0,11,41,0,52,10,0,10,62
08/18/2014,CLL,TX,ASW,CE,Federal Contract Tower,0,16,10,12,38,0,6,26,5,37,0,22,36,17,75,6,14,20,95
08/19/2014,CLL,TX,ASW,CE,Federal Contract Tower,0,12,10,15,37,0,1,31,5,37,0,13,41,20,74,42,22,64,138
08/20/2014,CLL,TX,ASW,CE,Federal Contract Tower,0,19,6,29,54,0,1,37,1,39,0,20,43,30,93,32,0,32,125
08/21/2014,CLL,TX,ASW,CE,Federal Contract Tower,0,21,21,14,56,0,0,53,5,58,0,21,74,19,114,18,0,18,132
08/22/2014,CLL,TX,ASW,CE,Federal Contract Tower,2,15,21,20,58,0,4,46,1,51,2,19,67,21,109,58,0,58,167
08/23/2014,CLL,TX,ASW,CE,Federal Contract Tower,0,9,14,12,35,0,4,64,10,78,0,13,78,22,113,38,16,54,167
08/24/2014,CLL,TX,ASW,CE,Federal Contract Tower,0,18,26,47,91,0,5,45,0,50,0,23,71,47,141,14,6,20,161
08/25/2014,CLL,TX,ASW,CE,Federal Contract Tower,0,17,22,24,63,0,11,50,8,69,0,28,72,32,132,28,20,48,180
08/26/2014,CLL,TX,ASW,CE,Federal Contract Tower,0,16,15,10,41,0,1,43,4,48,0,17,58,14,89,48,6,54,143
08/27/2014,CLL,TX,ASW,CE,Federal Contract Tower,4,15,21,19,59,0,2,58,6,66,4,17,79,25,125,36,18,54,179
08/28/2014,CLL,TX,ASW,CE,Federal Contract Tower,0,21,19,3,43,0,9,25,2,36,0,30,44,5,79,20,12,32,111
08/29/2014,CLL,TX,ASW,CE,Federal Contract Tower,2,18,32,1,53,0,0,30,0,30,2,18,62,1,83,26,0,26,109
08/30/2014,CLL,TX,ASW,CE,Federal Contract Tower,0,10,26,3,39,0,0,37,1,38,0,10,63,4,77,16,0,16,93
08/31/2014,CLL,TX,ASW,CE,Federal Contract Tower,0,11,16,0,27,0,0,16,0,16,0,11,32,0,43,0,0,0,43
09/01/2014,CLL,TX,ASW,CE,Federal Contract Tower,0,19,23,4,46,0,0,30,3,33,0,19,53,7,79,12,0,12,91
09/02/2014,CLL,TX,ASW,CE,Federal Contract Tower,0,20,18,16,54,0,2,47,2,51,0,22,65,18,105,2,4,6,111
09/03/2014,CLL,TX,ASW,CE,Federal Contract Tower,0,17,23,22,62,0,9,45,5,59,0,26,68,27,121,42,12,54,175
09/04/2014,CLL,TX,ASW,CE,Federal Contract Tower,0,14,22,28,64,0,2,42,7,51,0,16,64,35,115,20,36,56,171
09/05/2014,CLL,TX,ASW,CE,Federal Contract Tower,0,17,37,58,112,0,0,46,7,53,0,17,83,65,165,40,22,62,227
09/06/2014,CLL,TX,ASW,CE,Federal Contract Tower,0,12,57,35,104,0,0,73,6,79,0,12,130,41,183,102,28,130,313
09/07/2014,CLL,TX,ASW,CE,Federal Contract Tower,2,17,36,35,90,0,2,50,21,73,2,19,86,56,163,0,10,10,173
09/08/2014,CLL,TX,ASW,CE,Federal Contract Tower,0,18,9,19,46,0,0,35,15,50,0,18,44,34,96,16,18,34,130
09/09/2014,CLL,TX,ASW,CE,Federal Contract Tower,0,13,16,33,62,0,8,49,19,76,0,21,65,52,138,52,34,86,224
09/10/2014,CLL,TX,ASW,CE,Federal Contract Tower,0,16,13,42,71,0,3,28,7,38,0,19,41,49,109,30,44,74,183
09/11/2014,CLL,TX,ASW,CE,Federal Contract Tower,0,15,27,29,71,0,13,45,1,59,0,28,72,30,130,26,14,40,170
09/12/2014,CLL,TX,ASW,CE,Federal Contract Tower,1,16,29,59,105,0,0,19,2,21,1,16,48,61,126,20,24,44,170
09/13/2014,CLL,TX,ASW,CE,Federal Contract Tower,0,14,64,6,84,0,0,9,0,9,0,14,73,6,93,0,0,0,93
09/14/2014,CLL,TX,ASW,CE,Federal Contract Tower,0,18,35,19,72,0,1,34,4,39,0,19,69,23,111,34,0,34,145
09/15/2014,CLL,TX,ASW,CE,Federal Contract Tower,0,18,7,28,53,0,2,30,11,43,0,20,37,39,96,26,16,42,138
09/16/2014,CLL,TX,ASW,CE,Federal Contract Tower,0,16,15,10,41,0,10,34,5,49,0,26,49,15,90,70,0,70,160
09/17/2014,CLL,TX,ASW,CE,Federal Contract Tower,0,16,31,24,71,0,2,22,2,26,0,18,53,26,97,14,0,14,111
09/18/2014,CLL,TX,ASW,CE,Federal Contract Tower,0,26,19,7,52,0,0,3,1,4,0,26,22,8,56,6,4,10,66
09/19/2014,CLL,TX,ASW,CE,Federal Contract Tower,0,19,38,37,94,0,1,18,6,25,0,20,56,43,119,22,8,30,149
09/20/2014,CLL,TX,ASW,CE,Federal Contract Tower,0,15,18,2,35,0,5,47,3,55,0,20,65,5,90,50,0,50,140
09/21/2014,CLL,TX,ASW,CE,Federal Contract Tower,0,20,24,25,69,0,2,56,6,64,0,22,80,31,133,46,18,64,197
09/22/2014,CLL,TX,ASW,CE,Federal Contract Tower,0,24,20,12,56,0,4,52,3,59,0,28,72,15,115,28,4,32,147
09/23/2014,CLL,TX,ASW,CE,Federal Contract Tower,0,16,19,67,102,0,5,46,4,55,0,21,65,71,157,42,16,58,215
09/24/2014,CLL,TX,ASW,CE,Federal Contract Tower,0,17,21,23,61,0,1,41,11,53,0,18,62,34,114,66,24,90,204
09/25/2014,CLL,TX,ASW,CE,Federal Contract Tower,0,26,21,31,78,0,6,53,9,68,0,32,74,40,146,12,10,22,168
09/26/2014,CLL,TX,ASW,CE,Federal Contract Tower,0,21,22,33,76,0,0,69,1,70,0,21,91,34,146,38,6,44,190
09/27/2014,CLL,TX,ASW,CE,Federal Contract Tower,0,11,21,31,63,0,6,36,2,44,0,17,57,33,107,20,6,26,133
09/28/2014,CLL,TX,ASW,CE,Federal Contract Tower,0,17,16,8,41,0,8,44,0,52,0,25,60,8,93,22,0,22,115
09/29/2014,CLL,TX,ASW,CE,Federal Contract Tower,0,20,24,19,63,0,0,37,2,39,0,20,61,21,102,8,8,16,118
09/30/2014,CLL,TX,ASW,CE,Federal Contract Tower,0,15,10,23,48,0,2,43,1,46,0,17,53,24,94,52,26,78,172
10/01/2014,CLL,TX,ASW,CE,Federal Contract Tower,0,19,17,50,86,0,4,37,7,48,0,23,54,57,134,6,58,64,198
10/02/2014,CLL,TX,ASW,CE,Federal Contract Tower,0,29,13,28,70,0,3,39,0,42,0,32,52,28,112,32,6,38,150
10/03/2014,CLL,TX,ASW,CE,Federal Contract Tower,2,22,17,17,58,0,10,62,8,80,2,32,79,25,138,36,56,92,230
10/04/2014,CLL,TX,ASW,CE,Federal Contract Tower,4,17,13,0,34,0,0,51,2,53,4,17,64,2,87,58,12,70,157
10/05/2014,CLL,TX,ASW,CE,Federal Contract Tower,0,18,22,12,52,0,12,74,0,86,0,30,96,12,138,64,0,64,202
10/06/2014,CLL,TX,ASW,CE,Federal Contract Tower,0,23,11,22,56,0,8,33,2,43,0,31,44,24,99,20,18,38,137
10/07/2014,CLL,TX,ASW,CE,Federal Contract Tower,0,14,20,40,74,0,4,38,5,47,0,18,58,45,121,14,6,20,141
10/08/2014,CLL,TX,ASW,CE,Federal Contract Tower,2,18,32,28,80,0,1,37,4,42,2,19,69,32,122,72,20,92,214
10/09/2014,CLL,TX,ASW,CE,Federal Contract Tower,0,25,21,51,97,0,2,45,4,51,0,27,66,55,148,50,6,56,204
10/10/2014,CLL,TX,ASW,CE,Federal Contract Tower,1,19,43,16,79,0,6,45,2,53,1,25,88,18,132,26,2,28,160
10/11/2014,CLL,TX,ASW,CE,Federal Contract Tower,0,18,89,0,107,0,0,9,0,9,0,18,98,0,116,0,0,0,116
10/12/2014,CLL,TX,ASW,CE,Federal Contract Tower,1,36,103,0,140,0,0,4,0,4,1,36,107,0,144,4,0,4,148
10/13/2014,CLL,TX,ASW,CE,Federal Contract Tower,0,14,20,0,34,0,0,6,0,6,0,14,26,0,40,6,0,6,46
10/14/2014,CLL,TX,ASW,CE,Federal Contract Tower,0,15,24,21,60,0,0,57,9,66,0,15,81,30,126,36,6,42,168
10/15/2014,CLL,TX,ASW,CE,Federal Contract Tower,0,27,25,42,94,0,0,44,3,47,0,27,69,45,141,66,40,106,247
10/16/2014,CLL,TX,ASW,CE,Federal Contract Tower,0,22,21,21,64,0,0,51,5,56,0,22,72,26,120,56,14,70,190
10/17/2014,CLL,TX,ASW,CE,Federal Contract Tower,7,26,34,54,121,0,1,75,8,84,7,27,109,62,205,40,44,84,289
10/18/2014,CLL,TX,ASW,CE,Federal Contract Tower,0,19,27,28,74,0,0,41,2,43,0,19,68,30,117,36,0,36,153
10/19/2014,CLL,TX,ASW,CE,Federal Contract Tower,4,23,34,7,68,0,2,73,3,78,4,25,107,10,146,30,6,36,182
10/20/2014,CLL,TX,ASW,CE,Federal Contract Tower,0,16,32,37,85,0,4,39,3,46,0,20,71,40,131,4,42,46,177
10/21/2014,CLL,TX,ASW,CE,Federal Contract Tower,0,17,12,28,57,0,0,36,2,38,0,17,48,30,95,42,14,56,151
10/22/2014,CLL,TX,ASW,CE,Federal Contract Tower,0,21,25,24,70,0,2,26,3,31,0,23,51,27,101,52,0,52,153
10/23/2014,CLL,TX,ASW,CE,Federal Contract Tower,0,31,23,21,75,0,0,44,2,46,0,31,67,23,121,26,40,66,187
10/24/2014,CLL,TX,ASW,CE,Federal Contract Tower,0,24,21,20,65,0,0,67,11,78,0,24,88,31,143,36,28,64,207
10/25/2014,CLL,TX,ASW,CE,Federal Contract Tower,0,12,11,10,33,0,2,58,6,66,0,14,69,16,99,62,2,64,163
10/26/2014,CLL,TX,ASW,CE,Federal Contract Tower,0,23,21,27,71,0,0,72,5,77,0,23,93,32,148,10,12,22,170
10/27/2014,CLL,TX,ASW,CE,Federal Contract Tower,0,16,8,15,39,0,2,31,3,36,0,18,39,18,75,10,56,66,141
10/28/2014,CLL,TX,ASW,CE,Federal Contract Tower,0,14,19,17,50,0,0,45,7,52,0,14,64,24,102,18,0,18,120
10/29/2014,CLL,TX,ASW,CE,Federal Contract Tower,0,18,31,44,93,0,0,19,2,21,0,18,50,46,114,34,8,42,156
10/30/2014,CLL,TX,ASW,CE,Federal Contract Tower,0,22,20,51,93,0,4,56,5,65,0,26,76,56,158,56,32,88,246
10/31/2014,CLL,TX,ASW,CE,Federal Contract Tower,1,15,29,49,94,0,0,55,0,55,1,15,84,49,149,20,0,20,169
11/01/2014,CLL,TX,ASW,CE,Federal Contract Tower,1,10,56,8,75,0,1,77,2,80,1,11,133,10,155,4,0,4,159
11/02/2014,CLL,TX,ASW,CE,Federal Contract Tower,0,18,18,25,61,0,0,57,2,59,0,18,75,27,120,18,0,18,138
11/03/2014,CLL,TX,ASW,CE,Federal Contract Tower,0,21,11,35,67,0,2,37,16,55,0,23,48,51,122,8,26,34,156
11/04/2014,CLL,TX,ASW,CE,Federal Contract Tower,0,19,8,12,39,0,0,19,2,21,0,19,27,14,60,4,2,6,66
11/05/2014,CLL,TX,ASW,CE,Federal Contract Tower,0,19,21,3,43,0,0,0,0,0,0,19,21,3,43,0,0,0,43
11/06/2014,CLL,TX,ASW,CE,Federal Contract Tower,0,13,26,24,63,0,2,38,4,44,0,15,64,28,107,28,6,34,141
11/07/2014,CLL,TX,ASW,CE,Federal Contract Tower,10,21,32,37,100,0,0,100,1,101,10,21,132,38,201,36,20,56,257
11/08/2014,CLL,TX,ASW,CE,Federal Contract Tower,0,13,28,0,41,0,0,53,0,53,0,13,81,0,94,40,0,40,134
11/09/2014,CLL,TX,ASW,CE,Federal Contract Tower,7,20,27,2,56,0,0,73,0,73,7,20,100,2,129,30,0,30,159
11/10/2014,CLL,TX,ASW,CE,Federal Contract Tower,0,20,23,14,57,0,2,36,4,42,0,22,59,18,99,38,4,42,141
11/11/2014,CLL,TX,ASW,CE,Federal Contract Tower,0,20,42,0,62,0,0,22,0,22,0,20,64,0,84,10,0,10,94
11/12/2014,CLL,TX,ASW,CE,Federal Contract Tower,0,19,16,21,56,0,0,32,0,32,0,19,48,21,88,36,6,42,130
11/13/2014,CLL,TX,ASW,CE,Federal Contract Tower,0,21,31,31,83,0,0,48,7,55,0,21,79,38,138,38,8,46,184
11/14/2014,CLL,TX,ASW,CE,Federal Contract Tower,1,24,39,50,114,0,0,46,5,51,1,24,85,55,165,10,46,56,221
11/15/2014,CLL,TX,ASW,CE,Federal Contract Tower,1,20,80,15,116,0,0,9,0,9,1,20,89,15,125,8,0,8,133
11/16/2014,CLL,TX,ASW,CE,Federal Contract Tower,0,26,56,3,85,0,0,0,0,0,0,26,56,3,85,0,0,0,85
11/17/2014,CLL,TX,ASW,CE,Federal Contract Tower,0,20,28,8,56,0,0,46,0,46,0,20,74,8,102,6,0,6,108
11/18/2014,CLL,TX,ASW,CE,Federal Contract Tower,2,15,17,4,38,0,0,59,4,63,2,15,76,8,101,78,6,84,185
11/19/2014,CLL,TX,ASW,CE,Federal Contract Tower,0,22,32,27,81,0,0,37,6,43,0,22,69,33,124,48,38,86,210
11/20/2014,CLL,TX,ASW,CE,Federal Contract Tower,0,17,44,15,76,0,0,30,8,38,0,17,74,23,114,24,18,42,156
11/21/2014,CLL,TX,ASW,CE,Federal Contract Tower,0,18,41,6,65,0,0,0,0,0,0,18,41,6,65,0,0,0,65
11/22/2014,CLL,TX,ASW,CE,Federal Contract Tower,0,11,2,0,13,0,2,0,0,2,0,13,2,0,15,0,0,0,15
11/23/2014,CLL,TX,ASW,CE,Federal Contract Tower,0,17,14,1,32,0,3,49,4,56,0,20,63,5,88,58,14,72,160
11/24/2014,CLL,TX,ASW,CE,Federal Contract Tower,0,13,37,21,71,0,0,58,8,66,0,13,95,29,137,14,12,26,163
11/25/2014,CLL,TX,ASW,CE,Federal Contract Tower,0,15,30,32,77,0,0,54,7,61,0,15,84,39,138,38,6,44,182
11/26/2014,CLL,TX,ASW,CE,Federal Contract Tower,0,23,30,5,58,0,4,62,3,69,0,27,92,8,127,20,14,34,161
11/27/2014,CLL,TX,ASW,CE,Federal Contract Tower,2,15,62,0,79,0,2,58,0,60,2,17,120,0,139,124,0,124,263
11/28/2014,CLL,TX,ASW,CE,Federal Contract Tower,0,13,24,0,37,0,0,46,0,46,0,13,70,0,83,10,0,10,93
11/29/2014,CLL,TX,ASW,CE,Federal Contract Tower,0,13,13,0,26,0,0,23,0,23,0,13,36,0,49,20,0,20,69
11/30/2014,CLL,TX,ASW,CE,Federal Contract Tower,0,15,31,0,46,0,8,34,0,42,0,23,65,0,88,22,0,22,110
12/01/2014,CLL,TX,ASW,CE,Federal Contract Tower,0,17,19,32,68,0,0,9,0,9,0,17,28,32,77,20,0,20,97
12/02/2014,CLL,TX,ASW,CE,Federal Contract Tower,0,12,18,31,61,0,13,13,3,29,0,25,31,34,90,34,2,36,126
12/03/2014,CLL,TX,ASW,CE,Federal Contract Tower,0,15,32,0,47,0,0,14,2,16,0,15,46,2,63,64,2,66,129
12/04/2014,CLL,TX,ASW,CE,Federal Contract Tower,0,17,24,35,76,0,4,20,9,33,0,21,44,44,109,32,42,74,183
12/05/2014,CLL,TX,ASW,CE,Federal Contract Tower,3,21,34,36,94,0,0,22,4,26,3,21,56,40,120,18,0,18,138
12/06/2014,CLL,TX,ASW,CE,Federal Contract Tower,1,10,20,21,52,0,12,25,0,37,1,22,45,21,89,24,0,24,113
12/07/2014,CLL,TX,ASW,CE,Federal Contract Tower,0,18,29,64,111,0,0,4,0,4,0,18,33,64,115,4,0,4,119
12/08/2014,CLL,TX,ASW,CE,Federal Contract Tower,0,18,17,41,76,0,0,47,11,58,0,18,64,52,134,64,84,148,282
12/09/2014,CLL,TX,ASW,CE,Federal Contract Tower,0,23,15,28,66,0,3,59,7,69,0,26,74,35,135,56,22,78,213
12/10/2014,CLL,TX,ASW,CE,Federal Contract Tower,0,20,20,36,76,0,2,46,3,51,0,22,66,39,127,56,66,122,249
12/11/2014,CLL,TX,ASW,CE,Federal Contract Tower,2,21,22,27,72,0,8,30,5,43,2,29,52,32,115,50,0,50,165
12/12/2014,CLL,TX,ASW,CE,Federal Contract Tower,0,15,22,31,68,0,0,38,5,43,0,15,60,36,111,42,54,96,207
12/13/2014,CLL,TX,ASW,CE,Federal Contract Tower,3,11,13,32,59,0,2,35,15,52,3,13,48,47,111,100,42,142,253
12/14/2014,CLL,TX,ASW,CE,Federal Contract Tower,0,17,19,9,45,0,1,18,0,19,0,18,37,9,64,22,0,22,86
12/15/2014,CLL,TX,ASW,CE,Federal Contract Tower,0,18,23,33,74,0,2,54,7,63,0,20,77,40,137,52,8,60,197
12/16/2014,CLL,TX,ASW,CE,Federal Contract Tower,0,20,14,2,36,0,0,106,5,111,0,20,120,7,147,106,0,106,253
12/17/2014,CLL,TX,ASW,CE,Federal Contract Tower,2,15,29,10,56,0,2,15,0,17,2,17,44,10,73,72,14,86,159
12/18/2014,CLL,TX,ASW,CE,Federal Contract Tower,0,24,32,21,77,0,0,5,0,5,0,24,37,21,82,12,0,12,94
12/19/2014,CLL,TX,ASW,CE,Federal Contract Tower,2,13,23,24,62,0,0,3,1,4,2,13,26,25,66,8,4,12,78
12/20/2014,CLL,TX,ASW,CE,Federal Contract Tower,0,10,23,66,99,0,0,0,0,0,0,10,23,66,99,0,0,0,99
12/21/2014,CLL,TX,ASW,CE,Federal Contract Tower,0,13,15,0,28,0,0,13,0,13,0,13,28,0,41,36,0,36,77
12/22/2014,CLL,TX,ASW,CE,Federal Contract Tower,0,13,10,2,25,0,2,31,0,33,0,15,41,2,58,36,0,36,94
12/23/2014,CLL,TX,ASW,CE,Federal Contract Tower,0,14,11,14,39,0,2,11,0,13,0,16,22,14,52,38,44,82,134
12/24/2014,CLL,TX,ASW,CE,Federal Contract Tower,0,10,15,0,25,0,2,31,0,33,0,12,46,0,58,6,0,6,64
12/25/2014,CLL,TX,ASW,CE,Federal Contract Tower,4,10,3,0,17,0,0,8,0,8,4,10,11,0,25,0,0,0,25
12/26/2014,CLL,TX,ASW,CE,Federal Contract Tower,0,11,13,0,24,0,0,3,0,3,0,11,16,0,27,0,0,0,27
12/27/2014,CLL,TX,ASW,CE,Federal Contract Tower,0,13,2,0,15,0,0,2,0,2,0,13,4,0,17,0,0,0,17
12/28/2014,CLL,TX,ASW,CE,Federal Contract Tower,2,11,9,0,22,0,0,5,0,5,2,11,14,0,27,0,0,0,27
12/29/2014,CLL,TX,ASW,CE,Federal Contract Tower,0,13,14,6,33,0,6,31,8,45,0,19,45,14,78,8,0,8,86
12/30/2014,CLL,TX,ASW,CE,Federal Contract Tower,2,11,21,12,46,0,10,3,0,13,2,21,24,12,59,30,0,30,89
12/31/2014,CLL,TX,ASW,CE,Federal Contract Tower,0,12,19,2,33,0,12,25,0,37,0,24,44,2,70,32,0,32,102
01/01/2015,CLL,TX,ASW,CE,Federal Contract Tower,0,7,0,0,7,0,0,0,0,0,0,7,0,0,7,0,0,0,7
01/02/2015,CLL,TX,ASW,CE,Federal Contract Tower,0,19,4,0,23,0,0,0,0,0,0,19,4,0,23,0,0,0,23
01/03/2015,CLL,TX,ASW,CE,Federal Contract Tower,0,10,26,0,36,0,0,18,0,18,0,10,44,0,54,20,0,20,74
01/04/2015,CLL,TX,ASW,CE,Federal Contract Tower,0,14,15,0,29,0,0,57,0,57,0,14,72,0,86,14,0,14,100
01/05/2015,CLL,TX,ASW,CE,Federal Contract Tower,2,15,11,0,28,0,0,47,0,47,2,15,58,0,75,48,0,48,123
01/06/2015,CLL,TX,ASW,CE,Federal Contract Tower,0,13,12,29,54,0,10,50,7,67,0,23,62,36,121,74,10,84,205
01/07/2015,CLL,TX,ASW,CE,Federal Contract Tower,0,16,18,19,53,0,5,33,3,41,0,21,51,22,94,18,10,28,122
01/08/2015,CLL,TX,ASW,CE,Federal Contract Tower,0,14,23,40,77,0,4,42,10,56,0,18,65,50,133,72,18,90,223
01/09/2015,CLL,TX,ASW,CE,Federal Contract Tower,2,14,17,22,55,0,0,3,2,5,2,14,20,24,60,0,0,0,60
01/10/2015,CLL,TX,ASW,CE,Federal Contract Tower,2,10,12,4,28,0,0,2,0,2,2,10,14,4,30,0,0,0,30
01/11/2015,CLL,TX,ASW,CE,Federal Contract Tower,0,14,13,5,32,0,0,0,0,0,0,14,13,5,32,0,0,0,32
01/12/2015,CLL,TX,ASW,CE,Federal Contract Tower,1,12,11,49,73,0,1,5,0,6,1,13,16,49,79,4,14,18,97
01/13/2015,CLL,TX,ASW,CE,Federal Contract Tower,0,14,24,32,70,0,0,3,0,3,0,14,27,32,73,4,0,4,77
01/14/2015,CLL,TX,ASW,CE,Federal Contract Tower,0,12,13,42,67,0,2,23,4,29,0,14,36,46,96,26,98,124,220
01/15/2015,CLL,TX,ASW,CE,Federal Contract Tower,0,13,19,29,61,0,2,48,9,59,0,15,67,38,120,88,20,108,228
01/16/2015,CLL,TX,ASW,CE,Federal Contract Tower,2,17,7,19,45,0,0,68,4,72,2,17,75,23,117,48,78,126,243
01/17/2015,CLL,TX,ASW,CE,Federal Contract Tower,2,9,8,14,33,0,0,88,0,88,2,9,96,14,121,110,0,110,231
01/18/2015,CLL,TX,ASW,CE,Federal Contract Tower,0,13,14,2,29,0,0,72,4,76,0,13,86,6,105,28,12,40,145
01/19/2015,CLL,TX,ASW,CE,Federal Contract Tower,0,17,8,0,25,0,0,46,0,46,0,17,54,0,71,54,0,54,125
01/20/2015,CLL,TX,ASW,CE,Federal Contract Tower,0,18,14,6,38,0,9,28,4,41,0,27,42,10,79,16,4,20,99
01/21/2015,CLL,TX,ASW,CE,Federal Contract Tower,0,13,19,0,32,0,0,1,0,1,0,13,20,0,33,0,0,0,33
01/22/2015,CLL,TX,ASW,CE,Federal Contract Tower,0,18,11,2,31,0,0,0,0,0,0,18,11,2,31,0,0,0,31
01/23/2015,CLL,TX,ASW,CE,Federal Contract Tower,2,21,24,33,80,0,0,7,2,9,2,21,31,35,89,6,8,14,103
01/24/2015,CLL,TX,ASW,CE,Federal Contract Tower,1,9,6,1,17,0,2,66,14,82,1,11,72,15,99,76,26,102,201
01/25/2015,CLL,TX,ASW,CE,Federal Contract Tower,0,22,11,25,58,0,8,46,6,60,0,30,57,31,118,30,58,88,206
01/26/2015,CLL,TX,ASW,CE,Federal Contract Tower,1,22,9,41,73,0,1,37,4,42,1,23,46,45,115,42,52,94,209
01/27/2015,CLL,TX,ASW,CE,Federal Contract Tower,0,17,12,33,62,0,18,54,7,79,0,35,66,40,141,38,70,108,249
01/28/2015,CLL,TX,ASW,CE,Federal Contract Tower,0,14,4,51,69,0,0,38,2,40,0,14,42,53,109,36,98,134,243
01/29/2015,CLL,TX,ASW,CE,Federal Contract Tower,0,16,14,34,64,0,0,33,3,36,0,16,47,37,100,28,42,70,170
01/30/2015,CLL,TX,ASW,CE,Federal Contract Tower,1,12,20,30,63,0,0,50,10,60,1,12,70,40,123,16,36,52,175
01/31/2015,CLL,TX,ASW,CE,Federal Contract Tower,0,10,13,5,28,0,2,19,2,23,0,12,32,7,51,4,0,4,55
02/01/2015,CLL,TX,ASW,CE,Federal Contract Tower,0,12,7,8,27,0,0,5,0,5,0,12,12,8,32,0,0,0,32
02/02/2015,CLL,TX,ASW,CE,Federal Contract Tower,0,10,16,36,62,0,0,39,5,44,0,10,55,41,106,22,44,66,172
02/03/2015,CLL,TX,ASW,CE,Federal Contract Tower,4,15,16,37,72,0,1,12,5,18,4,16,28,42,90,24,70,94,184
02/04/2015,CLL,TX,ASW,CE,Federal Contract Tower,0,16,20,21,57,0,0,0,0,0,0,16,20,21,57,0,0,0,57
02/05/2015,CLL,TX,ASW,CE,Federal Contract Tower,0,17,20,15,52,0,0,2,0,2,0,17,22,15,54,0,0,0,54
02/06/2015,CLL,TX,ASW,CE,Federal Contract Tower,2,11,32,65,110,0,0,45,5,50,2,11,77,70,160,58,14,72,232
02/07/2015,CLL,TX,ASW,CE,Federal Contract Tower,0,12,12,27,51,0,0,65,3,68,0,12,77,30,119,92,6,98,217
02/08/2015,CLL,TX,ASW,CE,Federal Contract Tower,0,14,20,18,52,0,0,50,2,52,0,14,70,20,104,58,12,70,174
02/09/2015,CLL,TX,ASW,CE,Federal Contract Tower,0,14,7,25,46,0,2,61,6,69,0,16,68,31,115,56,48,104,219
02/10/2015,CLL,TX,ASW,CE,Federal Contract Tower,0,18,15,24,57,0,3,56,13,72,0,21,71,37,129,68,26,94,223
02/11/2015,CLL,TX,ASW,CE,Federal Contract Tower,0,20,35,26,81,0,0,42,1,43,0,20,77,27,124,62,36,98,222
02/12/2015,CLL,TX,ASW,CE,Federal Contract Tower,0,11,20,50,81,0,0,61,1,62,0,11,81,51,143,52,12,64,207
02/13/2015,CLL,TX,ASW,CE,Federal Contract Tower,2,16,21,27,66,0,0,79,6,85,2,16,100,33,151,44,32,76,227
02/14/2015,CLL,TX,ASW,CE,Federal Contract Tower,1,12,9,6,28,0,0,65,0,65,1,12,74,6,93,56,0,56,149
02/15/2015,CLL,TX,ASW,CE,Federal Contract Tower,0,8,20,0,28,0,0,28,0,28,0,8,48,0,56,46,0,46,102
02/16/2015,CLL,TX,ASW,CE,Federal Contract Tower,0,13,10,0,23,0,0,0,0,0,0,13,10,0,23,0,0,0,23
02/17/2015,CLL,TX,ASW,CE,Federal Contract Tower,0,24,13,46,83,0,0,37,2,39,0,24,50,48,122,56,54,110,232
02/18/2015,CLL,TX,ASW,CE,Federal Contract Tower,0,19,30,26,75,0,0,35,8,43,0,19,65,34,118,36,22,58,176
02/19/2015,CLL,TX,ASW,CE,Federal Contract Tower,0,11,23,10,44,0,0,40,2,42,0,11,63,12,86,26,0,26,112
02/20/2015,CLL,TX,ASW,CE,Federal Contract Tower,2,11,24,30,67,0,8,4,0,12,2,19,28,30,79,0,8,8,87
02/21/2015,CLL,TX,ASW,CE,Federal Contract Tower,3,12,10,54,79,0,0,19,1,20,3,12,29,55,99,14,40,54,153
02/22/2015,CLL,TX,ASW,CE,Federal Contract Tower,0,16,13,4,33,0,0,0,0,0,0,16,13,4,33,0,0,0,33
02/23/2015,CLL,TX,ASW,CE,Federal Contract Tower,1,9,4,8,22,0,0,0,0,0,1,9,4,8,22,0,0,0,22
02/24/2015,CLL,TX,ASW,CE,Federal Contract Tower,0,7,5,14,26,0,0,4,0,4,0,7,9,14,30,18,0,18,48
02/25/2015,CLL,TX,ASW,CE,Federal Contract Tower,0,11,18,52,81,0,0,13,9,22,0,11,31,61,103,4,26,30,133
02/26/2015,CLL,TX,ASW,CE,Federal Contract Tower,0,16,48,52,116,0,6,40,7,53,0,22,88,59,169,70,22,92,261
02/27/2015,CLL,TX,ASW,CE,Federal Contract Tower,0,7,15,42,64,0,0,39,3,42,0,7,54,45,106,72,30,102,208
02/28/2015,CLL,TX,ASW,CE,Federal Contract Tower,0,5,21,2,28,0,0,31,1,32,0,5,52,3,60,32,6,38,98
03/01/2015,CLL,TX,ASW,CE,Federal Contract Tower,0,3,11,0,14,0,0,0,0,0,0,3,11,0,14,0,0,0,14
03/02/2015,CLL,TX,ASW,CE,Federal Contract Tower,2,5,6,0,13,0,0,0,0,0,2,5,6,0,13,0,0,0,13
03/03/2015,CLL,TX,ASW,CE,Federal Contract Tower,0,10,9,1,20,0,0,3,0,3,0,10,12,1,23,28,0,28,51
03/04/2015,CLL,TX,ASW,CE,Federal Contract Tower,1,13,19,19,52,0,0,4,0,4,1,13,23,19,56,10,0,10,66
03/05/2015,CLL,TX,ASW,CE,Federal Contract Tower,0,5,14,32,51,0,4,17,5,26,0,9,31,37,77,2,14,16,93
03/06/2015,CLL,TX,ASW,CE,Federal Contract Tower,0,20,12,39,71,0,0,84,0,84,0,20,96,39,155,26,0,26,181
03/07/2015,CLL,TX,ASW,CE,Federal Contract Tower,2,17,43,26,88,0,0,68,8,76,2,17,111,34,164,32,62,94,258
03/08/2015,CLL,TX,ASW,CE,Federal Contract Tower,0,21,11,5,37,0,0,2,0,2,0,21,13,5,39,0,0,0,39
03/09/2015,CLL,TX,ASW,CE,Federal Contract Tower,1,11,10,0,22,0,0,0,0,0,1,11,10,0,22,0,0,0,22
03/10/2015,CLL,TX,ASW,CE,Federal Contract Tower,1,13,18,21,53,0,0,2,0,2,1,13,20,21,55,8,0,8,63
03/11/2015,CLL,TX,ASW,CE,Federal Contract Tower,0,19,32,26,77,0,0,13,1,14,0,19,45,27,91,42,0,42,133
03/12/2015,CLL,TX,ASW,CE,Federal Contract Tower,0,24,18,22,64,0,2,2,2,6,0,26,20,24,70,4,0,4,74
03/13/2015,CLL,TX,ASW,CE,Federal Contract Tower,1,14,22,36,73,0,0,22,0,22,1,14,44,36,95,14,0,14,109
03/14/2015,CLL,TX,ASW,CE,Federal Contract Tower,0,21,22,28,71,0,0,51,2,53,0,21,73,30,124,64,34,98,222
03/15/2015,CLL,TX,ASW,CE,Federal Contract Tower,0,16,12,35,63,0,0,21,0,21,0,16,33,35,84,52,0,52,136
03/16/2015,CLL,TX,ASW,CE,Federal Contract Tower,0,13,19,32,64,0,0,27,5,32,0,13,46,37,96,42,20,62,158
03/17/2015,CLL,TX,ASW,CE,Federal Contract Tower,0,21,19,23,63,0,0,34,4,38,0,21,53,27,101,46,82,128,229
03/18/2015,CLL,TX,ASW,CE,Federal Contract Tower,1,20,17,12,50,0,4,10,4,18,1,24,27,16,68,44,4,48,116
03/19/2015,CLL,TX,ASW,CE,Federal Contract Tower,1,37,20,12,70,0,0,13,2,15,1,37,33,14,85,24,0,24,109
03/20/2015,CLL,TX,ASW,CE,Federal Contract Tower,0,16,13,2,31,0,0,1,0,1,0,16,14,2,32,0,0,0,32
03/21/2015,CLL,TX,ASW,CE,Federal Contract Tower,0,16,7,0,23,0,0,0,0,0,0,16,7,0,23,0,0,0,23
03/22/2015,CLL,TX,ASW,CE,Federal Contract Tower,2,15,26,4,47,0,0,18,1,19,2,15,44,5,66,18,0,18,84
03/23/2015,CLL,TX,ASW,CE,Federal Contract Tower,0,15,32,25,72,0,2,54,6,62,0,17,86,31,134,32,22,54,188
03/24/2015,CLL,TX,ASW,CE,Federal Contract Tower,0,14,23,49,86,0,0,44,7,51,0,14,67,56,137,14,64,78,215
03/25/2015,CLL,TX,ASW,CE,Federal Contract Tower,0,17,36,44,97,0,0,45,6,51,0,17,81,50,148,64,48,112,260
03/26/2015,CLL,TX,ASW,CE,Federal Contract Tower,0,19,23,8,50,0,0,11,1,12,0,19,34,9,62,22,4,26,88
03/27/2015,CLL,TX,ASW,CE,Federal Contract Tower,0,18,19,104,141,0,6,89,14,109,0,24,108,118,250,28,0,28,278
03/28/2015,CLL,TX,ASW,CE,Federal Contract Tower,0,11,17,50,78,0,3,103,21,127,0,14,120,71,205,66,36,102,307
03/29/2015,CLL,TX,ASW,CE,Federal Contract Tower,0,15,15,32,62,0,0,101,2,103,0,15,116,34,165,28,0,28,193
03/30/2015,CLL,TX,ASW,CE,Federal Contract Tower,0,15,18,7,40,0,2,41,5,48,0,17,59,12,88,42,14,56,144
03/31/2015,CLL,TX,ASW,CE,Federal Contract Tower,0,20,13,26,59,0,2,26,14,42,0,22,39,40,101,48,0,48,149
04/01/2015,CLL,TX,ASW,CE,Federal Contract Tower,0,17,20,5,42,0,0,27,0,27,0,17,47,5,69,74,0,74,143
04/02/2015,CLL,TX,ASW,CE,Federal Contract Tower,0,18,40,28,86,0,10,45,0,55,0,28,85,28,141,26,8,34,175
04/03/2015,CLL,TX,ASW,CE,Federal Contract Tower,0,16,18,28,62,0,0,28,2,30,0,16,46,30,92,68,0,68,160
04/04/2015,CLL,TX,ASW,CE,Federal Contract Tower,0,9,5,0,14,0,0,47,0,47,0,9,52,0,61,72,0,72,133
04/05/2015,CLL,TX,ASW,CE,Federal Contract Tower,0,14,24,0,38,0,0,0,0,0,0,14,24,0,38,0,0,0,38
04/06/2015,CLL,TX,ASW,CE,Federal Contract Tower,0,22,22,22,66,0,0,31,3,34,0,22,53,25,100,26,34,60,160
04/07/2015,CLL,TX,ASW,CE,Federal Contract Tower,0,16,20,23,59,0,0,45,3,48,0,16,65,26,107,66,34,100,207
04/08/2015,CLL,TX,ASW,CE,Federal Contract Tower,0,13,25,21,59,0,1,26,8,35,0,14,51,29,94,60,6,66,160
04/09/2015,CLL,TX,ASW,CE,Federal Contract Tower,0,19,21,12,52,0,14,24,2,40,0,33,45,14,92,50,12,62,154
04/10/2015,CLL,TX,ASW,CE,Federal Contract Tower,0,21,30,15,66,0,2,27,0,29,0,23,57,15,95,22,0,22,117
04/11/2015,CLL,TX,ASW,CE,Federal Contract Tower,0,9,8,0,17,0,0,8,0,8,0,9,16,0,25,24,0,24,49
04/12/2015,CLL,TX,ASW,CE,Federal Contract Tower,0,16,13,1,30,0,0,18,0,18,0,16,31,1,48,44,0,44,92
04/13/2015,CLL,TX,ASW,CE,Federal Contract Tower,0,8,16,22,46,0,4,27,4,35,0,12,43,26,81,42,10,52,133
04/14/2015,CLL,TX,ASW,CE,Federal Contract Tower,0,11,26,13,50,0,0,17,4,21,0,11,43,17,71,38,36,74,145
04/15/2015,CLL,TX,ASW,CE,Federal Contract Tower,0,15,33,39,87,0,3,72,9,84,0,18,105,48,171,58,54,112,283
04/16/2015,CLL,TX,ASW,CE,Federal Contract Tower,1,12,14,3,30,0,5,10,0,15,1,17,24,3,45,10,14,24,69
04/17/2015,CLL,TX,ASW,CE,Federal Contract Tower,0,18,34,10,62,0,0,32,0,32,0,18,66,10,94,38,0,38,132
04/18/2015,CLL,TX,ASW,CE,Federal Contract Tower,0,13,30,43,86,0,0,14,0,14,0,13,44,43,100,56,4,60,160
04/19/2015,CLL,TX,ASW,CE,Federal Contract Tower,0,16,26,28,70,0,0,32,1,33,0,16,58,29,103,34,10,44,147
04/20/2015,CLL,TX,ASW,CE,Federal Contract Tower,0,19,28,79,126,0,0,54,9,63,0,19,82,88,189,54,20,74,263
04/21/2015,CLL,TX,ASW,CE,Federal Contract Tower,0,12,23,25,60,0,0,76,5,81,0,12,99,30,141,108,0,108,249
04/22/2015,CLL,TX,ASW,CE,Federal Contract Tower,0,13,15,8,36,0,0,8,2,10,0,13,23,10,46,20,0,20,66
04/23/2015,CLL,TX,ASW,CE,Federal Contract Tower,0,16,29,30,75,0,0,18,0,18,0,16,47,30,93,38,0,38,131
04/24/2015,CLL,TX,ASW,CE,Federal Contract Tower,0,12,16,6,34,0,0,28,29,57,0,12,44,35,91,14,2,16,107
04/25/2015,CLL,TX,ASW,CE,Federal Contract Tower,0,9,9,15,33,0,3,72,17,92,0,12,81,32,125,42,20,62,187
04/26/2015,CLL,TX,ASW,CE,Federal Contract Tower,0,16,13,13,42,0,0,26,3,29,0,16,39,16,71,40,32,72,143
04/27/2015,CLL,TX,ASW,CE,Federal Contract Tower,0,14,21,35,70,0,0,23,14,37,0,14,44,49,107,26,18,44,151
04/28/2015,CLL,TX,ASW,CE,Federal Contract Tower,0,13,19,6,38,0,0,7,3,10,0,13,26,9,48,26,0,26,74
04/29/2015,CLL,TX,ASW,CE,Federal Contract Tower,0,18,23,70,111,0,0,52,2,54,0,18,75,72,165,16,2,18,183
04/30/2015,CLL,TX,ASW,CE,Federal Contract Tower,0,17,30,54,101,0,6,69,6,81,0,23,99,60,182,54,30,84,266
05/01/2015,CLL,TX,ASW,CE,Federal Contract Tower,0,17,27,59,103,0,1,72,21,94,0,18,99,80,197,48,56,104,301
05/02/2015,CLL,TX,ASW,CE,Federal Contract Tower,0,11,14,23,48,0,0,49,2,51,0,11,63,25,99,70,18,88,187
05/03/2015,CLL,TX,ASW,CE,Federal Contract Tower,0,14,28,6,48,0,0,22,3,25,0,14,50,9,73,22,18,40,113
05/04/2015,CLL,TX,ASW,CE,Federal Contract Tower,0,11,14,19,44,0,4,49,8,61,0,15,63,27,105,8,66,74,179
05/05/2015,CLL,TX,ASW,CE,Federal Contract Tower,0,16,36,21,73,0,0,5,0,5,0,16,41,21,78,18,0,18,96
05/06/2015,CLL,TX,ASW,CE,Federal Contract Tower,0,18,9,22,49,0,0,11,6,17,0,18,20,28,66,8,26,34,100
05/07/2015,CLL,TX,ASW,CE,Federal Contract Tower,0,19,31,26,76,0,10,30,0,40,0,29,61,26,116,34,22,56,172
05/08/2015,CLL,TX,ASW,CE,Federal Contract Tower,0,16,38,26,80,0,0,10,2,12,0,16,48,28,92,0,0,0,92
05/09/2015,CLL,TX,ASW,CE,Federal Contract Tower,0,5,13,4,22,0,0,26,1,27,0,5,39,5,49,10,0,10,59
05/10/2015,CLL,TX,ASW,CE,Federal Contract Tower,2,6,16,2,26,0,0,18,1,19,2,6,34,3,45,28,20,48,93
05/11/2015,CLL,TX,ASW,CE,Federal Contract Tower,0,17,12,0,29,0,0,3,0,3,0,17,15,0,32,0,0,0,32
05/12/2015,CLL,TX,ASW,CE,Federal Contract Tower,0,14,13,5,32,0,0,2,0,2,0,14,15,5,34,0,0,0,34
05/13/2015,CLL,TX,ASW,CE,Federal Contract Tower,0,14,7,4,25,0,2,0,0,2,0,16,7,4,27,0,0,0,27
05/14/2015,CLL,TX,ASW,CE,Federal Contract Tower,0,20,20,0,40,0,0,12,4,16,0,20,32,4,56,24,4,28,84
05/15/2015,CLL,TX,ASW,CE,Federal Contract Tower,0,16,23,0,39,0,0,2,0,2,0,16,25,0,41,2,0,2,43
05/16/2015,CLL,TX,ASW,CE,Federal Contract Tower,0,10,28,0,38,0,0,24,2,26,0,10,52,2,64,18,0,18,82
05/17/2015,CLL,TX,ASW,CE,Federal Contract Tower,0,17,10,0,27,0,0,19,0,19,0,17,29,0,46,10,0,10,56
05/18/2015,CLL,TX,ASW,CE,Federal Contract Tower,0,18,21,15,54,0,0,23,4,27,0,18,44,19,81,32,0,32,113
05/19/2015,CLL,TX,ASW,CE,Federal Contract Tower,0,17,15,7,39,0,0,20,0,20,0,17,35,7,59,10,6,16,75
05/20/2015,CLL,TX,ASW,CE,Federal Contract Tower,0,17,21,12,50,0,0,27,1,28,0,17,48,13,78,38,0,38,116
05/21/2015,CLL,TX,ASW,CE,Federal Contract Tower,0,24,38,4,66,0,0,12,0,12,0,24,50,4,78,0,0,0,78
05/22/2015,CLL,TX,ASW,CE,Federal Contract Tower,0,16,19,4,39,0,0,19,3,22,0,16,38,7,61,10,0,10,71
05/23/2015,CLL,TX,ASW,CE,Federal Contract Tower,0,8,8,0,16,0,9,9,0,18,0,17,17,0,34,14,0,14,48
05/24/2015,CLL,TX,ASW,CE,Federal Contract Tower,0,13,10,3,26,0,0,11,1,12,0,13,21,4,38,8,0,8,46
05/25/2015,CLL,TX,ASW,CE,Federal Contract Tower,0,10,6,0,16,0,0,5,0,5,0,10,11,0,21,18,0,18,39
05/26/2015,CLL,TX,ASW,CE,Federal Contract Tower,0,25,17,24,66,0,6,18,8,32,0,31,35,32,98,34,18,52,150
05/27/2015,CLL,TX,ASW,CE,Federal Contract Tower,2,16,20,48,86,0,0,36,6,42,2,16,56,54,128,60,18,78,206
05/28/2015,CLL,TX,ASW,CE,Federal Contract Tower,0,22,13,30,65,0,2,35,3,40,0,24,48,33,105,68,28,96,201
05/29/2015,CLL,TX,ASW,CE,Federal Contract Tower,0,15,42,7,64,0,0,33,8,41,0,15,75,15,105,22,4,26,131
05/30/2015,CLL,TX,ASW,CE,Federal Contract Tower,0,12,13,9,34,0,4,38,2,44,0,16,51,11,78,28,0,28,106
05/31/2015,CLL,TX,ASW,CE,Federal Contract Tower,0,14,26,14,54,0,0,57,9,66,0,14,83,23,120,30,4,34,154
06/01/2015,CLL,TX,ASW,CE,Federal Contract Tower,0,16,13,36,65,0,0,47,7,54,0,16,60,43,119,46,20,66,185
06/02/2015,CLL,TX,ASW,CE,Federal Contract Tower,0,13,14,33,60,0,4,57,12,73,0,17,71,45,133,40,26,66,199
06/03/2015,CLL,TX,ASW,CE,Federal Contract Tower,0,13,21,30,64,0,5,51,1,57,0,18,72,31,121,52,6,58,179
06/04/2015,CLL,TX,ASW,CE,Federal Contract Tower,0,14,34,17,65,0,0,42,9,51,0,14,76,26,116,66,28,94,210
06/05/2015,CLL,TX,ASW,CE,Federal Contract Tower,0,13,21,66,100,0,0,54,8,62,0,13,75,74,162,36,28,64,226
06/06/2015,CLL,TX,ASW,CE,Federal Contract Tower,0,13,11,0,24,0,0,53,0,53,0,13,64,0,77,22,0,22,99
06/07/2015,CLL,TX,ASW,CE,Federal Contract Tower,1,13,24,31,69,0,1,61,16,78,1,14,85,47,147,46,14,60,207
06/08/2015,CLL,TX,ASW,CE,Federal Contract Tower,0,18,5,45,68,0,0,30,16,46,0,18,35,61,114,8,78,86,200
06/09/2015,CLL,TX,ASW,CE,Federal Contract Tower,0,15,15,39,69,0,3,26,3,32,0,18,41,42,101,14,38,52,153
06/10/2015,CLL,TX,ASW,CE,Federal Contract Tower,0,17,10,26,53,0,0,29,6,35,0,17,39,32,88,24,56,80,168
06/11/2015,CLL,TX,ASW,CE,Federal Contract Tower,0,22,24,17,63,0,0,40,2,42,0,22,64,19,105,12,0,12,117
06/12/2015,CLL,TX,ASW,CE,Federal Contract Tower,0,13,11,38,62,0,0,36,9,45,0,13,47,47,107,28,40,68,175
06/13/2015,CLL,TX,ASW,CE,Federal Contract Tower,0,13,7,4,24,0,0,20,0,20,0,13,27,4,44,22,0,22,66
06/14/2015,CLL,TX,ASW,CE,Federal Contract Tower,2,18,11,1,32,0,0,14,0,14,2,18,25,1,46,14,0,14,60
06/15/2015,CLL,TX,ASW,CE,Federal Contract Tower,0,20,9,12,41,0,2,19,2,23,0,22,28,14,64,44,4,48,112
06/16/2015,CLL,TX,ASW,CE,Federal Contract Tower,0,12,4,0,16,0,0,0,0,0,0,12,4,0,16,0,0,0,16
06/17/2015,CLL,TX,ASW,CE,Federal Contract Tower,0,9,2,0,11,0,2,4,0,6,0,11,6,0,17,8,0,8,25
06/18/2015,CLL,TX,ASW,CE,Federal Contract Tower,0,15,19,5,39,0,0,13,0,13,0,15,32,5,52,44,0,44,96
06/19/2015,CLL,TX,ASW,CE,Federal Contract Tower,0,18,12,16,46,0,0,22,0,22,0,18,34,16,68,16,0,16,84
06/20/2015,CLL,TX,ASW,CE,Federal Contract Tower,0,12,12,0,24,0,0,27,0,27,0,12,39,0,51,52,0,52,103
06/21/2015,CLL,TX,ASW,CE,Federal Contract Tower,0,14,9,0,23,0,0,22,0,22,0,14,31,0,45,2,0,2,47
06/22/2015,CLL,TX,ASW,CE,Federal Contract Tower,0,21,16,30,67,0,0,31,8,39,0,21,47,38,106,6,62,68,174
06/23/2015,CLL,TX,ASW,CE,Federal Contract Tower,0,19,22,20,61,0,3,45,7,55,0,22,67,27,116,30,4,34,150
06/24/2015,CLL,TX,ASW,CE,Federal Contract Tower,0,16,13,26,55,0,0,45,8,53,0,16,58,34,108,18,4,22,130
06/25/2015,CLL,TX,ASW,CE,Federal Contract Tower,0,15,15,15,45,0,0,36,6,42,0,15,51,21,87,38,8,46,133
06/26/2015,CLL,TX,ASW,CE,Federal Contract Tower,0,26,35,52,113,0,0,56,2,58,0,26,91,54,171,16,18,34,205
06/27/2015,CLL,TX,ASW,CE,Federal Contract Tower,0,11,16,5,32,0,0,29,0,29,0,11,45,5,61,2,0,2,63
06/28/2015,CLL,TX,ASW,CE,Federal Contract Tower,0,15,16,4,35,0,0,38,0,38,0,15,54,4,73,26,0,26,99
06/29/2015,CLL,TX,ASW,CE,Federal Contract Tower,0,16,7,26,49,0,2,43,0,45,0,18,50,26,94,40,4,44,138
06/30/2015,CLL,TX,ASW,CE,Federal Contract Tower,0,21,19,7,47,0,0,20,2,22,0,21,39,9,69,12,6,18,87
07/01/2015,CLL,TX,ASW,CE,Federal Contract Tower,0,26,15,5,46,0,0,38,1,39,0,26,53,6,85,36,0,36,121
07/02/2015,CLL,TX,ASW,CE,Federal Contract Tower,0,11,27,11,49,0,0,41,1,42,0,11,68,12,91,34,0,34,125
07/03/2015,CLL,TX,ASW,CE,Federal Contract Tower,0,11,11,2,24,0,0,49,0,49,0,11,60,2,73,32,0,32,105
07/04/2015,CLL,TX,ASW,CE,Federal Contract Tower,0,14,12,0,26,0,0,6,2,8,0,14,18,2,34,0,0,0,34
07/05/2015,CLL,TX,ASW,CE,Federal Contract Tower,0,12,19,0,31,0,0,26,0,26,0,12,45,0,57,18,0,18,75
07/06/2015,CLL,TX,ASW,CE,Federal Contract Tower,0,14,8,20,42,0,0,37,0,37,0,14,45,20,79,58,0,58,137
07/07/2015,CLL,TX,ASW,CE,Federal Contract Tower,0,12,4,43,59,0,0,19,3,22,0,12,23,46,81,4,42,46,127
07/08/2015,CLL,TX,ASW,CE,Federal Contract Tower,0,19,23,48,90,0,0,33,2,35,0,19,56,50,125,72,0,72,197
07/09/2015,CLL,TX,ASW,CE,Federal Contract Tower,0,21,31,22,74,0,0,31,5,36,0,21,62,27,110,54,0,54,164
07/10/2015,CLL,TX,ASW,CE,Federal Contract Tower,0,10,20,44,74,0,0,39,7,46,0,10,59,51,120,12,14,26,146
07/11/2015,CLL,TX,ASW,CE,Federal Contract Tower,0,14,24,8,46,0,0,50,2,52,0,14,74,10,98,14,0,14,112
07/12/2015,CLL,TX,ASW,CE,Federal Contract Tower,0,12,19,31,62,0,0,43,3,46,0,12,62,34,108,34,8,42,150
07/13/2015,CLL,TX,ASW,CE,Federal Contract Tower,0,16,18,16,50,0,0,52,2,54,0,16,70,18,104,14,4,18,122
07/14/2015,CLL,TX,ASW,CE,Federal Contract Tower,0,20,18,15,53,0,0,39,6,45,0,20,57,21,98,62,18,80,178
07/15/2015,CLL,TX,ASW,CE,Federal Contract Tower,0,14,13,30,57,0,0,57,7,64,0,14,70,37,121,36,0,36,157
07/16/2015,CLL,TX,ASW,CE,Federal Contract Tower,0,13,16,41,70,0,0,51,9,60,0,13,67,50,130,14,28,42,172
07/17/2015,CLL,TX,ASW,CE,Federal Contract Tower,0,14,18,35,67,0,0,58,7,65,0,14,76,42,132,6,38,44,176
07/18/2015,CLL,TX,ASW,CE,Federal Contract Tower,0,13,14,9,36,0,0,27,2,29,0,13,41,11,65,18,10,28,93
07/19/2015,CLL,TX,ASW,CE,Federal Contract Tower,0,14,17,34,65,0,0,37,2,39,0,14,54,36,104,4,20,24,128
07/20/2015,CLL,TX,ASW,CE,Federal Contract Tower,0,14,6,21,41,0,0,51,12,63,0,14,57,33,104,22,26,48,152
07/21/2015,CLL,TX,ASW,CE,Federal Contract Tower,0,13,10,18,41,0,0,25,5,30,0,13,35,23,71,14,18,32,103
07/22/2015,CLL,TX,ASW,CE,Federal Contract Tower,0,12,34,20,66,0,0,29,9,38,0,12,63,29,104,26,12,38,142
07/23/2015,CLL,TX,ASW,CE,Federal Contract Tower,0,13,20,19,52,0,2,43,1,46,0,15,63,20,98,54,0,54,152
07/24/2015,CLL,TX,ASW,CE,Federal Contract Tower,0,11,7,25,43,0,0,40,2,42,0,11,47,27,85,16,2,18,103
07/25/2015,CLL,TX,ASW,CE,Federal Contract Tower,0,12,9,10,31,0,0,34,4,38,0,12,43,14,69,30,8,38,107
07/26/2015,CLL,TX,ASW,CE,Federal Contract Tower,0,11,28,14,53,0,0,50,1,51,0,11,78,15,104,34,6,40,144
07/27/2015,CLL,TX,ASW,CE,Federal Contract Tower,0,12,4,18,34,0,0,42,7,49,0,12,46,25,83,58,6,64,147
07/28/2015,CLL,TX,ASW,CE,Federal Contract Tower,0,11,13,18,42,0,2,49,0,51,0,13,62,18,93,92,0,92,185
07/29/2015,CLL,TX,ASW,CE,Federal Contract Tower,0,12,16,31,59,0,0,38,2,40,0,12,54,33,99,44,10,54,153
07/30/2015,CLL,TX,ASW,CE,Federal Contract Tower,0,12,10,43,65,0,2,48,9,59,0,14,58,52,124,64,56,120,244
07/31/2015,CLL,TX,ASW,CE,Federal Contract Tower,0,14,15,19,48,0,6,47,4,57,0,20,62,23,105,12,2,14,119
08/01/2015,CLL,TX,ASW,CE,Federal Contract Tower,0,11,12,5,28,0,0,46,3,49,0,11,58,8,77,52,2,54,131
08/02/2015,CLL,TX,ASW,CE,Federal Contract Tower,0,18,12,22,52,0,2,44,3,49,0,20,56,25,101,14,4,18,119
08/03/2015,CLL,TX,ASW,CE,Federal Contract Tower,0,11,6,40,57,0,0,38,3,41,0,11,44,43,98,38,56,94,192
08/04/2015,CLL,TX,ASW,CE,Federal Contract Tower,0,14,22,2,38,0,1,37,0,38,0,15,59,2,76,54,2,56,132
08/05/2015,CLL,TX,ASW,CE,Federal Contract Tower,0,12,23,20,55,0,2,36,5,43,0,14,59,25,98,24,28,52,150
08/06/2015,CLL,TX,ASW,CE,Federal Contract Tower,0,38,15,16,69,0,0,42,4,46,0,38,57,20,115,12,6,18,133
08/07/2015,CLL,TX,ASW,CE,Federal Contract Tower,0,14,9,43,66,0,0,48,3,51,0,14,57,46,117,0,8,8,125
08/08/2015,CLL,TX,ASW,CE,Federal Contract Tower,0,8,28,12,48,0,0,36,1,37,0,8,64,13,85,20,0,20,105
08/09/2015,CLL,TX,ASW,CE,Federal Contract Tower,0,13,12,25,50,0,0,34,9,43,0,13,46,34,93,20,30,50,143
08/10/2015,CLL,TX,ASW,CE,Federal Contract Tower,0,16,11,37,64,0,0,53,4,57,0,16,64,41,121,50,6,56,177
08/11/2015,CLL,TX,ASW,CE,Federal Contract Tower,2,15,17,51,85,0,0,44,6,50,2,15,61,57,135,44,36,80,215
08/12/2015,CLL,TX,ASW,CE,Federal Contract Tower,0,16,14,32,62,0,0,48,6,54,0,16,62,38,116,56,14,70,186
08/13/2015,CLL,TX,ASW,CE,Federal Contract Tower,0,15,13,35,63,0,0,51,3,54,0,15,64,38,117,26,14,40,157
08/14/2015,CLL,TX,ASW,CE,Federal Contract Tower,0,12,20,39,71,0,0,55,3,58,0,12,75,42,129,44,26,70,199
08/15/2015,CLL,TX,ASW,CE,Federal Contract Tower,0,16,17,26,59,0,6,40,0,46,0,22,57,26,105,24,0,24,129
08/16/2015,CLL,TX,ASW,CE,Federal Contract Tower,0,16,13,24,53,0,0,23,2,25,0,16,36,26,78,16,0,16,94
08/17/2015,CLL,TX,ASW,CE,Federal Contract Tower,0,15,9,30,54,0,1,45,6,52,0,16,54,36,106,30,40,70,176
08/18/2015,CLL,TX,ASW,CE,Federal Contract Tower,0,18,9,56,83,0,0,30,14,44,0,18,39,70,127,32,46,78,205
08/19/2015,CLL,TX,ASW,CE,Federal Contract Tower,0,13,17,35,65,0,1,25,4,30,0,14,42,39,95,44,14,58,153
08/20/2015,CLL,TX,ASW,CE,Federal Contract Tower,0,23,25,8,56,0,9,2,0,11,0,32,27,8,67,14,0,14,81
08/21/2015,CLL,TX,ASW,CE,Federal Contract Tower,0,17,10,2,29,0,0,29,0,29,0,17,39,2,58,46,0,46,104
08/22/2015,CLL,TX,ASW,CE,Federal Contract Tower,0,9,20,5,34,0,0,50,0,50,0,9,70,5,84,26,0,26,110
08/23/2015,CLL,TX,ASW,CE,Federal Contract Tower,0,13,18,9,40,0,0,40,8,48,0,13,58,17,88,22,6,28,116
08/24/2015,CLL,TX,ASW,CE,Federal Contract Tower,0,15,29,51,95,0,0,35,6,41,0,15,64,57,136,16,2,18,154
08/25/2015,CLL,TX,ASW,CE,Federal Contract Tower,0,20,11,6,37,0,2,34,2,38,0,22,45,8,75,32,0,32,107
08/26/2015,CLL,TX,ASW,CE,Federal Contract Tower,0,12,17,19,48,0,0,45,6,51,0,12,62,25,99,24,24,48,147
08/27/2015,CLL,TX,ASW,CE,Federal Contract Tower,0,12,20,31,63,0,0,54,8,62,0,12,74,39,125,30,14,44,169
08/28/2015,CLL,TX,ASW,CE,Federal Contract Tower,0,15,19,48,82,0,3,39,7,49,0,18,58,55,131,2,18,20,151
08/29/2015,CLL,TX,ASW,CE,Federal Contract Tower,0,11,24,0,35,0,0,57,0,57,0,11,81,0,92,60,0,60,152
08/30/2015,CLL,TX,ASW,CE,Federal Contract Tower,0,10,12,19,41,0,0,51,1,52,0,10,63,20,93,36,4,40,133
08/31/2015,CLL,TX,ASW,CE,Federal Contract Tower,0,14,16,25,55,0,0,37,5,42,0,14,53,30,97,26,16,42,139
09/01/2015,CLL,TX,ASW,CE,Federal Contract Tower,0,15,16,11,42,0,0,35,4,39,0,15,51,15,81,6,2,8,89
09/02/2015,CLL,TX,ASW,CE,Federal Contract Tower,0,13,24,32,69,0,0,47,10,57,0,13,71,42,126,32,22,54,180
09/03/2015,CLL,TX,ASW,CE,Federal Contract Tower,1,13,20,34,68,0,4,25,6,35,1,17,45,40,103,36,0,36,139
09/04/2015,CLL,TX,ASW,CE,Federal Contract Tower,0,12,16,18,46,0,1,43,4,48,0,13,59,22,94,26,0,26,120
09/05/2015,CLL,TX,ASW,CE,Federal Contract Tower,0,10,19,0,29,0,0,20,0,20,0,10,39,0,49,14,0,14,63
09/06/2015,CLL,TX,ASW,CE,Federal Contract Tower,0,6,21,6,33,0,1,48,1,50,0,7,69,7,83,30,2,32,115
09/07/2015,CLL,TX,ASW,CE,Federal Contract Tower,0,10,8,5,23,0,1,44,4,49,0,11,52,9,72,20,2,22,94
09/08/2015,CLL,TX,ASW,CE,Federal Contract Tower,0,13,13,25,51,0,2,46,6,54,0,15,59,31,105,18,16,34,139
09/09/2015,CLL,TX,ASW,CE,Federal Contract Tower,0,13,14,17,44,0,0,27,2,29,0,13,41,19,73,54,18,72,145
09/10/2015,CLL,TX,ASW,CE,Federal Contract Tower,0,14,30,23,67,0,0,32,3,35,0,14,62,26,102,4,12,16,118
09/11/2015,CLL,TX,ASW,CE,Federal Contract Tower,1,16,26,22,65,0,0,18,3,21,1,16,44,25,86,24,8,32,118
09/12/2015,CLL,TX,ASW,CE,Federal Contract Tower,1,11,76,0,88,0,0,96,5,101,1,11,172,5,189,2,0,2,191
09/13/2015,CLL,TX,ASW,CE,Federal Contract Tower,0,15,34,14,63,0,3,40,3,46,0,18,74,17,109,62,30,92,201
09/14/2015,CLL,TX,ASW,CE,Federal Contract Tower,0,11,8,4,23,0,2,45,2,49,0,13,53,6,72,40,0,40,112
09/15/2015,CLL,TX,ASW,CE,Federal Contract Tower,0,20,22,10,52,0,0,13,0,13,0,20,35,10,65,2,0,2,67
09/16/2015,CLL,TX,ASW,CE,Federal Contract Tower,0,11,40,25,76,0,2,28,0,30,0,13,68,25,106,16,16,32,138
09/17/2015,CLL,TX,ASW,CE,Federal Contract Tower,0,20,28,11,59,0,0,30,1,31,0,20,58,12,90,32,0,32,122
09/18/2015,CLL,TX,ASW,CE,Federal Contract Tower,1,15,40,27,83,0,0,59,1,60,1,15,99,28,143,52,6,58,201
09/19/2015,CLL,TX,ASW,CE,Federal Contract Tower,1,9,69,14,93,0,0,40,0,40,1,9,109,14,133,0,0,0,133
09/20/2015,CLL,TX,ASW,CE,Federal Contract Tower,0,12,30,46,88,0,0,55,5,60,0,12,85,51,148,8,32,40,188
09/21/2015,CLL,TX,ASW,CE,Federal Contract Tower,0,16,35,9,60,0,2,47,14,63,0,18,82,23,123,18,26,44,167
09/22/2015,CLL,TX,ASW,CE,Federal Contract Tower,0,11,23,21,55,0,2,57,10,69,0,13,80,31,124,32,4,36,160
09/23/2015,CLL,TX,ASW,CE,Federal Contract Tower,0,14,35,54,103,0,0,39,4,43,0,14,74,58,146,18,6,24,170
09/24/2015,CLL,TX,ASW,CE,Federal Contract Tower,0,18,24,86,128,0,2,42,3,47,0,20,66,89,175,16,6,22,197
09/25/2015,CLL,TX,ASW,CE,Federal Contract Tower,0,20,43,34,97,0,2,53,5,60,0,22,96,39,157,30,12,42,199
09/26/2015,CLL,TX,ASW,CE,Federal Contract Tower,0,15,19,10,44,0,3,54,1,58,0,18,73,11,102,44,8,52,154
09/27/2015,CLL,TX,ASW,CE,Federal Contract Tower,0,19,35,22,76,0,2,49,5,56,0,21,84,27,132,52,22,74,206
09/28/2015,CLL,TX,ASW,CE,Federal Contract Tower,0,23,12,16,51,0,0,20,1,21,0,23,32,17,72,0,8,8,80
09/29/2015,CLL,TX,ASW,CE,Federal Contract Tower,0,16,16,60,92,0,0,48,9,57,0,16,64,69,149,40,12,52,201
09/30/2015,CLL,TX,ASW,CE,Federal Contract Tower,0,19,29,45,93,0,2,48,6,56,0,21,77,51,149,8,18,26,175
10/01/2015,CLL,TX,ASW,CE,Federal Contract Tower,0,17,28,73,118,0,12,49,8,69,0,29,77,81,187,44,6,50,237
10/02/2015,CLL,TX,ASW,CE,Federal Contract Tower,2,23,46,12,83,0,0,65,6,71,2,23,111,18,154,18,0,18,172
10/03/2015,CLL,TX,ASW,CE,Federal Contract Tower,2,25,112,0,139,0,0,92,0,92,2,25,204,0,231,6,0,6,237
10/04/2015,CLL,TX,ASW,CE,Federal Contract Tower,0,16,40,21,77,0,0,52,7,59,0,16,92,28,136,26,14,40,176
10/05/2015,CLL,TX,ASW,CE,Federal Contract Tower,0,17,13,29,59,0,0,55,13,68,0,17,68,42,127,6,38,44,171
10/06/2015,CLL,TX,ASW,CE,Federal Contract Tower,0,17,16,36,69,0,1,51,2,54,0,18,67,38,123,20,14,34,157
10/07/2015,CLL,TX,ASW,CE,Federal Contract Tower,0,19,22,28,69,0,1,36,5,42,0,20,58,33,111,10,4,14,125
10/08/2015,CLL,TX,ASW,CE,Federal Contract Tower,0,17,20,51,88,0,6,59,6,71,0,23,79,57,159,0,14,14,173
10/09/2015,CLL,TX,ASW,CE,Federal Contract Tower,0,19,31,35,85,0,0,60,1,61,0,19,91,36,146,44,11,55,201
10/10/2015,CLL,TX,ASW,CE,Federal Contract Tower,0,15,15,6,36,0,0,64,0,64,0,15,79,6,100,32,0,32,132
10/11/2015,CLL,TX,ASW,CE,Federal Contract Tower,1,19,12,4,36,0,1,65,3,69,1,20,77,7,105,36,0,36,141
10/12/2015,CLL,TX,ASW,CE,Federal Contract Tower,1,22,29,6,58,0,17,43,1,61,1,39,72,7,119,28,0,28,147
10/13/2015,CLL,TX,ASW,CE,Federal Contract Tower,0,17,24,23,64,0,2,26,8,36,0,19,50,31,100,32,32,64,164
10/14/2015,CLL,TX,ASW,CE,Federal Contract Tower,0,24,29,67,120,0,0,38,12,50,0,24,67,79,170,32,38,70,240
10/15/2015,CLL,TX,ASW,CE,Federal Contract Tower,0,18,18,44,80,0,0,32,18,50,0,18,50,62,130,32,30,62,192
10/16/2015,CLL,TX,ASW,CE,Federal Contract Tower,0,36,50,59,145,0,0,81,13,94,0,36,131,72,239,18,0,18,257
10/17/2015,CLL,TX,ASW,CE,Federal Contract Tower,4,45,219,1,269,0,0,119,4,123,4,45,338,5,392,0,0,0,392
10/18/2015,CLL,TX,ASW,CE,Federal Contract Tower,0,23,49,8,80,0,2,65,4,71,0,25,114,12,151,60,0,60,211
10/19/2015,CLL,TX,ASW,CE,Federal Contract Tower,0,16,14,18,48,0,3,51,13,67,0,19,65,31,115,30,20,50,165
10/20/2015,CLL,TX,ASW,CE,Federal Contract Tower,0,14,22,55,91,0,2,30,12,44,0,16,52,67,135,30,18,48,183
10/21/2015,CLL,TX,ASW,CE,Federal Contract Tower,0,16,20,32,68,0,6,29,7,42,0,22,49,39,110,4,12,16,126
10/22/2015,CLL,TX,ASW,CE,Federal Contract Tower,0,21,37,43,101,0,0,4,6,10,0,21,41,49,111,2,28,30,141
10/23/2015,CLL,TX,ASW,CE,Federal Contract Tower,4,17,23,9,53,0,0,0,0,0,4,17,23,9,53,0,0,0,53
10/24/2015,CLL,TX,ASW,CE,Federal Contract Tower,0,11,4,2,17,0,0,0,0,0,0,11,4,2,17,0,0,0,17
10/25/2015,CLL,TX,ASW,CE,Federal Contract Tower,3,19,24,2,48,0,0,0,1,1,3,19,24,3,49,0,0,0,49
10/26/2015,CLL,TX,ASW,CE,Federal Contract Tower,0,16,28,15,59,0,0,28,6,34,0,16,56,21,93,14,0,14,107
10/27/2015,CLL,TX,ASW,CE,Federal Contract Tower,0,13,22,30,65,0,2,32,6,40,0,15,54,36,105,22,18,40,145
10/28/2015,CLL,TX,ASW,CE,Federal Contract Tower,0,15,26,59,100,0,2,36,20,58,0,17,62,79,158,34,22,56,214
10/29/2015,CLL,TX,ASW,CE,Federal Contract Tower,0,18,14,42,74,0,0,44,9,53,0,18,58,51,127,30,12,42,169
10/30/2015,CLL,TX,ASW,CE,Federal Contract Tower,0,18,33,2,53,0,0,3,0,3,0,18,36,2,56,0,0,0,56
10/31/2015,CLL,TX,ASW,CE,Federal Contract Tower,2,19,50,0,71,0,0,1,0,1,2,19,51,0,72,0,0,0,72
11/01/2015,CLL,TX,ASW,CE,Federal Contract Tower,0,12,20,29,61,0,0,8,4,12,0,12,28,33,73,0,0,0,73
11/02/2015,CLL,TX,ASW,CE,Federal Contract Tower,0,11,21,27,59,0,0,26,2,28,0,11,47,29,87,20,14,34,121
11/03/2015,CLL,TX,ASW,CE,Federal Contract Tower,0,17,16,45,78,0,0,36,11,47,0,17,52,56,125,34,6,40,165
11/04/2015,CLL,TX,ASW,CE,Federal Contract Tower,0,14,30,17,61,0,0,7,0,7,0,14,37,17,68,0,14,14,82
11/05/2015,CLL,TX,ASW,CE,Federal Contract Tower,0,12,38,1,51,0,0,2,16,18,0,12,40,17,69,28,0,28,97
11/06/2015,CLL,TX,ASW,CE,Federal Contract Tower,2,21,55,24,102,0,0,48,5,53,2,21,103,29,155,14,2,16,171
11/07/2015,CLL,TX,ASW,CE,Federal Contract Tower,4,18,125,0,147,0,0,6,0,6,4,18,131,0,153,0,0,0,153
11/08/2015,CLL,TX,ASW,CE,Federal Contract Tower,0,25,60,38,123,0,0,59,1,60,0,25,119,39,183,48,2,50,233
11/09/2015,CLL,TX,ASW,CE,Federal Contract Tower,0,21,13,50,84,0,0,50,5,55,0,21,63,55,139,18,8,26,165
11/10/2015,CLL,TX,ASW,CE,Federal Contract Tower,0,14,11,34,59,0,0,21,4,25,0,14,32,38,84,32,18,50,134
11/11/2015,CLL,TX,ASW,CE,Federal Contract Tower,0,13,21,5,39,0,0,6,1,7,0,13,27,6,46,12,12,24,70
11/12/2015,CLL,TX,ASW,CE,Federal Contract Tower,0,18,26,21,65,0,0,51,5,56,0,18,77,26,121,8,28,36,157
11/13/2015,CLL,TX,ASW,CE,Federal Contract Tower,1,18,23,31,73,0,0,50,4,54,1,18,73,35,127,50,18,68,195
11/14/2015,CLL,TX,ASW,CE,Federal Contract Tower,1,12,39,9,61,0,5,20,2,27,1,17,59,11,88,24,2,26,114
11/15/2015,CLL,TX,ASW,CE,Federal Contract Tower,0,17,33,10,60,0,0,40,3,43,0,17,73,13,103,70,2,72,175
11/16/2015,CLL,TX,ASW,CE,Federal Contract Tower,0,25,12,6,43,0,0,0,0,0,0,25,12,6,43,0,0,0,43
11/17/2015,CLL,TX,ASW,CE,Federal Contract Tower,0,16,11,17,44,0,0,12,10,22,0,16,23,27,66,28,4,32,98
11/18/2015,CLL,TX,ASW,CE,Federal Contract Tower,0,13,27,43,83,0,0,58,13,71,0,13,85,56,154,44,8,52,206
11/19/2015,CLL,TX,ASW,CE,Federal Contract Tower,0,18,22,33,73,0,0,58,4,62,0,18,80,37,135,30,28,58,193
11/20/2015,CLL,TX,ASW,CE,Federal Contract Tower,6,17,38,88,149,0,0,64,2,66,6,17,102,90,215,12,10,22,237
11/21/2015,CLL,TX,ASW,CE,Federal Contract Tower,0,9,18,46,73,0,0,9,8,17,0,9,27,54,90,2,20,22,112
11/22/2015,CLL,TX,ASW,CE,Federal Contract Tower,2,18,39,78,137,0,0,59,10,69,2,18,98,88,206,34,0,34,240
11/23/2015,CLL,TX,ASW,CE,Federal Contract Tower,2,13,19,36,70,0,0,59,6,65,2,13,78,42,135,36,34,70,205
11/24/2015,CLL,TX,ASW,CE,Federal Contract Tower,0,15,36,56,107,0,0,42,9,51,0,15,78,65,158,2,0,2,160
11/25/2015,CLL,TX,ASW,CE,Federal Contract Tower,2,15,28,28,73,0,0,20,0,20,2,15,48,28,93,14,0,14,107
11/26/2015,CLL,TX,ASW,CE,Federal Contract Tower,1,8,2,0,11,0,0,5,0,5,1,8,7,0,16,0,0,0,16
11/27/2015,CLL,TX,ASW,CE,Federal Contract Tower,3,14,19,0,36,0,0,0,0,0,3,14,19,0,36,0,0,0,36
11/28/2015,CLL,TX,ASW,CE,Federal Contract Tower,3,21,12,0,36,0,0,0,0,0,3,21,12,0,36,0,0,0,36
11/29/2015,CLL,TX,ASW,CE,Federal Contract Tower,0,16,28,0,44,0,0,0,0,0,0,16,28,0,44,0,0,0,44
11/30/2015,CLL,TX,ASW,CE,Federal Contract Tower,0,13,20,22,55,0,0,2,2,4,0,13,22,24,59,0,0,0,59
12/01/2015,CLL,TX,ASW,CE,Federal Contract Tower,0,13,19,39,71,0,0,24,8,32,0,13,43,47,103,24,28,52,155
12/02/2015,CLL,TX,ASW,CE,Federal Contract Tower,0,17,9,43,69,0,0,33,2,35,0,17,42,45,104,34,42,76,180
12/03/2015,CLL,TX,ASW,CE,Federal Contract Tower,0,17,19,72,108,0,0,33,7,40,0,17,52,79,148,46,54,100,248
12/04/2015,CLL,TX,ASW,CE,Federal Contract Tower,2,20,13,41,76,0,0,48,3,51,2,20,61,44,127,34,22,56,183
12/05/2015,CLL,TX,ASW,CE,Federal Contract Tower,0,9,18,11,38,0,1,78,2,81,0,10,96,13,119,22,0,22,141
12/06/2015,CLL,TX,ASW,CE,Federal Contract Tower,0,14,13,7,34,0,0,51,2,53,0,14,64,9,87,24,0,24,111
12/07/2015,CLL,TX,ASW,CE,Federal Contract Tower,0,17,10,24,51,0,4,36,2,42,0,21,46,26,93,18,14,32,125
12/08/2015,CLL,TX,ASW,CE,Federal Contract Tower,0,11,24,48,83,0,0,37,4,41,0,11,61,52,124,32,52,84,208
12/09/2015,CLL,TX,ASW,CE,Federal Contract Tower,0,11,54,26,91,0,2,40,5,47,0,13,94,31,138,6,18,24,162
12/10/2015,CLL,TX,ASW,CE,Federal Contract Tower,0,16,52,23,91,0,0,24,2,26,0,16,76,25,117,28,10,38,155
12/11/2015,CLL,TX,ASW,CE,Federal Contract Tower,1,21,36,23,81,0,0,19,2,21,1,21,55,25,102,14,0,14,116
12/12/2015,CLL,TX,ASW,CE,Federal Contract Tower,1,12,9,28,50,0,0,2,0,2,1,12,11,28,52,0,0,0,52
12/13/2015,CLL,TX,ASW,CE,Federal Contract Tower,0,14,12,7,33,0,0,3,2,5,0,14,15,9,38,0,10,10,48
12/14/2015,CLL,TX,ASW,CE,Federal Contract Tower,0,13,9,49,71,0,0,50,4,54,0,13,59,53,125,16,16,32,157
12/15/2015,CLL,TX,ASW,CE,Federal Contract Tower,0,15,24,33,72,0,0,17,3,20,0,15,41,36,92,16,0,16,108
12/16/2015,CLL,TX,ASW,CE,Federal Contract Tower,0,22,20,27,69,0,1,37,4,42,0,23,57,31,111,16,24,40,151
12/17/2015,CLL,TX,ASW,CE,Federal Contract Tower,2,11,36,6,55,0,6,44,3,53,2,17,80,9,108,44,0,44,152
12/18/2015,CLL,TX,ASW,CE,Federal Contract Tower,0,13,23,61,97,0,1,67,1,69,0,14,90,62,166,18,4,22,188
12/19/2015,CLL,TX,ASW,CE,Federal Contract Tower,2,8,10,1,21,0,0,57,2,59,2,8,67,3,80,30,0,30,110
12/20/2015,CLL,TX,ASW,CE,Federal Contract Tower,0,9,8,0,17,0,0,5,0,5,0,9,13,0,22,0,0,0,22
12/21/2015,CLL,TX,ASW,CE,Federal Contract Tower,0,10,14,10,34,0,0,12,1,13,0,10,26,11,47,0,0,0,47
12/22/2015,CLL,TX,ASW,CE,Federal Contract Tower,0,11,11,5,27,0,0,20,0,20,0,11,31,5,47,34,0,34,81
12/23/2015,CLL,TX,ASW,CE,Federal Contract Tower,0,11,18,5,34,0,0,33,2,35,0,11,51,7,69,8,0,8,77
12/24/2015,CLL,TX,ASW,CE,Federal Contract Tower,0,8,6,0,14,0,3,7,0,10,0,11,13,0,24,22,0,22,46
12/25/2015,CLL,TX,ASW,CE,Federal Contract Tower,0,10,2,0,12,0,0,7,0,7,0,10,9,0,19,0,0,0,19
12/26/2015,CLL,TX,ASW,CE,Federal Contract Tower,4,8,8,0,20,0,0,0,0,0,4,8,8,0,20,0,0,0,20
12/27/2015,CLL,TX,ASW,CE,Federal Contract Tower,0,5,1,0,6,0,0,0,0,0,0,5,1,0,6,0,0,0,6
12/28/2015,CLL,TX,ASW,CE,Federal Contract Tower,2,14,19,0,35,0,0,10,0,10,2,14,29,0,45,6,0,6,51
12/29/2015,CLL,TX,ASW,CE,Federal Contract Tower,0,12,9,1,22,0,0,33,3,36,0,12,42,4,58,28,0,28,86
12/30/2015,CLL,TX,ASW,CE,Federal Contract Tower,0,10,13,1,24,0,2,25,0,27,0,12,38,1,51,16,0,16,67
12/31/2015,CLL,TX,ASW,CE,Federal Contract Tower,7,15,8,0,30,0,0,23,0,23,7,15,31,0,53,8,0,8,61
01/01/2016,CLL,TX,ASW,CE,Federal Contract Tower,0,12,6,0,18,0,4,10,0,14,0,16,16,0,32,0,0,0,32
01/02/2016,CLL,TX,ASW,CE,Federal Contract Tower,0,9,17,0,26,0,0,25,0,25,0,9,42,0,51,8,0,8,59
01/03/2016,CLL,TX,ASW,CE,Federal Contract Tower,0,12,4,0,16,0,0,29,0,29,0,12,33,0,45,20,0,20,65
01/04/2016,CLL,TX,ASW,CE,Federal Contract Tower,0,10,22,24,56,0,0,40,0,40,0,10,62,24,96,36,12,48,144
01/05/2016,CLL,TX,ASW,CE,Federal Contract Tower,2,12,8,54,76,0,0,37,5,42,2,12,45,59,118,2,26,28,146
01/06/2016,CLL,TX,ASW,CE,Federal Contract Tower,0,13,18,12,43,0,0,4,0,4,0,13,22,12,47,0,0,0,47
01/07/2016,CLL,TX,ASW,CE,Federal Contract Tower,0,11,16,25,52,0,0,14,1,15,0,11,30,26,67,0,0,0,67
01/08/2016,CLL,TX,ASW,CE,Federal Contract Tower,1,14,21,25,61,0,0,5,0,5,1,14,26,25,66,0,0,0,66
01/09/2016,CLL,TX,ASW,CE,Federal Contract Tower,2,11,14,71,98,0,0,17,0,17,2,11,31,71,115,18,4,22,137
01/10/2016,CLL,TX,ASW,CE,Federal Contract Tower,0,15,18,17,50,0,0,50,3,53,0,15,68,20,103,14,0,14,117
01/11/2016,CLL,TX,ASW,CE,Federal Contract Tower,1,15,7,34,57,0,0,26,10,36,1,15,33,44,93,10,12,22,115
01/12/2016,CLL,TX,ASW,CE,Federal Contract Tower,1,13,19,48,81,0,0,46,7,53,1,13,65,55,134,54,38,92,226
01/13/2016,CLL,TX,ASW,CE,Federal Contract Tower,0,15,11,46,72,0,0,62,6,68,0,15,73,52,140,74,20,94,234
01/14/2016,CLL,TX,ASW,CE,Federal Contract Tower,0,10,35,25,70,0,0,23,4,27,0,10,58,29,97,8,16,24,121
01/15/2016,CLL,TX,ASW,CE,Federal Contract Tower,2,10,38,49,99,0,0,43,7,50,2,10,81,56,149,16,4,20,169
01/16/2016,CLL,TX,ASW,CE,Federal Contract Tower,2,9,15,6,32,0,0,19,0,19,2,9,34,6,51,32,0,32,83
01/17/2016,CLL,TX,ASW,CE,Federal Contract Tower,0,12,19,45,76,0,0,49,0,49,0,12,68,45,125,22,0,22,147
01/18/2016,CLL,TX,ASW,CE,Federal Contract Tower,0,16,22,6,44,0,4,44,0,48,0,20,66,6,92,34,0,34,126
01/19/2016,CLL,TX,ASW,CE,Federal Contract Tower,0,13,25,29,67,0,0,36,0,36,0,13,61,29,103,18,0,18,121
01/20/2016,CLL,TX,ASW,CE,Federal Contract Tower,0,15,32,25,72,0,0,27,3,30,0,15,59,28,102,36,30,66,168
01/21/2016,CLL,TX,ASW,CE,Federal Contract Tower,0,14,17,27,58,0,0,8,6,14,0,14,25,33,72,0,22,22,94
01/22/2016,CLL,TX,ASW,CE,Federal Contract Tower,2,13,25,130,170,0,0,37,10,47,2,13,62,140,217,10,22,32,249
01/23/2016,CLL,TX,ASW,CE,Federal Contract Tower,2,9,3,33,47,0,0,84,15,99,2,9,87,48,146,8,10,18,164
01/24/2016,CLL,TX,ASW,CE,Federal Contract Tower,0,15,11,19,45,0,0,36,8,44,0,15,47,27,89,24,4,28,117
01/25/2016,CLL,TX,ASW,CE,Federal Contract Tower,0,10,9,21,40,0,0,31,0,31,0,10,40,21,71,12,6,18,89
01/26/2016,CLL,TX,ASW,CE,Federal Contract Tower,3,12,18,23,56,0,0,25,6,31,3,12,43,29,87,8,18,26,113
01/27/2016,CLL,TX,ASW,CE,Federal Contract Tower,0,17,32,39,88,0,0,43,6,49,0,17,75,45,137,34,32,66,203
01/28/2016,CLL,TX,ASW,CE,Federal Contract Tower,0,15,22,49,86,0,0,56,7,63,0,15,78,56,149,4,18,22,171
01/29/2016,CLL,TX,ASW,CE,Federal Contract Tower,0,16,34,43,93,0,0,56,1,57,0,16,90,44,150,10,10,20,170
01/30/2016,CLL,TX,ASW,CE,Federal Contract Tower,0,12,9,25,46,0,0,51,7,58,0,12,60,32,104,36,14,50,154
01/31/2016,CLL,TX,ASW,CE,Federal Contract Tower,1,14,17,25,57,0,0,46,4,50,1,14,63,29,107,14,54,68,175
02/01/2016,CLL,TX,ASW,CE,Federal Contract Tower,0,12,25,29,66,0,0,33,4,37,0,12,58,33,103,14,8,22,125
02/02/2016,CLL,TX,ASW,CE,Federal Contract Tower,0,14,15,52,81,0,0,37,7,44,0,14,52,59,125,42,16,58,183
02/03/2016,CLL,TX,ASW,CE,Federal Contract Tower,2,15,25,43,85,0,1,44,1,46,2,16,69,44,131,14,40,54,185
02/04/2016,CLL,TX,ASW,CE,Federal Contract Tower,0,11,27,32,70,0,0,47,5,52,0,11,74,37,122,26,16,42,164
02/05/2016,CLL,TX,ASW,CE,Federal Contract Tower,14,18,46,0,78,0,0,56,9,65,14,18,102,9,143,42,46,88,231
02/06/2016,CLL,TX,ASW,CE,Federal Contract Tower,0,11,29,20,60,0,0,36,0,36,0,11,65,20,96,28,0,28,124
02/07/2016,CLL,TX,ASW,CE,Federal Contract Tower,0,14,17,44,75,0,0,56,7,63,0,14,73,51,138,42,8,50,188
02/08/2016,CLL,TX,ASW,CE,Federal Contract Tower,0,12,15,27,54,0,0,24,10,34,0,12,39,37,88,2,16,18,106
02/09/2016,CLL,TX,ASW,CE,Federal Contract Tower,3,13,22,37,75,0,0,43,5,48,3,13,65,42,123,38,30,68,191
02/10/2016,CLL,TX,ASW,CE,Federal Contract Tower,0,11,23,49,83,0,0,53,1,54,0,11,76,50,137,68,18,86,223
02/11/2016,CLL,TX,ASW,CE,Federal Contract Tower,0,12,24,56,92,0,0,55,5,60,0,12,79,61,152,40,4,44,196
02/12/2016,CLL,TX,ASW,CE,Federal Contract Tower,1,16,29,24,70,0,4,57,13,74,1,20,86,37,144,10,6,16,160
02/13/2016,CLL,TX,ASW,CE,Federal Contract Tower,3,7,9,34,53,0,0,40,2,42,3,7,49,36,95,22,4,26,121
02/14/2016,CLL,TX,ASW,CE,Federal Contract Tower,0,13,12,11,36,0,0,19,0,19,0,13,31,11,55,4,0,4,59
02/15/2016,CLL,TX,ASW,CE,Federal Contract Tower,0,19,23,7,49,0,0,34,2,36,0,19,57,9,85,20,4,24,109
02/16/2016,CLL,TX,ASW,CE,Federal Contract Tower,0,12,16,64,92,0,0,44,7,51,0,12,60,71,143,16,40,56,199
02/17/2016,CLL,TX,ASW,CE,Federal Contract Tower,0,13,18,31,62,0,0,38,7,45,0,13,56,38,107,44,4,48,155
02/18/2016,CLL,TX,ASW,CE,Federal Contract Tower,0,16,11,26,53,0,12,53,2,67,0,28,64,28,120,14,0,14,134
02/19/2016,CLL,TX,ASW,CE,Federal Contract Tower,2,10,24,34,70,0,0,49,3,52,2,10,73,37,122,28,0,28,150
02/20/2016,CLL,TX,ASW,CE,Federal Contract Tower,1,12,33,77,123,0,0,29,1,30,1,12,62,78,153,46,2,48,201
02/21/2016,CLL,TX,ASW,CE,Federal Contract Tower,0,13,33,8,54,0,0,6,1,7,0,13,39,9,61,2,0,2,63
02/22/2016,CLL,TX,ASW,CE,Federal Contract Tower,0,14,23,22,59,0,0,8,2,10,0,14,31,24,69,28,0,28,97
02/23/2016,CLL,TX,ASW,CE,Federal Contract Tower,0,13,22,20,55,0,0,4,4,8,0,13,26,24,63,2,4,6,69
02/24/2016,CLL,TX,ASW,CE,Federal Contract Tower,0,18,23,37,78,0,0,29,0,29,0,18,52,37,107,18,12,30,137
02/25/2016,CLL,TX,ASW,CE,Federal Contract Tower,0,16,17,41,74,0,6,56,6,68,0,22,73,47,142,20,16,36,178
02/26/2016,CLL,TX,ASW,CE,Federal Contract Tower,2,17,21,26,66,0,0,69,1,70,2,17,90,27,136,28,10,38,174
02/27/2016,CLL,TX,ASW,CE,Federal Contract Tower,2,11,15,29,57,0,0,61,1,62,2,11,76,30,119,20,12,32,151
02/28/2016,CLL,TX,ASW,CE,Federal Contract Tower,2,14,31,4,51,0,0,34,5,39,2,14,65,9,90,30,18,48,138
02/29/2016,CLL,TX,ASW,CE,Federal Contract Tower,2,11,25,12,50,0,0,27,13,40,2,11,52,25,90,40,0,40,130
03/01/2016,CLL,TX,ASW,CE,Federal Contract Tower,0,14,25,20,59,0,0,37,8,45,0,14,62,28,104,32,14,46,150
03/02/2016,CLL,TX,ASW,CE,Federal Contract Tower,0,25,24,23,72,0,0,33,5,38,0,25,57,28,110,20,18,38,148
03/03/2016,CLL,TX,ASW,CE,Federal Contract Tower,0,19,22,24,65,0,6,39,3,48,0,25,61,27,113,12,0,12,125
03/04/2016,CLL,TX,ASW,CE,Federal Contract Tower,1,19,32,33,85,0,0,65,4,69,1,19,97,37,154,34,0,34,188
03/05/2016,CLL,TX,ASW,CE,Federal Contract Tower,1,14,32,7,54,0,0,80,5,85,1,14,112,12,139,30,2,32,171
03/06/2016,CLL,TX,ASW,CE,Federal Contract Tower,0,16,35,17,68,0,0,62,3,65,0,16,97,20,133,6,14,20,153
03/07/2016,CLL,TX,ASW,CE,Federal Contract Tower,0,14,18,5,37,0,0,18,0,18,0,14,36,5,55,32,0,32,87
03/08/2016,CLL,TX,ASW,CE,Federal Contract Tower,0,9,17,0,26,0,0,5,0,5,0,9,22,0,31,0,0,0,31
03/09/2016,CLL,TX,ASW,CE,Federal Contract Tower,2,10,12,0,24,0,0,0,0,0,2,10,12,0,24,0,0,0,24
03/10/2016,CLL,TX,ASW,CE,Federal Contract Tower,0,15,26,11,52,0,2,8,0,10,0,17,34,11,62,28,0,28,90
03/11/2016,CLL,TX,ASW,CE,Federal Contract Tower,0,19,26,53,98,0,0,26,0,26,0,19,52,53,124,44,34,78,202
03/12/2016,CLL,TX,ASW,CE,Federal Contract Tower,0,14,34,42,90,0,0,24,1,25,0,14,58,43,115,8,0,8,123
03/13/2016,CLL,TX,ASW,CE,Federal Contract Tower,0,15,20,18,53,6,0,27,4,37,6,15,47,22,90,10,2,12,102
03/14/2016,CLL,TX,ASW,CE,Federal Contract Tower,0,17,16,22,55,0,0,40,9,49,0,17,56,31,104,42,28,70,174
03/15/2016,CLL,TX,ASW,CE,Federal Contract Tower,0,10,27,35,72,0,0,19,2,21,0,10,46,37,93,0,0,0,93
03/16/2016,CLL,TX,ASW,CE,Federal Contract Tower,2,16,13,25,56,0,0,37,3,40,2,16,50,28,96,8,20,28,124
03/17/2016,CLL,TX,ASW,CE,Federal Contract Tower,4,19,27,7,57,0,0,12,1,13,4,19,39,8,70,0,4,4,74
03/18/2016,CLL,TX,ASW,CE,Federal Contract Tower,0,14,23,17,54,0,0,34,0,34,0,14,57,17,88,12,4,16,104
03/19/2016,CLL,TX,ASW,CE,Federal Contract Tower,2,13,20,58,93,0,0,33,2,35,2,13,53,60,128,8,10,18,146
03/20/2016,CLL,TX,ASW,CE,Federal Contract Tower,1,19,19,19,58,0,0,49,2,51,1,19,68,21,109,20,0,20,129
03/21/2016,CLL,TX,ASW,CE,Federal Contract Tower,1,15,8,11,35,0,0,43,9,52,1,15,51,20,87,48,22,70,157
03/22/2016,CLL,TX,ASW,CE,Federal Contract Tower,2,21,13,11,47,0,0,30,16,46,2,21,43,27,93,34,0,34,127
03/23/2016,CLL,TX,ASW,CE,Federal Contract Tower,0,14,20,18,52,0,2,21,8,31,0,16,41,26,83,34,16,50,133
03/24/2016,CLL,TX,ASW,CE,Federal Contract Tower,0,22,27,15,64,0,0,53,11,64,0,22,80,26,128,34,10,44,172
03/25/2016,CLL,TX,ASW,CE,Federal Contract Tower,2,13,29,27,71,0,0,77,4,81,2,13,106,31,152,62,0,62,214
03/26/2016,CLL,TX,ASW,CE,Federal Contract Tower,0,8,23,1,32,0,0,43,2,45,0,8,66,3,77,44,0,44,121
03/27/2016,CLL,TX,ASW,CE,Federal Contract Tower,0,13,14,0,27,0,2,15,0,17,0,15,29,0,44,12,0,12,56
03/28/2016,CLL,TX,ASW,CE,Federal Contract Tower,0,19,17,39,75,0,0,69,4,73,0,19,86,43,148,44,6,50,198
03/29/2016,CLL,TX,ASW,CE,Federal Contract Tower,0,13,37,20,70,0,1,1,0,2,0,14,38,20,72,0,0,0,72
03/30/2016,CLL,TX,ASW,CE,Federal Contract Tower,0,11,34,9,54,0,0,1,0,1,0,11,35,9,55,0,0,0,55
03/31/2016,CLL,TX,ASW,CE,Federal Contract Tower,0,19,30,44,93,0,0,44,9,53,0,19,74,53,146,44,20,64,210
04/01/2016,CLL,TX,ASW,CE,Federal Contract Tower,0,16,41,43,100,0,0,21,3,24,0,16,62,46,124,6,10,16,140
04/02/2016,CLL,TX,ASW,CE,Federal Contract Tower,0,9,21,18,48,0,1,71,5,77,0,10,92,23,125,46,10,56,181
04/03/2016,CLL,TX,ASW,CE,Federal Contract Tower,0,16,31,39,86,0,0,57,13,70,0,16,88,52,156,56,18,74,230
04/04/2016,CLL,TX,ASW,CE,Federal Contract Tower,0,15,25,29,69,0,0,59,3,62,0,15,84,32,131,56,0,56,187
04/05/2016,CLL,TX,ASW,CE,Federal Contract Tower,0,11,16,81,108,0,0,48,5,53,0,11,64,86,161,4,6,10,171
04/06/2016,CLL,TX,ASW,CE,Federal Contract Tower,0,11,20,83,114,0,0,48,5,53,0,11,68,88,167,46,38,84,251
04/07/2016,CLL,TX,ASW,CE,Federal Contract Tower,0,18,38,6,62,0,0,64,6,70,0,18,102,12,132,82,10,92,224
04/08/2016,CLL,TX,ASW,CE,Federal Contract Tower,0,14,35,53,102,0,0,65,14,79,0,14,100,67,181,26,22,48,229
04/09/2016,CLL,TX,ASW,CE,Federal Contract Tower,0,9,43,23,75,0,0,52,0,52,0,9,95,23,127,16,8,24,151
04/10/2016,CLL,TX,ASW,CE,Federal Contract Tower,0,16,23,17,56,0,0,25,3,28,0,16,48,20,84,42,0,42,126
04/11/2016,CLL,TX,ASW,CE,Federal Contract Tower,0,14,12,10,36,0,0,1,2,3,0,14,13,12,39,0,0,0,39
04/12/2016,CLL,TX,ASW,CE,Federal Contract Tower,0,15,33,38,86,0,0,2,0,2,0,15,35,38,88,0,0,0,88
04/13/2016,CLL,TX,ASW,CE,Federal Contract Tower,0,12,36,31,79,0,0,5,0,5,0,12,41,31,84,26,0,26,110
04/14/2016,CLL,TX,ASW,CE,Federal Contract Tower,0,32,24,19,75,0,2,21,2,25,0,34,45,21,100,0,0,0,100
04/15/2016,CLL,TX,ASW,CE,Federal Contract Tower,0,15,46,33,94,0,0,31,7,38,0,15,77,40,132,8,12,20,152
04/16/2016,CLL,TX,ASW,CE,Federal Contract Tower,0,12,18,24,54,0,0,23,0,23,0,12,41,24,77,18,0,18,95
04/17/2016,CLL,TX,ASW,CE,Federal Contract Tower,0,17,26,13,56,0,0,4,1,5,0,17,30,14,61,0,0,0,61
04/18/2016,CLL,TX,ASW,CE,Federal Contract Tower,0,7,6,2,15,0,0,2,0,2,0,7,8,2,17,4,0,4,21
04/19/2016,CLL,TX,ASW,CE,Federal Contract Tower,0,12,22,45,79,0,0,18,6,24,0,12,40,51,103,36,2,38,141
04/20/2016,CLL,TX,ASW,CE,Federal Contract Tower,0,12,14,17,43,0,0,6,1,7,0,12,20,18,50,10,0,10,60
04/21/2016,CLL,TX,ASW,CE,Federal Contract Tower,0,17,20,8,45,3,23,1,1,28,3,40,21,9,73,52,6,58,131
04/22/2016,CLL,TX,ASW,CE,Federal Contract Tower,0,17,23,44,84,0,0,74,7,81,0,17,97,51,165,0,28,28,193
04/23/2016,CLL,TX,ASW,CE,Federal Contract Tower,0,11,37,0,48,0,0,72,2,74,0,11,109,2,122,4,0,4,126
04/24/2016,CLL,TX,ASW,CE,Federal Contract Tower,0,14,17,12,43,0,0,11,2,13,0,14,28,14,56,26,4,30,86
04/25/2016,CLL,TX,ASW,CE,Federal Contract Tower,0,14,12,25,51,0,0,21,0,21,0,14,33,25,72,16,0,16,88
04/26/2016,CLL,TX,ASW,CE,Federal Contract Tower,0,15,42,45,102,0,0,22,3,25,0,15,64,48,127,20,0,20,147
04/27/2016,CLL,TX,ASW,CE,Federal Contract Tower,0,17,30,26,73,0,0,40,8,48,0,17,70,34,121,38,20,58,179
04/28/2016,CLL,TX,ASW,CE,Federal Contract Tower,0,19,42,39,100,0,0,23,2,25,0,19,65,41,125,44,36,80,205
04/29/2016,CLL,TX,ASW,CE,Federal Contract Tower,0,15,18,17,50,0,0,9,1,10,0,15,27,18,60,4,0,4,64
04/30/2016,CLL,TX,ASW,CE,Federal Contract Tower,0,10,20,9,39,0,0,44,2,46,0,10,64,11,85,46,0,46,131
05/01/2016,CLL,TX,ASW,CE,Federal Contract Tower,0,15,10,15,40,0,0,28,2,30,0,15,38,17,70,6,4,10,80
05/02/2016,CLL,TX,ASW,CE,Federal Contract Tower,0,15,18,11,44,0,0,4,3,7,0,15,22,14,51,0,6,6,57
05/03/2016,CLL,TX,ASW,CE,Federal Contract Tower,0,16,24,38,78,0,0,31,4,35,0,16,55,42,113,44,24,68,181
05/04/2016,CLL,TX,ASW,CE,Federal Contract Tower,0,17,12,10,39,0,0,2,0,2,0,17,14,10,41,42,30,72,113
05/05/2016,CLL,TX,ASW,CE,Federal Contract Tower,0,28,21,23,72,0,10,48,6,64,0,38,69,29,136,36,6,42,178
05/06/2016,CLL,TX,ASW,CE,Federal Contract Tower,0,17,23,35,75,0,2,66,0,68,0,19,89,35,143,46,4,50,193
05/07/2016,CLL,TX,ASW,CE,Federal Contract Tower,0,12,21,13,46,0,0,48,2,50,0,12,69,15,96,22,0,22,118
05/08/2016,CLL,TX,ASW,CE,Federal Contract Tower,0,15,10,0,25,0,0,10,5,15,0,15,20,5,40,0,0,0,40
05/09/2016,CLL,TX,ASW,CE,Federal Contract Tower,0,25,17,34,76,0,0,27,3,30,0,25,44,37,106,34,14,48,154
05/10/2016,CLL,TX,ASW,CE,Federal Contract Tower,0,16,11,18,45,0,2,22,4,28,0,18,33,22,73,16,2,18,91
05/11/2016,CLL,TX,ASW,CE,Federal Contract Tower,0,13,25,46,84,0,0,47,11,58,0,13,72,57,142,24,14,38,180
05/12/2016,CLL,TX,ASW,CE,Federal Contract Tower,0,19,7,18,44,0,6,26,1,33,0,25,33,19,77,26,0,26,103
05/13/2016,CLL,TX,ASW,CE,Federal Contract Tower,0,19,29,32,80,0,0,50,4,54,0,19,79,36,134,56,0,56,190
05/14/2016,CLL,TX,ASW,CE,Federal Contract Tower,0,11,24,0,35,0,0,6,0,6,0,11,30,0,41,0,0,0,41
05/15/2016,CLL,TX,ASW,CE,Federal Contract Tower,2,13,16,1,32,0,0,13,0,13,2,13,29,1,45,36,0,36,81
05/16/2016,CLL,TX,ASW,CE,Federal Contract Tower,0,18,19,18,55,0,0,16,4,20,0,18,35,22,75,12,6,18,93
05/17/2016,CLL,TX,ASW,CE,Federal Contract Tower,0,19,23,38,80,0,0,12,0,12,0,19,35,38,92,16,20,36,128
05/18/2016,CLL,TX,ASW,CE,Federal Contract Tower,0,18,50,58,126,0,0,16,1,17,0,18,66,59,143,44,20,64,207
05/19/2016,CLL,TX,ASW,CE,Federal Contract Tower,0,18,6,0,24,0,0,4,0,4,0,18,10,0,28,0,0,0,28
05/20/2016,CLL,TX,ASW,CE,Federal Contract Tower,0,16,13,18,47,0,0,32,2,34,0,16,45,20,81,36,0,36,117
05/21/2016,CLL,TX,ASW,CE,Federal Contract Tower,0,12,18,0,30,0,0,18,1,19,0,12,36,1,49,32,0,32,81
05/22/2016,CLL,TX,ASW,CE,Federal Contract Tower,0,18,2,18,38,0,0,16,1,17,0,18,18,19,55,12,2,14,69
05/23/2016,CLL,TX,ASW,CE,Federal Contract Tower,0,20,23,16,59,0,0,19,3,22,0,20,42,19,81,8,0,8,89
05/24/2016,CLL,TX,ASW,CE,Federal Contract Tower,0,13,29,27,69,0,0,23,10,33,0,13,52,37,102,22,52,74,176
05/25/2016,CLL,TX,ASW,CE,Federal Contract Tower,0,16,19,20,55,0,0,15,7,22,0,16,34,27,77,22,18,40,117
05/26/2016,CLL,TX,ASW,CE,Federal Contract Tower,0,19,10,0,29,0,0,0,0,0,0,19,10,0,29,0,0,0,29
05/27/2016,CLL,TX,ASW,CE,Federal Contract Tower,0,20,17,0,37,0,0,0,0,0,0,20,17,0,37,0,0,0,37
05/28/2016,CLL,TX,ASW,CE,Federal Contract Tower,0,10,11,6,27,0,0,35,0,35,0,10,46,6,62,42,0,42,104
05/29/2016,CLL,TX,ASW,CE,Federal Contract Tower,0,9,20,0,29,0,0,34,0,34,0,9,54,0,63,50,0,50,113
05/30/2016,CLL,TX,ASW,CE,Federal Contract Tower,0,23,18,0,41,0,0,33,0,33,0,23,51,0,74,4,0,4,78
05/31/2016,CLL,TX,ASW,CE,Federal Contract Tower,0,10,28,2,40,0,0,16,2,18,0,10,44,4,58,22,0,22,80
06/01/2016,CLL,TX,ASW,CE,Federal Contract Tower,0,17,35,24,76,0,0,15,8,23,0,17,50,32,99,32,36,68,167
06/02/2016,CLL,TX,ASW,CE,Federal Contract Tower,0,29,6,20,55,0,4,7,1,12,0,33,13,21,67,18,0,18,85
06/03/2016,CLL,TX,ASW,CE,Federal Contract Tower,0,22,18,13,53,0,0,20,0,20,0,22,38,13,73,26,0,26,99
06/04/2016,CLL,TX,ASW,CE,Federal Contract Tower,0,7,25,8,40,0,0,8,0,8,0,7,33,8,48,10,0,10,58
06/05/2016,CLL,TX,ASW,CE,Federal Contract Tower,0,16,42,42,100,0,0,37,3,40,0,16,79,45,140,38,0,38,178
06/06/2016,CLL,TX,ASW,CE,Federal Contract Tower,2,19,19,15,55,0,0,37,2,39,2,19,56,17,94,44,0,44,138
06/07/2016,CLL,TX,ASW,CE,Federal Contract Tower,0,15,21,21,57,0,0,46,6,52,0,15,67,27,109,24,2,26,135
06/08/2016,CLL,TX,ASW,CE,Federal Contract Tower,0,13,18,12,43,0,43,1,0,44,0,56,19,12,87,34,32,66,153
06/09/2016,CLL,TX,ASW,CE,Federal Contract Tower,0,23,18,11,52,0,4,57,3,64,0,27,75,14,116,6,0,6,122
06/10/2016,CLL,TX,ASW,CE,Federal Contract Tower,0,12,21,24,57,0,0,25,4,29,0,12,46,28,86,14,2,16,102
06/11/2016,CLL,TX,ASW,CE,Federal Contract Tower,0,11,24,2,37,0,0,32,12,44,0,11,56,14,81,16,8,24,105
06/12/2016,CLL,TX,ASW,CE,Federal Contract Tower,0,15,9,0,24,0,0,9,1,10,0,15,18,1,34,0,0,0,34
06/13/2016,CLL,TX,ASW,CE,Federal Contract Tower,0,16,26,28,70,0,0,27,6,33,0,16,53,34,103,6,8,14,117
06/14/2016,CLL,TX,ASW,CE,Federal Contract Tower,0,20,41,37,98,0,0,25,7,32,0,20,66,44,130,20,14,34,164
06/15/2016,CLL,TX,ASW,CE,Federal Contract Tower,0,13,22,40,75,0,0,36,2,38,0,13,58,42,113,10,4,14,127
06/16/2016,CLL,TX,ASW,CE,Federal Contract Tower,0,18,19,35,72,0,0,41,7,48,0,18,60,42,120,18,18,36,156
06/17/2016,CLL,TX,ASW,CE,Federal Contract Tower,0,14,35,13,62,0,0,49,9,58,0,14,84,22,120,4,8,12,132
06/18/2016,CLL,TX,ASW,CE,Federal Contract Tower,0,10,18,2,30,0,0,37,3,40,0,10,55,5,70,50,12,62,132
06/19/2016,CLL,TX,ASW,CE,Federal Contract Tower,0,14,8,8,30,0,0,34,1,35,0,14,42,9,65,24,14,38,103
06/20/2016,CLL,TX,ASW,CE,Federal Contract Tower,0,17,16,25,58,0,0,33,3,36,0,17,49,28,94,48,8,56,150
06/21/2016,CLL,TX,ASW,CE,Federal Contract Tower,0,15,16,45,76,0,0,37,3,40,0,15,53,48,116,28,8,36,152
06/22/2016,CLL,TX,ASW,CE,Federal Contract Tower,0,16,32,21,69,0,0,52,9,61,0,16,84,30,130,12,50,62,192
06/23/2016,CLL,TX,ASW,CE,Federal Contract Tower,0,14,14,33,61,0,8,37,9,54,0,22,51,42,115,14,38,52,167
06/24/2016,CLL,TX,ASW,CE,Federal Contract Tower,0,15,35,37,87,0,0,48,10,58,0,15,83,47,145,20,24,44,189
06/25/2016,CLL,TX,ASW,CE,Federal Contract Tower,0,13,18,2,33,0,0,51,0,51,0,13,69,2,84,28,0,28,112
06/26/2016,CLL,TX,ASW,CE,Federal Contract Tower,0,13,25,14,52,0,0,48,11,59,0,13,73,25,111,14,6,20,131
06/27/2016,CLL,TX,ASW,CE,Federal Contract Tower,0,16,11,18,45,0,0,26,4,30,0,16,37,22,75,2,0,2,77
06/28/2016,CLL,TX,ASW,CE,Federal Contract Tower,0,9,12,10,31,0,0,19,0,19,0,9,31,10,50,14,0,14,64
06/29/2016,CLL,TX,ASW,CE,Federal Contract Tower,0,18,19,30,67,0,0,29,8,37,0,18,48,38,104,40,2,42,146
06/30/2016,CLL,TX,ASW,CE,Federal Contract Tower,0,19,19,22,60,0,10,45,5,60,0,29,64,27,120,18,20,38,158
07/01/2016,CLL,TX,ASW,CE,Federal Contract Tower,0,14,9,9,32,0,0,31,4,35,0,14,40,13,67,4,0,4,71
07/02/2016,CLL,TX,ASW,CE,Federal Contract Tower,0,9,11,4,24,0,0,42,0,42,0,9,53,4,66,22,0,22,88
07/03/2016,CLL,TX,ASW,CE,Federal Contract Tower,0,8,6,0,14,0,0,25,2,27,0,8,31,2,41,0,0,0,41
07/04/2016,CLL,TX,ASW,CE,Federal Contract Tower,0,11,9,0,20,0,0,19,0,19,0,11,28,0,39,0,0,0,39
07/05/2016,CLL,TX,ASW,CE,Federal Contract Tower,0,17,15,5,37,0,0,21,3,24,0,17,36,8,61,20,4,24,85
07/06/2016,CLL,TX,ASW,CE,Federal Contract Tower,0,15,38,34,87,0,0,34,8,42,0,15,72,42,129,12,30,42,171
07/07/2016,CLL,TX,ASW,CE,Federal Contract Tower,0,13,18,9,40,0,6,45,4,55,0,19,63,13,95,16,8,24,119
07/08/2016,CLL,TX,ASW,CE,Federal Contract Tower,0,14,25,47,86,0,0,28,8,36,0,14,53,55,122,30,6,36,158
07/09/2016,CLL,TX,ASW,CE,Federal Contract Tower,0,10,27,9,46,0,0,37,4,41,0,10,64,13,87,8,24,32,119
07/10/2016,CLL,TX,ASW,CE,Federal Contract Tower,0,12,13,29,54,0,0,24,2,26,0,12,37,31,80,50,0,50,130
07/11/2016,CLL,TX,ASW,CE,Federal Contract Tower,0,14,16,10,40,0,0,32,4,36,0,14,48,14,76,10,0,10,86
07/12/2016,CLL,TX,ASW,CE,Federal Contract Tower,0,14,18,20,52,0,0,25,11,36,0,14,43,31,88,2,32,34,122
07/13/2016,CLL,TX,ASW,CE,Federal Contract Tower,0,18,38,22,78,0,0,19,17,36,0,18,57,39,114,12,18,30,144
07/14/2016,CLL,TX,ASW,CE,Federal Contract Tower,0,19,14,13,46,0,2,36,10,48,0,21,50,23,94,18,22,40,134
07/15/2016,CLL,TX,ASW,CE,Federal Contract Tower,0,14,36,22,72,0,0,46,10,56,0,14,82,32,128,14,12,26,154
07/16/2016,CLL,TX,ASW,CE,Federal Contract Tower,0,13,25,13,51,0,0,25,1,26,0,13,50,14,77,14,2,16,93
07/17/2016,CLL,TX,ASW,CE,Federal Contract Tower,0,13,31,15,59,0,0,36,9,45,0,13,67,24,104,16,10,26,130
07/18/2016,CLL,TX,ASW,CE,Federal Contract Tower,0,17,28,42,87,0,0,23,7,30,0,17,51,49,117,8,36,44,161
07/19/2016,CLL,TX,ASW,CE,Federal Contract Tower,0,18,14,38,70,0,0,30,1,31,0,18,44,39,101,32,0,32,133
07/20/2016,CLL,TX,ASW,CE,Federal Contract Tower,0,14,31,30,75,0,0,36,8,44,0,14,67,38,119,10,26,36,155
07/21/2016,CLL,TX,ASW,CE,Federal Contract Tower,0,18,33,18,69,0,2,50,4,56,0,20,83,22,125,4,14,18,143
07/22/2016,CLL,TX,ASW,CE,Federal Contract Tower,0,14,19,47,80,0,0,36,3,39,0,14,55,50,119,16,36,52,171
07/23/2016,CLL,TX,ASW,CE,Federal Contract Tower,0,8,17,32,57,0,0,42,4,46,0,8,59,36,103,6,0,6,109
07/24/2016,CLL,TX,ASW,CE,Federal Contract Tower,0,13,29,17,59,0,0,36,5,41,0,13,65,22,100,4,0,4,104
07/25/2016,CLL,TX,ASW,CE,Federal Contract Tower,0,12,21,31,64,0,0,26,0,26,0,12,47,31,90,28,0,28,118
07/26/2016,CLL,TX,ASW,CE,Federal Contract Tower,0,14,23,9,46,0,0,24,0,24,0,14,47,9,70,26,0,26,96
07/27/2016,CLL,TX,ASW,CE,Federal Contract Tower,0,2,12,19,33,0,0,5,0,5,0,2,17,19,38,30,0,30,68
07/28/2016,CLL,TX,ASW,CE,Federal Contract Tower,0,21,24,20,65,0,14,17,3,34,0,35,41,23,99,0,6,6,105
07/29/2016,CLL,TX,ASW,CE,Federal Contract Tower,0,20,31,19,70,0,0,33,4,37,0,20,64,23,107,0,14,14,121
07/30/2016,CLL,TX,ASW,CE,Federal Contract Tower,0,9,11,21,41,0,0,30,4,34,0,9,41,25,75,6,0,6,81
07/31/2016,CLL,TX,ASW,CE,Federal Contract Tower,0,15,28,22,65,0,0,39,2,41,0,15,67,24,106,14,0,14,120
08/01/2016,CLL,TX,ASW,CE,Federal Contract Tower,0,18,22,45,85,0,0,32,4,36,0,18,54,49,121,10,8,18,139
08/02/2016,CLL,TX,ASW,CE,Federal Contract Tower,0,13,22,19,54,0,0,34,8,42,0,13,56,27,96,10,2,12,108
08/03/2016,CLL,TX,ASW,CE,Federal Contract Tower,0,12,21,54,87,0,0,26,4,30,0,12,47,58,117,22,28,50,167
08/04/2016,CLL,TX,ASW,CE,Federal Contract Tower,0,14,23,43,80,0,3,46,10,59,0,17,69,53,139,0,0,0,139
08/05/2016,CLL,TX,ASW,CE,Federal Contract Tower,0,11,22,23,56,0,6,42,3,51,0,17,64,26,107,22,0,22,129
08/06/2016,CLL,TX,ASW,CE,Federal Contract Tower,0,7,14,25,46,0,0,33,1,34,0,7,47,26,80,14,8,22,102
08/07/2016,CLL,TX,ASW,CE,Federal Contract Tower,0,14,18,20,52,0,0,47,2,49,0,14,65,22,101,30,8,38,139
08/08/2016,CLL,TX,ASW,CE,Federal Contract Tower,0,18,14,61,93,0,0,31,2,33,0,18,45,63,126,26,0,26,152
08/09/2016,CLL,TX,ASW,CE,Federal Contract Tower,0,13,19,29,61,0,2,40,8,50,0,15,59,37,111,20,22,42,153
08/10/2016,CLL,TX,ASW,CE,Federal Contract Tower,0,17,38,26,81,0,0,35,3,38,0,17,73,29,119,6,0,6,125
08/11/2016,CLL,TX,ASW,CE,Federal Contract Tower,0,17,31,18,66,0,8,36,4,48,0,25,67,22,114,6,0,6,120
08/12/2016,CLL,TX,ASW,CE,Federal Contract Tower,0,14,31,36,81,0,0,30,2,32,0,14,61,38,113,0,16,16,129
08/13/2016,CLL,TX,ASW,CE,Federal Contract Tower,0,10,20,6,36,0,0,10,1,11,0,10,30,7,47,16,14,30,77
08/14/2016,CLL,TX,ASW,CE,Federal Contract Tower,0,23,5,13,41,0,0,4,0,4,0,23,9,13,45,0,0,0,45
08/15/2016,CLL,TX,ASW,CE,Federal Contract Tower,0,22,22,0,44,0,0,0,0,0,0,22,22,0,44,0,0,0,44
08/16/2016,CLL,TX,ASW,CE,Federal Contract Tower,0,18,9,1,28,0,0,13,0,13,0,18,22,1,41,22,0,22,63
08/17/2016,CLL,TX,ASW,CE,Federal Contract Tower,0,16,21,0,37,0,0,8,0,8,0,16,29,0,45,0,0,0,45
08/18/2016,CLL,TX,ASW,CE,Federal Contract Tower,0,18,25,0,43,0,8,9,2,19,0,26,34,2,62,0,8,8,70
08/19/2016,CLL,TX,ASW,CE,Federal Contract Tower,0,25,29,12,66,0,0,20,2,22,0,25,49,14,88,8,4,12,100
08/20/2016,CLL,TX,ASW,CE,Federal Contract Tower,0,5,11,11,27,0,0,12,1,13,0,5,23,12,40,18,0,18,58
08/21/2016,CLL,TX,ASW,CE,Federal Contract Tower,0,12,9,3,24,0,0,0,1,1,0,12,9,4,25,0,0,0,25
08/22/2016,CLL,TX,ASW,CE,Federal Contract Tower,0,19,16,21,56,0,1,14,2,17,0,20,30,23,73,8,0,8,81
08/23/2016,CLL,TX,ASW,CE,Federal Contract Tower,0,20,38,37,95,0,0,26,4,30,0,20,64,41,125,26,8,34,159
08/24/2016,CLL,TX,ASW,CE,Federal Contract Tower,0,25,27,34,86,0,0,25,3,28,0,25,52,37,114,4,2,6,120
08/25/2016,CLL,TX,ASW,CE,Federal Contract Tower,0,19,15,20,54,0,8,23,10,41,0,27,38,30,95,14,22,36,131
08/26/2016,CLL,TX,ASW,CE,Federal Contract Tower,0,16,20,15,51,0,0,23,3,26,0,16,43,18,77,20,14,34,111
08/27/2016,CLL,TX,ASW,CE,Federal Contract Tower,0,9,35,34,78,0,0,48,0,48,0,9,83,34,126,30,22,52,178
08/28/2016,CLL,TX,ASW,CE,Federal Contract Tower,0,12,10,13,35,0,0,11,4,15,0,12,21,17,50,40,8,48,98
08/29/2016,CLL,TX,ASW,CE,Federal Contract Tower,0,19,13,0,32,0,10,14,2,26,0,29,27,2,58,14,0,14,72
08/30/2016,CLL,TX,ASW,CE,Federal Contract Tower,0,16,21,33,70,0,0,32,0,32,0,16,53,33,102,2,4,6,108
08/31/2016,CLL,TX,ASW,CE,Federal Contract Tower,0,16,24,19,59,0,0,47,9,56,0,16,71,28,115,18,12,30,145
09/01/2016,CLL,TX,ASW,CE,Federal Contract Tower,0,19,20,67,106,0,0,54,3,57,0,19,74,70,163,18,0,18,181
09/02/2016,CLL,TX,ASW,CE,Federal Contract Tower,4,20,45,8,77,0,0,31,0,31,4,20,76,8,108,10,8,18,126
09/03/2016,CLL,TX,ASW,CE,Federal Contract Tower,4,12,81,2,99,0,0,63,4,67,4,12,144,6,166,0,0,0,166
09/04/2016,CLL,TX,ASW,CE,Federal Contract Tower,4,22,28,1,55,0,0,32,0,32,4,22,60,1,87,16,0,16,103
09/05/2016,CLL,TX,ASW,CE,Federal Contract Tower,0,16,19,0,35,0,0,11,0,11,0,16,30,0,46,6,0,6,52
09/06/2016,CLL,TX,ASW,CE,Federal Contract Tower,0,24,22,17,63,0,0,23,4,27,0,24,45,21,90,4,8,12,102
09/07/2016,CLL,TX,ASW,CE,Federal Contract Tower,0,14,12,42,68,0,0,24,9,33,0,14,36,51,101,0,0,0,101
09/08/2016,CLL,TX,ASW,CE,Federal Contract Tower,0,14,34,19,67,0,2,41,11,54,0,16,75,30,121,4,24,28,149
09/09/2016,CLL,TX,ASW,CE,Federal Contract Tower,0,17,43,20,80,0,0,29,3,32,0,17,72,23,112,14,10,24,136
09/10/2016,CLL,TX,ASW,CE,Federal Contract Tower,0,12,40,2,54,0,0,21,0,21,0,12,61,2,75,0,4,4,79
09/11/2016,CLL,TX,ASW,CE,Federal Contract Tower,0,20,20,40,80,0,0,43,2,45,0,20,63,42,125,18,8,26,151
09/12/2016,CLL,TX,ASW,CE,Federal Contract Tower,0,21,29,25,75,0,0,29,6,35,0,21,58,31,110,8,30,38,148
09/13/2016,CLL,TX,ASW,CE,Federal Contract Tower,0,13,25,34,72,0,0,27,4,31,0,13,52,38,103,12,0,12,115
09/14/2016,CLL,TX,ASW,CE,Federal Contract Tower,0,15,22,32,69,0,0,33,6,39,0,15,55,38,108,46,18,64,172
09/15/2016,CLL,TX,ASW,CE,Federal Contract Tower,0,20,31,40,91,0,2,51,13,66,0,22,82,53,157,24,82,106,263
09/16/2016,CLL,TX,ASW,CE,Federal Contract Tower,2,20,37,17,76,0,0,25,0,25,2,20,62,17,101,0,0,0,101
09/17/2016,CLL,TX,ASW,CE,Federal Contract Tower,0,12,11,39,62,0,0,36,4,40,0,12,47,43,102,26,10,36,138
09/18/2016,CLL,TX,ASW,CE,Federal Contract Tower,0,17,44,40,101,0,0,34,0,34,0,17,78,40,135,4,0,4,139
09/19/2016,CLL,TX,ASW,CE,Federal Contract Tower,0,15,20,31,66,0,0,19,2,21,0,15,39,33,87,18,4,22,109
09/20/2016,CLL,TX,ASW,CE,Federal Contract Tower,0,15,24,21,60,0,1,24,12,37,0,16,48,33,97,16,40,56,153
09/21/2016,CLL,TX,ASW,CE,Federal Contract Tower,0,20,32,55,107,0,0,34,4,38,0,20,66,59,145,42,18,60,205
09/22/2016,CLL,TX,ASW,CE,Federal Contract Tower,0,18,29,5,52,0,6,41,1,48,0,24,70,6,100,12,0,12,112
09/23/2016,CLL,TX,ASW,CE,Federal Contract Tower,0,21,20,23,64,0,1,32,2,35,0,22,52,25,99,6,14,20,119
09/24/2016,CLL,TX,ASW,CE,Federal Contract Tower,0,13,27,9,49,0,2,14,2,18,0,15,41,11,67,16,6,22,89
09/25/2016,CLL,TX,ASW,CE,Federal Contract Tower,0,20,10,5,35,0,0,5,0,5,0,20,15,5,40,0,0,0,40
09/26/2016,CLL,TX,ASW,CE,Federal Contract Tower,0,16,27,20,63,0,0,0,0,0,0,16,27,20,63,0,0,0,63
09/27/2016,CLL,TX,ASW,CE,Federal Contract Tower,0,12,25,89,126,0,2,40,10,52,0,14,65,99,178,18,10,28,206
09/28/2016,CLL,TX,ASW,CE,Federal Contract Tower,2,15,22,56,95,0,0,30,8,38,2,15,52,64,133,10,40,50,183
09/29/2016,CLL,TX,ASW,CE,Federal Contract Tower,0,18,36,43,97,0,2,49,3,54,0,20,85,46,151,14,0,14,165
09/30/2016,CLL,TX,ASW,CE,Federal Contract Tower,4,23,27,13,67,0,0,52,1,53,4,23,79,14,120,2,8,10,130
10/01/2016,CLL,TX,ASW,CE,Federal Contract Tower,0,11,15,10,36,0,0,54,0,54,0,11,69,10,90,28,2,30,120
10/02/2016,CLL,TX,ASW,CE,Federal Contract Tower,1,23,15,0,39,0,2,52,0,54,1,25,67,0,93,6,0,6,99
10/03/2016,CLL,TX,ASW,CE,Federal Contract Tower,1,23,11,48,83,0,8,42,4,54,1,31,53,52,137,14,10,24,161
10/04/2016,CLL,TX,ASW,CE,Federal Contract Tower,0,16,37,44,97,0,0,30,8,38,0,16,67,52,135,10,22,32,167
10/05/2016,CLL,TX,ASW,CE,Federal Contract Tower,0,23,27,45,95,0,0,12,2,14,0,23,39,47,109,20,6,26,135
10/06/2016,CLL,TX,ASW,CE,Federal Contract Tower,0,21,45,31,97,0,2,28,5,35,0,23,73,36,132,36,2,38,170
10/07/2016,CLL,TX,ASW,CE,Federal Contract Tower,1,32,40,64,137,0,0,38,2,40,1,32,78,66,177,2,38,40,217
10/08/2016,CLL,TX,ASW,CE,Federal Contract Tower,2,45,172,7,226,0,4,84,7,95,2,49,256,14,321,62,0,62,383
10/09/2016,CLL,TX,ASW,CE,Federal Contract Tower,0,29,28,2,59,0,0,63,0,63,0,29,91,2,122,12,2,14,136
10/10/2016,CLL,TX,ASW,CE,Federal Contract Tower,0,17,26,4,47,0,0,38,0,38,0,17,64,4,85,6,0,6,91
10/11/2016,CLL,TX,ASW,CE,Federal Contract Tower,0,15,37,99,151,0,0,20,6,26,0,15,57,105,177,4,8,12,189
10/13/2016,CLL,TX,ASW,CE,Federal Contract Tower,0,25,25,25,75,0,2,20,3,25,0,27,45,28,100,0,16,16,116
10/14/2016,CLL,TX,ASW,CE,Federal Contract Tower,1,21,22,43,87,0,0,47,3,50,1,21,69,46,137,8,0,8,145
10/15/2016,CLL,TX,ASW,CE,Federal Contract Tower,0,12,18,52,82,0,0,46,0,46,0,12,64,52,128,28,12,40,168
10/16/2016,CLL,TX,ASW,CE,Federal Contract Tower,0,23,17,18,58,0,0,44,3,47,0,23,61,21,105,34,4,38,143
10/17/2016,CLL,TX,ASW,CE,Federal Contract Tower,0,16,27,36,79,0,0,22,0,22,0,16,49,36,101,18,0,18,119
10/18/2016,CLL,TX,ASW,CE,Federal Contract Tower,0,23,22,31,76,0,0,39,2,41,0,23,61,33,117,10,0,10,127
10/19/2016,CLL,TX,ASW,CE,Federal Contract Tower,0,19,26,42,87,0,0,27,7,34,0,19,53,49,121,44,24,68,189
10/20/2016,CLL,TX,ASW,CE,Federal Contract Tower,0,24,24,47,95,0,0,18,6,24,0,24,42,53,119,42,46,88,207
10/21/2016,CLL,TX,ASW,CE,Federal Contract Tower,8,25,22,4,59,0,0,53,0,53,8,25,75,4,112,20,0,20,132
10/22/2016,CLL,TX,ASW,CE,Federal Contract Tower,0,10,13,13,36,0,0,34,1,35,0,10,47,14,71,32,0,32,103
10/23/2016,CLL,TX,ASW,CE,Federal Contract Tower,2,22,17,30,71,0,0,66,8,74,2,22,83,38,145,2,0,2,147
10/24/2016,CLL,TX,ASW,CE,Federal Contract Tower,0,22,9,52,83,0,0,29,2,31,0,22,38,54,114,24,0,24,138
10/25/2016,CLL,TX,ASW,CE,Federal Contract Tower,0,14,16,32,62,0,0,26,5,31,0,14,42,37,93,12,0,12,105
10/26/2016,CLL,TX,ASW,CE,Federal Contract Tower,0,19,11,56,86,0,2,41,8,51,0,21,52,64,137,8,40,48,185
10/27/2016,CLL,TX,ASW,CE,Federal Contract Tower,0,24,20,28,72,0,0,53,12,65,0,24,73,40,137,10,2,12,149
10/28/2016,CLL,TX,ASW,CE,Federal Contract Tower,2,18,41,59,120,0,0,48,8,56,2,18,89,67,176,24,20,44,220
10/29/2016,CLL,TX,ASW,CE,Federal Contract Tower,1,16,60,0,77,0,0,57,0,57,1,16,117,0,134,0,0,0,134
10/30/2016,CLL,TX,ASW,CE,Federal Contract Tower,0,18,36,42,96,0,0,39,7,46,0,18,75,49,142,14,2,16,158
10/31/2016,CLL,TX,ASW,CE,Federal Contract Tower,0,14,10,16,40,0,0,31,0,31,0,14,41,16,71,28,0,28,99
11/01/2016,CLL,TX,ASW,CE,Federal Contract Tower,0,13,15,19,47,0,0,15,1,16,0,13,30,20,63,26,0,26,89
11/02/2016,CLL,TX,ASW,CE,Federal Contract Tower,6,23,24,60,113,0,0,28,3,31,6,23,52,63,144,16,10,26,170
11/03/2016,CLL,TX,ASW,CE,Federal Contract Tower,0,18,24,42,84,0,0,19,1,20,0,18,43,43,104,42,0,42,146
11/04/2016,CLL,TX,ASW,CE,Federal Contract Tower,2,26,54,44,126,0,0,0,0,0,2,26,54,44,126,0,0,0,126
11/05/2016,CLL,TX,ASW,CE,Federal Contract Tower,2,13,27,4,46,0,0,24,0,24,2,13,51,4,70,12,0,12,82
11/06/2016,CLL,TX,ASW,CE,Federal Contract Tower,0,17,22,11,50,0,0,31,0,31,0,17,53,11,81,34,6,40,121
11/07/2016,CLL,TX,ASW,CE,Federal Contract Tower,0,20,22,23,65,0,2,3,1,6,0,22,25,24,71,0,0,0,71
11/08/2016,CLL,TX,ASW,CE,Federal Contract Tower,0,10,11,11,32,0,0,4,0,4,0,10,15,11,36,12,0,12,48
11/09/2016,CLL,TX,ASW,CE,Federal Contract Tower,0,11,35,50,96,0,0,18,0,18,0,11,53,50,114,16,8,24,138
11/10/2016,CLL,TX,ASW,CE,Federal Contract Tower,0,14,33,42,89,0,4,55,1,60,0,18,88,43,149,36,4,40,189
11/11/2016,CLL,TX,ASW,CE,Federal Contract Tower,4,25,52,17,98,0,0,55,0,55,4,25,107,17,153,4,0,4,157
11/12/2016,CLL,TX,ASW,CE,Federal Contract Tower,3,40,118,9,170,0,7,69,0,76,3,47,187,9,246,0,0,0,246
11/13/2016,CLL,TX,ASW,CE,Federal Contract Tower,0,23,47,6,76,0,0,69,1,70,0,23,116,7,146,22,0,22,168
11/14/2016,CLL,TX,ASW,CE,Federal Contract Tower,0,16,15,27,58,0,0,30,1,31,0,16,45,28,89,26,0,26,115
11/15/2016,CLL,TX,ASW,CE,Federal Contract Tower,0,17,21,32,70,0,0,33,3,36,0,17,54,35,106,8,0,8,114
11/16/2016,CLL,TX,ASW,CE,Federal Contract Tower,0,16,15,27,58,0,0,40,7,47,0,16,55,34,105,44,20,64,169
11/17/2016,CLL,TX,ASW,CE,Federal Contract Tower,0,22,25,13,60,0,0,29,5,34,0,22,54,18,94,18,8,26,120
11/18/2016,CLL,TX,ASW,CE,Federal Contract Tower,0,21,40,14,75,0,0,16,3,19,0,21,56,17,94,18,0,18,112
11/19/2016,CLL,TX,ASW,CE,Federal Contract Tower,2,19,43,1,65,0,0,49,0,49,2,19,92,1,114,10,0,10,124
11/20/2016,CLL,TX,ASW,CE,Federal Contract Tower,0,15,45,16,76,0,0,59,16,75,0,15,104,32,151,20,42,62,213
11/21/2016,CLL,TX,ASW,CE,Federal Contract Tower,0,13,13,48,74,0,0,38,13,51,0,13,51,61,125,6,74,80,205
11/22/2016,CLL,TX,ASW,CE,Federal Contract Tower,2,11,25,12,50,0,0,23,2,25,2,11,48,14,75,8,16,24,99
11/23/2016,CLL,TX,ASW,CE,Federal Contract Tower,2,19,30,19,70,0,0,54,0,54,2,19,84,19,124,10,0,10,134
11/24/2016,CLL,TX,ASW,CE,Federal Contract Tower,2,19,54,0,75,0,0,47,0,47,2,19,101,0,122,2,0,2,124
11/25/2016,CLL,TX,ASW,CE,Federal Contract Tower,0,13,25,0,38,0,0,7,0,7,0,13,32,0,45,6,0,6,51
11/26/2016,CLL,TX,ASW,CE,Federal Contract Tower,0,10,17,0,27,0,0,35,0,35,0,10,52,0,62,12,0,12,74
11/27/2016,CLL,TX,ASW,CE,Federal Contract Tower,0,24,26,0,50,0,0,23,0,23,0,24,49,0,73,0,0,0,73
11/28/2016,CLL,TX,ASW,CE,Federal Contract Tower,0,15,16,6,37,0,0,15,0,15,0,15,31,6,52,8,0,8,60
11/29/2016,CLL,TX,ASW,CE,Federal Contract Tower,0,16,20,64,100,0,0,29,3,32,0,16,49,67,132,14,8,22,154
11/30/2016,CLL,TX,ASW,CE,Federal Contract Tower,0,11,29,48,88,0,0,37,0,37,0,11,66,48,125,24,14,38,163
12/01/2016,CLL,TX,ASW,CE,Federal Contract Tower,0,17,31,52,100,0,0,42,10,52,0,17,73,62,152,18,62,80,232
12/02/2016,CLL,TX,ASW,CE,Federal Contract Tower,0,10,31,74,115,0,0,25,1,26,0,10,56,75,141,4,32,36,177
12/03/2016,CLL,TX,ASW,CE,Federal Contract Tower,0,4,0,0,4,0,0,0,0,0,0,4,0,0,4,0,0,0,4
12/04/2016,CLL,TX,ASW,CE,Federal Contract Tower,0,15,14,10,39,0,0,0,0,0,0,15,14,10,39,0,0,0,39
12/05/2016,CLL,TX,ASW,CE,Federal Contract Tower,0,14,20,12,46,0,0,0,0,0,0,14,20,12,46,0,0,0,46
12/06/2016,CLL,TX,ASW,CE,Federal Contract Tower,6,19,33,58,116,0,0,29,5,34,6,19,62,63,150,40,52,92,242
12/07/2016,CLL,TX,ASW,CE,Federal Contract Tower,0,14,36,71,121,0,0,20,9,29,0,14,56,80,150,8,36,44,194
12/08/2016,CLL,TX,ASW,CE,Federal Contract Tower,1,15,18,28,62,0,0,11,2,13,1,15,29,30,75,0,12,12,87
12/09/2016,CLL,TX,ASW,CE,Federal Contract Tower,1,14,25,45,85,0,5,45,2,52,1,19,70,47,137,30,4,34,171
12/10/2016,CLL,TX,ASW,CE,Federal Contract Tower,0,9,22,5,36,0,0,21,2,23,0,9,43,7,59,0,0,0,59
12/11/2016,CLL,TX,ASW,CE,Federal Contract Tower,0,14,24,3,41,0,0,3,2,5,0,14,27,5,46,0,0,0,46
12/12/2016,CLL,TX,ASW,CE,Federal Contract Tower,0,13,21,20,54,0,0,19,0,19,0,13,40,20,73,0,4,4,77
12/13/2016,CLL,TX,ASW,CE,Federal Contract Tower,0,12,43,49,104,0,0,20,4,24,0,12,63,53,128,36,8,44,172
12/14/2016,CLL,TX,ASW,CE,Federal Contract Tower,0,17,36,93,146,0,0,17,4,21,0,17,53,97,167,14,0,14,181
12/15/2016,CLL,TX,ASW,CE,Federal Contract Tower,0,15,31,51,97,0,0,37,2,39,0,15,68,53,136,16,94,110,246
12/16/2016,CLL,TX,ASW,CE,Federal Contract Tower,0,9,26,11,46,0,0,0,0,0,0,9,26,11,46,0,0,0,46
12/17/2016,CLL,TX,ASW,CE,Federal Contract Tower,0,15,14,88,117,0,0,13,12,25,0,15,27,100,142,4,34,38,180
12/18/2016,CLL,TX,ASW,CE,Federal Contract Tower,0,8,31,10,49,0,0,19,4,23,0,8,50,14,72,42,0,42,114
12/19/2016,CLL,TX,ASW,CE,Federal Contract Tower,0,15,28,37,80,0,0,30,6,36,0,15,58,43,116,28,4,32,148
12/20/2016,CLL,TX,ASW,CE,Federal Contract Tower,0,10,26,36,72,0,0,42,9,51,0,10,68,45,123,22,12,34,157
12/21/2016,CLL,TX,ASW,CE,Federal Contract Tower,0,11,22,50,83,0,0,24,13,37,0,11,46,63,120,18,44,62,182
12/22/2016,CLL,TX,ASW,CE,Federal Contract Tower,0,9,15,28,52,0,0,49,3,52,0,9,64,31,104,28,20,48,152
12/23/2016,CLL,TX,ASW,CE,Federal Contract Tower,0,7,13,0,20,0,0,1,0,1,0,7,14,0,21,0,0,0,21
12/24/2016,CLL,TX,ASW,CE,Federal Contract Tower,0,8,4,0,12,0,0,5,0,5,0,8,9,0,17,20,0,20,37
12/25/2016,CLL,TX,ASW,CE,Federal Contract Tower,0,10,8,0,18,0,0,0,0,0,0,10,8,0,18,0,0,0,18
12/26/2016,CLL,TX,ASW,CE,Federal Contract Tower,0,13,16,0,29,0,0,9,0,9,0,13,25,0,38,0,0,0,38
12/27/2016,CLL,TX,ASW,CE,Federal Contract Tower,0,11,7,0,18,0,0,15,0,15,0,11,22,0,33,0,0,0,33
12/28/2016,CLL,TX,ASW,CE,Federal Contract Tower,0,10,20,20,50,0,0,19,3,22,0,10,39,23,72,12,0,12,84
12/29/2016,CLL,TX,ASW,CE,Federal Contract Tower,0,10,19,4,33,0,0,32,0,32,0,10,51,4,65,4,0,4,69
12/30/2016,CLL,TX,ASW,CE,Federal Contract Tower,0,9,12,0,21,0,0,37,0,37,0,9,49,0,58,32,0,32,90
12/31/2016,CLL,TX,ASW,CE,Federal Contract Tower,0,9,8,0,17,0,0,8,0,8,0,9,16,0,25,8,0,8,33
01/02/2017,CLL,TX,ASW,CE,Federal Contract Tower,2,11,8,0,21,0,0,35,0,35,2,11,43,0,56,26,0,26,82
01/03/2017,CLL,TX,ASW,CE,Federal Contract Tower,0,14,8,4,26,0,1,35,4,40,0,15,43,8,66,18,20,38,104
01/04/2017,CLL,TX,ASW,CE,Federal Contract Tower,0,11,14,18,43,0,0,15,5,20,0,11,29,23,63,18,22,40,103
01/05/2017,CLL,TX,ASW,CE,Federal Contract Tower,0,7,12,14,33,0,10,26,2,38,0,17,38,16,71,14,16,30,101
01/06/2017,CLL,TX,ASW,CE,Federal Contract Tower,0,12,7,1,20,0,0,10,1,11,0,12,17,2,31,24,16,40,71
01/07/2017,CLL,TX,ASW,CE,Federal Contract Tower,2,8,10,87,107,0,0,44,1,45,2,8,54,88,152,16,16,32,184
01/08/2017,CLL,TX,ASW,CE,Federal Contract Tower,0,10,13,9,32,0,0,24,2,26,0,10,37,11,58,36,0,36,94
01/09/2017,CLL,TX,ASW,CE,Federal Contract Tower,0,12,9,32,53,0,0,27,8,35,0,12,36,40,88,18,6,24,112
01/10/2017,CLL,TX,ASW,CE,Federal Contract Tower,0,17,13,17,47,0,0,17,2,19,0,17,30,19,66,4,32,36,102
01/11/2017,CLL,TX,ASW,CE,Federal Contract Tower,0,15,24,33,72,0,0,6,11,17,0,15,30,44,89,0,14,14,103
01/12/2017,CLL,TX,ASW,CE,Federal Contract Tower,0,12,41,63,116,0,2,35,11,48,0,14,76,74,164,50,80,130,294
01/14/2017,CLL,TX,ASW,CE,Federal Contract Tower,3,4,21,14,42,0,0,22,0,22,3,4,43,14,64,40,0,40,104
01/15/2017,CLL,TX,ASW,CE,Federal Contract Tower,1,13,16,1,31,0,0,2,0,2,1,13,18,1,33,0,0,0,33
01/16/2017,CLL,TX,ASW,CE,Federal Contract Tower,3,12,20,5,40,0,0,0,0,0,3,12,20,5,40,0,0,0,40
01/17/2017,CLL,TX,ASW,CE,Federal Contract Tower,1,15,23,0,39,0,0,0,0,0,1,15,23,0,39,0,0,0,39
01/18/2017,CLL,TX,ASW,CE,Federal Contract Tower,0,13,26,0,39,0,0,0,0,0,0,13,26,0,39,0,0,0,39
01/19/2017,CLL,TX,ASW,CE,Federal Contract Tower,0,14,40,18,72,0,0,2,0,2,0,14,42,18,74,0,0,0,74
01/20/2017,CLL,TX,ASW,CE,Federal Contract Tower,0,15,17,33,65,0,0,31,13,44,0,15,48,46,109,32,28,60,169
01/21/2017,CLL,TX,ASW,CE,Federal Contract Tower,1,10,11,52,74,0,0,26,1,27,1,10,37,53,101,28,20,48,149
01/22/2017,CLL,TX,ASW,CE,Federal Contract Tower,0,21,15,32,68,0,0,0,2,2,0,21,15,34,70,0,6,6,76
01/23/2017,CLL,TX,ASW,CE,Federal Contract Tower,0,13,15,25,53,0,0,39,3,42,0,13,54,28,95,8,2,10,105
01/24/2017,CLL,TX,ASW,CE,Federal Contract Tower,1,9,10,76,96,0,6,28,16,50,1,15,38,92,146,26,62,88,234
01/25/2017,CLL,TX,ASW,CE,Federal Contract Tower,0,14,24,55,93,0,2,46,5,53,0,16,70,60,146,18,20,38,184
01/26/2017,CLL,TX,ASW,CE,Federal Contract Tower,0,13,18,34,65,0,4,60,10,74,0,17,78,44,139,40,18,58,197
01/27/2017,CLL,TX,ASW,CE,Federal Contract Tower,1,15,26,56,98,0,0,51,6,57,1,15,77,62,155,60,28,88,243
01/28/2017,CLL,TX,ASW,CE,Federal Contract Tower,2,6,18,27,53,0,0,35,2,37,2,6,53,29,90,0,10,10,100
01/29/2017,CLL,TX,ASW,CE,Federal Contract Tower,0,16,14,8,38,0,0,59,4,63,0,16,73,12,101,30,6,36,137
01/30/2017,CLL,TX,ASW,CE,Federal Contract Tower,1,13,10,64,88,0,0,42,10,52,1,13,52,74,140,10,58,68,208
01/31/2017,CLL,TX,ASW,CE,Federal Contract Tower,0,18,10,74,102,0,0,55,13,68,0,18,65,87,170,40,28,68,238
02/01/2017,CLL,TX,ASW,CE,Federal Contract Tower,0,11,17,30,58,0,0,18,0,18,0,11,35,30,76,0,0,0,76
02/02/2017,CLL,TX,ASW,CE,Federal Contract Tower,0,10,24,32,66,0,2,28,5,35,0,12,52,37,101,30,0,30,131
02/03/2017,CLL,TX,ASW,CE,Federal Contract Tower,2,12,17,40,71,0,0,25,7,32,2,12,42,47,103,38,20,58,161
02/04/2017,CLL,TX,ASW,CE,Federal Contract Tower,1,4,17,2,24,0,0,18,0,18,1,4,35,2,42,2,0,2,44
02/05/2017,CLL,TX,ASW,CE,Federal Contract Tower,0,14,22,0,36,0,0,5,0,5,0,14,27,0,41,2,0,2,43
02/06/2017,CLL,TX,ASW,CE,Federal Contract Tower,2,21,22,6,51,0,0,12,0,12,2,21,34,6,63,4,0,4,67
02/07/2017,CLL,TX,ASW,CE,Federal Contract Tower,2,15,30,14,61,0,0,39,0,39,2,15,69,14,100,8,2,10,110
02/08/2017,CLL,TX,ASW,CE,Federal Contract Tower,0,11,25,27,63,0,0,40,3,43,0,11,65,30,106,10,20,30,136
02/09/2017,CLL,TX,ASW,CE,Federal Contract Tower,0,14,24,16,54,0,0,49,6,55,0,14,73,22,109,12,10,22,131
02/10/2017,CLL,TX,ASW,CE,Federal Contract Tower,2,15,43,17,77,0,0,43,3,46,2,15,86,20,123,14,20,34,157
02/11/2017,CLL,TX,ASW,CE,Federal Contract Tower,2,17,20,13,52,0,0,27,1,28,2,17,47,14,80,14,2,16,96
02/12/2017,CLL,TX,ASW,CE,Federal Contract Tower,0,16,26,12,54,0,0,25,2,27,0,16,51,14,81,32,0,32,113
02/13/2017,CLL,TX,ASW,CE,Federal Contract Tower,0,19,36,25,80,0,0,17,7,24,0,19,53,32,104,6,20,26,130
02/14/2017,CLL,TX,ASW,CE,Federal Contract Tower,0,12,19,22,53,0,0,2,0,2,0,12,21,22,55,0,0,0,55
02/15/2017,CLL,TX,ASW,CE,Federal Contract Tower,2,15,33,55,105,0,0,52,6,58,2,15,85,61,163,12,22,34,197
02/16/2017,CLL,TX,ASW,CE,Federal Contract Tower,0,12,25,31,68,0,0,66,8,74,0,12,91,39,142,26,14,40,182
02/17/2017,CLL,TX,ASW,CE,Federal Contract Tower,0,10,23,28,61,0,0,39,1,40,0,10,62,29,101,38,20,58,159
02/18/2017,CLL,TX,ASW,CE,Federal Contract Tower,0,12,24,1,37,0,2,48,1,51,0,14,72,2,88,0,0,0,88
02/19/2017,CLL,TX,ASW,CE,Federal Contract Tower,0,16,13,0,29,0,0,2,0,2,0,16,15,0,31,0,0,0,31
02/20/2017,CLL,TX,ASW,CE,Federal Contract Tower,0,20,17,0,37,0,0,1,0,1,0,20,18,0,38,4,0,4,42
02/21/2017,CLL,TX,ASW,CE,Federal Contract Tower,2,15,22,33,72,0,0,39,3,42,2,15,61,36,114,24,10,34,148
02/22/2017,CLL,TX,ASW,CE,Federal Contract Tower,0,16,22,67,105,0,0,41,11,52,0,16,63,78,157,10,34,44,201
02/23/2017,CLL,TX,ASW,CE,Federal Contract Tower,0,18,19,49,86,0,2,44,21,67,0,20,63,70,153,24,70,94,247
02/24/2017,CLL,TX,ASW,CE,Federal Contract Tower,0,13,21,13,47,0,0,50,2,52,0,13,71,15,99,40,0,40,139
02/25/2017,CLL,TX,ASW,CE,Federal Contract Tower,0,6,16,19,41,0,0,63,1,64,0,6,79,20,105,16,0,16,121
02/26/2017,CLL,TX,ASW,CE,Federal Contract Tower,0,10,17,18,45,0,0,26,0,26,0,10,43,18,71,10,6,16,87
02/27/2017,CLL,TX,ASW,CE,Federal Contract Tower,2,14,20,44,80,0,0,16,3,19,2,14,36,47,99,6,22,28,127
02/28/2017,CLL,TX,ASW,CE,Federal Contract Tower,0,13,21,52,86,0,0,14,5,19,0,13,35,57,105,0,14,14,119
03/01/2017,CLL,TX,ASW,CE,Federal Contract Tower,0,13,24,35,72,0,0,25,10,35,0,13,49,45,107,0,28,28,135
03/02/2017,CLL,TX,ASW,CE,Federal Contract Tower,0,11,18,48,77,0,12,35,4,51,0,23,53,52,128,14,8,22,150
03/03/2017,CLL,TX,ASW,CE,Federal Contract Tower,1,8,27,57,93,0,0,49,6,55,1,8,76,63,148,54,14,68,216
03/04/2017,CLL,TX,ASW,CE,Federal Contract Tower,1,7,17,6,31,0,0,5,0,5,1,7,22,6,36,4,0,4,40
03/05/2017,CLL,TX,ASW,CE,Federal Contract Tower,0,11,20,16,47,0,0,4,0,4,0,11,24,16,51,0,0,0,51
03/06/2017,CLL,TX,ASW,CE,Federal Contract Tower,0,15,11,30,56,0,0,7,0,7,0,15,18,30,63,0,8,8,71
03/07/2017,CLL,TX,ASW,CE,Federal Contract Tower,2,9,15,36,62,0,0,14,0,14,2,9,29,36,76,26,0,26,102
03/08/2017,CLL,TX,ASW,CE,Federal Contract Tower,0,18,26,19,63,0,0,23,1,24,0,18,49,20,87,50,20,70,157
03/09/2017,CLL,TX,ASW,CE,Federal Contract Tower,0,12,28,16,56,0,0,9,0,9,0,12,37,16,65,30,2,32,97
03/10/2017,CLL,TX,ASW,CE,Federal Contract Tower,2,11,28,18,59,0,0,16,2,18,2,11,44,20,77,44,0,44,121
03/11/2017,CLL,TX,ASW,CE,Federal Contract Tower,0,9,13,17,39,0,0,4,0,4,0,9,17,17,43,0,0,0,43
03/12/2017,CLL,TX,ASW,CE,Federal Contract Tower,0,14,28,11,53,0,0,6,0,6,0,14,34,11,59,0,0,0,59
03/13/2017,CLL,TX,ASW,CE,Federal Contract Tower,0,11,16,64,91,0,0,21,5,26,0,11,37,69,117,32,12,44,161
03/14/2017,CLL,TX,ASW,CE,Federal Contract Tower,0,15,12,39,66,0,1,60,4,65,0,16,72,43,131,38,6,44,175
03/15/2017,CLL,TX,ASW,CE,Federal Contract Tower,0,9,21,17,47,0,0,48,10,58,0,9,69,27,105,0,4,4,109
03/16/2017,CLL,TX,ASW,CE,Federal Contract Tower,2,15,17,18,52,0,4,35,0,39,2,19,52,18,91,36,4,40,131
03/17/2017,CLL,TX,ASW,CE,Federal Contract Tower,0,10,19,36,65,0,0,34,2,36,0,10,53,38,101,110,16,126,227
03/18/2017,CLL,TX,ASW,CE,Federal Contract Tower,0,6,25,10,41,0,0,20,0,20,0,6,45,10,61,8,0,8,69
03/19/2017,CLL,TX,ASW,CE,Federal Contract Tower,0,22,24,9,55,0,0,42,0,42,0,22,66,9,97,14,0,14,111
03/20/2017,CLL,TX,ASW,CE,Federal Contract Tower,0,12,6,40,58,0,0,41,4,45,0,12,47,44,103,50,4,54,157
03/21/2017,CLL,TX,ASW,CE,Federal Contract Tower,0,10,21,36,67,0,8,53,6,67,0,18,74,42,134,44,4,48,182
03/22/2017,CLL,TX,ASW,CE,Federal Contract Tower,0,12,19,41,72,0,0,34,6,40,0,12,53,47,112,12,38,50,162
03/23/2017,CLL,TX,ASW,CE,Federal Contract Tower,0,13,11,41,65,0,0,45,4,49,0,13,56,45,114,8,18,26,140
03/24/2017,CLL,TX,ASW,CE,Federal Contract Tower,0,8,16,2,26,0,0,7,0,7,0,8,23,2,33,14,0,14,47
03/25/2017,CLL,TX,ASW,CE,Federal Contract Tower,0,5,5,23,33,0,10,77,6,93,0,15,82,29,126,45,16,61,187
03/26/2017,CLL,TX,ASW,CE,Federal Contract Tower,0,9,8,32,49,0,0,25,8,33,0,9,33,40,82,0,28,28,110
03/27/2017,CLL,TX,ASW,CE,Federal Contract Tower,0,14,22,59,95,0,0,25,3,28,0,14,47,62,123,0,4,4,127
03/28/2017,CLL,TX,ASW,CE,Federal Contract Tower,0,13,16,64,93,0,0,21,1,22,0,13,37,65,115,14,0,14,129
03/29/2017,CLL,TX,ASW,CE,Federal Contract Tower,0,13,16,64,93,0,0,21,1,22,0,13,37,65,115,14,0,14,129
03/30/2017,CLL,TX,ASW,CE,Federal Contract Tower,0,14,14,55,83,0,0,51,8,59,0,14,65,63,142,0,2,2,144
03/31/2017,CLL,TX,ASW,CE,Federal Contract Tower,0,14,27,11,52,0,0,60,1,61,0,14,87,12,113,22,2,24,137
04/01/2017,CLL,TX,ASW,CE,Federal Contract Tower,0,2,14,17,33,0,0,31,1,32,0,2,45,18,65,4,0,4,69
04/02/2017,CLL,TX,ASW,CE,Federal Contract Tower,0,16,9,0,25,0,2,4,0,6,0,18,13,0,31,0,0,0,31
04/03/2017,CLL,TX,ASW,CE,Federal Contract Tower,0,13,9,21,43,0,2,55,5,62,0,15,64,26,105,36,10,46,151
04/04/2017,CLL,TX,ASW,CE,Federal Contract Tower,0,16,27,55,98,0,0,38,6,44,0,16,65,61,142,26,20,46,188
04/05/2017,CLL,TX,ASW,CE,Federal Contract Tower,0,15,31,58,104,6,0,30,1,37,6,15,61,59,141,22,8,30,171
04/06/2017,CLL,TX,ASW,CE,Federal Contract Tower,0,11,42,55,108,0,0,69,4,73,0,11,111,59,181,24,2,26,207
04/07/2017,CLL,TX,ASW,CE,Federal Contract Tower,0,19,30,58,107,0,0,81,6,87,0,19,111,64,194,12,30,42,236
04/08/2017,CLL,TX,ASW,CE,Federal Contract Tower,0,13,25,4,42,0,0,55,2,57,0,13,80,6,99,8,0,8,107
04/09/2017,CLL,TX,ASW,CE,Federal Contract Tower,1,14,26,25,66,0,0,34,0,34,1,14,60,25,100,32,0,32,132
04/10/2017,CLL,TX,ASW,CE,Federal Contract Tower,0,14,18,29,61,0,0,27,0,27,0,14,45,29,88,16,0,16,104
04/11/2017,CLL,TX,ASW,CE,Federal Contract Tower,0,11,12,0,23,0,0,1,0,1,0,11,13,0,24,0,0,0,24
04/12/2017,CLL,TX,ASW,CE,Federal Contract Tower,0,16,34,8,58,0,0,15,8,23,0,16,49,16,81,6,34,40,121
04/13/2017,CLL,TX,ASW,CE,Federal Contract Tower,0,16,26,23,65,0,0,40,1,41,0,16,66,24,106,34,14,48,154
04/14/2017,CLL,TX,ASW,CE,Federal Contract Tower,0,14,24,11,49,0,0,16,1,17,0,14,40,12,66,30,4,34,100
04/15/2017,CLL,TX,ASW,CE,Federal Contract Tower,0,8,20,0,28,0,0,30,3,33,0,8,50,3,61,32,10,42,103
04/16/2017,CLL,TX,ASW,CE,Federal Contract Tower,0,14,15,12,41,0,0,23,0,23,0,14,38,12,64,6,0,6,70
04/17/2017,CLL,TX,ASW,CE,Federal Contract Tower,0,13,21,10,44,0,0,26,0,26,0,13,47,10,70,12,6,18,88
04/18/2017,CLL,TX,ASW,CE,Federal Contract Tower,0,12,19,5,36,0,0,6,1,7,0,12,25,6,43,18,0,18,61
04/19/2017,CLL,TX,ASW,CE,Federal Contract Tower,0,17,34,6,57,0,0,18,5,23,0,17,52,11,80,86,6,92,172
04/20/2017,CLL,TX,ASW,CE,Federal Contract Tower,0,11,26,49,86,0,6,49,3,58,0,17,75,52,144,24,0,24,168
04/21/2017,CLL,TX,ASW,CE,Federal Contract Tower,0,9,32,22,63,0,0,27,2,29,0,9,59,24,92,16,4,20,112
04/22/2017,CLL,TX,ASW,CE,Federal Contract Tower,0,9,22,24,55,0,0,22,0,22,0,9,44,24,77,18,0,18,95
04/23/2017,CLL,TX,ASW,CE,Federal Contract Tower,0,18,23,10,51,0,0,56,0,56,0,18,79,10,107,26,0,26,133
04/24/2017,CLL,TX,ASW,CE,Federal Contract Tower,0,9,21,18,48,0,0,51,3,54,0,9,72,21,102,26,0,26,128
04/25/2017,CLL,TX,ASW,CE,Federal Contract Tower,0,13,32,17,62,0,0,20,0,20,0,13,52,17,82,34,0,34,116
04/26/2017,CLL,TX,ASW,CE,Federal Contract Tower,0,12,35,62,109,0,0,12,12,24,0,12,47,74,133,22,54,76,209
04/27/2017,CLL,TX,ASW,CE,Federal Contract Tower,0,18,22,68,108,0,4,56,9,69,0,22,78,77,177,18,12,30,207
04/28/2017,CLL,TX,ASW,CE,Federal Contract Tower,0,11,31,42,84,0,0,25,5,30,0,11,56,47,114,20,12,32,146
04/29/2017,CLL,TX,ASW,CE,Federal Contract Tower,2,4,10,9,25,0,0,4,0,4,2,4,14,9,29,2,0,2,31
04/30/2017,CLL,TX,ASW,CE,Federal Contract Tower,0,14,13,8,35,0,0,20,0,20,0,14,33,8,55,8,0,8,63
05/01/2017,CLL,TX,ASW,CE,Federal Contract Tower,0,12,22,34,68,0,0,54,10,64,0,12,76,44,132,2,18,20,152
05/02/2017,CLL,TX,ASW,CE,Federal Contract Tower,0,12,21,34,67,0,1,39,6,46,0,13,60,40,113,4,8,12,125
05/03/2017,CLL,TX,ASW,CE,Federal Contract Tower,0,18,15,4,37,0,0,6,1,7,0,18,21,5,44,10,2,12,56
05/04/2017,CLL,TX,ASW,CE,Federal Contract Tower,0,26,23,24,73,0,0,48,8,56,0,26,71,32,129,2,24,26,155
05/05/2017,CLL,TX,ASW,CE,Federal Contract Tower,0,13,22,24,59,0,0,58,16,74,0,13,80,40,133,60,50,110,243
05/06/2017,CLL,TX,ASW,CE,Federal Contract Tower,2,5,17,12,36,0,1,73,9,83,2,6,90,21,119,44,26,70,189
05/07/2017,CLL,TX,ASW,CE,Federal Contract Tower,1,10,20,18,49,0,0,42,2,44,1,10,62,20,93,40,6,46,139
05/08/2017,CLL,TX,ASW,CE,Federal Contract Tower,0,12,21,61,94,0,0,35,11,46,0,12,56,72,140,22,62,84,224
05/09/2017,CLL,TX,ASW,CE,Federal Contract Tower,0,9,26,37,72,0,0,34,2,36,0,9,60,39,108,80,68,148,256
05/10/2017,CLL,TX,ASW,CE,Federal Contract Tower,0,15,23,45,83,0,2,24,0,26,0,17,47,45,109,48,18,66,175
05/11/2017,CLL,TX,ASW,CE,Federal Contract Tower,0,11,26,0,37,0,6,18,2,26,0,17,44,2,63,24,0,24,87
05/12/2017,CLL,TX,ASW,CE,Federal Contract Tower,0,11,48,32,91,0,1,48,1,50,0,12,96,33,141,24,0,24,165
05/13/2017,CLL,TX,ASW,CE,Federal Contract Tower,0,5,12,0,17,0,0,56,0,56,0,5,68,0,73,26,0,26,99
05/14/2017,CLL,TX,ASW,CE,Federal Contract Tower,0,10,16,31,57,0,0,35,2,37,0,10,51,33,94,26,12,38,132
05/15/2017,CLL,TX,ASW,CE,Federal Contract Tower,0,12,18,11,41,0,0,36,2,38,0,12,54,13,79,14,20,34,113
05/16/2017,CLL,TX,ASW,CE,Federal Contract Tower,0,15,29,34,78,0,0,21,3,24,0,15,50,37,102,24,10,34,136
05/17/2017,CLL,TX,ASW,CE,Federal Contract Tower,0,11,34,15,60,0,0,7,0,7,0,11,41,15,67,26,0,26,93
05/18/2017,CLL,TX,ASW,CE,Federal Contract Tower,0,8,34,27,69,0,0,29,1,30,0,8,63,28,99,54,6,60,159
05/19/2017,CLL,TX,ASW,CE,Federal Contract Tower,0,13,31,18,62,0,0,20,1,21,0,13,51,19,83,0,20,20,103
05/20/2017,CLL,TX,ASW,CE,Federal Contract Tower,0,8,11,0,19,0,0,11,0,11,0,8,22,0,30,0,0,0,30
05/21/2017,CLL,TX,ASW,CE,Federal Contract Tower,0,15,10,7,32,0,0,5,0,5,0,15,15,7,37,6,0,6,43
05/22/2017,CLL,TX,ASW,CE,Federal Contract Tower,0,10,18,12,40,0,0,0,0,0,0,10,18,12,40,0,0,0,40
05/23/2017,CLL,TX,ASW,CE,Federal Contract Tower,0,11,18,15,44,0,0,30,0,30,0,11,48,15,74,64,28,92,166
05/24/2017,CLL,TX,ASW,CE,Federal Contract Tower,0,16,22,35,73,0,0,58,3,61,0,16,80,38,134,56,14,70,204
05/25/2017,CLL,TX,ASW,CE,Federal Contract Tower,0,17,17,21,55,0,1,36,3,40,0,18,53,24,95,18,12,30,125
05/26/2017,CLL,TX,ASW,CE,Federal Contract Tower,0,14,31,3,48,0,0,35,0,35,0,14,66,3,83,28,0,28,111
05/27/2017,CLL,TX,ASW,CE,Federal Contract Tower,0,6,16,0,22,0,0,20,1,21,0,6,36,1,43,10,0,10,53
05/28/2017,CLL,TX,ASW,CE,Federal Contract Tower,0,6,9,16,31,0,0,20,0,20,0,6,29,16,51,16,0,16,67
05/29/2017,CLL,TX,ASW,CE,Federal Contract Tower,0,16,13,12,41,0,0,13,1,14,0,16,26,13,55,46,0,46,101
05/30/2017,CLL,TX,ASW,CE,Federal Contract Tower,0,14,16,20,50,0,0,44,10,54,0,14,60,30,104,34,48,82,186
05/31/2017,CLL,TX,ASW,CE,Federal Contract Tower,0,13,23,35,71,0,0,17,11,28,0,13,40,46,99,14,38,52,151
06/01/2017,CLL,TX,ASW,CE,Federal Contract Tower,0,13,13,8,34,0,0,22,1,23,0,13,35,9,57,18,0,18,75
06/02/2017,CLL,TX,ASW,CE,Federal Contract Tower,0,5,31,30,66,0,0,22,4,26,0,5,53,34,92,12,8,20,112
06/03/2017,CLL,TX,ASW,CE,Federal Contract Tower,1,17,15,4,37,0,0,23,0,23,1,17,38,4,60,36,0,36,96
06/04/2017,CLL,TX,ASW,CE,Federal Contract Tower,1,21,11,4,37,0,0,15,0,15,1,21,26,4,52,8,0,8,60
06/05/2017,CLL,TX,ASW,CE,Federal Contract Tower,0,14,15,21,50,0,0,10,0,10,0,14,25,21,60,22,0,22,82
06/06/2017,CLL,TX,ASW,CE,Federal Contract Tower,0,16,26,34,76,0,0,34,1,35,0,16,60,35,111,6,0,6,117
06/07/2017,CLL,TX,ASW,CE,Federal Contract Tower,0,11,31,12,54,0,0,41,6,47,0,11,72,18,101,20,0,20,121
06/08/2017,CLL,TX,ASW,CE,Federal Contract Tower,2,7,23,23,55,0,0,51,5,56,2,7,74,28,111,58,28,86,197
06/09/2017,CLL,TX,ASW,CE,Federal Contract Tower,0,13,20,38,71,0,3,60,1,64,0,16,80,39,135,18,38,56,191
06/10/2017,CLL,TX,ASW,CE,Federal Contract Tower,0,9,20,11,40,0,0,61,3,64,0,9,81,14,104,6,4,10,114
06/11/2017,CLL,TX,ASW,CE,Federal Contract Tower,2,11,31,18,62,0,0,41,0,41,2,11,72,18,103,26,0,26,129
06/12/2017,CLL,TX,ASW,CE,Federal Contract Tower,2,10,13,44,69,0,0,21,5,26,2,10,34,49,95,22,24,46,141
06/13/2017,CLL,TX,ASW,CE,Federal Contract Tower,0,13,16,18,47,0,0,13,7,20,0,13,29,25,67,0,14,14,81
06/14/2017,CLL,TX,ASW,CE,Federal Contract Tower,0,13,30,23,66,0,0,20,11,31,0,13,50,34,97,34,38,72,169
06/15/2017,CLL,TX,ASW,CE,Federal Contract Tower,2,13,24,23,62,0,0,21,3,24,2,13,45,26,86,26,2,28,114
06/16/2017,CLL,TX,ASW,CE,Federal Contract Tower,0,8,27,33,68,0,0,36,0,36,0,8,63,33,104,26,4,30,134
06/17/2017,CLL,TX,ASW,CE,Federal Contract Tower,0,11,17,17,45,0,0,49,8,57,0,11,66,25,102,38,12,50,152
06/18/2017,CLL,TX,ASW,CE,Federal Contract Tower,0,17,19,12,48,0,0,26,5,31,0,17,45,17,79,42,12,54,133
06/19/2017,CLL,TX,ASW,CE,Federal Contract Tower,0,12,9,24,45,0,0,26,2,28,0,12,35,26,73,36,0,36,109
06/20/2017,CLL,TX,ASW,CE,Federal Contract Tower,0,10,26,23,59,0,0,29,9,38,0,10,55,32,97,8,22,30,127
06/21/2017,CLL,TX,ASW,CE,Federal Contract Tower,2,20,17,51,90,0,0,27,3,30,2,20,44,54,120,20,10,30,150
06/22/2017,CLL,TX,ASW,CE,Federal Contract Tower,0,13,7,18,38,0,0,11,0,11,0,13,18,18,49,38,0,38,87
06/23/2017,CLL,TX,ASW,CE,Federal Contract Tower,0,18,24,29,71,0,0,22,9,31,0,18,46,38,102,8,28,36,138
06/24/2017,CLL,TX,ASW,CE,Federal Contract Tower,0,8,6,4,18,0,0,3,0,3,0,8,9,4,21,10,0,10,31
06/25/2017,CLL,TX,ASW,CE,Federal Contract Tower,0,9,14,3,26,0,0,6,3,9,0,9,20,6,35,0,20,20,55
06/26/2017,CLL,TX,ASW,CE,Federal Contract Tower,0,11,18,20,49,0,0,22,5,27,0,11,40,25,76,0,0,0,76
06/27/2017,CLL,TX,ASW,CE,Federal Contract Tower,0,12,19,4,35,0,0,28,0,28,0,12,47,4,63,46,0,46,109
06/28/2017,CLL,TX,ASW,CE,Federal Contract Tower,0,11,33,30,74,0,0,18,5,23,0,11,51,35,97,42,12,54,151
06/29/2017,CLL,TX,ASW,CE,Federal Contract Tower,0,11,9,50,70,0,8,30,5,43,0,19,39,55,113,24,26,50,163
06/30/2017,CLL,TX,ASW,CE,Federal Contract Tower,0,10,21,18,49,0,0,30,6,36,0,10,51,24,85,18,6,24,109
07/01/2017,CLL,TX,ASW,CE,Federal Contract Tower,0,6,13,0,19,0,0,53,0,53,0,6,66,0,72,20,0,20,92
07/02/2017,CLL,TX,ASW,CE,Federal Contract Tower,0,10,15,0,25,0,0,30,0,30,0,10,45,0,55,42,0,42,97
07/03/2017,CLL,TX,ASW,CE,Federal Contract Tower,0,9,7,0,16,0,0,22,0,22,0,9,29,0,38,30,0,30,68
07/04/2017,CLL,TX,ASW,CE,Federal Contract Tower,0,5,6,0,11,0,0,17,2,19,0,5,23,2,30,0,0,0,30
07/05/2017,CLL,TX,ASW,CE,Federal Contract Tower,0,8,22,32,62,0,0,30,9,39,0,8,52,41,101,40,12,52,153
07/06/2017,CLL,TX,ASW,CE,Federal Contract Tower,0,8,11,29,48,0,0,46,6,52,0,8,57,35,100,22,32,54,154
07/07/2017,CLL,TX,ASW,CE,Federal Contract Tower,0,10,28,26,64,0,2,38,7,47,0,12,66,33,111,24,18,42,153
07/08/2017,CLL,TX,ASW,CE,Federal Contract Tower,0,10,20,28,58,0,0,56,9,65,0,10,76,37,123,14,22,36,159
07/09/2017,CLL,TX,ASW,CE,Federal Contract Tower,0,9,12,9,30,0,0,43,0,43,0,9,55,9,73,32,0,32,105
07/10/2017,CLL,TX,ASW,CE,Federal Contract Tower,0,14,23,10,47,0,0,28,3,31,0,14,51,13,78,78,4,82,160
07/11/2017,CLL,TX,ASW,CE,Federal Contract Tower,0,14,17,16,47,0,2,43,6,51,0,16,60,22,98,26,10,36,134
07/12/2017,CLL,TX,ASW,CE,Federal Contract Tower,0,15,19,26,60,0,0,36,3,39,0,15,55,29,99,58,34,92,191
07/13/2017,CLL,TX,ASW,CE,Federal Contract Tower,0,10,16,35,61,0,0,42,9,51,0,10,58,44,112,0,36,36,148
07/14/2017,CLL,TX,ASW,CE,Federal Contract Tower,0,10,22,48,80,0,0,66,6,72,0,10,88,54,152,16,10,26,178
07/15/2017,CLL,TX,ASW,CE,Federal Contract Tower,0,13,12,0,25,0,0,25,1,26,0,13,37,1,51,28,0,28,79
07/16/2017,CLL,TX,ASW,CE,Federal Contract Tower,0,10,28,13,51,0,0,28,5,33,0,10,56,18,84,2,24,26,110
07/17/2017,CLL,TX,ASW,CE,Federal Contract Tower,0,14,25,38,77,0,0,19,2,21,0,14,44,40,98,34,0,34,132
07/18/2017,CLL,TX,ASW,CE,Federal Contract Tower,0,12,20,50,82,0,0,26,7,33,0,12,46,57,115,8,42,50,165
07/19/2017,CLL,TX,ASW,CE,Federal Contract Tower,0,17,17,19,53,0,0,60,7,67,0,17,77,26,120,16,8,24,144
07/20/2017,CLL,TX,ASW,CE,Federal Contract Tower,0,11,33,14,58,0,0,53,7,60,0,11,86,21,118,28,10,38,156
07/21/2017,CLL,TX,ASW,CE,Federal Contract Tower,0,16,19,36,71,0,0,49,8,57,0,16,68,44,128,42,54,96,224
07/22/2017,CLL,TX,ASW,CE,Federal Contract Tower,0,13,18,4,35,0,0,25,5,30,0,13,43,9,65,14,0,14,79
07/23/2017,CLL,TX,ASW,CE,Federal Contract Tower,0,14,23,45,82,0,0,41,4,45,0,14,64,49,127,0,14,14,141
07/24/2017,CLL,TX,ASW,CE,Federal Contract Tower,0,10,18,38,66,0,0,28,3,31,0,10,46,41,97,8,16,24,121
07/25/2017,CLL,TX,ASW,CE,Federal Contract Tower,0,12,14,46,72,0,2,38,0,40,0,14,52,46,112,10,0,10,122
07/26/2017,CLL,TX,ASW,CE,Federal Contract Tower,0,10,16,51,77,0,0,27,6,33,0,10,43,57,110,0,34,34,144
07/27/2017,CLL,TX,ASW,CE,Federal Contract Tower,0,18,17,52,87,0,0,31,4,35,0,18,48,56,122,4,18,22,144
07/28/2017,CLL,TX,ASW,CE,Federal Contract Tower,0,10,11,55,76,0,0,49,3,52,0,10,60,58,128,24,8,32,160
07/29/2017,CLL,TX,ASW,CE,Federal Contract Tower,0,10,17,34,61,0,0,45,3,48,0,10,62,37,109,48,2,50,159
07/30/2017,CLL,TX,ASW,CE,Federal Contract Tower,0,11,12,21,44,0,2,34,0,36,0,13,46,21,80,38,0,38,118
07/31/2017,CLL,TX,ASW,CE,Federal Contract Tower,0,10,18,44,72,0,0,37,5,42,0,10,55,49,114,8,16,24,138
08/01/2017,CLL,TX,ASW,CE,Federal Contract Tower,0,11,24,65,100,0,0,50,2,52,0,11,74,67,152,24,54,78,230
08/02/2017,CLL,TX,ASW,CE,Federal Contract Tower,4,17,16,9,46,0,0,16,1,17,4,17,32,10,63,12,12,24,87
08/03/2017,CLL,TX,ASW,CE,Federal Contract Tower,0,13,37,30,80,0,0,32,6,38,0,13,69,36,118,44,34,78,196
08/04/2017,CLL,TX,ASW,CE,Federal Contract Tower,0,11,22,43,76,0,1,47,13,61,0,12,69,56,137,18,10,28,165
08/05/2017,CLL,TX,ASW,CE,Federal Contract Tower,0,9,22,45,76,0,0,27,0,27,0,9,49,45,103,44,6,50,153
08/06/2017,CLL,TX,ASW,CE,Federal Contract Tower,4,13,8,52,77,0,0,25,10,35,4,13,33,62,112,18,52,70,182
08/07/2017,CLL,TX,ASW,CE,Federal Contract Tower,1,9,15,15,40,0,0,1,0,1,1,9,16,15,41,0,0,0,41
08/08/2017,CLL,TX,ASW,CE,Federal Contract Tower,0,10,12,31,53,0,0,7,0,7,0,10,19,31,60,0,12,12,72
08/09/2017,CLL,TX,ASW,CE,Federal Contract Tower,0,12,34,47,93,0,0,12,0,12,0,12,46,47,105,26,6,32,137
08/10/2017,CLL,TX,ASW,CE,Federal Contract Tower,0,9,15,41,65,0,4,48,3,55,0,13,63,44,120,22,6,28,148
08/11/2017,CLL,TX,ASW,CE,Federal Contract Tower,0,8,35,25,68,0,0,50,4,54,0,8,85,29,122,48,10,58,180
08/12/2017,CLL,TX,ASW,CE,Federal Contract Tower,0,9,26,39,74,0,0,32,12,44,0,9,58,51,118,6,28,34,152
08/13/2017,CLL,TX,ASW,CE,Federal Contract Tower,0,13,21,9,43,0,0,44,4,48,0,13,65,13,91,34,4,38,129
08/14/2017,CLL,TX,ASW,CE,Federal Contract Tower,0,14,7,78,99,0,2,54,2,58,0,16,61,80,157,32,0,32,189
08/15/2017,CLL,TX,ASW,CE,Federal Contract Tower,0,12,30,50,92,0,0,46,4,50,0,12,76,54,142,42,0,42,184
08/16/2017,CLL,TX,ASW,CE,Federal Contract Tower,0,18,31,55,104,0,1,28,2,31,0,19,59,57,135,30,8,38,173
08/17/2017,CLL,TX,ASW,CE,Federal Contract Tower,0,9,18,56,83,0,0,23,11,34,0,9,41,67,117,50,42,92,209
08/18/2017,CLL,TX,ASW,CE,Federal Contract Tower,0,10,18,12,40,0,0,39,4,43,0,10,57,16,83,8,12,20,103
08/19/2017,CLL,TX,ASW,CE,Federal Contract Tower,0,6,15,59,80,0,0,36,17,53,0,6,51,76,133,14,30,44,177
08/20/2017,CLL,TX,ASW,CE,Federal Contract Tower,0,11,18,37,66,0,0,55,12,67,0,11,73,49,133,32,12,44,177
08/21/2017,CLL,TX,ASW,CE,Federal Contract Tower,0,15,26,41,82,0,0,27,7,34,0,15,53,48,116,0,32,32,148
08/22/2017,CLL,TX,ASW,CE,Federal Contract Tower,0,9,38,38,85,0,0,46,8,54,0,9,84,46,139,28,8,36,175
08/23/2017,CLL,TX,ASW,CE,Federal Contract Tower,0,9,17,63,89,0,0,40,1,41,0,9,57,64,130,40,6,46,176
08/24/2017,CLL,TX,ASW,CE,Federal Contract Tower,0,16,35,9,60,0,4,10,3,17,0,20,45,12,77,40,18,58,135
08/25/2017,CLL,TX,ASW,CE,Federal Contract Tower,0,12,16,0,28,0,0,18,0,18,0,12,34,0,46,28,0,28,74
08/26/2017,CLL,TX,ASW,CE,Federal Contract Tower,0,6,2,0,8,0,0,0,0,0,0,6,2,0,8,0,0,0,8
08/27/2017,CLL,TX,ASW,CE,Federal Contract Tower,0,8,2,0,10,0,0,0,0,0,0,8,2,0,10,0,0,0,10
08/28/2017,CLL,TX,ASW,CE,Federal Contract Tower,0,8,4,3,15,0,0,1,6,7,0,8,5,9,22,0,0,0,22
08/29/2017,CLL,TX,ASW,CE,Federal Contract Tower,0,36,21,16,73,0,7,31,34,72,0,43,52,50,145,0,0,0,145
08/30/2017,CLL,TX,ASW,CE,Federal Contract Tower,0,14,42,12,68,0,31,57,43,131,0,45,99,55,199,0,0,0,199
08/31/2017,CLL,TX,ASW,CE,Federal Contract Tower,0,21,28,15,64,0,0,67,43,110,0,21,95,58,174,0,20,20,194
09/01/2017,CLL,TX,ASW,CE,Federal Contract Tower,9,17,47,13,86,0,2,38,28,68,9,19,85,41,154,18,0,18,172
09/02/2017,CLL,TX,ASW,CE,Federal Contract Tower,2,18,22,15,57,0,0,29,18,47,2,18,51,33,104,4,0,4,108
09/03/2017,CLL,TX,ASW,CE,Federal Contract Tower,0,17,21,13,51,0,2,30,33,65,0,19,51,46,116,4,0,4,120
09/04/2017,CLL,TX,ASW,CE,Federal Contract Tower,12,15,42,1,70,0,2,25,1,28,12,17,67,2,98,12,0,12,110
09/05/2017,CLL,TX,ASW,CE,Federal Contract Tower,2,16,28,48,94,0,2,42,12,56,2,18,70,60,150,4,18,22,172
09/06/2017,CLL,TX,ASW,CE,Federal Contract Tower,4,10,41,25,80,0,0,50,16,66,4,10,91,41,146,0,10,10,156
09/07/2017,CLL,TX,ASW,CE,Federal Contract Tower,0,13,38,54,105,0,0,47,13,60,0,13,85,67,165,24,0,24,189
09/08/2017,CLL,TX,ASW,CE,Federal Contract Tower,0,16,25,60,101,0,0,54,8,62,0,16,79,68,163,6,12,18,181
09/09/2017,CLL,TX,ASW,CE,Federal Contract Tower,0,18,75,4,97,0,3,87,9,99,0,21,162,13,196,0,6,6,202
09/10/2017,CLL,TX,ASW,CE,Federal Contract Tower,0,13,29,21,63,0,0,47,1,48,0,13,76,22,111,16,0,16,127
09/11/2017,CLL,TX,ASW,CE,Federal Contract Tower,0,15,27,26,68,0,0,35,8,43,0,15,62,34,111,22,8,30,141
09/12/2017,CLL,TX,ASW,CE,Federal Contract Tower,0,13,29,26,68,0,0,40,6,46,0,13,69,32,114,18,8,26,140
09/13/2017,CLL,TX,ASW,CE,Federal Contract Tower,0,14,45,28,87,0,0,40,5,45,0,14,85,33,132,22,10,32,164
09/14/2017,CLL,TX,ASW,CE,Federal Contract Tower,0,18,27,22,67,0,1,51,4,56,0,19,78,26,123,6,6,12,135
09/15/2017,CLL,TX,ASW,CE,Federal Contract Tower,0,9,29,11,49,0,0,44,4,48,0,9,73,15,97,0,6,6,103
09/16/2017,CLL,TX,ASW,CE,Federal Contract Tower,8,11,53,6,78,0,0,16,0,16,8,11,69,6,94,0,0,0,94
09/17/2017,CLL,TX,ASW,CE,Federal Contract Tower,0,13,29,33,75,0,0,44,4,48,0,13,73,37,123,28,0,28,151
09/18/2017,CLL,TX,ASW,CE,Federal Contract Tower,0,16,27,5,48,0,0,12,3,15,0,16,39,8,63,0,0,0,63
09/19/2017,CLL,TX,ASW,CE,Federal Contract Tower,0,10,29,6,45,0,0,17,1,18,0,10,46,7,63,14,0,14,77
09/20/2017,CLL,TX,ASW,CE,Federal Contract Tower,0,18,31,68,117,0,1,30,6,37,0,19,61,74,154,6,8,14,168
09/21/2017,CLL,TX,ASW,CE,Federal Contract Tower,0,25,40,23,88,0,1,27,1,29,0,26,67,24,117,18,6,24,141
09/22/2017,CLL,TX,ASW,CE,Federal Contract Tower,0,15,24,24,63,0,2,42,2,46,0,17,66,26,109,20,12,32,141
09/23/2017,CLL,TX,ASW,CE,Federal Contract Tower,2,12,26,30,70,0,0,26,7,33,2,12,52,37,103,22,12,34,137
09/24/2017,CLL,TX,ASW,CE,Federal Contract Tower,0,11,29,1,41,0,0,40,1,41,0,11,69,2,82,46,0,46,128
09/25/2017,CLL,TX,ASW,CE,Federal Contract Tower,0,18,21,28,67,0,0,40,6,46,0,18,61,34,113,62,50,112,225
09/26/2017,CLL,TX,ASW,CE,Federal Contract Tower,0,11,17,24,52,0,0,25,4,29,0,11,42,28,81,26,50,76,157
09/27/2017,CLL,TX,ASW,CE,Federal Contract Tower,0,16,28,53,97,0,1,22,2,25,0,17,50,55,122,18,2,20,142
09/28/2017,CLL,TX,ASW,CE,Federal Contract Tower,2,14,34,48,98,0,0,6,12,18,2,14,40,60,116,10,26,36,152
09/29/2017,CLL,TX,ASW,CE,Federal Contract Tower,2,23,47,61,133,0,0,44,4,48,2,23,91,65,181,36,18,54,235
09/30/2017,CLL,TX,ASW,CE,Federal Contract Tower,0,23,86,12,121,0,6,54,1,61,0,29,140,13,182,38,0,38,220
10/01/2017,CLL,TX,ASW,CE,Federal Contract Tower,1,22,34,43,100,0,0,51,10,61,1,22,85,53,161,30,36,66,227
10/02/2017,CLL,TX,ASW,CE,Federal Contract Tower,0,14,14,40,68,0,0,18,0,18,0,14,32,40,86,20,0,20,106
10/03/2017,CLL,TX,ASW,CE,Federal Contract Tower,0,13,9,2,24,0,0,4,1,5,0,13,13,3,29,18,0,18,47
10/04/2017,CLL,TX,ASW,CE,Federal Contract Tower,0,13,20,87,120,0,0,42,12,54,0,13,62,99,174,40,42,82,256
10/05/2017,CLL,TX,ASW,CE,Federal Contract Tower,0,14,21,66,101,0,2,46,16,64,0,16,67,82,165,20,54,74,239
10/06/2017,CLL,TX,ASW,CE,Federal Contract Tower,2,13,48,43,106,0,0,63,1,64,2,13,111,44,170,6,10,16,186
10/07/2017,CLL,TX,ASW,CE,Federal Contract Tower,3,27,104,9,143,0,0,49,1,50,3,27,153,10,193,0,0,0,193
10/08/2017,CLL,TX,ASW,CE,Federal Contract Tower,1,18,54,3,76,0,0,62,0,62,1,18,116,3,138,12,4,16,154
10/09/2017,CLL,TX,ASW,CE,Federal Contract Tower,0,11,23,0,34,0,0,27,1,28,0,11,50,1,62,4,0,4,66
10/10/2017,CLL,TX,ASW,CE,Federal Contract Tower,0,14,22,35,71,0,0,23,1,24,0,14,45,36,95,0,10,10,105
10/11/2017,CLL,TX,ASW,CE,Federal Contract Tower,0,14,27,39,80,0,0,32,1,33,0,14,59,40,113,12,60,72,185
10/12/2017,CLL,TX,ASW,CE,Federal Contract Tower,1,11,22,61,95,0,0,51,12,63,1,11,73,73,158,34,84,118,276
10/13/2017,CLL,TX,ASW,CE,Federal Contract Tower,3,17,37,61,118,0,0,28,8,36,3,17,65,69,154,4,12,16,170
10/14/2017,CLL,TX,ASW,CE,Federal Contract Tower,1,11,19,37,68,0,5,41,5,51,1,16,60,42,119,20,34,54,173
10/15/2017,CLL,TX,ASW,CE,Federal Contract Tower,3,12,35,28,78,0,0,18,1,19,3,12,53,29,97,6,0,6,103
10/16/2017,CLL,TX,ASW,CE,Federal Contract Tower,0,11,20,50,81,0,0,38,19,57,0,11,58,69,138,10,18,28,166
10/17/2017,CLL,TX,ASW,CE,Federal Contract Tower,0,14,17,74,105,0,0,58,4,62,0,14,75,78,167,64,0,64,231
10/18/2017,CLL,TX,ASW,CE,Federal Contract Tower,0,13,26,20,59,0,1,40,2,43,0,14,66,22,102,36,8,44,146
10/19/2017,CLL,TX,ASW,CE,Federal Contract Tower,0,16,18,39,73,0,7,54,0,61,0,23,72,39,134,56,0,56,190
10/20/2017,CLL,TX,ASW,CE,Federal Contract Tower,0,22,41,35,98,0,0,39,1,40,0,22,80,36,138,66,6,72,210
10/21/2017,CLL,TX,ASW,CE,Federal Contract Tower,0,9,19,9,37,0,0,17,0,17,0,9,36,9,54,16,0,16,70
10/22/2017,CLL,TX,ASW,CE,Federal Contract Tower,0,16,22,18,56,0,0,28,0,28,0,16,50,18,84,32,0,32,116
10/23/2017,CLL,TX,ASW,CE,Federal Contract Tower,0,10,26,18,54,0,0,42,17,59,0,10,68,35,113,46,24,70,183
10/24/2017,CLL,TX,ASW,CE,Federal Contract Tower,0,15,31,38,84,0,0,37,5,42,0,15,68,43,126,34,8,42,168
10/25/2017,CLL,TX,ASW,CE,Federal Contract Tower,0,12,24,40,76,0,2,42,3,47,0,14,66,43,123,26,12,38,161
10/26/2017,CLL,TX,ASW,CE,Federal Contract Tower,0,14,37,34,85,0,9,54,3,66,0,23,91,37,151,26,16,42,193
10/27/2017,CLL,TX,ASW,CE,Federal Contract Tower,2,14,43,21,80,0,2,38,3,43,2,16,81,24,123,6,28,34,157
10/28/2017,CLL,TX,ASW,CE,Federal Contract Tower,2,16,72,5,95,0,2,64,4,70,2,18,136,9,165,12,14,26,191
10/29/2017,CLL,TX,ASW,CE,Federal Contract Tower,0,16,41,9,66,0,0,62,3,65,0,16,103,12,131,26,0,26,157
10/30/2017,CLL,TX,ASW,CE,Federal Contract Tower,0,16,28,27,71,0,0,55,10,65,0,16,83,37,136,22,28,50,186
10/31/2017,CLL,TX,ASW,CE,Federal Contract Tower,0,10,28,19,57,0,0,11,0,11,0,10,39,19,68,18,44,62,130
11/01/2017,CLL,TX,ASW,CE,Federal Contract Tower,0,11,39,15,65,0,0,4,0,4,0,11,43,15,69,34,0,34,103
11/02/2017,CLL,TX,ASW,CE,Federal Contract Tower,0,11,34,27,72,0,3,31,6,40,0,14,65,33,112,14,10,24,136
11/03/2017,CLL,TX,ASW,CE,Federal Contract Tower,1,23,49,25,98,0,0,55,1,56,1,23,104,26,154,20,2,22,176
11/04/2017,CLL,TX,ASW,CE,Federal Contract Tower,3,12,109,1,125,0,2,30,0,32,3,14,139,1,157,2,0,2,159
11/05/2017,CLL,TX,ASW,CE,Federal Contract Tower,0,12,43,7,62,0,2,55,5,62,0,14,98,12,124,12,6,18,142
11/06/2017,CLL,TX,ASW,CE,Federal Contract Tower,0,12,23,16,51,0,2,41,5,48,0,14,64,21,99,10,10,20,119
11/07/2017,CLL,TX,ASW,CE,Federal Contract Tower,0,10,27,69,106,0,0,26,0,26,0,10,53,69,132,24,0,24,156
11/08/2017,CLL,TX,ASW,CE,Federal Contract Tower,0,11,34,33,78,0,0,5,0,5,0,11,39,33,83,8,0,8,91
11/09/2017,CLL,TX,ASW,CE,Federal Contract Tower,0,17,40,31,88,0,0,6,0,6,0,17,46,31,94,6,0,6,100
11/10/2017,CLL,TX,ASW,CE,Federal Contract Tower,1,25,45,2,73,0,14,66,2,82,1,39,111,4,155,34,0,34,189
11/11/2017,CLL,TX,ASW,CE,Federal Contract Tower,2,13,58,0,73,0,3,51,2,56,2,16,109,2,129,10,0,10,139
11/12/2017,CLL,TX,ASW,CE,Federal Contract Tower,0,22,40,7,69,0,0,36,1,37,0,22,76,8,106,44,0,44,150
11/13/2017,CLL,TX,ASW,CE,Federal Contract Tower,0,17,32,108,157,0,0,38,6,44,0,17,70,114,201,58,50,108,309
11/14/2017,CLL,TX,ASW,CE,Federal Contract Tower,0,11,28,33,72,0,4,41,9,54,0,15,69,42,126,14,40,54,180
11/15/2017,CLL,TX,ASW,CE,Federal Contract Tower,0,12,38,16,66,0,0,22,7,29,0,12,60,23,95,16,18,34,129
11/16/2017,CLL,TX,ASW,CE,Federal Contract Tower,0,21,43,12,76,0,0,23,0,23,0,21,66,12,99,6,28,34,133
11/17/2017,CLL,TX,ASW,CE,Federal Contract Tower,2,12,32,108,154,0,0,29,6,35,2,12,61,114,189,10,22,32,221
11/18/2017,CLL,TX,ASW,CE,Federal Contract Tower,2,14,14,63,93,0,0,12,3,15,2,14,26,66,108,0,26,26,134
11/19/2017,CLL,TX,ASW,CE,Federal Contract Tower,0,18,37,15,70,0,2,58,3,63,0,20,95,18,133,36,10,46,179
11/20/2017,CLL,TX,ASW,CE,Federal Contract Tower,0,15,19,50,84,0,3,61,2,66,0,18,80,52,150,30,16,46,196
11/21/2017,CLL,TX,ASW,CE,Federal Contract Tower,0,15,32,26,73,0,4,46,8,58,0,19,78,34,131,42,16,58,189
11/22/2017,CLL,TX,ASW,CE,Federal Contract Tower,0,23,44,13,80,0,1,53,14,68,0,24,97,27,148,14,26,40,188
11/23/2017,CLL,TX,ASW,CE,Federal Contract Tower,0,4,6,0,10,0,7,11,0,18,0,11,17,0,28,0,0,0,28
11/24/2017,CLL,TX,ASW,CE,Federal Contract Tower,2,10,13,0,25,0,0,41,0,41,2,10,54,0,66,0,0,0,66
11/25/2017,CLL,TX,ASW,CE,Federal Contract Tower,2,11,16,0,29,0,0,48,0,48,2,11,64,0,77,8,0,8,85
11/26/2017,CLL,TX,ASW,CE,Federal Contract Tower,0,14,28,0,42,0,0,65,0,65,0,14,93,0,107,8,0,8,115
11/27/2017,CLL,TX,ASW,CE,Federal Contract Tower,0,10,15,15,40,0,0,50,8,58,0,10,65,23,98,28,2,30,128
11/28/2017,CLL,TX,ASW,CE,Federal Contract Tower,0,10,24,45,79,0,1,50,16,67,0,11,74,61,146,62,10,72,218
11/29/2017,CLL,TX,ASW,CE,Federal Contract Tower,0,16,30,18,64,0,1,52,1,54,0,17,82,19,118,50,16,66,184
11/30/2017,CLL,TX,ASW,CE,Federal Contract Tower,0,13,34,46,93,0,5,63,8,76,0,18,97,54,169,46,30,76,245
12/01/2017,CLL,TX,ASW,CE,Federal Contract Tower,1,17,21,104,143,0,0,49,5,54,1,17,70,109,197,4,10,14,211
12/02/2017,CLL,TX,ASW,CE,Federal Contract Tower,3,14,27,1,45,0,0,58,13,71,3,14,85,14,116,88,18,106,222
12/03/2017,CLL,TX,ASW,CE,Federal Contract Tower,1,19,31,0,51,0,0,7,0,7,1,19,38,0,58,0,0,0,58
12/04/2017,CLL,TX,ASW,CE,Federal Contract Tower,2,20,16,38,76,0,5,7,5,17,2,25,23,43,93,0,28,28,121
12/05/2017,CLL,TX,ASW,CE,Federal Contract Tower,0,20,30,27,77,0,0,13,0,13,0,20,43,27,90,16,12,28,118
12/06/2017,CLL,TX,ASW,CE,Federal Contract Tower,0,13,23,2,38,0,0,9,0,9,0,13,32,2,47,2,0,2,49
12/07/2017,CLL,TX,ASW,CE,Federal Contract Tower,0,40,23,7,70,0,5,5,0,10,0,45,28,7,80,0,0,0,80
12/08/2017,CLL,TX,ASW,CE,Federal Contract Tower,1,21,29,0,51,0,0,38,11,49,1,21,67,11,100,36,0,36,136
12/09/2017,CLL,TX,ASW,CE,Federal Contract Tower,0,6,19,57,82,0,0,72,5,77,0,6,91,62,159,44,14,58,217
12/10/2017,CLL,TX,ASW,CE,Federal Contract Tower,0,11,24,11,46,0,1,52,2,55,0,12,76,13,101,64,0,64,165
12/11/2017,CLL,TX,ASW,CE,Federal Contract Tower,0,13,26,36,75,0,0,53,3,56,0,13,79,39,131,26,18,44,175
12/12/2017,CLL,TX,ASW,CE,Federal Contract Tower,0,12,19,15,46,0,2,54,5,61,0,14,73,20,107,48,26,74,181
12/13/2017,CLL,TX,ASW,CE,Federal Contract Tower,0,12,18,25,55,0,1,41,0,42,0,13,59,25,97,36,20,56,153
12/14/2017,CLL,TX,ASW,CE,Federal Contract Tower,2,24,17,38,81,0,2,31,4,37,2,26,48,42,118,12,36,48,166
12/15/2017,CLL,TX,ASW,CE,Federal Contract Tower,2,16,37,53,108,0,0,68,3,71,2,16,105,56,179,30,14,44,223
12/16/2017,CLL,TX,ASW,CE,Federal Contract Tower,0,8,9,0,17,0,0,21,0,21,0,8,30,0,38,2,0,2,40
12/17/2017,CLL,TX,ASW,CE,Federal Contract Tower,0,12,27,0,39,0,0,0,0,0,0,12,27,0,39,0,0,0,39
12/18/2017,CLL,TX,ASW,CE,Federal Contract Tower,0,13,20,0,33,0,0,0,0,0,0,13,20,0,33,0,0,0,33
12/19/2017,CLL,TX,ASW,CE,Federal Contract Tower,0,15,17,11,43,0,2,3,2,7,0,17,20,13,50,0,0,0,50
12/20/2017,CLL,TX,ASW,CE,Federal Contract Tower,0,8,40,11,59,0,0,52,2,54,0,8,92,13,113,18,24,42,155
12/21/2017,CLL,TX,ASW,CE,Federal Contract Tower,1,15,30,16,62,0,1,15,0,16,1,16,45,16,78,8,0,8,86
12/22/2017,CLL,TX,ASW,CE,Federal Contract Tower,0,13,27,10,50,0,2,0,0,2,0,15,27,10,52,0,0,0,52
12/23/2017,CLL,TX,ASW,CE,Federal Contract Tower,0,6,12,0,18,0,2,20,0,22,0,8,32,0,40,2,0,2,42
12/24/2017,CLL,TX,ASW,CE,Federal Contract Tower,0,10,15,0,25,0,0,7,0,7,0,10,22,0,32,0,0,0,32
12/25/2017,CLL,TX,ASW,CE,Federal Contract Tower,0,2,6,9,17,0,2,2,0,4,0,4,8,9,21,0,0,0,21
12/26/2017,CLL,TX,ASW,CE,Federal Contract Tower,0,9,19,0,28,0,0,0,0,0,0,9,19,0,28,0,0,0,28
12/27/2017,CLL,TX,ASW,CE,Federal Contract Tower,0,11,9,2,22,0,3,10,1,14,0,14,19,3,36,10,2,12,48
12/28/2017,CLL,TX,ASW,CE,Federal Contract Tower,0,15,30,9,54,0,0,13,0,13,0,15,43,9,67,22,0,22,89
12/29/2017,CLL,TX,ASW,CE,Federal Contract Tower,2,9,18,0,29,0,2,8,0,10,2,11,26,0,39,10,0,10,49
12/30/2017,CLL,TX,ASW,CE,Federal Contract Tower,2,11,23,0,36,0,0,0,0,0,2,11,23,0,36,0,0,0,36
12/31/2017,CLL,TX,ASW,CE,Federal Contract Tower,0,6,20,0,26,0,0,0,0,0,0,6,20,0,26,0,0,0,26
01/01/2018,CLL,TX,ASW,CE,Federal Contract Tower,0,9,7,0,16,0,3,3,0,6,0,12,10,0,22,0,0,0,22
01/02/2018,CLL,TX,ASW,CE,Federal Contract Tower,0,15,12,13,40,0,0,14,6,20,0,15,26,19,60,20,0,20,80
01/03/2018,CLL,TX,ASW,CE,Federal Contract Tower,1,14,25,21,61,0,2,34,4,40,1,16,59,25,101,42,36,78,179
01/04/2018,CLL,TX,ASW,CE,Federal Contract Tower,0,16,12,27,55,0,9,25,2,36,0,25,37,29,91,14,0,14,105
01/05/2018,CLL,TX,ASW,CE,Federal Contract Tower,0,13,22,89,124,0,0,50,6,56,0,13,72,95,180,14,106,120,300
01/06/2018,CLL,TX,ASW,CE,Federal Contract Tower,0,11,21,31,63,0,0,42,7,49,0,11,63,38,112,26,20,46,158
01/07/2018,CLL,TX,ASW,CE,Federal Contract Tower,0,12,16,29,57,0,0,17,0,17,0,12,33,29,74,16,0,16,90
01/08/2018,CLL,TX,ASW,CE,Federal Contract Tower,2,11,14,28,55,0,0,39,6,45,2,11,53,34,100,34,22,56,156
01/09/2018,CLL,TX,ASW,CE,Federal Contract Tower,0,15,13,23,51,0,0,17,6,23,0,15,30,29,74,2,16,18,92
01/10/2018,CLL,TX,ASW,CE,Federal Contract Tower,0,13,16,54,83,0,0,8,7,15,0,13,24,61,98,26,36,62,160
01/11/2018,CLL,TX,ASW,CE,Federal Contract Tower,0,40,27,22,89,0,1,16,0,17,0,41,43,22,106,36,6,42,148
01/12/2018,CLL,TX,ASW,CE,Federal Contract Tower,1,8,28,47,84,0,2,48,2,52,1,10,76,49,136,74,14,88,224
01/13/2018,CLL,TX,ASW,CE,Federal Contract Tower,0,6,33,24,63,0,0,49,6,55,0,6,82,30,118,30,10,40,158
01/14/2018,CLL,TX,ASW,CE,Federal Contract Tower,0,15,15,18,48,0,0,54,0,54,0,15,69,18,102,8,0,8,110
01/15/2018,CLL,TX,ASW,CE,Federal Contract Tower,0,16,27,2,45,0,2,26,1,29,0,18,53,3,74,44,0,44,118
01/16/2018,CLL,TX,ASW,CE,Federal Contract Tower,0,0,7,0,7,0,0,0,0,0,0,0,7,0,7,0,0,0,7
01/17/2018,CLL,TX,ASW,CE,Federal Contract Tower,0,18,19,62,99,0,0,11,5,16,0,18,30,67,115,4,58,62,177
01/18/2018,CLL,TX,ASW,CE,Federal Contract Tower,0,18,39,42,99,0,8,27,8,43,0,26,66,50,142,18,24,42,184
01/19/2018,CLL,TX,ASW,CE,Federal Contract Tower,1,22,34,66,123,0,2,37,5,44,1,24,71,71,167,28,30,58,225
01/20/2018,CLL,TX,ASW,CE,Federal Contract Tower,1,14,15,10,40,0,0,0,0,0,1,14,15,10,40,0,0,0,40
01/21/2018,CLL,TX,ASW,CE,Federal Contract Tower,0,12,16,6,34,0,0,1,0,1,0,12,17,6,35,2,0,2,37
01/22/2018,CLL,TX,ASW,CE,Federal Contract Tower,2,21,9,25,57,0,0,52,4,56,2,21,61,29,113,20,12,32,145
01/23/2018,CLL,TX,ASW,CE,Federal Contract Tower,0,12,33,28,73,0,0,44,7,51,0,12,77,35,124,38,50,88,212
01/24/2018,CLL,TX,ASW,CE,Federal Contract Tower,0,9,26,36,71,0,3,49,4,56,0,12,75,40,127,24,16,40,167
01/25/2018,CLL,TX,ASW,CE,Federal Contract Tower,0,15,19,52,86,0,2,68,4,74,0,17,87,56,160,46,44,90,250
01/26/2018,CLL,TX,ASW,CE,Federal Contract Tower,2,13,30,46,91,0,0,17,0,17,2,13,47,46,108,50,0,50,158
01/27/2018,CLL,TX,ASW,CE,Federal Contract Tower,1,8,4,9,22,0,0,0,0,0,1,8,4,9,22,0,0,0,22
01/28/2018,CLL,TX,ASW,CE,Federal Contract Tower,0,13,23,29,65,0,0,54,15,69,0,13,77,44,134,64,44,108,242
01/29/2018,CLL,TX,ASW,CE,Federal Contract Tower,0,15,32,59,106,0,0,51,8,59,0,15,83,67,165,18,74,92,257
01/30/2018,CLL,TX,ASW,CE,Federal Contract Tower,0,24,24,29,77,0,0,71,24,95,0,24,95,53,172,6,100,106,278
01/31/2018,CLL,TX,ASW,CE,Federal Contract Tower,0,11,21,31,63,0,0,25,5,30,0,11,46,36,93,60,28,88,181
02/01/2018,CLL,TX,ASW,CE,Federal Contract Tower,0,13,22,4,39,0,0,37,5,42,0,13,59,9,81,44,22,66,147
02/02/2018,CLL,TX,ASW,CE,Federal Contract Tower,0,10,34,31,75,0,0,5,32,37,0,10,39,63,112,46,16,62,174
02/03/2018,CLL,TX,ASW,CE,Federal Contract Tower,0,8,8,0,16,0,0,0,0,0,0,8,8,0,16,0,0,0,16
02/04/2018,CLL,TX,ASW,CE,Federal Contract Tower,0,16,25,0,41,0,0,0,0,0,0,16,25,0,41,0,0,0,41
02/05/2018,CLL,TX,ASW,CE,Federal Contract Tower,0,15,27,28,70,0,0,11,0,11,0,15,38,28,81,0,18,18,99
02/06/2018,CLL,TX,ASW,CE,Federal Contract Tower,0,13,10,4,27,0,0,0,0,0,0,13,10,4,27,0,0,0,27
02/07/2018,CLL,TX,ASW,CE,Federal Contract Tower,0,13,30,9,52,0,0,2,0,2,0,13,32,9,54,4,0,4,58
02/08/2018,CLL,TX,ASW,CE,Federal Contract Tower,0,13,34,12,59,0,0,66,1,67,0,13,100,13,126,86,26,112,238
02/09/2018,CLL,TX,ASW,CE,Federal Contract Tower,1,13,50,8,72,0,0,0,0,0,1,13,50,8,72,0,0,0,72
02/10/2018,CLL,TX,ASW,CE,Federal Contract Tower,0,10,26,5,41,0,2,0,0,2,0,12,26,5,43,0,0,0,43
02/11/2018,CLL,TX,ASW,CE,Federal Contract Tower,0,16,14,5,35,0,0,8,3,11,0,16,22,8,46,26,0,26,72
02/12/2018,CLL,TX,ASW,CE,Federal Contract Tower,2,18,32,33,85,0,0,21,2,23,2,18,53,35,108,48,6,54,162
02/13/2018,CLL,TX,ASW,CE,Federal Contract Tower,0,13,16,0,29,0,0,0,0,0,0,13,16,0,29,0,0,0,29
02/14/2018,CLL,TX,ASW,CE,Federal Contract Tower,0,13,18,11,42,0,7,2,4,13,0,20,20,15,55,0,0,0,55
02/15/2018,CLL,TX,ASW,CE,Federal Contract Tower,0,18,52,32,102,0,6,21,1,28,0,24,73,33,130,46,10,56,186
02/16/2018,CLL,TX,ASW,CE,Federal Contract Tower,1,11,41,24,77,0,5,32,0,37,1,16,73,24,114,16,0,16,130
02/17/2018,CLL,TX,ASW,CE,Federal Contract Tower,2,17,15,0,34,0,14,8,0,22,2,31,23,0,56,4,0,4,60
02/18/2018,CLL,TX,ASW,CE,Federal Contract Tower,0,20,13,0,33,0,1,10,0,11,0,21,23,0,44,38,0,38,82
02/19/2018,CLL,TX,ASW,CE,Federal Contract Tower,0,14,25,0,39,0,5,30,0,35,0,19,55,0,74,20,0,20,94
02/20/2018,CLL,TX,ASW,CE,Federal Contract Tower,0,13,9,18,40,0,0,12,0,12,0,13,21,18,52,46,0,46,98
02/21/2018,CLL,TX,ASW,CE,Federal Contract Tower,0,12,6,0,18,0,0,0,0,0,0,12,6,0,18,0,0,0,18
02/22/2018,CLL,TX,ASW,CE,Federal Contract Tower,3,17,15,0,35,0,0,0,0,0,3,17,15,0,35,0,0,0,35
02/23/2018,CLL,TX,ASW,CE,Federal Contract Tower,2,10,25,9,46,0,0,10,0,10,2,10,35,9,56,0,0,0,56
02/24/2018,CLL,TX,ASW,CE,Federal Contract Tower,3,15,9,0,27,0,0,8,0,8,3,15,17,0,35,8,0,8,43
02/25/2018,CLL,TX,ASW,CE,Federal Contract Tower,0,12,21,0,33,0,1,3,0,4,0,13,24,0,37,4,0,4,41
02/26/2018,CLL,TX,ASW,CE,Federal Contract Tower,2,18,26,6,52,0,2,32,7,41,2,20,58,13,93,10,0,10,103
02/27/2018,CLL,TX,ASW,CE,Federal Contract Tower,1,12,23,4,40,0,0,18,3,21,1,12,41,7,61,6,0,6,67
02/28/2018,CLL,TX,ASW,CE,Federal Contract Tower,0,16,48,24,88,0,4,24,3,31,0,20,72,27,119,18,18,36,155
03/01/2018,CLL,TX,ASW,CE,Federal Contract Tower,1,16,46,37,100,0,8,70,9,87,1,24,116,46,187,78,60,138,325
03/02/2018,CLL,TX,ASW,CE,Federal Contract Tower,0,15,43,34,92,0,0,81,7,88,0,15,124,41,180,24,0,24,204
03/03/2018,CLL,TX,ASW,CE,Federal Contract Tower,0,21,41,76,138,0,2,69,10,81,0,23,110,86,219,38,6,44,263
03/04/2018,CLL,TX,ASW,CE,Federal Contract Tower,0,16,23,30,69,0,0,22,3,25,0,16,45,33,94,14,6,20,114
03/05/2018,CLL,TX,ASW,CE,Federal Contract Tower,0,15,16,18,49,0,2,17,1,20,0,17,33,19,69,12,0,12,81
03/06/2018,CLL,TX,ASW,CE,Federal Contract Tower,2,14,28,67,111,0,0,81,21,102,2,14,109,88,213,52,48,100,313
03/07/2018,CLL,TX,ASW,CE,Federal Contract Tower,0,18,42,49,109,0,0,64,12,76,0,18,106,61,185,44,48,92,277
03/08/2018,CLL,TX,ASW,CE,Federal Contract Tower,1,11,27,39,78,0,7,76,16,99,1,18,103,55,177,68,52,120,297
03/09/2018,CLL,TX,ASW,CE,Federal Contract Tower,0,18,37,47,102,0,0,39,4,43,0,18,76,51,145,12,0,12,157
03/10/2018,CLL,TX,ASW,CE,Federal Contract Tower,0,15,29,57,101,0,0,38,7,45,0,15,67,64,146,18,16,34,180
03/11/2018,CLL,TX,ASW,CE,Federal Contract Tower,0,12,12,13,37,0,3,8,0,11,0,15,20,13,48,16,14,30,78
03/12/2018,CLL,TX,ASW,CE,Federal Contract Tower,0,13,16,20,49,0,0,55,3,58,0,13,71,23,107,56,0,56,163
03/13/2018,CLL,TX,ASW,CE,Federal Contract Tower,0,13,32,47,92,0,0,58,5,63,0,13,90,52,155,24,62,86,241
03/14/2018,CLL,TX,ASW,CE,Federal Contract Tower,9,18,15,54,96,0,3,44,5,52,9,21,59,59,148,16,38,54,202
03/15/2018,CLL,TX,ASW,CE,Federal Contract Tower,1,19,13,20,53,0,4,26,2,32,1,23,39,22,85,32,42,74,159
03/16/2018,CLL,TX,ASW,CE,Federal Contract Tower,1,13,25,38,77,0,0,17,5,22,1,13,42,43,99,30,16,46,145
03/17/2018,CLL,TX,ASW,CE,Federal Contract Tower,0,15,22,22,59,0,2,21,3,26,0,17,43,25,85,2,10,12,97
03/18/2018,CLL,TX,ASW,CE,Federal Contract Tower,2,19,21,4,46,0,0,0,1,1,2,19,21,5,47,2,6,8,55
03/19/2018,CLL,TX,ASW,CE,Federal Contract Tower,0,13,22,55,90,0,2,44,4,50,0,15,66,59,140,8,22,30,170
03/20/2018,CLL,TX,ASW,CE,Federal Contract Tower,2,11,20,22,55,0,0,64,19,83,2,11,84,41,138,70,32,102,240
03/21/2018,CLL,TX,ASW,CE,Federal Contract Tower,0,15,55,38,108,0,3,46,5,54,0,18,101,43,162,50,18,68,230
03/22/2018,CLL,TX,ASW,CE,Federal Contract Tower,2,15,32,55,104,0,1,38,9,48,2,16,70,64,152,4,72,76,228
03/23/2018,CLL,TX,ASW,CE,Federal Contract Tower,2,11,46,10,69,0,0,39,2,41,2,11,85,12,110,28,0,28,138
03/24/2018,CLL,TX,ASW,CE,Federal Contract Tower,0,15,20,44,79,0,0,16,4,20,0,15,36,48,99,2,2,4,103
03/25/2018,CLL,TX,ASW,CE,Federal Contract Tower,0,11,26,7,44,0,2,18,0,20,0,13,44,7,64,10,6,16,80
03/26/2018,CLL,TX,ASW,CE,Federal Contract Tower,0,13,15,40,68,0,2,21,4,27,0,15,36,44,95,16,6,22,117
03/27/2018,CLL,TX,ASW,CE,Federal Contract Tower,0,12,19,41,72,0,4,22,7,33,0,16,41,48,105,46,18,64,169
03/28/2018,CLL,TX,ASW,CE,Federal Contract Tower,0,15,12,0,27,0,1,0,0,1,0,16,12,0,28,0,0,0,28
03/29/2018,CLL,TX,ASW,CE,Federal Contract Tower,0,16,44,71,131,0,2,47,11,60,0,18,91,82,191,50,24,74,265
03/30/2018,CLL,TX,ASW,CE,Federal Contract Tower,0,15,22,46,83,0,6,84,10,100,0,21,106,56,183,32,80,112,295
03/31/2018,CLL,TX,ASW,CE,Federal Contract Tower,0,11,45,83,139,0,4,61,9,74,0,15,106,92,213,6,10,16,229
04/01/2018,CLL,TX,ASW,CE,Federal Contract Tower,0,12,17,0,29,0,2,41,0,43,0,14,58,0,72,0,0,0,72
04/02/2018,CLL,TX,ASW,CE,Federal Contract Tower,0,14,36,61,111,0,2,24,0,26,0,16,60,61,137,0,8,8,145
04/03/2018,CLL,TX,ASW,CE,Federal Contract Tower,0,10,10,25,45,0,2,10,0,12,0,12,20,25,57,6,12,18,75
04/04/2018,CLL,TX,ASW,CE,Federal Contract Tower,0,14,43,24,81,0,1,66,5,72,0,15,109,29,153,66,6,72,225
04/05/2018,CLL,TX,ASW,CE,Federal Contract Tower,0,18,34,49,101,0,1,47,9,57,0,19,81,58,158,72,34,106,264
04/06/2018,CLL,TX,ASW,CE,Federal Contract Tower,0,7,28,78,113,0,0,24,6,30,0,7,52,84,143,6,42,48,191
04/07/2018,CLL,TX,ASW,CE,Federal Contract Tower,0,10,23,50,83,0,0,0,0,0,0,10,23,50,83,0,0,0,83
04/08/2018,CLL,TX,ASW,CE,Federal Contract Tower,0,16,21,61,98,0,0,18,2,20,0,16,39,63,118,64,0,64,182
04/09/2018,CLL,TX,ASW,CE,Federal Contract Tower,0,12,30,10,52,0,0,30,0,30,0,12,60,10,82,48,0,48,130
04/10/2018,CLL,TX,ASW,CE,Federal Contract Tower,0,13,13,15,41,0,10,98,10,118,0,23,111,25,159,76,10,86,245
04/11/2018,CLL,TX,ASW,CE,Federal Contract Tower,0,23,38,93,154,0,1,67,10,78,0,24,105,103,232,86,40,126,358
04/12/2018,CLL,TX,ASW,CE,Federal Contract Tower,0,16,36,42,94,0,8,25,13,46,0,24,61,55,140,2,62,64,204
04/13/2018,CLL,TX,ASW,CE,Federal Contract Tower,0,15,13,31,59,0,2,6,0,8,0,17,19,31,67,12,0,12,79
04/14/2018,CLL,TX,ASW,CE,Federal Contract Tower,0,15,25,42,82,0,1,35,0,36,0,16,60,42,118,0,10,10,128
04/15/2018,CLL,TX,ASW,CE,Federal Contract Tower,0,15,29,47,91,0,2,92,8,102,0,17,121,55,193,6,32,38,231
04/16/2018,CLL,TX,ASW,CE,Federal Contract Tower,0,22,24,43,89,0,2,34,7,43,0,24,58,50,132,54,10,64,196
04/17/2018,CLL,TX,ASW,CE,Federal Contract Tower,0,18,30,47,95,0,0,20,2,22,0,18,50,49,117,64,0,64,181
04/18/2018,CLL,TX,ASW,CE,Federal Contract Tower,0,18,38,73,129,0,4,41,5,50,0,22,79,78,179,88,10,98,277
04/19/2018,CLL,TX,ASW,CE,Federal Contract Tower,0,17,31,70,118,0,12,53,15,80,0,29,84,85,198,56,116,172,370
04/20/2018,CLL,TX,ASW,CE,Federal Contract Tower,0,18,23,14,55,0,2,58,1,61,0,20,81,15,116,28,34,62,178
04/21/2018,CLL,TX,ASW,CE,Federal Contract Tower,0,9,9,8,26,0,0,4,0,4,0,9,13,8,30,0,0,0,30
04/22/2018,CLL,TX,ASW,CE,Federal Contract Tower,0,15,20,19,54,0,4,46,7,57,0,19,66,26,111,40,4,44,155
04/23/2018,CLL,TX,ASW,CE,Federal Contract Tower,0,18,23,21,62,0,5,44,11,60,0,23,67,32,122,38,40,78,200
04/24/2018,CLL,TX,ASW,CE,Federal Contract Tower,0,17,24,56,97,0,4,53,8,65,0,21,77,64,162,52,38,90,252
04/25/2018,CLL,TX,ASW,CE,Federal Contract Tower,0,25,20,50,95,0,3,30,7,40,0,28,50,57,135,26,38,64,199
04/26/2018,CLL,TX,ASW,CE,Federal Contract Tower,0,19,30,52,101,0,8,48,5,61,0,27,78,57,162,38,92,130,292
04/27/2018,CLL,TX,ASW,CE,Federal Contract Tower,0,18,20,92,130,0,2,56,11,69,0,20,76,103,199,18,52,70,269
04/28/2018,CLL,TX,ASW,CE,Federal Contract Tower,0,8,12,7,27,0,8,61,0,69,0,16,73,7,96,26,4,30,126
04/29/2018,CLL,TX,ASW,CE,Federal Contract Tower,0,18,22,19,59,0,2,45,6,53,0,20,67,25,112,32,36,68,180
04/30/2018,CLL,TX,ASW,CE,Federal Contract Tower,0,12,17,59,88,0,8,36,9,53,0,20,53,68,141,0,136,136,277
05/01/2018,CLL,TX,ASW,CE,Federal Contract Tower,0,15,18,50,83,0,4,8,16,28,0,19,26,66,111,2,30,32,143
05/02/2018,CLL,TX,ASW,CE,Federal Contract Tower,0,14,25,46,85,0,0,29,11,40,0,14,54,57,125,8,66,74,199
05/03/2018,CLL,TX,ASW,CE,Federal Contract Tower,0,20,28,16,64,0,13,23,1,37,0,33,51,17,101,48,6,54,155
05/04/2018,CLL,TX,ASW,CE,Federal Contract Tower,0,8,18,6,32,0,1,4,0,5,0,9,22,6,37,8,0,8,45
05/05/2018,CLL,TX,ASW,CE,Federal Contract Tower,0,8,23,4,35,0,4,46,0,50,0,12,69,4,85,8,0,8,93
05/06/2018,CLL,TX,ASW,CE,Federal Contract Tower,0,16,22,26,64,0,0,64,0,64,0,16,86,26,128,62,2,64,192
05/07/2018,CLL,TX,ASW,CE,Federal Contract Tower,0,11,18,57,86,0,0,47,4,51,0,11,65,61,137,30,34,64,201
05/08/2018,CLL,TX,ASW,CE,Federal Contract Tower,0,16,25,55,96,0,3,68,5,76,0,19,93,60,172,78,4,82,254
05/09/2018,CLL,TX,ASW,CE,Federal Contract Tower,0,11,34,50,95,0,0,47,6,53,0,11,81,56,148,76,38,114,262
05/10/2018,CLL,TX,ASW,CE,Federal Contract Tower,0,33,29,35,97,0,1,28,6,35,0,34,57,41,132,28,40,68,200
05/11/2018,CLL,TX,ASW,CE,Federal Contract Tower,0,24,40,20,84,0,7,49,1,57,0,31,89,21,141,8,0,8,149
05/12/2018,CLL,TX,ASW,CE,Federal Contract Tower,0,11,21,8,40,0,1,55,0,56,0,12,76,8,96,28,0,28,124
05/13/2018,CLL,TX,ASW,CE,Federal Contract Tower,0,13,17,33,63,0,6,18,5,29,0,19,35,38,92,4,6,10,102
05/14/2018,CLL,TX,ASW,CE,Federal Contract Tower,0,9,35,39,83,0,0,25,3,28,0,9,60,42,111,14,62,76,187
05/15/2018,CLL,TX,ASW,CE,Federal Contract Tower,0,13,25,38,76,0,3,39,10,52,0,16,64,48,128,66,44,110,238
05/16/2018,CLL,TX,ASW,CE,Federal Contract Tower,0,22,37,32,91,0,2,37,1,40,0,24,74,33,131,34,0,34,165
05/17/2018,CLL,TX,ASW,CE,Federal Contract Tower,0,17,34,25,76,0,4,56,16,76,0,21,90,41,152,44,32,76,228
05/18/2018,CLL,TX,ASW,CE,Federal Contract Tower,0,16,38,51,105,0,8,60,25,93,0,24,98,76,198,26,48,74,272
05/19/2018,CLL,TX,ASW,CE,Federal Contract Tower,0,7,18,37,62,0,0,39,10,49,0,7,57,47,111,40,2,42,153
05/20/2018,CLL,TX,ASW,CE,Federal Contract Tower,0,13,8,2,23,0,3,5,1,9,0,16,13,3,32,0,0,0,32
05/21/2018,CLL,TX,ASW,CE,Federal Contract Tower,0,16,12,7,35,0,2,17,2,21,0,18,29,9,56,32,16,48,104
05/22/2018,CLL,TX,ASW,CE,Federal Contract Tower,0,18,25,4,47,0,1,30,0,31,0,19,55,4,78,4,0,4,82
05/23/2018,CLL,TX,ASW,CE,Federal Contract Tower,2,10,23,36,71,0,3,32,3,38,2,13,55,39,109,56,12,68,177
05/24/2018,CLL,TX,ASW,CE,Federal Contract Tower,0,13,30,29,72,0,3,47,5,55,0,16,77,34,127,96,26,122,249
05/25/2018,CLL,TX,ASW,CE,Federal Contract Tower,0,7,45,5,57,0,6,38,0,44,0,13,83,5,101,34,0,34,135
05/26/2018,CLL,TX,ASW,CE,Federal Contract Tower,1,11,11,0,23,0,0,26,0,26,1,11,37,0,49,22,0,22,71
05/27/2018,CLL,TX,ASW,CE,Federal Contract Tower,0,11,18,15,44,0,2,41,2,45,0,13,59,17,89,50,8,58,147
05/28/2018,CLL,TX,ASW,CE,Federal Contract Tower,0,14,14,0,28,0,7,43,0,50,0,21,57,0,78,32,0,32,110
05/29/2018,CLL,TX,ASW,CE,Federal Contract Tower,0,11,19,54,84,0,2,37,5,44,0,13,56,59,128,32,0,32,160
05/30/2018,CLL,TX,ASW,CE,Federal Contract Tower,0,11,22,28,61,0,3,43,6,52,0,14,65,34,113,66,0,66,179
05/31/2018,CLL,TX,ASW,CE,Federal Contract Tower,0,12,10,34,56,0,1,29,7,37,0,13,39,41,93,56,10,66,159
06/01/2018,CLL,TX,ASW,CE,Federal Contract Tower,0,16,33,76,125,0,0,49,5,54,0,16,82,81,179,82,34,116,295
06/02/2018,CLL,TX,ASW,CE,Federal Contract Tower,0,6,19,0,25,0,2,32,0,34,0,8,51,0,59,18,0,18,77
06/03/2018,CLL,TX,ASW,CE,Federal Contract Tower,2,9,14,36,61,0,2,30,3,35,2,11,44,39,96,28,6,34,130
06/04/2018,CLL,TX,ASW,CE,Federal Contract Tower,0,16,24,22,62,0,4,27,1,32,0,20,51,23,94,58,0,58,152
06/05/2018,CLL,TX,ASW,CE,Federal Contract Tower,0,12,21,19,52,0,0,34,9,43,0,12,55,28,95,30,12,42,137
06/06/2018,CLL,TX,ASW,CE,Federal Contract Tower,0,14,35,51,100,0,3,36,3,42,0,17,71,54,142,60,14,74,216
06/07/2018,CLL,TX,ASW,CE,Federal Contract Tower,0,12,29,17,58,0,2,58,3,63,0,14,87,20,121,8,0,8,129
06/08/2018,CLL,TX,ASW,CE,Federal Contract Tower,0,12,26,40,78,0,0,48,6,54,0,12,74,46,132,58,38,96,228
06/09/2018,CLL,TX,ASW,CE,Federal Contract Tower,0,10,8,26,44,0,4,43,1,48,0,14,51,27,92,46,0,46,138
06/10/2018,CLL,TX,ASW,CE,Federal Contract Tower,2,8,17,18,45,0,1,31,8,40,2,9,48,26,85,22,10,32,117
06/11/2018,CLL,TX,ASW,CE,Federal Contract Tower,0,12,18,59,89,0,0,29,9,38,0,12,47,68,127,4,12,16,143
06/12/2018,CLL,TX,ASW,CE,Federal Contract Tower,0,13,22,36,71,0,2,33,0,35,0,15,55,36,106,50,26,76,182
06/13/2018,CLL,TX,ASW,CE,Federal Contract Tower,0,14,31,31,76,0,5,40,6,51,0,19,71,37,127,56,18,74,201
06/14/2018,CLL,TX,ASW,CE,Federal Contract Tower,0,21,20,9,50,0,9,23,6,38,0,30,43,15,88,36,8,44,132
06/15/2018,CLL,TX,ASW,CE,Federal Contract Tower,0,13,17,11,41,0,2,43,8,53,0,15,60,19,94,110,20,130,224
06/16/2018,CLL,TX,ASW,CE,Federal Contract Tower,0,13,10,20,43,0,4,45,3,52,0,17,55,23,95,60,14,74,169
06/17/2018,CLL,TX,ASW,CE,Federal Contract Tower,0,10,13,0,23,0,3,9,0,12,0,13,22,0,35,0,0,0,35
06/18/2018,CLL,TX,ASW,CE,Federal Contract Tower,0,12,15,12,39,0,0,12,3,15,0,12,27,15,54,8,4,12,66
06/19/2018,CLL,TX,ASW,CE,Federal Contract Tower,0,10,15,13,38,0,2,5,0,7,0,12,20,13,45,10,0,10,55
06/20/2018,CLL,TX,ASW,CE,Federal Contract Tower,0,18,25,0,43,0,0,1,0,1,0,18,26,0,44,0,0,0,44
06/21/2018,CLL,TX,ASW,CE,Federal Contract Tower,0,13,23,49,85,0,0,35,6,41,0,13,58,55,126,74,10,84,210
06/22/2018,CLL,TX,ASW,CE,Federal Contract Tower,0,10,21,44,75,0,0,56,6,62,0,10,77,50,137,100,14,114,251
06/23/2018,CLL,TX,ASW,CE,Federal Contract Tower,0,12,23,38,73,0,7,35,1,43,0,19,58,39,116,42,38,80,196
06/24/2018,CLL,TX,ASW,CE,Federal Contract Tower,0,8,19,25,52,0,1,40,2,43,0,9,59,27,95,54,6,60,155
06/25/2018,CLL,TX,ASW,CE,Federal Contract Tower,0,13,20,19,52,0,4,24,2,30,0,17,44,21,82,24,4,28,110
06/26/2018,CLL,TX,ASW,CE,Federal Contract Tower,0,11,16,11,38,0,2,57,5,64,0,13,73,16,102,8,8,16,118
06/27/2018,CLL,TX,ASW,CE,Federal Contract Tower,0,15,52,22,89,0,0,38,1,39,0,15,90,23,128,48,4,52,180
06/28/2018,CLL,TX,ASW,CE,Federal Contract Tower,0,10,17,17,44,0,1,55,9,65,0,11,72,26,109,42,20,62,171
06/29/2018,CLL,TX,ASW,CE,Federal Contract Tower,0,16,19,42,77,0,6,34,8,48,0,22,53,50,125,58,48,106,231
06/30/2018,CLL,TX,ASW,CE,Federal Contract Tower,0,14,17,26,57,0,5,32,1,38,0,19,49,27,95,26,0,26,121
07/01/2018,CLL,TX,ASW,CE,Federal Contract Tower,0,9,8,30,47,0,6,38,4,48,0,15,46,34,95,10,6,16,111
07/02/2018,CLL,TX,ASW,CE,Federal Contract Tower,0,16,10,26,52,0,10,49,10,69,0,26,59,36,121,54,26,80,201
07/03/2018,CLL,TX,ASW,CE,Federal Contract Tower,0,9,12,37,58,0,2,46,1,49,0,11,58,38,107,14,32,46,153
07/04/2018,CLL,TX,ASW,CE,Federal Contract Tower,0,13,2,0,15,0,2,5,0,7,0,15,7,0,22,0,0,0,22
07/05/2018,CLL,TX,ASW,CE,Federal Contract Tower,0,6,16,7,29,0,10,41,3,54,0,16,57,10,83,26,12,38,121
07/06/2018,CLL,TX,ASW,CE,Federal Contract Tower,0,11,12,66,89,0,0,41,5,46,0,11,53,71,135,40,4,44,179
07/07/2018,CLL,TX,ASW,CE,Federal Contract Tower,0,10,14,1,25,0,4,12,0,16,0,14,26,1,41,16,0,16,57
07/08/2018,CLL,TX,ASW,CE,Federal Contract Tower,0,8,25,5,38,0,2,4,3,9,0,10,29,8,47,0,2,2,49
07/09/2018,CLL,TX,ASW,CE,Federal Contract Tower,0,11,16,4,31,0,6,10,2,18,0,17,26,6,49,8,4,12,61
07/10/2018,CLL,TX,ASW,CE,Federal Contract Tower,0,16,24,20,60,0,4,41,3,48,0,20,65,23,108,0,12,12,120
07/11/2018,CLL,TX,ASW,CE,Federal Contract Tower,0,19,19,19,57,0,14,38,2,54,0,33,57,21,111,54,2,56,167
07/12/2018,CLL,TX,ASW,CE,Federal Contract Tower,0,18,16,25,59,0,10,53,6,69,0,28,69,31,128,70,0,70,198
07/13/2018,CLL,TX,ASW,CE,Federal Contract Tower,0,14,28,31,73,0,0,69,4,73,0,14,97,35,146,80,12,92,238
07/14/2018,CLL,TX,ASW,CE,Federal Contract Tower,0,10,15,45,70,0,4,38,8,50,0,14,53,53,120,30,4,34,154
07/15/2018,CLL,TX,ASW,CE,Federal Contract Tower,0,9,28,16,53,0,2,38,14,54,0,11,66,30,107,54,30,84,191
07/16/2018,CLL,TX,ASW,CE,Federal Contract Tower,0,16,22,31,69,0,2,33,8,43,0,18,55,39,112,16,36,52,164
07/17/2018,CLL,TX,ASW,CE,Federal Contract Tower,0,14,18,49,81,0,5,68,14,87,0,19,86,63,168,20,32,52,220
07/18/2018,CLL,TX,ASW,CE,Federal Contract Tower,0,14,37,59,110,0,2,65,4,71,0,16,102,63,181,68,22,90,271
07/19/2018,CLL,TX,ASW,CE,Federal Contract Tower,0,17,16,28,61,0,2,57,10,69,0,19,73,38,130,0,18,18,148
07/20/2018,CLL,TX,ASW,CE,Federal Contract Tower,0,12,25,16,53,0,5,44,6,55,0,17,69,22,108,36,2,38,146
07/21/2018,CLL,TX,ASW,CE,Federal Contract Tower,0,14,14,0,28,0,2,37,0,39,0,16,51,0,67,28,0,28,95
07/22/2018,CLL,TX,ASW,CE,Federal Contract Tower,0,17,15,57,89,0,6,30,2,38,0,23,45,59,127,26,2,28,155
07/23/2018,CLL,TX,ASW,CE,Federal Contract Tower,0,16,10,38,64,0,6,48,5,59,0,22,58,43,123,14,6,20,143
07/24/2018,CLL,TX,ASW,CE,Federal Contract Tower,0,12,15,21,48,0,2,42,2,46,0,14,57,23,94,32,2,34,128
07/25/2018,CLL,TX,ASW,CE,Federal Contract Tower,0,13,25,51,89,0,3,36,6,45,0,16,61,57,134,38,0,38,172
07/26/2018,CLL,TX,ASW,CE,Federal Contract Tower,0,13,25,30,68,0,8,56,5,69,0,21,81,35,137,44,0,44,181
07/27/2018,CLL,TX,ASW,CE,Federal Contract Tower,0,14,27,55,96,0,11,67,0,78,0,25,94,55,174,22,10,32,206
07/28/2018,CLL,TX,ASW,CE,Federal Contract Tower,0,10,12,87,109,0,0,33,12,45,0,10,45,99,154,26,60,86,240
07/29/2018,CLL,TX,ASW,CE,Federal Contract Tower,0,12,19,29,60,0,3,38,8,49,0,15,57,37,109,32,20,52,161
07/30/2018,CLL,TX,ASW,CE,Federal Contract Tower,0,9,14,18,41,0,10,51,9,70,0,19,65,27,111,60,10,70,181
07/31/2018,CLL,TX,ASW,CE,Federal Contract Tower,0,15,10,2,27,0,9,33,7,49,0,24,43,9,76,18,0,18,94
08/01/2018,CLL,TX,ASW,CE,Federal Contract Tower,0,13,24,35,72,0,5,45,11,61,0,18,69,46,133,38,16,54,187
08/02/2018,CLL,TX,ASW,CE,Federal Contract Tower,0,11,18,5,34,0,0,35,5,40,0,11,53,10,74,16,0,16,90
08/03/2018,CLL,TX,ASW,CE,Federal Contract Tower,0,20,12,8,40,0,6,56,3,65,0,26,68,11,105,88,0,88,193
08/04/2018,CLL,TX,ASW,CE,Federal Contract Tower,0,10,9,18,37,0,2,48,2,52,0,12,57,20,89,12,44,56,145
08/05/2018,CLL,TX,ASW,CE,Federal Contract Tower,0,10,14,21,45,0,4,53,2,59,0,14,67,23,104,4,6,10,114
08/06/2018,CLL,TX,ASW,CE,Federal Contract Tower,0,13,15,2,30,0,0,28,0,28,0,13,43,2,58,6,0,6,64
08/07/2018,CLL,TX,ASW,CE,Federal Contract Tower,0,15,17,8,40,0,9,47,3,59,0,24,64,11,99,50,0,50,149
08/08/2018,CLL,TX,ASW,CE,Federal Contract Tower,0,16,23,6,45,0,0,38,5,43,0,16,61,11,88,14,0,14,102
08/09/2018,CLL,TX,ASW,CE,Federal Contract Tower,0,13,23,67,103,0,0,45,2,47,0,13,68,69,150,70,4,74,224
08/10/2018,CLL,TX,ASW,CE,Federal Contract Tower,0,17,42,73,132,0,4,37,5,46,0,21,79,78,178,26,44,70,248
08/11/2018,CLL,TX,ASW,CE,Federal Contract Tower,0,12,15,0,27,0,0,9,0,9,0,12,24,0,36,26,0,26,62
08/12/2018,CLL,TX,ASW,CE,Federal Contract Tower,0,12,15,0,27,0,0,6,0,6,0,12,21,0,33,12,0,12,45
08/13/2018,CLL,TX,ASW,CE,Federal Contract Tower,2,9,33,43,87,0,0,23,5,28,2,9,56,48,115,24,10,34,149
08/14/2018,CLL,TX,ASW,CE,Federal Contract Tower,0,12,32,28,72,0,0,48,6,54,0,12,80,34,126,46,0,46,172
08/15/2018,CLL,TX,ASW,CE,Federal Contract Tower,0,16,38,13,67,0,3,46,2,51,0,19,84,15,118,82,0,82,200
08/16/2018,CLL,TX,ASW,CE,Federal Contract Tower,0,10,30,51,91,0,0,41,19,60,0,10,71,70,151,16,30,46,197
08/17/2018,CLL,TX,ASW,CE,Federal Contract Tower,0,17,34,42,93,0,0,41,6,47,0,17,75,48,140,0,36,36,176
08/18/2018,CLL,TX,ASW,CE,Federal Contract Tower,0,7,12,34,53,0,1,46,11,58,0,8,58,45,111,60,24,84,195
08/19/2018,CLL,TX,ASW,CE,Federal Contract Tower,0,12,26,38,76,0,5,30,4,39,0,17,56,42,115,18,14,32,147
08/20/2018,CLL,TX,ASW,CE,Federal Contract Tower,0,14,16,29,59,0,4,34,13,51,0,18,50,42,110,44,46,90,200
08/21/2018,CLL,TX,ASW,CE,Federal Contract Tower,0,17,21,19,57,0,4,33,13,50,0,21,54,32,107,45,8,53,160
08/22/2018,CLL,TX,ASW,CE,Federal Contract Tower,0,13,32,57,102,0,4,55,9,68,0,17,87,66,170,62,6,68,238
08/23/2018,CLL,TX,ASW,CE,Federal Contract Tower,0,14,26,4,44,0,8,63,5,76,0,22,89,9,120,8,12,20,140
08/24/2018,CLL,TX,ASW,CE,Federal Contract Tower,0,13,36,52,101,0,2,49,7,58,0,15,85,59,159,52,14,66,225
08/25/2018,CLL,TX,ASW,CE,Federal Contract Tower,0,8,12,3,23,0,4,41,1,46,0,12,53,4,69,44,20,64,133
08/26/2018,CLL,TX,ASW,CE,Federal Contract Tower,0,8,19,19,46,0,2,39,7,48,0,10,58,26,94,20,8,28,122
08/27/2018,CLL,TX,ASW,CE,Federal Contract Tower,0,11,16,54,81,0,0,42,18,60,0,11,58,72,141,52,24,76,217
08/28/2018,CLL,TX,ASW,CE,Federal Contract Tower,0,20,28,11,59,0,2,25,4,31,0,22,53,15,90,4,0,4,94
08/29/2018,CLL,TX,ASW,CE,Federal Contract Tower,2,21,48,4,75,0,2,23,6,31,2,23,71,10,106,18,2,20,126
08/30/2018,CLL,TX,ASW,CE,Federal Contract Tower,0,18,89,13,120,0,4,68,5,77,0,22,157,18,197,48,6,54,251
08/31/2018,CLL,TX,ASW,CE,Federal Contract Tower,0,15,39,4,58,4,4,59,6,73,4,19,98,10,131,18,0,18,149
09/01/2018,CLL,TX,ASW,CE,Federal Contract Tower,0,9,21,0,30,0,4,42,2,48,0,13,63,2,78,20,6,26,104
09/02/2018,CLL,TX,ASW,CE,Federal Contract Tower,0,10,16,0,26,0,0,13,0,13,0,10,29,0,39,8,0,8,47
09/03/2018,CLL,TX,ASW,CE,Federal Contract Tower,0,14,11,4,29,0,0,6,0,6,0,14,17,4,35,18,0,18,53
09/04/2018,CLL,TX,ASW,CE,Federal Contract Tower,0,14,18,2,34,0,0,14,0,14,0,14,32,2,48,10,48,58,106
09/05/2018,CLL,TX,ASW,CE,Federal Contract Tower,0,12,46,71,129,0,7,31,1,39,0,19,77,72,168,24,40,64,232
09/06/2018,CLL,TX,ASW,CE,Federal Contract Tower,0,13,42,25,80,0,0,37,1,38,0,13,79,26,118,26,28,54,172
09/07/2018,CLL,TX,ASW,CE,Federal Contract Tower,4,24,62,68,158,0,4,25,9,38,4,28,87,77,196,26,30,56,252
09/08/2018,CLL,TX,ASW,CE,Federal Contract Tower,4,36,148,3,191,0,0,13,5,18,4,36,161,8,209,0,6,6,215
09/09/2018,CLL,TX,ASW,CE,Federal Contract Tower,0,27,54,0,81,0,2,10,0,12,0,29,64,0,93,0,0,0,93
09/10/2018,CLL,TX,ASW,CE,Federal Contract Tower,0,13,35,4,52,0,0,11,1,12,0,13,46,5,64,18,0,18,82
09/11/2018,CLL,TX,ASW,CE,Federal Contract Tower,0,17,20,10,47,0,0,4,0,4,0,17,24,10,51,0,0,0,51
09/12/2018,CLL,TX,ASW,CE,Federal Contract Tower,0,10,23,4,37,0,4,9,0,13,0,14,32,4,50,12,0,12,62
09/13/2018,CLL,TX,ASW,CE,Federal Contract Tower,0,17,29,37,83,0,0,37,4,41,0,17,66,41,124,20,0,20,144
09/14/2018,CLL,TX,ASW,CE,Federal Contract Tower,0,11,30,5,46,0,1,6,3,10,0,12,36,8,56,12,0,12,68
09/16/2018,CLL,TX,ASW,CE,Federal Contract Tower,0,21,18,34,73,0,2,47,13,62,0,23,65,47,135,12,36,48,183
09/17/2018,CLL,TX,ASW,CE,Federal Contract Tower,0,15,18,39,72,0,2,51,7,60,0,17,69,46,132,52,22,74,206
09/18/2018,CLL,TX,ASW,CE,Federal Contract Tower,0,13,22,29,64,0,1,66,3,70,0,14,88,32,134,56,10,66,200
09/19/2018,CLL,TX,ASW,CE,Federal Contract Tower,0,15,31,28,74,0,4,53,6,63,0,19,84,34,137,66,12,78,215
09/20/2018,CLL,TX,ASW,CE,Federal Contract Tower,2,17,32,0,51,0,0,41,1,42,2,17,73,1,93,46,0,46,139
09/21/2018,CLL,TX,ASW,CE,Federal Contract Tower,0,15,52,34,101,0,0,8,3,11,0,15,60,37,112,0,28,28,140
09/22/2018,CLL,TX,ASW,CE,Federal Contract Tower,1,13,34,16,64,0,0,0,0,0,1,13,34,16,64,0,0,0,64
09/23/2018,CLL,TX,ASW,CE,Federal Contract Tower,0,19,55,30,104,0,3,16,5,24,0,22,71,35,128,22,0,22,150
09/24/2018,CLL,TX,ASW,CE,Federal Contract Tower,0,13,15,17,45,0,2,29,2,33,0,15,44,19,78,62,12,74,152
09/25/2018,CLL,TX,ASW,CE,Federal Contract Tower,0,15,44,31,90,0,4,62,13,79,0,19,106,44,169,42,30,72,241
09/26/2018,CLL,TX,ASW,CE,Federal Contract Tower,0,19,11,8,38,0,0,7,0,7,0,19,18,8,45,32,0,32,77
09/27/2018,CLL,TX,ASW,CE,Federal Contract Tower,0,15,55,46,116,0,1,27,9,37,0,16,82,55,153,38,12,50,203
09/28/2018,CLL,TX,ASW,CE,Federal Contract Tower,0,21,52,24,97,0,4,30,0,34,0,25,82,24,131,16,0,16,147
09/29/2018,CLL,TX,ASW,CE,Federal Contract Tower,2,15,16,0,33,0,0,0,0,0,2,15,16,0,33,0,0,0,33
09/30/2018,CLL,TX,ASW,CE,Federal Contract Tower,0,16,29,0,45,0,0,8,0,8,0,16,37,0,53,12,0,12,65
10/01/2018,CLL,TX,ASW,CE,Federal Contract Tower,0,12,27,8,47,0,0,14,4,18,0,12,41,12,65,12,0,12,77
10/02/2018,CLL,TX,ASW,CE,Federal Contract Tower,0,17,20,68,105,0,2,22,1,25,0,19,42,69,130,14,0,14,144
10/03/2018,CLL,TX,ASW,CE,Federal Contract Tower,0,18,36,53,107,0,6,35,6,47,0,24,71,59,154,30,40,70,224
10/04/2018,CLL,TX,ASW,CE,Federal Contract Tower,0,19,31,20,70,0,0,0,0,0,0,19,31,20,70,54,10,64,134
10/05/2018,CLL,TX,ASW,CE,Federal Contract Tower,3,23,62,35,123,0,2,64,8,74,3,25,126,43,197,38,0,38,235
10/06/2018,CLL,TX,ASW,CE,Federal Contract Tower,1,32,79,0,112,0,6,40,2,48,1,38,119,2,160,8,0,8,168
10/07/2018,CLL,TX,ASW,CE,Federal Contract Tower,2,23,49,0,74,0,0,35,0,35,2,23,84,0,109,22,0,22,131
10/08/2018,CLL,TX,ASW,CE,Federal Contract Tower,0,22,36,13,71,0,7,42,1,50,0,29,78,14,121,48,0,48,169
10/09/2018,CLL,TX,ASW,CE,Federal Contract Tower,0,12,20,0,32,0,0,5,0,5,0,12,25,0,37,0,0,0,37
10/10/2018,CLL,TX,ASW,CE,Federal Contract Tower,0,15,29,30,74,0,2,30,7,39,0,17,59,37,113,22,12,34,147
10/11/2018,CLL,TX,ASW,CE,Federal Contract Tower,2,16,28,40,86,0,4,82,25,111,2,20,110,65,197,56,18,74,271
10/12/2018,CLL,TX,ASW,CE,Federal Contract Tower,0,12,33,84,129,0,2,59,6,67,0,14,92,90,196,34,22,56,252
10/13/2018,CLL,TX,ASW,CE,Federal Contract Tower,0,8,16,7,31,0,0,34,1,35,0,8,50,8,66,38,0,38,104
10/14/2018,CLL,TX,ASW,CE,Federal Contract Tower,0,19,35,13,67,0,0,35,6,41,0,19,70,19,108,22,12,34,142
10/15/2018,CLL,TX,ASW,CE,Federal Contract Tower,0,17,8,1,26,0,0,0,0,0,0,17,8,1,26,0,0,0,26
10/16/2018,CLL,TX,ASW,CE,Federal Contract Tower,0,17,18,11,46,0,0,0,0,0,0,17,18,11,46,0,0,0,46
10/17/2018,CLL,TX,ASW,CE,Federal Contract Tower,0,15,26,22,63,0,0,1,0,1,0,15,27,22,64,0,0,0,64
10/18/2018,CLL,TX,ASW,CE,Federal Contract Tower,0,23,55,88,166,0,0,24,1,25,0,23,79,89,191,4,76,80,271
10/19/2018,CLL,TX,ASW,CE,Federal Contract Tower,0,13,40,62,115,0,0,17,4,21,0,13,57,66,136,32,28,60,196
10/20/2018,CLL,TX,ASW,CE,Federal Contract Tower,0,12,51,16,79,0,0,2,0,2,0,12,53,16,81,0,0,0,81
10/21/2018,CLL,TX,ASW,CE,Federal Contract Tower,0,17,28,14,59,0,1,70,9,80,0,18,98,23,139,32,36,68,207
10/22/2018,CLL,TX,ASW,CE,Federal Contract Tower,0,17,28,24,69,0,2,44,1,47,0,19,72,25,116,52,22,74,190
10/23/2018,CLL,TX,ASW,CE,Federal Contract Tower,0,20,37,62,119,0,1,36,6,43,0,21,73,68,162,8,20,28,190
10/24/2018,CLL,TX,ASW,CE,Federal Contract Tower,0,16,21,4,41,0,0,6,0,6,0,16,27,4,47,0,0,0,47
10/25/2018,CLL,TX,ASW,CE,Federal Contract Tower,2,17,46,44,109,0,11,16,1,28,2,28,62,45,137,36,20,56,193
10/26/2018,CLL,TX,ASW,CE,Federal Contract Tower,0,13,41,64,118,0,6,93,15,114,0,19,134,79,232,42,6,48,280
10/27/2018,CLL,TX,ASW,CE,Federal Contract Tower,0,10,23,24,57,0,4,57,3,64,0,14,80,27,121,32,0,32,153
10/28/2018,CLL,TX,ASW,CE,Federal Contract Tower,0,10,31,6,47,0,2,64,2,68,0,12,95,8,115,70,0,70,185
10/29/2018,CLL,TX,ASW,CE,Federal Contract Tower,0,20,30,28,78,0,0,26,0,26,0,20,56,28,104,28,14,42,146
10/30/2018,CLL,TX,ASW,CE,Federal Contract Tower,0,15,37,15,67,0,0,48,14,62,0,15,85,29,129,10,10,20,149
10/31/2018,CLL,TX,ASW,CE,Federal Contract Tower,0,10,13,0,23,0,3,4,0,7,0,13,17,0,30,0,0,0,30
11/01/2018,CLL,TX,ASW,CE,Federal Contract Tower,2,12,53,23,90,0,9,47,11,67,2,21,100,34,157,64,26,90,247
11/02/2018,CLL,TX,ASW,CE,Federal Contract Tower,6,16,47,46,115,0,5,88,7,100,6,21,135,53,215,20,32,52,267
11/03/2018,CLL,TX,ASW,CE,Federal Contract Tower,3,13,35,73,124,0,3,46,2,51,3,16,81,75,175,36,50,86,261
11/04/2018,CLL,TX,ASW,CE,Federal Contract Tower,2,18,26,36,82,0,3,52,7,62,2,21,78,43,144,10,20,30,174
11/05/2018,CLL,TX,ASW,CE,Federal Contract Tower,0,17,23,22,62,0,2,25,7,34,0,19,48,29,96,12,2,14,110
11/06/2018,CLL,TX,ASW,CE,Federal Contract Tower,0,15,20,50,85,0,0,47,7,54,0,15,67,57,139,65,16,81,220
11/07/2018,CLL,TX,ASW,CE,Federal Contract Tower,0,11,29,34,74,0,2,21,0,23,0,13,50,34,97,14,6,20,117
11/08/2018,CLL,TX,ASW,CE,Federal Contract Tower,0,25,24,2,51,0,0,0,0,0,0,25,24,2,51,0,0,0,51
11/09/2018,CLL,TX,ASW,CE,Federal Contract Tower,2,21,73,52,148,0,2,50,3,55,2,23,123,55,203,10,10,20,223
11/10/2018,CLL,TX,ASW,CE,Federal Contract Tower,4,16,73,0,93,0,2,64,1,67,4,18,137,1,160,2,20,22,182
11/11/2018,CLL,TX,ASW,CE,Federal Contract Tower,0,22,63,8,93,0,1,14,3,18,0,23,77,11,111,0,2,2,113
11/12/2018,CLL,TX,ASW,CE,Federal Contract Tower,0,8,18,5,31,0,2,0,0,2,0,10,18,5,33,0,0,0,33
11/13/2018,CLL,TX,ASW,CE,Federal Contract Tower,1,12,34,32,79,0,0,39,11,50,1,12,73,43,129,46,14,60,189
11/14/2018,CLL,TX,ASW,CE,Federal Contract Tower,3,15,43,21,82,0,0,51,6,57,3,15,94,27,139,70,10,80,219
11/15/2018,CLL,TX,ASW,CE,Federal Contract Tower,0,20,31,24,75,0,3,65,16,84,0,23,96,40,159,54,28,82,241
11/16/2018,CLL,TX,ASW,CE,Federal Contract Tower,1,18,30,31,80,0,0,76,16,92,1,18,106,47,172,16,26,42,214
11/17/2018,CLL,TX,ASW,CE,Federal Contract Tower,2,22,52,69,145,0,0,80,11,91,2,22,132,80,236,12,44,56,292
11/18/2018,CLL,TX,ASW,CE,Federal Contract Tower,0,15,35,3,53,0,0,2,0,2,0,15,37,3,55,0,0,0,55
11/19/2018,CLL,TX,ASW,CE,Federal Contract Tower,0,12,23,43,78,0,3,23,2,28,0,15,46,45,106,22,6,28,134
11/20/2018,CLL,TX,ASW,CE,Federal Contract Tower,0,20,46,61,127,0,0,107,6,113,0,20,153,67,240,40,4,44,284
11/21/2018,CLL,TX,ASW,CE,Federal Contract Tower,2,16,29,8,55,0,1,44,1,46,2,17,73,9,101,34,10,44,145
11/22/2018,CLL,TX,ASW,CE,Federal Contract Tower,0,7,4,0,11,0,0,7,0,7,0,7,11,0,18,0,0,0,18
11/23/2018,CLL,TX,ASW,CE,Federal Contract Tower,2,7,33,6,48,0,5,18,0,23,2,12,51,6,71,14,0,14,85
11/24/2018,CLL,TX,ASW,CE,Federal Contract Tower,1,21,84,0,106,0,9,76,1,86,1,30,160,1,192,12,0,12,204
11/25/2018,CLL,TX,ASW,CE,Federal Contract Tower,0,21,41,15,77,0,4,41,0,45,0,25,82,15,122,16,0,16,138
11/26/2018,CLL,TX,ASW,CE,Federal Contract Tower,0,12,35,31,78,0,3,50,6,59,0,15,85,37,137,70,16,86,223
11/27/2018,CLL,TX,ASW,CE,Federal Contract Tower,0,21,28,29,78,0,0,50,6,56,0,21,78,35,134,84,6,90,224
11/28/2018,CLL,TX,ASW,CE,Federal Contract Tower,0,19,24,42,85,0,2,35,11,48,0,21,59,53,133,18,48,66,199
11/29/2018,CLL,TX,ASW,CE,Federal Contract Tower,0,15,41,31,87,0,1,1,2,4,0,16,42,33,91,0,0,0,91
11/30/2018,CLL,TX,ASW,CE,Federal Contract Tower,0,17,42,63,122,0,2,20,5,27,0,19,62,68,149,32,24,56,205
12/01/2018,CLL,TX,ASW,CE,Federal Contract Tower,0,14,15,35,64,0,1,49,4,54,0,15,64,39,118,32,22,54,172
12/02/2018,CLL,TX,ASW,CE,Federal Contract Tower,0,21,14,2,37,0,3,53,5,61,0,24,67,7,98,6,12,18,116
12/03/2018,CLL,TX,ASW,CE,Federal Contract Tower,0,16,21,13,50,0,9,51,7,67,0,25,72,20,117,22,6,28,145
12/04/2018,CLL,TX,ASW,CE,Federal Contract Tower,0,14,21,25,60,0,2,44,5,51,0,16,65,30,111,10,0,10,121
12/05/2018,CLL,TX,ASW,CE,Federal Contract Tower,0,21,20,8,49,0,6,31,0,37,0,27,51,8,86,14,0,14,100
12/06/2018,CLL,TX,ASW,CE,Federal Contract Tower,2,28,29,36,95,0,3,12,0,15,2,31,41,36,110,0,10,10,120
12/07/2018,CLL,TX,ASW,CE,Federal Contract Tower,0,9,3,0,12,0,0,0,0,0,0,9,3,0,12,0,0,0,12
12/08/2018,CLL,TX,ASW,CE,Federal Contract Tower,0,12,20,4,36,0,0,0,0,0,0,12,20,4,36,0,0,0,36
12/09/2018,CLL,TX,ASW,CE,Federal Contract Tower,0,12,22,5,39,0,5,4,0,9,0,17,26,5,48,0,0,0,48
12/10/2018,CLL,TX,ASW,CE,Federal Contract Tower,0,17,34,43,94,0,8,53,12,73,0,25,87,55,167,10,30,40,207
12/11/2018,CLL,TX,ASW,CE,Federal Contract Tower,0,15,23,63,101,0,1,54,14,69,0,16,77,77,170,18,74,92,262
12/12/2018,CLL,TX,ASW,CE,Federal Contract Tower,0,14,31,39,84,0,0,21,8,29,0,14,52,47,113,40,4,44,157
12/13/2018,CLL,TX,ASW,CE,Federal Contract Tower,0,21,27,9,57,0,1,24,8,33,0,22,51,17,90,12,0,12,102
12/14/2018,CLL,TX,ASW,CE,Federal Contract Tower,2,16,30,54,102,0,0,4,0,4,2,16,34,54,106,6,0,6,112
12/15/2018,CLL,TX,ASW,CE,Federal Contract Tower,0,17,27,49,93,0,2,72,6,80,0,19,99,55,173,12,6,18,191
12/16/2018,CLL,TX,ASW,CE,Federal Contract Tower,0,10,9,25,44,0,0,56,5,61,0,10,65,30,105,58,14,72,177
12/17/2018,CLL,TX,ASW,CE,Federal Contract Tower,0,16,19,47,82,0,1,47,7,55,0,17,66,54,137,72,70,142,279
12/18/2018,CLL,TX,ASW,CE,Federal Contract Tower,0,17,20,12,49,0,2,11,2,15,0,19,31,14,64,20,4,24,88
12/19/2018,CLL,TX,ASW,CE,Federal Contract Tower,0,12,20,10,42,0,2,7,1,10,0,14,27,11,52,30,10,40,92
12/20/2018,CLL,TX,ASW,CE,Federal Contract Tower,0,8,27,45,80,0,5,27,7,39,0,13,54,52,119,8,36,44,163
12/21/2018,CLL,TX,ASW,CE,Federal Contract Tower,0,13,42,4,59,0,3,51,0,54,0,16,93,4,113,36,0,36,149
12/22/2018,CLL,TX,ASW,CE,Federal Contract Tower,0,11,10,0,21,0,0,45,0,45,0,11,55,0,66,24,0,24,90
12/23/2018,CLL,TX,ASW,CE,Federal Contract Tower,0,4,7,0,11,0,0,41,0,41,0,4,48,0,52,26,0,26,78
12/24/2018,CLL,TX,ASW,CE,Federal Contract Tower,0,4,9,0,13,0,0,4,0,4,0,4,13,0,17,6,0,6,23
12/25/2018,CLL,TX,ASW,CE,Federal Contract Tower,3,8,2,0,13,0,0,0,0,0,3,8,2,0,13,0,0,0,13
12/26/2018,CLL,TX,ASW,CE,Federal Contract Tower,0,6,3,0,9,0,0,1,2,3,0,6,4,2,12,0,0,0,12
12/27/2018,CLL,TX,ASW,CE,Federal Contract Tower,0,12,19,2,33,0,3,30,3,36,0,15,49,5,69,0,0,0,69
12/28/2018,CLL,TX,ASW,CE,Federal Contract Tower,0,12,21,0,33,0,3,75,3,81,0,15,96,3,114,6,10,16,130
12/29/2018,CLL,TX,ASW,CE,Federal Contract Tower,0,8,4,0,12,0,0,13,0,13,0,8,17,0,25,2,6,8,33
12/30/2018,CLL,TX,ASW,CE,Federal Contract Tower,4,12,11,0,27,0,0,3,0,3,4,12,14,0,30,6,0,6,36
12/31/2018,CLL,TX,ASW,CE,Federal Contract Tower,0,7,15,0,22,0,2,19,0,21,0,9,34,0,43,32,0,32,75
01/01/2019,CLL,TX,ASW,CE,Federal Contract Tower,7,11,10,0,28,0,2,2,0,4,7,13,12,0,32,0,0,0,32
01/02/2019,CLL,TX,ASW,CE,Federal Contract Tower,1,11,9,0,21,0,0,0,0,0,1,11,9,0,21,0,0,0,21
01/03/2019,CLL,TX,ASW,CE,Federal Contract Tower,0,16,17,6,39,0,1,9,0,10,0,17,26,6,49,0,0,0,49
01/04/2019,CLL,TX,ASW,CE,Federal Contract Tower,0,13,36,6,55,0,2,54,2,58,0,15,90,8,113,0,12,12,125
01/05/2019,CLL,TX,ASW,CE,Federal Contract Tower,0,17,21,81,119,0,2,67,13,82,0,19,88,94,201,11,40,51,252
01/06/2019,CLL,TX,ASW,CE,Federal Contract Tower,0,8,9,8,25,0,3,37,0,40,0,11,46,8,65,44,0,44,109
01/07/2019,CLL,TX,ASW,CE,Federal Contract Tower,2,9,34,36,81,0,2,24,7,33,2,11,58,43,114,40,20,60,174
01/08/2019,CLL,TX,ASW,CE,Federal Contract Tower,0,8,17,59,84,0,6,33,4,43,0,14,50,63,127,2,22,24,151
01/09/2019,CLL,TX,ASW,CE,Federal Contract Tower,0,12,43,72,127,0,3,56,13,72,0,15,99,85,199,28,38,66,265
01/10/2019,CLL,TX,ASW,CE,Federal Contract Tower,0,7,20,52,79,0,0,65,8,73,0,7,85,60,152,32,36,68,220
01/11/2019,CLL,TX,ASW,CE,Federal Contract Tower,2,12,41,78,133,0,12,40,8,60,2,24,81,86,193,30,58,88,281
01/12/2019,CLL,TX,ASW,CE,Federal Contract Tower,2,11,14,66,93,0,3,35,28,66,2,14,49,94,159,14,42,56,215
01/13/2019,CLL,TX,ASW,CE,Federal Contract Tower,0,8,7,13,28,0,0,30,3,33,0,8,37,16,61,22,14,36,97
01/14/2019,CLL,TX,ASW,CE,Federal Contract Tower,0,11,39,64,114,0,6,36,4,46,0,17,75,68,160,22,10,32,192
01/15/2019,CLL,TX,ASW,CE,Federal Contract Tower,0,13,33,24,70,0,4,26,3,33,0,17,59,27,103,48,0,48,151
01/16/2019,CLL,TX,ASW,CE,Federal Contract Tower,0,14,43,9,66,0,1,0,0,1,0,15,43,9,67,0,0,0,67
01/17/2019,CLL,TX,ASW,CE,Federal Contract Tower,0,15,50,19,84,0,6,65,4,75,0,21,115,23,159,20,28,48,207
01/18/2019,CLL,TX,ASW,CE,Federal Contract Tower,2,11,12,8,33,0,0,0,0,0,2,11,12,8,33,0,0,0,33
01/19/2019,CLL,TX,ASW,CE,Federal Contract Tower,2,9,6,4,21,0,3,7,0,10,2,12,13,4,31,0,10,10,41
01/20/2019,CLL,TX,ASW,CE,Federal Contract Tower,0,9,31,21,61,0,4,69,2,75,0,13,100,23,136,40,16,56,192
01/21/2019,CLL,TX,ASW,CE,Federal Contract Tower,2,17,26,3,48,0,0,48,2,50,2,17,74,5,98,24,2,26,124
01/22/2019,CLL,TX,ASW,CE,Federal Contract Tower,0,10,24,34,68,0,2,22,4,28,0,12,46,38,96,32,12,44,140
01/23/2019,CLL,TX,ASW,CE,Federal Contract Tower,0,13,33,63,109,0,6,44,4,54,0,19,77,67,163,40,36,76,239
01/24/2019,CLL,TX,ASW,CE,Federal Contract Tower,0,11,35,38,84,0,0,68,14,82,0,11,103,52,166,60,20,80,246
01/25/2019,CLL,TX,ASW,CE,Federal Contract Tower,0,11,31,49,91,0,0,70,13,83,0,11,101,62,174,62,62,124,298
01/26/2019,CLL,TX,ASW,CE,Federal Contract Tower,1,9,17,20,47,0,10,70,0,80,1,19,87,20,127,64,6,70,197
01/27/2019,CLL,TX,ASW,CE,Federal Contract Tower,1,13,19,11,44,0,0,31,0,31,1,13,50,11,75,46,0,46,121
01/28/2019,CLL,TX,ASW,CE,Federal Contract Tower,0,15,24,11,50,0,0,42,2,44,0,15,66,13,94,34,2,36,130
01/29/2019,CLL,TX,ASW,CE,Federal Contract Tower,2,11,23,44,80,0,0,66,3,69,2,11,89,47,149,28,8,36,185
01/30/2019,CLL,TX,ASW,CE,Federal Contract Tower,0,19,41,50,110,0,2,65,25,92,0,21,106,75,202,116,42,158,360
01/31/2019,CLL,TX,ASW,CE,Federal Contract Tower,0,16,40,34,90,0,2,27,4,33,0,18,67,38,123,38,40,78,201
02/01/2019,CLL,TX,ASW,CE,Federal Contract Tower,2,14,44,22,82,0,0,12,0,12,2,14,56,22,94,0,0,0,94
02/02/2019,CLL,TX,ASW,CE,Federal Contract Tower,1,11,32,22,66,0,0,0,0,0,1,11,32,22,66,0,0,0,66
02/03/2019,CLL,TX,ASW,CE,Federal Contract Tower,0,14,16,2,32,0,0,3,0,3,0,14,19,2,35,2,0,2,37
02/04/2019,CLL,TX,ASW,CE,Federal Contract Tower,0,15,18,12,45,0,0,33,2,35,0,15,51,14,80,72,0,72,152
02/05/2019,CLL,TX,ASW,CE,Federal Contract Tower,2,8,36,30,76,0,1,15,0,16,2,9,51,30,92,14,0,14,106
02/06/2019,CLL,TX,ASW,CE,Federal Contract Tower,0,17,43,39,99,0,0,13,2,15,0,17,56,41,114,4,48,52,166
02/07/2019,CLL,TX,ASW,CE,Federal Contract Tower,0,13,35,29,77,0,5,25,8,38,0,18,60,37,115,8,34,42,157
02/08/2019,CLL,TX,ASW,CE,Federal Contract Tower,1,10,20,17,48,0,2,23,2,27,1,12,43,19,75,78,0,78,153
02/09/2019,CLL,TX,ASW,CE,Federal Contract Tower,0,8,7,6,21,0,1,15,3,19,0,9,22,9,40,32,0,32,72
02/10/2019,CLL,TX,ASW,CE,Federal Contract Tower,0,11,27,2,40,0,0,0,0,0,0,11,27,2,40,0,0,0,40
02/11/2019,CLL,TX,ASW,CE,Federal Contract Tower,2,13,14,11,40,0,0,6,0,6,2,13,20,11,46,6,0,6,52
02/12/2019,CLL,TX,ASW,CE,Federal Contract Tower,1,14,31,49,95,0,2,122,5,129,1,16,153,54,224,18,2,20,244
02/13/2019,CLL,TX,ASW,CE,Federal Contract Tower,0,14,46,32,92,0,3,71,7,81,0,17,117,39,173,92,60,152,325
02/14/2019,CLL,TX,ASW,CE,Federal Contract Tower,0,13,15,23,51,0,2,45,16,63,0,15,60,39,114,24,40,64,178
02/15/2019,CLL,TX,ASW,CE,Federal Contract Tower,2,18,39,74,133,0,2,47,3,52,2,20,86,77,185,0,16,16,201
02/16/2019,CLL,TX,ASW,CE,Federal Contract Tower,4,10,31,14,59,0,0,0,0,0,4,10,31,14,59,0,0,0,59
02/17/2019,CLL,TX,ASW,CE,Federal Contract Tower,2,17,30,15,64,0,3,58,3,64,2,20,88,18,128,26,6,32,160
02/18/2019,CLL,TX,ASW,CE,Federal Contract Tower,0,15,39,16,70,0,2,44,1,47,0,17,83,17,117,16,8,24,141
02/19/2019,CLL,TX,ASW,CE,Federal Contract Tower,0,13,15,26,54,0,0,0,0,0,0,13,15,26,54,0,0,0,54
02/20/2019,CLL,TX,ASW,CE,Federal Contract Tower,0,11,40,88,139,0,9,59,14,82,0,20,99,102,221,42,50,92,313
02/21/2019,CLL,TX,ASW,CE,Federal Contract Tower,0,12,28,28,68,0,0,15,1,16,0,12,43,29,84,42,34,76,160
02/22/2019,CLL,TX,ASW,CE,Federal Contract Tower,2,14,34,28,78,0,0,0,0,0,2,14,34,28,78,0,0,0,78
02/23/2019,CLL,TX,ASW,CE,Federal Contract Tower,0,8,22,96,126,0,2,30,6,38,0,10,52,102,164,26,44,70,234
02/24/2019,CLL,TX,ASW,CE,Federal Contract Tower,1,14,18,28,61,0,7,100,9,116,1,21,118,37,177,70,0,70,247
02/25/2019,CLL,TX,ASW,CE,Federal Contract Tower,1,15,27,43,86,0,0,48,12,60,1,15,75,55,146,74,28,102,248
02/26/2019,CLL,TX,ASW,CE,Federal Contract Tower,0,12,26,4,42,0,0,0,0,0,0,12,26,4,42,0,0,0,42
02/27/2019,CLL,TX,ASW,CE,Federal Contract Tower,0,21,22,3,46,0,0,2,0,2,0,21,24,3,48,0,0,0,48
02/28/2019,CLL,TX,ASW,CE,Federal Contract Tower,0,8,20,4,32,0,0,0,0,0,0,8,20,4,32,0,0,0,32
03/01/2019,CLL,TX,ASW,CE,Federal Contract Tower,1,16,55,4,76,0,0,4,0,4,1,16,59,4,80,0,0,0,80
03/02/2019,CLL,TX,ASW,CE,Federal Contract Tower,1,7,17,0,25,0,0,0,0,0,1,7,17,0,25,0,0,0,25
03/03/2019,CLL,TX,ASW,CE,Federal Contract Tower,0,9,40,22,71,0,2,5,0,7,0,11,45,22,78,0,0,0,78
03/04/2019,CLL,TX,ASW,CE,Federal Contract Tower,0,14,19,16,49,0,10,29,0,39,0,24,48,16,88,128,18,146,234
03/05/2019,CLL,TX,ASW,CE,Federal Contract Tower,0,15,33,59,107,0,0,70,18,88,0,15,103,77,195,76,42,118,313
03/06/2019,CLL,TX,ASW,CE,Federal Contract Tower,0,23,40,34,97,0,3,58,8,69,0,26,98,42,166,74,12,86,252
03/07/2019,CLL,TX,ASW,CE,Federal Contract Tower,0,19,42,19,80,0,3,9,0,12,0,22,51,19,92,10,10,20,112
03/08/2019,CLL,TX,ASW,CE,Federal Contract Tower,2,17,42,28,89,0,0,13,4,17,2,17,55,32,106,18,2,20,126
03/09/2019,CLL,TX,ASW,CE,Federal Contract Tower,1,12,19,45,77,0,4,27,2,33,1,16,46,47,110,18,0,18,128
03/11/2019,CLL,TX,ASW,CE,Federal Contract Tower,0,10,13,56,79,0,2,2,0,4,0,12,15,56,83,0,0,0,83
03/12/2019,CLL,TX,ASW,CE,Federal Contract Tower,1,19,24,19,63,0,0,5,1,6,1,19,29,20,69,0,2,2,71
03/13/2019,CLL,TX,ASW,CE,Federal Contract Tower,0,18,17,39,74,0,2,2,2,6,0,20,19,41,80,0,12,12,92
03/14/2019,CLL,TX,ASW,CE,Federal Contract Tower,0,21,33,86,140,0,2,55,9,66,0,23,88,95,206,24,26,50,256
03/15/2019,CLL,TX,ASW,CE,Federal Contract Tower,2,12,16,55,85,0,2,67,11,80,2,14,83,66,165,54,44,98,263
03/16/2019,CLL,TX,ASW,CE,Federal Contract Tower,0,11,31,30,72,0,0,62,8,70,0,11,93,38,142,84,28,112,254
03/17/2019,CLL,TX,ASW,CE,Federal Contract Tower,2,18,15,8,43,0,1,63,1,65,2,19,78,9,108,96,8,104,212
03/18/2019,CLL,TX,ASW,CE,Federal Contract Tower,0,13,38,43,94,0,5,48,7,60,0,18,86,50,154,52,42,94,248
03/19/2019,CLL,TX,ASW,CE,Federal Contract Tower,0,16,25,39,80,0,2,40,12,54,0,18,65,51,134,52,16,68,202
03/20/2019,CLL,TX,ASW,CE,Federal Contract Tower,3,11,41,47,102,0,4,46,8,58,3,15,87,55,160,152,20,172,332
03/21/2019,CLL,TX,ASW,CE,Federal Contract Tower,0,10,31,80,121,0,2,57,11,70,0,12,88,91,191,106,30,136,327
03/22/2019,CLL,TX,ASW,CE,Federal Contract Tower,0,12,21,79,112,0,0,62,10,72,0,12,83,89,184,94,20,114,298
03/24/2019,CLL,TX,ASW,CE,Federal Contract Tower,2,10,40,11,63,0,0,31,5,36,2,10,71,16,99,42,4,46,145
03/25/2019,CLL,TX,ASW,CE,Federal Contract Tower,0,14,24,39,77,0,6,34,2,42,0,20,58,41,119,24,6,30,149
03/26/2019,CLL,TX,ASW,CE,Federal Contract Tower,0,14,39,21,74,0,0,62,7,69,0,14,101,28,143,124,32,156,299
03/27/2019,CLL,TX,ASW,CE,Federal Contract Tower,1,12,41,41,95,0,2,44,14,60,1,14,85,55,155,60,4,64,219
03/28/2019,CLL,TX,ASW,CE,Federal Contract Tower,1,16,35,66,118,0,0,60,12,72,1,16,95,78,190,66,50,116,306
03/29/2019,CLL,TX,ASW,CE,Federal Contract Tower,0,14,21,14,49,0,2,44,10,56,0,16,65,24,105,52,10,62,167
03/30/2019,CLL,TX,ASW,CE,Federal Contract Tower,0,11,17,19,47,0,2,13,0,15,0,13,30,19,62,74,0,74,136
03/31/2019,CLL,TX,ASW,CE,Federal Contract Tower,2,11,26,10,49,0,7,55,7,69,2,18,81,17,118,78,14,92,210
04/01/2019,CLL,TX,ASW,CE,Federal Contract Tower,0,17,19,61,97,0,4,50,11,65,0,21,69,72,162,92,12,104,266
04/02/2019,CLL,TX,ASW,CE,Federal Contract Tower,0,14,31,35,80,0,4,78,13,95,0,18,109,48,175,54,24,78,253
04/03/2019,CLL,TX,ASW,CE,Federal Contract Tower,0,20,22,112,154,0,0,35,5,40,0,20,57,117,194,30,98,128,322
04/04/2019,CLL,TX,ASW,CE,Federal Contract Tower,0,22,49,27,98,0,2,22,9,33,0,24,71,36,131,8,40,48,179
04/05/2019,CLL,TX,ASW,CE,Federal Contract Tower,2,21,34,7,64,0,48,10,1,59,2,69,44,8,123,0,0,0,123
04/06/2019,CLL,TX,ASW,CE,Federal Contract Tower,0,5,13,0,18,0,0,0,0,0,0,5,13,0,18,0,0,0,18
04/07/2019,CLL,TX,ASW,CE,Federal Contract Tower,0,12,6,0,18,0,1,8,0,9,0,13,14,0,27,0,0,0,27
04/08/2019,CLL,TX,ASW,CE,Federal Contract Tower,0,19,34,81,134,0,2,48,15,65,0,21,82,96,199,46,32,78,277
04/09/2019,CLL,TX,ASW,CE,Federal Contract Tower,0,19,21,43,83,0,6,57,17,80,0,25,78,60,163,40,66,106,269
04/10/2019,CLL,TX,ASW,CE,Federal Contract Tower,0,14,55,94,163,0,0,38,5,43,0,14,93,99,206,46,10,56,262
04/11/2019,CLL,TX,ASW,CE,Federal Contract Tower,0,18,44,60,122,0,0,61,14,75,0,18,105,74,197,94,88,182,379
04/12/2019,CLL,TX,ASW,CE,Federal Contract Tower,0,19,53,67,139,0,2,63,14,79,0,21,116,81,218,28,28,56,274
04/13/2019,CLL,TX,ASW,CE,Federal Contract Tower,0,4,9,4,17,0,5,6,0,11,0,9,15,4,28,0,4,4,32
04/14/2019,CLL,TX,ASW,CE,Federal Contract Tower,0,16,30,10,56,0,7,75,3,85,0,23,105,13,141,46,6,52,193
04/15/2019,CLL,TX,ASW,CE,Federal Contract Tower,0,14,16,91,121,0,2,44,12,58,0,16,60,103,179,70,28,98,277
04/16/2019,CLL,TX,ASW,CE,Federal Contract Tower,0,17,41,53,111,0,0,41,16,57,0,17,82,69,168,64,48,112,280
04/17/2019,CLL,TX,ASW,CE,Federal Contract Tower,0,25,34,21,80,0,0,0,0,0,0,25,34,21,80,0,0,0,80
04/18/2019,CLL,TX,ASW,CE,Federal Contract Tower,0,21,44,62,127,0,4,29,14,47,0,25,73,76,174,26,82,108,282
04/19/2019,CLL,TX,ASW,CE,Federal Contract Tower,0,16,29,66,111,0,7,52,7,66,0,23,81,73,177,16,36,52,229
04/20/2019,CLL,TX,ASW,CE,Federal Contract Tower,0,6,17,29,52,0,8,68,1,77,0,14,85,30,129,50,16,66,195
04/21/2019,CLL,TX,ASW,CE,Federal Contract Tower,0,16,15,16,47,0,3,49,3,55,0,19,64,19,102,68,0,68,170
04/22/2019,CLL,TX,ASW,CE,Federal Contract Tower,0,19,36,34,89,0,0,25,6,31,0,19,61,40,120,20,8,28,148
04/23/2019,CLL,TX,ASW,CE,Federal Contract Tower,0,18,40,36,94,0,4,15,4,23,0,22,55,40,117,16,6,22,139
04/24/2019,CLL,TX,ASW,CE,Federal Contract Tower,0,19,6,3,28,0,0,0,2,2,0,19,6,5,30,0,0,0,30
04/25/2019,CLL,TX,ASW,CE,Federal Contract Tower,0,17,72,70,159,0,2,57,12,71,0,19,129,82,230,28,62,90,320
04/26/2019,CLL,TX,ASW,CE,Federal Contract Tower,0,11,28,65,104,0,0,73,18,91,0,11,101,83,195,56,44,100,295
04/27/2019,CLL,TX,ASW,CE,Federal Contract Tower,0,9,16,36,61,0,5,97,18,120,0,14,113,54,181,20,42,62,243
04/28/2019,CLL,TX,ASW,CE,Federal Contract Tower,0,10,22,62,94,0,2,46,6,54,0,12,68,68,148,54,14,68,216
04/29/2019,CLL,TX,ASW,CE,Federal Contract Tower,0,12,22,42,76,0,1,20,9,30,0,13,42,51,106,16,0,16,122
04/30/2019,CLL,TX,ASW,CE,Federal Contract Tower,0,11,34,43,88,0,3,23,4,30,0,14,57,47,118,16,0,16,134
05/01/2019,CLL,TX,ASW,CE,Federal Contract Tower,0,20,33,30,83,0,2,19,9,30,0,22,52,39,113,22,72,94,207
05/02/2019,CLL,TX,ASW,CE,Federal Contract Tower,0,15,25,41,81,0,7,25,0,32,0,22,50,41,113,50,2,52,165
05/03/2019,CLL,TX,ASW,CE,Federal Contract Tower,0,24,13,0,37,0,2,14,0,16,0,26,27,0,53,0,0,0,53
05/04/2019,CLL,TX,ASW,CE,Federal Contract Tower,0,9,34,41,84,0,2,44,12,58,0,11,78,53,142,40,32,72,214
05/05/2019,CLL,TX,ASW,CE,Federal Contract Tower,0,25,24,48,97,0,4,90,14,108,0,29,114,62,205,84,24,108,313
05/06/2019,CLL,TX,ASW,CE,Federal Contract Tower,0,20,23,40,83,0,2,27,5,34,0,22,50,45,117,34,18,52,169
05/07/2019,CLL,TX,ASW,CE,Federal Contract Tower,0,17,17,29,63,0,0,5,0,5,0,17,22,29,68,20,28,48,116
05/08/2019,CLL,TX,ASW,CE,Federal Contract Tower,0,14,22,0,36,0,3,5,0,8,0,17,27,0,44,2,0,2,46
05/09/2019,CLL,TX,ASW,CE,Federal Contract Tower,0,16,33,26,75,0,0,13,0,13,0,16,46,26,88,14,0,14,102
05/10/2019,CLL,TX,ASW,CE,Federal Contract Tower,0,21,26,55,102,0,4,9,0,13,0,25,35,55,115,10,0,10,125
05/11/2019,CLL,TX,ASW,CE,Federal Contract Tower,0,9,16,2,27,0,0,0,0,0,0,9,16,2,27,0,0,0,27
05/12/2019,CLL,TX,ASW,CE,Federal Contract Tower,0,11,24,27,62,0,0,49,1,50,0,11,73,28,112,34,0,34,146
05/13/2019,CLL,TX,ASW,CE,Federal Contract Tower,0,14,23,50,87,0,0,66,17,83,0,14,89,67,170,28,62,90,260
05/14/2019,CLL,TX,ASW,CE,Federal Contract Tower,0,16,36,62,114,0,0,70,11,81,0,16,106,73,195,88,32,120,315
05/15/2019,CLL,TX,ASW,CE,Federal Contract Tower,0,16,21,49,86,0,6,62,7,75,0,22,83,56,161,62,38,100,261
05/16/2019,CLL,TX,ASW,CE,Federal Contract Tower,0,17,34,39,90,0,2,55,10,67,0,19,89,49,157,146,28,174,331
05/17/2019,CLL,TX,ASW,CE,Federal Contract Tower,0,14,24,83,121,0,0,31,3,34,0,14,55,86,155,2,6,8,163
05/18/2019,CLL,TX,ASW,CE,Federal Contract Tower,0,7,8,0,15,0,3,1,0,4,0,10,9,0,19,6,0,6,25
05/19/2019,CLL,TX,ASW,CE,Federal Contract Tower,0,11,14,49,74,0,0,30,1,31,0,11,44,50,105,12,0,12,117
05/20/2019,CLL,TX,ASW,CE,Federal Contract Tower,0,16,29,77,122,0,0,28,23,51,0,16,57,100,173,16,50,66,239
05/21/2019,CLL,TX,ASW,CE,Federal Contract Tower,0,14,12,18,44,0,2,9,4,15,0,16,21,22,59,6,8,14,73
05/22/2019,CLL,TX,ASW,CE,Federal Contract Tower,0,20,36,81,137,0,0,40,2,42,0,20,76,83,179,14,4,18,197
05/23/2019,CLL,TX,ASW,CE,Federal Contract Tower,0,19,48,18,85,0,2,36,7,45,0,21,84,25,130,16,8,24,154
05/24/2019,CLL,TX,ASW,CE,Federal Contract Tower,0,17,31,27,75,0,2,46,15,63,0,19,77,42,138,26,24,50,188
05/25/2019,CLL,TX,ASW,CE,Federal Contract Tower,0,12,27,34,73,0,4,33,7,44,0,16,60,41,117,18,0,18,135
05/26/2019,CLL,TX,ASW,CE,Federal Contract Tower,0,12,22,18,52,0,3,39,1,43,0,15,61,19,95,34,2,36,131
05/27/2019,CLL,TX,ASW,CE,Federal Contract Tower,0,15,14,31,60,0,8,34,2,44,0,23,48,33,104,54,0,54,158
05/28/2019,CLL,TX,ASW,CE,Federal Contract Tower,0,15,29,59,103,0,2,30,8,40,0,17,59,67,143,8,42,50,193
05/29/2019,CLL,TX,ASW,CE,Federal Contract Tower,2,13,46,84,145,0,4,41,2,47,2,17,87,86,192,36,2,38,230
05/30/2019,CLL,TX,ASW,CE,Federal Contract Tower,0,17,26,19,62,0,7,28,3,38,0,24,54,22,100,32,0,32,132
05/31/2019,CLL,TX,ASW,CE,Federal Contract Tower,0,11,18,33,62,0,0,28,0,28,0,11,46,33,90,12,2,14,104
06/01/2019,CLL,TX,ASW,CE,Federal Contract Tower,0,12,34,20,66,0,0,40,7,47,0,12,74,27,113,16,18,34,147
06/02/2019,CLL,TX,ASW,CE,Federal Contract Tower,0,9,9,21,39,0,6,38,3,47,0,15,47,24,86,8,0,8,94
06/03/2019,CLL,TX,ASW,CE,Federal Contract Tower,0,13,26,23,62,0,1,36,8,45,0,14,62,31,107,10,16,26,133
06/04/2019,CLL,TX,ASW,CE,Federal Contract Tower,0,14,27,11,52,0,0,29,4,33,0,14,56,15,85,12,0,12,97
06/05/2019,CLL,TX,ASW,CE,Federal Contract Tower,0,16,15,23,54,0,4,5,2,11,0,20,20,25,65,0,0,0,65
06/06/2019,CLL,TX,ASW,CE,Federal Contract Tower,0,9,23,6,38,0,0,34,1,35,0,9,57,7,73,18,0,18,91
06/07/2019,CLL,TX,ASW,CE,Federal Contract Tower,0,11,13,69,93,0,0,46,7,53,0,11,59,76,146,6,32,38,184
06/08/2019,CLL,TX,ASW,CE,Federal Contract Tower,0,10,9,24,43,0,4,39,12,55,0,14,48,36,98,14,12,26,124
06/09/2019,CLL,TX,ASW,CE,Federal Contract Tower,0,7,14,13,34,0,4,29,5,38,0,11,43,18,72,32,0,32,104
06/10/2019,CLL,TX,ASW,CE,Federal Contract Tower,0,13,19,36,68,0,0,47,5,52,0,13,66,41,120,36,2,38,158
06/11/2019,CLL,TX,ASW,CE,Federal Contract Tower,0,14,22,10,46,0,2,51,2,55,0,16,73,12,101,78,8,86,187
06/12/2019,CLL,TX,ASW,CE,Federal Contract Tower,0,11,33,40,84,0,0,53,11,64,0,11,86,51,148,28,18,46,194
06/13/2019,CLL,TX,ASW,CE,Federal Contract Tower,0,11,36,26,73,0,6,68,9,83,0,17,104,35,156,52,18,70,226
06/14/2019,CLL,TX,ASW,CE,Federal Contract Tower,0,16,20,12,48,0,5,55,9,69,0,21,75,21,117,54,14,68,185
06/15/2019,CLL,TX,ASW,CE,Federal Contract Tower,0,8,22,50,80,0,2,46,5,53,0,10,68,55,133,6,20,26,159
06/16/2019,CLL,TX,ASW,CE,Federal Contract Tower,0,4,9,0,13,0,1,10,0,11,0,5,19,0,24,0,0,0,24
06/17/2019,CLL,TX,ASW,CE,Federal Contract Tower,0,15,29,22,66,0,3,39,5,47,0,18,68,27,113,38,10,48,161
06/18/2019,CLL,TX,ASW,CE,Federal Contract Tower,0,9,26,21,56,0,5,35,5,45,0,14,61,26,101,46,8,54,155
06/19/2019,CLL,TX,ASW,CE,Federal Contract Tower,0,18,70,21,109,0,6,35,1,42,0,24,105,22,151,22,6,28,179
06/20/2019,CLL,TX,ASW,CE,Federal Contract Tower,0,13,25,38,76,0,1,43,1,45,0,14,68,39,121,6,22,28,149
06/21/2019,CLL,TX,ASW,CE,Federal Contract Tower,0,14,39,68,121,0,0,23,10,33,0,14,62,78,154,8,6,14,168
06/22/2019,CLL,TX,ASW,CE,Federal Contract Tower,0,9,21,37,67,0,0,12,6,18,0,9,33,43,85,18,4,22,107
06/23/2019,CLL,TX,ASW,CE,Federal Contract Tower,0,8,23,12,43,0,4,21,1,26,0,12,44,13,69,10,0,10,79
06/24/2019,CLL,TX,ASW,CE,Federal Contract Tower,0,11,22,4,37,0,6,3,2,11,0,17,25,6,48,0,0,0,48
06/25/2019,CLL,TX,ASW,CE,Federal Contract Tower,0,13,18,23,54,0,4,31,4,39,0,17,49,27,93,16,4,20,113
06/26/2019,CLL,TX,ASW,CE,Federal Contract Tower,0,13,32,23,68,0,10,20,4,34,0,23,52,27,102,16,38,54,156
06/27/2019,CLL,TX,ASW,CE,Federal Contract Tower,0,13,21,24,58,0,2,9,2,13,0,15,30,26,71,0,0,0,71
06/28/2019,CLL,TX,ASW,CE,Federal Contract Tower,0,19,35,46,100,0,2,30,3,35,0,21,65,49,135,32,8,40,175
06/29/2019,CLL,TX,ASW,CE,Federal Contract Tower,0,11,10,1,22,0,8,22,1,31,0,19,32,2,53,26,6,32,85
06/30/2019,CLL,TX,ASW,CE,Federal Contract Tower,0,15,19,1,35,0,3,29,1,33,0,18,48,2,68,16,0,16,84
07/01/2019,CLL,TX,ASW,CE,Federal Contract Tower,0,14,19,9,42,0,6,16,0,22,0,20,35,9,64,0,0,0,64
07/02/2019,CLL,TX,ASW,CE,Federal Contract Tower,0,12,34,8,54,0,1,28,0,29,0,13,62,8,83,8,0,8,91
07/03/2019,CLL,TX,ASW,CE,Federal Contract Tower,0,12,15,2,29,0,4,9,0,13,0,16,24,2,42,24,0,24,66
07/04/2019,CLL,TX,ASW,CE,Federal Contract Tower,0,4,5,0,9,0,0,17,0,17,0,4,22,0,26,0,0,0,26
07/05/2019,CLL,TX,ASW,CE,Federal Contract Tower,0,7,11,5,23,0,2,29,2,33,0,9,40,7,56,8,2,10,66
07/06/2019,CLL,TX,ASW,CE,Federal Contract Tower,0,6,12,15,33,0,6,47,0,53,0,12,59,15,86,70,0,70,156
07/07/2019,CLL,TX,ASW,CE,Federal Contract Tower,0,12,26,5,43,0,2,40,0,42,0,14,66,5,85,42,0,42,127
07/08/2019,CLL,TX,ASW,CE,Federal Contract Tower,0,13,34,19,66,0,4,31,3,38,0,17,65,22,104,12,2,14,118
07/09/2019,CLL,TX,ASW,CE,Federal Contract Tower,0,10,22,29,61,0,0,52,5,57,0,10,74,34,118,38,20,58,176
07/10/2019,CLL,TX,ASW,CE,Federal Contract Tower,0,14,33,56,103,0,4,61,6,71,0,18,94,62,174,28,16,44,218
07/11/2019,CLL,TX,ASW,CE,Federal Contract Tower,0,9,27,30,66,0,0,60,9,69,0,9,87,39,135,24,48,72,207
07/12/2019,CLL,TX,ASW,CE,Federal Contract Tower,0,8,28,45,81,0,4,52,10,66,0,12,80,55,147,26,16,42,189
07/13/2019,CLL,TX,ASW,CE,Federal Contract Tower,0,10,18,68,96,0,4,39,5,48,0,14,57,73,144,38,0,38,182
07/14/2019,CLL,TX,ASW,CE,Federal Contract Tower,0,12,24,9,45,0,2,39,0,41,0,14,63,9,86,22,0,22,108
07/15/2019,CLL,TX,ASW,CE,Federal Contract Tower,0,9,22,8,39,0,0,20,0,20,0,9,42,8,59,0,0,0,59
07/16/2019,CLL,TX,ASW,CE,Federal Contract Tower,0,13,32,27,72,0,2,45,5,52,0,15,77,32,124,40,0,40,164
07/17/2019,CLL,TX,ASW,CE,Federal Contract Tower,0,15,35,27,77,0,7,41,6,54,0,22,76,33,131,20,14,34,165
07/18/2019,CLL,TX,ASW,CE,Federal Contract Tower,0,13,51,26,90,0,2,46,4,52,0,15,97,30,142,16,22,38,180
07/19/2019,CLL,TX,ASW,CE,Federal Contract Tower,0,10,45,80,135,0,1,45,9,55,0,11,90,89,190,24,4,28,218
07/20/2019,CLL,TX,ASW,CE,Federal Contract Tower,0,9,30,40,79,0,4,35,6,45,0,13,65,46,124,12,12,24,148
07/21/2019,CLL,TX,ASW,CE,Federal Contract Tower,0,14,25,41,80,0,3,21,0,24,0,17,46,41,104,58,0,58,162
07/22/2019,CLL,TX,ASW,CE,Federal Contract Tower,0,11,34,18,63,0,6,35,3,44,0,17,69,21,107,14,2,16,123
07/23/2019,CLL,TX,ASW,CE,Federal Contract Tower,0,11,37,47,95,0,8,39,7,54,0,19,76,54,149,28,32,60,209
07/24/2019,CLL,TX,ASW,CE,Federal Contract Tower,0,12,42,75,129,0,1,54,13,68,0,13,96,88,197,16,18,34,231
07/25/2019,CLL,TX,ASW,CE,Federal Contract Tower,0,9,26,62,97,0,0,44,5,49,0,9,70,67,146,30,14,44,190
07/26/2019,CLL,TX,ASW,CE,Federal Contract Tower,0,7,22,41,70,0,2,46,4,52,0,9,68,45,122,16,0,16,138
07/27/2019,CLL,TX,ASW,CE,Federal Contract Tower,0,11,14,50,75,0,6,51,4,61,0,17,65,54,136,6,18,24,160
07/28/2019,CLL,TX,ASW,CE,Federal Contract Tower,0,13,14,29,56,0,2,28,3,33,0,15,42,32,89,36,0,36,125
07/29/2019,CLL,TX,ASW,CE,Federal Contract Tower,0,15,25,56,96,0,3,40,11,54,0,18,65,67,150,14,38,52,202
07/30/2019,CLL,TX,ASW,CE,Federal Contract Tower,0,21,25,42,88,0,0,26,3,29,0,21,51,45,117,44,4,48,165
07/31/2019,CLL,TX,ASW,CE,Federal Contract Tower,0,12,29,49,90,0,1,49,16,66,0,13,78,65,156,30,38,68,224
08/01/2019,CLL,TX,ASW,CE,Federal Contract Tower,0,10,26,91,127,0,4,59,13,76,0,14,85,104,203,44,16,60,263
08/02/2019,CLL,TX,ASW,CE,Federal Contract Tower,0,8,26,22,56,0,0,41,8,49,0,8,67,30,105,14,16,30,135
08/03/2019,CLL,TX,ASW,CE,Federal Contract Tower,0,10,6,12,28,0,4,26,3,33,0,14,32,15,61,32,26,58,119
08/04/2019,CLL,TX,ASW,CE,Federal Contract Tower,0,9,15,16,40,0,0,16,1,17,0,9,31,17,57,0,0,0,57
08/05/2019,CLL,TX,ASW,CE,Federal Contract Tower,0,9,31,42,82,0,3,35,9,47,0,12,66,51,129,34,32,66,195
08/06/2019,CLL,TX,ASW,CE,Federal Contract Tower,0,12,29,54,95,0,0,55,10,65,0,12,84,64,160,20,16,36,196
08/07/2019,CLL,TX,ASW,CE,Federal Contract Tower,0,14,32,28,74,0,2,33,17,52,0,16,65,45,126,54,40,94,220
08/08/2019,CLL,TX,ASW,CE,Federal Contract Tower,0,11,55,25,91,0,5,27,5,37,0,16,82,30,128,38,30,68,196
08/09/2019,CLL,TX,ASW,CE,Federal Contract Tower,0,8,31,67,106,0,2,43,2,47,0,10,74,69,153,4,0,4,157
08/10/2019,CLL,TX,ASW,CE,Federal Contract Tower,0,14,12,41,67,0,4,50,5,59,0,18,62,46,126,22,20,42,168
08/11/2019,CLL,TX,ASW,CE,Federal Contract Tower,0,8,12,51,71,0,0,36,7,43,0,8,48,58,114,12,10,22,136
08/12/2019,CLL,TX,ASW,CE,Federal Contract Tower,0,9,26,39,74,0,2,44,3,49,0,11,70,42,123,2,10,12,135
08/13/2019,CLL,TX,ASW,CE,Federal Contract Tower,0,13,23,66,102,0,11,36,2,49,0,24,59,68,151,26,2,28,179
08/14/2019,CLL,TX,ASW,CE,Federal Contract Tower,0,10,33,49,92,0,3,27,3,33,0,13,60,52,125,46,8,54,179
08/16/2019,CLL,TX,ASW,CE,Federal Contract Tower,0,12,39,67,118,0,0,52,8,60,0,12,91,75,178,24,50,74,252
08/17/2019,CLL,TX,ASW,CE,Federal Contract Tower,0,9,27,54,90,0,0,47,6,53,0,9,74,60,143,12,42,54,197
08/18/2019,CLL,TX,ASW,CE,Federal Contract Tower,0,8,15,39,62,0,2,46,1,49,0,10,61,40,111,42,0,42,153
08/19/2019,CLL,TX,ASW,CE,Federal Contract Tower,0,12,19,16,47,0,2,27,10,39,0,14,46,26,86,18,6,24,110
08/20/2019,CLL,TX,ASW,CE,Federal Contract Tower,0,13,41,32,86,0,0,32,8,40,0,13,73,40,126,24,8,32,158
08/21/2019,CLL,TX,ASW,CE,Federal Contract Tower,0,15,21,41,77,0,1,53,18,72,0,16,74,59,149,40,14,54,203
08/22/2019,CLL,TX,ASW,CE,Federal Contract Tower,0,12,37,79,128,0,6,39,13,58,0,18,76,92,186,6,16,22,208
08/23/2019,CLL,TX,ASW,CE,Federal Contract Tower,0,11,23,105,139,0,1,39,3,43,0,12,62,108,182,18,16,34,216
08/24/2019,CLL,TX,ASW,CE,Federal Contract Tower,0,12,20,29,61,0,1,51,2,54,0,13,71,31,115,14,0,14,129
08/25/2019,CLL,TX,ASW,CE,Federal Contract Tower,0,12,20,0,32,0,2,21,0,23,0,14,41,0,55,22,0,22,77
08/26/2019,CLL,TX,ASW,CE,Federal Contract Tower,0,12,23,20,55,0,2,22,10,34,0,14,45,30,89,6,18,24,113
08/27/2019,CLL,TX,ASW,CE,Federal Contract Tower,0,15,22,38,75,0,0,27,5,32,0,15,49,43,107,18,16,34,141
08/28/2019,CLL,TX,ASW,CE,Federal Contract Tower,0,14,25,43,82,0,4,27,3,34,0,18,52,46,116,8,38,46,162
08/29/2019,CLL,TX,ASW,CE,Federal Contract Tower,0,23,106,17,146,0,2,60,7,69,0,25,166,24,215,16,2,18,233
08/30/2019,CLL,TX,ASW,CE,Federal Contract Tower,4,20,37,0,61,0,4,60,1,65,4,24,97,1,126,10,0,10,136
08/31/2019,CLL,TX,ASW,CE,Federal Contract Tower,0,10,9,5,24,0,3,53,0,56,0,13,62,5,80,14,0,14,94
09/01/2019,CLL,TX,ASW,CE,Federal Contract Tower,0,7,13,23,43,0,0,68,0,68,0,7,81,23,111,24,0,24,135
09/02/2019,CLL,TX,ASW,CE,Federal Contract Tower,0,9,20,12,41,0,0,51,0,51,0,9,71,12,92,36,0,36,128
09/03/2019,CLL,TX,ASW,CE,Federal Contract Tower,0,15,34,42,91,0,2,48,5,55,0,17,82,47,146,18,10,28,174
09/04/2019,CLL,TX,ASW,CE,Federal Contract Tower,0,16,38,40,94,0,0,40,9,49,0,16,78,49,143,28,2,30,173
09/05/2019,CLL,TX,ASW,CE,Federal Contract Tower,6,14,28,110,158,0,2,60,11,73,6,16,88,121,231,28,26,54,285
09/06/2019,CLL,TX,ASW,CE,Federal Contract Tower,5,14,39,51,109,0,0,60,11,71,5,14,99,62,180,22,24,46,226
09/07/2019,CLL,TX,ASW,CE,Federal Contract Tower,0,10,16,84,110,0,0,46,13,59,0,10,62,97,169,0,30,30,199
09/08/2019,CLL,TX,ASW,CE,Federal Contract Tower,3,18,34,33,88,0,2,58,4,64,3,20,92,37,152,0,10,10,162
09/09/2019,CLL,TX,ASW,CE,Federal Contract Tower,2,10,19,27,58,0,0,35,5,40,2,10,54,32,98,24,20,44,142
09/10/2019,CLL,TX,ASW,CE,Federal Contract Tower,0,15,18,13,46,0,2,12,0,14,0,17,30,13,60,10,0,10,70
09/11/2019,CLL,TX,ASW,CE,Federal Contract Tower,0,18,38,11,67,0,1,15,4,20,0,19,53,15,87,0,12,12,99
09/12/2019,CLL,TX,ASW,CE,Federal Contract Tower,0,14,33,53,100,0,2,39,7,48,0,16,72,60,148,44,8,52,200
09/13/2019,CLL,TX,ASW,CE,Federal Contract Tower,2,18,42,89,151,0,1,49,11,61,2,19,91,100,212,0,34,34,246
09/14/2019,CLL,TX,ASW,CE,Federal Contract Tower,0,21,48,12,81,0,1,60,6,67,0,22,108,18,148,8,12,20,168
09/15/2019,CLL,TX,ASW,CE,Federal Contract Tower,0,12,20,56,88,0,0,59,9,68,0,12,79,65,156,16,46,62,218
09/16/2019,CLL,TX,ASW,CE,Federal Contract Tower,0,16,35,36,87,0,4,49,6,59,0,20,84,42,146,10,12,22,168
09/17/2019,CLL,TX,ASW,CE,Federal Contract Tower,0,13,19,7,39,0,0,9,0,9,0,13,28,7,48,0,0,0,48
09/18/2019,CLL,TX,ASW,CE,Federal Contract Tower,0,19,29,15,63,0,0,4,1,5,0,19,33,16,68,6,0,6,74
09/19/2019,CLL,TX,ASW,CE,Federal Contract Tower,1,12,29,2,44,0,0,13,3,16,1,12,42,5,60,30,0,30,90
09/20/2019,CLL,TX,ASW,CE,Federal Contract Tower,2,23,57,42,124,0,1,33,6,40,2,24,90,48,164,24,2,26,190
09/21/2019,CLL,TX,ASW,CE,Federal Contract Tower,1,23,124,4,152,0,0,49,3,52,1,23,173,7,204,0,6,6,210
09/22/2019,CLL,TX,ASW,CE,Federal Contract Tower,0,21,67,43,131,0,0,39,12,51,0,21,106,55,182,36,8,44,226
09/23/2019,CLL,TX,ASW,CE,Federal Contract Tower,0,25,25,48,98,0,0,42,1,43,0,25,67,49,141,44,0,44,185
09/24/2019,CLL,TX,ASW,CE,Federal Contract Tower,0,16,29,35,80,0,0,42,4,46,0,16,71,39,126,62,6,68,194
09/25/2019,CLL,TX,ASW,CE,Federal Contract Tower,0,17,54,41,112,0,0,62,13,75,0,17,116,54,187,46,26,72,259
09/26/2019,CLL,TX,ASW,CE,Federal Contract Tower,0,12,55,60,127,0,0,56,7,63,0,12,111,67,190,26,6,32,222
09/27/2019,CLL,TX,ASW,CE,Federal Contract Tower,0,13,51,44,108,0,8,38,1,47,0,21,89,45,155,4,20,24,179
09/28/2019,CLL,TX,ASW,CE,Federal Contract Tower,2,8,25,4,39,0,6,44,2,52,2,14,69,6,91,12,0,12,103
09/29/2019,CLL,TX,ASW,CE,Federal Contract Tower,0,17,17,27,61,0,6,40,11,57,0,23,57,38,118,22,24,46,164
09/30/2019,CLL,TX,ASW,CE,Federal Contract Tower,0,16,19,107,142,0,0,29,2,31,0,16,48,109,173,24,6,30,203
10/01/2019,CLL,TX,ASW,CE,Federal Contract Tower,0,15,38,33,86,0,6,54,5,65,0,21,92,38,151,20,0,20,171
10/02/2019,CLL,TX,ASW,CE,Federal Contract Tower,0,14,30,49,93,0,2,55,8,65,0,16,85,57,158,34,6,40,198
10/03/2019,CLL,TX,ASW,CE,Federal Contract Tower,0,20,43,60,123,0,6,45,6,57,0,26,88,66,180,46,4,50,230
10/04/2019,CLL,TX,ASW,CE,Federal Contract Tower,0,14,18,82,114,0,2,51,8,61,0,16,69,90,175,26,22,48,223
10/05/2019,CLL,TX,ASW,CE,Federal Contract Tower,0,6,12,47,65,0,6,62,14,82,0,12,74,61,147,38,38,76,223
10/06/2019,CLL,TX,ASW,CE,Federal Contract Tower,0,19,39,23,81,0,0,48,0,48,0,19,87,23,129,4,0,4,133
10/07/2019,CLL,TX,ASW,CE,Federal Contract Tower,0,14,25,48,87,0,7,22,8,37,0,21,47,56,124,8,22,30,154
10/08/2019,CLL,TX,ASW,CE,Federal Contract Tower,0,13,48,59,120,0,5,43,6,54,0,18,91,65,174,12,20,32,206
10/09/2019,CLL,TX,ASW,CE,Federal Contract Tower,0,14,28,29,71,0,5,41,7,53,0,19,69,36,124,28,10,38,162
10/10/2019,CLL,TX,ASW,CE,Federal Contract Tower,0,15,53,44,112,0,2,49,2,53,0,17,102,46,165,26,0,26,191
10/11/2019,CLL,TX,ASW,CE,Federal Contract Tower,3,19,45,8,75,0,4,8,0,12,3,23,53,8,87,0,0,0,87
10/12/2019,CLL,TX,ASW,CE,Federal Contract Tower,5,39,132,0,176,0,2,92,3,97,5,41,224,3,273,0,0,0,273
10/13/2019,CLL,TX,ASW,CE,Federal Contract Tower,2,20,63,4,89,0,4,61,5,70,2,24,124,9,159,32,0,32,191
10/14/2019,CLL,TX,ASW,CE,Federal Contract Tower,0,14,36,0,50,0,4,7,0,11,0,18,43,0,61,0,0,0,61
10/15/2019,CLL,TX,ASW,CE,Federal Contract Tower,0,14,35,6,55,0,0,14,2,16,0,14,49,8,71,2,2,4,75
10/16/2019,CLL,TX,ASW,CE,Federal Contract Tower,0,13,41,14,68,0,3,39,6,48,0,16,80,20,116,30,18,48,164
10/17/2019,CLL,TX,ASW,CE,Federal Contract Tower,2,17,32,18,69,0,2,57,4,63,2,19,89,22,132,70,0,70,202
10/18/2019,CLL,TX,ASW,CE,Federal Contract Tower,0,17,49,26,92,0,9,72,8,89,0,26,121,34,181,22,18,40,221
10/19/2019,CLL,TX,ASW,CE,Federal Contract Tower,1,6,13,15,35,0,2,36,2,40,1,8,49,17,75,0,10,10,85
10/20/2019,CLL,TX,ASW,CE,Federal Contract Tower,0,17,36,11,64,0,3,44,5,52,0,20,80,16,116,30,28,58,174
10/21/2019,CLL,TX,ASW,CE,Federal Contract Tower,0,11,26,76,113,0,5,51,7,63,0,16,77,83,176,56,4,60,236
10/22/2019,CLL,TX,ASW,CE,Federal Contract Tower,0,13,44,42,99,0,4,62,10,76,0,17,106,52,175,4,8,12,187
10/23/2019,CLL,TX,ASW,CE,Federal Contract Tower,0,17,33,29,79,0,0,51,5,56,0,17,84,34,135,4,16,20,155
10/24/2019,CLL,TX,ASW,CE,Federal Contract Tower,0,16,45,21,82,0,3,45,4,52,0,19,90,25,134,20,10,30,164
10/25/2019,CLL,TX,ASW,CE,Federal Contract Tower,2,21,78,21,122,0,3,0,4,7,2,24,78,25,129,0,2,2,131
10/26/2019,CLL,TX,ASW,CE,Federal Contract Tower,2,21,80,5,108,0,2,40,0,42,2,23,120,5,150,4,8,12,162
10/27/2019,CLL,TX,ASW,CE,Federal Contract Tower,0,18,45,27,90,0,2,68,4,74,0,20,113,31,164,78,12,90,254
10/28/2019,CLL,TX,ASW,CE,Federal Contract Tower,0,15,24,35,74,0,2,16,6,24,0,17,40,41,98,14,20,34,132
10/29/2019,CLL,TX,ASW,CE,Federal Contract Tower,0,13,13,7,33,0,0,0,0,0,0,13,13,7,33,0,0,0,33
10/30/2019,CLL,TX,ASW,CE,Federal Contract Tower,0,13,18,9,40,0,0,0,0,0,0,13,18,9,40,0,0,0,40
10/31/2019,CLL,TX,ASW,CE,Federal Contract Tower,0,11,38,33,82,0,2,59,6,67,0,13,97,39,149,14,4,18,167
11/01/2019,CLL,TX,ASW,CE,Federal Contract Tower,0,14,49,44,107,0,4,81,5,90,0,18,130,49,197,10,16,26,223
11/02/2019,CLL,TX,ASW,CE,Federal Contract Tower,0,17,52,15,84,0,0,40,5,45,0,17,92,20,129,8,12,20,149
11/03/2019,CLL,TX,ASW,CE,Federal Contract Tower,0,16,35,31,82,0,9,85,4,98,0,25,120,35,180,56,18,74,254
11/04/2019,CLL,TX,ASW,CE,Federal Contract Tower,0,17,30,47,94,0,2,41,6,49,0,19,71,53,143,50,4,54,197
11/05/2019,CLL,TX,ASW,CE,Federal Contract Tower,0,11,32,20,63,0,0,47,12,59,0,11,79,32,122,80,12,92,214
11/06/2019,CLL,TX,ASW,CE,Federal Contract Tower,0,12,28,56,96,0,2,52,15,69,0,14,80,71,165,52,42,94,259
11/07/2019,CLL,TX,ASW,CE,Federal Contract Tower,0,21,35,0,56,0,2,0,0,2,0,23,35,0,58,0,0,0,58
11/08/2019,CLL,TX,ASW,CE,Federal Contract Tower,0,23,51,7,81,0,3,8,0,11,0,26,59,7,92,10,0,10,102
11/09/2019,CLL,TX,ASW,CE,Federal Contract Tower,0,9,6,8,23,0,3,60,2,65,0,12,66,10,88,24,0,24,112
11/10/2019,CLL,TX,ASW,CE,Federal Contract Tower,0,21,35,8,64,0,2,58,2,62,0,23,93,10,126,44,0,44,170
11/11/2019,CLL,TX,ASW,CE,Federal Contract Tower,0,13,28,0,41,0,2,6,0,8,0,15,34,0,49,0,0,0,49
11/12/2019,CLL,TX,ASW,CE,Federal Contract Tower,0,10,28,49,87,0,3,46,5,54,0,13,74,54,141,28,14,42,183
11/13/2019,CLL,TX,ASW,CE,Federal Contract Tower,0,11,37,30,78,0,4,39,4,47,0,15,76,34,125,72,4,76,201
11/14/2019,CLL,TX,ASW,CE,Federal Contract Tower,0,12,34,4,50,0,0,0,0,0,0,12,34,4,50,0,0,0,50
11/15/2019,CLL,TX,ASW,CE,Federal Contract Tower,0,16,65,57,138,0,0,67,6,73,0,16,132,63,211,10,12,22,233
11/16/2019,CLL,TX,ASW,CE,Federal Contract Tower,1,38,90,2,131,0,2,68,2,72,1,40,158,4,203,8,6,14,217
11/17/2019,CLL,TX,ASW,CE,Federal Contract Tower,0,28,38,1,67,0,4,63,2,69,0,32,101,3,136,20,0,20,156
11/18/2019,CLL,TX,ASW,CE,Federal Contract Tower,0,11,24,45,80,0,4,55,5,64,0,15,79,50,144,54,10,64,208
11/19/2019,CLL,TX,ASW,CE,Federal Contract Tower,0,11,27,19,57,0,1,59,16,76,0,12,86,35,133,22,40,62,195
11/20/2019,CLL,TX,ASW,CE,Federal Contract Tower,0,12,27,48,87,0,5,21,13,39,0,17,48,61,126,14,36,50,176
11/21/2019,CLL,TX,ASW,CE,Federal Contract Tower,4,12,47,78,141,0,2,34,2,38,4,14,81,80,179,40,0,40,219
11/22/2019,CLL,TX,ASW,CE,Federal Contract Tower,2,18,51,21,92,0,0,3,0,3,2,18,54,21,95,0,0,0,95
11/23/2019,CLL,TX,ASW,CE,Federal Contract Tower,0,17,19,13,49,0,5,81,4,90,0,22,100,17,139,26,12,38,177
11/24/2019,CLL,TX,ASW,CE,Federal Contract Tower,4,23,23,24,74,0,0,52,10,62,4,23,75,34,136,16,20,36,172
11/25/2019,CLL,TX,ASW,CE,Federal Contract Tower,0,12,32,52,96,0,4,53,9,66,0,16,85,61,162,28,10,38,200
11/26/2019,CLL,TX,ASW,CE,Federal Contract Tower,2,12,41,37,92,0,0,28,5,33,2,12,69,42,125,14,14,28,153
11/27/2019,CLL,TX,ASW,CE,Federal Contract Tower,0,18,27,7,52,0,4,37,0,41,0,22,64,7,93,16,16,32,125
11/28/2019,CLL,TX,ASW,CE,Federal Contract Tower,2,4,6,0,12,0,8,0,0,8,2,12,6,0,20,0,0,0,20
11/29/2019,CLL,TX,ASW,CE,Federal Contract Tower,1,16,12,0,29,0,2,2,0,4,1,18,14,0,33,8,0,8,41
11/30/2019,CLL,TX,ASW,CE,Federal Contract Tower,1,11,20,3,35,0,2,2,0,4,1,13,22,3,39,0,0,0,39
12/01/2019,CLL,TX,ASW,CE,Federal Contract Tower,2,19,29,3,53,0,4,67,8,79,2,23,96,11,132,22,0,22,154
12/02/2019,CLL,TX,ASW,CE,Federal Contract Tower,0,13,36,35,84,0,0,60,10,70,0,13,96,45,154,38,22,60,214
12/03/2019,CLL,TX,ASW,CE,Federal Contract Tower,0,15,22,53,90,0,12,52,15,79,0,27,74,68,169,56,36,92,261
12/04/2019,CLL,TX,ASW,CE,Federal Contract Tower,0,14,39,62,115,0,2,85,10,97,0,16,124,72,212,52,26,78,290
12/05/2019,CLL,TX,ASW,CE,Federal Contract Tower,0,19,48,59,126,0,0,41,10,51,0,19,89,69,177,70,4,74,251
12/06/2019,CLL,TX,ASW,CE,Federal Contract Tower,0,15,35,27,77,0,4,77,8,89,0,19,112,35,166,54,10,64,230
12/07/2019,CLL,TX,ASW,CE,Federal Contract Tower,0,13,29,5,47,0,4,63,0,67,0,17,92,5,114,12,2,14,128
12/08/2019,CLL,TX,ASW,CE,Federal Contract Tower,0,16,28,13,57,0,0,22,2,24,0,16,50,15,81,12,0,12,93
12/09/2019,CLL,TX,ASW,CE,Federal Contract Tower,0,14,29,51,94,0,5,22,3,30,0,19,51,54,124,20,2,22,146
12/10/2019,CLL,TX,ASW,CE,Federal Contract Tower,0,9,28,0,37,0,1,0,0,1,0,10,28,0,38,0,0,0,38
12/11/2019,CLL,TX,ASW,CE,Federal Contract Tower,0,18,61,70,149,0,4,85,12,101,0,22,146,82,250,40,54,94,344
12/12/2019,CLL,TX,ASW,CE,Federal Contract Tower,0,14,39,48,101,0,0,71,8,79,0,14,110,56,180,38,8,46,226
12/13/2019,CLL,TX,ASW,CE,Federal Contract Tower,0,17,33,31,81,0,3,45,11,59,0,20,78,42,140,14,16,30,170
12/14/2019,CLL,TX,ASW,CE,Federal Contract Tower,0,8,26,8,42,0,4,66,0,70,0,12,92,8,112,12,0,12,124
12/15/2019,CLL,TX,ASW,CE,Federal Contract Tower,0,10,15,17,42,0,0,35,1,36,0,10,50,18,78,4,0,4,82
12/16/2019,CLL,TX,ASW,CE,Federal Contract Tower,0,13,11,17,41,0,0,8,11,19,0,13,19,28,60,0,26,26,86
12/17/2019,CLL,TX,ASW,CE,Federal Contract Tower,0,10,33,49,92,0,2,58,10,70,0,12,91,59,162,32,32,64,226
12/18/2019,CLL,TX,ASW,CE,Federal Contract Tower,0,11,28,35,74,0,5,78,9,92,0,16,106,44,166,44,2,46,212
12/20/2019,CLL,TX,ASW,CE,Federal Contract Tower,0,18,14,6,38,0,0,15,0,15,0,18,29,6,53,8,0,8,61
12/21/2019,CLL,TX,ASW,CE,Federal Contract Tower,0,6,21,39,66,0,10,44,1,55,0,16,65,40,121,34,2,36,157
12/22/2019,CLL,TX,ASW,CE,Federal Contract Tower,0,9,12,6,27,0,2,27,0,29,0,11,39,6,56,18,0,18,74
12/23/2019,CLL,TX,ASW,CE,Federal Contract Tower,0,12,19,16,47,0,6,48,3,57,0,18,67,19,104,8,16,24,128
12/24/2019,CLL,TX,ASW,CE,Federal Contract Tower,0,6,11,4,21,0,0,23,0,23,0,6,34,4,44,8,0,8,52
12/25/2019,CLL,TX,ASW,CE,Federal Contract Tower,0,7,1,0,8,0,4,0,0,4,0,11,1,0,12,0,0,0,12
12/26/2019,CLL,TX,ASW,CE,Federal Contract Tower,0,15,20,0,35,0,0,24,0,24,0,15,44,0,59,26,0,26,85
12/27/2019,CLL,TX,ASW,CE,Federal Contract Tower,0,8,20,4,32,0,15,18,0,33,0,23,38,4,65,38,0,38,103
12/28/2019,CLL,TX,ASW,CE,Federal Contract Tower,0,11,6,0,17,0,0,0,0,0,0,11,6,0,17,0,0,0,17
12/29/2019,CLL,TX,ASW,CE,Federal Contract Tower,2,22,18,0,42,0,2,21,0,23,2,24,39,0,65,0,0,0,65
12/30/2019,CLL,TX,ASW,CE,Federal Contract Tower,0,10,20,28,58,0,2,46,5,53,0,12,66,33,111,2,2,4,115
12/31/2019,CLL,TX,ASW,CE,Federal Contract Tower,0,7,11,5,23,0,2,42,2,46,0,9,53,7,69,6,4,10,79
01/01/2020,CLL,TX,ASW,CE,Federal Contract Tower,0,9,7,0,16,0,0,4,0,4,0,9,11,0,20,4,0,4,24
01/02/2020,CLL,TX,ASW,CE,Federal Contract Tower,0,12,7,6,25,0,0,0,0,0,0,12,7,6,25,0,0,0,25
01/03/2020,CLL,TX,ASW,CE,Federal Contract Tower,2,13,34,20,69,0,2,23,0,25,2,15,57,20,94,38,0,38,132
01/04/2020,CLL,TX,ASW,CE,Federal Contract Tower,0,9,38,12,59,0,0,64,0,64,0,9,102,12,123,18,0,18,141
01/05/2020,CLL,TX,ASW,CE,Federal Contract Tower,2,10,9,19,40,0,7,35,3,45,2,17,44,22,85,22,6,28,113
01/06/2020,CLL,TX,ASW,CE,Federal Contract Tower,0,11,20,54,85,0,7,51,7,65,0,18,71,61,150,20,14,34,184
01/07/2020,CLL,TX,ASW,CE,Federal Contract Tower,0,12,27,31,70,0,15,66,8,89,0,27,93,39,159,0,2,2,161
01/08/2020,CLL,TX,ASW,CE,Federal Contract Tower,0,9,40,61,110,0,11,40,6,57,0,20,80,67,167,4,8,12,179
01/09/2020,CLL,TX,ASW,CE,Federal Contract Tower,0,11,26,39,76,0,0,3,7,10,0,11,29,46,86,0,6,6,92
01/10/2020,CLL,TX,ASW,CE,Federal Contract Tower,2,8,11,8,29,0,3,2,0,5,2,11,13,8,34,0,0,0,34
01/11/2020,CLL,TX,ASW,CE,Federal Contract Tower,1,10,10,65,86,0,6,33,5,44,1,16,43,70,130,8,36,44,174
01/12/2020,CLL,TX,ASW,CE,Federal Contract Tower,0,9,33,28,70,0,11,83,13,107,0,20,116,41,177,26,62,88,265
01/13/2020,CLL,TX,ASW,CE,Federal Contract Tower,2,12,24,28,66,0,2,6,2,10,2,14,30,30,76,22,10,32,108
01/14/2020,CLL,TX,ASW,CE,Federal Contract Tower,1,8,13,12,34,0,0,0,0,0,1,8,13,12,34,0,0,0,34
01/15/2020,CLL,TX,ASW,CE,Federal Contract Tower,1,8,13,12,34,0,0,0,0,0,1,8,13,12,34,0,0,0,34
01/16/2020,CLL,TX,ASW,CE,Federal Contract Tower,0,11,24,16,51,0,0,4,1,5,0,11,28,17,56,0,8,8,64
01/17/2020,CLL,TX,ASW,CE,Federal Contract Tower,0,16,28,14,58,0,2,7,0,9,0,18,35,14,67,10,0,10,77
01/18/2020,CLL,TX,ASW,CE,Federal Contract Tower,1,16,27,21,65,0,3,33,0,36,1,19,60,21,101,0,12,12,113
01/19/2020,CLL,TX,ASW,CE,Federal Contract Tower,1,9,20,13,43,0,0,85,3,88,1,9,105,16,131,10,24,34,165
01/20/2020,CLL,TX,ASW,CE,Federal Contract Tower,2,13,34,7,56,0,4,73,2,79,2,17,107,9,135,28,0,28,163
01/21/2020,CLL,TX,ASW,CE,Federal Contract Tower,0,8,24,64,96,0,4,66,11,81,0,12,90,75,177,18,20,38,215
01/22/2020,CLL,TX,ASW,CE,Federal Contract Tower,0,16,18,0,34,0,0,0,0,0,0,16,18,0,34,0,0,0,34
01/23/2020,CLL,TX,ASW,CE,Federal Contract Tower,0,15,54,23,92,0,0,17,5,22,0,15,71,28,114,18,0,18,132
01/24/2020,CLL,TX,ASW,CE,Federal Contract Tower,0,12,16,55,83,0,4,69,10,83,0,16,85,65,166,6,16,22,188
01/25/2020,CLL,TX,ASW,CE,Federal Contract Tower,0,11,11,33,55,0,7,54,9,70,0,18,65,42,125,12,14,26,151
01/26/2020,CLL,TX,ASW,CE,Federal Contract Tower,0,14,23,3,40,0,0,45,1,46,0,14,68,4,86,36,0,36,122
01/27/2020,CLL,TX,ASW,CE,Federal Contract Tower,3,10,10,11,34,0,0,6,0,6,3,10,16,11,40,0,0,0,40
01/28/2020,CLL,TX,ASW,CE,Federal Contract Tower,0,15,16,15,46,0,0,12,4,16,0,15,28,19,62,0,0,0,62
01/29/2020,CLL,TX,ASW,CE,Federal Contract Tower,0,14,26,66,106,0,6,24,8,38,0,20,50,74,144,22,12,34,178
01/30/2020,CLL,TX,ASW,CE,Federal Contract Tower,0,13,48,49,110,0,2,8,2,12,0,15,56,51,122,20,8,28,150
01/31/2020,CLL,TX,ASW,CE,Federal Contract Tower,1,10,48,27,86,0,0,38,9,47,1,10,86,36,133,0,2,2,135
02/01/2020,CLL,TX,ASW,CE,Federal Contract Tower,2,12,6,67,87,0,2,107,27,136,2,14,113,94,223,30,42,72,295
02/02/2020,CLL,TX,ASW,CE,Federal Contract Tower,0,13,19,6,38,0,4,77,4,85,0,17,96,10,123,30,10,40,163
02/03/2020,CLL,TX,ASW,CE,Federal Contract Tower,1,8,26,12,47,0,2,29,4,35,1,10,55,16,82,6,0,6,88
02/04/2020,CLL,TX,ASW,CE,Federal Contract Tower,1,12,37,24,74,0,2,29,4,35,1,14,66,28,109,20,0,20,129
02/05/2020,CLL,TX,ASW,CE,Federal Contract Tower,0,8,13,11,32,0,0,0,0,0,0,8,13,11,32,0,0,0,32
02/06/2020,CLL,TX,ASW,CE,Federal Contract Tower,0,9,50,25,84,0,7,28,3,38,0,16,78,28,122,24,2,26,148
02/07/2020,CLL,TX,ASW,CE,Federal Contract Tower,2,13,32,43,90,0,4,64,6,74,2,17,96,49,164,16,2,18,182
02/08/2020,CLL,TX,ASW,CE,Federal Contract Tower,2,9,31,17,59,0,2,65,11,78,2,11,96,28,137,28,28,56,193
02/09/2020,CLL,TX,ASW,CE,Federal Contract Tower,0,19,37,11,67,0,0,5,0,5,0,19,42,11,72,0,0,0,72
02/10/2020,CLL,TX,ASW,CE,Federal Contract Tower,0,19,6,0,25,0,0,0,0,0,0,19,6,0,25,0,0,0,25
02/11/2020,CLL,TX,ASW,CE,Federal Contract Tower,1,9,10,0,20,0,0,0,0,0,1,9,10,0,20,0,0,0,20
02/12/2020,CLL,TX,ASW,CE,Federal Contract Tower,1,10,18,31,60,0,1,0,0,1,1,11,18,31,61,0,0,0,61
02/13/2020,CLL,TX,ASW,CE,Federal Contract Tower,0,18,38,53,109,0,7,68,2,77,0,25,106,55,186,54,8,62,248
02/14/2020,CLL,TX,ASW,CE,Federal Contract Tower,0,18,22,33,73,0,2,103,0,105,0,20,125,33,178,46,0,46,224
02/15/2020,CLL,TX,ASW,CE,Federal Contract Tower,0,7,27,3,37,0,2,52,1,55,0,9,79,4,92,54,0,54,146
02/16/2020,CLL,TX,ASW,CE,Federal Contract Tower,1,25,17,2,45,0,0,30,1,31,1,25,47,3,76,12,0,12,88
02/17/2020,CLL,TX,ASW,CE,Federal Contract Tower,0,14,23,0,37,0,3,18,0,21,0,17,41,0,58,48,0,48,106
02/18/2020,CLL,TX,ASW,CE,Federal Contract Tower,2,17,26,27,72,0,1,13,1,15,2,18,39,28,87,4,0,4,91
02/19/2020,CLL,TX,ASW,CE,Federal Contract Tower,0,21,25,0,46,0,0,0,0,0,0,21,25,0,46,0,0,0,46
02/20/2020,CLL,TX,ASW,CE,Federal Contract Tower,0,18,19,11,48,0,1,0,0,1,0,19,19,11,49,0,4,4,53
02/21/2020,CLL,TX,ASW,CE,Federal Contract Tower,0,12,42,78,132,0,2,75,17,94,0,14,117,95,226,8,18,26,252
02/22/2020,CLL,TX,ASW,CE,Federal Contract Tower,0,12,22,72,106,0,2,95,23,120,0,14,117,95,226,34,54,88,314
02/23/2020,CLL,TX,ASW,CE,Federal Contract Tower,1,11,39,43,94,0,0,10,5,15,1,11,49,48,109,14,8,22,131
02/24/2020,CLL,TX,ASW,CE,Federal Contract Tower,1,13,31,41,86,0,6,50,13,69,1,19,81,54,155,22,10,32,187
02/25/2020,CLL,TX,ASW,CE,Federal Contract Tower,0,10,36,68,114,0,6,69,7,82,0,16,105,75,196,18,0,18,214
02/26/2020,CLL,TX,ASW,CE,Federal Contract Tower,10,17,11,25,63,0,2,40,11,53,10,19,51,36,116,38,8,46,162
02/27/2020,CLL,TX,ASW,CE,Federal Contract Tower,2,16,41,71,130,0,3,63,21,87,2,19,104,92,217,30,82,112,329
02/28/2020,CLL,TX,ASW,CE,Federal Contract Tower,4,22,32,27,85,0,0,55,5,60,4,22,87,32,145,22,18,40,185
02/29/2020,CLL,TX,ASW,CE,Federal Contract Tower,7,10,20,14,51,0,10,68,15,93,7,20,88,29,144,14,20,34,178
03/01/2020,CLL,TX,ASW,CE,Federal Contract Tower,2,15,13,24,54,0,2,24,0,26,2,17,37,24,80,12,0,12,92
03/02/2020,CLL,TX,ASW,CE,Federal Contract Tower,2,14,20,30,66,0,3,15,2,20,2,17,35,32,86,14,10,24,110
03/03/2020,CLL,TX,ASW,CE,Federal Contract Tower,4,8,30,36,78,0,2,20,0,22,4,10,50,36,100,16,0,16,116
03/04/2020,CLL,TX,ASW,CE,Federal Contract Tower,4,10,26,20,60,0,0,3,0,3,4,10,29,20,63,0,0,0,63
03/05/2020,CLL,TX,ASW,CE,Federal Contract Tower,2,15,31,62,110,0,2,71,4,77,2,17,102,66,187,40,10,50,237
03/06/2020,CLL,TX,ASW,CE,Federal Contract Tower,5,16,27,42,90,0,4,71,5,80,5,20,98,47,170,36,0,36,206
03/07/2020,CLL,TX,ASW,CE,Federal Contract Tower,6,10,40,48,104,0,2,64,20,86,6,12,104,68,190,40,20,60,250
03/08/2020,CLL,TX,ASW,CE,Federal Contract Tower,2,17,47,29,95,0,0,53,5,58,2,17,100,34,153,36,0,36,189
03/09/2020,CLL,TX,ASW,CE,Federal Contract Tower,2,10,24,9,45,0,0,8,0,8,2,10,32,9,53,20,0,20,73
03/10/2020,CLL,TX,ASW,CE,Federal Contract Tower,3,12,21,32,68,0,0,27,0,27,3,12,48,32,95,24,0,24,119
03/11/2020,CLL,TX,ASW,CE,Federal Contract Tower,2,13,34,23,72,0,0,27,9,36,2,13,61,32,108,24,42,66,174
03/12/2020,CLL,TX,ASW,CE,Federal Contract Tower,2,13,27,27,69,0,0,43,8,51,2,13,70,35,120,14,10,24,144
03/13/2020,CLL,TX,ASW,CE,Federal Contract Tower,4,15,30,55,104,0,0,18,1,19,4,15,48,56,123,12,0,12,135
03/14/2020,CLL,TX,ASW,CE,Federal Contract Tower,4,7,20,2,33,0,2,16,0,18,4,9,36,2,51,2,0,2,53
03/15/2020,CLL,TX,ASW,CE,Federal Contract Tower,2,14,19,8,43,0,0,1,0,1,2,14,20,8,44,0,0,0,44
03/16/2020,CLL,TX,ASW,CE,Federal Contract Tower,2,10,31,9,52,0,0,19,2,21,2,10,50,11,73,38,0,38,111
03/17/2020,CLL,TX,ASW,CE,Federal Contract Tower,0,10,20,4,34,0,0,16,4,20,0,10,36,8,54,0,0,0,54
03/19/2020,CLL,TX,ASW,CE,Federal Contract Tower,3,8,6,28,45,0,3,32,11,46,3,11,38,39,91,66,14,80,171
03/20/2020,CLL,TX,ASW,CE,Federal Contract Tower,2,8,3,0,13,0,0,0,0,0,2,8,3,0,13,0,0,0,13
03/21/2020,CLL,TX,ASW,CE,Federal Contract Tower,2,5,4,19,30,0,2,0,0,2,2,7,4,19,32,0,0,0,32
03/22/2020,CLL,TX,ASW,CE,Federal Contract Tower,0,6,7,9,22,0,0,0,0,0,0,6,7,9,22,0,0,0,22
03/23/2020,CLL,TX,ASW,CE,Federal Contract Tower,0,7,15,8,30,0,1,19,2,22,0,8,34,10,52,6,8,14,66
03/24/2020,CLL,TX,ASW,CE,Federal Contract Tower,0,4,19,4,27,0,4,37,0,41,0,8,56,4,68,2,0,2,70
03/25/2020,CLL,TX,ASW,CE,Federal Contract Tower,0,5,26,11,42,0,0,52,1,53,0,5,78,12,95,2,0,2,97
03/26/2020,CLL,TX,ASW,CE,Federal Contract Tower,0,7,14,11,32,0,2,15,1,18,0,9,29,12,50,10,0,10,60
03/27/2020,CLL,TX,ASW,CE,Federal Contract Tower,0,6,7,15,28,0,2,15,2,19,0,8,22,17,47,0,0,0,47
03/28/2020,CLL,TX,ASW,CE,Federal Contract Tower,0,2,0,0,2,0,2,6,0,8,0,4,6,0,10,0,0,0,10
03/29/2020,CLL,TX,ASW,CE,Federal Contract Tower,0,8,18,12,38,0,2,34,0,36,0,10,52,12,74,24,0,24,98
03/30/2020,CLL,TX,ASW,CE,Federal Contract Tower,0,1,0,0,1,0,0,6,3,9,0,1,6,3,10,16,4,20,30
03/31/2020,CLL,TX,ASW,CE,Federal Contract Tower,0,7,14,5,26,0,0,15,3,18,0,7,29,8,44,10,4,14,58
04/01/2020,CLL,TX,ASW,CE,Federal Contract Tower,0,3,17,12,32,0,3,30,1,34,0,6,47,13,66,6,0,6,72
04/02/2020,CLL,TX,ASW,CE,Federal Contract Tower,0,4,12,14,30,0,3,6,2,11,0,7,18,16,41,14,10,24,65
04/03/2020,CLL,TX,ASW,CE,Federal Contract Tower,0,5,10,4,19,0,3,5,0,8,0,8,15,4,27,4,0,4,31
04/04/2020,CLL,TX,ASW,CE,Federal Contract Tower,0,1,4,0,5,0,0,0,0,0,0,1,4,0,5,0,0,0,5
04/05/2020,CLL,TX,ASW,CE,Federal Contract Tower,0,3,17,0,20,0,1,6,0,7,0,4,23,0,27,0,0,0,27
04/06/2020,CLL,TX,ASW,CE,Federal Contract Tower,0,6,26,28,60,0,2,11,0,13,0,8,37,28,73,16,0,16,89
04/07/2020,CLL,TX,ASW,CE,Federal Contract Tower,0,5,11,27,43,0,2,4,2,8,0,7,15,29,51,0,0,0,51
04/08/2020,CLL,TX,ASW,CE,Federal Contract Tower,0,4,14,15,33,0,2,17,0,19,0,6,31,15,52,4,0,4,56
04/09/2020,CLL,TX,ASW,CE,Federal Contract Tower,0,3,9,10,22,0,4,15,0,19,0,7,24,10,41,0,0,0,41
04/10/2020,CLL,TX,ASW,CE,Federal Contract Tower,0,3,15,60,78,0,6,23,7,36,0,9,38,67,114,0,22,22,136
04/11/2020,CLL,TX,ASW,CE,Federal Contract Tower,2,3,3,12,20,0,0,4,1,5,2,3,7,13,25,2,0,2,27
04/12/2020,CLL,TX,ASW,CE,Federal Contract Tower,0,3,4,13,20,0,3,5,0,8,0,6,9,13,28,0,6,6,34
04/13/2020,CLL,TX,ASW,CE,Federal Contract Tower,0,6,11,4,21,0,4,24,4,32,0,10,35,8,53,10,0,10,63
04/14/2020,CLL,TX,ASW,CE,Federal Contract Tower,0,3,12,25,40,0,3,27,5,35,0,6,39,30,75,0,14,14,89
04/15/2020,CLL,TX,ASW,CE,Federal Contract Tower,0,5,7,18,30,0,5,44,10,59,0,10,51,28,89,10,10,20,109
04/16/2020,CLL,TX,ASW,CE,Federal Contract Tower,0,9,20,34,63,0,0,59,3,62,0,9,79,37,125,0,38,38,163
04/17/2020,CLL,TX,ASW,CE,Federal Contract Tower,0,6,17,41,64,0,2,4,0,6,0,8,21,41,70,4,0,4,74
04/18/2020,CLL,TX,ASW,CE,Federal Contract Tower,0,4,4,5,13,0,2,0,0,2,0,6,4,5,15,0,0,0,15
04/19/2020,CLL,TX,ASW,CE,Federal Contract Tower,0,1,10,10,21,0,3,6,4,13,0,4,16,14,34,16,10,26,60
04/20/2020,CLL,TX,ASW,CE,Federal Contract Tower,0,3,18,31,52,0,0,23,4,27,0,3,41,35,79,28,32,60,139
04/21/2020,CLL,TX,ASW,CE,Federal Contract Tower,0,4,26,42,72,0,2,52,12,66,0,6,78,54,138,26,28,54,192
04/22/2020,CLL,TX,ASW,CE,Federal Contract Tower,0,4,5,0,9,0,3,0,2,5,0,7,5,2,14,0,0,0,14
04/23/2020,CLL,TX,ASW,CE,Federal Contract Tower,0,2,20,30,52,0,2,54,10,66,0,4,74,40,118,6,56,62,180
04/24/2020,CLL,TX,ASW,CE,Federal Contract Tower,0,5,27,48,80,0,2,55,4,61,0,7,82,52,141,32,26,58,199
04/25/2020,CLL,TX,ASW,CE,Federal Contract Tower,0,1,18,14,33,0,4,38,5,47,0,5,56,19,80,20,2,22,102
04/26/2020,CLL,TX,ASW,CE,Federal Contract Tower,0,1,12,20,33,0,7,44,3,54,0,8,56,23,87,66,6,72,159
04/27/2020,CLL,TX,ASW,CE,Federal Contract Tower,0,2,21,41,64,0,28,3,0,31,0,30,24,41,95,2,42,44,139
04/28/2020,CLL,TX,ASW,CE,Federal Contract Tower,0,5,8,36,49,0,2,8,7,17,0,7,16,43,66,26,14,40,106
04/29/2020,CLL,TX,ASW,CE,Federal Contract Tower,0,2,13,58,73,0,1,42,8,51,0,3,55,66,124,42,52,94,218
04/30/2020,CLL,TX,ASW,CE,Federal Contract Tower,0,5,19,43,67,0,3,67,8,78,0,8,86,51,145,26,22,48,193
05/01/2020,CLL,TX,ASW,CE,Federal Contract Tower,0,4,14,20,38,0,0,55,8,63,0,4,69,28,101,14,6,20,121
05/02/2020,CLL,TX,ASW,CE,Federal Contract Tower,0,7,22,7,36,0,2,31,0,33,0,9,53,7,69,38,0,38,107
05/04/2020,CLL,TX,ASW,CE,Federal Contract Tower,0,8,17,41,66,0,4,32,17,53,0,12,49,58,119,22,66,88,207
05/05/2020,CLL,TX,ASW,CE,Federal Contract Tower,2,3,22,40,67,0,0,18,12,30,2,3,40,52,97,38,22,60,157
05/06/2020,CLL,TX,ASW,CE,Federal Contract Tower,0,5,20,62,87,0,5,47,7,59,0,10,67,69,146,16,52,68,214
05/07/2020,CLL,TX,ASW,CE,Federal Contract Tower,0,13,9,37,59,0,8,51,10,69,0,21,60,47,128,38,28,66,194
05/08/2020,CLL,TX,ASW,CE,Federal Contract Tower,0,5,17,33,55,0,6,27,4,37,0,11,44,37,92,4,0,4,96
05/09/2020,CLL,TX,ASW,CE,Federal Contract Tower,0,3,19,16,38,0,0,28,0,28,0,3,47,16,66,28,0,28,94
05/10/2020,CLL,TX,ASW,CE,Federal Contract Tower,0,4,8,38,50,0,5,59,10,74,0,9,67,48,124,68,30,98,222
05/11/2020,CLL,TX,ASW,CE,Federal Contract Tower,0,5,22,56,83,0,5,53,6,64,0,10,75,62,147,46,26,72,219
05/12/2020,CLL,TX,ASW,CE,Federal Contract Tower,0,4,9,0,13,0,2,11,0,13,0,6,20,0,26,14,0,14,40
05/13/2020,CLL,TX,ASW,CE,Federal Contract Tower,0,6,32,64,102,0,0,28,13,41,0,6,60,77,143,40,30,70,213
05/14/2020,CLL,TX,ASW,CE,Federal Contract Tower,0,10,15,60,85,0,5,29,3,37,0,15,44,63,122,18,30,48,170
05/15/2020,CLL,TX,ASW,CE,Federal Contract Tower,0,4,14,25,43,0,2,7,0,9,0,6,21,25,52,10,0,10,62
05/16/2020,CLL,TX,ASW,CE,Federal Contract Tower,0,3,3,22,28,0,1,7,2,10,0,4,10,24,38,4,0,4,42
05/17/2020,CLL,TX,ASW,CE,Federal Contract Tower,0,4,21,46,71,0,4,36,14,54,0,8,57,60,125,22,48,70,195
05/18/2020,CLL,TX,ASW,CE,Federal Contract Tower,0,7,16,23,46,0,5,48,7,60,0,12,64,30,106,60,6,66,172
05/19/2020,CLL,TX,ASW,CE,Federal Contract Tower,0,5,29,21,55,0,4,51,20,75,0,9,80,41,130,60,48,108,238
05/20/2020,CLL,TX,ASW,CE,Federal Contract Tower,0,6,40,27,73,0,4,41,5,50,0,10,81,32,123,58,34,92,215
05/21/2020,CLL,TX,ASW,CE,Federal Contract Tower,0,9,14,40,63,0,14,37,5,56,0,23,51,45,119,68,6,74,193
05/22/2020,CLL,TX,ASW,CE,Federal Contract Tower,0,7,33,7,47,0,6,41,2,49,0,13,74,9,96,68,10,78,174
05/23/2020,CLL,TX,ASW,CE,Federal Contract Tower,0,3,16,13,32,0,6,46,3,55,0,9,62,16,87,72,0,72,159
05/24/2020,CLL,TX,ASW,CE,Federal Contract Tower,0,3,2,0,5,0,0,3,0,3,0,3,5,0,8,14,0,14,22
05/25/2020,CLL,TX,ASW,CE,Federal Contract Tower,0,8,18,0,26,0,7,22,0,29,0,15,40,0,55,40,0,40,95
05/26/2020,CLL,TX,ASW,CE,Federal Contract Tower,0,4,29,43,76,0,8,36,9,53,0,12,65,52,129,88,10,98,227
05/27/2020,CLL,TX,ASW,CE,Federal Contract Tower,0,3,25,19,47,0,2,48,4,54,0,5,73,23,101,26,12,38,139
05/28/2020,CLL,TX,ASW,CE,Federal Contract Tower,0,7,15,1,23,0,6,54,6,66,0,13,69,7,89,76,10,86,175
05/29/2020,CLL,TX,ASW,CE,Federal Contract Tower,0,6,37,62,105,0,0,74,15,89,0,6,111,77,194,40,22,62,256
05/30/2020,CLL,TX,ASW,CE,Federal Contract Tower,0,5,17,39,61,0,1,52,4,57,0,6,69,43,118,60,2,62,180
05/31/2020,CLL,TX,ASW,CE,Federal Contract Tower,0,7,19,4,30,0,9,25,0,34,0,16,44,4,64,50,0,50,114
06/01/2020,CLL,TX,ASW,CE,Federal Contract Tower,0,6,27,4,37,0,2,39,5,46,0,8,66,9,83,34,0,34,117
06/02/2020,CLL,TX,ASW,CE,Federal Contract Tower,0,4,37,58,99,0,3,43,3,49,0,7,80,61,148,32,8,40,188
06/03/2020,CLL,TX,ASW,CE,Federal Contract Tower,0,3,15,8,26,0,2,30,2,34,0,5,45,10,60,38,24,62,122
06/04/2020,CLL,TX,ASW,CE,Federal Contract Tower,0,4,24,109,137,0,0,50,8,58,0,4,74,117,195,22,16,38,233
06/05/2020,CLL,TX,ASW,CE,Federal Contract Tower,0,6,31,72,109,0,5,45,8,58,0,11,76,80,167,48,32,80,247
06/06/2020,CLL,TX,ASW,CE,Federal Contract Tower,0,2,24,9,35,0,6,41,6,53,0,8,65,15,88,42,0,42,130
06/07/2020,CLL,TX,ASW,CE,Federal Contract Tower,0,1,14,30,45,0,8,61,3,72,0,9,75,33,117,38,6,44,161
06/08/2020,CLL,TX,ASW,CE,Federal Contract Tower,0,3,17,61,81,0,3,53,13,69,0,6,70,74,150,4,32,36,186
06/09/2020,CLL,TX,ASW,CE,Federal Contract Tower,0,4,13,55,72,0,0,43,16,59,0,4,56,71,131,72,36,108,239
06/10/2020,CLL,TX,ASW,CE,Federal Contract Tower,0,6,42,93,141,0,2,39,10,51,0,8,81,103,192,10,20,30,222
06/11/2020,CLL,TX,ASW,CE,Federal Contract Tower,0,5,27,75,107,0,10,53,9,72,0,15,80,84,179,22,26,48,227
06/12/2020,CLL,TX,ASW,CE,Federal Contract Tower,0,2,31,50,83,0,8,49,17,74,0,10,80,67,157,0,40,40,197
06/13/2020,CLL,TX,ASW,CE,Federal Contract Tower,0,3,12,38,53,0,2,48,3,53,0,5,60,41,106,24,16,40,146
06/14/2020,CLL,TX,ASW,CE,Federal Contract Tower,0,1,15,35,51,0,1,32,5,38,0,2,47,40,89,24,14,38,127
06/15/2020,CLL,TX,ASW,CE,Federal Contract Tower,0,3,19,43,65,0,2,29,9,40,0,5,48,52,105,16,6,22,127
06/16/2020,CLL,TX,ASW,CE,Federal Contract Tower,0,4,19,44,67,0,8,43,3,54,0,12,62,47,121,22,12,34,155
06/17/2020,CLL,TX,ASW,CE,Federal Contract Tower,0,4,37,36,77,0,0,31,20,51,0,4,68,56,128,44,24,68,196
06/18/2020,CLL,TX,ASW,CE,Federal Contract Tower,0,5,18,44,67,0,15,39,7,61,0,20,57,51,128,2,50,52,180
06/19/2020,CLL,TX,ASW,CE,Federal Contract Tower,0,6,26,9,41,0,0,25,6,31,0,6,51,15,72,8,6,14,86
06/20/2020,CLL,TX,ASW,CE,Federal Contract Tower,0,4,14,27,45,0,5,34,6,45,0,9,48,33,90,72,16,88,178
06/21/2020,CLL,TX,ASW,CE,Federal Contract Tower,0,3,10,9,22,0,1,15,0,16,0,4,25,9,38,14,0,14,52
06/22/2020,CLL,TX,ASW,CE,Federal Contract Tower,0,5,17,8,30,0,4,35,0,39,0,9,52,8,69,26,4,30,99
06/23/2020,CLL,TX,ASW,CE,Federal Contract Tower,0,5,11,1,17,0,3,20,1,24,0,8,31,2,41,50,0,50,91
06/24/2020,CLL,TX,ASW,CE,Federal Contract Tower,0,6,13,30,49,0,2,11,0,13,0,8,24,30,62,36,8,44,106
06/25/2020,CLL,TX,ASW,CE,Federal Contract Tower,0,5,13,4,22,0,3,13,2,18,0,8,26,6,40,4,0,4,44
06/26/2020,CLL,TX,ASW,CE,Federal Contract Tower,0,3,19,11,33,0,2,9,2,13,0,5,28,13,46,20,0,20,66
06/27/2020,CLL,TX,ASW,CE,Federal Contract Tower,0,2,29,46,77,0,0,22,15,37,0,2,51,61,114,10,22,32,146
06/28/2020,CLL,TX,ASW,CE,Federal Contract Tower,0,4,4,38,46,0,3,10,6,19,0,7,14,44,65,18,18,36,101
06/29/2020,CLL,TX,ASW,CE,Federal Contract Tower,0,3,21,68,92,0,0,25,8,33,0,3,46,76,125,4,0,4,129
06/30/2020,CLL,TX,ASW,CE,Federal Contract Tower,0,3,19,72,94,0,2,26,10,38,0,5,45,82,132,14,10,24,156
07/01/2020,CLL,TX,ASW,CE,Federal Contract Tower,0,4,26,85,115,0,4,48,16,68,0,8,74,101,183,22,14,36,219
07/02/2020,CLL,TX,ASW,CE,Federal Contract Tower,0,5,19,14,38,0,4,58,3,65,0,9,77,17,103,36,0,36,139
07/04/2020,CLL,TX,ASW,CE,Federal Contract Tower,0,4,13,0,17,0,3,26,0,29,0,7,39,0,46,38,0,38,84
07/05/2020,CLL,TX,ASW,CE,Federal Contract Tower,0,3,4,14,21,0,0,42,0,42,0,3,46,14,63,22,0,22,85
07/06/2020,CLL,TX,ASW,CE,Federal Contract Tower,0,3,19,0,22,0,2,42,2,46,0,5,61,2,68,44,0,44,112
07/07/2020,CLL,TX,ASW,CE,Federal Contract Tower,0,6,27,42,75,0,1,24,1,26,0,7,51,43,101,44,0,44,145
07/08/2020,CLL,TX,ASW,CE,Federal Contract Tower,0,6,27,110,143,0,2,62,14,78,0,8,89,124,221,26,18,44,265
07/09/2020,CLL,TX,ASW,CE,Federal Contract Tower,0,9,24,108,141,0,4,63,24,91,0,13,87,132,232,28,76,104,336
07/10/2020,CLL,TX,ASW,CE,Federal Contract Tower,0,7,16,52,75,0,4,68,9,81,0,11,84,61,156,24,12,36,192
07/11/2020,CLL,TX,ASW,CE,Federal Contract Tower,0,6,14,23,43,0,1,56,2,59,0,7,70,25,102,14,0,14,116
07/13/2020,CLL,TX,ASW,CE,Federal Contract Tower,0,13,20,78,111,0,2,33,17,52,0,15,53,95,163,44,36,80,243
07/14/2020,CLL,TX,ASW,CE,Federal Contract Tower,0,8,21,52,81,0,59,19,0,78,0,67,40,52,159,76,52,128,287
07/15/2020,CLL,TX,ASW,CE,Federal Contract Tower,0,13,27,31,71,0,4,60,20,84,0,17,87,51,155,56,32,88,243
07/16/2020,CLL,TX,ASW,CE,Federal Contract Tower,0,10,32,40,82,0,7,76,12,95,0,17,108,52,177,70,28,98,275
07/17/2020,CLL,TX,ASW,CE,Federal Contract Tower,0,10,11,18,39,0,7,45,2,54,0,17,56,20,93,34,0,34,127
07/19/2020,CLL,TX,ASW,CE,Federal Contract Tower,0,4,22,28,54,0,6,28,1,35,0,10,50,29,89,38,2,40,129
07/20/2020,CLL,TX,ASW,CE,Federal Contract Tower,0,10,20,49,79,0,0,41,11,52,0,10,61,60,131,64,20,84,215
07/21/2020,CLL,TX,ASW,CE,Federal Contract Tower,0,6,16,21,43,0,3,17,11,31,0,9,33,32,74,56,0,56,130
07/22/2020,CLL,TX,ASW,CE,Federal Contract Tower,0,7,20,14,41,0,5,28,7,40,0,12,48,21,81,24,2,26,107
07/23/2020,CLL,TX,ASW,CE,Federal Contract Tower,0,8,43,63,114,0,3,61,14,78,0,11,104,77,192,44,6,50,242
07/24/2020,CLL,TX,ASW,CE,Federal Contract Tower,0,6,27,8,41,0,6,38,2,46,0,12,65,10,87,28,0,28,115
07/25/2020,CLL,TX,ASW,CE,Federal Contract Tower,0,6,8,5,19,0,0,9,1,10,0,6,17,6,29,30,0,30,59
07/26/2020,CLL,TX,ASW,CE,Federal Contract Tower,0,8,8,0,16,0,0,8,0,8,0,8,16,0,24,8,0,8,32
07/27/2020,CLL,TX,ASW,CE,Federal Contract Tower,0,6,19,35,60,0,4,26,0,30,0,10,45,35,90,32,2,34,124
07/28/2020,CLL,TX,ASW,CE,Federal Contract Tower,0,7,33,10,50,0,1,12,2,15,0,8,45,12,65,32,0,32,97
07/29/2020,CLL,TX,ASW,CE,Federal Contract Tower,2,7,35,13,57,0,2,35,4,41,2,9,70,17,98,28,4,32,130
07/30/2020,CLL,TX,ASW,CE,Federal Contract Tower,0,12,29,74,115,0,0,67,19,86,0,12,96,93,201,36,0,36,237
07/31/2020,CLL,TX,ASW,CE,Federal Contract Tower,0,15,17,12,44,0,3,25,3,31,0,18,42,15,75,14,18,32,107
08/01/2020,CLL,TX,ASW,CE,Federal Contract Tower,0,4,30,24,58,0,3,57,6,66,0,7,87,30,124,38,22,60,184
08/03/2020,CLL,TX,ASW,CE,Federal Contract Tower,0,10,23,39,72,0,2,50,8,60,0,12,73,47,132,24,32,56,188
08/04/2020,CLL,TX,ASW,CE,Federal Contract Tower,0,9,39,53,101,0,2,59,22,83,0,11,98,75,184,38,56,94,278
08/05/2020,CLL,TX,ASW,CE,Federal Contract Tower,0,9,23,73,105,0,9,44,12,65,0,18,67,85,170,10,38,48,218
08/06/2020,CLL,TX,ASW,CE,Federal Contract Tower,0,10,37,50,97,0,7,59,9,75,0,17,96,59,172,28,14,42,214
08/07/2020,CLL,TX,ASW,CE,Federal Contract Tower,0,8,32,66,106,0,0,38,11,49,0,8,70,77,155,70,48,118,273
08/08/2020,CLL,TX,ASW,CE,Federal Contract Tower,0,8,10,39,57,0,4,54,4,62,0,12,64,43,119,36,8,44,163
08/09/2020,CLL,TX,ASW,CE,Federal Contract Tower,0,6,27,9,42,0,5,36,3,44,0,11,63,12,86,10,2,12,98
08/10/2020,CLL,TX,ASW,CE,Federal Contract Tower,0,9,21,37,67,0,0,44,10,54,0,9,65,47,121,58,32,90,211
08/11/2020,CLL,TX,ASW,CE,Federal Contract Tower,0,10,26,48,84,0,4,52,10,66,0,14,78,58,150,36,18,54,204
08/12/2020,CLL,TX,ASW,CE,Federal Contract Tower,0,10,37,75,122,0,2,61,20,83,0,12,98,95,205,48,80,128,333
08/13/2020,CLL,TX,ASW,CE,Federal Contract Tower,0,10,32,27,69,0,4,48,21,73,0,14,80,48,142,18,4,22,164
08/14/2020,CLL,TX,ASW,CE,Federal Contract Tower,0,7,36,17,60,0,2,71,4,77,0,9,107,21,137,32,4,36,173
08/15/2020,CLL,TX,ASW,CE,Federal Contract Tower,0,4,51,19,74,0,6,62,3,71,0,10,113,22,145,74,4,78,223
08/16/2020,CLL,TX,ASW,CE,Federal Contract Tower,0,8,18,27,53,0,3,40,2,45,0,11,58,29,98,54,0,54,152
08/17/2020,CLL,TX,ASW,CE,Federal Contract Tower,0,21,29,29,79,0,4,56,19,79,0,25,85,48,158,28,28,56,214
08/18/2020,CLL,TX,ASW,CE,Federal Contract Tower,0,8,23,60,91,0,0,61,16,77,0,8,84,76,168,48,14,62,230
08/19/2020,CLL,TX,ASW,CE,Federal Contract Tower,0,7,30,33,70,0,2,53,23,78,0,9,83,56,148,36,36,72,220
08/20/2020,CLL,TX,ASW,CE,Federal Contract Tower,0,7,28,58,93,0,6,70,11,87,0,13,98,69,180,26,36,62,242
08/21/2020,CLL,TX,ASW,CE,Federal Contract Tower,0,12,26,43,81,0,3,36,5,44,0,15,62,48,125,20,2,22,147
08/22/2020,CLL,TX,ASW,CE,Federal Contract Tower,0,5,11,16,32,0,4,35,1,40,0,9,46,17,72,62,4,66,138
08/23/2020,CLL,TX,ASW,CE,Federal Contract Tower,0,9,16,34,59,0,0,42,9,51,0,9,58,43,110,10,24,34,144
08/24/2020,CLL,TX,ASW,CE,Federal Contract Tower,0,11,20,56,87,0,2,53,3,58,0,13,73,59,145,58,0,58,203
08/25/2020,CLL,TX,ASW,CE,Federal Contract Tower,0,10,26,80,116,0,2,38,14,54,0,12,64,94,170,6,14,20,190
08/26/2020,CLL,TX,ASW,CE,Federal Contract Tower,0,5,12,0,17,0,5,8,5,18,0,10,20,5,35,48,0,48,83
08/27/2020,CLL,TX,ASW,CE,Federal Contract Tower,0,8,17,15,40,0,4,31,9,44,0,12,48,24,84,14,22,36,120
08/28/2020,CLL,TX,ASW,CE,Federal Contract Tower,0,7,23,39,69,0,2,39,4,45,0,9,62,43,114,42,8,50,164
08/29/2020,CLL,TX,ASW,CE,Federal Contract Tower,0,6,20,14,40,0,5,45,4,54,0,11,65,18,94,26,24,50,144
08/30/2020,CLL,TX,ASW,CE,Federal Contract Tower,0,6,25,50,81,0,1,47,4,52,0,7,72,54,133,22,30,52,185
08/31/2020,CLL,TX,ASW,CE,Federal Contract Tower,0,13,36,45,94,0,9,38,15,62,0,22,74,60,156,22,70,92,248
09/01/2020,CLL,TX,ASW,CE,Federal Contract Tower,0,8,35,74,117,0,2,31,17,50,0,10,66,91,167,8,18,26,193
09/02/2020,CLL,TX,ASW,CE,Federal Contract Tower,0,10,33,23,66,0,4,25,4,33,0,14,58,27,99,40,8,48,147
09/03/2020,CLL,TX,ASW,CE,Federal Contract Tower,0,9,12,6,27,0,5,12,0,17,0,14,24,6,44,54,0,54,98
09/04/2020,CLL,TX,ASW,CE,Federal Contract Tower,0,8,17,4,29,0,2,3,0,5,0,10,20,4,34,0,0,0,34
09/05/2020,CLL,TX,ASW,CE,Federal Contract Tower,0,3,34,12,49,0,1,22,4,27,0,4,56,16,76,36,0,36,112
09/06/2020,CLL,TX,ASW,CE,Federal Contract Tower,0,9,26,28,63,0,0,34,2,36,0,9,60,30,99,22,0,22,121
09/07/2020,CLL,TX,ASW,CE,Federal Contract Tower,0,8,18,2,28,0,0,59,0,59,0,8,77,2,87,30,0,30,117
09/08/2020,CLL,TX,ASW,CE,Federal Contract Tower,0,9,29,4,42,0,2,26,0,28,0,11,55,4,70,74,0,74,144
09/09/2020,CLL,TX,ASW,CE,Federal Contract Tower,0,6,12,8,26,0,5,36,2,43,0,11,48,10,69,72,0,72,141
09/10/2020,CLL,TX,ASW,CE,Federal Contract Tower,0,8,15,72,95,0,4,0,0,4,0,12,15,72,99,0,0,0,99
09/11/2020,CLL,TX,ASW,CE,Federal Contract Tower,0,12,36,87,135,0,4,42,8,54,0,16,78,95,189,50,8,58,247
09/12/2020,CLL,TX,ASW,CE,Federal Contract Tower,0,13,30,61,104,0,4,74,3,81,0,17,104,64,185,44,26,70,255
09/13/2020,CLL,TX,ASW,CE,Federal Contract Tower,0,7,26,19,52,0,5,36,0,41,0,12,62,19,93,4,8,12,105
09/14/2020,CLL,TX,ASW,CE,Federal Contract Tower,0,8,33,23,64,0,1,42,11,54,0,9,75,34,118,34,14,48,166
09/15/2020,CLL,TX,ASW,CE,Federal Contract Tower,0,11,18,43,72,0,0,41,13,54,0,11,59,56,126,88,14,102,228
09/16/2020,CLL,TX,ASW,CE,Federal Contract Tower,0,9,40,35,84,0,1,51,15,67,0,10,91,50,151,64,38,102,253
09/17/2020,CLL,TX,ASW,CE,Federal Contract Tower,0,8,12,11,31,0,2,48,0,50,0,10,60,11,81,36,0,36,117
09/18/2020,CLL,TX,ASW,CE,Federal Contract Tower,3,6,30,105,144,0,6,74,10,90,3,12,104,115,234,52,26,78,312
09/19/2020,CLL,TX,ASW,CE,Federal Contract Tower,0,6,18,22,46,0,4,43,1,48,0,10,61,23,94,26,12,38,132
09/21/2020,CLL,TX,ASW,CE,Federal Contract Tower,0,6,15,2,23,0,2,9,0,11,0,8,24,2,34,36,0,36,70
09/22/2020,CLL,TX,ASW,CE,Federal Contract Tower,0,12,21,4,37,0,0,0,0,0,0,12,21,4,37,0,0,0,37
09/23/2020,CLL,TX,ASW,CE,Federal Contract Tower,0,7,31,62,100,0,5,7,4,16,0,12,38,66,116,12,10,22,138
09/24/2020,CLL,TX,ASW,CE,Federal Contract Tower,0,6,42,82,130,0,4,50,18,72,0,10,92,100,202,68,16,84,286
09/25/2020,CLL,TX,ASW,CE,Federal Contract Tower,0,6,70,43,119,0,5,79,2,86,0,11,149,45,205,6,2,8,213
09/26/2020,CLL,TX,ASW,CE,Federal Contract Tower,2,9,46,4,61,0,3,49,4,56,2,12,95,8,117,26,0,26,143
09/27/2020,CLL,TX,ASW,CE,Federal Contract Tower,0,7,30,5,42,0,1,37,2,40,0,8,67,7,82,48,4,52,134
09/28/2020,CLL,TX,ASW,CE,Federal Contract Tower,0,8,23,33,64,0,4,39,5,48,0,12,62,38,112,38,14,52,164
09/29/2020,CLL,TX,ASW,CE,Federal Contract Tower,0,9,43,60,112,0,4,65,7,76,0,13,108,67,188,16,6,22,210
09/30/2020,CLL,TX,ASW,CE,Federal Contract Tower,0,16,16,42,74,0,4,77,20,101,0,20,93,62,175,50,12,62,237
10/01/2020,CLL,TX,ASW,CE,Federal Contract Tower,0,12,40,42,94,0,2,61,15,78,0,14,101,57,172,38,68,106,278
10/02/2020,CLL,TX,ASW,CE,Federal Contract Tower,2,13,38,28,81,0,7,86,17,110,2,20,124,45,191,58,10,68,259
10/03/2020,CLL,TX,ASW,CE,Federal Contract Tower,2,6,21,31,60,0,7,89,5,101,2,13,110,36,161,48,8,56,217
10/04/2020,CLL,TX,ASW,CE,Federal Contract Tower,2,9,13,12,36,0,2,67,2,71,2,11,80,14,107,60,4,64,171
10/05/2020,CLL,TX,ASW,CE,Federal Contract Tower,0,5,32,39,76,0,2,68,5,75,0,7,100,44,151,8,20,28,179
10/06/2020,CLL,TX,ASW,CE,Federal Contract Tower,0,7,18,53,78,0,4,68,27,99,0,11,86,80,177,80,54,134,311
10/07/2020,CLL,TX,ASW,CE,Federal Contract Tower,0,13,26,66,105,0,10,50,14,74,0,23,76,80,179,42,46,88,267
10/08/2020,CLL,TX,ASW,CE,Federal Contract Tower,0,20,29,31,80,0,7,55,23,85,0,27,84,54,165,10,20,30,195
10/09/2020,CLL,TX,ASW,CE,Federal Contract Tower,3,16,46,10,75,0,5,31,3,39,3,21,77,13,114,20,4,24,138
10/10/2020,CLL,TX,ASW,CE,Federal Contract Tower,1,11,47,10,69,0,2,35,6,43,1,13,82,16,112,0,0,0,112
10/11/2020,CLL,TX,ASW,CE,Federal Contract Tower,0,13,25,4,42,0,5,45,14,64,0,18,70,18,106,6,0,6,112
10/12/2020,CLL,TX,ASW,CE,Federal Contract Tower,0,10,16,10,36,0,2,34,0,36,0,12,50,10,72,32,0,32,104
10/13/2020,CLL,TX,ASW,CE,Federal Contract Tower,0,10,42,48,100,0,6,63,12,81,0,16,105,60,181,50,12,62,243
10/14/2020,CLL,TX,ASW,CE,Federal Contract Tower,0,11,37,69,117,0,5,53,23,81,0,16,90,92,198,0,10,10,208
10/15/2020,CLL,TX,ASW,CE,Federal Contract Tower,0,12,47,46,105,0,7,39,6,52,0,19,86,52,157,22,0,22,179
10/16/2020,CLL,TX,ASW,CE,Federal Contract Tower,2,12,39,32,85,0,4,74,10,88,2,16,113,42,173,56,48,104,277
10/17/2020,CLL,TX,ASW,CE,Federal Contract Tower,0,6,33,22,61,0,8,98,0,106,0,14,131,22,167,42,2,44,211
10/18/2020,CLL,TX,ASW,CE,Federal Contract Tower,0,10,24,24,58,0,2,52,9,63,0,12,76,33,121,2,32,34,155
10/19/2020,CLL,TX,ASW,CE,Federal Contract Tower,0,9,17,46,72,0,2,32,11,45,0,11,49,57,117,18,8,26,143
10/20/2020,CLL,TX,ASW,CE,Federal Contract Tower,0,10,40,68,118,0,5,42,19,66,0,15,82,87,184,44,44,88,272
10/21/2020,CLL,TX,ASW,CE,Federal Contract Tower,0,10,38,22,70,0,4,41,2,47,0,14,79,24,117,56,0,56,173
10/22/2020,CLL,TX,ASW,CE,Federal Contract Tower,2,14,26,52,94,0,3,53,8,64,2,17,79,60,158,80,2,82,240
10/23/2020,CLL,TX,ASW,CE,Federal Contract Tower,0,12,26,21,59,0,2,12,0,14,0,14,38,21,73,0,0,0,73
10/24/2020,CLL,TX,ASW,CE,Federal Contract Tower,0,4,21,61,86,0,2,58,10,70,0,6,79,71,156,26,14,40,196
10/25/2020,CLL,TX,ASW,CE,Federal Contract Tower,0,12,41,2,55,0,2,13,0,15,0,14,54,2,70,0,0,0,70
10/26/2020,CLL,TX,ASW,CE,Federal Contract Tower,0,14,16,7,37,0,1,11,1,13,0,15,27,8,50,34,2,36,86
10/27/2020,CLL,TX,ASW,CE,Federal Contract Tower,0,16,25,19,60,0,0,0,0,0,0,16,25,19,60,0,0,0,60
10/28/2020,CLL,TX,ASW,CE,Federal Contract Tower,0,15,28,32,75,0,0,8,6,14,0,15,36,38,89,8,6,14,103
10/29/2020,CLL,TX,ASW,CE,Federal Contract Tower,2,21,27,42,92,0,5,46,6,57,2,26,73,48,149,8,10,18,167
10/30/2020,CLL,TX,ASW,CE,Federal Contract Tower,2,18,48,54,122,0,4,109,10,123,2,22,157,64,245,28,42,70,315
10/31/2020,CLL,TX,ASW,CE,Federal Contract Tower,2,20,45,33,100,0,2,74,8,84,2,22,119,41,184,36,12,48,232
11/01/2020,CLL,TX,ASW,CE,Federal Contract Tower,0,11,44,39,94,0,0,53,1,54,0,11,97,40,148,38,0,38,186
11/02/2020,CLL,TX,ASW,CE,Federal Contract Tower,0,8,21,65,94,0,0,57,17,74,0,8,78,82,168,90,10,100,268
11/03/2020,CLL,TX,ASW,CE,Federal Contract Tower,0,8,34,39,81,0,2,83,10,95,0,10,117,49,176,44,32,76,252
11/04/2020,CLL,TX,ASW,CE,Federal Contract Tower,0,11,42,52,105,0,2,89,13,104,0,13,131,65,209,42,16,58,267
11/05/2020,CLL,TX,ASW,CE,Federal Contract Tower,0,13,24,51,88,0,2,77,10,89,0,15,101,61,177,46,38,84,261
11/06/2020,CLL,TX,ASW,CE,Federal Contract Tower,2,10,47,41,100,0,5,68,4,77,2,15,115,45,177,34,28,62,239
11/07/2020,CLL,TX,ASW,CE,Federal Contract Tower,0,6,3,15,24,0,0,53,8,61,0,6,56,23,85,80,68,148,233
11/08/2020,CLL,TX,ASW,CE,Federal Contract Tower,0,9,36,16,61,0,2,13,0,15,0,11,49,16,76,14,0,14,90
11/09/2020,CLL,TX,ASW,CE,Federal Contract Tower,0,10,35,85,130,0,2,47,14,63,0,12,82,99,193,42,12,54,247
11/10/2020,CLL,TX,ASW,CE,Federal Contract Tower,0,11,25,84,120,0,1,52,8,61,0,12,77,92,181,20,50,70,251
11/11/2020,CLL,TX,ASW,CE,Federal Contract Tower,0,10,38,4,52,0,0,84,0,84,0,10,122,4,136,68,0,68,204
11/12/2020,CLL,TX,ASW,CE,Federal Contract Tower,0,8,32,67,107,0,2,73,12,87,0,10,105,79,194,12,54,66,260
11/13/2020,CLL,TX,ASW,CE,Federal Contract Tower,0,13,30,117,160,0,1,40,5,46,0,14,70,122,206,6,26,32,238
11/14/2020,CLL,TX,ASW,CE,Federal Contract Tower,0,9,11,29,49,0,6,38,5,49,0,15,49,34,98,66,8,74,172
11/15/2020,CLL,TX,ASW,CE,Federal Contract Tower,2,9,17,31,59,0,0,50,3,53,2,9,67,34,112,26,0,26,138
11/16/2020,CLL,TX,ASW,CE,Federal Contract Tower,0,8,19,54,81,0,0,51,8,59,0,8,70,62,140,56,2,58,198
11/17/2020,CLL,TX,ASW,CE,Federal Contract Tower,0,13,20,48,81,0,2,83,17,102,0,15,103,65,183,28,34,62,245
11/18/2020,CLL,TX,ASW,CE,Federal Contract Tower,0,10,30,36,76,0,7,59,12,78,0,17,89,48,154,92,22,114,268
11/19/2020,CLL,TX,ASW,CE,Federal Contract Tower,0,9,34,63,106,0,0,52,6,58,0,9,86,69,164,10,0,10,174
11/20/2020,CLL,TX,ASW,CE,Federal Contract Tower,2,11,45,60,118,0,3,46,6,55,2,14,91,66,173,68,0,68,241
11/21/2020,CLL,TX,ASW,CE,Federal Contract Tower,0,15,39,55,109,0,3,50,10,63,0,18,89,65,172,30,10,40,212
11/22/2020,CLL,TX,ASW,CE,Federal Contract Tower,0,11,15,15,41,0,2,46,1,49,0,13,61,16,90,58,0,58,148
11/23/2020,CLL,TX,ASW,CE,Federal Contract Tower,0,11,58,55,124,0,1,15,8,24,0,12,73,63,148,18,18,36,184
11/24/2020,CLL,TX,ASW,CE,Federal Contract Tower,0,8,32,46,86,0,2,17,10,29,0,10,49,56,115,0,10,10,125
11/25/2020,CLL,TX,ASW,CE,Federal Contract Tower,0,15,20,13,48,0,4,47,1,52,0,19,67,14,100,52,0,52,152
11/26/2020,CLL,TX,ASW,CE,Federal Contract Tower,0,6,4,0,10,0,0,19,0,19,0,6,23,0,29,4,0,4,33
11/27/2020,CLL,TX,ASW,CE,Federal Contract Tower,3,12,13,0,28,0,0,0,0,0,3,12,13,0,28,0,0,0,28
11/28/2020,CLL,TX,ASW,CE,Federal Contract Tower,1,23,31,0,55,0,0,0,0,0,1,23,31,0,55,0,0,0,55
11/29/2020,CLL,TX,ASW,CE,Federal Contract Tower,0,20,52,11,83,0,3,10,0,13,0,23,62,11,96,18,0,18,114
11/30/2020,CLL,TX,ASW,CE,Federal Contract Tower,0,18,29,85,132,0,0,72,5,77,0,18,101,90,209,62,22,84,293
12/01/2020,CLL,TX,ASW,CE,Federal Contract Tower,0,8,30,84,122,0,0,57,27,84,0,8,87,111,206,32,68,100,306
12/02/2020,CLL,TX,ASW,CE,Federal Contract Tower,0,10,28,12,50,0,0,8,2,10,0,10,36,14,60,28,0,28,88
12/03/2020,CLL,TX,ASW,CE,Federal Contract Tower,0,12,47,59,118,0,8,77,14,99,0,20,124,73,217,68,24,92,309
12/04/2020,CLL,TX,ASW,CE,Federal Contract Tower,2,14,44,121,181,0,1,71,21,93,2,15,115,142,274,88,31,119,393
12/05/2020,CLL,TX,ASW,CE,Federal Contract Tower,2,5,28,52,87,0,6,61,2,69,2,11,89,54,156,48,28,76,232
12/06/2020,CLL,TX,ASW,CE,Federal Contract Tower,0,8,22,15,45,0,3,43,2,48,0,11,65,17,93,32,0,32,125
12/07/2020,CLL,TX,ASW,CE,Federal Contract Tower,0,14,16,50,80,0,1,54,15,70,0,15,70,65,150,62,28,90,240
12/08/2020,CLL,TX,ASW,CE,Federal Contract Tower,0,9,20,57,86,0,1,67,17,85,0,10,87,74,171,28,6,34,205
12/09/2020,CLL,TX,ASW,CE,Federal Contract Tower,2,13,25,59,99,0,2,52,10,64,2,15,77,69,163,62,56,118,281
12/10/2020,CLL,TX,ASW,CE,Federal Contract Tower,0,13,18,56,87,0,6,75,18,99,0,19,93,74,186,22,18,40,226
12/11/2020,CLL,TX,ASW,CE,Federal Contract Tower,0,20,23,28,71,0,0,7,2,9,0,20,30,30,80,22,4,26,106
12/12/2020,CLL,TX,ASW,CE,Federal Contract Tower,0,15,30,42,87,0,10,74,3,87,0,25,104,45,174,12,6,18,192
12/13/2020,CLL,TX,ASW,CE,Federal Contract Tower,0,5,4,26,35,0,0,0,0,0,0,5,4,26,35,0,0,0,35
12/14/2020,CLL,TX,ASW,CE,Federal Contract Tower,0,9,34,57,100,0,2,51,6,59,0,11,85,63,159,98,18,116,275
12/16/2020,CLL,TX,ASW,CE,Federal Contract Tower,0,8,28,91,127,0,0,57,11,68,0,8,85,102,195,34,48,82,277
12/17/2020,CLL,TX,ASW,CE,Federal Contract Tower,0,12,25,86,123,0,0,84,19,103,0,12,109,105,226,68,28,96,322
12/18/2020,CLL,TX,ASW,CE,Federal Contract Tower,2,17,34,54,107,0,0,61,5,66,2,17,95,59,173,56,8,64,237
12/19/2020,CLL,TX,ASW,CE,Federal Contract Tower,1,7,3,0,11,0,2,8,0,10,1,9,11,0,21,14,0,14,35
12/20/2020,CLL,TX,ASW,CE,Federal Contract Tower,1,8,21,6,36,0,2,49,2,53,1,10,70,8,89,34,0,34,123
12/21/2020,CLL,TX,ASW,CE,Federal Contract Tower,0,11,24,22,57,0,0,92,19,111,0,11,116,41,168,56,14,70,238
12/22/2020,CLL,TX,ASW,CE,Federal Contract Tower,0,8,17,10,35,0,2,48,6,56,0,10,65,16,91,60,6,66,157
12/23/2020,CLL,TX,ASW,CE,Federal Contract Tower,0,10,11,0,21,0,3,12,0,15,0,13,23,0,36,4,0,4,40
12/24/2020,CLL,TX,ASW,CE,Federal Contract Tower,0,4,13,0,17,0,8,34,0,42,0,12,47,0,59,2,0,2,61
12/25/2020,CLL,TX,ASW,CE,Federal Contract Tower,0,8,2,0,10,0,2,23,0,25,0,10,25,0,35,0,0,0,35
12/26/2020,CLL,TX,ASW,CE,Federal Contract Tower,0,13,21,0,34,0,0,42,0,42,0,13,63,0,76,14,0,14,90
12/27/2020,CLL,TX,ASW,CE,Federal Contract Tower,0,7,5,0,12,0,1,38,0,39,0,8,43,0,51,14,0,14,65
12/28/2020,CLL,TX,ASW,CE,Federal Contract Tower,0,9,24,19,52,0,14,57,0,71,0,23,81,19,123,6,4,10,133
12/29/2020,CLL,TX,ASW,CE,Federal Contract Tower,0,11,15,11,37,0,6,35,0,41,0,17,50,11,78,24,0,24,102
12/30/2020,CLL,TX,ASW,CE,Federal Contract Tower,0,8,5,4,17,0,2,2,0,4,0,10,7,4,21,0,0,0,21
12/31/2020,CLL,TX,ASW,CE,Federal Contract Tower,4,3,2,0,9,0,0,0,0,0,4,3,2,0,9,0,0,0,9
01/01/2021,CLL,TX,ASW,CE,Federal Contract Tower,0,10,10,0,20,0,8,25,0,33,0,18,35,0,53,24,0,24,77
01/02/2021,CLL,TX,ASW,CE,Federal Contract Tower,2,9,53,0,64,0,2,66,0,68,2,11,119,0,132,60,0,60,192
01/03/2021,CLL,TX,ASW,CE,Federal Contract Tower,6,12,15,0,33,0,0,49,0,49,6,12,64,0,82,32,0,32,114
01/04/2021,CLL,TX,ASW,CE,Federal Contract Tower,0,6,37,4,47,0,0,56,4,60,0,6,93,8,107,74,0,74,181
01/05/2021,CLL,TX,ASW,CE,Federal Contract Tower,2,7,25,38,72,0,0,65,12,77,2,7,90,50,149,58,36,94,243
01/06/2021,CLL,TX,ASW,CE,Federal Contract Tower,1,4,11,2,18,0,1,5,4,10,1,5,16,6,28,0,0,0,28
01/07/2021,CLL,TX,ASW,CE,Federal Contract Tower,0,7,20,31,58,0,6,61,7,74,0,13,81,38,132,38,0,38,170
01/08/2021,CLL,TX,ASW,CE,Federal Contract Tower,2,8,46,71,127,0,2,54,5,61,2,10,100,76,188,54,6,60,248
01/09/2021,CLL,TX,ASW,CE,Federal Contract Tower,3,5,29,14,51,0,2,109,4,115,3,7,138,18,166,90,0,90,256
01/10/2021,CLL,TX,ASW,CE,Federal Contract Tower,1,5,2,0,8,0,0,0,1,1,1,5,2,1,9,0,0,0,9
01/11/2021,CLL,TX,ASW,CE,Federal Contract Tower,1,9,15,10,35,0,0,10,5,15,1,9,25,15,50,0,0,0,50
01/12/2021,CLL,TX,ASW,CE,Federal Contract Tower,2,9,28,73,112,0,3,45,18,66,2,12,73,91,178,72,24,96,274
01/13/2021,CLL,TX,ASW,CE,Federal Contract Tower,0,7,24,46,77,0,2,88,14,104,0,9,112,60,181,110,26,136,317
01/14/2021,CLL,TX,ASW,CE,Federal Contract Tower,0,21,20,32,73,0,11,58,23,92,0,32,78,55,165,48,8,56,221
01/15/2021,CLL,TX,ASW,CE,Federal Contract Tower,1,11,18,34,64,0,0,44,8,52,1,11,62,42,116,24,24,48,164
01/16/2021,CLL,TX,ASW,CE,Federal Contract Tower,2,5,40,15,62,0,0,106,1,107,2,5,146,16,169,64,0,64,233
01/17/2021,CLL,TX,ASW,CE,Federal Contract Tower,0,13,15,27,55,0,4,88,4,96,0,17,103,31,151,92,0,92,243
01/18/2021,CLL,TX,ASW,CE,Federal Contract Tower,0,13,48,3,64,0,2,61,0,63,0,15,109,3,127,120,0,120,247
01/19/2021,CLL,TX,ASW,CE,Federal Contract Tower,0,8,23,33,64,0,1,26,0,27,0,9,49,33,91,26,0,26,117
01/20/2021,CLL,TX,ASW,CE,Federal Contract Tower,0,7,18,20,45,0,0,1,1,2,0,7,19,21,47,0,2,2,49
01/21/2021,CLL,TX,ASW,CE,Federal Contract Tower,2,12,24,55,93,0,0,1,5,6,2,12,25,60,99,0,46,46,145
01/22/2021,CLL,TX,ASW,CE,Federal Contract Tower,1,15,36,43,95,0,5,3,2,10,1,20,39,45,105,14,2,16,121
01/23/2021,CLL,TX,ASW,CE,Federal Contract Tower,3,4,48,31,86,0,0,2,0,2,3,4,50,31,88,2,0,2,90
01/24/2021,CLL,TX,ASW,CE,Federal Contract Tower,1,9,14,8,32,0,0,0,0,0,1,9,14,8,32,0,0,0,32
01/25/2021,CLL,TX,ASW,CE,Federal Contract Tower,1,12,27,54,94,0,0,60,15,75,1,12,87,69,169,30,26,56,225
01/26/2021,CLL,TX,ASW,CE,Federal Contract Tower,0,7,53,59,119,0,2,78,19,99,0,9,131,78,218,70,32,102,320
01/27/2021,CLL,TX,ASW,CE,Federal Contract Tower,2,8,35,57,102,0,0,64,22,86,2,8,99,79,188,48,18,66,254
01/28/2021,CLL,TX,ASW,CE,Federal Contract Tower,0,13,26,76,115,0,4,79,23,106,0,17,105,99,221,32,40,72,293
01/29/2021,CLL,TX,ASW,CE,Federal Contract Tower,1,12,35,62,110,0,2,59,20,81,1,14,94,82,191,24,72,96,287
01/30/2021,CLL,TX,ASW,CE,Federal Contract Tower,2,5,24,34,65,0,6,7,10,23,2,11,31,44,88,16,14,30,118
01/31/2021,CLL,TX,ASW,CE,Federal Contract Tower,0,11,23,21,55,0,0,57,6,63,0,11,80,27,118,48,4,52,170
02/01/2021,CLL,TX,ASW,CE,Federal Contract Tower,0,17,21,85,123,0,4,69,16,89,0,21,90,101,212,34,8,42,254
02/02/2021,CLL,TX,ASW,CE,Federal Contract Tower,0,6,37,58,101,0,7,79,17,103,0,13,116,75,204,62,56,118,322
02/03/2021,CLL,TX,ASW,CE,Federal Contract Tower,2,5,34,89,130,0,0,55,18,73,2,5,89,107,203,94,32,126,329
02/04/2021,CLL,TX,ASW,CE,Federal Contract Tower,1,12,28,90,131,0,2,31,10,43,1,14,59,100,174,10,24,34,208
02/05/2021,CLL,TX,ASW,CE,Federal Contract Tower,0,9,17,48,74,0,7,43,5,55,0,16,60,53,129,58,20,78,207
02/06/2021,CLL,TX,ASW,CE,Federal Contract Tower,0,7,37,60,104,0,6,18,6,30,0,13,55,66,134,0,20,20,154
02/07/2021,CLL,TX,ASW,CE,Federal Contract Tower,0,11,19,36,66,0,0,75,1,76,0,11,94,37,142,48,6,54,196
02/08/2021,CLL,TX,ASW,CE,Federal Contract Tower,0,10,35,20,65,0,11,48,1,60,0,21,83,21,125,20,0,20,145
02/09/2021,CLL,TX,ASW,CE,Federal Contract Tower,0,17,30,6,53,0,1,2,0,3,0,18,32,6,56,0,0,0,56
02/10/2021,CLL,TX,ASW,CE,Federal Contract Tower,0,6,12,4,22,0,0,0,0,0,0,6,12,4,22,0,0,0,22
02/11/2021,CLL,TX,ASW,CE,Federal Contract Tower,0,9,7,2,18,0,0,0,0,0,0,9,7,2,18,0,0,0,18
02/12/2021,CLL,TX,ASW,CE,Federal Contract Tower,0,7,10,4,21,0,2,1,0,3,0,9,11,4,24,0,0,0,24
02/13/2021,CLL,TX,ASW,CE,Federal Contract Tower,0,10,4,2,16,0,0,4,0,4,0,10,8,2,20,0,0,0,20
02/14/2021,CLL,TX,ASW,CE,Federal Contract Tower,0,0,0,0,0,0,0,0,0,0,0,0,0,0,0,0,0,0,0
02/15/2021,CLL,TX,ASW,CE,Federal Contract Tower,0,0,0,0,0,0,0,0,0,0,0,0,0,0,0,0,0,0,0
02/16/2021,CLL,TX,ASW,CE,Federal Contract Tower,0,2,0,0,2,0,5,0,0,5,0,7,0,0,7,0,0,0,7
02/17/2021,CLL,TX,ASW,CE,Federal Contract Tower,0,0,0,0,0,0,0,0,0,0,0,0,0,0,0,0,0,0,0
02/18/2021,CLL,TX,ASW,CE,Federal Contract Tower,0,0,0,0,0,0,0,0,0,0,0,0,0,0,0,0,0,0,0
02/19/2021,CLL,TX,ASW,CE,Federal Contract Tower,0,2,5,0,7,0,4,20,0,24,0,6,25,0,31,2,0,2,33
02/20/2021,CLL,TX,ASW,CE,Federal Contract Tower,2,10,36,6,54,0,7,70,1,78,2,17,106,7,132,14,16,30,162
02/21/2021,CLL,TX,ASW,CE,Federal Contract Tower,1,9,32,8,50,0,2,48,6,56,1,11,80,14,106,34,4,38,144
02/22/2021,CLL,TX,ASW,CE,Federal Contract Tower,0,12,18,17,47,0,2,73,11,86,0,14,91,28,133,62,12,74,207
02/23/2021,CLL,TX,ASW,CE,Federal Contract Tower,0,8,18,46,72,0,9,76,29,114,0,17,94,75,186,80,56,136,322
02/24/2021,CLL,TX,ASW,CE,Federal Contract Tower,2,8,48,45,103,0,5,51,27,83,2,13,99,72,186,36,0,36,222
02/25/2021,CLL,TX,ASW,CE,Federal Contract Tower,0,14,22,30,66,0,1,0,0,1,0,15,22,30,67,0,0,0,67
02/26/2021,CLL,TX,ASW,CE,Federal Contract Tower,0,11,35,27,73,0,2,15,2,19,0,13,50,29,92,6,4,10,102
02/27/2021,CLL,TX,ASW,CE,Federal Contract Tower,0,12,37,44,93,0,2,22,2,26,0,14,59,46,119,20,4,24,143
02/28/2021,CLL,TX,ASW,CE,Federal Contract Tower,1,14,37,53,105,0,1,30,1,32,1,15,67,54,137,56,0,56,193
03/01/2021,CLL,TX,ASW,CE,Federal Contract Tower,0,9,23,4,36,0,0,0,0,0,0,9,23,4,36,0,0,0,36
03/03/2021,CLL,TX,ASW,CE,Federal Contract Tower,2,10,49,38,99,0,2,93,17,112,2,12,142,55,211,106,10,116,327
03/04/2021,CLL,TX,ASW,CE,Federal Contract Tower,0,12,37,33,82,0,2,65,9,76,0,14,102,42,158,32,24,56,214
03/05/2021,CLL,TX,ASW,CE,Federal Contract Tower,2,14,38,49,103,0,5,56,6,67,2,19,94,55,170,64,4,68,238
03/06/2021,CLL,TX,ASW,CE,Federal Contract Tower,1,7,42,69,119,0,7,108,6,121,1,14,150,75,240,4,10,14,254
03/07/2021,CLL,TX,ASW,CE,Federal Contract Tower,3,12,15,14,44,0,6,82,5,93,3,18,97,19,137,26,14,40,177
03/08/2021,CLL,TX,ASW,CE,Federal Contract Tower,0,11,23,25,59,0,10,73,8,91,0,21,96,33,150,8,48,56,206
03/09/2021,CLL,TX,ASW,CE,Federal Contract Tower,1,9,44,55,109,0,0,38,18,56,1,9,82,73,165,44,26,70,235
03/10/2021,CLL,TX,ASW,CE,Federal Contract Tower,0,12,24,38,74,0,1,22,15,38,0,13,46,53,112,2,60,62,174
03/11/2021,CLL,TX,ASW,CE,Federal Contract Tower,1,15,41,74,131,0,0,52,10,62,1,15,93,84,193,10,12,22,215
03/12/2021,CLL,TX,ASW,CE,Federal Contract Tower,0,15,53,103,171,0,1,49,8,58,0,16,102,111,229,36,28,64,293
03/13/2021,CLL,TX,ASW,CE,Federal Contract Tower,0,11,31,29,71,0,4,40,1,45,0,15,71,30,116,48,10,58,174
03/14/2021,CLL,TX,ASW,CE,Federal Contract Tower,0,10,17,22,49,0,1,7,4,12,0,11,24,26,61,0,10,10,71
03/15/2021,CLL,TX,ASW,CE,Federal Contract Tower,0,12,32,30,74,0,7,71,9,87,0,19,103,39,161,70,40,110,271
03/16/2021,CLL,TX,ASW,CE,Federal Contract Tower,0,8,32,47,87,0,4,26,16,46,0,12,58,63,133,8,52,60,193
03/17/2021,CLL,TX,ASW,CE,Federal Contract Tower,2,8,14,35,59,0,0,51,12,63,2,8,65,47,122,34,58,92,214
03/18/2021,CLL,TX,ASW,CE,Federal Contract Tower,0,20,33,38,91,0,0,76,2,78,0,20,109,40,169,48,20,68,237
03/19/2021,CLL,TX,ASW,CE,Federal Contract Tower,0,17,24,63,104,0,2,96,14,112,0,19,120,77,216,50,32,82,298
03/20/2021,CLL,TX,ASW,CE,Federal Contract Tower,2,10,12,34,58,0,4,89,10,103,2,14,101,44,161,30,10,40,201
03/21/2021,CLL,TX,ASW,CE,Federal Contract Tower,0,14,24,23,61,0,5,101,6,112,0,19,125,29,173,50,12,62,235
03/22/2021,CLL,TX,ASW,CE,Federal Contract Tower,0,11,24,22,57,0,7,48,7,62,0,18,72,29,119,44,10,54,173
03/23/2021,CLL,TX,ASW,CE,Federal Contract Tower,0,10,31,67,108,0,15,66,16,97,0,25,97,83,205,60,16,76,281
03/24/2021,CLL,TX,ASW,CE,Federal Contract Tower,0,8,28,15,51,0,0,12,3,15,0,8,40,18,66,50,8,58,124
03/25/2021,CLL,TX,ASW,CE,Federal Contract Tower,0,18,40,38,96,0,2,51,5,58,0,20,91,43,154,14,14,28,182
03/26/2021,CLL,TX,ASW,CE,Federal Contract Tower,0,15,28,30,73,0,2,118,10,130,0,17,146,40,203,40,20,60,263
03/27/2021,CLL,TX,ASW,CE,Federal Contract Tower,0,11,21,22,54,0,3,16,1,20,0,14,37,23,74,0,0,0,74
03/28/2021,CLL,TX,ASW,CE,Federal Contract Tower,0,11,15,0,26,0,4,17,1,22,0,15,32,1,48,6,0,6,54
03/29/2021,CLL,TX,ASW,CE,Federal Contract Tower,0,13,30,11,54,0,3,48,3,54,0,16,78,14,108,48,0,48,156
03/30/2021,CLL,TX,ASW,CE,Federal Contract Tower,0,13,31,17,61,0,0,9,6,15,0,13,40,23,76,2,24,26,102
03/31/2021,CLL,TX,ASW,CE,Federal Contract Tower,2,10,24,12,48,0,6,17,6,29,2,16,41,18,77,0,0,0,77
04/01/2021,CLL,TX,ASW,CE,Federal Contract Tower,0,11,30,28,69,0,8,89,11,108,0,19,119,39,177,14,0,14,191
04/02/2021,CLL,TX,ASW,CE,Federal Contract Tower,0,11,16,12,39,0,0,111,6,117,0,11,127,18,156,30,16,46,202
04/03/2021,CLL,TX,ASW,CE,Federal Contract Tower,0,12,8,0,20,0,0,35,0,35,0,12,43,0,55,54,0,54,109
04/05/2021,CLL,TX,ASW,CE,Federal Contract Tower,0,10,24,26,60,0,5,29,3,37,0,15,53,29,97,2,18,20,117
04/06/2021,CLL,TX,ASW,CE,Federal Contract Tower,0,11,24,15,50,0,3,29,5,37,0,14,53,20,87,52,0,52,139
04/07/2021,CLL,TX,ASW,CE,Federal Contract Tower,0,10,16,8,34,0,2,25,3,30,0,12,41,11,64,16,0,16,80
04/08/2021,CLL,TX,ASW,CE,Federal Contract Tower,0,15,29,57,101,0,14,71,12,97,0,29,100,69,198,44,44,88,286
04/09/2021,CLL,TX,ASW,CE,Federal Contract Tower,2,20,38,38,98,0,9,31,6,46,2,29,69,44,144,12,4,16,160
04/10/2021,CLL,TX,ASW,CE,Federal Contract Tower,0,11,30,60,101,0,8,75,40,123,0,19,105,100,224,26,60,86,310
04/11/2021,CLL,TX,ASW,CE,Federal Contract Tower,0,17,22,27,66,0,5,97,12,114,0,22,119,39,180,48,18,66,246
04/12/2021,CLL,TX,ASW,CE,Federal Contract Tower,0,14,23,33,70,0,4,67,7,78,0,18,90,40,148,94,0,94,242
04/13/2021,CLL,TX,ASW,CE,Federal Contract Tower,0,9,34,4,47,0,6,32,2,40,0,15,66,6,87,50,0,50,137
04/14/2021,CLL,TX,ASW,CE,Federal Contract Tower,0,11,41,28,80,0,3,7,2,12,0,14,48,30,92,16,22,38,130
04/15/2021,CLL,TX,ASW,CE,Federal Contract Tower,2,19,51,2,74,0,2,9,2,13,2,21,60,4,87,24,0,24,111
04/16/2021,CLL,TX,ASW,CE,Federal Contract Tower,0,9,20,2,31,0,0,0,0,0,0,9,20,2,31,0,0,0,31
04/17/2021,CLL,TX,ASW,CE,Federal Contract Tower,0,16,21,11,48,0,7,44,0,51,0,23,65,11,99,28,12,40,139
04/18/2021,CLL,TX,ASW,CE,Federal Contract Tower,1,14,20,19,54,0,1,91,0,92,1,15,111,19,146,40,0,40,186
04/19/2021,CLL,TX,ASW,CE,Federal Contract Tower,0,10,33,37,80,0,6,75,15,96,0,16,108,52,176,68,10,78,254
04/20/2021,CLL,TX,ASW,CE,Federal Contract Tower,0,15,22,22,59,0,3,87,15,105,0,18,109,37,164,72,10,82,246
04/21/2021,CLL,TX,ASW,CE,Federal Contract Tower,0,15,38,27,80,0,4,66,14,84,0,19,104,41,164,24,34,58,222
04/22/2021,CLL,TX,ASW,CE,Federal Contract Tower,0,16,42,87,145,0,0,72,17,89,0,16,114,104,234,2,56,58,292
04/23/2021,CLL,TX,ASW,CE,Federal Contract Tower,0,12,15,0,27,0,0,0,0,0,0,12,15,0,27,0,0,0,27
04/24/2021,CLL,TX,ASW,CE,Federal Contract Tower,0,10,53,30,93,0,6,87,1,94,0,16,140,31,187,36,0,36,223
04/25/2021,CLL,TX,ASW,CE,Federal Contract Tower,0,18,29,30,77,0,3,80,4,87,0,21,109,34,164,22,8,30,194
04/26/2021,CLL,TX,ASW,CE,Federal Contract Tower,0,13,36,45,94,0,6,45,14,65,0,19,81,59,159,42,16,58,217
04/27/2021,CLL,TX,ASW,CE,Federal Contract Tower,0,11,59,28,98,0,0,30,1,31,0,11,89,29,129,62,0,62,191
04/28/2021,CLL,TX,ASW,CE,Federal Contract Tower,0,8,21,53,82,0,0,27,14,41,0,8,48,67,123,34,20,54,177
04/29/2021,CLL,TX,ASW,CE,Federal Contract Tower,2,14,30,14,60,0,6,6,2,14,2,20,36,16,74,14,0,14,88
04/30/2021,CLL,TX,ASW,CE,Federal Contract Tower,0,13,8,0,21,0,8,10,0,18,0,21,18,0,39,22,0,22,61
05/01/2021,CLL,TX,ASW,CE,Federal Contract Tower,0,9,14,0,23,0,0,21,0,21,0,9,35,0,44,54,0,54,98
05/02/2021,CLL,TX,ASW,CE,Federal Contract Tower,0,16,15,26,57,0,2,77,3,82,0,18,92,29,139,68,0,68,207
05/03/2021,CLL,TX,ASW,CE,Federal Contract Tower,0,12,26,31,69,0,2,69,12,83,0,14,95,43,152,22,2,24,176
05/04/2021,CLL,TX,ASW,CE,Federal Contract Tower,0,14,24,10,48,0,2,14,9,25,0,16,38,19,73,0,8,8,81
05/05/2021,CLL,TX,ASW,CE,Federal Contract Tower,0,13,24,37,74,0,3,95,12,110,0,16,119,49,184,34,12,46,230
05/06/2021,CLL,TX,ASW,CE,Federal Contract Tower,0,20,55,19,94,0,4,84,10,98,0,24,139,29,192,74,4,78,270
05/07/2021,CLL,TX,ASW,CE,Federal Contract Tower,1,14,26,20,61,0,11,104,9,124,1,25,130,29,185,40,22,62,247
05/08/2021,CLL,TX,ASW,CE,Federal Contract Tower,1,7,22,16,46,0,6,25,8,39,1,13,47,24,85,10,20,30,115
05/09/2021,CLL,TX,ASW,CE,Federal Contract Tower,0,18,13,8,39,0,4,22,7,33,0,22,35,15,72,28,24,52,124
05/10/2021,CLL,TX,ASW,CE,Federal Contract Tower,0,13,28,45,86,0,3,24,6,33,0,16,52,51,119,42,0,42,161
05/11/2021,CLL,TX,ASW,CE,Federal Contract Tower,4,10,12,0,26,0,2,5,0,7,4,12,17,0,33,0,0,0,33
05/12/2021,CLL,TX,ASW,CE,Federal Contract Tower,4,10,54,46,114,0,1,10,2,13,4,11,64,48,127,8,0,8,135
05/13/2021,CLL,TX,ASW,CE,Federal Contract Tower,0,17,41,64,122,0,5,65,20,90,0,22,106,84,212,76,14,90,302
05/14/2021,CLL,TX,ASW,CE,Federal Contract Tower,0,9,39,35,83,0,2,100,9,111,0,11,139,44,194,38,0,38,232
05/15/2021,CLL,TX,ASW,CE,Federal Contract Tower,6,8,42,4,60,0,6,57,0,63,6,14,99,4,123,44,0,44,167
05/16/2021,CLL,TX,ASW,CE,Federal Contract Tower,0,13,19,0,32,0,2,14,0,16,0,15,33,0,48,24,0,24,72
05/17/2021,CLL,TX,ASW,CE,Federal Contract Tower,0,11,12,4,27,0,2,10,0,12,0,13,22,4,39,2,0,2,41
05/18/2021,CLL,TX,ASW,CE,Federal Contract Tower,0,4,29,16,49,0,5,41,4,50,0,9,70,20,99,80,22,102,201
05/19/2021,CLL,TX,ASW,CE,Federal Contract Tower,2,11,27,1,41,0,6,25,0,31,2,17,52,1,72,86,0,86,158
05/20/2021,CLL,TX,ASW,CE,Federal Contract Tower,0,12,65,27,104,0,4,44,5,53,0,16,109,32,157,22,14,36,193
05/21/2021,CLL,TX,ASW,CE,Federal Contract Tower,0,9,19,2,30,0,2,37,2,41,0,11,56,4,71,50,0,50,121
05/22/2021,CLL,TX,ASW,CE,Federal Contract Tower,1,17,16,4,38,0,0,1,0,1,1,17,17,4,39,0,0,0,39
05/23/2021,CLL,TX,ASW,CE,Federal Contract Tower,0,13,19,0,32,0,0,4,3,7,0,13,23,3,39,12,0,12,51
05/24/2021,CLL,TX,ASW,CE,Federal Contract Tower,1,11,19,0,31,0,0,2,1,3,1,11,21,1,34,12,0,12,46
05/25/2021,CLL,TX,ASW,CE,Federal Contract Tower,4,16,22,16,58,0,4,8,3,15,4,20,30,19,73,20,0,20,93
05/26/2021,CLL,TX,ASW,CE,Federal Contract Tower,0,18,42,42,102,0,6,60,15,81,0,24,102,57,183,72,30,102,285
05/27/2021,CLL,TX,ASW,CE,Federal Contract Tower,0,20,71,28,119,0,7,58,17,82,0,27,129,45,201,50,4,54,255
05/28/2021,CLL,TX,ASW,CE,Federal Contract Tower,0,15,34,0,49,0,11,35,0,46,0,26,69,0,95,26,0,26,121
05/29/2021,CLL,TX,ASW,CE,Federal Contract Tower,1,8,15,0,24,0,2,40,0,42,1,10,55,0,66,60,0,60,126
05/30/2021,CLL,TX,ASW,CE,Federal Contract Tower,0,10,45,0,55,0,2,51,0,53,0,12,96,0,108,60,0,60,168
05/31/2021,CLL,TX,ASW,CE,Federal Contract Tower,7,9,38,6,60,0,8,60,0,68,7,17,98,6,128,104,0,104,232
06/01/2021,CLL,TX,ASW,CE,Federal Contract Tower,0,15,21,25,61,0,5,47,3,55,0,20,68,28,116,86,0,86,202
06/02/2021,CLL,TX,ASW,CE,Federal Contract Tower,0,15,43,42,100,0,5,50,1,56,0,20,93,43,156,46,18,64,220
06/03/2021,CLL,TX,ASW,CE,Federal Contract Tower,0,21,26,6,53,0,5,32,4,41,0,26,58,10,94,28,0,28,122
06/04/2021,CLL,TX,ASW,CE,Federal Contract Tower,0,16,22,7,45,0,6,5,1,12,0,22,27,8,57,0,0,0,57
06/05/2021,CLL,TX,ASW,CE,Federal Contract Tower,1,10,19,4,34,0,2,25,0,27,1,12,44,4,61,20,0,20,81
06/06/2021,CLL,TX,ASW,CE,Federal Contract Tower,1,11,36,22,70,0,0,43,0,43,1,11,79,22,113,40,0,40,153
06/07/2021,CLL,TX,ASW,CE,Federal Contract Tower,3,17,21,8,49,0,6,19,0,25,3,23,40,8,74,26,0,26,100
06/08/2021,CLL,TX,ASW,CE,Federal Contract Tower,0,17,32,47,96,0,4,47,3,54,0,21,79,50,150,28,14,42,192
06/09/2021,CLL,TX,ASW,CE,Federal Contract Tower,0,17,35,49,101,0,4,69,9,82,0,21,104,58,183,72,6,78,261
06/10/2021,CLL,TX,ASW,CE,Federal Contract Tower,0,16,37,48,101,0,11,70,15,96,0,27,107,63,197,90,20,110,307
06/11/2021,CLL,TX,ASW,CE,Federal Contract Tower,0,17,31,34,82,0,2,85,10,97,0,19,116,44,179,38,8,46,225
06/12/2021,CLL,TX,ASW,CE,Federal Contract Tower,0,10,33,27,70,0,0,50,7,57,0,10,83,34,127,14,16,30,157
06/13/2021,CLL,TX,ASW,CE,Federal Contract Tower,2,15,21,17,55,0,0,74,5,79,2,15,95,22,134,46,16,62,196
06/14/2021,CLL,TX,ASW,CE,Federal Contract Tower,0,14,21,18,53,0,7,52,6,65,0,21,73,24,118,82,8,90,208
06/15/2021,CLL,TX,ASW,CE,Federal Contract Tower,0,20,38,26,84,0,6,58,8,72,0,26,96,34,156,32,4,36,192
06/16/2021,CLL,TX,ASW,CE,Federal Contract Tower,0,14,67,32,113,0,1,84,9,94,0,15,151,41,207,78,16,94,301
06/17/2021,CLL,TX,ASW,CE,Federal Contract Tower,0,25,37,42,104,0,14,67,9,90,0,39,104,51,194,18,16,34,228
06/18/2021,CLL,TX,ASW,CE,Federal Contract Tower,0,27,20,25,72,0,7,79,2,88,0,34,99,27,160,70,6,76,236
06/19/2021,CLL,TX,ASW,CE,Federal Contract Tower,0,11,16,26,53,0,6,67,5,78,0,17,83,31,131,2,28,30,161
06/20/2021,CLL,TX,ASW,CE,Federal Contract Tower,0,17,22,30,69,0,2,32,2,36,0,19,54,32,105,6,0,6,111
06/21/2021,CLL,TX,ASW,CE,Federal Contract Tower,0,14,20,14,48,0,0,9,5,14,0,14,29,19,62,0,12,12,74
06/22/2021,CLL,TX,ASW,CE,Federal Contract Tower,0,19,28,28,75,0,0,37,7,44,0,19,65,35,119,61,2,63,182
06/23/2021,CLL,TX,ASW,CE,Federal Contract Tower,0,12,32,74,118,0,5,72,12,89,0,17,104,86,207,102,8,110,317
06/24/2021,CLL,TX,ASW,CE,Federal Contract Tower,2,20,26,22,70,0,4,45,7,56,2,24,71,29,126,26,2,28,154
06/25/2021,CLL,TX,ASW,CE,Federal Contract Tower,0,18,20,52,90,0,8,65,14,87,0,26,85,66,177,8,6,14,191
06/26/2021,CLL,TX,ASW,CE,Federal Contract Tower,0,11,16,60,87,0,2,77,12,91,0,13,93,72,178,70,34,104,282
06/27/2021,CLL,TX,ASW,CE,Federal Contract Tower,0,15,16,10,41,0,4,13,1,18,0,19,29,11,59,26,6,32,91
06/28/2021,CLL,TX,ASW,CE,Federal Contract Tower,0,9,8,14,31,0,2,8,4,14,0,11,16,18,45,24,0,24,69
06/29/2021,CLL,TX,ASW,CE,Federal Contract Tower,0,18,18,3,39,0,1,7,0,8,0,19,25,3,47,14,0,14,61
06/30/2021,CLL,TX,ASW,CE,Federal Contract Tower,0,14,28,43,85,0,9,44,1,54,0,23,72,44,139,50,0,50,189
07/01/2021,CLL,TX,ASW,CE,Federal Contract Tower,0,16,39,58,113,0,0,74,11,85,0,16,113,69,198,42,0,42,240
07/02/2021,CLL,TX,ASW,CE,Federal Contract Tower,2,16,13,10,41,2,0,44,2,48,4,16,57,12,89,28,0,28,117
07/03/2021,CLL,TX,ASW,CE,Federal Contract Tower,0,11,3,0,14,0,4,5,0,9,0,15,8,0,23,2,0,2,25
07/04/2021,CLL,TX,ASW,CE,Federal Contract Tower,0,15,7,0,22,0,1,11,0,12,0,16,18,0,34,0,0,0,34
07/05/2021,CLL,TX,ASW,CE,Federal Contract Tower,0,15,32,0,47,0,3,22,0,25,0,18,54,0,72,22,0,22,94
07/06/2021,CLL,TX,ASW,CE,Federal Contract Tower,0,17,11,3,31,0,3,31,3,37,0,20,42,6,68,4,0,4,72
07/07/2021,CLL,TX,ASW,CE,Federal Contract Tower,0,15,27,4,46,0,4,78,2,84,0,19,105,6,130,86,0,86,216
07/08/2021,CLL,TX,ASW,CE,Federal Contract Tower,0,14,21,4,39,0,6,59,1,66,0,20,80,5,105,36,18,54,159
07/09/2021,CLL,TX,ASW,CE,Federal Contract Tower,0,17,15,1,33,0,18,1,0,19,0,35,16,1,52,0,0,0,52
07/10/2021,CLL,TX,ASW,CE,Federal Contract Tower,0,12,16,60,88,0,4,55,10,69,0,16,71,70,157,38,28,66,223
07/11/2021,CLL,TX,ASW,CE,Federal Contract Tower,0,17,28,23,68,0,4,35,0,39,0,21,63,23,107,30,0,30,137
07/12/2021,CLL,TX,ASW,CE,Federal Contract Tower,0,14,10,8,32,0,12,3,0,15,0,26,13,8,47,20,2,22,69
07/13/2021,CLL,TX,ASW,CE,Federal Contract Tower,0,7,13,8,28,0,2,24,5,31,0,9,37,13,59,42,0,42,101
07/14/2021,CLL,TX,ASW,CE,Federal Contract Tower,2,12,28,22,64,0,0,32,2,34,2,12,60,24,98,93,0,93,191
07/15/2021,CLL,TX,ASW,CE,Federal Contract Tower,0,21,30,25,76,0,2,44,4,50,0,23,74,29,126,66,8,74,200
07/16/2021,CLL,TX,ASW,CE,Federal Contract Tower,0,19,29,43,91,0,4,55,3,62,0,23,84,46,153,22,12,34,187
07/17/2021,CLL,TX,ASW,CE,Federal Contract Tower,0,13,20,56,89,0,4,84,27,115,0,17,104,83,204,38,26,64,268
07/18/2021,CLL,TX,ASW,CE,Federal Contract Tower,0,16,27,32,75,0,2,55,9,66,0,18,82,41,141,52,6,58,199
07/19/2021,CLL,TX,ASW,CE,Federal Contract Tower,0,8,26,6,40,0,4,31,2,37,0,12,57,8,77,34,0,34,111
07/20/2021,CLL,TX,ASW,CE,Federal Contract Tower,0,21,15,25,61,0,2,53,7,62,0,23,68,32,123,50,0,50,173
07/21/2021,CLL,TX,ASW,CE,Federal Contract Tower,0,14,32,32,78,0,3,57,4,64,0,17,89,36,142,58,14,72,214
07/22/2021,CLL,TX,ASW,CE,Federal Contract Tower,0,15,40,21,76,0,10,39,3,52,0,25,79,24,128,34,6,40,168
07/23/2021,CLL,TX,ASW,CE,Federal Contract Tower,0,16,33,57,106,0,11,69,10,90,0,27,102,67,196,2,0,2,198
07/24/2021,CLL,TX,ASW,CE,Federal Contract Tower,0,13,23,67,103,0,2,84,21,107,0,15,107,88,210,52,60,112,322
07/25/2021,CLL,TX,ASW,CE,Federal Contract Tower,0,19,16,25,60,0,0,82,3,85,0,19,98,28,145,28,26,54,199
07/26/2021,CLL,TX,ASW,CE,Federal Contract Tower,0,16,5,52,73,0,2,67,8,77,0,18,72,60,150,70,2,72,222
07/27/2021,CLL,TX,ASW,CE,Federal Contract Tower,0,13,21,50,84,0,4,71,12,87,0,17,92,62,171,48,46,94,265
07/28/2021,CLL,TX,ASW,CE,Federal Contract Tower,0,23,37,46,106,0,10,76,5,91,0,33,113,51,197,96,16,112,309
07/29/2021,CLL,TX,ASW,CE,Federal Contract Tower,0,16,31,35,82,0,4,79,5,88,0,20,110,40,170,46,26,72,242
07/30/2021,CLL,TX,ASW,CE,Federal Contract Tower,0,15,32,27,74,0,4,65,4,73,0,19,97,31,147,64,8,72,219
07/31/2021,CLL,TX,ASW,CE,Federal Contract Tower,0,13,23,32,68,0,13,65,11,89,0,26,88,43,157,84,22,106,263
08/01/2021,CLL,TX,ASW,CE,Federal Contract Tower,5,11,13,27,56,0,0,51,3,54,5,11,64,30,110,58,0,58,168
08/02/2021,CLL,TX,ASW,CE,Federal Contract Tower,0,14,12,0,26,0,12,3,0,15,0,26,15,0,41,6,0,6,47
08/03/2021,CLL,TX,ASW,CE,Federal Contract Tower,0,11,44,29,84,0,0,37,7,44,0,11,81,36,128,48,14,62,190
08/04/2021,CLL,TX,ASW,CE,Federal Contract Tower,0,12,33,18,63,0,2,63,13,78,0,14,96,31,141,26,10,36,177
08/05/2021,CLL,TX,ASW,CE,Federal Contract Tower,0,9,16,8,33,0,4,55,4,63,0,13,71,12,96,28,0,28,124
08/06/2021,CLL,TX,ASW,CE,Federal Contract Tower,0,12,24,17,53,0,0,53,6,59,0,12,77,23,112,40,0,40,152
08/07/2021,CLL,TX,ASW,CE,Federal Contract Tower,0,18,16,5,39,0,5,53,7,65,0,23,69,12,104,72,2,74,178
08/08/2021,CLL,TX,ASW,CE,Federal Contract Tower,0,11,25,42,78,0,4,50,1,55,0,15,75,43,133,52,4,56,189
08/09/2021,CLL,TX,ASW,CE,Federal Contract Tower,0,16,44,74,134,0,2,38,7,47,0,18,82,81,181,30,4,34,215
08/10/2021,CLL,TX,ASW,CE,Federal Contract Tower,0,12,37,26,75,0,1,53,8,62,0,13,90,34,137,50,6,56,193
08/11/2021,CLL,TX,ASW,CE,Federal Contract Tower,0,20,28,43,91,0,2,49,9,60,0,22,77,52,151,74,30,104,255
08/12/2021,CLL,TX,ASW,CE,Federal Contract Tower,0,17,33,38,88,0,2,48,7,57,0,19,81,45,145,46,4,50,195
08/13/2021,CLL,TX,ASW,CE,Federal Contract Tower,0,15,33,36,84,0,4,55,11,70,0,19,88,47,154,68,14,82,236
08/14/2021,CLL,TX,ASW,CE,Federal Contract Tower,3,9,10,34,56,0,2,69,14,85,3,11,79,48,141,32,22,54,195
08/15/2021,CLL,TX,ASW,CE,Federal Contract Tower,1,13,16,0,30,0,4,20,0,24,1,17,36,0,54,18,0,18,72
08/16/2021,CLL,TX,ASW,CE,Federal Contract Tower,2,17,19,17,55,0,2,40,3,45,2,19,59,20,100,54,4,58,158
08/17/2021,CLL,TX,ASW,CE,Federal Contract Tower,0,11,37,24,72,0,4,29,1,34,0,15,66,25,106,24,8,32,138
08/18/2021,CLL,TX,ASW,CE,Federal Contract Tower,0,11,23,0,34,0,0,13,2,15,0,11,36,2,49,18,0,18,67
08/19/2021,CLL,TX,ASW,CE,Federal Contract Tower,0,21,29,53,103,0,0,63,9,72,0,21,92,62,175,40,16,56,231
08/20/2021,CLL,TX,ASW,CE,Federal Contract Tower,0,14,41,54,109,0,6,78,5,89,0,20,119,59,198,62,10,72,270
08/21/2021,CLL,TX,ASW,CE,Federal Contract Tower,0,10,24,6,40,0,2,54,10,66,0,12,78,16,106,22,4,26,132
08/22/2021,CLL,TX,ASW,CE,Federal Contract Tower,0,14,25,29,68,0,4,59,5,68,0,18,84,34,136,88,0,88,224
08/23/2021,CLL,TX,ASW,CE,Federal Contract Tower,0,12,18,53,83,0,10,45,9,64,0,22,63,62,147,34,18,52,199
08/24/2021,CLL,TX,ASW,CE,Federal Contract Tower,0,19,21,34,74,0,2,60,15,77,0,21,81,49,151,58,26,84,235
08/25/2021,CLL,TX,ASW,CE,Federal Contract Tower,0,12,28,50,90,0,3,31,12,46,0,15,59,62,136,26,12,38,174
08/26/2021,CLL,TX,ASW,CE,Federal Contract Tower,0,13,28,25,66,0,6,49,14,69,0,19,77,39,135,32,26,58,193
08/27/2021,CLL,TX,ASW,CE,Federal Contract Tower,0,10,40,12,62,0,2,27,2,31,0,12,67,14,93,8,4,12,105
08/28/2021,CLL,TX,ASW,CE,Federal Contract Tower,0,7,14,21,42,0,3,58,0,61,0,10,72,21,103,52,0,52,155
08/29/2021,CLL,TX,ASW,CE,Federal Contract Tower,0,15,35,52,102,0,0,36,2,38,0,15,71,54,140,12,4,16,156
08/30/2021,CLL,TX,ASW,CE,Federal Contract Tower,0,16,12,67,95,0,5,81,15,101,0,21,93,82,196,26,6,32,228
08/31/2021,CLL,TX,ASW,CE,Federal Contract Tower,0,10,20,47,77,0,7,46,7,60,0,17,66,54,137,60,12,72,209
09/01/2021,CLL,TX,ASW,CE,Federal Contract Tower,2,11,21,35,69,0,5,42,8,55,2,16,63,43,124,54,10,64,188
09/02/2021,CLL,TX,ASW,CE,Federal Contract Tower,0,13,15,18,46,0,9,53,18,80,0,22,68,36,126,54,6,60,186
09/03/2021,CLL,TX,ASW,CE,Federal Contract Tower,1,15,20,14,50,0,4,51,6,61,1,19,71,20,111,20,12,32,143
09/04/2021,CLL,TX,ASW,CE,Federal Contract Tower,1,12,44,0,57,0,4,69,10,83,1,16,113,10,140,58,0,58,198
09/05/2021,CLL,TX,ASW,CE,Federal Contract Tower,0,10,30,11,51,0,4,71,9,84,0,14,101,20,135,28,20,48,183
09/06/2021,CLL,TX,ASW,CE,Federal Contract Tower,2,14,27,2,45,0,8,66,1,75,2,22,93,3,120,14,0,14,134
09/07/2021,CLL,TX,ASW,CE,Federal Contract Tower,0,12,17,42,71,0,6,60,9,75,0,18,77,51,146,42,10,52,198
09/08/2021,CLL,TX,ASW,CE,Federal Contract Tower,0,16,39,43,98,0,5,59,7,71,0,21,98,50,169,22,10,32,201
09/09/2021,CLL,TX,ASW,CE,Federal Contract Tower,2,19,28,21,70,0,6,75,17,98,2,25,103,38,168,42,20,62,230
09/10/2021,CLL,TX,ASW,CE,Federal Contract Tower,5,18,32,8,63,0,6,82,8,96,5,24,114,16,159,50,8,58,217
09/11/2021,CLL,TX,ASW,CE,Federal Contract Tower,0,21,14,3,38,0,5,121,3,129,0,26,135,6,167,34,0,34,201
09/12/2021,CLL,TX,ASW,CE,Federal Contract Tower,0,16,24,11,51,0,8,97,6,111,0,24,121,17,162,26,2,28,190
09/13/2021,CLL,TX,ASW,CE,Federal Contract Tower,0,18,10,0,28,0,13,12,2,27,0,31,22,2,55,12,0,12,67
09/14/2021,CLL,TX,ASW,CE,Federal Contract Tower,0,16,21,22,59,0,0,7,0,7,0,16,28,22,66,12,0,12,78
09/15/2021,CLL,TX,ASW,CE,Federal Contract Tower,0,16,38,79,133,0,6,36,13,55,0,22,74,92,188,48,16,64,252
09/16/2021,CLL,TX,ASW,CE,Federal Contract Tower,0,28,57,63,148,0,3,49,17,69,0,31,106,80,217,32,18,50,267
09/17/2021,CLL,TX,ASW,CE,Federal Contract Tower,1,27,48,35,111,0,2,72,9,83,1,29,120,44,194,64,16,80,274
09/18/2021,CLL,TX,ASW,CE,Federal Contract Tower,1,24,47,7,79,0,8,60,3,71,1,32,107,10,150,0,6,6,156
09/19/2021,CLL,TX,ASW,CE,Federal Contract Tower,0,19,33,19,71,0,16,61,5,82,0,35,94,24,153,54,4,58,211
09/20/2021,CLL,TX,ASW,CE,Federal Contract Tower,0,17,30,32,79,0,5,53,7,65,0,22,83,39,144,10,8,18,162
09/21/2021,CLL,TX,ASW,CE,Federal Contract Tower,0,15,23,9,47,0,8,27,7,42,0,23,50,16,89,16,0,16,105
09/22/2021,CLL,TX,ASW,CE,Federal Contract Tower,0,14,41,31,86,0,17,76,9,102,0,31,117,40,188,38,16,54,242
09/23/2021,CLL,TX,ASW,CE,Federal Contract Tower,0,20,45,20,85,0,16,107,15,138,0,36,152,35,223,80,12,92,315
09/24/2021,CLL,TX,ASW,CE,Federal Contract Tower,0,14,30,10,54,0,6,80,9,95,0,20,110,19,149,78,6,84,233
09/25/2021,CLL,TX,ASW,CE,Federal Contract Tower,0,14,22,6,42,0,4,90,0,94,0,18,112,6,136,68,0,68,204
09/26/2021,CLL,TX,ASW,CE,Federal Contract Tower,0,19,25,0,44,0,16,102,0,118,0,35,127,0,162,0,0,0,162
09/27/2021,CLL,TX,ASW,CE,Federal Contract Tower,0,19,28,66,113,0,7,58,11,76,0,26,86,77,189,82,22,104,293
09/28/2021,CLL,TX,ASW,CE,Federal Contract Tower,2,20,36,55,113,0,6,44,8,58,2,26,80,63,171,78,14,92,263
09/29/2021,CLL,TX,ASW,CE,Federal Contract Tower,0,17,45,22,84,0,0,55,2,57,0,17,100,24,141,48,10,58,199
09/30/2021,CLL,TX,ASW,CE,Federal Contract Tower,0,17,53,0,70,0,6,33,1,40,0,23,86,1,110,56,6,62,172
10/01/2021,CLL,TX,ASW,CE,Federal Contract Tower,2,13,24,2,41,0,0,15,0,15,2,13,39,2,56,26,0,26,82
10/02/2021,CLL,TX,ASW,CE,Federal Contract Tower,2,23,42,7,74,0,18,16,8,42,2,41,58,15,116,0,0,0,116
10/03/2021,CLL,TX,ASW,CE,Federal Contract Tower,0,20,38,2,60,0,73,11,0,84,0,93,49,2,144,8,0,8,152
10/04/2021,CLL,TX,ASW,CE,Federal Contract Tower,0,18,39,42,99,0,3,61,2,66,0,21,100,44,165,32,20,52,217
10/05/2021,CLL,TX,ASW,CE,Federal Contract Tower,0,17,25,67,109,0,8,78,4,90,0,25,103,71,199,58,8,66,265
10/06/2021,CLL,TX,ASW,CE,Federal Contract Tower,0,19,22,19,60,0,6,79,13,98,0,25,101,32,158,46,18,64,222
10/07/2021,CLL,TX,ASW,CE,Federal Contract Tower,0,22,27,35,84,0,0,74,9,83,0,22,101,44,167,78,20,98,265
10/08/2021,CLL,TX,ASW,CE,Federal Contract Tower,2,15,61,30,108,0,5,107,9,121,2,20,168,39,229,28,8,36,265
10/09/2021,CLL,TX,ASW,CE,Federal Contract Tower,3,37,133,3,176,0,16,67,5,88,3,53,200,8,264,8,6,14,278
10/10/2021,CLL,TX,ASW,CE,Federal Contract Tower,2,26,88,2,118,0,0,58,1,59,2,26,146,3,177,0,0,0,177
10/12/2021,CLL,TX,ASW,CE,Federal Contract Tower,0,13,12,0,25,0,0,44,4,48,0,13,56,4,73,44,4,48,121
10/13/2021,CLL,TX,ASW,CE,Federal Contract Tower,0,17,30,46,93,0,2,45,10,57,0,19,75,56,150,72,12,84,234
10/14/2021,CLL,TX,ASW,CE,Federal Contract Tower,3,14,48,11,76,0,6,40,0,46,3,20,88,11,122,102,0,102,224
10/15/2021,CLL,TX,ASW,CE,Federal Contract Tower,0,14,43,59,116,0,2,42,1,45,0,16,85,60,161,52,26,78,239
10/16/2021,CLL,TX,ASW,CE,Federal Contract Tower,5,12,33,57,107,0,7,47,4,58,5,19,80,61,165,26,34,60,225
10/17/2021,CLL,TX,ASW,CE,Federal Contract Tower,1,15,42,41,99,0,4,90,3,97,1,19,132,44,196,56,4,60,256
10/18/2021,CLL,TX,ASW,CE,Federal Contract Tower,0,15,26,43,84,0,2,71,7,80,0,17,97,50,164,38,40,78,242
10/19/2021,CLL,TX,ASW,CE,Federal Contract Tower,0,18,23,76,117,0,1,65,9,75,0,19,88,85,192,70,36,106,298
10/20/2021,CLL,TX,ASW,CE,Federal Contract Tower,0,14,36,29,79,0,5,58,5,68,0,19,94,34,147,110,6,116,263
10/21/2021,CLL,TX,ASW,CE,Federal Contract Tower,0,15,37,69,121,0,8,42,15,65,0,23,79,84,186,20,38,58,244
10/22/2021,CLL,TX,ASW,CE,Federal Contract Tower,1,15,64,39,119,0,2,94,12,108,1,17,158,51,227,0,10,10,237
10/23/2021,CLL,TX,ASW,CE,Federal Contract Tower,1,24,82,0,107,0,10,44,2,56,1,34,126,2,163,6,0,6,169
10/24/2021,CLL,TX,ASW,CE,Federal Contract Tower,0,23,84,25,132,0,1,66,4,71,0,24,150,29,203,6,0,6,209
10/25/2021,CLL,TX,ASW,CE,Federal Contract Tower,0,17,34,32,83,0,3,62,7,72,0,20,96,39,155,36,10,46,201
10/26/2021,CLL,TX,ASW,CE,Federal Contract Tower,0,15,43,70,128,0,2,46,4,52,0,17,89,74,180,26,24,50,230
10/27/2021,CLL,TX,ASW,CE,Federal Contract Tower,0,25,37,29,91,0,3,33,5,41,0,28,70,34,132,14,28,42,174
10/28/2021,CLL,TX,ASW,CE,Federal Contract Tower,0,25,37,52,114,0,2,24,14,40,0,27,61,66,154,0,48,48,202
10/29/2021,CLL,TX,ASW,CE,Federal Contract Tower,0,20,25,74,119,0,8,41,11,60,0,28,66,85,179,20,26,46,225
10/30/2021,CLL,TX,ASW,CE,Federal Contract Tower,0,11,11,18,40,0,6,82,7,95,0,17,93,25,135,26,4,30,165
10/31/2021,CLL,TX,ASW,CE,Federal Contract Tower,0,13,18,4,35,0,6,80,9,95,0,19,98,13,130,32,12,44,174
11/01/2021,CLL,TX,ASW,CE,Federal Contract Tower,0,10,16,39,65,0,2,72,7,81,0,12,88,46,146,30,14,44,190
11/02/2021,CLL,TX,ASW,CE,Federal Contract Tower,0,14,17,63,94,0,2,42,8,52,0,16,59,71,146,38,28,66,212
11/03/2021,CLL,TX,ASW,CE,Federal Contract Tower,0,10,15,0,25,0,1,1,0,2,0,11,16,0,27,0,0,0,27
11/04/2021,CLL,TX,ASW,CE,Federal Contract Tower,0,13,67,32,112,0,1,30,0,31,0,14,97,32,143,22,0,22,165
11/05/2021,CLL,TX,ASW,CE,Federal Contract Tower,1,20,76,61,158,0,6,98,22,126,1,26,174,83,284,28,22,50,334
11/06/2021,CLL,TX,ASW,CE,Federal Contract Tower,0,17,123,4,144,0,3,80,6,89,0,20,203,10,233,6,0,6,239
11/07/2021,CLL,TX,ASW,CE,Federal Contract Tower,0,13,83,62,158,0,2,85,14,101,0,15,168,76,259,36,12,48,307
11/08/2021,CLL,TX,ASW,CE,Federal Contract Tower,0,18,14,44,76,0,4,75,4,83,0,22,89,48,159,64,18,82,241
11/09/2021,CLL,TX,ASW,CE,Federal Contract Tower,0,12,19,43,74,0,1,69,9,79,0,13,88,52,153,48,36,84,237
11/10/2021,CLL,TX,ASW,CE,Federal Contract Tower,0,17,35,23,75,0,0,50,4,54,0,17,85,27,129,20,12,32,161
11/11/2021,CLL,TX,ASW,CE,Federal Contract Tower,2,19,61,4,86,0,4,70,2,76,2,23,131,6,162,50,30,80,242
11/12/2021,CLL,TX,ASW,CE,Federal Contract Tower,1,12,46,35,94,0,0,96,16,112,1,12,142,51,206,20,14,34,240
11/13/2021,CLL,TX,ASW,CE,Federal Contract Tower,2,16,16,32,66,0,8,126,4,138,2,24,142,36,204,26,14,40,244
11/14/2021,CLL,TX,ASW,CE,Federal Contract Tower,0,13,34,18,65,0,6,102,6,114,0,19,136,24,179,30,12,42,221
11/16/2021,CLL,TX,ASW,CE,Federal Contract Tower,0,18,38,42,98,0,2,64,0,66,0,20,102,42,164,6,0,6,170
11/17/2021,CLL,TX,ASW,CE,Federal Contract Tower,0,16,38,39,93,0,4,54,8,66,0,20,92,47,159,54,8,62,221
11/18/2021,CLL,TX,ASW,CE,Federal Contract Tower,0,18,47,63,128,0,21,68,7,96,0,39,115,70,224,28,14,42,266
11/19/2021,CLL,TX,ASW,CE,Federal Contract Tower,0,18,39,42,99,0,4,83,13,100,0,22,122,55,199,50,28,78,277
11/20/2021,CLL,TX,ASW,CE,Federal Contract Tower,2,19,65,5,91,0,0,26,2,28,2,19,91,7,119,0,0,0,119
11/21/2021,CLL,TX,ASW,CE,Federal Contract Tower,0,16,45,14,75,0,2,23,2,27,0,18,68,16,102,30,0,30,132
11/22/2021,CLL,TX,ASW,CE,Federal Contract Tower,0,13,56,51,120,0,3,101,27,131,0,16,157,78,251,54,28,82,333
11/23/2021,CLL,TX,ASW,CE,Federal Contract Tower,0,17,43,41,101,0,4,85,15,104,0,21,128,56,205,52,46,98,303
11/24/2021,CLL,TX,ASW,CE,Federal Contract Tower,0,16,34,20,70,0,7,29,6,42,0,23,63,26,112,24,0,24,136
11/25/2021,CLL,TX,ASW,CE,Federal Contract Tower,2,10,9,0,21,0,1,1,0,2,2,11,10,0,23,0,0,0,23
11/26/2021,CLL,TX,ASW,CE,Federal Contract Tower,0,8,12,0,20,0,8,53,0,61,0,16,65,0,81,34,0,34,115
11/27/2021,CLL,TX,ASW,CE,Federal Contract Tower,0,22,39,0,61,0,2,9,0,11,0,24,48,0,72,24,0,24,96
11/28/2021,CLL,TX,ASW,CE,Federal Contract Tower,0,15,47,0,62,0,1,41,0,42,0,16,88,0,104,26,0,26,130
11/29/2021,CLL,TX,ASW,CE,Federal Contract Tower,0,15,25,32,72,0,2,52,5,59,0,17,77,37,131,40,16,56,187
11/30/2021,CLL,TX,ASW,CE,Federal Contract Tower,0,12,28,34,74,0,54,14,0,68,0,66,42,34,142,26,16,42,184
12/01/2021,CLL,TX,ASW,CE,Federal Contract Tower,0,15,29,64,108,0,2,71,8,81,0,17,100,72,189,58,8,66,255
12/02/2021,CLL,TX,ASW,CE,Federal Contract Tower,0,17,33,24,74,0,0,38,1,39,0,17,71,25,113,8,6,14,127
12/03/2021,CLL,TX,ASW,CE,Federal Contract Tower,1,16,37,13,67,0,4,26,1,31,1,20,63,14,98,48,6,54,152
12/04/2021,CLL,TX,ASW,CE,Federal Contract Tower,0,14,31,14,59,0,0,41,3,44,0,14,72,17,103,44,16,60,163
12/05/2021,CLL,TX,ASW,CE,Federal Contract Tower,0,9,33,17,59,0,3,25,0,28,0,12,58,17,87,30,0,30,117
12/06/2021,CLL,TX,ASW,CE,Federal Contract Tower,0,12,27,18,57,0,12,30,0,42,0,24,57,18,99,24,2,26,125
12/07/2021,CLL,TX,ASW,CE,Federal Contract Tower,0,14,18,65,97,0,4,75,19,98,0,18,93,84,195,68,38,106,301
12/08/2021,CLL,TX,ASW,CE,Federal Contract Tower,0,14,49,68,131,0,0,37,9,46,0,14,86,77,177,40,58,98,275
12/09/2021,CLL,TX,ASW,CE,Federal Contract Tower,0,15,54,42,111,0,1,39,11,51,0,16,93,53,162,62,36,98,260
12/10/2021,CLL,TX,ASW,CE,Federal Contract Tower,0,13,42,28,83,0,3,48,6,57,0,16,90,34,140,54,20,74,214
12/11/2021,CLL,TX,ASW,CE,Federal Contract Tower,0,11,34,30,75,0,6,51,2,59,0,17,85,32,134,16,2,18,152
12/12/2021,CLL,TX,ASW,CE,Federal Contract Tower,0,12,21,37,70,0,2,84,2,88,0,14,105,39,158,36,8,44,202
12/13/2021,CLL,TX,ASW,CE,Federal Contract Tower,0,11,29,34,74,0,4,35,5,44,0,15,64,39,118,54,12,66,184
12/14/2021,CLL,TX,ASW,CE,Federal Contract Tower,0,18,23,37,78,0,3,25,3,31,0,21,48,40,109,50,0,50,159
12/15/2021,CLL,TX,ASW,CE,Federal Contract Tower,0,15,48,40,103,0,4,30,4,38,0,19,78,44,141,18,18,36,177
12/16/2021,CLL,TX,ASW,CE,Federal Contract Tower,1,12,33,57,103,0,0,41,6,47,1,12,74,63,150,32,10,42,192
12/17/2021,CLL,TX,ASW,CE,Federal Contract Tower,0,14,27,33,74,0,0,39,2,41,0,14,66,35,115,68,14,82,197
12/18/2021,CLL,TX,ASW,CE,Federal Contract Tower,0,7,11,0,18,0,1,7,0,8,0,8,18,0,26,2,0,2,28
12/19/2021,CLL,TX,ASW,CE,Federal Contract Tower,0,12,12,21,45,0,2,63,2,67,0,14,75,23,112,12,0,12,124
12/20/2021,CLL,TX,ASW,CE,Federal Contract Tower,0,7,22,32,61,0,54,6,0,60,0,61,28,32,121,14,18,32,153
12/21/2021,CLL,TX,ASW,CE,Federal Contract Tower,0,9,19,42,70,0,4,78,12,94,0,13,97,54,164,26,22,48,212
12/22/2021,CLL,TX,ASW,CE,Federal Contract Tower,0,12,20,36,68,0,4,115,4,123,0,16,135,40,191,30,6,36,227
12/23/2021,CLL,TX,ASW,CE,Federal Contract Tower,0,15,32,0,47,0,4,34,0,38,0,19,66,0,85,16,0,16,101
12/24/2021,CLL,TX,ASW,CE,Federal Contract Tower,0,4,6,0,10,0,6,19,0,25,0,10,25,0,35,0,0,0,35
12/25/2021,CLL,TX,ASW,CE,Federal Contract Tower,0,6,0,0,6,0,3,6,0,9,0,9,6,0,15,4,0,4,19
12/26/2021,CLL,TX,ASW,CE,Federal Contract Tower,0,5,8,0,13,0,2,18,0,20,0,7,26,0,33,14,0,14,47
12/27/2021,CLL,TX,ASW,CE,Federal Contract Tower,0,7,32,20,59,0,7,30,0,37,0,14,62,20,96,18,0,18,114
12/28/2021,CLL,TX,ASW,CE,Federal Contract Tower,0,9,23,26,58,0,2,22,5,29,0,11,45,31,87,6,14,20,107
12/29/2021,CLL,TX,ASW,CE,Federal Contract Tower,0,7,24,23,54,0,1,33,1,35,0,8,57,24,89,78,0,78,167
12/30/2021,CLL,TX,ASW,CE,Federal Contract Tower,0,12,38,2,52,0,1,48,0,49,0,13,86,2,101,24,0,24,125
12/31/2021,CLL,TX,ASW,CE,Federal Contract Tower,0,4,14,0,18,0,12,21,0,33,0,16,35,0,51,34,0,34,85
01/01/2022,CLL,TX,ASW,CE,Federal Contract Tower,0,6,19,0,25,0,4,7,0,11,0,10,26,0,36,0,0,0,36
01/02/2022,CLL,TX,ASW,CE,Federal Contract Tower,0,9,6,0,15,0,0,15,0,15,0,9,21,0,30,6,0,6,36
01/03/2022,CLL,TX,ASW,CE,Federal Contract Tower,2,11,23,3,39,0,2,63,3,68,2,13,86,6,107,6,2,8,115
01/04/2022,CLL,TX,ASW,CE,Federal Contract Tower,0,11,22,18,51,0,2,77,4,83,0,13,99,22,134,18,14,32,166
01/05/2022,CLL,TX,ASW,CE,Federal Contract Tower,1,11,30,79,121,0,3,69,23,95,1,14,99,102,216,40,48,88,304
01/06/2022,CLL,TX,ASW,CE,Federal Contract Tower,0,22,37,50,109,0,1,85,4,90,0,23,122,54,199,16,26,42,241
01/07/2022,CLL,TX,ASW,CE,Federal Contract Tower,1,14,34,53,102,0,49,1,0,50,1,63,35,53,152,50,20,70,222
01/08/2022,CLL,TX,ASW,CE,Federal Contract Tower,3,7,18,0,28,0,0,1,0,1,3,7,19,0,29,0,0,0,29
01/09/2022,CLL,TX,ASW,CE,Federal Contract Tower,2,19,43,0,64,0,5,20,0,25,2,24,63,0,89,24,0,24,113
01/10/2022,CLL,TX,ASW,CE,Federal Contract Tower,0,10,23,35,68,0,5,55,20,80,0,15,78,55,148,36,22,58,206
01/11/2022,CLL,TX,ASW,CE,Federal Contract Tower,0,10,32,28,70,0,3,63,2,68,0,13,95,30,138,60,6,66,204
01/12/2022,CLL,TX,ASW,CE,Federal Contract Tower,0,11,35,49,95,0,3,69,7,79,0,14,104,56,174,106,12,118,292
01/13/2022,CLL,TX,ASW,CE,Federal Contract Tower,0,8,33,64,105,0,2,83,13,98,0,10,116,77,203,50,16,66,269
01/14/2022,CLL,TX,ASW,CE,Federal Contract Tower,1,8,21,54,84,0,4,84,10,98,1,12,105,64,182,40,20,60,242
01/15/2022,CLL,TX,ASW,CE,Federal Contract Tower,1,5,11,16,33,0,0,4,1,5,1,5,15,17,38,0,2,2,40
01/16/2022,CLL,TX,ASW,CE,Federal Contract Tower,0,9,21,24,54,0,7,92,0,99,0,16,113,24,153,40,0,40,193
01/17/2022,CLL,TX,ASW,CE,Federal Contract Tower,0,10,46,2,58,0,2,125,6,133,0,12,171,8,191,32,0,32,223
01/18/2022,CLL,TX,ASW,CE,Federal Contract Tower,1,7,22,52,82,0,4,66,6,76,1,11,88,58,158,52,36,88,246
01/19/2022,CLL,TX,ASW,CE,Federal Contract Tower,0,9,41,19,69,0,0,37,0,37,0,9,78,19,106,66,0,66,172
01/20/2022,CLL,TX,ASW,CE,Federal Contract Tower,0,20,15,4,39,0,0,12,0,12,0,20,27,4,51,0,0,0,51
01/21/2022,CLL,TX,ASW,CE,Federal Contract Tower,2,12,31,68,113,0,2,72,16,90,2,14,103,84,203,6,32,38,241
01/22/2022,CLL,TX,ASW,CE,Federal Contract Tower,0,6,22,67,95,0,1,118,6,125,0,7,140,73,220,66,32,98,318
01/23/2022,CLL,TX,ASW,CE,Federal Contract Tower,1,10,11,22,44,0,3,75,0,78,1,13,86,22,122,20,0,20,142
01/24/2022,CLL,TX,ASW,CE,Federal Contract Tower,0,7,17,22,46,0,1,1,0,2,0,8,18,22,48,0,0,0,48
01/25/2022,CLL,TX,ASW,CE,Federal Contract Tower,2,9,53,35,99,0,3,28,4,35,2,12,81,39,134,36,0,36,170
01/26/2022,CLL,TX,ASW,CE,Federal Contract Tower,0,14,34,69,117,0,0,74,10,84,0,14,108,79,201,32,22,54,255
01/27/2022,CLL,TX,ASW,CE,Federal Contract Tower,0,9,42,97,148,0,2,87,18,107,0,11,129,115,255,60,16,76,331
01/28/2022,CLL,TX,ASW,CE,Federal Contract Tower,0,15,31,85,131,0,3,96,11,110,0,18,127,96,241,40,36,76,317
01/29/2022,CLL,TX,ASW,CE,Federal Contract Tower,2,10,25,73,110,0,0,94,25,119,2,10,119,98,229,76,34,110,339
01/30/2022,CLL,TX,ASW,CE,Federal Contract Tower,1,13,26,34,74,0,2,89,4,95,1,15,115,38,169,38,4,42,211
01/31/2022,CLL,TX,ASW,CE,Federal Contract Tower,1,10,6,0,17,0,0,0,0,0,1,10,6,0,17,0,0,0,17
02/01/2022,CLL,TX,ASW,CE,Federal Contract Tower,0,8,61,42,111,0,0,29,3,32,0,8,90,45,143,2,6,8,151
02/02/2022,CLL,TX,ASW,CE,Federal Contract Tower,0,7,13,12,32,0,0,0,0,0,0,7,13,12,32,0,0,0,32
02/03/2022,CLL,TX,ASW,CE,Federal Contract Tower,0,1,5,0,6,0,0,0,0,0,0,1,5,0,6,0,0,0,6
02/04/2022,CLL,TX,ASW,CE,Federal Contract Tower,1,8,13,112,134,0,3,32,1,36,1,11,45,113,170,8,22,30,200
02/05/2022,CLL,TX,ASW,CE,Federal Contract Tower,1,8,21,38,68,0,8,110,13,131,1,16,131,51,199,62,72,134,333
02/06/2022,CLL,TX,ASW,CE,Federal Contract Tower,1,16,47,17,81,0,1,87,1,89,1,17,134,18,170,60,0,60,230
02/07/2022,CLL,TX,ASW,CE,Federal Contract Tower,2,19,30,53,104,0,8,78,11,97,2,27,108,64,201,38,28,66,267
02/08/2022,CLL,TX,ASW,CE,Federal Contract Tower,1,13,25,46,85,0,3,75,7,85,1,16,100,53,170,54,12,66,236
02/09/2022,CLL,TX,ASW,CE,Federal Contract Tower,1,10,25,48,84,0,7,60,13,80,1,17,85,61,164,54,18,72,236
02/10/2022,CLL,TX,ASW,CE,Federal Contract Tower,1,14,43,41,99,0,4,86,9,99,1,18,129,50,198,38,12,50,248
02/11/2022,CLL,TX,ASW,CE,Federal Contract Tower,2,13,32,48,95,0,3,89,17,109,2,16,121,65,204,42,38,80,284
02/12/2022,CLL,TX,ASW,CE,Federal Contract Tower,3,7,7,16,33,0,3,12,3,18,3,10,19,19,51,16,12,28,79
02/13/2022,CLL,TX,ASW,CE,Federal Contract Tower,4,13,16,46,79,0,8,100,9,117,4,21,116,55,196,56,2,58,254
02/14/2022,CLL,TX,ASW,CE,Federal Contract Tower,2,10,20,35,67,0,6,102,14,122,2,16,122,49,189,60,12,72,261
02/15/2022,CLL,TX,ASW,CE,Federal Contract Tower,1,11,28,47,87,0,10,49,7,66,1,21,77,54,153,18,0,18,171
02/16/2022,CLL,TX,ASW,CE,Federal Contract Tower,2,14,41,51,108,0,4,21,7,32,2,18,62,58,140,40,2,42,182
02/17/2022,CLL,TX,ASW,CE,Federal Contract Tower,1,8,30,39,78,0,7,43,5,55,1,15,73,44,133,15,10,25,158
02/18/2022,CLL,TX,ASW,CE,Federal Contract Tower,1,18,46,31,96,0,2,91,12,105,1,20,137,43,201,78,12,90,291
02/19/2022,CLL,TX,ASW,CE,Federal Contract Tower,0,8,11,29,48,0,2,98,0,100,0,10,109,29,148,22,0,22,170
02/20/2022,CLL,TX,ASW,CE,Federal Contract Tower,2,10,19,18,49,0,4,81,1,86,2,14,100,19,135,52,4,56,191
02/21/2022,CLL,TX,ASW,CE,Federal Contract Tower,0,12,27,16,55,0,1,22,6,29,0,13,49,22,84,4,24,28,112
02/22/2022,CLL,TX,ASW,CE,Federal Contract Tower,0,13,44,24,81,0,3,51,3,57,0,16,95,27,138,40,2,42,180
02/23/2022,CLL,TX,ASW,CE,Federal Contract Tower,5,4,22,22,53,0,0,13,1,14,5,4,35,23,67,28,6,34,101
02/24/2022,CLL,TX,ASW,CE,Federal Contract Tower,3,7,25,10,45,0,0,0,0,0,3,7,25,10,45,0,0,0,45
02/25/2022,CLL,TX,ASW,CE,Federal Contract Tower,3,14,59,74,150,0,2,12,8,22,3,16,71,82,172,24,10,34,206
02/26/2022,CLL,TX,ASW,CE,Federal Contract Tower,4,14,27,0,45,0,0,0,0,0,4,14,27,0,45,0,0,0,45
02/27/2022,CLL,TX,ASW,CE,Federal Contract Tower,0,11,41,31,83,0,1,87,10,98,0,12,128,41,181,62,16,78,259
02/28/2022,CLL,TX,ASW,CE,Federal Contract Tower,0,12,48,38,98,0,2,82,13,97,0,14,130,51,195,28,2,30,225
03/01/2022,CLL,TX,ASW,CE,Federal Contract Tower,2,7,22,36,67,0,1,116,5,122,2,8,138,41,189,76,18,94,283
03/02/2022,CLL,TX,ASW,CE,Federal Contract Tower,0,11,33,51,95,0,6,70,22,98,0,17,103,73,193,62,8,70,263
03/03/2022,CLL,TX,ASW,CE,Federal Contract Tower,1,10,45,34,90,0,12,83,22,117,1,22,128,56,207,66,16,82,289
03/04/2022,CLL,TX,ASW,CE,Federal Contract Tower,0,14,30,73,117,0,6,53,7,66,0,20,83,80,183,10,6,16,199
03/05/2022,CLL,TX,ASW,CE,Federal Contract Tower,0,5,30,35,70,0,3,47,1,51,0,8,77,36,121,12,12,24,145
03/06/2022,CLL,TX,ASW,CE,Federal Contract Tower,0,13,25,48,86,0,4,19,8,31,0,17,44,56,117,0,24,24,141
03/07/2022,CLL,TX,ASW,CE,Federal Contract Tower,0,11,27,68,106,0,0,52,7,59,0,11,79,75,165,56,28,84,249
03/08/2022,CLL,TX,ASW,CE,Federal Contract Tower,2,9,13,16,40,0,0,0,0,0,2,9,13,16,40,0,0,0,40
03/09/2022,CLL,TX,ASW,CE,Federal Contract Tower,0,12,70,86,168,0,4,73,14,91,0,16,143,100,259,26,36,62,321
03/10/2022,CLL,TX,ASW,CE,Federal Contract Tower,0,10,31,40,81,0,0,97,11,108,0,10,128,51,189,57,24,81,270
03/11/2022,CLL,TX,ASW,CE,Federal Contract Tower,0,13,37,61,111,0,2,27,1,30,0,15,64,62,141,18,24,42,183
03/12/2022,CLL,TX,ASW,CE,Federal Contract Tower,0,12,19,32,63,0,2,57,7,66,0,14,76,39,129,74,16,90,219
03/13/2022,CLL,TX,ASW,CE,Federal Contract Tower,0,11,19,8,38,0,8,63,3,74,0,19,82,11,112,32,2,34,146
03/14/2022,CLL,TX,ASW,CE,Federal Contract Tower,0,7,17,13,37,0,0,34,5,39,0,7,51,18,76,36,2,38,114
03/15/2022,CLL,TX,ASW,CE,Federal Contract Tower,0,38,38,3,79,0,2,71,12,85,0,40,109,15,164,48,6,54,218
03/16/2022,CLL,TX,ASW,CE,Federal Contract Tower,0,18,38,47,103,0,11,121,12,144,0,29,159,59,247,32,16,48,295
03/17/2022,CLL,TX,ASW,CE,Federal Contract Tower,1,14,42,16,73,0,10,24,1,35,1,24,66,17,108,12,6,18,126
03/18/2022,CLL,TX,ASW,CE,Federal Contract Tower,0,14,24,68,106,0,2,56,14,72,0,16,80,82,178,4,46,50,228
03/19/2022,CLL,TX,ASW,CE,Federal Contract Tower,0,14,25,20,59,0,10,106,5,121,0,24,131,25,180,25,18,43,223
03/20/2022,CLL,TX,ASW,CE,Federal Contract Tower,1,11,47,30,89,0,11,75,11,97,1,22,122,41,186,48,10,58,244
03/21/2022,CLL,TX,ASW,CE,Federal Contract Tower,0,8,7,0,15,0,0,0,0,0,0,8,7,0,15,0,0,0,15
03/22/2022,CLL,TX,ASW,CE,Federal Contract Tower,0,19,33,45,97,0,2,46,3,51,0,21,79,48,148,54,4,58,206
03/23/2022,CLL,TX,ASW,CE,Federal Contract Tower,0,14,57,63,134,0,5,89,11,105,0,19,146,74,239,58,8,66,305
03/24/2022,CLL,TX,ASW,CE,Federal Contract Tower,0,12,45,40,97,0,2,78,14,94,0,14,123,54,191,32,24,56,247
03/25/2022,CLL,TX,ASW,CE,Federal Contract Tower,0,13,38,72,123,0,4,95,23,122,0,17,133,95,245,118,22,140,385
03/26/2022,CLL,TX,ASW,CE,Federal Contract Tower,0,10,20,22,52,0,6,119,3,128,0,16,139,25,180,82,4,86,266
03/27/2022,CLL,TX,ASW,CE,Federal Contract Tower,3,8,22,6,39,0,5,92,0,97,3,13,114,6,136,22,0,22,158
03/28/2022,CLL,TX,ASW,CE,Federal Contract Tower,0,17,23,42,82,0,3,59,11,73,0,20,82,53,155,76,24,100,255
03/29/2022,CLL,TX,ASW,CE,Federal Contract Tower,0,13,24,25,62,0,0,39,4,43,0,13,63,29,105,18,4,22,127
03/30/2022,CLL,TX,ASW,CE,Federal Contract Tower,2,17,27,48,94,0,2,34,8,44,2,19,61,56,138,42,12,54,192
03/31/2022,CLL,TX,ASW,CE,Federal Contract Tower,2,9,50,59,120,0,6,106,14,126,2,15,156,73,246,26,8,34,280
04/01/2022,CLL,TX,ASW,CE,Federal Contract Tower,2,16,33,66,117,0,4,90,15,109,2,20,123,81,226,46,12,58,284
04/02/2022,CLL,TX,ASW,CE,Federal Contract Tower,0,11,26,32,69,0,4,85,21,110,0,15,111,53,179,34,8,42,221
04/03/2022,CLL,TX,ASW,CE,Federal Contract Tower,2,13,27,31,73,0,2,59,4,65,2,15,86,35,138,10,10,20,158
04/04/2022,CLL,TX,ASW,CE,Federal Contract Tower,0,12,23,26,61,0,3,7,1,11,0,15,30,27,72,12,0,12,84
04/05/2022,CLL,TX,ASW,CE,Federal Contract Tower,0,14,27,40,81,0,0,41,10,51,0,14,68,50,132,38,4,42,174
04/06/2022,CLL,TX,ASW,CE,Federal Contract Tower,0,13,35,47,95,0,0,64,9,73,0,13,99,56,168,6,28,34,202
04/07/2022,CLL,TX,ASW,CE,Federal Contract Tower,0,13,35,47,95,0,0,64,9,73,0,13,99,56,168,6,28,34,202
04/08/2022,CLL,TX,ASW,CE,Federal Contract Tower,0,13,34,43,90,0,11,81,12,104,0,24,115,55,194,46,18,64,258
04/09/2022,CLL,TX,ASW,CE,Federal Contract Tower,0,14,37,19,70,0,0,95,4,99,0,14,132,23,169,30,20,50,219
04/10/2022,CLL,TX,ASW,CE,Federal Contract Tower,0,8,30,4,42,0,2,23,0,25,0,10,53,4,67,8,1,9,76
04/11/2022,CLL,TX,ASW,CE,Federal Contract Tower,0,15,22,14,51,0,0,53,5,58,0,15,75,19,109,10,0,10,119
04/12/2022,CLL,TX,ASW,CE,Federal Contract Tower,0,11,20,9,40,0,3,23,0,26,0,14,43,9,66,32,0,32,98
04/13/2022,CLL,TX,ASW,CE,Federal Contract Tower,2,15,44,52,113,0,4,30,5,39,2,19,74,57,152,28,4,32,184
04/14/2022,CLL,TX,ASW,CE,Federal Contract Tower,0,11,52,39,102,0,5,94,12,111,0,16,146,51,213,38,40,78,291
04/15/2022,CLL,TX,ASW,CE,Federal Contract Tower,0,14,37,9,60,0,3,2,0,5,0,17,39,9,65,0,0,0,65
04/16/2022,CLL,TX,ASW,CE,Federal Contract Tower,0,10,41,6,57,0,4,34,0,38,0,14,75,6,95,14,0,14,109
04/17/2022,CLL,TX,ASW,CE,Federal Contract Tower,0,9,41,18,68,0,5,23,1,29,0,14,64,19,97,18,0,18,115
04/18/2022,CLL,TX,ASW,CE,Federal Contract Tower,0,13,40,23,76,0,0,68,5,73,0,13,108,28,149,90,18,108,257
04/19/2022,CLL,TX,ASW,CE,Federal Contract Tower,0,10,29,42,81,0,3,44,6,53,0,13,73,48,134,20,14,34,168
04/20/2022,CLL,TX,ASW,CE,Federal Contract Tower,0,10,54,39,103,0,2,30,2,34,0,12,84,41,137,0,12,12,149
04/21/2022,CLL,TX,ASW,CE,Federal Contract Tower,3,18,64,35,120,0,4,20,1,25,3,22,84,36,145,118,18,136,281
04/22/2022,CLL,TX,ASW,CE,Federal Contract Tower,0,11,56,56,123,0,6,45,3,54,0,17,101,59,177,54,2,56,233
04/23/2022,CLL,TX,ASW,CE,Federal Contract Tower,0,10,28,20,58,0,4,68,4,76,0,14,96,24,134,52,0,52,186
04/24/2022,CLL,TX,ASW,CE,Federal Contract Tower,0,14,44,26,84,0,0,46,4,50,0,14,90,30,134,16,8,24,158
04/25/2022,CLL,TX,ASW,CE,Federal Contract Tower,1,11,13,0,25,0,0,2,0,2,1,11,15,0,27,0,0,0,27
04/26/2022,CLL,TX,ASW,CE,Federal Contract Tower,0,12,24,32,68,0,2,69,7,78,0,14,93,39,146,72,30,102,248
04/27/2022,CLL,TX,ASW,CE,Federal Contract Tower,2,15,54,33,104,0,8,74,11,93,2,23,128,44,197,30,10,40,237
04/28/2022,CLL,TX,ASW,CE,Federal Contract Tower,0,15,46,13,74,0,0,51,7,58,0,15,97,20,132,34,0,34,166
04/29/2022,CLL,TX,ASW,CE,Federal Contract Tower,1,11,39,26,77,0,5,55,4,64,1,16,94,30,141,30,16,46,187
04/30/2022,CLL,TX,ASW,CE,Federal Contract Tower,1,9,15,8,33,0,6,56,1,63,1,15,71,9,96,72,0,72,168
05/01/2022,CLL,TX,ASW,CE,Federal Contract Tower,2,6,15,10,33,0,0,37,4,41,2,6,52,14,74,72,0,72,146
05/02/2022,CLL,TX,ASW,CE,Federal Contract Tower,0,11,22,18,51,0,0,45,7,52,0,11,67,25,103,0,0,0,103
05/03/2022,CLL,TX,ASW,CE,Federal Contract Tower,0,15,21,15,51,0,0,44,6,50,0,15,65,21,101,32,18,50,151
05/04/2022,CLL,TX,ASW,CE,Federal Contract Tower,0,14,42,7,63,0,3,46,0,49,0,17,88,7,112,12,10,22,134
05/05/2022,CLL,TX,ASW,CE,Federal Contract Tower,0,7,27,0,34,0,5,15,1,21,0,12,42,1,55,16,0,16,71
05/06/2022,CLL,TX,ASW,CE,Federal Contract Tower,0,19,28,17,64,0,5,127,1,133,0,24,155,18,197,90,0,90,287
05/07/2022,CLL,TX,ASW,CE,Federal Contract Tower,0,9,23,24,56,0,7,80,2,89,0,16,103,26,145,20,4,24,169
05/08/2022,CLL,TX,ASW,CE,Federal Contract Tower,0,13,15,2,30,0,10,54,3,67,0,23,69,5,97,20,0,20,117
05/09/2022,CLL,TX,ASW,CE,Federal Contract Tower,0,16,20,17,53,0,4,40,6,50,0,20,60,23,103,26,10,36,139
05/10/2022,CLL,TX,ASW,CE,Federal Contract Tower,0,9,12,36,57,0,1,51,6,58,0,10,63,42,115,52,6,58,173
05/11/2022,CLL,TX,ASW,CE,Federal Contract Tower,0,14,29,32,75,0,3,52,13,68,0,17,81,45,143,12,18,30,173
05/12/2022,CLL,TX,ASW,CE,Federal Contract Tower,2,11,37,20,70,0,5,83,13,101,2,16,120,33,171,84,10,94,265
05/13/2022,CLL,TX,ASW,CE,Federal Contract Tower,0,12,34,34,80,0,3,79,5,87,0,15,113,39,167,82,0,82,249
05/14/2022,CLL,TX,ASW,CE,Federal Contract Tower,0,8,25,40,73,0,4,76,6,86,0,12,101,46,159,22,22,44,203
05/15/2022,CLL,TX,ASW,CE,Federal Contract Tower,2,13,24,17,56,0,9,61,8,78,2,22,85,25,134,0,10,10,144
05/16/2022,CLL,TX,ASW,CE,Federal Contract Tower,0,14,28,26,68,0,6,61,6,73,0,20,89,32,141,64,8,72,213
05/17/2022,CLL,TX,ASW,CE,Federal Contract Tower,0,12,24,36,72,0,5,84,6,95,0,17,108,42,167,126,4,130,297
05/18/2022,CLL,TX,ASW,CE,Federal Contract Tower,2,20,41,44,107,0,5,42,15,62,2,25,83,59,169,54,20,74,243
05/19/2022,CLL,TX,ASW,CE,Federal Contract Tower,0,12,24,21,57,0,0,58,7,65,0,12,82,28,122,42,10,52,174
05/20/2022,CLL,TX,ASW,CE,Federal Contract Tower,0,15,28,37,80,0,2,35,12,49,0,17,63,49,129,12,10,22,151
05/21/2022,CLL,TX,ASW,CE,Federal Contract Tower,0,7,13,12,32,0,2,57,7,66,0,9,70,19,98,8,40,48,146
05/22/2022,CLL,TX,ASW,CE,Federal Contract Tower,0,6,26,26,58,0,5,17,4,26,0,11,43,30,84,16,10,26,110
05/23/2022,CLL,TX,ASW,CE,Federal Contract Tower,0,15,48,27,90,0,7,60,8,75,0,22,108,35,165,36,0,36,201
05/24/2022,CLL,TX,ASW,CE,Federal Contract Tower,0,8,15,30,53,0,4,25,1,30,0,12,40,31,83,54,0,54,137
05/25/2022,CLL,TX,ASW,CE,Federal Contract Tower,0,19,42,12,73,0,2,42,18,62,0,21,84,30,135,62,26,88,223
05/26/2022,CLL,TX,ASW,CE,Federal Contract Tower,0,12,16,17,45,0,0,85,11,96,0,12,101,28,141,56,0,56,197
05/27/2022,CLL,TX,ASW,CE,Federal Contract Tower,0,9,17,7,33,0,4,65,1,70,0,13,82,8,103,72,14,86,189
05/28/2022,CLL,TX,ASW,CE,Federal Contract Tower,0,6,17,2,25,0,6,74,0,80,0,12,91,2,105,38,0,38,143
05/29/2022,CLL,TX,ASW,CE,Federal Contract Tower,2,9,14,0,25,0,4,42,0,46,2,13,56,0,71,0,0,0,71
05/30/2022,CLL,TX,ASW,CE,Federal Contract Tower,0,7,24,3,34,0,11,46,0,57,0,18,70,3,91,30,0,30,121
05/31/2022,CLL,TX,ASW,CE,Federal Contract Tower,0,8,32,60,100,0,2,72,13,87,0,10,104,73,187,160,8,168,355
06/01/2022,CLL,TX,ASW,CE,Federal Contract Tower,2,7,22,16,47,0,1,24,5,30,2,8,46,21,77,44,0,44,121
06/02/2022,CLL,TX,ASW,CE,Federal Contract Tower,0,12,20,22,54,0,3,55,10,68,0,15,75,32,122,80,2,82,204
06/03/2022,CLL,TX,ASW,CE,Federal Contract Tower,0,7,39,34,80,0,2,82,3,87,0,9,121,37,167,66,2,68,235
06/04/2022,CLL,TX,ASW,CE,Federal Contract Tower,0,11,12,14,37,0,5,67,1,73,0,16,79,15,110,50,10,60,170
06/05/2022,CLL,TX,ASW,CE,Federal Contract Tower,2,12,30,19,63,0,4,85,9,98,2,16,115,28,161,10,0,10,171
06/06/2022,CLL,TX,ASW,CE,Federal Contract Tower,0,20,23,43,86,0,4,69,11,84,0,24,92,54,170,72,4,76,246
06/07/2022,CLL,TX,ASW,CE,Federal Contract Tower,0,9,24,26,59,0,2,53,13,68,0,11,77,39,127,58,16,74,201
06/08/2022,CLL,TX,ASW,CE,Federal Contract Tower,1,15,41,19,76,0,1,54,15,70,1,16,95,34,146,40,10,50,196
06/09/2022,CLL,TX,ASW,CE,Federal Contract Tower,1,12,37,22,72,0,15,70,14,99,1,27,107,36,171,76,4,80,251
06/10/2022,CLL,TX,ASW,CE,Federal Contract Tower,0,10,22,48,80,0,6,73,11,90,0,16,95,59,170,18,0,18,188
06/11/2022,CLL,TX,ASW,CE,Federal Contract Tower,0,9,32,31,72,0,7,75,4,86,0,16,107,35,158,74,0,74,232
06/12/2022,CLL,TX,ASW,CE,Federal Contract Tower,6,8,10,20,44,0,6,54,2,62,6,14,64,22,106,40,2,42,148
06/13/2022,CLL,TX,ASW,CE,Federal Contract Tower,0,10,16,30,56,0,6,50,6,62,0,16,66,36,118,6,4,10,128
06/14/2022,CLL,TX,ASW,CE,Federal Contract Tower,0,10,33,45,88,0,3,60,14,77,0,13,93,59,165,32,2,34,199
06/15/2022,CLL,TX,ASW,CE,Federal Contract Tower,2,11,24,19,56,0,83,71,95,249,2,94,95,114,305,4,0,4,309
06/16/2022,CLL,TX,ASW,CE,Federal Contract Tower,0,17,24,28,69,0,16,59,4,79,0,33,83,32,148,58,8,66,214
06/17/2022,CLL,TX,ASW,CE,Federal Contract Tower,0,12,42,35,89,0,0,78,6,84,0,12,120,41,173,34,0,34,207
06/18/2022,CLL,TX,ASW,CE,Federal Contract Tower,0,13,20,27,60,0,6,88,0,94,0,19,108,27,154,46,0,46,200
06/19/2022,CLL,TX,ASW,CE,Federal Contract Tower,0,10,32,17,59,0,0,69,4,73,0,10,101,21,132,10,12,22,154
06/20/2022,CLL,TX,ASW,CE,Federal Contract Tower,0,17,28,19,64,0,4,77,2,83,0,21,105,21,147,58,0,58,205
06/21/2022,CLL,TX,ASW,CE,Federal Contract Tower,0,10,34,45,89,0,2,51,11,64,0,12,85,56,153,42,12,54,207
06/22/2022,CLL,TX,ASW,CE,Federal Contract Tower,0,15,21,9,45,0,7,76,4,87,0,22,97,13,132,44,0,44,176
06/23/2022,CLL,TX,ASW,CE,Federal Contract Tower,2,10,29,23,64,0,3,72,9,84,2,13,101,32,148,20,14,34,182
06/24/2022,CLL,TX,ASW,CE,Federal Contract Tower,0,10,23,9,42,0,0,75,6,81,0,10,98,15,123,38,24,62,185
06/25/2022,CLL,TX,ASW,CE,Federal Contract Tower,0,11,14,14,39,0,7,86,6,99,0,18,100,20,138,10,10,20,158
06/26/2022,CLL,TX,ASW,CE,Federal Contract Tower,0,12,14,26,52,0,0,73,3,76,0,12,87,29,128,22,30,52,180
06/27/2022,CLL,TX,ASW,CE,Federal Contract Tower,0,16,14,8,38,0,4,49,6,59,0,20,63,14,97,22,8,30,127
06/28/2022,CLL,TX,ASW,CE,Federal Contract Tower,0,11,30,8,49,0,5,71,8,84,0,16,101,16,133,24,2,26,159
06/29/2022,CLL,TX,ASW,CE,Federal Contract Tower,0,14,33,31,78,0,0,67,5,72,0,14,100,36,150,20,2,22,172
06/30/2022,CLL,TX,ASW,CE,Federal Contract Tower,0,11,19,16,46,0,2,65,3,70,0,13,84,19,116,24,18,42,158
07/01/2022,CLL,TX,ASW,CE,Federal Contract Tower,0,13,21,0,34,0,2,48,0,50,0,15,69,0,84,38,0,38,122
07/02/2022,CLL,TX,ASW,CE,Federal Contract Tower,0,10,18,11,39,0,6,24,1,31,0,16,42,12,70,4,0,4,74
07/03/2022,CLL,TX,ASW,CE,Federal Contract Tower,0,4,6,6,16,0,6,50,1,57,0,10,56,7,73,16,0,16,89
07/04/2022,CLL,TX,ASW,CE,Federal Contract Tower,0,6,16,5,27,0,5,12,1,18,0,11,28,6,45,2,0,2,47
07/05/2022,CLL,TX,ASW,CE,Federal Contract Tower,0,8,17,10,35,0,0,52,11,63,0,8,69,21,98,46,0,46,144
07/06/2022,CLL,TX,ASW,CE,Federal Contract Tower,0,7,18,52,77,0,2,61,15,78,0,9,79,67,155,18,20,38,193
07/07/2022,CLL,TX,ASW,CE,Federal Contract Tower,0,6,30,23,59,0,7,72,16,95,0,13,102,39,154,32,10,42,196
07/08/2022,CLL,TX,ASW,CE,Federal Contract Tower,0,11,32,32,75,0,2,77,1,80,0,13,109,33,155,60,4,64,219
07/09/2022,CLL,TX,ASW,CE,Federal Contract Tower,0,10,13,28,51,0,14,77,6,97,0,24,90,34,148,24,2,26,174
07/10/2022,CLL,TX,ASW,CE,Federal Contract Tower,0,5,20,21,46,0,8,69,18,95,0,13,89,39,141,26,6,32,173
07/11/2022,CLL,TX,ASW,CE,Federal Contract Tower,0,7,16,39,62,0,2,45,8,55,0,9,61,47,117,42,22,64,181
07/12/2022,CLL,TX,ASW,CE,Federal Contract Tower,0,9,21,34,64,0,1,36,8,45,0,10,57,42,109,16,2,18,127
07/13/2022,CLL,TX,ASW,CE,Federal Contract Tower,0,7,36,16,59,0,4,70,6,80,0,11,106,22,139,36,0,36,175
07/14/2022,CLL,TX,ASW,CE,Federal Contract Tower,0,12,19,19,50,0,4,40,11,55,0,16,59,30,105,12,16,28,133
07/15/2022,CLL,TX,ASW,CE,Federal Contract Tower,0,8,34,35,77,0,5,45,3,53,0,13,79,38,130,14,0,14,144
07/16/2022,CLL,TX,ASW,CE,Federal Contract Tower,0,5,22,13,40,0,10,58,1,69,0,15,80,14,109,18,0,18,127
07/17/2022,CLL,TX,ASW,CE,Federal Contract Tower,0,10,11,42,63,0,10,52,6,68,0,20,63,48,131,22,12,34,165
07/18/2022,CLL,TX,ASW,CE,Federal Contract Tower,0,11,31,31,73,0,2,67,7,76,0,13,98,38,149,12,12,24,173
07/19/2022,CLL,TX,ASW,CE,Federal Contract Tower,0,12,22,31,65,0,14,53,11,78,0,26,75,42,143,24,8,32,175
07/20/2022,CLL,TX,ASW,CE,Federal Contract Tower,0,8,35,51,94,0,6,70,5,81,0,14,105,56,175,28,4,32,207
07/21/2022,CLL,TX,ASW,CE,Federal Contract Tower,0,6,33,20,59,0,18,71,9,98,0,24,104,29,157,14,0,14,171
07/22/2022,CLL,TX,ASW,CE,Federal Contract Tower,0,7,15,44,66,0,0,54,7,61,0,7,69,51,127,10,0,10,137
07/23/2022,CLL,TX,ASW,CE,Federal Contract Tower,0,6,11,42,59,0,0,58,6,64,0,6,69,48,123,42,40,82,205
07/24/2022,CLL,TX,ASW,CE,Federal Contract Tower,0,9,17,25,51,0,1,62,10,73,0,10,79,35,124,30,18,48,172
07/25/2022,CLL,TX,ASW,CE,Federal Contract Tower,0,9,27,24,60,0,4,68,10,82,0,13,95,34,142,30,6,36,178
07/26/2022,CLL,TX,ASW,CE,Federal Contract Tower,0,9,30,41,80,0,6,72,8,86,0,15,102,49,166,34,12,46,212
07/27/2022,CLL,TX,ASW,CE,Federal Contract Tower,0,7,27,16,50,0,1,44,11,56,0,8,71,27,106,22,14,36,142
07/28/2022,CLL,TX,ASW,CE,Federal Contract Tower,0,10,13,11,34,0,0,51,3,54,0,10,64,14,88,18,0,18,106
07/29/2022,CLL,TX,ASW,CE,Federal Contract Tower,0,9,39,20,68,0,6,66,8,80,0,15,105,28,148,4,0,4,152
07/30/2022,CLL,TX,ASW,CE,Federal Contract Tower,0,9,6,11,26,0,14,71,4,89,0,23,77,15,115,18,0,18,133
07/31/2022,CLL,TX,ASW,CE,Federal Contract Tower,0,9,25,27,61,0,4,64,1,69,0,13,89,28,130,30,0,30,160
08/01/2022,CLL,TX,ASW,CE,Federal Contract Tower,0,7,22,17,46,0,8,73,4,85,0,15,95,21,131,28,6,34,165
08/02/2022,CLL,TX,ASW,CE,Federal Contract Tower,0,9,24,35,68,0,11,47,6,64,0,20,71,41,132,6,2,8,140
08/03/2022,CLL,TX,ASW,CE,Federal Contract Tower,0,17,35,26,78,0,5,59,7,71,0,22,94,33,149,14,12,26,175
08/04/2022,CLL,TX,ASW,CE,Federal Contract Tower,0,14,17,9,40,0,14,61,6,81,0,28,78,15,121,6,0,6,127
08/05/2022,CLL,TX,ASW,CE,Federal Contract Tower,0,13,7,18,38,0,14,49,0,63,0,27,56,18,101,18,0,18,119
08/06/2022,CLL,TX,ASW,CE,Federal Contract Tower,0,9,14,7,30,0,4,70,4,78,0,13,84,11,108,16,16,32,140
08/07/2022,CLL,TX,ASW,CE,Federal Contract Tower,2,11,19,48,80,0,14,75,9,98,2,25,94,57,178,68,20,88,266
08/08/2022,CLL,TX,ASW,CE,Federal Contract Tower,0,8,25,4,37,0,4,73,3,80,0,12,98,7,117,18,0,18,135
08/09/2022,CLL,TX,ASW,CE,Federal Contract Tower,0,5,27,14,46,0,7,63,3,73,0,12,90,17,119,22,0,22,141
08/10/2022,CLL,TX,ASW,CE,Federal Contract Tower,1,9,23,0,33,0,0,49,0,49,1,9,72,0,82,26,0,26,108
08/11/2022,CLL,TX,ASW,CE,Federal Contract Tower,0,11,24,8,43,0,2,79,0,81,0,13,103,8,124,80,0,80,204
08/12/2022,CLL,TX,ASW,CE,Federal Contract Tower,0,12,26,29,67,0,4,80,7,91,0,16,106,36,158,50,12,62,220
08/13/2022,CLL,TX,ASW,CE,Federal Contract Tower,0,6,15,15,36,0,20,93,4,117,0,26,108,19,153,96,10,106,259
08/14/2022,CLL,TX,ASW,CE,Federal Contract Tower,0,7,19,47,73,0,2,61,6,69,0,9,80,53,142,30,28,58,200
08/15/2022,CLL,TX,ASW,CE,Federal Contract Tower,0,6,11,18,35,0,4,59,2,65,0,10,70,20,100,36,0,36,136
08/16/2022,CLL,TX,ASW,CE,Federal Contract Tower,0,9,16,34,59,0,6,68,8,82,0,15,84,42,141,56,18,74,215
08/17/2022,CLL,TX,ASW,CE,Federal Contract Tower,0,8,35,66,109,0,4,54,9,67,0,12,89,75,176,100,16,116,292
08/18/2022,CLL,TX,ASW,CE,Federal Contract Tower,0,9,21,6,36,0,4,46,0,50,0,13,67,6,86,12,0,12,98
08/19/2022,CLL,TX,ASW,CE,Federal Contract Tower,0,15,9,0,24,0,1,26,0,27,0,16,35,0,51,18,0,18,69
08/20/2022,CLL,TX,ASW,CE,Federal Contract Tower,0,6,32,10,48,0,0,52,2,54,0,6,84,12,102,32,6,38,140
08/21/2022,CLL,TX,ASW,CE,Federal Contract Tower,2,9,15,11,37,0,4,53,1,58,2,13,68,12,95,40,0,40,135
08/22/2022,CLL,TX,ASW,CE,Federal Contract Tower,0,4,30,5,39,0,1,22,4,27,0,5,52,9,66,8,0,8,74
08/23/2022,CLL,TX,ASW,CE,Federal Contract Tower,0,12,42,7,61,0,2,37,0,39,0,14,79,7,100,64,0,64,164
08/24/2022,CLL,TX,ASW,CE,Federal Contract Tower,2,9,29,6,46,0,6,37,1,44,2,15,66,7,90,50,0,50,140
08/25/2022,CLL,TX,ASW,CE,Federal Contract Tower,0,11,41,5,57,0,4,97,5,106,0,15,138,10,163,14,8,22,185
08/26/2022,CLL,TX,ASW,CE,Federal Contract Tower,0,9,31,41,81,0,6,79,15,100,0,15,110,56,181,32,8,40,221
08/27/2022,CLL,TX,ASW,CE,Federal Contract Tower,0,11,30,24,65,0,19,83,9,111,0,30,113,33,176,20,24,44,220
08/28/2022,CLL,TX,ASW,CE,Federal Contract Tower,0,10,20,20,50,0,12,72,0,84,0,22,92,20,134,54,0,54,188
08/29/2022,CLL,TX,ASW,CE,Federal Contract Tower,0,13,19,5,37,0,0,30,7,37,0,13,49,12,74,30,6,36,110
08/30/2022,CLL,TX,ASW,CE,Federal Contract Tower,0,5,17,0,22,0,2,2,0,4,0,7,19,0,26,22,0,22,48
08/31/2022,CLL,TX,ASW,CE,Federal Contract Tower,5,12,30,21,68,0,5,55,9,69,5,17,85,30,137,102,6,108,245
09/01/2022,CLL,TX,ASW,CE,Federal Contract Tower,0,8,42,15,65,0,8,64,7,79,0,16,106,22,144,24,18,42,186
09/02/2022,CLL,TX,ASW,CE,Federal Contract Tower,0,13,30,22,65,0,8,77,7,92,0,21,107,29,157,50,6,56,213
09/03/2022,CLL,TX,ASW,CE,Federal Contract Tower,0,16,44,0,60,0,10,24,4,38,0,26,68,4,98,0,0,0,98
09/04/2022,CLL,TX,ASW,CE,Federal Contract Tower,0,9,17,0,26,0,5,104,4,113,0,14,121,4,139,60,0,60,199
09/05/2022,CLL,TX,ASW,CE,Federal Contract Tower,0,13,20,2,35,0,6,79,1,86,0,19,99,3,121,38,0,38,159
09/06/2022,CLL,TX,ASW,CE,Federal Contract Tower,0,10,16,31,57,0,2,76,4,82,0,12,92,35,139,30,10,40,179
09/07/2022,CLL,TX,ASW,CE,Federal Contract Tower,0,6,29,20,55,0,3,60,7,70,0,9,89,27,125,56,0,56,181
09/08/2022,CLL,TX,ASW,CE,Federal Contract Tower,0,14,37,27,78,0,20,77,12,109,0,34,114,39,187,66,14,80,267
09/09/2022,CLL,TX,ASW,CE,Federal Contract Tower,0,16,41,26,83,0,7,110,6,123,0,23,151,32,206,62,34,96,302
09/10/2022,CLL,TX,ASW,CE,Federal Contract Tower,0,18,41,7,66,0,4,91,10,105,0,22,132,17,171,6,0,6,177
09/11/2022,CLL,TX,ASW,CE,Federal Contract Tower,1,14,41,33,89,0,10,110,4,124,1,24,151,37,213,10,0,10,223
09/12/2022,CLL,TX,ASW,CE,Federal Contract Tower,0,9,42,74,125,0,0,58,10,68,0,9,100,84,193,64,4,68,261
09/13/2022,CLL,TX,ASW,CE,Federal Contract Tower,0,11,39,34,84,0,6,71,4,81,0,17,110,38,165,54,0,54,219
09/14/2022,CLL,TX,ASW,CE,Federal Contract Tower,0,12,39,26,77,0,7,71,9,87,0,19,110,35,164,62,8,70,234
09/15/2022,CLL,TX,ASW,CE,Federal Contract Tower,0,14,44,56,114,0,21,99,13,133,0,35,143,69,247,26,28,54,301
09/16/2022,CLL,TX,ASW,CE,Federal Contract Tower,2,15,56,38,111,0,7,70,3,80,2,22,126,41,191,10,0,10,201
09/17/2022,CLL,TX,ASW,CE,Federal Contract Tower,1,35,114,14,164,0,6,46,0,52,1,41,160,14,216,2,0,2,218
09/18/2022,CLL,TX,ASW,CE,Federal Contract Tower,0,21,62,28,111,0,6,93,17,116,0,27,155,45,227,62,0,62,289
09/19/2022,CLL,TX,ASW,CE,Federal Contract Tower,0,8,38,30,76,0,10,60,6,76,0,18,98,36,152,76,0,76,228
09/20/2022,CLL,TX,ASW,CE,Federal Contract Tower,0,6,37,35,78,0,2,68,4,74,0,8,105,39,152,58,4,62,214
09/21/2022,CLL,TX,ASW,CE,Federal Contract Tower,0,9,36,26,71,0,0,57,7,64,0,9,93,33,135,68,6,74,209
09/22/2022,CLL,TX,ASW,CE,Federal Contract Tower,0,20,37,16,73,0,6,114,7,127,0,26,151,23,200,66,0,66,266
09/23/2022,CLL,TX,ASW,CE,Federal Contract Tower,0,13,30,31,74,0,4,115,4,123,0,17,145,35,197,34,4,38,235
09/24/2022,CLL,TX,ASW,CE,Federal Contract Tower,2,11,20,0,33,0,12,112,0,124,2,23,132,0,157,54,0,54,211
09/25/2022,CLL,TX,ASW,CE,Federal Contract Tower,0,10,27,34,71,0,10,72,5,87,0,20,99,39,158,66,20,86,244
09/26/2022,CLL,TX,ASW,CE,Federal Contract Tower,1,8,39,59,107,0,6,61,14,81,1,14,100,73,188,30,16,46,234
09/27/2022,CLL,TX,ASW,CE,Federal Contract Tower,0,14,26,25,65,0,2,96,10,108,0,16,122,35,173,12,24,36,209
09/28/2022,CLL,TX,ASW,CE,Federal Contract Tower,1,10,34,48,93,0,6,73,7,86,1,16,107,55,179,42,16,58,237
09/29/2022,CLL,TX,ASW,CE,Federal Contract Tower,2,11,33,31,77,0,8,126,11,145,2,19,159,42,222,72,4,76,298
09/30/2022,CLL,TX,ASW,CE,Federal Contract Tower,1,11,46,43,101,0,10,90,5,105,1,21,136,48,206,68,14,82,288
10/01/2022,CLL,TX,ASW,CE,Federal Contract Tower,0,13,26,5,44,0,8,124,2,134,0,21,150,7,178,40,0,40,218
10/02/2022,CLL,TX,ASW,CE,Federal Contract Tower,0,18,26,14,58,0,5,111,0,116,0,23,137,14,174,28,0,28,202
10/03/2022,CLL,TX,ASW,CE,Federal Contract Tower,0,11,30,17,58,0,0,66,5,71,0,11,96,22,129,32,2,34,163
10/04/2022,CLL,TX,ASW,CE,Federal Contract Tower,1,11,24,39,75,0,11,117,4,132,1,22,141,43,207,46,20,66,273
10/05/2022,CLL,TX,ASW,CE,Federal Contract Tower,0,12,46,49,107,0,4,79,17,100,0,16,125,66,207,54,16,70,277
10/06/2022,CLL,TX,ASW,CE,Federal Contract Tower,3,17,43,33,96,0,5,97,6,108,3,22,140,39,204,34,6,40,244
10/07/2022,CLL,TX,ASW,CE,Federal Contract Tower,1,17,31,47,96,0,8,95,5,108,1,25,126,52,204,36,0,36,240
10/08/2022,CLL,TX,ASW,CE,Federal Contract Tower,3,15,22,2,42,0,6,104,2,112,3,21,126,4,154,76,0,76,230
10/09/2022,CLL,TX,ASW,CE,Federal Contract Tower,1,17,28,16,62,0,6,85,6,97,1,23,113,22,159,18,0,18,177
10/10/2022,CLL,TX,ASW,CE,Federal Contract Tower,0,16,39,0,55,0,4,88,0,92,0,20,127,0,147,26,0,26,173
10/11/2022,CLL,TX,ASW,CE,Federal Contract Tower,0,9,34,19,62,0,12,82,5,99,0,21,116,24,161,102,10,112,273
10/12/2022,CLL,TX,ASW,CE,Federal Contract Tower,0,11,22,11,44,0,3,54,4,61,0,14,76,15,105,26,0,26,131
10/13/2022,CLL,TX,ASW,CE,Federal Contract Tower,0,26,51,54,131,0,2,81,7,90,0,28,132,61,221,44,12,56,277
10/14/2022,CLL,TX,ASW,CE,Federal Contract Tower,2,9,24,32,67,0,8,106,7,121,2,17,130,39,188,38,0,38,226
10/15/2022,CLL,TX,ASW,CE,Federal Contract Tower,0,9,31,6,46,0,17,85,0,102,0,26,116,6,148,24,0,24,172
10/16/2022,CLL,TX,ASW,CE,Federal Contract Tower,0,7,20,35,62,0,0,67,11,78,0,7,87,46,140,18,26,44,184
10/17/2022,CLL,TX,ASW,CE,Federal Contract Tower,0,10,22,18,50,0,2,59,1,62,0,12,81,19,112,14,2,16,128
10/18/2022,CLL,TX,ASW,CE,Federal Contract Tower,0,10,27,34,71,0,4,107,7,118,0,14,134,41,189,22,18,40,229
10/19/2022,CLL,TX,ASW,CE,Federal Contract Tower,2,19,27,33,81,0,21,104,10,135,2,40,131,43,216,50,28,78,294
10/20/2022,CLL,TX,ASW,CE,Federal Contract Tower,2,11,42,23,78,0,3,89,4,96,2,14,131,27,174,66,4,70,244
10/21/2022,CLL,TX,ASW,CE,Federal Contract Tower,3,18,34,32,87,0,7,91,6,104,3,25,125,38,191,16,4,20,211
10/22/2022,CLL,TX,ASW,CE,Federal Contract Tower,1,11,22,4,38,0,8,71,2,81,1,19,93,6,119,2,0,2,121
10/23/2022,CLL,TX,ASW,CE,Federal Contract Tower,0,15,27,21,63,0,4,54,10,68,0,19,81,31,131,6,26,32,163
10/24/2022,CLL,TX,ASW,CE,Federal Contract Tower,0,21,14,14,49,0,6,45,2,53,0,27,59,16,102,34,4,38,140
10/25/2022,CLL,TX,ASW,CE,Federal Contract Tower,0,12,21,30,63,0,4,51,9,64,0,16,72,39,127,32,28,60,187
10/26/2022,CLL,TX,ASW,CE,Federal Contract Tower,3,16,49,30,98,0,0,92,13,105,3,16,141,43,203,46,20,66,269
10/27/2022,CLL,TX,ASW,CE,Federal Contract Tower,0,14,46,34,94,0,9,109,23,141,0,23,155,57,235,52,10,62,297
10/28/2022,CLL,TX,ASW,CE,Federal Contract Tower,2,24,30,0,56,0,2,0,0,2,2,26,30,0,58,18,0,18,76
10/29/2022,CLL,TX,ASW,CE,Federal Contract Tower,0,23,125,26,174,0,1,7,3,11,0,24,132,29,185,0,0,0,185
10/31/2022,CLL,TX,ASW,CE,Federal Contract Tower,2,5,28,21,56,0,2,84,5,91,2,7,112,26,147,28,0,28,175
11/01/2022,CLL,TX,ASW,CE,Federal Contract Tower,0,13,32,28,73,0,2,34,3,39,0,15,66,31,112,36,2,38,150
11/02/2022,CLL,TX,ASW,CE,Federal Contract Tower,0,13,33,29,75,0,1,61,7,69,0,14,94,36,144,88,32,120,264
11/03/2022,CLL,TX,ASW,CE,Federal Contract Tower,0,14,58,13,85,0,4,33,0,37,0,18,91,13,122,30,2,32,154
11/04/2022,CLL,TX,ASW,CE,Federal Contract Tower,1,34,48,0,83,0,0,17,2,19,1,34,65,2,102,24,6,30,132
11/05/2022,CLL,TX,ASW,CE,Federal Contract Tower,2,23,67,10,102,0,6,72,9,87,2,29,139,19,189,2,32,34,223
11/06/2022,CLL,TX,ASW,CE,Federal Contract Tower,0,17,71,5,93,0,6,38,5,49,0,23,109,10,142,26,0,26,168
11/07/2022,CLL,TX,ASW,CE,Federal Contract Tower,0,6,32,30,68,0,4,59,6,69,0,10,91,36,137,12,18,30,167
11/08/2022,CLL,TX,ASW,CE,Federal Contract Tower,0,3,48,66,117,0,2,98,12,112,0,5,146,78,229,36,20,56,285
11/09/2022,CLL,TX,ASW,CE,Federal Contract Tower,0,10,49,59,118,0,4,92,11,107,0,14,141,70,225,100,16,116,341
11/10/2022,CLL,TX,ASW,CE,Federal Contract Tower,2,13,45,35,95,0,10,63,6,79,2,23,108,41,174,60,4,64,238
11/11/2022,CLL,TX,ASW,CE,Federal Contract Tower,4,13,20,0,37,0,2,8,0,10,4,15,28,0,47,2,0,2,49
11/12/2022,CLL,TX,ASW,CE,Federal Contract Tower,0,5,26,7,38,0,11,76,1,88,0,16,102,8,126,12,0,12,138
11/13/2022,CLL,TX,ASW,CE,Federal Contract Tower,0,16,25,6,47,0,2,101,4,107,0,18,126,10,154,56,2,58,212
11/14/2022,CLL,TX,ASW,CE,Federal Contract Tower,0,6,14,2,22,0,1,6,0,7,0,7,20,2,29,36,0,36,65
11/15/2022,CLL,TX,ASW,CE,Federal Contract Tower,2,10,29,41,82,0,56,6,0,62,2,66,35,41,144,112,16,128,272
11/16/2022,CLL,TX,ASW,CE,Federal Contract Tower,2,10,39,70,121,0,3,96,27,126,2,13,135,97,247,102,12,114,361
11/17/2022,CLL,TX,ASW,CE,Federal Contract Tower,0,12,38,39,89,0,13,109,9,131,0,25,147,48,220,62,16,78,298
11/18/2022,CLL,TX,ASW,CE,Federal Contract Tower,1,14,38,38,91,0,4,86,3,93,1,18,124,41,184,56,0,56,240
11/19/2022,CLL,TX,ASW,CE,Federal Contract Tower,2,9,17,2,30,0,1,0,5,6,2,10,17,7,36,0,0,0,36
11/20/2022,CLL,TX,ASW,CE,Federal Contract Tower,0,9,18,28,55,0,23,98,4,125,0,32,116,32,180,86,0,86,266
11/21/2022,CLL,TX,ASW,CE,Federal Contract Tower,0,9,36,7,52,0,11,3,0,14,0,20,39,7,66,48,6,54,120
11/22/2022,CLL,TX,ASW,CE,Federal Contract Tower,0,16,68,53,137,0,0,93,17,110,0,16,161,70,247,106,64,170,417
11/23/2022,CLL,TX,ASW,CE,Federal Contract Tower,0,6,24,11,41,0,9,73,19,101,0,15,97,30,142,14,24,38,180
11/24/2022,CLL,TX,ASW,CE,Federal Contract Tower,1,4,4,0,9,0,0,0,1,1,1,4,4,1,10,0,0,0,10
11/25/2022,CLL,TX,ASW,CE,Federal Contract Tower,2,6,44,0,52,0,4,3,1,8,2,10,47,1,60,0,0,0,60
11/26/2022,CLL,TX,ASW,CE,Federal Contract Tower,2,23,62,2,89,0,7,31,7,45,2,30,93,9,134,0,44,44,178
11/27/2022,CLL,TX,ASW,CE,Federal Contract Tower,0,19,33,0,52,0,8,139,4,151,0,27,172,4,203,26,0,26,229
11/28/2022,CLL,TX,ASW,CE,Federal Contract Tower,0,11,25,15,51,0,4,88,7,99,0,15,113,22,150,84,12,96,246
11/29/2022,CLL,TX,ASW,CE,Federal Contract Tower,2,9,44,22,77,0,8,39,2,49,2,17,83,24,126,34,0,34,160
11/30/2022,CLL,TX,ASW,CE,Federal Contract Tower,0,9,58,67,134,0,3,84,20,107,0,12,142,87,241,72,18,90,331
12/01/2022,CLL,TX,ASW,CE,Federal Contract Tower,0,6,37,19,62,0,9,65,4,78,0,15,102,23,140,48,24,72,212
12/02/2022,CLL,TX,ASW,CE,Federal Contract Tower,0,17,28,5,50,0,4,2,0,6,0,21,30,5,56,0,0,0,56
12/03/2022,CLL,TX,ASW,CE,Federal Contract Tower,0,15,35,9,59,0,5,34,0,39,0,20,69,9,98,14,0,14,112
12/04/2022,CLL,TX,ASW,CE,Federal Contract Tower,0,12,45,25,82,0,2,17,2,21,0,14,62,27,103,42,0,42,145
12/05/2022,CLL,TX,ASW,CE,Federal Contract Tower,2,10,31,25,68,0,8,43,2,53,2,18,74,27,121,22,0,22,143
12/06/2022,CLL,TX,ASW,CE,Federal Contract Tower,0,10,43,51,104,0,2,34,15,51,0,12,77,66,155,46,4,50,205
12/07/2022,CLL,TX,ASW,CE,Federal Contract Tower,2,8,56,36,102,0,19,62,12,93,2,27,118,48,195,30,10,40,235
12/08/2022,CLL,TX,ASW,CE,Federal Contract Tower,3,7,43,26,79,0,2,51,8,61,3,9,94,34,140,14,0,14,154
12/09/2022,CLL,TX,ASW,CE,Federal Contract Tower,5,11,31,6,53,0,10,33,4,47,5,21,64,10,100,0,0,0,100
12/10/2022,CLL,TX,ASW,CE,Federal Contract Tower,4,0,19,5,28,0,11,28,4,43,4,11,47,9,71,0,0,0,71
12/11/2022,CLL,TX,ASW,CE,Federal Contract Tower,6,2,45,10,63,0,6,2,0,8,6,8,47,10,71,12,0,12,83
12/12/2022,CLL,TX,ASW,CE,Federal Contract Tower,8,11,32,2,53,0,2,0,0,2,8,13,32,2,55,0,0,0,55
12/13/2022,CLL,TX,ASW,CE,Federal Contract Tower,4,5,22,10,41,0,0,3,0,3,4,5,25,10,44,8,0,8,52
12/14/2022,CLL,TX,ASW,CE,Federal Contract Tower,4,9,48,43,104,0,7,73,13,93,4,16,121,56,197,30,8,38,235
12/15/2022,CLL,TX,ASW,CE,Federal Contract Tower,4,4,24,3,35,0,10,132,15,157,4,14,156,18,192,70,14,84,276
12/16/2022,CLL,TX,ASW,CE,Federal Contract Tower,6,11,72,25,114,0,12,68,3,83,6,23,140,28,197,32,0,32,229
12/18/2022,CLL,TX,ASW,CE,Federal Contract Tower,4,3,17,25,49,0,6,77,10,93,4,9,94,35,142,54,46,100,242
12/19/2022,CLL,TX,ASW,CE,Federal Contract Tower,4,4,7,6,21,0,0,0,0,0,4,4,7,6,21,0,0,0,21
12/20/2022,CLL,TX,ASW,CE,Federal Contract Tower,4,11,41,15,71,0,4,3,8,15,4,15,44,23,86,0,0,0,86
12/21/2022,CLL,TX,ASW,CE,Federal Contract Tower,4,7,35,4,50,0,5,14,0,19,4,12,49,4,69,26,0,26,95
12/22/2022,CLL,TX,ASW,CE,Federal Contract Tower,4,5,19,10,38,0,1,3,2,6,4,6,22,12,44,0,0,0,44
12/23/2022,CLL,TX,ASW,CE,Federal Contract Tower,3,4,7,0,14,1,6,20,0,27,4,10,27,0,41,4,0,4,45
12/24/2022,CLL,TX,ASW,CE,Federal Contract Tower,3,0,7,0,10,0,12,24,0,36,3,12,31,0,46,0,0,0,46
12/25/2022,CLL,TX,ASW,CE,Federal Contract Tower,1,4,0,0,5,0,4,13,0,17,1,8,13,0,22,0,0,0,22
12/26/2022,CLL,TX,ASW,CE,Federal Contract Tower,4,3,14,0,21,0,2,49,0,51,4,5,63,0,72,24,0,24,96
12/27/2022,CLL,TX,ASW,CE,Federal Contract Tower,4,1,19,11,35,0,8,70,2,80,4,9,89,13,115,48,0,48,163
12/28/2022,CLL,TX,ASW,CE,Federal Contract Tower,5,3,34,3,45,0,5,44,4,53,5,8,78,7,98,14,18,32,130
12/29/2022,CLL,TX,ASW,CE,Federal Contract Tower,2,3,15,2,22,0,3,5,0,8,2,6,20,2,30,0,0,0,30
12/30/2022,CLL,TX,ASW,CE,Federal Contract Tower,4,6,29,0,39,0,26,21,0,47,4,32,50,0,86,6,0,6,92
12/31/2022,CLL,TX,ASW,CE,Federal Contract Tower,4,0,16,0,20,0,9,80,0,89,4,9,96,0,109,24,0,24,133
01/01/2023,CLL,TX,ASW,CE,Federal Contract Tower,3,2,5,0,10,0,5,8,0,13,3,7,13,0,23,0,0,0,23
01/02/2023,CLL,TX,ASW,CE,Federal Contract Tower,4,8,14,0,26,0,1,3,0,4,4,9,17,0,30,4,0,4,34
01/03/2023,CLL,TX,ASW,CE,Federal Contract Tower,5,4,32,3,44,0,3,67,0,70,5,7,99,3,114,82,0,82,196
01/04/2023,CLL,TX,ASW,CE,Federal Contract Tower,4,13,33,9,59,0,20,85,8,113,4,33,118,17,172,70,10,80,252
01/05/2023,CLL,TX,ASW,CE,Federal Contract Tower,5,4,30,18,57,0,8,86,5,99,5,12,116,23,156,38,12,50,206
01/06/2023,CLL,TX,ASW,CE,Federal Contract Tower,5,2,31,24,62,0,7,74,4,85,5,9,105,28,147,8,0,8,155
01/07/2023,CLL,TX,ASW,CE,Federal Contract Tower,6,3,20,4,33,0,0,12,0,12,6,3,32,4,45,12,0,12,57
01/08/2023,CLL,TX,ASW,CE,Federal Contract Tower,6,5,30,20,61,0,6,93,0,99,6,11,123,20,160,16,0,16,176
01/09/2023,CLL,TX,ASW,CE,Federal Contract Tower,4,3,32,8,47,0,7,79,3,89,4,10,111,11,136,46,26,72,208
01/10/2023,CLL,TX,ASW,CE,Federal Contract Tower,3,3,22,20,48,0,0,50,5,55,3,3,72,25,103,12,0,12,115
01/11/2023,CLL,TX,ASW,CE,Federal Contract Tower,5,2,32,17,56,0,15,44,11,70,5,17,76,28,126,42,0,42,168
01/12/2023,CLL,TX,ASW,CE,Federal Contract Tower,4,2,21,8,35,0,0,57,4,61,4,2,78,12,96,4,0,4,100
01/13/2023,CLL,TX,ASW,CE,Federal Contract Tower,6,7,24,15,52,0,6,119,2,127,6,13,143,17,179,48,0,48,227
01/14/2023,CLL,TX,ASW,CE,Federal Contract Tower,3,2,23,2,30,0,11,148,2,161,3,13,171,4,191,60,4,64,255
01/15/2023,CLL,TX,ASW,CE,Federal Contract Tower,3,8,19,15,45,0,0,64,3,67,3,8,83,18,112,32,12,44,156
01/16/2023,CLL,TX,ASW,CE,Federal Contract Tower,6,8,24,6,44,0,5,55,0,60,6,13,79,6,104,158,0,158,262
01/17/2023,CLL,TX,ASW,CE,Federal Contract Tower,5,5,17,8,35,0,4,24,3,31,5,9,41,11,66,2,0,2,68
01/18/2023,CLL,TX,ASW,CE,Federal Contract Tower,6,4,24,17,51,0,10,52,8,70,6,14,76,25,121,70,6,76,197
01/19/2023,CLL,TX,ASW,CE,Federal Contract Tower,5,11,38,8,62,0,1,103,11,115,5,12,141,19,177,72,0,72,249
01/20/2023,CLL,TX,ASW,CE,Federal Contract Tower,5,6,36,40,87,0,1,86,16,103,5,7,122,56,190,90,28,118,308
01/21/2023,CLL,TX,ASW,CE,Federal Contract Tower,5,6,25,14,50,0,2,33,4,39,5,8,58,18,89,82,14,96,185
01/22/2023,CLL,TX,ASW,CE,Federal Contract Tower,4,3,14,44,65,0,8,117,2,127,4,11,131,46,192,32,2,34,226
01/23/2023,CLL,TX,ASW,CE,Federal Contract Tower,5,7,14,29,55,0,10,90,12,112,5,17,104,41,167,48,20,68,235
01/24/2023,CLL,TX,ASW,CE,Federal Contract Tower,4,5,7,1,17,0,1,0,0,1,4,6,7,1,18,0,0,0,18
01/25/2023,CLL,TX,ASW,CE,Federal Contract Tower,4,17,33,26,80,0,4,68,12,84,4,21,101,38,164,24,4,28,192
01/26/2023,CLL,TX,ASW,CE,Federal Contract Tower,4,12,29,35,80,0,3,131,14,148,4,15,160,49,228,60,4,64,292
01/28/2023,CLL,TX,ASW,CE,Federal Contract Tower,7,3,19,0,29,0,0,0,0,0,7,3,19,0,29,0,0,0,29
01/29/2023,CLL,TX,ASW,CE,Federal Contract Tower,4,8,7,0,19,0,2,3,0,5,4,10,10,0,24,0,0,0,24
01/30/2023,CLL,TX,ASW,CE,Federal Contract Tower,5,3,5,6,19,0,0,0,0,0,5,3,5,6,19,0,0,0,19
01/31/2023,CLL,TX,ASW,CE,Federal Contract Tower,3,7,5,0,15,0,0,0,0,0,3,7,5,0,15,0,0,0,15
02/01/2023,CLL,TX,ASW,CE,Federal Contract Tower,0,7,3,0,10,0,0,0,0,0,0,7,3,0,10,0,0,0,10
02/02/2023,CLL,TX,ASW,CE,Federal Contract Tower,4,3,15,0,22,0,0,0,0,0,4,3,15,0,22,0,0,0,22
02/03/2023,CLL,TX,ASW,CE,Federal Contract Tower,5,8,50,30,93,0,2,58,4,64,5,10,108,34,157,8,0,8,165
02/04/2023,CLL,TX,ASW,CE,Federal Contract Tower,6,8,38,17,69,0,9,104,4,117,6,17,142,21,186,56,20,76,262
02/05/2023,CLL,TX,ASW,CE,Federal Contract Tower,6,7,29,38,80,0,2,125,7,134,6,9,154,45,214,52,18,70,284
02/06/2023,CLL,TX,ASW,CE,Federal Contract Tower,6,7,28,9,50,0,2,37,4,43,6,9,65,13,93,8,2,10,103
02/07/2023,CLL,TX,ASW,CE,Federal Contract Tower,2,3,27,19,51,0,0,18,2,20,2,3,45,21,71,32,0,32,103
02/08/2023,CLL,TX,ASW,CE,Federal Contract Tower,1,10,19,5,35,0,1,9,2,12,1,11,28,7,47,0,0,0,47
02/09/2023,CLL,TX,ASW,CE,Federal Contract Tower,4,2,36,38,80,0,6,97,14,117,4,8,133,52,197,70,10,80,277
02/10/2023,CLL,TX,ASW,CE,Federal Contract Tower,7,7,36,18,68,0,2,89,10,101,7,9,125,28,169,70,0,70,239
02/11/2023,CLL,TX,ASW,CE,Federal Contract Tower,4,10,32,33,79,0,14,77,12,103,4,24,109,45,182,50,10,60,242
02/12/2023,CLL,TX,ASW,CE,Federal Contract Tower,14,5,24,6,49,0,2,98,3,103,14,7,122,9,152,56,4,60,212
02/13/2023,CLL,TX,ASW,CE,Federal Contract Tower,5,7,30,28,70,0,2,80,12,94,5,9,110,40,164,40,0,40,204
02/14/2023,CLL,TX,ASW,CE,Federal Contract Tower,6,7,19,20,52,0,0,34,5,39,6,7,53,25,91,12,0,12,103
02/15/2023,CLL,TX,ASW,CE,Federal Contract Tower,4,10,53,17,84,0,16,13,0,29,4,26,66,17,113,0,0,0,113
02/16/2023,CLL,TX,ASW,CE,Federal Contract Tower,4,9,44,22,79,0,1,52,23,76,4,10,96,45,155,53,18,71,226
02/17/2023,CLL,TX,ASW,CE,Federal Contract Tower,7,7,40,7,61,0,13,120,3,136,7,20,160,10,197,38,0,38,235
02/18/2023,CLL,TX,ASW,CE,Federal Contract Tower,3,6,32,8,49,0,0,133,7,140,3,6,165,15,189,46,0,46,235
02/19/2023,CLL,TX,ASW,CE,Federal Contract Tower,4,10,31,1,46,0,8,75,1,84,4,18,106,2,130,72,0,72,202
02/20/2023,CLL,TX,ASW,CE,Federal Contract Tower,5,11,31,6,53,0,2,25,2,29,5,13,56,8,82,10,0,10,92
02/21/2023,CLL,TX,ASW,CE,Federal Contract Tower,4,4,41,9,58,0,6,28,11,45,4,10,69,20,103,10,6,16,119
02/22/2023,CLL,TX,ASW,CE,Federal Contract Tower,5,5,32,5,47,0,4,52,11,67,5,9,84,16,114,64,8,72,186
02/23/2023,CLL,TX,ASW,CE,Federal Contract Tower,4,4,35,10,53,0,14,61,4,79,4,18,96,14,132,8,6,14,146
02/24/2023,CLL,TX,ASW,CE,Federal Contract Tower,8,2,51,12,73,0,8,25,1,34,8,10,76,13,107,20,6,26,133
02/25/2023,CLL,TX,ASW,CE,Federal Contract Tower,7,3,29,16,55,0,4,32,0,36,7,7,61,16,91,34,0,34,125
02/26/2023,CLL,TX,ASW,CE,Federal Contract Tower,5,6,37,6,54,0,2,28,0,30,5,8,65,6,84,10,0,10,94
02/27/2023,CLL,TX,ASW,CE,Federal Contract Tower,6,3,33,12,54,0,8,99,11,118,6,11,132,23,172,46,6,52,224
02/28/2023,CLL,TX,ASW,CE,Federal Contract Tower,5,1,29,10,45,0,2,74,11,87,5,3,103,21,132,16,2,18,150
03/01/2023,CLL,TX,ASW,CE,Federal Contract Tower,4,5,56,16,81,0,4,49,8,61,4,9,105,24,142,44,0,44,186
03/02/2023,CLL,TX,ASW,CE,Federal Contract Tower,6,7,45,9,67,0,6,9,2,17,6,13,54,11,84,20,4,24,108
03/03/2023,CLL,TX,ASW,CE,Federal Contract Tower,5,9,41,18,73,0,6,88,13,107,5,15,129,31,180,16,20,36,216
03/04/2023,CLL,TX,ASW,CE,Federal Contract Tower,6,10,32,13,61,0,12,155,7,174,6,22,187,20,235,82,14,96,331
03/05/2023,CLL,TX,ASW,CE,Federal Contract Tower,5,4,24,21,54,0,10,123,3,136,5,14,147,24,190,104,0,104,294
03/06/2023,CLL,TX,ASW,CE,Federal Contract Tower,4,4,46,14,68,0,6,54,7,67,4,10,100,21,135,86,0,86,221
03/07/2023,CLL,TX,ASW,CE,Federal Contract Tower,4,2,45,44,95,0,2,42,11,55,4,4,87,55,150,48,18,66,216
03/08/2023,CLL,TX,ASW,CE,Federal Contract Tower,6,4,41,34,85,0,10,80,15,105,6,14,121,49,190,50,46,96,286
03/09/2023,CLL,TX,ASW,CE,Federal Contract Tower,10,8,39,24,81,0,8,74,9,91,10,16,113,33,172,40,8,48,220
03/10/2023,CLL,TX,ASW,CE,Federal Contract Tower,8,3,43,13,67,0,6,36,5,47,8,9,79,18,114,18,16,34,148
03/11/2023,CLL,TX,ASW,CE,Federal Contract Tower,4,9,37,42,92,0,4,61,8,73,4,13,98,50,165,24,26,50,215
03/12/2023,CLL,TX,ASW,CE,Federal Contract Tower,8,7,25,24,64,0,2,27,0,29,8,9,52,24,93,26,0,26,119
03/13/2023,CLL,TX,ASW,CE,Federal Contract Tower,8,8,26,8,50,0,18,69,4,91,8,26,95,12,141,44,8,52,193
03/14/2023,CLL,TX,ASW,CE,Federal Contract Tower,4,2,33,25,64,0,10,82,16,108,4,12,115,41,172,40,30,70,242
03/15/2023,CLL,TX,ASW,CE,Federal Contract Tower,3,13,39,43,98,0,4,92,14,110,3,17,131,57,208,14,10,24,232
03/16/2023,CLL,TX,ASW,CE,Federal Contract Tower,4,12,10,2,28,0,2,0,2,4,4,14,10,4,32,0,0,0,32
03/17/2023,CLL,TX,ASW,CE,Federal Contract Tower,7,10,15,47,79,0,2,44,12,58,7,12,59,59,137,36,0,36,173
03/18/2023,CLL,TX,ASW,CE,Federal Contract Tower,4,11,12,9,36,0,16,88,0,104,4,27,100,9,140,18,6,24,164
03/19/2023,CLL,TX,ASW,CE,Federal Contract Tower,7,12,18,16,53,0,8,142,4,154,7,20,160,20,207,28,0,28,235
03/20/2023,CLL,TX,ASW,CE,Federal Contract Tower,4,5,20,17,46,0,8,65,9,82,4,13,85,26,128,16,10,26,154
03/21/2023,CLL,TX,ASW,CE,Federal Contract Tower,4,5,30,36,75,0,4,0,10,14,4,9,30,46,89,0,0,0,89
03/22/2023,CLL,TX,ASW,CE,Federal Contract Tower,3,14,31,27,75,0,15,41,19,75,3,29,72,46,150,30,0,30,180
03/23/2023,CLL,TX,ASW,CE,Federal Contract Tower,8,5,39,23,75,0,12,54,5,71,8,17,93,28,146,12,6,18,164
03/24/2023,CLL,TX,ASW,CE,Federal Contract Tower,3,9,30,16,58,0,10,30,0,40,3,19,60,16,98,26,0,26,124
03/25/2023,CLL,TX,ASW,CE,Federal Contract Tower,4,3,23,14,44,0,8,154,37,199,4,11,177,51,243,12,28,40,283
03/26/2023,CLL,TX,ASW,CE,Federal Contract Tower,12,3,33,18,66,0,19,53,0,72,12,22,86,18,138,42,0,42,180
03/27/2023,CLL,TX,ASW,CE,Federal Contract Tower,4,5,33,24,66,0,15,88,5,108,4,20,121,29,174,58,2,60,234
03/28/2023,CLL,TX,ASW,CE,Federal Contract Tower,1,13,21,12,47,0,4,69,13,86,1,17,90,25,133,34,18,52,185
03/29/2023,CLL,TX,ASW,CE,Federal Contract Tower,3,18,32,27,80,0,32,119,9,160,3,50,151,36,240,50,12,62,302
03/30/2023,CLL,TX,ASW,CE,Federal Contract Tower,5,5,32,17,59,0,10,18,4,32,5,15,50,21,91,4,0,4,95
03/31/2023,CLL,TX,ASW,CE,Federal Contract Tower,4,18,28,54,104,0,5,19,8,32,4,23,47,62,136,0,14,14,150
04/01/2023,CLL,TX,ASW,CE,Federal Contract Tower,5,2,26,29,62,0,16,125,7,148,5,18,151,36,210,74,6,80,290
04/02/2023,CLL,TX,ASW,CE,Federal Contract Tower,4,6,29,32,71,0,3,28,6,37,4,9,57,38,108,60,0,60,168
04/03/2023,CLL,TX,ASW,CE,Federal Contract Tower,4,5,39,6,54,0,9,56,4,69,4,14,95,10,123,62,0,62,185
04/04/2023,CLL,TX,ASW,CE,Federal Contract Tower,6,6,31,38,81,0,3,24,4,31,6,9,55,42,112,6,24,30,142
04/05/2023,CLL,TX,ASW,CE,Federal Contract Tower,4,8,29,3,44,0,1,14,0,15,4,9,43,3,59,40,0,40,99
04/06/2023,CLL,TX,ASW,CE,Federal Contract Tower,5,7,6,0,18,0,0,0,0,0,5,7,6,0,18,0,0,0,18
04/07/2023,CLL,TX,ASW,CE,Federal Contract Tower,4,6,6,0,16,0,0,0,0,0,4,6,6,0,16,0,0,0,16
04/08/2023,CLL,TX,ASW,CE,Federal Contract Tower,7,8,33,15,63,0,1,9,0,10,7,9,42,15,73,24,0,24,97
04/09/2023,CLL,TX,ASW,CE,Federal Contract Tower,4,3,14,14,35,0,4,57,3,64,4,7,71,17,99,20,42,62,161
04/10/2023,CLL,TX,ASW,CE,Federal Contract Tower,4,16,27,8,55,0,10,52,2,64,4,26,79,10,119,12,6,18,137
04/11/2023,CLL,TX,ASW,CE,Federal Contract Tower,4,8,35,24,71,0,12,87,10,109,4,20,122,34,180,74,14,88,268
04/12/2023,CLL,TX,ASW,CE,Federal Contract Tower,4,18,38,18,78,0,5,94,13,112,4,23,132,31,190,86,20,106,296
04/13/2023,CLL,TX,ASW,CE,Federal Contract Tower,4,11,50,15,80,0,6,110,16,132,4,17,160,31,212,92,20,112,324
04/14/2023,CLL,TX,ASW,CE,Federal Contract Tower,4,16,54,29,103,0,4,52,2,58,4,20,106,31,161,44,0,44,205
04/15/2023,CLL,TX,ASW,CE,Federal Contract Tower,2,8,41,17,68,0,14,68,8,90,2,22,109,25,158,48,38,86,244
04/16/2023,CLL,TX,ASW,CE,Federal Contract Tower,6,8,35,19,68,0,9,94,4,107,6,17,129,23,175,46,4,50,225
04/17/2023,CLL,TX,ASW,CE,Federal Contract Tower,3,14,24,28,69,0,14,77,13,104,3,28,101,41,173,28,8,36,209
04/18/2023,CLL,TX,ASW,CE,Federal Contract Tower,4,7,33,20,64,0,2,36,9,47,4,9,69,29,111,20,18,38,149
04/19/2023,CLL,TX,ASW,CE,Federal Contract Tower,5,10,42,20,77,0,3,50,3,56,5,13,92,23,133,94,0,94,227
04/20/2023,CLL,TX,ASW,CE,Federal Contract Tower,5,5,38,6,54,0,1,2,2,5,5,6,40,8,59,0,0,0,59
04/21/2023,CLL,TX,ASW,CE,Federal Contract Tower,4,8,62,10,84,0,11,44,0,55,4,19,106,10,139,42,0,42,181
04/22/2023,CLL,TX,ASW,CE,Federal Contract Tower,4,5,9,9,27,0,22,123,3,148,4,27,132,12,175,52,0,52,227
04/23/2023,CLL,TX,ASW,CE,Federal Contract Tower,7,7,15,38,67,0,8,20,5,33,7,15,35,43,100,2,4,6,106
04/24/2023,CLL,TX,ASW,CE,Federal Contract Tower,4,17,45,67,133,0,2,74,19,95,4,19,119,86,228,80,22,102,330
04/25/2023,CLL,TX,ASW,CE,Federal Contract Tower,4,4,38,23,69,0,4,42,10,56,4,8,80,33,125,74,32,106,231
04/26/2023,CLL,TX,ASW,CE,Federal Contract Tower,3,9,24,12,48,0,0,18,6,24,3,9,42,18,72,54,2,56,128
04/27/2023,CLL,TX,ASW,CE,Federal Contract Tower,7,21,66,14,108,0,13,61,4,78,7,34,127,18,186,30,0,30,216
04/28/2023,CLL,TX,ASW,CE,Federal Contract Tower,4,27,78,25,134,0,7,43,3,53,4,34,121,28,187,32,24,56,243
04/29/2023,CLL,TX,ASW,CE,Federal Contract Tower,6,17,29,6,58,0,18,64,0,82,6,35,93,6,140,10,0,10,150
04/30/2023,CLL,TX,ASW,CE,Federal Contract Tower,5,11,44,12,72,0,16,134,5,155,5,27,178,17,227,84,16,100,327
05/01/2023,CLL,TX,ASW,CE,Federal Contract Tower,4,12,23,19,58,0,0,84,5,89,4,12,107,24,147,66,14,80,227
05/02/2023,CLL,TX,ASW,CE,Federal Contract Tower,4,6,58,14,82,0,2,67,3,72,4,8,125,17,154,78,2,80,234
05/03/2023,CLL,TX,ASW,CE,Federal Contract Tower,4,13,53,11,81,0,12,72,7,91,4,25,125,18,172,158,0,158,330
05/04/2023,CLL,TX,ASW,CE,Federal Contract Tower,6,11,46,15,78,0,2,18,1,21,6,13,64,16,99,66,8,74,173
05/05/2023,CLL,TX,ASW,CE,Federal Contract Tower,4,5,47,6,62,0,12,35,2,49,4,17,82,8,111,12,0,12,123
05/06/2023,CLL,TX,ASW,CE,Federal Contract Tower,3,12,39,2,56,0,16,45,3,64,3,28,84,5,120,44,10,54,174
05/07/2023,CLL,TX,ASW,CE,Federal Contract Tower,6,7,36,0,49,0,6,14,0,20,6,13,50,0,69,6,0,6,75
05/09/2023,CLL,TX,ASW,CE,Federal Contract Tower,3,8,18,2,31,0,4,13,2,19,3,12,31,4,50,0,0,0,50
05/10/2023,CLL,TX,ASW,CE,Federal Contract Tower,4,10,26,5,45,0,0,10,1,11,4,10,36,6,56,18,0,18,74
05/11/2023,CLL,TX,ASW,CE,Federal Contract Tower,7,7,25,24,63,0,6,28,6,40,7,13,53,30,103,90,4,94,197
05/12/2023,CLL,TX,ASW,CE,Federal Contract Tower,5,13,45,11,74,0,15,60,6,81,5,28,105,17,155,38,12,50,205
05/13/2023,CLL,TX,ASW,CE,Federal Contract Tower,5,2,7,0,14,0,0,14,0,14,5,2,21,0,28,16,0,16,44
05/14/2023,CLL,TX,ASW,CE,Federal Contract Tower,4,4,15,6,29,0,0,20,0,20,4,4,35,6,49,18,0,18,67
05/15/2023,CLL,TX,ASW,CE,Federal Contract Tower,5,10,22,13,50,0,2,27,2,31,5,12,49,15,81,52,2,54,135
05/16/2023,CLL,TX,ASW,CE,Federal Contract Tower,4,11,40,19,74,0,6,73,4,83,4,17,113,23,157,98,0,98,255
05/17/2023,CLL,TX,ASW,CE,Federal Contract Tower,6,10,45,43,104,0,11,93,9,113,6,21,138,52,217,80,0,80,297
05/18/2023,CLL,TX,ASW,CE,Federal Contract Tower,4,3,41,33,81,0,10,118,7,135,4,13,159,40,216,44,20,64,280
05/19/2023,CLL,TX,ASW,CE,Federal Contract Tower,2,18,35,14,69,0,32,95,7,134,2,50,130,21,203,18,0,18,221
05/20/2023,CLL,TX,ASW,CE,Federal Contract Tower,4,4,29,30,67,0,14,85,12,111,4,18,114,42,178,12,4,16,194
05/21/2023,CLL,TX,ASW,CE,Federal Contract Tower,4,12,32,42,90,0,11,37,7,55,4,23,69,49,145,18,0,18,163
05/22/2023,CLL,TX,ASW,CE,Federal Contract Tower,4,8,31,34,77,0,10,89,6,105,4,18,120,40,182,48,0,48,230
05/23/2023,CLL,TX,ASW,CE,Federal Contract Tower,7,14,28,30,79,0,11,91,10,112,7,25,119,40,191,44,2,46,237
05/24/2023,CLL,TX,ASW,CE,Federal Contract Tower,4,10,44,12,70,0,11,83,5,99,4,21,127,17,169,76,10,86,255
05/25/2023,CLL,TX,ASW,CE,Federal Contract Tower,4,22,33,15,74,0,9,114,11,134,4,31,147,26,208,10,24,34,242
05/26/2023,CLL,TX,ASW,CE,Federal Contract Tower,5,13,27,11,56,0,12,100,0,112,5,25,127,11,168,76,2,78,246
05/27/2023,CLL,TX,ASW,CE,Federal Contract Tower,3,6,18,0,27,0,8,101,0,109,3,14,119,0,136,24,0,24,160
05/28/2023,CLL,TX,ASW,CE,Federal Contract Tower,4,3,16,6,29,0,24,59,5,88,4,27,75,11,117,30,8,38,155
05/29/2023,CLL,TX,ASW,CE,Federal Contract Tower,6,6,20,2,34,0,2,44,0,46,6,8,64,2,80,50,0,50,130
05/30/2023,CLL,TX,ASW,CE,Federal Contract Tower,4,2,36,11,53,0,9,74,10,93,4,11,110,21,146,44,4,48,194
05/31/2023,CLL,TX,ASW,CE,Federal Contract Tower,6,5,37,21,69,0,14,84,6,104,6,19,121,27,173,44,6,50,223
06/01/2023,CLL,TX,ASW,CE,Federal Contract Tower,4,13,29,20,66,0,9,99,6,114,4,22,128,26,180,66,0,66,246
06/02/2023,CLL,TX,ASW,CE,Federal Contract Tower,4,5,31,8,48,0,8,102,3,113,4,13,133,11,161,50,0,50,211
06/03/2023,CLL,TX,ASW,CE,Federal Contract Tower,5,4,19,12,40,0,18,71,4,93,5,22,90,16,133,10,2,12,145
06/04/2023,CLL,TX,ASW,CE,Federal Contract Tower,4,10,15,21,50,0,1,41,8,50,4,11,56,29,100,2,18,20,120
06/05/2023,CLL,TX,ASW,CE,Federal Contract Tower,2,10,22,0,34,0,4,24,7,35,2,14,46,7,69,44,0,44,113
06/06/2023,CLL,TX,ASW,CE,Federal Contract Tower,3,8,33,14,58,0,4,54,1,59,3,12,87,15,117,72,0,72,189
06/07/2023,CLL,TX,ASW,CE,Federal Contract Tower,4,1,26,14,45,0,0,76,6,82,4,1,102,20,127,82,4,86,213
06/08/2023,CLL,TX,ASW,CE,Federal Contract Tower,2,8,17,7,34,0,11,58,4,73,2,19,75,11,107,6,6,12,119
06/09/2023,CLL,TX,ASW,CE,Federal Contract Tower,4,2,20,8,34,0,10,108,6,124,4,12,128,14,158,18,0,18,176
06/10/2023,CLL,TX,ASW,CE,Federal Contract Tower,4,3,16,5,28,0,8,54,1,63,4,11,70,6,91,28,0,28,119
06/11/2023,CLL,TX,ASW,CE,Federal Contract Tower,5,5,14,25,49,0,2,38,9,49,5,7,52,34,98,4,16,20,118
06/12/2023,CLL,TX,ASW,CE,Federal Contract Tower,4,5,14,9,32,0,3,39,8,50,4,8,53,17,82,40,10,50,132
06/13/2023,CLL,TX,ASW,CE,Federal Contract Tower,4,9,26,3,42,0,4,35,4,43,4,13,61,7,85,18,0,18,103
06/14/2023,CLL,TX,ASW,CE,Federal Contract Tower,4,6,48,13,71,0,5,36,4,45,4,11,84,17,116,20,0,20,136
06/15/2023,CLL,TX,ASW,CE,Federal Contract Tower,4,13,38,1,56,0,10,34,2,46,4,23,72,3,102,2,0,2,104
06/16/2023,CLL,TX,ASW,CE,Federal Contract Tower,5,9,20,13,47,0,15,46,5,66,5,24,66,18,113,70,8,78,191
06/17/2023,CLL,TX,ASW,CE,Federal Contract Tower,8,5,22,4,39,0,2,74,4,80,8,7,96,8,119,10,4,14,133
06/18/2023,CLL,TX,ASW,CE,Federal Contract Tower,4,5,10,14,33,0,4,41,3,48,4,9,51,17,81,14,4,18,99
06/19/2023,CLL,TX,ASW,CE,Federal Contract Tower,4,6,25,3,38,0,2,46,0,48,4,8,71,3,86,18,0,18,104
06/20/2023,CLL,TX,ASW,CE,Federal Contract Tower,4,8,26,11,49,0,13,47,9,69,4,21,73,20,118,44,10,54,172
06/21/2023,CLL,TX,ASW,CE,Federal Contract Tower,5,7,33,8,53,0,4,64,6,74,5,11,97,14,127,94,2,96,223
06/22/2023,CLL,TX,ASW,CE,Federal Contract Tower,4,8,16,15,43,0,4,63,17,84,4,12,79,32,127,32,10,42,169
06/23/2023,CLL,TX,ASW,CE,Federal Contract Tower,4,7,20,14,45,0,5,56,9,70,4,12,76,23,115,0,4,4,119
06/24/2023,CLL,TX,ASW,CE,Federal Contract Tower,4,8,20,9,41,0,4,41,8,53,4,12,61,17,94,86,44,130,224
06/25/2023,CLL,TX,ASW,CE,Federal Contract Tower,4,6,12,13,35,0,3,57,8,68,4,9,69,21,103,58,0,58,161
06/26/2023,CLL,TX,ASW,CE,Federal Contract Tower,6,11,16,2,35,0,12,66,6,84,6,23,82,8,119,72,0,72,191
06/27/2023,CLL,TX,ASW,CE,Federal Contract Tower,4,4,21,24,53,0,8,55,17,80,4,12,76,41,133,26,14,40,173
06/28/2023,CLL,TX,ASW,CE,Federal Contract Tower,8,7,19,3,37,0,3,73,5,81,8,10,92,8,118,36,8,44,162
06/29/2023,CLL,TX,ASW,CE,Federal Contract Tower,6,11,22,7,46,0,2,89,11,102,6,13,111,18,148,0,4,4,152
06/30/2023,CLL,TX,ASW,CE,Federal Contract Tower,4,8,28,10,50,0,6,68,1,75,4,14,96,11,125,30,0,30,155
07/01/2023,CLL,TX,ASW,CE,Federal Contract Tower,4,9,12,1,26,0,0,94,1,95,4,9,106,2,121,18,0,18,139
07/02/2023,CLL,TX,ASW,CE,Federal Contract Tower,12,4,5,11,32,0,6,38,2,46,12,10,43,13,78,20,0,20,98
07/03/2023,CLL,TX,ASW,CE,Federal Contract Tower,6,3,20,1,30,0,15,68,7,90,6,18,88,8,120,6,10,16,136
07/04/2023,CLL,TX,ASW,CE,Federal Contract Tower,4,0,19,0,23,0,0,10,0,10,4,0,29,0,33,8,0,8,41
07/05/2023,CLL,TX,ASW,CE,Federal Contract Tower,4,3,18,12,37,0,1,24,9,34,4,4,42,21,71,16,8,24,95
07/06/2023,CLL,TX,ASW,CE,Federal Contract Tower,4,4,12,6,26,0,1,4,2,7,4,5,16,8,33,4,0,4,37
07/07/2023,CLL,TX,ASW,CE,Federal Contract Tower,4,7,10,58,79,0,5,83,13,101,4,12,93,71,180,52,22,74,254
07/08/2023,CLL,TX,ASW,CE,Federal Contract Tower,4,10,26,15,55,0,18,74,12,104,4,28,100,27,159,30,22,52,211
07/09/2023,CLL,TX,ASW,CE,Federal Contract Tower,4,4,23,17,48,0,3,57,5,65,4,7,80,22,113,16,4,20,133
07/10/2023,CLL,TX,ASW,CE,Federal Contract Tower,3,9,4,14,30,0,19,61,3,83,3,28,65,17,113,72,8,80,193
07/11/2023,CLL,TX,ASW,CE,Federal Contract Tower,4,4,22,13,43,0,14,74,10,98,4,18,96,23,141,46,8,54,195
07/12/2023,CLL,TX,ASW,CE,Federal Contract Tower,4,4,28,9,45,0,4,61,8,73,4,8,89,17,118,38,14,52,170
07/13/2023,CLL,TX,ASW,CE,Federal Contract Tower,7,4,30,23,64,0,11,66,19,96,7,15,96,42,160,30,26,56,216
07/14/2023,CLL,TX,ASW,CE,Federal Contract Tower,4,4,26,42,76,0,17,57,16,90,4,21,83,58,166,34,16,50,216
07/15/2023,CLL,TX,ASW,CE,Federal Contract Tower,4,4,27,7,42,0,10,62,0,72,4,14,89,7,114,40,0,40,154
07/16/2023,CLL,TX,ASW,CE,Federal Contract Tower,4,30,22,28,84,0,0,70,12,82,4,30,92,40,166,34,4,38,204
07/17/2023,CLL,TX,ASW,CE,Federal Contract Tower,4,8,10,26,48,0,4,79,12,95,4,12,89,38,143,76,6,82,225
07/18/2023,CLL,TX,ASW,CE,Federal Contract Tower,4,7,18,9,38,0,3,66,6,75,4,10,84,15,113,64,4,68,181
07/19/2023,CLL,TX,ASW,CE,Federal Contract Tower,4,7,22,10,43,0,6,69,7,82,4,13,91,17,125,88,20,108,233
07/20/2023,CLL,TX,ASW,CE,Federal Contract Tower,4,8,27,11,50,0,3,67,17,87,4,11,94,28,137,22,20,42,179
07/21/2023,CLL,TX,ASW,CE,Federal Contract Tower,4,6,16,10,36,0,4,75,4,83,4,10,91,14,119,48,0,48,167
07/22/2023,CLL,TX,ASW,CE,Federal Contract Tower,2,7,16,0,25,0,12,62,0,74,2,19,78,0,99,34,0,34,133
07/23/2023,CLL,TX,ASW,CE,Federal Contract Tower,4,0,13,8,25,0,2,54,4,60,4,2,67,12,85,18,16,34,119
07/24/2023,CLL,TX,ASW,CE,Federal Contract Tower,4,7,21,15,47,0,11,50,6,67,4,18,71,21,114,40,10,50,164
07/25/2023,CLL,TX,ASW,CE,Federal Contract Tower,4,4,24,10,42,0,2,67,7,76,4,6,91,17,118,34,2,36,154
07/26/2023,CLL,TX,ASW,CE,Federal Contract Tower,5,6,32,26,69,0,11,73,11,95,5,17,105,37,164,30,26,56,220
07/27/2023,CLL,TX,ASW,CE,Federal Contract Tower,5,8,24,4,41,0,8,67,12,87,5,16,91,16,128,44,6,50,178
07/28/2023,CLL,TX,ASW,CE,Federal Contract Tower,4,10,26,13,53,0,11,73,5,89,4,21,99,18,142,32,4,36,178
07/29/2023,CLL,TX,ASW,CE,Federal Contract Tower,4,2,17,0,23,0,9,62,0,71,4,11,79,0,94,14,0,14,108
07/30/2023,CLL,TX,ASW,CE,Federal Contract Tower,4,4,15,10,33,0,8,72,0,80,4,12,87,10,113,30,0,30,143
07/31/2023,CLL,TX,ASW,CE,Federal Contract Tower,4,14,11,18,47,0,8,89,3,100,4,22,100,21,147,70,0,70,217
08/01/2023,CLL,TX,ASW,CE,Federal Contract Tower,4,0,25,19,48,0,4,108,10,122,4,4,133,29,170,106,2,108,278
08/02/2023,CLL,TX,ASW,CE,Federal Contract Tower,4,2,24,15,45,0,6,89,13,108,4,8,113,28,153,68,12,80,233
08/03/2023,CLL,TX,ASW,CE,Federal Contract Tower,4,9,23,7,43,0,21,70,11,102,4,30,93,18,145,46,6,52,197
08/04/2023,CLL,TX,ASW,CE,Federal Contract Tower,4,7,27,34,72,0,17,65,0,82,4,24,92,34,154,36,0,36,190
08/05/2023,CLL,TX,ASW,CE,Federal Contract Tower,4,9,9,5,27,0,13,96,3,112,4,22,105,8,139,24,0,24,163
08/06/2023,CLL,TX,ASW,CE,Federal Contract Tower,5,4,18,18,45,0,11,73,13,97,5,15,91,31,142,40,30,70,212
08/07/2023,CLL,TX,ASW,CE,Federal Contract Tower,4,8,32,23,67,0,8,53,3,64,4,16,85,26,131,66,2,68,199
08/08/2023,CLL,TX,ASW,CE,Federal Contract Tower,4,5,22,15,46,0,2,59,10,71,4,7,81,25,117,88,0,88,205
08/09/2023,CLL,TX,ASW,CE,Federal Contract Tower,4,10,27,19,60,0,7,58,6,71,4,17,85,25,131,78,0,78,209
08/10/2023,CLL,TX,ASW,CE,Federal Contract Tower,6,12,22,28,68,0,12,54,19,85,6,24,76,47,153,58,12,70,223
08/11/2023,CLL,TX,ASW,CE,Federal Contract Tower,4,4,39,12,59,0,0,47,3,50,4,4,86,15,109,2,0,2,111
08/12/2023,CLL,TX,ASW,CE,Federal Contract Tower,4,2,11,13,30,0,4,59,3,66,4,6,70,16,96,38,0,38,134
08/13/2023,CLL,TX,ASW,CE,Federal Contract Tower,4,5,18,17,44,0,14,43,1,58,4,19,61,18,102,56,0,56,158
08/14/2023,CLL,TX,ASW,CE,Federal Contract Tower,4,5,21,31,61,0,2,58,11,71,4,7,79,42,132,114,8,122,254
08/15/2023,CLL,TX,ASW,CE,Federal Contract Tower,5,6,27,23,61,0,8,76,5,89,5,14,103,28,150,106,2,108,258
08/16/2023,CLL,TX,ASW,CE,Federal Contract Tower,5,13,25,12,55,0,14,79,9,102,5,27,104,21,157,100,0,100,257
08/17/2023,CLL,TX,ASW,CE,Federal Contract Tower,6,8,25,28,67,0,1,89,6,96,6,9,114,34,163,64,2,66,229
08/18/2023,CLL,TX,ASW,CE,Federal Contract Tower,5,8,19,17,49,0,6,94,2,102,5,14,113,19,151,70,0,70,221
08/19/2023,CLL,TX,ASW,CE,Federal Contract Tower,6,0,12,3,21,0,10,83,5,98,6,10,95,8,119,38,0,38,157
08/20/2023,CLL,TX,ASW,CE,Federal Contract Tower,7,9,5,17,38,0,11,71,2,84,7,20,76,19,122,34,0,34,156
08/21/2023,CLL,TX,ASW,CE,Federal Contract Tower,6,7,16,2,31,0,15,72,7,94,6,22,88,9,125,78,0,78,203
08/22/2023,CLL,TX,ASW,CE,Federal Contract Tower,6,6,15,8,35,0,4,44,2,50,6,10,59,10,85,46,0,46,131
08/23/2023,CLL,TX,ASW,CE,Federal Contract Tower,5,3,22,44,74,0,9,70,12,91,5,12,92,56,165,38,14,52,217
08/24/2023,CLL,TX,ASW,CE,Federal Contract Tower,6,9,26,22,63,0,14,79,15,108,6,23,105,37,171,90,0,90,261
08/25/2023,CLL,TX,ASW,CE,Federal Contract Tower,6,4,20,36,66,0,14,87,9,110,6,18,107,45,176,68,8,76,252
08/26/2023,CLL,TX,ASW,CE,Federal Contract Tower,6,6,17,0,29,0,16,79,0,95,6,22,96,0,124,74,12,86,210
08/28/2023,CLL,TX,ASW,CE,Federal Contract Tower,6,3,28,44,81,0,14,47,3,64,6,17,75,47,145,48,0,48,193
08/29/2023,CLL,TX,ASW,CE,Federal Contract Tower,7,1,25,39,72,0,10,53,8,71,7,11,78,47,143,80,6,86,229
08/30/2023,CLL,TX,ASW,CE,Federal Contract Tower,6,7,31,46,90,0,6,78,13,97,6,13,109,59,187,60,30,90,277
08/31/2023,CLL,TX,ASW,CE,Federal Contract Tower,6,3,28,31,68,0,7,74,16,97,6,10,102,47,165,96,18,114,279
